01/02/2020,ABE,PA,AEA,EN,Combined TRACON& Tower with Radar,30,17,42,0,89,0,2,81,0,83,30,19,123,0,172,177,0,177,349
01/03/2020,ABE,PA,AEA,EN,Combined TRACON& Tower with Radar,40,16,24,0,80,0,0,0,0,0,40,16,24,0,80,0,0,0,80
01/04/2020,ABE,PA,AEA,EN,Combined TRACON& Tower with Radar,35,15,17,0,67,0,0,3,0,3,35,15,20,0,70,0,0,0,70
01/05/2020,ABE,PA,AEA,EN,Combined TRACON& Tower with Radar,34,19,24,0,77,0,2,13,2,17,34,21,37,2,94,40,0,40,134
01/06/2020,ABE,PA,AEA,EN,Combined TRACON& Tower with Radar,39,17,32,0,88,0,1,57,0,58,39,18,89,0,146,110,0,110,256
01/07/2020,ABE,PA,AEA,EN,Combined TRACON& Tower with Radar,34,18,33,0,85,0,0,36,0,36,34,18,69,0,121,130,0,130,251
01/08/2020,ABE,PA,AEA,EN,Combined TRACON& Tower with Radar,34,24,18,0,76,0,5,4,0,9,34,29,22,0,85,24,0,24,109
01/09/2020,ABE,PA,AEA,EN,Combined TRACON& Tower with Radar,38,23,41,2,104,0,3,41,0,44,38,26,82,2,148,58,0,58,206
01/10/2020,ABE,PA,AEA,EN,Combined TRACON& Tower with Radar,34,22,21,0,77,0,2,16,0,18,34,24,37,0,95,25,0,25,120
01/11/2020,ABE,PA,AEA,EN,Combined TRACON& Tower with Radar,37,14,15,0,66,0,0,12,0,12,37,14,27,0,78,14,0,14,92
01/12/2020,ABE,PA,AEA,EN,Combined TRACON& Tower with Radar,32,18,13,0,63,0,3,19,0,22,32,21,32,0,85,24,0,24,109
01/13/2020,ABE,PA,AEA,EN,Combined TRACON& Tower with Radar,37,22,38,2,99,0,1,14,1,16,37,23,52,3,115,107,4,111,226
01/14/2020,ABE,PA,AEA,EN,Combined TRACON& Tower with Radar,32,19,17,11,79,0,0,2,0,2,32,19,19,11,81,0,0,0,81
01/15/2020,ABE,PA,AEA,EN,Combined TRACON& Tower with Radar,34,20,37,0,91,0,3,88,0,91,34,23,125,0,182,168,0,168,350
01/16/2020,ABE,PA,AEA,EN,Combined TRACON& Tower with Radar,37,20,18,2,77,0,2,6,0,8,37,22,24,2,85,76,0,76,161
01/17/2020,ABE,PA,AEA,EN,Combined TRACON& Tower with Radar,34,19,25,0,78,0,1,39,0,40,34,20,64,0,118,114,0,114,232
01/18/2020,ABE,PA,AEA,EN,Combined TRACON& Tower with Radar,29,16,10,0,55,0,0,3,0,3,29,16,13,0,58,10,0,10,68
01/19/2020,ABE,PA,AEA,EN,Combined TRACON& Tower with Radar,29,15,5,0,49,0,0,8,0,8,29,15,13,0,57,0,0,0,57
01/20/2020,ABE,PA,AEA,EN,Combined TRACON& Tower with Radar,36,16,26,0,78,0,1,49,0,50,36,17,75,0,128,42,0,42,170
01/21/2020,ABE,PA,AEA,EN,Combined TRACON& Tower with Radar,32,18,45,1,96,0,0,71,3,74,32,18,116,4,170,126,0,126,296
01/22/2020,ABE,PA,AEA,EN,Combined TRACON& Tower with Radar,33,22,51,5,111,0,1,89,1,91,33,23,140,6,202,234,6,240,442
01/23/2020,ABE,PA,AEA,EN,Combined TRACON& Tower with Radar,37,21,26,4,88,0,1,60,0,61,37,22,86,4,149,130,0,130,279
01/24/2020,ABE,PA,AEA,EN,Combined TRACON& Tower with Radar,36,24,34,0,94,0,1,63,0,64,36,25,97,0,158,138,0,138,296
01/25/2020,ABE,PA,AEA,EN,Combined TRACON& Tower with Radar,36,20,9,0,65,0,0,0,1,1,36,20,9,1,66,0,0,0,66
01/26/2020,ABE,PA,AEA,EN,Combined TRACON& Tower with Radar,34,26,46,0,106,0,1,93,0,94,34,27,139,0,200,288,0,288,488
01/27/2020,ABE,PA,AEA,EN,Combined TRACON& Tower with Radar,35,19,29,10,93,0,1,27,0,28,35,20,56,10,121,110,10,120,241
01/28/2020,ABE,PA,AEA,EN,Combined TRACON& Tower with Radar,33,19,46,1,99,0,0,52,1,53,33,19,98,2,152,46,0,46,198
01/29/2020,ABE,PA,AEA,EN,Combined TRACON& Tower with Radar,34,17,45,0,96,0,2,67,0,69,34,19,112,0,165,146,0,146,311
01/30/2020,ABE,PA,AEA,EN,Combined TRACON& Tower with Radar,40,18,47,8,113,0,1,61,1,63,40,19,108,9,176,200,10,210,386
01/31/2020,ABE,PA,AEA,EN,Combined TRACON& Tower with Radar,36,22,45,0,103,0,0,40,0,40,36,22,85,0,143,186,0,186,329
02/01/2020,ABE,PA,AEA,EN,Combined TRACON& Tower with Radar,36,18,16,0,70,0,0,0,0,0,36,18,16,0,70,0,0,0,70
02/02/2020,ABE,PA,AEA,EN,Combined TRACON& Tower with Radar,30,15,15,0,60,0,0,21,0,21,30,15,36,0,81,37,0,37,118
02/03/2020,ABE,PA,AEA,EN,Combined TRACON& Tower with Radar,36,19,43,0,98,0,2,78,0,80,36,21,121,0,178,78,0,78,256
02/04/2020,ABE,PA,AEA,EN,Combined TRACON& Tower with Radar,32,23,47,2,104,0,0,25,0,25,32,23,72,2,129,48,0,48,177
02/05/2020,ABE,PA,AEA,EN,Combined TRACON& Tower with Radar,34,20,38,2,94,0,0,42,0,42,34,20,80,2,136,80,0,80,216
02/06/2020,ABE,PA,AEA,EN,Combined TRACON& Tower with Radar,36,22,25,0,83,0,0,0,0,0,36,22,25,0,83,0,0,0,83
02/07/2020,ABE,PA,AEA,EN,Combined TRACON& Tower with Radar,36,21,16,0,73,0,0,0,0,0,36,21,16,0,73,0,0,0,73
02/08/2020,ABE,PA,AEA,EN,Combined TRACON& Tower with Radar,36,14,14,0,64,0,3,48,1,52,36,17,62,1,116,114,0,114,230
02/09/2020,ABE,PA,AEA,EN,Combined TRACON& Tower with Radar,31,18,40,0,89,0,0,81,0,81,31,18,121,0,170,250,0,250,420
02/10/2020,ABE,PA,AEA,EN,Combined TRACON& Tower with Radar,33,21,23,0,77,0,0,1,0,1,33,21,24,0,78,0,0,0,78
02/11/2020,ABE,PA,AEA,EN,Combined TRACON& Tower with Radar,35,21,11,2,69,0,1,3,1,5,35,22,14,3,74,0,0,0,74
02/12/2020,ABE,PA,AEA,EN,Combined TRACON& Tower with Radar,41,23,47,5,116,0,5,80,0,85,41,28,127,5,201,175,34,209,410
02/13/2020,ABE,PA,AEA,EN,Combined TRACON& Tower with Radar,41,20,21,0,82,0,0,0,0,0,41,20,21,0,82,145,0,145,227
02/14/2020,ABE,PA,AEA,EN,Combined TRACON& Tower with Radar,44,23,32,0,99,0,1,40,0,41,44,24,72,0,140,116,0,116,256
02/15/2020,ABE,PA,AEA,EN,Combined TRACON& Tower with Radar,39,18,34,1,92,0,0,74,0,74,39,18,108,1,166,56,0,56,222
02/16/2020,ABE,PA,AEA,EN,Combined TRACON& Tower with Radar,32,19,38,0,89,0,2,75,0,77,32,21,113,0,166,174,0,174,340
02/17/2020,ABE,PA,AEA,EN,Combined TRACON& Tower with Radar,43,15,64,1,123,0,4,91,0,95,43,19,155,1,218,132,0,132,350
02/18/2020,ABE,PA,AEA,EN,Combined TRACON& Tower with Radar,34,23,27,0,84,0,1,8,1,10,34,24,35,1,94,26,0,26,120
02/19/2020,ABE,PA,AEA,EN,Combined TRACON& Tower with Radar,40,23,24,0,87,0,6,41,1,48,40,29,65,1,135,50,0,50,185
02/20/2020,ABE,PA,AEA,EN,Combined TRACON& Tower with Radar,40,24,31,3,98,0,2,73,3,78,40,26,104,6,176,128,14,142,318
02/21/2020,ABE,PA,AEA,EN,Combined TRACON& Tower with Radar,47,28,46,0,121,0,1,98,0,99,47,29,144,0,220,128,24,152,372
02/22/2020,ABE,PA,AEA,EN,Combined TRACON& Tower with Radar,36,14,35,2,87,0,2,54,0,56,36,16,89,2,143,97,0,97,240
02/23/2020,ABE,PA,AEA,EN,Combined TRACON& Tower with Radar,35,27,46,0,108,0,0,113,0,113,35,27,159,0,221,0,0,0,221
02/24/2020,ABE,PA,AEA,EN,Combined TRACON& Tower with Radar,41,19,51,0,111,0,4,99,0,103,41,23,150,0,214,174,0,174,388
02/25/2020,ABE,PA,AEA,EN,Combined TRACON& Tower with Radar,35,20,34,0,89,0,0,2,0,2,35,20,36,0,91,28,0,28,119
02/26/2020,ABE,PA,AEA,EN,Combined TRACON& Tower with Radar,42,23,23,0,88,0,0,0,0,0,42,23,23,0,88,0,0,0,88
02/27/2020,ABE,PA,AEA,EN,Combined TRACON& Tower with Radar,43,24,7,0,74,0,1,2,0,3,43,25,9,0,77,0,0,0,77
02/28/2020,ABE,PA,AEA,EN,Combined TRACON& Tower with Radar,43,21,22,0,86,0,0,15,0,15,43,21,37,0,101,15,0,15,116
02/29/2020,ABE,PA,AEA,EN,Combined TRACON& Tower with Radar,39,30,26,0,95,0,0,26,0,26,39,30,52,0,121,76,0,76,197
03/01/2020,ABE,PA,AEA,EN,Combined TRACON& Tower with Radar,34,25,58,0,117,0,4,104,2,110,34,29,162,2,227,0,0,0,227
03/02/2020,ABE,PA,AEA,EN,Combined TRACON& Tower with Radar,42,18,41,0,101,0,0,73,0,73,42,18,114,0,174,134,0,134,308
03/03/2020,ABE,PA,AEA,EN,Combined TRACON& Tower with Radar,34,18,27,2,81,0,0,6,0,6,34,18,33,2,87,6,0,6,93
03/04/2020,ABE,PA,AEA,EN,Combined TRACON& Tower with Radar,42,22,28,0,92,0,1,33,0,34,42,23,61,0,126,0,0,0,126
03/05/2020,ABE,PA,AEA,EN,Combined TRACON& Tower with Radar,40,22,44,2,108,0,2,72,0,74,40,24,116,2,182,132,2,134,316
03/06/2020,ABE,PA,AEA,EN,Combined TRACON& Tower with Radar,43,19,23,0,85,0,0,8,0,8,43,19,31,0,93,24,0,24,117
03/07/2020,ABE,PA,AEA,EN,Combined TRACON& Tower with Radar,37,23,15,0,75,0,1,22,1,24,37,24,37,1,99,12,0,12,111
03/08/2020,ABE,PA,AEA,EN,Combined TRACON& Tower with Radar,34,18,56,0,108,0,1,86,0,87,34,19,142,0,195,254,0,254,449
03/09/2020,ABE,PA,AEA,EN,Combined TRACON& Tower with Radar,42,26,46,0,114,0,2,87,0,89,42,28,133,0,203,156,0,156,359
03/10/2020,ABE,PA,AEA,EN,Combined TRACON& Tower with Radar,38,17,34,6,95,2,2,33,0,37,40,19,67,6,132,125,18,143,275
03/11/2020,ABE,PA,AEA,EN,Combined TRACON& Tower with Radar,40,22,41,0,103,0,1,55,0,56,40,23,96,0,159,130,18,148,307
03/12/2020,ABE,PA,AEA,EN,Combined TRACON& Tower with Radar,39,17,55,2,113,0,0,40,0,40,39,17,95,2,153,70,2,72,225
03/13/2020,ABE,PA,AEA,EN,Combined TRACON& Tower with Radar,41,23,14,0,78,0,4,8,0,12,41,27,22,0,90,20,0,20,110
03/14/2020,ABE,PA,AEA,EN,Combined TRACON& Tower with Radar,35,17,43,0,95,0,5,63,0,68,35,22,106,0,163,108,0,108,271
03/15/2020,ABE,PA,AEA,EN,Combined TRACON& Tower with Radar,32,22,38,0,92,0,0,80,0,80,32,22,118,0,172,80,0,80,252
03/16/2020,ABE,PA,AEA,EN,Combined TRACON& Tower with Radar,39,16,30,1,86,0,3,71,0,74,39,19,101,1,160,118,0,118,278
03/17/2020,ABE,PA,AEA,EN,Combined TRACON& Tower with Radar,33,18,2,2,55,0,0,8,0,8,33,18,10,2,63,20,0,20,83
03/18/2020,ABE,PA,AEA,EN,Combined TRACON& Tower with Radar,35,17,39,0,91,0,3,67,0,70,35,20,106,0,161,90,0,90,251
03/19/2020,ABE,PA,AEA,EN,Combined TRACON& Tower with Radar,33,12,28,0,73,0,0,0,0,0,33,12,28,0,73,0,0,0,73
03/20/2020,ABE,PA,AEA,EN,Combined TRACON& Tower with Radar,26,15,14,0,55,0,1,4,0,5,26,16,18,0,60,0,0,0,60
03/21/2020,ABE,PA,AEA,EN,Combined TRACON& Tower with Radar,29,16,20,0,65,0,0,35,0,35,29,16,55,0,100,10,0,10,110
03/22/2020,ABE,PA,AEA,EN,Combined TRACON& Tower with Radar,27,11,21,0,59,0,0,21,0,21,27,11,42,0,80,34,0,34,114
03/23/2020,ABE,PA,AEA,EN,Combined TRACON& Tower with Radar,30,20,9,0,59,0,0,0,0,0,30,20,9,0,59,0,0,0,59
03/24/2020,ABE,PA,AEA,EN,Combined TRACON& Tower with Radar,21,11,19,0,51,0,1,12,0,13,21,12,31,0,64,20,0,20,84
03/25/2020,ABE,PA,AEA,EN,Combined TRACON& Tower with Radar,20,9,21,0,50,0,0,1,0,1,20,9,22,0,51,0,0,0,51
03/26/2020,ABE,PA,AEA,EN,Combined TRACON& Tower with Radar,20,13,29,0,62,0,1,20,0,21,20,14,49,0,83,0,0,0,83
03/27/2020,ABE,PA,AEA,EN,Combined TRACON& Tower with Radar,25,12,12,0,49,0,2,11,0,13,25,14,23,0,62,0,0,0,62
03/28/2020,ABE,PA,AEA,EN,Combined TRACON& Tower with Radar,20,11,10,0,41,0,0,0,0,0,20,11,10,0,41,0,0,0,41
03/29/2020,ABE,PA,AEA,EN,Combined TRACON& Tower with Radar,17,21,1,2,41,0,0,0,0,0,17,21,1,2,41,0,0,0,41
03/30/2020,ABE,PA,AEA,EN,Combined TRACON& Tower with Radar,17,13,15,0,45,0,0,1,0,1,17,13,16,0,46,0,0,0,46
03/31/2020,ABE,PA,AEA,EN,Combined TRACON& Tower with Radar,20,16,6,0,42,0,0,0,0,0,20,16,6,0,42,0,0,0,42
04/01/2020,ABE,PA,AEA,EN,Combined TRACON& Tower with Radar,17,11,9,0,37,0,0,11,0,11,17,11,20,0,48,16,0,16,64
04/02/2020,ABE,PA,AEA,EN,Combined TRACON& Tower with Radar,16,10,4,0,30,0,0,7,0,7,16,10,11,0,37,0,0,0,37
04/03/2020,ABE,PA,AEA,EN,Combined TRACON& Tower with Radar,20,15,3,0,38,0,0,3,0,3,20,15,6,0,41,0,0,0,41
04/04/2020,ABE,PA,AEA,EN,Combined TRACON& Tower with Radar,16,12,38,0,66,0,0,11,0,11,16,12,49,0,77,0,0,0,77
04/05/2020,ABE,PA,AEA,EN,Combined TRACON& Tower with Radar,10,11,30,0,51,0,0,44,0,44,10,11,74,0,95,53,0,53,148
04/06/2020,ABE,PA,AEA,EN,Combined TRACON& Tower with Radar,12,9,14,2,37,0,0,30,0,30,12,9,44,2,67,54,0,54,121
04/07/2020,ABE,PA,AEA,EN,Combined TRACON& Tower with Radar,14,12,17,1,44,0,0,25,1,26,14,12,42,2,70,46,0,46,116
04/08/2020,ABE,PA,AEA,EN,Combined TRACON& Tower with Radar,14,9,4,0,27,0,0,11,1,12,14,9,15,1,39,88,0,88,127
04/09/2020,ABE,PA,AEA,EN,Combined TRACON& Tower with Radar,17,9,4,0,30,0,1,2,0,3,17,10,6,0,33,20,0,20,53
04/10/2020,ABE,PA,AEA,EN,Combined TRACON& Tower with Radar,21,12,6,0,39,0,2,2,0,4,21,14,8,0,43,0,0,0,43
04/11/2020,ABE,PA,AEA,EN,Combined TRACON& Tower with Radar,15,6,16,0,37,0,0,26,0,26,15,6,42,0,63,78,0,78,141
04/12/2020,ABE,PA,AEA,EN,Combined TRACON& Tower with Radar,14,4,21,0,39,0,3,33,0,36,14,7,54,0,75,50,0,50,125
04/13/2020,ABE,PA,AEA,EN,Combined TRACON& Tower with Radar,16,7,4,0,27,0,0,0,0,0,16,7,4,0,27,0,0,0,27
04/14/2020,ABE,PA,AEA,EN,Combined TRACON& Tower with Radar,20,12,20,2,54,0,0,27,0,27,20,12,47,2,81,44,2,46,127
04/15/2020,ABE,PA,AEA,EN,Combined TRACON& Tower with Radar,17,10,20,0,47,0,0,23,0,23,17,10,43,0,70,50,0,50,120
04/16/2020,ABE,PA,AEA,EN,Combined TRACON& Tower with Radar,21,9,7,0,37,0,0,15,0,15,21,9,22,0,52,84,0,84,136
04/17/2020,ABE,PA,AEA,EN,Combined TRACON& Tower with Radar,16,10,13,0,39,0,0,21,0,21,16,10,34,0,60,28,0,28,88
04/18/2020,ABE,PA,AEA,EN,Combined TRACON& Tower with Radar,13,7,2,0,22,0,2,4,0,6,13,9,6,0,28,4,0,4,32
04/19/2020,ABE,PA,AEA,EN,Combined TRACON& Tower with Radar,13,7,19,0,39,0,0,43,0,43,13,7,62,0,82,52,0,52,134
04/20/2020,ABE,PA,AEA,EN,Combined TRACON& Tower with Radar,15,7,15,0,37,0,0,28,0,28,15,7,43,0,65,26,0,26,91
04/21/2020,ABE,PA,AEA,EN,Combined TRACON& Tower with Radar,20,9,6,0,35,0,0,2,0,2,20,9,8,0,37,24,0,24,61
04/22/2020,ABE,PA,AEA,EN,Combined TRACON& Tower with Radar,20,10,9,0,39,0,0,16,0,16,20,10,25,0,55,6,0,6,61
04/23/2020,ABE,PA,AEA,EN,Combined TRACON& Tower with Radar,23,11,18,0,52,0,3,25,0,28,23,14,43,0,80,26,0,26,106
04/24/2020,ABE,PA,AEA,EN,Combined TRACON& Tower with Radar,18,16,8,0,42,0,0,2,0,2,18,16,10,0,44,0,0,0,44
04/25/2020,ABE,PA,AEA,EN,Combined TRACON& Tower with Radar,14,10,45,0,69,0,0,29,0,29,14,10,74,0,98,34,0,34,132
04/26/2020,ABE,PA,AEA,EN,Combined TRACON& Tower with Radar,15,6,14,0,35,0,0,0,0,0,15,6,14,0,35,16,2,18,53
04/27/2020,ABE,PA,AEA,EN,Combined TRACON& Tower with Radar,17,8,3,2,30,0,0,3,0,3,17,8,6,2,33,26,0,26,59
04/28/2020,ABE,PA,AEA,EN,Combined TRACON& Tower with Radar,19,13,38,0,70,0,1,62,0,63,19,14,100,0,133,32,0,32,165
04/29/2020,ABE,PA,AEA,EN,Combined TRACON& Tower with Radar,21,12,7,4,44,0,0,3,0,3,21,12,10,4,47,4,4,8,55
04/30/2020,ABE,PA,AEA,EN,Combined TRACON& Tower with Radar,24,17,12,0,53,0,0,0,0,0,24,17,12,0,53,0,0,0,53
05/01/2020,ABE,PA,AEA,EN,Combined TRACON& Tower with Radar,16,10,25,0,51,0,0,4,0,4,16,10,29,0,55,0,0,0,55
05/02/2020,ABE,PA,AEA,EN,Combined TRACON& Tower with Radar,17,7,25,0,49,0,4,50,0,54,17,11,75,0,103,169,0,169,272
05/03/2020,ABE,PA,AEA,EN,Combined TRACON& Tower with Radar,17,6,22,0,45,0,0,47,0,47,17,6,69,0,92,112,0,112,204
05/04/2020,ABE,PA,AEA,EN,Combined TRACON& Tower with Radar,16,8,12,0,36,0,1,14,0,15,16,9,26,0,51,0,0,0,51
05/05/2020,ABE,PA,AEA,EN,Combined TRACON& Tower with Radar,20,3,17,3,43,0,1,38,3,42,20,4,55,6,85,34,0,34,119
05/06/2020,ABE,PA,AEA,EN,Combined TRACON& Tower with Radar,18,5,5,0,28,0,1,0,0,1,18,6,5,0,29,28,0,28,57
05/07/2020,ABE,PA,AEA,EN,Combined TRACON& Tower with Radar,21,9,13,0,43,0,5,20,0,25,21,14,33,0,68,12,0,12,80
05/08/2020,ABE,PA,AEA,EN,Combined TRACON& Tower with Radar,18,9,13,0,40,0,0,8,0,8,18,9,21,0,48,22,0,22,70
05/09/2020,ABE,PA,AEA,EN,Combined TRACON& Tower with Radar,16,5,3,0,24,0,0,1,2,3,16,5,4,2,27,10,0,10,37
05/10/2020,ABE,PA,AEA,EN,Combined TRACON& Tower with Radar,14,5,12,0,31,0,1,27,1,29,14,6,39,1,60,34,0,34,94
05/11/2020,ABE,PA,AEA,EN,Combined TRACON& Tower with Radar,19,6,10,8,43,0,0,9,0,9,19,6,19,8,52,16,22,38,90
05/12/2020,ABE,PA,AEA,EN,Combined TRACON& Tower with Radar,19,6,16,0,41,0,2,23,3,28,19,8,39,3,69,4,0,4,73
05/13/2020,ABE,PA,AEA,EN,Combined TRACON& Tower with Radar,19,7,37,2,65,0,0,50,0,50,19,7,87,2,115,95,0,95,210
05/14/2020,ABE,PA,AEA,EN,Combined TRACON& Tower with Radar,25,11,3,4,43,0,0,19,3,22,25,11,22,7,65,0,0,0,65
05/15/2020,ABE,PA,AEA,EN,Combined TRACON& Tower with Radar,22,13,22,0,57,0,1,25,0,26,22,14,47,0,83,12,0,12,95
05/16/2020,ABE,PA,AEA,EN,Combined TRACON& Tower with Radar,16,2,30,6,54,0,1,61,3,65,16,3,91,9,119,72,18,90,209
05/17/2020,ABE,PA,AEA,EN,Combined TRACON& Tower with Radar,18,3,19,0,40,0,0,25,0,25,18,3,44,0,65,66,0,66,131
05/18/2020,ABE,PA,AEA,EN,Combined TRACON& Tower with Radar,19,11,23,0,53,0,0,15,0,15,19,11,38,0,68,32,0,32,100
05/19/2020,ABE,PA,AEA,EN,Combined TRACON& Tower with Radar,17,6,9,2,34,0,4,10,0,14,17,10,19,2,48,56,0,56,104
05/20/2020,ABE,PA,AEA,EN,Combined TRACON& Tower with Radar,17,9,24,6,56,0,2,29,5,36,17,11,53,11,92,128,24,152,244
05/21/2020,ABE,PA,AEA,EN,Combined TRACON& Tower with Radar,23,14,58,0,95,0,1,71,0,72,23,15,129,0,167,280,0,280,447
05/22/2020,ABE,PA,AEA,EN,Combined TRACON& Tower with Radar,24,9,36,0,69,0,0,7,1,8,24,9,43,1,77,56,0,56,133
05/23/2020,ABE,PA,AEA,EN,Combined TRACON& Tower with Radar,16,3,19,0,38,0,2,2,0,4,16,5,21,0,42,0,0,0,42
05/24/2020,ABE,PA,AEA,EN,Combined TRACON& Tower with Radar,18,6,25,0,49,0,1,42,0,43,18,7,67,0,92,36,0,36,128
05/25/2020,ABE,PA,AEA,EN,Combined TRACON& Tower with Radar,21,11,39,0,71,0,3,20,1,24,21,14,59,1,95,16,0,16,111
05/26/2020,ABE,PA,AEA,EN,Combined TRACON& Tower with Radar,15,5,56,0,76,0,1,70,0,71,15,6,126,0,147,122,0,122,269
05/27/2020,ABE,PA,AEA,EN,Combined TRACON& Tower with Radar,17,11,36,0,64,0,1,37,0,38,17,12,73,0,102,83,0,83,185
05/28/2020,ABE,PA,AEA,EN,Combined TRACON& Tower with Radar,21,9,40,0,70,0,0,1,0,1,21,9,41,0,71,20,0,20,91
05/29/2020,ABE,PA,AEA,EN,Combined TRACON& Tower with Radar,20,12,17,0,49,0,1,6,0,7,20,13,23,0,56,46,0,46,102
05/30/2020,ABE,PA,AEA,EN,Combined TRACON& Tower with Radar,20,4,41,1,66,0,0,51,0,51,20,4,92,1,117,121,0,121,238
05/31/2020,ABE,PA,AEA,EN,Combined TRACON& Tower with Radar,14,6,28,0,48,0,4,37,0,41,14,10,65,0,89,46,0,46,135
06/01/2020,ABE,PA,AEA,EN,Combined TRACON& Tower with Radar,19,4,19,0,42,0,6,32,0,38,19,10,51,0,80,78,0,78,158
06/02/2020,ABE,PA,AEA,EN,Combined TRACON& Tower with Radar,15,8,36,10,69,0,0,49,0,49,15,8,85,10,118,154,26,180,298
06/03/2020,ABE,PA,AEA,EN,Combined TRACON& Tower with Radar,18,15,20,0,53,0,3,12,0,15,18,18,32,0,68,26,0,26,94
06/04/2020,ABE,PA,AEA,EN,Combined TRACON& Tower with Radar,21,9,52,0,82,0,0,80,0,80,21,9,132,0,162,239,0,239,401
06/05/2020,ABE,PA,AEA,EN,Combined TRACON& Tower with Radar,24,6,22,0,52,0,0,11,0,11,24,6,33,0,63,92,0,92,155
06/06/2020,ABE,PA,AEA,EN,Combined TRACON& Tower with Radar,17,7,67,0,91,0,0,34,0,34,17,7,101,0,125,58,0,58,183
06/07/2020,ABE,PA,AEA,EN,Combined TRACON& Tower with Radar,19,12,36,0,67,0,2,50,0,52,19,14,86,0,119,60,0,60,179
06/08/2020,ABE,PA,AEA,EN,Combined TRACON& Tower with Radar,23,7,52,0,82,0,1,95,0,96,23,8,147,0,178,180,0,180,358
06/09/2020,ABE,PA,AEA,EN,Combined TRACON& Tower with Radar,16,10,45,3,74,0,1,76,1,78,16,11,121,4,152,140,14,154,306
06/10/2020,ABE,PA,AEA,EN,Combined TRACON& Tower with Radar,18,11,35,8,72,0,2,46,1,49,18,13,81,9,121,104,0,104,225
06/11/2020,ABE,PA,AEA,EN,Combined TRACON& Tower with Radar,24,14,49,0,87,0,0,28,0,28,24,14,77,0,115,44,0,44,159
06/12/2020,ABE,PA,AEA,EN,Combined TRACON& Tower with Radar,23,14,37,0,74,0,0,74,0,74,23,14,111,0,148,0,0,0,148
06/13/2020,ABE,PA,AEA,EN,Combined TRACON& Tower with Radar,17,10,23,0,50,0,1,53,0,54,17,11,76,0,104,0,0,0,104
06/14/2020,ABE,PA,AEA,EN,Combined TRACON& Tower with Radar,18,8,20,0,46,0,0,35,0,35,18,8,55,0,81,0,0,0,81
06/15/2020,ABE,PA,AEA,EN,Combined TRACON& Tower with Radar,22,11,28,0,61,0,1,50,0,51,22,12,78,0,112,0,0,0,112
06/16/2020,ABE,PA,AEA,EN,Combined TRACON& Tower with Radar,16,6,46,0,68,0,1,67,0,68,16,7,113,0,136,152,0,152,288
06/17/2020,ABE,PA,AEA,EN,Combined TRACON& Tower with Radar,20,10,56,4,90,0,6,68,2,76,20,16,124,6,166,154,12,166,332
06/18/2020,ABE,PA,AEA,EN,Combined TRACON& Tower with Radar,22,13,33,2,70,0,1,6,0,7,22,14,39,2,77,38,0,38,115
06/19/2020,ABE,PA,AEA,EN,Combined TRACON& Tower with Radar,24,11,39,0,74,0,0,16,0,16,24,11,55,0,90,102,0,102,192
06/20/2020,ABE,PA,AEA,EN,Combined TRACON& Tower with Radar,17,6,45,0,68,0,1,31,0,32,17,7,76,0,100,102,0,102,202
06/21/2020,ABE,PA,AEA,EN,Combined TRACON& Tower with Radar,19,6,20,0,45,0,2,26,0,28,19,8,46,0,73,52,0,52,125
06/22/2020,ABE,PA,AEA,EN,Combined TRACON& Tower with Radar,22,11,37,0,70,0,1,58,0,59,22,12,95,0,129,84,0,84,213
06/23/2020,ABE,PA,AEA,EN,Combined TRACON& Tower with Radar,14,10,61,1,86,0,3,70,0,73,14,13,131,1,159,187,0,187,346
06/24/2020,ABE,PA,AEA,EN,Combined TRACON& Tower with Radar,21,20,60,0,101,0,1,85,0,86,21,21,145,0,187,78,0,78,265
06/25/2020,ABE,PA,AEA,EN,Combined TRACON& Tower with Radar,25,18,74,1,118,0,0,63,1,64,25,18,137,2,182,237,0,237,419
06/26/2020,ABE,PA,AEA,EN,Combined TRACON& Tower with Radar,23,7,48,0,78,0,1,50,2,53,23,8,98,2,131,0,0,0,131
06/27/2020,ABE,PA,AEA,EN,Combined TRACON& Tower with Radar,17,12,27,0,56,0,3,14,0,17,17,15,41,0,73,0,0,0,73
06/28/2020,ABE,PA,AEA,EN,Combined TRACON& Tower with Radar,18,11,49,0,78,0,5,47,0,52,18,16,96,0,130,0,0,0,130
06/29/2020,ABE,PA,AEA,EN,Combined TRACON& Tower with Radar,24,15,54,0,93,0,5,68,1,74,24,20,122,1,167,0,0,0,167
06/30/2020,ABE,PA,AEA,EN,Combined TRACON& Tower with Radar,16,10,28,0,54,0,3,51,0,54,16,13,79,0,108,0,0,0,108
07/01/2020,ABE,PA,AEA,EN,Combined TRACON& Tower with Radar,22,16,28,0,66,0,0,14,0,14,22,16,42,0,80,144,0,144,224
07/02/2020,ABE,PA,AEA,EN,Combined TRACON& Tower with Radar,30,7,36,2,75,0,4,71,2,77,30,11,107,4,152,182,0,182,334
07/03/2020,ABE,PA,AEA,EN,Combined TRACON& Tower with Radar,20,12,25,0,57,0,4,68,0,72,20,16,93,0,129,118,0,118,247
07/04/2020,ABE,PA,AEA,EN,Combined TRACON& Tower with Radar,15,5,38,0,58,0,0,21,0,21,15,5,59,0,79,108,0,108,187
07/05/2020,ABE,PA,AEA,EN,Combined TRACON& Tower with Radar,18,9,37,0,64,0,0,80,0,80,18,9,117,0,144,140,0,140,284
07/06/2020,ABE,PA,AEA,EN,Combined TRACON& Tower with Radar,20,12,26,0,58,0,0,51,0,51,20,12,77,0,109,114,0,114,223
07/07/2020,ABE,PA,AEA,EN,Combined TRACON& Tower with Radar,14,13,44,5,76,0,3,32,0,35,14,16,76,5,111,108,0,108,219
07/08/2020,ABE,PA,AEA,EN,Combined TRACON& Tower with Radar,18,12,30,3,63,0,0,5,0,5,18,12,35,3,68,13,0,13,81
07/09/2020,ABE,PA,AEA,EN,Combined TRACON& Tower with Radar,25,10,67,0,102,0,2,58,0,60,25,12,125,0,162,167,0,167,329
07/10/2020,ABE,PA,AEA,EN,Combined TRACON& Tower with Radar,20,6,13,0,39,0,0,0,0,0,20,6,13,0,39,0,0,0,39
07/11/2020,ABE,PA,AEA,EN,Combined TRACON& Tower with Radar,19,11,44,0,74,0,0,36,0,36,19,11,80,0,110,90,0,90,200
07/12/2020,ABE,PA,AEA,EN,Combined TRACON& Tower with Radar,20,14,49,0,83,0,0,78,0,78,20,14,127,0,161,44,0,44,205
07/13/2020,ABE,PA,AEA,EN,Combined TRACON& Tower with Radar,20,14,51,0,85,0,4,67,0,71,20,18,118,0,156,70,0,70,226
07/14/2020,ABE,PA,AEA,EN,Combined TRACON& Tower with Radar,14,14,42,11,81,0,0,88,6,94,14,14,130,17,175,188,24,212,387
07/15/2020,ABE,PA,AEA,EN,Combined TRACON& Tower with Radar,18,8,37,0,63,0,5,62,0,67,18,13,99,0,130,166,0,166,296
07/16/2020,ABE,PA,AEA,EN,Combined TRACON& Tower with Radar,24,16,51,3,94,0,4,46,2,52,24,20,97,5,146,102,6,108,254
07/17/2020,ABE,PA,AEA,EN,Combined TRACON& Tower with Radar,19,20,43,10,92,0,0,21,0,21,19,20,64,10,113,38,2,40,153
07/18/2020,ABE,PA,AEA,EN,Combined TRACON& Tower with Radar,21,6,47,0,74,0,2,89,0,91,21,8,136,0,165,90,0,90,255
07/19/2020,ABE,PA,AEA,EN,Combined TRACON& Tower with Radar,20,9,22,0,51,0,3,55,0,58,20,12,77,0,109,0,0,0,109
07/20/2020,ABE,PA,AEA,EN,Combined TRACON& Tower with Radar,22,9,25,0,56,0,2,54,0,56,22,11,79,0,112,0,0,0,112
07/21/2020,ABE,PA,AEA,EN,Combined TRACON& Tower with Radar,17,10,39,0,66,0,1,85,1,87,17,11,124,1,153,144,0,144,297
07/22/2020,ABE,PA,AEA,EN,Combined TRACON& Tower with Radar,18,7,24,0,49,0,0,36,0,36,18,7,60,0,85,6,0,6,91
07/23/2020,ABE,PA,AEA,EN,Combined TRACON& Tower with Radar,26,10,32,1,69,0,0,14,0,14,26,10,46,1,83,58,0,58,141
07/24/2020,ABE,PA,AEA,EN,Combined TRACON& Tower with Radar,18,8,41,0,67,0,0,34,0,34,18,8,75,0,101,94,0,94,195
07/25/2020,ABE,PA,AEA,EN,Combined TRACON& Tower with Radar,20,7,32,0,59,0,1,36,0,37,20,8,68,0,96,117,0,117,213
07/26/2020,ABE,PA,AEA,EN,Combined TRACON& Tower with Radar,20,7,25,0,52,0,0,53,0,53,20,7,78,0,105,0,0,0,105
07/27/2020,ABE,PA,AEA,EN,Combined TRACON& Tower with Radar,20,12,37,0,69,0,3,78,0,81,20,15,115,0,150,0,0,0,150
07/28/2020,ABE,PA,AEA,EN,Combined TRACON& Tower with Radar,16,18,43,6,83,0,2,56,0,58,16,20,99,6,141,0,0,0,141
07/29/2020,ABE,PA,AEA,EN,Combined TRACON& Tower with Radar,17,13,55,0,85,0,2,99,0,101,17,15,154,0,186,0,0,0,186
07/30/2020,ABE,PA,AEA,EN,Combined TRACON& Tower with Radar,24,15,52,0,91,0,2,83,0,85,24,17,135,0,176,0,0,0,176
07/31/2020,ABE,PA,AEA,EN,Combined TRACON& Tower with Radar,20,13,28,0,61,0,0,14,0,14,20,13,42,0,75,28,0,28,103
08/01/2020,ABE,PA,AEA,EN,Combined TRACON& Tower with Radar,19,17,49,0,85,0,1,76,0,77,19,18,125,0,162,73,0,73,235
08/02/2020,ABE,PA,AEA,EN,Combined TRACON& Tower with Radar,18,15,6,0,39,0,2,5,0,7,18,17,11,0,46,4,0,4,50
08/03/2020,ABE,PA,AEA,EN,Combined TRACON& Tower with Radar,20,16,32,0,68,0,0,75,0,75,20,16,107,0,143,86,0,86,229
08/04/2020,ABE,PA,AEA,EN,Combined TRACON& Tower with Radar,16,10,3,0,29,0,0,5,0,5,16,10,8,0,34,0,0,0,34
08/05/2020,ABE,PA,AEA,EN,Combined TRACON& Tower with Radar,20,12,38,1,71,0,12,95,1,108,20,24,133,2,179,84,0,84,263
08/06/2020,ABE,PA,AEA,EN,Combined TRACON& Tower with Radar,26,18,40,0,84,0,4,35,0,39,26,22,75,0,123,52,0,52,175
08/07/2020,ABE,PA,AEA,EN,Combined TRACON& Tower with Radar,19,11,14,0,44,0,2,3,0,5,19,13,17,0,49,0,0,0,49
08/08/2020,ABE,PA,AEA,EN,Combined TRACON& Tower with Radar,21,15,45,0,81,0,0,35,0,35,21,15,80,0,116,0,0,0,116
08/09/2020,ABE,PA,AEA,EN,Combined TRACON& Tower with Radar,19,21,27,0,67,0,1,58,0,59,19,22,85,0,126,44,0,44,170
08/10/2020,ABE,PA,AEA,EN,Combined TRACON& Tower with Radar,21,18,56,0,95,0,4,92,0,96,21,22,148,0,191,216,0,216,407
08/11/2020,ABE,PA,AEA,EN,Combined TRACON& Tower with Radar,14,16,42,0,72,0,2,63,0,65,14,18,105,0,137,152,0,152,289
08/12/2020,ABE,PA,AEA,EN,Combined TRACON& Tower with Radar,18,12,41,0,71,0,1,42,1,44,18,13,83,1,115,102,0,102,217
08/13/2020,ABE,PA,AEA,EN,Combined TRACON& Tower with Radar,26,26,32,0,84,0,0,26,0,26,26,26,58,0,110,26,0,26,136
08/14/2020,ABE,PA,AEA,EN,Combined TRACON& Tower with Radar,21,14,48,0,83,0,1,56,0,57,21,15,104,0,140,0,0,0,140
08/15/2020,ABE,PA,AEA,EN,Combined TRACON& Tower with Radar,18,12,36,0,66,0,0,46,0,46,18,12,82,0,112,102,0,102,214
08/16/2020,ABE,PA,AEA,EN,Combined TRACON& Tower with Radar,21,12,45,0,78,0,0,6,4,10,21,12,51,4,88,0,0,0,88
08/17/2020,ABE,PA,AEA,EN,Combined TRACON& Tower with Radar,20,21,29,2,72,0,0,38,0,38,20,21,67,2,110,134,0,134,244
08/18/2020,ABE,PA,AEA,EN,Combined TRACON& Tower with Radar,14,16,68,0,98,0,2,93,1,96,14,18,161,1,194,208,2,210,404
08/19/2020,ABE,PA,AEA,EN,Combined TRACON& Tower with Radar,18,12,60,0,90,0,2,72,0,74,18,14,132,0,164,130,0,130,294
08/20/2020,ABE,PA,AEA,EN,Combined TRACON& Tower with Radar,20,17,54,0,91,0,1,97,0,98,20,18,151,0,189,148,0,148,337
08/21/2020,ABE,PA,AEA,EN,Combined TRACON& Tower with Radar,19,10,54,0,83,0,1,77,0,78,19,11,131,0,161,131,0,131,292
08/22/2020,ABE,PA,AEA,EN,Combined TRACON& Tower with Radar,17,14,8,1,40,0,0,46,0,46,17,14,54,1,86,10,0,10,96
08/23/2020,ABE,PA,AEA,EN,Combined TRACON& Tower with Radar,14,11,46,0,71,0,1,32,0,33,14,12,78,0,104,8,0,8,112
08/24/2020,ABE,PA,AEA,EN,Combined TRACON& Tower with Radar,19,15,43,0,77,0,4,36,0,40,19,19,79,0,117,30,0,30,147
08/25/2020,ABE,PA,AEA,EN,Combined TRACON& Tower with Radar,15,14,24,0,53,0,1,33,0,34,15,15,57,0,87,42,0,42,129
08/26/2020,ABE,PA,AEA,EN,Combined TRACON& Tower with Radar,16,20,38,0,74,0,0,81,0,81,16,20,119,0,155,122,0,122,277
08/27/2020,ABE,PA,AEA,EN,Combined TRACON& Tower with Radar,20,10,41,0,71,0,0,50,0,50,20,10,91,0,121,0,0,0,121
08/28/2020,ABE,PA,AEA,EN,Combined TRACON& Tower with Radar,20,22,34,0,76,0,3,38,0,41,20,25,72,0,117,26,0,26,143
08/29/2020,ABE,PA,AEA,EN,Combined TRACON& Tower with Radar,16,13,33,0,62,0,0,4,0,4,16,13,37,0,66,0,0,0,66
08/30/2020,ABE,PA,AEA,EN,Combined TRACON& Tower with Radar,15,9,53,0,77,0,1,70,0,71,15,10,123,0,148,0,0,0,148
08/31/2020,ABE,PA,AEA,EN,Combined TRACON& Tower with Radar,21,13,35,0,69,0,0,71,0,71,21,13,106,0,140,131,0,131,271
09/01/2020,ABE,PA,AEA,EN,Combined TRACON& Tower with Radar,13,15,38,0,66,0,0,29,0,29,13,15,67,0,95,116,0,116,211
09/02/2020,ABE,PA,AEA,EN,Combined TRACON& Tower with Radar,14,11,39,0,64,0,2,7,0,9,14,13,46,0,73,14,0,14,87
09/03/2020,ABE,PA,AEA,EN,Combined TRACON& Tower with Radar,18,17,41,2,78,0,1,62,0,63,18,18,103,2,141,70,16,86,227
09/04/2020,ABE,PA,AEA,EN,Combined TRACON& Tower with Radar,22,11,66,0,99,0,2,94,0,96,22,13,160,0,195,164,0,164,359
09/05/2020,ABE,PA,AEA,EN,Combined TRACON& Tower with Radar,18,17,37,0,72,0,2,118,0,120,18,19,155,0,192,76,0,76,268
09/06/2020,ABE,PA,AEA,EN,Combined TRACON& Tower with Radar,14,10,25,0,49,0,2,55,0,57,14,12,80,0,106,20,0,20,126
09/07/2020,ABE,PA,AEA,EN,Combined TRACON& Tower with Radar,19,15,41,0,75,0,0,70,0,70,19,15,111,0,145,24,0,24,169
09/08/2020,ABE,PA,AEA,EN,Combined TRACON& Tower with Radar,11,16,58,8,93,0,1,74,0,75,11,17,132,8,168,4,4,8,176
09/09/2020,ABE,PA,AEA,EN,Combined TRACON& Tower with Radar,19,13,56,3,91,0,0,47,1,48,19,13,103,4,139,23,0,23,162
09/10/2020,ABE,PA,AEA,EN,Combined TRACON& Tower with Radar,21,18,24,0,63,0,0,1,0,1,21,18,25,0,64,0,0,0,64
09/11/2020,ABE,PA,AEA,EN,Combined TRACON& Tower with Radar,21,14,58,5,98,0,2,84,2,88,21,16,142,7,186,199,48,247,433
09/12/2020,ABE,PA,AEA,EN,Combined TRACON& Tower with Radar,19,18,55,0,92,0,5,65,0,70,19,23,120,0,162,151,0,151,313
09/13/2020,ABE,PA,AEA,EN,Combined TRACON& Tower with Radar,16,11,44,0,71,0,2,21,1,24,16,13,65,1,95,0,0,0,95
09/14/2020,ABE,PA,AEA,EN,Combined TRACON& Tower with Radar,20,13,24,3,60,0,5,60,1,66,20,18,84,4,126,68,0,68,194
09/15/2020,ABE,PA,AEA,EN,Combined TRACON& Tower with Radar,16,15,53,0,84,0,1,91,0,92,16,16,144,0,176,114,0,114,290
09/16/2020,ABE,PA,AEA,EN,Combined TRACON& Tower with Radar,18,14,56,0,88,0,2,110,0,112,18,16,166,0,200,10,0,10,210
09/17/2020,ABE,PA,AEA,EN,Combined TRACON& Tower with Radar,22,16,47,1,86,0,1,88,1,90,22,17,135,2,176,114,0,114,290
09/18/2020,ABE,PA,AEA,EN,Combined TRACON& Tower with Radar,20,19,42,0,81,0,0,24,0,24,20,19,66,0,105,4,0,4,109
09/19/2020,ABE,PA,AEA,EN,Combined TRACON& Tower with Radar,17,20,39,0,76,0,0,78,0,78,17,20,117,0,154,66,0,66,220
09/20/2020,ABE,PA,AEA,EN,Combined TRACON& Tower with Radar,18,12,21,0,51,0,1,58,0,59,18,13,79,0,110,60,0,60,170
09/21/2020,ABE,PA,AEA,EN,Combined TRACON& Tower with Radar,20,10,40,0,70,0,0,74,0,74,20,10,114,0,144,138,0,138,282
09/22/2020,ABE,PA,AEA,EN,Combined TRACON& Tower with Radar,16,14,39,0,69,0,1,80,1,82,16,15,119,1,151,138,0,138,289
09/23/2020,ABE,PA,AEA,EN,Combined TRACON& Tower with Radar,18,13,54,0,85,0,7,64,0,71,18,20,118,0,156,216,0,216,372
09/24/2020,ABE,PA,AEA,EN,Combined TRACON& Tower with Radar,22,16,47,0,85,0,0,87,1,88,22,16,134,1,173,200,0,200,373
09/25/2020,ABE,PA,AEA,EN,Combined TRACON& Tower with Radar,23,25,50,0,98,0,1,54,0,55,23,26,104,0,153,48,0,48,201
09/26/2020,ABE,PA,AEA,EN,Combined TRACON& Tower with Radar,17,7,55,0,79,0,1,4,0,5,17,8,59,0,84,0,0,0,84
09/27/2020,ABE,PA,AEA,EN,Combined TRACON& Tower with Radar,18,16,44,0,78,0,0,7,0,7,18,16,51,0,85,10,0,10,95
09/28/2020,ABE,PA,AEA,EN,Combined TRACON& Tower with Radar,20,18,42,0,80,0,0,24,0,24,20,18,66,0,104,28,0,28,132
09/29/2020,ABE,PA,AEA,EN,Combined TRACON& Tower with Radar,17,12,49,0,78,0,0,4,0,4,17,12,53,0,82,0,0,0,82
09/30/2020,ABE,PA,AEA,EN,Combined TRACON& Tower with Radar,19,15,23,0,57,0,0,33,0,33,19,15,56,0,90,44,0,44,134
10/01/2020,ABE,PA,AEA,EN,Combined TRACON& Tower with Radar,25,15,43,4,87,0,3,90,0,93,25,18,133,4,180,125,0,125,305
10/02/2020,ABE,PA,AEA,EN,Combined TRACON& Tower with Radar,26,11,33,0,70,0,5,55,0,60,26,16,88,0,130,72,0,72,202
10/03/2020,ABE,PA,AEA,EN,Combined TRACON& Tower with Radar,23,17,30,0,70,0,1,96,0,97,23,18,126,0,167,178,0,178,345
10/04/2020,ABE,PA,AEA,EN,Combined TRACON& Tower with Radar,26,16,26,0,68,0,2,59,1,62,26,18,85,1,130,92,0,92,222
10/05/2020,ABE,PA,AEA,EN,Combined TRACON& Tower with Radar,24,11,38,0,73,0,3,43,0,46,24,14,81,0,119,43,0,43,162
10/06/2020,ABE,PA,AEA,EN,Combined TRACON& Tower with Radar,18,11,34,0,63,0,1,79,1,81,18,12,113,1,144,134,10,144,288
10/07/2020,ABE,PA,AEA,EN,Combined TRACON& Tower with Radar,24,11,32,9,76,0,2,42,3,47,24,13,74,12,123,14,0,14,137
10/08/2020,ABE,PA,AEA,EN,Combined TRACON& Tower with Radar,26,16,43,3,88,0,1,71,1,73,26,17,114,4,161,42,0,42,203
10/09/2020,ABE,PA,AEA,EN,Combined TRACON& Tower with Radar,25,12,65,0,102,0,0,111,0,111,25,12,176,0,213,86,0,86,299
10/10/2020,ABE,PA,AEA,EN,Combined TRACON& Tower with Radar,27,18,29,0,74,0,1,71,0,72,27,19,100,0,146,102,0,102,248
10/11/2020,ABE,PA,AEA,EN,Combined TRACON& Tower with Radar,23,12,22,0,57,0,1,16,0,17,23,13,38,0,74,40,0,40,114
10/12/2020,ABE,PA,AEA,EN,Combined TRACON& Tower with Radar,25,13,37,0,75,0,0,0,0,0,25,13,37,0,75,0,0,0,75
10/13/2020,ABE,PA,AEA,EN,Combined TRACON& Tower with Radar,17,15,52,5,89,0,0,6,0,6,17,15,58,5,95,19,0,19,114
10/14/2020,ABE,PA,AEA,EN,Combined TRACON& Tower with Radar,25,14,37,0,76,0,5,100,1,106,25,19,137,1,182,153,0,153,335
10/15/2020,ABE,PA,AEA,EN,Combined TRACON& Tower with Radar,26,16,30,3,75,0,2,75,1,78,26,18,105,4,153,109,6,115,268
10/16/2020,ABE,PA,AEA,EN,Combined TRACON& Tower with Radar,27,17,34,2,80,0,4,3,0,7,27,21,37,2,87,0,0,0,87
10/17/2020,ABE,PA,AEA,EN,Combined TRACON& Tower with Radar,29,14,54,4,101,0,0,109,0,109,29,14,163,4,210,178,0,178,388
10/18/2020,ABE,PA,AEA,EN,Combined TRACON& Tower with Radar,24,16,23,0,63,0,2,61,0,63,24,18,84,0,126,0,0,0,126
10/19/2020,ABE,PA,AEA,EN,Combined TRACON& Tower with Radar,24,13,42,0,79,0,0,32,0,32,24,13,74,0,111,42,0,42,153
10/20/2020,ABE,PA,AEA,EN,Combined TRACON& Tower with Radar,16,18,57,5,96,0,0,28,3,31,16,18,85,8,127,36,0,36,163
10/21/2020,ABE,PA,AEA,EN,Combined TRACON& Tower with Radar,24,14,31,0,69,0,0,4,0,4,24,14,35,0,73,20,0,20,93
10/22/2020,ABE,PA,AEA,EN,Combined TRACON& Tower with Radar,27,18,59,9,113,0,0,0,0,0,27,18,59,9,113,0,0,0,113
10/23/2020,ABE,PA,AEA,EN,Combined TRACON& Tower with Radar,26,17,49,0,92,0,1,9,0,10,26,18,58,0,102,26,0,26,128
10/24/2020,ABE,PA,AEA,EN,Combined TRACON& Tower with Radar,25,18,61,0,104,0,0,12,0,12,25,18,73,0,116,18,0,18,134
10/25/2020,ABE,PA,AEA,EN,Combined TRACON& Tower with Radar,20,16,34,6,76,0,1,51,2,54,20,17,85,8,130,0,0,0,130
10/26/2020,ABE,PA,AEA,EN,Combined TRACON& Tower with Radar,21,15,21,5,62,0,0,1,0,1,21,15,22,5,63,0,0,0,63
10/27/2020,ABE,PA,AEA,EN,Combined TRACON& Tower with Radar,19,14,49,3,85,0,1,78,1,80,19,15,127,4,165,70,0,70,235
10/28/2020,ABE,PA,AEA,EN,Combined TRACON& Tower with Radar,20,15,55,0,90,0,0,8,0,8,20,15,63,0,98,0,0,0,98
10/29/2020,ABE,PA,AEA,EN,Combined TRACON& Tower with Radar,26,9,28,0,63,0,0,0,0,0,26,9,28,0,63,0,0,0,63
10/30/2020,ABE,PA,AEA,EN,Combined TRACON& Tower with Radar,23,15,22,0,60,0,4,8,0,12,23,19,30,0,72,0,0,0,72
10/31/2020,ABE,PA,AEA,EN,Combined TRACON& Tower with Radar,19,11,25,0,55,0,2,22,0,24,19,13,47,0,79,10,0,10,89
11/01/2020,ABE,PA,AEA,EN,Combined TRACON& Tower with Radar,20,17,18,0,55,0,2,9,0,11,20,19,27,0,66,8,0,8,74
11/02/2020,ABE,PA,AEA,EN,Combined TRACON& Tower with Radar,22,16,14,0,52,0,1,8,1,10,22,17,22,1,62,10,0,10,72
11/03/2020,ABE,PA,AEA,EN,Combined TRACON& Tower with Radar,16,7,34,0,57,0,0,56,2,58,16,7,90,2,115,71,0,71,186
11/04/2020,ABE,PA,AEA,EN,Combined TRACON& Tower with Radar,20,16,68,0,104,0,0,112,0,112,20,16,180,0,216,100,0,100,316
11/05/2020,ABE,PA,AEA,EN,Combined TRACON& Tower with Radar,43,17,28,0,88,0,2,107,0,109,43,19,135,0,197,106,0,106,303
11/06/2020,ABE,PA,AEA,EN,Combined TRACON& Tower with Radar,25,11,63,0,99,0,4,97,0,101,25,15,160,0,200,173,0,173,373
11/07/2020,ABE,PA,AEA,EN,Combined TRACON& Tower with Radar,20,14,45,0,79,0,0,95,0,95,20,14,140,0,174,124,0,124,298
11/08/2020,ABE,PA,AEA,EN,Combined TRACON& Tower with Radar,22,17,39,0,78,0,1,77,0,78,22,18,116,0,156,0,0,0,156
11/09/2020,ABE,PA,AEA,EN,Combined TRACON& Tower with Radar,23,12,55,2,92,0,2,112,0,114,23,14,167,2,206,178,0,178,384
11/10/2020,ABE,PA,AEA,EN,Combined TRACON& Tower with Radar,17,10,33,4,64,0,0,65,3,68,17,10,98,7,132,64,0,64,196
11/11/2020,ABE,PA,AEA,EN,Combined TRACON& Tower with Radar,23,15,24,2,64,0,0,0,0,0,23,15,24,2,64,0,0,0,64
11/12/2020,ABE,PA,AEA,EN,Combined TRACON& Tower with Radar,30,14,57,0,101,0,0,9,0,9,30,14,66,0,110,18,0,18,128
11/13/2020,ABE,PA,AEA,EN,Combined TRACON& Tower with Radar,25,15,41,0,81,0,1,18,0,19,25,16,59,0,100,70,0,70,170
11/14/2020,ABE,PA,AEA,EN,Combined TRACON& Tower with Radar,26,16,76,0,118,0,5,100,0,105,26,21,176,0,223,64,0,64,287
11/15/2020,ABE,PA,AEA,EN,Combined TRACON& Tower with Radar,25,13,19,7,64,0,0,18,1,19,25,13,37,8,83,0,0,0,83
11/16/2020,ABE,PA,AEA,EN,Combined TRACON& Tower with Radar,29,19,33,0,81,0,2,43,0,45,29,21,76,0,126,16,0,16,142
11/17/2020,ABE,PA,AEA,EN,Combined TRACON& Tower with Radar,23,13,23,0,59,0,1,20,0,21,23,14,43,0,80,74,0,74,154
11/18/2020,ABE,PA,AEA,EN,Combined TRACON& Tower with Radar,23,17,24,0,64,0,0,32,0,32,23,17,56,0,96,110,0,110,206
11/19/2020,ABE,PA,AEA,EN,Combined TRACON& Tower with Radar,31,12,49,0,92,0,7,79,2,88,31,19,128,2,180,184,0,184,364
11/20/2020,ABE,PA,AEA,EN,Combined TRACON& Tower with Radar,29,17,30,0,76,0,1,87,0,88,29,18,117,0,164,114,0,114,278
11/21/2020,ABE,PA,AEA,EN,Combined TRACON& Tower with Radar,30,13,49,0,92,0,3,114,0,117,30,16,163,0,209,96,0,96,305
11/22/2020,ABE,PA,AEA,EN,Combined TRACON& Tower with Radar,26,12,44,0,82,0,0,11,0,11,26,12,55,0,93,26,0,26,119
11/23/2020,ABE,PA,AEA,EN,Combined TRACON& Tower with Radar,27,14,17,3,61,0,2,15,1,18,27,16,32,4,79,6,0,6,85
11/24/2020,ABE,PA,AEA,EN,Combined TRACON& Tower with Radar,36,12,66,0,114,0,4,87,0,91,36,16,153,0,205,0,0,0,205
11/25/2020,ABE,PA,AEA,EN,Combined TRACON& Tower with Radar,34,16,23,5,78,0,4,61,8,73,34,20,84,13,151,154,18,172,323
11/26/2020,ABE,PA,AEA,EN,Combined TRACON& Tower with Radar,11,4,2,0,17,0,1,0,0,1,11,5,2,0,18,0,0,0,18
11/27/2020,ABE,PA,AEA,EN,Combined TRACON& Tower with Radar,20,10,55,0,85,0,2,55,0,57,20,12,110,0,142,74,0,74,216
11/28/2020,ABE,PA,AEA,EN,Combined TRACON& Tower with Radar,31,14,19,0,64,0,5,46,0,51,31,19,65,0,115,12,0,12,127
11/29/2020,ABE,PA,AEA,EN,Combined TRACON& Tower with Radar,30,19,39,0,88,0,4,95,0,99,30,23,134,0,187,36,0,36,223
11/30/2020,ABE,PA,AEA,EN,Combined TRACON& Tower with Radar,31,19,12,0,62,0,0,1,0,1,31,19,13,0,63,0,0,0,63
12/01/2020,ABE,PA,AEA,EN,Combined TRACON& Tower with Radar,27,10,27,0,64,0,3,6,0,9,27,13,33,0,73,0,0,0,73
12/02/2020,ABE,PA,AEA,EN,Combined TRACON& Tower with Radar,21,23,26,0,70,0,1,23,0,24,21,24,49,0,94,0,0,0,94
12/03/2020,ABE,PA,AEA,EN,Combined TRACON& Tower with Radar,26,26,49,11,112,0,3,94,2,99,26,29,143,13,211,106,16,122,333
12/04/2020,ABE,PA,AEA,EN,Combined TRACON& Tower with Radar,25,14,34,0,73,0,0,24,0,24,25,14,58,0,97,10,0,10,107
12/05/2020,ABE,PA,AEA,EN,Combined TRACON& Tower with Radar,20,9,7,0,36,0,1,0,0,1,20,10,7,0,37,0,0,0,37
12/06/2020,ABE,PA,AEA,EN,Combined TRACON& Tower with Radar,22,14,27,0,63,0,2,45,0,47,22,16,72,0,110,21,0,21,131
12/07/2020,ABE,PA,AEA,EN,Combined TRACON& Tower with Radar,28,12,42,8,90,0,1,61,2,64,28,13,103,10,154,0,0,0,154
12/08/2020,ABE,PA,AEA,EN,Combined TRACON& Tower with Radar,23,12,32,0,67,0,1,47,0,48,23,13,79,0,115,0,0,0,115
12/09/2020,ABE,PA,AEA,EN,Combined TRACON& Tower with Radar,22,13,18,0,53,0,0,16,1,17,22,13,34,1,70,10,0,10,80
12/10/2020,ABE,PA,AEA,EN,Combined TRACON& Tower with Radar,26,10,58,4,98,0,2,79,0,81,26,12,137,4,179,106,0,106,285
12/11/2020,ABE,PA,AEA,EN,Combined TRACON& Tower with Radar,25,17,48,0,90,0,2,94,0,96,25,19,142,0,186,181,0,181,367
12/12/2020,ABE,PA,AEA,EN,Combined TRACON& Tower with Radar,19,15,20,0,54,0,0,0,1,1,19,15,20,1,55,0,0,0,55
12/13/2020,ABE,PA,AEA,EN,Combined TRACON& Tower with Radar,23,16,41,0,80,0,0,46,2,48,23,16,87,2,128,12,0,12,140
12/14/2020,ABE,PA,AEA,EN,Combined TRACON& Tower with Radar,24,14,2,0,40,0,0,1,0,1,24,14,3,0,41,0,0,0,41
12/15/2020,ABE,PA,AEA,EN,Combined TRACON& Tower with Radar,25,16,66,0,107,0,3,82,0,85,25,19,148,0,192,0,0,0,192
12/16/2020,ABE,PA,AEA,EN,Combined TRACON& Tower with Radar,9,5,2,0,16,0,0,4,1,5,9,5,6,1,21,6,0,6,27
12/17/2020,ABE,PA,AEA,EN,Combined TRACON& Tower with Radar,16,10,8,1,35,0,1,4,1,6,16,11,12,2,41,0,0,0,41
12/18/2020,ABE,PA,AEA,EN,Combined TRACON& Tower with Radar,28,20,35,0,83,0,3,32,0,35,28,23,67,0,118,28,0,28,146
12/19/2020,ABE,PA,AEA,EN,Combined TRACON& Tower with Radar,33,19,51,2,105,0,1,76,0,77,33,20,127,2,182,100,0,100,282
12/20/2020,ABE,PA,AEA,EN,Combined TRACON& Tower with Radar,29,17,8,0,54,0,0,0,0,0,29,17,8,0,54,0,0,0,54
12/21/2020,ABE,PA,AEA,EN,Combined TRACON& Tower with Radar,31,20,15,0,66,0,1,1,0,2,31,21,16,0,68,0,0,0,68
12/22/2020,ABE,PA,AEA,EN,Combined TRACON& Tower with Radar,33,17,35,7,92,0,1,34,2,37,33,18,69,9,129,110,0,110,239
12/23/2020,ABE,PA,AEA,EN,Combined TRACON& Tower with Radar,32,20,53,16,121,0,1,109,2,112,32,21,162,18,233,296,0,296,529
12/24/2020,ABE,PA,AEA,EN,Combined TRACON& Tower with Radar,24,12,0,0,36,0,0,0,0,0,24,12,0,0,36,0,0,0,36
12/25/2020,ABE,PA,AEA,EN,Combined TRACON& Tower with Radar,10,7,0,0,17,0,2,0,0,2,10,9,0,0,19,0,0,0,19
12/26/2020,ABE,PA,AEA,EN,Combined TRACON& Tower with Radar,25,24,36,0,85,0,3,39,0,42,25,27,75,0,127,12,0,12,139
12/27/2020,ABE,PA,AEA,EN,Combined TRACON& Tower with Radar,33,19,39,0,91,0,3,80,0,83,33,22,119,0,174,34,0,34,208
12/28/2020,ABE,PA,AEA,EN,Combined TRACON& Tower with Radar,32,16,35,0,83,0,1,49,1,51,32,17,84,1,134,4,0,4,138
12/29/2020,ABE,PA,AEA,EN,Combined TRACON& Tower with Radar,30,15,31,0,76,0,6,40,0,46,30,21,71,0,122,24,0,24,146
12/30/2020,ABE,PA,AEA,EN,Combined TRACON& Tower with Radar,34,19,44,0,97,0,6,73,0,79,34,25,117,0,176,191,0,191,367
12/31/2020,ABE,PA,AEA,EN,Combined TRACON& Tower with Radar,25,6,7,0,38,0,0,2,0,2,25,6,9,0,40,6,0,6,46
01/02/2021,ABE,PA,AEA,EN,Combined TRACON& Tower with Radar,23,21,22,0,66,0,2,14,0,16,23,23,36,0,82,0,0,0,82
01/03/2021,ABE,PA,AEA,EN,Combined TRACON& Tower with Radar,29,22,17,0,68,0,0,0,0,0,29,22,17,0,68,0,0,0,68
01/04/2021,ABE,PA,AEA,EN,Combined TRACON& Tower with Radar,30,15,21,0,66,0,0,6,0,6,30,15,27,0,72,0,0,0,72
01/05/2021,ABE,PA,AEA,EN,Combined TRACON& Tower with Radar,22,17,21,2,62,0,2,5,0,7,22,19,26,2,69,0,0,0,69
01/06/2021,ABE,PA,AEA,EN,Combined TRACON& Tower with Radar,22,11,35,0,68,0,0,42,1,43,22,11,77,1,111,76,0,76,187
01/07/2021,ABE,PA,AEA,EN,Combined TRACON& Tower with Radar,24,17,33,19,93,0,4,75,3,82,24,21,108,22,175,94,42,136,311
01/08/2021,ABE,PA,AEA,EN,Combined TRACON& Tower with Radar,23,15,47,5,90,0,2,66,0,68,23,17,113,5,158,100,0,100,258
01/09/2021,ABE,PA,AEA,EN,Combined TRACON& Tower with Radar,23,11,18,0,52,0,4,50,0,54,23,15,68,0,106,55,0,55,161
01/10/2021,ABE,PA,AEA,EN,Combined TRACON& Tower with Radar,21,15,44,0,80,0,4,78,0,82,21,19,122,0,162,48,0,48,210
01/11/2021,ABE,PA,AEA,EN,Combined TRACON& Tower with Radar,22,19,29,2,72,0,3,64,0,67,22,22,93,2,139,103,0,103,242
01/12/2021,ABE,PA,AEA,EN,Combined TRACON& Tower with Radar,18,16,55,2,91,0,1,75,0,76,18,17,130,2,167,0,0,0,167
01/13/2021,ABE,PA,AEA,EN,Combined TRACON& Tower with Radar,18,16,49,1,84,0,2,51,0,53,18,18,100,1,137,0,0,0,137
01/14/2021,ABE,PA,AEA,EN,Combined TRACON& Tower with Radar,24,11,39,0,74,0,0,52,0,52,24,11,91,0,126,0,0,0,126
01/15/2021,ABE,PA,AEA,EN,Combined TRACON& Tower with Radar,24,21,33,6,84,0,0,1,0,1,24,21,34,6,85,0,0,0,85
01/16/2021,ABE,PA,AEA,EN,Combined TRACON& Tower with Radar,19,8,31,0,58,0,0,34,1,35,19,8,65,1,93,24,0,24,117
01/17/2021,ABE,PA,AEA,EN,Combined TRACON& Tower with Radar,20,12,21,0,53,0,4,23,0,27,20,16,44,0,80,16,0,16,96
01/18/2021,ABE,PA,AEA,EN,Combined TRACON& Tower with Radar,22,17,33,0,72,0,3,43,0,46,22,20,76,0,118,54,0,54,172
01/19/2021,ABE,PA,AEA,EN,Combined TRACON& Tower with Radar,18,12,30,0,60,0,0,47,0,47,18,12,77,0,107,44,0,44,151
01/20/2021,ABE,PA,AEA,EN,Combined TRACON& Tower with Radar,22,12,19,0,53,0,1,13,0,14,22,13,32,0,67,4,0,4,71
01/21/2021,ABE,PA,AEA,EN,Combined TRACON& Tower with Radar,25,15,38,4,82,0,5,70,3,78,25,20,108,7,160,104,0,104,264
01/22/2021,ABE,PA,AEA,EN,Combined TRACON& Tower with Radar,25,13,28,0,66,0,1,45,0,46,25,14,73,0,112,0,0,0,112
01/23/2021,ABE,PA,AEA,EN,Combined TRACON& Tower with Radar,15,10,19,0,44,0,3,4,2,9,15,13,23,2,53,0,0,0,53
01/24/2021,ABE,PA,AEA,EN,Combined TRACON& Tower with Radar,21,15,37,0,73,0,1,72,1,74,21,16,109,1,147,130,0,130,277
01/25/2021,ABE,PA,AEA,EN,Combined TRACON& Tower with Radar,22,14,46,0,82,0,0,84,1,85,22,14,130,1,167,100,0,100,267
01/26/2021,ABE,PA,AEA,EN,Combined TRACON& Tower with Radar,20,14,9,0,43,0,0,0,0,0,20,14,9,0,43,0,0,0,43
01/27/2021,ABE,PA,AEA,EN,Combined TRACON& Tower with Radar,18,12,25,0,55,0,0,23,0,23,18,12,48,0,78,64,0,64,142
01/28/2021,ABE,PA,AEA,EN,Combined TRACON& Tower with Radar,21,19,28,0,68,0,1,9,0,10,21,20,37,0,78,0,0,0,78
01/29/2021,ABE,PA,AEA,EN,Combined TRACON& Tower with Radar,22,20,8,0,50,0,1,4,0,5,22,21,12,0,55,0,0,0,55
01/30/2021,ABE,PA,AEA,EN,Combined TRACON& Tower with Radar,19,16,44,0,79,0,3,80,0,83,19,19,124,0,162,86,0,86,248
01/31/2021,ABE,PA,AEA,EN,Combined TRACON& Tower with Radar,20,13,16,0,49,0,0,12,0,12,20,13,28,0,61,0,0,0,61
02/01/2021,ABE,PA,AEA,EN,Combined TRACON& Tower with Radar,5,2,0,0,7,0,0,0,0,0,5,2,0,0,7,0,0,0,7
02/02/2021,ABE,PA,AEA,EN,Combined TRACON& Tower with Radar,10,5,4,0,19,0,0,2,0,2,10,5,6,0,21,0,0,0,21
02/03/2021,ABE,PA,AEA,EN,Combined TRACON& Tower with Radar,21,14,12,0,47,0,0,3,1,4,21,14,15,1,51,0,0,0,51
02/04/2021,ABE,PA,AEA,EN,Combined TRACON& Tower with Radar,27,11,31,0,69,0,1,71,1,73,27,12,102,1,142,0,0,0,142
02/05/2021,ABE,PA,AEA,EN,Combined TRACON& Tower with Radar,29,13,10,0,52,0,2,13,0,15,29,15,23,0,67,0,0,0,67
02/06/2021,ABE,PA,AEA,EN,Combined TRACON& Tower with Radar,17,17,55,15,104,0,2,51,0,53,17,19,106,15,157,34,0,34,191
02/07/2021,ABE,PA,AEA,EN,Combined TRACON& Tower with Radar,22,10,4,0,36,0,0,0,0,0,22,10,4,0,36,0,0,0,36
02/08/2021,ABE,PA,AEA,EN,Combined TRACON& Tower with Radar,22,13,44,0,79,0,3,67,0,70,22,16,111,0,149,0,0,0,149
02/09/2021,ABE,PA,AEA,EN,Combined TRACON& Tower with Radar,20,11,15,10,56,0,0,7,0,7,20,11,22,10,63,0,0,0,63
02/10/2021,ABE,PA,AEA,EN,Combined TRACON& Tower with Radar,24,18,66,0,108,0,0,106,2,108,24,18,172,2,216,190,0,190,406
02/11/2021,ABE,PA,AEA,EN,Combined TRACON& Tower with Radar,28,22,21,1,72,0,1,13,1,15,28,23,34,2,87,66,0,66,153
02/12/2021,ABE,PA,AEA,EN,Combined TRACON& Tower with Radar,28,21,33,0,82,0,1,39,0,40,28,22,72,0,122,92,0,92,214
02/13/2021,ABE,PA,AEA,EN,Combined TRACON& Tower with Radar,24,15,16,0,55,0,3,23,0,26,24,18,39,0,81,54,0,54,135
02/14/2021,ABE,PA,AEA,EN,Combined TRACON& Tower with Radar,27,16,7,0,50,0,0,8,0,8,27,16,15,0,58,10,0,10,68
02/15/2021,ABE,PA,AEA,EN,Combined TRACON& Tower with Radar,24,12,9,0,45,0,0,0,0,0,24,12,9,0,45,0,0,0,45
02/16/2021,ABE,PA,AEA,EN,Combined TRACON& Tower with Radar,22,16,16,2,56,0,1,18,2,21,22,17,34,4,77,0,0,0,77
02/17/2021,ABE,PA,AEA,EN,Combined TRACON& Tower with Radar,24,24,49,0,97,0,1,92,0,93,24,25,141,0,190,60,0,60,250
02/18/2021,ABE,PA,AEA,EN,Combined TRACON& Tower with Radar,13,12,3,0,28,0,0,0,0,0,13,12,3,0,28,0,0,0,28
02/19/2021,ABE,PA,AEA,EN,Combined TRACON& Tower with Radar,21,19,10,0,50,0,0,2,0,2,21,19,12,0,52,0,0,0,52
02/20/2021,ABE,PA,AEA,EN,Combined TRACON& Tower with Radar,26,19,16,0,61,0,1,36,0,37,26,20,52,0,98,72,0,72,170
02/21/2021,ABE,PA,AEA,EN,Combined TRACON& Tower with Radar,25,20,46,0,91,0,3,63,1,67,25,23,109,1,158,102,0,102,260
02/22/2021,ABE,PA,AEA,EN,Combined TRACON& Tower with Radar,24,13,9,0,46,0,0,0,0,0,24,13,9,0,46,0,0,0,46
02/23/2021,ABE,PA,AEA,EN,Combined TRACON& Tower with Radar,25,13,31,0,69,0,1,20,0,21,25,14,51,0,90,22,0,22,112
02/24/2021,ABE,PA,AEA,EN,Combined TRACON& Tower with Radar,25,18,51,0,94,0,4,78,1,83,25,22,129,1,177,64,0,64,241
02/25/2021,ABE,PA,AEA,EN,Combined TRACON& Tower with Radar,26,17,38,0,81,0,4,86,0,90,26,21,124,0,171,140,0,140,311
02/26/2021,ABE,PA,AEA,EN,Combined TRACON& Tower with Radar,26,20,58,0,104,0,1,118,0,119,26,21,176,0,223,104,0,104,327
02/27/2021,ABE,PA,AEA,EN,Combined TRACON& Tower with Radar,26,10,36,0,72,0,1,8,0,9,26,11,44,0,81,24,0,24,105
02/28/2021,ABE,PA,AEA,EN,Combined TRACON& Tower with Radar,27,24,11,0,62,0,0,0,0,0,27,24,11,0,62,0,0,0,62
03/01/2021,ABE,PA,AEA,EN,Combined TRACON& Tower with Radar,28,11,16,0,55,0,2,2,0,4,28,13,18,0,59,12,0,12,71
03/02/2021,ABE,PA,AEA,EN,Combined TRACON& Tower with Radar,22,16,30,0,68,0,1,30,0,31,22,17,60,0,99,84,0,84,183
03/03/2021,ABE,PA,AEA,EN,Combined TRACON& Tower with Radar,24,14,45,0,83,0,4,101,0,105,24,18,146,0,188,101,0,101,289
03/04/2021,ABE,PA,AEA,EN,Combined TRACON& Tower with Radar,31,17,29,1,78,0,4,23,1,28,31,21,52,2,106,10,0,10,116
03/05/2021,ABE,PA,AEA,EN,Combined TRACON& Tower with Radar,34,21,18,0,73,0,4,22,0,26,34,25,40,0,99,0,0,0,99
03/06/2021,ABE,PA,AEA,EN,Combined TRACON& Tower with Radar,29,19,25,0,73,0,1,46,0,47,29,20,71,0,120,64,0,64,184
03/07/2021,ABE,PA,AEA,EN,Combined TRACON& Tower with Radar,26,25,34,0,85,0,3,78,0,81,26,28,112,0,166,64,0,64,230
03/08/2021,ABE,PA,AEA,EN,Combined TRACON& Tower with Radar,31,30,55,0,116,0,3,75,0,78,31,33,130,0,194,0,0,0,194
03/09/2021,ABE,PA,AEA,EN,Combined TRACON& Tower with Radar,27,14,58,12,111,0,9,88,0,97,27,23,146,12,208,98,0,98,306
03/10/2021,ABE,PA,AEA,EN,Combined TRACON& Tower with Radar,30,22,50,0,102,0,3,84,0,87,30,25,134,0,189,94,0,94,283
03/11/2021,ABE,PA,AEA,EN,Combined TRACON& Tower with Radar,33,24,46,4,107,0,2,48,0,50,33,26,94,4,157,57,0,57,214
03/12/2021,ABE,PA,AEA,EN,Combined TRACON& Tower with Radar,33,21,27,0,81,0,3,51,0,54,33,24,78,0,135,120,0,120,255
03/13/2021,ABE,PA,AEA,EN,Combined TRACON& Tower with Radar,32,18,49,0,99,0,2,56,0,58,32,20,105,0,157,20,0,20,177
03/14/2021,ABE,PA,AEA,EN,Combined TRACON& Tower with Radar,25,20,18,0,63,0,5,21,0,26,25,25,39,0,89,8,0,8,97
03/15/2021,ABE,PA,AEA,EN,Combined TRACON& Tower with Radar,31,23,29,5,88,0,4,33,4,41,31,27,62,9,129,30,0,30,159
03/16/2021,ABE,PA,AEA,EN,Combined TRACON& Tower with Radar,29,17,46,0,92,0,3,31,1,35,29,20,77,1,127,149,0,149,276
03/17/2021,ABE,PA,AEA,EN,Combined TRACON& Tower with Radar,30,17,21,0,68,0,0,0,0,0,30,17,21,0,68,0,0,0,68
03/18/2021,ABE,PA,AEA,EN,Combined TRACON& Tower with Radar,33,21,3,0,57,0,0,0,0,0,33,21,3,0,57,0,0,0,57
03/19/2021,ABE,PA,AEA,EN,Combined TRACON& Tower with Radar,39,26,14,0,79,0,3,19,0,22,39,29,33,0,101,0,0,0,101
03/20/2021,ABE,PA,AEA,EN,Combined TRACON& Tower with Radar,34,13,80,0,127,0,7,148,0,155,34,20,228,0,282,30,0,30,312
03/21/2021,ABE,PA,AEA,EN,Combined TRACON& Tower with Radar,32,22,43,0,97,0,3,123,1,127,32,25,166,1,224,74,0,74,298
03/22/2021,ABE,PA,AEA,EN,Combined TRACON& Tower with Radar,34,24,40,0,98,0,3,131,0,134,34,27,171,0,232,140,0,140,372
03/23/2021,ABE,PA,AEA,EN,Combined TRACON& Tower with Radar,39,18,52,17,126,0,0,112,0,112,39,18,164,17,238,134,0,134,372
03/24/2021,ABE,PA,AEA,EN,Combined TRACON& Tower with Radar,31,20,39,0,90,0,0,0,0,0,31,20,39,0,90,0,0,0,90
03/25/2021,ABE,PA,AEA,EN,Combined TRACON& Tower with Radar,35,19,72,6,132,0,1,2,0,3,35,20,74,6,135,20,0,20,155
03/26/2021,ABE,PA,AEA,EN,Combined TRACON& Tower with Radar,39,20,16,0,75,0,0,3,0,3,39,20,19,0,78,2,0,2,80
03/27/2021,ABE,PA,AEA,EN,Combined TRACON& Tower with Radar,33,26,67,0,126,0,4,112,0,116,33,30,179,0,242,0,0,0,242
03/28/2021,ABE,PA,AEA,EN,Combined TRACON& Tower with Radar,32,23,28,0,83,0,0,0,0,0,32,23,28,0,83,0,0,0,83
03/29/2021,ABE,PA,AEA,EN,Combined TRACON& Tower with Radar,35,18,37,0,90,0,3,28,0,31,35,21,65,0,121,18,0,18,139
03/30/2021,ABE,PA,AEA,EN,Combined TRACON& Tower with Radar,30,27,56,0,113,0,1,122,0,123,30,28,178,0,236,111,0,111,347
03/31/2021,ABE,PA,AEA,EN,Combined TRACON& Tower with Radar,32,22,66,0,120,0,0,1,0,1,32,22,67,0,121,0,0,0,121
04/01/2021,ABE,PA,AEA,EN,Combined TRACON& Tower with Radar,35,26,23,1,85,0,0,7,1,8,35,26,30,2,93,10,0,10,103
04/02/2021,ABE,PA,AEA,EN,Combined TRACON& Tower with Radar,42,24,24,0,90,0,0,30,1,31,42,24,54,1,121,0,0,0,121
04/03/2021,ABE,PA,AEA,EN,Combined TRACON& Tower with Radar,33,20,42,0,95,0,5,92,1,98,33,25,134,1,193,126,0,126,319
04/04/2021,ABE,PA,AEA,EN,Combined TRACON& Tower with Radar,31,24,33,0,88,0,1,43,0,44,31,25,76,0,132,34,0,34,166
04/05/2021,ABE,PA,AEA,EN,Combined TRACON& Tower with Radar,36,29,48,0,113,0,1,64,0,65,36,30,112,0,178,76,0,76,254
04/06/2021,ABE,PA,AEA,EN,Combined TRACON& Tower with Radar,30,22,48,0,100,0,3,105,0,108,30,25,153,0,208,222,0,222,430
04/07/2021,ABE,PA,AEA,EN,Combined TRACON& Tower with Radar,30,10,71,6,117,0,2,90,2,94,30,12,161,8,211,162,0,162,373
04/08/2021,ABE,PA,AEA,EN,Combined TRACON& Tower with Radar,37,21,43,9,110,0,6,102,0,108,37,27,145,9,218,210,6,216,434
04/09/2021,ABE,PA,AEA,EN,Combined TRACON& Tower with Radar,35,25,50,0,110,0,0,30,1,31,35,25,80,1,141,86,0,86,227
04/10/2021,ABE,PA,AEA,EN,Combined TRACON& Tower with Radar,38,20,96,0,154,0,7,5,0,12,38,27,101,0,166,0,0,0,166
04/11/2021,ABE,PA,AEA,EN,Combined TRACON& Tower with Radar,34,31,56,0,121,0,0,0,0,0,34,31,56,0,121,0,0,0,121
04/12/2021,ABE,PA,AEA,EN,Combined TRACON& Tower with Radar,36,18,71,0,125,0,1,0,0,1,36,19,71,0,126,150,14,164,290
04/13/2021,ABE,PA,AEA,EN,Combined TRACON& Tower with Radar,33,20,44,6,103,0,2,120,1,123,33,22,164,7,226,102,0,102,328
04/14/2021,ABE,PA,AEA,EN,Combined TRACON& Tower with Radar,31,16,58,4,109,0,5,55,1,61,31,21,113,5,170,82,0,82,252
04/15/2021,ABE,PA,AEA,EN,Combined TRACON& Tower with Radar,34,26,34,0,94,0,0,5,0,5,34,26,39,0,99,102,0,102,201
04/16/2021,ABE,PA,AEA,EN,Combined TRACON& Tower with Radar,35,22,36,0,93,0,1,14,0,15,35,23,50,0,108,118,0,118,226
04/17/2021,ABE,PA,AEA,EN,Combined TRACON& Tower with Radar,30,19,39,0,88,0,1,49,1,51,30,20,88,1,139,115,0,115,254
04/18/2021,ABE,PA,AEA,EN,Combined TRACON& Tower with Radar,28,22,50,0,100,0,1,71,0,72,28,23,121,0,172,37,0,37,209
04/19/2021,ABE,PA,AEA,EN,Combined TRACON& Tower with Radar,37,18,36,0,91,0,1,82,0,83,37,19,118,0,174,70,0,70,244
04/20/2021,ABE,PA,AEA,EN,Combined TRACON& Tower with Radar,30,17,66,8,121,0,2,99,0,101,30,19,165,8,222,82,0,82,304
04/21/2021,ABE,PA,AEA,EN,Combined TRACON& Tower with Radar,32,25,38,2,97,0,3,18,0,21,32,28,56,2,118,0,0,0,118
04/22/2021,ABE,PA,AEA,EN,Combined TRACON& Tower with Radar,36,30,29,4,99,0,3,11,0,14,36,33,40,4,113,66,0,66,179
04/23/2021,ABE,PA,AEA,EN,Combined TRACON& Tower with Radar,37,19,32,4,92,0,1,58,1,60,37,20,90,5,152,172,0,172,324
04/24/2021,ABE,PA,AEA,EN,Combined TRACON& Tower with Radar,29,20,65,0,114,0,5,92,1,98,29,25,157,1,212,0,0,0,212
04/25/2021,ABE,PA,AEA,EN,Combined TRACON& Tower with Radar,31,28,43,0,102,0,2,19,0,21,31,30,62,0,123,0,0,0,123
04/26/2021,ABE,PA,AEA,EN,Combined TRACON& Tower with Radar,37,17,30,5,89,0,1,61,3,65,37,18,91,8,154,84,0,84,238
04/27/2021,ABE,PA,AEA,EN,Combined TRACON& Tower with Radar,32,15,77,0,124,0,2,112,1,115,32,17,189,1,239,64,0,64,303
04/28/2021,ABE,PA,AEA,EN,Combined TRACON& Tower with Radar,34,16,58,11,119,0,0,62,4,66,34,16,120,15,185,111,12,123,308
04/29/2021,ABE,PA,AEA,EN,Combined TRACON& Tower with Radar,39,22,48,9,118,0,0,12,1,13,39,22,60,10,131,26,0,26,157
04/30/2021,ABE,PA,AEA,EN,Combined TRACON& Tower with Radar,38,20,23,0,81,0,0,6,0,6,38,20,29,0,87,0,0,0,87
05/01/2021,ABE,PA,AEA,EN,Combined TRACON& Tower with Radar,32,10,27,0,69,0,0,40,0,40,32,10,67,0,109,26,0,26,135
05/02/2021,ABE,PA,AEA,EN,Combined TRACON& Tower with Radar,33,24,42,0,99,0,0,50,0,50,33,24,92,0,149,150,0,150,299
05/03/2021,ABE,PA,AEA,EN,Combined TRACON& Tower with Radar,34,20,30,0,84,0,3,34,0,37,34,23,64,0,121,86,0,86,207
05/04/2021,ABE,PA,AEA,EN,Combined TRACON& Tower with Radar,30,15,53,0,98,0,0,14,1,15,30,15,67,1,113,6,0,6,119
05/05/2021,ABE,PA,AEA,EN,Combined TRACON& Tower with Radar,32,22,25,4,83,0,0,6,0,6,32,22,31,4,89,0,0,0,89
05/06/2021,ABE,PA,AEA,EN,Combined TRACON& Tower with Radar,38,20,50,11,119,0,3,101,1,105,38,23,151,12,224,230,0,230,454
05/07/2021,ABE,PA,AEA,EN,Combined TRACON& Tower with Radar,40,26,47,0,113,0,1,85,0,86,40,27,132,0,199,77,0,77,276
05/08/2021,ABE,PA,AEA,EN,Combined TRACON& Tower with Radar,32,16,38,0,86,0,0,18,0,18,32,16,56,0,104,48,0,48,152
05/09/2021,ABE,PA,AEA,EN,Combined TRACON& Tower with Radar,33,21,40,0,94,0,1,37,0,38,33,22,77,0,132,0,0,0,132
05/10/2021,ABE,PA,AEA,EN,Combined TRACON& Tower with Radar,37,22,43,3,105,0,2,33,0,35,37,24,76,3,140,84,0,84,224
05/11/2021,ABE,PA,AEA,EN,Combined TRACON& Tower with Radar,37,18,54,0,109,0,1,62,0,63,37,19,116,0,172,144,0,144,316
05/12/2021,ABE,PA,AEA,EN,Combined TRACON& Tower with Radar,34,21,51,0,106,0,2,95,0,97,34,23,146,0,203,0,0,0,203
05/13/2021,ABE,PA,AEA,EN,Combined TRACON& Tower with Radar,38,23,45,10,116,0,2,106,1,109,38,25,151,11,225,142,4,146,371
05/14/2021,ABE,PA,AEA,EN,Combined TRACON& Tower with Radar,37,21,50,5,113,0,4,82,4,90,37,25,132,9,203,144,4,148,351
05/15/2021,ABE,PA,AEA,EN,Combined TRACON& Tower with Radar,30,22,46,0,98,0,0,54,0,54,30,22,100,0,152,200,0,200,352
05/16/2021,ABE,PA,AEA,EN,Combined TRACON& Tower with Radar,31,22,46,0,99,0,2,58,0,60,31,24,104,0,159,122,0,122,281
05/17/2021,ABE,PA,AEA,EN,Combined TRACON& Tower with Radar,36,21,47,0,104,0,2,77,0,79,36,23,124,0,183,167,0,167,350
05/18/2021,ABE,PA,AEA,EN,Combined TRACON& Tower with Radar,30,18,59,0,107,0,2,99,0,101,30,20,158,0,208,142,0,142,350
05/19/2021,ABE,PA,AEA,EN,Combined TRACON& Tower with Radar,33,15,54,6,108,0,0,112,0,112,33,15,166,6,220,146,0,146,366
05/20/2021,ABE,PA,AEA,EN,Combined TRACON& Tower with Radar,36,28,64,0,128,0,3,81,1,85,36,31,145,1,213,194,0,194,407
05/21/2021,ABE,PA,AEA,EN,Combined TRACON& Tower with Radar,37,28,26,0,91,0,3,86,1,90,37,31,112,1,181,216,0,216,397
05/22/2021,ABE,PA,AEA,EN,Combined TRACON& Tower with Radar,32,16,25,0,73,0,3,59,0,62,32,19,84,0,135,60,0,60,195
05/23/2021,ABE,PA,AEA,EN,Combined TRACON& Tower with Radar,31,35,36,0,102,0,3,56,0,59,31,38,92,0,161,110,0,110,271
05/24/2021,ABE,PA,AEA,EN,Combined TRACON& Tower with Radar,37,24,46,0,107,0,0,38,0,38,37,24,84,0,145,32,0,32,177
05/25/2021,ABE,PA,AEA,EN,Combined TRACON& Tower with Radar,32,20,74,8,134,0,3,45,0,48,32,23,119,8,182,88,0,88,270
05/26/2021,ABE,PA,AEA,EN,Combined TRACON& Tower with Radar,30,19,47,1,97,0,0,18,1,19,30,19,65,2,116,60,0,60,176
05/27/2021,ABE,PA,AEA,EN,Combined TRACON& Tower with Radar,40,35,54,2,131,0,14,109,3,126,40,49,163,5,257,140,10,150,407
05/28/2021,ABE,PA,AEA,EN,Combined TRACON& Tower with Radar,40,31,46,0,117,0,0,24,0,24,40,31,70,0,141,60,0,60,201
05/29/2021,ABE,PA,AEA,EN,Combined TRACON& Tower with Radar,32,17,27,0,76,0,0,0,0,0,32,17,27,0,76,0,0,0,76
05/30/2021,ABE,PA,AEA,EN,Combined TRACON& Tower with Radar,33,24,35,0,92,0,0,0,0,0,33,24,35,0,92,0,0,0,92
05/31/2021,ABE,PA,AEA,EN,Combined TRACON& Tower with Radar,37,24,31,0,92,0,3,47,0,50,37,27,78,0,142,0,0,0,142
06/01/2021,ABE,PA,AEA,EN,Combined TRACON& Tower with Radar,32,18,40,22,112,0,3,79,5,87,32,21,119,27,199,116,30,146,345
06/02/2021,ABE,PA,AEA,EN,Combined TRACON& Tower with Radar,34,22,55,10,121,0,2,63,1,66,34,24,118,11,187,105,12,117,304
06/03/2021,ABE,PA,AEA,EN,Combined TRACON& Tower with Radar,42,19,48,2,111,0,0,0,0,0,42,19,48,2,111,2,0,2,113
06/04/2021,ABE,PA,AEA,EN,Combined TRACON& Tower with Radar,40,25,43,0,108,0,2,8,0,10,40,27,51,0,118,4,0,4,122
06/05/2021,ABE,PA,AEA,EN,Combined TRACON& Tower with Radar,34,17,31,0,82,0,1,55,0,56,34,18,86,0,138,60,1,61,199
06/06/2021,ABE,PA,AEA,EN,Combined TRACON& Tower with Radar,38,18,55,0,111,0,3,71,0,74,38,21,126,0,185,136,0,136,321
06/07/2021,ABE,PA,AEA,EN,Combined TRACON& Tower with Radar,40,15,16,0,71,0,1,42,0,43,40,16,58,0,114,71,0,71,185
06/08/2021,ABE,PA,AEA,EN,Combined TRACON& Tower with Radar,36,15,36,2,89,0,1,25,0,26,36,16,61,2,115,64,22,86,201
06/09/2021,ABE,PA,AEA,EN,Combined TRACON& Tower with Radar,37,14,28,10,89,0,0,31,0,31,37,14,59,10,120,50,10,60,180
06/10/2021,ABE,PA,AEA,EN,Combined TRACON& Tower with Radar,44,26,34,4,108,0,4,75,0,79,44,30,109,4,187,124,10,134,321
06/11/2021,ABE,PA,AEA,EN,Combined TRACON& Tower with Radar,40,16,49,9,114,0,3,15,0,18,40,19,64,9,132,0,0,0,132
06/12/2021,ABE,PA,AEA,EN,Combined TRACON& Tower with Radar,35,13,57,0,105,0,3,36,0,39,35,16,93,0,144,86,0,86,230
06/13/2021,ABE,PA,AEA,EN,Combined TRACON& Tower with Radar,41,21,28,0,90,0,2,26,0,28,41,23,54,0,118,90,0,90,208
06/14/2021,ABE,PA,AEA,EN,Combined TRACON& Tower with Radar,39,17,77,0,133,0,0,13,0,13,39,17,90,0,146,60,0,60,206
06/15/2021,ABE,PA,AEA,EN,Combined TRACON& Tower with Radar,35,27,67,0,129,0,3,72,0,75,35,30,139,0,204,92,0,92,296
06/16/2021,ABE,PA,AEA,EN,Combined TRACON& Tower with Radar,41,16,62,0,119,0,6,95,0,101,41,22,157,0,220,132,0,132,352
06/17/2021,ABE,PA,AEA,EN,Combined TRACON& Tower with Radar,44,20,33,5,102,0,3,100,1,104,44,23,133,6,206,142,0,142,348
06/18/2021,ABE,PA,AEA,EN,Combined TRACON& Tower with Radar,42,21,64,0,127,0,4,97,0,101,42,25,161,0,228,296,1,297,525
06/19/2021,ABE,PA,AEA,EN,Combined TRACON& Tower with Radar,38,21,40,0,99,0,3,39,0,42,38,24,79,0,141,54,0,54,195
06/20/2021,ABE,PA,AEA,EN,Combined TRACON& Tower with Radar,41,18,20,0,79,0,1,32,0,33,41,19,52,0,112,48,0,48,160
06/21/2021,ABE,PA,AEA,EN,Combined TRACON& Tower with Radar,41,14,77,0,132,0,1,21,0,22,41,15,98,0,154,36,0,36,190
06/22/2021,ABE,PA,AEA,EN,Combined TRACON& Tower with Radar,32,17,36,0,85,0,1,10,0,11,32,18,46,0,96,0,0,0,96
06/23/2021,ABE,PA,AEA,EN,Combined TRACON& Tower with Radar,38,18,41,0,97,0,2,85,0,87,38,20,126,0,184,69,0,69,253
06/24/2021,ABE,PA,AEA,EN,Combined TRACON& Tower with Radar,45,15,43,0,103,0,4,91,3,98,45,19,134,3,201,97,0,97,298
06/25/2021,ABE,PA,AEA,EN,Combined TRACON& Tower with Radar,41,19,63,0,123,0,4,97,0,101,41,23,160,0,224,110,0,110,334
06/26/2021,ABE,PA,AEA,EN,Combined TRACON& Tower with Radar,39,17,46,0,102,0,2,8,1,11,39,19,54,1,113,44,0,44,157
06/27/2021,ABE,PA,AEA,EN,Combined TRACON& Tower with Radar,42,23,66,0,131,0,5,21,1,27,42,28,87,1,158,16,0,16,174
06/28/2021,ABE,PA,AEA,EN,Combined TRACON& Tower with Radar,43,19,25,0,87,0,0,55,0,55,43,19,80,0,142,98,0,98,240
06/29/2021,ABE,PA,AEA,EN,Combined TRACON& Tower with Radar,41,19,49,8,117,0,3,75,1,79,41,22,124,9,196,174,12,186,382
06/30/2021,ABE,PA,AEA,EN,Combined TRACON& Tower with Radar,42,27,31,4,104,0,3,74,0,77,42,30,105,4,181,119,0,119,300
07/01/2021,ABE,PA,AEA,EN,Combined TRACON& Tower with Radar,49,27,29,3,108,0,2,13,1,16,49,29,42,4,124,10,0,10,134
07/02/2021,ABE,PA,AEA,EN,Combined TRACON& Tower with Radar,41,17,70,4,132,0,2,16,0,18,41,19,86,4,150,101,0,101,251
07/03/2021,ABE,PA,AEA,EN,Combined TRACON& Tower with Radar,36,16,37,0,89,0,1,0,0,1,36,17,37,0,90,0,0,0,90
07/04/2021,ABE,PA,AEA,EN,Combined TRACON& Tower with Radar,32,14,30,0,76,0,4,38,0,42,32,18,68,0,118,26,0,26,144
07/05/2021,ABE,PA,AEA,EN,Combined TRACON& Tower with Radar,35,22,44,0,101,0,2,87,0,89,35,24,131,0,190,174,0,174,364
07/06/2021,ABE,PA,AEA,EN,Combined TRACON& Tower with Radar,30,22,37,4,93,0,4,73,2,79,30,26,110,6,172,80,4,84,256
07/07/2021,ABE,PA,AEA,EN,Combined TRACON& Tower with Radar,39,14,40,0,93,0,5,82,0,87,39,19,122,0,180,142,0,142,322
07/08/2021,ABE,PA,AEA,EN,Combined TRACON& Tower with Radar,46,23,62,0,131,0,0,20,0,20,46,23,82,0,151,64,0,64,215
07/09/2021,ABE,PA,AEA,EN,Combined TRACON& Tower with Radar,47,24,43,0,114,0,2,37,0,39,47,26,80,0,153,148,0,148,301
07/10/2021,ABE,PA,AEA,EN,Combined TRACON& Tower with Radar,39,14,57,0,110,0,4,68,2,74,39,18,125,2,184,191,0,191,375
07/11/2021,ABE,PA,AEA,EN,Combined TRACON& Tower with Radar,40,25,59,0,124,0,3,16,0,19,40,28,75,0,143,16,0,16,159
07/12/2021,ABE,PA,AEA,EN,Combined TRACON& Tower with Radar,42,21,65,0,128,0,1,19,0,20,42,22,84,0,148,40,0,40,188
07/13/2021,ABE,PA,AEA,EN,Combined TRACON& Tower with Radar,32,22,43,0,97,0,0,1,0,1,32,22,44,0,98,0,0,0,98
07/14/2021,ABE,PA,AEA,EN,Combined TRACON& Tower with Radar,42,16,63,0,121,0,2,39,0,41,42,18,102,0,162,165,0,165,327
07/15/2021,ABE,PA,AEA,EN,Combined TRACON& Tower with Radar,45,25,72,0,142,0,3,110,0,113,45,28,182,0,255,108,6,114,369
07/16/2021,ABE,PA,AEA,EN,Combined TRACON& Tower with Radar,42,22,45,0,109,0,1,77,1,79,42,23,122,1,188,90,0,90,278
07/17/2021,ABE,PA,AEA,EN,Combined TRACON& Tower with Radar,44,16,40,0,100,0,1,42,0,43,44,17,82,0,143,184,0,184,327
07/18/2021,ABE,PA,AEA,EN,Combined TRACON& Tower with Radar,38,20,75,0,133,0,2,12,1,15,38,22,87,1,148,78,0,78,226
07/19/2021,ABE,PA,AEA,EN,Combined TRACON& Tower with Radar,44,25,42,0,111,0,0,68,1,69,44,25,110,1,180,122,0,122,302
07/20/2021,ABE,PA,AEA,EN,Combined TRACON& Tower with Radar,34,24,57,2,117,0,0,48,0,48,34,24,105,2,165,64,0,64,229
07/21/2021,ABE,PA,AEA,EN,Combined TRACON& Tower with Radar,38,23,37,0,98,0,1,46,0,47,38,24,83,0,145,64,0,64,209
07/22/2021,ABE,PA,AEA,EN,Combined TRACON& Tower with Radar,46,18,61,0,125,0,1,109,0,110,46,19,170,0,235,223,0,223,458
07/23/2021,ABE,PA,AEA,EN,Combined TRACON& Tower with Radar,40,16,37,0,93,0,3,91,0,94,40,19,128,0,187,96,0,96,283
07/24/2021,ABE,PA,AEA,EN,Combined TRACON& Tower with Radar,41,22,42,0,105,0,0,70,0,70,41,22,112,0,175,96,0,96,271
07/25/2021,ABE,PA,AEA,EN,Combined TRACON& Tower with Radar,40,30,61,3,134,0,4,25,0,29,40,34,86,3,163,6,0,6,169
07/26/2021,ABE,PA,AEA,EN,Combined TRACON& Tower with Radar,39,18,39,0,96,0,2,50,0,52,39,20,89,0,148,91,0,91,239
07/27/2021,ABE,PA,AEA,EN,Combined TRACON& Tower with Radar,33,15,17,4,69,0,3,37,1,41,33,18,54,5,110,56,0,56,166
07/28/2021,ABE,PA,AEA,EN,Combined TRACON& Tower with Radar,39,11,23,4,77,0,1,26,0,27,39,12,49,4,104,46,0,46,150
07/29/2021,ABE,PA,AEA,EN,Combined TRACON& Tower with Radar,44,20,30,3,97,0,2,4,0,6,44,22,34,3,103,18,0,18,121
07/30/2021,ABE,PA,AEA,EN,Combined TRACON& Tower with Radar,42,25,27,0,94,0,3,41,2,46,42,28,68,2,140,97,0,97,237
07/31/2021,ABE,PA,AEA,EN,Combined TRACON& Tower with Radar,39,19,22,0,80,0,4,68,0,72,39,23,90,0,152,109,0,109,261
08/01/2021,ABE,PA,AEA,EN,Combined TRACON& Tower with Radar,39,23,47,0,109,0,0,4,0,4,39,23,51,0,113,8,0,8,121
08/02/2021,ABE,PA,AEA,EN,Combined TRACON& Tower with Radar,42,17,43,0,102,0,1,62,0,63,42,18,105,0,165,101,0,101,266
08/03/2021,ABE,PA,AEA,EN,Combined TRACON& Tower with Radar,37,21,48,4,110,0,3,72,0,75,37,24,120,4,185,140,0,140,325
08/04/2021,ABE,PA,AEA,EN,Combined TRACON& Tower with Radar,42,23,45,0,110,0,3,88,1,92,42,26,133,1,202,198,0,198,400
08/05/2021,ABE,PA,AEA,EN,Combined TRACON& Tower with Radar,45,20,28,0,93,0,1,73,1,75,45,21,101,1,168,100,2,102,270
08/06/2021,ABE,PA,AEA,EN,Combined TRACON& Tower with Radar,41,22,56,0,119,0,0,81,1,82,41,22,137,1,201,144,0,144,345
08/07/2021,ABE,PA,AEA,EN,Combined TRACON& Tower with Radar,35,20,26,0,81,0,4,58,0,62,35,24,84,0,143,124,0,124,267
08/08/2021,ABE,PA,AEA,EN,Combined TRACON& Tower with Radar,40,19,34,0,93,0,9,47,0,56,40,28,81,0,149,84,0,84,233
08/09/2021,ABE,PA,AEA,EN,Combined TRACON& Tower with Radar,39,14,45,3,101,0,2,59,2,63,39,16,104,5,164,113,2,115,279
08/10/2021,ABE,PA,AEA,EN,Combined TRACON& Tower with Radar,36,15,38,0,89,0,1,7,0,8,36,16,45,0,97,38,0,38,135
08/11/2021,ABE,PA,AEA,EN,Combined TRACON& Tower with Radar,37,11,45,2,95,0,1,32,0,33,37,12,77,2,128,117,0,117,245
08/12/2021,ABE,PA,AEA,EN,Combined TRACON& Tower with Radar,37,27,42,0,106,0,1,77,0,78,37,28,119,0,184,121,0,121,305
08/13/2021,ABE,PA,AEA,EN,Combined TRACON& Tower with Radar,41,18,45,0,104,0,3,67,1,71,41,21,112,1,175,61,8,69,244
08/14/2021,ABE,PA,AEA,EN,Combined TRACON& Tower with Radar,37,23,30,0,90,0,4,53,0,57,37,27,83,0,147,29,0,29,176
08/15/2021,ABE,PA,AEA,EN,Combined TRACON& Tower with Radar,43,20,57,0,120,0,0,71,1,72,43,20,128,1,192,117,0,117,309
08/16/2021,ABE,PA,AEA,EN,Combined TRACON& Tower with Radar,40,19,71,4,134,0,5,85,0,90,40,24,156,4,224,99,0,99,323
08/17/2021,ABE,PA,AEA,EN,Combined TRACON& Tower with Radar,35,11,45,0,91,0,0,6,0,6,35,11,51,0,97,37,0,37,134
08/18/2021,ABE,PA,AEA,EN,Combined TRACON& Tower with Radar,36,25,34,2,97,0,1,7,0,8,36,26,41,2,105,14,0,14,119
08/19/2021,ABE,PA,AEA,EN,Combined TRACON& Tower with Radar,38,16,70,1,125,0,1,36,0,37,38,17,106,1,162,150,0,150,312
08/20/2021,ABE,PA,AEA,EN,Combined TRACON& Tower with Radar,38,20,62,6,126,0,2,52,0,54,38,22,114,6,180,70,0,70,250
08/21/2021,ABE,PA,AEA,EN,Combined TRACON& Tower with Radar,39,20,33,0,92,0,4,37,0,41,39,24,70,0,133,24,0,24,157
08/22/2021,ABE,PA,AEA,EN,Combined TRACON& Tower with Radar,31,9,24,0,64,0,0,0,0,0,31,9,24,0,64,1,0,1,65
08/23/2021,ABE,PA,AEA,EN,Combined TRACON& Tower with Radar,34,19,45,0,98,0,2,21,1,24,34,21,66,1,122,30,0,30,152
08/24/2021,ABE,PA,AEA,EN,Combined TRACON& Tower with Radar,34,19,44,0,97,0,5,65,0,70,34,24,109,0,167,72,0,72,239
08/25/2021,ABE,PA,AEA,EN,Combined TRACON& Tower with Radar,38,19,53,4,114,0,2,82,0,84,38,21,135,4,198,129,0,129,327
08/26/2021,ABE,PA,AEA,EN,Combined TRACON& Tower with Radar,34,19,43,0,96,0,0,65,0,65,34,19,108,0,161,108,0,108,269
08/27/2021,ABE,PA,AEA,EN,Combined TRACON& Tower with Radar,41,16,41,1,99,0,2,38,2,42,41,18,79,3,141,73,0,73,214
08/28/2021,ABE,PA,AEA,EN,Combined TRACON& Tower with Radar,34,18,44,0,96,0,0,0,0,0,34,18,44,0,96,0,0,0,96
08/29/2021,ABE,PA,AEA,EN,Combined TRACON& Tower with Radar,32,18,78,0,128,0,0,6,0,6,32,18,84,0,134,10,0,10,144
08/30/2021,ABE,PA,AEA,EN,Combined TRACON& Tower with Radar,37,14,46,0,97,0,2,37,0,39,37,16,83,0,136,41,0,41,177
08/31/2021,ABE,PA,AEA,EN,Combined TRACON& Tower with Radar,37,19,35,4,95,0,7,99,0,106,37,26,134,4,201,74,0,74,275
09/01/2021,ABE,PA,AEA,EN,Combined TRACON& Tower with Radar,37,20,17,0,74,0,0,0,0,0,37,20,17,0,74,0,0,0,74
09/02/2021,ABE,PA,AEA,EN,Combined TRACON& Tower with Radar,39,20,41,0,100,0,8,48,0,56,39,28,89,0,156,50,0,50,206
09/03/2021,ABE,PA,AEA,EN,Combined TRACON& Tower with Radar,40,18,40,2,100,0,2,88,0,90,40,20,128,2,190,61,0,61,251
09/04/2021,ABE,PA,AEA,EN,Combined TRACON& Tower with Radar,35,14,41,0,90,0,3,71,0,74,35,17,112,0,164,54,0,54,218
09/05/2021,ABE,PA,AEA,EN,Combined TRACON& Tower with Radar,29,18,58,0,105,0,2,8,0,10,29,20,66,0,115,18,0,18,133
09/06/2021,ABE,PA,AEA,EN,Combined TRACON& Tower with Radar,38,7,28,0,73,0,4,64,1,69,38,11,92,1,142,100,0,100,242
09/07/2021,ABE,PA,AEA,EN,Combined TRACON& Tower with Radar,35,10,39,1,85,0,3,80,1,84,35,13,119,2,169,50,0,50,219
09/08/2021,ABE,PA,AEA,EN,Combined TRACON& Tower with Radar,31,11,28,0,70,0,0,39,0,39,31,11,67,0,109,108,0,108,217
09/09/2021,ABE,PA,AEA,EN,Combined TRACON& Tower with Radar,39,23,70,0,132,0,3,35,0,38,39,26,105,0,170,0,0,0,170
09/10/2021,ABE,PA,AEA,EN,Combined TRACON& Tower with Radar,36,17,42,0,95,0,0,63,0,63,36,17,105,0,158,181,0,181,339
09/11/2021,ABE,PA,AEA,EN,Combined TRACON& Tower with Radar,37,14,40,0,91,0,3,90,0,93,37,17,130,0,184,149,0,149,333
09/12/2021,ABE,PA,AEA,EN,Combined TRACON& Tower with Radar,31,20,37,0,88,0,3,86,1,90,31,23,123,1,178,141,0,141,319
09/13/2021,ABE,PA,AEA,EN,Combined TRACON& Tower with Radar,32,16,49,9,106,0,4,62,2,68,32,20,111,11,174,162,6,168,342
09/14/2021,ABE,PA,AEA,EN,Combined TRACON& Tower with Radar,33,21,50,0,104,0,1,63,2,66,33,22,113,2,170,130,0,130,300
09/15/2021,ABE,PA,AEA,EN,Combined TRACON& Tower with Radar,32,20,55,0,107,0,1,36,0,37,32,21,91,0,144,65,0,65,209
09/16/2021,ABE,PA,AEA,EN,Combined TRACON& Tower with Radar,37,22,40,2,101,0,0,23,0,23,37,22,63,2,124,28,0,28,152
09/17/2021,ABE,PA,AEA,EN,Combined TRACON& Tower with Radar,1,0,1,0,2,0,1,0,1,2,1,1,1,1,4,0,0,0,4
09/18/2021,ABE,PA,AEA,EN,Combined TRACON& Tower with Radar,0,0,2,0,2,0,2,0,1,3,0,2,2,1,5,0,0,0,5
09/19/2021,ABE,PA,AEA,EN,Combined TRACON& Tower with Radar,0,0,0,0,0,0,2,3,0,5,0,2,3,0,5,0,0,0,5
09/20/2021,ABE,PA,AEA,EN,Combined TRACON& Tower with Radar,36,13,37,2,88,0,8,103,0,111,36,21,140,2,199,98,0,98,297
09/21/2021,ABE,PA,AEA,EN,Combined TRACON& Tower with Radar,37,17,46,6,106,0,0,46,0,46,37,17,92,6,152,169,14,183,335
09/22/2021,ABE,PA,AEA,EN,Combined TRACON& Tower with Radar,32,20,55,4,111,0,2,9,0,11,32,22,64,4,122,0,0,0,122
09/23/2021,ABE,PA,AEA,EN,Combined TRACON& Tower with Radar,38,31,26,0,95,0,0,0,0,0,38,31,26,0,95,0,0,0,95
09/24/2021,ABE,PA,AEA,EN,Combined TRACON& Tower with Radar,36,27,57,1,121,0,6,109,1,116,36,33,166,2,237,185,0,185,422
09/25/2021,ABE,PA,AEA,EN,Combined TRACON& Tower with Radar,27,16,35,0,78,0,0,104,0,104,27,16,139,0,182,300,0,300,482
09/26/2021,ABE,PA,AEA,EN,Combined TRACON& Tower with Radar,29,25,32,0,86,0,6,58,0,64,29,31,90,0,150,54,0,54,204
09/27/2021,ABE,PA,AEA,EN,Combined TRACON& Tower with Radar,28,16,37,0,81,0,1,74,1,76,28,17,111,1,157,86,0,86,243
09/28/2021,ABE,PA,AEA,EN,Combined TRACON& Tower with Radar,0,0,0,0,0,0,1,0,0,1,0,1,0,0,1,0,0,0,1
09/29/2021,ABE,PA,AEA,EN,Combined TRACON& Tower with Radar,0,0,1,0,1,0,5,6,0,11,0,5,7,0,12,0,0,0,12
09/30/2021,ABE,PA,AEA,EN,Combined TRACON& Tower with Radar,34,26,57,0,117,0,4,84,0,88,34,30,141,0,205,78,0,78,283
10/01/2021,ABE,PA,AEA,EN,Combined TRACON& Tower with Radar,37,21,53,0,111,0,0,93,1,94,37,21,146,1,205,130,0,130,335
10/02/2021,ABE,PA,AEA,EN,Combined TRACON& Tower with Radar,27,15,27,0,69,0,6,87,4,97,27,21,114,4,166,29,0,29,195
10/03/2021,ABE,PA,AEA,EN,Combined TRACON& Tower with Radar,31,26,42,0,99,0,12,67,2,81,31,38,109,2,180,165,0,165,345
10/04/2021,ABE,PA,AEA,EN,Combined TRACON& Tower with Radar,34,17,42,0,93,0,0,8,0,8,34,17,50,0,101,6,0,6,107
10/05/2021,ABE,PA,AEA,EN,Combined TRACON& Tower with Radar,32,20,54,0,106,0,0,2,0,2,32,20,56,0,108,0,0,0,108
10/06/2021,ABE,PA,AEA,EN,Combined TRACON& Tower with Radar,39,17,93,2,151,0,1,5,0,6,39,18,98,2,157,0,0,0,157
10/07/2021,ABE,PA,AEA,EN,Combined TRACON& Tower with Radar,37,27,91,4,159,0,2,34,0,36,37,29,125,4,195,79,4,83,278
10/08/2021,ABE,PA,AEA,EN,Combined TRACON& Tower with Radar,35,27,58,0,120,0,8,66,1,75,35,35,124,1,195,114,0,114,309
10/09/2021,ABE,PA,AEA,EN,Combined TRACON& Tower with Radar,37,16,45,0,98,0,0,9,0,9,37,16,54,0,107,4,0,4,111
10/10/2021,ABE,PA,AEA,EN,Combined TRACON& Tower with Radar,34,21,69,0,124,0,0,0,0,0,34,21,69,0,124,0,0,0,124
10/11/2021,ABE,PA,AEA,EN,Combined TRACON& Tower with Radar,38,26,88,0,152,0,3,22,0,25,38,29,110,0,177,65,0,65,242
10/12/2021,ABE,PA,AEA,EN,Combined TRACON& Tower with Radar,42,19,69,0,130,0,0,14,0,14,42,19,83,0,144,150,0,150,294
10/13/2021,ABE,PA,AEA,EN,Combined TRACON& Tower with Radar,41,18,58,6,123,0,2,2,0,4,41,20,60,6,127,38,0,38,165
10/14/2021,ABE,PA,AEA,EN,Combined TRACON& Tower with Radar,38,20,47,0,105,0,3,105,0,108,38,23,152,0,213,44,0,44,257
10/15/2021,ABE,PA,AEA,EN,Combined TRACON& Tower with Radar,39,36,59,1,135,0,4,89,3,96,39,40,148,4,231,170,0,170,401
10/16/2021,ABE,PA,AEA,EN,Combined TRACON& Tower with Radar,42,13,29,0,84,0,5,11,0,16,42,18,40,0,100,48,0,48,148
10/17/2021,ABE,PA,AEA,EN,Combined TRACON& Tower with Radar,33,11,42,0,86,0,2,58,0,60,33,13,100,0,146,48,0,48,194
10/18/2021,ABE,PA,AEA,EN,Combined TRACON& Tower with Radar,40,19,32,2,93,0,1,38,0,39,40,20,70,2,132,22,0,22,154
10/19/2021,ABE,PA,AEA,EN,Combined TRACON& Tower with Radar,40,22,50,0,112,0,2,83,0,85,40,24,133,0,197,114,0,114,311
10/20/2021,ABE,PA,AEA,EN,Combined TRACON& Tower with Radar,43,14,56,8,121,0,0,102,1,103,43,14,158,9,224,112,14,126,350
10/21/2021,ABE,PA,AEA,EN,Combined TRACON& Tower with Radar,39,26,47,0,112,0,2,91,2,95,39,28,138,2,207,244,0,244,451
10/22/2021,ABE,PA,AEA,EN,Combined TRACON& Tower with Radar,43,21,49,8,121,0,0,69,0,69,43,21,118,8,190,161,0,161,351
10/23/2021,ABE,PA,AEA,EN,Combined TRACON& Tower with Radar,43,19,33,0,95,0,4,38,0,42,43,23,71,0,137,55,0,55,192
10/24/2021,ABE,PA,AEA,EN,Combined TRACON& Tower with Radar,34,17,48,0,99,0,2,67,0,69,34,19,115,0,168,155,0,155,323
10/25/2021,ABE,PA,AEA,EN,Combined TRACON& Tower with Radar,37,21,33,11,102,0,0,19,0,19,37,21,52,11,121,66,0,66,187
10/26/2021,ABE,PA,AEA,EN,Combined TRACON& Tower with Radar,41,21,17,2,81,0,0,0,0,0,41,21,17,2,81,0,0,0,81
10/27/2021,ABE,PA,AEA,EN,Combined TRACON& Tower with Radar,41,19,43,0,103,0,1,50,0,51,41,20,93,0,154,67,0,67,221
10/28/2021,ABE,PA,AEA,EN,Combined TRACON& Tower with Radar,40,17,49,11,117,0,2,110,1,113,40,19,159,12,230,191,6,197,427
10/29/2021,ABE,PA,AEA,EN,Combined TRACON& Tower with Radar,38,15,29,2,84,0,0,0,0,0,38,15,29,2,84,0,0,0,84
10/30/2021,ABE,PA,AEA,EN,Combined TRACON& Tower with Radar,32,16,62,0,110,0,0,12,0,12,32,16,74,0,122,12,0,12,134
10/31/2021,ABE,PA,AEA,EN,Combined TRACON& Tower with Radar,29,15,45,0,89,0,1,9,1,11,29,16,54,1,100,0,0,0,100
11/01/2021,ABE,PA,AEA,EN,Combined TRACON& Tower with Radar,37,17,60,0,114,0,1,79,0,80,37,18,139,0,194,146,0,146,340
11/02/2021,ABE,PA,AEA,EN,Combined TRACON& Tower with Radar,36,21,31,0,88,0,1,49,0,50,36,22,80,0,138,106,0,106,244
11/03/2021,ABE,PA,AEA,EN,Combined TRACON& Tower with Radar,40,10,48,0,98,0,4,85,0,89,40,14,133,0,187,75,0,75,262
11/04/2021,ABE,PA,AEA,EN,Combined TRACON& Tower with Radar,40,16,51,0,107,0,3,107,1,111,40,19,158,1,218,138,0,138,356
11/05/2021,ABE,PA,AEA,EN,Combined TRACON& Tower with Radar,40,12,47,0,99,0,2,114,1,117,40,14,161,1,216,172,0,172,388
11/06/2021,ABE,PA,AEA,EN,Combined TRACON& Tower with Radar,36,11,32,0,79,0,1,68,0,69,36,12,100,0,148,114,0,114,262
11/07/2021,ABE,PA,AEA,EN,Combined TRACON& Tower with Radar,35,14,33,0,82,0,1,79,0,80,35,15,112,0,162,124,0,124,286
11/08/2021,ABE,PA,AEA,EN,Combined TRACON& Tower with Radar,38,10,40,0,88,0,1,68,0,69,38,11,108,0,157,82,0,82,239
11/09/2021,ABE,PA,AEA,EN,Combined TRACON& Tower with Radar,34,16,51,4,105,0,0,74,0,74,34,16,125,4,179,136,0,136,315
11/10/2021,ABE,PA,AEA,EN,Combined TRACON& Tower with Radar,40,15,30,0,85,0,0,57,0,57,40,15,87,0,142,108,0,108,250
11/11/2021,ABE,PA,AEA,EN,Combined TRACON& Tower with Radar,40,20,53,0,113,0,0,58,0,58,40,20,111,0,171,82,0,82,253
11/12/2021,ABE,PA,AEA,EN,Combined TRACON& Tower with Radar,40,19,27,2,88,0,2,20,0,22,40,21,47,2,110,44,0,44,154
11/13/2021,ABE,PA,AEA,EN,Combined TRACON& Tower with Radar,43,11,29,0,83,0,5,6,0,11,43,16,35,0,94,5,0,5,99
11/14/2021,ABE,PA,AEA,EN,Combined TRACON& Tower with Radar,34,16,40,0,90,0,2,67,0,69,34,18,107,0,159,156,0,156,315
11/15/2021,ABE,PA,AEA,EN,Combined TRACON& Tower with Radar,39,25,27,0,91,0,1,12,0,13,39,26,39,0,104,64,0,64,168
11/16/2021,ABE,PA,AEA,EN,Combined TRACON& Tower with Radar,34,12,48,0,94,0,4,59,0,63,34,16,107,0,157,123,0,123,280
11/17/2021,ABE,PA,AEA,EN,Combined TRACON& Tower with Radar,40,16,54,10,120,0,1,55,3,59,40,17,109,13,179,114,0,114,293
11/18/2021,ABE,PA,AEA,EN,Combined TRACON& Tower with Radar,41,15,31,6,93,0,0,32,2,34,41,15,63,8,127,86,0,86,213
11/19/2021,ABE,PA,AEA,EN,Combined TRACON& Tower with Radar,42,22,35,1,100,0,2,32,1,35,42,24,67,2,135,73,0,73,208
11/20/2021,ABE,PA,AEA,EN,Combined TRACON& Tower with Radar,33,17,47,0,97,0,4,75,0,79,33,21,122,0,176,126,0,126,302
11/21/2021,ABE,PA,AEA,EN,Combined TRACON& Tower with Radar,38,21,32,3,94,0,1,42,1,44,38,22,74,4,138,195,0,195,333
11/22/2021,ABE,PA,AEA,EN,Combined TRACON& Tower with Radar,43,14,36,0,93,0,2,36,0,38,43,16,72,0,131,94,0,94,225
11/23/2021,ABE,PA,AEA,EN,Combined TRACON& Tower with Radar,48,24,42,3,117,0,2,39,0,41,48,26,81,3,158,43,0,43,201
11/24/2021,ABE,PA,AEA,EN,Combined TRACON& Tower with Radar,47,24,47,0,118,0,1,83,0,84,47,25,130,0,202,44,0,44,246
11/25/2021,ABE,PA,AEA,EN,Combined TRACON& Tower with Radar,14,6,24,0,44,0,0,31,0,31,14,6,55,0,75,26,0,26,101
11/26/2021,ABE,PA,AEA,EN,Combined TRACON& Tower with Radar,24,16,8,0,48,0,2,3,0,5,24,18,11,0,53,0,0,0,53
11/27/2021,ABE,PA,AEA,EN,Combined TRACON& Tower with Radar,42,17,20,0,79,0,3,24,0,27,42,20,44,0,106,95,0,95,201
11/28/2021,ABE,PA,AEA,EN,Combined TRACON& Tower with Radar,47,38,33,0,118,0,1,21,0,22,47,39,54,0,140,0,0,0,140
11/29/2021,ABE,PA,AEA,EN,Combined TRACON& Tower with Radar,41,21,54,0,116,0,6,53,0,59,41,27,107,0,175,172,0,172,347
11/30/2021,ABE,PA,AEA,EN,Combined TRACON& Tower with Radar,37,13,22,4,76,0,2,10,2,14,37,15,32,6,90,0,0,0,90
12/01/2021,ABE,PA,AEA,EN,Combined TRACON& Tower with Radar,41,14,55,0,110,0,1,91,0,92,41,15,146,0,202,74,6,80,282
12/02/2021,ABE,PA,AEA,EN,Combined TRACON& Tower with Radar,42,15,24,0,81,0,2,33,0,35,42,17,57,0,116,23,0,23,139
12/03/2021,ABE,PA,AEA,EN,Combined TRACON& Tower with Radar,43,9,31,3,86,0,2,59,0,61,43,11,90,3,147,105,0,105,252
12/04/2021,ABE,PA,AEA,EN,Combined TRACON& Tower with Radar,27,11,36,0,74,0,1,80,0,81,27,12,116,0,155,108,0,108,263
12/05/2021,ABE,PA,AEA,EN,Combined TRACON& Tower with Radar,37,14,44,0,95,0,3,64,1,68,37,17,108,1,163,120,0,120,283
12/06/2021,ABE,PA,AEA,EN,Combined TRACON& Tower with Radar,39,19,20,0,78,0,0,0,0,0,39,19,20,0,78,0,0,0,78
12/07/2021,ABE,PA,AEA,EN,Combined TRACON& Tower with Radar,35,14,29,2,80,0,2,71,2,75,35,16,100,4,155,76,0,76,231
12/08/2021,ABE,PA,AEA,EN,Combined TRACON& Tower with Radar,40,8,23,0,71,0,1,37,2,40,40,9,60,2,111,62,0,62,173
12/09/2021,ABE,PA,AEA,EN,Combined TRACON& Tower with Radar,41,17,37,0,95,0,3,69,1,73,41,20,106,1,168,141,0,141,309
12/10/2021,ABE,PA,AEA,EN,Combined TRACON& Tower with Radar,42,11,34,0,87,0,1,84,0,85,42,12,118,0,172,138,0,138,310
12/11/2021,ABE,PA,AEA,EN,Combined TRACON& Tower with Radar,27,11,11,0,49,0,0,0,0,0,27,11,11,0,49,0,0,0,49
12/12/2021,ABE,PA,AEA,EN,Combined TRACON& Tower with Radar,40,18,50,0,108,0,1,42,0,43,40,19,92,0,151,154,0,154,305
12/13/2021,ABE,PA,AEA,EN,Combined TRACON& Tower with Radar,36,22,34,0,92,0,2,54,1,57,36,24,88,1,149,90,0,90,239
12/14/2021,ABE,PA,AEA,EN,Combined TRACON& Tower with Radar,33,19,49,0,101,0,0,78,2,80,33,19,127,2,181,112,0,112,293
12/15/2021,ABE,PA,AEA,EN,Combined TRACON& Tower with Radar,39,10,51,4,104,0,4,38,1,43,39,14,89,5,147,92,0,92,239
12/16/2021,ABE,PA,AEA,EN,Combined TRACON& Tower with Radar,42,25,35,0,102,0,0,59,0,59,42,25,94,0,161,36,0,36,197
12/17/2021,ABE,PA,AEA,EN,Combined TRACON& Tower with Radar,42,23,50,0,115,0,1,73,0,74,42,24,123,0,189,194,0,194,383
12/18/2021,ABE,PA,AEA,EN,Combined TRACON& Tower with Radar,37,19,26,0,82,0,0,0,0,0,37,19,26,0,82,0,0,0,82
12/19/2021,ABE,PA,AEA,EN,Combined TRACON& Tower with Radar,36,19,43,0,98,0,2,23,0,25,36,21,66,0,123,30,0,30,153
12/20/2021,ABE,PA,AEA,EN,Combined TRACON& Tower with Radar,40,17,39,5,101,0,1,92,0,93,40,18,131,5,194,168,0,168,362
12/21/2021,ABE,PA,AEA,EN,Combined TRACON& Tower with Radar,41,18,30,0,89,0,2,61,1,64,41,20,91,1,153,84,0,84,237
12/22/2021,ABE,PA,AEA,EN,Combined TRACON& Tower with Radar,39,23,22,0,84,0,1,18,0,19,39,24,40,0,103,4,0,4,107
12/23/2021,ABE,PA,AEA,EN,Combined TRACON& Tower with Radar,45,21,45,0,111,0,3,51,0,54,45,24,96,0,165,103,0,103,268
12/24/2021,ABE,PA,AEA,EN,Combined TRACON& Tower with Radar,22,14,27,0,63,0,4,23,0,27,22,18,50,0,90,38,0,38,128
12/25/2021,ABE,PA,AEA,EN,Combined TRACON& Tower with Radar,14,10,3,0,27,0,2,0,0,2,14,12,3,0,29,0,0,0,29
12/26/2021,ABE,PA,AEA,EN,Combined TRACON& Tower with Radar,19,25,30,0,74,0,2,41,2,45,19,27,71,2,119,78,0,78,197
12/27/2021,ABE,PA,AEA,EN,Combined TRACON& Tower with Radar,41,20,28,0,89,0,0,12,0,12,41,20,40,0,101,24,0,24,125
12/28/2021,ABE,PA,AEA,EN,Combined TRACON& Tower with Radar,40,18,49,6,113,0,1,42,2,45,40,19,91,8,158,60,16,76,234
12/29/2021,ABE,PA,AEA,EN,Combined TRACON& Tower with Radar,42,23,37,0,102,0,0,2,0,2,42,23,39,0,104,0,0,0,104
12/30/2021,ABE,PA,AEA,EN,Combined TRACON& Tower with Radar,41,14,24,0,79,0,0,0,0,0,41,14,24,0,79,0,0,0,79
12/31/2021,ABE,PA,AEA,EN,Combined TRACON& Tower with Radar,22,16,33,0,71,0,0,0,0,0,22,16,33,0,71,0,0,0,71
01/02/2022,ABE,PA,AEA,EN,Combined TRACON& Tower with Radar,32,28,49,0,109,0,0,3,0,3,32,28,52,0,112,42,0,42,154
01/03/2022,ABE,PA,AEA,EN,Combined TRACON& Tower with Radar,28,23,35,0,86,0,2,31,0,33,28,25,66,0,119,106,0,106,225
01/04/2022,ABE,PA,AEA,EN,Combined TRACON& Tower with Radar,34,17,32,0,83,0,3,86,0,89,34,20,118,0,172,48,0,48,220
01/05/2022,ABE,PA,AEA,EN,Combined TRACON& Tower with Radar,35,16,19,0,70,0,0,16,0,16,35,16,35,0,86,40,0,40,126
01/06/2022,ABE,PA,AEA,EN,Combined TRACON& Tower with Radar,35,17,44,0,96,0,3,52,0,55,35,20,96,0,151,28,0,28,179
01/07/2022,ABE,PA,AEA,EN,Combined TRACON& Tower with Radar,35,12,12,0,59,0,1,4,0,5,35,13,16,0,64,0,0,0,64
01/08/2022,ABE,PA,AEA,EN,Combined TRACON& Tower with Radar,27,13,59,0,99,0,3,87,0,90,27,16,146,0,189,124,0,124,313
01/09/2022,ABE,PA,AEA,EN,Combined TRACON& Tower with Radar,29,16,8,0,53,0,0,0,0,0,29,16,8,0,53,0,0,0,53
01/10/2022,ABE,PA,AEA,EN,Combined TRACON& Tower with Radar,34,14,41,0,89,0,2,29,0,31,34,16,70,0,120,75,0,75,195
01/11/2022,ABE,PA,AEA,EN,Combined TRACON& Tower with Radar,31,17,20,0,68,0,5,34,0,39,31,22,54,0,107,40,0,40,147
01/12/2022,ABE,PA,AEA,EN,Combined TRACON& Tower with Radar,35,20,31,0,86,0,1,54,0,55,35,21,85,0,141,124,0,124,265
01/13/2022,ABE,PA,AEA,EN,Combined TRACON& Tower with Radar,37,13,39,0,89,0,2,73,2,77,37,15,112,2,166,119,0,119,285
01/14/2022,ABE,PA,AEA,EN,Combined TRACON& Tower with Radar,40,10,24,0,74,0,2,17,0,19,40,12,41,0,93,74,0,74,167
01/15/2022,ABE,PA,AEA,EN,Combined TRACON& Tower with Radar,30,14,37,0,81,0,5,45,0,50,30,19,82,0,131,38,0,38,169
01/16/2022,ABE,PA,AEA,EN,Combined TRACON& Tower with Radar,18,20,23,0,61,0,0,29,0,29,18,20,52,0,90,58,0,58,148
01/17/2022,ABE,PA,AEA,EN,Combined TRACON& Tower with Radar,36,9,14,0,59,0,0,0,0,0,36,9,14,0,59,0,0,0,59
01/18/2022,ABE,PA,AEA,EN,Combined TRACON& Tower with Radar,34,20,22,5,81,0,0,24,1,25,34,20,46,6,106,22,4,26,132
01/19/2022,ABE,PA,AEA,EN,Combined TRACON& Tower with Radar,36,24,43,0,103,0,0,54,3,57,36,24,97,3,160,100,0,100,260
01/20/2022,ABE,PA,AEA,EN,Combined TRACON& Tower with Radar,39,11,18,0,68,0,0,9,3,12,39,11,27,3,80,14,0,14,94
01/21/2022,ABE,PA,AEA,EN,Combined TRACON& Tower with Radar,39,11,18,0,68,0,0,42,1,43,39,11,60,1,111,127,0,127,238
01/22/2022,ABE,PA,AEA,EN,Combined TRACON& Tower with Radar,26,12,55,0,93,0,2,65,0,67,26,14,120,0,160,58,0,58,218
01/23/2022,ABE,PA,AEA,EN,Combined TRACON& Tower with Radar,32,15,32,0,79,0,2,42,2,46,32,17,74,2,125,68,0,68,193
01/24/2022,ABE,PA,AEA,EN,Combined TRACON& Tower with Radar,34,15,52,2,103,0,0,49,0,49,34,15,101,2,152,82,0,82,234
01/25/2022,ABE,PA,AEA,EN,Combined TRACON& Tower with Radar,34,12,46,9,101,0,2,51,3,56,34,14,97,12,157,66,0,66,223
01/26/2022,ABE,PA,AEA,EN,Combined TRACON& Tower with Radar,36,14,34,5,89,0,0,64,1,65,36,14,98,6,154,130,0,130,284
01/27/2022,ABE,PA,AEA,EN,Combined TRACON& Tower with Radar,38,13,58,2,111,0,2,80,0,82,38,15,138,2,193,84,0,84,277
01/28/2022,ABE,PA,AEA,EN,Combined TRACON& Tower with Radar,38,10,22,0,70,0,1,0,0,1,38,11,22,0,71,0,0,0,71
01/29/2022,ABE,PA,AEA,EN,Combined TRACON& Tower with Radar,28,12,4,0,44,0,0,0,0,0,28,12,4,0,44,0,0,0,44
01/30/2022,ABE,PA,AEA,EN,Combined TRACON& Tower with Radar,32,19,40,0,91,0,3,44,0,47,32,22,84,0,138,126,0,126,264
01/31/2022,ABE,PA,AEA,EN,Combined TRACON& Tower with Radar,36,21,41,0,98,0,1,72,0,73,36,22,113,0,171,112,0,112,283
02/01/2022,ABE,PA,AEA,EN,Combined TRACON& Tower with Radar,30,18,57,0,105,0,0,69,0,69,30,18,126,0,174,86,0,86,260
02/02/2022,ABE,PA,AEA,EN,Combined TRACON& Tower with Radar,36,10,27,0,73,0,1,4,0,5,36,11,31,0,78,10,0,10,88
02/03/2022,ABE,PA,AEA,EN,Combined TRACON& Tower with Radar,30,15,16,0,61,0,0,0,0,0,30,15,16,0,61,0,0,0,61
02/04/2022,ABE,PA,AEA,EN,Combined TRACON& Tower with Radar,34,9,13,0,56,0,0,0,0,0,34,9,13,0,56,0,0,0,56
02/05/2022,ABE,PA,AEA,EN,Combined TRACON& Tower with Radar,22,13,21,0,56,0,1,23,0,24,22,14,44,0,80,10,0,10,90
02/06/2022,ABE,PA,AEA,EN,Combined TRACON& Tower with Radar,26,9,48,0,83,0,4,93,1,98,26,13,141,1,181,248,0,248,429
02/07/2022,ABE,PA,AEA,EN,Combined TRACON& Tower with Radar,29,13,7,0,49,0,0,0,0,0,29,13,7,0,49,0,0,0,49
02/08/2022,ABE,PA,AEA,EN,Combined TRACON& Tower with Radar,27,17,29,0,73,0,1,54,0,55,27,18,83,0,128,90,0,90,218
02/09/2022,ABE,PA,AEA,EN,Combined TRACON& Tower with Radar,28,11,31,0,70,0,1,108,0,109,28,12,139,0,179,102,0,102,281
02/10/2022,ABE,PA,AEA,EN,Combined TRACON& Tower with Radar,30,11,22,17,80,0,0,33,2,35,30,11,55,19,115,141,0,141,256
02/11/2022,ABE,PA,AEA,EN,Combined TRACON& Tower with Radar,35,14,47,0,96,0,4,81,0,85,35,18,128,0,181,70,0,70,251
02/12/2022,ABE,PA,AEA,EN,Combined TRACON& Tower with Radar,22,11,37,0,70,0,1,58,1,60,22,12,95,1,130,68,0,68,198
02/13/2022,ABE,PA,AEA,EN,Combined TRACON& Tower with Radar,21,17,9,0,47,0,0,0,1,1,21,17,9,1,48,0,0,0,48
02/14/2022,ABE,PA,AEA,EN,Combined TRACON& Tower with Radar,32,13,19,0,64,0,2,26,0,28,32,15,45,0,92,106,0,106,198
02/15/2022,ABE,PA,AEA,EN,Combined TRACON& Tower with Radar,28,17,57,4,106,0,0,78,0,78,28,17,135,4,184,202,0,202,386
02/16/2022,ABE,PA,AEA,EN,Combined TRACON& Tower with Radar,30,18,31,1,80,0,1,75,0,76,30,19,106,1,156,220,0,220,376
02/17/2022,ABE,PA,AEA,EN,Combined TRACON& Tower with Radar,35,15,23,0,73,0,3,6,1,10,35,18,29,1,83,32,0,32,115
02/18/2022,ABE,PA,AEA,EN,Combined TRACON& Tower with Radar,34,15,20,2,71,0,2,11,0,13,34,17,31,2,84,30,0,30,114
02/19/2022,ABE,PA,AEA,EN,Combined TRACON& Tower with Radar,24,13,10,0,47,0,2,13,0,15,24,15,23,0,62,47,0,47,109
02/20/2022,ABE,PA,AEA,EN,Combined TRACON& Tower with Radar,28,10,32,0,70,0,2,79,0,81,28,12,111,0,151,146,0,146,297
02/21/2022,ABE,PA,AEA,EN,Combined TRACON& Tower with Radar,34,11,53,0,98,0,1,109,2,112,34,12,162,2,210,98,0,98,308
02/22/2022,ABE,PA,AEA,EN,Combined TRACON& Tower with Radar,26,17,40,0,83,0,0,0,0,0,26,17,40,0,83,0,0,0,83
02/23/2022,ABE,PA,AEA,EN,Combined TRACON& Tower with Radar,30,13,31,0,74,0,1,31,1,33,30,14,62,1,107,10,0,10,117
02/24/2022,ABE,PA,AEA,EN,Combined TRACON& Tower with Radar,36,22,23,10,91,0,2,39,3,44,36,24,62,13,135,84,16,100,235
02/25/2022,ABE,PA,AEA,EN,Combined TRACON& Tower with Radar,31,8,15,0,54,0,0,1,0,1,31,8,16,0,55,0,0,0,55
02/26/2022,ABE,PA,AEA,EN,Combined TRACON& Tower with Radar,26,16,37,0,79,0,4,68,0,72,26,20,105,0,151,202,0,202,353
02/27/2022,ABE,PA,AEA,EN,Combined TRACON& Tower with Radar,30,17,33,0,80,0,1,17,0,18,30,18,50,0,98,82,0,82,180
02/28/2022,ABE,PA,AEA,EN,Combined TRACON& Tower with Radar,31,14,33,0,78,0,0,69,0,69,31,14,102,0,147,110,0,110,257
03/01/2022,ABE,PA,AEA,EN,Combined TRACON& Tower with Radar,28,14,31,2,75,0,0,58,2,60,28,14,89,4,135,87,0,87,222
03/02/2022,ABE,PA,AEA,EN,Combined TRACON& Tower with Radar,30,11,45,12,98,0,3,106,0,109,30,14,151,12,207,205,14,219,426
03/03/2022,ABE,PA,AEA,EN,Combined TRACON& Tower with Radar,39,17,43,0,99,0,3,64,0,67,39,20,107,0,166,63,0,63,229
03/04/2022,ABE,PA,AEA,EN,Combined TRACON& Tower with Radar,36,24,39,2,101,0,3,66,0,69,36,27,105,2,170,132,0,132,302
03/05/2022,ABE,PA,AEA,EN,Combined TRACON& Tower with Radar,29,21,68,2,120,0,2,80,0,82,29,23,148,2,202,2,0,2,204
03/06/2022,ABE,PA,AEA,EN,Combined TRACON& Tower with Radar,29,17,29,1,76,0,2,3,0,5,29,19,32,1,81,4,0,4,85
03/07/2022,ABE,PA,AEA,EN,Combined TRACON& Tower with Radar,36,16,26,2,80,0,1,18,0,19,36,17,44,2,99,72,0,72,171
03/08/2022,ABE,PA,AEA,EN,Combined TRACON& Tower with Radar,33,27,34,1,95,0,1,52,1,54,33,28,86,2,149,140,0,140,289
03/09/2022,ABE,PA,AEA,EN,Combined TRACON& Tower with Radar,30,11,15,0,56,0,0,0,0,0,30,11,15,0,56,0,0,0,56
03/10/2022,ABE,PA,AEA,EN,Combined TRACON& Tower with Radar,43,19,49,6,117,0,1,94,0,95,43,20,143,6,212,223,0,223,435
03/11/2022,ABE,PA,AEA,EN,Combined TRACON& Tower with Radar,33,24,56,1,114,0,4,73,3,80,33,28,129,4,194,201,0,201,395
03/12/2022,ABE,PA,AEA,EN,Combined TRACON& Tower with Radar,29,13,8,0,50,0,0,0,0,0,29,13,8,0,50,0,0,0,50
03/13/2022,ABE,PA,AEA,EN,Combined TRACON& Tower with Radar,27,13,20,0,60,0,0,35,0,35,27,13,55,0,95,94,0,94,189
03/14/2022,ABE,PA,AEA,EN,Combined TRACON& Tower with Radar,38,15,43,2,98,0,2,89,0,91,38,17,132,2,189,111,0,111,300
03/15/2022,ABE,PA,AEA,EN,Combined TRACON& Tower with Radar,30,15,29,0,74,0,0,67,0,67,30,15,96,0,141,76,0,76,217
03/16/2022,ABE,PA,AEA,EN,Combined TRACON& Tower with Radar,32,15,47,8,102,0,4,100,0,104,32,19,147,8,206,127,8,135,341
03/17/2022,ABE,PA,AEA,EN,Combined TRACON& Tower with Radar,49,25,42,0,116,0,0,0,0,0,49,25,42,0,116,0,0,0,116
03/18/2022,ABE,PA,AEA,EN,Combined TRACON& Tower with Radar,35,19,68,0,122,0,2,82,0,84,35,21,150,0,206,48,0,48,254
03/19/2022,ABE,PA,AEA,EN,Combined TRACON& Tower with Radar,25,13,20,0,58,0,1,8,0,9,25,14,28,0,67,10,0,10,77
03/20/2022,ABE,PA,AEA,EN,Combined TRACON& Tower with Radar,31,18,31,0,80,0,4,43,0,47,31,22,74,0,127,172,0,172,299
03/21/2022,ABE,PA,AEA,EN,Combined TRACON& Tower with Radar,36,11,38,0,85,0,4,78,0,82,36,15,116,0,167,176,0,176,343
03/22/2022,ABE,PA,AEA,EN,Combined TRACON& Tower with Radar,29,16,62,0,107,0,1,94,0,95,29,17,156,0,202,170,0,170,372
03/23/2022,ABE,PA,AEA,EN,Combined TRACON& Tower with Radar,34,9,35,2,80,0,2,41,0,43,34,11,76,2,123,38,0,38,161
03/24/2022,ABE,PA,AEA,EN,Combined TRACON& Tower with Radar,33,17,40,0,90,0,0,0,0,0,33,17,40,0,90,0,0,0,90
03/25/2022,ABE,PA,AEA,EN,Combined TRACON& Tower with Radar,40,19,48,0,107,0,2,52,0,54,40,21,100,0,161,150,0,150,311
03/26/2022,ABE,PA,AEA,EN,Combined TRACON& Tower with Radar,29,11,22,0,62,0,3,12,0,15,29,14,34,0,77,29,0,29,106
03/27/2022,ABE,PA,AEA,EN,Combined TRACON& Tower with Radar,34,19,30,0,83,0,1,17,0,18,34,20,47,0,101,14,0,14,115
03/28/2022,ABE,PA,AEA,EN,Combined TRACON& Tower with Radar,35,16,17,0,68,0,1,1,0,2,35,17,18,0,70,0,0,0,70
03/29/2022,ABE,PA,AEA,EN,Combined TRACON& Tower with Radar,27,16,47,1,91,0,1,68,1,70,27,17,115,2,161,113,0,113,274
03/30/2022,ABE,PA,AEA,EN,Combined TRACON& Tower with Radar,30,19,42,2,93,0,1,51,0,52,30,20,93,2,145,88,18,106,251
03/31/2022,ABE,PA,AEA,EN,Combined TRACON& Tower with Radar,40,21,20,0,81,0,0,0,0,0,40,21,20,0,81,0,0,0,81
04/01/2022,ABE,PA,AEA,EN,Combined TRACON& Tower with Radar,37,21,16,2,76,0,3,14,0,17,37,24,30,2,93,16,0,16,109
04/02/2022,ABE,PA,AEA,EN,Combined TRACON& Tower with Radar,25,20,42,0,87,0,4,105,0,109,25,24,147,0,196,90,0,90,286
04/03/2022,ABE,PA,AEA,EN,Combined TRACON& Tower with Radar,30,25,29,0,84,0,0,2,0,2,30,25,31,0,86,0,0,0,86
04/04/2022,ABE,PA,AEA,EN,Combined TRACON& Tower with Radar,38,15,41,0,94,0,1,83,1,85,38,16,124,1,179,54,0,54,233
04/05/2022,ABE,PA,AEA,EN,Combined TRACON& Tower with Radar,27,12,51,0,90,0,1,62,0,63,27,13,113,0,153,148,0,148,301
04/06/2022,ABE,PA,AEA,EN,Combined TRACON& Tower with Radar,32,18,37,0,87,0,0,0,0,0,32,18,37,0,87,8,0,8,95
04/07/2022,ABE,PA,AEA,EN,Combined TRACON& Tower with Radar,33,21,19,1,74,0,0,0,0,0,33,21,19,1,74,0,0,0,74
04/08/2022,ABE,PA,AEA,EN,Combined TRACON& Tower with Radar,40,20,53,0,113,0,1,78,0,79,40,21,131,0,192,249,0,249,441
04/09/2022,ABE,PA,AEA,EN,Combined TRACON& Tower with Radar,29,14,36,0,79,0,4,22,0,26,29,18,58,0,105,32,0,32,137
04/10/2022,ABE,PA,AEA,EN,Combined TRACON& Tower with Radar,33,15,26,1,75,0,3,30,1,34,33,18,56,2,109,82,0,82,191
04/11/2022,ABE,PA,AEA,EN,Combined TRACON& Tower with Radar,39,18,46,0,103,0,2,108,0,110,39,20,154,0,213,173,0,173,386
04/12/2022,ABE,PA,AEA,EN,Combined TRACON& Tower with Radar,30,18,53,0,101,0,3,69,0,72,30,21,122,0,173,208,0,208,381
04/13/2022,ABE,PA,AEA,EN,Combined TRACON& Tower with Radar,31,19,41,2,93,0,1,87,0,88,31,20,128,2,181,119,0,119,300
04/14/2022,ABE,PA,AEA,EN,Combined TRACON& Tower with Radar,38,23,47,12,120,0,1,33,2,36,38,24,80,14,156,80,14,94,250
04/15/2022,ABE,PA,AEA,EN,Combined TRACON& Tower with Radar,37,21,49,0,107,0,3,79,0,82,37,24,128,0,189,53,0,53,242
04/16/2022,ABE,PA,AEA,EN,Combined TRACON& Tower with Radar,35,17,27,0,79,0,0,27,1,28,35,17,54,1,107,118,0,118,225
04/17/2022,ABE,PA,AEA,EN,Combined TRACON& Tower with Radar,29,17,19,0,65,0,0,33,1,34,29,17,52,1,99,18,0,18,117
04/18/2022,ABE,PA,AEA,EN,Combined TRACON& Tower with Radar,40,28,34,0,102,0,1,30,0,31,40,29,64,0,133,70,0,70,203
04/19/2022,ABE,PA,AEA,EN,Combined TRACON& Tower with Radar,33,27,23,0,83,0,3,2,0,5,33,30,25,0,88,14,0,14,102
04/20/2022,ABE,PA,AEA,EN,Combined TRACON& Tower with Radar,34,16,56,0,106,0,4,95,0,99,34,20,151,0,205,138,0,138,343
04/21/2022,ABE,PA,AEA,EN,Combined TRACON& Tower with Radar,37,19,39,0,95,0,2,55,1,58,37,21,94,1,153,84,0,84,237
04/22/2022,ABE,PA,AEA,EN,Combined TRACON& Tower with Radar,39,15,32,0,86,0,6,76,0,82,39,21,108,0,168,200,0,200,368
04/23/2022,ABE,PA,AEA,EN,Combined TRACON& Tower with Radar,33,24,34,0,91,0,4,80,0,84,33,28,114,0,175,153,0,153,328
04/24/2022,ABE,PA,AEA,EN,Combined TRACON& Tower with Radar,37,16,46,0,99,0,3,83,2,88,37,19,129,2,187,182,0,182,369
04/25/2022,ABE,PA,AEA,EN,Combined TRACON& Tower with Radar,38,29,56,0,123,0,0,7,0,7,38,29,63,0,130,84,0,84,214
04/26/2022,ABE,PA,AEA,EN,Combined TRACON& Tower with Radar,33,24,38,3,98,0,0,0,0,0,33,24,38,3,98,0,0,0,98
04/27/2022,ABE,PA,AEA,EN,Combined TRACON& Tower with Radar,29,22,31,6,88,0,3,21,0,24,29,25,52,6,112,16,6,22,134
04/28/2022,ABE,PA,AEA,EN,Combined TRACON& Tower with Radar,36,16,25,0,77,0,7,9,2,18,36,23,34,2,95,28,0,28,123
04/29/2022,ABE,PA,AEA,EN,Combined TRACON& Tower with Radar,41,19,25,1,86,0,2,44,1,47,41,21,69,2,133,38,0,38,171
04/30/2022,ABE,PA,AEA,EN,Combined TRACON& Tower with Radar,27,17,30,0,74,0,5,52,0,57,27,22,82,0,131,98,0,98,229
05/01/2022,ABE,PA,AEA,EN,Combined TRACON& Tower with Radar,30,24,40,0,94,0,2,55,0,57,30,26,95,0,151,127,0,127,278
05/02/2022,ABE,PA,AEA,EN,Combined TRACON& Tower with Radar,39,17,42,0,98,0,0,4,1,5,39,17,46,1,103,0,0,0,103
05/03/2022,ABE,PA,AEA,EN,Combined TRACON& Tower with Radar,29,20,54,8,111,0,2,60,0,62,29,22,114,8,173,92,0,92,265
05/04/2022,ABE,PA,AEA,EN,Combined TRACON& Tower with Radar,32,19,42,0,93,0,0,0,0,0,32,19,42,0,93,0,0,0,93
05/05/2022,ABE,PA,AEA,EN,Combined TRACON& Tower with Radar,39,19,82,6,146,0,3,123,1,127,39,22,205,7,273,240,18,258,531
05/06/2022,ABE,PA,AEA,EN,Combined TRACON& Tower with Radar,39,16,41,2,98,0,2,2,0,4,39,18,43,2,102,0,0,0,102
05/07/2022,ABE,PA,AEA,EN,Combined TRACON& Tower with Radar,28,16,13,0,57,0,0,0,0,0,28,16,13,0,57,0,0,0,57
05/08/2022,ABE,PA,AEA,EN,Combined TRACON& Tower with Radar,30,24,21,0,75,0,2,28,0,30,30,26,49,0,105,42,0,42,147
05/09/2022,ABE,PA,AEA,EN,Combined TRACON& Tower with Radar,39,22,43,0,104,0,4,53,0,57,39,26,96,0,161,198,0,198,359
05/10/2022,ABE,PA,AEA,EN,Combined TRACON& Tower with Radar,29,22,48,0,99,0,1,62,0,63,29,23,110,0,162,167,0,167,329
05/11/2022,ABE,PA,AEA,EN,Combined TRACON& Tower with Radar,26,18,65,0,109,0,1,106,0,107,26,19,171,0,216,158,0,158,374
05/12/2022,ABE,PA,AEA,EN,Combined TRACON& Tower with Radar,38,20,61,6,125,0,3,42,0,45,38,23,103,6,170,217,10,227,397
05/13/2022,ABE,PA,AEA,EN,Combined TRACON& Tower with Radar,40,26,58,0,124,0,0,0,0,0,40,26,58,0,124,0,0,0,124
05/14/2022,ABE,PA,AEA,EN,Combined TRACON& Tower with Radar,26,24,31,0,81,0,0,0,0,0,26,24,31,0,81,0,0,0,81
05/15/2022,ABE,PA,AEA,EN,Combined TRACON& Tower with Radar,33,18,30,2,83,0,0,27,1,28,33,18,57,3,111,12,0,12,123
05/16/2022,ABE,PA,AEA,EN,Combined TRACON& Tower with Radar,37,26,34,0,97,0,0,4,0,4,37,26,38,0,101,20,0,20,121
05/17/2022,ABE,PA,AEA,EN,Combined TRACON& Tower with Radar,30,26,33,0,89,0,3,49,1,53,30,29,82,1,142,74,0,74,216
05/18/2022,ABE,PA,AEA,EN,Combined TRACON& Tower with Radar,30,20,47,0,97,0,6,111,0,117,30,26,158,0,214,116,0,116,330
05/19/2022,ABE,PA,AEA,EN,Combined TRACON& Tower with Radar,40,30,57,0,127,0,0,13,0,13,40,30,70,0,140,138,0,138,278
05/20/2022,ABE,PA,AEA,EN,Combined TRACON& Tower with Radar,38,30,45,0,113,0,4,26,0,30,38,34,71,0,143,136,0,136,279
05/21/2022,ABE,PA,AEA,EN,Combined TRACON& Tower with Radar,27,15,42,0,84,0,4,54,1,59,27,19,96,1,143,57,0,57,200
05/22/2022,ABE,PA,AEA,EN,Combined TRACON& Tower with Radar,33,19,35,1,88,0,6,42,1,49,33,25,77,2,137,104,0,104,241
05/23/2022,ABE,PA,AEA,EN,Combined TRACON& Tower with Radar,39,17,54,2,112,0,1,73,0,74,39,18,127,2,186,159,0,159,345
05/24/2022,ABE,PA,AEA,EN,Combined TRACON& Tower with Radar,30,19,49,0,98,0,1,60,0,61,30,20,109,0,159,231,0,231,390
05/25/2022,ABE,PA,AEA,EN,Combined TRACON& Tower with Radar,29,20,38,0,87,0,2,96,1,99,29,22,134,1,186,164,0,164,350
05/26/2022,ABE,PA,AEA,EN,Combined TRACON& Tower with Radar,39,23,58,6,126,0,0,12,0,12,39,23,70,6,138,126,10,136,274
05/27/2022,ABE,PA,AEA,EN,Combined TRACON& Tower with Radar,43,24,22,0,89,0,0,1,0,1,43,24,23,0,90,0,0,0,90
05/28/2022,ABE,PA,AEA,EN,Combined TRACON& Tower with Radar,33,14,28,0,75,0,1,16,1,18,33,15,44,1,93,72,0,72,165
05/29/2022,ABE,PA,AEA,EN,Combined TRACON& Tower with Radar,33,13,27,0,73,0,1,77,0,78,33,14,104,0,151,106,0,106,257
05/30/2022,ABE,PA,AEA,EN,Combined TRACON& Tower with Radar,37,19,29,0,85,0,4,74,0,78,37,23,103,0,163,158,0,158,321
05/31/2022,ABE,PA,AEA,EN,Combined TRACON& Tower with Radar,31,23,59,0,113,0,2,83,0,85,31,25,142,0,198,80,0,80,278
06/01/2022,ABE,PA,AEA,EN,Combined TRACON& Tower with Radar,34,21,32,2,89,0,0,33,0,33,34,21,65,2,122,148,0,148,270
06/02/2022,ABE,PA,AEA,EN,Combined TRACON& Tower with Radar,42,12,37,0,91,0,2,2,0,4,42,14,39,0,95,4,0,4,99
06/03/2022,ABE,PA,AEA,EN,Combined TRACON& Tower with Radar,41,9,69,0,119,0,2,95,1,98,41,11,164,1,217,176,0,176,393
06/04/2022,ABE,PA,AEA,EN,Combined TRACON& Tower with Radar,35,8,42,0,85,0,6,96,0,102,35,14,138,0,187,54,0,54,241
06/05/2022,ABE,PA,AEA,EN,Combined TRACON& Tower with Radar,38,18,38,0,94,0,3,70,0,73,38,21,108,0,167,91,0,91,258
06/06/2022,ABE,PA,AEA,EN,Combined TRACON& Tower with Radar,42,19,45,0,106,0,1,85,0,86,42,20,130,0,192,176,0,176,368
06/07/2022,ABE,PA,AEA,EN,Combined TRACON& Tower with Radar,40,16,43,0,99,0,1,20,0,21,40,17,63,0,120,92,0,92,212
06/08/2022,ABE,PA,AEA,EN,Combined TRACON& Tower with Radar,39,16,55,0,110,0,1,65,1,67,39,17,120,1,177,116,0,116,293
06/09/2022,ABE,PA,AEA,EN,Combined TRACON& Tower with Radar,44,19,25,3,91,0,0,9,1,10,44,19,34,4,101,84,0,84,185
06/10/2022,ABE,PA,AEA,EN,Combined TRACON& Tower with Radar,45,15,75,2,137,0,3,80,0,83,45,18,155,2,220,157,0,157,377
06/11/2022,ABE,PA,AEA,EN,Combined TRACON& Tower with Radar,33,16,52,1,102,0,4,58,0,62,33,20,110,1,164,137,0,137,301
06/12/2022,ABE,PA,AEA,EN,Combined TRACON& Tower with Radar,38,18,29,1,86,0,2,3,0,5,38,20,32,1,91,0,0,0,91
06/13/2022,ABE,PA,AEA,EN,Combined TRACON& Tower with Radar,42,11,39,0,92,0,1,59,0,60,42,12,98,0,152,132,0,132,284
06/14/2022,ABE,PA,AEA,EN,Combined TRACON& Tower with Radar,37,16,64,0,117,0,5,81,2,88,37,21,145,2,205,170,0,170,375
06/15/2022,ABE,PA,AEA,EN,Combined TRACON& Tower with Radar,39,20,46,2,107,0,1,94,0,95,39,21,140,2,202,162,0,162,364
06/16/2022,ABE,PA,AEA,EN,Combined TRACON& Tower with Radar,50,8,48,0,106,0,0,2,0,2,50,8,50,0,108,22,0,22,130
06/17/2022,ABE,PA,AEA,EN,Combined TRACON& Tower with Radar,41,20,40,0,101,0,3,55,1,59,41,23,95,1,160,155,0,155,315
06/18/2022,ABE,PA,AEA,EN,Combined TRACON& Tower with Radar,41,10,29,0,80,0,4,22,0,26,41,14,51,0,106,24,0,24,130
06/19/2022,ABE,PA,AEA,EN,Combined TRACON& Tower with Radar,42,17,18,0,77,0,4,24,0,28,42,21,42,0,105,62,0,62,167
06/20/2022,ABE,PA,AEA,EN,Combined TRACON& Tower with Radar,42,15,46,0,103,0,4,98,1,103,42,19,144,1,206,164,0,164,370
06/21/2022,ABE,PA,AEA,EN,Combined TRACON& Tower with Radar,38,16,56,0,110,0,3,89,0,92,38,19,145,0,202,102,0,102,304
06/22/2022,ABE,PA,AEA,EN,Combined TRACON& Tower with Radar,39,19,47,0,105,0,1,4,0,5,39,20,51,0,110,56,0,56,166
06/23/2022,ABE,PA,AEA,EN,Combined TRACON& Tower with Radar,45,15,47,2,109,0,0,5,0,5,45,15,52,2,114,0,0,0,114
06/24/2022,ABE,PA,AEA,EN,Combined TRACON& Tower with Radar,38,14,58,0,110,0,1,41,0,42,38,15,99,0,152,58,0,58,210
06/25/2022,ABE,PA,AEA,EN,Combined TRACON& Tower with Radar,34,16,37,0,87,0,2,76,0,78,34,18,113,0,165,286,0,286,451
06/26/2022,ABE,PA,AEA,EN,Combined TRACON& Tower with Radar,39,30,52,0,121,0,3,63,0,66,39,33,115,0,187,164,0,164,351
06/27/2022,ABE,PA,AEA,EN,Combined TRACON& Tower with Radar,38,18,26,0,82,0,1,24,0,25,38,19,50,0,107,18,0,18,125
06/28/2022,ABE,PA,AEA,EN,Combined TRACON& Tower with Radar,37,17,59,1,114,0,2,122,1,125,37,19,181,2,239,120,0,120,359
06/29/2022,ABE,PA,AEA,EN,Combined TRACON& Tower with Radar,35,16,46,2,99,0,5,63,0,68,35,21,109,2,167,90,0,90,257
06/30/2022,ABE,PA,AEA,EN,Combined TRACON& Tower with Radar,41,18,49,9,117,0,5,70,1,76,41,23,119,10,193,127,0,127,320
07/01/2022,ABE,PA,AEA,EN,Combined TRACON& Tower with Radar,40,17,34,0,91,0,0,54,0,54,40,17,88,0,145,104,0,104,249
07/02/2022,ABE,PA,AEA,EN,Combined TRACON& Tower with Radar,33,18,25,0,76,0,4,21,0,25,33,22,46,0,101,14,0,14,115
07/03/2022,ABE,PA,AEA,EN,Combined TRACON& Tower with Radar,27,9,11,0,47,0,0,39,0,39,27,9,50,0,86,36,0,36,122
07/04/2022,ABE,PA,AEA,EN,Combined TRACON& Tower with Radar,25,19,22,0,66,0,1,58,0,59,25,20,80,0,125,72,0,72,197
07/05/2022,ABE,PA,AEA,EN,Combined TRACON& Tower with Radar,28,11,39,2,80,0,3,27,0,30,28,14,66,2,110,14,0,14,124
07/06/2022,ABE,PA,AEA,EN,Combined TRACON& Tower with Radar,30,11,38,0,79,0,1,68,0,69,30,12,106,0,148,154,0,154,302
07/07/2022,ABE,PA,AEA,EN,Combined TRACON& Tower with Radar,38,21,63,0,122,0,1,35,0,36,38,22,98,0,158,309,0,309,467
07/08/2022,ABE,PA,AEA,EN,Combined TRACON& Tower with Radar,38,18,34,0,90,0,1,21,0,22,38,19,55,0,112,158,0,158,270
07/09/2022,ABE,PA,AEA,EN,Combined TRACON& Tower with Radar,33,16,38,0,87,0,8,58,0,66,33,24,96,0,153,120,0,120,273
07/10/2022,ABE,PA,AEA,EN,Combined TRACON& Tower with Radar,39,16,32,0,87,0,3,89,0,92,39,19,121,0,179,84,0,84,263
07/11/2022,ABE,PA,AEA,EN,Combined TRACON& Tower with Radar,34,18,31,0,83,0,3,49,0,52,34,21,80,0,135,170,0,170,305
07/12/2022,ABE,PA,AEA,EN,Combined TRACON& Tower with Radar,29,15,24,0,68,0,5,32,0,37,29,20,56,0,105,27,0,27,132
07/13/2022,ABE,PA,AEA,EN,Combined TRACON& Tower with Radar,30,21,31,14,96,0,2,69,0,71,30,23,100,14,167,88,10,98,265
07/14/2022,ABE,PA,AEA,EN,Combined TRACON& Tower with Radar,39,24,46,0,109,0,1,91,0,92,39,25,137,0,201,152,0,152,353
07/15/2022,ABE,PA,AEA,EN,Combined TRACON& Tower with Radar,36,20,63,0,119,0,3,65,0,68,36,23,128,0,187,72,0,72,259
07/16/2022,ABE,PA,AEA,EN,Combined TRACON& Tower with Radar,36,18,25,0,79,0,2,23,0,25,36,20,48,0,104,52,0,52,156
07/17/2022,ABE,PA,AEA,EN,Combined TRACON& Tower with Radar,37,26,46,0,109,0,8,28,0,36,37,34,74,0,145,132,0,132,277
07/18/2022,ABE,PA,AEA,EN,Combined TRACON& Tower with Radar,51,17,45,0,113,0,0,6,0,6,51,17,51,0,119,84,0,84,203
07/19/2022,ABE,PA,AEA,EN,Combined TRACON& Tower with Radar,30,14,45,2,91,0,2,52,2,56,30,16,97,4,147,198,0,198,345
07/20/2022,ABE,PA,AEA,EN,Combined TRACON& Tower with Radar,30,19,38,10,97,0,4,70,1,75,30,23,108,11,172,139,12,151,323
07/21/2022,ABE,PA,AEA,EN,Combined TRACON& Tower with Radar,55,12,51,0,118,0,3,64,0,67,55,15,115,0,185,162,0,162,347
07/22/2022,ABE,PA,AEA,EN,Combined TRACON& Tower with Radar,36,36,63,0,135,0,3,66,0,69,36,39,129,0,204,242,0,242,446
07/23/2022,ABE,PA,AEA,EN,Combined TRACON& Tower with Radar,34,31,29,0,94,0,2,52,2,56,34,33,81,2,150,32,0,32,182
07/24/2022,ABE,PA,AEA,EN,Combined TRACON& Tower with Radar,34,34,27,0,95,0,2,52,0,54,34,36,79,0,149,116,0,116,265
07/25/2022,ABE,PA,AEA,EN,Combined TRACON& Tower with Radar,42,20,24,0,86,0,0,17,0,17,42,20,41,0,103,19,0,19,122
07/26/2022,ABE,PA,AEA,EN,Combined TRACON& Tower with Radar,25,23,44,0,92,0,0,62,0,62,25,23,106,0,154,148,0,148,302
07/27/2022,ABE,PA,AEA,EN,Combined TRACON& Tower with Radar,32,34,52,8,126,0,2,71,0,73,32,36,123,8,199,102,10,112,311
07/28/2022,ABE,PA,AEA,EN,Combined TRACON& Tower with Radar,41,24,51,0,116,0,2,31,0,33,41,26,82,0,149,94,0,94,243
07/29/2022,ABE,PA,AEA,EN,Combined TRACON& Tower with Radar,41,22,32,0,95,0,3,46,2,51,41,25,78,2,146,100,0,100,246
07/30/2022,ABE,PA,AEA,EN,Combined TRACON& Tower with Radar,35,15,49,0,99,0,3,74,0,77,35,18,123,0,176,85,0,85,261
07/31/2022,ABE,PA,AEA,EN,Combined TRACON& Tower with Radar,37,17,50,0,104,0,3,78,0,81,37,20,128,0,185,109,0,109,294
08/01/2022,ABE,PA,AEA,EN,Combined TRACON& Tower with Radar,37,19,31,0,87,0,4,13,0,17,37,23,44,0,104,96,0,96,200
08/02/2022,ABE,PA,AEA,EN,Combined TRACON& Tower with Radar,30,16,40,0,86,0,2,62,0,64,30,18,102,0,150,167,0,167,317
08/03/2022,ABE,PA,AEA,EN,Combined TRACON& Tower with Radar,31,7,37,0,75,0,4,82,0,86,31,11,119,0,161,198,0,198,359
08/04/2022,ABE,PA,AEA,EN,Combined TRACON& Tower with Radar,36,28,51,0,115,0,5,68,2,75,36,33,119,2,190,158,0,158,348
08/05/2022,ABE,PA,AEA,EN,Combined TRACON& Tower with Radar,34,11,15,10,70,0,3,25,1,29,34,14,40,11,99,84,0,84,183
08/06/2022,ABE,PA,AEA,EN,Combined TRACON& Tower with Radar,32,14,39,0,85,0,2,20,0,22,32,16,59,0,107,68,0,68,175
08/07/2022,ABE,PA,AEA,EN,Combined TRACON& Tower with Radar,36,15,25,0,76,0,8,35,0,43,36,23,60,0,119,42,0,42,161
08/08/2022,ABE,PA,AEA,EN,Combined TRACON& Tower with Radar,34,11,33,0,78,0,3,23,0,26,34,14,56,0,104,88,0,88,192
08/09/2022,ABE,PA,AEA,EN,Combined TRACON& Tower with Radar,27,18,27,0,72,0,8,35,0,43,27,26,62,0,115,12,0,12,127
08/10/2022,ABE,PA,AEA,EN,Combined TRACON& Tower with Radar,32,19,29,0,80,0,0,46,0,46,32,19,75,0,126,63,0,63,189
08/11/2022,ABE,PA,AEA,EN,Combined TRACON& Tower with Radar,41,19,25,0,85,0,2,70,0,72,41,21,95,0,157,109,0,109,266
08/12/2022,ABE,PA,AEA,EN,Combined TRACON& Tower with Radar,33,16,48,0,97,0,1,50,0,51,33,17,98,0,148,61,0,61,209
08/13/2022,ABE,PA,AEA,EN,Combined TRACON& Tower with Radar,32,11,32,0,75,0,3,74,0,77,32,14,106,0,152,116,0,116,268
08/14/2022,ABE,PA,AEA,EN,Combined TRACON& Tower with Radar,36,22,23,0,81,0,10,48,1,59,36,32,71,1,140,90,0,90,230
08/15/2022,ABE,PA,AEA,EN,Combined TRACON& Tower with Radar,34,16,58,0,108,0,1,52,0,53,34,17,110,0,161,104,0,104,265
08/16/2022,ABE,PA,AEA,EN,Combined TRACON& Tower with Radar,34,22,43,2,101,0,4,61,1,66,34,26,104,3,167,76,0,76,243
08/17/2022,ABE,PA,AEA,EN,Combined TRACON& Tower with Radar,42,19,38,2,101,0,1,44,0,45,42,20,82,2,146,137,0,137,283
08/18/2022,ABE,PA,AEA,EN,Combined TRACON& Tower with Radar,40,23,42,0,105,0,0,76,2,78,40,23,118,2,183,80,0,80,263
08/19/2022,ABE,PA,AEA,EN,Combined TRACON& Tower with Radar,38,16,46,0,100,0,1,106,0,107,38,17,152,0,207,104,0,104,311
08/20/2022,ABE,PA,AEA,EN,Combined TRACON& Tower with Radar,35,8,41,0,84,0,6,83,1,90,35,14,124,1,174,59,0,59,233
08/21/2022,ABE,PA,AEA,EN,Combined TRACON& Tower with Radar,38,9,21,0,68,0,3,17,0,20,38,12,38,0,88,54,0,54,142
08/22/2022,ABE,PA,AEA,EN,Combined TRACON& Tower with Radar,37,13,30,0,80,0,0,0,0,0,37,13,30,0,80,0,0,0,80
08/23/2022,ABE,PA,AEA,EN,Combined TRACON& Tower with Radar,36,31,36,0,103,0,3,26,0,29,36,34,62,0,132,106,0,106,238
08/24/2022,ABE,PA,AEA,EN,Combined TRACON& Tower with Radar,37,15,32,0,84,0,4,69,0,73,37,19,101,0,157,115,0,115,272
08/25/2022,ABE,PA,AEA,EN,Combined TRACON& Tower with Radar,41,15,46,0,102,0,3,71,0,74,41,18,117,0,176,6,0,6,182
08/26/2022,ABE,PA,AEA,EN,Combined TRACON& Tower with Radar,39,18,30,2,89,0,1,44,1,46,39,19,74,3,135,87,0,87,222
08/27/2022,ABE,PA,AEA,EN,Combined TRACON& Tower with Radar,35,6,47,0,88,0,1,78,0,79,35,7,125,0,167,78,0,78,245
08/28/2022,ABE,PA,AEA,EN,Combined TRACON& Tower with Radar,35,17,47,0,99,0,5,27,0,32,35,22,74,0,131,28,0,28,159
08/29/2022,ABE,PA,AEA,EN,Combined TRACON& Tower with Radar,33,16,56,0,105,0,1,17,0,18,33,17,73,0,123,126,0,126,249
08/30/2022,ABE,PA,AEA,EN,Combined TRACON& Tower with Radar,34,12,45,0,91,0,0,12,0,12,34,12,57,0,103,12,0,12,115
08/31/2022,ABE,PA,AEA,EN,Combined TRACON& Tower with Radar,33,13,28,0,74,0,5,54,0,59,33,18,82,0,133,109,0,109,242
09/01/2022,ABE,PA,AEA,EN,Combined TRACON& Tower with Radar,38,21,38,8,105,0,4,61,3,68,38,25,99,11,173,64,20,84,257
09/02/2022,ABE,PA,AEA,EN,Combined TRACON& Tower with Radar,38,17,31,0,86,0,1,67,1,69,38,18,98,1,155,220,0,220,375
09/03/2022,ABE,PA,AEA,EN,Combined TRACON& Tower with Radar,29,9,49,0,87,0,3,61,0,64,29,12,110,0,151,84,0,84,235
09/04/2022,ABE,PA,AEA,EN,Combined TRACON& Tower with Radar,31,8,28,0,67,0,2,33,0,35,31,10,61,0,102,130,0,130,232
09/05/2022,ABE,PA,AEA,EN,Combined TRACON& Tower with Radar,38,7,44,0,89,0,0,19,0,19,38,7,63,0,108,10,0,10,118
09/06/2022,ABE,PA,AEA,EN,Combined TRACON& Tower with Radar,36,2,21,2,61,0,0,2,0,2,36,2,23,2,63,0,0,0,63
09/07/2022,ABE,PA,AEA,EN,Combined TRACON& Tower with Radar,33,13,10,2,58,0,2,1,0,3,33,15,11,2,61,0,0,0,61
09/08/2022,ABE,PA,AEA,EN,Combined TRACON& Tower with Radar,34,7,36,0,77,0,3,57,2,62,34,10,93,2,139,68,0,68,207
09/09/2022,ABE,PA,AEA,EN,Combined TRACON& Tower with Radar,38,6,60,0,104,0,1,108,0,109,38,7,168,0,213,170,0,170,383
09/10/2022,ABE,PA,AEA,EN,Combined TRACON& Tower with Radar,34,8,57,0,99,0,7,103,1,111,34,15,160,1,210,202,0,202,412
09/11/2022,ABE,PA,AEA,EN,Combined TRACON& Tower with Radar,33,9,33,0,75,0,1,0,0,1,33,10,33,0,76,0,0,0,76
09/12/2022,ABE,PA,AEA,EN,Combined TRACON& Tower with Radar,35,5,29,0,69,0,0,3,0,3,35,5,32,0,72,60,0,60,132
09/13/2022,ABE,PA,AEA,EN,Combined TRACON& Tower with Radar,32,13,37,0,82,0,1,39,0,40,32,14,76,0,122,149,0,149,271
09/14/2022,ABE,PA,AEA,EN,Combined TRACON& Tower with Radar,32,16,55,7,110,0,2,79,1,82,32,18,134,8,192,91,0,91,283
09/15/2022,ABE,PA,AEA,EN,Combined TRACON& Tower with Radar,41,8,42,1,92,0,9,68,1,78,41,17,110,2,170,84,0,84,254
09/16/2022,ABE,PA,AEA,EN,Combined TRACON& Tower with Radar,36,14,40,0,90,0,2,96,2,100,36,16,136,2,190,166,0,166,356
09/17/2022,ABE,PA,AEA,EN,Combined TRACON& Tower with Radar,31,12,36,0,79,0,3,91,0,94,31,15,127,0,173,126,0,126,299
09/18/2022,ABE,PA,AEA,EN,Combined TRACON& Tower with Radar,34,19,30,0,83,0,3,56,0,59,34,22,86,0,142,98,0,98,240
09/19/2022,ABE,PA,AEA,EN,Combined TRACON& Tower with Radar,38,10,28,10,86,0,1,35,0,36,38,11,63,10,122,30,0,30,152
09/20/2022,ABE,PA,AEA,EN,Combined TRACON& Tower with Radar,30,6,47,0,83,0,4,71,2,77,30,10,118,2,160,120,0,120,280
09/21/2022,ABE,PA,AEA,EN,Combined TRACON& Tower with Radar,31,9,37,0,77,0,1,89,0,90,31,10,126,0,167,228,0,228,395
09/22/2022,ABE,PA,AEA,EN,Combined TRACON& Tower with Radar,39,11,26,2,78,0,4,14,4,22,39,15,40,6,100,0,0,0,100
09/23/2022,ABE,PA,AEA,EN,Combined TRACON& Tower with Radar,38,16,25,0,79,0,3,29,1,33,38,19,54,1,112,57,0,57,169
09/24/2022,ABE,PA,AEA,EN,Combined TRACON& Tower with Radar,30,0,56,0,86,0,2,91,0,93,30,2,147,0,179,82,0,82,261
09/25/2022,ABE,PA,AEA,EN,Combined TRACON& Tower with Radar,37,7,24,0,68,0,2,29,0,31,37,9,53,0,99,96,0,96,195
09/26/2022,ABE,PA,AEA,EN,Combined TRACON& Tower with Radar,38,16,38,0,92,0,2,49,0,51,38,18,87,0,143,138,0,138,281
09/27/2022,ABE,PA,AEA,EN,Combined TRACON& Tower with Radar,31,11,48,1,91,0,0,59,1,60,31,11,107,2,151,110,0,110,261
09/28/2022,ABE,PA,AEA,EN,Combined TRACON& Tower with Radar,29,14,53,0,96,0,2,83,0,85,29,16,136,0,181,147,0,147,328
09/29/2022,ABE,PA,AEA,EN,Combined TRACON& Tower with Radar,33,18,47,0,98,0,7,76,0,83,33,25,123,0,181,104,0,104,285
09/30/2022,ABE,PA,AEA,EN,Combined TRACON& Tower with Radar,27,12,41,0,80,0,2,80,0,82,27,14,121,0,162,138,0,138,300
10/01/2022,ABE,PA,AEA,EN,Combined TRACON& Tower with Radar,32,3,20,0,55,0,0,0,0,0,32,3,20,0,55,0,0,0,55
10/02/2022,ABE,PA,AEA,EN,Combined TRACON& Tower with Radar,32,11,14,0,57,0,0,6,1,7,32,11,20,1,64,0,0,0,64
10/03/2022,ABE,PA,AEA,EN,Combined TRACON& Tower with Radar,40,10,31,0,81,0,2,19,0,21,40,12,50,0,102,100,0,100,202
10/04/2022,ABE,PA,AEA,EN,Combined TRACON& Tower with Radar,30,10,35,0,75,0,0,0,0,0,30,10,35,0,75,0,0,0,75
10/05/2022,ABE,PA,AEA,EN,Combined TRACON& Tower with Radar,33,19,53,0,105,0,0,1,0,1,33,19,54,0,106,24,0,24,130
10/06/2022,ABE,PA,AEA,EN,Combined TRACON& Tower with Radar,39,14,73,5,131,0,0,116,2,118,39,14,189,7,249,174,10,184,433
10/07/2022,ABE,PA,AEA,EN,Combined TRACON& Tower with Radar,38,18,72,4,132,0,4,109,1,114,38,22,181,5,246,296,0,296,542
10/08/2022,ABE,PA,AEA,EN,Combined TRACON& Tower with Radar,33,10,37,0,80,0,1,62,0,63,33,11,99,0,143,270,0,270,413
10/09/2022,ABE,PA,AEA,EN,Combined TRACON& Tower with Radar,38,12,45,0,95,0,3,58,0,61,38,15,103,0,156,158,0,158,314
10/10/2022,ABE,PA,AEA,EN,Combined TRACON& Tower with Radar,34,18,51,0,103,0,2,76,0,78,34,20,127,0,181,192,0,192,373
10/11/2022,ABE,PA,AEA,EN,Combined TRACON& Tower with Radar,32,12,48,0,92,0,0,95,0,95,32,12,143,0,187,232,0,232,419
10/12/2022,ABE,PA,AEA,EN,Combined TRACON& Tower with Radar,34,15,68,0,117,0,3,103,0,106,34,18,171,0,223,180,0,180,403
10/13/2022,ABE,PA,AEA,EN,Combined TRACON& Tower with Radar,39,20,14,0,73,0,0,3,0,3,39,20,17,0,76,2,0,2,78
10/14/2022,ABE,PA,AEA,EN,Combined TRACON& Tower with Radar,39,10,46,0,95,0,1,85,0,86,39,11,131,0,181,269,0,269,450
10/15/2022,ABE,PA,AEA,EN,Combined TRACON& Tower with Radar,36,14,62,0,112,0,3,92,0,95,36,17,154,0,207,130,0,130,337
10/16/2022,ABE,PA,AEA,EN,Combined TRACON& Tower with Radar,39,13,53,0,105,0,7,62,0,69,39,20,115,0,174,136,0,136,310
10/17/2022,ABE,PA,AEA,EN,Combined TRACON& Tower with Radar,33,12,69,0,114,0,3,4,1,8,33,15,73,1,122,149,0,149,271
10/18/2022,ABE,PA,AEA,EN,Combined TRACON& Tower with Radar,36,14,70,0,120,0,3,67,0,70,36,17,137,0,190,230,0,230,420
10/19/2022,ABE,PA,AEA,EN,Combined TRACON& Tower with Radar,34,11,41,0,86,0,7,42,0,49,34,18,83,0,135,109,0,109,244
10/20/2022,ABE,PA,AEA,EN,Combined TRACON& Tower with Radar,40,10,60,6,116,0,2,69,0,71,40,12,129,6,187,115,0,115,302
10/21/2022,ABE,PA,AEA,EN,Combined TRACON& Tower with Radar,38,10,59,2,109,0,6,91,0,97,38,16,150,2,206,287,0,287,493
10/22/2022,ABE,PA,AEA,EN,Combined TRACON& Tower with Radar,29,18,49,0,96,0,3,91,1,95,29,21,140,1,191,120,0,120,311
10/23/2022,ABE,PA,AEA,EN,Combined TRACON& Tower with Radar,39,16,33,0,88,0,10,33,1,44,39,26,66,1,132,127,0,127,259
10/24/2022,ABE,PA,AEA,EN,Combined TRACON& Tower with Radar,34,19,27,1,81,0,0,0,0,0,34,19,27,1,81,0,0,0,81
10/25/2022,ABE,PA,AEA,EN,Combined TRACON& Tower with Radar,36,11,30,0,77,0,1,5,0,6,36,12,35,0,83,2,0,2,85
10/26/2022,ABE,PA,AEA,EN,Combined TRACON& Tower with Radar,36,19,74,1,130,0,1,6,1,8,36,20,80,2,138,34,0,34,172
10/27/2022,ABE,PA,AEA,EN,Combined TRACON& Tower with Radar,41,17,48,1,107,0,5,86,1,92,41,22,134,2,199,84,0,84,283
10/28/2022,ABE,PA,AEA,EN,Combined TRACON& Tower with Radar,38,11,49,0,98,0,1,111,0,112,38,12,160,0,210,207,0,207,417
10/29/2022,ABE,PA,AEA,EN,Combined TRACON& Tower with Radar,32,9,37,0,78,0,2,79,0,81,32,11,116,0,159,160,0,160,319
10/30/2022,ABE,PA,AEA,EN,Combined TRACON& Tower with Radar,31,20,64,0,115,0,3,90,0,93,31,23,154,0,208,70,0,70,278
10/31/2022,ABE,PA,AEA,EN,Combined TRACON& Tower with Radar,28,11,60,0,99,0,0,8,0,8,28,11,68,0,107,143,0,143,250
11/01/2022,ABE,PA,AEA,EN,Combined TRACON& Tower with Radar,28,12,46,2,88,0,0,17,0,17,28,12,63,2,105,86,0,86,191
11/02/2022,ABE,PA,AEA,EN,Combined TRACON& Tower with Radar,28,21,43,4,96,0,2,71,0,73,28,23,114,4,169,126,0,126,295
11/03/2022,ABE,PA,AEA,EN,Combined TRACON& Tower with Radar,37,15,53,0,105,0,8,76,0,84,37,23,129,0,189,136,2,138,327
11/04/2022,ABE,PA,AEA,EN,Combined TRACON& Tower with Radar,49,18,65,0,132,0,1,98,2,101,49,19,163,2,233,212,0,212,445
11/05/2022,ABE,PA,AEA,EN,Combined TRACON& Tower with Radar,27,10,49,11,97,0,3,35,0,38,27,13,84,11,135,96,6,102,237
11/06/2022,ABE,PA,AEA,EN,Combined TRACON& Tower with Radar,34,20,23,0,77,0,2,4,0,6,34,22,27,0,83,0,0,0,83
11/07/2022,ABE,PA,AEA,EN,Combined TRACON& Tower with Radar,30,13,45,0,88,0,2,75,0,77,30,15,120,0,165,110,0,110,275
11/08/2022,ABE,PA,AEA,EN,Combined TRACON& Tower with Radar,33,22,22,0,77,0,1,60,0,61,33,23,82,0,138,170,0,170,308
11/09/2022,ABE,PA,AEA,EN,Combined TRACON& Tower with Radar,34,12,52,0,98,0,2,80,0,82,34,14,132,0,180,158,0,158,338
11/10/2022,ABE,PA,AEA,EN,Combined TRACON& Tower with Radar,35,12,46,0,93,0,3,79,0,82,35,15,125,0,175,159,0,159,334
11/11/2022,ABE,PA,AEA,EN,Combined TRACON& Tower with Radar,35,17,31,0,83,0,0,1,0,1,35,17,32,0,84,0,0,0,84
11/12/2022,ABE,PA,AEA,EN,Combined TRACON& Tower with Radar,28,15,34,0,77,0,2,37,0,39,28,17,71,0,116,49,0,49,165
11/13/2022,ABE,PA,AEA,EN,Combined TRACON& Tower with Radar,38,15,26,0,79,0,1,21,0,22,38,16,47,0,101,24,0,24,125
11/14/2022,ABE,PA,AEA,EN,Combined TRACON& Tower with Radar,32,6,51,0,89,0,3,76,1,80,32,9,127,1,169,85,0,85,254
11/15/2022,ABE,PA,AEA,EN,Combined TRACON& Tower with Radar,36,14,39,0,89,0,1,42,0,43,36,15,81,0,132,80,0,80,212
11/16/2022,ABE,PA,AEA,EN,Combined TRACON& Tower with Radar,32,11,40,4,87,0,0,25,0,25,32,11,65,4,112,18,0,18,130
11/17/2022,ABE,PA,AEA,EN,Combined TRACON& Tower with Radar,40,25,22,2,89,0,0,50,0,50,40,25,72,2,139,17,0,17,156
11/18/2022,ABE,PA,AEA,EN,Combined TRACON& Tower with Radar,42,12,35,0,89,0,0,63,0,63,42,12,98,0,152,66,0,66,218
11/19/2022,ABE,PA,AEA,EN,Combined TRACON& Tower with Radar,32,10,39,0,81,0,0,62,0,62,32,10,101,0,143,108,0,108,251
11/20/2022,ABE,PA,AEA,EN,Combined TRACON& Tower with Radar,37,9,22,0,68,0,4,9,0,13,37,13,31,0,81,0,0,0,81
11/21/2022,ABE,PA,AEA,EN,Combined TRACON& Tower with Radar,41,14,53,2,110,0,3,72,0,75,41,17,125,2,185,180,12,192,377
11/22/2022,ABE,PA,AEA,EN,Combined TRACON& Tower with Radar,40,18,54,0,112,0,3,90,1,94,40,21,144,1,206,159,2,161,367
11/23/2022,ABE,PA,AEA,EN,Combined TRACON& Tower with Radar,42,22,42,0,106,0,1,95,0,96,42,23,137,0,202,91,0,91,293
11/24/2022,ABE,PA,AEA,EN,Combined TRACON& Tower with Radar,17,7,14,0,38,0,1,14,0,15,17,8,28,0,53,10,0,10,63
11/25/2022,ABE,PA,AEA,EN,Combined TRACON& Tower with Radar,26,9,17,1,53,0,2,9,0,11,26,11,26,1,64,12,0,12,76
11/26/2022,ABE,PA,AEA,EN,Combined TRACON& Tower with Radar,35,11,49,0,95,0,2,78,0,80,35,13,127,0,175,93,0,93,268
11/27/2022,ABE,PA,AEA,EN,Combined TRACON& Tower with Radar,45,23,25,2,95,0,0,6,0,6,45,23,31,2,101,0,0,0,101
11/28/2022,ABE,PA,AEA,EN,Combined TRACON& Tower with Radar,43,12,32,2,89,0,2,22,0,24,43,14,54,2,113,81,0,81,194
11/29/2022,ABE,PA,AEA,EN,Combined TRACON& Tower with Radar,33,16,53,0,102,0,4,73,0,77,33,20,126,0,179,170,0,170,349
11/30/2022,ABE,PA,AEA,EN,Combined TRACON& Tower with Radar,36,11,12,0,59,0,0,0,0,0,36,11,12,0,59,6,0,6,65
12/01/2022,ABE,PA,AEA,EN,Combined TRACON& Tower with Radar,39,18,21,0,78,0,2,17,0,19,39,20,38,0,97,18,0,18,115
12/02/2022,ABE,PA,AEA,EN,Combined TRACON& Tower with Radar,41,7,52,0,100,0,0,126,0,126,41,7,178,0,226,216,0,216,442
12/03/2022,ABE,PA,AEA,EN,Combined TRACON& Tower with Radar,26,5,10,0,41,0,1,3,0,4,26,6,13,0,45,0,0,0,45
12/04/2022,ABE,PA,AEA,EN,Combined TRACON& Tower with Radar,33,14,40,0,87,0,4,69,0,73,33,18,109,0,160,80,0,80,240
12/05/2022,ABE,PA,AEA,EN,Combined TRACON& Tower with Radar,36,11,59,0,106,0,1,99,0,100,36,12,158,0,206,96,0,96,302
12/06/2022,ABE,PA,AEA,EN,Combined TRACON& Tower with Radar,32,14,28,0,74,0,0,0,0,0,32,14,28,0,74,0,0,0,74
12/07/2022,ABE,PA,AEA,EN,Combined TRACON& Tower with Radar,36,12,22,0,70,0,0,0,0,0,36,12,22,0,70,0,0,0,70
12/08/2022,ABE,PA,AEA,EN,Combined TRACON& Tower with Radar,35,11,87,0,133,0,0,24,0,24,35,11,111,0,157,144,0,144,301
12/09/2022,ABE,PA,AEA,EN,Combined TRACON& Tower with Radar,38,9,71,1,119,0,1,36,1,38,38,10,107,2,157,141,0,141,298
12/10/2022,ABE,PA,AEA,EN,Combined TRACON& Tower with Radar,28,10,72,0,110,0,0,42,0,42,28,10,114,0,152,50,0,50,202
12/11/2022,ABE,PA,AEA,EN,Combined TRACON& Tower with Radar,32,10,9,0,51,0,0,0,0,0,32,10,9,0,51,0,0,0,51
12/12/2022,ABE,PA,AEA,EN,Combined TRACON& Tower with Radar,38,12,26,0,76,0,2,8,1,11,38,14,34,1,87,76,0,76,163
12/13/2022,ABE,PA,AEA,EN,Combined TRACON& Tower with Radar,32,17,76,4,129,0,2,42,1,45,32,19,118,5,174,188,2,190,364
12/14/2022,ABE,PA,AEA,EN,Combined TRACON& Tower with Radar,31,17,63,0,111,0,8,32,0,40,31,25,95,0,151,97,4,101,252
12/15/2022,ABE,PA,AEA,EN,Combined TRACON& Tower with Radar,38,11,21,0,70,0,0,0,0,0,38,11,21,0,70,0,0,0,70
12/16/2022,ABE,PA,AEA,EN,Combined TRACON& Tower with Radar,35,15,20,0,70,0,0,0,0,0,35,15,20,0,70,16,0,16,86
12/17/2022,ABE,PA,AEA,EN,Combined TRACON& Tower with Radar,32,16,46,0,94,0,1,24,0,25,32,17,70,0,119,176,0,176,295
12/18/2022,ABE,PA,AEA,EN,Combined TRACON& Tower with Radar,34,11,52,0,97,0,1,20,0,21,34,12,72,0,118,84,0,84,202
12/19/2022,ABE,PA,AEA,EN,Combined TRACON& Tower with Radar,35,9,58,0,102,0,0,25,0,25,35,9,83,0,127,18,0,18,145
12/20/2022,ABE,PA,AEA,EN,Combined TRACON& Tower with Radar,40,9,81,10,140,0,1,30,0,31,40,10,111,10,171,126,22,148,319
12/21/2022,ABE,PA,AEA,EN,Combined TRACON& Tower with Radar,38,7,67,20,132,0,0,34,0,34,38,7,101,20,166,132,38,170,336
12/22/2022,ABE,PA,AEA,EN,Combined TRACON& Tower with Radar,40,12,10,0,62,0,3,0,0,3,40,15,10,0,65,0,0,0,65
12/23/2022,ABE,PA,AEA,EN,Combined TRACON& Tower with Radar,25,8,0,0,33,0,0,0,0,0,25,8,0,0,33,0,0,0,33
12/24/2022,ABE,PA,AEA,EN,Combined TRACON& Tower with Radar,18,16,3,0,37,0,2,0,0,2,18,18,3,0,39,0,0,0,39
12/25/2022,ABE,PA,AEA,EN,Combined TRACON& Tower with Radar,13,9,3,0,25,0,0,3,0,3,13,9,6,0,28,0,0,0,28
12/26/2022,ABE,PA,AEA,EN,Combined TRACON& Tower with Radar,17,17,54,0,88,0,2,32,0,34,17,19,86,0,122,58,0,58,180
12/27/2022,ABE,PA,AEA,EN,Combined TRACON& Tower with Radar,38,17,69,0,124,0,3,36,0,39,38,20,105,0,163,50,0,50,213
12/28/2022,ABE,PA,AEA,EN,Combined TRACON& Tower with Radar,39,15,84,5,143,0,2,51,1,54,39,17,135,6,197,186,8,194,391
12/29/2022,ABE,PA,AEA,EN,Combined TRACON& Tower with Radar,39,11,73,6,129,0,1,44,0,45,39,12,117,6,174,48,0,48,222
12/30/2022,ABE,PA,AEA,EN,Combined TRACON& Tower with Radar,37,23,79,0,139,0,1,43,0,44,37,24,122,0,183,242,0,242,425
12/31/2022,ABE,PA,AEA,EN,Combined TRACON& Tower with Radar,11,7,1,0,19,0,0,0,0,0,11,7,1,0,19,0,0,0,19
01/02/2023,ABE,PA,AEA,EN,Combined TRACON& Tower with Radar,30,17,57,0,104,0,0,17,0,17,30,17,74,0,121,117,0,117,238
01/03/2023,ABE,PA,AEA,EN,Combined TRACON& Tower with Radar,35,14,19,0,68,0,0,0,0,0,35,14,19,0,68,0,0,0,68
01/04/2023,ABE,PA,AEA,EN,Combined TRACON& Tower with Radar,37,18,45,0,100,0,0,4,0,4,37,18,49,0,104,0,0,0,104
01/05/2023,ABE,PA,AEA,EN,Combined TRACON& Tower with Radar,39,23,85,13,160,0,2,38,1,41,39,25,123,14,201,164,24,188,389
01/06/2023,ABE,PA,AEA,EN,Combined TRACON& Tower with Radar,34,15,33,0,82,0,1,6,0,7,34,16,39,0,89,124,0,124,213
01/07/2023,ABE,PA,AEA,EN,Combined TRACON& Tower with Radar,28,11,81,0,120,0,0,24,0,24,28,11,105,0,144,93,0,93,237
01/08/2023,ABE,PA,AEA,EN,Combined TRACON& Tower with Radar,30,10,80,7,127,0,0,33,0,33,30,10,113,7,160,58,0,58,218
01/09/2023,ABE,PA,AEA,EN,Combined TRACON& Tower with Radar,36,15,60,4,115,0,6,26,0,32,36,21,86,4,147,80,10,90,237
01/10/2023,ABE,PA,AEA,EN,Combined TRACON& Tower with Radar,32,10,61,3,106,0,1,21,2,24,32,11,82,5,130,48,0,48,178
01/11/2023,ABE,PA,AEA,EN,Combined TRACON& Tower with Radar,45,20,65,9,139,0,0,32,0,32,45,20,97,9,171,32,0,32,203
01/12/2023,ABE,PA,AEA,EN,Combined TRACON& Tower with Radar,37,10,17,0,64,0,0,0,0,0,37,10,17,0,64,0,0,0,64
01/13/2023,ABE,PA,AEA,EN,Combined TRACON& Tower with Radar,38,13,40,0,91,0,0,2,0,2,38,13,42,0,93,0,0,0,93
01/14/2023,ABE,PA,AEA,EN,Combined TRACON& Tower with Radar,29,9,41,0,79,0,1,14,0,15,29,10,55,0,94,14,0,14,108
01/15/2023,ABE,PA,AEA,EN,Combined TRACON& Tower with Radar,30,9,50,0,89,0,4,23,0,27,30,13,73,0,116,28,0,28,144
01/16/2023,ABE,PA,AEA,EN,Combined TRACON& Tower with Radar,38,11,103,0,152,0,5,45,0,50,38,16,148,0,202,184,0,184,386
01/17/2023,ABE,PA,AEA,EN,Combined TRACON& Tower with Radar,32,10,32,14,88,0,1,11,0,12,32,11,43,14,100,78,34,112,212
01/18/2023,ABE,PA,AEA,EN,Combined TRACON& Tower with Radar,40,13,41,7,101,0,0,27,1,28,40,13,68,8,129,112,0,112,241
01/19/2023,ABE,PA,AEA,EN,Combined TRACON& Tower with Radar,34,8,22,0,64,0,0,0,0,0,34,8,22,0,64,0,0,0,64
01/20/2023,ABE,PA,AEA,EN,Combined TRACON& Tower with Radar,34,14,48,0,96,0,2,15,0,17,34,16,63,0,113,32,0,32,145
01/21/2023,ABE,PA,AEA,EN,Combined TRACON& Tower with Radar,28,10,73,0,111,0,1,21,0,22,28,11,94,0,133,44,0,44,177
01/22/2023,ABE,PA,AEA,EN,Combined TRACON& Tower with Radar,33,10,36,0,79,0,0,10,0,10,33,10,46,0,89,90,0,90,179
01/23/2023,ABE,PA,AEA,EN,Combined TRACON& Tower with Radar,38,9,10,0,57,0,0,0,0,0,38,9,10,0,57,0,0,0,57
01/24/2023,ABE,PA,AEA,EN,Combined TRACON& Tower with Radar,28,18,74,10,130,0,1,21,0,22,28,19,95,10,152,104,36,140,292
01/25/2023,ABE,PA,AEA,EN,Combined TRACON& Tower with Radar,37,15,6,0,58,0,0,1,0,1,37,15,7,0,59,8,0,8,67
01/26/2023,ABE,PA,AEA,EN,Combined TRACON& Tower with Radar,36,24,31,2,93,0,0,12,0,12,36,24,43,2,105,6,0,6,111
01/27/2023,ABE,PA,AEA,EN,Combined TRACON& Tower with Radar,36,7,100,1,144,0,0,61,0,61,36,7,161,1,205,129,0,129,334
01/28/2023,ABE,PA,AEA,EN,Combined TRACON& Tower with Radar,28,5,74,3,110,0,0,41,1,42,28,5,115,4,152,85,0,85,237
01/29/2023,ABE,PA,AEA,EN,Combined TRACON& Tower with Radar,32,7,62,0,101,0,2,25,0,27,32,9,87,0,128,106,0,106,234
01/30/2023,ABE,PA,AEA,EN,Combined TRACON& Tower with Radar,34,12,88,12,146,0,0,20,0,20,34,12,108,12,166,136,0,136,302
01/31/2023,ABE,PA,AEA,EN,Combined TRACON& Tower with Radar,30,6,53,25,114,0,1,21,3,25,30,7,74,28,139,220,54,274,413
02/01/2023,ABE,PA,AEA,EN,Combined TRACON& Tower with Radar,30,17,93,8,148,0,0,37,0,37,30,17,130,8,185,160,4,164,349
02/02/2023,ABE,PA,AEA,EN,Combined TRACON& Tower with Radar,30,28,86,0,144,0,0,40,0,40,30,28,126,0,184,152,0,152,336
02/03/2023,ABE,PA,AEA,EN,Combined TRACON& Tower with Radar,37,22,10,0,69,0,2,3,0,5,37,24,13,0,74,8,0,8,82
02/04/2023,ABE,PA,AEA,EN,Combined TRACON& Tower with Radar,26,13,65,0,104,0,0,29,0,29,26,13,94,0,133,142,0,142,275
02/05/2023,ABE,PA,AEA,EN,Combined TRACON& Tower with Radar,28,25,59,0,112,0,1,24,0,25,28,26,83,0,137,84,0,84,221
02/06/2023,ABE,PA,AEA,EN,Combined TRACON& Tower with Radar,38,20,40,0,98,0,4,19,1,24,38,24,59,1,122,146,0,146,268
02/07/2023,ABE,PA,AEA,EN,Combined TRACON& Tower with Radar,31,23,77,7,138,0,3,38,5,46,31,26,115,12,184,129,0,129,313
02/08/2023,ABE,PA,AEA,EN,Combined TRACON& Tower with Radar,33,21,108,0,162,0,2,36,1,39,33,23,144,1,201,126,0,126,327
02/09/2023,ABE,PA,AEA,EN,Combined TRACON& Tower with Radar,37,17,38,7,99,0,3,12,6,21,37,20,50,13,120,175,20,195,315
02/10/2023,ABE,PA,AEA,EN,Combined TRACON& Tower with Radar,36,15,33,0,84,0,3,11,0,14,36,18,44,0,98,20,0,20,118
02/11/2023,ABE,PA,AEA,EN,Combined TRACON& Tower with Radar,24,9,76,0,109,0,1,36,0,37,24,10,112,0,146,105,0,105,251
02/12/2023,ABE,PA,AEA,EN,Combined TRACON& Tower with Radar,28,10,67,0,105,0,0,36,0,36,28,10,103,0,141,105,0,105,246
02/13/2023,ABE,PA,AEA,EN,Combined TRACON& Tower with Radar,32,12,43,0,87,0,8,31,0,39,32,20,74,0,126,156,0,156,282
02/14/2023,ABE,PA,AEA,EN,Combined TRACON& Tower with Radar,29,13,57,1,100,0,1,33,0,34,29,14,90,1,134,174,0,174,308
02/15/2023,ABE,PA,AEA,EN,Combined TRACON& Tower with Radar,34,14,53,6,107,0,0,28,2,30,34,14,81,8,137,79,24,103,240
02/16/2023,ABE,PA,AEA,EN,Combined TRACON& Tower with Radar,37,17,55,6,115,0,0,13,0,13,37,17,68,6,128,94,10,104,232
02/17/2023,ABE,PA,AEA,EN,Combined TRACON& Tower with Radar,37,14,10,0,61,0,0,0,0,0,37,14,10,0,61,0,0,0,61
02/18/2023,ABE,PA,AEA,EN,Combined TRACON& Tower with Radar,26,14,74,0,114,0,0,50,0,50,26,14,124,0,164,90,0,90,254
02/19/2023,ABE,PA,AEA,EN,Combined TRACON& Tower with Radar,34,14,63,0,111,0,1,31,0,32,34,15,94,0,143,202,0,202,345
02/20/2023,ABE,PA,AEA,EN,Combined TRACON& Tower with Radar,34,16,60,0,110,0,0,31,0,31,34,16,91,0,141,216,0,216,357
02/21/2023,ABE,PA,AEA,EN,Combined TRACON& Tower with Radar,34,15,15,0,64,0,2,1,0,3,34,17,16,0,67,0,0,0,67
02/22/2023,ABE,PA,AEA,EN,Combined TRACON& Tower with Radar,32,18,31,0,81,0,0,12,0,12,32,18,43,0,93,18,0,18,111
02/23/2023,ABE,PA,AEA,EN,Combined TRACON& Tower with Radar,41,23,56,0,120,0,0,17,0,17,41,23,73,0,137,23,0,23,160
02/24/2023,ABE,PA,AEA,EN,Combined TRACON& Tower with Radar,37,16,38,0,91,0,0,7,0,7,37,16,45,0,98,8,0,8,106
02/25/2023,ABE,PA,AEA,EN,Combined TRACON& Tower with Radar,27,18,65,0,110,0,0,20,0,20,27,18,85,0,130,150,0,150,280
02/26/2023,ABE,PA,AEA,EN,Combined TRACON& Tower with Radar,36,14,51,0,101,0,3,9,1,13,36,17,60,1,114,24,0,24,138
02/27/2023,ABE,PA,AEA,EN,Combined TRACON& Tower with Radar,31,12,79,1,123,0,0,21,0,21,31,12,100,1,144,89,0,89,233
02/28/2023,ABE,PA,AEA,EN,Combined TRACON& Tower with Radar,30,22,16,0,68,0,0,3,0,3,30,22,19,0,71,32,0,32,103
03/01/2023,ABE,PA,AEA,EN,Combined TRACON& Tower with Radar,34,13,102,2,151,0,2,54,0,56,34,15,156,2,207,252,0,252,459
03/02/2023,ABE,PA,AEA,EN,Combined TRACON& Tower with Radar,41,15,31,0,87,0,3,13,0,16,41,18,44,0,103,97,0,97,200
03/03/2023,ABE,PA,AEA,EN,Combined TRACON& Tower with Radar,36,19,53,2,110,0,0,20,0,20,36,19,73,2,130,20,0,20,150
03/04/2023,ABE,PA,AEA,EN,Combined TRACON& Tower with Radar,29,8,31,1,69,0,3,12,2,17,29,11,43,3,86,12,0,12,98
03/05/2023,ABE,PA,AEA,EN,Combined TRACON& Tower with Radar,35,12,78,0,125,0,4,33,0,37,35,16,111,0,162,209,0,209,371
03/06/2023,ABE,PA,AEA,EN,Combined TRACON& Tower with Radar,35,13,111,4,163,0,3,51,0,54,35,16,162,4,217,215,0,215,432
03/07/2023,ABE,PA,AEA,EN,Combined TRACON& Tower with Radar,30,16,40,0,86,0,0,10,1,11,30,16,50,1,97,10,0,10,107
03/08/2023,ABE,PA,AEA,EN,Combined TRACON& Tower with Radar,33,16,43,0,92,0,0,15,1,16,33,16,58,1,108,39,0,39,147
03/09/2023,ABE,PA,AEA,EN,Combined TRACON& Tower with Radar,39,15,90,0,144,0,0,47,0,47,39,15,137,0,191,207,0,207,398
03/10/2023,ABE,PA,AEA,EN,Combined TRACON& Tower with Radar,36,19,32,0,87,0,0,10,0,10,36,19,42,0,97,30,0,30,127
03/11/2023,ABE,PA,AEA,EN,Combined TRACON& Tower with Radar,29,16,5,1,51,0,0,3,0,3,29,16,8,1,54,0,0,0,54
03/12/2023,ABE,PA,AEA,EN,Combined TRACON& Tower with Radar,38,12,97,1,148,0,3,56,0,59,38,15,153,1,207,174,0,174,381
03/13/2023,ABE,PA,AEA,EN,Combined TRACON& Tower with Radar,31,11,7,0,49,0,0,0,0,0,31,11,7,0,49,0,0,0,49
03/14/2023,ABE,PA,AEA,EN,Combined TRACON& Tower with Radar,33,16,9,1,59,0,0,0,0,0,33,16,9,1,59,0,0,0,59
03/15/2023,ABE,PA,AEA,EN,Combined TRACON& Tower with Radar,31,14,17,0,62,0,0,9,0,9,31,14,26,0,71,7,0,7,78
03/16/2023,ABE,PA,AEA,EN,Combined TRACON& Tower with Radar,38,16,83,1,138,0,1,51,0,52,38,17,134,1,190,198,0,198,388
03/17/2023,ABE,PA,AEA,EN,Combined TRACON& Tower with Radar,35,18,72,0,125,0,1,27,0,28,35,19,99,0,153,198,0,198,351
03/18/2023,ABE,PA,AEA,EN,Combined TRACON& Tower with Radar,31,15,82,0,128,0,1,31,0,32,31,16,113,0,160,224,0,224,384
03/19/2023,ABE,PA,AEA,EN,Combined TRACON& Tower with Radar,33,14,29,0,76,0,1,11,0,12,33,15,40,0,88,18,0,18,106
03/20/2023,ABE,PA,AEA,EN,Combined TRACON& Tower with Radar,33,11,93,0,137,0,0,40,0,40,33,11,133,0,177,128,0,128,305
03/21/2023,ABE,PA,AEA,EN,Combined TRACON& Tower with Radar,31,16,101,1,149,0,0,46,1,47,31,16,147,2,196,148,0,148,344
03/22/2023,ABE,PA,AEA,EN,Combined TRACON& Tower with Radar,35,12,95,10,152,0,1,44,0,45,35,13,139,10,197,142,0,142,339
03/23/2023,ABE,PA,AEA,EN,Combined TRACON& Tower with Radar,38,15,29,0,82,0,0,1,0,1,38,15,30,0,83,28,0,28,111
03/24/2023,ABE,PA,AEA,EN,Combined TRACON& Tower with Radar,34,26,85,0,145,0,0,27,0,27,34,26,112,0,172,286,0,286,458
03/25/2023,ABE,PA,AEA,EN,Combined TRACON& Tower with Radar,30,17,12,0,59,0,0,0,0,0,30,17,12,0,59,0,0,0,59
03/26/2023,ABE,PA,AEA,EN,Combined TRACON& Tower with Radar,35,10,79,0,124,0,2,27,0,29,35,12,106,0,153,66,0,66,219
03/27/2023,ABE,PA,AEA,EN,Combined TRACON& Tower with Radar,40,11,58,0,109,0,4,26,0,30,40,15,84,0,139,110,0,110,249
03/28/2023,ABE,PA,AEA,EN,Combined TRACON& Tower with Radar,30,15,50,0,95,0,0,13,0,13,30,15,63,0,108,77,0,77,185
03/29/2023,ABE,PA,AEA,EN,Combined TRACON& Tower with Radar,29,18,69,0,116,0,1,39,0,40,29,19,108,0,156,82,0,82,238
03/30/2023,ABE,PA,AEA,EN,Combined TRACON& Tower with Radar,38,19,85,0,142,0,1,36,0,37,38,20,121,0,179,78,0,78,257
03/31/2023,ABE,PA,AEA,EN,Combined TRACON& Tower with Radar,35,17,42,0,94,0,1,11,0,12,35,18,53,0,106,174,0,174,280
04/01/2023,ABE,PA,AEA,EN,Combined TRACON& Tower with Radar,31,13,14,0,58,0,0,1,0,1,31,13,15,0,59,0,0,0,59
04/02/2023,ABE,PA,AEA,EN,Combined TRACON& Tower with Radar,30,21,34,0,85,0,0,15,0,15,30,21,49,0,100,64,0,64,164
04/03/2023,ABE,PA,AEA,EN,Combined TRACON& Tower with Radar,31,21,66,0,118,0,3,32,1,36,31,24,98,1,154,48,0,48,202
04/04/2023,ABE,PA,AEA,EN,Combined TRACON& Tower with Radar,32,13,97,4,146,0,7,40,1,48,32,20,137,5,194,49,0,49,243
04/05/2023,ABE,PA,AEA,EN,Combined TRACON& Tower with Radar,31,13,51,0,95,0,0,0,0,0,31,13,51,0,95,0,0,0,95
04/06/2023,ABE,PA,AEA,EN,Combined TRACON& Tower with Radar,39,13,42,1,95,0,0,14,0,14,39,13,56,1,109,138,0,138,247
04/07/2023,ABE,PA,AEA,EN,Combined TRACON& Tower with Radar,36,24,60,4,124,0,1,30,2,33,36,25,90,6,157,54,0,54,211
04/08/2023,ABE,PA,AEA,EN,Combined TRACON& Tower with Radar,30,22,67,0,119,0,2,46,0,48,30,24,113,0,167,142,0,142,309
04/09/2023,ABE,PA,AEA,EN,Combined TRACON& Tower with Radar,33,15,42,0,90,0,2,19,0,21,33,17,61,0,111,71,0,71,182
04/10/2023,ABE,PA,AEA,EN,Combined TRACON& Tower with Radar,34,15,65,0,114,0,1,41,1,43,34,16,106,1,157,178,0,178,335
04/11/2023,ABE,PA,AEA,EN,Combined TRACON& Tower with Radar,30,19,69,1,119,0,3,37,0,40,30,22,106,1,159,125,0,125,284
04/12/2023,ABE,PA,AEA,EN,Combined TRACON& Tower with Radar,32,15,47,0,94,0,0,32,0,32,32,15,79,0,126,55,0,55,181
04/13/2023,ABE,PA,AEA,EN,Combined TRACON& Tower with Radar,38,15,90,18,161,0,7,50,0,57,38,22,140,18,218,180,12,192,410
04/14/2023,ABE,PA,AEA,EN,Combined TRACON& Tower with Radar,34,26,84,0,144,0,1,39,0,40,34,27,123,0,184,162,0,162,346
04/15/2023,ABE,PA,AEA,EN,Combined TRACON& Tower with Radar,30,11,18,0,59,0,1,0,0,1,30,12,18,0,60,0,0,0,60
04/16/2023,ABE,PA,AEA,EN,Combined TRACON& Tower with Radar,35,19,59,0,113,0,0,3,0,3,35,19,62,0,116,20,0,20,136
04/17/2023,ABE,PA,AEA,EN,Combined TRACON& Tower with Radar,36,20,54,7,117,0,0,17,0,17,36,20,71,7,134,143,0,143,277
04/18/2023,ABE,PA,AEA,EN,Combined TRACON& Tower with Radar,29,15,37,0,81,0,0,13,0,13,29,15,50,0,94,57,0,57,151
04/19/2023,ABE,PA,AEA,EN,Combined TRACON& Tower with Radar,29,13,72,0,114,0,2,29,0,31,29,15,101,0,145,115,0,115,260
04/20/2023,ABE,PA,AEA,EN,Combined TRACON& Tower with Radar,40,22,61,0,123,0,3,37,2,42,40,25,98,2,165,199,0,199,364
04/21/2023,ABE,PA,AEA,EN,Combined TRACON& Tower with Radar,35,21,83,2,141,0,4,35,0,39,35,25,118,2,180,133,0,133,313
04/22/2023,ABE,PA,AEA,EN,Combined TRACON& Tower with Radar,25,11,41,1,78,0,0,7,0,7,25,11,48,1,85,10,0,10,95
04/23/2023,ABE,PA,AEA,EN,Combined TRACON& Tower with Radar,35,17,84,0,136,0,0,28,0,28,35,17,112,0,164,113,0,113,277
04/24/2023,ABE,PA,AEA,EN,Combined TRACON& Tower with Radar,32,19,41,0,92,0,0,53,0,53,32,19,94,0,145,158,0,158,303
04/25/2023,ABE,PA,AEA,EN,Combined TRACON& Tower with Radar,27,25,41,2,95,0,0,60,0,60,27,25,101,2,155,151,0,151,306
04/26/2023,ABE,PA,AEA,EN,Combined TRACON& Tower with Radar,29,13,31,2,75,0,0,49,0,49,29,13,80,2,124,104,0,104,228
04/27/2023,ABE,PA,AEA,EN,Combined TRACON& Tower with Radar,35,17,72,0,124,0,4,32,0,36,35,21,104,0,160,54,0,54,214
04/28/2023,ABE,PA,AEA,EN,Combined TRACON& Tower with Radar,34,23,37,0,94,0,1,0,0,1,34,24,37,0,95,0,0,0,95
04/29/2023,ABE,PA,AEA,EN,Combined TRACON& Tower with Radar,24,16,24,0,64,0,0,0,0,0,24,16,24,0,64,0,0,0,64
04/30/2023,ABE,PA,AEA,EN,Combined TRACON& Tower with Radar,37,12,16,0,65,0,0,0,0,0,37,12,16,0,65,0,0,0,65
05/01/2023,ABE,PA,AEA,EN,Combined TRACON& Tower with Radar,33,12,17,0,62,0,2,41,0,43,33,14,58,0,105,31,0,31,136
05/02/2023,ABE,PA,AEA,EN,Combined TRACON& Tower with Radar,27,18,39,8,92,0,3,31,2,36,27,21,70,10,128,79,12,91,219
05/03/2023,ABE,PA,AEA,EN,Combined TRACON& Tower with Radar,28,14,39,0,81,0,1,20,0,21,28,15,59,0,102,161,0,161,263
05/04/2023,ABE,PA,AEA,EN,Combined TRACON& Tower with Radar,37,27,54,2,120,0,5,44,2,51,37,32,98,4,171,227,0,227,398
05/05/2023,ABE,PA,AEA,EN,Combined TRACON& Tower with Radar,33,15,53,0,101,0,4,72,0,76,33,19,125,0,177,248,0,248,425
05/06/2023,ABE,PA,AEA,EN,Combined TRACON& Tower with Radar,23,15,27,0,65,0,3,90,0,93,23,18,117,0,158,52,0,52,210
05/07/2023,ABE,PA,AEA,EN,Combined TRACON& Tower with Radar,31,16,31,0,78,0,10,61,2,73,31,26,92,2,151,90,4,94,245
05/08/2023,ABE,PA,AEA,EN,Combined TRACON& Tower with Radar,35,13,39,0,87,0,4,72,0,76,35,17,111,0,163,86,0,86,249
05/09/2023,ABE,PA,AEA,EN,Combined TRACON& Tower with Radar,23,21,42,0,86,0,8,69,1,78,23,29,111,1,164,93,0,93,257
05/10/2023,ABE,PA,AEA,EN,Combined TRACON& Tower with Radar,30,17,41,0,88,0,3,87,2,92,30,20,128,2,180,179,0,179,359
05/11/2023,ABE,PA,AEA,EN,Combined TRACON& Tower with Radar,36,11,35,0,82,0,5,80,0,85,36,16,115,0,167,111,0,111,278
05/12/2023,ABE,PA,AEA,EN,Combined TRACON& Tower with Radar,33,14,32,0,79,0,7,84,2,93,33,21,116,2,172,154,0,154,326
05/13/2023,ABE,PA,AEA,EN,Combined TRACON& Tower with Radar,23,7,38,0,68,0,1,59,0,60,23,8,97,0,128,18,0,18,146
05/14/2023,ABE,PA,AEA,EN,Combined TRACON& Tower with Radar,32,19,24,0,75,0,1,55,0,56,32,20,79,0,131,98,0,98,229
05/15/2023,ABE,PA,AEA,EN,Combined TRACON& Tower with Radar,33,17,40,0,90,0,4,62,0,66,33,21,102,0,156,162,0,162,318
05/16/2023,ABE,PA,AEA,EN,Combined TRACON& Tower with Radar,23,16,32,2,73,0,5,80,2,87,23,21,112,4,160,77,0,77,237
05/17/2023,ABE,PA,AEA,EN,Combined TRACON& Tower with Radar,29,15,29,0,73,0,6,50,0,56,29,21,79,0,129,78,0,78,207
05/18/2023,ABE,PA,AEA,EN,Combined TRACON& Tower with Radar,34,11,44,0,89,0,4,107,1,112,34,15,151,1,201,147,0,147,348
05/19/2023,ABE,PA,AEA,EN,Combined TRACON& Tower with Radar,35,25,45,0,105,0,1,66,0,67,35,26,111,0,172,170,0,170,342
05/20/2023,ABE,PA,AEA,EN,Combined TRACON& Tower with Radar,24,22,33,0,79,0,0,0,0,0,24,22,33,0,79,6,0,6,85
05/21/2023,ABE,PA,AEA,EN,Combined TRACON& Tower with Radar,33,19,35,0,87,0,16,37,2,55,33,35,72,2,142,6,0,6,148
05/22/2023,ABE,PA,AEA,EN,Combined TRACON& Tower with Radar,34,14,32,8,88,0,8,75,2,85,34,22,107,10,173,91,0,91,264
05/23/2023,ABE,PA,AEA,EN,Combined TRACON& Tower with Radar,28,14,37,3,82,0,7,80,2,89,28,21,117,5,171,139,0,139,310
05/24/2023,ABE,PA,AEA,EN,Combined TRACON& Tower with Radar,28,21,38,0,87,0,6,65,2,73,28,27,103,2,160,150,0,150,310
05/25/2023,ABE,PA,AEA,EN,Combined TRACON& Tower with Radar,36,9,26,0,71,0,1,88,3,92,36,10,114,3,163,99,0,99,262
05/26/2023,ABE,PA,AEA,EN,Combined TRACON& Tower with Radar,34,13,31,0,78,0,11,110,1,122,34,24,141,1,200,151,0,151,351
05/27/2023,ABE,PA,AEA,EN,Combined TRACON& Tower with Radar,27,11,32,0,70,0,9,74,0,83,27,20,106,0,153,126,0,126,279
05/28/2023,ABE,PA,AEA,EN,Combined TRACON& Tower with Radar,31,9,16,0,56,0,5,53,0,58,31,14,69,0,114,54,0,54,168
05/29/2023,ABE,PA,AEA,EN,Combined TRACON& Tower with Radar,30,10,21,0,61,0,5,54,0,59,30,15,75,0,120,62,0,62,182
05/30/2023,ABE,PA,AEA,EN,Combined TRACON& Tower with Radar,26,12,19,2,59,0,3,69,1,73,26,15,88,3,132,57,0,57,189
05/31/2023,ABE,PA,AEA,EN,Combined TRACON& Tower with Radar,30,14,40,2,86,0,9,95,0,104,30,23,135,2,190,224,0,224,414
06/01/2023,ABE,PA,AEA,EN,Combined TRACON& Tower with Radar,38,11,31,0,80,0,4,91,0,95,38,15,122,0,175,263,0,263,438
06/02/2023,ABE,PA,AEA,EN,Combined TRACON& Tower with Radar,32,18,20,0,70,0,2,66,2,70,32,20,86,2,140,72,0,72,212
06/03/2023,ABE,PA,AEA,EN,Combined TRACON& Tower with Radar,26,16,58,0,100,0,0,10,0,10,26,16,68,0,110,0,0,0,110
06/04/2023,ABE,PA,AEA,EN,Combined TRACON& Tower with Radar,34,16,40,0,90,0,7,64,2,73,34,23,104,2,163,33,0,33,196
06/05/2023,ABE,PA,AEA,EN,Combined TRACON& Tower with Radar,33,22,35,1,91,0,8,75,1,84,33,30,110,2,175,101,0,101,276
06/06/2023,ABE,PA,AEA,EN,Combined TRACON& Tower with Radar,25,18,40,0,83,0,0,35,0,35,25,18,75,0,118,37,0,37,155
06/07/2023,ABE,PA,AEA,EN,Combined TRACON& Tower with Radar,30,21,43,0,94,0,0,3,0,3,30,21,46,0,97,0,0,0,97
06/08/2023,ABE,PA,AEA,EN,Combined TRACON& Tower with Radar,35,21,33,0,89,0,0,8,0,8,35,21,41,0,97,0,0,0,97
06/09/2023,ABE,PA,AEA,EN,Combined TRACON& Tower with Radar,32,21,46,0,99,0,0,45,0,45,32,21,91,0,144,26,0,26,170
06/10/2023,ABE,PA,AEA,EN,Combined TRACON& Tower with Radar,24,20,23,0,67,0,5,49,0,54,24,25,72,0,121,14,0,14,135
06/11/2023,ABE,PA,AEA,EN,Combined TRACON& Tower with Radar,34,12,41,0,87,0,7,51,0,58,34,19,92,0,145,136,0,136,281
06/12/2023,ABE,PA,AEA,EN,Combined TRACON& Tower with Radar,33,10,44,4,91,0,0,5,0,5,33,10,49,4,96,0,0,0,96
06/13/2023,ABE,PA,AEA,EN,Combined TRACON& Tower with Radar,28,9,40,8,85,1,3,83,9,96,29,12,123,17,181,140,0,140,321
06/14/2023,ABE,PA,AEA,EN,Combined TRACON& Tower with Radar,33,14,25,0,72,0,0,15,0,15,33,14,40,0,87,11,0,11,98
06/15/2023,ABE,PA,AEA,EN,Combined TRACON& Tower with Radar,38,27,39,0,104,0,6,76,0,82,38,33,115,0,186,275,0,275,461
06/16/2023,ABE,PA,AEA,EN,Combined TRACON& Tower with Radar,37,12,28,0,77,0,2,26,0,28,37,14,54,0,105,122,0,122,227
06/17/2023,ABE,PA,AEA,EN,Combined TRACON& Tower with Radar,29,15,26,0,70,0,2,33,1,36,29,17,59,1,106,72,0,72,178
06/18/2023,ABE,PA,AEA,EN,Combined TRACON& Tower with Radar,34,7,34,0,75,0,7,71,0,78,34,14,105,0,153,124,0,124,277
06/19/2023,ABE,PA,AEA,EN,Combined TRACON& Tower with Radar,32,12,49,0,93,0,5,97,0,102,32,17,146,0,195,145,0,145,340
06/20/2023,ABE,PA,AEA,EN,Combined TRACON& Tower with Radar,26,21,66,2,115,0,1,48,4,53,26,22,114,6,168,144,18,162,330
06/21/2023,ABE,PA,AEA,EN,Combined TRACON& Tower with Radar,31,18,42,8,99,0,4,88,2,94,31,22,130,10,193,132,32,164,357
06/22/2023,ABE,PA,AEA,EN,Combined TRACON& Tower with Radar,41,9,46,0,96,0,1,2,0,3,41,10,48,0,99,61,0,61,160
06/23/2023,ABE,PA,AEA,EN,Combined TRACON& Tower with Radar,36,16,43,0,95,0,0,0,0,0,36,16,43,0,95,0,0,0,95
06/24/2023,ABE,PA,AEA,EN,Combined TRACON& Tower with Radar,32,9,26,0,67,0,1,1,0,2,32,10,27,0,69,7,0,7,76
06/25/2023,ABE,PA,AEA,EN,Combined TRACON& Tower with Radar,37,12,23,0,72,0,6,31,0,37,37,18,54,0,109,78,0,78,187
06/26/2023,ABE,PA,AEA,EN,Combined TRACON& Tower with Radar,35,10,19,1,65,0,2,0,0,2,35,12,19,1,67,0,0,0,67
06/27/2023,ABE,PA,AEA,EN,Combined TRACON& Tower with Radar,28,20,36,0,84,0,0,3,0,3,28,20,39,0,87,0,0,0,87
06/28/2023,ABE,PA,AEA,EN,Combined TRACON& Tower with Radar,33,22,74,6,135,0,4,16,0,20,33,26,90,6,155,139,10,149,304
06/29/2023,ABE,PA,AEA,EN,Combined TRACON& Tower with Radar,38,23,73,2,136,0,0,1,0,1,38,23,74,2,137,10,0,10,147
06/30/2023,ABE,PA,AEA,EN,Combined TRACON& Tower with Radar,41,24,38,2,105,0,0,6,0,6,41,24,44,2,111,2,0,2,113
07/01/2023,ABE,PA,AEA,EN,Combined TRACON& Tower with Radar,29,11,16,0,56,0,2,21,0,23,29,13,37,0,79,12,0,12,91
07/02/2023,ABE,PA,AEA,EN,Combined TRACON& Tower with Radar,33,8,21,0,62,0,0,8,0,8,33,8,29,0,70,21,0,21,91
07/03/2023,ABE,PA,AEA,EN,Combined TRACON& Tower with Radar,33,10,35,0,78,0,7,65,0,72,33,17,100,0,150,86,0,86,236
07/04/2023,ABE,PA,AEA,EN,Combined TRACON& Tower with Radar,12,11,41,0,64,0,0,23,1,24,12,11,64,1,88,81,0,81,169
07/05/2023,ABE,PA,AEA,EN,Combined TRACON& Tower with Radar,25,16,41,0,82,0,7,93,0,100,25,23,134,0,182,88,0,88,270
07/06/2023,ABE,PA,AEA,EN,Combined TRACON& Tower with Radar,38,21,41,0,100,0,10,47,0,57,38,31,88,0,157,89,0,89,246
07/07/2023,ABE,PA,AEA,EN,Combined TRACON& Tower with Radar,36,13,59,0,108,0,3,15,0,18,36,16,74,0,126,54,0,54,180
07/08/2023,ABE,PA,AEA,EN,Combined TRACON& Tower with Radar,31,15,45,6,97,0,4,34,0,38,31,19,79,6,135,42,0,42,177
07/09/2023,ABE,PA,AEA,EN,Combined TRACON& Tower with Radar,37,9,10,0,56,0,0,1,0,1,37,9,11,0,57,0,0,0,57
07/10/2023,ABE,PA,AEA,EN,Combined TRACON& Tower with Radar,35,16,35,0,86,0,7,47,0,54,35,23,82,0,140,153,0,153,293
07/11/2023,ABE,PA,AEA,EN,Combined TRACON& Tower with Radar,29,17,60,0,106,0,6,115,0,121,29,23,175,0,227,136,0,136,363
07/12/2023,ABE,PA,AEA,EN,Combined TRACON& Tower with Radar,36,18,28,2,84,0,10,86,0,96,36,28,114,2,180,126,0,126,306
07/13/2023,ABE,PA,AEA,EN,Combined TRACON& Tower with Radar,40,23,27,0,90,0,6,80,0,86,40,29,107,0,176,109,0,109,285
07/14/2023,ABE,PA,AEA,EN,Combined TRACON& Tower with Radar,36,27,31,0,94,0,7,24,0,31,36,34,55,0,125,115,0,115,240
07/15/2023,ABE,PA,AEA,EN,Combined TRACON& Tower with Radar,38,18,50,0,106,0,2,25,0,27,38,20,75,0,133,103,0,103,236
07/16/2023,ABE,PA,AEA,EN,Combined TRACON& Tower with Radar,34,25,22,0,81,0,0,2,0,2,34,25,24,0,83,0,0,0,83
07/17/2023,ABE,PA,AEA,EN,Combined TRACON& Tower with Radar,39,21,45,12,117,0,5,50,0,55,39,26,95,12,172,80,0,80,252
07/18/2023,ABE,PA,AEA,EN,Combined TRACON& Tower with Radar,37,14,50,0,101,0,6,71,0,77,37,20,121,0,178,178,0,178,356
07/19/2023,ABE,PA,AEA,EN,Combined TRACON& Tower with Radar,34,30,36,0,100,0,1,33,0,34,34,31,69,0,134,96,0,96,230
07/20/2023,ABE,PA,AEA,EN,Combined TRACON& Tower with Radar,40,32,59,0,131,0,8,80,2,90,40,40,139,2,221,255,0,255,476
07/21/2023,ABE,PA,AEA,EN,Combined TRACON& Tower with Radar,38,33,40,2,113,0,2,37,0,39,38,35,77,2,152,146,0,146,298
07/22/2023,ABE,PA,AEA,EN,Combined TRACON& Tower with Radar,34,27,36,0,97,0,5,73,0,78,34,32,109,0,175,115,0,115,290
07/23/2023,ABE,PA,AEA,EN,Combined TRACON& Tower with Radar,34,32,36,0,102,0,7,65,0,72,34,39,101,0,174,37,0,37,211
07/24/2023,ABE,PA,AEA,EN,Combined TRACON& Tower with Radar,39,15,24,0,78,0,2,39,0,41,39,17,63,0,119,20,0,20,139
07/25/2023,ABE,PA,AEA,EN,Combined TRACON& Tower with Radar,32,26,46,0,104,0,7,21,0,28,32,33,67,0,132,0,0,0,132
07/26/2023,ABE,PA,AEA,EN,Combined TRACON& Tower with Radar,36,14,43,0,93,0,13,93,0,106,36,27,136,0,199,75,0,75,274
07/27/2023,ABE,PA,AEA,EN,Combined TRACON& Tower with Radar,42,19,46,0,107,0,3,33,0,36,42,22,79,0,143,31,0,31,174
07/28/2023,ABE,PA,AEA,EN,Combined TRACON& Tower with Radar,35,23,36,1,95,0,9,57,1,67,35,32,93,2,162,138,0,138,300
07/29/2023,ABE,PA,AEA,EN,Combined TRACON& Tower with Radar,36,16,36,0,88,0,1,13,0,14,36,17,49,0,102,30,0,30,132
07/30/2023,ABE,PA,AEA,EN,Combined TRACON& Tower with Radar,36,19,38,0,93,0,7,84,0,91,36,26,122,0,184,34,0,34,218
07/31/2023,ABE,PA,AEA,EN,Combined TRACON& Tower with Radar,35,26,35,1,97,0,2,86,1,89,35,28,121,2,186,49,0,49,235
08/01/2023,ABE,PA,AEA,EN,Combined TRACON& Tower with Radar,25,13,44,4,86,0,4,79,0,83,25,17,123,4,169,56,0,56,225
08/02/2023,ABE,PA,AEA,EN,Combined TRACON& Tower with Radar,34,21,39,12,106,0,8,102,0,110,34,29,141,12,216,152,28,180,396
08/03/2023,ABE,PA,AEA,EN,Combined TRACON& Tower with Radar,38,17,29,0,84,0,7,64,1,72,38,24,93,1,156,187,0,187,343
08/04/2023,ABE,PA,AEA,EN,Combined TRACON& Tower with Radar,35,22,71,0,128,0,2,10,0,12,35,24,81,0,140,56,0,56,196
08/05/2023,ABE,PA,AEA,EN,Combined TRACON& Tower with Radar,30,10,54,0,94,0,15,79,0,94,30,25,133,0,188,86,0,86,274
08/06/2023,ABE,PA,AEA,EN,Combined TRACON& Tower with Radar,29,17,26,0,72,0,4,82,0,86,29,21,108,0,158,182,0,182,340
08/07/2023,ABE,PA,AEA,EN,Combined TRACON& Tower with Radar,29,14,36,0,79,0,0,0,0,0,29,14,36,0,79,7,0,7,86
08/08/2023,ABE,PA,AEA,EN,Combined TRACON& Tower with Radar,28,11,33,0,72,0,1,34,2,37,28,12,67,2,109,40,0,40,149
08/09/2023,ABE,PA,AEA,EN,Combined TRACON& Tower with Radar,32,8,52,0,92,0,12,90,0,102,32,20,142,0,194,69,0,69,263
08/10/2023,ABE,PA,AEA,EN,Combined TRACON& Tower with Radar,36,16,38,0,90,0,0,16,2,18,36,16,54,2,108,28,0,28,136
08/11/2023,ABE,PA,AEA,EN,Combined TRACON& Tower with Radar,32,12,32,2,78,0,2,97,0,99,32,14,129,2,177,118,0,118,295
08/12/2023,ABE,PA,AEA,EN,Combined TRACON& Tower with Radar,30,10,14,0,54,0,5,35,1,41,30,15,49,1,95,57,0,57,152
08/13/2023,ABE,PA,AEA,EN,Combined TRACON& Tower with Radar,33,10,31,0,74,0,6,49,0,55,33,16,80,0,129,47,0,47,176
08/14/2023,ABE,PA,AEA,EN,Combined TRACON& Tower with Radar,33,16,43,0,92,0,7,53,0,60,33,23,96,0,152,78,0,78,230
08/15/2023,ABE,PA,AEA,EN,Combined TRACON& Tower with Radar,29,19,51,0,99,0,1,11,0,12,29,20,62,0,111,71,0,71,182
08/16/2023,ABE,PA,AEA,EN,Combined TRACON& Tower with Radar,35,13,52,1,101,0,4,49,0,53,35,17,101,1,154,104,0,104,258
08/17/2023,ABE,PA,AEA,EN,Combined TRACON& Tower with Radar,36,14,40,0,90,0,2,41,2,45,36,16,81,2,135,90,0,90,225
08/18/2023,ABE,PA,AEA,EN,Combined TRACON& Tower with Radar,37,6,28,0,71,0,3,75,0,78,37,9,103,0,149,34,0,34,183
08/19/2023,ABE,PA,AEA,EN,Combined TRACON& Tower with Radar,31,14,32,0,77,0,1,79,0,80,31,15,111,0,157,72,0,72,229
08/20/2023,ABE,PA,AEA,EN,Combined TRACON& Tower with Radar,31,19,30,0,80,0,1,81,0,82,31,20,111,0,162,58,0,58,220
08/21/2023,ABE,PA,AEA,EN,Combined TRACON& Tower with Radar,34,12,34,2,82,0,8,69,2,79,34,20,103,4,161,78,0,78,239
08/22/2023,ABE,PA,AEA,EN,Combined TRACON& Tower with Radar,28,11,52,0,91,0,11,98,0,109,28,22,150,0,200,120,0,120,320
08/23/2023,ABE,PA,AEA,EN,Combined TRACON& Tower with Radar,33,19,35,0,87,0,9,99,1,109,33,28,134,1,196,91,0,91,287
08/24/2023,ABE,PA,AEA,EN,Combined TRACON& Tower with Radar,37,12,44,8,101,0,0,13,2,15,37,12,57,10,116,14,0,14,130
08/25/2023,ABE,PA,AEA,EN,Combined TRACON& Tower with Radar,35,11,39,0,85,0,2,5,2,9,35,13,44,2,94,9,0,9,103
08/26/2023,ABE,PA,AEA,EN,Combined TRACON& Tower with Radar,31,12,55,0,98,0,1,57,0,58,31,13,112,0,156,214,0,214,370
08/27/2023,ABE,PA,AEA,EN,Combined TRACON& Tower with Radar,31,11,24,0,66,0,16,64,0,80,31,27,88,0,146,27,0,27,173
08/28/2023,ABE,PA,AEA,EN,Combined TRACON& Tower with Radar,34,14,69,6,123,0,1,31,5,37,34,15,100,11,160,68,14,82,242
08/29/2023,ABE,PA,AEA,EN,Combined TRACON& Tower with Radar,27,14,46,0,87,0,0,7,0,7,27,14,53,0,94,32,0,32,126
08/30/2023,ABE,PA,AEA,EN,Combined TRACON& Tower with Radar,26,8,36,2,72,0,4,58,0,62,26,12,94,2,134,138,0,138,272
08/31/2023,ABE,PA,AEA,EN,Combined TRACON& Tower with Radar,37,12,31,0,80,0,3,86,0,89,37,15,117,0,169,114,0,114,283
01/02/2020,ABE,PA,AEA,EN,Combined TRACON& Tower with Radar,30,17,42,0,89,0,2,81,0,83,30,19,123,0,172,177,0,177,349
01/03/2020,ABE,PA,AEA,EN,Combined TRACON& Tower with Radar,40,16,24,0,80,0,0,0,0,0,40,16,24,0,80,0,0,0,80
01/04/2020,ABE,PA,AEA,EN,Combined TRACON& Tower with Radar,35,15,17,0,67,0,0,3,0,3,35,15,20,0,70,0,0,0,70
01/05/2020,ABE,PA,AEA,EN,Combined TRACON& Tower with Radar,34,19,24,0,77,0,2,13,2,17,34,21,37,2,94,40,0,40,134
01/06/2020,ABE,PA,AEA,EN,Combined TRACON& Tower with Radar,39,17,32,0,88,0,1,57,0,58,39,18,89,0,146,110,0,110,256
01/07/2020,ABE,PA,AEA,EN,Combined TRACON& Tower with Radar,34,18,33,0,85,0,0,36,0,36,34,18,69,0,121,130,0,130,251
01/08/2020,ABE,PA,AEA,EN,Combined TRACON& Tower with Radar,34,24,18,0,76,0,5,4,0,9,34,29,22,0,85,24,0,24,109
01/09/2020,ABE,PA,AEA,EN,Combined TRACON& Tower with Radar,38,23,41,2,104,0,3,41,0,44,38,26,82,2,148,58,0,58,206
01/10/2020,ABE,PA,AEA,EN,Combined TRACON& Tower with Radar,34,22,21,0,77,0,2,16,0,18,34,24,37,0,95,25,0,25,120
01/11/2020,ABE,PA,AEA,EN,Combined TRACON& Tower with Radar,37,14,15,0,66,0,0,12,0,12,37,14,27,0,78,14,0,14,92
01/12/2020,ABE,PA,AEA,EN,Combined TRACON& Tower with Radar,32,18,13,0,63,0,3,19,0,22,32,21,32,0,85,24,0,24,109
01/13/2020,ABE,PA,AEA,EN,Combined TRACON& Tower with Radar,37,22,38,2,99,0,1,14,1,16,37,23,52,3,115,107,4,111,226
01/14/2020,ABE,PA,AEA,EN,Combined TRACON& Tower with Radar,32,19,17,11,79,0,0,2,0,2,32,19,19,11,81,0,0,0,81
01/15/2020,ABE,PA,AEA,EN,Combined TRACON& Tower with Radar,34,20,37,0,91,0,3,88,0,91,34,23,125,0,182,168,0,168,350
01/16/2020,ABE,PA,AEA,EN,Combined TRACON& Tower with Radar,37,20,18,2,77,0,2,6,0,8,37,22,24,2,85,76,0,76,161
01/17/2020,ABE,PA,AEA,EN,Combined TRACON& Tower with Radar,34,19,25,0,78,0,1,39,0,40,34,20,64,0,118,114,0,114,232
01/18/2020,ABE,PA,AEA,EN,Combined TRACON& Tower with Radar,29,16,10,0,55,0,0,3,0,3,29,16,13,0,58,10,0,10,68
01/19/2020,ABE,PA,AEA,EN,Combined TRACON& Tower with Radar,29,15,5,0,49,0,0,8,0,8,29,15,13,0,57,0,0,0,57
01/20/2020,ABE,PA,AEA,EN,Combined TRACON& Tower with Radar,36,16,26,0,78,0,1,49,0,50,36,17,75,0,128,42,0,42,170
01/21/2020,ABE,PA,AEA,EN,Combined TRACON& Tower with Radar,32,18,45,1,96,0,0,71,3,74,32,18,116,4,170,126,0,126,296
01/22/2020,ABE,PA,AEA,EN,Combined TRACON& Tower with Radar,33,22,51,5,111,0,1,89,1,91,33,23,140,6,202,234,6,240,442
01/23/2020,ABE,PA,AEA,EN,Combined TRACON& Tower with Radar,37,21,26,4,88,0,1,60,0,61,37,22,86,4,149,130,0,130,279
01/24/2020,ABE,PA,AEA,EN,Combined TRACON& Tower with Radar,36,24,34,0,94,0,1,63,0,64,36,25,97,0,158,138,0,138,296
01/25/2020,ABE,PA,AEA,EN,Combined TRACON& Tower with Radar,36,20,9,0,65,0,0,0,1,1,36,20,9,1,66,0,0,0,66
01/26/2020,ABE,PA,AEA,EN,Combined TRACON& Tower with Radar,34,26,46,0,106,0,1,93,0,94,34,27,139,0,200,288,0,288,488
01/27/2020,ABE,PA,AEA,EN,Combined TRACON& Tower with Radar,35,19,29,10,93,0,1,27,0,28,35,20,56,10,121,110,10,120,241
01/28/2020,ABE,PA,AEA,EN,Combined TRACON& Tower with Radar,33,19,46,1,99,0,0,52,1,53,33,19,98,2,152,46,0,46,198
01/29/2020,ABE,PA,AEA,EN,Combined TRACON& Tower with Radar,34,17,45,0,96,0,2,67,0,69,34,19,112,0,165,146,0,146,311
01/30/2020,ABE,PA,AEA,EN,Combined TRACON& Tower with Radar,40,18,47,8,113,0,1,61,1,63,40,19,108,9,176,200,10,210,386
01/31/2020,ABE,PA,AEA,EN,Combined TRACON& Tower with Radar,36,22,45,0,103,0,0,40,0,40,36,22,85,0,143,186,0,186,329
02/01/2020,ABE,PA,AEA,EN,Combined TRACON& Tower with Radar,36,18,16,0,70,0,0,0,0,0,36,18,16,0,70,0,0,0,70
02/02/2020,ABE,PA,AEA,EN,Combined TRACON& Tower with Radar,30,15,15,0,60,0,0,21,0,21,30,15,36,0,81,37,0,37,118
02/03/2020,ABE,PA,AEA,EN,Combined TRACON& Tower with Radar,36,19,43,0,98,0,2,78,0,80,36,21,121,0,178,78,0,78,256
02/04/2020,ABE,PA,AEA,EN,Combined TRACON& Tower with Radar,32,23,47,2,104,0,0,25,0,25,32,23,72,2,129,48,0,48,177
02/05/2020,ABE,PA,AEA,EN,Combined TRACON& Tower with Radar,34,20,38,2,94,0,0,42,0,42,34,20,80,2,136,80,0,80,216
02/06/2020,ABE,PA,AEA,EN,Combined TRACON& Tower with Radar,36,22,25,0,83,0,0,0,0,0,36,22,25,0,83,0,0,0,83
02/07/2020,ABE,PA,AEA,EN,Combined TRACON& Tower with Radar,36,21,16,0,73,0,0,0,0,0,36,21,16,0,73,0,0,0,73
02/08/2020,ABE,PA,AEA,EN,Combined TRACON& Tower with Radar,36,14,14,0,64,0,3,48,1,52,36,17,62,1,116,114,0,114,230
02/09/2020,ABE,PA,AEA,EN,Combined TRACON& Tower with Radar,31,18,40,0,89,0,0,81,0,81,31,18,121,0,170,250,0,250,420
02/10/2020,ABE,PA,AEA,EN,Combined TRACON& Tower with Radar,33,21,23,0,77,0,0,1,0,1,33,21,24,0,78,0,0,0,78
02/11/2020,ABE,PA,AEA,EN,Combined TRACON& Tower with Radar,35,21,11,2,69,0,1,3,1,5,35,22,14,3,74,0,0,0,74
02/12/2020,ABE,PA,AEA,EN,Combined TRACON& Tower with Radar,41,23,47,5,116,0,5,80,0,85,41,28,127,5,201,175,34,209,410
02/13/2020,ABE,PA,AEA,EN,Combined TRACON& Tower with Radar,41,20,21,0,82,0,0,0,0,0,41,20,21,0,82,145,0,145,227
02/14/2020,ABE,PA,AEA,EN,Combined TRACON& Tower with Radar,44,23,32,0,99,0,1,40,0,41,44,24,72,0,140,116,0,116,256
02/15/2020,ABE,PA,AEA,EN,Combined TRACON& Tower with Radar,39,18,34,1,92,0,0,74,0,74,39,18,108,1,166,56,0,56,222
02/16/2020,ABE,PA,AEA,EN,Combined TRACON& Tower with Radar,32,19,38,0,89,0,2,75,0,77,32,21,113,0,166,174,0,174,340
02/17/2020,ABE,PA,AEA,EN,Combined TRACON& Tower with Radar,43,15,64,1,123,0,4,91,0,95,43,19,155,1,218,132,0,132,350
02/18/2020,ABE,PA,AEA,EN,Combined TRACON& Tower with Radar,34,23,27,0,84,0,1,8,1,10,34,24,35,1,94,26,0,26,120
02/19/2020,ABE,PA,AEA,EN,Combined TRACON& Tower with Radar,40,23,24,0,87,0,6,41,1,48,40,29,65,1,135,50,0,50,185
02/20/2020,ABE,PA,AEA,EN,Combined TRACON& Tower with Radar,40,24,31,3,98,0,2,73,3,78,40,26,104,6,176,128,14,142,318
02/21/2020,ABE,PA,AEA,EN,Combined TRACON& Tower with Radar,47,28,46,0,121,0,1,98,0,99,47,29,144,0,220,128,24,152,372
02/22/2020,ABE,PA,AEA,EN,Combined TRACON& Tower with Radar,36,14,35,2,87,0,2,54,0,56,36,16,89,2,143,97,0,97,240
02/23/2020,ABE,PA,AEA,EN,Combined TRACON& Tower with Radar,35,27,46,0,108,0,0,113,0,113,35,27,159,0,221,0,0,0,221
02/24/2020,ABE,PA,AEA,EN,Combined TRACON& Tower with Radar,41,19,51,0,111,0,4,99,0,103,41,23,150,0,214,174,0,174,388
02/25/2020,ABE,PA,AEA,EN,Combined TRACON& Tower with Radar,35,20,34,0,89,0,0,2,0,2,35,20,36,0,91,28,0,28,119
02/26/2020,ABE,PA,AEA,EN,Combined TRACON& Tower with Radar,42,23,23,0,88,0,0,0,0,0,42,23,23,0,88,0,0,0,88
02/27/2020,ABE,PA,AEA,EN,Combined TRACON& Tower with Radar,43,24,7,0,74,0,1,2,0,3,43,25,9,0,77,0,0,0,77
02/28/2020,ABE,PA,AEA,EN,Combined TRACON& Tower with Radar,43,21,22,0,86,0,0,15,0,15,43,21,37,0,101,15,0,15,116
02/29/2020,ABE,PA,AEA,EN,Combined TRACON& Tower with Radar,39,30,26,0,95,0,0,26,0,26,39,30,52,0,121,76,0,76,197
03/01/2020,ABE,PA,AEA,EN,Combined TRACON& Tower with Radar,34,25,58,0,117,0,4,104,2,110,34,29,162,2,227,0,0,0,227
03/02/2020,ABE,PA,AEA,EN,Combined TRACON& Tower with Radar,42,18,41,0,101,0,0,73,0,73,42,18,114,0,174,134,0,134,308
03/03/2020,ABE,PA,AEA,EN,Combined TRACON& Tower with Radar,34,18,27,2,81,0,0,6,0,6,34,18,33,2,87,6,0,6,93
03/04/2020,ABE,PA,AEA,EN,Combined TRACON& Tower with Radar,42,22,28,0,92,0,1,33,0,34,42,23,61,0,126,0,0,0,126
03/05/2020,ABE,PA,AEA,EN,Combined TRACON& Tower with Radar,40,22,44,2,108,0,2,72,0,74,40,24,116,2,182,132,2,134,316
03/06/2020,ABE,PA,AEA,EN,Combined TRACON& Tower with Radar,43,19,23,0,85,0,0,8,0,8,43,19,31,0,93,24,0,24,117
03/07/2020,ABE,PA,AEA,EN,Combined TRACON& Tower with Radar,37,23,15,0,75,0,1,22,1,24,37,24,37,1,99,12,0,12,111
03/08/2020,ABE,PA,AEA,EN,Combined TRACON& Tower with Radar,34,18,56,0,108,0,1,86,0,87,34,19,142,0,195,254,0,254,449
03/09/2020,ABE,PA,AEA,EN,Combined TRACON& Tower with Radar,42,26,46,0,114,0,2,87,0,89,42,28,133,0,203,156,0,156,359
03/10/2020,ABE,PA,AEA,EN,Combined TRACON& Tower with Radar,38,17,34,6,95,2,2,33,0,37,40,19,67,6,132,125,18,143,275
03/11/2020,ABE,PA,AEA,EN,Combined TRACON& Tower with Radar,40,22,41,0,103,0,1,55,0,56,40,23,96,0,159,130,18,148,307
03/12/2020,ABE,PA,AEA,EN,Combined TRACON& Tower with Radar,39,17,55,2,113,0,0,40,0,40,39,17,95,2,153,70,2,72,225
03/13/2020,ABE,PA,AEA,EN,Combined TRACON& Tower with Radar,41,23,14,0,78,0,4,8,0,12,41,27,22,0,90,20,0,20,110
03/14/2020,ABE,PA,AEA,EN,Combined TRACON& Tower with Radar,35,17,43,0,95,0,5,63,0,68,35,22,106,0,163,108,0,108,271
03/15/2020,ABE,PA,AEA,EN,Combined TRACON& Tower with Radar,32,22,38,0,92,0,0,80,0,80,32,22,118,0,172,80,0,80,252
03/16/2020,ABE,PA,AEA,EN,Combined TRACON& Tower with Radar,39,16,30,1,86,0,3,71,0,74,39,19,101,1,160,118,0,118,278
03/17/2020,ABE,PA,AEA,EN,Combined TRACON& Tower with Radar,33,18,2,2,55,0,0,8,0,8,33,18,10,2,63,20,0,20,83
03/18/2020,ABE,PA,AEA,EN,Combined TRACON& Tower with Radar,35,17,39,0,91,0,3,67,0,70,35,20,106,0,161,90,0,90,251
03/19/2020,ABE,PA,AEA,EN,Combined TRACON& Tower with Radar,33,12,28,0,73,0,0,0,0,0,33,12,28,0,73,0,0,0,73
03/20/2020,ABE,PA,AEA,EN,Combined TRACON& Tower with Radar,26,15,14,0,55,0,1,4,0,5,26,16,18,0,60,0,0,0,60
03/21/2020,ABE,PA,AEA,EN,Combined TRACON& Tower with Radar,29,16,20,0,65,0,0,35,0,35,29,16,55,0,100,10,0,10,110
03/22/2020,ABE,PA,AEA,EN,Combined TRACON& Tower with Radar,27,11,21,0,59,0,0,21,0,21,27,11,42,0,80,34,0,34,114
03/23/2020,ABE,PA,AEA,EN,Combined TRACON& Tower with Radar,30,20,9,0,59,0,0,0,0,0,30,20,9,0,59,0,0,0,59
03/24/2020,ABE,PA,AEA,EN,Combined TRACON& Tower with Radar,21,11,19,0,51,0,1,12,0,13,21,12,31,0,64,20,0,20,84
03/25/2020,ABE,PA,AEA,EN,Combined TRACON& Tower with Radar,20,9,21,0,50,0,0,1,0,1,20,9,22,0,51,0,0,0,51
03/26/2020,ABE,PA,AEA,EN,Combined TRACON& Tower with Radar,20,13,29,0,62,0,1,20,0,21,20,14,49,0,83,0,0,0,83
03/27/2020,ABE,PA,AEA,EN,Combined TRACON& Tower with Radar,25,12,12,0,49,0,2,11,0,13,25,14,23,0,62,0,0,0,62
03/28/2020,ABE,PA,AEA,EN,Combined TRACON& Tower with Radar,20,11,10,0,41,0,0,0,0,0,20,11,10,0,41,0,0,0,41
03/29/2020,ABE,PA,AEA,EN,Combined TRACON& Tower with Radar,17,21,1,2,41,0,0,0,0,0,17,21,1,2,41,0,0,0,41
03/30/2020,ABE,PA,AEA,EN,Combined TRACON& Tower with Radar,17,13,15,0,45,0,0,1,0,1,17,13,16,0,46,0,0,0,46
03/31/2020,ABE,PA,AEA,EN,Combined TRACON& Tower with Radar,20,16,6,0,42,0,0,0,0,0,20,16,6,0,42,0,0,0,42
04/01/2020,ABE,PA,AEA,EN,Combined TRACON& Tower with Radar,17,11,9,0,37,0,0,11,0,11,17,11,20,0,48,16,0,16,64
04/02/2020,ABE,PA,AEA,EN,Combined TRACON& Tower with Radar,16,10,4,0,30,0,0,7,0,7,16,10,11,0,37,0,0,0,37
04/03/2020,ABE,PA,AEA,EN,Combined TRACON& Tower with Radar,20,15,3,0,38,0,0,3,0,3,20,15,6,0,41,0,0,0,41
04/04/2020,ABE,PA,AEA,EN,Combined TRACON& Tower with Radar,16,12,38,0,66,0,0,11,0,11,16,12,49,0,77,0,0,0,77
04/05/2020,ABE,PA,AEA,EN,Combined TRACON& Tower with Radar,10,11,30,0,51,0,0,44,0,44,10,11,74,0,95,53,0,53,148
04/06/2020,ABE,PA,AEA,EN,Combined TRACON& Tower with Radar,12,9,14,2,37,0,0,30,0,30,12,9,44,2,67,54,0,54,121
04/07/2020,ABE,PA,AEA,EN,Combined TRACON& Tower with Radar,14,12,17,1,44,0,0,25,1,26,14,12,42,2,70,46,0,46,116
04/08/2020,ABE,PA,AEA,EN,Combined TRACON& Tower with Radar,14,9,4,0,27,0,0,11,1,12,14,9,15,1,39,88,0,88,127
04/09/2020,ABE,PA,AEA,EN,Combined TRACON& Tower with Radar,17,9,4,0,30,0,1,2,0,3,17,10,6,0,33,20,0,20,53
04/10/2020,ABE,PA,AEA,EN,Combined TRACON& Tower with Radar,21,12,6,0,39,0,2,2,0,4,21,14,8,0,43,0,0,0,43
04/11/2020,ABE,PA,AEA,EN,Combined TRACON& Tower with Radar,15,6,16,0,37,0,0,26,0,26,15,6,42,0,63,78,0,78,141
04/12/2020,ABE,PA,AEA,EN,Combined TRACON& Tower with Radar,14,4,21,0,39,0,3,33,0,36,14,7,54,0,75,50,0,50,125
04/13/2020,ABE,PA,AEA,EN,Combined TRACON& Tower with Radar,16,7,4,0,27,0,0,0,0,0,16,7,4,0,27,0,0,0,27
04/14/2020,ABE,PA,AEA,EN,Combined TRACON& Tower with Radar,20,12,20,2,54,0,0,27,0,27,20,12,47,2,81,44,2,46,127
04/15/2020,ABE,PA,AEA,EN,Combined TRACON& Tower with Radar,17,10,20,0,47,0,0,23,0,23,17,10,43,0,70,50,0,50,120
04/16/2020,ABE,PA,AEA,EN,Combined TRACON& Tower with Radar,21,9,7,0,37,0,0,15,0,15,21,9,22,0,52,84,0,84,136
04/17/2020,ABE,PA,AEA,EN,Combined TRACON& Tower with Radar,16,10,13,0,39,0,0,21,0,21,16,10,34,0,60,28,0,28,88
04/18/2020,ABE,PA,AEA,EN,Combined TRACON& Tower with Radar,13,7,2,0,22,0,2,4,0,6,13,9,6,0,28,4,0,4,32
04/19/2020,ABE,PA,AEA,EN,Combined TRACON& Tower with Radar,13,7,19,0,39,0,0,43,0,43,13,7,62,0,82,52,0,52,134
04/20/2020,ABE,PA,AEA,EN,Combined TRACON& Tower with Radar,15,7,15,0,37,0,0,28,0,28,15,7,43,0,65,26,0,26,91
04/21/2020,ABE,PA,AEA,EN,Combined TRACON& Tower with Radar,20,9,6,0,35,0,0,2,0,2,20,9,8,0,37,24,0,24,61
04/22/2020,ABE,PA,AEA,EN,Combined TRACON& Tower with Radar,20,10,9,0,39,0,0,16,0,16,20,10,25,0,55,6,0,6,61
04/23/2020,ABE,PA,AEA,EN,Combined TRACON& Tower with Radar,23,11,18,0,52,0,3,25,0,28,23,14,43,0,80,26,0,26,106
04/24/2020,ABE,PA,AEA,EN,Combined TRACON& Tower with Radar,18,16,8,0,42,0,0,2,0,2,18,16,10,0,44,0,0,0,44
04/25/2020,ABE,PA,AEA,EN,Combined TRACON& Tower with Radar,14,10,45,0,69,0,0,29,0,29,14,10,74,0,98,34,0,34,132
04/26/2020,ABE,PA,AEA,EN,Combined TRACON& Tower with Radar,15,6,14,0,35,0,0,0,0,0,15,6,14,0,35,16,2,18,53
04/27/2020,ABE,PA,AEA,EN,Combined TRACON& Tower with Radar,17,8,3,2,30,0,0,3,0,3,17,8,6,2,33,26,0,26,59
04/28/2020,ABE,PA,AEA,EN,Combined TRACON& Tower with Radar,19,13,38,0,70,0,1,62,0,63,19,14,100,0,133,32,0,32,165
04/29/2020,ABE,PA,AEA,EN,Combined TRACON& Tower with Radar,21,12,7,4,44,0,0,3,0,3,21,12,10,4,47,4,4,8,55
04/30/2020,ABE,PA,AEA,EN,Combined TRACON& Tower with Radar,24,17,12,0,53,0,0,0,0,0,24,17,12,0,53,0,0,0,53
05/01/2020,ABE,PA,AEA,EN,Combined TRACON& Tower with Radar,16,10,25,0,51,0,0,4,0,4,16,10,29,0,55,0,0,0,55
05/02/2020,ABE,PA,AEA,EN,Combined TRACON& Tower with Radar,17,7,25,0,49,0,4,50,0,54,17,11,75,0,103,169,0,169,272
05/03/2020,ABE,PA,AEA,EN,Combined TRACON& Tower with Radar,17,6,22,0,45,0,0,47,0,47,17,6,69,0,92,112,0,112,204
05/04/2020,ABE,PA,AEA,EN,Combined TRACON& Tower with Radar,16,8,12,0,36,0,1,14,0,15,16,9,26,0,51,0,0,0,51
05/05/2020,ABE,PA,AEA,EN,Combined TRACON& Tower with Radar,20,3,17,3,43,0,1,38,3,42,20,4,55,6,85,34,0,34,119
05/06/2020,ABE,PA,AEA,EN,Combined TRACON& Tower with Radar,18,5,5,0,28,0,1,0,0,1,18,6,5,0,29,28,0,28,57
05/07/2020,ABE,PA,AEA,EN,Combined TRACON& Tower with Radar,21,9,13,0,43,0,5,20,0,25,21,14,33,0,68,12,0,12,80
05/08/2020,ABE,PA,AEA,EN,Combined TRACON& Tower with Radar,18,9,13,0,40,0,0,8,0,8,18,9,21,0,48,22,0,22,70
05/09/2020,ABE,PA,AEA,EN,Combined TRACON& Tower with Radar,16,5,3,0,24,0,0,1,2,3,16,5,4,2,27,10,0,10,37
05/10/2020,ABE,PA,AEA,EN,Combined TRACON& Tower with Radar,14,5,12,0,31,0,1,27,1,29,14,6,39,1,60,34,0,34,94
05/11/2020,ABE,PA,AEA,EN,Combined TRACON& Tower with Radar,19,6,10,8,43,0,0,9,0,9,19,6,19,8,52,16,22,38,90
05/12/2020,ABE,PA,AEA,EN,Combined TRACON& Tower with Radar,19,6,16,0,41,0,2,23,3,28,19,8,39,3,69,4,0,4,73
05/13/2020,ABE,PA,AEA,EN,Combined TRACON& Tower with Radar,19,7,37,2,65,0,0,50,0,50,19,7,87,2,115,95,0,95,210
05/14/2020,ABE,PA,AEA,EN,Combined TRACON& Tower with Radar,25,11,3,4,43,0,0,19,3,22,25,11,22,7,65,0,0,0,65
05/15/2020,ABE,PA,AEA,EN,Combined TRACON& Tower with Radar,22,13,22,0,57,0,1,25,0,26,22,14,47,0,83,12,0,12,95
05/16/2020,ABE,PA,AEA,EN,Combined TRACON& Tower with Radar,16,2,30,6,54,0,1,61,3,65,16,3,91,9,119,72,18,90,209
05/17/2020,ABE,PA,AEA,EN,Combined TRACON& Tower with Radar,18,3,19,0,40,0,0,25,0,25,18,3,44,0,65,66,0,66,131
05/18/2020,ABE,PA,AEA,EN,Combined TRACON& Tower with Radar,19,11,23,0,53,0,0,15,0,15,19,11,38,0,68,32,0,32,100
05/19/2020,ABE,PA,AEA,EN,Combined TRACON& Tower with Radar,17,6,9,2,34,0,4,10,0,14,17,10,19,2,48,56,0,56,104
05/20/2020,ABE,PA,AEA,EN,Combined TRACON& Tower with Radar,17,9,24,6,56,0,2,29,5,36,17,11,53,11,92,128,24,152,244
05/21/2020,ABE,PA,AEA,EN,Combined TRACON& Tower with Radar,23,14,58,0,95,0,1,71,0,72,23,15,129,0,167,280,0,280,447
05/22/2020,ABE,PA,AEA,EN,Combined TRACON& Tower with Radar,24,9,36,0,69,0,0,7,1,8,24,9,43,1,77,56,0,56,133
05/23/2020,ABE,PA,AEA,EN,Combined TRACON& Tower with Radar,16,3,19,0,38,0,2,2,0,4,16,5,21,0,42,0,0,0,42
05/24/2020,ABE,PA,AEA,EN,Combined TRACON& Tower with Radar,18,6,25,0,49,0,1,42,0,43,18,7,67,0,92,36,0,36,128
05/25/2020,ABE,PA,AEA,EN,Combined TRACON& Tower with Radar,21,11,39,0,71,0,3,20,1,24,21,14,59,1,95,16,0,16,111
05/26/2020,ABE,PA,AEA,EN,Combined TRACON& Tower with Radar,15,5,56,0,76,0,1,70,0,71,15,6,126,0,147,122,0,122,269
05/27/2020,ABE,PA,AEA,EN,Combined TRACON& Tower with Radar,17,11,36,0,64,0,1,37,0,38,17,12,73,0,102,83,0,83,185
05/28/2020,ABE,PA,AEA,EN,Combined TRACON& Tower with Radar,21,9,40,0,70,0,0,1,0,1,21,9,41,0,71,20,0,20,91
05/29/2020,ABE,PA,AEA,EN,Combined TRACON& Tower with Radar,20,12,17,0,49,0,1,6,0,7,20,13,23,0,56,46,0,46,102
05/30/2020,ABE,PA,AEA,EN,Combined TRACON& Tower with Radar,20,4,41,1,66,0,0,51,0,51,20,4,92,1,117,121,0,121,238
05/31/2020,ABE,PA,AEA,EN,Combined TRACON& Tower with Radar,14,6,28,0,48,0,4,37,0,41,14,10,65,0,89,46,0,46,135
06/01/2020,ABE,PA,AEA,EN,Combined TRACON& Tower with Radar,19,4,19,0,42,0,6,32,0,38,19,10,51,0,80,78,0,78,158
06/02/2020,ABE,PA,AEA,EN,Combined TRACON& Tower with Radar,15,8,36,10,69,0,0,49,0,49,15,8,85,10,118,154,26,180,298
06/03/2020,ABE,PA,AEA,EN,Combined TRACON& Tower with Radar,18,15,20,0,53,0,3,12,0,15,18,18,32,0,68,26,0,26,94
06/04/2020,ABE,PA,AEA,EN,Combined TRACON& Tower with Radar,21,9,52,0,82,0,0,80,0,80,21,9,132,0,162,239,0,239,401
06/05/2020,ABE,PA,AEA,EN,Combined TRACON& Tower with Radar,24,6,22,0,52,0,0,11,0,11,24,6,33,0,63,92,0,92,155
06/06/2020,ABE,PA,AEA,EN,Combined TRACON& Tower with Radar,17,7,67,0,91,0,0,34,0,34,17,7,101,0,125,58,0,58,183
06/07/2020,ABE,PA,AEA,EN,Combined TRACON& Tower with Radar,19,12,36,0,67,0,2,50,0,52,19,14,86,0,119,60,0,60,179
06/08/2020,ABE,PA,AEA,EN,Combined TRACON& Tower with Radar,23,7,52,0,82,0,1,95,0,96,23,8,147,0,178,180,0,180,358
06/09/2020,ABE,PA,AEA,EN,Combined TRACON& Tower with Radar,16,10,45,3,74,0,1,76,1,78,16,11,121,4,152,140,14,154,306
06/10/2020,ABE,PA,AEA,EN,Combined TRACON& Tower with Radar,18,11,35,8,72,0,2,46,1,49,18,13,81,9,121,104,0,104,225
06/11/2020,ABE,PA,AEA,EN,Combined TRACON& Tower with Radar,24,14,49,0,87,0,0,28,0,28,24,14,77,0,115,44,0,44,159
06/12/2020,ABE,PA,AEA,EN,Combined TRACON& Tower with Radar,23,14,37,0,74,0,0,74,0,74,23,14,111,0,148,0,0,0,148
06/13/2020,ABE,PA,AEA,EN,Combined TRACON& Tower with Radar,17,10,23,0,50,0,1,53,0,54,17,11,76,0,104,0,0,0,104
06/14/2020,ABE,PA,AEA,EN,Combined TRACON& Tower with Radar,18,8,20,0,46,0,0,35,0,35,18,8,55,0,81,0,0,0,81
06/15/2020,ABE,PA,AEA,EN,Combined TRACON& Tower with Radar,22,11,28,0,61,0,1,50,0,51,22,12,78,0,112,0,0,0,112
06/16/2020,ABE,PA,AEA,EN,Combined TRACON& Tower with Radar,16,6,46,0,68,0,1,67,0,68,16,7,113,0,136,152,0,152,288
06/17/2020,ABE,PA,AEA,EN,Combined TRACON& Tower with Radar,20,10,56,4,90,0,6,68,2,76,20,16,124,6,166,154,12,166,332
06/18/2020,ABE,PA,AEA,EN,Combined TRACON& Tower with Radar,22,13,33,2,70,0,1,6,0,7,22,14,39,2,77,38,0,38,115
06/19/2020,ABE,PA,AEA,EN,Combined TRACON& Tower with Radar,24,11,39,0,74,0,0,16,0,16,24,11,55,0,90,102,0,102,192
06/20/2020,ABE,PA,AEA,EN,Combined TRACON& Tower with Radar,17,6,45,0,68,0,1,31,0,32,17,7,76,0,100,102,0,102,202
06/21/2020,ABE,PA,AEA,EN,Combined TRACON& Tower with Radar,19,6,20,0,45,0,2,26,0,28,19,8,46,0,73,52,0,52,125
06/22/2020,ABE,PA,AEA,EN,Combined TRACON& Tower with Radar,22,11,37,0,70,0,1,58,0,59,22,12,95,0,129,84,0,84,213
06/23/2020,ABE,PA,AEA,EN,Combined TRACON& Tower with Radar,14,10,61,1,86,0,3,70,0,73,14,13,131,1,159,187,0,187,346
06/24/2020,ABE,PA,AEA,EN,Combined TRACON& Tower with Radar,21,20,60,0,101,0,1,85,0,86,21,21,145,0,187,78,0,78,265
06/25/2020,ABE,PA,AEA,EN,Combined TRACON& Tower with Radar,25,18,74,1,118,0,0,63,1,64,25,18,137,2,182,237,0,237,419
06/26/2020,ABE,PA,AEA,EN,Combined TRACON& Tower with Radar,23,7,48,0,78,0,1,50,2,53,23,8,98,2,131,0,0,0,131
06/27/2020,ABE,PA,AEA,EN,Combined TRACON& Tower with Radar,17,12,27,0,56,0,3,14,0,17,17,15,41,0,73,0,0,0,73
06/28/2020,ABE,PA,AEA,EN,Combined TRACON& Tower with Radar,18,11,49,0,78,0,5,47,0,52,18,16,96,0,130,0,0,0,130
06/29/2020,ABE,PA,AEA,EN,Combined TRACON& Tower with Radar,24,15,54,0,93,0,5,68,1,74,24,20,122,1,167,0,0,0,167
06/30/2020,ABE,PA,AEA,EN,Combined TRACON& Tower with Radar,16,10,28,0,54,0,3,51,0,54,16,13,79,0,108,0,0,0,108
07/01/2020,ABE,PA,AEA,EN,Combined TRACON& Tower with Radar,22,16,28,0,66,0,0,14,0,14,22,16,42,0,80,144,0,144,224
07/02/2020,ABE,PA,AEA,EN,Combined TRACON& Tower with Radar,30,7,36,2,75,0,4,71,2,77,30,11,107,4,152,182,0,182,334
07/03/2020,ABE,PA,AEA,EN,Combined TRACON& Tower with Radar,20,12,25,0,57,0,4,68,0,72,20,16,93,0,129,118,0,118,247
07/04/2020,ABE,PA,AEA,EN,Combined TRACON& Tower with Radar,15,5,38,0,58,0,0,21,0,21,15,5,59,0,79,108,0,108,187
07/05/2020,ABE,PA,AEA,EN,Combined TRACON& Tower with Radar,18,9,37,0,64,0,0,80,0,80,18,9,117,0,144,140,0,140,284
07/06/2020,ABE,PA,AEA,EN,Combined TRACON& Tower with Radar,20,12,26,0,58,0,0,51,0,51,20,12,77,0,109,114,0,114,223
07/07/2020,ABE,PA,AEA,EN,Combined TRACON& Tower with Radar,14,13,44,5,76,0,3,32,0,35,14,16,76,5,111,108,0,108,219
07/08/2020,ABE,PA,AEA,EN,Combined TRACON& Tower with Radar,18,12,30,3,63,0,0,5,0,5,18,12,35,3,68,13,0,13,81
07/09/2020,ABE,PA,AEA,EN,Combined TRACON& Tower with Radar,25,10,67,0,102,0,2,58,0,60,25,12,125,0,162,167,0,167,329
07/10/2020,ABE,PA,AEA,EN,Combined TRACON& Tower with Radar,20,6,13,0,39,0,0,0,0,0,20,6,13,0,39,0,0,0,39
07/11/2020,ABE,PA,AEA,EN,Combined TRACON& Tower with Radar,19,11,44,0,74,0,0,36,0,36,19,11,80,0,110,90,0,90,200
07/12/2020,ABE,PA,AEA,EN,Combined TRACON& Tower with Radar,20,14,49,0,83,0,0,78,0,78,20,14,127,0,161,44,0,44,205
07/13/2020,ABE,PA,AEA,EN,Combined TRACON& Tower with Radar,20,14,51,0,85,0,4,67,0,71,20,18,118,0,156,70,0,70,226
07/14/2020,ABE,PA,AEA,EN,Combined TRACON& Tower with Radar,14,14,42,11,81,0,0,88,6,94,14,14,130,17,175,188,24,212,387
07/15/2020,ABE,PA,AEA,EN,Combined TRACON& Tower with Radar,18,8,37,0,63,0,5,62,0,67,18,13,99,0,130,166,0,166,296
07/16/2020,ABE,PA,AEA,EN,Combined TRACON& Tower with Radar,24,16,51,3,94,0,4,46,2,52,24,20,97,5,146,102,6,108,254
07/17/2020,ABE,PA,AEA,EN,Combined TRACON& Tower with Radar,19,20,43,10,92,0,0,21,0,21,19,20,64,10,113,38,2,40,153
07/18/2020,ABE,PA,AEA,EN,Combined TRACON& Tower with Radar,21,6,47,0,74,0,2,89,0,91,21,8,136,0,165,90,0,90,255
07/19/2020,ABE,PA,AEA,EN,Combined TRACON& Tower with Radar,20,9,22,0,51,0,3,55,0,58,20,12,77,0,109,0,0,0,109
07/20/2020,ABE,PA,AEA,EN,Combined TRACON& Tower with Radar,22,9,25,0,56,0,2,54,0,56,22,11,79,0,112,0,0,0,112
07/21/2020,ABE,PA,AEA,EN,Combined TRACON& Tower with Radar,17,10,39,0,66,0,1,85,1,87,17,11,124,1,153,144,0,144,297
07/22/2020,ABE,PA,AEA,EN,Combined TRACON& Tower with Radar,18,7,24,0,49,0,0,36,0,36,18,7,60,0,85,6,0,6,91
07/23/2020,ABE,PA,AEA,EN,Combined TRACON& Tower with Radar,26,10,32,1,69,0,0,14,0,14,26,10,46,1,83,58,0,58,141
07/24/2020,ABE,PA,AEA,EN,Combined TRACON& Tower with Radar,18,8,41,0,67,0,0,34,0,34,18,8,75,0,101,94,0,94,195
07/25/2020,ABE,PA,AEA,EN,Combined TRACON& Tower with Radar,20,7,32,0,59,0,1,36,0,37,20,8,68,0,96,117,0,117,213
07/26/2020,ABE,PA,AEA,EN,Combined TRACON& Tower with Radar,20,7,25,0,52,0,0,53,0,53,20,7,78,0,105,0,0,0,105
07/27/2020,ABE,PA,AEA,EN,Combined TRACON& Tower with Radar,20,12,37,0,69,0,3,78,0,81,20,15,115,0,150,0,0,0,150
07/28/2020,ABE,PA,AEA,EN,Combined TRACON& Tower with Radar,16,18,43,6,83,0,2,56,0,58,16,20,99,6,141,0,0,0,141
07/29/2020,ABE,PA,AEA,EN,Combined TRACON& Tower with Radar,17,13,55,0,85,0,2,99,0,101,17,15,154,0,186,0,0,0,186
07/30/2020,ABE,PA,AEA,EN,Combined TRACON& Tower with Radar,24,15,52,0,91,0,2,83,0,85,24,17,135,0,176,0,0,0,176
07/31/2020,ABE,PA,AEA,EN,Combined TRACON& Tower with Radar,20,13,28,0,61,0,0,14,0,14,20,13,42,0,75,28,0,28,103
08/01/2020,ABE,PA,AEA,EN,Combined TRACON& Tower with Radar,19,17,49,0,85,0,1,76,0,77,19,18,125,0,162,73,0,73,235
08/02/2020,ABE,PA,AEA,EN,Combined TRACON& Tower with Radar,18,15,6,0,39,0,2,5,0,7,18,17,11,0,46,4,0,4,50
08/03/2020,ABE,PA,AEA,EN,Combined TRACON& Tower with Radar,20,16,32,0,68,0,0,75,0,75,20,16,107,0,143,86,0,86,229
08/04/2020,ABE,PA,AEA,EN,Combined TRACON& Tower with Radar,16,10,3,0,29,0,0,5,0,5,16,10,8,0,34,0,0,0,34
08/05/2020,ABE,PA,AEA,EN,Combined TRACON& Tower with Radar,20,12,38,1,71,0,12,95,1,108,20,24,133,2,179,84,0,84,263
08/06/2020,ABE,PA,AEA,EN,Combined TRACON& Tower with Radar,26,18,40,0,84,0,4,35,0,39,26,22,75,0,123,52,0,52,175
08/07/2020,ABE,PA,AEA,EN,Combined TRACON& Tower with Radar,19,11,14,0,44,0,2,3,0,5,19,13,17,0,49,0,0,0,49
08/08/2020,ABE,PA,AEA,EN,Combined TRACON& Tower with Radar,21,15,45,0,81,0,0,35,0,35,21,15,80,0,116,0,0,0,116
08/09/2020,ABE,PA,AEA,EN,Combined TRACON& Tower with Radar,19,21,27,0,67,0,1,58,0,59,19,22,85,0,126,44,0,44,170
08/10/2020,ABE,PA,AEA,EN,Combined TRACON& Tower with Radar,21,18,56,0,95,0,4,92,0,96,21,22,148,0,191,216,0,216,407
08/11/2020,ABE,PA,AEA,EN,Combined TRACON& Tower with Radar,14,16,42,0,72,0,2,63,0,65,14,18,105,0,137,152,0,152,289
08/12/2020,ABE,PA,AEA,EN,Combined TRACON& Tower with Radar,18,12,41,0,71,0,1,42,1,44,18,13,83,1,115,102,0,102,217
08/13/2020,ABE,PA,AEA,EN,Combined TRACON& Tower with Radar,26,26,32,0,84,0,0,26,0,26,26,26,58,0,110,26,0,26,136
08/14/2020,ABE,PA,AEA,EN,Combined TRACON& Tower with Radar,21,14,48,0,83,0,1,56,0,57,21,15,104,0,140,0,0,0,140
08/15/2020,ABE,PA,AEA,EN,Combined TRACON& Tower with Radar,18,12,36,0,66,0,0,46,0,46,18,12,82,0,112,102,0,102,214
08/16/2020,ABE,PA,AEA,EN,Combined TRACON& Tower with Radar,21,12,45,0,78,0,0,6,4,10,21,12,51,4,88,0,0,0,88
08/17/2020,ABE,PA,AEA,EN,Combined TRACON& Tower with Radar,20,21,29,2,72,0,0,38,0,38,20,21,67,2,110,134,0,134,244
08/18/2020,ABE,PA,AEA,EN,Combined TRACON& Tower with Radar,14,16,68,0,98,0,2,93,1,96,14,18,161,1,194,208,2,210,404
08/19/2020,ABE,PA,AEA,EN,Combined TRACON& Tower with Radar,18,12,60,0,90,0,2,72,0,74,18,14,132,0,164,130,0,130,294
08/20/2020,ABE,PA,AEA,EN,Combined TRACON& Tower with Radar,20,17,54,0,91,0,1,97,0,98,20,18,151,0,189,148,0,148,337
08/21/2020,ABE,PA,AEA,EN,Combined TRACON& Tower with Radar,19,10,54,0,83,0,1,77,0,78,19,11,131,0,161,131,0,131,292
08/22/2020,ABE,PA,AEA,EN,Combined TRACON& Tower with Radar,17,14,8,1,40,0,0,46,0,46,17,14,54,1,86,10,0,10,96
08/23/2020,ABE,PA,AEA,EN,Combined TRACON& Tower with Radar,14,11,46,0,71,0,1,32,0,33,14,12,78,0,104,8,0,8,112
08/24/2020,ABE,PA,AEA,EN,Combined TRACON& Tower with Radar,19,15,43,0,77,0,4,36,0,40,19,19,79,0,117,30,0,30,147
08/25/2020,ABE,PA,AEA,EN,Combined TRACON& Tower with Radar,15,14,24,0,53,0,1,33,0,34,15,15,57,0,87,42,0,42,129
08/26/2020,ABE,PA,AEA,EN,Combined TRACON& Tower with Radar,16,20,38,0,74,0,0,81,0,81,16,20,119,0,155,122,0,122,277
08/27/2020,ABE,PA,AEA,EN,Combined TRACON& Tower with Radar,20,10,41,0,71,0,0,50,0,50,20,10,91,0,121,0,0,0,121
08/28/2020,ABE,PA,AEA,EN,Combined TRACON& Tower with Radar,20,22,34,0,76,0,3,38,0,41,20,25,72,0,117,26,0,26,143
08/29/2020,ABE,PA,AEA,EN,Combined TRACON& Tower with Radar,16,13,33,0,62,0,0,4,0,4,16,13,37,0,66,0,0,0,66
08/30/2020,ABE,PA,AEA,EN,Combined TRACON& Tower with Radar,15,9,53,0,77,0,1,70,0,71,15,10,123,0,148,0,0,0,148
08/31/2020,ABE,PA,AEA,EN,Combined TRACON& Tower with Radar,21,13,35,0,69,0,0,71,0,71,21,13,106,0,140,131,0,131,271
09/01/2020,ABE,PA,AEA,EN,Combined TRACON& Tower with Radar,13,15,38,0,66,0,0,29,0,29,13,15,67,0,95,116,0,116,211
09/02/2020,ABE,PA,AEA,EN,Combined TRACON& Tower with Radar,14,11,39,0,64,0,2,7,0,9,14,13,46,0,73,14,0,14,87
09/03/2020,ABE,PA,AEA,EN,Combined TRACON& Tower with Radar,18,17,41,2,78,0,1,62,0,63,18,18,103,2,141,70,16,86,227
09/04/2020,ABE,PA,AEA,EN,Combined TRACON& Tower with Radar,22,11,66,0,99,0,2,94,0,96,22,13,160,0,195,164,0,164,359
09/05/2020,ABE,PA,AEA,EN,Combined TRACON& Tower with Radar,18,17,37,0,72,0,2,118,0,120,18,19,155,0,192,76,0,76,268
09/06/2020,ABE,PA,AEA,EN,Combined TRACON& Tower with Radar,14,10,25,0,49,0,2,55,0,57,14,12,80,0,106,20,0,20,126
09/07/2020,ABE,PA,AEA,EN,Combined TRACON& Tower with Radar,19,15,41,0,75,0,0,70,0,70,19,15,111,0,145,24,0,24,169
09/08/2020,ABE,PA,AEA,EN,Combined TRACON& Tower with Radar,11,16,58,8,93,0,1,74,0,75,11,17,132,8,168,4,4,8,176
09/09/2020,ABE,PA,AEA,EN,Combined TRACON& Tower with Radar,19,13,56,3,91,0,0,47,1,48,19,13,103,4,139,23,0,23,162
09/10/2020,ABE,PA,AEA,EN,Combined TRACON& Tower with Radar,21,18,24,0,63,0,0,1,0,1,21,18,25,0,64,0,0,0,64
09/11/2020,ABE,PA,AEA,EN,Combined TRACON& Tower with Radar,21,14,58,5,98,0,2,84,2,88,21,16,142,7,186,199,48,247,433
09/12/2020,ABE,PA,AEA,EN,Combined TRACON& Tower with Radar,19,18,55,0,92,0,5,65,0,70,19,23,120,0,162,151,0,151,313
09/13/2020,ABE,PA,AEA,EN,Combined TRACON& Tower with Radar,16,11,44,0,71,0,2,21,1,24,16,13,65,1,95,0,0,0,95
09/14/2020,ABE,PA,AEA,EN,Combined TRACON& Tower with Radar,20,13,24,3,60,0,5,60,1,66,20,18,84,4,126,68,0,68,194
09/15/2020,ABE,PA,AEA,EN,Combined TRACON& Tower with Radar,16,15,53,0,84,0,1,91,0,92,16,16,144,0,176,114,0,114,290
09/16/2020,ABE,PA,AEA,EN,Combined TRACON& Tower with Radar,18,14,56,0,88,0,2,110,0,112,18,16,166,0,200,10,0,10,210
09/17/2020,ABE,PA,AEA,EN,Combined TRACON& Tower with Radar,22,16,47,1,86,0,1,88,1,90,22,17,135,2,176,114,0,114,290
09/18/2020,ABE,PA,AEA,EN,Combined TRACON& Tower with Radar,20,19,42,0,81,0,0,24,0,24,20,19,66,0,105,4,0,4,109
09/19/2020,ABE,PA,AEA,EN,Combined TRACON& Tower with Radar,17,20,39,0,76,0,0,78,0,78,17,20,117,0,154,66,0,66,220
09/20/2020,ABE,PA,AEA,EN,Combined TRACON& Tower with Radar,18,12,21,0,51,0,1,58,0,59,18,13,79,0,110,60,0,60,170
09/21/2020,ABE,PA,AEA,EN,Combined TRACON& Tower with Radar,20,10,40,0,70,0,0,74,0,74,20,10,114,0,144,138,0,138,282
09/22/2020,ABE,PA,AEA,EN,Combined TRACON& Tower with Radar,16,14,39,0,69,0,1,80,1,82,16,15,119,1,151,138,0,138,289
09/23/2020,ABE,PA,AEA,EN,Combined TRACON& Tower with Radar,18,13,54,0,85,0,7,64,0,71,18,20,118,0,156,216,0,216,372
09/24/2020,ABE,PA,AEA,EN,Combined TRACON& Tower with Radar,22,16,47,0,85,0,0,87,1,88,22,16,134,1,173,200,0,200,373
09/25/2020,ABE,PA,AEA,EN,Combined TRACON& Tower with Radar,23,25,50,0,98,0,1,54,0,55,23,26,104,0,153,48,0,48,201
09/26/2020,ABE,PA,AEA,EN,Combined TRACON& Tower with Radar,17,7,55,0,79,0,1,4,0,5,17,8,59,0,84,0,0,0,84
09/27/2020,ABE,PA,AEA,EN,Combined TRACON& Tower with Radar,18,16,44,0,78,0,0,7,0,7,18,16,51,0,85,10,0,10,95
09/28/2020,ABE,PA,AEA,EN,Combined TRACON& Tower with Radar,20,18,42,0,80,0,0,24,0,24,20,18,66,0,104,28,0,28,132
09/29/2020,ABE,PA,AEA,EN,Combined TRACON& Tower with Radar,17,12,49,0,78,0,0,4,0,4,17,12,53,0,82,0,0,0,82
09/30/2020,ABE,PA,AEA,EN,Combined TRACON& Tower with Radar,19,15,23,0,57,0,0,33,0,33,19,15,56,0,90,44,0,44,134
10/01/2020,ABE,PA,AEA,EN,Combined TRACON& Tower with Radar,25,15,43,4,87,0,3,90,0,93,25,18,133,4,180,125,0,125,305
10/02/2020,ABE,PA,AEA,EN,Combined TRACON& Tower with Radar,26,11,33,0,70,0,5,55,0,60,26,16,88,0,130,72,0,72,202
10/03/2020,ABE,PA,AEA,EN,Combined TRACON& Tower with Radar,23,17,30,0,70,0,1,96,0,97,23,18,126,0,167,178,0,178,345
10/04/2020,ABE,PA,AEA,EN,Combined TRACON& Tower with Radar,26,16,26,0,68,0,2,59,1,62,26,18,85,1,130,92,0,92,222
10/05/2020,ABE,PA,AEA,EN,Combined TRACON& Tower with Radar,24,11,38,0,73,0,3,43,0,46,24,14,81,0,119,43,0,43,162
10/06/2020,ABE,PA,AEA,EN,Combined TRACON& Tower with Radar,18,11,34,0,63,0,1,79,1,81,18,12,113,1,144,134,10,144,288
10/07/2020,ABE,PA,AEA,EN,Combined TRACON& Tower with Radar,24,11,32,9,76,0,2,42,3,47,24,13,74,12,123,14,0,14,137
10/08/2020,ABE,PA,AEA,EN,Combined TRACON& Tower with Radar,26,16,43,3,88,0,1,71,1,73,26,17,114,4,161,42,0,42,203
10/09/2020,ABE,PA,AEA,EN,Combined TRACON& Tower with Radar,25,12,65,0,102,0,0,111,0,111,25,12,176,0,213,86,0,86,299
10/10/2020,ABE,PA,AEA,EN,Combined TRACON& Tower with Radar,27,18,29,0,74,0,1,71,0,72,27,19,100,0,146,102,0,102,248
10/11/2020,ABE,PA,AEA,EN,Combined TRACON& Tower with Radar,23,12,22,0,57,0,1,16,0,17,23,13,38,0,74,40,0,40,114
10/12/2020,ABE,PA,AEA,EN,Combined TRACON& Tower with Radar,25,13,37,0,75,0,0,0,0,0,25,13,37,0,75,0,0,0,75
10/13/2020,ABE,PA,AEA,EN,Combined TRACON& Tower with Radar,17,15,52,5,89,0,0,6,0,6,17,15,58,5,95,19,0,19,114
10/14/2020,ABE,PA,AEA,EN,Combined TRACON& Tower with Radar,25,14,37,0,76,0,5,100,1,106,25,19,137,1,182,153,0,153,335
10/15/2020,ABE,PA,AEA,EN,Combined TRACON& Tower with Radar,26,16,30,3,75,0,2,75,1,78,26,18,105,4,153,109,6,115,268
10/16/2020,ABE,PA,AEA,EN,Combined TRACON& Tower with Radar,27,17,34,2,80,0,4,3,0,7,27,21,37,2,87,0,0,0,87
10/17/2020,ABE,PA,AEA,EN,Combined TRACON& Tower with Radar,29,14,54,4,101,0,0,109,0,109,29,14,163,4,210,178,0,178,388
10/18/2020,ABE,PA,AEA,EN,Combined TRACON& Tower with Radar,24,16,23,0,63,0,2,61,0,63,24,18,84,0,126,0,0,0,126
10/19/2020,ABE,PA,AEA,EN,Combined TRACON& Tower with Radar,24,13,42,0,79,0,0,32,0,32,24,13,74,0,111,42,0,42,153
10/20/2020,ABE,PA,AEA,EN,Combined TRACON& Tower with Radar,16,18,57,5,96,0,0,28,3,31,16,18,85,8,127,36,0,36,163
10/21/2020,ABE,PA,AEA,EN,Combined TRACON& Tower with Radar,24,14,31,0,69,0,0,4,0,4,24,14,35,0,73,20,0,20,93
10/22/2020,ABE,PA,AEA,EN,Combined TRACON& Tower with Radar,27,18,59,9,113,0,0,0,0,0,27,18,59,9,113,0,0,0,113
10/23/2020,ABE,PA,AEA,EN,Combined TRACON& Tower with Radar,26,17,49,0,92,0,1,9,0,10,26,18,58,0,102,26,0,26,128
10/24/2020,ABE,PA,AEA,EN,Combined TRACON& Tower with Radar,25,18,61,0,104,0,0,12,0,12,25,18,73,0,116,18,0,18,134
10/25/2020,ABE,PA,AEA,EN,Combined TRACON& Tower with Radar,20,16,34,6,76,0,1,51,2,54,20,17,85,8,130,0,0,0,130
10/26/2020,ABE,PA,AEA,EN,Combined TRACON& Tower with Radar,21,15,21,5,62,0,0,1,0,1,21,15,22,5,63,0,0,0,63
10/27/2020,ABE,PA,AEA,EN,Combined TRACON& Tower with Radar,19,14,49,3,85,0,1,78,1,80,19,15,127,4,165,70,0,70,235
10/28/2020,ABE,PA,AEA,EN,Combined TRACON& Tower with Radar,20,15,55,0,90,0,0,8,0,8,20,15,63,0,98,0,0,0,98
10/29/2020,ABE,PA,AEA,EN,Combined TRACON& Tower with Radar,26,9,28,0,63,0,0,0,0,0,26,9,28,0,63,0,0,0,63
10/30/2020,ABE,PA,AEA,EN,Combined TRACON& Tower with Radar,23,15,22,0,60,0,4,8,0,12,23,19,30,0,72,0,0,0,72
10/31/2020,ABE,PA,AEA,EN,Combined TRACON& Tower with Radar,19,11,25,0,55,0,2,22,0,24,19,13,47,0,79,10,0,10,89
11/01/2020,ABE,PA,AEA,EN,Combined TRACON& Tower with Radar,20,17,18,0,55,0,2,9,0,11,20,19,27,0,66,8,0,8,74
11/02/2020,ABE,PA,AEA,EN,Combined TRACON& Tower with Radar,22,16,14,0,52,0,1,8,1,10,22,17,22,1,62,10,0,10,72
11/03/2020,ABE,PA,AEA,EN,Combined TRACON& Tower with Radar,16,7,34,0,57,0,0,56,2,58,16,7,90,2,115,71,0,71,186
11/04/2020,ABE,PA,AEA,EN,Combined TRACON& Tower with Radar,20,16,68,0,104,0,0,112,0,112,20,16,180,0,216,100,0,100,316
11/05/2020,ABE,PA,AEA,EN,Combined TRACON& Tower with Radar,43,17,28,0,88,0,2,107,0,109,43,19,135,0,197,106,0,106,303
11/06/2020,ABE,PA,AEA,EN,Combined TRACON& Tower with Radar,25,11,63,0,99,0,4,97,0,101,25,15,160,0,200,173,0,173,373
11/07/2020,ABE,PA,AEA,EN,Combined TRACON& Tower with Radar,20,14,45,0,79,0,0,95,0,95,20,14,140,0,174,124,0,124,298
11/08/2020,ABE,PA,AEA,EN,Combined TRACON& Tower with Radar,22,17,39,0,78,0,1,77,0,78,22,18,116,0,156,0,0,0,156
11/09/2020,ABE,PA,AEA,EN,Combined TRACON& Tower with Radar,23,12,55,2,92,0,2,112,0,114,23,14,167,2,206,178,0,178,384
11/10/2020,ABE,PA,AEA,EN,Combined TRACON& Tower with Radar,17,10,33,4,64,0,0,65,3,68,17,10,98,7,132,64,0,64,196
11/11/2020,ABE,PA,AEA,EN,Combined TRACON& Tower with Radar,23,15,24,2,64,0,0,0,0,0,23,15,24,2,64,0,0,0,64
11/12/2020,ABE,PA,AEA,EN,Combined TRACON& Tower with Radar,30,14,57,0,101,0,0,9,0,9,30,14,66,0,110,18,0,18,128
11/13/2020,ABE,PA,AEA,EN,Combined TRACON& Tower with Radar,25,15,41,0,81,0,1,18,0,19,25,16,59,0,100,70,0,70,170
11/14/2020,ABE,PA,AEA,EN,Combined TRACON& Tower with Radar,26,16,76,0,118,0,5,100,0,105,26,21,176,0,223,64,0,64,287
11/15/2020,ABE,PA,AEA,EN,Combined TRACON& Tower with Radar,25,13,19,7,64,0,0,18,1,19,25,13,37,8,83,0,0,0,83
11/16/2020,ABE,PA,AEA,EN,Combined TRACON& Tower with Radar,29,19,33,0,81,0,2,43,0,45,29,21,76,0,126,16,0,16,142
11/17/2020,ABE,PA,AEA,EN,Combined TRACON& Tower with Radar,23,13,23,0,59,0,1,20,0,21,23,14,43,0,80,74,0,74,154
11/18/2020,ABE,PA,AEA,EN,Combined TRACON& Tower with Radar,23,17,24,0,64,0,0,32,0,32,23,17,56,0,96,110,0,110,206
11/19/2020,ABE,PA,AEA,EN,Combined TRACON& Tower with Radar,31,12,49,0,92,0,7,79,2,88,31,19,128,2,180,184,0,184,364
11/20/2020,ABE,PA,AEA,EN,Combined TRACON& Tower with Radar,29,17,30,0,76,0,1,87,0,88,29,18,117,0,164,114,0,114,278
11/21/2020,ABE,PA,AEA,EN,Combined TRACON& Tower with Radar,30,13,49,0,92,0,3,114,0,117,30,16,163,0,209,96,0,96,305
11/22/2020,ABE,PA,AEA,EN,Combined TRACON& Tower with Radar,26,12,44,0,82,0,0,11,0,11,26,12,55,0,93,26,0,26,119
11/23/2020,ABE,PA,AEA,EN,Combined TRACON& Tower with Radar,27,14,17,3,61,0,2,15,1,18,27,16,32,4,79,6,0,6,85
11/24/2020,ABE,PA,AEA,EN,Combined TRACON& Tower with Radar,36,12,66,0,114,0,4,87,0,91,36,16,153,0,205,0,0,0,205
11/25/2020,ABE,PA,AEA,EN,Combined TRACON& Tower with Radar,34,16,23,5,78,0,4,61,8,73,34,20,84,13,151,154,18,172,323
11/26/2020,ABE,PA,AEA,EN,Combined TRACON& Tower with Radar,11,4,2,0,17,0,1,0,0,1,11,5,2,0,18,0,0,0,18
11/27/2020,ABE,PA,AEA,EN,Combined TRACON& Tower with Radar,20,10,55,0,85,0,2,55,0,57,20,12,110,0,142,74,0,74,216
11/28/2020,ABE,PA,AEA,EN,Combined TRACON& Tower with Radar,31,14,19,0,64,0,5,46,0,51,31,19,65,0,115,12,0,12,127
11/29/2020,ABE,PA,AEA,EN,Combined TRACON& Tower with Radar,30,19,39,0,88,0,4,95,0,99,30,23,134,0,187,36,0,36,223
11/30/2020,ABE,PA,AEA,EN,Combined TRACON& Tower with Radar,31,19,12,0,62,0,0,1,0,1,31,19,13,0,63,0,0,0,63
12/01/2020,ABE,PA,AEA,EN,Combined TRACON& Tower with Radar,27,10,27,0,64,0,3,6,0,9,27,13,33,0,73,0,0,0,73
12/02/2020,ABE,PA,AEA,EN,Combined TRACON& Tower with Radar,21,23,26,0,70,0,1,23,0,24,21,24,49,0,94,0,0,0,94
12/03/2020,ABE,PA,AEA,EN,Combined TRACON& Tower with Radar,26,26,49,11,112,0,3,94,2,99,26,29,143,13,211,106,16,122,333
12/04/2020,ABE,PA,AEA,EN,Combined TRACON& Tower with Radar,25,14,34,0,73,0,0,24,0,24,25,14,58,0,97,10,0,10,107
12/05/2020,ABE,PA,AEA,EN,Combined TRACON& Tower with Radar,20,9,7,0,36,0,1,0,0,1,20,10,7,0,37,0,0,0,37
12/06/2020,ABE,PA,AEA,EN,Combined TRACON& Tower with Radar,22,14,27,0,63,0,2,45,0,47,22,16,72,0,110,21,0,21,131
12/07/2020,ABE,PA,AEA,EN,Combined TRACON& Tower with Radar,28,12,42,8,90,0,1,61,2,64,28,13,103,10,154,0,0,0,154
12/08/2020,ABE,PA,AEA,EN,Combined TRACON& Tower with Radar,23,12,32,0,67,0,1,47,0,48,23,13,79,0,115,0,0,0,115
12/09/2020,ABE,PA,AEA,EN,Combined TRACON& Tower with Radar,22,13,18,0,53,0,0,16,1,17,22,13,34,1,70,10,0,10,80
12/10/2020,ABE,PA,AEA,EN,Combined TRACON& Tower with Radar,26,10,58,4,98,0,2,79,0,81,26,12,137,4,179,106,0,106,285
12/11/2020,ABE,PA,AEA,EN,Combined TRACON& Tower with Radar,25,17,48,0,90,0,2,94,0,96,25,19,142,0,186,181,0,181,367
12/12/2020,ABE,PA,AEA,EN,Combined TRACON& Tower with Radar,19,15,20,0,54,0,0,0,1,1,19,15,20,1,55,0,0,0,55
12/13/2020,ABE,PA,AEA,EN,Combined TRACON& Tower with Radar,23,16,41,0,80,0,0,46,2,48,23,16,87,2,128,12,0,12,140
12/14/2020,ABE,PA,AEA,EN,Combined TRACON& Tower with Radar,24,14,2,0,40,0,0,1,0,1,24,14,3,0,41,0,0,0,41
12/15/2020,ABE,PA,AEA,EN,Combined TRACON& Tower with Radar,25,16,66,0,107,0,3,82,0,85,25,19,148,0,192,0,0,0,192
12/16/2020,ABE,PA,AEA,EN,Combined TRACON& Tower with Radar,9,5,2,0,16,0,0,4,1,5,9,5,6,1,21,6,0,6,27
12/17/2020,ABE,PA,AEA,EN,Combined TRACON& Tower with Radar,16,10,8,1,35,0,1,4,1,6,16,11,12,2,41,0,0,0,41
12/18/2020,ABE,PA,AEA,EN,Combined TRACON& Tower with Radar,28,20,35,0,83,0,3,32,0,35,28,23,67,0,118,28,0,28,146
12/19/2020,ABE,PA,AEA,EN,Combined TRACON& Tower with Radar,33,19,51,2,105,0,1,76,0,77,33,20,127,2,182,100,0,100,282
12/20/2020,ABE,PA,AEA,EN,Combined TRACON& Tower with Radar,29,17,8,0,54,0,0,0,0,0,29,17,8,0,54,0,0,0,54
12/21/2020,ABE,PA,AEA,EN,Combined TRACON& Tower with Radar,31,20,15,0,66,0,1,1,0,2,31,21,16,0,68,0,0,0,68
12/22/2020,ABE,PA,AEA,EN,Combined TRACON& Tower with Radar,33,17,35,7,92,0,1,34,2,37,33,18,69,9,129,110,0,110,239
12/23/2020,ABE,PA,AEA,EN,Combined TRACON& Tower with Radar,32,20,53,16,121,0,1,109,2,112,32,21,162,18,233,296,0,296,529
12/24/2020,ABE,PA,AEA,EN,Combined TRACON& Tower with Radar,24,12,0,0,36,0,0,0,0,0,24,12,0,0,36,0,0,0,36
12/25/2020,ABE,PA,AEA,EN,Combined TRACON& Tower with Radar,10,7,0,0,17,0,2,0,0,2,10,9,0,0,19,0,0,0,19
12/26/2020,ABE,PA,AEA,EN,Combined TRACON& Tower with Radar,25,24,36,0,85,0,3,39,0,42,25,27,75,0,127,12,0,12,139
12/27/2020,ABE,PA,AEA,EN,Combined TRACON& Tower with Radar,33,19,39,0,91,0,3,80,0,83,33,22,119,0,174,34,0,34,208
12/28/2020,ABE,PA,AEA,EN,Combined TRACON& Tower with Radar,32,16,35,0,83,0,1,49,1,51,32,17,84,1,134,4,0,4,138
12/29/2020,ABE,PA,AEA,EN,Combined TRACON& Tower with Radar,30,15,31,0,76,0,6,40,0,46,30,21,71,0,122,24,0,24,146
12/30/2020,ABE,PA,AEA,EN,Combined TRACON& Tower with Radar,34,19,44,0,97,0,6,73,0,79,34,25,117,0,176,191,0,191,367
12/31/2020,ABE,PA,AEA,EN,Combined TRACON& Tower with Radar,25,6,7,0,38,0,0,2,0,2,25,6,9,0,40,6,0,6,46
01/02/2021,ABE,PA,AEA,EN,Combined TRACON& Tower with Radar,23,21,22,0,66,0,2,14,0,16,23,23,36,0,82,0,0,0,82
01/03/2021,ABE,PA,AEA,EN,Combined TRACON& Tower with Radar,29,22,17,0,68,0,0,0,0,0,29,22,17,0,68,0,0,0,68
01/04/2021,ABE,PA,AEA,EN,Combined TRACON& Tower with Radar,30,15,21,0,66,0,0,6,0,6,30,15,27,0,72,0,0,0,72
01/05/2021,ABE,PA,AEA,EN,Combined TRACON& Tower with Radar,22,17,21,2,62,0,2,5,0,7,22,19,26,2,69,0,0,0,69
01/06/2021,ABE,PA,AEA,EN,Combined TRACON& Tower with Radar,22,11,35,0,68,0,0,42,1,43,22,11,77,1,111,76,0,76,187
01/07/2021,ABE,PA,AEA,EN,Combined TRACON& Tower with Radar,24,17,33,19,93,0,4,75,3,82,24,21,108,22,175,94,42,136,311
01/08/2021,ABE,PA,AEA,EN,Combined TRACON& Tower with Radar,23,15,47,5,90,0,2,66,0,68,23,17,113,5,158,100,0,100,258
01/09/2021,ABE,PA,AEA,EN,Combined TRACON& Tower with Radar,23,11,18,0,52,0,4,50,0,54,23,15,68,0,106,55,0,55,161
01/10/2021,ABE,PA,AEA,EN,Combined TRACON& Tower with Radar,21,15,44,0,80,0,4,78,0,82,21,19,122,0,162,48,0,48,210
01/11/2021,ABE,PA,AEA,EN,Combined TRACON& Tower with Radar,22,19,29,2,72,0,3,64,0,67,22,22,93,2,139,103,0,103,242
01/12/2021,ABE,PA,AEA,EN,Combined TRACON& Tower with Radar,18,16,55,2,91,0,1,75,0,76,18,17,130,2,167,0,0,0,167
01/13/2021,ABE,PA,AEA,EN,Combined TRACON& Tower with Radar,18,16,49,1,84,0,2,51,0,53,18,18,100,1,137,0,0,0,137
01/14/2021,ABE,PA,AEA,EN,Combined TRACON& Tower with Radar,24,11,39,0,74,0,0,52,0,52,24,11,91,0,126,0,0,0,126
01/15/2021,ABE,PA,AEA,EN,Combined TRACON& Tower with Radar,24,21,33,6,84,0,0,1,0,1,24,21,34,6,85,0,0,0,85
01/16/2021,ABE,PA,AEA,EN,Combined TRACON& Tower with Radar,19,8,31,0,58,0,0,34,1,35,19,8,65,1,93,24,0,24,117
01/17/2021,ABE,PA,AEA,EN,Combined TRACON& Tower with Radar,20,12,21,0,53,0,4,23,0,27,20,16,44,0,80,16,0,16,96
01/18/2021,ABE,PA,AEA,EN,Combined TRACON& Tower with Radar,22,17,33,0,72,0,3,43,0,46,22,20,76,0,118,54,0,54,172
01/19/2021,ABE,PA,AEA,EN,Combined TRACON& Tower with Radar,18,12,30,0,60,0,0,47,0,47,18,12,77,0,107,44,0,44,151
01/20/2021,ABE,PA,AEA,EN,Combined TRACON& Tower with Radar,22,12,19,0,53,0,1,13,0,14,22,13,32,0,67,4,0,4,71
01/21/2021,ABE,PA,AEA,EN,Combined TRACON& Tower with Radar,25,15,38,4,82,0,5,70,3,78,25,20,108,7,160,104,0,104,264
01/22/2021,ABE,PA,AEA,EN,Combined TRACON& Tower with Radar,25,13,28,0,66,0,1,45,0,46,25,14,73,0,112,0,0,0,112
01/23/2021,ABE,PA,AEA,EN,Combined TRACON& Tower with Radar,15,10,19,0,44,0,3,4,2,9,15,13,23,2,53,0,0,0,53
01/24/2021,ABE,PA,AEA,EN,Combined TRACON& Tower with Radar,21,15,37,0,73,0,1,72,1,74,21,16,109,1,147,130,0,130,277
01/25/2021,ABE,PA,AEA,EN,Combined TRACON& Tower with Radar,22,14,46,0,82,0,0,84,1,85,22,14,130,1,167,100,0,100,267
01/26/2021,ABE,PA,AEA,EN,Combined TRACON& Tower with Radar,20,14,9,0,43,0,0,0,0,0,20,14,9,0,43,0,0,0,43
01/27/2021,ABE,PA,AEA,EN,Combined TRACON& Tower with Radar,18,12,25,0,55,0,0,23,0,23,18,12,48,0,78,64,0,64,142
01/28/2021,ABE,PA,AEA,EN,Combined TRACON& Tower with Radar,21,19,28,0,68,0,1,9,0,10,21,20,37,0,78,0,0,0,78
01/29/2021,ABE,PA,AEA,EN,Combined TRACON& Tower with Radar,22,20,8,0,50,0,1,4,0,5,22,21,12,0,55,0,0,0,55
01/30/2021,ABE,PA,AEA,EN,Combined TRACON& Tower with Radar,19,16,44,0,79,0,3,80,0,83,19,19,124,0,162,86,0,86,248
01/31/2021,ABE,PA,AEA,EN,Combined TRACON& Tower with Radar,20,13,16,0,49,0,0,12,0,12,20,13,28,0,61,0,0,0,61
02/01/2021,ABE,PA,AEA,EN,Combined TRACON& Tower with Radar,5,2,0,0,7,0,0,0,0,0,5,2,0,0,7,0,0,0,7
02/02/2021,ABE,PA,AEA,EN,Combined TRACON& Tower with Radar,10,5,4,0,19,0,0,2,0,2,10,5,6,0,21,0,0,0,21
02/03/2021,ABE,PA,AEA,EN,Combined TRACON& Tower with Radar,21,14,12,0,47,0,0,3,1,4,21,14,15,1,51,0,0,0,51
02/04/2021,ABE,PA,AEA,EN,Combined TRACON& Tower with Radar,27,11,31,0,69,0,1,71,1,73,27,12,102,1,142,0,0,0,142
02/05/2021,ABE,PA,AEA,EN,Combined TRACON& Tower with Radar,29,13,10,0,52,0,2,13,0,15,29,15,23,0,67,0,0,0,67
02/06/2021,ABE,PA,AEA,EN,Combined TRACON& Tower with Radar,17,17,55,15,104,0,2,51,0,53,17,19,106,15,157,34,0,34,191
02/07/2021,ABE,PA,AEA,EN,Combined TRACON& Tower with Radar,22,10,4,0,36,0,0,0,0,0,22,10,4,0,36,0,0,0,36
02/08/2021,ABE,PA,AEA,EN,Combined TRACON& Tower with Radar,22,13,44,0,79,0,3,67,0,70,22,16,111,0,149,0,0,0,149
02/09/2021,ABE,PA,AEA,EN,Combined TRACON& Tower with Radar,20,11,15,10,56,0,0,7,0,7,20,11,22,10,63,0,0,0,63
02/10/2021,ABE,PA,AEA,EN,Combined TRACON& Tower with Radar,24,18,66,0,108,0,0,106,2,108,24,18,172,2,216,190,0,190,406
02/11/2021,ABE,PA,AEA,EN,Combined TRACON& Tower with Radar,28,22,21,1,72,0,1,13,1,15,28,23,34,2,87,66,0,66,153
02/12/2021,ABE,PA,AEA,EN,Combined TRACON& Tower with Radar,28,21,33,0,82,0,1,39,0,40,28,22,72,0,122,92,0,92,214
02/13/2021,ABE,PA,AEA,EN,Combined TRACON& Tower with Radar,24,15,16,0,55,0,3,23,0,26,24,18,39,0,81,54,0,54,135
02/14/2021,ABE,PA,AEA,EN,Combined TRACON& Tower with Radar,27,16,7,0,50,0,0,8,0,8,27,16,15,0,58,10,0,10,68
02/15/2021,ABE,PA,AEA,EN,Combined TRACON& Tower with Radar,24,12,9,0,45,0,0,0,0,0,24,12,9,0,45,0,0,0,45
02/16/2021,ABE,PA,AEA,EN,Combined TRACON& Tower with Radar,22,16,16,2,56,0,1,18,2,21,22,17,34,4,77,0,0,0,77
02/17/2021,ABE,PA,AEA,EN,Combined TRACON& Tower with Radar,24,24,49,0,97,0,1,92,0,93,24,25,141,0,190,60,0,60,250
02/18/2021,ABE,PA,AEA,EN,Combined TRACON& Tower with Radar,13,12,3,0,28,0,0,0,0,0,13,12,3,0,28,0,0,0,28
02/19/2021,ABE,PA,AEA,EN,Combined TRACON& Tower with Radar,21,19,10,0,50,0,0,2,0,2,21,19,12,0,52,0,0,0,52
02/20/2021,ABE,PA,AEA,EN,Combined TRACON& Tower with Radar,26,19,16,0,61,0,1,36,0,37,26,20,52,0,98,72,0,72,170
02/21/2021,ABE,PA,AEA,EN,Combined TRACON& Tower with Radar,25,20,46,0,91,0,3,63,1,67,25,23,109,1,158,102,0,102,260
02/22/2021,ABE,PA,AEA,EN,Combined TRACON& Tower with Radar,24,13,9,0,46,0,0,0,0,0,24,13,9,0,46,0,0,0,46
02/23/2021,ABE,PA,AEA,EN,Combined TRACON& Tower with Radar,25,13,31,0,69,0,1,20,0,21,25,14,51,0,90,22,0,22,112
02/24/2021,ABE,PA,AEA,EN,Combined TRACON& Tower with Radar,25,18,51,0,94,0,4,78,1,83,25,22,129,1,177,64,0,64,241
02/25/2021,ABE,PA,AEA,EN,Combined TRACON& Tower with Radar,26,17,38,0,81,0,4,86,0,90,26,21,124,0,171,140,0,140,311
02/26/2021,ABE,PA,AEA,EN,Combined TRACON& Tower with Radar,26,20,58,0,104,0,1,118,0,119,26,21,176,0,223,104,0,104,327
02/27/2021,ABE,PA,AEA,EN,Combined TRACON& Tower with Radar,26,10,36,0,72,0,1,8,0,9,26,11,44,0,81,24,0,24,105
02/28/2021,ABE,PA,AEA,EN,Combined TRACON& Tower with Radar,27,24,11,0,62,0,0,0,0,0,27,24,11,0,62,0,0,0,62
03/01/2021,ABE,PA,AEA,EN,Combined TRACON& Tower with Radar,28,11,16,0,55,0,2,2,0,4,28,13,18,0,59,12,0,12,71
03/02/2021,ABE,PA,AEA,EN,Combined TRACON& Tower with Radar,22,16,30,0,68,0,1,30,0,31,22,17,60,0,99,84,0,84,183
03/03/2021,ABE,PA,AEA,EN,Combined TRACON& Tower with Radar,24,14,45,0,83,0,4,101,0,105,24,18,146,0,188,101,0,101,289
03/04/2021,ABE,PA,AEA,EN,Combined TRACON& Tower with Radar,31,17,29,1,78,0,4,23,1,28,31,21,52,2,106,10,0,10,116
03/05/2021,ABE,PA,AEA,EN,Combined TRACON& Tower with Radar,34,21,18,0,73,0,4,22,0,26,34,25,40,0,99,0,0,0,99
03/06/2021,ABE,PA,AEA,EN,Combined TRACON& Tower with Radar,29,19,25,0,73,0,1,46,0,47,29,20,71,0,120,64,0,64,184
03/07/2021,ABE,PA,AEA,EN,Combined TRACON& Tower with Radar,26,25,34,0,85,0,3,78,0,81,26,28,112,0,166,64,0,64,230
03/08/2021,ABE,PA,AEA,EN,Combined TRACON& Tower with Radar,31,30,55,0,116,0,3,75,0,78,31,33,130,0,194,0,0,0,194
03/09/2021,ABE,PA,AEA,EN,Combined TRACON& Tower with Radar,27,14,58,12,111,0,9,88,0,97,27,23,146,12,208,98,0,98,306
03/10/2021,ABE,PA,AEA,EN,Combined TRACON& Tower with Radar,30,22,50,0,102,0,3,84,0,87,30,25,134,0,189,94,0,94,283
03/11/2021,ABE,PA,AEA,EN,Combined TRACON& Tower with Radar,33,24,46,4,107,0,2,48,0,50,33,26,94,4,157,57,0,57,214
03/12/2021,ABE,PA,AEA,EN,Combined TRACON& Tower with Radar,33,21,27,0,81,0,3,51,0,54,33,24,78,0,135,120,0,120,255
03/13/2021,ABE,PA,AEA,EN,Combined TRACON& Tower with Radar,32,18,49,0,99,0,2,56,0,58,32,20,105,0,157,20,0,20,177
03/14/2021,ABE,PA,AEA,EN,Combined TRACON& Tower with Radar,25,20,18,0,63,0,5,21,0,26,25,25,39,0,89,8,0,8,97
03/15/2021,ABE,PA,AEA,EN,Combined TRACON& Tower with Radar,31,23,29,5,88,0,4,33,4,41,31,27,62,9,129,30,0,30,159
03/16/2021,ABE,PA,AEA,EN,Combined TRACON& Tower with Radar,29,17,46,0,92,0,3,31,1,35,29,20,77,1,127,149,0,149,276
03/17/2021,ABE,PA,AEA,EN,Combined TRACON& Tower with Radar,30,17,21,0,68,0,0,0,0,0,30,17,21,0,68,0,0,0,68
03/18/2021,ABE,PA,AEA,EN,Combined TRACON& Tower with Radar,33,21,3,0,57,0,0,0,0,0,33,21,3,0,57,0,0,0,57
03/19/2021,ABE,PA,AEA,EN,Combined TRACON& Tower with Radar,39,26,14,0,79,0,3,19,0,22,39,29,33,0,101,0,0,0,101
03/20/2021,ABE,PA,AEA,EN,Combined TRACON& Tower with Radar,34,13,80,0,127,0,7,148,0,155,34,20,228,0,282,30,0,30,312
03/21/2021,ABE,PA,AEA,EN,Combined TRACON& Tower with Radar,32,22,43,0,97,0,3,123,1,127,32,25,166,1,224,74,0,74,298
03/22/2021,ABE,PA,AEA,EN,Combined TRACON& Tower with Radar,34,24,40,0,98,0,3,131,0,134,34,27,171,0,232,140,0,140,372
03/23/2021,ABE,PA,AEA,EN,Combined TRACON& Tower with Radar,39,18,52,17,126,0,0,112,0,112,39,18,164,17,238,134,0,134,372
03/24/2021,ABE,PA,AEA,EN,Combined TRACON& Tower with Radar,31,20,39,0,90,0,0,0,0,0,31,20,39,0,90,0,0,0,90
03/25/2021,ABE,PA,AEA,EN,Combined TRACON& Tower with Radar,35,19,72,6,132,0,1,2,0,3,35,20,74,6,135,20,0,20,155
03/26/2021,ABE,PA,AEA,EN,Combined TRACON& Tower with Radar,39,20,16,0,75,0,0,3,0,3,39,20,19,0,78,2,0,2,80
03/27/2021,ABE,PA,AEA,EN,Combined TRACON& Tower with Radar,33,26,67,0,126,0,4,112,0,116,33,30,179,0,242,0,0,0,242
03/28/2021,ABE,PA,AEA,EN,Combined TRACON& Tower with Radar,32,23,28,0,83,0,0,0,0,0,32,23,28,0,83,0,0,0,83
03/29/2021,ABE,PA,AEA,EN,Combined TRACON& Tower with Radar,35,18,37,0,90,0,3,28,0,31,35,21,65,0,121,18,0,18,139
03/30/2021,ABE,PA,AEA,EN,Combined TRACON& Tower with Radar,30,27,56,0,113,0,1,122,0,123,30,28,178,0,236,111,0,111,347
03/31/2021,ABE,PA,AEA,EN,Combined TRACON& Tower with Radar,32,22,66,0,120,0,0,1,0,1,32,22,67,0,121,0,0,0,121
04/01/2021,ABE,PA,AEA,EN,Combined TRACON& Tower with Radar,35,26,23,1,85,0,0,7,1,8,35,26,30,2,93,10,0,10,103
04/02/2021,ABE,PA,AEA,EN,Combined TRACON& Tower with Radar,42,24,24,0,90,0,0,30,1,31,42,24,54,1,121,0,0,0,121
04/03/2021,ABE,PA,AEA,EN,Combined TRACON& Tower with Radar,33,20,42,0,95,0,5,92,1,98,33,25,134,1,193,126,0,126,319
04/04/2021,ABE,PA,AEA,EN,Combined TRACON& Tower with Radar,31,24,33,0,88,0,1,43,0,44,31,25,76,0,132,34,0,34,166
04/05/2021,ABE,PA,AEA,EN,Combined TRACON& Tower with Radar,36,29,48,0,113,0,1,64,0,65,36,30,112,0,178,76,0,76,254
04/06/2021,ABE,PA,AEA,EN,Combined TRACON& Tower with Radar,30,22,48,0,100,0,3,105,0,108,30,25,153,0,208,222,0,222,430
04/07/2021,ABE,PA,AEA,EN,Combined TRACON& Tower with Radar,30,10,71,6,117,0,2,90,2,94,30,12,161,8,211,162,0,162,373
04/08/2021,ABE,PA,AEA,EN,Combined TRACON& Tower with Radar,37,21,43,9,110,0,6,102,0,108,37,27,145,9,218,210,6,216,434
04/09/2021,ABE,PA,AEA,EN,Combined TRACON& Tower with Radar,35,25,50,0,110,0,0,30,1,31,35,25,80,1,141,86,0,86,227
04/10/2021,ABE,PA,AEA,EN,Combined TRACON& Tower with Radar,38,20,96,0,154,0,7,5,0,12,38,27,101,0,166,0,0,0,166
04/11/2021,ABE,PA,AEA,EN,Combined TRACON& Tower with Radar,34,31,56,0,121,0,0,0,0,0,34,31,56,0,121,0,0,0,121
04/12/2021,ABE,PA,AEA,EN,Combined TRACON& Tower with Radar,36,18,71,0,125,0,1,0,0,1,36,19,71,0,126,150,14,164,290
04/13/2021,ABE,PA,AEA,EN,Combined TRACON& Tower with Radar,33,20,44,6,103,0,2,120,1,123,33,22,164,7,226,102,0,102,328
04/14/2021,ABE,PA,AEA,EN,Combined TRACON& Tower with Radar,31,16,58,4,109,0,5,55,1,61,31,21,113,5,170,82,0,82,252
04/15/2021,ABE,PA,AEA,EN,Combined TRACON& Tower with Radar,34,26,34,0,94,0,0,5,0,5,34,26,39,0,99,102,0,102,201
04/16/2021,ABE,PA,AEA,EN,Combined TRACON& Tower with Radar,35,22,36,0,93,0,1,14,0,15,35,23,50,0,108,118,0,118,226
04/17/2021,ABE,PA,AEA,EN,Combined TRACON& Tower with Radar,30,19,39,0,88,0,1,49,1,51,30,20,88,1,139,115,0,115,254
04/18/2021,ABE,PA,AEA,EN,Combined TRACON& Tower with Radar,28,22,50,0,100,0,1,71,0,72,28,23,121,0,172,37,0,37,209
04/19/2021,ABE,PA,AEA,EN,Combined TRACON& Tower with Radar,37,18,36,0,91,0,1,82,0,83,37,19,118,0,174,70,0,70,244
04/20/2021,ABE,PA,AEA,EN,Combined TRACON& Tower with Radar,30,17,66,8,121,0,2,99,0,101,30,19,165,8,222,82,0,82,304
04/21/2021,ABE,PA,AEA,EN,Combined TRACON& Tower with Radar,32,25,38,2,97,0,3,18,0,21,32,28,56,2,118,0,0,0,118
04/22/2021,ABE,PA,AEA,EN,Combined TRACON& Tower with Radar,36,30,29,4,99,0,3,11,0,14,36,33,40,4,113,66,0,66,179
04/23/2021,ABE,PA,AEA,EN,Combined TRACON& Tower with Radar,37,19,32,4,92,0,1,58,1,60,37,20,90,5,152,172,0,172,324
04/24/2021,ABE,PA,AEA,EN,Combined TRACON& Tower with Radar,29,20,65,0,114,0,5,92,1,98,29,25,157,1,212,0,0,0,212
04/25/2021,ABE,PA,AEA,EN,Combined TRACON& Tower with Radar,31,28,43,0,102,0,2,19,0,21,31,30,62,0,123,0,0,0,123
04/26/2021,ABE,PA,AEA,EN,Combined TRACON& Tower with Radar,37,17,30,5,89,0,1,61,3,65,37,18,91,8,154,84,0,84,238
04/27/2021,ABE,PA,AEA,EN,Combined TRACON& Tower with Radar,32,15,77,0,124,0,2,112,1,115,32,17,189,1,239,64,0,64,303
04/28/2021,ABE,PA,AEA,EN,Combined TRACON& Tower with Radar,34,16,58,11,119,0,0,62,4,66,34,16,120,15,185,111,12,123,308
04/29/2021,ABE,PA,AEA,EN,Combined TRACON& Tower with Radar,39,22,48,9,118,0,0,12,1,13,39,22,60,10,131,26,0,26,157
04/30/2021,ABE,PA,AEA,EN,Combined TRACON& Tower with Radar,38,20,23,0,81,0,0,6,0,6,38,20,29,0,87,0,0,0,87
05/01/2021,ABE,PA,AEA,EN,Combined TRACON& Tower with Radar,32,10,27,0,69,0,0,40,0,40,32,10,67,0,109,26,0,26,135
05/02/2021,ABE,PA,AEA,EN,Combined TRACON& Tower with Radar,33,24,42,0,99,0,0,50,0,50,33,24,92,0,149,150,0,150,299
05/03/2021,ABE,PA,AEA,EN,Combined TRACON& Tower with Radar,34,20,30,0,84,0,3,34,0,37,34,23,64,0,121,86,0,86,207
05/04/2021,ABE,PA,AEA,EN,Combined TRACON& Tower with Radar,30,15,53,0,98,0,0,14,1,15,30,15,67,1,113,6,0,6,119
05/05/2021,ABE,PA,AEA,EN,Combined TRACON& Tower with Radar,32,22,25,4,83,0,0,6,0,6,32,22,31,4,89,0,0,0,89
05/06/2021,ABE,PA,AEA,EN,Combined TRACON& Tower with Radar,38,20,50,11,119,0,3,101,1,105,38,23,151,12,224,230,0,230,454
05/07/2021,ABE,PA,AEA,EN,Combined TRACON& Tower with Radar,40,26,47,0,113,0,1,85,0,86,40,27,132,0,199,77,0,77,276
05/08/2021,ABE,PA,AEA,EN,Combined TRACON& Tower with Radar,32,16,38,0,86,0,0,18,0,18,32,16,56,0,104,48,0,48,152
05/09/2021,ABE,PA,AEA,EN,Combined TRACON& Tower with Radar,33,21,40,0,94,0,1,37,0,38,33,22,77,0,132,0,0,0,132
05/10/2021,ABE,PA,AEA,EN,Combined TRACON& Tower with Radar,37,22,43,3,105,0,2,33,0,35,37,24,76,3,140,84,0,84,224
05/11/2021,ABE,PA,AEA,EN,Combined TRACON& Tower with Radar,37,18,54,0,109,0,1,62,0,63,37,19,116,0,172,144,0,144,316
05/12/2021,ABE,PA,AEA,EN,Combined TRACON& Tower with Radar,34,21,51,0,106,0,2,95,0,97,34,23,146,0,203,0,0,0,203
05/13/2021,ABE,PA,AEA,EN,Combined TRACON& Tower with Radar,38,23,45,10,116,0,2,106,1,109,38,25,151,11,225,142,4,146,371
05/14/2021,ABE,PA,AEA,EN,Combined TRACON& Tower with Radar,37,21,50,5,113,0,4,82,4,90,37,25,132,9,203,144,4,148,351
05/15/2021,ABE,PA,AEA,EN,Combined TRACON& Tower with Radar,30,22,46,0,98,0,0,54,0,54,30,22,100,0,152,200,0,200,352
05/16/2021,ABE,PA,AEA,EN,Combined TRACON& Tower with Radar,31,22,46,0,99,0,2,58,0,60,31,24,104,0,159,122,0,122,281
05/17/2021,ABE,PA,AEA,EN,Combined TRACON& Tower with Radar,36,21,47,0,104,0,2,77,0,79,36,23,124,0,183,167,0,167,350
05/18/2021,ABE,PA,AEA,EN,Combined TRACON& Tower with Radar,30,18,59,0,107,0,2,99,0,101,30,20,158,0,208,142,0,142,350
05/19/2021,ABE,PA,AEA,EN,Combined TRACON& Tower with Radar,33,15,54,6,108,0,0,112,0,112,33,15,166,6,220,146,0,146,366
05/20/2021,ABE,PA,AEA,EN,Combined TRACON& Tower with Radar,36,28,64,0,128,0,3,81,1,85,36,31,145,1,213,194,0,194,407
05/21/2021,ABE,PA,AEA,EN,Combined TRACON& Tower with Radar,37,28,26,0,91,0,3,86,1,90,37,31,112,1,181,216,0,216,397
05/22/2021,ABE,PA,AEA,EN,Combined TRACON& Tower with Radar,32,16,25,0,73,0,3,59,0,62,32,19,84,0,135,60,0,60,195
05/23/2021,ABE,PA,AEA,EN,Combined TRACON& Tower with Radar,31,35,36,0,102,0,3,56,0,59,31,38,92,0,161,110,0,110,271
05/24/2021,ABE,PA,AEA,EN,Combined TRACON& Tower with Radar,37,24,46,0,107,0,0,38,0,38,37,24,84,0,145,32,0,32,177
05/25/2021,ABE,PA,AEA,EN,Combined TRACON& Tower with Radar,32,20,74,8,134,0,3,45,0,48,32,23,119,8,182,88,0,88,270
05/26/2021,ABE,PA,AEA,EN,Combined TRACON& Tower with Radar,30,19,47,1,97,0,0,18,1,19,30,19,65,2,116,60,0,60,176
05/27/2021,ABE,PA,AEA,EN,Combined TRACON& Tower with Radar,40,35,54,2,131,0,14,109,3,126,40,49,163,5,257,140,10,150,407
05/28/2021,ABE,PA,AEA,EN,Combined TRACON& Tower with Radar,40,31,46,0,117,0,0,24,0,24,40,31,70,0,141,60,0,60,201
05/29/2021,ABE,PA,AEA,EN,Combined TRACON& Tower with Radar,32,17,27,0,76,0,0,0,0,0,32,17,27,0,76,0,0,0,76
05/30/2021,ABE,PA,AEA,EN,Combined TRACON& Tower with Radar,33,24,35,0,92,0,0,0,0,0,33,24,35,0,92,0,0,0,92
05/31/2021,ABE,PA,AEA,EN,Combined TRACON& Tower with Radar,37,24,31,0,92,0,3,47,0,50,37,27,78,0,142,0,0,0,142
06/01/2021,ABE,PA,AEA,EN,Combined TRACON& Tower with Radar,32,18,40,22,112,0,3,79,5,87,32,21,119,27,199,116,30,146,345
06/02/2021,ABE,PA,AEA,EN,Combined TRACON& Tower with Radar,34,22,55,10,121,0,2,63,1,66,34,24,118,11,187,105,12,117,304
06/03/2021,ABE,PA,AEA,EN,Combined TRACON& Tower with Radar,42,19,48,2,111,0,0,0,0,0,42,19,48,2,111,2,0,2,113
06/04/2021,ABE,PA,AEA,EN,Combined TRACON& Tower with Radar,40,25,43,0,108,0,2,8,0,10,40,27,51,0,118,4,0,4,122
06/05/2021,ABE,PA,AEA,EN,Combined TRACON& Tower with Radar,34,17,31,0,82,0,1,55,0,56,34,18,86,0,138,60,1,61,199
06/06/2021,ABE,PA,AEA,EN,Combined TRACON& Tower with Radar,38,18,55,0,111,0,3,71,0,74,38,21,126,0,185,136,0,136,321
06/07/2021,ABE,PA,AEA,EN,Combined TRACON& Tower with Radar,40,15,16,0,71,0,1,42,0,43,40,16,58,0,114,71,0,71,185
06/08/2021,ABE,PA,AEA,EN,Combined TRACON& Tower with Radar,36,15,36,2,89,0,1,25,0,26,36,16,61,2,115,64,22,86,201
06/09/2021,ABE,PA,AEA,EN,Combined TRACON& Tower with Radar,37,14,28,10,89,0,0,31,0,31,37,14,59,10,120,50,10,60,180
06/10/2021,ABE,PA,AEA,EN,Combined TRACON& Tower with Radar,44,26,34,4,108,0,4,75,0,79,44,30,109,4,187,124,10,134,321
06/11/2021,ABE,PA,AEA,EN,Combined TRACON& Tower with Radar,40,16,49,9,114,0,3,15,0,18,40,19,64,9,132,0,0,0,132
06/12/2021,ABE,PA,AEA,EN,Combined TRACON& Tower with Radar,35,13,57,0,105,0,3,36,0,39,35,16,93,0,144,86,0,86,230
06/13/2021,ABE,PA,AEA,EN,Combined TRACON& Tower with Radar,41,21,28,0,90,0,2,26,0,28,41,23,54,0,118,90,0,90,208
06/14/2021,ABE,PA,AEA,EN,Combined TRACON& Tower with Radar,39,17,77,0,133,0,0,13,0,13,39,17,90,0,146,60,0,60,206
06/15/2021,ABE,PA,AEA,EN,Combined TRACON& Tower with Radar,35,27,67,0,129,0,3,72,0,75,35,30,139,0,204,92,0,92,296
06/16/2021,ABE,PA,AEA,EN,Combined TRACON& Tower with Radar,41,16,62,0,119,0,6,95,0,101,41,22,157,0,220,132,0,132,352
06/17/2021,ABE,PA,AEA,EN,Combined TRACON& Tower with Radar,44,20,33,5,102,0,3,100,1,104,44,23,133,6,206,142,0,142,348
06/18/2021,ABE,PA,AEA,EN,Combined TRACON& Tower with Radar,42,21,64,0,127,0,4,97,0,101,42,25,161,0,228,296,1,297,525
06/19/2021,ABE,PA,AEA,EN,Combined TRACON& Tower with Radar,38,21,40,0,99,0,3,39,0,42,38,24,79,0,141,54,0,54,195
06/20/2021,ABE,PA,AEA,EN,Combined TRACON& Tower with Radar,41,18,20,0,79,0,1,32,0,33,41,19,52,0,112,48,0,48,160
06/21/2021,ABE,PA,AEA,EN,Combined TRACON& Tower with Radar,41,14,77,0,132,0,1,21,0,22,41,15,98,0,154,36,0,36,190
06/22/2021,ABE,PA,AEA,EN,Combined TRACON& Tower with Radar,32,17,36,0,85,0,1,10,0,11,32,18,46,0,96,0,0,0,96
06/23/2021,ABE,PA,AEA,EN,Combined TRACON& Tower with Radar,38,18,41,0,97,0,2,85,0,87,38,20,126,0,184,69,0,69,253
06/24/2021,ABE,PA,AEA,EN,Combined TRACON& Tower with Radar,45,15,43,0,103,0,4,91,3,98,45,19,134,3,201,97,0,97,298
06/25/2021,ABE,PA,AEA,EN,Combined TRACON& Tower with Radar,41,19,63,0,123,0,4,97,0,101,41,23,160,0,224,110,0,110,334
06/26/2021,ABE,PA,AEA,EN,Combined TRACON& Tower with Radar,39,17,46,0,102,0,2,8,1,11,39,19,54,1,113,44,0,44,157
06/27/2021,ABE,PA,AEA,EN,Combined TRACON& Tower with Radar,42,23,66,0,131,0,5,21,1,27,42,28,87,1,158,16,0,16,174
06/28/2021,ABE,PA,AEA,EN,Combined TRACON& Tower with Radar,43,19,25,0,87,0,0,55,0,55,43,19,80,0,142,98,0,98,240
06/29/2021,ABE,PA,AEA,EN,Combined TRACON& Tower with Radar,41,19,49,8,117,0,3,75,1,79,41,22,124,9,196,174,12,186,382
06/30/2021,ABE,PA,AEA,EN,Combined TRACON& Tower with Radar,42,27,31,4,104,0,3,74,0,77,42,30,105,4,181,119,0,119,300
07/01/2021,ABE,PA,AEA,EN,Combined TRACON& Tower with Radar,49,27,29,3,108,0,2,13,1,16,49,29,42,4,124,10,0,10,134
07/02/2021,ABE,PA,AEA,EN,Combined TRACON& Tower with Radar,41,17,70,4,132,0,2,16,0,18,41,19,86,4,150,101,0,101,251
07/03/2021,ABE,PA,AEA,EN,Combined TRACON& Tower with Radar,36,16,37,0,89,0,1,0,0,1,36,17,37,0,90,0,0,0,90
07/04/2021,ABE,PA,AEA,EN,Combined TRACON& Tower with Radar,32,14,30,0,76,0,4,38,0,42,32,18,68,0,118,26,0,26,144
07/05/2021,ABE,PA,AEA,EN,Combined TRACON& Tower with Radar,35,22,44,0,101,0,2,87,0,89,35,24,131,0,190,174,0,174,364
07/06/2021,ABE,PA,AEA,EN,Combined TRACON& Tower with Radar,30,22,37,4,93,0,4,73,2,79,30,26,110,6,172,80,4,84,256
07/07/2021,ABE,PA,AEA,EN,Combined TRACON& Tower with Radar,39,14,40,0,93,0,5,82,0,87,39,19,122,0,180,142,0,142,322
07/08/2021,ABE,PA,AEA,EN,Combined TRACON& Tower with Radar,46,23,62,0,131,0,0,20,0,20,46,23,82,0,151,64,0,64,215
07/09/2021,ABE,PA,AEA,EN,Combined TRACON& Tower with Radar,47,24,43,0,114,0,2,37,0,39,47,26,80,0,153,148,0,148,301
07/10/2021,ABE,PA,AEA,EN,Combined TRACON& Tower with Radar,39,14,57,0,110,0,4,68,2,74,39,18,125,2,184,191,0,191,375
07/11/2021,ABE,PA,AEA,EN,Combined TRACON& Tower with Radar,40,25,59,0,124,0,3,16,0,19,40,28,75,0,143,16,0,16,159
07/12/2021,ABE,PA,AEA,EN,Combined TRACON& Tower with Radar,42,21,65,0,128,0,1,19,0,20,42,22,84,0,148,40,0,40,188
07/13/2021,ABE,PA,AEA,EN,Combined TRACON& Tower with Radar,32,22,43,0,97,0,0,1,0,1,32,22,44,0,98,0,0,0,98
07/14/2021,ABE,PA,AEA,EN,Combined TRACON& Tower with Radar,42,16,63,0,121,0,2,39,0,41,42,18,102,0,162,165,0,165,327
07/15/2021,ABE,PA,AEA,EN,Combined TRACON& Tower with Radar,45,25,72,0,142,0,3,110,0,113,45,28,182,0,255,108,6,114,369
07/16/2021,ABE,PA,AEA,EN,Combined TRACON& Tower with Radar,42,22,45,0,109,0,1,77,1,79,42,23,122,1,188,90,0,90,278
07/17/2021,ABE,PA,AEA,EN,Combined TRACON& Tower with Radar,44,16,40,0,100,0,1,42,0,43,44,17,82,0,143,184,0,184,327
07/18/2021,ABE,PA,AEA,EN,Combined TRACON& Tower with Radar,38,20,75,0,133,0,2,12,1,15,38,22,87,1,148,78,0,78,226
07/19/2021,ABE,PA,AEA,EN,Combined TRACON& Tower with Radar,44,25,42,0,111,0,0,68,1,69,44,25,110,1,180,122,0,122,302
07/20/2021,ABE,PA,AEA,EN,Combined TRACON& Tower with Radar,34,24,57,2,117,0,0,48,0,48,34,24,105,2,165,64,0,64,229
07/21/2021,ABE,PA,AEA,EN,Combined TRACON& Tower with Radar,38,23,37,0,98,0,1,46,0,47,38,24,83,0,145,64,0,64,209
07/22/2021,ABE,PA,AEA,EN,Combined TRACON& Tower with Radar,46,18,61,0,125,0,1,109,0,110,46,19,170,0,235,223,0,223,458
07/23/2021,ABE,PA,AEA,EN,Combined TRACON& Tower with Radar,40,16,37,0,93,0,3,91,0,94,40,19,128,0,187,96,0,96,283
07/24/2021,ABE,PA,AEA,EN,Combined TRACON& Tower with Radar,41,22,42,0,105,0,0,70,0,70,41,22,112,0,175,96,0,96,271
07/25/2021,ABE,PA,AEA,EN,Combined TRACON& Tower with Radar,40,30,61,3,134,0,4,25,0,29,40,34,86,3,163,6,0,6,169
07/26/2021,ABE,PA,AEA,EN,Combined TRACON& Tower with Radar,39,18,39,0,96,0,2,50,0,52,39,20,89,0,148,91,0,91,239
07/27/2021,ABE,PA,AEA,EN,Combined TRACON& Tower with Radar,33,15,17,4,69,0,3,37,1,41,33,18,54,5,110,56,0,56,166
07/28/2021,ABE,PA,AEA,EN,Combined TRACON& Tower with Radar,39,11,23,4,77,0,1,26,0,27,39,12,49,4,104,46,0,46,150
07/29/2021,ABE,PA,AEA,EN,Combined TRACON& Tower with Radar,44,20,30,3,97,0,2,4,0,6,44,22,34,3,103,18,0,18,121
07/30/2021,ABE,PA,AEA,EN,Combined TRACON& Tower with Radar,42,25,27,0,94,0,3,41,2,46,42,28,68,2,140,97,0,97,237
07/31/2021,ABE,PA,AEA,EN,Combined TRACON& Tower with Radar,39,19,22,0,80,0,4,68,0,72,39,23,90,0,152,109,0,109,261
08/01/2021,ABE,PA,AEA,EN,Combined TRACON& Tower with Radar,39,23,47,0,109,0,0,4,0,4,39,23,51,0,113,8,0,8,121
08/02/2021,ABE,PA,AEA,EN,Combined TRACON& Tower with Radar,42,17,43,0,102,0,1,62,0,63,42,18,105,0,165,101,0,101,266
08/03/2021,ABE,PA,AEA,EN,Combined TRACON& Tower with Radar,37,21,48,4,110,0,3,72,0,75,37,24,120,4,185,140,0,140,325
08/04/2021,ABE,PA,AEA,EN,Combined TRACON& Tower with Radar,42,23,45,0,110,0,3,88,1,92,42,26,133,1,202,198,0,198,400
08/05/2021,ABE,PA,AEA,EN,Combined TRACON& Tower with Radar,45,20,28,0,93,0,1,73,1,75,45,21,101,1,168,100,2,102,270
08/06/2021,ABE,PA,AEA,EN,Combined TRACON& Tower with Radar,41,22,56,0,119,0,0,81,1,82,41,22,137,1,201,144,0,144,345
08/07/2021,ABE,PA,AEA,EN,Combined TRACON& Tower with Radar,35,20,26,0,81,0,4,58,0,62,35,24,84,0,143,124,0,124,267
08/08/2021,ABE,PA,AEA,EN,Combined TRACON& Tower with Radar,40,19,34,0,93,0,9,47,0,56,40,28,81,0,149,84,0,84,233
08/09/2021,ABE,PA,AEA,EN,Combined TRACON& Tower with Radar,39,14,45,3,101,0,2,59,2,63,39,16,104,5,164,113,2,115,279
08/10/2021,ABE,PA,AEA,EN,Combined TRACON& Tower with Radar,36,15,38,0,89,0,1,7,0,8,36,16,45,0,97,38,0,38,135
08/11/2021,ABE,PA,AEA,EN,Combined TRACON& Tower with Radar,37,11,45,2,95,0,1,32,0,33,37,12,77,2,128,117,0,117,245
08/12/2021,ABE,PA,AEA,EN,Combined TRACON& Tower with Radar,37,27,42,0,106,0,1,77,0,78,37,28,119,0,184,121,0,121,305
08/13/2021,ABE,PA,AEA,EN,Combined TRACON& Tower with Radar,41,18,45,0,104,0,3,67,1,71,41,21,112,1,175,61,8,69,244
08/14/2021,ABE,PA,AEA,EN,Combined TRACON& Tower with Radar,37,23,30,0,90,0,4,53,0,57,37,27,83,0,147,29,0,29,176
08/15/2021,ABE,PA,AEA,EN,Combined TRACON& Tower with Radar,43,20,57,0,120,0,0,71,1,72,43,20,128,1,192,117,0,117,309
08/16/2021,ABE,PA,AEA,EN,Combined TRACON& Tower with Radar,40,19,71,4,134,0,5,85,0,90,40,24,156,4,224,99,0,99,323
08/17/2021,ABE,PA,AEA,EN,Combined TRACON& Tower with Radar,35,11,45,0,91,0,0,6,0,6,35,11,51,0,97,37,0,37,134
08/18/2021,ABE,PA,AEA,EN,Combined TRACON& Tower with Radar,36,25,34,2,97,0,1,7,0,8,36,26,41,2,105,14,0,14,119
08/19/2021,ABE,PA,AEA,EN,Combined TRACON& Tower with Radar,38,16,70,1,125,0,1,36,0,37,38,17,106,1,162,150,0,150,312
08/20/2021,ABE,PA,AEA,EN,Combined TRACON& Tower with Radar,38,20,62,6,126,0,2,52,0,54,38,22,114,6,180,70,0,70,250
08/21/2021,ABE,PA,AEA,EN,Combined TRACON& Tower with Radar,39,20,33,0,92,0,4,37,0,41,39,24,70,0,133,24,0,24,157
08/22/2021,ABE,PA,AEA,EN,Combined TRACON& Tower with Radar,31,9,24,0,64,0,0,0,0,0,31,9,24,0,64,1,0,1,65
08/23/2021,ABE,PA,AEA,EN,Combined TRACON& Tower with Radar,34,19,45,0,98,0,2,21,1,24,34,21,66,1,122,30,0,30,152
08/24/2021,ABE,PA,AEA,EN,Combined TRACON& Tower with Radar,34,19,44,0,97,0,5,65,0,70,34,24,109,0,167,72,0,72,239
08/25/2021,ABE,PA,AEA,EN,Combined TRACON& Tower with Radar,38,19,53,4,114,0,2,82,0,84,38,21,135,4,198,129,0,129,327
08/26/2021,ABE,PA,AEA,EN,Combined TRACON& Tower with Radar,34,19,43,0,96,0,0,65,0,65,34,19,108,0,161,108,0,108,269
08/27/2021,ABE,PA,AEA,EN,Combined TRACON& Tower with Radar,41,16,41,1,99,0,2,38,2,42,41,18,79,3,141,73,0,73,214
08/28/2021,ABE,PA,AEA,EN,Combined TRACON& Tower with Radar,34,18,44,0,96,0,0,0,0,0,34,18,44,0,96,0,0,0,96
08/29/2021,ABE,PA,AEA,EN,Combined TRACON& Tower with Radar,32,18,78,0,128,0,0,6,0,6,32,18,84,0,134,10,0,10,144
08/30/2021,ABE,PA,AEA,EN,Combined TRACON& Tower with Radar,37,14,46,0,97,0,2,37,0,39,37,16,83,0,136,41,0,41,177
08/31/2021,ABE,PA,AEA,EN,Combined TRACON& Tower with Radar,37,19,35,4,95,0,7,99,0,106,37,26,134,4,201,74,0,74,275
09/01/2021,ABE,PA,AEA,EN,Combined TRACON& Tower with Radar,37,20,17,0,74,0,0,0,0,0,37,20,17,0,74,0,0,0,74
09/02/2021,ABE,PA,AEA,EN,Combined TRACON& Tower with Radar,39,20,41,0,100,0,8,48,0,56,39,28,89,0,156,50,0,50,206
09/03/2021,ABE,PA,AEA,EN,Combined TRACON& Tower with Radar,40,18,40,2,100,0,2,88,0,90,40,20,128,2,190,61,0,61,251
09/04/2021,ABE,PA,AEA,EN,Combined TRACON& Tower with Radar,35,14,41,0,90,0,3,71,0,74,35,17,112,0,164,54,0,54,218
09/05/2021,ABE,PA,AEA,EN,Combined TRACON& Tower with Radar,29,18,58,0,105,0,2,8,0,10,29,20,66,0,115,18,0,18,133
09/06/2021,ABE,PA,AEA,EN,Combined TRACON& Tower with Radar,38,7,28,0,73,0,4,64,1,69,38,11,92,1,142,100,0,100,242
09/07/2021,ABE,PA,AEA,EN,Combined TRACON& Tower with Radar,35,10,39,1,85,0,3,80,1,84,35,13,119,2,169,50,0,50,219
09/08/2021,ABE,PA,AEA,EN,Combined TRACON& Tower with Radar,31,11,28,0,70,0,0,39,0,39,31,11,67,0,109,108,0,108,217
09/09/2021,ABE,PA,AEA,EN,Combined TRACON& Tower with Radar,39,23,70,0,132,0,3,35,0,38,39,26,105,0,170,0,0,0,170
09/10/2021,ABE,PA,AEA,EN,Combined TRACON& Tower with Radar,36,17,42,0,95,0,0,63,0,63,36,17,105,0,158,181,0,181,339
09/11/2021,ABE,PA,AEA,EN,Combined TRACON& Tower with Radar,37,14,40,0,91,0,3,90,0,93,37,17,130,0,184,149,0,149,333
09/12/2021,ABE,PA,AEA,EN,Combined TRACON& Tower with Radar,31,20,37,0,88,0,3,86,1,90,31,23,123,1,178,141,0,141,319
09/13/2021,ABE,PA,AEA,EN,Combined TRACON& Tower with Radar,32,16,49,9,106,0,4,62,2,68,32,20,111,11,174,162,6,168,342
09/14/2021,ABE,PA,AEA,EN,Combined TRACON& Tower with Radar,33,21,50,0,104,0,1,63,2,66,33,22,113,2,170,130,0,130,300
09/15/2021,ABE,PA,AEA,EN,Combined TRACON& Tower with Radar,32,20,55,0,107,0,1,36,0,37,32,21,91,0,144,65,0,65,209
09/16/2021,ABE,PA,AEA,EN,Combined TRACON& Tower with Radar,37,22,40,2,101,0,0,23,0,23,37,22,63,2,124,28,0,28,152
09/17/2021,ABE,PA,AEA,EN,Combined TRACON& Tower with Radar,1,0,1,0,2,0,1,0,1,2,1,1,1,1,4,0,0,0,4
09/18/2021,ABE,PA,AEA,EN,Combined TRACON& Tower with Radar,0,0,2,0,2,0,2,0,1,3,0,2,2,1,5,0,0,0,5
09/19/2021,ABE,PA,AEA,EN,Combined TRACON& Tower with Radar,0,0,0,0,0,0,2,3,0,5,0,2,3,0,5,0,0,0,5
09/20/2021,ABE,PA,AEA,EN,Combined TRACON& Tower with Radar,36,13,37,2,88,0,8,103,0,111,36,21,140,2,199,98,0,98,297
09/21/2021,ABE,PA,AEA,EN,Combined TRACON& Tower with Radar,37,17,46,6,106,0,0,46,0,46,37,17,92,6,152,169,14,183,335
09/22/2021,ABE,PA,AEA,EN,Combined TRACON& Tower with Radar,32,20,55,4,111,0,2,9,0,11,32,22,64,4,122,0,0,0,122
09/23/2021,ABE,PA,AEA,EN,Combined TRACON& Tower with Radar,38,31,26,0,95,0,0,0,0,0,38,31,26,0,95,0,0,0,95
09/24/2021,ABE,PA,AEA,EN,Combined TRACON& Tower with Radar,36,27,57,1,121,0,6,109,1,116,36,33,166,2,237,185,0,185,422
09/25/2021,ABE,PA,AEA,EN,Combined TRACON& Tower with Radar,27,16,35,0,78,0,0,104,0,104,27,16,139,0,182,300,0,300,482
09/26/2021,ABE,PA,AEA,EN,Combined TRACON& Tower with Radar,29,25,32,0,86,0,6,58,0,64,29,31,90,0,150,54,0,54,204
09/27/2021,ABE,PA,AEA,EN,Combined TRACON& Tower with Radar,28,16,37,0,81,0,1,74,1,76,28,17,111,1,157,86,0,86,243
09/28/2021,ABE,PA,AEA,EN,Combined TRACON& Tower with Radar,0,0,0,0,0,0,1,0,0,1,0,1,0,0,1,0,0,0,1
09/29/2021,ABE,PA,AEA,EN,Combined TRACON& Tower with Radar,0,0,1,0,1,0,5,6,0,11,0,5,7,0,12,0,0,0,12
09/30/2021,ABE,PA,AEA,EN,Combined TRACON& Tower with Radar,34,26,57,0,117,0,4,84,0,88,34,30,141,0,205,78,0,78,283
10/01/2021,ABE,PA,AEA,EN,Combined TRACON& Tower with Radar,37,21,53,0,111,0,0,93,1,94,37,21,146,1,205,130,0,130,335
10/02/2021,ABE,PA,AEA,EN,Combined TRACON& Tower with Radar,27,15,27,0,69,0,6,87,4,97,27,21,114,4,166,29,0,29,195
10/03/2021,ABE,PA,AEA,EN,Combined TRACON& Tower with Radar,31,26,42,0,99,0,12,67,2,81,31,38,109,2,180,165,0,165,345
10/04/2021,ABE,PA,AEA,EN,Combined TRACON& Tower with Radar,34,17,42,0,93,0,0,8,0,8,34,17,50,0,101,6,0,6,107
10/05/2021,ABE,PA,AEA,EN,Combined TRACON& Tower with Radar,32,20,54,0,106,0,0,2,0,2,32,20,56,0,108,0,0,0,108
10/06/2021,ABE,PA,AEA,EN,Combined TRACON& Tower with Radar,39,17,93,2,151,0,1,5,0,6,39,18,98,2,157,0,0,0,157
10/07/2021,ABE,PA,AEA,EN,Combined TRACON& Tower with Radar,37,27,91,4,159,0,2,34,0,36,37,29,125,4,195,79,4,83,278
10/08/2021,ABE,PA,AEA,EN,Combined TRACON& Tower with Radar,35,27,58,0,120,0,8,66,1,75,35,35,124,1,195,114,0,114,309
10/09/2021,ABE,PA,AEA,EN,Combined TRACON& Tower with Radar,37,16,45,0,98,0,0,9,0,9,37,16,54,0,107,4,0,4,111
10/10/2021,ABE,PA,AEA,EN,Combined TRACON& Tower with Radar,34,21,69,0,124,0,0,0,0,0,34,21,69,0,124,0,0,0,124
10/11/2021,ABE,PA,AEA,EN,Combined TRACON& Tower with Radar,38,26,88,0,152,0,3,22,0,25,38,29,110,0,177,65,0,65,242
10/12/2021,ABE,PA,AEA,EN,Combined TRACON& Tower with Radar,42,19,69,0,130,0,0,14,0,14,42,19,83,0,144,150,0,150,294
10/13/2021,ABE,PA,AEA,EN,Combined TRACON& Tower with Radar,41,18,58,6,123,0,2,2,0,4,41,20,60,6,127,38,0,38,165
10/14/2021,ABE,PA,AEA,EN,Combined TRACON& Tower with Radar,38,20,47,0,105,0,3,105,0,108,38,23,152,0,213,44,0,44,257
10/15/2021,ABE,PA,AEA,EN,Combined TRACON& Tower with Radar,39,36,59,1,135,0,4,89,3,96,39,40,148,4,231,170,0,170,401
10/16/2021,ABE,PA,AEA,EN,Combined TRACON& Tower with Radar,42,13,29,0,84,0,5,11,0,16,42,18,40,0,100,48,0,48,148
10/17/2021,ABE,PA,AEA,EN,Combined TRACON& Tower with Radar,33,11,42,0,86,0,2,58,0,60,33,13,100,0,146,48,0,48,194
10/18/2021,ABE,PA,AEA,EN,Combined TRACON& Tower with Radar,40,19,32,2,93,0,1,38,0,39,40,20,70,2,132,22,0,22,154
10/19/2021,ABE,PA,AEA,EN,Combined TRACON& Tower with Radar,40,22,50,0,112,0,2,83,0,85,40,24,133,0,197,114,0,114,311
10/20/2021,ABE,PA,AEA,EN,Combined TRACON& Tower with Radar,43,14,56,8,121,0,0,102,1,103,43,14,158,9,224,112,14,126,350
10/21/2021,ABE,PA,AEA,EN,Combined TRACON& Tower with Radar,39,26,47,0,112,0,2,91,2,95,39,28,138,2,207,244,0,244,451
10/22/2021,ABE,PA,AEA,EN,Combined TRACON& Tower with Radar,43,21,49,8,121,0,0,69,0,69,43,21,118,8,190,161,0,161,351
10/23/2021,ABE,PA,AEA,EN,Combined TRACON& Tower with Radar,43,19,33,0,95,0,4,38,0,42,43,23,71,0,137,55,0,55,192
10/24/2021,ABE,PA,AEA,EN,Combined TRACON& Tower with Radar,34,17,48,0,99,0,2,67,0,69,34,19,115,0,168,155,0,155,323
10/25/2021,ABE,PA,AEA,EN,Combined TRACON& Tower with Radar,37,21,33,11,102,0,0,19,0,19,37,21,52,11,121,66,0,66,187
10/26/2021,ABE,PA,AEA,EN,Combined TRACON& Tower with Radar,41,21,17,2,81,0,0,0,0,0,41,21,17,2,81,0,0,0,81
10/27/2021,ABE,PA,AEA,EN,Combined TRACON& Tower with Radar,41,19,43,0,103,0,1,50,0,51,41,20,93,0,154,67,0,67,221
10/28/2021,ABE,PA,AEA,EN,Combined TRACON& Tower with Radar,40,17,49,11,117,0,2,110,1,113,40,19,159,12,230,191,6,197,427
10/29/2021,ABE,PA,AEA,EN,Combined TRACON& Tower with Radar,38,15,29,2,84,0,0,0,0,0,38,15,29,2,84,0,0,0,84
10/30/2021,ABE,PA,AEA,EN,Combined TRACON& Tower with Radar,32,16,62,0,110,0,0,12,0,12,32,16,74,0,122,12,0,12,134
10/31/2021,ABE,PA,AEA,EN,Combined TRACON& Tower with Radar,29,15,45,0,89,0,1,9,1,11,29,16,54,1,100,0,0,0,100
11/01/2021,ABE,PA,AEA,EN,Combined TRACON& Tower with Radar,37,17,60,0,114,0,1,79,0,80,37,18,139,0,194,146,0,146,340
11/02/2021,ABE,PA,AEA,EN,Combined TRACON& Tower with Radar,36,21,31,0,88,0,1,49,0,50,36,22,80,0,138,106,0,106,244
11/03/2021,ABE,PA,AEA,EN,Combined TRACON& Tower with Radar,40,10,48,0,98,0,4,85,0,89,40,14,133,0,187,75,0,75,262
11/04/2021,ABE,PA,AEA,EN,Combined TRACON& Tower with Radar,40,16,51,0,107,0,3,107,1,111,40,19,158,1,218,138,0,138,356
11/05/2021,ABE,PA,AEA,EN,Combined TRACON& Tower with Radar,40,12,47,0,99,0,2,114,1,117,40,14,161,1,216,172,0,172,388
11/06/2021,ABE,PA,AEA,EN,Combined TRACON& Tower with Radar,36,11,32,0,79,0,1,68,0,69,36,12,100,0,148,114,0,114,262
11/07/2021,ABE,PA,AEA,EN,Combined TRACON& Tower with Radar,35,14,33,0,82,0,1,79,0,80,35,15,112,0,162,124,0,124,286
11/08/2021,ABE,PA,AEA,EN,Combined TRACON& Tower with Radar,38,10,40,0,88,0,1,68,0,69,38,11,108,0,157,82,0,82,239
11/09/2021,ABE,PA,AEA,EN,Combined TRACON& Tower with Radar,34,16,51,4,105,0,0,74,0,74,34,16,125,4,179,136,0,136,315
11/10/2021,ABE,PA,AEA,EN,Combined TRACON& Tower with Radar,40,15,30,0,85,0,0,57,0,57,40,15,87,0,142,108,0,108,250
11/11/2021,ABE,PA,AEA,EN,Combined TRACON& Tower with Radar,40,20,53,0,113,0,0,58,0,58,40,20,111,0,171,82,0,82,253
11/12/2021,ABE,PA,AEA,EN,Combined TRACON& Tower with Radar,40,19,27,2,88,0,2,20,0,22,40,21,47,2,110,44,0,44,154
11/13/2021,ABE,PA,AEA,EN,Combined TRACON& Tower with Radar,43,11,29,0,83,0,5,6,0,11,43,16,35,0,94,5,0,5,99
11/14/2021,ABE,PA,AEA,EN,Combined TRACON& Tower with Radar,34,16,40,0,90,0,2,67,0,69,34,18,107,0,159,156,0,156,315
11/15/2021,ABE,PA,AEA,EN,Combined TRACON& Tower with Radar,39,25,27,0,91,0,1,12,0,13,39,26,39,0,104,64,0,64,168
11/16/2021,ABE,PA,AEA,EN,Combined TRACON& Tower with Radar,34,12,48,0,94,0,4,59,0,63,34,16,107,0,157,123,0,123,280
11/17/2021,ABE,PA,AEA,EN,Combined TRACON& Tower with Radar,40,16,54,10,120,0,1,55,3,59,40,17,109,13,179,114,0,114,293
11/18/2021,ABE,PA,AEA,EN,Combined TRACON& Tower with Radar,41,15,31,6,93,0,0,32,2,34,41,15,63,8,127,86,0,86,213
11/19/2021,ABE,PA,AEA,EN,Combined TRACON& Tower with Radar,42,22,35,1,100,0,2,32,1,35,42,24,67,2,135,73,0,73,208
11/20/2021,ABE,PA,AEA,EN,Combined TRACON& Tower with Radar,33,17,47,0,97,0,4,75,0,79,33,21,122,0,176,126,0,126,302
11/21/2021,ABE,PA,AEA,EN,Combined TRACON& Tower with Radar,38,21,32,3,94,0,1,42,1,44,38,22,74,4,138,195,0,195,333
11/22/2021,ABE,PA,AEA,EN,Combined TRACON& Tower with Radar,43,14,36,0,93,0,2,36,0,38,43,16,72,0,131,94,0,94,225
11/23/2021,ABE,PA,AEA,EN,Combined TRACON& Tower with Radar,48,24,42,3,117,0,2,39,0,41,48,26,81,3,158,43,0,43,201
11/24/2021,ABE,PA,AEA,EN,Combined TRACON& Tower with Radar,47,24,47,0,118,0,1,83,0,84,47,25,130,0,202,44,0,44,246
11/25/2021,ABE,PA,AEA,EN,Combined TRACON& Tower with Radar,14,6,24,0,44,0,0,31,0,31,14,6,55,0,75,26,0,26,101
11/26/2021,ABE,PA,AEA,EN,Combined TRACON& Tower with Radar,24,16,8,0,48,0,2,3,0,5,24,18,11,0,53,0,0,0,53
11/27/2021,ABE,PA,AEA,EN,Combined TRACON& Tower with Radar,42,17,20,0,79,0,3,24,0,27,42,20,44,0,106,95,0,95,201
11/28/2021,ABE,PA,AEA,EN,Combined TRACON& Tower with Radar,47,38,33,0,118,0,1,21,0,22,47,39,54,0,140,0,0,0,140
11/29/2021,ABE,PA,AEA,EN,Combined TRACON& Tower with Radar,41,21,54,0,116,0,6,53,0,59,41,27,107,0,175,172,0,172,347
11/30/2021,ABE,PA,AEA,EN,Combined TRACON& Tower with Radar,37,13,22,4,76,0,2,10,2,14,37,15,32,6,90,0,0,0,90
12/01/2021,ABE,PA,AEA,EN,Combined TRACON& Tower with Radar,41,14,55,0,110,0,1,91,0,92,41,15,146,0,202,74,6,80,282
12/02/2021,ABE,PA,AEA,EN,Combined TRACON& Tower with Radar,42,15,24,0,81,0,2,33,0,35,42,17,57,0,116,23,0,23,139
12/03/2021,ABE,PA,AEA,EN,Combined TRACON& Tower with Radar,43,9,31,3,86,0,2,59,0,61,43,11,90,3,147,105,0,105,252
12/04/2021,ABE,PA,AEA,EN,Combined TRACON& Tower with Radar,27,11,36,0,74,0,1,80,0,81,27,12,116,0,155,108,0,108,263
12/05/2021,ABE,PA,AEA,EN,Combined TRACON& Tower with Radar,37,14,44,0,95,0,3,64,1,68,37,17,108,1,163,120,0,120,283
12/06/2021,ABE,PA,AEA,EN,Combined TRACON& Tower with Radar,39,19,20,0,78,0,0,0,0,0,39,19,20,0,78,0,0,0,78
12/07/2021,ABE,PA,AEA,EN,Combined TRACON& Tower with Radar,35,14,29,2,80,0,2,71,2,75,35,16,100,4,155,76,0,76,231
12/08/2021,ABE,PA,AEA,EN,Combined TRACON& Tower with Radar,40,8,23,0,71,0,1,37,2,40,40,9,60,2,111,62,0,62,173
12/09/2021,ABE,PA,AEA,EN,Combined TRACON& Tower with Radar,41,17,37,0,95,0,3,69,1,73,41,20,106,1,168,141,0,141,309
12/10/2021,ABE,PA,AEA,EN,Combined TRACON& Tower with Radar,42,11,34,0,87,0,1,84,0,85,42,12,118,0,172,138,0,138,310
12/11/2021,ABE,PA,AEA,EN,Combined TRACON& Tower with Radar,27,11,11,0,49,0,0,0,0,0,27,11,11,0,49,0,0,0,49
12/12/2021,ABE,PA,AEA,EN,Combined TRACON& Tower with Radar,40,18,50,0,108,0,1,42,0,43,40,19,92,0,151,154,0,154,305
12/13/2021,ABE,PA,AEA,EN,Combined TRACON& Tower with Radar,36,22,34,0,92,0,2,54,1,57,36,24,88,1,149,90,0,90,239
12/14/2021,ABE,PA,AEA,EN,Combined TRACON& Tower with Radar,33,19,49,0,101,0,0,78,2,80,33,19,127,2,181,112,0,112,293
12/15/2021,ABE,PA,AEA,EN,Combined TRACON& Tower with Radar,39,10,51,4,104,0,4,38,1,43,39,14,89,5,147,92,0,92,239
12/16/2021,ABE,PA,AEA,EN,Combined TRACON& Tower with Radar,42,25,35,0,102,0,0,59,0,59,42,25,94,0,161,36,0,36,197
12/17/2021,ABE,PA,AEA,EN,Combined TRACON& Tower with Radar,42,23,50,0,115,0,1,73,0,74,42,24,123,0,189,194,0,194,383
12/18/2021,ABE,PA,AEA,EN,Combined TRACON& Tower with Radar,37,19,26,0,82,0,0,0,0,0,37,19,26,0,82,0,0,0,82
12/19/2021,ABE,PA,AEA,EN,Combined TRACON& Tower with Radar,36,19,43,0,98,0,2,23,0,25,36,21,66,0,123,30,0,30,153
12/20/2021,ABE,PA,AEA,EN,Combined TRACON& Tower with Radar,40,17,39,5,101,0,1,92,0,93,40,18,131,5,194,168,0,168,362
12/21/2021,ABE,PA,AEA,EN,Combined TRACON& Tower with Radar,41,18,30,0,89,0,2,61,1,64,41,20,91,1,153,84,0,84,237
12/22/2021,ABE,PA,AEA,EN,Combined TRACON& Tower with Radar,39,23,22,0,84,0,1,18,0,19,39,24,40,0,103,4,0,4,107
12/23/2021,ABE,PA,AEA,EN,Combined TRACON& Tower with Radar,45,21,45,0,111,0,3,51,0,54,45,24,96,0,165,103,0,103,268
12/24/2021,ABE,PA,AEA,EN,Combined TRACON& Tower with Radar,22,14,27,0,63,0,4,23,0,27,22,18,50,0,90,38,0,38,128
12/25/2021,ABE,PA,AEA,EN,Combined TRACON& Tower with Radar,14,10,3,0,27,0,2,0,0,2,14,12,3,0,29,0,0,0,29
12/26/2021,ABE,PA,AEA,EN,Combined TRACON& Tower with Radar,19,25,30,0,74,0,2,41,2,45,19,27,71,2,119,78,0,78,197
12/27/2021,ABE,PA,AEA,EN,Combined TRACON& Tower with Radar,41,20,28,0,89,0,0,12,0,12,41,20,40,0,101,24,0,24,125
12/28/2021,ABE,PA,AEA,EN,Combined TRACON& Tower with Radar,40,18,49,6,113,0,1,42,2,45,40,19,91,8,158,60,16,76,234
12/29/2021,ABE,PA,AEA,EN,Combined TRACON& Tower with Radar,42,23,37,0,102,0,0,2,0,2,42,23,39,0,104,0,0,0,104
12/30/2021,ABE,PA,AEA,EN,Combined TRACON& Tower with Radar,41,14,24,0,79,0,0,0,0,0,41,14,24,0,79,0,0,0,79
12/31/2021,ABE,PA,AEA,EN,Combined TRACON& Tower with Radar,22,16,33,0,71,0,0,0,0,0,22,16,33,0,71,0,0,0,71
01/02/2022,ABE,PA,AEA,EN,Combined TRACON& Tower with Radar,32,28,49,0,109,0,0,3,0,3,32,28,52,0,112,42,0,42,154
01/03/2022,ABE,PA,AEA,EN,Combined TRACON& Tower with Radar,28,23,35,0,86,0,2,31,0,33,28,25,66,0,119,106,0,106,225
01/04/2022,ABE,PA,AEA,EN,Combined TRACON& Tower with Radar,34,17,32,0,83,0,3,86,0,89,34,20,118,0,172,48,0,48,220
01/05/2022,ABE,PA,AEA,EN,Combined TRACON& Tower with Radar,35,16,19,0,70,0,0,16,0,16,35,16,35,0,86,40,0,40,126
01/06/2022,ABE,PA,AEA,EN,Combined TRACON& Tower with Radar,35,17,44,0,96,0,3,52,0,55,35,20,96,0,151,28,0,28,179
01/07/2022,ABE,PA,AEA,EN,Combined TRACON& Tower with Radar,35,12,12,0,59,0,1,4,0,5,35,13,16,0,64,0,0,0,64
01/08/2022,ABE,PA,AEA,EN,Combined TRACON& Tower with Radar,27,13,59,0,99,0,3,87,0,90,27,16,146,0,189,124,0,124,313
01/09/2022,ABE,PA,AEA,EN,Combined TRACON& Tower with Radar,29,16,8,0,53,0,0,0,0,0,29,16,8,0,53,0,0,0,53
01/10/2022,ABE,PA,AEA,EN,Combined TRACON& Tower with Radar,34,14,41,0,89,0,2,29,0,31,34,16,70,0,120,75,0,75,195
01/11/2022,ABE,PA,AEA,EN,Combined TRACON& Tower with Radar,31,17,20,0,68,0,5,34,0,39,31,22,54,0,107,40,0,40,147
01/12/2022,ABE,PA,AEA,EN,Combined TRACON& Tower with Radar,35,20,31,0,86,0,1,54,0,55,35,21,85,0,141,124,0,124,265
01/13/2022,ABE,PA,AEA,EN,Combined TRACON& Tower with Radar,37,13,39,0,89,0,2,73,2,77,37,15,112,2,166,119,0,119,285
01/14/2022,ABE,PA,AEA,EN,Combined TRACON& Tower with Radar,40,10,24,0,74,0,2,17,0,19,40,12,41,0,93,74,0,74,167
01/15/2022,ABE,PA,AEA,EN,Combined TRACON& Tower with Radar,30,14,37,0,81,0,5,45,0,50,30,19,82,0,131,38,0,38,169
01/16/2022,ABE,PA,AEA,EN,Combined TRACON& Tower with Radar,18,20,23,0,61,0,0,29,0,29,18,20,52,0,90,58,0,58,148
01/17/2022,ABE,PA,AEA,EN,Combined TRACON& Tower with Radar,36,9,14,0,59,0,0,0,0,0,36,9,14,0,59,0,0,0,59
01/18/2022,ABE,PA,AEA,EN,Combined TRACON& Tower with Radar,34,20,22,5,81,0,0,24,1,25,34,20,46,6,106,22,4,26,132
01/19/2022,ABE,PA,AEA,EN,Combined TRACON& Tower with Radar,36,24,43,0,103,0,0,54,3,57,36,24,97,3,160,100,0,100,260
01/20/2022,ABE,PA,AEA,EN,Combined TRACON& Tower with Radar,39,11,18,0,68,0,0,9,3,12,39,11,27,3,80,14,0,14,94
01/21/2022,ABE,PA,AEA,EN,Combined TRACON& Tower with Radar,39,11,18,0,68,0,0,42,1,43,39,11,60,1,111,127,0,127,238
01/22/2022,ABE,PA,AEA,EN,Combined TRACON& Tower with Radar,26,12,55,0,93,0,2,65,0,67,26,14,120,0,160,58,0,58,218
01/23/2022,ABE,PA,AEA,EN,Combined TRACON& Tower with Radar,32,15,32,0,79,0,2,42,2,46,32,17,74,2,125,68,0,68,193
01/24/2022,ABE,PA,AEA,EN,Combined TRACON& Tower with Radar,34,15,52,2,103,0,0,49,0,49,34,15,101,2,152,82,0,82,234
01/25/2022,ABE,PA,AEA,EN,Combined TRACON& Tower with Radar,34,12,46,9,101,0,2,51,3,56,34,14,97,12,157,66,0,66,223
01/26/2022,ABE,PA,AEA,EN,Combined TRACON& Tower with Radar,36,14,34,5,89,0,0,64,1,65,36,14,98,6,154,130,0,130,284
01/27/2022,ABE,PA,AEA,EN,Combined TRACON& Tower with Radar,38,13,58,2,111,0,2,80,0,82,38,15,138,2,193,84,0,84,277
01/28/2022,ABE,PA,AEA,EN,Combined TRACON& Tower with Radar,38,10,22,0,70,0,1,0,0,1,38,11,22,0,71,0,0,0,71
01/29/2022,ABE,PA,AEA,EN,Combined TRACON& Tower with Radar,28,12,4,0,44,0,0,0,0,0,28,12,4,0,44,0,0,0,44
01/30/2022,ABE,PA,AEA,EN,Combined TRACON& Tower with Radar,32,19,40,0,91,0,3,44,0,47,32,22,84,0,138,126,0,126,264
01/31/2022,ABE,PA,AEA,EN,Combined TRACON& Tower with Radar,36,21,41,0,98,0,1,72,0,73,36,22,113,0,171,112,0,112,283
02/01/2022,ABE,PA,AEA,EN,Combined TRACON& Tower with Radar,30,18,57,0,105,0,0,69,0,69,30,18,126,0,174,86,0,86,260
02/02/2022,ABE,PA,AEA,EN,Combined TRACON& Tower with Radar,36,10,27,0,73,0,1,4,0,5,36,11,31,0,78,10,0,10,88
02/03/2022,ABE,PA,AEA,EN,Combined TRACON& Tower with Radar,30,15,16,0,61,0,0,0,0,0,30,15,16,0,61,0,0,0,61
02/04/2022,ABE,PA,AEA,EN,Combined TRACON& Tower with Radar,34,9,13,0,56,0,0,0,0,0,34,9,13,0,56,0,0,0,56
02/05/2022,ABE,PA,AEA,EN,Combined TRACON& Tower with Radar,22,13,21,0,56,0,1,23,0,24,22,14,44,0,80,10,0,10,90
02/06/2022,ABE,PA,AEA,EN,Combined TRACON& Tower with Radar,26,9,48,0,83,0,4,93,1,98,26,13,141,1,181,248,0,248,429
02/07/2022,ABE,PA,AEA,EN,Combined TRACON& Tower with Radar,29,13,7,0,49,0,0,0,0,0,29,13,7,0,49,0,0,0,49
02/08/2022,ABE,PA,AEA,EN,Combined TRACON& Tower with Radar,27,17,29,0,73,0,1,54,0,55,27,18,83,0,128,90,0,90,218
02/09/2022,ABE,PA,AEA,EN,Combined TRACON& Tower with Radar,28,11,31,0,70,0,1,108,0,109,28,12,139,0,179,102,0,102,281
02/10/2022,ABE,PA,AEA,EN,Combined TRACON& Tower with Radar,30,11,22,17,80,0,0,33,2,35,30,11,55,19,115,141,0,141,256
02/11/2022,ABE,PA,AEA,EN,Combined TRACON& Tower with Radar,35,14,47,0,96,0,4,81,0,85,35,18,128,0,181,70,0,70,251
02/12/2022,ABE,PA,AEA,EN,Combined TRACON& Tower with Radar,22,11,37,0,70,0,1,58,1,60,22,12,95,1,130,68,0,68,198
02/13/2022,ABE,PA,AEA,EN,Combined TRACON& Tower with Radar,21,17,9,0,47,0,0,0,1,1,21,17,9,1,48,0,0,0,48
02/14/2022,ABE,PA,AEA,EN,Combined TRACON& Tower with Radar,32,13,19,0,64,0,2,26,0,28,32,15,45,0,92,106,0,106,198
02/15/2022,ABE,PA,AEA,EN,Combined TRACON& Tower with Radar,28,17,57,4,106,0,0,78,0,78,28,17,135,4,184,202,0,202,386
02/16/2022,ABE,PA,AEA,EN,Combined TRACON& Tower with Radar,30,18,31,1,80,0,1,75,0,76,30,19,106,1,156,220,0,220,376
02/17/2022,ABE,PA,AEA,EN,Combined TRACON& Tower with Radar,35,15,23,0,73,0,3,6,1,10,35,18,29,1,83,32,0,32,115
02/18/2022,ABE,PA,AEA,EN,Combined TRACON& Tower with Radar,34,15,20,2,71,0,2,11,0,13,34,17,31,2,84,30,0,30,114
02/19/2022,ABE,PA,AEA,EN,Combined TRACON& Tower with Radar,24,13,10,0,47,0,2,13,0,15,24,15,23,0,62,47,0,47,109
02/20/2022,ABE,PA,AEA,EN,Combined TRACON& Tower with Radar,28,10,32,0,70,0,2,79,0,81,28,12,111,0,151,146,0,146,297
02/21/2022,ABE,PA,AEA,EN,Combined TRACON& Tower with Radar,34,11,53,0,98,0,1,109,2,112,34,12,162,2,210,98,0,98,308
02/22/2022,ABE,PA,AEA,EN,Combined TRACON& Tower with Radar,26,17,40,0,83,0,0,0,0,0,26,17,40,0,83,0,0,0,83
02/23/2022,ABE,PA,AEA,EN,Combined TRACON& Tower with Radar,30,13,31,0,74,0,1,31,1,33,30,14,62,1,107,10,0,10,117
02/24/2022,ABE,PA,AEA,EN,Combined TRACON& Tower with Radar,36,22,23,10,91,0,2,39,3,44,36,24,62,13,135,84,16,100,235
02/25/2022,ABE,PA,AEA,EN,Combined TRACON& Tower with Radar,31,8,15,0,54,0,0,1,0,1,31,8,16,0,55,0,0,0,55
02/26/2022,ABE,PA,AEA,EN,Combined TRACON& Tower with Radar,26,16,37,0,79,0,4,68,0,72,26,20,105,0,151,202,0,202,353
02/27/2022,ABE,PA,AEA,EN,Combined TRACON& Tower with Radar,30,17,33,0,80,0,1,17,0,18,30,18,50,0,98,82,0,82,180
02/28/2022,ABE,PA,AEA,EN,Combined TRACON& Tower with Radar,31,14,33,0,78,0,0,69,0,69,31,14,102,0,147,110,0,110,257
03/01/2022,ABE,PA,AEA,EN,Combined TRACON& Tower with Radar,28,14,31,2,75,0,0,58,2,60,28,14,89,4,135,87,0,87,222
03/02/2022,ABE,PA,AEA,EN,Combined TRACON& Tower with Radar,30,11,45,12,98,0,3,106,0,109,30,14,151,12,207,205,14,219,426
03/03/2022,ABE,PA,AEA,EN,Combined TRACON& Tower with Radar,39,17,43,0,99,0,3,64,0,67,39,20,107,0,166,63,0,63,229
03/04/2022,ABE,PA,AEA,EN,Combined TRACON& Tower with Radar,36,24,39,2,101,0,3,66,0,69,36,27,105,2,170,132,0,132,302
03/05/2022,ABE,PA,AEA,EN,Combined TRACON& Tower with Radar,29,21,68,2,120,0,2,80,0,82,29,23,148,2,202,2,0,2,204
03/06/2022,ABE,PA,AEA,EN,Combined TRACON& Tower with Radar,29,17,29,1,76,0,2,3,0,5,29,19,32,1,81,4,0,4,85
03/07/2022,ABE,PA,AEA,EN,Combined TRACON& Tower with Radar,36,16,26,2,80,0,1,18,0,19,36,17,44,2,99,72,0,72,171
03/08/2022,ABE,PA,AEA,EN,Combined TRACON& Tower with Radar,33,27,34,1,95,0,1,52,1,54,33,28,86,2,149,140,0,140,289
03/09/2022,ABE,PA,AEA,EN,Combined TRACON& Tower with Radar,30,11,15,0,56,0,0,0,0,0,30,11,15,0,56,0,0,0,56
03/10/2022,ABE,PA,AEA,EN,Combined TRACON& Tower with Radar,43,19,49,6,117,0,1,94,0,95,43,20,143,6,212,223,0,223,435
03/11/2022,ABE,PA,AEA,EN,Combined TRACON& Tower with Radar,33,24,56,1,114,0,4,73,3,80,33,28,129,4,194,201,0,201,395
03/12/2022,ABE,PA,AEA,EN,Combined TRACON& Tower with Radar,29,13,8,0,50,0,0,0,0,0,29,13,8,0,50,0,0,0,50
03/13/2022,ABE,PA,AEA,EN,Combined TRACON& Tower with Radar,27,13,20,0,60,0,0,35,0,35,27,13,55,0,95,94,0,94,189
03/14/2022,ABE,PA,AEA,EN,Combined TRACON& Tower with Radar,38,15,43,2,98,0,2,89,0,91,38,17,132,2,189,111,0,111,300
03/15/2022,ABE,PA,AEA,EN,Combined TRACON& Tower with Radar,30,15,29,0,74,0,0,67,0,67,30,15,96,0,141,76,0,76,217
03/16/2022,ABE,PA,AEA,EN,Combined TRACON& Tower with Radar,32,15,47,8,102,0,4,100,0,104,32,19,147,8,206,127,8,135,341
03/17/2022,ABE,PA,AEA,EN,Combined TRACON& Tower with Radar,49,25,42,0,116,0,0,0,0,0,49,25,42,0,116,0,0,0,116
03/18/2022,ABE,PA,AEA,EN,Combined TRACON& Tower with Radar,35,19,68,0,122,0,2,82,0,84,35,21,150,0,206,48,0,48,254
03/19/2022,ABE,PA,AEA,EN,Combined TRACON& Tower with Radar,25,13,20,0,58,0,1,8,0,9,25,14,28,0,67,10,0,10,77
03/20/2022,ABE,PA,AEA,EN,Combined TRACON& Tower with Radar,31,18,31,0,80,0,4,43,0,47,31,22,74,0,127,172,0,172,299
03/21/2022,ABE,PA,AEA,EN,Combined TRACON& Tower with Radar,36,11,38,0,85,0,4,78,0,82,36,15,116,0,167,176,0,176,343
03/22/2022,ABE,PA,AEA,EN,Combined TRACON& Tower with Radar,29,16,62,0,107,0,1,94,0,95,29,17,156,0,202,170,0,170,372
03/23/2022,ABE,PA,AEA,EN,Combined TRACON& Tower with Radar,34,9,35,2,80,0,2,41,0,43,34,11,76,2,123,38,0,38,161
03/24/2022,ABE,PA,AEA,EN,Combined TRACON& Tower with Radar,33,17,40,0,90,0,0,0,0,0,33,17,40,0,90,0,0,0,90
03/25/2022,ABE,PA,AEA,EN,Combined TRACON& Tower with Radar,40,19,48,0,107,0,2,52,0,54,40,21,100,0,161,150,0,150,311
03/26/2022,ABE,PA,AEA,EN,Combined TRACON& Tower with Radar,29,11,22,0,62,0,3,12,0,15,29,14,34,0,77,29,0,29,106
03/27/2022,ABE,PA,AEA,EN,Combined TRACON& Tower with Radar,34,19,30,0,83,0,1,17,0,18,34,20,47,0,101,14,0,14,115
03/28/2022,ABE,PA,AEA,EN,Combined TRACON& Tower with Radar,35,16,17,0,68,0,1,1,0,2,35,17,18,0,70,0,0,0,70
03/29/2022,ABE,PA,AEA,EN,Combined TRACON& Tower with Radar,27,16,47,1,91,0,1,68,1,70,27,17,115,2,161,113,0,113,274
03/30/2022,ABE,PA,AEA,EN,Combined TRACON& Tower with Radar,30,19,42,2,93,0,1,51,0,52,30,20,93,2,145,88,18,106,251
03/31/2022,ABE,PA,AEA,EN,Combined TRACON& Tower with Radar,40,21,20,0,81,0,0,0,0,0,40,21,20,0,81,0,0,0,81
04/01/2022,ABE,PA,AEA,EN,Combined TRACON& Tower with Radar,37,21,16,2,76,0,3,14,0,17,37,24,30,2,93,16,0,16,109
04/02/2022,ABE,PA,AEA,EN,Combined TRACON& Tower with Radar,25,20,42,0,87,0,4,105,0,109,25,24,147,0,196,90,0,90,286
04/03/2022,ABE,PA,AEA,EN,Combined TRACON& Tower with Radar,30,25,29,0,84,0,0,2,0,2,30,25,31,0,86,0,0,0,86
04/04/2022,ABE,PA,AEA,EN,Combined TRACON& Tower with Radar,38,15,41,0,94,0,1,83,1,85,38,16,124,1,179,54,0,54,233
04/05/2022,ABE,PA,AEA,EN,Combined TRACON& Tower with Radar,27,12,51,0,90,0,1,62,0,63,27,13,113,0,153,148,0,148,301
04/06/2022,ABE,PA,AEA,EN,Combined TRACON& Tower with Radar,32,18,37,0,87,0,0,0,0,0,32,18,37,0,87,8,0,8,95
04/07/2022,ABE,PA,AEA,EN,Combined TRACON& Tower with Radar,33,21,19,1,74,0,0,0,0,0,33,21,19,1,74,0,0,0,74
04/08/2022,ABE,PA,AEA,EN,Combined TRACON& Tower with Radar,40,20,53,0,113,0,1,78,0,79,40,21,131,0,192,249,0,249,441
04/09/2022,ABE,PA,AEA,EN,Combined TRACON& Tower with Radar,29,14,36,0,79,0,4,22,0,26,29,18,58,0,105,32,0,32,137
04/10/2022,ABE,PA,AEA,EN,Combined TRACON& Tower with Radar,33,15,26,1,75,0,3,30,1,34,33,18,56,2,109,82,0,82,191
04/11/2022,ABE,PA,AEA,EN,Combined TRACON& Tower with Radar,39,18,46,0,103,0,2,108,0,110,39,20,154,0,213,173,0,173,386
04/12/2022,ABE,PA,AEA,EN,Combined TRACON& Tower with Radar,30,18,53,0,101,0,3,69,0,72,30,21,122,0,173,208,0,208,381
04/13/2022,ABE,PA,AEA,EN,Combined TRACON& Tower with Radar,31,19,41,2,93,0,1,87,0,88,31,20,128,2,181,119,0,119,300
04/14/2022,ABE,PA,AEA,EN,Combined TRACON& Tower with Radar,38,23,47,12,120,0,1,33,2,36,38,24,80,14,156,80,14,94,250
04/15/2022,ABE,PA,AEA,EN,Combined TRACON& Tower with Radar,37,21,49,0,107,0,3,79,0,82,37,24,128,0,189,53,0,53,242
04/16/2022,ABE,PA,AEA,EN,Combined TRACON& Tower with Radar,35,17,27,0,79,0,0,27,1,28,35,17,54,1,107,118,0,118,225
04/17/2022,ABE,PA,AEA,EN,Combined TRACON& Tower with Radar,29,17,19,0,65,0,0,33,1,34,29,17,52,1,99,18,0,18,117
04/18/2022,ABE,PA,AEA,EN,Combined TRACON& Tower with Radar,40,28,34,0,102,0,1,30,0,31,40,29,64,0,133,70,0,70,203
04/19/2022,ABE,PA,AEA,EN,Combined TRACON& Tower with Radar,33,27,23,0,83,0,3,2,0,5,33,30,25,0,88,14,0,14,102
04/20/2022,ABE,PA,AEA,EN,Combined TRACON& Tower with Radar,34,16,56,0,106,0,4,95,0,99,34,20,151,0,205,138,0,138,343
04/21/2022,ABE,PA,AEA,EN,Combined TRACON& Tower with Radar,37,19,39,0,95,0,2,55,1,58,37,21,94,1,153,84,0,84,237
04/22/2022,ABE,PA,AEA,EN,Combined TRACON& Tower with Radar,39,15,32,0,86,0,6,76,0,82,39,21,108,0,168,200,0,200,368
04/23/2022,ABE,PA,AEA,EN,Combined TRACON& Tower with Radar,33,24,34,0,91,0,4,80,0,84,33,28,114,0,175,153,0,153,328
04/24/2022,ABE,PA,AEA,EN,Combined TRACON& Tower with Radar,37,16,46,0,99,0,3,83,2,88,37,19,129,2,187,182,0,182,369
04/25/2022,ABE,PA,AEA,EN,Combined TRACON& Tower with Radar,38,29,56,0,123,0,0,7,0,7,38,29,63,0,130,84,0,84,214
04/26/2022,ABE,PA,AEA,EN,Combined TRACON& Tower with Radar,33,24,38,3,98,0,0,0,0,0,33,24,38,3,98,0,0,0,98
04/27/2022,ABE,PA,AEA,EN,Combined TRACON& Tower with Radar,29,22,31,6,88,0,3,21,0,24,29,25,52,6,112,16,6,22,134
04/28/2022,ABE,PA,AEA,EN,Combined TRACON& Tower with Radar,36,16,25,0,77,0,7,9,2,18,36,23,34,2,95,28,0,28,123
04/29/2022,ABE,PA,AEA,EN,Combined TRACON& Tower with Radar,41,19,25,1,86,0,2,44,1,47,41,21,69,2,133,38,0,38,171
04/30/2022,ABE,PA,AEA,EN,Combined TRACON& Tower with Radar,27,17,30,0,74,0,5,52,0,57,27,22,82,0,131,98,0,98,229
05/01/2022,ABE,PA,AEA,EN,Combined TRACON& Tower with Radar,30,24,40,0,94,0,2,55,0,57,30,26,95,0,151,127,0,127,278
05/02/2022,ABE,PA,AEA,EN,Combined TRACON& Tower with Radar,39,17,42,0,98,0,0,4,1,5,39,17,46,1,103,0,0,0,103
05/03/2022,ABE,PA,AEA,EN,Combined TRACON& Tower with Radar,29,20,54,8,111,0,2,60,0,62,29,22,114,8,173,92,0,92,265
05/04/2022,ABE,PA,AEA,EN,Combined TRACON& Tower with Radar,32,19,42,0,93,0,0,0,0,0,32,19,42,0,93,0,0,0,93
05/05/2022,ABE,PA,AEA,EN,Combined TRACON& Tower with Radar,39,19,82,6,146,0,3,123,1,127,39,22,205,7,273,240,18,258,531
05/06/2022,ABE,PA,AEA,EN,Combined TRACON& Tower with Radar,39,16,41,2,98,0,2,2,0,4,39,18,43,2,102,0,0,0,102
05/07/2022,ABE,PA,AEA,EN,Combined TRACON& Tower with Radar,28,16,13,0,57,0,0,0,0,0,28,16,13,0,57,0,0,0,57
05/08/2022,ABE,PA,AEA,EN,Combined TRACON& Tower with Radar,30,24,21,0,75,0,2,28,0,30,30,26,49,0,105,42,0,42,147
05/09/2022,ABE,PA,AEA,EN,Combined TRACON& Tower with Radar,39,22,43,0,104,0,4,53,0,57,39,26,96,0,161,198,0,198,359
05/10/2022,ABE,PA,AEA,EN,Combined TRACON& Tower with Radar,29,22,48,0,99,0,1,62,0,63,29,23,110,0,162,167,0,167,329
05/11/2022,ABE,PA,AEA,EN,Combined TRACON& Tower with Radar,26,18,65,0,109,0,1,106,0,107,26,19,171,0,216,158,0,158,374
05/12/2022,ABE,PA,AEA,EN,Combined TRACON& Tower with Radar,38,20,61,6,125,0,3,42,0,45,38,23,103,6,170,217,10,227,397
05/13/2022,ABE,PA,AEA,EN,Combined TRACON& Tower with Radar,40,26,58,0,124,0,0,0,0,0,40,26,58,0,124,0,0,0,124
05/14/2022,ABE,PA,AEA,EN,Combined TRACON& Tower with Radar,26,24,31,0,81,0,0,0,0,0,26,24,31,0,81,0,0,0,81
05/15/2022,ABE,PA,AEA,EN,Combined TRACON& Tower with Radar,33,18,30,2,83,0,0,27,1,28,33,18,57,3,111,12,0,12,123
05/16/2022,ABE,PA,AEA,EN,Combined TRACON& Tower with Radar,37,26,34,0,97,0,0,4,0,4,37,26,38,0,101,20,0,20,121
05/17/2022,ABE,PA,AEA,EN,Combined TRACON& Tower with Radar,30,26,33,0,89,0,3,49,1,53,30,29,82,1,142,74,0,74,216
05/18/2022,ABE,PA,AEA,EN,Combined TRACON& Tower with Radar,30,20,47,0,97,0,6,111,0,117,30,26,158,0,214,116,0,116,330
05/19/2022,ABE,PA,AEA,EN,Combined TRACON& Tower with Radar,40,30,57,0,127,0,0,13,0,13,40,30,70,0,140,138,0,138,278
05/20/2022,ABE,PA,AEA,EN,Combined TRACON& Tower with Radar,38,30,45,0,113,0,4,26,0,30,38,34,71,0,143,136,0,136,279
05/21/2022,ABE,PA,AEA,EN,Combined TRACON& Tower with Radar,27,15,42,0,84,0,4,54,1,59,27,19,96,1,143,57,0,57,200
05/22/2022,ABE,PA,AEA,EN,Combined TRACON& Tower with Radar,33,19,35,1,88,0,6,42,1,49,33,25,77,2,137,104,0,104,241
05/23/2022,ABE,PA,AEA,EN,Combined TRACON& Tower with Radar,39,17,54,2,112,0,1,73,0,74,39,18,127,2,186,159,0,159,345
05/24/2022,ABE,PA,AEA,EN,Combined TRACON& Tower with Radar,30,19,49,0,98,0,1,60,0,61,30,20,109,0,159,231,0,231,390
05/25/2022,ABE,PA,AEA,EN,Combined TRACON& Tower with Radar,29,20,38,0,87,0,2,96,1,99,29,22,134,1,186,164,0,164,350
05/26/2022,ABE,PA,AEA,EN,Combined TRACON& Tower with Radar,39,23,58,6,126,0,0,12,0,12,39,23,70,6,138,126,10,136,274
05/27/2022,ABE,PA,AEA,EN,Combined TRACON& Tower with Radar,43,24,22,0,89,0,0,1,0,1,43,24,23,0,90,0,0,0,90
05/28/2022,ABE,PA,AEA,EN,Combined TRACON& Tower with Radar,33,14,28,0,75,0,1,16,1,18,33,15,44,1,93,72,0,72,165
05/29/2022,ABE,PA,AEA,EN,Combined TRACON& Tower with Radar,33,13,27,0,73,0,1,77,0,78,33,14,104,0,151,106,0,106,257
05/30/2022,ABE,PA,AEA,EN,Combined TRACON& Tower with Radar,37,19,29,0,85,0,4,74,0,78,37,23,103,0,163,158,0,158,321
05/31/2022,ABE,PA,AEA,EN,Combined TRACON& Tower with Radar,31,23,59,0,113,0,2,83,0,85,31,25,142,0,198,80,0,80,278
06/01/2022,ABE,PA,AEA,EN,Combined TRACON& Tower with Radar,34,21,32,2,89,0,0,33,0,33,34,21,65,2,122,148,0,148,270
06/02/2022,ABE,PA,AEA,EN,Combined TRACON& Tower with Radar,42,12,37,0,91,0,2,2,0,4,42,14,39,0,95,4,0,4,99
06/03/2022,ABE,PA,AEA,EN,Combined TRACON& Tower with Radar,41,9,69,0,119,0,2,95,1,98,41,11,164,1,217,176,0,176,393
06/04/2022,ABE,PA,AEA,EN,Combined TRACON& Tower with Radar,35,8,42,0,85,0,6,96,0,102,35,14,138,0,187,54,0,54,241
06/05/2022,ABE,PA,AEA,EN,Combined TRACON& Tower with Radar,38,18,38,0,94,0,3,70,0,73,38,21,108,0,167,91,0,91,258
06/06/2022,ABE,PA,AEA,EN,Combined TRACON& Tower with Radar,42,19,45,0,106,0,1,85,0,86,42,20,130,0,192,176,0,176,368
06/07/2022,ABE,PA,AEA,EN,Combined TRACON& Tower with Radar,40,16,43,0,99,0,1,20,0,21,40,17,63,0,120,92,0,92,212
06/08/2022,ABE,PA,AEA,EN,Combined TRACON& Tower with Radar,39,16,55,0,110,0,1,65,1,67,39,17,120,1,177,116,0,116,293
06/09/2022,ABE,PA,AEA,EN,Combined TRACON& Tower with Radar,44,19,25,3,91,0,0,9,1,10,44,19,34,4,101,84,0,84,185
06/10/2022,ABE,PA,AEA,EN,Combined TRACON& Tower with Radar,45,15,75,2,137,0,3,80,0,83,45,18,155,2,220,157,0,157,377
06/11/2022,ABE,PA,AEA,EN,Combined TRACON& Tower with Radar,33,16,52,1,102,0,4,58,0,62,33,20,110,1,164,137,0,137,301
06/12/2022,ABE,PA,AEA,EN,Combined TRACON& Tower with Radar,38,18,29,1,86,0,2,3,0,5,38,20,32,1,91,0,0,0,91
06/13/2022,ABE,PA,AEA,EN,Combined TRACON& Tower with Radar,42,11,39,0,92,0,1,59,0,60,42,12,98,0,152,132,0,132,284
06/14/2022,ABE,PA,AEA,EN,Combined TRACON& Tower with Radar,37,16,64,0,117,0,5,81,2,88,37,21,145,2,205,170,0,170,375
06/15/2022,ABE,PA,AEA,EN,Combined TRACON& Tower with Radar,39,20,46,2,107,0,1,94,0,95,39,21,140,2,202,162,0,162,364
06/16/2022,ABE,PA,AEA,EN,Combined TRACON& Tower with Radar,50,8,48,0,106,0,0,2,0,2,50,8,50,0,108,22,0,22,130
06/17/2022,ABE,PA,AEA,EN,Combined TRACON& Tower with Radar,41,20,40,0,101,0,3,55,1,59,41,23,95,1,160,155,0,155,315
06/18/2022,ABE,PA,AEA,EN,Combined TRACON& Tower with Radar,41,10,29,0,80,0,4,22,0,26,41,14,51,0,106,24,0,24,130
06/19/2022,ABE,PA,AEA,EN,Combined TRACON& Tower with Radar,42,17,18,0,77,0,4,24,0,28,42,21,42,0,105,62,0,62,167
06/20/2022,ABE,PA,AEA,EN,Combined TRACON& Tower with Radar,42,15,46,0,103,0,4,98,1,103,42,19,144,1,206,164,0,164,370
06/21/2022,ABE,PA,AEA,EN,Combined TRACON& Tower with Radar,38,16,56,0,110,0,3,89,0,92,38,19,145,0,202,102,0,102,304
06/22/2022,ABE,PA,AEA,EN,Combined TRACON& Tower with Radar,39,19,47,0,105,0,1,4,0,5,39,20,51,0,110,56,0,56,166
06/23/2022,ABE,PA,AEA,EN,Combined TRACON& Tower with Radar,45,15,47,2,109,0,0,5,0,5,45,15,52,2,114,0,0,0,114
06/24/2022,ABE,PA,AEA,EN,Combined TRACON& Tower with Radar,38,14,58,0,110,0,1,41,0,42,38,15,99,0,152,58,0,58,210
06/25/2022,ABE,PA,AEA,EN,Combined TRACON& Tower with Radar,34,16,37,0,87,0,2,76,0,78,34,18,113,0,165,286,0,286,451
06/26/2022,ABE,PA,AEA,EN,Combined TRACON& Tower with Radar,39,30,52,0,121,0,3,63,0,66,39,33,115,0,187,164,0,164,351
06/27/2022,ABE,PA,AEA,EN,Combined TRACON& Tower with Radar,38,18,26,0,82,0,1,24,0,25,38,19,50,0,107,18,0,18,125
06/28/2022,ABE,PA,AEA,EN,Combined TRACON& Tower with Radar,37,17,59,1,114,0,2,122,1,125,37,19,181,2,239,120,0,120,359
06/29/2022,ABE,PA,AEA,EN,Combined TRACON& Tower with Radar,35,16,46,2,99,0,5,63,0,68,35,21,109,2,167,90,0,90,257
06/30/2022,ABE,PA,AEA,EN,Combined TRACON& Tower with Radar,41,18,49,9,117,0,5,70,1,76,41,23,119,10,193,127,0,127,320
07/01/2022,ABE,PA,AEA,EN,Combined TRACON& Tower with Radar,40,17,34,0,91,0,0,54,0,54,40,17,88,0,145,104,0,104,249
07/02/2022,ABE,PA,AEA,EN,Combined TRACON& Tower with Radar,33,18,25,0,76,0,4,21,0,25,33,22,46,0,101,14,0,14,115
07/03/2022,ABE,PA,AEA,EN,Combined TRACON& Tower with Radar,27,9,11,0,47,0,0,39,0,39,27,9,50,0,86,36,0,36,122
07/04/2022,ABE,PA,AEA,EN,Combined TRACON& Tower with Radar,25,19,22,0,66,0,1,58,0,59,25,20,80,0,125,72,0,72,197
07/05/2022,ABE,PA,AEA,EN,Combined TRACON& Tower with Radar,28,11,39,2,80,0,3,27,0,30,28,14,66,2,110,14,0,14,124
07/06/2022,ABE,PA,AEA,EN,Combined TRACON& Tower with Radar,30,11,38,0,79,0,1,68,0,69,30,12,106,0,148,154,0,154,302
07/07/2022,ABE,PA,AEA,EN,Combined TRACON& Tower with Radar,38,21,63,0,122,0,1,35,0,36,38,22,98,0,158,309,0,309,467
07/08/2022,ABE,PA,AEA,EN,Combined TRACON& Tower with Radar,38,18,34,0,90,0,1,21,0,22,38,19,55,0,112,158,0,158,270
07/09/2022,ABE,PA,AEA,EN,Combined TRACON& Tower with Radar,33,16,38,0,87,0,8,58,0,66,33,24,96,0,153,120,0,120,273
07/10/2022,ABE,PA,AEA,EN,Combined TRACON& Tower with Radar,39,16,32,0,87,0,3,89,0,92,39,19,121,0,179,84,0,84,263
07/11/2022,ABE,PA,AEA,EN,Combined TRACON& Tower with Radar,34,18,31,0,83,0,3,49,0,52,34,21,80,0,135,170,0,170,305
07/12/2022,ABE,PA,AEA,EN,Combined TRACON& Tower with Radar,29,15,24,0,68,0,5,32,0,37,29,20,56,0,105,27,0,27,132
07/13/2022,ABE,PA,AEA,EN,Combined TRACON& Tower with Radar,30,21,31,14,96,0,2,69,0,71,30,23,100,14,167,88,10,98,265
07/14/2022,ABE,PA,AEA,EN,Combined TRACON& Tower with Radar,39,24,46,0,109,0,1,91,0,92,39,25,137,0,201,152,0,152,353
07/15/2022,ABE,PA,AEA,EN,Combined TRACON& Tower with Radar,36,20,63,0,119,0,3,65,0,68,36,23,128,0,187,72,0,72,259
07/16/2022,ABE,PA,AEA,EN,Combined TRACON& Tower with Radar,36,18,25,0,79,0,2,23,0,25,36,20,48,0,104,52,0,52,156
07/17/2022,ABE,PA,AEA,EN,Combined TRACON& Tower with Radar,37,26,46,0,109,0,8,28,0,36,37,34,74,0,145,132,0,132,277
07/18/2022,ABE,PA,AEA,EN,Combined TRACON& Tower with Radar,51,17,45,0,113,0,0,6,0,6,51,17,51,0,119,84,0,84,203
07/19/2022,ABE,PA,AEA,EN,Combined TRACON& Tower with Radar,30,14,45,2,91,0,2,52,2,56,30,16,97,4,147,198,0,198,345
07/20/2022,ABE,PA,AEA,EN,Combined TRACON& Tower with Radar,30,19,38,10,97,0,4,70,1,75,30,23,108,11,172,139,12,151,323
07/21/2022,ABE,PA,AEA,EN,Combined TRACON& Tower with Radar,55,12,51,0,118,0,3,64,0,67,55,15,115,0,185,162,0,162,347
07/22/2022,ABE,PA,AEA,EN,Combined TRACON& Tower with Radar,36,36,63,0,135,0,3,66,0,69,36,39,129,0,204,242,0,242,446
07/23/2022,ABE,PA,AEA,EN,Combined TRACON& Tower with Radar,34,31,29,0,94,0,2,52,2,56,34,33,81,2,150,32,0,32,182
07/24/2022,ABE,PA,AEA,EN,Combined TRACON& Tower with Radar,34,34,27,0,95,0,2,52,0,54,34,36,79,0,149,116,0,116,265
07/25/2022,ABE,PA,AEA,EN,Combined TRACON& Tower with Radar,42,20,24,0,86,0,0,17,0,17,42,20,41,0,103,19,0,19,122
07/26/2022,ABE,PA,AEA,EN,Combined TRACON& Tower with Radar,25,23,44,0,92,0,0,62,0,62,25,23,106,0,154,148,0,148,302
07/27/2022,ABE,PA,AEA,EN,Combined TRACON& Tower with Radar,32,34,52,8,126,0,2,71,0,73,32,36,123,8,199,102,10,112,311
07/28/2022,ABE,PA,AEA,EN,Combined TRACON& Tower with Radar,41,24,51,0,116,0,2,31,0,33,41,26,82,0,149,94,0,94,243
07/29/2022,ABE,PA,AEA,EN,Combined TRACON& Tower with Radar,41,22,32,0,95,0,3,46,2,51,41,25,78,2,146,100,0,100,246
07/30/2022,ABE,PA,AEA,EN,Combined TRACON& Tower with Radar,35,15,49,0,99,0,3,74,0,77,35,18,123,0,176,85,0,85,261
07/31/2022,ABE,PA,AEA,EN,Combined TRACON& Tower with Radar,37,17,50,0,104,0,3,78,0,81,37,20,128,0,185,109,0,109,294
08/01/2022,ABE,PA,AEA,EN,Combined TRACON& Tower with Radar,37,19,31,0,87,0,4,13,0,17,37,23,44,0,104,96,0,96,200
08/02/2022,ABE,PA,AEA,EN,Combined TRACON& Tower with Radar,30,16,40,0,86,0,2,62,0,64,30,18,102,0,150,167,0,167,317
08/03/2022,ABE,PA,AEA,EN,Combined TRACON& Tower with Radar,31,7,37,0,75,0,4,82,0,86,31,11,119,0,161,198,0,198,359
08/04/2022,ABE,PA,AEA,EN,Combined TRACON& Tower with Radar,36,28,51,0,115,0,5,68,2,75,36,33,119,2,190,158,0,158,348
08/05/2022,ABE,PA,AEA,EN,Combined TRACON& Tower with Radar,34,11,15,10,70,0,3,25,1,29,34,14,40,11,99,84,0,84,183
08/06/2022,ABE,PA,AEA,EN,Combined TRACON& Tower with Radar,32,14,39,0,85,0,2,20,0,22,32,16,59,0,107,68,0,68,175
08/07/2022,ABE,PA,AEA,EN,Combined TRACON& Tower with Radar,36,15,25,0,76,0,8,35,0,43,36,23,60,0,119,42,0,42,161
08/08/2022,ABE,PA,AEA,EN,Combined TRACON& Tower with Radar,34,11,33,0,78,0,3,23,0,26,34,14,56,0,104,88,0,88,192
08/09/2022,ABE,PA,AEA,EN,Combined TRACON& Tower with Radar,27,18,27,0,72,0,8,35,0,43,27,26,62,0,115,12,0,12,127
08/10/2022,ABE,PA,AEA,EN,Combined TRACON& Tower with Radar,32,19,29,0,80,0,0,46,0,46,32,19,75,0,126,63,0,63,189
08/11/2022,ABE,PA,AEA,EN,Combined TRACON& Tower with Radar,41,19,25,0,85,0,2,70,0,72,41,21,95,0,157,109,0,109,266
08/12/2022,ABE,PA,AEA,EN,Combined TRACON& Tower with Radar,33,16,48,0,97,0,1,50,0,51,33,17,98,0,148,61,0,61,209
08/13/2022,ABE,PA,AEA,EN,Combined TRACON& Tower with Radar,32,11,32,0,75,0,3,74,0,77,32,14,106,0,152,116,0,116,268
08/14/2022,ABE,PA,AEA,EN,Combined TRACON& Tower with Radar,36,22,23,0,81,0,10,48,1,59,36,32,71,1,140,90,0,90,230
08/15/2022,ABE,PA,AEA,EN,Combined TRACON& Tower with Radar,34,16,58,0,108,0,1,52,0,53,34,17,110,0,161,104,0,104,265
08/16/2022,ABE,PA,AEA,EN,Combined TRACON& Tower with Radar,34,22,43,2,101,0,4,61,1,66,34,26,104,3,167,76,0,76,243
08/17/2022,ABE,PA,AEA,EN,Combined TRACON& Tower with Radar,42,19,38,2,101,0,1,44,0,45,42,20,82,2,146,137,0,137,283
08/18/2022,ABE,PA,AEA,EN,Combined TRACON& Tower with Radar,40,23,42,0,105,0,0,76,2,78,40,23,118,2,183,80,0,80,263
08/19/2022,ABE,PA,AEA,EN,Combined TRACON& Tower with Radar,38,16,46,0,100,0,1,106,0,107,38,17,152,0,207,104,0,104,311
08/20/2022,ABE,PA,AEA,EN,Combined TRACON& Tower with Radar,35,8,41,0,84,0,6,83,1,90,35,14,124,1,174,59,0,59,233
08/21/2022,ABE,PA,AEA,EN,Combined TRACON& Tower with Radar,38,9,21,0,68,0,3,17,0,20,38,12,38,0,88,54,0,54,142
08/22/2022,ABE,PA,AEA,EN,Combined TRACON& Tower with Radar,37,13,30,0,80,0,0,0,0,0,37,13,30,0,80,0,0,0,80
08/23/2022,ABE,PA,AEA,EN,Combined TRACON& Tower with Radar,36,31,36,0,103,0,3,26,0,29,36,34,62,0,132,106,0,106,238
08/24/2022,ABE,PA,AEA,EN,Combined TRACON& Tower with Radar,37,15,32,0,84,0,4,69,0,73,37,19,101,0,157,115,0,115,272
08/25/2022,ABE,PA,AEA,EN,Combined TRACON& Tower with Radar,41,15,46,0,102,0,3,71,0,74,41,18,117,0,176,6,0,6,182
08/26/2022,ABE,PA,AEA,EN,Combined TRACON& Tower with Radar,39,18,30,2,89,0,1,44,1,46,39,19,74,3,135,87,0,87,222
08/27/2022,ABE,PA,AEA,EN,Combined TRACON& Tower with Radar,35,6,47,0,88,0,1,78,0,79,35,7,125,0,167,78,0,78,245
08/28/2022,ABE,PA,AEA,EN,Combined TRACON& Tower with Radar,35,17,47,0,99,0,5,27,0,32,35,22,74,0,131,28,0,28,159
08/29/2022,ABE,PA,AEA,EN,Combined TRACON& Tower with Radar,33,16,56,0,105,0,1,17,0,18,33,17,73,0,123,126,0,126,249
08/30/2022,ABE,PA,AEA,EN,Combined TRACON& Tower with Radar,34,12,45,0,91,0,0,12,0,12,34,12,57,0,103,12,0,12,115
08/31/2022,ABE,PA,AEA,EN,Combined TRACON& Tower with Radar,33,13,28,0,74,0,5,54,0,59,33,18,82,0,133,109,0,109,242
09/01/2022,ABE,PA,AEA,EN,Combined TRACON& Tower with Radar,38,21,38,8,105,0,4,61,3,68,38,25,99,11,173,64,20,84,257
09/02/2022,ABE,PA,AEA,EN,Combined TRACON& Tower with Radar,38,17,31,0,86,0,1,67,1,69,38,18,98,1,155,220,0,220,375
09/03/2022,ABE,PA,AEA,EN,Combined TRACON& Tower with Radar,29,9,49,0,87,0,3,61,0,64,29,12,110,0,151,84,0,84,235
09/04/2022,ABE,PA,AEA,EN,Combined TRACON& Tower with Radar,31,8,28,0,67,0,2,33,0,35,31,10,61,0,102,130,0,130,232
09/05/2022,ABE,PA,AEA,EN,Combined TRACON& Tower with Radar,38,7,44,0,89,0,0,19,0,19,38,7,63,0,108,10,0,10,118
09/06/2022,ABE,PA,AEA,EN,Combined TRACON& Tower with Radar,36,2,21,2,61,0,0,2,0,2,36,2,23,2,63,0,0,0,63
09/07/2022,ABE,PA,AEA,EN,Combined TRACON& Tower with Radar,33,13,10,2,58,0,2,1,0,3,33,15,11,2,61,0,0,0,61
09/08/2022,ABE,PA,AEA,EN,Combined TRACON& Tower with Radar,34,7,36,0,77,0,3,57,2,62,34,10,93,2,139,68,0,68,207
09/09/2022,ABE,PA,AEA,EN,Combined TRACON& Tower with Radar,38,6,60,0,104,0,1,108,0,109,38,7,168,0,213,170,0,170,383
09/10/2022,ABE,PA,AEA,EN,Combined TRACON& Tower with Radar,34,8,57,0,99,0,7,103,1,111,34,15,160,1,210,202,0,202,412
09/11/2022,ABE,PA,AEA,EN,Combined TRACON& Tower with Radar,33,9,33,0,75,0,1,0,0,1,33,10,33,0,76,0,0,0,76
09/12/2022,ABE,PA,AEA,EN,Combined TRACON& Tower with Radar,35,5,29,0,69,0,0,3,0,3,35,5,32,0,72,60,0,60,132
09/13/2022,ABE,PA,AEA,EN,Combined TRACON& Tower with Radar,32,13,37,0,82,0,1,39,0,40,32,14,76,0,122,149,0,149,271
09/14/2022,ABE,PA,AEA,EN,Combined TRACON& Tower with Radar,32,16,55,7,110,0,2,79,1,82,32,18,134,8,192,91,0,91,283
09/15/2022,ABE,PA,AEA,EN,Combined TRACON& Tower with Radar,41,8,42,1,92,0,9,68,1,78,41,17,110,2,170,84,0,84,254
09/16/2022,ABE,PA,AEA,EN,Combined TRACON& Tower with Radar,36,14,40,0,90,0,2,96,2,100,36,16,136,2,190,166,0,166,356
09/17/2022,ABE,PA,AEA,EN,Combined TRACON& Tower with Radar,31,12,36,0,79,0,3,91,0,94,31,15,127,0,173,126,0,126,299
09/18/2022,ABE,PA,AEA,EN,Combined TRACON& Tower with Radar,34,19,30,0,83,0,3,56,0,59,34,22,86,0,142,98,0,98,240
09/19/2022,ABE,PA,AEA,EN,Combined TRACON& Tower with Radar,38,10,28,10,86,0,1,35,0,36,38,11,63,10,122,30,0,30,152
09/20/2022,ABE,PA,AEA,EN,Combined TRACON& Tower with Radar,30,6,47,0,83,0,4,71,2,77,30,10,118,2,160,120,0,120,280
09/21/2022,ABE,PA,AEA,EN,Combined TRACON& Tower with Radar,31,9,37,0,77,0,1,89,0,90,31,10,126,0,167,228,0,228,395
09/22/2022,ABE,PA,AEA,EN,Combined TRACON& Tower with Radar,39,11,26,2,78,0,4,14,4,22,39,15,40,6,100,0,0,0,100
09/23/2022,ABE,PA,AEA,EN,Combined TRACON& Tower with Radar,38,16,25,0,79,0,3,29,1,33,38,19,54,1,112,57,0,57,169
09/24/2022,ABE,PA,AEA,EN,Combined TRACON& Tower with Radar,30,0,56,0,86,0,2,91,0,93,30,2,147,0,179,82,0,82,261
09/25/2022,ABE,PA,AEA,EN,Combined TRACON& Tower with Radar,37,7,24,0,68,0,2,29,0,31,37,9,53,0,99,96,0,96,195
09/26/2022,ABE,PA,AEA,EN,Combined TRACON& Tower with Radar,38,16,38,0,92,0,2,49,0,51,38,18,87,0,143,138,0,138,281
09/27/2022,ABE,PA,AEA,EN,Combined TRACON& Tower with Radar,31,11,48,1,91,0,0,59,1,60,31,11,107,2,151,110,0,110,261
09/28/2022,ABE,PA,AEA,EN,Combined TRACON& Tower with Radar,29,14,53,0,96,0,2,83,0,85,29,16,136,0,181,147,0,147,328
09/29/2022,ABE,PA,AEA,EN,Combined TRACON& Tower with Radar,33,18,47,0,98,0,7,76,0,83,33,25,123,0,181,104,0,104,285
09/30/2022,ABE,PA,AEA,EN,Combined TRACON& Tower with Radar,27,12,41,0,80,0,2,80,0,82,27,14,121,0,162,138,0,138,300
10/01/2022,ABE,PA,AEA,EN,Combined TRACON& Tower with Radar,32,3,20,0,55,0,0,0,0,0,32,3,20,0,55,0,0,0,55
10/02/2022,ABE,PA,AEA,EN,Combined TRACON& Tower with Radar,32,11,14,0,57,0,0,6,1,7,32,11,20,1,64,0,0,0,64
10/03/2022,ABE,PA,AEA,EN,Combined TRACON& Tower with Radar,40,10,31,0,81,0,2,19,0,21,40,12,50,0,102,100,0,100,202
10/04/2022,ABE,PA,AEA,EN,Combined TRACON& Tower with Radar,30,10,35,0,75,0,0,0,0,0,30,10,35,0,75,0,0,0,75
10/05/2022,ABE,PA,AEA,EN,Combined TRACON& Tower with Radar,33,19,53,0,105,0,0,1,0,1,33,19,54,0,106,24,0,24,130
10/06/2022,ABE,PA,AEA,EN,Combined TRACON& Tower with Radar,39,14,73,5,131,0,0,116,2,118,39,14,189,7,249,174,10,184,433
10/07/2022,ABE,PA,AEA,EN,Combined TRACON& Tower with Radar,38,18,72,4,132,0,4,109,1,114,38,22,181,5,246,296,0,296,542
10/08/2022,ABE,PA,AEA,EN,Combined TRACON& Tower with Radar,33,10,37,0,80,0,1,62,0,63,33,11,99,0,143,270,0,270,413
10/09/2022,ABE,PA,AEA,EN,Combined TRACON& Tower with Radar,38,12,45,0,95,0,3,58,0,61,38,15,103,0,156,158,0,158,314
10/10/2022,ABE,PA,AEA,EN,Combined TRACON& Tower with Radar,34,18,51,0,103,0,2,76,0,78,34,20,127,0,181,192,0,192,373
10/11/2022,ABE,PA,AEA,EN,Combined TRACON& Tower with Radar,32,12,48,0,92,0,0,95,0,95,32,12,143,0,187,232,0,232,419
10/12/2022,ABE,PA,AEA,EN,Combined TRACON& Tower with Radar,34,15,68,0,117,0,3,103,0,106,34,18,171,0,223,180,0,180,403
10/13/2022,ABE,PA,AEA,EN,Combined TRACON& Tower with Radar,39,20,14,0,73,0,0,3,0,3,39,20,17,0,76,2,0,2,78
10/14/2022,ABE,PA,AEA,EN,Combined TRACON& Tower with Radar,39,10,46,0,95,0,1,85,0,86,39,11,131,0,181,269,0,269,450
10/15/2022,ABE,PA,AEA,EN,Combined TRACON& Tower with Radar,36,14,62,0,112,0,3,92,0,95,36,17,154,0,207,130,0,130,337
10/16/2022,ABE,PA,AEA,EN,Combined TRACON& Tower with Radar,39,13,53,0,105,0,7,62,0,69,39,20,115,0,174,136,0,136,310
10/17/2022,ABE,PA,AEA,EN,Combined TRACON& Tower with Radar,33,12,69,0,114,0,3,4,1,8,33,15,73,1,122,149,0,149,271
10/18/2022,ABE,PA,AEA,EN,Combined TRACON& Tower with Radar,36,14,70,0,120,0,3,67,0,70,36,17,137,0,190,230,0,230,420
10/19/2022,ABE,PA,AEA,EN,Combined TRACON& Tower with Radar,34,11,41,0,86,0,7,42,0,49,34,18,83,0,135,109,0,109,244
10/20/2022,ABE,PA,AEA,EN,Combined TRACON& Tower with Radar,40,10,60,6,116,0,2,69,0,71,40,12,129,6,187,115,0,115,302
10/21/2022,ABE,PA,AEA,EN,Combined TRACON& Tower with Radar,38,10,59,2,109,0,6,91,0,97,38,16,150,2,206,287,0,287,493
10/22/2022,ABE,PA,AEA,EN,Combined TRACON& Tower with Radar,29,18,49,0,96,0,3,91,1,95,29,21,140,1,191,120,0,120,311
10/23/2022,ABE,PA,AEA,EN,Combined TRACON& Tower with Radar,39,16,33,0,88,0,10,33,1,44,39,26,66,1,132,127,0,127,259
10/24/2022,ABE,PA,AEA,EN,Combined TRACON& Tower with Radar,34,19,27,1,81,0,0,0,0,0,34,19,27,1,81,0,0,0,81
10/25/2022,ABE,PA,AEA,EN,Combined TRACON& Tower with Radar,36,11,30,0,77,0,1,5,0,6,36,12,35,0,83,2,0,2,85
10/26/2022,ABE,PA,AEA,EN,Combined TRACON& Tower with Radar,36,19,74,1,130,0,1,6,1,8,36,20,80,2,138,34,0,34,172
10/27/2022,ABE,PA,AEA,EN,Combined TRACON& Tower with Radar,41,17,48,1,107,0,5,86,1,92,41,22,134,2,199,84,0,84,283
10/28/2022,ABE,PA,AEA,EN,Combined TRACON& Tower with Radar,38,11,49,0,98,0,1,111,0,112,38,12,160,0,210,207,0,207,417
10/29/2022,ABE,PA,AEA,EN,Combined TRACON& Tower with Radar,32,9,37,0,78,0,2,79,0,81,32,11,116,0,159,160,0,160,319
10/30/2022,ABE,PA,AEA,EN,Combined TRACON& Tower with Radar,31,20,64,0,115,0,3,90,0,93,31,23,154,0,208,70,0,70,278
10/31/2022,ABE,PA,AEA,EN,Combined TRACON& Tower with Radar,28,11,60,0,99,0,0,8,0,8,28,11,68,0,107,143,0,143,250
11/01/2022,ABE,PA,AEA,EN,Combined TRACON& Tower with Radar,28,12,46,2,88,0,0,17,0,17,28,12,63,2,105,86,0,86,191
11/02/2022,ABE,PA,AEA,EN,Combined TRACON& Tower with Radar,28,21,43,4,96,0,2,71,0,73,28,23,114,4,169,126,0,126,295
11/03/2022,ABE,PA,AEA,EN,Combined TRACON& Tower with Radar,37,15,53,0,105,0,8,76,0,84,37,23,129,0,189,136,2,138,327
11/04/2022,ABE,PA,AEA,EN,Combined TRACON& Tower with Radar,49,18,65,0,132,0,1,98,2,101,49,19,163,2,233,212,0,212,445
11/05/2022,ABE,PA,AEA,EN,Combined TRACON& Tower with Radar,27,10,49,11,97,0,3,35,0,38,27,13,84,11,135,96,6,102,237
11/06/2022,ABE,PA,AEA,EN,Combined TRACON& Tower with Radar,34,20,23,0,77,0,2,4,0,6,34,22,27,0,83,0,0,0,83
11/07/2022,ABE,PA,AEA,EN,Combined TRACON& Tower with Radar,30,13,45,0,88,0,2,75,0,77,30,15,120,0,165,110,0,110,275
11/08/2022,ABE,PA,AEA,EN,Combined TRACON& Tower with Radar,33,22,22,0,77,0,1,60,0,61,33,23,82,0,138,170,0,170,308
11/09/2022,ABE,PA,AEA,EN,Combined TRACON& Tower with Radar,34,12,52,0,98,0,2,80,0,82,34,14,132,0,180,158,0,158,338
11/10/2022,ABE,PA,AEA,EN,Combined TRACON& Tower with Radar,35,12,46,0,93,0,3,79,0,82,35,15,125,0,175,159,0,159,334
11/11/2022,ABE,PA,AEA,EN,Combined TRACON& Tower with Radar,35,17,31,0,83,0,0,1,0,1,35,17,32,0,84,0,0,0,84
11/12/2022,ABE,PA,AEA,EN,Combined TRACON& Tower with Radar,28,15,34,0,77,0,2,37,0,39,28,17,71,0,116,49,0,49,165
11/13/2022,ABE,PA,AEA,EN,Combined TRACON& Tower with Radar,38,15,26,0,79,0,1,21,0,22,38,16,47,0,101,24,0,24,125
11/14/2022,ABE,PA,AEA,EN,Combined TRACON& Tower with Radar,32,6,51,0,89,0,3,76,1,80,32,9,127,1,169,85,0,85,254
11/15/2022,ABE,PA,AEA,EN,Combined TRACON& Tower with Radar,36,14,39,0,89,0,1,42,0,43,36,15,81,0,132,80,0,80,212
11/16/2022,ABE,PA,AEA,EN,Combined TRACON& Tower with Radar,32,11,40,4,87,0,0,25,0,25,32,11,65,4,112,18,0,18,130
11/17/2022,ABE,PA,AEA,EN,Combined TRACON& Tower with Radar,40,25,22,2,89,0,0,50,0,50,40,25,72,2,139,17,0,17,156
11/18/2022,ABE,PA,AEA,EN,Combined TRACON& Tower with Radar,42,12,35,0,89,0,0,63,0,63,42,12,98,0,152,66,0,66,218
11/19/2022,ABE,PA,AEA,EN,Combined TRACON& Tower with Radar,32,10,39,0,81,0,0,62,0,62,32,10,101,0,143,108,0,108,251
11/20/2022,ABE,PA,AEA,EN,Combined TRACON& Tower with Radar,37,9,22,0,68,0,4,9,0,13,37,13,31,0,81,0,0,0,81
11/21/2022,ABE,PA,AEA,EN,Combined TRACON& Tower with Radar,41,14,53,2,110,0,3,72,0,75,41,17,125,2,185,180,12,192,377
11/22/2022,ABE,PA,AEA,EN,Combined TRACON& Tower with Radar,40,18,54,0,112,0,3,90,1,94,40,21,144,1,206,159,2,161,367
11/23/2022,ABE,PA,AEA,EN,Combined TRACON& Tower with Radar,42,22,42,0,106,0,1,95,0,96,42,23,137,0,202,91,0,91,293
11/24/2022,ABE,PA,AEA,EN,Combined TRACON& Tower with Radar,17,7,14,0,38,0,1,14,0,15,17,8,28,0,53,10,0,10,63
11/25/2022,ABE,PA,AEA,EN,Combined TRACON& Tower with Radar,26,9,17,1,53,0,2,9,0,11,26,11,26,1,64,12,0,12,76
11/26/2022,ABE,PA,AEA,EN,Combined TRACON& Tower with Radar,35,11,49,0,95,0,2,78,0,80,35,13,127,0,175,93,0,93,268
11/27/2022,ABE,PA,AEA,EN,Combined TRACON& Tower with Radar,45,23,25,2,95,0,0,6,0,6,45,23,31,2,101,0,0,0,101
11/28/2022,ABE,PA,AEA,EN,Combined TRACON& Tower with Radar,43,12,32,2,89,0,2,22,0,24,43,14,54,2,113,81,0,81,194
11/29/2022,ABE,PA,AEA,EN,Combined TRACON& Tower with Radar,33,16,53,0,102,0,4,73,0,77,33,20,126,0,179,170,0,170,349
11/30/2022,ABE,PA,AEA,EN,Combined TRACON& Tower with Radar,36,11,12,0,59,0,0,0,0,0,36,11,12,0,59,6,0,6,65
12/01/2022,ABE,PA,AEA,EN,Combined TRACON& Tower with Radar,39,18,21,0,78,0,2,17,0,19,39,20,38,0,97,18,0,18,115
12/02/2022,ABE,PA,AEA,EN,Combined TRACON& Tower with Radar,41,7,52,0,100,0,0,126,0,126,41,7,178,0,226,216,0,216,442
12/03/2022,ABE,PA,AEA,EN,Combined TRACON& Tower with Radar,26,5,10,0,41,0,1,3,0,4,26,6,13,0,45,0,0,0,45
12/04/2022,ABE,PA,AEA,EN,Combined TRACON& Tower with Radar,33,14,40,0,87,0,4,69,0,73,33,18,109,0,160,80,0,80,240
12/05/2022,ABE,PA,AEA,EN,Combined TRACON& Tower with Radar,36,11,59,0,106,0,1,99,0,100,36,12,158,0,206,96,0,96,302
12/06/2022,ABE,PA,AEA,EN,Combined TRACON& Tower with Radar,32,14,28,0,74,0,0,0,0,0,32,14,28,0,74,0,0,0,74
12/07/2022,ABE,PA,AEA,EN,Combined TRACON& Tower with Radar,36,12,22,0,70,0,0,0,0,0,36,12,22,0,70,0,0,0,70
12/08/2022,ABE,PA,AEA,EN,Combined TRACON& Tower with Radar,35,11,87,0,133,0,0,24,0,24,35,11,111,0,157,144,0,144,301
12/09/2022,ABE,PA,AEA,EN,Combined TRACON& Tower with Radar,38,9,71,1,119,0,1,36,1,38,38,10,107,2,157,141,0,141,298
12/10/2022,ABE,PA,AEA,EN,Combined TRACON& Tower with Radar,28,10,72,0,110,0,0,42,0,42,28,10,114,0,152,50,0,50,202
12/11/2022,ABE,PA,AEA,EN,Combined TRACON& Tower with Radar,32,10,9,0,51,0,0,0,0,0,32,10,9,0,51,0,0,0,51
12/12/2022,ABE,PA,AEA,EN,Combined TRACON& Tower with Radar,38,12,26,0,76,0,2,8,1,11,38,14,34,1,87,76,0,76,163
12/13/2022,ABE,PA,AEA,EN,Combined TRACON& Tower with Radar,32,17,76,4,129,0,2,42,1,45,32,19,118,5,174,188,2,190,364
12/14/2022,ABE,PA,AEA,EN,Combined TRACON& Tower with Radar,31,17,63,0,111,0,8,32,0,40,31,25,95,0,151,97,4,101,252
12/15/2022,ABE,PA,AEA,EN,Combined TRACON& Tower with Radar,38,11,21,0,70,0,0,0,0,0,38,11,21,0,70,0,0,0,70
12/16/2022,ABE,PA,AEA,EN,Combined TRACON& Tower with Radar,35,15,20,0,70,0,0,0,0,0,35,15,20,0,70,16,0,16,86
12/17/2022,ABE,PA,AEA,EN,Combined TRACON& Tower with Radar,32,16,46,0,94,0,1,24,0,25,32,17,70,0,119,176,0,176,295
12/18/2022,ABE,PA,AEA,EN,Combined TRACON& Tower with Radar,34,11,52,0,97,0,1,20,0,21,34,12,72,0,118,84,0,84,202
12/19/2022,ABE,PA,AEA,EN,Combined TRACON& Tower with Radar,35,9,58,0,102,0,0,25,0,25,35,9,83,0,127,18,0,18,145
12/20/2022,ABE,PA,AEA,EN,Combined TRACON& Tower with Radar,40,9,81,10,140,0,1,30,0,31,40,10,111,10,171,126,22,148,319
12/21/2022,ABE,PA,AEA,EN,Combined TRACON& Tower with Radar,38,7,67,20,132,0,0,34,0,34,38,7,101,20,166,132,38,170,336
12/22/2022,ABE,PA,AEA,EN,Combined TRACON& Tower with Radar,40,12,10,0,62,0,3,0,0,3,40,15,10,0,65,0,0,0,65
12/23/2022,ABE,PA,AEA,EN,Combined TRACON& Tower with Radar,25,8,0,0,33,0,0,0,0,0,25,8,0,0,33,0,0,0,33
12/24/2022,ABE,PA,AEA,EN,Combined TRACON& Tower with Radar,18,16,3,0,37,0,2,0,0,2,18,18,3,0,39,0,0,0,39
12/25/2022,ABE,PA,AEA,EN,Combined TRACON& Tower with Radar,13,9,3,0,25,0,0,3,0,3,13,9,6,0,28,0,0,0,28
12/26/2022,ABE,PA,AEA,EN,Combined TRACON& Tower with Radar,17,17,54,0,88,0,2,32,0,34,17,19,86,0,122,58,0,58,180
12/27/2022,ABE,PA,AEA,EN,Combined TRACON& Tower with Radar,38,17,69,0,124,0,3,36,0,39,38,20,105,0,163,50,0,50,213
12/28/2022,ABE,PA,AEA,EN,Combined TRACON& Tower with Radar,39,15,84,5,143,0,2,51,1,54,39,17,135,6,197,186,8,194,391
12/29/2022,ABE,PA,AEA,EN,Combined TRACON& Tower with Radar,39,11,73,6,129,0,1,44,0,45,39,12,117,6,174,48,0,48,222
12/30/2022,ABE,PA,AEA,EN,Combined TRACON& Tower with Radar,37,23,79,0,139,0,1,43,0,44,37,24,122,0,183,242,0,242,425
12/31/2022,ABE,PA,AEA,EN,Combined TRACON& Tower with Radar,11,7,1,0,19,0,0,0,0,0,11,7,1,0,19,0,0,0,19
01/02/2023,ABE,PA,AEA,EN,Combined TRACON& Tower with Radar,30,17,57,0,104,0,0,17,0,17,30,17,74,0,121,117,0,117,238
01/03/2023,ABE,PA,AEA,EN,Combined TRACON& Tower with Radar,35,14,19,0,68,0,0,0,0,0,35,14,19,0,68,0,0,0,68
01/04/2023,ABE,PA,AEA,EN,Combined TRACON& Tower with Radar,37,18,45,0,100,0,0,4,0,4,37,18,49,0,104,0,0,0,104
01/05/2023,ABE,PA,AEA,EN,Combined TRACON& Tower with Radar,39,23,85,13,160,0,2,38,1,41,39,25,123,14,201,164,24,188,389
01/06/2023,ABE,PA,AEA,EN,Combined TRACON& Tower with Radar,34,15,33,0,82,0,1,6,0,7,34,16,39,0,89,124,0,124,213
01/07/2023,ABE,PA,AEA,EN,Combined TRACON& Tower with Radar,28,11,81,0,120,0,0,24,0,24,28,11,105,0,144,93,0,93,237
01/08/2023,ABE,PA,AEA,EN,Combined TRACON& Tower with Radar,30,10,80,7,127,0,0,33,0,33,30,10,113,7,160,58,0,58,218
01/09/2023,ABE,PA,AEA,EN,Combined TRACON& Tower with Radar,36,15,60,4,115,0,6,26,0,32,36,21,86,4,147,80,10,90,237
01/10/2023,ABE,PA,AEA,EN,Combined TRACON& Tower with Radar,32,10,61,3,106,0,1,21,2,24,32,11,82,5,130,48,0,48,178
01/11/2023,ABE,PA,AEA,EN,Combined TRACON& Tower with Radar,45,20,65,9,139,0,0,32,0,32,45,20,97,9,171,32,0,32,203
01/12/2023,ABE,PA,AEA,EN,Combined TRACON& Tower with Radar,37,10,17,0,64,0,0,0,0,0,37,10,17,0,64,0,0,0,64
01/13/2023,ABE,PA,AEA,EN,Combined TRACON& Tower with Radar,38,13,40,0,91,0,0,2,0,2,38,13,42,0,93,0,0,0,93
01/14/2023,ABE,PA,AEA,EN,Combined TRACON& Tower with Radar,29,9,41,0,79,0,1,14,0,15,29,10,55,0,94,14,0,14,108
01/15/2023,ABE,PA,AEA,EN,Combined TRACON& Tower with Radar,30,9,50,0,89,0,4,23,0,27,30,13,73,0,116,28,0,28,144
01/16/2023,ABE,PA,AEA,EN,Combined TRACON& Tower with Radar,38,11,103,0,152,0,5,45,0,50,38,16,148,0,202,184,0,184,386
01/17/2023,ABE,PA,AEA,EN,Combined TRACON& Tower with Radar,32,10,32,14,88,0,1,11,0,12,32,11,43,14,100,78,34,112,212
01/18/2023,ABE,PA,AEA,EN,Combined TRACON& Tower with Radar,40,13,41,7,101,0,0,27,1,28,40,13,68,8,129,112,0,112,241
01/19/2023,ABE,PA,AEA,EN,Combined TRACON& Tower with Radar,34,8,22,0,64,0,0,0,0,0,34,8,22,0,64,0,0,0,64
01/20/2023,ABE,PA,AEA,EN,Combined TRACON& Tower with Radar,34,14,48,0,96,0,2,15,0,17,34,16,63,0,113,32,0,32,145
01/21/2023,ABE,PA,AEA,EN,Combined TRACON& Tower with Radar,28,10,73,0,111,0,1,21,0,22,28,11,94,0,133,44,0,44,177
01/22/2023,ABE,PA,AEA,EN,Combined TRACON& Tower with Radar,33,10,36,0,79,0,0,10,0,10,33,10,46,0,89,90,0,90,179
01/23/2023,ABE,PA,AEA,EN,Combined TRACON& Tower with Radar,38,9,10,0,57,0,0,0,0,0,38,9,10,0,57,0,0,0,57
01/24/2023,ABE,PA,AEA,EN,Combined TRACON& Tower with Radar,28,18,74,10,130,0,1,21,0,22,28,19,95,10,152,104,36,140,292
01/25/2023,ABE,PA,AEA,EN,Combined TRACON& Tower with Radar,37,15,6,0,58,0,0,1,0,1,37,15,7,0,59,8,0,8,67
01/26/2023,ABE,PA,AEA,EN,Combined TRACON& Tower with Radar,36,24,31,2,93,0,0,12,0,12,36,24,43,2,105,6,0,6,111
01/27/2023,ABE,PA,AEA,EN,Combined TRACON& Tower with Radar,36,7,100,1,144,0,0,61,0,61,36,7,161,1,205,129,0,129,334
01/28/2023,ABE,PA,AEA,EN,Combined TRACON& Tower with Radar,28,5,74,3,110,0,0,41,1,42,28,5,115,4,152,85,0,85,237
01/29/2023,ABE,PA,AEA,EN,Combined TRACON& Tower with Radar,32,7,62,0,101,0,2,25,0,27,32,9,87,0,128,106,0,106,234
01/30/2023,ABE,PA,AEA,EN,Combined TRACON& Tower with Radar,34,12,88,12,146,0,0,20,0,20,34,12,108,12,166,136,0,136,302
01/31/2023,ABE,PA,AEA,EN,Combined TRACON& Tower with Radar,30,6,53,25,114,0,1,21,3,25,30,7,74,28,139,220,54,274,413
02/01/2023,ABE,PA,AEA,EN,Combined TRACON& Tower with Radar,30,17,93,8,148,0,0,37,0,37,30,17,130,8,185,160,4,164,349
02/02/2023,ABE,PA,AEA,EN,Combined TRACON& Tower with Radar,30,28,86,0,144,0,0,40,0,40,30,28,126,0,184,152,0,152,336
02/03/2023,ABE,PA,AEA,EN,Combined TRACON& Tower with Radar,37,22,10,0,69,0,2,3,0,5,37,24,13,0,74,8,0,8,82
02/04/2023,ABE,PA,AEA,EN,Combined TRACON& Tower with Radar,26,13,65,0,104,0,0,29,0,29,26,13,94,0,133,142,0,142,275
02/05/2023,ABE,PA,AEA,EN,Combined TRACON& Tower with Radar,28,25,59,0,112,0,1,24,0,25,28,26,83,0,137,84,0,84,221
02/06/2023,ABE,PA,AEA,EN,Combined TRACON& Tower with Radar,38,20,40,0,98,0,4,19,1,24,38,24,59,1,122,146,0,146,268
02/07/2023,ABE,PA,AEA,EN,Combined TRACON& Tower with Radar,31,23,77,7,138,0,3,38,5,46,31,26,115,12,184,129,0,129,313
02/08/2023,ABE,PA,AEA,EN,Combined TRACON& Tower with Radar,33,21,108,0,162,0,2,36,1,39,33,23,144,1,201,126,0,126,327
02/09/2023,ABE,PA,AEA,EN,Combined TRACON& Tower with Radar,37,17,38,7,99,0,3,12,6,21,37,20,50,13,120,175,20,195,315
02/10/2023,ABE,PA,AEA,EN,Combined TRACON& Tower with Radar,36,15,33,0,84,0,3,11,0,14,36,18,44,0,98,20,0,20,118
02/11/2023,ABE,PA,AEA,EN,Combined TRACON& Tower with Radar,24,9,76,0,109,0,1,36,0,37,24,10,112,0,146,105,0,105,251
02/12/2023,ABE,PA,AEA,EN,Combined TRACON& Tower with Radar,28,10,67,0,105,0,0,36,0,36,28,10,103,0,141,105,0,105,246
02/13/2023,ABE,PA,AEA,EN,Combined TRACON& Tower with Radar,32,12,43,0,87,0,8,31,0,39,32,20,74,0,126,156,0,156,282
02/14/2023,ABE,PA,AEA,EN,Combined TRACON& Tower with Radar,29,13,57,1,100,0,1,33,0,34,29,14,90,1,134,174,0,174,308
02/15/2023,ABE,PA,AEA,EN,Combined TRACON& Tower with Radar,34,14,53,6,107,0,0,28,2,30,34,14,81,8,137,79,24,103,240
02/16/2023,ABE,PA,AEA,EN,Combined TRACON& Tower with Radar,37,17,55,6,115,0,0,13,0,13,37,17,68,6,128,94,10,104,232
02/17/2023,ABE,PA,AEA,EN,Combined TRACON& Tower with Radar,37,14,10,0,61,0,0,0,0,0,37,14,10,0,61,0,0,0,61
02/18/2023,ABE,PA,AEA,EN,Combined TRACON& Tower with Radar,26,14,74,0,114,0,0,50,0,50,26,14,124,0,164,90,0,90,254
02/19/2023,ABE,PA,AEA,EN,Combined TRACON& Tower with Radar,34,14,63,0,111,0,1,31,0,32,34,15,94,0,143,202,0,202,345
02/20/2023,ABE,PA,AEA,EN,Combined TRACON& Tower with Radar,34,16,60,0,110,0,0,31,0,31,34,16,91,0,141,216,0,216,357
02/21/2023,ABE,PA,AEA,EN,Combined TRACON& Tower with Radar,34,15,15,0,64,0,2,1,0,3,34,17,16,0,67,0,0,0,67
02/22/2023,ABE,PA,AEA,EN,Combined TRACON& Tower with Radar,32,18,31,0,81,0,0,12,0,12,32,18,43,0,93,18,0,18,111
02/23/2023,ABE,PA,AEA,EN,Combined TRACON& Tower with Radar,41,23,56,0,120,0,0,17,0,17,41,23,73,0,137,23,0,23,160
02/24/2023,ABE,PA,AEA,EN,Combined TRACON& Tower with Radar,37,16,38,0,91,0,0,7,0,7,37,16,45,0,98,8,0,8,106
02/25/2023,ABE,PA,AEA,EN,Combined TRACON& Tower with Radar,27,18,65,0,110,0,0,20,0,20,27,18,85,0,130,150,0,150,280
02/26/2023,ABE,PA,AEA,EN,Combined TRACON& Tower with Radar,36,14,51,0,101,0,3,9,1,13,36,17,60,1,114,24,0,24,138
02/27/2023,ABE,PA,AEA,EN,Combined TRACON& Tower with Radar,31,12,79,1,123,0,0,21,0,21,31,12,100,1,144,89,0,89,233
02/28/2023,ABE,PA,AEA,EN,Combined TRACON& Tower with Radar,30,22,16,0,68,0,0,3,0,3,30,22,19,0,71,32,0,32,103
03/01/2023,ABE,PA,AEA,EN,Combined TRACON& Tower with Radar,34,13,102,2,151,0,2,54,0,56,34,15,156,2,207,252,0,252,459
03/02/2023,ABE,PA,AEA,EN,Combined TRACON& Tower with Radar,41,15,31,0,87,0,3,13,0,16,41,18,44,0,103,97,0,97,200
03/03/2023,ABE,PA,AEA,EN,Combined TRACON& Tower with Radar,36,19,53,2,110,0,0,20,0,20,36,19,73,2,130,20,0,20,150
03/04/2023,ABE,PA,AEA,EN,Combined TRACON& Tower with Radar,29,8,31,1,69,0,3,12,2,17,29,11,43,3,86,12,0,12,98
03/05/2023,ABE,PA,AEA,EN,Combined TRACON& Tower with Radar,35,12,78,0,125,0,4,33,0,37,35,16,111,0,162,209,0,209,371
03/06/2023,ABE,PA,AEA,EN,Combined TRACON& Tower with Radar,35,13,111,4,163,0,3,51,0,54,35,16,162,4,217,215,0,215,432
03/07/2023,ABE,PA,AEA,EN,Combined TRACON& Tower with Radar,30,16,40,0,86,0,0,10,1,11,30,16,50,1,97,10,0,10,107
03/08/2023,ABE,PA,AEA,EN,Combined TRACON& Tower with Radar,33,16,43,0,92,0,0,15,1,16,33,16,58,1,108,39,0,39,147
03/09/2023,ABE,PA,AEA,EN,Combined TRACON& Tower with Radar,39,15,90,0,144,0,0,47,0,47,39,15,137,0,191,207,0,207,398
03/10/2023,ABE,PA,AEA,EN,Combined TRACON& Tower with Radar,36,19,32,0,87,0,0,10,0,10,36,19,42,0,97,30,0,30,127
03/11/2023,ABE,PA,AEA,EN,Combined TRACON& Tower with Radar,29,16,5,1,51,0,0,3,0,3,29,16,8,1,54,0,0,0,54
03/12/2023,ABE,PA,AEA,EN,Combined TRACON& Tower with Radar,38,12,97,1,148,0,3,56,0,59,38,15,153,1,207,174,0,174,381
03/13/2023,ABE,PA,AEA,EN,Combined TRACON& Tower with Radar,31,11,7,0,49,0,0,0,0,0,31,11,7,0,49,0,0,0,49
03/14/2023,ABE,PA,AEA,EN,Combined TRACON& Tower with Radar,33,16,9,1,59,0,0,0,0,0,33,16,9,1,59,0,0,0,59
03/15/2023,ABE,PA,AEA,EN,Combined TRACON& Tower with Radar,31,14,17,0,62,0,0,9,0,9,31,14,26,0,71,7,0,7,78
03/16/2023,ABE,PA,AEA,EN,Combined TRACON& Tower with Radar,38,16,83,1,138,0,1,51,0,52,38,17,134,1,190,198,0,198,388
03/17/2023,ABE,PA,AEA,EN,Combined TRACON& Tower with Radar,35,18,72,0,125,0,1,27,0,28,35,19,99,0,153,198,0,198,351
03/18/2023,ABE,PA,AEA,EN,Combined TRACON& Tower with Radar,31,15,82,0,128,0,1,31,0,32,31,16,113,0,160,224,0,224,384
03/19/2023,ABE,PA,AEA,EN,Combined TRACON& Tower with Radar,33,14,29,0,76,0,1,11,0,12,33,15,40,0,88,18,0,18,106
03/20/2023,ABE,PA,AEA,EN,Combined TRACON& Tower with Radar,33,11,93,0,137,0,0,40,0,40,33,11,133,0,177,128,0,128,305
03/21/2023,ABE,PA,AEA,EN,Combined TRACON& Tower with Radar,31,16,101,1,149,0,0,46,1,47,31,16,147,2,196,148,0,148,344
03/22/2023,ABE,PA,AEA,EN,Combined TRACON& Tower with Radar,35,12,95,10,152,0,1,44,0,45,35,13,139,10,197,142,0,142,339
03/23/2023,ABE,PA,AEA,EN,Combined TRACON& Tower with Radar,38,15,29,0,82,0,0,1,0,1,38,15,30,0,83,28,0,28,111
03/24/2023,ABE,PA,AEA,EN,Combined TRACON& Tower with Radar,34,26,85,0,145,0,0,27,0,27,34,26,112,0,172,286,0,286,458
03/25/2023,ABE,PA,AEA,EN,Combined TRACON& Tower with Radar,30,17,12,0,59,0,0,0,0,0,30,17,12,0,59,0,0,0,59
03/26/2023,ABE,PA,AEA,EN,Combined TRACON& Tower with Radar,35,10,79,0,124,0,2,27,0,29,35,12,106,0,153,66,0,66,219
03/27/2023,ABE,PA,AEA,EN,Combined TRACON& Tower with Radar,40,11,58,0,109,0,4,26,0,30,40,15,84,0,139,110,0,110,249
03/28/2023,ABE,PA,AEA,EN,Combined TRACON& Tower with Radar,30,15,50,0,95,0,0,13,0,13,30,15,63,0,108,77,0,77,185
03/29/2023,ABE,PA,AEA,EN,Combined TRACON& Tower with Radar,29,18,69,0,116,0,1,39,0,40,29,19,108,0,156,82,0,82,238
03/30/2023,ABE,PA,AEA,EN,Combined TRACON& Tower with Radar,38,19,85,0,142,0,1,36,0,37,38,20,121,0,179,78,0,78,257
03/31/2023,ABE,PA,AEA,EN,Combined TRACON& Tower with Radar,35,17,42,0,94,0,1,11,0,12,35,18,53,0,106,174,0,174,280
04/01/2023,ABE,PA,AEA,EN,Combined TRACON& Tower with Radar,31,13,14,0,58,0,0,1,0,1,31,13,15,0,59,0,0,0,59
04/02/2023,ABE,PA,AEA,EN,Combined TRACON& Tower with Radar,30,21,34,0,85,0,0,15,0,15,30,21,49,0,100,64,0,64,164
04/03/2023,ABE,PA,AEA,EN,Combined TRACON& Tower with Radar,31,21,66,0,118,0,3,32,1,36,31,24,98,1,154,48,0,48,202
04/04/2023,ABE,PA,AEA,EN,Combined TRACON& Tower with Radar,32,13,97,4,146,0,7,40,1,48,32,20,137,5,194,49,0,49,243
04/05/2023,ABE,PA,AEA,EN,Combined TRACON& Tower with Radar,31,13,51,0,95,0,0,0,0,0,31,13,51,0,95,0,0,0,95
04/06/2023,ABE,PA,AEA,EN,Combined TRACON& Tower with Radar,39,13,42,1,95,0,0,14,0,14,39,13,56,1,109,138,0,138,247
04/07/2023,ABE,PA,AEA,EN,Combined TRACON& Tower with Radar,36,24,60,4,124,0,1,30,2,33,36,25,90,6,157,54,0,54,211
04/08/2023,ABE,PA,AEA,EN,Combined TRACON& Tower with Radar,30,22,67,0,119,0,2,46,0,48,30,24,113,0,167,142,0,142,309
04/09/2023,ABE,PA,AEA,EN,Combined TRACON& Tower with Radar,33,15,42,0,90,0,2,19,0,21,33,17,61,0,111,71,0,71,182
04/10/2023,ABE,PA,AEA,EN,Combined TRACON& Tower with Radar,34,15,65,0,114,0,1,41,1,43,34,16,106,1,157,178,0,178,335
04/11/2023,ABE,PA,AEA,EN,Combined TRACON& Tower with Radar,30,19,69,1,119,0,3,37,0,40,30,22,106,1,159,125,0,125,284
04/12/2023,ABE,PA,AEA,EN,Combined TRACON& Tower with Radar,32,15,47,0,94,0,0,32,0,32,32,15,79,0,126,55,0,55,181
04/13/2023,ABE,PA,AEA,EN,Combined TRACON& Tower with Radar,38,15,90,18,161,0,7,50,0,57,38,22,140,18,218,180,12,192,410
04/14/2023,ABE,PA,AEA,EN,Combined TRACON& Tower with Radar,34,26,84,0,144,0,1,39,0,40,34,27,123,0,184,162,0,162,346
04/15/2023,ABE,PA,AEA,EN,Combined TRACON& Tower with Radar,30,11,18,0,59,0,1,0,0,1,30,12,18,0,60,0,0,0,60
04/16/2023,ABE,PA,AEA,EN,Combined TRACON& Tower with Radar,35,19,59,0,113,0,0,3,0,3,35,19,62,0,116,20,0,20,136
04/17/2023,ABE,PA,AEA,EN,Combined TRACON& Tower with Radar,36,20,54,7,117,0,0,17,0,17,36,20,71,7,134,143,0,143,277
04/18/2023,ABE,PA,AEA,EN,Combined TRACON& Tower with Radar,29,15,37,0,81,0,0,13,0,13,29,15,50,0,94,57,0,57,151
04/19/2023,ABE,PA,AEA,EN,Combined TRACON& Tower with Radar,29,13,72,0,114,0,2,29,0,31,29,15,101,0,145,115,0,115,260
04/20/2023,ABE,PA,AEA,EN,Combined TRACON& Tower with Radar,40,22,61,0,123,0,3,37,2,42,40,25,98,2,165,199,0,199,364
04/21/2023,ABE,PA,AEA,EN,Combined TRACON& Tower with Radar,35,21,83,2,141,0,4,35,0,39,35,25,118,2,180,133,0,133,313
04/22/2023,ABE,PA,AEA,EN,Combined TRACON& Tower with Radar,25,11,41,1,78,0,0,7,0,7,25,11,48,1,85,10,0,10,95
04/23/2023,ABE,PA,AEA,EN,Combined TRACON& Tower with Radar,35,17,84,0,136,0,0,28,0,28,35,17,112,0,164,113,0,113,277
04/24/2023,ABE,PA,AEA,EN,Combined TRACON& Tower with Radar,32,19,41,0,92,0,0,53,0,53,32,19,94,0,145,158,0,158,303
04/25/2023,ABE,PA,AEA,EN,Combined TRACON& Tower with Radar,27,25,41,2,95,0,0,60,0,60,27,25,101,2,155,151,0,151,306
04/26/2023,ABE,PA,AEA,EN,Combined TRACON& Tower with Radar,29,13,31,2,75,0,0,49,0,49,29,13,80,2,124,104,0,104,228
04/27/2023,ABE,PA,AEA,EN,Combined TRACON& Tower with Radar,35,17,72,0,124,0,4,32,0,36,35,21,104,0,160,54,0,54,214
04/28/2023,ABE,PA,AEA,EN,Combined TRACON& Tower with Radar,34,23,37,0,94,0,1,0,0,1,34,24,37,0,95,0,0,0,95
04/29/2023,ABE,PA,AEA,EN,Combined TRACON& Tower with Radar,24,16,24,0,64,0,0,0,0,0,24,16,24,0,64,0,0,0,64
04/30/2023,ABE,PA,AEA,EN,Combined TRACON& Tower with Radar,37,12,16,0,65,0,0,0,0,0,37,12,16,0,65,0,0,0,65
05/01/2023,ABE,PA,AEA,EN,Combined TRACON& Tower with Radar,33,12,17,0,62,0,2,41,0,43,33,14,58,0,105,31,0,31,136
05/02/2023,ABE,PA,AEA,EN,Combined TRACON& Tower with Radar,27,18,39,8,92,0,3,31,2,36,27,21,70,10,128,79,12,91,219
05/03/2023,ABE,PA,AEA,EN,Combined TRACON& Tower with Radar,28,14,39,0,81,0,1,20,0,21,28,15,59,0,102,161,0,161,263
05/04/2023,ABE,PA,AEA,EN,Combined TRACON& Tower with Radar,37,27,54,2,120,0,5,44,2,51,37,32,98,4,171,227,0,227,398
05/05/2023,ABE,PA,AEA,EN,Combined TRACON& Tower with Radar,33,15,53,0,101,0,4,72,0,76,33,19,125,0,177,248,0,248,425
05/06/2023,ABE,PA,AEA,EN,Combined TRACON& Tower with Radar,23,15,27,0,65,0,3,90,0,93,23,18,117,0,158,52,0,52,210
05/07/2023,ABE,PA,AEA,EN,Combined TRACON& Tower with Radar,31,16,31,0,78,0,10,61,2,73,31,26,92,2,151,90,4,94,245
05/08/2023,ABE,PA,AEA,EN,Combined TRACON& Tower with Radar,35,13,39,0,87,0,4,72,0,76,35,17,111,0,163,86,0,86,249
05/09/2023,ABE,PA,AEA,EN,Combined TRACON& Tower with Radar,23,21,42,0,86,0,8,69,1,78,23,29,111,1,164,93,0,93,257
05/10/2023,ABE,PA,AEA,EN,Combined TRACON& Tower with Radar,30,17,41,0,88,0,3,87,2,92,30,20,128,2,180,179,0,179,359
05/11/2023,ABE,PA,AEA,EN,Combined TRACON& Tower with Radar,36,11,35,0,82,0,5,80,0,85,36,16,115,0,167,111,0,111,278
05/12/2023,ABE,PA,AEA,EN,Combined TRACON& Tower with Radar,33,14,32,0,79,0,7,84,2,93,33,21,116,2,172,154,0,154,326
05/13/2023,ABE,PA,AEA,EN,Combined TRACON& Tower with Radar,23,7,38,0,68,0,1,59,0,60,23,8,97,0,128,18,0,18,146
05/14/2023,ABE,PA,AEA,EN,Combined TRACON& Tower with Radar,32,19,24,0,75,0,1,55,0,56,32,20,79,0,131,98,0,98,229
05/15/2023,ABE,PA,AEA,EN,Combined TRACON& Tower with Radar,33,17,40,0,90,0,4,62,0,66,33,21,102,0,156,162,0,162,318
05/16/2023,ABE,PA,AEA,EN,Combined TRACON& Tower with Radar,23,16,32,2,73,0,5,80,2,87,23,21,112,4,160,77,0,77,237
05/17/2023,ABE,PA,AEA,EN,Combined TRACON& Tower with Radar,29,15,29,0,73,0,6,50,0,56,29,21,79,0,129,78,0,78,207
05/18/2023,ABE,PA,AEA,EN,Combined TRACON& Tower with Radar,34,11,44,0,89,0,4,107,1,112,34,15,151,1,201,147,0,147,348
05/19/2023,ABE,PA,AEA,EN,Combined TRACON& Tower with Radar,35,25,45,0,105,0,1,66,0,67,35,26,111,0,172,170,0,170,342
05/20/2023,ABE,PA,AEA,EN,Combined TRACON& Tower with Radar,24,22,33,0,79,0,0,0,0,0,24,22,33,0,79,6,0,6,85
05/21/2023,ABE,PA,AEA,EN,Combined TRACON& Tower with Radar,33,19,35,0,87,0,16,37,2,55,33,35,72,2,142,6,0,6,148
05/22/2023,ABE,PA,AEA,EN,Combined TRACON& Tower with Radar,34,14,32,8,88,0,8,75,2,85,34,22,107,10,173,91,0,91,264
05/23/2023,ABE,PA,AEA,EN,Combined TRACON& Tower with Radar,28,14,37,3,82,0,7,80,2,89,28,21,117,5,171,139,0,139,310
05/24/2023,ABE,PA,AEA,EN,Combined TRACON& Tower with Radar,28,21,38,0,87,0,6,65,2,73,28,27,103,2,160,150,0,150,310
05/25/2023,ABE,PA,AEA,EN,Combined TRACON& Tower with Radar,36,9,26,0,71,0,1,88,3,92,36,10,114,3,163,99,0,99,262
05/26/2023,ABE,PA,AEA,EN,Combined TRACON& Tower with Radar,34,13,31,0,78,0,11,110,1,122,34,24,141,1,200,151,0,151,351
05/27/2023,ABE,PA,AEA,EN,Combined TRACON& Tower with Radar,27,11,32,0,70,0,9,74,0,83,27,20,106,0,153,126,0,126,279
05/28/2023,ABE,PA,AEA,EN,Combined TRACON& Tower with Radar,31,9,16,0,56,0,5,53,0,58,31,14,69,0,114,54,0,54,168
05/29/2023,ABE,PA,AEA,EN,Combined TRACON& Tower with Radar,30,10,21,0,61,0,5,54,0,59,30,15,75,0,120,62,0,62,182
05/30/2023,ABE,PA,AEA,EN,Combined TRACON& Tower with Radar,26,12,19,2,59,0,3,69,1,73,26,15,88,3,132,57,0,57,189
05/31/2023,ABE,PA,AEA,EN,Combined TRACON& Tower with Radar,30,14,40,2,86,0,9,95,0,104,30,23,135,2,190,224,0,224,414
06/01/2023,ABE,PA,AEA,EN,Combined TRACON& Tower with Radar,38,11,31,0,80,0,4,91,0,95,38,15,122,0,175,263,0,263,438
06/02/2023,ABE,PA,AEA,EN,Combined TRACON& Tower with Radar,32,18,20,0,70,0,2,66,2,70,32,20,86,2,140,72,0,72,212
06/03/2023,ABE,PA,AEA,EN,Combined TRACON& Tower with Radar,26,16,58,0,100,0,0,10,0,10,26,16,68,0,110,0,0,0,110
06/04/2023,ABE,PA,AEA,EN,Combined TRACON& Tower with Radar,34,16,40,0,90,0,7,64,2,73,34,23,104,2,163,33,0,33,196
06/05/2023,ABE,PA,AEA,EN,Combined TRACON& Tower with Radar,33,22,35,1,91,0,8,75,1,84,33,30,110,2,175,101,0,101,276
06/06/2023,ABE,PA,AEA,EN,Combined TRACON& Tower with Radar,25,18,40,0,83,0,0,35,0,35,25,18,75,0,118,37,0,37,155
06/07/2023,ABE,PA,AEA,EN,Combined TRACON& Tower with Radar,30,21,43,0,94,0,0,3,0,3,30,21,46,0,97,0,0,0,97
06/08/2023,ABE,PA,AEA,EN,Combined TRACON& Tower with Radar,35,21,33,0,89,0,0,8,0,8,35,21,41,0,97,0,0,0,97
06/09/2023,ABE,PA,AEA,EN,Combined TRACON& Tower with Radar,32,21,46,0,99,0,0,45,0,45,32,21,91,0,144,26,0,26,170
06/10/2023,ABE,PA,AEA,EN,Combined TRACON& Tower with Radar,24,20,23,0,67,0,5,49,0,54,24,25,72,0,121,14,0,14,135
06/11/2023,ABE,PA,AEA,EN,Combined TRACON& Tower with Radar,34,12,41,0,87,0,7,51,0,58,34,19,92,0,145,136,0,136,281
06/12/2023,ABE,PA,AEA,EN,Combined TRACON& Tower with Radar,33,10,44,4,91,0,0,5,0,5,33,10,49,4,96,0,0,0,96
06/13/2023,ABE,PA,AEA,EN,Combined TRACON& Tower with Radar,28,9,40,8,85,1,3,83,9,96,29,12,123,17,181,140,0,140,321
06/14/2023,ABE,PA,AEA,EN,Combined TRACON& Tower with Radar,33,14,25,0,72,0,0,15,0,15,33,14,40,0,87,11,0,11,98
06/15/2023,ABE,PA,AEA,EN,Combined TRACON& Tower with Radar,38,27,39,0,104,0,6,76,0,82,38,33,115,0,186,275,0,275,461
06/16/2023,ABE,PA,AEA,EN,Combined TRACON& Tower with Radar,37,12,28,0,77,0,2,26,0,28,37,14,54,0,105,122,0,122,227
06/17/2023,ABE,PA,AEA,EN,Combined TRACON& Tower with Radar,29,15,26,0,70,0,2,33,1,36,29,17,59,1,106,72,0,72,178
06/18/2023,ABE,PA,AEA,EN,Combined TRACON& Tower with Radar,34,7,34,0,75,0,7,71,0,78,34,14,105,0,153,124,0,124,277
06/19/2023,ABE,PA,AEA,EN,Combined TRACON& Tower with Radar,32,12,49,0,93,0,5,97,0,102,32,17,146,0,195,145,0,145,340
06/20/2023,ABE,PA,AEA,EN,Combined TRACON& Tower with Radar,26,21,66,2,115,0,1,48,4,53,26,22,114,6,168,144,18,162,330
06/21/2023,ABE,PA,AEA,EN,Combined TRACON& Tower with Radar,31,18,42,8,99,0,4,88,2,94,31,22,130,10,193,132,32,164,357
06/22/2023,ABE,PA,AEA,EN,Combined TRACON& Tower with Radar,41,9,46,0,96,0,1,2,0,3,41,10,48,0,99,61,0,61,160
06/23/2023,ABE,PA,AEA,EN,Combined TRACON& Tower with Radar,36,16,43,0,95,0,0,0,0,0,36,16,43,0,95,0,0,0,95
06/24/2023,ABE,PA,AEA,EN,Combined TRACON& Tower with Radar,32,9,26,0,67,0,1,1,0,2,32,10,27,0,69,7,0,7,76
06/25/2023,ABE,PA,AEA,EN,Combined TRACON& Tower with Radar,37,12,23,0,72,0,6,31,0,37,37,18,54,0,109,78,0,78,187
06/26/2023,ABE,PA,AEA,EN,Combined TRACON& Tower with Radar,35,10,19,1,65,0,2,0,0,2,35,12,19,1,67,0,0,0,67
06/27/2023,ABE,PA,AEA,EN,Combined TRACON& Tower with Radar,28,20,36,0,84,0,0,3,0,3,28,20,39,0,87,0,0,0,87
06/28/2023,ABE,PA,AEA,EN,Combined TRACON& Tower with Radar,33,22,74,6,135,0,4,16,0,20,33,26,90,6,155,139,10,149,304
06/29/2023,ABE,PA,AEA,EN,Combined TRACON& Tower with Radar,38,23,73,2,136,0,0,1,0,1,38,23,74,2,137,10,0,10,147
06/30/2023,ABE,PA,AEA,EN,Combined TRACON& Tower with Radar,41,24,38,2,105,0,0,6,0,6,41,24,44,2,111,2,0,2,113
07/01/2023,ABE,PA,AEA,EN,Combined TRACON& Tower with Radar,29,11,16,0,56,0,2,21,0,23,29,13,37,0,79,12,0,12,91
07/02/2023,ABE,PA,AEA,EN,Combined TRACON& Tower with Radar,33,8,21,0,62,0,0,8,0,8,33,8,29,0,70,21,0,21,91
07/03/2023,ABE,PA,AEA,EN,Combined TRACON& Tower with Radar,33,10,35,0,78,0,7,65,0,72,33,17,100,0,150,86,0,86,236
07/04/2023,ABE,PA,AEA,EN,Combined TRACON& Tower with Radar,12,11,41,0,64,0,0,23,1,24,12,11,64,1,88,81,0,81,169
07/05/2023,ABE,PA,AEA,EN,Combined TRACON& Tower with Radar,25,16,41,0,82,0,7,93,0,100,25,23,134,0,182,88,0,88,270
07/06/2023,ABE,PA,AEA,EN,Combined TRACON& Tower with Radar,38,21,41,0,100,0,10,47,0,57,38,31,88,0,157,89,0,89,246
07/07/2023,ABE,PA,AEA,EN,Combined TRACON& Tower with Radar,36,13,59,0,108,0,3,15,0,18,36,16,74,0,126,54,0,54,180
07/08/2023,ABE,PA,AEA,EN,Combined TRACON& Tower with Radar,31,15,45,6,97,0,4,34,0,38,31,19,79,6,135,42,0,42,177
07/09/2023,ABE,PA,AEA,EN,Combined TRACON& Tower with Radar,37,9,10,0,56,0,0,1,0,1,37,9,11,0,57,0,0,0,57
07/10/2023,ABE,PA,AEA,EN,Combined TRACON& Tower with Radar,35,16,35,0,86,0,7,47,0,54,35,23,82,0,140,153,0,153,293
07/11/2023,ABE,PA,AEA,EN,Combined TRACON& Tower with Radar,29,17,60,0,106,0,6,115,0,121,29,23,175,0,227,136,0,136,363
07/12/2023,ABE,PA,AEA,EN,Combined TRACON& Tower with Radar,36,18,28,2,84,0,10,86,0,96,36,28,114,2,180,126,0,126,306
07/13/2023,ABE,PA,AEA,EN,Combined TRACON& Tower with Radar,40,23,27,0,90,0,6,80,0,86,40,29,107,0,176,109,0,109,285
07/14/2023,ABE,PA,AEA,EN,Combined TRACON& Tower with Radar,36,27,31,0,94,0,7,24,0,31,36,34,55,0,125,115,0,115,240
07/15/2023,ABE,PA,AEA,EN,Combined TRACON& Tower with Radar,38,18,50,0,106,0,2,25,0,27,38,20,75,0,133,103,0,103,236
07/16/2023,ABE,PA,AEA,EN,Combined TRACON& Tower with Radar,34,25,22,0,81,0,0,2,0,2,34,25,24,0,83,0,0,0,83
07/17/2023,ABE,PA,AEA,EN,Combined TRACON& Tower with Radar,39,21,45,12,117,0,5,50,0,55,39,26,95,12,172,80,0,80,252
07/18/2023,ABE,PA,AEA,EN,Combined TRACON& Tower with Radar,37,14,50,0,101,0,6,71,0,77,37,20,121,0,178,178,0,178,356
07/19/2023,ABE,PA,AEA,EN,Combined TRACON& Tower with Radar,34,30,36,0,100,0,1,33,0,34,34,31,69,0,134,96,0,96,230
07/20/2023,ABE,PA,AEA,EN,Combined TRACON& Tower with Radar,40,32,59,0,131,0,8,80,2,90,40,40,139,2,221,255,0,255,476
07/21/2023,ABE,PA,AEA,EN,Combined TRACON& Tower with Radar,38,33,40,2,113,0,2,37,0,39,38,35,77,2,152,146,0,146,298
07/22/2023,ABE,PA,AEA,EN,Combined TRACON& Tower with Radar,34,27,36,0,97,0,5,73,0,78,34,32,109,0,175,115,0,115,290
07/23/2023,ABE,PA,AEA,EN,Combined TRACON& Tower with Radar,34,32,36,0,102,0,7,65,0,72,34,39,101,0,174,37,0,37,211
07/24/2023,ABE,PA,AEA,EN,Combined TRACON& Tower with Radar,39,15,24,0,78,0,2,39,0,41,39,17,63,0,119,20,0,20,139
07/25/2023,ABE,PA,AEA,EN,Combined TRACON& Tower with Radar,32,26,46,0,104,0,7,21,0,28,32,33,67,0,132,0,0,0,132
07/26/2023,ABE,PA,AEA,EN,Combined TRACON& Tower with Radar,36,14,43,0,93,0,13,93,0,106,36,27,136,0,199,75,0,75,274
07/27/2023,ABE,PA,AEA,EN,Combined TRACON& Tower with Radar,42,19,46,0,107,0,3,33,0,36,42,22,79,0,143,31,0,31,174
07/28/2023,ABE,PA,AEA,EN,Combined TRACON& Tower with Radar,35,23,36,1,95,0,9,57,1,67,35,32,93,2,162,138,0,138,300
07/29/2023,ABE,PA,AEA,EN,Combined TRACON& Tower with Radar,36,16,36,0,88,0,1,13,0,14,36,17,49,0,102,30,0,30,132
07/30/2023,ABE,PA,AEA,EN,Combined TRACON& Tower with Radar,36,19,38,0,93,0,7,84,0,91,36,26,122,0,184,34,0,34,218
07/31/2023,ABE,PA,AEA,EN,Combined TRACON& Tower with Radar,35,26,35,1,97,0,2,86,1,89,35,28,121,2,186,49,0,49,235
08/01/2023,ABE,PA,AEA,EN,Combined TRACON& Tower with Radar,25,13,44,4,86,0,4,79,0,83,25,17,123,4,169,56,0,56,225
08/02/2023,ABE,PA,AEA,EN,Combined TRACON& Tower with Radar,34,21,39,12,106,0,8,102,0,110,34,29,141,12,216,152,28,180,396
08/03/2023,ABE,PA,AEA,EN,Combined TRACON& Tower with Radar,38,17,29,0,84,0,7,64,1,72,38,24,93,1,156,187,0,187,343
08/04/2023,ABE,PA,AEA,EN,Combined TRACON& Tower with Radar,35,22,71,0,128,0,2,10,0,12,35,24,81,0,140,56,0,56,196
08/05/2023,ABE,PA,AEA,EN,Combined TRACON& Tower with Radar,30,10,54,0,94,0,15,79,0,94,30,25,133,0,188,86,0,86,274
08/06/2023,ABE,PA,AEA,EN,Combined TRACON& Tower with Radar,29,17,26,0,72,0,4,82,0,86,29,21,108,0,158,182,0,182,340
08/07/2023,ABE,PA,AEA,EN,Combined TRACON& Tower with Radar,29,14,36,0,79,0,0,0,0,0,29,14,36,0,79,7,0,7,86
08/08/2023,ABE,PA,AEA,EN,Combined TRACON& Tower with Radar,28,11,33,0,72,0,1,34,2,37,28,12,67,2,109,40,0,40,149
08/09/2023,ABE,PA,AEA,EN,Combined TRACON& Tower with Radar,32,8,52,0,92,0,12,90,0,102,32,20,142,0,194,69,0,69,263
08/10/2023,ABE,PA,AEA,EN,Combined TRACON& Tower with Radar,36,16,38,0,90,0,0,16,2,18,36,16,54,2,108,28,0,28,136
08/11/2023,ABE,PA,AEA,EN,Combined TRACON& Tower with Radar,32,12,32,2,78,0,2,97,0,99,32,14,129,2,177,118,0,118,295
08/12/2023,ABE,PA,AEA,EN,Combined TRACON& Tower with Radar,30,10,14,0,54,0,5,35,1,41,30,15,49,1,95,57,0,57,152
08/13/2023,ABE,PA,AEA,EN,Combined TRACON& Tower with Radar,33,10,31,0,74,0,6,49,0,55,33,16,80,0,129,47,0,47,176
08/14/2023,ABE,PA,AEA,EN,Combined TRACON& Tower with Radar,33,16,43,0,92,0,7,53,0,60,33,23,96,0,152,78,0,78,230
08/15/2023,ABE,PA,AEA,EN,Combined TRACON& Tower with Radar,29,19,51,0,99,0,1,11,0,12,29,20,62,0,111,71,0,71,182
08/16/2023,ABE,PA,AEA,EN,Combined TRACON& Tower with Radar,35,13,52,1,101,0,4,49,0,53,35,17,101,1,154,104,0,104,258
08/17/2023,ABE,PA,AEA,EN,Combined TRACON& Tower with Radar,36,14,40,0,90,0,2,41,2,45,36,16,81,2,135,90,0,90,225
08/18/2023,ABE,PA,AEA,EN,Combined TRACON& Tower with Radar,37,6,28,0,71,0,3,75,0,78,37,9,103,0,149,34,0,34,183
08/19/2023,ABE,PA,AEA,EN,Combined TRACON& Tower with Radar,31,14,32,0,77,0,1,79,0,80,31,15,111,0,157,72,0,72,229
08/20/2023,ABE,PA,AEA,EN,Combined TRACON& Tower with Radar,31,19,30,0,80,0,1,81,0,82,31,20,111,0,162,58,0,58,220
08/21/2023,ABE,PA,AEA,EN,Combined TRACON& Tower with Radar,34,12,34,2,82,0,8,69,2,79,34,20,103,4,161,78,0,78,239
08/22/2023,ABE,PA,AEA,EN,Combined TRACON& Tower with Radar,28,11,52,0,91,0,11,98,0,109,28,22,150,0,200,120,0,120,320
08/23/2023,ABE,PA,AEA,EN,Combined TRACON& Tower with Radar,33,19,35,0,87,0,9,99,1,109,33,28,134,1,196,91,0,91,287
08/24/2023,ABE,PA,AEA,EN,Combined TRACON& Tower with Radar,37,12,44,8,101,0,0,13,2,15,37,12,57,10,116,14,0,14,130
08/25/2023,ABE,PA,AEA,EN,Combined TRACON& Tower with Radar,35,11,39,0,85,0,2,5,2,9,35,13,44,2,94,9,0,9,103
08/26/2023,ABE,PA,AEA,EN,Combined TRACON& Tower with Radar,31,12,55,0,98,0,1,57,0,58,31,13,112,0,156,214,0,214,370
08/27/2023,ABE,PA,AEA,EN,Combined TRACON& Tower with Radar,31,11,24,0,66,0,16,64,0,80,31,27,88,0,146,27,0,27,173
08/28/2023,ABE,PA,AEA,EN,Combined TRACON& Tower with Radar,34,14,69,6,123,0,1,31,5,37,34,15,100,11,160,68,14,82,242
08/29/2023,ABE,PA,AEA,EN,Combined TRACON& Tower with Radar,27,14,46,0,87,0,0,7,0,7,27,14,53,0,94,32,0,32,126
08/30/2023,ABE,PA,AEA,EN,Combined TRACON& Tower with Radar,26,8,36,2,72,0,4,58,0,62,26,12,94,2,134,138,0,138,272
08/31/2023,ABE,PA,AEA,EN,Combined TRACON& Tower with Radar,37,12,31,0,80,0,3,86,0,89,37,15,117,0,169,114,0,114,283
