01/01/2020,ABI,TX,ASW,CE,Combined TRACON& Tower with Radar,0,14,6,0,20,0,0,7,0,7,0,14,13,0,27,0,0,0,27
01/02/2020,ABI,TX,ASW,CE,Combined TRACON& Tower with Radar,0,20,13,1,34,0,0,33,0,33,0,20,46,1,67,0,0,0,67
01/03/2020,ABI,TX,ASW,CE,Combined TRACON& Tower with Radar,3,24,24,17,68,0,0,23,1,24,3,24,47,18,92,0,6,6,98
01/04/2020,ABI,TX,ASW,CE,Combined TRACON& Tower with Radar,0,15,17,0,32,0,0,66,0,66,0,15,83,0,98,56,0,56,154
01/05/2020,ABI,TX,ASW,CE,Combined TRACON& Tower with Radar,0,14,16,0,30,0,0,30,0,30,0,14,46,0,60,8,0,8,68
01/06/2020,ABI,TX,ASW,CE,Combined TRACON& Tower with Radar,0,17,26,27,70,0,0,32,0,32,0,17,58,27,102,16,62,78,180
01/07/2020,ABI,TX,ASW,CE,Combined TRACON& Tower with Radar,0,24,25,22,71,0,1,31,4,36,0,25,56,26,107,24,60,84,191
01/08/2020,ABI,TX,ASW,CE,Combined TRACON& Tower with Radar,0,29,23,27,79,0,0,25,15,40,0,29,48,42,119,24,6,30,149
01/09/2020,ABI,TX,ASW,CE,Combined TRACON& Tower with Radar,0,24,34,2,60,0,0,23,1,24,0,24,57,3,84,8,0,8,92
01/10/2020,ABI,TX,ASW,CE,Combined TRACON& Tower with Radar,8,28,23,106,165,0,0,15,6,21,8,28,38,112,186,12,12,24,210
01/11/2020,ABI,TX,ASW,CE,Combined TRACON& Tower with Radar,0,11,10,19,40,0,0,23,9,32,0,11,33,28,72,4,0,4,76
01/12/2020,ABI,TX,ASW,CE,Combined TRACON& Tower with Radar,0,14,13,11,38,0,0,24,1,25,0,14,37,12,63,12,0,12,75
01/13/2020,ABI,TX,ASW,CE,Combined TRACON& Tower with Radar,0,23,17,32,72,0,1,9,6,16,0,24,26,38,88,0,96,96,184
01/14/2020,ABI,TX,ASW,CE,Combined TRACON& Tower with Radar,0,27,25,38,90,0,4,19,1,24,0,31,44,39,114,24,112,136,250
01/15/2020,ABI,TX,ASW,CE,Combined TRACON& Tower with Radar,0,20,53,88,161,0,1,13,1,15,0,21,66,89,176,44,54,98,274
01/16/2020,ABI,TX,ASW,CE,Combined TRACON& Tower with Radar,0,23,13,2,38,0,0,0,0,0,0,23,13,2,38,0,0,0,38
01/17/2020,ABI,TX,ASW,CE,Combined TRACON& Tower with Radar,0,30,16,2,48,0,0,0,0,0,0,30,16,2,48,0,0,0,48
01/18/2020,ABI,TX,ASW,CE,Combined TRACON& Tower with Radar,0,12,23,0,35,0,2,35,1,38,0,14,58,1,73,76,0,76,149
01/19/2020,ABI,TX,ASW,CE,Combined TRACON& Tower with Radar,0,18,17,0,35,0,1,33,0,34,0,19,50,0,69,20,0,20,89
01/20/2020,ABI,TX,ASW,CE,Combined TRACON& Tower with Radar,1,20,21,4,46,0,0,43,0,43,1,20,64,4,89,54,0,54,143
01/21/2020,ABI,TX,ASW,CE,Combined TRACON& Tower with Radar,0,23,29,41,93,0,1,22,0,23,0,24,51,41,116,18,6,24,140
01/22/2020,ABI,TX,ASW,CE,Combined TRACON& Tower with Radar,1,28,30,17,76,0,0,10,4,14,1,28,40,21,90,0,12,12,102
01/23/2020,ABI,TX,ASW,CE,Combined TRACON& Tower with Radar,1,26,47,58,132,0,0,52,10,62,1,26,99,68,194,52,76,128,322
01/24/2020,ABI,TX,ASW,CE,Combined TRACON& Tower with Radar,3,22,21,27,73,0,0,40,4,44,3,22,61,31,117,24,46,70,187
01/25/2020,ABI,TX,ASW,CE,Combined TRACON& Tower with Radar,0,11,10,17,38,0,1,17,3,21,0,12,27,20,59,26,12,38,97
01/26/2020,ABI,TX,ASW,CE,Combined TRACON& Tower with Radar,1,16,18,23,58,0,0,22,0,22,1,16,40,23,80,58,2,60,140
01/27/2020,ABI,TX,ASW,CE,Combined TRACON& Tower with Radar,9,21,23,34,87,0,1,28,9,38,9,22,51,43,125,40,54,94,219
01/28/2020,ABI,TX,ASW,CE,Combined TRACON& Tower with Radar,0,21,22,96,139,0,0,1,9,10,0,21,23,105,149,0,26,26,175
01/29/2020,ABI,TX,ASW,CE,Combined TRACON& Tower with Radar,2,24,35,71,132,0,0,31,10,41,2,24,66,81,173,12,64,76,249
01/30/2020,ABI,TX,ASW,CE,Combined TRACON& Tower with Radar,0,27,26,11,64,0,0,5,2,7,0,27,31,13,71,0,0,0,71
01/31/2020,ABI,TX,ASW,CE,Combined TRACON& Tower with Radar,0,24,36,19,79,0,0,37,2,39,0,24,73,21,118,0,0,0,118
02/01/2020,ABI,TX,ASW,CE,Combined TRACON& Tower with Radar,0,18,25,0,43,0,0,41,0,41,0,18,66,0,84,60,0,60,144
02/02/2020,ABI,TX,ASW,CE,Combined TRACON& Tower with Radar,0,20,15,0,35,0,0,14,0,14,0,20,29,0,49,18,0,18,67
02/03/2020,ABI,TX,ASW,CE,Combined TRACON& Tower with Radar,2,18,36,24,80,0,2,13,7,22,2,20,49,31,102,0,42,42,144
02/04/2020,ABI,TX,ASW,CE,Combined TRACON& Tower with Radar,0,27,12,2,41,0,0,0,0,0,0,27,12,2,41,0,0,0,41
02/05/2020,ABI,TX,ASW,CE,Combined TRACON& Tower with Radar,0,0,0,2,2,0,0,0,0,0,0,0,0,2,2,0,0,0,2
02/06/2020,ABI,TX,ASW,CE,Combined TRACON& Tower with Radar,2,27,18,8,55,0,0,28,1,29,2,27,46,9,84,0,24,24,108
02/07/2020,ABI,TX,ASW,CE,Combined TRACON& Tower with Radar,4,26,24,42,96,0,0,28,13,41,4,26,52,55,137,31,48,79,216
02/08/2020,ABI,TX,ASW,CE,Combined TRACON& Tower with Radar,0,9,26,11,46,0,1,46,4,51,0,10,72,15,97,82,8,90,187
02/09/2020,ABI,TX,ASW,CE,Combined TRACON& Tower with Radar,2,22,11,12,47,0,0,18,0,18,2,22,29,12,65,2,0,2,67
02/10/2020,ABI,TX,ASW,CE,Combined TRACON& Tower with Radar,2,18,9,8,37,0,0,0,0,0,2,18,9,8,37,0,6,6,43
02/11/2020,ABI,TX,ASW,CE,Combined TRACON& Tower with Radar,2,19,18,6,45,0,0,0,0,0,2,19,18,6,45,0,0,0,45
02/12/2020,ABI,TX,ASW,CE,Combined TRACON& Tower with Radar,2,33,39,85,159,0,0,21,1,22,2,33,60,86,181,40,26,66,247
02/13/2020,ABI,TX,ASW,CE,Combined TRACON& Tower with Radar,0,21,45,44,110,0,0,9,0,9,0,21,54,44,119,0,30,30,149
02/14/2020,ABI,TX,ASW,CE,Combined TRACON& Tower with Radar,0,25,41,36,102,0,2,38,11,51,0,27,79,47,153,28,42,70,223
02/15/2020,ABI,TX,ASW,CE,Combined TRACON& Tower with Radar,0,17,21,8,46,0,0,26,0,26,0,17,47,8,72,0,0,0,72
02/16/2020,ABI,TX,ASW,CE,Combined TRACON& Tower with Radar,0,15,23,3,41,0,0,39,1,40,0,15,62,4,81,26,2,28,109
02/17/2020,ABI,TX,ASW,CE,Combined TRACON& Tower with Radar,0,15,29,8,52,0,3,28,0,31,0,18,57,8,83,36,0,36,119
02/18/2020,ABI,TX,ASW,CE,Combined TRACON& Tower with Radar,0,26,30,55,111,0,7,14,1,22,0,33,44,56,133,74,40,114,247
02/19/2020,ABI,TX,ASW,CE,Combined TRACON& Tower with Radar,0,26,25,36,87,0,0,6,0,6,0,26,31,36,93,0,54,54,147
02/20/2020,ABI,TX,ASW,CE,Combined TRACON& Tower with Radar,0,24,45,90,159,0,3,13,0,16,0,27,58,90,175,0,0,0,175
02/21/2020,ABI,TX,ASW,CE,Combined TRACON& Tower with Radar,1,22,25,44,92,0,1,35,5,41,1,23,60,49,133,12,20,32,165
02/22/2020,ABI,TX,ASW,CE,Combined TRACON& Tower with Radar,1,16,12,7,36,0,5,25,1,31,1,21,37,8,67,26,0,26,93
02/23/2020,ABI,TX,ASW,CE,Combined TRACON& Tower with Radar,0,19,17,0,36,0,0,3,0,3,0,19,20,0,39,0,0,0,39
02/24/2020,ABI,TX,ASW,CE,Combined TRACON& Tower with Radar,2,17,30,40,89,0,0,26,30,56,2,17,56,70,145,20,108,128,273
02/25/2020,ABI,TX,ASW,CE,Combined TRACON& Tower with Radar,0,21,11,19,51,0,0,25,16,41,0,21,36,35,92,58,10,68,160
02/26/2020,ABI,TX,ASW,CE,Combined TRACON& Tower with Radar,1,26,18,45,90,0,0,23,8,31,1,26,41,53,121,6,12,18,139
02/27/2020,ABI,TX,ASW,CE,Combined TRACON& Tower with Radar,0,19,26,17,62,0,4,38,5,47,0,23,64,22,109,40,44,84,193
02/28/2020,ABI,TX,ASW,CE,Combined TRACON& Tower with Radar,1,19,27,51,98,0,1,48,4,53,1,20,75,55,151,12,40,52,203
02/29/2020,ABI,TX,ASW,CE,Combined TRACON& Tower with Radar,0,15,7,6,28,0,1,44,0,45,0,16,51,6,73,10,6,16,89
03/01/2020,ABI,TX,ASW,CE,Combined TRACON& Tower with Radar,1,14,18,4,37,0,1,12,0,13,1,15,30,4,50,0,0,0,50
03/02/2020,ABI,TX,ASW,CE,Combined TRACON& Tower with Radar,0,13,23,44,80,0,1,9,3,13,0,14,32,47,93,4,30,34,127
03/03/2020,ABI,TX,ASW,CE,Combined TRACON& Tower with Radar,0,20,26,34,80,0,1,10,0,11,0,21,36,34,91,14,32,46,137
03/04/2020,ABI,TX,ASW,CE,Combined TRACON& Tower with Radar,1,23,4,2,30,0,1,0,0,1,1,24,4,2,31,0,0,0,31
03/05/2020,ABI,TX,ASW,CE,Combined TRACON& Tower with Radar,2,23,48,46,119,0,1,30,8,39,2,24,78,54,158,0,74,74,232
03/06/2020,ABI,TX,ASW,CE,Combined TRACON& Tower with Radar,1,20,32,54,107,0,1,51,4,56,1,21,83,58,163,2,22,24,187
03/07/2020,ABI,TX,ASW,CE,Combined TRACON& Tower with Radar,1,16,16,0,33,0,2,23,0,25,1,18,39,0,58,24,0,24,82
03/08/2020,ABI,TX,ASW,CE,Combined TRACON& Tower with Radar,0,19,15,6,40,0,0,1,0,1,0,19,16,6,41,30,0,30,71
03/09/2020,ABI,TX,ASW,CE,Combined TRACON& Tower with Radar,0,17,12,13,42,0,0,10,4,14,0,17,22,17,56,10,0,10,66
03/10/2020,ABI,TX,ASW,CE,Combined TRACON& Tower with Radar,0,31,30,62,123,0,6,11,0,17,0,37,41,62,140,38,60,98,238
03/11/2020,ABI,TX,ASW,CE,Combined TRACON& Tower with Radar,0,29,18,46,93,0,0,21,2,23,0,29,39,48,116,70,6,76,192
03/12/2020,ABI,TX,ASW,CE,Combined TRACON& Tower with Radar,0,20,31,28,79,0,0,25,8,33,0,20,56,36,112,48,10,58,170
03/13/2020,ABI,TX,ASW,CE,Combined TRACON& Tower with Radar,0,24,5,0,29,0,1,0,0,1,0,25,5,0,30,0,0,0,30
03/14/2020,ABI,TX,ASW,CE,Combined TRACON& Tower with Radar,1,16,10,0,27,0,0,3,0,3,1,16,13,0,30,6,0,6,36
03/15/2020,ABI,TX,ASW,CE,Combined TRACON& Tower with Radar,0,18,10,0,28,0,0,0,0,0,0,18,10,0,28,0,0,0,28
03/16/2020,ABI,TX,ASW,CE,Combined TRACON& Tower with Radar,0,16,17,8,41,0,1,2,0,3,0,17,19,8,44,20,0,20,64
03/17/2020,ABI,TX,ASW,CE,Combined TRACON& Tower with Radar,0,20,7,8,35,0,1,3,0,4,0,21,10,8,39,8,0,8,47
03/18/2020,ABI,TX,ASW,CE,Combined TRACON& Tower with Radar,0,18,14,16,48,0,1,8,2,11,0,19,22,18,59,22,0,22,81
03/19/2020,ABI,TX,ASW,CE,Combined TRACON& Tower with Radar,6,20,20,7,53,0,1,8,3,12,6,21,28,10,65,24,0,24,89
03/20/2020,ABI,TX,ASW,CE,Combined TRACON& Tower with Radar,0,18,9,52,79,0,1,8,6,15,0,19,17,58,94,0,0,0,94
03/21/2020,ABI,TX,ASW,CE,Combined TRACON& Tower with Radar,0,21,3,0,24,0,0,4,0,4,0,21,7,0,28,58,0,58,86
03/22/2020,ABI,TX,ASW,CE,Combined TRACON& Tower with Radar,0,12,7,0,19,0,0,6,0,6,0,12,13,0,25,4,0,4,29
03/23/2020,ABI,TX,ASW,CE,Combined TRACON& Tower with Radar,0,24,17,27,68,0,1,9,1,11,0,25,26,28,79,18,52,70,149
03/24/2020,ABI,TX,ASW,CE,Combined TRACON& Tower with Radar,1,27,14,17,59,0,3,19,8,30,1,30,33,25,89,48,14,62,151
03/25/2020,ABI,TX,ASW,CE,Combined TRACON& Tower with Radar,0,17,14,22,53,0,1,29,6,36,0,18,43,28,89,0,0,0,89
03/26/2020,ABI,TX,ASW,CE,Combined TRACON& Tower with Radar,7,24,17,22,70,0,1,28,5,34,7,25,45,27,104,26,82,108,212
03/27/2020,ABI,TX,ASW,CE,Combined TRACON& Tower with Radar,0,23,12,14,49,0,1,10,6,17,0,24,22,20,66,14,4,18,84
03/28/2020,ABI,TX,ASW,CE,Combined TRACON& Tower with Radar,0,12,2,0,14,0,2,5,1,8,0,14,7,1,22,44,0,44,66
03/29/2020,ABI,TX,ASW,CE,Combined TRACON& Tower with Radar,0,12,9,9,30,0,0,31,0,31,0,12,40,9,61,82,42,124,185
03/30/2020,ABI,TX,ASW,CE,Combined TRACON& Tower with Radar,4,14,2,6,26,0,0,0,0,0,4,14,2,6,26,0,0,0,26
03/31/2020,ABI,TX,ASW,CE,Combined TRACON& Tower with Radar,2,15,5,33,55,0,0,18,11,29,2,15,23,44,84,34,28,62,146
04/01/2020,ABI,TX,ASW,CE,Combined TRACON& Tower with Radar,0,16,16,13,45,0,0,13,2,15,0,16,29,15,60,0,0,0,60
04/02/2020,ABI,TX,ASW,CE,Combined TRACON& Tower with Radar,0,17,6,18,41,0,0,6,2,8,0,17,12,20,49,0,4,4,53
04/03/2020,ABI,TX,ASW,CE,Combined TRACON& Tower with Radar,0,22,2,2,26,0,0,0,0,0,0,22,2,2,26,0,0,0,26
04/04/2020,ABI,TX,ASW,CE,Combined TRACON& Tower with Radar,1,13,6,0,20,0,0,0,0,0,1,13,6,0,20,0,0,0,20
04/05/2020,ABI,TX,ASW,CE,Combined TRACON& Tower with Radar,3,11,10,8,32,0,0,1,0,1,3,11,11,8,33,14,0,14,47
04/06/2020,ABI,TX,ASW,CE,Combined TRACON& Tower with Radar,1,15,18,13,47,0,0,3,0,3,1,15,21,13,50,14,64,78,128
04/07/2020,ABI,TX,ASW,CE,Combined TRACON& Tower with Radar,2,17,19,14,52,0,0,15,4,19,2,17,34,18,71,62,6,68,139
04/08/2020,ABI,TX,ASW,CE,Combined TRACON& Tower with Radar,3,15,16,18,52,0,2,19,0,21,3,17,35,18,73,24,18,42,115
04/09/2020,ABI,TX,ASW,CE,Combined TRACON& Tower with Radar,0,19,9,10,38,0,0,8,0,8,0,19,17,10,46,12,6,18,64
04/10/2020,ABI,TX,ASW,CE,Combined TRACON& Tower with Radar,0,27,13,6,46,0,2,14,0,16,0,29,27,6,62,46,14,60,122
04/11/2020,ABI,TX,ASW,CE,Combined TRACON& Tower with Radar,0,13,6,0,19,0,0,15,0,15,0,13,21,0,34,14,0,14,48
04/12/2020,ABI,TX,ASW,CE,Combined TRACON& Tower with Radar,0,7,3,0,10,0,0,3,0,3,0,7,6,0,13,0,0,0,13
04/13/2020,ABI,TX,ASW,CE,Combined TRACON& Tower with Radar,0,12,12,35,59,0,1,17,10,28,0,13,29,45,87,0,46,46,133
04/14/2020,ABI,TX,ASW,CE,Combined TRACON& Tower with Radar,0,12,8,34,54,0,1,15,0,16,0,13,23,34,70,18,16,34,104
04/15/2020,ABI,TX,ASW,CE,Combined TRACON& Tower with Radar,0,19,28,39,86,0,1,27,4,32,0,20,55,43,118,102,68,170,288
04/16/2020,ABI,TX,ASW,CE,Combined TRACON& Tower with Radar,0,12,16,9,37,0,1,18,5,24,0,13,34,14,61,0,12,12,73
04/17/2020,ABI,TX,ASW,CE,Combined TRACON& Tower with Radar,0,16,34,20,70,0,1,5,0,6,0,17,39,20,76,0,44,44,120
04/18/2020,ABI,TX,ASW,CE,Combined TRACON& Tower with Radar,0,8,31,22,61,0,0,18,0,18,0,8,49,22,79,10,34,44,123
04/19/2020,ABI,TX,ASW,CE,Combined TRACON& Tower with Radar,0,8,12,2,22,0,0,15,1,16,0,8,27,3,38,24,0,24,62
04/20/2020,ABI,TX,ASW,CE,Combined TRACON& Tower with Radar,0,15,29,34,78,0,0,21,8,29,0,15,50,42,107,30,4,34,141
04/21/2020,ABI,TX,ASW,CE,Combined TRACON& Tower with Radar,0,15,10,18,43,0,1,8,3,12,0,16,18,21,55,32,20,52,107
04/22/2020,ABI,TX,ASW,CE,Combined TRACON& Tower with Radar,0,19,14,2,35,0,1,11,0,12,0,20,25,2,47,12,0,12,59
04/23/2020,ABI,TX,ASW,CE,Combined TRACON& Tower with Radar,0,17,23,30,70,0,0,62,0,62,0,17,85,30,132,48,6,54,186
04/24/2020,ABI,TX,ASW,CE,Combined TRACON& Tower with Radar,0,14,34,23,71,0,0,25,4,29,0,14,59,27,100,52,42,94,194
04/25/2020,ABI,TX,ASW,CE,Combined TRACON& Tower with Radar,0,9,9,6,24,0,2,29,1,32,0,11,38,7,56,36,4,40,96
04/26/2020,ABI,TX,ASW,CE,Combined TRACON& Tower with Radar,0,10,13,1,24,0,1,26,0,27,0,11,39,1,51,14,2,16,67
04/27/2020,ABI,TX,ASW,CE,Combined TRACON& Tower with Radar,0,13,7,6,26,0,2,14,0,16,0,15,21,6,42,6,0,6,48
04/28/2020,ABI,TX,ASW,CE,Combined TRACON& Tower with Radar,0,17,10,6,33,0,0,24,0,24,0,17,34,6,57,6,0,6,63
04/29/2020,ABI,TX,ASW,CE,Combined TRACON& Tower with Radar,0,21,20,16,57,0,0,34,0,34,0,21,54,16,91,166,64,230,321
04/30/2020,ABI,TX,ASW,CE,Combined TRACON& Tower with Radar,0,21,27,23,71,0,0,60,11,71,0,21,87,34,142,70,30,100,242
05/01/2020,ABI,TX,ASW,CE,Combined TRACON& Tower with Radar,0,19,14,9,42,0,2,22,4,28,0,21,36,13,70,48,0,48,118
05/02/2020,ABI,TX,ASW,CE,Combined TRACON& Tower with Radar,0,9,13,0,22,0,1,17,0,18,0,10,30,0,40,0,0,0,40
05/03/2020,ABI,TX,ASW,CE,Combined TRACON& Tower with Radar,0,4,8,6,18,0,1,18,2,21,0,5,26,8,39,6,0,6,45
05/04/2020,ABI,TX,ASW,CE,Combined TRACON& Tower with Radar,0,16,14,23,53,0,0,31,1,32,0,16,45,24,85,0,0,0,85
05/05/2020,ABI,TX,ASW,CE,Combined TRACON& Tower with Radar,3,15,8,28,54,0,1,24,0,25,3,16,32,28,79,46,6,52,131
05/06/2020,ABI,TX,ASW,CE,Combined TRACON& Tower with Radar,3,12,28,12,55,0,2,57,0,59,3,14,85,12,114,80,0,80,194
05/07/2020,ABI,TX,ASW,CE,Combined TRACON& Tower with Radar,2,13,9,26,50,0,0,9,2,11,2,13,18,28,61,6,2,8,69
05/08/2020,ABI,TX,ASW,CE,Combined TRACON& Tower with Radar,2,17,5,44,68,0,2,9,10,21,2,19,14,54,89,0,48,48,137
05/09/2020,ABI,TX,ASW,CE,Combined TRACON& Tower with Radar,3,10,21,22,56,0,0,55,2,57,3,10,76,24,113,32,26,58,171
05/10/2020,ABI,TX,ASW,CE,Combined TRACON& Tower with Radar,1,6,10,7,24,0,0,30,2,32,1,6,40,9,56,0,0,0,56
05/11/2020,ABI,TX,ASW,CE,Combined TRACON& Tower with Radar,2,10,14,10,36,0,1,28,0,29,2,11,42,10,65,6,2,8,73
05/12/2020,ABI,TX,ASW,CE,Combined TRACON& Tower with Radar,0,16,14,24,54,0,1,19,0,20,0,17,33,24,74,0,0,0,74
05/13/2020,ABI,TX,ASW,CE,Combined TRACON& Tower with Radar,0,14,22,46,82,0,1,8,0,9,0,15,30,46,91,12,0,12,103
05/14/2020,ABI,TX,ASW,CE,Combined TRACON& Tower with Radar,1,15,10,16,42,0,1,24,0,25,1,16,34,16,67,8,28,36,103
05/15/2020,ABI,TX,ASW,CE,Combined TRACON& Tower with Radar,0,19,22,10,51,0,1,9,0,10,0,20,31,10,61,0,8,8,69
05/16/2020,ABI,TX,ASW,CE,Combined TRACON& Tower with Radar,0,13,8,16,37,0,2,8,0,10,0,15,16,16,47,26,0,26,73
05/17/2020,ABI,TX,ASW,CE,Combined TRACON& Tower with Radar,3,9,10,2,24,0,1,19,0,20,3,10,29,2,44,18,0,18,62
05/18/2020,ABI,TX,ASW,CE,Combined TRACON& Tower with Radar,1,10,14,27,52,0,0,55,0,55,1,10,69,27,107,16,12,28,135
05/19/2020,ABI,TX,ASW,CE,Combined TRACON& Tower with Radar,1,14,15,20,50,0,0,39,0,39,1,14,54,20,89,18,24,42,131
05/20/2020,ABI,TX,ASW,CE,Combined TRACON& Tower with Radar,0,17,30,28,75,0,0,19,1,20,0,17,49,29,95,6,0,6,101
05/21/2020,ABI,TX,ASW,CE,Combined TRACON& Tower with Radar,2,13,22,16,53,0,0,5,6,11,2,13,27,22,64,0,0,0,64
05/22/2020,ABI,TX,ASW,CE,Combined TRACON& Tower with Radar,1,15,19,0,35,0,0,15,0,15,1,15,34,0,50,6,0,6,56
05/23/2020,ABI,TX,ASW,CE,Combined TRACON& Tower with Radar,0,12,8,0,20,0,0,9,0,9,0,12,17,0,29,10,0,10,39
05/24/2020,ABI,TX,ASW,CE,Combined TRACON& Tower with Radar,1,10,18,0,29,0,0,3,0,3,1,10,21,0,32,0,0,0,32
05/25/2020,ABI,TX,ASW,CE,Combined TRACON& Tower with Radar,0,11,16,0,27,0,2,14,0,16,0,13,30,0,43,0,0,0,43
05/26/2020,ABI,TX,ASW,CE,Combined TRACON& Tower with Radar,0,15,27,58,100,0,0,20,5,25,0,15,47,63,125,26,78,104,229
05/27/2020,ABI,TX,ASW,CE,Combined TRACON& Tower with Radar,0,14,18,33,65,0,1,21,0,22,0,15,39,33,87,44,6,50,137
05/28/2020,ABI,TX,ASW,CE,Combined TRACON& Tower with Radar,0,13,27,28,68,0,1,28,5,34,0,14,55,33,102,16,44,60,162
05/29/2020,ABI,TX,ASW,CE,Combined TRACON& Tower with Radar,0,17,27,34,78,0,0,33,17,50,0,17,60,51,128,4,12,16,144
05/30/2020,ABI,TX,ASW,CE,Combined TRACON& Tower with Radar,0,15,4,1,20,0,0,24,1,25,0,15,28,2,45,16,0,16,61
05/31/2020,ABI,TX,ASW,CE,Combined TRACON& Tower with Radar,0,9,7,0,16,0,0,20,0,20,0,9,27,0,36,18,0,18,54
06/01/2020,ABI,TX,ASW,CE,Combined TRACON& Tower with Radar,1,13,16,6,36,0,0,7,0,7,1,13,23,6,43,14,0,14,57
06/02/2020,ABI,TX,ASW,CE,Combined TRACON& Tower with Radar,0,18,26,42,86,0,0,19,5,24,0,18,45,47,110,28,8,36,146
06/03/2020,ABI,TX,ASW,CE,Combined TRACON& Tower with Radar,0,21,44,52,117,0,0,36,7,43,0,21,80,59,160,28,20,48,208
06/04/2020,ABI,TX,ASW,CE,Combined TRACON& Tower with Radar,1,16,22,14,53,0,0,35,4,39,1,16,57,18,92,50,0,50,142
06/05/2020,ABI,TX,ASW,CE,Combined TRACON& Tower with Radar,0,13,23,29,65,0,0,43,8,51,0,13,66,37,116,34,0,34,150
06/06/2020,ABI,TX,ASW,CE,Combined TRACON& Tower with Radar,0,13,15,0,28,0,0,23,1,24,0,13,38,1,52,12,0,12,64
06/07/2020,ABI,TX,ASW,CE,Combined TRACON& Tower with Radar,0,6,10,4,20,0,2,30,1,33,0,8,40,5,53,20,0,20,73
06/08/2020,ABI,TX,ASW,CE,Combined TRACON& Tower with Radar,0,9,27,22,58,0,0,24,5,29,0,9,51,27,87,14,9,23,110
06/09/2020,ABI,TX,ASW,CE,Combined TRACON& Tower with Radar,0,20,16,31,67,0,0,5,2,7,0,20,21,33,74,0,2,2,76
06/10/2020,ABI,TX,ASW,CE,Combined TRACON& Tower with Radar,0,19,25,31,75,0,0,41,5,46,0,19,66,36,121,34,60,94,215
06/11/2020,ABI,TX,ASW,CE,Combined TRACON& Tower with Radar,0,15,29,34,78,0,0,32,9,41,0,15,61,43,119,18,2,20,139
06/12/2020,ABI,TX,ASW,CE,Combined TRACON& Tower with Radar,0,16,10,19,45,0,1,42,1,44,0,17,52,20,89,16,4,20,109
06/13/2020,ABI,TX,ASW,CE,Combined TRACON& Tower with Radar,0,12,12,0,24,0,1,35,0,36,0,13,47,0,60,54,0,54,114
06/14/2020,ABI,TX,ASW,CE,Combined TRACON& Tower with Radar,0,6,9,17,32,0,3,21,5,29,0,9,30,22,61,0,0,0,61
06/15/2020,ABI,TX,ASW,CE,Combined TRACON& Tower with Radar,0,9,21,19,49,0,0,29,1,30,0,9,50,20,79,18,0,18,97
06/16/2020,ABI,TX,ASW,CE,Combined TRACON& Tower with Radar,1,16,27,23,67,0,7,19,0,26,1,23,46,23,93,50,0,50,143
06/17/2020,ABI,TX,ASW,CE,Combined TRACON& Tower with Radar,0,13,19,19,51,0,1,19,0,20,0,14,38,19,71,0,24,24,95
06/18/2020,ABI,TX,ASW,CE,Combined TRACON& Tower with Radar,1,17,26,9,53,0,0,14,1,15,1,17,40,10,68,4,8,12,80
06/19/2020,ABI,TX,ASW,CE,Combined TRACON& Tower with Radar,0,13,27,37,77,0,2,31,5,38,0,15,58,42,115,0,0,0,115
06/20/2020,ABI,TX,ASW,CE,Combined TRACON& Tower with Radar,0,10,18,0,28,0,1,20,1,22,0,11,38,1,50,42,0,42,92
06/21/2020,ABI,TX,ASW,CE,Combined TRACON& Tower with Radar,2,8,14,2,26,0,0,21,0,21,2,8,35,2,47,0,0,0,47
06/22/2020,ABI,TX,ASW,CE,Combined TRACON& Tower with Radar,1,15,21,23,60,0,0,11,18,29,1,15,32,41,89,20,62,82,171
06/23/2020,ABI,TX,ASW,CE,Combined TRACON& Tower with Radar,0,25,28,32,85,0,0,19,8,27,0,25,47,40,112,40,16,56,168
06/24/2020,ABI,TX,ASW,CE,Combined TRACON& Tower with Radar,0,17,28,33,78,0,2,35,3,40,0,19,63,36,118,34,30,64,182
06/25/2020,ABI,TX,ASW,CE,Combined TRACON& Tower with Radar,4,15,23,33,75,0,0,26,3,29,4,15,49,36,104,26,82,108,212
06/26/2020,ABI,TX,ASW,CE,Combined TRACON& Tower with Radar,0,14,33,55,102,0,1,14,3,18,0,15,47,58,120,12,42,54,174
06/27/2020,ABI,TX,ASW,CE,Combined TRACON& Tower with Radar,0,12,18,0,30,0,0,19,0,19,0,12,37,0,49,36,0,36,85
06/28/2020,ABI,TX,ASW,CE,Combined TRACON& Tower with Radar,0,8,9,9,26,0,0,11,0,11,0,8,20,9,37,4,0,4,41
06/29/2020,ABI,TX,ASW,CE,Combined TRACON& Tower with Radar,0,12,16,20,48,0,2,21,2,25,0,14,37,22,73,2,20,22,95
06/30/2020,ABI,TX,ASW,CE,Combined TRACON& Tower with Radar,0,21,5,2,28,0,0,14,2,16,0,21,19,4,44,4,0,4,48
07/01/2020,ABI,TX,ASW,CE,Combined TRACON& Tower with Radar,2,19,22,6,49,0,1,15,0,16,2,20,37,6,65,22,14,36,101
07/02/2020,ABI,TX,ASW,CE,Combined TRACON& Tower with Radar,2,16,19,22,59,0,0,13,0,13,2,16,32,22,72,36,38,74,146
07/03/2020,ABI,TX,ASW,CE,Combined TRACON& Tower with Radar,0,19,17,0,36,0,2,46,0,48,0,21,63,0,84,42,0,42,126
07/04/2020,ABI,TX,ASW,CE,Combined TRACON& Tower with Radar,0,8,6,0,14,0,0,15,0,15,0,8,21,0,29,36,0,36,65
07/05/2020,ABI,TX,ASW,CE,Combined TRACON& Tower with Radar,4,11,11,0,26,0,1,19,0,20,4,12,30,0,46,30,0,30,76
07/06/2020,ABI,TX,ASW,CE,Combined TRACON& Tower with Radar,0,13,9,2,24,0,0,7,0,7,0,13,16,2,31,6,0,6,37
07/07/2020,ABI,TX,ASW,CE,Combined TRACON& Tower with Radar,5,28,8,31,72,0,1,8,0,9,5,29,16,31,81,56,4,60,141
07/08/2020,ABI,TX,ASW,CE,Combined TRACON& Tower with Radar,1,18,24,24,67,0,0,34,1,35,1,18,58,25,102,78,8,86,188
07/09/2020,ABI,TX,ASW,CE,Combined TRACON& Tower with Radar,0,20,18,11,49,0,0,20,9,29,0,20,38,20,78,30,10,40,118
07/10/2020,ABI,TX,ASW,CE,Combined TRACON& Tower with Radar,1,21,13,73,108,0,1,28,1,30,1,22,41,74,138,28,38,66,204
07/11/2020,ABI,TX,ASW,CE,Combined TRACON& Tower with Radar,0,11,4,2,17,0,6,26,0,32,0,17,30,2,49,0,0,0,49
07/12/2020,ABI,TX,ASW,CE,Combined TRACON& Tower with Radar,1,11,12,0,24,0,11,17,8,36,1,22,29,8,60,40,0,40,100
07/13/2020,ABI,TX,ASW,CE,Combined TRACON& Tower with Radar,1,12,15,12,40,0,38,13,32,83,1,50,28,44,123,12,0,12,135
07/14/2020,ABI,TX,ASW,CE,Combined TRACON& Tower with Radar,0,19,16,24,59,0,15,11,87,113,0,34,27,111,172,0,8,8,180
07/15/2020,ABI,TX,ASW,CE,Combined TRACON& Tower with Radar,2,20,16,20,58,0,14,34,54,102,2,34,50,74,160,16,4,20,180
07/16/2020,ABI,TX,ASW,CE,Combined TRACON& Tower with Radar,0,18,30,2,50,14,31,20,46,111,14,49,50,48,161,30,0,30,191
07/17/2020,ABI,TX,ASW,CE,Combined TRACON& Tower with Radar,1,19,19,40,79,3,4,38,42,87,4,23,57,82,166,0,0,0,166
07/18/2020,ABI,TX,ASW,CE,Combined TRACON& Tower with Radar,0,11,10,0,21,0,8,29,0,37,0,19,39,0,58,31,0,31,89
07/19/2020,ABI,TX,ASW,CE,Combined TRACON& Tower with Radar,3,10,14,3,30,0,0,25,1,26,3,10,39,4,56,42,4,46,102
07/20/2020,ABI,TX,ASW,CE,Combined TRACON& Tower with Radar,0,20,14,38,72,0,0,25,6,31,0,20,39,44,103,62,10,72,175
07/21/2020,ABI,TX,ASW,CE,Combined TRACON& Tower with Radar,2,21,26,17,66,0,0,16,31,47,2,21,42,48,113,14,52,66,179
07/22/2020,ABI,TX,ASW,CE,Combined TRACON& Tower with Radar,0,18,8,22,48,0,0,12,2,14,0,18,20,24,62,32,14,46,108
07/23/2020,ABI,TX,ASW,CE,Combined TRACON& Tower with Radar,0,19,14,17,50,0,0,16,0,16,0,19,30,17,66,50,6,56,122
07/24/2020,ABI,TX,ASW,CE,Combined TRACON& Tower with Radar,1,18,25,57,101,0,1,57,19,77,1,19,82,76,178,4,10,14,192
07/25/2020,ABI,TX,ASW,CE,Combined TRACON& Tower with Radar,1,14,9,0,24,0,2,26,3,31,1,16,35,3,55,30,0,30,85
07/26/2020,ABI,TX,ASW,CE,Combined TRACON& Tower with Radar,0,16,13,0,29,0,0,20,0,20,0,16,33,0,49,20,0,20,69
07/27/2020,ABI,TX,ASW,CE,Combined TRACON& Tower with Radar,0,13,31,34,78,0,1,24,1,26,0,14,55,35,104,22,40,62,166
07/28/2020,ABI,TX,ASW,CE,Combined TRACON& Tower with Radar,0,14,11,38,63,0,1,14,2,17,0,15,25,40,80,16,0,16,96
07/29/2020,ABI,TX,ASW,CE,Combined TRACON& Tower with Radar,0,21,35,26,82,0,1,24,5,30,0,22,59,31,112,34,50,84,196
07/30/2020,ABI,TX,ASW,CE,Combined TRACON& Tower with Radar,2,18,25,31,76,0,2,24,3,29,2,20,49,34,105,16,24,40,145
07/31/2020,ABI,TX,ASW,CE,Combined TRACON& Tower with Radar,0,19,29,51,99,0,1,17,3,21,0,20,46,54,120,0,28,28,148
08/01/2020,ABI,TX,ASW,CE,Combined TRACON& Tower with Radar,0,12,12,11,35,1,2,48,7,58,1,14,60,18,93,78,34,112,205
08/02/2020,ABI,TX,ASW,CE,Combined TRACON& Tower with Radar,0,8,16,9,33,3,0,30,14,47,3,8,46,23,80,0,0,0,80
08/03/2020,ABI,TX,ASW,CE,Combined TRACON& Tower with Radar,0,15,11,19,45,0,0,21,13,34,0,15,32,32,79,16,6,22,101
08/04/2020,ABI,TX,ASW,CE,Combined TRACON& Tower with Radar,0,20,21,41,82,0,0,13,15,28,0,20,34,56,110,22,14,36,146
08/05/2020,ABI,TX,ASW,CE,Combined TRACON& Tower with Radar,0,19,17,47,83,0,0,25,9,34,0,19,42,56,117,10,6,16,133
08/06/2020,ABI,TX,ASW,CE,Combined TRACON& Tower with Radar,1,18,19,38,76,0,1,39,6,46,1,19,58,44,122,30,74,104,226
08/07/2020,ABI,TX,ASW,CE,Combined TRACON& Tower with Radar,1,20,28,5,54,0,2,36,3,41,1,22,64,8,95,46,0,46,141
08/08/2020,ABI,TX,ASW,CE,Combined TRACON& Tower with Radar,1,15,13,2,31,4,14,25,10,53,5,29,38,12,84,56,0,56,140
08/09/2020,ABI,TX,ASW,CE,Combined TRACON& Tower with Radar,1,10,18,12,41,0,1,23,4,28,1,11,41,16,69,20,0,20,89
08/10/2020,ABI,TX,ASW,CE,Combined TRACON& Tower with Radar,2,16,15,39,72,6,13,9,9,37,8,29,24,48,109,8,50,58,167
08/11/2020,ABI,TX,ASW,CE,Combined TRACON& Tower with Radar,0,19,16,35,70,0,6,24,1,31,0,25,40,36,101,16,32,48,149
08/12/2020,ABI,TX,ASW,CE,Combined TRACON& Tower with Radar,2,13,19,39,73,0,0,21,5,26,2,13,40,44,99,30,32,62,161
08/13/2020,ABI,TX,ASW,CE,Combined TRACON& Tower with Radar,0,16,13,40,69,0,0,22,7,29,0,16,35,47,98,26,36,62,160
08/14/2020,ABI,TX,ASW,CE,Combined TRACON& Tower with Radar,2,18,19,17,56,0,0,29,8,37,2,18,48,25,93,24,4,28,121
08/15/2020,ABI,TX,ASW,CE,Combined TRACON& Tower with Radar,0,14,7,0,21,0,4,21,3,28,0,18,28,3,49,18,0,18,67
08/16/2020,ABI,TX,ASW,CE,Combined TRACON& Tower with Radar,3,7,15,16,41,0,1,20,27,48,3,8,35,43,89,14,6,20,109
08/17/2020,ABI,TX,ASW,CE,Combined TRACON& Tower with Radar,1,13,22,35,71,0,0,18,8,26,1,13,40,43,97,28,20,48,145
08/18/2020,ABI,TX,ASW,CE,Combined TRACON& Tower with Radar,0,15,27,23,65,0,0,27,46,73,0,15,54,69,138,14,8,22,160
08/19/2020,ABI,TX,ASW,CE,Combined TRACON& Tower with Radar,2,13,19,30,64,0,1,23,13,37,2,14,42,43,101,20,14,34,135
08/20/2020,ABI,TX,ASW,CE,Combined TRACON& Tower with Radar,0,21,29,14,64,0,2,29,0,31,0,23,58,14,95,0,0,0,95
08/21/2020,ABI,TX,ASW,CE,Combined TRACON& Tower with Radar,0,15,33,22,70,0,0,34,7,41,0,15,67,29,111,4,14,18,129
08/22/2020,ABI,TX,ASW,CE,Combined TRACON& Tower with Radar,0,13,3,4,20,0,0,28,0,28,0,13,31,4,48,18,0,18,66
08/23/2020,ABI,TX,ASW,CE,Combined TRACON& Tower with Radar,0,8,17,36,61,0,2,33,6,41,0,10,50,42,102,14,0,14,116
08/24/2020,ABI,TX,ASW,CE,Combined TRACON& Tower with Radar,6,13,21,25,65,0,1,24,9,34,6,14,45,34,99,8,22,30,129
08/25/2020,ABI,TX,ASW,CE,Combined TRACON& Tower with Radar,1,15,24,59,99,0,7,36,20,63,1,22,60,79,162,70,32,102,264
08/26/2020,ABI,TX,ASW,CE,Combined TRACON& Tower with Radar,6,17,22,41,86,0,2,31,10,43,6,19,53,51,129,20,14,34,163
08/27/2020,ABI,TX,ASW,CE,Combined TRACON& Tower with Radar,0,18,29,35,82,0,5,30,47,82,0,23,59,82,164,12,54,66,230
08/28/2020,ABI,TX,ASW,CE,Combined TRACON& Tower with Radar,0,13,14,16,43,0,2,37,17,56,0,15,51,33,99,42,6,48,147
08/29/2020,ABI,TX,ASW,CE,Combined TRACON& Tower with Radar,0,10,11,0,21,0,7,37,17,61,0,17,48,17,82,6,34,40,122
08/30/2020,ABI,TX,ASW,CE,Combined TRACON& Tower with Radar,0,10,6,5,21,0,40,28,47,115,0,50,34,52,136,0,6,6,142
08/31/2020,ABI,TX,ASW,CE,Combined TRACON& Tower with Radar,0,15,21,8,44,0,2,9,1,12,0,17,30,9,56,10,4,14,70
09/01/2020,ABI,TX,ASW,CE,Combined TRACON& Tower with Radar,8,19,20,6,53,0,6,4,4,14,8,25,24,10,67,0,0,0,67
09/02/2020,ABI,TX,ASW,CE,Combined TRACON& Tower with Radar,1,24,11,17,53,0,0,1,0,1,1,24,12,17,54,32,0,32,86
09/03/2020,ABI,TX,ASW,CE,Combined TRACON& Tower with Radar,0,25,21,8,54,0,0,14,3,17,0,25,35,11,71,0,14,14,85
09/04/2020,ABI,TX,ASW,CE,Combined TRACON& Tower with Radar,0,19,25,2,46,0,0,19,0,19,0,19,44,2,65,48,0,48,113
09/05/2020,ABI,TX,ASW,CE,Combined TRACON& Tower with Radar,4,14,6,0,24,0,0,23,1,24,4,14,29,1,48,0,0,0,48
09/06/2020,ABI,TX,ASW,CE,Combined TRACON& Tower with Radar,0,9,10,6,25,0,0,19,0,19,0,9,29,6,44,38,0,38,82
09/07/2020,ABI,TX,ASW,CE,Combined TRACON& Tower with Radar,2,14,18,2,36,0,3,37,2,42,2,17,55,4,78,0,0,0,78
09/08/2020,ABI,TX,ASW,CE,Combined TRACON& Tower with Radar,0,15,20,27,62,0,0,6,3,9,0,15,26,30,71,10,24,34,105
09/09/2020,ABI,TX,ASW,CE,Combined TRACON& Tower with Radar,0,12,6,1,19,0,0,2,0,2,0,12,8,1,21,0,0,0,21
09/10/2020,ABI,TX,ASW,CE,Combined TRACON& Tower with Radar,0,19,19,3,41,0,0,0,0,0,0,19,19,3,41,0,0,0,41
09/11/2020,ABI,TX,ASW,CE,Combined TRACON& Tower with Radar,0,20,33,20,73,0,2,21,1,24,0,22,54,21,97,0,8,8,105
09/12/2020,ABI,TX,ASW,CE,Combined TRACON& Tower with Radar,0,14,15,0,29,0,0,35,0,35,0,14,50,0,64,8,0,8,72
09/13/2020,ABI,TX,ASW,CE,Combined TRACON& Tower with Radar,0,10,12,4,26,0,0,17,0,17,0,10,29,4,43,0,0,0,43
09/14/2020,ABI,TX,ASW,CE,Combined TRACON& Tower with Radar,0,13,23,25,61,0,3,25,7,35,0,16,48,32,96,38,16,54,150
09/15/2020,ABI,TX,ASW,CE,Combined TRACON& Tower with Radar,0,20,27,21,68,0,0,25,3,28,0,20,52,24,96,8,30,38,134
09/16/2020,ABI,TX,ASW,CE,Combined TRACON& Tower with Radar,0,16,13,30,59,0,0,23,7,30,0,16,36,37,89,12,64,76,165
09/17/2020,ABI,TX,ASW,CE,Combined TRACON& Tower with Radar,0,18,19,18,55,0,1,13,0,14,0,19,32,18,69,0,0,0,69
09/18/2020,ABI,TX,ASW,CE,Combined TRACON& Tower with Radar,0,17,40,41,98,0,4,28,2,34,0,21,68,43,132,14,46,60,192
09/19/2020,ABI,TX,ASW,CE,Combined TRACON& Tower with Radar,0,11,21,14,46,0,0,12,0,12,0,11,33,14,58,20,0,20,78
09/20/2020,ABI,TX,ASW,CE,Combined TRACON& Tower with Radar,0,10,15,11,36,0,0,25,0,25,0,10,40,11,61,28,0,28,89
09/21/2020,ABI,TX,ASW,CE,Combined TRACON& Tower with Radar,0,15,20,64,99,0,0,13,12,25,0,15,33,76,124,10,82,92,216
09/22/2020,ABI,TX,ASW,CE,Combined TRACON& Tower with Radar,0,17,25,4,46,0,0,1,1,2,0,17,26,5,48,0,0,0,48
09/23/2020,ABI,TX,ASW,CE,Combined TRACON& Tower with Radar,0,17,19,30,66,0,0,13,0,13,0,17,32,30,79,28,0,28,107
09/24/2020,ABI,TX,ASW,CE,Combined TRACON& Tower with Radar,0,20,19,23,62,0,0,18,2,20,0,20,37,25,82,32,6,38,120
09/25/2020,ABI,TX,ASW,CE,Combined TRACON& Tower with Radar,0,24,31,56,111,0,0,36,2,38,0,24,67,58,149,48,6,54,203
09/26/2020,ABI,TX,ASW,CE,Combined TRACON& Tower with Radar,0,10,22,4,36,0,4,34,0,38,0,14,56,4,74,10,0,10,84
09/27/2020,ABI,TX,ASW,CE,Combined TRACON& Tower with Radar,0,15,12,3,30,0,2,18,1,21,0,17,30,4,51,34,4,38,89
09/28/2020,ABI,TX,ASW,CE,Combined TRACON& Tower with Radar,0,15,15,32,62,0,3,17,0,20,0,18,32,32,82,36,54,90,172
09/29/2020,ABI,TX,ASW,CE,Combined TRACON& Tower with Radar,0,18,22,74,114,0,2,27,17,46,0,20,49,91,160,44,66,110,270
09/30/2020,ABI,TX,ASW,CE,Combined TRACON& Tower with Radar,0,19,29,27,75,0,1,27,0,28,0,20,56,27,103,44,18,62,165
10/01/2020,ABI,TX,ASW,CE,Combined TRACON& Tower with Radar,2,18,23,44,87,2,4,29,15,50,4,22,52,59,137,2,36,38,175
10/02/2020,ABI,TX,ASW,CE,Combined TRACON& Tower with Radar,2,15,15,21,53,0,0,20,4,24,2,15,35,25,77,16,28,44,121
10/03/2020,ABI,TX,ASW,CE,Combined TRACON& Tower with Radar,3,11,9,5,28,0,2,20,0,22,3,13,29,5,50,14,0,14,64
10/04/2020,ABI,TX,ASW,CE,Combined TRACON& Tower with Radar,1,8,4,9,22,0,0,17,3,20,1,8,21,12,42,10,0,10,52
10/05/2020,ABI,TX,ASW,CE,Combined TRACON& Tower with Radar,1,13,10,67,91,0,0,12,7,19,1,13,22,74,110,46,24,70,180
10/06/2020,ABI,TX,ASW,CE,Combined TRACON& Tower with Radar,0,25,24,37,86,0,0,17,6,23,0,25,41,43,109,48,6,54,163
10/07/2020,ABI,TX,ASW,CE,Combined TRACON& Tower with Radar,0,17,10,42,69,0,1,30,13,44,0,18,40,55,113,62,78,140,253
10/08/2020,ABI,TX,ASW,CE,Combined TRACON& Tower with Radar,0,22,34,54,110,0,0,31,14,45,0,22,65,68,155,26,50,76,231
10/09/2020,ABI,TX,ASW,CE,Combined TRACON& Tower with Radar,1,24,22,36,83,0,0,16,5,21,1,24,38,41,104,54,26,80,184
10/10/2020,ABI,TX,ASW,CE,Combined TRACON& Tower with Radar,0,15,20,12,47,0,2,37,2,41,0,17,57,14,88,38,22,60,148
10/11/2020,ABI,TX,ASW,CE,Combined TRACON& Tower with Radar,0,13,13,0,26,0,0,31,0,31,0,13,44,0,57,8,0,8,65
10/12/2020,ABI,TX,ASW,CE,Combined TRACON& Tower with Radar,0,15,15,0,30,0,1,22,0,23,0,16,37,0,53,50,0,50,103
10/13/2020,ABI,TX,ASW,CE,Combined TRACON& Tower with Radar,1,27,24,40,92,0,0,41,1,42,1,27,65,41,134,10,30,40,174
10/14/2020,ABI,TX,ASW,CE,Combined TRACON& Tower with Radar,1,20,14,28,63,0,0,24,7,31,1,20,38,35,94,8,24,32,126
10/15/2020,ABI,TX,ASW,CE,Combined TRACON& Tower with Radar,0,18,17,22,57,0,0,7,18,25,0,18,24,40,82,0,26,26,108
10/16/2020,ABI,TX,ASW,CE,Combined TRACON& Tower with Radar,0,23,30,12,65,0,2,37,10,49,0,25,67,22,114,0,0,0,114
10/17/2020,ABI,TX,ASW,CE,Combined TRACON& Tower with Radar,0,12,9,54,75,0,0,23,4,27,0,12,32,58,102,0,20,20,122
10/18/2020,ABI,TX,ASW,CE,Combined TRACON& Tower with Radar,0,13,21,5,39,0,0,19,9,28,0,13,40,14,67,6,0,6,73
10/19/2020,ABI,TX,ASW,CE,Combined TRACON& Tower with Radar,0,17,14,44,75,0,1,6,8,15,0,18,20,52,90,32,0,32,122
10/20/2020,ABI,TX,ASW,CE,Combined TRACON& Tower with Radar,0,17,19,42,78,0,1,17,3,21,0,18,36,45,99,0,54,54,153
10/21/2020,ABI,TX,ASW,CE,Combined TRACON& Tower with Radar,0,22,29,46,97,0,0,24,5,29,0,22,53,51,126,54,54,108,234
10/22/2020,ABI,TX,ASW,CE,Combined TRACON& Tower with Radar,0,20,26,52,98,0,0,29,18,47,0,20,55,70,145,12,22,34,179
10/23/2020,ABI,TX,ASW,CE,Combined TRACON& Tower with Radar,2,27,17,83,129,0,0,2,1,3,2,27,19,84,132,0,4,4,136
10/24/2020,ABI,TX,ASW,CE,Combined TRACON& Tower with Radar,1,16,15,23,55,0,0,69,11,80,1,16,84,34,135,78,26,104,239
10/25/2020,ABI,TX,ASW,CE,Combined TRACON& Tower with Radar,1,17,30,44,92,0,0,19,1,20,1,17,49,45,112,30,10,40,152
10/26/2020,ABI,TX,ASW,CE,Combined TRACON& Tower with Radar,1,17,5,4,27,0,0,0,0,0,1,17,5,4,27,0,0,0,27
10/27/2020,ABI,TX,ASW,CE,Combined TRACON& Tower with Radar,0,6,0,0,6,0,0,0,0,0,0,6,0,0,6,0,0,0,6
10/28/2020,ABI,TX,ASW,CE,Combined TRACON& Tower with Radar,0,17,14,29,60,0,0,0,1,1,0,17,14,30,61,0,4,4,65
10/29/2020,ABI,TX,ASW,CE,Combined TRACON& Tower with Radar,0,22,22,14,58,0,1,17,3,21,0,23,39,17,79,2,0,2,81
10/30/2020,ABI,TX,ASW,CE,Combined TRACON& Tower with Radar,2,30,45,62,139,0,0,37,11,48,2,30,82,73,187,16,18,34,221
10/31/2020,ABI,TX,ASW,CE,Combined TRACON& Tower with Radar,2,15,2,2,21,0,1,23,0,24,2,16,25,2,45,40,6,46,91
11/01/2020,ABI,TX,ASW,CE,Combined TRACON& Tower with Radar,0,17,15,13,45,0,0,18,0,18,0,17,33,13,63,28,0,28,91
11/02/2020,ABI,TX,ASW,CE,Combined TRACON& Tower with Radar,0,24,6,34,64,0,1,32,6,39,0,25,38,40,103,18,0,18,121
11/03/2020,ABI,TX,ASW,CE,Combined TRACON& Tower with Radar,0,36,13,25,74,0,0,16,10,26,0,36,29,35,100,6,6,12,112
11/04/2020,ABI,TX,ASW,CE,Combined TRACON& Tower with Radar,1,20,18,42,81,0,0,28,7,35,1,20,46,49,116,14,22,36,152
11/05/2020,ABI,TX,ASW,CE,Combined TRACON& Tower with Radar,3,19,15,48,85,0,2,30,7,39,3,21,45,55,124,34,6,40,164
11/06/2020,ABI,TX,ASW,CE,Combined TRACON& Tower with Radar,2,27,33,51,113,0,2,34,8,44,2,29,67,59,157,14,30,44,201
11/07/2020,ABI,TX,ASW,CE,Combined TRACON& Tower with Radar,0,25,16,3,44,0,0,45,2,47,0,25,61,5,91,28,0,28,119
11/08/2020,ABI,TX,ASW,CE,Combined TRACON& Tower with Radar,0,20,18,24,62,0,0,12,1,13,0,20,30,25,75,0,0,0,75
11/09/2020,ABI,TX,ASW,CE,Combined TRACON& Tower with Radar,0,18,24,59,101,0,0,21,3,24,0,18,45,62,125,8,62,70,195
11/10/2020,ABI,TX,ASW,CE,Combined TRACON& Tower with Radar,0,19,28,30,77,0,0,27,1,28,0,19,55,31,105,0,36,36,141
11/11/2020,ABI,TX,ASW,CE,Combined TRACON& Tower with Radar,0,22,29,4,55,0,1,39,4,44,0,23,68,8,99,22,0,22,121
11/12/2020,ABI,TX,ASW,CE,Combined TRACON& Tower with Radar,0,24,28,33,85,0,0,28,2,30,0,24,56,35,115,16,46,62,177
11/13/2020,ABI,TX,ASW,CE,Combined TRACON& Tower with Radar,0,24,19,25,68,0,0,10,0,10,0,24,29,25,78,10,10,20,98
11/14/2020,ABI,TX,ASW,CE,Combined TRACON& Tower with Radar,0,23,6,2,31,0,0,5,0,5,0,23,11,2,36,0,0,0,36
11/15/2020,ABI,TX,ASW,CE,Combined TRACON& Tower with Radar,0,18,43,34,95,0,0,33,6,39,0,18,76,40,134,0,0,0,134
11/16/2020,ABI,TX,ASW,CE,Combined TRACON& Tower with Radar,0,23,17,34,74,0,0,21,7,28,0,23,38,41,102,0,20,20,122
11/17/2020,ABI,TX,ASW,CE,Combined TRACON& Tower with Radar,0,24,29,8,61,0,4,38,3,45,0,28,67,11,106,42,30,72,178
11/18/2020,ABI,TX,ASW,CE,Combined TRACON& Tower with Radar,0,23,22,29,74,0,0,24,2,26,0,23,46,31,100,6,6,12,112
11/19/2020,ABI,TX,ASW,CE,Combined TRACON& Tower with Radar,0,26,46,29,101,0,0,28,3,31,0,26,74,32,132,4,76,80,212
11/20/2020,ABI,TX,ASW,CE,Combined TRACON& Tower with Radar,4,27,33,29,93,0,0,27,1,28,4,27,60,30,121,28,14,42,163
11/21/2020,ABI,TX,ASW,CE,Combined TRACON& Tower with Radar,1,21,27,20,69,0,4,28,3,35,1,25,55,23,104,42,14,56,160
11/22/2020,ABI,TX,ASW,CE,Combined TRACON& Tower with Radar,1,20,14,11,46,0,0,3,0,3,1,20,17,11,49,0,0,0,49
11/23/2020,ABI,TX,ASW,CE,Combined TRACON& Tower with Radar,1,19,22,64,106,0,0,8,3,11,1,19,30,67,117,6,56,62,179
11/24/2020,ABI,TX,ASW,CE,Combined TRACON& Tower with Radar,6,22,13,18,59,0,3,8,2,13,6,25,21,20,72,0,10,10,82
11/25/2020,ABI,TX,ASW,CE,Combined TRACON& Tower with Radar,1,25,19,11,56,0,0,39,4,43,1,25,58,15,99,32,36,68,167
11/26/2020,ABI,TX,ASW,CE,Combined TRACON& Tower with Radar,0,6,6,0,12,0,2,15,0,17,0,8,21,0,29,4,0,4,33
11/27/2020,ABI,TX,ASW,CE,Combined TRACON& Tower with Radar,0,21,10,0,31,0,0,14,0,14,0,21,24,0,45,26,0,26,71
11/28/2020,ABI,TX,ASW,CE,Combined TRACON& Tower with Radar,0,18,7,0,25,0,0,0,0,0,0,18,7,0,25,0,0,0,25
11/29/2020,ABI,TX,ASW,CE,Combined TRACON& Tower with Radar,0,20,26,0,46,0,0,2,2,4,0,20,28,2,50,0,0,0,50
11/30/2020,ABI,TX,ASW,CE,Combined TRACON& Tower with Radar,1,26,16,18,61,0,1,32,3,36,1,27,48,21,97,24,62,86,183
12/01/2020,ABI,TX,ASW,CE,Combined TRACON& Tower with Radar,1,21,10,36,68,0,2,17,8,27,1,23,27,44,95,0,14,14,109
12/02/2020,ABI,TX,ASW,CE,Combined TRACON& Tower with Radar,0,21,21,18,60,0,0,8,6,14,0,21,29,24,74,2,0,2,76
12/03/2020,ABI,TX,ASW,CE,Combined TRACON& Tower with Radar,14,22,11,4,51,0,1,7,0,8,14,23,18,4,59,0,0,0,59
12/04/2020,ABI,TX,ASW,CE,Combined TRACON& Tower with Radar,0,27,22,39,88,0,4,32,1,37,0,31,54,40,125,6,12,18,143
12/05/2020,ABI,TX,ASW,CE,Combined TRACON& Tower with Radar,2,23,12,30,67,0,4,19,8,31,2,27,31,38,98,6,14,20,118
12/06/2020,ABI,TX,ASW,CE,Combined TRACON& Tower with Radar,0,16,13,4,33,0,2,19,2,23,0,18,32,6,56,0,0,0,56
12/07/2020,ABI,TX,ASW,CE,Combined TRACON& Tower with Radar,1,28,19,20,68,0,3,36,10,49,1,31,55,30,117,4,20,24,141
12/08/2020,ABI,TX,ASW,CE,Combined TRACON& Tower with Radar,0,24,37,20,81,0,2,22,0,24,0,26,59,20,105,0,44,44,149
12/09/2020,ABI,TX,ASW,CE,Combined TRACON& Tower with Radar,0,20,26,12,58,0,0,32,5,37,0,20,58,17,95,36,0,36,131
12/10/2020,ABI,TX,ASW,CE,Combined TRACON& Tower with Radar,2,27,18,26,73,0,3,30,4,37,2,30,48,30,110,32,56,88,198
12/11/2020,ABI,TX,ASW,CE,Combined TRACON& Tower with Radar,0,27,16,59,102,0,0,20,5,25,0,27,36,64,127,8,50,58,185
12/12/2020,ABI,TX,ASW,CE,Combined TRACON& Tower with Radar,0,21,14,5,40,0,0,25,3,28,0,21,39,8,68,66,0,66,134
12/13/2020,ABI,TX,ASW,CE,Combined TRACON& Tower with Radar,8,19,6,0,33,0,0,0,0,0,8,19,6,0,33,0,0,0,33
12/14/2020,ABI,TX,ASW,CE,Combined TRACON& Tower with Radar,0,31,22,20,73,0,1,25,3,29,0,32,47,23,102,42,40,82,184
12/15/2020,ABI,TX,ASW,CE,Combined TRACON& Tower with Radar,0,28,7,46,81,0,1,6,3,10,0,29,13,49,91,0,62,62,153
12/16/2020,ABI,TX,ASW,CE,Combined TRACON& Tower with Radar,1,24,31,14,70,0,2,27,3,32,1,26,58,17,102,24,4,28,130
12/17/2020,ABI,TX,ASW,CE,Combined TRACON& Tower with Radar,1,40,37,14,92,0,3,34,0,37,1,43,71,14,129,22,36,58,187
12/18/2020,ABI,TX,ASW,CE,Combined TRACON& Tower with Radar,0,27,39,40,106,0,3,17,2,22,0,30,56,42,128,12,42,54,182
12/19/2020,ABI,TX,ASW,CE,Combined TRACON& Tower with Radar,1,23,11,0,35,0,0,14,0,14,1,23,25,0,49,46,0,46,95
12/20/2020,ABI,TX,ASW,CE,Combined TRACON& Tower with Radar,0,19,25,0,44,0,1,104,0,105,0,20,129,0,149,0,0,0,149
12/21/2020,ABI,TX,ASW,CE,Combined TRACON& Tower with Radar,0,25,9,8,42,0,1,20,0,21,0,26,29,8,63,36,26,62,125
12/22/2020,ABI,TX,ASW,CE,Combined TRACON& Tower with Radar,1,30,14,30,75,0,0,15,0,15,1,30,29,30,90,0,38,38,128
12/23/2020,ABI,TX,ASW,CE,Combined TRACON& Tower with Radar,1,26,16,0,43,0,0,16,0,16,1,26,32,0,59,6,0,6,65
12/24/2020,ABI,TX,ASW,CE,Combined TRACON& Tower with Radar,3,21,3,0,27,0,0,14,0,14,3,21,17,0,41,0,0,0,41
12/25/2020,ABI,TX,ASW,CE,Combined TRACON& Tower with Radar,0,9,2,0,11,0,0,15,0,15,0,9,17,0,26,0,0,0,26
12/26/2020,ABI,TX,ASW,CE,Combined TRACON& Tower with Radar,0,24,12,0,36,0,0,33,0,33,0,24,45,0,69,28,0,28,97
12/27/2020,ABI,TX,ASW,CE,Combined TRACON& Tower with Radar,0,22,18,0,40,0,0,32,0,32,0,22,50,0,72,0,0,0,72
12/28/2020,ABI,TX,ASW,CE,Combined TRACON& Tower with Radar,0,21,20,0,41,0,0,6,0,6,0,21,26,0,47,18,0,18,65
12/29/2020,ABI,TX,ASW,CE,Combined TRACON& Tower with Radar,1,30,25,0,56,0,0,2,0,2,1,30,27,0,58,0,0,0,58
12/30/2020,ABI,TX,ASW,CE,Combined TRACON& Tower with Radar,2,23,8,0,33,0,0,0,0,0,2,23,8,0,33,0,0,0,33
12/31/2020,ABI,TX,ASW,CE,Combined TRACON& Tower with Radar,0,7,1,0,8,0,0,0,0,0,0,7,1,0,8,0,0,0,8
01/01/2021,ABI,TX,ASW,CE,Combined TRACON& Tower with Radar,1,10,5,0,16,0,0,11,1,12,1,10,16,1,28,0,0,0,28
01/02/2021,ABI,TX,ASW,CE,Combined TRACON& Tower with Radar,0,19,17,0,36,0,0,32,0,32,0,19,49,0,68,24,0,24,92
01/03/2021,ABI,TX,ASW,CE,Combined TRACON& Tower with Radar,1,15,8,0,24,0,1,38,0,39,1,16,46,0,63,0,0,0,63
01/04/2021,ABI,TX,ASW,CE,Combined TRACON& Tower with Radar,2,17,20,0,39,0,1,20,1,22,2,18,40,1,61,14,0,14,75
01/05/2021,ABI,TX,ASW,CE,Combined TRACON& Tower with Radar,1,19,26,22,68,0,0,35,0,35,1,19,61,22,103,20,0,20,123
01/06/2021,ABI,TX,ASW,CE,Combined TRACON& Tower with Radar,0,21,20,23,64,0,0,11,1,12,0,21,31,24,76,6,42,48,124
01/07/2021,ABI,TX,ASW,CE,Combined TRACON& Tower with Radar,0,23,24,19,66,0,0,20,3,23,0,23,44,22,89,14,4,18,107
01/08/2021,ABI,TX,ASW,CE,Combined TRACON& Tower with Radar,0,23,24,10,57,0,0,4,0,4,0,23,28,10,61,0,0,0,61
01/09/2021,ABI,TX,ASW,CE,Combined TRACON& Tower with Radar,0,20,12,10,42,0,0,10,0,10,0,20,22,10,52,12,0,12,64
01/10/2021,ABI,TX,ASW,CE,Combined TRACON& Tower with Radar,0,3,0,0,3,0,0,0,0,0,0,3,0,0,3,0,0,0,3
01/11/2021,ABI,TX,ASW,CE,Combined TRACON& Tower with Radar,2,14,10,4,30,0,0,8,0,8,2,14,18,4,38,0,0,0,38
01/12/2021,ABI,TX,ASW,CE,Combined TRACON& Tower with Radar,0,20,22,52,94,0,0,25,1,26,0,20,47,53,120,14,36,50,170
01/13/2021,ABI,TX,ASW,CE,Combined TRACON& Tower with Radar,0,29,34,13,76,0,2,45,0,47,0,31,79,13,123,18,10,28,151
01/14/2021,ABI,TX,ASW,CE,Combined TRACON& Tower with Radar,0,18,14,2,34,0,0,13,1,14,0,18,27,3,48,0,38,38,86
01/15/2021,ABI,TX,ASW,CE,Combined TRACON& Tower with Radar,2,20,26,9,57,0,0,20,3,23,2,20,46,12,80,0,0,0,80
01/16/2021,ABI,TX,ASW,CE,Combined TRACON& Tower with Radar,2,12,6,0,20,0,2,58,3,63,2,14,64,3,83,26,0,26,109
01/17/2021,ABI,TX,ASW,CE,Combined TRACON& Tower with Radar,0,14,15,4,33,0,3,30,0,33,0,17,45,4,66,28,0,28,94
01/18/2021,ABI,TX,ASW,CE,Combined TRACON& Tower with Radar,0,13,17,0,30,0,0,21,0,21,0,13,38,0,51,6,0,6,57
01/19/2021,ABI,TX,ASW,CE,Combined TRACON& Tower with Radar,1,27,16,21,65,0,0,11,2,13,1,27,27,23,78,10,26,36,114
01/20/2021,ABI,TX,ASW,CE,Combined TRACON& Tower with Radar,1,19,11,2,33,0,1,0,0,1,1,20,11,2,34,0,0,0,34
01/21/2021,ABI,TX,ASW,CE,Combined TRACON& Tower with Radar,1,22,32,38,93,0,1,5,1,7,1,23,37,39,100,12,42,54,154
01/22/2021,ABI,TX,ASW,CE,Combined TRACON& Tower with Radar,1,24,13,3,41,0,0,0,0,0,1,24,13,3,41,0,0,0,41
01/23/2021,ABI,TX,ASW,CE,Combined TRACON& Tower with Radar,0,15,10,6,31,0,0,0,0,0,0,15,10,6,31,0,0,0,31
01/24/2021,ABI,TX,ASW,CE,Combined TRACON& Tower with Radar,0,18,13,2,33,0,0,0,0,0,0,18,13,2,33,0,0,0,33
01/25/2021,ABI,TX,ASW,CE,Combined TRACON& Tower with Radar,0,17,12,19,48,0,0,17,1,18,0,17,29,20,66,4,8,12,78
01/26/2021,ABI,TX,ASW,CE,Combined TRACON& Tower with Radar,0,16,34,19,69,0,1,30,1,32,0,17,64,20,101,12,28,40,141
01/27/2021,ABI,TX,ASW,CE,Combined TRACON& Tower with Radar,1,26,32,53,112,0,1,46,12,59,1,27,78,65,171,54,22,76,247
01/28/2021,ABI,TX,ASW,CE,Combined TRACON& Tower with Radar,1,21,33,39,94,0,4,27,5,36,1,25,60,44,130,24,92,116,246
01/29/2021,ABI,TX,ASW,CE,Combined TRACON& Tower with Radar,1,24,21,22,68,0,5,14,4,23,1,29,35,26,91,12,18,30,121
01/30/2021,ABI,TX,ASW,CE,Combined TRACON& Tower with Radar,0,17,8,0,25,0,1,6,0,7,0,18,14,0,32,0,0,0,32
01/31/2021,ABI,TX,ASW,CE,Combined TRACON& Tower with Radar,0,19,16,7,42,0,4,25,11,40,0,23,41,18,82,12,24,36,118
02/01/2021,ABI,TX,ASW,CE,Combined TRACON& Tower with Radar,0,20,16,31,67,0,7,22,10,39,0,27,38,41,106,32,0,32,138
02/02/2021,ABI,TX,ASW,CE,Combined TRACON& Tower with Radar,4,19,27,31,81,0,1,21,4,26,4,20,48,35,107,22,12,34,141
02/03/2021,ABI,TX,ASW,CE,Combined TRACON& Tower with Radar,0,20,25,25,70,0,0,29,12,41,0,20,54,37,111,26,36,62,173
02/04/2021,ABI,TX,ASW,CE,Combined TRACON& Tower with Radar,0,19,19,61,99,0,0,27,2,29,0,19,46,63,128,6,14,20,148
02/05/2021,ABI,TX,ASW,CE,Combined TRACON& Tower with Radar,0,21,44,59,124,0,0,33,3,36,0,21,77,62,160,16,44,60,220
02/06/2021,ABI,TX,ASW,CE,Combined TRACON& Tower with Radar,1,14,13,39,67,0,2,27,6,35,1,16,40,45,102,36,4,40,142
02/07/2021,ABI,TX,ASW,CE,Combined TRACON& Tower with Radar,0,12,9,15,36,0,0,13,2,15,0,12,22,17,51,4,0,4,55
02/08/2021,ABI,TX,ASW,CE,Combined TRACON& Tower with Radar,0,16,24,61,101,0,0,13,4,17,0,16,37,65,118,26,40,66,184
02/09/2021,ABI,TX,ASW,CE,Combined TRACON& Tower with Radar,0,17,16,7,40,0,0,0,0,0,0,17,16,7,40,0,0,0,40
02/10/2021,ABI,TX,ASW,CE,Combined TRACON& Tower with Radar,0,12,3,0,15,0,0,0,0,0,0,12,3,0,15,0,0,0,15
02/11/2021,ABI,TX,ASW,CE,Combined TRACON& Tower with Radar,0,14,0,0,14,0,0,0,0,0,0,14,0,0,14,0,0,0,14
02/12/2021,ABI,TX,ASW,CE,Combined TRACON& Tower with Radar,0,21,6,0,27,0,0,0,0,0,0,21,6,0,27,0,0,0,27
02/13/2021,ABI,TX,ASW,CE,Combined TRACON& Tower with Radar,0,10,6,0,16,0,0,0,0,0,0,10,6,0,16,0,0,0,16
02/14/2021,ABI,TX,ASW,CE,Combined TRACON& Tower with Radar,0,0,0,0,0,0,0,0,0,0,0,0,0,0,0,0,0,0,0
02/15/2021,ABI,TX,ASW,CE,Combined TRACON& Tower with Radar,0,0,0,0,0,0,0,0,0,0,0,0,0,0,0,0,0,0,0
02/16/2021,ABI,TX,ASW,CE,Combined TRACON& Tower with Radar,0,0,0,0,0,0,0,0,1,1,0,0,0,1,1,0,0,0,1
02/17/2021,ABI,TX,ASW,CE,Combined TRACON& Tower with Radar,0,0,0,0,0,0,0,0,0,0,0,0,0,0,0,0,0,0,0
02/18/2021,ABI,TX,ASW,CE,Combined TRACON& Tower with Radar,0,3,3,0,6,0,0,3,0,3,0,3,6,0,9,0,0,0,9
02/19/2021,ABI,TX,ASW,CE,Combined TRACON& Tower with Radar,0,20,20,2,42,0,0,15,2,17,0,20,35,4,59,0,0,0,59
02/20/2021,ABI,TX,ASW,CE,Combined TRACON& Tower with Radar,0,13,5,2,20,0,0,18,0,18,0,13,23,2,38,16,0,16,54
02/21/2021,ABI,TX,ASW,CE,Combined TRACON& Tower with Radar,0,12,15,2,29,0,0,17,0,17,0,12,32,2,46,20,0,20,66
02/22/2021,ABI,TX,ASW,CE,Combined TRACON& Tower with Radar,1,25,25,32,83,0,1,14,5,20,1,26,39,37,103,0,0,0,103
02/23/2021,ABI,TX,ASW,CE,Combined TRACON& Tower with Radar,1,21,18,16,56,0,2,15,2,19,1,23,33,18,75,0,8,8,83
02/24/2021,ABI,TX,ASW,CE,Combined TRACON& Tower with Radar,0,30,29,64,123,0,0,38,28,66,0,30,67,92,189,38,40,78,267
02/25/2021,ABI,TX,ASW,CE,Combined TRACON& Tower with Radar,5,19,12,20,56,0,0,5,0,5,5,19,17,20,61,0,12,12,73
02/26/2021,ABI,TX,ASW,CE,Combined TRACON& Tower with Radar,0,27,19,44,90,0,0,2,2,4,0,27,21,46,94,8,0,8,102
02/27/2021,ABI,TX,ASW,CE,Combined TRACON& Tower with Radar,0,22,17,6,45,0,0,9,0,9,0,22,26,6,54,40,0,40,94
02/28/2021,ABI,TX,ASW,CE,Combined TRACON& Tower with Radar,4,12,14,13,43,0,0,10,0,10,4,12,24,13,53,30,0,30,83
03/01/2021,ABI,TX,ASW,CE,Combined TRACON& Tower with Radar,2,16,29,53,100,0,0,14,0,14,2,16,43,53,114,0,30,30,144
03/02/2021,ABI,TX,ASW,CE,Combined TRACON& Tower with Radar,0,25,15,28,68,0,2,39,9,50,0,27,54,37,118,36,40,76,194
03/03/2021,ABI,TX,ASW,CE,Combined TRACON& Tower with Radar,0,19,16,13,48,0,3,27,0,30,0,22,43,13,78,28,26,54,132
03/04/2021,ABI,TX,ASW,CE,Combined TRACON& Tower with Radar,2,26,19,26,73,0,0,17,3,20,2,26,36,29,93,16,44,60,153
03/05/2021,ABI,TX,ASW,CE,Combined TRACON& Tower with Radar,1,27,34,11,73,0,0,4,8,12,1,27,38,19,85,6,42,48,133
03/06/2021,ABI,TX,ASW,CE,Combined TRACON& Tower with Radar,0,19,14,0,33,0,0,43,3,46,0,19,57,3,79,20,0,20,99
03/07/2021,ABI,TX,ASW,CE,Combined TRACON& Tower with Radar,0,18,9,0,27,0,1,21,4,26,0,19,30,4,53,14,0,14,67
03/08/2021,ABI,TX,ASW,CE,Combined TRACON& Tower with Radar,0,20,23,18,61,0,0,25,0,25,0,20,48,18,86,0,6,6,92
03/09/2021,ABI,TX,ASW,CE,Combined TRACON& Tower with Radar,0,21,12,4,37,0,1,4,0,5,0,22,16,4,42,0,0,0,42
03/10/2021,ABI,TX,ASW,CE,Combined TRACON& Tower with Radar,0,31,33,41,105,0,0,0,6,6,0,31,33,47,111,0,0,0,111
03/11/2021,ABI,TX,ASW,CE,Combined TRACON& Tower with Radar,0,35,23,40,98,0,0,17,1,18,0,35,40,41,116,0,68,68,184
03/12/2021,ABI,TX,ASW,CE,Combined TRACON& Tower with Radar,0,29,25,58,112,0,2,9,4,15,0,31,34,62,127,12,68,80,207
03/13/2021,ABI,TX,ASW,CE,Combined TRACON& Tower with Radar,0,21,10,3,34,0,0,1,0,1,0,21,11,3,35,0,0,0,35
03/14/2021,ABI,TX,ASW,CE,Combined TRACON& Tower with Radar,0,18,19,0,37,0,0,4,8,12,0,18,23,8,49,10,0,10,59
03/15/2021,ABI,TX,ASW,CE,Combined TRACON& Tower with Radar,0,20,13,37,70,0,0,27,1,28,0,20,40,38,98,10,44,54,152
03/16/2021,ABI,TX,ASW,CE,Combined TRACON& Tower with Radar,0,21,19,16,56,0,1,19,0,20,0,22,38,16,76,24,44,68,144
03/17/2021,ABI,TX,ASW,CE,Combined TRACON& Tower with Radar,0,13,5,1,19,0,0,2,4,6,0,13,7,5,25,0,0,0,25
03/18/2021,ABI,TX,ASW,CE,Combined TRACON& Tower with Radar,2,23,23,45,93,0,2,34,7,43,2,25,57,52,136,28,30,58,194
03/19/2021,ABI,TX,ASW,CE,Combined TRACON& Tower with Radar,0,24,25,3,52,0,0,31,3,34,0,24,56,6,86,28,44,72,158
03/20/2021,ABI,TX,ASW,CE,Combined TRACON& Tower with Radar,0,22,16,40,78,0,1,36,7,44,0,23,52,47,122,42,26,68,190
03/21/2021,ABI,TX,ASW,CE,Combined TRACON& Tower with Radar,0,16,15,19,50,0,0,24,3,27,0,16,39,22,77,0,28,28,105
03/22/2021,ABI,TX,ASW,CE,Combined TRACON& Tower with Radar,2,24,7,0,33,0,0,0,0,0,2,24,7,0,33,0,0,0,33
03/23/2021,ABI,TX,ASW,CE,Combined TRACON& Tower with Radar,2,27,25,34,88,0,2,30,4,36,2,29,55,38,124,14,70,84,208
03/24/2021,ABI,TX,ASW,CE,Combined TRACON& Tower with Radar,0,26,24,17,67,0,2,15,0,17,0,28,39,17,84,0,0,0,84
03/25/2021,ABI,TX,ASW,CE,Combined TRACON& Tower with Radar,1,29,25,39,94,0,0,35,9,44,1,29,60,48,138,38,100,138,276
03/26/2021,ABI,TX,ASW,CE,Combined TRACON& Tower with Radar,0,29,49,38,116,0,0,21,7,28,0,29,70,45,144,0,0,0,144
03/27/2021,ABI,TX,ASW,CE,Combined TRACON& Tower with Radar,0,25,21,39,85,0,1,40,8,49,0,26,61,47,134,72,50,122,256
03/28/2021,ABI,TX,ASW,CE,Combined TRACON& Tower with Radar,4,15,17,29,65,0,3,20,5,28,4,18,37,34,93,26,18,44,137
03/29/2021,ABI,TX,ASW,CE,Combined TRACON& Tower with Radar,1,21,19,10,51,0,0,15,3,18,1,21,34,13,69,4,0,4,73
03/30/2021,ABI,TX,ASW,CE,Combined TRACON& Tower with Radar,0,23,30,13,66,0,0,22,4,26,0,23,52,17,92,10,0,10,102
03/31/2021,ABI,TX,ASW,CE,Combined TRACON& Tower with Radar,1,25,25,46,97,0,0,19,4,23,1,25,44,50,120,0,0,0,120
04/01/2021,ABI,TX,ASW,CE,Combined TRACON& Tower with Radar,0,33,16,13,62,0,2,44,2,48,0,35,60,15,110,40,56,96,206
04/02/2021,ABI,TX,ASW,CE,Combined TRACON& Tower with Radar,0,24,38,39,101,0,0,34,6,40,0,24,72,45,141,32,0,32,173
04/03/2021,ABI,TX,ASW,CE,Combined TRACON& Tower with Radar,0,16,13,0,29,0,0,19,0,19,0,16,32,0,48,52,0,52,100
04/04/2021,ABI,TX,ASW,CE,Combined TRACON& Tower with Radar,0,17,12,0,29,0,0,4,0,4,0,17,16,0,33,0,0,0,33
04/05/2021,ABI,TX,ASW,CE,Combined TRACON& Tower with Radar,1,24,35,7,67,0,2,18,3,23,1,26,53,10,90,2,62,64,154
04/06/2021,ABI,TX,ASW,CE,Combined TRACON& Tower with Radar,1,21,34,14,70,0,0,9,4,13,1,21,43,18,83,2,22,24,107
04/07/2021,ABI,TX,ASW,CE,Combined TRACON& Tower with Radar,0,21,22,21,64,0,4,25,8,37,0,25,47,29,101,36,38,74,175
04/08/2021,ABI,TX,ASW,CE,Combined TRACON& Tower with Radar,0,26,25,13,64,0,2,37,0,39,0,28,62,13,103,30,2,32,135
04/09/2021,ABI,TX,ASW,CE,Combined TRACON& Tower with Radar,0,24,28,23,75,0,1,11,5,17,0,25,39,28,92,28,22,50,142
04/10/2021,ABI,TX,ASW,CE,Combined TRACON& Tower with Radar,0,16,26,20,62,0,1,36,3,40,0,17,62,23,102,78,20,98,200
04/11/2021,ABI,TX,ASW,CE,Combined TRACON& Tower with Radar,1,14,22,11,48,0,0,17,6,23,1,14,39,17,71,4,26,30,101
04/12/2021,ABI,TX,ASW,CE,Combined TRACON& Tower with Radar,0,20,22,15,57,0,3,19,0,22,0,23,41,15,79,8,52,60,139
04/13/2021,ABI,TX,ASW,CE,Combined TRACON& Tower with Radar,2,25,18,34,79,0,0,10,0,10,2,25,28,34,89,22,0,22,111
04/14/2021,ABI,TX,ASW,CE,Combined TRACON& Tower with Radar,2,20,57,7,86,0,0,2,0,2,2,20,59,7,88,2,2,4,92
04/15/2021,ABI,TX,ASW,CE,Combined TRACON& Tower with Radar,0,25,22,0,47,0,0,0,0,0,0,25,22,0,47,0,0,0,47
04/16/2021,ABI,TX,ASW,CE,Combined TRACON& Tower with Radar,2,27,10,2,41,0,0,0,0,0,2,27,10,2,41,0,0,0,41
04/17/2021,ABI,TX,ASW,CE,Combined TRACON& Tower with Radar,2,21,13,0,36,0,2,13,0,15,2,23,26,0,51,36,0,36,87
04/18/2021,ABI,TX,ASW,CE,Combined TRACON& Tower with Radar,0,19,11,1,31,0,0,16,3,19,0,19,27,4,50,4,0,4,54
04/19/2021,ABI,TX,ASW,CE,Combined TRACON& Tower with Radar,0,20,20,27,67,0,0,30,3,33,0,20,50,30,100,12,8,20,120
04/20/2021,ABI,TX,ASW,CE,Combined TRACON& Tower with Radar,0,24,28,62,114,0,0,23,4,27,0,24,51,66,141,40,14,54,195
04/21/2021,ABI,TX,ASW,CE,Combined TRACON& Tower with Radar,0,24,25,71,120,0,0,20,5,25,0,24,45,76,145,0,52,52,197
04/22/2021,ABI,TX,ASW,CE,Combined TRACON& Tower with Radar,0,30,19,35,84,0,0,5,0,5,0,30,24,35,89,0,16,16,105
04/23/2021,ABI,TX,ASW,CE,Combined TRACON& Tower with Radar,15,30,21,20,86,0,1,4,0,5,15,31,25,20,91,0,0,0,91
04/24/2021,ABI,TX,ASW,CE,Combined TRACON& Tower with Radar,0,16,15,46,77,0,0,31,1,32,0,16,46,47,109,14,2,16,125
04/25/2021,ABI,TX,ASW,CE,Combined TRACON& Tower with Radar,0,17,10,4,31,0,0,31,0,31,0,17,41,4,62,0,0,0,62
04/26/2021,ABI,TX,ASW,CE,Combined TRACON& Tower with Radar,1,18,14,7,40,0,0,18,1,19,1,18,32,8,59,0,0,0,59
04/27/2021,ABI,TX,ASW,CE,Combined TRACON& Tower with Radar,0,21,25,19,65,0,0,6,2,8,0,21,31,21,73,0,0,0,73
04/28/2021,ABI,TX,ASW,CE,Combined TRACON& Tower with Radar,7,19,17,2,45,0,0,3,0,3,7,19,20,2,48,0,0,0,48
04/29/2021,ABI,TX,ASW,CE,Combined TRACON& Tower with Radar,1,26,24,11,62,0,0,0,0,0,1,26,24,11,62,0,0,0,62
04/30/2021,ABI,TX,ASW,CE,Combined TRACON& Tower with Radar,0,25,14,12,51,0,0,16,0,16,0,25,30,12,67,0,36,36,103
05/01/2021,ABI,TX,ASW,CE,Combined TRACON& Tower with Radar,0,18,4,3,25,0,0,2,0,2,0,18,6,3,27,2,0,2,29
05/02/2021,ABI,TX,ASW,CE,Combined TRACON& Tower with Radar,2,20,16,8,46,0,2,26,4,32,2,22,42,12,78,34,0,34,112
05/03/2021,ABI,TX,ASW,CE,Combined TRACON& Tower with Radar,2,20,30,26,78,0,1,15,9,25,2,21,45,35,103,0,50,50,153
05/04/2021,ABI,TX,ASW,CE,Combined TRACON& Tower with Radar,5,21,41,50,117,0,0,10,4,14,5,21,51,54,131,30,86,116,247
05/05/2021,ABI,TX,ASW,CE,Combined TRACON& Tower with Radar,3,22,40,19,84,0,1,30,1,32,3,23,70,20,116,16,8,24,140
05/06/2021,ABI,TX,ASW,CE,Combined TRACON& Tower with Radar,0,27,30,18,75,0,0,43,1,44,0,27,73,19,119,38,22,60,179
05/07/2021,ABI,TX,ASW,CE,Combined TRACON& Tower with Radar,2,28,24,11,65,0,2,30,1,33,2,30,54,12,98,0,0,0,98
05/08/2021,ABI,TX,ASW,CE,Combined TRACON& Tower with Radar,2,14,9,21,46,0,0,21,7,28,2,14,30,28,74,0,68,68,142
05/09/2021,ABI,TX,ASW,CE,Combined TRACON& Tower with Radar,0,21,15,0,36,0,0,19,0,19,0,21,34,0,55,6,0,6,61
05/10/2021,ABI,TX,ASW,CE,Combined TRACON& Tower with Radar,7,19,16,2,44,0,0,1,0,1,7,19,17,2,45,0,0,0,45
05/11/2021,ABI,TX,ASW,CE,Combined TRACON& Tower with Radar,5,23,11,2,41,0,0,0,0,0,5,23,11,2,41,0,0,0,41
05/12/2021,ABI,TX,ASW,CE,Combined TRACON& Tower with Radar,4,22,26,22,74,0,0,9,1,10,4,22,35,23,84,12,0,12,96
05/13/2021,ABI,TX,ASW,CE,Combined TRACON& Tower with Radar,1,24,30,19,74,0,0,18,2,20,1,24,48,21,94,8,6,14,108
05/14/2021,ABI,TX,ASW,CE,Combined TRACON& Tower with Radar,0,31,34,41,106,0,1,18,7,26,0,32,52,48,132,4,52,56,188
05/15/2021,ABI,TX,ASW,CE,Combined TRACON& Tower with Radar,0,22,27,1,50,0,0,7,0,7,0,22,34,1,57,6,0,6,63
05/16/2021,ABI,TX,ASW,CE,Combined TRACON& Tower with Radar,2,21,18,6,47,0,0,27,0,27,2,21,45,6,74,50,0,50,124
05/17/2021,ABI,TX,ASW,CE,Combined TRACON& Tower with Radar,0,15,20,6,41,0,0,10,1,11,0,15,30,7,52,28,0,28,80
05/18/2021,ABI,TX,ASW,CE,Combined TRACON& Tower with Radar,1,23,25,16,65,0,0,7,2,9,1,23,32,18,74,14,26,40,114
05/19/2021,ABI,TX,ASW,CE,Combined TRACON& Tower with Radar,4,24,25,36,89,0,2,10,2,14,4,26,35,38,103,14,30,44,147
05/20/2021,ABI,TX,ASW,CE,Combined TRACON& Tower with Radar,0,24,26,60,110,0,0,17,7,24,0,24,43,67,134,62,84,146,280
05/21/2021,ABI,TX,ASW,CE,Combined TRACON& Tower with Radar,0,23,32,36,91,0,0,22,2,24,0,23,54,38,115,16,18,34,149
05/22/2021,ABI,TX,ASW,CE,Combined TRACON& Tower with Radar,0,18,18,20,56,0,0,8,0,8,0,18,26,20,64,12,8,20,84
05/23/2021,ABI,TX,ASW,CE,Combined TRACON& Tower with Radar,3,17,27,4,51,0,0,7,0,7,3,17,34,4,58,46,0,46,104
05/24/2021,ABI,TX,ASW,CE,Combined TRACON& Tower with Radar,6,22,22,24,74,0,0,14,1,15,6,22,36,25,89,66,22,88,177
05/25/2021,ABI,TX,ASW,CE,Combined TRACON& Tower with Radar,0,27,17,16,60,0,1,15,1,17,0,28,32,17,77,2,0,2,79
05/26/2021,ABI,TX,ASW,CE,Combined TRACON& Tower with Radar,0,25,35,47,107,0,1,26,9,36,0,26,61,56,143,16,46,62,205
05/27/2021,ABI,TX,ASW,CE,Combined TRACON& Tower with Radar,0,30,34,35,99,0,0,14,0,14,0,30,48,35,113,28,0,28,141
05/28/2021,ABI,TX,ASW,CE,Combined TRACON& Tower with Radar,2,32,14,6,54,0,1,4,0,5,2,33,18,6,59,10,0,10,69
05/29/2021,ABI,TX,ASW,CE,Combined TRACON& Tower with Radar,0,19,11,0,30,0,0,29,1,30,0,19,40,1,60,104,0,104,164
05/30/2021,ABI,TX,ASW,CE,Combined TRACON& Tower with Radar,0,22,12,0,34,0,0,11,0,11,0,22,23,0,45,8,0,8,53
05/31/2021,ABI,TX,ASW,CE,Combined TRACON& Tower with Radar,2,14,10,0,26,0,0,2,0,2,2,14,12,0,28,0,0,0,28
06/01/2021,ABI,TX,ASW,CE,Combined TRACON& Tower with Radar,0,14,19,12,45,0,1,12,0,13,0,15,31,12,58,0,0,0,58
06/02/2021,ABI,TX,ASW,CE,Combined TRACON& Tower with Radar,1,24,17,10,52,1,0,17,2,20,2,24,34,12,72,36,0,36,108
06/03/2021,ABI,TX,ASW,CE,Combined TRACON& Tower with Radar,0,30,26,10,66,0,0,14,2,16,0,30,40,12,82,0,0,0,82
06/04/2021,ABI,TX,ASW,CE,Combined TRACON& Tower with Radar,2,26,14,31,73,0,0,11,1,12,2,26,25,32,85,8,8,16,101
06/05/2021,ABI,TX,ASW,CE,Combined TRACON& Tower with Radar,2,21,12,4,39,0,0,19,0,19,2,21,31,4,58,0,0,0,58
06/06/2021,ABI,TX,ASW,CE,Combined TRACON& Tower with Radar,4,21,9,1,35,0,0,15,1,16,4,21,24,2,51,0,0,0,51
06/07/2021,ABI,TX,ASW,CE,Combined TRACON& Tower with Radar,4,26,15,12,57,0,0,5,0,5,4,26,20,12,62,4,0,4,66
06/08/2021,ABI,TX,ASW,CE,Combined TRACON& Tower with Radar,0,26,27,17,70,0,0,7,0,7,0,26,34,17,77,8,2,10,87
06/09/2021,ABI,TX,ASW,CE,Combined TRACON& Tower with Radar,0,29,52,17,98,0,0,20,0,20,0,29,72,17,118,32,14,46,164
06/10/2021,ABI,TX,ASW,CE,Combined TRACON& Tower with Radar,0,28,27,22,77,0,2,19,0,21,0,30,46,22,98,0,0,0,98
06/11/2021,ABI,TX,ASW,CE,Combined TRACON& Tower with Radar,0,27,37,51,115,0,0,33,9,42,0,27,70,60,157,26,46,72,229
06/12/2021,ABI,TX,ASW,CE,Combined TRACON& Tower with Radar,0,24,11,2,37,0,0,25,2,27,0,24,36,4,64,0,0,0,64
06/13/2021,ABI,TX,ASW,CE,Combined TRACON& Tower with Radar,0,20,7,8,35,0,1,24,0,25,0,21,31,8,60,34,0,34,94
06/14/2021,ABI,TX,ASW,CE,Combined TRACON& Tower with Radar,4,24,8,18,54,0,0,18,2,20,4,24,26,20,74,6,16,22,96
06/15/2021,ABI,TX,ASW,CE,Combined TRACON& Tower with Radar,1,22,22,8,53,0,2,37,3,42,1,24,59,11,95,0,30,30,125
06/16/2021,ABI,TX,ASW,CE,Combined TRACON& Tower with Radar,0,34,28,37,99,0,0,24,4,28,0,34,52,41,127,6,16,22,149
06/17/2021,ABI,TX,ASW,CE,Combined TRACON& Tower with Radar,0,40,19,14,73,0,3,22,7,32,0,43,41,21,105,12,0,12,117
06/18/2021,ABI,TX,ASW,CE,Combined TRACON& Tower with Radar,2,26,15,62,105,0,0,20,4,24,2,26,35,66,129,10,28,38,167
06/19/2021,ABI,TX,ASW,CE,Combined TRACON& Tower with Radar,0,22,11,0,33,0,3,46,2,51,0,25,57,2,84,18,0,18,102
06/20/2021,ABI,TX,ASW,CE,Combined TRACON& Tower with Radar,0,20,4,17,41,0,1,16,9,26,0,21,20,26,67,0,8,8,75
06/21/2021,ABI,TX,ASW,CE,Combined TRACON& Tower with Radar,7,25,26,10,68,0,1,8,0,9,7,26,34,10,77,0,6,6,83
06/22/2021,ABI,TX,ASW,CE,Combined TRACON& Tower with Radar,0,22,23,20,65,0,0,9,0,9,0,22,32,20,74,10,16,26,100
06/23/2021,ABI,TX,ASW,CE,Combined TRACON& Tower with Radar,0,37,27,36,100,0,2,32,10,44,0,39,59,46,144,12,4,16,160
06/24/2021,ABI,TX,ASW,CE,Combined TRACON& Tower with Radar,0,32,27,29,88,0,1,24,6,31,0,33,51,35,119,0,10,10,129
06/25/2021,ABI,TX,ASW,CE,Combined TRACON& Tower with Radar,0,28,17,71,116,0,0,28,2,30,0,28,45,73,146,0,30,30,176
06/26/2021,ABI,TX,ASW,CE,Combined TRACON& Tower with Radar,2,23,30,10,65,0,0,9,0,9,2,23,39,10,74,22,20,42,116
06/27/2021,ABI,TX,ASW,CE,Combined TRACON& Tower with Radar,3,19,21,10,53,0,0,19,2,21,3,19,40,12,74,28,0,28,102
06/28/2021,ABI,TX,ASW,CE,Combined TRACON& Tower with Radar,2,27,6,26,61,0,0,8,7,15,2,27,14,33,76,16,84,100,176
06/29/2021,ABI,TX,ASW,CE,Combined TRACON& Tower with Radar,2,24,29,35,90,0,0,13,0,13,2,24,42,35,103,10,2,12,115
06/30/2021,ABI,TX,ASW,CE,Combined TRACON& Tower with Radar,0,30,32,47,109,0,1,17,3,21,0,31,49,50,130,0,18,18,148
07/01/2021,ABI,TX,ASW,CE,Combined TRACON& Tower with Radar,9,33,21,34,97,0,2,28,5,35,9,35,49,39,132,4,8,12,144
07/02/2021,ABI,TX,ASW,CE,Combined TRACON& Tower with Radar,9,27,19,6,61,0,0,12,0,12,9,27,31,6,73,0,0,0,73
07/03/2021,ABI,TX,ASW,CE,Combined TRACON& Tower with Radar,0,23,8,0,31,0,0,2,0,2,0,23,10,0,33,2,0,2,35
07/04/2021,ABI,TX,ASW,CE,Combined TRACON& Tower with Radar,0,17,12,0,29,0,0,1,0,1,0,17,13,0,30,0,0,0,30
07/05/2021,ABI,TX,ASW,CE,Combined TRACON& Tower with Radar,0,25,8,0,33,0,0,6,0,6,0,25,14,0,39,12,0,12,51
07/06/2021,ABI,TX,ASW,CE,Combined TRACON& Tower with Radar,10,23,11,14,58,0,0,6,2,8,10,23,17,16,66,4,0,4,70
07/07/2021,ABI,TX,ASW,CE,Combined TRACON& Tower with Radar,0,34,14,72,120,0,1,17,12,30,0,35,31,84,150,18,16,34,184
07/08/2021,ABI,TX,ASW,CE,Combined TRACON& Tower with Radar,0,32,31,52,115,0,0,24,4,28,0,32,55,56,143,0,10,10,153
07/09/2021,ABI,TX,ASW,CE,Combined TRACON& Tower with Radar,0,28,31,53,112,0,0,18,2,20,0,28,49,55,132,14,10,24,156
07/10/2021,ABI,TX,ASW,CE,Combined TRACON& Tower with Radar,2,20,30,28,80,0,0,26,2,28,2,20,56,30,108,6,30,36,144
07/11/2021,ABI,TX,ASW,CE,Combined TRACON& Tower with Radar,1,20,14,2,37,0,0,10,0,10,1,20,24,2,47,16,0,16,63
07/12/2021,ABI,TX,ASW,CE,Combined TRACON& Tower with Radar,0,23,11,9,43,0,2,19,4,25,0,25,30,13,68,0,2,2,70
07/13/2021,ABI,TX,ASW,CE,Combined TRACON& Tower with Radar,0,19,31,33,83,0,2,45,2,49,0,21,76,35,132,6,10,16,148
07/14/2021,ABI,TX,ASW,CE,Combined TRACON& Tower with Radar,0,34,32,39,105,0,1,32,3,36,0,35,64,42,141,30,0,30,171
07/15/2021,ABI,TX,ASW,CE,Combined TRACON& Tower with Radar,0,31,37,57,125,0,0,21,3,24,0,31,58,60,149,18,20,38,187
07/16/2021,ABI,TX,ASW,CE,Combined TRACON& Tower with Radar,0,27,19,46,92,0,1,37,12,50,0,28,56,58,142,28,30,58,200
07/17/2021,ABI,TX,ASW,CE,Combined TRACON& Tower with Radar,0,19,22,11,52,0,1,27,4,32,0,20,49,15,84,18,44,62,146
07/18/2021,ABI,TX,ASW,CE,Combined TRACON& Tower with Radar,3,22,13,4,42,0,1,22,1,24,3,23,35,5,66,18,12,30,96
07/19/2021,ABI,TX,ASW,CE,Combined TRACON& Tower with Radar,6,22,25,0,53,0,0,8,0,8,6,22,33,0,61,4,0,4,65
07/20/2021,ABI,TX,ASW,CE,Combined TRACON& Tower with Radar,1,23,21,35,80,0,2,20,2,24,1,25,41,37,104,4,10,14,118
07/21/2021,ABI,TX,ASW,CE,Combined TRACON& Tower with Radar,0,25,15,38,78,0,0,34,2,36,0,25,49,40,114,16,20,36,150
07/22/2021,ABI,TX,ASW,CE,Combined TRACON& Tower with Radar,0,26,29,27,82,0,0,34,7,41,0,26,63,34,123,4,32,36,159
07/23/2021,ABI,TX,ASW,CE,Combined TRACON& Tower with Radar,0,32,22,50,104,0,2,27,7,36,0,34,49,57,140,0,0,0,140
07/24/2021,ABI,TX,ASW,CE,Combined TRACON& Tower with Radar,0,20,13,9,42,0,3,35,3,41,0,23,48,12,83,4,4,8,91
07/25/2021,ABI,TX,ASW,CE,Combined TRACON& Tower with Radar,2,23,24,0,49,0,0,33,0,33,2,23,57,0,82,52,0,52,134
07/26/2021,ABI,TX,ASW,CE,Combined TRACON& Tower with Radar,0,21,10,24,55,0,0,22,1,23,0,21,32,25,78,6,0,6,84
07/27/2021,ABI,TX,ASW,CE,Combined TRACON& Tower with Radar,0,27,31,14,72,0,0,32,1,33,0,27,63,15,105,0,0,0,105
07/28/2021,ABI,TX,ASW,CE,Combined TRACON& Tower with Radar,0,27,32,42,101,0,0,21,8,29,0,27,53,50,130,34,8,42,172
07/29/2021,ABI,TX,ASW,CE,Combined TRACON& Tower with Radar,3,29,26,18,76,0,0,18,1,19,3,29,44,19,95,0,0,0,95
07/30/2021,ABI,TX,ASW,CE,Combined TRACON& Tower with Radar,0,25,11,39,75,0,0,26,0,26,0,25,37,39,101,36,14,50,151
07/31/2021,ABI,TX,ASW,CE,Combined TRACON& Tower with Radar,0,18,22,14,54,0,2,35,1,38,0,20,57,15,92,18,0,18,110
08/01/2021,ABI,TX,ASW,CE,Combined TRACON& Tower with Radar,8,22,11,0,41,0,0,10,0,10,8,22,21,0,51,6,0,6,57
08/02/2021,ABI,TX,ASW,CE,Combined TRACON& Tower with Radar,0,28,22,15,65,0,0,12,0,12,0,28,34,15,77,14,0,14,91
08/03/2021,ABI,TX,ASW,CE,Combined TRACON& Tower with Radar,0,25,22,47,94,0,2,21,6,29,0,27,43,53,123,18,22,40,163
08/04/2021,ABI,TX,ASW,CE,Combined TRACON& Tower with Radar,1,32,14,19,66,0,0,21,3,24,1,32,35,22,90,12,0,12,102
08/05/2021,ABI,TX,ASW,CE,Combined TRACON& Tower with Radar,0,31,17,4,52,0,0,18,1,19,0,31,35,5,71,8,0,8,79
08/06/2021,ABI,TX,ASW,CE,Combined TRACON& Tower with Radar,2,43,34,27,106,0,1,32,3,36,2,44,66,30,142,2,10,12,154
08/07/2021,ABI,TX,ASW,CE,Combined TRACON& Tower with Radar,1,20,13,17,51,0,0,17,2,19,1,20,30,19,70,10,0,10,80
08/08/2021,ABI,TX,ASW,CE,Combined TRACON& Tower with Radar,5,16,12,14,47,0,0,17,0,17,5,16,29,14,64,6,0,6,70
08/09/2021,ABI,TX,ASW,CE,Combined TRACON& Tower with Radar,2,29,15,46,92,0,0,21,1,22,2,29,36,47,114,0,18,18,132
08/10/2021,ABI,TX,ASW,CE,Combined TRACON& Tower with Radar,0,29,19,47,95,0,1,22,9,32,0,30,41,56,127,0,0,0,127
08/11/2021,ABI,TX,ASW,CE,Combined TRACON& Tower with Radar,1,27,13,21,62,0,0,15,6,21,1,27,28,27,83,0,4,4,87
08/12/2021,ABI,TX,ASW,CE,Combined TRACON& Tower with Radar,4,30,18,43,95,0,1,38,4,43,4,31,56,47,138,0,14,14,152
08/13/2021,ABI,TX,ASW,CE,Combined TRACON& Tower with Radar,1,28,11,5,45,0,1,39,3,43,1,29,50,8,88,6,0,6,94
08/14/2021,ABI,TX,ASW,CE,Combined TRACON& Tower with Radar,14,22,13,0,49,0,0,18,0,18,14,22,31,0,67,10,0,10,77
08/15/2021,ABI,TX,ASW,CE,Combined TRACON& Tower with Radar,0,19,16,18,53,0,0,10,1,11,0,19,26,19,64,0,2,2,66
08/16/2021,ABI,TX,ASW,CE,Combined TRACON& Tower with Radar,3,21,15,22,61,0,0,15,2,17,3,21,30,24,78,16,0,16,94
08/17/2021,ABI,TX,ASW,CE,Combined TRACON& Tower with Radar,3,21,16,0,40,0,1,2,0,3,3,22,18,0,43,6,0,6,49
08/18/2021,ABI,TX,ASW,CE,Combined TRACON& Tower with Radar,1,24,13,1,39,0,0,5,1,6,1,24,18,2,45,0,0,0,45
08/19/2021,ABI,TX,ASW,CE,Combined TRACON& Tower with Radar,0,26,25,21,72,0,0,23,0,23,0,26,48,21,95,20,0,20,115
08/20/2021,ABI,TX,ASW,CE,Combined TRACON& Tower with Radar,1,30,17,41,89,0,0,14,4,18,1,30,31,45,107,0,0,0,107
08/21/2021,ABI,TX,ASW,CE,Combined TRACON& Tower with Radar,1,22,10,25,58,0,0,15,1,16,1,22,25,26,74,0,0,0,74
08/22/2021,ABI,TX,ASW,CE,Combined TRACON& Tower with Radar,6,23,9,2,40,0,1,18,1,20,6,24,27,3,60,6,0,6,66
08/23/2021,ABI,TX,ASW,CE,Combined TRACON& Tower with Radar,1,19,12,17,49,0,1,19,1,21,1,20,31,18,70,0,0,0,70
08/24/2021,ABI,TX,ASW,CE,Combined TRACON& Tower with Radar,3,23,18,25,69,0,2,24,4,30,3,25,42,29,99,4,16,20,119
08/25/2021,ABI,TX,ASW,CE,Combined TRACON& Tower with Radar,0,32,9,12,53,0,2,19,3,24,0,34,28,15,77,6,10,16,93
08/26/2021,ABI,TX,ASW,CE,Combined TRACON& Tower with Radar,2,26,29,27,84,0,2,23,3,28,2,28,52,30,112,6,10,16,128
08/27/2021,ABI,TX,ASW,CE,Combined TRACON& Tower with Radar,1,29,23,34,87,0,4,31,4,39,1,33,54,38,126,18,12,30,156
08/28/2021,ABI,TX,ASW,CE,Combined TRACON& Tower with Radar,0,23,16,18,57,0,0,40,0,40,0,23,56,18,97,6,0,6,103
08/29/2021,ABI,TX,ASW,CE,Combined TRACON& Tower with Radar,0,20,19,12,51,0,0,11,0,11,0,20,30,12,62,0,0,0,62
08/30/2021,ABI,TX,ASW,CE,Combined TRACON& Tower with Radar,0,21,3,15,39,0,0,16,1,17,0,21,19,16,56,0,0,0,56
08/31/2021,ABI,TX,ASW,CE,Combined TRACON& Tower with Radar,0,25,20,60,105,0,1,31,3,35,0,26,51,63,140,0,0,0,140
09/01/2021,ABI,TX,ASW,CE,Combined TRACON& Tower with Radar,0,27,28,14,69,0,0,26,0,26,0,27,54,14,95,0,0,0,95
09/02/2021,ABI,TX,ASW,CE,Combined TRACON& Tower with Radar,2,29,15,33,79,0,0,20,3,23,2,29,35,36,102,12,16,28,130
09/03/2021,ABI,TX,ASW,CE,Combined TRACON& Tower with Radar,1,26,32,0,59,0,0,29,0,29,1,26,61,0,88,22,0,22,110
09/04/2021,ABI,TX,ASW,CE,Combined TRACON& Tower with Radar,0,21,11,0,32,0,1,34,0,35,0,22,45,0,67,0,0,0,67
09/05/2021,ABI,TX,ASW,CE,Combined TRACON& Tower with Radar,0,12,8,0,20,0,2,7,0,9,0,14,15,0,29,0,0,0,29
09/06/2021,ABI,TX,ASW,CE,Combined TRACON& Tower with Radar,0,15,11,0,26,0,0,30,1,31,0,15,41,1,57,8,0,8,65
09/07/2021,ABI,TX,ASW,CE,Combined TRACON& Tower with Radar,0,16,28,20,64,0,0,23,8,31,0,16,51,28,95,38,6,44,139
09/08/2021,ABI,TX,ASW,CE,Combined TRACON& Tower with Radar,2,29,18,19,68,0,0,24,0,24,2,29,42,19,92,4,10,14,106
09/09/2021,ABI,TX,ASW,CE,Combined TRACON& Tower with Radar,0,28,27,34,89,0,1,21,17,39,0,29,48,51,128,0,28,28,156
09/10/2021,ABI,TX,ASW,CE,Combined TRACON& Tower with Radar,0,25,24,43,92,0,0,27,5,32,0,25,51,48,124,18,38,56,180
09/11/2021,ABI,TX,ASW,CE,Combined TRACON& Tower with Radar,0,18,15,0,33,0,0,26,0,26,0,18,41,0,59,36,0,36,95
09/12/2021,ABI,TX,ASW,CE,Combined TRACON& Tower with Radar,0,18,9,12,39,0,0,20,0,20,0,18,29,12,59,0,0,0,59
09/13/2021,ABI,TX,ASW,CE,Combined TRACON& Tower with Radar,0,24,12,49,85,0,1,22,2,25,0,25,34,51,110,6,6,12,122
09/14/2021,ABI,TX,ASW,CE,Combined TRACON& Tower with Radar,1,21,26,48,96,0,1,19,6,26,1,22,45,54,122,34,18,52,174
09/15/2021,ABI,TX,ASW,CE,Combined TRACON& Tower with Radar,0,26,19,35,80,0,4,16,0,20,0,30,35,35,100,66,0,66,166
09/16/2021,ABI,TX,ASW,CE,Combined TRACON& Tower with Radar,1,26,34,41,102,0,0,32,13,45,1,26,66,54,147,22,10,32,179
09/17/2021,ABI,TX,ASW,CE,Combined TRACON& Tower with Radar,0,35,38,52,125,0,0,28,6,34,0,35,66,58,159,26,66,92,251
09/18/2021,ABI,TX,ASW,CE,Combined TRACON& Tower with Radar,0,16,8,0,24,0,0,42,0,42,0,16,50,0,66,12,0,12,78
09/19/2021,ABI,TX,ASW,CE,Combined TRACON& Tower with Radar,0,21,11,3,35,0,0,32,3,35,0,21,43,6,70,8,0,8,78
09/20/2021,ABI,TX,ASW,CE,Combined TRACON& Tower with Radar,2,20,13,19,54,0,0,20,1,21,2,20,33,20,75,18,30,48,123
09/21/2021,ABI,TX,ASW,CE,Combined TRACON& Tower with Radar,0,22,40,6,68,0,1,13,1,15,0,23,53,7,83,0,14,14,97
09/22/2021,ABI,TX,ASW,CE,Combined TRACON& Tower with Radar,0,26,21,31,78,0,0,45,8,53,0,26,66,39,131,22,12,34,165
09/23/2021,ABI,TX,ASW,CE,Combined TRACON& Tower with Radar,6,26,33,14,79,0,1,43,0,44,6,27,76,14,123,0,0,0,123
09/24/2021,ABI,TX,ASW,CE,Combined TRACON& Tower with Radar,3,26,15,18,62,0,1,37,1,39,3,27,52,19,101,8,0,8,109
09/25/2021,ABI,TX,ASW,CE,Combined TRACON& Tower with Radar,1,17,9,0,27,0,0,37,0,37,1,17,46,0,64,0,0,0,64
09/26/2021,ABI,TX,ASW,CE,Combined TRACON& Tower with Radar,0,16,8,0,24,0,0,32,0,32,0,16,40,0,56,12,0,12,68
09/27/2021,ABI,TX,ASW,CE,Combined TRACON& Tower with Radar,4,17,11,32,64,0,2,17,3,22,4,19,28,35,86,38,18,56,142
09/28/2021,ABI,TX,ASW,CE,Combined TRACON& Tower with Radar,2,29,22,30,83,0,1,25,0,26,2,30,47,30,109,22,18,40,149
09/29/2021,ABI,TX,ASW,CE,Combined TRACON& Tower with Radar,0,32,22,19,73,0,0,18,5,23,0,32,40,24,96,22,12,34,130
09/30/2021,ABI,TX,ASW,CE,Combined TRACON& Tower with Radar,1,23,12,11,47,0,0,11,3,14,1,23,23,14,61,0,22,22,83
10/01/2021,ABI,TX,ASW,CE,Combined TRACON& Tower with Radar,2,30,30,21,83,0,0,12,0,12,2,30,42,21,95,2,2,4,99
10/02/2021,ABI,TX,ASW,CE,Combined TRACON& Tower with Radar,2,18,18,2,40,0,0,31,0,31,2,18,49,2,71,0,0,0,71
10/03/2021,ABI,TX,ASW,CE,Combined TRACON& Tower with Radar,0,12,20,10,42,0,2,31,7,40,0,14,51,17,82,14,8,22,104
10/04/2021,ABI,TX,ASW,CE,Combined TRACON& Tower with Radar,1,16,20,26,63,0,0,29,7,36,1,16,49,33,99,40,0,40,139
10/05/2021,ABI,TX,ASW,CE,Combined TRACON& Tower with Radar,1,17,22,22,62,0,0,33,2,35,1,17,55,24,97,24,12,36,133
10/06/2021,ABI,TX,ASW,CE,Combined TRACON& Tower with Radar,6,26,20,17,69,0,6,18,4,28,6,32,38,21,97,28,4,32,129
10/07/2021,ABI,TX,ASW,CE,Combined TRACON& Tower with Radar,0,28,34,24,86,0,0,38,2,40,0,28,72,26,126,32,8,40,166
10/08/2021,ABI,TX,ASW,CE,Combined TRACON& Tower with Radar,2,25,18,5,50,0,0,34,1,35,2,25,52,6,85,26,0,26,111
10/09/2021,ABI,TX,ASW,CE,Combined TRACON& Tower with Radar,0,17,6,0,23,0,5,21,0,26,0,22,27,0,49,0,0,0,49
10/10/2021,ABI,TX,ASW,CE,Combined TRACON& Tower with Radar,2,13,9,0,24,0,1,12,0,13,2,14,21,0,37,6,0,6,43
10/11/2021,ABI,TX,ASW,CE,Combined TRACON& Tower with Radar,0,15,18,0,33,0,0,29,0,29,0,15,47,0,62,24,0,24,86
10/12/2021,ABI,TX,ASW,CE,Combined TRACON& Tower with Radar,0,20,30,28,78,0,0,10,3,13,0,20,40,31,91,0,0,0,91
10/13/2021,ABI,TX,ASW,CE,Combined TRACON& Tower with Radar,0,14,11,2,27,0,0,0,0,0,0,14,11,2,27,4,0,4,31
10/14/2021,ABI,TX,ASW,CE,Combined TRACON& Tower with Radar,0,26,43,9,78,0,0,22,4,26,0,26,65,13,104,0,0,0,104
10/15/2021,ABI,TX,ASW,CE,Combined TRACON& Tower with Radar,0,22,32,10,64,0,0,29,4,33,0,22,61,14,97,0,0,0,97
10/16/2021,ABI,TX,ASW,CE,Combined TRACON& Tower with Radar,4,15,18,1,38,0,1,53,0,54,4,16,71,1,92,8,0,8,100
10/17/2021,ABI,TX,ASW,CE,Combined TRACON& Tower with Radar,1,12,22,0,35,0,1,28,0,29,1,13,50,0,64,4,0,4,68
10/18/2021,ABI,TX,ASW,CE,Combined TRACON& Tower with Radar,0,20,16,9,45,0,4,28,0,32,0,24,44,9,77,22,0,22,99
10/19/2021,ABI,TX,ASW,CE,Combined TRACON& Tower with Radar,2,31,25,42,100,0,0,33,1,34,2,31,58,43,134,2,24,26,160
10/20/2021,ABI,TX,ASW,CE,Combined TRACON& Tower with Radar,4,21,30,24,79,0,0,24,0,24,4,21,54,24,103,16,0,16,119
10/21/2021,ABI,TX,ASW,CE,Combined TRACON& Tower with Radar,1,23,32,21,77,0,0,37,0,37,1,23,69,21,114,10,4,14,128
10/22/2021,ABI,TX,ASW,CE,Combined TRACON& Tower with Radar,0,23,15,6,44,0,2,38,1,41,0,25,53,7,85,18,42,60,145
10/23/2021,ABI,TX,ASW,CE,Combined TRACON& Tower with Radar,0,15,10,0,25,0,2,40,0,42,0,17,50,0,67,0,0,0,67
10/24/2021,ABI,TX,ASW,CE,Combined TRACON& Tower with Radar,0,11,15,0,26,0,0,19,0,19,0,11,34,0,45,0,0,0,45
10/25/2021,ABI,TX,ASW,CE,Combined TRACON& Tower with Radar,1,14,11,18,44,0,0,29,2,31,1,14,40,20,75,36,14,50,125
10/26/2021,ABI,TX,ASW,CE,Combined TRACON& Tower with Radar,0,21,24,40,85,0,1,12,1,14,0,22,36,41,99,10,4,14,113
10/27/2021,ABI,TX,ASW,CE,Combined TRACON& Tower with Radar,0,22,15,50,87,0,1,11,10,22,0,23,26,60,109,0,68,68,177
10/28/2021,ABI,TX,ASW,CE,Combined TRACON& Tower with Radar,2,21,20,17,60,0,1,12,6,19,2,22,32,23,79,4,0,4,83
10/29/2021,ABI,TX,ASW,CE,Combined TRACON& Tower with Radar,1,23,33,6,63,0,0,21,0,21,1,23,54,6,84,6,0,6,90
10/30/2021,ABI,TX,ASW,CE,Combined TRACON& Tower with Radar,0,14,24,2,40,0,3,47,8,58,0,17,71,10,98,46,0,46,144
10/31/2021,ABI,TX,ASW,CE,Combined TRACON& Tower with Radar,0,18,17,0,35,0,0,23,7,30,0,18,40,7,65,18,0,18,83
11/01/2021,ABI,TX,ASW,CE,Combined TRACON& Tower with Radar,0,18,26,40,84,0,0,23,0,23,0,18,49,40,107,70,0,70,177
11/02/2021,ABI,TX,ASW,CE,Combined TRACON& Tower with Radar,0,22,27,4,53,0,0,2,0,2,0,22,29,4,55,0,0,0,55
11/03/2021,ABI,TX,ASW,CE,Combined TRACON& Tower with Radar,2,23,14,0,39,0,0,1,0,1,2,23,15,0,40,0,0,0,40
11/04/2021,ABI,TX,ASW,CE,Combined TRACON& Tower with Radar,0,25,36,20,81,0,0,10,0,10,0,25,46,20,91,6,6,12,103
11/05/2021,ABI,TX,ASW,CE,Combined TRACON& Tower with Radar,5,22,41,45,113,0,1,38,7,46,5,23,79,52,159,30,24,54,213
11/06/2021,ABI,TX,ASW,CE,Combined TRACON& Tower with Radar,3,16,19,16,54,0,0,42,6,48,3,16,61,22,102,42,18,60,162
11/07/2021,ABI,TX,ASW,CE,Combined TRACON& Tower with Radar,0,12,16,0,28,0,0,19,2,21,0,12,35,2,49,8,0,8,57
11/08/2021,ABI,TX,ASW,CE,Combined TRACON& Tower with Radar,0,23,27,26,76,0,0,33,4,37,0,23,60,30,113,52,12,64,177
11/09/2021,ABI,TX,ASW,CE,Combined TRACON& Tower with Radar,0,19,35,42,96,0,2,31,2,35,0,21,66,44,131,0,0,0,131
11/10/2021,ABI,TX,ASW,CE,Combined TRACON& Tower with Radar,1,43,42,3,89,0,0,13,2,15,1,43,55,5,104,42,0,42,146
11/11/2021,ABI,TX,ASW,CE,Combined TRACON& Tower with Radar,1,33,27,2,63,0,2,45,1,48,1,35,72,3,111,0,0,0,111
11/12/2021,ABI,TX,ASW,CE,Combined TRACON& Tower with Radar,0,20,11,82,113,0,3,34,1,38,0,23,45,83,151,12,14,26,177
11/13/2021,ABI,TX,ASW,CE,Combined TRACON& Tower with Radar,0,15,18,2,35,0,1,34,0,35,0,16,52,2,70,4,0,4,74
11/14/2021,ABI,TX,ASW,CE,Combined TRACON& Tower with Radar,0,19,12,2,33,0,3,32,0,35,0,22,44,2,68,0,12,12,80
11/15/2021,ABI,TX,ASW,CE,Combined TRACON& Tower with Radar,6,13,17,13,49,0,3,29,1,33,6,16,46,14,82,34,0,34,116
11/16/2021,ABI,TX,ASW,CE,Combined TRACON& Tower with Radar,0,21,14,38,73,0,1,23,5,29,0,22,37,43,102,0,0,0,102
11/17/2021,ABI,TX,ASW,CE,Combined TRACON& Tower with Radar,0,27,27,27,81,0,4,13,0,17,0,31,40,27,98,0,10,10,108
11/18/2021,ABI,TX,ASW,CE,Combined TRACON& Tower with Radar,0,23,35,46,104,0,0,31,4,35,0,23,66,50,139,8,60,68,207
11/19/2021,ABI,TX,ASW,CE,Combined TRACON& Tower with Radar,1,23,21,19,64,0,4,45,1,50,1,27,66,20,114,32,12,44,158
11/20/2021,ABI,TX,ASW,CE,Combined TRACON& Tower with Radar,0,16,14,4,34,0,1,25,0,26,0,17,39,4,60,32,0,32,92
11/21/2021,ABI,TX,ASW,CE,Combined TRACON& Tower with Radar,0,21,17,0,38,0,0,15,0,15,0,21,32,0,53,10,0,10,63
11/22/2021,ABI,TX,ASW,CE,Combined TRACON& Tower with Radar,1,19,15,22,57,0,0,34,4,38,1,19,49,26,95,26,0,26,121
11/23/2021,ABI,TX,ASW,CE,Combined TRACON& Tower with Radar,3,25,25,22,75,0,2,35,5,42,3,27,60,27,117,32,0,32,149
11/24/2021,ABI,TX,ASW,CE,Combined TRACON& Tower with Radar,2,28,15,14,59,0,2,8,0,10,2,30,23,14,69,0,0,0,69
11/25/2021,ABI,TX,ASW,CE,Combined TRACON& Tower with Radar,1,7,5,0,13,0,3,9,0,12,1,10,14,0,25,0,0,0,25
11/26/2021,ABI,TX,ASW,CE,Combined TRACON& Tower with Radar,0,17,18,0,35,0,0,26,0,26,0,17,44,0,61,34,0,34,95
11/27/2021,ABI,TX,ASW,CE,Combined TRACON& Tower with Radar,1,25,10,0,36,0,0,4,0,4,1,25,14,0,40,18,0,18,58
11/28/2021,ABI,TX,ASW,CE,Combined TRACON& Tower with Radar,0,26,17,0,43,0,2,33,0,35,0,28,50,0,78,2,0,2,80
11/29/2021,ABI,TX,ASW,CE,Combined TRACON& Tower with Radar,0,20,16,22,58,0,1,22,0,23,0,21,38,22,81,22,0,22,103
11/30/2021,ABI,TX,ASW,CE,Combined TRACON& Tower with Radar,1,25,25,40,91,0,0,31,1,32,1,25,56,41,123,26,6,32,155
12/01/2021,ABI,TX,ASW,CE,Combined TRACON& Tower with Radar,1,27,18,39,85,0,1,24,5,30,1,28,42,44,115,26,48,74,189
12/02/2021,ABI,TX,ASW,CE,Combined TRACON& Tower with Radar,0,23,31,46,100,0,3,16,1,20,0,26,47,47,120,0,32,32,152
12/03/2021,ABI,TX,ASW,CE,Combined TRACON& Tower with Radar,2,26,35,52,115,0,2,36,8,46,2,28,71,60,161,20,36,56,217
12/04/2021,ABI,TX,ASW,CE,Combined TRACON& Tower with Radar,0,19,23,26,68,0,0,20,11,31,0,19,43,37,99,46,20,66,165
12/05/2021,ABI,TX,ASW,CE,Combined TRACON& Tower with Radar,0,14,17,6,37,0,0,9,0,9,0,14,26,6,46,0,0,0,46
12/06/2021,ABI,TX,ASW,CE,Combined TRACON& Tower with Radar,0,19,22,42,83,0,2,7,2,11,0,21,29,44,94,6,42,48,142
12/07/2021,ABI,TX,ASW,CE,Combined TRACON& Tower with Radar,0,23,24,22,69,0,0,29,12,41,0,23,53,34,110,6,28,34,144
12/08/2021,ABI,TX,ASW,CE,Combined TRACON& Tower with Radar,0,23,21,13,57,0,2,19,2,23,0,25,40,15,80,0,0,0,80
12/09/2021,ABI,TX,ASW,CE,Combined TRACON& Tower with Radar,0,23,28,52,103,0,1,22,8,31,0,24,50,60,134,14,82,96,230
12/10/2021,ABI,TX,ASW,CE,Combined TRACON& Tower with Radar,2,32,18,11,63,0,0,18,0,18,2,32,36,11,81,8,0,8,89
12/11/2021,ABI,TX,ASW,CE,Combined TRACON& Tower with Radar,0,18,14,0,32,0,1,31,0,32,0,19,45,0,64,2,0,2,66
12/12/2021,ABI,TX,ASW,CE,Combined TRACON& Tower with Radar,0,14,12,4,30,0,0,27,0,27,0,14,39,4,57,6,0,6,63
12/13/2021,ABI,TX,ASW,CE,Combined TRACON& Tower with Radar,0,17,28,21,66,0,0,23,2,25,0,17,51,23,91,0,14,14,105
12/14/2021,ABI,TX,ASW,CE,Combined TRACON& Tower with Radar,0,24,34,30,88,0,0,12,1,13,0,24,46,31,101,22,0,22,123
12/15/2021,ABI,TX,ASW,CE,Combined TRACON& Tower with Radar,0,29,21,30,80,3,1,10,11,25,3,30,31,41,105,0,0,0,105
12/16/2021,ABI,TX,ASW,CE,Combined TRACON& Tower with Radar,1,28,32,65,126,0,0,41,9,50,1,28,73,74,176,72,40,112,288
12/17/2021,ABI,TX,ASW,CE,Combined TRACON& Tower with Radar,0,27,25,10,62,0,0,13,0,13,0,27,38,10,75,0,0,0,75
12/18/2021,ABI,TX,ASW,CE,Combined TRACON& Tower with Radar,1,19,20,2,42,0,0,16,0,16,1,19,36,2,58,0,0,0,58
12/19/2021,ABI,TX,ASW,CE,Combined TRACON& Tower with Radar,1,14,15,16,46,0,0,12,2,14,1,14,27,18,60,44,24,68,128
12/20/2021,ABI,TX,ASW,CE,Combined TRACON& Tower with Radar,1,17,21,32,71,0,2,26,13,41,1,19,47,45,112,32,32,64,176
12/21/2021,ABI,TX,ASW,CE,Combined TRACON& Tower with Radar,1,25,27,40,93,0,0,44,7,51,1,25,71,47,144,28,12,40,184
12/22/2021,ABI,TX,ASW,CE,Combined TRACON& Tower with Radar,1,27,26,15,69,0,2,36,9,47,1,29,62,24,116,24,10,34,150
12/23/2021,ABI,TX,ASW,CE,Combined TRACON& Tower with Radar,2,31,13,1,47,0,0,30,5,35,2,31,43,6,82,48,0,48,130
12/24/2021,ABI,TX,ASW,CE,Combined TRACON& Tower with Radar,2,18,14,0,34,0,1,5,0,6,2,19,19,0,40,8,0,8,48
12/25/2021,ABI,TX,ASW,CE,Combined TRACON& Tower with Radar,1,17,8,0,26,0,0,3,0,3,1,17,11,0,29,2,0,2,31
12/26/2021,ABI,TX,ASW,CE,Combined TRACON& Tower with Radar,0,13,14,0,27,1,0,12,1,14,1,13,26,1,41,0,0,0,41
12/27/2021,ABI,TX,ASW,CE,Combined TRACON& Tower with Radar,1,17,10,0,28,0,0,25,0,25,1,17,35,0,53,22,0,22,75
12/28/2021,ABI,TX,ASW,CE,Combined TRACON& Tower with Radar,0,22,13,0,35,0,0,6,0,6,0,22,19,0,41,6,0,6,47
12/29/2021,ABI,TX,ASW,CE,Combined TRACON& Tower with Radar,0,25,22,7,54,0,0,4,0,4,0,25,26,7,58,4,0,4,62
12/30/2021,ABI,TX,ASW,CE,Combined TRACON& Tower with Radar,0,26,22,4,52,0,0,20,0,20,0,26,42,4,72,12,0,12,84
12/31/2021,ABI,TX,ASW,CE,Combined TRACON& Tower with Radar,0,22,8,5,35,0,0,3,1,4,0,22,11,6,39,6,0,6,45
01/01/2022,ABI,TX,ASW,CE,Combined TRACON& Tower with Radar,0,13,8,0,21,0,0,2,0,2,0,13,10,0,23,0,0,0,23
01/02/2022,ABI,TX,ASW,CE,Combined TRACON& Tower with Radar,0,11,24,0,35,0,0,15,0,15,0,11,39,0,50,0,0,0,50
01/03/2022,ABI,TX,ASW,CE,Combined TRACON& Tower with Radar,0,16,13,1,30,0,2,32,0,34,0,18,45,1,64,16,0,16,80
01/04/2022,ABI,TX,ASW,CE,Combined TRACON& Tower with Radar,3,19,16,8,46,1,1,14,5,21,4,20,30,13,67,4,0,4,71
01/05/2022,ABI,TX,ASW,CE,Combined TRACON& Tower with Radar,0,27,21,41,89,0,0,33,18,51,0,27,54,59,140,0,0,0,140
01/06/2022,ABI,TX,ASW,CE,Combined TRACON& Tower with Radar,1,21,31,60,113,0,1,37,11,49,1,22,68,71,162,20,44,64,226
01/07/2022,ABI,TX,ASW,CE,Combined TRACON& Tower with Radar,3,22,22,9,56,0,2,21,5,28,3,24,43,14,84,32,8,40,124
01/08/2022,ABI,TX,ASW,CE,Combined TRACON& Tower with Radar,9,14,9,6,38,0,1,11,0,12,9,15,20,6,50,20,0,20,70
01/09/2022,ABI,TX,ASW,CE,Combined TRACON& Tower with Radar,0,25,27,8,60,0,4,17,0,21,0,29,44,8,81,0,44,44,125
01/10/2022,ABI,TX,ASW,CE,Combined TRACON& Tower with Radar,1,16,17,71,105,0,0,28,1,29,1,16,45,72,134,18,76,94,228
01/11/2022,ABI,TX,ASW,CE,Combined TRACON& Tower with Radar,1,24,15,16,56,0,3,14,1,18,1,27,29,17,74,0,0,0,74
01/12/2022,ABI,TX,ASW,CE,Combined TRACON& Tower with Radar,0,23,20,21,64,0,0,25,5,30,0,23,45,26,94,14,16,30,124
01/13/2022,ABI,TX,ASW,CE,Combined TRACON& Tower with Radar,0,19,19,43,81,0,0,36,8,44,0,19,55,51,125,60,10,70,195
01/14/2022,ABI,TX,ASW,CE,Combined TRACON& Tower with Radar,2,17,17,41,77,0,0,20,10,30,2,17,37,51,107,36,40,76,183
01/15/2022,ABI,TX,ASW,CE,Combined TRACON& Tower with Radar,0,10,5,0,15,0,2,13,14,29,0,12,18,14,44,4,8,12,56
01/16/2022,ABI,TX,ASW,CE,Combined TRACON& Tower with Radar,0,14,15,0,29,0,1,44,5,50,0,15,59,5,79,28,0,28,107
01/17/2022,ABI,TX,ASW,CE,Combined TRACON& Tower with Radar,0,18,15,2,35,0,1,35,0,36,0,19,50,2,71,46,4,50,121
01/18/2022,ABI,TX,ASW,CE,Combined TRACON& Tower with Radar,0,19,11,1,31,2,1,13,6,22,2,20,24,7,53,0,0,0,53
01/19/2022,ABI,TX,ASW,CE,Combined TRACON& Tower with Radar,0,19,20,24,63,0,2,17,3,22,0,21,37,27,85,34,0,34,119
01/20/2022,ABI,TX,ASW,CE,Combined TRACON& Tower with Radar,1,20,21,41,83,0,1,5,1,7,1,21,26,42,90,12,42,54,144
01/21/2022,ABI,TX,ASW,CE,Combined TRACON& Tower with Radar,0,21,19,33,73,0,1,37,6,44,0,22,56,39,117,40,104,144,261
01/22/2022,ABI,TX,ASW,CE,Combined TRACON& Tower with Radar,2,18,13,34,67,0,2,37,1,40,2,20,50,35,107,26,90,116,223
01/23/2022,ABI,TX,ASW,CE,Combined TRACON& Tower with Radar,1,13,17,37,68,0,2,23,3,28,1,15,40,40,96,6,2,8,104
01/24/2022,ABI,TX,ASW,CE,Combined TRACON& Tower with Radar,0,20,12,65,97,0,1,4,9,14,0,21,16,74,111,4,52,56,167
01/25/2022,ABI,TX,ASW,CE,Combined TRACON& Tower with Radar,2,16,31,59,108,0,1,19,5,25,2,17,50,64,133,26,46,72,205
01/26/2022,ABI,TX,ASW,CE,Combined TRACON& Tower with Radar,1,18,10,11,40,0,0,8,0,8,1,18,18,11,48,0,0,0,48
01/27/2022,ABI,TX,ASW,CE,Combined TRACON& Tower with Radar,0,24,19,54,97,0,4,13,1,18,0,28,32,55,115,44,0,44,159
01/28/2022,ABI,TX,ASW,CE,Combined TRACON& Tower with Radar,2,20,26,71,119,0,3,22,12,37,2,23,48,83,156,6,24,30,186
01/29/2022,ABI,TX,ASW,CE,Combined TRACON& Tower with Radar,0,14,11,21,46,0,2,24,6,32,0,16,35,27,78,4,12,16,94
01/30/2022,ABI,TX,ASW,CE,Combined TRACON& Tower with Radar,0,13,22,46,81,0,1,34,10,45,0,14,56,56,126,20,34,54,180
01/31/2022,ABI,TX,ASW,CE,Combined TRACON& Tower with Radar,0,14,12,36,62,0,0,13,1,14,0,14,25,37,76,6,20,26,102
02/01/2022,ABI,TX,ASW,CE,Combined TRACON& Tower with Radar,1,33,27,58,119,0,4,16,3,23,1,37,43,61,142,52,66,118,260
02/02/2022,ABI,TX,ASW,CE,Combined TRACON& Tower with Radar,0,24,23,22,69,0,3,14,4,21,0,27,37,26,90,0,0,0,90
02/03/2022,ABI,TX,ASW,CE,Combined TRACON& Tower with Radar,1,20,21,39,81,0,1,5,1,7,1,21,26,40,88,0,0,0,88
02/04/2022,ABI,TX,ASW,CE,Combined TRACON& Tower with Radar,0,1,0,1,2,0,0,9,2,11,0,1,9,3,13,2,0,2,15
02/05/2022,ABI,TX,ASW,CE,Combined TRACON& Tower with Radar,5,9,22,8,44,0,6,21,2,29,5,15,43,10,73,4,2,6,79
02/06/2022,ABI,TX,ASW,CE,Combined TRACON& Tower with Radar,0,12,15,27,54,0,4,33,8,45,0,16,48,35,99,6,12,18,117
02/07/2022,ABI,TX,ASW,CE,Combined TRACON& Tower with Radar,2,14,31,31,78,0,3,23,12,38,2,17,54,43,116,42,36,78,194
02/08/2022,ABI,TX,ASW,CE,Combined TRACON& Tower with Radar,1,26,29,45,101,1,2,21,24,48,2,28,50,69,149,0,0,0,149
02/09/2022,ABI,TX,ASW,CE,Combined TRACON& Tower with Radar,0,23,17,29,69,0,4,35,8,47,0,27,52,37,116,16,16,32,148
02/10/2022,ABI,TX,ASW,CE,Combined TRACON& Tower with Radar,3,21,33,19,76,0,1,43,13,57,3,22,76,32,133,10,20,30,163
02/11/2022,ABI,TX,ASW,CE,Combined TRACON& Tower with Radar,1,22,22,41,86,0,4,35,7,46,1,26,57,48,132,42,14,56,188
02/12/2022,ABI,TX,ASW,CE,Combined TRACON& Tower with Radar,0,12,14,35,61,0,2,16,6,24,0,14,30,41,85,2,36,38,123
02/13/2022,ABI,TX,ASW,CE,Combined TRACON& Tower with Radar,0,10,17,6,33,0,1,27,15,43,0,11,44,21,76,44,22,66,142
02/14/2022,ABI,TX,ASW,CE,Combined TRACON& Tower with Radar,0,13,14,26,53,1,3,24,25,53,1,16,38,51,106,10,12,22,128
02/15/2022,ABI,TX,ASW,CE,Combined TRACON& Tower with Radar,0,18,28,38,84,2,6,20,35,63,2,24,48,73,147,0,58,58,205
02/16/2022,ABI,TX,ASW,CE,Combined TRACON& Tower with Radar,0,24,12,47,83,0,1,16,11,28,0,25,28,58,111,0,0,0,111
02/17/2022,ABI,TX,ASW,CE,Combined TRACON& Tower with Radar,3,22,40,27,92,0,0,3,8,11,3,22,43,35,103,0,12,12,115
02/18/2022,ABI,TX,ASW,CE,Combined TRACON& Tower with Radar,5,21,50,26,102,0,7,55,2,64,5,28,105,28,166,14,26,40,206
02/19/2022,ABI,TX,ASW,CE,Combined TRACON& Tower with Radar,2,12,21,0,35,0,4,42,0,46,2,16,63,0,81,46,0,46,127
02/20/2022,ABI,TX,ASW,CE,Combined TRACON& Tower with Radar,1,9,15,13,38,0,0,13,2,15,1,9,28,15,53,0,0,0,53
02/21/2022,ABI,TX,ASW,CE,Combined TRACON& Tower with Radar,3,12,18,0,33,0,0,8,0,8,3,12,26,0,41,24,0,24,65
02/22/2022,ABI,TX,ASW,CE,Combined TRACON& Tower with Radar,1,25,21,61,108,0,0,28,7,35,1,25,49,68,143,28,10,38,181
02/23/2022,ABI,TX,ASW,CE,Combined TRACON& Tower with Radar,0,0,0,0,0,0,0,0,0,0,0,0,0,0,0,0,0,0,0
02/24/2022,ABI,TX,ASW,CE,Combined TRACON& Tower with Radar,0,11,9,6,26,0,0,1,0,1,0,11,10,6,27,0,0,0,27
02/25/2022,ABI,TX,ASW,CE,Combined TRACON& Tower with Radar,0,19,24,41,84,0,4,10,10,24,0,23,34,51,108,0,68,68,176
02/26/2022,ABI,TX,ASW,CE,Combined TRACON& Tower with Radar,0,17,9,1,27,0,0,1,2,3,0,17,10,3,30,0,0,0,30
02/27/2022,ABI,TX,ASW,CE,Combined TRACON& Tower with Radar,2,16,19,7,44,0,1,39,3,43,2,17,58,10,87,46,2,48,135
02/28/2022,ABI,TX,ASW,CE,Combined TRACON& Tower with Radar,1,15,21,43,80,0,2,26,1,29,1,17,47,44,109,28,8,36,145
03/01/2022,ABI,TX,ASW,CE,Combined TRACON& Tower with Radar,1,21,9,59,90,0,3,30,16,49,1,24,39,75,139,36,14,50,189
03/02/2022,ABI,TX,ASW,CE,Combined TRACON& Tower with Radar,0,19,34,42,95,0,2,42,20,64,0,21,76,62,159,24,22,46,205
03/03/2022,ABI,TX,ASW,CE,Combined TRACON& Tower with Radar,1,19,24,22,66,0,3,41,12,56,1,22,65,34,122,38,6,44,166
03/04/2022,ABI,TX,ASW,CE,Combined TRACON& Tower with Radar,0,21,24,38,83,0,2,18,3,23,0,23,42,41,106,14,8,22,128
03/05/2022,ABI,TX,ASW,CE,Combined TRACON& Tower with Radar,1,13,19,56,89,0,1,25,2,28,1,14,44,58,117,0,0,0,117
03/06/2022,ABI,TX,ASW,CE,Combined TRACON& Tower with Radar,5,13,10,5,33,0,1,4,0,5,5,14,14,5,38,0,0,0,38
03/07/2022,ABI,TX,ASW,CE,Combined TRACON& Tower with Radar,1,19,20,52,92,0,0,31,28,59,1,19,51,80,151,20,14,34,185
03/08/2022,ABI,TX,ASW,CE,Combined TRACON& Tower with Radar,1,20,26,62,109,0,4,41,15,60,1,24,67,77,169,0,0,0,169
03/09/2022,ABI,TX,ASW,CE,Combined TRACON& Tower with Radar,0,21,32,52,105,0,0,40,9,49,0,21,72,61,154,0,0,0,154
03/10/2022,ABI,TX,ASW,CE,Combined TRACON& Tower with Radar,1,26,29,24,80,0,1,32,6,39,1,27,61,30,119,2,20,22,141
03/11/2022,ABI,TX,ASW,CE,Combined TRACON& Tower with Radar,0,18,26,28,72,0,0,3,0,3,0,18,29,28,75,0,14,14,89
03/12/2022,ABI,TX,ASW,CE,Combined TRACON& Tower with Radar,1,17,15,0,33,0,5,35,1,41,1,22,50,1,74,24,0,24,98
03/13/2022,ABI,TX,ASW,CE,Combined TRACON& Tower with Radar,0,12,15,0,27,2,0,31,9,42,2,12,46,9,69,12,0,12,81
03/14/2022,ABI,TX,ASW,CE,Combined TRACON& Tower with Radar,7,12,15,19,53,3,2,17,12,34,10,14,32,31,87,0,0,0,87
03/15/2022,ABI,TX,ASW,CE,Combined TRACON& Tower with Radar,0,22,25,9,56,1,0,58,20,79,1,22,83,29,135,46,0,46,181
03/16/2022,ABI,TX,ASW,CE,Combined TRACON& Tower with Radar,0,24,20,29,73,5,1,41,18,65,5,25,61,47,138,0,10,10,148
03/17/2022,ABI,TX,ASW,CE,Combined TRACON& Tower with Radar,2,19,23,5,49,0,0,4,0,4,2,19,27,5,53,0,0,0,53
03/18/2022,ABI,TX,ASW,CE,Combined TRACON& Tower with Radar,2,19,22,43,86,0,0,45,47,92,2,19,67,90,178,14,50,64,242
03/19/2022,ABI,TX,ASW,CE,Combined TRACON& Tower with Radar,5,18,11,21,55,4,8,70,11,93,9,26,81,32,148,44,8,52,200
03/20/2022,ABI,TX,ASW,CE,Combined TRACON& Tower with Radar,2,9,10,16,37,10,0,28,28,66,12,9,38,44,103,2,0,2,105
03/21/2022,ABI,TX,ASW,CE,Combined TRACON& Tower with Radar,6,14,14,3,37,0,0,0,0,0,6,14,14,3,37,0,0,0,37
03/22/2022,ABI,TX,ASW,CE,Combined TRACON& Tower with Radar,0,19,16,42,77,0,6,6,6,18,0,25,22,48,95,0,0,0,95
03/23/2022,ABI,TX,ASW,CE,Combined TRACON& Tower with Radar,0,25,26,12,63,0,2,29,16,47,0,27,55,28,110,0,0,0,110
03/24/2022,ABI,TX,ASW,CE,Combined TRACON& Tower with Radar,0,21,46,104,171,2,0,31,23,56,2,21,77,127,227,4,4,8,235
03/25/2022,ABI,TX,ASW,CE,Combined TRACON& Tower with Radar,0,17,25,25,67,1,3,39,17,60,1,20,64,42,127,18,14,32,159
03/26/2022,ABI,TX,ASW,CE,Combined TRACON& Tower with Radar,0,17,19,3,39,2,4,35,25,66,2,21,54,28,105,18,0,18,123
03/27/2022,ABI,TX,ASW,CE,Combined TRACON& Tower with Radar,0,14,11,1,26,2,2,43,19,66,2,16,54,20,92,10,0,10,102
03/28/2022,ABI,TX,ASW,CE,Combined TRACON& Tower with Radar,1,18,17,23,59,2,0,31,33,66,3,18,48,56,125,2,24,26,151
03/29/2022,ABI,TX,ASW,CE,Combined TRACON& Tower with Radar,0,18,21,14,53,0,1,15,9,25,0,19,36,23,78,2,20,22,100
03/30/2022,ABI,TX,ASW,CE,Combined TRACON& Tower with Radar,3,25,15,4,47,0,0,19,21,40,3,25,34,25,87,0,0,0,87
03/31/2022,ABI,TX,ASW,CE,Combined TRACON& Tower with Radar,3,26,20,10,59,3,0,35,6,44,6,26,55,16,103,18,0,18,121
04/01/2022,ABI,TX,ASW,CE,Combined TRACON& Tower with Radar,7,20,29,19,75,0,0,36,24,60,7,20,65,43,135,4,10,14,149
04/02/2022,ABI,TX,ASW,CE,Combined TRACON& Tower with Radar,0,13,13,2,28,0,5,53,0,58,0,18,66,2,86,56,6,62,148
04/03/2022,ABI,TX,ASW,CE,Combined TRACON& Tower with Radar,0,9,12,7,28,0,0,23,15,38,0,9,35,22,66,40,4,44,110
04/04/2022,ABI,TX,ASW,CE,Combined TRACON& Tower with Radar,1,24,20,14,59,0,1,7,0,8,1,25,27,14,67,26,2,28,95
04/05/2022,ABI,TX,ASW,CE,Combined TRACON& Tower with Radar,0,17,20,14,51,0,1,10,2,13,0,18,30,16,64,0,0,0,64
04/06/2022,ABI,TX,ASW,CE,Combined TRACON& Tower with Radar,0,22,20,22,64,0,3,24,14,41,0,25,44,36,105,14,24,38,143
04/07/2022,ABI,TX,ASW,CE,Combined TRACON& Tower with Radar,0,22,18,42,82,2,0,30,9,41,2,22,48,51,123,26,8,34,157
04/08/2022,ABI,TX,ASW,CE,Combined TRACON& Tower with Radar,0,25,17,24,66,0,0,47,1,48,0,25,64,25,114,78,0,78,192
04/09/2022,ABI,TX,ASW,CE,Combined TRACON& Tower with Radar,0,18,12,7,37,0,1,44,5,50,0,19,56,12,87,0,0,0,87
04/10/2022,ABI,TX,ASW,CE,Combined TRACON& Tower with Radar,0,17,12,1,30,0,0,7,16,23,0,17,19,17,53,0,0,0,53
04/11/2022,ABI,TX,ASW,CE,Combined TRACON& Tower with Radar,1,17,14,55,87,0,1,27,7,35,1,18,41,62,122,10,22,32,154
04/12/2022,ABI,TX,ASW,CE,Combined TRACON& Tower with Radar,3,29,32,45,109,0,0,8,4,12,3,29,40,49,121,24,6,30,151
04/13/2022,ABI,TX,ASW,CE,Combined TRACON& Tower with Radar,3,24,21,46,94,0,2,20,14,36,3,26,41,60,130,20,20,40,170
04/14/2022,ABI,TX,ASW,CE,Combined TRACON& Tower with Radar,0,23,40,31,94,0,0,62,5,67,0,23,102,36,161,14,36,50,211
04/15/2022,ABI,TX,ASW,CE,Combined TRACON& Tower with Radar,0,19,17,40,76,0,2,23,4,29,0,21,40,44,105,14,8,22,127
04/16/2022,ABI,TX,ASW,CE,Combined TRACON& Tower with Radar,0,16,15,10,41,0,0,20,3,23,0,16,35,13,64,36,2,38,102
04/17/2022,ABI,TX,ASW,CE,Combined TRACON& Tower with Radar,4,15,9,0,28,0,2,20,28,50,4,17,29,28,78,10,0,10,88
04/18/2022,ABI,TX,ASW,CE,Combined TRACON& Tower with Radar,0,20,19,28,67,1,0,41,16,58,1,20,60,44,125,12,12,24,149
04/19/2022,ABI,TX,ASW,CE,Combined TRACON& Tower with Radar,0,23,15,16,54,0,0,15,4,19,0,23,30,20,73,36,60,96,169
04/20/2022,ABI,TX,ASW,CE,Combined TRACON& Tower with Radar,2,20,14,34,70,0,2,18,10,30,2,22,32,44,100,6,52,58,158
04/21/2022,ABI,TX,ASW,CE,Combined TRACON& Tower with Radar,2,22,36,38,98,0,1,18,3,22,2,23,54,41,120,0,28,28,148
04/22/2022,ABI,TX,ASW,CE,Combined TRACON& Tower with Radar,2,18,20,54,94,0,0,9,1,10,2,18,29,55,104,0,28,28,132
04/23/2022,ABI,TX,ASW,CE,Combined TRACON& Tower with Radar,5,18,13,6,42,0,0,4,7,11,5,18,17,13,53,0,10,10,63
04/24/2022,ABI,TX,ASW,CE,Combined TRACON& Tower with Radar,3,13,9,0,25,0,0,1,0,1,3,13,10,0,26,0,0,0,26
04/25/2022,ABI,TX,ASW,CE,Combined TRACON& Tower with Radar,1,21,15,12,49,0,2,23,0,25,1,23,38,12,74,0,0,0,74
04/26/2022,ABI,TX,ASW,CE,Combined TRACON& Tower with Radar,5,27,29,26,87,0,2,50,8,60,5,29,79,34,147,58,16,74,221
04/27/2022,ABI,TX,ASW,CE,Combined TRACON& Tower with Radar,0,23,35,19,77,0,1,19,0,20,0,24,54,19,97,0,0,0,97
04/28/2022,ABI,TX,ASW,CE,Combined TRACON& Tower with Radar,0,26,23,19,68,0,0,24,2,26,0,26,47,21,94,6,4,10,104
04/29/2022,ABI,TX,ASW,CE,Combined TRACON& Tower with Radar,0,21,22,16,59,0,0,19,3,22,0,21,41,19,81,0,0,0,81
04/30/2022,ABI,TX,ASW,CE,Combined TRACON& Tower with Radar,0,19,12,1,32,0,5,39,4,48,0,24,51,5,80,16,8,24,104
05/01/2022,ABI,TX,ASW,CE,Combined TRACON& Tower with Radar,0,12,9,0,21,0,0,13,0,13,0,12,22,0,34,6,0,6,40
05/02/2022,ABI,TX,ASW,CE,Combined TRACON& Tower with Radar,0,19,22,11,52,1,2,9,6,18,1,21,31,17,70,10,0,10,80
05/03/2022,ABI,TX,ASW,CE,Combined TRACON& Tower with Radar,4,20,36,18,78,0,6,20,3,29,4,26,56,21,107,60,20,80,187
05/04/2022,ABI,TX,ASW,CE,Combined TRACON& Tower with Radar,1,20,8,0,29,0,0,5,0,5,1,20,13,0,34,20,0,20,54
05/05/2022,ABI,TX,ASW,CE,Combined TRACON& Tower with Radar,1,32,43,43,119,0,4,35,9,48,1,36,78,52,167,4,28,32,199
05/06/2022,ABI,TX,ASW,CE,Combined TRACON& Tower with Radar,3,23,23,11,60,0,0,44,0,44,3,23,67,11,104,64,0,64,168
05/07/2022,ABI,TX,ASW,CE,Combined TRACON& Tower with Radar,1,16,18,0,35,0,3,20,0,23,1,19,38,0,58,46,0,46,104
05/08/2022,ABI,TX,ASW,CE,Combined TRACON& Tower with Radar,3,16,16,0,35,0,1,18,37,56,3,17,34,37,91,0,0,0,91
05/09/2022,ABI,TX,ASW,CE,Combined TRACON& Tower with Radar,0,17,12,41,70,1,0,25,8,34,1,17,37,49,104,2,28,30,134
05/10/2022,ABI,TX,ASW,CE,Combined TRACON& Tower with Radar,1,18,30,18,67,0,0,14,2,16,1,18,44,20,83,30,6,36,119
05/11/2022,ABI,TX,ASW,CE,Combined TRACON& Tower with Radar,1,27,31,26,85,0,0,40,4,44,1,27,71,30,129,28,20,48,177
05/12/2022,ABI,TX,ASW,CE,Combined TRACON& Tower with Radar,0,30,17,14,61,0,2,29,10,41,0,32,46,24,102,6,24,30,132
05/13/2022,ABI,TX,ASW,CE,Combined TRACON& Tower with Radar,0,22,20,3,45,0,1,19,7,27,0,23,39,10,72,14,2,16,88
05/14/2022,ABI,TX,ASW,CE,Combined TRACON& Tower with Radar,0,19,17,1,37,0,1,39,3,43,0,20,56,4,80,30,0,30,110
05/15/2022,ABI,TX,ASW,CE,Combined TRACON& Tower with Radar,2,13,13,20,48,0,1,30,3,34,2,14,43,23,82,30,0,30,112
05/16/2022,ABI,TX,ASW,CE,Combined TRACON& Tower with Radar,1,19,19,28,67,1,0,29,15,45,2,19,48,43,112,74,8,82,194
05/17/2022,ABI,TX,ASW,CE,Combined TRACON& Tower with Radar,0,20,29,19,68,1,2,25,25,53,1,22,54,44,121,24,18,42,163
05/18/2022,ABI,TX,ASW,CE,Combined TRACON& Tower with Radar,0,21,28,12,61,9,1,35,79,124,9,22,63,91,185,0,0,0,185
05/19/2022,ABI,TX,ASW,CE,Combined TRACON& Tower with Radar,0,30,23,6,59,1,5,30,61,97,1,35,53,67,156,18,0,18,174
05/20/2022,ABI,TX,ASW,CE,Combined TRACON& Tower with Radar,0,19,15,6,40,0,0,34,10,44,0,19,49,16,84,20,0,20,104
05/21/2022,ABI,TX,ASW,CE,Combined TRACON& Tower with Radar,0,18,21,9,48,0,1,21,2,24,0,19,42,11,72,0,0,0,72
05/22/2022,ABI,TX,ASW,CE,Combined TRACON& Tower with Radar,0,13,15,45,73,0,0,33,6,39,0,13,48,51,112,50,8,58,170
05/23/2022,ABI,TX,ASW,CE,Combined TRACON& Tower with Radar,0,17,10,4,31,0,0,1,0,1,0,17,11,4,32,18,4,22,54
05/24/2022,ABI,TX,ASW,CE,Combined TRACON& Tower with Radar,0,21,26,8,55,0,0,0,0,0,0,21,26,8,55,0,0,0,55
05/25/2022,ABI,TX,ASW,CE,Combined TRACON& Tower with Radar,0,28,25,34,87,0,2,23,24,49,0,30,48,58,136,10,26,36,172
05/26/2022,ABI,TX,ASW,CE,Combined TRACON& Tower with Radar,0,25,25,6,56,0,2,52,2,56,0,27,77,8,112,32,0,32,144
05/27/2022,ABI,TX,ASW,CE,Combined TRACON& Tower with Radar,0,29,17,0,46,0,2,48,0,50,0,31,65,0,96,34,0,34,130
05/28/2022,ABI,TX,ASW,CE,Combined TRACON& Tower with Radar,0,19,8,0,27,0,5,21,0,26,0,24,29,0,53,6,0,6,59
05/29/2022,ABI,TX,ASW,CE,Combined TRACON& Tower with Radar,1,11,11,0,23,0,0,8,0,8,1,11,19,0,31,0,0,0,31
05/30/2022,ABI,TX,ASW,CE,Combined TRACON& Tower with Radar,1,16,8,0,25,0,1,12,0,13,1,17,20,0,38,4,0,4,42
05/31/2022,ABI,TX,ASW,CE,Combined TRACON& Tower with Radar,0,18,25,16,59,0,0,20,1,21,0,18,45,17,80,8,26,34,114
06/01/2022,ABI,TX,ASW,CE,Combined TRACON& Tower with Radar,6,26,24,30,86,0,0,15,0,15,6,26,39,30,101,0,0,0,101
06/02/2022,ABI,TX,ASW,CE,Combined TRACON& Tower with Radar,5,24,18,14,61,0,0,9,0,9,5,24,27,14,70,14,10,24,94
06/03/2022,ABI,TX,ASW,CE,Combined TRACON& Tower with Radar,7,16,6,5,34,0,0,12,1,13,7,16,18,6,47,124,0,124,171
06/04/2022,ABI,TX,ASW,CE,Combined TRACON& Tower with Radar,0,15,8,12,35,0,1,21,1,23,0,16,29,13,58,56,8,64,122
06/05/2022,ABI,TX,ASW,CE,Combined TRACON& Tower with Radar,0,14,7,16,37,0,0,29,1,30,0,14,36,17,67,32,4,36,103
06/06/2022,ABI,TX,ASW,CE,Combined TRACON& Tower with Radar,0,17,31,15,63,2,3,29,2,36,2,20,60,17,99,24,32,56,155
06/07/2022,ABI,TX,ASW,CE,Combined TRACON& Tower with Radar,0,24,22,21,67,2,4,37,12,55,2,28,59,33,122,104,0,104,226
06/08/2022,ABI,TX,ASW,CE,Combined TRACON& Tower with Radar,0,20,32,11,63,0,2,23,3,28,0,22,55,14,91,14,0,14,105
06/09/2022,ABI,TX,ASW,CE,Combined TRACON& Tower with Radar,0,22,14,25,61,0,0,34,5,39,0,22,48,30,100,30,0,30,130
06/10/2022,ABI,TX,ASW,CE,Combined TRACON& Tower with Radar,2,24,30,30,86,0,1,49,1,51,2,25,79,31,137,38,24,62,199
06/11/2022,ABI,TX,ASW,CE,Combined TRACON& Tower with Radar,0,17,12,7,36,0,1,51,3,55,0,18,63,10,91,38,4,42,133
06/12/2022,ABI,TX,ASW,CE,Combined TRACON& Tower with Radar,1,14,18,9,42,0,0,15,4,19,1,14,33,13,61,44,0,44,105
06/13/2022,ABI,TX,ASW,CE,Combined TRACON& Tower with Radar,0,22,9,23,54,0,0,23,0,23,0,22,32,23,77,10,0,10,87
06/14/2022,ABI,TX,ASW,CE,Combined TRACON& Tower with Radar,0,24,15,13,52,0,0,18,4,22,0,24,33,17,74,22,0,22,96
06/15/2022,ABI,TX,ASW,CE,Combined TRACON& Tower with Radar,1,25,10,8,44,0,1,24,2,27,1,26,34,10,71,0,0,0,71
06/16/2022,ABI,TX,ASW,CE,Combined TRACON& Tower with Radar,0,21,24,13,58,0,3,41,0,44,0,24,65,13,102,42,28,70,172
06/17/2022,ABI,TX,ASW,CE,Combined TRACON& Tower with Radar,3,21,17,15,56,0,0,31,2,33,3,21,48,17,89,36,0,36,125
06/18/2022,ABI,TX,ASW,CE,Combined TRACON& Tower with Radar,0,15,8,1,24,0,1,31,0,32,0,16,39,1,56,20,0,20,76
06/19/2022,ABI,TX,ASW,CE,Combined TRACON& Tower with Radar,0,12,6,0,18,0,0,11,0,11,0,12,17,0,29,0,0,0,29
06/20/2022,ABI,TX,ASW,CE,Combined TRACON& Tower with Radar,0,19,12,0,31,0,0,43,0,43,0,19,55,0,74,52,0,52,126
06/21/2022,ABI,TX,ASW,CE,Combined TRACON& Tower with Radar,0,19,20,10,49,0,0,34,3,37,0,19,54,13,86,44,0,44,130
06/22/2022,ABI,TX,ASW,CE,Combined TRACON& Tower with Radar,0,21,29,28,78,0,1,37,8,46,0,22,66,36,124,96,40,136,260
06/23/2022,ABI,TX,ASW,CE,Combined TRACON& Tower with Radar,5,22,15,9,51,1,2,34,12,49,6,24,49,21,100,38,2,40,140
06/24/2022,ABI,TX,ASW,CE,Combined TRACON& Tower with Radar,1,26,20,28,75,0,0,44,52,96,1,26,64,80,171,22,50,72,243
06/25/2022,ABI,TX,ASW,CE,Combined TRACON& Tower with Radar,0,17,9,18,44,0,2,45,67,114,0,19,54,85,158,28,0,28,186
06/26/2022,ABI,TX,ASW,CE,Combined TRACON& Tower with Radar,0,16,11,0,27,0,1,20,46,67,0,17,31,46,94,6,0,6,100
06/27/2022,ABI,TX,ASW,CE,Combined TRACON& Tower with Radar,0,18,13,18,49,0,0,31,0,31,0,18,44,18,80,38,28,66,146
06/28/2022,ABI,TX,ASW,CE,Combined TRACON& Tower with Radar,0,21,12,15,48,0,1,8,1,10,0,22,20,16,58,22,50,72,130
06/29/2022,ABI,TX,ASW,CE,Combined TRACON& Tower with Radar,0,24,13,16,53,0,8,41,20,69,0,32,54,36,122,0,0,0,122
06/30/2022,ABI,TX,ASW,CE,Combined TRACON& Tower with Radar,0,24,27,7,58,0,1,50,12,63,0,25,77,19,121,72,36,108,229
07/01/2022,ABI,TX,ASW,CE,Combined TRACON& Tower with Radar,0,20,24,3,47,0,1,24,3,28,0,21,48,6,75,60,0,60,135
07/02/2022,ABI,TX,ASW,CE,Combined TRACON& Tower with Radar,0,17,5,0,22,0,3,26,1,30,0,20,31,1,52,22,0,22,74
07/03/2022,ABI,TX,ASW,CE,Combined TRACON& Tower with Radar,0,11,6,0,17,0,0,18,6,24,0,11,24,6,41,4,0,4,45
07/04/2022,ABI,TX,ASW,CE,Combined TRACON& Tower with Radar,0,12,11,0,23,10,2,37,6,55,10,14,48,6,78,60,0,60,138
07/05/2022,ABI,TX,ASW,CE,Combined TRACON& Tower with Radar,0,15,10,20,45,0,0,25,5,30,0,15,35,25,75,24,4,28,103
07/06/2022,ABI,TX,ASW,CE,Combined TRACON& Tower with Radar,0,23,18,19,60,4,7,34,19,64,4,30,52,38,124,14,0,14,138
07/07/2022,ABI,TX,ASW,CE,Combined TRACON& Tower with Radar,0,23,24,16,63,5,2,40,66,113,5,25,64,82,176,20,0,20,196
07/08/2022,ABI,TX,ASW,CE,Combined TRACON& Tower with Radar,0,24,12,18,54,0,1,24,21,46,0,25,36,39,100,50,6,56,156
07/09/2022,ABI,TX,ASW,CE,Combined TRACON& Tower with Radar,0,15,5,9,29,0,1,28,13,42,0,16,33,22,71,26,0,26,97
07/10/2022,ABI,TX,ASW,CE,Combined TRACON& Tower with Radar,0,15,13,7,35,0,0,30,17,47,0,15,43,24,82,12,0,12,94
07/11/2022,ABI,TX,ASW,CE,Combined TRACON& Tower with Radar,0,17,23,69,109,9,4,46,23,82,9,21,69,92,191,84,0,84,275
07/12/2022,ABI,TX,ASW,CE,Combined TRACON& Tower with Radar,0,21,25,14,60,4,3,27,34,68,4,24,52,48,128,0,0,0,128
07/13/2022,ABI,TX,ASW,CE,Combined TRACON& Tower with Radar,2,22,17,17,58,0,3,26,35,64,2,25,43,52,122,48,22,70,192
07/14/2022,ABI,TX,ASW,CE,Combined TRACON& Tower with Radar,0,28,33,7,68,0,0,33,30,63,0,28,66,37,131,30,0,30,161
07/15/2022,ABI,TX,ASW,CE,Combined TRACON& Tower with Radar,0,25,20,30,75,0,0,44,5,49,0,25,64,35,124,40,16,56,180
07/16/2022,ABI,TX,ASW,CE,Combined TRACON& Tower with Radar,6,19,12,15,52,0,1,29,1,31,6,20,41,16,83,16,0,16,99
07/17/2022,ABI,TX,ASW,CE,Combined TRACON& Tower with Radar,0,13,16,6,35,0,1,16,10,27,0,14,32,16,62,4,0,4,66
07/18/2022,ABI,TX,ASW,CE,Combined TRACON& Tower with Radar,0,19,29,49,97,4,12,32,60,108,4,31,61,109,205,54,44,98,303
07/19/2022,ABI,TX,ASW,CE,Combined TRACON& Tower with Radar,0,18,24,4,46,9,12,37,44,102,9,30,61,48,148,12,0,12,160
07/20/2022,ABI,TX,ASW,CE,Combined TRACON& Tower with Radar,4,19,16,5,44,3,2,35,61,101,7,21,51,66,145,22,0,22,167
07/21/2022,ABI,TX,ASW,CE,Combined TRACON& Tower with Radar,0,23,20,10,53,0,0,23,6,29,0,23,43,16,82,18,0,18,100
07/22/2022,ABI,TX,ASW,CE,Combined TRACON& Tower with Radar,1,20,18,41,80,0,0,30,8,38,1,20,48,49,118,40,20,60,178
07/23/2022,ABI,TX,ASW,CE,Combined TRACON& Tower with Radar,1,20,6,0,27,0,4,14,32,50,1,24,20,32,77,22,0,22,99
07/24/2022,ABI,TX,ASW,CE,Combined TRACON& Tower with Radar,0,21,12,14,47,0,1,29,18,48,0,22,41,32,95,22,6,28,123
07/25/2022,ABI,TX,ASW,CE,Combined TRACON& Tower with Radar,0,18,29,15,62,0,1,40,2,43,0,19,69,17,105,38,72,110,215
07/26/2022,ABI,TX,ASW,CE,Combined TRACON& Tower with Radar,4,23,14,31,72,1,0,21,6,28,5,23,35,37,100,34,40,74,174
07/27/2022,ABI,TX,ASW,CE,Combined TRACON& Tower with Radar,2,19,19,3,43,0,1,24,15,40,2,20,43,18,83,30,10,40,123
07/28/2022,ABI,TX,ASW,CE,Combined TRACON& Tower with Radar,2,26,17,24,69,0,2,35,25,62,2,28,52,49,131,56,8,64,195
07/29/2022,ABI,TX,ASW,CE,Combined TRACON& Tower with Radar,4,20,26,10,60,0,0,31,8,39,4,20,57,18,99,24,6,30,129
07/30/2022,ABI,TX,ASW,CE,Combined TRACON& Tower with Radar,0,19,16,16,51,0,0,28,8,36,0,19,44,24,87,8,8,16,103
07/31/2022,ABI,TX,ASW,CE,Combined TRACON& Tower with Radar,0,18,20,0,38,0,1,35,4,40,0,19,55,4,78,10,0,10,88
08/01/2022,ABI,TX,ASW,CE,Combined TRACON& Tower with Radar,0,18,10,27,55,0,1,20,1,22,0,19,30,28,77,10,0,10,87
08/02/2022,ABI,TX,ASW,CE,Combined TRACON& Tower with Radar,0,16,13,18,47,0,3,31,6,40,0,19,44,24,87,12,0,12,99
08/03/2022,ABI,TX,ASW,CE,Combined TRACON& Tower with Radar,0,17,18,45,80,3,0,38,15,56,3,17,56,60,136,0,0,0,136
08/04/2022,ABI,TX,ASW,CE,Combined TRACON& Tower with Radar,0,23,21,50,94,0,3,33,9,45,0,26,54,59,139,8,4,12,151
08/05/2022,ABI,TX,ASW,CE,Combined TRACON& Tower with Radar,0,23,10,78,111,0,0,43,4,47,0,23,53,82,158,40,0,40,198
08/06/2022,ABI,TX,ASW,CE,Combined TRACON& Tower with Radar,0,13,8,19,40,0,1,31,2,34,0,14,39,21,74,32,12,44,118
08/07/2022,ABI,TX,ASW,CE,Combined TRACON& Tower with Radar,1,12,10,22,45,0,0,17,3,20,1,12,27,25,65,10,8,18,83
08/08/2022,ABI,TX,ASW,CE,Combined TRACON& Tower with Radar,2,20,8,6,36,0,0,32,0,32,2,20,40,6,68,58,0,58,126
08/09/2022,ABI,TX,ASW,CE,Combined TRACON& Tower with Radar,0,17,17,10,44,0,1,26,5,32,0,18,43,15,76,42,0,42,118
08/10/2022,ABI,TX,ASW,CE,Combined TRACON& Tower with Radar,11,19,10,16,56,0,0,23,0,23,11,19,33,16,79,72,26,98,177
08/11/2022,ABI,TX,ASW,CE,Combined TRACON& Tower with Radar,1,23,22,66,112,0,0,33,5,38,1,23,55,71,150,8,2,10,160
08/12/2022,ABI,TX,ASW,CE,Combined TRACON& Tower with Radar,1,20,13,54,88,0,1,35,1,37,1,21,48,55,125,70,26,96,221
08/13/2022,ABI,TX,ASW,CE,Combined TRACON& Tower with Radar,0,17,13,2,32,0,2,35,0,37,0,19,48,2,69,36,0,36,105
08/14/2022,ABI,TX,ASW,CE,Combined TRACON& Tower with Radar,0,14,10,0,24,0,0,34,0,34,0,14,44,0,58,30,0,30,88
08/15/2022,ABI,TX,ASW,CE,Combined TRACON& Tower with Radar,3,15,3,25,46,0,1,26,5,32,3,16,29,30,78,46,0,46,124
08/16/2022,ABI,TX,ASW,CE,Combined TRACON& Tower with Radar,0,19,18,35,72,0,2,20,1,23,0,21,38,36,95,42,0,42,137
08/17/2022,ABI,TX,ASW,CE,Combined TRACON& Tower with Radar,5,23,18,34,80,0,2,21,4,27,5,25,39,38,107,22,0,22,129
08/18/2022,ABI,TX,ASW,CE,Combined TRACON& Tower with Radar,0,21,27,20,68,0,0,13,3,16,0,21,40,23,84,0,2,2,86
08/19/2022,ABI,TX,ASW,CE,Combined TRACON& Tower with Radar,0,25,21,62,108,0,1,25,2,28,0,26,46,64,136,34,26,60,196
08/20/2022,ABI,TX,ASW,CE,Combined TRACON& Tower with Radar,2,15,1,11,29,0,2,25,7,34,2,17,26,18,63,50,0,50,113
08/21/2022,ABI,TX,ASW,CE,Combined TRACON& Tower with Radar,8,21,9,0,38,0,1,8,0,9,8,22,17,0,47,0,0,0,47
08/22/2022,ABI,TX,ASW,CE,Combined TRACON& Tower with Radar,4,15,5,2,26,0,0,0,0,0,4,15,5,2,26,0,0,0,26
08/23/2022,ABI,TX,ASW,CE,Combined TRACON& Tower with Radar,0,23,19,30,72,0,6,16,0,22,0,29,35,30,94,30,14,44,138
08/24/2022,ABI,TX,ASW,CE,Combined TRACON& Tower with Radar,0,23,18,22,63,0,1,19,3,23,0,24,37,25,86,4,2,6,92
08/25/2022,ABI,TX,ASW,CE,Combined TRACON& Tower with Radar,6,19,15,17,57,0,3,27,2,32,6,22,42,19,89,72,60,132,221
08/26/2022,ABI,TX,ASW,CE,Combined TRACON& Tower with Radar,2,21,19,23,65,0,4,29,4,37,2,25,48,27,102,36,62,98,200
08/27/2022,ABI,TX,ASW,CE,Combined TRACON& Tower with Radar,6,17,16,13,52,0,1,24,9,34,6,18,40,22,86,44,8,52,138
08/28/2022,ABI,TX,ASW,CE,Combined TRACON& Tower with Radar,6,12,16,4,38,0,5,14,0,19,6,17,30,4,57,0,0,0,57
08/29/2022,ABI,TX,ASW,CE,Combined TRACON& Tower with Radar,2,16,24,0,42,0,0,13,2,15,2,16,37,2,57,8,4,12,69
08/30/2022,ABI,TX,ASW,CE,Combined TRACON& Tower with Radar,4,21,13,5,43,0,2,6,0,8,4,23,19,5,51,44,6,50,101
08/31/2022,ABI,TX,ASW,CE,Combined TRACON& Tower with Radar,0,21,19,0,40,0,0,7,0,7,0,21,26,0,47,0,0,0,47
09/01/2022,ABI,TX,ASW,CE,Combined TRACON& Tower with Radar,2,19,19,13,53,0,0,3,0,3,2,19,22,13,56,8,4,12,68
09/02/2022,ABI,TX,ASW,CE,Combined TRACON& Tower with Radar,0,21,23,0,44,0,0,18,0,18,0,21,41,0,62,0,0,0,62
09/03/2022,ABI,TX,ASW,CE,Combined TRACON& Tower with Radar,0,21,17,0,38,0,3,29,0,32,0,24,46,0,70,8,0,8,78
09/04/2022,ABI,TX,ASW,CE,Combined TRACON& Tower with Radar,4,10,5,0,19,0,0,24,0,24,4,10,29,0,43,16,0,16,59
09/05/2022,ABI,TX,ASW,CE,Combined TRACON& Tower with Radar,0,14,6,0,20,0,0,20,0,20,0,14,26,0,40,0,0,0,40
09/06/2022,ABI,TX,ASW,CE,Combined TRACON& Tower with Radar,0,15,11,7,33,0,5,31,2,38,0,20,42,9,71,0,0,0,71
09/07/2022,ABI,TX,ASW,CE,Combined TRACON& Tower with Radar,0,29,22,27,78,0,2,34,0,36,0,31,56,27,114,10,2,12,126
09/08/2022,ABI,TX,ASW,CE,Combined TRACON& Tower with Radar,0,23,19,49,91,0,0,28,17,45,0,23,47,66,136,60,34,94,230
09/09/2022,ABI,TX,ASW,CE,Combined TRACON& Tower with Radar,0,22,18,30,70,0,0,28,2,30,0,22,46,32,100,6,71,77,177
09/10/2022,ABI,TX,ASW,CE,Combined TRACON& Tower with Radar,0,15,9,6,30,0,4,24,4,32,0,19,33,10,62,38,0,38,100
09/11/2022,ABI,TX,ASW,CE,Combined TRACON& Tower with Radar,0,14,15,0,29,0,0,24,3,27,0,14,39,3,56,38,0,38,94
09/12/2022,ABI,TX,ASW,CE,Combined TRACON& Tower with Radar,4,15,8,18,45,0,1,30,2,33,4,16,38,20,78,24,26,50,128
09/13/2022,ABI,TX,ASW,CE,Combined TRACON& Tower with Radar,2,18,24,25,69,0,3,30,1,34,2,21,54,26,103,34,4,38,141
09/14/2022,ABI,TX,ASW,CE,Combined TRACON& Tower with Radar,0,20,25,10,55,0,0,51,0,51,0,20,76,10,106,0,0,0,106
09/15/2022,ABI,TX,ASW,CE,Combined TRACON& Tower with Radar,3,17,25,25,70,0,0,21,0,21,3,17,46,25,91,38,6,44,135
09/16/2022,ABI,TX,ASW,CE,Combined TRACON& Tower with Radar,5,28,18,34,85,0,1,30,1,32,5,29,48,35,117,46,58,104,221
09/17/2022,ABI,TX,ASW,CE,Combined TRACON& Tower with Radar,5,19,10,27,61,0,0,15,3,18,5,19,25,30,79,26,14,40,119
09/18/2022,ABI,TX,ASW,CE,Combined TRACON& Tower with Radar,0,11,7,2,20,0,0,26,0,26,0,11,33,2,46,0,0,0,46
09/19/2022,ABI,TX,ASW,CE,Combined TRACON& Tower with Radar,0,18,15,57,90,0,2,29,12,43,0,20,44,69,133,16,20,36,169
09/20/2022,ABI,TX,ASW,CE,Combined TRACON& Tower with Radar,0,21,18,24,63,0,4,29,4,37,0,25,47,28,100,0,0,0,100
09/21/2022,ABI,TX,ASW,CE,Combined TRACON& Tower with Radar,0,30,28,36,94,0,1,28,5,34,0,31,56,41,128,14,36,50,178
09/22/2022,ABI,TX,ASW,CE,Combined TRACON& Tower with Radar,0,33,36,58,127,0,4,23,2,29,0,37,59,60,156,14,54,68,224
09/23/2022,ABI,TX,ASW,CE,Combined TRACON& Tower with Radar,0,23,27,14,64,0,2,26,2,30,0,25,53,16,94,18,30,48,142
09/24/2022,ABI,TX,ASW,CE,Combined TRACON& Tower with Radar,0,21,18,0,39,0,1,25,0,26,0,22,43,0,65,22,0,22,87
09/25/2022,ABI,TX,ASW,CE,Combined TRACON& Tower with Radar,0,15,21,2,38,0,0,12,2,14,0,15,33,4,52,0,0,0,52
09/26/2022,ABI,TX,ASW,CE,Combined TRACON& Tower with Radar,0,15,19,6,40,0,0,27,6,33,0,15,46,12,73,10,0,10,83
09/27/2022,ABI,TX,ASW,CE,Combined TRACON& Tower with Radar,7,18,15,16,56,0,0,36,4,40,7,18,51,20,96,0,0,0,96
09/28/2022,ABI,TX,ASW,CE,Combined TRACON& Tower with Radar,0,21,27,9,57,0,0,41,0,41,0,21,68,9,98,30,0,30,128
09/29/2022,ABI,TX,ASW,CE,Combined TRACON& Tower with Radar,5,21,33,27,86,0,0,34,4,38,5,21,67,31,124,52,14,66,190
09/30/2022,ABI,TX,ASW,CE,Combined TRACON& Tower with Radar,2,21,29,17,69,0,0,32,5,37,2,21,61,22,106,20,22,42,148
10/01/2022,ABI,TX,ASW,CE,Combined TRACON& Tower with Radar,2,14,8,9,33,0,0,52,1,53,2,14,60,10,86,10,14,24,110
10/02/2022,ABI,TX,ASW,CE,Combined TRACON& Tower with Radar,2,12,14,0,28,0,0,29,1,30,2,12,43,1,58,16,0,16,74
10/03/2022,ABI,TX,ASW,CE,Combined TRACON& Tower with Radar,0,21,26,28,75,0,0,37,1,38,0,21,63,29,113,26,16,42,155
10/04/2022,ABI,TX,ASW,CE,Combined TRACON& Tower with Radar,6,20,13,12,51,0,3,30,5,38,6,23,43,17,89,18,30,48,137
10/05/2022,ABI,TX,ASW,CE,Combined TRACON& Tower with Radar,1,24,15,12,52,0,0,24,5,29,1,24,39,17,81,42,30,72,153
10/06/2022,ABI,TX,ASW,CE,Combined TRACON& Tower with Radar,1,21,34,19,75,0,1,32,0,33,1,22,66,19,108,30,26,56,164
10/07/2022,ABI,TX,ASW,CE,Combined TRACON& Tower with Radar,0,20,27,33,80,0,0,34,2,36,0,20,61,35,116,12,40,52,168
10/08/2022,ABI,TX,ASW,CE,Combined TRACON& Tower with Radar,0,21,17,0,38,0,0,20,2,22,0,21,37,2,60,48,0,48,108
10/09/2022,ABI,TX,ASW,CE,Combined TRACON& Tower with Radar,0,12,17,4,33,0,1,13,0,14,0,13,30,4,47,24,0,24,71
10/10/2022,ABI,TX,ASW,CE,Combined TRACON& Tower with Radar,0,29,19,0,48,0,0,8,0,8,0,29,27,0,56,24,0,24,80
10/11/2022,ABI,TX,ASW,CE,Combined TRACON& Tower with Radar,2,20,21,14,57,0,0,16,1,17,2,20,37,15,74,0,0,0,74
10/12/2022,ABI,TX,ASW,CE,Combined TRACON& Tower with Radar,0,24,35,33,92,0,0,27,2,29,0,24,62,35,121,0,16,16,137
10/13/2022,ABI,TX,ASW,CE,Combined TRACON& Tower with Radar,2,21,19,40,82,0,0,38,6,44,2,21,57,46,126,18,0,18,144
10/14/2022,ABI,TX,ASW,CE,Combined TRACON& Tower with Radar,3,22,32,0,57,0,2,27,0,29,3,24,59,0,86,18,0,18,104
10/15/2022,ABI,TX,ASW,CE,Combined TRACON& Tower with Radar,1,16,14,0,31,0,0,31,0,31,1,16,45,0,62,16,0,16,78
10/16/2022,ABI,TX,ASW,CE,Combined TRACON& Tower with Radar,0,14,15,0,29,0,0,1,0,1,0,14,16,0,30,0,0,0,30
10/17/2022,ABI,TX,ASW,CE,Combined TRACON& Tower with Radar,0,15,21,6,42,0,0,9,0,9,0,15,30,6,51,0,0,0,51
10/18/2022,ABI,TX,ASW,CE,Combined TRACON& Tower with Radar,0,17,19,54,90,0,1,48,7,56,0,18,67,61,146,0,0,0,146
10/19/2022,ABI,TX,ASW,CE,Combined TRACON& Tower with Radar,0,22,22,67,111,0,0,35,6,41,0,22,57,73,152,20,50,70,222
10/20/2022,ABI,TX,ASW,CE,Combined TRACON& Tower with Radar,0,22,28,43,93,0,0,22,11,33,0,22,50,54,126,40,34,74,200
10/21/2022,ABI,TX,ASW,CE,Combined TRACON& Tower with Radar,0,32,15,9,56,0,0,19,1,20,0,32,34,10,76,12,0,12,88
10/22/2022,ABI,TX,ASW,CE,Combined TRACON& Tower with Radar,0,17,12,7,36,0,0,15,3,18,0,17,27,10,54,0,2,2,56
10/23/2022,ABI,TX,ASW,CE,Combined TRACON& Tower with Radar,0,14,13,3,30,0,0,10,3,13,0,14,23,6,43,0,6,6,49
10/24/2022,ABI,TX,ASW,CE,Combined TRACON& Tower with Radar,5,16,9,17,47,0,0,4,1,5,5,16,13,18,52,0,0,0,52
10/25/2022,ABI,TX,ASW,CE,Combined TRACON& Tower with Radar,1,28,18,10,57,0,0,16,2,18,1,28,34,12,75,40,4,44,119
10/26/2022,ABI,TX,ASW,CE,Combined TRACON& Tower with Radar,2,27,18,28,75,0,2,27,9,38,2,29,45,37,113,50,20,70,183
10/27/2022,ABI,TX,ASW,CE,Combined TRACON& Tower with Radar,2,21,28,21,72,0,0,25,3,28,2,21,53,24,100,8,4,12,112
10/28/2022,ABI,TX,ASW,CE,Combined TRACON& Tower with Radar,3,18,9,10,40,0,0,0,0,0,3,18,9,10,40,0,12,12,52
10/29/2022,ABI,TX,ASW,CE,Combined TRACON& Tower with Radar,2,18,14,25,59,0,0,9,0,9,2,18,23,25,68,26,0,26,94
10/30/2022,ABI,TX,ASW,CE,Combined TRACON& Tower with Radar,0,17,11,11,39,0,4,32,3,39,0,21,43,14,78,42,48,90,168
10/31/2022,ABI,TX,ASW,CE,Combined TRACON& Tower with Radar,5,17,20,20,62,0,2,35,3,40,5,19,55,23,102,20,20,40,142
11/01/2022,ABI,TX,ASW,CE,Combined TRACON& Tower with Radar,0,18,37,24,79,0,0,31,10,41,0,18,68,34,120,46,24,70,190
11/02/2022,ABI,TX,ASW,CE,Combined TRACON& Tower with Radar,1,26,23,16,66,0,2,9,3,14,1,28,32,19,80,0,0,0,80
11/03/2022,ABI,TX,ASW,CE,Combined TRACON& Tower with Radar,1,22,30,0,53,0,0,5,2,7,1,22,35,2,60,0,0,0,60
11/04/2022,ABI,TX,ASW,CE,Combined TRACON& Tower with Radar,2,18,15,13,48,0,0,10,7,17,2,18,25,20,65,0,0,0,65
11/05/2022,ABI,TX,ASW,CE,Combined TRACON& Tower with Radar,0,17,19,7,43,0,0,40,0,40,0,17,59,7,83,14,0,14,97
11/06/2022,ABI,TX,ASW,CE,Combined TRACON& Tower with Radar,2,13,14,8,37,0,4,35,3,42,2,17,49,11,79,19,8,27,106
11/07/2022,ABI,TX,ASW,CE,Combined TRACON& Tower with Radar,0,17,32,39,88,0,0,11,4,15,0,17,43,43,103,0,0,0,103
11/08/2022,ABI,TX,ASW,CE,Combined TRACON& Tower with Radar,2,20,39,29,90,0,0,10,2,12,2,20,49,31,102,10,54,64,166
11/09/2022,ABI,TX,ASW,CE,Combined TRACON& Tower with Radar,5,18,29,59,111,0,0,13,0,13,5,18,42,59,124,44,16,60,184
11/10/2022,ABI,TX,ASW,CE,Combined TRACON& Tower with Radar,0,25,36,42,103,0,0,17,2,19,0,25,53,44,122,26,20,46,168
11/11/2022,ABI,TX,ASW,CE,Combined TRACON& Tower with Radar,6,20,19,0,45,0,0,2,0,2,6,20,21,0,47,0,0,0,47
11/12/2022,ABI,TX,ASW,CE,Combined TRACON& Tower with Radar,3,17,24,0,44,0,1,28,0,29,3,18,52,0,73,52,0,52,125
11/13/2022,ABI,TX,ASW,CE,Combined TRACON& Tower with Radar,0,14,15,2,31,0,0,20,0,20,0,14,35,2,51,18,6,24,75
11/14/2022,ABI,TX,ASW,CE,Combined TRACON& Tower with Radar,3,18,7,2,30,0,0,9,0,9,3,18,16,2,39,12,0,12,51
11/15/2022,ABI,TX,ASW,CE,Combined TRACON& Tower with Radar,0,23,16,24,63,0,0,22,6,28,0,23,38,30,91,16,2,18,109
11/16/2022,ABI,TX,ASW,CE,Combined TRACON& Tower with Radar,7,23,22,19,71,0,0,36,4,40,7,23,58,23,111,20,26,46,157
11/17/2022,ABI,TX,ASW,CE,Combined TRACON& Tower with Radar,0,23,20,7,50,0,2,32,4,38,0,25,52,11,88,18,0,18,106
11/18/2022,ABI,TX,ASW,CE,Combined TRACON& Tower with Radar,0,20,12,66,98,0,0,15,7,22,0,20,27,73,120,10,18,28,148
11/19/2022,ABI,TX,ASW,CE,Combined TRACON& Tower with Radar,0,17,6,0,23,0,0,15,0,15,0,17,21,0,38,22,0,22,60
11/20/2022,ABI,TX,ASW,CE,Combined TRACON& Tower with Radar,0,12,8,0,20,0,0,20,0,20,0,12,28,0,40,10,0,10,50
11/21/2022,ABI,TX,ASW,CE,Combined TRACON& Tower with Radar,0,17,11,55,83,0,0,10,6,16,0,17,21,61,99,8,78,86,185
11/22/2022,ABI,TX,ASW,CE,Combined TRACON& Tower with Radar,0,24,36,34,94,0,2,19,6,27,0,26,55,40,121,18,36,54,175
11/23/2022,ABI,TX,ASW,CE,Combined TRACON& Tower with Radar,0,19,15,25,59,0,0,5,0,5,0,19,20,25,64,0,0,0,64
11/24/2022,ABI,TX,ASW,CE,Combined TRACON& Tower with Radar,0,10,7,0,17,0,0,0,0,0,0,10,7,0,17,0,0,0,17
11/25/2022,ABI,TX,ASW,CE,Combined TRACON& Tower with Radar,0,20,7,0,27,0,0,0,0,0,0,20,7,0,27,0,0,0,27
11/26/2022,ABI,TX,ASW,CE,Combined TRACON& Tower with Radar,0,16,10,3,29,0,0,4,2,6,0,16,14,5,35,2,0,2,37
11/27/2022,ABI,TX,ASW,CE,Combined TRACON& Tower with Radar,0,16,20,0,36,0,2,26,0,28,0,18,46,0,64,8,0,8,72
11/28/2022,ABI,TX,ASW,CE,Combined TRACON& Tower with Radar,0,22,14,8,44,0,2,23,8,33,0,24,37,16,77,24,62,86,163
11/29/2022,ABI,TX,ASW,CE,Combined TRACON& Tower with Radar,1,22,10,48,81,0,0,17,8,25,1,22,27,56,106,0,0,0,106
11/30/2022,ABI,TX,ASW,CE,Combined TRACON& Tower with Radar,6,24,20,39,89,0,0,25,13,38,6,24,45,52,127,4,20,24,151
12/01/2022,ABI,TX,ASW,CE,Combined TRACON& Tower with Radar,8,16,22,14,60,0,0,13,0,13,8,16,35,14,73,10,36,46,119
12/02/2022,ABI,TX,ASW,CE,Combined TRACON& Tower with Radar,7,17,24,18,66,0,0,15,3,18,7,17,39,21,84,0,38,38,122
12/03/2022,ABI,TX,ASW,CE,Combined TRACON& Tower with Radar,6,11,6,3,26,0,1,17,1,19,6,12,23,4,45,18,0,18,63
12/04/2022,ABI,TX,ASW,CE,Combined TRACON& Tower with Radar,6,3,15,0,24,0,4,10,0,14,6,7,25,0,38,38,0,38,76
12/05/2022,ABI,TX,ASW,CE,Combined TRACON& Tower with Radar,6,6,33,4,49,0,0,24,0,24,6,6,57,4,73,20,10,30,103
12/06/2022,ABI,TX,ASW,CE,Combined TRACON& Tower with Radar,6,20,18,26,70,0,0,6,3,9,6,20,24,29,79,26,16,42,121
12/07/2022,ABI,TX,ASW,CE,Combined TRACON& Tower with Radar,7,16,23,10,56,0,0,7,0,7,7,16,30,10,63,0,0,0,63
12/08/2022,ABI,TX,ASW,CE,Combined TRACON& Tower with Radar,7,12,33,34,86,0,0,16,1,17,7,12,49,35,103,12,10,22,125
12/09/2022,ABI,TX,ASW,CE,Combined TRACON& Tower with Radar,14,6,12,0,32,0,0,0,0,0,14,6,12,0,32,0,0,0,32
12/10/2022,ABI,TX,ASW,CE,Combined TRACON& Tower with Radar,9,4,10,0,23,0,0,0,0,0,9,4,10,0,23,0,0,0,23
12/11/2022,ABI,TX,ASW,CE,Combined TRACON& Tower with Radar,6,1,9,0,16,0,0,0,0,0,6,1,9,0,16,0,0,0,16
12/12/2022,ABI,TX,ASW,CE,Combined TRACON& Tower with Radar,6,8,14,2,30,0,0,2,1,3,6,8,16,3,33,0,0,0,33
12/13/2022,ABI,TX,ASW,CE,Combined TRACON& Tower with Radar,10,18,25,26,79,0,0,20,2,22,10,18,45,28,101,2,26,28,129
12/14/2022,ABI,TX,ASW,CE,Combined TRACON& Tower with Radar,11,18,23,42,94,0,3,28,0,31,11,21,51,42,125,0,0,0,125
12/15/2022,ABI,TX,ASW,CE,Combined TRACON& Tower with Radar,6,14,22,52,94,0,1,50,3,54,6,15,72,55,148,26,8,34,182
12/16/2022,ABI,TX,ASW,CE,Combined TRACON& Tower with Radar,6,13,27,36,82,0,0,28,9,37,6,13,55,45,119,34,76,110,229
12/17/2022,ABI,TX,ASW,CE,Combined TRACON& Tower with Radar,6,7,15,4,32,0,0,38,0,38,6,7,53,4,70,14,0,14,84
12/18/2022,ABI,TX,ASW,CE,Combined TRACON& Tower with Radar,6,0,8,0,14,0,0,15,0,15,6,0,23,0,29,12,0,12,41
12/19/2022,ABI,TX,ASW,CE,Combined TRACON& Tower with Radar,7,6,23,31,67,0,0,16,0,16,7,6,39,31,83,12,18,30,113
12/20/2022,ABI,TX,ASW,CE,Combined TRACON& Tower with Radar,8,17,20,4,49,0,0,0,0,0,8,17,20,4,49,0,0,0,49
12/21/2022,ABI,TX,ASW,CE,Combined TRACON& Tower with Radar,6,16,22,14,58,0,0,4,0,4,6,16,26,14,62,0,0,0,62
12/22/2022,ABI,TX,ASW,CE,Combined TRACON& Tower with Radar,6,14,4,2,26,0,0,0,0,0,6,14,4,2,26,0,0,0,26
12/23/2022,ABI,TX,ASW,CE,Combined TRACON& Tower with Radar,7,10,11,0,28,0,1,17,0,18,7,11,28,0,46,10,0,10,56
12/24/2022,ABI,TX,ASW,CE,Combined TRACON& Tower with Radar,7,2,1,0,10,0,0,16,0,16,7,2,17,0,26,0,0,0,26
12/25/2022,ABI,TX,ASW,CE,Combined TRACON& Tower with Radar,6,4,0,0,10,0,0,7,0,7,6,4,7,0,17,0,0,0,17
12/26/2022,ABI,TX,ASW,CE,Combined TRACON& Tower with Radar,5,2,15,0,22,0,0,13,0,13,5,2,28,0,35,0,0,0,35
12/27/2022,ABI,TX,ASW,CE,Combined TRACON& Tower with Radar,11,7,9,4,31,0,0,16,0,16,11,7,25,4,47,0,0,0,47
12/28/2022,ABI,TX,ASW,CE,Combined TRACON& Tower with Radar,6,10,11,7,34,0,0,10,0,10,6,10,21,7,44,0,0,0,44
12/29/2022,ABI,TX,ASW,CE,Combined TRACON& Tower with Radar,7,20,16,4,47,0,3,15,0,18,7,23,31,4,65,12,6,18,83
12/30/2022,ABI,TX,ASW,CE,Combined TRACON& Tower with Radar,6,11,10,0,27,0,1,15,0,16,6,12,25,0,43,22,0,22,65
12/31/2022,ABI,TX,ASW,CE,Combined TRACON& Tower with Radar,11,6,7,0,24,0,0,11,0,11,11,6,18,0,35,8,0,8,43
01/01/2023,ABI,TX,ASW,CE,Combined TRACON& Tower with Radar,5,3,20,0,28,0,0,19,0,19,5,3,39,0,47,10,0,10,57
01/02/2023,ABI,TX,ASW,CE,Combined TRACON& Tower with Radar,9,7,12,0,28,0,0,7,0,7,9,7,19,0,35,12,0,12,47
01/03/2023,ABI,TX,ASW,CE,Combined TRACON& Tower with Radar,6,10,11,0,27,0,0,7,0,7,6,10,18,0,34,20,0,20,54
01/04/2023,ABI,TX,ASW,CE,Combined TRACON& Tower with Radar,6,10,13,3,32,0,0,24,0,24,6,10,37,3,56,0,0,0,56
01/05/2023,ABI,TX,ASW,CE,Combined TRACON& Tower with Radar,8,12,29,30,79,0,0,32,14,46,8,12,61,44,125,32,10,42,167
01/06/2023,ABI,TX,ASW,CE,Combined TRACON& Tower with Radar,8,11,21,18,58,0,0,16,1,17,8,11,37,19,75,0,20,20,95
01/07/2023,ABI,TX,ASW,CE,Combined TRACON& Tower with Radar,7,13,9,18,47,0,0,36,3,39,7,13,45,21,86,28,24,52,138
01/08/2023,ABI,TX,ASW,CE,Combined TRACON& Tower with Radar,6,8,11,8,33,0,0,45,5,50,6,8,56,13,83,0,8,8,91
01/09/2023,ABI,TX,ASW,CE,Combined TRACON& Tower with Radar,6,5,14,20,45,0,0,27,7,34,6,5,41,27,79,0,0,0,79
01/10/2023,ABI,TX,ASW,CE,Combined TRACON& Tower with Radar,6,10,17,41,74,0,0,30,2,32,6,10,47,43,106,16,32,48,154
01/11/2023,ABI,TX,ASW,CE,Combined TRACON& Tower with Radar,8,8,24,8,48,0,0,10,2,12,8,8,34,10,60,0,0,0,60
01/12/2023,ABI,TX,ASW,CE,Combined TRACON& Tower with Radar,8,9,27,43,87,0,1,32,3,36,8,10,59,46,123,4,32,36,159
01/13/2023,ABI,TX,ASW,CE,Combined TRACON& Tower with Radar,8,9,27,27,71,0,0,33,4,37,8,9,60,31,108,22,36,58,166
01/14/2023,ABI,TX,ASW,CE,Combined TRACON& Tower with Radar,6,4,14,0,24,0,1,15,0,16,6,5,29,0,40,0,0,0,40
01/15/2023,ABI,TX,ASW,CE,Combined TRACON& Tower with Radar,7,0,8,0,15,0,0,7,0,7,7,0,15,0,22,0,0,0,22
01/16/2023,ABI,TX,ASW,CE,Combined TRACON& Tower with Radar,10,3,14,0,27,0,0,17,0,17,10,3,31,0,44,4,0,4,48
01/17/2023,ABI,TX,ASW,CE,Combined TRACON& Tower with Radar,7,10,25,36,78,0,0,33,1,34,7,10,58,37,112,0,0,0,112
01/18/2023,ABI,TX,ASW,CE,Combined TRACON& Tower with Radar,8,11,17,6,42,0,0,9,2,11,8,11,26,8,53,0,0,0,53
01/19/2023,ABI,TX,ASW,CE,Combined TRACON& Tower with Radar,10,15,36,43,104,0,1,32,6,39,10,16,68,49,143,12,32,44,187
01/20/2023,ABI,TX,ASW,CE,Combined TRACON& Tower with Radar,10,9,26,65,110,0,0,30,5,35,10,9,56,70,145,2,66,68,213
01/21/2023,ABI,TX,ASW,CE,Combined TRACON& Tower with Radar,8,7,20,0,35,0,0,23,2,25,8,7,43,2,60,0,0,0,60
01/22/2023,ABI,TX,ASW,CE,Combined TRACON& Tower with Radar,8,6,29,8,51,0,0,50,0,50,8,6,79,8,101,0,0,0,101
01/23/2023,ABI,TX,ASW,CE,Combined TRACON& Tower with Radar,8,3,17,34,62,0,0,18,4,22,8,3,35,38,84,4,20,24,108
01/24/2023,ABI,TX,ASW,CE,Combined TRACON& Tower with Radar,6,1,7,0,14,0,0,0,0,0,6,1,7,0,14,0,0,0,14
01/25/2023,ABI,TX,ASW,CE,Combined TRACON& Tower with Radar,11,8,41,59,119,0,0,21,14,35,11,8,62,73,154,0,0,0,154
01/26/2023,ABI,TX,ASW,CE,Combined TRACON& Tower with Radar,15,11,50,26,102,0,2,36,0,38,15,13,86,26,140,0,0,0,140
01/27/2023,ABI,TX,ASW,CE,Combined TRACON& Tower with Radar,8,7,21,61,97,0,0,30,2,32,8,7,51,63,129,0,50,50,179
01/28/2023,ABI,TX,ASW,CE,Combined TRACON& Tower with Radar,8,4,17,19,48,0,0,16,9,25,8,4,33,28,73,0,0,0,73
01/29/2023,ABI,TX,ASW,CE,Combined TRACON& Tower with Radar,8,4,13,5,30,0,0,0,0,0,8,4,13,5,30,0,0,0,30
01/30/2023,ABI,TX,ASW,CE,Combined TRACON& Tower with Radar,5,2,2,0,9,0,0,2,0,2,5,2,4,0,11,0,0,0,11
01/31/2023,ABI,TX,ASW,CE,Combined TRACON& Tower with Radar,1,1,0,0,2,0,0,0,0,0,1,1,0,0,2,0,0,0,2
02/01/2023,ABI,TX,ASW,CE,Combined TRACON& Tower with Radar,0,0,0,0,0,0,0,0,0,0,0,0,0,0,0,0,0,0,0
02/02/2023,ABI,TX,ASW,CE,Combined TRACON& Tower with Radar,5,4,6,0,15,0,0,0,0,0,5,4,6,0,15,0,0,0,15
02/03/2023,ABI,TX,ASW,CE,Combined TRACON& Tower with Radar,6,24,17,61,108,0,3,28,23,54,6,27,45,84,162,16,82,98,260
02/04/2023,ABI,TX,ASW,CE,Combined TRACON& Tower with Radar,6,9,4,2,21,0,0,14,0,14,6,9,18,2,35,4,0,4,39
02/05/2023,ABI,TX,ASW,CE,Combined TRACON& Tower with Radar,6,0,13,15,34,0,0,38,5,43,6,0,51,20,77,26,8,34,111
02/06/2023,ABI,TX,ASW,CE,Combined TRACON& Tower with Radar,8,9,17,41,75,0,0,15,4,19,8,9,32,45,94,10,12,22,116
02/07/2023,ABI,TX,ASW,CE,Combined TRACON& Tower with Radar,6,15,17,12,50,0,0,0,0,0,6,15,17,12,50,0,0,0,50
02/08/2023,ABI,TX,ASW,CE,Combined TRACON& Tower with Radar,8,15,23,22,68,0,0,7,5,12,8,15,30,27,80,26,14,40,120
02/09/2023,ABI,TX,ASW,CE,Combined TRACON& Tower with Radar,6,15,38,37,96,0,0,45,6,51,6,15,83,43,147,62,74,136,283
02/10/2023,ABI,TX,ASW,CE,Combined TRACON& Tower with Radar,8,13,32,24,77,0,0,26,3,29,8,13,58,27,106,4,18,22,128
02/11/2023,ABI,TX,ASW,CE,Combined TRACON& Tower with Radar,4,5,10,23,42,0,1,44,3,48,4,6,54,26,90,0,0,0,90
02/12/2023,ABI,TX,ASW,CE,Combined TRACON& Tower with Radar,6,1,14,0,21,0,0,11,0,11,6,1,25,0,32,0,0,0,32
02/13/2023,ABI,TX,ASW,CE,Combined TRACON& Tower with Radar,8,3,25,14,50,0,0,20,14,34,8,3,45,28,84,24,50,74,158
02/14/2023,ABI,TX,ASW,CE,Combined TRACON& Tower with Radar,8,7,14,0,29,0,1,2,0,3,8,8,16,0,32,0,0,0,32
02/15/2023,ABI,TX,ASW,CE,Combined TRACON& Tower with Radar,5,9,19,33,66,0,1,14,2,17,5,10,33,35,83,0,12,12,95
02/16/2023,ABI,TX,ASW,CE,Combined TRACON& Tower with Radar,6,13,35,30,84,0,1,28,8,37,6,14,63,38,121,0,0,0,121
02/17/2023,ABI,TX,ASW,CE,Combined TRACON& Tower with Radar,8,12,44,11,75,0,2,54,9,65,8,14,98,20,140,38,22,60,200
02/18/2023,ABI,TX,ASW,CE,Combined TRACON& Tower with Radar,4,6,10,0,20,0,3,33,0,36,4,9,43,0,56,0,0,0,56
02/19/2023,ABI,TX,ASW,CE,Combined TRACON& Tower with Radar,6,2,14,0,22,0,2,22,0,24,6,4,36,0,46,0,0,0,46
02/20/2023,ABI,TX,ASW,CE,Combined TRACON& Tower with Radar,8,3,10,0,21,0,0,10,0,10,8,3,20,0,31,6,0,6,37
02/21/2023,ABI,TX,ASW,CE,Combined TRACON& Tower with Radar,6,10,18,46,80,0,1,10,3,14,6,11,28,49,94,14,4,18,112
02/22/2023,ABI,TX,ASW,CE,Combined TRACON& Tower with Radar,6,4,8,8,26,0,0,9,4,13,6,4,17,12,39,6,34,40,79
02/23/2023,ABI,TX,ASW,CE,Combined TRACON& Tower with Radar,9,10,22,18,59,0,2,43,9,54,9,12,65,27,113,26,40,66,179
02/24/2023,ABI,TX,ASW,CE,Combined TRACON& Tower with Radar,7,11,25,25,68,0,0,5,2,7,7,11,30,27,75,62,0,62,137
02/25/2023,ABI,TX,ASW,CE,Combined TRACON& Tower with Radar,5,4,6,0,15,0,0,1,0,1,5,4,7,0,16,0,0,0,16
02/26/2023,ABI,TX,ASW,CE,Combined TRACON& Tower with Radar,6,0,6,0,12,0,0,4,0,4,6,0,10,0,16,0,0,0,16
02/27/2023,ABI,TX,ASW,CE,Combined TRACON& Tower with Radar,7,6,12,19,44,0,0,24,3,27,7,6,36,22,71,8,20,28,99
02/28/2023,ABI,TX,ASW,CE,Combined TRACON& Tower with Radar,7,13,21,52,93,0,0,30,14,44,7,13,51,66,137,0,0,0,137
03/01/2023,ABI,TX,ASW,CE,Combined TRACON& Tower with Radar,7,14,22,16,59,0,3,20,2,25,7,17,42,18,84,10,30,40,124
03/02/2023,ABI,TX,ASW,CE,Combined TRACON& Tower with Radar,8,9,18,10,45,0,0,5,1,6,8,9,23,11,51,36,0,36,87
03/03/2023,ABI,TX,ASW,CE,Combined TRACON& Tower with Radar,12,12,25,10,59,0,1,42,1,44,12,13,67,11,103,58,6,64,167
03/04/2023,ABI,TX,ASW,CE,Combined TRACON& Tower with Radar,4,5,13,2,24,0,1,39,0,40,4,6,52,2,64,0,0,0,64
03/05/2023,ABI,TX,ASW,CE,Combined TRACON& Tower with Radar,6,0,9,3,18,0,0,12,7,19,6,0,21,10,37,0,0,0,37
03/06/2023,ABI,TX,ASW,CE,Combined TRACON& Tower with Radar,6,3,24,16,49,0,1,26,4,31,6,4,50,20,80,32,0,32,112
03/07/2023,ABI,TX,ASW,CE,Combined TRACON& Tower with Radar,6,18,28,21,73,0,0,0,0,0,6,18,28,21,73,64,6,70,143
03/08/2023,ABI,TX,ASW,CE,Combined TRACON& Tower with Radar,4,9,21,0,34,0,0,0,0,0,4,9,21,0,34,0,0,0,34
03/09/2023,ABI,TX,ASW,CE,Combined TRACON& Tower with Radar,9,14,17,2,42,0,0,0,0,0,9,14,17,2,42,0,0,0,42
03/10/2023,ABI,TX,ASW,CE,Combined TRACON& Tower with Radar,8,14,30,4,56,0,0,14,0,14,8,14,44,4,70,62,24,86,156
03/11/2023,ABI,TX,ASW,CE,Combined TRACON& Tower with Radar,6,6,11,0,23,0,1,11,0,12,6,7,22,0,35,0,0,0,35
03/12/2023,ABI,TX,ASW,CE,Combined TRACON& Tower with Radar,6,4,13,0,23,0,1,18,4,23,6,5,31,4,46,0,0,0,46
03/13/2023,ABI,TX,ASW,CE,Combined TRACON& Tower with Radar,7,7,19,13,46,0,1,33,3,37,7,8,52,16,83,48,6,54,137
03/14/2023,ABI,TX,ASW,CE,Combined TRACON& Tower with Radar,7,9,19,39,74,0,1,22,7,30,7,10,41,46,104,0,0,0,104
03/15/2023,ABI,TX,ASW,CE,Combined TRACON& Tower with Radar,6,9,10,6,31,0,1,12,1,14,6,10,22,7,45,12,8,20,65
03/16/2023,ABI,TX,ASW,CE,Combined TRACON& Tower with Radar,8,13,22,9,52,0,1,3,2,6,8,14,25,11,58,0,0,0,58
03/17/2023,ABI,TX,ASW,CE,Combined TRACON& Tower with Radar,6,13,16,35,70,0,1,19,8,28,6,14,35,43,98,0,0,0,98
03/18/2023,ABI,TX,ASW,CE,Combined TRACON& Tower with Radar,5,5,13,4,27,0,1,38,0,39,5,6,51,4,66,0,0,0,66
03/19/2023,ABI,TX,ASW,CE,Combined TRACON& Tower with Radar,7,4,17,11,39,0,2,21,2,25,7,6,38,13,64,0,0,0,64
03/20/2023,ABI,TX,ASW,CE,Combined TRACON& Tower with Radar,7,8,11,15,41,0,0,1,1,2,7,8,12,16,43,34,4,38,81
03/21/2023,ABI,TX,ASW,CE,Combined TRACON& Tower with Radar,6,8,16,6,36,0,0,3,6,9,6,8,19,12,45,0,0,0,45
03/22/2023,ABI,TX,ASW,CE,Combined TRACON& Tower with Radar,5,10,15,25,55,0,0,19,8,27,5,10,34,33,82,14,46,60,142
03/23/2023,ABI,TX,ASW,CE,Combined TRACON& Tower with Radar,6,19,25,3,53,0,0,4,0,4,6,19,29,3,57,0,0,0,57
03/24/2023,ABI,TX,ASW,CE,Combined TRACON& Tower with Radar,7,10,16,4,37,0,0,9,0,9,7,10,25,4,46,10,0,10,56
03/25/2023,ABI,TX,ASW,CE,Combined TRACON& Tower with Radar,4,8,11,2,25,0,1,19,4,24,4,9,30,6,49,6,12,18,67
03/26/2023,ABI,TX,ASW,CE,Combined TRACON& Tower with Radar,6,0,13,2,21,0,0,29,0,29,6,0,42,2,50,0,0,0,50
03/27/2023,ABI,TX,ASW,CE,Combined TRACON& Tower with Radar,6,7,19,24,56,0,0,25,1,26,6,7,44,25,82,66,30,96,178
03/28/2023,ABI,TX,ASW,CE,Combined TRACON& Tower with Radar,7,12,29,27,75,0,0,29,2,31,7,12,58,29,106,26,92,118,224
03/29/2023,ABI,TX,ASW,CE,Combined TRACON& Tower with Radar,4,10,34,20,68,0,2,42,5,49,4,12,76,25,117,80,78,158,275
03/30/2023,ABI,TX,ASW,CE,Combined TRACON& Tower with Radar,6,15,28,59,108,0,0,4,1,5,6,15,32,60,113,0,16,16,129
03/31/2023,ABI,TX,ASW,CE,Combined TRACON& Tower with Radar,7,11,8,2,28,0,0,8,0,8,7,11,16,2,36,0,0,0,36
04/01/2023,ABI,TX,ASW,CE,Combined TRACON& Tower with Radar,5,12,12,0,29,0,1,41,1,43,5,13,53,1,72,38,0,38,110
04/02/2023,ABI,TX,ASW,CE,Combined TRACON& Tower with Radar,8,0,8,17,33,0,0,13,4,17,8,0,21,21,50,6,0,6,56
04/03/2023,ABI,TX,ASW,CE,Combined TRACON& Tower with Radar,11,5,13,36,65,0,2,35,11,48,11,7,48,47,113,110,30,140,253
04/04/2023,ABI,TX,ASW,CE,Combined TRACON& Tower with Radar,7,9,19,32,67,0,2,17,26,45,7,11,36,58,112,72,32,104,216
04/05/2023,ABI,TX,ASW,CE,Combined TRACON& Tower with Radar,6,11,54,48,119,0,3,47,20,70,6,14,101,68,189,134,108,242,431
04/06/2023,ABI,TX,ASW,CE,Combined TRACON& Tower with Radar,6,16,23,28,73,0,0,26,1,27,6,16,49,29,100,10,0,10,110
04/07/2023,ABI,TX,ASW,CE,Combined TRACON& Tower with Radar,6,16,24,37,83,0,0,10,1,11,6,16,34,38,94,0,10,10,104
04/08/2023,ABI,TX,ASW,CE,Combined TRACON& Tower with Radar,6,4,14,0,24,0,0,27,0,27,6,4,41,0,51,12,0,12,63
04/09/2023,ABI,TX,ASW,CE,Combined TRACON& Tower with Radar,5,2,4,0,11,0,0,18,0,18,5,2,22,0,29,24,0,24,53
04/10/2023,ABI,TX,ASW,CE,Combined TRACON& Tower with Radar,6,6,11,38,61,0,0,26,3,29,6,6,37,41,90,76,32,108,198
04/11/2023,ABI,TX,ASW,CE,Combined TRACON& Tower with Radar,8,7,22,26,63,0,3,24,5,32,8,10,46,31,95,58,0,58,153
04/12/2023,ABI,TX,ASW,CE,Combined TRACON& Tower with Radar,6,17,34,30,87,0,2,29,10,41,6,19,63,40,128,42,52,94,222
04/13/2023,ABI,TX,ASW,CE,Combined TRACON& Tower with Radar,6,17,31,19,73,0,2,43,2,47,6,19,74,21,120,42,14,56,176
04/14/2023,ABI,TX,ASW,CE,Combined TRACON& Tower with Radar,7,8,21,8,44,0,0,14,0,14,7,8,35,8,58,24,0,24,82
04/15/2023,ABI,TX,ASW,CE,Combined TRACON& Tower with Radar,7,6,12,0,25,0,0,30,1,31,7,6,42,1,56,4,0,4,60
04/16/2023,ABI,TX,ASW,CE,Combined TRACON& Tower with Radar,6,0,15,6,27,0,0,49,4,53,6,0,64,10,80,8,8,16,96
04/17/2023,ABI,TX,ASW,CE,Combined TRACON& Tower with Radar,8,5,23,21,57,0,0,31,2,33,8,5,54,23,90,50,92,142,232
04/18/2023,ABI,TX,ASW,CE,Combined TRACON& Tower with Radar,7,11,25,36,79,0,2,16,3,21,7,13,41,39,100,34,50,84,184
04/19/2023,ABI,TX,ASW,CE,Combined TRACON& Tower with Radar,6,10,12,29,57,0,0,13,6,19,6,10,25,35,76,4,26,30,106
04/20/2023,ABI,TX,ASW,CE,Combined TRACON& Tower with Radar,26,10,23,21,80,0,1,12,6,19,26,11,35,27,99,14,0,14,113
04/21/2023,ABI,TX,ASW,CE,Combined TRACON& Tower with Radar,14,16,25,33,88,0,3,30,5,38,14,19,55,38,126,42,66,108,234
04/22/2023,ABI,TX,ASW,CE,Combined TRACON& Tower with Radar,6,9,9,4,28,0,3,18,0,21,6,12,27,4,49,10,0,10,59
04/23/2023,ABI,TX,ASW,CE,Combined TRACON& Tower with Radar,6,4,14,2,26,0,0,1,0,1,6,4,15,2,27,0,0,0,27
04/24/2023,ABI,TX,ASW,CE,Combined TRACON& Tower with Radar,6,8,28,8,50,0,1,21,6,28,6,9,49,14,78,58,36,94,172
04/25/2023,ABI,TX,ASW,CE,Combined TRACON& Tower with Radar,7,8,26,22,63,0,1,6,2,9,7,9,32,24,72,34,24,58,130
04/26/2023,ABI,TX,ASW,CE,Combined TRACON& Tower with Radar,4,6,21,15,46,0,0,7,1,8,4,6,28,16,54,52,34,86,140
04/27/2023,ABI,TX,ASW,CE,Combined TRACON& Tower with Radar,6,15,48,51,120,0,3,26,15,44,6,18,74,66,164,4,20,24,188
04/28/2023,ABI,TX,ASW,CE,Combined TRACON& Tower with Radar,8,13,14,8,43,0,0,10,3,13,8,13,24,11,56,22,14,36,92
04/29/2023,ABI,TX,ASW,CE,Combined TRACON& Tower with Radar,8,5,17,6,36,0,2,41,0,43,8,7,58,6,79,24,0,24,103
04/30/2023,ABI,TX,ASW,CE,Combined TRACON& Tower with Radar,6,1,18,0,25,0,1,42,0,43,6,2,60,0,68,8,0,8,76
05/01/2023,ABI,TX,ASW,CE,Combined TRACON& Tower with Radar,6,3,16,22,47,0,0,38,16,54,6,3,54,38,101,68,34,102,203
05/02/2023,ABI,TX,ASW,CE,Combined TRACON& Tower with Radar,8,8,20,24,60,0,0,23,4,27,8,8,43,28,87,116,22,138,225
05/03/2023,ABI,TX,ASW,CE,Combined TRACON& Tower with Radar,8,13,14,19,54,0,2,22,3,27,8,15,36,22,81,50,24,74,155
05/04/2023,ABI,TX,ASW,CE,Combined TRACON& Tower with Radar,7,10,27,10,54,0,0,12,8,20,7,10,39,18,74,14,28,42,116
05/05/2023,ABI,TX,ASW,CE,Combined TRACON& Tower with Radar,7,16,22,35,80,0,0,31,5,36,7,16,53,40,116,38,34,72,188
05/06/2023,ABI,TX,ASW,CE,Combined TRACON& Tower with Radar,9,12,9,0,30,0,2,36,0,38,9,14,45,0,68,0,0,0,68
05/07/2023,ABI,TX,ASW,CE,Combined TRACON& Tower with Radar,7,2,18,2,29,0,0,10,0,10,7,2,28,2,39,6,0,6,45
05/08/2023,ABI,TX,ASW,CE,Combined TRACON& Tower with Radar,10,4,25,22,61,0,0,24,8,32,10,4,49,30,93,36,40,76,169
05/09/2023,ABI,TX,ASW,CE,Combined TRACON& Tower with Radar,9,12,44,21,86,0,0,35,5,40,9,12,79,26,126,28,36,64,190
05/10/2023,ABI,TX,ASW,CE,Combined TRACON& Tower with Radar,7,17,23,18,65,0,0,12,4,16,7,17,35,22,81,24,24,48,129
05/11/2023,ABI,TX,ASW,CE,Combined TRACON& Tower with Radar,6,12,23,12,53,0,0,19,1,20,6,12,42,13,73,52,4,56,129
05/12/2023,ABI,TX,ASW,CE,Combined TRACON& Tower with Radar,5,10,15,10,40,0,0,12,1,13,5,10,27,11,53,28,18,46,99
05/13/2023,ABI,TX,ASW,CE,Combined TRACON& Tower with Radar,9,8,25,0,42,0,0,14,0,14,9,8,39,0,56,28,0,28,84
05/14/2023,ABI,TX,ASW,CE,Combined TRACON& Tower with Radar,7,6,11,8,32,0,0,3,0,3,7,6,14,8,35,0,0,0,35
05/15/2023,ABI,TX,ASW,CE,Combined TRACON& Tower with Radar,8,5,35,31,79,0,0,25,3,28,8,5,60,34,107,48,58,106,213
05/16/2023,ABI,TX,ASW,CE,Combined TRACON& Tower with Radar,7,11,29,43,90,0,0,26,2,28,7,11,55,45,118,72,12,84,202
05/17/2023,ABI,TX,ASW,CE,Combined TRACON& Tower with Radar,6,10,31,22,69,0,4,46,1,51,6,14,77,23,120,70,0,70,190
05/18/2023,ABI,TX,ASW,CE,Combined TRACON& Tower with Radar,8,10,29,8,55,0,0,23,3,26,8,10,52,11,81,54,8,62,143
05/19/2023,ABI,TX,ASW,CE,Combined TRACON& Tower with Radar,14,12,25,50,101,0,0,16,5,21,14,12,41,55,122,48,38,86,208
05/20/2023,ABI,TX,ASW,CE,Combined TRACON& Tower with Radar,6,17,17,15,55,0,0,28,0,28,6,17,45,15,83,22,20,42,125
05/21/2023,ABI,TX,ASW,CE,Combined TRACON& Tower with Radar,6,6,21,6,39,0,0,9,3,12,6,6,30,9,51,12,4,16,67
05/22/2023,ABI,TX,ASW,CE,Combined TRACON& Tower with Radar,9,6,19,26,60,0,0,31,6,37,9,6,50,32,97,38,34,72,169
05/23/2023,ABI,TX,ASW,CE,Combined TRACON& Tower with Radar,7,9,27,37,80,0,0,18,6,24,7,9,45,43,104,20,106,126,230
05/24/2023,ABI,TX,ASW,CE,Combined TRACON& Tower with Radar,7,8,25,3,43,0,0,10,3,13,7,8,35,6,56,0,2,2,58
05/25/2023,ABI,TX,ASW,CE,Combined TRACON& Tower with Radar,6,12,10,4,32,0,0,13,0,13,6,12,23,4,45,0,0,0,45
05/26/2023,ABI,TX,ASW,CE,Combined TRACON& Tower with Radar,6,12,21,0,39,0,0,17,1,18,6,12,38,1,57,40,0,40,97
05/27/2023,ABI,TX,ASW,CE,Combined TRACON& Tower with Radar,6,5,9,0,20,0,2,19,0,21,6,7,28,0,41,26,0,26,67
05/28/2023,ABI,TX,ASW,CE,Combined TRACON& Tower with Radar,8,0,3,0,11,0,0,13,0,13,8,0,16,0,24,40,0,40,64
05/29/2023,ABI,TX,ASW,CE,Combined TRACON& Tower with Radar,6,1,6,2,15,0,0,18,0,18,6,1,24,2,33,46,0,46,79
05/30/2023,ABI,TX,ASW,CE,Combined TRACON& Tower with Radar,11,9,23,8,51,0,3,46,8,57,11,12,69,16,108,40,52,92,200
05/31/2023,ABI,TX,ASW,CE,Combined TRACON& Tower with Radar,6,18,13,23,60,0,1,38,6,45,6,19,51,29,105,22,26,48,153
06/01/2023,ABI,TX,ASW,CE,Combined TRACON& Tower with Radar,10,13,16,6,45,0,0,15,12,27,10,13,31,18,72,48,28,76,148
06/02/2023,ABI,TX,ASW,CE,Combined TRACON& Tower with Radar,7,14,23,0,44,0,0,26,2,28,7,14,49,2,72,28,0,28,100
06/03/2023,ABI,TX,ASW,CE,Combined TRACON& Tower with Radar,7,5,11,0,23,0,2,5,0,7,7,7,16,0,30,14,0,14,44
06/04/2023,ABI,TX,ASW,CE,Combined TRACON& Tower with Radar,11,3,23,0,37,0,0,10,0,10,11,3,33,0,47,2,0,2,49
06/05/2023,ABI,TX,ASW,CE,Combined TRACON& Tower with Radar,10,4,18,9,41,0,0,7,0,7,10,4,25,9,48,44,0,44,92
06/06/2023,ABI,TX,ASW,CE,Combined TRACON& Tower with Radar,9,12,24,33,78,0,1,21,3,25,9,13,45,36,103,30,42,72,175
06/07/2023,ABI,TX,ASW,CE,Combined TRACON& Tower with Radar,11,13,17,15,56,0,1,35,1,37,11,14,52,16,93,10,24,34,127
06/08/2023,ABI,TX,ASW,CE,Combined TRACON& Tower with Radar,10,12,18,23,63,0,1,41,6,48,10,13,59,29,111,40,16,56,167
06/09/2023,ABI,TX,ASW,CE,Combined TRACON& Tower with Radar,9,7,22,9,47,0,2,36,1,39,9,9,58,10,86,8,6,14,100
06/10/2023,ABI,TX,ASW,CE,Combined TRACON& Tower with Radar,7,4,20,4,35,0,1,27,0,28,7,5,47,4,63,26,0,26,89
06/11/2023,ABI,TX,ASW,CE,Combined TRACON& Tower with Radar,8,1,8,5,22,0,0,15,4,19,8,1,23,9,41,12,2,14,55
06/12/2023,ABI,TX,ASW,CE,Combined TRACON& Tower with Radar,11,8,16,6,41,0,0,8,0,8,11,8,24,6,49,22,0,22,71
06/13/2023,ABI,TX,ASW,CE,Combined TRACON& Tower with Radar,8,9,20,16,53,0,0,11,1,12,8,9,31,17,65,0,4,4,69
06/14/2023,ABI,TX,ASW,CE,Combined TRACON& Tower with Radar,9,14,22,43,88,0,0,19,13,32,9,14,41,56,120,18,16,34,154
06/15/2023,ABI,TX,ASW,CE,Combined TRACON& Tower with Radar,9,13,28,17,67,0,1,22,1,24,9,14,50,18,91,16,24,40,131
06/16/2023,ABI,TX,ASW,CE,Combined TRACON& Tower with Radar,8,9,36,11,64,0,2,30,0,32,8,11,66,11,96,10,0,10,106
06/17/2023,ABI,TX,ASW,CE,Combined TRACON& Tower with Radar,6,6,14,0,26,0,2,18,0,20,6,8,32,0,46,14,0,14,60
06/18/2023,ABI,TX,ASW,CE,Combined TRACON& Tower with Radar,8,0,5,0,13,0,2,15,0,17,8,2,20,0,30,10,0,10,40
06/19/2023,ABI,TX,ASW,CE,Combined TRACON& Tower with Radar,8,5,13,0,26,0,0,21,2,23,8,5,34,2,49,12,0,12,61
06/20/2023,ABI,TX,ASW,CE,Combined TRACON& Tower with Radar,8,8,16,4,36,0,0,13,1,14,8,8,29,5,50,12,8,20,70
06/21/2023,ABI,TX,ASW,CE,Combined TRACON& Tower with Radar,10,16,17,8,51,0,0,24,4,28,10,16,41,12,79,14,14,28,107
06/22/2023,ABI,TX,ASW,CE,Combined TRACON& Tower with Radar,8,10,21,41,80,0,0,27,16,43,8,10,48,57,123,4,62,66,189
06/23/2023,ABI,TX,ASW,CE,Combined TRACON& Tower with Radar,8,17,10,10,45,0,1,15,1,17,8,18,25,11,62,22,0,22,84
06/24/2023,ABI,TX,ASW,CE,Combined TRACON& Tower with Radar,6,6,12,0,24,0,1,29,3,33,6,7,41,3,57,18,0,18,75
06/25/2023,ABI,TX,ASW,CE,Combined TRACON& Tower with Radar,10,13,7,0,30,0,2,10,0,12,10,15,17,0,42,12,0,12,54
06/26/2023,ABI,TX,ASW,CE,Combined TRACON& Tower with Radar,12,6,20,21,59,0,3,29,10,42,12,9,49,31,101,30,24,54,155
06/27/2023,ABI,TX,ASW,CE,Combined TRACON& Tower with Radar,8,11,19,17,55,0,0,27,2,29,8,11,46,19,84,16,0,16,100
06/28/2023,ABI,TX,ASW,CE,Combined TRACON& Tower with Radar,8,10,12,25,55,0,0,23,11,34,8,10,35,36,89,20,58,78,167
06/29/2023,ABI,TX,ASW,CE,Combined TRACON& Tower with Radar,8,17,18,8,51,0,1,29,6,36,8,18,47,14,87,16,10,26,113
06/30/2023,ABI,TX,ASW,CE,Combined TRACON& Tower with Radar,10,17,19,5,51,0,0,27,6,33,10,17,46,11,84,28,0,28,112
07/01/2023,ABI,TX,ASW,CE,Combined TRACON& Tower with Radar,7,6,7,0,20,0,0,7,0,7,7,6,14,0,27,0,0,0,27
07/02/2023,ABI,TX,ASW,CE,Combined TRACON& Tower with Radar,8,7,5,0,20,0,2,13,0,15,8,9,18,0,35,0,0,0,35
07/03/2023,ABI,TX,ASW,CE,Combined TRACON& Tower with Radar,8,6,6,0,20,0,0,18,0,18,8,6,24,0,38,40,0,40,78
07/04/2023,ABI,TX,ASW,CE,Combined TRACON& Tower with Radar,9,0,3,0,12,0,1,21,0,22,9,1,24,0,34,10,0,10,44
07/05/2023,ABI,TX,ASW,CE,Combined TRACON& Tower with Radar,8,11,20,24,63,0,3,23,6,32,8,14,43,30,95,50,62,112,207
07/06/2023,ABI,TX,ASW,CE,Combined TRACON& Tower with Radar,8,15,15,8,46,0,1,26,6,33,8,16,41,14,79,16,12,28,107
07/07/2023,ABI,TX,ASW,CE,Combined TRACON& Tower with Radar,8,16,25,103,152,0,1,26,9,36,8,17,51,112,188,28,78,106,294
07/08/2023,ABI,TX,ASW,CE,Combined TRACON& Tower with Radar,6,3,7,3,19,0,3,22,4,29,6,6,29,7,48,44,0,44,92
07/09/2023,ABI,TX,ASW,CE,Combined TRACON& Tower with Radar,14,3,14,13,44,0,1,18,3,22,14,4,32,16,66,0,0,0,66
07/10/2023,ABI,TX,ASW,CE,Combined TRACON& Tower with Radar,7,3,10,27,47,0,1,12,3,16,7,4,22,30,63,22,24,46,109
07/11/2023,ABI,TX,ASW,CE,Combined TRACON& Tower with Radar,9,9,22,52,92,0,0,21,5,26,9,9,43,57,118,20,44,64,182
07/12/2023,ABI,TX,ASW,CE,Combined TRACON& Tower with Radar,9,14,26,41,90,0,1,18,5,24,9,15,44,46,114,34,20,54,168
07/13/2023,ABI,TX,ASW,CE,Combined TRACON& Tower with Radar,8,10,9,40,67,0,0,27,4,31,8,10,36,44,98,20,12,32,130
07/14/2023,ABI,TX,ASW,CE,Combined TRACON& Tower with Radar,8,12,19,30,69,0,0,9,0,9,8,12,28,30,78,18,12,30,108
07/15/2023,ABI,TX,ASW,CE,Combined TRACON& Tower with Radar,6,6,6,0,18,0,1,23,0,24,6,7,29,0,42,24,0,24,66
07/16/2023,ABI,TX,ASW,CE,Combined TRACON& Tower with Radar,9,2,9,18,38,0,0,13,0,13,9,2,22,18,51,44,0,44,95
07/17/2023,ABI,TX,ASW,CE,Combined TRACON& Tower with Radar,9,3,22,27,61,0,0,21,6,27,9,3,43,33,88,28,12,40,128
07/18/2023,ABI,TX,ASW,CE,Combined TRACON& Tower with Radar,12,10,15,11,48,0,2,36,5,43,12,12,51,16,91,24,24,48,139
07/19/2023,ABI,TX,ASW,CE,Combined TRACON& Tower with Radar,9,14,15,18,56,0,0,22,4,26,9,14,37,22,82,22,16,38,120
07/20/2023,ABI,TX,ASW,CE,Combined TRACON& Tower with Radar,8,15,27,17,67,0,1,26,2,29,8,16,53,19,96,50,16,66,162
07/21/2023,ABI,TX,ASW,CE,Combined TRACON& Tower with Radar,8,15,21,19,63,0,1,38,2,41,8,16,59,21,104,36,0,36,140
07/22/2023,ABI,TX,ASW,CE,Combined TRACON& Tower with Radar,6,5,13,0,24,0,3,36,0,39,6,8,49,0,63,40,0,40,103
07/23/2023,ABI,TX,ASW,CE,Combined TRACON& Tower with Radar,10,4,10,11,35,0,0,16,1,17,10,4,26,12,52,0,0,0,52
07/24/2023,ABI,TX,ASW,CE,Combined TRACON& Tower with Radar,8,3,13,39,63,0,0,23,10,33,8,3,36,49,96,18,26,44,140
07/25/2023,ABI,TX,ASW,CE,Combined TRACON& Tower with Radar,8,11,32,31,82,0,0,21,3,24,8,11,53,34,106,30,14,44,150
07/26/2023,ABI,TX,ASW,CE,Combined TRACON& Tower with Radar,8,10,12,26,56,0,0,24,12,36,8,10,36,38,92,78,26,104,196
07/27/2023,ABI,TX,ASW,CE,Combined TRACON& Tower with Radar,8,17,14,39,78,0,4,23,3,30,8,21,37,42,108,22,26,48,156
07/28/2023,ABI,TX,ASW,CE,Combined TRACON& Tower with Radar,8,18,15,23,64,0,1,39,1,41,8,19,54,24,105,32,2,34,139
07/29/2023,ABI,TX,ASW,CE,Combined TRACON& Tower with Radar,8,5,19,2,34,0,1,22,2,25,8,6,41,4,59,6,0,6,65
07/30/2023,ABI,TX,ASW,CE,Combined TRACON& Tower with Radar,10,0,2,0,12,0,0,10,0,10,10,0,12,0,22,0,0,0,22
07/31/2023,ABI,TX,ASW,CE,Combined TRACON& Tower with Radar,10,3,11,22,46,0,2,14,4,20,10,5,25,26,66,68,0,68,134
08/01/2023,ABI,TX,ASW,CE,Combined TRACON& Tower with Radar,8,9,14,10,41,0,4,35,6,45,8,13,49,16,86,10,8,18,104
08/02/2023,ABI,TX,ASW,CE,Combined TRACON& Tower with Radar,11,12,17,6,46,0,1,29,6,36,11,13,46,12,82,38,6,44,126
08/03/2023,ABI,TX,ASW,CE,Combined TRACON& Tower with Radar,8,11,22,21,62,0,1,15,8,24,8,12,37,29,86,46,10,56,142
08/04/2023,ABI,TX,ASW,CE,Combined TRACON& Tower with Radar,9,9,28,17,63,0,1,36,3,40,9,10,64,20,103,22,26,48,151
08/05/2023,ABI,TX,ASW,CE,Combined TRACON& Tower with Radar,7,3,7,15,32,0,2,25,2,29,7,5,32,17,61,24,18,42,103
08/06/2023,ABI,TX,ASW,CE,Combined TRACON& Tower with Radar,8,2,12,8,30,0,0,14,3,17,8,2,26,11,47,0,0,0,47
08/07/2023,ABI,TX,ASW,CE,Combined TRACON& Tower with Radar,8,8,14,27,57,0,0,10,4,14,8,8,24,31,71,6,12,18,89
08/08/2023,ABI,TX,ASW,CE,Combined TRACON& Tower with Radar,8,13,33,31,85,0,0,26,2,28,8,13,59,33,113,12,18,30,143
08/09/2023,ABI,TX,ASW,CE,Combined TRACON& Tower with Radar,10,12,12,21,55,0,0,10,14,24,10,12,22,35,79,16,0,16,95
08/10/2023,ABI,TX,ASW,CE,Combined TRACON& Tower with Radar,8,11,20,15,54,1,0,36,31,68,9,11,56,46,122,70,38,108,230
08/11/2023,ABI,TX,ASW,CE,Combined TRACON& Tower with Radar,8,20,15,3,46,0,1,28,33,62,8,21,43,36,108,12,0,12,120
08/12/2023,ABI,TX,ASW,CE,Combined TRACON& Tower with Radar,7,7,12,2,28,0,4,21,60,85,7,11,33,62,113,0,0,0,113
08/13/2023,ABI,TX,ASW,CE,Combined TRACON& Tower with Radar,11,3,11,1,26,0,2,7,8,17,11,5,18,9,43,20,0,20,63
08/14/2023,ABI,TX,ASW,CE,Combined TRACON& Tower with Radar,9,6,16,11,42,6,1,36,39,82,15,7,52,50,124,10,40,50,174
08/15/2023,ABI,TX,ASW,CE,Combined TRACON& Tower with Radar,9,9,14,16,48,0,3,23,0,26,9,12,37,16,74,84,0,84,158
08/16/2023,ABI,TX,ASW,CE,Combined TRACON& Tower with Radar,9,23,17,37,86,0,4,19,9,32,9,27,36,46,118,44,18,62,180
08/17/2023,ABI,TX,ASW,CE,Combined TRACON& Tower with Radar,8,12,31,24,75,0,2,27,23,52,8,14,58,47,127,28,8,36,163
08/18/2023,ABI,TX,ASW,CE,Combined TRACON& Tower with Radar,8,15,15,40,78,0,4,34,17,55,8,19,49,57,133,42,0,42,175
08/19/2023,ABI,TX,ASW,CE,Combined TRACON& Tower with Radar,8,4,6,15,33,0,2,25,21,48,8,6,31,36,81,0,12,12,93
08/20/2023,ABI,TX,ASW,CE,Combined TRACON& Tower with Radar,8,8,5,8,29,1,0,23,7,31,9,8,28,15,60,18,0,18,78
08/21/2023,ABI,TX,ASW,CE,Combined TRACON& Tower with Radar,10,3,22,23,58,1,0,24,6,31,11,3,46,29,89,0,0,0,89
08/22/2023,ABI,TX,ASW,CE,Combined TRACON& Tower with Radar,10,12,29,18,69,4,2,24,7,37,14,14,53,25,106,18,16,34,140
08/23/2023,ABI,TX,ASW,CE,Combined TRACON& Tower with Radar,11,10,24,46,91,1,1,26,8,36,12,11,50,54,127,46,8,54,181
08/24/2023,ABI,TX,ASW,CE,Combined TRACON& Tower with Radar,8,10,24,41,83,0,1,36,4,41,8,11,60,45,124,32,0,32,156
08/25/2023,ABI,TX,ASW,CE,Combined TRACON& Tower with Radar,10,8,32,79,129,0,1,50,17,68,10,9,82,96,197,20,4,24,221
08/26/2023,ABI,TX,ASW,CE,Combined TRACON& Tower with Radar,8,7,13,28,56,0,0,37,15,52,8,7,50,43,108,34,0,34,142
08/27/2023,ABI,TX,ASW,CE,Combined TRACON& Tower with Radar,10,2,12,16,40,0,1,15,1,17,10,3,27,17,57,14,0,14,71
08/28/2023,ABI,TX,ASW,CE,Combined TRACON& Tower with Radar,9,5,21,22,57,5,1,13,1,20,14,6,34,23,77,26,10,36,113
08/29/2023,ABI,TX,ASW,CE,Combined TRACON& Tower with Radar,8,7,27,76,118,0,5,34,16,55,8,12,61,92,173,34,42,76,249
08/30/2023,ABI,TX,ASW,CE,Combined TRACON& Tower with Radar,15,10,22,48,95,1,1,27,8,37,16,11,49,56,132,38,26,64,196
08/31/2023,ABI,TX,ASW,CE,Combined TRACON& Tower with Radar,11,12,32,47,102,2,3,26,12,43,13,15,58,59,145,14,8,22,167
01/01/2020,ABI,TX,ASW,CE,Combined TRACON& Tower with Radar,0,14,6,0,20,0,0,7,0,7,0,14,13,0,27,0,0,0,27
01/02/2020,ABI,TX,ASW,CE,Combined TRACON& Tower with Radar,0,20,13,1,34,0,0,33,0,33,0,20,46,1,67,0,0,0,67
01/03/2020,ABI,TX,ASW,CE,Combined TRACON& Tower with Radar,3,24,24,17,68,0,0,23,1,24,3,24,47,18,92,0,6,6,98
01/04/2020,ABI,TX,ASW,CE,Combined TRACON& Tower with Radar,0,15,17,0,32,0,0,66,0,66,0,15,83,0,98,56,0,56,154
01/05/2020,ABI,TX,ASW,CE,Combined TRACON& Tower with Radar,0,14,16,0,30,0,0,30,0,30,0,14,46,0,60,8,0,8,68
01/06/2020,ABI,TX,ASW,CE,Combined TRACON& Tower with Radar,0,17,26,27,70,0,0,32,0,32,0,17,58,27,102,16,62,78,180
01/07/2020,ABI,TX,ASW,CE,Combined TRACON& Tower with Radar,0,24,25,22,71,0,1,31,4,36,0,25,56,26,107,24,60,84,191
01/08/2020,ABI,TX,ASW,CE,Combined TRACON& Tower with Radar,0,29,23,27,79,0,0,25,15,40,0,29,48,42,119,24,6,30,149
01/09/2020,ABI,TX,ASW,CE,Combined TRACON& Tower with Radar,0,24,34,2,60,0,0,23,1,24,0,24,57,3,84,8,0,8,92
01/10/2020,ABI,TX,ASW,CE,Combined TRACON& Tower with Radar,8,28,23,106,165,0,0,15,6,21,8,28,38,112,186,12,12,24,210
01/11/2020,ABI,TX,ASW,CE,Combined TRACON& Tower with Radar,0,11,10,19,40,0,0,23,9,32,0,11,33,28,72,4,0,4,76
01/12/2020,ABI,TX,ASW,CE,Combined TRACON& Tower with Radar,0,14,13,11,38,0,0,24,1,25,0,14,37,12,63,12,0,12,75
01/13/2020,ABI,TX,ASW,CE,Combined TRACON& Tower with Radar,0,23,17,32,72,0,1,9,6,16,0,24,26,38,88,0,96,96,184
01/14/2020,ABI,TX,ASW,CE,Combined TRACON& Tower with Radar,0,27,25,38,90,0,4,19,1,24,0,31,44,39,114,24,112,136,250
01/15/2020,ABI,TX,ASW,CE,Combined TRACON& Tower with Radar,0,20,53,88,161,0,1,13,1,15,0,21,66,89,176,44,54,98,274
01/16/2020,ABI,TX,ASW,CE,Combined TRACON& Tower with Radar,0,23,13,2,38,0,0,0,0,0,0,23,13,2,38,0,0,0,38
01/17/2020,ABI,TX,ASW,CE,Combined TRACON& Tower with Radar,0,30,16,2,48,0,0,0,0,0,0,30,16,2,48,0,0,0,48
01/18/2020,ABI,TX,ASW,CE,Combined TRACON& Tower with Radar,0,12,23,0,35,0,2,35,1,38,0,14,58,1,73,76,0,76,149
01/19/2020,ABI,TX,ASW,CE,Combined TRACON& Tower with Radar,0,18,17,0,35,0,1,33,0,34,0,19,50,0,69,20,0,20,89
01/20/2020,ABI,TX,ASW,CE,Combined TRACON& Tower with Radar,1,20,21,4,46,0,0,43,0,43,1,20,64,4,89,54,0,54,143
01/21/2020,ABI,TX,ASW,CE,Combined TRACON& Tower with Radar,0,23,29,41,93,0,1,22,0,23,0,24,51,41,116,18,6,24,140
01/22/2020,ABI,TX,ASW,CE,Combined TRACON& Tower with Radar,1,28,30,17,76,0,0,10,4,14,1,28,40,21,90,0,12,12,102
01/23/2020,ABI,TX,ASW,CE,Combined TRACON& Tower with Radar,1,26,47,58,132,0,0,52,10,62,1,26,99,68,194,52,76,128,322
01/24/2020,ABI,TX,ASW,CE,Combined TRACON& Tower with Radar,3,22,21,27,73,0,0,40,4,44,3,22,61,31,117,24,46,70,187
01/25/2020,ABI,TX,ASW,CE,Combined TRACON& Tower with Radar,0,11,10,17,38,0,1,17,3,21,0,12,27,20,59,26,12,38,97
01/26/2020,ABI,TX,ASW,CE,Combined TRACON& Tower with Radar,1,16,18,23,58,0,0,22,0,22,1,16,40,23,80,58,2,60,140
01/27/2020,ABI,TX,ASW,CE,Combined TRACON& Tower with Radar,9,21,23,34,87,0,1,28,9,38,9,22,51,43,125,40,54,94,219
01/28/2020,ABI,TX,ASW,CE,Combined TRACON& Tower with Radar,0,21,22,96,139,0,0,1,9,10,0,21,23,105,149,0,26,26,175
01/29/2020,ABI,TX,ASW,CE,Combined TRACON& Tower with Radar,2,24,35,71,132,0,0,31,10,41,2,24,66,81,173,12,64,76,249
01/30/2020,ABI,TX,ASW,CE,Combined TRACON& Tower with Radar,0,27,26,11,64,0,0,5,2,7,0,27,31,13,71,0,0,0,71
01/31/2020,ABI,TX,ASW,CE,Combined TRACON& Tower with Radar,0,24,36,19,79,0,0,37,2,39,0,24,73,21,118,0,0,0,118
02/01/2020,ABI,TX,ASW,CE,Combined TRACON& Tower with Radar,0,18,25,0,43,0,0,41,0,41,0,18,66,0,84,60,0,60,144
02/02/2020,ABI,TX,ASW,CE,Combined TRACON& Tower with Radar,0,20,15,0,35,0,0,14,0,14,0,20,29,0,49,18,0,18,67
02/03/2020,ABI,TX,ASW,CE,Combined TRACON& Tower with Radar,2,18,36,24,80,0,2,13,7,22,2,20,49,31,102,0,42,42,144
02/04/2020,ABI,TX,ASW,CE,Combined TRACON& Tower with Radar,0,27,12,2,41,0,0,0,0,0,0,27,12,2,41,0,0,0,41
02/05/2020,ABI,TX,ASW,CE,Combined TRACON& Tower with Radar,0,0,0,2,2,0,0,0,0,0,0,0,0,2,2,0,0,0,2
02/06/2020,ABI,TX,ASW,CE,Combined TRACON& Tower with Radar,2,27,18,8,55,0,0,28,1,29,2,27,46,9,84,0,24,24,108
02/07/2020,ABI,TX,ASW,CE,Combined TRACON& Tower with Radar,4,26,24,42,96,0,0,28,13,41,4,26,52,55,137,31,48,79,216
02/08/2020,ABI,TX,ASW,CE,Combined TRACON& Tower with Radar,0,9,26,11,46,0,1,46,4,51,0,10,72,15,97,82,8,90,187
02/09/2020,ABI,TX,ASW,CE,Combined TRACON& Tower with Radar,2,22,11,12,47,0,0,18,0,18,2,22,29,12,65,2,0,2,67
02/10/2020,ABI,TX,ASW,CE,Combined TRACON& Tower with Radar,2,18,9,8,37,0,0,0,0,0,2,18,9,8,37,0,6,6,43
02/11/2020,ABI,TX,ASW,CE,Combined TRACON& Tower with Radar,2,19,18,6,45,0,0,0,0,0,2,19,18,6,45,0,0,0,45
02/12/2020,ABI,TX,ASW,CE,Combined TRACON& Tower with Radar,2,33,39,85,159,0,0,21,1,22,2,33,60,86,181,40,26,66,247
02/13/2020,ABI,TX,ASW,CE,Combined TRACON& Tower with Radar,0,21,45,44,110,0,0,9,0,9,0,21,54,44,119,0,30,30,149
02/14/2020,ABI,TX,ASW,CE,Combined TRACON& Tower with Radar,0,25,41,36,102,0,2,38,11,51,0,27,79,47,153,28,42,70,223
02/15/2020,ABI,TX,ASW,CE,Combined TRACON& Tower with Radar,0,17,21,8,46,0,0,26,0,26,0,17,47,8,72,0,0,0,72
02/16/2020,ABI,TX,ASW,CE,Combined TRACON& Tower with Radar,0,15,23,3,41,0,0,39,1,40,0,15,62,4,81,26,2,28,109
02/17/2020,ABI,TX,ASW,CE,Combined TRACON& Tower with Radar,0,15,29,8,52,0,3,28,0,31,0,18,57,8,83,36,0,36,119
02/18/2020,ABI,TX,ASW,CE,Combined TRACON& Tower with Radar,0,26,30,55,111,0,7,14,1,22,0,33,44,56,133,74,40,114,247
02/19/2020,ABI,TX,ASW,CE,Combined TRACON& Tower with Radar,0,26,25,36,87,0,0,6,0,6,0,26,31,36,93,0,54,54,147
02/20/2020,ABI,TX,ASW,CE,Combined TRACON& Tower with Radar,0,24,45,90,159,0,3,13,0,16,0,27,58,90,175,0,0,0,175
02/21/2020,ABI,TX,ASW,CE,Combined TRACON& Tower with Radar,1,22,25,44,92,0,1,35,5,41,1,23,60,49,133,12,20,32,165
02/22/2020,ABI,TX,ASW,CE,Combined TRACON& Tower with Radar,1,16,12,7,36,0,5,25,1,31,1,21,37,8,67,26,0,26,93
02/23/2020,ABI,TX,ASW,CE,Combined TRACON& Tower with Radar,0,19,17,0,36,0,0,3,0,3,0,19,20,0,39,0,0,0,39
02/24/2020,ABI,TX,ASW,CE,Combined TRACON& Tower with Radar,2,17,30,40,89,0,0,26,30,56,2,17,56,70,145,20,108,128,273
02/25/2020,ABI,TX,ASW,CE,Combined TRACON& Tower with Radar,0,21,11,19,51,0,0,25,16,41,0,21,36,35,92,58,10,68,160
02/26/2020,ABI,TX,ASW,CE,Combined TRACON& Tower with Radar,1,26,18,45,90,0,0,23,8,31,1,26,41,53,121,6,12,18,139
02/27/2020,ABI,TX,ASW,CE,Combined TRACON& Tower with Radar,0,19,26,17,62,0,4,38,5,47,0,23,64,22,109,40,44,84,193
02/28/2020,ABI,TX,ASW,CE,Combined TRACON& Tower with Radar,1,19,27,51,98,0,1,48,4,53,1,20,75,55,151,12,40,52,203
02/29/2020,ABI,TX,ASW,CE,Combined TRACON& Tower with Radar,0,15,7,6,28,0,1,44,0,45,0,16,51,6,73,10,6,16,89
03/01/2020,ABI,TX,ASW,CE,Combined TRACON& Tower with Radar,1,14,18,4,37,0,1,12,0,13,1,15,30,4,50,0,0,0,50
03/02/2020,ABI,TX,ASW,CE,Combined TRACON& Tower with Radar,0,13,23,44,80,0,1,9,3,13,0,14,32,47,93,4,30,34,127
03/03/2020,ABI,TX,ASW,CE,Combined TRACON& Tower with Radar,0,20,26,34,80,0,1,10,0,11,0,21,36,34,91,14,32,46,137
03/04/2020,ABI,TX,ASW,CE,Combined TRACON& Tower with Radar,1,23,4,2,30,0,1,0,0,1,1,24,4,2,31,0,0,0,31
03/05/2020,ABI,TX,ASW,CE,Combined TRACON& Tower with Radar,2,23,48,46,119,0,1,30,8,39,2,24,78,54,158,0,74,74,232
03/06/2020,ABI,TX,ASW,CE,Combined TRACON& Tower with Radar,1,20,32,54,107,0,1,51,4,56,1,21,83,58,163,2,22,24,187
03/07/2020,ABI,TX,ASW,CE,Combined TRACON& Tower with Radar,1,16,16,0,33,0,2,23,0,25,1,18,39,0,58,24,0,24,82
03/08/2020,ABI,TX,ASW,CE,Combined TRACON& Tower with Radar,0,19,15,6,40,0,0,1,0,1,0,19,16,6,41,30,0,30,71
03/09/2020,ABI,TX,ASW,CE,Combined TRACON& Tower with Radar,0,17,12,13,42,0,0,10,4,14,0,17,22,17,56,10,0,10,66
03/10/2020,ABI,TX,ASW,CE,Combined TRACON& Tower with Radar,0,31,30,62,123,0,6,11,0,17,0,37,41,62,140,38,60,98,238
03/11/2020,ABI,TX,ASW,CE,Combined TRACON& Tower with Radar,0,29,18,46,93,0,0,21,2,23,0,29,39,48,116,70,6,76,192
03/12/2020,ABI,TX,ASW,CE,Combined TRACON& Tower with Radar,0,20,31,28,79,0,0,25,8,33,0,20,56,36,112,48,10,58,170
03/13/2020,ABI,TX,ASW,CE,Combined TRACON& Tower with Radar,0,24,5,0,29,0,1,0,0,1,0,25,5,0,30,0,0,0,30
03/14/2020,ABI,TX,ASW,CE,Combined TRACON& Tower with Radar,1,16,10,0,27,0,0,3,0,3,1,16,13,0,30,6,0,6,36
03/15/2020,ABI,TX,ASW,CE,Combined TRACON& Tower with Radar,0,18,10,0,28,0,0,0,0,0,0,18,10,0,28,0,0,0,28
03/16/2020,ABI,TX,ASW,CE,Combined TRACON& Tower with Radar,0,16,17,8,41,0,1,2,0,3,0,17,19,8,44,20,0,20,64
03/17/2020,ABI,TX,ASW,CE,Combined TRACON& Tower with Radar,0,20,7,8,35,0,1,3,0,4,0,21,10,8,39,8,0,8,47
03/18/2020,ABI,TX,ASW,CE,Combined TRACON& Tower with Radar,0,18,14,16,48,0,1,8,2,11,0,19,22,18,59,22,0,22,81
03/19/2020,ABI,TX,ASW,CE,Combined TRACON& Tower with Radar,6,20,20,7,53,0,1,8,3,12,6,21,28,10,65,24,0,24,89
03/20/2020,ABI,TX,ASW,CE,Combined TRACON& Tower with Radar,0,18,9,52,79,0,1,8,6,15,0,19,17,58,94,0,0,0,94
03/21/2020,ABI,TX,ASW,CE,Combined TRACON& Tower with Radar,0,21,3,0,24,0,0,4,0,4,0,21,7,0,28,58,0,58,86
03/22/2020,ABI,TX,ASW,CE,Combined TRACON& Tower with Radar,0,12,7,0,19,0,0,6,0,6,0,12,13,0,25,4,0,4,29
03/23/2020,ABI,TX,ASW,CE,Combined TRACON& Tower with Radar,0,24,17,27,68,0,1,9,1,11,0,25,26,28,79,18,52,70,149
03/24/2020,ABI,TX,ASW,CE,Combined TRACON& Tower with Radar,1,27,14,17,59,0,3,19,8,30,1,30,33,25,89,48,14,62,151
03/25/2020,ABI,TX,ASW,CE,Combined TRACON& Tower with Radar,0,17,14,22,53,0,1,29,6,36,0,18,43,28,89,0,0,0,89
03/26/2020,ABI,TX,ASW,CE,Combined TRACON& Tower with Radar,7,24,17,22,70,0,1,28,5,34,7,25,45,27,104,26,82,108,212
03/27/2020,ABI,TX,ASW,CE,Combined TRACON& Tower with Radar,0,23,12,14,49,0,1,10,6,17,0,24,22,20,66,14,4,18,84
03/28/2020,ABI,TX,ASW,CE,Combined TRACON& Tower with Radar,0,12,2,0,14,0,2,5,1,8,0,14,7,1,22,44,0,44,66
03/29/2020,ABI,TX,ASW,CE,Combined TRACON& Tower with Radar,0,12,9,9,30,0,0,31,0,31,0,12,40,9,61,82,42,124,185
03/30/2020,ABI,TX,ASW,CE,Combined TRACON& Tower with Radar,4,14,2,6,26,0,0,0,0,0,4,14,2,6,26,0,0,0,26
03/31/2020,ABI,TX,ASW,CE,Combined TRACON& Tower with Radar,2,15,5,33,55,0,0,18,11,29,2,15,23,44,84,34,28,62,146
04/01/2020,ABI,TX,ASW,CE,Combined TRACON& Tower with Radar,0,16,16,13,45,0,0,13,2,15,0,16,29,15,60,0,0,0,60
04/02/2020,ABI,TX,ASW,CE,Combined TRACON& Tower with Radar,0,17,6,18,41,0,0,6,2,8,0,17,12,20,49,0,4,4,53
04/03/2020,ABI,TX,ASW,CE,Combined TRACON& Tower with Radar,0,22,2,2,26,0,0,0,0,0,0,22,2,2,26,0,0,0,26
04/04/2020,ABI,TX,ASW,CE,Combined TRACON& Tower with Radar,1,13,6,0,20,0,0,0,0,0,1,13,6,0,20,0,0,0,20
04/05/2020,ABI,TX,ASW,CE,Combined TRACON& Tower with Radar,3,11,10,8,32,0,0,1,0,1,3,11,11,8,33,14,0,14,47
04/06/2020,ABI,TX,ASW,CE,Combined TRACON& Tower with Radar,1,15,18,13,47,0,0,3,0,3,1,15,21,13,50,14,64,78,128
04/07/2020,ABI,TX,ASW,CE,Combined TRACON& Tower with Radar,2,17,19,14,52,0,0,15,4,19,2,17,34,18,71,62,6,68,139
04/08/2020,ABI,TX,ASW,CE,Combined TRACON& Tower with Radar,3,15,16,18,52,0,2,19,0,21,3,17,35,18,73,24,18,42,115
04/09/2020,ABI,TX,ASW,CE,Combined TRACON& Tower with Radar,0,19,9,10,38,0,0,8,0,8,0,19,17,10,46,12,6,18,64
04/10/2020,ABI,TX,ASW,CE,Combined TRACON& Tower with Radar,0,27,13,6,46,0,2,14,0,16,0,29,27,6,62,46,14,60,122
04/11/2020,ABI,TX,ASW,CE,Combined TRACON& Tower with Radar,0,13,6,0,19,0,0,15,0,15,0,13,21,0,34,14,0,14,48
04/12/2020,ABI,TX,ASW,CE,Combined TRACON& Tower with Radar,0,7,3,0,10,0,0,3,0,3,0,7,6,0,13,0,0,0,13
04/13/2020,ABI,TX,ASW,CE,Combined TRACON& Tower with Radar,0,12,12,35,59,0,1,17,10,28,0,13,29,45,87,0,46,46,133
04/14/2020,ABI,TX,ASW,CE,Combined TRACON& Tower with Radar,0,12,8,34,54,0,1,15,0,16,0,13,23,34,70,18,16,34,104
04/15/2020,ABI,TX,ASW,CE,Combined TRACON& Tower with Radar,0,19,28,39,86,0,1,27,4,32,0,20,55,43,118,102,68,170,288
04/16/2020,ABI,TX,ASW,CE,Combined TRACON& Tower with Radar,0,12,16,9,37,0,1,18,5,24,0,13,34,14,61,0,12,12,73
04/17/2020,ABI,TX,ASW,CE,Combined TRACON& Tower with Radar,0,16,34,20,70,0,1,5,0,6,0,17,39,20,76,0,44,44,120
04/18/2020,ABI,TX,ASW,CE,Combined TRACON& Tower with Radar,0,8,31,22,61,0,0,18,0,18,0,8,49,22,79,10,34,44,123
04/19/2020,ABI,TX,ASW,CE,Combined TRACON& Tower with Radar,0,8,12,2,22,0,0,15,1,16,0,8,27,3,38,24,0,24,62
04/20/2020,ABI,TX,ASW,CE,Combined TRACON& Tower with Radar,0,15,29,34,78,0,0,21,8,29,0,15,50,42,107,30,4,34,141
04/21/2020,ABI,TX,ASW,CE,Combined TRACON& Tower with Radar,0,15,10,18,43,0,1,8,3,12,0,16,18,21,55,32,20,52,107
04/22/2020,ABI,TX,ASW,CE,Combined TRACON& Tower with Radar,0,19,14,2,35,0,1,11,0,12,0,20,25,2,47,12,0,12,59
04/23/2020,ABI,TX,ASW,CE,Combined TRACON& Tower with Radar,0,17,23,30,70,0,0,62,0,62,0,17,85,30,132,48,6,54,186
04/24/2020,ABI,TX,ASW,CE,Combined TRACON& Tower with Radar,0,14,34,23,71,0,0,25,4,29,0,14,59,27,100,52,42,94,194
04/25/2020,ABI,TX,ASW,CE,Combined TRACON& Tower with Radar,0,9,9,6,24,0,2,29,1,32,0,11,38,7,56,36,4,40,96
04/26/2020,ABI,TX,ASW,CE,Combined TRACON& Tower with Radar,0,10,13,1,24,0,1,26,0,27,0,11,39,1,51,14,2,16,67
04/27/2020,ABI,TX,ASW,CE,Combined TRACON& Tower with Radar,0,13,7,6,26,0,2,14,0,16,0,15,21,6,42,6,0,6,48
04/28/2020,ABI,TX,ASW,CE,Combined TRACON& Tower with Radar,0,17,10,6,33,0,0,24,0,24,0,17,34,6,57,6,0,6,63
04/29/2020,ABI,TX,ASW,CE,Combined TRACON& Tower with Radar,0,21,20,16,57,0,0,34,0,34,0,21,54,16,91,166,64,230,321
04/30/2020,ABI,TX,ASW,CE,Combined TRACON& Tower with Radar,0,21,27,23,71,0,0,60,11,71,0,21,87,34,142,70,30,100,242
05/01/2020,ABI,TX,ASW,CE,Combined TRACON& Tower with Radar,0,19,14,9,42,0,2,22,4,28,0,21,36,13,70,48,0,48,118
05/02/2020,ABI,TX,ASW,CE,Combined TRACON& Tower with Radar,0,9,13,0,22,0,1,17,0,18,0,10,30,0,40,0,0,0,40
05/03/2020,ABI,TX,ASW,CE,Combined TRACON& Tower with Radar,0,4,8,6,18,0,1,18,2,21,0,5,26,8,39,6,0,6,45
05/04/2020,ABI,TX,ASW,CE,Combined TRACON& Tower with Radar,0,16,14,23,53,0,0,31,1,32,0,16,45,24,85,0,0,0,85
05/05/2020,ABI,TX,ASW,CE,Combined TRACON& Tower with Radar,3,15,8,28,54,0,1,24,0,25,3,16,32,28,79,46,6,52,131
05/06/2020,ABI,TX,ASW,CE,Combined TRACON& Tower with Radar,3,12,28,12,55,0,2,57,0,59,3,14,85,12,114,80,0,80,194
05/07/2020,ABI,TX,ASW,CE,Combined TRACON& Tower with Radar,2,13,9,26,50,0,0,9,2,11,2,13,18,28,61,6,2,8,69
05/08/2020,ABI,TX,ASW,CE,Combined TRACON& Tower with Radar,2,17,5,44,68,0,2,9,10,21,2,19,14,54,89,0,48,48,137
05/09/2020,ABI,TX,ASW,CE,Combined TRACON& Tower with Radar,3,10,21,22,56,0,0,55,2,57,3,10,76,24,113,32,26,58,171
05/10/2020,ABI,TX,ASW,CE,Combined TRACON& Tower with Radar,1,6,10,7,24,0,0,30,2,32,1,6,40,9,56,0,0,0,56
05/11/2020,ABI,TX,ASW,CE,Combined TRACON& Tower with Radar,2,10,14,10,36,0,1,28,0,29,2,11,42,10,65,6,2,8,73
05/12/2020,ABI,TX,ASW,CE,Combined TRACON& Tower with Radar,0,16,14,24,54,0,1,19,0,20,0,17,33,24,74,0,0,0,74
05/13/2020,ABI,TX,ASW,CE,Combined TRACON& Tower with Radar,0,14,22,46,82,0,1,8,0,9,0,15,30,46,91,12,0,12,103
05/14/2020,ABI,TX,ASW,CE,Combined TRACON& Tower with Radar,1,15,10,16,42,0,1,24,0,25,1,16,34,16,67,8,28,36,103
05/15/2020,ABI,TX,ASW,CE,Combined TRACON& Tower with Radar,0,19,22,10,51,0,1,9,0,10,0,20,31,10,61,0,8,8,69
05/16/2020,ABI,TX,ASW,CE,Combined TRACON& Tower with Radar,0,13,8,16,37,0,2,8,0,10,0,15,16,16,47,26,0,26,73
05/17/2020,ABI,TX,ASW,CE,Combined TRACON& Tower with Radar,3,9,10,2,24,0,1,19,0,20,3,10,29,2,44,18,0,18,62
05/18/2020,ABI,TX,ASW,CE,Combined TRACON& Tower with Radar,1,10,14,27,52,0,0,55,0,55,1,10,69,27,107,16,12,28,135
05/19/2020,ABI,TX,ASW,CE,Combined TRACON& Tower with Radar,1,14,15,20,50,0,0,39,0,39,1,14,54,20,89,18,24,42,131
05/20/2020,ABI,TX,ASW,CE,Combined TRACON& Tower with Radar,0,17,30,28,75,0,0,19,1,20,0,17,49,29,95,6,0,6,101
05/21/2020,ABI,TX,ASW,CE,Combined TRACON& Tower with Radar,2,13,22,16,53,0,0,5,6,11,2,13,27,22,64,0,0,0,64
05/22/2020,ABI,TX,ASW,CE,Combined TRACON& Tower with Radar,1,15,19,0,35,0,0,15,0,15,1,15,34,0,50,6,0,6,56
05/23/2020,ABI,TX,ASW,CE,Combined TRACON& Tower with Radar,0,12,8,0,20,0,0,9,0,9,0,12,17,0,29,10,0,10,39
05/24/2020,ABI,TX,ASW,CE,Combined TRACON& Tower with Radar,1,10,18,0,29,0,0,3,0,3,1,10,21,0,32,0,0,0,32
05/25/2020,ABI,TX,ASW,CE,Combined TRACON& Tower with Radar,0,11,16,0,27,0,2,14,0,16,0,13,30,0,43,0,0,0,43
05/26/2020,ABI,TX,ASW,CE,Combined TRACON& Tower with Radar,0,15,27,58,100,0,0,20,5,25,0,15,47,63,125,26,78,104,229
05/27/2020,ABI,TX,ASW,CE,Combined TRACON& Tower with Radar,0,14,18,33,65,0,1,21,0,22,0,15,39,33,87,44,6,50,137
05/28/2020,ABI,TX,ASW,CE,Combined TRACON& Tower with Radar,0,13,27,28,68,0,1,28,5,34,0,14,55,33,102,16,44,60,162
05/29/2020,ABI,TX,ASW,CE,Combined TRACON& Tower with Radar,0,17,27,34,78,0,0,33,17,50,0,17,60,51,128,4,12,16,144
05/30/2020,ABI,TX,ASW,CE,Combined TRACON& Tower with Radar,0,15,4,1,20,0,0,24,1,25,0,15,28,2,45,16,0,16,61
05/31/2020,ABI,TX,ASW,CE,Combined TRACON& Tower with Radar,0,9,7,0,16,0,0,20,0,20,0,9,27,0,36,18,0,18,54
06/01/2020,ABI,TX,ASW,CE,Combined TRACON& Tower with Radar,1,13,16,6,36,0,0,7,0,7,1,13,23,6,43,14,0,14,57
06/02/2020,ABI,TX,ASW,CE,Combined TRACON& Tower with Radar,0,18,26,42,86,0,0,19,5,24,0,18,45,47,110,28,8,36,146
06/03/2020,ABI,TX,ASW,CE,Combined TRACON& Tower with Radar,0,21,44,52,117,0,0,36,7,43,0,21,80,59,160,28,20,48,208
06/04/2020,ABI,TX,ASW,CE,Combined TRACON& Tower with Radar,1,16,22,14,53,0,0,35,4,39,1,16,57,18,92,50,0,50,142
06/05/2020,ABI,TX,ASW,CE,Combined TRACON& Tower with Radar,0,13,23,29,65,0,0,43,8,51,0,13,66,37,116,34,0,34,150
06/06/2020,ABI,TX,ASW,CE,Combined TRACON& Tower with Radar,0,13,15,0,28,0,0,23,1,24,0,13,38,1,52,12,0,12,64
06/07/2020,ABI,TX,ASW,CE,Combined TRACON& Tower with Radar,0,6,10,4,20,0,2,30,1,33,0,8,40,5,53,20,0,20,73
06/08/2020,ABI,TX,ASW,CE,Combined TRACON& Tower with Radar,0,9,27,22,58,0,0,24,5,29,0,9,51,27,87,14,9,23,110
06/09/2020,ABI,TX,ASW,CE,Combined TRACON& Tower with Radar,0,20,16,31,67,0,0,5,2,7,0,20,21,33,74,0,2,2,76
06/10/2020,ABI,TX,ASW,CE,Combined TRACON& Tower with Radar,0,19,25,31,75,0,0,41,5,46,0,19,66,36,121,34,60,94,215
06/11/2020,ABI,TX,ASW,CE,Combined TRACON& Tower with Radar,0,15,29,34,78,0,0,32,9,41,0,15,61,43,119,18,2,20,139
06/12/2020,ABI,TX,ASW,CE,Combined TRACON& Tower with Radar,0,16,10,19,45,0,1,42,1,44,0,17,52,20,89,16,4,20,109
06/13/2020,ABI,TX,ASW,CE,Combined TRACON& Tower with Radar,0,12,12,0,24,0,1,35,0,36,0,13,47,0,60,54,0,54,114
06/14/2020,ABI,TX,ASW,CE,Combined TRACON& Tower with Radar,0,6,9,17,32,0,3,21,5,29,0,9,30,22,61,0,0,0,61
06/15/2020,ABI,TX,ASW,CE,Combined TRACON& Tower with Radar,0,9,21,19,49,0,0,29,1,30,0,9,50,20,79,18,0,18,97
06/16/2020,ABI,TX,ASW,CE,Combined TRACON& Tower with Radar,1,16,27,23,67,0,7,19,0,26,1,23,46,23,93,50,0,50,143
06/17/2020,ABI,TX,ASW,CE,Combined TRACON& Tower with Radar,0,13,19,19,51,0,1,19,0,20,0,14,38,19,71,0,24,24,95
06/18/2020,ABI,TX,ASW,CE,Combined TRACON& Tower with Radar,1,17,26,9,53,0,0,14,1,15,1,17,40,10,68,4,8,12,80
06/19/2020,ABI,TX,ASW,CE,Combined TRACON& Tower with Radar,0,13,27,37,77,0,2,31,5,38,0,15,58,42,115,0,0,0,115
06/20/2020,ABI,TX,ASW,CE,Combined TRACON& Tower with Radar,0,10,18,0,28,0,1,20,1,22,0,11,38,1,50,42,0,42,92
06/21/2020,ABI,TX,ASW,CE,Combined TRACON& Tower with Radar,2,8,14,2,26,0,0,21,0,21,2,8,35,2,47,0,0,0,47
06/22/2020,ABI,TX,ASW,CE,Combined TRACON& Tower with Radar,1,15,21,23,60,0,0,11,18,29,1,15,32,41,89,20,62,82,171
06/23/2020,ABI,TX,ASW,CE,Combined TRACON& Tower with Radar,0,25,28,32,85,0,0,19,8,27,0,25,47,40,112,40,16,56,168
06/24/2020,ABI,TX,ASW,CE,Combined TRACON& Tower with Radar,0,17,28,33,78,0,2,35,3,40,0,19,63,36,118,34,30,64,182
06/25/2020,ABI,TX,ASW,CE,Combined TRACON& Tower with Radar,4,15,23,33,75,0,0,26,3,29,4,15,49,36,104,26,82,108,212
06/26/2020,ABI,TX,ASW,CE,Combined TRACON& Tower with Radar,0,14,33,55,102,0,1,14,3,18,0,15,47,58,120,12,42,54,174
06/27/2020,ABI,TX,ASW,CE,Combined TRACON& Tower with Radar,0,12,18,0,30,0,0,19,0,19,0,12,37,0,49,36,0,36,85
06/28/2020,ABI,TX,ASW,CE,Combined TRACON& Tower with Radar,0,8,9,9,26,0,0,11,0,11,0,8,20,9,37,4,0,4,41
06/29/2020,ABI,TX,ASW,CE,Combined TRACON& Tower with Radar,0,12,16,20,48,0,2,21,2,25,0,14,37,22,73,2,20,22,95
06/30/2020,ABI,TX,ASW,CE,Combined TRACON& Tower with Radar,0,21,5,2,28,0,0,14,2,16,0,21,19,4,44,4,0,4,48
07/01/2020,ABI,TX,ASW,CE,Combined TRACON& Tower with Radar,2,19,22,6,49,0,1,15,0,16,2,20,37,6,65,22,14,36,101
07/02/2020,ABI,TX,ASW,CE,Combined TRACON& Tower with Radar,2,16,19,22,59,0,0,13,0,13,2,16,32,22,72,36,38,74,146
07/03/2020,ABI,TX,ASW,CE,Combined TRACON& Tower with Radar,0,19,17,0,36,0,2,46,0,48,0,21,63,0,84,42,0,42,126
07/04/2020,ABI,TX,ASW,CE,Combined TRACON& Tower with Radar,0,8,6,0,14,0,0,15,0,15,0,8,21,0,29,36,0,36,65
07/05/2020,ABI,TX,ASW,CE,Combined TRACON& Tower with Radar,4,11,11,0,26,0,1,19,0,20,4,12,30,0,46,30,0,30,76
07/06/2020,ABI,TX,ASW,CE,Combined TRACON& Tower with Radar,0,13,9,2,24,0,0,7,0,7,0,13,16,2,31,6,0,6,37
07/07/2020,ABI,TX,ASW,CE,Combined TRACON& Tower with Radar,5,28,8,31,72,0,1,8,0,9,5,29,16,31,81,56,4,60,141
07/08/2020,ABI,TX,ASW,CE,Combined TRACON& Tower with Radar,1,18,24,24,67,0,0,34,1,35,1,18,58,25,102,78,8,86,188
07/09/2020,ABI,TX,ASW,CE,Combined TRACON& Tower with Radar,0,20,18,11,49,0,0,20,9,29,0,20,38,20,78,30,10,40,118
07/10/2020,ABI,TX,ASW,CE,Combined TRACON& Tower with Radar,1,21,13,73,108,0,1,28,1,30,1,22,41,74,138,28,38,66,204
07/11/2020,ABI,TX,ASW,CE,Combined TRACON& Tower with Radar,0,11,4,2,17,0,6,26,0,32,0,17,30,2,49,0,0,0,49
07/12/2020,ABI,TX,ASW,CE,Combined TRACON& Tower with Radar,1,11,12,0,24,0,11,17,8,36,1,22,29,8,60,40,0,40,100
07/13/2020,ABI,TX,ASW,CE,Combined TRACON& Tower with Radar,1,12,15,12,40,0,38,13,32,83,1,50,28,44,123,12,0,12,135
07/14/2020,ABI,TX,ASW,CE,Combined TRACON& Tower with Radar,0,19,16,24,59,0,15,11,87,113,0,34,27,111,172,0,8,8,180
07/15/2020,ABI,TX,ASW,CE,Combined TRACON& Tower with Radar,2,20,16,20,58,0,14,34,54,102,2,34,50,74,160,16,4,20,180
07/16/2020,ABI,TX,ASW,CE,Combined TRACON& Tower with Radar,0,18,30,2,50,14,31,20,46,111,14,49,50,48,161,30,0,30,191
07/17/2020,ABI,TX,ASW,CE,Combined TRACON& Tower with Radar,1,19,19,40,79,3,4,38,42,87,4,23,57,82,166,0,0,0,166
07/18/2020,ABI,TX,ASW,CE,Combined TRACON& Tower with Radar,0,11,10,0,21,0,8,29,0,37,0,19,39,0,58,31,0,31,89
07/19/2020,ABI,TX,ASW,CE,Combined TRACON& Tower with Radar,3,10,14,3,30,0,0,25,1,26,3,10,39,4,56,42,4,46,102
07/20/2020,ABI,TX,ASW,CE,Combined TRACON& Tower with Radar,0,20,14,38,72,0,0,25,6,31,0,20,39,44,103,62,10,72,175
07/21/2020,ABI,TX,ASW,CE,Combined TRACON& Tower with Radar,2,21,26,17,66,0,0,16,31,47,2,21,42,48,113,14,52,66,179
07/22/2020,ABI,TX,ASW,CE,Combined TRACON& Tower with Radar,0,18,8,22,48,0,0,12,2,14,0,18,20,24,62,32,14,46,108
07/23/2020,ABI,TX,ASW,CE,Combined TRACON& Tower with Radar,0,19,14,17,50,0,0,16,0,16,0,19,30,17,66,50,6,56,122
07/24/2020,ABI,TX,ASW,CE,Combined TRACON& Tower with Radar,1,18,25,57,101,0,1,57,19,77,1,19,82,76,178,4,10,14,192
07/25/2020,ABI,TX,ASW,CE,Combined TRACON& Tower with Radar,1,14,9,0,24,0,2,26,3,31,1,16,35,3,55,30,0,30,85
07/26/2020,ABI,TX,ASW,CE,Combined TRACON& Tower with Radar,0,16,13,0,29,0,0,20,0,20,0,16,33,0,49,20,0,20,69
07/27/2020,ABI,TX,ASW,CE,Combined TRACON& Tower with Radar,0,13,31,34,78,0,1,24,1,26,0,14,55,35,104,22,40,62,166
07/28/2020,ABI,TX,ASW,CE,Combined TRACON& Tower with Radar,0,14,11,38,63,0,1,14,2,17,0,15,25,40,80,16,0,16,96
07/29/2020,ABI,TX,ASW,CE,Combined TRACON& Tower with Radar,0,21,35,26,82,0,1,24,5,30,0,22,59,31,112,34,50,84,196
07/30/2020,ABI,TX,ASW,CE,Combined TRACON& Tower with Radar,2,18,25,31,76,0,2,24,3,29,2,20,49,34,105,16,24,40,145
07/31/2020,ABI,TX,ASW,CE,Combined TRACON& Tower with Radar,0,19,29,51,99,0,1,17,3,21,0,20,46,54,120,0,28,28,148
08/01/2020,ABI,TX,ASW,CE,Combined TRACON& Tower with Radar,0,12,12,11,35,1,2,48,7,58,1,14,60,18,93,78,34,112,205
08/02/2020,ABI,TX,ASW,CE,Combined TRACON& Tower with Radar,0,8,16,9,33,3,0,30,14,47,3,8,46,23,80,0,0,0,80
08/03/2020,ABI,TX,ASW,CE,Combined TRACON& Tower with Radar,0,15,11,19,45,0,0,21,13,34,0,15,32,32,79,16,6,22,101
08/04/2020,ABI,TX,ASW,CE,Combined TRACON& Tower with Radar,0,20,21,41,82,0,0,13,15,28,0,20,34,56,110,22,14,36,146
08/05/2020,ABI,TX,ASW,CE,Combined TRACON& Tower with Radar,0,19,17,47,83,0,0,25,9,34,0,19,42,56,117,10,6,16,133
08/06/2020,ABI,TX,ASW,CE,Combined TRACON& Tower with Radar,1,18,19,38,76,0,1,39,6,46,1,19,58,44,122,30,74,104,226
08/07/2020,ABI,TX,ASW,CE,Combined TRACON& Tower with Radar,1,20,28,5,54,0,2,36,3,41,1,22,64,8,95,46,0,46,141
08/08/2020,ABI,TX,ASW,CE,Combined TRACON& Tower with Radar,1,15,13,2,31,4,14,25,10,53,5,29,38,12,84,56,0,56,140
08/09/2020,ABI,TX,ASW,CE,Combined TRACON& Tower with Radar,1,10,18,12,41,0,1,23,4,28,1,11,41,16,69,20,0,20,89
08/10/2020,ABI,TX,ASW,CE,Combined TRACON& Tower with Radar,2,16,15,39,72,6,13,9,9,37,8,29,24,48,109,8,50,58,167
08/11/2020,ABI,TX,ASW,CE,Combined TRACON& Tower with Radar,0,19,16,35,70,0,6,24,1,31,0,25,40,36,101,16,32,48,149
08/12/2020,ABI,TX,ASW,CE,Combined TRACON& Tower with Radar,2,13,19,39,73,0,0,21,5,26,2,13,40,44,99,30,32,62,161
08/13/2020,ABI,TX,ASW,CE,Combined TRACON& Tower with Radar,0,16,13,40,69,0,0,22,7,29,0,16,35,47,98,26,36,62,160
08/14/2020,ABI,TX,ASW,CE,Combined TRACON& Tower with Radar,2,18,19,17,56,0,0,29,8,37,2,18,48,25,93,24,4,28,121
08/15/2020,ABI,TX,ASW,CE,Combined TRACON& Tower with Radar,0,14,7,0,21,0,4,21,3,28,0,18,28,3,49,18,0,18,67
08/16/2020,ABI,TX,ASW,CE,Combined TRACON& Tower with Radar,3,7,15,16,41,0,1,20,27,48,3,8,35,43,89,14,6,20,109
08/17/2020,ABI,TX,ASW,CE,Combined TRACON& Tower with Radar,1,13,22,35,71,0,0,18,8,26,1,13,40,43,97,28,20,48,145
08/18/2020,ABI,TX,ASW,CE,Combined TRACON& Tower with Radar,0,15,27,23,65,0,0,27,46,73,0,15,54,69,138,14,8,22,160
08/19/2020,ABI,TX,ASW,CE,Combined TRACON& Tower with Radar,2,13,19,30,64,0,1,23,13,37,2,14,42,43,101,20,14,34,135
08/20/2020,ABI,TX,ASW,CE,Combined TRACON& Tower with Radar,0,21,29,14,64,0,2,29,0,31,0,23,58,14,95,0,0,0,95
08/21/2020,ABI,TX,ASW,CE,Combined TRACON& Tower with Radar,0,15,33,22,70,0,0,34,7,41,0,15,67,29,111,4,14,18,129
08/22/2020,ABI,TX,ASW,CE,Combined TRACON& Tower with Radar,0,13,3,4,20,0,0,28,0,28,0,13,31,4,48,18,0,18,66
08/23/2020,ABI,TX,ASW,CE,Combined TRACON& Tower with Radar,0,8,17,36,61,0,2,33,6,41,0,10,50,42,102,14,0,14,116
08/24/2020,ABI,TX,ASW,CE,Combined TRACON& Tower with Radar,6,13,21,25,65,0,1,24,9,34,6,14,45,34,99,8,22,30,129
08/25/2020,ABI,TX,ASW,CE,Combined TRACON& Tower with Radar,1,15,24,59,99,0,7,36,20,63,1,22,60,79,162,70,32,102,264
08/26/2020,ABI,TX,ASW,CE,Combined TRACON& Tower with Radar,6,17,22,41,86,0,2,31,10,43,6,19,53,51,129,20,14,34,163
08/27/2020,ABI,TX,ASW,CE,Combined TRACON& Tower with Radar,0,18,29,35,82,0,5,30,47,82,0,23,59,82,164,12,54,66,230
08/28/2020,ABI,TX,ASW,CE,Combined TRACON& Tower with Radar,0,13,14,16,43,0,2,37,17,56,0,15,51,33,99,42,6,48,147
08/29/2020,ABI,TX,ASW,CE,Combined TRACON& Tower with Radar,0,10,11,0,21,0,7,37,17,61,0,17,48,17,82,6,34,40,122
08/30/2020,ABI,TX,ASW,CE,Combined TRACON& Tower with Radar,0,10,6,5,21,0,40,28,47,115,0,50,34,52,136,0,6,6,142
08/31/2020,ABI,TX,ASW,CE,Combined TRACON& Tower with Radar,0,15,21,8,44,0,2,9,1,12,0,17,30,9,56,10,4,14,70
09/01/2020,ABI,TX,ASW,CE,Combined TRACON& Tower with Radar,8,19,20,6,53,0,6,4,4,14,8,25,24,10,67,0,0,0,67
09/02/2020,ABI,TX,ASW,CE,Combined TRACON& Tower with Radar,1,24,11,17,53,0,0,1,0,1,1,24,12,17,54,32,0,32,86
09/03/2020,ABI,TX,ASW,CE,Combined TRACON& Tower with Radar,0,25,21,8,54,0,0,14,3,17,0,25,35,11,71,0,14,14,85
09/04/2020,ABI,TX,ASW,CE,Combined TRACON& Tower with Radar,0,19,25,2,46,0,0,19,0,19,0,19,44,2,65,48,0,48,113
09/05/2020,ABI,TX,ASW,CE,Combined TRACON& Tower with Radar,4,14,6,0,24,0,0,23,1,24,4,14,29,1,48,0,0,0,48
09/06/2020,ABI,TX,ASW,CE,Combined TRACON& Tower with Radar,0,9,10,6,25,0,0,19,0,19,0,9,29,6,44,38,0,38,82
09/07/2020,ABI,TX,ASW,CE,Combined TRACON& Tower with Radar,2,14,18,2,36,0,3,37,2,42,2,17,55,4,78,0,0,0,78
09/08/2020,ABI,TX,ASW,CE,Combined TRACON& Tower with Radar,0,15,20,27,62,0,0,6,3,9,0,15,26,30,71,10,24,34,105
09/09/2020,ABI,TX,ASW,CE,Combined TRACON& Tower with Radar,0,12,6,1,19,0,0,2,0,2,0,12,8,1,21,0,0,0,21
09/10/2020,ABI,TX,ASW,CE,Combined TRACON& Tower with Radar,0,19,19,3,41,0,0,0,0,0,0,19,19,3,41,0,0,0,41
09/11/2020,ABI,TX,ASW,CE,Combined TRACON& Tower with Radar,0,20,33,20,73,0,2,21,1,24,0,22,54,21,97,0,8,8,105
09/12/2020,ABI,TX,ASW,CE,Combined TRACON& Tower with Radar,0,14,15,0,29,0,0,35,0,35,0,14,50,0,64,8,0,8,72
09/13/2020,ABI,TX,ASW,CE,Combined TRACON& Tower with Radar,0,10,12,4,26,0,0,17,0,17,0,10,29,4,43,0,0,0,43
09/14/2020,ABI,TX,ASW,CE,Combined TRACON& Tower with Radar,0,13,23,25,61,0,3,25,7,35,0,16,48,32,96,38,16,54,150
09/15/2020,ABI,TX,ASW,CE,Combined TRACON& Tower with Radar,0,20,27,21,68,0,0,25,3,28,0,20,52,24,96,8,30,38,134
09/16/2020,ABI,TX,ASW,CE,Combined TRACON& Tower with Radar,0,16,13,30,59,0,0,23,7,30,0,16,36,37,89,12,64,76,165
09/17/2020,ABI,TX,ASW,CE,Combined TRACON& Tower with Radar,0,18,19,18,55,0,1,13,0,14,0,19,32,18,69,0,0,0,69
09/18/2020,ABI,TX,ASW,CE,Combined TRACON& Tower with Radar,0,17,40,41,98,0,4,28,2,34,0,21,68,43,132,14,46,60,192
09/19/2020,ABI,TX,ASW,CE,Combined TRACON& Tower with Radar,0,11,21,14,46,0,0,12,0,12,0,11,33,14,58,20,0,20,78
09/20/2020,ABI,TX,ASW,CE,Combined TRACON& Tower with Radar,0,10,15,11,36,0,0,25,0,25,0,10,40,11,61,28,0,28,89
09/21/2020,ABI,TX,ASW,CE,Combined TRACON& Tower with Radar,0,15,20,64,99,0,0,13,12,25,0,15,33,76,124,10,82,92,216
09/22/2020,ABI,TX,ASW,CE,Combined TRACON& Tower with Radar,0,17,25,4,46,0,0,1,1,2,0,17,26,5,48,0,0,0,48
09/23/2020,ABI,TX,ASW,CE,Combined TRACON& Tower with Radar,0,17,19,30,66,0,0,13,0,13,0,17,32,30,79,28,0,28,107
09/24/2020,ABI,TX,ASW,CE,Combined TRACON& Tower with Radar,0,20,19,23,62,0,0,18,2,20,0,20,37,25,82,32,6,38,120
09/25/2020,ABI,TX,ASW,CE,Combined TRACON& Tower with Radar,0,24,31,56,111,0,0,36,2,38,0,24,67,58,149,48,6,54,203
09/26/2020,ABI,TX,ASW,CE,Combined TRACON& Tower with Radar,0,10,22,4,36,0,4,34,0,38,0,14,56,4,74,10,0,10,84
09/27/2020,ABI,TX,ASW,CE,Combined TRACON& Tower with Radar,0,15,12,3,30,0,2,18,1,21,0,17,30,4,51,34,4,38,89
09/28/2020,ABI,TX,ASW,CE,Combined TRACON& Tower with Radar,0,15,15,32,62,0,3,17,0,20,0,18,32,32,82,36,54,90,172
09/29/2020,ABI,TX,ASW,CE,Combined TRACON& Tower with Radar,0,18,22,74,114,0,2,27,17,46,0,20,49,91,160,44,66,110,270
09/30/2020,ABI,TX,ASW,CE,Combined TRACON& Tower with Radar,0,19,29,27,75,0,1,27,0,28,0,20,56,27,103,44,18,62,165
10/01/2020,ABI,TX,ASW,CE,Combined TRACON& Tower with Radar,2,18,23,44,87,2,4,29,15,50,4,22,52,59,137,2,36,38,175
10/02/2020,ABI,TX,ASW,CE,Combined TRACON& Tower with Radar,2,15,15,21,53,0,0,20,4,24,2,15,35,25,77,16,28,44,121
10/03/2020,ABI,TX,ASW,CE,Combined TRACON& Tower with Radar,3,11,9,5,28,0,2,20,0,22,3,13,29,5,50,14,0,14,64
10/04/2020,ABI,TX,ASW,CE,Combined TRACON& Tower with Radar,1,8,4,9,22,0,0,17,3,20,1,8,21,12,42,10,0,10,52
10/05/2020,ABI,TX,ASW,CE,Combined TRACON& Tower with Radar,1,13,10,67,91,0,0,12,7,19,1,13,22,74,110,46,24,70,180
10/06/2020,ABI,TX,ASW,CE,Combined TRACON& Tower with Radar,0,25,24,37,86,0,0,17,6,23,0,25,41,43,109,48,6,54,163
10/07/2020,ABI,TX,ASW,CE,Combined TRACON& Tower with Radar,0,17,10,42,69,0,1,30,13,44,0,18,40,55,113,62,78,140,253
10/08/2020,ABI,TX,ASW,CE,Combined TRACON& Tower with Radar,0,22,34,54,110,0,0,31,14,45,0,22,65,68,155,26,50,76,231
10/09/2020,ABI,TX,ASW,CE,Combined TRACON& Tower with Radar,1,24,22,36,83,0,0,16,5,21,1,24,38,41,104,54,26,80,184
10/10/2020,ABI,TX,ASW,CE,Combined TRACON& Tower with Radar,0,15,20,12,47,0,2,37,2,41,0,17,57,14,88,38,22,60,148
10/11/2020,ABI,TX,ASW,CE,Combined TRACON& Tower with Radar,0,13,13,0,26,0,0,31,0,31,0,13,44,0,57,8,0,8,65
10/12/2020,ABI,TX,ASW,CE,Combined TRACON& Tower with Radar,0,15,15,0,30,0,1,22,0,23,0,16,37,0,53,50,0,50,103
10/13/2020,ABI,TX,ASW,CE,Combined TRACON& Tower with Radar,1,27,24,40,92,0,0,41,1,42,1,27,65,41,134,10,30,40,174
10/14/2020,ABI,TX,ASW,CE,Combined TRACON& Tower with Radar,1,20,14,28,63,0,0,24,7,31,1,20,38,35,94,8,24,32,126
10/15/2020,ABI,TX,ASW,CE,Combined TRACON& Tower with Radar,0,18,17,22,57,0,0,7,18,25,0,18,24,40,82,0,26,26,108
10/16/2020,ABI,TX,ASW,CE,Combined TRACON& Tower with Radar,0,23,30,12,65,0,2,37,10,49,0,25,67,22,114,0,0,0,114
10/17/2020,ABI,TX,ASW,CE,Combined TRACON& Tower with Radar,0,12,9,54,75,0,0,23,4,27,0,12,32,58,102,0,20,20,122
10/18/2020,ABI,TX,ASW,CE,Combined TRACON& Tower with Radar,0,13,21,5,39,0,0,19,9,28,0,13,40,14,67,6,0,6,73
10/19/2020,ABI,TX,ASW,CE,Combined TRACON& Tower with Radar,0,17,14,44,75,0,1,6,8,15,0,18,20,52,90,32,0,32,122
10/20/2020,ABI,TX,ASW,CE,Combined TRACON& Tower with Radar,0,17,19,42,78,0,1,17,3,21,0,18,36,45,99,0,54,54,153
10/21/2020,ABI,TX,ASW,CE,Combined TRACON& Tower with Radar,0,22,29,46,97,0,0,24,5,29,0,22,53,51,126,54,54,108,234
10/22/2020,ABI,TX,ASW,CE,Combined TRACON& Tower with Radar,0,20,26,52,98,0,0,29,18,47,0,20,55,70,145,12,22,34,179
10/23/2020,ABI,TX,ASW,CE,Combined TRACON& Tower with Radar,2,27,17,83,129,0,0,2,1,3,2,27,19,84,132,0,4,4,136
10/24/2020,ABI,TX,ASW,CE,Combined TRACON& Tower with Radar,1,16,15,23,55,0,0,69,11,80,1,16,84,34,135,78,26,104,239
10/25/2020,ABI,TX,ASW,CE,Combined TRACON& Tower with Radar,1,17,30,44,92,0,0,19,1,20,1,17,49,45,112,30,10,40,152
10/26/2020,ABI,TX,ASW,CE,Combined TRACON& Tower with Radar,1,17,5,4,27,0,0,0,0,0,1,17,5,4,27,0,0,0,27
10/27/2020,ABI,TX,ASW,CE,Combined TRACON& Tower with Radar,0,6,0,0,6,0,0,0,0,0,0,6,0,0,6,0,0,0,6
10/28/2020,ABI,TX,ASW,CE,Combined TRACON& Tower with Radar,0,17,14,29,60,0,0,0,1,1,0,17,14,30,61,0,4,4,65
10/29/2020,ABI,TX,ASW,CE,Combined TRACON& Tower with Radar,0,22,22,14,58,0,1,17,3,21,0,23,39,17,79,2,0,2,81
10/30/2020,ABI,TX,ASW,CE,Combined TRACON& Tower with Radar,2,30,45,62,139,0,0,37,11,48,2,30,82,73,187,16,18,34,221
10/31/2020,ABI,TX,ASW,CE,Combined TRACON& Tower with Radar,2,15,2,2,21,0,1,23,0,24,2,16,25,2,45,40,6,46,91
11/01/2020,ABI,TX,ASW,CE,Combined TRACON& Tower with Radar,0,17,15,13,45,0,0,18,0,18,0,17,33,13,63,28,0,28,91
11/02/2020,ABI,TX,ASW,CE,Combined TRACON& Tower with Radar,0,24,6,34,64,0,1,32,6,39,0,25,38,40,103,18,0,18,121
11/03/2020,ABI,TX,ASW,CE,Combined TRACON& Tower with Radar,0,36,13,25,74,0,0,16,10,26,0,36,29,35,100,6,6,12,112
11/04/2020,ABI,TX,ASW,CE,Combined TRACON& Tower with Radar,1,20,18,42,81,0,0,28,7,35,1,20,46,49,116,14,22,36,152
11/05/2020,ABI,TX,ASW,CE,Combined TRACON& Tower with Radar,3,19,15,48,85,0,2,30,7,39,3,21,45,55,124,34,6,40,164
11/06/2020,ABI,TX,ASW,CE,Combined TRACON& Tower with Radar,2,27,33,51,113,0,2,34,8,44,2,29,67,59,157,14,30,44,201
11/07/2020,ABI,TX,ASW,CE,Combined TRACON& Tower with Radar,0,25,16,3,44,0,0,45,2,47,0,25,61,5,91,28,0,28,119
11/08/2020,ABI,TX,ASW,CE,Combined TRACON& Tower with Radar,0,20,18,24,62,0,0,12,1,13,0,20,30,25,75,0,0,0,75
11/09/2020,ABI,TX,ASW,CE,Combined TRACON& Tower with Radar,0,18,24,59,101,0,0,21,3,24,0,18,45,62,125,8,62,70,195
11/10/2020,ABI,TX,ASW,CE,Combined TRACON& Tower with Radar,0,19,28,30,77,0,0,27,1,28,0,19,55,31,105,0,36,36,141
11/11/2020,ABI,TX,ASW,CE,Combined TRACON& Tower with Radar,0,22,29,4,55,0,1,39,4,44,0,23,68,8,99,22,0,22,121
11/12/2020,ABI,TX,ASW,CE,Combined TRACON& Tower with Radar,0,24,28,33,85,0,0,28,2,30,0,24,56,35,115,16,46,62,177
11/13/2020,ABI,TX,ASW,CE,Combined TRACON& Tower with Radar,0,24,19,25,68,0,0,10,0,10,0,24,29,25,78,10,10,20,98
11/14/2020,ABI,TX,ASW,CE,Combined TRACON& Tower with Radar,0,23,6,2,31,0,0,5,0,5,0,23,11,2,36,0,0,0,36
11/15/2020,ABI,TX,ASW,CE,Combined TRACON& Tower with Radar,0,18,43,34,95,0,0,33,6,39,0,18,76,40,134,0,0,0,134
11/16/2020,ABI,TX,ASW,CE,Combined TRACON& Tower with Radar,0,23,17,34,74,0,0,21,7,28,0,23,38,41,102,0,20,20,122
11/17/2020,ABI,TX,ASW,CE,Combined TRACON& Tower with Radar,0,24,29,8,61,0,4,38,3,45,0,28,67,11,106,42,30,72,178
11/18/2020,ABI,TX,ASW,CE,Combined TRACON& Tower with Radar,0,23,22,29,74,0,0,24,2,26,0,23,46,31,100,6,6,12,112
11/19/2020,ABI,TX,ASW,CE,Combined TRACON& Tower with Radar,0,26,46,29,101,0,0,28,3,31,0,26,74,32,132,4,76,80,212
11/20/2020,ABI,TX,ASW,CE,Combined TRACON& Tower with Radar,4,27,33,29,93,0,0,27,1,28,4,27,60,30,121,28,14,42,163
11/21/2020,ABI,TX,ASW,CE,Combined TRACON& Tower with Radar,1,21,27,20,69,0,4,28,3,35,1,25,55,23,104,42,14,56,160
11/22/2020,ABI,TX,ASW,CE,Combined TRACON& Tower with Radar,1,20,14,11,46,0,0,3,0,3,1,20,17,11,49,0,0,0,49
11/23/2020,ABI,TX,ASW,CE,Combined TRACON& Tower with Radar,1,19,22,64,106,0,0,8,3,11,1,19,30,67,117,6,56,62,179
11/24/2020,ABI,TX,ASW,CE,Combined TRACON& Tower with Radar,6,22,13,18,59,0,3,8,2,13,6,25,21,20,72,0,10,10,82
11/25/2020,ABI,TX,ASW,CE,Combined TRACON& Tower with Radar,1,25,19,11,56,0,0,39,4,43,1,25,58,15,99,32,36,68,167
11/26/2020,ABI,TX,ASW,CE,Combined TRACON& Tower with Radar,0,6,6,0,12,0,2,15,0,17,0,8,21,0,29,4,0,4,33
11/27/2020,ABI,TX,ASW,CE,Combined TRACON& Tower with Radar,0,21,10,0,31,0,0,14,0,14,0,21,24,0,45,26,0,26,71
11/28/2020,ABI,TX,ASW,CE,Combined TRACON& Tower with Radar,0,18,7,0,25,0,0,0,0,0,0,18,7,0,25,0,0,0,25
11/29/2020,ABI,TX,ASW,CE,Combined TRACON& Tower with Radar,0,20,26,0,46,0,0,2,2,4,0,20,28,2,50,0,0,0,50
11/30/2020,ABI,TX,ASW,CE,Combined TRACON& Tower with Radar,1,26,16,18,61,0,1,32,3,36,1,27,48,21,97,24,62,86,183
12/01/2020,ABI,TX,ASW,CE,Combined TRACON& Tower with Radar,1,21,10,36,68,0,2,17,8,27,1,23,27,44,95,0,14,14,109
12/02/2020,ABI,TX,ASW,CE,Combined TRACON& Tower with Radar,0,21,21,18,60,0,0,8,6,14,0,21,29,24,74,2,0,2,76
12/03/2020,ABI,TX,ASW,CE,Combined TRACON& Tower with Radar,14,22,11,4,51,0,1,7,0,8,14,23,18,4,59,0,0,0,59
12/04/2020,ABI,TX,ASW,CE,Combined TRACON& Tower with Radar,0,27,22,39,88,0,4,32,1,37,0,31,54,40,125,6,12,18,143
12/05/2020,ABI,TX,ASW,CE,Combined TRACON& Tower with Radar,2,23,12,30,67,0,4,19,8,31,2,27,31,38,98,6,14,20,118
12/06/2020,ABI,TX,ASW,CE,Combined TRACON& Tower with Radar,0,16,13,4,33,0,2,19,2,23,0,18,32,6,56,0,0,0,56
12/07/2020,ABI,TX,ASW,CE,Combined TRACON& Tower with Radar,1,28,19,20,68,0,3,36,10,49,1,31,55,30,117,4,20,24,141
12/08/2020,ABI,TX,ASW,CE,Combined TRACON& Tower with Radar,0,24,37,20,81,0,2,22,0,24,0,26,59,20,105,0,44,44,149
12/09/2020,ABI,TX,ASW,CE,Combined TRACON& Tower with Radar,0,20,26,12,58,0,0,32,5,37,0,20,58,17,95,36,0,36,131
12/10/2020,ABI,TX,ASW,CE,Combined TRACON& Tower with Radar,2,27,18,26,73,0,3,30,4,37,2,30,48,30,110,32,56,88,198
12/11/2020,ABI,TX,ASW,CE,Combined TRACON& Tower with Radar,0,27,16,59,102,0,0,20,5,25,0,27,36,64,127,8,50,58,185
12/12/2020,ABI,TX,ASW,CE,Combined TRACON& Tower with Radar,0,21,14,5,40,0,0,25,3,28,0,21,39,8,68,66,0,66,134
12/13/2020,ABI,TX,ASW,CE,Combined TRACON& Tower with Radar,8,19,6,0,33,0,0,0,0,0,8,19,6,0,33,0,0,0,33
12/14/2020,ABI,TX,ASW,CE,Combined TRACON& Tower with Radar,0,31,22,20,73,0,1,25,3,29,0,32,47,23,102,42,40,82,184
12/15/2020,ABI,TX,ASW,CE,Combined TRACON& Tower with Radar,0,28,7,46,81,0,1,6,3,10,0,29,13,49,91,0,62,62,153
12/16/2020,ABI,TX,ASW,CE,Combined TRACON& Tower with Radar,1,24,31,14,70,0,2,27,3,32,1,26,58,17,102,24,4,28,130
12/17/2020,ABI,TX,ASW,CE,Combined TRACON& Tower with Radar,1,40,37,14,92,0,3,34,0,37,1,43,71,14,129,22,36,58,187
12/18/2020,ABI,TX,ASW,CE,Combined TRACON& Tower with Radar,0,27,39,40,106,0,3,17,2,22,0,30,56,42,128,12,42,54,182
12/19/2020,ABI,TX,ASW,CE,Combined TRACON& Tower with Radar,1,23,11,0,35,0,0,14,0,14,1,23,25,0,49,46,0,46,95
12/20/2020,ABI,TX,ASW,CE,Combined TRACON& Tower with Radar,0,19,25,0,44,0,1,104,0,105,0,20,129,0,149,0,0,0,149
12/21/2020,ABI,TX,ASW,CE,Combined TRACON& Tower with Radar,0,25,9,8,42,0,1,20,0,21,0,26,29,8,63,36,26,62,125
12/22/2020,ABI,TX,ASW,CE,Combined TRACON& Tower with Radar,1,30,14,30,75,0,0,15,0,15,1,30,29,30,90,0,38,38,128
12/23/2020,ABI,TX,ASW,CE,Combined TRACON& Tower with Radar,1,26,16,0,43,0,0,16,0,16,1,26,32,0,59,6,0,6,65
12/24/2020,ABI,TX,ASW,CE,Combined TRACON& Tower with Radar,3,21,3,0,27,0,0,14,0,14,3,21,17,0,41,0,0,0,41
12/25/2020,ABI,TX,ASW,CE,Combined TRACON& Tower with Radar,0,9,2,0,11,0,0,15,0,15,0,9,17,0,26,0,0,0,26
12/26/2020,ABI,TX,ASW,CE,Combined TRACON& Tower with Radar,0,24,12,0,36,0,0,33,0,33,0,24,45,0,69,28,0,28,97
12/27/2020,ABI,TX,ASW,CE,Combined TRACON& Tower with Radar,0,22,18,0,40,0,0,32,0,32,0,22,50,0,72,0,0,0,72
12/28/2020,ABI,TX,ASW,CE,Combined TRACON& Tower with Radar,0,21,20,0,41,0,0,6,0,6,0,21,26,0,47,18,0,18,65
12/29/2020,ABI,TX,ASW,CE,Combined TRACON& Tower with Radar,1,30,25,0,56,0,0,2,0,2,1,30,27,0,58,0,0,0,58
12/30/2020,ABI,TX,ASW,CE,Combined TRACON& Tower with Radar,2,23,8,0,33,0,0,0,0,0,2,23,8,0,33,0,0,0,33
12/31/2020,ABI,TX,ASW,CE,Combined TRACON& Tower with Radar,0,7,1,0,8,0,0,0,0,0,0,7,1,0,8,0,0,0,8
01/01/2021,ABI,TX,ASW,CE,Combined TRACON& Tower with Radar,1,10,5,0,16,0,0,11,1,12,1,10,16,1,28,0,0,0,28
01/02/2021,ABI,TX,ASW,CE,Combined TRACON& Tower with Radar,0,19,17,0,36,0,0,32,0,32,0,19,49,0,68,24,0,24,92
01/03/2021,ABI,TX,ASW,CE,Combined TRACON& Tower with Radar,1,15,8,0,24,0,1,38,0,39,1,16,46,0,63,0,0,0,63
01/04/2021,ABI,TX,ASW,CE,Combined TRACON& Tower with Radar,2,17,20,0,39,0,1,20,1,22,2,18,40,1,61,14,0,14,75
01/05/2021,ABI,TX,ASW,CE,Combined TRACON& Tower with Radar,1,19,26,22,68,0,0,35,0,35,1,19,61,22,103,20,0,20,123
01/06/2021,ABI,TX,ASW,CE,Combined TRACON& Tower with Radar,0,21,20,23,64,0,0,11,1,12,0,21,31,24,76,6,42,48,124
01/07/2021,ABI,TX,ASW,CE,Combined TRACON& Tower with Radar,0,23,24,19,66,0,0,20,3,23,0,23,44,22,89,14,4,18,107
01/08/2021,ABI,TX,ASW,CE,Combined TRACON& Tower with Radar,0,23,24,10,57,0,0,4,0,4,0,23,28,10,61,0,0,0,61
01/09/2021,ABI,TX,ASW,CE,Combined TRACON& Tower with Radar,0,20,12,10,42,0,0,10,0,10,0,20,22,10,52,12,0,12,64
01/10/2021,ABI,TX,ASW,CE,Combined TRACON& Tower with Radar,0,3,0,0,3,0,0,0,0,0,0,3,0,0,3,0,0,0,3
01/11/2021,ABI,TX,ASW,CE,Combined TRACON& Tower with Radar,2,14,10,4,30,0,0,8,0,8,2,14,18,4,38,0,0,0,38
01/12/2021,ABI,TX,ASW,CE,Combined TRACON& Tower with Radar,0,20,22,52,94,0,0,25,1,26,0,20,47,53,120,14,36,50,170
01/13/2021,ABI,TX,ASW,CE,Combined TRACON& Tower with Radar,0,29,34,13,76,0,2,45,0,47,0,31,79,13,123,18,10,28,151
01/14/2021,ABI,TX,ASW,CE,Combined TRACON& Tower with Radar,0,18,14,2,34,0,0,13,1,14,0,18,27,3,48,0,38,38,86
01/15/2021,ABI,TX,ASW,CE,Combined TRACON& Tower with Radar,2,20,26,9,57,0,0,20,3,23,2,20,46,12,80,0,0,0,80
01/16/2021,ABI,TX,ASW,CE,Combined TRACON& Tower with Radar,2,12,6,0,20,0,2,58,3,63,2,14,64,3,83,26,0,26,109
01/17/2021,ABI,TX,ASW,CE,Combined TRACON& Tower with Radar,0,14,15,4,33,0,3,30,0,33,0,17,45,4,66,28,0,28,94
01/18/2021,ABI,TX,ASW,CE,Combined TRACON& Tower with Radar,0,13,17,0,30,0,0,21,0,21,0,13,38,0,51,6,0,6,57
01/19/2021,ABI,TX,ASW,CE,Combined TRACON& Tower with Radar,1,27,16,21,65,0,0,11,2,13,1,27,27,23,78,10,26,36,114
01/20/2021,ABI,TX,ASW,CE,Combined TRACON& Tower with Radar,1,19,11,2,33,0,1,0,0,1,1,20,11,2,34,0,0,0,34
01/21/2021,ABI,TX,ASW,CE,Combined TRACON& Tower with Radar,1,22,32,38,93,0,1,5,1,7,1,23,37,39,100,12,42,54,154
01/22/2021,ABI,TX,ASW,CE,Combined TRACON& Tower with Radar,1,24,13,3,41,0,0,0,0,0,1,24,13,3,41,0,0,0,41
01/23/2021,ABI,TX,ASW,CE,Combined TRACON& Tower with Radar,0,15,10,6,31,0,0,0,0,0,0,15,10,6,31,0,0,0,31
01/24/2021,ABI,TX,ASW,CE,Combined TRACON& Tower with Radar,0,18,13,2,33,0,0,0,0,0,0,18,13,2,33,0,0,0,33
01/25/2021,ABI,TX,ASW,CE,Combined TRACON& Tower with Radar,0,17,12,19,48,0,0,17,1,18,0,17,29,20,66,4,8,12,78
01/26/2021,ABI,TX,ASW,CE,Combined TRACON& Tower with Radar,0,16,34,19,69,0,1,30,1,32,0,17,64,20,101,12,28,40,141
01/27/2021,ABI,TX,ASW,CE,Combined TRACON& Tower with Radar,1,26,32,53,112,0,1,46,12,59,1,27,78,65,171,54,22,76,247
01/28/2021,ABI,TX,ASW,CE,Combined TRACON& Tower with Radar,1,21,33,39,94,0,4,27,5,36,1,25,60,44,130,24,92,116,246
01/29/2021,ABI,TX,ASW,CE,Combined TRACON& Tower with Radar,1,24,21,22,68,0,5,14,4,23,1,29,35,26,91,12,18,30,121
01/30/2021,ABI,TX,ASW,CE,Combined TRACON& Tower with Radar,0,17,8,0,25,0,1,6,0,7,0,18,14,0,32,0,0,0,32
01/31/2021,ABI,TX,ASW,CE,Combined TRACON& Tower with Radar,0,19,16,7,42,0,4,25,11,40,0,23,41,18,82,12,24,36,118
02/01/2021,ABI,TX,ASW,CE,Combined TRACON& Tower with Radar,0,20,16,31,67,0,7,22,10,39,0,27,38,41,106,32,0,32,138
02/02/2021,ABI,TX,ASW,CE,Combined TRACON& Tower with Radar,4,19,27,31,81,0,1,21,4,26,4,20,48,35,107,22,12,34,141
02/03/2021,ABI,TX,ASW,CE,Combined TRACON& Tower with Radar,0,20,25,25,70,0,0,29,12,41,0,20,54,37,111,26,36,62,173
02/04/2021,ABI,TX,ASW,CE,Combined TRACON& Tower with Radar,0,19,19,61,99,0,0,27,2,29,0,19,46,63,128,6,14,20,148
02/05/2021,ABI,TX,ASW,CE,Combined TRACON& Tower with Radar,0,21,44,59,124,0,0,33,3,36,0,21,77,62,160,16,44,60,220
02/06/2021,ABI,TX,ASW,CE,Combined TRACON& Tower with Radar,1,14,13,39,67,0,2,27,6,35,1,16,40,45,102,36,4,40,142
02/07/2021,ABI,TX,ASW,CE,Combined TRACON& Tower with Radar,0,12,9,15,36,0,0,13,2,15,0,12,22,17,51,4,0,4,55
02/08/2021,ABI,TX,ASW,CE,Combined TRACON& Tower with Radar,0,16,24,61,101,0,0,13,4,17,0,16,37,65,118,26,40,66,184
02/09/2021,ABI,TX,ASW,CE,Combined TRACON& Tower with Radar,0,17,16,7,40,0,0,0,0,0,0,17,16,7,40,0,0,0,40
02/10/2021,ABI,TX,ASW,CE,Combined TRACON& Tower with Radar,0,12,3,0,15,0,0,0,0,0,0,12,3,0,15,0,0,0,15
02/11/2021,ABI,TX,ASW,CE,Combined TRACON& Tower with Radar,0,14,0,0,14,0,0,0,0,0,0,14,0,0,14,0,0,0,14
02/12/2021,ABI,TX,ASW,CE,Combined TRACON& Tower with Radar,0,21,6,0,27,0,0,0,0,0,0,21,6,0,27,0,0,0,27
02/13/2021,ABI,TX,ASW,CE,Combined TRACON& Tower with Radar,0,10,6,0,16,0,0,0,0,0,0,10,6,0,16,0,0,0,16
02/14/2021,ABI,TX,ASW,CE,Combined TRACON& Tower with Radar,0,0,0,0,0,0,0,0,0,0,0,0,0,0,0,0,0,0,0
02/15/2021,ABI,TX,ASW,CE,Combined TRACON& Tower with Radar,0,0,0,0,0,0,0,0,0,0,0,0,0,0,0,0,0,0,0
02/16/2021,ABI,TX,ASW,CE,Combined TRACON& Tower with Radar,0,0,0,0,0,0,0,0,1,1,0,0,0,1,1,0,0,0,1
02/17/2021,ABI,TX,ASW,CE,Combined TRACON& Tower with Radar,0,0,0,0,0,0,0,0,0,0,0,0,0,0,0,0,0,0,0
02/18/2021,ABI,TX,ASW,CE,Combined TRACON& Tower with Radar,0,3,3,0,6,0,0,3,0,3,0,3,6,0,9,0,0,0,9
02/19/2021,ABI,TX,ASW,CE,Combined TRACON& Tower with Radar,0,20,20,2,42,0,0,15,2,17,0,20,35,4,59,0,0,0,59
02/20/2021,ABI,TX,ASW,CE,Combined TRACON& Tower with Radar,0,13,5,2,20,0,0,18,0,18,0,13,23,2,38,16,0,16,54
02/21/2021,ABI,TX,ASW,CE,Combined TRACON& Tower with Radar,0,12,15,2,29,0,0,17,0,17,0,12,32,2,46,20,0,20,66
02/22/2021,ABI,TX,ASW,CE,Combined TRACON& Tower with Radar,1,25,25,32,83,0,1,14,5,20,1,26,39,37,103,0,0,0,103
02/23/2021,ABI,TX,ASW,CE,Combined TRACON& Tower with Radar,1,21,18,16,56,0,2,15,2,19,1,23,33,18,75,0,8,8,83
02/24/2021,ABI,TX,ASW,CE,Combined TRACON& Tower with Radar,0,30,29,64,123,0,0,38,28,66,0,30,67,92,189,38,40,78,267
02/25/2021,ABI,TX,ASW,CE,Combined TRACON& Tower with Radar,5,19,12,20,56,0,0,5,0,5,5,19,17,20,61,0,12,12,73
02/26/2021,ABI,TX,ASW,CE,Combined TRACON& Tower with Radar,0,27,19,44,90,0,0,2,2,4,0,27,21,46,94,8,0,8,102
02/27/2021,ABI,TX,ASW,CE,Combined TRACON& Tower with Radar,0,22,17,6,45,0,0,9,0,9,0,22,26,6,54,40,0,40,94
02/28/2021,ABI,TX,ASW,CE,Combined TRACON& Tower with Radar,4,12,14,13,43,0,0,10,0,10,4,12,24,13,53,30,0,30,83
03/01/2021,ABI,TX,ASW,CE,Combined TRACON& Tower with Radar,2,16,29,53,100,0,0,14,0,14,2,16,43,53,114,0,30,30,144
03/02/2021,ABI,TX,ASW,CE,Combined TRACON& Tower with Radar,0,25,15,28,68,0,2,39,9,50,0,27,54,37,118,36,40,76,194
03/03/2021,ABI,TX,ASW,CE,Combined TRACON& Tower with Radar,0,19,16,13,48,0,3,27,0,30,0,22,43,13,78,28,26,54,132
03/04/2021,ABI,TX,ASW,CE,Combined TRACON& Tower with Radar,2,26,19,26,73,0,0,17,3,20,2,26,36,29,93,16,44,60,153
03/05/2021,ABI,TX,ASW,CE,Combined TRACON& Tower with Radar,1,27,34,11,73,0,0,4,8,12,1,27,38,19,85,6,42,48,133
03/06/2021,ABI,TX,ASW,CE,Combined TRACON& Tower with Radar,0,19,14,0,33,0,0,43,3,46,0,19,57,3,79,20,0,20,99
03/07/2021,ABI,TX,ASW,CE,Combined TRACON& Tower with Radar,0,18,9,0,27,0,1,21,4,26,0,19,30,4,53,14,0,14,67
03/08/2021,ABI,TX,ASW,CE,Combined TRACON& Tower with Radar,0,20,23,18,61,0,0,25,0,25,0,20,48,18,86,0,6,6,92
03/09/2021,ABI,TX,ASW,CE,Combined TRACON& Tower with Radar,0,21,12,4,37,0,1,4,0,5,0,22,16,4,42,0,0,0,42
03/10/2021,ABI,TX,ASW,CE,Combined TRACON& Tower with Radar,0,31,33,41,105,0,0,0,6,6,0,31,33,47,111,0,0,0,111
03/11/2021,ABI,TX,ASW,CE,Combined TRACON& Tower with Radar,0,35,23,40,98,0,0,17,1,18,0,35,40,41,116,0,68,68,184
03/12/2021,ABI,TX,ASW,CE,Combined TRACON& Tower with Radar,0,29,25,58,112,0,2,9,4,15,0,31,34,62,127,12,68,80,207
03/13/2021,ABI,TX,ASW,CE,Combined TRACON& Tower with Radar,0,21,10,3,34,0,0,1,0,1,0,21,11,3,35,0,0,0,35
03/14/2021,ABI,TX,ASW,CE,Combined TRACON& Tower with Radar,0,18,19,0,37,0,0,4,8,12,0,18,23,8,49,10,0,10,59
03/15/2021,ABI,TX,ASW,CE,Combined TRACON& Tower with Radar,0,20,13,37,70,0,0,27,1,28,0,20,40,38,98,10,44,54,152
03/16/2021,ABI,TX,ASW,CE,Combined TRACON& Tower with Radar,0,21,19,16,56,0,1,19,0,20,0,22,38,16,76,24,44,68,144
03/17/2021,ABI,TX,ASW,CE,Combined TRACON& Tower with Radar,0,13,5,1,19,0,0,2,4,6,0,13,7,5,25,0,0,0,25
03/18/2021,ABI,TX,ASW,CE,Combined TRACON& Tower with Radar,2,23,23,45,93,0,2,34,7,43,2,25,57,52,136,28,30,58,194
03/19/2021,ABI,TX,ASW,CE,Combined TRACON& Tower with Radar,0,24,25,3,52,0,0,31,3,34,0,24,56,6,86,28,44,72,158
03/20/2021,ABI,TX,ASW,CE,Combined TRACON& Tower with Radar,0,22,16,40,78,0,1,36,7,44,0,23,52,47,122,42,26,68,190
03/21/2021,ABI,TX,ASW,CE,Combined TRACON& Tower with Radar,0,16,15,19,50,0,0,24,3,27,0,16,39,22,77,0,28,28,105
03/22/2021,ABI,TX,ASW,CE,Combined TRACON& Tower with Radar,2,24,7,0,33,0,0,0,0,0,2,24,7,0,33,0,0,0,33
03/23/2021,ABI,TX,ASW,CE,Combined TRACON& Tower with Radar,2,27,25,34,88,0,2,30,4,36,2,29,55,38,124,14,70,84,208
03/24/2021,ABI,TX,ASW,CE,Combined TRACON& Tower with Radar,0,26,24,17,67,0,2,15,0,17,0,28,39,17,84,0,0,0,84
03/25/2021,ABI,TX,ASW,CE,Combined TRACON& Tower with Radar,1,29,25,39,94,0,0,35,9,44,1,29,60,48,138,38,100,138,276
03/26/2021,ABI,TX,ASW,CE,Combined TRACON& Tower with Radar,0,29,49,38,116,0,0,21,7,28,0,29,70,45,144,0,0,0,144
03/27/2021,ABI,TX,ASW,CE,Combined TRACON& Tower with Radar,0,25,21,39,85,0,1,40,8,49,0,26,61,47,134,72,50,122,256
03/28/2021,ABI,TX,ASW,CE,Combined TRACON& Tower with Radar,4,15,17,29,65,0,3,20,5,28,4,18,37,34,93,26,18,44,137
03/29/2021,ABI,TX,ASW,CE,Combined TRACON& Tower with Radar,1,21,19,10,51,0,0,15,3,18,1,21,34,13,69,4,0,4,73
03/30/2021,ABI,TX,ASW,CE,Combined TRACON& Tower with Radar,0,23,30,13,66,0,0,22,4,26,0,23,52,17,92,10,0,10,102
03/31/2021,ABI,TX,ASW,CE,Combined TRACON& Tower with Radar,1,25,25,46,97,0,0,19,4,23,1,25,44,50,120,0,0,0,120
04/01/2021,ABI,TX,ASW,CE,Combined TRACON& Tower with Radar,0,33,16,13,62,0,2,44,2,48,0,35,60,15,110,40,56,96,206
04/02/2021,ABI,TX,ASW,CE,Combined TRACON& Tower with Radar,0,24,38,39,101,0,0,34,6,40,0,24,72,45,141,32,0,32,173
04/03/2021,ABI,TX,ASW,CE,Combined TRACON& Tower with Radar,0,16,13,0,29,0,0,19,0,19,0,16,32,0,48,52,0,52,100
04/04/2021,ABI,TX,ASW,CE,Combined TRACON& Tower with Radar,0,17,12,0,29,0,0,4,0,4,0,17,16,0,33,0,0,0,33
04/05/2021,ABI,TX,ASW,CE,Combined TRACON& Tower with Radar,1,24,35,7,67,0,2,18,3,23,1,26,53,10,90,2,62,64,154
04/06/2021,ABI,TX,ASW,CE,Combined TRACON& Tower with Radar,1,21,34,14,70,0,0,9,4,13,1,21,43,18,83,2,22,24,107
04/07/2021,ABI,TX,ASW,CE,Combined TRACON& Tower with Radar,0,21,22,21,64,0,4,25,8,37,0,25,47,29,101,36,38,74,175
04/08/2021,ABI,TX,ASW,CE,Combined TRACON& Tower with Radar,0,26,25,13,64,0,2,37,0,39,0,28,62,13,103,30,2,32,135
04/09/2021,ABI,TX,ASW,CE,Combined TRACON& Tower with Radar,0,24,28,23,75,0,1,11,5,17,0,25,39,28,92,28,22,50,142
04/10/2021,ABI,TX,ASW,CE,Combined TRACON& Tower with Radar,0,16,26,20,62,0,1,36,3,40,0,17,62,23,102,78,20,98,200
04/11/2021,ABI,TX,ASW,CE,Combined TRACON& Tower with Radar,1,14,22,11,48,0,0,17,6,23,1,14,39,17,71,4,26,30,101
04/12/2021,ABI,TX,ASW,CE,Combined TRACON& Tower with Radar,0,20,22,15,57,0,3,19,0,22,0,23,41,15,79,8,52,60,139
04/13/2021,ABI,TX,ASW,CE,Combined TRACON& Tower with Radar,2,25,18,34,79,0,0,10,0,10,2,25,28,34,89,22,0,22,111
04/14/2021,ABI,TX,ASW,CE,Combined TRACON& Tower with Radar,2,20,57,7,86,0,0,2,0,2,2,20,59,7,88,2,2,4,92
04/15/2021,ABI,TX,ASW,CE,Combined TRACON& Tower with Radar,0,25,22,0,47,0,0,0,0,0,0,25,22,0,47,0,0,0,47
04/16/2021,ABI,TX,ASW,CE,Combined TRACON& Tower with Radar,2,27,10,2,41,0,0,0,0,0,2,27,10,2,41,0,0,0,41
04/17/2021,ABI,TX,ASW,CE,Combined TRACON& Tower with Radar,2,21,13,0,36,0,2,13,0,15,2,23,26,0,51,36,0,36,87
04/18/2021,ABI,TX,ASW,CE,Combined TRACON& Tower with Radar,0,19,11,1,31,0,0,16,3,19,0,19,27,4,50,4,0,4,54
04/19/2021,ABI,TX,ASW,CE,Combined TRACON& Tower with Radar,0,20,20,27,67,0,0,30,3,33,0,20,50,30,100,12,8,20,120
04/20/2021,ABI,TX,ASW,CE,Combined TRACON& Tower with Radar,0,24,28,62,114,0,0,23,4,27,0,24,51,66,141,40,14,54,195
04/21/2021,ABI,TX,ASW,CE,Combined TRACON& Tower with Radar,0,24,25,71,120,0,0,20,5,25,0,24,45,76,145,0,52,52,197
04/22/2021,ABI,TX,ASW,CE,Combined TRACON& Tower with Radar,0,30,19,35,84,0,0,5,0,5,0,30,24,35,89,0,16,16,105
04/23/2021,ABI,TX,ASW,CE,Combined TRACON& Tower with Radar,15,30,21,20,86,0,1,4,0,5,15,31,25,20,91,0,0,0,91
04/24/2021,ABI,TX,ASW,CE,Combined TRACON& Tower with Radar,0,16,15,46,77,0,0,31,1,32,0,16,46,47,109,14,2,16,125
04/25/2021,ABI,TX,ASW,CE,Combined TRACON& Tower with Radar,0,17,10,4,31,0,0,31,0,31,0,17,41,4,62,0,0,0,62
04/26/2021,ABI,TX,ASW,CE,Combined TRACON& Tower with Radar,1,18,14,7,40,0,0,18,1,19,1,18,32,8,59,0,0,0,59
04/27/2021,ABI,TX,ASW,CE,Combined TRACON& Tower with Radar,0,21,25,19,65,0,0,6,2,8,0,21,31,21,73,0,0,0,73
04/28/2021,ABI,TX,ASW,CE,Combined TRACON& Tower with Radar,7,19,17,2,45,0,0,3,0,3,7,19,20,2,48,0,0,0,48
04/29/2021,ABI,TX,ASW,CE,Combined TRACON& Tower with Radar,1,26,24,11,62,0,0,0,0,0,1,26,24,11,62,0,0,0,62
04/30/2021,ABI,TX,ASW,CE,Combined TRACON& Tower with Radar,0,25,14,12,51,0,0,16,0,16,0,25,30,12,67,0,36,36,103
05/01/2021,ABI,TX,ASW,CE,Combined TRACON& Tower with Radar,0,18,4,3,25,0,0,2,0,2,0,18,6,3,27,2,0,2,29
05/02/2021,ABI,TX,ASW,CE,Combined TRACON& Tower with Radar,2,20,16,8,46,0,2,26,4,32,2,22,42,12,78,34,0,34,112
05/03/2021,ABI,TX,ASW,CE,Combined TRACON& Tower with Radar,2,20,30,26,78,0,1,15,9,25,2,21,45,35,103,0,50,50,153
05/04/2021,ABI,TX,ASW,CE,Combined TRACON& Tower with Radar,5,21,41,50,117,0,0,10,4,14,5,21,51,54,131,30,86,116,247
05/05/2021,ABI,TX,ASW,CE,Combined TRACON& Tower with Radar,3,22,40,19,84,0,1,30,1,32,3,23,70,20,116,16,8,24,140
05/06/2021,ABI,TX,ASW,CE,Combined TRACON& Tower with Radar,0,27,30,18,75,0,0,43,1,44,0,27,73,19,119,38,22,60,179
05/07/2021,ABI,TX,ASW,CE,Combined TRACON& Tower with Radar,2,28,24,11,65,0,2,30,1,33,2,30,54,12,98,0,0,0,98
05/08/2021,ABI,TX,ASW,CE,Combined TRACON& Tower with Radar,2,14,9,21,46,0,0,21,7,28,2,14,30,28,74,0,68,68,142
05/09/2021,ABI,TX,ASW,CE,Combined TRACON& Tower with Radar,0,21,15,0,36,0,0,19,0,19,0,21,34,0,55,6,0,6,61
05/10/2021,ABI,TX,ASW,CE,Combined TRACON& Tower with Radar,7,19,16,2,44,0,0,1,0,1,7,19,17,2,45,0,0,0,45
05/11/2021,ABI,TX,ASW,CE,Combined TRACON& Tower with Radar,5,23,11,2,41,0,0,0,0,0,5,23,11,2,41,0,0,0,41
05/12/2021,ABI,TX,ASW,CE,Combined TRACON& Tower with Radar,4,22,26,22,74,0,0,9,1,10,4,22,35,23,84,12,0,12,96
05/13/2021,ABI,TX,ASW,CE,Combined TRACON& Tower with Radar,1,24,30,19,74,0,0,18,2,20,1,24,48,21,94,8,6,14,108
05/14/2021,ABI,TX,ASW,CE,Combined TRACON& Tower with Radar,0,31,34,41,106,0,1,18,7,26,0,32,52,48,132,4,52,56,188
05/15/2021,ABI,TX,ASW,CE,Combined TRACON& Tower with Radar,0,22,27,1,50,0,0,7,0,7,0,22,34,1,57,6,0,6,63
05/16/2021,ABI,TX,ASW,CE,Combined TRACON& Tower with Radar,2,21,18,6,47,0,0,27,0,27,2,21,45,6,74,50,0,50,124
05/17/2021,ABI,TX,ASW,CE,Combined TRACON& Tower with Radar,0,15,20,6,41,0,0,10,1,11,0,15,30,7,52,28,0,28,80
05/18/2021,ABI,TX,ASW,CE,Combined TRACON& Tower with Radar,1,23,25,16,65,0,0,7,2,9,1,23,32,18,74,14,26,40,114
05/19/2021,ABI,TX,ASW,CE,Combined TRACON& Tower with Radar,4,24,25,36,89,0,2,10,2,14,4,26,35,38,103,14,30,44,147
05/20/2021,ABI,TX,ASW,CE,Combined TRACON& Tower with Radar,0,24,26,60,110,0,0,17,7,24,0,24,43,67,134,62,84,146,280
05/21/2021,ABI,TX,ASW,CE,Combined TRACON& Tower with Radar,0,23,32,36,91,0,0,22,2,24,0,23,54,38,115,16,18,34,149
05/22/2021,ABI,TX,ASW,CE,Combined TRACON& Tower with Radar,0,18,18,20,56,0,0,8,0,8,0,18,26,20,64,12,8,20,84
05/23/2021,ABI,TX,ASW,CE,Combined TRACON& Tower with Radar,3,17,27,4,51,0,0,7,0,7,3,17,34,4,58,46,0,46,104
05/24/2021,ABI,TX,ASW,CE,Combined TRACON& Tower with Radar,6,22,22,24,74,0,0,14,1,15,6,22,36,25,89,66,22,88,177
05/25/2021,ABI,TX,ASW,CE,Combined TRACON& Tower with Radar,0,27,17,16,60,0,1,15,1,17,0,28,32,17,77,2,0,2,79
05/26/2021,ABI,TX,ASW,CE,Combined TRACON& Tower with Radar,0,25,35,47,107,0,1,26,9,36,0,26,61,56,143,16,46,62,205
05/27/2021,ABI,TX,ASW,CE,Combined TRACON& Tower with Radar,0,30,34,35,99,0,0,14,0,14,0,30,48,35,113,28,0,28,141
05/28/2021,ABI,TX,ASW,CE,Combined TRACON& Tower with Radar,2,32,14,6,54,0,1,4,0,5,2,33,18,6,59,10,0,10,69
05/29/2021,ABI,TX,ASW,CE,Combined TRACON& Tower with Radar,0,19,11,0,30,0,0,29,1,30,0,19,40,1,60,104,0,104,164
05/30/2021,ABI,TX,ASW,CE,Combined TRACON& Tower with Radar,0,22,12,0,34,0,0,11,0,11,0,22,23,0,45,8,0,8,53
05/31/2021,ABI,TX,ASW,CE,Combined TRACON& Tower with Radar,2,14,10,0,26,0,0,2,0,2,2,14,12,0,28,0,0,0,28
06/01/2021,ABI,TX,ASW,CE,Combined TRACON& Tower with Radar,0,14,19,12,45,0,1,12,0,13,0,15,31,12,58,0,0,0,58
06/02/2021,ABI,TX,ASW,CE,Combined TRACON& Tower with Radar,1,24,17,10,52,1,0,17,2,20,2,24,34,12,72,36,0,36,108
06/03/2021,ABI,TX,ASW,CE,Combined TRACON& Tower with Radar,0,30,26,10,66,0,0,14,2,16,0,30,40,12,82,0,0,0,82
06/04/2021,ABI,TX,ASW,CE,Combined TRACON& Tower with Radar,2,26,14,31,73,0,0,11,1,12,2,26,25,32,85,8,8,16,101
06/05/2021,ABI,TX,ASW,CE,Combined TRACON& Tower with Radar,2,21,12,4,39,0,0,19,0,19,2,21,31,4,58,0,0,0,58
06/06/2021,ABI,TX,ASW,CE,Combined TRACON& Tower with Radar,4,21,9,1,35,0,0,15,1,16,4,21,24,2,51,0,0,0,51
06/07/2021,ABI,TX,ASW,CE,Combined TRACON& Tower with Radar,4,26,15,12,57,0,0,5,0,5,4,26,20,12,62,4,0,4,66
06/08/2021,ABI,TX,ASW,CE,Combined TRACON& Tower with Radar,0,26,27,17,70,0,0,7,0,7,0,26,34,17,77,8,2,10,87
06/09/2021,ABI,TX,ASW,CE,Combined TRACON& Tower with Radar,0,29,52,17,98,0,0,20,0,20,0,29,72,17,118,32,14,46,164
06/10/2021,ABI,TX,ASW,CE,Combined TRACON& Tower with Radar,0,28,27,22,77,0,2,19,0,21,0,30,46,22,98,0,0,0,98
06/11/2021,ABI,TX,ASW,CE,Combined TRACON& Tower with Radar,0,27,37,51,115,0,0,33,9,42,0,27,70,60,157,26,46,72,229
06/12/2021,ABI,TX,ASW,CE,Combined TRACON& Tower with Radar,0,24,11,2,37,0,0,25,2,27,0,24,36,4,64,0,0,0,64
06/13/2021,ABI,TX,ASW,CE,Combined TRACON& Tower with Radar,0,20,7,8,35,0,1,24,0,25,0,21,31,8,60,34,0,34,94
06/14/2021,ABI,TX,ASW,CE,Combined TRACON& Tower with Radar,4,24,8,18,54,0,0,18,2,20,4,24,26,20,74,6,16,22,96
06/15/2021,ABI,TX,ASW,CE,Combined TRACON& Tower with Radar,1,22,22,8,53,0,2,37,3,42,1,24,59,11,95,0,30,30,125
06/16/2021,ABI,TX,ASW,CE,Combined TRACON& Tower with Radar,0,34,28,37,99,0,0,24,4,28,0,34,52,41,127,6,16,22,149
06/17/2021,ABI,TX,ASW,CE,Combined TRACON& Tower with Radar,0,40,19,14,73,0,3,22,7,32,0,43,41,21,105,12,0,12,117
06/18/2021,ABI,TX,ASW,CE,Combined TRACON& Tower with Radar,2,26,15,62,105,0,0,20,4,24,2,26,35,66,129,10,28,38,167
06/19/2021,ABI,TX,ASW,CE,Combined TRACON& Tower with Radar,0,22,11,0,33,0,3,46,2,51,0,25,57,2,84,18,0,18,102
06/20/2021,ABI,TX,ASW,CE,Combined TRACON& Tower with Radar,0,20,4,17,41,0,1,16,9,26,0,21,20,26,67,0,8,8,75
06/21/2021,ABI,TX,ASW,CE,Combined TRACON& Tower with Radar,7,25,26,10,68,0,1,8,0,9,7,26,34,10,77,0,6,6,83
06/22/2021,ABI,TX,ASW,CE,Combined TRACON& Tower with Radar,0,22,23,20,65,0,0,9,0,9,0,22,32,20,74,10,16,26,100
06/23/2021,ABI,TX,ASW,CE,Combined TRACON& Tower with Radar,0,37,27,36,100,0,2,32,10,44,0,39,59,46,144,12,4,16,160
06/24/2021,ABI,TX,ASW,CE,Combined TRACON& Tower with Radar,0,32,27,29,88,0,1,24,6,31,0,33,51,35,119,0,10,10,129
06/25/2021,ABI,TX,ASW,CE,Combined TRACON& Tower with Radar,0,28,17,71,116,0,0,28,2,30,0,28,45,73,146,0,30,30,176
06/26/2021,ABI,TX,ASW,CE,Combined TRACON& Tower with Radar,2,23,30,10,65,0,0,9,0,9,2,23,39,10,74,22,20,42,116
06/27/2021,ABI,TX,ASW,CE,Combined TRACON& Tower with Radar,3,19,21,10,53,0,0,19,2,21,3,19,40,12,74,28,0,28,102
06/28/2021,ABI,TX,ASW,CE,Combined TRACON& Tower with Radar,2,27,6,26,61,0,0,8,7,15,2,27,14,33,76,16,84,100,176
06/29/2021,ABI,TX,ASW,CE,Combined TRACON& Tower with Radar,2,24,29,35,90,0,0,13,0,13,2,24,42,35,103,10,2,12,115
06/30/2021,ABI,TX,ASW,CE,Combined TRACON& Tower with Radar,0,30,32,47,109,0,1,17,3,21,0,31,49,50,130,0,18,18,148
07/01/2021,ABI,TX,ASW,CE,Combined TRACON& Tower with Radar,9,33,21,34,97,0,2,28,5,35,9,35,49,39,132,4,8,12,144
07/02/2021,ABI,TX,ASW,CE,Combined TRACON& Tower with Radar,9,27,19,6,61,0,0,12,0,12,9,27,31,6,73,0,0,0,73
07/03/2021,ABI,TX,ASW,CE,Combined TRACON& Tower with Radar,0,23,8,0,31,0,0,2,0,2,0,23,10,0,33,2,0,2,35
07/04/2021,ABI,TX,ASW,CE,Combined TRACON& Tower with Radar,0,17,12,0,29,0,0,1,0,1,0,17,13,0,30,0,0,0,30
07/05/2021,ABI,TX,ASW,CE,Combined TRACON& Tower with Radar,0,25,8,0,33,0,0,6,0,6,0,25,14,0,39,12,0,12,51
07/06/2021,ABI,TX,ASW,CE,Combined TRACON& Tower with Radar,10,23,11,14,58,0,0,6,2,8,10,23,17,16,66,4,0,4,70
07/07/2021,ABI,TX,ASW,CE,Combined TRACON& Tower with Radar,0,34,14,72,120,0,1,17,12,30,0,35,31,84,150,18,16,34,184
07/08/2021,ABI,TX,ASW,CE,Combined TRACON& Tower with Radar,0,32,31,52,115,0,0,24,4,28,0,32,55,56,143,0,10,10,153
07/09/2021,ABI,TX,ASW,CE,Combined TRACON& Tower with Radar,0,28,31,53,112,0,0,18,2,20,0,28,49,55,132,14,10,24,156
07/10/2021,ABI,TX,ASW,CE,Combined TRACON& Tower with Radar,2,20,30,28,80,0,0,26,2,28,2,20,56,30,108,6,30,36,144
07/11/2021,ABI,TX,ASW,CE,Combined TRACON& Tower with Radar,1,20,14,2,37,0,0,10,0,10,1,20,24,2,47,16,0,16,63
07/12/2021,ABI,TX,ASW,CE,Combined TRACON& Tower with Radar,0,23,11,9,43,0,2,19,4,25,0,25,30,13,68,0,2,2,70
07/13/2021,ABI,TX,ASW,CE,Combined TRACON& Tower with Radar,0,19,31,33,83,0,2,45,2,49,0,21,76,35,132,6,10,16,148
07/14/2021,ABI,TX,ASW,CE,Combined TRACON& Tower with Radar,0,34,32,39,105,0,1,32,3,36,0,35,64,42,141,30,0,30,171
07/15/2021,ABI,TX,ASW,CE,Combined TRACON& Tower with Radar,0,31,37,57,125,0,0,21,3,24,0,31,58,60,149,18,20,38,187
07/16/2021,ABI,TX,ASW,CE,Combined TRACON& Tower with Radar,0,27,19,46,92,0,1,37,12,50,0,28,56,58,142,28,30,58,200
07/17/2021,ABI,TX,ASW,CE,Combined TRACON& Tower with Radar,0,19,22,11,52,0,1,27,4,32,0,20,49,15,84,18,44,62,146
07/18/2021,ABI,TX,ASW,CE,Combined TRACON& Tower with Radar,3,22,13,4,42,0,1,22,1,24,3,23,35,5,66,18,12,30,96
07/19/2021,ABI,TX,ASW,CE,Combined TRACON& Tower with Radar,6,22,25,0,53,0,0,8,0,8,6,22,33,0,61,4,0,4,65
07/20/2021,ABI,TX,ASW,CE,Combined TRACON& Tower with Radar,1,23,21,35,80,0,2,20,2,24,1,25,41,37,104,4,10,14,118
07/21/2021,ABI,TX,ASW,CE,Combined TRACON& Tower with Radar,0,25,15,38,78,0,0,34,2,36,0,25,49,40,114,16,20,36,150
07/22/2021,ABI,TX,ASW,CE,Combined TRACON& Tower with Radar,0,26,29,27,82,0,0,34,7,41,0,26,63,34,123,4,32,36,159
07/23/2021,ABI,TX,ASW,CE,Combined TRACON& Tower with Radar,0,32,22,50,104,0,2,27,7,36,0,34,49,57,140,0,0,0,140
07/24/2021,ABI,TX,ASW,CE,Combined TRACON& Tower with Radar,0,20,13,9,42,0,3,35,3,41,0,23,48,12,83,4,4,8,91
07/25/2021,ABI,TX,ASW,CE,Combined TRACON& Tower with Radar,2,23,24,0,49,0,0,33,0,33,2,23,57,0,82,52,0,52,134
07/26/2021,ABI,TX,ASW,CE,Combined TRACON& Tower with Radar,0,21,10,24,55,0,0,22,1,23,0,21,32,25,78,6,0,6,84
07/27/2021,ABI,TX,ASW,CE,Combined TRACON& Tower with Radar,0,27,31,14,72,0,0,32,1,33,0,27,63,15,105,0,0,0,105
07/28/2021,ABI,TX,ASW,CE,Combined TRACON& Tower with Radar,0,27,32,42,101,0,0,21,8,29,0,27,53,50,130,34,8,42,172
07/29/2021,ABI,TX,ASW,CE,Combined TRACON& Tower with Radar,3,29,26,18,76,0,0,18,1,19,3,29,44,19,95,0,0,0,95
07/30/2021,ABI,TX,ASW,CE,Combined TRACON& Tower with Radar,0,25,11,39,75,0,0,26,0,26,0,25,37,39,101,36,14,50,151
07/31/2021,ABI,TX,ASW,CE,Combined TRACON& Tower with Radar,0,18,22,14,54,0,2,35,1,38,0,20,57,15,92,18,0,18,110
08/01/2021,ABI,TX,ASW,CE,Combined TRACON& Tower with Radar,8,22,11,0,41,0,0,10,0,10,8,22,21,0,51,6,0,6,57
08/02/2021,ABI,TX,ASW,CE,Combined TRACON& Tower with Radar,0,28,22,15,65,0,0,12,0,12,0,28,34,15,77,14,0,14,91
08/03/2021,ABI,TX,ASW,CE,Combined TRACON& Tower with Radar,0,25,22,47,94,0,2,21,6,29,0,27,43,53,123,18,22,40,163
08/04/2021,ABI,TX,ASW,CE,Combined TRACON& Tower with Radar,1,32,14,19,66,0,0,21,3,24,1,32,35,22,90,12,0,12,102
08/05/2021,ABI,TX,ASW,CE,Combined TRACON& Tower with Radar,0,31,17,4,52,0,0,18,1,19,0,31,35,5,71,8,0,8,79
08/06/2021,ABI,TX,ASW,CE,Combined TRACON& Tower with Radar,2,43,34,27,106,0,1,32,3,36,2,44,66,30,142,2,10,12,154
08/07/2021,ABI,TX,ASW,CE,Combined TRACON& Tower with Radar,1,20,13,17,51,0,0,17,2,19,1,20,30,19,70,10,0,10,80
08/08/2021,ABI,TX,ASW,CE,Combined TRACON& Tower with Radar,5,16,12,14,47,0,0,17,0,17,5,16,29,14,64,6,0,6,70
08/09/2021,ABI,TX,ASW,CE,Combined TRACON& Tower with Radar,2,29,15,46,92,0,0,21,1,22,2,29,36,47,114,0,18,18,132
08/10/2021,ABI,TX,ASW,CE,Combined TRACON& Tower with Radar,0,29,19,47,95,0,1,22,9,32,0,30,41,56,127,0,0,0,127
08/11/2021,ABI,TX,ASW,CE,Combined TRACON& Tower with Radar,1,27,13,21,62,0,0,15,6,21,1,27,28,27,83,0,4,4,87
08/12/2021,ABI,TX,ASW,CE,Combined TRACON& Tower with Radar,4,30,18,43,95,0,1,38,4,43,4,31,56,47,138,0,14,14,152
08/13/2021,ABI,TX,ASW,CE,Combined TRACON& Tower with Radar,1,28,11,5,45,0,1,39,3,43,1,29,50,8,88,6,0,6,94
08/14/2021,ABI,TX,ASW,CE,Combined TRACON& Tower with Radar,14,22,13,0,49,0,0,18,0,18,14,22,31,0,67,10,0,10,77
08/15/2021,ABI,TX,ASW,CE,Combined TRACON& Tower with Radar,0,19,16,18,53,0,0,10,1,11,0,19,26,19,64,0,2,2,66
08/16/2021,ABI,TX,ASW,CE,Combined TRACON& Tower with Radar,3,21,15,22,61,0,0,15,2,17,3,21,30,24,78,16,0,16,94
08/17/2021,ABI,TX,ASW,CE,Combined TRACON& Tower with Radar,3,21,16,0,40,0,1,2,0,3,3,22,18,0,43,6,0,6,49
08/18/2021,ABI,TX,ASW,CE,Combined TRACON& Tower with Radar,1,24,13,1,39,0,0,5,1,6,1,24,18,2,45,0,0,0,45
08/19/2021,ABI,TX,ASW,CE,Combined TRACON& Tower with Radar,0,26,25,21,72,0,0,23,0,23,0,26,48,21,95,20,0,20,115
08/20/2021,ABI,TX,ASW,CE,Combined TRACON& Tower with Radar,1,30,17,41,89,0,0,14,4,18,1,30,31,45,107,0,0,0,107
08/21/2021,ABI,TX,ASW,CE,Combined TRACON& Tower with Radar,1,22,10,25,58,0,0,15,1,16,1,22,25,26,74,0,0,0,74
08/22/2021,ABI,TX,ASW,CE,Combined TRACON& Tower with Radar,6,23,9,2,40,0,1,18,1,20,6,24,27,3,60,6,0,6,66
08/23/2021,ABI,TX,ASW,CE,Combined TRACON& Tower with Radar,1,19,12,17,49,0,1,19,1,21,1,20,31,18,70,0,0,0,70
08/24/2021,ABI,TX,ASW,CE,Combined TRACON& Tower with Radar,3,23,18,25,69,0,2,24,4,30,3,25,42,29,99,4,16,20,119
08/25/2021,ABI,TX,ASW,CE,Combined TRACON& Tower with Radar,0,32,9,12,53,0,2,19,3,24,0,34,28,15,77,6,10,16,93
08/26/2021,ABI,TX,ASW,CE,Combined TRACON& Tower with Radar,2,26,29,27,84,0,2,23,3,28,2,28,52,30,112,6,10,16,128
08/27/2021,ABI,TX,ASW,CE,Combined TRACON& Tower with Radar,1,29,23,34,87,0,4,31,4,39,1,33,54,38,126,18,12,30,156
08/28/2021,ABI,TX,ASW,CE,Combined TRACON& Tower with Radar,0,23,16,18,57,0,0,40,0,40,0,23,56,18,97,6,0,6,103
08/29/2021,ABI,TX,ASW,CE,Combined TRACON& Tower with Radar,0,20,19,12,51,0,0,11,0,11,0,20,30,12,62,0,0,0,62
08/30/2021,ABI,TX,ASW,CE,Combined TRACON& Tower with Radar,0,21,3,15,39,0,0,16,1,17,0,21,19,16,56,0,0,0,56
08/31/2021,ABI,TX,ASW,CE,Combined TRACON& Tower with Radar,0,25,20,60,105,0,1,31,3,35,0,26,51,63,140,0,0,0,140
09/01/2021,ABI,TX,ASW,CE,Combined TRACON& Tower with Radar,0,27,28,14,69,0,0,26,0,26,0,27,54,14,95,0,0,0,95
09/02/2021,ABI,TX,ASW,CE,Combined TRACON& Tower with Radar,2,29,15,33,79,0,0,20,3,23,2,29,35,36,102,12,16,28,130
09/03/2021,ABI,TX,ASW,CE,Combined TRACON& Tower with Radar,1,26,32,0,59,0,0,29,0,29,1,26,61,0,88,22,0,22,110
09/04/2021,ABI,TX,ASW,CE,Combined TRACON& Tower with Radar,0,21,11,0,32,0,1,34,0,35,0,22,45,0,67,0,0,0,67
09/05/2021,ABI,TX,ASW,CE,Combined TRACON& Tower with Radar,0,12,8,0,20,0,2,7,0,9,0,14,15,0,29,0,0,0,29
09/06/2021,ABI,TX,ASW,CE,Combined TRACON& Tower with Radar,0,15,11,0,26,0,0,30,1,31,0,15,41,1,57,8,0,8,65
09/07/2021,ABI,TX,ASW,CE,Combined TRACON& Tower with Radar,0,16,28,20,64,0,0,23,8,31,0,16,51,28,95,38,6,44,139
09/08/2021,ABI,TX,ASW,CE,Combined TRACON& Tower with Radar,2,29,18,19,68,0,0,24,0,24,2,29,42,19,92,4,10,14,106
09/09/2021,ABI,TX,ASW,CE,Combined TRACON& Tower with Radar,0,28,27,34,89,0,1,21,17,39,0,29,48,51,128,0,28,28,156
09/10/2021,ABI,TX,ASW,CE,Combined TRACON& Tower with Radar,0,25,24,43,92,0,0,27,5,32,0,25,51,48,124,18,38,56,180
09/11/2021,ABI,TX,ASW,CE,Combined TRACON& Tower with Radar,0,18,15,0,33,0,0,26,0,26,0,18,41,0,59,36,0,36,95
09/12/2021,ABI,TX,ASW,CE,Combined TRACON& Tower with Radar,0,18,9,12,39,0,0,20,0,20,0,18,29,12,59,0,0,0,59
09/13/2021,ABI,TX,ASW,CE,Combined TRACON& Tower with Radar,0,24,12,49,85,0,1,22,2,25,0,25,34,51,110,6,6,12,122
09/14/2021,ABI,TX,ASW,CE,Combined TRACON& Tower with Radar,1,21,26,48,96,0,1,19,6,26,1,22,45,54,122,34,18,52,174
09/15/2021,ABI,TX,ASW,CE,Combined TRACON& Tower with Radar,0,26,19,35,80,0,4,16,0,20,0,30,35,35,100,66,0,66,166
09/16/2021,ABI,TX,ASW,CE,Combined TRACON& Tower with Radar,1,26,34,41,102,0,0,32,13,45,1,26,66,54,147,22,10,32,179
09/17/2021,ABI,TX,ASW,CE,Combined TRACON& Tower with Radar,0,35,38,52,125,0,0,28,6,34,0,35,66,58,159,26,66,92,251
09/18/2021,ABI,TX,ASW,CE,Combined TRACON& Tower with Radar,0,16,8,0,24,0,0,42,0,42,0,16,50,0,66,12,0,12,78
09/19/2021,ABI,TX,ASW,CE,Combined TRACON& Tower with Radar,0,21,11,3,35,0,0,32,3,35,0,21,43,6,70,8,0,8,78
09/20/2021,ABI,TX,ASW,CE,Combined TRACON& Tower with Radar,2,20,13,19,54,0,0,20,1,21,2,20,33,20,75,18,30,48,123
09/21/2021,ABI,TX,ASW,CE,Combined TRACON& Tower with Radar,0,22,40,6,68,0,1,13,1,15,0,23,53,7,83,0,14,14,97
09/22/2021,ABI,TX,ASW,CE,Combined TRACON& Tower with Radar,0,26,21,31,78,0,0,45,8,53,0,26,66,39,131,22,12,34,165
09/23/2021,ABI,TX,ASW,CE,Combined TRACON& Tower with Radar,6,26,33,14,79,0,1,43,0,44,6,27,76,14,123,0,0,0,123
09/24/2021,ABI,TX,ASW,CE,Combined TRACON& Tower with Radar,3,26,15,18,62,0,1,37,1,39,3,27,52,19,101,8,0,8,109
09/25/2021,ABI,TX,ASW,CE,Combined TRACON& Tower with Radar,1,17,9,0,27,0,0,37,0,37,1,17,46,0,64,0,0,0,64
09/26/2021,ABI,TX,ASW,CE,Combined TRACON& Tower with Radar,0,16,8,0,24,0,0,32,0,32,0,16,40,0,56,12,0,12,68
09/27/2021,ABI,TX,ASW,CE,Combined TRACON& Tower with Radar,4,17,11,32,64,0,2,17,3,22,4,19,28,35,86,38,18,56,142
09/28/2021,ABI,TX,ASW,CE,Combined TRACON& Tower with Radar,2,29,22,30,83,0,1,25,0,26,2,30,47,30,109,22,18,40,149
09/29/2021,ABI,TX,ASW,CE,Combined TRACON& Tower with Radar,0,32,22,19,73,0,0,18,5,23,0,32,40,24,96,22,12,34,130
09/30/2021,ABI,TX,ASW,CE,Combined TRACON& Tower with Radar,1,23,12,11,47,0,0,11,3,14,1,23,23,14,61,0,22,22,83
10/01/2021,ABI,TX,ASW,CE,Combined TRACON& Tower with Radar,2,30,30,21,83,0,0,12,0,12,2,30,42,21,95,2,2,4,99
10/02/2021,ABI,TX,ASW,CE,Combined TRACON& Tower with Radar,2,18,18,2,40,0,0,31,0,31,2,18,49,2,71,0,0,0,71
10/03/2021,ABI,TX,ASW,CE,Combined TRACON& Tower with Radar,0,12,20,10,42,0,2,31,7,40,0,14,51,17,82,14,8,22,104
10/04/2021,ABI,TX,ASW,CE,Combined TRACON& Tower with Radar,1,16,20,26,63,0,0,29,7,36,1,16,49,33,99,40,0,40,139
10/05/2021,ABI,TX,ASW,CE,Combined TRACON& Tower with Radar,1,17,22,22,62,0,0,33,2,35,1,17,55,24,97,24,12,36,133
10/06/2021,ABI,TX,ASW,CE,Combined TRACON& Tower with Radar,6,26,20,17,69,0,6,18,4,28,6,32,38,21,97,28,4,32,129
10/07/2021,ABI,TX,ASW,CE,Combined TRACON& Tower with Radar,0,28,34,24,86,0,0,38,2,40,0,28,72,26,126,32,8,40,166
10/08/2021,ABI,TX,ASW,CE,Combined TRACON& Tower with Radar,2,25,18,5,50,0,0,34,1,35,2,25,52,6,85,26,0,26,111
10/09/2021,ABI,TX,ASW,CE,Combined TRACON& Tower with Radar,0,17,6,0,23,0,5,21,0,26,0,22,27,0,49,0,0,0,49
10/10/2021,ABI,TX,ASW,CE,Combined TRACON& Tower with Radar,2,13,9,0,24,0,1,12,0,13,2,14,21,0,37,6,0,6,43
10/11/2021,ABI,TX,ASW,CE,Combined TRACON& Tower with Radar,0,15,18,0,33,0,0,29,0,29,0,15,47,0,62,24,0,24,86
10/12/2021,ABI,TX,ASW,CE,Combined TRACON& Tower with Radar,0,20,30,28,78,0,0,10,3,13,0,20,40,31,91,0,0,0,91
10/13/2021,ABI,TX,ASW,CE,Combined TRACON& Tower with Radar,0,14,11,2,27,0,0,0,0,0,0,14,11,2,27,4,0,4,31
10/14/2021,ABI,TX,ASW,CE,Combined TRACON& Tower with Radar,0,26,43,9,78,0,0,22,4,26,0,26,65,13,104,0,0,0,104
10/15/2021,ABI,TX,ASW,CE,Combined TRACON& Tower with Radar,0,22,32,10,64,0,0,29,4,33,0,22,61,14,97,0,0,0,97
10/16/2021,ABI,TX,ASW,CE,Combined TRACON& Tower with Radar,4,15,18,1,38,0,1,53,0,54,4,16,71,1,92,8,0,8,100
10/17/2021,ABI,TX,ASW,CE,Combined TRACON& Tower with Radar,1,12,22,0,35,0,1,28,0,29,1,13,50,0,64,4,0,4,68
10/18/2021,ABI,TX,ASW,CE,Combined TRACON& Tower with Radar,0,20,16,9,45,0,4,28,0,32,0,24,44,9,77,22,0,22,99
10/19/2021,ABI,TX,ASW,CE,Combined TRACON& Tower with Radar,2,31,25,42,100,0,0,33,1,34,2,31,58,43,134,2,24,26,160
10/20/2021,ABI,TX,ASW,CE,Combined TRACON& Tower with Radar,4,21,30,24,79,0,0,24,0,24,4,21,54,24,103,16,0,16,119
10/21/2021,ABI,TX,ASW,CE,Combined TRACON& Tower with Radar,1,23,32,21,77,0,0,37,0,37,1,23,69,21,114,10,4,14,128
10/22/2021,ABI,TX,ASW,CE,Combined TRACON& Tower with Radar,0,23,15,6,44,0,2,38,1,41,0,25,53,7,85,18,42,60,145
10/23/2021,ABI,TX,ASW,CE,Combined TRACON& Tower with Radar,0,15,10,0,25,0,2,40,0,42,0,17,50,0,67,0,0,0,67
10/24/2021,ABI,TX,ASW,CE,Combined TRACON& Tower with Radar,0,11,15,0,26,0,0,19,0,19,0,11,34,0,45,0,0,0,45
10/25/2021,ABI,TX,ASW,CE,Combined TRACON& Tower with Radar,1,14,11,18,44,0,0,29,2,31,1,14,40,20,75,36,14,50,125
10/26/2021,ABI,TX,ASW,CE,Combined TRACON& Tower with Radar,0,21,24,40,85,0,1,12,1,14,0,22,36,41,99,10,4,14,113
10/27/2021,ABI,TX,ASW,CE,Combined TRACON& Tower with Radar,0,22,15,50,87,0,1,11,10,22,0,23,26,60,109,0,68,68,177
10/28/2021,ABI,TX,ASW,CE,Combined TRACON& Tower with Radar,2,21,20,17,60,0,1,12,6,19,2,22,32,23,79,4,0,4,83
10/29/2021,ABI,TX,ASW,CE,Combined TRACON& Tower with Radar,1,23,33,6,63,0,0,21,0,21,1,23,54,6,84,6,0,6,90
10/30/2021,ABI,TX,ASW,CE,Combined TRACON& Tower with Radar,0,14,24,2,40,0,3,47,8,58,0,17,71,10,98,46,0,46,144
10/31/2021,ABI,TX,ASW,CE,Combined TRACON& Tower with Radar,0,18,17,0,35,0,0,23,7,30,0,18,40,7,65,18,0,18,83
11/01/2021,ABI,TX,ASW,CE,Combined TRACON& Tower with Radar,0,18,26,40,84,0,0,23,0,23,0,18,49,40,107,70,0,70,177
11/02/2021,ABI,TX,ASW,CE,Combined TRACON& Tower with Radar,0,22,27,4,53,0,0,2,0,2,0,22,29,4,55,0,0,0,55
11/03/2021,ABI,TX,ASW,CE,Combined TRACON& Tower with Radar,2,23,14,0,39,0,0,1,0,1,2,23,15,0,40,0,0,0,40
11/04/2021,ABI,TX,ASW,CE,Combined TRACON& Tower with Radar,0,25,36,20,81,0,0,10,0,10,0,25,46,20,91,6,6,12,103
11/05/2021,ABI,TX,ASW,CE,Combined TRACON& Tower with Radar,5,22,41,45,113,0,1,38,7,46,5,23,79,52,159,30,24,54,213
11/06/2021,ABI,TX,ASW,CE,Combined TRACON& Tower with Radar,3,16,19,16,54,0,0,42,6,48,3,16,61,22,102,42,18,60,162
11/07/2021,ABI,TX,ASW,CE,Combined TRACON& Tower with Radar,0,12,16,0,28,0,0,19,2,21,0,12,35,2,49,8,0,8,57
11/08/2021,ABI,TX,ASW,CE,Combined TRACON& Tower with Radar,0,23,27,26,76,0,0,33,4,37,0,23,60,30,113,52,12,64,177
11/09/2021,ABI,TX,ASW,CE,Combined TRACON& Tower with Radar,0,19,35,42,96,0,2,31,2,35,0,21,66,44,131,0,0,0,131
11/10/2021,ABI,TX,ASW,CE,Combined TRACON& Tower with Radar,1,43,42,3,89,0,0,13,2,15,1,43,55,5,104,42,0,42,146
11/11/2021,ABI,TX,ASW,CE,Combined TRACON& Tower with Radar,1,33,27,2,63,0,2,45,1,48,1,35,72,3,111,0,0,0,111
11/12/2021,ABI,TX,ASW,CE,Combined TRACON& Tower with Radar,0,20,11,82,113,0,3,34,1,38,0,23,45,83,151,12,14,26,177
11/13/2021,ABI,TX,ASW,CE,Combined TRACON& Tower with Radar,0,15,18,2,35,0,1,34,0,35,0,16,52,2,70,4,0,4,74
11/14/2021,ABI,TX,ASW,CE,Combined TRACON& Tower with Radar,0,19,12,2,33,0,3,32,0,35,0,22,44,2,68,0,12,12,80
11/15/2021,ABI,TX,ASW,CE,Combined TRACON& Tower with Radar,6,13,17,13,49,0,3,29,1,33,6,16,46,14,82,34,0,34,116
11/16/2021,ABI,TX,ASW,CE,Combined TRACON& Tower with Radar,0,21,14,38,73,0,1,23,5,29,0,22,37,43,102,0,0,0,102
11/17/2021,ABI,TX,ASW,CE,Combined TRACON& Tower with Radar,0,27,27,27,81,0,4,13,0,17,0,31,40,27,98,0,10,10,108
11/18/2021,ABI,TX,ASW,CE,Combined TRACON& Tower with Radar,0,23,35,46,104,0,0,31,4,35,0,23,66,50,139,8,60,68,207
11/19/2021,ABI,TX,ASW,CE,Combined TRACON& Tower with Radar,1,23,21,19,64,0,4,45,1,50,1,27,66,20,114,32,12,44,158
11/20/2021,ABI,TX,ASW,CE,Combined TRACON& Tower with Radar,0,16,14,4,34,0,1,25,0,26,0,17,39,4,60,32,0,32,92
11/21/2021,ABI,TX,ASW,CE,Combined TRACON& Tower with Radar,0,21,17,0,38,0,0,15,0,15,0,21,32,0,53,10,0,10,63
11/22/2021,ABI,TX,ASW,CE,Combined TRACON& Tower with Radar,1,19,15,22,57,0,0,34,4,38,1,19,49,26,95,26,0,26,121
11/23/2021,ABI,TX,ASW,CE,Combined TRACON& Tower with Radar,3,25,25,22,75,0,2,35,5,42,3,27,60,27,117,32,0,32,149
11/24/2021,ABI,TX,ASW,CE,Combined TRACON& Tower with Radar,2,28,15,14,59,0,2,8,0,10,2,30,23,14,69,0,0,0,69
11/25/2021,ABI,TX,ASW,CE,Combined TRACON& Tower with Radar,1,7,5,0,13,0,3,9,0,12,1,10,14,0,25,0,0,0,25
11/26/2021,ABI,TX,ASW,CE,Combined TRACON& Tower with Radar,0,17,18,0,35,0,0,26,0,26,0,17,44,0,61,34,0,34,95
11/27/2021,ABI,TX,ASW,CE,Combined TRACON& Tower with Radar,1,25,10,0,36,0,0,4,0,4,1,25,14,0,40,18,0,18,58
11/28/2021,ABI,TX,ASW,CE,Combined TRACON& Tower with Radar,0,26,17,0,43,0,2,33,0,35,0,28,50,0,78,2,0,2,80
11/29/2021,ABI,TX,ASW,CE,Combined TRACON& Tower with Radar,0,20,16,22,58,0,1,22,0,23,0,21,38,22,81,22,0,22,103
11/30/2021,ABI,TX,ASW,CE,Combined TRACON& Tower with Radar,1,25,25,40,91,0,0,31,1,32,1,25,56,41,123,26,6,32,155
12/01/2021,ABI,TX,ASW,CE,Combined TRACON& Tower with Radar,1,27,18,39,85,0,1,24,5,30,1,28,42,44,115,26,48,74,189
12/02/2021,ABI,TX,ASW,CE,Combined TRACON& Tower with Radar,0,23,31,46,100,0,3,16,1,20,0,26,47,47,120,0,32,32,152
12/03/2021,ABI,TX,ASW,CE,Combined TRACON& Tower with Radar,2,26,35,52,115,0,2,36,8,46,2,28,71,60,161,20,36,56,217
12/04/2021,ABI,TX,ASW,CE,Combined TRACON& Tower with Radar,0,19,23,26,68,0,0,20,11,31,0,19,43,37,99,46,20,66,165
12/05/2021,ABI,TX,ASW,CE,Combined TRACON& Tower with Radar,0,14,17,6,37,0,0,9,0,9,0,14,26,6,46,0,0,0,46
12/06/2021,ABI,TX,ASW,CE,Combined TRACON& Tower with Radar,0,19,22,42,83,0,2,7,2,11,0,21,29,44,94,6,42,48,142
12/07/2021,ABI,TX,ASW,CE,Combined TRACON& Tower with Radar,0,23,24,22,69,0,0,29,12,41,0,23,53,34,110,6,28,34,144
12/08/2021,ABI,TX,ASW,CE,Combined TRACON& Tower with Radar,0,23,21,13,57,0,2,19,2,23,0,25,40,15,80,0,0,0,80
12/09/2021,ABI,TX,ASW,CE,Combined TRACON& Tower with Radar,0,23,28,52,103,0,1,22,8,31,0,24,50,60,134,14,82,96,230
12/10/2021,ABI,TX,ASW,CE,Combined TRACON& Tower with Radar,2,32,18,11,63,0,0,18,0,18,2,32,36,11,81,8,0,8,89
12/11/2021,ABI,TX,ASW,CE,Combined TRACON& Tower with Radar,0,18,14,0,32,0,1,31,0,32,0,19,45,0,64,2,0,2,66
12/12/2021,ABI,TX,ASW,CE,Combined TRACON& Tower with Radar,0,14,12,4,30,0,0,27,0,27,0,14,39,4,57,6,0,6,63
12/13/2021,ABI,TX,ASW,CE,Combined TRACON& Tower with Radar,0,17,28,21,66,0,0,23,2,25,0,17,51,23,91,0,14,14,105
12/14/2021,ABI,TX,ASW,CE,Combined TRACON& Tower with Radar,0,24,34,30,88,0,0,12,1,13,0,24,46,31,101,22,0,22,123
12/15/2021,ABI,TX,ASW,CE,Combined TRACON& Tower with Radar,0,29,21,30,80,3,1,10,11,25,3,30,31,41,105,0,0,0,105
12/16/2021,ABI,TX,ASW,CE,Combined TRACON& Tower with Radar,1,28,32,65,126,0,0,41,9,50,1,28,73,74,176,72,40,112,288
12/17/2021,ABI,TX,ASW,CE,Combined TRACON& Tower with Radar,0,27,25,10,62,0,0,13,0,13,0,27,38,10,75,0,0,0,75
12/18/2021,ABI,TX,ASW,CE,Combined TRACON& Tower with Radar,1,19,20,2,42,0,0,16,0,16,1,19,36,2,58,0,0,0,58
12/19/2021,ABI,TX,ASW,CE,Combined TRACON& Tower with Radar,1,14,15,16,46,0,0,12,2,14,1,14,27,18,60,44,24,68,128
12/20/2021,ABI,TX,ASW,CE,Combined TRACON& Tower with Radar,1,17,21,32,71,0,2,26,13,41,1,19,47,45,112,32,32,64,176
12/21/2021,ABI,TX,ASW,CE,Combined TRACON& Tower with Radar,1,25,27,40,93,0,0,44,7,51,1,25,71,47,144,28,12,40,184
12/22/2021,ABI,TX,ASW,CE,Combined TRACON& Tower with Radar,1,27,26,15,69,0,2,36,9,47,1,29,62,24,116,24,10,34,150
12/23/2021,ABI,TX,ASW,CE,Combined TRACON& Tower with Radar,2,31,13,1,47,0,0,30,5,35,2,31,43,6,82,48,0,48,130
12/24/2021,ABI,TX,ASW,CE,Combined TRACON& Tower with Radar,2,18,14,0,34,0,1,5,0,6,2,19,19,0,40,8,0,8,48
12/25/2021,ABI,TX,ASW,CE,Combined TRACON& Tower with Radar,1,17,8,0,26,0,0,3,0,3,1,17,11,0,29,2,0,2,31
12/26/2021,ABI,TX,ASW,CE,Combined TRACON& Tower with Radar,0,13,14,0,27,1,0,12,1,14,1,13,26,1,41,0,0,0,41
12/27/2021,ABI,TX,ASW,CE,Combined TRACON& Tower with Radar,1,17,10,0,28,0,0,25,0,25,1,17,35,0,53,22,0,22,75
12/28/2021,ABI,TX,ASW,CE,Combined TRACON& Tower with Radar,0,22,13,0,35,0,0,6,0,6,0,22,19,0,41,6,0,6,47
12/29/2021,ABI,TX,ASW,CE,Combined TRACON& Tower with Radar,0,25,22,7,54,0,0,4,0,4,0,25,26,7,58,4,0,4,62
12/30/2021,ABI,TX,ASW,CE,Combined TRACON& Tower with Radar,0,26,22,4,52,0,0,20,0,20,0,26,42,4,72,12,0,12,84
12/31/2021,ABI,TX,ASW,CE,Combined TRACON& Tower with Radar,0,22,8,5,35,0,0,3,1,4,0,22,11,6,39,6,0,6,45
01/01/2022,ABI,TX,ASW,CE,Combined TRACON& Tower with Radar,0,13,8,0,21,0,0,2,0,2,0,13,10,0,23,0,0,0,23
01/02/2022,ABI,TX,ASW,CE,Combined TRACON& Tower with Radar,0,11,24,0,35,0,0,15,0,15,0,11,39,0,50,0,0,0,50
01/03/2022,ABI,TX,ASW,CE,Combined TRACON& Tower with Radar,0,16,13,1,30,0,2,32,0,34,0,18,45,1,64,16,0,16,80
01/04/2022,ABI,TX,ASW,CE,Combined TRACON& Tower with Radar,3,19,16,8,46,1,1,14,5,21,4,20,30,13,67,4,0,4,71
01/05/2022,ABI,TX,ASW,CE,Combined TRACON& Tower with Radar,0,27,21,41,89,0,0,33,18,51,0,27,54,59,140,0,0,0,140
01/06/2022,ABI,TX,ASW,CE,Combined TRACON& Tower with Radar,1,21,31,60,113,0,1,37,11,49,1,22,68,71,162,20,44,64,226
01/07/2022,ABI,TX,ASW,CE,Combined TRACON& Tower with Radar,3,22,22,9,56,0,2,21,5,28,3,24,43,14,84,32,8,40,124
01/08/2022,ABI,TX,ASW,CE,Combined TRACON& Tower with Radar,9,14,9,6,38,0,1,11,0,12,9,15,20,6,50,20,0,20,70
01/09/2022,ABI,TX,ASW,CE,Combined TRACON& Tower with Radar,0,25,27,8,60,0,4,17,0,21,0,29,44,8,81,0,44,44,125
01/10/2022,ABI,TX,ASW,CE,Combined TRACON& Tower with Radar,1,16,17,71,105,0,0,28,1,29,1,16,45,72,134,18,76,94,228
01/11/2022,ABI,TX,ASW,CE,Combined TRACON& Tower with Radar,1,24,15,16,56,0,3,14,1,18,1,27,29,17,74,0,0,0,74
01/12/2022,ABI,TX,ASW,CE,Combined TRACON& Tower with Radar,0,23,20,21,64,0,0,25,5,30,0,23,45,26,94,14,16,30,124
01/13/2022,ABI,TX,ASW,CE,Combined TRACON& Tower with Radar,0,19,19,43,81,0,0,36,8,44,0,19,55,51,125,60,10,70,195
01/14/2022,ABI,TX,ASW,CE,Combined TRACON& Tower with Radar,2,17,17,41,77,0,0,20,10,30,2,17,37,51,107,36,40,76,183
01/15/2022,ABI,TX,ASW,CE,Combined TRACON& Tower with Radar,0,10,5,0,15,0,2,13,14,29,0,12,18,14,44,4,8,12,56
01/16/2022,ABI,TX,ASW,CE,Combined TRACON& Tower with Radar,0,14,15,0,29,0,1,44,5,50,0,15,59,5,79,28,0,28,107
01/17/2022,ABI,TX,ASW,CE,Combined TRACON& Tower with Radar,0,18,15,2,35,0,1,35,0,36,0,19,50,2,71,46,4,50,121
01/18/2022,ABI,TX,ASW,CE,Combined TRACON& Tower with Radar,0,19,11,1,31,2,1,13,6,22,2,20,24,7,53,0,0,0,53
01/19/2022,ABI,TX,ASW,CE,Combined TRACON& Tower with Radar,0,19,20,24,63,0,2,17,3,22,0,21,37,27,85,34,0,34,119
01/20/2022,ABI,TX,ASW,CE,Combined TRACON& Tower with Radar,1,20,21,41,83,0,1,5,1,7,1,21,26,42,90,12,42,54,144
01/21/2022,ABI,TX,ASW,CE,Combined TRACON& Tower with Radar,0,21,19,33,73,0,1,37,6,44,0,22,56,39,117,40,104,144,261
01/22/2022,ABI,TX,ASW,CE,Combined TRACON& Tower with Radar,2,18,13,34,67,0,2,37,1,40,2,20,50,35,107,26,90,116,223
01/23/2022,ABI,TX,ASW,CE,Combined TRACON& Tower with Radar,1,13,17,37,68,0,2,23,3,28,1,15,40,40,96,6,2,8,104
01/24/2022,ABI,TX,ASW,CE,Combined TRACON& Tower with Radar,0,20,12,65,97,0,1,4,9,14,0,21,16,74,111,4,52,56,167
01/25/2022,ABI,TX,ASW,CE,Combined TRACON& Tower with Radar,2,16,31,59,108,0,1,19,5,25,2,17,50,64,133,26,46,72,205
01/26/2022,ABI,TX,ASW,CE,Combined TRACON& Tower with Radar,1,18,10,11,40,0,0,8,0,8,1,18,18,11,48,0,0,0,48
01/27/2022,ABI,TX,ASW,CE,Combined TRACON& Tower with Radar,0,24,19,54,97,0,4,13,1,18,0,28,32,55,115,44,0,44,159
01/28/2022,ABI,TX,ASW,CE,Combined TRACON& Tower with Radar,2,20,26,71,119,0,3,22,12,37,2,23,48,83,156,6,24,30,186
01/29/2022,ABI,TX,ASW,CE,Combined TRACON& Tower with Radar,0,14,11,21,46,0,2,24,6,32,0,16,35,27,78,4,12,16,94
01/30/2022,ABI,TX,ASW,CE,Combined TRACON& Tower with Radar,0,13,22,46,81,0,1,34,10,45,0,14,56,56,126,20,34,54,180
01/31/2022,ABI,TX,ASW,CE,Combined TRACON& Tower with Radar,0,14,12,36,62,0,0,13,1,14,0,14,25,37,76,6,20,26,102
02/01/2022,ABI,TX,ASW,CE,Combined TRACON& Tower with Radar,1,33,27,58,119,0,4,16,3,23,1,37,43,61,142,52,66,118,260
02/02/2022,ABI,TX,ASW,CE,Combined TRACON& Tower with Radar,0,24,23,22,69,0,3,14,4,21,0,27,37,26,90,0,0,0,90
02/03/2022,ABI,TX,ASW,CE,Combined TRACON& Tower with Radar,1,20,21,39,81,0,1,5,1,7,1,21,26,40,88,0,0,0,88
02/04/2022,ABI,TX,ASW,CE,Combined TRACON& Tower with Radar,0,1,0,1,2,0,0,9,2,11,0,1,9,3,13,2,0,2,15
02/05/2022,ABI,TX,ASW,CE,Combined TRACON& Tower with Radar,5,9,22,8,44,0,6,21,2,29,5,15,43,10,73,4,2,6,79
02/06/2022,ABI,TX,ASW,CE,Combined TRACON& Tower with Radar,0,12,15,27,54,0,4,33,8,45,0,16,48,35,99,6,12,18,117
02/07/2022,ABI,TX,ASW,CE,Combined TRACON& Tower with Radar,2,14,31,31,78,0,3,23,12,38,2,17,54,43,116,42,36,78,194
02/08/2022,ABI,TX,ASW,CE,Combined TRACON& Tower with Radar,1,26,29,45,101,1,2,21,24,48,2,28,50,69,149,0,0,0,149
02/09/2022,ABI,TX,ASW,CE,Combined TRACON& Tower with Radar,0,23,17,29,69,0,4,35,8,47,0,27,52,37,116,16,16,32,148
02/10/2022,ABI,TX,ASW,CE,Combined TRACON& Tower with Radar,3,21,33,19,76,0,1,43,13,57,3,22,76,32,133,10,20,30,163
02/11/2022,ABI,TX,ASW,CE,Combined TRACON& Tower with Radar,1,22,22,41,86,0,4,35,7,46,1,26,57,48,132,42,14,56,188
02/12/2022,ABI,TX,ASW,CE,Combined TRACON& Tower with Radar,0,12,14,35,61,0,2,16,6,24,0,14,30,41,85,2,36,38,123
02/13/2022,ABI,TX,ASW,CE,Combined TRACON& Tower with Radar,0,10,17,6,33,0,1,27,15,43,0,11,44,21,76,44,22,66,142
02/14/2022,ABI,TX,ASW,CE,Combined TRACON& Tower with Radar,0,13,14,26,53,1,3,24,25,53,1,16,38,51,106,10,12,22,128
02/15/2022,ABI,TX,ASW,CE,Combined TRACON& Tower with Radar,0,18,28,38,84,2,6,20,35,63,2,24,48,73,147,0,58,58,205
02/16/2022,ABI,TX,ASW,CE,Combined TRACON& Tower with Radar,0,24,12,47,83,0,1,16,11,28,0,25,28,58,111,0,0,0,111
02/17/2022,ABI,TX,ASW,CE,Combined TRACON& Tower with Radar,3,22,40,27,92,0,0,3,8,11,3,22,43,35,103,0,12,12,115
02/18/2022,ABI,TX,ASW,CE,Combined TRACON& Tower with Radar,5,21,50,26,102,0,7,55,2,64,5,28,105,28,166,14,26,40,206
02/19/2022,ABI,TX,ASW,CE,Combined TRACON& Tower with Radar,2,12,21,0,35,0,4,42,0,46,2,16,63,0,81,46,0,46,127
02/20/2022,ABI,TX,ASW,CE,Combined TRACON& Tower with Radar,1,9,15,13,38,0,0,13,2,15,1,9,28,15,53,0,0,0,53
02/21/2022,ABI,TX,ASW,CE,Combined TRACON& Tower with Radar,3,12,18,0,33,0,0,8,0,8,3,12,26,0,41,24,0,24,65
02/22/2022,ABI,TX,ASW,CE,Combined TRACON& Tower with Radar,1,25,21,61,108,0,0,28,7,35,1,25,49,68,143,28,10,38,181
02/23/2022,ABI,TX,ASW,CE,Combined TRACON& Tower with Radar,0,0,0,0,0,0,0,0,0,0,0,0,0,0,0,0,0,0,0
02/24/2022,ABI,TX,ASW,CE,Combined TRACON& Tower with Radar,0,11,9,6,26,0,0,1,0,1,0,11,10,6,27,0,0,0,27
02/25/2022,ABI,TX,ASW,CE,Combined TRACON& Tower with Radar,0,19,24,41,84,0,4,10,10,24,0,23,34,51,108,0,68,68,176
02/26/2022,ABI,TX,ASW,CE,Combined TRACON& Tower with Radar,0,17,9,1,27,0,0,1,2,3,0,17,10,3,30,0,0,0,30
02/27/2022,ABI,TX,ASW,CE,Combined TRACON& Tower with Radar,2,16,19,7,44,0,1,39,3,43,2,17,58,10,87,46,2,48,135
02/28/2022,ABI,TX,ASW,CE,Combined TRACON& Tower with Radar,1,15,21,43,80,0,2,26,1,29,1,17,47,44,109,28,8,36,145
03/01/2022,ABI,TX,ASW,CE,Combined TRACON& Tower with Radar,1,21,9,59,90,0,3,30,16,49,1,24,39,75,139,36,14,50,189
03/02/2022,ABI,TX,ASW,CE,Combined TRACON& Tower with Radar,0,19,34,42,95,0,2,42,20,64,0,21,76,62,159,24,22,46,205
03/03/2022,ABI,TX,ASW,CE,Combined TRACON& Tower with Radar,1,19,24,22,66,0,3,41,12,56,1,22,65,34,122,38,6,44,166
03/04/2022,ABI,TX,ASW,CE,Combined TRACON& Tower with Radar,0,21,24,38,83,0,2,18,3,23,0,23,42,41,106,14,8,22,128
03/05/2022,ABI,TX,ASW,CE,Combined TRACON& Tower with Radar,1,13,19,56,89,0,1,25,2,28,1,14,44,58,117,0,0,0,117
03/06/2022,ABI,TX,ASW,CE,Combined TRACON& Tower with Radar,5,13,10,5,33,0,1,4,0,5,5,14,14,5,38,0,0,0,38
03/07/2022,ABI,TX,ASW,CE,Combined TRACON& Tower with Radar,1,19,20,52,92,0,0,31,28,59,1,19,51,80,151,20,14,34,185
03/08/2022,ABI,TX,ASW,CE,Combined TRACON& Tower with Radar,1,20,26,62,109,0,4,41,15,60,1,24,67,77,169,0,0,0,169
03/09/2022,ABI,TX,ASW,CE,Combined TRACON& Tower with Radar,0,21,32,52,105,0,0,40,9,49,0,21,72,61,154,0,0,0,154
03/10/2022,ABI,TX,ASW,CE,Combined TRACON& Tower with Radar,1,26,29,24,80,0,1,32,6,39,1,27,61,30,119,2,20,22,141
03/11/2022,ABI,TX,ASW,CE,Combined TRACON& Tower with Radar,0,18,26,28,72,0,0,3,0,3,0,18,29,28,75,0,14,14,89
03/12/2022,ABI,TX,ASW,CE,Combined TRACON& Tower with Radar,1,17,15,0,33,0,5,35,1,41,1,22,50,1,74,24,0,24,98
03/13/2022,ABI,TX,ASW,CE,Combined TRACON& Tower with Radar,0,12,15,0,27,2,0,31,9,42,2,12,46,9,69,12,0,12,81
03/14/2022,ABI,TX,ASW,CE,Combined TRACON& Tower with Radar,7,12,15,19,53,3,2,17,12,34,10,14,32,31,87,0,0,0,87
03/15/2022,ABI,TX,ASW,CE,Combined TRACON& Tower with Radar,0,22,25,9,56,1,0,58,20,79,1,22,83,29,135,46,0,46,181
03/16/2022,ABI,TX,ASW,CE,Combined TRACON& Tower with Radar,0,24,20,29,73,5,1,41,18,65,5,25,61,47,138,0,10,10,148
03/17/2022,ABI,TX,ASW,CE,Combined TRACON& Tower with Radar,2,19,23,5,49,0,0,4,0,4,2,19,27,5,53,0,0,0,53
03/18/2022,ABI,TX,ASW,CE,Combined TRACON& Tower with Radar,2,19,22,43,86,0,0,45,47,92,2,19,67,90,178,14,50,64,242
03/19/2022,ABI,TX,ASW,CE,Combined TRACON& Tower with Radar,5,18,11,21,55,4,8,70,11,93,9,26,81,32,148,44,8,52,200
03/20/2022,ABI,TX,ASW,CE,Combined TRACON& Tower with Radar,2,9,10,16,37,10,0,28,28,66,12,9,38,44,103,2,0,2,105
03/21/2022,ABI,TX,ASW,CE,Combined TRACON& Tower with Radar,6,14,14,3,37,0,0,0,0,0,6,14,14,3,37,0,0,0,37
03/22/2022,ABI,TX,ASW,CE,Combined TRACON& Tower with Radar,0,19,16,42,77,0,6,6,6,18,0,25,22,48,95,0,0,0,95
03/23/2022,ABI,TX,ASW,CE,Combined TRACON& Tower with Radar,0,25,26,12,63,0,2,29,16,47,0,27,55,28,110,0,0,0,110
03/24/2022,ABI,TX,ASW,CE,Combined TRACON& Tower with Radar,0,21,46,104,171,2,0,31,23,56,2,21,77,127,227,4,4,8,235
03/25/2022,ABI,TX,ASW,CE,Combined TRACON& Tower with Radar,0,17,25,25,67,1,3,39,17,60,1,20,64,42,127,18,14,32,159
03/26/2022,ABI,TX,ASW,CE,Combined TRACON& Tower with Radar,0,17,19,3,39,2,4,35,25,66,2,21,54,28,105,18,0,18,123
03/27/2022,ABI,TX,ASW,CE,Combined TRACON& Tower with Radar,0,14,11,1,26,2,2,43,19,66,2,16,54,20,92,10,0,10,102
03/28/2022,ABI,TX,ASW,CE,Combined TRACON& Tower with Radar,1,18,17,23,59,2,0,31,33,66,3,18,48,56,125,2,24,26,151
03/29/2022,ABI,TX,ASW,CE,Combined TRACON& Tower with Radar,0,18,21,14,53,0,1,15,9,25,0,19,36,23,78,2,20,22,100
03/30/2022,ABI,TX,ASW,CE,Combined TRACON& Tower with Radar,3,25,15,4,47,0,0,19,21,40,3,25,34,25,87,0,0,0,87
03/31/2022,ABI,TX,ASW,CE,Combined TRACON& Tower with Radar,3,26,20,10,59,3,0,35,6,44,6,26,55,16,103,18,0,18,121
04/01/2022,ABI,TX,ASW,CE,Combined TRACON& Tower with Radar,7,20,29,19,75,0,0,36,24,60,7,20,65,43,135,4,10,14,149
04/02/2022,ABI,TX,ASW,CE,Combined TRACON& Tower with Radar,0,13,13,2,28,0,5,53,0,58,0,18,66,2,86,56,6,62,148
04/03/2022,ABI,TX,ASW,CE,Combined TRACON& Tower with Radar,0,9,12,7,28,0,0,23,15,38,0,9,35,22,66,40,4,44,110
04/04/2022,ABI,TX,ASW,CE,Combined TRACON& Tower with Radar,1,24,20,14,59,0,1,7,0,8,1,25,27,14,67,26,2,28,95
04/05/2022,ABI,TX,ASW,CE,Combined TRACON& Tower with Radar,0,17,20,14,51,0,1,10,2,13,0,18,30,16,64,0,0,0,64
04/06/2022,ABI,TX,ASW,CE,Combined TRACON& Tower with Radar,0,22,20,22,64,0,3,24,14,41,0,25,44,36,105,14,24,38,143
04/07/2022,ABI,TX,ASW,CE,Combined TRACON& Tower with Radar,0,22,18,42,82,2,0,30,9,41,2,22,48,51,123,26,8,34,157
04/08/2022,ABI,TX,ASW,CE,Combined TRACON& Tower with Radar,0,25,17,24,66,0,0,47,1,48,0,25,64,25,114,78,0,78,192
04/09/2022,ABI,TX,ASW,CE,Combined TRACON& Tower with Radar,0,18,12,7,37,0,1,44,5,50,0,19,56,12,87,0,0,0,87
04/10/2022,ABI,TX,ASW,CE,Combined TRACON& Tower with Radar,0,17,12,1,30,0,0,7,16,23,0,17,19,17,53,0,0,0,53
04/11/2022,ABI,TX,ASW,CE,Combined TRACON& Tower with Radar,1,17,14,55,87,0,1,27,7,35,1,18,41,62,122,10,22,32,154
04/12/2022,ABI,TX,ASW,CE,Combined TRACON& Tower with Radar,3,29,32,45,109,0,0,8,4,12,3,29,40,49,121,24,6,30,151
04/13/2022,ABI,TX,ASW,CE,Combined TRACON& Tower with Radar,3,24,21,46,94,0,2,20,14,36,3,26,41,60,130,20,20,40,170
04/14/2022,ABI,TX,ASW,CE,Combined TRACON& Tower with Radar,0,23,40,31,94,0,0,62,5,67,0,23,102,36,161,14,36,50,211
04/15/2022,ABI,TX,ASW,CE,Combined TRACON& Tower with Radar,0,19,17,40,76,0,2,23,4,29,0,21,40,44,105,14,8,22,127
04/16/2022,ABI,TX,ASW,CE,Combined TRACON& Tower with Radar,0,16,15,10,41,0,0,20,3,23,0,16,35,13,64,36,2,38,102
04/17/2022,ABI,TX,ASW,CE,Combined TRACON& Tower with Radar,4,15,9,0,28,0,2,20,28,50,4,17,29,28,78,10,0,10,88
04/18/2022,ABI,TX,ASW,CE,Combined TRACON& Tower with Radar,0,20,19,28,67,1,0,41,16,58,1,20,60,44,125,12,12,24,149
04/19/2022,ABI,TX,ASW,CE,Combined TRACON& Tower with Radar,0,23,15,16,54,0,0,15,4,19,0,23,30,20,73,36,60,96,169
04/20/2022,ABI,TX,ASW,CE,Combined TRACON& Tower with Radar,2,20,14,34,70,0,2,18,10,30,2,22,32,44,100,6,52,58,158
04/21/2022,ABI,TX,ASW,CE,Combined TRACON& Tower with Radar,2,22,36,38,98,0,1,18,3,22,2,23,54,41,120,0,28,28,148
04/22/2022,ABI,TX,ASW,CE,Combined TRACON& Tower with Radar,2,18,20,54,94,0,0,9,1,10,2,18,29,55,104,0,28,28,132
04/23/2022,ABI,TX,ASW,CE,Combined TRACON& Tower with Radar,5,18,13,6,42,0,0,4,7,11,5,18,17,13,53,0,10,10,63
04/24/2022,ABI,TX,ASW,CE,Combined TRACON& Tower with Radar,3,13,9,0,25,0,0,1,0,1,3,13,10,0,26,0,0,0,26
04/25/2022,ABI,TX,ASW,CE,Combined TRACON& Tower with Radar,1,21,15,12,49,0,2,23,0,25,1,23,38,12,74,0,0,0,74
04/26/2022,ABI,TX,ASW,CE,Combined TRACON& Tower with Radar,5,27,29,26,87,0,2,50,8,60,5,29,79,34,147,58,16,74,221
04/27/2022,ABI,TX,ASW,CE,Combined TRACON& Tower with Radar,0,23,35,19,77,0,1,19,0,20,0,24,54,19,97,0,0,0,97
04/28/2022,ABI,TX,ASW,CE,Combined TRACON& Tower with Radar,0,26,23,19,68,0,0,24,2,26,0,26,47,21,94,6,4,10,104
04/29/2022,ABI,TX,ASW,CE,Combined TRACON& Tower with Radar,0,21,22,16,59,0,0,19,3,22,0,21,41,19,81,0,0,0,81
04/30/2022,ABI,TX,ASW,CE,Combined TRACON& Tower with Radar,0,19,12,1,32,0,5,39,4,48,0,24,51,5,80,16,8,24,104
05/01/2022,ABI,TX,ASW,CE,Combined TRACON& Tower with Radar,0,12,9,0,21,0,0,13,0,13,0,12,22,0,34,6,0,6,40
05/02/2022,ABI,TX,ASW,CE,Combined TRACON& Tower with Radar,0,19,22,11,52,1,2,9,6,18,1,21,31,17,70,10,0,10,80
05/03/2022,ABI,TX,ASW,CE,Combined TRACON& Tower with Radar,4,20,36,18,78,0,6,20,3,29,4,26,56,21,107,60,20,80,187
05/04/2022,ABI,TX,ASW,CE,Combined TRACON& Tower with Radar,1,20,8,0,29,0,0,5,0,5,1,20,13,0,34,20,0,20,54
05/05/2022,ABI,TX,ASW,CE,Combined TRACON& Tower with Radar,1,32,43,43,119,0,4,35,9,48,1,36,78,52,167,4,28,32,199
05/06/2022,ABI,TX,ASW,CE,Combined TRACON& Tower with Radar,3,23,23,11,60,0,0,44,0,44,3,23,67,11,104,64,0,64,168
05/07/2022,ABI,TX,ASW,CE,Combined TRACON& Tower with Radar,1,16,18,0,35,0,3,20,0,23,1,19,38,0,58,46,0,46,104
05/08/2022,ABI,TX,ASW,CE,Combined TRACON& Tower with Radar,3,16,16,0,35,0,1,18,37,56,3,17,34,37,91,0,0,0,91
05/09/2022,ABI,TX,ASW,CE,Combined TRACON& Tower with Radar,0,17,12,41,70,1,0,25,8,34,1,17,37,49,104,2,28,30,134
05/10/2022,ABI,TX,ASW,CE,Combined TRACON& Tower with Radar,1,18,30,18,67,0,0,14,2,16,1,18,44,20,83,30,6,36,119
05/11/2022,ABI,TX,ASW,CE,Combined TRACON& Tower with Radar,1,27,31,26,85,0,0,40,4,44,1,27,71,30,129,28,20,48,177
05/12/2022,ABI,TX,ASW,CE,Combined TRACON& Tower with Radar,0,30,17,14,61,0,2,29,10,41,0,32,46,24,102,6,24,30,132
05/13/2022,ABI,TX,ASW,CE,Combined TRACON& Tower with Radar,0,22,20,3,45,0,1,19,7,27,0,23,39,10,72,14,2,16,88
05/14/2022,ABI,TX,ASW,CE,Combined TRACON& Tower with Radar,0,19,17,1,37,0,1,39,3,43,0,20,56,4,80,30,0,30,110
05/15/2022,ABI,TX,ASW,CE,Combined TRACON& Tower with Radar,2,13,13,20,48,0,1,30,3,34,2,14,43,23,82,30,0,30,112
05/16/2022,ABI,TX,ASW,CE,Combined TRACON& Tower with Radar,1,19,19,28,67,1,0,29,15,45,2,19,48,43,112,74,8,82,194
05/17/2022,ABI,TX,ASW,CE,Combined TRACON& Tower with Radar,0,20,29,19,68,1,2,25,25,53,1,22,54,44,121,24,18,42,163
05/18/2022,ABI,TX,ASW,CE,Combined TRACON& Tower with Radar,0,21,28,12,61,9,1,35,79,124,9,22,63,91,185,0,0,0,185
05/19/2022,ABI,TX,ASW,CE,Combined TRACON& Tower with Radar,0,30,23,6,59,1,5,30,61,97,1,35,53,67,156,18,0,18,174
05/20/2022,ABI,TX,ASW,CE,Combined TRACON& Tower with Radar,0,19,15,6,40,0,0,34,10,44,0,19,49,16,84,20,0,20,104
05/21/2022,ABI,TX,ASW,CE,Combined TRACON& Tower with Radar,0,18,21,9,48,0,1,21,2,24,0,19,42,11,72,0,0,0,72
05/22/2022,ABI,TX,ASW,CE,Combined TRACON& Tower with Radar,0,13,15,45,73,0,0,33,6,39,0,13,48,51,112,50,8,58,170
05/23/2022,ABI,TX,ASW,CE,Combined TRACON& Tower with Radar,0,17,10,4,31,0,0,1,0,1,0,17,11,4,32,18,4,22,54
05/24/2022,ABI,TX,ASW,CE,Combined TRACON& Tower with Radar,0,21,26,8,55,0,0,0,0,0,0,21,26,8,55,0,0,0,55
05/25/2022,ABI,TX,ASW,CE,Combined TRACON& Tower with Radar,0,28,25,34,87,0,2,23,24,49,0,30,48,58,136,10,26,36,172
05/26/2022,ABI,TX,ASW,CE,Combined TRACON& Tower with Radar,0,25,25,6,56,0,2,52,2,56,0,27,77,8,112,32,0,32,144
05/27/2022,ABI,TX,ASW,CE,Combined TRACON& Tower with Radar,0,29,17,0,46,0,2,48,0,50,0,31,65,0,96,34,0,34,130
05/28/2022,ABI,TX,ASW,CE,Combined TRACON& Tower with Radar,0,19,8,0,27,0,5,21,0,26,0,24,29,0,53,6,0,6,59
05/29/2022,ABI,TX,ASW,CE,Combined TRACON& Tower with Radar,1,11,11,0,23,0,0,8,0,8,1,11,19,0,31,0,0,0,31
05/30/2022,ABI,TX,ASW,CE,Combined TRACON& Tower with Radar,1,16,8,0,25,0,1,12,0,13,1,17,20,0,38,4,0,4,42
05/31/2022,ABI,TX,ASW,CE,Combined TRACON& Tower with Radar,0,18,25,16,59,0,0,20,1,21,0,18,45,17,80,8,26,34,114
06/01/2022,ABI,TX,ASW,CE,Combined TRACON& Tower with Radar,6,26,24,30,86,0,0,15,0,15,6,26,39,30,101,0,0,0,101
06/02/2022,ABI,TX,ASW,CE,Combined TRACON& Tower with Radar,5,24,18,14,61,0,0,9,0,9,5,24,27,14,70,14,10,24,94
06/03/2022,ABI,TX,ASW,CE,Combined TRACON& Tower with Radar,7,16,6,5,34,0,0,12,1,13,7,16,18,6,47,124,0,124,171
06/04/2022,ABI,TX,ASW,CE,Combined TRACON& Tower with Radar,0,15,8,12,35,0,1,21,1,23,0,16,29,13,58,56,8,64,122
06/05/2022,ABI,TX,ASW,CE,Combined TRACON& Tower with Radar,0,14,7,16,37,0,0,29,1,30,0,14,36,17,67,32,4,36,103
06/06/2022,ABI,TX,ASW,CE,Combined TRACON& Tower with Radar,0,17,31,15,63,2,3,29,2,36,2,20,60,17,99,24,32,56,155
06/07/2022,ABI,TX,ASW,CE,Combined TRACON& Tower with Radar,0,24,22,21,67,2,4,37,12,55,2,28,59,33,122,104,0,104,226
06/08/2022,ABI,TX,ASW,CE,Combined TRACON& Tower with Radar,0,20,32,11,63,0,2,23,3,28,0,22,55,14,91,14,0,14,105
06/09/2022,ABI,TX,ASW,CE,Combined TRACON& Tower with Radar,0,22,14,25,61,0,0,34,5,39,0,22,48,30,100,30,0,30,130
06/10/2022,ABI,TX,ASW,CE,Combined TRACON& Tower with Radar,2,24,30,30,86,0,1,49,1,51,2,25,79,31,137,38,24,62,199
06/11/2022,ABI,TX,ASW,CE,Combined TRACON& Tower with Radar,0,17,12,7,36,0,1,51,3,55,0,18,63,10,91,38,4,42,133
06/12/2022,ABI,TX,ASW,CE,Combined TRACON& Tower with Radar,1,14,18,9,42,0,0,15,4,19,1,14,33,13,61,44,0,44,105
06/13/2022,ABI,TX,ASW,CE,Combined TRACON& Tower with Radar,0,22,9,23,54,0,0,23,0,23,0,22,32,23,77,10,0,10,87
06/14/2022,ABI,TX,ASW,CE,Combined TRACON& Tower with Radar,0,24,15,13,52,0,0,18,4,22,0,24,33,17,74,22,0,22,96
06/15/2022,ABI,TX,ASW,CE,Combined TRACON& Tower with Radar,1,25,10,8,44,0,1,24,2,27,1,26,34,10,71,0,0,0,71
06/16/2022,ABI,TX,ASW,CE,Combined TRACON& Tower with Radar,0,21,24,13,58,0,3,41,0,44,0,24,65,13,102,42,28,70,172
06/17/2022,ABI,TX,ASW,CE,Combined TRACON& Tower with Radar,3,21,17,15,56,0,0,31,2,33,3,21,48,17,89,36,0,36,125
06/18/2022,ABI,TX,ASW,CE,Combined TRACON& Tower with Radar,0,15,8,1,24,0,1,31,0,32,0,16,39,1,56,20,0,20,76
06/19/2022,ABI,TX,ASW,CE,Combined TRACON& Tower with Radar,0,12,6,0,18,0,0,11,0,11,0,12,17,0,29,0,0,0,29
06/20/2022,ABI,TX,ASW,CE,Combined TRACON& Tower with Radar,0,19,12,0,31,0,0,43,0,43,0,19,55,0,74,52,0,52,126
06/21/2022,ABI,TX,ASW,CE,Combined TRACON& Tower with Radar,0,19,20,10,49,0,0,34,3,37,0,19,54,13,86,44,0,44,130
06/22/2022,ABI,TX,ASW,CE,Combined TRACON& Tower with Radar,0,21,29,28,78,0,1,37,8,46,0,22,66,36,124,96,40,136,260
06/23/2022,ABI,TX,ASW,CE,Combined TRACON& Tower with Radar,5,22,15,9,51,1,2,34,12,49,6,24,49,21,100,38,2,40,140
06/24/2022,ABI,TX,ASW,CE,Combined TRACON& Tower with Radar,1,26,20,28,75,0,0,44,52,96,1,26,64,80,171,22,50,72,243
06/25/2022,ABI,TX,ASW,CE,Combined TRACON& Tower with Radar,0,17,9,18,44,0,2,45,67,114,0,19,54,85,158,28,0,28,186
06/26/2022,ABI,TX,ASW,CE,Combined TRACON& Tower with Radar,0,16,11,0,27,0,1,20,46,67,0,17,31,46,94,6,0,6,100
06/27/2022,ABI,TX,ASW,CE,Combined TRACON& Tower with Radar,0,18,13,18,49,0,0,31,0,31,0,18,44,18,80,38,28,66,146
06/28/2022,ABI,TX,ASW,CE,Combined TRACON& Tower with Radar,0,21,12,15,48,0,1,8,1,10,0,22,20,16,58,22,50,72,130
06/29/2022,ABI,TX,ASW,CE,Combined TRACON& Tower with Radar,0,24,13,16,53,0,8,41,20,69,0,32,54,36,122,0,0,0,122
06/30/2022,ABI,TX,ASW,CE,Combined TRACON& Tower with Radar,0,24,27,7,58,0,1,50,12,63,0,25,77,19,121,72,36,108,229
07/01/2022,ABI,TX,ASW,CE,Combined TRACON& Tower with Radar,0,20,24,3,47,0,1,24,3,28,0,21,48,6,75,60,0,60,135
07/02/2022,ABI,TX,ASW,CE,Combined TRACON& Tower with Radar,0,17,5,0,22,0,3,26,1,30,0,20,31,1,52,22,0,22,74
07/03/2022,ABI,TX,ASW,CE,Combined TRACON& Tower with Radar,0,11,6,0,17,0,0,18,6,24,0,11,24,6,41,4,0,4,45
07/04/2022,ABI,TX,ASW,CE,Combined TRACON& Tower with Radar,0,12,11,0,23,10,2,37,6,55,10,14,48,6,78,60,0,60,138
07/05/2022,ABI,TX,ASW,CE,Combined TRACON& Tower with Radar,0,15,10,20,45,0,0,25,5,30,0,15,35,25,75,24,4,28,103
07/06/2022,ABI,TX,ASW,CE,Combined TRACON& Tower with Radar,0,23,18,19,60,4,7,34,19,64,4,30,52,38,124,14,0,14,138
07/07/2022,ABI,TX,ASW,CE,Combined TRACON& Tower with Radar,0,23,24,16,63,5,2,40,66,113,5,25,64,82,176,20,0,20,196
07/08/2022,ABI,TX,ASW,CE,Combined TRACON& Tower with Radar,0,24,12,18,54,0,1,24,21,46,0,25,36,39,100,50,6,56,156
07/09/2022,ABI,TX,ASW,CE,Combined TRACON& Tower with Radar,0,15,5,9,29,0,1,28,13,42,0,16,33,22,71,26,0,26,97
07/10/2022,ABI,TX,ASW,CE,Combined TRACON& Tower with Radar,0,15,13,7,35,0,0,30,17,47,0,15,43,24,82,12,0,12,94
07/11/2022,ABI,TX,ASW,CE,Combined TRACON& Tower with Radar,0,17,23,69,109,9,4,46,23,82,9,21,69,92,191,84,0,84,275
07/12/2022,ABI,TX,ASW,CE,Combined TRACON& Tower with Radar,0,21,25,14,60,4,3,27,34,68,4,24,52,48,128,0,0,0,128
07/13/2022,ABI,TX,ASW,CE,Combined TRACON& Tower with Radar,2,22,17,17,58,0,3,26,35,64,2,25,43,52,122,48,22,70,192
07/14/2022,ABI,TX,ASW,CE,Combined TRACON& Tower with Radar,0,28,33,7,68,0,0,33,30,63,0,28,66,37,131,30,0,30,161
07/15/2022,ABI,TX,ASW,CE,Combined TRACON& Tower with Radar,0,25,20,30,75,0,0,44,5,49,0,25,64,35,124,40,16,56,180
07/16/2022,ABI,TX,ASW,CE,Combined TRACON& Tower with Radar,6,19,12,15,52,0,1,29,1,31,6,20,41,16,83,16,0,16,99
07/17/2022,ABI,TX,ASW,CE,Combined TRACON& Tower with Radar,0,13,16,6,35,0,1,16,10,27,0,14,32,16,62,4,0,4,66
07/18/2022,ABI,TX,ASW,CE,Combined TRACON& Tower with Radar,0,19,29,49,97,4,12,32,60,108,4,31,61,109,205,54,44,98,303
07/19/2022,ABI,TX,ASW,CE,Combined TRACON& Tower with Radar,0,18,24,4,46,9,12,37,44,102,9,30,61,48,148,12,0,12,160
07/20/2022,ABI,TX,ASW,CE,Combined TRACON& Tower with Radar,4,19,16,5,44,3,2,35,61,101,7,21,51,66,145,22,0,22,167
07/21/2022,ABI,TX,ASW,CE,Combined TRACON& Tower with Radar,0,23,20,10,53,0,0,23,6,29,0,23,43,16,82,18,0,18,100
07/22/2022,ABI,TX,ASW,CE,Combined TRACON& Tower with Radar,1,20,18,41,80,0,0,30,8,38,1,20,48,49,118,40,20,60,178
07/23/2022,ABI,TX,ASW,CE,Combined TRACON& Tower with Radar,1,20,6,0,27,0,4,14,32,50,1,24,20,32,77,22,0,22,99
07/24/2022,ABI,TX,ASW,CE,Combined TRACON& Tower with Radar,0,21,12,14,47,0,1,29,18,48,0,22,41,32,95,22,6,28,123
07/25/2022,ABI,TX,ASW,CE,Combined TRACON& Tower with Radar,0,18,29,15,62,0,1,40,2,43,0,19,69,17,105,38,72,110,215
07/26/2022,ABI,TX,ASW,CE,Combined TRACON& Tower with Radar,4,23,14,31,72,1,0,21,6,28,5,23,35,37,100,34,40,74,174
07/27/2022,ABI,TX,ASW,CE,Combined TRACON& Tower with Radar,2,19,19,3,43,0,1,24,15,40,2,20,43,18,83,30,10,40,123
07/28/2022,ABI,TX,ASW,CE,Combined TRACON& Tower with Radar,2,26,17,24,69,0,2,35,25,62,2,28,52,49,131,56,8,64,195
07/29/2022,ABI,TX,ASW,CE,Combined TRACON& Tower with Radar,4,20,26,10,60,0,0,31,8,39,4,20,57,18,99,24,6,30,129
07/30/2022,ABI,TX,ASW,CE,Combined TRACON& Tower with Radar,0,19,16,16,51,0,0,28,8,36,0,19,44,24,87,8,8,16,103
07/31/2022,ABI,TX,ASW,CE,Combined TRACON& Tower with Radar,0,18,20,0,38,0,1,35,4,40,0,19,55,4,78,10,0,10,88
08/01/2022,ABI,TX,ASW,CE,Combined TRACON& Tower with Radar,0,18,10,27,55,0,1,20,1,22,0,19,30,28,77,10,0,10,87
08/02/2022,ABI,TX,ASW,CE,Combined TRACON& Tower with Radar,0,16,13,18,47,0,3,31,6,40,0,19,44,24,87,12,0,12,99
08/03/2022,ABI,TX,ASW,CE,Combined TRACON& Tower with Radar,0,17,18,45,80,3,0,38,15,56,3,17,56,60,136,0,0,0,136
08/04/2022,ABI,TX,ASW,CE,Combined TRACON& Tower with Radar,0,23,21,50,94,0,3,33,9,45,0,26,54,59,139,8,4,12,151
08/05/2022,ABI,TX,ASW,CE,Combined TRACON& Tower with Radar,0,23,10,78,111,0,0,43,4,47,0,23,53,82,158,40,0,40,198
08/06/2022,ABI,TX,ASW,CE,Combined TRACON& Tower with Radar,0,13,8,19,40,0,1,31,2,34,0,14,39,21,74,32,12,44,118
08/07/2022,ABI,TX,ASW,CE,Combined TRACON& Tower with Radar,1,12,10,22,45,0,0,17,3,20,1,12,27,25,65,10,8,18,83
08/08/2022,ABI,TX,ASW,CE,Combined TRACON& Tower with Radar,2,20,8,6,36,0,0,32,0,32,2,20,40,6,68,58,0,58,126
08/09/2022,ABI,TX,ASW,CE,Combined TRACON& Tower with Radar,0,17,17,10,44,0,1,26,5,32,0,18,43,15,76,42,0,42,118
08/10/2022,ABI,TX,ASW,CE,Combined TRACON& Tower with Radar,11,19,10,16,56,0,0,23,0,23,11,19,33,16,79,72,26,98,177
08/11/2022,ABI,TX,ASW,CE,Combined TRACON& Tower with Radar,1,23,22,66,112,0,0,33,5,38,1,23,55,71,150,8,2,10,160
08/12/2022,ABI,TX,ASW,CE,Combined TRACON& Tower with Radar,1,20,13,54,88,0,1,35,1,37,1,21,48,55,125,70,26,96,221
08/13/2022,ABI,TX,ASW,CE,Combined TRACON& Tower with Radar,0,17,13,2,32,0,2,35,0,37,0,19,48,2,69,36,0,36,105
08/14/2022,ABI,TX,ASW,CE,Combined TRACON& Tower with Radar,0,14,10,0,24,0,0,34,0,34,0,14,44,0,58,30,0,30,88
08/15/2022,ABI,TX,ASW,CE,Combined TRACON& Tower with Radar,3,15,3,25,46,0,1,26,5,32,3,16,29,30,78,46,0,46,124
08/16/2022,ABI,TX,ASW,CE,Combined TRACON& Tower with Radar,0,19,18,35,72,0,2,20,1,23,0,21,38,36,95,42,0,42,137
08/17/2022,ABI,TX,ASW,CE,Combined TRACON& Tower with Radar,5,23,18,34,80,0,2,21,4,27,5,25,39,38,107,22,0,22,129
08/18/2022,ABI,TX,ASW,CE,Combined TRACON& Tower with Radar,0,21,27,20,68,0,0,13,3,16,0,21,40,23,84,0,2,2,86
08/19/2022,ABI,TX,ASW,CE,Combined TRACON& Tower with Radar,0,25,21,62,108,0,1,25,2,28,0,26,46,64,136,34,26,60,196
08/20/2022,ABI,TX,ASW,CE,Combined TRACON& Tower with Radar,2,15,1,11,29,0,2,25,7,34,2,17,26,18,63,50,0,50,113
08/21/2022,ABI,TX,ASW,CE,Combined TRACON& Tower with Radar,8,21,9,0,38,0,1,8,0,9,8,22,17,0,47,0,0,0,47
08/22/2022,ABI,TX,ASW,CE,Combined TRACON& Tower with Radar,4,15,5,2,26,0,0,0,0,0,4,15,5,2,26,0,0,0,26
08/23/2022,ABI,TX,ASW,CE,Combined TRACON& Tower with Radar,0,23,19,30,72,0,6,16,0,22,0,29,35,30,94,30,14,44,138
08/24/2022,ABI,TX,ASW,CE,Combined TRACON& Tower with Radar,0,23,18,22,63,0,1,19,3,23,0,24,37,25,86,4,2,6,92
08/25/2022,ABI,TX,ASW,CE,Combined TRACON& Tower with Radar,6,19,15,17,57,0,3,27,2,32,6,22,42,19,89,72,60,132,221
08/26/2022,ABI,TX,ASW,CE,Combined TRACON& Tower with Radar,2,21,19,23,65,0,4,29,4,37,2,25,48,27,102,36,62,98,200
08/27/2022,ABI,TX,ASW,CE,Combined TRACON& Tower with Radar,6,17,16,13,52,0,1,24,9,34,6,18,40,22,86,44,8,52,138
08/28/2022,ABI,TX,ASW,CE,Combined TRACON& Tower with Radar,6,12,16,4,38,0,5,14,0,19,6,17,30,4,57,0,0,0,57
08/29/2022,ABI,TX,ASW,CE,Combined TRACON& Tower with Radar,2,16,24,0,42,0,0,13,2,15,2,16,37,2,57,8,4,12,69
08/30/2022,ABI,TX,ASW,CE,Combined TRACON& Tower with Radar,4,21,13,5,43,0,2,6,0,8,4,23,19,5,51,44,6,50,101
08/31/2022,ABI,TX,ASW,CE,Combined TRACON& Tower with Radar,0,21,19,0,40,0,0,7,0,7,0,21,26,0,47,0,0,0,47
09/01/2022,ABI,TX,ASW,CE,Combined TRACON& Tower with Radar,2,19,19,13,53,0,0,3,0,3,2,19,22,13,56,8,4,12,68
09/02/2022,ABI,TX,ASW,CE,Combined TRACON& Tower with Radar,0,21,23,0,44,0,0,18,0,18,0,21,41,0,62,0,0,0,62
09/03/2022,ABI,TX,ASW,CE,Combined TRACON& Tower with Radar,0,21,17,0,38,0,3,29,0,32,0,24,46,0,70,8,0,8,78
09/04/2022,ABI,TX,ASW,CE,Combined TRACON& Tower with Radar,4,10,5,0,19,0,0,24,0,24,4,10,29,0,43,16,0,16,59
09/05/2022,ABI,TX,ASW,CE,Combined TRACON& Tower with Radar,0,14,6,0,20,0,0,20,0,20,0,14,26,0,40,0,0,0,40
09/06/2022,ABI,TX,ASW,CE,Combined TRACON& Tower with Radar,0,15,11,7,33,0,5,31,2,38,0,20,42,9,71,0,0,0,71
09/07/2022,ABI,TX,ASW,CE,Combined TRACON& Tower with Radar,0,29,22,27,78,0,2,34,0,36,0,31,56,27,114,10,2,12,126
09/08/2022,ABI,TX,ASW,CE,Combined TRACON& Tower with Radar,0,23,19,49,91,0,0,28,17,45,0,23,47,66,136,60,34,94,230
09/09/2022,ABI,TX,ASW,CE,Combined TRACON& Tower with Radar,0,22,18,30,70,0,0,28,2,30,0,22,46,32,100,6,71,77,177
09/10/2022,ABI,TX,ASW,CE,Combined TRACON& Tower with Radar,0,15,9,6,30,0,4,24,4,32,0,19,33,10,62,38,0,38,100
09/11/2022,ABI,TX,ASW,CE,Combined TRACON& Tower with Radar,0,14,15,0,29,0,0,24,3,27,0,14,39,3,56,38,0,38,94
09/12/2022,ABI,TX,ASW,CE,Combined TRACON& Tower with Radar,4,15,8,18,45,0,1,30,2,33,4,16,38,20,78,24,26,50,128
09/13/2022,ABI,TX,ASW,CE,Combined TRACON& Tower with Radar,2,18,24,25,69,0,3,30,1,34,2,21,54,26,103,34,4,38,141
09/14/2022,ABI,TX,ASW,CE,Combined TRACON& Tower with Radar,0,20,25,10,55,0,0,51,0,51,0,20,76,10,106,0,0,0,106
09/15/2022,ABI,TX,ASW,CE,Combined TRACON& Tower with Radar,3,17,25,25,70,0,0,21,0,21,3,17,46,25,91,38,6,44,135
09/16/2022,ABI,TX,ASW,CE,Combined TRACON& Tower with Radar,5,28,18,34,85,0,1,30,1,32,5,29,48,35,117,46,58,104,221
09/17/2022,ABI,TX,ASW,CE,Combined TRACON& Tower with Radar,5,19,10,27,61,0,0,15,3,18,5,19,25,30,79,26,14,40,119
09/18/2022,ABI,TX,ASW,CE,Combined TRACON& Tower with Radar,0,11,7,2,20,0,0,26,0,26,0,11,33,2,46,0,0,0,46
09/19/2022,ABI,TX,ASW,CE,Combined TRACON& Tower with Radar,0,18,15,57,90,0,2,29,12,43,0,20,44,69,133,16,20,36,169
09/20/2022,ABI,TX,ASW,CE,Combined TRACON& Tower with Radar,0,21,18,24,63,0,4,29,4,37,0,25,47,28,100,0,0,0,100
09/21/2022,ABI,TX,ASW,CE,Combined TRACON& Tower with Radar,0,30,28,36,94,0,1,28,5,34,0,31,56,41,128,14,36,50,178
09/22/2022,ABI,TX,ASW,CE,Combined TRACON& Tower with Radar,0,33,36,58,127,0,4,23,2,29,0,37,59,60,156,14,54,68,224
09/23/2022,ABI,TX,ASW,CE,Combined TRACON& Tower with Radar,0,23,27,14,64,0,2,26,2,30,0,25,53,16,94,18,30,48,142
09/24/2022,ABI,TX,ASW,CE,Combined TRACON& Tower with Radar,0,21,18,0,39,0,1,25,0,26,0,22,43,0,65,22,0,22,87
09/25/2022,ABI,TX,ASW,CE,Combined TRACON& Tower with Radar,0,15,21,2,38,0,0,12,2,14,0,15,33,4,52,0,0,0,52
09/26/2022,ABI,TX,ASW,CE,Combined TRACON& Tower with Radar,0,15,19,6,40,0,0,27,6,33,0,15,46,12,73,10,0,10,83
09/27/2022,ABI,TX,ASW,CE,Combined TRACON& Tower with Radar,7,18,15,16,56,0,0,36,4,40,7,18,51,20,96,0,0,0,96
09/28/2022,ABI,TX,ASW,CE,Combined TRACON& Tower with Radar,0,21,27,9,57,0,0,41,0,41,0,21,68,9,98,30,0,30,128
09/29/2022,ABI,TX,ASW,CE,Combined TRACON& Tower with Radar,5,21,33,27,86,0,0,34,4,38,5,21,67,31,124,52,14,66,190
09/30/2022,ABI,TX,ASW,CE,Combined TRACON& Tower with Radar,2,21,29,17,69,0,0,32,5,37,2,21,61,22,106,20,22,42,148
10/01/2022,ABI,TX,ASW,CE,Combined TRACON& Tower with Radar,2,14,8,9,33,0,0,52,1,53,2,14,60,10,86,10,14,24,110
10/02/2022,ABI,TX,ASW,CE,Combined TRACON& Tower with Radar,2,12,14,0,28,0,0,29,1,30,2,12,43,1,58,16,0,16,74
10/03/2022,ABI,TX,ASW,CE,Combined TRACON& Tower with Radar,0,21,26,28,75,0,0,37,1,38,0,21,63,29,113,26,16,42,155
10/04/2022,ABI,TX,ASW,CE,Combined TRACON& Tower with Radar,6,20,13,12,51,0,3,30,5,38,6,23,43,17,89,18,30,48,137
10/05/2022,ABI,TX,ASW,CE,Combined TRACON& Tower with Radar,1,24,15,12,52,0,0,24,5,29,1,24,39,17,81,42,30,72,153
10/06/2022,ABI,TX,ASW,CE,Combined TRACON& Tower with Radar,1,21,34,19,75,0,1,32,0,33,1,22,66,19,108,30,26,56,164
10/07/2022,ABI,TX,ASW,CE,Combined TRACON& Tower with Radar,0,20,27,33,80,0,0,34,2,36,0,20,61,35,116,12,40,52,168
10/08/2022,ABI,TX,ASW,CE,Combined TRACON& Tower with Radar,0,21,17,0,38,0,0,20,2,22,0,21,37,2,60,48,0,48,108
10/09/2022,ABI,TX,ASW,CE,Combined TRACON& Tower with Radar,0,12,17,4,33,0,1,13,0,14,0,13,30,4,47,24,0,24,71
10/10/2022,ABI,TX,ASW,CE,Combined TRACON& Tower with Radar,0,29,19,0,48,0,0,8,0,8,0,29,27,0,56,24,0,24,80
10/11/2022,ABI,TX,ASW,CE,Combined TRACON& Tower with Radar,2,20,21,14,57,0,0,16,1,17,2,20,37,15,74,0,0,0,74
10/12/2022,ABI,TX,ASW,CE,Combined TRACON& Tower with Radar,0,24,35,33,92,0,0,27,2,29,0,24,62,35,121,0,16,16,137
10/13/2022,ABI,TX,ASW,CE,Combined TRACON& Tower with Radar,2,21,19,40,82,0,0,38,6,44,2,21,57,46,126,18,0,18,144
10/14/2022,ABI,TX,ASW,CE,Combined TRACON& Tower with Radar,3,22,32,0,57,0,2,27,0,29,3,24,59,0,86,18,0,18,104
10/15/2022,ABI,TX,ASW,CE,Combined TRACON& Tower with Radar,1,16,14,0,31,0,0,31,0,31,1,16,45,0,62,16,0,16,78
10/16/2022,ABI,TX,ASW,CE,Combined TRACON& Tower with Radar,0,14,15,0,29,0,0,1,0,1,0,14,16,0,30,0,0,0,30
10/17/2022,ABI,TX,ASW,CE,Combined TRACON& Tower with Radar,0,15,21,6,42,0,0,9,0,9,0,15,30,6,51,0,0,0,51
10/18/2022,ABI,TX,ASW,CE,Combined TRACON& Tower with Radar,0,17,19,54,90,0,1,48,7,56,0,18,67,61,146,0,0,0,146
10/19/2022,ABI,TX,ASW,CE,Combined TRACON& Tower with Radar,0,22,22,67,111,0,0,35,6,41,0,22,57,73,152,20,50,70,222
10/20/2022,ABI,TX,ASW,CE,Combined TRACON& Tower with Radar,0,22,28,43,93,0,0,22,11,33,0,22,50,54,126,40,34,74,200
10/21/2022,ABI,TX,ASW,CE,Combined TRACON& Tower with Radar,0,32,15,9,56,0,0,19,1,20,0,32,34,10,76,12,0,12,88
10/22/2022,ABI,TX,ASW,CE,Combined TRACON& Tower with Radar,0,17,12,7,36,0,0,15,3,18,0,17,27,10,54,0,2,2,56
10/23/2022,ABI,TX,ASW,CE,Combined TRACON& Tower with Radar,0,14,13,3,30,0,0,10,3,13,0,14,23,6,43,0,6,6,49
10/24/2022,ABI,TX,ASW,CE,Combined TRACON& Tower with Radar,5,16,9,17,47,0,0,4,1,5,5,16,13,18,52,0,0,0,52
10/25/2022,ABI,TX,ASW,CE,Combined TRACON& Tower with Radar,1,28,18,10,57,0,0,16,2,18,1,28,34,12,75,40,4,44,119
10/26/2022,ABI,TX,ASW,CE,Combined TRACON& Tower with Radar,2,27,18,28,75,0,2,27,9,38,2,29,45,37,113,50,20,70,183
10/27/2022,ABI,TX,ASW,CE,Combined TRACON& Tower with Radar,2,21,28,21,72,0,0,25,3,28,2,21,53,24,100,8,4,12,112
10/28/2022,ABI,TX,ASW,CE,Combined TRACON& Tower with Radar,3,18,9,10,40,0,0,0,0,0,3,18,9,10,40,0,12,12,52
10/29/2022,ABI,TX,ASW,CE,Combined TRACON& Tower with Radar,2,18,14,25,59,0,0,9,0,9,2,18,23,25,68,26,0,26,94
10/30/2022,ABI,TX,ASW,CE,Combined TRACON& Tower with Radar,0,17,11,11,39,0,4,32,3,39,0,21,43,14,78,42,48,90,168
10/31/2022,ABI,TX,ASW,CE,Combined TRACON& Tower with Radar,5,17,20,20,62,0,2,35,3,40,5,19,55,23,102,20,20,40,142
11/01/2022,ABI,TX,ASW,CE,Combined TRACON& Tower with Radar,0,18,37,24,79,0,0,31,10,41,0,18,68,34,120,46,24,70,190
11/02/2022,ABI,TX,ASW,CE,Combined TRACON& Tower with Radar,1,26,23,16,66,0,2,9,3,14,1,28,32,19,80,0,0,0,80
11/03/2022,ABI,TX,ASW,CE,Combined TRACON& Tower with Radar,1,22,30,0,53,0,0,5,2,7,1,22,35,2,60,0,0,0,60
11/04/2022,ABI,TX,ASW,CE,Combined TRACON& Tower with Radar,2,18,15,13,48,0,0,10,7,17,2,18,25,20,65,0,0,0,65
11/05/2022,ABI,TX,ASW,CE,Combined TRACON& Tower with Radar,0,17,19,7,43,0,0,40,0,40,0,17,59,7,83,14,0,14,97
11/06/2022,ABI,TX,ASW,CE,Combined TRACON& Tower with Radar,2,13,14,8,37,0,4,35,3,42,2,17,49,11,79,19,8,27,106
11/07/2022,ABI,TX,ASW,CE,Combined TRACON& Tower with Radar,0,17,32,39,88,0,0,11,4,15,0,17,43,43,103,0,0,0,103
11/08/2022,ABI,TX,ASW,CE,Combined TRACON& Tower with Radar,2,20,39,29,90,0,0,10,2,12,2,20,49,31,102,10,54,64,166
11/09/2022,ABI,TX,ASW,CE,Combined TRACON& Tower with Radar,5,18,29,59,111,0,0,13,0,13,5,18,42,59,124,44,16,60,184
11/10/2022,ABI,TX,ASW,CE,Combined TRACON& Tower with Radar,0,25,36,42,103,0,0,17,2,19,0,25,53,44,122,26,20,46,168
11/11/2022,ABI,TX,ASW,CE,Combined TRACON& Tower with Radar,6,20,19,0,45,0,0,2,0,2,6,20,21,0,47,0,0,0,47
11/12/2022,ABI,TX,ASW,CE,Combined TRACON& Tower with Radar,3,17,24,0,44,0,1,28,0,29,3,18,52,0,73,52,0,52,125
11/13/2022,ABI,TX,ASW,CE,Combined TRACON& Tower with Radar,0,14,15,2,31,0,0,20,0,20,0,14,35,2,51,18,6,24,75
11/14/2022,ABI,TX,ASW,CE,Combined TRACON& Tower with Radar,3,18,7,2,30,0,0,9,0,9,3,18,16,2,39,12,0,12,51
11/15/2022,ABI,TX,ASW,CE,Combined TRACON& Tower with Radar,0,23,16,24,63,0,0,22,6,28,0,23,38,30,91,16,2,18,109
11/16/2022,ABI,TX,ASW,CE,Combined TRACON& Tower with Radar,7,23,22,19,71,0,0,36,4,40,7,23,58,23,111,20,26,46,157
11/17/2022,ABI,TX,ASW,CE,Combined TRACON& Tower with Radar,0,23,20,7,50,0,2,32,4,38,0,25,52,11,88,18,0,18,106
11/18/2022,ABI,TX,ASW,CE,Combined TRACON& Tower with Radar,0,20,12,66,98,0,0,15,7,22,0,20,27,73,120,10,18,28,148
11/19/2022,ABI,TX,ASW,CE,Combined TRACON& Tower with Radar,0,17,6,0,23,0,0,15,0,15,0,17,21,0,38,22,0,22,60
11/20/2022,ABI,TX,ASW,CE,Combined TRACON& Tower with Radar,0,12,8,0,20,0,0,20,0,20,0,12,28,0,40,10,0,10,50
11/21/2022,ABI,TX,ASW,CE,Combined TRACON& Tower with Radar,0,17,11,55,83,0,0,10,6,16,0,17,21,61,99,8,78,86,185
11/22/2022,ABI,TX,ASW,CE,Combined TRACON& Tower with Radar,0,24,36,34,94,0,2,19,6,27,0,26,55,40,121,18,36,54,175
11/23/2022,ABI,TX,ASW,CE,Combined TRACON& Tower with Radar,0,19,15,25,59,0,0,5,0,5,0,19,20,25,64,0,0,0,64
11/24/2022,ABI,TX,ASW,CE,Combined TRACON& Tower with Radar,0,10,7,0,17,0,0,0,0,0,0,10,7,0,17,0,0,0,17
11/25/2022,ABI,TX,ASW,CE,Combined TRACON& Tower with Radar,0,20,7,0,27,0,0,0,0,0,0,20,7,0,27,0,0,0,27
11/26/2022,ABI,TX,ASW,CE,Combined TRACON& Tower with Radar,0,16,10,3,29,0,0,4,2,6,0,16,14,5,35,2,0,2,37
11/27/2022,ABI,TX,ASW,CE,Combined TRACON& Tower with Radar,0,16,20,0,36,0,2,26,0,28,0,18,46,0,64,8,0,8,72
11/28/2022,ABI,TX,ASW,CE,Combined TRACON& Tower with Radar,0,22,14,8,44,0,2,23,8,33,0,24,37,16,77,24,62,86,163
11/29/2022,ABI,TX,ASW,CE,Combined TRACON& Tower with Radar,1,22,10,48,81,0,0,17,8,25,1,22,27,56,106,0,0,0,106
11/30/2022,ABI,TX,ASW,CE,Combined TRACON& Tower with Radar,6,24,20,39,89,0,0,25,13,38,6,24,45,52,127,4,20,24,151
12/01/2022,ABI,TX,ASW,CE,Combined TRACON& Tower with Radar,8,16,22,14,60,0,0,13,0,13,8,16,35,14,73,10,36,46,119
12/02/2022,ABI,TX,ASW,CE,Combined TRACON& Tower with Radar,7,17,24,18,66,0,0,15,3,18,7,17,39,21,84,0,38,38,122
12/03/2022,ABI,TX,ASW,CE,Combined TRACON& Tower with Radar,6,11,6,3,26,0,1,17,1,19,6,12,23,4,45,18,0,18,63
12/04/2022,ABI,TX,ASW,CE,Combined TRACON& Tower with Radar,6,3,15,0,24,0,4,10,0,14,6,7,25,0,38,38,0,38,76
12/05/2022,ABI,TX,ASW,CE,Combined TRACON& Tower with Radar,6,6,33,4,49,0,0,24,0,24,6,6,57,4,73,20,10,30,103
12/06/2022,ABI,TX,ASW,CE,Combined TRACON& Tower with Radar,6,20,18,26,70,0,0,6,3,9,6,20,24,29,79,26,16,42,121
12/07/2022,ABI,TX,ASW,CE,Combined TRACON& Tower with Radar,7,16,23,10,56,0,0,7,0,7,7,16,30,10,63,0,0,0,63
12/08/2022,ABI,TX,ASW,CE,Combined TRACON& Tower with Radar,7,12,33,34,86,0,0,16,1,17,7,12,49,35,103,12,10,22,125
12/09/2022,ABI,TX,ASW,CE,Combined TRACON& Tower with Radar,14,6,12,0,32,0,0,0,0,0,14,6,12,0,32,0,0,0,32
12/10/2022,ABI,TX,ASW,CE,Combined TRACON& Tower with Radar,9,4,10,0,23,0,0,0,0,0,9,4,10,0,23,0,0,0,23
12/11/2022,ABI,TX,ASW,CE,Combined TRACON& Tower with Radar,6,1,9,0,16,0,0,0,0,0,6,1,9,0,16,0,0,0,16
12/12/2022,ABI,TX,ASW,CE,Combined TRACON& Tower with Radar,6,8,14,2,30,0,0,2,1,3,6,8,16,3,33,0,0,0,33
12/13/2022,ABI,TX,ASW,CE,Combined TRACON& Tower with Radar,10,18,25,26,79,0,0,20,2,22,10,18,45,28,101,2,26,28,129
12/14/2022,ABI,TX,ASW,CE,Combined TRACON& Tower with Radar,11,18,23,42,94,0,3,28,0,31,11,21,51,42,125,0,0,0,125
12/15/2022,ABI,TX,ASW,CE,Combined TRACON& Tower with Radar,6,14,22,52,94,0,1,50,3,54,6,15,72,55,148,26,8,34,182
12/16/2022,ABI,TX,ASW,CE,Combined TRACON& Tower with Radar,6,13,27,36,82,0,0,28,9,37,6,13,55,45,119,34,76,110,229
12/17/2022,ABI,TX,ASW,CE,Combined TRACON& Tower with Radar,6,7,15,4,32,0,0,38,0,38,6,7,53,4,70,14,0,14,84
12/18/2022,ABI,TX,ASW,CE,Combined TRACON& Tower with Radar,6,0,8,0,14,0,0,15,0,15,6,0,23,0,29,12,0,12,41
12/19/2022,ABI,TX,ASW,CE,Combined TRACON& Tower with Radar,7,6,23,31,67,0,0,16,0,16,7,6,39,31,83,12,18,30,113
12/20/2022,ABI,TX,ASW,CE,Combined TRACON& Tower with Radar,8,17,20,4,49,0,0,0,0,0,8,17,20,4,49,0,0,0,49
12/21/2022,ABI,TX,ASW,CE,Combined TRACON& Tower with Radar,6,16,22,14,58,0,0,4,0,4,6,16,26,14,62,0,0,0,62
12/22/2022,ABI,TX,ASW,CE,Combined TRACON& Tower with Radar,6,14,4,2,26,0,0,0,0,0,6,14,4,2,26,0,0,0,26
12/23/2022,ABI,TX,ASW,CE,Combined TRACON& Tower with Radar,7,10,11,0,28,0,1,17,0,18,7,11,28,0,46,10,0,10,56
12/24/2022,ABI,TX,ASW,CE,Combined TRACON& Tower with Radar,7,2,1,0,10,0,0,16,0,16,7,2,17,0,26,0,0,0,26
12/25/2022,ABI,TX,ASW,CE,Combined TRACON& Tower with Radar,6,4,0,0,10,0,0,7,0,7,6,4,7,0,17,0,0,0,17
12/26/2022,ABI,TX,ASW,CE,Combined TRACON& Tower with Radar,5,2,15,0,22,0,0,13,0,13,5,2,28,0,35,0,0,0,35
12/27/2022,ABI,TX,ASW,CE,Combined TRACON& Tower with Radar,11,7,9,4,31,0,0,16,0,16,11,7,25,4,47,0,0,0,47
12/28/2022,ABI,TX,ASW,CE,Combined TRACON& Tower with Radar,6,10,11,7,34,0,0,10,0,10,6,10,21,7,44,0,0,0,44
12/29/2022,ABI,TX,ASW,CE,Combined TRACON& Tower with Radar,7,20,16,4,47,0,3,15,0,18,7,23,31,4,65,12,6,18,83
12/30/2022,ABI,TX,ASW,CE,Combined TRACON& Tower with Radar,6,11,10,0,27,0,1,15,0,16,6,12,25,0,43,22,0,22,65
12/31/2022,ABI,TX,ASW,CE,Combined TRACON& Tower with Radar,11,6,7,0,24,0,0,11,0,11,11,6,18,0,35,8,0,8,43
01/01/2023,ABI,TX,ASW,CE,Combined TRACON& Tower with Radar,5,3,20,0,28,0,0,19,0,19,5,3,39,0,47,10,0,10,57
01/02/2023,ABI,TX,ASW,CE,Combined TRACON& Tower with Radar,9,7,12,0,28,0,0,7,0,7,9,7,19,0,35,12,0,12,47
01/03/2023,ABI,TX,ASW,CE,Combined TRACON& Tower with Radar,6,10,11,0,27,0,0,7,0,7,6,10,18,0,34,20,0,20,54
01/04/2023,ABI,TX,ASW,CE,Combined TRACON& Tower with Radar,6,10,13,3,32,0,0,24,0,24,6,10,37,3,56,0,0,0,56
01/05/2023,ABI,TX,ASW,CE,Combined TRACON& Tower with Radar,8,12,29,30,79,0,0,32,14,46,8,12,61,44,125,32,10,42,167
01/06/2023,ABI,TX,ASW,CE,Combined TRACON& Tower with Radar,8,11,21,18,58,0,0,16,1,17,8,11,37,19,75,0,20,20,95
01/07/2023,ABI,TX,ASW,CE,Combined TRACON& Tower with Radar,7,13,9,18,47,0,0,36,3,39,7,13,45,21,86,28,24,52,138
01/08/2023,ABI,TX,ASW,CE,Combined TRACON& Tower with Radar,6,8,11,8,33,0,0,45,5,50,6,8,56,13,83,0,8,8,91
01/09/2023,ABI,TX,ASW,CE,Combined TRACON& Tower with Radar,6,5,14,20,45,0,0,27,7,34,6,5,41,27,79,0,0,0,79
01/10/2023,ABI,TX,ASW,CE,Combined TRACON& Tower with Radar,6,10,17,41,74,0,0,30,2,32,6,10,47,43,106,16,32,48,154
01/11/2023,ABI,TX,ASW,CE,Combined TRACON& Tower with Radar,8,8,24,8,48,0,0,10,2,12,8,8,34,10,60,0,0,0,60
01/12/2023,ABI,TX,ASW,CE,Combined TRACON& Tower with Radar,8,9,27,43,87,0,1,32,3,36,8,10,59,46,123,4,32,36,159
01/13/2023,ABI,TX,ASW,CE,Combined TRACON& Tower with Radar,8,9,27,27,71,0,0,33,4,37,8,9,60,31,108,22,36,58,166
01/14/2023,ABI,TX,ASW,CE,Combined TRACON& Tower with Radar,6,4,14,0,24,0,1,15,0,16,6,5,29,0,40,0,0,0,40
01/15/2023,ABI,TX,ASW,CE,Combined TRACON& Tower with Radar,7,0,8,0,15,0,0,7,0,7,7,0,15,0,22,0,0,0,22
01/16/2023,ABI,TX,ASW,CE,Combined TRACON& Tower with Radar,10,3,14,0,27,0,0,17,0,17,10,3,31,0,44,4,0,4,48
01/17/2023,ABI,TX,ASW,CE,Combined TRACON& Tower with Radar,7,10,25,36,78,0,0,33,1,34,7,10,58,37,112,0,0,0,112
01/18/2023,ABI,TX,ASW,CE,Combined TRACON& Tower with Radar,8,11,17,6,42,0,0,9,2,11,8,11,26,8,53,0,0,0,53
01/19/2023,ABI,TX,ASW,CE,Combined TRACON& Tower with Radar,10,15,36,43,104,0,1,32,6,39,10,16,68,49,143,12,32,44,187
01/20/2023,ABI,TX,ASW,CE,Combined TRACON& Tower with Radar,10,9,26,65,110,0,0,30,5,35,10,9,56,70,145,2,66,68,213
01/21/2023,ABI,TX,ASW,CE,Combined TRACON& Tower with Radar,8,7,20,0,35,0,0,23,2,25,8,7,43,2,60,0,0,0,60
01/22/2023,ABI,TX,ASW,CE,Combined TRACON& Tower with Radar,8,6,29,8,51,0,0,50,0,50,8,6,79,8,101,0,0,0,101
01/23/2023,ABI,TX,ASW,CE,Combined TRACON& Tower with Radar,8,3,17,34,62,0,0,18,4,22,8,3,35,38,84,4,20,24,108
01/24/2023,ABI,TX,ASW,CE,Combined TRACON& Tower with Radar,6,1,7,0,14,0,0,0,0,0,6,1,7,0,14,0,0,0,14
01/25/2023,ABI,TX,ASW,CE,Combined TRACON& Tower with Radar,11,8,41,59,119,0,0,21,14,35,11,8,62,73,154,0,0,0,154
01/26/2023,ABI,TX,ASW,CE,Combined TRACON& Tower with Radar,15,11,50,26,102,0,2,36,0,38,15,13,86,26,140,0,0,0,140
01/27/2023,ABI,TX,ASW,CE,Combined TRACON& Tower with Radar,8,7,21,61,97,0,0,30,2,32,8,7,51,63,129,0,50,50,179
01/28/2023,ABI,TX,ASW,CE,Combined TRACON& Tower with Radar,8,4,17,19,48,0,0,16,9,25,8,4,33,28,73,0,0,0,73
01/29/2023,ABI,TX,ASW,CE,Combined TRACON& Tower with Radar,8,4,13,5,30,0,0,0,0,0,8,4,13,5,30,0,0,0,30
01/30/2023,ABI,TX,ASW,CE,Combined TRACON& Tower with Radar,5,2,2,0,9,0,0,2,0,2,5,2,4,0,11,0,0,0,11
01/31/2023,ABI,TX,ASW,CE,Combined TRACON& Tower with Radar,1,1,0,0,2,0,0,0,0,0,1,1,0,0,2,0,0,0,2
02/01/2023,ABI,TX,ASW,CE,Combined TRACON& Tower with Radar,0,0,0,0,0,0,0,0,0,0,0,0,0,0,0,0,0,0,0
02/02/2023,ABI,TX,ASW,CE,Combined TRACON& Tower with Radar,5,4,6,0,15,0,0,0,0,0,5,4,6,0,15,0,0,0,15
02/03/2023,ABI,TX,ASW,CE,Combined TRACON& Tower with Radar,6,24,17,61,108,0,3,28,23,54,6,27,45,84,162,16,82,98,260
02/04/2023,ABI,TX,ASW,CE,Combined TRACON& Tower with Radar,6,9,4,2,21,0,0,14,0,14,6,9,18,2,35,4,0,4,39
02/05/2023,ABI,TX,ASW,CE,Combined TRACON& Tower with Radar,6,0,13,15,34,0,0,38,5,43,6,0,51,20,77,26,8,34,111
02/06/2023,ABI,TX,ASW,CE,Combined TRACON& Tower with Radar,8,9,17,41,75,0,0,15,4,19,8,9,32,45,94,10,12,22,116
02/07/2023,ABI,TX,ASW,CE,Combined TRACON& Tower with Radar,6,15,17,12,50,0,0,0,0,0,6,15,17,12,50,0,0,0,50
02/08/2023,ABI,TX,ASW,CE,Combined TRACON& Tower with Radar,8,15,23,22,68,0,0,7,5,12,8,15,30,27,80,26,14,40,120
02/09/2023,ABI,TX,ASW,CE,Combined TRACON& Tower with Radar,6,15,38,37,96,0,0,45,6,51,6,15,83,43,147,62,74,136,283
02/10/2023,ABI,TX,ASW,CE,Combined TRACON& Tower with Radar,8,13,32,24,77,0,0,26,3,29,8,13,58,27,106,4,18,22,128
02/11/2023,ABI,TX,ASW,CE,Combined TRACON& Tower with Radar,4,5,10,23,42,0,1,44,3,48,4,6,54,26,90,0,0,0,90
02/12/2023,ABI,TX,ASW,CE,Combined TRACON& Tower with Radar,6,1,14,0,21,0,0,11,0,11,6,1,25,0,32,0,0,0,32
02/13/2023,ABI,TX,ASW,CE,Combined TRACON& Tower with Radar,8,3,25,14,50,0,0,20,14,34,8,3,45,28,84,24,50,74,158
02/14/2023,ABI,TX,ASW,CE,Combined TRACON& Tower with Radar,8,7,14,0,29,0,1,2,0,3,8,8,16,0,32,0,0,0,32
02/15/2023,ABI,TX,ASW,CE,Combined TRACON& Tower with Radar,5,9,19,33,66,0,1,14,2,17,5,10,33,35,83,0,12,12,95
02/16/2023,ABI,TX,ASW,CE,Combined TRACON& Tower with Radar,6,13,35,30,84,0,1,28,8,37,6,14,63,38,121,0,0,0,121
02/17/2023,ABI,TX,ASW,CE,Combined TRACON& Tower with Radar,8,12,44,11,75,0,2,54,9,65,8,14,98,20,140,38,22,60,200
02/18/2023,ABI,TX,ASW,CE,Combined TRACON& Tower with Radar,4,6,10,0,20,0,3,33,0,36,4,9,43,0,56,0,0,0,56
02/19/2023,ABI,TX,ASW,CE,Combined TRACON& Tower with Radar,6,2,14,0,22,0,2,22,0,24,6,4,36,0,46,0,0,0,46
02/20/2023,ABI,TX,ASW,CE,Combined TRACON& Tower with Radar,8,3,10,0,21,0,0,10,0,10,8,3,20,0,31,6,0,6,37
02/21/2023,ABI,TX,ASW,CE,Combined TRACON& Tower with Radar,6,10,18,46,80,0,1,10,3,14,6,11,28,49,94,14,4,18,112
02/22/2023,ABI,TX,ASW,CE,Combined TRACON& Tower with Radar,6,4,8,8,26,0,0,9,4,13,6,4,17,12,39,6,34,40,79
02/23/2023,ABI,TX,ASW,CE,Combined TRACON& Tower with Radar,9,10,22,18,59,0,2,43,9,54,9,12,65,27,113,26,40,66,179
02/24/2023,ABI,TX,ASW,CE,Combined TRACON& Tower with Radar,7,11,25,25,68,0,0,5,2,7,7,11,30,27,75,62,0,62,137
02/25/2023,ABI,TX,ASW,CE,Combined TRACON& Tower with Radar,5,4,6,0,15,0,0,1,0,1,5,4,7,0,16,0,0,0,16
02/26/2023,ABI,TX,ASW,CE,Combined TRACON& Tower with Radar,6,0,6,0,12,0,0,4,0,4,6,0,10,0,16,0,0,0,16
02/27/2023,ABI,TX,ASW,CE,Combined TRACON& Tower with Radar,7,6,12,19,44,0,0,24,3,27,7,6,36,22,71,8,20,28,99
02/28/2023,ABI,TX,ASW,CE,Combined TRACON& Tower with Radar,7,13,21,52,93,0,0,30,14,44,7,13,51,66,137,0,0,0,137
03/01/2023,ABI,TX,ASW,CE,Combined TRACON& Tower with Radar,7,14,22,16,59,0,3,20,2,25,7,17,42,18,84,10,30,40,124
03/02/2023,ABI,TX,ASW,CE,Combined TRACON& Tower with Radar,8,9,18,10,45,0,0,5,1,6,8,9,23,11,51,36,0,36,87
03/03/2023,ABI,TX,ASW,CE,Combined TRACON& Tower with Radar,12,12,25,10,59,0,1,42,1,44,12,13,67,11,103,58,6,64,167
03/04/2023,ABI,TX,ASW,CE,Combined TRACON& Tower with Radar,4,5,13,2,24,0,1,39,0,40,4,6,52,2,64,0,0,0,64
03/05/2023,ABI,TX,ASW,CE,Combined TRACON& Tower with Radar,6,0,9,3,18,0,0,12,7,19,6,0,21,10,37,0,0,0,37
03/06/2023,ABI,TX,ASW,CE,Combined TRACON& Tower with Radar,6,3,24,16,49,0,1,26,4,31,6,4,50,20,80,32,0,32,112
03/07/2023,ABI,TX,ASW,CE,Combined TRACON& Tower with Radar,6,18,28,21,73,0,0,0,0,0,6,18,28,21,73,64,6,70,143
03/08/2023,ABI,TX,ASW,CE,Combined TRACON& Tower with Radar,4,9,21,0,34,0,0,0,0,0,4,9,21,0,34,0,0,0,34
03/09/2023,ABI,TX,ASW,CE,Combined TRACON& Tower with Radar,9,14,17,2,42,0,0,0,0,0,9,14,17,2,42,0,0,0,42
03/10/2023,ABI,TX,ASW,CE,Combined TRACON& Tower with Radar,8,14,30,4,56,0,0,14,0,14,8,14,44,4,70,62,24,86,156
03/11/2023,ABI,TX,ASW,CE,Combined TRACON& Tower with Radar,6,6,11,0,23,0,1,11,0,12,6,7,22,0,35,0,0,0,35
03/12/2023,ABI,TX,ASW,CE,Combined TRACON& Tower with Radar,6,4,13,0,23,0,1,18,4,23,6,5,31,4,46,0,0,0,46
03/13/2023,ABI,TX,ASW,CE,Combined TRACON& Tower with Radar,7,7,19,13,46,0,1,33,3,37,7,8,52,16,83,48,6,54,137
03/14/2023,ABI,TX,ASW,CE,Combined TRACON& Tower with Radar,7,9,19,39,74,0,1,22,7,30,7,10,41,46,104,0,0,0,104
03/15/2023,ABI,TX,ASW,CE,Combined TRACON& Tower with Radar,6,9,10,6,31,0,1,12,1,14,6,10,22,7,45,12,8,20,65
03/16/2023,ABI,TX,ASW,CE,Combined TRACON& Tower with Radar,8,13,22,9,52,0,1,3,2,6,8,14,25,11,58,0,0,0,58
03/17/2023,ABI,TX,ASW,CE,Combined TRACON& Tower with Radar,6,13,16,35,70,0,1,19,8,28,6,14,35,43,98,0,0,0,98
03/18/2023,ABI,TX,ASW,CE,Combined TRACON& Tower with Radar,5,5,13,4,27,0,1,38,0,39,5,6,51,4,66,0,0,0,66
03/19/2023,ABI,TX,ASW,CE,Combined TRACON& Tower with Radar,7,4,17,11,39,0,2,21,2,25,7,6,38,13,64,0,0,0,64
03/20/2023,ABI,TX,ASW,CE,Combined TRACON& Tower with Radar,7,8,11,15,41,0,0,1,1,2,7,8,12,16,43,34,4,38,81
03/21/2023,ABI,TX,ASW,CE,Combined TRACON& Tower with Radar,6,8,16,6,36,0,0,3,6,9,6,8,19,12,45,0,0,0,45
03/22/2023,ABI,TX,ASW,CE,Combined TRACON& Tower with Radar,5,10,15,25,55,0,0,19,8,27,5,10,34,33,82,14,46,60,142
03/23/2023,ABI,TX,ASW,CE,Combined TRACON& Tower with Radar,6,19,25,3,53,0,0,4,0,4,6,19,29,3,57,0,0,0,57
03/24/2023,ABI,TX,ASW,CE,Combined TRACON& Tower with Radar,7,10,16,4,37,0,0,9,0,9,7,10,25,4,46,10,0,10,56
03/25/2023,ABI,TX,ASW,CE,Combined TRACON& Tower with Radar,4,8,11,2,25,0,1,19,4,24,4,9,30,6,49,6,12,18,67
03/26/2023,ABI,TX,ASW,CE,Combined TRACON& Tower with Radar,6,0,13,2,21,0,0,29,0,29,6,0,42,2,50,0,0,0,50
03/27/2023,ABI,TX,ASW,CE,Combined TRACON& Tower with Radar,6,7,19,24,56,0,0,25,1,26,6,7,44,25,82,66,30,96,178
03/28/2023,ABI,TX,ASW,CE,Combined TRACON& Tower with Radar,7,12,29,27,75,0,0,29,2,31,7,12,58,29,106,26,92,118,224
03/29/2023,ABI,TX,ASW,CE,Combined TRACON& Tower with Radar,4,10,34,20,68,0,2,42,5,49,4,12,76,25,117,80,78,158,275
03/30/2023,ABI,TX,ASW,CE,Combined TRACON& Tower with Radar,6,15,28,59,108,0,0,4,1,5,6,15,32,60,113,0,16,16,129
03/31/2023,ABI,TX,ASW,CE,Combined TRACON& Tower with Radar,7,11,8,2,28,0,0,8,0,8,7,11,16,2,36,0,0,0,36
04/01/2023,ABI,TX,ASW,CE,Combined TRACON& Tower with Radar,5,12,12,0,29,0,1,41,1,43,5,13,53,1,72,38,0,38,110
04/02/2023,ABI,TX,ASW,CE,Combined TRACON& Tower with Radar,8,0,8,17,33,0,0,13,4,17,8,0,21,21,50,6,0,6,56
04/03/2023,ABI,TX,ASW,CE,Combined TRACON& Tower with Radar,11,5,13,36,65,0,2,35,11,48,11,7,48,47,113,110,30,140,253
04/04/2023,ABI,TX,ASW,CE,Combined TRACON& Tower with Radar,7,9,19,32,67,0,2,17,26,45,7,11,36,58,112,72,32,104,216
04/05/2023,ABI,TX,ASW,CE,Combined TRACON& Tower with Radar,6,11,54,48,119,0,3,47,20,70,6,14,101,68,189,134,108,242,431
04/06/2023,ABI,TX,ASW,CE,Combined TRACON& Tower with Radar,6,16,23,28,73,0,0,26,1,27,6,16,49,29,100,10,0,10,110
04/07/2023,ABI,TX,ASW,CE,Combined TRACON& Tower with Radar,6,16,24,37,83,0,0,10,1,11,6,16,34,38,94,0,10,10,104
04/08/2023,ABI,TX,ASW,CE,Combined TRACON& Tower with Radar,6,4,14,0,24,0,0,27,0,27,6,4,41,0,51,12,0,12,63
04/09/2023,ABI,TX,ASW,CE,Combined TRACON& Tower with Radar,5,2,4,0,11,0,0,18,0,18,5,2,22,0,29,24,0,24,53
04/10/2023,ABI,TX,ASW,CE,Combined TRACON& Tower with Radar,6,6,11,38,61,0,0,26,3,29,6,6,37,41,90,76,32,108,198
04/11/2023,ABI,TX,ASW,CE,Combined TRACON& Tower with Radar,8,7,22,26,63,0,3,24,5,32,8,10,46,31,95,58,0,58,153
04/12/2023,ABI,TX,ASW,CE,Combined TRACON& Tower with Radar,6,17,34,30,87,0,2,29,10,41,6,19,63,40,128,42,52,94,222
04/13/2023,ABI,TX,ASW,CE,Combined TRACON& Tower with Radar,6,17,31,19,73,0,2,43,2,47,6,19,74,21,120,42,14,56,176
04/14/2023,ABI,TX,ASW,CE,Combined TRACON& Tower with Radar,7,8,21,8,44,0,0,14,0,14,7,8,35,8,58,24,0,24,82
04/15/2023,ABI,TX,ASW,CE,Combined TRACON& Tower with Radar,7,6,12,0,25,0,0,30,1,31,7,6,42,1,56,4,0,4,60
04/16/2023,ABI,TX,ASW,CE,Combined TRACON& Tower with Radar,6,0,15,6,27,0,0,49,4,53,6,0,64,10,80,8,8,16,96
04/17/2023,ABI,TX,ASW,CE,Combined TRACON& Tower with Radar,8,5,23,21,57,0,0,31,2,33,8,5,54,23,90,50,92,142,232
04/18/2023,ABI,TX,ASW,CE,Combined TRACON& Tower with Radar,7,11,25,36,79,0,2,16,3,21,7,13,41,39,100,34,50,84,184
04/19/2023,ABI,TX,ASW,CE,Combined TRACON& Tower with Radar,6,10,12,29,57,0,0,13,6,19,6,10,25,35,76,4,26,30,106
04/20/2023,ABI,TX,ASW,CE,Combined TRACON& Tower with Radar,26,10,23,21,80,0,1,12,6,19,26,11,35,27,99,14,0,14,113
04/21/2023,ABI,TX,ASW,CE,Combined TRACON& Tower with Radar,14,16,25,33,88,0,3,30,5,38,14,19,55,38,126,42,66,108,234
04/22/2023,ABI,TX,ASW,CE,Combined TRACON& Tower with Radar,6,9,9,4,28,0,3,18,0,21,6,12,27,4,49,10,0,10,59
04/23/2023,ABI,TX,ASW,CE,Combined TRACON& Tower with Radar,6,4,14,2,26,0,0,1,0,1,6,4,15,2,27,0,0,0,27
04/24/2023,ABI,TX,ASW,CE,Combined TRACON& Tower with Radar,6,8,28,8,50,0,1,21,6,28,6,9,49,14,78,58,36,94,172
04/25/2023,ABI,TX,ASW,CE,Combined TRACON& Tower with Radar,7,8,26,22,63,0,1,6,2,9,7,9,32,24,72,34,24,58,130
04/26/2023,ABI,TX,ASW,CE,Combined TRACON& Tower with Radar,4,6,21,15,46,0,0,7,1,8,4,6,28,16,54,52,34,86,140
04/27/2023,ABI,TX,ASW,CE,Combined TRACON& Tower with Radar,6,15,48,51,120,0,3,26,15,44,6,18,74,66,164,4,20,24,188
04/28/2023,ABI,TX,ASW,CE,Combined TRACON& Tower with Radar,8,13,14,8,43,0,0,10,3,13,8,13,24,11,56,22,14,36,92
04/29/2023,ABI,TX,ASW,CE,Combined TRACON& Tower with Radar,8,5,17,6,36,0,2,41,0,43,8,7,58,6,79,24,0,24,103
04/30/2023,ABI,TX,ASW,CE,Combined TRACON& Tower with Radar,6,1,18,0,25,0,1,42,0,43,6,2,60,0,68,8,0,8,76
05/01/2023,ABI,TX,ASW,CE,Combined TRACON& Tower with Radar,6,3,16,22,47,0,0,38,16,54,6,3,54,38,101,68,34,102,203
05/02/2023,ABI,TX,ASW,CE,Combined TRACON& Tower with Radar,8,8,20,24,60,0,0,23,4,27,8,8,43,28,87,116,22,138,225
05/03/2023,ABI,TX,ASW,CE,Combined TRACON& Tower with Radar,8,13,14,19,54,0,2,22,3,27,8,15,36,22,81,50,24,74,155
05/04/2023,ABI,TX,ASW,CE,Combined TRACON& Tower with Radar,7,10,27,10,54,0,0,12,8,20,7,10,39,18,74,14,28,42,116
05/05/2023,ABI,TX,ASW,CE,Combined TRACON& Tower with Radar,7,16,22,35,80,0,0,31,5,36,7,16,53,40,116,38,34,72,188
05/06/2023,ABI,TX,ASW,CE,Combined TRACON& Tower with Radar,9,12,9,0,30,0,2,36,0,38,9,14,45,0,68,0,0,0,68
05/07/2023,ABI,TX,ASW,CE,Combined TRACON& Tower with Radar,7,2,18,2,29,0,0,10,0,10,7,2,28,2,39,6,0,6,45
05/08/2023,ABI,TX,ASW,CE,Combined TRACON& Tower with Radar,10,4,25,22,61,0,0,24,8,32,10,4,49,30,93,36,40,76,169
05/09/2023,ABI,TX,ASW,CE,Combined TRACON& Tower with Radar,9,12,44,21,86,0,0,35,5,40,9,12,79,26,126,28,36,64,190
05/10/2023,ABI,TX,ASW,CE,Combined TRACON& Tower with Radar,7,17,23,18,65,0,0,12,4,16,7,17,35,22,81,24,24,48,129
05/11/2023,ABI,TX,ASW,CE,Combined TRACON& Tower with Radar,6,12,23,12,53,0,0,19,1,20,6,12,42,13,73,52,4,56,129
05/12/2023,ABI,TX,ASW,CE,Combined TRACON& Tower with Radar,5,10,15,10,40,0,0,12,1,13,5,10,27,11,53,28,18,46,99
05/13/2023,ABI,TX,ASW,CE,Combined TRACON& Tower with Radar,9,8,25,0,42,0,0,14,0,14,9,8,39,0,56,28,0,28,84
05/14/2023,ABI,TX,ASW,CE,Combined TRACON& Tower with Radar,7,6,11,8,32,0,0,3,0,3,7,6,14,8,35,0,0,0,35
05/15/2023,ABI,TX,ASW,CE,Combined TRACON& Tower with Radar,8,5,35,31,79,0,0,25,3,28,8,5,60,34,107,48,58,106,213
05/16/2023,ABI,TX,ASW,CE,Combined TRACON& Tower with Radar,7,11,29,43,90,0,0,26,2,28,7,11,55,45,118,72,12,84,202
05/17/2023,ABI,TX,ASW,CE,Combined TRACON& Tower with Radar,6,10,31,22,69,0,4,46,1,51,6,14,77,23,120,70,0,70,190
05/18/2023,ABI,TX,ASW,CE,Combined TRACON& Tower with Radar,8,10,29,8,55,0,0,23,3,26,8,10,52,11,81,54,8,62,143
05/19/2023,ABI,TX,ASW,CE,Combined TRACON& Tower with Radar,14,12,25,50,101,0,0,16,5,21,14,12,41,55,122,48,38,86,208
05/20/2023,ABI,TX,ASW,CE,Combined TRACON& Tower with Radar,6,17,17,15,55,0,0,28,0,28,6,17,45,15,83,22,20,42,125
05/21/2023,ABI,TX,ASW,CE,Combined TRACON& Tower with Radar,6,6,21,6,39,0,0,9,3,12,6,6,30,9,51,12,4,16,67
05/22/2023,ABI,TX,ASW,CE,Combined TRACON& Tower with Radar,9,6,19,26,60,0,0,31,6,37,9,6,50,32,97,38,34,72,169
05/23/2023,ABI,TX,ASW,CE,Combined TRACON& Tower with Radar,7,9,27,37,80,0,0,18,6,24,7,9,45,43,104,20,106,126,230
05/24/2023,ABI,TX,ASW,CE,Combined TRACON& Tower with Radar,7,8,25,3,43,0,0,10,3,13,7,8,35,6,56,0,2,2,58
05/25/2023,ABI,TX,ASW,CE,Combined TRACON& Tower with Radar,6,12,10,4,32,0,0,13,0,13,6,12,23,4,45,0,0,0,45
05/26/2023,ABI,TX,ASW,CE,Combined TRACON& Tower with Radar,6,12,21,0,39,0,0,17,1,18,6,12,38,1,57,40,0,40,97
05/27/2023,ABI,TX,ASW,CE,Combined TRACON& Tower with Radar,6,5,9,0,20,0,2,19,0,21,6,7,28,0,41,26,0,26,67
05/28/2023,ABI,TX,ASW,CE,Combined TRACON& Tower with Radar,8,0,3,0,11,0,0,13,0,13,8,0,16,0,24,40,0,40,64
05/29/2023,ABI,TX,ASW,CE,Combined TRACON& Tower with Radar,6,1,6,2,15,0,0,18,0,18,6,1,24,2,33,46,0,46,79
05/30/2023,ABI,TX,ASW,CE,Combined TRACON& Tower with Radar,11,9,23,8,51,0,3,46,8,57,11,12,69,16,108,40,52,92,200
05/31/2023,ABI,TX,ASW,CE,Combined TRACON& Tower with Radar,6,18,13,23,60,0,1,38,6,45,6,19,51,29,105,22,26,48,153
06/01/2023,ABI,TX,ASW,CE,Combined TRACON& Tower with Radar,10,13,16,6,45,0,0,15,12,27,10,13,31,18,72,48,28,76,148
06/02/2023,ABI,TX,ASW,CE,Combined TRACON& Tower with Radar,7,14,23,0,44,0,0,26,2,28,7,14,49,2,72,28,0,28,100
06/03/2023,ABI,TX,ASW,CE,Combined TRACON& Tower with Radar,7,5,11,0,23,0,2,5,0,7,7,7,16,0,30,14,0,14,44
06/04/2023,ABI,TX,ASW,CE,Combined TRACON& Tower with Radar,11,3,23,0,37,0,0,10,0,10,11,3,33,0,47,2,0,2,49
06/05/2023,ABI,TX,ASW,CE,Combined TRACON& Tower with Radar,10,4,18,9,41,0,0,7,0,7,10,4,25,9,48,44,0,44,92
06/06/2023,ABI,TX,ASW,CE,Combined TRACON& Tower with Radar,9,12,24,33,78,0,1,21,3,25,9,13,45,36,103,30,42,72,175
06/07/2023,ABI,TX,ASW,CE,Combined TRACON& Tower with Radar,11,13,17,15,56,0,1,35,1,37,11,14,52,16,93,10,24,34,127
06/08/2023,ABI,TX,ASW,CE,Combined TRACON& Tower with Radar,10,12,18,23,63,0,1,41,6,48,10,13,59,29,111,40,16,56,167
06/09/2023,ABI,TX,ASW,CE,Combined TRACON& Tower with Radar,9,7,22,9,47,0,2,36,1,39,9,9,58,10,86,8,6,14,100
06/10/2023,ABI,TX,ASW,CE,Combined TRACON& Tower with Radar,7,4,20,4,35,0,1,27,0,28,7,5,47,4,63,26,0,26,89
06/11/2023,ABI,TX,ASW,CE,Combined TRACON& Tower with Radar,8,1,8,5,22,0,0,15,4,19,8,1,23,9,41,12,2,14,55
06/12/2023,ABI,TX,ASW,CE,Combined TRACON& Tower with Radar,11,8,16,6,41,0,0,8,0,8,11,8,24,6,49,22,0,22,71
06/13/2023,ABI,TX,ASW,CE,Combined TRACON& Tower with Radar,8,9,20,16,53,0,0,11,1,12,8,9,31,17,65,0,4,4,69
06/14/2023,ABI,TX,ASW,CE,Combined TRACON& Tower with Radar,9,14,22,43,88,0,0,19,13,32,9,14,41,56,120,18,16,34,154
06/15/2023,ABI,TX,ASW,CE,Combined TRACON& Tower with Radar,9,13,28,17,67,0,1,22,1,24,9,14,50,18,91,16,24,40,131
06/16/2023,ABI,TX,ASW,CE,Combined TRACON& Tower with Radar,8,9,36,11,64,0,2,30,0,32,8,11,66,11,96,10,0,10,106
06/17/2023,ABI,TX,ASW,CE,Combined TRACON& Tower with Radar,6,6,14,0,26,0,2,18,0,20,6,8,32,0,46,14,0,14,60
06/18/2023,ABI,TX,ASW,CE,Combined TRACON& Tower with Radar,8,0,5,0,13,0,2,15,0,17,8,2,20,0,30,10,0,10,40
06/19/2023,ABI,TX,ASW,CE,Combined TRACON& Tower with Radar,8,5,13,0,26,0,0,21,2,23,8,5,34,2,49,12,0,12,61
06/20/2023,ABI,TX,ASW,CE,Combined TRACON& Tower with Radar,8,8,16,4,36,0,0,13,1,14,8,8,29,5,50,12,8,20,70
06/21/2023,ABI,TX,ASW,CE,Combined TRACON& Tower with Radar,10,16,17,8,51,0,0,24,4,28,10,16,41,12,79,14,14,28,107
06/22/2023,ABI,TX,ASW,CE,Combined TRACON& Tower with Radar,8,10,21,41,80,0,0,27,16,43,8,10,48,57,123,4,62,66,189
06/23/2023,ABI,TX,ASW,CE,Combined TRACON& Tower with Radar,8,17,10,10,45,0,1,15,1,17,8,18,25,11,62,22,0,22,84
06/24/2023,ABI,TX,ASW,CE,Combined TRACON& Tower with Radar,6,6,12,0,24,0,1,29,3,33,6,7,41,3,57,18,0,18,75
06/25/2023,ABI,TX,ASW,CE,Combined TRACON& Tower with Radar,10,13,7,0,30,0,2,10,0,12,10,15,17,0,42,12,0,12,54
06/26/2023,ABI,TX,ASW,CE,Combined TRACON& Tower with Radar,12,6,20,21,59,0,3,29,10,42,12,9,49,31,101,30,24,54,155
06/27/2023,ABI,TX,ASW,CE,Combined TRACON& Tower with Radar,8,11,19,17,55,0,0,27,2,29,8,11,46,19,84,16,0,16,100
06/28/2023,ABI,TX,ASW,CE,Combined TRACON& Tower with Radar,8,10,12,25,55,0,0,23,11,34,8,10,35,36,89,20,58,78,167
06/29/2023,ABI,TX,ASW,CE,Combined TRACON& Tower with Radar,8,17,18,8,51,0,1,29,6,36,8,18,47,14,87,16,10,26,113
06/30/2023,ABI,TX,ASW,CE,Combined TRACON& Tower with Radar,10,17,19,5,51,0,0,27,6,33,10,17,46,11,84,28,0,28,112
07/01/2023,ABI,TX,ASW,CE,Combined TRACON& Tower with Radar,7,6,7,0,20,0,0,7,0,7,7,6,14,0,27,0,0,0,27
07/02/2023,ABI,TX,ASW,CE,Combined TRACON& Tower with Radar,8,7,5,0,20,0,2,13,0,15,8,9,18,0,35,0,0,0,35
07/03/2023,ABI,TX,ASW,CE,Combined TRACON& Tower with Radar,8,6,6,0,20,0,0,18,0,18,8,6,24,0,38,40,0,40,78
07/04/2023,ABI,TX,ASW,CE,Combined TRACON& Tower with Radar,9,0,3,0,12,0,1,21,0,22,9,1,24,0,34,10,0,10,44
07/05/2023,ABI,TX,ASW,CE,Combined TRACON& Tower with Radar,8,11,20,24,63,0,3,23,6,32,8,14,43,30,95,50,62,112,207
07/06/2023,ABI,TX,ASW,CE,Combined TRACON& Tower with Radar,8,15,15,8,46,0,1,26,6,33,8,16,41,14,79,16,12,28,107
07/07/2023,ABI,TX,ASW,CE,Combined TRACON& Tower with Radar,8,16,25,103,152,0,1,26,9,36,8,17,51,112,188,28,78,106,294
07/08/2023,ABI,TX,ASW,CE,Combined TRACON& Tower with Radar,6,3,7,3,19,0,3,22,4,29,6,6,29,7,48,44,0,44,92
07/09/2023,ABI,TX,ASW,CE,Combined TRACON& Tower with Radar,14,3,14,13,44,0,1,18,3,22,14,4,32,16,66,0,0,0,66
07/10/2023,ABI,TX,ASW,CE,Combined TRACON& Tower with Radar,7,3,10,27,47,0,1,12,3,16,7,4,22,30,63,22,24,46,109
07/11/2023,ABI,TX,ASW,CE,Combined TRACON& Tower with Radar,9,9,22,52,92,0,0,21,5,26,9,9,43,57,118,20,44,64,182
07/12/2023,ABI,TX,ASW,CE,Combined TRACON& Tower with Radar,9,14,26,41,90,0,1,18,5,24,9,15,44,46,114,34,20,54,168
07/13/2023,ABI,TX,ASW,CE,Combined TRACON& Tower with Radar,8,10,9,40,67,0,0,27,4,31,8,10,36,44,98,20,12,32,130
07/14/2023,ABI,TX,ASW,CE,Combined TRACON& Tower with Radar,8,12,19,30,69,0,0,9,0,9,8,12,28,30,78,18,12,30,108
07/15/2023,ABI,TX,ASW,CE,Combined TRACON& Tower with Radar,6,6,6,0,18,0,1,23,0,24,6,7,29,0,42,24,0,24,66
07/16/2023,ABI,TX,ASW,CE,Combined TRACON& Tower with Radar,9,2,9,18,38,0,0,13,0,13,9,2,22,18,51,44,0,44,95
07/17/2023,ABI,TX,ASW,CE,Combined TRACON& Tower with Radar,9,3,22,27,61,0,0,21,6,27,9,3,43,33,88,28,12,40,128
07/18/2023,ABI,TX,ASW,CE,Combined TRACON& Tower with Radar,12,10,15,11,48,0,2,36,5,43,12,12,51,16,91,24,24,48,139
07/19/2023,ABI,TX,ASW,CE,Combined TRACON& Tower with Radar,9,14,15,18,56,0,0,22,4,26,9,14,37,22,82,22,16,38,120
07/20/2023,ABI,TX,ASW,CE,Combined TRACON& Tower with Radar,8,15,27,17,67,0,1,26,2,29,8,16,53,19,96,50,16,66,162
07/21/2023,ABI,TX,ASW,CE,Combined TRACON& Tower with Radar,8,15,21,19,63,0,1,38,2,41,8,16,59,21,104,36,0,36,140
07/22/2023,ABI,TX,ASW,CE,Combined TRACON& Tower with Radar,6,5,13,0,24,0,3,36,0,39,6,8,49,0,63,40,0,40,103
07/23/2023,ABI,TX,ASW,CE,Combined TRACON& Tower with Radar,10,4,10,11,35,0,0,16,1,17,10,4,26,12,52,0,0,0,52
07/24/2023,ABI,TX,ASW,CE,Combined TRACON& Tower with Radar,8,3,13,39,63,0,0,23,10,33,8,3,36,49,96,18,26,44,140
07/25/2023,ABI,TX,ASW,CE,Combined TRACON& Tower with Radar,8,11,32,31,82,0,0,21,3,24,8,11,53,34,106,30,14,44,150
07/26/2023,ABI,TX,ASW,CE,Combined TRACON& Tower with Radar,8,10,12,26,56,0,0,24,12,36,8,10,36,38,92,78,26,104,196
07/27/2023,ABI,TX,ASW,CE,Combined TRACON& Tower with Radar,8,17,14,39,78,0,4,23,3,30,8,21,37,42,108,22,26,48,156
07/28/2023,ABI,TX,ASW,CE,Combined TRACON& Tower with Radar,8,18,15,23,64,0,1,39,1,41,8,19,54,24,105,32,2,34,139
07/29/2023,ABI,TX,ASW,CE,Combined TRACON& Tower with Radar,8,5,19,2,34,0,1,22,2,25,8,6,41,4,59,6,0,6,65
07/30/2023,ABI,TX,ASW,CE,Combined TRACON& Tower with Radar,10,0,2,0,12,0,0,10,0,10,10,0,12,0,22,0,0,0,22
07/31/2023,ABI,TX,ASW,CE,Combined TRACON& Tower with Radar,10,3,11,22,46,0,2,14,4,20,10,5,25,26,66,68,0,68,134
08/01/2023,ABI,TX,ASW,CE,Combined TRACON& Tower with Radar,8,9,14,10,41,0,4,35,6,45,8,13,49,16,86,10,8,18,104
08/02/2023,ABI,TX,ASW,CE,Combined TRACON& Tower with Radar,11,12,17,6,46,0,1,29,6,36,11,13,46,12,82,38,6,44,126
08/03/2023,ABI,TX,ASW,CE,Combined TRACON& Tower with Radar,8,11,22,21,62,0,1,15,8,24,8,12,37,29,86,46,10,56,142
08/04/2023,ABI,TX,ASW,CE,Combined TRACON& Tower with Radar,9,9,28,17,63,0,1,36,3,40,9,10,64,20,103,22,26,48,151
08/05/2023,ABI,TX,ASW,CE,Combined TRACON& Tower with Radar,7,3,7,15,32,0,2,25,2,29,7,5,32,17,61,24,18,42,103
08/06/2023,ABI,TX,ASW,CE,Combined TRACON& Tower with Radar,8,2,12,8,30,0,0,14,3,17,8,2,26,11,47,0,0,0,47
08/07/2023,ABI,TX,ASW,CE,Combined TRACON& Tower with Radar,8,8,14,27,57,0,0,10,4,14,8,8,24,31,71,6,12,18,89
08/08/2023,ABI,TX,ASW,CE,Combined TRACON& Tower with Radar,8,13,33,31,85,0,0,26,2,28,8,13,59,33,113,12,18,30,143
08/09/2023,ABI,TX,ASW,CE,Combined TRACON& Tower with Radar,10,12,12,21,55,0,0,10,14,24,10,12,22,35,79,16,0,16,95
08/10/2023,ABI,TX,ASW,CE,Combined TRACON& Tower with Radar,8,11,20,15,54,1,0,36,31,68,9,11,56,46,122,70,38,108,230
08/11/2023,ABI,TX,ASW,CE,Combined TRACON& Tower with Radar,8,20,15,3,46,0,1,28,33,62,8,21,43,36,108,12,0,12,120
08/12/2023,ABI,TX,ASW,CE,Combined TRACON& Tower with Radar,7,7,12,2,28,0,4,21,60,85,7,11,33,62,113,0,0,0,113
08/13/2023,ABI,TX,ASW,CE,Combined TRACON& Tower with Radar,11,3,11,1,26,0,2,7,8,17,11,5,18,9,43,20,0,20,63
08/14/2023,ABI,TX,ASW,CE,Combined TRACON& Tower with Radar,9,6,16,11,42,6,1,36,39,82,15,7,52,50,124,10,40,50,174
08/15/2023,ABI,TX,ASW,CE,Combined TRACON& Tower with Radar,9,9,14,16,48,0,3,23,0,26,9,12,37,16,74,84,0,84,158
08/16/2023,ABI,TX,ASW,CE,Combined TRACON& Tower with Radar,9,23,17,37,86,0,4,19,9,32,9,27,36,46,118,44,18,62,180
08/17/2023,ABI,TX,ASW,CE,Combined TRACON& Tower with Radar,8,12,31,24,75,0,2,27,23,52,8,14,58,47,127,28,8,36,163
08/18/2023,ABI,TX,ASW,CE,Combined TRACON& Tower with Radar,8,15,15,40,78,0,4,34,17,55,8,19,49,57,133,42,0,42,175
08/19/2023,ABI,TX,ASW,CE,Combined TRACON& Tower with Radar,8,4,6,15,33,0,2,25,21,48,8,6,31,36,81,0,12,12,93
08/20/2023,ABI,TX,ASW,CE,Combined TRACON& Tower with Radar,8,8,5,8,29,1,0,23,7,31,9,8,28,15,60,18,0,18,78
08/21/2023,ABI,TX,ASW,CE,Combined TRACON& Tower with Radar,10,3,22,23,58,1,0,24,6,31,11,3,46,29,89,0,0,0,89
08/22/2023,ABI,TX,ASW,CE,Combined TRACON& Tower with Radar,10,12,29,18,69,4,2,24,7,37,14,14,53,25,106,18,16,34,140
08/23/2023,ABI,TX,ASW,CE,Combined TRACON& Tower with Radar,11,10,24,46,91,1,1,26,8,36,12,11,50,54,127,46,8,54,181
08/24/2023,ABI,TX,ASW,CE,Combined TRACON& Tower with Radar,8,10,24,41,83,0,1,36,4,41,8,11,60,45,124,32,0,32,156
08/25/2023,ABI,TX,ASW,CE,Combined TRACON& Tower with Radar,10,8,32,79,129,0,1,50,17,68,10,9,82,96,197,20,4,24,221
08/26/2023,ABI,TX,ASW,CE,Combined TRACON& Tower with Radar,8,7,13,28,56,0,0,37,15,52,8,7,50,43,108,34,0,34,142
08/27/2023,ABI,TX,ASW,CE,Combined TRACON& Tower with Radar,10,2,12,16,40,0,1,15,1,17,10,3,27,17,57,14,0,14,71
08/28/2023,ABI,TX,ASW,CE,Combined TRACON& Tower with Radar,9,5,21,22,57,5,1,13,1,20,14,6,34,23,77,26,10,36,113
08/29/2023,ABI,TX,ASW,CE,Combined TRACON& Tower with Radar,8,7,27,76,118,0,5,34,16,55,8,12,61,92,173,34,42,76,249
08/30/2023,ABI,TX,ASW,CE,Combined TRACON& Tower with Radar,15,10,22,48,95,1,1,27,8,37,16,11,49,56,132,38,26,64,196
08/31/2023,ABI,TX,ASW,CE,Combined TRACON& Tower with Radar,11,12,32,47,102,2,3,26,12,43,13,15,58,59,145,14,8,22,167
