01/01/2020,ABQ,NM,ASW,WE,Combined TRACON& Tower with Radar,129,42,20,0,191,1,13,27,3,44,130,55,47,3,235,28,0,28,263
01/02/2020,ABQ,NM,ASW,WE,Combined TRACON& Tower with Radar,161,69,20,4,254,0,38,18,0,56,161,107,38,4,310,6,0,6,316
01/03/2020,ABQ,NM,ASW,WE,Combined TRACON& Tower with Radar,154,47,24,4,229,0,35,73,4,112,154,82,97,8,341,36,0,36,377
01/04/2020,ABQ,NM,ASW,WE,Combined TRACON& Tower with Radar,120,50,36,0,206,0,28,70,0,98,120,78,106,0,304,82,0,82,386
01/05/2020,ABQ,NM,ASW,WE,Combined TRACON& Tower with Radar,144,33,21,1,199,3,12,66,1,82,147,45,87,2,281,98,0,98,379
01/06/2020,ABQ,NM,ASW,WE,Combined TRACON& Tower with Radar,148,50,19,4,221,0,27,44,48,119,148,77,63,52,340,38,31,69,409
01/07/2020,ABQ,NM,ASW,WE,Combined TRACON& Tower with Radar,139,49,28,11,227,0,46,55,44,145,139,95,83,55,372,18,26,44,416
01/08/2020,ABQ,NM,ASW,WE,Combined TRACON& Tower with Radar,143,46,30,6,225,0,33,56,48,137,143,79,86,54,362,60,0,60,422
01/09/2020,ABQ,NM,ASW,WE,Combined TRACON& Tower with Radar,151,58,28,10,247,1,31,69,18,119,152,89,97,28,366,104,22,126,492
01/10/2020,ABQ,NM,ASW,WE,Combined TRACON& Tower with Radar,136,47,27,27,237,0,26,24,17,67,136,73,51,44,304,1,7,8,312
01/11/2020,ABQ,NM,ASW,WE,Combined TRACON& Tower with Radar,89,31,37,37,194,0,20,89,25,134,89,51,126,62,328,74,30,104,432
01/12/2020,ABQ,NM,ASW,WE,Combined TRACON& Tower with Radar,124,28,25,8,185,0,12,55,7,74,124,40,80,15,259,74,0,74,333
01/13/2020,ABQ,NM,ASW,WE,Combined TRACON& Tower with Radar,140,49,38,7,234,0,33,36,41,110,140,82,74,48,344,42,0,42,386
01/14/2020,ABQ,NM,ASW,WE,Combined TRACON& Tower with Radar,140,46,32,11,229,0,31,83,45,159,140,77,115,56,388,22,16,38,426
01/15/2020,ABQ,NM,ASW,WE,Combined TRACON& Tower with Radar,141,42,33,7,223,0,33,59,55,147,141,75,92,62,370,48,64,112,482
01/16/2020,ABQ,NM,ASW,WE,Combined TRACON& Tower with Radar,148,60,11,2,221,0,17,0,3,20,148,77,11,5,241,2,20,22,263
01/17/2020,ABQ,NM,ASW,WE,Combined TRACON& Tower with Radar,157,66,31,14,268,0,16,24,9,49,157,82,55,23,317,8,2,10,327
01/18/2020,ABQ,NM,ASW,WE,Combined TRACON& Tower with Radar,91,45,32,17,185,0,49,74,9,132,91,94,106,26,317,96,18,114,431
01/19/2020,ABQ,NM,ASW,WE,Combined TRACON& Tower with Radar,120,33,19,0,172,0,23,48,5,76,120,56,67,5,248,32,0,32,280
01/20/2020,ABQ,NM,ASW,WE,Combined TRACON& Tower with Radar,140,47,43,2,232,0,28,67,0,95,140,75,110,2,327,54,1,55,382
01/21/2020,ABQ,NM,ASW,WE,Combined TRACON& Tower with Radar,141,64,41,11,257,0,11,7,11,29,141,75,48,22,286,0,16,16,302
01/22/2020,ABQ,NM,ASW,WE,Combined TRACON& Tower with Radar,138,57,51,10,256,0,40,36,51,127,138,97,87,61,383,24,16,40,423
01/23/2020,ABQ,NM,ASW,WE,Combined TRACON& Tower with Radar,147,59,45,16,267,0,36,91,55,182,147,95,136,71,449,42,42,84,533
01/24/2020,ABQ,NM,ASW,WE,Combined TRACON& Tower with Radar,148,53,35,43,279,0,29,73,48,150,148,82,108,91,429,18,72,90,519
01/25/2020,ABQ,NM,ASW,WE,Combined TRACON& Tower with Radar,93,31,25,12,161,0,18,70,16,104,93,49,95,28,265,26,8,34,299
01/26/2020,ABQ,NM,ASW,WE,Combined TRACON& Tower with Radar,127,30,25,33,215,0,14,45,16,75,127,44,70,49,290,64,36,100,390
01/27/2020,ABQ,NM,ASW,WE,Combined TRACON& Tower with Radar,136,52,30,8,226,0,33,13,39,85,136,85,43,47,311,6,10,16,327
01/28/2020,ABQ,NM,ASW,WE,Combined TRACON& Tower with Radar,139,59,42,21,261,0,38,62,65,165,139,97,104,86,426,40,40,80,506
01/29/2020,ABQ,NM,ASW,WE,Combined TRACON& Tower with Radar,137,49,32,12,230,0,38,54,52,144,137,87,86,64,374,22,26,48,422
01/30/2020,ABQ,NM,ASW,WE,Combined TRACON& Tower with Radar,153,50,37,41,281,0,32,80,58,170,153,82,117,99,451,12,48,60,511
01/31/2020,ABQ,NM,ASW,WE,Combined TRACON& Tower with Radar,150,53,53,17,273,4,30,80,32,146,154,83,133,49,419,40,14,54,473
02/01/2020,ABQ,NM,ASW,CE,Combined TRACON& Tower with Radar,92,47,31,12,182,0,10,84,4,98,92,57,115,16,280,80,0,80,360
02/02/2020,ABQ,NM,ASW,CE,Combined TRACON& Tower with Radar,127,31,23,7,188,0,15,81,5,101,127,46,104,12,289,68,0,68,357
02/03/2020,ABQ,NM,ASW,CE,Combined TRACON& Tower with Radar,134,44,43,5,226,0,20,15,48,83,134,64,58,53,309,2,22,24,333
02/04/2020,ABQ,NM,ASW,CE,Combined TRACON& Tower with Radar,143,54,36,11,244,0,13,1,16,30,143,67,37,27,274,0,0,0,274
02/05/2020,ABQ,NM,ASW,CE,Combined TRACON& Tower with Radar,135,51,28,21,235,0,29,39,53,121,135,80,67,74,356,30,18,48,404
02/06/2020,ABQ,NM,ASW,CE,Combined TRACON& Tower with Radar,157,68,26,9,260,0,31,43,60,134,157,99,69,69,394,14,6,20,414
02/07/2020,ABQ,NM,ASW,CE,Combined TRACON& Tower with Radar,143,41,36,15,235,0,31,60,35,126,143,72,96,50,361,24,16,40,401
02/08/2020,ABQ,NM,ASW,CE,Combined TRACON& Tower with Radar,93,37,23,8,161,0,16,108,9,133,93,53,131,17,294,74,6,80,374
02/09/2020,ABQ,NM,ASW,CE,Combined TRACON& Tower with Radar,127,34,20,22,203,0,11,68,9,88,127,45,88,31,291,54,4,58,349
02/10/2020,ABQ,NM,ASW,CE,Combined TRACON& Tower with Radar,146,57,48,0,251,0,9,8,25,42,146,66,56,25,293,12,6,18,311
02/11/2020,ABQ,NM,ASW,CE,Combined TRACON& Tower with Radar,123,77,23,0,223,0,9,3,0,12,123,86,26,0,235,4,0,4,239
02/12/2020,ABQ,NM,ASW,CE,Combined TRACON& Tower with Radar,142,61,58,1,262,0,33,47,64,144,142,94,105,65,406,54,6,60,466
02/13/2020,ABQ,NM,ASW,CE,Combined TRACON& Tower with Radar,146,76,50,9,281,0,40,87,37,164,146,116,137,46,445,62,29,91,536
02/14/2020,ABQ,NM,ASW,CE,Combined TRACON& Tower with Radar,152,54,37,31,274,0,46,77,6,129,152,100,114,37,403,7,1,8,411
02/15/2020,ABQ,NM,ASW,CE,Combined TRACON& Tower with Radar,102,52,19,8,181,0,23,56,0,79,102,75,75,8,260,0,0,0,260
02/16/2020,ABQ,NM,ASW,CE,Combined TRACON& Tower with Radar,120,44,23,2,189,0,26,66,3,95,120,70,89,5,284,66,0,66,350
02/17/2020,ABQ,NM,ASW,CE,Combined TRACON& Tower with Radar,139,60,39,8,246,0,31,67,2,100,139,91,106,10,346,116,5,121,467
02/18/2020,ABQ,NM,ASW,CE,Combined TRACON& Tower with Radar,142,73,44,51,310,0,52,53,42,147,142,125,97,93,457,40,44,84,541
02/19/2020,ABQ,NM,ASW,CE,Combined TRACON& Tower with Radar,149,62,46,5,262,0,28,52,54,134,149,90,98,59,396,86,18,104,500
02/20/2020,ABQ,NM,ASW,CE,Combined TRACON& Tower with Radar,153,79,60,23,315,0,32,40,53,125,153,111,100,76,440,22,22,44,484
02/21/2020,ABQ,NM,ASW,CE,Combined TRACON& Tower with Radar,148,64,42,9,263,0,35,60,25,120,148,99,102,34,383,34,8,42,425
02/22/2020,ABQ,NM,ASW,CE,Combined TRACON& Tower with Radar,100,55,29,5,189,0,9,15,1,25,100,64,44,6,214,0,0,0,214
02/23/2020,ABQ,NM,ASW,CE,Combined TRACON& Tower with Radar,121,46,30,1,198,0,1,5,7,13,121,47,35,8,211,24,0,24,235
02/24/2020,ABQ,NM,ASW,CE,Combined TRACON& Tower with Radar,139,76,43,4,262,0,29,71,14,114,139,105,114,18,376,46,2,48,424
02/25/2020,ABQ,NM,ASW,CE,Combined TRACON& Tower with Radar,143,59,36,10,248,0,35,73,66,174,143,94,109,76,422,62,38,100,522
02/26/2020,ABQ,NM,ASW,CE,Combined TRACON& Tower with Radar,145,62,47,14,268,1,35,80,54,170,146,97,127,68,438,0,0,0,438
02/27/2020,ABQ,NM,ASW,CE,Combined TRACON& Tower with Radar,149,67,49,11,276,0,38,87,55,180,149,105,136,66,456,34,36,70,526
02/28/2020,ABQ,NM,ASW,CE,Combined TRACON& Tower with Radar,144,60,32,17,253,0,42,82,20,144,144,102,114,37,397,68,8,76,473
02/29/2020,ABQ,NM,ASW,CE,Combined TRACON& Tower with Radar,99,57,29,15,200,0,32,76,2,110,99,89,105,17,310,96,0,96,406
03/01/2020,ABQ,NM,ASW,CE,Combined TRACON& Tower with Radar,124,49,22,2,197,0,8,60,2,70,124,57,82,4,267,64,0,64,331
03/02/2020,ABQ,NM,ASW,CE,Combined TRACON& Tower with Radar,140,62,28,6,236,0,52,54,38,144,140,114,82,44,380,56,14,70,450
03/03/2020,ABQ,NM,ASW,CE,Combined TRACON& Tower with Radar,153,60,39,18,270,0,40,61,47,148,153,100,100,65,418,60,36,96,514
03/04/2020,ABQ,NM,ASW,CE,Combined TRACON& Tower with Radar,149,58,43,9,259,0,32,76,52,160,149,90,119,61,419,32,16,48,467
03/05/2020,ABQ,NM,ASW,CE,Combined TRACON& Tower with Radar,156,59,46,11,272,0,28,95,54,177,156,87,141,65,449,8,42,50,499
03/06/2020,ABQ,NM,ASW,CE,Combined TRACON& Tower with Radar,157,55,43,14,269,0,34,60,29,123,157,89,103,43,392,20,16,36,428
03/07/2020,ABQ,NM,ASW,CE,Combined TRACON& Tower with Radar,122,60,46,8,236,0,16,82,7,105,122,76,128,15,341,58,16,74,415
03/08/2020,ABQ,NM,ASW,CE,Combined TRACON& Tower with Radar,138,53,30,11,232,6,11,12,4,33,144,64,42,15,265,20,12,32,297
03/09/2020,ABQ,NM,ASW,CE,Combined TRACON& Tower with Radar,142,53,48,8,251,4,18,55,56,133,146,71,103,64,384,36,28,64,448
03/10/2020,ABQ,NM,ASW,CE,Combined TRACON& Tower with Radar,155,68,40,11,274,0,31,57,66,154,155,99,97,77,428,88,32,120,548
03/11/2020,ABQ,NM,ASW,CE,Combined TRACON& Tower with Radar,156,61,39,10,266,0,24,41,58,123,156,85,80,68,389,44,16,60,449
03/12/2020,ABQ,NM,ASW,CE,Combined TRACON& Tower with Radar,155,56,41,19,271,0,24,67,49,140,155,80,108,68,411,20,36,56,467
03/13/2020,ABQ,NM,ASW,CE,Combined TRACON& Tower with Radar,150,91,24,17,282,0,15,4,18,37,150,106,28,35,319,2,18,20,339
03/14/2020,ABQ,NM,ASW,CE,Combined TRACON& Tower with Radar,123,50,37,7,217,0,20,69,6,95,123,70,106,13,312,24,2,26,338
03/15/2020,ABQ,NM,ASW,CE,Combined TRACON& Tower with Radar,132,35,30,9,206,0,13,54,0,67,132,48,84,9,273,8,0,8,281
03/16/2020,ABQ,NM,ASW,CE,Combined TRACON& Tower with Radar,147,43,21,7,218,0,19,49,47,115,147,62,70,54,333,10,0,10,343
03/17/2020,ABQ,NM,ASW,CE,Combined TRACON& Tower with Radar,150,54,33,14,251,0,26,43,55,124,150,80,76,69,375,4,48,52,427
03/18/2020,ABQ,NM,ASW,CE,Combined TRACON& Tower with Radar,149,41,20,6,216,0,20,26,39,85,149,61,46,45,301,12,8,20,321
03/19/2020,ABQ,NM,ASW,CE,Combined TRACON& Tower with Radar,145,62,26,3,236,0,20,18,17,55,145,82,44,20,291,52,8,60,351
03/20/2020,ABQ,NM,ASW,CE,Combined TRACON& Tower with Radar,124,60,46,7,237,0,24,36,32,92,124,84,82,39,329,30,8,38,367
03/21/2020,ABQ,NM,ASW,CE,Combined TRACON& Tower with Radar,107,43,25,0,175,0,17,36,0,53,107,60,61,0,228,26,0,26,254
03/22/2020,ABQ,NM,ASW,CE,Combined TRACON& Tower with Radar,109,40,40,0,189,0,8,46,1,55,109,48,86,1,244,31,0,31,275
03/23/2020,ABQ,NM,ASW,CE,Combined TRACON& Tower with Radar,114,34,43,4,195,0,19,34,38,91,114,53,77,42,286,24,36,60,346
03/24/2020,ABQ,NM,ASW,CE,Combined TRACON& Tower with Radar,122,33,22,1,178,0,31,52,51,134,122,64,74,52,312,60,56,116,428
03/25/2020,ABQ,NM,ASW,CE,Combined TRACON& Tower with Radar,101,51,26,2,180,0,31,36,36,103,101,82,62,38,283,14,12,26,309
03/26/2020,ABQ,NM,ASW,CE,Combined TRACON& Tower with Radar,109,46,14,1,170,0,30,14,2,46,109,76,28,3,216,4,0,4,220
03/27/2020,ABQ,NM,ASW,CE,Combined TRACON& Tower with Radar,84,40,13,3,140,0,26,19,9,54,84,66,32,12,194,10,0,10,204
03/28/2020,ABQ,NM,ASW,CE,Combined TRACON& Tower with Radar,78,42,22,0,142,0,17,34,0,51,78,59,56,0,193,28,0,28,221
03/29/2020,ABQ,NM,ASW,CE,Combined TRACON& Tower with Radar,82,22,21,0,125,0,9,66,1,76,82,31,87,1,201,68,0,68,269
03/30/2020,ABQ,NM,ASW,CE,Combined TRACON& Tower with Radar,71,34,16,5,126,0,20,21,15,56,71,54,37,20,182,10,8,18,200
03/31/2020,ABQ,NM,ASW,CE,Combined TRACON& Tower with Radar,77,29,36,4,146,0,29,51,34,114,77,58,87,38,260,26,42,68,328
04/01/2020,ABQ,NM,ASW,CE,Combined TRACON& Tower with Radar,86,45,18,10,159,0,26,20,35,81,86,71,38,45,240,8,20,28,268
04/02/2020,ABQ,NM,ASW,CE,Combined TRACON& Tower with Radar,90,41,19,6,156,0,23,25,61,109,90,64,44,67,265,8,34,42,307
04/03/2020,ABQ,NM,ASW,CE,Combined TRACON& Tower with Radar,74,43,13,1,131,0,29,36,4,69,74,72,49,5,200,20,0,20,220
04/04/2020,ABQ,NM,ASW,CE,Combined TRACON& Tower with Radar,52,30,17,1,100,0,22,19,1,42,52,52,36,2,142,50,0,50,192
04/05/2020,ABQ,NM,ASW,CE,Combined TRACON& Tower with Radar,66,28,26,0,120,0,6,33,0,39,66,34,59,0,159,44,0,44,203
04/06/2020,ABQ,NM,ASW,CE,Combined TRACON& Tower with Radar,65,36,21,4,126,0,29,25,27,81,65,65,46,31,207,14,2,16,223
04/07/2020,ABQ,NM,ASW,CE,Combined TRACON& Tower with Radar,66,51,18,6,141,0,29,41,36,106,66,80,59,42,247,34,12,46,293
04/08/2020,ABQ,NM,ASW,CE,Combined TRACON& Tower with Radar,72,37,21,3,133,0,47,21,41,109,72,84,42,44,242,52,30,82,324
04/09/2020,ABQ,NM,ASW,CE,Combined TRACON& Tower with Radar,79,42,22,16,159,0,21,37,51,109,79,63,59,67,268,44,24,68,336
04/10/2020,ABQ,NM,ASW,CE,Combined TRACON& Tower with Radar,63,31,16,0,110,0,20,34,9,63,63,51,50,9,173,18,0,18,191
04/11/2020,ABQ,NM,ASW,CE,Combined TRACON& Tower with Radar,44,22,19,2,87,0,5,28,1,34,44,27,47,3,121,50,0,50,171
04/12/2020,ABQ,NM,ASW,CE,Combined TRACON& Tower with Radar,66,18,7,0,91,0,8,8,2,18,66,26,15,2,109,68,0,68,177
04/13/2020,ABQ,NM,ASW,CE,Combined TRACON& Tower with Radar,64,50,15,6,135,0,0,0,11,11,64,50,15,17,146,0,6,6,152
04/14/2020,ABQ,NM,ASW,CE,Combined TRACON& Tower with Radar,71,47,25,12,155,0,38,36,34,108,71,85,61,46,263,8,28,36,299
04/15/2020,ABQ,NM,ASW,CE,Combined TRACON& Tower with Radar,68,34,21,10,133,0,29,31,45,105,68,63,52,55,238,16,46,62,300
04/16/2020,ABQ,NM,ASW,CE,Combined TRACON& Tower with Radar,60,38,17,6,121,0,27,25,33,85,60,65,42,39,206,32,18,50,256
04/17/2020,ABQ,NM,ASW,CE,Combined TRACON& Tower with Radar,52,32,17,11,112,0,32,49,12,93,52,64,66,23,205,20,22,42,247
04/18/2020,ABQ,NM,ASW,CE,Combined TRACON& Tower with Radar,32,26,11,0,69,0,28,33,3,64,32,54,44,3,133,32,0,32,165
04/19/2020,ABQ,NM,ASW,CE,Combined TRACON& Tower with Radar,42,24,20,0,86,0,23,34,2,59,42,47,54,2,145,86,0,86,231
04/20/2020,ABQ,NM,ASW,CE,Combined TRACON& Tower with Radar,49,33,19,8,109,0,21,44,39,104,49,54,63,47,213,32,12,44,257
04/21/2020,ABQ,NM,ASW,CE,Combined TRACON& Tower with Radar,62,39,17,16,134,0,44,25,49,118,62,83,42,65,252,44,18,62,314
04/22/2020,ABQ,NM,ASW,CE,Combined TRACON& Tower with Radar,53,40,21,15,129,0,36,15,50,101,53,76,36,65,230,46,14,60,290
04/23/2020,ABQ,NM,ASW,CE,Combined TRACON& Tower with Radar,50,44,23,9,126,0,27,23,36,86,50,71,46,45,212,104,30,134,346
04/24/2020,ABQ,NM,ASW,CE,Combined TRACON& Tower with Radar,57,46,17,9,129,0,24,29,13,66,57,70,46,22,195,6,2,8,203
04/25/2020,ABQ,NM,ASW,CE,Combined TRACON& Tower with Radar,40,36,26,2,104,0,20,63,2,85,40,56,89,4,189,72,0,72,261
04/26/2020,ABQ,NM,ASW,CE,Combined TRACON& Tower with Radar,39,19,15,2,75,0,18,54,0,72,39,37,69,2,147,78,2,80,227
04/27/2020,ABQ,NM,ASW,CE,Combined TRACON& Tower with Radar,45,35,14,15,109,0,23,38,43,104,45,58,52,58,213,20,34,54,267
04/28/2020,ABQ,NM,ASW,CE,Combined TRACON& Tower with Radar,62,45,15,4,126,0,32,33,58,123,62,77,48,62,249,2,30,32,281
04/29/2020,ABQ,NM,ASW,CE,Combined TRACON& Tower with Radar,57,44,23,3,127,0,39,46,54,139,57,83,69,57,266,37,38,75,341
04/30/2020,ABQ,NM,ASW,CE,Combined TRACON& Tower with Radar,61,54,17,11,143,0,36,36,28,100,61,90,53,39,243,54,24,78,321
05/01/2020,ABQ,NM,ASW,CE,Combined TRACON& Tower with Radar,54,48,29,5,136,0,35,73,4,112,54,83,102,9,248,24,2,26,274
05/02/2020,ABQ,NM,ASW,CE,Combined TRACON& Tower with Radar,41,25,11,3,80,0,15,56,6,77,41,40,67,9,157,42,2,44,201
05/03/2020,ABQ,NM,ASW,CE,Combined TRACON& Tower with Radar,42,30,19,3,94,0,12,37,7,56,42,42,56,10,150,36,0,36,186
05/04/2020,ABQ,NM,ASW,CE,Combined TRACON& Tower with Radar,54,43,36,5,138,0,37,23,42,102,54,80,59,47,240,10,6,16,256
05/05/2020,ABQ,NM,ASW,CE,Combined TRACON& Tower with Radar,60,50,22,11,143,0,58,31,45,134,60,108,53,56,277,22,20,42,319
05/06/2020,ABQ,NM,ASW,CE,Combined TRACON& Tower with Radar,59,52,34,3,148,0,34,40,47,121,59,86,74,50,269,4,10,14,283
05/07/2020,ABQ,NM,ASW,CE,Combined TRACON& Tower with Radar,67,46,24,3,140,0,40,34,73,147,67,86,58,76,287,14,50,64,351
05/08/2020,ABQ,NM,ASW,CE,Combined TRACON& Tower with Radar,59,53,25,8,145,0,32,32,8,72,59,85,57,16,217,42,0,42,259
05/09/2020,ABQ,NM,ASW,CE,Combined TRACON& Tower with Radar,43,30,29,0,102,0,12,58,3,73,43,42,87,3,175,64,0,64,239
05/10/2020,ABQ,NM,ASW,CE,Combined TRACON& Tower with Radar,45,27,14,4,90,0,10,23,2,35,45,37,37,6,125,38,2,40,165
05/11/2020,ABQ,NM,ASW,CE,Combined TRACON& Tower with Radar,52,50,17,8,127,0,19,21,45,85,52,69,38,53,212,7,4,11,223
05/12/2020,ABQ,NM,ASW,CE,Combined TRACON& Tower with Radar,61,43,21,23,148,0,31,38,54,123,61,74,59,77,271,12,54,66,337
05/13/2020,ABQ,NM,ASW,CE,Combined TRACON& Tower with Radar,66,46,34,4,150,0,35,38,49,122,66,81,72,53,272,20,12,32,304
05/14/2020,ABQ,NM,ASW,CE,Combined TRACON& Tower with Radar,61,44,20,7,132,0,31,76,45,152,61,75,96,52,284,52,34,86,370
05/15/2020,ABQ,NM,ASW,CE,Combined TRACON& Tower with Radar,59,46,34,14,153,0,32,40,38,110,59,78,74,52,263,74,28,102,365
05/16/2020,ABQ,NM,ASW,CE,Combined TRACON& Tower with Radar,46,42,38,0,126,0,40,41,0,81,46,82,79,0,207,36,0,36,243
05/17/2020,ABQ,NM,ASW,CE,Combined TRACON& Tower with Radar,51,34,35,4,124,0,16,24,3,43,51,50,59,7,167,18,0,18,185
05/18/2020,ABQ,NM,ASW,CE,Combined TRACON& Tower with Radar,50,41,35,12,138,0,31,42,42,115,50,72,77,54,253,30,18,48,301
05/19/2020,ABQ,NM,ASW,CE,Combined TRACON& Tower with Radar,57,39,27,14,137,0,40,37,54,131,57,79,64,68,268,16,30,46,314
05/20/2020,ABQ,NM,ASW,CE,Combined TRACON& Tower with Radar,59,31,35,9,134,0,34,38,38,110,59,65,73,47,244,58,28,86,330
05/21/2020,ABQ,NM,ASW,CE,Combined TRACON& Tower with Radar,65,43,32,14,154,0,52,46,52,150,65,95,78,66,304,34,32,66,370
05/22/2020,ABQ,NM,ASW,CE,Combined TRACON& Tower with Radar,59,42,32,8,141,0,34,65,18,117,59,76,97,26,258,32,4,36,294
05/23/2020,ABQ,NM,ASW,CE,Combined TRACON& Tower with Radar,43,37,29,2,111,0,19,37,3,59,43,56,66,5,170,12,0,12,182
05/24/2020,ABQ,NM,ASW,CE,Combined TRACON& Tower with Radar,51,23,26,0,100,0,13,38,1,52,51,36,64,1,152,20,0,20,172
05/25/2020,ABQ,NM,ASW,CE,Combined TRACON& Tower with Radar,52,20,12,2,86,0,8,19,1,28,52,28,31,3,114,0,0,0,114
05/26/2020,ABQ,NM,ASW,CE,Combined TRACON& Tower with Radar,55,49,23,21,148,0,23,46,72,141,55,72,69,93,289,32,70,102,391
05/27/2020,ABQ,NM,ASW,CE,Combined TRACON& Tower with Radar,62,47,38,10,157,7,31,58,54,150,69,78,96,64,307,64,8,72,379
05/28/2020,ABQ,NM,ASW,CE,Combined TRACON& Tower with Radar,64,51,33,10,158,0,39,33,60,132,64,90,66,70,290,4,68,72,362
05/29/2020,ABQ,NM,ASW,CE,Combined TRACON& Tower with Radar,62,44,31,7,144,0,35,37,14,86,62,79,68,21,230,0,12,12,242
05/30/2020,ABQ,NM,ASW,CE,Combined TRACON& Tower with Radar,50,30,21,0,101,0,20,62,4,86,50,50,83,4,187,100,0,100,287
05/31/2020,ABQ,NM,ASW,CE,Combined TRACON& Tower with Radar,53,32,26,2,113,0,6,42,0,48,53,38,68,2,161,74,0,74,235
06/01/2020,ABQ,NM,ASW,CE,Combined TRACON& Tower with Radar,57,35,22,6,120,14,19,39,28,100,71,54,61,34,220,80,8,88,308
06/02/2020,ABQ,NM,ASW,CE,Combined TRACON& Tower with Radar,58,39,32,4,133,0,26,59,40,125,58,65,91,44,258,54,8,62,320
06/03/2020,ABQ,NM,ASW,CE,Combined TRACON& Tower with Radar,57,40,44,7,148,0,38,40,54,132,57,78,84,61,280,60,24,84,364
06/04/2020,ABQ,NM,ASW,CE,Combined TRACON& Tower with Radar,62,45,45,17,169,0,38,57,60,155,62,83,102,77,324,96,20,116,440
06/05/2020,ABQ,NM,ASW,CE,Combined TRACON& Tower with Radar,58,40,41,8,147,0,34,71,15,120,58,74,112,23,267,54,4,58,325
06/06/2020,ABQ,NM,ASW,CE,Combined TRACON& Tower with Radar,45,38,18,0,101,0,29,10,2,41,45,67,28,2,142,0,0,0,142
06/07/2020,ABQ,NM,ASW,CE,Combined TRACON& Tower with Radar,66,29,22,5,122,0,31,47,0,78,66,60,69,5,200,18,0,18,218
06/08/2020,ABQ,NM,ASW,CE,Combined TRACON& Tower with Radar,69,46,24,5,144,0,24,35,26,85,69,70,59,31,229,19,13,32,261
06/09/2020,ABQ,NM,ASW,CE,Combined TRACON& Tower with Radar,74,45,20,5,144,0,31,32,62,125,74,76,52,67,269,24,10,34,303
06/10/2020,ABQ,NM,ASW,CE,Combined TRACON& Tower with Radar,70,37,29,8,144,0,32,68,50,150,70,69,97,58,294,34,0,34,328
06/11/2020,ABQ,NM,ASW,CE,Combined TRACON& Tower with Radar,80,47,48,15,190,0,27,42,44,113,80,74,90,59,303,80,40,120,423
06/12/2020,ABQ,NM,ASW,CE,Combined TRACON& Tower with Radar,78,43,37,5,163,0,24,43,27,94,78,67,80,32,257,104,0,104,361
06/13/2020,ABQ,NM,ASW,CE,Combined TRACON& Tower with Radar,62,38,21,3,124,0,22,41,0,63,62,60,62,3,187,50,0,50,237
06/14/2020,ABQ,NM,ASW,CE,Combined TRACON& Tower with Radar,67,24,22,0,113,0,25,47,0,72,67,49,69,0,185,32,0,32,217
06/15/2020,ABQ,NM,ASW,CE,Combined TRACON& Tower with Radar,67,48,28,3,146,0,33,64,44,141,67,81,92,47,287,22,22,44,331
06/16/2020,ABQ,NM,ASW,CE,Combined TRACON& Tower with Radar,73,44,49,1,167,0,36,53,45,134,73,80,102,46,301,36,32,68,369
06/17/2020,ABQ,NM,ASW,CE,Combined TRACON& Tower with Radar,71,37,33,6,147,0,38,52,62,152,71,75,85,68,299,16,28,44,343
06/18/2020,ABQ,NM,ASW,CE,Combined TRACON& Tower with Radar,79,43,33,8,163,0,49,45,57,151,79,92,78,65,314,42,36,78,392
06/19/2020,ABQ,NM,ASW,CE,Combined TRACON& Tower with Radar,76,40,35,9,160,0,42,46,33,121,76,82,81,42,281,32,32,64,345
06/20/2020,ABQ,NM,ASW,CE,Combined TRACON& Tower with Radar,57,33,29,0,119,0,16,45,7,68,57,49,74,7,187,22,0,22,209
06/21/2020,ABQ,NM,ASW,CE,Combined TRACON& Tower with Radar,64,25,32,1,122,0,21,62,4,87,64,46,94,5,209,74,0,74,283
06/22/2020,ABQ,NM,ASW,CE,Combined TRACON& Tower with Radar,69,39,23,6,137,0,21,48,1,70,69,60,71,7,207,26,0,26,233
06/23/2020,ABQ,NM,ASW,CE,Combined TRACON& Tower with Radar,75,30,30,25,160,0,33,53,42,128,75,63,83,67,288,30,24,54,342
06/24/2020,ABQ,NM,ASW,CE,Combined TRACON& Tower with Radar,70,50,25,14,159,0,28,59,56,143,70,78,84,70,302,54,20,74,376
06/25/2020,ABQ,NM,ASW,CE,Combined TRACON& Tower with Radar,78,44,39,22,183,0,27,49,54,130,78,71,88,76,313,38,40,78,391
06/26/2020,ABQ,NM,ASW,CE,Combined TRACON& Tower with Radar,78,40,32,9,159,0,31,66,51,148,78,71,98,60,307,38,24,62,369
06/27/2020,ABQ,NM,ASW,CE,Combined TRACON& Tower with Radar,63,34,25,2,124,0,19,54,4,77,63,53,79,6,201,56,0,56,257
06/28/2020,ABQ,NM,ASW,CE,Combined TRACON& Tower with Radar,68,22,23,2,115,0,35,53,5,93,68,57,76,7,208,88,0,88,296
06/29/2020,ABQ,NM,ASW,CE,Combined TRACON& Tower with Radar,71,54,43,13,181,0,28,93,52,173,71,82,136,65,354,104,16,120,474
06/30/2020,ABQ,NM,ASW,CE,Combined TRACON& Tower with Radar,78,37,22,8,145,1,31,52,44,128,79,68,74,52,273,40,34,74,347
07/01/2020,ABQ,NM,ASW,CE,Combined TRACON& Tower with Radar,74,40,41,11,166,0,33,53,55,141,74,73,94,66,307,44,38,82,389
07/02/2020,ABQ,NM,ASW,CE,Combined TRACON& Tower with Radar,78,44,21,7,150,0,27,65,44,136,78,71,86,51,286,38,46,84,370
07/03/2020,ABQ,NM,ASW,CE,Combined TRACON& Tower with Radar,79,47,13,0,139,0,26,76,5,107,79,73,89,5,246,54,0,54,300
07/04/2020,ABQ,NM,ASW,CE,Combined TRACON& Tower with Radar,56,31,17,0,104,0,16,40,2,58,56,47,57,2,162,16,0,16,178
07/05/2020,ABQ,NM,ASW,CE,Combined TRACON& Tower with Radar,66,33,25,0,124,0,8,47,0,55,66,41,72,0,179,24,0,24,203
07/06/2020,ABQ,NM,ASW,CE,Combined TRACON& Tower with Radar,80,34,16,2,132,0,22,53,2,77,80,56,69,4,209,50,0,50,259
07/07/2020,ABQ,NM,ASW,CE,Combined TRACON& Tower with Radar,84,60,25,1,170,0,39,35,52,126,84,99,60,53,296,86,26,112,408
07/08/2020,ABQ,NM,ASW,CE,Combined TRACON& Tower with Radar,81,47,31,4,163,0,51,66,40,157,81,98,97,44,320,26,26,52,372
07/09/2020,ABQ,NM,ASW,CE,Combined TRACON& Tower with Radar,91,50,30,5,176,0,34,78,45,157,91,84,108,50,333,104,16,120,453
07/10/2020,ABQ,NM,ASW,CE,Combined TRACON& Tower with Radar,89,46,23,9,167,0,26,45,17,88,89,72,68,26,255,32,4,36,291
07/11/2020,ABQ,NM,ASW,CE,Combined TRACON& Tower with Radar,73,48,19,4,144,0,28,48,2,78,73,76,67,6,222,62,0,62,284
07/12/2020,ABQ,NM,ASW,CE,Combined TRACON& Tower with Radar,75,39,26,0,140,0,12,42,2,56,75,51,68,2,196,52,0,52,248
07/13/2020,ABQ,NM,ASW,CE,Combined TRACON& Tower with Radar,79,45,21,5,150,0,17,30,28,75,79,62,51,33,225,2,0,2,227
07/14/2020,ABQ,NM,ASW,CE,Combined TRACON& Tower with Radar,80,45,20,11,156,0,23,43,38,104,80,68,63,49,260,66,30,96,356
07/15/2020,ABQ,NM,ASW,CE,Combined TRACON& Tower with Radar,82,44,31,7,164,0,35,35,32,102,82,79,66,39,266,16,30,46,312
07/16/2020,ABQ,NM,ASW,CE,Combined TRACON& Tower with Radar,88,42,29,4,163,0,30,51,33,114,88,72,80,37,277,22,6,28,305
07/17/2020,ABQ,NM,ASW,CE,Combined TRACON& Tower with Radar,88,44,28,1,161,0,44,48,21,113,88,88,76,22,274,56,0,56,330
07/18/2020,ABQ,NM,ASW,CE,Combined TRACON& Tower with Radar,73,51,31,8,163,0,11,49,2,62,73,62,80,10,225,70,0,70,295
07/19/2020,ABQ,NM,ASW,CE,Combined TRACON& Tower with Radar,74,50,34,2,160,0,12,55,1,68,74,62,89,3,228,54,0,54,282
07/20/2020,ABQ,NM,ASW,CE,Combined TRACON& Tower with Radar,86,45,14,11,156,0,31,34,28,93,86,76,48,39,249,36,6,42,291
07/21/2020,ABQ,NM,ASW,CE,Combined TRACON& Tower with Radar,83,58,15,5,161,0,28,50,40,118,83,86,65,45,279,42,12,54,333
07/22/2020,ABQ,NM,ASW,CE,Combined TRACON& Tower with Radar,84,54,22,6,166,0,23,42,36,101,84,77,64,42,267,54,2,56,323
07/23/2020,ABQ,NM,ASW,CE,Combined TRACON& Tower with Radar,89,50,25,34,198,0,28,40,29,97,89,78,65,63,295,84,12,96,391
07/24/2020,ABQ,NM,ASW,CE,Combined TRACON& Tower with Radar,92,62,28,4,186,0,26,40,9,75,92,88,68,13,261,0,0,0,261
07/25/2020,ABQ,NM,ASW,CE,Combined TRACON& Tower with Radar,77,48,39,3,167,0,9,42,1,52,77,57,81,4,219,0,0,0,219
07/26/2020,ABQ,NM,ASW,CE,Combined TRACON& Tower with Radar,75,28,25,1,129,0,7,35,1,43,75,35,60,2,172,0,0,0,172
07/27/2020,ABQ,NM,ASW,CE,Combined TRACON& Tower with Radar,79,46,39,6,170,0,21,29,35,85,79,67,68,41,255,44,8,52,307
07/28/2020,ABQ,NM,ASW,CE,Combined TRACON& Tower with Radar,79,46,34,30,189,0,24,38,39,101,79,70,72,69,290,30,10,40,330
07/29/2020,ABQ,NM,ASW,CE,Combined TRACON& Tower with Radar,86,50,35,13,184,0,38,76,53,167,86,88,111,66,351,44,70,114,465
07/30/2020,ABQ,NM,ASW,CE,Combined TRACON& Tower with Radar,85,59,35,9,188,0,31,78,52,161,85,90,113,61,349,46,20,66,415
07/31/2020,ABQ,NM,ASW,CE,Combined TRACON& Tower with Radar,85,58,25,15,183,0,41,51,14,106,85,99,76,29,289,20,28,48,337
08/01/2020,ABQ,NM,ASW,CE,Combined TRACON& Tower with Radar,75,47,41,3,166,0,24,64,13,101,75,71,105,16,267,12,4,16,283
08/02/2020,ABQ,NM,ASW,CE,Combined TRACON& Tower with Radar,74,32,20,5,131,0,14,38,2,54,74,46,58,7,185,24,0,24,209
08/03/2020,ABQ,NM,ASW,CE,Combined TRACON& Tower with Radar,87,46,35,7,175,0,22,44,43,109,87,68,79,50,284,20,12,32,316
08/04/2020,ABQ,NM,ASW,CE,Combined TRACON& Tower with Radar,84,57,25,7,173,0,40,48,46,134,84,97,73,53,307,64,5,69,376
08/05/2020,ABQ,NM,ASW,CE,Combined TRACON& Tower with Radar,87,47,42,6,182,0,33,56,51,140,87,80,98,57,322,62,4,66,388
08/06/2020,ABQ,NM,ASW,CE,Combined TRACON& Tower with Radar,88,54,31,12,185,0,46,38,41,125,88,100,69,53,310,48,0,48,358
08/07/2020,ABQ,NM,ASW,CE,Combined TRACON& Tower with Radar,94,49,32,6,181,0,39,48,16,103,94,88,80,22,284,26,2,28,312
08/08/2020,ABQ,NM,ASW,CE,Combined TRACON& Tower with Radar,82,32,15,5,134,0,17,61,7,85,82,49,76,12,219,38,2,40,259
08/09/2020,ABQ,NM,ASW,CE,Combined TRACON& Tower with Radar,76,22,27,3,128,0,8,40,3,51,76,30,67,6,179,62,4,66,245
08/10/2020,ABQ,NM,ASW,CE,Combined TRACON& Tower with Radar,85,49,31,4,169,0,33,44,42,119,85,82,75,46,288,44,10,54,342
08/11/2020,ABQ,NM,ASW,CE,Combined TRACON& Tower with Radar,97,42,34,16,189,0,27,35,57,119,97,69,69,73,308,96,10,106,414
08/12/2020,ABQ,NM,ASW,CE,Combined TRACON& Tower with Radar,98,52,30,8,188,0,31,53,58,142,98,83,83,66,330,54,16,70,400
08/13/2020,ABQ,NM,ASW,CE,Combined TRACON& Tower with Radar,100,42,20,6,168,0,35,46,61,142,100,77,66,67,310,72,2,74,384
08/14/2020,ABQ,NM,ASW,CE,Combined TRACON& Tower with Radar,100,48,31,5,184,0,28,61,13,102,100,76,92,18,286,22,0,22,308
08/15/2020,ABQ,NM,ASW,CE,Combined TRACON& Tower with Radar,92,28,19,2,141,0,11,45,4,60,92,39,64,6,201,106,0,106,307
08/16/2020,ABQ,NM,ASW,CE,Combined TRACON& Tower with Radar,82,21,22,2,127,0,4,34,2,40,82,25,56,4,167,60,0,60,227
08/17/2020,ABQ,NM,ASW,CE,Combined TRACON& Tower with Radar,96,55,26,11,188,0,42,34,33,109,96,97,60,44,297,44,14,58,355
08/18/2020,ABQ,NM,ASW,CE,Combined TRACON& Tower with Radar,95,46,22,12,175,0,36,53,49,138,95,82,75,61,313,76,38,114,427
08/19/2020,ABQ,NM,ASW,CE,Combined TRACON& Tower with Radar,96,40,24,15,175,0,47,65,59,171,96,87,89,74,346,24,60,84,430
08/20/2020,ABQ,NM,ASW,CE,Combined TRACON& Tower with Radar,105,42,34,18,199,0,41,53,53,147,105,83,87,71,346,62,32,94,440
08/21/2020,ABQ,NM,ASW,CE,Combined TRACON& Tower with Radar,100,42,18,14,174,0,35,56,28,119,100,77,74,42,293,56,32,88,381
08/22/2020,ABQ,NM,ASW,CE,Combined TRACON& Tower with Radar,93,28,24,18,163,0,17,63,14,94,93,45,87,32,257,68,2,70,327
08/23/2020,ABQ,NM,ASW,CE,Combined TRACON& Tower with Radar,82,33,26,6,147,0,13,59,5,77,82,46,85,11,224,44,0,44,268
08/24/2020,ABQ,NM,ASW,CE,Combined TRACON& Tower with Radar,96,50,23,15,184,0,22,60,50,132,96,72,83,65,316,40,2,42,358
08/25/2020,ABQ,NM,ASW,CE,Combined TRACON& Tower with Radar,95,48,31,28,202,0,39,57,68,164,95,87,88,96,366,68,40,108,474
08/26/2020,ABQ,NM,ASW,CE,Combined TRACON& Tower with Radar,92,46,49,37,224,0,28,66,44,138,92,74,115,81,362,58,44,102,464
08/27/2020,ABQ,NM,ASW,CE,Combined TRACON& Tower with Radar,101,55,46,5,207,0,51,63,46,160,101,106,109,51,367,38,30,68,435
08/28/2020,ABQ,NM,ASW,CE,Combined TRACON& Tower with Radar,104,53,23,19,199,0,42,64,30,136,104,95,87,49,335,50,16,66,401
08/29/2020,ABQ,NM,ASW,CE,Combined TRACON& Tower with Radar,88,32,25,5,150,0,27,53,1,81,88,59,78,6,231,14,0,14,245
08/30/2020,ABQ,NM,ASW,CE,Combined TRACON& Tower with Radar,80,38,26,12,156,0,11,55,1,67,80,49,81,13,223,50,8,58,281
08/31/2020,ABQ,NM,ASW,CE,Combined TRACON& Tower with Radar,91,43,22,7,163,0,22,41,32,95,91,65,63,39,258,48,4,52,310
09/01/2020,ABQ,NM,ASW,CE,Combined TRACON& Tower with Radar,97,52,33,6,188,0,34,30,50,114,97,86,63,56,302,24,33,57,359
09/02/2020,ABQ,NM,ASW,CE,Combined TRACON& Tower with Radar,92,39,31,1,163,0,24,61,53,138,92,63,92,54,301,48,48,96,397
09/03/2020,ABQ,NM,ASW,CE,Combined TRACON& Tower with Radar,102,50,36,22,210,0,27,57,54,138,102,77,93,76,348,80,14,94,442
09/04/2020,ABQ,NM,ASW,CE,Combined TRACON& Tower with Radar,96,58,28,5,187,0,24,49,8,81,96,82,77,13,268,54,2,56,324
09/05/2020,ABQ,NM,ASW,CE,Combined TRACON& Tower with Radar,79,42,46,0,167,0,27,57,0,84,79,69,103,0,251,38,0,38,289
09/06/2020,ABQ,NM,ASW,CE,Combined TRACON& Tower with Radar,69,27,23,0,119,0,7,59,1,67,69,34,82,1,186,52,0,52,238
09/07/2020,ABQ,NM,ASW,CE,Combined TRACON& Tower with Radar,64,48,49,1,162,0,9,64,6,79,64,57,113,7,241,26,0,26,267
09/08/2020,ABQ,NM,ASW,CE,Combined TRACON& Tower with Radar,60,46,36,7,149,0,21,30,18,69,60,67,66,25,218,34,10,44,262
09/09/2020,ABQ,NM,ASW,CE,Combined TRACON& Tower with Radar,74,74,35,6,189,0,11,2,19,32,74,85,37,25,221,0,0,0,221
09/10/2020,ABQ,NM,ASW,CE,Combined TRACON& Tower with Radar,84,92,37,28,241,0,14,17,67,98,84,106,54,95,339,2,30,32,371
09/11/2020,ABQ,NM,ASW,CE,Combined TRACON& Tower with Radar,77,72,49,6,204,0,17,64,27,108,77,89,113,33,312,78,2,80,392
09/12/2020,ABQ,NM,ASW,CE,Combined TRACON& Tower with Radar,69,40,38,4,151,0,17,73,11,101,69,57,111,15,252,100,2,102,354
09/13/2020,ABQ,NM,ASW,CE,Combined TRACON& Tower with Radar,69,28,21,3,121,0,9,56,5,70,69,37,77,8,191,66,2,68,259
09/14/2020,ABQ,NM,ASW,CE,Combined TRACON& Tower with Radar,67,52,35,22,176,9,21,57,27,114,76,73,92,49,290,46,4,50,340
09/15/2020,ABQ,NM,ASW,CE,Combined TRACON& Tower with Radar,74,46,37,18,175,0,45,55,36,136,74,91,92,54,311,62,10,72,383
09/16/2020,ABQ,NM,ASW,CE,Combined TRACON& Tower with Radar,78,41,41,11,171,0,36,67,40,143,78,77,108,51,314,66,24,90,404
09/17/2020,ABQ,NM,ASW,CE,Combined TRACON& Tower with Radar,82,40,25,4,151,0,24,57,33,114,82,64,82,37,265,78,24,102,367
09/18/2020,ABQ,NM,ASW,CE,Combined TRACON& Tower with Radar,76,44,33,29,182,0,24,76,14,114,76,68,109,43,296,34,6,40,336
09/19/2020,ABQ,NM,ASW,CE,Combined TRACON& Tower with Radar,66,43,20,12,141,0,20,65,32,117,66,63,85,44,258,72,22,94,352
09/20/2020,ABQ,NM,ASW,CE,Combined TRACON& Tower with Radar,69,44,38,9,160,0,10,59,1,70,69,54,97,10,230,76,0,76,306
09/21/2020,ABQ,NM,ASW,CE,Combined TRACON& Tower with Radar,69,55,33,16,173,0,18,50,38,106,69,73,83,54,279,38,4,42,321
09/22/2020,ABQ,NM,ASW,CE,Combined TRACON& Tower with Radar,74,44,36,13,167,0,34,67,44,145,74,78,103,57,312,96,14,110,422
09/23/2020,ABQ,NM,ASW,CE,Combined TRACON& Tower with Radar,78,58,29,10,175,0,38,64,48,150,78,96,93,58,325,80,8,88,413
09/24/2020,ABQ,NM,ASW,CE,Combined TRACON& Tower with Radar,83,57,25,6,171,0,29,80,43,152,83,86,105,49,323,76,0,76,399
09/25/2020,ABQ,NM,ASW,CE,Combined TRACON& Tower with Radar,77,54,40,17,188,0,44,94,25,163,77,98,134,42,351,76,8,84,435
09/26/2020,ABQ,NM,ASW,CE,Combined TRACON& Tower with Radar,66,56,23,1,146,0,18,77,4,99,66,74,100,5,245,44,0,44,289
09/27/2020,ABQ,NM,ASW,CE,Combined TRACON& Tower with Radar,69,40,28,9,146,0,12,42,4,58,69,52,70,13,204,28,0,28,232
09/28/2020,ABQ,NM,ASW,CE,Combined TRACON& Tower with Radar,71,53,30,4,158,0,31,30,34,95,71,84,60,38,253,26,12,38,291
09/29/2020,ABQ,NM,ASW,CE,Combined TRACON& Tower with Radar,76,47,34,16,173,0,37,75,45,157,76,84,109,61,330,88,18,106,436
09/30/2020,ABQ,NM,ASW,CE,Combined TRACON& Tower with Radar,75,52,30,11,168,0,31,89,27,147,75,83,119,38,315,88,18,106,421
10/01/2020,ABQ,NM,ASW,CE,Combined TRACON& Tower with Radar,81,50,27,3,161,0,29,57,44,130,81,79,84,47,291,48,2,50,341
10/02/2020,ABQ,NM,ASW,CE,Combined TRACON& Tower with Radar,74,58,42,6,180,0,44,94,37,175,74,102,136,43,355,72,28,100,455
10/03/2020,ABQ,NM,ASW,CE,Combined TRACON& Tower with Radar,67,40,32,1,140,0,19,100,13,132,67,59,132,14,272,94,2,96,368
10/04/2020,ABQ,NM,ASW,CE,Combined TRACON& Tower with Radar,72,37,36,2,147,0,12,84,2,98,72,49,120,4,245,76,0,76,321
10/05/2020,ABQ,NM,ASW,CE,Combined TRACON& Tower with Radar,67,55,35,2,159,0,26,73,39,138,67,81,108,41,297,70,14,84,381
10/06/2020,ABQ,NM,ASW,CE,Combined TRACON& Tower with Radar,78,61,22,12,173,0,34,71,74,179,78,95,93,86,352,32,52,84,436
10/07/2020,ABQ,NM,ASW,CE,Combined TRACON& Tower with Radar,82,62,24,14,182,0,38,74,69,181,82,100,98,83,363,54,36,90,453
10/08/2020,ABQ,NM,ASW,CE,Combined TRACON& Tower with Radar,92,81,34,2,209,0,26,55,64,145,92,107,89,66,354,34,36,70,424
10/09/2020,ABQ,NM,ASW,CE,Combined TRACON& Tower with Radar,86,62,31,11,190,0,45,59,25,129,86,107,90,36,319,56,12,68,387
10/10/2020,ABQ,NM,ASW,CE,Combined TRACON& Tower with Radar,70,45,20,6,141,0,21,71,2,94,70,66,91,8,235,72,6,78,313
10/11/2020,ABQ,NM,ASW,CE,Combined TRACON& Tower with Radar,86,54,21,5,166,0,9,49,4,62,86,63,70,9,228,80,0,80,308
10/12/2020,ABQ,NM,ASW,CE,Combined TRACON& Tower with Radar,79,56,30,8,173,0,18,69,7,94,79,74,99,15,267,36,6,42,309
10/13/2020,ABQ,NM,ASW,CE,Combined TRACON& Tower with Radar,84,61,30,7,182,0,31,64,56,151,84,92,94,63,333,20,40,60,393
10/14/2020,ABQ,NM,ASW,CE,Combined TRACON& Tower with Radar,82,55,40,14,191,0,28,63,44,135,82,83,103,58,326,14,22,36,362
10/15/2020,ABQ,NM,ASW,CE,Combined TRACON& Tower with Radar,92,78,32,18,220,0,29,44,60,133,92,107,76,78,353,0,0,0,353
10/16/2020,ABQ,NM,ASW,CE,Combined TRACON& Tower with Radar,84,67,37,44,232,0,34,58,32,124,84,101,95,76,356,58,40,98,454
10/17/2020,ABQ,NM,ASW,CE,Combined TRACON& Tower with Radar,75,44,24,9,152,0,35,59,8,102,75,79,83,17,254,10,6,16,270
10/18/2020,ABQ,NM,ASW,CE,Combined TRACON& Tower with Radar,86,56,33,3,178,0,16,72,6,94,86,72,105,9,272,42,4,46,318
10/19/2020,ABQ,NM,ASW,CE,Combined TRACON& Tower with Radar,77,54,32,9,172,0,26,62,49,137,77,80,94,58,309,18,8,26,335
10/20/2020,ABQ,NM,ASW,CE,Combined TRACON& Tower with Radar,84,69,61,15,229,0,52,57,64,173,84,121,118,79,402,76,30,106,508
10/21/2020,ABQ,NM,ASW,CE,Combined TRACON& Tower with Radar,80,65,34,23,202,0,35,69,39,143,80,100,103,62,345,14,8,22,367
10/22/2020,ABQ,NM,ASW,CE,Combined TRACON& Tower with Radar,93,77,38,14,222,0,41,64,48,153,93,118,102,62,375,4,4,8,383
10/23/2020,ABQ,NM,ASW,CE,Combined TRACON& Tower with Radar,89,56,48,19,212,0,37,74,26,137,89,93,122,45,349,34,2,36,385
10/24/2020,ABQ,NM,ASW,CE,Combined TRACON& Tower with Radar,75,43,25,14,157,0,12,64,10,86,75,55,89,24,243,108,12,120,363
10/25/2020,ABQ,NM,ASW,CE,Combined TRACON& Tower with Radar,80,59,41,15,195,0,13,30,1,44,80,72,71,16,239,50,2,52,291
10/26/2020,ABQ,NM,ASW,CE,Combined TRACON& Tower with Radar,74,38,14,3,129,0,1,0,0,1,74,39,14,3,130,0,0,0,130
10/27/2020,ABQ,NM,ASW,CE,Combined TRACON& Tower with Radar,83,58,8,5,154,0,10,4,0,14,83,68,12,5,168,0,0,0,168
10/28/2020,ABQ,NM,ASW,CE,Combined TRACON& Tower with Radar,77,71,39,10,197,0,25,52,27,104,77,96,91,37,301,56,34,90,391
10/29/2020,ABQ,NM,ASW,CE,Combined TRACON& Tower with Radar,89,65,43,25,222,0,39,65,75,179,89,104,108,100,401,54,64,118,519
10/30/2020,ABQ,NM,ASW,CE,Combined TRACON& Tower with Radar,84,50,19,16,169,0,33,79,30,142,84,83,98,46,311,78,10,88,399
10/31/2020,ABQ,NM,ASW,CE,Combined TRACON& Tower with Radar,61,43,30,2,136,0,17,62,2,81,61,60,92,4,217,44,0,44,261
11/01/2020,ABQ,NM,ASW,CE,Combined TRACON& Tower with Radar,77,34,27,36,174,0,12,59,12,83,77,46,86,48,257,30,26,56,313
11/02/2020,ABQ,NM,ASW,CE,Combined TRACON& Tower with Radar,75,50,14,9,148,0,23,52,49,124,75,73,66,58,272,34,0,34,306
11/03/2020,ABQ,NM,ASW,CE,Combined TRACON& Tower with Radar,74,43,15,6,138,0,34,56,60,150,74,77,71,66,288,30,0,30,318
11/04/2020,ABQ,NM,ASW,CE,Combined TRACON& Tower with Radar,66,55,28,16,165,0,48,70,52,170,66,103,98,68,335,40,56,96,431
11/05/2020,ABQ,NM,ASW,CE,Combined TRACON& Tower with Radar,80,51,22,15,168,0,32,101,54,187,80,83,123,69,355,62,36,98,453
11/06/2020,ABQ,NM,ASW,CE,Combined TRACON& Tower with Radar,76,54,16,19,165,0,38,60,25,123,76,92,76,44,288,8,22,30,318
11/07/2020,ABQ,NM,ASW,CE,Combined TRACON& Tower with Radar,57,50,13,2,122,0,10,36,11,57,57,60,49,13,179,20,8,28,207
11/08/2020,ABQ,NM,ASW,CE,Combined TRACON& Tower with Radar,76,49,16,34,175,0,10,19,7,36,76,59,35,41,211,18,52,70,281
11/09/2020,ABQ,NM,ASW,CE,Combined TRACON& Tower with Radar,67,59,21,14,161,0,13,7,41,61,67,72,28,55,222,14,20,34,256
11/10/2020,ABQ,NM,ASW,CE,Combined TRACON& Tower with Radar,67,61,24,14,166,0,33,77,59,169,67,94,101,73,335,2,48,50,385
11/11/2020,ABQ,NM,ASW,CE,Combined TRACON& Tower with Radar,69,60,32,2,163,0,26,68,7,101,69,86,100,9,264,88,0,88,352
11/12/2020,ABQ,NM,ASW,CE,Combined TRACON& Tower with Radar,82,58,45,11,196,0,28,79,44,151,82,86,124,55,347,50,10,60,407
11/13/2020,ABQ,NM,ASW,CE,Combined TRACON& Tower with Radar,74,52,35,61,222,0,39,82,40,161,74,91,117,101,383,0,0,0,383
11/14/2020,ABQ,NM,ASW,CE,Combined TRACON& Tower with Radar,59,53,22,7,141,0,16,15,4,35,59,69,37,11,176,18,20,38,214
11/15/2020,ABQ,NM,ASW,CE,Combined TRACON& Tower with Radar,78,38,22,50,188,0,20,47,17,84,78,58,69,67,272,98,24,122,394
11/16/2020,ABQ,NM,ASW,CE,Combined TRACON& Tower with Radar,68,39,20,16,143,0,33,59,29,121,68,72,79,45,264,16,10,26,290
11/17/2020,ABQ,NM,ASW,CE,Combined TRACON& Tower with Radar,72,58,32,12,174,0,59,60,43,162,72,117,92,55,336,38,58,96,432
11/18/2020,ABQ,NM,ASW,CE,Combined TRACON& Tower with Radar,73,64,36,14,187,0,45,70,40,155,73,109,106,54,342,112,22,134,476
11/19/2020,ABQ,NM,ASW,CE,Combined TRACON& Tower with Radar,84,57,20,8,169,0,33,60,70,163,84,90,80,78,332,22,28,50,382
11/20/2020,ABQ,NM,ASW,CE,Combined TRACON& Tower with Radar,84,70,35,24,213,0,39,75,29,143,84,109,110,53,356,82,8,90,446
11/21/2020,ABQ,NM,ASW,CE,Combined TRACON& Tower with Radar,81,51,38,3,173,0,24,63,8,95,81,75,101,11,268,66,6,72,340
11/22/2020,ABQ,NM,ASW,CE,Combined TRACON& Tower with Radar,73,55,32,2,162,0,9,25,6,40,73,64,57,8,202,0,0,0,202
11/23/2020,ABQ,NM,ASW,CE,Combined TRACON& Tower with Radar,84,47,33,21,185,0,17,28,39,84,84,64,61,60,269,56,0,56,325
11/24/2020,ABQ,NM,ASW,CE,Combined TRACON& Tower with Radar,98,60,24,9,191,0,44,15,50,109,98,104,39,59,300,4,26,30,330
11/25/2020,ABQ,NM,ASW,CE,Combined TRACON& Tower with Radar,100,63,29,16,208,0,41,67,23,131,100,104,96,39,339,50,16,66,405
11/26/2020,ABQ,NM,ASW,CE,Combined TRACON& Tower with Radar,39,24,17,0,80,0,16,41,2,59,39,40,58,2,139,34,0,34,173
11/27/2020,ABQ,NM,ASW,CE,Combined TRACON& Tower with Radar,69,54,9,0,132,0,22,2,0,24,69,76,11,0,156,0,0,0,156
11/28/2020,ABQ,NM,ASW,CE,Combined TRACON& Tower with Radar,81,55,27,0,163,0,24,46,1,71,81,79,73,1,234,62,0,62,296
11/29/2020,ABQ,NM,ASW,CE,Combined TRACON& Tower with Radar,92,42,41,0,175,0,12,65,1,78,92,54,106,1,253,86,0,86,339
11/30/2020,ABQ,NM,ASW,CE,Combined TRACON& Tower with Radar,87,61,39,1,188,0,24,62,22,108,87,85,101,23,296,22,0,22,318
12/01/2020,ABQ,NM,ASW,CE,Combined TRACON& Tower with Radar,89,46,28,11,174,0,34,36,56,126,89,80,64,67,300,16,46,62,362
12/02/2020,ABQ,NM,ASW,CE,Combined TRACON& Tower with Radar,74,62,55,8,199,0,28,22,37,87,74,90,77,45,286,58,2,60,346
12/03/2020,ABQ,NM,ASW,CE,Combined TRACON& Tower with Radar,79,55,39,11,184,0,41,72,47,160,79,96,111,58,344,46,16,62,406
12/04/2020,ABQ,NM,ASW,CE,Combined TRACON& Tower with Radar,68,47,26,15,156,0,35,42,21,98,68,82,68,36,254,82,26,108,362
12/05/2020,ABQ,NM,ASW,CE,Combined TRACON& Tower with Radar,61,36,23,9,129,0,40,62,11,113,61,76,85,20,242,82,4,86,328
12/06/2020,ABQ,NM,ASW,CE,Combined TRACON& Tower with Radar,69,24,19,8,120,0,19,41,3,63,69,43,60,11,183,16,6,22,205
12/07/2020,ABQ,NM,ASW,CE,Combined TRACON& Tower with Radar,65,39,23,12,139,0,35,47,52,134,65,74,70,64,273,60,38,98,371
12/08/2020,ABQ,NM,ASW,CE,Combined TRACON& Tower with Radar,76,42,34,3,155,0,42,70,73,185,76,84,104,76,340,106,72,178,518
12/09/2020,ABQ,NM,ASW,CE,Combined TRACON& Tower with Radar,74,46,37,9,166,0,36,79,70,185,74,82,116,79,351,68,64,132,483
12/10/2020,ABQ,NM,ASW,CE,Combined TRACON& Tower with Radar,86,60,21,4,171,0,20,9,14,43,86,80,30,18,214,10,0,10,224
12/11/2020,ABQ,NM,ASW,CE,Combined TRACON& Tower with Radar,68,71,27,8,174,0,37,23,47,107,68,108,50,55,281,0,0,0,281
12/12/2020,ABQ,NM,ASW,CE,Combined TRACON& Tower with Radar,63,49,27,2,141,0,18,68,7,93,63,67,95,9,234,120,0,120,354
12/13/2020,ABQ,NM,ASW,CE,Combined TRACON& Tower with Radar,70,42,25,2,139,0,14,40,4,58,70,56,65,6,197,32,2,34,231
12/14/2020,ABQ,NM,ASW,CE,Combined TRACON& Tower with Radar,65,63,45,10,183,0,31,64,42,137,65,94,109,52,320,124,10,134,454
12/15/2020,ABQ,NM,ASW,CE,Combined TRACON& Tower with Radar,78,70,42,3,193,0,39,41,49,129,78,109,83,52,322,72,18,90,412
12/16/2020,ABQ,NM,ASW,CE,Combined TRACON& Tower with Radar,76,68,44,15,203,0,49,86,45,180,76,117,130,60,383,64,18,82,465
12/17/2020,ABQ,NM,ASW,CE,Combined TRACON& Tower with Radar,90,60,38,21,209,0,46,63,55,164,90,106,101,76,373,96,60,156,529
12/18/2020,ABQ,NM,ASW,CE,Combined TRACON& Tower with Radar,92,59,35,13,199,0,38,66,31,135,92,97,101,44,334,80,14,94,428
12/19/2020,ABQ,NM,ASW,CE,Combined TRACON& Tower with Radar,96,44,41,1,182,0,39,68,2,109,96,83,109,3,291,76,0,76,367
12/20/2020,ABQ,NM,ASW,CE,Combined TRACON& Tower with Radar,82,52,22,0,156,0,21,61,0,82,82,73,83,0,238,44,0,44,282
12/21/2020,ABQ,NM,ASW,CE,Combined TRACON& Tower with Radar,42,60,40,26,168,0,24,72,55,151,42,84,112,81,319,0,0,0,319
12/22/2020,ABQ,NM,ASW,CE,Combined TRACON& Tower with Radar,99,56,20,5,180,0,37,75,46,158,99,93,95,51,338,78,22,100,438
12/23/2020,ABQ,NM,ASW,CE,Combined TRACON& Tower with Radar,105,64,25,1,195,0,41,16,8,65,105,105,41,9,260,2,2,4,264
12/24/2020,ABQ,NM,ASW,CE,Combined TRACON& Tower with Radar,74,54,17,0,145,0,43,19,1,63,74,97,36,1,208,14,0,14,222
12/25/2020,ABQ,NM,ASW,CE,Combined TRACON& Tower with Radar,40,36,22,0,98,0,9,36,0,45,40,45,58,0,143,0,0,0,143
12/26/2020,ABQ,NM,ASW,CE,Combined TRACON& Tower with Radar,83,44,27,0,154,0,26,38,8,72,83,70,65,8,226,66,0,66,292
12/27/2020,ABQ,NM,ASW,CE,Combined TRACON& Tower with Radar,88,47,40,0,175,0,20,42,0,62,88,67,82,0,237,28,0,28,265
12/28/2020,ABQ,NM,ASW,CE,Combined TRACON& Tower with Radar,74,66,35,2,177,0,29,41,3,73,74,95,76,5,250,24,0,24,274
12/29/2020,ABQ,NM,ASW,CE,Combined TRACON& Tower with Radar,90,92,34,16,232,0,30,33,24,87,90,122,67,40,319,54,12,66,385
12/30/2020,ABQ,NM,ASW,CE,Combined TRACON& Tower with Radar,89,65,36,7,197,0,45,66,12,123,89,110,102,19,320,66,8,74,394
12/31/2020,ABQ,NM,ASW,CE,Combined TRACON& Tower with Radar,62,58,23,0,143,0,61,39,2,102,62,119,62,2,245,48,0,48,293
01/01/2021,ABQ,NM,ASW,CE,Combined TRACON& Tower with Radar,48,46,24,0,118,0,16,59,0,75,48,62,83,0,193,24,0,24,217
01/02/2021,ABQ,NM,ASW,CE,Combined TRACON& Tower with Radar,86,35,25,1,147,0,20,33,2,55,86,55,58,3,202,66,0,66,268
01/03/2021,ABQ,NM,ASW,CE,Combined TRACON& Tower with Radar,93,44,34,5,176,0,28,47,1,76,93,72,81,6,252,32,0,32,284
01/04/2021,ABQ,NM,ASW,CE,Combined TRACON& Tower with Radar,76,64,32,0,172,0,43,43,1,87,76,107,75,1,259,42,0,42,301
01/05/2021,ABQ,NM,ASW,CE,Combined TRACON& Tower with Radar,78,64,35,6,183,0,45,47,3,95,78,109,82,9,278,36,0,36,314
01/06/2021,ABQ,NM,ASW,CE,Combined TRACON& Tower with Radar,82,61,40,3,186,0,29,46,46,121,82,90,86,49,307,22,6,28,335
01/07/2021,ABQ,NM,ASW,CE,Combined TRACON& Tower with Radar,78,49,24,10,161,0,47,50,34,131,78,96,74,44,292,94,24,118,410
01/08/2021,ABQ,NM,ASW,CE,Combined TRACON& Tower with Radar,73,49,33,17,172,0,48,85,44,177,73,97,118,61,349,38,20,58,407
01/09/2021,ABQ,NM,ASW,CE,Combined TRACON& Tower with Radar,56,49,28,12,145,0,16,42,7,65,56,65,70,19,210,40,8,48,258
01/10/2021,ABQ,NM,ASW,CE,Combined TRACON& Tower with Radar,63,43,31,2,139,0,21,37,1,59,63,64,68,3,198,120,0,120,318
01/11/2021,ABQ,NM,ASW,CE,Combined TRACON& Tower with Radar,66,54,46,8,174,0,40,47,45,132,66,94,93,53,306,28,16,44,350
01/12/2021,ABQ,NM,ASW,CE,Combined TRACON& Tower with Radar,70,64,40,12,186,0,40,81,54,175,70,104,121,66,361,110,26,136,497
01/13/2021,ABQ,NM,ASW,CE,Combined TRACON& Tower with Radar,70,40,34,7,151,0,37,87,55,179,70,77,121,62,330,68,14,82,412
01/14/2021,ABQ,NM,ASW,CE,Combined TRACON& Tower with Radar,78,59,32,4,173,0,38,28,48,114,78,97,60,52,287,4,16,20,307
01/15/2021,ABQ,NM,ASW,CE,Combined TRACON& Tower with Radar,73,50,30,8,161,0,28,50,22,100,73,78,80,30,261,10,18,28,289
01/16/2021,ABQ,NM,ASW,CE,Combined TRACON& Tower with Radar,58,44,24,5,131,0,30,59,1,90,58,74,83,6,221,70,2,72,293
01/17/2021,ABQ,NM,ASW,CE,Combined TRACON& Tower with Radar,66,36,26,2,130,0,17,67,1,85,66,53,93,3,215,118,0,118,333
01/18/2021,ABQ,NM,ASW,CE,Combined TRACON& Tower with Radar,65,53,43,6,167,0,36,58,1,95,65,89,101,7,262,38,0,38,300
01/19/2021,ABQ,NM,ASW,CE,Combined TRACON& Tower with Radar,68,55,20,12,155,0,21,2,25,48,68,76,22,37,203,6,18,24,227
01/20/2021,ABQ,NM,ASW,CE,Combined TRACON& Tower with Radar,70,64,28,21,183,0,42,17,34,93,70,106,45,55,276,28,20,48,324
01/21/2021,ABQ,NM,ASW,CE,Combined TRACON& Tower with Radar,78,66,31,30,205,0,54,47,62,163,78,120,78,92,368,98,56,154,522
01/22/2021,ABQ,NM,ASW,CE,Combined TRACON& Tower with Radar,73,66,34,34,207,0,51,82,36,169,73,117,116,70,376,70,22,92,468
01/23/2021,ABQ,NM,ASW,CE,Combined TRACON& Tower with Radar,56,43,14,16,129,0,18,65,10,93,56,61,79,26,222,40,8,48,270
01/24/2021,ABQ,NM,ASW,CE,Combined TRACON& Tower with Radar,72,31,31,6,140,0,14,28,13,55,72,45,59,19,195,52,24,76,271
01/25/2021,ABQ,NM,ASW,CE,Combined TRACON& Tower with Radar,68,44,24,9,145,0,27,25,43,95,68,71,49,52,240,30,24,54,294
01/26/2021,ABQ,NM,ASW,CE,Combined TRACON& Tower with Radar,72,42,16,17,147,0,25,3,35,63,72,67,19,52,210,0,40,40,250
01/27/2021,ABQ,NM,ASW,CE,Combined TRACON& Tower with Radar,71,59,34,21,185,0,58,64,37,159,71,117,98,58,344,14,32,46,390
01/28/2021,ABQ,NM,ASW,CE,Combined TRACON& Tower with Radar,80,57,51,4,192,0,45,64,66,175,80,102,115,70,367,92,34,126,493
01/29/2021,ABQ,NM,ASW,CE,Combined TRACON& Tower with Radar,73,46,44,6,169,0,25,56,44,125,73,71,100,50,294,56,30,86,380
01/30/2021,ABQ,NM,ASW,CE,Combined TRACON& Tower with Radar,54,40,28,9,131,0,15,35,0,50,54,55,63,9,181,24,0,24,205
01/31/2021,ABQ,NM,ASW,CE,Combined TRACON& Tower with Radar,66,34,28,0,128,0,8,74,3,85,66,42,102,3,213,0,0,0,213
02/01/2021,ABQ,NM,ASW,CE,Combined TRACON& Tower with Radar,67,51,32,22,172,0,17,71,60,148,67,68,103,82,320,106,80,186,506
02/02/2021,ABQ,NM,ASW,CE,Combined TRACON& Tower with Radar,73,46,42,7,168,0,35,88,60,183,73,81,130,67,351,84,42,126,477
02/03/2021,ABQ,NM,ASW,CE,Combined TRACON& Tower with Radar,74,51,38,28,191,0,25,34,55,114,74,76,72,83,305,40,44,84,389
02/04/2021,ABQ,NM,ASW,CE,Combined TRACON& Tower with Radar,80,50,23,10,163,0,24,33,48,105,80,74,56,58,268,20,10,30,298
02/05/2021,ABQ,NM,ASW,CE,Combined TRACON& Tower with Radar,76,36,38,14,164,0,34,87,42,163,76,70,125,56,327,60,42,102,429
02/06/2021,ABQ,NM,ASW,CE,Combined TRACON& Tower with Radar,57,52,28,10,147,0,43,46,3,92,57,95,74,13,239,50,12,62,301
02/07/2021,ABQ,NM,ASW,CE,Combined TRACON& Tower with Radar,66,27,15,5,113,0,23,57,3,83,66,50,72,8,196,108,2,110,306
02/08/2021,ABQ,NM,ASW,CE,Combined TRACON& Tower with Radar,66,60,28,17,171,0,37,41,57,135,66,97,69,74,306,20,34,54,360
02/09/2021,ABQ,NM,ASW,CE,Combined TRACON& Tower with Radar,73,37,36,16,162,0,35,48,62,145,73,72,84,78,307,36,34,70,377
02/10/2021,ABQ,NM,ASW,CE,Combined TRACON& Tower with Radar,75,47,49,23,194,0,31,56,74,161,75,78,105,97,355,124,38,162,517
02/11/2021,ABQ,NM,ASW,CE,Combined TRACON& Tower with Radar,75,72,48,29,224,0,11,93,45,149,75,83,141,74,373,60,68,128,501
02/12/2021,ABQ,NM,ASW,CE,Combined TRACON& Tower with Radar,78,52,34,15,179,0,12,50,34,96,78,64,84,49,275,60,36,96,371
02/13/2021,ABQ,NM,ASW,CE,Combined TRACON& Tower with Radar,54,52,33,10,149,0,3,58,4,65,54,55,91,14,214,36,22,58,272
02/14/2021,ABQ,NM,ASW,CE,Combined TRACON& Tower with Radar,29,26,9,0,64,0,0,3,0,3,29,26,12,0,67,0,0,0,67
02/15/2021,ABQ,NM,ASW,CE,Combined TRACON& Tower with Radar,50,49,20,5,124,0,4,33,0,37,50,53,53,5,161,46,0,46,207
02/16/2021,ABQ,NM,ASW,CE,Combined TRACON& Tower with Radar,60,61,41,7,169,0,1,11,25,37,60,62,52,32,206,0,16,16,222
02/17/2021,ABQ,NM,ASW,CE,Combined TRACON& Tower with Radar,54,42,29,14,139,0,6,54,40,100,54,48,83,54,239,24,22,46,285
02/18/2021,ABQ,NM,ASW,CE,Combined TRACON& Tower with Radar,61,56,38,9,164,0,9,56,47,112,61,65,94,56,276,98,6,104,380
02/19/2021,ABQ,NM,ASW,CE,Combined TRACON& Tower with Radar,68,54,33,19,174,0,11,99,37,147,68,65,132,56,321,66,22,88,409
02/20/2021,ABQ,NM,ASW,CE,Combined TRACON& Tower with Radar,62,46,41,10,159,0,6,57,9,72,62,52,98,19,231,50,0,50,281
02/21/2021,ABQ,NM,ASW,CE,Combined TRACON& Tower with Radar,63,35,21,5,124,0,10,31,8,49,63,45,52,13,173,18,0,18,191
02/22/2021,ABQ,NM,ASW,CE,Combined TRACON& Tower with Radar,76,41,38,7,162,0,31,54,50,135,76,72,92,57,297,52,8,60,357
02/23/2021,ABQ,NM,ASW,CE,Combined TRACON& Tower with Radar,70,53,33,24,180,0,21,115,56,192,70,74,148,80,372,70,44,114,486
02/24/2021,ABQ,NM,ASW,CE,Combined TRACON& Tower with Radar,72,54,39,10,175,0,21,69,47,137,72,75,108,57,312,12,26,38,350
02/25/2021,ABQ,NM,ASW,CE,Combined TRACON& Tower with Radar,77,57,24,6,164,0,11,48,43,102,77,68,72,49,266,22,26,48,314
02/26/2021,ABQ,NM,ASW,CE,Combined TRACON& Tower with Radar,78,50,46,30,204,0,15,86,26,127,78,65,132,56,331,90,12,102,433
02/27/2021,ABQ,NM,ASW,CE,Combined TRACON& Tower with Radar,61,44,22,12,139,0,13,60,3,76,61,57,82,15,215,14,0,14,229
02/28/2021,ABQ,NM,ASW,CE,Combined TRACON& Tower with Radar,61,45,24,12,142,0,7,56,5,68,61,52,80,17,210,34,4,38,248
03/01/2021,ABQ,NM,ASW,CE,Combined TRACON& Tower with Radar,71,42,34,17,164,0,26,74,35,135,71,68,108,52,299,30,8,38,337
03/02/2021,ABQ,NM,ASW,CE,Combined TRACON& Tower with Radar,70,48,35,12,165,0,6,89,62,157,70,54,124,74,322,18,70,88,410
03/03/2021,ABQ,NM,ASW,CE,Combined TRACON& Tower with Radar,74,48,48,6,176,0,15,77,60,152,74,63,125,66,328,68,40,108,436
03/04/2021,ABQ,NM,ASW,CE,Combined TRACON& Tower with Radar,83,55,28,15,181,0,9,39,51,99,83,64,67,66,280,22,10,32,312
03/05/2021,ABQ,NM,ASW,CE,Combined TRACON& Tower with Radar,83,56,42,36,217,0,6,81,52,139,83,62,123,88,356,112,34,146,502
03/06/2021,ABQ,NM,ASW,CE,Combined TRACON& Tower with Radar,68,52,20,12,152,0,13,69,11,93,68,65,89,23,245,70,4,74,319
03/07/2021,ABQ,NM,ASW,CE,Combined TRACON& Tower with Radar,83,35,29,7,154,0,32,44,6,82,83,67,73,13,236,70,0,70,306
03/08/2021,ABQ,NM,ASW,CE,Combined TRACON& Tower with Radar,87,51,31,5,174,0,10,49,47,106,87,61,80,52,280,46,12,58,338
03/09/2021,ABQ,NM,ASW,CE,Combined TRACON& Tower with Radar,87,54,51,3,195,0,8,51,48,107,87,62,102,51,302,0,0,0,302
03/10/2021,ABQ,NM,ASW,CE,Combined TRACON& Tower with Radar,81,42,32,12,167,0,16,39,50,105,81,58,71,62,272,0,26,26,298
03/11/2021,ABQ,NM,ASW,CE,Combined TRACON& Tower with Radar,99,60,44,23,226,0,14,63,48,125,99,74,107,71,351,56,16,72,423
03/12/2021,ABQ,NM,ASW,CE,Combined TRACON& Tower with Radar,100,53,37,26,216,0,12,35,54,101,100,65,72,80,317,30,58,88,405
03/13/2021,ABQ,NM,ASW,CE,Combined TRACON& Tower with Radar,72,50,23,6,151,0,2,15,3,20,72,52,38,9,171,2,2,4,175
03/14/2021,ABQ,NM,ASW,CE,Combined TRACON& Tower with Radar,80,57,27,23,187,0,3,2,12,17,80,60,29,35,204,14,0,14,218
03/15/2021,ABQ,NM,ASW,CE,Combined TRACON& Tower with Radar,84,45,29,8,166,0,11,66,52,129,84,56,95,60,295,74,20,94,389
03/16/2021,ABQ,NM,ASW,CE,Combined TRACON& Tower with Radar,91,47,30,16,184,0,5,64,32,101,91,52,94,48,285,0,44,44,329
03/17/2021,ABQ,NM,ASW,CE,Combined TRACON& Tower with Radar,91,56,45,18,210,0,6,74,55,135,91,62,119,73,345,14,22,36,381
03/18/2021,ABQ,NM,ASW,CE,Combined TRACON& Tower with Radar,101,60,40,10,211,0,12,86,54,152,101,72,126,64,363,38,67,105,468
03/19/2021,ABQ,NM,ASW,CE,Combined TRACON& Tower with Radar,101,61,34,8,204,0,17,101,22,140,101,78,135,30,344,0,4,4,348
03/20/2021,ABQ,NM,ASW,CE,Combined TRACON& Tower with Radar,76,51,21,2,150,0,21,75,1,97,76,72,96,3,247,86,0,86,333
03/21/2021,ABQ,NM,ASW,CE,Combined TRACON& Tower with Radar,90,54,25,1,170,0,14,53,3,70,90,68,78,4,240,38,0,38,278
03/22/2021,ABQ,NM,ASW,CE,Combined TRACON& Tower with Radar,94,46,32,9,181,0,17,60,44,121,94,63,92,53,302,16,22,38,340
03/23/2021,ABQ,NM,ASW,CE,Combined TRACON& Tower with Radar,99,46,32,3,180,0,8,98,36,142,99,54,130,39,322,92,14,106,428
03/24/2021,ABQ,NM,ASW,CE,Combined TRACON& Tower with Radar,91,49,26,4,170,0,0,12,16,28,91,49,38,20,198,0,0,0,198
03/25/2021,ABQ,NM,ASW,CE,Combined TRACON& Tower with Radar,103,68,38,8,217,0,6,62,53,121,103,74,100,61,338,78,54,132,470
03/26/2021,ABQ,NM,ASW,CE,Combined TRACON& Tower with Radar,98,65,45,11,219,0,16,70,32,118,98,81,115,43,337,26,62,88,425
03/27/2021,ABQ,NM,ASW,CE,Combined TRACON& Tower with Radar,76,49,37,34,196,0,21,64,6,91,76,70,101,40,287,46,6,52,339
03/28/2021,ABQ,NM,ASW,CE,Combined TRACON& Tower with Radar,86,45,6,3,140,0,21,60,4,85,86,66,66,7,225,74,0,74,299
03/29/2021,ABQ,NM,ASW,CE,Combined TRACON& Tower with Radar,90,60,25,8,183,0,24,68,47,139,90,84,93,55,322,76,10,86,408
03/30/2021,ABQ,NM,ASW,CE,Combined TRACON& Tower with Radar,96,71,26,17,210,0,14,77,48,139,96,85,103,65,349,16,14,30,379
03/31/2021,ABQ,NM,ASW,CE,Combined TRACON& Tower with Radar,97,56,41,7,201,0,9,96,54,159,97,65,137,61,360,30,10,40,400
04/01/2021,ABQ,NM,ASW,CE,Combined TRACON& Tower with Radar,103,70,29,11,213,0,11,97,57,165,103,81,126,68,378,28,6,34,412
04/02/2021,ABQ,NM,ASW,CE,Combined TRACON& Tower with Radar,94,63,43,25,225,0,9,91,36,136,94,72,134,61,361,82,32,114,475
04/03/2021,ABQ,NM,ASW,CE,Combined TRACON& Tower with Radar,78,43,18,0,139,0,14,78,2,94,78,57,96,2,233,60,0,60,293
04/04/2021,ABQ,NM,ASW,CE,Combined TRACON& Tower with Radar,89,35,17,4,145,0,40,45,7,92,89,75,62,11,237,30,16,46,283
04/05/2021,ABQ,NM,ASW,CE,Combined TRACON& Tower with Radar,92,53,29,14,188,0,15,60,44,119,92,68,89,58,307,0,0,0,307
04/06/2021,ABQ,NM,ASW,CE,Combined TRACON& Tower with Radar,95,57,24,8,184,0,9,55,48,112,95,66,79,56,296,0,10,10,306
04/07/2021,ABQ,NM,ASW,CE,Combined TRACON& Tower with Radar,93,58,49,6,206,0,12,60,52,124,93,70,109,58,330,12,28,40,370
04/08/2021,ABQ,NM,ASW,CE,Combined TRACON& Tower with Radar,104,58,28,10,200,0,16,75,72,163,104,74,103,82,363,46,46,92,455
04/09/2021,ABQ,NM,ASW,CE,Combined TRACON& Tower with Radar,101,68,34,42,245,0,8,77,38,123,101,76,111,80,368,14,26,40,408
04/10/2021,ABQ,NM,ASW,CE,Combined TRACON& Tower with Radar,77,42,32,10,161,0,11,108,9,128,77,53,140,19,289,70,42,112,401
04/11/2021,ABQ,NM,ASW,CE,Combined TRACON& Tower with Radar,90,53,31,3,177,0,10,53,2,65,90,63,84,5,242,20,0,20,262
04/12/2021,ABQ,NM,ASW,CE,Combined TRACON& Tower with Radar,93,55,28,13,189,0,9,51,49,109,93,64,79,62,298,14,4,18,316
04/13/2021,ABQ,NM,ASW,CE,Combined TRACON& Tower with Radar,96,62,51,10,219,0,14,34,31,79,96,76,85,41,298,0,8,8,306
04/14/2021,ABQ,NM,ASW,CE,Combined TRACON& Tower with Radar,93,82,52,13,240,0,24,43,33,100,93,106,95,46,340,14,16,30,370
04/15/2021,ABQ,NM,ASW,CE,Combined TRACON& Tower with Radar,100,81,40,23,244,0,13,49,32,94,100,94,89,55,338,16,16,32,370
04/16/2021,ABQ,NM,ASW,CE,Combined TRACON& Tower with Radar,91,66,35,21,213,0,13,82,30,125,91,79,117,51,338,16,14,30,368
04/17/2021,ABQ,NM,ASW,CE,Combined TRACON& Tower with Radar,79,61,17,13,170,0,4,19,0,23,79,65,36,13,193,14,6,20,213
04/18/2021,ABQ,NM,ASW,CE,Combined TRACON& Tower with Radar,88,50,26,6,170,0,7,20,4,31,88,57,46,10,201,38,0,38,239
04/19/2021,ABQ,NM,ASW,CE,Combined TRACON& Tower with Radar,82,71,34,5,192,0,30,83,51,164,82,101,117,56,356,40,4,44,400
04/20/2021,ABQ,NM,ASW,CE,Combined TRACON& Tower with Radar,96,71,52,13,232,0,8,105,49,162,96,79,157,62,394,2,26,28,422
04/21/2021,ABQ,NM,ASW,CE,Combined TRACON& Tower with Radar,95,62,45,13,215,0,6,59,57,122,95,68,104,70,337,18,14,32,369
04/22/2021,ABQ,NM,ASW,CE,Combined TRACON& Tower with Radar,100,57,52,6,215,0,5,81,49,135,100,62,133,55,350,64,16,80,430
04/23/2021,ABQ,NM,ASW,CE,Combined TRACON& Tower with Radar,90,57,44,18,209,0,14,55,38,107,90,71,99,56,316,34,32,66,382
04/24/2021,ABQ,NM,ASW,CE,Combined TRACON& Tower with Radar,80,52,63,10,205,0,21,91,8,120,80,73,154,18,325,62,4,66,391
04/25/2021,ABQ,NM,ASW,CE,Combined TRACON& Tower with Radar,92,42,16,9,159,0,21,61,5,87,92,63,77,14,246,10,2,12,258
04/26/2021,ABQ,NM,ASW,CE,Combined TRACON& Tower with Radar,88,61,38,8,195,4,10,79,44,137,92,71,117,52,332,46,20,66,398
04/27/2021,ABQ,NM,ASW,CE,Combined TRACON& Tower with Radar,96,61,48,17,222,0,14,47,73,134,96,75,95,90,356,32,42,74,430
04/28/2021,ABQ,NM,ASW,CE,Combined TRACON& Tower with Radar,92,55,42,20,209,0,4,49,52,105,92,59,91,72,314,0,0,0,314
04/29/2021,ABQ,NM,ASW,CE,Combined TRACON& Tower with Radar,104,64,44,20,232,0,17,92,70,179,104,81,136,90,411,0,0,0,411
04/30/2021,ABQ,NM,ASW,CE,Combined TRACON& Tower with Radar,94,77,47,22,240,0,14,88,22,124,94,91,135,44,364,36,12,48,412
05/01/2021,ABQ,NM,ASW,CE,Combined TRACON& Tower with Radar,77,51,42,18,188,0,19,87,11,117,77,70,129,29,305,56,8,64,369
05/02/2021,ABQ,NM,ASW,CE,Combined TRACON& Tower with Radar,88,51,36,4,179,0,9,37,1,47,88,60,73,5,226,40,0,40,266
05/03/2021,ABQ,NM,ASW,CE,Combined TRACON& Tower with Radar,82,69,36,8,195,0,27,43,35,105,82,96,79,43,300,22,4,26,326
05/04/2021,ABQ,NM,ASW,CE,Combined TRACON& Tower with Radar,95,58,30,12,195,0,17,92,51,160,95,75,122,63,355,114,28,142,497
05/05/2021,ABQ,NM,ASW,CE,Combined TRACON& Tower with Radar,93,56,50,6,205,0,16,69,48,133,93,72,119,54,338,44,34,78,416
05/06/2021,ABQ,NM,ASW,CE,Combined TRACON& Tower with Radar,100,64,41,6,211,0,11,60,70,141,100,75,101,76,352,34,24,58,410
05/07/2021,ABQ,NM,ASW,CE,Combined TRACON& Tower with Radar,100,65,32,20,217,0,20,76,37,133,100,85,108,57,350,18,34,52,402
05/08/2021,ABQ,NM,ASW,CE,Combined TRACON& Tower with Radar,84,51,26,11,172,0,33,57,9,99,84,84,83,20,271,53,8,61,332
05/09/2021,ABQ,NM,ASW,CE,Combined TRACON& Tower with Radar,93,34,27,9,163,0,10,64,3,77,93,44,91,12,240,40,0,40,280
05/10/2021,ABQ,NM,ASW,CE,Combined TRACON& Tower with Radar,92,66,30,14,202,0,20,55,41,116,92,86,85,55,318,34,10,44,362
05/11/2021,ABQ,NM,ASW,CE,Combined TRACON& Tower with Radar,99,62,60,7,228,0,13,87,62,162,99,75,147,69,390,74,12,86,476
05/12/2021,ABQ,NM,ASW,CE,Combined TRACON& Tower with Radar,100,75,50,7,232,0,12,90,47,149,100,87,140,54,381,2,8,10,391
05/13/2021,ABQ,NM,ASW,CE,Combined TRACON& Tower with Radar,103,77,41,21,242,0,11,79,52,142,103,88,120,73,384,34,30,64,448
05/14/2021,ABQ,NM,ASW,CE,Combined TRACON& Tower with Radar,100,58,34,18,210,0,11,67,23,101,100,69,101,41,311,6,42,48,359
05/15/2021,ABQ,NM,ASW,CE,Combined TRACON& Tower with Radar,84,45,43,8,180,0,10,58,5,73,84,55,101,13,253,48,0,48,301
05/16/2021,ABQ,NM,ASW,CE,Combined TRACON& Tower with Radar,88,49,46,5,188,0,10,55,4,69,88,59,101,9,257,54,0,54,311
05/17/2021,ABQ,NM,ASW,CE,Combined TRACON& Tower with Radar,93,56,31,16,196,0,10,45,31,86,93,66,76,47,282,10,24,34,316
05/18/2021,ABQ,NM,ASW,CE,Combined TRACON& Tower with Radar,103,49,38,24,214,0,19,39,54,112,103,68,77,78,326,16,46,62,388
05/19/2021,ABQ,NM,ASW,CE,Combined TRACON& Tower with Radar,101,60,41,21,223,0,10,71,60,141,101,70,112,81,364,95,28,123,487
05/20/2021,ABQ,NM,ASW,CE,Combined TRACON& Tower with Radar,106,58,67,7,238,0,17,99,73,189,106,75,166,80,427,27,96,123,550
05/21/2021,ABQ,NM,ASW,CE,Combined TRACON& Tower with Radar,98,54,50,21,223,0,8,63,29,100,98,62,113,50,323,30,28,58,381
05/22/2021,ABQ,NM,ASW,CE,Combined TRACON& Tower with Radar,94,45,13,10,162,0,12,33,10,55,94,57,46,20,217,0,0,0,217
05/23/2021,ABQ,NM,ASW,CE,Combined TRACON& Tower with Radar,92,52,16,9,169,1,28,44,7,80,93,80,60,16,249,0,0,0,249
05/24/2021,ABQ,NM,ASW,CE,Combined TRACON& Tower with Radar,89,60,40,17,206,0,15,88,55,158,89,75,128,72,364,30,20,50,414
05/25/2021,ABQ,NM,ASW,CE,Combined TRACON& Tower with Radar,105,54,32,13,204,0,20,93,46,159,105,74,125,59,363,62,14,76,439
05/26/2021,ABQ,NM,ASW,CE,Combined TRACON& Tower with Radar,102,51,38,13,204,0,29,73,62,164,102,80,111,75,368,28,62,90,458
05/27/2021,ABQ,NM,ASW,CE,Combined TRACON& Tower with Radar,103,55,47,7,212,0,17,77,75,169,103,72,124,82,381,70,22,92,473
05/28/2021,ABQ,NM,ASW,CE,Combined TRACON& Tower with Radar,102,61,35,5,203,0,31,74,5,110,102,92,109,10,313,12,6,18,331
05/29/2021,ABQ,NM,ASW,CE,Combined TRACON& Tower with Radar,83,52,36,2,173,0,27,79,0,106,83,79,115,2,279,58,0,58,337
05/30/2021,ABQ,NM,ASW,CE,Combined TRACON& Tower with Radar,86,51,28,10,175,0,31,62,1,94,86,82,90,11,269,18,2,20,289
05/31/2021,ABQ,NM,ASW,CE,Combined TRACON& Tower with Radar,89,55,19,2,165,0,14,17,0,31,89,69,36,2,196,0,0,0,196
06/01/2021,ABQ,NM,ASW,CE,Combined TRACON& Tower with Radar,102,66,58,1,227,0,28,82,32,142,102,94,140,33,369,30,12,42,411
06/02/2021,ABQ,NM,ASW,CE,Combined TRACON& Tower with Radar,103,66,51,11,231,0,8,97,75,180,103,74,148,86,411,0,0,0,411
06/03/2021,ABQ,NM,ASW,CE,Combined TRACON& Tower with Radar,107,71,55,14,247,0,8,76,64,148,107,79,131,78,395,10,48,58,453
06/04/2021,ABQ,NM,ASW,CE,Combined TRACON& Tower with Radar,116,64,33,24,237,0,6,88,33,127,116,70,121,57,364,78,32,110,474
06/05/2021,ABQ,NM,ASW,CE,Combined TRACON& Tower with Radar,105,43,23,3,174,0,7,58,25,90,105,50,81,28,264,102,0,102,366
06/06/2021,ABQ,NM,ASW,CE,Combined TRACON& Tower with Radar,109,46,26,12,193,0,40,37,6,83,109,86,63,18,276,68,2,70,346
06/07/2021,ABQ,NM,ASW,CE,Combined TRACON& Tower with Radar,111,60,40,20,231,0,29,53,35,117,111,89,93,55,348,52,30,82,430
06/08/2021,ABQ,NM,ASW,CE,Combined TRACON& Tower with Radar,130,69,54,20,273,0,42,98,51,191,130,111,152,71,464,82,36,118,582
06/09/2021,ABQ,NM,ASW,CE,Combined TRACON& Tower with Radar,118,58,37,14,227,0,11,84,63,158,118,69,121,77,385,0,0,0,385
06/10/2021,ABQ,NM,ASW,CE,Combined TRACON& Tower with Radar,120,51,33,5,209,0,14,80,54,148,120,65,113,59,357,36,30,66,423
06/11/2021,ABQ,NM,ASW,CE,Combined TRACON& Tower with Radar,117,69,31,9,226,0,12,86,70,168,117,81,117,79,394,50,52,102,496
06/12/2021,ABQ,NM,ASW,CE,Combined TRACON& Tower with Radar,105,44,26,2,177,0,8,52,3,63,105,52,78,5,240,30,28,58,298
06/13/2021,ABQ,NM,ASW,CE,Combined TRACON& Tower with Radar,107,46,20,10,183,0,10,46,3,59,107,56,66,13,242,0,0,0,242
06/14/2021,ABQ,NM,ASW,CE,Combined TRACON& Tower with Radar,113,60,37,27,237,0,33,66,43,142,113,93,103,70,379,40,14,54,433
06/15/2021,ABQ,NM,ASW,CE,Combined TRACON& Tower with Radar,119,65,37,12,233,0,27,64,39,130,119,92,101,51,363,74,10,84,447
06/16/2021,ABQ,NM,ASW,CE,Combined TRACON& Tower with Radar,125,65,30,4,224,0,20,69,51,140,125,85,99,55,364,20,10,30,394
06/17/2021,ABQ,NM,ASW,CE,Combined TRACON& Tower with Radar,121,63,17,16,217,0,17,78,42,137,121,80,95,58,354,48,12,60,414
06/18/2021,ABQ,NM,ASW,CE,Combined TRACON& Tower with Radar,117,73,44,8,242,0,30,84,18,132,117,103,128,26,374,38,18,56,430
06/19/2021,ABQ,NM,ASW,CE,Combined TRACON& Tower with Radar,121,57,27,3,208,0,21,78,46,145,121,78,105,49,353,40,4,44,397
06/20/2021,ABQ,NM,ASW,CE,Combined TRACON& Tower with Radar,108,50,18,1,177,0,35,61,6,102,108,85,79,7,279,40,0,40,319
06/21/2021,ABQ,NM,ASW,CE,Combined TRACON& Tower with Radar,110,68,22,26,226,0,26,48,41,115,110,94,70,67,341,44,40,84,425
06/22/2021,ABQ,NM,ASW,CE,Combined TRACON& Tower with Radar,123,71,35,8,237,0,36,82,37,155,123,107,117,45,392,36,80,116,508
06/23/2021,ABQ,NM,ASW,CE,Combined TRACON& Tower with Radar,117,64,32,15,228,0,7,80,48,135,117,71,112,63,363,42,10,52,415
06/24/2021,ABQ,NM,ASW,CE,Combined TRACON& Tower with Radar,114,70,35,6,225,0,12,83,36,131,114,82,118,42,356,8,38,46,402
06/25/2021,ABQ,NM,ASW,CE,Combined TRACON& Tower with Radar,138,68,37,10,253,0,21,71,41,133,138,89,108,51,386,64,44,108,494
06/26/2021,ABQ,NM,ASW,CE,Combined TRACON& Tower with Radar,111,53,30,7,201,0,23,91,6,120,111,76,121,13,321,48,4,52,373
06/27/2021,ABQ,NM,ASW,CE,Combined TRACON& Tower with Radar,96,61,27,1,185,0,7,2,7,16,96,68,29,8,201,0,0,0,201
06/28/2021,ABQ,NM,ASW,CE,Combined TRACON& Tower with Radar,113,65,26,11,215,0,15,32,57,104,113,80,58,68,319,18,18,36,355
06/29/2021,ABQ,NM,ASW,CE,Combined TRACON& Tower with Radar,125,68,36,11,240,0,3,22,47,72,125,71,58,58,312,4,40,44,356
06/30/2021,ABQ,NM,ASW,CE,Combined TRACON& Tower with Radar,114,66,57,8,245,0,4,38,42,84,114,70,95,50,329,0,0,0,329
07/01/2021,ABQ,NM,ASW,CE,Combined TRACON& Tower with Radar,127,59,51,13,250,0,11,80,53,144,127,70,131,66,394,58,30,88,482
07/02/2021,ABQ,NM,ASW,CE,Combined TRACON& Tower with Radar,123,76,39,3,241,0,7,61,2,70,123,83,100,5,311,42,4,46,357
07/03/2021,ABQ,NM,ASW,CE,Combined TRACON& Tower with Radar,101,60,39,0,200,0,29,43,8,80,101,89,82,8,280,24,0,24,304
07/04/2021,ABQ,NM,ASW,CE,Combined TRACON& Tower with Radar,96,47,21,1,165,0,10,22,3,35,96,57,43,4,200,0,0,0,200
07/05/2021,ABQ,NM,ASW,CE,Combined TRACON& Tower with Radar,109,53,36,0,198,0,14,62,3,79,109,67,98,3,277,28,0,28,305
07/06/2021,ABQ,NM,ASW,CE,Combined TRACON& Tower with Radar,125,59,48,7,239,0,14,84,13,111,125,73,132,20,350,94,6,100,450
07/07/2021,ABQ,NM,ASW,CE,Combined TRACON& Tower with Radar,119,64,63,8,254,0,16,99,54,169,119,80,162,62,423,86,0,86,509
07/08/2021,ABQ,NM,ASW,CE,Combined TRACON& Tower with Radar,120,66,40,8,234,0,11,75,41,127,120,77,115,49,361,40,8,48,409
07/09/2021,ABQ,NM,ASW,CE,Combined TRACON& Tower with Radar,124,64,37,12,237,0,7,81,35,123,124,71,118,47,360,0,0,0,360
07/10/2021,ABQ,NM,ASW,CE,Combined TRACON& Tower with Radar,120,53,28,3,204,0,12,47,7,66,120,65,75,10,270,18,26,44,314
07/11/2021,ABQ,NM,ASW,CE,Combined TRACON& Tower with Radar,108,48,29,7,192,0,16,31,4,51,108,64,60,11,243,0,2,2,245
07/12/2021,ABQ,NM,ASW,CE,Combined TRACON& Tower with Radar,116,59,36,13,224,0,24,50,48,122,116,83,86,61,346,54,34,88,434
07/13/2021,ABQ,NM,ASW,CE,Combined TRACON& Tower with Radar,122,52,25,16,215,0,27,73,43,143,122,79,98,59,358,8,42,50,408
07/14/2021,ABQ,NM,ASW,CE,Combined TRACON& Tower with Radar,124,58,30,7,219,0,15,45,46,106,124,73,75,53,325,56,24,80,405
07/15/2021,ABQ,NM,ASW,CE,Combined TRACON& Tower with Radar,121,75,27,9,232,0,22,64,42,128,121,97,91,51,360,16,6,22,382
07/16/2021,ABQ,NM,ASW,CE,Combined TRACON& Tower with Radar,123,68,31,25,247,0,8,73,21,102,123,76,104,46,349,0,0,0,349
07/17/2021,ABQ,NM,ASW,CE,Combined TRACON& Tower with Radar,119,67,28,3,217,0,15,64,9,88,119,82,92,12,305,6,0,6,311
07/18/2021,ABQ,NM,ASW,CE,Combined TRACON& Tower with Radar,106,49,30,2,187,0,22,40,12,74,106,71,70,14,261,70,2,72,333
07/19/2021,ABQ,NM,ASW,CE,Combined TRACON& Tower with Radar,108,59,32,14,213,0,9,49,29,87,108,68,81,43,300,0,0,0,300
07/20/2021,ABQ,NM,ASW,CE,Combined TRACON& Tower with Radar,126,69,33,11,239,0,25,55,39,119,126,94,88,50,358,40,12,52,410
07/21/2021,ABQ,NM,ASW,CE,Combined TRACON& Tower with Radar,122,60,28,10,220,0,12,85,50,147,122,72,113,60,367,48,28,76,443
07/22/2021,ABQ,NM,ASW,CE,Combined TRACON& Tower with Radar,128,74,33,16,251,0,5,80,32,117,128,79,113,48,368,76,0,76,444
07/23/2021,ABQ,NM,ASW,CE,Combined TRACON& Tower with Radar,118,62,28,7,215,0,13,67,37,117,118,75,95,44,332,42,58,100,432
07/24/2021,ABQ,NM,ASW,CE,Combined TRACON& Tower with Radar,112,76,30,5,223,0,21,59,7,87,112,97,89,12,310,54,16,70,380
07/25/2021,ABQ,NM,ASW,CE,Combined TRACON& Tower with Radar,102,42,24,8,176,0,7,35,3,45,102,49,59,11,221,64,0,64,285
07/26/2021,ABQ,NM,ASW,CE,Combined TRACON& Tower with Radar,119,62,50,3,234,0,12,56,53,121,119,74,106,56,355,0,0,0,355
07/27/2021,ABQ,NM,ASW,CE,Combined TRACON& Tower with Radar,127,74,45,6,252,0,24,68,46,138,127,98,113,52,390,34,22,56,446
07/28/2021,ABQ,NM,ASW,CE,Combined TRACON& Tower with Radar,124,65,49,12,250,0,17,100,42,159,124,82,149,54,409,50,24,74,483
07/29/2021,ABQ,NM,ASW,CE,Combined TRACON& Tower with Radar,123,61,39,9,232,0,16,77,39,132,123,77,116,48,364,34,14,48,412
07/30/2021,ABQ,NM,ASW,CE,Combined TRACON& Tower with Radar,128,65,32,12,237,0,11,83,27,121,128,76,115,39,358,0,0,0,358
07/31/2021,ABQ,NM,ASW,CE,Combined TRACON& Tower with Radar,114,47,25,5,191,0,20,58,7,85,114,67,83,12,276,20,4,24,300
08/01/2021,ABQ,NM,ASW,CE,Combined TRACON& Tower with Radar,98,51,31,0,180,0,9,36,10,55,98,60,67,10,235,0,0,0,235
08/02/2021,ABQ,NM,ASW,CE,Combined TRACON& Tower with Radar,100,60,30,11,201,0,24,48,40,112,100,84,78,51,313,68,10,78,391
08/03/2021,ABQ,NM,ASW,CE,Combined TRACON& Tower with Radar,124,68,28,4,224,0,16,111,58,185,124,84,139,62,409,92,50,142,551
08/04/2021,ABQ,NM,ASW,CE,Combined TRACON& Tower with Radar,118,64,26,11,219,0,12,70,40,122,118,76,96,51,341,0,0,0,341
08/05/2021,ABQ,NM,ASW,CE,Combined TRACON& Tower with Radar,117,73,32,18,240,0,13,87,35,135,117,86,119,53,375,106,22,128,503
08/06/2021,ABQ,NM,ASW,CE,Combined TRACON& Tower with Radar,132,68,22,13,235,0,25,56,15,96,132,93,78,28,331,30,12,42,373
08/07/2021,ABQ,NM,ASW,CE,Combined TRACON& Tower with Radar,103,74,23,8,208,0,29,51,19,99,103,103,74,27,307,100,2,102,409
08/08/2021,ABQ,NM,ASW,CE,Combined TRACON& Tower with Radar,105,51,39,3,198,0,6,32,5,43,105,57,71,8,241,58,0,58,299
08/09/2021,ABQ,NM,ASW,CE,Combined TRACON& Tower with Radar,108,64,33,9,214,0,20,58,47,125,108,84,91,56,339,64,20,84,423
08/10/2021,ABQ,NM,ASW,CE,Combined TRACON& Tower with Radar,128,90,42,10,270,0,5,50,66,121,128,95,92,76,391,30,20,50,441
08/11/2021,ABQ,NM,ASW,CE,Combined TRACON& Tower with Radar,119,89,49,17,274,0,6,64,39,109,119,95,113,56,383,30,30,60,443
08/12/2021,ABQ,NM,ASW,CE,Combined TRACON& Tower with Radar,118,67,48,7,240,0,9,68,36,113,118,76,116,43,353,30,10,40,393
08/13/2021,ABQ,NM,ASW,CE,Combined TRACON& Tower with Radar,119,76,33,22,250,0,2,55,32,89,119,78,88,54,339,0,0,0,339
08/14/2021,ABQ,NM,ASW,CE,Combined TRACON& Tower with Radar,111,62,25,5,203,0,17,35,5,57,111,79,60,10,260,46,4,50,310
08/15/2021,ABQ,NM,ASW,CE,Combined TRACON& Tower with Radar,108,48,36,0,192,0,12,49,2,63,108,60,85,2,255,24,16,40,295
08/16/2021,ABQ,NM,ASW,CE,Combined TRACON& Tower with Radar,108,59,29,10,206,0,31,48,63,142,108,90,77,73,348,20,18,38,386
08/17/2021,ABQ,NM,ASW,CE,Combined TRACON& Tower with Radar,109,61,26,9,205,0,29,54,43,126,109,90,80,52,331,72,10,82,413
08/18/2021,ABQ,NM,ASW,CE,Combined TRACON& Tower with Radar,111,70,40,13,234,0,6,72,55,133,111,76,112,68,367,0,0,0,367
08/19/2021,ABQ,NM,ASW,CE,Combined TRACON& Tower with Radar,143,69,33,14,259,0,13,91,38,142,143,82,124,52,401,48,10,58,459
08/20/2021,ABQ,NM,ASW,CE,Combined TRACON& Tower with Radar,120,65,37,9,231,0,11,69,35,115,120,76,106,44,346,0,0,0,346
08/21/2021,ABQ,NM,ASW,CE,Combined TRACON& Tower with Radar,99,64,21,1,185,0,24,64,13,101,99,88,85,14,286,62,12,74,360
08/22/2021,ABQ,NM,ASW,CE,Combined TRACON& Tower with Radar,107,46,28,0,181,0,20,48,0,68,107,66,76,0,249,36,0,36,285
08/23/2021,ABQ,NM,ASW,CE,Combined TRACON& Tower with Radar,112,67,27,7,213,0,18,63,15,96,112,85,90,22,309,76,0,76,385
08/24/2021,ABQ,NM,ASW,CE,Combined TRACON& Tower with Radar,118,70,31,4,223,0,23,75,40,138,118,93,106,44,361,68,22,90,451
08/25/2021,ABQ,NM,ASW,CE,Combined TRACON& Tower with Radar,120,65,35,8,228,0,23,87,61,171,120,88,122,69,399,4,28,32,431
08/26/2021,ABQ,NM,ASW,CE,Combined TRACON& Tower with Radar,123,63,33,15,234,0,16,80,46,142,123,79,113,61,376,96,18,114,490
08/27/2021,ABQ,NM,ASW,CE,Combined TRACON& Tower with Radar,128,60,26,17,231,0,12,99,30,141,128,72,125,47,372,46,22,68,440
08/28/2021,ABQ,NM,ASW,CE,Combined TRACON& Tower with Radar,103,57,32,0,192,0,22,73,6,101,103,79,105,6,293,46,4,50,343
08/29/2021,ABQ,NM,ASW,CE,Combined TRACON& Tower with Radar,101,43,26,10,180,0,19,51,0,70,101,62,77,10,250,38,2,40,290
08/30/2021,ABQ,NM,ASW,CE,Combined TRACON& Tower with Radar,114,61,28,12,215,0,24,44,33,101,114,85,72,45,316,32,20,52,368
08/31/2021,ABQ,NM,ASW,CE,Combined TRACON& Tower with Radar,118,67,33,18,236,0,24,66,23,113,118,91,99,41,349,30,4,34,383
09/01/2021,ABQ,NM,ASW,CE,Combined TRACON& Tower with Radar,118,56,39,5,218,0,8,36,43,87,118,64,75,48,305,0,0,0,305
09/02/2021,ABQ,NM,ASW,CE,Combined TRACON& Tower with Radar,119,75,48,11,253,0,8,81,45,134,119,83,129,56,387,49,44,93,480
09/03/2021,ABQ,NM,ASW,CE,Combined TRACON& Tower with Radar,135,84,37,21,277,0,10,91,8,109,135,94,128,29,386,78,6,84,470
09/04/2021,ABQ,NM,ASW,CE,Combined TRACON& Tower with Radar,93,49,33,6,181,0,22,65,3,90,93,71,98,9,271,10,0,10,281
09/05/2021,ABQ,NM,ASW,CE,Combined TRACON& Tower with Radar,99,45,13,0,157,0,14,41,0,55,99,59,54,0,212,50,0,50,262
09/06/2021,ABQ,NM,ASW,CE,Combined TRACON& Tower with Radar,103,54,28,0,185,0,10,50,2,62,103,64,78,2,247,90,0,90,337
09/07/2021,ABQ,NM,ASW,CE,Combined TRACON& Tower with Radar,97,63,29,6,195,0,36,79,29,144,97,99,108,35,339,52,10,62,401
09/08/2021,ABQ,NM,ASW,CE,Combined TRACON& Tower with Radar,109,62,33,11,215,0,15,71,40,126,109,77,104,51,341,0,0,0,341
09/09/2021,ABQ,NM,ASW,CE,Combined TRACON& Tower with Radar,128,63,29,8,228,0,10,84,41,135,128,73,113,49,363,75,22,97,460
09/10/2021,ABQ,NM,ASW,CE,Combined TRACON& Tower with Radar,127,54,38,27,246,0,12,106,18,136,127,66,144,45,382,62,38,100,482
09/11/2021,ABQ,NM,ASW,CE,Combined TRACON& Tower with Radar,109,51,25,8,193,0,17,86,17,120,109,68,111,25,313,101,5,106,419
09/12/2021,ABQ,NM,ASW,CE,Combined TRACON& Tower with Radar,123,44,35,9,211,0,36,72,6,114,123,80,107,15,325,48,0,48,373
09/13/2021,ABQ,NM,ASW,CE,Combined TRACON& Tower with Radar,112,53,40,13,218,0,22,74,32,128,112,75,114,45,346,60,8,68,414
09/14/2021,ABQ,NM,ASW,CE,Combined TRACON& Tower with Radar,112,72,37,9,230,0,31,72,49,152,112,103,109,58,382,8,54,62,444
09/15/2021,ABQ,NM,ASW,CE,Combined TRACON& Tower with Radar,115,88,69,16,288,0,17,92,50,159,115,105,161,66,447,44,22,66,513
09/16/2021,ABQ,NM,ASW,CE,Combined TRACON& Tower with Radar,129,65,30,11,235,0,15,92,49,156,129,80,122,60,391,80,26,106,497
09/17/2021,ABQ,NM,ASW,CE,Combined TRACON& Tower with Radar,125,68,42,42,277,0,16,78,39,133,125,84,120,81,410,32,42,74,484
09/18/2021,ABQ,NM,ASW,CE,Combined TRACON& Tower with Radar,104,63,26,12,205,0,18,65,14,97,104,81,91,26,302,0,30,30,332
09/19/2021,ABQ,NM,ASW,CE,Combined TRACON& Tower with Radar,120,61,36,1,218,0,29,31,5,65,120,90,67,6,283,26,2,28,311
09/20/2021,ABQ,NM,ASW,CE,Combined TRACON& Tower with Radar,117,54,40,6,217,0,9,49,49,107,117,63,89,55,324,0,0,0,324
09/21/2021,ABQ,NM,ASW,CE,Combined TRACON& Tower with Radar,116,71,41,10,238,0,11,60,45,116,116,82,101,55,354,18,26,44,398
09/22/2021,ABQ,NM,ASW,CE,Combined TRACON& Tower with Radar,117,58,35,14,224,0,29,76,52,157,117,87,111,66,381,74,10,84,465
09/23/2021,ABQ,NM,ASW,CE,Combined TRACON& Tower with Radar,123,53,50,23,249,0,17,92,43,152,123,70,142,66,401,16,18,34,435
09/24/2021,ABQ,NM,ASW,CE,Combined TRACON& Tower with Radar,128,68,39,39,274,0,31,74,49,154,128,99,113,88,428,36,48,84,512
09/25/2021,ABQ,NM,ASW,CE,Combined TRACON& Tower with Radar,105,52,17,6,180,0,16,61,2,79,105,68,78,8,259,0,0,0,259
09/26/2021,ABQ,NM,ASW,CE,Combined TRACON& Tower with Radar,121,47,42,27,237,0,7,41,1,49,121,54,83,28,286,2,84,86,372
09/27/2021,ABQ,NM,ASW,CE,Combined TRACON& Tower with Radar,114,69,30,6,219,0,26,60,37,123,114,95,90,43,342,16,2,18,360
09/28/2021,ABQ,NM,ASW,CE,Combined TRACON& Tower with Radar,118,80,29,12,239,0,8,50,48,106,118,88,79,60,345,30,20,50,395
09/29/2021,ABQ,NM,ASW,CE,Combined TRACON& Tower with Radar,118,77,29,12,236,0,13,72,40,125,118,90,101,52,361,0,0,0,361
09/30/2021,ABQ,NM,ASW,CE,Combined TRACON& Tower with Radar,124,70,31,0,225,0,4,36,6,46,124,74,67,6,271,46,0,46,317
10/01/2021,ABQ,NM,ASW,CE,Combined TRACON& Tower with Radar,131,65,50,21,267,0,13,33,13,59,131,78,83,34,326,2,14,16,342
10/02/2021,ABQ,NM,ASW,CE,Combined TRACON& Tower with Radar,108,43,27,7,185,0,41,65,24,130,108,84,92,31,315,26,36,62,377
10/03/2021,ABQ,NM,ASW,CE,Combined TRACON& Tower with Radar,122,38,47,2,209,0,38,55,9,102,122,76,102,11,311,30,12,42,353
10/04/2021,ABQ,NM,ASW,CE,Combined TRACON& Tower with Radar,119,59,34,8,220,0,24,68,30,122,119,83,102,38,342,12,30,42,384
10/05/2021,ABQ,NM,ASW,CE,Combined TRACON& Tower with Radar,125,66,34,11,236,0,26,71,33,130,125,92,105,44,366,28,6,34,400
10/06/2021,ABQ,NM,ASW,CE,Combined TRACON& Tower with Radar,119,66,44,19,248,0,4,75,43,122,119,70,119,62,370,0,0,0,370
10/07/2021,ABQ,NM,ASW,CE,Combined TRACON& Tower with Radar,135,53,47,10,245,0,17,96,45,158,135,70,143,55,403,24,28,52,455
10/08/2021,ABQ,NM,ASW,CE,Combined TRACON& Tower with Radar,136,49,50,10,245,0,14,65,35,114,136,63,115,45,359,0,0,0,359
10/09/2021,ABQ,NM,ASW,CE,Combined TRACON& Tower with Radar,105,61,37,1,204,0,14,63,8,85,105,75,100,9,289,14,0,14,303
10/10/2021,ABQ,NM,ASW,CE,Combined TRACON& Tower with Radar,111,40,35,4,190,0,22,26,4,52,111,62,61,8,242,0,0,0,242
10/11/2021,ABQ,NM,ASW,CE,Combined TRACON& Tower with Radar,123,59,49,4,235,0,28,54,1,83,123,87,103,5,318,44,2,46,364
10/12/2021,ABQ,NM,ASW,CE,Combined TRACON& Tower with Radar,118,71,32,9,230,0,18,21,35,74,118,89,53,44,304,0,2,2,306
10/13/2021,ABQ,NM,ASW,CE,Combined TRACON& Tower with Radar,119,71,36,13,239,0,13,90,74,177,119,84,126,87,416,0,0,0,416
10/14/2021,ABQ,NM,ASW,CE,Combined TRACON& Tower with Radar,128,64,40,20,252,0,15,70,40,125,128,79,110,60,377,14,22,36,413
10/15/2021,ABQ,NM,ASW,CE,Combined TRACON& Tower with Radar,128,77,36,11,252,0,4,86,39,129,128,81,122,50,381,16,22,38,419
10/16/2021,ABQ,NM,ASW,CE,Combined TRACON& Tower with Radar,107,46,28,4,185,0,13,89,6,108,107,59,117,10,293,66,8,74,367
10/17/2021,ABQ,NM,ASW,CE,Combined TRACON& Tower with Radar,116,45,38,6,205,0,18,67,0,85,116,63,105,6,290,10,0,10,300
10/18/2021,ABQ,NM,ASW,CE,Combined TRACON& Tower with Radar,117,58,30,18,223,0,11,54,42,107,117,69,84,60,330,26,11,37,367
10/19/2021,ABQ,NM,ASW,CE,Combined TRACON& Tower with Radar,113,57,33,6,209,0,6,59,46,111,113,63,92,52,320,12,10,22,342
10/20/2021,ABQ,NM,ASW,CE,Combined TRACON& Tower with Radar,122,50,46,1,219,0,14,87,43,144,122,64,133,44,363,24,10,34,397
10/21/2021,ABQ,NM,ASW,CE,Combined TRACON& Tower with Radar,120,55,32,7,214,0,12,70,53,135,120,67,102,60,349,10,40,50,399
10/22/2021,ABQ,NM,ASW,CE,Combined TRACON& Tower with Radar,126,56,30,38,250,0,10,93,28,131,126,66,123,66,381,32,8,40,421
10/23/2021,ABQ,NM,ASW,CE,Combined TRACON& Tower with Radar,98,49,21,1,169,0,25,60,1,86,98,74,81,2,255,20,4,24,279
10/24/2021,ABQ,NM,ASW,CE,Combined TRACON& Tower with Radar,118,42,30,6,196,0,17,55,1,73,118,59,85,7,269,34,0,34,303
10/25/2021,ABQ,NM,ASW,CE,Combined TRACON& Tower with Radar,114,65,42,10,231,0,25,64,34,123,114,90,106,44,354,62,12,74,428
10/26/2021,ABQ,NM,ASW,CE,Combined TRACON& Tower with Radar,125,68,24,12,229,0,13,31,42,86,125,81,55,54,315,22,36,58,373
10/27/2021,ABQ,NM,ASW,CE,Combined TRACON& Tower with Radar,116,71,28,15,230,0,20,39,33,92,116,91,67,48,322,0,12,12,334
10/28/2021,ABQ,NM,ASW,CE,Combined TRACON& Tower with Radar,125,65,46,16,252,0,16,93,46,155,125,81,139,62,407,28,34,62,469
10/29/2021,ABQ,NM,ASW,CE,Combined TRACON& Tower with Radar,125,61,45,11,242,0,22,96,31,149,125,83,141,42,391,20,10,30,421
10/30/2021,ABQ,NM,ASW,CE,Combined TRACON& Tower with Radar,101,50,31,1,183,0,19,56,4,79,101,69,87,5,262,74,2,76,338
10/31/2021,ABQ,NM,ASW,CE,Combined TRACON& Tower with Radar,95,41,20,5,161,0,14,30,5,49,95,55,50,10,210,26,0,26,236
11/01/2021,ABQ,NM,ASW,CE,Combined TRACON& Tower with Radar,106,56,38,11,211,0,17,60,45,122,106,73,98,56,333,36,22,58,391
11/02/2021,ABQ,NM,ASW,CE,Combined TRACON& Tower with Radar,117,61,40,24,242,0,13,60,63,136,117,74,100,87,378,78,60,138,516
11/03/2021,ABQ,NM,ASW,CE,Combined TRACON& Tower with Radar,119,66,40,16,241,0,16,75,76,167,119,82,115,92,408,0,0,0,408
11/04/2021,ABQ,NM,ASW,CE,Combined TRACON& Tower with Radar,130,55,57,21,263,0,36,71,43,150,130,91,128,64,413,12,24,36,449
11/05/2021,ABQ,NM,ASW,CE,Combined TRACON& Tower with Radar,126,70,58,76,330,0,12,91,22,125,126,82,149,98,455,12,22,34,489
11/06/2021,ABQ,NM,ASW,CE,Combined TRACON& Tower with Radar,111,53,31,15,210,0,10,56,19,85,111,63,87,34,295,34,24,58,353
11/07/2021,ABQ,NM,ASW,CE,Combined TRACON& Tower with Radar,106,48,35,28,217,0,17,59,4,80,106,65,94,32,297,18,4,22,319
11/08/2021,ABQ,NM,ASW,CE,Combined TRACON& Tower with Radar,122,60,49,17,248,0,11,71,48,130,122,71,120,65,378,0,0,0,378
11/09/2021,ABQ,NM,ASW,CE,Combined TRACON& Tower with Radar,113,64,49,15,241,0,17,84,59,160,113,81,133,74,401,38,18,56,457
11/10/2021,ABQ,NM,ASW,CE,Combined TRACON& Tower with Radar,112,65,41,12,230,0,13,48,39,100,112,78,89,51,330,0,0,0,330
11/11/2021,ABQ,NM,ASW,CE,Combined TRACON& Tower with Radar,128,62,36,1,227,0,9,71,3,83,128,71,107,4,310,6,0,6,316
11/12/2021,ABQ,NM,ASW,CE,Combined TRACON& Tower with Radar,123,58,38,28,247,0,18,79,28,125,123,76,117,56,372,0,0,0,372
11/13/2021,ABQ,NM,ASW,CE,Combined TRACON& Tower with Radar,101,50,23,4,178,0,29,56,0,85,101,79,79,4,263,28,0,28,291
11/14/2021,ABQ,NM,ASW,CE,Combined TRACON& Tower with Radar,108,42,31,4,185,0,29,41,0,70,108,71,72,4,255,62,0,62,317
11/15/2021,ABQ,NM,ASW,CE,Combined TRACON& Tower with Radar,113,60,40,18,231,0,13,52,60,125,113,73,92,78,356,38,22,60,416
11/16/2021,ABQ,NM,ASW,CE,Combined TRACON& Tower with Radar,110,66,29,19,224,0,22,79,53,154,110,88,108,72,378,26,32,58,436
11/17/2021,ABQ,NM,ASW,CE,Combined TRACON& Tower with Radar,111,51,38,24,224,0,5,88,46,139,111,56,126,70,363,34,32,66,429
11/18/2021,ABQ,NM,ASW,CE,Combined TRACON& Tower with Radar,125,71,37,18,251,0,14,64,41,119,125,85,101,59,370,0,0,0,370
11/19/2021,ABQ,NM,ASW,CE,Combined TRACON& Tower with Radar,122,77,39,11,249,0,13,94,21,128,122,90,133,32,377,0,0,0,377
11/20/2021,ABQ,NM,ASW,CE,Combined TRACON& Tower with Radar,108,55,32,1,196,0,17,69,2,88,108,72,101,3,284,54,0,54,338
11/21/2021,ABQ,NM,ASW,CE,Combined TRACON& Tower with Radar,100,55,40,0,195,0,17,44,4,65,100,72,84,4,260,28,0,28,288
11/22/2021,ABQ,NM,ASW,CE,Combined TRACON& Tower with Radar,113,64,28,10,215,0,14,60,43,117,113,78,88,53,332,32,24,56,388
11/23/2021,ABQ,NM,ASW,CE,Combined TRACON& Tower with Radar,120,77,41,10,248,0,27,73,43,143,120,104,114,53,391,33,20,53,444
11/24/2021,ABQ,NM,ASW,CE,Combined TRACON& Tower with Radar,131,76,32,3,242,0,11,37,20,68,131,87,69,23,310,12,4,16,326
11/25/2021,ABQ,NM,ASW,CE,Combined TRACON& Tower with Radar,80,35,20,0,135,0,10,20,1,31,80,45,40,1,166,0,0,0,166
11/26/2021,ABQ,NM,ASW,CE,Combined TRACON& Tower with Radar,91,58,26,2,177,0,17,49,0,66,91,75,75,2,243,16,0,16,259
11/27/2021,ABQ,NM,ASW,CE,Combined TRACON& Tower with Radar,121,59,29,0,209,0,36,53,4,93,121,95,82,4,302,28,0,28,330
11/28/2021,ABQ,NM,ASW,CE,Combined TRACON& Tower with Radar,121,63,36,0,220,0,22,58,0,80,121,85,94,0,300,38,0,38,338
11/29/2021,ABQ,NM,ASW,CE,Combined TRACON& Tower with Radar,117,59,48,13,237,0,11,56,22,89,117,70,104,35,326,32,16,48,374
11/30/2021,ABQ,NM,ASW,CE,Combined TRACON& Tower with Radar,121,62,44,13,240,0,10,88,59,157,121,72,132,72,397,46,30,76,473
12/01/2021,ABQ,NM,ASW,CE,Combined TRACON& Tower with Radar,114,58,38,15,225,0,19,88,32,139,114,77,126,47,364,52,24,76,440
12/02/2021,ABQ,NM,ASW,CE,Combined TRACON& Tower with Radar,121,58,37,12,228,0,13,76,54,143,121,71,113,66,371,64,38,102,473
12/03/2021,ABQ,NM,ASW,CE,Combined TRACON& Tower with Radar,114,61,39,25,239,0,14,77,29,120,114,75,116,54,359,32,18,50,409
12/04/2021,ABQ,NM,ASW,CE,Combined TRACON& Tower with Radar,95,51,42,4,192,0,16,71,18,105,95,67,113,22,297,84,0,84,381
12/05/2021,ABQ,NM,ASW,CE,Combined TRACON& Tower with Radar,109,42,45,6,202,0,19,44,2,65,109,61,89,8,267,42,4,46,313
12/06/2021,ABQ,NM,ASW,CE,Combined TRACON& Tower with Radar,110,64,47,11,232,0,17,54,47,118,110,81,101,58,350,46,32,78,428
12/07/2021,ABQ,NM,ASW,CE,Combined TRACON& Tower with Radar,107,62,44,9,222,4,9,58,43,114,111,71,102,52,336,24,28,52,388
12/08/2021,ABQ,NM,ASW,CE,Combined TRACON& Tower with Radar,116,73,42,9,240,0,18,84,50,152,116,91,126,59,392,48,32,80,472
12/09/2021,ABQ,NM,ASW,CE,Combined TRACON& Tower with Radar,117,74,48,14,253,0,8,65,38,111,117,82,113,52,364,34,16,50,414
12/10/2021,ABQ,NM,ASW,CE,Combined TRACON& Tower with Radar,112,69,52,7,240,0,6,27,11,44,112,75,79,18,284,0,0,0,284
12/11/2021,ABQ,NM,ASW,CE,Combined TRACON& Tower with Radar,99,49,46,1,195,0,7,68,3,78,99,56,114,4,273,0,0,0,273
12/12/2021,ABQ,NM,ASW,CE,Combined TRACON& Tower with Radar,103,54,41,1,199,0,19,44,3,66,103,73,85,4,265,50,0,50,315
12/13/2021,ABQ,NM,ASW,CE,Combined TRACON& Tower with Radar,109,72,36,8,225,0,12,59,37,108,109,84,95,45,333,54,30,84,417
12/14/2021,ABQ,NM,ASW,CE,Combined TRACON& Tower with Radar,114,69,20,6,209,0,10,59,47,116,114,79,79,53,325,4,18,22,347
12/15/2021,ABQ,NM,ASW,CE,Combined TRACON& Tower with Radar,116,69,47,5,237,0,4,29,35,68,116,73,76,40,305,0,0,0,305
12/16/2021,ABQ,NM,ASW,CE,Combined TRACON& Tower with Radar,129,63,46,9,247,0,26,95,50,171,129,89,141,59,418,14,48,62,480
12/17/2021,ABQ,NM,ASW,CE,Combined TRACON& Tower with Radar,128,73,44,9,254,11,27,70,17,125,139,100,114,26,379,22,4,26,405
12/18/2021,ABQ,NM,ASW,CE,Combined TRACON& Tower with Radar,123,70,38,6,237,0,16,67,7,90,123,86,105,13,327,40,0,40,367
12/19/2021,ABQ,NM,ASW,CE,Combined TRACON& Tower with Radar,114,34,40,3,191,0,17,64,2,83,114,51,104,5,274,30,0,30,304
12/20/2021,ABQ,NM,ASW,CE,Combined TRACON& Tower with Radar,117,53,28,13,211,0,24,65,24,113,117,77,93,37,324,20,22,42,366
12/21/2021,ABQ,NM,ASW,CE,Combined TRACON& Tower with Radar,122,73,32,10,237,0,17,73,45,135,122,90,105,55,372,32,38,70,442
12/22/2021,ABQ,NM,ASW,CE,Combined TRACON& Tower with Radar,126,54,34,7,221,0,11,83,38,132,126,65,117,45,353,18,2,20,373
12/23/2021,ABQ,NM,ASW,CE,Combined TRACON& Tower with Radar,130,61,28,11,230,0,4,69,5,78,130,65,97,16,308,36,0,36,344
12/24/2021,ABQ,NM,ASW,CE,Combined TRACON& Tower with Radar,109,59,11,0,179,0,2,22,0,24,109,61,33,0,203,0,0,0,203
12/25/2021,ABQ,NM,ASW,CE,Combined TRACON& Tower with Radar,87,35,10,0,132,0,4,5,0,9,87,39,15,0,141,20,0,20,161
12/26/2021,ABQ,NM,ASW,CE,Combined TRACON& Tower with Radar,116,45,21,0,182,0,11,7,1,19,116,56,28,1,201,2,0,2,203
12/27/2021,ABQ,NM,ASW,CE,Combined TRACON& Tower with Radar,111,64,35,2,212,0,22,50,0,72,111,86,85,2,284,77,0,77,361
12/28/2021,ABQ,NM,ASW,CE,Combined TRACON& Tower with Radar,125,65,23,8,221,0,7,35,22,64,125,72,58,30,285,6,32,38,323
12/29/2021,ABQ,NM,ASW,CE,Combined TRACON& Tower with Radar,120,64,30,1,215,0,5,54,13,72,120,69,84,14,287,30,0,30,317
12/30/2021,ABQ,NM,ASW,CE,Combined TRACON& Tower with Radar,125,63,34,4,226,0,4,70,19,93,125,67,104,23,319,62,0,62,381
12/31/2021,ABQ,NM,ASW,CE,Combined TRACON& Tower with Radar,103,58,25,0,186,0,4,31,0,35,103,62,56,0,221,0,0,0,221
01/01/2022,ABQ,NM,ASW,CE,Combined TRACON& Tower with Radar,83,39,22,0,144,0,7,6,0,13,83,46,28,0,157,0,0,0,157
01/02/2022,ABQ,NM,ASW,CE,Combined TRACON& Tower with Radar,95,42,31,0,168,0,21,41,1,63,95,63,72,1,231,62,0,62,293
01/03/2022,ABQ,NM,ASW,CE,Combined TRACON& Tower with Radar,112,59,33,1,205,0,19,50,2,71,112,78,83,3,276,72,0,72,348
01/04/2022,ABQ,NM,ASW,CE,Combined TRACON& Tower with Radar,100,60,18,9,187,0,26,59,1,86,100,86,77,10,273,20,10,30,303
01/05/2022,ABQ,NM,ASW,CE,Combined TRACON& Tower with Radar,95,56,25,5,181,0,11,70,39,120,95,67,95,44,301,16,38,54,355
01/06/2022,ABQ,NM,ASW,CE,Combined TRACON& Tower with Radar,99,67,28,7,201,0,14,79,45,138,99,81,107,52,339,34,26,60,399
01/07/2022,ABQ,NM,ASW,CE,Combined TRACON& Tower with Radar,100,58,42,52,252,0,27,76,15,118,100,85,118,67,370,27,27,54,424
01/08/2022,ABQ,NM,ASW,CE,Combined TRACON& Tower with Radar,85,61,25,19,190,0,9,50,20,79,85,70,75,39,269,52,14,66,335
01/09/2022,ABQ,NM,ASW,CE,Combined TRACON& Tower with Radar,95,51,36,14,196,0,15,52,3,70,95,66,88,17,266,68,8,76,342
01/10/2022,ABQ,NM,ASW,CE,Combined TRACON& Tower with Radar,90,58,30,24,202,0,10,58,37,105,90,68,88,61,307,20,22,42,349
01/11/2022,ABQ,NM,ASW,CE,Combined TRACON& Tower with Radar,95,54,24,22,195,0,16,66,34,116,95,70,90,56,311,102,32,134,445
01/12/2022,ABQ,NM,ASW,CE,Combined TRACON& Tower with Radar,106,46,34,13,199,8,8,61,42,119,114,54,95,55,318,44,34,78,396
01/13/2022,ABQ,NM,ASW,CE,Combined TRACON& Tower with Radar,105,50,33,7,195,0,17,77,57,151,105,67,110,64,346,26,40,66,412
01/14/2022,ABQ,NM,ASW,CE,Combined TRACON& Tower with Radar,109,59,57,18,243,0,26,47,16,89,109,85,104,34,332,24,8,32,364
01/15/2022,ABQ,NM,ASW,CE,Combined TRACON& Tower with Radar,85,46,19,7,157,0,17,74,0,91,85,63,93,7,248,58,0,58,306
01/16/2022,ABQ,NM,ASW,CE,Combined TRACON& Tower with Radar,88,32,22,1,143,0,7,49,2,58,88,39,71,3,201,0,0,0,201
01/17/2022,ABQ,NM,ASW,CE,Combined TRACON& Tower with Radar,99,54,20,5,178,0,29,63,2,94,99,83,83,7,272,28,2,30,302
01/18/2022,ABQ,NM,ASW,CE,Combined TRACON& Tower with Radar,105,66,30,9,210,0,26,62,55,143,105,92,92,64,353,44,28,72,425
01/19/2022,ABQ,NM,ASW,CE,Combined TRACON& Tower with Radar,110,71,36,9,226,0,3,61,50,114,110,74,97,59,340,24,40,64,404
01/20/2022,ABQ,NM,ASW,CE,Combined TRACON& Tower with Radar,115,60,65,7,247,0,5,65,45,115,115,65,130,52,362,46,24,70,432
01/21/2022,ABQ,NM,ASW,CE,Combined TRACON& Tower with Radar,104,65,40,13,222,10,10,66,26,112,114,75,106,39,334,18,40,58,392
01/22/2022,ABQ,NM,ASW,CE,Combined TRACON& Tower with Radar,96,57,21,2,176,0,16,20,0,36,96,73,41,2,212,2,0,2,214
01/23/2022,ABQ,NM,ASW,CE,Combined TRACON& Tower with Radar,94,51,35,55,235,0,14,61,7,82,94,65,96,62,317,76,48,124,441
01/24/2022,ABQ,NM,ASW,CE,Combined TRACON& Tower with Radar,101,55,35,8,199,0,15,54,35,104,101,70,89,43,303,32,16,48,351
01/25/2022,ABQ,NM,ASW,CE,Combined TRACON& Tower with Radar,109,64,30,11,214,0,10,84,33,127,109,74,114,44,341,0,0,0,341
01/26/2022,ABQ,NM,ASW,CE,Combined TRACON& Tower with Radar,111,73,40,16,240,0,8,38,36,82,111,81,78,52,322,0,0,0,322
01/27/2022,ABQ,NM,ASW,CE,Combined TRACON& Tower with Radar,114,74,44,12,244,0,8,79,31,118,114,82,123,43,362,20,16,36,398
01/28/2022,ABQ,NM,ASW,CE,Combined TRACON& Tower with Radar,108,74,29,45,256,0,12,58,26,96,108,86,87,71,352,0,0,0,352
01/29/2022,ABQ,NM,ASW,CE,Combined TRACON& Tower with Radar,84,54,27,0,165,0,12,70,2,84,84,66,97,2,249,0,0,0,249
01/30/2022,ABQ,NM,ASW,CE,Combined TRACON& Tower with Radar,98,40,31,5,174,0,12,44,2,58,98,52,75,7,232,76,2,78,310
01/31/2022,ABQ,NM,ASW,CE,Combined TRACON& Tower with Radar,100,61,21,23,205,0,8,52,39,99,100,69,73,62,304,12,18,30,334
02/01/2022,ABQ,NM,ASW,CE,Combined TRACON& Tower with Radar,103,69,45,25,242,1,18,52,62,133,104,87,97,87,375,30,36,66,441
02/02/2022,ABQ,NM,ASW,CE,Combined TRACON& Tower with Radar,94,49,23,3,169,0,2,6,0,8,94,51,29,3,177,0,0,0,177
02/03/2022,ABQ,NM,ASW,CE,Combined TRACON& Tower with Radar,82,48,27,7,164,0,6,51,19,76,82,54,78,26,240,24,18,42,282
02/04/2022,ABQ,NM,ASW,CE,Combined TRACON& Tower with Radar,90,67,39,12,208,0,11,65,16,92,90,78,104,28,300,0,0,0,300
02/05/2022,ABQ,NM,ASW,CE,Combined TRACON& Tower with Radar,83,55,34,11,183,0,18,60,7,85,83,73,94,18,268,34,6,40,308
02/06/2022,ABQ,NM,ASW,CE,Combined TRACON& Tower with Radar,90,33,25,2,150,0,3,28,1,32,90,36,53,3,182,30,2,32,214
02/07/2022,ABQ,NM,ASW,CE,Combined TRACON& Tower with Radar,157,81,37,30,305,0,23,64,67,154,157,104,101,97,459,52,8,60,519
02/08/2022,ABQ,NM,ASW,CE,Combined TRACON& Tower with Radar,108,53,37,11,209,0,19,61,50,130,108,72,98,61,339,42,26,68,407
02/09/2022,ABQ,NM,ASW,CE,Combined TRACON& Tower with Radar,108,55,59,16,238,0,18,74,36,128,108,73,133,52,366,40,8,48,414
02/10/2022,ABQ,NM,ASW,CE,Combined TRACON& Tower with Radar,120,65,44,6,235,0,16,67,39,122,120,81,111,45,357,22,24,46,403
02/11/2022,ABQ,NM,ASW,CE,Combined TRACON& Tower with Radar,116,73,40,20,249,0,13,83,23,119,116,86,123,43,368,34,20,54,422
02/12/2022,ABQ,NM,ASW,CE,Combined TRACON& Tower with Radar,90,48,21,14,173,0,26,32,6,64,90,74,53,20,237,48,0,48,285
02/13/2022,ABQ,NM,ASW,CE,Combined TRACON& Tower with Radar,95,44,28,19,186,0,7,42,4,53,95,51,70,23,239,18,0,18,257
02/14/2022,ABQ,NM,ASW,CE,Combined TRACON& Tower with Radar,104,55,31,24,214,0,19,51,45,115,104,74,82,69,329,22,24,46,375
02/15/2022,ABQ,NM,ASW,CE,Combined TRACON& Tower with Radar,112,76,40,16,244,0,25,55,45,125,112,101,95,61,369,18,44,62,431
02/16/2022,ABQ,NM,ASW,CE,Combined TRACON& Tower with Radar,107,85,27,8,227,0,11,42,30,83,107,96,69,38,310,0,0,0,310
02/17/2022,ABQ,NM,ASW,CE,Combined TRACON& Tower with Radar,115,79,38,5,237,0,2,14,38,54,115,81,52,43,291,8,12,20,311
02/18/2022,ABQ,NM,ASW,CE,Combined TRACON& Tower with Radar,130,63,30,25,248,0,6,70,20,96,130,69,100,45,344,0,0,0,344
02/19/2022,ABQ,NM,ASW,CE,Combined TRACON& Tower with Radar,87,55,24,3,169,0,10,86,0,96,87,65,110,3,265,0,0,0,265
02/20/2022,ABQ,NM,ASW,CE,Combined TRACON& Tower with Radar,100,49,38,3,190,0,17,51,2,70,100,66,89,5,260,46,0,46,306
02/21/2022,ABQ,NM,ASW,CE,Combined TRACON& Tower with Radar,112,61,38,2,213,0,3,47,0,50,112,64,85,2,263,0,0,0,263
02/22/2022,ABQ,NM,ASW,CE,Combined TRACON& Tower with Radar,113,79,28,10,230,0,12,36,33,81,113,91,64,43,311,26,10,36,347
02/23/2022,ABQ,NM,ASW,CE,Combined TRACON& Tower with Radar,110,58,36,10,214,0,3,31,5,39,110,61,67,15,253,0,0,0,253
02/24/2022,ABQ,NM,ASW,CE,Combined TRACON& Tower with Radar,103,81,43,10,237,0,11,38,33,82,103,92,81,43,319,0,0,0,319
02/25/2022,ABQ,NM,ASW,CE,Combined TRACON& Tower with Radar,125,64,58,16,263,0,17,91,37,145,125,81,149,53,408,0,0,0,408
02/26/2022,ABQ,NM,ASW,CE,Combined TRACON& Tower with Radar,93,59,31,11,194,0,16,68,0,84,93,75,99,11,278,64,4,68,346
02/27/2022,ABQ,NM,ASW,CE,Combined TRACON& Tower with Radar,108,48,39,6,201,0,7,59,4,70,108,55,98,10,271,0,0,0,271
02/28/2022,ABQ,NM,ASW,CE,Combined TRACON& Tower with Radar,106,61,30,15,212,0,25,60,52,137,106,86,90,67,349,70,10,80,429
03/01/2022,ABQ,NM,ASW,CE,Combined TRACON& Tower with Radar,118,67,28,32,245,0,9,86,47,142,118,76,114,79,387,4,26,30,417
03/02/2022,ABQ,NM,ASW,CE,Combined TRACON& Tower with Radar,119,58,36,24,237,0,26,91,59,176,119,84,127,83,413,68,6,74,487
03/03/2022,ABQ,NM,ASW,CE,Combined TRACON& Tower with Radar,126,79,45,13,263,0,12,93,57,162,126,91,138,70,425,68,14,82,507
03/04/2022,ABQ,NM,ASW,CE,Combined TRACON& Tower with Radar,120,69,30,14,233,0,10,24,28,62,120,79,54,42,295,0,0,0,295
03/05/2022,ABQ,NM,ASW,CE,Combined TRACON& Tower with Radar,92,59,24,7,182,4,3,52,20,79,96,62,76,27,261,90,24,114,375
03/06/2022,ABQ,NM,ASW,CE,Combined TRACON& Tower with Radar,104,51,18,7,180,0,9,10,3,22,104,60,28,10,202,12,4,16,218
03/07/2022,ABQ,NM,ASW,CE,Combined TRACON& Tower with Radar,112,69,40,34,255,0,17,53,42,112,112,86,93,76,367,20,16,36,403
03/08/2022,ABQ,NM,ASW,CE,Combined TRACON& Tower with Radar,115,69,33,20,237,0,10,84,52,146,115,79,117,72,383,24,20,44,427
03/09/2022,ABQ,NM,ASW,CE,Combined TRACON& Tower with Radar,115,64,42,15,236,0,9,57,42,108,115,73,99,57,344,16,2,18,362
03/10/2022,ABQ,NM,ASW,CE,Combined TRACON& Tower with Radar,122,70,54,17,263,5,5,47,47,104,127,75,101,64,367,16,0,16,383
03/11/2022,ABQ,NM,ASW,CE,Combined TRACON& Tower with Radar,123,67,43,15,248,14,11,48,22,95,137,78,91,37,343,36,2,38,381
03/12/2022,ABQ,NM,ASW,CE,Combined TRACON& Tower with Radar,96,50,28,5,179,0,16,121,1,138,96,66,149,6,317,60,0,60,377
03/13/2022,ABQ,NM,ASW,CE,Combined TRACON& Tower with Radar,106,45,45,1,197,0,33,61,3,97,106,78,106,4,294,24,4,28,322
03/14/2022,ABQ,NM,ASW,CE,Combined TRACON& Tower with Radar,112,49,37,14,212,0,22,56,53,131,112,71,93,67,343,46,20,66,409
03/15/2022,ABQ,NM,ASW,CE,Combined TRACON& Tower with Radar,133,59,36,10,238,0,23,86,37,146,133,82,122,47,384,12,6,18,402
03/16/2022,ABQ,NM,ASW,CE,Combined TRACON& Tower with Radar,119,63,46,4,232,0,16,102,36,154,119,79,148,40,386,0,0,0,386
03/17/2022,ABQ,NM,ASW,CE,Combined TRACON& Tower with Radar,121,69,42,10,242,0,10,22,51,83,121,79,64,61,325,14,32,46,371
03/18/2022,ABQ,NM,ASW,CE,Combined TRACON& Tower with Radar,115,75,38,21,249,0,11,98,21,130,115,86,136,42,379,0,0,0,379
03/19/2022,ABQ,NM,ASW,CE,Combined TRACON& Tower with Radar,99,46,31,2,178,0,8,86,3,97,99,54,117,5,275,28,0,28,303
03/20/2022,ABQ,NM,ASW,CE,Combined TRACON& Tower with Radar,115,42,29,8,194,0,9,47,3,59,115,51,76,11,253,58,0,58,311
03/21/2022,ABQ,NM,ASW,CE,Combined TRACON& Tower with Radar,110,63,27,28,228,0,0,20,40,60,110,63,47,68,288,0,0,0,288
03/22/2022,ABQ,NM,ASW,CE,Combined TRACON& Tower with Radar,127,62,43,13,245,0,8,16,35,59,127,70,59,48,304,0,6,6,310
03/23/2022,ABQ,NM,ASW,CE,Combined TRACON& Tower with Radar,127,73,43,15,258,0,7,26,21,54,127,80,69,36,312,0,0,0,312
03/24/2022,ABQ,NM,ASW,CE,Combined TRACON& Tower with Radar,126,55,50,12,243,0,5,102,39,146,126,60,152,51,389,58,42,100,489
03/25/2022,ABQ,NM,ASW,CE,Combined TRACON& Tower with Radar,123,50,34,23,230,0,25,100,14,139,123,75,134,37,369,52,12,64,433
03/26/2022,ABQ,NM,ASW,CE,Combined TRACON& Tower with Radar,98,45,34,4,181,0,33,85,0,118,98,78,119,4,299,100,0,100,399
03/27/2022,ABQ,NM,ASW,CE,Combined TRACON& Tower with Radar,114,42,30,16,202,0,24,65,0,89,114,66,95,16,291,72,4,76,367
03/28/2022,ABQ,NM,ASW,CE,Combined TRACON& Tower with Radar,117,60,36,22,235,0,11,78,70,159,117,71,114,92,394,38,18,56,450
03/29/2022,ABQ,NM,ASW,CE,Combined TRACON& Tower with Radar,127,72,37,11,247,1,1,42,49,93,128,73,79,60,340,22,14,36,376
03/30/2022,ABQ,NM,ASW,CE,Combined TRACON& Tower with Radar,125,79,39,14,257,0,16,32,54,102,125,95,71,68,359,22,16,38,397
03/31/2022,ABQ,NM,ASW,CE,Combined TRACON& Tower with Radar,122,58,47,15,242,0,24,91,51,166,122,82,138,66,408,28,4,32,440
04/01/2022,ABQ,NM,ASW,CE,Combined TRACON& Tower with Radar,121,68,24,9,222,0,16,53,11,80,121,84,77,20,302,32,0,32,334
04/02/2022,ABQ,NM,ASW,CE,Combined TRACON& Tower with Radar,99,44,35,1,179,0,16,91,15,122,99,60,126,16,301,6,18,24,325
04/03/2022,ABQ,NM,ASW,CE,Combined TRACON& Tower with Radar,112,40,26,6,184,0,24,50,7,81,112,64,76,13,265,10,2,12,277
04/04/2022,ABQ,NM,ASW,CE,Combined TRACON& Tower with Radar,118,69,34,9,230,0,21,70,48,139,118,90,104,57,369,64,30,94,463
04/05/2022,ABQ,NM,ASW,CE,Combined TRACON& Tower with Radar,117,54,27,8,206,0,3,38,37,78,117,57,65,45,284,14,12,26,310
04/06/2022,ABQ,NM,ASW,CE,Combined TRACON& Tower with Radar,123,53,17,13,206,0,6,35,40,81,123,59,52,53,287,6,24,30,317
04/07/2022,ABQ,NM,ASW,CE,Combined TRACON& Tower with Radar,129,68,33,5,235,0,15,75,54,144,129,83,108,59,379,66,16,82,461
04/08/2022,ABQ,NM,ASW,CE,Combined TRACON& Tower with Radar,123,59,26,36,244,0,14,94,34,142,123,73,120,70,386,62,56,118,504
04/09/2022,ABQ,NM,ASW,CE,Combined TRACON& Tower with Radar,100,43,21,4,168,0,21,63,4,88,100,64,84,8,256,54,2,56,312
04/10/2022,ABQ,NM,ASW,CE,Combined TRACON& Tower with Radar,112,57,26,13,208,0,14,21,11,46,112,71,47,24,254,14,8,22,276
04/11/2022,ABQ,NM,ASW,CE,Combined TRACON& Tower with Radar,117,62,33,15,227,0,6,57,38,101,117,68,90,53,328,26,14,40,368
04/12/2022,ABQ,NM,ASW,CE,Combined TRACON& Tower with Radar,123,73,14,6,216,0,5,35,5,45,123,78,49,11,261,4,3,7,268
04/13/2022,ABQ,NM,ASW,CE,Combined TRACON& Tower with Radar,120,66,38,18,242,0,12,53,58,123,120,78,91,76,365,16,22,38,403
04/14/2022,ABQ,NM,ASW,CE,Combined TRACON& Tower with Radar,130,62,43,31,266,0,16,97,38,151,130,78,140,69,417,32,34,66,483
04/15/2022,ABQ,NM,ASW,CE,Combined TRACON& Tower with Radar,118,65,40,21,244,0,13,77,24,114,118,78,117,45,358,28,0,28,386
04/16/2022,ABQ,NM,ASW,CE,Combined TRACON& Tower with Radar,102,44,33,0,179,0,11,58,4,73,102,55,91,4,252,0,0,0,252
04/17/2022,ABQ,NM,ASW,CE,Combined TRACON& Tower with Radar,111,45,12,8,176,0,19,37,11,67,111,64,49,19,243,56,0,56,299
04/18/2022,ABQ,NM,ASW,CE,Combined TRACON& Tower with Radar,117,54,34,9,214,0,31,92,57,180,117,85,126,66,394,32,4,36,430
04/19/2022,ABQ,NM,ASW,CE,Combined TRACON& Tower with Radar,122,60,36,13,231,0,12,74,72,158,122,72,110,85,389,50,2,52,441
04/20/2022,ABQ,NM,ASW,CE,Combined TRACON& Tower with Radar,127,48,37,5,217,0,5,79,48,132,127,53,116,53,349,2,26,28,377
04/21/2022,ABQ,NM,ASW,CE,Combined TRACON& Tower with Radar,126,61,37,13,237,0,16,153,50,219,126,77,190,63,456,74,0,74,530
04/22/2022,ABQ,NM,ASW,CE,Combined TRACON& Tower with Radar,121,51,24,5,201,0,6,28,8,42,121,57,52,13,243,0,0,0,243
04/23/2022,ABQ,NM,ASW,CE,Combined TRACON& Tower with Radar,103,52,29,8,192,0,23,127,6,156,103,75,156,14,348,42,0,42,390
04/24/2022,ABQ,NM,ASW,CE,Combined TRACON& Tower with Radar,113,48,24,4,189,0,11,104,9,124,113,59,128,13,313,0,0,0,313
04/25/2022,ABQ,NM,ASW,CE,Combined TRACON& Tower with Radar,111,58,27,25,221,0,20,98,54,172,111,78,125,79,393,20,22,42,435
04/26/2022,ABQ,NM,ASW,CE,Combined TRACON& Tower with Radar,123,68,47,10,248,1,25,110,75,211,124,93,157,85,459,30,38,68,527
04/27/2022,ABQ,NM,ASW,CE,Combined TRACON& Tower with Radar,136,65,32,12,245,0,13,85,65,163,136,78,117,77,408,6,18,24,432
04/28/2022,ABQ,NM,ASW,CE,Combined TRACON& Tower with Radar,127,63,40,12,242,0,15,112,42,169,127,78,152,54,411,12,24,36,447
04/29/2022,ABQ,NM,ASW,CE,Combined TRACON& Tower with Radar,121,72,25,15,233,1,13,55,29,98,122,85,80,44,331,28,12,40,371
04/30/2022,ABQ,NM,ASW,CE,Combined TRACON& Tower with Radar,99,50,39,3,191,2,26,133,4,165,101,76,172,7,356,64,0,64,420
05/01/2022,ABQ,NM,ASW,CE,Combined TRACON& Tower with Radar,116,37,51,4,208,4,10,87,4,105,120,47,138,8,313,28,0,28,341
05/02/2022,ABQ,NM,ASW,CE,Combined TRACON& Tower with Radar,108,63,25,7,203,1,18,85,62,166,109,81,110,69,369,66,10,76,445
05/03/2022,ABQ,NM,ASW,CE,Combined TRACON& Tower with Radar,129,67,37,15,248,0,17,146,35,198,129,84,183,50,446,38,4,42,488
05/04/2022,ABQ,NM,ASW,CE,Combined TRACON& Tower with Radar,121,71,19,5,216,0,9,89,50,148,121,80,108,55,364,0,0,0,364
05/05/2022,ABQ,NM,ASW,CE,Combined TRACON& Tower with Radar,132,54,39,8,233,12,6,174,57,249,144,60,213,65,482,52,8,60,542
05/06/2022,ABQ,NM,ASW,CE,Combined TRACON& Tower with Radar,132,55,40,24,251,1,29,162,25,217,133,84,202,49,468,60,26,86,554
05/07/2022,ABQ,NM,ASW,CE,Combined TRACON& Tower with Radar,113,45,25,7,190,0,22,63,10,95,113,67,88,17,285,34,0,34,319
05/08/2022,ABQ,NM,ASW,CE,Combined TRACON& Tower with Radar,116,34,21,7,178,0,3,29,2,34,116,37,50,9,212,34,0,34,246
05/09/2022,ABQ,NM,ASW,CE,Combined TRACON& Tower with Radar,120,63,20,6,209,0,20,49,44,113,120,83,69,50,322,18,28,46,368
05/10/2022,ABQ,NM,ASW,CE,Combined TRACON& Tower with Radar,135,57,26,8,226,0,27,139,60,226,135,84,165,68,452,66,20,86,538
05/11/2022,ABQ,NM,ASW,CE,Combined TRACON& Tower with Radar,134,68,26,8,236,0,29,66,54,149,134,97,92,62,385,2,18,20,405
05/12/2022,ABQ,NM,ASW,CE,Combined TRACON& Tower with Radar,139,54,34,20,247,0,14,96,59,169,139,68,130,79,416,0,26,26,442
05/13/2022,ABQ,NM,ASW,CE,Combined TRACON& Tower with Radar,132,51,28,19,230,1,10,147,42,200,133,61,175,61,430,42,4,46,476
05/14/2022,ABQ,NM,ASW,CE,Combined TRACON& Tower with Radar,114,47,29,4,194,0,22,106,37,165,114,69,135,41,359,52,14,66,425
05/15/2022,ABQ,NM,ASW,CE,Combined TRACON& Tower with Radar,118,45,36,12,211,0,11,89,20,120,118,56,125,32,331,38,8,46,377
05/16/2022,ABQ,NM,ASW,CE,Combined TRACON& Tower with Radar,122,56,28,10,216,0,23,76,56,155,122,79,104,66,371,6,6,12,383
05/17/2022,ABQ,NM,ASW,CE,Combined TRACON& Tower with Radar,140,65,45,11,261,0,21,111,65,197,140,86,156,76,458,18,44,62,520
05/18/2022,ABQ,NM,ASW,CE,Combined TRACON& Tower with Radar,133,53,51,14,251,0,13,162,60,235,133,66,213,74,486,0,32,32,518
05/19/2022,ABQ,NM,ASW,CE,Combined TRACON& Tower with Radar,137,60,47,18,262,0,26,114,49,189,137,86,161,67,451,0,0,0,451
05/20/2022,ABQ,NM,ASW,CE,Combined TRACON& Tower with Radar,128,56,29,5,218,0,16,78,18,112,128,72,107,23,330,0,0,0,330
05/21/2022,ABQ,NM,ASW,CE,Combined TRACON& Tower with Radar,112,49,26,20,207,0,15,76,10,101,112,64,102,30,308,0,0,0,308
05/22/2022,ABQ,NM,ASW,CE,Combined TRACON& Tower with Radar,117,54,37,11,219,0,22,19,5,46,117,76,56,16,265,0,0,0,265
05/23/2022,ABQ,NM,ASW,CE,Combined TRACON& Tower with Radar,119,55,29,4,207,0,10,75,44,129,119,65,104,48,336,45,6,51,387
05/24/2022,ABQ,NM,ASW,CE,Combined TRACON& Tower with Radar,134,53,48,11,246,0,21,86,41,148,134,74,134,52,394,38,4,42,436
05/25/2022,ABQ,NM,ASW,CE,Combined TRACON& Tower with Radar,136,56,61,12,265,0,29,99,37,165,136,85,160,49,430,44,12,56,486
05/26/2022,ABQ,NM,ASW,CE,Combined TRACON& Tower with Radar,140,62,59,4,265,0,11,129,31,171,140,73,188,35,436,44,8,52,488
05/27/2022,ABQ,NM,ASW,CE,Combined TRACON& Tower with Radar,129,58,57,3,247,0,17,119,6,142,129,75,176,9,389,10,0,10,399
05/28/2022,ABQ,NM,ASW,CE,Combined TRACON& Tower with Radar,110,45,28,4,187,0,11,52,1,64,110,56,80,5,251,76,0,76,327
05/29/2022,ABQ,NM,ASW,CE,Combined TRACON& Tower with Radar,125,38,29,2,194,0,14,35,2,51,125,52,64,4,245,22,0,22,267
05/30/2022,ABQ,NM,ASW,CE,Combined TRACON& Tower with Radar,119,50,34,2,205,0,5,45,0,50,119,55,79,2,255,4,0,4,259
05/31/2022,ABQ,NM,ASW,CE,Combined TRACON& Tower with Radar,126,40,28,9,203,0,19,85,35,139,126,59,113,44,342,60,22,82,424
06/01/2022,ABQ,NM,ASW,CE,Combined TRACON& Tower with Radar,127,40,28,26,221,0,20,63,37,120,127,60,91,63,341,20,10,30,371
06/02/2022,ABQ,NM,ASW,CE,Combined TRACON& Tower with Radar,132,51,46,10,239,0,5,90,45,140,132,56,136,55,379,10,24,34,413
06/03/2022,ABQ,NM,ASW,CE,Combined TRACON& Tower with Radar,125,56,29,11,221,0,10,90,44,144,125,66,119,55,365,12,10,22,387
06/04/2022,ABQ,NM,ASW,CE,Combined TRACON& Tower with Radar,106,54,33,8,201,2,15,77,10,104,108,69,110,18,305,16,0,16,321
06/05/2022,ABQ,NM,ASW,CE,Combined TRACON& Tower with Radar,123,47,46,2,218,0,12,56,4,72,123,59,102,6,290,12,0,12,302
06/06/2022,ABQ,NM,ASW,CE,Combined TRACON& Tower with Radar,116,61,35,12,224,0,11,60,39,110,116,72,95,51,334,24,18,42,376
06/07/2022,ABQ,NM,ASW,CE,Combined TRACON& Tower with Radar,128,59,47,8,242,0,23,107,50,180,128,82,154,58,422,92,0,92,514
06/08/2022,ABQ,NM,ASW,CE,Combined TRACON& Tower with Radar,124,61,38,12,235,0,9,82,40,131,124,70,120,52,366,14,12,26,392
06/09/2022,ABQ,NM,ASW,CE,Combined TRACON& Tower with Radar,135,58,36,14,243,0,7,120,49,176,135,65,156,63,419,44,20,64,483
06/10/2022,ABQ,NM,ASW,CE,Combined TRACON& Tower with Radar,124,81,42,18,265,0,23,154,29,206,124,104,196,47,471,128,28,156,627
06/11/2022,ABQ,NM,ASW,CE,Combined TRACON& Tower with Radar,115,47,24,11,197,1,8,74,3,86,116,55,98,14,283,12,0,12,295
06/12/2022,ABQ,NM,ASW,CE,Combined TRACON& Tower with Radar,120,44,34,11,209,0,10,63,6,79,120,54,97,17,288,22,4,26,314
06/13/2022,ABQ,NM,ASW,CE,Combined TRACON& Tower with Radar,120,69,39,8,236,0,9,69,30,108,120,78,108,38,344,56,4,60,404
06/14/2022,ABQ,NM,ASW,CE,Combined TRACON& Tower with Radar,126,62,31,10,229,1,20,102,49,172,127,82,133,59,401,28,54,82,483
06/15/2022,ABQ,NM,ASW,CE,Combined TRACON& Tower with Radar,123,64,30,11,228,0,9,111,48,168,123,73,141,59,396,34,20,54,450
06/16/2022,ABQ,NM,ASW,CE,Combined TRACON& Tower with Radar,129,63,39,12,243,0,10,85,52,147,129,73,124,64,390,68,48,116,506
06/17/2022,ABQ,NM,ASW,CE,Combined TRACON& Tower with Radar,132,63,31,2,228,0,10,68,22,100,132,73,99,24,328,66,20,86,414
06/18/2022,ABQ,NM,ASW,CE,Combined TRACON& Tower with Radar,116,47,34,2,199,0,16,58,1,75,116,63,92,3,274,60,6,66,340
06/19/2022,ABQ,NM,ASW,CE,Combined TRACON& Tower with Radar,117,43,39,2,201,0,11,26,3,40,117,54,65,5,241,46,0,46,287
06/20/2022,ABQ,NM,ASW,CE,Combined TRACON& Tower with Radar,116,59,49,11,235,0,11,57,7,75,116,70,106,18,310,86,4,90,400
06/21/2022,ABQ,NM,ASW,CE,Combined TRACON& Tower with Radar,129,66,32,21,248,0,8,45,33,86,129,74,77,54,334,38,38,76,410
06/22/2022,ABQ,NM,ASW,CE,Combined TRACON& Tower with Radar,124,52,32,9,217,0,0,23,42,65,124,52,55,51,282,6,26,32,314
06/23/2022,ABQ,NM,ASW,CE,Combined TRACON& Tower with Radar,147,64,29,7,247,0,12,65,43,120,147,76,94,50,367,94,26,120,487
06/24/2022,ABQ,NM,ASW,CE,Combined TRACON& Tower with Radar,124,58,45,20,247,0,19,57,48,124,124,77,102,68,371,48,24,72,443
06/25/2022,ABQ,NM,ASW,CE,Combined TRACON& Tower with Radar,119,40,25,3,187,0,7,58,2,67,119,47,83,5,254,80,0,80,334
06/26/2022,ABQ,NM,ASW,CE,Combined TRACON& Tower with Radar,118,33,23,3,177,0,5,9,1,15,118,38,32,4,192,88,0,88,280
06/27/2022,ABQ,NM,ASW,CE,Combined TRACON& Tower with Radar,113,57,40,15,225,0,10,19,41,70,113,67,59,56,295,54,2,56,351
06/28/2022,ABQ,NM,ASW,CE,Combined TRACON& Tower with Radar,126,53,23,8,210,0,16,69,58,143,126,69,92,66,353,59,14,73,426
06/29/2022,ABQ,NM,ASW,CE,Combined TRACON& Tower with Radar,122,55,42,10,229,0,9,92,37,138,122,64,134,47,367,81,10,91,458
06/30/2022,ABQ,NM,ASW,CE,Combined TRACON& Tower with Radar,130,51,35,10,226,0,33,69,38,140,130,84,104,48,366,28,16,44,410
07/01/2022,ABQ,NM,ASW,CE,Combined TRACON& Tower with Radar,120,61,36,3,220,0,17,71,3,91,120,78,107,6,311,94,0,94,405
07/02/2022,ABQ,NM,ASW,CE,Combined TRACON& Tower with Radar,120,49,33,2,204,0,11,48,3,62,120,60,81,5,266,82,0,82,348
07/03/2022,ABQ,NM,ASW,CE,Combined TRACON& Tower with Radar,109,40,9,2,160,0,10,38,0,48,109,50,47,2,208,86,0,86,294
07/04/2022,ABQ,NM,ASW,CE,Combined TRACON& Tower with Radar,108,36,19,0,163,0,26,38,0,64,108,62,57,0,227,46,0,46,273
07/05/2022,ABQ,NM,ASW,CE,Combined TRACON& Tower with Radar,113,51,29,10,203,0,24,64,45,133,113,75,93,55,336,28,12,40,376
07/06/2022,ABQ,NM,ASW,CE,Combined TRACON& Tower with Radar,130,50,31,15,226,0,9,61,56,126,130,59,92,71,352,0,0,0,352
07/07/2022,ABQ,NM,ASW,CE,Combined TRACON& Tower with Radar,140,44,29,19,232,15,6,79,49,149,155,50,108,68,381,42,8,50,431
07/08/2022,ABQ,NM,ASW,CE,Combined TRACON& Tower with Radar,123,51,29,4,207,0,24,44,34,102,123,75,73,38,309,24,38,62,371
07/09/2022,ABQ,NM,ASW,CE,Combined TRACON& Tower with Radar,119,46,19,6,190,0,8,70,8,86,119,54,89,14,276,50,10,60,336
07/10/2022,ABQ,NM,ASW,CE,Combined TRACON& Tower with Radar,131,30,26,2,189,0,11,48,1,60,131,41,74,3,249,32,0,32,281
07/11/2022,ABQ,NM,ASW,CE,Combined TRACON& Tower with Radar,119,49,42,6,216,0,13,55,33,101,119,62,97,39,317,38,8,46,363
07/12/2022,ABQ,NM,ASW,CE,Combined TRACON& Tower with Radar,129,59,36,7,231,0,15,64,19,98,129,74,100,26,329,64,6,70,399
07/13/2022,ABQ,NM,ASW,CE,Combined TRACON& Tower with Radar,128,59,28,15,230,0,8,70,38,116,128,67,98,53,346,0,0,0,346
07/14/2022,ABQ,NM,ASW,CE,Combined TRACON& Tower with Radar,129,60,28,14,231,0,33,72,37,142,129,93,100,51,373,38,89,127,500
07/15/2022,ABQ,NM,ASW,CE,Combined TRACON& Tower with Radar,129,52,29,26,236,0,27,73,15,115,129,79,102,41,351,4,20,24,375
07/16/2022,ABQ,NM,ASW,CE,Combined TRACON& Tower with Radar,118,41,21,11,191,0,19,58,7,84,118,60,79,18,275,38,12,50,325
07/17/2022,ABQ,NM,ASW,CE,Combined TRACON& Tower with Radar,119,37,21,9,186,0,18,51,0,69,119,55,72,9,255,44,12,56,311
07/18/2022,ABQ,NM,ASW,CE,Combined TRACON& Tower with Radar,125,55,25,8,213,0,35,54,50,139,125,90,79,58,352,34,6,40,392
07/19/2022,ABQ,NM,ASW,CE,Combined TRACON& Tower with Radar,129,51,34,17,231,0,24,48,52,124,129,75,82,69,355,26,22,48,403
07/20/2022,ABQ,NM,ASW,CE,Combined TRACON& Tower with Radar,128,54,27,8,217,0,21,44,47,112,128,75,71,55,329,68,44,112,441
07/21/2022,ABQ,NM,ASW,CE,Combined TRACON& Tower with Radar,136,45,38,14,233,0,10,77,53,140,136,55,115,67,373,36,26,62,435
07/22/2022,ABQ,NM,ASW,CE,Combined TRACON& Tower with Radar,131,56,27,5,219,0,15,63,51,129,131,71,90,56,348,52,36,88,436
07/23/2022,ABQ,NM,ASW,CE,Combined TRACON& Tower with Radar,115,44,32,5,196,0,19,47,0,66,115,63,79,5,262,30,0,30,292
07/24/2022,ABQ,NM,ASW,CE,Combined TRACON& Tower with Radar,124,42,35,7,208,0,25,40,3,68,124,67,75,10,276,20,0,20,296
07/25/2022,ABQ,NM,ASW,CE,Combined TRACON& Tower with Radar,120,43,24,6,193,0,26,62,58,146,120,69,86,64,339,116,6,122,461
07/26/2022,ABQ,NM,ASW,CE,Combined TRACON& Tower with Radar,128,63,28,14,233,0,12,65,40,117,128,75,93,54,350,80,14,94,444
07/27/2022,ABQ,NM,ASW,CE,Combined TRACON& Tower with Radar,132,62,29,12,235,0,16,81,45,142,132,78,110,57,377,26,6,32,409
07/28/2022,ABQ,NM,ASW,CE,Combined TRACON& Tower with Radar,144,60,30,5,239,0,4,54,66,124,144,64,84,71,363,98,24,122,485
07/29/2022,ABQ,NM,ASW,CE,Combined TRACON& Tower with Radar,125,71,36,36,268,0,16,58,38,112,125,87,94,74,380,12,42,54,434
07/30/2022,ABQ,NM,ASW,CE,Combined TRACON& Tower with Radar,127,56,24,4,211,0,23,47,0,70,127,79,71,4,281,117,0,117,398
07/31/2022,ABQ,NM,ASW,CE,Combined TRACON& Tower with Radar,115,38,18,9,180,0,5,47,8,60,115,43,65,17,240,0,0,0,240
08/01/2022,ABQ,NM,ASW,CE,Combined TRACON& Tower with Radar,121,64,24,10,219,0,24,44,39,107,121,88,68,49,326,60,6,66,392
08/02/2022,ABQ,NM,ASW,CE,Combined TRACON& Tower with Radar,128,52,27,3,210,0,8,60,60,128,128,60,87,63,338,0,0,0,338
08/03/2022,ABQ,NM,ASW,CE,Combined TRACON& Tower with Radar,131,62,31,5,229,0,16,74,64,154,131,78,105,69,383,38,12,50,433
08/04/2022,ABQ,NM,ASW,CE,Combined TRACON& Tower with Radar,133,58,29,3,223,0,13,67,37,117,133,71,96,40,340,54,22,76,416
08/05/2022,ABQ,NM,ASW,CE,Combined TRACON& Tower with Radar,118,57,29,5,209,0,25,60,22,107,118,82,89,27,316,18,16,34,350
08/06/2022,ABQ,NM,ASW,CE,Combined TRACON& Tower with Radar,114,47,22,6,189,0,18,56,0,74,114,65,78,6,263,48,0,48,311
08/07/2022,ABQ,NM,ASW,CE,Combined TRACON& Tower with Radar,119,39,28,7,193,0,11,37,0,48,119,50,65,7,241,48,0,48,289
08/08/2022,ABQ,NM,ASW,CE,Combined TRACON& Tower with Radar,121,65,30,4,220,0,19,34,33,86,121,84,64,37,306,18,2,20,326
08/09/2022,ABQ,NM,ASW,CE,Combined TRACON& Tower with Radar,122,55,28,16,221,0,13,59,66,138,122,68,87,82,359,18,58,76,435
08/10/2022,ABQ,NM,ASW,CE,Combined TRACON& Tower with Radar,121,55,23,6,205,0,5,60,20,85,121,60,83,26,290,22,2,24,314
08/11/2022,ABQ,NM,ASW,CE,Combined TRACON& Tower with Radar,129,63,27,4,223,0,16,64,56,136,129,79,91,60,359,28,44,72,431
08/12/2022,ABQ,NM,ASW,CE,Combined TRACON& Tower with Radar,131,67,40,13,251,0,17,62,38,117,131,84,102,51,368,60,28,88,456
08/13/2022,ABQ,NM,ASW,CE,Combined TRACON& Tower with Radar,112,54,28,3,197,0,10,53,7,70,112,64,81,10,267,0,0,0,267
08/14/2022,ABQ,NM,ASW,CE,Combined TRACON& Tower with Radar,114,37,12,1,164,0,13,54,0,67,114,50,66,1,231,34,0,34,265
08/15/2022,ABQ,NM,ASW,CE,Combined TRACON& Tower with Radar,122,50,37,21,230,0,12,69,33,114,122,62,106,54,344,78,10,88,432
08/16/2022,ABQ,NM,ASW,CE,Combined TRACON& Tower with Radar,121,57,32,11,221,0,29,65,49,143,121,86,97,60,364,66,20,86,450
08/17/2022,ABQ,NM,ASW,CE,Combined TRACON& Tower with Radar,131,56,51,6,244,0,10,99,50,159,131,66,150,56,403,76,40,116,519
08/18/2022,ABQ,NM,ASW,CE,Combined TRACON& Tower with Radar,131,65,32,17,245,0,7,73,30,110,131,72,105,47,355,46,32,78,433
08/19/2022,ABQ,NM,ASW,CE,Combined TRACON& Tower with Radar,127,69,29,19,244,0,8,65,28,101,127,77,94,47,345,70,32,102,447
08/20/2022,ABQ,NM,ASW,CE,Combined TRACON& Tower with Radar,113,51,23,3,190,0,5,13,0,18,113,56,36,3,208,10,0,10,218
08/21/2022,ABQ,NM,ASW,CE,Combined TRACON& Tower with Radar,123,44,28,4,199,0,9,48,0,57,123,53,76,4,256,98,0,98,354
08/22/2022,ABQ,NM,ASW,CE,Combined TRACON& Tower with Radar,116,54,23,15,208,0,12,63,21,96,116,66,86,36,304,120,24,144,448
08/23/2022,ABQ,NM,ASW,CE,Combined TRACON& Tower with Radar,121,51,29,14,215,0,19,79,56,154,121,70,108,70,369,48,22,70,439
08/24/2022,ABQ,NM,ASW,CE,Combined TRACON& Tower with Radar,127,54,17,6,204,0,16,71,27,114,127,70,88,33,318,66,8,74,392
08/25/2022,ABQ,NM,ASW,CE,Combined TRACON& Tower with Radar,134,65,33,5,237,0,9,94,45,148,134,74,127,50,385,38,6,44,429
08/26/2022,ABQ,NM,ASW,CE,Combined TRACON& Tower with Radar,125,61,32,2,220,0,15,75,17,107,125,76,107,19,327,80,18,98,425
08/27/2022,ABQ,NM,ASW,CE,Combined TRACON& Tower with Radar,115,38,18,2,173,0,16,70,1,87,115,54,88,3,260,56,0,56,316
08/28/2022,ABQ,NM,ASW,CE,Combined TRACON& Tower with Radar,121,47,22,0,190,0,21,48,1,70,121,68,70,1,260,104,0,104,364
08/29/2022,ABQ,NM,ASW,CE,Combined TRACON& Tower with Radar,114,62,22,11,209,0,13,69,37,119,114,75,91,48,328,52,0,52,380
08/30/2022,ABQ,NM,ASW,CE,Combined TRACON& Tower with Radar,123,56,18,5,202,0,21,81,37,139,123,77,99,42,341,66,14,80,421
08/31/2022,ABQ,NM,ASW,CE,Combined TRACON& Tower with Radar,125,58,45,9,237,0,12,60,29,101,125,70,105,38,338,0,0,0,338
09/01/2022,ABQ,NM,ASW,CE,Combined TRACON& Tower with Radar,139,60,26,14,239,0,7,76,41,124,139,67,102,55,363,54,40,94,457
09/02/2022,ABQ,NM,ASW,CE,Combined TRACON& Tower with Radar,125,71,25,6,227,0,39,64,3,106,125,110,89,9,333,32,10,42,375
09/03/2022,ABQ,NM,ASW,CE,Combined TRACON& Tower with Radar,113,36,11,0,160,0,26,30,0,56,113,62,41,0,216,42,0,42,258
09/04/2022,ABQ,NM,ASW,CE,Combined TRACON& Tower with Radar,102,39,14,0,155,0,21,61,2,84,102,60,75,2,239,68,0,68,307
09/05/2022,ABQ,NM,ASW,CE,Combined TRACON& Tower with Radar,114,44,27,2,187,0,18,55,0,73,114,62,82,2,260,86,0,86,346
09/06/2022,ABQ,NM,ASW,CE,Combined TRACON& Tower with Radar,124,47,31,16,218,0,25,85,40,150,124,72,116,56,368,170,40,210,578
09/07/2022,ABQ,NM,ASW,CE,Combined TRACON& Tower with Radar,142,52,25,20,239,0,11,128,52,191,142,63,153,72,430,130,74,204,634
09/08/2022,ABQ,NM,ASW,CE,Combined TRACON& Tower with Radar,144,57,31,15,247,0,14,97,56,167,144,71,128,71,414,98,36,134,548
09/09/2022,ABQ,NM,ASW,CE,Combined TRACON& Tower with Radar,144,63,25,4,236,0,20,74,30,124,144,83,99,34,360,32,14,46,406
09/10/2022,ABQ,NM,ASW,CE,Combined TRACON& Tower with Radar,116,46,23,7,192,0,20,62,17,99,116,66,85,24,291,22,14,36,327
09/11/2022,ABQ,NM,ASW,CE,Combined TRACON& Tower with Radar,134,46,24,2,206,0,29,48,9,86,134,75,72,11,292,38,16,54,346
09/12/2022,ABQ,NM,ASW,CE,Combined TRACON& Tower with Radar,133,57,36,10,236,0,10,67,60,137,133,67,103,70,373,116,26,142,515
09/13/2022,ABQ,NM,ASW,CE,Combined TRACON& Tower with Radar,138,51,28,15,232,0,19,56,49,124,138,70,84,64,356,70,34,104,460
09/14/2022,ABQ,NM,ASW,CE,Combined TRACON& Tower with Radar,136,63,34,7,240,0,12,71,59,142,136,75,105,66,382,52,24,76,458
09/15/2022,ABQ,NM,ASW,CE,Combined TRACON& Tower with Radar,146,71,39,7,263,0,14,112,51,177,146,85,151,58,440,74,20,94,534
09/16/2022,ABQ,NM,ASW,CE,Combined TRACON& Tower with Radar,135,58,35,4,232,0,9,106,39,154,135,67,141,43,386,24,30,54,440
09/17/2022,ABQ,NM,ASW,CE,Combined TRACON& Tower with Radar,117,39,19,3,178,0,10,70,6,86,117,49,89,9,264,130,0,130,394
09/18/2022,ABQ,NM,ASW,CE,Combined TRACON& Tower with Radar,128,54,35,0,217,0,23,54,3,80,128,77,89,3,297,92,0,92,389
09/19/2022,ABQ,NM,ASW,CE,Combined TRACON& Tower with Radar,127,46,43,1,217,0,14,72,35,121,127,60,115,36,338,50,0,50,388
09/20/2022,ABQ,NM,ASW,CE,Combined TRACON& Tower with Radar,133,49,29,9,220,0,29,77,46,152,133,78,106,55,372,78,46,124,496
09/21/2022,ABQ,NM,ASW,CE,Combined TRACON& Tower with Radar,142,57,44,3,246,0,22,70,56,148,142,79,114,59,394,92,48,140,534
09/22/2022,ABQ,NM,ASW,CE,Combined TRACON& Tower with Radar,147,55,43,12,257,0,10,65,31,106,147,65,108,43,363,50,8,58,421
09/23/2022,ABQ,NM,ASW,CE,Combined TRACON& Tower with Radar,144,64,53,15,276,0,16,67,12,95,144,80,120,27,371,60,0,60,431
09/24/2022,ABQ,NM,ASW,CE,Combined TRACON& Tower with Radar,121,38,40,0,199,0,41,85,5,131,121,79,125,5,330,120,0,120,450
09/25/2022,ABQ,NM,ASW,CE,Combined TRACON& Tower with Radar,133,35,38,4,210,0,26,41,3,70,133,61,79,7,280,16,0,16,296
09/26/2022,ABQ,NM,ASW,CE,Combined TRACON& Tower with Radar,126,40,26,5,197,0,10,91,50,151,126,50,117,55,348,46,14,60,408
09/27/2022,ABQ,NM,ASW,CE,Combined TRACON& Tower with Radar,139,54,35,14,242,0,20,96,49,165,139,74,131,63,407,66,20,86,493
09/28/2022,ABQ,NM,ASW,CE,Combined TRACON& Tower with Radar,144,62,31,5,242,0,13,84,63,160,144,75,115,68,402,76,34,110,512
09/29/2022,ABQ,NM,ASW,CE,Combined TRACON& Tower with Radar,155,63,36,4,258,0,4,85,24,113,155,67,121,28,371,98,50,148,519
09/30/2022,ABQ,NM,ASW,CE,Combined TRACON& Tower with Radar,151,74,46,9,280,0,30,102,11,143,151,104,148,20,423,68,16,84,507
10/01/2022,ABQ,NM,ASW,CE,Combined TRACON& Tower with Radar,132,48,27,0,207,0,39,70,3,112,132,87,97,3,319,66,0,66,385
10/02/2022,ABQ,NM,ASW,CE,Combined TRACON& Tower with Radar,137,39,38,2,216,0,26,50,4,80,137,65,88,6,296,22,0,22,318
10/03/2022,ABQ,NM,ASW,CE,Combined TRACON& Tower with Radar,135,69,25,7,236,0,12,62,31,105,135,81,87,38,341,80,7,87,428
10/04/2022,ABQ,NM,ASW,CE,Combined TRACON& Tower with Radar,147,64,53,12,276,0,7,46,44,97,147,71,99,56,373,54,6,60,433
10/05/2022,ABQ,NM,ASW,CE,Combined TRACON& Tower with Radar,143,59,35,23,260,0,8,12,20,40,143,67,47,43,300,0,29,29,329
10/06/2022,ABQ,NM,ASW,CE,Combined TRACON& Tower with Radar,155,59,60,5,279,0,4,30,36,70,155,63,90,41,349,28,16,44,393
10/07/2022,ABQ,NM,ASW,CE,Combined TRACON& Tower with Radar,151,60,49,6,266,0,8,72,38,118,151,68,121,44,384,172,48,220,604
10/08/2022,ABQ,NM,ASW,CE,Combined TRACON& Tower with Radar,142,41,29,2,214,0,16,17,8,41,142,57,46,10,255,60,0,60,315
10/09/2022,ABQ,NM,ASW,CE,Combined TRACON& Tower with Radar,147,39,39,1,226,0,20,39,1,60,147,59,78,2,286,88,0,88,374
10/10/2022,ABQ,NM,ASW,CE,Combined TRACON& Tower with Radar,141,48,42,2,233,0,17,66,0,83,141,65,108,2,316,96,0,96,412
10/11/2022,ABQ,NM,ASW,CE,Combined TRACON& Tower with Radar,146,45,37,8,236,0,25,103,56,184,146,70,140,64,420,50,48,98,518
10/12/2022,ABQ,NM,ASW,CE,Combined TRACON& Tower with Radar,147,74,36,11,268,0,19,94,59,172,147,93,130,70,440,46,34,80,520
10/13/2022,ABQ,NM,ASW,CE,Combined TRACON& Tower with Radar,144,45,43,23,255,0,14,83,49,146,144,59,126,72,401,134,42,176,577
10/14/2022,ABQ,NM,ASW,CE,Combined TRACON& Tower with Radar,141,63,29,11,244,0,30,97,38,165,141,93,126,49,409,110,58,168,577
10/15/2022,ABQ,NM,ASW,CE,Combined TRACON& Tower with Radar,151,38,22,23,234,0,22,64,12,98,151,60,86,35,332,30,16,46,378
10/16/2022,ABQ,NM,ASW,CE,Combined TRACON& Tower with Radar,134,43,27,1,205,0,0,3,1,4,134,43,30,2,209,0,0,0,209
10/17/2022,ABQ,NM,ASW,CE,Combined TRACON& Tower with Radar,137,58,37,4,236,0,9,21,47,77,137,67,58,51,313,24,44,68,381
10/18/2022,ABQ,NM,ASW,CE,Combined TRACON& Tower with Radar,142,66,42,6,256,0,11,86,51,148,142,77,128,57,404,54,42,96,500
10/19/2022,ABQ,NM,ASW,CE,Combined TRACON& Tower with Radar,149,50,22,3,224,0,18,85,54,157,149,68,107,57,381,82,58,140,521
10/20/2022,ABQ,NM,ASW,CE,Combined TRACON& Tower with Radar,150,60,37,11,258,0,12,127,53,192,150,72,164,64,450,86,22,108,558
10/21/2022,ABQ,NM,ASW,CE,Combined TRACON& Tower with Radar,142,50,34,1,227,0,11,80,22,113,142,61,114,23,340,54,24,78,418
10/22/2022,ABQ,NM,ASW,CE,Combined TRACON& Tower with Radar,125,39,25,6,195,0,15,46,1,62,125,54,71,7,257,38,0,38,295
10/23/2022,ABQ,NM,ASW,CE,Combined TRACON& Tower with Radar,137,45,22,6,210,0,8,8,1,17,137,53,30,7,227,2,0,2,229
10/24/2022,ABQ,NM,ASW,CE,Combined TRACON& Tower with Radar,128,57,27,10,222,0,22,26,31,79,128,79,53,41,301,26,4,30,331
10/25/2022,ABQ,NM,ASW,CE,Combined TRACON& Tower with Radar,135,56,29,10,230,0,19,68,52,139,135,75,97,62,369,22,56,78,447
10/26/2022,ABQ,NM,ASW,CE,Combined TRACON& Tower with Radar,148,56,24,8,236,0,18,66,51,135,148,74,90,59,371,32,36,68,439
10/27/2022,ABQ,NM,ASW,CE,Combined TRACON& Tower with Radar,146,58,21,9,234,0,18,48,32,98,146,76,69,41,332,26,20,46,378
10/28/2022,ABQ,NM,ASW,CE,Combined TRACON& Tower with Radar,137,65,34,12,248,12,13,84,42,151,149,78,118,54,399,116,38,154,553
10/29/2022,ABQ,NM,ASW,CE,Combined TRACON& Tower with Radar,114,43,31,5,193,0,15,78,0,93,114,58,109,5,286,62,0,62,348
10/30/2022,ABQ,NM,ASW,CE,Combined TRACON& Tower with Radar,131,40,26,3,200,0,30,59,0,89,131,70,85,3,289,42,0,42,331
10/31/2022,ABQ,NM,ASW,CE,Combined TRACON& Tower with Radar,115,57,28,2,202,0,39,59,10,108,115,96,87,12,310,80,0,80,390
11/01/2022,ABQ,NM,ASW,CE,Combined TRACON& Tower with Radar,142,61,42,7,252,0,22,107,60,189,142,83,149,67,441,52,28,80,521
11/02/2022,ABQ,NM,ASW,CE,Combined TRACON& Tower with Radar,137,56,25,8,226,0,22,71,66,159,137,78,96,74,385,50,38,88,473
11/03/2022,ABQ,NM,ASW,CE,Combined TRACON& Tower with Radar,136,58,22,8,224,0,11,31,22,64,136,69,53,30,288,24,10,34,322
11/04/2022,ABQ,NM,ASW,CE,Combined TRACON& Tower with Radar,129,64,28,9,230,0,18,41,40,99,129,82,69,49,329,20,0,20,349
11/05/2022,ABQ,NM,ASW,CE,Combined TRACON& Tower with Radar,121,38,32,10,201,0,30,68,19,117,121,68,100,29,318,56,6,62,380
11/06/2022,ABQ,NM,ASW,CE,Combined TRACON& Tower with Radar,125,37,25,1,188,0,18,64,3,85,125,55,89,4,273,42,0,42,315
11/07/2022,ABQ,NM,ASW,CE,Combined TRACON& Tower with Radar,117,57,32,13,219,0,24,86,42,152,117,81,118,55,371,110,38,148,519
11/08/2022,ABQ,NM,ASW,CE,Combined TRACON& Tower with Radar,134,54,47,8,243,0,27,88,50,165,134,81,135,58,408,42,74,116,524
11/09/2022,ABQ,NM,ASW,CE,Combined TRACON& Tower with Radar,132,54,38,9,233,0,9,51,42,102,132,63,89,51,335,10,14,24,359
11/10/2022,ABQ,NM,ASW,CE,Combined TRACON& Tower with Radar,138,39,45,13,235,0,12,90,65,167,138,51,135,78,402,82,46,128,530
11/11/2022,ABQ,NM,ASW,CE,Combined TRACON& Tower with Radar,131,60,31,3,225,0,33,97,1,131,131,93,128,4,356,56,0,56,412
11/12/2022,ABQ,NM,ASW,CE,Combined TRACON& Tower with Radar,111,37,29,0,177,0,26,77,1,104,111,63,106,1,281,140,0,140,421
11/13/2022,ABQ,NM,ASW,CE,Combined TRACON& Tower with Radar,124,40,39,4,207,0,29,57,3,89,124,69,96,7,296,68,0,68,364
11/14/2022,ABQ,NM,ASW,CE,Combined TRACON& Tower with Radar,127,57,41,8,233,0,13,61,45,119,127,70,102,53,352,120,46,166,518
11/15/2022,ABQ,NM,ASW,CE,Combined TRACON& Tower with Radar,131,47,29,27,234,0,10,85,55,150,131,57,114,82,384,116,28,144,528
11/16/2022,ABQ,NM,ASW,CE,Combined TRACON& Tower with Radar,138,66,40,8,252,0,13,88,64,165,138,79,128,72,417,56,36,92,509
11/17/2022,ABQ,NM,ASW,CE,Combined TRACON& Tower with Radar,135,57,32,14,238,0,11,118,39,168,135,68,150,53,406,150,52,202,608
11/18/2022,ABQ,NM,ASW,CE,Combined TRACON& Tower with Radar,130,62,36,28,256,0,13,57,31,101,130,75,93,59,357,38,28,66,423
11/19/2022,ABQ,NM,ASW,CE,Combined TRACON& Tower with Radar,121,46,23,6,196,0,27,86,6,119,121,73,109,12,315,78,8,86,401
11/20/2022,ABQ,NM,ASW,CE,Combined TRACON& Tower with Radar,127,29,30,2,188,0,22,57,3,82,127,51,87,5,270,70,0,70,340
11/21/2022,ABQ,NM,ASW,CE,Combined TRACON& Tower with Radar,132,46,33,4,215,0,14,66,50,130,132,60,99,54,345,76,20,96,441
11/22/2022,ABQ,NM,ASW,CE,Combined TRACON& Tower with Radar,141,51,24,15,231,0,18,107,39,164,141,69,131,54,395,72,14,86,481
11/23/2022,ABQ,NM,ASW,CE,Combined TRACON& Tower with Radar,143,50,27,0,220,0,22,81,6,109,143,72,108,6,329,44,0,44,373
11/24/2022,ABQ,NM,ASW,CE,Combined TRACON& Tower with Radar,89,34,7,0,130,0,5,5,0,10,89,39,12,0,140,0,0,0,140
11/25/2022,ABQ,NM,ASW,CE,Combined TRACON& Tower with Radar,119,57,9,0,185,0,11,55,0,66,119,68,64,0,251,24,0,24,275
11/26/2022,ABQ,NM,ASW,CE,Combined TRACON& Tower with Radar,123,55,17,0,195,0,17,38,1,56,123,72,55,1,251,64,0,64,315
11/27/2022,ABQ,NM,ASW,CE,Combined TRACON& Tower with Radar,134,39,27,0,200,0,12,31,0,43,134,51,58,0,243,26,0,26,269
11/28/2022,ABQ,NM,ASW,CE,Combined TRACON& Tower with Radar,130,52,43,1,226,0,23,55,14,92,130,75,98,15,318,74,0,74,392
11/29/2022,ABQ,NM,ASW,CE,Combined TRACON& Tower with Radar,135,60,23,7,225,0,17,36,55,108,135,77,59,62,333,0,72,72,405
11/30/2022,ABQ,NM,ASW,CE,Combined TRACON& Tower with Radar,134,54,53,5,246,0,16,94,64,174,134,70,147,69,420,82,40,122,542
12/01/2022,ABQ,NM,ASW,CE,Combined TRACON& Tower with Radar,134,49,46,11,240,0,7,90,47,144,134,56,136,58,384,74,18,92,476
12/02/2022,ABQ,NM,ASW,CE,Combined TRACON& Tower with Radar,134,65,18,13,230,0,25,46,30,101,134,90,64,43,331,80,18,98,429
12/03/2022,ABQ,NM,ASW,CE,Combined TRACON& Tower with Radar,114,53,42,2,211,0,8,63,7,78,114,61,105,9,289,74,0,74,363
12/04/2022,ABQ,NM,ASW,CE,Combined TRACON& Tower with Radar,138,37,45,1,221,0,0,0,0,0,138,37,45,1,221,30,0,30,251
12/05/2022,ABQ,NM,ASW,CE,Combined TRACON& Tower with Radar,130,43,33,6,212,0,8,43,47,98,130,51,76,53,310,0,0,0,310
12/06/2022,ABQ,NM,ASW,CE,Combined TRACON& Tower with Radar,138,62,39,6,245,0,13,78,52,143,138,75,117,58,388,64,10,74,462
12/07/2022,ABQ,NM,ASW,CE,Combined TRACON& Tower with Radar,139,47,32,9,227,0,19,72,26,117,139,66,104,35,344,80,34,114,458
12/08/2022,ABQ,NM,ASW,CE,Combined TRACON& Tower with Radar,141,56,49,7,253,0,16,95,36,147,141,72,144,43,400,66,4,70,470
12/09/2022,ABQ,NM,ASW,CE,Combined TRACON& Tower with Radar,132,58,71,8,269,0,31,80,26,137,132,89,151,34,406,56,14,70,476
12/10/2022,ABQ,NM,ASW,CE,Combined TRACON& Tower with Radar,113,42,37,2,194,0,14,81,4,99,113,56,118,6,293,70,0,70,363
12/11/2022,ABQ,NM,ASW,CE,Combined TRACON& Tower with Radar,126,43,30,3,202,0,9,57,2,68,126,52,87,5,270,36,0,36,306
12/12/2022,ABQ,NM,ASW,CE,Combined TRACON& Tower with Radar,129,46,29,8,212,0,7,21,37,65,129,53,50,45,277,6,24,30,307
12/13/2022,ABQ,NM,ASW,CE,Combined TRACON& Tower with Radar,139,53,26,19,237,0,15,41,54,110,139,68,67,73,347,36,29,65,412
12/14/2022,ABQ,NM,ASW,CE,Combined TRACON& Tower with Radar,145,59,18,12,234,0,22,65,46,133,145,81,83,58,367,34,30,64,431
12/15/2022,ABQ,NM,ASW,CE,Combined TRACON& Tower with Radar,137,72,25,16,250,0,13,73,50,136,137,85,98,66,386,30,28,58,444
12/16/2022,ABQ,NM,ASW,CE,Combined TRACON& Tower with Radar,135,75,46,7,263,0,19,61,26,106,135,94,107,33,369,26,12,38,407
12/17/2022,ABQ,NM,ASW,CE,Combined TRACON& Tower with Radar,127,42,42,3,214,0,9,70,0,79,127,51,112,3,293,66,0,66,359
12/18/2022,ABQ,NM,ASW,CE,Combined TRACON& Tower with Radar,122,41,31,12,206,0,18,47,0,65,122,59,78,12,271,36,0,36,307
12/19/2022,ABQ,NM,ASW,CE,Combined TRACON& Tower with Radar,130,36,26,8,200,0,9,53,51,113,130,45,79,59,313,4,24,28,341
12/20/2022,ABQ,NM,ASW,CE,Combined TRACON& Tower with Radar,131,54,38,24,247,3,19,71,65,158,134,73,109,89,405,44,60,104,509
12/21/2022,ABQ,NM,ASW,CE,Combined TRACON& Tower with Radar,131,53,23,12,219,0,22,75,54,151,131,75,98,66,370,46,18,64,434
12/22/2022,ABQ,NM,ASW,CE,Combined TRACON& Tower with Radar,126,58,25,7,216,0,12,57,34,103,126,70,82,41,319,50,40,90,409
12/23/2022,ABQ,NM,ASW,CE,Combined TRACON& Tower with Radar,115,40,36,1,192,0,17,54,0,71,115,57,90,1,263,32,0,32,295
12/24/2022,ABQ,NM,ASW,CE,Combined TRACON& Tower with Radar,75,33,19,0,127,0,20,35,1,56,75,53,54,1,183,40,0,40,223
12/25/2022,ABQ,NM,ASW,CE,Combined TRACON& Tower with Radar,73,26,6,0,105,0,13,4,0,17,73,39,10,0,122,0,0,0,122
12/26/2022,ABQ,NM,ASW,CE,Combined TRACON& Tower with Radar,76,42,46,1,165,0,16,56,0,72,76,58,102,1,237,10,0,10,247
12/27/2022,ABQ,NM,ASW,CE,Combined TRACON& Tower with Radar,86,58,52,4,200,0,9,80,23,112,86,67,132,27,312,52,0,52,364
12/28/2022,ABQ,NM,ASW,CE,Combined TRACON& Tower with Radar,101,61,31,5,198,0,0,17,9,26,101,61,48,14,224,0,2,2,226
12/29/2022,ABQ,NM,ASW,CE,Combined TRACON& Tower with Radar,102,55,44,3,204,0,8,56,27,91,102,63,100,30,295,18,12,30,325
12/30/2022,ABQ,NM,ASW,CE,Combined TRACON& Tower with Radar,134,59,44,0,237,0,6,42,0,48,134,65,86,0,285,52,0,52,337
12/31/2022,ABQ,NM,ASW,CE,Combined TRACON& Tower with Radar,100,41,30,0,171,0,13,37,2,52,100,54,67,2,223,68,0,68,291
01/01/2023,ABQ,NM,ASW,CE,Combined TRACON& Tower with Radar,112,29,28,0,169,0,7,22,0,29,112,36,50,0,198,34,0,34,232
01/02/2023,ABQ,NM,ASW,CE,Combined TRACON& Tower with Radar,134,37,13,3,187,0,4,2,0,6,134,41,15,3,193,28,0,28,221
01/03/2023,ABQ,NM,ASW,CE,Combined TRACON& Tower with Radar,128,47,22,5,202,0,0,43,4,47,128,47,65,9,249,8,0,8,257
01/04/2023,ABQ,NM,ASW,CE,Combined TRACON& Tower with Radar,129,81,31,10,251,0,10,86,42,138,129,91,117,52,389,0,18,18,407
01/05/2023,ABQ,NM,ASW,CE,Combined TRACON& Tower with Radar,132,40,37,9,218,0,15,85,74,174,132,55,122,83,392,58,54,112,504
01/06/2023,ABQ,NM,ASW,CE,Combined TRACON& Tower with Radar,120,46,40,19,225,0,9,65,35,109,120,55,105,54,334,34,26,60,394
01/07/2023,ABQ,NM,ASW,CE,Combined TRACON& Tower with Radar,99,35,34,2,170,0,11,66,6,83,99,46,100,8,253,52,2,54,307
01/08/2023,ABQ,NM,ASW,CE,Combined TRACON& Tower with Radar,112,30,27,2,171,0,6,43,8,57,112,36,70,10,228,64,0,64,292
01/09/2023,ABQ,NM,ASW,CE,Combined TRACON& Tower with Radar,120,45,41,12,218,0,9,70,45,124,120,54,111,57,342,70,36,106,448
01/10/2023,ABQ,NM,ASW,CE,Combined TRACON& Tower with Radar,130,44,37,10,221,0,9,85,57,151,130,53,122,67,372,94,14,108,480
01/11/2023,ABQ,NM,ASW,CE,Combined TRACON& Tower with Radar,119,59,27,1,206,0,6,28,44,78,119,65,55,45,284,18,14,32,316
01/12/2023,ABQ,NM,ASW,CE,Combined TRACON& Tower with Radar,134,55,45,20,254,0,28,75,60,163,134,83,120,80,417,68,14,82,499
01/13/2023,ABQ,NM,ASW,CE,Combined TRACON& Tower with Radar,125,58,39,5,227,0,24,73,28,125,125,82,112,33,352,108,20,128,480
01/14/2023,ABQ,NM,ASW,CE,Combined TRACON& Tower with Radar,94,38,21,0,153,0,26,64,2,92,94,64,85,2,245,72,0,72,317
01/15/2023,ABQ,NM,ASW,CE,Combined TRACON& Tower with Radar,110,34,25,0,169,0,0,4,0,4,110,34,29,0,173,0,0,0,173
01/16/2023,ABQ,NM,ASW,CE,Combined TRACON& Tower with Radar,127,47,43,0,217,0,9,21,3,33,127,56,64,3,250,4,0,4,254
01/17/2023,ABQ,NM,ASW,CE,Combined TRACON& Tower with Radar,133,51,40,10,234,0,1,25,61,87,133,52,65,71,321,0,20,20,341
01/18/2023,ABQ,NM,ASW,CE,Combined TRACON& Tower with Radar,128,49,39,9,225,0,14,54,67,135,128,63,93,76,360,14,40,54,414
01/19/2023,ABQ,NM,ASW,CE,Combined TRACON& Tower with Radar,130,54,51,7,242,0,22,100,52,174,130,76,151,59,416,48,0,48,464
01/20/2023,ABQ,NM,ASW,CE,Combined TRACON& Tower with Radar,127,67,28,13,235,0,4,43,22,69,127,71,71,35,304,22,6,28,332
01/21/2023,ABQ,NM,ASW,CE,Combined TRACON& Tower with Radar,103,37,34,0,174,0,6,68,2,76,103,43,102,2,250,72,0,72,322
01/22/2023,ABQ,NM,ASW,CE,Combined TRACON& Tower with Radar,118,46,30,5,199,0,22,66,1,89,118,68,96,6,288,164,0,164,452
01/23/2023,ABQ,NM,ASW,CE,Combined TRACON& Tower with Radar,121,52,31,0,204,0,1,12,0,13,121,53,43,0,217,0,0,0,217
01/24/2023,ABQ,NM,ASW,CE,Combined TRACON& Tower with Radar,130,49,26,5,210,0,14,45,67,126,130,63,71,72,336,6,54,60,396
01/25/2023,ABQ,NM,ASW,CE,Combined TRACON& Tower with Radar,126,58,33,13,230,0,29,70,53,152,126,87,103,66,382,30,86,116,498
01/26/2023,ABQ,NM,ASW,CE,Combined TRACON& Tower with Radar,132,57,51,4,244,0,22,94,60,176,132,79,145,64,420,60,30,90,510
01/27/2023,ABQ,NM,ASW,CE,Combined TRACON& Tower with Radar,126,64,33,23,246,0,28,76,27,131,126,92,109,50,377,82,28,110,487
01/28/2023,ABQ,NM,ASW,CE,Combined TRACON& Tower with Radar,105,37,36,4,182,0,20,61,5,86,105,57,97,9,268,88,0,88,356
01/29/2023,ABQ,NM,ASW,CE,Combined TRACON& Tower with Radar,113,51,32,1,197,0,20,50,11,81,113,71,82,12,278,46,4,50,328
01/30/2023,ABQ,NM,ASW,CE,Combined TRACON& Tower with Radar,112,62,65,15,254,0,13,73,47,133,112,75,138,62,387,40,42,82,469
01/31/2023,ABQ,NM,ASW,CE,Combined TRACON& Tower with Radar,104,46,31,10,191,0,20,69,37,126,104,66,100,47,317,98,12,110,427
02/01/2023,ABQ,NM,ASW,CE,Combined TRACON& Tower with Radar,102,54,33,4,193,0,7,83,60,150,102,61,116,64,343,58,8,66,409
02/02/2023,ABQ,NM,ASW,CE,Combined TRACON& Tower with Radar,129,63,51,12,255,0,11,79,59,149,129,74,130,71,404,0,0,0,404
02/03/2023,ABQ,NM,ASW,CE,Combined TRACON& Tower with Radar,127,65,52,15,259,0,13,99,16,128,127,78,151,31,387,76,4,80,467
02/04/2023,ABQ,NM,ASW,CE,Combined TRACON& Tower with Radar,104,39,29,9,181,0,21,59,4,84,104,60,88,13,265,88,2,90,355
02/05/2023,ABQ,NM,ASW,CE,Combined TRACON& Tower with Radar,122,42,33,3,200,0,13,51,3,67,122,55,84,6,267,0,0,0,267
02/06/2023,ABQ,NM,ASW,CE,Combined TRACON& Tower with Radar,127,61,29,1,218,0,7,30,16,53,127,68,59,17,271,0,0,0,271
02/07/2023,ABQ,NM,ASW,CE,Combined TRACON& Tower with Radar,134,56,34,5,229,0,1,10,13,24,134,57,44,18,253,0,4,4,257
02/08/2023,ABQ,NM,ASW,CE,Combined TRACON& Tower with Radar,133,44,31,9,217,0,6,65,37,108,133,50,96,46,325,40,28,68,393
02/09/2023,ABQ,NM,ASW,CE,Combined TRACON& Tower with Radar,140,57,41,12,250,0,16,27,48,91,140,73,68,60,341,6,42,48,389
02/10/2023,ABQ,NM,ASW,CE,Combined TRACON& Tower with Radar,139,43,38,30,250,0,16,91,24,131,139,59,129,54,381,76,28,104,485
02/11/2023,ABQ,NM,ASW,CE,Combined TRACON& Tower with Radar,103,24,39,13,179,0,14,69,3,86,103,38,108,16,265,100,14,114,379
02/12/2023,ABQ,NM,ASW,CE,Combined TRACON& Tower with Radar,122,29,21,0,172,0,18,53,2,73,122,47,74,2,245,98,0,98,343
02/13/2023,ABQ,NM,ASW,CE,Combined TRACON& Tower with Radar,138,53,39,2,232,0,14,31,18,63,138,67,70,20,295,18,30,48,343
02/14/2023,ABQ,NM,ASW,CE,Combined TRACON& Tower with Radar,145,51,15,2,213,0,4,18,21,43,145,55,33,23,256,0,18,18,274
02/15/2023,ABQ,NM,ASW,CE,Combined TRACON& Tower with Radar,133,48,28,2,211,0,2,26,40,68,133,50,54,42,279,4,24,28,307
02/16/2023,ABQ,NM,ASW,CE,Combined TRACON& Tower with Radar,149,59,47,3,258,0,19,84,41,144,149,78,131,44,402,26,12,38,440
02/17/2023,ABQ,NM,ASW,CE,Combined TRACON& Tower with Radar,136,61,37,8,242,0,24,65,18,107,136,85,102,26,349,30,6,36,385
02/18/2023,ABQ,NM,ASW,CE,Combined TRACON& Tower with Radar,106,39,18,0,163,0,19,61,0,80,106,58,79,0,243,95,7,102,345
02/19/2023,ABQ,NM,ASW,CE,Combined TRACON& Tower with Radar,117,30,21,3,171,0,6,48,2,56,117,36,69,5,227,18,0,18,245
02/20/2023,ABQ,NM,ASW,CE,Combined TRACON& Tower with Radar,134,55,44,6,239,0,4,61,2,67,134,59,105,8,306,88,10,98,404
02/21/2023,ABQ,NM,ASW,CE,Combined TRACON& Tower with Radar,141,48,60,11,260,0,14,68,38,120,141,62,128,49,380,64,30,94,474
02/22/2023,ABQ,NM,ASW,CE,Combined TRACON& Tower with Radar,123,37,15,0,175,0,1,20,0,21,123,38,35,0,196,0,2,2,198
02/23/2023,ABQ,NM,ASW,CE,Combined TRACON& Tower with Radar,147,62,44,11,264,0,7,54,37,98,147,69,98,48,362,40,16,56,418
02/24/2023,ABQ,NM,ASW,CE,Combined TRACON& Tower with Radar,144,72,34,34,284,0,13,102,31,146,144,85,136,65,430,60,18,78,508
02/25/2023,ABQ,NM,ASW,CE,Combined TRACON& Tower with Radar,107,48,30,14,199,0,18,78,1,97,107,66,108,15,296,114,4,118,414
02/26/2023,ABQ,NM,ASW,CE,Combined TRACON& Tower with Radar,120,30,11,3,164,0,8,4,1,13,120,38,15,4,177,0,0,0,177
02/27/2023,ABQ,NM,ASW,CE,Combined TRACON& Tower with Radar,134,53,35,5,227,0,28,66,6,100,134,81,101,11,327,32,0,32,359
02/28/2023,ABQ,NM,ASW,CE,Combined TRACON& Tower with Radar,137,58,37,5,237,0,21,54,44,119,137,79,91,49,356,40,0,40,396
03/01/2023,ABQ,NM,ASW,CE,Combined TRACON& Tower with Radar,149,44,39,9,241,0,9,64,56,129,149,53,103,65,370,0,46,46,416
03/02/2023,ABQ,NM,ASW,CE,Combined TRACON& Tower with Radar,128,47,30,6,211,0,9,23,34,66,128,56,53,40,277,0,0,0,277
03/03/2023,ABQ,NM,ASW,CE,Combined TRACON& Tower with Radar,133,59,42,13,247,0,12,62,42,116,133,71,104,55,363,0,0,0,363
03/04/2023,ABQ,NM,ASW,CE,Combined TRACON& Tower with Radar,103,31,30,3,167,0,14,87,14,115,103,45,117,17,282,72,14,86,368
03/05/2023,ABQ,NM,ASW,CE,Combined TRACON& Tower with Radar,118,36,24,0,178,0,17,34,1,52,118,53,58,1,230,114,0,114,344
03/06/2023,ABQ,NM,ASW,CE,Combined TRACON& Tower with Radar,127,36,34,7,204,0,6,76,43,125,127,42,110,50,329,34,42,76,405
03/07/2023,ABQ,NM,ASW,CE,Combined TRACON& Tower with Radar,130,51,38,7,226,0,33,61,49,143,130,84,99,56,369,60,12,72,441
03/08/2023,ABQ,NM,ASW,CE,Combined TRACON& Tower with Radar,142,50,37,12,241,0,12,81,35,128,142,62,118,47,369,44,40,84,453
03/09/2023,ABQ,NM,ASW,CE,Combined TRACON& Tower with Radar,131,56,30,21,238,0,13,81,75,169,131,69,111,96,407,0,0,0,407
03/10/2023,ABQ,NM,ASW,CE,Combined TRACON& Tower with Radar,135,46,29,9,219,0,3,61,19,83,135,49,90,28,302,68,0,68,370
03/11/2023,ABQ,NM,ASW,CE,Combined TRACON& Tower with Radar,114,40,45,2,201,0,15,17,0,32,114,55,62,2,233,28,0,28,261
03/12/2023,ABQ,NM,ASW,CE,Combined TRACON& Tower with Radar,123,33,46,12,214,0,22,42,5,69,123,55,88,17,283,76,0,76,359
03/13/2023,ABQ,NM,ASW,CE,Combined TRACON& Tower with Radar,128,50,31,8,217,0,8,64,31,103,128,58,95,39,320,0,0,0,320
03/14/2023,ABQ,NM,ASW,CE,Combined TRACON& Tower with Radar,126,55,65,17,263,0,33,103,54,190,126,88,168,71,453,48,28,76,529
03/15/2023,ABQ,NM,ASW,CE,Combined TRACON& Tower with Radar,127,53,43,6,229,0,7,56,45,108,127,60,99,51,337,40,18,58,395
03/16/2023,ABQ,NM,ASW,CE,Combined TRACON& Tower with Radar,137,56,46,19,258,0,4,28,38,70,137,60,74,57,328,12,18,30,358
03/17/2023,ABQ,NM,ASW,CE,Combined TRACON& Tower with Radar,128,58,26,8,220,0,2,20,14,36,128,60,46,22,256,0,0,0,256
03/18/2023,ABQ,NM,ASW,CE,Combined TRACON& Tower with Radar,106,32,31,3,172,0,21,41,12,74,106,53,72,15,246,28,0,28,274
03/19/2023,ABQ,NM,ASW,CE,Combined TRACON& Tower with Radar,122,52,20,1,195,0,8,34,5,47,122,60,54,6,242,0,0,0,242
03/20/2023,ABQ,NM,ASW,CE,Combined TRACON& Tower with Radar,127,47,44,4,222,0,3,23,53,79,127,50,67,57,301,0,0,0,301
03/21/2023,ABQ,NM,ASW,CE,Combined TRACON& Tower with Radar,132,59,26,12,229,0,3,26,43,72,132,62,52,55,301,0,0,0,301
03/22/2023,ABQ,NM,ASW,CE,Combined TRACON& Tower with Radar,130,58,30,5,223,0,9,36,27,72,130,67,66,32,295,0,0,0,295
03/23/2023,ABQ,NM,ASW,CE,Combined TRACON& Tower with Radar,138,60,49,12,259,0,20,48,51,119,138,80,97,63,378,12,44,56,434
03/24/2023,ABQ,NM,ASW,CE,Combined TRACON& Tower with Radar,132,56,32,2,222,0,3,42,19,64,132,59,74,21,286,0,0,0,286
03/25/2023,ABQ,NM,ASW,CE,Combined TRACON& Tower with Radar,107,42,25,2,176,0,19,43,3,65,107,61,68,5,241,0,0,0,241
03/26/2023,ABQ,NM,ASW,CE,Combined TRACON& Tower with Radar,120,42,27,1,190,0,12,13,0,25,120,54,40,1,215,8,0,8,223
03/27/2023,ABQ,NM,ASW,CE,Combined TRACON& Tower with Radar,127,46,37,12,222,0,16,61,43,120,127,62,98,55,342,0,0,0,342
03/28/2023,ABQ,NM,ASW,CE,Combined TRACON& Tower with Radar,131,55,35,3,224,0,13,99,57,169,131,68,134,60,393,0,0,0,393
03/29/2023,ABQ,NM,ASW,CE,Combined TRACON& Tower with Radar,134,53,36,6,229,0,17,105,51,173,134,70,141,57,402,104,36,140,542
03/30/2023,ABQ,NM,ASW,CE,Combined TRACON& Tower with Radar,133,40,23,12,208,0,7,27,5,39,133,47,50,17,247,28,8,36,283
03/31/2023,ABQ,NM,ASW,CE,Combined TRACON& Tower with Radar,131,54,30,24,239,0,11,43,19,73,131,65,73,43,312,0,0,0,312
04/01/2023,ABQ,NM,ASW,CE,Combined TRACON& Tower with Radar,103,43,45,8,199,0,18,133,2,153,103,61,178,10,352,106,0,106,458
04/02/2023,ABQ,NM,ASW,CE,Combined TRACON& Tower with Radar,118,34,19,1,172,0,3,48,1,52,118,37,67,2,224,0,0,0,224
04/03/2023,ABQ,NM,ASW,CE,Combined TRACON& Tower with Radar,129,29,16,3,177,0,5,39,13,57,129,34,55,16,234,0,0,0,234
04/04/2023,ABQ,NM,ASW,CE,Combined TRACON& Tower with Radar,135,39,29,2,205,0,2,25,5,32,135,41,54,7,237,0,0,0,237
04/05/2023,ABQ,NM,ASW,CE,Combined TRACON& Tower with Radar,128,45,18,15,206,0,15,98,52,165,128,60,116,67,371,106,18,124,495
04/06/2023,ABQ,NM,ASW,CE,Combined TRACON& Tower with Radar,135,54,35,13,237,0,17,104,66,187,135,71,139,79,424,38,52,90,514
04/07/2023,ABQ,NM,ASW,CE,Combined TRACON& Tower with Radar,142,57,30,23,252,0,5,77,34,116,142,62,107,57,368,0,0,0,368
04/08/2023,ABQ,NM,ASW,CE,Combined TRACON& Tower with Radar,117,42,26,0,185,0,25,66,10,101,117,67,92,10,286,26,0,26,312
04/09/2023,ABQ,NM,ASW,CE,Combined TRACON& Tower with Radar,126,26,19,0,171,0,6,52,6,64,126,32,71,6,235,0,0,0,235
04/10/2023,ABQ,NM,ASW,CE,Combined TRACON& Tower with Radar,128,39,30,13,210,0,11,80,69,160,128,50,110,82,370,0,0,0,370
04/11/2023,ABQ,NM,ASW,CE,Combined TRACON& Tower with Radar,149,42,32,13,236,0,27,102,62,191,149,69,134,75,427,0,0,0,427
04/12/2023,ABQ,NM,ASW,CE,Combined TRACON& Tower with Radar,150,55,26,10,241,0,15,72,48,135,150,70,98,58,376,36,38,74,450
04/13/2023,ABQ,NM,ASW,CE,Combined TRACON& Tower with Radar,156,62,33,3,254,0,26,65,49,140,156,88,98,52,394,46,8,54,448
04/14/2023,ABQ,NM,ASW,CE,Combined TRACON& Tower with Radar,157,72,34,9,272,0,8,55,31,94,157,80,89,40,366,0,0,0,366
04/15/2023,ABQ,NM,ASW,CE,Combined TRACON& Tower with Radar,126,31,23,6,186,0,8,34,2,44,126,39,57,8,230,0,0,0,230
04/16/2023,ABQ,NM,ASW,CE,Combined TRACON& Tower with Radar,124,32,26,0,182,0,6,76,2,84,124,38,102,2,266,0,0,0,266
04/17/2023,ABQ,NM,ASW,CE,Combined TRACON& Tower with Radar,154,60,41,5,260,0,15,78,73,166,154,75,119,78,426,0,0,0,426
04/18/2023,ABQ,NM,ASW,CE,Combined TRACON& Tower with Radar,148,45,43,4,240,0,16,69,42,127,148,61,112,46,367,54,8,62,429
04/19/2023,ABQ,NM,ASW,CE,Combined TRACON& Tower with Radar,156,45,24,6,231,0,4,71,33,108,156,49,95,39,339,50,20,70,409
04/20/2023,ABQ,NM,ASW,CE,Combined TRACON& Tower with Radar,156,57,20,7,240,0,8,60,52,120,156,65,80,59,360,34,26,60,420
04/21/2023,ABQ,NM,ASW,CE,Combined TRACON& Tower with Radar,156,55,37,16,264,0,11,77,22,110,156,66,114,38,374,66,0,66,440
04/22/2023,ABQ,NM,ASW,CE,Combined TRACON& Tower with Radar,126,37,21,7,191,0,12,57,1,70,126,49,78,8,261,88,0,88,349
04/23/2023,ABQ,NM,ASW,CE,Combined TRACON& Tower with Radar,130,21,34,0,185,0,11,56,0,67,130,32,90,0,252,130,0,130,382
04/24/2023,ABQ,NM,ASW,CE,Combined TRACON& Tower with Radar,147,51,35,6,239,0,5,55,40,100,147,56,90,46,339,114,36,150,489
04/25/2023,ABQ,NM,ASW,CE,Combined TRACON& Tower with Radar,149,62,31,4,246,0,8,46,41,95,149,70,77,45,341,54,6,60,401
04/26/2023,ABQ,NM,ASW,CE,Combined TRACON& Tower with Radar,148,55,39,12,254,0,12,60,46,118,148,67,99,58,372,36,32,68,440
04/27/2023,ABQ,NM,ASW,CE,Combined TRACON& Tower with Radar,158,51,51,11,271,0,19,107,51,177,158,70,158,62,448,56,28,84,532
04/28/2023,ABQ,NM,ASW,CE,Combined TRACON& Tower with Radar,150,65,26,25,266,0,10,43,22,75,150,75,69,47,341,0,0,0,341
04/29/2023,ABQ,NM,ASW,CE,Combined TRACON& Tower with Radar,125,38,28,0,191,0,13,57,6,76,125,51,85,6,267,0,0,0,267
04/30/2023,ABQ,NM,ASW,CE,Combined TRACON& Tower with Radar,133,32,44,3,212,0,16,50,6,72,133,48,94,9,284,0,0,0,284
05/01/2023,ABQ,NM,ASW,CE,Combined TRACON& Tower with Radar,149,42,34,12,237,0,10,59,38,107,149,52,93,50,344,0,0,0,344
05/02/2023,ABQ,NM,ASW,CE,Combined TRACON& Tower with Radar,149,57,28,6,240,0,8,80,49,137,149,65,108,55,377,42,24,66,443
05/03/2023,ABQ,NM,ASW,CE,Combined TRACON& Tower with Radar,153,48,36,11,248,0,7,92,35,134,153,55,128,46,382,128,14,142,524
05/04/2023,ABQ,NM,ASW,CE,Combined TRACON& Tower with Radar,156,61,34,8,259,0,8,67,40,115,156,69,101,48,374,22,16,38,412
05/05/2023,ABQ,NM,ASW,CE,Combined TRACON& Tower with Radar,157,61,30,26,274,0,14,54,14,82,157,75,84,40,356,0,0,0,356
05/06/2023,ABQ,NM,ASW,CE,Combined TRACON& Tower with Radar,128,33,20,2,183,0,12,41,9,62,128,45,61,11,245,92,0,92,337
05/07/2023,ABQ,NM,ASW,CE,Combined TRACON& Tower with Radar,125,43,19,8,195,0,7,34,2,43,125,50,53,10,238,28,0,28,266
05/08/2023,ABQ,NM,ASW,CE,Combined TRACON& Tower with Radar,154,50,37,9,250,0,15,88,34,137,154,65,125,43,387,42,18,60,447
05/09/2023,ABQ,NM,ASW,CE,Combined TRACON& Tower with Radar,156,50,31,9,246,0,9,108,37,154,156,59,139,46,400,66,10,76,476
05/10/2023,ABQ,NM,ASW,CE,Combined TRACON& Tower with Radar,148,44,36,13,241,0,4,64,29,97,148,48,100,42,338,18,16,34,372
05/11/2023,ABQ,NM,ASW,CE,Combined TRACON& Tower with Radar,158,45,28,20,251,0,9,70,38,117,158,54,98,58,368,0,6,6,374
05/12/2023,ABQ,NM,ASW,CE,Combined TRACON& Tower with Radar,151,57,32,56,296,0,15,107,29,151,151,72,139,85,447,38,6,44,491
05/13/2023,ABQ,NM,ASW,CE,Combined TRACON& Tower with Radar,129,36,28,13,206,0,4,10,5,19,129,40,38,18,225,0,0,0,225
05/14/2023,ABQ,NM,ASW,CE,Combined TRACON& Tower with Radar,124,41,21,12,198,0,7,23,5,35,124,48,44,17,233,40,2,42,275
05/15/2023,ABQ,NM,ASW,CE,Combined TRACON& Tower with Radar,153,66,39,9,267,0,19,91,33,143,153,85,130,42,410,116,4,120,530
05/16/2023,ABQ,NM,ASW,CE,Combined TRACON& Tower with Radar,158,60,39,5,262,0,20,103,53,176,158,80,142,58,438,106,38,144,582
05/17/2023,ABQ,NM,ASW,CE,Combined TRACON& Tower with Radar,155,59,42,10,266,0,0,88,47,135,155,59,130,57,401,0,0,0,401
05/18/2023,ABQ,NM,ASW,CE,Combined TRACON& Tower with Radar,156,49,44,5,254,0,1,74,49,124,156,50,118,54,378,0,0,0,378
05/19/2023,ABQ,NM,ASW,CE,Combined TRACON& Tower with Radar,148,58,35,11,252,0,4,23,9,36,148,62,58,20,288,0,8,8,296
05/20/2023,ABQ,NM,ASW,CE,Combined TRACON& Tower with Radar,124,46,26,1,197,0,2,35,2,39,124,48,61,3,236,64,0,64,300
05/21/2023,ABQ,NM,ASW,CE,Combined TRACON& Tower with Radar,137,31,22,0,190,0,5,38,1,44,137,36,60,1,234,42,0,42,276
05/22/2023,ABQ,NM,ASW,CE,Combined TRACON& Tower with Radar,151,54,23,12,240,0,20,77,38,135,151,74,100,50,375,102,26,128,503
05/23/2023,ABQ,NM,ASW,CE,Combined TRACON& Tower with Radar,152,58,30,6,246,0,14,70,50,134,152,72,100,56,380,20,32,52,432
05/24/2023,ABQ,NM,ASW,CE,Combined TRACON& Tower with Radar,158,56,27,11,252,0,12,100,40,152,158,68,127,51,404,6,52,58,462
05/25/2023,ABQ,NM,ASW,CE,Combined TRACON& Tower with Radar,167,55,45,19,286,0,7,80,42,129,167,62,125,61,415,48,18,66,481
05/26/2023,ABQ,NM,ASW,CE,Combined TRACON& Tower with Radar,151,72,30,7,260,0,5,53,1,59,151,77,83,8,319,24,4,28,347
05/27/2023,ABQ,NM,ASW,CE,Combined TRACON& Tower with Radar,127,29,23,1,180,0,5,66,0,71,127,34,89,1,251,80,0,80,331
05/28/2023,ABQ,NM,ASW,CE,Combined TRACON& Tower with Radar,119,39,20,2,180,0,12,52,0,64,119,51,72,2,244,64,0,64,308
05/29/2023,ABQ,NM,ASW,CE,Combined TRACON& Tower with Radar,151,32,37,0,220,0,5,46,0,51,151,37,83,0,271,0,0,0,271
05/30/2023,ABQ,NM,ASW,CE,Combined TRACON& Tower with Radar,146,49,36,14,245,0,26,79,38,143,146,75,115,52,388,74,8,82,470
05/31/2023,ABQ,NM,ASW,CE,Combined TRACON& Tower with Radar,150,46,39,8,243,0,8,43,36,87,150,54,82,44,330,4,34,38,368
06/01/2023,ABQ,NM,ASW,CE,Combined TRACON& Tower with Radar,147,51,29,5,232,0,9,78,58,145,147,60,107,63,377,58,46,104,481
06/02/2023,ABQ,NM,ASW,CE,Combined TRACON& Tower with Radar,147,49,27,13,236,0,4,86,23,113,147,53,113,36,349,100,4,104,453
06/03/2023,ABQ,NM,ASW,CE,Combined TRACON& Tower with Radar,122,36,26,1,185,0,18,49,2,69,122,54,75,3,254,96,2,98,352
06/04/2023,ABQ,NM,ASW,CE,Combined TRACON& Tower with Radar,126,35,30,1,192,0,7,45,0,52,126,42,75,1,244,0,0,0,244
06/05/2023,ABQ,NM,ASW,CE,Combined TRACON& Tower with Radar,144,48,42,8,242,0,8,69,30,107,144,56,111,38,349,0,0,0,349
06/06/2023,ABQ,NM,ASW,CE,Combined TRACON& Tower with Radar,147,57,34,10,248,0,15,71,44,130,147,72,105,54,378,108,10,118,496
06/07/2023,ABQ,NM,ASW,CE,Combined TRACON& Tower with Radar,152,47,27,10,236,0,16,83,34,133,152,63,110,44,369,70,20,90,459
06/08/2023,ABQ,NM,ASW,CE,Combined TRACON& Tower with Radar,161,61,38,9,269,0,19,90,60,169,161,80,128,69,438,0,0,0,438
06/09/2023,ABQ,NM,ASW,CE,Combined TRACON& Tower with Radar,152,53,36,10,251,0,16,77,25,118,152,69,113,35,369,116,10,126,495
06/10/2023,ABQ,NM,ASW,CE,Combined TRACON& Tower with Radar,121,29,29,2,181,0,10,44,6,60,121,39,73,8,241,88,0,88,329
06/11/2023,ABQ,NM,ASW,CE,Combined TRACON& Tower with Radar,133,38,37,5,213,0,13,48,4,65,133,51,85,9,278,0,0,0,278
06/12/2023,ABQ,NM,ASW,CE,Combined TRACON& Tower with Radar,152,57,43,16,268,0,20,52,45,117,152,77,95,61,385,0,0,0,385
06/13/2023,ABQ,NM,ASW,CE,Combined TRACON& Tower with Radar,149,47,33,11,240,0,12,80,41,133,149,59,113,52,373,0,0,0,373
06/14/2023,ABQ,NM,ASW,CE,Combined TRACON& Tower with Radar,152,48,38,20,258,0,12,79,46,137,152,60,117,66,395,0,0,0,395
06/15/2023,ABQ,NM,ASW,CE,Combined TRACON& Tower with Radar,150,43,28,5,226,0,10,83,41,134,150,53,111,46,360,0,0,0,360
06/16/2023,ABQ,NM,ASW,CE,Combined TRACON& Tower with Radar,149,58,34,14,255,0,14,73,27,114,149,72,107,41,369,16,2,18,387
06/17/2023,ABQ,NM,ASW,CE,Combined TRACON& Tower with Radar,123,37,29,7,196,0,10,46,8,64,123,47,75,15,260,16,0,16,276
06/18/2023,ABQ,NM,ASW,CE,Combined TRACON& Tower with Radar,131,38,31,3,203,0,19,60,5,84,131,57,91,8,287,56,0,56,343
06/19/2023,ABQ,NM,ASW,CE,Combined TRACON& Tower with Radar,148,42,19,6,215,0,20,60,5,85,148,62,79,11,300,56,2,58,358
06/20/2023,ABQ,NM,ASW,CE,Combined TRACON& Tower with Radar,150,57,29,9,245,0,19,66,55,140,150,76,95,64,385,104,10,114,499
06/21/2023,ABQ,NM,ASW,CE,Combined TRACON& Tower with Radar,154,45,29,8,236,0,11,82,37,130,154,56,111,45,366,0,0,0,366
06/22/2023,ABQ,NM,ASW,CE,Combined TRACON& Tower with Radar,162,64,36,3,265,0,20,74,35,129,162,84,110,38,394,96,4,100,494
06/23/2023,ABQ,NM,ASW,CE,Combined TRACON& Tower with Radar,152,58,44,24,278,0,26,70,35,131,152,84,114,59,409,34,16,50,459
06/24/2023,ABQ,NM,ASW,CE,Combined TRACON& Tower with Radar,127,45,23,18,213,0,18,96,9,123,127,63,119,27,336,130,10,140,476
06/25/2023,ABQ,NM,ASW,CE,Combined TRACON& Tower with Radar,127,28,30,6,191,0,29,54,3,86,127,57,84,9,277,132,0,132,409
06/26/2023,ABQ,NM,ASW,CE,Combined TRACON& Tower with Radar,135,53,17,3,208,0,18,49,6,73,135,71,66,9,281,84,0,84,365
06/27/2023,ABQ,NM,ASW,CE,Combined TRACON& Tower with Radar,145,55,28,8,236,0,14,60,35,109,145,69,88,43,345,42,4,46,391
06/28/2023,ABQ,NM,ASW,CE,Combined TRACON& Tower with Radar,148,53,29,6,236,0,9,80,38,127,148,62,109,44,363,0,0,0,363
06/29/2023,ABQ,NM,ASW,CE,Combined TRACON& Tower with Radar,144,54,42,6,246,0,12,68,47,127,144,66,110,53,373,110,20,130,503
06/30/2023,ABQ,NM,ASW,CE,Combined TRACON& Tower with Radar,148,45,34,7,234,0,12,77,22,111,148,57,111,29,345,58,0,58,403
07/01/2023,ABQ,NM,ASW,CE,Combined TRACON& Tower with Radar,123,29,22,1,175,0,24,48,2,74,123,53,70,3,249,16,2,18,267
07/02/2023,ABQ,NM,ASW,CE,Combined TRACON& Tower with Radar,128,28,11,2,169,0,26,44,0,70,128,54,55,2,239,76,0,76,315
07/03/2023,ABQ,NM,ASW,CE,Combined TRACON& Tower with Radar,131,44,19,4,198,0,20,75,3,98,131,64,94,7,296,54,0,54,350
07/04/2023,ABQ,NM,ASW,CE,Combined TRACON& Tower with Radar,126,27,27,2,182,0,31,42,4,77,126,58,69,6,259,82,0,82,341
07/05/2023,ABQ,NM,ASW,CE,Combined TRACON& Tower with Radar,155,52,23,10,240,0,15,100,49,164,155,67,123,59,404,48,12,60,464
07/06/2023,ABQ,NM,ASW,CE,Combined TRACON& Tower with Radar,157,54,26,10,247,0,23,74,57,154,157,77,100,67,401,88,12,100,501
07/07/2023,ABQ,NM,ASW,CE,Combined TRACON& Tower with Radar,157,49,27,34,267,0,20,90,29,139,157,69,117,63,406,70,14,84,490
07/08/2023,ABQ,NM,ASW,CE,Combined TRACON& Tower with Radar,131,47,24,6,208,0,23,33,4,60,131,70,57,10,268,114,0,114,382
07/09/2023,ABQ,NM,ASW,CE,Combined TRACON& Tower with Radar,141,39,19,7,206,0,19,44,1,64,141,58,63,8,270,90,0,90,360
07/10/2023,ABQ,NM,ASW,CE,Combined TRACON& Tower with Radar,149,64,24,10,247,0,11,59,32,102,149,75,83,42,349,108,0,108,457
07/11/2023,ABQ,NM,ASW,CE,Combined TRACON& Tower with Radar,155,46,27,3,231,0,22,65,51,138,155,68,92,54,369,42,0,42,411
07/12/2023,ABQ,NM,ASW,CE,Combined TRACON& Tower with Radar,156,56,35,6,253,0,11,74,44,129,156,67,109,50,382,20,26,46,428
07/13/2023,ABQ,NM,ASW,CE,Combined TRACON& Tower with Radar,154,52,24,18,248,0,5,108,40,153,154,57,132,58,401,70,6,76,477
07/14/2023,ABQ,NM,ASW,CE,Combined TRACON& Tower with Radar,153,56,19,13,241,0,9,70,12,91,153,65,89,25,332,70,0,70,402
07/15/2023,ABQ,NM,ASW,CE,Combined TRACON& Tower with Radar,141,40,41,2,224,0,13,41,0,54,141,53,82,2,278,32,0,32,310
07/16/2023,ABQ,NM,ASW,CE,Combined TRACON& Tower with Radar,136,34,19,2,191,4,14,40,3,61,140,48,59,5,252,120,0,120,372
07/17/2023,ABQ,NM,ASW,CE,Combined TRACON& Tower with Radar,149,56,29,2,236,0,17,50,31,98,149,73,79,33,334,134,14,148,482
07/18/2023,ABQ,NM,ASW,CE,Combined TRACON& Tower with Radar,152,47,25,7,231,0,4,64,35,103,152,51,89,42,334,0,0,0,334
07/19/2023,ABQ,NM,ASW,CE,Combined TRACON& Tower with Radar,157,42,21,11,231,0,3,75,43,121,157,45,96,54,352,0,0,0,352
07/20/2023,ABQ,NM,ASW,CE,Combined TRACON& Tower with Radar,158,57,31,17,263,0,6,76,38,120,158,63,107,55,383,0,0,0,383
07/21/2023,ABQ,NM,ASW,CE,Combined TRACON& Tower with Radar,151,53,23,12,239,0,6,40,24,70,151,59,63,36,309,38,28,66,375
07/22/2023,ABQ,NM,ASW,CE,Combined TRACON& Tower with Radar,140,42,23,3,208,0,12,57,0,69,140,54,80,3,277,84,0,84,361
07/23/2023,ABQ,NM,ASW,CE,Combined TRACON& Tower with Radar,148,43,32,4,227,0,10,50,8,68,148,53,82,12,295,140,0,140,435
07/24/2023,ABQ,NM,ASW,CE,Combined TRACON& Tower with Radar,154,62,29,7,252,0,22,69,32,123,154,84,98,39,375,74,6,80,455
07/25/2023,ABQ,NM,ASW,CE,Combined TRACON& Tower with Radar,158,55,32,6,251,0,11,64,49,124,158,66,96,55,375,68,10,78,453
07/26/2023,ABQ,NM,ASW,CE,Combined TRACON& Tower with Radar,158,55,33,17,263,0,20,74,30,124,158,75,107,47,387,76,6,82,469
07/27/2023,ABQ,NM,ASW,CE,Combined TRACON& Tower with Radar,164,46,38,10,258,0,8,73,34,115,164,54,111,44,373,74,58,132,505
07/28/2023,ABQ,NM,ASW,CE,Combined TRACON& Tower with Radar,155,67,28,14,264,0,26,89,31,146,155,93,117,45,410,60,14,74,484
07/29/2023,ABQ,NM,ASW,CE,Combined TRACON& Tower with Radar,147,37,27,2,213,0,16,67,2,85,147,53,94,4,298,112,0,112,410
07/30/2023,ABQ,NM,ASW,CE,Combined TRACON& Tower with Radar,139,46,22,2,209,0,19,74,3,96,139,65,96,5,305,104,0,104,409
07/31/2023,ABQ,NM,ASW,CE,Combined TRACON& Tower with Radar,149,48,28,5,230,0,26,65,23,114,149,74,93,28,344,116,0,116,460
08/01/2023,ABQ,NM,ASW,CE,Combined TRACON& Tower with Radar,155,48,29,13,245,0,32,67,61,160,155,80,96,74,405,40,26,66,471
08/02/2023,ABQ,NM,ASW,CE,Combined TRACON& Tower with Radar,158,57,21,16,252,0,13,78,46,137,158,70,99,62,389,144,24,168,557
08/03/2023,ABQ,NM,ASW,CE,Combined TRACON& Tower with Radar,180,58,38,18,294,0,16,73,48,137,180,74,111,66,431,106,34,140,571
08/04/2023,ABQ,NM,ASW,CE,Combined TRACON& Tower with Radar,153,55,28,32,268,0,28,83,28,139,153,83,111,60,407,190,40,230,637
08/05/2023,ABQ,NM,ASW,CE,Combined TRACON& Tower with Radar,147,34,27,7,215,0,12,82,13,107,147,46,109,20,322,152,0,152,474
08/06/2023,ABQ,NM,ASW,CE,Combined TRACON& Tower with Radar,136,20,30,6,192,0,11,31,3,45,136,31,61,9,237,90,4,94,331
08/07/2023,ABQ,NM,ASW,CE,Combined TRACON& Tower with Radar,145,47,24,7,223,0,13,47,26,86,145,60,71,33,309,70,2,72,381
08/08/2023,ABQ,NM,ASW,CE,Combined TRACON& Tower with Radar,173,49,32,8,262,0,10,37,37,84,173,59,69,45,346,50,4,54,400
08/09/2023,ABQ,NM,ASW,CE,Combined TRACON& Tower with Radar,160,44,14,18,236,0,6,17,37,60,160,50,31,55,296,16,28,44,340
08/10/2023,ABQ,NM,ASW,CE,Combined TRACON& Tower with Radar,159,56,28,17,260,0,4,86,56,146,159,60,114,73,406,110,10,120,526
08/11/2023,ABQ,NM,ASW,CE,Combined TRACON& Tower with Radar,157,67,35,10,269,0,7,85,32,124,157,74,120,42,393,144,18,162,555
08/12/2023,ABQ,NM,ASW,CE,Combined TRACON& Tower with Radar,139,42,17,0,198,0,6,61,2,69,139,48,78,2,267,90,0,90,357
08/13/2023,ABQ,NM,ASW,CE,Combined TRACON& Tower with Radar,145,27,33,1,206,0,9,41,0,50,145,36,74,1,256,108,2,110,366
08/14/2023,ABQ,NM,ASW,CE,Combined TRACON& Tower with Radar,148,54,32,8,242,0,5,18,33,56,148,59,50,41,298,0,0,0,298
08/15/2023,ABQ,NM,ASW,CE,Combined TRACON& Tower with Radar,158,53,31,12,254,0,12,91,59,162,158,65,122,71,416,138,18,156,572
08/16/2023,ABQ,NM,ASW,CE,Combined TRACON& Tower with Radar,158,53,49,11,271,0,15,81,45,141,158,68,130,56,412,90,28,118,530
08/17/2023,ABQ,NM,ASW,CE,Combined TRACON& Tower with Radar,159,46,37,18,260,0,9,64,45,118,159,55,101,63,378,0,0,0,378
08/18/2023,ABQ,NM,ASW,CE,Combined TRACON& Tower with Radar,158,59,25,19,261,0,9,98,33,140,158,68,123,52,401,104,26,130,531
08/19/2023,ABQ,NM,ASW,CE,Combined TRACON& Tower with Radar,145,35,26,3,209,0,30,80,4,114,145,65,106,7,323,192,0,192,515
08/20/2023,ABQ,NM,ASW,CE,Combined TRACON& Tower with Radar,142,35,13,7,197,0,3,43,5,51,142,38,56,12,248,64,0,64,312
08/21/2023,ABQ,NM,ASW,CE,Combined TRACON& Tower with Radar,151,52,44,12,259,0,1,52,32,85,151,53,96,44,344,0,0,0,344
08/22/2023,ABQ,NM,ASW,CE,Combined TRACON& Tower with Radar,162,67,23,13,265,0,29,55,49,133,162,96,78,62,398,60,14,74,472
08/23/2023,ABQ,NM,ASW,CE,Combined TRACON& Tower with Radar,157,48,45,14,264,0,4,67,57,128,157,52,112,71,392,0,0,0,392
08/24/2023,ABQ,NM,ASW,CE,Combined TRACON& Tower with Radar,160,61,47,16,284,0,5,49,48,102,160,66,96,64,386,0,0,0,386
08/25/2023,ABQ,NM,ASW,CE,Combined TRACON& Tower with Radar,156,57,24,10,247,0,11,84,40,135,156,68,108,50,382,80,22,102,484
08/26/2023,ABQ,NM,ASW,CE,Combined TRACON& Tower with Radar,147,32,30,6,215,0,6,67,2,75,147,38,97,8,290,80,0,80,370
08/27/2023,ABQ,NM,ASW,CE,Combined TRACON& Tower with Radar,151,31,34,9,225,0,11,70,7,88,151,42,104,16,313,70,0,70,383
08/28/2023,ABQ,NM,ASW,CE,Combined TRACON& Tower with Radar,157,57,33,12,259,0,15,64,31,110,157,72,97,43,369,8,2,10,379
08/29/2023,ABQ,NM,ASW,CE,Combined TRACON& Tower with Radar,156,49,36,22,263,0,13,77,56,146,156,62,113,78,409,62,26,88,497
08/30/2023,ABQ,NM,ASW,CE,Combined TRACON& Tower with Radar,154,66,31,7,258,0,11,95,58,164,154,77,126,65,422,0,0,0,422
08/31/2023,ABQ,NM,ASW,CE,Combined TRACON& Tower with Radar,162,61,39,12,274,0,5,76,41,122,162,66,115,53,396,36,30,66,462
01/01/2020,ABQ,NM,ASW,WE,Combined TRACON& Tower with Radar,129,42,20,0,191,1,13,27,3,44,130,55,47,3,235,28,0,28,263
01/02/2020,ABQ,NM,ASW,WE,Combined TRACON& Tower with Radar,161,69,20,4,254,0,38,18,0,56,161,107,38,4,310,6,0,6,316
01/03/2020,ABQ,NM,ASW,WE,Combined TRACON& Tower with Radar,154,47,24,4,229,0,35,73,4,112,154,82,97,8,341,36,0,36,377
01/04/2020,ABQ,NM,ASW,WE,Combined TRACON& Tower with Radar,120,50,36,0,206,0,28,70,0,98,120,78,106,0,304,82,0,82,386
01/05/2020,ABQ,NM,ASW,WE,Combined TRACON& Tower with Radar,144,33,21,1,199,3,12,66,1,82,147,45,87,2,281,98,0,98,379
01/06/2020,ABQ,NM,ASW,WE,Combined TRACON& Tower with Radar,148,50,19,4,221,0,27,44,48,119,148,77,63,52,340,38,31,69,409
01/07/2020,ABQ,NM,ASW,WE,Combined TRACON& Tower with Radar,139,49,28,11,227,0,46,55,44,145,139,95,83,55,372,18,26,44,416
01/08/2020,ABQ,NM,ASW,WE,Combined TRACON& Tower with Radar,143,46,30,6,225,0,33,56,48,137,143,79,86,54,362,60,0,60,422
01/09/2020,ABQ,NM,ASW,WE,Combined TRACON& Tower with Radar,151,58,28,10,247,1,31,69,18,119,152,89,97,28,366,104,22,126,492
01/10/2020,ABQ,NM,ASW,WE,Combined TRACON& Tower with Radar,136,47,27,27,237,0,26,24,17,67,136,73,51,44,304,1,7,8,312
01/11/2020,ABQ,NM,ASW,WE,Combined TRACON& Tower with Radar,89,31,37,37,194,0,20,89,25,134,89,51,126,62,328,74,30,104,432
01/12/2020,ABQ,NM,ASW,WE,Combined TRACON& Tower with Radar,124,28,25,8,185,0,12,55,7,74,124,40,80,15,259,74,0,74,333
01/13/2020,ABQ,NM,ASW,WE,Combined TRACON& Tower with Radar,140,49,38,7,234,0,33,36,41,110,140,82,74,48,344,42,0,42,386
01/14/2020,ABQ,NM,ASW,WE,Combined TRACON& Tower with Radar,140,46,32,11,229,0,31,83,45,159,140,77,115,56,388,22,16,38,426
01/15/2020,ABQ,NM,ASW,WE,Combined TRACON& Tower with Radar,141,42,33,7,223,0,33,59,55,147,141,75,92,62,370,48,64,112,482
01/16/2020,ABQ,NM,ASW,WE,Combined TRACON& Tower with Radar,148,60,11,2,221,0,17,0,3,20,148,77,11,5,241,2,20,22,263
01/17/2020,ABQ,NM,ASW,WE,Combined TRACON& Tower with Radar,157,66,31,14,268,0,16,24,9,49,157,82,55,23,317,8,2,10,327
01/18/2020,ABQ,NM,ASW,WE,Combined TRACON& Tower with Radar,91,45,32,17,185,0,49,74,9,132,91,94,106,26,317,96,18,114,431
01/19/2020,ABQ,NM,ASW,WE,Combined TRACON& Tower with Radar,120,33,19,0,172,0,23,48,5,76,120,56,67,5,248,32,0,32,280
01/20/2020,ABQ,NM,ASW,WE,Combined TRACON& Tower with Radar,140,47,43,2,232,0,28,67,0,95,140,75,110,2,327,54,1,55,382
01/21/2020,ABQ,NM,ASW,WE,Combined TRACON& Tower with Radar,141,64,41,11,257,0,11,7,11,29,141,75,48,22,286,0,16,16,302
01/22/2020,ABQ,NM,ASW,WE,Combined TRACON& Tower with Radar,138,57,51,10,256,0,40,36,51,127,138,97,87,61,383,24,16,40,423
01/23/2020,ABQ,NM,ASW,WE,Combined TRACON& Tower with Radar,147,59,45,16,267,0,36,91,55,182,147,95,136,71,449,42,42,84,533
01/24/2020,ABQ,NM,ASW,WE,Combined TRACON& Tower with Radar,148,53,35,43,279,0,29,73,48,150,148,82,108,91,429,18,72,90,519
01/25/2020,ABQ,NM,ASW,WE,Combined TRACON& Tower with Radar,93,31,25,12,161,0,18,70,16,104,93,49,95,28,265,26,8,34,299
01/26/2020,ABQ,NM,ASW,WE,Combined TRACON& Tower with Radar,127,30,25,33,215,0,14,45,16,75,127,44,70,49,290,64,36,100,390
01/27/2020,ABQ,NM,ASW,WE,Combined TRACON& Tower with Radar,136,52,30,8,226,0,33,13,39,85,136,85,43,47,311,6,10,16,327
01/28/2020,ABQ,NM,ASW,WE,Combined TRACON& Tower with Radar,139,59,42,21,261,0,38,62,65,165,139,97,104,86,426,40,40,80,506
01/29/2020,ABQ,NM,ASW,WE,Combined TRACON& Tower with Radar,137,49,32,12,230,0,38,54,52,144,137,87,86,64,374,22,26,48,422
01/30/2020,ABQ,NM,ASW,WE,Combined TRACON& Tower with Radar,153,50,37,41,281,0,32,80,58,170,153,82,117,99,451,12,48,60,511
01/31/2020,ABQ,NM,ASW,WE,Combined TRACON& Tower with Radar,150,53,53,17,273,4,30,80,32,146,154,83,133,49,419,40,14,54,473
02/01/2020,ABQ,NM,ASW,CE,Combined TRACON& Tower with Radar,92,47,31,12,182,0,10,84,4,98,92,57,115,16,280,80,0,80,360
02/02/2020,ABQ,NM,ASW,CE,Combined TRACON& Tower with Radar,127,31,23,7,188,0,15,81,5,101,127,46,104,12,289,68,0,68,357
02/03/2020,ABQ,NM,ASW,CE,Combined TRACON& Tower with Radar,134,44,43,5,226,0,20,15,48,83,134,64,58,53,309,2,22,24,333
02/04/2020,ABQ,NM,ASW,CE,Combined TRACON& Tower with Radar,143,54,36,11,244,0,13,1,16,30,143,67,37,27,274,0,0,0,274
02/05/2020,ABQ,NM,ASW,CE,Combined TRACON& Tower with Radar,135,51,28,21,235,0,29,39,53,121,135,80,67,74,356,30,18,48,404
02/06/2020,ABQ,NM,ASW,CE,Combined TRACON& Tower with Radar,157,68,26,9,260,0,31,43,60,134,157,99,69,69,394,14,6,20,414
02/07/2020,ABQ,NM,ASW,CE,Combined TRACON& Tower with Radar,143,41,36,15,235,0,31,60,35,126,143,72,96,50,361,24,16,40,401
02/08/2020,ABQ,NM,ASW,CE,Combined TRACON& Tower with Radar,93,37,23,8,161,0,16,108,9,133,93,53,131,17,294,74,6,80,374
02/09/2020,ABQ,NM,ASW,CE,Combined TRACON& Tower with Radar,127,34,20,22,203,0,11,68,9,88,127,45,88,31,291,54,4,58,349
02/10/2020,ABQ,NM,ASW,CE,Combined TRACON& Tower with Radar,146,57,48,0,251,0,9,8,25,42,146,66,56,25,293,12,6,18,311
02/11/2020,ABQ,NM,ASW,CE,Combined TRACON& Tower with Radar,123,77,23,0,223,0,9,3,0,12,123,86,26,0,235,4,0,4,239
02/12/2020,ABQ,NM,ASW,CE,Combined TRACON& Tower with Radar,142,61,58,1,262,0,33,47,64,144,142,94,105,65,406,54,6,60,466
02/13/2020,ABQ,NM,ASW,CE,Combined TRACON& Tower with Radar,146,76,50,9,281,0,40,87,37,164,146,116,137,46,445,62,29,91,536
02/14/2020,ABQ,NM,ASW,CE,Combined TRACON& Tower with Radar,152,54,37,31,274,0,46,77,6,129,152,100,114,37,403,7,1,8,411
02/15/2020,ABQ,NM,ASW,CE,Combined TRACON& Tower with Radar,102,52,19,8,181,0,23,56,0,79,102,75,75,8,260,0,0,0,260
02/16/2020,ABQ,NM,ASW,CE,Combined TRACON& Tower with Radar,120,44,23,2,189,0,26,66,3,95,120,70,89,5,284,66,0,66,350
02/17/2020,ABQ,NM,ASW,CE,Combined TRACON& Tower with Radar,139,60,39,8,246,0,31,67,2,100,139,91,106,10,346,116,5,121,467
02/18/2020,ABQ,NM,ASW,CE,Combined TRACON& Tower with Radar,142,73,44,51,310,0,52,53,42,147,142,125,97,93,457,40,44,84,541
02/19/2020,ABQ,NM,ASW,CE,Combined TRACON& Tower with Radar,149,62,46,5,262,0,28,52,54,134,149,90,98,59,396,86,18,104,500
02/20/2020,ABQ,NM,ASW,CE,Combined TRACON& Tower with Radar,153,79,60,23,315,0,32,40,53,125,153,111,100,76,440,22,22,44,484
02/21/2020,ABQ,NM,ASW,CE,Combined TRACON& Tower with Radar,148,64,42,9,263,0,35,60,25,120,148,99,102,34,383,34,8,42,425
02/22/2020,ABQ,NM,ASW,CE,Combined TRACON& Tower with Radar,100,55,29,5,189,0,9,15,1,25,100,64,44,6,214,0,0,0,214
02/23/2020,ABQ,NM,ASW,CE,Combined TRACON& Tower with Radar,121,46,30,1,198,0,1,5,7,13,121,47,35,8,211,24,0,24,235
02/24/2020,ABQ,NM,ASW,CE,Combined TRACON& Tower with Radar,139,76,43,4,262,0,29,71,14,114,139,105,114,18,376,46,2,48,424
02/25/2020,ABQ,NM,ASW,CE,Combined TRACON& Tower with Radar,143,59,36,10,248,0,35,73,66,174,143,94,109,76,422,62,38,100,522
02/26/2020,ABQ,NM,ASW,CE,Combined TRACON& Tower with Radar,145,62,47,14,268,1,35,80,54,170,146,97,127,68,438,0,0,0,438
02/27/2020,ABQ,NM,ASW,CE,Combined TRACON& Tower with Radar,149,67,49,11,276,0,38,87,55,180,149,105,136,66,456,34,36,70,526
02/28/2020,ABQ,NM,ASW,CE,Combined TRACON& Tower with Radar,144,60,32,17,253,0,42,82,20,144,144,102,114,37,397,68,8,76,473
02/29/2020,ABQ,NM,ASW,CE,Combined TRACON& Tower with Radar,99,57,29,15,200,0,32,76,2,110,99,89,105,17,310,96,0,96,406
03/01/2020,ABQ,NM,ASW,CE,Combined TRACON& Tower with Radar,124,49,22,2,197,0,8,60,2,70,124,57,82,4,267,64,0,64,331
03/02/2020,ABQ,NM,ASW,CE,Combined TRACON& Tower with Radar,140,62,28,6,236,0,52,54,38,144,140,114,82,44,380,56,14,70,450
03/03/2020,ABQ,NM,ASW,CE,Combined TRACON& Tower with Radar,153,60,39,18,270,0,40,61,47,148,153,100,100,65,418,60,36,96,514
03/04/2020,ABQ,NM,ASW,CE,Combined TRACON& Tower with Radar,149,58,43,9,259,0,32,76,52,160,149,90,119,61,419,32,16,48,467
03/05/2020,ABQ,NM,ASW,CE,Combined TRACON& Tower with Radar,156,59,46,11,272,0,28,95,54,177,156,87,141,65,449,8,42,50,499
03/06/2020,ABQ,NM,ASW,CE,Combined TRACON& Tower with Radar,157,55,43,14,269,0,34,60,29,123,157,89,103,43,392,20,16,36,428
03/07/2020,ABQ,NM,ASW,CE,Combined TRACON& Tower with Radar,122,60,46,8,236,0,16,82,7,105,122,76,128,15,341,58,16,74,415
03/08/2020,ABQ,NM,ASW,CE,Combined TRACON& Tower with Radar,138,53,30,11,232,6,11,12,4,33,144,64,42,15,265,20,12,32,297
03/09/2020,ABQ,NM,ASW,CE,Combined TRACON& Tower with Radar,142,53,48,8,251,4,18,55,56,133,146,71,103,64,384,36,28,64,448
03/10/2020,ABQ,NM,ASW,CE,Combined TRACON& Tower with Radar,155,68,40,11,274,0,31,57,66,154,155,99,97,77,428,88,32,120,548
03/11/2020,ABQ,NM,ASW,CE,Combined TRACON& Tower with Radar,156,61,39,10,266,0,24,41,58,123,156,85,80,68,389,44,16,60,449
03/12/2020,ABQ,NM,ASW,CE,Combined TRACON& Tower with Radar,155,56,41,19,271,0,24,67,49,140,155,80,108,68,411,20,36,56,467
03/13/2020,ABQ,NM,ASW,CE,Combined TRACON& Tower with Radar,150,91,24,17,282,0,15,4,18,37,150,106,28,35,319,2,18,20,339
03/14/2020,ABQ,NM,ASW,CE,Combined TRACON& Tower with Radar,123,50,37,7,217,0,20,69,6,95,123,70,106,13,312,24,2,26,338
03/15/2020,ABQ,NM,ASW,CE,Combined TRACON& Tower with Radar,132,35,30,9,206,0,13,54,0,67,132,48,84,9,273,8,0,8,281
03/16/2020,ABQ,NM,ASW,CE,Combined TRACON& Tower with Radar,147,43,21,7,218,0,19,49,47,115,147,62,70,54,333,10,0,10,343
03/17/2020,ABQ,NM,ASW,CE,Combined TRACON& Tower with Radar,150,54,33,14,251,0,26,43,55,124,150,80,76,69,375,4,48,52,427
03/18/2020,ABQ,NM,ASW,CE,Combined TRACON& Tower with Radar,149,41,20,6,216,0,20,26,39,85,149,61,46,45,301,12,8,20,321
03/19/2020,ABQ,NM,ASW,CE,Combined TRACON& Tower with Radar,145,62,26,3,236,0,20,18,17,55,145,82,44,20,291,52,8,60,351
03/20/2020,ABQ,NM,ASW,CE,Combined TRACON& Tower with Radar,124,60,46,7,237,0,24,36,32,92,124,84,82,39,329,30,8,38,367
03/21/2020,ABQ,NM,ASW,CE,Combined TRACON& Tower with Radar,107,43,25,0,175,0,17,36,0,53,107,60,61,0,228,26,0,26,254
03/22/2020,ABQ,NM,ASW,CE,Combined TRACON& Tower with Radar,109,40,40,0,189,0,8,46,1,55,109,48,86,1,244,31,0,31,275
03/23/2020,ABQ,NM,ASW,CE,Combined TRACON& Tower with Radar,114,34,43,4,195,0,19,34,38,91,114,53,77,42,286,24,36,60,346
03/24/2020,ABQ,NM,ASW,CE,Combined TRACON& Tower with Radar,122,33,22,1,178,0,31,52,51,134,122,64,74,52,312,60,56,116,428
03/25/2020,ABQ,NM,ASW,CE,Combined TRACON& Tower with Radar,101,51,26,2,180,0,31,36,36,103,101,82,62,38,283,14,12,26,309
03/26/2020,ABQ,NM,ASW,CE,Combined TRACON& Tower with Radar,109,46,14,1,170,0,30,14,2,46,109,76,28,3,216,4,0,4,220
03/27/2020,ABQ,NM,ASW,CE,Combined TRACON& Tower with Radar,84,40,13,3,140,0,26,19,9,54,84,66,32,12,194,10,0,10,204
03/28/2020,ABQ,NM,ASW,CE,Combined TRACON& Tower with Radar,78,42,22,0,142,0,17,34,0,51,78,59,56,0,193,28,0,28,221
03/29/2020,ABQ,NM,ASW,CE,Combined TRACON& Tower with Radar,82,22,21,0,125,0,9,66,1,76,82,31,87,1,201,68,0,68,269
03/30/2020,ABQ,NM,ASW,CE,Combined TRACON& Tower with Radar,71,34,16,5,126,0,20,21,15,56,71,54,37,20,182,10,8,18,200
03/31/2020,ABQ,NM,ASW,CE,Combined TRACON& Tower with Radar,77,29,36,4,146,0,29,51,34,114,77,58,87,38,260,26,42,68,328
04/01/2020,ABQ,NM,ASW,CE,Combined TRACON& Tower with Radar,86,45,18,10,159,0,26,20,35,81,86,71,38,45,240,8,20,28,268
04/02/2020,ABQ,NM,ASW,CE,Combined TRACON& Tower with Radar,90,41,19,6,156,0,23,25,61,109,90,64,44,67,265,8,34,42,307
04/03/2020,ABQ,NM,ASW,CE,Combined TRACON& Tower with Radar,74,43,13,1,131,0,29,36,4,69,74,72,49,5,200,20,0,20,220
04/04/2020,ABQ,NM,ASW,CE,Combined TRACON& Tower with Radar,52,30,17,1,100,0,22,19,1,42,52,52,36,2,142,50,0,50,192
04/05/2020,ABQ,NM,ASW,CE,Combined TRACON& Tower with Radar,66,28,26,0,120,0,6,33,0,39,66,34,59,0,159,44,0,44,203
04/06/2020,ABQ,NM,ASW,CE,Combined TRACON& Tower with Radar,65,36,21,4,126,0,29,25,27,81,65,65,46,31,207,14,2,16,223
04/07/2020,ABQ,NM,ASW,CE,Combined TRACON& Tower with Radar,66,51,18,6,141,0,29,41,36,106,66,80,59,42,247,34,12,46,293
04/08/2020,ABQ,NM,ASW,CE,Combined TRACON& Tower with Radar,72,37,21,3,133,0,47,21,41,109,72,84,42,44,242,52,30,82,324
04/09/2020,ABQ,NM,ASW,CE,Combined TRACON& Tower with Radar,79,42,22,16,159,0,21,37,51,109,79,63,59,67,268,44,24,68,336
04/10/2020,ABQ,NM,ASW,CE,Combined TRACON& Tower with Radar,63,31,16,0,110,0,20,34,9,63,63,51,50,9,173,18,0,18,191
04/11/2020,ABQ,NM,ASW,CE,Combined TRACON& Tower with Radar,44,22,19,2,87,0,5,28,1,34,44,27,47,3,121,50,0,50,171
04/12/2020,ABQ,NM,ASW,CE,Combined TRACON& Tower with Radar,66,18,7,0,91,0,8,8,2,18,66,26,15,2,109,68,0,68,177
04/13/2020,ABQ,NM,ASW,CE,Combined TRACON& Tower with Radar,64,50,15,6,135,0,0,0,11,11,64,50,15,17,146,0,6,6,152
04/14/2020,ABQ,NM,ASW,CE,Combined TRACON& Tower with Radar,71,47,25,12,155,0,38,36,34,108,71,85,61,46,263,8,28,36,299
04/15/2020,ABQ,NM,ASW,CE,Combined TRACON& Tower with Radar,68,34,21,10,133,0,29,31,45,105,68,63,52,55,238,16,46,62,300
04/16/2020,ABQ,NM,ASW,CE,Combined TRACON& Tower with Radar,60,38,17,6,121,0,27,25,33,85,60,65,42,39,206,32,18,50,256
04/17/2020,ABQ,NM,ASW,CE,Combined TRACON& Tower with Radar,52,32,17,11,112,0,32,49,12,93,52,64,66,23,205,20,22,42,247
04/18/2020,ABQ,NM,ASW,CE,Combined TRACON& Tower with Radar,32,26,11,0,69,0,28,33,3,64,32,54,44,3,133,32,0,32,165
04/19/2020,ABQ,NM,ASW,CE,Combined TRACON& Tower with Radar,42,24,20,0,86,0,23,34,2,59,42,47,54,2,145,86,0,86,231
04/20/2020,ABQ,NM,ASW,CE,Combined TRACON& Tower with Radar,49,33,19,8,109,0,21,44,39,104,49,54,63,47,213,32,12,44,257
04/21/2020,ABQ,NM,ASW,CE,Combined TRACON& Tower with Radar,62,39,17,16,134,0,44,25,49,118,62,83,42,65,252,44,18,62,314
04/22/2020,ABQ,NM,ASW,CE,Combined TRACON& Tower with Radar,53,40,21,15,129,0,36,15,50,101,53,76,36,65,230,46,14,60,290
04/23/2020,ABQ,NM,ASW,CE,Combined TRACON& Tower with Radar,50,44,23,9,126,0,27,23,36,86,50,71,46,45,212,104,30,134,346
04/24/2020,ABQ,NM,ASW,CE,Combined TRACON& Tower with Radar,57,46,17,9,129,0,24,29,13,66,57,70,46,22,195,6,2,8,203
04/25/2020,ABQ,NM,ASW,CE,Combined TRACON& Tower with Radar,40,36,26,2,104,0,20,63,2,85,40,56,89,4,189,72,0,72,261
04/26/2020,ABQ,NM,ASW,CE,Combined TRACON& Tower with Radar,39,19,15,2,75,0,18,54,0,72,39,37,69,2,147,78,2,80,227
04/27/2020,ABQ,NM,ASW,CE,Combined TRACON& Tower with Radar,45,35,14,15,109,0,23,38,43,104,45,58,52,58,213,20,34,54,267
04/28/2020,ABQ,NM,ASW,CE,Combined TRACON& Tower with Radar,62,45,15,4,126,0,32,33,58,123,62,77,48,62,249,2,30,32,281
04/29/2020,ABQ,NM,ASW,CE,Combined TRACON& Tower with Radar,57,44,23,3,127,0,39,46,54,139,57,83,69,57,266,37,38,75,341
04/30/2020,ABQ,NM,ASW,CE,Combined TRACON& Tower with Radar,61,54,17,11,143,0,36,36,28,100,61,90,53,39,243,54,24,78,321
05/01/2020,ABQ,NM,ASW,CE,Combined TRACON& Tower with Radar,54,48,29,5,136,0,35,73,4,112,54,83,102,9,248,24,2,26,274
05/02/2020,ABQ,NM,ASW,CE,Combined TRACON& Tower with Radar,41,25,11,3,80,0,15,56,6,77,41,40,67,9,157,42,2,44,201
05/03/2020,ABQ,NM,ASW,CE,Combined TRACON& Tower with Radar,42,30,19,3,94,0,12,37,7,56,42,42,56,10,150,36,0,36,186
05/04/2020,ABQ,NM,ASW,CE,Combined TRACON& Tower with Radar,54,43,36,5,138,0,37,23,42,102,54,80,59,47,240,10,6,16,256
05/05/2020,ABQ,NM,ASW,CE,Combined TRACON& Tower with Radar,60,50,22,11,143,0,58,31,45,134,60,108,53,56,277,22,20,42,319
05/06/2020,ABQ,NM,ASW,CE,Combined TRACON& Tower with Radar,59,52,34,3,148,0,34,40,47,121,59,86,74,50,269,4,10,14,283
05/07/2020,ABQ,NM,ASW,CE,Combined TRACON& Tower with Radar,67,46,24,3,140,0,40,34,73,147,67,86,58,76,287,14,50,64,351
05/08/2020,ABQ,NM,ASW,CE,Combined TRACON& Tower with Radar,59,53,25,8,145,0,32,32,8,72,59,85,57,16,217,42,0,42,259
05/09/2020,ABQ,NM,ASW,CE,Combined TRACON& Tower with Radar,43,30,29,0,102,0,12,58,3,73,43,42,87,3,175,64,0,64,239
05/10/2020,ABQ,NM,ASW,CE,Combined TRACON& Tower with Radar,45,27,14,4,90,0,10,23,2,35,45,37,37,6,125,38,2,40,165
05/11/2020,ABQ,NM,ASW,CE,Combined TRACON& Tower with Radar,52,50,17,8,127,0,19,21,45,85,52,69,38,53,212,7,4,11,223
05/12/2020,ABQ,NM,ASW,CE,Combined TRACON& Tower with Radar,61,43,21,23,148,0,31,38,54,123,61,74,59,77,271,12,54,66,337
05/13/2020,ABQ,NM,ASW,CE,Combined TRACON& Tower with Radar,66,46,34,4,150,0,35,38,49,122,66,81,72,53,272,20,12,32,304
05/14/2020,ABQ,NM,ASW,CE,Combined TRACON& Tower with Radar,61,44,20,7,132,0,31,76,45,152,61,75,96,52,284,52,34,86,370
05/15/2020,ABQ,NM,ASW,CE,Combined TRACON& Tower with Radar,59,46,34,14,153,0,32,40,38,110,59,78,74,52,263,74,28,102,365
05/16/2020,ABQ,NM,ASW,CE,Combined TRACON& Tower with Radar,46,42,38,0,126,0,40,41,0,81,46,82,79,0,207,36,0,36,243
05/17/2020,ABQ,NM,ASW,CE,Combined TRACON& Tower with Radar,51,34,35,4,124,0,16,24,3,43,51,50,59,7,167,18,0,18,185
05/18/2020,ABQ,NM,ASW,CE,Combined TRACON& Tower with Radar,50,41,35,12,138,0,31,42,42,115,50,72,77,54,253,30,18,48,301
05/19/2020,ABQ,NM,ASW,CE,Combined TRACON& Tower with Radar,57,39,27,14,137,0,40,37,54,131,57,79,64,68,268,16,30,46,314
05/20/2020,ABQ,NM,ASW,CE,Combined TRACON& Tower with Radar,59,31,35,9,134,0,34,38,38,110,59,65,73,47,244,58,28,86,330
05/21/2020,ABQ,NM,ASW,CE,Combined TRACON& Tower with Radar,65,43,32,14,154,0,52,46,52,150,65,95,78,66,304,34,32,66,370
05/22/2020,ABQ,NM,ASW,CE,Combined TRACON& Tower with Radar,59,42,32,8,141,0,34,65,18,117,59,76,97,26,258,32,4,36,294
05/23/2020,ABQ,NM,ASW,CE,Combined TRACON& Tower with Radar,43,37,29,2,111,0,19,37,3,59,43,56,66,5,170,12,0,12,182
05/24/2020,ABQ,NM,ASW,CE,Combined TRACON& Tower with Radar,51,23,26,0,100,0,13,38,1,52,51,36,64,1,152,20,0,20,172
05/25/2020,ABQ,NM,ASW,CE,Combined TRACON& Tower with Radar,52,20,12,2,86,0,8,19,1,28,52,28,31,3,114,0,0,0,114
05/26/2020,ABQ,NM,ASW,CE,Combined TRACON& Tower with Radar,55,49,23,21,148,0,23,46,72,141,55,72,69,93,289,32,70,102,391
05/27/2020,ABQ,NM,ASW,CE,Combined TRACON& Tower with Radar,62,47,38,10,157,7,31,58,54,150,69,78,96,64,307,64,8,72,379
05/28/2020,ABQ,NM,ASW,CE,Combined TRACON& Tower with Radar,64,51,33,10,158,0,39,33,60,132,64,90,66,70,290,4,68,72,362
05/29/2020,ABQ,NM,ASW,CE,Combined TRACON& Tower with Radar,62,44,31,7,144,0,35,37,14,86,62,79,68,21,230,0,12,12,242
05/30/2020,ABQ,NM,ASW,CE,Combined TRACON& Tower with Radar,50,30,21,0,101,0,20,62,4,86,50,50,83,4,187,100,0,100,287
05/31/2020,ABQ,NM,ASW,CE,Combined TRACON& Tower with Radar,53,32,26,2,113,0,6,42,0,48,53,38,68,2,161,74,0,74,235
06/01/2020,ABQ,NM,ASW,CE,Combined TRACON& Tower with Radar,57,35,22,6,120,14,19,39,28,100,71,54,61,34,220,80,8,88,308
06/02/2020,ABQ,NM,ASW,CE,Combined TRACON& Tower with Radar,58,39,32,4,133,0,26,59,40,125,58,65,91,44,258,54,8,62,320
06/03/2020,ABQ,NM,ASW,CE,Combined TRACON& Tower with Radar,57,40,44,7,148,0,38,40,54,132,57,78,84,61,280,60,24,84,364
06/04/2020,ABQ,NM,ASW,CE,Combined TRACON& Tower with Radar,62,45,45,17,169,0,38,57,60,155,62,83,102,77,324,96,20,116,440
06/05/2020,ABQ,NM,ASW,CE,Combined TRACON& Tower with Radar,58,40,41,8,147,0,34,71,15,120,58,74,112,23,267,54,4,58,325
06/06/2020,ABQ,NM,ASW,CE,Combined TRACON& Tower with Radar,45,38,18,0,101,0,29,10,2,41,45,67,28,2,142,0,0,0,142
06/07/2020,ABQ,NM,ASW,CE,Combined TRACON& Tower with Radar,66,29,22,5,122,0,31,47,0,78,66,60,69,5,200,18,0,18,218
06/08/2020,ABQ,NM,ASW,CE,Combined TRACON& Tower with Radar,69,46,24,5,144,0,24,35,26,85,69,70,59,31,229,19,13,32,261
06/09/2020,ABQ,NM,ASW,CE,Combined TRACON& Tower with Radar,74,45,20,5,144,0,31,32,62,125,74,76,52,67,269,24,10,34,303
06/10/2020,ABQ,NM,ASW,CE,Combined TRACON& Tower with Radar,70,37,29,8,144,0,32,68,50,150,70,69,97,58,294,34,0,34,328
06/11/2020,ABQ,NM,ASW,CE,Combined TRACON& Tower with Radar,80,47,48,15,190,0,27,42,44,113,80,74,90,59,303,80,40,120,423
06/12/2020,ABQ,NM,ASW,CE,Combined TRACON& Tower with Radar,78,43,37,5,163,0,24,43,27,94,78,67,80,32,257,104,0,104,361
06/13/2020,ABQ,NM,ASW,CE,Combined TRACON& Tower with Radar,62,38,21,3,124,0,22,41,0,63,62,60,62,3,187,50,0,50,237
06/14/2020,ABQ,NM,ASW,CE,Combined TRACON& Tower with Radar,67,24,22,0,113,0,25,47,0,72,67,49,69,0,185,32,0,32,217
06/15/2020,ABQ,NM,ASW,CE,Combined TRACON& Tower with Radar,67,48,28,3,146,0,33,64,44,141,67,81,92,47,287,22,22,44,331
06/16/2020,ABQ,NM,ASW,CE,Combined TRACON& Tower with Radar,73,44,49,1,167,0,36,53,45,134,73,80,102,46,301,36,32,68,369
06/17/2020,ABQ,NM,ASW,CE,Combined TRACON& Tower with Radar,71,37,33,6,147,0,38,52,62,152,71,75,85,68,299,16,28,44,343
06/18/2020,ABQ,NM,ASW,CE,Combined TRACON& Tower with Radar,79,43,33,8,163,0,49,45,57,151,79,92,78,65,314,42,36,78,392
06/19/2020,ABQ,NM,ASW,CE,Combined TRACON& Tower with Radar,76,40,35,9,160,0,42,46,33,121,76,82,81,42,281,32,32,64,345
06/20/2020,ABQ,NM,ASW,CE,Combined TRACON& Tower with Radar,57,33,29,0,119,0,16,45,7,68,57,49,74,7,187,22,0,22,209
06/21/2020,ABQ,NM,ASW,CE,Combined TRACON& Tower with Radar,64,25,32,1,122,0,21,62,4,87,64,46,94,5,209,74,0,74,283
06/22/2020,ABQ,NM,ASW,CE,Combined TRACON& Tower with Radar,69,39,23,6,137,0,21,48,1,70,69,60,71,7,207,26,0,26,233
06/23/2020,ABQ,NM,ASW,CE,Combined TRACON& Tower with Radar,75,30,30,25,160,0,33,53,42,128,75,63,83,67,288,30,24,54,342
06/24/2020,ABQ,NM,ASW,CE,Combined TRACON& Tower with Radar,70,50,25,14,159,0,28,59,56,143,70,78,84,70,302,54,20,74,376
06/25/2020,ABQ,NM,ASW,CE,Combined TRACON& Tower with Radar,78,44,39,22,183,0,27,49,54,130,78,71,88,76,313,38,40,78,391
06/26/2020,ABQ,NM,ASW,CE,Combined TRACON& Tower with Radar,78,40,32,9,159,0,31,66,51,148,78,71,98,60,307,38,24,62,369
06/27/2020,ABQ,NM,ASW,CE,Combined TRACON& Tower with Radar,63,34,25,2,124,0,19,54,4,77,63,53,79,6,201,56,0,56,257
06/28/2020,ABQ,NM,ASW,CE,Combined TRACON& Tower with Radar,68,22,23,2,115,0,35,53,5,93,68,57,76,7,208,88,0,88,296
06/29/2020,ABQ,NM,ASW,CE,Combined TRACON& Tower with Radar,71,54,43,13,181,0,28,93,52,173,71,82,136,65,354,104,16,120,474
06/30/2020,ABQ,NM,ASW,CE,Combined TRACON& Tower with Radar,78,37,22,8,145,1,31,52,44,128,79,68,74,52,273,40,34,74,347
07/01/2020,ABQ,NM,ASW,CE,Combined TRACON& Tower with Radar,74,40,41,11,166,0,33,53,55,141,74,73,94,66,307,44,38,82,389
07/02/2020,ABQ,NM,ASW,CE,Combined TRACON& Tower with Radar,78,44,21,7,150,0,27,65,44,136,78,71,86,51,286,38,46,84,370
07/03/2020,ABQ,NM,ASW,CE,Combined TRACON& Tower with Radar,79,47,13,0,139,0,26,76,5,107,79,73,89,5,246,54,0,54,300
07/04/2020,ABQ,NM,ASW,CE,Combined TRACON& Tower with Radar,56,31,17,0,104,0,16,40,2,58,56,47,57,2,162,16,0,16,178
07/05/2020,ABQ,NM,ASW,CE,Combined TRACON& Tower with Radar,66,33,25,0,124,0,8,47,0,55,66,41,72,0,179,24,0,24,203
07/06/2020,ABQ,NM,ASW,CE,Combined TRACON& Tower with Radar,80,34,16,2,132,0,22,53,2,77,80,56,69,4,209,50,0,50,259
07/07/2020,ABQ,NM,ASW,CE,Combined TRACON& Tower with Radar,84,60,25,1,170,0,39,35,52,126,84,99,60,53,296,86,26,112,408
07/08/2020,ABQ,NM,ASW,CE,Combined TRACON& Tower with Radar,81,47,31,4,163,0,51,66,40,157,81,98,97,44,320,26,26,52,372
07/09/2020,ABQ,NM,ASW,CE,Combined TRACON& Tower with Radar,91,50,30,5,176,0,34,78,45,157,91,84,108,50,333,104,16,120,453
07/10/2020,ABQ,NM,ASW,CE,Combined TRACON& Tower with Radar,89,46,23,9,167,0,26,45,17,88,89,72,68,26,255,32,4,36,291
07/11/2020,ABQ,NM,ASW,CE,Combined TRACON& Tower with Radar,73,48,19,4,144,0,28,48,2,78,73,76,67,6,222,62,0,62,284
07/12/2020,ABQ,NM,ASW,CE,Combined TRACON& Tower with Radar,75,39,26,0,140,0,12,42,2,56,75,51,68,2,196,52,0,52,248
07/13/2020,ABQ,NM,ASW,CE,Combined TRACON& Tower with Radar,79,45,21,5,150,0,17,30,28,75,79,62,51,33,225,2,0,2,227
07/14/2020,ABQ,NM,ASW,CE,Combined TRACON& Tower with Radar,80,45,20,11,156,0,23,43,38,104,80,68,63,49,260,66,30,96,356
07/15/2020,ABQ,NM,ASW,CE,Combined TRACON& Tower with Radar,82,44,31,7,164,0,35,35,32,102,82,79,66,39,266,16,30,46,312
07/16/2020,ABQ,NM,ASW,CE,Combined TRACON& Tower with Radar,88,42,29,4,163,0,30,51,33,114,88,72,80,37,277,22,6,28,305
07/17/2020,ABQ,NM,ASW,CE,Combined TRACON& Tower with Radar,88,44,28,1,161,0,44,48,21,113,88,88,76,22,274,56,0,56,330
07/18/2020,ABQ,NM,ASW,CE,Combined TRACON& Tower with Radar,73,51,31,8,163,0,11,49,2,62,73,62,80,10,225,70,0,70,295
07/19/2020,ABQ,NM,ASW,CE,Combined TRACON& Tower with Radar,74,50,34,2,160,0,12,55,1,68,74,62,89,3,228,54,0,54,282
07/20/2020,ABQ,NM,ASW,CE,Combined TRACON& Tower with Radar,86,45,14,11,156,0,31,34,28,93,86,76,48,39,249,36,6,42,291
07/21/2020,ABQ,NM,ASW,CE,Combined TRACON& Tower with Radar,83,58,15,5,161,0,28,50,40,118,83,86,65,45,279,42,12,54,333
07/22/2020,ABQ,NM,ASW,CE,Combined TRACON& Tower with Radar,84,54,22,6,166,0,23,42,36,101,84,77,64,42,267,54,2,56,323
07/23/2020,ABQ,NM,ASW,CE,Combined TRACON& Tower with Radar,89,50,25,34,198,0,28,40,29,97,89,78,65,63,295,84,12,96,391
07/24/2020,ABQ,NM,ASW,CE,Combined TRACON& Tower with Radar,92,62,28,4,186,0,26,40,9,75,92,88,68,13,261,0,0,0,261
07/25/2020,ABQ,NM,ASW,CE,Combined TRACON& Tower with Radar,77,48,39,3,167,0,9,42,1,52,77,57,81,4,219,0,0,0,219
07/26/2020,ABQ,NM,ASW,CE,Combined TRACON& Tower with Radar,75,28,25,1,129,0,7,35,1,43,75,35,60,2,172,0,0,0,172
07/27/2020,ABQ,NM,ASW,CE,Combined TRACON& Tower with Radar,79,46,39,6,170,0,21,29,35,85,79,67,68,41,255,44,8,52,307
07/28/2020,ABQ,NM,ASW,CE,Combined TRACON& Tower with Radar,79,46,34,30,189,0,24,38,39,101,79,70,72,69,290,30,10,40,330
07/29/2020,ABQ,NM,ASW,CE,Combined TRACON& Tower with Radar,86,50,35,13,184,0,38,76,53,167,86,88,111,66,351,44,70,114,465
07/30/2020,ABQ,NM,ASW,CE,Combined TRACON& Tower with Radar,85,59,35,9,188,0,31,78,52,161,85,90,113,61,349,46,20,66,415
07/31/2020,ABQ,NM,ASW,CE,Combined TRACON& Tower with Radar,85,58,25,15,183,0,41,51,14,106,85,99,76,29,289,20,28,48,337
08/01/2020,ABQ,NM,ASW,CE,Combined TRACON& Tower with Radar,75,47,41,3,166,0,24,64,13,101,75,71,105,16,267,12,4,16,283
08/02/2020,ABQ,NM,ASW,CE,Combined TRACON& Tower with Radar,74,32,20,5,131,0,14,38,2,54,74,46,58,7,185,24,0,24,209
08/03/2020,ABQ,NM,ASW,CE,Combined TRACON& Tower with Radar,87,46,35,7,175,0,22,44,43,109,87,68,79,50,284,20,12,32,316
08/04/2020,ABQ,NM,ASW,CE,Combined TRACON& Tower with Radar,84,57,25,7,173,0,40,48,46,134,84,97,73,53,307,64,5,69,376
08/05/2020,ABQ,NM,ASW,CE,Combined TRACON& Tower with Radar,87,47,42,6,182,0,33,56,51,140,87,80,98,57,322,62,4,66,388
08/06/2020,ABQ,NM,ASW,CE,Combined TRACON& Tower with Radar,88,54,31,12,185,0,46,38,41,125,88,100,69,53,310,48,0,48,358
08/07/2020,ABQ,NM,ASW,CE,Combined TRACON& Tower with Radar,94,49,32,6,181,0,39,48,16,103,94,88,80,22,284,26,2,28,312
08/08/2020,ABQ,NM,ASW,CE,Combined TRACON& Tower with Radar,82,32,15,5,134,0,17,61,7,85,82,49,76,12,219,38,2,40,259
08/09/2020,ABQ,NM,ASW,CE,Combined TRACON& Tower with Radar,76,22,27,3,128,0,8,40,3,51,76,30,67,6,179,62,4,66,245
08/10/2020,ABQ,NM,ASW,CE,Combined TRACON& Tower with Radar,85,49,31,4,169,0,33,44,42,119,85,82,75,46,288,44,10,54,342
08/11/2020,ABQ,NM,ASW,CE,Combined TRACON& Tower with Radar,97,42,34,16,189,0,27,35,57,119,97,69,69,73,308,96,10,106,414
08/12/2020,ABQ,NM,ASW,CE,Combined TRACON& Tower with Radar,98,52,30,8,188,0,31,53,58,142,98,83,83,66,330,54,16,70,400
08/13/2020,ABQ,NM,ASW,CE,Combined TRACON& Tower with Radar,100,42,20,6,168,0,35,46,61,142,100,77,66,67,310,72,2,74,384
08/14/2020,ABQ,NM,ASW,CE,Combined TRACON& Tower with Radar,100,48,31,5,184,0,28,61,13,102,100,76,92,18,286,22,0,22,308
08/15/2020,ABQ,NM,ASW,CE,Combined TRACON& Tower with Radar,92,28,19,2,141,0,11,45,4,60,92,39,64,6,201,106,0,106,307
08/16/2020,ABQ,NM,ASW,CE,Combined TRACON& Tower with Radar,82,21,22,2,127,0,4,34,2,40,82,25,56,4,167,60,0,60,227
08/17/2020,ABQ,NM,ASW,CE,Combined TRACON& Tower with Radar,96,55,26,11,188,0,42,34,33,109,96,97,60,44,297,44,14,58,355
08/18/2020,ABQ,NM,ASW,CE,Combined TRACON& Tower with Radar,95,46,22,12,175,0,36,53,49,138,95,82,75,61,313,76,38,114,427
08/19/2020,ABQ,NM,ASW,CE,Combined TRACON& Tower with Radar,96,40,24,15,175,0,47,65,59,171,96,87,89,74,346,24,60,84,430
08/20/2020,ABQ,NM,ASW,CE,Combined TRACON& Tower with Radar,105,42,34,18,199,0,41,53,53,147,105,83,87,71,346,62,32,94,440
08/21/2020,ABQ,NM,ASW,CE,Combined TRACON& Tower with Radar,100,42,18,14,174,0,35,56,28,119,100,77,74,42,293,56,32,88,381
08/22/2020,ABQ,NM,ASW,CE,Combined TRACON& Tower with Radar,93,28,24,18,163,0,17,63,14,94,93,45,87,32,257,68,2,70,327
08/23/2020,ABQ,NM,ASW,CE,Combined TRACON& Tower with Radar,82,33,26,6,147,0,13,59,5,77,82,46,85,11,224,44,0,44,268
08/24/2020,ABQ,NM,ASW,CE,Combined TRACON& Tower with Radar,96,50,23,15,184,0,22,60,50,132,96,72,83,65,316,40,2,42,358
08/25/2020,ABQ,NM,ASW,CE,Combined TRACON& Tower with Radar,95,48,31,28,202,0,39,57,68,164,95,87,88,96,366,68,40,108,474
08/26/2020,ABQ,NM,ASW,CE,Combined TRACON& Tower with Radar,92,46,49,37,224,0,28,66,44,138,92,74,115,81,362,58,44,102,464
08/27/2020,ABQ,NM,ASW,CE,Combined TRACON& Tower with Radar,101,55,46,5,207,0,51,63,46,160,101,106,109,51,367,38,30,68,435
08/28/2020,ABQ,NM,ASW,CE,Combined TRACON& Tower with Radar,104,53,23,19,199,0,42,64,30,136,104,95,87,49,335,50,16,66,401
08/29/2020,ABQ,NM,ASW,CE,Combined TRACON& Tower with Radar,88,32,25,5,150,0,27,53,1,81,88,59,78,6,231,14,0,14,245
08/30/2020,ABQ,NM,ASW,CE,Combined TRACON& Tower with Radar,80,38,26,12,156,0,11,55,1,67,80,49,81,13,223,50,8,58,281
08/31/2020,ABQ,NM,ASW,CE,Combined TRACON& Tower with Radar,91,43,22,7,163,0,22,41,32,95,91,65,63,39,258,48,4,52,310
09/01/2020,ABQ,NM,ASW,CE,Combined TRACON& Tower with Radar,97,52,33,6,188,0,34,30,50,114,97,86,63,56,302,24,33,57,359
09/02/2020,ABQ,NM,ASW,CE,Combined TRACON& Tower with Radar,92,39,31,1,163,0,24,61,53,138,92,63,92,54,301,48,48,96,397
09/03/2020,ABQ,NM,ASW,CE,Combined TRACON& Tower with Radar,102,50,36,22,210,0,27,57,54,138,102,77,93,76,348,80,14,94,442
09/04/2020,ABQ,NM,ASW,CE,Combined TRACON& Tower with Radar,96,58,28,5,187,0,24,49,8,81,96,82,77,13,268,54,2,56,324
09/05/2020,ABQ,NM,ASW,CE,Combined TRACON& Tower with Radar,79,42,46,0,167,0,27,57,0,84,79,69,103,0,251,38,0,38,289
09/06/2020,ABQ,NM,ASW,CE,Combined TRACON& Tower with Radar,69,27,23,0,119,0,7,59,1,67,69,34,82,1,186,52,0,52,238
09/07/2020,ABQ,NM,ASW,CE,Combined TRACON& Tower with Radar,64,48,49,1,162,0,9,64,6,79,64,57,113,7,241,26,0,26,267
09/08/2020,ABQ,NM,ASW,CE,Combined TRACON& Tower with Radar,60,46,36,7,149,0,21,30,18,69,60,67,66,25,218,34,10,44,262
09/09/2020,ABQ,NM,ASW,CE,Combined TRACON& Tower with Radar,74,74,35,6,189,0,11,2,19,32,74,85,37,25,221,0,0,0,221
09/10/2020,ABQ,NM,ASW,CE,Combined TRACON& Tower with Radar,84,92,37,28,241,0,14,17,67,98,84,106,54,95,339,2,30,32,371
09/11/2020,ABQ,NM,ASW,CE,Combined TRACON& Tower with Radar,77,72,49,6,204,0,17,64,27,108,77,89,113,33,312,78,2,80,392
09/12/2020,ABQ,NM,ASW,CE,Combined TRACON& Tower with Radar,69,40,38,4,151,0,17,73,11,101,69,57,111,15,252,100,2,102,354
09/13/2020,ABQ,NM,ASW,CE,Combined TRACON& Tower with Radar,69,28,21,3,121,0,9,56,5,70,69,37,77,8,191,66,2,68,259
09/14/2020,ABQ,NM,ASW,CE,Combined TRACON& Tower with Radar,67,52,35,22,176,9,21,57,27,114,76,73,92,49,290,46,4,50,340
09/15/2020,ABQ,NM,ASW,CE,Combined TRACON& Tower with Radar,74,46,37,18,175,0,45,55,36,136,74,91,92,54,311,62,10,72,383
09/16/2020,ABQ,NM,ASW,CE,Combined TRACON& Tower with Radar,78,41,41,11,171,0,36,67,40,143,78,77,108,51,314,66,24,90,404
09/17/2020,ABQ,NM,ASW,CE,Combined TRACON& Tower with Radar,82,40,25,4,151,0,24,57,33,114,82,64,82,37,265,78,24,102,367
09/18/2020,ABQ,NM,ASW,CE,Combined TRACON& Tower with Radar,76,44,33,29,182,0,24,76,14,114,76,68,109,43,296,34,6,40,336
09/19/2020,ABQ,NM,ASW,CE,Combined TRACON& Tower with Radar,66,43,20,12,141,0,20,65,32,117,66,63,85,44,258,72,22,94,352
09/20/2020,ABQ,NM,ASW,CE,Combined TRACON& Tower with Radar,69,44,38,9,160,0,10,59,1,70,69,54,97,10,230,76,0,76,306
09/21/2020,ABQ,NM,ASW,CE,Combined TRACON& Tower with Radar,69,55,33,16,173,0,18,50,38,106,69,73,83,54,279,38,4,42,321
09/22/2020,ABQ,NM,ASW,CE,Combined TRACON& Tower with Radar,74,44,36,13,167,0,34,67,44,145,74,78,103,57,312,96,14,110,422
09/23/2020,ABQ,NM,ASW,CE,Combined TRACON& Tower with Radar,78,58,29,10,175,0,38,64,48,150,78,96,93,58,325,80,8,88,413
09/24/2020,ABQ,NM,ASW,CE,Combined TRACON& Tower with Radar,83,57,25,6,171,0,29,80,43,152,83,86,105,49,323,76,0,76,399
09/25/2020,ABQ,NM,ASW,CE,Combined TRACON& Tower with Radar,77,54,40,17,188,0,44,94,25,163,77,98,134,42,351,76,8,84,435
09/26/2020,ABQ,NM,ASW,CE,Combined TRACON& Tower with Radar,66,56,23,1,146,0,18,77,4,99,66,74,100,5,245,44,0,44,289
09/27/2020,ABQ,NM,ASW,CE,Combined TRACON& Tower with Radar,69,40,28,9,146,0,12,42,4,58,69,52,70,13,204,28,0,28,232
09/28/2020,ABQ,NM,ASW,CE,Combined TRACON& Tower with Radar,71,53,30,4,158,0,31,30,34,95,71,84,60,38,253,26,12,38,291
09/29/2020,ABQ,NM,ASW,CE,Combined TRACON& Tower with Radar,76,47,34,16,173,0,37,75,45,157,76,84,109,61,330,88,18,106,436
09/30/2020,ABQ,NM,ASW,CE,Combined TRACON& Tower with Radar,75,52,30,11,168,0,31,89,27,147,75,83,119,38,315,88,18,106,421
10/01/2020,ABQ,NM,ASW,CE,Combined TRACON& Tower with Radar,81,50,27,3,161,0,29,57,44,130,81,79,84,47,291,48,2,50,341
10/02/2020,ABQ,NM,ASW,CE,Combined TRACON& Tower with Radar,74,58,42,6,180,0,44,94,37,175,74,102,136,43,355,72,28,100,455
10/03/2020,ABQ,NM,ASW,CE,Combined TRACON& Tower with Radar,67,40,32,1,140,0,19,100,13,132,67,59,132,14,272,94,2,96,368
10/04/2020,ABQ,NM,ASW,CE,Combined TRACON& Tower with Radar,72,37,36,2,147,0,12,84,2,98,72,49,120,4,245,76,0,76,321
10/05/2020,ABQ,NM,ASW,CE,Combined TRACON& Tower with Radar,67,55,35,2,159,0,26,73,39,138,67,81,108,41,297,70,14,84,381
10/06/2020,ABQ,NM,ASW,CE,Combined TRACON& Tower with Radar,78,61,22,12,173,0,34,71,74,179,78,95,93,86,352,32,52,84,436
10/07/2020,ABQ,NM,ASW,CE,Combined TRACON& Tower with Radar,82,62,24,14,182,0,38,74,69,181,82,100,98,83,363,54,36,90,453
10/08/2020,ABQ,NM,ASW,CE,Combined TRACON& Tower with Radar,92,81,34,2,209,0,26,55,64,145,92,107,89,66,354,34,36,70,424
10/09/2020,ABQ,NM,ASW,CE,Combined TRACON& Tower with Radar,86,62,31,11,190,0,45,59,25,129,86,107,90,36,319,56,12,68,387
10/10/2020,ABQ,NM,ASW,CE,Combined TRACON& Tower with Radar,70,45,20,6,141,0,21,71,2,94,70,66,91,8,235,72,6,78,313
10/11/2020,ABQ,NM,ASW,CE,Combined TRACON& Tower with Radar,86,54,21,5,166,0,9,49,4,62,86,63,70,9,228,80,0,80,308
10/12/2020,ABQ,NM,ASW,CE,Combined TRACON& Tower with Radar,79,56,30,8,173,0,18,69,7,94,79,74,99,15,267,36,6,42,309
10/13/2020,ABQ,NM,ASW,CE,Combined TRACON& Tower with Radar,84,61,30,7,182,0,31,64,56,151,84,92,94,63,333,20,40,60,393
10/14/2020,ABQ,NM,ASW,CE,Combined TRACON& Tower with Radar,82,55,40,14,191,0,28,63,44,135,82,83,103,58,326,14,22,36,362
10/15/2020,ABQ,NM,ASW,CE,Combined TRACON& Tower with Radar,92,78,32,18,220,0,29,44,60,133,92,107,76,78,353,0,0,0,353
10/16/2020,ABQ,NM,ASW,CE,Combined TRACON& Tower with Radar,84,67,37,44,232,0,34,58,32,124,84,101,95,76,356,58,40,98,454
10/17/2020,ABQ,NM,ASW,CE,Combined TRACON& Tower with Radar,75,44,24,9,152,0,35,59,8,102,75,79,83,17,254,10,6,16,270
10/18/2020,ABQ,NM,ASW,CE,Combined TRACON& Tower with Radar,86,56,33,3,178,0,16,72,6,94,86,72,105,9,272,42,4,46,318
10/19/2020,ABQ,NM,ASW,CE,Combined TRACON& Tower with Radar,77,54,32,9,172,0,26,62,49,137,77,80,94,58,309,18,8,26,335
10/20/2020,ABQ,NM,ASW,CE,Combined TRACON& Tower with Radar,84,69,61,15,229,0,52,57,64,173,84,121,118,79,402,76,30,106,508
10/21/2020,ABQ,NM,ASW,CE,Combined TRACON& Tower with Radar,80,65,34,23,202,0,35,69,39,143,80,100,103,62,345,14,8,22,367
10/22/2020,ABQ,NM,ASW,CE,Combined TRACON& Tower with Radar,93,77,38,14,222,0,41,64,48,153,93,118,102,62,375,4,4,8,383
10/23/2020,ABQ,NM,ASW,CE,Combined TRACON& Tower with Radar,89,56,48,19,212,0,37,74,26,137,89,93,122,45,349,34,2,36,385
10/24/2020,ABQ,NM,ASW,CE,Combined TRACON& Tower with Radar,75,43,25,14,157,0,12,64,10,86,75,55,89,24,243,108,12,120,363
10/25/2020,ABQ,NM,ASW,CE,Combined TRACON& Tower with Radar,80,59,41,15,195,0,13,30,1,44,80,72,71,16,239,50,2,52,291
10/26/2020,ABQ,NM,ASW,CE,Combined TRACON& Tower with Radar,74,38,14,3,129,0,1,0,0,1,74,39,14,3,130,0,0,0,130
10/27/2020,ABQ,NM,ASW,CE,Combined TRACON& Tower with Radar,83,58,8,5,154,0,10,4,0,14,83,68,12,5,168,0,0,0,168
10/28/2020,ABQ,NM,ASW,CE,Combined TRACON& Tower with Radar,77,71,39,10,197,0,25,52,27,104,77,96,91,37,301,56,34,90,391
10/29/2020,ABQ,NM,ASW,CE,Combined TRACON& Tower with Radar,89,65,43,25,222,0,39,65,75,179,89,104,108,100,401,54,64,118,519
10/30/2020,ABQ,NM,ASW,CE,Combined TRACON& Tower with Radar,84,50,19,16,169,0,33,79,30,142,84,83,98,46,311,78,10,88,399
10/31/2020,ABQ,NM,ASW,CE,Combined TRACON& Tower with Radar,61,43,30,2,136,0,17,62,2,81,61,60,92,4,217,44,0,44,261
11/01/2020,ABQ,NM,ASW,CE,Combined TRACON& Tower with Radar,77,34,27,36,174,0,12,59,12,83,77,46,86,48,257,30,26,56,313
11/02/2020,ABQ,NM,ASW,CE,Combined TRACON& Tower with Radar,75,50,14,9,148,0,23,52,49,124,75,73,66,58,272,34,0,34,306
11/03/2020,ABQ,NM,ASW,CE,Combined TRACON& Tower with Radar,74,43,15,6,138,0,34,56,60,150,74,77,71,66,288,30,0,30,318
11/04/2020,ABQ,NM,ASW,CE,Combined TRACON& Tower with Radar,66,55,28,16,165,0,48,70,52,170,66,103,98,68,335,40,56,96,431
11/05/2020,ABQ,NM,ASW,CE,Combined TRACON& Tower with Radar,80,51,22,15,168,0,32,101,54,187,80,83,123,69,355,62,36,98,453
11/06/2020,ABQ,NM,ASW,CE,Combined TRACON& Tower with Radar,76,54,16,19,165,0,38,60,25,123,76,92,76,44,288,8,22,30,318
11/07/2020,ABQ,NM,ASW,CE,Combined TRACON& Tower with Radar,57,50,13,2,122,0,10,36,11,57,57,60,49,13,179,20,8,28,207
11/08/2020,ABQ,NM,ASW,CE,Combined TRACON& Tower with Radar,76,49,16,34,175,0,10,19,7,36,76,59,35,41,211,18,52,70,281
11/09/2020,ABQ,NM,ASW,CE,Combined TRACON& Tower with Radar,67,59,21,14,161,0,13,7,41,61,67,72,28,55,222,14,20,34,256
11/10/2020,ABQ,NM,ASW,CE,Combined TRACON& Tower with Radar,67,61,24,14,166,0,33,77,59,169,67,94,101,73,335,2,48,50,385
11/11/2020,ABQ,NM,ASW,CE,Combined TRACON& Tower with Radar,69,60,32,2,163,0,26,68,7,101,69,86,100,9,264,88,0,88,352
11/12/2020,ABQ,NM,ASW,CE,Combined TRACON& Tower with Radar,82,58,45,11,196,0,28,79,44,151,82,86,124,55,347,50,10,60,407
11/13/2020,ABQ,NM,ASW,CE,Combined TRACON& Tower with Radar,74,52,35,61,222,0,39,82,40,161,74,91,117,101,383,0,0,0,383
11/14/2020,ABQ,NM,ASW,CE,Combined TRACON& Tower with Radar,59,53,22,7,141,0,16,15,4,35,59,69,37,11,176,18,20,38,214
11/15/2020,ABQ,NM,ASW,CE,Combined TRACON& Tower with Radar,78,38,22,50,188,0,20,47,17,84,78,58,69,67,272,98,24,122,394
11/16/2020,ABQ,NM,ASW,CE,Combined TRACON& Tower with Radar,68,39,20,16,143,0,33,59,29,121,68,72,79,45,264,16,10,26,290
11/17/2020,ABQ,NM,ASW,CE,Combined TRACON& Tower with Radar,72,58,32,12,174,0,59,60,43,162,72,117,92,55,336,38,58,96,432
11/18/2020,ABQ,NM,ASW,CE,Combined TRACON& Tower with Radar,73,64,36,14,187,0,45,70,40,155,73,109,106,54,342,112,22,134,476
11/19/2020,ABQ,NM,ASW,CE,Combined TRACON& Tower with Radar,84,57,20,8,169,0,33,60,70,163,84,90,80,78,332,22,28,50,382
11/20/2020,ABQ,NM,ASW,CE,Combined TRACON& Tower with Radar,84,70,35,24,213,0,39,75,29,143,84,109,110,53,356,82,8,90,446
11/21/2020,ABQ,NM,ASW,CE,Combined TRACON& Tower with Radar,81,51,38,3,173,0,24,63,8,95,81,75,101,11,268,66,6,72,340
11/22/2020,ABQ,NM,ASW,CE,Combined TRACON& Tower with Radar,73,55,32,2,162,0,9,25,6,40,73,64,57,8,202,0,0,0,202
11/23/2020,ABQ,NM,ASW,CE,Combined TRACON& Tower with Radar,84,47,33,21,185,0,17,28,39,84,84,64,61,60,269,56,0,56,325
11/24/2020,ABQ,NM,ASW,CE,Combined TRACON& Tower with Radar,98,60,24,9,191,0,44,15,50,109,98,104,39,59,300,4,26,30,330
11/25/2020,ABQ,NM,ASW,CE,Combined TRACON& Tower with Radar,100,63,29,16,208,0,41,67,23,131,100,104,96,39,339,50,16,66,405
11/26/2020,ABQ,NM,ASW,CE,Combined TRACON& Tower with Radar,39,24,17,0,80,0,16,41,2,59,39,40,58,2,139,34,0,34,173
11/27/2020,ABQ,NM,ASW,CE,Combined TRACON& Tower with Radar,69,54,9,0,132,0,22,2,0,24,69,76,11,0,156,0,0,0,156
11/28/2020,ABQ,NM,ASW,CE,Combined TRACON& Tower with Radar,81,55,27,0,163,0,24,46,1,71,81,79,73,1,234,62,0,62,296
11/29/2020,ABQ,NM,ASW,CE,Combined TRACON& Tower with Radar,92,42,41,0,175,0,12,65,1,78,92,54,106,1,253,86,0,86,339
11/30/2020,ABQ,NM,ASW,CE,Combined TRACON& Tower with Radar,87,61,39,1,188,0,24,62,22,108,87,85,101,23,296,22,0,22,318
12/01/2020,ABQ,NM,ASW,CE,Combined TRACON& Tower with Radar,89,46,28,11,174,0,34,36,56,126,89,80,64,67,300,16,46,62,362
12/02/2020,ABQ,NM,ASW,CE,Combined TRACON& Tower with Radar,74,62,55,8,199,0,28,22,37,87,74,90,77,45,286,58,2,60,346
12/03/2020,ABQ,NM,ASW,CE,Combined TRACON& Tower with Radar,79,55,39,11,184,0,41,72,47,160,79,96,111,58,344,46,16,62,406
12/04/2020,ABQ,NM,ASW,CE,Combined TRACON& Tower with Radar,68,47,26,15,156,0,35,42,21,98,68,82,68,36,254,82,26,108,362
12/05/2020,ABQ,NM,ASW,CE,Combined TRACON& Tower with Radar,61,36,23,9,129,0,40,62,11,113,61,76,85,20,242,82,4,86,328
12/06/2020,ABQ,NM,ASW,CE,Combined TRACON& Tower with Radar,69,24,19,8,120,0,19,41,3,63,69,43,60,11,183,16,6,22,205
12/07/2020,ABQ,NM,ASW,CE,Combined TRACON& Tower with Radar,65,39,23,12,139,0,35,47,52,134,65,74,70,64,273,60,38,98,371
12/08/2020,ABQ,NM,ASW,CE,Combined TRACON& Tower with Radar,76,42,34,3,155,0,42,70,73,185,76,84,104,76,340,106,72,178,518
12/09/2020,ABQ,NM,ASW,CE,Combined TRACON& Tower with Radar,74,46,37,9,166,0,36,79,70,185,74,82,116,79,351,68,64,132,483
12/10/2020,ABQ,NM,ASW,CE,Combined TRACON& Tower with Radar,86,60,21,4,171,0,20,9,14,43,86,80,30,18,214,10,0,10,224
12/11/2020,ABQ,NM,ASW,CE,Combined TRACON& Tower with Radar,68,71,27,8,174,0,37,23,47,107,68,108,50,55,281,0,0,0,281
12/12/2020,ABQ,NM,ASW,CE,Combined TRACON& Tower with Radar,63,49,27,2,141,0,18,68,7,93,63,67,95,9,234,120,0,120,354
12/13/2020,ABQ,NM,ASW,CE,Combined TRACON& Tower with Radar,70,42,25,2,139,0,14,40,4,58,70,56,65,6,197,32,2,34,231
12/14/2020,ABQ,NM,ASW,CE,Combined TRACON& Tower with Radar,65,63,45,10,183,0,31,64,42,137,65,94,109,52,320,124,10,134,454
12/15/2020,ABQ,NM,ASW,CE,Combined TRACON& Tower with Radar,78,70,42,3,193,0,39,41,49,129,78,109,83,52,322,72,18,90,412
12/16/2020,ABQ,NM,ASW,CE,Combined TRACON& Tower with Radar,76,68,44,15,203,0,49,86,45,180,76,117,130,60,383,64,18,82,465
12/17/2020,ABQ,NM,ASW,CE,Combined TRACON& Tower with Radar,90,60,38,21,209,0,46,63,55,164,90,106,101,76,373,96,60,156,529
12/18/2020,ABQ,NM,ASW,CE,Combined TRACON& Tower with Radar,92,59,35,13,199,0,38,66,31,135,92,97,101,44,334,80,14,94,428
12/19/2020,ABQ,NM,ASW,CE,Combined TRACON& Tower with Radar,96,44,41,1,182,0,39,68,2,109,96,83,109,3,291,76,0,76,367
12/20/2020,ABQ,NM,ASW,CE,Combined TRACON& Tower with Radar,82,52,22,0,156,0,21,61,0,82,82,73,83,0,238,44,0,44,282
12/21/2020,ABQ,NM,ASW,CE,Combined TRACON& Tower with Radar,42,60,40,26,168,0,24,72,55,151,42,84,112,81,319,0,0,0,319
12/22/2020,ABQ,NM,ASW,CE,Combined TRACON& Tower with Radar,99,56,20,5,180,0,37,75,46,158,99,93,95,51,338,78,22,100,438
12/23/2020,ABQ,NM,ASW,CE,Combined TRACON& Tower with Radar,105,64,25,1,195,0,41,16,8,65,105,105,41,9,260,2,2,4,264
12/24/2020,ABQ,NM,ASW,CE,Combined TRACON& Tower with Radar,74,54,17,0,145,0,43,19,1,63,74,97,36,1,208,14,0,14,222
12/25/2020,ABQ,NM,ASW,CE,Combined TRACON& Tower with Radar,40,36,22,0,98,0,9,36,0,45,40,45,58,0,143,0,0,0,143
12/26/2020,ABQ,NM,ASW,CE,Combined TRACON& Tower with Radar,83,44,27,0,154,0,26,38,8,72,83,70,65,8,226,66,0,66,292
12/27/2020,ABQ,NM,ASW,CE,Combined TRACON& Tower with Radar,88,47,40,0,175,0,20,42,0,62,88,67,82,0,237,28,0,28,265
12/28/2020,ABQ,NM,ASW,CE,Combined TRACON& Tower with Radar,74,66,35,2,177,0,29,41,3,73,74,95,76,5,250,24,0,24,274
12/29/2020,ABQ,NM,ASW,CE,Combined TRACON& Tower with Radar,90,92,34,16,232,0,30,33,24,87,90,122,67,40,319,54,12,66,385
12/30/2020,ABQ,NM,ASW,CE,Combined TRACON& Tower with Radar,89,65,36,7,197,0,45,66,12,123,89,110,102,19,320,66,8,74,394
12/31/2020,ABQ,NM,ASW,CE,Combined TRACON& Tower with Radar,62,58,23,0,143,0,61,39,2,102,62,119,62,2,245,48,0,48,293
01/01/2021,ABQ,NM,ASW,CE,Combined TRACON& Tower with Radar,48,46,24,0,118,0,16,59,0,75,48,62,83,0,193,24,0,24,217
01/02/2021,ABQ,NM,ASW,CE,Combined TRACON& Tower with Radar,86,35,25,1,147,0,20,33,2,55,86,55,58,3,202,66,0,66,268
01/03/2021,ABQ,NM,ASW,CE,Combined TRACON& Tower with Radar,93,44,34,5,176,0,28,47,1,76,93,72,81,6,252,32,0,32,284
01/04/2021,ABQ,NM,ASW,CE,Combined TRACON& Tower with Radar,76,64,32,0,172,0,43,43,1,87,76,107,75,1,259,42,0,42,301
01/05/2021,ABQ,NM,ASW,CE,Combined TRACON& Tower with Radar,78,64,35,6,183,0,45,47,3,95,78,109,82,9,278,36,0,36,314
01/06/2021,ABQ,NM,ASW,CE,Combined TRACON& Tower with Radar,82,61,40,3,186,0,29,46,46,121,82,90,86,49,307,22,6,28,335
01/07/2021,ABQ,NM,ASW,CE,Combined TRACON& Tower with Radar,78,49,24,10,161,0,47,50,34,131,78,96,74,44,292,94,24,118,410
01/08/2021,ABQ,NM,ASW,CE,Combined TRACON& Tower with Radar,73,49,33,17,172,0,48,85,44,177,73,97,118,61,349,38,20,58,407
01/09/2021,ABQ,NM,ASW,CE,Combined TRACON& Tower with Radar,56,49,28,12,145,0,16,42,7,65,56,65,70,19,210,40,8,48,258
01/10/2021,ABQ,NM,ASW,CE,Combined TRACON& Tower with Radar,63,43,31,2,139,0,21,37,1,59,63,64,68,3,198,120,0,120,318
01/11/2021,ABQ,NM,ASW,CE,Combined TRACON& Tower with Radar,66,54,46,8,174,0,40,47,45,132,66,94,93,53,306,28,16,44,350
01/12/2021,ABQ,NM,ASW,CE,Combined TRACON& Tower with Radar,70,64,40,12,186,0,40,81,54,175,70,104,121,66,361,110,26,136,497
01/13/2021,ABQ,NM,ASW,CE,Combined TRACON& Tower with Radar,70,40,34,7,151,0,37,87,55,179,70,77,121,62,330,68,14,82,412
01/14/2021,ABQ,NM,ASW,CE,Combined TRACON& Tower with Radar,78,59,32,4,173,0,38,28,48,114,78,97,60,52,287,4,16,20,307
01/15/2021,ABQ,NM,ASW,CE,Combined TRACON& Tower with Radar,73,50,30,8,161,0,28,50,22,100,73,78,80,30,261,10,18,28,289
01/16/2021,ABQ,NM,ASW,CE,Combined TRACON& Tower with Radar,58,44,24,5,131,0,30,59,1,90,58,74,83,6,221,70,2,72,293
01/17/2021,ABQ,NM,ASW,CE,Combined TRACON& Tower with Radar,66,36,26,2,130,0,17,67,1,85,66,53,93,3,215,118,0,118,333
01/18/2021,ABQ,NM,ASW,CE,Combined TRACON& Tower with Radar,65,53,43,6,167,0,36,58,1,95,65,89,101,7,262,38,0,38,300
01/19/2021,ABQ,NM,ASW,CE,Combined TRACON& Tower with Radar,68,55,20,12,155,0,21,2,25,48,68,76,22,37,203,6,18,24,227
01/20/2021,ABQ,NM,ASW,CE,Combined TRACON& Tower with Radar,70,64,28,21,183,0,42,17,34,93,70,106,45,55,276,28,20,48,324
01/21/2021,ABQ,NM,ASW,CE,Combined TRACON& Tower with Radar,78,66,31,30,205,0,54,47,62,163,78,120,78,92,368,98,56,154,522
01/22/2021,ABQ,NM,ASW,CE,Combined TRACON& Tower with Radar,73,66,34,34,207,0,51,82,36,169,73,117,116,70,376,70,22,92,468
01/23/2021,ABQ,NM,ASW,CE,Combined TRACON& Tower with Radar,56,43,14,16,129,0,18,65,10,93,56,61,79,26,222,40,8,48,270
01/24/2021,ABQ,NM,ASW,CE,Combined TRACON& Tower with Radar,72,31,31,6,140,0,14,28,13,55,72,45,59,19,195,52,24,76,271
01/25/2021,ABQ,NM,ASW,CE,Combined TRACON& Tower with Radar,68,44,24,9,145,0,27,25,43,95,68,71,49,52,240,30,24,54,294
01/26/2021,ABQ,NM,ASW,CE,Combined TRACON& Tower with Radar,72,42,16,17,147,0,25,3,35,63,72,67,19,52,210,0,40,40,250
01/27/2021,ABQ,NM,ASW,CE,Combined TRACON& Tower with Radar,71,59,34,21,185,0,58,64,37,159,71,117,98,58,344,14,32,46,390
01/28/2021,ABQ,NM,ASW,CE,Combined TRACON& Tower with Radar,80,57,51,4,192,0,45,64,66,175,80,102,115,70,367,92,34,126,493
01/29/2021,ABQ,NM,ASW,CE,Combined TRACON& Tower with Radar,73,46,44,6,169,0,25,56,44,125,73,71,100,50,294,56,30,86,380
01/30/2021,ABQ,NM,ASW,CE,Combined TRACON& Tower with Radar,54,40,28,9,131,0,15,35,0,50,54,55,63,9,181,24,0,24,205
01/31/2021,ABQ,NM,ASW,CE,Combined TRACON& Tower with Radar,66,34,28,0,128,0,8,74,3,85,66,42,102,3,213,0,0,0,213
02/01/2021,ABQ,NM,ASW,CE,Combined TRACON& Tower with Radar,67,51,32,22,172,0,17,71,60,148,67,68,103,82,320,106,80,186,506
02/02/2021,ABQ,NM,ASW,CE,Combined TRACON& Tower with Radar,73,46,42,7,168,0,35,88,60,183,73,81,130,67,351,84,42,126,477
02/03/2021,ABQ,NM,ASW,CE,Combined TRACON& Tower with Radar,74,51,38,28,191,0,25,34,55,114,74,76,72,83,305,40,44,84,389
02/04/2021,ABQ,NM,ASW,CE,Combined TRACON& Tower with Radar,80,50,23,10,163,0,24,33,48,105,80,74,56,58,268,20,10,30,298
02/05/2021,ABQ,NM,ASW,CE,Combined TRACON& Tower with Radar,76,36,38,14,164,0,34,87,42,163,76,70,125,56,327,60,42,102,429
02/06/2021,ABQ,NM,ASW,CE,Combined TRACON& Tower with Radar,57,52,28,10,147,0,43,46,3,92,57,95,74,13,239,50,12,62,301
02/07/2021,ABQ,NM,ASW,CE,Combined TRACON& Tower with Radar,66,27,15,5,113,0,23,57,3,83,66,50,72,8,196,108,2,110,306
02/08/2021,ABQ,NM,ASW,CE,Combined TRACON& Tower with Radar,66,60,28,17,171,0,37,41,57,135,66,97,69,74,306,20,34,54,360
02/09/2021,ABQ,NM,ASW,CE,Combined TRACON& Tower with Radar,73,37,36,16,162,0,35,48,62,145,73,72,84,78,307,36,34,70,377
02/10/2021,ABQ,NM,ASW,CE,Combined TRACON& Tower with Radar,75,47,49,23,194,0,31,56,74,161,75,78,105,97,355,124,38,162,517
02/11/2021,ABQ,NM,ASW,CE,Combined TRACON& Tower with Radar,75,72,48,29,224,0,11,93,45,149,75,83,141,74,373,60,68,128,501
02/12/2021,ABQ,NM,ASW,CE,Combined TRACON& Tower with Radar,78,52,34,15,179,0,12,50,34,96,78,64,84,49,275,60,36,96,371
02/13/2021,ABQ,NM,ASW,CE,Combined TRACON& Tower with Radar,54,52,33,10,149,0,3,58,4,65,54,55,91,14,214,36,22,58,272
02/14/2021,ABQ,NM,ASW,CE,Combined TRACON& Tower with Radar,29,26,9,0,64,0,0,3,0,3,29,26,12,0,67,0,0,0,67
02/15/2021,ABQ,NM,ASW,CE,Combined TRACON& Tower with Radar,50,49,20,5,124,0,4,33,0,37,50,53,53,5,161,46,0,46,207
02/16/2021,ABQ,NM,ASW,CE,Combined TRACON& Tower with Radar,60,61,41,7,169,0,1,11,25,37,60,62,52,32,206,0,16,16,222
02/17/2021,ABQ,NM,ASW,CE,Combined TRACON& Tower with Radar,54,42,29,14,139,0,6,54,40,100,54,48,83,54,239,24,22,46,285
02/18/2021,ABQ,NM,ASW,CE,Combined TRACON& Tower with Radar,61,56,38,9,164,0,9,56,47,112,61,65,94,56,276,98,6,104,380
02/19/2021,ABQ,NM,ASW,CE,Combined TRACON& Tower with Radar,68,54,33,19,174,0,11,99,37,147,68,65,132,56,321,66,22,88,409
02/20/2021,ABQ,NM,ASW,CE,Combined TRACON& Tower with Radar,62,46,41,10,159,0,6,57,9,72,62,52,98,19,231,50,0,50,281
02/21/2021,ABQ,NM,ASW,CE,Combined TRACON& Tower with Radar,63,35,21,5,124,0,10,31,8,49,63,45,52,13,173,18,0,18,191
02/22/2021,ABQ,NM,ASW,CE,Combined TRACON& Tower with Radar,76,41,38,7,162,0,31,54,50,135,76,72,92,57,297,52,8,60,357
02/23/2021,ABQ,NM,ASW,CE,Combined TRACON& Tower with Radar,70,53,33,24,180,0,21,115,56,192,70,74,148,80,372,70,44,114,486
02/24/2021,ABQ,NM,ASW,CE,Combined TRACON& Tower with Radar,72,54,39,10,175,0,21,69,47,137,72,75,108,57,312,12,26,38,350
02/25/2021,ABQ,NM,ASW,CE,Combined TRACON& Tower with Radar,77,57,24,6,164,0,11,48,43,102,77,68,72,49,266,22,26,48,314
02/26/2021,ABQ,NM,ASW,CE,Combined TRACON& Tower with Radar,78,50,46,30,204,0,15,86,26,127,78,65,132,56,331,90,12,102,433
02/27/2021,ABQ,NM,ASW,CE,Combined TRACON& Tower with Radar,61,44,22,12,139,0,13,60,3,76,61,57,82,15,215,14,0,14,229
02/28/2021,ABQ,NM,ASW,CE,Combined TRACON& Tower with Radar,61,45,24,12,142,0,7,56,5,68,61,52,80,17,210,34,4,38,248
03/01/2021,ABQ,NM,ASW,CE,Combined TRACON& Tower with Radar,71,42,34,17,164,0,26,74,35,135,71,68,108,52,299,30,8,38,337
03/02/2021,ABQ,NM,ASW,CE,Combined TRACON& Tower with Radar,70,48,35,12,165,0,6,89,62,157,70,54,124,74,322,18,70,88,410
03/03/2021,ABQ,NM,ASW,CE,Combined TRACON& Tower with Radar,74,48,48,6,176,0,15,77,60,152,74,63,125,66,328,68,40,108,436
03/04/2021,ABQ,NM,ASW,CE,Combined TRACON& Tower with Radar,83,55,28,15,181,0,9,39,51,99,83,64,67,66,280,22,10,32,312
03/05/2021,ABQ,NM,ASW,CE,Combined TRACON& Tower with Radar,83,56,42,36,217,0,6,81,52,139,83,62,123,88,356,112,34,146,502
03/06/2021,ABQ,NM,ASW,CE,Combined TRACON& Tower with Radar,68,52,20,12,152,0,13,69,11,93,68,65,89,23,245,70,4,74,319
03/07/2021,ABQ,NM,ASW,CE,Combined TRACON& Tower with Radar,83,35,29,7,154,0,32,44,6,82,83,67,73,13,236,70,0,70,306
03/08/2021,ABQ,NM,ASW,CE,Combined TRACON& Tower with Radar,87,51,31,5,174,0,10,49,47,106,87,61,80,52,280,46,12,58,338
03/09/2021,ABQ,NM,ASW,CE,Combined TRACON& Tower with Radar,87,54,51,3,195,0,8,51,48,107,87,62,102,51,302,0,0,0,302
03/10/2021,ABQ,NM,ASW,CE,Combined TRACON& Tower with Radar,81,42,32,12,167,0,16,39,50,105,81,58,71,62,272,0,26,26,298
03/11/2021,ABQ,NM,ASW,CE,Combined TRACON& Tower with Radar,99,60,44,23,226,0,14,63,48,125,99,74,107,71,351,56,16,72,423
03/12/2021,ABQ,NM,ASW,CE,Combined TRACON& Tower with Radar,100,53,37,26,216,0,12,35,54,101,100,65,72,80,317,30,58,88,405
03/13/2021,ABQ,NM,ASW,CE,Combined TRACON& Tower with Radar,72,50,23,6,151,0,2,15,3,20,72,52,38,9,171,2,2,4,175
03/14/2021,ABQ,NM,ASW,CE,Combined TRACON& Tower with Radar,80,57,27,23,187,0,3,2,12,17,80,60,29,35,204,14,0,14,218
03/15/2021,ABQ,NM,ASW,CE,Combined TRACON& Tower with Radar,84,45,29,8,166,0,11,66,52,129,84,56,95,60,295,74,20,94,389
03/16/2021,ABQ,NM,ASW,CE,Combined TRACON& Tower with Radar,91,47,30,16,184,0,5,64,32,101,91,52,94,48,285,0,44,44,329
03/17/2021,ABQ,NM,ASW,CE,Combined TRACON& Tower with Radar,91,56,45,18,210,0,6,74,55,135,91,62,119,73,345,14,22,36,381
03/18/2021,ABQ,NM,ASW,CE,Combined TRACON& Tower with Radar,101,60,40,10,211,0,12,86,54,152,101,72,126,64,363,38,67,105,468
03/19/2021,ABQ,NM,ASW,CE,Combined TRACON& Tower with Radar,101,61,34,8,204,0,17,101,22,140,101,78,135,30,344,0,4,4,348
03/20/2021,ABQ,NM,ASW,CE,Combined TRACON& Tower with Radar,76,51,21,2,150,0,21,75,1,97,76,72,96,3,247,86,0,86,333
03/21/2021,ABQ,NM,ASW,CE,Combined TRACON& Tower with Radar,90,54,25,1,170,0,14,53,3,70,90,68,78,4,240,38,0,38,278
03/22/2021,ABQ,NM,ASW,CE,Combined TRACON& Tower with Radar,94,46,32,9,181,0,17,60,44,121,94,63,92,53,302,16,22,38,340
03/23/2021,ABQ,NM,ASW,CE,Combined TRACON& Tower with Radar,99,46,32,3,180,0,8,98,36,142,99,54,130,39,322,92,14,106,428
03/24/2021,ABQ,NM,ASW,CE,Combined TRACON& Tower with Radar,91,49,26,4,170,0,0,12,16,28,91,49,38,20,198,0,0,0,198
03/25/2021,ABQ,NM,ASW,CE,Combined TRACON& Tower with Radar,103,68,38,8,217,0,6,62,53,121,103,74,100,61,338,78,54,132,470
03/26/2021,ABQ,NM,ASW,CE,Combined TRACON& Tower with Radar,98,65,45,11,219,0,16,70,32,118,98,81,115,43,337,26,62,88,425
03/27/2021,ABQ,NM,ASW,CE,Combined TRACON& Tower with Radar,76,49,37,34,196,0,21,64,6,91,76,70,101,40,287,46,6,52,339
03/28/2021,ABQ,NM,ASW,CE,Combined TRACON& Tower with Radar,86,45,6,3,140,0,21,60,4,85,86,66,66,7,225,74,0,74,299
03/29/2021,ABQ,NM,ASW,CE,Combined TRACON& Tower with Radar,90,60,25,8,183,0,24,68,47,139,90,84,93,55,322,76,10,86,408
03/30/2021,ABQ,NM,ASW,CE,Combined TRACON& Tower with Radar,96,71,26,17,210,0,14,77,48,139,96,85,103,65,349,16,14,30,379
03/31/2021,ABQ,NM,ASW,CE,Combined TRACON& Tower with Radar,97,56,41,7,201,0,9,96,54,159,97,65,137,61,360,30,10,40,400
04/01/2021,ABQ,NM,ASW,CE,Combined TRACON& Tower with Radar,103,70,29,11,213,0,11,97,57,165,103,81,126,68,378,28,6,34,412
04/02/2021,ABQ,NM,ASW,CE,Combined TRACON& Tower with Radar,94,63,43,25,225,0,9,91,36,136,94,72,134,61,361,82,32,114,475
04/03/2021,ABQ,NM,ASW,CE,Combined TRACON& Tower with Radar,78,43,18,0,139,0,14,78,2,94,78,57,96,2,233,60,0,60,293
04/04/2021,ABQ,NM,ASW,CE,Combined TRACON& Tower with Radar,89,35,17,4,145,0,40,45,7,92,89,75,62,11,237,30,16,46,283
04/05/2021,ABQ,NM,ASW,CE,Combined TRACON& Tower with Radar,92,53,29,14,188,0,15,60,44,119,92,68,89,58,307,0,0,0,307
04/06/2021,ABQ,NM,ASW,CE,Combined TRACON& Tower with Radar,95,57,24,8,184,0,9,55,48,112,95,66,79,56,296,0,10,10,306
04/07/2021,ABQ,NM,ASW,CE,Combined TRACON& Tower with Radar,93,58,49,6,206,0,12,60,52,124,93,70,109,58,330,12,28,40,370
04/08/2021,ABQ,NM,ASW,CE,Combined TRACON& Tower with Radar,104,58,28,10,200,0,16,75,72,163,104,74,103,82,363,46,46,92,455
04/09/2021,ABQ,NM,ASW,CE,Combined TRACON& Tower with Radar,101,68,34,42,245,0,8,77,38,123,101,76,111,80,368,14,26,40,408
04/10/2021,ABQ,NM,ASW,CE,Combined TRACON& Tower with Radar,77,42,32,10,161,0,11,108,9,128,77,53,140,19,289,70,42,112,401
04/11/2021,ABQ,NM,ASW,CE,Combined TRACON& Tower with Radar,90,53,31,3,177,0,10,53,2,65,90,63,84,5,242,20,0,20,262
04/12/2021,ABQ,NM,ASW,CE,Combined TRACON& Tower with Radar,93,55,28,13,189,0,9,51,49,109,93,64,79,62,298,14,4,18,316
04/13/2021,ABQ,NM,ASW,CE,Combined TRACON& Tower with Radar,96,62,51,10,219,0,14,34,31,79,96,76,85,41,298,0,8,8,306
04/14/2021,ABQ,NM,ASW,CE,Combined TRACON& Tower with Radar,93,82,52,13,240,0,24,43,33,100,93,106,95,46,340,14,16,30,370
04/15/2021,ABQ,NM,ASW,CE,Combined TRACON& Tower with Radar,100,81,40,23,244,0,13,49,32,94,100,94,89,55,338,16,16,32,370
04/16/2021,ABQ,NM,ASW,CE,Combined TRACON& Tower with Radar,91,66,35,21,213,0,13,82,30,125,91,79,117,51,338,16,14,30,368
04/17/2021,ABQ,NM,ASW,CE,Combined TRACON& Tower with Radar,79,61,17,13,170,0,4,19,0,23,79,65,36,13,193,14,6,20,213
04/18/2021,ABQ,NM,ASW,CE,Combined TRACON& Tower with Radar,88,50,26,6,170,0,7,20,4,31,88,57,46,10,201,38,0,38,239
04/19/2021,ABQ,NM,ASW,CE,Combined TRACON& Tower with Radar,82,71,34,5,192,0,30,83,51,164,82,101,117,56,356,40,4,44,400
04/20/2021,ABQ,NM,ASW,CE,Combined TRACON& Tower with Radar,96,71,52,13,232,0,8,105,49,162,96,79,157,62,394,2,26,28,422
04/21/2021,ABQ,NM,ASW,CE,Combined TRACON& Tower with Radar,95,62,45,13,215,0,6,59,57,122,95,68,104,70,337,18,14,32,369
04/22/2021,ABQ,NM,ASW,CE,Combined TRACON& Tower with Radar,100,57,52,6,215,0,5,81,49,135,100,62,133,55,350,64,16,80,430
04/23/2021,ABQ,NM,ASW,CE,Combined TRACON& Tower with Radar,90,57,44,18,209,0,14,55,38,107,90,71,99,56,316,34,32,66,382
04/24/2021,ABQ,NM,ASW,CE,Combined TRACON& Tower with Radar,80,52,63,10,205,0,21,91,8,120,80,73,154,18,325,62,4,66,391
04/25/2021,ABQ,NM,ASW,CE,Combined TRACON& Tower with Radar,92,42,16,9,159,0,21,61,5,87,92,63,77,14,246,10,2,12,258
04/26/2021,ABQ,NM,ASW,CE,Combined TRACON& Tower with Radar,88,61,38,8,195,4,10,79,44,137,92,71,117,52,332,46,20,66,398
04/27/2021,ABQ,NM,ASW,CE,Combined TRACON& Tower with Radar,96,61,48,17,222,0,14,47,73,134,96,75,95,90,356,32,42,74,430
04/28/2021,ABQ,NM,ASW,CE,Combined TRACON& Tower with Radar,92,55,42,20,209,0,4,49,52,105,92,59,91,72,314,0,0,0,314
04/29/2021,ABQ,NM,ASW,CE,Combined TRACON& Tower with Radar,104,64,44,20,232,0,17,92,70,179,104,81,136,90,411,0,0,0,411
04/30/2021,ABQ,NM,ASW,CE,Combined TRACON& Tower with Radar,94,77,47,22,240,0,14,88,22,124,94,91,135,44,364,36,12,48,412
05/01/2021,ABQ,NM,ASW,CE,Combined TRACON& Tower with Radar,77,51,42,18,188,0,19,87,11,117,77,70,129,29,305,56,8,64,369
05/02/2021,ABQ,NM,ASW,CE,Combined TRACON& Tower with Radar,88,51,36,4,179,0,9,37,1,47,88,60,73,5,226,40,0,40,266
05/03/2021,ABQ,NM,ASW,CE,Combined TRACON& Tower with Radar,82,69,36,8,195,0,27,43,35,105,82,96,79,43,300,22,4,26,326
05/04/2021,ABQ,NM,ASW,CE,Combined TRACON& Tower with Radar,95,58,30,12,195,0,17,92,51,160,95,75,122,63,355,114,28,142,497
05/05/2021,ABQ,NM,ASW,CE,Combined TRACON& Tower with Radar,93,56,50,6,205,0,16,69,48,133,93,72,119,54,338,44,34,78,416
05/06/2021,ABQ,NM,ASW,CE,Combined TRACON& Tower with Radar,100,64,41,6,211,0,11,60,70,141,100,75,101,76,352,34,24,58,410
05/07/2021,ABQ,NM,ASW,CE,Combined TRACON& Tower with Radar,100,65,32,20,217,0,20,76,37,133,100,85,108,57,350,18,34,52,402
05/08/2021,ABQ,NM,ASW,CE,Combined TRACON& Tower with Radar,84,51,26,11,172,0,33,57,9,99,84,84,83,20,271,53,8,61,332
05/09/2021,ABQ,NM,ASW,CE,Combined TRACON& Tower with Radar,93,34,27,9,163,0,10,64,3,77,93,44,91,12,240,40,0,40,280
05/10/2021,ABQ,NM,ASW,CE,Combined TRACON& Tower with Radar,92,66,30,14,202,0,20,55,41,116,92,86,85,55,318,34,10,44,362
05/11/2021,ABQ,NM,ASW,CE,Combined TRACON& Tower with Radar,99,62,60,7,228,0,13,87,62,162,99,75,147,69,390,74,12,86,476
05/12/2021,ABQ,NM,ASW,CE,Combined TRACON& Tower with Radar,100,75,50,7,232,0,12,90,47,149,100,87,140,54,381,2,8,10,391
05/13/2021,ABQ,NM,ASW,CE,Combined TRACON& Tower with Radar,103,77,41,21,242,0,11,79,52,142,103,88,120,73,384,34,30,64,448
05/14/2021,ABQ,NM,ASW,CE,Combined TRACON& Tower with Radar,100,58,34,18,210,0,11,67,23,101,100,69,101,41,311,6,42,48,359
05/15/2021,ABQ,NM,ASW,CE,Combined TRACON& Tower with Radar,84,45,43,8,180,0,10,58,5,73,84,55,101,13,253,48,0,48,301
05/16/2021,ABQ,NM,ASW,CE,Combined TRACON& Tower with Radar,88,49,46,5,188,0,10,55,4,69,88,59,101,9,257,54,0,54,311
05/17/2021,ABQ,NM,ASW,CE,Combined TRACON& Tower with Radar,93,56,31,16,196,0,10,45,31,86,93,66,76,47,282,10,24,34,316
05/18/2021,ABQ,NM,ASW,CE,Combined TRACON& Tower with Radar,103,49,38,24,214,0,19,39,54,112,103,68,77,78,326,16,46,62,388
05/19/2021,ABQ,NM,ASW,CE,Combined TRACON& Tower with Radar,101,60,41,21,223,0,10,71,60,141,101,70,112,81,364,95,28,123,487
05/20/2021,ABQ,NM,ASW,CE,Combined TRACON& Tower with Radar,106,58,67,7,238,0,17,99,73,189,106,75,166,80,427,27,96,123,550
05/21/2021,ABQ,NM,ASW,CE,Combined TRACON& Tower with Radar,98,54,50,21,223,0,8,63,29,100,98,62,113,50,323,30,28,58,381
05/22/2021,ABQ,NM,ASW,CE,Combined TRACON& Tower with Radar,94,45,13,10,162,0,12,33,10,55,94,57,46,20,217,0,0,0,217
05/23/2021,ABQ,NM,ASW,CE,Combined TRACON& Tower with Radar,92,52,16,9,169,1,28,44,7,80,93,80,60,16,249,0,0,0,249
05/24/2021,ABQ,NM,ASW,CE,Combined TRACON& Tower with Radar,89,60,40,17,206,0,15,88,55,158,89,75,128,72,364,30,20,50,414
05/25/2021,ABQ,NM,ASW,CE,Combined TRACON& Tower with Radar,105,54,32,13,204,0,20,93,46,159,105,74,125,59,363,62,14,76,439
05/26/2021,ABQ,NM,ASW,CE,Combined TRACON& Tower with Radar,102,51,38,13,204,0,29,73,62,164,102,80,111,75,368,28,62,90,458
05/27/2021,ABQ,NM,ASW,CE,Combined TRACON& Tower with Radar,103,55,47,7,212,0,17,77,75,169,103,72,124,82,381,70,22,92,473
05/28/2021,ABQ,NM,ASW,CE,Combined TRACON& Tower with Radar,102,61,35,5,203,0,31,74,5,110,102,92,109,10,313,12,6,18,331
05/29/2021,ABQ,NM,ASW,CE,Combined TRACON& Tower with Radar,83,52,36,2,173,0,27,79,0,106,83,79,115,2,279,58,0,58,337
05/30/2021,ABQ,NM,ASW,CE,Combined TRACON& Tower with Radar,86,51,28,10,175,0,31,62,1,94,86,82,90,11,269,18,2,20,289
05/31/2021,ABQ,NM,ASW,CE,Combined TRACON& Tower with Radar,89,55,19,2,165,0,14,17,0,31,89,69,36,2,196,0,0,0,196
06/01/2021,ABQ,NM,ASW,CE,Combined TRACON& Tower with Radar,102,66,58,1,227,0,28,82,32,142,102,94,140,33,369,30,12,42,411
06/02/2021,ABQ,NM,ASW,CE,Combined TRACON& Tower with Radar,103,66,51,11,231,0,8,97,75,180,103,74,148,86,411,0,0,0,411
06/03/2021,ABQ,NM,ASW,CE,Combined TRACON& Tower with Radar,107,71,55,14,247,0,8,76,64,148,107,79,131,78,395,10,48,58,453
06/04/2021,ABQ,NM,ASW,CE,Combined TRACON& Tower with Radar,116,64,33,24,237,0,6,88,33,127,116,70,121,57,364,78,32,110,474
06/05/2021,ABQ,NM,ASW,CE,Combined TRACON& Tower with Radar,105,43,23,3,174,0,7,58,25,90,105,50,81,28,264,102,0,102,366
06/06/2021,ABQ,NM,ASW,CE,Combined TRACON& Tower with Radar,109,46,26,12,193,0,40,37,6,83,109,86,63,18,276,68,2,70,346
06/07/2021,ABQ,NM,ASW,CE,Combined TRACON& Tower with Radar,111,60,40,20,231,0,29,53,35,117,111,89,93,55,348,52,30,82,430
06/08/2021,ABQ,NM,ASW,CE,Combined TRACON& Tower with Radar,130,69,54,20,273,0,42,98,51,191,130,111,152,71,464,82,36,118,582
06/09/2021,ABQ,NM,ASW,CE,Combined TRACON& Tower with Radar,118,58,37,14,227,0,11,84,63,158,118,69,121,77,385,0,0,0,385
06/10/2021,ABQ,NM,ASW,CE,Combined TRACON& Tower with Radar,120,51,33,5,209,0,14,80,54,148,120,65,113,59,357,36,30,66,423
06/11/2021,ABQ,NM,ASW,CE,Combined TRACON& Tower with Radar,117,69,31,9,226,0,12,86,70,168,117,81,117,79,394,50,52,102,496
06/12/2021,ABQ,NM,ASW,CE,Combined TRACON& Tower with Radar,105,44,26,2,177,0,8,52,3,63,105,52,78,5,240,30,28,58,298
06/13/2021,ABQ,NM,ASW,CE,Combined TRACON& Tower with Radar,107,46,20,10,183,0,10,46,3,59,107,56,66,13,242,0,0,0,242
06/14/2021,ABQ,NM,ASW,CE,Combined TRACON& Tower with Radar,113,60,37,27,237,0,33,66,43,142,113,93,103,70,379,40,14,54,433
06/15/2021,ABQ,NM,ASW,CE,Combined TRACON& Tower with Radar,119,65,37,12,233,0,27,64,39,130,119,92,101,51,363,74,10,84,447
06/16/2021,ABQ,NM,ASW,CE,Combined TRACON& Tower with Radar,125,65,30,4,224,0,20,69,51,140,125,85,99,55,364,20,10,30,394
06/17/2021,ABQ,NM,ASW,CE,Combined TRACON& Tower with Radar,121,63,17,16,217,0,17,78,42,137,121,80,95,58,354,48,12,60,414
06/18/2021,ABQ,NM,ASW,CE,Combined TRACON& Tower with Radar,117,73,44,8,242,0,30,84,18,132,117,103,128,26,374,38,18,56,430
06/19/2021,ABQ,NM,ASW,CE,Combined TRACON& Tower with Radar,121,57,27,3,208,0,21,78,46,145,121,78,105,49,353,40,4,44,397
06/20/2021,ABQ,NM,ASW,CE,Combined TRACON& Tower with Radar,108,50,18,1,177,0,35,61,6,102,108,85,79,7,279,40,0,40,319
06/21/2021,ABQ,NM,ASW,CE,Combined TRACON& Tower with Radar,110,68,22,26,226,0,26,48,41,115,110,94,70,67,341,44,40,84,425
06/22/2021,ABQ,NM,ASW,CE,Combined TRACON& Tower with Radar,123,71,35,8,237,0,36,82,37,155,123,107,117,45,392,36,80,116,508
06/23/2021,ABQ,NM,ASW,CE,Combined TRACON& Tower with Radar,117,64,32,15,228,0,7,80,48,135,117,71,112,63,363,42,10,52,415
06/24/2021,ABQ,NM,ASW,CE,Combined TRACON& Tower with Radar,114,70,35,6,225,0,12,83,36,131,114,82,118,42,356,8,38,46,402
06/25/2021,ABQ,NM,ASW,CE,Combined TRACON& Tower with Radar,138,68,37,10,253,0,21,71,41,133,138,89,108,51,386,64,44,108,494
06/26/2021,ABQ,NM,ASW,CE,Combined TRACON& Tower with Radar,111,53,30,7,201,0,23,91,6,120,111,76,121,13,321,48,4,52,373
06/27/2021,ABQ,NM,ASW,CE,Combined TRACON& Tower with Radar,96,61,27,1,185,0,7,2,7,16,96,68,29,8,201,0,0,0,201
06/28/2021,ABQ,NM,ASW,CE,Combined TRACON& Tower with Radar,113,65,26,11,215,0,15,32,57,104,113,80,58,68,319,18,18,36,355
06/29/2021,ABQ,NM,ASW,CE,Combined TRACON& Tower with Radar,125,68,36,11,240,0,3,22,47,72,125,71,58,58,312,4,40,44,356
06/30/2021,ABQ,NM,ASW,CE,Combined TRACON& Tower with Radar,114,66,57,8,245,0,4,38,42,84,114,70,95,50,329,0,0,0,329
07/01/2021,ABQ,NM,ASW,CE,Combined TRACON& Tower with Radar,127,59,51,13,250,0,11,80,53,144,127,70,131,66,394,58,30,88,482
07/02/2021,ABQ,NM,ASW,CE,Combined TRACON& Tower with Radar,123,76,39,3,241,0,7,61,2,70,123,83,100,5,311,42,4,46,357
07/03/2021,ABQ,NM,ASW,CE,Combined TRACON& Tower with Radar,101,60,39,0,200,0,29,43,8,80,101,89,82,8,280,24,0,24,304
07/04/2021,ABQ,NM,ASW,CE,Combined TRACON& Tower with Radar,96,47,21,1,165,0,10,22,3,35,96,57,43,4,200,0,0,0,200
07/05/2021,ABQ,NM,ASW,CE,Combined TRACON& Tower with Radar,109,53,36,0,198,0,14,62,3,79,109,67,98,3,277,28,0,28,305
07/06/2021,ABQ,NM,ASW,CE,Combined TRACON& Tower with Radar,125,59,48,7,239,0,14,84,13,111,125,73,132,20,350,94,6,100,450
07/07/2021,ABQ,NM,ASW,CE,Combined TRACON& Tower with Radar,119,64,63,8,254,0,16,99,54,169,119,80,162,62,423,86,0,86,509
07/08/2021,ABQ,NM,ASW,CE,Combined TRACON& Tower with Radar,120,66,40,8,234,0,11,75,41,127,120,77,115,49,361,40,8,48,409
07/09/2021,ABQ,NM,ASW,CE,Combined TRACON& Tower with Radar,124,64,37,12,237,0,7,81,35,123,124,71,118,47,360,0,0,0,360
07/10/2021,ABQ,NM,ASW,CE,Combined TRACON& Tower with Radar,120,53,28,3,204,0,12,47,7,66,120,65,75,10,270,18,26,44,314
07/11/2021,ABQ,NM,ASW,CE,Combined TRACON& Tower with Radar,108,48,29,7,192,0,16,31,4,51,108,64,60,11,243,0,2,2,245
07/12/2021,ABQ,NM,ASW,CE,Combined TRACON& Tower with Radar,116,59,36,13,224,0,24,50,48,122,116,83,86,61,346,54,34,88,434
07/13/2021,ABQ,NM,ASW,CE,Combined TRACON& Tower with Radar,122,52,25,16,215,0,27,73,43,143,122,79,98,59,358,8,42,50,408
07/14/2021,ABQ,NM,ASW,CE,Combined TRACON& Tower with Radar,124,58,30,7,219,0,15,45,46,106,124,73,75,53,325,56,24,80,405
07/15/2021,ABQ,NM,ASW,CE,Combined TRACON& Tower with Radar,121,75,27,9,232,0,22,64,42,128,121,97,91,51,360,16,6,22,382
07/16/2021,ABQ,NM,ASW,CE,Combined TRACON& Tower with Radar,123,68,31,25,247,0,8,73,21,102,123,76,104,46,349,0,0,0,349
07/17/2021,ABQ,NM,ASW,CE,Combined TRACON& Tower with Radar,119,67,28,3,217,0,15,64,9,88,119,82,92,12,305,6,0,6,311
07/18/2021,ABQ,NM,ASW,CE,Combined TRACON& Tower with Radar,106,49,30,2,187,0,22,40,12,74,106,71,70,14,261,70,2,72,333
07/19/2021,ABQ,NM,ASW,CE,Combined TRACON& Tower with Radar,108,59,32,14,213,0,9,49,29,87,108,68,81,43,300,0,0,0,300
07/20/2021,ABQ,NM,ASW,CE,Combined TRACON& Tower with Radar,126,69,33,11,239,0,25,55,39,119,126,94,88,50,358,40,12,52,410
07/21/2021,ABQ,NM,ASW,CE,Combined TRACON& Tower with Radar,122,60,28,10,220,0,12,85,50,147,122,72,113,60,367,48,28,76,443
07/22/2021,ABQ,NM,ASW,CE,Combined TRACON& Tower with Radar,128,74,33,16,251,0,5,80,32,117,128,79,113,48,368,76,0,76,444
07/23/2021,ABQ,NM,ASW,CE,Combined TRACON& Tower with Radar,118,62,28,7,215,0,13,67,37,117,118,75,95,44,332,42,58,100,432
07/24/2021,ABQ,NM,ASW,CE,Combined TRACON& Tower with Radar,112,76,30,5,223,0,21,59,7,87,112,97,89,12,310,54,16,70,380
07/25/2021,ABQ,NM,ASW,CE,Combined TRACON& Tower with Radar,102,42,24,8,176,0,7,35,3,45,102,49,59,11,221,64,0,64,285
07/26/2021,ABQ,NM,ASW,CE,Combined TRACON& Tower with Radar,119,62,50,3,234,0,12,56,53,121,119,74,106,56,355,0,0,0,355
07/27/2021,ABQ,NM,ASW,CE,Combined TRACON& Tower with Radar,127,74,45,6,252,0,24,68,46,138,127,98,113,52,390,34,22,56,446
07/28/2021,ABQ,NM,ASW,CE,Combined TRACON& Tower with Radar,124,65,49,12,250,0,17,100,42,159,124,82,149,54,409,50,24,74,483
07/29/2021,ABQ,NM,ASW,CE,Combined TRACON& Tower with Radar,123,61,39,9,232,0,16,77,39,132,123,77,116,48,364,34,14,48,412
07/30/2021,ABQ,NM,ASW,CE,Combined TRACON& Tower with Radar,128,65,32,12,237,0,11,83,27,121,128,76,115,39,358,0,0,0,358
07/31/2021,ABQ,NM,ASW,CE,Combined TRACON& Tower with Radar,114,47,25,5,191,0,20,58,7,85,114,67,83,12,276,20,4,24,300
08/01/2021,ABQ,NM,ASW,CE,Combined TRACON& Tower with Radar,98,51,31,0,180,0,9,36,10,55,98,60,67,10,235,0,0,0,235
08/02/2021,ABQ,NM,ASW,CE,Combined TRACON& Tower with Radar,100,60,30,11,201,0,24,48,40,112,100,84,78,51,313,68,10,78,391
08/03/2021,ABQ,NM,ASW,CE,Combined TRACON& Tower with Radar,124,68,28,4,224,0,16,111,58,185,124,84,139,62,409,92,50,142,551
08/04/2021,ABQ,NM,ASW,CE,Combined TRACON& Tower with Radar,118,64,26,11,219,0,12,70,40,122,118,76,96,51,341,0,0,0,341
08/05/2021,ABQ,NM,ASW,CE,Combined TRACON& Tower with Radar,117,73,32,18,240,0,13,87,35,135,117,86,119,53,375,106,22,128,503
08/06/2021,ABQ,NM,ASW,CE,Combined TRACON& Tower with Radar,132,68,22,13,235,0,25,56,15,96,132,93,78,28,331,30,12,42,373
08/07/2021,ABQ,NM,ASW,CE,Combined TRACON& Tower with Radar,103,74,23,8,208,0,29,51,19,99,103,103,74,27,307,100,2,102,409
08/08/2021,ABQ,NM,ASW,CE,Combined TRACON& Tower with Radar,105,51,39,3,198,0,6,32,5,43,105,57,71,8,241,58,0,58,299
08/09/2021,ABQ,NM,ASW,CE,Combined TRACON& Tower with Radar,108,64,33,9,214,0,20,58,47,125,108,84,91,56,339,64,20,84,423
08/10/2021,ABQ,NM,ASW,CE,Combined TRACON& Tower with Radar,128,90,42,10,270,0,5,50,66,121,128,95,92,76,391,30,20,50,441
08/11/2021,ABQ,NM,ASW,CE,Combined TRACON& Tower with Radar,119,89,49,17,274,0,6,64,39,109,119,95,113,56,383,30,30,60,443
08/12/2021,ABQ,NM,ASW,CE,Combined TRACON& Tower with Radar,118,67,48,7,240,0,9,68,36,113,118,76,116,43,353,30,10,40,393
08/13/2021,ABQ,NM,ASW,CE,Combined TRACON& Tower with Radar,119,76,33,22,250,0,2,55,32,89,119,78,88,54,339,0,0,0,339
08/14/2021,ABQ,NM,ASW,CE,Combined TRACON& Tower with Radar,111,62,25,5,203,0,17,35,5,57,111,79,60,10,260,46,4,50,310
08/15/2021,ABQ,NM,ASW,CE,Combined TRACON& Tower with Radar,108,48,36,0,192,0,12,49,2,63,108,60,85,2,255,24,16,40,295
08/16/2021,ABQ,NM,ASW,CE,Combined TRACON& Tower with Radar,108,59,29,10,206,0,31,48,63,142,108,90,77,73,348,20,18,38,386
08/17/2021,ABQ,NM,ASW,CE,Combined TRACON& Tower with Radar,109,61,26,9,205,0,29,54,43,126,109,90,80,52,331,72,10,82,413
08/18/2021,ABQ,NM,ASW,CE,Combined TRACON& Tower with Radar,111,70,40,13,234,0,6,72,55,133,111,76,112,68,367,0,0,0,367
08/19/2021,ABQ,NM,ASW,CE,Combined TRACON& Tower with Radar,143,69,33,14,259,0,13,91,38,142,143,82,124,52,401,48,10,58,459
08/20/2021,ABQ,NM,ASW,CE,Combined TRACON& Tower with Radar,120,65,37,9,231,0,11,69,35,115,120,76,106,44,346,0,0,0,346
08/21/2021,ABQ,NM,ASW,CE,Combined TRACON& Tower with Radar,99,64,21,1,185,0,24,64,13,101,99,88,85,14,286,62,12,74,360
08/22/2021,ABQ,NM,ASW,CE,Combined TRACON& Tower with Radar,107,46,28,0,181,0,20,48,0,68,107,66,76,0,249,36,0,36,285
08/23/2021,ABQ,NM,ASW,CE,Combined TRACON& Tower with Radar,112,67,27,7,213,0,18,63,15,96,112,85,90,22,309,76,0,76,385
08/24/2021,ABQ,NM,ASW,CE,Combined TRACON& Tower with Radar,118,70,31,4,223,0,23,75,40,138,118,93,106,44,361,68,22,90,451
08/25/2021,ABQ,NM,ASW,CE,Combined TRACON& Tower with Radar,120,65,35,8,228,0,23,87,61,171,120,88,122,69,399,4,28,32,431
08/26/2021,ABQ,NM,ASW,CE,Combined TRACON& Tower with Radar,123,63,33,15,234,0,16,80,46,142,123,79,113,61,376,96,18,114,490
08/27/2021,ABQ,NM,ASW,CE,Combined TRACON& Tower with Radar,128,60,26,17,231,0,12,99,30,141,128,72,125,47,372,46,22,68,440
08/28/2021,ABQ,NM,ASW,CE,Combined TRACON& Tower with Radar,103,57,32,0,192,0,22,73,6,101,103,79,105,6,293,46,4,50,343
08/29/2021,ABQ,NM,ASW,CE,Combined TRACON& Tower with Radar,101,43,26,10,180,0,19,51,0,70,101,62,77,10,250,38,2,40,290
08/30/2021,ABQ,NM,ASW,CE,Combined TRACON& Tower with Radar,114,61,28,12,215,0,24,44,33,101,114,85,72,45,316,32,20,52,368
08/31/2021,ABQ,NM,ASW,CE,Combined TRACON& Tower with Radar,118,67,33,18,236,0,24,66,23,113,118,91,99,41,349,30,4,34,383
09/01/2021,ABQ,NM,ASW,CE,Combined TRACON& Tower with Radar,118,56,39,5,218,0,8,36,43,87,118,64,75,48,305,0,0,0,305
09/02/2021,ABQ,NM,ASW,CE,Combined TRACON& Tower with Radar,119,75,48,11,253,0,8,81,45,134,119,83,129,56,387,49,44,93,480
09/03/2021,ABQ,NM,ASW,CE,Combined TRACON& Tower with Radar,135,84,37,21,277,0,10,91,8,109,135,94,128,29,386,78,6,84,470
09/04/2021,ABQ,NM,ASW,CE,Combined TRACON& Tower with Radar,93,49,33,6,181,0,22,65,3,90,93,71,98,9,271,10,0,10,281
09/05/2021,ABQ,NM,ASW,CE,Combined TRACON& Tower with Radar,99,45,13,0,157,0,14,41,0,55,99,59,54,0,212,50,0,50,262
09/06/2021,ABQ,NM,ASW,CE,Combined TRACON& Tower with Radar,103,54,28,0,185,0,10,50,2,62,103,64,78,2,247,90,0,90,337
09/07/2021,ABQ,NM,ASW,CE,Combined TRACON& Tower with Radar,97,63,29,6,195,0,36,79,29,144,97,99,108,35,339,52,10,62,401
09/08/2021,ABQ,NM,ASW,CE,Combined TRACON& Tower with Radar,109,62,33,11,215,0,15,71,40,126,109,77,104,51,341,0,0,0,341
09/09/2021,ABQ,NM,ASW,CE,Combined TRACON& Tower with Radar,128,63,29,8,228,0,10,84,41,135,128,73,113,49,363,75,22,97,460
09/10/2021,ABQ,NM,ASW,CE,Combined TRACON& Tower with Radar,127,54,38,27,246,0,12,106,18,136,127,66,144,45,382,62,38,100,482
09/11/2021,ABQ,NM,ASW,CE,Combined TRACON& Tower with Radar,109,51,25,8,193,0,17,86,17,120,109,68,111,25,313,101,5,106,419
09/12/2021,ABQ,NM,ASW,CE,Combined TRACON& Tower with Radar,123,44,35,9,211,0,36,72,6,114,123,80,107,15,325,48,0,48,373
09/13/2021,ABQ,NM,ASW,CE,Combined TRACON& Tower with Radar,112,53,40,13,218,0,22,74,32,128,112,75,114,45,346,60,8,68,414
09/14/2021,ABQ,NM,ASW,CE,Combined TRACON& Tower with Radar,112,72,37,9,230,0,31,72,49,152,112,103,109,58,382,8,54,62,444
09/15/2021,ABQ,NM,ASW,CE,Combined TRACON& Tower with Radar,115,88,69,16,288,0,17,92,50,159,115,105,161,66,447,44,22,66,513
09/16/2021,ABQ,NM,ASW,CE,Combined TRACON& Tower with Radar,129,65,30,11,235,0,15,92,49,156,129,80,122,60,391,80,26,106,497
09/17/2021,ABQ,NM,ASW,CE,Combined TRACON& Tower with Radar,125,68,42,42,277,0,16,78,39,133,125,84,120,81,410,32,42,74,484
09/18/2021,ABQ,NM,ASW,CE,Combined TRACON& Tower with Radar,104,63,26,12,205,0,18,65,14,97,104,81,91,26,302,0,30,30,332
09/19/2021,ABQ,NM,ASW,CE,Combined TRACON& Tower with Radar,120,61,36,1,218,0,29,31,5,65,120,90,67,6,283,26,2,28,311
09/20/2021,ABQ,NM,ASW,CE,Combined TRACON& Tower with Radar,117,54,40,6,217,0,9,49,49,107,117,63,89,55,324,0,0,0,324
09/21/2021,ABQ,NM,ASW,CE,Combined TRACON& Tower with Radar,116,71,41,10,238,0,11,60,45,116,116,82,101,55,354,18,26,44,398
09/22/2021,ABQ,NM,ASW,CE,Combined TRACON& Tower with Radar,117,58,35,14,224,0,29,76,52,157,117,87,111,66,381,74,10,84,465
09/23/2021,ABQ,NM,ASW,CE,Combined TRACON& Tower with Radar,123,53,50,23,249,0,17,92,43,152,123,70,142,66,401,16,18,34,435
09/24/2021,ABQ,NM,ASW,CE,Combined TRACON& Tower with Radar,128,68,39,39,274,0,31,74,49,154,128,99,113,88,428,36,48,84,512
09/25/2021,ABQ,NM,ASW,CE,Combined TRACON& Tower with Radar,105,52,17,6,180,0,16,61,2,79,105,68,78,8,259,0,0,0,259
09/26/2021,ABQ,NM,ASW,CE,Combined TRACON& Tower with Radar,121,47,42,27,237,0,7,41,1,49,121,54,83,28,286,2,84,86,372
09/27/2021,ABQ,NM,ASW,CE,Combined TRACON& Tower with Radar,114,69,30,6,219,0,26,60,37,123,114,95,90,43,342,16,2,18,360
09/28/2021,ABQ,NM,ASW,CE,Combined TRACON& Tower with Radar,118,80,29,12,239,0,8,50,48,106,118,88,79,60,345,30,20,50,395
09/29/2021,ABQ,NM,ASW,CE,Combined TRACON& Tower with Radar,118,77,29,12,236,0,13,72,40,125,118,90,101,52,361,0,0,0,361
09/30/2021,ABQ,NM,ASW,CE,Combined TRACON& Tower with Radar,124,70,31,0,225,0,4,36,6,46,124,74,67,6,271,46,0,46,317
10/01/2021,ABQ,NM,ASW,CE,Combined TRACON& Tower with Radar,131,65,50,21,267,0,13,33,13,59,131,78,83,34,326,2,14,16,342
10/02/2021,ABQ,NM,ASW,CE,Combined TRACON& Tower with Radar,108,43,27,7,185,0,41,65,24,130,108,84,92,31,315,26,36,62,377
10/03/2021,ABQ,NM,ASW,CE,Combined TRACON& Tower with Radar,122,38,47,2,209,0,38,55,9,102,122,76,102,11,311,30,12,42,353
10/04/2021,ABQ,NM,ASW,CE,Combined TRACON& Tower with Radar,119,59,34,8,220,0,24,68,30,122,119,83,102,38,342,12,30,42,384
10/05/2021,ABQ,NM,ASW,CE,Combined TRACON& Tower with Radar,125,66,34,11,236,0,26,71,33,130,125,92,105,44,366,28,6,34,400
10/06/2021,ABQ,NM,ASW,CE,Combined TRACON& Tower with Radar,119,66,44,19,248,0,4,75,43,122,119,70,119,62,370,0,0,0,370
10/07/2021,ABQ,NM,ASW,CE,Combined TRACON& Tower with Radar,135,53,47,10,245,0,17,96,45,158,135,70,143,55,403,24,28,52,455
10/08/2021,ABQ,NM,ASW,CE,Combined TRACON& Tower with Radar,136,49,50,10,245,0,14,65,35,114,136,63,115,45,359,0,0,0,359
10/09/2021,ABQ,NM,ASW,CE,Combined TRACON& Tower with Radar,105,61,37,1,204,0,14,63,8,85,105,75,100,9,289,14,0,14,303
10/10/2021,ABQ,NM,ASW,CE,Combined TRACON& Tower with Radar,111,40,35,4,190,0,22,26,4,52,111,62,61,8,242,0,0,0,242
10/11/2021,ABQ,NM,ASW,CE,Combined TRACON& Tower with Radar,123,59,49,4,235,0,28,54,1,83,123,87,103,5,318,44,2,46,364
10/12/2021,ABQ,NM,ASW,CE,Combined TRACON& Tower with Radar,118,71,32,9,230,0,18,21,35,74,118,89,53,44,304,0,2,2,306
10/13/2021,ABQ,NM,ASW,CE,Combined TRACON& Tower with Radar,119,71,36,13,239,0,13,90,74,177,119,84,126,87,416,0,0,0,416
10/14/2021,ABQ,NM,ASW,CE,Combined TRACON& Tower with Radar,128,64,40,20,252,0,15,70,40,125,128,79,110,60,377,14,22,36,413
10/15/2021,ABQ,NM,ASW,CE,Combined TRACON& Tower with Radar,128,77,36,11,252,0,4,86,39,129,128,81,122,50,381,16,22,38,419
10/16/2021,ABQ,NM,ASW,CE,Combined TRACON& Tower with Radar,107,46,28,4,185,0,13,89,6,108,107,59,117,10,293,66,8,74,367
10/17/2021,ABQ,NM,ASW,CE,Combined TRACON& Tower with Radar,116,45,38,6,205,0,18,67,0,85,116,63,105,6,290,10,0,10,300
10/18/2021,ABQ,NM,ASW,CE,Combined TRACON& Tower with Radar,117,58,30,18,223,0,11,54,42,107,117,69,84,60,330,26,11,37,367
10/19/2021,ABQ,NM,ASW,CE,Combined TRACON& Tower with Radar,113,57,33,6,209,0,6,59,46,111,113,63,92,52,320,12,10,22,342
10/20/2021,ABQ,NM,ASW,CE,Combined TRACON& Tower with Radar,122,50,46,1,219,0,14,87,43,144,122,64,133,44,363,24,10,34,397
10/21/2021,ABQ,NM,ASW,CE,Combined TRACON& Tower with Radar,120,55,32,7,214,0,12,70,53,135,120,67,102,60,349,10,40,50,399
10/22/2021,ABQ,NM,ASW,CE,Combined TRACON& Tower with Radar,126,56,30,38,250,0,10,93,28,131,126,66,123,66,381,32,8,40,421
10/23/2021,ABQ,NM,ASW,CE,Combined TRACON& Tower with Radar,98,49,21,1,169,0,25,60,1,86,98,74,81,2,255,20,4,24,279
10/24/2021,ABQ,NM,ASW,CE,Combined TRACON& Tower with Radar,118,42,30,6,196,0,17,55,1,73,118,59,85,7,269,34,0,34,303
10/25/2021,ABQ,NM,ASW,CE,Combined TRACON& Tower with Radar,114,65,42,10,231,0,25,64,34,123,114,90,106,44,354,62,12,74,428
10/26/2021,ABQ,NM,ASW,CE,Combined TRACON& Tower with Radar,125,68,24,12,229,0,13,31,42,86,125,81,55,54,315,22,36,58,373
10/27/2021,ABQ,NM,ASW,CE,Combined TRACON& Tower with Radar,116,71,28,15,230,0,20,39,33,92,116,91,67,48,322,0,12,12,334
10/28/2021,ABQ,NM,ASW,CE,Combined TRACON& Tower with Radar,125,65,46,16,252,0,16,93,46,155,125,81,139,62,407,28,34,62,469
10/29/2021,ABQ,NM,ASW,CE,Combined TRACON& Tower with Radar,125,61,45,11,242,0,22,96,31,149,125,83,141,42,391,20,10,30,421
10/30/2021,ABQ,NM,ASW,CE,Combined TRACON& Tower with Radar,101,50,31,1,183,0,19,56,4,79,101,69,87,5,262,74,2,76,338
10/31/2021,ABQ,NM,ASW,CE,Combined TRACON& Tower with Radar,95,41,20,5,161,0,14,30,5,49,95,55,50,10,210,26,0,26,236
11/01/2021,ABQ,NM,ASW,CE,Combined TRACON& Tower with Radar,106,56,38,11,211,0,17,60,45,122,106,73,98,56,333,36,22,58,391
11/02/2021,ABQ,NM,ASW,CE,Combined TRACON& Tower with Radar,117,61,40,24,242,0,13,60,63,136,117,74,100,87,378,78,60,138,516
11/03/2021,ABQ,NM,ASW,CE,Combined TRACON& Tower with Radar,119,66,40,16,241,0,16,75,76,167,119,82,115,92,408,0,0,0,408
11/04/2021,ABQ,NM,ASW,CE,Combined TRACON& Tower with Radar,130,55,57,21,263,0,36,71,43,150,130,91,128,64,413,12,24,36,449
11/05/2021,ABQ,NM,ASW,CE,Combined TRACON& Tower with Radar,126,70,58,76,330,0,12,91,22,125,126,82,149,98,455,12,22,34,489
11/06/2021,ABQ,NM,ASW,CE,Combined TRACON& Tower with Radar,111,53,31,15,210,0,10,56,19,85,111,63,87,34,295,34,24,58,353
11/07/2021,ABQ,NM,ASW,CE,Combined TRACON& Tower with Radar,106,48,35,28,217,0,17,59,4,80,106,65,94,32,297,18,4,22,319
11/08/2021,ABQ,NM,ASW,CE,Combined TRACON& Tower with Radar,122,60,49,17,248,0,11,71,48,130,122,71,120,65,378,0,0,0,378
11/09/2021,ABQ,NM,ASW,CE,Combined TRACON& Tower with Radar,113,64,49,15,241,0,17,84,59,160,113,81,133,74,401,38,18,56,457
11/10/2021,ABQ,NM,ASW,CE,Combined TRACON& Tower with Radar,112,65,41,12,230,0,13,48,39,100,112,78,89,51,330,0,0,0,330
11/11/2021,ABQ,NM,ASW,CE,Combined TRACON& Tower with Radar,128,62,36,1,227,0,9,71,3,83,128,71,107,4,310,6,0,6,316
11/12/2021,ABQ,NM,ASW,CE,Combined TRACON& Tower with Radar,123,58,38,28,247,0,18,79,28,125,123,76,117,56,372,0,0,0,372
11/13/2021,ABQ,NM,ASW,CE,Combined TRACON& Tower with Radar,101,50,23,4,178,0,29,56,0,85,101,79,79,4,263,28,0,28,291
11/14/2021,ABQ,NM,ASW,CE,Combined TRACON& Tower with Radar,108,42,31,4,185,0,29,41,0,70,108,71,72,4,255,62,0,62,317
11/15/2021,ABQ,NM,ASW,CE,Combined TRACON& Tower with Radar,113,60,40,18,231,0,13,52,60,125,113,73,92,78,356,38,22,60,416
11/16/2021,ABQ,NM,ASW,CE,Combined TRACON& Tower with Radar,110,66,29,19,224,0,22,79,53,154,110,88,108,72,378,26,32,58,436
11/17/2021,ABQ,NM,ASW,CE,Combined TRACON& Tower with Radar,111,51,38,24,224,0,5,88,46,139,111,56,126,70,363,34,32,66,429
11/18/2021,ABQ,NM,ASW,CE,Combined TRACON& Tower with Radar,125,71,37,18,251,0,14,64,41,119,125,85,101,59,370,0,0,0,370
11/19/2021,ABQ,NM,ASW,CE,Combined TRACON& Tower with Radar,122,77,39,11,249,0,13,94,21,128,122,90,133,32,377,0,0,0,377
11/20/2021,ABQ,NM,ASW,CE,Combined TRACON& Tower with Radar,108,55,32,1,196,0,17,69,2,88,108,72,101,3,284,54,0,54,338
11/21/2021,ABQ,NM,ASW,CE,Combined TRACON& Tower with Radar,100,55,40,0,195,0,17,44,4,65,100,72,84,4,260,28,0,28,288
11/22/2021,ABQ,NM,ASW,CE,Combined TRACON& Tower with Radar,113,64,28,10,215,0,14,60,43,117,113,78,88,53,332,32,24,56,388
11/23/2021,ABQ,NM,ASW,CE,Combined TRACON& Tower with Radar,120,77,41,10,248,0,27,73,43,143,120,104,114,53,391,33,20,53,444
11/24/2021,ABQ,NM,ASW,CE,Combined TRACON& Tower with Radar,131,76,32,3,242,0,11,37,20,68,131,87,69,23,310,12,4,16,326
11/25/2021,ABQ,NM,ASW,CE,Combined TRACON& Tower with Radar,80,35,20,0,135,0,10,20,1,31,80,45,40,1,166,0,0,0,166
11/26/2021,ABQ,NM,ASW,CE,Combined TRACON& Tower with Radar,91,58,26,2,177,0,17,49,0,66,91,75,75,2,243,16,0,16,259
11/27/2021,ABQ,NM,ASW,CE,Combined TRACON& Tower with Radar,121,59,29,0,209,0,36,53,4,93,121,95,82,4,302,28,0,28,330
11/28/2021,ABQ,NM,ASW,CE,Combined TRACON& Tower with Radar,121,63,36,0,220,0,22,58,0,80,121,85,94,0,300,38,0,38,338
11/29/2021,ABQ,NM,ASW,CE,Combined TRACON& Tower with Radar,117,59,48,13,237,0,11,56,22,89,117,70,104,35,326,32,16,48,374
11/30/2021,ABQ,NM,ASW,CE,Combined TRACON& Tower with Radar,121,62,44,13,240,0,10,88,59,157,121,72,132,72,397,46,30,76,473
12/01/2021,ABQ,NM,ASW,CE,Combined TRACON& Tower with Radar,114,58,38,15,225,0,19,88,32,139,114,77,126,47,364,52,24,76,440
12/02/2021,ABQ,NM,ASW,CE,Combined TRACON& Tower with Radar,121,58,37,12,228,0,13,76,54,143,121,71,113,66,371,64,38,102,473
12/03/2021,ABQ,NM,ASW,CE,Combined TRACON& Tower with Radar,114,61,39,25,239,0,14,77,29,120,114,75,116,54,359,32,18,50,409
12/04/2021,ABQ,NM,ASW,CE,Combined TRACON& Tower with Radar,95,51,42,4,192,0,16,71,18,105,95,67,113,22,297,84,0,84,381
12/05/2021,ABQ,NM,ASW,CE,Combined TRACON& Tower with Radar,109,42,45,6,202,0,19,44,2,65,109,61,89,8,267,42,4,46,313
12/06/2021,ABQ,NM,ASW,CE,Combined TRACON& Tower with Radar,110,64,47,11,232,0,17,54,47,118,110,81,101,58,350,46,32,78,428
12/07/2021,ABQ,NM,ASW,CE,Combined TRACON& Tower with Radar,107,62,44,9,222,4,9,58,43,114,111,71,102,52,336,24,28,52,388
12/08/2021,ABQ,NM,ASW,CE,Combined TRACON& Tower with Radar,116,73,42,9,240,0,18,84,50,152,116,91,126,59,392,48,32,80,472
12/09/2021,ABQ,NM,ASW,CE,Combined TRACON& Tower with Radar,117,74,48,14,253,0,8,65,38,111,117,82,113,52,364,34,16,50,414
12/10/2021,ABQ,NM,ASW,CE,Combined TRACON& Tower with Radar,112,69,52,7,240,0,6,27,11,44,112,75,79,18,284,0,0,0,284
12/11/2021,ABQ,NM,ASW,CE,Combined TRACON& Tower with Radar,99,49,46,1,195,0,7,68,3,78,99,56,114,4,273,0,0,0,273
12/12/2021,ABQ,NM,ASW,CE,Combined TRACON& Tower with Radar,103,54,41,1,199,0,19,44,3,66,103,73,85,4,265,50,0,50,315
12/13/2021,ABQ,NM,ASW,CE,Combined TRACON& Tower with Radar,109,72,36,8,225,0,12,59,37,108,109,84,95,45,333,54,30,84,417
12/14/2021,ABQ,NM,ASW,CE,Combined TRACON& Tower with Radar,114,69,20,6,209,0,10,59,47,116,114,79,79,53,325,4,18,22,347
12/15/2021,ABQ,NM,ASW,CE,Combined TRACON& Tower with Radar,116,69,47,5,237,0,4,29,35,68,116,73,76,40,305,0,0,0,305
12/16/2021,ABQ,NM,ASW,CE,Combined TRACON& Tower with Radar,129,63,46,9,247,0,26,95,50,171,129,89,141,59,418,14,48,62,480
12/17/2021,ABQ,NM,ASW,CE,Combined TRACON& Tower with Radar,128,73,44,9,254,11,27,70,17,125,139,100,114,26,379,22,4,26,405
12/18/2021,ABQ,NM,ASW,CE,Combined TRACON& Tower with Radar,123,70,38,6,237,0,16,67,7,90,123,86,105,13,327,40,0,40,367
12/19/2021,ABQ,NM,ASW,CE,Combined TRACON& Tower with Radar,114,34,40,3,191,0,17,64,2,83,114,51,104,5,274,30,0,30,304
12/20/2021,ABQ,NM,ASW,CE,Combined TRACON& Tower with Radar,117,53,28,13,211,0,24,65,24,113,117,77,93,37,324,20,22,42,366
12/21/2021,ABQ,NM,ASW,CE,Combined TRACON& Tower with Radar,122,73,32,10,237,0,17,73,45,135,122,90,105,55,372,32,38,70,442
12/22/2021,ABQ,NM,ASW,CE,Combined TRACON& Tower with Radar,126,54,34,7,221,0,11,83,38,132,126,65,117,45,353,18,2,20,373
12/23/2021,ABQ,NM,ASW,CE,Combined TRACON& Tower with Radar,130,61,28,11,230,0,4,69,5,78,130,65,97,16,308,36,0,36,344
12/24/2021,ABQ,NM,ASW,CE,Combined TRACON& Tower with Radar,109,59,11,0,179,0,2,22,0,24,109,61,33,0,203,0,0,0,203
12/25/2021,ABQ,NM,ASW,CE,Combined TRACON& Tower with Radar,87,35,10,0,132,0,4,5,0,9,87,39,15,0,141,20,0,20,161
12/26/2021,ABQ,NM,ASW,CE,Combined TRACON& Tower with Radar,116,45,21,0,182,0,11,7,1,19,116,56,28,1,201,2,0,2,203
12/27/2021,ABQ,NM,ASW,CE,Combined TRACON& Tower with Radar,111,64,35,2,212,0,22,50,0,72,111,86,85,2,284,77,0,77,361
12/28/2021,ABQ,NM,ASW,CE,Combined TRACON& Tower with Radar,125,65,23,8,221,0,7,35,22,64,125,72,58,30,285,6,32,38,323
12/29/2021,ABQ,NM,ASW,CE,Combined TRACON& Tower with Radar,120,64,30,1,215,0,5,54,13,72,120,69,84,14,287,30,0,30,317
12/30/2021,ABQ,NM,ASW,CE,Combined TRACON& Tower with Radar,125,63,34,4,226,0,4,70,19,93,125,67,104,23,319,62,0,62,381
12/31/2021,ABQ,NM,ASW,CE,Combined TRACON& Tower with Radar,103,58,25,0,186,0,4,31,0,35,103,62,56,0,221,0,0,0,221
01/01/2022,ABQ,NM,ASW,CE,Combined TRACON& Tower with Radar,83,39,22,0,144,0,7,6,0,13,83,46,28,0,157,0,0,0,157
01/02/2022,ABQ,NM,ASW,CE,Combined TRACON& Tower with Radar,95,42,31,0,168,0,21,41,1,63,95,63,72,1,231,62,0,62,293
01/03/2022,ABQ,NM,ASW,CE,Combined TRACON& Tower with Radar,112,59,33,1,205,0,19,50,2,71,112,78,83,3,276,72,0,72,348
01/04/2022,ABQ,NM,ASW,CE,Combined TRACON& Tower with Radar,100,60,18,9,187,0,26,59,1,86,100,86,77,10,273,20,10,30,303
01/05/2022,ABQ,NM,ASW,CE,Combined TRACON& Tower with Radar,95,56,25,5,181,0,11,70,39,120,95,67,95,44,301,16,38,54,355
01/06/2022,ABQ,NM,ASW,CE,Combined TRACON& Tower with Radar,99,67,28,7,201,0,14,79,45,138,99,81,107,52,339,34,26,60,399
01/07/2022,ABQ,NM,ASW,CE,Combined TRACON& Tower with Radar,100,58,42,52,252,0,27,76,15,118,100,85,118,67,370,27,27,54,424
01/08/2022,ABQ,NM,ASW,CE,Combined TRACON& Tower with Radar,85,61,25,19,190,0,9,50,20,79,85,70,75,39,269,52,14,66,335
01/09/2022,ABQ,NM,ASW,CE,Combined TRACON& Tower with Radar,95,51,36,14,196,0,15,52,3,70,95,66,88,17,266,68,8,76,342
01/10/2022,ABQ,NM,ASW,CE,Combined TRACON& Tower with Radar,90,58,30,24,202,0,10,58,37,105,90,68,88,61,307,20,22,42,349
01/11/2022,ABQ,NM,ASW,CE,Combined TRACON& Tower with Radar,95,54,24,22,195,0,16,66,34,116,95,70,90,56,311,102,32,134,445
01/12/2022,ABQ,NM,ASW,CE,Combined TRACON& Tower with Radar,106,46,34,13,199,8,8,61,42,119,114,54,95,55,318,44,34,78,396
01/13/2022,ABQ,NM,ASW,CE,Combined TRACON& Tower with Radar,105,50,33,7,195,0,17,77,57,151,105,67,110,64,346,26,40,66,412
01/14/2022,ABQ,NM,ASW,CE,Combined TRACON& Tower with Radar,109,59,57,18,243,0,26,47,16,89,109,85,104,34,332,24,8,32,364
01/15/2022,ABQ,NM,ASW,CE,Combined TRACON& Tower with Radar,85,46,19,7,157,0,17,74,0,91,85,63,93,7,248,58,0,58,306
01/16/2022,ABQ,NM,ASW,CE,Combined TRACON& Tower with Radar,88,32,22,1,143,0,7,49,2,58,88,39,71,3,201,0,0,0,201
01/17/2022,ABQ,NM,ASW,CE,Combined TRACON& Tower with Radar,99,54,20,5,178,0,29,63,2,94,99,83,83,7,272,28,2,30,302
01/18/2022,ABQ,NM,ASW,CE,Combined TRACON& Tower with Radar,105,66,30,9,210,0,26,62,55,143,105,92,92,64,353,44,28,72,425
01/19/2022,ABQ,NM,ASW,CE,Combined TRACON& Tower with Radar,110,71,36,9,226,0,3,61,50,114,110,74,97,59,340,24,40,64,404
01/20/2022,ABQ,NM,ASW,CE,Combined TRACON& Tower with Radar,115,60,65,7,247,0,5,65,45,115,115,65,130,52,362,46,24,70,432
01/21/2022,ABQ,NM,ASW,CE,Combined TRACON& Tower with Radar,104,65,40,13,222,10,10,66,26,112,114,75,106,39,334,18,40,58,392
01/22/2022,ABQ,NM,ASW,CE,Combined TRACON& Tower with Radar,96,57,21,2,176,0,16,20,0,36,96,73,41,2,212,2,0,2,214
01/23/2022,ABQ,NM,ASW,CE,Combined TRACON& Tower with Radar,94,51,35,55,235,0,14,61,7,82,94,65,96,62,317,76,48,124,441
01/24/2022,ABQ,NM,ASW,CE,Combined TRACON& Tower with Radar,101,55,35,8,199,0,15,54,35,104,101,70,89,43,303,32,16,48,351
01/25/2022,ABQ,NM,ASW,CE,Combined TRACON& Tower with Radar,109,64,30,11,214,0,10,84,33,127,109,74,114,44,341,0,0,0,341
01/26/2022,ABQ,NM,ASW,CE,Combined TRACON& Tower with Radar,111,73,40,16,240,0,8,38,36,82,111,81,78,52,322,0,0,0,322
01/27/2022,ABQ,NM,ASW,CE,Combined TRACON& Tower with Radar,114,74,44,12,244,0,8,79,31,118,114,82,123,43,362,20,16,36,398
01/28/2022,ABQ,NM,ASW,CE,Combined TRACON& Tower with Radar,108,74,29,45,256,0,12,58,26,96,108,86,87,71,352,0,0,0,352
01/29/2022,ABQ,NM,ASW,CE,Combined TRACON& Tower with Radar,84,54,27,0,165,0,12,70,2,84,84,66,97,2,249,0,0,0,249
01/30/2022,ABQ,NM,ASW,CE,Combined TRACON& Tower with Radar,98,40,31,5,174,0,12,44,2,58,98,52,75,7,232,76,2,78,310
01/31/2022,ABQ,NM,ASW,CE,Combined TRACON& Tower with Radar,100,61,21,23,205,0,8,52,39,99,100,69,73,62,304,12,18,30,334
02/01/2022,ABQ,NM,ASW,CE,Combined TRACON& Tower with Radar,103,69,45,25,242,1,18,52,62,133,104,87,97,87,375,30,36,66,441
02/02/2022,ABQ,NM,ASW,CE,Combined TRACON& Tower with Radar,94,49,23,3,169,0,2,6,0,8,94,51,29,3,177,0,0,0,177
02/03/2022,ABQ,NM,ASW,CE,Combined TRACON& Tower with Radar,82,48,27,7,164,0,6,51,19,76,82,54,78,26,240,24,18,42,282
02/04/2022,ABQ,NM,ASW,CE,Combined TRACON& Tower with Radar,90,67,39,12,208,0,11,65,16,92,90,78,104,28,300,0,0,0,300
02/05/2022,ABQ,NM,ASW,CE,Combined TRACON& Tower with Radar,83,55,34,11,183,0,18,60,7,85,83,73,94,18,268,34,6,40,308
02/06/2022,ABQ,NM,ASW,CE,Combined TRACON& Tower with Radar,90,33,25,2,150,0,3,28,1,32,90,36,53,3,182,30,2,32,214
02/07/2022,ABQ,NM,ASW,CE,Combined TRACON& Tower with Radar,157,81,37,30,305,0,23,64,67,154,157,104,101,97,459,52,8,60,519
02/08/2022,ABQ,NM,ASW,CE,Combined TRACON& Tower with Radar,108,53,37,11,209,0,19,61,50,130,108,72,98,61,339,42,26,68,407
02/09/2022,ABQ,NM,ASW,CE,Combined TRACON& Tower with Radar,108,55,59,16,238,0,18,74,36,128,108,73,133,52,366,40,8,48,414
02/10/2022,ABQ,NM,ASW,CE,Combined TRACON& Tower with Radar,120,65,44,6,235,0,16,67,39,122,120,81,111,45,357,22,24,46,403
02/11/2022,ABQ,NM,ASW,CE,Combined TRACON& Tower with Radar,116,73,40,20,249,0,13,83,23,119,116,86,123,43,368,34,20,54,422
02/12/2022,ABQ,NM,ASW,CE,Combined TRACON& Tower with Radar,90,48,21,14,173,0,26,32,6,64,90,74,53,20,237,48,0,48,285
02/13/2022,ABQ,NM,ASW,CE,Combined TRACON& Tower with Radar,95,44,28,19,186,0,7,42,4,53,95,51,70,23,239,18,0,18,257
02/14/2022,ABQ,NM,ASW,CE,Combined TRACON& Tower with Radar,104,55,31,24,214,0,19,51,45,115,104,74,82,69,329,22,24,46,375
02/15/2022,ABQ,NM,ASW,CE,Combined TRACON& Tower with Radar,112,76,40,16,244,0,25,55,45,125,112,101,95,61,369,18,44,62,431
02/16/2022,ABQ,NM,ASW,CE,Combined TRACON& Tower with Radar,107,85,27,8,227,0,11,42,30,83,107,96,69,38,310,0,0,0,310
02/17/2022,ABQ,NM,ASW,CE,Combined TRACON& Tower with Radar,115,79,38,5,237,0,2,14,38,54,115,81,52,43,291,8,12,20,311
02/18/2022,ABQ,NM,ASW,CE,Combined TRACON& Tower with Radar,130,63,30,25,248,0,6,70,20,96,130,69,100,45,344,0,0,0,344
02/19/2022,ABQ,NM,ASW,CE,Combined TRACON& Tower with Radar,87,55,24,3,169,0,10,86,0,96,87,65,110,3,265,0,0,0,265
02/20/2022,ABQ,NM,ASW,CE,Combined TRACON& Tower with Radar,100,49,38,3,190,0,17,51,2,70,100,66,89,5,260,46,0,46,306
02/21/2022,ABQ,NM,ASW,CE,Combined TRACON& Tower with Radar,112,61,38,2,213,0,3,47,0,50,112,64,85,2,263,0,0,0,263
02/22/2022,ABQ,NM,ASW,CE,Combined TRACON& Tower with Radar,113,79,28,10,230,0,12,36,33,81,113,91,64,43,311,26,10,36,347
02/23/2022,ABQ,NM,ASW,CE,Combined TRACON& Tower with Radar,110,58,36,10,214,0,3,31,5,39,110,61,67,15,253,0,0,0,253
02/24/2022,ABQ,NM,ASW,CE,Combined TRACON& Tower with Radar,103,81,43,10,237,0,11,38,33,82,103,92,81,43,319,0,0,0,319
02/25/2022,ABQ,NM,ASW,CE,Combined TRACON& Tower with Radar,125,64,58,16,263,0,17,91,37,145,125,81,149,53,408,0,0,0,408
02/26/2022,ABQ,NM,ASW,CE,Combined TRACON& Tower with Radar,93,59,31,11,194,0,16,68,0,84,93,75,99,11,278,64,4,68,346
02/27/2022,ABQ,NM,ASW,CE,Combined TRACON& Tower with Radar,108,48,39,6,201,0,7,59,4,70,108,55,98,10,271,0,0,0,271
02/28/2022,ABQ,NM,ASW,CE,Combined TRACON& Tower with Radar,106,61,30,15,212,0,25,60,52,137,106,86,90,67,349,70,10,80,429
03/01/2022,ABQ,NM,ASW,CE,Combined TRACON& Tower with Radar,118,67,28,32,245,0,9,86,47,142,118,76,114,79,387,4,26,30,417
03/02/2022,ABQ,NM,ASW,CE,Combined TRACON& Tower with Radar,119,58,36,24,237,0,26,91,59,176,119,84,127,83,413,68,6,74,487
03/03/2022,ABQ,NM,ASW,CE,Combined TRACON& Tower with Radar,126,79,45,13,263,0,12,93,57,162,126,91,138,70,425,68,14,82,507
03/04/2022,ABQ,NM,ASW,CE,Combined TRACON& Tower with Radar,120,69,30,14,233,0,10,24,28,62,120,79,54,42,295,0,0,0,295
03/05/2022,ABQ,NM,ASW,CE,Combined TRACON& Tower with Radar,92,59,24,7,182,4,3,52,20,79,96,62,76,27,261,90,24,114,375
03/06/2022,ABQ,NM,ASW,CE,Combined TRACON& Tower with Radar,104,51,18,7,180,0,9,10,3,22,104,60,28,10,202,12,4,16,218
03/07/2022,ABQ,NM,ASW,CE,Combined TRACON& Tower with Radar,112,69,40,34,255,0,17,53,42,112,112,86,93,76,367,20,16,36,403
03/08/2022,ABQ,NM,ASW,CE,Combined TRACON& Tower with Radar,115,69,33,20,237,0,10,84,52,146,115,79,117,72,383,24,20,44,427
03/09/2022,ABQ,NM,ASW,CE,Combined TRACON& Tower with Radar,115,64,42,15,236,0,9,57,42,108,115,73,99,57,344,16,2,18,362
03/10/2022,ABQ,NM,ASW,CE,Combined TRACON& Tower with Radar,122,70,54,17,263,5,5,47,47,104,127,75,101,64,367,16,0,16,383
03/11/2022,ABQ,NM,ASW,CE,Combined TRACON& Tower with Radar,123,67,43,15,248,14,11,48,22,95,137,78,91,37,343,36,2,38,381
03/12/2022,ABQ,NM,ASW,CE,Combined TRACON& Tower with Radar,96,50,28,5,179,0,16,121,1,138,96,66,149,6,317,60,0,60,377
03/13/2022,ABQ,NM,ASW,CE,Combined TRACON& Tower with Radar,106,45,45,1,197,0,33,61,3,97,106,78,106,4,294,24,4,28,322
03/14/2022,ABQ,NM,ASW,CE,Combined TRACON& Tower with Radar,112,49,37,14,212,0,22,56,53,131,112,71,93,67,343,46,20,66,409
03/15/2022,ABQ,NM,ASW,CE,Combined TRACON& Tower with Radar,133,59,36,10,238,0,23,86,37,146,133,82,122,47,384,12,6,18,402
03/16/2022,ABQ,NM,ASW,CE,Combined TRACON& Tower with Radar,119,63,46,4,232,0,16,102,36,154,119,79,148,40,386,0,0,0,386
03/17/2022,ABQ,NM,ASW,CE,Combined TRACON& Tower with Radar,121,69,42,10,242,0,10,22,51,83,121,79,64,61,325,14,32,46,371
03/18/2022,ABQ,NM,ASW,CE,Combined TRACON& Tower with Radar,115,75,38,21,249,0,11,98,21,130,115,86,136,42,379,0,0,0,379
03/19/2022,ABQ,NM,ASW,CE,Combined TRACON& Tower with Radar,99,46,31,2,178,0,8,86,3,97,99,54,117,5,275,28,0,28,303
03/20/2022,ABQ,NM,ASW,CE,Combined TRACON& Tower with Radar,115,42,29,8,194,0,9,47,3,59,115,51,76,11,253,58,0,58,311
03/21/2022,ABQ,NM,ASW,CE,Combined TRACON& Tower with Radar,110,63,27,28,228,0,0,20,40,60,110,63,47,68,288,0,0,0,288
03/22/2022,ABQ,NM,ASW,CE,Combined TRACON& Tower with Radar,127,62,43,13,245,0,8,16,35,59,127,70,59,48,304,0,6,6,310
03/23/2022,ABQ,NM,ASW,CE,Combined TRACON& Tower with Radar,127,73,43,15,258,0,7,26,21,54,127,80,69,36,312,0,0,0,312
03/24/2022,ABQ,NM,ASW,CE,Combined TRACON& Tower with Radar,126,55,50,12,243,0,5,102,39,146,126,60,152,51,389,58,42,100,489
03/25/2022,ABQ,NM,ASW,CE,Combined TRACON& Tower with Radar,123,50,34,23,230,0,25,100,14,139,123,75,134,37,369,52,12,64,433
03/26/2022,ABQ,NM,ASW,CE,Combined TRACON& Tower with Radar,98,45,34,4,181,0,33,85,0,118,98,78,119,4,299,100,0,100,399
03/27/2022,ABQ,NM,ASW,CE,Combined TRACON& Tower with Radar,114,42,30,16,202,0,24,65,0,89,114,66,95,16,291,72,4,76,367
03/28/2022,ABQ,NM,ASW,CE,Combined TRACON& Tower with Radar,117,60,36,22,235,0,11,78,70,159,117,71,114,92,394,38,18,56,450
03/29/2022,ABQ,NM,ASW,CE,Combined TRACON& Tower with Radar,127,72,37,11,247,1,1,42,49,93,128,73,79,60,340,22,14,36,376
03/30/2022,ABQ,NM,ASW,CE,Combined TRACON& Tower with Radar,125,79,39,14,257,0,16,32,54,102,125,95,71,68,359,22,16,38,397
03/31/2022,ABQ,NM,ASW,CE,Combined TRACON& Tower with Radar,122,58,47,15,242,0,24,91,51,166,122,82,138,66,408,28,4,32,440
04/01/2022,ABQ,NM,ASW,CE,Combined TRACON& Tower with Radar,121,68,24,9,222,0,16,53,11,80,121,84,77,20,302,32,0,32,334
04/02/2022,ABQ,NM,ASW,CE,Combined TRACON& Tower with Radar,99,44,35,1,179,0,16,91,15,122,99,60,126,16,301,6,18,24,325
04/03/2022,ABQ,NM,ASW,CE,Combined TRACON& Tower with Radar,112,40,26,6,184,0,24,50,7,81,112,64,76,13,265,10,2,12,277
04/04/2022,ABQ,NM,ASW,CE,Combined TRACON& Tower with Radar,118,69,34,9,230,0,21,70,48,139,118,90,104,57,369,64,30,94,463
04/05/2022,ABQ,NM,ASW,CE,Combined TRACON& Tower with Radar,117,54,27,8,206,0,3,38,37,78,117,57,65,45,284,14,12,26,310
04/06/2022,ABQ,NM,ASW,CE,Combined TRACON& Tower with Radar,123,53,17,13,206,0,6,35,40,81,123,59,52,53,287,6,24,30,317
04/07/2022,ABQ,NM,ASW,CE,Combined TRACON& Tower with Radar,129,68,33,5,235,0,15,75,54,144,129,83,108,59,379,66,16,82,461
04/08/2022,ABQ,NM,ASW,CE,Combined TRACON& Tower with Radar,123,59,26,36,244,0,14,94,34,142,123,73,120,70,386,62,56,118,504
04/09/2022,ABQ,NM,ASW,CE,Combined TRACON& Tower with Radar,100,43,21,4,168,0,21,63,4,88,100,64,84,8,256,54,2,56,312
04/10/2022,ABQ,NM,ASW,CE,Combined TRACON& Tower with Radar,112,57,26,13,208,0,14,21,11,46,112,71,47,24,254,14,8,22,276
04/11/2022,ABQ,NM,ASW,CE,Combined TRACON& Tower with Radar,117,62,33,15,227,0,6,57,38,101,117,68,90,53,328,26,14,40,368
04/12/2022,ABQ,NM,ASW,CE,Combined TRACON& Tower with Radar,123,73,14,6,216,0,5,35,5,45,123,78,49,11,261,4,3,7,268
04/13/2022,ABQ,NM,ASW,CE,Combined TRACON& Tower with Radar,120,66,38,18,242,0,12,53,58,123,120,78,91,76,365,16,22,38,403
04/14/2022,ABQ,NM,ASW,CE,Combined TRACON& Tower with Radar,130,62,43,31,266,0,16,97,38,151,130,78,140,69,417,32,34,66,483
04/15/2022,ABQ,NM,ASW,CE,Combined TRACON& Tower with Radar,118,65,40,21,244,0,13,77,24,114,118,78,117,45,358,28,0,28,386
04/16/2022,ABQ,NM,ASW,CE,Combined TRACON& Tower with Radar,102,44,33,0,179,0,11,58,4,73,102,55,91,4,252,0,0,0,252
04/17/2022,ABQ,NM,ASW,CE,Combined TRACON& Tower with Radar,111,45,12,8,176,0,19,37,11,67,111,64,49,19,243,56,0,56,299
04/18/2022,ABQ,NM,ASW,CE,Combined TRACON& Tower with Radar,117,54,34,9,214,0,31,92,57,180,117,85,126,66,394,32,4,36,430
04/19/2022,ABQ,NM,ASW,CE,Combined TRACON& Tower with Radar,122,60,36,13,231,0,12,74,72,158,122,72,110,85,389,50,2,52,441
04/20/2022,ABQ,NM,ASW,CE,Combined TRACON& Tower with Radar,127,48,37,5,217,0,5,79,48,132,127,53,116,53,349,2,26,28,377
04/21/2022,ABQ,NM,ASW,CE,Combined TRACON& Tower with Radar,126,61,37,13,237,0,16,153,50,219,126,77,190,63,456,74,0,74,530
04/22/2022,ABQ,NM,ASW,CE,Combined TRACON& Tower with Radar,121,51,24,5,201,0,6,28,8,42,121,57,52,13,243,0,0,0,243
04/23/2022,ABQ,NM,ASW,CE,Combined TRACON& Tower with Radar,103,52,29,8,192,0,23,127,6,156,103,75,156,14,348,42,0,42,390
04/24/2022,ABQ,NM,ASW,CE,Combined TRACON& Tower with Radar,113,48,24,4,189,0,11,104,9,124,113,59,128,13,313,0,0,0,313
04/25/2022,ABQ,NM,ASW,CE,Combined TRACON& Tower with Radar,111,58,27,25,221,0,20,98,54,172,111,78,125,79,393,20,22,42,435
04/26/2022,ABQ,NM,ASW,CE,Combined TRACON& Tower with Radar,123,68,47,10,248,1,25,110,75,211,124,93,157,85,459,30,38,68,527
04/27/2022,ABQ,NM,ASW,CE,Combined TRACON& Tower with Radar,136,65,32,12,245,0,13,85,65,163,136,78,117,77,408,6,18,24,432
04/28/2022,ABQ,NM,ASW,CE,Combined TRACON& Tower with Radar,127,63,40,12,242,0,15,112,42,169,127,78,152,54,411,12,24,36,447
04/29/2022,ABQ,NM,ASW,CE,Combined TRACON& Tower with Radar,121,72,25,15,233,1,13,55,29,98,122,85,80,44,331,28,12,40,371
04/30/2022,ABQ,NM,ASW,CE,Combined TRACON& Tower with Radar,99,50,39,3,191,2,26,133,4,165,101,76,172,7,356,64,0,64,420
05/01/2022,ABQ,NM,ASW,CE,Combined TRACON& Tower with Radar,116,37,51,4,208,4,10,87,4,105,120,47,138,8,313,28,0,28,341
05/02/2022,ABQ,NM,ASW,CE,Combined TRACON& Tower with Radar,108,63,25,7,203,1,18,85,62,166,109,81,110,69,369,66,10,76,445
05/03/2022,ABQ,NM,ASW,CE,Combined TRACON& Tower with Radar,129,67,37,15,248,0,17,146,35,198,129,84,183,50,446,38,4,42,488
05/04/2022,ABQ,NM,ASW,CE,Combined TRACON& Tower with Radar,121,71,19,5,216,0,9,89,50,148,121,80,108,55,364,0,0,0,364
05/05/2022,ABQ,NM,ASW,CE,Combined TRACON& Tower with Radar,132,54,39,8,233,12,6,174,57,249,144,60,213,65,482,52,8,60,542
05/06/2022,ABQ,NM,ASW,CE,Combined TRACON& Tower with Radar,132,55,40,24,251,1,29,162,25,217,133,84,202,49,468,60,26,86,554
05/07/2022,ABQ,NM,ASW,CE,Combined TRACON& Tower with Radar,113,45,25,7,190,0,22,63,10,95,113,67,88,17,285,34,0,34,319
05/08/2022,ABQ,NM,ASW,CE,Combined TRACON& Tower with Radar,116,34,21,7,178,0,3,29,2,34,116,37,50,9,212,34,0,34,246
05/09/2022,ABQ,NM,ASW,CE,Combined TRACON& Tower with Radar,120,63,20,6,209,0,20,49,44,113,120,83,69,50,322,18,28,46,368
05/10/2022,ABQ,NM,ASW,CE,Combined TRACON& Tower with Radar,135,57,26,8,226,0,27,139,60,226,135,84,165,68,452,66,20,86,538
05/11/2022,ABQ,NM,ASW,CE,Combined TRACON& Tower with Radar,134,68,26,8,236,0,29,66,54,149,134,97,92,62,385,2,18,20,405
05/12/2022,ABQ,NM,ASW,CE,Combined TRACON& Tower with Radar,139,54,34,20,247,0,14,96,59,169,139,68,130,79,416,0,26,26,442
05/13/2022,ABQ,NM,ASW,CE,Combined TRACON& Tower with Radar,132,51,28,19,230,1,10,147,42,200,133,61,175,61,430,42,4,46,476
05/14/2022,ABQ,NM,ASW,CE,Combined TRACON& Tower with Radar,114,47,29,4,194,0,22,106,37,165,114,69,135,41,359,52,14,66,425
05/15/2022,ABQ,NM,ASW,CE,Combined TRACON& Tower with Radar,118,45,36,12,211,0,11,89,20,120,118,56,125,32,331,38,8,46,377
05/16/2022,ABQ,NM,ASW,CE,Combined TRACON& Tower with Radar,122,56,28,10,216,0,23,76,56,155,122,79,104,66,371,6,6,12,383
05/17/2022,ABQ,NM,ASW,CE,Combined TRACON& Tower with Radar,140,65,45,11,261,0,21,111,65,197,140,86,156,76,458,18,44,62,520
05/18/2022,ABQ,NM,ASW,CE,Combined TRACON& Tower with Radar,133,53,51,14,251,0,13,162,60,235,133,66,213,74,486,0,32,32,518
05/19/2022,ABQ,NM,ASW,CE,Combined TRACON& Tower with Radar,137,60,47,18,262,0,26,114,49,189,137,86,161,67,451,0,0,0,451
05/20/2022,ABQ,NM,ASW,CE,Combined TRACON& Tower with Radar,128,56,29,5,218,0,16,78,18,112,128,72,107,23,330,0,0,0,330
05/21/2022,ABQ,NM,ASW,CE,Combined TRACON& Tower with Radar,112,49,26,20,207,0,15,76,10,101,112,64,102,30,308,0,0,0,308
05/22/2022,ABQ,NM,ASW,CE,Combined TRACON& Tower with Radar,117,54,37,11,219,0,22,19,5,46,117,76,56,16,265,0,0,0,265
05/23/2022,ABQ,NM,ASW,CE,Combined TRACON& Tower with Radar,119,55,29,4,207,0,10,75,44,129,119,65,104,48,336,45,6,51,387
05/24/2022,ABQ,NM,ASW,CE,Combined TRACON& Tower with Radar,134,53,48,11,246,0,21,86,41,148,134,74,134,52,394,38,4,42,436
05/25/2022,ABQ,NM,ASW,CE,Combined TRACON& Tower with Radar,136,56,61,12,265,0,29,99,37,165,136,85,160,49,430,44,12,56,486
05/26/2022,ABQ,NM,ASW,CE,Combined TRACON& Tower with Radar,140,62,59,4,265,0,11,129,31,171,140,73,188,35,436,44,8,52,488
05/27/2022,ABQ,NM,ASW,CE,Combined TRACON& Tower with Radar,129,58,57,3,247,0,17,119,6,142,129,75,176,9,389,10,0,10,399
05/28/2022,ABQ,NM,ASW,CE,Combined TRACON& Tower with Radar,110,45,28,4,187,0,11,52,1,64,110,56,80,5,251,76,0,76,327
05/29/2022,ABQ,NM,ASW,CE,Combined TRACON& Tower with Radar,125,38,29,2,194,0,14,35,2,51,125,52,64,4,245,22,0,22,267
05/30/2022,ABQ,NM,ASW,CE,Combined TRACON& Tower with Radar,119,50,34,2,205,0,5,45,0,50,119,55,79,2,255,4,0,4,259
05/31/2022,ABQ,NM,ASW,CE,Combined TRACON& Tower with Radar,126,40,28,9,203,0,19,85,35,139,126,59,113,44,342,60,22,82,424
06/01/2022,ABQ,NM,ASW,CE,Combined TRACON& Tower with Radar,127,40,28,26,221,0,20,63,37,120,127,60,91,63,341,20,10,30,371
06/02/2022,ABQ,NM,ASW,CE,Combined TRACON& Tower with Radar,132,51,46,10,239,0,5,90,45,140,132,56,136,55,379,10,24,34,413
06/03/2022,ABQ,NM,ASW,CE,Combined TRACON& Tower with Radar,125,56,29,11,221,0,10,90,44,144,125,66,119,55,365,12,10,22,387
06/04/2022,ABQ,NM,ASW,CE,Combined TRACON& Tower with Radar,106,54,33,8,201,2,15,77,10,104,108,69,110,18,305,16,0,16,321
06/05/2022,ABQ,NM,ASW,CE,Combined TRACON& Tower with Radar,123,47,46,2,218,0,12,56,4,72,123,59,102,6,290,12,0,12,302
06/06/2022,ABQ,NM,ASW,CE,Combined TRACON& Tower with Radar,116,61,35,12,224,0,11,60,39,110,116,72,95,51,334,24,18,42,376
06/07/2022,ABQ,NM,ASW,CE,Combined TRACON& Tower with Radar,128,59,47,8,242,0,23,107,50,180,128,82,154,58,422,92,0,92,514
06/08/2022,ABQ,NM,ASW,CE,Combined TRACON& Tower with Radar,124,61,38,12,235,0,9,82,40,131,124,70,120,52,366,14,12,26,392
06/09/2022,ABQ,NM,ASW,CE,Combined TRACON& Tower with Radar,135,58,36,14,243,0,7,120,49,176,135,65,156,63,419,44,20,64,483
06/10/2022,ABQ,NM,ASW,CE,Combined TRACON& Tower with Radar,124,81,42,18,265,0,23,154,29,206,124,104,196,47,471,128,28,156,627
06/11/2022,ABQ,NM,ASW,CE,Combined TRACON& Tower with Radar,115,47,24,11,197,1,8,74,3,86,116,55,98,14,283,12,0,12,295
06/12/2022,ABQ,NM,ASW,CE,Combined TRACON& Tower with Radar,120,44,34,11,209,0,10,63,6,79,120,54,97,17,288,22,4,26,314
06/13/2022,ABQ,NM,ASW,CE,Combined TRACON& Tower with Radar,120,69,39,8,236,0,9,69,30,108,120,78,108,38,344,56,4,60,404
06/14/2022,ABQ,NM,ASW,CE,Combined TRACON& Tower with Radar,126,62,31,10,229,1,20,102,49,172,127,82,133,59,401,28,54,82,483
06/15/2022,ABQ,NM,ASW,CE,Combined TRACON& Tower with Radar,123,64,30,11,228,0,9,111,48,168,123,73,141,59,396,34,20,54,450
06/16/2022,ABQ,NM,ASW,CE,Combined TRACON& Tower with Radar,129,63,39,12,243,0,10,85,52,147,129,73,124,64,390,68,48,116,506
06/17/2022,ABQ,NM,ASW,CE,Combined TRACON& Tower with Radar,132,63,31,2,228,0,10,68,22,100,132,73,99,24,328,66,20,86,414
06/18/2022,ABQ,NM,ASW,CE,Combined TRACON& Tower with Radar,116,47,34,2,199,0,16,58,1,75,116,63,92,3,274,60,6,66,340
06/19/2022,ABQ,NM,ASW,CE,Combined TRACON& Tower with Radar,117,43,39,2,201,0,11,26,3,40,117,54,65,5,241,46,0,46,287
06/20/2022,ABQ,NM,ASW,CE,Combined TRACON& Tower with Radar,116,59,49,11,235,0,11,57,7,75,116,70,106,18,310,86,4,90,400
06/21/2022,ABQ,NM,ASW,CE,Combined TRACON& Tower with Radar,129,66,32,21,248,0,8,45,33,86,129,74,77,54,334,38,38,76,410
06/22/2022,ABQ,NM,ASW,CE,Combined TRACON& Tower with Radar,124,52,32,9,217,0,0,23,42,65,124,52,55,51,282,6,26,32,314
06/23/2022,ABQ,NM,ASW,CE,Combined TRACON& Tower with Radar,147,64,29,7,247,0,12,65,43,120,147,76,94,50,367,94,26,120,487
06/24/2022,ABQ,NM,ASW,CE,Combined TRACON& Tower with Radar,124,58,45,20,247,0,19,57,48,124,124,77,102,68,371,48,24,72,443
06/25/2022,ABQ,NM,ASW,CE,Combined TRACON& Tower with Radar,119,40,25,3,187,0,7,58,2,67,119,47,83,5,254,80,0,80,334
06/26/2022,ABQ,NM,ASW,CE,Combined TRACON& Tower with Radar,118,33,23,3,177,0,5,9,1,15,118,38,32,4,192,88,0,88,280
06/27/2022,ABQ,NM,ASW,CE,Combined TRACON& Tower with Radar,113,57,40,15,225,0,10,19,41,70,113,67,59,56,295,54,2,56,351
06/28/2022,ABQ,NM,ASW,CE,Combined TRACON& Tower with Radar,126,53,23,8,210,0,16,69,58,143,126,69,92,66,353,59,14,73,426
06/29/2022,ABQ,NM,ASW,CE,Combined TRACON& Tower with Radar,122,55,42,10,229,0,9,92,37,138,122,64,134,47,367,81,10,91,458
06/30/2022,ABQ,NM,ASW,CE,Combined TRACON& Tower with Radar,130,51,35,10,226,0,33,69,38,140,130,84,104,48,366,28,16,44,410
07/01/2022,ABQ,NM,ASW,CE,Combined TRACON& Tower with Radar,120,61,36,3,220,0,17,71,3,91,120,78,107,6,311,94,0,94,405
07/02/2022,ABQ,NM,ASW,CE,Combined TRACON& Tower with Radar,120,49,33,2,204,0,11,48,3,62,120,60,81,5,266,82,0,82,348
07/03/2022,ABQ,NM,ASW,CE,Combined TRACON& Tower with Radar,109,40,9,2,160,0,10,38,0,48,109,50,47,2,208,86,0,86,294
07/04/2022,ABQ,NM,ASW,CE,Combined TRACON& Tower with Radar,108,36,19,0,163,0,26,38,0,64,108,62,57,0,227,46,0,46,273
07/05/2022,ABQ,NM,ASW,CE,Combined TRACON& Tower with Radar,113,51,29,10,203,0,24,64,45,133,113,75,93,55,336,28,12,40,376
07/06/2022,ABQ,NM,ASW,CE,Combined TRACON& Tower with Radar,130,50,31,15,226,0,9,61,56,126,130,59,92,71,352,0,0,0,352
07/07/2022,ABQ,NM,ASW,CE,Combined TRACON& Tower with Radar,140,44,29,19,232,15,6,79,49,149,155,50,108,68,381,42,8,50,431
07/08/2022,ABQ,NM,ASW,CE,Combined TRACON& Tower with Radar,123,51,29,4,207,0,24,44,34,102,123,75,73,38,309,24,38,62,371
07/09/2022,ABQ,NM,ASW,CE,Combined TRACON& Tower with Radar,119,46,19,6,190,0,8,70,8,86,119,54,89,14,276,50,10,60,336
07/10/2022,ABQ,NM,ASW,CE,Combined TRACON& Tower with Radar,131,30,26,2,189,0,11,48,1,60,131,41,74,3,249,32,0,32,281
07/11/2022,ABQ,NM,ASW,CE,Combined TRACON& Tower with Radar,119,49,42,6,216,0,13,55,33,101,119,62,97,39,317,38,8,46,363
07/12/2022,ABQ,NM,ASW,CE,Combined TRACON& Tower with Radar,129,59,36,7,231,0,15,64,19,98,129,74,100,26,329,64,6,70,399
07/13/2022,ABQ,NM,ASW,CE,Combined TRACON& Tower with Radar,128,59,28,15,230,0,8,70,38,116,128,67,98,53,346,0,0,0,346
07/14/2022,ABQ,NM,ASW,CE,Combined TRACON& Tower with Radar,129,60,28,14,231,0,33,72,37,142,129,93,100,51,373,38,89,127,500
07/15/2022,ABQ,NM,ASW,CE,Combined TRACON& Tower with Radar,129,52,29,26,236,0,27,73,15,115,129,79,102,41,351,4,20,24,375
07/16/2022,ABQ,NM,ASW,CE,Combined TRACON& Tower with Radar,118,41,21,11,191,0,19,58,7,84,118,60,79,18,275,38,12,50,325
07/17/2022,ABQ,NM,ASW,CE,Combined TRACON& Tower with Radar,119,37,21,9,186,0,18,51,0,69,119,55,72,9,255,44,12,56,311
07/18/2022,ABQ,NM,ASW,CE,Combined TRACON& Tower with Radar,125,55,25,8,213,0,35,54,50,139,125,90,79,58,352,34,6,40,392
07/19/2022,ABQ,NM,ASW,CE,Combined TRACON& Tower with Radar,129,51,34,17,231,0,24,48,52,124,129,75,82,69,355,26,22,48,403
07/20/2022,ABQ,NM,ASW,CE,Combined TRACON& Tower with Radar,128,54,27,8,217,0,21,44,47,112,128,75,71,55,329,68,44,112,441
07/21/2022,ABQ,NM,ASW,CE,Combined TRACON& Tower with Radar,136,45,38,14,233,0,10,77,53,140,136,55,115,67,373,36,26,62,435
07/22/2022,ABQ,NM,ASW,CE,Combined TRACON& Tower with Radar,131,56,27,5,219,0,15,63,51,129,131,71,90,56,348,52,36,88,436
07/23/2022,ABQ,NM,ASW,CE,Combined TRACON& Tower with Radar,115,44,32,5,196,0,19,47,0,66,115,63,79,5,262,30,0,30,292
07/24/2022,ABQ,NM,ASW,CE,Combined TRACON& Tower with Radar,124,42,35,7,208,0,25,40,3,68,124,67,75,10,276,20,0,20,296
07/25/2022,ABQ,NM,ASW,CE,Combined TRACON& Tower with Radar,120,43,24,6,193,0,26,62,58,146,120,69,86,64,339,116,6,122,461
07/26/2022,ABQ,NM,ASW,CE,Combined TRACON& Tower with Radar,128,63,28,14,233,0,12,65,40,117,128,75,93,54,350,80,14,94,444
07/27/2022,ABQ,NM,ASW,CE,Combined TRACON& Tower with Radar,132,62,29,12,235,0,16,81,45,142,132,78,110,57,377,26,6,32,409
07/28/2022,ABQ,NM,ASW,CE,Combined TRACON& Tower with Radar,144,60,30,5,239,0,4,54,66,124,144,64,84,71,363,98,24,122,485
07/29/2022,ABQ,NM,ASW,CE,Combined TRACON& Tower with Radar,125,71,36,36,268,0,16,58,38,112,125,87,94,74,380,12,42,54,434
07/30/2022,ABQ,NM,ASW,CE,Combined TRACON& Tower with Radar,127,56,24,4,211,0,23,47,0,70,127,79,71,4,281,117,0,117,398
07/31/2022,ABQ,NM,ASW,CE,Combined TRACON& Tower with Radar,115,38,18,9,180,0,5,47,8,60,115,43,65,17,240,0,0,0,240
08/01/2022,ABQ,NM,ASW,CE,Combined TRACON& Tower with Radar,121,64,24,10,219,0,24,44,39,107,121,88,68,49,326,60,6,66,392
08/02/2022,ABQ,NM,ASW,CE,Combined TRACON& Tower with Radar,128,52,27,3,210,0,8,60,60,128,128,60,87,63,338,0,0,0,338
08/03/2022,ABQ,NM,ASW,CE,Combined TRACON& Tower with Radar,131,62,31,5,229,0,16,74,64,154,131,78,105,69,383,38,12,50,433
08/04/2022,ABQ,NM,ASW,CE,Combined TRACON& Tower with Radar,133,58,29,3,223,0,13,67,37,117,133,71,96,40,340,54,22,76,416
08/05/2022,ABQ,NM,ASW,CE,Combined TRACON& Tower with Radar,118,57,29,5,209,0,25,60,22,107,118,82,89,27,316,18,16,34,350
08/06/2022,ABQ,NM,ASW,CE,Combined TRACON& Tower with Radar,114,47,22,6,189,0,18,56,0,74,114,65,78,6,263,48,0,48,311
08/07/2022,ABQ,NM,ASW,CE,Combined TRACON& Tower with Radar,119,39,28,7,193,0,11,37,0,48,119,50,65,7,241,48,0,48,289
08/08/2022,ABQ,NM,ASW,CE,Combined TRACON& Tower with Radar,121,65,30,4,220,0,19,34,33,86,121,84,64,37,306,18,2,20,326
08/09/2022,ABQ,NM,ASW,CE,Combined TRACON& Tower with Radar,122,55,28,16,221,0,13,59,66,138,122,68,87,82,359,18,58,76,435
08/10/2022,ABQ,NM,ASW,CE,Combined TRACON& Tower with Radar,121,55,23,6,205,0,5,60,20,85,121,60,83,26,290,22,2,24,314
08/11/2022,ABQ,NM,ASW,CE,Combined TRACON& Tower with Radar,129,63,27,4,223,0,16,64,56,136,129,79,91,60,359,28,44,72,431
08/12/2022,ABQ,NM,ASW,CE,Combined TRACON& Tower with Radar,131,67,40,13,251,0,17,62,38,117,131,84,102,51,368,60,28,88,456
08/13/2022,ABQ,NM,ASW,CE,Combined TRACON& Tower with Radar,112,54,28,3,197,0,10,53,7,70,112,64,81,10,267,0,0,0,267
08/14/2022,ABQ,NM,ASW,CE,Combined TRACON& Tower with Radar,114,37,12,1,164,0,13,54,0,67,114,50,66,1,231,34,0,34,265
08/15/2022,ABQ,NM,ASW,CE,Combined TRACON& Tower with Radar,122,50,37,21,230,0,12,69,33,114,122,62,106,54,344,78,10,88,432
08/16/2022,ABQ,NM,ASW,CE,Combined TRACON& Tower with Radar,121,57,32,11,221,0,29,65,49,143,121,86,97,60,364,66,20,86,450
08/17/2022,ABQ,NM,ASW,CE,Combined TRACON& Tower with Radar,131,56,51,6,244,0,10,99,50,159,131,66,150,56,403,76,40,116,519
08/18/2022,ABQ,NM,ASW,CE,Combined TRACON& Tower with Radar,131,65,32,17,245,0,7,73,30,110,131,72,105,47,355,46,32,78,433
08/19/2022,ABQ,NM,ASW,CE,Combined TRACON& Tower with Radar,127,69,29,19,244,0,8,65,28,101,127,77,94,47,345,70,32,102,447
08/20/2022,ABQ,NM,ASW,CE,Combined TRACON& Tower with Radar,113,51,23,3,190,0,5,13,0,18,113,56,36,3,208,10,0,10,218
08/21/2022,ABQ,NM,ASW,CE,Combined TRACON& Tower with Radar,123,44,28,4,199,0,9,48,0,57,123,53,76,4,256,98,0,98,354
08/22/2022,ABQ,NM,ASW,CE,Combined TRACON& Tower with Radar,116,54,23,15,208,0,12,63,21,96,116,66,86,36,304,120,24,144,448
08/23/2022,ABQ,NM,ASW,CE,Combined TRACON& Tower with Radar,121,51,29,14,215,0,19,79,56,154,121,70,108,70,369,48,22,70,439
08/24/2022,ABQ,NM,ASW,CE,Combined TRACON& Tower with Radar,127,54,17,6,204,0,16,71,27,114,127,70,88,33,318,66,8,74,392
08/25/2022,ABQ,NM,ASW,CE,Combined TRACON& Tower with Radar,134,65,33,5,237,0,9,94,45,148,134,74,127,50,385,38,6,44,429
08/26/2022,ABQ,NM,ASW,CE,Combined TRACON& Tower with Radar,125,61,32,2,220,0,15,75,17,107,125,76,107,19,327,80,18,98,425
08/27/2022,ABQ,NM,ASW,CE,Combined TRACON& Tower with Radar,115,38,18,2,173,0,16,70,1,87,115,54,88,3,260,56,0,56,316
08/28/2022,ABQ,NM,ASW,CE,Combined TRACON& Tower with Radar,121,47,22,0,190,0,21,48,1,70,121,68,70,1,260,104,0,104,364
08/29/2022,ABQ,NM,ASW,CE,Combined TRACON& Tower with Radar,114,62,22,11,209,0,13,69,37,119,114,75,91,48,328,52,0,52,380
08/30/2022,ABQ,NM,ASW,CE,Combined TRACON& Tower with Radar,123,56,18,5,202,0,21,81,37,139,123,77,99,42,341,66,14,80,421
08/31/2022,ABQ,NM,ASW,CE,Combined TRACON& Tower with Radar,125,58,45,9,237,0,12,60,29,101,125,70,105,38,338,0,0,0,338
09/01/2022,ABQ,NM,ASW,CE,Combined TRACON& Tower with Radar,139,60,26,14,239,0,7,76,41,124,139,67,102,55,363,54,40,94,457
09/02/2022,ABQ,NM,ASW,CE,Combined TRACON& Tower with Radar,125,71,25,6,227,0,39,64,3,106,125,110,89,9,333,32,10,42,375
09/03/2022,ABQ,NM,ASW,CE,Combined TRACON& Tower with Radar,113,36,11,0,160,0,26,30,0,56,113,62,41,0,216,42,0,42,258
09/04/2022,ABQ,NM,ASW,CE,Combined TRACON& Tower with Radar,102,39,14,0,155,0,21,61,2,84,102,60,75,2,239,68,0,68,307
09/05/2022,ABQ,NM,ASW,CE,Combined TRACON& Tower with Radar,114,44,27,2,187,0,18,55,0,73,114,62,82,2,260,86,0,86,346
09/06/2022,ABQ,NM,ASW,CE,Combined TRACON& Tower with Radar,124,47,31,16,218,0,25,85,40,150,124,72,116,56,368,170,40,210,578
09/07/2022,ABQ,NM,ASW,CE,Combined TRACON& Tower with Radar,142,52,25,20,239,0,11,128,52,191,142,63,153,72,430,130,74,204,634
09/08/2022,ABQ,NM,ASW,CE,Combined TRACON& Tower with Radar,144,57,31,15,247,0,14,97,56,167,144,71,128,71,414,98,36,134,548
09/09/2022,ABQ,NM,ASW,CE,Combined TRACON& Tower with Radar,144,63,25,4,236,0,20,74,30,124,144,83,99,34,360,32,14,46,406
09/10/2022,ABQ,NM,ASW,CE,Combined TRACON& Tower with Radar,116,46,23,7,192,0,20,62,17,99,116,66,85,24,291,22,14,36,327
09/11/2022,ABQ,NM,ASW,CE,Combined TRACON& Tower with Radar,134,46,24,2,206,0,29,48,9,86,134,75,72,11,292,38,16,54,346
09/12/2022,ABQ,NM,ASW,CE,Combined TRACON& Tower with Radar,133,57,36,10,236,0,10,67,60,137,133,67,103,70,373,116,26,142,515
09/13/2022,ABQ,NM,ASW,CE,Combined TRACON& Tower with Radar,138,51,28,15,232,0,19,56,49,124,138,70,84,64,356,70,34,104,460
09/14/2022,ABQ,NM,ASW,CE,Combined TRACON& Tower with Radar,136,63,34,7,240,0,12,71,59,142,136,75,105,66,382,52,24,76,458
09/15/2022,ABQ,NM,ASW,CE,Combined TRACON& Tower with Radar,146,71,39,7,263,0,14,112,51,177,146,85,151,58,440,74,20,94,534
09/16/2022,ABQ,NM,ASW,CE,Combined TRACON& Tower with Radar,135,58,35,4,232,0,9,106,39,154,135,67,141,43,386,24,30,54,440
09/17/2022,ABQ,NM,ASW,CE,Combined TRACON& Tower with Radar,117,39,19,3,178,0,10,70,6,86,117,49,89,9,264,130,0,130,394
09/18/2022,ABQ,NM,ASW,CE,Combined TRACON& Tower with Radar,128,54,35,0,217,0,23,54,3,80,128,77,89,3,297,92,0,92,389
09/19/2022,ABQ,NM,ASW,CE,Combined TRACON& Tower with Radar,127,46,43,1,217,0,14,72,35,121,127,60,115,36,338,50,0,50,388
09/20/2022,ABQ,NM,ASW,CE,Combined TRACON& Tower with Radar,133,49,29,9,220,0,29,77,46,152,133,78,106,55,372,78,46,124,496
09/21/2022,ABQ,NM,ASW,CE,Combined TRACON& Tower with Radar,142,57,44,3,246,0,22,70,56,148,142,79,114,59,394,92,48,140,534
09/22/2022,ABQ,NM,ASW,CE,Combined TRACON& Tower with Radar,147,55,43,12,257,0,10,65,31,106,147,65,108,43,363,50,8,58,421
09/23/2022,ABQ,NM,ASW,CE,Combined TRACON& Tower with Radar,144,64,53,15,276,0,16,67,12,95,144,80,120,27,371,60,0,60,431
09/24/2022,ABQ,NM,ASW,CE,Combined TRACON& Tower with Radar,121,38,40,0,199,0,41,85,5,131,121,79,125,5,330,120,0,120,450
09/25/2022,ABQ,NM,ASW,CE,Combined TRACON& Tower with Radar,133,35,38,4,210,0,26,41,3,70,133,61,79,7,280,16,0,16,296
09/26/2022,ABQ,NM,ASW,CE,Combined TRACON& Tower with Radar,126,40,26,5,197,0,10,91,50,151,126,50,117,55,348,46,14,60,408
09/27/2022,ABQ,NM,ASW,CE,Combined TRACON& Tower with Radar,139,54,35,14,242,0,20,96,49,165,139,74,131,63,407,66,20,86,493
09/28/2022,ABQ,NM,ASW,CE,Combined TRACON& Tower with Radar,144,62,31,5,242,0,13,84,63,160,144,75,115,68,402,76,34,110,512
09/29/2022,ABQ,NM,ASW,CE,Combined TRACON& Tower with Radar,155,63,36,4,258,0,4,85,24,113,155,67,121,28,371,98,50,148,519
09/30/2022,ABQ,NM,ASW,CE,Combined TRACON& Tower with Radar,151,74,46,9,280,0,30,102,11,143,151,104,148,20,423,68,16,84,507
10/01/2022,ABQ,NM,ASW,CE,Combined TRACON& Tower with Radar,132,48,27,0,207,0,39,70,3,112,132,87,97,3,319,66,0,66,385
10/02/2022,ABQ,NM,ASW,CE,Combined TRACON& Tower with Radar,137,39,38,2,216,0,26,50,4,80,137,65,88,6,296,22,0,22,318
10/03/2022,ABQ,NM,ASW,CE,Combined TRACON& Tower with Radar,135,69,25,7,236,0,12,62,31,105,135,81,87,38,341,80,7,87,428
10/04/2022,ABQ,NM,ASW,CE,Combined TRACON& Tower with Radar,147,64,53,12,276,0,7,46,44,97,147,71,99,56,373,54,6,60,433
10/05/2022,ABQ,NM,ASW,CE,Combined TRACON& Tower with Radar,143,59,35,23,260,0,8,12,20,40,143,67,47,43,300,0,29,29,329
10/06/2022,ABQ,NM,ASW,CE,Combined TRACON& Tower with Radar,155,59,60,5,279,0,4,30,36,70,155,63,90,41,349,28,16,44,393
10/07/2022,ABQ,NM,ASW,CE,Combined TRACON& Tower with Radar,151,60,49,6,266,0,8,72,38,118,151,68,121,44,384,172,48,220,604
10/08/2022,ABQ,NM,ASW,CE,Combined TRACON& Tower with Radar,142,41,29,2,214,0,16,17,8,41,142,57,46,10,255,60,0,60,315
10/09/2022,ABQ,NM,ASW,CE,Combined TRACON& Tower with Radar,147,39,39,1,226,0,20,39,1,60,147,59,78,2,286,88,0,88,374
10/10/2022,ABQ,NM,ASW,CE,Combined TRACON& Tower with Radar,141,48,42,2,233,0,17,66,0,83,141,65,108,2,316,96,0,96,412
10/11/2022,ABQ,NM,ASW,CE,Combined TRACON& Tower with Radar,146,45,37,8,236,0,25,103,56,184,146,70,140,64,420,50,48,98,518
10/12/2022,ABQ,NM,ASW,CE,Combined TRACON& Tower with Radar,147,74,36,11,268,0,19,94,59,172,147,93,130,70,440,46,34,80,520
10/13/2022,ABQ,NM,ASW,CE,Combined TRACON& Tower with Radar,144,45,43,23,255,0,14,83,49,146,144,59,126,72,401,134,42,176,577
10/14/2022,ABQ,NM,ASW,CE,Combined TRACON& Tower with Radar,141,63,29,11,244,0,30,97,38,165,141,93,126,49,409,110,58,168,577
10/15/2022,ABQ,NM,ASW,CE,Combined TRACON& Tower with Radar,151,38,22,23,234,0,22,64,12,98,151,60,86,35,332,30,16,46,378
10/16/2022,ABQ,NM,ASW,CE,Combined TRACON& Tower with Radar,134,43,27,1,205,0,0,3,1,4,134,43,30,2,209,0,0,0,209
10/17/2022,ABQ,NM,ASW,CE,Combined TRACON& Tower with Radar,137,58,37,4,236,0,9,21,47,77,137,67,58,51,313,24,44,68,381
10/18/2022,ABQ,NM,ASW,CE,Combined TRACON& Tower with Radar,142,66,42,6,256,0,11,86,51,148,142,77,128,57,404,54,42,96,500
10/19/2022,ABQ,NM,ASW,CE,Combined TRACON& Tower with Radar,149,50,22,3,224,0,18,85,54,157,149,68,107,57,381,82,58,140,521
10/20/2022,ABQ,NM,ASW,CE,Combined TRACON& Tower with Radar,150,60,37,11,258,0,12,127,53,192,150,72,164,64,450,86,22,108,558
10/21/2022,ABQ,NM,ASW,CE,Combined TRACON& Tower with Radar,142,50,34,1,227,0,11,80,22,113,142,61,114,23,340,54,24,78,418
10/22/2022,ABQ,NM,ASW,CE,Combined TRACON& Tower with Radar,125,39,25,6,195,0,15,46,1,62,125,54,71,7,257,38,0,38,295
10/23/2022,ABQ,NM,ASW,CE,Combined TRACON& Tower with Radar,137,45,22,6,210,0,8,8,1,17,137,53,30,7,227,2,0,2,229
10/24/2022,ABQ,NM,ASW,CE,Combined TRACON& Tower with Radar,128,57,27,10,222,0,22,26,31,79,128,79,53,41,301,26,4,30,331
10/25/2022,ABQ,NM,ASW,CE,Combined TRACON& Tower with Radar,135,56,29,10,230,0,19,68,52,139,135,75,97,62,369,22,56,78,447
10/26/2022,ABQ,NM,ASW,CE,Combined TRACON& Tower with Radar,148,56,24,8,236,0,18,66,51,135,148,74,90,59,371,32,36,68,439
10/27/2022,ABQ,NM,ASW,CE,Combined TRACON& Tower with Radar,146,58,21,9,234,0,18,48,32,98,146,76,69,41,332,26,20,46,378
10/28/2022,ABQ,NM,ASW,CE,Combined TRACON& Tower with Radar,137,65,34,12,248,12,13,84,42,151,149,78,118,54,399,116,38,154,553
10/29/2022,ABQ,NM,ASW,CE,Combined TRACON& Tower with Radar,114,43,31,5,193,0,15,78,0,93,114,58,109,5,286,62,0,62,348
10/30/2022,ABQ,NM,ASW,CE,Combined TRACON& Tower with Radar,131,40,26,3,200,0,30,59,0,89,131,70,85,3,289,42,0,42,331
10/31/2022,ABQ,NM,ASW,CE,Combined TRACON& Tower with Radar,115,57,28,2,202,0,39,59,10,108,115,96,87,12,310,80,0,80,390
11/01/2022,ABQ,NM,ASW,CE,Combined TRACON& Tower with Radar,142,61,42,7,252,0,22,107,60,189,142,83,149,67,441,52,28,80,521
11/02/2022,ABQ,NM,ASW,CE,Combined TRACON& Tower with Radar,137,56,25,8,226,0,22,71,66,159,137,78,96,74,385,50,38,88,473
11/03/2022,ABQ,NM,ASW,CE,Combined TRACON& Tower with Radar,136,58,22,8,224,0,11,31,22,64,136,69,53,30,288,24,10,34,322
11/04/2022,ABQ,NM,ASW,CE,Combined TRACON& Tower with Radar,129,64,28,9,230,0,18,41,40,99,129,82,69,49,329,20,0,20,349
11/05/2022,ABQ,NM,ASW,CE,Combined TRACON& Tower with Radar,121,38,32,10,201,0,30,68,19,117,121,68,100,29,318,56,6,62,380
11/06/2022,ABQ,NM,ASW,CE,Combined TRACON& Tower with Radar,125,37,25,1,188,0,18,64,3,85,125,55,89,4,273,42,0,42,315
11/07/2022,ABQ,NM,ASW,CE,Combined TRACON& Tower with Radar,117,57,32,13,219,0,24,86,42,152,117,81,118,55,371,110,38,148,519
11/08/2022,ABQ,NM,ASW,CE,Combined TRACON& Tower with Radar,134,54,47,8,243,0,27,88,50,165,134,81,135,58,408,42,74,116,524
11/09/2022,ABQ,NM,ASW,CE,Combined TRACON& Tower with Radar,132,54,38,9,233,0,9,51,42,102,132,63,89,51,335,10,14,24,359
11/10/2022,ABQ,NM,ASW,CE,Combined TRACON& Tower with Radar,138,39,45,13,235,0,12,90,65,167,138,51,135,78,402,82,46,128,530
11/11/2022,ABQ,NM,ASW,CE,Combined TRACON& Tower with Radar,131,60,31,3,225,0,33,97,1,131,131,93,128,4,356,56,0,56,412
11/12/2022,ABQ,NM,ASW,CE,Combined TRACON& Tower with Radar,111,37,29,0,177,0,26,77,1,104,111,63,106,1,281,140,0,140,421
11/13/2022,ABQ,NM,ASW,CE,Combined TRACON& Tower with Radar,124,40,39,4,207,0,29,57,3,89,124,69,96,7,296,68,0,68,364
11/14/2022,ABQ,NM,ASW,CE,Combined TRACON& Tower with Radar,127,57,41,8,233,0,13,61,45,119,127,70,102,53,352,120,46,166,518
11/15/2022,ABQ,NM,ASW,CE,Combined TRACON& Tower with Radar,131,47,29,27,234,0,10,85,55,150,131,57,114,82,384,116,28,144,528
11/16/2022,ABQ,NM,ASW,CE,Combined TRACON& Tower with Radar,138,66,40,8,252,0,13,88,64,165,138,79,128,72,417,56,36,92,509
11/17/2022,ABQ,NM,ASW,CE,Combined TRACON& Tower with Radar,135,57,32,14,238,0,11,118,39,168,135,68,150,53,406,150,52,202,608
11/18/2022,ABQ,NM,ASW,CE,Combined TRACON& Tower with Radar,130,62,36,28,256,0,13,57,31,101,130,75,93,59,357,38,28,66,423
11/19/2022,ABQ,NM,ASW,CE,Combined TRACON& Tower with Radar,121,46,23,6,196,0,27,86,6,119,121,73,109,12,315,78,8,86,401
11/20/2022,ABQ,NM,ASW,CE,Combined TRACON& Tower with Radar,127,29,30,2,188,0,22,57,3,82,127,51,87,5,270,70,0,70,340
11/21/2022,ABQ,NM,ASW,CE,Combined TRACON& Tower with Radar,132,46,33,4,215,0,14,66,50,130,132,60,99,54,345,76,20,96,441
11/22/2022,ABQ,NM,ASW,CE,Combined TRACON& Tower with Radar,141,51,24,15,231,0,18,107,39,164,141,69,131,54,395,72,14,86,481
11/23/2022,ABQ,NM,ASW,CE,Combined TRACON& Tower with Radar,143,50,27,0,220,0,22,81,6,109,143,72,108,6,329,44,0,44,373
11/24/2022,ABQ,NM,ASW,CE,Combined TRACON& Tower with Radar,89,34,7,0,130,0,5,5,0,10,89,39,12,0,140,0,0,0,140
11/25/2022,ABQ,NM,ASW,CE,Combined TRACON& Tower with Radar,119,57,9,0,185,0,11,55,0,66,119,68,64,0,251,24,0,24,275
11/26/2022,ABQ,NM,ASW,CE,Combined TRACON& Tower with Radar,123,55,17,0,195,0,17,38,1,56,123,72,55,1,251,64,0,64,315
11/27/2022,ABQ,NM,ASW,CE,Combined TRACON& Tower with Radar,134,39,27,0,200,0,12,31,0,43,134,51,58,0,243,26,0,26,269
11/28/2022,ABQ,NM,ASW,CE,Combined TRACON& Tower with Radar,130,52,43,1,226,0,23,55,14,92,130,75,98,15,318,74,0,74,392
11/29/2022,ABQ,NM,ASW,CE,Combined TRACON& Tower with Radar,135,60,23,7,225,0,17,36,55,108,135,77,59,62,333,0,72,72,405
11/30/2022,ABQ,NM,ASW,CE,Combined TRACON& Tower with Radar,134,54,53,5,246,0,16,94,64,174,134,70,147,69,420,82,40,122,542
12/01/2022,ABQ,NM,ASW,CE,Combined TRACON& Tower with Radar,134,49,46,11,240,0,7,90,47,144,134,56,136,58,384,74,18,92,476
12/02/2022,ABQ,NM,ASW,CE,Combined TRACON& Tower with Radar,134,65,18,13,230,0,25,46,30,101,134,90,64,43,331,80,18,98,429
12/03/2022,ABQ,NM,ASW,CE,Combined TRACON& Tower with Radar,114,53,42,2,211,0,8,63,7,78,114,61,105,9,289,74,0,74,363
12/04/2022,ABQ,NM,ASW,CE,Combined TRACON& Tower with Radar,138,37,45,1,221,0,0,0,0,0,138,37,45,1,221,30,0,30,251
12/05/2022,ABQ,NM,ASW,CE,Combined TRACON& Tower with Radar,130,43,33,6,212,0,8,43,47,98,130,51,76,53,310,0,0,0,310
12/06/2022,ABQ,NM,ASW,CE,Combined TRACON& Tower with Radar,138,62,39,6,245,0,13,78,52,143,138,75,117,58,388,64,10,74,462
12/07/2022,ABQ,NM,ASW,CE,Combined TRACON& Tower with Radar,139,47,32,9,227,0,19,72,26,117,139,66,104,35,344,80,34,114,458
12/08/2022,ABQ,NM,ASW,CE,Combined TRACON& Tower with Radar,141,56,49,7,253,0,16,95,36,147,141,72,144,43,400,66,4,70,470
12/09/2022,ABQ,NM,ASW,CE,Combined TRACON& Tower with Radar,132,58,71,8,269,0,31,80,26,137,132,89,151,34,406,56,14,70,476
12/10/2022,ABQ,NM,ASW,CE,Combined TRACON& Tower with Radar,113,42,37,2,194,0,14,81,4,99,113,56,118,6,293,70,0,70,363
12/11/2022,ABQ,NM,ASW,CE,Combined TRACON& Tower with Radar,126,43,30,3,202,0,9,57,2,68,126,52,87,5,270,36,0,36,306
12/12/2022,ABQ,NM,ASW,CE,Combined TRACON& Tower with Radar,129,46,29,8,212,0,7,21,37,65,129,53,50,45,277,6,24,30,307
12/13/2022,ABQ,NM,ASW,CE,Combined TRACON& Tower with Radar,139,53,26,19,237,0,15,41,54,110,139,68,67,73,347,36,29,65,412
12/14/2022,ABQ,NM,ASW,CE,Combined TRACON& Tower with Radar,145,59,18,12,234,0,22,65,46,133,145,81,83,58,367,34,30,64,431
12/15/2022,ABQ,NM,ASW,CE,Combined TRACON& Tower with Radar,137,72,25,16,250,0,13,73,50,136,137,85,98,66,386,30,28,58,444
12/16/2022,ABQ,NM,ASW,CE,Combined TRACON& Tower with Radar,135,75,46,7,263,0,19,61,26,106,135,94,107,33,369,26,12,38,407
12/17/2022,ABQ,NM,ASW,CE,Combined TRACON& Tower with Radar,127,42,42,3,214,0,9,70,0,79,127,51,112,3,293,66,0,66,359
12/18/2022,ABQ,NM,ASW,CE,Combined TRACON& Tower with Radar,122,41,31,12,206,0,18,47,0,65,122,59,78,12,271,36,0,36,307
12/19/2022,ABQ,NM,ASW,CE,Combined TRACON& Tower with Radar,130,36,26,8,200,0,9,53,51,113,130,45,79,59,313,4,24,28,341
12/20/2022,ABQ,NM,ASW,CE,Combined TRACON& Tower with Radar,131,54,38,24,247,3,19,71,65,158,134,73,109,89,405,44,60,104,509
12/21/2022,ABQ,NM,ASW,CE,Combined TRACON& Tower with Radar,131,53,23,12,219,0,22,75,54,151,131,75,98,66,370,46,18,64,434
12/22/2022,ABQ,NM,ASW,CE,Combined TRACON& Tower with Radar,126,58,25,7,216,0,12,57,34,103,126,70,82,41,319,50,40,90,409
12/23/2022,ABQ,NM,ASW,CE,Combined TRACON& Tower with Radar,115,40,36,1,192,0,17,54,0,71,115,57,90,1,263,32,0,32,295
12/24/2022,ABQ,NM,ASW,CE,Combined TRACON& Tower with Radar,75,33,19,0,127,0,20,35,1,56,75,53,54,1,183,40,0,40,223
12/25/2022,ABQ,NM,ASW,CE,Combined TRACON& Tower with Radar,73,26,6,0,105,0,13,4,0,17,73,39,10,0,122,0,0,0,122
12/26/2022,ABQ,NM,ASW,CE,Combined TRACON& Tower with Radar,76,42,46,1,165,0,16,56,0,72,76,58,102,1,237,10,0,10,247
12/27/2022,ABQ,NM,ASW,CE,Combined TRACON& Tower with Radar,86,58,52,4,200,0,9,80,23,112,86,67,132,27,312,52,0,52,364
12/28/2022,ABQ,NM,ASW,CE,Combined TRACON& Tower with Radar,101,61,31,5,198,0,0,17,9,26,101,61,48,14,224,0,2,2,226
12/29/2022,ABQ,NM,ASW,CE,Combined TRACON& Tower with Radar,102,55,44,3,204,0,8,56,27,91,102,63,100,30,295,18,12,30,325
12/30/2022,ABQ,NM,ASW,CE,Combined TRACON& Tower with Radar,134,59,44,0,237,0,6,42,0,48,134,65,86,0,285,52,0,52,337
12/31/2022,ABQ,NM,ASW,CE,Combined TRACON& Tower with Radar,100,41,30,0,171,0,13,37,2,52,100,54,67,2,223,68,0,68,291
01/01/2023,ABQ,NM,ASW,CE,Combined TRACON& Tower with Radar,112,29,28,0,169,0,7,22,0,29,112,36,50,0,198,34,0,34,232
01/02/2023,ABQ,NM,ASW,CE,Combined TRACON& Tower with Radar,134,37,13,3,187,0,4,2,0,6,134,41,15,3,193,28,0,28,221
01/03/2023,ABQ,NM,ASW,CE,Combined TRACON& Tower with Radar,128,47,22,5,202,0,0,43,4,47,128,47,65,9,249,8,0,8,257
01/04/2023,ABQ,NM,ASW,CE,Combined TRACON& Tower with Radar,129,81,31,10,251,0,10,86,42,138,129,91,117,52,389,0,18,18,407
01/05/2023,ABQ,NM,ASW,CE,Combined TRACON& Tower with Radar,132,40,37,9,218,0,15,85,74,174,132,55,122,83,392,58,54,112,504
01/06/2023,ABQ,NM,ASW,CE,Combined TRACON& Tower with Radar,120,46,40,19,225,0,9,65,35,109,120,55,105,54,334,34,26,60,394
01/07/2023,ABQ,NM,ASW,CE,Combined TRACON& Tower with Radar,99,35,34,2,170,0,11,66,6,83,99,46,100,8,253,52,2,54,307
01/08/2023,ABQ,NM,ASW,CE,Combined TRACON& Tower with Radar,112,30,27,2,171,0,6,43,8,57,112,36,70,10,228,64,0,64,292
01/09/2023,ABQ,NM,ASW,CE,Combined TRACON& Tower with Radar,120,45,41,12,218,0,9,70,45,124,120,54,111,57,342,70,36,106,448
01/10/2023,ABQ,NM,ASW,CE,Combined TRACON& Tower with Radar,130,44,37,10,221,0,9,85,57,151,130,53,122,67,372,94,14,108,480
01/11/2023,ABQ,NM,ASW,CE,Combined TRACON& Tower with Radar,119,59,27,1,206,0,6,28,44,78,119,65,55,45,284,18,14,32,316
01/12/2023,ABQ,NM,ASW,CE,Combined TRACON& Tower with Radar,134,55,45,20,254,0,28,75,60,163,134,83,120,80,417,68,14,82,499
01/13/2023,ABQ,NM,ASW,CE,Combined TRACON& Tower with Radar,125,58,39,5,227,0,24,73,28,125,125,82,112,33,352,108,20,128,480
01/14/2023,ABQ,NM,ASW,CE,Combined TRACON& Tower with Radar,94,38,21,0,153,0,26,64,2,92,94,64,85,2,245,72,0,72,317
01/15/2023,ABQ,NM,ASW,CE,Combined TRACON& Tower with Radar,110,34,25,0,169,0,0,4,0,4,110,34,29,0,173,0,0,0,173
01/16/2023,ABQ,NM,ASW,CE,Combined TRACON& Tower with Radar,127,47,43,0,217,0,9,21,3,33,127,56,64,3,250,4,0,4,254
01/17/2023,ABQ,NM,ASW,CE,Combined TRACON& Tower with Radar,133,51,40,10,234,0,1,25,61,87,133,52,65,71,321,0,20,20,341
01/18/2023,ABQ,NM,ASW,CE,Combined TRACON& Tower with Radar,128,49,39,9,225,0,14,54,67,135,128,63,93,76,360,14,40,54,414
01/19/2023,ABQ,NM,ASW,CE,Combined TRACON& Tower with Radar,130,54,51,7,242,0,22,100,52,174,130,76,151,59,416,48,0,48,464
01/20/2023,ABQ,NM,ASW,CE,Combined TRACON& Tower with Radar,127,67,28,13,235,0,4,43,22,69,127,71,71,35,304,22,6,28,332
01/21/2023,ABQ,NM,ASW,CE,Combined TRACON& Tower with Radar,103,37,34,0,174,0,6,68,2,76,103,43,102,2,250,72,0,72,322
01/22/2023,ABQ,NM,ASW,CE,Combined TRACON& Tower with Radar,118,46,30,5,199,0,22,66,1,89,118,68,96,6,288,164,0,164,452
01/23/2023,ABQ,NM,ASW,CE,Combined TRACON& Tower with Radar,121,52,31,0,204,0,1,12,0,13,121,53,43,0,217,0,0,0,217
01/24/2023,ABQ,NM,ASW,CE,Combined TRACON& Tower with Radar,130,49,26,5,210,0,14,45,67,126,130,63,71,72,336,6,54,60,396
01/25/2023,ABQ,NM,ASW,CE,Combined TRACON& Tower with Radar,126,58,33,13,230,0,29,70,53,152,126,87,103,66,382,30,86,116,498
01/26/2023,ABQ,NM,ASW,CE,Combined TRACON& Tower with Radar,132,57,51,4,244,0,22,94,60,176,132,79,145,64,420,60,30,90,510
01/27/2023,ABQ,NM,ASW,CE,Combined TRACON& Tower with Radar,126,64,33,23,246,0,28,76,27,131,126,92,109,50,377,82,28,110,487
01/28/2023,ABQ,NM,ASW,CE,Combined TRACON& Tower with Radar,105,37,36,4,182,0,20,61,5,86,105,57,97,9,268,88,0,88,356
01/29/2023,ABQ,NM,ASW,CE,Combined TRACON& Tower with Radar,113,51,32,1,197,0,20,50,11,81,113,71,82,12,278,46,4,50,328
01/30/2023,ABQ,NM,ASW,CE,Combined TRACON& Tower with Radar,112,62,65,15,254,0,13,73,47,133,112,75,138,62,387,40,42,82,469
01/31/2023,ABQ,NM,ASW,CE,Combined TRACON& Tower with Radar,104,46,31,10,191,0,20,69,37,126,104,66,100,47,317,98,12,110,427
02/01/2023,ABQ,NM,ASW,CE,Combined TRACON& Tower with Radar,102,54,33,4,193,0,7,83,60,150,102,61,116,64,343,58,8,66,409
02/02/2023,ABQ,NM,ASW,CE,Combined TRACON& Tower with Radar,129,63,51,12,255,0,11,79,59,149,129,74,130,71,404,0,0,0,404
02/03/2023,ABQ,NM,ASW,CE,Combined TRACON& Tower with Radar,127,65,52,15,259,0,13,99,16,128,127,78,151,31,387,76,4,80,467
02/04/2023,ABQ,NM,ASW,CE,Combined TRACON& Tower with Radar,104,39,29,9,181,0,21,59,4,84,104,60,88,13,265,88,2,90,355
02/05/2023,ABQ,NM,ASW,CE,Combined TRACON& Tower with Radar,122,42,33,3,200,0,13,51,3,67,122,55,84,6,267,0,0,0,267
02/06/2023,ABQ,NM,ASW,CE,Combined TRACON& Tower with Radar,127,61,29,1,218,0,7,30,16,53,127,68,59,17,271,0,0,0,271
02/07/2023,ABQ,NM,ASW,CE,Combined TRACON& Tower with Radar,134,56,34,5,229,0,1,10,13,24,134,57,44,18,253,0,4,4,257
02/08/2023,ABQ,NM,ASW,CE,Combined TRACON& Tower with Radar,133,44,31,9,217,0,6,65,37,108,133,50,96,46,325,40,28,68,393
02/09/2023,ABQ,NM,ASW,CE,Combined TRACON& Tower with Radar,140,57,41,12,250,0,16,27,48,91,140,73,68,60,341,6,42,48,389
02/10/2023,ABQ,NM,ASW,CE,Combined TRACON& Tower with Radar,139,43,38,30,250,0,16,91,24,131,139,59,129,54,381,76,28,104,485
02/11/2023,ABQ,NM,ASW,CE,Combined TRACON& Tower with Radar,103,24,39,13,179,0,14,69,3,86,103,38,108,16,265,100,14,114,379
02/12/2023,ABQ,NM,ASW,CE,Combined TRACON& Tower with Radar,122,29,21,0,172,0,18,53,2,73,122,47,74,2,245,98,0,98,343
02/13/2023,ABQ,NM,ASW,CE,Combined TRACON& Tower with Radar,138,53,39,2,232,0,14,31,18,63,138,67,70,20,295,18,30,48,343
02/14/2023,ABQ,NM,ASW,CE,Combined TRACON& Tower with Radar,145,51,15,2,213,0,4,18,21,43,145,55,33,23,256,0,18,18,274
02/15/2023,ABQ,NM,ASW,CE,Combined TRACON& Tower with Radar,133,48,28,2,211,0,2,26,40,68,133,50,54,42,279,4,24,28,307
02/16/2023,ABQ,NM,ASW,CE,Combined TRACON& Tower with Radar,149,59,47,3,258,0,19,84,41,144,149,78,131,44,402,26,12,38,440
02/17/2023,ABQ,NM,ASW,CE,Combined TRACON& Tower with Radar,136,61,37,8,242,0,24,65,18,107,136,85,102,26,349,30,6,36,385
02/18/2023,ABQ,NM,ASW,CE,Combined TRACON& Tower with Radar,106,39,18,0,163,0,19,61,0,80,106,58,79,0,243,95,7,102,345
02/19/2023,ABQ,NM,ASW,CE,Combined TRACON& Tower with Radar,117,30,21,3,171,0,6,48,2,56,117,36,69,5,227,18,0,18,245
02/20/2023,ABQ,NM,ASW,CE,Combined TRACON& Tower with Radar,134,55,44,6,239,0,4,61,2,67,134,59,105,8,306,88,10,98,404
02/21/2023,ABQ,NM,ASW,CE,Combined TRACON& Tower with Radar,141,48,60,11,260,0,14,68,38,120,141,62,128,49,380,64,30,94,474
02/22/2023,ABQ,NM,ASW,CE,Combined TRACON& Tower with Radar,123,37,15,0,175,0,1,20,0,21,123,38,35,0,196,0,2,2,198
02/23/2023,ABQ,NM,ASW,CE,Combined TRACON& Tower with Radar,147,62,44,11,264,0,7,54,37,98,147,69,98,48,362,40,16,56,418
02/24/2023,ABQ,NM,ASW,CE,Combined TRACON& Tower with Radar,144,72,34,34,284,0,13,102,31,146,144,85,136,65,430,60,18,78,508
02/25/2023,ABQ,NM,ASW,CE,Combined TRACON& Tower with Radar,107,48,30,14,199,0,18,78,1,97,107,66,108,15,296,114,4,118,414
02/26/2023,ABQ,NM,ASW,CE,Combined TRACON& Tower with Radar,120,30,11,3,164,0,8,4,1,13,120,38,15,4,177,0,0,0,177
02/27/2023,ABQ,NM,ASW,CE,Combined TRACON& Tower with Radar,134,53,35,5,227,0,28,66,6,100,134,81,101,11,327,32,0,32,359
02/28/2023,ABQ,NM,ASW,CE,Combined TRACON& Tower with Radar,137,58,37,5,237,0,21,54,44,119,137,79,91,49,356,40,0,40,396
03/01/2023,ABQ,NM,ASW,CE,Combined TRACON& Tower with Radar,149,44,39,9,241,0,9,64,56,129,149,53,103,65,370,0,46,46,416
03/02/2023,ABQ,NM,ASW,CE,Combined TRACON& Tower with Radar,128,47,30,6,211,0,9,23,34,66,128,56,53,40,277,0,0,0,277
03/03/2023,ABQ,NM,ASW,CE,Combined TRACON& Tower with Radar,133,59,42,13,247,0,12,62,42,116,133,71,104,55,363,0,0,0,363
03/04/2023,ABQ,NM,ASW,CE,Combined TRACON& Tower with Radar,103,31,30,3,167,0,14,87,14,115,103,45,117,17,282,72,14,86,368
03/05/2023,ABQ,NM,ASW,CE,Combined TRACON& Tower with Radar,118,36,24,0,178,0,17,34,1,52,118,53,58,1,230,114,0,114,344
03/06/2023,ABQ,NM,ASW,CE,Combined TRACON& Tower with Radar,127,36,34,7,204,0,6,76,43,125,127,42,110,50,329,34,42,76,405
03/07/2023,ABQ,NM,ASW,CE,Combined TRACON& Tower with Radar,130,51,38,7,226,0,33,61,49,143,130,84,99,56,369,60,12,72,441
03/08/2023,ABQ,NM,ASW,CE,Combined TRACON& Tower with Radar,142,50,37,12,241,0,12,81,35,128,142,62,118,47,369,44,40,84,453
03/09/2023,ABQ,NM,ASW,CE,Combined TRACON& Tower with Radar,131,56,30,21,238,0,13,81,75,169,131,69,111,96,407,0,0,0,407
03/10/2023,ABQ,NM,ASW,CE,Combined TRACON& Tower with Radar,135,46,29,9,219,0,3,61,19,83,135,49,90,28,302,68,0,68,370
03/11/2023,ABQ,NM,ASW,CE,Combined TRACON& Tower with Radar,114,40,45,2,201,0,15,17,0,32,114,55,62,2,233,28,0,28,261
03/12/2023,ABQ,NM,ASW,CE,Combined TRACON& Tower with Radar,123,33,46,12,214,0,22,42,5,69,123,55,88,17,283,76,0,76,359
03/13/2023,ABQ,NM,ASW,CE,Combined TRACON& Tower with Radar,128,50,31,8,217,0,8,64,31,103,128,58,95,39,320,0,0,0,320
03/14/2023,ABQ,NM,ASW,CE,Combined TRACON& Tower with Radar,126,55,65,17,263,0,33,103,54,190,126,88,168,71,453,48,28,76,529
03/15/2023,ABQ,NM,ASW,CE,Combined TRACON& Tower with Radar,127,53,43,6,229,0,7,56,45,108,127,60,99,51,337,40,18,58,395
03/16/2023,ABQ,NM,ASW,CE,Combined TRACON& Tower with Radar,137,56,46,19,258,0,4,28,38,70,137,60,74,57,328,12,18,30,358
03/17/2023,ABQ,NM,ASW,CE,Combined TRACON& Tower with Radar,128,58,26,8,220,0,2,20,14,36,128,60,46,22,256,0,0,0,256
03/18/2023,ABQ,NM,ASW,CE,Combined TRACON& Tower with Radar,106,32,31,3,172,0,21,41,12,74,106,53,72,15,246,28,0,28,274
03/19/2023,ABQ,NM,ASW,CE,Combined TRACON& Tower with Radar,122,52,20,1,195,0,8,34,5,47,122,60,54,6,242,0,0,0,242
03/20/2023,ABQ,NM,ASW,CE,Combined TRACON& Tower with Radar,127,47,44,4,222,0,3,23,53,79,127,50,67,57,301,0,0,0,301
03/21/2023,ABQ,NM,ASW,CE,Combined TRACON& Tower with Radar,132,59,26,12,229,0,3,26,43,72,132,62,52,55,301,0,0,0,301
03/22/2023,ABQ,NM,ASW,CE,Combined TRACON& Tower with Radar,130,58,30,5,223,0,9,36,27,72,130,67,66,32,295,0,0,0,295
03/23/2023,ABQ,NM,ASW,CE,Combined TRACON& Tower with Radar,138,60,49,12,259,0,20,48,51,119,138,80,97,63,378,12,44,56,434
03/24/2023,ABQ,NM,ASW,CE,Combined TRACON& Tower with Radar,132,56,32,2,222,0,3,42,19,64,132,59,74,21,286,0,0,0,286
03/25/2023,ABQ,NM,ASW,CE,Combined TRACON& Tower with Radar,107,42,25,2,176,0,19,43,3,65,107,61,68,5,241,0,0,0,241
03/26/2023,ABQ,NM,ASW,CE,Combined TRACON& Tower with Radar,120,42,27,1,190,0,12,13,0,25,120,54,40,1,215,8,0,8,223
03/27/2023,ABQ,NM,ASW,CE,Combined TRACON& Tower with Radar,127,46,37,12,222,0,16,61,43,120,127,62,98,55,342,0,0,0,342
03/28/2023,ABQ,NM,ASW,CE,Combined TRACON& Tower with Radar,131,55,35,3,224,0,13,99,57,169,131,68,134,60,393,0,0,0,393
03/29/2023,ABQ,NM,ASW,CE,Combined TRACON& Tower with Radar,134,53,36,6,229,0,17,105,51,173,134,70,141,57,402,104,36,140,542
03/30/2023,ABQ,NM,ASW,CE,Combined TRACON& Tower with Radar,133,40,23,12,208,0,7,27,5,39,133,47,50,17,247,28,8,36,283
03/31/2023,ABQ,NM,ASW,CE,Combined TRACON& Tower with Radar,131,54,30,24,239,0,11,43,19,73,131,65,73,43,312,0,0,0,312
04/01/2023,ABQ,NM,ASW,CE,Combined TRACON& Tower with Radar,103,43,45,8,199,0,18,133,2,153,103,61,178,10,352,106,0,106,458
04/02/2023,ABQ,NM,ASW,CE,Combined TRACON& Tower with Radar,118,34,19,1,172,0,3,48,1,52,118,37,67,2,224,0,0,0,224
04/03/2023,ABQ,NM,ASW,CE,Combined TRACON& Tower with Radar,129,29,16,3,177,0,5,39,13,57,129,34,55,16,234,0,0,0,234
04/04/2023,ABQ,NM,ASW,CE,Combined TRACON& Tower with Radar,135,39,29,2,205,0,2,25,5,32,135,41,54,7,237,0,0,0,237
04/05/2023,ABQ,NM,ASW,CE,Combined TRACON& Tower with Radar,128,45,18,15,206,0,15,98,52,165,128,60,116,67,371,106,18,124,495
04/06/2023,ABQ,NM,ASW,CE,Combined TRACON& Tower with Radar,135,54,35,13,237,0,17,104,66,187,135,71,139,79,424,38,52,90,514
04/07/2023,ABQ,NM,ASW,CE,Combined TRACON& Tower with Radar,142,57,30,23,252,0,5,77,34,116,142,62,107,57,368,0,0,0,368
04/08/2023,ABQ,NM,ASW,CE,Combined TRACON& Tower with Radar,117,42,26,0,185,0,25,66,10,101,117,67,92,10,286,26,0,26,312
04/09/2023,ABQ,NM,ASW,CE,Combined TRACON& Tower with Radar,126,26,19,0,171,0,6,52,6,64,126,32,71,6,235,0,0,0,235
04/10/2023,ABQ,NM,ASW,CE,Combined TRACON& Tower with Radar,128,39,30,13,210,0,11,80,69,160,128,50,110,82,370,0,0,0,370
04/11/2023,ABQ,NM,ASW,CE,Combined TRACON& Tower with Radar,149,42,32,13,236,0,27,102,62,191,149,69,134,75,427,0,0,0,427
04/12/2023,ABQ,NM,ASW,CE,Combined TRACON& Tower with Radar,150,55,26,10,241,0,15,72,48,135,150,70,98,58,376,36,38,74,450
04/13/2023,ABQ,NM,ASW,CE,Combined TRACON& Tower with Radar,156,62,33,3,254,0,26,65,49,140,156,88,98,52,394,46,8,54,448
04/14/2023,ABQ,NM,ASW,CE,Combined TRACON& Tower with Radar,157,72,34,9,272,0,8,55,31,94,157,80,89,40,366,0,0,0,366
04/15/2023,ABQ,NM,ASW,CE,Combined TRACON& Tower with Radar,126,31,23,6,186,0,8,34,2,44,126,39,57,8,230,0,0,0,230
04/16/2023,ABQ,NM,ASW,CE,Combined TRACON& Tower with Radar,124,32,26,0,182,0,6,76,2,84,124,38,102,2,266,0,0,0,266
04/17/2023,ABQ,NM,ASW,CE,Combined TRACON& Tower with Radar,154,60,41,5,260,0,15,78,73,166,154,75,119,78,426,0,0,0,426
04/18/2023,ABQ,NM,ASW,CE,Combined TRACON& Tower with Radar,148,45,43,4,240,0,16,69,42,127,148,61,112,46,367,54,8,62,429
04/19/2023,ABQ,NM,ASW,CE,Combined TRACON& Tower with Radar,156,45,24,6,231,0,4,71,33,108,156,49,95,39,339,50,20,70,409
04/20/2023,ABQ,NM,ASW,CE,Combined TRACON& Tower with Radar,156,57,20,7,240,0,8,60,52,120,156,65,80,59,360,34,26,60,420
04/21/2023,ABQ,NM,ASW,CE,Combined TRACON& Tower with Radar,156,55,37,16,264,0,11,77,22,110,156,66,114,38,374,66,0,66,440
04/22/2023,ABQ,NM,ASW,CE,Combined TRACON& Tower with Radar,126,37,21,7,191,0,12,57,1,70,126,49,78,8,261,88,0,88,349
04/23/2023,ABQ,NM,ASW,CE,Combined TRACON& Tower with Radar,130,21,34,0,185,0,11,56,0,67,130,32,90,0,252,130,0,130,382
04/24/2023,ABQ,NM,ASW,CE,Combined TRACON& Tower with Radar,147,51,35,6,239,0,5,55,40,100,147,56,90,46,339,114,36,150,489
04/25/2023,ABQ,NM,ASW,CE,Combined TRACON& Tower with Radar,149,62,31,4,246,0,8,46,41,95,149,70,77,45,341,54,6,60,401
04/26/2023,ABQ,NM,ASW,CE,Combined TRACON& Tower with Radar,148,55,39,12,254,0,12,60,46,118,148,67,99,58,372,36,32,68,440
04/27/2023,ABQ,NM,ASW,CE,Combined TRACON& Tower with Radar,158,51,51,11,271,0,19,107,51,177,158,70,158,62,448,56,28,84,532
04/28/2023,ABQ,NM,ASW,CE,Combined TRACON& Tower with Radar,150,65,26,25,266,0,10,43,22,75,150,75,69,47,341,0,0,0,341
04/29/2023,ABQ,NM,ASW,CE,Combined TRACON& Tower with Radar,125,38,28,0,191,0,13,57,6,76,125,51,85,6,267,0,0,0,267
04/30/2023,ABQ,NM,ASW,CE,Combined TRACON& Tower with Radar,133,32,44,3,212,0,16,50,6,72,133,48,94,9,284,0,0,0,284
05/01/2023,ABQ,NM,ASW,CE,Combined TRACON& Tower with Radar,149,42,34,12,237,0,10,59,38,107,149,52,93,50,344,0,0,0,344
05/02/2023,ABQ,NM,ASW,CE,Combined TRACON& Tower with Radar,149,57,28,6,240,0,8,80,49,137,149,65,108,55,377,42,24,66,443
05/03/2023,ABQ,NM,ASW,CE,Combined TRACON& Tower with Radar,153,48,36,11,248,0,7,92,35,134,153,55,128,46,382,128,14,142,524
05/04/2023,ABQ,NM,ASW,CE,Combined TRACON& Tower with Radar,156,61,34,8,259,0,8,67,40,115,156,69,101,48,374,22,16,38,412
05/05/2023,ABQ,NM,ASW,CE,Combined TRACON& Tower with Radar,157,61,30,26,274,0,14,54,14,82,157,75,84,40,356,0,0,0,356
05/06/2023,ABQ,NM,ASW,CE,Combined TRACON& Tower with Radar,128,33,20,2,183,0,12,41,9,62,128,45,61,11,245,92,0,92,337
05/07/2023,ABQ,NM,ASW,CE,Combined TRACON& Tower with Radar,125,43,19,8,195,0,7,34,2,43,125,50,53,10,238,28,0,28,266
05/08/2023,ABQ,NM,ASW,CE,Combined TRACON& Tower with Radar,154,50,37,9,250,0,15,88,34,137,154,65,125,43,387,42,18,60,447
05/09/2023,ABQ,NM,ASW,CE,Combined TRACON& Tower with Radar,156,50,31,9,246,0,9,108,37,154,156,59,139,46,400,66,10,76,476
05/10/2023,ABQ,NM,ASW,CE,Combined TRACON& Tower with Radar,148,44,36,13,241,0,4,64,29,97,148,48,100,42,338,18,16,34,372
05/11/2023,ABQ,NM,ASW,CE,Combined TRACON& Tower with Radar,158,45,28,20,251,0,9,70,38,117,158,54,98,58,368,0,6,6,374
05/12/2023,ABQ,NM,ASW,CE,Combined TRACON& Tower with Radar,151,57,32,56,296,0,15,107,29,151,151,72,139,85,447,38,6,44,491
05/13/2023,ABQ,NM,ASW,CE,Combined TRACON& Tower with Radar,129,36,28,13,206,0,4,10,5,19,129,40,38,18,225,0,0,0,225
05/14/2023,ABQ,NM,ASW,CE,Combined TRACON& Tower with Radar,124,41,21,12,198,0,7,23,5,35,124,48,44,17,233,40,2,42,275
05/15/2023,ABQ,NM,ASW,CE,Combined TRACON& Tower with Radar,153,66,39,9,267,0,19,91,33,143,153,85,130,42,410,116,4,120,530
05/16/2023,ABQ,NM,ASW,CE,Combined TRACON& Tower with Radar,158,60,39,5,262,0,20,103,53,176,158,80,142,58,438,106,38,144,582
05/17/2023,ABQ,NM,ASW,CE,Combined TRACON& Tower with Radar,155,59,42,10,266,0,0,88,47,135,155,59,130,57,401,0,0,0,401
05/18/2023,ABQ,NM,ASW,CE,Combined TRACON& Tower with Radar,156,49,44,5,254,0,1,74,49,124,156,50,118,54,378,0,0,0,378
05/19/2023,ABQ,NM,ASW,CE,Combined TRACON& Tower with Radar,148,58,35,11,252,0,4,23,9,36,148,62,58,20,288,0,8,8,296
05/20/2023,ABQ,NM,ASW,CE,Combined TRACON& Tower with Radar,124,46,26,1,197,0,2,35,2,39,124,48,61,3,236,64,0,64,300
05/21/2023,ABQ,NM,ASW,CE,Combined TRACON& Tower with Radar,137,31,22,0,190,0,5,38,1,44,137,36,60,1,234,42,0,42,276
05/22/2023,ABQ,NM,ASW,CE,Combined TRACON& Tower with Radar,151,54,23,12,240,0,20,77,38,135,151,74,100,50,375,102,26,128,503
05/23/2023,ABQ,NM,ASW,CE,Combined TRACON& Tower with Radar,152,58,30,6,246,0,14,70,50,134,152,72,100,56,380,20,32,52,432
05/24/2023,ABQ,NM,ASW,CE,Combined TRACON& Tower with Radar,158,56,27,11,252,0,12,100,40,152,158,68,127,51,404,6,52,58,462
05/25/2023,ABQ,NM,ASW,CE,Combined TRACON& Tower with Radar,167,55,45,19,286,0,7,80,42,129,167,62,125,61,415,48,18,66,481
05/26/2023,ABQ,NM,ASW,CE,Combined TRACON& Tower with Radar,151,72,30,7,260,0,5,53,1,59,151,77,83,8,319,24,4,28,347
05/27/2023,ABQ,NM,ASW,CE,Combined TRACON& Tower with Radar,127,29,23,1,180,0,5,66,0,71,127,34,89,1,251,80,0,80,331
05/28/2023,ABQ,NM,ASW,CE,Combined TRACON& Tower with Radar,119,39,20,2,180,0,12,52,0,64,119,51,72,2,244,64,0,64,308
05/29/2023,ABQ,NM,ASW,CE,Combined TRACON& Tower with Radar,151,32,37,0,220,0,5,46,0,51,151,37,83,0,271,0,0,0,271
05/30/2023,ABQ,NM,ASW,CE,Combined TRACON& Tower with Radar,146,49,36,14,245,0,26,79,38,143,146,75,115,52,388,74,8,82,470
05/31/2023,ABQ,NM,ASW,CE,Combined TRACON& Tower with Radar,150,46,39,8,243,0,8,43,36,87,150,54,82,44,330,4,34,38,368
06/01/2023,ABQ,NM,ASW,CE,Combined TRACON& Tower with Radar,147,51,29,5,232,0,9,78,58,145,147,60,107,63,377,58,46,104,481
06/02/2023,ABQ,NM,ASW,CE,Combined TRACON& Tower with Radar,147,49,27,13,236,0,4,86,23,113,147,53,113,36,349,100,4,104,453
06/03/2023,ABQ,NM,ASW,CE,Combined TRACON& Tower with Radar,122,36,26,1,185,0,18,49,2,69,122,54,75,3,254,96,2,98,352
06/04/2023,ABQ,NM,ASW,CE,Combined TRACON& Tower with Radar,126,35,30,1,192,0,7,45,0,52,126,42,75,1,244,0,0,0,244
06/05/2023,ABQ,NM,ASW,CE,Combined TRACON& Tower with Radar,144,48,42,8,242,0,8,69,30,107,144,56,111,38,349,0,0,0,349
06/06/2023,ABQ,NM,ASW,CE,Combined TRACON& Tower with Radar,147,57,34,10,248,0,15,71,44,130,147,72,105,54,378,108,10,118,496
06/07/2023,ABQ,NM,ASW,CE,Combined TRACON& Tower with Radar,152,47,27,10,236,0,16,83,34,133,152,63,110,44,369,70,20,90,459
06/08/2023,ABQ,NM,ASW,CE,Combined TRACON& Tower with Radar,161,61,38,9,269,0,19,90,60,169,161,80,128,69,438,0,0,0,438
06/09/2023,ABQ,NM,ASW,CE,Combined TRACON& Tower with Radar,152,53,36,10,251,0,16,77,25,118,152,69,113,35,369,116,10,126,495
06/10/2023,ABQ,NM,ASW,CE,Combined TRACON& Tower with Radar,121,29,29,2,181,0,10,44,6,60,121,39,73,8,241,88,0,88,329
06/11/2023,ABQ,NM,ASW,CE,Combined TRACON& Tower with Radar,133,38,37,5,213,0,13,48,4,65,133,51,85,9,278,0,0,0,278
06/12/2023,ABQ,NM,ASW,CE,Combined TRACON& Tower with Radar,152,57,43,16,268,0,20,52,45,117,152,77,95,61,385,0,0,0,385
06/13/2023,ABQ,NM,ASW,CE,Combined TRACON& Tower with Radar,149,47,33,11,240,0,12,80,41,133,149,59,113,52,373,0,0,0,373
06/14/2023,ABQ,NM,ASW,CE,Combined TRACON& Tower with Radar,152,48,38,20,258,0,12,79,46,137,152,60,117,66,395,0,0,0,395
06/15/2023,ABQ,NM,ASW,CE,Combined TRACON& Tower with Radar,150,43,28,5,226,0,10,83,41,134,150,53,111,46,360,0,0,0,360
06/16/2023,ABQ,NM,ASW,CE,Combined TRACON& Tower with Radar,149,58,34,14,255,0,14,73,27,114,149,72,107,41,369,16,2,18,387
06/17/2023,ABQ,NM,ASW,CE,Combined TRACON& Tower with Radar,123,37,29,7,196,0,10,46,8,64,123,47,75,15,260,16,0,16,276
06/18/2023,ABQ,NM,ASW,CE,Combined TRACON& Tower with Radar,131,38,31,3,203,0,19,60,5,84,131,57,91,8,287,56,0,56,343
06/19/2023,ABQ,NM,ASW,CE,Combined TRACON& Tower with Radar,148,42,19,6,215,0,20,60,5,85,148,62,79,11,300,56,2,58,358
06/20/2023,ABQ,NM,ASW,CE,Combined TRACON& Tower with Radar,150,57,29,9,245,0,19,66,55,140,150,76,95,64,385,104,10,114,499
06/21/2023,ABQ,NM,ASW,CE,Combined TRACON& Tower with Radar,154,45,29,8,236,0,11,82,37,130,154,56,111,45,366,0,0,0,366
06/22/2023,ABQ,NM,ASW,CE,Combined TRACON& Tower with Radar,162,64,36,3,265,0,20,74,35,129,162,84,110,38,394,96,4,100,494
06/23/2023,ABQ,NM,ASW,CE,Combined TRACON& Tower with Radar,152,58,44,24,278,0,26,70,35,131,152,84,114,59,409,34,16,50,459
06/24/2023,ABQ,NM,ASW,CE,Combined TRACON& Tower with Radar,127,45,23,18,213,0,18,96,9,123,127,63,119,27,336,130,10,140,476
06/25/2023,ABQ,NM,ASW,CE,Combined TRACON& Tower with Radar,127,28,30,6,191,0,29,54,3,86,127,57,84,9,277,132,0,132,409
06/26/2023,ABQ,NM,ASW,CE,Combined TRACON& Tower with Radar,135,53,17,3,208,0,18,49,6,73,135,71,66,9,281,84,0,84,365
06/27/2023,ABQ,NM,ASW,CE,Combined TRACON& Tower with Radar,145,55,28,8,236,0,14,60,35,109,145,69,88,43,345,42,4,46,391
06/28/2023,ABQ,NM,ASW,CE,Combined TRACON& Tower with Radar,148,53,29,6,236,0,9,80,38,127,148,62,109,44,363,0,0,0,363
06/29/2023,ABQ,NM,ASW,CE,Combined TRACON& Tower with Radar,144,54,42,6,246,0,12,68,47,127,144,66,110,53,373,110,20,130,503
06/30/2023,ABQ,NM,ASW,CE,Combined TRACON& Tower with Radar,148,45,34,7,234,0,12,77,22,111,148,57,111,29,345,58,0,58,403
07/01/2023,ABQ,NM,ASW,CE,Combined TRACON& Tower with Radar,123,29,22,1,175,0,24,48,2,74,123,53,70,3,249,16,2,18,267
07/02/2023,ABQ,NM,ASW,CE,Combined TRACON& Tower with Radar,128,28,11,2,169,0,26,44,0,70,128,54,55,2,239,76,0,76,315
07/03/2023,ABQ,NM,ASW,CE,Combined TRACON& Tower with Radar,131,44,19,4,198,0,20,75,3,98,131,64,94,7,296,54,0,54,350
07/04/2023,ABQ,NM,ASW,CE,Combined TRACON& Tower with Radar,126,27,27,2,182,0,31,42,4,77,126,58,69,6,259,82,0,82,341
07/05/2023,ABQ,NM,ASW,CE,Combined TRACON& Tower with Radar,155,52,23,10,240,0,15,100,49,164,155,67,123,59,404,48,12,60,464
07/06/2023,ABQ,NM,ASW,CE,Combined TRACON& Tower with Radar,157,54,26,10,247,0,23,74,57,154,157,77,100,67,401,88,12,100,501
07/07/2023,ABQ,NM,ASW,CE,Combined TRACON& Tower with Radar,157,49,27,34,267,0,20,90,29,139,157,69,117,63,406,70,14,84,490
07/08/2023,ABQ,NM,ASW,CE,Combined TRACON& Tower with Radar,131,47,24,6,208,0,23,33,4,60,131,70,57,10,268,114,0,114,382
07/09/2023,ABQ,NM,ASW,CE,Combined TRACON& Tower with Radar,141,39,19,7,206,0,19,44,1,64,141,58,63,8,270,90,0,90,360
07/10/2023,ABQ,NM,ASW,CE,Combined TRACON& Tower with Radar,149,64,24,10,247,0,11,59,32,102,149,75,83,42,349,108,0,108,457
07/11/2023,ABQ,NM,ASW,CE,Combined TRACON& Tower with Radar,155,46,27,3,231,0,22,65,51,138,155,68,92,54,369,42,0,42,411
07/12/2023,ABQ,NM,ASW,CE,Combined TRACON& Tower with Radar,156,56,35,6,253,0,11,74,44,129,156,67,109,50,382,20,26,46,428
07/13/2023,ABQ,NM,ASW,CE,Combined TRACON& Tower with Radar,154,52,24,18,248,0,5,108,40,153,154,57,132,58,401,70,6,76,477
07/14/2023,ABQ,NM,ASW,CE,Combined TRACON& Tower with Radar,153,56,19,13,241,0,9,70,12,91,153,65,89,25,332,70,0,70,402
07/15/2023,ABQ,NM,ASW,CE,Combined TRACON& Tower with Radar,141,40,41,2,224,0,13,41,0,54,141,53,82,2,278,32,0,32,310
07/16/2023,ABQ,NM,ASW,CE,Combined TRACON& Tower with Radar,136,34,19,2,191,4,14,40,3,61,140,48,59,5,252,120,0,120,372
07/17/2023,ABQ,NM,ASW,CE,Combined TRACON& Tower with Radar,149,56,29,2,236,0,17,50,31,98,149,73,79,33,334,134,14,148,482
07/18/2023,ABQ,NM,ASW,CE,Combined TRACON& Tower with Radar,152,47,25,7,231,0,4,64,35,103,152,51,89,42,334,0,0,0,334
07/19/2023,ABQ,NM,ASW,CE,Combined TRACON& Tower with Radar,157,42,21,11,231,0,3,75,43,121,157,45,96,54,352,0,0,0,352
07/20/2023,ABQ,NM,ASW,CE,Combined TRACON& Tower with Radar,158,57,31,17,263,0,6,76,38,120,158,63,107,55,383,0,0,0,383
07/21/2023,ABQ,NM,ASW,CE,Combined TRACON& Tower with Radar,151,53,23,12,239,0,6,40,24,70,151,59,63,36,309,38,28,66,375
07/22/2023,ABQ,NM,ASW,CE,Combined TRACON& Tower with Radar,140,42,23,3,208,0,12,57,0,69,140,54,80,3,277,84,0,84,361
07/23/2023,ABQ,NM,ASW,CE,Combined TRACON& Tower with Radar,148,43,32,4,227,0,10,50,8,68,148,53,82,12,295,140,0,140,435
07/24/2023,ABQ,NM,ASW,CE,Combined TRACON& Tower with Radar,154,62,29,7,252,0,22,69,32,123,154,84,98,39,375,74,6,80,455
07/25/2023,ABQ,NM,ASW,CE,Combined TRACON& Tower with Radar,158,55,32,6,251,0,11,64,49,124,158,66,96,55,375,68,10,78,453
07/26/2023,ABQ,NM,ASW,CE,Combined TRACON& Tower with Radar,158,55,33,17,263,0,20,74,30,124,158,75,107,47,387,76,6,82,469
07/27/2023,ABQ,NM,ASW,CE,Combined TRACON& Tower with Radar,164,46,38,10,258,0,8,73,34,115,164,54,111,44,373,74,58,132,505
07/28/2023,ABQ,NM,ASW,CE,Combined TRACON& Tower with Radar,155,67,28,14,264,0,26,89,31,146,155,93,117,45,410,60,14,74,484
07/29/2023,ABQ,NM,ASW,CE,Combined TRACON& Tower with Radar,147,37,27,2,213,0,16,67,2,85,147,53,94,4,298,112,0,112,410
07/30/2023,ABQ,NM,ASW,CE,Combined TRACON& Tower with Radar,139,46,22,2,209,0,19,74,3,96,139,65,96,5,305,104,0,104,409
07/31/2023,ABQ,NM,ASW,CE,Combined TRACON& Tower with Radar,149,48,28,5,230,0,26,65,23,114,149,74,93,28,344,116,0,116,460
08/01/2023,ABQ,NM,ASW,CE,Combined TRACON& Tower with Radar,155,48,29,13,245,0,32,67,61,160,155,80,96,74,405,40,26,66,471
08/02/2023,ABQ,NM,ASW,CE,Combined TRACON& Tower with Radar,158,57,21,16,252,0,13,78,46,137,158,70,99,62,389,144,24,168,557
08/03/2023,ABQ,NM,ASW,CE,Combined TRACON& Tower with Radar,180,58,38,18,294,0,16,73,48,137,180,74,111,66,431,106,34,140,571
08/04/2023,ABQ,NM,ASW,CE,Combined TRACON& Tower with Radar,153,55,28,32,268,0,28,83,28,139,153,83,111,60,407,190,40,230,637
08/05/2023,ABQ,NM,ASW,CE,Combined TRACON& Tower with Radar,147,34,27,7,215,0,12,82,13,107,147,46,109,20,322,152,0,152,474
08/06/2023,ABQ,NM,ASW,CE,Combined TRACON& Tower with Radar,136,20,30,6,192,0,11,31,3,45,136,31,61,9,237,90,4,94,331
08/07/2023,ABQ,NM,ASW,CE,Combined TRACON& Tower with Radar,145,47,24,7,223,0,13,47,26,86,145,60,71,33,309,70,2,72,381
08/08/2023,ABQ,NM,ASW,CE,Combined TRACON& Tower with Radar,173,49,32,8,262,0,10,37,37,84,173,59,69,45,346,50,4,54,400
08/09/2023,ABQ,NM,ASW,CE,Combined TRACON& Tower with Radar,160,44,14,18,236,0,6,17,37,60,160,50,31,55,296,16,28,44,340
08/10/2023,ABQ,NM,ASW,CE,Combined TRACON& Tower with Radar,159,56,28,17,260,0,4,86,56,146,159,60,114,73,406,110,10,120,526
08/11/2023,ABQ,NM,ASW,CE,Combined TRACON& Tower with Radar,157,67,35,10,269,0,7,85,32,124,157,74,120,42,393,144,18,162,555
08/12/2023,ABQ,NM,ASW,CE,Combined TRACON& Tower with Radar,139,42,17,0,198,0,6,61,2,69,139,48,78,2,267,90,0,90,357
08/13/2023,ABQ,NM,ASW,CE,Combined TRACON& Tower with Radar,145,27,33,1,206,0,9,41,0,50,145,36,74,1,256,108,2,110,366
08/14/2023,ABQ,NM,ASW,CE,Combined TRACON& Tower with Radar,148,54,32,8,242,0,5,18,33,56,148,59,50,41,298,0,0,0,298
08/15/2023,ABQ,NM,ASW,CE,Combined TRACON& Tower with Radar,158,53,31,12,254,0,12,91,59,162,158,65,122,71,416,138,18,156,572
08/16/2023,ABQ,NM,ASW,CE,Combined TRACON& Tower with Radar,158,53,49,11,271,0,15,81,45,141,158,68,130,56,412,90,28,118,530
08/17/2023,ABQ,NM,ASW,CE,Combined TRACON& Tower with Radar,159,46,37,18,260,0,9,64,45,118,159,55,101,63,378,0,0,0,378
08/18/2023,ABQ,NM,ASW,CE,Combined TRACON& Tower with Radar,158,59,25,19,261,0,9,98,33,140,158,68,123,52,401,104,26,130,531
08/19/2023,ABQ,NM,ASW,CE,Combined TRACON& Tower with Radar,145,35,26,3,209,0,30,80,4,114,145,65,106,7,323,192,0,192,515
08/20/2023,ABQ,NM,ASW,CE,Combined TRACON& Tower with Radar,142,35,13,7,197,0,3,43,5,51,142,38,56,12,248,64,0,64,312
08/21/2023,ABQ,NM,ASW,CE,Combined TRACON& Tower with Radar,151,52,44,12,259,0,1,52,32,85,151,53,96,44,344,0,0,0,344
08/22/2023,ABQ,NM,ASW,CE,Combined TRACON& Tower with Radar,162,67,23,13,265,0,29,55,49,133,162,96,78,62,398,60,14,74,472
08/23/2023,ABQ,NM,ASW,CE,Combined TRACON& Tower with Radar,157,48,45,14,264,0,4,67,57,128,157,52,112,71,392,0,0,0,392
08/24/2023,ABQ,NM,ASW,CE,Combined TRACON& Tower with Radar,160,61,47,16,284,0,5,49,48,102,160,66,96,64,386,0,0,0,386
08/25/2023,ABQ,NM,ASW,CE,Combined TRACON& Tower with Radar,156,57,24,10,247,0,11,84,40,135,156,68,108,50,382,80,22,102,484
08/26/2023,ABQ,NM,ASW,CE,Combined TRACON& Tower with Radar,147,32,30,6,215,0,6,67,2,75,147,38,97,8,290,80,0,80,370
08/27/2023,ABQ,NM,ASW,CE,Combined TRACON& Tower with Radar,151,31,34,9,225,0,11,70,7,88,151,42,104,16,313,70,0,70,383
08/28/2023,ABQ,NM,ASW,CE,Combined TRACON& Tower with Radar,157,57,33,12,259,0,15,64,31,110,157,72,97,43,369,8,2,10,379
08/29/2023,ABQ,NM,ASW,CE,Combined TRACON& Tower with Radar,156,49,36,22,263,0,13,77,56,146,156,62,113,78,409,62,26,88,497
08/30/2023,ABQ,NM,ASW,CE,Combined TRACON& Tower with Radar,154,66,31,7,258,0,11,95,58,164,154,77,126,65,422,0,0,0,422
08/31/2023,ABQ,NM,ASW,CE,Combined TRACON& Tower with Radar,162,61,39,12,274,0,5,76,41,122,162,66,115,53,396,36,30,66,462
