01/01/2020,ABY,GA,ASO,ES,Federal Contract Tower,0,4,8,0,12,0,0,29,0,29,0,4,37,0,41,0,0,0,41
01/02/2020,ABY,GA,ASO,ES,Federal Contract Tower,0,10,2,4,16,0,0,6,0,6,0,10,8,4,22,0,10,10,32
01/03/2020,ABY,GA,ASO,ES,Federal Contract Tower,0,2,5,8,15,0,0,0,0,0,0,2,5,8,15,0,0,0,15
01/04/2020,ABY,GA,ASO,ES,Federal Contract Tower,0,7,5,0,12,0,0,3,0,3,0,7,8,0,15,0,0,0,15
01/05/2020,ABY,GA,ASO,ES,Federal Contract Tower,0,4,12,0,16,0,0,21,0,21,0,4,33,0,37,2,0,2,39
01/06/2020,ABY,GA,ASO,ES,Federal Contract Tower,0,5,20,8,33,0,0,21,0,21,0,5,41,8,54,0,0,0,54
01/07/2020,ABY,GA,ASO,ES,Federal Contract Tower,0,9,11,2,22,0,0,12,0,12,0,9,23,2,34,0,0,0,34
01/08/2020,ABY,GA,ASO,ES,Federal Contract Tower,1,7,13,0,21,0,3,22,2,27,1,10,35,2,48,12,12,24,72
01/09/2020,ABY,GA,ASO,ES,Federal Contract Tower,0,15,18,4,37,0,0,14,0,14,0,15,32,4,51,4,4,8,59
01/10/2020,ABY,GA,ASO,ES,Federal Contract Tower,0,10,9,24,43,0,0,13,0,13,0,10,22,24,56,0,18,18,74
01/11/2020,ABY,GA,ASO,ES,Federal Contract Tower,0,6,8,0,14,0,0,0,0,0,0,6,8,0,14,0,0,0,14
01/12/2020,ABY,GA,ASO,ES,Federal Contract Tower,0,15,11,0,26,0,0,0,0,0,0,15,11,0,26,0,0,0,26
01/13/2020,ABY,GA,ASO,ES,Federal Contract Tower,0,4,2,0,6,0,0,0,0,0,0,4,2,0,6,0,0,0,6
01/14/2020,ABY,GA,ASO,ES,Federal Contract Tower,0,11,7,4,22,0,0,4,2,6,0,11,11,6,28,6,18,24,52
01/15/2020,ABY,GA,ASO,ES,Federal Contract Tower,0,6,7,0,13,0,0,2,0,2,0,6,9,0,15,8,0,8,23
01/16/2020,ABY,GA,ASO,ES,Federal Contract Tower,0,8,17,0,25,0,0,3,0,3,0,8,20,0,28,0,0,0,28
01/17/2020,ABY,GA,ASO,ES,Federal Contract Tower,0,8,22,3,33,0,0,15,3,18,0,8,37,6,51,4,12,16,67
01/18/2020,ABY,GA,ASO,ES,Federal Contract Tower,0,8,11,0,19,0,0,17,0,17,0,8,28,0,36,6,0,6,42
01/19/2020,ABY,GA,ASO,ES,Federal Contract Tower,0,9,17,0,26,0,0,2,0,2,0,9,19,0,28,0,0,0,28
01/20/2020,ABY,GA,ASO,ES,Federal Contract Tower,0,14,13,0,27,0,0,12,0,12,0,14,25,0,39,0,0,0,39
01/21/2020,ABY,GA,ASO,ES,Federal Contract Tower,0,8,12,2,22,0,0,12,2,14,0,8,24,4,36,0,14,14,50
01/22/2020,ABY,GA,ASO,ES,Federal Contract Tower,0,9,16,2,27,0,0,5,0,5,0,9,21,2,32,0,0,0,32
01/23/2020,ABY,GA,ASO,ES,Federal Contract Tower,0,14,12,0,26,0,0,5,0,5,0,14,17,0,31,0,0,0,31
01/24/2020,ABY,GA,ASO,ES,Federal Contract Tower,0,7,13,2,22,0,1,0,0,1,0,8,13,2,23,0,6,6,29
01/25/2020,ABY,GA,ASO,ES,Federal Contract Tower,0,5,8,2,15,0,0,14,0,14,0,5,22,2,29,0,0,0,29
01/26/2020,ABY,GA,ASO,ES,Federal Contract Tower,0,17,10,0,27,0,0,17,0,17,0,17,27,0,44,0,0,0,44
01/27/2020,ABY,GA,ASO,ES,Federal Contract Tower,0,8,11,2,21,0,0,2,0,2,0,8,13,2,23,30,0,30,53
01/28/2020,ABY,GA,ASO,ES,Federal Contract Tower,0,11,10,4,25,0,0,18,2,20,0,11,28,6,45,8,8,16,61
01/29/2020,ABY,GA,ASO,ES,Federal Contract Tower,0,14,10,2,26,0,0,0,0,0,0,14,10,2,26,0,0,0,26
01/30/2020,ABY,GA,ASO,ES,Federal Contract Tower,0,17,8,2,27,0,0,11,0,11,0,17,19,2,38,0,0,0,38
01/31/2020,ABY,GA,ASO,ES,Federal Contract Tower,0,8,17,2,27,0,0,0,0,0,0,8,17,2,27,0,0,0,27
02/01/2020,ABY,GA,ASO,ES,Federal Contract Tower,0,5,12,0,17,0,0,1,0,1,0,5,13,0,18,0,0,0,18
02/02/2020,ABY,GA,ASO,ES,Federal Contract Tower,0,7,10,0,17,0,0,22,0,22,0,7,32,0,39,2,0,2,41
02/03/2020,ABY,GA,ASO,ES,Federal Contract Tower,0,6,6,2,14,0,0,32,0,32,0,6,38,2,46,6,6,12,58
02/04/2020,ABY,GA,ASO,ES,Federal Contract Tower,0,7,15,8,30,0,0,7,2,9,0,7,22,10,39,0,14,14,53
02/05/2020,ABY,GA,ASO,ES,Federal Contract Tower,0,8,15,0,23,0,0,2,0,2,0,8,17,0,25,0,0,0,25
02/06/2020,ABY,GA,ASO,ES,Federal Contract Tower,2,6,2,0,10,0,0,0,0,0,2,6,2,0,10,0,0,0,10
02/07/2020,ABY,GA,ASO,ES,Federal Contract Tower,0,11,19,8,38,0,0,12,13,25,0,11,31,21,63,0,12,12,75
02/08/2020,ABY,GA,ASO,ES,Federal Contract Tower,0,6,11,2,19,0,0,12,0,12,0,6,23,2,31,0,4,4,35
02/09/2020,ABY,GA,ASO,ES,Federal Contract Tower,0,9,18,0,27,0,1,22,12,35,0,10,40,12,62,6,0,6,68
02/10/2020,ABY,GA,ASO,ES,Federal Contract Tower,0,9,15,4,28,0,0,6,0,6,0,9,21,4,34,2,12,14,48
02/11/2020,ABY,GA,ASO,ES,Federal Contract Tower,0,12,13,6,31,0,0,1,0,1,0,12,14,6,32,0,2,2,34
02/12/2020,ABY,GA,ASO,ES,Federal Contract Tower,2,5,8,6,21,0,0,0,0,0,2,5,8,6,21,0,18,18,39
02/13/2020,ABY,GA,ASO,ES,Federal Contract Tower,0,5,12,2,19,0,0,0,0,0,0,5,12,2,19,0,0,0,19
02/14/2020,ABY,GA,ASO,ES,Federal Contract Tower,0,6,11,4,21,0,0,11,0,11,0,6,22,4,32,4,0,4,36
02/15/2020,ABY,GA,ASO,ES,Federal Contract Tower,0,4,10,0,14,0,1,27,0,28,0,5,37,0,42,6,0,6,48
02/16/2020,ABY,GA,ASO,ES,Federal Contract Tower,0,9,9,0,18,0,0,0,0,0,0,9,9,0,18,0,0,0,18
02/17/2020,ABY,GA,ASO,ES,Federal Contract Tower,0,6,17,0,23,0,0,4,0,4,0,6,21,0,27,0,0,0,27
02/18/2020,ABY,GA,ASO,ES,Federal Contract Tower,1,7,7,2,17,0,0,2,0,2,1,7,9,2,19,8,0,8,27
02/19/2020,ABY,GA,ASO,ES,Federal Contract Tower,0,8,9,4,21,0,0,0,0,0,0,8,9,4,21,0,0,0,21
02/20/2020,ABY,GA,ASO,ES,Federal Contract Tower,0,7,17,0,24,0,0,0,0,0,0,7,17,0,24,0,0,0,24
02/21/2020,ABY,GA,ASO,ES,Federal Contract Tower,0,6,12,2,20,0,0,10,2,12,0,6,22,4,32,2,16,18,50
02/22/2020,ABY,GA,ASO,ES,Federal Contract Tower,0,5,12,0,17,0,0,30,0,30,0,5,42,0,47,42,0,42,89
02/23/2020,ABY,GA,ASO,ES,Federal Contract Tower,0,5,9,0,14,0,0,27,0,27,0,5,36,0,41,0,0,0,41
02/24/2020,ABY,GA,ASO,ES,Federal Contract Tower,0,10,15,5,30,0,0,7,0,7,0,10,22,5,37,0,12,12,49
02/25/2020,ABY,GA,ASO,ES,Federal Contract Tower,0,9,13,2,24,0,0,0,0,0,0,9,13,2,24,10,0,10,34
02/26/2020,ABY,GA,ASO,ES,Federal Contract Tower,0,8,15,1,24,0,0,2,0,2,0,8,17,1,26,2,0,2,28
02/27/2020,ABY,GA,ASO,ES,Federal Contract Tower,0,12,28,0,40,0,0,33,0,33,0,12,61,0,73,26,0,26,99
02/28/2020,ABY,GA,ASO,ES,Federal Contract Tower,0,7,16,8,31,0,0,31,0,31,0,7,47,8,62,12,22,34,96
02/29/2020,ABY,GA,ASO,ES,Federal Contract Tower,0,6,9,0,15,0,1,24,0,25,0,7,33,0,40,6,0,6,46
03/01/2020,ABY,GA,ASO,ES,Federal Contract Tower,0,5,23,0,28,0,0,24,0,24,0,5,47,0,52,0,0,0,52
03/02/2020,ABY,GA,ASO,ES,Federal Contract Tower,0,4,17,0,21,0,0,11,0,11,0,4,28,0,32,6,0,6,38
03/03/2020,ABY,GA,ASO,ES,Federal Contract Tower,0,4,8,4,16,0,0,13,2,15,0,4,21,6,31,10,8,18,49
03/04/2020,ABY,GA,ASO,ES,Federal Contract Tower,0,5,6,0,11,0,0,0,0,0,0,5,6,0,11,0,0,0,11
03/05/2020,ABY,GA,ASO,ES,Federal Contract Tower,0,10,1,2,13,0,0,0,0,0,0,10,1,2,13,0,0,0,13
03/06/2020,ABY,GA,ASO,ES,Federal Contract Tower,0,8,21,2,31,0,1,12,2,15,0,9,33,4,46,4,0,4,50
03/07/2020,ABY,GA,ASO,ES,Federal Contract Tower,0,2,6,0,8,0,0,15,0,15,0,2,21,0,23,2,0,2,25
03/08/2020,ABY,GA,ASO,ES,Federal Contract Tower,0,6,10,0,16,0,0,11,0,11,0,6,21,0,27,0,0,0,27
03/09/2020,ABY,GA,ASO,ES,Federal Contract Tower,0,8,6,3,17,0,1,18,1,20,0,9,24,4,37,8,26,34,71
03/10/2020,ABY,GA,ASO,ES,Federal Contract Tower,0,10,11,0,21,0,0,8,3,11,0,10,19,3,32,14,0,14,46
03/11/2020,ABY,GA,ASO,ES,Federal Contract Tower,0,13,5,0,18,0,0,4,0,4,0,13,9,0,22,0,0,0,22
03/12/2020,ABY,GA,ASO,ES,Federal Contract Tower,0,9,8,4,21,0,0,7,0,7,0,9,15,4,28,2,2,4,32
03/13/2020,ABY,GA,ASO,ES,Federal Contract Tower,0,10,7,9,26,0,1,14,5,20,0,11,21,14,46,0,0,0,46
03/14/2020,ABY,GA,ASO,ES,Federal Contract Tower,0,8,4,0,12,0,0,10,2,12,0,8,14,2,24,12,0,12,36
03/15/2020,ABY,GA,ASO,ES,Federal Contract Tower,0,5,3,8,16,0,1,15,4,20,0,6,18,12,36,4,0,4,40
03/16/2020,ABY,GA,ASO,ES,Federal Contract Tower,0,11,2,4,17,0,0,1,1,2,0,11,3,5,19,0,0,0,19
03/17/2020,ABY,GA,ASO,ES,Federal Contract Tower,0,8,6,2,16,0,0,3,1,4,0,8,9,3,20,0,0,0,20
03/18/2020,ABY,GA,ASO,ES,Federal Contract Tower,0,5,1,1,7,0,0,7,1,8,0,5,8,2,15,8,2,10,25
03/19/2020,ABY,GA,ASO,ES,Federal Contract Tower,0,5,4,5,14,0,0,9,0,9,0,5,13,5,23,12,0,12,35
03/20/2020,ABY,GA,ASO,ES,Federal Contract Tower,0,1,5,0,6,0,0,22,0,22,0,1,27,0,28,20,0,20,48
03/21/2020,ABY,GA,ASO,ES,Federal Contract Tower,0,4,8,0,12,0,0,6,0,6,0,4,14,0,18,2,0,2,20
03/22/2020,ABY,GA,ASO,ES,Federal Contract Tower,0,3,1,0,4,0,0,6,0,6,0,3,7,0,10,0,0,0,10
03/23/2020,ABY,GA,ASO,ES,Federal Contract Tower,0,4,1,4,9,0,0,3,0,3,0,4,4,4,12,0,12,12,24
03/24/2020,ABY,GA,ASO,ES,Federal Contract Tower,0,2,5,5,12,0,0,9,3,12,0,2,14,8,24,0,38,38,62
03/25/2020,ABY,GA,ASO,ES,Federal Contract Tower,0,2,5,2,9,0,0,0,0,0,0,2,5,2,9,0,0,0,9
03/26/2020,ABY,GA,ASO,ES,Federal Contract Tower,1,3,6,4,14,0,0,11,2,13,1,3,17,6,27,2,0,2,29
03/27/2020,ABY,GA,ASO,ES,Federal Contract Tower,0,2,9,13,24,0,2,6,0,8,0,4,15,13,32,0,20,20,52
03/28/2020,ABY,GA,ASO,ES,Federal Contract Tower,1,3,3,1,8,0,1,6,0,7,1,4,9,1,15,0,0,0,15
03/29/2020,ABY,GA,ASO,ES,Federal Contract Tower,0,2,2,1,5,0,3,3,1,7,0,5,5,2,12,12,4,16,28
03/30/2020,ABY,GA,ASO,ES,Federal Contract Tower,1,4,3,4,12,0,0,10,2,12,1,4,13,6,24,4,8,12,36
03/31/2020,ABY,GA,ASO,ES,Federal Contract Tower,0,4,0,0,4,0,1,2,2,5,0,5,2,2,9,0,16,16,25
04/01/2020,ABY,GA,ASO,ES,Federal Contract Tower,0,2,6,4,12,0,0,10,0,10,0,2,16,4,22,4,0,4,26
04/02/2020,ABY,GA,ASO,ES,Federal Contract Tower,0,4,2,4,10,0,0,13,4,17,0,4,15,8,27,2,12,14,41
04/03/2020,ABY,GA,ASO,ES,Federal Contract Tower,0,3,0,1,4,0,0,4,2,6,0,3,4,3,10,2,16,18,28
04/04/2020,ABY,GA,ASO,ES,Federal Contract Tower,0,4,0,0,4,0,0,6,0,6,0,4,6,0,10,16,0,16,26
04/05/2020,ABY,GA,ASO,ES,Federal Contract Tower,0,4,0,0,4,0,0,2,0,2,0,4,2,0,6,0,0,0,6
04/06/2020,ABY,GA,ASO,ES,Federal Contract Tower,0,2,1,0,3,0,0,6,0,6,0,2,7,0,9,2,0,2,11
04/07/2020,ABY,GA,ASO,ES,Federal Contract Tower,0,3,0,0,3,0,0,5,0,5,0,3,5,0,8,0,0,0,8
04/08/2020,ABY,GA,ASO,ES,Federal Contract Tower,1,5,0,0,6,0,0,1,0,1,1,5,1,0,7,0,0,0,7
04/09/2020,ABY,GA,ASO,ES,Federal Contract Tower,0,3,0,6,9,0,0,2,3,5,0,3,2,9,14,0,24,24,38
04/10/2020,ABY,GA,ASO,ES,Federal Contract Tower,0,4,2,0,6,0,0,2,2,4,0,4,4,2,10,0,0,0,10
04/11/2020,ABY,GA,ASO,ES,Federal Contract Tower,0,3,0,0,3,0,0,25,0,25,0,3,25,0,28,18,0,18,46
04/12/2020,ABY,GA,ASO,ES,Federal Contract Tower,0,3,0,0,3,0,0,0,0,0,0,3,0,0,3,0,0,0,3
04/13/2020,ABY,GA,ASO,ES,Federal Contract Tower,0,4,0,4,8,0,4,8,2,14,0,8,8,6,22,0,18,18,40
04/14/2020,ABY,GA,ASO,ES,Federal Contract Tower,0,4,2,0,6,0,0,4,4,8,0,4,6,4,14,0,36,36,50
04/15/2020,ABY,GA,ASO,ES,Federal Contract Tower,0,2,6,0,8,0,0,13,2,15,0,2,19,2,23,0,0,0,23
04/16/2020,ABY,GA,ASO,ES,Federal Contract Tower,0,2,1,3,6,0,0,7,0,7,0,2,8,3,13,2,54,56,69
04/17/2020,ABY,GA,ASO,ES,Federal Contract Tower,0,2,4,1,7,0,0,21,2,23,0,2,25,3,30,10,0,10,40
04/18/2020,ABY,GA,ASO,ES,Federal Contract Tower,0,2,0,0,2,0,0,0,0,0,0,2,0,0,2,8,0,8,10
04/19/2020,ABY,GA,ASO,ES,Federal Contract Tower,0,3,0,0,3,0,0,0,0,0,0,3,0,0,3,0,0,0,3
04/20/2020,ABY,GA,ASO,ES,Federal Contract Tower,0,3,9,4,16,0,0,3,0,3,0,3,12,4,19,0,0,0,19
04/21/2020,ABY,GA,ASO,ES,Federal Contract Tower,0,2,1,10,13,0,0,18,2,20,0,2,19,12,33,0,2,2,35
04/22/2020,ABY,GA,ASO,ES,Federal Contract Tower,0,3,2,6,11,0,0,5,0,5,0,3,7,6,16,0,16,16,32
04/23/2020,ABY,GA,ASO,ES,Federal Contract Tower,0,1,2,0,3,0,0,0,0,0,0,1,2,0,3,0,0,0,3
04/24/2020,ABY,GA,ASO,ES,Federal Contract Tower,0,4,3,6,13,0,0,6,0,6,0,4,9,6,19,0,0,0,19
04/25/2020,ABY,GA,ASO,ES,Federal Contract Tower,0,3,0,0,3,0,0,5,2,7,0,3,5,2,10,14,0,14,24
04/26/2020,ABY,GA,ASO,ES,Federal Contract Tower,0,2,0,0,2,0,0,5,0,5,0,2,5,0,7,0,0,0,7
04/27/2020,ABY,GA,ASO,ES,Federal Contract Tower,0,2,3,13,18,0,0,12,2,14,0,2,15,15,32,0,10,10,42
04/28/2020,ABY,GA,ASO,ES,Federal Contract Tower,0,4,5,0,9,0,0,16,2,18,0,4,21,2,27,14,8,22,49
04/29/2020,ABY,GA,ASO,ES,Federal Contract Tower,0,3,4,0,7,0,0,0,0,0,0,3,4,0,7,0,0,0,7
04/30/2020,ABY,GA,ASO,ES,Federal Contract Tower,0,2,5,4,11,0,0,12,2,14,0,2,17,6,25,6,4,10,35
05/01/2020,ABY,GA,ASO,ES,Federal Contract Tower,0,2,3,0,5,0,0,15,0,15,0,2,18,0,20,0,0,0,20
05/02/2020,ABY,GA,ASO,ES,Federal Contract Tower,0,0,4,5,9,0,0,11,0,11,0,0,15,5,20,8,0,8,28
05/03/2020,ABY,GA,ASO,ES,Federal Contract Tower,0,0,5,0,5,0,0,13,0,13,0,0,18,0,18,16,0,16,34
05/05/2020,ABY,GA,ASO,ES,Federal Contract Tower,0,0,6,9,15,0,0,6,0,6,0,0,12,9,21,0,26,26,47
05/06/2020,ABY,GA,ASO,ES,Federal Contract Tower,0,1,12,8,21,0,0,8,2,10,0,1,20,10,31,0,10,10,41
05/07/2020,ABY,GA,ASO,ES,Federal Contract Tower,3,1,6,1,11,0,0,8,0,8,3,1,14,1,19,2,0,2,21
05/08/2020,ABY,GA,ASO,ES,Federal Contract Tower,0,2,8,0,10,0,0,1,1,2,0,2,9,1,12,2,34,36,48
05/09/2020,ABY,GA,ASO,ES,Federal Contract Tower,0,3,5,0,8,0,1,13,3,17,0,4,18,3,25,0,0,0,25
05/10/2020,ABY,GA,ASO,ES,Federal Contract Tower,0,2,0,0,2,0,1,23,0,24,0,3,23,0,26,4,0,4,30
05/11/2020,ABY,GA,ASO,ES,Federal Contract Tower,0,1,2,0,3,0,0,11,0,11,0,1,13,0,14,16,0,16,30
05/12/2020,ABY,GA,ASO,ES,Federal Contract Tower,0,1,2,0,3,0,0,19,0,19,0,1,21,0,22,28,0,28,50
05/13/2020,ABY,GA,ASO,ES,Federal Contract Tower,0,1,4,6,11,0,0,17,0,17,0,1,21,6,28,34,10,44,72
05/14/2020,ABY,GA,ASO,ES,Federal Contract Tower,0,1,12,2,15,0,0,11,0,11,0,1,23,2,26,30,0,30,56
05/15/2020,ABY,GA,ASO,ES,Federal Contract Tower,0,0,7,0,7,0,0,12,6,18,0,0,19,6,25,12,0,12,37
05/16/2020,ABY,GA,ASO,ES,Federal Contract Tower,0,1,2,0,3,0,0,14,0,14,0,1,16,0,17,4,0,4,21
05/17/2020,ABY,GA,ASO,ES,Federal Contract Tower,0,3,9,0,12,0,0,6,0,6,0,3,15,0,18,0,0,0,18
05/18/2020,ABY,GA,ASO,ES,Federal Contract Tower,0,1,1,3,5,0,0,3,1,4,0,1,4,4,9,0,0,0,9
05/19/2020,ABY,GA,ASO,ES,Federal Contract Tower,0,0,3,2,5,0,0,14,0,14,0,0,17,2,19,4,0,4,23
05/20/2020,ABY,GA,ASO,ES,Federal Contract Tower,0,3,6,4,13,0,0,3,0,3,0,3,9,4,16,0,0,0,16
05/21/2020,ABY,GA,ASO,ES,Federal Contract Tower,0,3,3,2,8,0,0,2,0,2,0,3,5,2,10,0,0,0,10
05/22/2020,ABY,GA,ASO,ES,Federal Contract Tower,0,3,2,4,9,0,0,11,0,11,0,3,13,4,20,2,0,2,22
05/23/2020,ABY,GA,ASO,ES,Federal Contract Tower,0,1,6,0,7,0,0,22,0,22,0,1,28,0,29,4,0,4,33
05/24/2020,ABY,GA,ASO,ES,Federal Contract Tower,0,2,0,0,2,0,0,9,0,9,0,2,9,0,11,8,0,8,19
05/25/2020,ABY,GA,ASO,ES,Federal Contract Tower,0,1,2,0,3,0,0,5,0,5,0,1,7,0,8,0,0,0,8
05/26/2020,ABY,GA,ASO,ES,Federal Contract Tower,0,1,9,2,12,0,0,1,0,1,0,1,10,2,13,2,10,12,25
05/27/2020,ABY,GA,ASO,ES,Federal Contract Tower,0,1,4,2,7,0,0,0,0,0,0,1,4,2,7,0,0,0,7
05/28/2020,ABY,GA,ASO,ES,Federal Contract Tower,0,2,3,8,13,0,0,4,6,10,0,2,7,14,23,6,4,10,33
05/29/2020,ABY,GA,ASO,ES,Federal Contract Tower,0,1,5,2,8,0,0,10,0,10,0,1,15,2,18,4,0,4,22
05/30/2020,ABY,GA,ASO,ES,Federal Contract Tower,0,1,5,8,14,0,0,16,0,16,0,1,21,8,30,4,0,4,34
05/31/2020,ABY,GA,ASO,ES,Federal Contract Tower,0,0,4,0,4,0,0,14,0,14,0,0,18,0,18,6,0,6,24
06/01/2020,ABY,GA,ASO,ES,Federal Contract Tower,0,1,3,2,6,0,0,1,0,1,0,1,4,2,7,0,0,0,7
06/02/2020,ABY,GA,ASO,ES,Federal Contract Tower,0,2,5,4,11,0,0,14,0,14,0,2,19,4,25,2,0,2,27
06/03/2020,ABY,GA,ASO,ES,Federal Contract Tower,0,5,8,4,17,0,0,12,2,14,0,5,20,6,31,2,16,18,49
06/04/2020,ABY,GA,ASO,ES,Federal Contract Tower,0,2,2,10,14,0,0,9,0,9,0,2,11,10,23,0,25,25,48
06/05/2020,ABY,GA,ASO,ES,Federal Contract Tower,0,2,5,10,17,0,1,9,0,10,0,3,14,10,27,0,6,6,33
06/06/2020,ABY,GA,ASO,ES,Federal Contract Tower,0,4,7,0,11,0,0,5,0,5,0,4,12,0,16,8,0,8,24
06/07/2020,ABY,GA,ASO,ES,Federal Contract Tower,0,8,15,0,23,0,0,0,0,0,0,8,15,0,23,0,0,0,23
06/08/2020,ABY,GA,ASO,ES,Federal Contract Tower,0,2,7,6,15,0,0,10,0,10,0,2,17,6,25,10,0,10,35
06/09/2020,ABY,GA,ASO,ES,Federal Contract Tower,0,4,4,2,10,0,0,0,0,0,0,4,4,2,10,0,0,0,10
06/10/2020,ABY,GA,ASO,ES,Federal Contract Tower,0,2,5,0,7,0,0,0,0,0,0,2,5,0,7,0,0,0,7
06/11/2020,ABY,GA,ASO,ES,Federal Contract Tower,0,2,2,6,10,0,0,15,0,15,0,2,17,6,25,0,0,0,25
06/12/2020,ABY,GA,ASO,ES,Federal Contract Tower,0,2,3,4,9,0,0,7,2,9,0,2,10,6,18,0,14,14,32
06/13/2020,ABY,GA,ASO,ES,Federal Contract Tower,0,4,14,0,18,0,0,12,0,12,0,4,26,0,30,0,0,0,30
06/14/2020,ABY,GA,ASO,ES,Federal Contract Tower,0,4,2,0,6,0,0,13,0,13,0,4,15,0,19,0,0,0,19
06/15/2020,ABY,GA,ASO,ES,Federal Contract Tower,0,2,8,4,14,0,0,12,0,12,0,2,20,4,26,0,0,0,26
06/16/2020,ABY,GA,ASO,ES,Federal Contract Tower,0,2,4,6,12,0,0,5,0,5,0,2,9,6,17,0,16,16,33
06/17/2020,ABY,GA,ASO,ES,Federal Contract Tower,0,3,8,0,11,0,1,19,6,26,0,4,27,6,37,2,18,20,57
06/18/2020,ABY,GA,ASO,ES,Federal Contract Tower,0,2,7,2,11,0,0,16,1,17,0,2,23,3,28,8,32,40,68
06/19/2020,ABY,GA,ASO,ES,Federal Contract Tower,0,4,7,1,12,0,0,29,3,32,0,4,36,4,44,2,4,6,50
06/20/2020,ABY,GA,ASO,ES,Federal Contract Tower,0,2,0,0,2,0,0,13,0,13,0,2,13,0,15,16,0,16,31
06/21/2020,ABY,GA,ASO,ES,Federal Contract Tower,0,3,3,0,6,0,1,6,0,7,0,4,9,0,13,0,0,0,13
06/22/2020,ABY,GA,ASO,ES,Federal Contract Tower,0,2,5,2,9,0,0,17,0,17,0,2,22,2,26,10,0,10,36
06/23/2020,ABY,GA,ASO,ES,Federal Contract Tower,0,2,4,0,6,0,0,6,0,6,0,2,10,0,12,2,0,2,14
06/24/2020,ABY,GA,ASO,ES,Federal Contract Tower,0,2,8,0,10,0,0,22,0,22,0,2,30,0,32,46,0,46,78
06/25/2020,ABY,GA,ASO,ES,Federal Contract Tower,0,2,9,2,13,0,0,10,0,10,0,2,19,2,23,16,14,30,53
06/26/2020,ABY,GA,ASO,ES,Federal Contract Tower,0,2,10,0,12,0,0,13,0,13,0,2,23,0,25,12,0,12,37
06/27/2020,ABY,GA,ASO,ES,Federal Contract Tower,0,2,8,0,10,0,0,18,0,18,0,2,26,0,28,14,0,14,42
06/28/2020,ABY,GA,ASO,ES,Federal Contract Tower,0,2,5,0,7,0,0,10,0,10,0,2,15,0,17,18,0,18,35
06/29/2020,ABY,GA,ASO,ES,Federal Contract Tower,0,3,7,4,14,0,0,16,0,16,0,3,23,4,30,10,14,24,54
06/30/2020,ABY,GA,ASO,ES,Federal Contract Tower,0,2,5,0,7,0,0,3,0,3,0,2,8,0,10,0,0,0,10
07/01/2020,ABY,GA,ASO,ES,Federal Contract Tower,0,2,8,8,18,0,0,6,0,6,0,2,14,8,24,2,0,2,26
07/02/2020,ABY,GA,ASO,ES,Federal Contract Tower,0,2,10,0,12,0,1,10,0,11,0,3,20,0,23,18,10,28,51
07/03/2020,ABY,GA,ASO,ES,Federal Contract Tower,0,2,5,0,7,0,0,17,0,17,0,2,22,0,24,0,0,0,24
07/04/2020,ABY,GA,ASO,ES,Federal Contract Tower,0,2,4,0,6,0,0,6,0,6,0,2,10,0,12,0,0,0,12
07/05/2020,ABY,GA,ASO,ES,Federal Contract Tower,0,2,1,0,3,0,0,1,0,1,0,2,2,0,4,0,0,0,4
07/06/2020,ABY,GA,ASO,ES,Federal Contract Tower,0,2,12,0,14,0,0,1,0,1,0,2,13,0,15,0,0,0,15
07/07/2020,ABY,GA,ASO,ES,Federal Contract Tower,0,2,3,4,9,0,0,3,0,3,0,2,6,4,12,0,0,0,12
07/08/2020,ABY,GA,ASO,ES,Federal Contract Tower,0,2,7,0,9,0,0,2,0,2,0,2,9,0,11,0,0,0,11
07/09/2020,ABY,GA,ASO,ES,Federal Contract Tower,0,4,13,0,17,0,0,22,0,22,0,4,35,0,39,20,0,20,59
07/10/2020,ABY,GA,ASO,ES,Federal Contract Tower,0,2,5,0,7,0,0,26,0,26,0,2,31,0,33,4,0,4,37
07/11/2020,ABY,GA,ASO,ES,Federal Contract Tower,0,2,9,0,11,0,1,25,2,28,0,3,34,2,39,18,0,18,57
07/12/2020,ABY,GA,ASO,ES,Federal Contract Tower,0,6,4,0,10,0,0,24,0,24,0,6,28,0,34,6,0,6,40
07/13/2020,ABY,GA,ASO,ES,Federal Contract Tower,0,2,8,9,19,0,0,19,0,19,0,2,27,9,38,12,10,22,60
07/14/2020,ABY,GA,ASO,ES,Federal Contract Tower,0,2,2,2,6,0,0,7,0,7,0,2,9,2,13,0,2,2,15
07/15/2020,ABY,GA,ASO,ES,Federal Contract Tower,0,3,0,0,3,0,0,3,0,3,0,3,3,0,6,0,0,0,6
07/16/2020,ABY,GA,ASO,ES,Federal Contract Tower,0,2,9,4,15,0,0,13,0,13,0,2,22,4,28,4,0,4,32
07/17/2020,ABY,GA,ASO,ES,Federal Contract Tower,0,4,11,4,19,0,0,15,0,15,0,4,26,4,34,0,18,18,52
07/18/2020,ABY,GA,ASO,ES,Federal Contract Tower,0,2,3,0,5,0,0,10,0,10,0,2,13,0,15,0,0,0,15
07/19/2020,ABY,GA,ASO,ES,Federal Contract Tower,0,4,3,0,7,0,2,15,0,17,0,6,18,0,24,4,0,4,28
07/20/2020,ABY,GA,ASO,ES,Federal Contract Tower,0,2,8,4,14,0,0,14,4,18,0,2,22,8,32,0,12,12,44
07/21/2020,ABY,GA,ASO,ES,Federal Contract Tower,0,2,4,2,8,0,0,9,0,9,0,2,13,2,17,2,0,2,19
07/22/2020,ABY,GA,ASO,ES,Federal Contract Tower,0,2,8,10,20,0,0,3,2,5,0,2,11,12,25,8,16,24,49
07/23/2020,ABY,GA,ASO,ES,Federal Contract Tower,0,2,5,10,17,0,0,6,1,7,0,2,11,11,24,0,14,14,38
07/24/2020,ABY,GA,ASO,ES,Federal Contract Tower,0,2,10,7,19,0,2,7,1,10,0,4,17,8,29,0,22,22,51
07/25/2020,ABY,GA,ASO,ES,Federal Contract Tower,0,3,3,6,12,0,0,10,0,10,0,3,13,6,22,0,0,0,22
07/26/2020,ABY,GA,ASO,ES,Federal Contract Tower,0,4,0,0,4,0,0,6,0,6,0,4,6,0,10,0,0,0,10
07/27/2020,ABY,GA,ASO,ES,Federal Contract Tower,0,3,3,0,6,0,0,13,0,13,0,3,16,0,19,0,0,0,19
07/28/2020,ABY,GA,ASO,ES,Federal Contract Tower,0,2,4,6,12,0,0,5,0,5,0,2,9,6,17,0,0,0,17
07/29/2020,ABY,GA,ASO,ES,Federal Contract Tower,0,2,13,8,23,0,0,2,2,4,0,2,15,10,27,0,20,20,47
07/30/2020,ABY,GA,ASO,ES,Federal Contract Tower,0,0,12,2,14,0,0,5,0,5,0,0,17,2,19,0,0,0,19
07/31/2020,ABY,GA,ASO,ES,Federal Contract Tower,0,4,4,8,16,0,0,11,0,11,0,4,15,8,27,6,0,6,33
08/01/2020,ABY,GA,ASO,ES,Federal Contract Tower,0,3,8,0,11,0,0,4,0,4,0,3,12,0,15,0,0,0,15
08/02/2020,ABY,GA,ASO,ES,Federal Contract Tower,0,3,6,0,9,0,0,3,0,3,0,3,9,0,12,8,0,8,20
08/03/2020,ABY,GA,ASO,ES,Federal Contract Tower,0,3,7,8,18,0,0,8,0,8,0,3,15,8,26,0,20,20,46
08/04/2020,ABY,GA,ASO,ES,Federal Contract Tower,5,4,10,2,21,0,0,1,1,2,5,4,11,3,23,0,8,8,31
08/05/2020,ABY,GA,ASO,ES,Federal Contract Tower,4,8,0,0,12,0,0,22,0,22,4,8,22,0,34,4,0,4,38
08/06/2020,ABY,GA,ASO,ES,Federal Contract Tower,0,5,5,5,15,0,0,7,2,9,0,5,12,7,24,0,16,16,40
08/07/2020,ABY,GA,ASO,ES,Federal Contract Tower,0,3,14,0,17,0,0,0,0,0,0,3,14,0,17,0,0,0,17
08/08/2020,ABY,GA,ASO,ES,Federal Contract Tower,0,4,5,0,9,0,0,18,0,18,0,4,23,0,27,4,0,4,31
08/09/2020,ABY,GA,ASO,ES,Federal Contract Tower,0,2,1,0,3,0,0,12,0,12,0,2,13,0,15,0,0,0,15
08/10/2020,ABY,GA,ASO,ES,Federal Contract Tower,0,3,10,8,21,0,0,8,0,8,0,3,18,8,29,6,24,30,59
08/11/2020,ABY,GA,ASO,ES,Federal Contract Tower,0,3,5,2,10,0,0,5,0,5,0,3,10,2,15,0,14,14,29
08/12/2020,ABY,GA,ASO,ES,Federal Contract Tower,0,6,5,3,14,0,1,6,0,7,0,7,11,3,21,2,16,18,39
08/13/2020,ABY,GA,ASO,ES,Federal Contract Tower,0,4,7,0,11,0,0,10,0,10,0,4,17,0,21,14,0,14,35
08/14/2020,ABY,GA,ASO,ES,Federal Contract Tower,0,3,10,6,19,0,0,4,0,4,0,3,14,6,23,0,2,2,25
08/15/2020,ABY,GA,ASO,ES,Federal Contract Tower,0,3,6,0,9,0,0,4,0,4,0,3,10,0,13,20,0,20,33
08/16/2020,ABY,GA,ASO,ES,Federal Contract Tower,0,3,7,0,10,0,0,15,2,17,0,3,22,2,27,2,0,2,29
08/17/2020,ABY,GA,ASO,ES,Federal Contract Tower,0,4,2,0,6,0,0,3,2,5,0,4,5,2,11,0,0,0,11
08/18/2020,ABY,GA,ASO,ES,Federal Contract Tower,0,3,5,2,10,0,0,2,0,2,0,3,7,2,12,2,0,2,14
08/19/2020,ABY,GA,ASO,ES,Federal Contract Tower,0,3,6,2,11,0,0,13,0,13,0,3,19,2,24,6,0,6,30
08/20/2020,ABY,GA,ASO,ES,Federal Contract Tower,0,3,3,0,6,0,0,9,0,9,0,3,12,0,15,0,0,0,15
08/21/2020,ABY,GA,ASO,ES,Federal Contract Tower,0,3,10,4,17,0,0,2,0,2,0,3,12,4,19,0,0,0,19
08/22/2020,ABY,GA,ASO,ES,Federal Contract Tower,0,3,3,0,6,0,0,4,0,4,0,3,7,0,10,2,0,2,12
08/23/2020,ABY,GA,ASO,ES,Federal Contract Tower,0,2,5,0,7,0,0,12,0,12,0,2,17,0,19,22,0,22,41
08/24/2020,ABY,GA,ASO,ES,Federal Contract Tower,0,3,8,10,21,0,0,3,0,3,0,3,11,10,24,0,6,6,30
08/25/2020,ABY,GA,ASO,ES,Federal Contract Tower,0,4,15,0,19,0,0,5,0,5,0,4,20,0,24,0,0,0,24
08/26/2020,ABY,GA,ASO,ES,Federal Contract Tower,0,5,6,2,13,0,0,16,0,16,0,5,22,2,29,40,0,40,69
08/27/2020,ABY,GA,ASO,ES,Federal Contract Tower,7,5,10,7,29,0,0,11,6,17,7,5,21,13,46,0,33,33,79
08/28/2020,ABY,GA,ASO,ES,Federal Contract Tower,7,7,6,14,34,0,0,9,0,9,7,7,15,14,43,0,0,0,43
08/29/2020,ABY,GA,ASO,ES,Federal Contract Tower,2,5,6,0,13,0,0,4,0,4,2,5,10,0,17,0,0,0,17
08/30/2020,ABY,GA,ASO,ES,Federal Contract Tower,0,2,9,0,11,0,0,1,0,1,0,2,10,0,12,0,0,0,12
08/31/2020,ABY,GA,ASO,ES,Federal Contract Tower,0,3,6,6,15,0,0,2,2,4,0,3,8,8,19,0,26,26,45
09/01/2020,ABY,GA,ASO,ES,Federal Contract Tower,0,4,3,2,9,0,0,4,0,4,0,4,7,2,13,2,0,2,15
09/02/2020,ABY,GA,ASO,ES,Federal Contract Tower,0,4,8,0,12,0,1,5,0,6,0,5,13,0,18,0,0,0,18
09/03/2020,ABY,GA,ASO,ES,Federal Contract Tower,0,3,6,0,9,0,0,16,4,20,0,3,22,4,29,8,10,18,47
09/04/2020,ABY,GA,ASO,ES,Federal Contract Tower,0,4,13,0,17,0,0,15,0,15,0,4,28,0,32,0,0,0,32
09/05/2020,ABY,GA,ASO,ES,Federal Contract Tower,0,5,2,0,7,0,0,16,0,16,0,5,18,0,23,6,0,6,29
09/06/2020,ABY,GA,ASO,ES,Federal Contract Tower,0,3,0,0,3,0,0,14,0,14,0,3,14,0,17,0,0,0,17
09/07/2020,ABY,GA,ASO,ES,Federal Contract Tower,0,3,8,0,11,0,1,18,0,19,0,4,26,0,30,16,0,16,46
09/08/2020,ABY,GA,ASO,ES,Federal Contract Tower,0,5,5,2,12,0,0,10,2,12,0,5,15,4,24,0,18,18,42
09/09/2020,ABY,GA,ASO,ES,Federal Contract Tower,0,3,2,0,5,0,0,12,0,12,0,3,14,0,17,0,14,14,31
09/10/2020,ABY,GA,ASO,ES,Federal Contract Tower,0,3,2,4,9,0,0,2,0,2,0,3,4,4,11,8,0,8,19
09/11/2020,ABY,GA,ASO,ES,Federal Contract Tower,0,7,12,0,19,0,0,0,0,0,0,7,12,0,19,14,0,14,33
09/12/2020,ABY,GA,ASO,ES,Federal Contract Tower,0,4,8,0,12,0,0,7,0,7,0,4,15,0,19,2,0,2,21
09/13/2020,ABY,GA,ASO,ES,Federal Contract Tower,0,7,10,0,17,0,0,3,0,3,0,7,13,0,20,2,0,2,22
09/14/2020,ABY,GA,ASO,ES,Federal Contract Tower,0,5,6,0,11,0,0,4,0,4,0,5,10,0,15,0,0,0,15
09/15/2020,ABY,GA,ASO,ES,Federal Contract Tower,0,3,5,0,8,0,0,1,0,1,0,3,6,0,9,0,0,0,9
09/16/2020,ABY,GA,ASO,ES,Federal Contract Tower,0,5,2,0,7,0,0,0,0,0,0,5,2,0,7,0,0,0,7
09/17/2020,ABY,GA,ASO,ES,Federal Contract Tower,0,3,2,0,5,0,0,0,0,0,0,3,2,0,5,0,0,0,5
09/18/2020,ABY,GA,ASO,ES,Federal Contract Tower,0,8,7,1,16,0,0,9,0,9,0,8,16,1,25,8,0,8,33
09/19/2020,ABY,GA,ASO,ES,Federal Contract Tower,0,3,5,0,8,0,0,11,0,11,0,3,16,0,19,0,0,0,19
09/20/2020,ABY,GA,ASO,ES,Federal Contract Tower,0,6,5,0,11,0,0,11,0,11,0,6,16,0,22,6,0,6,28
09/21/2020,ABY,GA,ASO,ES,Federal Contract Tower,0,4,4,4,12,0,2,16,0,18,0,6,20,4,30,6,38,44,74
09/22/2020,ABY,GA,ASO,ES,Federal Contract Tower,0,7,10,5,22,0,0,16,0,16,0,7,26,5,38,8,0,8,46
09/23/2020,ABY,GA,ASO,ES,Federal Contract Tower,0,11,9,3,23,0,0,11,4,15,0,11,20,7,38,6,52,58,96
09/24/2020,ABY,GA,ASO,ES,Federal Contract Tower,0,3,9,4,16,0,0,8,0,8,0,3,17,4,24,0,0,0,24
09/25/2020,ABY,GA,ASO,ES,Federal Contract Tower,0,3,6,2,11,0,0,4,0,4,0,3,10,2,15,2,0,2,17
09/26/2020,ABY,GA,ASO,ES,Federal Contract Tower,0,3,9,0,12,0,0,12,0,12,0,3,21,0,24,0,0,0,24
09/27/2020,ABY,GA,ASO,ES,Federal Contract Tower,0,2,8,0,10,0,0,0,0,0,0,2,8,0,10,34,0,34,44
09/28/2020,ABY,GA,ASO,ES,Federal Contract Tower,0,3,12,4,19,0,0,9,0,9,0,3,21,4,28,0,0,0,28
09/29/2020,ABY,GA,ASO,ES,Federal Contract Tower,0,3,7,2,12,0,0,2,0,2,0,3,9,2,14,0,0,0,14
09/30/2020,ABY,GA,ASO,ES,Federal Contract Tower,1,3,7,5,16,0,1,12,0,13,1,4,19,5,29,0,0,0,29
10/01/2020,ABY,GA,ASO,ES,Federal Contract Tower,1,4,13,6,24,0,0,15,1,16,1,4,28,7,40,20,12,32,72
10/02/2020,ABY,GA,ASO,ES,Federal Contract Tower,0,6,4,2,12,0,0,14,2,16,0,6,18,4,28,22,6,28,56
10/03/2020,ABY,GA,ASO,ES,Federal Contract Tower,0,6,4,0,10,0,0,12,0,12,0,6,16,0,22,18,0,18,40
10/04/2020,ABY,GA,ASO,ES,Federal Contract Tower,0,5,14,0,19,0,0,10,3,13,0,5,24,3,32,0,0,0,32
10/05/2020,ABY,GA,ASO,ES,Federal Contract Tower,0,6,5,0,11,0,0,12,2,14,0,6,17,2,25,16,46,62,87
10/06/2020,ABY,GA,ASO,ES,Federal Contract Tower,0,4,10,11,25,0,0,4,0,4,0,4,14,11,29,10,20,30,59
10/07/2020,ABY,GA,ASO,ES,Federal Contract Tower,0,7,6,3,16,0,0,9,0,9,0,7,15,3,25,12,0,12,37
10/08/2020,ABY,GA,ASO,ES,Federal Contract Tower,0,6,9,15,30,0,0,13,0,13,0,6,22,15,43,28,0,28,71
10/09/2020,ABY,GA,ASO,ES,Federal Contract Tower,0,5,8,2,15,0,0,2,0,2,0,5,10,2,17,0,8,8,25
10/10/2020,ABY,GA,ASO,ES,Federal Contract Tower,0,6,3,0,9,0,0,3,0,3,0,6,6,0,12,0,0,0,12
10/11/2020,ABY,GA,ASO,ES,Federal Contract Tower,0,4,7,0,11,0,0,3,0,3,0,4,10,0,14,4,0,4,18
10/12/2020,ABY,GA,ASO,ES,Federal Contract Tower,0,4,10,0,14,0,0,10,0,10,0,4,20,0,24,10,0,10,34
10/13/2020,ABY,GA,ASO,ES,Federal Contract Tower,0,4,12,2,18,0,0,14,1,15,0,4,26,3,33,0,2,2,35
10/14/2020,ABY,GA,ASO,ES,Federal Contract Tower,0,6,13,5,24,0,0,9,11,20,0,6,22,16,44,2,1,3,47
10/15/2020,ABY,GA,ASO,ES,Federal Contract Tower,0,12,9,2,23,0,0,10,0,10,0,12,19,2,33,12,2,14,47
10/16/2020,ABY,GA,ASO,ES,Federal Contract Tower,0,5,4,2,11,0,0,16,0,16,0,5,20,2,27,12,6,18,45
10/17/2020,ABY,GA,ASO,ES,Federal Contract Tower,0,5,6,0,11,0,0,16,0,16,0,5,22,0,27,8,0,8,35
10/18/2020,ABY,GA,ASO,ES,Federal Contract Tower,0,6,9,0,15,0,0,2,2,4,0,6,11,2,19,0,0,0,19
10/19/2020,ABY,GA,ASO,ES,Federal Contract Tower,0,4,5,0,9,0,0,14,2,16,0,4,19,2,25,4,0,4,29
10/20/2020,ABY,GA,ASO,ES,Federal Contract Tower,0,5,6,8,19,0,0,9,1,10,0,5,15,9,29,0,14,14,43
10/21/2020,ABY,GA,ASO,ES,Federal Contract Tower,0,4,14,6,24,0,0,6,0,6,0,4,20,6,30,0,2,2,32
10/22/2020,ABY,GA,ASO,ES,Federal Contract Tower,0,6,10,6,22,0,0,9,0,9,0,6,19,6,31,0,4,4,35
10/23/2020,ABY,GA,ASO,ES,Federal Contract Tower,0,6,8,3,17,0,1,7,0,8,0,7,15,3,25,0,8,8,33
10/24/2020,ABY,GA,ASO,ES,Federal Contract Tower,0,3,6,0,9,0,0,4,0,4,0,3,10,0,13,0,0,0,13
10/25/2020,ABY,GA,ASO,ES,Federal Contract Tower,0,9,11,0,20,0,0,8,0,8,0,9,19,0,28,12,0,12,40
10/26/2020,ABY,GA,ASO,ES,Federal Contract Tower,0,3,16,2,21,0,2,17,0,19,0,5,33,2,40,6,0,6,46
10/27/2020,ABY,GA,ASO,ES,Federal Contract Tower,0,6,10,2,18,0,0,5,0,5,0,6,15,2,23,2,0,2,25
10/28/2020,ABY,GA,ASO,ES,Federal Contract Tower,1,7,9,4,21,0,0,0,0,0,1,7,9,4,21,14,0,14,35
10/29/2020,ABY,GA,ASO,ES,Federal Contract Tower,0,3,2,0,5,0,0,2,3,5,0,3,4,3,10,14,6,20,30
10/30/2020,ABY,GA,ASO,ES,Federal Contract Tower,0,4,12,0,16,0,0,23,0,23,0,4,35,0,39,0,0,0,39
10/31/2020,ABY,GA,ASO,ES,Federal Contract Tower,0,4,6,0,10,0,0,7,0,7,0,4,13,0,17,0,0,0,17
11/01/2020,ABY,GA,ASO,ES,Federal Contract Tower,0,3,7,0,10,0,0,15,0,15,0,3,22,0,25,0,0,0,25
11/02/2020,ABY,GA,ASO,ES,Federal Contract Tower,0,5,14,0,19,0,0,18,0,18,0,5,32,0,37,2,8,10,47
11/03/2020,ABY,GA,ASO,ES,Federal Contract Tower,0,9,9,5,23,0,0,20,0,20,0,9,29,5,43,20,26,46,89
11/04/2020,ABY,GA,ASO,ES,Federal Contract Tower,0,3,18,4,25,0,0,22,4,26,0,3,40,8,51,2,60,62,113
11/05/2020,ABY,GA,ASO,ES,Federal Contract Tower,0,3,11,4,18,0,0,7,0,7,0,3,18,4,25,0,18,18,43
11/06/2020,ABY,GA,ASO,ES,Federal Contract Tower,0,4,11,3,18,0,0,16,2,18,0,4,27,5,36,18,14,32,68
11/07/2020,ABY,GA,ASO,ES,Federal Contract Tower,0,5,3,2,10,0,0,4,0,4,0,5,7,2,14,0,0,0,14
11/08/2020,ABY,GA,ASO,ES,Federal Contract Tower,0,5,11,0,16,0,0,1,0,1,0,5,12,0,17,14,0,14,31
11/09/2020,ABY,GA,ASO,ES,Federal Contract Tower,0,4,6,2,12,0,0,1,0,1,0,4,7,2,13,2,6,8,21
11/10/2020,ABY,GA,ASO,ES,Federal Contract Tower,0,7,6,2,15,0,1,0,0,1,0,8,6,2,16,0,2,2,18
11/11/2020,ABY,GA,ASO,ES,Federal Contract Tower,0,4,9,0,13,0,0,8,0,8,0,4,17,0,21,2,0,2,23
11/12/2020,ABY,GA,ASO,ES,Federal Contract Tower,0,6,5,0,11,0,0,1,0,1,0,6,6,0,12,0,0,0,12
11/13/2020,ABY,GA,ASO,ES,Federal Contract Tower,0,14,5,2,21,0,0,21,0,21,0,14,26,2,42,0,0,0,42
11/14/2020,ABY,GA,ASO,ES,Federal Contract Tower,0,6,8,4,18,0,0,9,0,9,0,6,17,4,27,6,2,8,35
11/15/2020,ABY,GA,ASO,ES,Federal Contract Tower,0,10,17,0,27,0,0,8,0,8,0,10,25,0,35,0,0,0,35
11/16/2020,ABY,GA,ASO,ES,Federal Contract Tower,0,10,13,0,23,0,0,3,0,3,0,10,16,0,26,0,0,0,26
11/17/2020,ABY,GA,ASO,ES,Federal Contract Tower,0,7,9,0,16,0,0,22,0,22,0,7,31,0,38,28,0,28,66
11/18/2020,ABY,GA,ASO,ES,Federal Contract Tower,0,4,19,2,25,0,0,36,0,36,0,4,55,2,61,14,0,14,75
11/19/2020,ABY,GA,ASO,ES,Federal Contract Tower,0,6,15,6,27,0,0,11,1,12,0,6,26,7,39,10,8,18,57
11/20/2020,ABY,GA,ASO,ES,Federal Contract Tower,0,6,23,4,33,0,0,12,3,15,0,6,35,7,48,0,0,0,48
11/21/2020,ABY,GA,ASO,ES,Federal Contract Tower,0,4,12,0,16,0,0,12,0,12,0,4,24,0,28,2,0,2,30
11/22/2020,ABY,GA,ASO,ES,Federal Contract Tower,0,4,8,0,12,0,0,33,0,33,0,4,41,0,45,0,0,0,45
11/23/2020,ABY,GA,ASO,ES,Federal Contract Tower,0,9,11,0,20,0,0,8,0,8,0,9,19,0,28,6,0,6,34
11/24/2020,ABY,GA,ASO,ES,Federal Contract Tower,0,11,4,0,15,0,0,37,1,38,0,11,41,1,53,40,0,40,93
11/25/2020,ABY,GA,ASO,ES,Federal Contract Tower,1,5,7,2,15,0,0,5,0,5,1,5,12,2,20,6,0,6,26
11/26/2020,ABY,GA,ASO,ES,Federal Contract Tower,0,5,6,0,11,0,0,0,0,0,0,5,6,0,11,0,0,0,11
11/27/2020,ABY,GA,ASO,ES,Federal Contract Tower,1,7,11,0,19,0,0,15,0,15,1,7,26,0,34,8,0,8,42
11/28/2020,ABY,GA,ASO,ES,Federal Contract Tower,0,6,7,0,13,0,0,2,0,2,0,6,9,0,15,16,0,16,31
11/29/2020,ABY,GA,ASO,ES,Federal Contract Tower,0,9,11,0,20,0,0,0,0,0,0,9,11,0,20,0,0,0,20
11/30/2020,ABY,GA,ASO,ES,Federal Contract Tower,0,4,5,2,11,0,0,3,0,3,0,4,8,2,14,0,0,0,14
12/01/2020,ABY,GA,ASO,ES,Federal Contract Tower,0,5,18,2,25,0,0,14,0,14,0,5,32,2,39,12,0,12,51
12/02/2020,ABY,GA,ASO,ES,Federal Contract Tower,0,5,10,4,19,0,0,26,2,28,0,5,36,6,47,0,0,0,47
12/03/2020,ABY,GA,ASO,ES,Federal Contract Tower,0,11,15,4,30,0,0,14,4,18,0,11,29,8,48,0,80,80,128
12/04/2020,ABY,GA,ASO,ES,Federal Contract Tower,0,11,9,2,22,0,0,2,0,2,0,11,11,2,24,0,0,0,24
12/05/2020,ABY,GA,ASO,ES,Federal Contract Tower,0,10,15,0,25,0,0,11,0,11,0,10,26,0,36,0,2,2,38
12/06/2020,ABY,GA,ASO,ES,Federal Contract Tower,0,6,10,0,16,0,0,14,0,14,0,6,24,0,30,0,0,0,30
12/07/2020,ABY,GA,ASO,ES,Federal Contract Tower,0,4,13,0,17,0,0,11,0,11,0,4,24,0,28,4,0,4,32
12/08/2020,ABY,GA,ASO,ES,Federal Contract Tower,0,8,22,0,30,0,0,23,2,25,0,8,45,2,55,2,14,16,71
12/09/2020,ABY,GA,ASO,ES,Federal Contract Tower,0,6,8,4,18,0,0,12,0,12,0,6,20,4,30,12,26,38,68
12/10/2020,ABY,GA,ASO,ES,Federal Contract Tower,2,11,26,2,41,0,0,19,0,19,2,11,45,2,60,14,42,56,116
12/11/2020,ABY,GA,ASO,ES,Federal Contract Tower,0,9,15,6,30,0,0,24,2,26,0,9,39,8,56,4,6,10,66
12/12/2020,ABY,GA,ASO,ES,Federal Contract Tower,0,7,17,0,24,0,0,21,0,21,0,7,38,0,45,4,0,4,49
12/13/2020,ABY,GA,ASO,ES,Federal Contract Tower,0,8,11,4,23,0,0,0,2,2,0,8,11,6,25,0,0,0,25
12/14/2020,ABY,GA,ASO,ES,Federal Contract Tower,0,10,7,0,17,0,0,7,0,7,0,10,14,0,24,0,0,0,24
12/15/2020,ABY,GA,ASO,ES,Federal Contract Tower,0,6,4,2,12,0,0,11,0,11,0,6,15,2,23,0,0,0,23
12/16/2020,ABY,GA,ASO,ES,Federal Contract Tower,0,6,10,4,20,0,0,0,0,0,0,6,10,4,20,0,2,2,22
12/17/2020,ABY,GA,ASO,ES,Federal Contract Tower,2,10,20,0,32,0,0,3,0,3,2,10,23,0,35,0,0,0,35
12/18/2020,ABY,GA,ASO,ES,Federal Contract Tower,0,7,9,4,20,0,0,21,0,21,0,7,30,4,41,6,0,6,47
12/19/2020,ABY,GA,ASO,ES,Federal Contract Tower,0,6,12,0,18,0,0,18,0,18,0,6,30,0,36,26,0,26,62
12/20/2020,ABY,GA,ASO,ES,Federal Contract Tower,2,6,10,0,18,0,0,0,0,0,2,6,10,0,18,0,0,0,18
12/21/2020,ABY,GA,ASO,ES,Federal Contract Tower,0,10,8,2,20,0,0,6,2,8,0,10,14,4,28,0,4,4,32
12/22/2020,ABY,GA,ASO,ES,Federal Contract Tower,0,7,10,0,17,0,0,21,0,21,0,7,31,0,38,16,0,16,54
12/23/2020,ABY,GA,ASO,ES,Federal Contract Tower,0,4,10,0,14,0,0,23,0,23,0,4,33,0,37,6,0,6,43
12/24/2020,ABY,GA,ASO,ES,Federal Contract Tower,1,3,2,0,6,0,0,0,0,0,1,3,2,0,6,0,0,0,6
12/25/2020,ABY,GA,ASO,ES,Federal Contract Tower,0,3,2,0,5,0,0,1,0,1,0,3,3,0,6,0,0,0,6
12/26/2020,ABY,GA,ASO,ES,Federal Contract Tower,0,4,8,0,12,0,0,12,0,12,0,4,20,0,24,0,0,0,24
12/27/2020,ABY,GA,ASO,ES,Federal Contract Tower,0,7,12,0,19,0,0,22,0,22,0,7,34,0,41,14,0,14,55
12/28/2020,ABY,GA,ASO,ES,Federal Contract Tower,0,6,8,2,16,0,0,16,0,16,0,6,24,2,32,10,12,22,54
12/29/2020,ABY,GA,ASO,ES,Federal Contract Tower,2,5,8,4,19,0,0,10,0,10,2,5,18,4,29,0,2,2,31
12/30/2020,ABY,GA,ASO,ES,Federal Contract Tower,0,8,15,0,23,0,1,13,0,14,0,9,28,0,37,20,0,20,57
12/31/2020,ABY,GA,ASO,ES,Federal Contract Tower,0,3,9,0,12,0,0,0,0,0,0,3,9,0,12,0,0,0,12
01/01/2021,ABY,GA,ASO,ES,Federal Contract Tower,0,3,0,0,3,0,0,0,0,0,0,3,0,0,3,0,0,0,3
01/02/2021,ABY,GA,ASO,ES,Federal Contract Tower,0,6,8,0,14,0,0,0,0,0,0,6,8,0,14,0,0,0,14
01/03/2021,ABY,GA,ASO,ES,Federal Contract Tower,0,7,10,0,17,0,0,3,0,3,0,7,13,0,20,0,0,0,20
01/04/2021,ABY,GA,ASO,ES,Federal Contract Tower,0,2,9,1,12,0,0,13,0,13,0,2,22,1,25,0,24,24,49
01/05/2021,ABY,GA,ASO,ES,Federal Contract Tower,0,4,10,4,18,0,0,20,0,20,0,4,30,4,38,32,0,32,70
01/06/2021,ABY,GA,ASO,ES,Federal Contract Tower,0,5,3,6,14,0,0,8,2,10,0,5,11,8,24,4,4,8,32
01/07/2021,ABY,GA,ASO,ES,Federal Contract Tower,0,9,23,0,32,0,0,3,0,3,0,9,26,0,35,4,0,4,39
01/08/2021,ABY,GA,ASO,ES,Federal Contract Tower,0,8,12,2,22,0,0,1,0,1,0,8,13,2,23,0,4,4,27
01/09/2021,ABY,GA,ASO,ES,Federal Contract Tower,0,5,20,0,25,0,0,12,0,12,0,5,32,0,37,12,0,12,49
01/10/2021,ABY,GA,ASO,ES,Federal Contract Tower,0,11,12,0,23,0,0,14,0,14,0,11,26,0,37,8,0,8,45
01/11/2021,ABY,GA,ASO,ES,Federal Contract Tower,0,5,4,0,9,0,0,5,0,5,0,5,9,0,14,16,0,16,30
01/12/2021,ABY,GA,ASO,ES,Federal Contract Tower,0,6,15,1,22,0,0,6,1,7,0,6,21,2,29,16,0,16,45
01/13/2021,ABY,GA,ASO,ES,Federal Contract Tower,0,8,13,3,24,0,0,20,0,20,0,8,33,3,44,2,8,10,54
01/14/2021,ABY,GA,ASO,ES,Federal Contract Tower,0,10,17,0,27,0,0,22,0,22,0,10,39,0,49,4,16,20,69
01/15/2021,ABY,GA,ASO,ES,Federal Contract Tower,0,9,14,4,27,0,0,13,0,13,0,9,27,4,40,0,6,6,46
01/16/2021,ABY,GA,ASO,ES,Federal Contract Tower,0,6,14,0,20,0,0,4,0,4,0,6,18,0,24,8,0,8,32
01/17/2021,ABY,GA,ASO,ES,Federal Contract Tower,0,6,8,0,14,0,0,27,0,27,0,6,35,0,41,14,0,14,55
01/18/2021,ABY,GA,ASO,ES,Federal Contract Tower,0,6,14,0,20,0,0,15,0,15,0,6,29,0,35,8,0,8,43
01/19/2021,ABY,GA,ASO,ES,Federal Contract Tower,0,7,6,2,15,0,0,14,4,18,0,7,20,6,33,0,18,18,51
01/20/2021,ABY,GA,ASO,ES,Federal Contract Tower,0,6,11,6,23,0,0,30,0,30,0,6,41,6,53,6,4,10,63
01/21/2021,ABY,GA,ASO,ES,Federal Contract Tower,0,11,15,6,32,0,0,6,0,6,0,11,21,6,38,4,2,6,44
01/22/2021,ABY,GA,ASO,ES,Federal Contract Tower,0,12,11,2,25,0,0,0,0,0,0,12,11,2,25,0,0,0,25
01/23/2021,ABY,GA,ASO,ES,Federal Contract Tower,0,3,12,2,17,0,1,18,0,19,0,4,30,2,36,6,0,6,42
01/24/2021,ABY,GA,ASO,ES,Federal Contract Tower,0,9,20,0,29,0,0,18,2,20,0,9,38,2,49,2,0,2,51
01/25/2021,ABY,GA,ASO,ES,Federal Contract Tower,0,8,16,1,25,0,0,3,2,5,0,8,19,3,30,0,12,12,42
01/26/2021,ABY,GA,ASO,ES,Federal Contract Tower,0,10,9,0,19,0,0,0,0,0,0,10,9,0,19,0,0,0,19
01/27/2021,ABY,GA,ASO,ES,Federal Contract Tower,0,11,9,0,20,0,2,1,0,3,0,13,10,0,23,0,0,0,23
01/28/2021,ABY,GA,ASO,ES,Federal Contract Tower,0,14,11,2,27,0,0,11,0,11,0,14,22,2,38,20,0,20,58
01/29/2021,ABY,GA,ASO,ES,Federal Contract Tower,0,8,19,0,27,0,2,20,0,22,0,10,39,0,49,8,0,8,57
01/30/2021,ABY,GA,ASO,ES,Federal Contract Tower,0,4,13,0,17,0,0,11,0,11,0,4,24,0,28,0,0,0,28
01/31/2021,ABY,GA,ASO,ES,Federal Contract Tower,0,4,16,0,20,0,0,0,0,0,0,4,16,0,20,0,0,0,20
02/01/2021,ABY,GA,ASO,ES,Federal Contract Tower,0,4,7,0,11,0,0,16,2,18,0,4,23,2,29,2,0,2,31
02/02/2021,ABY,GA,ASO,ES,Federal Contract Tower,0,8,11,0,19,0,0,4,0,4,0,8,15,0,23,4,0,4,27
02/03/2021,ABY,GA,ASO,ES,Federal Contract Tower,0,10,9,6,25,0,0,20,2,22,0,10,29,8,47,62,12,74,121
02/04/2021,ABY,GA,ASO,ES,Federal Contract Tower,0,4,12,3,19,0,0,23,4,27,0,4,35,7,46,68,14,82,128
02/05/2021,ABY,GA,ASO,ES,Federal Contract Tower,0,8,6,4,18,0,0,4,0,4,0,8,10,4,22,0,0,0,22
02/06/2021,ABY,GA,ASO,ES,Federal Contract Tower,0,11,4,0,15,0,0,0,0,0,0,11,4,0,15,0,0,0,15
02/07/2021,ABY,GA,ASO,ES,Federal Contract Tower,0,6,18,0,24,0,0,13,3,16,0,6,31,3,40,10,0,10,50
02/08/2021,ABY,GA,ASO,ES,Federal Contract Tower,0,9,6,3,18,0,0,26,1,27,0,9,32,4,45,2,20,22,67
02/09/2021,ABY,GA,ASO,ES,Federal Contract Tower,0,11,11,0,22,0,0,0,0,0,0,11,11,0,22,2,0,2,24
02/10/2021,ABY,GA,ASO,ES,Federal Contract Tower,0,16,15,0,31,0,0,3,0,3,0,16,18,0,34,0,0,0,34
02/11/2021,ABY,GA,ASO,ES,Federal Contract Tower,0,6,12,4,22,0,0,9,0,9,0,6,21,4,31,12,0,12,43
02/12/2021,ABY,GA,ASO,ES,Federal Contract Tower,3,8,16,2,29,0,0,0,0,0,3,8,16,2,29,0,0,0,29
02/13/2021,ABY,GA,ASO,ES,Federal Contract Tower,1,5,2,0,8,0,0,0,0,0,1,5,2,0,8,0,0,0,8
02/14/2021,ABY,GA,ASO,ES,Federal Contract Tower,0,4,11,0,15,0,0,0,0,0,0,4,11,0,15,0,0,0,15
02/15/2021,ABY,GA,ASO,ES,Federal Contract Tower,0,6,6,0,12,0,0,0,0,0,0,6,6,0,12,0,0,0,12
02/16/2021,ABY,GA,ASO,ES,Federal Contract Tower,2,9,20,0,31,0,0,13,0,13,2,9,33,0,44,2,0,2,46
02/17/2021,ABY,GA,ASO,ES,Federal Contract Tower,0,4,17,0,21,0,0,12,2,14,0,4,29,2,35,0,0,0,35
02/18/2021,ABY,GA,ASO,ES,Federal Contract Tower,0,11,8,0,19,0,0,0,0,0,0,11,8,0,19,0,0,0,19
02/19/2021,ABY,GA,ASO,ES,Federal Contract Tower,1,8,13,10,32,0,0,4,2,6,1,8,17,12,38,12,0,12,50
02/20/2021,ABY,GA,ASO,ES,Federal Contract Tower,1,6,14,2,23,0,0,18,1,19,1,6,32,3,42,6,0,6,48
02/21/2021,ABY,GA,ASO,ES,Federal Contract Tower,0,12,14,0,26,0,0,17,0,17,0,12,31,0,43,38,0,38,81
02/22/2021,ABY,GA,ASO,ES,Federal Contract Tower,0,5,7,2,14,0,0,5,0,5,0,5,12,2,19,0,0,0,19
02/23/2021,ABY,GA,ASO,ES,Federal Contract Tower,2,21,7,5,35,0,0,31,2,33,2,21,38,7,68,4,18,22,90
02/24/2021,ABY,GA,ASO,ES,Federal Contract Tower,6,9,6,0,21,0,3,15,0,18,6,12,21,0,39,40,44,84,123
02/25/2021,ABY,GA,ASO,ES,Federal Contract Tower,0,15,15,2,32,0,0,18,1,19,0,15,33,3,51,52,12,64,115
02/26/2021,ABY,GA,ASO,ES,Federal Contract Tower,3,21,14,2,40,0,1,15,2,18,3,22,29,4,58,20,0,20,78
02/27/2021,ABY,GA,ASO,ES,Federal Contract Tower,2,6,13,1,22,0,0,3,3,6,2,6,16,4,28,0,10,10,38
02/28/2021,ABY,GA,ASO,ES,Federal Contract Tower,0,9,13,2,24,0,0,8,2,10,0,9,21,4,34,0,0,0,34
03/01/2021,ABY,GA,ASO,ES,Federal Contract Tower,0,4,9,1,14,0,0,8,2,10,0,4,17,3,24,14,0,14,38
03/02/2021,ABY,GA,ASO,ES,Federal Contract Tower,0,5,8,10,23,0,0,0,0,0,0,5,8,10,23,0,0,0,23
03/03/2021,ABY,GA,ASO,ES,Federal Contract Tower,0,8,11,3,22,0,0,10,2,12,0,8,21,5,34,0,0,0,34
03/04/2021,ABY,GA,ASO,ES,Federal Contract Tower,0,8,19,4,31,0,1,14,0,15,0,9,33,4,46,4,0,4,50
03/05/2021,ABY,GA,ASO,ES,Federal Contract Tower,0,5,5,2,12,0,0,12,0,12,0,5,17,2,24,10,22,32,56
03/06/2021,ABY,GA,ASO,ES,Federal Contract Tower,0,2,17,0,19,0,0,9,0,9,0,2,26,0,28,6,0,6,34
03/07/2021,ABY,GA,ASO,ES,Federal Contract Tower,0,10,21,0,31,0,0,10,0,10,0,10,31,0,41,6,0,6,47
03/08/2021,ABY,GA,ASO,ES,Federal Contract Tower,0,6,9,0,15,0,0,11,0,11,0,6,20,0,26,4,18,22,48
03/09/2021,ABY,GA,ASO,ES,Federal Contract Tower,0,12,15,0,27,0,0,21,0,21,0,12,36,0,48,20,0,20,68
03/10/2021,ABY,GA,ASO,ES,Federal Contract Tower,0,5,9,2,16,0,0,17,4,21,0,5,26,6,37,20,24,44,81
03/11/2021,ABY,GA,ASO,ES,Federal Contract Tower,0,13,11,2,26,0,0,13,1,14,0,13,24,3,40,6,6,12,52
03/12/2021,ABY,GA,ASO,ES,Federal Contract Tower,1,8,8,5,22,0,0,20,0,20,1,8,28,5,42,10,0,10,52
03/13/2021,ABY,GA,ASO,ES,Federal Contract Tower,1,4,4,0,9,0,0,13,0,13,1,4,17,0,22,8,0,8,30
03/14/2021,ABY,GA,ASO,ES,Federal Contract Tower,0,8,11,0,19,0,2,20,0,22,0,10,31,0,41,6,0,6,47
03/15/2021,ABY,GA,ASO,ES,Federal Contract Tower,0,7,7,6,20,0,0,13,0,13,0,7,20,6,33,2,8,10,43
03/16/2021,ABY,GA,ASO,ES,Federal Contract Tower,0,6,6,4,16,0,0,4,0,4,0,6,10,4,20,0,20,20,40
03/17/2021,ABY,GA,ASO,ES,Federal Contract Tower,0,6,12,0,18,0,0,2,0,2,0,6,14,0,20,4,0,4,24
03/18/2021,ABY,GA,ASO,ES,Federal Contract Tower,0,5,2,2,9,0,0,6,0,6,0,5,8,2,15,0,6,6,21
03/19/2021,ABY,GA,ASO,ES,Federal Contract Tower,0,4,20,0,24,0,0,16,0,16,0,4,36,0,40,4,0,4,44
03/20/2021,ABY,GA,ASO,ES,Federal Contract Tower,0,2,2,0,4,0,0,17,0,17,0,2,19,0,21,4,0,4,25
03/21/2021,ABY,GA,ASO,ES,Federal Contract Tower,0,4,11,0,15,0,0,13,0,13,0,4,24,0,28,0,0,0,28
03/22/2021,ABY,GA,ASO,ES,Federal Contract Tower,0,6,12,3,21,0,0,41,8,49,0,6,53,11,70,4,10,14,84
03/23/2021,ABY,GA,ASO,ES,Federal Contract Tower,0,5,11,6,22,0,0,15,1,16,0,5,26,7,38,28,20,48,86
03/24/2021,ABY,GA,ASO,ES,Federal Contract Tower,0,4,8,7,19,0,2,8,1,11,0,6,16,8,30,0,20,20,50
03/25/2021,ABY,GA,ASO,ES,Federal Contract Tower,0,5,11,8,24,0,0,6,0,6,0,5,17,8,30,0,0,0,30
03/26/2021,ABY,GA,ASO,ES,Federal Contract Tower,0,6,5,0,11,0,0,5,0,5,0,6,10,0,16,0,0,0,16
03/27/2021,ABY,GA,ASO,ES,Federal Contract Tower,0,3,3,0,6,0,0,4,0,4,0,3,7,0,10,0,0,0,10
03/28/2021,ABY,GA,ASO,ES,Federal Contract Tower,0,6,8,0,14,0,0,8,0,8,0,6,16,0,22,0,0,0,22
03/29/2021,ABY,GA,ASO,ES,Federal Contract Tower,0,5,10,0,15,0,0,29,0,29,0,5,39,0,44,6,0,6,50
03/30/2021,ABY,GA,ASO,ES,Federal Contract Tower,0,5,9,4,18,0,0,8,1,9,0,5,17,5,27,0,16,16,43
03/31/2021,ABY,GA,ASO,ES,Federal Contract Tower,0,6,10,5,21,0,0,4,1,5,0,6,14,6,26,2,16,18,44
04/01/2021,ABY,GA,ASO,ES,Federal Contract Tower,0,5,4,0,9,0,1,7,0,8,0,6,11,0,17,0,0,0,17
04/02/2021,ABY,GA,ASO,ES,Federal Contract Tower,0,4,9,0,13,0,0,8,3,11,0,4,17,3,24,2,22,24,48
04/03/2021,ABY,GA,ASO,ES,Federal Contract Tower,0,2,7,0,9,0,0,9,0,9,0,2,16,0,18,10,0,10,28
04/04/2021,ABY,GA,ASO,ES,Federal Contract Tower,0,5,5,0,10,0,0,13,0,13,0,5,18,0,23,16,0,16,39
04/05/2021,ABY,GA,ASO,ES,Federal Contract Tower,0,5,4,8,17,0,0,14,0,14,0,5,18,8,31,4,4,8,39
04/06/2021,ABY,GA,ASO,ES,Federal Contract Tower,2,5,7,0,14,0,0,14,2,16,2,5,21,2,30,0,0,0,30
04/07/2021,ABY,GA,ASO,ES,Federal Contract Tower,0,5,3,4,12,0,0,15,0,15,0,5,18,4,27,0,0,0,27
04/08/2021,ABY,GA,ASO,ES,Federal Contract Tower,0,4,11,0,15,0,0,5,0,5,0,4,16,0,20,0,0,0,20
04/09/2021,ABY,GA,ASO,ES,Federal Contract Tower,0,5,4,0,9,0,0,0,0,0,0,5,4,0,9,0,0,0,9
04/10/2021,ABY,GA,ASO,ES,Federal Contract Tower,0,2,2,0,4,0,0,0,0,0,0,2,2,0,4,0,0,0,4
04/11/2021,ABY,GA,ASO,ES,Federal Contract Tower,0,5,8,0,13,0,0,5,0,5,0,5,13,0,18,0,0,0,18
04/12/2021,ABY,GA,ASO,ES,Federal Contract Tower,0,5,5,8,18,0,1,36,0,37,0,6,41,8,55,36,4,40,95
04/13/2021,ABY,GA,ASO,ES,Federal Contract Tower,0,4,6,0,10,0,0,21,4,25,0,4,27,4,35,0,34,34,69
04/14/2021,ABY,GA,ASO,ES,Federal Contract Tower,0,5,17,0,22,0,0,12,0,12,0,5,29,0,34,2,4,6,40
04/15/2021,ABY,GA,ASO,ES,Federal Contract Tower,0,6,8,0,14,0,0,6,0,6,0,6,14,0,20,0,0,0,20
04/16/2021,ABY,GA,ASO,ES,Federal Contract Tower,0,4,5,5,14,0,0,17,4,21,0,4,22,9,35,6,0,6,41
04/17/2021,ABY,GA,ASO,ES,Federal Contract Tower,0,3,6,0,9,0,0,5,0,5,0,3,11,0,14,0,0,0,14
04/18/2021,ABY,GA,ASO,ES,Federal Contract Tower,0,4,13,2,19,0,0,15,6,21,0,4,28,8,40,0,0,0,40
04/19/2021,ABY,GA,ASO,ES,Federal Contract Tower,0,4,6,0,10,0,0,16,0,16,0,4,22,0,26,10,10,20,46
04/20/2021,ABY,GA,ASO,ES,Federal Contract Tower,0,6,8,4,18,0,0,14,0,14,0,6,22,4,32,28,16,44,76
04/21/2021,ABY,GA,ASO,ES,Federal Contract Tower,0,5,8,2,15,0,1,14,0,15,0,6,22,2,30,0,0,0,30
04/22/2021,ABY,GA,ASO,ES,Federal Contract Tower,0,5,6,3,14,0,0,24,0,24,0,5,30,3,38,32,8,40,78
04/23/2021,ABY,GA,ASO,ES,Federal Contract Tower,0,4,13,9,26,0,0,22,3,25,0,4,35,12,51,8,0,8,59
04/24/2021,ABY,GA,ASO,ES,Federal Contract Tower,0,2,0,0,2,0,0,0,0,0,0,2,0,0,2,0,0,0,2
04/25/2021,ABY,GA,ASO,ES,Federal Contract Tower,0,6,7,0,13,0,2,10,6,18,0,8,17,6,31,0,0,0,31
04/26/2021,ABY,GA,ASO,ES,Federal Contract Tower,0,5,7,1,13,0,0,17,0,17,0,5,24,1,30,10,0,10,40
04/27/2021,ABY,GA,ASO,ES,Federal Contract Tower,0,4,6,2,12,0,0,22,3,25,0,4,28,5,37,0,0,0,37
04/28/2021,ABY,GA,ASO,ES,Federal Contract Tower,0,5,9,8,22,0,0,13,0,13,0,5,22,8,35,0,2,2,37
04/29/2021,ABY,GA,ASO,ES,Federal Contract Tower,0,10,13,0,23,0,1,14,0,15,0,11,27,0,38,0,0,0,38
04/30/2021,ABY,GA,ASO,ES,Federal Contract Tower,0,6,14,0,20,0,0,8,0,8,0,6,22,0,28,0,0,0,28
05/01/2021,ABY,GA,ASO,ES,Federal Contract Tower,0,3,4,0,7,0,0,10,0,10,0,3,14,0,17,6,0,6,23
05/02/2021,ABY,GA,ASO,ES,Federal Contract Tower,0,6,4,0,10,0,2,15,0,17,0,8,19,0,27,0,0,0,27
05/03/2021,ABY,GA,ASO,ES,Federal Contract Tower,0,7,7,2,16,0,0,7,0,7,0,7,14,2,23,12,0,12,35
05/04/2021,ABY,GA,ASO,ES,Federal Contract Tower,0,6,2,2,10,0,0,2,0,2,0,6,4,2,12,0,0,0,12
05/05/2021,ABY,GA,ASO,ES,Federal Contract Tower,0,5,8,1,14,0,0,6,1,7,0,5,14,2,21,0,12,12,33
05/06/2021,ABY,GA,ASO,ES,Federal Contract Tower,0,4,9,6,19,0,0,16,2,18,0,4,25,8,37,8,14,22,59
05/07/2021,ABY,GA,ASO,ES,Federal Contract Tower,0,4,7,2,13,0,0,18,0,18,0,4,25,2,31,6,0,6,37
05/08/2021,ABY,GA,ASO,ES,Federal Contract Tower,0,4,12,0,16,0,0,22,0,22,0,4,34,0,38,12,0,12,50
05/09/2021,ABY,GA,ASO,ES,Federal Contract Tower,0,4,8,4,16,0,0,6,4,10,0,4,14,8,26,0,2,2,28
05/10/2021,ABY,GA,ASO,ES,Federal Contract Tower,0,4,5,4,13,0,0,0,0,0,0,4,5,4,13,2,22,24,37
05/11/2021,ABY,GA,ASO,ES,Federal Contract Tower,0,4,6,6,16,0,0,8,0,8,0,4,14,6,24,0,18,18,42
05/12/2021,ABY,GA,ASO,ES,Federal Contract Tower,0,8,4,0,12,0,0,0,2,2,0,8,4,2,14,0,0,0,14
05/13/2021,ABY,GA,ASO,ES,Federal Contract Tower,0,12,16,5,33,0,0,7,0,7,0,12,23,5,40,6,6,12,52
05/14/2021,ABY,GA,ASO,ES,Federal Contract Tower,0,5,5,6,16,0,0,24,0,24,0,5,29,6,40,4,24,28,68
05/15/2021,ABY,GA,ASO,ES,Federal Contract Tower,0,6,6,0,12,0,2,30,0,32,0,8,36,0,44,10,0,10,54
05/16/2021,ABY,GA,ASO,ES,Federal Contract Tower,0,6,4,0,10,0,0,11,0,11,0,6,15,0,21,0,0,0,21
05/17/2021,ABY,GA,ASO,ES,Federal Contract Tower,0,6,8,6,20,0,2,11,0,13,0,8,19,6,33,0,0,0,33
05/18/2021,ABY,GA,ASO,ES,Federal Contract Tower,0,4,6,5,15,0,0,7,6,13,0,4,13,11,28,0,10,10,38
05/19/2021,ABY,GA,ASO,ES,Federal Contract Tower,0,4,8,0,12,0,0,12,0,12,0,4,20,0,24,0,0,0,24
05/20/2021,ABY,GA,ASO,ES,Federal Contract Tower,0,4,5,12,21,0,0,8,0,8,0,4,13,12,29,0,0,0,29
05/21/2021,ABY,GA,ASO,ES,Federal Contract Tower,0,4,12,2,18,0,0,8,5,13,0,4,20,7,31,0,14,14,45
05/22/2021,ABY,GA,ASO,ES,Federal Contract Tower,0,4,4,0,8,0,1,8,0,9,0,5,12,0,17,0,0,0,17
05/23/2021,ABY,GA,ASO,ES,Federal Contract Tower,0,4,4,4,12,0,0,13,3,16,0,4,17,7,28,0,0,0,28
05/24/2021,ABY,GA,ASO,ES,Federal Contract Tower,0,4,8,2,14,0,0,10,4,14,0,4,18,6,28,0,0,0,28
05/25/2021,ABY,GA,ASO,ES,Federal Contract Tower,0,5,1,2,8,0,0,8,0,8,0,5,9,2,16,8,12,20,36
05/26/2021,ABY,GA,ASO,ES,Federal Contract Tower,0,7,7,3,17,0,4,17,0,21,0,11,24,3,38,2,14,16,54
05/27/2021,ABY,GA,ASO,ES,Federal Contract Tower,0,7,11,0,18,0,0,21,0,21,0,7,32,0,39,6,0,6,45
05/28/2021,ABY,GA,ASO,ES,Federal Contract Tower,0,4,16,0,20,0,0,5,0,5,0,4,21,0,25,0,0,0,25
05/29/2021,ABY,GA,ASO,ES,Federal Contract Tower,0,6,4,0,10,0,0,3,0,3,0,6,7,0,13,0,0,0,13
05/30/2021,ABY,GA,ASO,ES,Federal Contract Tower,0,4,10,0,14,0,0,7,0,7,0,4,17,0,21,4,0,4,25
05/31/2021,ABY,GA,ASO,ES,Federal Contract Tower,0,4,8,0,12,0,0,14,0,14,0,4,22,0,26,12,0,12,38
06/01/2021,ABY,GA,ASO,ES,Federal Contract Tower,0,6,6,0,12,0,0,3,0,3,0,6,9,0,15,0,0,0,15
06/02/2021,ABY,GA,ASO,ES,Federal Contract Tower,0,8,5,4,17,0,3,12,2,17,0,11,17,6,34,10,0,10,44
06/03/2021,ABY,GA,ASO,ES,Federal Contract Tower,0,8,5,5,18,0,1,13,1,15,0,9,18,6,33,0,18,18,51
06/04/2021,ABY,GA,ASO,ES,Federal Contract Tower,0,4,8,9,21,0,0,5,1,6,0,4,13,10,27,10,8,18,45
06/05/2021,ABY,GA,ASO,ES,Federal Contract Tower,0,4,2,0,6,0,1,11,0,12,0,5,13,0,18,8,0,8,26
06/06/2021,ABY,GA,ASO,ES,Federal Contract Tower,0,4,12,0,16,0,0,4,0,4,0,4,16,0,20,0,0,0,20
06/07/2021,ABY,GA,ASO,ES,Federal Contract Tower,0,4,5,3,12,0,0,4,0,4,0,4,9,3,16,0,2,2,18
06/08/2021,ABY,GA,ASO,ES,Federal Contract Tower,0,4,2,4,10,0,0,7,0,7,0,4,9,4,17,24,12,36,53
06/09/2021,ABY,GA,ASO,ES,Federal Contract Tower,0,10,8,4,22,0,2,18,2,22,0,12,26,6,44,30,18,48,92
06/10/2021,ABY,GA,ASO,ES,Federal Contract Tower,0,4,18,3,25,0,0,16,1,17,0,4,34,4,42,0,22,22,64
06/11/2021,ABY,GA,ASO,ES,Federal Contract Tower,0,4,6,2,12,0,0,1,0,1,0,4,7,2,13,0,16,16,29
06/12/2021,ABY,GA,ASO,ES,Federal Contract Tower,0,4,7,0,11,0,0,7,0,7,0,4,14,0,18,0,0,0,18
06/13/2021,ABY,GA,ASO,ES,Federal Contract Tower,0,4,3,0,7,0,0,9,0,9,0,4,12,0,16,2,0,2,18
06/14/2021,ABY,GA,ASO,ES,Federal Contract Tower,0,4,5,0,9,0,0,6,0,6,0,4,11,0,15,0,0,0,15
06/15/2021,ABY,GA,ASO,ES,Federal Contract Tower,0,5,10,2,17,0,0,23,0,23,0,5,33,2,40,4,0,4,44
06/16/2021,ABY,GA,ASO,ES,Federal Contract Tower,0,7,8,5,20,0,0,14,1,15,0,7,22,6,35,10,38,48,83
06/17/2021,ABY,GA,ASO,ES,Federal Contract Tower,0,6,5,0,11,0,0,28,0,28,0,6,33,0,39,36,12,48,87
06/18/2021,ABY,GA,ASO,ES,Federal Contract Tower,0,6,4,0,10,0,0,28,0,28,0,6,32,0,38,20,0,20,58
06/19/2021,ABY,GA,ASO,ES,Federal Contract Tower,0,3,4,0,7,0,0,0,0,0,0,3,4,0,7,0,0,0,7
06/20/2021,ABY,GA,ASO,ES,Federal Contract Tower,0,4,2,0,6,0,1,3,0,4,0,5,5,0,10,0,0,0,10
06/21/2021,ABY,GA,ASO,ES,Federal Contract Tower,0,5,7,2,14,0,0,0,0,0,0,5,7,2,14,0,0,0,14
06/22/2021,ABY,GA,ASO,ES,Federal Contract Tower,0,3,5,0,8,0,0,0,0,0,0,3,5,0,8,0,0,0,8
06/23/2021,ABY,GA,ASO,ES,Federal Contract Tower,0,12,8,4,24,0,0,14,0,14,0,12,22,4,38,0,14,14,52
06/24/2021,ABY,GA,ASO,ES,Federal Contract Tower,0,6,7,4,17,0,0,3,2,5,0,6,10,6,22,0,0,0,22
06/25/2021,ABY,GA,ASO,ES,Federal Contract Tower,0,4,12,2,18,0,0,18,1,19,0,4,30,3,37,10,0,10,47
06/26/2021,ABY,GA,ASO,ES,Federal Contract Tower,0,4,6,0,10,0,0,15,0,15,0,4,21,0,25,0,0,0,25
06/27/2021,ABY,GA,ASO,ES,Federal Contract Tower,0,4,2,0,6,0,0,3,0,3,0,4,5,0,9,4,0,4,13
06/28/2021,ABY,GA,ASO,ES,Federal Contract Tower,0,4,8,2,14,0,0,6,0,6,0,4,14,2,20,6,0,6,26
06/29/2021,ABY,GA,ASO,ES,Federal Contract Tower,0,6,2,5,13,0,0,14,0,14,0,6,16,5,27,0,0,0,27
06/30/2021,ABY,GA,ASO,ES,Federal Contract Tower,1,5,15,4,25,0,0,4,0,4,1,5,19,4,29,12,0,12,41
07/01/2021,ABY,GA,ASO,ES,Federal Contract Tower,0,4,18,4,26,0,0,7,0,7,0,4,25,4,33,0,12,12,45
07/02/2021,ABY,GA,ASO,ES,Federal Contract Tower,0,4,2,0,6,0,0,0,0,0,0,4,2,0,6,0,0,0,6
07/03/2021,ABY,GA,ASO,ES,Federal Contract Tower,0,5,0,0,5,0,0,9,0,9,0,5,9,0,14,0,0,0,14
07/04/2021,ABY,GA,ASO,ES,Federal Contract Tower,0,4,6,0,10,0,0,8,0,8,0,4,14,0,18,0,0,0,18
07/05/2021,ABY,GA,ASO,ES,Federal Contract Tower,0,7,4,0,11,0,0,5,0,5,0,7,9,0,16,0,0,0,16
07/06/2021,ABY,GA,ASO,ES,Federal Contract Tower,0,4,0,1,5,0,0,6,4,10,0,4,6,5,15,4,6,10,25
07/07/2021,ABY,GA,ASO,ES,Federal Contract Tower,0,4,10,0,14,0,0,1,6,7,0,4,11,6,21,6,0,6,27
07/08/2021,ABY,GA,ASO,ES,Federal Contract Tower,0,4,8,6,18,0,0,9,0,9,0,4,17,6,27,2,0,2,29
07/09/2021,ABY,GA,ASO,ES,Federal Contract Tower,0,5,10,8,23,0,0,7,1,8,0,5,17,9,31,6,6,12,43
07/10/2021,ABY,GA,ASO,ES,Federal Contract Tower,1,4,4,0,9,0,0,14,0,14,1,4,18,0,23,12,0,12,35
07/11/2021,ABY,GA,ASO,ES,Federal Contract Tower,0,4,11,2,17,0,0,9,0,9,0,4,20,2,26,0,0,0,26
07/12/2021,ABY,GA,ASO,ES,Federal Contract Tower,0,5,8,2,15,0,0,15,0,15,0,5,23,2,30,6,14,20,50
07/13/2021,ABY,GA,ASO,ES,Federal Contract Tower,0,4,8,0,12,0,0,14,0,14,0,4,22,0,26,46,0,46,72
07/14/2021,ABY,GA,ASO,ES,Federal Contract Tower,0,8,9,10,27,0,0,22,0,22,0,8,31,10,49,14,4,18,67
07/15/2021,ABY,GA,ASO,ES,Federal Contract Tower,0,4,8,0,12,0,0,5,0,5,0,4,13,0,17,0,0,0,17
07/16/2021,ABY,GA,ASO,ES,Federal Contract Tower,0,3,13,6,22,0,0,10,8,18,0,3,23,14,40,0,26,26,66
07/17/2021,ABY,GA,ASO,ES,Federal Contract Tower,0,4,3,0,7,0,0,11,0,11,0,4,14,0,18,0,0,0,18
07/18/2021,ABY,GA,ASO,ES,Federal Contract Tower,0,3,8,6,17,0,0,19,4,23,0,3,27,10,40,10,0,10,50
07/19/2021,ABY,GA,ASO,ES,Federal Contract Tower,0,6,3,1,10,0,0,9,1,10,0,6,12,2,20,4,0,4,24
07/20/2021,ABY,GA,ASO,ES,Federal Contract Tower,0,5,4,1,10,0,0,2,0,2,0,5,6,1,12,0,0,0,12
07/21/2021,ABY,GA,ASO,ES,Federal Contract Tower,0,4,13,2,19,0,0,5,0,5,0,4,18,2,24,8,0,8,32
07/22/2021,ABY,GA,ASO,ES,Federal Contract Tower,0,6,9,12,27,0,0,6,0,6,0,6,15,12,33,0,0,0,33
07/23/2021,ABY,GA,ASO,ES,Federal Contract Tower,0,3,7,0,10,0,0,21,0,21,0,3,28,0,31,4,0,4,35
07/24/2021,ABY,GA,ASO,ES,Federal Contract Tower,3,6,12,0,21,0,0,14,0,14,3,6,26,0,35,0,0,0,35
07/25/2021,ABY,GA,ASO,ES,Federal Contract Tower,0,3,10,0,13,0,0,14,2,16,0,3,24,2,29,0,0,0,29
07/26/2021,ABY,GA,ASO,ES,Federal Contract Tower,0,4,5,0,9,0,0,15,0,15,0,4,20,0,24,8,0,8,32
07/27/2021,ABY,GA,ASO,ES,Federal Contract Tower,0,9,5,2,16,0,0,9,0,9,0,9,14,2,25,2,30,32,57
07/28/2021,ABY,GA,ASO,ES,Federal Contract Tower,0,5,13,2,20,0,0,5,0,5,0,5,18,2,25,0,0,0,25
07/29/2021,ABY,GA,ASO,ES,Federal Contract Tower,0,4,11,0,15,0,0,12,0,12,0,4,23,0,27,20,4,24,51
07/30/2021,ABY,GA,ASO,ES,Federal Contract Tower,0,6,7,0,13,0,0,21,0,21,0,6,28,0,34,6,16,22,56
07/31/2021,ABY,GA,ASO,ES,Federal Contract Tower,0,6,6,3,15,0,0,16,0,16,0,6,22,3,31,16,0,16,47
08/01/2021,ABY,GA,ASO,ES,Federal Contract Tower,0,4,13,0,17,0,0,8,0,8,0,4,21,0,25,2,0,2,27
08/02/2021,ABY,GA,ASO,ES,Federal Contract Tower,0,4,3,4,11,0,0,7,0,7,0,4,10,4,18,0,0,0,18
08/03/2021,ABY,GA,ASO,ES,Federal Contract Tower,1,4,8,0,13,0,0,3,0,3,1,4,11,0,16,0,0,0,16
08/04/2021,ABY,GA,ASO,ES,Federal Contract Tower,0,4,11,8,23,0,0,19,0,19,0,4,30,8,42,2,4,6,48
08/05/2021,ABY,GA,ASO,ES,Federal Contract Tower,0,4,9,2,15,0,0,20,2,22,0,4,29,4,37,0,10,10,47
08/06/2021,ABY,GA,ASO,ES,Federal Contract Tower,0,4,2,4,10,0,0,1,0,1,0,4,3,4,11,0,2,2,13
08/07/2021,ABY,GA,ASO,ES,Federal Contract Tower,0,4,1,0,5,0,0,6,0,6,0,4,7,0,11,4,0,4,15
08/08/2021,ABY,GA,ASO,ES,Federal Contract Tower,0,4,2,0,6,0,0,15,0,15,0,4,17,0,21,14,0,14,35
08/09/2021,ABY,GA,ASO,ES,Federal Contract Tower,0,5,9,4,18,0,0,8,0,8,0,5,17,4,26,20,4,24,50
08/10/2021,ABY,GA,ASO,ES,Federal Contract Tower,0,3,12,3,18,0,0,12,3,15,0,3,24,6,33,16,0,16,49
08/11/2021,ABY,GA,ASO,ES,Federal Contract Tower,0,7,9,6,22,0,0,15,0,15,0,7,24,6,37,0,0,0,37
08/12/2021,ABY,GA,ASO,ES,Federal Contract Tower,0,5,2,2,9,0,0,13,0,13,0,5,15,2,22,0,0,0,22
08/13/2021,ABY,GA,ASO,ES,Federal Contract Tower,0,4,2,6,12,0,0,21,1,22,0,4,23,7,34,2,40,42,76
08/14/2021,ABY,GA,ASO,ES,Federal Contract Tower,0,5,8,0,13,0,0,10,0,10,0,5,18,0,23,8,0,8,31
08/15/2021,ABY,GA,ASO,ES,Federal Contract Tower,0,4,3,0,7,0,0,0,0,0,0,4,3,0,7,0,0,0,7
08/16/2021,ABY,GA,ASO,ES,Federal Contract Tower,0,4,2,0,6,0,0,1,0,1,0,4,3,0,7,0,0,0,7
08/17/2021,ABY,GA,ASO,ES,Federal Contract Tower,7,8,2,0,17,0,0,1,0,1,7,8,3,0,18,0,0,0,18
08/18/2021,ABY,GA,ASO,ES,Federal Contract Tower,5,8,5,4,22,0,0,10,3,13,5,8,15,7,35,8,10,18,53
08/19/2021,ABY,GA,ASO,ES,Federal Contract Tower,0,6,14,6,26,0,0,15,0,15,0,6,29,6,41,4,30,34,75
08/20/2021,ABY,GA,ASO,ES,Federal Contract Tower,0,4,13,2,19,0,0,2,0,2,0,4,15,2,21,6,22,28,49
08/21/2021,ABY,GA,ASO,ES,Federal Contract Tower,0,4,2,0,6,0,0,7,0,7,0,4,9,0,13,0,0,0,13
08/22/2021,ABY,GA,ASO,ES,Federal Contract Tower,0,4,9,0,13,0,0,11,0,11,0,4,20,0,24,0,0,0,24
08/23/2021,ABY,GA,ASO,ES,Federal Contract Tower,0,4,13,1,18,0,0,0,1,1,0,4,13,2,19,2,8,10,29
08/24/2021,ABY,GA,ASO,ES,Federal Contract Tower,0,4,17,7,28,0,4,14,1,19,0,8,31,8,47,2,6,8,55
08/25/2021,ABY,GA,ASO,ES,Federal Contract Tower,0,5,4,0,9,0,0,1,0,1,0,5,5,0,10,0,0,0,10
08/26/2021,ABY,GA,ASO,ES,Federal Contract Tower,0,4,8,2,14,0,0,20,0,20,0,4,28,2,34,2,0,2,36
08/27/2021,ABY,GA,ASO,ES,Federal Contract Tower,0,4,4,0,8,0,0,10,0,10,0,4,14,0,18,0,0,0,18
08/28/2021,ABY,GA,ASO,ES,Federal Contract Tower,0,6,16,0,22,0,0,4,0,4,0,6,20,0,26,12,0,12,38
08/29/2021,ABY,GA,ASO,ES,Federal Contract Tower,0,6,4,0,10,0,0,0,0,0,0,6,4,0,10,0,0,0,10
08/30/2021,ABY,GA,ASO,ES,Federal Contract Tower,0,8,7,0,15,0,0,3,0,3,0,8,10,0,18,0,0,0,18
08/31/2021,ABY,GA,ASO,ES,Federal Contract Tower,0,4,0,0,4,0,0,4,0,4,0,4,4,0,8,0,0,0,8
09/01/2021,ABY,GA,ASO,ES,Federal Contract Tower,0,4,6,0,10,0,0,9,3,12,0,4,15,3,22,12,14,26,48
09/02/2021,ABY,GA,ASO,ES,Federal Contract Tower,0,4,9,2,15,0,0,10,5,15,0,4,19,7,30,4,4,8,38
09/03/2021,ABY,GA,ASO,ES,Federal Contract Tower,0,4,4,0,8,0,0,25,4,29,0,4,29,4,37,6,0,6,43
09/04/2021,ABY,GA,ASO,ES,Federal Contract Tower,0,5,5,0,10,0,0,21,0,21,0,5,26,0,31,4,0,4,35
09/05/2021,ABY,GA,ASO,ES,Federal Contract Tower,0,6,3,0,9,0,3,13,0,16,0,9,16,0,25,11,0,11,36
09/06/2021,ABY,GA,ASO,ES,Federal Contract Tower,0,5,4,0,9,0,0,11,0,11,0,5,15,0,20,16,0,16,36
09/07/2021,ABY,GA,ASO,ES,Federal Contract Tower,0,4,10,2,16,0,2,7,0,9,0,6,17,2,25,0,0,0,25
09/08/2021,ABY,GA,ASO,ES,Federal Contract Tower,0,6,5,4,15,0,0,2,0,2,0,6,7,4,17,0,0,0,17
09/09/2021,ABY,GA,ASO,ES,Federal Contract Tower,0,7,9,4,20,0,0,1,0,1,0,7,10,4,21,0,0,0,21
09/10/2021,ABY,GA,ASO,ES,Federal Contract Tower,0,5,8,2,15,0,0,49,2,51,0,5,57,4,66,6,28,34,100
09/11/2021,ABY,GA,ASO,ES,Federal Contract Tower,0,4,8,0,12,0,0,12,0,12,0,4,20,0,24,0,0,0,24
09/12/2021,ABY,GA,ASO,ES,Federal Contract Tower,0,7,8,0,15,0,0,9,0,9,0,7,17,0,24,0,0,0,24
09/13/2021,ABY,GA,ASO,ES,Federal Contract Tower,0,7,3,4,14,0,0,19,0,19,0,7,22,4,33,0,0,0,33
09/14/2021,ABY,GA,ASO,ES,Federal Contract Tower,0,4,10,3,17,0,0,16,0,16,0,4,26,3,33,0,0,0,33
09/15/2021,ABY,GA,ASO,ES,Federal Contract Tower,0,8,14,0,22,0,0,13,0,13,0,8,27,0,35,0,0,0,35
09/16/2021,ABY,GA,ASO,ES,Federal Contract Tower,0,13,12,0,25,0,0,4,0,4,0,13,16,0,29,0,0,0,29
09/17/2021,ABY,GA,ASO,ES,Federal Contract Tower,0,5,6,9,20,0,0,5,0,5,0,5,11,9,25,0,0,0,25
09/18/2021,ABY,GA,ASO,ES,Federal Contract Tower,0,6,9,0,15,0,1,3,0,4,0,7,12,0,19,0,0,0,19
09/19/2021,ABY,GA,ASO,ES,Federal Contract Tower,0,5,6,0,11,0,0,4,8,12,0,5,10,8,23,0,0,0,23
09/20/2021,ABY,GA,ASO,ES,Federal Contract Tower,0,5,6,2,13,0,0,7,0,7,0,5,13,2,20,12,0,12,32
09/21/2021,ABY,GA,ASO,ES,Federal Contract Tower,0,5,5,2,12,0,0,16,0,16,0,5,21,2,28,32,0,32,60
09/22/2021,ABY,GA,ASO,ES,Federal Contract Tower,0,7,13,0,20,0,0,3,0,3,0,7,16,0,23,4,0,4,27
09/23/2021,ABY,GA,ASO,ES,Federal Contract Tower,0,6,8,6,20,0,0,15,2,17,0,6,23,8,37,36,0,36,73
09/24/2021,ABY,GA,ASO,ES,Federal Contract Tower,0,8,10,8,26,0,0,14,2,16,0,8,24,10,42,4,38,42,84
09/25/2021,ABY,GA,ASO,ES,Federal Contract Tower,0,5,13,0,18,0,3,7,0,10,0,8,20,0,28,0,0,0,28
09/26/2021,ABY,GA,ASO,ES,Federal Contract Tower,0,12,14,0,26,0,0,19,0,19,0,12,33,0,45,4,0,4,49
09/27/2021,ABY,GA,ASO,ES,Federal Contract Tower,0,5,9,6,20,0,0,13,2,15,0,5,22,8,35,6,22,28,63
09/28/2021,ABY,GA,ASO,ES,Federal Contract Tower,0,7,5,5,17,0,0,16,3,19,0,7,21,8,36,0,16,16,52
09/29/2021,ABY,GA,ASO,ES,Federal Contract Tower,0,7,10,0,17,0,0,15,1,16,0,7,25,1,33,0,10,10,43
09/30/2021,ABY,GA,ASO,ES,Federal Contract Tower,0,7,17,0,24,0,0,11,4,15,0,7,28,4,39,0,18,18,57
10/01/2021,ABY,GA,ASO,ES,Federal Contract Tower,0,7,14,0,21,0,0,13,2,15,0,7,27,2,36,6,2,8,44
10/02/2021,ABY,GA,ASO,ES,Federal Contract Tower,0,5,9,0,14,0,0,2,0,2,0,5,11,0,16,6,0,6,22
10/03/2021,ABY,GA,ASO,ES,Federal Contract Tower,0,5,5,0,10,0,0,2,0,2,0,5,7,0,12,0,0,0,12
10/04/2021,ABY,GA,ASO,ES,Federal Contract Tower,0,6,1,2,9,0,0,3,0,3,0,6,4,2,12,4,2,6,18
10/05/2021,ABY,GA,ASO,ES,Federal Contract Tower,0,6,8,4,18,0,0,0,0,0,0,6,8,4,18,0,0,0,18
10/06/2021,ABY,GA,ASO,ES,Federal Contract Tower,0,6,4,5,15,0,0,4,0,4,0,6,8,5,19,0,6,6,25
10/07/2021,ABY,GA,ASO,ES,Federal Contract Tower,0,9,1,4,14,0,0,4,0,4,0,9,5,4,18,0,0,0,18
10/08/2021,ABY,GA,ASO,ES,Federal Contract Tower,1,8,11,0,20,0,0,16,0,16,1,8,27,0,36,0,0,0,36
10/09/2021,ABY,GA,ASO,ES,Federal Contract Tower,0,7,9,0,16,0,0,16,0,16,0,7,25,0,32,0,0,0,32
10/10/2021,ABY,GA,ASO,ES,Federal Contract Tower,0,6,8,2,16,0,0,19,0,19,0,6,27,2,35,20,10,30,65
10/11/2021,ABY,GA,ASO,ES,Federal Contract Tower,0,5,17,0,22,0,0,17,3,20,0,5,34,3,42,12,0,12,54
10/12/2021,ABY,GA,ASO,ES,Federal Contract Tower,0,5,10,3,18,0,0,18,1,19,0,5,28,4,37,18,0,18,55
10/13/2021,ABY,GA,ASO,ES,Federal Contract Tower,0,7,11,4,22,0,2,19,0,21,0,9,30,4,43,6,0,6,49
10/14/2021,ABY,GA,ASO,ES,Federal Contract Tower,0,6,12,0,18,0,1,19,0,20,0,7,31,0,38,2,24,26,64
10/15/2021,ABY,GA,ASO,ES,Federal Contract Tower,0,7,11,0,18,0,0,18,0,18,0,7,29,0,36,6,22,28,64
10/16/2021,ABY,GA,ASO,ES,Federal Contract Tower,0,8,10,0,18,0,0,11,0,11,0,8,21,0,29,0,0,0,29
10/17/2021,ABY,GA,ASO,ES,Federal Contract Tower,0,7,7,1,15,0,0,24,0,24,0,7,31,1,39,6,0,6,45
10/18/2021,ABY,GA,ASO,ES,Federal Contract Tower,0,7,11,2,20,0,0,8,2,10,0,7,19,4,30,14,12,26,56
10/19/2021,ABY,GA,ASO,ES,Federal Contract Tower,0,5,11,0,16,0,3,13,0,16,0,8,24,0,32,2,0,2,34
10/20/2021,ABY,GA,ASO,ES,Federal Contract Tower,0,5,16,0,21,0,0,23,0,23,0,5,39,0,44,0,0,0,44
10/21/2021,ABY,GA,ASO,ES,Federal Contract Tower,0,5,12,7,24,0,0,5,0,5,0,5,17,7,29,0,14,14,43
10/22/2021,ABY,GA,ASO,ES,Federal Contract Tower,0,5,8,2,15,0,0,19,0,19,0,5,27,2,34,6,8,14,48
10/23/2021,ABY,GA,ASO,ES,Federal Contract Tower,0,6,9,0,15,0,0,20,2,22,0,6,29,2,37,0,0,0,37
10/24/2021,ABY,GA,ASO,ES,Federal Contract Tower,0,8,13,1,22,0,2,9,1,12,0,10,22,2,34,0,0,0,34
10/25/2021,ABY,GA,ASO,ES,Federal Contract Tower,0,5,6,2,13,0,0,6,0,6,0,5,12,2,19,8,2,10,29
10/26/2021,ABY,GA,ASO,ES,Federal Contract Tower,0,7,7,0,14,0,0,19,3,22,0,7,26,3,36,6,18,24,60
10/27/2021,ABY,GA,ASO,ES,Federal Contract Tower,0,5,16,5,26,0,0,13,0,13,0,5,29,5,39,2,0,2,41
10/28/2021,ABY,GA,ASO,ES,Federal Contract Tower,0,6,3,10,19,0,0,2,3,5,0,6,5,13,24,0,22,22,46
10/29/2021,ABY,GA,ASO,ES,Federal Contract Tower,0,5,17,0,22,0,0,23,0,23,0,5,40,0,45,20,14,34,79
10/30/2021,ABY,GA,ASO,ES,Federal Contract Tower,0,5,9,0,14,0,0,2,0,2,0,5,11,0,16,0,0,0,16
10/31/2021,ABY,GA,ASO,ES,Federal Contract Tower,0,3,6,0,9,0,0,10,0,10,0,3,16,0,19,6,0,6,25
11/01/2021,ABY,GA,ASO,ES,Federal Contract Tower,0,8,4,0,12,0,0,10,4,14,0,8,14,4,26,12,32,44,70
11/02/2021,ABY,GA,ASO,ES,Federal Contract Tower,0,7,6,0,13,0,0,17,0,17,0,7,23,0,30,0,0,0,30
11/03/2021,ABY,GA,ASO,ES,Federal Contract Tower,0,9,8,4,21,0,0,15,2,17,0,9,23,6,38,2,52,54,92
11/04/2021,ABY,GA,ASO,ES,Federal Contract Tower,0,8,16,9,33,0,0,14,2,16,0,8,30,11,49,2,54,56,105
11/05/2021,ABY,GA,ASO,ES,Federal Contract Tower,0,4,13,2,19,0,0,5,3,8,0,4,18,5,27,0,20,20,47
11/06/2021,ABY,GA,ASO,ES,Federal Contract Tower,0,5,2,0,7,0,0,11,0,11,0,5,13,0,18,0,0,0,18
11/07/2021,ABY,GA,ASO,ES,Federal Contract Tower,0,4,16,0,20,0,0,15,0,15,0,4,31,0,35,12,0,12,47
11/08/2021,ABY,GA,ASO,ES,Federal Contract Tower,0,5,11,0,16,0,2,26,0,28,0,7,37,0,44,4,0,4,48
11/09/2021,ABY,GA,ASO,ES,Federal Contract Tower,0,6,3,3,12,0,0,19,2,21,0,6,22,5,33,0,14,14,47
11/10/2021,ABY,GA,ASO,ES,Federal Contract Tower,0,7,19,6,32,0,0,33,2,35,0,7,52,8,67,4,14,18,85
11/11/2021,ABY,GA,ASO,ES,Federal Contract Tower,0,5,13,0,18,0,0,6,9,15,0,5,19,9,33,2,0,2,35
11/12/2021,ABY,GA,ASO,ES,Federal Contract Tower,0,16,11,0,27,0,0,20,0,20,0,16,31,0,47,8,0,8,55
11/13/2021,ABY,GA,ASO,ES,Federal Contract Tower,0,5,5,2,12,0,0,15,0,15,0,5,20,2,27,0,0,0,27
11/14/2021,ABY,GA,ASO,ES,Federal Contract Tower,0,10,10,0,20,0,2,17,0,19,0,12,27,0,39,2,0,2,41
11/15/2021,ABY,GA,ASO,ES,Federal Contract Tower,0,12,4,4,20,0,0,20,3,23,0,12,24,7,43,6,16,22,65
11/16/2021,ABY,GA,ASO,ES,Federal Contract Tower,0,9,17,2,28,0,0,25,2,27,0,9,42,4,55,8,16,24,79
11/17/2021,ABY,GA,ASO,ES,Federal Contract Tower,0,7,16,2,25,0,1,17,0,18,0,8,33,2,43,18,0,18,61
11/18/2021,ABY,GA,ASO,ES,Federal Contract Tower,0,13,26,2,41,0,0,23,0,23,0,13,49,2,64,4,2,6,70
11/19/2021,ABY,GA,ASO,ES,Federal Contract Tower,0,6,24,2,32,0,0,21,0,21,0,6,45,2,53,2,0,2,55
11/20/2021,ABY,GA,ASO,ES,Federal Contract Tower,0,9,13,0,22,0,0,10,0,10,0,9,23,0,32,18,0,18,50
11/21/2021,ABY,GA,ASO,ES,Federal Contract Tower,0,7,10,1,18,0,0,11,0,11,0,7,21,1,29,14,0,14,43
11/22/2021,ABY,GA,ASO,ES,Federal Contract Tower,0,6,9,0,15,0,0,3,0,3,0,6,12,0,18,0,0,0,18
11/23/2021,ABY,GA,ASO,ES,Federal Contract Tower,0,12,8,0,20,0,0,17,2,19,0,12,25,2,39,36,14,50,89
11/24/2021,ABY,GA,ASO,ES,Federal Contract Tower,1,15,12,3,31,0,0,27,1,28,1,15,39,4,59,12,0,12,71
11/25/2021,ABY,GA,ASO,ES,Federal Contract Tower,0,6,6,0,12,0,0,1,0,1,0,6,7,0,13,0,0,0,13
11/26/2021,ABY,GA,ASO,ES,Federal Contract Tower,3,7,6,0,16,0,0,7,0,7,3,7,13,0,23,0,0,0,23
11/27/2021,ABY,GA,ASO,ES,Federal Contract Tower,0,10,17,0,27,0,0,13,0,13,0,10,30,0,40,4,0,4,44
11/28/2021,ABY,GA,ASO,ES,Federal Contract Tower,0,6,17,0,23,0,0,5,0,5,0,6,22,0,28,4,0,4,32
11/29/2021,ABY,GA,ASO,ES,Federal Contract Tower,0,11,13,4,28,0,0,17,0,17,0,11,30,4,45,8,0,8,53
11/30/2021,ABY,GA,ASO,ES,Federal Contract Tower,0,7,15,0,22,0,1,22,2,25,0,8,37,2,47,14,20,34,81
12/01/2021,ABY,GA,ASO,ES,Federal Contract Tower,8,8,24,4,44,0,0,8,0,8,8,8,32,4,52,2,2,4,56
12/02/2021,ABY,GA,ASO,ES,Federal Contract Tower,9,13,16,4,42,0,0,9,4,13,9,13,25,8,55,0,32,32,87
12/03/2021,ABY,GA,ASO,ES,Federal Contract Tower,4,11,2,2,19,0,0,17,2,19,4,11,19,4,38,8,10,18,56
12/04/2021,ABY,GA,ASO,ES,Federal Contract Tower,2,11,7,0,20,0,0,16,0,16,2,11,23,0,36,0,0,0,36
12/05/2021,ABY,GA,ASO,ES,Federal Contract Tower,0,17,17,2,36,0,1,6,3,10,0,18,23,5,46,0,0,0,46
12/06/2021,ABY,GA,ASO,ES,Federal Contract Tower,0,8,9,0,17,0,0,5,0,5,0,8,14,0,22,0,0,0,22
12/07/2021,ABY,GA,ASO,ES,Federal Contract Tower,8,10,16,4,38,0,0,0,0,0,8,10,16,4,38,0,0,0,38
12/08/2021,ABY,GA,ASO,ES,Federal Contract Tower,6,9,6,2,23,0,0,2,0,2,6,9,8,2,25,0,0,0,25
12/09/2021,ABY,GA,ASO,ES,Federal Contract Tower,8,15,14,2,39,0,0,0,0,0,8,15,14,2,39,0,0,0,39
12/10/2021,ABY,GA,ASO,ES,Federal Contract Tower,8,13,23,0,44,0,0,1,0,1,8,13,24,0,45,0,0,0,45
12/11/2021,ABY,GA,ASO,ES,Federal Contract Tower,2,5,8,0,15,0,0,0,0,0,2,5,8,0,15,0,0,0,15
12/12/2021,ABY,GA,ASO,ES,Federal Contract Tower,0,14,10,0,24,0,0,10,2,12,0,14,20,2,36,6,0,6,42
12/13/2021,ABY,GA,ASO,ES,Federal Contract Tower,0,7,16,0,23,0,0,12,0,12,0,7,28,0,35,12,0,12,47
12/14/2021,ABY,GA,ASO,ES,Federal Contract Tower,9,13,10,7,39,0,0,20,2,22,9,13,30,9,61,32,82,114,175
12/15/2021,ABY,GA,ASO,ES,Federal Contract Tower,9,9,16,3,37,0,1,13,0,14,9,10,29,3,51,34,38,72,123
12/16/2021,ABY,GA,ASO,ES,Federal Contract Tower,9,9,23,4,45,0,0,5,0,5,9,9,28,4,50,8,0,8,58
12/17/2021,ABY,GA,ASO,ES,Federal Contract Tower,2,15,9,0,26,0,0,9,3,12,2,15,18,3,38,22,0,22,60
12/18/2021,ABY,GA,ASO,ES,Federal Contract Tower,6,11,13,0,30,0,0,7,0,7,6,11,20,0,37,0,0,0,37
12/19/2021,ABY,GA,ASO,ES,Federal Contract Tower,0,9,6,0,15,0,0,1,0,1,0,9,7,0,16,0,0,0,16
12/21/2021,ABY,GA,ASO,ES,Federal Contract Tower,8,7,7,0,22,0,0,0,0,0,8,7,7,0,22,0,0,0,22
12/22/2021,ABY,GA,ASO,ES,Federal Contract Tower,8,7,16,0,31,0,0,11,0,11,8,7,27,0,42,0,0,0,42
12/23/2021,ABY,GA,ASO,ES,Federal Contract Tower,8,6,7,0,21,0,0,18,0,18,8,6,25,0,39,12,0,12,51
12/24/2021,ABY,GA,ASO,ES,Federal Contract Tower,7,5,8,0,20,0,0,15,0,15,7,5,23,0,35,0,0,0,35
12/25/2021,ABY,GA,ASO,ES,Federal Contract Tower,0,5,0,0,5,0,0,2,0,2,0,5,2,0,7,0,0,0,7
12/26/2021,ABY,GA,ASO,ES,Federal Contract Tower,0,3,15,0,18,0,0,4,0,4,0,3,19,0,22,0,0,0,22
12/27/2021,ABY,GA,ASO,ES,Federal Contract Tower,0,6,19,0,25,0,0,1,0,1,0,6,20,0,26,0,0,0,26
12/28/2021,ABY,GA,ASO,ES,Federal Contract Tower,7,7,17,2,33,0,0,6,0,6,7,7,23,2,39,0,0,0,39
12/29/2021,ABY,GA,ASO,ES,Federal Contract Tower,7,8,10,0,25,0,0,0,0,0,7,8,10,0,25,0,0,0,25
12/30/2021,ABY,GA,ASO,ES,Federal Contract Tower,6,11,12,0,29,0,0,2,0,2,6,11,14,0,31,0,0,0,31
12/31/2021,ABY,GA,ASO,ES,Federal Contract Tower,6,5,6,0,17,0,0,0,0,0,6,5,6,0,17,0,0,0,17
01/01/2022,ABY,GA,ASO,ES,Federal Contract Tower,0,7,9,0,16,0,0,0,0,0,0,7,9,0,16,0,0,0,16
01/02/2022,ABY,GA,ASO,ES,Federal Contract Tower,0,3,7,0,10,0,0,1,0,1,0,3,8,0,11,0,0,0,11
01/03/2022,ABY,GA,ASO,ES,Federal Contract Tower,0,5,26,0,31,0,0,9,0,9,0,5,35,0,40,8,0,8,48
01/04/2022,ABY,GA,ASO,ES,Federal Contract Tower,0,7,15,2,24,0,0,23,2,25,0,7,38,4,49,8,18,26,75
01/05/2022,ABY,GA,ASO,ES,Federal Contract Tower,0,6,17,2,25,0,0,11,2,13,0,6,28,4,38,24,17,41,79
01/06/2022,ABY,GA,ASO,ES,Federal Contract Tower,2,13,16,4,35,0,0,4,4,8,2,13,20,8,43,0,32,32,75
01/07/2022,ABY,GA,ASO,ES,Federal Contract Tower,0,6,14,4,24,0,0,16,9,25,0,6,30,13,49,38,44,82,131
01/08/2022,ABY,GA,ASO,ES,Federal Contract Tower,1,16,13,0,30,0,0,17,0,17,1,16,30,0,47,0,0,0,47
01/09/2022,ABY,GA,ASO,ES,Federal Contract Tower,0,14,14,0,28,0,2,7,0,9,0,16,21,0,37,0,0,0,37
01/10/2022,ABY,GA,ASO,ES,Federal Contract Tower,0,7,15,4,26,0,2,11,0,13,0,9,26,4,39,0,6,6,45
01/11/2022,ABY,GA,ASO,ES,Federal Contract Tower,0,6,25,6,37,0,0,25,3,28,0,6,50,9,65,46,26,72,137
01/12/2022,ABY,GA,ASO,ES,Federal Contract Tower,0,5,15,2,22,0,2,33,0,35,0,7,48,2,57,6,34,40,97
01/13/2022,ABY,GA,ASO,ES,Federal Contract Tower,0,7,11,2,20,0,0,21,0,21,0,7,32,2,41,8,0,8,49
01/14/2022,ABY,GA,ASO,ES,Federal Contract Tower,0,10,12,0,22,0,0,23,4,27,0,10,35,4,49,0,16,16,65
01/15/2022,ABY,GA,ASO,ES,Federal Contract Tower,0,6,5,0,11,0,0,18,0,18,0,6,23,0,29,10,0,10,39
01/16/2022,ABY,GA,ASO,ES,Federal Contract Tower,0,8,6,0,14,0,0,0,0,0,0,8,6,0,14,0,0,0,14
01/17/2022,ABY,GA,ASO,ES,Federal Contract Tower,0,5,10,0,15,0,0,11,0,11,0,5,21,0,26,0,0,0,26
01/18/2022,ABY,GA,ASO,ES,Federal Contract Tower,1,6,8,4,19,0,1,29,0,30,1,7,37,4,49,51,42,93,142
01/19/2022,ABY,GA,ASO,ES,Federal Contract Tower,0,3,15,0,18,0,0,30,0,30,0,3,45,0,48,14,38,52,100
01/20/2022,ABY,GA,ASO,ES,Federal Contract Tower,0,9,10,2,21,0,0,0,0,0,0,9,10,2,21,0,0,0,21
01/21/2022,ABY,GA,ASO,ES,Federal Contract Tower,0,7,8,4,19,0,0,0,0,0,0,7,8,4,19,0,4,4,23
01/22/2022,ABY,GA,ASO,ES,Federal Contract Tower,0,5,18,0,23,0,0,0,0,0,0,5,18,0,23,6,0,6,29
01/23/2022,ABY,GA,ASO,ES,Federal Contract Tower,0,11,12,0,23,0,0,14,0,14,0,11,26,0,37,0,0,0,37
01/24/2022,ABY,GA,ASO,ES,Federal Contract Tower,0,7,7,0,14,0,2,8,0,10,0,9,15,0,24,26,18,44,68
01/25/2022,ABY,GA,ASO,ES,Federal Contract Tower,0,12,19,7,38,0,0,2,0,2,0,12,21,7,40,14,28,42,82
01/26/2022,ABY,GA,ASO,ES,Federal Contract Tower,0,5,20,4,29,0,0,15,0,15,0,5,35,4,44,2,0,2,46
01/27/2022,ABY,GA,ASO,ES,Federal Contract Tower,0,12,12,2,26,0,0,8,2,10,0,12,20,4,36,0,6,6,42
01/28/2022,ABY,GA,ASO,ES,Federal Contract Tower,0,11,13,6,30,0,0,17,3,20,0,11,30,9,50,10,22,32,82
01/29/2022,ABY,GA,ASO,ES,Federal Contract Tower,1,6,9,0,16,0,0,9,2,11,1,6,18,2,27,0,0,0,27
01/30/2022,ABY,GA,ASO,ES,Federal Contract Tower,0,8,12,0,20,0,0,19,3,22,0,8,31,3,42,0,0,0,42
01/31/2022,ABY,GA,ASO,ES,Federal Contract Tower,0,8,13,2,23,0,0,9,0,9,0,8,22,2,32,2,0,2,34
02/01/2022,ABY,GA,ASO,ES,Federal Contract Tower,1,4,14,0,19,0,0,11,0,11,1,4,25,0,30,8,0,8,38
02/02/2022,ABY,GA,ASO,ES,Federal Contract Tower,0,8,17,11,36,0,0,10,13,23,0,8,27,24,59,14,28,42,101
02/03/2022,ABY,GA,ASO,ES,Federal Contract Tower,0,5,14,7,26,0,0,3,0,3,0,5,17,7,29,0,18,18,47
02/04/2022,ABY,GA,ASO,ES,Federal Contract Tower,0,9,3,0,12,0,0,0,0,0,0,9,3,0,12,0,0,0,12
02/05/2022,ABY,GA,ASO,ES,Federal Contract Tower,1,4,11,4,20,0,0,9,0,9,1,4,20,4,29,0,0,0,29
02/06/2022,ABY,GA,ASO,ES,Federal Contract Tower,0,15,15,1,31,0,0,4,0,4,0,15,19,1,35,0,0,0,35
02/07/2022,ABY,GA,ASO,ES,Federal Contract Tower,0,7,10,0,17,0,0,0,0,0,0,7,10,0,17,0,0,0,17
02/08/2022,ABY,GA,ASO,ES,Federal Contract Tower,0,9,16,5,30,0,0,11,0,11,0,9,27,5,41,48,30,78,119
02/09/2022,ABY,GA,ASO,ES,Federal Contract Tower,0,5,18,2,25,0,0,14,2,16,0,5,32,4,41,38,40,78,119
02/10/2022,ABY,GA,ASO,ES,Federal Contract Tower,0,8,13,6,27,0,0,15,4,19,0,8,28,10,46,30,44,74,120
02/11/2022,ABY,GA,ASO,ES,Federal Contract Tower,0,7,17,4,28,0,0,32,7,39,0,7,49,11,67,0,8,8,75
02/12/2022,ABY,GA,ASO,ES,Federal Contract Tower,1,6,8,0,15,0,0,17,0,17,1,6,25,0,32,14,0,14,46
02/13/2022,ABY,GA,ASO,ES,Federal Contract Tower,0,9,15,3,27,0,0,16,3,19,0,9,31,6,46,8,0,8,54
02/14/2022,ABY,GA,ASO,ES,Federal Contract Tower,0,10,10,2,22,0,0,25,0,25,0,10,35,2,47,0,10,10,57
02/15/2022,ABY,GA,ASO,ES,Federal Contract Tower,0,7,11,2,20,0,0,16,2,18,0,7,27,4,38,0,14,14,52
02/16/2022,ABY,GA,ASO,ES,Federal Contract Tower,0,4,14,2,20,0,0,11,3,14,0,4,25,5,34,6,20,26,60
02/17/2022,ABY,GA,ASO,ES,Federal Contract Tower,1,10,9,10,30,0,0,3,4,7,1,10,12,14,37,0,14,14,51
02/18/2022,ABY,GA,ASO,ES,Federal Contract Tower,0,11,22,7,40,0,0,20,3,23,0,11,42,10,63,2,0,2,65
02/19/2022,ABY,GA,ASO,ES,Federal Contract Tower,0,6,3,0,9,0,0,15,0,15,0,6,18,0,24,4,0,4,28
02/20/2022,ABY,GA,ASO,ES,Federal Contract Tower,0,7,13,1,21,0,0,21,1,22,0,7,34,2,43,2,0,2,45
02/21/2022,ABY,GA,ASO,ES,Federal Contract Tower,0,12,17,0,29,0,0,5,0,5,0,12,22,0,34,0,0,0,34
02/22/2022,ABY,GA,ASO,ES,Federal Contract Tower,2,7,12,0,21,0,0,7,2,9,2,7,19,2,30,2,20,22,52
02/23/2022,ABY,GA,ASO,ES,Federal Contract Tower,1,6,14,0,21,0,0,11,0,11,1,6,25,0,32,2,0,2,34
02/24/2022,ABY,GA,ASO,ES,Federal Contract Tower,2,13,16,0,31,0,0,5,1,6,2,13,21,1,37,0,0,0,37
02/25/2022,ABY,GA,ASO,ES,Federal Contract Tower,1,17,23,4,45,0,0,3,1,4,1,17,26,5,49,0,20,20,69
02/26/2022,ABY,GA,ASO,ES,Federal Contract Tower,0,3,2,0,5,0,0,21,0,21,0,3,23,0,26,0,0,0,26
02/27/2022,ABY,GA,ASO,ES,Federal Contract Tower,0,14,24,0,38,0,1,14,2,17,0,15,38,2,55,0,0,0,55
02/28/2022,ABY,GA,ASO,ES,Federal Contract Tower,0,8,10,4,22,0,1,5,1,7,0,9,15,5,29,0,0,0,29
03/01/2022,ABY,GA,ASO,ES,Federal Contract Tower,0,3,7,2,12,0,2,14,4,20,0,5,21,6,32,2,32,34,66
03/02/2022,ABY,GA,ASO,ES,Federal Contract Tower,0,6,14,5,25,0,0,8,3,11,0,6,22,8,36,12,50,62,98
03/03/2022,ABY,GA,ASO,ES,Federal Contract Tower,0,10,6,1,17,0,0,21,2,23,0,10,27,3,40,38,18,56,96
03/04/2022,ABY,GA,ASO,ES,Federal Contract Tower,0,9,4,8,21,0,0,25,1,26,0,9,29,9,47,12,10,22,69
03/05/2022,ABY,GA,ASO,ES,Federal Contract Tower,0,4,11,0,15,0,0,18,0,18,0,4,29,0,33,4,0,4,37
03/06/2022,ABY,GA,ASO,ES,Federal Contract Tower,0,11,15,8,34,0,0,10,4,14,0,11,25,12,48,2,2,4,52
03/07/2022,ABY,GA,ASO,ES,Federal Contract Tower,0,7,7,16,30,0,0,13,0,13,0,7,20,16,43,0,28,28,71
03/08/2022,ABY,GA,ASO,ES,Federal Contract Tower,0,8,12,8,28,0,0,2,2,4,0,8,14,10,32,2,30,32,64
03/09/2022,ABY,GA,ASO,ES,Federal Contract Tower,0,5,7,0,12,0,0,0,0,0,0,5,7,0,12,0,0,0,12
03/10/2022,ABY,GA,ASO,ES,Federal Contract Tower,0,9,9,0,18,0,0,0,0,0,0,9,9,0,18,0,0,0,18
03/11/2022,ABY,GA,ASO,ES,Federal Contract Tower,0,6,6,0,12,0,0,0,0,0,0,6,6,0,12,0,0,0,12
03/12/2022,ABY,GA,ASO,ES,Federal Contract Tower,0,8,12,0,20,0,0,0,0,0,0,8,12,0,20,0,0,0,20
03/13/2022,ABY,GA,ASO,ES,Federal Contract Tower,0,7,11,0,18,0,0,30,0,30,0,7,41,0,48,26,0,26,74
03/14/2022,ABY,GA,ASO,ES,Federal Contract Tower,0,10,11,4,25,0,0,21,0,21,0,10,32,4,46,2,32,34,80
03/15/2022,ABY,GA,ASO,ES,Federal Contract Tower,0,7,6,2,15,0,0,8,0,8,0,7,14,2,23,12,0,12,35
03/16/2022,ABY,GA,ASO,ES,Federal Contract Tower,0,9,8,0,17,0,0,4,0,4,0,9,12,0,21,0,0,0,21
03/17/2022,ABY,GA,ASO,ES,Federal Contract Tower,2,12,17,0,31,0,0,16,0,16,2,12,33,0,47,2,0,2,49
03/18/2022,ABY,GA,ASO,ES,Federal Contract Tower,2,6,11,0,19,0,0,3,0,3,2,6,14,0,22,0,0,0,22
03/19/2022,ABY,GA,ASO,ES,Federal Contract Tower,0,4,11,0,15,0,0,7,0,7,0,4,18,0,22,4,0,4,26
03/20/2022,ABY,GA,ASO,ES,Federal Contract Tower,0,7,9,0,16,0,0,25,0,25,0,7,34,0,41,14,0,14,55
03/21/2022,ABY,GA,ASO,ES,Federal Contract Tower,0,5,7,0,12,0,0,8,6,14,0,5,15,6,26,0,54,54,80
03/22/2022,ABY,GA,ASO,ES,Federal Contract Tower,0,5,7,1,13,0,0,10,5,15,0,5,17,6,28,16,12,28,56
03/23/2022,ABY,GA,ASO,ES,Federal Contract Tower,0,5,2,0,7,0,0,0,0,0,0,5,2,0,7,0,0,0,7
03/24/2022,ABY,GA,ASO,ES,Federal Contract Tower,0,6,15,0,21,0,0,11,0,11,0,6,26,0,32,6,0,6,38
03/25/2022,ABY,GA,ASO,ES,Federal Contract Tower,0,5,9,1,15,0,1,6,4,11,0,6,15,5,26,2,12,14,40
03/26/2022,ABY,GA,ASO,ES,Federal Contract Tower,0,3,8,0,11,0,0,6,0,6,0,3,14,0,17,2,0,2,19
03/27/2022,ABY,GA,ASO,ES,Federal Contract Tower,0,5,8,0,13,0,0,15,3,18,0,5,23,3,31,0,0,0,31
03/28/2022,ABY,GA,ASO,ES,Federal Contract Tower,0,5,12,6,23,0,0,9,2,11,0,5,21,8,34,0,22,22,56
03/29/2022,ABY,GA,ASO,ES,Federal Contract Tower,0,6,7,3,16,0,2,11,0,13,0,8,18,3,29,14,32,46,75
03/30/2022,ABY,GA,ASO,ES,Federal Contract Tower,0,3,10,0,13,0,2,9,0,11,0,5,19,0,24,0,0,0,24
03/31/2022,ABY,GA,ASO,ES,Federal Contract Tower,1,5,7,0,13,0,0,2,0,2,1,5,9,0,15,0,16,16,31
04/01/2022,ABY,GA,ASO,ES,Federal Contract Tower,0,6,14,1,21,0,0,9,5,14,0,6,23,6,35,12,46,58,93
04/02/2022,ABY,GA,ASO,ES,Federal Contract Tower,0,3,3,0,6,0,0,5,0,5,0,3,8,0,11,2,0,2,13
04/03/2022,ABY,GA,ASO,ES,Federal Contract Tower,0,7,16,0,23,0,0,16,0,16,0,7,32,0,39,4,0,4,43
04/04/2022,ABY,GA,ASO,ES,Federal Contract Tower,0,5,10,0,15,0,0,10,0,10,0,5,20,0,25,0,0,0,25
04/05/2022,ABY,GA,ASO,ES,Federal Contract Tower,0,4,2,8,14,0,0,0,0,0,0,4,2,8,14,0,0,0,14
04/06/2022,ABY,GA,ASO,ES,Federal Contract Tower,0,8,4,0,12,0,0,1,0,1,0,8,5,0,13,0,0,0,13
04/07/2022,ABY,GA,ASO,ES,Federal Contract Tower,0,5,18,0,23,0,0,11,0,11,0,5,29,0,34,4,0,4,38
04/08/2022,ABY,GA,ASO,ES,Federal Contract Tower,0,5,5,6,16,0,1,3,0,4,0,6,8,6,20,2,12,14,34
04/09/2022,ABY,GA,ASO,ES,Federal Contract Tower,0,3,6,0,9,0,0,7,0,7,0,3,13,0,16,7,0,7,23
04/10/2022,ABY,GA,ASO,ES,Federal Contract Tower,0,5,11,0,16,0,0,16,0,16,0,5,27,0,32,24,0,24,56
04/11/2022,ABY,GA,ASO,ES,Federal Contract Tower,0,5,14,2,21,0,0,9,2,11,0,5,23,4,32,8,0,8,40
04/12/2022,ABY,GA,ASO,ES,Federal Contract Tower,0,7,11,4,22,0,0,11,1,12,0,7,22,5,34,6,20,26,60
04/13/2022,ABY,GA,ASO,ES,Federal Contract Tower,0,5,11,0,16,0,0,11,0,11,0,5,22,0,27,4,0,4,31
04/14/2022,ABY,GA,ASO,ES,Federal Contract Tower,0,5,14,0,19,0,0,1,0,1,0,5,15,0,20,12,0,12,32
04/15/2022,ABY,GA,ASO,ES,Federal Contract Tower,0,6,9,0,15,0,1,21,2,24,0,7,30,2,39,14,12,26,65
04/16/2022,ABY,GA,ASO,ES,Federal Contract Tower,0,3,4,0,7,0,0,1,0,1,0,3,5,0,8,10,0,10,18
04/17/2022,ABY,GA,ASO,ES,Federal Contract Tower,0,6,6,1,13,0,0,2,1,3,0,6,8,2,16,0,0,0,16
04/18/2022,ABY,GA,ASO,ES,Federal Contract Tower,0,7,6,2,15,0,0,2,0,2,0,7,8,2,17,0,0,0,17
04/19/2022,ABY,GA,ASO,ES,Federal Contract Tower,0,12,1,4,17,0,0,17,0,17,0,12,18,4,34,22,0,22,56
04/20/2022,ABY,GA,ASO,ES,Federal Contract Tower,0,5,13,0,18,0,0,14,0,14,0,5,27,0,32,6,0,6,38
04/21/2022,ABY,GA,ASO,ES,Federal Contract Tower,0,5,5,4,14,0,0,20,0,20,0,5,25,4,34,14,8,22,56
04/22/2022,ABY,GA,ASO,ES,Federal Contract Tower,0,5,8,4,17,0,0,21,0,21,0,5,29,4,38,10,2,12,50
04/23/2022,ABY,GA,ASO,ES,Federal Contract Tower,3,3,9,0,15,0,0,17,0,17,3,3,26,0,32,28,0,28,60
04/24/2022,ABY,GA,ASO,ES,Federal Contract Tower,0,7,12,0,19,0,0,11,0,11,0,7,23,0,30,8,0,8,38
04/25/2022,ABY,GA,ASO,ES,Federal Contract Tower,0,7,0,4,11,0,0,14,2,16,0,7,14,6,27,2,14,16,43
04/26/2022,ABY,GA,ASO,ES,Federal Contract Tower,0,6,5,3,14,0,0,8,1,9,0,6,13,4,23,2,30,32,55
04/27/2022,ABY,GA,ASO,ES,Federal Contract Tower,0,8,9,0,17,0,0,25,2,27,0,8,34,2,44,0,30,30,74
04/28/2022,ABY,GA,ASO,ES,Federal Contract Tower,0,6,10,5,21,0,0,17,2,19,0,6,27,7,40,22,10,32,72
04/29/2022,ABY,GA,ASO,ES,Federal Contract Tower,0,5,4,1,10,0,0,12,9,21,0,5,16,10,31,10,20,30,61
04/30/2022,ABY,GA,ASO,ES,Federal Contract Tower,0,3,6,0,9,0,0,14,0,14,0,3,20,0,23,2,0,2,25
05/01/2022,ABY,GA,ASO,ES,Federal Contract Tower,0,5,9,0,14,0,0,2,0,2,0,5,11,0,16,3,0,3,19
05/02/2022,ABY,GA,ASO,ES,Federal Contract Tower,0,5,0,0,5,0,0,13,0,13,0,5,13,0,18,2,0,2,20
05/03/2022,ABY,GA,ASO,ES,Federal Contract Tower,0,5,9,0,14,0,1,17,0,18,0,6,26,0,32,6,0,6,38
05/04/2022,ABY,GA,ASO,ES,Federal Contract Tower,1,5,5,6,17,0,0,21,0,21,1,5,26,6,38,18,14,32,70
05/05/2022,ABY,GA,ASO,ES,Federal Contract Tower,1,5,9,10,25,0,0,16,0,16,1,5,25,10,41,6,14,20,61
05/06/2022,ABY,GA,ASO,ES,Federal Contract Tower,0,6,5,1,12,0,0,0,1,1,0,6,5,2,13,0,0,0,13
05/07/2022,ABY,GA,ASO,ES,Federal Contract Tower,0,4,8,0,12,0,0,6,2,8,0,4,14,2,20,19,0,19,39
05/08/2022,ABY,GA,ASO,ES,Federal Contract Tower,0,5,4,0,9,0,0,7,0,7,0,5,11,0,16,0,0,0,16
05/09/2022,ABY,GA,ASO,ES,Federal Contract Tower,0,5,6,4,15,0,0,12,2,14,0,5,18,6,29,0,14,14,43
05/10/2022,ABY,GA,ASO,ES,Federal Contract Tower,0,5,7,4,16,0,0,23,0,23,0,5,30,4,39,0,6,6,45
05/11/2022,ABY,GA,ASO,ES,Federal Contract Tower,0,9,9,0,18,0,0,14,0,14,0,9,23,0,32,2,0,2,34
05/12/2022,ABY,GA,ASO,ES,Federal Contract Tower,0,5,4,0,9,0,0,22,2,24,0,5,26,2,33,0,6,6,39
05/13/2022,ABY,GA,ASO,ES,Federal Contract Tower,0,5,7,12,24,0,0,9,2,11,0,5,16,14,35,0,0,0,35
05/14/2022,ABY,GA,ASO,ES,Federal Contract Tower,0,6,6,0,12,0,0,3,0,3,0,6,9,0,15,4,0,4,19
05/15/2022,ABY,GA,ASO,ES,Federal Contract Tower,0,6,4,4,14,0,0,18,8,26,0,6,22,12,40,8,0,8,48
05/16/2022,ABY,GA,ASO,ES,Federal Contract Tower,0,9,8,0,17,0,0,5,0,5,0,9,13,0,22,2,0,2,24
05/17/2022,ABY,GA,ASO,ES,Federal Contract Tower,0,6,14,2,22,0,0,2,2,4,0,6,16,4,26,4,34,38,64
05/18/2022,ABY,GA,ASO,ES,Federal Contract Tower,0,6,11,0,17,0,0,15,0,15,0,6,26,0,32,4,34,38,70
05/19/2022,ABY,GA,ASO,ES,Federal Contract Tower,0,7,17,0,24,0,0,21,0,21,0,7,38,0,45,28,0,28,73
05/20/2022,ABY,GA,ASO,ES,Federal Contract Tower,0,7,5,0,12,0,0,16,0,16,0,7,21,0,28,22,2,24,52
05/21/2022,ABY,GA,ASO,ES,Federal Contract Tower,0,5,5,0,10,0,0,4,0,4,0,5,9,0,14,0,0,0,14
05/22/2022,ABY,GA,ASO,ES,Federal Contract Tower,0,5,1,0,6,0,0,10,0,10,0,5,11,0,16,0,0,0,16
05/23/2022,ABY,GA,ASO,ES,Federal Contract Tower,0,7,4,0,11,0,0,3,0,3,0,7,7,0,14,2,0,2,16
05/24/2022,ABY,GA,ASO,ES,Federal Contract Tower,0,7,5,5,17,0,0,23,0,23,0,7,28,5,40,0,0,0,40
05/25/2022,ABY,GA,ASO,ES,Federal Contract Tower,0,5,18,2,25,0,0,6,1,7,0,5,24,3,32,2,0,2,34
05/26/2022,ABY,GA,ASO,ES,Federal Contract Tower,0,8,5,0,13,0,0,0,0,0,0,8,5,0,13,0,0,0,13
05/27/2022,ABY,GA,ASO,ES,Federal Contract Tower,0,5,10,3,18,0,0,15,4,19,0,5,25,7,37,0,18,18,55
05/28/2022,ABY,GA,ASO,ES,Federal Contract Tower,0,3,4,0,7,0,0,12,0,12,0,3,16,0,19,0,0,0,19
05/29/2022,ABY,GA,ASO,ES,Federal Contract Tower,0,3,6,0,9,0,0,16,0,16,0,3,22,0,25,6,0,6,31
05/30/2022,ABY,GA,ASO,ES,Federal Contract Tower,0,5,3,0,8,0,1,8,0,9,0,6,11,0,17,12,0,12,29
05/31/2022,ABY,GA,ASO,ES,Federal Contract Tower,0,5,10,2,17,0,0,8,4,12,0,5,18,6,29,4,50,54,83
06/01/2022,ABY,GA,ASO,ES,Federal Contract Tower,0,5,11,6,22,0,0,6,1,7,0,5,17,7,29,4,22,26,55
06/02/2022,ABY,GA,ASO,ES,Federal Contract Tower,1,8,7,3,19,0,0,13,4,17,1,8,20,7,36,18,44,62,98
06/03/2022,ABY,GA,ASO,ES,Federal Contract Tower,0,4,1,2,7,0,0,11,0,11,0,4,12,2,18,8,0,8,26
06/04/2022,ABY,GA,ASO,ES,Federal Contract Tower,0,5,0,0,5,0,0,8,2,10,0,5,8,2,15,0,0,0,15
06/05/2022,ABY,GA,ASO,ES,Federal Contract Tower,0,8,2,0,10,0,0,7,0,7,0,8,9,0,17,0,0,0,17
06/06/2022,ABY,GA,ASO,ES,Federal Contract Tower,0,5,16,0,21,0,0,6,0,6,0,5,22,0,27,0,0,0,27
06/07/2022,ABY,GA,ASO,ES,Federal Contract Tower,0,6,9,0,15,0,0,2,0,2,0,6,11,0,17,4,0,4,21
06/08/2022,ABY,GA,ASO,ES,Federal Contract Tower,0,5,4,2,11,0,0,9,2,11,0,5,13,4,22,12,22,34,56
06/09/2022,ABY,GA,ASO,ES,Federal Contract Tower,0,5,11,6,22,0,0,6,0,6,0,5,17,6,28,6,4,10,38
06/10/2022,ABY,GA,ASO,ES,Federal Contract Tower,0,5,9,2,16,0,0,22,2,24,0,5,31,4,40,14,0,14,54
06/11/2022,ABY,GA,ASO,ES,Federal Contract Tower,0,4,1,0,5,0,0,16,0,16,0,4,17,0,21,0,0,0,21
06/12/2022,ABY,GA,ASO,ES,Federal Contract Tower,0,4,4,0,8,0,0,15,2,17,0,4,19,2,25,0,0,0,25
06/13/2022,ABY,GA,ASO,ES,Federal Contract Tower,0,4,7,2,13,0,0,9,0,9,0,4,16,2,22,0,0,0,22
06/14/2022,ABY,GA,ASO,ES,Federal Contract Tower,0,2,8,2,12,0,1,6,0,7,0,3,14,2,19,0,0,0,19
06/15/2022,ABY,GA,ASO,ES,Federal Contract Tower,0,5,7,0,12,0,0,15,0,15,0,5,22,0,27,20,22,42,69
06/16/2022,ABY,GA,ASO,ES,Federal Contract Tower,0,5,18,2,25,0,1,14,0,15,0,6,32,2,40,0,26,26,66
06/17/2022,ABY,GA,ASO,ES,Federal Contract Tower,0,7,7,1,15,0,0,16,0,16,0,7,23,1,31,8,0,8,39
06/18/2022,ABY,GA,ASO,ES,Federal Contract Tower,0,5,3,0,8,0,0,10,0,10,0,5,13,0,18,4,0,4,22
06/19/2022,ABY,GA,ASO,ES,Federal Contract Tower,0,4,0,1,5,0,0,12,1,13,0,4,12,2,18,22,0,22,40
06/20/2022,ABY,GA,ASO,ES,Federal Contract Tower,0,4,7,0,11,0,0,27,0,27,0,4,34,0,38,30,0,30,68
06/21/2022,ABY,GA,ASO,ES,Federal Contract Tower,0,7,9,3,19,0,0,20,4,24,0,7,29,7,43,20,0,20,63
06/22/2022,ABY,GA,ASO,ES,Federal Contract Tower,0,6,12,2,20,0,0,17,2,19,0,6,29,4,39,4,4,8,47
06/23/2022,ABY,GA,ASO,ES,Federal Contract Tower,0,6,12,1,19,0,0,22,4,26,0,6,34,5,45,0,36,36,81
06/24/2022,ABY,GA,ASO,ES,Federal Contract Tower,0,6,4,2,12,0,0,16,0,16,0,6,20,2,28,18,0,18,46
06/25/2022,ABY,GA,ASO,ES,Federal Contract Tower,2,7,3,0,12,0,0,4,0,4,2,7,7,0,16,0,0,0,16
06/26/2022,ABY,GA,ASO,ES,Federal Contract Tower,0,5,5,0,10,0,0,14,0,14,0,5,19,0,24,8,0,8,32
06/27/2022,ABY,GA,ASO,ES,Federal Contract Tower,0,8,4,10,22,0,0,19,2,21,0,8,23,12,43,2,18,20,63
06/28/2022,ABY,GA,ASO,ES,Federal Contract Tower,0,6,13,0,19,0,0,6,0,6,0,6,19,0,25,18,0,18,43
06/29/2022,ABY,GA,ASO,ES,Federal Contract Tower,0,4,10,3,17,0,0,2,1,3,0,4,12,4,20,0,0,0,20
06/30/2022,ABY,GA,ASO,ES,Federal Contract Tower,0,7,6,0,13,0,0,2,0,2,0,7,8,0,15,0,0,0,15
07/01/2022,ABY,GA,ASO,ES,Federal Contract Tower,0,6,5,0,11,0,0,9,0,9,0,6,14,0,20,4,0,4,24
07/02/2022,ABY,GA,ASO,ES,Federal Contract Tower,0,4,5,0,9,0,0,6,0,6,0,4,11,0,15,6,0,6,21
07/03/2022,ABY,GA,ASO,ES,Federal Contract Tower,0,2,1,0,3,0,0,2,0,2,0,2,3,0,5,4,0,4,9
07/04/2022,ABY,GA,ASO,ES,Federal Contract Tower,0,3,2,0,5,0,0,2,0,2,0,3,4,0,7,4,0,4,11
07/05/2022,ABY,GA,ASO,ES,Federal Contract Tower,2,6,8,3,19,0,0,13,0,13,2,6,21,3,32,0,30,30,62
07/06/2022,ABY,GA,ASO,ES,Federal Contract Tower,0,5,3,1,9,0,0,16,2,18,0,5,19,3,27,10,22,32,59
07/07/2022,ABY,GA,ASO,ES,Federal Contract Tower,0,4,2,2,8,0,0,6,0,6,0,4,8,2,14,12,0,12,26
07/08/2022,ABY,GA,ASO,ES,Federal Contract Tower,0,3,11,1,15,0,0,5,1,6,0,3,16,2,21,0,6,6,27
07/09/2022,ABY,GA,ASO,ES,Federal Contract Tower,0,1,7,5,13,0,0,6,0,6,0,1,13,5,19,2,0,2,21
07/10/2022,ABY,GA,ASO,ES,Federal Contract Tower,0,4,7,0,11,0,0,6,4,10,0,4,13,4,21,4,0,4,25
07/11/2022,ABY,GA,ASO,ES,Federal Contract Tower,0,5,2,2,9,0,0,3,2,5,0,5,5,4,14,0,0,0,14
07/12/2022,ABY,GA,ASO,ES,Federal Contract Tower,0,4,7,6,17,0,0,5,0,5,0,4,12,6,22,0,14,14,36
07/13/2022,ABY,GA,ASO,ES,Federal Contract Tower,0,2,15,0,17,0,0,6,0,6,0,2,21,0,23,0,0,0,23
07/14/2022,ABY,GA,ASO,ES,Federal Contract Tower,2,4,9,3,18,0,0,4,1,5,2,4,13,4,23,0,2,2,25
07/15/2022,ABY,GA,ASO,ES,Federal Contract Tower,0,4,7,2,13,0,0,0,2,2,0,4,7,4,15,2,0,2,17
07/16/2022,ABY,GA,ASO,ES,Federal Contract Tower,0,5,1,0,6,0,0,10,0,10,0,5,11,0,16,6,0,6,22
07/17/2022,ABY,GA,ASO,ES,Federal Contract Tower,0,6,4,0,10,0,0,22,4,26,0,6,26,4,36,14,0,14,50
07/18/2022,ABY,GA,ASO,ES,Federal Contract Tower,0,5,12,0,17,0,0,17,0,17,0,5,29,0,34,0,0,0,34
07/19/2022,ABY,GA,ASO,ES,Federal Contract Tower,0,5,5,0,10,0,0,6,0,6,0,5,11,0,16,0,0,0,16
07/20/2022,ABY,GA,ASO,ES,Federal Contract Tower,0,4,9,0,13,0,0,5,2,7,0,4,14,2,20,10,0,10,30
07/21/2022,ABY,GA,ASO,ES,Federal Contract Tower,0,7,7,0,14,0,0,1,2,3,0,7,8,2,17,0,0,0,17
07/22/2022,ABY,GA,ASO,ES,Federal Contract Tower,0,6,11,2,19,0,0,7,0,7,0,6,18,2,26,0,0,0,26
07/23/2022,ABY,GA,ASO,ES,Federal Contract Tower,0,3,4,8,15,0,0,8,0,8,0,3,12,8,23,0,8,8,31
07/24/2022,ABY,GA,ASO,ES,Federal Contract Tower,0,6,5,2,13,0,0,8,0,8,0,6,13,2,21,0,0,0,21
07/25/2022,ABY,GA,ASO,ES,Federal Contract Tower,0,5,6,5,16,0,0,5,0,5,0,5,11,5,21,0,24,24,45
07/26/2022,ABY,GA,ASO,ES,Federal Contract Tower,0,3,6,0,9,0,0,15,0,15,0,3,21,0,24,12,0,12,36
07/27/2022,ABY,GA,ASO,ES,Federal Contract Tower,0,4,7,0,11,0,0,16,0,16,0,4,23,0,27,2,16,18,45
07/28/2022,ABY,GA,ASO,ES,Federal Contract Tower,0,5,12,0,17,0,0,14,1,15,0,5,26,1,32,2,0,2,34
07/29/2022,ABY,GA,ASO,ES,Federal Contract Tower,0,5,5,2,12,0,0,9,0,9,0,5,14,2,21,0,0,0,21
07/30/2022,ABY,GA,ASO,ES,Federal Contract Tower,0,2,4,0,6,0,0,15,0,15,0,2,19,0,21,0,0,0,21
07/31/2022,ABY,GA,ASO,ES,Federal Contract Tower,0,5,8,1,14,0,0,11,7,18,0,5,19,8,32,0,0,0,32
08/01/2022,ABY,GA,ASO,ES,Federal Contract Tower,0,5,7,2,14,0,0,12,5,17,0,5,19,7,31,0,46,46,77
08/02/2022,ABY,GA,ASO,ES,Federal Contract Tower,1,3,9,2,15,0,0,10,0,10,1,3,19,2,25,6,10,16,41
08/03/2022,ABY,GA,ASO,ES,Federal Contract Tower,0,2,10,5,17,0,0,19,0,19,0,2,29,5,36,2,2,4,40
08/04/2022,ABY,GA,ASO,ES,Federal Contract Tower,0,4,7,0,11,0,0,9,4,13,0,4,16,4,24,2,0,2,26
08/05/2022,ABY,GA,ASO,ES,Federal Contract Tower,0,5,4,2,11,0,0,13,4,17,0,5,17,6,28,2,0,2,30
08/06/2022,ABY,GA,ASO,ES,Federal Contract Tower,0,6,5,0,11,0,0,11,0,11,0,6,16,0,22,4,0,4,26
08/07/2022,ABY,GA,ASO,ES,Federal Contract Tower,0,4,7,0,11,0,0,9,4,13,0,4,16,4,24,14,0,14,38
08/08/2022,ABY,GA,ASO,ES,Federal Contract Tower,0,10,7,2,19,0,2,3,0,5,0,12,10,2,24,0,0,0,24
08/09/2022,ABY,GA,ASO,ES,Federal Contract Tower,0,7,15,1,23,0,0,7,0,7,0,7,22,1,30,4,24,28,58
08/10/2022,ABY,GA,ASO,ES,Federal Contract Tower,0,3,8,4,15,0,0,7,0,7,0,3,15,4,22,0,16,16,38
08/11/2022,ABY,GA,ASO,ES,Federal Contract Tower,0,5,1,2,8,0,0,3,0,3,0,5,4,2,11,0,0,0,11
08/12/2022,ABY,GA,ASO,ES,Federal Contract Tower,0,7,7,4,18,0,0,4,0,4,0,7,11,4,22,20,14,34,56
08/13/2022,ABY,GA,ASO,ES,Federal Contract Tower,0,2,6,0,8,0,0,4,0,4,0,2,10,0,12,0,0,0,12
08/14/2022,ABY,GA,ASO,ES,Federal Contract Tower,0,5,4,0,9,0,0,11,0,11,0,5,15,0,20,24,0,24,44
08/15/2022,ABY,GA,ASO,ES,Federal Contract Tower,0,4,3,0,7,0,1,19,0,20,0,5,22,0,27,10,0,10,37
08/16/2022,ABY,GA,ASO,ES,Federal Contract Tower,0,3,9,0,12,0,0,9,0,9,0,3,18,0,21,10,0,10,31
08/17/2022,ABY,GA,ASO,ES,Federal Contract Tower,0,4,5,0,9,0,0,5,0,5,0,4,10,0,14,0,10,10,24
08/18/2022,ABY,GA,ASO,ES,Federal Contract Tower,0,7,11,0,18,0,0,6,0,6,0,7,17,0,24,0,0,0,24
08/19/2022,ABY,GA,ASO,ES,Federal Contract Tower,0,6,5,3,14,0,0,2,2,4,0,6,7,5,18,0,0,0,18
08/20/2022,ABY,GA,ASO,ES,Federal Contract Tower,0,4,2,0,6,0,0,2,0,2,0,4,4,0,8,0,0,0,8
08/21/2022,ABY,GA,ASO,ES,Federal Contract Tower,0,5,8,0,13,0,0,3,0,3,0,5,11,0,16,2,1,3,19
08/22/2022,ABY,GA,ASO,ES,Federal Contract Tower,0,6,3,0,9,0,0,8,0,8,0,6,11,0,17,6,0,6,23
08/23/2022,ABY,GA,ASO,ES,Federal Contract Tower,0,3,15,0,18,0,0,13,0,13,0,3,28,0,31,16,0,16,47
08/24/2022,ABY,GA,ASO,ES,Federal Contract Tower,0,3,12,0,15,0,0,3,2,5,0,3,15,2,20,0,0,0,20
08/25/2022,ABY,GA,ASO,ES,Federal Contract Tower,0,6,6,2,14,0,0,3,0,3,0,6,9,2,17,0,20,20,37
08/26/2022,ABY,GA,ASO,ES,Federal Contract Tower,0,5,9,3,17,0,0,9,1,10,0,5,18,4,27,12,28,40,67
08/27/2022,ABY,GA,ASO,ES,Federal Contract Tower,0,3,3,0,6,0,0,3,0,3,0,3,6,0,9,0,0,0,9
08/28/2022,ABY,GA,ASO,ES,Federal Contract Tower,0,4,5,2,11,0,0,5,0,5,0,4,10,2,16,0,0,0,16
08/29/2022,ABY,GA,ASO,ES,Federal Contract Tower,0,4,8,0,12,0,0,7,0,7,0,4,15,0,19,2,0,2,21
08/30/2022,ABY,GA,ASO,ES,Federal Contract Tower,0,3,10,1,14,0,0,5,1,6,0,3,15,2,20,6,0,6,26
08/31/2022,ABY,GA,ASO,ES,Federal Contract Tower,0,6,14,5,25,0,0,4,1,5,0,6,18,6,30,10,36,46,76
09/01/2022,ABY,GA,ASO,ES,Federal Contract Tower,0,5,6,2,13,0,0,2,0,2,0,5,8,2,15,0,0,0,15
09/02/2022,ABY,GA,ASO,ES,Federal Contract Tower,0,6,11,0,17,0,0,1,0,1,0,6,12,0,18,0,0,0,18
09/03/2022,ABY,GA,ASO,ES,Federal Contract Tower,0,5,4,0,9,0,0,5,0,5,0,5,9,0,14,2,0,2,16
09/04/2022,ABY,GA,ASO,ES,Federal Contract Tower,0,3,2,0,5,0,0,0,0,0,0,3,2,0,5,0,0,0,5
09/05/2022,ABY,GA,ASO,ES,Federal Contract Tower,0,6,12,0,18,0,0,14,0,14,0,6,26,0,32,0,0,0,32
09/06/2022,ABY,GA,ASO,ES,Federal Contract Tower,0,4,4,0,8,0,0,16,0,16,0,4,20,0,24,18,0,18,42
09/07/2022,ABY,GA,ASO,ES,Federal Contract Tower,0,4,4,4,12,0,0,9,2,11,0,4,13,6,23,0,14,14,37
09/08/2022,ABY,GA,ASO,ES,Federal Contract Tower,0,6,11,0,17,0,0,20,0,20,0,6,31,0,37,16,0,16,53
09/09/2022,ABY,GA,ASO,ES,Federal Contract Tower,0,7,11,4,22,0,0,2,0,2,0,7,13,4,24,0,10,10,34
09/10/2022,ABY,GA,ASO,ES,Federal Contract Tower,0,4,10,0,14,0,0,2,0,2,0,4,12,0,16,0,0,0,16
09/11/2022,ABY,GA,ASO,ES,Federal Contract Tower,0,7,9,0,16,0,0,6,0,6,0,7,15,0,22,0,0,0,22
09/12/2022,ABY,GA,ASO,ES,Federal Contract Tower,0,5,6,4,15,0,0,12,0,12,0,5,18,4,27,0,0,0,27
09/13/2022,ABY,GA,ASO,ES,Federal Contract Tower,0,3,9,2,14,0,0,17,2,19,0,3,26,4,33,12,20,32,65
09/14/2022,ABY,GA,ASO,ES,Federal Contract Tower,0,4,9,1,14,0,0,26,2,28,0,4,35,3,42,2,10,12,54
09/15/2022,ABY,GA,ASO,ES,Federal Contract Tower,0,5,14,0,19,0,0,37,0,37,0,5,51,0,56,20,18,38,94
09/16/2022,ABY,GA,ASO,ES,Federal Contract Tower,0,4,10,4,18,0,0,24,0,24,0,4,34,4,42,4,0,4,46
09/17/2022,ABY,GA,ASO,ES,Federal Contract Tower,0,4,2,0,6,0,0,18,0,18,0,4,20,0,24,16,0,16,40
09/18/2022,ABY,GA,ASO,ES,Federal Contract Tower,0,8,9,0,17,0,0,15,0,15,0,8,24,0,32,10,0,10,42
09/19/2022,ABY,GA,ASO,ES,Federal Contract Tower,0,5,7,2,14,0,0,25,0,25,0,5,32,2,39,2,2,4,43
09/20/2022,ABY,GA,ASO,ES,Federal Contract Tower,0,3,10,1,14,0,0,34,0,34,0,3,44,1,48,38,14,52,100
09/21/2022,ABY,GA,ASO,ES,Federal Contract Tower,0,4,17,9,30,0,0,13,0,13,0,4,30,9,43,2,38,40,83
09/22/2022,ABY,GA,ASO,ES,Federal Contract Tower,0,6,13,4,23,0,0,23,0,23,0,6,36,4,46,2,2,4,50
09/23/2022,ABY,GA,ASO,ES,Federal Contract Tower,0,7,9,0,16,0,0,19,0,19,0,7,28,0,35,6,0,6,41
09/24/2022,ABY,GA,ASO,ES,Federal Contract Tower,0,4,3,0,7,0,0,8,0,8,0,4,11,0,15,6,0,6,21
09/25/2022,ABY,GA,ASO,ES,Federal Contract Tower,0,5,7,0,12,0,0,14,0,14,0,5,21,0,26,4,0,4,30
09/26/2022,ABY,GA,ASO,ES,Federal Contract Tower,0,7,7,0,14,0,0,10,0,10,0,7,17,0,24,0,0,0,24
09/27/2022,ABY,GA,ASO,ES,Federal Contract Tower,0,2,4,3,9,0,0,29,2,31,0,2,33,5,40,26,0,26,66
09/28/2022,ABY,GA,ASO,ES,Federal Contract Tower,0,3,2,0,5,0,0,4,2,6,0,3,6,2,11,2,52,54,65
09/29/2022,ABY,GA,ASO,ES,Federal Contract Tower,0,6,0,0,6,0,0,1,2,3,0,6,1,2,9,0,50,50,59
09/30/2022,ABY,GA,ASO,ES,Federal Contract Tower,0,5,8,2,15,0,0,6,0,6,0,5,14,2,21,4,0,4,25
10/01/2022,ABY,GA,ASO,ES,Federal Contract Tower,0,3,0,0,3,0,0,8,0,8,0,3,8,0,11,10,0,10,21
10/02/2022,ABY,GA,ASO,ES,Federal Contract Tower,0,6,5,0,11,0,0,6,4,10,0,6,11,4,21,0,0,0,21
10/03/2022,ABY,GA,ASO,ES,Federal Contract Tower,0,6,9,0,15,0,0,12,1,13,0,6,21,1,28,16,8,24,52
10/04/2022,ABY,GA,ASO,ES,Federal Contract Tower,0,2,8,0,10,0,0,26,4,30,0,2,34,4,40,22,36,58,98
10/05/2022,ABY,GA,ASO,ES,Federal Contract Tower,0,2,6,4,12,0,0,28,3,31,0,2,34,7,43,10,24,34,77
10/06/2022,ABY,GA,ASO,ES,Federal Contract Tower,0,5,19,0,24,0,0,29,2,31,0,5,48,2,55,10,8,18,73
10/07/2022,ABY,GA,ASO,ES,Federal Contract Tower,0,7,8,0,15,0,0,41,2,43,0,7,49,2,58,26,0,26,84
10/08/2022,ABY,GA,ASO,ES,Federal Contract Tower,0,7,8,0,15,0,0,20,0,20,0,7,28,0,35,2,0,2,37
10/09/2022,ABY,GA,ASO,ES,Federal Contract Tower,0,6,8,0,14,0,0,12,0,12,0,6,20,0,26,2,0,2,28
10/10/2022,ABY,GA,ASO,ES,Federal Contract Tower,0,7,8,0,15,0,0,17,0,17,0,7,25,0,32,14,0,14,46
10/11/2022,ABY,GA,ASO,ES,Federal Contract Tower,0,7,13,8,28,0,0,15,0,15,0,7,28,8,43,2,6,8,51
10/12/2022,ABY,GA,ASO,ES,Federal Contract Tower,0,6,8,0,14,0,0,4,0,4,0,6,12,0,18,0,0,0,18
10/13/2022,ABY,GA,ASO,ES,Federal Contract Tower,0,4,18,1,23,0,0,12,2,14,0,4,30,3,37,18,0,18,55
10/14/2022,ABY,GA,ASO,ES,Federal Contract Tower,0,5,8,2,15,0,0,17,6,23,0,5,25,8,38,2,40,42,80
10/15/2022,ABY,GA,ASO,ES,Federal Contract Tower,0,5,2,1,8,0,0,11,1,12,0,5,13,2,20,0,0,0,20
10/16/2022,ABY,GA,ASO,ES,Federal Contract Tower,0,5,4,9,18,0,0,21,3,24,0,5,25,12,42,6,0,6,48
10/17/2022,ABY,GA,ASO,ES,Federal Contract Tower,0,5,14,2,21,0,0,7,1,8,0,5,21,3,29,0,0,0,29
10/18/2022,ABY,GA,ASO,ES,Federal Contract Tower,0,5,9,4,18,0,0,12,1,13,0,5,21,5,31,0,8,8,39
10/19/2022,ABY,GA,ASO,ES,Federal Contract Tower,0,6,11,0,17,0,0,14,0,14,0,6,25,0,31,16,0,16,47
10/20/2022,ABY,GA,ASO,ES,Federal Contract Tower,0,6,11,2,19,0,0,18,0,18,0,6,29,2,37,6,20,26,63
10/21/2022,ABY,GA,ASO,ES,Federal Contract Tower,1,6,18,0,25,0,0,16,0,16,1,6,34,0,41,0,0,0,41
10/22/2022,ABY,GA,ASO,ES,Federal Contract Tower,0,6,4,0,10,0,0,11,0,11,0,6,15,0,21,2,0,2,23
10/23/2022,ABY,GA,ASO,ES,Federal Contract Tower,0,10,7,0,17,0,0,20,0,20,0,10,27,0,37,0,0,0,37
10/24/2022,ABY,GA,ASO,ES,Federal Contract Tower,0,8,4,2,14,0,0,12,3,15,0,8,16,5,29,0,18,18,47
10/25/2022,ABY,GA,ASO,ES,Federal Contract Tower,0,6,6,4,16,0,0,4,0,4,0,6,10,4,20,0,38,38,58
10/26/2022,ABY,GA,ASO,ES,Federal Contract Tower,0,4,11,9,24,0,0,18,8,26,0,4,29,17,50,2,62,64,114
10/27/2022,ABY,GA,ASO,ES,Federal Contract Tower,0,4,18,2,24,0,0,21,1,22,0,4,39,3,46,0,24,24,70
10/28/2022,ABY,GA,ASO,ES,Federal Contract Tower,0,4,15,8,27,0,0,8,7,15,0,4,23,15,42,2,0,2,44
10/29/2022,ABY,GA,ASO,ES,Federal Contract Tower,0,5,6,0,11,0,0,0,0,0,0,5,6,0,11,0,0,0,11
10/30/2022,ABY,GA,ASO,ES,Federal Contract Tower,0,5,11,4,20,0,0,2,0,2,0,5,13,4,22,0,0,0,22
10/31/2022,ABY,GA,ASO,ES,Federal Contract Tower,0,5,16,3,24,0,0,5,0,5,0,5,21,3,29,12,0,12,41
11/01/2022,ABY,GA,ASO,ES,Federal Contract Tower,0,6,14,0,20,0,0,13,0,13,0,6,27,0,33,2,0,2,35
11/02/2022,ABY,GA,ASO,ES,Federal Contract Tower,0,5,12,0,17,0,0,20,0,20,0,5,32,0,37,12,0,12,49
11/03/2022,ABY,GA,ASO,ES,Federal Contract Tower,0,5,8,0,13,0,0,15,1,16,0,5,23,1,29,0,0,0,29
11/04/2022,ABY,GA,ASO,ES,Federal Contract Tower,0,9,15,0,24,0,0,25,4,29,0,9,40,4,53,12,36,48,101
11/05/2022,ABY,GA,ASO,ES,Federal Contract Tower,0,11,3,0,14,0,0,14,0,14,0,11,17,0,28,2,0,2,30
11/06/2022,ABY,GA,ASO,ES,Federal Contract Tower,0,6,13,5,24,0,0,13,1,14,0,6,26,6,38,6,4,10,48
11/07/2022,ABY,GA,ASO,ES,Federal Contract Tower,0,10,8,4,22,0,0,13,0,13,0,10,21,4,35,12,6,18,53
11/08/2022,ABY,GA,ASO,ES,Federal Contract Tower,0,6,11,2,19,0,0,13,4,17,0,6,24,6,36,2,28,30,66
11/09/2022,ABY,GA,ASO,ES,Federal Contract Tower,0,6,7,4,17,0,0,6,7,13,0,6,13,11,30,0,48,48,78
11/10/2022,ABY,GA,ASO,ES,Federal Contract Tower,0,7,6,0,13,0,0,1,0,1,0,7,7,0,14,0,0,0,14
11/11/2022,ABY,GA,ASO,ES,Federal Contract Tower,0,5,12,0,17,0,0,0,0,0,0,5,12,0,17,0,0,0,17
11/12/2022,ABY,GA,ASO,ES,Federal Contract Tower,0,7,11,1,19,0,0,19,0,19,0,7,30,1,38,4,0,4,42
11/13/2022,ABY,GA,ASO,ES,Federal Contract Tower,0,13,18,0,31,0,0,19,0,19,0,13,37,0,50,9,0,9,59
11/14/2022,ABY,GA,ASO,ES,Federal Contract Tower,0,8,11,0,19,0,0,12,6,18,0,8,23,6,37,0,25,25,62
11/15/2022,ABY,GA,ASO,ES,Federal Contract Tower,0,11,12,4,27,0,0,1,0,1,0,11,13,4,28,0,0,0,28
11/16/2022,ABY,GA,ASO,ES,Federal Contract Tower,0,6,21,0,27,0,0,19,2,21,0,6,40,2,48,45,22,67,115
11/17/2022,ABY,GA,ASO,ES,Federal Contract Tower,0,8,21,0,29,0,0,20,0,20,0,8,41,0,49,8,0,8,57
11/18/2022,ABY,GA,ASO,ES,Federal Contract Tower,0,16,23,2,41,0,0,23,4,27,0,16,46,6,68,6,32,38,106
11/19/2022,ABY,GA,ASO,ES,Federal Contract Tower,0,7,10,2,19,0,0,6,0,6,0,7,16,2,25,0,0,0,25
11/20/2022,ABY,GA,ASO,ES,Federal Contract Tower,0,16,11,3,30,0,0,9,0,9,0,16,20,3,39,2,0,2,41
11/21/2022,ABY,GA,ASO,ES,Federal Contract Tower,0,9,9,2,20,0,0,8,2,10,0,9,17,4,30,0,14,14,44
11/22/2022,ABY,GA,ASO,ES,Federal Contract Tower,0,9,14,2,25,0,0,13,0,13,0,9,27,2,38,0,16,16,54
11/23/2022,ABY,GA,ASO,ES,Federal Contract Tower,0,8,9,13,30,0,0,22,0,22,0,8,31,13,52,12,34,46,98
11/24/2022,ABY,GA,ASO,ES,Federal Contract Tower,0,4,3,0,7,0,0,1,0,1,0,4,4,0,8,0,0,0,8
11/25/2022,ABY,GA,ASO,ES,Federal Contract Tower,0,7,16,0,23,0,0,0,0,0,0,7,16,0,23,0,0,0,23
11/26/2022,ABY,GA,ASO,ES,Federal Contract Tower,0,13,6,0,19,0,0,0,0,0,0,13,6,0,19,2,0,2,21
11/27/2022,ABY,GA,ASO,ES,Federal Contract Tower,0,7,30,0,37,0,0,11,0,11,0,7,41,0,48,18,0,18,66
11/28/2022,ABY,GA,ASO,ES,Federal Contract Tower,0,5,13,5,23,0,0,11,2,13,0,5,24,7,36,20,16,36,72
11/29/2022,ABY,GA,ASO,ES,Federal Contract Tower,0,8,17,4,29,0,0,28,1,29,0,8,45,5,58,0,0,0,58
11/30/2022,ABY,GA,ASO,ES,Federal Contract Tower,0,3,14,0,17,0,0,6,0,6,0,3,20,0,23,0,0,0,23
12/01/2022,ABY,GA,ASO,ES,Federal Contract Tower,0,16,18,0,34,0,0,33,2,35,0,16,51,2,69,8,24,32,101
12/02/2022,ABY,GA,ASO,ES,Federal Contract Tower,0,9,16,3,28,0,0,27,8,35,0,9,43,11,63,4,8,12,75
12/03/2022,ABY,GA,ASO,ES,Federal Contract Tower,0,7,6,0,13,0,0,16,0,16,0,7,22,0,29,4,0,4,33
12/04/2022,ABY,GA,ASO,ES,Federal Contract Tower,0,14,12,0,26,0,0,17,4,21,0,14,29,4,47,0,0,0,47
12/05/2022,ABY,GA,ASO,ES,Federal Contract Tower,0,5,13,0,18,0,0,7,2,9,0,5,20,2,27,4,0,4,31
12/06/2022,ABY,GA,ASO,ES,Federal Contract Tower,0,14,16,0,30,0,0,24,0,24,0,14,40,0,54,0,0,0,54
12/07/2022,ABY,GA,ASO,ES,Federal Contract Tower,0,3,11,4,18,0,0,11,0,11,0,3,22,4,29,4,8,12,41
12/08/2022,ABY,GA,ASO,ES,Federal Contract Tower,0,13,23,2,38,0,0,15,9,24,0,13,38,11,62,0,68,68,130
12/09/2022,ABY,GA,ASO,ES,Federal Contract Tower,4,16,9,4,33,0,0,11,2,13,4,16,20,6,46,2,0,2,48
12/10/2022,ABY,GA,ASO,ES,Federal Contract Tower,1,9,3,0,13,0,0,0,0,0,1,9,3,0,13,0,0,0,13
12/11/2022,ABY,GA,ASO,ES,Federal Contract Tower,0,10,14,2,26,0,0,0,2,2,0,10,14,4,28,0,0,0,28
12/12/2022,ABY,GA,ASO,ES,Federal Contract Tower,0,5,16,9,30,0,0,0,0,0,0,5,16,9,30,0,0,0,30
12/13/2022,ABY,GA,ASO,ES,Federal Contract Tower,0,6,25,4,35,0,0,8,2,10,0,6,33,6,45,8,12,20,65
12/14/2022,ABY,GA,ASO,ES,Federal Contract Tower,0,5,13,2,20,0,0,2,0,2,0,5,15,2,22,0,0,0,22
12/15/2022,ABY,GA,ASO,ES,Federal Contract Tower,0,11,15,0,26,0,0,6,0,6,0,11,21,0,32,2,0,2,34
12/16/2022,ABY,GA,ASO,ES,Federal Contract Tower,0,10,17,5,32,0,0,19,5,24,0,10,36,10,56,4,34,38,94
12/17/2022,ABY,GA,ASO,ES,Federal Contract Tower,0,8,13,0,21,0,1,14,0,15,0,9,27,0,36,12,0,12,48
12/18/2022,ABY,GA,ASO,ES,Federal Contract Tower,3,6,10,2,21,0,0,15,0,15,3,6,25,2,36,0,0,0,36
12/19/2022,ABY,GA,ASO,ES,Federal Contract Tower,0,8,7,2,17,0,0,23,1,24,0,8,30,3,41,14,6,20,61
12/20/2022,ABY,GA,ASO,ES,Federal Contract Tower,0,8,6,0,14,0,0,0,0,0,0,8,6,0,14,0,0,0,14
12/21/2022,ABY,GA,ASO,ES,Federal Contract Tower,0,7,10,0,17,0,0,0,0,0,0,7,10,0,17,0,0,0,17
12/22/2022,ABY,GA,ASO,ES,Federal Contract Tower,0,3,13,0,16,0,0,0,0,0,0,3,13,0,16,0,0,0,16
12/23/2022,ABY,GA,ASO,ES,Federal Contract Tower,2,4,1,0,7,0,0,1,0,1,2,4,2,0,8,0,0,0,8
12/24/2022,ABY,GA,ASO,ES,Federal Contract Tower,0,2,2,0,4,0,1,8,0,9,0,3,10,0,13,0,0,0,13
12/25/2022,ABY,GA,ASO,ES,Federal Contract Tower,0,4,0,0,4,0,0,2,0,2,0,4,2,0,6,0,0,0,6
12/26/2022,ABY,GA,ASO,ES,Federal Contract Tower,0,7,15,0,22,0,0,19,0,19,0,7,34,0,41,8,0,8,49
12/27/2022,ABY,GA,ASO,ES,Federal Contract Tower,0,4,18,0,22,0,0,27,0,27,0,4,45,0,49,12,0,12,61
12/28/2022,ABY,GA,ASO,ES,Federal Contract Tower,0,11,11,0,22,0,0,19,0,19,0,11,30,0,41,14,0,14,55
12/29/2022,ABY,GA,ASO,ES,Federal Contract Tower,0,5,12,0,17,0,2,10,0,12,0,7,22,0,29,0,0,0,29
12/30/2022,ABY,GA,ASO,ES,Federal Contract Tower,0,4,7,0,11,0,0,33,0,33,0,4,40,0,44,0,0,0,44
12/31/2022,ABY,GA,ASO,ES,Federal Contract Tower,3,5,0,0,8,0,0,0,0,0,3,5,0,0,8,0,0,0,8
01/01/2023,ABY,GA,ASO,ES,Federal Contract Tower,0,2,12,0,14,0,0,0,0,0,0,2,12,0,14,4,0,4,18
01/02/2023,ABY,GA,ASO,ES,Federal Contract Tower,0,3,13,0,16,0,0,5,0,5,0,3,18,0,21,0,0,0,21
01/03/2023,ABY,GA,ASO,ES,Federal Contract Tower,0,4,6,2,12,0,0,0,0,0,0,4,6,2,12,0,0,0,12
01/04/2023,ABY,GA,ASO,ES,Federal Contract Tower,0,10,3,0,13,0,0,4,0,4,0,10,7,0,17,0,0,0,17
01/05/2023,ABY,GA,ASO,ES,Federal Contract Tower,0,10,12,0,22,0,4,22,2,28,0,14,34,2,50,30,18,48,98
01/06/2023,ABY,GA,ASO,ES,Federal Contract Tower,0,7,8,9,24,0,0,21,7,28,0,7,29,16,52,2,14,16,68
01/07/2023,ABY,GA,ASO,ES,Federal Contract Tower,0,4,7,0,11,0,0,15,0,15,0,4,22,0,26,0,0,0,26
01/08/2023,ABY,GA,ASO,ES,Federal Contract Tower,0,12,13,1,26,0,1,12,1,14,0,13,25,2,40,8,0,8,48
01/09/2023,ABY,GA,ASO,ES,Federal Contract Tower,0,7,3,0,10,0,1,9,2,12,0,8,12,2,22,0,10,10,32
01/10/2023,ABY,GA,ASO,ES,Federal Contract Tower,0,6,21,6,33,0,0,23,0,23,0,6,44,6,56,0,0,0,56
01/11/2023,ABY,GA,ASO,ES,Federal Contract Tower,0,8,24,0,32,0,1,20,2,23,0,9,44,2,55,0,20,20,75
01/12/2023,ABY,GA,ASO,ES,Federal Contract Tower,0,5,13,0,18,0,0,4,0,4,0,5,17,0,22,0,0,0,22
01/13/2023,ABY,GA,ASO,ES,Federal Contract Tower,0,10,14,2,26,0,2,7,0,9,0,12,21,2,35,0,0,0,35
01/14/2023,ABY,GA,ASO,ES,Federal Contract Tower,0,5,10,0,15,0,0,7,0,7,0,5,17,0,22,0,0,0,22
01/15/2023,ABY,GA,ASO,ES,Federal Contract Tower,0,10,16,0,26,0,0,24,8,32,0,10,40,8,58,6,0,6,64
01/16/2023,ABY,GA,ASO,ES,Federal Contract Tower,0,10,17,0,27,0,0,30,0,30,0,10,47,0,57,0,0,0,57
01/17/2023,ABY,GA,ASO,ES,Federal Contract Tower,0,9,17,2,28,0,0,3,0,3,0,9,20,2,31,0,0,0,31
01/18/2023,ABY,GA,ASO,ES,Federal Contract Tower,0,12,14,0,26,0,0,1,0,1,0,12,15,0,27,0,0,0,27
01/19/2023,ABY,GA,ASO,ES,Federal Contract Tower,0,10,8,4,22,0,0,6,0,6,0,10,14,4,28,20,0,20,48
01/20/2023,ABY,GA,ASO,ES,Federal Contract Tower,0,9,11,0,20,0,0,23,10,33,0,9,34,10,53,2,56,58,111
01/21/2023,ABY,GA,ASO,ES,Federal Contract Tower,0,2,6,0,8,0,0,5,0,5,0,2,11,0,13,0,0,0,13
01/22/2023,ABY,GA,ASO,ES,Federal Contract Tower,0,16,4,2,22,0,0,1,0,1,0,16,5,2,23,0,0,0,23
01/23/2023,ABY,GA,ASO,ES,Federal Contract Tower,0,7,26,2,35,0,0,16,0,16,0,7,42,2,51,2,16,18,69
01/24/2023,ABY,GA,ASO,ES,Federal Contract Tower,0,9,19,2,30,0,0,44,0,44,0,9,63,2,74,24,0,24,98
01/25/2023,ABY,GA,ASO,ES,Federal Contract Tower,0,5,12,0,17,0,0,0,0,0,0,5,12,0,17,0,0,0,17
01/26/2023,ABY,GA,ASO,ES,Federal Contract Tower,0,10,19,2,31,0,0,13,0,13,0,10,32,2,44,0,0,0,44
01/27/2023,ABY,GA,ASO,ES,Federal Contract Tower,1,12,9,0,22,0,0,36,0,36,1,12,45,0,58,19,0,19,77
01/28/2023,ABY,GA,ASO,ES,Federal Contract Tower,0,9,13,2,24,0,0,16,1,17,0,9,29,3,41,12,8,20,61
01/29/2023,ABY,GA,ASO,ES,Federal Contract Tower,0,7,16,2,25,0,0,0,0,0,0,7,16,2,25,0,0,0,25
01/30/2023,ABY,GA,ASO,ES,Federal Contract Tower,0,7,6,2,15,0,0,2,2,4,0,7,8,4,19,0,0,0,19
01/31/2023,ABY,GA,ASO,ES,Federal Contract Tower,0,7,5,6,18,0,0,2,0,2,0,7,7,6,20,0,24,24,44
02/01/2023,ABY,GA,ASO,ES,Federal Contract Tower,0,11,8,6,25,0,0,10,0,10,0,11,18,6,35,10,42,52,87
02/02/2023,ABY,GA,ASO,ES,Federal Contract Tower,0,7,16,8,31,0,0,0,0,0,0,7,16,8,31,0,0,0,31
02/03/2023,ABY,GA,ASO,ES,Federal Contract Tower,0,8,15,1,24,0,0,18,5,23,0,8,33,6,47,0,0,0,47
02/04/2023,ABY,GA,ASO,ES,Federal Contract Tower,0,4,17,2,23,0,0,38,0,38,0,4,55,2,61,14,0,14,75
02/05/2023,ABY,GA,ASO,ES,Federal Contract Tower,0,14,13,0,27,0,0,24,0,24,0,14,37,0,51,2,0,2,53
02/06/2023,ABY,GA,ASO,ES,Federal Contract Tower,0,5,13,4,22,0,0,21,0,21,0,5,34,4,43,16,0,16,59
02/07/2023,ABY,GA,ASO,ES,Federal Contract Tower,0,7,8,1,16,0,0,15,3,18,0,7,23,4,34,6,38,44,78
02/08/2023,ABY,GA,ASO,ES,Federal Contract Tower,0,2,18,2,22,0,0,16,0,16,0,2,34,2,38,4,0,4,42
02/09/2023,ABY,GA,ASO,ES,Federal Contract Tower,0,7,14,0,21,0,0,8,0,8,0,7,22,0,29,0,0,0,29
02/10/2023,ABY,GA,ASO,ES,Federal Contract Tower,0,7,7,6,20,0,0,0,0,0,0,7,7,6,20,0,0,0,20
02/11/2023,ABY,GA,ASO,ES,Federal Contract Tower,0,5,5,0,10,0,0,0,0,0,0,5,5,0,10,0,0,0,10
02/12/2023,ABY,GA,ASO,ES,Federal Contract Tower,0,7,10,0,17,0,0,3,0,3,0,7,13,0,20,0,0,0,20
02/13/2023,ABY,GA,ASO,ES,Federal Contract Tower,0,4,14,1,19,0,0,27,0,27,0,4,41,1,46,14,0,14,60
02/14/2023,ABY,GA,ASO,ES,Federal Contract Tower,0,7,12,0,19,0,0,22,4,26,0,7,34,4,45,0,24,24,69
02/15/2023,ABY,GA,ASO,ES,Federal Contract Tower,0,5,12,4,21,0,0,14,4,18,0,5,26,8,39,0,28,28,67
02/16/2023,ABY,GA,ASO,ES,Federal Contract Tower,0,20,21,0,41,0,0,16,0,16,0,20,37,0,57,12,0,12,69
02/17/2023,ABY,GA,ASO,ES,Federal Contract Tower,0,12,12,0,24,0,0,5,0,5,0,12,17,0,29,0,0,0,29
02/18/2023,ABY,GA,ASO,ES,Federal Contract Tower,0,3,9,0,12,0,0,29,0,29,0,3,38,0,41,4,0,4,45
02/19/2023,ABY,GA,ASO,ES,Federal Contract Tower,0,8,25,1,34,0,0,19,0,19,0,8,44,1,53,2,0,2,55
02/20/2023,ABY,GA,ASO,ES,Federal Contract Tower,0,9,16,0,25,0,0,20,0,20,0,9,36,0,45,0,0,0,45
02/21/2023,ABY,GA,ASO,ES,Federal Contract Tower,0,11,17,4,32,0,0,7,0,7,0,11,24,4,39,12,8,20,59
02/22/2023,ABY,GA,ASO,ES,Federal Contract Tower,0,4,13,6,23,0,0,3,0,3,0,4,16,6,26,2,0,2,28
02/23/2023,ABY,GA,ASO,ES,Federal Contract Tower,0,12,18,0,30,0,0,6,0,6,0,12,24,0,36,0,0,0,36
02/24/2023,ABY,GA,ASO,ES,Federal Contract Tower,0,8,16,10,34,0,0,21,2,23,0,8,37,12,57,0,15,15,72
02/25/2023,ABY,GA,ASO,ES,Federal Contract Tower,0,3,4,4,11,0,0,4,5,9,0,3,8,9,20,0,48,48,68
02/26/2023,ABY,GA,ASO,ES,Federal Contract Tower,0,13,12,2,27,0,0,15,0,15,0,13,27,2,42,0,0,0,42
02/27/2023,ABY,GA,ASO,ES,Federal Contract Tower,0,7,9,4,20,0,0,1,5,6,0,7,10,9,26,0,26,26,52
02/28/2023,ABY,GA,ASO,ES,Federal Contract Tower,0,8,16,2,26,0,0,8,0,8,0,8,24,2,34,0,0,0,34
03/01/2023,ABY,GA,ASO,ES,Federal Contract Tower,0,12,24,11,47,0,0,21,4,25,0,12,45,15,72,0,38,38,110
03/02/2023,ABY,GA,ASO,ES,Federal Contract Tower,0,10,14,9,33,0,0,0,0,0,0,10,14,9,33,0,60,60,93
03/03/2023,ABY,GA,ASO,ES,Federal Contract Tower,0,4,4,4,12,0,0,4,1,5,0,4,8,5,17,0,16,16,33
03/04/2023,ABY,GA,ASO,ES,Federal Contract Tower,0,6,14,0,20,0,0,28,0,28,0,6,42,0,48,16,0,16,64
03/05/2023,ABY,GA,ASO,ES,Federal Contract Tower,1,8,15,2,26,0,0,17,0,17,1,8,32,2,43,4,0,4,47
03/06/2023,ABY,GA,ASO,ES,Federal Contract Tower,0,8,11,3,22,0,0,28,3,31,0,8,39,6,53,0,28,28,81
03/07/2023,ABY,GA,ASO,ES,Federal Contract Tower,0,9,10,4,23,0,0,3,0,3,0,9,13,4,26,4,0,4,30
03/08/2023,ABY,GA,ASO,ES,Federal Contract Tower,0,7,7,2,16,0,0,17,2,19,0,7,24,4,35,10,28,38,73
03/09/2023,ABY,GA,ASO,ES,Federal Contract Tower,0,9,10,0,19,0,0,26,2,28,0,9,36,2,47,4,0,4,51
03/10/2023,ABY,GA,ASO,ES,Federal Contract Tower,0,6,6,2,14,0,0,7,0,7,0,6,13,2,21,0,0,0,21
03/11/2023,ABY,GA,ASO,ES,Federal Contract Tower,0,5,18,0,23,0,0,41,2,43,0,5,59,2,66,4,0,4,70
03/12/2023,ABY,GA,ASO,ES,Federal Contract Tower,0,7,11,0,18,0,0,0,0,0,0,7,11,0,18,0,0,0,18
03/13/2023,ABY,GA,ASO,ES,Federal Contract Tower,0,8,11,5,24,0,0,13,3,16,0,8,24,8,40,0,8,8,48
03/14/2023,ABY,GA,ASO,ES,Federal Contract Tower,0,4,6,2,12,0,0,19,0,19,0,4,25,2,31,26,0,26,57
03/15/2023,ABY,GA,ASO,ES,Federal Contract Tower,0,7,18,4,29,0,0,24,0,24,0,7,42,4,53,0,0,0,53
03/16/2023,ABY,GA,ASO,ES,Federal Contract Tower,0,7,9,0,16,0,0,24,2,26,0,7,33,2,42,6,12,18,60
03/17/2023,ABY,GA,ASO,ES,Federal Contract Tower,0,7,15,6,28,0,0,0,5,5,0,7,15,11,33,0,18,18,51
03/18/2023,ABY,GA,ASO,ES,Federal Contract Tower,0,4,14,0,18,0,0,18,2,20,0,4,32,2,38,0,0,0,38
03/19/2023,ABY,GA,ASO,ES,Federal Contract Tower,0,7,17,2,26,0,0,18,0,18,0,7,35,2,44,0,0,0,44
03/20/2023,ABY,GA,ASO,ES,Federal Contract Tower,0,6,5,0,11,0,0,22,0,22,0,6,27,0,33,8,0,8,41
03/21/2023,ABY,GA,ASO,ES,Federal Contract Tower,0,5,12,3,20,0,0,18,2,20,0,5,30,5,40,0,12,12,52
03/22/2023,ABY,GA,ASO,ES,Federal Contract Tower,0,6,12,0,18,0,0,15,2,17,0,6,27,2,35,0,20,20,55
03/23/2023,ABY,GA,ASO,ES,Federal Contract Tower,0,7,7,0,14,0,0,8,2,10,0,7,15,2,24,0,0,0,24
03/24/2023,ABY,GA,ASO,ES,Federal Contract Tower,0,7,4,0,11,0,0,17,0,17,0,7,21,0,28,10,0,10,38
03/25/2023,ABY,GA,ASO,ES,Federal Contract Tower,0,6,4,0,10,0,0,1,0,1,0,6,5,0,11,0,0,0,11
03/26/2023,ABY,GA,ASO,ES,Federal Contract Tower,0,6,7,0,13,0,0,0,0,0,0,6,7,0,13,0,0,0,13
03/27/2023,ABY,GA,ASO,ES,Federal Contract Tower,0,5,12,0,17,0,0,1,0,1,0,5,13,0,18,0,0,0,18
03/28/2023,ABY,GA,ASO,ES,Federal Contract Tower,1,4,5,0,10,0,0,1,2,3,1,4,6,2,13,0,28,28,41
03/29/2023,ABY,GA,ASO,ES,Federal Contract Tower,0,6,11,0,17,0,0,31,0,31,0,6,42,0,48,0,0,0,48
03/30/2023,ABY,GA,ASO,ES,Federal Contract Tower,0,5,12,1,18,0,0,58,5,63,0,5,70,6,81,2,18,20,101
03/31/2023,ABY,GA,ASO,ES,Federal Contract Tower,0,4,19,0,23,0,0,43,6,49,0,4,62,6,72,4,50,54,126
04/01/2023,ABY,GA,ASO,ES,Federal Contract Tower,0,6,9,0,15,0,0,2,0,2,0,6,11,0,17,0,0,0,17
04/02/2023,ABY,GA,ASO,ES,Federal Contract Tower,0,8,18,0,26,0,0,46,0,46,0,8,64,0,72,16,0,16,88
04/03/2023,ABY,GA,ASO,ES,Federal Contract Tower,0,5,4,0,9,0,0,8,0,8,0,5,12,0,17,2,0,2,19
04/04/2023,ABY,GA,ASO,ES,Federal Contract Tower,0,9,2,0,11,0,0,4,0,4,0,9,6,0,15,16,0,16,31
04/05/2023,ABY,GA,ASO,ES,Federal Contract Tower,0,6,9,5,20,0,0,18,1,19,0,6,27,6,39,8,42,50,89
04/06/2023,ABY,GA,ASO,ES,Federal Contract Tower,0,9,17,6,32,0,0,29,4,33,0,9,46,10,65,6,16,22,87
04/07/2023,ABY,GA,ASO,ES,Federal Contract Tower,0,10,6,4,20,0,0,25,0,25,0,10,31,4,45,10,26,36,81
04/08/2023,ABY,GA,ASO,ES,Federal Contract Tower,0,4,2,0,6,0,0,0,0,0,0,4,2,0,6,0,0,0,6
04/09/2023,ABY,GA,ASO,ES,Federal Contract Tower,0,6,9,0,15,0,0,0,0,0,0,6,9,0,15,0,0,0,15
04/10/2023,ABY,GA,ASO,ES,Federal Contract Tower,0,6,6,0,12,0,0,12,6,18,0,6,18,6,30,36,16,52,82
04/11/2023,ABY,GA,ASO,ES,Federal Contract Tower,0,6,3,2,11,0,0,30,0,30,0,6,33,2,41,38,22,60,101
04/12/2023,ABY,GA,ASO,ES,Federal Contract Tower,0,4,7,4,15,0,0,18,8,26,0,4,25,12,41,32,54,86,127
04/13/2023,ABY,GA,ASO,ES,Federal Contract Tower,0,7,5,0,12,0,0,0,0,0,0,7,5,0,12,0,0,0,12
04/14/2023,ABY,GA,ASO,ES,Federal Contract Tower,0,6,6,2,14,0,0,4,0,4,0,6,10,2,18,2,0,2,20
04/15/2023,ABY,GA,ASO,ES,Federal Contract Tower,0,7,6,0,13,0,0,20,0,20,0,7,26,0,33,0,0,0,33
04/16/2023,ABY,GA,ASO,ES,Federal Contract Tower,0,5,9,5,19,0,0,4,1,5,0,5,13,6,24,0,0,0,24
04/17/2023,ABY,GA,ASO,ES,Federal Contract Tower,0,7,7,2,16,0,0,17,2,19,0,7,24,4,35,0,0,0,35
04/18/2023,ABY,GA,ASO,ES,Federal Contract Tower,0,8,5,2,15,0,0,30,0,30,0,8,35,2,45,0,0,0,45
04/19/2023,ABY,GA,ASO,ES,Federal Contract Tower,0,4,11,4,19,0,0,28,2,30,0,4,39,6,49,0,12,12,61
04/20/2023,ABY,GA,ASO,ES,Federal Contract Tower,0,5,7,0,12,0,0,19,0,19,0,5,26,0,31,4,14,18,49
04/21/2023,ABY,GA,ASO,ES,Federal Contract Tower,0,5,11,3,19,0,0,22,3,25,0,5,33,6,44,14,11,25,69
04/22/2023,ABY,GA,ASO,ES,Federal Contract Tower,0,4,10,0,14,0,0,8,2,10,0,4,18,2,24,30,0,30,54
04/23/2023,ABY,GA,ASO,ES,Federal Contract Tower,0,5,11,0,16,0,0,23,0,23,0,5,34,0,39,14,0,14,53
04/24/2023,ABY,GA,ASO,ES,Federal Contract Tower,0,13,10,4,27,0,0,18,2,20,0,13,28,6,47,0,29,29,76
04/25/2023,ABY,GA,ASO,ES,Federal Contract Tower,0,4,1,4,9,0,0,12,2,14,0,4,13,6,23,5,42,47,70
04/26/2023,ABY,GA,ASO,ES,Federal Contract Tower,0,6,8,4,18,0,0,3,0,3,0,6,11,4,21,0,0,0,21
04/27/2023,ABY,GA,ASO,ES,Federal Contract Tower,0,5,5,1,11,0,0,0,0,0,0,5,5,1,11,0,0,0,11
04/28/2023,ABY,GA,ASO,ES,Federal Contract Tower,0,8,9,5,22,0,0,4,0,4,0,8,13,5,26,2,16,18,44
04/29/2023,ABY,GA,ASO,ES,Federal Contract Tower,0,2,4,0,6,0,0,4,0,4,0,2,8,0,10,0,0,0,10
04/30/2023,ABY,GA,ASO,ES,Federal Contract Tower,3,2,10,0,15,0,0,1,0,1,3,2,11,0,16,0,0,0,16
05/01/2023,ABY,GA,ASO,ES,Federal Contract Tower,3,0,9,0,12,0,0,8,0,8,3,0,17,0,20,0,0,0,20
05/02/2023,ABY,GA,ASO,ES,Federal Contract Tower,3,0,0,0,3,0,0,12,4,16,3,0,12,4,19,0,16,16,35
05/03/2023,ABY,GA,ASO,ES,Federal Contract Tower,3,0,13,2,18,0,0,14,0,14,3,0,27,2,32,0,0,0,32
05/04/2023,ABY,GA,ASO,ES,Federal Contract Tower,3,3,10,4,20,0,0,32,0,32,3,3,42,4,52,27,0,27,79
05/05/2023,ABY,GA,ASO,ES,Federal Contract Tower,3,3,12,0,18,0,0,15,9,24,3,3,27,9,42,18,44,62,104
05/06/2023,ABY,GA,ASO,ES,Federal Contract Tower,3,0,7,0,10,0,0,18,2,20,3,0,25,2,30,14,0,14,44
05/07/2023,ABY,GA,ASO,ES,Federal Contract Tower,3,2,5,2,12,0,0,21,2,23,3,2,26,4,35,22,0,22,57
05/08/2023,ABY,GA,ASO,ES,Federal Contract Tower,2,0,6,7,15,0,0,20,4,24,2,0,26,11,39,18,64,82,121
05/09/2023,ABY,GA,ASO,ES,Federal Contract Tower,2,1,11,4,18,0,0,17,3,20,2,1,28,7,38,16,18,34,72
05/10/2023,ABY,GA,ASO,ES,Federal Contract Tower,0,6,5,2,13,0,0,11,6,17,0,6,16,8,30,0,2,2,32
05/11/2023,ABY,GA,ASO,ES,Federal Contract Tower,3,5,13,0,21,0,0,7,0,7,3,5,20,0,28,0,0,0,28
05/12/2023,ABY,GA,ASO,ES,Federal Contract Tower,3,0,3,0,6,0,0,8,0,8,3,0,11,0,14,22,0,22,36
05/13/2023,ABY,GA,ASO,ES,Federal Contract Tower,2,0,10,0,12,0,0,21,0,21,2,0,31,0,33,16,0,16,49
05/14/2023,ABY,GA,ASO,ES,Federal Contract Tower,2,1,2,0,5,0,0,15,0,15,2,1,17,0,20,22,0,22,42
05/15/2023,ABY,GA,ASO,ES,Federal Contract Tower,2,0,9,1,12,0,0,11,1,12,2,0,20,2,24,0,10,10,34
05/16/2023,ABY,GA,ASO,ES,Federal Contract Tower,2,0,6,2,10,0,0,4,0,4,2,0,10,2,14,20,0,20,34
05/17/2023,ABY,GA,ASO,ES,Federal Contract Tower,3,3,8,6,20,0,0,4,2,6,3,3,12,8,26,18,16,34,60
05/18/2023,ABY,GA,ASO,ES,Federal Contract Tower,2,0,3,6,11,0,0,4,0,4,2,0,7,6,15,6,18,24,39
05/19/2023,ABY,GA,ASO,ES,Federal Contract Tower,2,0,14,2,18,0,0,8,0,8,2,0,22,2,26,2,0,2,28
05/20/2023,ABY,GA,ASO,ES,Federal Contract Tower,2,0,4,2,8,0,0,11,0,11,2,0,15,2,19,20,0,20,39
05/21/2023,ABY,GA,ASO,ES,Federal Contract Tower,3,0,4,0,7,0,0,3,2,5,3,0,7,2,12,0,0,0,12
05/22/2023,ABY,GA,ASO,ES,Federal Contract Tower,3,3,11,4,21,0,0,0,0,0,3,3,11,4,21,0,14,14,35
05/23/2023,ABY,GA,ASO,ES,Federal Contract Tower,3,0,4,4,11,0,0,0,2,2,3,0,4,6,13,0,10,10,23
05/24/2023,ABY,GA,ASO,ES,Federal Contract Tower,3,0,8,2,13,0,0,1,0,1,3,0,9,2,14,6,0,6,20
05/25/2023,ABY,GA,ASO,ES,Federal Contract Tower,3,0,8,0,11,0,0,12,2,14,3,0,20,2,25,12,10,22,47
05/26/2023,ABY,GA,ASO,ES,Federal Contract Tower,2,0,7,3,12,0,0,11,1,12,2,0,18,4,24,14,24,38,62
05/27/2023,ABY,GA,ASO,ES,Federal Contract Tower,2,0,1,0,3,0,0,19,0,19,2,0,20,0,22,0,0,0,22
05/28/2023,ABY,GA,ASO,ES,Federal Contract Tower,2,2,8,0,12,0,0,22,0,22,2,2,30,0,34,12,0,12,46
05/29/2023,ABY,GA,ASO,ES,Federal Contract Tower,2,0,9,0,11,0,0,17,0,17,2,0,26,0,28,16,0,16,44
05/30/2023,ABY,GA,ASO,ES,Federal Contract Tower,3,0,9,8,20,0,0,32,2,34,3,0,41,10,54,12,10,22,76
05/31/2023,ABY,GA,ASO,ES,Federal Contract Tower,2,0,8,6,16,0,0,4,0,4,2,0,12,6,20,6,6,12,32
06/01/2023,ABY,GA,ASO,ES,Federal Contract Tower,2,1,8,10,21,0,0,15,5,20,2,1,23,15,41,16,14,30,71
06/02/2023,ABY,GA,ASO,ES,Federal Contract Tower,3,0,8,7,18,0,0,19,4,23,3,0,27,11,41,24,12,36,77
06/03/2023,ABY,GA,ASO,ES,Federal Contract Tower,2,1,9,0,12,0,0,13,2,15,2,1,22,2,27,18,6,24,51
06/04/2023,ABY,GA,ASO,ES,Federal Contract Tower,2,1,2,0,5,0,0,26,3,29,2,1,28,3,34,12,0,12,46
06/05/2023,ABY,GA,ASO,ES,Federal Contract Tower,2,2,6,2,12,0,0,12,5,17,2,2,18,7,29,8,28,36,65
06/06/2023,ABY,GA,ASO,ES,Federal Contract Tower,2,0,9,3,14,0,0,14,1,15,2,0,23,4,29,0,14,14,43
06/07/2023,ABY,GA,ASO,ES,Federal Contract Tower,3,3,9,4,19,0,0,26,0,26,3,3,35,4,45,50,18,68,113
06/08/2023,ABY,GA,ASO,ES,Federal Contract Tower,2,0,7,4,13,0,1,24,0,25,2,1,31,4,38,8,0,8,46
06/09/2023,ABY,GA,ASO,ES,Federal Contract Tower,2,1,12,0,15,0,0,37,2,39,2,1,49,2,54,28,10,38,92
06/10/2023,ABY,GA,ASO,ES,Federal Contract Tower,2,0,8,0,10,0,0,32,0,32,2,0,40,0,42,58,0,58,100
06/11/2023,ABY,GA,ASO,ES,Federal Contract Tower,3,0,7,0,10,0,0,10,0,10,3,0,17,0,20,10,0,10,30
06/12/2023,ABY,GA,ASO,ES,Federal Contract Tower,2,3,1,0,6,0,0,2,0,2,2,3,3,0,8,32,0,32,40
06/13/2023,ABY,GA,ASO,ES,Federal Contract Tower,2,0,1,2,5,0,0,6,2,8,2,0,7,4,13,16,8,24,37
06/14/2023,ABY,GA,ASO,ES,Federal Contract Tower,1,0,3,0,4,0,0,0,0,0,1,0,3,0,4,0,0,0,4
06/15/2023,ABY,GA,ASO,ES,Federal Contract Tower,3,0,5,0,8,0,0,0,0,0,3,0,5,0,8,0,0,0,8
06/16/2023,ABY,GA,ASO,ES,Federal Contract Tower,2,0,3,0,5,0,0,8,0,8,2,0,11,0,13,12,0,12,25
06/17/2023,ABY,GA,ASO,ES,Federal Contract Tower,2,0,4,0,6,0,0,15,0,15,2,0,19,0,21,6,0,6,27
06/18/2023,ABY,GA,ASO,ES,Federal Contract Tower,3,0,5,0,8,0,0,10,0,10,3,0,15,0,18,14,2,16,34
06/19/2023,ABY,GA,ASO,ES,Federal Contract Tower,2,0,6,0,8,0,0,3,0,3,2,0,9,0,11,8,0,8,19
06/20/2023,ABY,GA,ASO,ES,Federal Contract Tower,3,3,4,0,10,0,0,5,0,5,3,3,9,0,15,2,0,2,17
06/21/2023,ABY,GA,ASO,ES,Federal Contract Tower,2,0,2,0,4,0,0,0,0,0,2,0,2,0,4,0,0,0,4
06/22/2023,ABY,GA,ASO,ES,Federal Contract Tower,2,0,4,6,12,0,0,5,1,6,2,0,9,7,18,16,0,16,34
06/23/2023,ABY,GA,ASO,ES,Federal Contract Tower,2,0,7,2,11,0,0,25,2,27,2,0,32,4,38,16,12,28,66
06/24/2023,ABY,GA,ASO,ES,Federal Contract Tower,2,0,4,0,6,0,0,37,0,37,2,0,41,0,43,20,0,20,63
06/25/2023,ABY,GA,ASO,ES,Federal Contract Tower,3,0,5,0,8,0,0,21,0,21,3,0,26,0,29,0,0,0,29
06/26/2023,ABY,GA,ASO,ES,Federal Contract Tower,2,0,6,1,9,0,0,14,0,14,2,0,20,1,23,6,28,34,57
06/27/2023,ABY,GA,ASO,ES,Federal Contract Tower,2,0,8,2,12,0,0,18,2,20,2,0,26,4,32,16,6,22,54
06/28/2023,ABY,GA,ASO,ES,Federal Contract Tower,2,0,8,4,14,0,0,23,4,27,2,0,31,8,41,60,10,70,111
06/29/2023,ABY,GA,ASO,ES,Federal Contract Tower,0,4,6,4,14,0,0,38,0,38,0,4,44,4,52,22,8,30,82
06/30/2023,ABY,GA,ASO,ES,Federal Contract Tower,3,0,4,8,15,0,1,22,1,24,3,1,26,9,39,38,12,50,89
07/01/2023,ABY,GA,ASO,ES,Federal Contract Tower,2,2,3,0,7,0,0,16,0,16,2,2,19,0,23,20,0,20,43
07/02/2023,ABY,GA,ASO,ES,Federal Contract Tower,2,0,0,0,2,0,0,12,0,12,2,0,12,0,14,2,0,2,16
07/03/2023,ABY,GA,ASO,ES,Federal Contract Tower,2,0,2,0,4,0,0,9,0,9,2,0,11,0,13,6,0,6,19
07/04/2023,ABY,GA,ASO,ES,Federal Contract Tower,2,0,0,0,2,0,0,6,0,6,2,0,6,0,8,0,0,0,8
07/05/2023,ABY,GA,ASO,ES,Federal Contract Tower,2,0,2,2,6,0,0,6,0,6,2,0,8,2,12,6,12,18,30
07/06/2023,ABY,GA,ASO,ES,Federal Contract Tower,2,0,7,2,11,0,0,8,0,8,2,0,15,2,19,4,0,4,23
07/07/2023,ABY,GA,ASO,ES,Federal Contract Tower,2,0,1,0,3,0,0,6,6,12,2,0,7,6,15,4,0,4,19
07/08/2023,ABY,GA,ASO,ES,Federal Contract Tower,2,0,6,0,8,0,0,23,0,23,2,0,29,0,31,0,0,0,31
07/09/2023,ABY,GA,ASO,ES,Federal Contract Tower,2,0,5,6,13,0,0,5,14,19,2,0,10,20,32,0,0,0,32
07/10/2023,ABY,GA,ASO,ES,Federal Contract Tower,2,0,7,0,9,0,0,0,0,0,2,0,7,0,9,0,0,0,9
07/11/2023,ABY,GA,ASO,ES,Federal Contract Tower,2,0,4,2,8,0,0,10,5,15,2,0,14,7,23,8,46,54,77
07/12/2023,ABY,GA,ASO,ES,Federal Contract Tower,3,1,8,3,15,0,0,11,0,11,3,1,19,3,26,0,20,20,46
07/13/2023,ABY,GA,ASO,ES,Federal Contract Tower,2,0,2,0,4,0,0,0,0,0,2,0,2,0,4,0,0,0,4
07/14/2023,ABY,GA,ASO,ES,Federal Contract Tower,2,1,13,2,18,0,0,4,2,6,2,1,17,4,24,0,0,0,24
07/15/2023,ABY,GA,ASO,ES,Federal Contract Tower,2,0,2,0,4,0,0,6,0,6,2,0,8,0,10,4,0,4,14
07/16/2023,ABY,GA,ASO,ES,Federal Contract Tower,3,0,4,0,7,0,0,3,0,3,3,0,7,0,10,0,0,0,10
07/17/2023,ABY,GA,ASO,ES,Federal Contract Tower,3,0,3,0,6,0,0,24,0,24,3,0,27,0,30,6,0,6,36
07/18/2023,ABY,GA,ASO,ES,Federal Contract Tower,4,1,10,6,21,0,0,14,2,16,4,1,24,8,37,32,14,46,83
07/19/2023,ABY,GA,ASO,ES,Federal Contract Tower,2,0,2,4,8,0,0,11,0,11,2,0,13,4,19,0,0,0,19
07/20/2023,ABY,GA,ASO,ES,Federal Contract Tower,2,0,8,4,14,0,0,6,0,6,2,0,14,4,20,0,8,8,28
07/21/2023,ABY,GA,ASO,ES,Federal Contract Tower,2,0,10,0,12,0,0,8,2,10,2,0,18,2,22,2,2,4,26
07/22/2023,ABY,GA,ASO,ES,Federal Contract Tower,2,0,4,0,6,0,0,11,0,11,2,0,15,0,17,20,0,20,37
07/23/2023,ABY,GA,ASO,ES,Federal Contract Tower,2,0,7,0,9,0,0,5,1,6,2,0,12,1,15,0,0,0,15
07/24/2023,ABY,GA,ASO,ES,Federal Contract Tower,2,0,11,2,15,0,0,14,0,14,2,0,25,2,29,4,0,4,33
07/25/2023,ABY,GA,ASO,ES,Federal Contract Tower,3,0,3,6,12,0,0,16,0,16,3,0,19,6,28,0,0,0,28
07/26/2023,ABY,GA,ASO,ES,Federal Contract Tower,2,2,8,6,18,0,0,24,0,24,2,2,32,6,42,6,6,12,54
07/27/2023,ABY,GA,ASO,ES,Federal Contract Tower,2,0,7,6,15,0,0,21,0,21,2,0,28,6,36,0,4,4,40
07/28/2023,ABY,GA,ASO,ES,Federal Contract Tower,2,0,6,6,14,0,0,11,0,11,2,0,17,6,25,30,6,36,61
07/29/2023,ABY,GA,ASO,ES,Federal Contract Tower,2,0,0,0,2,0,0,12,0,12,2,0,12,0,14,4,0,4,18
07/30/2023,ABY,GA,ASO,ES,Federal Contract Tower,2,0,2,3,7,0,0,10,1,11,2,0,12,4,18,6,0,6,24
07/31/2023,ABY,GA,ASO,ES,Federal Contract Tower,2,2,5,2,11,0,0,5,0,5,2,2,10,2,16,4,0,4,20
08/01/2023,ABY,GA,ASO,ES,Federal Contract Tower,2,0,13,4,19,0,0,18,0,18,2,0,31,4,37,12,0,12,49
08/02/2023,ABY,GA,ASO,ES,Federal Contract Tower,2,10,5,5,22,0,0,14,1,15,2,10,19,6,37,8,15,23,60
08/03/2023,ABY,GA,ASO,ES,Federal Contract Tower,2,0,6,6,14,0,0,15,0,15,2,0,21,6,29,0,0,0,29
08/04/2023,ABY,GA,ASO,ES,Federal Contract Tower,2,0,7,0,9,0,0,4,1,5,2,0,11,1,14,0,0,0,14
08/05/2023,ABY,GA,ASO,ES,Federal Contract Tower,2,2,5,0,9,0,0,9,0,9,2,2,14,0,18,0,0,0,18
08/06/2023,ABY,GA,ASO,ES,Federal Contract Tower,2,2,5,0,9,0,0,15,0,15,2,2,20,0,24,20,0,20,44
08/07/2023,ABY,GA,ASO,ES,Federal Contract Tower,2,0,2,2,6,0,0,11,4,15,2,0,13,6,21,0,14,14,35
08/08/2023,ABY,GA,ASO,ES,Federal Contract Tower,2,0,7,4,13,0,0,4,2,6,2,0,11,6,19,0,0,0,19
08/09/2023,ABY,GA,ASO,ES,Federal Contract Tower,2,0,10,0,12,0,0,8,0,8,2,0,18,0,20,0,0,0,20
08/10/2023,ABY,GA,ASO,ES,Federal Contract Tower,2,2,2,3,9,0,0,12,4,16,2,2,14,7,25,2,44,46,71
08/11/2023,ABY,GA,ASO,ES,Federal Contract Tower,2,2,7,4,15,0,0,3,0,3,2,2,10,4,18,0,0,0,18
08/12/2023,ABY,GA,ASO,ES,Federal Contract Tower,2,0,5,0,7,0,0,28,0,28,2,0,33,0,35,18,0,18,53
08/13/2023,ABY,GA,ASO,ES,Federal Contract Tower,2,0,1,0,3,0,0,16,0,16,2,0,17,0,19,24,0,24,43
08/14/2023,ABY,GA,ASO,ES,Federal Contract Tower,2,0,3,0,5,0,0,10,4,14,2,0,13,4,19,0,24,24,43
08/15/2023,ABY,GA,ASO,ES,Federal Contract Tower,4,0,1,0,5,0,0,9,1,10,4,0,10,1,15,0,12,12,27
08/16/2023,ABY,GA,ASO,ES,Federal Contract Tower,2,0,7,0,9,0,0,5,0,5,2,0,12,0,14,0,0,0,14
08/17/2023,ABY,GA,ASO,ES,Federal Contract Tower,2,0,9,0,11,0,0,7,4,11,2,0,16,4,22,6,28,34,56
08/18/2023,ABY,GA,ASO,ES,Federal Contract Tower,2,0,3,4,9,0,0,17,3,20,2,0,20,7,29,0,26,26,55
08/19/2023,ABY,GA,ASO,ES,Federal Contract Tower,2,0,9,0,11,0,0,16,0,16,2,0,25,0,27,0,0,0,27
08/20/2023,ABY,GA,ASO,ES,Federal Contract Tower,2,0,4,0,6,0,0,23,0,23,2,0,27,0,29,2,0,2,31
08/21/2023,ABY,GA,ASO,ES,Federal Contract Tower,2,0,5,4,11,0,0,12,0,12,2,0,17,4,23,28,0,28,51
08/22/2023,ABY,GA,ASO,ES,Federal Contract Tower,2,1,5,4,12,0,0,15,0,15,2,1,20,4,27,16,0,16,43
08/23/2023,ABY,GA,ASO,ES,Federal Contract Tower,3,0,7,2,12,0,0,28,0,28,3,0,35,2,40,8,14,22,62
08/24/2023,ABY,GA,ASO,ES,Federal Contract Tower,1,0,11,0,12,0,0,23,0,23,1,0,34,0,35,10,0,10,45
08/25/2023,ABY,GA,ASO,ES,Federal Contract Tower,2,0,12,4,18,0,0,6,4,10,2,0,18,8,28,0,0,0,28
08/26/2023,ABY,GA,ASO,ES,Federal Contract Tower,2,0,0,0,2,0,0,35,0,35,2,0,35,0,37,0,0,0,37
08/27/2023,ABY,GA,ASO,ES,Federal Contract Tower,2,0,0,0,2,0,0,6,0,6,2,0,6,0,8,0,0,0,8
08/28/2023,ABY,GA,ASO,ES,Federal Contract Tower,2,0,16,4,22,0,0,19,6,25,2,0,35,10,47,10,58,68,115
08/29/2023,ABY,GA,ASO,ES,Federal Contract Tower,2,2,12,0,16,0,0,7,2,9,2,2,19,2,25,0,0,0,25
08/30/2023,ABY,GA,ASO,ES,Federal Contract Tower,2,0,1,0,3,0,0,0,0,0,2,0,1,0,3,0,0,0,3
08/31/2023,ABY,GA,ASO,ES,Federal Contract Tower,2,2,7,0,11,0,0,9,0,9,2,2,16,0,20,12,0,12,32
01/01/2020,ABY,GA,ASO,ES,Federal Contract Tower,0,4,8,0,12,0,0,29,0,29,0,4,37,0,41,0,0,0,41
01/02/2020,ABY,GA,ASO,ES,Federal Contract Tower,0,10,2,4,16,0,0,6,0,6,0,10,8,4,22,0,10,10,32
01/03/2020,ABY,GA,ASO,ES,Federal Contract Tower,0,2,5,8,15,0,0,0,0,0,0,2,5,8,15,0,0,0,15
01/04/2020,ABY,GA,ASO,ES,Federal Contract Tower,0,7,5,0,12,0,0,3,0,3,0,7,8,0,15,0,0,0,15
01/05/2020,ABY,GA,ASO,ES,Federal Contract Tower,0,4,12,0,16,0,0,21,0,21,0,4,33,0,37,2,0,2,39
01/06/2020,ABY,GA,ASO,ES,Federal Contract Tower,0,5,20,8,33,0,0,21,0,21,0,5,41,8,54,0,0,0,54
01/07/2020,ABY,GA,ASO,ES,Federal Contract Tower,0,9,11,2,22,0,0,12,0,12,0,9,23,2,34,0,0,0,34
01/08/2020,ABY,GA,ASO,ES,Federal Contract Tower,1,7,13,0,21,0,3,22,2,27,1,10,35,2,48,12,12,24,72
01/09/2020,ABY,GA,ASO,ES,Federal Contract Tower,0,15,18,4,37,0,0,14,0,14,0,15,32,4,51,4,4,8,59
01/10/2020,ABY,GA,ASO,ES,Federal Contract Tower,0,10,9,24,43,0,0,13,0,13,0,10,22,24,56,0,18,18,74
01/11/2020,ABY,GA,ASO,ES,Federal Contract Tower,0,6,8,0,14,0,0,0,0,0,0,6,8,0,14,0,0,0,14
01/12/2020,ABY,GA,ASO,ES,Federal Contract Tower,0,15,11,0,26,0,0,0,0,0,0,15,11,0,26,0,0,0,26
01/13/2020,ABY,GA,ASO,ES,Federal Contract Tower,0,4,2,0,6,0,0,0,0,0,0,4,2,0,6,0,0,0,6
01/14/2020,ABY,GA,ASO,ES,Federal Contract Tower,0,11,7,4,22,0,0,4,2,6,0,11,11,6,28,6,18,24,52
01/15/2020,ABY,GA,ASO,ES,Federal Contract Tower,0,6,7,0,13,0,0,2,0,2,0,6,9,0,15,8,0,8,23
01/16/2020,ABY,GA,ASO,ES,Federal Contract Tower,0,8,17,0,25,0,0,3,0,3,0,8,20,0,28,0,0,0,28
01/17/2020,ABY,GA,ASO,ES,Federal Contract Tower,0,8,22,3,33,0,0,15,3,18,0,8,37,6,51,4,12,16,67
01/18/2020,ABY,GA,ASO,ES,Federal Contract Tower,0,8,11,0,19,0,0,17,0,17,0,8,28,0,36,6,0,6,42
01/19/2020,ABY,GA,ASO,ES,Federal Contract Tower,0,9,17,0,26,0,0,2,0,2,0,9,19,0,28,0,0,0,28
01/20/2020,ABY,GA,ASO,ES,Federal Contract Tower,0,14,13,0,27,0,0,12,0,12,0,14,25,0,39,0,0,0,39
01/21/2020,ABY,GA,ASO,ES,Federal Contract Tower,0,8,12,2,22,0,0,12,2,14,0,8,24,4,36,0,14,14,50
01/22/2020,ABY,GA,ASO,ES,Federal Contract Tower,0,9,16,2,27,0,0,5,0,5,0,9,21,2,32,0,0,0,32
01/23/2020,ABY,GA,ASO,ES,Federal Contract Tower,0,14,12,0,26,0,0,5,0,5,0,14,17,0,31,0,0,0,31
01/24/2020,ABY,GA,ASO,ES,Federal Contract Tower,0,7,13,2,22,0,1,0,0,1,0,8,13,2,23,0,6,6,29
01/25/2020,ABY,GA,ASO,ES,Federal Contract Tower,0,5,8,2,15,0,0,14,0,14,0,5,22,2,29,0,0,0,29
01/26/2020,ABY,GA,ASO,ES,Federal Contract Tower,0,17,10,0,27,0,0,17,0,17,0,17,27,0,44,0,0,0,44
01/27/2020,ABY,GA,ASO,ES,Federal Contract Tower,0,8,11,2,21,0,0,2,0,2,0,8,13,2,23,30,0,30,53
01/28/2020,ABY,GA,ASO,ES,Federal Contract Tower,0,11,10,4,25,0,0,18,2,20,0,11,28,6,45,8,8,16,61
01/29/2020,ABY,GA,ASO,ES,Federal Contract Tower,0,14,10,2,26,0,0,0,0,0,0,14,10,2,26,0,0,0,26
01/30/2020,ABY,GA,ASO,ES,Federal Contract Tower,0,17,8,2,27,0,0,11,0,11,0,17,19,2,38,0,0,0,38
01/31/2020,ABY,GA,ASO,ES,Federal Contract Tower,0,8,17,2,27,0,0,0,0,0,0,8,17,2,27,0,0,0,27
02/01/2020,ABY,GA,ASO,ES,Federal Contract Tower,0,5,12,0,17,0,0,1,0,1,0,5,13,0,18,0,0,0,18
02/02/2020,ABY,GA,ASO,ES,Federal Contract Tower,0,7,10,0,17,0,0,22,0,22,0,7,32,0,39,2,0,2,41
02/03/2020,ABY,GA,ASO,ES,Federal Contract Tower,0,6,6,2,14,0,0,32,0,32,0,6,38,2,46,6,6,12,58
02/04/2020,ABY,GA,ASO,ES,Federal Contract Tower,0,7,15,8,30,0,0,7,2,9,0,7,22,10,39,0,14,14,53
02/05/2020,ABY,GA,ASO,ES,Federal Contract Tower,0,8,15,0,23,0,0,2,0,2,0,8,17,0,25,0,0,0,25
02/06/2020,ABY,GA,ASO,ES,Federal Contract Tower,2,6,2,0,10,0,0,0,0,0,2,6,2,0,10,0,0,0,10
02/07/2020,ABY,GA,ASO,ES,Federal Contract Tower,0,11,19,8,38,0,0,12,13,25,0,11,31,21,63,0,12,12,75
02/08/2020,ABY,GA,ASO,ES,Federal Contract Tower,0,6,11,2,19,0,0,12,0,12,0,6,23,2,31,0,4,4,35
02/09/2020,ABY,GA,ASO,ES,Federal Contract Tower,0,9,18,0,27,0,1,22,12,35,0,10,40,12,62,6,0,6,68
02/10/2020,ABY,GA,ASO,ES,Federal Contract Tower,0,9,15,4,28,0,0,6,0,6,0,9,21,4,34,2,12,14,48
02/11/2020,ABY,GA,ASO,ES,Federal Contract Tower,0,12,13,6,31,0,0,1,0,1,0,12,14,6,32,0,2,2,34
02/12/2020,ABY,GA,ASO,ES,Federal Contract Tower,2,5,8,6,21,0,0,0,0,0,2,5,8,6,21,0,18,18,39
02/13/2020,ABY,GA,ASO,ES,Federal Contract Tower,0,5,12,2,19,0,0,0,0,0,0,5,12,2,19,0,0,0,19
02/14/2020,ABY,GA,ASO,ES,Federal Contract Tower,0,6,11,4,21,0,0,11,0,11,0,6,22,4,32,4,0,4,36
02/15/2020,ABY,GA,ASO,ES,Federal Contract Tower,0,4,10,0,14,0,1,27,0,28,0,5,37,0,42,6,0,6,48
02/16/2020,ABY,GA,ASO,ES,Federal Contract Tower,0,9,9,0,18,0,0,0,0,0,0,9,9,0,18,0,0,0,18
02/17/2020,ABY,GA,ASO,ES,Federal Contract Tower,0,6,17,0,23,0,0,4,0,4,0,6,21,0,27,0,0,0,27
02/18/2020,ABY,GA,ASO,ES,Federal Contract Tower,1,7,7,2,17,0,0,2,0,2,1,7,9,2,19,8,0,8,27
02/19/2020,ABY,GA,ASO,ES,Federal Contract Tower,0,8,9,4,21,0,0,0,0,0,0,8,9,4,21,0,0,0,21
02/20/2020,ABY,GA,ASO,ES,Federal Contract Tower,0,7,17,0,24,0,0,0,0,0,0,7,17,0,24,0,0,0,24
02/21/2020,ABY,GA,ASO,ES,Federal Contract Tower,0,6,12,2,20,0,0,10,2,12,0,6,22,4,32,2,16,18,50
02/22/2020,ABY,GA,ASO,ES,Federal Contract Tower,0,5,12,0,17,0,0,30,0,30,0,5,42,0,47,42,0,42,89
02/23/2020,ABY,GA,ASO,ES,Federal Contract Tower,0,5,9,0,14,0,0,27,0,27,0,5,36,0,41,0,0,0,41
02/24/2020,ABY,GA,ASO,ES,Federal Contract Tower,0,10,15,5,30,0,0,7,0,7,0,10,22,5,37,0,12,12,49
02/25/2020,ABY,GA,ASO,ES,Federal Contract Tower,0,9,13,2,24,0,0,0,0,0,0,9,13,2,24,10,0,10,34
02/26/2020,ABY,GA,ASO,ES,Federal Contract Tower,0,8,15,1,24,0,0,2,0,2,0,8,17,1,26,2,0,2,28
02/27/2020,ABY,GA,ASO,ES,Federal Contract Tower,0,12,28,0,40,0,0,33,0,33,0,12,61,0,73,26,0,26,99
02/28/2020,ABY,GA,ASO,ES,Federal Contract Tower,0,7,16,8,31,0,0,31,0,31,0,7,47,8,62,12,22,34,96
02/29/2020,ABY,GA,ASO,ES,Federal Contract Tower,0,6,9,0,15,0,1,24,0,25,0,7,33,0,40,6,0,6,46
03/01/2020,ABY,GA,ASO,ES,Federal Contract Tower,0,5,23,0,28,0,0,24,0,24,0,5,47,0,52,0,0,0,52
03/02/2020,ABY,GA,ASO,ES,Federal Contract Tower,0,4,17,0,21,0,0,11,0,11,0,4,28,0,32,6,0,6,38
03/03/2020,ABY,GA,ASO,ES,Federal Contract Tower,0,4,8,4,16,0,0,13,2,15,0,4,21,6,31,10,8,18,49
03/04/2020,ABY,GA,ASO,ES,Federal Contract Tower,0,5,6,0,11,0,0,0,0,0,0,5,6,0,11,0,0,0,11
03/05/2020,ABY,GA,ASO,ES,Federal Contract Tower,0,10,1,2,13,0,0,0,0,0,0,10,1,2,13,0,0,0,13
03/06/2020,ABY,GA,ASO,ES,Federal Contract Tower,0,8,21,2,31,0,1,12,2,15,0,9,33,4,46,4,0,4,50
03/07/2020,ABY,GA,ASO,ES,Federal Contract Tower,0,2,6,0,8,0,0,15,0,15,0,2,21,0,23,2,0,2,25
03/08/2020,ABY,GA,ASO,ES,Federal Contract Tower,0,6,10,0,16,0,0,11,0,11,0,6,21,0,27,0,0,0,27
03/09/2020,ABY,GA,ASO,ES,Federal Contract Tower,0,8,6,3,17,0,1,18,1,20,0,9,24,4,37,8,26,34,71
03/10/2020,ABY,GA,ASO,ES,Federal Contract Tower,0,10,11,0,21,0,0,8,3,11,0,10,19,3,32,14,0,14,46
03/11/2020,ABY,GA,ASO,ES,Federal Contract Tower,0,13,5,0,18,0,0,4,0,4,0,13,9,0,22,0,0,0,22
03/12/2020,ABY,GA,ASO,ES,Federal Contract Tower,0,9,8,4,21,0,0,7,0,7,0,9,15,4,28,2,2,4,32
03/13/2020,ABY,GA,ASO,ES,Federal Contract Tower,0,10,7,9,26,0,1,14,5,20,0,11,21,14,46,0,0,0,46
03/14/2020,ABY,GA,ASO,ES,Federal Contract Tower,0,8,4,0,12,0,0,10,2,12,0,8,14,2,24,12,0,12,36
03/15/2020,ABY,GA,ASO,ES,Federal Contract Tower,0,5,3,8,16,0,1,15,4,20,0,6,18,12,36,4,0,4,40
03/16/2020,ABY,GA,ASO,ES,Federal Contract Tower,0,11,2,4,17,0,0,1,1,2,0,11,3,5,19,0,0,0,19
03/17/2020,ABY,GA,ASO,ES,Federal Contract Tower,0,8,6,2,16,0,0,3,1,4,0,8,9,3,20,0,0,0,20
03/18/2020,ABY,GA,ASO,ES,Federal Contract Tower,0,5,1,1,7,0,0,7,1,8,0,5,8,2,15,8,2,10,25
03/19/2020,ABY,GA,ASO,ES,Federal Contract Tower,0,5,4,5,14,0,0,9,0,9,0,5,13,5,23,12,0,12,35
03/20/2020,ABY,GA,ASO,ES,Federal Contract Tower,0,1,5,0,6,0,0,22,0,22,0,1,27,0,28,20,0,20,48
03/21/2020,ABY,GA,ASO,ES,Federal Contract Tower,0,4,8,0,12,0,0,6,0,6,0,4,14,0,18,2,0,2,20
03/22/2020,ABY,GA,ASO,ES,Federal Contract Tower,0,3,1,0,4,0,0,6,0,6,0,3,7,0,10,0,0,0,10
03/23/2020,ABY,GA,ASO,ES,Federal Contract Tower,0,4,1,4,9,0,0,3,0,3,0,4,4,4,12,0,12,12,24
03/24/2020,ABY,GA,ASO,ES,Federal Contract Tower,0,2,5,5,12,0,0,9,3,12,0,2,14,8,24,0,38,38,62
03/25/2020,ABY,GA,ASO,ES,Federal Contract Tower,0,2,5,2,9,0,0,0,0,0,0,2,5,2,9,0,0,0,9
03/26/2020,ABY,GA,ASO,ES,Federal Contract Tower,1,3,6,4,14,0,0,11,2,13,1,3,17,6,27,2,0,2,29
03/27/2020,ABY,GA,ASO,ES,Federal Contract Tower,0,2,9,13,24,0,2,6,0,8,0,4,15,13,32,0,20,20,52
03/28/2020,ABY,GA,ASO,ES,Federal Contract Tower,1,3,3,1,8,0,1,6,0,7,1,4,9,1,15,0,0,0,15
03/29/2020,ABY,GA,ASO,ES,Federal Contract Tower,0,2,2,1,5,0,3,3,1,7,0,5,5,2,12,12,4,16,28
03/30/2020,ABY,GA,ASO,ES,Federal Contract Tower,1,4,3,4,12,0,0,10,2,12,1,4,13,6,24,4,8,12,36
03/31/2020,ABY,GA,ASO,ES,Federal Contract Tower,0,4,0,0,4,0,1,2,2,5,0,5,2,2,9,0,16,16,25
04/01/2020,ABY,GA,ASO,ES,Federal Contract Tower,0,2,6,4,12,0,0,10,0,10,0,2,16,4,22,4,0,4,26
04/02/2020,ABY,GA,ASO,ES,Federal Contract Tower,0,4,2,4,10,0,0,13,4,17,0,4,15,8,27,2,12,14,41
04/03/2020,ABY,GA,ASO,ES,Federal Contract Tower,0,3,0,1,4,0,0,4,2,6,0,3,4,3,10,2,16,18,28
04/04/2020,ABY,GA,ASO,ES,Federal Contract Tower,0,4,0,0,4,0,0,6,0,6,0,4,6,0,10,16,0,16,26
04/05/2020,ABY,GA,ASO,ES,Federal Contract Tower,0,4,0,0,4,0,0,2,0,2,0,4,2,0,6,0,0,0,6
04/06/2020,ABY,GA,ASO,ES,Federal Contract Tower,0,2,1,0,3,0,0,6,0,6,0,2,7,0,9,2,0,2,11
04/07/2020,ABY,GA,ASO,ES,Federal Contract Tower,0,3,0,0,3,0,0,5,0,5,0,3,5,0,8,0,0,0,8
04/08/2020,ABY,GA,ASO,ES,Federal Contract Tower,1,5,0,0,6,0,0,1,0,1,1,5,1,0,7,0,0,0,7
04/09/2020,ABY,GA,ASO,ES,Federal Contract Tower,0,3,0,6,9,0,0,2,3,5,0,3,2,9,14,0,24,24,38
04/10/2020,ABY,GA,ASO,ES,Federal Contract Tower,0,4,2,0,6,0,0,2,2,4,0,4,4,2,10,0,0,0,10
04/11/2020,ABY,GA,ASO,ES,Federal Contract Tower,0,3,0,0,3,0,0,25,0,25,0,3,25,0,28,18,0,18,46
04/12/2020,ABY,GA,ASO,ES,Federal Contract Tower,0,3,0,0,3,0,0,0,0,0,0,3,0,0,3,0,0,0,3
04/13/2020,ABY,GA,ASO,ES,Federal Contract Tower,0,4,0,4,8,0,4,8,2,14,0,8,8,6,22,0,18,18,40
04/14/2020,ABY,GA,ASO,ES,Federal Contract Tower,0,4,2,0,6,0,0,4,4,8,0,4,6,4,14,0,36,36,50
04/15/2020,ABY,GA,ASO,ES,Federal Contract Tower,0,2,6,0,8,0,0,13,2,15,0,2,19,2,23,0,0,0,23
04/16/2020,ABY,GA,ASO,ES,Federal Contract Tower,0,2,1,3,6,0,0,7,0,7,0,2,8,3,13,2,54,56,69
04/17/2020,ABY,GA,ASO,ES,Federal Contract Tower,0,2,4,1,7,0,0,21,2,23,0,2,25,3,30,10,0,10,40
04/18/2020,ABY,GA,ASO,ES,Federal Contract Tower,0,2,0,0,2,0,0,0,0,0,0,2,0,0,2,8,0,8,10
04/19/2020,ABY,GA,ASO,ES,Federal Contract Tower,0,3,0,0,3,0,0,0,0,0,0,3,0,0,3,0,0,0,3
04/20/2020,ABY,GA,ASO,ES,Federal Contract Tower,0,3,9,4,16,0,0,3,0,3,0,3,12,4,19,0,0,0,19
04/21/2020,ABY,GA,ASO,ES,Federal Contract Tower,0,2,1,10,13,0,0,18,2,20,0,2,19,12,33,0,2,2,35
04/22/2020,ABY,GA,ASO,ES,Federal Contract Tower,0,3,2,6,11,0,0,5,0,5,0,3,7,6,16,0,16,16,32
04/23/2020,ABY,GA,ASO,ES,Federal Contract Tower,0,1,2,0,3,0,0,0,0,0,0,1,2,0,3,0,0,0,3
04/24/2020,ABY,GA,ASO,ES,Federal Contract Tower,0,4,3,6,13,0,0,6,0,6,0,4,9,6,19,0,0,0,19
04/25/2020,ABY,GA,ASO,ES,Federal Contract Tower,0,3,0,0,3,0,0,5,2,7,0,3,5,2,10,14,0,14,24
04/26/2020,ABY,GA,ASO,ES,Federal Contract Tower,0,2,0,0,2,0,0,5,0,5,0,2,5,0,7,0,0,0,7
04/27/2020,ABY,GA,ASO,ES,Federal Contract Tower,0,2,3,13,18,0,0,12,2,14,0,2,15,15,32,0,10,10,42
04/28/2020,ABY,GA,ASO,ES,Federal Contract Tower,0,4,5,0,9,0,0,16,2,18,0,4,21,2,27,14,8,22,49
04/29/2020,ABY,GA,ASO,ES,Federal Contract Tower,0,3,4,0,7,0,0,0,0,0,0,3,4,0,7,0,0,0,7
04/30/2020,ABY,GA,ASO,ES,Federal Contract Tower,0,2,5,4,11,0,0,12,2,14,0,2,17,6,25,6,4,10,35
05/01/2020,ABY,GA,ASO,ES,Federal Contract Tower,0,2,3,0,5,0,0,15,0,15,0,2,18,0,20,0,0,0,20
05/02/2020,ABY,GA,ASO,ES,Federal Contract Tower,0,0,4,5,9,0,0,11,0,11,0,0,15,5,20,8,0,8,28
05/03/2020,ABY,GA,ASO,ES,Federal Contract Tower,0,0,5,0,5,0,0,13,0,13,0,0,18,0,18,16,0,16,34
05/05/2020,ABY,GA,ASO,ES,Federal Contract Tower,0,0,6,9,15,0,0,6,0,6,0,0,12,9,21,0,26,26,47
05/06/2020,ABY,GA,ASO,ES,Federal Contract Tower,0,1,12,8,21,0,0,8,2,10,0,1,20,10,31,0,10,10,41
05/07/2020,ABY,GA,ASO,ES,Federal Contract Tower,3,1,6,1,11,0,0,8,0,8,3,1,14,1,19,2,0,2,21
05/08/2020,ABY,GA,ASO,ES,Federal Contract Tower,0,2,8,0,10,0,0,1,1,2,0,2,9,1,12,2,34,36,48
05/09/2020,ABY,GA,ASO,ES,Federal Contract Tower,0,3,5,0,8,0,1,13,3,17,0,4,18,3,25,0,0,0,25
05/10/2020,ABY,GA,ASO,ES,Federal Contract Tower,0,2,0,0,2,0,1,23,0,24,0,3,23,0,26,4,0,4,30
05/11/2020,ABY,GA,ASO,ES,Federal Contract Tower,0,1,2,0,3,0,0,11,0,11,0,1,13,0,14,16,0,16,30
05/12/2020,ABY,GA,ASO,ES,Federal Contract Tower,0,1,2,0,3,0,0,19,0,19,0,1,21,0,22,28,0,28,50
05/13/2020,ABY,GA,ASO,ES,Federal Contract Tower,0,1,4,6,11,0,0,17,0,17,0,1,21,6,28,34,10,44,72
05/14/2020,ABY,GA,ASO,ES,Federal Contract Tower,0,1,12,2,15,0,0,11,0,11,0,1,23,2,26,30,0,30,56
05/15/2020,ABY,GA,ASO,ES,Federal Contract Tower,0,0,7,0,7,0,0,12,6,18,0,0,19,6,25,12,0,12,37
05/16/2020,ABY,GA,ASO,ES,Federal Contract Tower,0,1,2,0,3,0,0,14,0,14,0,1,16,0,17,4,0,4,21
05/17/2020,ABY,GA,ASO,ES,Federal Contract Tower,0,3,9,0,12,0,0,6,0,6,0,3,15,0,18,0,0,0,18
05/18/2020,ABY,GA,ASO,ES,Federal Contract Tower,0,1,1,3,5,0,0,3,1,4,0,1,4,4,9,0,0,0,9
05/19/2020,ABY,GA,ASO,ES,Federal Contract Tower,0,0,3,2,5,0,0,14,0,14,0,0,17,2,19,4,0,4,23
05/20/2020,ABY,GA,ASO,ES,Federal Contract Tower,0,3,6,4,13,0,0,3,0,3,0,3,9,4,16,0,0,0,16
05/21/2020,ABY,GA,ASO,ES,Federal Contract Tower,0,3,3,2,8,0,0,2,0,2,0,3,5,2,10,0,0,0,10
05/22/2020,ABY,GA,ASO,ES,Federal Contract Tower,0,3,2,4,9,0,0,11,0,11,0,3,13,4,20,2,0,2,22
05/23/2020,ABY,GA,ASO,ES,Federal Contract Tower,0,1,6,0,7,0,0,22,0,22,0,1,28,0,29,4,0,4,33
05/24/2020,ABY,GA,ASO,ES,Federal Contract Tower,0,2,0,0,2,0,0,9,0,9,0,2,9,0,11,8,0,8,19
05/25/2020,ABY,GA,ASO,ES,Federal Contract Tower,0,1,2,0,3,0,0,5,0,5,0,1,7,0,8,0,0,0,8
05/26/2020,ABY,GA,ASO,ES,Federal Contract Tower,0,1,9,2,12,0,0,1,0,1,0,1,10,2,13,2,10,12,25
05/27/2020,ABY,GA,ASO,ES,Federal Contract Tower,0,1,4,2,7,0,0,0,0,0,0,1,4,2,7,0,0,0,7
05/28/2020,ABY,GA,ASO,ES,Federal Contract Tower,0,2,3,8,13,0,0,4,6,10,0,2,7,14,23,6,4,10,33
05/29/2020,ABY,GA,ASO,ES,Federal Contract Tower,0,1,5,2,8,0,0,10,0,10,0,1,15,2,18,4,0,4,22
05/30/2020,ABY,GA,ASO,ES,Federal Contract Tower,0,1,5,8,14,0,0,16,0,16,0,1,21,8,30,4,0,4,34
05/31/2020,ABY,GA,ASO,ES,Federal Contract Tower,0,0,4,0,4,0,0,14,0,14,0,0,18,0,18,6,0,6,24
06/01/2020,ABY,GA,ASO,ES,Federal Contract Tower,0,1,3,2,6,0,0,1,0,1,0,1,4,2,7,0,0,0,7
06/02/2020,ABY,GA,ASO,ES,Federal Contract Tower,0,2,5,4,11,0,0,14,0,14,0,2,19,4,25,2,0,2,27
06/03/2020,ABY,GA,ASO,ES,Federal Contract Tower,0,5,8,4,17,0,0,12,2,14,0,5,20,6,31,2,16,18,49
06/04/2020,ABY,GA,ASO,ES,Federal Contract Tower,0,2,2,10,14,0,0,9,0,9,0,2,11,10,23,0,25,25,48
06/05/2020,ABY,GA,ASO,ES,Federal Contract Tower,0,2,5,10,17,0,1,9,0,10,0,3,14,10,27,0,6,6,33
06/06/2020,ABY,GA,ASO,ES,Federal Contract Tower,0,4,7,0,11,0,0,5,0,5,0,4,12,0,16,8,0,8,24
06/07/2020,ABY,GA,ASO,ES,Federal Contract Tower,0,8,15,0,23,0,0,0,0,0,0,8,15,0,23,0,0,0,23
06/08/2020,ABY,GA,ASO,ES,Federal Contract Tower,0,2,7,6,15,0,0,10,0,10,0,2,17,6,25,10,0,10,35
06/09/2020,ABY,GA,ASO,ES,Federal Contract Tower,0,4,4,2,10,0,0,0,0,0,0,4,4,2,10,0,0,0,10
06/10/2020,ABY,GA,ASO,ES,Federal Contract Tower,0,2,5,0,7,0,0,0,0,0,0,2,5,0,7,0,0,0,7
06/11/2020,ABY,GA,ASO,ES,Federal Contract Tower,0,2,2,6,10,0,0,15,0,15,0,2,17,6,25,0,0,0,25
06/12/2020,ABY,GA,ASO,ES,Federal Contract Tower,0,2,3,4,9,0,0,7,2,9,0,2,10,6,18,0,14,14,32
06/13/2020,ABY,GA,ASO,ES,Federal Contract Tower,0,4,14,0,18,0,0,12,0,12,0,4,26,0,30,0,0,0,30
06/14/2020,ABY,GA,ASO,ES,Federal Contract Tower,0,4,2,0,6,0,0,13,0,13,0,4,15,0,19,0,0,0,19
06/15/2020,ABY,GA,ASO,ES,Federal Contract Tower,0,2,8,4,14,0,0,12,0,12,0,2,20,4,26,0,0,0,26
06/16/2020,ABY,GA,ASO,ES,Federal Contract Tower,0,2,4,6,12,0,0,5,0,5,0,2,9,6,17,0,16,16,33
06/17/2020,ABY,GA,ASO,ES,Federal Contract Tower,0,3,8,0,11,0,1,19,6,26,0,4,27,6,37,2,18,20,57
06/18/2020,ABY,GA,ASO,ES,Federal Contract Tower,0,2,7,2,11,0,0,16,1,17,0,2,23,3,28,8,32,40,68
06/19/2020,ABY,GA,ASO,ES,Federal Contract Tower,0,4,7,1,12,0,0,29,3,32,0,4,36,4,44,2,4,6,50
06/20/2020,ABY,GA,ASO,ES,Federal Contract Tower,0,2,0,0,2,0,0,13,0,13,0,2,13,0,15,16,0,16,31
06/21/2020,ABY,GA,ASO,ES,Federal Contract Tower,0,3,3,0,6,0,1,6,0,7,0,4,9,0,13,0,0,0,13
06/22/2020,ABY,GA,ASO,ES,Federal Contract Tower,0,2,5,2,9,0,0,17,0,17,0,2,22,2,26,10,0,10,36
06/23/2020,ABY,GA,ASO,ES,Federal Contract Tower,0,2,4,0,6,0,0,6,0,6,0,2,10,0,12,2,0,2,14
06/24/2020,ABY,GA,ASO,ES,Federal Contract Tower,0,2,8,0,10,0,0,22,0,22,0,2,30,0,32,46,0,46,78
06/25/2020,ABY,GA,ASO,ES,Federal Contract Tower,0,2,9,2,13,0,0,10,0,10,0,2,19,2,23,16,14,30,53
06/26/2020,ABY,GA,ASO,ES,Federal Contract Tower,0,2,10,0,12,0,0,13,0,13,0,2,23,0,25,12,0,12,37
06/27/2020,ABY,GA,ASO,ES,Federal Contract Tower,0,2,8,0,10,0,0,18,0,18,0,2,26,0,28,14,0,14,42
06/28/2020,ABY,GA,ASO,ES,Federal Contract Tower,0,2,5,0,7,0,0,10,0,10,0,2,15,0,17,18,0,18,35
06/29/2020,ABY,GA,ASO,ES,Federal Contract Tower,0,3,7,4,14,0,0,16,0,16,0,3,23,4,30,10,14,24,54
06/30/2020,ABY,GA,ASO,ES,Federal Contract Tower,0,2,5,0,7,0,0,3,0,3,0,2,8,0,10,0,0,0,10
07/01/2020,ABY,GA,ASO,ES,Federal Contract Tower,0,2,8,8,18,0,0,6,0,6,0,2,14,8,24,2,0,2,26
07/02/2020,ABY,GA,ASO,ES,Federal Contract Tower,0,2,10,0,12,0,1,10,0,11,0,3,20,0,23,18,10,28,51
07/03/2020,ABY,GA,ASO,ES,Federal Contract Tower,0,2,5,0,7,0,0,17,0,17,0,2,22,0,24,0,0,0,24
07/04/2020,ABY,GA,ASO,ES,Federal Contract Tower,0,2,4,0,6,0,0,6,0,6,0,2,10,0,12,0,0,0,12
07/05/2020,ABY,GA,ASO,ES,Federal Contract Tower,0,2,1,0,3,0,0,1,0,1,0,2,2,0,4,0,0,0,4
07/06/2020,ABY,GA,ASO,ES,Federal Contract Tower,0,2,12,0,14,0,0,1,0,1,0,2,13,0,15,0,0,0,15
07/07/2020,ABY,GA,ASO,ES,Federal Contract Tower,0,2,3,4,9,0,0,3,0,3,0,2,6,4,12,0,0,0,12
07/08/2020,ABY,GA,ASO,ES,Federal Contract Tower,0,2,7,0,9,0,0,2,0,2,0,2,9,0,11,0,0,0,11
07/09/2020,ABY,GA,ASO,ES,Federal Contract Tower,0,4,13,0,17,0,0,22,0,22,0,4,35,0,39,20,0,20,59
07/10/2020,ABY,GA,ASO,ES,Federal Contract Tower,0,2,5,0,7,0,0,26,0,26,0,2,31,0,33,4,0,4,37
07/11/2020,ABY,GA,ASO,ES,Federal Contract Tower,0,2,9,0,11,0,1,25,2,28,0,3,34,2,39,18,0,18,57
07/12/2020,ABY,GA,ASO,ES,Federal Contract Tower,0,6,4,0,10,0,0,24,0,24,0,6,28,0,34,6,0,6,40
07/13/2020,ABY,GA,ASO,ES,Federal Contract Tower,0,2,8,9,19,0,0,19,0,19,0,2,27,9,38,12,10,22,60
07/14/2020,ABY,GA,ASO,ES,Federal Contract Tower,0,2,2,2,6,0,0,7,0,7,0,2,9,2,13,0,2,2,15
07/15/2020,ABY,GA,ASO,ES,Federal Contract Tower,0,3,0,0,3,0,0,3,0,3,0,3,3,0,6,0,0,0,6
07/16/2020,ABY,GA,ASO,ES,Federal Contract Tower,0,2,9,4,15,0,0,13,0,13,0,2,22,4,28,4,0,4,32
07/17/2020,ABY,GA,ASO,ES,Federal Contract Tower,0,4,11,4,19,0,0,15,0,15,0,4,26,4,34,0,18,18,52
07/18/2020,ABY,GA,ASO,ES,Federal Contract Tower,0,2,3,0,5,0,0,10,0,10,0,2,13,0,15,0,0,0,15
07/19/2020,ABY,GA,ASO,ES,Federal Contract Tower,0,4,3,0,7,0,2,15,0,17,0,6,18,0,24,4,0,4,28
07/20/2020,ABY,GA,ASO,ES,Federal Contract Tower,0,2,8,4,14,0,0,14,4,18,0,2,22,8,32,0,12,12,44
07/21/2020,ABY,GA,ASO,ES,Federal Contract Tower,0,2,4,2,8,0,0,9,0,9,0,2,13,2,17,2,0,2,19
07/22/2020,ABY,GA,ASO,ES,Federal Contract Tower,0,2,8,10,20,0,0,3,2,5,0,2,11,12,25,8,16,24,49
07/23/2020,ABY,GA,ASO,ES,Federal Contract Tower,0,2,5,10,17,0,0,6,1,7,0,2,11,11,24,0,14,14,38
07/24/2020,ABY,GA,ASO,ES,Federal Contract Tower,0,2,10,7,19,0,2,7,1,10,0,4,17,8,29,0,22,22,51
07/25/2020,ABY,GA,ASO,ES,Federal Contract Tower,0,3,3,6,12,0,0,10,0,10,0,3,13,6,22,0,0,0,22
07/26/2020,ABY,GA,ASO,ES,Federal Contract Tower,0,4,0,0,4,0,0,6,0,6,0,4,6,0,10,0,0,0,10
07/27/2020,ABY,GA,ASO,ES,Federal Contract Tower,0,3,3,0,6,0,0,13,0,13,0,3,16,0,19,0,0,0,19
07/28/2020,ABY,GA,ASO,ES,Federal Contract Tower,0,2,4,6,12,0,0,5,0,5,0,2,9,6,17,0,0,0,17
07/29/2020,ABY,GA,ASO,ES,Federal Contract Tower,0,2,13,8,23,0,0,2,2,4,0,2,15,10,27,0,20,20,47
07/30/2020,ABY,GA,ASO,ES,Federal Contract Tower,0,0,12,2,14,0,0,5,0,5,0,0,17,2,19,0,0,0,19
07/31/2020,ABY,GA,ASO,ES,Federal Contract Tower,0,4,4,8,16,0,0,11,0,11,0,4,15,8,27,6,0,6,33
08/01/2020,ABY,GA,ASO,ES,Federal Contract Tower,0,3,8,0,11,0,0,4,0,4,0,3,12,0,15,0,0,0,15
08/02/2020,ABY,GA,ASO,ES,Federal Contract Tower,0,3,6,0,9,0,0,3,0,3,0,3,9,0,12,8,0,8,20
08/03/2020,ABY,GA,ASO,ES,Federal Contract Tower,0,3,7,8,18,0,0,8,0,8,0,3,15,8,26,0,20,20,46
08/04/2020,ABY,GA,ASO,ES,Federal Contract Tower,5,4,10,2,21,0,0,1,1,2,5,4,11,3,23,0,8,8,31
08/05/2020,ABY,GA,ASO,ES,Federal Contract Tower,4,8,0,0,12,0,0,22,0,22,4,8,22,0,34,4,0,4,38
08/06/2020,ABY,GA,ASO,ES,Federal Contract Tower,0,5,5,5,15,0,0,7,2,9,0,5,12,7,24,0,16,16,40
08/07/2020,ABY,GA,ASO,ES,Federal Contract Tower,0,3,14,0,17,0,0,0,0,0,0,3,14,0,17,0,0,0,17
08/08/2020,ABY,GA,ASO,ES,Federal Contract Tower,0,4,5,0,9,0,0,18,0,18,0,4,23,0,27,4,0,4,31
08/09/2020,ABY,GA,ASO,ES,Federal Contract Tower,0,2,1,0,3,0,0,12,0,12,0,2,13,0,15,0,0,0,15
08/10/2020,ABY,GA,ASO,ES,Federal Contract Tower,0,3,10,8,21,0,0,8,0,8,0,3,18,8,29,6,24,30,59
08/11/2020,ABY,GA,ASO,ES,Federal Contract Tower,0,3,5,2,10,0,0,5,0,5,0,3,10,2,15,0,14,14,29
08/12/2020,ABY,GA,ASO,ES,Federal Contract Tower,0,6,5,3,14,0,1,6,0,7,0,7,11,3,21,2,16,18,39
08/13/2020,ABY,GA,ASO,ES,Federal Contract Tower,0,4,7,0,11,0,0,10,0,10,0,4,17,0,21,14,0,14,35
08/14/2020,ABY,GA,ASO,ES,Federal Contract Tower,0,3,10,6,19,0,0,4,0,4,0,3,14,6,23,0,2,2,25
08/15/2020,ABY,GA,ASO,ES,Federal Contract Tower,0,3,6,0,9,0,0,4,0,4,0,3,10,0,13,20,0,20,33
08/16/2020,ABY,GA,ASO,ES,Federal Contract Tower,0,3,7,0,10,0,0,15,2,17,0,3,22,2,27,2,0,2,29
08/17/2020,ABY,GA,ASO,ES,Federal Contract Tower,0,4,2,0,6,0,0,3,2,5,0,4,5,2,11,0,0,0,11
08/18/2020,ABY,GA,ASO,ES,Federal Contract Tower,0,3,5,2,10,0,0,2,0,2,0,3,7,2,12,2,0,2,14
08/19/2020,ABY,GA,ASO,ES,Federal Contract Tower,0,3,6,2,11,0,0,13,0,13,0,3,19,2,24,6,0,6,30
08/20/2020,ABY,GA,ASO,ES,Federal Contract Tower,0,3,3,0,6,0,0,9,0,9,0,3,12,0,15,0,0,0,15
08/21/2020,ABY,GA,ASO,ES,Federal Contract Tower,0,3,10,4,17,0,0,2,0,2,0,3,12,4,19,0,0,0,19
08/22/2020,ABY,GA,ASO,ES,Federal Contract Tower,0,3,3,0,6,0,0,4,0,4,0,3,7,0,10,2,0,2,12
08/23/2020,ABY,GA,ASO,ES,Federal Contract Tower,0,2,5,0,7,0,0,12,0,12,0,2,17,0,19,22,0,22,41
08/24/2020,ABY,GA,ASO,ES,Federal Contract Tower,0,3,8,10,21,0,0,3,0,3,0,3,11,10,24,0,6,6,30
08/25/2020,ABY,GA,ASO,ES,Federal Contract Tower,0,4,15,0,19,0,0,5,0,5,0,4,20,0,24,0,0,0,24
08/26/2020,ABY,GA,ASO,ES,Federal Contract Tower,0,5,6,2,13,0,0,16,0,16,0,5,22,2,29,40,0,40,69
08/27/2020,ABY,GA,ASO,ES,Federal Contract Tower,7,5,10,7,29,0,0,11,6,17,7,5,21,13,46,0,33,33,79
08/28/2020,ABY,GA,ASO,ES,Federal Contract Tower,7,7,6,14,34,0,0,9,0,9,7,7,15,14,43,0,0,0,43
08/29/2020,ABY,GA,ASO,ES,Federal Contract Tower,2,5,6,0,13,0,0,4,0,4,2,5,10,0,17,0,0,0,17
08/30/2020,ABY,GA,ASO,ES,Federal Contract Tower,0,2,9,0,11,0,0,1,0,1,0,2,10,0,12,0,0,0,12
08/31/2020,ABY,GA,ASO,ES,Federal Contract Tower,0,3,6,6,15,0,0,2,2,4,0,3,8,8,19,0,26,26,45
09/01/2020,ABY,GA,ASO,ES,Federal Contract Tower,0,4,3,2,9,0,0,4,0,4,0,4,7,2,13,2,0,2,15
09/02/2020,ABY,GA,ASO,ES,Federal Contract Tower,0,4,8,0,12,0,1,5,0,6,0,5,13,0,18,0,0,0,18
09/03/2020,ABY,GA,ASO,ES,Federal Contract Tower,0,3,6,0,9,0,0,16,4,20,0,3,22,4,29,8,10,18,47
09/04/2020,ABY,GA,ASO,ES,Federal Contract Tower,0,4,13,0,17,0,0,15,0,15,0,4,28,0,32,0,0,0,32
09/05/2020,ABY,GA,ASO,ES,Federal Contract Tower,0,5,2,0,7,0,0,16,0,16,0,5,18,0,23,6,0,6,29
09/06/2020,ABY,GA,ASO,ES,Federal Contract Tower,0,3,0,0,3,0,0,14,0,14,0,3,14,0,17,0,0,0,17
09/07/2020,ABY,GA,ASO,ES,Federal Contract Tower,0,3,8,0,11,0,1,18,0,19,0,4,26,0,30,16,0,16,46
09/08/2020,ABY,GA,ASO,ES,Federal Contract Tower,0,5,5,2,12,0,0,10,2,12,0,5,15,4,24,0,18,18,42
09/09/2020,ABY,GA,ASO,ES,Federal Contract Tower,0,3,2,0,5,0,0,12,0,12,0,3,14,0,17,0,14,14,31
09/10/2020,ABY,GA,ASO,ES,Federal Contract Tower,0,3,2,4,9,0,0,2,0,2,0,3,4,4,11,8,0,8,19
09/11/2020,ABY,GA,ASO,ES,Federal Contract Tower,0,7,12,0,19,0,0,0,0,0,0,7,12,0,19,14,0,14,33
09/12/2020,ABY,GA,ASO,ES,Federal Contract Tower,0,4,8,0,12,0,0,7,0,7,0,4,15,0,19,2,0,2,21
09/13/2020,ABY,GA,ASO,ES,Federal Contract Tower,0,7,10,0,17,0,0,3,0,3,0,7,13,0,20,2,0,2,22
09/14/2020,ABY,GA,ASO,ES,Federal Contract Tower,0,5,6,0,11,0,0,4,0,4,0,5,10,0,15,0,0,0,15
09/15/2020,ABY,GA,ASO,ES,Federal Contract Tower,0,3,5,0,8,0,0,1,0,1,0,3,6,0,9,0,0,0,9
09/16/2020,ABY,GA,ASO,ES,Federal Contract Tower,0,5,2,0,7,0,0,0,0,0,0,5,2,0,7,0,0,0,7
09/17/2020,ABY,GA,ASO,ES,Federal Contract Tower,0,3,2,0,5,0,0,0,0,0,0,3,2,0,5,0,0,0,5
09/18/2020,ABY,GA,ASO,ES,Federal Contract Tower,0,8,7,1,16,0,0,9,0,9,0,8,16,1,25,8,0,8,33
09/19/2020,ABY,GA,ASO,ES,Federal Contract Tower,0,3,5,0,8,0,0,11,0,11,0,3,16,0,19,0,0,0,19
09/20/2020,ABY,GA,ASO,ES,Federal Contract Tower,0,6,5,0,11,0,0,11,0,11,0,6,16,0,22,6,0,6,28
09/21/2020,ABY,GA,ASO,ES,Federal Contract Tower,0,4,4,4,12,0,2,16,0,18,0,6,20,4,30,6,38,44,74
09/22/2020,ABY,GA,ASO,ES,Federal Contract Tower,0,7,10,5,22,0,0,16,0,16,0,7,26,5,38,8,0,8,46
09/23/2020,ABY,GA,ASO,ES,Federal Contract Tower,0,11,9,3,23,0,0,11,4,15,0,11,20,7,38,6,52,58,96
09/24/2020,ABY,GA,ASO,ES,Federal Contract Tower,0,3,9,4,16,0,0,8,0,8,0,3,17,4,24,0,0,0,24
09/25/2020,ABY,GA,ASO,ES,Federal Contract Tower,0,3,6,2,11,0,0,4,0,4,0,3,10,2,15,2,0,2,17
09/26/2020,ABY,GA,ASO,ES,Federal Contract Tower,0,3,9,0,12,0,0,12,0,12,0,3,21,0,24,0,0,0,24
09/27/2020,ABY,GA,ASO,ES,Federal Contract Tower,0,2,8,0,10,0,0,0,0,0,0,2,8,0,10,34,0,34,44
09/28/2020,ABY,GA,ASO,ES,Federal Contract Tower,0,3,12,4,19,0,0,9,0,9,0,3,21,4,28,0,0,0,28
09/29/2020,ABY,GA,ASO,ES,Federal Contract Tower,0,3,7,2,12,0,0,2,0,2,0,3,9,2,14,0,0,0,14
09/30/2020,ABY,GA,ASO,ES,Federal Contract Tower,1,3,7,5,16,0,1,12,0,13,1,4,19,5,29,0,0,0,29
10/01/2020,ABY,GA,ASO,ES,Federal Contract Tower,1,4,13,6,24,0,0,15,1,16,1,4,28,7,40,20,12,32,72
10/02/2020,ABY,GA,ASO,ES,Federal Contract Tower,0,6,4,2,12,0,0,14,2,16,0,6,18,4,28,22,6,28,56
10/03/2020,ABY,GA,ASO,ES,Federal Contract Tower,0,6,4,0,10,0,0,12,0,12,0,6,16,0,22,18,0,18,40
10/04/2020,ABY,GA,ASO,ES,Federal Contract Tower,0,5,14,0,19,0,0,10,3,13,0,5,24,3,32,0,0,0,32
10/05/2020,ABY,GA,ASO,ES,Federal Contract Tower,0,6,5,0,11,0,0,12,2,14,0,6,17,2,25,16,46,62,87
10/06/2020,ABY,GA,ASO,ES,Federal Contract Tower,0,4,10,11,25,0,0,4,0,4,0,4,14,11,29,10,20,30,59
10/07/2020,ABY,GA,ASO,ES,Federal Contract Tower,0,7,6,3,16,0,0,9,0,9,0,7,15,3,25,12,0,12,37
10/08/2020,ABY,GA,ASO,ES,Federal Contract Tower,0,6,9,15,30,0,0,13,0,13,0,6,22,15,43,28,0,28,71
10/09/2020,ABY,GA,ASO,ES,Federal Contract Tower,0,5,8,2,15,0,0,2,0,2,0,5,10,2,17,0,8,8,25
10/10/2020,ABY,GA,ASO,ES,Federal Contract Tower,0,6,3,0,9,0,0,3,0,3,0,6,6,0,12,0,0,0,12
10/11/2020,ABY,GA,ASO,ES,Federal Contract Tower,0,4,7,0,11,0,0,3,0,3,0,4,10,0,14,4,0,4,18
10/12/2020,ABY,GA,ASO,ES,Federal Contract Tower,0,4,10,0,14,0,0,10,0,10,0,4,20,0,24,10,0,10,34
10/13/2020,ABY,GA,ASO,ES,Federal Contract Tower,0,4,12,2,18,0,0,14,1,15,0,4,26,3,33,0,2,2,35
10/14/2020,ABY,GA,ASO,ES,Federal Contract Tower,0,6,13,5,24,0,0,9,11,20,0,6,22,16,44,2,1,3,47
10/15/2020,ABY,GA,ASO,ES,Federal Contract Tower,0,12,9,2,23,0,0,10,0,10,0,12,19,2,33,12,2,14,47
10/16/2020,ABY,GA,ASO,ES,Federal Contract Tower,0,5,4,2,11,0,0,16,0,16,0,5,20,2,27,12,6,18,45
10/17/2020,ABY,GA,ASO,ES,Federal Contract Tower,0,5,6,0,11,0,0,16,0,16,0,5,22,0,27,8,0,8,35
10/18/2020,ABY,GA,ASO,ES,Federal Contract Tower,0,6,9,0,15,0,0,2,2,4,0,6,11,2,19,0,0,0,19
10/19/2020,ABY,GA,ASO,ES,Federal Contract Tower,0,4,5,0,9,0,0,14,2,16,0,4,19,2,25,4,0,4,29
10/20/2020,ABY,GA,ASO,ES,Federal Contract Tower,0,5,6,8,19,0,0,9,1,10,0,5,15,9,29,0,14,14,43
10/21/2020,ABY,GA,ASO,ES,Federal Contract Tower,0,4,14,6,24,0,0,6,0,6,0,4,20,6,30,0,2,2,32
10/22/2020,ABY,GA,ASO,ES,Federal Contract Tower,0,6,10,6,22,0,0,9,0,9,0,6,19,6,31,0,4,4,35
10/23/2020,ABY,GA,ASO,ES,Federal Contract Tower,0,6,8,3,17,0,1,7,0,8,0,7,15,3,25,0,8,8,33
10/24/2020,ABY,GA,ASO,ES,Federal Contract Tower,0,3,6,0,9,0,0,4,0,4,0,3,10,0,13,0,0,0,13
10/25/2020,ABY,GA,ASO,ES,Federal Contract Tower,0,9,11,0,20,0,0,8,0,8,0,9,19,0,28,12,0,12,40
10/26/2020,ABY,GA,ASO,ES,Federal Contract Tower,0,3,16,2,21,0,2,17,0,19,0,5,33,2,40,6,0,6,46
10/27/2020,ABY,GA,ASO,ES,Federal Contract Tower,0,6,10,2,18,0,0,5,0,5,0,6,15,2,23,2,0,2,25
10/28/2020,ABY,GA,ASO,ES,Federal Contract Tower,1,7,9,4,21,0,0,0,0,0,1,7,9,4,21,14,0,14,35
10/29/2020,ABY,GA,ASO,ES,Federal Contract Tower,0,3,2,0,5,0,0,2,3,5,0,3,4,3,10,14,6,20,30
10/30/2020,ABY,GA,ASO,ES,Federal Contract Tower,0,4,12,0,16,0,0,23,0,23,0,4,35,0,39,0,0,0,39
10/31/2020,ABY,GA,ASO,ES,Federal Contract Tower,0,4,6,0,10,0,0,7,0,7,0,4,13,0,17,0,0,0,17
11/01/2020,ABY,GA,ASO,ES,Federal Contract Tower,0,3,7,0,10,0,0,15,0,15,0,3,22,0,25,0,0,0,25
11/02/2020,ABY,GA,ASO,ES,Federal Contract Tower,0,5,14,0,19,0,0,18,0,18,0,5,32,0,37,2,8,10,47
11/03/2020,ABY,GA,ASO,ES,Federal Contract Tower,0,9,9,5,23,0,0,20,0,20,0,9,29,5,43,20,26,46,89
11/04/2020,ABY,GA,ASO,ES,Federal Contract Tower,0,3,18,4,25,0,0,22,4,26,0,3,40,8,51,2,60,62,113
11/05/2020,ABY,GA,ASO,ES,Federal Contract Tower,0,3,11,4,18,0,0,7,0,7,0,3,18,4,25,0,18,18,43
11/06/2020,ABY,GA,ASO,ES,Federal Contract Tower,0,4,11,3,18,0,0,16,2,18,0,4,27,5,36,18,14,32,68
11/07/2020,ABY,GA,ASO,ES,Federal Contract Tower,0,5,3,2,10,0,0,4,0,4,0,5,7,2,14,0,0,0,14
11/08/2020,ABY,GA,ASO,ES,Federal Contract Tower,0,5,11,0,16,0,0,1,0,1,0,5,12,0,17,14,0,14,31
11/09/2020,ABY,GA,ASO,ES,Federal Contract Tower,0,4,6,2,12,0,0,1,0,1,0,4,7,2,13,2,6,8,21
11/10/2020,ABY,GA,ASO,ES,Federal Contract Tower,0,7,6,2,15,0,1,0,0,1,0,8,6,2,16,0,2,2,18
11/11/2020,ABY,GA,ASO,ES,Federal Contract Tower,0,4,9,0,13,0,0,8,0,8,0,4,17,0,21,2,0,2,23
11/12/2020,ABY,GA,ASO,ES,Federal Contract Tower,0,6,5,0,11,0,0,1,0,1,0,6,6,0,12,0,0,0,12
11/13/2020,ABY,GA,ASO,ES,Federal Contract Tower,0,14,5,2,21,0,0,21,0,21,0,14,26,2,42,0,0,0,42
11/14/2020,ABY,GA,ASO,ES,Federal Contract Tower,0,6,8,4,18,0,0,9,0,9,0,6,17,4,27,6,2,8,35
11/15/2020,ABY,GA,ASO,ES,Federal Contract Tower,0,10,17,0,27,0,0,8,0,8,0,10,25,0,35,0,0,0,35
11/16/2020,ABY,GA,ASO,ES,Federal Contract Tower,0,10,13,0,23,0,0,3,0,3,0,10,16,0,26,0,0,0,26
11/17/2020,ABY,GA,ASO,ES,Federal Contract Tower,0,7,9,0,16,0,0,22,0,22,0,7,31,0,38,28,0,28,66
11/18/2020,ABY,GA,ASO,ES,Federal Contract Tower,0,4,19,2,25,0,0,36,0,36,0,4,55,2,61,14,0,14,75
11/19/2020,ABY,GA,ASO,ES,Federal Contract Tower,0,6,15,6,27,0,0,11,1,12,0,6,26,7,39,10,8,18,57
11/20/2020,ABY,GA,ASO,ES,Federal Contract Tower,0,6,23,4,33,0,0,12,3,15,0,6,35,7,48,0,0,0,48
11/21/2020,ABY,GA,ASO,ES,Federal Contract Tower,0,4,12,0,16,0,0,12,0,12,0,4,24,0,28,2,0,2,30
11/22/2020,ABY,GA,ASO,ES,Federal Contract Tower,0,4,8,0,12,0,0,33,0,33,0,4,41,0,45,0,0,0,45
11/23/2020,ABY,GA,ASO,ES,Federal Contract Tower,0,9,11,0,20,0,0,8,0,8,0,9,19,0,28,6,0,6,34
11/24/2020,ABY,GA,ASO,ES,Federal Contract Tower,0,11,4,0,15,0,0,37,1,38,0,11,41,1,53,40,0,40,93
11/25/2020,ABY,GA,ASO,ES,Federal Contract Tower,1,5,7,2,15,0,0,5,0,5,1,5,12,2,20,6,0,6,26
11/26/2020,ABY,GA,ASO,ES,Federal Contract Tower,0,5,6,0,11,0,0,0,0,0,0,5,6,0,11,0,0,0,11
11/27/2020,ABY,GA,ASO,ES,Federal Contract Tower,1,7,11,0,19,0,0,15,0,15,1,7,26,0,34,8,0,8,42
11/28/2020,ABY,GA,ASO,ES,Federal Contract Tower,0,6,7,0,13,0,0,2,0,2,0,6,9,0,15,16,0,16,31
11/29/2020,ABY,GA,ASO,ES,Federal Contract Tower,0,9,11,0,20,0,0,0,0,0,0,9,11,0,20,0,0,0,20
11/30/2020,ABY,GA,ASO,ES,Federal Contract Tower,0,4,5,2,11,0,0,3,0,3,0,4,8,2,14,0,0,0,14
12/01/2020,ABY,GA,ASO,ES,Federal Contract Tower,0,5,18,2,25,0,0,14,0,14,0,5,32,2,39,12,0,12,51
12/02/2020,ABY,GA,ASO,ES,Federal Contract Tower,0,5,10,4,19,0,0,26,2,28,0,5,36,6,47,0,0,0,47
12/03/2020,ABY,GA,ASO,ES,Federal Contract Tower,0,11,15,4,30,0,0,14,4,18,0,11,29,8,48,0,80,80,128
12/04/2020,ABY,GA,ASO,ES,Federal Contract Tower,0,11,9,2,22,0,0,2,0,2,0,11,11,2,24,0,0,0,24
12/05/2020,ABY,GA,ASO,ES,Federal Contract Tower,0,10,15,0,25,0,0,11,0,11,0,10,26,0,36,0,2,2,38
12/06/2020,ABY,GA,ASO,ES,Federal Contract Tower,0,6,10,0,16,0,0,14,0,14,0,6,24,0,30,0,0,0,30
12/07/2020,ABY,GA,ASO,ES,Federal Contract Tower,0,4,13,0,17,0,0,11,0,11,0,4,24,0,28,4,0,4,32
12/08/2020,ABY,GA,ASO,ES,Federal Contract Tower,0,8,22,0,30,0,0,23,2,25,0,8,45,2,55,2,14,16,71
12/09/2020,ABY,GA,ASO,ES,Federal Contract Tower,0,6,8,4,18,0,0,12,0,12,0,6,20,4,30,12,26,38,68
12/10/2020,ABY,GA,ASO,ES,Federal Contract Tower,2,11,26,2,41,0,0,19,0,19,2,11,45,2,60,14,42,56,116
12/11/2020,ABY,GA,ASO,ES,Federal Contract Tower,0,9,15,6,30,0,0,24,2,26,0,9,39,8,56,4,6,10,66
12/12/2020,ABY,GA,ASO,ES,Federal Contract Tower,0,7,17,0,24,0,0,21,0,21,0,7,38,0,45,4,0,4,49
12/13/2020,ABY,GA,ASO,ES,Federal Contract Tower,0,8,11,4,23,0,0,0,2,2,0,8,11,6,25,0,0,0,25
12/14/2020,ABY,GA,ASO,ES,Federal Contract Tower,0,10,7,0,17,0,0,7,0,7,0,10,14,0,24,0,0,0,24
12/15/2020,ABY,GA,ASO,ES,Federal Contract Tower,0,6,4,2,12,0,0,11,0,11,0,6,15,2,23,0,0,0,23
12/16/2020,ABY,GA,ASO,ES,Federal Contract Tower,0,6,10,4,20,0,0,0,0,0,0,6,10,4,20,0,2,2,22
12/17/2020,ABY,GA,ASO,ES,Federal Contract Tower,2,10,20,0,32,0,0,3,0,3,2,10,23,0,35,0,0,0,35
12/18/2020,ABY,GA,ASO,ES,Federal Contract Tower,0,7,9,4,20,0,0,21,0,21,0,7,30,4,41,6,0,6,47
12/19/2020,ABY,GA,ASO,ES,Federal Contract Tower,0,6,12,0,18,0,0,18,0,18,0,6,30,0,36,26,0,26,62
12/20/2020,ABY,GA,ASO,ES,Federal Contract Tower,2,6,10,0,18,0,0,0,0,0,2,6,10,0,18,0,0,0,18
12/21/2020,ABY,GA,ASO,ES,Federal Contract Tower,0,10,8,2,20,0,0,6,2,8,0,10,14,4,28,0,4,4,32
12/22/2020,ABY,GA,ASO,ES,Federal Contract Tower,0,7,10,0,17,0,0,21,0,21,0,7,31,0,38,16,0,16,54
12/23/2020,ABY,GA,ASO,ES,Federal Contract Tower,0,4,10,0,14,0,0,23,0,23,0,4,33,0,37,6,0,6,43
12/24/2020,ABY,GA,ASO,ES,Federal Contract Tower,1,3,2,0,6,0,0,0,0,0,1,3,2,0,6,0,0,0,6
12/25/2020,ABY,GA,ASO,ES,Federal Contract Tower,0,3,2,0,5,0,0,1,0,1,0,3,3,0,6,0,0,0,6
12/26/2020,ABY,GA,ASO,ES,Federal Contract Tower,0,4,8,0,12,0,0,12,0,12,0,4,20,0,24,0,0,0,24
12/27/2020,ABY,GA,ASO,ES,Federal Contract Tower,0,7,12,0,19,0,0,22,0,22,0,7,34,0,41,14,0,14,55
12/28/2020,ABY,GA,ASO,ES,Federal Contract Tower,0,6,8,2,16,0,0,16,0,16,0,6,24,2,32,10,12,22,54
12/29/2020,ABY,GA,ASO,ES,Federal Contract Tower,2,5,8,4,19,0,0,10,0,10,2,5,18,4,29,0,2,2,31
12/30/2020,ABY,GA,ASO,ES,Federal Contract Tower,0,8,15,0,23,0,1,13,0,14,0,9,28,0,37,20,0,20,57
12/31/2020,ABY,GA,ASO,ES,Federal Contract Tower,0,3,9,0,12,0,0,0,0,0,0,3,9,0,12,0,0,0,12
01/01/2021,ABY,GA,ASO,ES,Federal Contract Tower,0,3,0,0,3,0,0,0,0,0,0,3,0,0,3,0,0,0,3
01/02/2021,ABY,GA,ASO,ES,Federal Contract Tower,0,6,8,0,14,0,0,0,0,0,0,6,8,0,14,0,0,0,14
01/03/2021,ABY,GA,ASO,ES,Federal Contract Tower,0,7,10,0,17,0,0,3,0,3,0,7,13,0,20,0,0,0,20
01/04/2021,ABY,GA,ASO,ES,Federal Contract Tower,0,2,9,1,12,0,0,13,0,13,0,2,22,1,25,0,24,24,49
01/05/2021,ABY,GA,ASO,ES,Federal Contract Tower,0,4,10,4,18,0,0,20,0,20,0,4,30,4,38,32,0,32,70
01/06/2021,ABY,GA,ASO,ES,Federal Contract Tower,0,5,3,6,14,0,0,8,2,10,0,5,11,8,24,4,4,8,32
01/07/2021,ABY,GA,ASO,ES,Federal Contract Tower,0,9,23,0,32,0,0,3,0,3,0,9,26,0,35,4,0,4,39
01/08/2021,ABY,GA,ASO,ES,Federal Contract Tower,0,8,12,2,22,0,0,1,0,1,0,8,13,2,23,0,4,4,27
01/09/2021,ABY,GA,ASO,ES,Federal Contract Tower,0,5,20,0,25,0,0,12,0,12,0,5,32,0,37,12,0,12,49
01/10/2021,ABY,GA,ASO,ES,Federal Contract Tower,0,11,12,0,23,0,0,14,0,14,0,11,26,0,37,8,0,8,45
01/11/2021,ABY,GA,ASO,ES,Federal Contract Tower,0,5,4,0,9,0,0,5,0,5,0,5,9,0,14,16,0,16,30
01/12/2021,ABY,GA,ASO,ES,Federal Contract Tower,0,6,15,1,22,0,0,6,1,7,0,6,21,2,29,16,0,16,45
01/13/2021,ABY,GA,ASO,ES,Federal Contract Tower,0,8,13,3,24,0,0,20,0,20,0,8,33,3,44,2,8,10,54
01/14/2021,ABY,GA,ASO,ES,Federal Contract Tower,0,10,17,0,27,0,0,22,0,22,0,10,39,0,49,4,16,20,69
01/15/2021,ABY,GA,ASO,ES,Federal Contract Tower,0,9,14,4,27,0,0,13,0,13,0,9,27,4,40,0,6,6,46
01/16/2021,ABY,GA,ASO,ES,Federal Contract Tower,0,6,14,0,20,0,0,4,0,4,0,6,18,0,24,8,0,8,32
01/17/2021,ABY,GA,ASO,ES,Federal Contract Tower,0,6,8,0,14,0,0,27,0,27,0,6,35,0,41,14,0,14,55
01/18/2021,ABY,GA,ASO,ES,Federal Contract Tower,0,6,14,0,20,0,0,15,0,15,0,6,29,0,35,8,0,8,43
01/19/2021,ABY,GA,ASO,ES,Federal Contract Tower,0,7,6,2,15,0,0,14,4,18,0,7,20,6,33,0,18,18,51
01/20/2021,ABY,GA,ASO,ES,Federal Contract Tower,0,6,11,6,23,0,0,30,0,30,0,6,41,6,53,6,4,10,63
01/21/2021,ABY,GA,ASO,ES,Federal Contract Tower,0,11,15,6,32,0,0,6,0,6,0,11,21,6,38,4,2,6,44
01/22/2021,ABY,GA,ASO,ES,Federal Contract Tower,0,12,11,2,25,0,0,0,0,0,0,12,11,2,25,0,0,0,25
01/23/2021,ABY,GA,ASO,ES,Federal Contract Tower,0,3,12,2,17,0,1,18,0,19,0,4,30,2,36,6,0,6,42
01/24/2021,ABY,GA,ASO,ES,Federal Contract Tower,0,9,20,0,29,0,0,18,2,20,0,9,38,2,49,2,0,2,51
01/25/2021,ABY,GA,ASO,ES,Federal Contract Tower,0,8,16,1,25,0,0,3,2,5,0,8,19,3,30,0,12,12,42
01/26/2021,ABY,GA,ASO,ES,Federal Contract Tower,0,10,9,0,19,0,0,0,0,0,0,10,9,0,19,0,0,0,19
01/27/2021,ABY,GA,ASO,ES,Federal Contract Tower,0,11,9,0,20,0,2,1,0,3,0,13,10,0,23,0,0,0,23
01/28/2021,ABY,GA,ASO,ES,Federal Contract Tower,0,14,11,2,27,0,0,11,0,11,0,14,22,2,38,20,0,20,58
01/29/2021,ABY,GA,ASO,ES,Federal Contract Tower,0,8,19,0,27,0,2,20,0,22,0,10,39,0,49,8,0,8,57
01/30/2021,ABY,GA,ASO,ES,Federal Contract Tower,0,4,13,0,17,0,0,11,0,11,0,4,24,0,28,0,0,0,28
01/31/2021,ABY,GA,ASO,ES,Federal Contract Tower,0,4,16,0,20,0,0,0,0,0,0,4,16,0,20,0,0,0,20
02/01/2021,ABY,GA,ASO,ES,Federal Contract Tower,0,4,7,0,11,0,0,16,2,18,0,4,23,2,29,2,0,2,31
02/02/2021,ABY,GA,ASO,ES,Federal Contract Tower,0,8,11,0,19,0,0,4,0,4,0,8,15,0,23,4,0,4,27
02/03/2021,ABY,GA,ASO,ES,Federal Contract Tower,0,10,9,6,25,0,0,20,2,22,0,10,29,8,47,62,12,74,121
02/04/2021,ABY,GA,ASO,ES,Federal Contract Tower,0,4,12,3,19,0,0,23,4,27,0,4,35,7,46,68,14,82,128
02/05/2021,ABY,GA,ASO,ES,Federal Contract Tower,0,8,6,4,18,0,0,4,0,4,0,8,10,4,22,0,0,0,22
02/06/2021,ABY,GA,ASO,ES,Federal Contract Tower,0,11,4,0,15,0,0,0,0,0,0,11,4,0,15,0,0,0,15
02/07/2021,ABY,GA,ASO,ES,Federal Contract Tower,0,6,18,0,24,0,0,13,3,16,0,6,31,3,40,10,0,10,50
02/08/2021,ABY,GA,ASO,ES,Federal Contract Tower,0,9,6,3,18,0,0,26,1,27,0,9,32,4,45,2,20,22,67
02/09/2021,ABY,GA,ASO,ES,Federal Contract Tower,0,11,11,0,22,0,0,0,0,0,0,11,11,0,22,2,0,2,24
02/10/2021,ABY,GA,ASO,ES,Federal Contract Tower,0,16,15,0,31,0,0,3,0,3,0,16,18,0,34,0,0,0,34
02/11/2021,ABY,GA,ASO,ES,Federal Contract Tower,0,6,12,4,22,0,0,9,0,9,0,6,21,4,31,12,0,12,43
02/12/2021,ABY,GA,ASO,ES,Federal Contract Tower,3,8,16,2,29,0,0,0,0,0,3,8,16,2,29,0,0,0,29
02/13/2021,ABY,GA,ASO,ES,Federal Contract Tower,1,5,2,0,8,0,0,0,0,0,1,5,2,0,8,0,0,0,8
02/14/2021,ABY,GA,ASO,ES,Federal Contract Tower,0,4,11,0,15,0,0,0,0,0,0,4,11,0,15,0,0,0,15
02/15/2021,ABY,GA,ASO,ES,Federal Contract Tower,0,6,6,0,12,0,0,0,0,0,0,6,6,0,12,0,0,0,12
02/16/2021,ABY,GA,ASO,ES,Federal Contract Tower,2,9,20,0,31,0,0,13,0,13,2,9,33,0,44,2,0,2,46
02/17/2021,ABY,GA,ASO,ES,Federal Contract Tower,0,4,17,0,21,0,0,12,2,14,0,4,29,2,35,0,0,0,35
02/18/2021,ABY,GA,ASO,ES,Federal Contract Tower,0,11,8,0,19,0,0,0,0,0,0,11,8,0,19,0,0,0,19
02/19/2021,ABY,GA,ASO,ES,Federal Contract Tower,1,8,13,10,32,0,0,4,2,6,1,8,17,12,38,12,0,12,50
02/20/2021,ABY,GA,ASO,ES,Federal Contract Tower,1,6,14,2,23,0,0,18,1,19,1,6,32,3,42,6,0,6,48
02/21/2021,ABY,GA,ASO,ES,Federal Contract Tower,0,12,14,0,26,0,0,17,0,17,0,12,31,0,43,38,0,38,81
02/22/2021,ABY,GA,ASO,ES,Federal Contract Tower,0,5,7,2,14,0,0,5,0,5,0,5,12,2,19,0,0,0,19
02/23/2021,ABY,GA,ASO,ES,Federal Contract Tower,2,21,7,5,35,0,0,31,2,33,2,21,38,7,68,4,18,22,90
02/24/2021,ABY,GA,ASO,ES,Federal Contract Tower,6,9,6,0,21,0,3,15,0,18,6,12,21,0,39,40,44,84,123
02/25/2021,ABY,GA,ASO,ES,Federal Contract Tower,0,15,15,2,32,0,0,18,1,19,0,15,33,3,51,52,12,64,115
02/26/2021,ABY,GA,ASO,ES,Federal Contract Tower,3,21,14,2,40,0,1,15,2,18,3,22,29,4,58,20,0,20,78
02/27/2021,ABY,GA,ASO,ES,Federal Contract Tower,2,6,13,1,22,0,0,3,3,6,2,6,16,4,28,0,10,10,38
02/28/2021,ABY,GA,ASO,ES,Federal Contract Tower,0,9,13,2,24,0,0,8,2,10,0,9,21,4,34,0,0,0,34
03/01/2021,ABY,GA,ASO,ES,Federal Contract Tower,0,4,9,1,14,0,0,8,2,10,0,4,17,3,24,14,0,14,38
03/02/2021,ABY,GA,ASO,ES,Federal Contract Tower,0,5,8,10,23,0,0,0,0,0,0,5,8,10,23,0,0,0,23
03/03/2021,ABY,GA,ASO,ES,Federal Contract Tower,0,8,11,3,22,0,0,10,2,12,0,8,21,5,34,0,0,0,34
03/04/2021,ABY,GA,ASO,ES,Federal Contract Tower,0,8,19,4,31,0,1,14,0,15,0,9,33,4,46,4,0,4,50
03/05/2021,ABY,GA,ASO,ES,Federal Contract Tower,0,5,5,2,12,0,0,12,0,12,0,5,17,2,24,10,22,32,56
03/06/2021,ABY,GA,ASO,ES,Federal Contract Tower,0,2,17,0,19,0,0,9,0,9,0,2,26,0,28,6,0,6,34
03/07/2021,ABY,GA,ASO,ES,Federal Contract Tower,0,10,21,0,31,0,0,10,0,10,0,10,31,0,41,6,0,6,47
03/08/2021,ABY,GA,ASO,ES,Federal Contract Tower,0,6,9,0,15,0,0,11,0,11,0,6,20,0,26,4,18,22,48
03/09/2021,ABY,GA,ASO,ES,Federal Contract Tower,0,12,15,0,27,0,0,21,0,21,0,12,36,0,48,20,0,20,68
03/10/2021,ABY,GA,ASO,ES,Federal Contract Tower,0,5,9,2,16,0,0,17,4,21,0,5,26,6,37,20,24,44,81
03/11/2021,ABY,GA,ASO,ES,Federal Contract Tower,0,13,11,2,26,0,0,13,1,14,0,13,24,3,40,6,6,12,52
03/12/2021,ABY,GA,ASO,ES,Federal Contract Tower,1,8,8,5,22,0,0,20,0,20,1,8,28,5,42,10,0,10,52
03/13/2021,ABY,GA,ASO,ES,Federal Contract Tower,1,4,4,0,9,0,0,13,0,13,1,4,17,0,22,8,0,8,30
03/14/2021,ABY,GA,ASO,ES,Federal Contract Tower,0,8,11,0,19,0,2,20,0,22,0,10,31,0,41,6,0,6,47
03/15/2021,ABY,GA,ASO,ES,Federal Contract Tower,0,7,7,6,20,0,0,13,0,13,0,7,20,6,33,2,8,10,43
03/16/2021,ABY,GA,ASO,ES,Federal Contract Tower,0,6,6,4,16,0,0,4,0,4,0,6,10,4,20,0,20,20,40
03/17/2021,ABY,GA,ASO,ES,Federal Contract Tower,0,6,12,0,18,0,0,2,0,2,0,6,14,0,20,4,0,4,24
03/18/2021,ABY,GA,ASO,ES,Federal Contract Tower,0,5,2,2,9,0,0,6,0,6,0,5,8,2,15,0,6,6,21
03/19/2021,ABY,GA,ASO,ES,Federal Contract Tower,0,4,20,0,24,0,0,16,0,16,0,4,36,0,40,4,0,4,44
03/20/2021,ABY,GA,ASO,ES,Federal Contract Tower,0,2,2,0,4,0,0,17,0,17,0,2,19,0,21,4,0,4,25
03/21/2021,ABY,GA,ASO,ES,Federal Contract Tower,0,4,11,0,15,0,0,13,0,13,0,4,24,0,28,0,0,0,28
03/22/2021,ABY,GA,ASO,ES,Federal Contract Tower,0,6,12,3,21,0,0,41,8,49,0,6,53,11,70,4,10,14,84
03/23/2021,ABY,GA,ASO,ES,Federal Contract Tower,0,5,11,6,22,0,0,15,1,16,0,5,26,7,38,28,20,48,86
03/24/2021,ABY,GA,ASO,ES,Federal Contract Tower,0,4,8,7,19,0,2,8,1,11,0,6,16,8,30,0,20,20,50
03/25/2021,ABY,GA,ASO,ES,Federal Contract Tower,0,5,11,8,24,0,0,6,0,6,0,5,17,8,30,0,0,0,30
03/26/2021,ABY,GA,ASO,ES,Federal Contract Tower,0,6,5,0,11,0,0,5,0,5,0,6,10,0,16,0,0,0,16
03/27/2021,ABY,GA,ASO,ES,Federal Contract Tower,0,3,3,0,6,0,0,4,0,4,0,3,7,0,10,0,0,0,10
03/28/2021,ABY,GA,ASO,ES,Federal Contract Tower,0,6,8,0,14,0,0,8,0,8,0,6,16,0,22,0,0,0,22
03/29/2021,ABY,GA,ASO,ES,Federal Contract Tower,0,5,10,0,15,0,0,29,0,29,0,5,39,0,44,6,0,6,50
03/30/2021,ABY,GA,ASO,ES,Federal Contract Tower,0,5,9,4,18,0,0,8,1,9,0,5,17,5,27,0,16,16,43
03/31/2021,ABY,GA,ASO,ES,Federal Contract Tower,0,6,10,5,21,0,0,4,1,5,0,6,14,6,26,2,16,18,44
04/01/2021,ABY,GA,ASO,ES,Federal Contract Tower,0,5,4,0,9,0,1,7,0,8,0,6,11,0,17,0,0,0,17
04/02/2021,ABY,GA,ASO,ES,Federal Contract Tower,0,4,9,0,13,0,0,8,3,11,0,4,17,3,24,2,22,24,48
04/03/2021,ABY,GA,ASO,ES,Federal Contract Tower,0,2,7,0,9,0,0,9,0,9,0,2,16,0,18,10,0,10,28
04/04/2021,ABY,GA,ASO,ES,Federal Contract Tower,0,5,5,0,10,0,0,13,0,13,0,5,18,0,23,16,0,16,39
04/05/2021,ABY,GA,ASO,ES,Federal Contract Tower,0,5,4,8,17,0,0,14,0,14,0,5,18,8,31,4,4,8,39
04/06/2021,ABY,GA,ASO,ES,Federal Contract Tower,2,5,7,0,14,0,0,14,2,16,2,5,21,2,30,0,0,0,30
04/07/2021,ABY,GA,ASO,ES,Federal Contract Tower,0,5,3,4,12,0,0,15,0,15,0,5,18,4,27,0,0,0,27
04/08/2021,ABY,GA,ASO,ES,Federal Contract Tower,0,4,11,0,15,0,0,5,0,5,0,4,16,0,20,0,0,0,20
04/09/2021,ABY,GA,ASO,ES,Federal Contract Tower,0,5,4,0,9,0,0,0,0,0,0,5,4,0,9,0,0,0,9
04/10/2021,ABY,GA,ASO,ES,Federal Contract Tower,0,2,2,0,4,0,0,0,0,0,0,2,2,0,4,0,0,0,4
04/11/2021,ABY,GA,ASO,ES,Federal Contract Tower,0,5,8,0,13,0,0,5,0,5,0,5,13,0,18,0,0,0,18
04/12/2021,ABY,GA,ASO,ES,Federal Contract Tower,0,5,5,8,18,0,1,36,0,37,0,6,41,8,55,36,4,40,95
04/13/2021,ABY,GA,ASO,ES,Federal Contract Tower,0,4,6,0,10,0,0,21,4,25,0,4,27,4,35,0,34,34,69
04/14/2021,ABY,GA,ASO,ES,Federal Contract Tower,0,5,17,0,22,0,0,12,0,12,0,5,29,0,34,2,4,6,40
04/15/2021,ABY,GA,ASO,ES,Federal Contract Tower,0,6,8,0,14,0,0,6,0,6,0,6,14,0,20,0,0,0,20
04/16/2021,ABY,GA,ASO,ES,Federal Contract Tower,0,4,5,5,14,0,0,17,4,21,0,4,22,9,35,6,0,6,41
04/17/2021,ABY,GA,ASO,ES,Federal Contract Tower,0,3,6,0,9,0,0,5,0,5,0,3,11,0,14,0,0,0,14
04/18/2021,ABY,GA,ASO,ES,Federal Contract Tower,0,4,13,2,19,0,0,15,6,21,0,4,28,8,40,0,0,0,40
04/19/2021,ABY,GA,ASO,ES,Federal Contract Tower,0,4,6,0,10,0,0,16,0,16,0,4,22,0,26,10,10,20,46
04/20/2021,ABY,GA,ASO,ES,Federal Contract Tower,0,6,8,4,18,0,0,14,0,14,0,6,22,4,32,28,16,44,76
04/21/2021,ABY,GA,ASO,ES,Federal Contract Tower,0,5,8,2,15,0,1,14,0,15,0,6,22,2,30,0,0,0,30
04/22/2021,ABY,GA,ASO,ES,Federal Contract Tower,0,5,6,3,14,0,0,24,0,24,0,5,30,3,38,32,8,40,78
04/23/2021,ABY,GA,ASO,ES,Federal Contract Tower,0,4,13,9,26,0,0,22,3,25,0,4,35,12,51,8,0,8,59
04/24/2021,ABY,GA,ASO,ES,Federal Contract Tower,0,2,0,0,2,0,0,0,0,0,0,2,0,0,2,0,0,0,2
04/25/2021,ABY,GA,ASO,ES,Federal Contract Tower,0,6,7,0,13,0,2,10,6,18,0,8,17,6,31,0,0,0,31
04/26/2021,ABY,GA,ASO,ES,Federal Contract Tower,0,5,7,1,13,0,0,17,0,17,0,5,24,1,30,10,0,10,40
04/27/2021,ABY,GA,ASO,ES,Federal Contract Tower,0,4,6,2,12,0,0,22,3,25,0,4,28,5,37,0,0,0,37
04/28/2021,ABY,GA,ASO,ES,Federal Contract Tower,0,5,9,8,22,0,0,13,0,13,0,5,22,8,35,0,2,2,37
04/29/2021,ABY,GA,ASO,ES,Federal Contract Tower,0,10,13,0,23,0,1,14,0,15,0,11,27,0,38,0,0,0,38
04/30/2021,ABY,GA,ASO,ES,Federal Contract Tower,0,6,14,0,20,0,0,8,0,8,0,6,22,0,28,0,0,0,28
05/01/2021,ABY,GA,ASO,ES,Federal Contract Tower,0,3,4,0,7,0,0,10,0,10,0,3,14,0,17,6,0,6,23
05/02/2021,ABY,GA,ASO,ES,Federal Contract Tower,0,6,4,0,10,0,2,15,0,17,0,8,19,0,27,0,0,0,27
05/03/2021,ABY,GA,ASO,ES,Federal Contract Tower,0,7,7,2,16,0,0,7,0,7,0,7,14,2,23,12,0,12,35
05/04/2021,ABY,GA,ASO,ES,Federal Contract Tower,0,6,2,2,10,0,0,2,0,2,0,6,4,2,12,0,0,0,12
05/05/2021,ABY,GA,ASO,ES,Federal Contract Tower,0,5,8,1,14,0,0,6,1,7,0,5,14,2,21,0,12,12,33
05/06/2021,ABY,GA,ASO,ES,Federal Contract Tower,0,4,9,6,19,0,0,16,2,18,0,4,25,8,37,8,14,22,59
05/07/2021,ABY,GA,ASO,ES,Federal Contract Tower,0,4,7,2,13,0,0,18,0,18,0,4,25,2,31,6,0,6,37
05/08/2021,ABY,GA,ASO,ES,Federal Contract Tower,0,4,12,0,16,0,0,22,0,22,0,4,34,0,38,12,0,12,50
05/09/2021,ABY,GA,ASO,ES,Federal Contract Tower,0,4,8,4,16,0,0,6,4,10,0,4,14,8,26,0,2,2,28
05/10/2021,ABY,GA,ASO,ES,Federal Contract Tower,0,4,5,4,13,0,0,0,0,0,0,4,5,4,13,2,22,24,37
05/11/2021,ABY,GA,ASO,ES,Federal Contract Tower,0,4,6,6,16,0,0,8,0,8,0,4,14,6,24,0,18,18,42
05/12/2021,ABY,GA,ASO,ES,Federal Contract Tower,0,8,4,0,12,0,0,0,2,2,0,8,4,2,14,0,0,0,14
05/13/2021,ABY,GA,ASO,ES,Federal Contract Tower,0,12,16,5,33,0,0,7,0,7,0,12,23,5,40,6,6,12,52
05/14/2021,ABY,GA,ASO,ES,Federal Contract Tower,0,5,5,6,16,0,0,24,0,24,0,5,29,6,40,4,24,28,68
05/15/2021,ABY,GA,ASO,ES,Federal Contract Tower,0,6,6,0,12,0,2,30,0,32,0,8,36,0,44,10,0,10,54
05/16/2021,ABY,GA,ASO,ES,Federal Contract Tower,0,6,4,0,10,0,0,11,0,11,0,6,15,0,21,0,0,0,21
05/17/2021,ABY,GA,ASO,ES,Federal Contract Tower,0,6,8,6,20,0,2,11,0,13,0,8,19,6,33,0,0,0,33
05/18/2021,ABY,GA,ASO,ES,Federal Contract Tower,0,4,6,5,15,0,0,7,6,13,0,4,13,11,28,0,10,10,38
05/19/2021,ABY,GA,ASO,ES,Federal Contract Tower,0,4,8,0,12,0,0,12,0,12,0,4,20,0,24,0,0,0,24
05/20/2021,ABY,GA,ASO,ES,Federal Contract Tower,0,4,5,12,21,0,0,8,0,8,0,4,13,12,29,0,0,0,29
05/21/2021,ABY,GA,ASO,ES,Federal Contract Tower,0,4,12,2,18,0,0,8,5,13,0,4,20,7,31,0,14,14,45
05/22/2021,ABY,GA,ASO,ES,Federal Contract Tower,0,4,4,0,8,0,1,8,0,9,0,5,12,0,17,0,0,0,17
05/23/2021,ABY,GA,ASO,ES,Federal Contract Tower,0,4,4,4,12,0,0,13,3,16,0,4,17,7,28,0,0,0,28
05/24/2021,ABY,GA,ASO,ES,Federal Contract Tower,0,4,8,2,14,0,0,10,4,14,0,4,18,6,28,0,0,0,28
05/25/2021,ABY,GA,ASO,ES,Federal Contract Tower,0,5,1,2,8,0,0,8,0,8,0,5,9,2,16,8,12,20,36
05/26/2021,ABY,GA,ASO,ES,Federal Contract Tower,0,7,7,3,17,0,4,17,0,21,0,11,24,3,38,2,14,16,54
05/27/2021,ABY,GA,ASO,ES,Federal Contract Tower,0,7,11,0,18,0,0,21,0,21,0,7,32,0,39,6,0,6,45
05/28/2021,ABY,GA,ASO,ES,Federal Contract Tower,0,4,16,0,20,0,0,5,0,5,0,4,21,0,25,0,0,0,25
05/29/2021,ABY,GA,ASO,ES,Federal Contract Tower,0,6,4,0,10,0,0,3,0,3,0,6,7,0,13,0,0,0,13
05/30/2021,ABY,GA,ASO,ES,Federal Contract Tower,0,4,10,0,14,0,0,7,0,7,0,4,17,0,21,4,0,4,25
05/31/2021,ABY,GA,ASO,ES,Federal Contract Tower,0,4,8,0,12,0,0,14,0,14,0,4,22,0,26,12,0,12,38
06/01/2021,ABY,GA,ASO,ES,Federal Contract Tower,0,6,6,0,12,0,0,3,0,3,0,6,9,0,15,0,0,0,15
06/02/2021,ABY,GA,ASO,ES,Federal Contract Tower,0,8,5,4,17,0,3,12,2,17,0,11,17,6,34,10,0,10,44
06/03/2021,ABY,GA,ASO,ES,Federal Contract Tower,0,8,5,5,18,0,1,13,1,15,0,9,18,6,33,0,18,18,51
06/04/2021,ABY,GA,ASO,ES,Federal Contract Tower,0,4,8,9,21,0,0,5,1,6,0,4,13,10,27,10,8,18,45
06/05/2021,ABY,GA,ASO,ES,Federal Contract Tower,0,4,2,0,6,0,1,11,0,12,0,5,13,0,18,8,0,8,26
06/06/2021,ABY,GA,ASO,ES,Federal Contract Tower,0,4,12,0,16,0,0,4,0,4,0,4,16,0,20,0,0,0,20
06/07/2021,ABY,GA,ASO,ES,Federal Contract Tower,0,4,5,3,12,0,0,4,0,4,0,4,9,3,16,0,2,2,18
06/08/2021,ABY,GA,ASO,ES,Federal Contract Tower,0,4,2,4,10,0,0,7,0,7,0,4,9,4,17,24,12,36,53
06/09/2021,ABY,GA,ASO,ES,Federal Contract Tower,0,10,8,4,22,0,2,18,2,22,0,12,26,6,44,30,18,48,92
06/10/2021,ABY,GA,ASO,ES,Federal Contract Tower,0,4,18,3,25,0,0,16,1,17,0,4,34,4,42,0,22,22,64
06/11/2021,ABY,GA,ASO,ES,Federal Contract Tower,0,4,6,2,12,0,0,1,0,1,0,4,7,2,13,0,16,16,29
06/12/2021,ABY,GA,ASO,ES,Federal Contract Tower,0,4,7,0,11,0,0,7,0,7,0,4,14,0,18,0,0,0,18
06/13/2021,ABY,GA,ASO,ES,Federal Contract Tower,0,4,3,0,7,0,0,9,0,9,0,4,12,0,16,2,0,2,18
06/14/2021,ABY,GA,ASO,ES,Federal Contract Tower,0,4,5,0,9,0,0,6,0,6,0,4,11,0,15,0,0,0,15
06/15/2021,ABY,GA,ASO,ES,Federal Contract Tower,0,5,10,2,17,0,0,23,0,23,0,5,33,2,40,4,0,4,44
06/16/2021,ABY,GA,ASO,ES,Federal Contract Tower,0,7,8,5,20,0,0,14,1,15,0,7,22,6,35,10,38,48,83
06/17/2021,ABY,GA,ASO,ES,Federal Contract Tower,0,6,5,0,11,0,0,28,0,28,0,6,33,0,39,36,12,48,87
06/18/2021,ABY,GA,ASO,ES,Federal Contract Tower,0,6,4,0,10,0,0,28,0,28,0,6,32,0,38,20,0,20,58
06/19/2021,ABY,GA,ASO,ES,Federal Contract Tower,0,3,4,0,7,0,0,0,0,0,0,3,4,0,7,0,0,0,7
06/20/2021,ABY,GA,ASO,ES,Federal Contract Tower,0,4,2,0,6,0,1,3,0,4,0,5,5,0,10,0,0,0,10
06/21/2021,ABY,GA,ASO,ES,Federal Contract Tower,0,5,7,2,14,0,0,0,0,0,0,5,7,2,14,0,0,0,14
06/22/2021,ABY,GA,ASO,ES,Federal Contract Tower,0,3,5,0,8,0,0,0,0,0,0,3,5,0,8,0,0,0,8
06/23/2021,ABY,GA,ASO,ES,Federal Contract Tower,0,12,8,4,24,0,0,14,0,14,0,12,22,4,38,0,14,14,52
06/24/2021,ABY,GA,ASO,ES,Federal Contract Tower,0,6,7,4,17,0,0,3,2,5,0,6,10,6,22,0,0,0,22
06/25/2021,ABY,GA,ASO,ES,Federal Contract Tower,0,4,12,2,18,0,0,18,1,19,0,4,30,3,37,10,0,10,47
06/26/2021,ABY,GA,ASO,ES,Federal Contract Tower,0,4,6,0,10,0,0,15,0,15,0,4,21,0,25,0,0,0,25
06/27/2021,ABY,GA,ASO,ES,Federal Contract Tower,0,4,2,0,6,0,0,3,0,3,0,4,5,0,9,4,0,4,13
06/28/2021,ABY,GA,ASO,ES,Federal Contract Tower,0,4,8,2,14,0,0,6,0,6,0,4,14,2,20,6,0,6,26
06/29/2021,ABY,GA,ASO,ES,Federal Contract Tower,0,6,2,5,13,0,0,14,0,14,0,6,16,5,27,0,0,0,27
06/30/2021,ABY,GA,ASO,ES,Federal Contract Tower,1,5,15,4,25,0,0,4,0,4,1,5,19,4,29,12,0,12,41
07/01/2021,ABY,GA,ASO,ES,Federal Contract Tower,0,4,18,4,26,0,0,7,0,7,0,4,25,4,33,0,12,12,45
07/02/2021,ABY,GA,ASO,ES,Federal Contract Tower,0,4,2,0,6,0,0,0,0,0,0,4,2,0,6,0,0,0,6
07/03/2021,ABY,GA,ASO,ES,Federal Contract Tower,0,5,0,0,5,0,0,9,0,9,0,5,9,0,14,0,0,0,14
07/04/2021,ABY,GA,ASO,ES,Federal Contract Tower,0,4,6,0,10,0,0,8,0,8,0,4,14,0,18,0,0,0,18
07/05/2021,ABY,GA,ASO,ES,Federal Contract Tower,0,7,4,0,11,0,0,5,0,5,0,7,9,0,16,0,0,0,16
07/06/2021,ABY,GA,ASO,ES,Federal Contract Tower,0,4,0,1,5,0,0,6,4,10,0,4,6,5,15,4,6,10,25
07/07/2021,ABY,GA,ASO,ES,Federal Contract Tower,0,4,10,0,14,0,0,1,6,7,0,4,11,6,21,6,0,6,27
07/08/2021,ABY,GA,ASO,ES,Federal Contract Tower,0,4,8,6,18,0,0,9,0,9,0,4,17,6,27,2,0,2,29
07/09/2021,ABY,GA,ASO,ES,Federal Contract Tower,0,5,10,8,23,0,0,7,1,8,0,5,17,9,31,6,6,12,43
07/10/2021,ABY,GA,ASO,ES,Federal Contract Tower,1,4,4,0,9,0,0,14,0,14,1,4,18,0,23,12,0,12,35
07/11/2021,ABY,GA,ASO,ES,Federal Contract Tower,0,4,11,2,17,0,0,9,0,9,0,4,20,2,26,0,0,0,26
07/12/2021,ABY,GA,ASO,ES,Federal Contract Tower,0,5,8,2,15,0,0,15,0,15,0,5,23,2,30,6,14,20,50
07/13/2021,ABY,GA,ASO,ES,Federal Contract Tower,0,4,8,0,12,0,0,14,0,14,0,4,22,0,26,46,0,46,72
07/14/2021,ABY,GA,ASO,ES,Federal Contract Tower,0,8,9,10,27,0,0,22,0,22,0,8,31,10,49,14,4,18,67
07/15/2021,ABY,GA,ASO,ES,Federal Contract Tower,0,4,8,0,12,0,0,5,0,5,0,4,13,0,17,0,0,0,17
07/16/2021,ABY,GA,ASO,ES,Federal Contract Tower,0,3,13,6,22,0,0,10,8,18,0,3,23,14,40,0,26,26,66
07/17/2021,ABY,GA,ASO,ES,Federal Contract Tower,0,4,3,0,7,0,0,11,0,11,0,4,14,0,18,0,0,0,18
07/18/2021,ABY,GA,ASO,ES,Federal Contract Tower,0,3,8,6,17,0,0,19,4,23,0,3,27,10,40,10,0,10,50
07/19/2021,ABY,GA,ASO,ES,Federal Contract Tower,0,6,3,1,10,0,0,9,1,10,0,6,12,2,20,4,0,4,24
07/20/2021,ABY,GA,ASO,ES,Federal Contract Tower,0,5,4,1,10,0,0,2,0,2,0,5,6,1,12,0,0,0,12
07/21/2021,ABY,GA,ASO,ES,Federal Contract Tower,0,4,13,2,19,0,0,5,0,5,0,4,18,2,24,8,0,8,32
07/22/2021,ABY,GA,ASO,ES,Federal Contract Tower,0,6,9,12,27,0,0,6,0,6,0,6,15,12,33,0,0,0,33
07/23/2021,ABY,GA,ASO,ES,Federal Contract Tower,0,3,7,0,10,0,0,21,0,21,0,3,28,0,31,4,0,4,35
07/24/2021,ABY,GA,ASO,ES,Federal Contract Tower,3,6,12,0,21,0,0,14,0,14,3,6,26,0,35,0,0,0,35
07/25/2021,ABY,GA,ASO,ES,Federal Contract Tower,0,3,10,0,13,0,0,14,2,16,0,3,24,2,29,0,0,0,29
07/26/2021,ABY,GA,ASO,ES,Federal Contract Tower,0,4,5,0,9,0,0,15,0,15,0,4,20,0,24,8,0,8,32
07/27/2021,ABY,GA,ASO,ES,Federal Contract Tower,0,9,5,2,16,0,0,9,0,9,0,9,14,2,25,2,30,32,57
07/28/2021,ABY,GA,ASO,ES,Federal Contract Tower,0,5,13,2,20,0,0,5,0,5,0,5,18,2,25,0,0,0,25
07/29/2021,ABY,GA,ASO,ES,Federal Contract Tower,0,4,11,0,15,0,0,12,0,12,0,4,23,0,27,20,4,24,51
07/30/2021,ABY,GA,ASO,ES,Federal Contract Tower,0,6,7,0,13,0,0,21,0,21,0,6,28,0,34,6,16,22,56
07/31/2021,ABY,GA,ASO,ES,Federal Contract Tower,0,6,6,3,15,0,0,16,0,16,0,6,22,3,31,16,0,16,47
08/01/2021,ABY,GA,ASO,ES,Federal Contract Tower,0,4,13,0,17,0,0,8,0,8,0,4,21,0,25,2,0,2,27
08/02/2021,ABY,GA,ASO,ES,Federal Contract Tower,0,4,3,4,11,0,0,7,0,7,0,4,10,4,18,0,0,0,18
08/03/2021,ABY,GA,ASO,ES,Federal Contract Tower,1,4,8,0,13,0,0,3,0,3,1,4,11,0,16,0,0,0,16
08/04/2021,ABY,GA,ASO,ES,Federal Contract Tower,0,4,11,8,23,0,0,19,0,19,0,4,30,8,42,2,4,6,48
08/05/2021,ABY,GA,ASO,ES,Federal Contract Tower,0,4,9,2,15,0,0,20,2,22,0,4,29,4,37,0,10,10,47
08/06/2021,ABY,GA,ASO,ES,Federal Contract Tower,0,4,2,4,10,0,0,1,0,1,0,4,3,4,11,0,2,2,13
08/07/2021,ABY,GA,ASO,ES,Federal Contract Tower,0,4,1,0,5,0,0,6,0,6,0,4,7,0,11,4,0,4,15
08/08/2021,ABY,GA,ASO,ES,Federal Contract Tower,0,4,2,0,6,0,0,15,0,15,0,4,17,0,21,14,0,14,35
08/09/2021,ABY,GA,ASO,ES,Federal Contract Tower,0,5,9,4,18,0,0,8,0,8,0,5,17,4,26,20,4,24,50
08/10/2021,ABY,GA,ASO,ES,Federal Contract Tower,0,3,12,3,18,0,0,12,3,15,0,3,24,6,33,16,0,16,49
08/11/2021,ABY,GA,ASO,ES,Federal Contract Tower,0,7,9,6,22,0,0,15,0,15,0,7,24,6,37,0,0,0,37
08/12/2021,ABY,GA,ASO,ES,Federal Contract Tower,0,5,2,2,9,0,0,13,0,13,0,5,15,2,22,0,0,0,22
08/13/2021,ABY,GA,ASO,ES,Federal Contract Tower,0,4,2,6,12,0,0,21,1,22,0,4,23,7,34,2,40,42,76
08/14/2021,ABY,GA,ASO,ES,Federal Contract Tower,0,5,8,0,13,0,0,10,0,10,0,5,18,0,23,8,0,8,31
08/15/2021,ABY,GA,ASO,ES,Federal Contract Tower,0,4,3,0,7,0,0,0,0,0,0,4,3,0,7,0,0,0,7
08/16/2021,ABY,GA,ASO,ES,Federal Contract Tower,0,4,2,0,6,0,0,1,0,1,0,4,3,0,7,0,0,0,7
08/17/2021,ABY,GA,ASO,ES,Federal Contract Tower,7,8,2,0,17,0,0,1,0,1,7,8,3,0,18,0,0,0,18
08/18/2021,ABY,GA,ASO,ES,Federal Contract Tower,5,8,5,4,22,0,0,10,3,13,5,8,15,7,35,8,10,18,53
08/19/2021,ABY,GA,ASO,ES,Federal Contract Tower,0,6,14,6,26,0,0,15,0,15,0,6,29,6,41,4,30,34,75
08/20/2021,ABY,GA,ASO,ES,Federal Contract Tower,0,4,13,2,19,0,0,2,0,2,0,4,15,2,21,6,22,28,49
08/21/2021,ABY,GA,ASO,ES,Federal Contract Tower,0,4,2,0,6,0,0,7,0,7,0,4,9,0,13,0,0,0,13
08/22/2021,ABY,GA,ASO,ES,Federal Contract Tower,0,4,9,0,13,0,0,11,0,11,0,4,20,0,24,0,0,0,24
08/23/2021,ABY,GA,ASO,ES,Federal Contract Tower,0,4,13,1,18,0,0,0,1,1,0,4,13,2,19,2,8,10,29
08/24/2021,ABY,GA,ASO,ES,Federal Contract Tower,0,4,17,7,28,0,4,14,1,19,0,8,31,8,47,2,6,8,55
08/25/2021,ABY,GA,ASO,ES,Federal Contract Tower,0,5,4,0,9,0,0,1,0,1,0,5,5,0,10,0,0,0,10
08/26/2021,ABY,GA,ASO,ES,Federal Contract Tower,0,4,8,2,14,0,0,20,0,20,0,4,28,2,34,2,0,2,36
08/27/2021,ABY,GA,ASO,ES,Federal Contract Tower,0,4,4,0,8,0,0,10,0,10,0,4,14,0,18,0,0,0,18
08/28/2021,ABY,GA,ASO,ES,Federal Contract Tower,0,6,16,0,22,0,0,4,0,4,0,6,20,0,26,12,0,12,38
08/29/2021,ABY,GA,ASO,ES,Federal Contract Tower,0,6,4,0,10,0,0,0,0,0,0,6,4,0,10,0,0,0,10
08/30/2021,ABY,GA,ASO,ES,Federal Contract Tower,0,8,7,0,15,0,0,3,0,3,0,8,10,0,18,0,0,0,18
08/31/2021,ABY,GA,ASO,ES,Federal Contract Tower,0,4,0,0,4,0,0,4,0,4,0,4,4,0,8,0,0,0,8
09/01/2021,ABY,GA,ASO,ES,Federal Contract Tower,0,4,6,0,10,0,0,9,3,12,0,4,15,3,22,12,14,26,48
09/02/2021,ABY,GA,ASO,ES,Federal Contract Tower,0,4,9,2,15,0,0,10,5,15,0,4,19,7,30,4,4,8,38
09/03/2021,ABY,GA,ASO,ES,Federal Contract Tower,0,4,4,0,8,0,0,25,4,29,0,4,29,4,37,6,0,6,43
09/04/2021,ABY,GA,ASO,ES,Federal Contract Tower,0,5,5,0,10,0,0,21,0,21,0,5,26,0,31,4,0,4,35
09/05/2021,ABY,GA,ASO,ES,Federal Contract Tower,0,6,3,0,9,0,3,13,0,16,0,9,16,0,25,11,0,11,36
09/06/2021,ABY,GA,ASO,ES,Federal Contract Tower,0,5,4,0,9,0,0,11,0,11,0,5,15,0,20,16,0,16,36
09/07/2021,ABY,GA,ASO,ES,Federal Contract Tower,0,4,10,2,16,0,2,7,0,9,0,6,17,2,25,0,0,0,25
09/08/2021,ABY,GA,ASO,ES,Federal Contract Tower,0,6,5,4,15,0,0,2,0,2,0,6,7,4,17,0,0,0,17
09/09/2021,ABY,GA,ASO,ES,Federal Contract Tower,0,7,9,4,20,0,0,1,0,1,0,7,10,4,21,0,0,0,21
09/10/2021,ABY,GA,ASO,ES,Federal Contract Tower,0,5,8,2,15,0,0,49,2,51,0,5,57,4,66,6,28,34,100
09/11/2021,ABY,GA,ASO,ES,Federal Contract Tower,0,4,8,0,12,0,0,12,0,12,0,4,20,0,24,0,0,0,24
09/12/2021,ABY,GA,ASO,ES,Federal Contract Tower,0,7,8,0,15,0,0,9,0,9,0,7,17,0,24,0,0,0,24
09/13/2021,ABY,GA,ASO,ES,Federal Contract Tower,0,7,3,4,14,0,0,19,0,19,0,7,22,4,33,0,0,0,33
09/14/2021,ABY,GA,ASO,ES,Federal Contract Tower,0,4,10,3,17,0,0,16,0,16,0,4,26,3,33,0,0,0,33
09/15/2021,ABY,GA,ASO,ES,Federal Contract Tower,0,8,14,0,22,0,0,13,0,13,0,8,27,0,35,0,0,0,35
09/16/2021,ABY,GA,ASO,ES,Federal Contract Tower,0,13,12,0,25,0,0,4,0,4,0,13,16,0,29,0,0,0,29
09/17/2021,ABY,GA,ASO,ES,Federal Contract Tower,0,5,6,9,20,0,0,5,0,5,0,5,11,9,25,0,0,0,25
09/18/2021,ABY,GA,ASO,ES,Federal Contract Tower,0,6,9,0,15,0,1,3,0,4,0,7,12,0,19,0,0,0,19
09/19/2021,ABY,GA,ASO,ES,Federal Contract Tower,0,5,6,0,11,0,0,4,8,12,0,5,10,8,23,0,0,0,23
09/20/2021,ABY,GA,ASO,ES,Federal Contract Tower,0,5,6,2,13,0,0,7,0,7,0,5,13,2,20,12,0,12,32
09/21/2021,ABY,GA,ASO,ES,Federal Contract Tower,0,5,5,2,12,0,0,16,0,16,0,5,21,2,28,32,0,32,60
09/22/2021,ABY,GA,ASO,ES,Federal Contract Tower,0,7,13,0,20,0,0,3,0,3,0,7,16,0,23,4,0,4,27
09/23/2021,ABY,GA,ASO,ES,Federal Contract Tower,0,6,8,6,20,0,0,15,2,17,0,6,23,8,37,36,0,36,73
09/24/2021,ABY,GA,ASO,ES,Federal Contract Tower,0,8,10,8,26,0,0,14,2,16,0,8,24,10,42,4,38,42,84
09/25/2021,ABY,GA,ASO,ES,Federal Contract Tower,0,5,13,0,18,0,3,7,0,10,0,8,20,0,28,0,0,0,28
09/26/2021,ABY,GA,ASO,ES,Federal Contract Tower,0,12,14,0,26,0,0,19,0,19,0,12,33,0,45,4,0,4,49
09/27/2021,ABY,GA,ASO,ES,Federal Contract Tower,0,5,9,6,20,0,0,13,2,15,0,5,22,8,35,6,22,28,63
09/28/2021,ABY,GA,ASO,ES,Federal Contract Tower,0,7,5,5,17,0,0,16,3,19,0,7,21,8,36,0,16,16,52
09/29/2021,ABY,GA,ASO,ES,Federal Contract Tower,0,7,10,0,17,0,0,15,1,16,0,7,25,1,33,0,10,10,43
09/30/2021,ABY,GA,ASO,ES,Federal Contract Tower,0,7,17,0,24,0,0,11,4,15,0,7,28,4,39,0,18,18,57
10/01/2021,ABY,GA,ASO,ES,Federal Contract Tower,0,7,14,0,21,0,0,13,2,15,0,7,27,2,36,6,2,8,44
10/02/2021,ABY,GA,ASO,ES,Federal Contract Tower,0,5,9,0,14,0,0,2,0,2,0,5,11,0,16,6,0,6,22
10/03/2021,ABY,GA,ASO,ES,Federal Contract Tower,0,5,5,0,10,0,0,2,0,2,0,5,7,0,12,0,0,0,12
10/04/2021,ABY,GA,ASO,ES,Federal Contract Tower,0,6,1,2,9,0,0,3,0,3,0,6,4,2,12,4,2,6,18
10/05/2021,ABY,GA,ASO,ES,Federal Contract Tower,0,6,8,4,18,0,0,0,0,0,0,6,8,4,18,0,0,0,18
10/06/2021,ABY,GA,ASO,ES,Federal Contract Tower,0,6,4,5,15,0,0,4,0,4,0,6,8,5,19,0,6,6,25
10/07/2021,ABY,GA,ASO,ES,Federal Contract Tower,0,9,1,4,14,0,0,4,0,4,0,9,5,4,18,0,0,0,18
10/08/2021,ABY,GA,ASO,ES,Federal Contract Tower,1,8,11,0,20,0,0,16,0,16,1,8,27,0,36,0,0,0,36
10/09/2021,ABY,GA,ASO,ES,Federal Contract Tower,0,7,9,0,16,0,0,16,0,16,0,7,25,0,32,0,0,0,32
10/10/2021,ABY,GA,ASO,ES,Federal Contract Tower,0,6,8,2,16,0,0,19,0,19,0,6,27,2,35,20,10,30,65
10/11/2021,ABY,GA,ASO,ES,Federal Contract Tower,0,5,17,0,22,0,0,17,3,20,0,5,34,3,42,12,0,12,54
10/12/2021,ABY,GA,ASO,ES,Federal Contract Tower,0,5,10,3,18,0,0,18,1,19,0,5,28,4,37,18,0,18,55
10/13/2021,ABY,GA,ASO,ES,Federal Contract Tower,0,7,11,4,22,0,2,19,0,21,0,9,30,4,43,6,0,6,49
10/14/2021,ABY,GA,ASO,ES,Federal Contract Tower,0,6,12,0,18,0,1,19,0,20,0,7,31,0,38,2,24,26,64
10/15/2021,ABY,GA,ASO,ES,Federal Contract Tower,0,7,11,0,18,0,0,18,0,18,0,7,29,0,36,6,22,28,64
10/16/2021,ABY,GA,ASO,ES,Federal Contract Tower,0,8,10,0,18,0,0,11,0,11,0,8,21,0,29,0,0,0,29
10/17/2021,ABY,GA,ASO,ES,Federal Contract Tower,0,7,7,1,15,0,0,24,0,24,0,7,31,1,39,6,0,6,45
10/18/2021,ABY,GA,ASO,ES,Federal Contract Tower,0,7,11,2,20,0,0,8,2,10,0,7,19,4,30,14,12,26,56
10/19/2021,ABY,GA,ASO,ES,Federal Contract Tower,0,5,11,0,16,0,3,13,0,16,0,8,24,0,32,2,0,2,34
10/20/2021,ABY,GA,ASO,ES,Federal Contract Tower,0,5,16,0,21,0,0,23,0,23,0,5,39,0,44,0,0,0,44
10/21/2021,ABY,GA,ASO,ES,Federal Contract Tower,0,5,12,7,24,0,0,5,0,5,0,5,17,7,29,0,14,14,43
10/22/2021,ABY,GA,ASO,ES,Federal Contract Tower,0,5,8,2,15,0,0,19,0,19,0,5,27,2,34,6,8,14,48
10/23/2021,ABY,GA,ASO,ES,Federal Contract Tower,0,6,9,0,15,0,0,20,2,22,0,6,29,2,37,0,0,0,37
10/24/2021,ABY,GA,ASO,ES,Federal Contract Tower,0,8,13,1,22,0,2,9,1,12,0,10,22,2,34,0,0,0,34
10/25/2021,ABY,GA,ASO,ES,Federal Contract Tower,0,5,6,2,13,0,0,6,0,6,0,5,12,2,19,8,2,10,29
10/26/2021,ABY,GA,ASO,ES,Federal Contract Tower,0,7,7,0,14,0,0,19,3,22,0,7,26,3,36,6,18,24,60
10/27/2021,ABY,GA,ASO,ES,Federal Contract Tower,0,5,16,5,26,0,0,13,0,13,0,5,29,5,39,2,0,2,41
10/28/2021,ABY,GA,ASO,ES,Federal Contract Tower,0,6,3,10,19,0,0,2,3,5,0,6,5,13,24,0,22,22,46
10/29/2021,ABY,GA,ASO,ES,Federal Contract Tower,0,5,17,0,22,0,0,23,0,23,0,5,40,0,45,20,14,34,79
10/30/2021,ABY,GA,ASO,ES,Federal Contract Tower,0,5,9,0,14,0,0,2,0,2,0,5,11,0,16,0,0,0,16
10/31/2021,ABY,GA,ASO,ES,Federal Contract Tower,0,3,6,0,9,0,0,10,0,10,0,3,16,0,19,6,0,6,25
11/01/2021,ABY,GA,ASO,ES,Federal Contract Tower,0,8,4,0,12,0,0,10,4,14,0,8,14,4,26,12,32,44,70
11/02/2021,ABY,GA,ASO,ES,Federal Contract Tower,0,7,6,0,13,0,0,17,0,17,0,7,23,0,30,0,0,0,30
11/03/2021,ABY,GA,ASO,ES,Federal Contract Tower,0,9,8,4,21,0,0,15,2,17,0,9,23,6,38,2,52,54,92
11/04/2021,ABY,GA,ASO,ES,Federal Contract Tower,0,8,16,9,33,0,0,14,2,16,0,8,30,11,49,2,54,56,105
11/05/2021,ABY,GA,ASO,ES,Federal Contract Tower,0,4,13,2,19,0,0,5,3,8,0,4,18,5,27,0,20,20,47
11/06/2021,ABY,GA,ASO,ES,Federal Contract Tower,0,5,2,0,7,0,0,11,0,11,0,5,13,0,18,0,0,0,18
11/07/2021,ABY,GA,ASO,ES,Federal Contract Tower,0,4,16,0,20,0,0,15,0,15,0,4,31,0,35,12,0,12,47
11/08/2021,ABY,GA,ASO,ES,Federal Contract Tower,0,5,11,0,16,0,2,26,0,28,0,7,37,0,44,4,0,4,48
11/09/2021,ABY,GA,ASO,ES,Federal Contract Tower,0,6,3,3,12,0,0,19,2,21,0,6,22,5,33,0,14,14,47
11/10/2021,ABY,GA,ASO,ES,Federal Contract Tower,0,7,19,6,32,0,0,33,2,35,0,7,52,8,67,4,14,18,85
11/11/2021,ABY,GA,ASO,ES,Federal Contract Tower,0,5,13,0,18,0,0,6,9,15,0,5,19,9,33,2,0,2,35
11/12/2021,ABY,GA,ASO,ES,Federal Contract Tower,0,16,11,0,27,0,0,20,0,20,0,16,31,0,47,8,0,8,55
11/13/2021,ABY,GA,ASO,ES,Federal Contract Tower,0,5,5,2,12,0,0,15,0,15,0,5,20,2,27,0,0,0,27
11/14/2021,ABY,GA,ASO,ES,Federal Contract Tower,0,10,10,0,20,0,2,17,0,19,0,12,27,0,39,2,0,2,41
11/15/2021,ABY,GA,ASO,ES,Federal Contract Tower,0,12,4,4,20,0,0,20,3,23,0,12,24,7,43,6,16,22,65
11/16/2021,ABY,GA,ASO,ES,Federal Contract Tower,0,9,17,2,28,0,0,25,2,27,0,9,42,4,55,8,16,24,79
11/17/2021,ABY,GA,ASO,ES,Federal Contract Tower,0,7,16,2,25,0,1,17,0,18,0,8,33,2,43,18,0,18,61
11/18/2021,ABY,GA,ASO,ES,Federal Contract Tower,0,13,26,2,41,0,0,23,0,23,0,13,49,2,64,4,2,6,70
11/19/2021,ABY,GA,ASO,ES,Federal Contract Tower,0,6,24,2,32,0,0,21,0,21,0,6,45,2,53,2,0,2,55
11/20/2021,ABY,GA,ASO,ES,Federal Contract Tower,0,9,13,0,22,0,0,10,0,10,0,9,23,0,32,18,0,18,50
11/21/2021,ABY,GA,ASO,ES,Federal Contract Tower,0,7,10,1,18,0,0,11,0,11,0,7,21,1,29,14,0,14,43
11/22/2021,ABY,GA,ASO,ES,Federal Contract Tower,0,6,9,0,15,0,0,3,0,3,0,6,12,0,18,0,0,0,18
11/23/2021,ABY,GA,ASO,ES,Federal Contract Tower,0,12,8,0,20,0,0,17,2,19,0,12,25,2,39,36,14,50,89
11/24/2021,ABY,GA,ASO,ES,Federal Contract Tower,1,15,12,3,31,0,0,27,1,28,1,15,39,4,59,12,0,12,71
11/25/2021,ABY,GA,ASO,ES,Federal Contract Tower,0,6,6,0,12,0,0,1,0,1,0,6,7,0,13,0,0,0,13
11/26/2021,ABY,GA,ASO,ES,Federal Contract Tower,3,7,6,0,16,0,0,7,0,7,3,7,13,0,23,0,0,0,23
11/27/2021,ABY,GA,ASO,ES,Federal Contract Tower,0,10,17,0,27,0,0,13,0,13,0,10,30,0,40,4,0,4,44
11/28/2021,ABY,GA,ASO,ES,Federal Contract Tower,0,6,17,0,23,0,0,5,0,5,0,6,22,0,28,4,0,4,32
11/29/2021,ABY,GA,ASO,ES,Federal Contract Tower,0,11,13,4,28,0,0,17,0,17,0,11,30,4,45,8,0,8,53
11/30/2021,ABY,GA,ASO,ES,Federal Contract Tower,0,7,15,0,22,0,1,22,2,25,0,8,37,2,47,14,20,34,81
12/01/2021,ABY,GA,ASO,ES,Federal Contract Tower,8,8,24,4,44,0,0,8,0,8,8,8,32,4,52,2,2,4,56
12/02/2021,ABY,GA,ASO,ES,Federal Contract Tower,9,13,16,4,42,0,0,9,4,13,9,13,25,8,55,0,32,32,87
12/03/2021,ABY,GA,ASO,ES,Federal Contract Tower,4,11,2,2,19,0,0,17,2,19,4,11,19,4,38,8,10,18,56
12/04/2021,ABY,GA,ASO,ES,Federal Contract Tower,2,11,7,0,20,0,0,16,0,16,2,11,23,0,36,0,0,0,36
12/05/2021,ABY,GA,ASO,ES,Federal Contract Tower,0,17,17,2,36,0,1,6,3,10,0,18,23,5,46,0,0,0,46
12/06/2021,ABY,GA,ASO,ES,Federal Contract Tower,0,8,9,0,17,0,0,5,0,5,0,8,14,0,22,0,0,0,22
12/07/2021,ABY,GA,ASO,ES,Federal Contract Tower,8,10,16,4,38,0,0,0,0,0,8,10,16,4,38,0,0,0,38
12/08/2021,ABY,GA,ASO,ES,Federal Contract Tower,6,9,6,2,23,0,0,2,0,2,6,9,8,2,25,0,0,0,25
12/09/2021,ABY,GA,ASO,ES,Federal Contract Tower,8,15,14,2,39,0,0,0,0,0,8,15,14,2,39,0,0,0,39
12/10/2021,ABY,GA,ASO,ES,Federal Contract Tower,8,13,23,0,44,0,0,1,0,1,8,13,24,0,45,0,0,0,45
12/11/2021,ABY,GA,ASO,ES,Federal Contract Tower,2,5,8,0,15,0,0,0,0,0,2,5,8,0,15,0,0,0,15
12/12/2021,ABY,GA,ASO,ES,Federal Contract Tower,0,14,10,0,24,0,0,10,2,12,0,14,20,2,36,6,0,6,42
12/13/2021,ABY,GA,ASO,ES,Federal Contract Tower,0,7,16,0,23,0,0,12,0,12,0,7,28,0,35,12,0,12,47
12/14/2021,ABY,GA,ASO,ES,Federal Contract Tower,9,13,10,7,39,0,0,20,2,22,9,13,30,9,61,32,82,114,175
12/15/2021,ABY,GA,ASO,ES,Federal Contract Tower,9,9,16,3,37,0,1,13,0,14,9,10,29,3,51,34,38,72,123
12/16/2021,ABY,GA,ASO,ES,Federal Contract Tower,9,9,23,4,45,0,0,5,0,5,9,9,28,4,50,8,0,8,58
12/17/2021,ABY,GA,ASO,ES,Federal Contract Tower,2,15,9,0,26,0,0,9,3,12,2,15,18,3,38,22,0,22,60
12/18/2021,ABY,GA,ASO,ES,Federal Contract Tower,6,11,13,0,30,0,0,7,0,7,6,11,20,0,37,0,0,0,37
12/19/2021,ABY,GA,ASO,ES,Federal Contract Tower,0,9,6,0,15,0,0,1,0,1,0,9,7,0,16,0,0,0,16
12/21/2021,ABY,GA,ASO,ES,Federal Contract Tower,8,7,7,0,22,0,0,0,0,0,8,7,7,0,22,0,0,0,22
12/22/2021,ABY,GA,ASO,ES,Federal Contract Tower,8,7,16,0,31,0,0,11,0,11,8,7,27,0,42,0,0,0,42
12/23/2021,ABY,GA,ASO,ES,Federal Contract Tower,8,6,7,0,21,0,0,18,0,18,8,6,25,0,39,12,0,12,51
12/24/2021,ABY,GA,ASO,ES,Federal Contract Tower,7,5,8,0,20,0,0,15,0,15,7,5,23,0,35,0,0,0,35
12/25/2021,ABY,GA,ASO,ES,Federal Contract Tower,0,5,0,0,5,0,0,2,0,2,0,5,2,0,7,0,0,0,7
12/26/2021,ABY,GA,ASO,ES,Federal Contract Tower,0,3,15,0,18,0,0,4,0,4,0,3,19,0,22,0,0,0,22
12/27/2021,ABY,GA,ASO,ES,Federal Contract Tower,0,6,19,0,25,0,0,1,0,1,0,6,20,0,26,0,0,0,26
12/28/2021,ABY,GA,ASO,ES,Federal Contract Tower,7,7,17,2,33,0,0,6,0,6,7,7,23,2,39,0,0,0,39
12/29/2021,ABY,GA,ASO,ES,Federal Contract Tower,7,8,10,0,25,0,0,0,0,0,7,8,10,0,25,0,0,0,25
12/30/2021,ABY,GA,ASO,ES,Federal Contract Tower,6,11,12,0,29,0,0,2,0,2,6,11,14,0,31,0,0,0,31
12/31/2021,ABY,GA,ASO,ES,Federal Contract Tower,6,5,6,0,17,0,0,0,0,0,6,5,6,0,17,0,0,0,17
01/01/2022,ABY,GA,ASO,ES,Federal Contract Tower,0,7,9,0,16,0,0,0,0,0,0,7,9,0,16,0,0,0,16
01/02/2022,ABY,GA,ASO,ES,Federal Contract Tower,0,3,7,0,10,0,0,1,0,1,0,3,8,0,11,0,0,0,11
01/03/2022,ABY,GA,ASO,ES,Federal Contract Tower,0,5,26,0,31,0,0,9,0,9,0,5,35,0,40,8,0,8,48
01/04/2022,ABY,GA,ASO,ES,Federal Contract Tower,0,7,15,2,24,0,0,23,2,25,0,7,38,4,49,8,18,26,75
01/05/2022,ABY,GA,ASO,ES,Federal Contract Tower,0,6,17,2,25,0,0,11,2,13,0,6,28,4,38,24,17,41,79
01/06/2022,ABY,GA,ASO,ES,Federal Contract Tower,2,13,16,4,35,0,0,4,4,8,2,13,20,8,43,0,32,32,75
01/07/2022,ABY,GA,ASO,ES,Federal Contract Tower,0,6,14,4,24,0,0,16,9,25,0,6,30,13,49,38,44,82,131
01/08/2022,ABY,GA,ASO,ES,Federal Contract Tower,1,16,13,0,30,0,0,17,0,17,1,16,30,0,47,0,0,0,47
01/09/2022,ABY,GA,ASO,ES,Federal Contract Tower,0,14,14,0,28,0,2,7,0,9,0,16,21,0,37,0,0,0,37
01/10/2022,ABY,GA,ASO,ES,Federal Contract Tower,0,7,15,4,26,0,2,11,0,13,0,9,26,4,39,0,6,6,45
01/11/2022,ABY,GA,ASO,ES,Federal Contract Tower,0,6,25,6,37,0,0,25,3,28,0,6,50,9,65,46,26,72,137
01/12/2022,ABY,GA,ASO,ES,Federal Contract Tower,0,5,15,2,22,0,2,33,0,35,0,7,48,2,57,6,34,40,97
01/13/2022,ABY,GA,ASO,ES,Federal Contract Tower,0,7,11,2,20,0,0,21,0,21,0,7,32,2,41,8,0,8,49
01/14/2022,ABY,GA,ASO,ES,Federal Contract Tower,0,10,12,0,22,0,0,23,4,27,0,10,35,4,49,0,16,16,65
01/15/2022,ABY,GA,ASO,ES,Federal Contract Tower,0,6,5,0,11,0,0,18,0,18,0,6,23,0,29,10,0,10,39
01/16/2022,ABY,GA,ASO,ES,Federal Contract Tower,0,8,6,0,14,0,0,0,0,0,0,8,6,0,14,0,0,0,14
01/17/2022,ABY,GA,ASO,ES,Federal Contract Tower,0,5,10,0,15,0,0,11,0,11,0,5,21,0,26,0,0,0,26
01/18/2022,ABY,GA,ASO,ES,Federal Contract Tower,1,6,8,4,19,0,1,29,0,30,1,7,37,4,49,51,42,93,142
01/19/2022,ABY,GA,ASO,ES,Federal Contract Tower,0,3,15,0,18,0,0,30,0,30,0,3,45,0,48,14,38,52,100
01/20/2022,ABY,GA,ASO,ES,Federal Contract Tower,0,9,10,2,21,0,0,0,0,0,0,9,10,2,21,0,0,0,21
01/21/2022,ABY,GA,ASO,ES,Federal Contract Tower,0,7,8,4,19,0,0,0,0,0,0,7,8,4,19,0,4,4,23
01/22/2022,ABY,GA,ASO,ES,Federal Contract Tower,0,5,18,0,23,0,0,0,0,0,0,5,18,0,23,6,0,6,29
01/23/2022,ABY,GA,ASO,ES,Federal Contract Tower,0,11,12,0,23,0,0,14,0,14,0,11,26,0,37,0,0,0,37
01/24/2022,ABY,GA,ASO,ES,Federal Contract Tower,0,7,7,0,14,0,2,8,0,10,0,9,15,0,24,26,18,44,68
01/25/2022,ABY,GA,ASO,ES,Federal Contract Tower,0,12,19,7,38,0,0,2,0,2,0,12,21,7,40,14,28,42,82
01/26/2022,ABY,GA,ASO,ES,Federal Contract Tower,0,5,20,4,29,0,0,15,0,15,0,5,35,4,44,2,0,2,46
01/27/2022,ABY,GA,ASO,ES,Federal Contract Tower,0,12,12,2,26,0,0,8,2,10,0,12,20,4,36,0,6,6,42
01/28/2022,ABY,GA,ASO,ES,Federal Contract Tower,0,11,13,6,30,0,0,17,3,20,0,11,30,9,50,10,22,32,82
01/29/2022,ABY,GA,ASO,ES,Federal Contract Tower,1,6,9,0,16,0,0,9,2,11,1,6,18,2,27,0,0,0,27
01/30/2022,ABY,GA,ASO,ES,Federal Contract Tower,0,8,12,0,20,0,0,19,3,22,0,8,31,3,42,0,0,0,42
01/31/2022,ABY,GA,ASO,ES,Federal Contract Tower,0,8,13,2,23,0,0,9,0,9,0,8,22,2,32,2,0,2,34
02/01/2022,ABY,GA,ASO,ES,Federal Contract Tower,1,4,14,0,19,0,0,11,0,11,1,4,25,0,30,8,0,8,38
02/02/2022,ABY,GA,ASO,ES,Federal Contract Tower,0,8,17,11,36,0,0,10,13,23,0,8,27,24,59,14,28,42,101
02/03/2022,ABY,GA,ASO,ES,Federal Contract Tower,0,5,14,7,26,0,0,3,0,3,0,5,17,7,29,0,18,18,47
02/04/2022,ABY,GA,ASO,ES,Federal Contract Tower,0,9,3,0,12,0,0,0,0,0,0,9,3,0,12,0,0,0,12
02/05/2022,ABY,GA,ASO,ES,Federal Contract Tower,1,4,11,4,20,0,0,9,0,9,1,4,20,4,29,0,0,0,29
02/06/2022,ABY,GA,ASO,ES,Federal Contract Tower,0,15,15,1,31,0,0,4,0,4,0,15,19,1,35,0,0,0,35
02/07/2022,ABY,GA,ASO,ES,Federal Contract Tower,0,7,10,0,17,0,0,0,0,0,0,7,10,0,17,0,0,0,17
02/08/2022,ABY,GA,ASO,ES,Federal Contract Tower,0,9,16,5,30,0,0,11,0,11,0,9,27,5,41,48,30,78,119
02/09/2022,ABY,GA,ASO,ES,Federal Contract Tower,0,5,18,2,25,0,0,14,2,16,0,5,32,4,41,38,40,78,119
02/10/2022,ABY,GA,ASO,ES,Federal Contract Tower,0,8,13,6,27,0,0,15,4,19,0,8,28,10,46,30,44,74,120
02/11/2022,ABY,GA,ASO,ES,Federal Contract Tower,0,7,17,4,28,0,0,32,7,39,0,7,49,11,67,0,8,8,75
02/12/2022,ABY,GA,ASO,ES,Federal Contract Tower,1,6,8,0,15,0,0,17,0,17,1,6,25,0,32,14,0,14,46
02/13/2022,ABY,GA,ASO,ES,Federal Contract Tower,0,9,15,3,27,0,0,16,3,19,0,9,31,6,46,8,0,8,54
02/14/2022,ABY,GA,ASO,ES,Federal Contract Tower,0,10,10,2,22,0,0,25,0,25,0,10,35,2,47,0,10,10,57
02/15/2022,ABY,GA,ASO,ES,Federal Contract Tower,0,7,11,2,20,0,0,16,2,18,0,7,27,4,38,0,14,14,52
02/16/2022,ABY,GA,ASO,ES,Federal Contract Tower,0,4,14,2,20,0,0,11,3,14,0,4,25,5,34,6,20,26,60
02/17/2022,ABY,GA,ASO,ES,Federal Contract Tower,1,10,9,10,30,0,0,3,4,7,1,10,12,14,37,0,14,14,51
02/18/2022,ABY,GA,ASO,ES,Federal Contract Tower,0,11,22,7,40,0,0,20,3,23,0,11,42,10,63,2,0,2,65
02/19/2022,ABY,GA,ASO,ES,Federal Contract Tower,0,6,3,0,9,0,0,15,0,15,0,6,18,0,24,4,0,4,28
02/20/2022,ABY,GA,ASO,ES,Federal Contract Tower,0,7,13,1,21,0,0,21,1,22,0,7,34,2,43,2,0,2,45
02/21/2022,ABY,GA,ASO,ES,Federal Contract Tower,0,12,17,0,29,0,0,5,0,5,0,12,22,0,34,0,0,0,34
02/22/2022,ABY,GA,ASO,ES,Federal Contract Tower,2,7,12,0,21,0,0,7,2,9,2,7,19,2,30,2,20,22,52
02/23/2022,ABY,GA,ASO,ES,Federal Contract Tower,1,6,14,0,21,0,0,11,0,11,1,6,25,0,32,2,0,2,34
02/24/2022,ABY,GA,ASO,ES,Federal Contract Tower,2,13,16,0,31,0,0,5,1,6,2,13,21,1,37,0,0,0,37
02/25/2022,ABY,GA,ASO,ES,Federal Contract Tower,1,17,23,4,45,0,0,3,1,4,1,17,26,5,49,0,20,20,69
02/26/2022,ABY,GA,ASO,ES,Federal Contract Tower,0,3,2,0,5,0,0,21,0,21,0,3,23,0,26,0,0,0,26
02/27/2022,ABY,GA,ASO,ES,Federal Contract Tower,0,14,24,0,38,0,1,14,2,17,0,15,38,2,55,0,0,0,55
02/28/2022,ABY,GA,ASO,ES,Federal Contract Tower,0,8,10,4,22,0,1,5,1,7,0,9,15,5,29,0,0,0,29
03/01/2022,ABY,GA,ASO,ES,Federal Contract Tower,0,3,7,2,12,0,2,14,4,20,0,5,21,6,32,2,32,34,66
03/02/2022,ABY,GA,ASO,ES,Federal Contract Tower,0,6,14,5,25,0,0,8,3,11,0,6,22,8,36,12,50,62,98
03/03/2022,ABY,GA,ASO,ES,Federal Contract Tower,0,10,6,1,17,0,0,21,2,23,0,10,27,3,40,38,18,56,96
03/04/2022,ABY,GA,ASO,ES,Federal Contract Tower,0,9,4,8,21,0,0,25,1,26,0,9,29,9,47,12,10,22,69
03/05/2022,ABY,GA,ASO,ES,Federal Contract Tower,0,4,11,0,15,0,0,18,0,18,0,4,29,0,33,4,0,4,37
03/06/2022,ABY,GA,ASO,ES,Federal Contract Tower,0,11,15,8,34,0,0,10,4,14,0,11,25,12,48,2,2,4,52
03/07/2022,ABY,GA,ASO,ES,Federal Contract Tower,0,7,7,16,30,0,0,13,0,13,0,7,20,16,43,0,28,28,71
03/08/2022,ABY,GA,ASO,ES,Federal Contract Tower,0,8,12,8,28,0,0,2,2,4,0,8,14,10,32,2,30,32,64
03/09/2022,ABY,GA,ASO,ES,Federal Contract Tower,0,5,7,0,12,0,0,0,0,0,0,5,7,0,12,0,0,0,12
03/10/2022,ABY,GA,ASO,ES,Federal Contract Tower,0,9,9,0,18,0,0,0,0,0,0,9,9,0,18,0,0,0,18
03/11/2022,ABY,GA,ASO,ES,Federal Contract Tower,0,6,6,0,12,0,0,0,0,0,0,6,6,0,12,0,0,0,12
03/12/2022,ABY,GA,ASO,ES,Federal Contract Tower,0,8,12,0,20,0,0,0,0,0,0,8,12,0,20,0,0,0,20
03/13/2022,ABY,GA,ASO,ES,Federal Contract Tower,0,7,11,0,18,0,0,30,0,30,0,7,41,0,48,26,0,26,74
03/14/2022,ABY,GA,ASO,ES,Federal Contract Tower,0,10,11,4,25,0,0,21,0,21,0,10,32,4,46,2,32,34,80
03/15/2022,ABY,GA,ASO,ES,Federal Contract Tower,0,7,6,2,15,0,0,8,0,8,0,7,14,2,23,12,0,12,35
03/16/2022,ABY,GA,ASO,ES,Federal Contract Tower,0,9,8,0,17,0,0,4,0,4,0,9,12,0,21,0,0,0,21
03/17/2022,ABY,GA,ASO,ES,Federal Contract Tower,2,12,17,0,31,0,0,16,0,16,2,12,33,0,47,2,0,2,49
03/18/2022,ABY,GA,ASO,ES,Federal Contract Tower,2,6,11,0,19,0,0,3,0,3,2,6,14,0,22,0,0,0,22
03/19/2022,ABY,GA,ASO,ES,Federal Contract Tower,0,4,11,0,15,0,0,7,0,7,0,4,18,0,22,4,0,4,26
03/20/2022,ABY,GA,ASO,ES,Federal Contract Tower,0,7,9,0,16,0,0,25,0,25,0,7,34,0,41,14,0,14,55
03/21/2022,ABY,GA,ASO,ES,Federal Contract Tower,0,5,7,0,12,0,0,8,6,14,0,5,15,6,26,0,54,54,80
03/22/2022,ABY,GA,ASO,ES,Federal Contract Tower,0,5,7,1,13,0,0,10,5,15,0,5,17,6,28,16,12,28,56
03/23/2022,ABY,GA,ASO,ES,Federal Contract Tower,0,5,2,0,7,0,0,0,0,0,0,5,2,0,7,0,0,0,7
03/24/2022,ABY,GA,ASO,ES,Federal Contract Tower,0,6,15,0,21,0,0,11,0,11,0,6,26,0,32,6,0,6,38
03/25/2022,ABY,GA,ASO,ES,Federal Contract Tower,0,5,9,1,15,0,1,6,4,11,0,6,15,5,26,2,12,14,40
03/26/2022,ABY,GA,ASO,ES,Federal Contract Tower,0,3,8,0,11,0,0,6,0,6,0,3,14,0,17,2,0,2,19
03/27/2022,ABY,GA,ASO,ES,Federal Contract Tower,0,5,8,0,13,0,0,15,3,18,0,5,23,3,31,0,0,0,31
03/28/2022,ABY,GA,ASO,ES,Federal Contract Tower,0,5,12,6,23,0,0,9,2,11,0,5,21,8,34,0,22,22,56
03/29/2022,ABY,GA,ASO,ES,Federal Contract Tower,0,6,7,3,16,0,2,11,0,13,0,8,18,3,29,14,32,46,75
03/30/2022,ABY,GA,ASO,ES,Federal Contract Tower,0,3,10,0,13,0,2,9,0,11,0,5,19,0,24,0,0,0,24
03/31/2022,ABY,GA,ASO,ES,Federal Contract Tower,1,5,7,0,13,0,0,2,0,2,1,5,9,0,15,0,16,16,31
04/01/2022,ABY,GA,ASO,ES,Federal Contract Tower,0,6,14,1,21,0,0,9,5,14,0,6,23,6,35,12,46,58,93
04/02/2022,ABY,GA,ASO,ES,Federal Contract Tower,0,3,3,0,6,0,0,5,0,5,0,3,8,0,11,2,0,2,13
04/03/2022,ABY,GA,ASO,ES,Federal Contract Tower,0,7,16,0,23,0,0,16,0,16,0,7,32,0,39,4,0,4,43
04/04/2022,ABY,GA,ASO,ES,Federal Contract Tower,0,5,10,0,15,0,0,10,0,10,0,5,20,0,25,0,0,0,25
04/05/2022,ABY,GA,ASO,ES,Federal Contract Tower,0,4,2,8,14,0,0,0,0,0,0,4,2,8,14,0,0,0,14
04/06/2022,ABY,GA,ASO,ES,Federal Contract Tower,0,8,4,0,12,0,0,1,0,1,0,8,5,0,13,0,0,0,13
04/07/2022,ABY,GA,ASO,ES,Federal Contract Tower,0,5,18,0,23,0,0,11,0,11,0,5,29,0,34,4,0,4,38
04/08/2022,ABY,GA,ASO,ES,Federal Contract Tower,0,5,5,6,16,0,1,3,0,4,0,6,8,6,20,2,12,14,34
04/09/2022,ABY,GA,ASO,ES,Federal Contract Tower,0,3,6,0,9,0,0,7,0,7,0,3,13,0,16,7,0,7,23
04/10/2022,ABY,GA,ASO,ES,Federal Contract Tower,0,5,11,0,16,0,0,16,0,16,0,5,27,0,32,24,0,24,56
04/11/2022,ABY,GA,ASO,ES,Federal Contract Tower,0,5,14,2,21,0,0,9,2,11,0,5,23,4,32,8,0,8,40
04/12/2022,ABY,GA,ASO,ES,Federal Contract Tower,0,7,11,4,22,0,0,11,1,12,0,7,22,5,34,6,20,26,60
04/13/2022,ABY,GA,ASO,ES,Federal Contract Tower,0,5,11,0,16,0,0,11,0,11,0,5,22,0,27,4,0,4,31
04/14/2022,ABY,GA,ASO,ES,Federal Contract Tower,0,5,14,0,19,0,0,1,0,1,0,5,15,0,20,12,0,12,32
04/15/2022,ABY,GA,ASO,ES,Federal Contract Tower,0,6,9,0,15,0,1,21,2,24,0,7,30,2,39,14,12,26,65
04/16/2022,ABY,GA,ASO,ES,Federal Contract Tower,0,3,4,0,7,0,0,1,0,1,0,3,5,0,8,10,0,10,18
04/17/2022,ABY,GA,ASO,ES,Federal Contract Tower,0,6,6,1,13,0,0,2,1,3,0,6,8,2,16,0,0,0,16
04/18/2022,ABY,GA,ASO,ES,Federal Contract Tower,0,7,6,2,15,0,0,2,0,2,0,7,8,2,17,0,0,0,17
04/19/2022,ABY,GA,ASO,ES,Federal Contract Tower,0,12,1,4,17,0,0,17,0,17,0,12,18,4,34,22,0,22,56
04/20/2022,ABY,GA,ASO,ES,Federal Contract Tower,0,5,13,0,18,0,0,14,0,14,0,5,27,0,32,6,0,6,38
04/21/2022,ABY,GA,ASO,ES,Federal Contract Tower,0,5,5,4,14,0,0,20,0,20,0,5,25,4,34,14,8,22,56
04/22/2022,ABY,GA,ASO,ES,Federal Contract Tower,0,5,8,4,17,0,0,21,0,21,0,5,29,4,38,10,2,12,50
04/23/2022,ABY,GA,ASO,ES,Federal Contract Tower,3,3,9,0,15,0,0,17,0,17,3,3,26,0,32,28,0,28,60
04/24/2022,ABY,GA,ASO,ES,Federal Contract Tower,0,7,12,0,19,0,0,11,0,11,0,7,23,0,30,8,0,8,38
04/25/2022,ABY,GA,ASO,ES,Federal Contract Tower,0,7,0,4,11,0,0,14,2,16,0,7,14,6,27,2,14,16,43
04/26/2022,ABY,GA,ASO,ES,Federal Contract Tower,0,6,5,3,14,0,0,8,1,9,0,6,13,4,23,2,30,32,55
04/27/2022,ABY,GA,ASO,ES,Federal Contract Tower,0,8,9,0,17,0,0,25,2,27,0,8,34,2,44,0,30,30,74
04/28/2022,ABY,GA,ASO,ES,Federal Contract Tower,0,6,10,5,21,0,0,17,2,19,0,6,27,7,40,22,10,32,72
04/29/2022,ABY,GA,ASO,ES,Federal Contract Tower,0,5,4,1,10,0,0,12,9,21,0,5,16,10,31,10,20,30,61
04/30/2022,ABY,GA,ASO,ES,Federal Contract Tower,0,3,6,0,9,0,0,14,0,14,0,3,20,0,23,2,0,2,25
05/01/2022,ABY,GA,ASO,ES,Federal Contract Tower,0,5,9,0,14,0,0,2,0,2,0,5,11,0,16,3,0,3,19
05/02/2022,ABY,GA,ASO,ES,Federal Contract Tower,0,5,0,0,5,0,0,13,0,13,0,5,13,0,18,2,0,2,20
05/03/2022,ABY,GA,ASO,ES,Federal Contract Tower,0,5,9,0,14,0,1,17,0,18,0,6,26,0,32,6,0,6,38
05/04/2022,ABY,GA,ASO,ES,Federal Contract Tower,1,5,5,6,17,0,0,21,0,21,1,5,26,6,38,18,14,32,70
05/05/2022,ABY,GA,ASO,ES,Federal Contract Tower,1,5,9,10,25,0,0,16,0,16,1,5,25,10,41,6,14,20,61
05/06/2022,ABY,GA,ASO,ES,Federal Contract Tower,0,6,5,1,12,0,0,0,1,1,0,6,5,2,13,0,0,0,13
05/07/2022,ABY,GA,ASO,ES,Federal Contract Tower,0,4,8,0,12,0,0,6,2,8,0,4,14,2,20,19,0,19,39
05/08/2022,ABY,GA,ASO,ES,Federal Contract Tower,0,5,4,0,9,0,0,7,0,7,0,5,11,0,16,0,0,0,16
05/09/2022,ABY,GA,ASO,ES,Federal Contract Tower,0,5,6,4,15,0,0,12,2,14,0,5,18,6,29,0,14,14,43
05/10/2022,ABY,GA,ASO,ES,Federal Contract Tower,0,5,7,4,16,0,0,23,0,23,0,5,30,4,39,0,6,6,45
05/11/2022,ABY,GA,ASO,ES,Federal Contract Tower,0,9,9,0,18,0,0,14,0,14,0,9,23,0,32,2,0,2,34
05/12/2022,ABY,GA,ASO,ES,Federal Contract Tower,0,5,4,0,9,0,0,22,2,24,0,5,26,2,33,0,6,6,39
05/13/2022,ABY,GA,ASO,ES,Federal Contract Tower,0,5,7,12,24,0,0,9,2,11,0,5,16,14,35,0,0,0,35
05/14/2022,ABY,GA,ASO,ES,Federal Contract Tower,0,6,6,0,12,0,0,3,0,3,0,6,9,0,15,4,0,4,19
05/15/2022,ABY,GA,ASO,ES,Federal Contract Tower,0,6,4,4,14,0,0,18,8,26,0,6,22,12,40,8,0,8,48
05/16/2022,ABY,GA,ASO,ES,Federal Contract Tower,0,9,8,0,17,0,0,5,0,5,0,9,13,0,22,2,0,2,24
05/17/2022,ABY,GA,ASO,ES,Federal Contract Tower,0,6,14,2,22,0,0,2,2,4,0,6,16,4,26,4,34,38,64
05/18/2022,ABY,GA,ASO,ES,Federal Contract Tower,0,6,11,0,17,0,0,15,0,15,0,6,26,0,32,4,34,38,70
05/19/2022,ABY,GA,ASO,ES,Federal Contract Tower,0,7,17,0,24,0,0,21,0,21,0,7,38,0,45,28,0,28,73
05/20/2022,ABY,GA,ASO,ES,Federal Contract Tower,0,7,5,0,12,0,0,16,0,16,0,7,21,0,28,22,2,24,52
05/21/2022,ABY,GA,ASO,ES,Federal Contract Tower,0,5,5,0,10,0,0,4,0,4,0,5,9,0,14,0,0,0,14
05/22/2022,ABY,GA,ASO,ES,Federal Contract Tower,0,5,1,0,6,0,0,10,0,10,0,5,11,0,16,0,0,0,16
05/23/2022,ABY,GA,ASO,ES,Federal Contract Tower,0,7,4,0,11,0,0,3,0,3,0,7,7,0,14,2,0,2,16
05/24/2022,ABY,GA,ASO,ES,Federal Contract Tower,0,7,5,5,17,0,0,23,0,23,0,7,28,5,40,0,0,0,40
05/25/2022,ABY,GA,ASO,ES,Federal Contract Tower,0,5,18,2,25,0,0,6,1,7,0,5,24,3,32,2,0,2,34
05/26/2022,ABY,GA,ASO,ES,Federal Contract Tower,0,8,5,0,13,0,0,0,0,0,0,8,5,0,13,0,0,0,13
05/27/2022,ABY,GA,ASO,ES,Federal Contract Tower,0,5,10,3,18,0,0,15,4,19,0,5,25,7,37,0,18,18,55
05/28/2022,ABY,GA,ASO,ES,Federal Contract Tower,0,3,4,0,7,0,0,12,0,12,0,3,16,0,19,0,0,0,19
05/29/2022,ABY,GA,ASO,ES,Federal Contract Tower,0,3,6,0,9,0,0,16,0,16,0,3,22,0,25,6,0,6,31
05/30/2022,ABY,GA,ASO,ES,Federal Contract Tower,0,5,3,0,8,0,1,8,0,9,0,6,11,0,17,12,0,12,29
05/31/2022,ABY,GA,ASO,ES,Federal Contract Tower,0,5,10,2,17,0,0,8,4,12,0,5,18,6,29,4,50,54,83
06/01/2022,ABY,GA,ASO,ES,Federal Contract Tower,0,5,11,6,22,0,0,6,1,7,0,5,17,7,29,4,22,26,55
06/02/2022,ABY,GA,ASO,ES,Federal Contract Tower,1,8,7,3,19,0,0,13,4,17,1,8,20,7,36,18,44,62,98
06/03/2022,ABY,GA,ASO,ES,Federal Contract Tower,0,4,1,2,7,0,0,11,0,11,0,4,12,2,18,8,0,8,26
06/04/2022,ABY,GA,ASO,ES,Federal Contract Tower,0,5,0,0,5,0,0,8,2,10,0,5,8,2,15,0,0,0,15
06/05/2022,ABY,GA,ASO,ES,Federal Contract Tower,0,8,2,0,10,0,0,7,0,7,0,8,9,0,17,0,0,0,17
06/06/2022,ABY,GA,ASO,ES,Federal Contract Tower,0,5,16,0,21,0,0,6,0,6,0,5,22,0,27,0,0,0,27
06/07/2022,ABY,GA,ASO,ES,Federal Contract Tower,0,6,9,0,15,0,0,2,0,2,0,6,11,0,17,4,0,4,21
06/08/2022,ABY,GA,ASO,ES,Federal Contract Tower,0,5,4,2,11,0,0,9,2,11,0,5,13,4,22,12,22,34,56
06/09/2022,ABY,GA,ASO,ES,Federal Contract Tower,0,5,11,6,22,0,0,6,0,6,0,5,17,6,28,6,4,10,38
06/10/2022,ABY,GA,ASO,ES,Federal Contract Tower,0,5,9,2,16,0,0,22,2,24,0,5,31,4,40,14,0,14,54
06/11/2022,ABY,GA,ASO,ES,Federal Contract Tower,0,4,1,0,5,0,0,16,0,16,0,4,17,0,21,0,0,0,21
06/12/2022,ABY,GA,ASO,ES,Federal Contract Tower,0,4,4,0,8,0,0,15,2,17,0,4,19,2,25,0,0,0,25
06/13/2022,ABY,GA,ASO,ES,Federal Contract Tower,0,4,7,2,13,0,0,9,0,9,0,4,16,2,22,0,0,0,22
06/14/2022,ABY,GA,ASO,ES,Federal Contract Tower,0,2,8,2,12,0,1,6,0,7,0,3,14,2,19,0,0,0,19
06/15/2022,ABY,GA,ASO,ES,Federal Contract Tower,0,5,7,0,12,0,0,15,0,15,0,5,22,0,27,20,22,42,69
06/16/2022,ABY,GA,ASO,ES,Federal Contract Tower,0,5,18,2,25,0,1,14,0,15,0,6,32,2,40,0,26,26,66
06/17/2022,ABY,GA,ASO,ES,Federal Contract Tower,0,7,7,1,15,0,0,16,0,16,0,7,23,1,31,8,0,8,39
06/18/2022,ABY,GA,ASO,ES,Federal Contract Tower,0,5,3,0,8,0,0,10,0,10,0,5,13,0,18,4,0,4,22
06/19/2022,ABY,GA,ASO,ES,Federal Contract Tower,0,4,0,1,5,0,0,12,1,13,0,4,12,2,18,22,0,22,40
06/20/2022,ABY,GA,ASO,ES,Federal Contract Tower,0,4,7,0,11,0,0,27,0,27,0,4,34,0,38,30,0,30,68
06/21/2022,ABY,GA,ASO,ES,Federal Contract Tower,0,7,9,3,19,0,0,20,4,24,0,7,29,7,43,20,0,20,63
06/22/2022,ABY,GA,ASO,ES,Federal Contract Tower,0,6,12,2,20,0,0,17,2,19,0,6,29,4,39,4,4,8,47
06/23/2022,ABY,GA,ASO,ES,Federal Contract Tower,0,6,12,1,19,0,0,22,4,26,0,6,34,5,45,0,36,36,81
06/24/2022,ABY,GA,ASO,ES,Federal Contract Tower,0,6,4,2,12,0,0,16,0,16,0,6,20,2,28,18,0,18,46
06/25/2022,ABY,GA,ASO,ES,Federal Contract Tower,2,7,3,0,12,0,0,4,0,4,2,7,7,0,16,0,0,0,16
06/26/2022,ABY,GA,ASO,ES,Federal Contract Tower,0,5,5,0,10,0,0,14,0,14,0,5,19,0,24,8,0,8,32
06/27/2022,ABY,GA,ASO,ES,Federal Contract Tower,0,8,4,10,22,0,0,19,2,21,0,8,23,12,43,2,18,20,63
06/28/2022,ABY,GA,ASO,ES,Federal Contract Tower,0,6,13,0,19,0,0,6,0,6,0,6,19,0,25,18,0,18,43
06/29/2022,ABY,GA,ASO,ES,Federal Contract Tower,0,4,10,3,17,0,0,2,1,3,0,4,12,4,20,0,0,0,20
06/30/2022,ABY,GA,ASO,ES,Federal Contract Tower,0,7,6,0,13,0,0,2,0,2,0,7,8,0,15,0,0,0,15
07/01/2022,ABY,GA,ASO,ES,Federal Contract Tower,0,6,5,0,11,0,0,9,0,9,0,6,14,0,20,4,0,4,24
07/02/2022,ABY,GA,ASO,ES,Federal Contract Tower,0,4,5,0,9,0,0,6,0,6,0,4,11,0,15,6,0,6,21
07/03/2022,ABY,GA,ASO,ES,Federal Contract Tower,0,2,1,0,3,0,0,2,0,2,0,2,3,0,5,4,0,4,9
07/04/2022,ABY,GA,ASO,ES,Federal Contract Tower,0,3,2,0,5,0,0,2,0,2,0,3,4,0,7,4,0,4,11
07/05/2022,ABY,GA,ASO,ES,Federal Contract Tower,2,6,8,3,19,0,0,13,0,13,2,6,21,3,32,0,30,30,62
07/06/2022,ABY,GA,ASO,ES,Federal Contract Tower,0,5,3,1,9,0,0,16,2,18,0,5,19,3,27,10,22,32,59
07/07/2022,ABY,GA,ASO,ES,Federal Contract Tower,0,4,2,2,8,0,0,6,0,6,0,4,8,2,14,12,0,12,26
07/08/2022,ABY,GA,ASO,ES,Federal Contract Tower,0,3,11,1,15,0,0,5,1,6,0,3,16,2,21,0,6,6,27
07/09/2022,ABY,GA,ASO,ES,Federal Contract Tower,0,1,7,5,13,0,0,6,0,6,0,1,13,5,19,2,0,2,21
07/10/2022,ABY,GA,ASO,ES,Federal Contract Tower,0,4,7,0,11,0,0,6,4,10,0,4,13,4,21,4,0,4,25
07/11/2022,ABY,GA,ASO,ES,Federal Contract Tower,0,5,2,2,9,0,0,3,2,5,0,5,5,4,14,0,0,0,14
07/12/2022,ABY,GA,ASO,ES,Federal Contract Tower,0,4,7,6,17,0,0,5,0,5,0,4,12,6,22,0,14,14,36
07/13/2022,ABY,GA,ASO,ES,Federal Contract Tower,0,2,15,0,17,0,0,6,0,6,0,2,21,0,23,0,0,0,23
07/14/2022,ABY,GA,ASO,ES,Federal Contract Tower,2,4,9,3,18,0,0,4,1,5,2,4,13,4,23,0,2,2,25
07/15/2022,ABY,GA,ASO,ES,Federal Contract Tower,0,4,7,2,13,0,0,0,2,2,0,4,7,4,15,2,0,2,17
07/16/2022,ABY,GA,ASO,ES,Federal Contract Tower,0,5,1,0,6,0,0,10,0,10,0,5,11,0,16,6,0,6,22
07/17/2022,ABY,GA,ASO,ES,Federal Contract Tower,0,6,4,0,10,0,0,22,4,26,0,6,26,4,36,14,0,14,50
07/18/2022,ABY,GA,ASO,ES,Federal Contract Tower,0,5,12,0,17,0,0,17,0,17,0,5,29,0,34,0,0,0,34
07/19/2022,ABY,GA,ASO,ES,Federal Contract Tower,0,5,5,0,10,0,0,6,0,6,0,5,11,0,16,0,0,0,16
07/20/2022,ABY,GA,ASO,ES,Federal Contract Tower,0,4,9,0,13,0,0,5,2,7,0,4,14,2,20,10,0,10,30
07/21/2022,ABY,GA,ASO,ES,Federal Contract Tower,0,7,7,0,14,0,0,1,2,3,0,7,8,2,17,0,0,0,17
07/22/2022,ABY,GA,ASO,ES,Federal Contract Tower,0,6,11,2,19,0,0,7,0,7,0,6,18,2,26,0,0,0,26
07/23/2022,ABY,GA,ASO,ES,Federal Contract Tower,0,3,4,8,15,0,0,8,0,8,0,3,12,8,23,0,8,8,31
07/24/2022,ABY,GA,ASO,ES,Federal Contract Tower,0,6,5,2,13,0,0,8,0,8,0,6,13,2,21,0,0,0,21
07/25/2022,ABY,GA,ASO,ES,Federal Contract Tower,0,5,6,5,16,0,0,5,0,5,0,5,11,5,21,0,24,24,45
07/26/2022,ABY,GA,ASO,ES,Federal Contract Tower,0,3,6,0,9,0,0,15,0,15,0,3,21,0,24,12,0,12,36
07/27/2022,ABY,GA,ASO,ES,Federal Contract Tower,0,4,7,0,11,0,0,16,0,16,0,4,23,0,27,2,16,18,45
07/28/2022,ABY,GA,ASO,ES,Federal Contract Tower,0,5,12,0,17,0,0,14,1,15,0,5,26,1,32,2,0,2,34
07/29/2022,ABY,GA,ASO,ES,Federal Contract Tower,0,5,5,2,12,0,0,9,0,9,0,5,14,2,21,0,0,0,21
07/30/2022,ABY,GA,ASO,ES,Federal Contract Tower,0,2,4,0,6,0,0,15,0,15,0,2,19,0,21,0,0,0,21
07/31/2022,ABY,GA,ASO,ES,Federal Contract Tower,0,5,8,1,14,0,0,11,7,18,0,5,19,8,32,0,0,0,32
08/01/2022,ABY,GA,ASO,ES,Federal Contract Tower,0,5,7,2,14,0,0,12,5,17,0,5,19,7,31,0,46,46,77
08/02/2022,ABY,GA,ASO,ES,Federal Contract Tower,1,3,9,2,15,0,0,10,0,10,1,3,19,2,25,6,10,16,41
08/03/2022,ABY,GA,ASO,ES,Federal Contract Tower,0,2,10,5,17,0,0,19,0,19,0,2,29,5,36,2,2,4,40
08/04/2022,ABY,GA,ASO,ES,Federal Contract Tower,0,4,7,0,11,0,0,9,4,13,0,4,16,4,24,2,0,2,26
08/05/2022,ABY,GA,ASO,ES,Federal Contract Tower,0,5,4,2,11,0,0,13,4,17,0,5,17,6,28,2,0,2,30
08/06/2022,ABY,GA,ASO,ES,Federal Contract Tower,0,6,5,0,11,0,0,11,0,11,0,6,16,0,22,4,0,4,26
08/07/2022,ABY,GA,ASO,ES,Federal Contract Tower,0,4,7,0,11,0,0,9,4,13,0,4,16,4,24,14,0,14,38
08/08/2022,ABY,GA,ASO,ES,Federal Contract Tower,0,10,7,2,19,0,2,3,0,5,0,12,10,2,24,0,0,0,24
08/09/2022,ABY,GA,ASO,ES,Federal Contract Tower,0,7,15,1,23,0,0,7,0,7,0,7,22,1,30,4,24,28,58
08/10/2022,ABY,GA,ASO,ES,Federal Contract Tower,0,3,8,4,15,0,0,7,0,7,0,3,15,4,22,0,16,16,38
08/11/2022,ABY,GA,ASO,ES,Federal Contract Tower,0,5,1,2,8,0,0,3,0,3,0,5,4,2,11,0,0,0,11
08/12/2022,ABY,GA,ASO,ES,Federal Contract Tower,0,7,7,4,18,0,0,4,0,4,0,7,11,4,22,20,14,34,56
08/13/2022,ABY,GA,ASO,ES,Federal Contract Tower,0,2,6,0,8,0,0,4,0,4,0,2,10,0,12,0,0,0,12
08/14/2022,ABY,GA,ASO,ES,Federal Contract Tower,0,5,4,0,9,0,0,11,0,11,0,5,15,0,20,24,0,24,44
08/15/2022,ABY,GA,ASO,ES,Federal Contract Tower,0,4,3,0,7,0,1,19,0,20,0,5,22,0,27,10,0,10,37
08/16/2022,ABY,GA,ASO,ES,Federal Contract Tower,0,3,9,0,12,0,0,9,0,9,0,3,18,0,21,10,0,10,31
08/17/2022,ABY,GA,ASO,ES,Federal Contract Tower,0,4,5,0,9,0,0,5,0,5,0,4,10,0,14,0,10,10,24
08/18/2022,ABY,GA,ASO,ES,Federal Contract Tower,0,7,11,0,18,0,0,6,0,6,0,7,17,0,24,0,0,0,24
08/19/2022,ABY,GA,ASO,ES,Federal Contract Tower,0,6,5,3,14,0,0,2,2,4,0,6,7,5,18,0,0,0,18
08/20/2022,ABY,GA,ASO,ES,Federal Contract Tower,0,4,2,0,6,0,0,2,0,2,0,4,4,0,8,0,0,0,8
08/21/2022,ABY,GA,ASO,ES,Federal Contract Tower,0,5,8,0,13,0,0,3,0,3,0,5,11,0,16,2,1,3,19
08/22/2022,ABY,GA,ASO,ES,Federal Contract Tower,0,6,3,0,9,0,0,8,0,8,0,6,11,0,17,6,0,6,23
08/23/2022,ABY,GA,ASO,ES,Federal Contract Tower,0,3,15,0,18,0,0,13,0,13,0,3,28,0,31,16,0,16,47
08/24/2022,ABY,GA,ASO,ES,Federal Contract Tower,0,3,12,0,15,0,0,3,2,5,0,3,15,2,20,0,0,0,20
08/25/2022,ABY,GA,ASO,ES,Federal Contract Tower,0,6,6,2,14,0,0,3,0,3,0,6,9,2,17,0,20,20,37
08/26/2022,ABY,GA,ASO,ES,Federal Contract Tower,0,5,9,3,17,0,0,9,1,10,0,5,18,4,27,12,28,40,67
08/27/2022,ABY,GA,ASO,ES,Federal Contract Tower,0,3,3,0,6,0,0,3,0,3,0,3,6,0,9,0,0,0,9
08/28/2022,ABY,GA,ASO,ES,Federal Contract Tower,0,4,5,2,11,0,0,5,0,5,0,4,10,2,16,0,0,0,16
08/29/2022,ABY,GA,ASO,ES,Federal Contract Tower,0,4,8,0,12,0,0,7,0,7,0,4,15,0,19,2,0,2,21
08/30/2022,ABY,GA,ASO,ES,Federal Contract Tower,0,3,10,1,14,0,0,5,1,6,0,3,15,2,20,6,0,6,26
08/31/2022,ABY,GA,ASO,ES,Federal Contract Tower,0,6,14,5,25,0,0,4,1,5,0,6,18,6,30,10,36,46,76
09/01/2022,ABY,GA,ASO,ES,Federal Contract Tower,0,5,6,2,13,0,0,2,0,2,0,5,8,2,15,0,0,0,15
09/02/2022,ABY,GA,ASO,ES,Federal Contract Tower,0,6,11,0,17,0,0,1,0,1,0,6,12,0,18,0,0,0,18
09/03/2022,ABY,GA,ASO,ES,Federal Contract Tower,0,5,4,0,9,0,0,5,0,5,0,5,9,0,14,2,0,2,16
09/04/2022,ABY,GA,ASO,ES,Federal Contract Tower,0,3,2,0,5,0,0,0,0,0,0,3,2,0,5,0,0,0,5
09/05/2022,ABY,GA,ASO,ES,Federal Contract Tower,0,6,12,0,18,0,0,14,0,14,0,6,26,0,32,0,0,0,32
09/06/2022,ABY,GA,ASO,ES,Federal Contract Tower,0,4,4,0,8,0,0,16,0,16,0,4,20,0,24,18,0,18,42
09/07/2022,ABY,GA,ASO,ES,Federal Contract Tower,0,4,4,4,12,0,0,9,2,11,0,4,13,6,23,0,14,14,37
09/08/2022,ABY,GA,ASO,ES,Federal Contract Tower,0,6,11,0,17,0,0,20,0,20,0,6,31,0,37,16,0,16,53
09/09/2022,ABY,GA,ASO,ES,Federal Contract Tower,0,7,11,4,22,0,0,2,0,2,0,7,13,4,24,0,10,10,34
09/10/2022,ABY,GA,ASO,ES,Federal Contract Tower,0,4,10,0,14,0,0,2,0,2,0,4,12,0,16,0,0,0,16
09/11/2022,ABY,GA,ASO,ES,Federal Contract Tower,0,7,9,0,16,0,0,6,0,6,0,7,15,0,22,0,0,0,22
09/12/2022,ABY,GA,ASO,ES,Federal Contract Tower,0,5,6,4,15,0,0,12,0,12,0,5,18,4,27,0,0,0,27
09/13/2022,ABY,GA,ASO,ES,Federal Contract Tower,0,3,9,2,14,0,0,17,2,19,0,3,26,4,33,12,20,32,65
09/14/2022,ABY,GA,ASO,ES,Federal Contract Tower,0,4,9,1,14,0,0,26,2,28,0,4,35,3,42,2,10,12,54
09/15/2022,ABY,GA,ASO,ES,Federal Contract Tower,0,5,14,0,19,0,0,37,0,37,0,5,51,0,56,20,18,38,94
09/16/2022,ABY,GA,ASO,ES,Federal Contract Tower,0,4,10,4,18,0,0,24,0,24,0,4,34,4,42,4,0,4,46
09/17/2022,ABY,GA,ASO,ES,Federal Contract Tower,0,4,2,0,6,0,0,18,0,18,0,4,20,0,24,16,0,16,40
09/18/2022,ABY,GA,ASO,ES,Federal Contract Tower,0,8,9,0,17,0,0,15,0,15,0,8,24,0,32,10,0,10,42
09/19/2022,ABY,GA,ASO,ES,Federal Contract Tower,0,5,7,2,14,0,0,25,0,25,0,5,32,2,39,2,2,4,43
09/20/2022,ABY,GA,ASO,ES,Federal Contract Tower,0,3,10,1,14,0,0,34,0,34,0,3,44,1,48,38,14,52,100
09/21/2022,ABY,GA,ASO,ES,Federal Contract Tower,0,4,17,9,30,0,0,13,0,13,0,4,30,9,43,2,38,40,83
09/22/2022,ABY,GA,ASO,ES,Federal Contract Tower,0,6,13,4,23,0,0,23,0,23,0,6,36,4,46,2,2,4,50
09/23/2022,ABY,GA,ASO,ES,Federal Contract Tower,0,7,9,0,16,0,0,19,0,19,0,7,28,0,35,6,0,6,41
09/24/2022,ABY,GA,ASO,ES,Federal Contract Tower,0,4,3,0,7,0,0,8,0,8,0,4,11,0,15,6,0,6,21
09/25/2022,ABY,GA,ASO,ES,Federal Contract Tower,0,5,7,0,12,0,0,14,0,14,0,5,21,0,26,4,0,4,30
09/26/2022,ABY,GA,ASO,ES,Federal Contract Tower,0,7,7,0,14,0,0,10,0,10,0,7,17,0,24,0,0,0,24
09/27/2022,ABY,GA,ASO,ES,Federal Contract Tower,0,2,4,3,9,0,0,29,2,31,0,2,33,5,40,26,0,26,66
09/28/2022,ABY,GA,ASO,ES,Federal Contract Tower,0,3,2,0,5,0,0,4,2,6,0,3,6,2,11,2,52,54,65
09/29/2022,ABY,GA,ASO,ES,Federal Contract Tower,0,6,0,0,6,0,0,1,2,3,0,6,1,2,9,0,50,50,59
09/30/2022,ABY,GA,ASO,ES,Federal Contract Tower,0,5,8,2,15,0,0,6,0,6,0,5,14,2,21,4,0,4,25
10/01/2022,ABY,GA,ASO,ES,Federal Contract Tower,0,3,0,0,3,0,0,8,0,8,0,3,8,0,11,10,0,10,21
10/02/2022,ABY,GA,ASO,ES,Federal Contract Tower,0,6,5,0,11,0,0,6,4,10,0,6,11,4,21,0,0,0,21
10/03/2022,ABY,GA,ASO,ES,Federal Contract Tower,0,6,9,0,15,0,0,12,1,13,0,6,21,1,28,16,8,24,52
10/04/2022,ABY,GA,ASO,ES,Federal Contract Tower,0,2,8,0,10,0,0,26,4,30,0,2,34,4,40,22,36,58,98
10/05/2022,ABY,GA,ASO,ES,Federal Contract Tower,0,2,6,4,12,0,0,28,3,31,0,2,34,7,43,10,24,34,77
10/06/2022,ABY,GA,ASO,ES,Federal Contract Tower,0,5,19,0,24,0,0,29,2,31,0,5,48,2,55,10,8,18,73
10/07/2022,ABY,GA,ASO,ES,Federal Contract Tower,0,7,8,0,15,0,0,41,2,43,0,7,49,2,58,26,0,26,84
10/08/2022,ABY,GA,ASO,ES,Federal Contract Tower,0,7,8,0,15,0,0,20,0,20,0,7,28,0,35,2,0,2,37
10/09/2022,ABY,GA,ASO,ES,Federal Contract Tower,0,6,8,0,14,0,0,12,0,12,0,6,20,0,26,2,0,2,28
10/10/2022,ABY,GA,ASO,ES,Federal Contract Tower,0,7,8,0,15,0,0,17,0,17,0,7,25,0,32,14,0,14,46
10/11/2022,ABY,GA,ASO,ES,Federal Contract Tower,0,7,13,8,28,0,0,15,0,15,0,7,28,8,43,2,6,8,51
10/12/2022,ABY,GA,ASO,ES,Federal Contract Tower,0,6,8,0,14,0,0,4,0,4,0,6,12,0,18,0,0,0,18
10/13/2022,ABY,GA,ASO,ES,Federal Contract Tower,0,4,18,1,23,0,0,12,2,14,0,4,30,3,37,18,0,18,55
10/14/2022,ABY,GA,ASO,ES,Federal Contract Tower,0,5,8,2,15,0,0,17,6,23,0,5,25,8,38,2,40,42,80
10/15/2022,ABY,GA,ASO,ES,Federal Contract Tower,0,5,2,1,8,0,0,11,1,12,0,5,13,2,20,0,0,0,20
10/16/2022,ABY,GA,ASO,ES,Federal Contract Tower,0,5,4,9,18,0,0,21,3,24,0,5,25,12,42,6,0,6,48
10/17/2022,ABY,GA,ASO,ES,Federal Contract Tower,0,5,14,2,21,0,0,7,1,8,0,5,21,3,29,0,0,0,29
10/18/2022,ABY,GA,ASO,ES,Federal Contract Tower,0,5,9,4,18,0,0,12,1,13,0,5,21,5,31,0,8,8,39
10/19/2022,ABY,GA,ASO,ES,Federal Contract Tower,0,6,11,0,17,0,0,14,0,14,0,6,25,0,31,16,0,16,47
10/20/2022,ABY,GA,ASO,ES,Federal Contract Tower,0,6,11,2,19,0,0,18,0,18,0,6,29,2,37,6,20,26,63
10/21/2022,ABY,GA,ASO,ES,Federal Contract Tower,1,6,18,0,25,0,0,16,0,16,1,6,34,0,41,0,0,0,41
10/22/2022,ABY,GA,ASO,ES,Federal Contract Tower,0,6,4,0,10,0,0,11,0,11,0,6,15,0,21,2,0,2,23
10/23/2022,ABY,GA,ASO,ES,Federal Contract Tower,0,10,7,0,17,0,0,20,0,20,0,10,27,0,37,0,0,0,37
10/24/2022,ABY,GA,ASO,ES,Federal Contract Tower,0,8,4,2,14,0,0,12,3,15,0,8,16,5,29,0,18,18,47
10/25/2022,ABY,GA,ASO,ES,Federal Contract Tower,0,6,6,4,16,0,0,4,0,4,0,6,10,4,20,0,38,38,58
10/26/2022,ABY,GA,ASO,ES,Federal Contract Tower,0,4,11,9,24,0,0,18,8,26,0,4,29,17,50,2,62,64,114
10/27/2022,ABY,GA,ASO,ES,Federal Contract Tower,0,4,18,2,24,0,0,21,1,22,0,4,39,3,46,0,24,24,70
10/28/2022,ABY,GA,ASO,ES,Federal Contract Tower,0,4,15,8,27,0,0,8,7,15,0,4,23,15,42,2,0,2,44
10/29/2022,ABY,GA,ASO,ES,Federal Contract Tower,0,5,6,0,11,0,0,0,0,0,0,5,6,0,11,0,0,0,11
10/30/2022,ABY,GA,ASO,ES,Federal Contract Tower,0,5,11,4,20,0,0,2,0,2,0,5,13,4,22,0,0,0,22
10/31/2022,ABY,GA,ASO,ES,Federal Contract Tower,0,5,16,3,24,0,0,5,0,5,0,5,21,3,29,12,0,12,41
11/01/2022,ABY,GA,ASO,ES,Federal Contract Tower,0,6,14,0,20,0,0,13,0,13,0,6,27,0,33,2,0,2,35
11/02/2022,ABY,GA,ASO,ES,Federal Contract Tower,0,5,12,0,17,0,0,20,0,20,0,5,32,0,37,12,0,12,49
11/03/2022,ABY,GA,ASO,ES,Federal Contract Tower,0,5,8,0,13,0,0,15,1,16,0,5,23,1,29,0,0,0,29
11/04/2022,ABY,GA,ASO,ES,Federal Contract Tower,0,9,15,0,24,0,0,25,4,29,0,9,40,4,53,12,36,48,101
11/05/2022,ABY,GA,ASO,ES,Federal Contract Tower,0,11,3,0,14,0,0,14,0,14,0,11,17,0,28,2,0,2,30
11/06/2022,ABY,GA,ASO,ES,Federal Contract Tower,0,6,13,5,24,0,0,13,1,14,0,6,26,6,38,6,4,10,48
11/07/2022,ABY,GA,ASO,ES,Federal Contract Tower,0,10,8,4,22,0,0,13,0,13,0,10,21,4,35,12,6,18,53
11/08/2022,ABY,GA,ASO,ES,Federal Contract Tower,0,6,11,2,19,0,0,13,4,17,0,6,24,6,36,2,28,30,66
11/09/2022,ABY,GA,ASO,ES,Federal Contract Tower,0,6,7,4,17,0,0,6,7,13,0,6,13,11,30,0,48,48,78
11/10/2022,ABY,GA,ASO,ES,Federal Contract Tower,0,7,6,0,13,0,0,1,0,1,0,7,7,0,14,0,0,0,14
11/11/2022,ABY,GA,ASO,ES,Federal Contract Tower,0,5,12,0,17,0,0,0,0,0,0,5,12,0,17,0,0,0,17
11/12/2022,ABY,GA,ASO,ES,Federal Contract Tower,0,7,11,1,19,0,0,19,0,19,0,7,30,1,38,4,0,4,42
11/13/2022,ABY,GA,ASO,ES,Federal Contract Tower,0,13,18,0,31,0,0,19,0,19,0,13,37,0,50,9,0,9,59
11/14/2022,ABY,GA,ASO,ES,Federal Contract Tower,0,8,11,0,19,0,0,12,6,18,0,8,23,6,37,0,25,25,62
11/15/2022,ABY,GA,ASO,ES,Federal Contract Tower,0,11,12,4,27,0,0,1,0,1,0,11,13,4,28,0,0,0,28
11/16/2022,ABY,GA,ASO,ES,Federal Contract Tower,0,6,21,0,27,0,0,19,2,21,0,6,40,2,48,45,22,67,115
11/17/2022,ABY,GA,ASO,ES,Federal Contract Tower,0,8,21,0,29,0,0,20,0,20,0,8,41,0,49,8,0,8,57
11/18/2022,ABY,GA,ASO,ES,Federal Contract Tower,0,16,23,2,41,0,0,23,4,27,0,16,46,6,68,6,32,38,106
11/19/2022,ABY,GA,ASO,ES,Federal Contract Tower,0,7,10,2,19,0,0,6,0,6,0,7,16,2,25,0,0,0,25
11/20/2022,ABY,GA,ASO,ES,Federal Contract Tower,0,16,11,3,30,0,0,9,0,9,0,16,20,3,39,2,0,2,41
11/21/2022,ABY,GA,ASO,ES,Federal Contract Tower,0,9,9,2,20,0,0,8,2,10,0,9,17,4,30,0,14,14,44
11/22/2022,ABY,GA,ASO,ES,Federal Contract Tower,0,9,14,2,25,0,0,13,0,13,0,9,27,2,38,0,16,16,54
11/23/2022,ABY,GA,ASO,ES,Federal Contract Tower,0,8,9,13,30,0,0,22,0,22,0,8,31,13,52,12,34,46,98
11/24/2022,ABY,GA,ASO,ES,Federal Contract Tower,0,4,3,0,7,0,0,1,0,1,0,4,4,0,8,0,0,0,8
11/25/2022,ABY,GA,ASO,ES,Federal Contract Tower,0,7,16,0,23,0,0,0,0,0,0,7,16,0,23,0,0,0,23
11/26/2022,ABY,GA,ASO,ES,Federal Contract Tower,0,13,6,0,19,0,0,0,0,0,0,13,6,0,19,2,0,2,21
11/27/2022,ABY,GA,ASO,ES,Federal Contract Tower,0,7,30,0,37,0,0,11,0,11,0,7,41,0,48,18,0,18,66
11/28/2022,ABY,GA,ASO,ES,Federal Contract Tower,0,5,13,5,23,0,0,11,2,13,0,5,24,7,36,20,16,36,72
11/29/2022,ABY,GA,ASO,ES,Federal Contract Tower,0,8,17,4,29,0,0,28,1,29,0,8,45,5,58,0,0,0,58
11/30/2022,ABY,GA,ASO,ES,Federal Contract Tower,0,3,14,0,17,0,0,6,0,6,0,3,20,0,23,0,0,0,23
12/01/2022,ABY,GA,ASO,ES,Federal Contract Tower,0,16,18,0,34,0,0,33,2,35,0,16,51,2,69,8,24,32,101
12/02/2022,ABY,GA,ASO,ES,Federal Contract Tower,0,9,16,3,28,0,0,27,8,35,0,9,43,11,63,4,8,12,75
12/03/2022,ABY,GA,ASO,ES,Federal Contract Tower,0,7,6,0,13,0,0,16,0,16,0,7,22,0,29,4,0,4,33
12/04/2022,ABY,GA,ASO,ES,Federal Contract Tower,0,14,12,0,26,0,0,17,4,21,0,14,29,4,47,0,0,0,47
12/05/2022,ABY,GA,ASO,ES,Federal Contract Tower,0,5,13,0,18,0,0,7,2,9,0,5,20,2,27,4,0,4,31
12/06/2022,ABY,GA,ASO,ES,Federal Contract Tower,0,14,16,0,30,0,0,24,0,24,0,14,40,0,54,0,0,0,54
12/07/2022,ABY,GA,ASO,ES,Federal Contract Tower,0,3,11,4,18,0,0,11,0,11,0,3,22,4,29,4,8,12,41
12/08/2022,ABY,GA,ASO,ES,Federal Contract Tower,0,13,23,2,38,0,0,15,9,24,0,13,38,11,62,0,68,68,130
12/09/2022,ABY,GA,ASO,ES,Federal Contract Tower,4,16,9,4,33,0,0,11,2,13,4,16,20,6,46,2,0,2,48
12/10/2022,ABY,GA,ASO,ES,Federal Contract Tower,1,9,3,0,13,0,0,0,0,0,1,9,3,0,13,0,0,0,13
12/11/2022,ABY,GA,ASO,ES,Federal Contract Tower,0,10,14,2,26,0,0,0,2,2,0,10,14,4,28,0,0,0,28
12/12/2022,ABY,GA,ASO,ES,Federal Contract Tower,0,5,16,9,30,0,0,0,0,0,0,5,16,9,30,0,0,0,30
12/13/2022,ABY,GA,ASO,ES,Federal Contract Tower,0,6,25,4,35,0,0,8,2,10,0,6,33,6,45,8,12,20,65
12/14/2022,ABY,GA,ASO,ES,Federal Contract Tower,0,5,13,2,20,0,0,2,0,2,0,5,15,2,22,0,0,0,22
12/15/2022,ABY,GA,ASO,ES,Federal Contract Tower,0,11,15,0,26,0,0,6,0,6,0,11,21,0,32,2,0,2,34
12/16/2022,ABY,GA,ASO,ES,Federal Contract Tower,0,10,17,5,32,0,0,19,5,24,0,10,36,10,56,4,34,38,94
12/17/2022,ABY,GA,ASO,ES,Federal Contract Tower,0,8,13,0,21,0,1,14,0,15,0,9,27,0,36,12,0,12,48
12/18/2022,ABY,GA,ASO,ES,Federal Contract Tower,3,6,10,2,21,0,0,15,0,15,3,6,25,2,36,0,0,0,36
12/19/2022,ABY,GA,ASO,ES,Federal Contract Tower,0,8,7,2,17,0,0,23,1,24,0,8,30,3,41,14,6,20,61
12/20/2022,ABY,GA,ASO,ES,Federal Contract Tower,0,8,6,0,14,0,0,0,0,0,0,8,6,0,14,0,0,0,14
12/21/2022,ABY,GA,ASO,ES,Federal Contract Tower,0,7,10,0,17,0,0,0,0,0,0,7,10,0,17,0,0,0,17
12/22/2022,ABY,GA,ASO,ES,Federal Contract Tower,0,3,13,0,16,0,0,0,0,0,0,3,13,0,16,0,0,0,16
12/23/2022,ABY,GA,ASO,ES,Federal Contract Tower,2,4,1,0,7,0,0,1,0,1,2,4,2,0,8,0,0,0,8
12/24/2022,ABY,GA,ASO,ES,Federal Contract Tower,0,2,2,0,4,0,1,8,0,9,0,3,10,0,13,0,0,0,13
12/25/2022,ABY,GA,ASO,ES,Federal Contract Tower,0,4,0,0,4,0,0,2,0,2,0,4,2,0,6,0,0,0,6
12/26/2022,ABY,GA,ASO,ES,Federal Contract Tower,0,7,15,0,22,0,0,19,0,19,0,7,34,0,41,8,0,8,49
12/27/2022,ABY,GA,ASO,ES,Federal Contract Tower,0,4,18,0,22,0,0,27,0,27,0,4,45,0,49,12,0,12,61
12/28/2022,ABY,GA,ASO,ES,Federal Contract Tower,0,11,11,0,22,0,0,19,0,19,0,11,30,0,41,14,0,14,55
12/29/2022,ABY,GA,ASO,ES,Federal Contract Tower,0,5,12,0,17,0,2,10,0,12,0,7,22,0,29,0,0,0,29
12/30/2022,ABY,GA,ASO,ES,Federal Contract Tower,0,4,7,0,11,0,0,33,0,33,0,4,40,0,44,0,0,0,44
12/31/2022,ABY,GA,ASO,ES,Federal Contract Tower,3,5,0,0,8,0,0,0,0,0,3,5,0,0,8,0,0,0,8
01/01/2023,ABY,GA,ASO,ES,Federal Contract Tower,0,2,12,0,14,0,0,0,0,0,0,2,12,0,14,4,0,4,18
01/02/2023,ABY,GA,ASO,ES,Federal Contract Tower,0,3,13,0,16,0,0,5,0,5,0,3,18,0,21,0,0,0,21
01/03/2023,ABY,GA,ASO,ES,Federal Contract Tower,0,4,6,2,12,0,0,0,0,0,0,4,6,2,12,0,0,0,12
01/04/2023,ABY,GA,ASO,ES,Federal Contract Tower,0,10,3,0,13,0,0,4,0,4,0,10,7,0,17,0,0,0,17
01/05/2023,ABY,GA,ASO,ES,Federal Contract Tower,0,10,12,0,22,0,4,22,2,28,0,14,34,2,50,30,18,48,98
01/06/2023,ABY,GA,ASO,ES,Federal Contract Tower,0,7,8,9,24,0,0,21,7,28,0,7,29,16,52,2,14,16,68
01/07/2023,ABY,GA,ASO,ES,Federal Contract Tower,0,4,7,0,11,0,0,15,0,15,0,4,22,0,26,0,0,0,26
01/08/2023,ABY,GA,ASO,ES,Federal Contract Tower,0,12,13,1,26,0,1,12,1,14,0,13,25,2,40,8,0,8,48
01/09/2023,ABY,GA,ASO,ES,Federal Contract Tower,0,7,3,0,10,0,1,9,2,12,0,8,12,2,22,0,10,10,32
01/10/2023,ABY,GA,ASO,ES,Federal Contract Tower,0,6,21,6,33,0,0,23,0,23,0,6,44,6,56,0,0,0,56
01/11/2023,ABY,GA,ASO,ES,Federal Contract Tower,0,8,24,0,32,0,1,20,2,23,0,9,44,2,55,0,20,20,75
01/12/2023,ABY,GA,ASO,ES,Federal Contract Tower,0,5,13,0,18,0,0,4,0,4,0,5,17,0,22,0,0,0,22
01/13/2023,ABY,GA,ASO,ES,Federal Contract Tower,0,10,14,2,26,0,2,7,0,9,0,12,21,2,35,0,0,0,35
01/14/2023,ABY,GA,ASO,ES,Federal Contract Tower,0,5,10,0,15,0,0,7,0,7,0,5,17,0,22,0,0,0,22
01/15/2023,ABY,GA,ASO,ES,Federal Contract Tower,0,10,16,0,26,0,0,24,8,32,0,10,40,8,58,6,0,6,64
01/16/2023,ABY,GA,ASO,ES,Federal Contract Tower,0,10,17,0,27,0,0,30,0,30,0,10,47,0,57,0,0,0,57
01/17/2023,ABY,GA,ASO,ES,Federal Contract Tower,0,9,17,2,28,0,0,3,0,3,0,9,20,2,31,0,0,0,31
01/18/2023,ABY,GA,ASO,ES,Federal Contract Tower,0,12,14,0,26,0,0,1,0,1,0,12,15,0,27,0,0,0,27
01/19/2023,ABY,GA,ASO,ES,Federal Contract Tower,0,10,8,4,22,0,0,6,0,6,0,10,14,4,28,20,0,20,48
01/20/2023,ABY,GA,ASO,ES,Federal Contract Tower,0,9,11,0,20,0,0,23,10,33,0,9,34,10,53,2,56,58,111
01/21/2023,ABY,GA,ASO,ES,Federal Contract Tower,0,2,6,0,8,0,0,5,0,5,0,2,11,0,13,0,0,0,13
01/22/2023,ABY,GA,ASO,ES,Federal Contract Tower,0,16,4,2,22,0,0,1,0,1,0,16,5,2,23,0,0,0,23
01/23/2023,ABY,GA,ASO,ES,Federal Contract Tower,0,7,26,2,35,0,0,16,0,16,0,7,42,2,51,2,16,18,69
01/24/2023,ABY,GA,ASO,ES,Federal Contract Tower,0,9,19,2,30,0,0,44,0,44,0,9,63,2,74,24,0,24,98
01/25/2023,ABY,GA,ASO,ES,Federal Contract Tower,0,5,12,0,17,0,0,0,0,0,0,5,12,0,17,0,0,0,17
01/26/2023,ABY,GA,ASO,ES,Federal Contract Tower,0,10,19,2,31,0,0,13,0,13,0,10,32,2,44,0,0,0,44
01/27/2023,ABY,GA,ASO,ES,Federal Contract Tower,1,12,9,0,22,0,0,36,0,36,1,12,45,0,58,19,0,19,77
01/28/2023,ABY,GA,ASO,ES,Federal Contract Tower,0,9,13,2,24,0,0,16,1,17,0,9,29,3,41,12,8,20,61
01/29/2023,ABY,GA,ASO,ES,Federal Contract Tower,0,7,16,2,25,0,0,0,0,0,0,7,16,2,25,0,0,0,25
01/30/2023,ABY,GA,ASO,ES,Federal Contract Tower,0,7,6,2,15,0,0,2,2,4,0,7,8,4,19,0,0,0,19
01/31/2023,ABY,GA,ASO,ES,Federal Contract Tower,0,7,5,6,18,0,0,2,0,2,0,7,7,6,20,0,24,24,44
02/01/2023,ABY,GA,ASO,ES,Federal Contract Tower,0,11,8,6,25,0,0,10,0,10,0,11,18,6,35,10,42,52,87
02/02/2023,ABY,GA,ASO,ES,Federal Contract Tower,0,7,16,8,31,0,0,0,0,0,0,7,16,8,31,0,0,0,31
02/03/2023,ABY,GA,ASO,ES,Federal Contract Tower,0,8,15,1,24,0,0,18,5,23,0,8,33,6,47,0,0,0,47
02/04/2023,ABY,GA,ASO,ES,Federal Contract Tower,0,4,17,2,23,0,0,38,0,38,0,4,55,2,61,14,0,14,75
02/05/2023,ABY,GA,ASO,ES,Federal Contract Tower,0,14,13,0,27,0,0,24,0,24,0,14,37,0,51,2,0,2,53
02/06/2023,ABY,GA,ASO,ES,Federal Contract Tower,0,5,13,4,22,0,0,21,0,21,0,5,34,4,43,16,0,16,59
02/07/2023,ABY,GA,ASO,ES,Federal Contract Tower,0,7,8,1,16,0,0,15,3,18,0,7,23,4,34,6,38,44,78
02/08/2023,ABY,GA,ASO,ES,Federal Contract Tower,0,2,18,2,22,0,0,16,0,16,0,2,34,2,38,4,0,4,42
02/09/2023,ABY,GA,ASO,ES,Federal Contract Tower,0,7,14,0,21,0,0,8,0,8,0,7,22,0,29,0,0,0,29
02/10/2023,ABY,GA,ASO,ES,Federal Contract Tower,0,7,7,6,20,0,0,0,0,0,0,7,7,6,20,0,0,0,20
02/11/2023,ABY,GA,ASO,ES,Federal Contract Tower,0,5,5,0,10,0,0,0,0,0,0,5,5,0,10,0,0,0,10
02/12/2023,ABY,GA,ASO,ES,Federal Contract Tower,0,7,10,0,17,0,0,3,0,3,0,7,13,0,20,0,0,0,20
02/13/2023,ABY,GA,ASO,ES,Federal Contract Tower,0,4,14,1,19,0,0,27,0,27,0,4,41,1,46,14,0,14,60
02/14/2023,ABY,GA,ASO,ES,Federal Contract Tower,0,7,12,0,19,0,0,22,4,26,0,7,34,4,45,0,24,24,69
02/15/2023,ABY,GA,ASO,ES,Federal Contract Tower,0,5,12,4,21,0,0,14,4,18,0,5,26,8,39,0,28,28,67
02/16/2023,ABY,GA,ASO,ES,Federal Contract Tower,0,20,21,0,41,0,0,16,0,16,0,20,37,0,57,12,0,12,69
02/17/2023,ABY,GA,ASO,ES,Federal Contract Tower,0,12,12,0,24,0,0,5,0,5,0,12,17,0,29,0,0,0,29
02/18/2023,ABY,GA,ASO,ES,Federal Contract Tower,0,3,9,0,12,0,0,29,0,29,0,3,38,0,41,4,0,4,45
02/19/2023,ABY,GA,ASO,ES,Federal Contract Tower,0,8,25,1,34,0,0,19,0,19,0,8,44,1,53,2,0,2,55
02/20/2023,ABY,GA,ASO,ES,Federal Contract Tower,0,9,16,0,25,0,0,20,0,20,0,9,36,0,45,0,0,0,45
02/21/2023,ABY,GA,ASO,ES,Federal Contract Tower,0,11,17,4,32,0,0,7,0,7,0,11,24,4,39,12,8,20,59
02/22/2023,ABY,GA,ASO,ES,Federal Contract Tower,0,4,13,6,23,0,0,3,0,3,0,4,16,6,26,2,0,2,28
02/23/2023,ABY,GA,ASO,ES,Federal Contract Tower,0,12,18,0,30,0,0,6,0,6,0,12,24,0,36,0,0,0,36
02/24/2023,ABY,GA,ASO,ES,Federal Contract Tower,0,8,16,10,34,0,0,21,2,23,0,8,37,12,57,0,15,15,72
02/25/2023,ABY,GA,ASO,ES,Federal Contract Tower,0,3,4,4,11,0,0,4,5,9,0,3,8,9,20,0,48,48,68
02/26/2023,ABY,GA,ASO,ES,Federal Contract Tower,0,13,12,2,27,0,0,15,0,15,0,13,27,2,42,0,0,0,42
02/27/2023,ABY,GA,ASO,ES,Federal Contract Tower,0,7,9,4,20,0,0,1,5,6,0,7,10,9,26,0,26,26,52
02/28/2023,ABY,GA,ASO,ES,Federal Contract Tower,0,8,16,2,26,0,0,8,0,8,0,8,24,2,34,0,0,0,34
03/01/2023,ABY,GA,ASO,ES,Federal Contract Tower,0,12,24,11,47,0,0,21,4,25,0,12,45,15,72,0,38,38,110
03/02/2023,ABY,GA,ASO,ES,Federal Contract Tower,0,10,14,9,33,0,0,0,0,0,0,10,14,9,33,0,60,60,93
03/03/2023,ABY,GA,ASO,ES,Federal Contract Tower,0,4,4,4,12,0,0,4,1,5,0,4,8,5,17,0,16,16,33
03/04/2023,ABY,GA,ASO,ES,Federal Contract Tower,0,6,14,0,20,0,0,28,0,28,0,6,42,0,48,16,0,16,64
03/05/2023,ABY,GA,ASO,ES,Federal Contract Tower,1,8,15,2,26,0,0,17,0,17,1,8,32,2,43,4,0,4,47
03/06/2023,ABY,GA,ASO,ES,Federal Contract Tower,0,8,11,3,22,0,0,28,3,31,0,8,39,6,53,0,28,28,81
03/07/2023,ABY,GA,ASO,ES,Federal Contract Tower,0,9,10,4,23,0,0,3,0,3,0,9,13,4,26,4,0,4,30
03/08/2023,ABY,GA,ASO,ES,Federal Contract Tower,0,7,7,2,16,0,0,17,2,19,0,7,24,4,35,10,28,38,73
03/09/2023,ABY,GA,ASO,ES,Federal Contract Tower,0,9,10,0,19,0,0,26,2,28,0,9,36,2,47,4,0,4,51
03/10/2023,ABY,GA,ASO,ES,Federal Contract Tower,0,6,6,2,14,0,0,7,0,7,0,6,13,2,21,0,0,0,21
03/11/2023,ABY,GA,ASO,ES,Federal Contract Tower,0,5,18,0,23,0,0,41,2,43,0,5,59,2,66,4,0,4,70
03/12/2023,ABY,GA,ASO,ES,Federal Contract Tower,0,7,11,0,18,0,0,0,0,0,0,7,11,0,18,0,0,0,18
03/13/2023,ABY,GA,ASO,ES,Federal Contract Tower,0,8,11,5,24,0,0,13,3,16,0,8,24,8,40,0,8,8,48
03/14/2023,ABY,GA,ASO,ES,Federal Contract Tower,0,4,6,2,12,0,0,19,0,19,0,4,25,2,31,26,0,26,57
03/15/2023,ABY,GA,ASO,ES,Federal Contract Tower,0,7,18,4,29,0,0,24,0,24,0,7,42,4,53,0,0,0,53
03/16/2023,ABY,GA,ASO,ES,Federal Contract Tower,0,7,9,0,16,0,0,24,2,26,0,7,33,2,42,6,12,18,60
03/17/2023,ABY,GA,ASO,ES,Federal Contract Tower,0,7,15,6,28,0,0,0,5,5,0,7,15,11,33,0,18,18,51
03/18/2023,ABY,GA,ASO,ES,Federal Contract Tower,0,4,14,0,18,0,0,18,2,20,0,4,32,2,38,0,0,0,38
03/19/2023,ABY,GA,ASO,ES,Federal Contract Tower,0,7,17,2,26,0,0,18,0,18,0,7,35,2,44,0,0,0,44
03/20/2023,ABY,GA,ASO,ES,Federal Contract Tower,0,6,5,0,11,0,0,22,0,22,0,6,27,0,33,8,0,8,41
03/21/2023,ABY,GA,ASO,ES,Federal Contract Tower,0,5,12,3,20,0,0,18,2,20,0,5,30,5,40,0,12,12,52
03/22/2023,ABY,GA,ASO,ES,Federal Contract Tower,0,6,12,0,18,0,0,15,2,17,0,6,27,2,35,0,20,20,55
03/23/2023,ABY,GA,ASO,ES,Federal Contract Tower,0,7,7,0,14,0,0,8,2,10,0,7,15,2,24,0,0,0,24
03/24/2023,ABY,GA,ASO,ES,Federal Contract Tower,0,7,4,0,11,0,0,17,0,17,0,7,21,0,28,10,0,10,38
03/25/2023,ABY,GA,ASO,ES,Federal Contract Tower,0,6,4,0,10,0,0,1,0,1,0,6,5,0,11,0,0,0,11
03/26/2023,ABY,GA,ASO,ES,Federal Contract Tower,0,6,7,0,13,0,0,0,0,0,0,6,7,0,13,0,0,0,13
03/27/2023,ABY,GA,ASO,ES,Federal Contract Tower,0,5,12,0,17,0,0,1,0,1,0,5,13,0,18,0,0,0,18
03/28/2023,ABY,GA,ASO,ES,Federal Contract Tower,1,4,5,0,10,0,0,1,2,3,1,4,6,2,13,0,28,28,41
03/29/2023,ABY,GA,ASO,ES,Federal Contract Tower,0,6,11,0,17,0,0,31,0,31,0,6,42,0,48,0,0,0,48
03/30/2023,ABY,GA,ASO,ES,Federal Contract Tower,0,5,12,1,18,0,0,58,5,63,0,5,70,6,81,2,18,20,101
03/31/2023,ABY,GA,ASO,ES,Federal Contract Tower,0,4,19,0,23,0,0,43,6,49,0,4,62,6,72,4,50,54,126
04/01/2023,ABY,GA,ASO,ES,Federal Contract Tower,0,6,9,0,15,0,0,2,0,2,0,6,11,0,17,0,0,0,17
04/02/2023,ABY,GA,ASO,ES,Federal Contract Tower,0,8,18,0,26,0,0,46,0,46,0,8,64,0,72,16,0,16,88
04/03/2023,ABY,GA,ASO,ES,Federal Contract Tower,0,5,4,0,9,0,0,8,0,8,0,5,12,0,17,2,0,2,19
04/04/2023,ABY,GA,ASO,ES,Federal Contract Tower,0,9,2,0,11,0,0,4,0,4,0,9,6,0,15,16,0,16,31
04/05/2023,ABY,GA,ASO,ES,Federal Contract Tower,0,6,9,5,20,0,0,18,1,19,0,6,27,6,39,8,42,50,89
04/06/2023,ABY,GA,ASO,ES,Federal Contract Tower,0,9,17,6,32,0,0,29,4,33,0,9,46,10,65,6,16,22,87
04/07/2023,ABY,GA,ASO,ES,Federal Contract Tower,0,10,6,4,20,0,0,25,0,25,0,10,31,4,45,10,26,36,81
04/08/2023,ABY,GA,ASO,ES,Federal Contract Tower,0,4,2,0,6,0,0,0,0,0,0,4,2,0,6,0,0,0,6
04/09/2023,ABY,GA,ASO,ES,Federal Contract Tower,0,6,9,0,15,0,0,0,0,0,0,6,9,0,15,0,0,0,15
04/10/2023,ABY,GA,ASO,ES,Federal Contract Tower,0,6,6,0,12,0,0,12,6,18,0,6,18,6,30,36,16,52,82
04/11/2023,ABY,GA,ASO,ES,Federal Contract Tower,0,6,3,2,11,0,0,30,0,30,0,6,33,2,41,38,22,60,101
04/12/2023,ABY,GA,ASO,ES,Federal Contract Tower,0,4,7,4,15,0,0,18,8,26,0,4,25,12,41,32,54,86,127
04/13/2023,ABY,GA,ASO,ES,Federal Contract Tower,0,7,5,0,12,0,0,0,0,0,0,7,5,0,12,0,0,0,12
04/14/2023,ABY,GA,ASO,ES,Federal Contract Tower,0,6,6,2,14,0,0,4,0,4,0,6,10,2,18,2,0,2,20
04/15/2023,ABY,GA,ASO,ES,Federal Contract Tower,0,7,6,0,13,0,0,20,0,20,0,7,26,0,33,0,0,0,33
04/16/2023,ABY,GA,ASO,ES,Federal Contract Tower,0,5,9,5,19,0,0,4,1,5,0,5,13,6,24,0,0,0,24
04/17/2023,ABY,GA,ASO,ES,Federal Contract Tower,0,7,7,2,16,0,0,17,2,19,0,7,24,4,35,0,0,0,35
04/18/2023,ABY,GA,ASO,ES,Federal Contract Tower,0,8,5,2,15,0,0,30,0,30,0,8,35,2,45,0,0,0,45
04/19/2023,ABY,GA,ASO,ES,Federal Contract Tower,0,4,11,4,19,0,0,28,2,30,0,4,39,6,49,0,12,12,61
04/20/2023,ABY,GA,ASO,ES,Federal Contract Tower,0,5,7,0,12,0,0,19,0,19,0,5,26,0,31,4,14,18,49
04/21/2023,ABY,GA,ASO,ES,Federal Contract Tower,0,5,11,3,19,0,0,22,3,25,0,5,33,6,44,14,11,25,69
04/22/2023,ABY,GA,ASO,ES,Federal Contract Tower,0,4,10,0,14,0,0,8,2,10,0,4,18,2,24,30,0,30,54
04/23/2023,ABY,GA,ASO,ES,Federal Contract Tower,0,5,11,0,16,0,0,23,0,23,0,5,34,0,39,14,0,14,53
04/24/2023,ABY,GA,ASO,ES,Federal Contract Tower,0,13,10,4,27,0,0,18,2,20,0,13,28,6,47,0,29,29,76
04/25/2023,ABY,GA,ASO,ES,Federal Contract Tower,0,4,1,4,9,0,0,12,2,14,0,4,13,6,23,5,42,47,70
04/26/2023,ABY,GA,ASO,ES,Federal Contract Tower,0,6,8,4,18,0,0,3,0,3,0,6,11,4,21,0,0,0,21
04/27/2023,ABY,GA,ASO,ES,Federal Contract Tower,0,5,5,1,11,0,0,0,0,0,0,5,5,1,11,0,0,0,11
04/28/2023,ABY,GA,ASO,ES,Federal Contract Tower,0,8,9,5,22,0,0,4,0,4,0,8,13,5,26,2,16,18,44
04/29/2023,ABY,GA,ASO,ES,Federal Contract Tower,0,2,4,0,6,0,0,4,0,4,0,2,8,0,10,0,0,0,10
04/30/2023,ABY,GA,ASO,ES,Federal Contract Tower,3,2,10,0,15,0,0,1,0,1,3,2,11,0,16,0,0,0,16
05/01/2023,ABY,GA,ASO,ES,Federal Contract Tower,3,0,9,0,12,0,0,8,0,8,3,0,17,0,20,0,0,0,20
05/02/2023,ABY,GA,ASO,ES,Federal Contract Tower,3,0,0,0,3,0,0,12,4,16,3,0,12,4,19,0,16,16,35
05/03/2023,ABY,GA,ASO,ES,Federal Contract Tower,3,0,13,2,18,0,0,14,0,14,3,0,27,2,32,0,0,0,32
05/04/2023,ABY,GA,ASO,ES,Federal Contract Tower,3,3,10,4,20,0,0,32,0,32,3,3,42,4,52,27,0,27,79
05/05/2023,ABY,GA,ASO,ES,Federal Contract Tower,3,3,12,0,18,0,0,15,9,24,3,3,27,9,42,18,44,62,104
05/06/2023,ABY,GA,ASO,ES,Federal Contract Tower,3,0,7,0,10,0,0,18,2,20,3,0,25,2,30,14,0,14,44
05/07/2023,ABY,GA,ASO,ES,Federal Contract Tower,3,2,5,2,12,0,0,21,2,23,3,2,26,4,35,22,0,22,57
05/08/2023,ABY,GA,ASO,ES,Federal Contract Tower,2,0,6,7,15,0,0,20,4,24,2,0,26,11,39,18,64,82,121
05/09/2023,ABY,GA,ASO,ES,Federal Contract Tower,2,1,11,4,18,0,0,17,3,20,2,1,28,7,38,16,18,34,72
05/10/2023,ABY,GA,ASO,ES,Federal Contract Tower,0,6,5,2,13,0,0,11,6,17,0,6,16,8,30,0,2,2,32
05/11/2023,ABY,GA,ASO,ES,Federal Contract Tower,3,5,13,0,21,0,0,7,0,7,3,5,20,0,28,0,0,0,28
05/12/2023,ABY,GA,ASO,ES,Federal Contract Tower,3,0,3,0,6,0,0,8,0,8,3,0,11,0,14,22,0,22,36
05/13/2023,ABY,GA,ASO,ES,Federal Contract Tower,2,0,10,0,12,0,0,21,0,21,2,0,31,0,33,16,0,16,49
05/14/2023,ABY,GA,ASO,ES,Federal Contract Tower,2,1,2,0,5,0,0,15,0,15,2,1,17,0,20,22,0,22,42
05/15/2023,ABY,GA,ASO,ES,Federal Contract Tower,2,0,9,1,12,0,0,11,1,12,2,0,20,2,24,0,10,10,34
05/16/2023,ABY,GA,ASO,ES,Federal Contract Tower,2,0,6,2,10,0,0,4,0,4,2,0,10,2,14,20,0,20,34
05/17/2023,ABY,GA,ASO,ES,Federal Contract Tower,3,3,8,6,20,0,0,4,2,6,3,3,12,8,26,18,16,34,60
05/18/2023,ABY,GA,ASO,ES,Federal Contract Tower,2,0,3,6,11,0,0,4,0,4,2,0,7,6,15,6,18,24,39
05/19/2023,ABY,GA,ASO,ES,Federal Contract Tower,2,0,14,2,18,0,0,8,0,8,2,0,22,2,26,2,0,2,28
05/20/2023,ABY,GA,ASO,ES,Federal Contract Tower,2,0,4,2,8,0,0,11,0,11,2,0,15,2,19,20,0,20,39
05/21/2023,ABY,GA,ASO,ES,Federal Contract Tower,3,0,4,0,7,0,0,3,2,5,3,0,7,2,12,0,0,0,12
05/22/2023,ABY,GA,ASO,ES,Federal Contract Tower,3,3,11,4,21,0,0,0,0,0,3,3,11,4,21,0,14,14,35
05/23/2023,ABY,GA,ASO,ES,Federal Contract Tower,3,0,4,4,11,0,0,0,2,2,3,0,4,6,13,0,10,10,23
05/24/2023,ABY,GA,ASO,ES,Federal Contract Tower,3,0,8,2,13,0,0,1,0,1,3,0,9,2,14,6,0,6,20
05/25/2023,ABY,GA,ASO,ES,Federal Contract Tower,3,0,8,0,11,0,0,12,2,14,3,0,20,2,25,12,10,22,47
05/26/2023,ABY,GA,ASO,ES,Federal Contract Tower,2,0,7,3,12,0,0,11,1,12,2,0,18,4,24,14,24,38,62
05/27/2023,ABY,GA,ASO,ES,Federal Contract Tower,2,0,1,0,3,0,0,19,0,19,2,0,20,0,22,0,0,0,22
05/28/2023,ABY,GA,ASO,ES,Federal Contract Tower,2,2,8,0,12,0,0,22,0,22,2,2,30,0,34,12,0,12,46
05/29/2023,ABY,GA,ASO,ES,Federal Contract Tower,2,0,9,0,11,0,0,17,0,17,2,0,26,0,28,16,0,16,44
05/30/2023,ABY,GA,ASO,ES,Federal Contract Tower,3,0,9,8,20,0,0,32,2,34,3,0,41,10,54,12,10,22,76
05/31/2023,ABY,GA,ASO,ES,Federal Contract Tower,2,0,8,6,16,0,0,4,0,4,2,0,12,6,20,6,6,12,32
06/01/2023,ABY,GA,ASO,ES,Federal Contract Tower,2,1,8,10,21,0,0,15,5,20,2,1,23,15,41,16,14,30,71
06/02/2023,ABY,GA,ASO,ES,Federal Contract Tower,3,0,8,7,18,0,0,19,4,23,3,0,27,11,41,24,12,36,77
06/03/2023,ABY,GA,ASO,ES,Federal Contract Tower,2,1,9,0,12,0,0,13,2,15,2,1,22,2,27,18,6,24,51
06/04/2023,ABY,GA,ASO,ES,Federal Contract Tower,2,1,2,0,5,0,0,26,3,29,2,1,28,3,34,12,0,12,46
06/05/2023,ABY,GA,ASO,ES,Federal Contract Tower,2,2,6,2,12,0,0,12,5,17,2,2,18,7,29,8,28,36,65
06/06/2023,ABY,GA,ASO,ES,Federal Contract Tower,2,0,9,3,14,0,0,14,1,15,2,0,23,4,29,0,14,14,43
06/07/2023,ABY,GA,ASO,ES,Federal Contract Tower,3,3,9,4,19,0,0,26,0,26,3,3,35,4,45,50,18,68,113
06/08/2023,ABY,GA,ASO,ES,Federal Contract Tower,2,0,7,4,13,0,1,24,0,25,2,1,31,4,38,8,0,8,46
06/09/2023,ABY,GA,ASO,ES,Federal Contract Tower,2,1,12,0,15,0,0,37,2,39,2,1,49,2,54,28,10,38,92
06/10/2023,ABY,GA,ASO,ES,Federal Contract Tower,2,0,8,0,10,0,0,32,0,32,2,0,40,0,42,58,0,58,100
06/11/2023,ABY,GA,ASO,ES,Federal Contract Tower,3,0,7,0,10,0,0,10,0,10,3,0,17,0,20,10,0,10,30
06/12/2023,ABY,GA,ASO,ES,Federal Contract Tower,2,3,1,0,6,0,0,2,0,2,2,3,3,0,8,32,0,32,40
06/13/2023,ABY,GA,ASO,ES,Federal Contract Tower,2,0,1,2,5,0,0,6,2,8,2,0,7,4,13,16,8,24,37
06/14/2023,ABY,GA,ASO,ES,Federal Contract Tower,1,0,3,0,4,0,0,0,0,0,1,0,3,0,4,0,0,0,4
06/15/2023,ABY,GA,ASO,ES,Federal Contract Tower,3,0,5,0,8,0,0,0,0,0,3,0,5,0,8,0,0,0,8
06/16/2023,ABY,GA,ASO,ES,Federal Contract Tower,2,0,3,0,5,0,0,8,0,8,2,0,11,0,13,12,0,12,25
06/17/2023,ABY,GA,ASO,ES,Federal Contract Tower,2,0,4,0,6,0,0,15,0,15,2,0,19,0,21,6,0,6,27
06/18/2023,ABY,GA,ASO,ES,Federal Contract Tower,3,0,5,0,8,0,0,10,0,10,3,0,15,0,18,14,2,16,34
06/19/2023,ABY,GA,ASO,ES,Federal Contract Tower,2,0,6,0,8,0,0,3,0,3,2,0,9,0,11,8,0,8,19
06/20/2023,ABY,GA,ASO,ES,Federal Contract Tower,3,3,4,0,10,0,0,5,0,5,3,3,9,0,15,2,0,2,17
06/21/2023,ABY,GA,ASO,ES,Federal Contract Tower,2,0,2,0,4,0,0,0,0,0,2,0,2,0,4,0,0,0,4
06/22/2023,ABY,GA,ASO,ES,Federal Contract Tower,2,0,4,6,12,0,0,5,1,6,2,0,9,7,18,16,0,16,34
06/23/2023,ABY,GA,ASO,ES,Federal Contract Tower,2,0,7,2,11,0,0,25,2,27,2,0,32,4,38,16,12,28,66
06/24/2023,ABY,GA,ASO,ES,Federal Contract Tower,2,0,4,0,6,0,0,37,0,37,2,0,41,0,43,20,0,20,63
06/25/2023,ABY,GA,ASO,ES,Federal Contract Tower,3,0,5,0,8,0,0,21,0,21,3,0,26,0,29,0,0,0,29
06/26/2023,ABY,GA,ASO,ES,Federal Contract Tower,2,0,6,1,9,0,0,14,0,14,2,0,20,1,23,6,28,34,57
06/27/2023,ABY,GA,ASO,ES,Federal Contract Tower,2,0,8,2,12,0,0,18,2,20,2,0,26,4,32,16,6,22,54
06/28/2023,ABY,GA,ASO,ES,Federal Contract Tower,2,0,8,4,14,0,0,23,4,27,2,0,31,8,41,60,10,70,111
06/29/2023,ABY,GA,ASO,ES,Federal Contract Tower,0,4,6,4,14,0,0,38,0,38,0,4,44,4,52,22,8,30,82
06/30/2023,ABY,GA,ASO,ES,Federal Contract Tower,3,0,4,8,15,0,1,22,1,24,3,1,26,9,39,38,12,50,89
07/01/2023,ABY,GA,ASO,ES,Federal Contract Tower,2,2,3,0,7,0,0,16,0,16,2,2,19,0,23,20,0,20,43
07/02/2023,ABY,GA,ASO,ES,Federal Contract Tower,2,0,0,0,2,0,0,12,0,12,2,0,12,0,14,2,0,2,16
07/03/2023,ABY,GA,ASO,ES,Federal Contract Tower,2,0,2,0,4,0,0,9,0,9,2,0,11,0,13,6,0,6,19
07/04/2023,ABY,GA,ASO,ES,Federal Contract Tower,2,0,0,0,2,0,0,6,0,6,2,0,6,0,8,0,0,0,8
07/05/2023,ABY,GA,ASO,ES,Federal Contract Tower,2,0,2,2,6,0,0,6,0,6,2,0,8,2,12,6,12,18,30
07/06/2023,ABY,GA,ASO,ES,Federal Contract Tower,2,0,7,2,11,0,0,8,0,8,2,0,15,2,19,4,0,4,23
07/07/2023,ABY,GA,ASO,ES,Federal Contract Tower,2,0,1,0,3,0,0,6,6,12,2,0,7,6,15,4,0,4,19
07/08/2023,ABY,GA,ASO,ES,Federal Contract Tower,2,0,6,0,8,0,0,23,0,23,2,0,29,0,31,0,0,0,31
07/09/2023,ABY,GA,ASO,ES,Federal Contract Tower,2,0,5,6,13,0,0,5,14,19,2,0,10,20,32,0,0,0,32
07/10/2023,ABY,GA,ASO,ES,Federal Contract Tower,2,0,7,0,9,0,0,0,0,0,2,0,7,0,9,0,0,0,9
07/11/2023,ABY,GA,ASO,ES,Federal Contract Tower,2,0,4,2,8,0,0,10,5,15,2,0,14,7,23,8,46,54,77
07/12/2023,ABY,GA,ASO,ES,Federal Contract Tower,3,1,8,3,15,0,0,11,0,11,3,1,19,3,26,0,20,20,46
07/13/2023,ABY,GA,ASO,ES,Federal Contract Tower,2,0,2,0,4,0,0,0,0,0,2,0,2,0,4,0,0,0,4
07/14/2023,ABY,GA,ASO,ES,Federal Contract Tower,2,1,13,2,18,0,0,4,2,6,2,1,17,4,24,0,0,0,24
07/15/2023,ABY,GA,ASO,ES,Federal Contract Tower,2,0,2,0,4,0,0,6,0,6,2,0,8,0,10,4,0,4,14
07/16/2023,ABY,GA,ASO,ES,Federal Contract Tower,3,0,4,0,7,0,0,3,0,3,3,0,7,0,10,0,0,0,10
07/17/2023,ABY,GA,ASO,ES,Federal Contract Tower,3,0,3,0,6,0,0,24,0,24,3,0,27,0,30,6,0,6,36
07/18/2023,ABY,GA,ASO,ES,Federal Contract Tower,4,1,10,6,21,0,0,14,2,16,4,1,24,8,37,32,14,46,83
07/19/2023,ABY,GA,ASO,ES,Federal Contract Tower,2,0,2,4,8,0,0,11,0,11,2,0,13,4,19,0,0,0,19
07/20/2023,ABY,GA,ASO,ES,Federal Contract Tower,2,0,8,4,14,0,0,6,0,6,2,0,14,4,20,0,8,8,28
07/21/2023,ABY,GA,ASO,ES,Federal Contract Tower,2,0,10,0,12,0,0,8,2,10,2,0,18,2,22,2,2,4,26
07/22/2023,ABY,GA,ASO,ES,Federal Contract Tower,2,0,4,0,6,0,0,11,0,11,2,0,15,0,17,20,0,20,37
07/23/2023,ABY,GA,ASO,ES,Federal Contract Tower,2,0,7,0,9,0,0,5,1,6,2,0,12,1,15,0,0,0,15
07/24/2023,ABY,GA,ASO,ES,Federal Contract Tower,2,0,11,2,15,0,0,14,0,14,2,0,25,2,29,4,0,4,33
07/25/2023,ABY,GA,ASO,ES,Federal Contract Tower,3,0,3,6,12,0,0,16,0,16,3,0,19,6,28,0,0,0,28
07/26/2023,ABY,GA,ASO,ES,Federal Contract Tower,2,2,8,6,18,0,0,24,0,24,2,2,32,6,42,6,6,12,54
07/27/2023,ABY,GA,ASO,ES,Federal Contract Tower,2,0,7,6,15,0,0,21,0,21,2,0,28,6,36,0,4,4,40
07/28/2023,ABY,GA,ASO,ES,Federal Contract Tower,2,0,6,6,14,0,0,11,0,11,2,0,17,6,25,30,6,36,61
07/29/2023,ABY,GA,ASO,ES,Federal Contract Tower,2,0,0,0,2,0,0,12,0,12,2,0,12,0,14,4,0,4,18
07/30/2023,ABY,GA,ASO,ES,Federal Contract Tower,2,0,2,3,7,0,0,10,1,11,2,0,12,4,18,6,0,6,24
07/31/2023,ABY,GA,ASO,ES,Federal Contract Tower,2,2,5,2,11,0,0,5,0,5,2,2,10,2,16,4,0,4,20
08/01/2023,ABY,GA,ASO,ES,Federal Contract Tower,2,0,13,4,19,0,0,18,0,18,2,0,31,4,37,12,0,12,49
08/02/2023,ABY,GA,ASO,ES,Federal Contract Tower,2,10,5,5,22,0,0,14,1,15,2,10,19,6,37,8,15,23,60
08/03/2023,ABY,GA,ASO,ES,Federal Contract Tower,2,0,6,6,14,0,0,15,0,15,2,0,21,6,29,0,0,0,29
08/04/2023,ABY,GA,ASO,ES,Federal Contract Tower,2,0,7,0,9,0,0,4,1,5,2,0,11,1,14,0,0,0,14
08/05/2023,ABY,GA,ASO,ES,Federal Contract Tower,2,2,5,0,9,0,0,9,0,9,2,2,14,0,18,0,0,0,18
08/06/2023,ABY,GA,ASO,ES,Federal Contract Tower,2,2,5,0,9,0,0,15,0,15,2,2,20,0,24,20,0,20,44
08/07/2023,ABY,GA,ASO,ES,Federal Contract Tower,2,0,2,2,6,0,0,11,4,15,2,0,13,6,21,0,14,14,35
08/08/2023,ABY,GA,ASO,ES,Federal Contract Tower,2,0,7,4,13,0,0,4,2,6,2,0,11,6,19,0,0,0,19
08/09/2023,ABY,GA,ASO,ES,Federal Contract Tower,2,0,10,0,12,0,0,8,0,8,2,0,18,0,20,0,0,0,20
08/10/2023,ABY,GA,ASO,ES,Federal Contract Tower,2,2,2,3,9,0,0,12,4,16,2,2,14,7,25,2,44,46,71
08/11/2023,ABY,GA,ASO,ES,Federal Contract Tower,2,2,7,4,15,0,0,3,0,3,2,2,10,4,18,0,0,0,18
08/12/2023,ABY,GA,ASO,ES,Federal Contract Tower,2,0,5,0,7,0,0,28,0,28,2,0,33,0,35,18,0,18,53
08/13/2023,ABY,GA,ASO,ES,Federal Contract Tower,2,0,1,0,3,0,0,16,0,16,2,0,17,0,19,24,0,24,43
08/14/2023,ABY,GA,ASO,ES,Federal Contract Tower,2,0,3,0,5,0,0,10,4,14,2,0,13,4,19,0,24,24,43
08/15/2023,ABY,GA,ASO,ES,Federal Contract Tower,4,0,1,0,5,0,0,9,1,10,4,0,10,1,15,0,12,12,27
08/16/2023,ABY,GA,ASO,ES,Federal Contract Tower,2,0,7,0,9,0,0,5,0,5,2,0,12,0,14,0,0,0,14
08/17/2023,ABY,GA,ASO,ES,Federal Contract Tower,2,0,9,0,11,0,0,7,4,11,2,0,16,4,22,6,28,34,56
08/18/2023,ABY,GA,ASO,ES,Federal Contract Tower,2,0,3,4,9,0,0,17,3,20,2,0,20,7,29,0,26,26,55
08/19/2023,ABY,GA,ASO,ES,Federal Contract Tower,2,0,9,0,11,0,0,16,0,16,2,0,25,0,27,0,0,0,27
08/20/2023,ABY,GA,ASO,ES,Federal Contract Tower,2,0,4,0,6,0,0,23,0,23,2,0,27,0,29,2,0,2,31
08/21/2023,ABY,GA,ASO,ES,Federal Contract Tower,2,0,5,4,11,0,0,12,0,12,2,0,17,4,23,28,0,28,51
08/22/2023,ABY,GA,ASO,ES,Federal Contract Tower,2,1,5,4,12,0,0,15,0,15,2,1,20,4,27,16,0,16,43
08/23/2023,ABY,GA,ASO,ES,Federal Contract Tower,3,0,7,2,12,0,0,28,0,28,3,0,35,2,40,8,14,22,62
08/24/2023,ABY,GA,ASO,ES,Federal Contract Tower,1,0,11,0,12,0,0,23,0,23,1,0,34,0,35,10,0,10,45
08/25/2023,ABY,GA,ASO,ES,Federal Contract Tower,2,0,12,4,18,0,0,6,4,10,2,0,18,8,28,0,0,0,28
08/26/2023,ABY,GA,ASO,ES,Federal Contract Tower,2,0,0,0,2,0,0,35,0,35,2,0,35,0,37,0,0,0,37
08/27/2023,ABY,GA,ASO,ES,Federal Contract Tower,2,0,0,0,2,0,0,6,0,6,2,0,6,0,8,0,0,0,8
08/28/2023,ABY,GA,ASO,ES,Federal Contract Tower,2,0,16,4,22,0,0,19,6,25,2,0,35,10,47,10,58,68,115
08/29/2023,ABY,GA,ASO,ES,Federal Contract Tower,2,2,12,0,16,0,0,7,2,9,2,2,19,2,25,0,0,0,25
08/30/2023,ABY,GA,ASO,ES,Federal Contract Tower,2,0,1,0,3,0,0,0,0,0,2,0,1,0,3,0,0,0,3
08/31/2023,ABY,GA,ASO,ES,Federal Contract Tower,2,2,7,0,11,0,0,9,0,9,2,2,16,0,20,12,0,12,32
