01/01/2020,ACT,TX,ASW,CE,Combined TRACON& Tower with Radar,1,6,9,0,16,0,0,0,0,0,1,6,9,0,16,0,0,0,16
01/02/2020,ACT,TX,ASW,CE,Combined TRACON& Tower with Radar,6,8,26,0,40,0,0,34,0,34,6,8,60,0,74,0,0,0,74
01/03/2020,ACT,TX,ASW,CE,Combined TRACON& Tower with Radar,2,6,24,9,41,0,1,31,0,32,2,7,55,9,73,28,0,28,101
01/04/2020,ACT,TX,ASW,CE,Combined TRACON& Tower with Radar,2,9,21,0,32,0,0,63,0,63,2,9,84,0,95,28,0,28,123
01/05/2020,ACT,TX,ASW,CE,Combined TRACON& Tower with Radar,2,6,24,0,32,0,0,41,0,41,2,6,65,0,73,67,0,67,140
01/06/2020,ACT,TX,ASW,CE,Combined TRACON& Tower with Radar,2,9,45,28,84,0,1,52,1,54,2,10,97,29,138,54,0,54,192
01/07/2020,ACT,TX,ASW,CE,Combined TRACON& Tower with Radar,1,12,49,10,72,0,2,42,6,50,1,14,91,16,122,53,0,53,175
01/08/2020,ACT,TX,ASW,CE,Combined TRACON& Tower with Radar,2,12,40,34,88,0,4,62,11,77,2,16,102,45,165,40,0,40,205
01/09/2020,ACT,TX,ASW,CE,Combined TRACON& Tower with Radar,4,6,66,2,78,0,2,5,0,7,4,8,71,2,85,2,0,2,87
01/10/2020,ACT,TX,ASW,CE,Combined TRACON& Tower with Radar,2,4,29,14,49,0,0,3,0,3,2,4,32,14,52,2,0,2,54
01/11/2020,ACT,TX,ASW,CE,Combined TRACON& Tower with Radar,0,9,16,16,41,0,1,20,3,24,0,10,36,19,65,56,2,58,123
01/12/2020,ACT,TX,ASW,CE,Combined TRACON& Tower with Radar,2,10,44,6,62,0,0,50,9,59,2,10,94,15,121,16,4,20,141
01/13/2020,ACT,TX,ASW,CE,Combined TRACON& Tower with Radar,4,8,38,2,52,0,0,0,0,0,4,8,38,2,52,0,0,0,52
01/14/2020,ACT,TX,ASW,CE,Combined TRACON& Tower with Radar,0,10,60,19,89,0,0,2,0,2,0,10,62,19,91,0,0,0,91
01/15/2020,ACT,TX,ASW,CE,Combined TRACON& Tower with Radar,0,13,62,7,82,0,0,25,0,25,0,13,87,7,107,102,0,102,209
01/16/2020,ACT,TX,ASW,CE,Combined TRACON& Tower with Radar,4,10,17,0,31,0,0,0,0,0,4,10,17,0,31,0,0,0,31
01/17/2020,ACT,TX,ASW,CE,Combined TRACON& Tower with Radar,2,11,23,0,36,0,0,0,0,0,2,11,23,0,36,0,0,0,36
01/18/2020,ACT,TX,ASW,CE,Combined TRACON& Tower with Radar,0,12,37,0,49,0,0,48,4,52,0,12,85,4,101,94,0,94,195
01/19/2020,ACT,TX,ASW,CE,Combined TRACON& Tower with Radar,2,7,36,3,48,0,0,63,3,66,2,7,99,6,114,64,4,68,182
01/20/2020,ACT,TX,ASW,CE,Combined TRACON& Tower with Radar,4,12,60,0,76,0,2,89,2,93,4,14,149,2,169,98,0,98,267
01/21/2020,ACT,TX,ASW,CE,Combined TRACON& Tower with Radar,0,11,42,57,110,0,4,84,7,95,0,15,126,64,205,109,18,127,332
01/22/2020,ACT,TX,ASW,CE,Combined TRACON& Tower with Radar,0,14,8,2,24,0,0,0,0,0,0,14,8,2,24,0,0,0,24
01/23/2020,ACT,TX,ASW,CE,Combined TRACON& Tower with Radar,2,13,62,27,104,0,2,48,0,50,2,15,110,27,154,82,25,107,261
01/24/2020,ACT,TX,ASW,CE,Combined TRACON& Tower with Radar,8,9,70,66,153,0,0,89,5,94,8,9,159,71,247,58,16,74,321
01/25/2020,ACT,TX,ASW,CE,Combined TRACON& Tower with Radar,0,12,40,14,66,0,1,78,3,82,0,13,118,17,148,38,0,38,186
01/26/2020,ACT,TX,ASW,CE,Combined TRACON& Tower with Radar,2,9,30,0,41,0,0,42,0,42,2,9,72,0,83,11,0,11,94
01/27/2020,ACT,TX,ASW,CE,Combined TRACON& Tower with Radar,4,8,46,5,63,0,2,44,1,47,4,10,90,6,110,20,0,20,130
01/28/2020,ACT,TX,ASW,CE,Combined TRACON& Tower with Radar,2,9,36,7,54,0,0,0,0,0,2,9,36,7,54,0,0,0,54
01/29/2020,ACT,TX,ASW,CE,Combined TRACON& Tower with Radar,0,10,52,19,81,0,0,18,0,18,0,10,70,19,99,178,0,178,277
01/30/2020,ACT,TX,ASW,CE,Combined TRACON& Tower with Radar,2,13,54,37,106,0,0,10,0,10,2,13,64,37,116,130,0,130,246
01/31/2020,ACT,TX,ASW,CE,Combined TRACON& Tower with Radar,2,10,53,37,102,0,6,62,4,72,2,16,115,41,174,67,16,83,257
02/01/2020,ACT,TX,ASW,CE,Combined TRACON& Tower with Radar,1,4,27,20,52,0,2,70,5,77,1,6,97,25,129,56,2,58,187
02/02/2020,ACT,TX,ASW,CE,Combined TRACON& Tower with Radar,3,7,25,12,47,0,0,43,0,43,3,7,68,12,90,31,0,31,121
02/03/2020,ACT,TX,ASW,CE,Combined TRACON& Tower with Radar,2,9,38,29,78,0,1,36,0,37,2,10,74,29,115,46,16,62,177
02/04/2020,ACT,TX,ASW,CE,Combined TRACON& Tower with Radar,2,18,79,13,112,0,0,10,0,10,2,18,89,13,122,48,0,48,170
02/05/2020,ACT,TX,ASW,CE,Combined TRACON& Tower with Radar,1,10,10,0,21,0,0,0,0,0,1,10,10,0,21,0,0,0,21
02/06/2020,ACT,TX,ASW,CE,Combined TRACON& Tower with Radar,2,14,46,17,79,0,2,76,6,84,2,16,122,23,163,72,2,74,237
02/07/2020,ACT,TX,ASW,CE,Combined TRACON& Tower with Radar,2,11,69,31,113,0,4,104,6,114,2,15,173,37,227,50,8,58,285
02/08/2020,ACT,TX,ASW,CE,Combined TRACON& Tower with Radar,2,7,39,12,60,0,1,63,0,64,2,8,102,12,124,8,0,8,132
02/09/2020,ACT,TX,ASW,CE,Combined TRACON& Tower with Radar,2,7,13,0,22,0,0,0,0,0,2,7,13,0,22,0,0,0,22
02/10/2020,ACT,TX,ASW,CE,Combined TRACON& Tower with Radar,4,9,22,21,56,0,2,1,0,3,4,11,23,21,59,33,0,33,92
02/11/2020,ACT,TX,ASW,CE,Combined TRACON& Tower with Radar,0,14,6,8,28,0,0,0,0,0,0,14,6,8,28,0,0,0,28
02/12/2020,ACT,TX,ASW,CE,Combined TRACON& Tower with Radar,0,11,62,10,83,0,0,18,0,18,0,11,80,10,101,38,2,40,141
02/13/2020,ACT,TX,ASW,CE,Combined TRACON& Tower with Radar,0,14,64,29,107,0,0,35,3,38,0,14,99,32,145,78,22,100,245
02/14/2020,ACT,TX,ASW,CE,Combined TRACON& Tower with Radar,3,14,75,28,120,0,2,91,2,95,3,16,166,30,215,60,0,60,275
02/15/2020,ACT,TX,ASW,CE,Combined TRACON& Tower with Radar,3,22,37,0,62,0,0,40,0,40,3,22,77,0,102,57,0,57,159
02/16/2020,ACT,TX,ASW,CE,Combined TRACON& Tower with Radar,1,11,39,2,53,0,0,65,1,66,1,11,104,3,119,44,0,44,163
02/17/2020,ACT,TX,ASW,CE,Combined TRACON& Tower with Radar,2,29,54,0,85,0,2,41,0,43,2,31,95,0,128,51,0,51,179
02/18/2020,ACT,TX,ASW,CE,Combined TRACON& Tower with Radar,0,11,48,20,79,0,0,4,1,5,0,11,52,21,84,17,0,17,101
02/19/2020,ACT,TX,ASW,CE,Combined TRACON& Tower with Radar,0,8,29,0,37,0,0,0,0,0,0,8,29,0,37,0,0,0,37
02/20/2020,ACT,TX,ASW,CE,Combined TRACON& Tower with Radar,0,9,33,2,44,0,0,23,0,23,0,9,56,2,67,35,0,35,102
02/21/2020,ACT,TX,ASW,CE,Combined TRACON& Tower with Radar,3,11,75,44,133,0,0,105,8,113,3,11,180,52,246,40,6,46,292
02/22/2020,ACT,TX,ASW,CE,Combined TRACON& Tower with Radar,3,9,73,0,85,0,2,65,4,71,3,11,138,4,156,21,11,32,188
02/23/2020,ACT,TX,ASW,CE,Combined TRACON& Tower with Radar,0,14,46,8,68,0,0,2,0,2,0,14,48,8,70,0,0,0,70
02/24/2020,ACT,TX,ASW,CE,Combined TRACON& Tower with Radar,2,10,31,10,53,0,0,66,0,66,2,10,97,10,119,62,0,62,181
02/25/2020,ACT,TX,ASW,CE,Combined TRACON& Tower with Radar,2,9,73,28,112,0,0,58,0,58,2,9,131,28,170,84,2,86,256
02/26/2020,ACT,TX,ASW,CE,Combined TRACON& Tower with Radar,0,10,32,15,57,0,0,34,1,35,0,10,66,16,92,10,0,10,102
02/27/2020,ACT,TX,ASW,CE,Combined TRACON& Tower with Radar,0,9,68,39,116,0,0,98,7,105,0,9,166,46,221,106,4,110,331
02/28/2020,ACT,TX,ASW,CE,Combined TRACON& Tower with Radar,0,11,65,33,109,0,1,86,6,93,0,12,151,39,202,83,10,93,295
02/29/2020,ACT,TX,ASW,CE,Combined TRACON& Tower with Radar,2,8,30,3,43,0,0,62,0,62,2,8,92,3,105,8,0,8,113
03/01/2020,ACT,TX,ASW,CE,Combined TRACON& Tower with Radar,0,20,23,14,57,0,1,7,1,9,0,21,30,15,66,0,0,0,66
03/02/2020,ACT,TX,ASW,CE,Combined TRACON& Tower with Radar,2,9,38,38,87,0,1,27,1,29,2,10,65,39,116,98,0,98,214
03/03/2020,ACT,TX,ASW,CE,Combined TRACON& Tower with Radar,0,9,49,19,77,0,0,48,4,52,0,9,97,23,129,94,6,100,229
03/04/2020,ACT,TX,ASW,CE,Combined TRACON& Tower with Radar,0,7,11,0,18,0,0,1,0,1,0,7,12,0,19,0,0,0,19
03/05/2020,ACT,TX,ASW,CE,Combined TRACON& Tower with Radar,3,6,56,37,102,0,0,102,0,102,3,6,158,37,204,56,0,56,260
03/06/2020,ACT,TX,ASW,CE,Combined TRACON& Tower with Radar,3,9,61,37,110,0,1,96,4,101,3,10,157,41,211,93,18,111,322
03/07/2020,ACT,TX,ASW,CE,Combined TRACON& Tower with Radar,3,10,31,9,53,0,0,43,1,44,3,10,74,10,97,24,0,24,121
03/08/2020,ACT,TX,ASW,CE,Combined TRACON& Tower with Radar,5,6,23,20,54,0,0,4,1,5,5,6,27,21,59,0,18,18,77
03/09/2020,ACT,TX,ASW,CE,Combined TRACON& Tower with Radar,3,8,16,9,36,0,0,7,0,7,3,8,23,9,43,44,0,44,87
03/10/2020,ACT,TX,ASW,CE,Combined TRACON& Tower with Radar,4,16,34,35,89,0,0,7,0,7,4,16,41,35,96,95,0,95,191
03/11/2020,ACT,TX,ASW,CE,Combined TRACON& Tower with Radar,5,11,54,15,85,0,0,57,5,62,5,11,111,20,147,10,0,10,157
03/12/2020,ACT,TX,ASW,CE,Combined TRACON& Tower with Radar,5,9,43,35,92,0,0,45,3,48,5,9,88,38,140,68,2,70,210
03/13/2020,ACT,TX,ASW,CE,Combined TRACON& Tower with Radar,4,5,22,28,59,0,0,7,1,8,4,5,29,29,67,0,0,0,67
03/14/2020,ACT,TX,ASW,CE,Combined TRACON& Tower with Radar,3,4,28,6,41,0,2,1,2,5,3,6,29,8,46,0,0,0,46
03/15/2020,ACT,TX,ASW,CE,Combined TRACON& Tower with Radar,5,8,16,0,29,0,1,0,0,1,5,9,16,0,30,0,0,0,30
03/16/2020,ACT,TX,ASW,CE,Combined TRACON& Tower with Radar,3,6,40,61,110,0,1,7,1,9,3,7,47,62,119,34,4,38,157
03/17/2020,ACT,TX,ASW,CE,Combined TRACON& Tower with Radar,3,6,40,25,74,0,0,21,0,21,3,6,61,25,95,63,0,63,158
03/18/2020,ACT,TX,ASW,CE,Combined TRACON& Tower with Radar,3,9,70,19,101,0,0,22,2,24,3,9,92,21,125,132,0,132,257
03/19/2020,ACT,TX,ASW,CE,Combined TRACON& Tower with Radar,3,8,25,0,36,0,0,14,0,14,3,8,39,0,50,38,0,38,88
03/20/2020,ACT,TX,ASW,CE,Combined TRACON& Tower with Radar,3,6,37,3,49,0,0,7,0,7,3,6,44,3,56,46,0,46,102
03/21/2020,ACT,TX,ASW,CE,Combined TRACON& Tower with Radar,3,2,29,4,38,0,0,0,0,0,3,2,29,4,38,10,0,10,48
03/22/2020,ACT,TX,ASW,CE,Combined TRACON& Tower with Radar,3,6,12,0,21,0,0,0,0,0,3,6,12,0,21,0,0,0,21
03/23/2020,ACT,TX,ASW,CE,Combined TRACON& Tower with Radar,3,4,26,6,39,0,0,2,0,2,3,4,28,6,41,47,0,47,88
03/24/2020,ACT,TX,ASW,CE,Combined TRACON& Tower with Radar,1,2,23,22,48,0,2,35,0,37,1,4,58,22,85,8,0,8,93
03/25/2020,ACT,TX,ASW,CE,Combined TRACON& Tower with Radar,2,0,14,12,28,0,0,49,0,49,2,0,63,12,77,18,0,18,95
03/26/2020,ACT,TX,ASW,CE,Combined TRACON& Tower with Radar,1,6,16,23,46,0,0,10,0,10,1,6,26,23,56,36,0,36,92
03/27/2020,ACT,TX,ASW,CE,Combined TRACON& Tower with Radar,2,4,26,34,66,0,0,3,1,4,2,4,29,35,70,0,7,7,77
03/28/2020,ACT,TX,ASW,CE,Combined TRACON& Tower with Radar,1,2,11,0,14,0,1,17,0,18,1,3,28,0,32,40,0,40,72
03/29/2020,ACT,TX,ASW,CE,Combined TRACON& Tower with Radar,1,4,10,0,15,0,0,41,0,41,1,4,51,0,56,26,0,26,82
03/30/2020,ACT,TX,ASW,CE,Combined TRACON& Tower with Radar,3,2,4,0,9,0,0,0,0,0,3,2,4,0,9,0,0,0,9
03/31/2020,ACT,TX,ASW,CE,Combined TRACON& Tower with Radar,1,13,25,20,59,0,3,23,0,26,1,16,48,20,85,38,0,38,123
04/01/2020,ACT,TX,ASW,CE,Combined TRACON& Tower with Radar,3,8,25,6,42,0,0,54,4,58,3,8,79,10,100,42,4,46,146
04/02/2020,ACT,TX,ASW,CE,Combined TRACON& Tower with Radar,1,0,14,6,21,0,1,1,0,2,1,1,15,6,23,14,0,14,37
04/03/2020,ACT,TX,ASW,CE,Combined TRACON& Tower with Radar,1,8,6,3,18,0,0,0,0,0,1,8,6,3,18,0,0,0,18
04/04/2020,ACT,TX,ASW,CE,Combined TRACON& Tower with Radar,2,2,1,0,5,0,0,0,0,0,2,2,1,0,5,0,0,0,5
04/05/2020,ACT,TX,ASW,CE,Combined TRACON& Tower with Radar,0,4,28,0,32,0,0,0,0,0,0,4,28,0,32,0,0,0,32
04/06/2020,ACT,TX,ASW,CE,Combined TRACON& Tower with Radar,1,2,18,0,21,0,0,4,0,4,1,2,22,0,25,0,0,0,25
04/07/2020,ACT,TX,ASW,CE,Combined TRACON& Tower with Radar,1,2,37,54,94,0,8,56,0,64,1,10,93,54,158,23,4,27,185
04/08/2020,ACT,TX,ASW,CE,Combined TRACON& Tower with Radar,1,2,18,0,21,0,0,32,0,32,1,2,50,0,53,51,0,51,104
04/09/2020,ACT,TX,ASW,CE,Combined TRACON& Tower with Radar,1,2,19,1,23,0,0,9,0,9,1,2,28,1,32,0,0,0,32
04/10/2020,ACT,TX,ASW,CE,Combined TRACON& Tower with Radar,1,4,25,0,30,0,0,45,0,45,1,4,70,0,75,18,0,18,93
04/11/2020,ACT,TX,ASW,CE,Combined TRACON& Tower with Radar,1,0,5,0,6,0,0,3,0,3,1,0,8,0,9,26,0,26,35
04/12/2020,ACT,TX,ASW,CE,Combined TRACON& Tower with Radar,2,2,1,6,11,0,0,7,0,7,2,2,8,6,18,0,0,0,18
04/13/2020,ACT,TX,ASW,CE,Combined TRACON& Tower with Radar,1,4,19,9,33,0,1,44,1,46,1,5,63,10,79,28,0,28,107
04/14/2020,ACT,TX,ASW,CE,Combined TRACON& Tower with Radar,1,5,32,21,59,0,0,24,0,24,1,5,56,21,83,45,0,45,128
04/15/2020,ACT,TX,ASW,CE,Combined TRACON& Tower with Radar,0,0,7,0,7,0,0,53,0,53,0,0,60,0,60,60,0,60,120
04/16/2020,ACT,TX,ASW,CE,Combined TRACON& Tower with Radar,1,2,21,39,63,0,0,34,5,39,1,2,55,44,102,12,0,12,114
04/17/2020,ACT,TX,ASW,CE,Combined TRACON& Tower with Radar,1,2,34,2,39,0,0,1,0,1,1,2,35,2,40,0,0,0,40
04/18/2020,ACT,TX,ASW,CE,Combined TRACON& Tower with Radar,0,1,8,8,17,0,0,14,0,14,0,1,22,8,31,24,0,24,55
04/19/2020,ACT,TX,ASW,CE,Combined TRACON& Tower with Radar,0,7,6,0,13,0,1,10,0,11,0,8,16,0,24,26,0,26,50
04/20/2020,ACT,TX,ASW,CE,Combined TRACON& Tower with Radar,0,2,24,4,30,0,0,17,0,17,0,2,41,4,47,0,0,0,47
04/21/2020,ACT,TX,ASW,CE,Combined TRACON& Tower with Radar,0,4,20,21,45,0,9,30,0,39,0,13,50,21,84,38,0,38,122
04/22/2020,ACT,TX,ASW,CE,Combined TRACON& Tower with Radar,0,0,3,0,3,0,0,2,0,2,0,0,5,0,5,0,0,0,5
04/23/2020,ACT,TX,ASW,CE,Combined TRACON& Tower with Radar,0,3,24,7,34,0,2,71,0,73,0,5,95,7,107,40,0,40,147
04/24/2020,ACT,TX,ASW,CE,Combined TRACON& Tower with Radar,0,2,17,14,33,0,0,23,4,27,0,2,40,18,60,22,14,36,96
04/25/2020,ACT,TX,ASW,CE,Combined TRACON& Tower with Radar,0,1,11,9,21,0,0,41,5,46,0,1,52,14,67,10,0,10,77
04/26/2020,ACT,TX,ASW,CE,Combined TRACON& Tower with Radar,1,3,27,5,36,0,0,29,0,29,1,3,56,5,65,16,0,16,81
04/27/2020,ACT,TX,ASW,CE,Combined TRACON& Tower with Radar,0,4,23,17,44,0,0,18,3,21,0,4,41,20,65,0,0,0,65
04/28/2020,ACT,TX,ASW,CE,Combined TRACON& Tower with Radar,0,0,25,16,41,0,0,4,0,4,0,0,29,16,45,12,0,12,57
04/29/2020,ACT,TX,ASW,CE,Combined TRACON& Tower with Radar,0,2,27,23,52,0,0,26,0,26,0,2,53,23,78,6,0,6,84
04/30/2020,ACT,TX,ASW,CE,Combined TRACON& Tower with Radar,0,5,30,19,54,0,0,58,0,58,0,5,88,19,112,25,0,25,137
05/01/2020,ACT,TX,ASW,CE,Combined TRACON& Tower with Radar,0,4,18,36,58,0,2,26,0,28,0,6,44,36,86,8,0,8,94
05/02/2020,ACT,TX,ASW,CE,Combined TRACON& Tower with Radar,0,6,6,24,36,0,0,21,7,28,0,6,27,31,64,0,0,0,64
05/03/2020,ACT,TX,ASW,CE,Combined TRACON& Tower with Radar,0,4,25,4,33,0,0,31,0,31,0,4,56,4,64,34,0,34,98
05/04/2020,ACT,TX,ASW,CE,Combined TRACON& Tower with Radar,0,6,37,21,64,0,1,60,0,61,0,7,97,21,125,148,0,148,273
05/05/2020,ACT,TX,ASW,CE,Combined TRACON& Tower with Radar,2,0,29,2,33,0,0,35,4,39,2,0,64,6,72,139,0,139,211
05/06/2020,ACT,TX,ASW,CE,Combined TRACON& Tower with Radar,2,0,36,5,43,0,0,79,0,79,2,0,115,5,122,107,0,107,229
05/07/2020,ACT,TX,ASW,CE,Combined TRACON& Tower with Radar,1,3,21,23,48,0,0,58,7,65,1,3,79,30,113,49,2,51,164
05/08/2020,ACT,TX,ASW,CE,Combined TRACON& Tower with Radar,0,5,13,4,22,0,0,15,0,15,0,5,28,4,37,30,0,30,67
05/09/2020,ACT,TX,ASW,CE,Combined TRACON& Tower with Radar,0,5,26,5,36,0,0,41,2,43,0,5,67,7,79,13,0,13,92
05/10/2020,ACT,TX,ASW,CE,Combined TRACON& Tower with Radar,0,4,15,8,27,1,0,35,0,36,1,4,50,8,63,28,0,28,91
05/11/2020,ACT,TX,ASW,CE,Combined TRACON& Tower with Radar,0,4,30,7,41,0,0,82,0,82,0,4,112,7,123,93,0,93,216
05/12/2020,ACT,TX,ASW,CE,Combined TRACON& Tower with Radar,0,4,12,2,18,0,0,8,0,8,0,4,20,2,26,84,0,84,110
05/13/2020,ACT,TX,ASW,CE,Combined TRACON& Tower with Radar,0,8,74,25,107,0,0,40,0,40,0,8,114,25,147,118,0,118,265
05/14/2020,ACT,TX,ASW,CE,Combined TRACON& Tower with Radar,0,5,34,5,44,0,0,41,1,42,0,5,75,6,86,76,0,76,162
05/15/2020,ACT,TX,ASW,CE,Combined TRACON& Tower with Radar,0,4,43,21,68,0,2,29,0,31,0,6,72,21,99,130,0,130,229
05/16/2020,ACT,TX,ASW,CE,Combined TRACON& Tower with Radar,0,5,4,0,9,0,0,0,0,0,0,5,4,0,9,0,0,0,9
05/17/2020,ACT,TX,ASW,CE,Combined TRACON& Tower with Radar,0,4,17,1,22,0,0,15,1,16,0,4,32,2,38,2,0,2,40
05/18/2020,ACT,TX,ASW,CE,Combined TRACON& Tower with Radar,0,4,29,11,44,0,4,66,0,70,0,8,95,11,114,122,0,122,236
05/19/2020,ACT,TX,ASW,CE,Combined TRACON& Tower with Radar,0,7,44,15,66,0,4,68,0,72,0,11,112,15,138,80,4,84,222
05/20/2020,ACT,TX,ASW,CE,Combined TRACON& Tower with Radar,0,4,32,2,38,0,0,40,0,40,0,4,72,2,78,64,0,64,142
05/21/2020,ACT,TX,ASW,CE,Combined TRACON& Tower with Radar,0,4,45,11,60,0,2,43,0,45,0,6,88,11,105,116,0,116,221
05/22/2020,ACT,TX,ASW,CE,Combined TRACON& Tower with Radar,0,6,65,0,71,0,0,45,0,45,0,6,110,0,116,71,0,71,187
05/23/2020,ACT,TX,ASW,CE,Combined TRACON& Tower with Radar,0,7,28,0,35,0,2,16,0,18,0,9,44,0,53,12,0,12,65
05/24/2020,ACT,TX,ASW,CE,Combined TRACON& Tower with Radar,0,4,6,0,10,0,0,0,0,0,0,4,6,0,10,0,0,0,10
05/25/2020,ACT,TX,ASW,CE,Combined TRACON& Tower with Radar,0,4,18,0,22,0,0,12,0,12,0,4,30,0,34,52,0,52,86
05/26/2020,ACT,TX,ASW,CE,Combined TRACON& Tower with Radar,0,4,46,4,54,0,0,96,0,96,0,4,142,4,150,148,0,148,298
05/27/2020,ACT,TX,ASW,CE,Combined TRACON& Tower with Radar,0,7,27,3,37,0,0,57,1,58,0,7,84,4,95,112,0,112,207
05/28/2020,ACT,TX,ASW,CE,Combined TRACON& Tower with Radar,0,4,42,21,67,0,0,49,0,49,0,4,91,21,116,96,0,96,212
05/29/2020,ACT,TX,ASW,CE,Combined TRACON& Tower with Radar,0,6,33,20,59,0,0,102,1,103,0,6,135,21,162,94,0,94,256
05/30/2020,ACT,TX,ASW,CE,Combined TRACON& Tower with Radar,0,4,33,15,52,0,0,56,0,56,0,4,89,15,108,20,2,22,130
05/31/2020,ACT,TX,ASW,CE,Combined TRACON& Tower with Radar,0,4,28,0,32,0,2,28,0,30,0,6,56,0,62,12,2,14,76
06/01/2020,ACT,TX,ASW,CE,Combined TRACON& Tower with Radar,0,4,43,13,60,0,0,59,0,59,0,4,102,13,119,80,0,80,199
06/02/2020,ACT,TX,ASW,CE,Combined TRACON& Tower with Radar,0,5,44,28,77,0,0,69,0,69,0,5,113,28,146,131,0,131,277
06/03/2020,ACT,TX,ASW,CE,Combined TRACON& Tower with Radar,0,7,43,53,103,0,0,71,0,71,0,7,114,53,174,76,4,80,254
06/04/2020,ACT,TX,ASW,CE,Combined TRACON& Tower with Radar,0,4,59,17,80,0,0,87,0,87,0,4,146,17,167,98,4,102,269
06/05/2020,ACT,TX,ASW,CE,Combined TRACON& Tower with Radar,0,2,39,20,61,0,0,82,0,82,0,2,121,20,143,113,0,113,256
06/06/2020,ACT,TX,ASW,CE,Combined TRACON& Tower with Radar,0,2,18,0,20,0,0,47,0,47,0,2,65,0,67,40,0,40,107
06/07/2020,ACT,TX,ASW,CE,Combined TRACON& Tower with Radar,0,3,25,8,36,0,0,32,0,32,0,3,57,8,68,51,0,51,119
06/08/2020,ACT,TX,ASW,CE,Combined TRACON& Tower with Radar,0,8,44,28,80,0,0,59,1,60,0,8,103,29,140,49,0,49,189
06/09/2020,ACT,TX,ASW,CE,Combined TRACON& Tower with Radar,2,2,23,9,36,0,0,34,1,35,2,2,57,10,71,70,0,70,141
06/10/2020,ACT,TX,ASW,CE,Combined TRACON& Tower with Radar,0,2,45,25,72,0,0,84,0,84,0,2,129,25,156,160,0,160,316
06/11/2020,ACT,TX,ASW,CE,Combined TRACON& Tower with Radar,0,8,33,20,61,0,0,54,1,55,0,8,87,21,116,62,0,62,178
06/12/2020,ACT,TX,ASW,CE,Combined TRACON& Tower with Radar,0,5,42,32,79,0,2,82,6,90,0,7,124,38,169,18,6,24,193
06/13/2020,ACT,TX,ASW,CE,Combined TRACON& Tower with Radar,2,4,16,8,30,0,0,34,0,34,2,4,50,8,64,14,0,14,78
06/14/2020,ACT,TX,ASW,CE,Combined TRACON& Tower with Radar,0,2,9,4,15,0,0,43,0,43,0,2,52,4,58,28,0,28,86
06/15/2020,ACT,TX,ASW,CE,Combined TRACON& Tower with Radar,0,4,21,18,43,0,0,59,1,60,0,4,80,19,103,73,8,81,184
06/16/2020,ACT,TX,ASW,CE,Combined TRACON& Tower with Radar,0,4,62,17,83,0,0,66,0,66,0,4,128,17,149,114,0,114,263
06/17/2020,ACT,TX,ASW,CE,Combined TRACON& Tower with Radar,0,4,31,31,66,0,3,68,4,75,0,7,99,35,141,62,0,62,203
06/18/2020,ACT,TX,ASW,CE,Combined TRACON& Tower with Radar,0,2,57,19,78,0,0,46,2,48,0,2,103,21,126,22,0,22,148
06/19/2020,ACT,TX,ASW,CE,Combined TRACON& Tower with Radar,0,2,43,20,65,0,0,42,0,42,0,2,85,20,107,56,6,62,169
06/20/2020,ACT,TX,ASW,CE,Combined TRACON& Tower with Radar,1,2,22,5,30,0,1,11,1,13,1,3,33,6,43,2,0,2,45
06/21/2020,ACT,TX,ASW,CE,Combined TRACON& Tower with Radar,0,2,14,6,22,0,0,11,0,11,0,2,25,6,33,0,0,0,33
06/22/2020,ACT,TX,ASW,CE,Combined TRACON& Tower with Radar,0,2,33,29,64,0,0,38,0,38,0,2,71,29,102,66,0,66,168
06/23/2020,ACT,TX,ASW,CE,Combined TRACON& Tower with Radar,0,2,13,0,15,0,0,9,0,9,0,2,22,0,24,68,0,68,92
06/24/2020,ACT,TX,ASW,CE,Combined TRACON& Tower with Radar,0,4,44,6,54,0,0,33,0,33,0,4,77,6,87,116,0,116,203
06/25/2020,ACT,TX,ASW,CE,Combined TRACON& Tower with Radar,0,3,75,6,84,0,0,24,0,24,0,3,99,6,108,60,0,60,168
06/26/2020,ACT,TX,ASW,CE,Combined TRACON& Tower with Radar,0,7,17,5,29,0,0,16,0,16,0,7,33,5,45,66,0,66,111
06/27/2020,ACT,TX,ASW,CE,Combined TRACON& Tower with Radar,0,5,24,0,29,0,1,9,0,10,0,6,33,0,39,0,0,0,39
06/28/2020,ACT,TX,ASW,CE,Combined TRACON& Tower with Radar,0,2,13,0,15,0,0,2,0,2,0,2,15,0,17,40,0,40,57
06/29/2020,ACT,TX,ASW,CE,Combined TRACON& Tower with Radar,0,2,32,10,44,0,0,29,1,30,0,2,61,11,74,30,0,30,104
06/30/2020,ACT,TX,ASW,CE,Combined TRACON& Tower with Radar,0,2,45,14,61,0,0,39,0,39,0,2,84,14,100,80,0,80,180
07/01/2020,ACT,TX,ASW,CE,Combined TRACON& Tower with Radar,0,2,46,27,75,0,0,41,5,46,0,2,87,32,121,79,8,87,208
07/02/2020,ACT,TX,ASW,CE,Combined TRACON& Tower with Radar,2,2,31,4,39,0,4,40,0,44,2,6,71,4,83,92,0,92,175
07/03/2020,ACT,TX,ASW,CE,Combined TRACON& Tower with Radar,0,6,41,2,49,0,2,43,0,45,0,8,84,2,94,0,0,0,94
07/04/2020,ACT,TX,ASW,CE,Combined TRACON& Tower with Radar,0,2,14,0,16,0,0,25,0,25,0,2,39,0,41,25,0,25,66
07/05/2020,ACT,TX,ASW,CE,Combined TRACON& Tower with Radar,12,6,4,6,28,0,0,15,5,20,12,6,19,11,48,6,0,6,54
07/06/2020,ACT,TX,ASW,CE,Combined TRACON& Tower with Radar,0,4,30,0,34,0,0,34,0,34,0,4,64,0,68,90,0,90,158
07/07/2020,ACT,TX,ASW,CE,Combined TRACON& Tower with Radar,0,5,15,0,20,0,0,7,0,7,0,5,22,0,27,0,0,0,27
07/08/2020,ACT,TX,ASW,CE,Combined TRACON& Tower with Radar,0,5,55,14,74,0,2,51,0,53,0,7,106,14,127,82,0,82,209
07/09/2020,ACT,TX,ASW,CE,Combined TRACON& Tower with Radar,0,5,23,27,55,1,4,66,5,76,1,9,89,32,131,78,6,84,215
07/10/2020,ACT,TX,ASW,CE,Combined TRACON& Tower with Radar,0,4,42,12,58,0,0,69,0,69,0,4,111,12,127,114,0,114,241
07/11/2020,ACT,TX,ASW,CE,Combined TRACON& Tower with Radar,0,6,24,17,47,0,0,35,0,35,0,6,59,17,82,24,12,36,118
07/12/2020,ACT,TX,ASW,CE,Combined TRACON& Tower with Radar,0,5,21,10,36,0,0,24,0,24,0,5,45,10,60,48,0,48,108
07/13/2020,ACT,TX,ASW,CE,Combined TRACON& Tower with Radar,0,5,28,12,45,0,2,54,0,56,0,7,82,12,101,44,0,44,145
07/14/2020,ACT,TX,ASW,CE,Combined TRACON& Tower with Radar,0,10,47,2,59,0,0,57,0,57,0,10,104,2,116,78,0,78,194
07/15/2020,ACT,TX,ASW,CE,Combined TRACON& Tower with Radar,0,10,39,24,73,0,0,51,4,55,0,10,90,28,128,80,0,80,208
07/16/2020,ACT,TX,ASW,CE,Combined TRACON& Tower with Radar,0,5,45,5,55,0,0,78,2,80,0,5,123,7,135,68,0,68,203
07/17/2020,ACT,TX,ASW,CE,Combined TRACON& Tower with Radar,0,5,47,11,63,0,2,75,3,80,0,7,122,14,143,64,0,64,207
07/18/2020,ACT,TX,ASW,CE,Combined TRACON& Tower with Radar,0,6,32,6,44,0,0,27,2,29,0,6,59,8,73,24,0,24,97
07/19/2020,ACT,TX,ASW,CE,Combined TRACON& Tower with Radar,2,4,18,32,56,0,0,23,0,23,2,4,41,32,79,6,0,6,85
07/20/2020,ACT,TX,ASW,CE,Combined TRACON& Tower with Radar,0,7,30,12,49,0,2,62,4,68,0,9,92,16,117,102,0,102,219
07/21/2020,ACT,TX,ASW,CE,Combined TRACON& Tower with Radar,0,5,44,6,55,0,0,25,0,25,0,5,69,6,80,14,0,14,94
07/22/2020,ACT,TX,ASW,CE,Combined TRACON& Tower with Radar,0,4,67,24,95,0,4,48,1,53,0,8,115,25,148,73,0,73,221
07/23/2020,ACT,TX,ASW,CE,Combined TRACON& Tower with Radar,2,7,39,31,79,0,0,52,0,52,2,7,91,31,131,118,0,118,249
07/24/2020,ACT,TX,ASW,CE,Combined TRACON& Tower with Radar,0,14,39,39,92,0,5,71,5,81,0,19,110,44,173,64,28,92,265
07/25/2020,ACT,TX,ASW,CE,Combined TRACON& Tower with Radar,0,10,39,7,56,0,0,7,0,7,0,10,46,7,63,19,0,19,82
07/26/2020,ACT,TX,ASW,CE,Combined TRACON& Tower with Radar,0,6,25,0,31,0,0,15,0,15,0,6,40,0,46,22,0,22,68
07/27/2020,ACT,TX,ASW,CE,Combined TRACON& Tower with Radar,0,5,58,15,78,0,0,35,1,36,0,5,93,16,114,34,0,34,148
07/28/2020,ACT,TX,ASW,CE,Combined TRACON& Tower with Radar,0,5,30,11,46,0,2,42,0,44,0,7,72,11,90,0,50,50,140
07/29/2020,ACT,TX,ASW,CE,Combined TRACON& Tower with Radar,0,8,40,15,63,0,3,76,0,79,0,11,116,15,142,78,0,78,220
07/30/2020,ACT,TX,ASW,CE,Combined TRACON& Tower with Radar,0,5,49,13,67,0,0,52,0,52,0,5,101,13,119,92,0,92,211
07/31/2020,ACT,TX,ASW,CE,Combined TRACON& Tower with Radar,0,6,54,7,67,0,2,38,0,40,0,8,92,7,107,43,0,43,150
08/01/2020,ACT,TX,ASW,CE,Combined TRACON& Tower with Radar,0,7,25,0,32,0,2,48,0,50,0,9,73,0,82,28,0,28,110
08/02/2020,ACT,TX,ASW,CE,Combined TRACON& Tower with Radar,0,6,24,21,51,0,1,30,3,34,0,7,54,24,85,72,0,72,157
08/03/2020,ACT,TX,ASW,CE,Combined TRACON& Tower with Radar,0,5,27,24,56,0,0,46,2,48,0,5,73,26,104,48,2,50,154
08/04/2020,ACT,TX,ASW,CE,Combined TRACON& Tower with Radar,0,6,54,4,64,0,6,69,2,77,0,12,123,6,141,54,0,54,195
08/05/2020,ACT,TX,ASW,CE,Combined TRACON& Tower with Radar,0,6,47,18,71,0,2,54,4,60,0,8,101,22,131,70,0,70,201
08/06/2020,ACT,TX,ASW,CE,Combined TRACON& Tower with Radar,0,10,41,5,56,0,5,55,0,60,0,15,96,5,116,14,0,14,130
08/07/2020,ACT,TX,ASW,CE,Combined TRACON& Tower with Radar,0,5,36,27,68,0,2,50,6,58,0,7,86,33,126,26,4,30,156
08/08/2020,ACT,TX,ASW,CE,Combined TRACON& Tower with Radar,0,7,28,0,35,0,0,26,0,26,0,7,54,0,61,16,0,16,77
08/09/2020,ACT,TX,ASW,CE,Combined TRACON& Tower with Radar,1,8,14,10,33,0,0,17,0,17,1,8,31,10,50,6,0,6,56
08/10/2020,ACT,TX,ASW,CE,Combined TRACON& Tower with Radar,0,9,44,29,82,0,0,35,5,40,0,9,79,34,122,22,0,22,144
08/11/2020,ACT,TX,ASW,CE,Combined TRACON& Tower with Radar,0,5,64,29,98,0,0,47,6,53,0,5,111,35,151,30,2,32,183
08/12/2020,ACT,TX,ASW,CE,Combined TRACON& Tower with Radar,0,8,36,19,63,0,0,52,4,56,0,8,88,23,119,30,6,36,155
08/13/2020,ACT,TX,ASW,CE,Combined TRACON& Tower with Radar,0,8,65,15,88,0,0,63,2,65,0,8,128,17,153,40,0,40,193
08/14/2020,ACT,TX,ASW,CE,Combined TRACON& Tower with Radar,0,7,55,11,73,0,0,50,3,53,0,7,105,14,126,26,0,26,152
08/15/2020,ACT,TX,ASW,CE,Combined TRACON& Tower with Radar,0,12,21,0,33,0,2,42,0,44,0,14,63,0,77,16,0,16,93
08/16/2020,ACT,TX,ASW,CE,Combined TRACON& Tower with Radar,1,10,24,8,43,0,0,31,4,35,1,10,55,12,78,8,0,8,86
08/17/2020,ACT,TX,ASW,CE,Combined TRACON& Tower with Radar,0,12,50,10,72,0,0,41,0,41,0,12,91,10,113,38,0,38,151
08/18/2020,ACT,TX,ASW,CE,Combined TRACON& Tower with Radar,0,6,47,26,79,0,1,42,4,47,0,7,89,30,126,38,12,50,176
08/19/2020,ACT,TX,ASW,CE,Combined TRACON& Tower with Radar,0,9,55,37,101,0,2,50,0,52,0,11,105,37,153,37,0,37,190
08/20/2020,ACT,TX,ASW,CE,Combined TRACON& Tower with Radar,0,7,52,25,84,0,1,57,11,69,0,8,109,36,153,64,0,64,217
08/21/2020,ACT,TX,ASW,CE,Combined TRACON& Tower with Radar,0,7,35,24,66,0,0,56,8,64,0,7,91,32,130,50,4,54,184
08/22/2020,ACT,TX,ASW,CE,Combined TRACON& Tower with Radar,0,7,22,6,35,0,0,41,0,41,0,7,63,6,76,38,0,38,114
08/23/2020,ACT,TX,ASW,CE,Combined TRACON& Tower with Radar,0,5,22,2,29,0,0,27,0,27,0,5,49,2,56,22,0,22,78
08/24/2020,ACT,TX,ASW,CE,Combined TRACON& Tower with Radar,0,5,17,25,47,0,3,39,5,47,0,8,56,30,94,8,0,8,102
08/25/2020,ACT,TX,ASW,CE,Combined TRACON& Tower with Radar,0,6,32,15,53,0,3,65,5,73,0,9,97,20,126,50,0,50,176
08/26/2020,ACT,TX,ASW,CE,Combined TRACON& Tower with Radar,0,9,20,2,31,0,0,31,0,31,0,9,51,2,62,50,0,50,112
08/27/2020,ACT,TX,ASW,CE,Combined TRACON& Tower with Radar,0,5,38,7,50,0,2,52,0,54,0,7,90,7,104,52,0,52,156
08/28/2020,ACT,TX,ASW,CE,Combined TRACON& Tower with Radar,0,9,35,23,67,0,0,56,0,56,0,9,91,23,123,68,0,68,191
08/29/2020,ACT,TX,ASW,CE,Combined TRACON& Tower with Radar,0,6,29,0,35,0,0,46,2,48,0,6,75,2,83,16,0,16,99
08/30/2020,ACT,TX,ASW,CE,Combined TRACON& Tower with Radar,2,5,26,3,36,0,0,16,1,17,2,5,42,4,53,6,0,6,59
08/31/2020,ACT,TX,ASW,CE,Combined TRACON& Tower with Radar,0,5,24,67,96,0,0,47,7,54,0,5,71,74,150,56,2,58,208
09/01/2020,ACT,TX,ASW,CE,Combined TRACON& Tower with Radar,6,3,47,30,86,0,0,44,2,46,6,3,91,32,132,38,0,38,170
09/02/2020,ACT,TX,ASW,CE,Combined TRACON& Tower with Radar,0,4,12,2,18,0,0,20,0,20,0,4,32,2,38,32,0,32,70
09/03/2020,ACT,TX,ASW,CE,Combined TRACON& Tower with Radar,0,5,13,1,19,0,0,9,0,9,0,5,22,1,28,0,0,0,28
09/04/2020,ACT,TX,ASW,CE,Combined TRACON& Tower with Radar,0,9,17,0,26,0,0,16,0,16,0,9,33,0,42,52,0,52,94
09/05/2020,ACT,TX,ASW,CE,Combined TRACON& Tower with Radar,2,10,20,0,32,0,1,17,0,18,2,11,37,0,50,12,0,12,62
09/06/2020,ACT,TX,ASW,CE,Combined TRACON& Tower with Radar,0,4,17,2,23,0,1,18,0,19,0,5,35,2,42,14,0,14,56
09/07/2020,ACT,TX,ASW,CE,Combined TRACON& Tower with Radar,0,7,43,0,50,0,0,46,0,46,0,7,89,0,96,46,0,46,142
09/08/2020,ACT,TX,ASW,CE,Combined TRACON& Tower with Radar,0,12,28,15,55,0,0,42,1,43,0,12,70,16,98,72,0,72,170
09/09/2020,ACT,TX,ASW,CE,Combined TRACON& Tower with Radar,0,8,17,0,25,0,0,6,0,6,0,8,23,0,31,102,0,102,133
09/10/2020,ACT,TX,ASW,CE,Combined TRACON& Tower with Radar,0,8,52,15,75,0,0,1,0,1,0,8,53,15,76,106,0,106,182
09/11/2020,ACT,TX,ASW,CE,Combined TRACON& Tower with Radar,0,4,82,56,142,0,2,18,2,22,0,6,100,58,164,162,0,162,326
09/12/2020,ACT,TX,ASW,CE,Combined TRACON& Tower with Radar,0,4,21,29,54,0,2,55,11,68,0,6,76,40,122,84,16,100,222
09/13/2020,ACT,TX,ASW,CE,Combined TRACON& Tower with Radar,0,7,25,12,44,0,1,45,3,49,0,8,70,15,93,23,0,23,116
09/14/2020,ACT,TX,ASW,CE,Combined TRACON& Tower with Radar,0,11,36,13,60,0,0,80,2,82,0,11,116,15,142,116,0,116,258
09/15/2020,ACT,TX,ASW,CE,Combined TRACON& Tower with Radar,0,13,49,25,87,0,2,27,0,29,0,15,76,25,116,184,0,184,300
09/16/2020,ACT,TX,ASW,CE,Combined TRACON& Tower with Radar,0,6,36,4,46,0,0,48,0,48,0,6,84,4,94,110,0,110,204
09/17/2020,ACT,TX,ASW,CE,Combined TRACON& Tower with Radar,0,5,36,0,41,0,0,54,0,54,0,5,90,0,95,48,0,48,143
09/18/2020,ACT,TX,ASW,CE,Combined TRACON& Tower with Radar,0,6,35,25,66,0,0,97,2,99,0,6,132,27,165,31,8,39,204
09/19/2020,ACT,TX,ASW,CE,Combined TRACON& Tower with Radar,0,6,33,36,75,0,0,49,5,54,0,6,82,41,129,22,60,82,211
09/20/2020,ACT,TX,ASW,CE,Combined TRACON& Tower with Radar,1,7,34,2,44,0,0,50,0,50,1,7,84,2,94,26,0,26,120
09/21/2020,ACT,TX,ASW,CE,Combined TRACON& Tower with Radar,0,4,18,2,24,0,0,8,0,8,0,4,26,2,32,44,0,44,76
09/22/2020,ACT,TX,ASW,CE,Combined TRACON& Tower with Radar,0,9,15,0,24,0,0,0,0,0,0,9,15,0,24,0,0,0,24
09/23/2020,ACT,TX,ASW,CE,Combined TRACON& Tower with Radar,0,6,96,6,108,0,0,15,0,15,0,6,111,6,123,100,0,100,223
09/24/2020,ACT,TX,ASW,CE,Combined TRACON& Tower with Radar,0,15,57,12,84,0,0,45,0,45,0,15,102,12,129,188,8,196,325
09/25/2020,ACT,TX,ASW,CE,Combined TRACON& Tower with Radar,1,4,48,13,66,0,2,80,1,83,1,6,128,14,149,86,0,86,235
09/26/2020,ACT,TX,ASW,CE,Combined TRACON& Tower with Radar,0,4,57,7,68,0,0,30,3,33,0,4,87,10,101,0,0,0,101
09/27/2020,ACT,TX,ASW,CE,Combined TRACON& Tower with Radar,0,14,34,6,54,0,0,18,0,18,0,14,52,6,72,24,0,24,96
09/28/2020,ACT,TX,ASW,CE,Combined TRACON& Tower with Radar,0,7,15,23,45,0,0,63,3,66,0,7,78,26,111,52,4,56,167
09/29/2020,ACT,TX,ASW,CE,Combined TRACON& Tower with Radar,0,6,44,11,61,0,0,75,0,75,0,6,119,11,136,120,0,120,256
09/30/2020,ACT,TX,ASW,CE,Combined TRACON& Tower with Radar,0,9,47,22,78,0,0,89,0,89,0,9,136,22,167,84,0,84,251
10/01/2020,ACT,TX,ASW,CE,Combined TRACON& Tower with Radar,0,10,52,29,91,0,1,77,3,81,0,11,129,32,172,85,4,89,261
10/02/2020,ACT,TX,ASW,CE,Combined TRACON& Tower with Radar,2,9,67,19,97,0,0,76,1,77,2,9,143,20,174,96,0,96,270
10/03/2020,ACT,TX,ASW,CE,Combined TRACON& Tower with Radar,2,9,34,24,69,0,0,50,6,56,2,9,84,30,125,26,32,58,183
10/04/2020,ACT,TX,ASW,CE,Combined TRACON& Tower with Radar,0,11,38,6,55,0,0,35,0,35,0,11,73,6,90,6,0,6,96
10/05/2020,ACT,TX,ASW,CE,Combined TRACON& Tower with Radar,0,7,20,31,58,0,0,60,4,64,0,7,80,35,122,76,0,76,198
10/06/2020,ACT,TX,ASW,CE,Combined TRACON& Tower with Radar,0,9,44,20,73,0,0,77,0,77,0,9,121,20,150,108,4,112,262
10/07/2020,ACT,TX,ASW,CE,Combined TRACON& Tower with Radar,0,10,45,18,73,0,4,71,13,88,0,14,116,31,161,102,8,110,271
10/08/2020,ACT,TX,ASW,CE,Combined TRACON& Tower with Radar,0,7,51,17,75,0,0,87,7,94,0,7,138,24,169,110,0,110,279
10/09/2020,ACT,TX,ASW,CE,Combined TRACON& Tower with Radar,0,11,75,7,93,0,1,36,3,40,0,12,111,10,133,69,2,71,204
10/10/2020,ACT,TX,ASW,CE,Combined TRACON& Tower with Radar,0,9,25,18,52,0,0,49,1,50,0,9,74,19,102,14,12,26,128
10/11/2020,ACT,TX,ASW,CE,Combined TRACON& Tower with Radar,0,6,13,8,27,0,1,44,0,45,0,7,57,8,72,24,0,24,96
10/12/2020,ACT,TX,ASW,CE,Combined TRACON& Tower with Radar,0,7,41,0,48,0,3,53,0,56,0,10,94,0,104,70,0,70,174
10/13/2020,ACT,TX,ASW,CE,Combined TRACON& Tower with Radar,0,6,39,16,61,0,1,87,0,88,0,7,126,16,149,104,0,104,253
10/14/2020,ACT,TX,ASW,CE,Combined TRACON& Tower with Radar,0,5,49,40,94,0,0,54,1,55,0,5,103,41,149,150,0,150,299
10/15/2020,ACT,TX,ASW,CE,Combined TRACON& Tower with Radar,0,5,44,22,71,0,3,40,1,44,0,8,84,23,115,64,0,64,179
10/16/2020,ACT,TX,ASW,CE,Combined TRACON& Tower with Radar,0,7,45,30,82,0,3,103,2,108,0,10,148,32,190,98,8,106,296
10/17/2020,ACT,TX,ASW,CE,Combined TRACON& Tower with Radar,0,6,29,44,79,0,0,18,3,21,0,6,47,47,100,6,14,20,120
10/18/2020,ACT,TX,ASW,CE,Combined TRACON& Tower with Radar,0,7,23,16,46,0,0,23,0,23,0,7,46,16,69,14,0,14,83
10/19/2020,ACT,TX,ASW,CE,Combined TRACON& Tower with Radar,0,7,49,31,87,0,0,20,2,22,0,7,69,33,109,162,0,162,271
10/20/2020,ACT,TX,ASW,CE,Combined TRACON& Tower with Radar,0,9,69,30,108,0,4,45,0,49,0,13,114,30,157,108,0,108,265
10/21/2020,ACT,TX,ASW,CE,Combined TRACON& Tower with Radar,1,4,46,16,67,0,4,59,1,64,1,8,105,17,131,216,0,216,347
10/22/2020,ACT,TX,ASW,CE,Combined TRACON& Tower with Radar,0,10,62,25,97,0,2,46,1,49,0,12,108,26,146,74,0,74,220
10/23/2020,ACT,TX,ASW,CE,Combined TRACON& Tower with Radar,2,5,22,24,53,0,0,7,0,7,2,5,29,24,60,50,8,58,118
10/24/2020,ACT,TX,ASW,CE,Combined TRACON& Tower with Radar,0,6,20,49,75,0,0,52,6,58,0,6,72,55,133,16,18,34,167
10/25/2020,ACT,TX,ASW,CE,Combined TRACON& Tower with Radar,0,5,35,11,51,0,0,5,2,7,0,5,40,13,58,14,0,14,72
10/26/2020,ACT,TX,ASW,CE,Combined TRACON& Tower with Radar,0,7,6,0,13,0,0,0,0,0,0,7,6,0,13,0,0,0,13
10/27/2020,ACT,TX,ASW,CE,Combined TRACON& Tower with Radar,1,5,27,1,34,0,0,0,0,0,1,5,27,1,34,0,0,0,34
10/28/2020,ACT,TX,ASW,CE,Combined TRACON& Tower with Radar,1,8,37,8,54,0,2,11,4,17,1,10,48,12,71,78,22,100,171
10/29/2020,ACT,TX,ASW,CE,Combined TRACON& Tower with Radar,0,7,45,11,63,0,0,26,1,27,0,7,71,12,90,70,0,70,160
10/30/2020,ACT,TX,ASW,CE,Combined TRACON& Tower with Radar,0,6,70,17,93,0,9,130,1,140,0,15,200,18,233,201,0,201,434
10/31/2020,ACT,TX,ASW,CE,Combined TRACON& Tower with Radar,3,4,29,45,81,0,0,92,1,93,3,4,121,46,174,71,4,75,249
11/01/2020,ACT,TX,ASW,CE,Combined TRACON& Tower with Radar,1,7,21,8,37,0,0,39,0,39,1,7,60,8,76,12,0,12,88
11/02/2020,ACT,TX,ASW,CE,Combined TRACON& Tower with Radar,0,6,43,45,94,0,5,91,1,97,0,11,134,46,191,52,6,58,249
11/03/2020,ACT,TX,ASW,CE,Combined TRACON& Tower with Radar,3,4,41,12,60,0,3,90,2,95,3,7,131,14,155,104,0,104,259
11/04/2020,ACT,TX,ASW,CE,Combined TRACON& Tower with Radar,2,13,57,21,93,0,1,85,1,87,2,14,142,22,180,140,8,148,328
11/05/2020,ACT,TX,ASW,CE,Combined TRACON& Tower with Radar,0,5,45,43,93,0,0,59,14,73,0,5,104,57,166,116,4,120,286
11/06/2020,ACT,TX,ASW,CE,Combined TRACON& Tower with Radar,2,12,41,33,88,0,0,69,1,70,2,12,110,34,158,76,0,76,234
11/07/2020,ACT,TX,ASW,CE,Combined TRACON& Tower with Radar,0,7,17,10,34,0,2,78,0,80,0,9,95,10,114,62,0,62,176
11/08/2020,ACT,TX,ASW,CE,Combined TRACON& Tower with Radar,0,8,23,6,37,0,0,15,0,15,0,8,38,6,52,40,0,40,92
11/09/2020,ACT,TX,ASW,CE,Combined TRACON& Tower with Radar,0,6,35,6,47,0,0,43,2,45,0,6,78,8,92,65,0,65,157
11/10/2020,ACT,TX,ASW,CE,Combined TRACON& Tower with Radar,0,8,38,23,69,0,0,41,0,41,0,8,79,23,110,106,0,106,216
11/11/2020,ACT,TX,ASW,CE,Combined TRACON& Tower with Radar,0,8,50,6,64,0,4,94,0,98,0,12,144,6,162,163,0,163,325
11/12/2020,ACT,TX,ASW,CE,Combined TRACON& Tower with Radar,0,8,57,23,88,0,0,89,8,97,0,8,146,31,185,86,0,86,271
11/13/2020,ACT,TX,ASW,CE,Combined TRACON& Tower with Radar,2,6,39,25,72,0,2,38,0,40,2,8,77,25,112,108,0,108,220
11/14/2020,ACT,TX,ASW,CE,Combined TRACON& Tower with Radar,2,9,26,39,76,0,0,20,1,21,2,9,46,40,97,104,28,132,229
11/15/2020,ACT,TX,ASW,CE,Combined TRACON& Tower with Radar,0,6,17,2,25,0,0,50,0,50,0,6,67,2,75,57,0,57,132
11/16/2020,ACT,TX,ASW,CE,Combined TRACON& Tower with Radar,0,6,43,36,85,0,0,88,4,92,0,6,131,40,177,100,0,100,277
11/17/2020,ACT,TX,ASW,CE,Combined TRACON& Tower with Radar,0,8,38,29,75,0,0,90,7,97,0,8,128,36,172,152,6,158,330
11/18/2020,ACT,TX,ASW,CE,Combined TRACON& Tower with Radar,0,10,58,27,95,0,0,92,5,97,0,10,150,32,192,104,0,104,296
11/19/2020,ACT,TX,ASW,CE,Combined TRACON& Tower with Radar,0,8,46,34,88,0,0,53,8,61,0,8,99,42,149,50,8,58,207
11/20/2020,ACT,TX,ASW,CE,Combined TRACON& Tower with Radar,0,6,36,24,66,0,0,48,6,54,0,6,84,30,120,48,0,48,168
11/21/2020,ACT,TX,ASW,CE,Combined TRACON& Tower with Radar,0,9,28,21,58,0,0,44,2,46,0,9,72,23,104,48,10,58,162
11/22/2020,ACT,TX,ASW,CE,Combined TRACON& Tower with Radar,0,6,32,6,44,0,0,10,0,10,0,6,42,6,54,0,0,0,54
11/23/2020,ACT,TX,ASW,CE,Combined TRACON& Tower with Radar,2,11,47,23,83,0,1,2,1,4,2,12,49,24,87,38,12,50,137
11/24/2020,ACT,TX,ASW,CE,Combined TRACON& Tower with Radar,0,6,32,14,52,0,0,8,0,8,0,6,40,14,60,14,0,14,74
11/25/2020,ACT,TX,ASW,CE,Combined TRACON& Tower with Radar,0,10,20,0,30,0,4,76,0,80,0,14,96,0,110,96,0,96,206
11/26/2020,ACT,TX,ASW,CE,Combined TRACON& Tower with Radar,2,3,3,0,8,0,0,18,0,18,2,3,21,0,26,2,0,2,28
11/27/2020,ACT,TX,ASW,CE,Combined TRACON& Tower with Radar,3,4,8,0,15,0,0,0,0,0,3,4,8,0,15,0,0,0,15
11/28/2020,ACT,TX,ASW,CE,Combined TRACON& Tower with Radar,3,8,17,0,28,0,0,1,2,3,3,8,18,2,31,0,0,0,31
11/29/2020,ACT,TX,ASW,CE,Combined TRACON& Tower with Radar,0,9,29,0,38,0,0,3,0,3,0,9,32,0,41,0,0,0,41
11/30/2020,ACT,TX,ASW,CE,Combined TRACON& Tower with Radar,0,12,33,16,61,0,3,67,6,76,0,15,100,22,137,48,0,48,185
12/01/2020,ACT,TX,ASW,CE,Combined TRACON& Tower with Radar,0,8,29,18,55,0,0,50,0,50,0,8,79,18,105,72,0,72,177
12/02/2020,ACT,TX,ASW,CE,Combined TRACON& Tower with Radar,0,10,30,12,52,0,0,29,0,29,0,10,59,12,81,77,6,83,164
12/03/2020,ACT,TX,ASW,CE,Combined TRACON& Tower with Radar,0,6,42,23,71,0,0,26,0,26,0,6,68,23,97,0,0,0,97
12/04/2020,ACT,TX,ASW,CE,Combined TRACON& Tower with Radar,0,7,31,24,62,0,6,102,5,113,0,13,133,29,175,108,6,114,289
12/05/2020,ACT,TX,ASW,CE,Combined TRACON& Tower with Radar,0,9,23,38,70,0,2,53,7,62,0,11,76,45,132,44,18,62,194
12/06/2020,ACT,TX,ASW,CE,Combined TRACON& Tower with Radar,0,8,11,2,21,0,0,41,0,41,0,8,52,2,62,42,0,42,104
12/07/2020,ACT,TX,ASW,CE,Combined TRACON& Tower with Radar,0,7,44,26,77,0,0,79,2,81,0,7,123,28,158,20,0,20,178
12/08/2020,ACT,TX,ASW,CE,Combined TRACON& Tower with Radar,0,10,43,37,90,0,3,61,11,75,0,13,104,48,165,86,0,86,251
12/09/2020,ACT,TX,ASW,CE,Combined TRACON& Tower with Radar,0,8,28,30,66,0,0,77,3,80,0,8,105,33,146,38,0,38,184
12/10/2020,ACT,TX,ASW,CE,Combined TRACON& Tower with Radar,0,8,36,18,62,0,0,61,1,62,0,8,97,19,124,32,12,44,168
12/11/2020,ACT,TX,ASW,CE,Combined TRACON& Tower with Radar,2,6,26,8,42,0,0,13,0,13,2,6,39,8,55,24,12,36,91
12/12/2020,ACT,TX,ASW,CE,Combined TRACON& Tower with Radar,2,7,41,13,63,0,1,59,0,60,2,8,100,13,123,16,0,16,139
12/13/2020,ACT,TX,ASW,CE,Combined TRACON& Tower with Radar,0,6,10,0,16,0,0,1,0,1,0,6,11,0,17,0,0,0,17
12/14/2020,ACT,TX,ASW,CE,Combined TRACON& Tower with Radar,0,6,27,18,51,0,0,57,6,63,0,6,84,24,114,62,14,76,190
12/15/2020,ACT,TX,ASW,CE,Combined TRACON& Tower with Radar,0,6,32,12,50,0,0,0,0,0,0,6,32,12,50,0,0,0,50
12/16/2020,ACT,TX,ASW,CE,Combined TRACON& Tower with Radar,0,4,40,12,56,0,0,53,0,53,0,4,93,12,109,70,0,70,179
12/17/2020,ACT,TX,ASW,CE,Combined TRACON& Tower with Radar,0,6,34,35,75,0,0,50,1,51,0,6,84,36,126,32,6,38,164
12/18/2020,ACT,TX,ASW,CE,Combined TRACON& Tower with Radar,0,9,26,38,73,0,1,22,0,23,0,10,48,38,96,30,0,30,126
12/19/2020,ACT,TX,ASW,CE,Combined TRACON& Tower with Radar,0,17,16,3,36,0,0,5,1,6,0,17,21,4,42,2,0,2,44
12/20/2020,ACT,TX,ASW,CE,Combined TRACON& Tower with Radar,0,12,30,0,42,0,0,39,0,39,0,12,69,0,81,2,0,2,83
12/21/2020,ACT,TX,ASW,CE,Combined TRACON& Tower with Radar,0,8,9,5,22,0,2,65,1,68,0,10,74,6,90,42,0,42,132
12/22/2020,ACT,TX,ASW,CE,Combined TRACON& Tower with Radar,0,8,22,26,56,0,0,29,0,29,0,8,51,26,85,20,0,20,105
12/23/2020,ACT,TX,ASW,CE,Combined TRACON& Tower with Radar,0,8,15,2,25,0,0,26,2,28,0,8,41,4,53,20,0,20,73
12/24/2020,ACT,TX,ASW,CE,Combined TRACON& Tower with Radar,0,4,7,0,11,0,0,14,0,14,0,4,21,0,25,4,0,4,29
12/25/2020,ACT,TX,ASW,CE,Combined TRACON& Tower with Radar,0,4,2,0,6,0,0,5,0,5,0,4,7,0,11,4,0,4,15
12/26/2020,ACT,TX,ASW,CE,Combined TRACON& Tower with Radar,0,9,15,0,24,0,1,42,0,43,0,10,57,0,67,10,0,10,77
12/27/2020,ACT,TX,ASW,CE,Combined TRACON& Tower with Radar,0,8,12,0,20,0,0,20,0,20,0,8,32,0,40,10,0,10,50
12/28/2020,ACT,TX,ASW,CE,Combined TRACON& Tower with Radar,0,11,51,9,71,0,0,1,0,1,0,11,52,9,72,18,0,18,90
12/29/2020,ACT,TX,ASW,CE,Combined TRACON& Tower with Radar,0,10,22,2,34,0,3,3,0,6,0,13,25,2,40,0,0,0,40
12/30/2020,ACT,TX,ASW,CE,Combined TRACON& Tower with Radar,0,8,18,0,26,0,0,0,0,0,0,8,18,0,26,0,0,0,26
12/31/2020,ACT,TX,ASW,CE,Combined TRACON& Tower with Radar,0,6,4,0,10,0,0,0,0,0,0,6,4,0,10,0,0,0,10
01/01/2021,ACT,TX,ASW,CE,Combined TRACON& Tower with Radar,0,9,9,0,18,0,2,4,0,6,0,11,13,0,24,0,0,0,24
01/02/2021,ACT,TX,ASW,CE,Combined TRACON& Tower with Radar,0,11,30,0,41,0,0,45,0,45,0,11,75,0,86,14,0,14,100
01/03/2021,ACT,TX,ASW,CE,Combined TRACON& Tower with Radar,0,9,22,0,31,0,0,34,0,34,0,9,56,0,65,26,0,26,91
01/04/2021,ACT,TX,ASW,CE,Combined TRACON& Tower with Radar,0,9,34,6,49,0,0,49,0,49,0,9,83,6,98,60,6,66,164
01/05/2021,ACT,TX,ASW,CE,Combined TRACON& Tower with Radar,0,7,57,12,76,0,6,64,0,70,0,13,121,12,146,50,0,50,196
01/06/2021,ACT,TX,ASW,CE,Combined TRACON& Tower with Radar,0,8,27,9,44,0,0,8,0,8,0,8,35,9,52,2,0,2,54
01/07/2021,ACT,TX,ASW,CE,Combined TRACON& Tower with Radar,0,9,52,22,83,0,2,43,2,47,0,11,95,24,130,38,0,38,168
01/08/2021,ACT,TX,ASW,CE,Combined TRACON& Tower with Radar,0,12,52,33,97,0,1,29,0,30,0,13,81,33,127,0,0,0,127
01/09/2021,ACT,TX,ASW,CE,Combined TRACON& Tower with Radar,0,8,23,47,78,0,0,36,5,41,0,8,59,52,119,46,24,70,189
01/10/2021,ACT,TX,ASW,CE,Combined TRACON& Tower with Radar,0,0,5,0,5,0,0,0,0,0,0,0,5,0,5,0,0,0,5
01/11/2021,ACT,TX,ASW,CE,Combined TRACON& Tower with Radar,0,9,25,30,64,0,4,14,3,21,0,13,39,33,85,24,0,24,109
01/12/2021,ACT,TX,ASW,CE,Combined TRACON& Tower with Radar,0,9,37,10,56,0,2,48,0,50,0,11,85,10,106,16,0,16,122
01/13/2021,ACT,TX,ASW,CE,Combined TRACON& Tower with Radar,0,6,59,25,90,0,0,75,6,81,0,6,134,31,171,32,0,32,203
01/14/2021,ACT,TX,ASW,CE,Combined TRACON& Tower with Radar,0,9,20,8,37,0,3,24,9,36,0,12,44,17,73,22,0,22,95
01/15/2021,ACT,TX,ASW,CE,Combined TRACON& Tower with Radar,0,9,20,8,37,0,0,18,0,18,0,9,38,8,55,0,0,0,55
01/16/2021,ACT,TX,ASW,CE,Combined TRACON& Tower with Radar,0,15,35,11,61,0,4,67,4,75,0,19,102,15,136,44,8,52,188
01/17/2021,ACT,TX,ASW,CE,Combined TRACON& Tower with Radar,1,8,26,4,39,0,0,65,1,66,1,8,91,5,105,22,0,22,127
01/18/2021,ACT,TX,ASW,CE,Combined TRACON& Tower with Radar,0,10,59,0,69,0,2,37,2,41,0,12,96,2,110,64,0,64,174
01/19/2021,ACT,TX,ASW,CE,Combined TRACON& Tower with Radar,0,8,17,3,28,0,1,4,0,5,0,9,21,3,33,52,0,52,85
01/20/2021,ACT,TX,ASW,CE,Combined TRACON& Tower with Radar,0,9,53,16,78,0,0,1,0,1,0,9,54,16,79,38,0,38,117
01/21/2021,ACT,TX,ASW,CE,Combined TRACON& Tower with Radar,0,23,49,2,74,0,0,38,0,38,0,23,87,2,112,44,0,44,156
01/22/2021,ACT,TX,ASW,CE,Combined TRACON& Tower with Radar,0,8,29,6,43,0,0,0,0,0,0,8,29,6,43,0,0,0,43
01/23/2021,ACT,TX,ASW,CE,Combined TRACON& Tower with Radar,0,12,9,0,21,0,0,0,0,0,0,12,9,0,21,0,0,0,21
01/24/2021,ACT,TX,ASW,CE,Combined TRACON& Tower with Radar,0,11,1,0,12,0,0,1,0,1,0,11,2,0,13,0,0,0,13
01/25/2021,ACT,TX,ASW,CE,Combined TRACON& Tower with Radar,2,4,38,24,68,0,1,92,4,97,2,5,130,28,165,44,0,44,209
01/26/2021,ACT,TX,ASW,CE,Combined TRACON& Tower with Radar,0,9,46,19,74,0,1,126,4,131,0,10,172,23,205,76,10,86,291
01/27/2021,ACT,TX,ASW,CE,Combined TRACON& Tower with Radar,0,11,31,17,59,0,0,78,3,81,0,11,109,20,140,46,12,58,198
01/28/2021,ACT,TX,ASW,CE,Combined TRACON& Tower with Radar,0,6,51,33,90,0,4,103,2,109,0,10,154,35,199,69,12,81,280
01/29/2021,ACT,TX,ASW,CE,Combined TRACON& Tower with Radar,0,12,46,36,94,0,2,86,1,89,0,14,132,37,183,86,0,86,269
01/30/2021,ACT,TX,ASW,CE,Combined TRACON& Tower with Radar,2,14,24,0,40,0,0,2,0,2,2,14,26,0,42,0,0,0,42
01/31/2021,ACT,TX,ASW,CE,Combined TRACON& Tower with Radar,0,11,20,2,33,0,2,29,0,31,0,13,49,2,64,30,0,30,94
02/01/2021,ACT,TX,ASW,CE,Combined TRACON& Tower with Radar,0,7,35,36,78,0,4,80,6,90,0,11,115,42,168,134,0,134,302
02/02/2021,ACT,TX,ASW,CE,Combined TRACON& Tower with Radar,0,6,54,31,91,0,0,102,11,113,0,6,156,42,204,108,20,128,332
02/03/2021,ACT,TX,ASW,CE,Combined TRACON& Tower with Radar,1,6,36,32,75,0,0,68,7,75,1,6,104,39,150,76,0,76,226
02/04/2021,ACT,TX,ASW,CE,Combined TRACON& Tower with Radar,0,6,55,31,92,0,0,40,4,44,0,6,95,35,136,24,6,30,166
02/05/2021,ACT,TX,ASW,CE,Combined TRACON& Tower with Radar,0,12,27,45,84,0,1,60,1,62,0,13,87,46,146,18,6,24,170
02/06/2021,ACT,TX,ASW,CE,Combined TRACON& Tower with Radar,0,10,33,29,72,0,2,11,0,13,0,12,44,29,85,0,0,0,85
02/07/2021,ACT,TX,ASW,CE,Combined TRACON& Tower with Radar,0,8,20,23,51,0,0,29,0,29,0,8,49,23,80,14,0,14,94
02/08/2021,ACT,TX,ASW,CE,Combined TRACON& Tower with Radar,0,10,58,36,104,0,0,22,3,25,0,10,80,39,129,48,0,48,177
02/09/2021,ACT,TX,ASW,CE,Combined TRACON& Tower with Radar,0,14,73,12,99,0,0,8,0,8,0,14,81,12,107,0,0,0,107
02/10/2021,ACT,TX,ASW,CE,Combined TRACON& Tower with Radar,0,12,6,0,18,0,0,0,0,0,0,12,6,0,18,0,0,0,18
02/11/2021,ACT,TX,ASW,CE,Combined TRACON& Tower with Radar,0,0,0,0,0,0,0,0,0,0,0,0,0,0,0,0,0,0,0
02/12/2021,ACT,TX,ASW,CE,Combined TRACON& Tower with Radar,0,8,3,2,13,0,0,0,0,0,0,8,3,2,13,0,0,0,13
02/13/2021,ACT,TX,ASW,CE,Combined TRACON& Tower with Radar,0,8,4,0,12,0,0,0,0,0,0,8,4,0,12,0,0,0,12
02/14/2021,ACT,TX,ASW,CE,Combined TRACON& Tower with Radar,0,0,0,0,0,0,0,0,0,0,0,0,0,0,0,0,0,0,0
02/15/2021,ACT,TX,ASW,CE,Combined TRACON& Tower with Radar,0,0,0,0,0,0,0,0,0,0,0,0,0,0,0,0,0,0,0
02/16/2021,ACT,TX,ASW,CE,Combined TRACON& Tower with Radar,0,0,0,0,0,0,0,0,0,0,0,0,0,0,0,0,0,0,0
02/17/2021,ACT,TX,ASW,CE,Combined TRACON& Tower with Radar,0,0,0,0,0,0,0,0,0,0,0,0,0,0,0,0,0,0,0
02/18/2021,ACT,TX,ASW,CE,Combined TRACON& Tower with Radar,0,0,0,0,0,0,2,0,0,2,0,2,0,0,2,0,0,0,2
02/19/2021,ACT,TX,ASW,CE,Combined TRACON& Tower with Radar,0,3,3,0,6,0,0,0,0,0,0,3,3,0,6,0,0,0,6
02/20/2021,ACT,TX,ASW,CE,Combined TRACON& Tower with Radar,0,6,11,2,19,0,0,21,1,22,0,6,32,3,41,26,0,26,67
02/21/2021,ACT,TX,ASW,CE,Combined TRACON& Tower with Radar,0,7,27,0,34,0,0,20,0,20,0,7,47,0,54,40,0,40,94
02/22/2021,ACT,TX,ASW,CE,Combined TRACON& Tower with Radar,0,11,36,41,88,0,2,80,1,83,0,13,116,42,171,134,12,146,317
02/23/2021,ACT,TX,ASW,CE,Combined TRACON& Tower with Radar,0,11,70,39,120,0,3,89,4,96,0,14,159,43,216,46,4,50,266
02/24/2021,ACT,TX,ASW,CE,Combined TRACON& Tower with Radar,0,9,37,23,69,0,4,84,6,94,0,13,121,29,163,100,4,104,267
02/25/2021,ACT,TX,ASW,CE,Combined TRACON& Tower with Radar,0,6,57,9,72,0,0,19,0,19,0,6,76,9,91,54,0,54,145
02/26/2021,ACT,TX,ASW,CE,Combined TRACON& Tower with Radar,0,12,42,35,89,0,0,7,1,8,0,12,49,36,97,50,6,56,153
02/27/2021,ACT,TX,ASW,CE,Combined TRACON& Tower with Radar,0,7,13,6,26,0,0,1,0,1,0,7,14,6,27,0,0,0,27
02/28/2021,ACT,TX,ASW,CE,Combined TRACON& Tower with Radar,2,14,8,0,24,0,1,0,0,1,2,15,8,0,25,0,0,0,25
03/01/2021,ACT,TX,ASW,CE,Combined TRACON& Tower with Radar,0,9,33,17,59,0,0,15,0,15,0,9,48,17,74,46,0,46,120
03/02/2021,ACT,TX,ASW,CE,Combined TRACON& Tower with Radar,0,11,63,21,95,0,3,77,0,80,0,14,140,21,175,134,0,134,309
03/03/2021,ACT,TX,ASW,CE,Combined TRACON& Tower with Radar,0,9,50,44,103,0,2,70,0,72,0,11,120,44,175,0,0,0,175
03/04/2021,ACT,TX,ASW,CE,Combined TRACON& Tower with Radar,0,12,64,35,111,0,1,84,0,85,0,13,148,35,196,128,0,128,324
03/05/2021,ACT,TX,ASW,CE,Combined TRACON& Tower with Radar,0,22,43,44,109,0,5,70,3,78,0,27,113,47,187,66,0,66,253
03/06/2021,ACT,TX,ASW,CE,Combined TRACON& Tower with Radar,2,11,21,16,50,0,4,70,8,82,2,15,91,24,132,34,0,34,166
03/07/2021,ACT,TX,ASW,CE,Combined TRACON& Tower with Radar,6,12,36,10,64,0,0,40,0,40,6,12,76,10,104,0,0,0,104
03/08/2021,ACT,TX,ASW,CE,Combined TRACON& Tower with Radar,2,14,59,50,125,0,1,90,11,102,2,15,149,61,227,86,10,96,323
03/09/2021,ACT,TX,ASW,CE,Combined TRACON& Tower with Radar,0,8,71,24,103,0,0,20,1,21,0,8,91,25,124,104,28,132,256
03/10/2021,ACT,TX,ASW,CE,Combined TRACON& Tower with Radar,0,15,62,8,85,0,0,22,2,24,0,15,84,10,109,88,0,88,197
03/11/2021,ACT,TX,ASW,CE,Combined TRACON& Tower with Radar,2,16,50,43,111,0,0,35,8,43,2,16,85,51,154,52,6,58,212
03/12/2021,ACT,TX,ASW,CE,Combined TRACON& Tower with Radar,0,14,29,51,94,0,1,24,0,25,0,15,53,51,119,42,2,44,163
03/13/2021,ACT,TX,ASW,CE,Combined TRACON& Tower with Radar,0,7,28,27,62,0,1,2,0,3,0,8,30,27,65,8,0,8,73
03/14/2021,ACT,TX,ASW,CE,Combined TRACON& Tower with Radar,0,13,12,6,31,0,0,15,0,15,0,13,27,6,46,20,0,20,66
03/15/2021,ACT,TX,ASW,CE,Combined TRACON& Tower with Radar,2,13,39,11,65,0,1,86,12,99,2,14,125,23,164,80,0,80,244
03/16/2021,ACT,TX,ASW,CE,Combined TRACON& Tower with Radar,2,9,83,22,116,0,1,30,2,33,2,10,113,24,149,72,0,72,221
03/17/2021,ACT,TX,ASW,CE,Combined TRACON& Tower with Radar,0,12,4,0,16,0,1,12,0,13,0,13,16,0,29,2,0,2,31
03/18/2021,ACT,TX,ASW,CE,Combined TRACON& Tower with Radar,0,14,13,8,35,0,0,29,1,30,0,14,42,9,65,28,0,28,93
03/19/2021,ACT,TX,ASW,CE,Combined TRACON& Tower with Radar,0,20,44,7,71,0,2,69,2,73,0,22,113,9,144,132,0,132,276
03/20/2021,ACT,TX,ASW,CE,Combined TRACON& Tower with Radar,2,10,25,28,65,0,0,71,2,73,2,10,96,30,138,38,0,38,176
03/21/2021,ACT,TX,ASW,CE,Combined TRACON& Tower with Radar,0,16,20,6,42,0,0,41,4,45,0,16,61,10,87,34,0,34,121
03/22/2021,ACT,TX,ASW,CE,Combined TRACON& Tower with Radar,2,6,24,14,46,0,0,8,0,8,2,6,32,14,54,18,2,20,74
03/23/2021,ACT,TX,ASW,CE,Combined TRACON& Tower with Radar,0,10,60,10,80,0,0,99,3,102,0,10,159,13,182,172,0,172,354
03/24/2021,ACT,TX,ASW,CE,Combined TRACON& Tower with Radar,0,10,55,14,79,0,0,40,0,40,0,10,95,14,119,44,0,44,163
03/25/2021,ACT,TX,ASW,CE,Combined TRACON& Tower with Radar,0,12,63,8,83,0,2,40,0,42,0,14,103,8,125,134,0,134,259
03/26/2021,ACT,TX,ASW,CE,Combined TRACON& Tower with Radar,0,14,51,16,81,0,0,131,1,132,0,14,182,17,213,100,0,100,313
03/27/2021,ACT,TX,ASW,CE,Combined TRACON& Tower with Radar,0,11,21,8,40,0,0,16,0,16,0,11,37,8,56,112,0,112,168
03/28/2021,ACT,TX,ASW,CE,Combined TRACON& Tower with Radar,2,8,20,9,39,0,1,26,3,30,2,9,46,12,69,10,0,10,79
03/29/2021,ACT,TX,ASW,CE,Combined TRACON& Tower with Radar,0,12,64,26,102,0,2,98,4,104,0,14,162,30,206,148,2,150,356
03/30/2021,ACT,TX,ASW,CE,Combined TRACON& Tower with Radar,0,15,64,18,97,0,0,15,0,15,0,15,79,18,112,76,6,82,194
03/31/2021,ACT,TX,ASW,CE,Combined TRACON& Tower with Radar,0,14,38,12,64,0,0,16,7,23,0,14,54,19,87,30,8,38,125
04/01/2021,ACT,TX,ASW,CE,Combined TRACON& Tower with Radar,0,13,74,7,94,0,0,84,0,84,0,13,158,7,178,100,0,100,278
04/02/2021,ACT,TX,ASW,CE,Combined TRACON& Tower with Radar,0,15,64,12,91,0,0,80,0,80,0,15,144,12,171,50,0,50,221
04/03/2021,ACT,TX,ASW,CE,Combined TRACON& Tower with Radar,0,13,30,6,49,0,0,33,1,34,0,13,63,7,83,48,0,48,131
04/04/2021,ACT,TX,ASW,CE,Combined TRACON& Tower with Radar,0,9,11,1,21,0,0,19,1,20,0,9,30,2,41,22,0,22,63
04/05/2021,ACT,TX,ASW,CE,Combined TRACON& Tower with Radar,2,16,55,10,83,0,2,47,0,49,2,18,102,10,132,38,0,38,170
04/06/2021,ACT,TX,ASW,CE,Combined TRACON& Tower with Radar,2,12,53,24,91,0,0,8,2,10,2,12,61,26,101,18,0,18,119
04/07/2021,ACT,TX,ASW,CE,Combined TRACON& Tower with Radar,0,11,56,3,70,0,0,67,0,67,0,11,123,3,137,68,0,68,205
04/08/2021,ACT,TX,ASW,CE,Combined TRACON& Tower with Radar,0,12,40,11,63,0,2,74,2,78,0,14,114,13,141,120,0,120,261
04/09/2021,ACT,TX,ASW,CE,Combined TRACON& Tower with Radar,2,14,47,37,100,0,0,27,0,27,2,14,74,37,127,70,2,72,199
04/10/2021,ACT,TX,ASW,CE,Combined TRACON& Tower with Radar,2,12,25,32,71,0,0,52,5,57,2,12,77,37,128,16,20,36,164
04/11/2021,ACT,TX,ASW,CE,Combined TRACON& Tower with Radar,0,14,30,4,48,0,0,62,0,62,0,14,92,4,110,70,14,84,194
04/12/2021,ACT,TX,ASW,CE,Combined TRACON& Tower with Radar,0,24,66,7,97,0,0,60,1,61,0,24,126,8,158,110,6,116,274
04/13/2021,ACT,TX,ASW,CE,Combined TRACON& Tower with Radar,0,12,55,28,95,0,0,66,0,66,0,12,121,28,161,136,0,136,297
04/14/2021,ACT,TX,ASW,CE,Combined TRACON& Tower with Radar,0,10,49,20,79,0,0,36,2,38,0,10,85,22,117,89,6,95,212
04/15/2021,ACT,TX,ASW,CE,Combined TRACON& Tower with Radar,0,19,19,0,38,0,0,0,0,0,0,19,19,0,38,0,0,0,38
04/16/2021,ACT,TX,ASW,CE,Combined TRACON& Tower with Radar,0,11,13,0,24,0,0,0,0,0,0,11,13,0,24,0,0,0,24
04/17/2021,ACT,TX,ASW,CE,Combined TRACON& Tower with Radar,0,14,49,3,66,0,0,27,1,28,0,14,76,4,94,14,0,14,108
04/18/2021,ACT,TX,ASW,CE,Combined TRACON& Tower with Radar,0,13,47,14,74,0,0,61,2,63,0,13,108,16,137,34,0,34,171
04/19/2021,ACT,TX,ASW,CE,Combined TRACON& Tower with Radar,0,11,56,10,77,0,4,108,0,112,0,15,164,10,189,143,0,143,332
04/20/2021,ACT,TX,ASW,CE,Combined TRACON& Tower with Radar,0,10,69,48,127,0,3,73,2,78,0,13,142,50,205,36,4,40,245
04/21/2021,ACT,TX,ASW,CE,Combined TRACON& Tower with Radar,0,10,67,68,145,0,2,84,12,98,0,12,151,80,243,106,8,114,357
04/22/2021,ACT,TX,ASW,CE,Combined TRACON& Tower with Radar,0,15,70,17,102,0,2,72,1,75,0,17,142,18,177,148,4,152,329
04/23/2021,ACT,TX,ASW,CE,Combined TRACON& Tower with Radar,4,11,9,2,26,0,0,0,0,0,4,11,9,2,26,0,0,0,26
04/24/2021,ACT,TX,ASW,CE,Combined TRACON& Tower with Radar,0,15,37,10,62,0,2,51,0,53,0,17,88,10,115,24,0,24,139
04/25/2021,ACT,TX,ASW,CE,Combined TRACON& Tower with Radar,0,11,29,6,46,0,0,52,7,59,0,11,81,13,105,54,0,54,159
04/26/2021,ACT,TX,ASW,CE,Combined TRACON& Tower with Radar,0,10,54,30,94,0,2,59,7,68,0,12,113,37,162,80,16,96,258
04/27/2021,ACT,TX,ASW,CE,Combined TRACON& Tower with Radar,0,9,44,14,67,0,0,2,0,2,0,9,46,14,69,0,0,0,69
04/28/2021,ACT,TX,ASW,CE,Combined TRACON& Tower with Radar,2,10,12,27,51,0,0,14,0,14,2,10,26,27,65,76,2,78,143
04/29/2021,ACT,TX,ASW,CE,Combined TRACON& Tower with Radar,0,16,19,2,37,0,0,0,0,0,0,16,19,2,37,0,0,0,37
04/30/2021,ACT,TX,ASW,CE,Combined TRACON& Tower with Radar,2,17,21,0,40,0,0,0,0,0,2,17,21,0,40,0,0,0,40
05/01/2021,ACT,TX,ASW,CE,Combined TRACON& Tower with Radar,1,8,14,0,23,0,0,2,0,2,1,8,16,0,25,42,0,42,67
05/02/2021,ACT,TX,ASW,CE,Combined TRACON& Tower with Radar,1,17,58,4,80,0,1,60,0,61,1,18,118,4,141,46,0,46,187
05/03/2021,ACT,TX,ASW,CE,Combined TRACON& Tower with Radar,0,14,50,34,98,0,0,45,3,48,0,14,95,37,146,24,0,24,170
05/04/2021,ACT,TX,ASW,CE,Combined TRACON& Tower with Radar,0,16,34,58,108,0,0,35,0,35,0,16,69,58,143,82,0,82,225
05/05/2021,ACT,TX,ASW,CE,Combined TRACON& Tower with Radar,2,9,61,29,101,0,2,114,2,118,2,11,175,31,219,84,4,88,307
05/06/2021,ACT,TX,ASW,CE,Combined TRACON& Tower with Radar,2,15,49,8,74,0,2,95,3,100,2,17,144,11,174,136,0,136,310
05/07/2021,ACT,TX,ASW,CE,Combined TRACON& Tower with Radar,0,18,49,49,116,0,0,92,3,95,0,18,141,52,211,28,0,28,239
05/08/2021,ACT,TX,ASW,CE,Combined TRACON& Tower with Radar,0,11,38,3,52,0,0,8,0,8,0,11,46,3,60,0,0,0,60
05/09/2021,ACT,TX,ASW,CE,Combined TRACON& Tower with Radar,0,14,24,1,39,0,2,7,0,9,0,16,31,1,48,0,0,0,48
05/10/2021,ACT,TX,ASW,CE,Combined TRACON& Tower with Radar,2,15,56,0,73,0,0,1,0,1,2,15,57,0,74,44,0,44,118
05/11/2021,ACT,TX,ASW,CE,Combined TRACON& Tower with Radar,0,5,5,0,10,0,0,0,0,0,0,5,5,0,10,0,0,0,10
05/12/2021,ACT,TX,ASW,CE,Combined TRACON& Tower with Radar,0,15,67,7,89,0,0,11,0,11,0,15,78,7,100,72,0,72,172
05/13/2021,ACT,TX,ASW,CE,Combined TRACON& Tower with Radar,0,12,71,10,93,0,2,73,1,76,0,14,144,11,169,118,0,118,287
05/14/2021,ACT,TX,ASW,CE,Combined TRACON& Tower with Radar,0,21,60,49,130,0,0,101,3,104,0,21,161,52,234,124,20,144,378
05/15/2021,ACT,TX,ASW,CE,Combined TRACON& Tower with Radar,0,10,59,12,81,0,0,31,0,31,0,10,90,12,112,50,0,50,162
05/16/2021,ACT,TX,ASW,CE,Combined TRACON& Tower with Radar,0,15,14,0,29,0,0,1,0,1,0,15,15,0,30,0,0,0,30
05/17/2021,ACT,TX,ASW,CE,Combined TRACON& Tower with Radar,2,12,14,0,28,0,0,8,0,8,2,12,22,0,36,54,0,54,90
05/18/2021,ACT,TX,ASW,CE,Combined TRACON& Tower with Radar,0,13,16,0,29,0,0,2,0,2,0,13,18,0,31,35,0,35,66
05/19/2021,ACT,TX,ASW,CE,Combined TRACON& Tower with Radar,0,12,28,9,49,0,0,24,2,26,0,12,52,11,75,66,0,66,141
05/20/2021,ACT,TX,ASW,CE,Combined TRACON& Tower with Radar,0,17,58,11,86,0,0,37,2,39,0,17,95,13,125,124,0,124,249
05/21/2021,ACT,TX,ASW,CE,Combined TRACON& Tower with Radar,0,12,47,33,92,0,1,19,0,20,0,13,66,33,112,62,0,62,174
05/22/2021,ACT,TX,ASW,CE,Combined TRACON& Tower with Radar,0,10,18,6,34,0,0,0,0,0,0,10,18,6,34,44,0,44,78
05/23/2021,ACT,TX,ASW,CE,Combined TRACON& Tower with Radar,0,14,26,0,40,0,0,0,0,0,0,14,26,0,40,0,0,0,40
05/24/2021,ACT,TX,ASW,CE,Combined TRACON& Tower with Radar,2,12,12,0,26,0,0,2,0,2,2,12,14,0,28,50,0,50,78
05/25/2021,ACT,TX,ASW,CE,Combined TRACON& Tower with Radar,0,11,13,22,46,0,0,32,7,39,0,11,45,29,85,86,0,86,171
05/26/2021,ACT,TX,ASW,CE,Combined TRACON& Tower with Radar,0,12,91,5,108,0,0,84,1,85,0,12,175,6,193,194,0,194,387
05/27/2021,ACT,TX,ASW,CE,Combined TRACON& Tower with Radar,0,12,84,6,102,0,4,83,5,92,0,16,167,11,194,98,0,98,292
05/28/2021,ACT,TX,ASW,CE,Combined TRACON& Tower with Radar,0,11,22,1,34,0,0,11,0,11,0,11,33,1,45,56,0,56,101
05/29/2021,ACT,TX,ASW,CE,Combined TRACON& Tower with Radar,0,10,24,1,35,0,0,30,0,30,0,10,54,1,65,36,0,36,101
05/30/2021,ACT,TX,ASW,CE,Combined TRACON& Tower with Radar,0,16,16,2,34,0,0,9,0,9,0,16,25,2,43,38,0,38,81
05/31/2021,ACT,TX,ASW,CE,Combined TRACON& Tower with Radar,0,8,10,0,18,0,1,3,0,4,0,9,13,0,22,75,0,75,97
06/01/2021,ACT,TX,ASW,CE,Combined TRACON& Tower with Radar,0,9,57,8,74,0,2,14,2,18,0,11,71,10,92,120,0,120,212
06/02/2021,ACT,TX,ASW,CE,Combined TRACON& Tower with Radar,0,10,30,11,51,0,2,51,0,53,0,12,81,11,104,86,8,94,198
06/03/2021,ACT,TX,ASW,CE,Combined TRACON& Tower with Radar,2,19,41,17,79,0,0,24,0,24,2,19,65,17,103,105,0,105,208
06/04/2021,ACT,TX,ASW,CE,Combined TRACON& Tower with Radar,2,15,44,6,67,0,2,24,0,26,2,17,68,6,93,120,0,120,213
06/05/2021,ACT,TX,ASW,CE,Combined TRACON& Tower with Radar,2,8,15,2,27,0,0,5,0,5,2,8,20,2,32,20,0,20,52
06/06/2021,ACT,TX,ASW,CE,Combined TRACON& Tower with Radar,0,14,61,0,75,0,0,12,0,12,0,14,73,0,87,28,0,28,115
06/07/2021,ACT,TX,ASW,CE,Combined TRACON& Tower with Radar,0,9,17,1,27,0,0,10,1,11,0,9,27,2,38,32,0,32,70
06/08/2021,ACT,TX,ASW,CE,Combined TRACON& Tower with Radar,0,12,32,11,55,0,0,25,1,26,0,12,57,12,81,117,0,117,198
06/09/2021,ACT,TX,ASW,CE,Combined TRACON& Tower with Radar,0,13,71,9,93,0,2,51,1,54,0,15,122,10,147,153,0,153,300
06/10/2021,ACT,TX,ASW,CE,Combined TRACON& Tower with Radar,0,12,70,11,93,0,0,73,0,73,0,12,143,11,166,60,0,60,226
06/11/2021,ACT,TX,ASW,CE,Combined TRACON& Tower with Radar,0,10,46,8,64,0,4,51,0,55,0,14,97,8,119,58,0,58,177
06/12/2021,ACT,TX,ASW,CE,Combined TRACON& Tower with Radar,2,9,23,6,40,0,4,18,6,28,2,13,41,12,68,70,4,74,142
06/13/2021,ACT,TX,ASW,CE,Combined TRACON& Tower with Radar,0,10,23,2,35,0,3,50,0,53,0,13,73,2,88,66,0,66,154
06/14/2021,ACT,TX,ASW,CE,Combined TRACON& Tower with Radar,0,11,32,13,56,0,2,50,1,53,0,13,82,14,109,20,4,24,133
06/15/2021,ACT,TX,ASW,CE,Combined TRACON& Tower with Radar,0,9,54,14,77,0,0,80,2,82,0,9,134,16,159,48,0,48,207
06/16/2021,ACT,TX,ASW,CE,Combined TRACON& Tower with Radar,2,14,56,1,73,0,2,77,0,79,2,16,133,1,152,64,0,64,216
06/17/2021,ACT,TX,ASW,CE,Combined TRACON& Tower with Radar,0,12,48,12,72,0,2,71,0,73,0,14,119,12,145,44,0,44,189
06/18/2021,ACT,TX,ASW,CE,Combined TRACON& Tower with Radar,0,14,44,6,64,0,0,73,0,73,0,14,117,6,137,44,0,44,181
06/19/2021,ACT,TX,ASW,CE,Combined TRACON& Tower with Radar,0,9,28,15,52,0,0,57,5,62,0,9,85,20,114,98,2,100,214
06/20/2021,ACT,TX,ASW,CE,Combined TRACON& Tower with Radar,2,15,14,11,42,0,2,28,2,32,2,17,42,13,74,0,24,24,98
06/21/2021,ACT,TX,ASW,CE,Combined TRACON& Tower with Radar,0,12,42,10,64,0,0,20,0,20,0,12,62,10,84,52,0,52,136
06/22/2021,ACT,TX,ASW,CE,Combined TRACON& Tower with Radar,0,11,84,23,118,0,0,19,0,19,0,11,103,23,137,102,0,102,239
06/23/2021,ACT,TX,ASW,CE,Combined TRACON& Tower with Radar,0,14,43,22,79,0,2,55,0,57,0,16,98,22,136,36,0,36,172
06/24/2021,ACT,TX,ASW,CE,Combined TRACON& Tower with Radar,0,10,62,32,104,0,0,69,0,69,0,10,131,32,173,58,4,62,235
06/25/2021,ACT,TX,ASW,CE,Combined TRACON& Tower with Radar,0,17,50,35,102,0,2,60,4,66,0,19,110,39,168,72,0,72,240
06/26/2021,ACT,TX,ASW,CE,Combined TRACON& Tower with Radar,0,10,34,31,75,0,0,35,6,41,0,10,69,37,116,46,18,64,180
06/27/2021,ACT,TX,ASW,CE,Combined TRACON& Tower with Radar,0,12,14,10,36,0,0,11,0,11,0,12,25,10,47,6,0,6,53
06/28/2021,ACT,TX,ASW,CE,Combined TRACON& Tower with Radar,0,11,14,2,27,0,0,5,0,5,0,11,19,2,32,0,0,0,32
06/29/2021,ACT,TX,ASW,CE,Combined TRACON& Tower with Radar,0,11,49,6,66,0,0,11,0,11,0,11,60,6,77,58,0,58,135
06/30/2021,ACT,TX,ASW,CE,Combined TRACON& Tower with Radar,0,11,44,13,68,0,1,50,2,53,0,12,94,15,121,36,0,36,157
07/01/2021,ACT,TX,ASW,CE,Combined TRACON& Tower with Radar,3,15,61,40,119,0,0,78,4,82,3,15,139,44,201,54,0,54,255
07/02/2021,ACT,TX,ASW,CE,Combined TRACON& Tower with Radar,5,11,33,8,57,0,0,28,2,30,5,11,61,10,87,28,0,28,115
07/03/2021,ACT,TX,ASW,CE,Combined TRACON& Tower with Radar,1,10,16,0,27,0,0,3,0,3,1,10,19,0,30,0,0,0,30
07/04/2021,ACT,TX,ASW,CE,Combined TRACON& Tower with Radar,0,10,4,0,14,0,0,14,0,14,0,10,18,0,28,6,2,8,36
07/05/2021,ACT,TX,ASW,CE,Combined TRACON& Tower with Radar,0,10,14,0,24,0,0,5,0,5,0,10,19,0,29,0,0,0,29
07/06/2021,ACT,TX,ASW,CE,Combined TRACON& Tower with Radar,4,13,26,8,51,0,3,21,0,24,4,16,47,8,75,58,0,58,133
07/07/2021,ACT,TX,ASW,CE,Combined TRACON& Tower with Radar,0,14,38,4,56,0,1,21,0,22,0,15,59,4,78,48,0,48,126
07/08/2021,ACT,TX,ASW,CE,Combined TRACON& Tower with Radar,0,14,61,27,102,0,3,64,6,73,0,17,125,33,175,62,0,62,237
07/09/2021,ACT,TX,ASW,CE,Combined TRACON& Tower with Radar,0,12,33,15,60,0,0,5,0,5,0,12,38,15,65,0,4,4,69
07/10/2021,ACT,TX,ASW,CE,Combined TRACON& Tower with Radar,0,8,27,43,78,0,0,24,3,27,0,8,51,46,105,26,6,32,137
07/11/2021,ACT,TX,ASW,CE,Combined TRACON& Tower with Radar,0,10,18,10,38,0,0,22,3,25,0,10,40,13,63,6,6,12,75
07/12/2021,ACT,TX,ASW,CE,Combined TRACON& Tower with Radar,0,11,10,12,33,0,1,12,1,14,0,12,22,13,47,38,20,58,105
07/13/2021,ACT,TX,ASW,CE,Combined TRACON& Tower with Radar,0,13,77,26,116,0,7,78,11,96,0,20,155,37,212,60,0,60,272
07/14/2021,ACT,TX,ASW,CE,Combined TRACON& Tower with Radar,0,17,95,31,143,0,2,42,4,48,0,19,137,35,191,66,0,66,257
07/15/2021,ACT,TX,ASW,CE,Combined TRACON& Tower with Radar,0,18,79,14,111,0,2,61,0,63,0,20,140,14,174,114,6,120,294
07/16/2021,ACT,TX,ASW,CE,Combined TRACON& Tower with Radar,0,12,75,34,121,0,0,50,0,50,0,12,125,34,171,90,0,90,261
07/17/2021,ACT,TX,ASW,CE,Combined TRACON& Tower with Radar,0,10,52,18,80,0,0,78,1,79,0,10,130,19,159,50,4,54,213
07/18/2021,ACT,TX,ASW,CE,Combined TRACON& Tower with Radar,0,16,14,2,32,0,0,27,1,28,0,16,41,3,60,14,0,14,74
07/19/2021,ACT,TX,ASW,CE,Combined TRACON& Tower with Radar,0,12,14,5,31,0,0,10,0,10,0,12,24,5,41,16,0,16,57
07/20/2021,ACT,TX,ASW,CE,Combined TRACON& Tower with Radar,0,8,38,12,58,0,0,41,0,41,0,8,79,12,99,56,0,56,155
07/21/2021,ACT,TX,ASW,CE,Combined TRACON& Tower with Radar,0,16,58,19,93,0,3,63,3,69,0,19,121,22,162,84,0,84,246
07/22/2021,ACT,TX,ASW,CE,Combined TRACON& Tower with Radar,0,10,55,10,75,0,0,96,2,98,0,10,151,12,173,84,0,84,257
07/23/2021,ACT,TX,ASW,CE,Combined TRACON& Tower with Radar,0,12,53,35,100,0,2,41,1,44,0,14,94,36,144,92,10,102,246
07/24/2021,ACT,TX,ASW,CE,Combined TRACON& Tower with Radar,0,8,19,18,45,0,7,27,0,34,0,15,46,18,79,88,0,88,167
07/25/2021,ACT,TX,ASW,CE,Combined TRACON& Tower with Radar,1,10,12,6,29,0,1,34,0,35,1,11,46,6,64,74,0,74,138
07/26/2021,ACT,TX,ASW,CE,Combined TRACON& Tower with Radar,0,12,43,32,87,0,2,84,2,88,0,14,127,34,175,77,0,77,252
07/27/2021,ACT,TX,ASW,CE,Combined TRACON& Tower with Radar,0,9,48,18,75,0,1,68,1,70,0,10,116,19,145,108,0,108,253
07/28/2021,ACT,TX,ASW,CE,Combined TRACON& Tower with Radar,0,18,30,18,66,0,2,44,4,50,0,20,74,22,116,22,0,22,138
07/29/2021,ACT,TX,ASW,CE,Combined TRACON& Tower with Radar,1,14,42,19,76,0,0,42,2,44,1,14,84,21,120,30,0,30,150
07/30/2021,ACT,TX,ASW,CE,Combined TRACON& Tower with Radar,1,13,36,17,67,0,2,61,0,63,1,15,97,17,130,50,2,52,182
07/31/2021,ACT,TX,ASW,CE,Combined TRACON& Tower with Radar,0,16,19,34,69,0,0,44,2,46,0,16,63,36,115,40,10,50,165
08/01/2021,ACT,TX,ASW,CE,Combined TRACON& Tower with Radar,2,9,12,8,31,0,0,21,0,21,2,9,33,8,52,26,0,26,78
08/02/2021,ACT,TX,ASW,CE,Combined TRACON& Tower with Radar,0,9,22,0,31,0,0,8,0,8,0,9,30,0,39,4,0,4,43
08/03/2021,ACT,TX,ASW,CE,Combined TRACON& Tower with Radar,2,6,58,14,80,0,2,39,0,41,2,8,97,14,121,118,12,130,251
08/04/2021,ACT,TX,ASW,CE,Combined TRACON& Tower with Radar,0,12,50,37,99,0,4,48,0,52,0,16,98,37,151,84,14,98,249
08/05/2021,ACT,TX,ASW,CE,Combined TRACON& Tower with Radar,0,11,44,31,86,0,4,37,1,42,0,15,81,32,128,136,6,142,270
08/06/2021,ACT,TX,ASW,CE,Combined TRACON& Tower with Radar,0,13,33,12,58,0,5,50,0,55,0,18,83,12,113,84,2,86,199
08/07/2021,ACT,TX,ASW,CE,Combined TRACON& Tower with Radar,0,10,25,19,54,0,0,35,0,35,0,10,60,19,89,86,0,86,175
08/08/2021,ACT,TX,ASW,CE,Combined TRACON& Tower with Radar,0,11,15,15,41,0,0,19,0,19,0,11,34,15,60,8,0,8,68
08/09/2021,ACT,TX,ASW,CE,Combined TRACON& Tower with Radar,0,11,29,7,47,0,0,37,3,40,0,11,66,10,87,70,2,72,159
08/10/2021,ACT,TX,ASW,CE,Combined TRACON& Tower with Radar,0,12,56,24,92,0,1,62,0,63,0,13,118,24,155,152,10,162,317
08/11/2021,ACT,TX,ASW,CE,Combined TRACON& Tower with Radar,0,14,48,26,88,0,0,84,2,86,0,14,132,28,174,112,0,112,286
08/12/2021,ACT,TX,ASW,CE,Combined TRACON& Tower with Radar,0,10,44,20,74,0,0,76,5,81,0,10,120,25,155,145,10,155,310
08/13/2021,ACT,TX,ASW,CE,Combined TRACON& Tower with Radar,0,15,32,75,122,0,0,81,4,85,0,15,113,79,207,148,0,148,355
08/14/2021,ACT,TX,ASW,CE,Combined TRACON& Tower with Radar,6,9,35,0,50,0,0,47,0,47,6,9,82,0,97,34,0,34,131
08/15/2021,ACT,TX,ASW,CE,Combined TRACON& Tower with Radar,2,12,19,0,33,0,0,7,0,7,2,12,26,0,40,14,0,14,54
08/16/2021,ACT,TX,ASW,CE,Combined TRACON& Tower with Radar,0,10,26,9,45,0,0,48,2,50,0,10,74,11,95,94,2,96,191
08/17/2021,ACT,TX,ASW,CE,Combined TRACON& Tower with Radar,2,7,42,28,79,0,0,28,1,29,2,7,70,29,108,59,2,61,169
08/18/2021,ACT,TX,ASW,CE,Combined TRACON& Tower with Radar,0,13,28,2,43,0,0,10,0,10,0,13,38,2,53,72,0,72,125
08/19/2021,ACT,TX,ASW,CE,Combined TRACON& Tower with Radar,0,27,53,6,86,0,0,70,0,70,0,27,123,6,156,114,0,114,270
08/20/2021,ACT,TX,ASW,CE,Combined TRACON& Tower with Radar,0,13,40,55,108,0,2,63,4,69,0,15,103,59,177,112,0,112,289
08/21/2021,ACT,TX,ASW,CE,Combined TRACON& Tower with Radar,2,10,25,12,49,0,0,60,0,60,2,10,85,12,109,152,0,152,261
08/22/2021,ACT,TX,ASW,CE,Combined TRACON& Tower with Radar,2,17,26,14,59,0,2,43,5,50,2,19,69,19,109,40,8,48,157
08/23/2021,ACT,TX,ASW,CE,Combined TRACON& Tower with Radar,0,11,26,4,41,0,0,39,1,40,0,11,65,5,81,70,2,72,153
08/24/2021,ACT,TX,ASW,CE,Combined TRACON& Tower with Radar,0,8,45,24,77,0,0,62,1,63,0,8,107,25,140,172,0,172,312
08/25/2021,ACT,TX,ASW,CE,Combined TRACON& Tower with Radar,0,11,53,18,82,0,0,90,0,90,0,11,143,18,172,126,0,126,298
08/26/2021,ACT,TX,ASW,CE,Combined TRACON& Tower with Radar,0,11,33,19,63,0,0,99,0,99,0,11,132,19,162,162,0,162,324
08/27/2021,ACT,TX,ASW,CE,Combined TRACON& Tower with Radar,0,15,33,43,91,0,0,65,2,67,0,15,98,45,158,70,0,70,228
08/28/2021,ACT,TX,ASW,CE,Combined TRACON& Tower with Radar,0,16,37,31,84,0,1,101,6,108,0,17,138,37,192,86,16,102,294
08/29/2021,ACT,TX,ASW,CE,Combined TRACON& Tower with Radar,0,12,32,4,48,0,0,14,0,14,0,12,46,4,62,12,2,14,76
08/30/2021,ACT,TX,ASW,CE,Combined TRACON& Tower with Radar,0,10,29,48,87,0,0,116,6,122,0,10,145,54,209,128,0,128,337
08/31/2021,ACT,TX,ASW,CE,Combined TRACON& Tower with Radar,0,14,41,18,73,0,1,123,2,126,0,15,164,20,199,74,6,80,279
09/01/2021,ACT,TX,ASW,CE,Combined TRACON& Tower with Radar,0,13,53,5,71,0,3,127,2,132,0,16,180,7,203,88,8,96,299
09/02/2021,ACT,TX,ASW,CE,Combined TRACON& Tower with Radar,0,11,38,11,60,0,2,105,0,107,0,13,143,11,167,82,0,82,249
09/03/2021,ACT,TX,ASW,CE,Combined TRACON& Tower with Radar,0,12,53,0,65,0,0,66,0,66,0,12,119,0,131,68,0,68,199
09/04/2021,ACT,TX,ASW,CE,Combined TRACON& Tower with Radar,0,8,30,8,46,0,2,63,0,65,0,10,93,8,111,40,0,40,151
09/05/2021,ACT,TX,ASW,CE,Combined TRACON& Tower with Radar,0,11,27,0,38,0,2,19,0,21,0,13,46,0,59,8,0,8,67
09/06/2021,ACT,TX,ASW,CE,Combined TRACON& Tower with Radar,0,10,29,6,45,0,0,57,0,57,0,10,86,6,102,68,0,68,170
09/07/2021,ACT,TX,ASW,CE,Combined TRACON& Tower with Radar,0,8,54,37,99,0,0,92,6,98,0,8,146,43,197,96,0,96,293
09/08/2021,ACT,TX,ASW,CE,Combined TRACON& Tower with Radar,2,11,26,27,66,0,0,94,10,104,2,11,120,37,170,140,2,142,312
09/09/2021,ACT,TX,ASW,CE,Combined TRACON& Tower with Radar,0,11,59,10,80,0,2,92,2,96,0,13,151,12,176,128,0,128,304
09/10/2021,ACT,TX,ASW,CE,Combined TRACON& Tower with Radar,0,10,17,11,38,0,0,106,0,106,0,10,123,11,144,134,0,134,278
09/11/2021,ACT,TX,ASW,CE,Combined TRACON& Tower with Radar,0,7,32,3,42,0,0,55,2,57,0,7,87,5,99,38,56,94,193
09/12/2021,ACT,TX,ASW,CE,Combined TRACON& Tower with Radar,3,8,44,0,55,0,2,43,0,45,3,10,87,0,100,14,0,14,114
09/13/2021,ACT,TX,ASW,CE,Combined TRACON& Tower with Radar,0,14,36,2,52,0,1,50,1,52,0,15,86,3,104,102,0,102,206
09/14/2021,ACT,TX,ASW,CE,Combined TRACON& Tower with Radar,0,14,35,20,69,0,0,36,3,39,0,14,71,23,108,158,0,158,266
09/15/2021,ACT,TX,ASW,CE,Combined TRACON& Tower with Radar,0,8,62,28,98,0,0,70,6,76,0,8,132,34,174,112,0,112,286
09/16/2021,ACT,TX,ASW,CE,Combined TRACON& Tower with Radar,2,9,34,26,71,0,2,85,4,91,2,11,119,30,162,188,14,202,364
09/17/2021,ACT,TX,ASW,CE,Combined TRACON& Tower with Radar,2,15,40,23,80,0,4,94,2,100,2,19,134,25,180,74,12,86,266
09/18/2021,ACT,TX,ASW,CE,Combined TRACON& Tower with Radar,2,8,15,11,36,0,0,56,7,63,2,8,71,18,99,68,26,94,193
09/19/2021,ACT,TX,ASW,CE,Combined TRACON& Tower with Radar,0,15,21,7,43,0,3,47,4,54,0,18,68,11,97,42,4,46,143
09/20/2021,ACT,TX,ASW,CE,Combined TRACON& Tower with Radar,0,8,30,14,52,0,0,96,2,98,0,8,126,16,150,170,0,170,320
09/21/2021,ACT,TX,ASW,CE,Combined TRACON& Tower with Radar,0,9,23,10,42,0,0,43,0,43,0,9,66,10,85,166,0,166,251
09/22/2021,ACT,TX,ASW,CE,Combined TRACON& Tower with Radar,0,8,50,23,81,0,0,117,0,117,0,8,167,23,198,138,2,140,338
09/23/2021,ACT,TX,ASW,CE,Combined TRACON& Tower with Radar,0,15,36,22,73,0,0,130,0,130,0,15,166,22,203,160,4,164,367
09/24/2021,ACT,TX,ASW,CE,Combined TRACON& Tower with Radar,1,18,44,3,66,0,1,116,0,117,1,19,160,3,183,98,0,98,281
09/25/2021,ACT,TX,ASW,CE,Combined TRACON& Tower with Radar,2,12,70,0,84,0,0,69,2,71,2,12,139,2,155,24,0,24,179
09/26/2021,ACT,TX,ASW,CE,Combined TRACON& Tower with Radar,1,18,40,0,59,1,0,63,0,64,2,18,103,0,123,28,0,28,151
09/27/2021,ACT,TX,ASW,CE,Combined TRACON& Tower with Radar,0,8,28,18,54,0,0,107,0,107,0,8,135,18,161,194,0,194,355
09/28/2021,ACT,TX,ASW,CE,Combined TRACON& Tower with Radar,0,9,34,12,55,0,0,67,0,67,0,9,101,12,122,148,0,148,270
09/29/2021,ACT,TX,ASW,CE,Combined TRACON& Tower with Radar,0,20,33,9,62,0,1,83,1,85,0,21,116,10,147,54,0,54,201
09/30/2021,ACT,TX,ASW,CE,Combined TRACON& Tower with Radar,0,13,75,14,102,0,1,26,2,29,0,14,101,16,131,146,4,150,281
10/01/2021,ACT,TX,ASW,CE,Combined TRACON& Tower with Radar,2,8,23,2,35,0,0,3,0,3,2,8,26,2,38,46,0,46,84
10/02/2021,ACT,TX,ASW,CE,Combined TRACON& Tower with Radar,0,8,12,2,22,0,1,5,0,6,0,9,17,2,28,12,0,12,40
10/03/2021,ACT,TX,ASW,CE,Combined TRACON& Tower with Radar,0,8,14,0,22,0,0,34,0,34,0,8,48,0,56,60,0,60,116
10/04/2021,ACT,TX,ASW,CE,Combined TRACON& Tower with Radar,0,8,36,18,62,0,2,128,7,137,0,10,164,25,199,144,0,144,343
10/05/2021,ACT,TX,ASW,CE,Combined TRACON& Tower with Radar,0,10,44,7,61,0,2,123,0,125,0,12,167,7,186,96,0,96,282
10/06/2021,ACT,TX,ASW,CE,Combined TRACON& Tower with Radar,0,14,50,2,66,0,4,123,0,127,0,18,173,2,193,196,0,196,389
10/07/2021,ACT,TX,ASW,CE,Combined TRACON& Tower with Radar,1,14,46,21,82,0,0,103,0,103,1,14,149,21,185,152,0,152,337
10/08/2021,ACT,TX,ASW,CE,Combined TRACON& Tower with Radar,0,16,24,3,43,0,0,97,3,100,0,16,121,6,143,82,0,82,225
10/09/2021,ACT,TX,ASW,CE,Combined TRACON& Tower with Radar,2,15,27,4,48,0,0,45,0,45,2,15,72,4,93,18,0,18,111
10/10/2021,ACT,TX,ASW,CE,Combined TRACON& Tower with Radar,1,10,24,6,41,0,0,9,0,9,1,10,33,6,50,2,0,2,52
10/11/2021,ACT,TX,ASW,CE,Combined TRACON& Tower with Radar,0,12,33,0,45,0,3,120,0,123,0,15,153,0,168,244,0,244,412
10/12/2021,ACT,TX,ASW,CE,Combined TRACON& Tower with Radar,0,12,29,0,41,0,0,11,0,11,0,12,40,0,52,10,0,10,62
10/13/2021,ACT,TX,ASW,CE,Combined TRACON& Tower with Radar,2,9,33,5,49,0,0,18,0,18,2,9,51,5,67,72,0,72,139
10/14/2021,ACT,TX,ASW,CE,Combined TRACON& Tower with Radar,0,15,52,10,77,0,0,31,1,32,0,15,83,11,109,136,0,136,245
10/15/2021,ACT,TX,ASW,CE,Combined TRACON& Tower with Radar,1,15,43,3,62,0,1,35,1,37,1,16,78,4,99,94,0,94,193
10/16/2021,ACT,TX,ASW,CE,Combined TRACON& Tower with Radar,1,19,36,41,97,0,1,53,16,70,1,20,89,57,167,46,6,52,219
10/17/2021,ACT,TX,ASW,CE,Combined TRACON& Tower with Radar,2,16,39,7,64,0,0,84,3,87,2,16,123,10,151,96,0,96,247
10/18/2021,ACT,TX,ASW,CE,Combined TRACON& Tower with Radar,0,13,53,40,106,0,1,146,2,149,0,14,199,42,255,170,0,170,425
10/19/2021,ACT,TX,ASW,CE,Combined TRACON& Tower with Radar,0,16,71,39,126,0,1,97,4,102,0,17,168,43,228,158,8,166,394
10/20/2021,ACT,TX,ASW,CE,Combined TRACON& Tower with Radar,0,18,58,10,86,0,2,75,0,77,0,20,133,10,163,168,0,168,331
10/21/2021,ACT,TX,ASW,CE,Combined TRACON& Tower with Radar,2,12,40,7,61,1,0,130,0,131,3,12,170,7,192,210,0,210,402
10/22/2021,ACT,TX,ASW,CE,Combined TRACON& Tower with Radar,0,19,33,37,89,0,0,89,3,92,0,19,122,40,181,74,0,74,255
10/23/2021,ACT,TX,ASW,CE,Combined TRACON& Tower with Radar,0,17,26,13,56,0,0,34,1,35,0,17,60,14,91,2,8,10,101
10/24/2021,ACT,TX,ASW,CE,Combined TRACON& Tower with Radar,0,26,26,20,72,0,0,26,0,26,0,26,52,20,98,38,0,38,136
10/25/2021,ACT,TX,ASW,CE,Combined TRACON& Tower with Radar,0,12,44,14,70,0,0,116,1,117,0,12,160,15,187,118,4,122,309
10/26/2021,ACT,TX,ASW,CE,Combined TRACON& Tower with Radar,0,22,76,34,132,0,0,36,0,36,0,22,112,34,168,24,0,24,192
10/27/2021,ACT,TX,ASW,CE,Combined TRACON& Tower with Radar,0,11,47,0,58,0,0,27,0,27,0,11,74,0,85,0,0,0,85
10/28/2021,ACT,TX,ASW,CE,Combined TRACON& Tower with Radar,0,7,13,2,22,0,0,8,0,8,0,7,21,2,30,10,0,10,40
10/29/2021,ACT,TX,ASW,CE,Combined TRACON& Tower with Radar,0,15,27,13,55,0,0,27,2,29,0,15,54,15,84,34,0,34,118
10/30/2021,ACT,TX,ASW,CE,Combined TRACON& Tower with Radar,0,14,44,10,68,0,0,76,1,77,0,14,120,11,145,30,8,38,183
10/31/2021,ACT,TX,ASW,CE,Combined TRACON& Tower with Radar,0,13,28,0,41,0,1,68,0,69,0,14,96,0,110,152,0,152,262
11/01/2021,ACT,TX,ASW,CE,Combined TRACON& Tower with Radar,0,12,49,8,69,0,0,133,2,135,0,12,182,10,204,60,0,60,264
11/02/2021,ACT,TX,ASW,CE,Combined TRACON& Tower with Radar,0,17,76,2,95,0,1,7,0,8,0,18,83,2,103,80,0,80,183
11/03/2021,ACT,TX,ASW,CE,Combined TRACON& Tower with Radar,0,13,18,0,31,0,0,0,0,0,0,13,18,0,31,0,0,0,31
11/04/2021,ACT,TX,ASW,CE,Combined TRACON& Tower with Radar,0,12,96,10,118,0,0,85,4,89,0,12,181,14,207,128,0,128,335
11/05/2021,ACT,TX,ASW,CE,Combined TRACON& Tower with Radar,0,15,48,27,90,0,1,127,1,129,0,16,175,28,219,127,0,127,346
11/06/2021,ACT,TX,ASW,CE,Combined TRACON& Tower with Radar,0,20,29,16,65,0,0,84,5,89,0,20,113,21,154,74,0,74,228
11/07/2021,ACT,TX,ASW,CE,Combined TRACON& Tower with Radar,0,23,33,1,57,0,1,55,3,59,0,24,88,4,116,38,0,38,154
11/08/2021,ACT,TX,ASW,CE,Combined TRACON& Tower with Radar,0,15,66,14,95,0,0,67,2,69,0,15,133,16,164,128,0,128,292
11/09/2021,ACT,TX,ASW,CE,Combined TRACON& Tower with Radar,0,8,68,8,84,0,0,77,0,77,0,8,145,8,161,78,8,86,247
11/10/2021,ACT,TX,ASW,CE,Combined TRACON& Tower with Radar,5,17,73,13,108,0,0,31,0,31,5,17,104,13,139,74,12,86,225
11/11/2021,ACT,TX,ASW,CE,Combined TRACON& Tower with Radar,0,16,50,0,66,0,2,126,2,130,0,18,176,2,196,74,0,74,270
11/12/2021,ACT,TX,ASW,CE,Combined TRACON& Tower with Radar,7,19,66,17,109,0,0,111,5,116,7,19,177,22,225,106,12,118,343
11/13/2021,ACT,TX,ASW,CE,Combined TRACON& Tower with Radar,1,21,53,15,90,0,0,102,2,104,1,21,155,17,194,46,0,46,240
11/14/2021,ACT,TX,ASW,CE,Combined TRACON& Tower with Radar,0,15,25,16,56,0,0,74,0,74,0,15,99,16,130,78,0,78,208
11/15/2021,ACT,TX,ASW,CE,Combined TRACON& Tower with Radar,0,21,53,6,80,0,4,114,1,119,0,25,167,7,199,118,0,118,317
11/16/2021,ACT,TX,ASW,CE,Combined TRACON& Tower with Radar,0,14,65,23,102,0,0,49,2,51,0,14,114,25,153,44,4,48,201
11/17/2021,ACT,TX,ASW,CE,Combined TRACON& Tower with Radar,0,14,83,11,108,0,0,68,4,72,0,14,151,15,180,100,0,100,280
11/18/2021,ACT,TX,ASW,CE,Combined TRACON& Tower with Radar,1,16,67,5,89,0,2,92,2,96,1,18,159,7,185,122,0,122,307
11/19/2021,ACT,TX,ASW,CE,Combined TRACON& Tower with Radar,3,17,51,25,96,0,0,97,1,98,3,17,148,26,194,156,0,156,350
11/20/2021,ACT,TX,ASW,CE,Combined TRACON& Tower with Radar,6,17,29,5,57,0,0,55,1,56,6,17,84,6,113,30,12,42,155
11/21/2021,ACT,TX,ASW,CE,Combined TRACON& Tower with Radar,4,14,37,6,61,0,0,7,4,11,4,14,44,10,72,4,6,10,82
11/22/2021,ACT,TX,ASW,CE,Combined TRACON& Tower with Radar,0,17,47,5,69,0,4,96,4,104,0,21,143,9,173,236,2,238,411
11/23/2021,ACT,TX,ASW,CE,Combined TRACON& Tower with Radar,0,13,33,10,56,0,0,94,0,94,0,13,127,10,150,118,0,118,268
11/24/2021,ACT,TX,ASW,CE,Combined TRACON& Tower with Radar,0,15,19,4,38,0,1,12,0,13,0,16,31,4,51,22,0,22,73
11/25/2021,ACT,TX,ASW,CE,Combined TRACON& Tower with Radar,0,4,3,0,7,0,0,2,0,2,0,4,5,0,9,0,0,0,9
11/26/2021,ACT,TX,ASW,CE,Combined TRACON& Tower with Radar,2,6,32,8,48,0,0,33,0,33,2,6,65,8,81,6,0,6,87
11/27/2021,ACT,TX,ASW,CE,Combined TRACON& Tower with Radar,2,22,37,2,63,0,0,8,0,8,2,22,45,2,71,0,0,0,71
11/28/2021,ACT,TX,ASW,CE,Combined TRACON& Tower with Radar,0,16,49,0,65,0,0,53,0,53,0,16,102,0,118,36,0,36,154
11/29/2021,ACT,TX,ASW,CE,Combined TRACON& Tower with Radar,0,13,42,27,82,3,0,116,4,123,3,13,158,31,205,140,10,150,355
11/30/2021,ACT,TX,ASW,CE,Combined TRACON& Tower with Radar,0,12,69,3,84,0,0,133,0,133,0,12,202,3,217,134,0,134,351
12/01/2021,ACT,TX,ASW,CE,Combined TRACON& Tower with Radar,0,14,55,39,108,0,1,105,2,108,0,15,160,41,216,188,8,196,412
12/02/2021,ACT,TX,ASW,CE,Combined TRACON& Tower with Radar,0,18,75,3,96,0,1,88,0,89,0,19,163,3,185,120,0,120,305
12/03/2021,ACT,TX,ASW,CE,Combined TRACON& Tower with Radar,0,15,53,15,83,0,0,32,0,32,0,15,85,15,115,70,0,70,185
12/04/2021,ACT,TX,ASW,CE,Combined TRACON& Tower with Radar,0,20,60,30,110,0,0,30,0,30,0,20,90,30,140,104,0,104,244
12/05/2021,ACT,TX,ASW,CE,Combined TRACON& Tower with Radar,0,13,37,0,50,0,0,32,0,32,0,13,69,0,82,10,0,10,92
12/06/2021,ACT,TX,ASW,CE,Combined TRACON& Tower with Radar,0,10,49,15,74,0,0,28,1,29,0,10,77,16,103,42,2,44,147
12/07/2021,ACT,TX,ASW,CE,Combined TRACON& Tower with Radar,0,8,68,11,87,0,2,152,1,155,0,10,220,12,242,96,0,96,338
12/08/2021,ACT,TX,ASW,CE,Combined TRACON& Tower with Radar,0,15,77,21,113,0,0,75,7,82,0,15,152,28,195,126,0,126,321
12/09/2021,ACT,TX,ASW,CE,Combined TRACON& Tower with Radar,0,15,41,1,57,0,2,84,1,87,0,17,125,2,144,88,0,88,232
12/10/2021,ACT,TX,ASW,CE,Combined TRACON& Tower with Radar,0,18,67,74,159,0,4,55,0,59,0,22,122,74,218,56,0,56,274
12/11/2021,ACT,TX,ASW,CE,Combined TRACON& Tower with Radar,1,13,21,6,41,0,2,52,0,54,1,15,73,6,95,70,0,70,165
12/12/2021,ACT,TX,ASW,CE,Combined TRACON& Tower with Radar,1,24,36,0,61,0,0,66,0,66,1,24,102,0,127,34,0,34,161
12/13/2021,ACT,TX,ASW,CE,Combined TRACON& Tower with Radar,0,16,68,31,115,0,2,39,0,41,0,18,107,31,156,66,0,66,222
12/14/2021,ACT,TX,ASW,CE,Combined TRACON& Tower with Radar,4,12,46,5,67,0,0,8,0,8,4,12,54,5,75,6,0,6,81
12/15/2021,ACT,TX,ASW,CE,Combined TRACON& Tower with Radar,0,23,71,44,138,0,0,14,5,19,0,23,85,49,157,32,0,32,189
12/16/2021,ACT,TX,ASW,CE,Combined TRACON& Tower with Radar,2,21,55,15,93,0,0,29,2,31,2,21,84,17,124,54,0,54,178
12/17/2021,ACT,TX,ASW,CE,Combined TRACON& Tower with Radar,2,17,75,16,110,0,0,28,0,28,2,17,103,16,138,2,0,2,140
12/18/2021,ACT,TX,ASW,CE,Combined TRACON& Tower with Radar,0,13,16,4,33,0,0,5,0,5,0,13,21,4,38,16,4,20,58
12/19/2021,ACT,TX,ASW,CE,Combined TRACON& Tower with Radar,3,15,21,2,41,0,2,58,0,60,3,17,79,2,101,37,4,41,142
12/20/2021,ACT,TX,ASW,CE,Combined TRACON& Tower with Radar,0,25,45,4,74,0,1,48,0,49,0,26,93,4,123,40,0,40,163
12/21/2021,ACT,TX,ASW,CE,Combined TRACON& Tower with Radar,0,12,56,4,72,0,0,69,0,69,0,12,125,4,141,70,0,70,211
12/22/2021,ACT,TX,ASW,CE,Combined TRACON& Tower with Radar,0,11,53,11,75,0,0,47,0,47,0,11,100,11,122,36,0,36,158
12/23/2021,ACT,TX,ASW,CE,Combined TRACON& Tower with Radar,0,13,23,6,42,0,0,15,0,15,0,13,38,6,57,24,0,24,81
12/24/2021,ACT,TX,ASW,CE,Combined TRACON& Tower with Radar,0,8,8,0,16,0,0,10,0,10,0,8,18,0,26,12,0,12,38
12/25/2021,ACT,TX,ASW,CE,Combined TRACON& Tower with Radar,0,8,5,0,13,0,0,8,0,8,0,8,13,0,21,2,0,2,23
12/26/2021,ACT,TX,ASW,CE,Combined TRACON& Tower with Radar,0,11,12,0,23,0,0,11,0,11,0,11,23,0,34,6,0,6,40
12/27/2021,ACT,TX,ASW,CE,Combined TRACON& Tower with Radar,0,10,20,0,30,0,0,7,0,7,0,10,27,0,37,0,0,0,37
12/28/2021,ACT,TX,ASW,CE,Combined TRACON& Tower with Radar,0,12,24,4,40,0,0,53,0,53,0,12,77,4,93,50,0,50,143
12/29/2021,ACT,TX,ASW,CE,Combined TRACON& Tower with Radar,4,11,23,0,38,0,0,22,0,22,4,11,45,0,60,42,0,42,102
12/30/2021,ACT,TX,ASW,CE,Combined TRACON& Tower with Radar,0,11,31,2,44,0,1,75,0,76,0,12,106,2,120,36,0,36,156
12/31/2021,ACT,TX,ASW,CE,Combined TRACON& Tower with Radar,2,6,27,0,35,0,0,2,0,2,2,6,29,0,37,42,0,42,79
01/01/2022,ACT,TX,ASW,CE,Combined TRACON& Tower with Radar,4,11,10,0,25,0,0,6,0,6,4,11,16,0,31,0,0,0,31
01/02/2022,ACT,TX,ASW,CE,Combined TRACON& Tower with Radar,6,13,12,0,31,0,0,14,0,14,6,13,26,0,45,0,0,0,45
01/03/2022,ACT,TX,ASW,CE,Combined TRACON& Tower with Radar,0,10,32,3,45,0,0,84,0,84,0,10,116,3,129,70,0,70,199
01/04/2022,ACT,TX,ASW,CE,Combined TRACON& Tower with Radar,0,12,33,15,60,0,0,56,5,61,0,12,89,20,121,48,20,68,189
01/05/2022,ACT,TX,ASW,CE,Combined TRACON& Tower with Radar,0,10,39,14,63,0,0,71,3,74,0,10,110,17,137,72,0,72,209
01/06/2022,ACT,TX,ASW,CE,Combined TRACON& Tower with Radar,0,18,21,8,47,0,0,32,0,32,0,18,53,8,79,12,0,12,91
01/07/2022,ACT,TX,ASW,CE,Combined TRACON& Tower with Radar,0,12,62,36,110,0,0,56,0,56,0,12,118,36,166,62,0,62,228
01/08/2022,ACT,TX,ASW,CE,Combined TRACON& Tower with Radar,0,10,10,0,20,0,0,0,0,0,0,10,10,0,20,0,0,0,20
01/09/2022,ACT,TX,ASW,CE,Combined TRACON& Tower with Radar,0,12,20,0,32,0,0,2,0,2,0,12,22,0,34,0,0,0,34
01/10/2022,ACT,TX,ASW,CE,Combined TRACON& Tower with Radar,2,12,35,8,57,0,0,82,0,82,2,12,117,8,139,56,0,56,195
01/11/2022,ACT,TX,ASW,CE,Combined TRACON& Tower with Radar,4,8,32,5,49,0,0,49,0,49,4,8,81,5,98,8,0,8,106
01/12/2022,ACT,TX,ASW,CE,Combined TRACON& Tower with Radar,2,12,47,14,75,0,0,66,4,70,2,12,113,18,145,61,0,61,206
01/13/2022,ACT,TX,ASW,CE,Combined TRACON& Tower with Radar,0,10,57,8,75,0,0,89,0,89,0,10,146,8,164,66,0,66,230
01/14/2022,ACT,TX,ASW,CE,Combined TRACON& Tower with Radar,2,10,26,20,58,0,4,48,1,53,2,14,74,21,111,28,0,28,139
01/15/2022,ACT,TX,ASW,CE,Combined TRACON& Tower with Radar,4,10,7,4,25,0,0,0,0,0,4,10,7,4,25,0,0,0,25
01/16/2022,ACT,TX,ASW,CE,Combined TRACON& Tower with Radar,2,12,21,0,35,0,1,40,0,41,2,13,61,0,76,40,0,40,116
01/17/2022,ACT,TX,ASW,CE,Combined TRACON& Tower with Radar,2,10,51,10,73,0,0,74,0,74,2,10,125,10,147,102,0,102,249
01/18/2022,ACT,TX,ASW,CE,Combined TRACON& Tower with Radar,3,12,38,23,76,0,0,45,0,45,3,12,83,23,121,44,0,44,165
01/19/2022,ACT,TX,ASW,CE,Combined TRACON& Tower with Radar,2,12,20,23,57,0,0,83,2,85,2,12,103,25,142,126,2,128,270
01/20/2022,ACT,TX,ASW,CE,Combined TRACON& Tower with Radar,0,14,27,7,48,0,0,57,1,58,0,14,84,8,106,42,0,42,148
01/21/2022,ACT,TX,ASW,CE,Combined TRACON& Tower with Radar,4,16,54,39,113,0,2,160,0,162,4,18,214,39,275,102,0,102,377
01/22/2022,ACT,TX,ASW,CE,Combined TRACON& Tower with Radar,2,15,13,31,61,0,0,70,5,75,2,15,83,36,136,30,2,32,168
01/23/2022,ACT,TX,ASW,CE,Combined TRACON& Tower with Radar,0,18,27,7,52,0,0,59,3,62,0,18,86,10,114,62,0,62,176
01/24/2022,ACT,TX,ASW,CE,Combined TRACON& Tower with Radar,2,15,33,0,50,0,0,3,0,3,2,15,36,0,53,2,0,2,55
01/25/2022,ACT,TX,ASW,CE,Combined TRACON& Tower with Radar,4,11,64,5,84,0,0,48,0,48,4,11,112,5,132,114,16,130,262
01/26/2022,ACT,TX,ASW,CE,Combined TRACON& Tower with Radar,1,10,40,36,87,0,3,125,12,140,1,13,165,48,227,102,6,108,335
01/27/2022,ACT,TX,ASW,CE,Combined TRACON& Tower with Radar,0,10,49,21,80,0,0,74,2,76,0,10,123,23,156,128,0,128,284
01/28/2022,ACT,TX,ASW,CE,Combined TRACON& Tower with Radar,4,11,35,67,117,0,0,81,2,83,4,11,116,69,200,64,0,64,264
01/29/2022,ACT,TX,ASW,CE,Combined TRACON& Tower with Radar,6,15,29,38,88,0,0,55,1,56,6,15,84,39,144,50,0,50,194
01/30/2022,ACT,TX,ASW,CE,Combined TRACON& Tower with Radar,0,16,28,3,47,0,0,50,0,50,0,16,78,3,97,60,0,60,157
01/31/2022,ACT,TX,ASW,CE,Combined TRACON& Tower with Radar,1,11,30,11,53,0,0,8,0,8,1,11,38,11,61,36,0,36,97
02/01/2022,ACT,TX,ASW,CE,Combined TRACON& Tower with Radar,0,9,66,2,77,0,0,73,4,77,0,9,139,6,154,152,0,152,306
02/02/2022,ACT,TX,ASW,CE,Combined TRACON& Tower with Radar,0,8,47,5,60,0,0,13,0,13,0,8,60,5,73,28,2,30,103
02/03/2022,ACT,TX,ASW,CE,Combined TRACON& Tower with Radar,0,0,0,0,0,0,0,0,0,0,0,0,0,0,0,0,0,0,0
02/04/2022,ACT,TX,ASW,CE,Combined TRACON& Tower with Radar,0,5,5,0,10,0,0,2,0,2,0,5,7,0,12,0,0,0,12
02/05/2022,ACT,TX,ASW,CE,Combined TRACON& Tower with Radar,2,7,33,69,111,0,0,73,18,91,2,7,106,87,202,64,0,64,266
02/06/2022,ACT,TX,ASW,CE,Combined TRACON& Tower with Radar,1,13,26,2,42,0,2,68,3,73,1,15,94,5,115,130,0,130,245
02/07/2022,ACT,TX,ASW,CE,Combined TRACON& Tower with Radar,0,11,46,6,63,0,2,115,2,119,0,13,161,8,182,148,0,148,330
02/08/2022,ACT,TX,ASW,CE,Combined TRACON& Tower with Radar,4,9,43,17,73,0,1,105,0,106,4,10,148,17,179,142,0,142,321
02/09/2022,ACT,TX,ASW,CE,Combined TRACON& Tower with Radar,3,12,52,19,86,0,5,115,2,122,3,17,167,21,208,140,0,140,348
02/10/2022,ACT,TX,ASW,CE,Combined TRACON& Tower with Radar,2,10,39,25,76,0,10,119,3,132,2,20,158,28,208,126,0,126,334
02/11/2022,ACT,TX,ASW,CE,Combined TRACON& Tower with Radar,2,14,35,76,127,0,2,122,2,126,2,16,157,78,253,74,20,94,347
02/12/2022,ACT,TX,ASW,CE,Combined TRACON& Tower with Radar,2,9,13,36,60,0,0,19,0,19,2,9,32,36,79,6,0,6,85
02/13/2022,ACT,TX,ASW,CE,Combined TRACON& Tower with Radar,0,11,10,16,37,0,0,61,0,61,0,11,71,16,98,68,0,68,166
02/14/2022,ACT,TX,ASW,CE,Combined TRACON& Tower with Radar,0,12,35,29,76,0,0,115,0,115,0,12,150,29,191,116,0,116,307
02/15/2022,ACT,TX,ASW,CE,Combined TRACON& Tower with Radar,0,13,27,26,66,0,0,31,0,31,0,13,58,26,97,42,0,42,139
02/16/2022,ACT,TX,ASW,CE,Combined TRACON& Tower with Radar,2,14,77,27,120,0,0,2,2,4,2,14,79,29,124,82,0,82,206
02/17/2022,ACT,TX,ASW,CE,Combined TRACON& Tower with Radar,0,14,26,0,40,0,2,4,0,6,0,16,30,0,46,14,0,14,60
02/18/2022,ACT,TX,ASW,CE,Combined TRACON& Tower with Radar,0,11,46,15,72,0,3,111,0,114,0,14,157,15,186,142,0,142,328
02/19/2022,ACT,TX,ASW,CE,Combined TRACON& Tower with Radar,0,12,26,0,38,0,0,110,0,110,0,12,136,0,148,68,18,86,234
02/20/2022,ACT,TX,ASW,CE,Combined TRACON& Tower with Radar,2,14,41,18,75,0,0,57,2,59,2,14,98,20,134,64,0,64,198
02/21/2022,ACT,TX,ASW,CE,Combined TRACON& Tower with Radar,0,12,32,9,53,0,2,43,0,45,0,14,75,9,98,50,0,50,148
02/22/2022,ACT,TX,ASW,CE,Combined TRACON& Tower with Radar,2,10,61,15,88,0,0,95,1,96,2,10,156,16,184,110,0,110,294
02/23/2022,ACT,TX,ASW,CE,Combined TRACON& Tower with Radar,0,8,7,0,15,0,0,0,0,0,0,8,7,0,15,0,0,0,15
02/24/2022,ACT,TX,ASW,CE,Combined TRACON& Tower with Radar,4,6,2,0,12,0,0,0,0,0,4,6,2,0,12,0,0,0,12
02/25/2022,ACT,TX,ASW,CE,Combined TRACON& Tower with Radar,2,16,37,31,86,0,0,70,3,73,2,16,107,34,159,48,0,48,207
02/26/2022,ACT,TX,ASW,CE,Combined TRACON& Tower with Radar,2,15,29,0,46,0,0,0,0,0,2,15,29,0,46,0,0,0,46
02/27/2022,ACT,TX,ASW,CE,Combined TRACON& Tower with Radar,4,14,34,4,56,0,0,72,0,72,4,14,106,4,128,155,0,155,283
02/28/2022,ACT,TX,ASW,CE,Combined TRACON& Tower with Radar,1,10,49,18,78,0,0,135,0,135,1,10,184,18,213,188,0,188,401
03/01/2022,ACT,TX,ASW,CE,Combined TRACON& Tower with Radar,0,10,67,26,103,0,0,126,2,128,0,10,193,28,231,140,0,140,371
03/02/2022,ACT,TX,ASW,CE,Combined TRACON& Tower with Radar,0,12,54,29,95,0,4,113,2,119,0,16,167,31,214,92,0,92,306
03/03/2022,ACT,TX,ASW,CE,Combined TRACON& Tower with Radar,0,10,67,16,93,0,4,122,8,134,0,14,189,24,227,124,0,124,351
03/04/2022,ACT,TX,ASW,CE,Combined TRACON& Tower with Radar,0,18,63,60,141,0,1,26,1,28,0,19,89,61,169,76,0,76,245
03/05/2022,ACT,TX,ASW,CE,Combined TRACON& Tower with Radar,0,14,78,26,118,0,0,16,3,19,0,14,94,29,137,16,8,24,161
03/06/2022,ACT,TX,ASW,CE,Combined TRACON& Tower with Radar,4,12,13,0,29,0,0,1,0,1,4,12,14,0,30,2,0,2,32
03/07/2022,ACT,TX,ASW,CE,Combined TRACON& Tower with Radar,1,9,44,53,107,0,1,48,15,64,1,10,92,68,171,90,0,90,261
03/08/2022,ACT,TX,ASW,CE,Combined TRACON& Tower with Radar,0,8,30,1,39,0,0,20,0,20,0,8,50,1,59,52,0,52,111
03/09/2022,ACT,TX,ASW,CE,Combined TRACON& Tower with Radar,2,15,62,17,96,0,1,53,2,56,2,16,115,19,152,28,4,32,184
03/10/2022,ACT,TX,ASW,CE,Combined TRACON& Tower with Radar,2,18,57,10,87,0,0,69,6,75,2,18,126,16,162,76,6,82,244
03/11/2022,ACT,TX,ASW,CE,Combined TRACON& Tower with Radar,2,11,29,20,62,0,0,1,0,1,2,11,30,20,63,0,0,0,63
03/12/2022,ACT,TX,ASW,CE,Combined TRACON& Tower with Radar,2,11,51,50,114,0,2,71,4,77,2,13,122,54,191,72,14,86,277
03/13/2022,ACT,TX,ASW,CE,Combined TRACON& Tower with Radar,2,16,29,24,71,0,3,50,2,55,2,19,79,26,126,66,0,66,192
03/14/2022,ACT,TX,ASW,CE,Combined TRACON& Tower with Radar,0,8,63,4,75,0,0,36,0,36,0,8,99,4,111,62,0,62,173
03/15/2022,ACT,TX,ASW,CE,Combined TRACON& Tower with Radar,0,10,59,8,77,0,2,131,0,133,0,12,190,8,210,220,0,220,430
03/16/2022,ACT,TX,ASW,CE,Combined TRACON& Tower with Radar,6,10,59,18,93,0,0,137,1,138,6,10,196,19,231,152,0,152,383
03/17/2022,ACT,TX,ASW,CE,Combined TRACON& Tower with Radar,8,20,62,14,104,0,0,19,0,19,8,20,81,14,123,44,0,44,167
03/18/2022,ACT,TX,ASW,CE,Combined TRACON& Tower with Radar,2,9,29,11,51,0,3,49,0,52,2,12,78,11,103,30,0,30,133
03/19/2022,ACT,TX,ASW,CE,Combined TRACON& Tower with Radar,2,12,45,19,78,0,1,135,1,137,2,13,180,20,215,68,0,68,283
03/20/2022,ACT,TX,ASW,CE,Combined TRACON& Tower with Radar,0,18,56,21,95,0,0,56,2,58,0,18,112,23,153,8,0,8,161
03/21/2022,ACT,TX,ASW,CE,Combined TRACON& Tower with Radar,2,10,7,0,19,0,0,0,0,0,2,10,7,0,19,0,0,0,19
03/22/2022,ACT,TX,ASW,CE,Combined TRACON& Tower with Radar,0,15,86,12,113,0,8,40,0,48,0,23,126,12,161,66,0,66,227
03/23/2022,ACT,TX,ASW,CE,Combined TRACON& Tower with Radar,0,18,57,8,83,0,1,99,4,104,0,19,156,12,187,120,0,120,307
03/24/2022,ACT,TX,ASW,CE,Combined TRACON& Tower with Radar,0,14,79,8,101,0,0,112,0,112,0,14,191,8,213,94,4,98,311
03/25/2022,ACT,TX,ASW,CE,Combined TRACON& Tower with Radar,2,9,79,52,142,0,0,115,4,119,2,9,194,56,261,186,0,186,447
03/26/2022,ACT,TX,ASW,CE,Combined TRACON& Tower with Radar,0,9,80,19,108,0,0,90,4,94,0,9,170,23,202,40,0,40,242
03/27/2022,ACT,TX,ASW,CE,Combined TRACON& Tower with Radar,0,11,45,0,56,0,2,59,1,62,0,13,104,1,118,72,0,72,190
03/28/2022,ACT,TX,ASW,CE,Combined TRACON& Tower with Radar,0,8,61,28,97,0,0,83,1,84,0,8,144,29,181,54,0,54,235
03/29/2022,ACT,TX,ASW,CE,Combined TRACON& Tower with Radar,0,16,42,16,74,0,0,2,0,2,0,16,44,16,76,12,0,12,88
03/30/2022,ACT,TX,ASW,CE,Combined TRACON& Tower with Radar,2,8,31,3,44,0,0,36,4,40,2,8,67,7,84,80,0,80,164
03/31/2022,ACT,TX,ASW,CE,Combined TRACON& Tower with Radar,0,15,98,13,126,0,2,132,2,136,0,17,230,15,262,152,4,156,418
04/01/2022,ACT,TX,ASW,CE,Combined TRACON& Tower with Radar,0,23,77,42,142,0,2,114,2,118,0,25,191,44,260,140,0,140,400
04/02/2022,ACT,TX,ASW,CE,Combined TRACON& Tower with Radar,0,11,44,2,57,0,2,86,0,88,0,13,130,2,145,80,0,80,225
04/03/2022,ACT,TX,ASW,CE,Combined TRACON& Tower with Radar,0,14,35,14,63,0,0,57,7,64,0,14,92,21,127,104,0,104,231
04/04/2022,ACT,TX,ASW,CE,Combined TRACON& Tower with Radar,0,10,57,4,71,0,0,6,0,6,0,10,63,4,77,90,0,90,167
04/05/2022,ACT,TX,ASW,CE,Combined TRACON& Tower with Radar,0,14,65,8,87,0,2,83,2,87,0,16,148,10,174,50,0,50,224
04/06/2022,ACT,TX,ASW,CE,Combined TRACON& Tower with Radar,0,16,35,25,76,0,3,21,3,27,0,19,56,28,103,8,2,10,113
04/07/2022,ACT,TX,ASW,CE,Combined TRACON& Tower with Radar,0,13,42,3,58,0,2,33,3,38,0,15,75,6,96,28,0,28,124
04/08/2022,ACT,TX,ASW,CE,Combined TRACON& Tower with Radar,0,11,34,4,49,0,3,70,0,73,0,14,104,4,122,44,0,44,166
04/09/2022,ACT,TX,ASW,CE,Combined TRACON& Tower with Radar,0,17,60,10,87,0,0,80,1,81,0,17,140,11,168,87,0,87,255
04/10/2022,ACT,TX,ASW,CE,Combined TRACON& Tower with Radar,0,11,21,0,32,0,0,5,0,5,0,11,26,0,37,0,0,0,37
04/11/2022,ACT,TX,ASW,CE,Combined TRACON& Tower with Radar,0,16,98,34,148,0,2,43,3,48,0,18,141,37,196,146,4,150,346
04/12/2022,ACT,TX,ASW,CE,Combined TRACON& Tower with Radar,0,10,53,3,66,0,0,2,0,2,0,10,55,3,68,0,0,0,68
04/13/2022,ACT,TX,ASW,CE,Combined TRACON& Tower with Radar,2,11,63,29,105,0,2,62,7,71,2,13,125,36,176,28,12,40,216
04/14/2022,ACT,TX,ASW,CE,Combined TRACON& Tower with Radar,0,20,94,16,130,0,5,142,0,147,0,25,236,16,277,226,0,226,503
04/15/2022,ACT,TX,ASW,CE,Combined TRACON& Tower with Radar,0,17,105,15,137,0,0,18,1,19,0,17,123,16,156,84,0,84,240
04/16/2022,ACT,TX,ASW,CE,Combined TRACON& Tower with Radar,0,16,42,0,58,0,0,21,0,21,0,16,63,0,79,16,0,16,95
04/17/2022,ACT,TX,ASW,CE,Combined TRACON& Tower with Radar,0,14,37,4,55,0,0,24,0,24,0,14,61,4,79,26,0,26,105
04/18/2022,ACT,TX,ASW,CE,Combined TRACON& Tower with Radar,0,24,74,2,100,0,3,80,0,83,0,27,154,2,183,78,0,78,261
04/19/2022,ACT,TX,ASW,CE,Combined TRACON& Tower with Radar,0,11,100,46,157,0,6,80,0,86,0,17,180,46,243,46,0,46,289
04/20/2022,ACT,TX,ASW,CE,Combined TRACON& Tower with Radar,0,24,67,37,128,0,2,23,0,25,0,26,90,37,153,34,0,34,187
04/21/2022,ACT,TX,ASW,CE,Combined TRACON& Tower with Radar,0,25,92,16,133,0,0,52,0,52,0,25,144,16,185,112,0,112,297
04/22/2022,ACT,TX,ASW,CE,Combined TRACON& Tower with Radar,0,15,50,79,144,0,0,40,1,41,0,15,90,80,185,46,0,46,231
04/23/2022,ACT,TX,ASW,CE,Combined TRACON& Tower with Radar,0,13,22,10,45,0,1,17,0,18,0,14,39,10,63,28,0,28,91
04/24/2022,ACT,TX,ASW,CE,Combined TRACON& Tower with Radar,4,16,36,22,78,0,0,22,0,22,4,16,58,22,100,16,0,16,116
04/25/2022,ACT,TX,ASW,CE,Combined TRACON& Tower with Radar,0,12,12,0,24,0,0,7,0,7,0,12,19,0,31,20,0,20,51
04/26/2022,ACT,TX,ASW,CE,Combined TRACON& Tower with Radar,0,12,60,12,84,0,5,151,3,159,0,17,211,15,243,152,0,152,395
04/27/2022,ACT,TX,ASW,CE,Combined TRACON& Tower with Radar,0,12,76,6,94,0,2,104,0,106,0,14,180,6,200,122,0,122,322
04/28/2022,ACT,TX,ASW,CE,Combined TRACON& Tower with Radar,0,31,97,21,149,0,3,55,0,58,0,34,152,21,207,110,0,110,317
04/29/2022,ACT,TX,ASW,CE,Combined TRACON& Tower with Radar,0,14,79,0,93,0,0,18,0,18,0,14,97,0,111,68,0,68,179
04/30/2022,ACT,TX,ASW,CE,Combined TRACON& Tower with Radar,0,14,41,24,79,0,4,49,0,53,0,18,90,24,132,32,0,32,164
05/01/2022,ACT,TX,ASW,CE,Combined TRACON& Tower with Radar,0,16,21,28,65,0,0,34,0,34,0,16,55,28,99,36,0,36,135
05/02/2022,ACT,TX,ASW,CE,Combined TRACON& Tower with Radar,0,17,23,2,42,0,0,20,0,20,0,17,43,2,62,26,0,26,88
05/03/2022,ACT,TX,ASW,CE,Combined TRACON& Tower with Radar,0,16,52,38,106,0,0,22,2,24,0,16,74,40,130,38,0,38,168
05/04/2022,ACT,TX,ASW,CE,Combined TRACON& Tower with Radar,0,14,50,13,77,0,0,39,3,42,0,14,89,16,119,62,10,72,191
05/05/2022,ACT,TX,ASW,CE,Combined TRACON& Tower with Radar,0,11,28,2,41,0,1,10,0,11,0,12,38,2,52,0,0,0,52
05/06/2022,ACT,TX,ASW,CE,Combined TRACON& Tower with Radar,0,18,38,17,73,0,3,124,2,129,0,21,162,19,202,98,0,98,300
05/07/2022,ACT,TX,ASW,CE,Combined TRACON& Tower with Radar,0,10,53,24,87,0,2,21,0,23,0,12,74,24,110,30,0,30,140
05/08/2022,ACT,TX,ASW,CE,Combined TRACON& Tower with Radar,0,11,28,0,39,0,2,17,0,19,0,13,45,0,58,12,0,12,70
05/09/2022,ACT,TX,ASW,CE,Combined TRACON& Tower with Radar,0,16,40,9,65,0,1,36,0,37,0,17,76,9,102,58,0,58,160
05/10/2022,ACT,TX,ASW,CE,Combined TRACON& Tower with Radar,0,15,47,13,75,0,0,47,2,49,0,15,94,15,124,118,8,126,250
05/11/2022,ACT,TX,ASW,CE,Combined TRACON& Tower with Radar,0,20,49,10,79,0,0,61,4,65,0,20,110,14,144,66,0,66,210
05/12/2022,ACT,TX,ASW,CE,Combined TRACON& Tower with Radar,0,22,42,11,75,0,2,47,0,49,0,24,89,11,124,104,0,104,228
05/13/2022,ACT,TX,ASW,CE,Combined TRACON& Tower with Radar,2,13,64,29,108,0,0,65,2,67,2,13,129,31,175,16,2,18,193
05/14/2022,ACT,TX,ASW,CE,Combined TRACON& Tower with Radar,0,17,26,37,80,0,0,46,0,46,0,17,72,37,126,10,0,10,136
05/15/2022,ACT,TX,ASW,CE,Combined TRACON& Tower with Radar,0,22,37,6,65,0,2,37,0,39,0,24,74,6,104,8,0,8,112
05/16/2022,ACT,TX,ASW,CE,Combined TRACON& Tower with Radar,0,15,45,3,63,0,3,89,1,93,0,18,134,4,156,50,0,50,206
05/17/2022,ACT,TX,ASW,CE,Combined TRACON& Tower with Radar,2,12,35,18,67,0,3,46,1,50,2,15,81,19,117,8,0,8,125
05/18/2022,ACT,TX,ASW,CE,Combined TRACON& Tower with Radar,0,17,57,33,107,0,0,39,4,43,0,17,96,37,150,28,8,36,186
05/19/2022,ACT,TX,ASW,CE,Combined TRACON& Tower with Radar,0,16,39,13,68,0,2,46,0,48,0,18,85,13,116,22,0,22,138
05/20/2022,ACT,TX,ASW,CE,Combined TRACON& Tower with Radar,0,12,30,36,78,0,0,19,3,22,0,12,49,39,100,16,0,16,116
05/21/2022,ACT,TX,ASW,CE,Combined TRACON& Tower with Radar,0,11,19,12,42,0,0,7,2,9,0,11,26,14,51,4,0,4,55
05/22/2022,ACT,TX,ASW,CE,Combined TRACON& Tower with Radar,0,12,19,12,43,0,0,18,0,18,0,12,37,12,61,33,0,33,94
05/23/2022,ACT,TX,ASW,CE,Combined TRACON& Tower with Radar,0,13,54,11,78,0,0,8,0,8,0,13,62,11,86,54,0,54,140
05/24/2022,ACT,TX,ASW,CE,Combined TRACON& Tower with Radar,0,9,52,5,66,0,0,8,2,10,0,9,60,7,76,4,0,4,80
05/25/2022,ACT,TX,ASW,CE,Combined TRACON& Tower with Radar,0,10,68,10,88,0,2,40,3,45,0,12,108,13,133,148,0,148,281
05/26/2022,ACT,TX,ASW,CE,Combined TRACON& Tower with Radar,0,11,58,16,85,0,4,69,3,76,0,15,127,19,161,38,0,38,199
05/27/2022,ACT,TX,ASW,CE,Combined TRACON& Tower with Radar,0,12,59,4,75,0,3,79,0,82,0,15,138,4,157,48,0,48,205
05/28/2022,ACT,TX,ASW,CE,Combined TRACON& Tower with Radar,0,8,21,0,29,0,0,41,0,41,0,8,62,0,70,30,0,30,100
05/29/2022,ACT,TX,ASW,CE,Combined TRACON& Tower with Radar,0,10,9,0,19,0,0,11,0,11,0,10,20,0,30,4,0,4,34
05/30/2022,ACT,TX,ASW,CE,Combined TRACON& Tower with Radar,0,14,22,4,40,0,0,24,0,24,0,14,46,4,64,14,0,14,78
05/31/2022,ACT,TX,ASW,CE,Combined TRACON& Tower with Radar,0,12,49,23,84,0,4,46,3,53,0,16,95,26,137,100,10,110,247
06/01/2022,ACT,TX,ASW,CE,Combined TRACON& Tower with Radar,6,11,46,4,67,0,1,19,0,20,6,12,65,4,87,102,0,102,189
06/02/2022,ACT,TX,ASW,CE,Combined TRACON& Tower with Radar,0,13,39,10,62,0,1,37,2,40,0,14,76,12,102,54,0,54,156
06/03/2022,ACT,TX,ASW,CE,Combined TRACON& Tower with Radar,2,12,32,12,58,0,0,42,0,42,2,12,74,12,100,70,0,70,170
06/04/2022,ACT,TX,ASW,CE,Combined TRACON& Tower with Radar,0,20,51,6,77,0,0,50,0,50,0,20,101,6,127,76,0,76,203
06/05/2022,ACT,TX,ASW,CE,Combined TRACON& Tower with Radar,0,10,29,8,47,0,0,37,1,38,0,10,66,9,85,22,0,22,107
06/06/2022,ACT,TX,ASW,CE,Combined TRACON& Tower with Radar,0,17,29,28,74,0,1,79,8,88,0,18,108,36,162,60,0,60,222
06/07/2022,ACT,TX,ASW,CE,Combined TRACON& Tower with Radar,0,11,70,31,112,0,5,67,12,84,0,16,137,43,196,42,0,42,238
06/08/2022,ACT,TX,ASW,CE,Combined TRACON& Tower with Radar,0,20,54,10,84,0,3,81,4,88,0,23,135,14,172,128,0,128,300
06/09/2022,ACT,TX,ASW,CE,Combined TRACON& Tower with Radar,0,16,63,14,93,0,4,76,0,80,0,20,139,14,173,166,0,166,339
06/10/2022,ACT,TX,ASW,CE,Combined TRACON& Tower with Radar,0,11,62,47,120,0,1,78,2,81,0,12,140,49,201,42,12,54,255
06/11/2022,ACT,TX,ASW,CE,Combined TRACON& Tower with Radar,1,11,23,8,43,0,3,56,9,68,1,14,79,17,111,30,4,34,145
06/12/2022,ACT,TX,ASW,CE,Combined TRACON& Tower with Radar,0,14,15,8,37,0,0,24,3,27,0,14,39,11,64,5,0,5,69
06/13/2022,ACT,TX,ASW,CE,Combined TRACON& Tower with Radar,0,10,52,25,87,0,1,52,0,53,0,11,104,25,140,42,0,42,182
06/14/2022,ACT,TX,ASW,CE,Combined TRACON& Tower with Radar,0,8,40,16,64,0,0,19,1,20,0,8,59,17,84,4,0,4,88
06/15/2022,ACT,TX,ASW,CE,Combined TRACON& Tower with Radar,0,12,72,6,90,0,1,91,17,109,0,13,163,23,199,126,14,140,339
06/16/2022,ACT,TX,ASW,CE,Combined TRACON& Tower with Radar,0,13,59,8,80,0,4,93,0,97,0,17,152,8,177,136,0,136,313
06/17/2022,ACT,TX,ASW,CE,Combined TRACON& Tower with Radar,0,14,39,32,85,0,6,90,4,100,0,20,129,36,185,38,6,44,229
06/18/2022,ACT,TX,ASW,CE,Combined TRACON& Tower with Radar,0,9,20,0,29,0,0,53,0,53,0,9,73,0,82,55,0,55,137
06/19/2022,ACT,TX,ASW,CE,Combined TRACON& Tower with Radar,0,10,21,21,52,0,1,42,1,44,0,11,63,22,96,38,0,38,134
06/20/2022,ACT,TX,ASW,CE,Combined TRACON& Tower with Radar,0,14,31,5,50,0,0,93,1,94,0,14,124,6,144,110,0,110,254
06/21/2022,ACT,TX,ASW,CE,Combined TRACON& Tower with Radar,0,12,50,21,83,0,6,114,0,120,0,18,164,21,203,152,0,152,355
06/22/2022,ACT,TX,ASW,CE,Combined TRACON& Tower with Radar,0,12,50,14,76,0,5,109,1,115,0,17,159,15,191,150,0,150,341
06/23/2022,ACT,TX,ASW,CE,Combined TRACON& Tower with Radar,0,16,47,8,71,0,6,115,0,121,0,22,162,8,192,168,0,168,360
06/24/2022,ACT,TX,ASW,CE,Combined TRACON& Tower with Radar,0,17,54,40,111,0,3,104,5,112,0,20,158,45,223,88,4,92,315
06/25/2022,ACT,TX,ASW,CE,Combined TRACON& Tower with Radar,0,9,14,8,31,0,1,54,0,55,0,10,68,8,86,32,0,32,118
06/26/2022,ACT,TX,ASW,CE,Combined TRACON& Tower with Radar,0,15,27,18,60,0,0,46,2,48,0,15,73,20,108,68,0,68,176
06/27/2022,ACT,TX,ASW,CE,Combined TRACON& Tower with Radar,0,16,33,7,56,0,2,59,0,61,0,18,92,7,117,94,14,108,225
06/28/2022,ACT,TX,ASW,CE,Combined TRACON& Tower with Radar,0,15,71,8,94,0,3,88,0,91,0,18,159,8,185,182,0,182,367
06/29/2022,ACT,TX,ASW,CE,Combined TRACON& Tower with Radar,0,20,50,17,87,0,9,105,1,115,0,29,155,18,202,174,16,190,392
06/30/2022,ACT,TX,ASW,CE,Combined TRACON& Tower with Radar,0,17,83,35,135,0,0,112,1,113,0,17,195,36,248,82,8,90,338
07/01/2022,ACT,TX,ASW,CE,Combined TRACON& Tower with Radar,0,19,63,4,86,0,1,56,0,57,0,20,119,4,143,56,6,62,205
07/02/2022,ACT,TX,ASW,CE,Combined TRACON& Tower with Radar,0,10,21,6,37,0,0,25,0,25,0,10,46,6,62,36,0,36,98
07/03/2022,ACT,TX,ASW,CE,Combined TRACON& Tower with Radar,0,8,12,0,20,0,0,32,0,32,0,8,44,0,52,44,0,44,96
07/04/2022,ACT,TX,ASW,CE,Combined TRACON& Tower with Radar,0,10,18,0,28,0,0,32,0,32,0,10,50,0,60,30,0,30,90
07/05/2022,ACT,TX,ASW,CE,Combined TRACON& Tower with Radar,0,11,37,18,66,0,1,69,0,70,0,12,106,18,136,67,0,67,203
07/06/2022,ACT,TX,ASW,CE,Combined TRACON& Tower with Radar,0,11,62,20,93,0,2,122,6,130,0,13,184,26,223,126,0,126,349
07/07/2022,ACT,TX,ASW,CE,Combined TRACON& Tower with Radar,0,14,38,4,56,0,0,106,0,106,0,14,144,4,162,100,0,100,262
07/08/2022,ACT,TX,ASW,CE,Combined TRACON& Tower with Radar,0,12,47,26,85,0,2,72,0,74,0,14,119,26,159,128,22,150,309
07/09/2022,ACT,TX,ASW,CE,Combined TRACON& Tower with Radar,0,13,16,18,47,0,2,45,1,48,0,15,61,19,95,84,0,84,179
07/10/2022,ACT,TX,ASW,CE,Combined TRACON& Tower with Radar,0,17,12,13,42,0,3,36,0,39,0,20,48,13,81,18,0,18,99
07/11/2022,ACT,TX,ASW,CE,Combined TRACON& Tower with Radar,0,10,32,7,49,0,0,73,1,74,0,10,105,8,123,172,10,182,305
07/12/2022,ACT,TX,ASW,CE,Combined TRACON& Tower with Radar,2,7,55,21,85,0,1,61,3,65,2,8,116,24,150,104,0,104,254
07/13/2022,ACT,TX,ASW,CE,Combined TRACON& Tower with Radar,0,8,61,4,73,0,0,79,0,79,0,8,140,4,152,184,0,184,336
07/14/2022,ACT,TX,ASW,CE,Combined TRACON& Tower with Radar,0,14,45,0,59,0,3,57,0,60,0,17,102,0,119,110,0,110,229
07/15/2022,ACT,TX,ASW,CE,Combined TRACON& Tower with Radar,0,16,49,100,165,0,4,86,2,92,0,20,135,102,257,80,0,80,337
07/16/2022,ACT,TX,ASW,CE,Combined TRACON& Tower with Radar,2,13,33,29,77,0,0,48,2,50,2,13,81,31,127,82,12,94,221
07/17/2022,ACT,TX,ASW,CE,Combined TRACON& Tower with Radar,0,12,26,8,46,0,0,52,0,52,0,12,78,8,98,74,0,74,172
07/18/2022,ACT,TX,ASW,CE,Combined TRACON& Tower with Radar,0,10,70,7,87,0,0,103,3,106,0,10,173,10,193,108,0,108,301
07/19/2022,ACT,TX,ASW,CE,Combined TRACON& Tower with Radar,0,14,59,14,87,0,6,84,1,91,0,20,143,15,178,144,0,144,322
07/20/2022,ACT,TX,ASW,CE,Combined TRACON& Tower with Radar,0,8,61,16,85,0,4,94,0,98,0,12,155,16,183,108,0,108,291
07/21/2022,ACT,TX,ASW,CE,Combined TRACON& Tower with Radar,0,10,68,18,96,0,1,67,0,68,0,11,135,18,164,88,0,88,252
07/22/2022,ACT,TX,ASW,CE,Combined TRACON& Tower with Radar,0,13,59,61,133,0,1,73,7,81,0,14,132,68,214,40,14,54,268
07/23/2022,ACT,TX,ASW,CE,Combined TRACON& Tower with Radar,0,7,16,22,45,0,0,57,1,58,0,7,73,23,103,82,0,82,185
07/24/2022,ACT,TX,ASW,CE,Combined TRACON& Tower with Radar,0,10,23,4,37,0,0,42,0,42,0,10,65,4,79,36,0,36,115
07/25/2022,ACT,TX,ASW,CE,Combined TRACON& Tower with Radar,3,13,41,30,87,0,0,69,3,72,3,13,110,33,159,20,0,20,179
07/26/2022,ACT,TX,ASW,CE,Combined TRACON& Tower with Radar,2,8,56,14,80,0,0,89,0,89,2,8,145,14,169,72,0,72,241
07/27/2022,ACT,TX,ASW,CE,Combined TRACON& Tower with Radar,1,8,62,34,105,0,4,64,7,75,1,12,126,41,180,120,14,134,314
07/28/2022,ACT,TX,ASW,CE,Combined TRACON& Tower with Radar,0,15,45,20,80,0,2,73,1,76,0,17,118,21,156,102,0,102,258
07/29/2022,ACT,TX,ASW,CE,Combined TRACON& Tower with Radar,2,12,41,17,72,0,4,89,1,94,2,16,130,18,166,80,0,80,246
07/30/2022,ACT,TX,ASW,CE,Combined TRACON& Tower with Radar,0,8,20,1,29,0,2,42,1,45,0,10,62,2,74,16,0,16,90
07/31/2022,ACT,TX,ASW,CE,Combined TRACON& Tower with Radar,0,14,27,23,64,0,0,30,1,31,0,14,57,24,95,28,4,32,127
08/01/2022,ACT,TX,ASW,CE,Combined TRACON& Tower with Radar,0,12,53,12,77,0,2,72,0,74,0,14,125,12,151,98,0,98,249
08/02/2022,ACT,TX,ASW,CE,Combined TRACON& Tower with Radar,0,10,83,19,112,0,8,86,2,96,0,18,169,21,208,22,0,22,230
08/03/2022,ACT,TX,ASW,CE,Combined TRACON& Tower with Radar,0,22,43,4,69,0,4,64,1,69,0,26,107,5,138,68,0,68,206
08/04/2022,ACT,TX,ASW,CE,Combined TRACON& Tower with Radar,0,10,75,20,105,0,3,55,0,58,0,13,130,20,163,26,0,26,189
08/05/2022,ACT,TX,ASW,CE,Combined TRACON& Tower with Radar,0,10,51,40,101,0,0,63,4,67,0,10,114,44,168,32,0,32,200
08/06/2022,ACT,TX,ASW,CE,Combined TRACON& Tower with Radar,0,8,34,11,53,0,0,67,1,68,0,8,101,12,121,66,0,66,187
08/07/2022,ACT,TX,ASW,CE,Combined TRACON& Tower with Radar,0,12,18,10,40,0,0,49,0,49,0,12,67,10,89,36,0,36,125
08/08/2022,ACT,TX,ASW,CE,Combined TRACON& Tower with Radar,0,15,36,32,83,0,4,64,4,72,0,19,100,36,155,86,0,86,241
08/09/2022,ACT,TX,ASW,CE,Combined TRACON& Tower with Radar,0,12,50,14,76,0,1,59,0,60,0,13,109,14,136,84,0,84,220
08/10/2022,ACT,TX,ASW,CE,Combined TRACON& Tower with Radar,2,6,41,1,50,0,3,51,0,54,2,9,92,1,104,46,0,46,150
08/11/2022,ACT,TX,ASW,CE,Combined TRACON& Tower with Radar,0,12,73,4,89,0,0,82,0,82,0,12,155,4,171,70,0,70,241
08/12/2022,ACT,TX,ASW,CE,Combined TRACON& Tower with Radar,0,11,45,29,85,0,0,62,4,66,0,11,107,33,151,68,16,84,235
08/13/2022,ACT,TX,ASW,CE,Combined TRACON& Tower with Radar,0,9,16,9,34,0,0,43,1,44,0,9,59,10,78,48,1,49,127
08/14/2022,ACT,TX,ASW,CE,Combined TRACON& Tower with Radar,2,14,26,46,88,0,0,45,1,46,2,14,71,47,134,96,10,106,240
08/15/2022,ACT,TX,ASW,CE,Combined TRACON& Tower with Radar,0,18,47,14,79,0,0,71,0,71,0,18,118,14,150,90,0,90,240
08/16/2022,ACT,TX,ASW,CE,Combined TRACON& Tower with Radar,0,21,40,24,85,0,4,85,4,93,0,25,125,28,178,92,0,92,270
08/17/2022,ACT,TX,ASW,CE,Combined TRACON& Tower with Radar,4,13,50,1,68,0,7,49,1,57,4,20,99,2,125,114,0,114,239
08/18/2022,ACT,TX,ASW,CE,Combined TRACON& Tower with Radar,0,23,48,2,73,0,5,39,3,47,0,28,87,5,120,118,0,118,238
08/19/2022,ACT,TX,ASW,CE,Combined TRACON& Tower with Radar,0,14,61,6,81,0,2,37,2,41,0,16,98,8,122,78,6,84,206
08/20/2022,ACT,TX,ASW,CE,Combined TRACON& Tower with Radar,0,17,20,43,80,0,2,13,5,20,0,19,33,48,100,14,16,30,130
08/21/2022,ACT,TX,ASW,CE,Combined TRACON& Tower with Radar,4,10,28,17,59,0,0,20,5,25,4,10,48,22,84,70,0,70,154
08/22/2022,ACT,TX,ASW,CE,Combined TRACON& Tower with Radar,0,8,12,0,20,0,0,2,0,2,0,8,14,0,22,18,0,18,40
08/23/2022,ACT,TX,ASW,CE,Combined TRACON& Tower with Radar,0,13,60,2,75,0,2,56,0,58,0,15,116,2,133,70,0,70,203
08/24/2022,ACT,TX,ASW,CE,Combined TRACON& Tower with Radar,0,22,59,6,87,0,0,108,3,111,0,22,167,9,198,128,0,128,326
08/25/2022,ACT,TX,ASW,CE,Combined TRACON& Tower with Radar,0,14,58,8,80,0,1,104,1,106,0,15,162,9,186,132,0,132,318
08/26/2022,ACT,TX,ASW,CE,Combined TRACON& Tower with Radar,0,13,30,49,92,0,2,110,3,115,0,15,140,52,207,210,20,230,437
08/27/2022,ACT,TX,ASW,CE,Combined TRACON& Tower with Radar,0,13,34,10,57,0,0,86,2,88,0,13,120,12,145,26,0,26,171
08/28/2022,ACT,TX,ASW,CE,Combined TRACON& Tower with Radar,0,14,22,14,50,0,2,94,1,97,0,16,116,15,147,102,0,102,249
08/29/2022,ACT,TX,ASW,CE,Combined TRACON& Tower with Radar,0,16,43,9,68,0,2,87,1,90,0,18,130,10,158,186,0,186,344
08/30/2022,ACT,TX,ASW,CE,Combined TRACON& Tower with Radar,0,14,8,0,22,0,0,4,0,4,0,14,12,0,26,32,0,32,58
08/31/2022,ACT,TX,ASW,CE,Combined TRACON& Tower with Radar,0,16,27,6,49,0,0,37,0,37,0,16,64,6,86,174,0,174,260
09/01/2022,ACT,TX,ASW,CE,Combined TRACON& Tower with Radar,1,10,40,19,70,0,0,77,0,77,1,10,117,19,147,117,0,117,264
09/02/2022,ACT,TX,ASW,CE,Combined TRACON& Tower with Radar,1,12,34,0,47,0,0,45,0,45,1,12,79,0,92,190,0,190,282
09/03/2022,ACT,TX,ASW,CE,Combined TRACON& Tower with Radar,3,11,22,0,36,0,0,32,0,32,3,11,54,0,68,76,0,76,144
09/04/2022,ACT,TX,ASW,CE,Combined TRACON& Tower with Radar,4,10,25,1,40,0,0,42,0,42,4,10,67,1,82,56,0,56,138
09/05/2022,ACT,TX,ASW,CE,Combined TRACON& Tower with Radar,2,16,29,0,47,0,0,72,0,72,2,16,101,0,119,150,0,150,269
09/06/2022,ACT,TX,ASW,CE,Combined TRACON& Tower with Radar,0,15,16,4,35,0,1,76,0,77,0,16,92,4,112,120,0,120,232
09/07/2022,ACT,TX,ASW,CE,Combined TRACON& Tower with Radar,0,13,45,13,71,0,0,129,2,131,0,13,174,15,202,310,6,316,518
09/08/2022,ACT,TX,ASW,CE,Combined TRACON& Tower with Radar,0,21,66,25,112,0,3,114,0,117,0,24,180,25,229,236,0,236,465
09/09/2022,ACT,TX,ASW,CE,Combined TRACON& Tower with Radar,4,14,48,14,80,0,6,147,0,153,4,20,195,14,233,213,0,213,446
09/10/2022,ACT,TX,ASW,CE,Combined TRACON& Tower with Radar,0,15,19,43,77,0,0,77,1,78,0,15,96,44,155,84,10,94,249
09/11/2022,ACT,TX,ASW,CE,Combined TRACON& Tower with Radar,3,14,36,22,75,0,0,49,0,49,3,14,85,22,124,140,0,140,264
09/12/2022,ACT,TX,ASW,CE,Combined TRACON& Tower with Radar,1,12,33,29,75,0,1,135,0,136,1,13,168,29,211,258,0,258,469
09/13/2022,ACT,TX,ASW,CE,Combined TRACON& Tower with Radar,0,13,55,16,84,0,4,131,6,141,0,17,186,22,225,190,0,190,415
09/14/2022,ACT,TX,ASW,CE,Combined TRACON& Tower with Radar,0,18,40,26,84,0,0,119,0,119,0,18,159,26,203,306,10,316,519
09/15/2022,ACT,TX,ASW,CE,Combined TRACON& Tower with Radar,0,12,51,33,96,0,7,138,1,146,0,19,189,34,242,228,0,228,470
09/16/2022,ACT,TX,ASW,CE,Combined TRACON& Tower with Radar,0,20,84,58,162,0,0,115,15,130,0,20,199,73,292,236,10,246,538
09/17/2022,ACT,TX,ASW,CE,Combined TRACON& Tower with Radar,0,15,63,23,101,0,1,42,8,51,0,16,105,31,152,147,18,165,317
09/18/2022,ACT,TX,ASW,CE,Combined TRACON& Tower with Radar,0,16,38,18,72,0,0,65,2,67,0,16,103,20,139,202,0,202,341
09/19/2022,ACT,TX,ASW,CE,Combined TRACON& Tower with Radar,0,17,38,7,62,0,1,114,1,116,0,18,152,8,178,181,0,181,359
09/20/2022,ACT,TX,ASW,CE,Combined TRACON& Tower with Radar,0,10,43,11,64,0,1,125,4,130,0,11,168,15,194,232,0,232,426
09/21/2022,ACT,TX,ASW,CE,Combined TRACON& Tower with Radar,0,14,38,32,84,0,0,112,2,114,0,14,150,34,198,264,4,268,466
09/22/2022,ACT,TX,ASW,CE,Combined TRACON& Tower with Radar,0,14,48,2,64,0,2,114,0,116,0,16,162,2,180,226,0,226,406
09/23/2022,ACT,TX,ASW,CE,Combined TRACON& Tower with Radar,2,16,46,35,99,0,0,115,0,115,2,16,161,35,214,148,0,148,362
09/24/2022,ACT,TX,ASW,CE,Combined TRACON& Tower with Radar,2,23,16,6,47,0,1,56,0,57,2,24,72,6,104,20,0,20,124
09/25/2022,ACT,TX,ASW,CE,Combined TRACON& Tower with Radar,0,13,31,29,73,0,0,46,2,48,0,13,77,31,121,38,0,38,159
09/26/2022,ACT,TX,ASW,CE,Combined TRACON& Tower with Radar,0,13,27,4,44,0,0,119,2,121,0,13,146,6,165,194,0,194,359
09/27/2022,ACT,TX,ASW,CE,Combined TRACON& Tower with Radar,0,11,37,35,83,0,1,128,3,132,0,12,165,38,215,293,0,293,508
09/28/2022,ACT,TX,ASW,CE,Combined TRACON& Tower with Radar,0,12,48,4,64,0,2,144,2,148,0,14,192,6,212,250,0,250,462
09/29/2022,ACT,TX,ASW,CE,Combined TRACON& Tower with Radar,0,14,60,25,99,0,1,139,1,141,0,15,199,26,240,178,2,180,420
09/30/2022,ACT,TX,ASW,CE,Combined TRACON& Tower with Radar,4,18,51,11,84,0,5,125,0,130,4,23,176,11,214,338,0,338,552
10/01/2022,ACT,TX,ASW,CE,Combined TRACON& Tower with Radar,5,11,49,12,77,0,0,59,0,59,5,11,108,12,136,54,0,54,190
10/02/2022,ACT,TX,ASW,CE,Combined TRACON& Tower with Radar,4,13,36,15,68,0,0,61,0,61,4,13,97,15,129,18,0,18,147
10/03/2022,ACT,TX,ASW,CE,Combined TRACON& Tower with Radar,5,10,44,32,91,0,0,122,0,122,5,10,166,32,213,174,0,174,387
10/04/2022,ACT,TX,ASW,CE,Combined TRACON& Tower with Radar,0,10,46,14,70,0,0,151,0,151,0,10,197,14,221,312,0,312,533
10/05/2022,ACT,TX,ASW,CE,Combined TRACON& Tower with Radar,0,12,64,13,89,0,0,169,0,169,0,12,233,13,258,198,0,198,456
10/06/2022,ACT,TX,ASW,CE,Combined TRACON& Tower with Radar,0,12,38,4,54,0,0,154,0,154,0,12,192,4,208,132,0,132,340
10/07/2022,ACT,TX,ASW,CE,Combined TRACON& Tower with Radar,2,14,37,8,61,0,0,103,0,103,2,14,140,8,164,174,0,174,338
10/08/2022,ACT,TX,ASW,CE,Combined TRACON& Tower with Radar,0,9,25,0,34,0,0,71,0,71,0,9,96,0,105,110,0,110,215
10/09/2022,ACT,TX,ASW,CE,Combined TRACON& Tower with Radar,0,10,29,0,39,0,0,86,0,86,0,10,115,0,125,58,0,58,183
10/10/2022,ACT,TX,ASW,CE,Combined TRACON& Tower with Radar,0,10,42,0,52,0,1,125,0,126,0,11,167,0,178,182,0,182,360
10/11/2022,ACT,TX,ASW,CE,Combined TRACON& Tower with Radar,0,9,56,35,100,0,1,98,5,104,0,10,154,40,204,216,0,216,420
10/12/2022,ACT,TX,ASW,CE,Combined TRACON& Tower with Radar,2,13,57,10,82,0,1,118,0,119,2,14,175,10,201,205,0,205,406
10/13/2022,ACT,TX,ASW,CE,Combined TRACON& Tower with Radar,0,12,73,17,102,0,0,97,9,106,0,12,170,26,208,152,0,152,360
10/14/2022,ACT,TX,ASW,CE,Combined TRACON& Tower with Radar,0,24,61,32,117,0,1,91,0,92,0,25,152,32,209,124,0,124,333
10/15/2022,ACT,TX,ASW,CE,Combined TRACON& Tower with Radar,0,11,28,0,39,0,0,37,0,37,0,11,65,0,76,36,0,36,112
10/16/2022,ACT,TX,ASW,CE,Combined TRACON& Tower with Radar,0,12,18,5,35,0,0,3,3,6,0,12,21,8,41,0,0,0,41
10/17/2022,ACT,TX,ASW,CE,Combined TRACON& Tower with Radar,0,8,44,6,58,0,2,76,0,78,0,10,120,6,136,98,0,98,234
10/18/2022,ACT,TX,ASW,CE,Combined TRACON& Tower with Radar,0,14,54,27,95,0,0,118,0,118,0,14,172,27,213,200,0,200,413
10/19/2022,ACT,TX,ASW,CE,Combined TRACON& Tower with Radar,0,15,76,10,101,0,4,163,6,173,0,19,239,16,274,238,0,238,512
10/20/2022,ACT,TX,ASW,CE,Combined TRACON& Tower with Radar,0,19,57,21,97,0,0,117,1,118,0,19,174,22,215,300,36,336,551
10/21/2022,ACT,TX,ASW,CE,Combined TRACON& Tower with Radar,1,21,58,66,146,0,0,112,5,117,1,21,170,71,263,158,0,158,421
10/22/2022,ACT,TX,ASW,CE,Combined TRACON& Tower with Radar,1,12,34,0,47,0,1,20,0,21,1,13,54,0,68,0,0,0,68
10/23/2022,ACT,TX,ASW,CE,Combined TRACON& Tower with Radar,2,21,33,2,58,0,0,18,3,21,2,21,51,5,79,44,2,46,125
10/24/2022,ACT,TX,ASW,CE,Combined TRACON& Tower with Radar,4,11,13,2,30,0,0,0,0,0,4,11,13,2,30,0,0,0,30
10/25/2022,ACT,TX,ASW,CE,Combined TRACON& Tower with Radar,0,8,45,12,65,0,0,65,10,75,0,8,110,22,140,72,0,72,212
10/26/2022,ACT,TX,ASW,CE,Combined TRACON& Tower with Radar,0,16,80,18,114,0,2,169,0,171,0,18,249,18,285,330,0,330,615
10/27/2022,ACT,TX,ASW,CE,Combined TRACON& Tower with Radar,0,13,61,5,79,0,8,123,0,131,0,21,184,5,210,190,0,190,400
10/28/2022,ACT,TX,ASW,CE,Combined TRACON& Tower with Radar,2,12,7,0,21,0,0,0,0,0,2,12,7,0,21,0,0,0,21
10/29/2022,ACT,TX,ASW,CE,Combined TRACON& Tower with Radar,0,18,36,6,60,0,0,2,0,2,0,18,38,6,62,51,8,59,121
10/30/2022,ACT,TX,ASW,CE,Combined TRACON& Tower with Radar,2,17,35,16,70,0,0,74,0,74,2,17,109,16,144,104,0,104,248
10/31/2022,ACT,TX,ASW,CE,Combined TRACON& Tower with Radar,0,7,72,12,91,0,0,129,3,132,0,7,201,15,223,178,6,184,407
11/01/2022,ACT,TX,ASW,CE,Combined TRACON& Tower with Radar,1,8,76,18,103,0,0,124,1,125,1,8,200,19,228,168,0,168,396
11/02/2022,ACT,TX,ASW,CE,Combined TRACON& Tower with Radar,0,8,98,22,128,0,3,62,2,67,0,11,160,24,195,189,0,189,384
11/03/2022,ACT,TX,ASW,CE,Combined TRACON& Tower with Radar,5,11,75,12,103,0,1,54,0,55,5,12,129,12,158,94,0,94,252
11/04/2022,ACT,TX,ASW,CE,Combined TRACON& Tower with Radar,8,0,8,0,16,0,0,0,1,1,8,0,8,1,17,0,0,0,17
11/05/2022,ACT,TX,ASW,CE,Combined TRACON& Tower with Radar,8,6,32,19,65,0,3,126,1,130,8,9,158,20,195,180,0,180,375
11/06/2022,ACT,TX,ASW,CE,Combined TRACON& Tower with Radar,6,10,37,15,68,0,1,90,2,93,6,11,127,17,161,142,0,142,303
11/07/2022,ACT,TX,ASW,CE,Combined TRACON& Tower with Radar,6,2,13,4,25,0,1,27,0,28,6,3,40,4,53,86,0,86,139
11/08/2022,ACT,TX,ASW,CE,Combined TRACON& Tower with Radar,6,11,86,0,103,0,0,46,0,46,6,11,132,0,149,114,0,114,263
11/09/2022,ACT,TX,ASW,CE,Combined TRACON& Tower with Radar,6,8,65,21,100,0,2,78,6,86,6,10,143,27,186,104,0,104,290
11/10/2022,ACT,TX,ASW,CE,Combined TRACON& Tower with Radar,6,8,82,16,112,0,0,53,0,53,6,8,135,16,165,52,0,52,217
11/11/2022,ACT,TX,ASW,CE,Combined TRACON& Tower with Radar,8,8,16,0,32,0,0,1,0,1,8,8,17,0,33,0,0,0,33
11/12/2022,ACT,TX,ASW,CE,Combined TRACON& Tower with Radar,7,6,66,0,79,0,0,73,0,73,7,6,139,0,152,49,0,49,201
11/13/2022,ACT,TX,ASW,CE,Combined TRACON& Tower with Radar,6,19,39,13,77,0,0,74,1,75,6,19,113,14,152,22,0,22,174
11/14/2022,ACT,TX,ASW,CE,Combined TRACON& Tower with Radar,5,8,25,6,44,0,0,0,0,0,5,8,25,6,44,0,0,0,44
11/15/2022,ACT,TX,ASW,CE,Combined TRACON& Tower with Radar,6,8,43,19,76,0,2,57,2,61,6,10,100,21,137,156,0,156,293
11/16/2022,ACT,TX,ASW,CE,Combined TRACON& Tower with Radar,6,5,68,8,87,0,0,110,1,111,6,5,178,9,198,54,0,54,252
11/17/2022,ACT,TX,ASW,CE,Combined TRACON& Tower with Radar,6,9,73,44,132,0,4,110,6,120,6,13,183,50,252,70,0,70,322
11/18/2022,ACT,TX,ASW,CE,Combined TRACON& Tower with Radar,6,12,71,20,109,0,2,94,1,97,6,14,165,21,206,52,0,52,258
11/19/2022,ACT,TX,ASW,CE,Combined TRACON& Tower with Radar,8,20,42,0,70,0,0,28,0,28,8,20,70,0,98,36,0,36,134
11/20/2022,ACT,TX,ASW,CE,Combined TRACON& Tower with Radar,8,4,43,0,55,0,0,41,0,41,8,4,84,0,96,40,0,40,136
11/21/2022,ACT,TX,ASW,CE,Combined TRACON& Tower with Radar,8,20,35,24,87,0,0,14,0,14,8,20,49,24,101,18,0,18,119
11/22/2022,ACT,TX,ASW,CE,Combined TRACON& Tower with Radar,6,2,62,4,74,0,0,48,0,48,6,2,110,4,122,66,0,66,188
11/23/2022,ACT,TX,ASW,CE,Combined TRACON& Tower with Radar,8,3,43,19,73,0,0,18,2,20,8,3,61,21,93,6,22,28,121
11/24/2022,ACT,TX,ASW,CE,Combined TRACON& Tower with Radar,4,0,2,0,6,0,0,0,0,0,4,0,2,0,6,0,0,0,6
11/25/2022,ACT,TX,ASW,CE,Combined TRACON& Tower with Radar,10,4,8,0,22,0,0,0,0,0,10,4,8,0,22,0,0,0,22
11/26/2022,ACT,TX,ASW,CE,Combined TRACON& Tower with Radar,6,2,14,0,22,0,1,10,0,11,6,3,24,0,33,4,0,4,37
11/27/2022,ACT,TX,ASW,CE,Combined TRACON& Tower with Radar,6,8,45,0,59,0,0,56,0,56,6,8,101,0,115,64,0,64,179
11/28/2022,ACT,TX,ASW,CE,Combined TRACON& Tower with Radar,8,10,59,24,101,0,7,110,0,117,8,17,169,24,218,58,0,58,276
11/29/2022,ACT,TX,ASW,CE,Combined TRACON& Tower with Radar,6,6,69,35,116,0,2,51,1,54,6,8,120,36,170,100,0,100,270
11/30/2022,ACT,TX,ASW,CE,Combined TRACON& Tower with Radar,8,8,39,31,86,0,5,112,4,121,8,13,151,35,207,114,0,114,321
12/01/2022,ACT,TX,ASW,CE,Combined TRACON& Tower with Radar,8,2,83,9,102,0,0,82,0,82,8,2,165,9,184,174,0,174,358
12/02/2022,ACT,TX,ASW,CE,Combined TRACON& Tower with Radar,8,7,42,8,65,0,0,8,0,8,8,7,50,8,73,32,0,32,105
12/03/2022,ACT,TX,ASW,CE,Combined TRACON& Tower with Radar,9,5,41,4,59,0,0,22,0,22,9,5,63,4,81,64,0,64,145
12/04/2022,ACT,TX,ASW,CE,Combined TRACON& Tower with Radar,8,5,32,2,47,0,1,21,0,22,8,6,53,2,69,68,0,68,137
12/05/2022,ACT,TX,ASW,CE,Combined TRACON& Tower with Radar,7,2,55,19,83,0,0,44,4,48,7,2,99,23,131,46,0,46,177
12/06/2022,ACT,TX,ASW,CE,Combined TRACON& Tower with Radar,8,3,89,11,111,0,0,35,0,35,8,3,124,11,146,172,0,172,318
12/07/2022,ACT,TX,ASW,CE,Combined TRACON& Tower with Radar,8,9,52,17,86,0,0,44,1,45,8,9,96,18,131,80,0,80,211
12/08/2022,ACT,TX,ASW,CE,Combined TRACON& Tower with Radar,8,4,80,17,109,0,0,33,1,34,8,4,113,18,143,87,0,87,230
12/09/2022,ACT,TX,ASW,CE,Combined TRACON& Tower with Radar,8,0,73,24,105,0,2,32,0,34,8,2,105,24,139,38,0,38,177
12/10/2022,ACT,TX,ASW,CE,Combined TRACON& Tower with Radar,9,5,30,0,44,0,2,16,0,18,9,7,46,0,62,12,0,12,74
12/11/2022,ACT,TX,ASW,CE,Combined TRACON& Tower with Radar,7,2,36,8,53,0,0,6,0,6,7,2,42,8,59,10,0,10,69
12/12/2022,ACT,TX,ASW,CE,Combined TRACON& Tower with Radar,9,2,30,0,41,0,0,0,0,0,9,2,30,0,41,0,0,0,41
12/13/2022,ACT,TX,ASW,CE,Combined TRACON& Tower with Radar,8,6,30,4,48,0,0,34,0,34,8,6,64,4,82,80,0,80,162
12/14/2022,ACT,TX,ASW,CE,Combined TRACON& Tower with Radar,8,3,39,17,67,0,0,64,7,71,8,3,103,24,138,136,0,136,274
12/15/2022,ACT,TX,ASW,CE,Combined TRACON& Tower with Radar,8,4,53,10,75,0,0,130,1,131,8,4,183,11,206,234,0,234,440
12/16/2022,ACT,TX,ASW,CE,Combined TRACON& Tower with Radar,8,2,30,29,69,0,0,40,0,40,8,2,70,29,109,66,0,66,175
12/17/2022,ACT,TX,ASW,CE,Combined TRACON& Tower with Radar,5,6,39,8,58,0,0,75,4,79,5,6,114,12,137,98,0,98,235
12/18/2022,ACT,TX,ASW,CE,Combined TRACON& Tower with Radar,8,0,16,8,32,0,2,65,1,68,8,2,81,9,100,30,0,30,130
12/19/2022,ACT,TX,ASW,CE,Combined TRACON& Tower with Radar,6,0,7,0,13,0,0,1,0,1,6,0,8,0,14,0,0,0,14
12/20/2022,ACT,TX,ASW,CE,Combined TRACON& Tower with Radar,6,6,54,11,77,0,4,21,0,25,6,10,75,11,102,30,0,30,132
12/21/2022,ACT,TX,ASW,CE,Combined TRACON& Tower with Radar,8,4,36,22,70,0,0,22,4,26,8,4,58,26,96,67,0,67,163
12/22/2022,ACT,TX,ASW,CE,Combined TRACON& Tower with Radar,7,0,10,0,17,0,0,2,0,2,7,0,12,0,19,0,0,0,19
12/23/2022,ACT,TX,ASW,CE,Combined TRACON& Tower with Radar,8,0,11,0,19,0,0,17,0,17,8,0,28,0,36,0,0,0,36
12/24/2022,ACT,TX,ASW,CE,Combined TRACON& Tower with Radar,4,0,15,0,19,0,0,19,0,19,4,0,34,0,38,12,0,12,50
12/25/2022,ACT,TX,ASW,CE,Combined TRACON& Tower with Radar,4,0,4,0,8,0,0,7,0,7,4,0,11,0,15,0,2,2,17
12/26/2022,ACT,TX,ASW,CE,Combined TRACON& Tower with Radar,8,0,8,0,16,0,0,36,0,36,8,0,44,0,52,8,0,8,60
12/27/2022,ACT,TX,ASW,CE,Combined TRACON& Tower with Radar,8,0,30,0,38,0,2,59,2,63,8,2,89,2,101,50,0,50,151
12/28/2022,ACT,TX,ASW,CE,Combined TRACON& Tower with Radar,8,0,30,0,38,0,2,19,0,21,8,2,49,0,59,30,0,30,89
12/29/2022,ACT,TX,ASW,CE,Combined TRACON& Tower with Radar,8,4,34,4,50,0,3,22,0,25,8,7,56,4,75,10,0,10,85
12/30/2022,ACT,TX,ASW,CE,Combined TRACON& Tower with Radar,10,1,14,0,25,2,0,53,0,55,12,1,67,0,80,26,0,26,106
12/31/2022,ACT,TX,ASW,CE,Combined TRACON& Tower with Radar,5,1,14,0,20,0,1,39,0,40,5,2,53,0,60,30,0,30,90
01/01/2023,ACT,TX,ASW,CE,Combined TRACON& Tower with Radar,7,4,4,0,15,0,0,25,0,25,7,4,29,0,40,36,0,36,76
01/02/2023,ACT,TX,ASW,CE,Combined TRACON& Tower with Radar,8,2,22,0,32,0,0,2,0,2,8,2,24,0,34,0,0,0,34
01/03/2023,ACT,TX,ASW,CE,Combined TRACON& Tower with Radar,10,2,45,0,57,0,0,69,0,69,10,2,114,0,126,82,0,82,208
01/04/2023,ACT,TX,ASW,CE,Combined TRACON& Tower with Radar,8,0,31,9,48,0,0,78,4,82,8,0,109,13,130,94,0,94,224
01/05/2023,ACT,TX,ASW,CE,Combined TRACON& Tower with Radar,6,6,36,31,79,0,5,91,3,99,6,11,127,34,178,166,0,166,344
01/06/2023,ACT,TX,ASW,CE,Combined TRACON& Tower with Radar,8,0,50,58,116,0,4,29,3,36,8,4,79,61,152,6,0,6,158
01/07/2023,ACT,TX,ASW,CE,Combined TRACON& Tower with Radar,9,3,37,0,49,0,2,23,0,25,9,5,60,0,74,14,0,14,88
01/08/2023,ACT,TX,ASW,CE,Combined TRACON& Tower with Radar,10,0,26,0,36,0,3,69,0,72,10,3,95,0,108,92,0,92,200
01/09/2023,ACT,TX,ASW,CE,Combined TRACON& Tower with Radar,8,0,33,19,60,0,7,66,1,74,8,7,99,20,134,40,0,40,174
01/10/2023,ACT,TX,ASW,CE,Combined TRACON& Tower with Radar,8,2,47,34,91,0,2,63,3,68,8,4,110,37,159,76,10,86,245
01/11/2023,ACT,TX,ASW,CE,Combined TRACON& Tower with Radar,6,1,34,55,96,0,3,48,2,53,6,4,82,57,149,64,0,64,213
01/12/2023,ACT,TX,ASW,CE,Combined TRACON& Tower with Radar,8,2,38,12,60,0,2,39,1,42,8,4,77,13,102,34,0,34,136
01/13/2023,ACT,TX,ASW,CE,Combined TRACON& Tower with Radar,7,5,37,23,72,0,4,110,1,115,7,9,147,24,187,129,0,129,316
01/14/2023,ACT,TX,ASW,CE,Combined TRACON& Tower with Radar,7,15,33,0,55,0,2,105,0,107,7,17,138,0,162,58,0,58,220
01/15/2023,ACT,TX,ASW,CE,Combined TRACON& Tower with Radar,6,0,24,0,30,0,1,19,0,20,6,1,43,0,50,12,0,12,62
01/16/2023,ACT,TX,ASW,CE,Combined TRACON& Tower with Radar,6,3,55,6,70,0,1,55,0,56,6,4,110,6,126,110,0,110,236
01/17/2023,ACT,TX,ASW,CE,Combined TRACON& Tower with Radar,9,7,53,50,119,0,0,100,0,100,9,7,153,50,219,214,0,214,433
01/18/2023,ACT,TX,ASW,CE,Combined TRACON& Tower with Radar,7,2,28,17,54,0,0,53,2,55,7,2,81,19,109,140,8,148,257
01/19/2023,ACT,TX,ASW,CE,Combined TRACON& Tower with Radar,6,3,73,8,90,0,2,136,0,138,6,5,209,8,228,216,0,216,444
01/20/2023,ACT,TX,ASW,CE,Combined TRACON& Tower with Radar,6,0,49,49,104,0,0,134,2,136,6,0,183,51,240,186,0,186,426
01/21/2023,ACT,TX,ASW,CE,Combined TRACON& Tower with Radar,6,4,49,24,83,0,0,31,4,35,6,4,80,28,118,64,2,66,184
01/22/2023,ACT,TX,ASW,CE,Combined TRACON& Tower with Radar,7,1,34,4,46,0,4,83,1,88,7,5,117,5,134,111,0,111,245
01/23/2023,ACT,TX,ASW,CE,Combined TRACON& Tower with Radar,6,5,53,13,77,1,3,174,8,186,7,8,227,21,263,288,0,288,551
01/24/2023,ACT,TX,ASW,CE,Combined TRACON& Tower with Radar,6,7,12,0,25,0,0,0,0,0,6,7,12,0,25,0,0,0,25
01/25/2023,ACT,TX,ASW,CE,Combined TRACON& Tower with Radar,6,1,44,15,66,0,1,85,4,90,6,2,129,19,156,250,4,254,410
01/26/2023,ACT,TX,ASW,CE,Combined TRACON& Tower with Radar,6,1,47,15,69,0,0,200,2,202,6,1,247,17,271,198,0,198,469
01/27/2023,ACT,TX,ASW,CE,Combined TRACON& Tower with Radar,7,5,46,72,130,0,2,172,10,184,7,7,218,82,314,204,0,204,518
01/28/2023,ACT,TX,ASW,CE,Combined TRACON& Tower with Radar,7,3,35,7,52,0,0,3,0,3,7,3,38,7,55,48,0,48,103
01/29/2023,ACT,TX,ASW,CE,Combined TRACON& Tower with Radar,6,2,21,0,29,0,0,0,0,0,6,2,21,0,29,0,0,0,29
01/30/2023,ACT,TX,ASW,CE,Combined TRACON& Tower with Radar,1,2,6,0,9,0,0,0,0,0,1,2,6,0,9,0,0,0,9
01/31/2023,ACT,TX,ASW,CE,Combined TRACON& Tower with Radar,0,0,0,0,0,0,0,0,0,0,0,0,0,0,0,0,0,0,0
02/01/2023,ACT,TX,ASW,CE,Combined TRACON& Tower with Radar,0,0,0,0,0,0,0,0,0,0,0,0,0,0,0,0,0,0,0
02/02/2023,ACT,TX,ASW,CE,Combined TRACON& Tower with Radar,2,2,10,0,14,0,0,0,0,0,2,2,10,0,14,0,0,0,14
02/03/2023,ACT,TX,ASW,CE,Combined TRACON& Tower with Radar,9,2,43,27,81,0,3,58,21,82,9,5,101,48,163,150,0,150,313
02/04/2023,ACT,TX,ASW,CE,Combined TRACON& Tower with Radar,9,0,27,4,40,0,0,28,22,50,9,0,55,26,90,100,0,100,190
02/05/2023,ACT,TX,ASW,CE,Combined TRACON& Tower with Radar,6,4,20,0,30,0,0,85,48,133,6,4,105,48,163,154,0,154,317
02/06/2023,ACT,TX,ASW,CE,Combined TRACON& Tower with Radar,8,0,51,21,80,0,1,16,9,26,8,1,67,30,106,114,0,114,220
02/07/2023,ACT,TX,ASW,CE,Combined TRACON& Tower with Radar,6,0,28,9,43,0,0,0,0,0,6,0,28,9,43,0,0,0,43
02/08/2023,ACT,TX,ASW,CE,Combined TRACON& Tower with Radar,4,6,27,2,39,0,2,11,12,25,4,8,38,14,64,128,0,128,192
02/09/2023,ACT,TX,ASW,CE,Combined TRACON& Tower with Radar,6,1,48,20,75,0,7,126,76,209,6,8,174,96,284,201,0,201,485
02/10/2023,ACT,TX,ASW,CE,Combined TRACON& Tower with Radar,8,5,35,7,55,0,1,28,56,85,8,6,63,63,140,111,0,111,251
02/11/2023,ACT,TX,ASW,CE,Combined TRACON& Tower with Radar,6,2,40,26,74,0,0,117,31,148,6,2,157,57,222,114,34,148,370
02/12/2023,ACT,TX,ASW,CE,Combined TRACON& Tower with Radar,6,2,17,2,27,0,2,66,21,89,6,4,83,23,116,63,0,63,179
02/13/2023,ACT,TX,ASW,CE,Combined TRACON& Tower with Radar,8,3,47,22,80,1,0,59,74,134,9,3,106,96,214,153,0,153,367
02/14/2023,ACT,TX,ASW,CE,Combined TRACON& Tower with Radar,8,3,18,2,31,0,1,18,2,21,8,4,36,4,52,42,0,42,94
02/15/2023,ACT,TX,ASW,CE,Combined TRACON& Tower with Radar,9,4,37,19,69,0,2,9,5,16,9,6,46,24,85,57,0,57,142
02/16/2023,ACT,TX,ASW,CE,Combined TRACON& Tower with Radar,8,6,31,12,57,0,6,32,33,71,8,12,63,45,128,188,0,188,316
02/17/2023,ACT,TX,ASW,CE,Combined TRACON& Tower with Radar,7,3,50,5,65,0,6,83,73,162,7,9,133,78,227,186,0,186,413
02/18/2023,ACT,TX,ASW,CE,Combined TRACON& Tower with Radar,5,3,52,0,60,0,2,131,26,159,5,5,183,26,219,46,0,46,265
02/19/2023,ACT,TX,ASW,CE,Combined TRACON& Tower with Radar,6,6,19,1,32,0,3,59,11,73,6,9,78,12,105,94,0,94,199
02/20/2023,ACT,TX,ASW,CE,Combined TRACON& Tower with Radar,6,3,42,7,58,0,4,94,38,136,6,7,136,45,194,235,0,235,429
02/21/2023,ACT,TX,ASW,CE,Combined TRACON& Tower with Radar,7,1,36,19,63,0,9,73,41,123,7,10,109,60,186,232,0,232,418
02/22/2023,ACT,TX,ASW,CE,Combined TRACON& Tower with Radar,7,2,27,11,47,0,5,45,53,103,7,7,72,64,150,146,0,146,296
02/23/2023,ACT,TX,ASW,CE,Combined TRACON& Tower with Radar,6,0,48,33,87,0,1,49,47,97,6,1,97,80,184,42,0,42,226
02/24/2023,ACT,TX,ASW,CE,Combined TRACON& Tower with Radar,6,5,63,13,87,0,0,9,3,12,6,5,72,16,99,94,0,94,193
02/25/2023,ACT,TX,ASW,CE,Combined TRACON& Tower with Radar,6,4,37,13,60,0,0,1,1,2,6,4,38,14,62,0,0,0,62
02/26/2023,ACT,TX,ASW,CE,Combined TRACON& Tower with Radar,5,1,20,6,32,0,0,8,1,9,5,1,28,7,41,0,16,16,57
02/27/2023,ACT,TX,ASW,CE,Combined TRACON& Tower with Radar,6,0,43,64,113,2,8,97,66,173,8,8,140,130,286,258,12,270,556
02/28/2023,ACT,TX,ASW,CE,Combined TRACON& Tower with Radar,6,1,57,26,90,0,5,126,60,191,6,6,183,86,281,208,0,208,489
03/01/2023,ACT,TX,ASW,CE,Combined TRACON& Tower with Radar,6,0,33,8,47,0,0,25,14,39,6,0,58,22,86,216,0,216,302
03/02/2023,ACT,TX,ASW,CE,Combined TRACON& Tower with Radar,6,0,7,0,13,0,0,1,1,2,6,0,8,1,15,4,0,4,19
03/03/2023,ACT,TX,ASW,CE,Combined TRACON& Tower with Radar,5,5,44,43,97,0,0,59,66,125,5,5,103,109,222,86,0,86,308
03/04/2023,ACT,TX,ASW,CE,Combined TRACON& Tower with Radar,6,5,45,47,103,0,0,122,11,133,6,5,167,58,236,54,0,54,290
03/05/2023,ACT,TX,ASW,CE,Combined TRACON& Tower with Radar,6,20,29,7,62,0,1,45,6,52,6,21,74,13,114,28,8,36,150
03/06/2023,ACT,TX,ASW,CE,Combined TRACON& Tower with Radar,6,9,53,13,81,0,0,21,4,25,6,9,74,17,106,0,0,0,106
03/07/2023,ACT,TX,ASW,CE,Combined TRACON& Tower with Radar,7,6,52,9,74,0,0,9,3,12,7,6,61,12,86,10,0,10,96
03/08/2023,ACT,TX,ASW,CE,Combined TRACON& Tower with Radar,5,5,63,21,94,0,0,14,5,19,5,5,77,26,113,130,10,140,253
03/09/2023,ACT,TX,ASW,CE,Combined TRACON& Tower with Radar,18,4,41,4,67,0,0,7,0,7,18,4,48,4,74,30,0,30,104
03/10/2023,ACT,TX,ASW,CE,Combined TRACON& Tower with Radar,6,5,52,44,107,0,2,27,7,36,6,7,79,51,143,52,36,88,231
03/11/2023,ACT,TX,ASW,CE,Combined TRACON& Tower with Radar,9,8,45,6,68,0,7,18,0,25,9,15,63,6,93,22,0,22,115
03/12/2023,ACT,TX,ASW,CE,Combined TRACON& Tower with Radar,6,2,35,9,52,0,0,42,2,44,6,2,77,11,96,74,0,74,170
03/13/2023,ACT,TX,ASW,CE,Combined TRACON& Tower with Radar,6,6,48,10,70,0,1,90,69,160,6,7,138,79,230,192,0,192,422
03/14/2023,ACT,TX,ASW,CE,Combined TRACON& Tower with Radar,6,14,55,5,80,0,1,75,48,124,6,15,130,53,204,244,0,244,448
03/15/2023,ACT,TX,ASW,CE,Combined TRACON& Tower with Radar,8,2,38,13,61,1,7,74,54,136,9,9,112,67,197,330,0,330,527
03/16/2023,ACT,TX,ASW,CE,Combined TRACON& Tower with Radar,6,5,14,0,25,0,0,0,0,0,6,5,14,0,25,0,0,0,25
03/17/2023,ACT,TX,ASW,CE,Combined TRACON& Tower with Radar,6,5,43,23,77,0,0,42,29,71,6,5,85,52,148,112,0,112,260
03/18/2023,ACT,TX,ASW,CE,Combined TRACON& Tower with Radar,6,3,27,1,37,0,11,73,18,102,6,14,100,19,139,130,0,130,269
03/19/2023,ACT,TX,ASW,CE,Combined TRACON& Tower with Radar,6,1,29,25,61,0,13,89,24,126,6,14,118,49,187,158,0,158,345
03/20/2023,ACT,TX,ASW,CE,Combined TRACON& Tower with Radar,6,6,48,42,102,0,7,64,54,125,6,13,112,96,227,102,18,120,347
03/21/2023,ACT,TX,ASW,CE,Combined TRACON& Tower with Radar,6,1,25,3,35,0,0,0,0,0,6,1,25,3,35,0,0,0,35
03/22/2023,ACT,TX,ASW,CE,Combined TRACON& Tower with Radar,4,25,77,26,132,0,2,29,33,64,4,27,106,59,196,86,0,86,282
03/23/2023,ACT,TX,ASW,CE,Combined TRACON& Tower with Radar,6,4,64,6,80,0,2,16,24,42,6,6,80,30,122,160,0,160,282
03/24/2023,ACT,TX,ASW,CE,Combined TRACON& Tower with Radar,6,10,48,15,79,0,2,47,38,87,6,12,95,53,166,104,0,104,270
03/25/2023,ACT,TX,ASW,CE,Combined TRACON& Tower with Radar,6,3,35,0,44,0,11,58,0,69,6,14,93,0,113,8,0,8,121
03/26/2023,ACT,TX,ASW,CE,Combined TRACON& Tower with Radar,6,8,41,38,93,0,11,76,32,119,6,19,117,70,212,128,14,142,354
03/27/2023,ACT,TX,ASW,CE,Combined TRACON& Tower with Radar,5,9,33,24,71,0,13,81,76,170,5,22,114,100,241,112,0,112,353
03/28/2023,ACT,TX,ASW,CE,Combined TRACON& Tower with Radar,4,7,39,26,76,0,6,57,40,103,4,13,96,66,179,84,16,100,279
03/29/2023,ACT,TX,ASW,CE,Combined TRACON& Tower with Radar,4,2,58,47,111,0,13,86,60,159,4,15,144,107,270,298,0,298,568
03/30/2023,ACT,TX,ASW,CE,Combined TRACON& Tower with Radar,6,0,25,32,63,0,0,1,3,4,6,0,26,35,67,16,0,16,83
03/31/2023,ACT,TX,ASW,CE,Combined TRACON& Tower with Radar,6,2,23,37,68,0,3,14,6,23,6,5,37,43,91,55,0,55,146
04/01/2023,ACT,TX,ASW,CE,Combined TRACON& Tower with Radar,6,9,48,18,81,0,7,123,22,152,6,16,171,40,233,220,0,220,453
04/02/2023,ACT,TX,ASW,CE,Combined TRACON& Tower with Radar,4,7,32,17,60,0,0,8,5,13,4,7,40,22,73,8,2,10,83
04/03/2023,ACT,TX,ASW,CE,Combined TRACON& Tower with Radar,6,7,45,54,112,0,0,39,58,97,6,7,84,112,209,114,0,114,323
04/04/2023,ACT,TX,ASW,CE,Combined TRACON& Tower with Radar,6,10,65,37,118,0,2,17,27,46,6,12,82,64,164,72,0,72,236
04/05/2023,ACT,TX,ASW,CE,Combined TRACON& Tower with Radar,6,7,70,26,109,0,6,56,35,97,6,13,126,61,206,112,0,112,318
04/06/2023,ACT,TX,ASW,CE,Combined TRACON& Tower with Radar,6,2,35,1,44,0,0,13,7,20,6,2,48,8,64,32,0,32,96
04/07/2023,ACT,TX,ASW,CE,Combined TRACON& Tower with Radar,6,4,18,0,28,0,0,2,0,2,6,4,20,0,30,18,0,18,48
04/08/2023,ACT,TX,ASW,CE,Combined TRACON& Tower with Radar,4,14,34,0,52,0,2,13,4,19,4,16,47,4,71,54,0,54,125
04/09/2023,ACT,TX,ASW,CE,Combined TRACON& Tower with Radar,4,3,32,4,43,0,0,30,8,38,4,3,62,12,81,66,0,66,147
04/10/2023,ACT,TX,ASW,CE,Combined TRACON& Tower with Radar,7,7,76,40,130,0,7,74,32,113,7,14,150,72,243,164,0,164,407
04/11/2023,ACT,TX,ASW,CE,Combined TRACON& Tower with Radar,7,7,62,37,113,0,21,84,62,167,7,28,146,99,280,168,0,168,448
04/12/2023,ACT,TX,ASW,CE,Combined TRACON& Tower with Radar,6,10,46,30,92,0,32,147,67,246,6,42,193,97,338,186,0,186,524
04/13/2023,ACT,TX,ASW,CE,Combined TRACON& Tower with Radar,6,8,50,38,102,0,16,106,48,170,6,24,156,86,272,132,4,136,408
04/14/2023,ACT,TX,ASW,CE,Combined TRACON& Tower with Radar,6,9,54,37,106,16,0,15,5,36,22,9,69,42,142,194,0,194,336
04/15/2023,ACT,TX,ASW,CE,Combined TRACON& Tower with Radar,8,8,23,17,56,0,6,48,17,71,8,14,71,34,127,56,6,62,189
04/16/2023,ACT,TX,ASW,CE,Combined TRACON& Tower with Radar,6,11,34,16,67,0,9,72,18,99,6,20,106,34,166,74,0,74,240
04/17/2023,ACT,TX,ASW,CE,Combined TRACON& Tower with Radar,6,8,36,27,77,0,16,68,55,139,6,24,104,82,216,160,0,160,376
04/18/2023,ACT,TX,ASW,CE,Combined TRACON& Tower with Radar,6,4,46,34,90,0,1,14,18,33,6,5,60,52,123,94,0,94,217
04/19/2023,ACT,TX,ASW,CE,Combined TRACON& Tower with Radar,6,10,31,22,69,0,0,22,20,42,6,10,53,42,111,103,0,103,214
04/20/2023,ACT,TX,ASW,CE,Combined TRACON& Tower with Radar,7,5,28,8,48,0,0,2,0,2,7,5,30,8,50,62,0,62,112
04/21/2023,ACT,TX,ASW,CE,Combined TRACON& Tower with Radar,8,10,34,47,99,0,17,65,49,131,8,27,99,96,230,132,18,150,380
04/22/2023,ACT,TX,ASW,CE,Combined TRACON& Tower with Radar,7,10,43,9,69,0,17,86,25,128,7,27,129,34,197,108,0,108,305
04/23/2023,ACT,TX,ASW,CE,Combined TRACON& Tower with Radar,7,5,31,17,60,0,0,5,0,5,7,5,36,17,65,10,0,10,75
04/24/2023,ACT,TX,ASW,CE,Combined TRACON& Tower with Radar,6,7,18,46,77,0,9,62,72,143,6,16,80,118,220,188,0,188,408
04/25/2023,ACT,TX,ASW,CE,Combined TRACON& Tower with Radar,6,10,65,18,99,0,1,10,20,31,6,11,75,38,130,194,0,194,324
04/26/2023,ACT,TX,ASW,CE,Combined TRACON& Tower with Radar,4,0,19,0,23,0,0,0,0,0,4,0,19,0,23,0,0,0,23
04/27/2023,ACT,TX,ASW,CE,Combined TRACON& Tower with Radar,6,22,58,10,96,0,7,59,27,93,6,29,117,37,189,96,0,96,285
04/28/2023,ACT,TX,ASW,CE,Combined TRACON& Tower with Radar,6,6,42,27,81,0,0,1,1,2,6,6,43,28,83,0,0,0,83
04/29/2023,ACT,TX,ASW,CE,Combined TRACON& Tower with Radar,6,8,23,9,46,0,3,33,7,43,6,11,56,16,89,14,0,14,103
04/30/2023,ACT,TX,ASW,CE,Combined TRACON& Tower with Radar,6,5,27,11,49,0,16,126,11,153,6,21,153,22,202,116,4,120,322
05/01/2023,ACT,TX,ASW,CE,Combined TRACON& Tower with Radar,6,7,37,17,67,0,19,76,28,123,6,26,113,45,190,78,2,80,270
05/02/2023,ACT,TX,ASW,CE,Combined TRACON& Tower with Radar,6,6,57,9,78,0,2,59,9,70,6,8,116,18,148,124,0,124,272
05/03/2023,ACT,TX,ASW,CE,Combined TRACON& Tower with Radar,6,12,41,18,77,0,8,76,16,100,6,20,117,34,177,122,0,122,299
05/04/2023,ACT,TX,ASW,CE,Combined TRACON& Tower with Radar,6,7,44,9,66,0,0,9,8,17,6,7,53,17,83,38,0,38,121
05/05/2023,ACT,TX,ASW,CE,Combined TRACON& Tower with Radar,8,9,11,12,40,0,1,19,9,29,8,10,30,21,69,28,2,30,99
05/06/2023,ACT,TX,ASW,CE,Combined TRACON& Tower with Radar,5,15,25,2,47,0,0,13,1,14,5,15,38,3,61,38,0,38,99
05/07/2023,ACT,TX,ASW,CE,Combined TRACON& Tower with Radar,6,13,29,9,57,0,0,16,7,23,6,13,45,16,80,24,0,24,104
05/08/2023,ACT,TX,ASW,CE,Combined TRACON& Tower with Radar,5,7,33,11,56,0,3,58,3,64,5,10,91,14,120,46,0,46,166
05/09/2023,ACT,TX,ASW,CE,Combined TRACON& Tower with Radar,6,13,45,11,75,1,3,12,0,16,7,16,57,11,91,24,0,24,115
05/10/2023,ACT,TX,ASW,CE,Combined TRACON& Tower with Radar,6,3,12,0,21,0,0,0,0,0,6,3,12,0,21,0,0,0,21
05/11/2023,ACT,TX,ASW,CE,Combined TRACON& Tower with Radar,6,28,72,29,135,0,2,26,3,31,6,30,98,32,166,54,0,54,220
05/12/2023,ACT,TX,ASW,CE,Combined TRACON& Tower with Radar,6,9,29,8,52,0,0,15,0,15,6,9,44,8,67,44,0,44,111
05/13/2023,ACT,TX,ASW,CE,Combined TRACON& Tower with Radar,6,6,11,0,23,0,5,0,0,5,6,11,11,0,28,36,0,36,64
05/14/2023,ACT,TX,ASW,CE,Combined TRACON& Tower with Radar,8,0,15,0,23,0,0,7,0,7,8,0,22,0,30,22,0,22,52
05/15/2023,ACT,TX,ASW,CE,Combined TRACON& Tower with Radar,5,7,41,15,68,0,7,29,6,42,5,14,70,21,110,30,0,30,140
05/16/2023,ACT,TX,ASW,CE,Combined TRACON& Tower with Radar,6,18,46,6,76,0,7,29,2,38,6,25,75,8,114,86,0,86,200
05/17/2023,ACT,TX,ASW,CE,Combined TRACON& Tower with Radar,6,13,45,23,87,0,36,104,0,140,6,49,149,23,227,162,6,168,395
05/18/2023,ACT,TX,ASW,CE,Combined TRACON& Tower with Radar,8,13,69,29,119,0,18,114,3,135,8,31,183,32,254,90,2,92,346
05/19/2023,ACT,TX,ASW,CE,Combined TRACON& Tower with Radar,13,6,29,8,56,0,15,58,1,74,13,21,87,9,130,74,0,74,204
05/20/2023,ACT,TX,ASW,CE,Combined TRACON& Tower with Radar,5,7,27,12,51,0,7,16,6,29,5,14,43,18,80,32,28,60,140
05/21/2023,ACT,TX,ASW,CE,Combined TRACON& Tower with Radar,6,3,17,11,37,0,0,31,1,32,6,3,48,12,69,50,0,50,119
05/22/2023,ACT,TX,ASW,CE,Combined TRACON& Tower with Radar,6,11,33,8,58,0,13,68,0,81,6,24,101,8,139,98,0,98,237
05/23/2023,ACT,TX,ASW,CE,Combined TRACON& Tower with Radar,6,9,38,29,82,0,15,44,0,59,6,24,82,29,141,62,0,62,203
05/24/2023,ACT,TX,ASW,CE,Combined TRACON& Tower with Radar,6,9,40,7,62,0,0,36,3,39,6,9,76,10,101,40,0,40,141
05/25/2023,ACT,TX,ASW,CE,Combined TRACON& Tower with Radar,6,12,35,12,65,0,5,83,0,88,6,17,118,12,153,46,0,46,199
05/26/2023,ACT,TX,ASW,CE,Combined TRACON& Tower with Radar,6,12,44,14,76,0,20,83,0,103,6,32,127,14,179,74,0,74,253
05/27/2023,ACT,TX,ASW,CE,Combined TRACON& Tower with Radar,5,6,26,0,37,0,3,75,0,78,5,9,101,0,115,98,0,98,213
05/28/2023,ACT,TX,ASW,CE,Combined TRACON& Tower with Radar,3,6,17,5,31,0,15,38,0,53,3,21,55,5,84,30,0,30,114
05/29/2023,ACT,TX,ASW,CE,Combined TRACON& Tower with Radar,5,2,21,2,30,0,2,53,0,55,5,4,74,2,85,40,0,40,125
05/30/2023,ACT,TX,ASW,CE,Combined TRACON& Tower with Radar,5,11,26,12,54,0,15,33,0,48,5,26,59,12,102,42,1,43,145
05/31/2023,ACT,TX,ASW,CE,Combined TRACON& Tower with Radar,6,17,57,43,123,0,20,101,7,128,6,37,158,50,251,96,4,100,351
06/01/2023,ACT,TX,ASW,CE,Combined TRACON& Tower with Radar,5,16,46,22,89,0,6,69,4,79,5,22,115,26,168,104,14,118,286
06/02/2023,ACT,TX,ASW,CE,Combined TRACON& Tower with Radar,5,13,30,40,88,0,11,76,3,90,5,24,106,43,178,148,0,148,326
06/03/2023,ACT,TX,ASW,CE,Combined TRACON& Tower with Radar,5,20,21,17,63,2,4,46,3,55,7,24,67,20,118,42,10,52,170
06/04/2023,ACT,TX,ASW,CE,Combined TRACON& Tower with Radar,7,3,11,0,21,0,4,15,0,19,7,7,26,0,40,58,0,58,98
06/05/2023,ACT,TX,ASW,CE,Combined TRACON& Tower with Radar,6,12,20,8,46,0,16,68,0,84,6,28,88,8,130,138,0,138,268
06/06/2023,ACT,TX,ASW,CE,Combined TRACON& Tower with Radar,11,18,14,9,52,0,8,66,0,74,11,26,80,9,126,160,0,160,286
06/07/2023,ACT,TX,ASW,CE,Combined TRACON& Tower with Radar,6,10,35,17,68,0,11,70,0,81,6,21,105,17,149,108,0,108,257
06/08/2023,ACT,TX,ASW,CE,Combined TRACON& Tower with Radar,5,8,25,9,47,0,16,45,0,61,5,24,70,9,108,68,0,68,176
06/09/2023,ACT,TX,ASW,CE,Combined TRACON& Tower with Radar,5,11,48,58,122,0,17,95,2,114,5,28,143,60,236,80,4,84,320
06/10/2023,ACT,TX,ASW,CE,Combined TRACON& Tower with Radar,5,10,13,2,30,2,2,30,0,34,7,12,43,2,64,14,0,14,78
06/11/2023,ACT,TX,ASW,CE,Combined TRACON& Tower with Radar,6,16,30,19,71,0,4,34,0,38,6,20,64,19,109,24,0,24,133
06/12/2023,ACT,TX,ASW,CE,Combined TRACON& Tower with Radar,6,13,33,6,58,0,2,36,0,38,6,15,69,6,96,254,0,254,350
06/13/2023,ACT,TX,ASW,CE,Combined TRACON& Tower with Radar,10,21,49,12,92,0,1,28,0,29,10,22,77,12,121,258,0,258,379
06/14/2023,ACT,TX,ASW,CE,Combined TRACON& Tower with Radar,7,14,63,11,95,0,2,44,0,46,7,16,107,11,141,116,0,116,257
06/15/2023,ACT,TX,ASW,CE,Combined TRACON& Tower with Radar,5,6,51,4,66,0,0,39,1,40,5,6,90,5,106,116,0,116,222
06/16/2023,ACT,TX,ASW,CE,Combined TRACON& Tower with Radar,4,15,38,47,104,0,2,19,2,23,4,17,57,49,127,26,16,42,169
06/17/2023,ACT,TX,ASW,CE,Combined TRACON& Tower with Radar,7,10,39,0,56,0,0,14,0,14,7,10,53,0,70,34,0,34,104
06/18/2023,ACT,TX,ASW,CE,Combined TRACON& Tower with Radar,6,14,17,8,45,1,10,40,2,53,7,24,57,10,98,158,0,158,256
06/19/2023,ACT,TX,ASW,CE,Combined TRACON& Tower with Radar,5,11,42,2,60,0,12,61,1,74,5,23,103,3,134,88,0,88,222
06/20/2023,ACT,TX,ASW,CE,Combined TRACON& Tower with Radar,5,15,48,6,74,0,11,93,0,104,5,26,141,6,178,92,0,92,270
06/21/2023,ACT,TX,ASW,CE,Combined TRACON& Tower with Radar,13,11,41,3,68,0,1,38,2,41,13,12,79,5,109,108,0,108,217
06/22/2023,ACT,TX,ASW,CE,Combined TRACON& Tower with Radar,8,15,35,11,69,0,4,102,0,106,8,19,137,11,175,118,0,118,293
06/23/2023,ACT,TX,ASW,CE,Combined TRACON& Tower with Radar,8,3,44,53,108,0,2,40,2,44,8,5,84,55,152,58,12,70,222
06/24/2023,ACT,TX,ASW,CE,Combined TRACON& Tower with Radar,5,14,23,14,56,0,12,56,0,68,5,26,79,14,124,110,6,116,240
06/25/2023,ACT,TX,ASW,CE,Combined TRACON& Tower with Radar,5,9,33,15,62,2,5,43,2,52,7,14,76,17,114,76,0,76,190
06/26/2023,ACT,TX,ASW,CE,Combined TRACON& Tower with Radar,5,17,39,6,67,1,7,114,0,122,6,24,153,6,189,134,0,134,323
06/27/2023,ACT,TX,ASW,CE,Combined TRACON& Tower with Radar,5,10,40,8,63,0,6,113,1,120,5,16,153,9,183,126,0,126,309
06/28/2023,ACT,TX,ASW,CE,Combined TRACON& Tower with Radar,5,7,30,35,77,0,12,97,1,110,5,19,127,36,187,154,6,160,347
06/29/2023,ACT,TX,ASW,CE,Combined TRACON& Tower with Radar,5,10,47,13,75,0,13,76,0,89,5,23,123,13,164,108,0,108,272
06/30/2023,ACT,TX,ASW,CE,Combined TRACON& Tower with Radar,5,11,33,28,77,0,9,73,1,83,5,20,106,29,160,64,6,70,230
07/01/2023,ACT,TX,ASW,CE,Combined TRACON& Tower with Radar,5,13,22,0,40,0,7,43,0,50,5,20,65,0,90,42,0,42,132
07/02/2023,ACT,TX,ASW,CE,Combined TRACON& Tower with Radar,5,8,15,8,36,0,3,38,2,43,5,11,53,10,79,6,0,6,85
07/03/2023,ACT,TX,ASW,CE,Combined TRACON& Tower with Radar,4,10,25,0,39,0,30,81,0,111,4,40,106,0,150,272,0,272,422
07/04/2023,ACT,TX,ASW,CE,Combined TRACON& Tower with Radar,5,6,22,0,33,0,17,29,0,46,5,23,51,0,79,78,0,78,157
07/05/2023,ACT,TX,ASW,CE,Combined TRACON& Tower with Radar,5,13,36,11,65,0,7,71,1,79,5,20,107,12,144,233,0,233,377
07/06/2023,ACT,TX,ASW,CE,Combined TRACON& Tower with Radar,4,15,36,6,61,0,3,50,2,55,4,18,86,8,116,162,8,170,286
07/07/2023,ACT,TX,ASW,CE,Combined TRACON& Tower with Radar,5,14,35,60,114,0,0,108,5,113,5,14,143,65,227,227,10,237,464
07/08/2023,ACT,TX,ASW,CE,Combined TRACON& Tower with Radar,6,18,34,28,86,0,3,69,11,83,6,21,103,39,169,98,14,112,281
07/09/2023,ACT,TX,ASW,CE,Combined TRACON& Tower with Radar,10,10,14,22,56,0,8,34,0,42,10,18,48,22,98,64,0,64,162
07/10/2023,ACT,TX,ASW,CE,Combined TRACON& Tower with Radar,6,9,37,3,55,0,0,82,0,82,6,9,119,3,137,75,0,75,212
07/11/2023,ACT,TX,ASW,CE,Combined TRACON& Tower with Radar,6,9,23,9,47,0,11,66,5,82,6,20,89,14,129,140,0,140,269
07/12/2023,ACT,TX,ASW,CE,Combined TRACON& Tower with Radar,5,12,33,12,62,0,5,98,0,103,5,17,131,12,165,180,0,180,345
07/13/2023,ACT,TX,ASW,CE,Combined TRACON& Tower with Radar,5,7,40,6,58,0,4,78,4,86,5,11,118,10,144,182,10,192,336
07/14/2023,ACT,TX,ASW,CE,Combined TRACON& Tower with Radar,5,5,22,47,79,0,1,102,5,108,5,6,124,52,187,154,62,216,403
07/15/2023,ACT,TX,ASW,CE,Combined TRACON& Tower with Radar,5,9,30,30,74,0,6,89,0,95,5,15,119,30,169,116,2,118,287
07/16/2023,ACT,TX,ASW,CE,Combined TRACON& Tower with Radar,5,6,6,25,42,0,2,32,1,35,5,8,38,26,77,112,0,112,189
07/17/2023,ACT,TX,ASW,CE,Combined TRACON& Tower with Radar,5,8,38,6,57,0,12,82,1,95,5,20,120,7,152,158,0,158,310
07/18/2023,ACT,TX,ASW,CE,Combined TRACON& Tower with Radar,4,8,36,0,48,0,7,94,0,101,4,15,130,0,149,104,0,104,253
07/19/2023,ACT,TX,ASW,CE,Combined TRACON& Tower with Radar,5,6,44,5,60,0,2,112,0,114,5,8,156,5,174,187,0,187,361
07/20/2023,ACT,TX,ASW,CE,Combined TRACON& Tower with Radar,5,12,41,7,65,0,4,119,2,125,5,16,160,9,190,152,0,152,342
07/21/2023,ACT,TX,ASW,CE,Combined TRACON& Tower with Radar,5,5,28,30,68,0,4,97,4,105,5,9,125,34,173,128,0,128,301
07/22/2023,ACT,TX,ASW,CE,Combined TRACON& Tower with Radar,5,17,22,6,50,0,13,66,0,79,5,30,88,6,129,56,0,56,185
07/23/2023,ACT,TX,ASW,CE,Combined TRACON& Tower with Radar,5,6,14,11,36,0,8,40,1,49,5,14,54,12,85,62,0,62,147
07/24/2023,ACT,TX,ASW,CE,Combined TRACON& Tower with Radar,5,6,34,0,45,0,14,104,0,118,5,20,138,0,163,96,0,96,259
07/25/2023,ACT,TX,ASW,CE,Combined TRACON& Tower with Radar,5,7,56,6,74,0,12,95,1,108,5,19,151,7,182,146,0,146,328
07/26/2023,ACT,TX,ASW,CE,Combined TRACON& Tower with Radar,5,7,54,4,70,0,14,84,0,98,5,21,138,4,168,154,0,154,322
07/27/2023,ACT,TX,ASW,CE,Combined TRACON& Tower with Radar,5,7,53,6,71,0,11,88,0,99,5,18,141,6,170,90,0,90,260
07/28/2023,ACT,TX,ASW,CE,Combined TRACON& Tower with Radar,5,6,30,17,58,0,17,85,2,104,5,23,115,19,162,98,0,98,260
07/29/2023,ACT,TX,ASW,CE,Combined TRACON& Tower with Radar,5,8,28,0,41,0,10,56,0,66,5,18,84,0,107,81,0,81,188
07/30/2023,ACT,TX,ASW,CE,Combined TRACON& Tower with Radar,4,3,27,6,40,0,12,53,1,66,4,15,80,7,106,96,0,96,202
07/31/2023,ACT,TX,ASW,CE,Combined TRACON& Tower with Radar,5,7,42,17,71,1,12,90,2,105,6,19,132,19,176,88,0,88,264
08/01/2023,ACT,TX,ASW,CE,Combined TRACON& Tower with Radar,5,8,37,9,59,1,13,95,2,111,6,21,132,11,170,98,0,98,268
08/02/2023,ACT,TX,ASW,CE,Combined TRACON& Tower with Radar,7,10,30,10,57,0,9,79,0,88,7,19,109,10,145,84,0,84,229
08/03/2023,ACT,TX,ASW,CE,Combined TRACON& Tower with Radar,5,12,40,16,73,0,7,87,0,94,5,19,127,16,167,68,10,78,245
08/04/2023,ACT,TX,ASW,CE,Combined TRACON& Tower with Radar,5,8,35,22,70,0,3,74,0,77,5,11,109,22,147,115,0,115,262
08/05/2023,ACT,TX,ASW,CE,Combined TRACON& Tower with Radar,7,11,11,0,29,0,5,61,0,66,7,16,72,0,95,112,0,112,207
08/06/2023,ACT,TX,ASW,CE,Combined TRACON& Tower with Radar,7,10,24,14,55,0,10,46,0,56,7,20,70,14,111,56,0,56,167
08/07/2023,ACT,TX,ASW,CE,Combined TRACON& Tower with Radar,4,2,33,12,51,0,3,75,0,78,4,5,108,12,129,70,0,70,199
08/08/2023,ACT,TX,ASW,CE,Combined TRACON& Tower with Radar,5,19,45,11,80,0,6,93,0,99,5,25,138,11,179,136,0,136,315
08/09/2023,ACT,TX,ASW,CE,Combined TRACON& Tower with Radar,8,4,33,2,47,0,11,42,0,53,8,15,75,2,100,52,6,58,158
08/10/2023,ACT,TX,ASW,CE,Combined TRACON& Tower with Radar,5,9,35,4,53,0,18,76,0,94,5,27,111,4,147,108,0,108,255
08/11/2023,ACT,TX,ASW,CE,Combined TRACON& Tower with Radar,5,8,47,2,62,0,11,60,2,73,5,19,107,4,135,104,0,104,239
08/12/2023,ACT,TX,ASW,CE,Combined TRACON& Tower with Radar,6,22,31,14,73,0,3,51,0,54,6,25,82,14,127,38,0,38,165
08/13/2023,ACT,TX,ASW,CE,Combined TRACON& Tower with Radar,5,8,8,6,27,0,1,36,0,37,5,9,44,6,64,58,0,58,122
08/14/2023,ACT,TX,ASW,CE,Combined TRACON& Tower with Radar,5,4,26,8,43,0,6,57,0,63,5,10,83,8,106,112,0,112,218
08/15/2023,ACT,TX,ASW,CE,Combined TRACON& Tower with Radar,5,2,53,13,73,0,10,96,2,108,5,12,149,15,181,154,0,154,335
08/16/2023,ACT,TX,ASW,CE,Combined TRACON& Tower with Radar,5,11,40,8,64,2,12,72,0,86,7,23,112,8,150,98,8,106,256
08/17/2023,ACT,TX,ASW,CE,Combined TRACON& Tower with Radar,5,8,50,12,75,0,18,60,0,78,5,26,110,12,153,88,0,88,241
08/18/2023,ACT,TX,ASW,CE,Combined TRACON& Tower with Radar,5,12,24,23,64,0,6,44,1,51,5,18,68,24,115,86,0,86,201
08/19/2023,ACT,TX,ASW,CE,Combined TRACON& Tower with Radar,5,7,24,14,50,0,3,48,2,53,5,10,72,16,103,120,12,132,235
08/20/2023,ACT,TX,ASW,CE,Combined TRACON& Tower with Radar,5,4,20,4,33,0,4,47,0,51,5,8,67,4,84,80,1,81,165
08/21/2023,ACT,TX,ASW,CE,Combined TRACON& Tower with Radar,5,6,43,6,60,0,14,78,1,93,5,20,121,7,153,344,0,344,497
08/22/2023,ACT,TX,ASW,CE,Combined TRACON& Tower with Radar,5,7,50,11,73,0,8,101,0,109,5,15,151,11,182,122,0,122,304
08/23/2023,ACT,TX,ASW,CE,Combined TRACON& Tower with Radar,5,4,33,14,56,0,10,124,2,136,5,14,157,16,192,264,0,264,456
08/24/2023,ACT,TX,ASW,CE,Combined TRACON& Tower with Radar,7,14,49,3,73,0,15,116,1,132,7,29,165,4,205,160,0,160,365
08/25/2023,ACT,TX,ASW,CE,Combined TRACON& Tower with Radar,5,17,24,17,63,0,13,147,13,173,5,30,171,30,236,146,0,146,382
08/26/2023,ACT,TX,ASW,CE,Combined TRACON& Tower with Radar,5,10,25,11,51,0,5,51,2,58,5,15,76,13,109,76,0,76,185
08/27/2023,ACT,TX,ASW,CE,Combined TRACON& Tower with Radar,3,0,22,8,33,0,4,67,2,73,3,4,89,10,106,68,0,68,174
08/28/2023,ACT,TX,ASW,CE,Combined TRACON& Tower with Radar,5,5,25,3,38,0,8,143,1,152,5,13,168,4,190,286,0,286,476
08/29/2023,ACT,TX,ASW,CE,Combined TRACON& Tower with Radar,4,11,41,24,80,0,10,127,2,139,4,21,168,26,219,226,4,230,449
08/30/2023,ACT,TX,ASW,CE,Combined TRACON& Tower with Radar,5,5,38,7,55,0,13,127,2,142,5,18,165,9,197,290,2,292,489
08/31/2023,ACT,TX,ASW,CE,Combined TRACON& Tower with Radar,5,7,26,3,41,0,9,120,2,131,5,16,146,5,172,188,0,188,360
01/01/2020,ACT,TX,ASW,CE,Combined TRACON& Tower with Radar,1,6,9,0,16,0,0,0,0,0,1,6,9,0,16,0,0,0,16
01/02/2020,ACT,TX,ASW,CE,Combined TRACON& Tower with Radar,6,8,26,0,40,0,0,34,0,34,6,8,60,0,74,0,0,0,74
01/03/2020,ACT,TX,ASW,CE,Combined TRACON& Tower with Radar,2,6,24,9,41,0,1,31,0,32,2,7,55,9,73,28,0,28,101
01/04/2020,ACT,TX,ASW,CE,Combined TRACON& Tower with Radar,2,9,21,0,32,0,0,63,0,63,2,9,84,0,95,28,0,28,123
01/05/2020,ACT,TX,ASW,CE,Combined TRACON& Tower with Radar,2,6,24,0,32,0,0,41,0,41,2,6,65,0,73,67,0,67,140
01/06/2020,ACT,TX,ASW,CE,Combined TRACON& Tower with Radar,2,9,45,28,84,0,1,52,1,54,2,10,97,29,138,54,0,54,192
01/07/2020,ACT,TX,ASW,CE,Combined TRACON& Tower with Radar,1,12,49,10,72,0,2,42,6,50,1,14,91,16,122,53,0,53,175
01/08/2020,ACT,TX,ASW,CE,Combined TRACON& Tower with Radar,2,12,40,34,88,0,4,62,11,77,2,16,102,45,165,40,0,40,205
01/09/2020,ACT,TX,ASW,CE,Combined TRACON& Tower with Radar,4,6,66,2,78,0,2,5,0,7,4,8,71,2,85,2,0,2,87
01/10/2020,ACT,TX,ASW,CE,Combined TRACON& Tower with Radar,2,4,29,14,49,0,0,3,0,3,2,4,32,14,52,2,0,2,54
01/11/2020,ACT,TX,ASW,CE,Combined TRACON& Tower with Radar,0,9,16,16,41,0,1,20,3,24,0,10,36,19,65,56,2,58,123
01/12/2020,ACT,TX,ASW,CE,Combined TRACON& Tower with Radar,2,10,44,6,62,0,0,50,9,59,2,10,94,15,121,16,4,20,141
01/13/2020,ACT,TX,ASW,CE,Combined TRACON& Tower with Radar,4,8,38,2,52,0,0,0,0,0,4,8,38,2,52,0,0,0,52
01/14/2020,ACT,TX,ASW,CE,Combined TRACON& Tower with Radar,0,10,60,19,89,0,0,2,0,2,0,10,62,19,91,0,0,0,91
01/15/2020,ACT,TX,ASW,CE,Combined TRACON& Tower with Radar,0,13,62,7,82,0,0,25,0,25,0,13,87,7,107,102,0,102,209
01/16/2020,ACT,TX,ASW,CE,Combined TRACON& Tower with Radar,4,10,17,0,31,0,0,0,0,0,4,10,17,0,31,0,0,0,31
01/17/2020,ACT,TX,ASW,CE,Combined TRACON& Tower with Radar,2,11,23,0,36,0,0,0,0,0,2,11,23,0,36,0,0,0,36
01/18/2020,ACT,TX,ASW,CE,Combined TRACON& Tower with Radar,0,12,37,0,49,0,0,48,4,52,0,12,85,4,101,94,0,94,195
01/19/2020,ACT,TX,ASW,CE,Combined TRACON& Tower with Radar,2,7,36,3,48,0,0,63,3,66,2,7,99,6,114,64,4,68,182
01/20/2020,ACT,TX,ASW,CE,Combined TRACON& Tower with Radar,4,12,60,0,76,0,2,89,2,93,4,14,149,2,169,98,0,98,267
01/21/2020,ACT,TX,ASW,CE,Combined TRACON& Tower with Radar,0,11,42,57,110,0,4,84,7,95,0,15,126,64,205,109,18,127,332
01/22/2020,ACT,TX,ASW,CE,Combined TRACON& Tower with Radar,0,14,8,2,24,0,0,0,0,0,0,14,8,2,24,0,0,0,24
01/23/2020,ACT,TX,ASW,CE,Combined TRACON& Tower with Radar,2,13,62,27,104,0,2,48,0,50,2,15,110,27,154,82,25,107,261
01/24/2020,ACT,TX,ASW,CE,Combined TRACON& Tower with Radar,8,9,70,66,153,0,0,89,5,94,8,9,159,71,247,58,16,74,321
01/25/2020,ACT,TX,ASW,CE,Combined TRACON& Tower with Radar,0,12,40,14,66,0,1,78,3,82,0,13,118,17,148,38,0,38,186
01/26/2020,ACT,TX,ASW,CE,Combined TRACON& Tower with Radar,2,9,30,0,41,0,0,42,0,42,2,9,72,0,83,11,0,11,94
01/27/2020,ACT,TX,ASW,CE,Combined TRACON& Tower with Radar,4,8,46,5,63,0,2,44,1,47,4,10,90,6,110,20,0,20,130
01/28/2020,ACT,TX,ASW,CE,Combined TRACON& Tower with Radar,2,9,36,7,54,0,0,0,0,0,2,9,36,7,54,0,0,0,54
01/29/2020,ACT,TX,ASW,CE,Combined TRACON& Tower with Radar,0,10,52,19,81,0,0,18,0,18,0,10,70,19,99,178,0,178,277
01/30/2020,ACT,TX,ASW,CE,Combined TRACON& Tower with Radar,2,13,54,37,106,0,0,10,0,10,2,13,64,37,116,130,0,130,246
01/31/2020,ACT,TX,ASW,CE,Combined TRACON& Tower with Radar,2,10,53,37,102,0,6,62,4,72,2,16,115,41,174,67,16,83,257
02/01/2020,ACT,TX,ASW,CE,Combined TRACON& Tower with Radar,1,4,27,20,52,0,2,70,5,77,1,6,97,25,129,56,2,58,187
02/02/2020,ACT,TX,ASW,CE,Combined TRACON& Tower with Radar,3,7,25,12,47,0,0,43,0,43,3,7,68,12,90,31,0,31,121
02/03/2020,ACT,TX,ASW,CE,Combined TRACON& Tower with Radar,2,9,38,29,78,0,1,36,0,37,2,10,74,29,115,46,16,62,177
02/04/2020,ACT,TX,ASW,CE,Combined TRACON& Tower with Radar,2,18,79,13,112,0,0,10,0,10,2,18,89,13,122,48,0,48,170
02/05/2020,ACT,TX,ASW,CE,Combined TRACON& Tower with Radar,1,10,10,0,21,0,0,0,0,0,1,10,10,0,21,0,0,0,21
02/06/2020,ACT,TX,ASW,CE,Combined TRACON& Tower with Radar,2,14,46,17,79,0,2,76,6,84,2,16,122,23,163,72,2,74,237
02/07/2020,ACT,TX,ASW,CE,Combined TRACON& Tower with Radar,2,11,69,31,113,0,4,104,6,114,2,15,173,37,227,50,8,58,285
02/08/2020,ACT,TX,ASW,CE,Combined TRACON& Tower with Radar,2,7,39,12,60,0,1,63,0,64,2,8,102,12,124,8,0,8,132
02/09/2020,ACT,TX,ASW,CE,Combined TRACON& Tower with Radar,2,7,13,0,22,0,0,0,0,0,2,7,13,0,22,0,0,0,22
02/10/2020,ACT,TX,ASW,CE,Combined TRACON& Tower with Radar,4,9,22,21,56,0,2,1,0,3,4,11,23,21,59,33,0,33,92
02/11/2020,ACT,TX,ASW,CE,Combined TRACON& Tower with Radar,0,14,6,8,28,0,0,0,0,0,0,14,6,8,28,0,0,0,28
02/12/2020,ACT,TX,ASW,CE,Combined TRACON& Tower with Radar,0,11,62,10,83,0,0,18,0,18,0,11,80,10,101,38,2,40,141
02/13/2020,ACT,TX,ASW,CE,Combined TRACON& Tower with Radar,0,14,64,29,107,0,0,35,3,38,0,14,99,32,145,78,22,100,245
02/14/2020,ACT,TX,ASW,CE,Combined TRACON& Tower with Radar,3,14,75,28,120,0,2,91,2,95,3,16,166,30,215,60,0,60,275
02/15/2020,ACT,TX,ASW,CE,Combined TRACON& Tower with Radar,3,22,37,0,62,0,0,40,0,40,3,22,77,0,102,57,0,57,159
02/16/2020,ACT,TX,ASW,CE,Combined TRACON& Tower with Radar,1,11,39,2,53,0,0,65,1,66,1,11,104,3,119,44,0,44,163
02/17/2020,ACT,TX,ASW,CE,Combined TRACON& Tower with Radar,2,29,54,0,85,0,2,41,0,43,2,31,95,0,128,51,0,51,179
02/18/2020,ACT,TX,ASW,CE,Combined TRACON& Tower with Radar,0,11,48,20,79,0,0,4,1,5,0,11,52,21,84,17,0,17,101
02/19/2020,ACT,TX,ASW,CE,Combined TRACON& Tower with Radar,0,8,29,0,37,0,0,0,0,0,0,8,29,0,37,0,0,0,37
02/20/2020,ACT,TX,ASW,CE,Combined TRACON& Tower with Radar,0,9,33,2,44,0,0,23,0,23,0,9,56,2,67,35,0,35,102
02/21/2020,ACT,TX,ASW,CE,Combined TRACON& Tower with Radar,3,11,75,44,133,0,0,105,8,113,3,11,180,52,246,40,6,46,292
02/22/2020,ACT,TX,ASW,CE,Combined TRACON& Tower with Radar,3,9,73,0,85,0,2,65,4,71,3,11,138,4,156,21,11,32,188
02/23/2020,ACT,TX,ASW,CE,Combined TRACON& Tower with Radar,0,14,46,8,68,0,0,2,0,2,0,14,48,8,70,0,0,0,70
02/24/2020,ACT,TX,ASW,CE,Combined TRACON& Tower with Radar,2,10,31,10,53,0,0,66,0,66,2,10,97,10,119,62,0,62,181
02/25/2020,ACT,TX,ASW,CE,Combined TRACON& Tower with Radar,2,9,73,28,112,0,0,58,0,58,2,9,131,28,170,84,2,86,256
02/26/2020,ACT,TX,ASW,CE,Combined TRACON& Tower with Radar,0,10,32,15,57,0,0,34,1,35,0,10,66,16,92,10,0,10,102
02/27/2020,ACT,TX,ASW,CE,Combined TRACON& Tower with Radar,0,9,68,39,116,0,0,98,7,105,0,9,166,46,221,106,4,110,331
02/28/2020,ACT,TX,ASW,CE,Combined TRACON& Tower with Radar,0,11,65,33,109,0,1,86,6,93,0,12,151,39,202,83,10,93,295
02/29/2020,ACT,TX,ASW,CE,Combined TRACON& Tower with Radar,2,8,30,3,43,0,0,62,0,62,2,8,92,3,105,8,0,8,113
03/01/2020,ACT,TX,ASW,CE,Combined TRACON& Tower with Radar,0,20,23,14,57,0,1,7,1,9,0,21,30,15,66,0,0,0,66
03/02/2020,ACT,TX,ASW,CE,Combined TRACON& Tower with Radar,2,9,38,38,87,0,1,27,1,29,2,10,65,39,116,98,0,98,214
03/03/2020,ACT,TX,ASW,CE,Combined TRACON& Tower with Radar,0,9,49,19,77,0,0,48,4,52,0,9,97,23,129,94,6,100,229
03/04/2020,ACT,TX,ASW,CE,Combined TRACON& Tower with Radar,0,7,11,0,18,0,0,1,0,1,0,7,12,0,19,0,0,0,19
03/05/2020,ACT,TX,ASW,CE,Combined TRACON& Tower with Radar,3,6,56,37,102,0,0,102,0,102,3,6,158,37,204,56,0,56,260
03/06/2020,ACT,TX,ASW,CE,Combined TRACON& Tower with Radar,3,9,61,37,110,0,1,96,4,101,3,10,157,41,211,93,18,111,322
03/07/2020,ACT,TX,ASW,CE,Combined TRACON& Tower with Radar,3,10,31,9,53,0,0,43,1,44,3,10,74,10,97,24,0,24,121
03/08/2020,ACT,TX,ASW,CE,Combined TRACON& Tower with Radar,5,6,23,20,54,0,0,4,1,5,5,6,27,21,59,0,18,18,77
03/09/2020,ACT,TX,ASW,CE,Combined TRACON& Tower with Radar,3,8,16,9,36,0,0,7,0,7,3,8,23,9,43,44,0,44,87
03/10/2020,ACT,TX,ASW,CE,Combined TRACON& Tower with Radar,4,16,34,35,89,0,0,7,0,7,4,16,41,35,96,95,0,95,191
03/11/2020,ACT,TX,ASW,CE,Combined TRACON& Tower with Radar,5,11,54,15,85,0,0,57,5,62,5,11,111,20,147,10,0,10,157
03/12/2020,ACT,TX,ASW,CE,Combined TRACON& Tower with Radar,5,9,43,35,92,0,0,45,3,48,5,9,88,38,140,68,2,70,210
03/13/2020,ACT,TX,ASW,CE,Combined TRACON& Tower with Radar,4,5,22,28,59,0,0,7,1,8,4,5,29,29,67,0,0,0,67
03/14/2020,ACT,TX,ASW,CE,Combined TRACON& Tower with Radar,3,4,28,6,41,0,2,1,2,5,3,6,29,8,46,0,0,0,46
03/15/2020,ACT,TX,ASW,CE,Combined TRACON& Tower with Radar,5,8,16,0,29,0,1,0,0,1,5,9,16,0,30,0,0,0,30
03/16/2020,ACT,TX,ASW,CE,Combined TRACON& Tower with Radar,3,6,40,61,110,0,1,7,1,9,3,7,47,62,119,34,4,38,157
03/17/2020,ACT,TX,ASW,CE,Combined TRACON& Tower with Radar,3,6,40,25,74,0,0,21,0,21,3,6,61,25,95,63,0,63,158
03/18/2020,ACT,TX,ASW,CE,Combined TRACON& Tower with Radar,3,9,70,19,101,0,0,22,2,24,3,9,92,21,125,132,0,132,257
03/19/2020,ACT,TX,ASW,CE,Combined TRACON& Tower with Radar,3,8,25,0,36,0,0,14,0,14,3,8,39,0,50,38,0,38,88
03/20/2020,ACT,TX,ASW,CE,Combined TRACON& Tower with Radar,3,6,37,3,49,0,0,7,0,7,3,6,44,3,56,46,0,46,102
03/21/2020,ACT,TX,ASW,CE,Combined TRACON& Tower with Radar,3,2,29,4,38,0,0,0,0,0,3,2,29,4,38,10,0,10,48
03/22/2020,ACT,TX,ASW,CE,Combined TRACON& Tower with Radar,3,6,12,0,21,0,0,0,0,0,3,6,12,0,21,0,0,0,21
03/23/2020,ACT,TX,ASW,CE,Combined TRACON& Tower with Radar,3,4,26,6,39,0,0,2,0,2,3,4,28,6,41,47,0,47,88
03/24/2020,ACT,TX,ASW,CE,Combined TRACON& Tower with Radar,1,2,23,22,48,0,2,35,0,37,1,4,58,22,85,8,0,8,93
03/25/2020,ACT,TX,ASW,CE,Combined TRACON& Tower with Radar,2,0,14,12,28,0,0,49,0,49,2,0,63,12,77,18,0,18,95
03/26/2020,ACT,TX,ASW,CE,Combined TRACON& Tower with Radar,1,6,16,23,46,0,0,10,0,10,1,6,26,23,56,36,0,36,92
03/27/2020,ACT,TX,ASW,CE,Combined TRACON& Tower with Radar,2,4,26,34,66,0,0,3,1,4,2,4,29,35,70,0,7,7,77
03/28/2020,ACT,TX,ASW,CE,Combined TRACON& Tower with Radar,1,2,11,0,14,0,1,17,0,18,1,3,28,0,32,40,0,40,72
03/29/2020,ACT,TX,ASW,CE,Combined TRACON& Tower with Radar,1,4,10,0,15,0,0,41,0,41,1,4,51,0,56,26,0,26,82
03/30/2020,ACT,TX,ASW,CE,Combined TRACON& Tower with Radar,3,2,4,0,9,0,0,0,0,0,3,2,4,0,9,0,0,0,9
03/31/2020,ACT,TX,ASW,CE,Combined TRACON& Tower with Radar,1,13,25,20,59,0,3,23,0,26,1,16,48,20,85,38,0,38,123
04/01/2020,ACT,TX,ASW,CE,Combined TRACON& Tower with Radar,3,8,25,6,42,0,0,54,4,58,3,8,79,10,100,42,4,46,146
04/02/2020,ACT,TX,ASW,CE,Combined TRACON& Tower with Radar,1,0,14,6,21,0,1,1,0,2,1,1,15,6,23,14,0,14,37
04/03/2020,ACT,TX,ASW,CE,Combined TRACON& Tower with Radar,1,8,6,3,18,0,0,0,0,0,1,8,6,3,18,0,0,0,18
04/04/2020,ACT,TX,ASW,CE,Combined TRACON& Tower with Radar,2,2,1,0,5,0,0,0,0,0,2,2,1,0,5,0,0,0,5
04/05/2020,ACT,TX,ASW,CE,Combined TRACON& Tower with Radar,0,4,28,0,32,0,0,0,0,0,0,4,28,0,32,0,0,0,32
04/06/2020,ACT,TX,ASW,CE,Combined TRACON& Tower with Radar,1,2,18,0,21,0,0,4,0,4,1,2,22,0,25,0,0,0,25
04/07/2020,ACT,TX,ASW,CE,Combined TRACON& Tower with Radar,1,2,37,54,94,0,8,56,0,64,1,10,93,54,158,23,4,27,185
04/08/2020,ACT,TX,ASW,CE,Combined TRACON& Tower with Radar,1,2,18,0,21,0,0,32,0,32,1,2,50,0,53,51,0,51,104
04/09/2020,ACT,TX,ASW,CE,Combined TRACON& Tower with Radar,1,2,19,1,23,0,0,9,0,9,1,2,28,1,32,0,0,0,32
04/10/2020,ACT,TX,ASW,CE,Combined TRACON& Tower with Radar,1,4,25,0,30,0,0,45,0,45,1,4,70,0,75,18,0,18,93
04/11/2020,ACT,TX,ASW,CE,Combined TRACON& Tower with Radar,1,0,5,0,6,0,0,3,0,3,1,0,8,0,9,26,0,26,35
04/12/2020,ACT,TX,ASW,CE,Combined TRACON& Tower with Radar,2,2,1,6,11,0,0,7,0,7,2,2,8,6,18,0,0,0,18
04/13/2020,ACT,TX,ASW,CE,Combined TRACON& Tower with Radar,1,4,19,9,33,0,1,44,1,46,1,5,63,10,79,28,0,28,107
04/14/2020,ACT,TX,ASW,CE,Combined TRACON& Tower with Radar,1,5,32,21,59,0,0,24,0,24,1,5,56,21,83,45,0,45,128
04/15/2020,ACT,TX,ASW,CE,Combined TRACON& Tower with Radar,0,0,7,0,7,0,0,53,0,53,0,0,60,0,60,60,0,60,120
04/16/2020,ACT,TX,ASW,CE,Combined TRACON& Tower with Radar,1,2,21,39,63,0,0,34,5,39,1,2,55,44,102,12,0,12,114
04/17/2020,ACT,TX,ASW,CE,Combined TRACON& Tower with Radar,1,2,34,2,39,0,0,1,0,1,1,2,35,2,40,0,0,0,40
04/18/2020,ACT,TX,ASW,CE,Combined TRACON& Tower with Radar,0,1,8,8,17,0,0,14,0,14,0,1,22,8,31,24,0,24,55
04/19/2020,ACT,TX,ASW,CE,Combined TRACON& Tower with Radar,0,7,6,0,13,0,1,10,0,11,0,8,16,0,24,26,0,26,50
04/20/2020,ACT,TX,ASW,CE,Combined TRACON& Tower with Radar,0,2,24,4,30,0,0,17,0,17,0,2,41,4,47,0,0,0,47
04/21/2020,ACT,TX,ASW,CE,Combined TRACON& Tower with Radar,0,4,20,21,45,0,9,30,0,39,0,13,50,21,84,38,0,38,122
04/22/2020,ACT,TX,ASW,CE,Combined TRACON& Tower with Radar,0,0,3,0,3,0,0,2,0,2,0,0,5,0,5,0,0,0,5
04/23/2020,ACT,TX,ASW,CE,Combined TRACON& Tower with Radar,0,3,24,7,34,0,2,71,0,73,0,5,95,7,107,40,0,40,147
04/24/2020,ACT,TX,ASW,CE,Combined TRACON& Tower with Radar,0,2,17,14,33,0,0,23,4,27,0,2,40,18,60,22,14,36,96
04/25/2020,ACT,TX,ASW,CE,Combined TRACON& Tower with Radar,0,1,11,9,21,0,0,41,5,46,0,1,52,14,67,10,0,10,77
04/26/2020,ACT,TX,ASW,CE,Combined TRACON& Tower with Radar,1,3,27,5,36,0,0,29,0,29,1,3,56,5,65,16,0,16,81
04/27/2020,ACT,TX,ASW,CE,Combined TRACON& Tower with Radar,0,4,23,17,44,0,0,18,3,21,0,4,41,20,65,0,0,0,65
04/28/2020,ACT,TX,ASW,CE,Combined TRACON& Tower with Radar,0,0,25,16,41,0,0,4,0,4,0,0,29,16,45,12,0,12,57
04/29/2020,ACT,TX,ASW,CE,Combined TRACON& Tower with Radar,0,2,27,23,52,0,0,26,0,26,0,2,53,23,78,6,0,6,84
04/30/2020,ACT,TX,ASW,CE,Combined TRACON& Tower with Radar,0,5,30,19,54,0,0,58,0,58,0,5,88,19,112,25,0,25,137
05/01/2020,ACT,TX,ASW,CE,Combined TRACON& Tower with Radar,0,4,18,36,58,0,2,26,0,28,0,6,44,36,86,8,0,8,94
05/02/2020,ACT,TX,ASW,CE,Combined TRACON& Tower with Radar,0,6,6,24,36,0,0,21,7,28,0,6,27,31,64,0,0,0,64
05/03/2020,ACT,TX,ASW,CE,Combined TRACON& Tower with Radar,0,4,25,4,33,0,0,31,0,31,0,4,56,4,64,34,0,34,98
05/04/2020,ACT,TX,ASW,CE,Combined TRACON& Tower with Radar,0,6,37,21,64,0,1,60,0,61,0,7,97,21,125,148,0,148,273
05/05/2020,ACT,TX,ASW,CE,Combined TRACON& Tower with Radar,2,0,29,2,33,0,0,35,4,39,2,0,64,6,72,139,0,139,211
05/06/2020,ACT,TX,ASW,CE,Combined TRACON& Tower with Radar,2,0,36,5,43,0,0,79,0,79,2,0,115,5,122,107,0,107,229
05/07/2020,ACT,TX,ASW,CE,Combined TRACON& Tower with Radar,1,3,21,23,48,0,0,58,7,65,1,3,79,30,113,49,2,51,164
05/08/2020,ACT,TX,ASW,CE,Combined TRACON& Tower with Radar,0,5,13,4,22,0,0,15,0,15,0,5,28,4,37,30,0,30,67
05/09/2020,ACT,TX,ASW,CE,Combined TRACON& Tower with Radar,0,5,26,5,36,0,0,41,2,43,0,5,67,7,79,13,0,13,92
05/10/2020,ACT,TX,ASW,CE,Combined TRACON& Tower with Radar,0,4,15,8,27,1,0,35,0,36,1,4,50,8,63,28,0,28,91
05/11/2020,ACT,TX,ASW,CE,Combined TRACON& Tower with Radar,0,4,30,7,41,0,0,82,0,82,0,4,112,7,123,93,0,93,216
05/12/2020,ACT,TX,ASW,CE,Combined TRACON& Tower with Radar,0,4,12,2,18,0,0,8,0,8,0,4,20,2,26,84,0,84,110
05/13/2020,ACT,TX,ASW,CE,Combined TRACON& Tower with Radar,0,8,74,25,107,0,0,40,0,40,0,8,114,25,147,118,0,118,265
05/14/2020,ACT,TX,ASW,CE,Combined TRACON& Tower with Radar,0,5,34,5,44,0,0,41,1,42,0,5,75,6,86,76,0,76,162
05/15/2020,ACT,TX,ASW,CE,Combined TRACON& Tower with Radar,0,4,43,21,68,0,2,29,0,31,0,6,72,21,99,130,0,130,229
05/16/2020,ACT,TX,ASW,CE,Combined TRACON& Tower with Radar,0,5,4,0,9,0,0,0,0,0,0,5,4,0,9,0,0,0,9
05/17/2020,ACT,TX,ASW,CE,Combined TRACON& Tower with Radar,0,4,17,1,22,0,0,15,1,16,0,4,32,2,38,2,0,2,40
05/18/2020,ACT,TX,ASW,CE,Combined TRACON& Tower with Radar,0,4,29,11,44,0,4,66,0,70,0,8,95,11,114,122,0,122,236
05/19/2020,ACT,TX,ASW,CE,Combined TRACON& Tower with Radar,0,7,44,15,66,0,4,68,0,72,0,11,112,15,138,80,4,84,222
05/20/2020,ACT,TX,ASW,CE,Combined TRACON& Tower with Radar,0,4,32,2,38,0,0,40,0,40,0,4,72,2,78,64,0,64,142
05/21/2020,ACT,TX,ASW,CE,Combined TRACON& Tower with Radar,0,4,45,11,60,0,2,43,0,45,0,6,88,11,105,116,0,116,221
05/22/2020,ACT,TX,ASW,CE,Combined TRACON& Tower with Radar,0,6,65,0,71,0,0,45,0,45,0,6,110,0,116,71,0,71,187
05/23/2020,ACT,TX,ASW,CE,Combined TRACON& Tower with Radar,0,7,28,0,35,0,2,16,0,18,0,9,44,0,53,12,0,12,65
05/24/2020,ACT,TX,ASW,CE,Combined TRACON& Tower with Radar,0,4,6,0,10,0,0,0,0,0,0,4,6,0,10,0,0,0,10
05/25/2020,ACT,TX,ASW,CE,Combined TRACON& Tower with Radar,0,4,18,0,22,0,0,12,0,12,0,4,30,0,34,52,0,52,86
05/26/2020,ACT,TX,ASW,CE,Combined TRACON& Tower with Radar,0,4,46,4,54,0,0,96,0,96,0,4,142,4,150,148,0,148,298
05/27/2020,ACT,TX,ASW,CE,Combined TRACON& Tower with Radar,0,7,27,3,37,0,0,57,1,58,0,7,84,4,95,112,0,112,207
05/28/2020,ACT,TX,ASW,CE,Combined TRACON& Tower with Radar,0,4,42,21,67,0,0,49,0,49,0,4,91,21,116,96,0,96,212
05/29/2020,ACT,TX,ASW,CE,Combined TRACON& Tower with Radar,0,6,33,20,59,0,0,102,1,103,0,6,135,21,162,94,0,94,256
05/30/2020,ACT,TX,ASW,CE,Combined TRACON& Tower with Radar,0,4,33,15,52,0,0,56,0,56,0,4,89,15,108,20,2,22,130
05/31/2020,ACT,TX,ASW,CE,Combined TRACON& Tower with Radar,0,4,28,0,32,0,2,28,0,30,0,6,56,0,62,12,2,14,76
06/01/2020,ACT,TX,ASW,CE,Combined TRACON& Tower with Radar,0,4,43,13,60,0,0,59,0,59,0,4,102,13,119,80,0,80,199
06/02/2020,ACT,TX,ASW,CE,Combined TRACON& Tower with Radar,0,5,44,28,77,0,0,69,0,69,0,5,113,28,146,131,0,131,277
06/03/2020,ACT,TX,ASW,CE,Combined TRACON& Tower with Radar,0,7,43,53,103,0,0,71,0,71,0,7,114,53,174,76,4,80,254
06/04/2020,ACT,TX,ASW,CE,Combined TRACON& Tower with Radar,0,4,59,17,80,0,0,87,0,87,0,4,146,17,167,98,4,102,269
06/05/2020,ACT,TX,ASW,CE,Combined TRACON& Tower with Radar,0,2,39,20,61,0,0,82,0,82,0,2,121,20,143,113,0,113,256
06/06/2020,ACT,TX,ASW,CE,Combined TRACON& Tower with Radar,0,2,18,0,20,0,0,47,0,47,0,2,65,0,67,40,0,40,107
06/07/2020,ACT,TX,ASW,CE,Combined TRACON& Tower with Radar,0,3,25,8,36,0,0,32,0,32,0,3,57,8,68,51,0,51,119
06/08/2020,ACT,TX,ASW,CE,Combined TRACON& Tower with Radar,0,8,44,28,80,0,0,59,1,60,0,8,103,29,140,49,0,49,189
06/09/2020,ACT,TX,ASW,CE,Combined TRACON& Tower with Radar,2,2,23,9,36,0,0,34,1,35,2,2,57,10,71,70,0,70,141
06/10/2020,ACT,TX,ASW,CE,Combined TRACON& Tower with Radar,0,2,45,25,72,0,0,84,0,84,0,2,129,25,156,160,0,160,316
06/11/2020,ACT,TX,ASW,CE,Combined TRACON& Tower with Radar,0,8,33,20,61,0,0,54,1,55,0,8,87,21,116,62,0,62,178
06/12/2020,ACT,TX,ASW,CE,Combined TRACON& Tower with Radar,0,5,42,32,79,0,2,82,6,90,0,7,124,38,169,18,6,24,193
06/13/2020,ACT,TX,ASW,CE,Combined TRACON& Tower with Radar,2,4,16,8,30,0,0,34,0,34,2,4,50,8,64,14,0,14,78
06/14/2020,ACT,TX,ASW,CE,Combined TRACON& Tower with Radar,0,2,9,4,15,0,0,43,0,43,0,2,52,4,58,28,0,28,86
06/15/2020,ACT,TX,ASW,CE,Combined TRACON& Tower with Radar,0,4,21,18,43,0,0,59,1,60,0,4,80,19,103,73,8,81,184
06/16/2020,ACT,TX,ASW,CE,Combined TRACON& Tower with Radar,0,4,62,17,83,0,0,66,0,66,0,4,128,17,149,114,0,114,263
06/17/2020,ACT,TX,ASW,CE,Combined TRACON& Tower with Radar,0,4,31,31,66,0,3,68,4,75,0,7,99,35,141,62,0,62,203
06/18/2020,ACT,TX,ASW,CE,Combined TRACON& Tower with Radar,0,2,57,19,78,0,0,46,2,48,0,2,103,21,126,22,0,22,148
06/19/2020,ACT,TX,ASW,CE,Combined TRACON& Tower with Radar,0,2,43,20,65,0,0,42,0,42,0,2,85,20,107,56,6,62,169
06/20/2020,ACT,TX,ASW,CE,Combined TRACON& Tower with Radar,1,2,22,5,30,0,1,11,1,13,1,3,33,6,43,2,0,2,45
06/21/2020,ACT,TX,ASW,CE,Combined TRACON& Tower with Radar,0,2,14,6,22,0,0,11,0,11,0,2,25,6,33,0,0,0,33
06/22/2020,ACT,TX,ASW,CE,Combined TRACON& Tower with Radar,0,2,33,29,64,0,0,38,0,38,0,2,71,29,102,66,0,66,168
06/23/2020,ACT,TX,ASW,CE,Combined TRACON& Tower with Radar,0,2,13,0,15,0,0,9,0,9,0,2,22,0,24,68,0,68,92
06/24/2020,ACT,TX,ASW,CE,Combined TRACON& Tower with Radar,0,4,44,6,54,0,0,33,0,33,0,4,77,6,87,116,0,116,203
06/25/2020,ACT,TX,ASW,CE,Combined TRACON& Tower with Radar,0,3,75,6,84,0,0,24,0,24,0,3,99,6,108,60,0,60,168
06/26/2020,ACT,TX,ASW,CE,Combined TRACON& Tower with Radar,0,7,17,5,29,0,0,16,0,16,0,7,33,5,45,66,0,66,111
06/27/2020,ACT,TX,ASW,CE,Combined TRACON& Tower with Radar,0,5,24,0,29,0,1,9,0,10,0,6,33,0,39,0,0,0,39
06/28/2020,ACT,TX,ASW,CE,Combined TRACON& Tower with Radar,0,2,13,0,15,0,0,2,0,2,0,2,15,0,17,40,0,40,57
06/29/2020,ACT,TX,ASW,CE,Combined TRACON& Tower with Radar,0,2,32,10,44,0,0,29,1,30,0,2,61,11,74,30,0,30,104
06/30/2020,ACT,TX,ASW,CE,Combined TRACON& Tower with Radar,0,2,45,14,61,0,0,39,0,39,0,2,84,14,100,80,0,80,180
07/01/2020,ACT,TX,ASW,CE,Combined TRACON& Tower with Radar,0,2,46,27,75,0,0,41,5,46,0,2,87,32,121,79,8,87,208
07/02/2020,ACT,TX,ASW,CE,Combined TRACON& Tower with Radar,2,2,31,4,39,0,4,40,0,44,2,6,71,4,83,92,0,92,175
07/03/2020,ACT,TX,ASW,CE,Combined TRACON& Tower with Radar,0,6,41,2,49,0,2,43,0,45,0,8,84,2,94,0,0,0,94
07/04/2020,ACT,TX,ASW,CE,Combined TRACON& Tower with Radar,0,2,14,0,16,0,0,25,0,25,0,2,39,0,41,25,0,25,66
07/05/2020,ACT,TX,ASW,CE,Combined TRACON& Tower with Radar,12,6,4,6,28,0,0,15,5,20,12,6,19,11,48,6,0,6,54
07/06/2020,ACT,TX,ASW,CE,Combined TRACON& Tower with Radar,0,4,30,0,34,0,0,34,0,34,0,4,64,0,68,90,0,90,158
07/07/2020,ACT,TX,ASW,CE,Combined TRACON& Tower with Radar,0,5,15,0,20,0,0,7,0,7,0,5,22,0,27,0,0,0,27
07/08/2020,ACT,TX,ASW,CE,Combined TRACON& Tower with Radar,0,5,55,14,74,0,2,51,0,53,0,7,106,14,127,82,0,82,209
07/09/2020,ACT,TX,ASW,CE,Combined TRACON& Tower with Radar,0,5,23,27,55,1,4,66,5,76,1,9,89,32,131,78,6,84,215
07/10/2020,ACT,TX,ASW,CE,Combined TRACON& Tower with Radar,0,4,42,12,58,0,0,69,0,69,0,4,111,12,127,114,0,114,241
07/11/2020,ACT,TX,ASW,CE,Combined TRACON& Tower with Radar,0,6,24,17,47,0,0,35,0,35,0,6,59,17,82,24,12,36,118
07/12/2020,ACT,TX,ASW,CE,Combined TRACON& Tower with Radar,0,5,21,10,36,0,0,24,0,24,0,5,45,10,60,48,0,48,108
07/13/2020,ACT,TX,ASW,CE,Combined TRACON& Tower with Radar,0,5,28,12,45,0,2,54,0,56,0,7,82,12,101,44,0,44,145
07/14/2020,ACT,TX,ASW,CE,Combined TRACON& Tower with Radar,0,10,47,2,59,0,0,57,0,57,0,10,104,2,116,78,0,78,194
07/15/2020,ACT,TX,ASW,CE,Combined TRACON& Tower with Radar,0,10,39,24,73,0,0,51,4,55,0,10,90,28,128,80,0,80,208
07/16/2020,ACT,TX,ASW,CE,Combined TRACON& Tower with Radar,0,5,45,5,55,0,0,78,2,80,0,5,123,7,135,68,0,68,203
07/17/2020,ACT,TX,ASW,CE,Combined TRACON& Tower with Radar,0,5,47,11,63,0,2,75,3,80,0,7,122,14,143,64,0,64,207
07/18/2020,ACT,TX,ASW,CE,Combined TRACON& Tower with Radar,0,6,32,6,44,0,0,27,2,29,0,6,59,8,73,24,0,24,97
07/19/2020,ACT,TX,ASW,CE,Combined TRACON& Tower with Radar,2,4,18,32,56,0,0,23,0,23,2,4,41,32,79,6,0,6,85
07/20/2020,ACT,TX,ASW,CE,Combined TRACON& Tower with Radar,0,7,30,12,49,0,2,62,4,68,0,9,92,16,117,102,0,102,219
07/21/2020,ACT,TX,ASW,CE,Combined TRACON& Tower with Radar,0,5,44,6,55,0,0,25,0,25,0,5,69,6,80,14,0,14,94
07/22/2020,ACT,TX,ASW,CE,Combined TRACON& Tower with Radar,0,4,67,24,95,0,4,48,1,53,0,8,115,25,148,73,0,73,221
07/23/2020,ACT,TX,ASW,CE,Combined TRACON& Tower with Radar,2,7,39,31,79,0,0,52,0,52,2,7,91,31,131,118,0,118,249
07/24/2020,ACT,TX,ASW,CE,Combined TRACON& Tower with Radar,0,14,39,39,92,0,5,71,5,81,0,19,110,44,173,64,28,92,265
07/25/2020,ACT,TX,ASW,CE,Combined TRACON& Tower with Radar,0,10,39,7,56,0,0,7,0,7,0,10,46,7,63,19,0,19,82
07/26/2020,ACT,TX,ASW,CE,Combined TRACON& Tower with Radar,0,6,25,0,31,0,0,15,0,15,0,6,40,0,46,22,0,22,68
07/27/2020,ACT,TX,ASW,CE,Combined TRACON& Tower with Radar,0,5,58,15,78,0,0,35,1,36,0,5,93,16,114,34,0,34,148
07/28/2020,ACT,TX,ASW,CE,Combined TRACON& Tower with Radar,0,5,30,11,46,0,2,42,0,44,0,7,72,11,90,0,50,50,140
07/29/2020,ACT,TX,ASW,CE,Combined TRACON& Tower with Radar,0,8,40,15,63,0,3,76,0,79,0,11,116,15,142,78,0,78,220
07/30/2020,ACT,TX,ASW,CE,Combined TRACON& Tower with Radar,0,5,49,13,67,0,0,52,0,52,0,5,101,13,119,92,0,92,211
07/31/2020,ACT,TX,ASW,CE,Combined TRACON& Tower with Radar,0,6,54,7,67,0,2,38,0,40,0,8,92,7,107,43,0,43,150
08/01/2020,ACT,TX,ASW,CE,Combined TRACON& Tower with Radar,0,7,25,0,32,0,2,48,0,50,0,9,73,0,82,28,0,28,110
08/02/2020,ACT,TX,ASW,CE,Combined TRACON& Tower with Radar,0,6,24,21,51,0,1,30,3,34,0,7,54,24,85,72,0,72,157
08/03/2020,ACT,TX,ASW,CE,Combined TRACON& Tower with Radar,0,5,27,24,56,0,0,46,2,48,0,5,73,26,104,48,2,50,154
08/04/2020,ACT,TX,ASW,CE,Combined TRACON& Tower with Radar,0,6,54,4,64,0,6,69,2,77,0,12,123,6,141,54,0,54,195
08/05/2020,ACT,TX,ASW,CE,Combined TRACON& Tower with Radar,0,6,47,18,71,0,2,54,4,60,0,8,101,22,131,70,0,70,201
08/06/2020,ACT,TX,ASW,CE,Combined TRACON& Tower with Radar,0,10,41,5,56,0,5,55,0,60,0,15,96,5,116,14,0,14,130
08/07/2020,ACT,TX,ASW,CE,Combined TRACON& Tower with Radar,0,5,36,27,68,0,2,50,6,58,0,7,86,33,126,26,4,30,156
08/08/2020,ACT,TX,ASW,CE,Combined TRACON& Tower with Radar,0,7,28,0,35,0,0,26,0,26,0,7,54,0,61,16,0,16,77
08/09/2020,ACT,TX,ASW,CE,Combined TRACON& Tower with Radar,1,8,14,10,33,0,0,17,0,17,1,8,31,10,50,6,0,6,56
08/10/2020,ACT,TX,ASW,CE,Combined TRACON& Tower with Radar,0,9,44,29,82,0,0,35,5,40,0,9,79,34,122,22,0,22,144
08/11/2020,ACT,TX,ASW,CE,Combined TRACON& Tower with Radar,0,5,64,29,98,0,0,47,6,53,0,5,111,35,151,30,2,32,183
08/12/2020,ACT,TX,ASW,CE,Combined TRACON& Tower with Radar,0,8,36,19,63,0,0,52,4,56,0,8,88,23,119,30,6,36,155
08/13/2020,ACT,TX,ASW,CE,Combined TRACON& Tower with Radar,0,8,65,15,88,0,0,63,2,65,0,8,128,17,153,40,0,40,193
08/14/2020,ACT,TX,ASW,CE,Combined TRACON& Tower with Radar,0,7,55,11,73,0,0,50,3,53,0,7,105,14,126,26,0,26,152
08/15/2020,ACT,TX,ASW,CE,Combined TRACON& Tower with Radar,0,12,21,0,33,0,2,42,0,44,0,14,63,0,77,16,0,16,93
08/16/2020,ACT,TX,ASW,CE,Combined TRACON& Tower with Radar,1,10,24,8,43,0,0,31,4,35,1,10,55,12,78,8,0,8,86
08/17/2020,ACT,TX,ASW,CE,Combined TRACON& Tower with Radar,0,12,50,10,72,0,0,41,0,41,0,12,91,10,113,38,0,38,151
08/18/2020,ACT,TX,ASW,CE,Combined TRACON& Tower with Radar,0,6,47,26,79,0,1,42,4,47,0,7,89,30,126,38,12,50,176
08/19/2020,ACT,TX,ASW,CE,Combined TRACON& Tower with Radar,0,9,55,37,101,0,2,50,0,52,0,11,105,37,153,37,0,37,190
08/20/2020,ACT,TX,ASW,CE,Combined TRACON& Tower with Radar,0,7,52,25,84,0,1,57,11,69,0,8,109,36,153,64,0,64,217
08/21/2020,ACT,TX,ASW,CE,Combined TRACON& Tower with Radar,0,7,35,24,66,0,0,56,8,64,0,7,91,32,130,50,4,54,184
08/22/2020,ACT,TX,ASW,CE,Combined TRACON& Tower with Radar,0,7,22,6,35,0,0,41,0,41,0,7,63,6,76,38,0,38,114
08/23/2020,ACT,TX,ASW,CE,Combined TRACON& Tower with Radar,0,5,22,2,29,0,0,27,0,27,0,5,49,2,56,22,0,22,78
08/24/2020,ACT,TX,ASW,CE,Combined TRACON& Tower with Radar,0,5,17,25,47,0,3,39,5,47,0,8,56,30,94,8,0,8,102
08/25/2020,ACT,TX,ASW,CE,Combined TRACON& Tower with Radar,0,6,32,15,53,0,3,65,5,73,0,9,97,20,126,50,0,50,176
08/26/2020,ACT,TX,ASW,CE,Combined TRACON& Tower with Radar,0,9,20,2,31,0,0,31,0,31,0,9,51,2,62,50,0,50,112
08/27/2020,ACT,TX,ASW,CE,Combined TRACON& Tower with Radar,0,5,38,7,50,0,2,52,0,54,0,7,90,7,104,52,0,52,156
08/28/2020,ACT,TX,ASW,CE,Combined TRACON& Tower with Radar,0,9,35,23,67,0,0,56,0,56,0,9,91,23,123,68,0,68,191
08/29/2020,ACT,TX,ASW,CE,Combined TRACON& Tower with Radar,0,6,29,0,35,0,0,46,2,48,0,6,75,2,83,16,0,16,99
08/30/2020,ACT,TX,ASW,CE,Combined TRACON& Tower with Radar,2,5,26,3,36,0,0,16,1,17,2,5,42,4,53,6,0,6,59
08/31/2020,ACT,TX,ASW,CE,Combined TRACON& Tower with Radar,0,5,24,67,96,0,0,47,7,54,0,5,71,74,150,56,2,58,208
09/01/2020,ACT,TX,ASW,CE,Combined TRACON& Tower with Radar,6,3,47,30,86,0,0,44,2,46,6,3,91,32,132,38,0,38,170
09/02/2020,ACT,TX,ASW,CE,Combined TRACON& Tower with Radar,0,4,12,2,18,0,0,20,0,20,0,4,32,2,38,32,0,32,70
09/03/2020,ACT,TX,ASW,CE,Combined TRACON& Tower with Radar,0,5,13,1,19,0,0,9,0,9,0,5,22,1,28,0,0,0,28
09/04/2020,ACT,TX,ASW,CE,Combined TRACON& Tower with Radar,0,9,17,0,26,0,0,16,0,16,0,9,33,0,42,52,0,52,94
09/05/2020,ACT,TX,ASW,CE,Combined TRACON& Tower with Radar,2,10,20,0,32,0,1,17,0,18,2,11,37,0,50,12,0,12,62
09/06/2020,ACT,TX,ASW,CE,Combined TRACON& Tower with Radar,0,4,17,2,23,0,1,18,0,19,0,5,35,2,42,14,0,14,56
09/07/2020,ACT,TX,ASW,CE,Combined TRACON& Tower with Radar,0,7,43,0,50,0,0,46,0,46,0,7,89,0,96,46,0,46,142
09/08/2020,ACT,TX,ASW,CE,Combined TRACON& Tower with Radar,0,12,28,15,55,0,0,42,1,43,0,12,70,16,98,72,0,72,170
09/09/2020,ACT,TX,ASW,CE,Combined TRACON& Tower with Radar,0,8,17,0,25,0,0,6,0,6,0,8,23,0,31,102,0,102,133
09/10/2020,ACT,TX,ASW,CE,Combined TRACON& Tower with Radar,0,8,52,15,75,0,0,1,0,1,0,8,53,15,76,106,0,106,182
09/11/2020,ACT,TX,ASW,CE,Combined TRACON& Tower with Radar,0,4,82,56,142,0,2,18,2,22,0,6,100,58,164,162,0,162,326
09/12/2020,ACT,TX,ASW,CE,Combined TRACON& Tower with Radar,0,4,21,29,54,0,2,55,11,68,0,6,76,40,122,84,16,100,222
09/13/2020,ACT,TX,ASW,CE,Combined TRACON& Tower with Radar,0,7,25,12,44,0,1,45,3,49,0,8,70,15,93,23,0,23,116
09/14/2020,ACT,TX,ASW,CE,Combined TRACON& Tower with Radar,0,11,36,13,60,0,0,80,2,82,0,11,116,15,142,116,0,116,258
09/15/2020,ACT,TX,ASW,CE,Combined TRACON& Tower with Radar,0,13,49,25,87,0,2,27,0,29,0,15,76,25,116,184,0,184,300
09/16/2020,ACT,TX,ASW,CE,Combined TRACON& Tower with Radar,0,6,36,4,46,0,0,48,0,48,0,6,84,4,94,110,0,110,204
09/17/2020,ACT,TX,ASW,CE,Combined TRACON& Tower with Radar,0,5,36,0,41,0,0,54,0,54,0,5,90,0,95,48,0,48,143
09/18/2020,ACT,TX,ASW,CE,Combined TRACON& Tower with Radar,0,6,35,25,66,0,0,97,2,99,0,6,132,27,165,31,8,39,204
09/19/2020,ACT,TX,ASW,CE,Combined TRACON& Tower with Radar,0,6,33,36,75,0,0,49,5,54,0,6,82,41,129,22,60,82,211
09/20/2020,ACT,TX,ASW,CE,Combined TRACON& Tower with Radar,1,7,34,2,44,0,0,50,0,50,1,7,84,2,94,26,0,26,120
09/21/2020,ACT,TX,ASW,CE,Combined TRACON& Tower with Radar,0,4,18,2,24,0,0,8,0,8,0,4,26,2,32,44,0,44,76
09/22/2020,ACT,TX,ASW,CE,Combined TRACON& Tower with Radar,0,9,15,0,24,0,0,0,0,0,0,9,15,0,24,0,0,0,24
09/23/2020,ACT,TX,ASW,CE,Combined TRACON& Tower with Radar,0,6,96,6,108,0,0,15,0,15,0,6,111,6,123,100,0,100,223
09/24/2020,ACT,TX,ASW,CE,Combined TRACON& Tower with Radar,0,15,57,12,84,0,0,45,0,45,0,15,102,12,129,188,8,196,325
09/25/2020,ACT,TX,ASW,CE,Combined TRACON& Tower with Radar,1,4,48,13,66,0,2,80,1,83,1,6,128,14,149,86,0,86,235
09/26/2020,ACT,TX,ASW,CE,Combined TRACON& Tower with Radar,0,4,57,7,68,0,0,30,3,33,0,4,87,10,101,0,0,0,101
09/27/2020,ACT,TX,ASW,CE,Combined TRACON& Tower with Radar,0,14,34,6,54,0,0,18,0,18,0,14,52,6,72,24,0,24,96
09/28/2020,ACT,TX,ASW,CE,Combined TRACON& Tower with Radar,0,7,15,23,45,0,0,63,3,66,0,7,78,26,111,52,4,56,167
09/29/2020,ACT,TX,ASW,CE,Combined TRACON& Tower with Radar,0,6,44,11,61,0,0,75,0,75,0,6,119,11,136,120,0,120,256
09/30/2020,ACT,TX,ASW,CE,Combined TRACON& Tower with Radar,0,9,47,22,78,0,0,89,0,89,0,9,136,22,167,84,0,84,251
10/01/2020,ACT,TX,ASW,CE,Combined TRACON& Tower with Radar,0,10,52,29,91,0,1,77,3,81,0,11,129,32,172,85,4,89,261
10/02/2020,ACT,TX,ASW,CE,Combined TRACON& Tower with Radar,2,9,67,19,97,0,0,76,1,77,2,9,143,20,174,96,0,96,270
10/03/2020,ACT,TX,ASW,CE,Combined TRACON& Tower with Radar,2,9,34,24,69,0,0,50,6,56,2,9,84,30,125,26,32,58,183
10/04/2020,ACT,TX,ASW,CE,Combined TRACON& Tower with Radar,0,11,38,6,55,0,0,35,0,35,0,11,73,6,90,6,0,6,96
10/05/2020,ACT,TX,ASW,CE,Combined TRACON& Tower with Radar,0,7,20,31,58,0,0,60,4,64,0,7,80,35,122,76,0,76,198
10/06/2020,ACT,TX,ASW,CE,Combined TRACON& Tower with Radar,0,9,44,20,73,0,0,77,0,77,0,9,121,20,150,108,4,112,262
10/07/2020,ACT,TX,ASW,CE,Combined TRACON& Tower with Radar,0,10,45,18,73,0,4,71,13,88,0,14,116,31,161,102,8,110,271
10/08/2020,ACT,TX,ASW,CE,Combined TRACON& Tower with Radar,0,7,51,17,75,0,0,87,7,94,0,7,138,24,169,110,0,110,279
10/09/2020,ACT,TX,ASW,CE,Combined TRACON& Tower with Radar,0,11,75,7,93,0,1,36,3,40,0,12,111,10,133,69,2,71,204
10/10/2020,ACT,TX,ASW,CE,Combined TRACON& Tower with Radar,0,9,25,18,52,0,0,49,1,50,0,9,74,19,102,14,12,26,128
10/11/2020,ACT,TX,ASW,CE,Combined TRACON& Tower with Radar,0,6,13,8,27,0,1,44,0,45,0,7,57,8,72,24,0,24,96
10/12/2020,ACT,TX,ASW,CE,Combined TRACON& Tower with Radar,0,7,41,0,48,0,3,53,0,56,0,10,94,0,104,70,0,70,174
10/13/2020,ACT,TX,ASW,CE,Combined TRACON& Tower with Radar,0,6,39,16,61,0,1,87,0,88,0,7,126,16,149,104,0,104,253
10/14/2020,ACT,TX,ASW,CE,Combined TRACON& Tower with Radar,0,5,49,40,94,0,0,54,1,55,0,5,103,41,149,150,0,150,299
10/15/2020,ACT,TX,ASW,CE,Combined TRACON& Tower with Radar,0,5,44,22,71,0,3,40,1,44,0,8,84,23,115,64,0,64,179
10/16/2020,ACT,TX,ASW,CE,Combined TRACON& Tower with Radar,0,7,45,30,82,0,3,103,2,108,0,10,148,32,190,98,8,106,296
10/17/2020,ACT,TX,ASW,CE,Combined TRACON& Tower with Radar,0,6,29,44,79,0,0,18,3,21,0,6,47,47,100,6,14,20,120
10/18/2020,ACT,TX,ASW,CE,Combined TRACON& Tower with Radar,0,7,23,16,46,0,0,23,0,23,0,7,46,16,69,14,0,14,83
10/19/2020,ACT,TX,ASW,CE,Combined TRACON& Tower with Radar,0,7,49,31,87,0,0,20,2,22,0,7,69,33,109,162,0,162,271
10/20/2020,ACT,TX,ASW,CE,Combined TRACON& Tower with Radar,0,9,69,30,108,0,4,45,0,49,0,13,114,30,157,108,0,108,265
10/21/2020,ACT,TX,ASW,CE,Combined TRACON& Tower with Radar,1,4,46,16,67,0,4,59,1,64,1,8,105,17,131,216,0,216,347
10/22/2020,ACT,TX,ASW,CE,Combined TRACON& Tower with Radar,0,10,62,25,97,0,2,46,1,49,0,12,108,26,146,74,0,74,220
10/23/2020,ACT,TX,ASW,CE,Combined TRACON& Tower with Radar,2,5,22,24,53,0,0,7,0,7,2,5,29,24,60,50,8,58,118
10/24/2020,ACT,TX,ASW,CE,Combined TRACON& Tower with Radar,0,6,20,49,75,0,0,52,6,58,0,6,72,55,133,16,18,34,167
10/25/2020,ACT,TX,ASW,CE,Combined TRACON& Tower with Radar,0,5,35,11,51,0,0,5,2,7,0,5,40,13,58,14,0,14,72
10/26/2020,ACT,TX,ASW,CE,Combined TRACON& Tower with Radar,0,7,6,0,13,0,0,0,0,0,0,7,6,0,13,0,0,0,13
10/27/2020,ACT,TX,ASW,CE,Combined TRACON& Tower with Radar,1,5,27,1,34,0,0,0,0,0,1,5,27,1,34,0,0,0,34
10/28/2020,ACT,TX,ASW,CE,Combined TRACON& Tower with Radar,1,8,37,8,54,0,2,11,4,17,1,10,48,12,71,78,22,100,171
10/29/2020,ACT,TX,ASW,CE,Combined TRACON& Tower with Radar,0,7,45,11,63,0,0,26,1,27,0,7,71,12,90,70,0,70,160
10/30/2020,ACT,TX,ASW,CE,Combined TRACON& Tower with Radar,0,6,70,17,93,0,9,130,1,140,0,15,200,18,233,201,0,201,434
10/31/2020,ACT,TX,ASW,CE,Combined TRACON& Tower with Radar,3,4,29,45,81,0,0,92,1,93,3,4,121,46,174,71,4,75,249
11/01/2020,ACT,TX,ASW,CE,Combined TRACON& Tower with Radar,1,7,21,8,37,0,0,39,0,39,1,7,60,8,76,12,0,12,88
11/02/2020,ACT,TX,ASW,CE,Combined TRACON& Tower with Radar,0,6,43,45,94,0,5,91,1,97,0,11,134,46,191,52,6,58,249
11/03/2020,ACT,TX,ASW,CE,Combined TRACON& Tower with Radar,3,4,41,12,60,0,3,90,2,95,3,7,131,14,155,104,0,104,259
11/04/2020,ACT,TX,ASW,CE,Combined TRACON& Tower with Radar,2,13,57,21,93,0,1,85,1,87,2,14,142,22,180,140,8,148,328
11/05/2020,ACT,TX,ASW,CE,Combined TRACON& Tower with Radar,0,5,45,43,93,0,0,59,14,73,0,5,104,57,166,116,4,120,286
11/06/2020,ACT,TX,ASW,CE,Combined TRACON& Tower with Radar,2,12,41,33,88,0,0,69,1,70,2,12,110,34,158,76,0,76,234
11/07/2020,ACT,TX,ASW,CE,Combined TRACON& Tower with Radar,0,7,17,10,34,0,2,78,0,80,0,9,95,10,114,62,0,62,176
11/08/2020,ACT,TX,ASW,CE,Combined TRACON& Tower with Radar,0,8,23,6,37,0,0,15,0,15,0,8,38,6,52,40,0,40,92
11/09/2020,ACT,TX,ASW,CE,Combined TRACON& Tower with Radar,0,6,35,6,47,0,0,43,2,45,0,6,78,8,92,65,0,65,157
11/10/2020,ACT,TX,ASW,CE,Combined TRACON& Tower with Radar,0,8,38,23,69,0,0,41,0,41,0,8,79,23,110,106,0,106,216
11/11/2020,ACT,TX,ASW,CE,Combined TRACON& Tower with Radar,0,8,50,6,64,0,4,94,0,98,0,12,144,6,162,163,0,163,325
11/12/2020,ACT,TX,ASW,CE,Combined TRACON& Tower with Radar,0,8,57,23,88,0,0,89,8,97,0,8,146,31,185,86,0,86,271
11/13/2020,ACT,TX,ASW,CE,Combined TRACON& Tower with Radar,2,6,39,25,72,0,2,38,0,40,2,8,77,25,112,108,0,108,220
11/14/2020,ACT,TX,ASW,CE,Combined TRACON& Tower with Radar,2,9,26,39,76,0,0,20,1,21,2,9,46,40,97,104,28,132,229
11/15/2020,ACT,TX,ASW,CE,Combined TRACON& Tower with Radar,0,6,17,2,25,0,0,50,0,50,0,6,67,2,75,57,0,57,132
11/16/2020,ACT,TX,ASW,CE,Combined TRACON& Tower with Radar,0,6,43,36,85,0,0,88,4,92,0,6,131,40,177,100,0,100,277
11/17/2020,ACT,TX,ASW,CE,Combined TRACON& Tower with Radar,0,8,38,29,75,0,0,90,7,97,0,8,128,36,172,152,6,158,330
11/18/2020,ACT,TX,ASW,CE,Combined TRACON& Tower with Radar,0,10,58,27,95,0,0,92,5,97,0,10,150,32,192,104,0,104,296
11/19/2020,ACT,TX,ASW,CE,Combined TRACON& Tower with Radar,0,8,46,34,88,0,0,53,8,61,0,8,99,42,149,50,8,58,207
11/20/2020,ACT,TX,ASW,CE,Combined TRACON& Tower with Radar,0,6,36,24,66,0,0,48,6,54,0,6,84,30,120,48,0,48,168
11/21/2020,ACT,TX,ASW,CE,Combined TRACON& Tower with Radar,0,9,28,21,58,0,0,44,2,46,0,9,72,23,104,48,10,58,162
11/22/2020,ACT,TX,ASW,CE,Combined TRACON& Tower with Radar,0,6,32,6,44,0,0,10,0,10,0,6,42,6,54,0,0,0,54
11/23/2020,ACT,TX,ASW,CE,Combined TRACON& Tower with Radar,2,11,47,23,83,0,1,2,1,4,2,12,49,24,87,38,12,50,137
11/24/2020,ACT,TX,ASW,CE,Combined TRACON& Tower with Radar,0,6,32,14,52,0,0,8,0,8,0,6,40,14,60,14,0,14,74
11/25/2020,ACT,TX,ASW,CE,Combined TRACON& Tower with Radar,0,10,20,0,30,0,4,76,0,80,0,14,96,0,110,96,0,96,206
11/26/2020,ACT,TX,ASW,CE,Combined TRACON& Tower with Radar,2,3,3,0,8,0,0,18,0,18,2,3,21,0,26,2,0,2,28
11/27/2020,ACT,TX,ASW,CE,Combined TRACON& Tower with Radar,3,4,8,0,15,0,0,0,0,0,3,4,8,0,15,0,0,0,15
11/28/2020,ACT,TX,ASW,CE,Combined TRACON& Tower with Radar,3,8,17,0,28,0,0,1,2,3,3,8,18,2,31,0,0,0,31
11/29/2020,ACT,TX,ASW,CE,Combined TRACON& Tower with Radar,0,9,29,0,38,0,0,3,0,3,0,9,32,0,41,0,0,0,41
11/30/2020,ACT,TX,ASW,CE,Combined TRACON& Tower with Radar,0,12,33,16,61,0,3,67,6,76,0,15,100,22,137,48,0,48,185
12/01/2020,ACT,TX,ASW,CE,Combined TRACON& Tower with Radar,0,8,29,18,55,0,0,50,0,50,0,8,79,18,105,72,0,72,177
12/02/2020,ACT,TX,ASW,CE,Combined TRACON& Tower with Radar,0,10,30,12,52,0,0,29,0,29,0,10,59,12,81,77,6,83,164
12/03/2020,ACT,TX,ASW,CE,Combined TRACON& Tower with Radar,0,6,42,23,71,0,0,26,0,26,0,6,68,23,97,0,0,0,97
12/04/2020,ACT,TX,ASW,CE,Combined TRACON& Tower with Radar,0,7,31,24,62,0,6,102,5,113,0,13,133,29,175,108,6,114,289
12/05/2020,ACT,TX,ASW,CE,Combined TRACON& Tower with Radar,0,9,23,38,70,0,2,53,7,62,0,11,76,45,132,44,18,62,194
12/06/2020,ACT,TX,ASW,CE,Combined TRACON& Tower with Radar,0,8,11,2,21,0,0,41,0,41,0,8,52,2,62,42,0,42,104
12/07/2020,ACT,TX,ASW,CE,Combined TRACON& Tower with Radar,0,7,44,26,77,0,0,79,2,81,0,7,123,28,158,20,0,20,178
12/08/2020,ACT,TX,ASW,CE,Combined TRACON& Tower with Radar,0,10,43,37,90,0,3,61,11,75,0,13,104,48,165,86,0,86,251
12/09/2020,ACT,TX,ASW,CE,Combined TRACON& Tower with Radar,0,8,28,30,66,0,0,77,3,80,0,8,105,33,146,38,0,38,184
12/10/2020,ACT,TX,ASW,CE,Combined TRACON& Tower with Radar,0,8,36,18,62,0,0,61,1,62,0,8,97,19,124,32,12,44,168
12/11/2020,ACT,TX,ASW,CE,Combined TRACON& Tower with Radar,2,6,26,8,42,0,0,13,0,13,2,6,39,8,55,24,12,36,91
12/12/2020,ACT,TX,ASW,CE,Combined TRACON& Tower with Radar,2,7,41,13,63,0,1,59,0,60,2,8,100,13,123,16,0,16,139
12/13/2020,ACT,TX,ASW,CE,Combined TRACON& Tower with Radar,0,6,10,0,16,0,0,1,0,1,0,6,11,0,17,0,0,0,17
12/14/2020,ACT,TX,ASW,CE,Combined TRACON& Tower with Radar,0,6,27,18,51,0,0,57,6,63,0,6,84,24,114,62,14,76,190
12/15/2020,ACT,TX,ASW,CE,Combined TRACON& Tower with Radar,0,6,32,12,50,0,0,0,0,0,0,6,32,12,50,0,0,0,50
12/16/2020,ACT,TX,ASW,CE,Combined TRACON& Tower with Radar,0,4,40,12,56,0,0,53,0,53,0,4,93,12,109,70,0,70,179
12/17/2020,ACT,TX,ASW,CE,Combined TRACON& Tower with Radar,0,6,34,35,75,0,0,50,1,51,0,6,84,36,126,32,6,38,164
12/18/2020,ACT,TX,ASW,CE,Combined TRACON& Tower with Radar,0,9,26,38,73,0,1,22,0,23,0,10,48,38,96,30,0,30,126
12/19/2020,ACT,TX,ASW,CE,Combined TRACON& Tower with Radar,0,17,16,3,36,0,0,5,1,6,0,17,21,4,42,2,0,2,44
12/20/2020,ACT,TX,ASW,CE,Combined TRACON& Tower with Radar,0,12,30,0,42,0,0,39,0,39,0,12,69,0,81,2,0,2,83
12/21/2020,ACT,TX,ASW,CE,Combined TRACON& Tower with Radar,0,8,9,5,22,0,2,65,1,68,0,10,74,6,90,42,0,42,132
12/22/2020,ACT,TX,ASW,CE,Combined TRACON& Tower with Radar,0,8,22,26,56,0,0,29,0,29,0,8,51,26,85,20,0,20,105
12/23/2020,ACT,TX,ASW,CE,Combined TRACON& Tower with Radar,0,8,15,2,25,0,0,26,2,28,0,8,41,4,53,20,0,20,73
12/24/2020,ACT,TX,ASW,CE,Combined TRACON& Tower with Radar,0,4,7,0,11,0,0,14,0,14,0,4,21,0,25,4,0,4,29
12/25/2020,ACT,TX,ASW,CE,Combined TRACON& Tower with Radar,0,4,2,0,6,0,0,5,0,5,0,4,7,0,11,4,0,4,15
12/26/2020,ACT,TX,ASW,CE,Combined TRACON& Tower with Radar,0,9,15,0,24,0,1,42,0,43,0,10,57,0,67,10,0,10,77
12/27/2020,ACT,TX,ASW,CE,Combined TRACON& Tower with Radar,0,8,12,0,20,0,0,20,0,20,0,8,32,0,40,10,0,10,50
12/28/2020,ACT,TX,ASW,CE,Combined TRACON& Tower with Radar,0,11,51,9,71,0,0,1,0,1,0,11,52,9,72,18,0,18,90
12/29/2020,ACT,TX,ASW,CE,Combined TRACON& Tower with Radar,0,10,22,2,34,0,3,3,0,6,0,13,25,2,40,0,0,0,40
12/30/2020,ACT,TX,ASW,CE,Combined TRACON& Tower with Radar,0,8,18,0,26,0,0,0,0,0,0,8,18,0,26,0,0,0,26
12/31/2020,ACT,TX,ASW,CE,Combined TRACON& Tower with Radar,0,6,4,0,10,0,0,0,0,0,0,6,4,0,10,0,0,0,10
01/01/2021,ACT,TX,ASW,CE,Combined TRACON& Tower with Radar,0,9,9,0,18,0,2,4,0,6,0,11,13,0,24,0,0,0,24
01/02/2021,ACT,TX,ASW,CE,Combined TRACON& Tower with Radar,0,11,30,0,41,0,0,45,0,45,0,11,75,0,86,14,0,14,100
01/03/2021,ACT,TX,ASW,CE,Combined TRACON& Tower with Radar,0,9,22,0,31,0,0,34,0,34,0,9,56,0,65,26,0,26,91
01/04/2021,ACT,TX,ASW,CE,Combined TRACON& Tower with Radar,0,9,34,6,49,0,0,49,0,49,0,9,83,6,98,60,6,66,164
01/05/2021,ACT,TX,ASW,CE,Combined TRACON& Tower with Radar,0,7,57,12,76,0,6,64,0,70,0,13,121,12,146,50,0,50,196
01/06/2021,ACT,TX,ASW,CE,Combined TRACON& Tower with Radar,0,8,27,9,44,0,0,8,0,8,0,8,35,9,52,2,0,2,54
01/07/2021,ACT,TX,ASW,CE,Combined TRACON& Tower with Radar,0,9,52,22,83,0,2,43,2,47,0,11,95,24,130,38,0,38,168
01/08/2021,ACT,TX,ASW,CE,Combined TRACON& Tower with Radar,0,12,52,33,97,0,1,29,0,30,0,13,81,33,127,0,0,0,127
01/09/2021,ACT,TX,ASW,CE,Combined TRACON& Tower with Radar,0,8,23,47,78,0,0,36,5,41,0,8,59,52,119,46,24,70,189
01/10/2021,ACT,TX,ASW,CE,Combined TRACON& Tower with Radar,0,0,5,0,5,0,0,0,0,0,0,0,5,0,5,0,0,0,5
01/11/2021,ACT,TX,ASW,CE,Combined TRACON& Tower with Radar,0,9,25,30,64,0,4,14,3,21,0,13,39,33,85,24,0,24,109
01/12/2021,ACT,TX,ASW,CE,Combined TRACON& Tower with Radar,0,9,37,10,56,0,2,48,0,50,0,11,85,10,106,16,0,16,122
01/13/2021,ACT,TX,ASW,CE,Combined TRACON& Tower with Radar,0,6,59,25,90,0,0,75,6,81,0,6,134,31,171,32,0,32,203
01/14/2021,ACT,TX,ASW,CE,Combined TRACON& Tower with Radar,0,9,20,8,37,0,3,24,9,36,0,12,44,17,73,22,0,22,95
01/15/2021,ACT,TX,ASW,CE,Combined TRACON& Tower with Radar,0,9,20,8,37,0,0,18,0,18,0,9,38,8,55,0,0,0,55
01/16/2021,ACT,TX,ASW,CE,Combined TRACON& Tower with Radar,0,15,35,11,61,0,4,67,4,75,0,19,102,15,136,44,8,52,188
01/17/2021,ACT,TX,ASW,CE,Combined TRACON& Tower with Radar,1,8,26,4,39,0,0,65,1,66,1,8,91,5,105,22,0,22,127
01/18/2021,ACT,TX,ASW,CE,Combined TRACON& Tower with Radar,0,10,59,0,69,0,2,37,2,41,0,12,96,2,110,64,0,64,174
01/19/2021,ACT,TX,ASW,CE,Combined TRACON& Tower with Radar,0,8,17,3,28,0,1,4,0,5,0,9,21,3,33,52,0,52,85
01/20/2021,ACT,TX,ASW,CE,Combined TRACON& Tower with Radar,0,9,53,16,78,0,0,1,0,1,0,9,54,16,79,38,0,38,117
01/21/2021,ACT,TX,ASW,CE,Combined TRACON& Tower with Radar,0,23,49,2,74,0,0,38,0,38,0,23,87,2,112,44,0,44,156
01/22/2021,ACT,TX,ASW,CE,Combined TRACON& Tower with Radar,0,8,29,6,43,0,0,0,0,0,0,8,29,6,43,0,0,0,43
01/23/2021,ACT,TX,ASW,CE,Combined TRACON& Tower with Radar,0,12,9,0,21,0,0,0,0,0,0,12,9,0,21,0,0,0,21
01/24/2021,ACT,TX,ASW,CE,Combined TRACON& Tower with Radar,0,11,1,0,12,0,0,1,0,1,0,11,2,0,13,0,0,0,13
01/25/2021,ACT,TX,ASW,CE,Combined TRACON& Tower with Radar,2,4,38,24,68,0,1,92,4,97,2,5,130,28,165,44,0,44,209
01/26/2021,ACT,TX,ASW,CE,Combined TRACON& Tower with Radar,0,9,46,19,74,0,1,126,4,131,0,10,172,23,205,76,10,86,291
01/27/2021,ACT,TX,ASW,CE,Combined TRACON& Tower with Radar,0,11,31,17,59,0,0,78,3,81,0,11,109,20,140,46,12,58,198
01/28/2021,ACT,TX,ASW,CE,Combined TRACON& Tower with Radar,0,6,51,33,90,0,4,103,2,109,0,10,154,35,199,69,12,81,280
01/29/2021,ACT,TX,ASW,CE,Combined TRACON& Tower with Radar,0,12,46,36,94,0,2,86,1,89,0,14,132,37,183,86,0,86,269
01/30/2021,ACT,TX,ASW,CE,Combined TRACON& Tower with Radar,2,14,24,0,40,0,0,2,0,2,2,14,26,0,42,0,0,0,42
01/31/2021,ACT,TX,ASW,CE,Combined TRACON& Tower with Radar,0,11,20,2,33,0,2,29,0,31,0,13,49,2,64,30,0,30,94
02/01/2021,ACT,TX,ASW,CE,Combined TRACON& Tower with Radar,0,7,35,36,78,0,4,80,6,90,0,11,115,42,168,134,0,134,302
02/02/2021,ACT,TX,ASW,CE,Combined TRACON& Tower with Radar,0,6,54,31,91,0,0,102,11,113,0,6,156,42,204,108,20,128,332
02/03/2021,ACT,TX,ASW,CE,Combined TRACON& Tower with Radar,1,6,36,32,75,0,0,68,7,75,1,6,104,39,150,76,0,76,226
02/04/2021,ACT,TX,ASW,CE,Combined TRACON& Tower with Radar,0,6,55,31,92,0,0,40,4,44,0,6,95,35,136,24,6,30,166
02/05/2021,ACT,TX,ASW,CE,Combined TRACON& Tower with Radar,0,12,27,45,84,0,1,60,1,62,0,13,87,46,146,18,6,24,170
02/06/2021,ACT,TX,ASW,CE,Combined TRACON& Tower with Radar,0,10,33,29,72,0,2,11,0,13,0,12,44,29,85,0,0,0,85
02/07/2021,ACT,TX,ASW,CE,Combined TRACON& Tower with Radar,0,8,20,23,51,0,0,29,0,29,0,8,49,23,80,14,0,14,94
02/08/2021,ACT,TX,ASW,CE,Combined TRACON& Tower with Radar,0,10,58,36,104,0,0,22,3,25,0,10,80,39,129,48,0,48,177
02/09/2021,ACT,TX,ASW,CE,Combined TRACON& Tower with Radar,0,14,73,12,99,0,0,8,0,8,0,14,81,12,107,0,0,0,107
02/10/2021,ACT,TX,ASW,CE,Combined TRACON& Tower with Radar,0,12,6,0,18,0,0,0,0,0,0,12,6,0,18,0,0,0,18
02/11/2021,ACT,TX,ASW,CE,Combined TRACON& Tower with Radar,0,0,0,0,0,0,0,0,0,0,0,0,0,0,0,0,0,0,0
02/12/2021,ACT,TX,ASW,CE,Combined TRACON& Tower with Radar,0,8,3,2,13,0,0,0,0,0,0,8,3,2,13,0,0,0,13
02/13/2021,ACT,TX,ASW,CE,Combined TRACON& Tower with Radar,0,8,4,0,12,0,0,0,0,0,0,8,4,0,12,0,0,0,12
02/14/2021,ACT,TX,ASW,CE,Combined TRACON& Tower with Radar,0,0,0,0,0,0,0,0,0,0,0,0,0,0,0,0,0,0,0
02/15/2021,ACT,TX,ASW,CE,Combined TRACON& Tower with Radar,0,0,0,0,0,0,0,0,0,0,0,0,0,0,0,0,0,0,0
02/16/2021,ACT,TX,ASW,CE,Combined TRACON& Tower with Radar,0,0,0,0,0,0,0,0,0,0,0,0,0,0,0,0,0,0,0
02/17/2021,ACT,TX,ASW,CE,Combined TRACON& Tower with Radar,0,0,0,0,0,0,0,0,0,0,0,0,0,0,0,0,0,0,0
02/18/2021,ACT,TX,ASW,CE,Combined TRACON& Tower with Radar,0,0,0,0,0,0,2,0,0,2,0,2,0,0,2,0,0,0,2
02/19/2021,ACT,TX,ASW,CE,Combined TRACON& Tower with Radar,0,3,3,0,6,0,0,0,0,0,0,3,3,0,6,0,0,0,6
02/20/2021,ACT,TX,ASW,CE,Combined TRACON& Tower with Radar,0,6,11,2,19,0,0,21,1,22,0,6,32,3,41,26,0,26,67
02/21/2021,ACT,TX,ASW,CE,Combined TRACON& Tower with Radar,0,7,27,0,34,0,0,20,0,20,0,7,47,0,54,40,0,40,94
02/22/2021,ACT,TX,ASW,CE,Combined TRACON& Tower with Radar,0,11,36,41,88,0,2,80,1,83,0,13,116,42,171,134,12,146,317
02/23/2021,ACT,TX,ASW,CE,Combined TRACON& Tower with Radar,0,11,70,39,120,0,3,89,4,96,0,14,159,43,216,46,4,50,266
02/24/2021,ACT,TX,ASW,CE,Combined TRACON& Tower with Radar,0,9,37,23,69,0,4,84,6,94,0,13,121,29,163,100,4,104,267
02/25/2021,ACT,TX,ASW,CE,Combined TRACON& Tower with Radar,0,6,57,9,72,0,0,19,0,19,0,6,76,9,91,54,0,54,145
02/26/2021,ACT,TX,ASW,CE,Combined TRACON& Tower with Radar,0,12,42,35,89,0,0,7,1,8,0,12,49,36,97,50,6,56,153
02/27/2021,ACT,TX,ASW,CE,Combined TRACON& Tower with Radar,0,7,13,6,26,0,0,1,0,1,0,7,14,6,27,0,0,0,27
02/28/2021,ACT,TX,ASW,CE,Combined TRACON& Tower with Radar,2,14,8,0,24,0,1,0,0,1,2,15,8,0,25,0,0,0,25
03/01/2021,ACT,TX,ASW,CE,Combined TRACON& Tower with Radar,0,9,33,17,59,0,0,15,0,15,0,9,48,17,74,46,0,46,120
03/02/2021,ACT,TX,ASW,CE,Combined TRACON& Tower with Radar,0,11,63,21,95,0,3,77,0,80,0,14,140,21,175,134,0,134,309
03/03/2021,ACT,TX,ASW,CE,Combined TRACON& Tower with Radar,0,9,50,44,103,0,2,70,0,72,0,11,120,44,175,0,0,0,175
03/04/2021,ACT,TX,ASW,CE,Combined TRACON& Tower with Radar,0,12,64,35,111,0,1,84,0,85,0,13,148,35,196,128,0,128,324
03/05/2021,ACT,TX,ASW,CE,Combined TRACON& Tower with Radar,0,22,43,44,109,0,5,70,3,78,0,27,113,47,187,66,0,66,253
03/06/2021,ACT,TX,ASW,CE,Combined TRACON& Tower with Radar,2,11,21,16,50,0,4,70,8,82,2,15,91,24,132,34,0,34,166
03/07/2021,ACT,TX,ASW,CE,Combined TRACON& Tower with Radar,6,12,36,10,64,0,0,40,0,40,6,12,76,10,104,0,0,0,104
03/08/2021,ACT,TX,ASW,CE,Combined TRACON& Tower with Radar,2,14,59,50,125,0,1,90,11,102,2,15,149,61,227,86,10,96,323
03/09/2021,ACT,TX,ASW,CE,Combined TRACON& Tower with Radar,0,8,71,24,103,0,0,20,1,21,0,8,91,25,124,104,28,132,256
03/10/2021,ACT,TX,ASW,CE,Combined TRACON& Tower with Radar,0,15,62,8,85,0,0,22,2,24,0,15,84,10,109,88,0,88,197
03/11/2021,ACT,TX,ASW,CE,Combined TRACON& Tower with Radar,2,16,50,43,111,0,0,35,8,43,2,16,85,51,154,52,6,58,212
03/12/2021,ACT,TX,ASW,CE,Combined TRACON& Tower with Radar,0,14,29,51,94,0,1,24,0,25,0,15,53,51,119,42,2,44,163
03/13/2021,ACT,TX,ASW,CE,Combined TRACON& Tower with Radar,0,7,28,27,62,0,1,2,0,3,0,8,30,27,65,8,0,8,73
03/14/2021,ACT,TX,ASW,CE,Combined TRACON& Tower with Radar,0,13,12,6,31,0,0,15,0,15,0,13,27,6,46,20,0,20,66
03/15/2021,ACT,TX,ASW,CE,Combined TRACON& Tower with Radar,2,13,39,11,65,0,1,86,12,99,2,14,125,23,164,80,0,80,244
03/16/2021,ACT,TX,ASW,CE,Combined TRACON& Tower with Radar,2,9,83,22,116,0,1,30,2,33,2,10,113,24,149,72,0,72,221
03/17/2021,ACT,TX,ASW,CE,Combined TRACON& Tower with Radar,0,12,4,0,16,0,1,12,0,13,0,13,16,0,29,2,0,2,31
03/18/2021,ACT,TX,ASW,CE,Combined TRACON& Tower with Radar,0,14,13,8,35,0,0,29,1,30,0,14,42,9,65,28,0,28,93
03/19/2021,ACT,TX,ASW,CE,Combined TRACON& Tower with Radar,0,20,44,7,71,0,2,69,2,73,0,22,113,9,144,132,0,132,276
03/20/2021,ACT,TX,ASW,CE,Combined TRACON& Tower with Radar,2,10,25,28,65,0,0,71,2,73,2,10,96,30,138,38,0,38,176
03/21/2021,ACT,TX,ASW,CE,Combined TRACON& Tower with Radar,0,16,20,6,42,0,0,41,4,45,0,16,61,10,87,34,0,34,121
03/22/2021,ACT,TX,ASW,CE,Combined TRACON& Tower with Radar,2,6,24,14,46,0,0,8,0,8,2,6,32,14,54,18,2,20,74
03/23/2021,ACT,TX,ASW,CE,Combined TRACON& Tower with Radar,0,10,60,10,80,0,0,99,3,102,0,10,159,13,182,172,0,172,354
03/24/2021,ACT,TX,ASW,CE,Combined TRACON& Tower with Radar,0,10,55,14,79,0,0,40,0,40,0,10,95,14,119,44,0,44,163
03/25/2021,ACT,TX,ASW,CE,Combined TRACON& Tower with Radar,0,12,63,8,83,0,2,40,0,42,0,14,103,8,125,134,0,134,259
03/26/2021,ACT,TX,ASW,CE,Combined TRACON& Tower with Radar,0,14,51,16,81,0,0,131,1,132,0,14,182,17,213,100,0,100,313
03/27/2021,ACT,TX,ASW,CE,Combined TRACON& Tower with Radar,0,11,21,8,40,0,0,16,0,16,0,11,37,8,56,112,0,112,168
03/28/2021,ACT,TX,ASW,CE,Combined TRACON& Tower with Radar,2,8,20,9,39,0,1,26,3,30,2,9,46,12,69,10,0,10,79
03/29/2021,ACT,TX,ASW,CE,Combined TRACON& Tower with Radar,0,12,64,26,102,0,2,98,4,104,0,14,162,30,206,148,2,150,356
03/30/2021,ACT,TX,ASW,CE,Combined TRACON& Tower with Radar,0,15,64,18,97,0,0,15,0,15,0,15,79,18,112,76,6,82,194
03/31/2021,ACT,TX,ASW,CE,Combined TRACON& Tower with Radar,0,14,38,12,64,0,0,16,7,23,0,14,54,19,87,30,8,38,125
04/01/2021,ACT,TX,ASW,CE,Combined TRACON& Tower with Radar,0,13,74,7,94,0,0,84,0,84,0,13,158,7,178,100,0,100,278
04/02/2021,ACT,TX,ASW,CE,Combined TRACON& Tower with Radar,0,15,64,12,91,0,0,80,0,80,0,15,144,12,171,50,0,50,221
04/03/2021,ACT,TX,ASW,CE,Combined TRACON& Tower with Radar,0,13,30,6,49,0,0,33,1,34,0,13,63,7,83,48,0,48,131
04/04/2021,ACT,TX,ASW,CE,Combined TRACON& Tower with Radar,0,9,11,1,21,0,0,19,1,20,0,9,30,2,41,22,0,22,63
04/05/2021,ACT,TX,ASW,CE,Combined TRACON& Tower with Radar,2,16,55,10,83,0,2,47,0,49,2,18,102,10,132,38,0,38,170
04/06/2021,ACT,TX,ASW,CE,Combined TRACON& Tower with Radar,2,12,53,24,91,0,0,8,2,10,2,12,61,26,101,18,0,18,119
04/07/2021,ACT,TX,ASW,CE,Combined TRACON& Tower with Radar,0,11,56,3,70,0,0,67,0,67,0,11,123,3,137,68,0,68,205
04/08/2021,ACT,TX,ASW,CE,Combined TRACON& Tower with Radar,0,12,40,11,63,0,2,74,2,78,0,14,114,13,141,120,0,120,261
04/09/2021,ACT,TX,ASW,CE,Combined TRACON& Tower with Radar,2,14,47,37,100,0,0,27,0,27,2,14,74,37,127,70,2,72,199
04/10/2021,ACT,TX,ASW,CE,Combined TRACON& Tower with Radar,2,12,25,32,71,0,0,52,5,57,2,12,77,37,128,16,20,36,164
04/11/2021,ACT,TX,ASW,CE,Combined TRACON& Tower with Radar,0,14,30,4,48,0,0,62,0,62,0,14,92,4,110,70,14,84,194
04/12/2021,ACT,TX,ASW,CE,Combined TRACON& Tower with Radar,0,24,66,7,97,0,0,60,1,61,0,24,126,8,158,110,6,116,274
04/13/2021,ACT,TX,ASW,CE,Combined TRACON& Tower with Radar,0,12,55,28,95,0,0,66,0,66,0,12,121,28,161,136,0,136,297
04/14/2021,ACT,TX,ASW,CE,Combined TRACON& Tower with Radar,0,10,49,20,79,0,0,36,2,38,0,10,85,22,117,89,6,95,212
04/15/2021,ACT,TX,ASW,CE,Combined TRACON& Tower with Radar,0,19,19,0,38,0,0,0,0,0,0,19,19,0,38,0,0,0,38
04/16/2021,ACT,TX,ASW,CE,Combined TRACON& Tower with Radar,0,11,13,0,24,0,0,0,0,0,0,11,13,0,24,0,0,0,24
04/17/2021,ACT,TX,ASW,CE,Combined TRACON& Tower with Radar,0,14,49,3,66,0,0,27,1,28,0,14,76,4,94,14,0,14,108
04/18/2021,ACT,TX,ASW,CE,Combined TRACON& Tower with Radar,0,13,47,14,74,0,0,61,2,63,0,13,108,16,137,34,0,34,171
04/19/2021,ACT,TX,ASW,CE,Combined TRACON& Tower with Radar,0,11,56,10,77,0,4,108,0,112,0,15,164,10,189,143,0,143,332
04/20/2021,ACT,TX,ASW,CE,Combined TRACON& Tower with Radar,0,10,69,48,127,0,3,73,2,78,0,13,142,50,205,36,4,40,245
04/21/2021,ACT,TX,ASW,CE,Combined TRACON& Tower with Radar,0,10,67,68,145,0,2,84,12,98,0,12,151,80,243,106,8,114,357
04/22/2021,ACT,TX,ASW,CE,Combined TRACON& Tower with Radar,0,15,70,17,102,0,2,72,1,75,0,17,142,18,177,148,4,152,329
04/23/2021,ACT,TX,ASW,CE,Combined TRACON& Tower with Radar,4,11,9,2,26,0,0,0,0,0,4,11,9,2,26,0,0,0,26
04/24/2021,ACT,TX,ASW,CE,Combined TRACON& Tower with Radar,0,15,37,10,62,0,2,51,0,53,0,17,88,10,115,24,0,24,139
04/25/2021,ACT,TX,ASW,CE,Combined TRACON& Tower with Radar,0,11,29,6,46,0,0,52,7,59,0,11,81,13,105,54,0,54,159
04/26/2021,ACT,TX,ASW,CE,Combined TRACON& Tower with Radar,0,10,54,30,94,0,2,59,7,68,0,12,113,37,162,80,16,96,258
04/27/2021,ACT,TX,ASW,CE,Combined TRACON& Tower with Radar,0,9,44,14,67,0,0,2,0,2,0,9,46,14,69,0,0,0,69
04/28/2021,ACT,TX,ASW,CE,Combined TRACON& Tower with Radar,2,10,12,27,51,0,0,14,0,14,2,10,26,27,65,76,2,78,143
04/29/2021,ACT,TX,ASW,CE,Combined TRACON& Tower with Radar,0,16,19,2,37,0,0,0,0,0,0,16,19,2,37,0,0,0,37
04/30/2021,ACT,TX,ASW,CE,Combined TRACON& Tower with Radar,2,17,21,0,40,0,0,0,0,0,2,17,21,0,40,0,0,0,40
05/01/2021,ACT,TX,ASW,CE,Combined TRACON& Tower with Radar,1,8,14,0,23,0,0,2,0,2,1,8,16,0,25,42,0,42,67
05/02/2021,ACT,TX,ASW,CE,Combined TRACON& Tower with Radar,1,17,58,4,80,0,1,60,0,61,1,18,118,4,141,46,0,46,187
05/03/2021,ACT,TX,ASW,CE,Combined TRACON& Tower with Radar,0,14,50,34,98,0,0,45,3,48,0,14,95,37,146,24,0,24,170
05/04/2021,ACT,TX,ASW,CE,Combined TRACON& Tower with Radar,0,16,34,58,108,0,0,35,0,35,0,16,69,58,143,82,0,82,225
05/05/2021,ACT,TX,ASW,CE,Combined TRACON& Tower with Radar,2,9,61,29,101,0,2,114,2,118,2,11,175,31,219,84,4,88,307
05/06/2021,ACT,TX,ASW,CE,Combined TRACON& Tower with Radar,2,15,49,8,74,0,2,95,3,100,2,17,144,11,174,136,0,136,310
05/07/2021,ACT,TX,ASW,CE,Combined TRACON& Tower with Radar,0,18,49,49,116,0,0,92,3,95,0,18,141,52,211,28,0,28,239
05/08/2021,ACT,TX,ASW,CE,Combined TRACON& Tower with Radar,0,11,38,3,52,0,0,8,0,8,0,11,46,3,60,0,0,0,60
05/09/2021,ACT,TX,ASW,CE,Combined TRACON& Tower with Radar,0,14,24,1,39,0,2,7,0,9,0,16,31,1,48,0,0,0,48
05/10/2021,ACT,TX,ASW,CE,Combined TRACON& Tower with Radar,2,15,56,0,73,0,0,1,0,1,2,15,57,0,74,44,0,44,118
05/11/2021,ACT,TX,ASW,CE,Combined TRACON& Tower with Radar,0,5,5,0,10,0,0,0,0,0,0,5,5,0,10,0,0,0,10
05/12/2021,ACT,TX,ASW,CE,Combined TRACON& Tower with Radar,0,15,67,7,89,0,0,11,0,11,0,15,78,7,100,72,0,72,172
05/13/2021,ACT,TX,ASW,CE,Combined TRACON& Tower with Radar,0,12,71,10,93,0,2,73,1,76,0,14,144,11,169,118,0,118,287
05/14/2021,ACT,TX,ASW,CE,Combined TRACON& Tower with Radar,0,21,60,49,130,0,0,101,3,104,0,21,161,52,234,124,20,144,378
05/15/2021,ACT,TX,ASW,CE,Combined TRACON& Tower with Radar,0,10,59,12,81,0,0,31,0,31,0,10,90,12,112,50,0,50,162
05/16/2021,ACT,TX,ASW,CE,Combined TRACON& Tower with Radar,0,15,14,0,29,0,0,1,0,1,0,15,15,0,30,0,0,0,30
05/17/2021,ACT,TX,ASW,CE,Combined TRACON& Tower with Radar,2,12,14,0,28,0,0,8,0,8,2,12,22,0,36,54,0,54,90
05/18/2021,ACT,TX,ASW,CE,Combined TRACON& Tower with Radar,0,13,16,0,29,0,0,2,0,2,0,13,18,0,31,35,0,35,66
05/19/2021,ACT,TX,ASW,CE,Combined TRACON& Tower with Radar,0,12,28,9,49,0,0,24,2,26,0,12,52,11,75,66,0,66,141
05/20/2021,ACT,TX,ASW,CE,Combined TRACON& Tower with Radar,0,17,58,11,86,0,0,37,2,39,0,17,95,13,125,124,0,124,249
05/21/2021,ACT,TX,ASW,CE,Combined TRACON& Tower with Radar,0,12,47,33,92,0,1,19,0,20,0,13,66,33,112,62,0,62,174
05/22/2021,ACT,TX,ASW,CE,Combined TRACON& Tower with Radar,0,10,18,6,34,0,0,0,0,0,0,10,18,6,34,44,0,44,78
05/23/2021,ACT,TX,ASW,CE,Combined TRACON& Tower with Radar,0,14,26,0,40,0,0,0,0,0,0,14,26,0,40,0,0,0,40
05/24/2021,ACT,TX,ASW,CE,Combined TRACON& Tower with Radar,2,12,12,0,26,0,0,2,0,2,2,12,14,0,28,50,0,50,78
05/25/2021,ACT,TX,ASW,CE,Combined TRACON& Tower with Radar,0,11,13,22,46,0,0,32,7,39,0,11,45,29,85,86,0,86,171
05/26/2021,ACT,TX,ASW,CE,Combined TRACON& Tower with Radar,0,12,91,5,108,0,0,84,1,85,0,12,175,6,193,194,0,194,387
05/27/2021,ACT,TX,ASW,CE,Combined TRACON& Tower with Radar,0,12,84,6,102,0,4,83,5,92,0,16,167,11,194,98,0,98,292
05/28/2021,ACT,TX,ASW,CE,Combined TRACON& Tower with Radar,0,11,22,1,34,0,0,11,0,11,0,11,33,1,45,56,0,56,101
05/29/2021,ACT,TX,ASW,CE,Combined TRACON& Tower with Radar,0,10,24,1,35,0,0,30,0,30,0,10,54,1,65,36,0,36,101
05/30/2021,ACT,TX,ASW,CE,Combined TRACON& Tower with Radar,0,16,16,2,34,0,0,9,0,9,0,16,25,2,43,38,0,38,81
05/31/2021,ACT,TX,ASW,CE,Combined TRACON& Tower with Radar,0,8,10,0,18,0,1,3,0,4,0,9,13,0,22,75,0,75,97
06/01/2021,ACT,TX,ASW,CE,Combined TRACON& Tower with Radar,0,9,57,8,74,0,2,14,2,18,0,11,71,10,92,120,0,120,212
06/02/2021,ACT,TX,ASW,CE,Combined TRACON& Tower with Radar,0,10,30,11,51,0,2,51,0,53,0,12,81,11,104,86,8,94,198
06/03/2021,ACT,TX,ASW,CE,Combined TRACON& Tower with Radar,2,19,41,17,79,0,0,24,0,24,2,19,65,17,103,105,0,105,208
06/04/2021,ACT,TX,ASW,CE,Combined TRACON& Tower with Radar,2,15,44,6,67,0,2,24,0,26,2,17,68,6,93,120,0,120,213
06/05/2021,ACT,TX,ASW,CE,Combined TRACON& Tower with Radar,2,8,15,2,27,0,0,5,0,5,2,8,20,2,32,20,0,20,52
06/06/2021,ACT,TX,ASW,CE,Combined TRACON& Tower with Radar,0,14,61,0,75,0,0,12,0,12,0,14,73,0,87,28,0,28,115
06/07/2021,ACT,TX,ASW,CE,Combined TRACON& Tower with Radar,0,9,17,1,27,0,0,10,1,11,0,9,27,2,38,32,0,32,70
06/08/2021,ACT,TX,ASW,CE,Combined TRACON& Tower with Radar,0,12,32,11,55,0,0,25,1,26,0,12,57,12,81,117,0,117,198
06/09/2021,ACT,TX,ASW,CE,Combined TRACON& Tower with Radar,0,13,71,9,93,0,2,51,1,54,0,15,122,10,147,153,0,153,300
06/10/2021,ACT,TX,ASW,CE,Combined TRACON& Tower with Radar,0,12,70,11,93,0,0,73,0,73,0,12,143,11,166,60,0,60,226
06/11/2021,ACT,TX,ASW,CE,Combined TRACON& Tower with Radar,0,10,46,8,64,0,4,51,0,55,0,14,97,8,119,58,0,58,177
06/12/2021,ACT,TX,ASW,CE,Combined TRACON& Tower with Radar,2,9,23,6,40,0,4,18,6,28,2,13,41,12,68,70,4,74,142
06/13/2021,ACT,TX,ASW,CE,Combined TRACON& Tower with Radar,0,10,23,2,35,0,3,50,0,53,0,13,73,2,88,66,0,66,154
06/14/2021,ACT,TX,ASW,CE,Combined TRACON& Tower with Radar,0,11,32,13,56,0,2,50,1,53,0,13,82,14,109,20,4,24,133
06/15/2021,ACT,TX,ASW,CE,Combined TRACON& Tower with Radar,0,9,54,14,77,0,0,80,2,82,0,9,134,16,159,48,0,48,207
06/16/2021,ACT,TX,ASW,CE,Combined TRACON& Tower with Radar,2,14,56,1,73,0,2,77,0,79,2,16,133,1,152,64,0,64,216
06/17/2021,ACT,TX,ASW,CE,Combined TRACON& Tower with Radar,0,12,48,12,72,0,2,71,0,73,0,14,119,12,145,44,0,44,189
06/18/2021,ACT,TX,ASW,CE,Combined TRACON& Tower with Radar,0,14,44,6,64,0,0,73,0,73,0,14,117,6,137,44,0,44,181
06/19/2021,ACT,TX,ASW,CE,Combined TRACON& Tower with Radar,0,9,28,15,52,0,0,57,5,62,0,9,85,20,114,98,2,100,214
06/20/2021,ACT,TX,ASW,CE,Combined TRACON& Tower with Radar,2,15,14,11,42,0,2,28,2,32,2,17,42,13,74,0,24,24,98
06/21/2021,ACT,TX,ASW,CE,Combined TRACON& Tower with Radar,0,12,42,10,64,0,0,20,0,20,0,12,62,10,84,52,0,52,136
06/22/2021,ACT,TX,ASW,CE,Combined TRACON& Tower with Radar,0,11,84,23,118,0,0,19,0,19,0,11,103,23,137,102,0,102,239
06/23/2021,ACT,TX,ASW,CE,Combined TRACON& Tower with Radar,0,14,43,22,79,0,2,55,0,57,0,16,98,22,136,36,0,36,172
06/24/2021,ACT,TX,ASW,CE,Combined TRACON& Tower with Radar,0,10,62,32,104,0,0,69,0,69,0,10,131,32,173,58,4,62,235
06/25/2021,ACT,TX,ASW,CE,Combined TRACON& Tower with Radar,0,17,50,35,102,0,2,60,4,66,0,19,110,39,168,72,0,72,240
06/26/2021,ACT,TX,ASW,CE,Combined TRACON& Tower with Radar,0,10,34,31,75,0,0,35,6,41,0,10,69,37,116,46,18,64,180
06/27/2021,ACT,TX,ASW,CE,Combined TRACON& Tower with Radar,0,12,14,10,36,0,0,11,0,11,0,12,25,10,47,6,0,6,53
06/28/2021,ACT,TX,ASW,CE,Combined TRACON& Tower with Radar,0,11,14,2,27,0,0,5,0,5,0,11,19,2,32,0,0,0,32
06/29/2021,ACT,TX,ASW,CE,Combined TRACON& Tower with Radar,0,11,49,6,66,0,0,11,0,11,0,11,60,6,77,58,0,58,135
06/30/2021,ACT,TX,ASW,CE,Combined TRACON& Tower with Radar,0,11,44,13,68,0,1,50,2,53,0,12,94,15,121,36,0,36,157
07/01/2021,ACT,TX,ASW,CE,Combined TRACON& Tower with Radar,3,15,61,40,119,0,0,78,4,82,3,15,139,44,201,54,0,54,255
07/02/2021,ACT,TX,ASW,CE,Combined TRACON& Tower with Radar,5,11,33,8,57,0,0,28,2,30,5,11,61,10,87,28,0,28,115
07/03/2021,ACT,TX,ASW,CE,Combined TRACON& Tower with Radar,1,10,16,0,27,0,0,3,0,3,1,10,19,0,30,0,0,0,30
07/04/2021,ACT,TX,ASW,CE,Combined TRACON& Tower with Radar,0,10,4,0,14,0,0,14,0,14,0,10,18,0,28,6,2,8,36
07/05/2021,ACT,TX,ASW,CE,Combined TRACON& Tower with Radar,0,10,14,0,24,0,0,5,0,5,0,10,19,0,29,0,0,0,29
07/06/2021,ACT,TX,ASW,CE,Combined TRACON& Tower with Radar,4,13,26,8,51,0,3,21,0,24,4,16,47,8,75,58,0,58,133
07/07/2021,ACT,TX,ASW,CE,Combined TRACON& Tower with Radar,0,14,38,4,56,0,1,21,0,22,0,15,59,4,78,48,0,48,126
07/08/2021,ACT,TX,ASW,CE,Combined TRACON& Tower with Radar,0,14,61,27,102,0,3,64,6,73,0,17,125,33,175,62,0,62,237
07/09/2021,ACT,TX,ASW,CE,Combined TRACON& Tower with Radar,0,12,33,15,60,0,0,5,0,5,0,12,38,15,65,0,4,4,69
07/10/2021,ACT,TX,ASW,CE,Combined TRACON& Tower with Radar,0,8,27,43,78,0,0,24,3,27,0,8,51,46,105,26,6,32,137
07/11/2021,ACT,TX,ASW,CE,Combined TRACON& Tower with Radar,0,10,18,10,38,0,0,22,3,25,0,10,40,13,63,6,6,12,75
07/12/2021,ACT,TX,ASW,CE,Combined TRACON& Tower with Radar,0,11,10,12,33,0,1,12,1,14,0,12,22,13,47,38,20,58,105
07/13/2021,ACT,TX,ASW,CE,Combined TRACON& Tower with Radar,0,13,77,26,116,0,7,78,11,96,0,20,155,37,212,60,0,60,272
07/14/2021,ACT,TX,ASW,CE,Combined TRACON& Tower with Radar,0,17,95,31,143,0,2,42,4,48,0,19,137,35,191,66,0,66,257
07/15/2021,ACT,TX,ASW,CE,Combined TRACON& Tower with Radar,0,18,79,14,111,0,2,61,0,63,0,20,140,14,174,114,6,120,294
07/16/2021,ACT,TX,ASW,CE,Combined TRACON& Tower with Radar,0,12,75,34,121,0,0,50,0,50,0,12,125,34,171,90,0,90,261
07/17/2021,ACT,TX,ASW,CE,Combined TRACON& Tower with Radar,0,10,52,18,80,0,0,78,1,79,0,10,130,19,159,50,4,54,213
07/18/2021,ACT,TX,ASW,CE,Combined TRACON& Tower with Radar,0,16,14,2,32,0,0,27,1,28,0,16,41,3,60,14,0,14,74
07/19/2021,ACT,TX,ASW,CE,Combined TRACON& Tower with Radar,0,12,14,5,31,0,0,10,0,10,0,12,24,5,41,16,0,16,57
07/20/2021,ACT,TX,ASW,CE,Combined TRACON& Tower with Radar,0,8,38,12,58,0,0,41,0,41,0,8,79,12,99,56,0,56,155
07/21/2021,ACT,TX,ASW,CE,Combined TRACON& Tower with Radar,0,16,58,19,93,0,3,63,3,69,0,19,121,22,162,84,0,84,246
07/22/2021,ACT,TX,ASW,CE,Combined TRACON& Tower with Radar,0,10,55,10,75,0,0,96,2,98,0,10,151,12,173,84,0,84,257
07/23/2021,ACT,TX,ASW,CE,Combined TRACON& Tower with Radar,0,12,53,35,100,0,2,41,1,44,0,14,94,36,144,92,10,102,246
07/24/2021,ACT,TX,ASW,CE,Combined TRACON& Tower with Radar,0,8,19,18,45,0,7,27,0,34,0,15,46,18,79,88,0,88,167
07/25/2021,ACT,TX,ASW,CE,Combined TRACON& Tower with Radar,1,10,12,6,29,0,1,34,0,35,1,11,46,6,64,74,0,74,138
07/26/2021,ACT,TX,ASW,CE,Combined TRACON& Tower with Radar,0,12,43,32,87,0,2,84,2,88,0,14,127,34,175,77,0,77,252
07/27/2021,ACT,TX,ASW,CE,Combined TRACON& Tower with Radar,0,9,48,18,75,0,1,68,1,70,0,10,116,19,145,108,0,108,253
07/28/2021,ACT,TX,ASW,CE,Combined TRACON& Tower with Radar,0,18,30,18,66,0,2,44,4,50,0,20,74,22,116,22,0,22,138
07/29/2021,ACT,TX,ASW,CE,Combined TRACON& Tower with Radar,1,14,42,19,76,0,0,42,2,44,1,14,84,21,120,30,0,30,150
07/30/2021,ACT,TX,ASW,CE,Combined TRACON& Tower with Radar,1,13,36,17,67,0,2,61,0,63,1,15,97,17,130,50,2,52,182
07/31/2021,ACT,TX,ASW,CE,Combined TRACON& Tower with Radar,0,16,19,34,69,0,0,44,2,46,0,16,63,36,115,40,10,50,165
08/01/2021,ACT,TX,ASW,CE,Combined TRACON& Tower with Radar,2,9,12,8,31,0,0,21,0,21,2,9,33,8,52,26,0,26,78
08/02/2021,ACT,TX,ASW,CE,Combined TRACON& Tower with Radar,0,9,22,0,31,0,0,8,0,8,0,9,30,0,39,4,0,4,43
08/03/2021,ACT,TX,ASW,CE,Combined TRACON& Tower with Radar,2,6,58,14,80,0,2,39,0,41,2,8,97,14,121,118,12,130,251
08/04/2021,ACT,TX,ASW,CE,Combined TRACON& Tower with Radar,0,12,50,37,99,0,4,48,0,52,0,16,98,37,151,84,14,98,249
08/05/2021,ACT,TX,ASW,CE,Combined TRACON& Tower with Radar,0,11,44,31,86,0,4,37,1,42,0,15,81,32,128,136,6,142,270
08/06/2021,ACT,TX,ASW,CE,Combined TRACON& Tower with Radar,0,13,33,12,58,0,5,50,0,55,0,18,83,12,113,84,2,86,199
08/07/2021,ACT,TX,ASW,CE,Combined TRACON& Tower with Radar,0,10,25,19,54,0,0,35,0,35,0,10,60,19,89,86,0,86,175
08/08/2021,ACT,TX,ASW,CE,Combined TRACON& Tower with Radar,0,11,15,15,41,0,0,19,0,19,0,11,34,15,60,8,0,8,68
08/09/2021,ACT,TX,ASW,CE,Combined TRACON& Tower with Radar,0,11,29,7,47,0,0,37,3,40,0,11,66,10,87,70,2,72,159
08/10/2021,ACT,TX,ASW,CE,Combined TRACON& Tower with Radar,0,12,56,24,92,0,1,62,0,63,0,13,118,24,155,152,10,162,317
08/11/2021,ACT,TX,ASW,CE,Combined TRACON& Tower with Radar,0,14,48,26,88,0,0,84,2,86,0,14,132,28,174,112,0,112,286
08/12/2021,ACT,TX,ASW,CE,Combined TRACON& Tower with Radar,0,10,44,20,74,0,0,76,5,81,0,10,120,25,155,145,10,155,310
08/13/2021,ACT,TX,ASW,CE,Combined TRACON& Tower with Radar,0,15,32,75,122,0,0,81,4,85,0,15,113,79,207,148,0,148,355
08/14/2021,ACT,TX,ASW,CE,Combined TRACON& Tower with Radar,6,9,35,0,50,0,0,47,0,47,6,9,82,0,97,34,0,34,131
08/15/2021,ACT,TX,ASW,CE,Combined TRACON& Tower with Radar,2,12,19,0,33,0,0,7,0,7,2,12,26,0,40,14,0,14,54
08/16/2021,ACT,TX,ASW,CE,Combined TRACON& Tower with Radar,0,10,26,9,45,0,0,48,2,50,0,10,74,11,95,94,2,96,191
08/17/2021,ACT,TX,ASW,CE,Combined TRACON& Tower with Radar,2,7,42,28,79,0,0,28,1,29,2,7,70,29,108,59,2,61,169
08/18/2021,ACT,TX,ASW,CE,Combined TRACON& Tower with Radar,0,13,28,2,43,0,0,10,0,10,0,13,38,2,53,72,0,72,125
08/19/2021,ACT,TX,ASW,CE,Combined TRACON& Tower with Radar,0,27,53,6,86,0,0,70,0,70,0,27,123,6,156,114,0,114,270
08/20/2021,ACT,TX,ASW,CE,Combined TRACON& Tower with Radar,0,13,40,55,108,0,2,63,4,69,0,15,103,59,177,112,0,112,289
08/21/2021,ACT,TX,ASW,CE,Combined TRACON& Tower with Radar,2,10,25,12,49,0,0,60,0,60,2,10,85,12,109,152,0,152,261
08/22/2021,ACT,TX,ASW,CE,Combined TRACON& Tower with Radar,2,17,26,14,59,0,2,43,5,50,2,19,69,19,109,40,8,48,157
08/23/2021,ACT,TX,ASW,CE,Combined TRACON& Tower with Radar,0,11,26,4,41,0,0,39,1,40,0,11,65,5,81,70,2,72,153
08/24/2021,ACT,TX,ASW,CE,Combined TRACON& Tower with Radar,0,8,45,24,77,0,0,62,1,63,0,8,107,25,140,172,0,172,312
08/25/2021,ACT,TX,ASW,CE,Combined TRACON& Tower with Radar,0,11,53,18,82,0,0,90,0,90,0,11,143,18,172,126,0,126,298
08/26/2021,ACT,TX,ASW,CE,Combined TRACON& Tower with Radar,0,11,33,19,63,0,0,99,0,99,0,11,132,19,162,162,0,162,324
08/27/2021,ACT,TX,ASW,CE,Combined TRACON& Tower with Radar,0,15,33,43,91,0,0,65,2,67,0,15,98,45,158,70,0,70,228
08/28/2021,ACT,TX,ASW,CE,Combined TRACON& Tower with Radar,0,16,37,31,84,0,1,101,6,108,0,17,138,37,192,86,16,102,294
08/29/2021,ACT,TX,ASW,CE,Combined TRACON& Tower with Radar,0,12,32,4,48,0,0,14,0,14,0,12,46,4,62,12,2,14,76
08/30/2021,ACT,TX,ASW,CE,Combined TRACON& Tower with Radar,0,10,29,48,87,0,0,116,6,122,0,10,145,54,209,128,0,128,337
08/31/2021,ACT,TX,ASW,CE,Combined TRACON& Tower with Radar,0,14,41,18,73,0,1,123,2,126,0,15,164,20,199,74,6,80,279
09/01/2021,ACT,TX,ASW,CE,Combined TRACON& Tower with Radar,0,13,53,5,71,0,3,127,2,132,0,16,180,7,203,88,8,96,299
09/02/2021,ACT,TX,ASW,CE,Combined TRACON& Tower with Radar,0,11,38,11,60,0,2,105,0,107,0,13,143,11,167,82,0,82,249
09/03/2021,ACT,TX,ASW,CE,Combined TRACON& Tower with Radar,0,12,53,0,65,0,0,66,0,66,0,12,119,0,131,68,0,68,199
09/04/2021,ACT,TX,ASW,CE,Combined TRACON& Tower with Radar,0,8,30,8,46,0,2,63,0,65,0,10,93,8,111,40,0,40,151
09/05/2021,ACT,TX,ASW,CE,Combined TRACON& Tower with Radar,0,11,27,0,38,0,2,19,0,21,0,13,46,0,59,8,0,8,67
09/06/2021,ACT,TX,ASW,CE,Combined TRACON& Tower with Radar,0,10,29,6,45,0,0,57,0,57,0,10,86,6,102,68,0,68,170
09/07/2021,ACT,TX,ASW,CE,Combined TRACON& Tower with Radar,0,8,54,37,99,0,0,92,6,98,0,8,146,43,197,96,0,96,293
09/08/2021,ACT,TX,ASW,CE,Combined TRACON& Tower with Radar,2,11,26,27,66,0,0,94,10,104,2,11,120,37,170,140,2,142,312
09/09/2021,ACT,TX,ASW,CE,Combined TRACON& Tower with Radar,0,11,59,10,80,0,2,92,2,96,0,13,151,12,176,128,0,128,304
09/10/2021,ACT,TX,ASW,CE,Combined TRACON& Tower with Radar,0,10,17,11,38,0,0,106,0,106,0,10,123,11,144,134,0,134,278
09/11/2021,ACT,TX,ASW,CE,Combined TRACON& Tower with Radar,0,7,32,3,42,0,0,55,2,57,0,7,87,5,99,38,56,94,193
09/12/2021,ACT,TX,ASW,CE,Combined TRACON& Tower with Radar,3,8,44,0,55,0,2,43,0,45,3,10,87,0,100,14,0,14,114
09/13/2021,ACT,TX,ASW,CE,Combined TRACON& Tower with Radar,0,14,36,2,52,0,1,50,1,52,0,15,86,3,104,102,0,102,206
09/14/2021,ACT,TX,ASW,CE,Combined TRACON& Tower with Radar,0,14,35,20,69,0,0,36,3,39,0,14,71,23,108,158,0,158,266
09/15/2021,ACT,TX,ASW,CE,Combined TRACON& Tower with Radar,0,8,62,28,98,0,0,70,6,76,0,8,132,34,174,112,0,112,286
09/16/2021,ACT,TX,ASW,CE,Combined TRACON& Tower with Radar,2,9,34,26,71,0,2,85,4,91,2,11,119,30,162,188,14,202,364
09/17/2021,ACT,TX,ASW,CE,Combined TRACON& Tower with Radar,2,15,40,23,80,0,4,94,2,100,2,19,134,25,180,74,12,86,266
09/18/2021,ACT,TX,ASW,CE,Combined TRACON& Tower with Radar,2,8,15,11,36,0,0,56,7,63,2,8,71,18,99,68,26,94,193
09/19/2021,ACT,TX,ASW,CE,Combined TRACON& Tower with Radar,0,15,21,7,43,0,3,47,4,54,0,18,68,11,97,42,4,46,143
09/20/2021,ACT,TX,ASW,CE,Combined TRACON& Tower with Radar,0,8,30,14,52,0,0,96,2,98,0,8,126,16,150,170,0,170,320
09/21/2021,ACT,TX,ASW,CE,Combined TRACON& Tower with Radar,0,9,23,10,42,0,0,43,0,43,0,9,66,10,85,166,0,166,251
09/22/2021,ACT,TX,ASW,CE,Combined TRACON& Tower with Radar,0,8,50,23,81,0,0,117,0,117,0,8,167,23,198,138,2,140,338
09/23/2021,ACT,TX,ASW,CE,Combined TRACON& Tower with Radar,0,15,36,22,73,0,0,130,0,130,0,15,166,22,203,160,4,164,367
09/24/2021,ACT,TX,ASW,CE,Combined TRACON& Tower with Radar,1,18,44,3,66,0,1,116,0,117,1,19,160,3,183,98,0,98,281
09/25/2021,ACT,TX,ASW,CE,Combined TRACON& Tower with Radar,2,12,70,0,84,0,0,69,2,71,2,12,139,2,155,24,0,24,179
09/26/2021,ACT,TX,ASW,CE,Combined TRACON& Tower with Radar,1,18,40,0,59,1,0,63,0,64,2,18,103,0,123,28,0,28,151
09/27/2021,ACT,TX,ASW,CE,Combined TRACON& Tower with Radar,0,8,28,18,54,0,0,107,0,107,0,8,135,18,161,194,0,194,355
09/28/2021,ACT,TX,ASW,CE,Combined TRACON& Tower with Radar,0,9,34,12,55,0,0,67,0,67,0,9,101,12,122,148,0,148,270
09/29/2021,ACT,TX,ASW,CE,Combined TRACON& Tower with Radar,0,20,33,9,62,0,1,83,1,85,0,21,116,10,147,54,0,54,201
09/30/2021,ACT,TX,ASW,CE,Combined TRACON& Tower with Radar,0,13,75,14,102,0,1,26,2,29,0,14,101,16,131,146,4,150,281
10/01/2021,ACT,TX,ASW,CE,Combined TRACON& Tower with Radar,2,8,23,2,35,0,0,3,0,3,2,8,26,2,38,46,0,46,84
10/02/2021,ACT,TX,ASW,CE,Combined TRACON& Tower with Radar,0,8,12,2,22,0,1,5,0,6,0,9,17,2,28,12,0,12,40
10/03/2021,ACT,TX,ASW,CE,Combined TRACON& Tower with Radar,0,8,14,0,22,0,0,34,0,34,0,8,48,0,56,60,0,60,116
10/04/2021,ACT,TX,ASW,CE,Combined TRACON& Tower with Radar,0,8,36,18,62,0,2,128,7,137,0,10,164,25,199,144,0,144,343
10/05/2021,ACT,TX,ASW,CE,Combined TRACON& Tower with Radar,0,10,44,7,61,0,2,123,0,125,0,12,167,7,186,96,0,96,282
10/06/2021,ACT,TX,ASW,CE,Combined TRACON& Tower with Radar,0,14,50,2,66,0,4,123,0,127,0,18,173,2,193,196,0,196,389
10/07/2021,ACT,TX,ASW,CE,Combined TRACON& Tower with Radar,1,14,46,21,82,0,0,103,0,103,1,14,149,21,185,152,0,152,337
10/08/2021,ACT,TX,ASW,CE,Combined TRACON& Tower with Radar,0,16,24,3,43,0,0,97,3,100,0,16,121,6,143,82,0,82,225
10/09/2021,ACT,TX,ASW,CE,Combined TRACON& Tower with Radar,2,15,27,4,48,0,0,45,0,45,2,15,72,4,93,18,0,18,111
10/10/2021,ACT,TX,ASW,CE,Combined TRACON& Tower with Radar,1,10,24,6,41,0,0,9,0,9,1,10,33,6,50,2,0,2,52
10/11/2021,ACT,TX,ASW,CE,Combined TRACON& Tower with Radar,0,12,33,0,45,0,3,120,0,123,0,15,153,0,168,244,0,244,412
10/12/2021,ACT,TX,ASW,CE,Combined TRACON& Tower with Radar,0,12,29,0,41,0,0,11,0,11,0,12,40,0,52,10,0,10,62
10/13/2021,ACT,TX,ASW,CE,Combined TRACON& Tower with Radar,2,9,33,5,49,0,0,18,0,18,2,9,51,5,67,72,0,72,139
10/14/2021,ACT,TX,ASW,CE,Combined TRACON& Tower with Radar,0,15,52,10,77,0,0,31,1,32,0,15,83,11,109,136,0,136,245
10/15/2021,ACT,TX,ASW,CE,Combined TRACON& Tower with Radar,1,15,43,3,62,0,1,35,1,37,1,16,78,4,99,94,0,94,193
10/16/2021,ACT,TX,ASW,CE,Combined TRACON& Tower with Radar,1,19,36,41,97,0,1,53,16,70,1,20,89,57,167,46,6,52,219
10/17/2021,ACT,TX,ASW,CE,Combined TRACON& Tower with Radar,2,16,39,7,64,0,0,84,3,87,2,16,123,10,151,96,0,96,247
10/18/2021,ACT,TX,ASW,CE,Combined TRACON& Tower with Radar,0,13,53,40,106,0,1,146,2,149,0,14,199,42,255,170,0,170,425
10/19/2021,ACT,TX,ASW,CE,Combined TRACON& Tower with Radar,0,16,71,39,126,0,1,97,4,102,0,17,168,43,228,158,8,166,394
10/20/2021,ACT,TX,ASW,CE,Combined TRACON& Tower with Radar,0,18,58,10,86,0,2,75,0,77,0,20,133,10,163,168,0,168,331
10/21/2021,ACT,TX,ASW,CE,Combined TRACON& Tower with Radar,2,12,40,7,61,1,0,130,0,131,3,12,170,7,192,210,0,210,402
10/22/2021,ACT,TX,ASW,CE,Combined TRACON& Tower with Radar,0,19,33,37,89,0,0,89,3,92,0,19,122,40,181,74,0,74,255
10/23/2021,ACT,TX,ASW,CE,Combined TRACON& Tower with Radar,0,17,26,13,56,0,0,34,1,35,0,17,60,14,91,2,8,10,101
10/24/2021,ACT,TX,ASW,CE,Combined TRACON& Tower with Radar,0,26,26,20,72,0,0,26,0,26,0,26,52,20,98,38,0,38,136
10/25/2021,ACT,TX,ASW,CE,Combined TRACON& Tower with Radar,0,12,44,14,70,0,0,116,1,117,0,12,160,15,187,118,4,122,309
10/26/2021,ACT,TX,ASW,CE,Combined TRACON& Tower with Radar,0,22,76,34,132,0,0,36,0,36,0,22,112,34,168,24,0,24,192
10/27/2021,ACT,TX,ASW,CE,Combined TRACON& Tower with Radar,0,11,47,0,58,0,0,27,0,27,0,11,74,0,85,0,0,0,85
10/28/2021,ACT,TX,ASW,CE,Combined TRACON& Tower with Radar,0,7,13,2,22,0,0,8,0,8,0,7,21,2,30,10,0,10,40
10/29/2021,ACT,TX,ASW,CE,Combined TRACON& Tower with Radar,0,15,27,13,55,0,0,27,2,29,0,15,54,15,84,34,0,34,118
10/30/2021,ACT,TX,ASW,CE,Combined TRACON& Tower with Radar,0,14,44,10,68,0,0,76,1,77,0,14,120,11,145,30,8,38,183
10/31/2021,ACT,TX,ASW,CE,Combined TRACON& Tower with Radar,0,13,28,0,41,0,1,68,0,69,0,14,96,0,110,152,0,152,262
11/01/2021,ACT,TX,ASW,CE,Combined TRACON& Tower with Radar,0,12,49,8,69,0,0,133,2,135,0,12,182,10,204,60,0,60,264
11/02/2021,ACT,TX,ASW,CE,Combined TRACON& Tower with Radar,0,17,76,2,95,0,1,7,0,8,0,18,83,2,103,80,0,80,183
11/03/2021,ACT,TX,ASW,CE,Combined TRACON& Tower with Radar,0,13,18,0,31,0,0,0,0,0,0,13,18,0,31,0,0,0,31
11/04/2021,ACT,TX,ASW,CE,Combined TRACON& Tower with Radar,0,12,96,10,118,0,0,85,4,89,0,12,181,14,207,128,0,128,335
11/05/2021,ACT,TX,ASW,CE,Combined TRACON& Tower with Radar,0,15,48,27,90,0,1,127,1,129,0,16,175,28,219,127,0,127,346
11/06/2021,ACT,TX,ASW,CE,Combined TRACON& Tower with Radar,0,20,29,16,65,0,0,84,5,89,0,20,113,21,154,74,0,74,228
11/07/2021,ACT,TX,ASW,CE,Combined TRACON& Tower with Radar,0,23,33,1,57,0,1,55,3,59,0,24,88,4,116,38,0,38,154
11/08/2021,ACT,TX,ASW,CE,Combined TRACON& Tower with Radar,0,15,66,14,95,0,0,67,2,69,0,15,133,16,164,128,0,128,292
11/09/2021,ACT,TX,ASW,CE,Combined TRACON& Tower with Radar,0,8,68,8,84,0,0,77,0,77,0,8,145,8,161,78,8,86,247
11/10/2021,ACT,TX,ASW,CE,Combined TRACON& Tower with Radar,5,17,73,13,108,0,0,31,0,31,5,17,104,13,139,74,12,86,225
11/11/2021,ACT,TX,ASW,CE,Combined TRACON& Tower with Radar,0,16,50,0,66,0,2,126,2,130,0,18,176,2,196,74,0,74,270
11/12/2021,ACT,TX,ASW,CE,Combined TRACON& Tower with Radar,7,19,66,17,109,0,0,111,5,116,7,19,177,22,225,106,12,118,343
11/13/2021,ACT,TX,ASW,CE,Combined TRACON& Tower with Radar,1,21,53,15,90,0,0,102,2,104,1,21,155,17,194,46,0,46,240
11/14/2021,ACT,TX,ASW,CE,Combined TRACON& Tower with Radar,0,15,25,16,56,0,0,74,0,74,0,15,99,16,130,78,0,78,208
11/15/2021,ACT,TX,ASW,CE,Combined TRACON& Tower with Radar,0,21,53,6,80,0,4,114,1,119,0,25,167,7,199,118,0,118,317
11/16/2021,ACT,TX,ASW,CE,Combined TRACON& Tower with Radar,0,14,65,23,102,0,0,49,2,51,0,14,114,25,153,44,4,48,201
11/17/2021,ACT,TX,ASW,CE,Combined TRACON& Tower with Radar,0,14,83,11,108,0,0,68,4,72,0,14,151,15,180,100,0,100,280
11/18/2021,ACT,TX,ASW,CE,Combined TRACON& Tower with Radar,1,16,67,5,89,0,2,92,2,96,1,18,159,7,185,122,0,122,307
11/19/2021,ACT,TX,ASW,CE,Combined TRACON& Tower with Radar,3,17,51,25,96,0,0,97,1,98,3,17,148,26,194,156,0,156,350
11/20/2021,ACT,TX,ASW,CE,Combined TRACON& Tower with Radar,6,17,29,5,57,0,0,55,1,56,6,17,84,6,113,30,12,42,155
11/21/2021,ACT,TX,ASW,CE,Combined TRACON& Tower with Radar,4,14,37,6,61,0,0,7,4,11,4,14,44,10,72,4,6,10,82
11/22/2021,ACT,TX,ASW,CE,Combined TRACON& Tower with Radar,0,17,47,5,69,0,4,96,4,104,0,21,143,9,173,236,2,238,411
11/23/2021,ACT,TX,ASW,CE,Combined TRACON& Tower with Radar,0,13,33,10,56,0,0,94,0,94,0,13,127,10,150,118,0,118,268
11/24/2021,ACT,TX,ASW,CE,Combined TRACON& Tower with Radar,0,15,19,4,38,0,1,12,0,13,0,16,31,4,51,22,0,22,73
11/25/2021,ACT,TX,ASW,CE,Combined TRACON& Tower with Radar,0,4,3,0,7,0,0,2,0,2,0,4,5,0,9,0,0,0,9
11/26/2021,ACT,TX,ASW,CE,Combined TRACON& Tower with Radar,2,6,32,8,48,0,0,33,0,33,2,6,65,8,81,6,0,6,87
11/27/2021,ACT,TX,ASW,CE,Combined TRACON& Tower with Radar,2,22,37,2,63,0,0,8,0,8,2,22,45,2,71,0,0,0,71
11/28/2021,ACT,TX,ASW,CE,Combined TRACON& Tower with Radar,0,16,49,0,65,0,0,53,0,53,0,16,102,0,118,36,0,36,154
11/29/2021,ACT,TX,ASW,CE,Combined TRACON& Tower with Radar,0,13,42,27,82,3,0,116,4,123,3,13,158,31,205,140,10,150,355
11/30/2021,ACT,TX,ASW,CE,Combined TRACON& Tower with Radar,0,12,69,3,84,0,0,133,0,133,0,12,202,3,217,134,0,134,351
12/01/2021,ACT,TX,ASW,CE,Combined TRACON& Tower with Radar,0,14,55,39,108,0,1,105,2,108,0,15,160,41,216,188,8,196,412
12/02/2021,ACT,TX,ASW,CE,Combined TRACON& Tower with Radar,0,18,75,3,96,0,1,88,0,89,0,19,163,3,185,120,0,120,305
12/03/2021,ACT,TX,ASW,CE,Combined TRACON& Tower with Radar,0,15,53,15,83,0,0,32,0,32,0,15,85,15,115,70,0,70,185
12/04/2021,ACT,TX,ASW,CE,Combined TRACON& Tower with Radar,0,20,60,30,110,0,0,30,0,30,0,20,90,30,140,104,0,104,244
12/05/2021,ACT,TX,ASW,CE,Combined TRACON& Tower with Radar,0,13,37,0,50,0,0,32,0,32,0,13,69,0,82,10,0,10,92
12/06/2021,ACT,TX,ASW,CE,Combined TRACON& Tower with Radar,0,10,49,15,74,0,0,28,1,29,0,10,77,16,103,42,2,44,147
12/07/2021,ACT,TX,ASW,CE,Combined TRACON& Tower with Radar,0,8,68,11,87,0,2,152,1,155,0,10,220,12,242,96,0,96,338
12/08/2021,ACT,TX,ASW,CE,Combined TRACON& Tower with Radar,0,15,77,21,113,0,0,75,7,82,0,15,152,28,195,126,0,126,321
12/09/2021,ACT,TX,ASW,CE,Combined TRACON& Tower with Radar,0,15,41,1,57,0,2,84,1,87,0,17,125,2,144,88,0,88,232
12/10/2021,ACT,TX,ASW,CE,Combined TRACON& Tower with Radar,0,18,67,74,159,0,4,55,0,59,0,22,122,74,218,56,0,56,274
12/11/2021,ACT,TX,ASW,CE,Combined TRACON& Tower with Radar,1,13,21,6,41,0,2,52,0,54,1,15,73,6,95,70,0,70,165
12/12/2021,ACT,TX,ASW,CE,Combined TRACON& Tower with Radar,1,24,36,0,61,0,0,66,0,66,1,24,102,0,127,34,0,34,161
12/13/2021,ACT,TX,ASW,CE,Combined TRACON& Tower with Radar,0,16,68,31,115,0,2,39,0,41,0,18,107,31,156,66,0,66,222
12/14/2021,ACT,TX,ASW,CE,Combined TRACON& Tower with Radar,4,12,46,5,67,0,0,8,0,8,4,12,54,5,75,6,0,6,81
12/15/2021,ACT,TX,ASW,CE,Combined TRACON& Tower with Radar,0,23,71,44,138,0,0,14,5,19,0,23,85,49,157,32,0,32,189
12/16/2021,ACT,TX,ASW,CE,Combined TRACON& Tower with Radar,2,21,55,15,93,0,0,29,2,31,2,21,84,17,124,54,0,54,178
12/17/2021,ACT,TX,ASW,CE,Combined TRACON& Tower with Radar,2,17,75,16,110,0,0,28,0,28,2,17,103,16,138,2,0,2,140
12/18/2021,ACT,TX,ASW,CE,Combined TRACON& Tower with Radar,0,13,16,4,33,0,0,5,0,5,0,13,21,4,38,16,4,20,58
12/19/2021,ACT,TX,ASW,CE,Combined TRACON& Tower with Radar,3,15,21,2,41,0,2,58,0,60,3,17,79,2,101,37,4,41,142
12/20/2021,ACT,TX,ASW,CE,Combined TRACON& Tower with Radar,0,25,45,4,74,0,1,48,0,49,0,26,93,4,123,40,0,40,163
12/21/2021,ACT,TX,ASW,CE,Combined TRACON& Tower with Radar,0,12,56,4,72,0,0,69,0,69,0,12,125,4,141,70,0,70,211
12/22/2021,ACT,TX,ASW,CE,Combined TRACON& Tower with Radar,0,11,53,11,75,0,0,47,0,47,0,11,100,11,122,36,0,36,158
12/23/2021,ACT,TX,ASW,CE,Combined TRACON& Tower with Radar,0,13,23,6,42,0,0,15,0,15,0,13,38,6,57,24,0,24,81
12/24/2021,ACT,TX,ASW,CE,Combined TRACON& Tower with Radar,0,8,8,0,16,0,0,10,0,10,0,8,18,0,26,12,0,12,38
12/25/2021,ACT,TX,ASW,CE,Combined TRACON& Tower with Radar,0,8,5,0,13,0,0,8,0,8,0,8,13,0,21,2,0,2,23
12/26/2021,ACT,TX,ASW,CE,Combined TRACON& Tower with Radar,0,11,12,0,23,0,0,11,0,11,0,11,23,0,34,6,0,6,40
12/27/2021,ACT,TX,ASW,CE,Combined TRACON& Tower with Radar,0,10,20,0,30,0,0,7,0,7,0,10,27,0,37,0,0,0,37
12/28/2021,ACT,TX,ASW,CE,Combined TRACON& Tower with Radar,0,12,24,4,40,0,0,53,0,53,0,12,77,4,93,50,0,50,143
12/29/2021,ACT,TX,ASW,CE,Combined TRACON& Tower with Radar,4,11,23,0,38,0,0,22,0,22,4,11,45,0,60,42,0,42,102
12/30/2021,ACT,TX,ASW,CE,Combined TRACON& Tower with Radar,0,11,31,2,44,0,1,75,0,76,0,12,106,2,120,36,0,36,156
12/31/2021,ACT,TX,ASW,CE,Combined TRACON& Tower with Radar,2,6,27,0,35,0,0,2,0,2,2,6,29,0,37,42,0,42,79
01/01/2022,ACT,TX,ASW,CE,Combined TRACON& Tower with Radar,4,11,10,0,25,0,0,6,0,6,4,11,16,0,31,0,0,0,31
01/02/2022,ACT,TX,ASW,CE,Combined TRACON& Tower with Radar,6,13,12,0,31,0,0,14,0,14,6,13,26,0,45,0,0,0,45
01/03/2022,ACT,TX,ASW,CE,Combined TRACON& Tower with Radar,0,10,32,3,45,0,0,84,0,84,0,10,116,3,129,70,0,70,199
01/04/2022,ACT,TX,ASW,CE,Combined TRACON& Tower with Radar,0,12,33,15,60,0,0,56,5,61,0,12,89,20,121,48,20,68,189
01/05/2022,ACT,TX,ASW,CE,Combined TRACON& Tower with Radar,0,10,39,14,63,0,0,71,3,74,0,10,110,17,137,72,0,72,209
01/06/2022,ACT,TX,ASW,CE,Combined TRACON& Tower with Radar,0,18,21,8,47,0,0,32,0,32,0,18,53,8,79,12,0,12,91
01/07/2022,ACT,TX,ASW,CE,Combined TRACON& Tower with Radar,0,12,62,36,110,0,0,56,0,56,0,12,118,36,166,62,0,62,228
01/08/2022,ACT,TX,ASW,CE,Combined TRACON& Tower with Radar,0,10,10,0,20,0,0,0,0,0,0,10,10,0,20,0,0,0,20
01/09/2022,ACT,TX,ASW,CE,Combined TRACON& Tower with Radar,0,12,20,0,32,0,0,2,0,2,0,12,22,0,34,0,0,0,34
01/10/2022,ACT,TX,ASW,CE,Combined TRACON& Tower with Radar,2,12,35,8,57,0,0,82,0,82,2,12,117,8,139,56,0,56,195
01/11/2022,ACT,TX,ASW,CE,Combined TRACON& Tower with Radar,4,8,32,5,49,0,0,49,0,49,4,8,81,5,98,8,0,8,106
01/12/2022,ACT,TX,ASW,CE,Combined TRACON& Tower with Radar,2,12,47,14,75,0,0,66,4,70,2,12,113,18,145,61,0,61,206
01/13/2022,ACT,TX,ASW,CE,Combined TRACON& Tower with Radar,0,10,57,8,75,0,0,89,0,89,0,10,146,8,164,66,0,66,230
01/14/2022,ACT,TX,ASW,CE,Combined TRACON& Tower with Radar,2,10,26,20,58,0,4,48,1,53,2,14,74,21,111,28,0,28,139
01/15/2022,ACT,TX,ASW,CE,Combined TRACON& Tower with Radar,4,10,7,4,25,0,0,0,0,0,4,10,7,4,25,0,0,0,25
01/16/2022,ACT,TX,ASW,CE,Combined TRACON& Tower with Radar,2,12,21,0,35,0,1,40,0,41,2,13,61,0,76,40,0,40,116
01/17/2022,ACT,TX,ASW,CE,Combined TRACON& Tower with Radar,2,10,51,10,73,0,0,74,0,74,2,10,125,10,147,102,0,102,249
01/18/2022,ACT,TX,ASW,CE,Combined TRACON& Tower with Radar,3,12,38,23,76,0,0,45,0,45,3,12,83,23,121,44,0,44,165
01/19/2022,ACT,TX,ASW,CE,Combined TRACON& Tower with Radar,2,12,20,23,57,0,0,83,2,85,2,12,103,25,142,126,2,128,270
01/20/2022,ACT,TX,ASW,CE,Combined TRACON& Tower with Radar,0,14,27,7,48,0,0,57,1,58,0,14,84,8,106,42,0,42,148
01/21/2022,ACT,TX,ASW,CE,Combined TRACON& Tower with Radar,4,16,54,39,113,0,2,160,0,162,4,18,214,39,275,102,0,102,377
01/22/2022,ACT,TX,ASW,CE,Combined TRACON& Tower with Radar,2,15,13,31,61,0,0,70,5,75,2,15,83,36,136,30,2,32,168
01/23/2022,ACT,TX,ASW,CE,Combined TRACON& Tower with Radar,0,18,27,7,52,0,0,59,3,62,0,18,86,10,114,62,0,62,176
01/24/2022,ACT,TX,ASW,CE,Combined TRACON& Tower with Radar,2,15,33,0,50,0,0,3,0,3,2,15,36,0,53,2,0,2,55
01/25/2022,ACT,TX,ASW,CE,Combined TRACON& Tower with Radar,4,11,64,5,84,0,0,48,0,48,4,11,112,5,132,114,16,130,262
01/26/2022,ACT,TX,ASW,CE,Combined TRACON& Tower with Radar,1,10,40,36,87,0,3,125,12,140,1,13,165,48,227,102,6,108,335
01/27/2022,ACT,TX,ASW,CE,Combined TRACON& Tower with Radar,0,10,49,21,80,0,0,74,2,76,0,10,123,23,156,128,0,128,284
01/28/2022,ACT,TX,ASW,CE,Combined TRACON& Tower with Radar,4,11,35,67,117,0,0,81,2,83,4,11,116,69,200,64,0,64,264
01/29/2022,ACT,TX,ASW,CE,Combined TRACON& Tower with Radar,6,15,29,38,88,0,0,55,1,56,6,15,84,39,144,50,0,50,194
01/30/2022,ACT,TX,ASW,CE,Combined TRACON& Tower with Radar,0,16,28,3,47,0,0,50,0,50,0,16,78,3,97,60,0,60,157
01/31/2022,ACT,TX,ASW,CE,Combined TRACON& Tower with Radar,1,11,30,11,53,0,0,8,0,8,1,11,38,11,61,36,0,36,97
02/01/2022,ACT,TX,ASW,CE,Combined TRACON& Tower with Radar,0,9,66,2,77,0,0,73,4,77,0,9,139,6,154,152,0,152,306
02/02/2022,ACT,TX,ASW,CE,Combined TRACON& Tower with Radar,0,8,47,5,60,0,0,13,0,13,0,8,60,5,73,28,2,30,103
02/03/2022,ACT,TX,ASW,CE,Combined TRACON& Tower with Radar,0,0,0,0,0,0,0,0,0,0,0,0,0,0,0,0,0,0,0
02/04/2022,ACT,TX,ASW,CE,Combined TRACON& Tower with Radar,0,5,5,0,10,0,0,2,0,2,0,5,7,0,12,0,0,0,12
02/05/2022,ACT,TX,ASW,CE,Combined TRACON& Tower with Radar,2,7,33,69,111,0,0,73,18,91,2,7,106,87,202,64,0,64,266
02/06/2022,ACT,TX,ASW,CE,Combined TRACON& Tower with Radar,1,13,26,2,42,0,2,68,3,73,1,15,94,5,115,130,0,130,245
02/07/2022,ACT,TX,ASW,CE,Combined TRACON& Tower with Radar,0,11,46,6,63,0,2,115,2,119,0,13,161,8,182,148,0,148,330
02/08/2022,ACT,TX,ASW,CE,Combined TRACON& Tower with Radar,4,9,43,17,73,0,1,105,0,106,4,10,148,17,179,142,0,142,321
02/09/2022,ACT,TX,ASW,CE,Combined TRACON& Tower with Radar,3,12,52,19,86,0,5,115,2,122,3,17,167,21,208,140,0,140,348
02/10/2022,ACT,TX,ASW,CE,Combined TRACON& Tower with Radar,2,10,39,25,76,0,10,119,3,132,2,20,158,28,208,126,0,126,334
02/11/2022,ACT,TX,ASW,CE,Combined TRACON& Tower with Radar,2,14,35,76,127,0,2,122,2,126,2,16,157,78,253,74,20,94,347
02/12/2022,ACT,TX,ASW,CE,Combined TRACON& Tower with Radar,2,9,13,36,60,0,0,19,0,19,2,9,32,36,79,6,0,6,85
02/13/2022,ACT,TX,ASW,CE,Combined TRACON& Tower with Radar,0,11,10,16,37,0,0,61,0,61,0,11,71,16,98,68,0,68,166
02/14/2022,ACT,TX,ASW,CE,Combined TRACON& Tower with Radar,0,12,35,29,76,0,0,115,0,115,0,12,150,29,191,116,0,116,307
02/15/2022,ACT,TX,ASW,CE,Combined TRACON& Tower with Radar,0,13,27,26,66,0,0,31,0,31,0,13,58,26,97,42,0,42,139
02/16/2022,ACT,TX,ASW,CE,Combined TRACON& Tower with Radar,2,14,77,27,120,0,0,2,2,4,2,14,79,29,124,82,0,82,206
02/17/2022,ACT,TX,ASW,CE,Combined TRACON& Tower with Radar,0,14,26,0,40,0,2,4,0,6,0,16,30,0,46,14,0,14,60
02/18/2022,ACT,TX,ASW,CE,Combined TRACON& Tower with Radar,0,11,46,15,72,0,3,111,0,114,0,14,157,15,186,142,0,142,328
02/19/2022,ACT,TX,ASW,CE,Combined TRACON& Tower with Radar,0,12,26,0,38,0,0,110,0,110,0,12,136,0,148,68,18,86,234
02/20/2022,ACT,TX,ASW,CE,Combined TRACON& Tower with Radar,2,14,41,18,75,0,0,57,2,59,2,14,98,20,134,64,0,64,198
02/21/2022,ACT,TX,ASW,CE,Combined TRACON& Tower with Radar,0,12,32,9,53,0,2,43,0,45,0,14,75,9,98,50,0,50,148
02/22/2022,ACT,TX,ASW,CE,Combined TRACON& Tower with Radar,2,10,61,15,88,0,0,95,1,96,2,10,156,16,184,110,0,110,294
02/23/2022,ACT,TX,ASW,CE,Combined TRACON& Tower with Radar,0,8,7,0,15,0,0,0,0,0,0,8,7,0,15,0,0,0,15
02/24/2022,ACT,TX,ASW,CE,Combined TRACON& Tower with Radar,4,6,2,0,12,0,0,0,0,0,4,6,2,0,12,0,0,0,12
02/25/2022,ACT,TX,ASW,CE,Combined TRACON& Tower with Radar,2,16,37,31,86,0,0,70,3,73,2,16,107,34,159,48,0,48,207
02/26/2022,ACT,TX,ASW,CE,Combined TRACON& Tower with Radar,2,15,29,0,46,0,0,0,0,0,2,15,29,0,46,0,0,0,46
02/27/2022,ACT,TX,ASW,CE,Combined TRACON& Tower with Radar,4,14,34,4,56,0,0,72,0,72,4,14,106,4,128,155,0,155,283
02/28/2022,ACT,TX,ASW,CE,Combined TRACON& Tower with Radar,1,10,49,18,78,0,0,135,0,135,1,10,184,18,213,188,0,188,401
03/01/2022,ACT,TX,ASW,CE,Combined TRACON& Tower with Radar,0,10,67,26,103,0,0,126,2,128,0,10,193,28,231,140,0,140,371
03/02/2022,ACT,TX,ASW,CE,Combined TRACON& Tower with Radar,0,12,54,29,95,0,4,113,2,119,0,16,167,31,214,92,0,92,306
03/03/2022,ACT,TX,ASW,CE,Combined TRACON& Tower with Radar,0,10,67,16,93,0,4,122,8,134,0,14,189,24,227,124,0,124,351
03/04/2022,ACT,TX,ASW,CE,Combined TRACON& Tower with Radar,0,18,63,60,141,0,1,26,1,28,0,19,89,61,169,76,0,76,245
03/05/2022,ACT,TX,ASW,CE,Combined TRACON& Tower with Radar,0,14,78,26,118,0,0,16,3,19,0,14,94,29,137,16,8,24,161
03/06/2022,ACT,TX,ASW,CE,Combined TRACON& Tower with Radar,4,12,13,0,29,0,0,1,0,1,4,12,14,0,30,2,0,2,32
03/07/2022,ACT,TX,ASW,CE,Combined TRACON& Tower with Radar,1,9,44,53,107,0,1,48,15,64,1,10,92,68,171,90,0,90,261
03/08/2022,ACT,TX,ASW,CE,Combined TRACON& Tower with Radar,0,8,30,1,39,0,0,20,0,20,0,8,50,1,59,52,0,52,111
03/09/2022,ACT,TX,ASW,CE,Combined TRACON& Tower with Radar,2,15,62,17,96,0,1,53,2,56,2,16,115,19,152,28,4,32,184
03/10/2022,ACT,TX,ASW,CE,Combined TRACON& Tower with Radar,2,18,57,10,87,0,0,69,6,75,2,18,126,16,162,76,6,82,244
03/11/2022,ACT,TX,ASW,CE,Combined TRACON& Tower with Radar,2,11,29,20,62,0,0,1,0,1,2,11,30,20,63,0,0,0,63
03/12/2022,ACT,TX,ASW,CE,Combined TRACON& Tower with Radar,2,11,51,50,114,0,2,71,4,77,2,13,122,54,191,72,14,86,277
03/13/2022,ACT,TX,ASW,CE,Combined TRACON& Tower with Radar,2,16,29,24,71,0,3,50,2,55,2,19,79,26,126,66,0,66,192
03/14/2022,ACT,TX,ASW,CE,Combined TRACON& Tower with Radar,0,8,63,4,75,0,0,36,0,36,0,8,99,4,111,62,0,62,173
03/15/2022,ACT,TX,ASW,CE,Combined TRACON& Tower with Radar,0,10,59,8,77,0,2,131,0,133,0,12,190,8,210,220,0,220,430
03/16/2022,ACT,TX,ASW,CE,Combined TRACON& Tower with Radar,6,10,59,18,93,0,0,137,1,138,6,10,196,19,231,152,0,152,383
03/17/2022,ACT,TX,ASW,CE,Combined TRACON& Tower with Radar,8,20,62,14,104,0,0,19,0,19,8,20,81,14,123,44,0,44,167
03/18/2022,ACT,TX,ASW,CE,Combined TRACON& Tower with Radar,2,9,29,11,51,0,3,49,0,52,2,12,78,11,103,30,0,30,133
03/19/2022,ACT,TX,ASW,CE,Combined TRACON& Tower with Radar,2,12,45,19,78,0,1,135,1,137,2,13,180,20,215,68,0,68,283
03/20/2022,ACT,TX,ASW,CE,Combined TRACON& Tower with Radar,0,18,56,21,95,0,0,56,2,58,0,18,112,23,153,8,0,8,161
03/21/2022,ACT,TX,ASW,CE,Combined TRACON& Tower with Radar,2,10,7,0,19,0,0,0,0,0,2,10,7,0,19,0,0,0,19
03/22/2022,ACT,TX,ASW,CE,Combined TRACON& Tower with Radar,0,15,86,12,113,0,8,40,0,48,0,23,126,12,161,66,0,66,227
03/23/2022,ACT,TX,ASW,CE,Combined TRACON& Tower with Radar,0,18,57,8,83,0,1,99,4,104,0,19,156,12,187,120,0,120,307
03/24/2022,ACT,TX,ASW,CE,Combined TRACON& Tower with Radar,0,14,79,8,101,0,0,112,0,112,0,14,191,8,213,94,4,98,311
03/25/2022,ACT,TX,ASW,CE,Combined TRACON& Tower with Radar,2,9,79,52,142,0,0,115,4,119,2,9,194,56,261,186,0,186,447
03/26/2022,ACT,TX,ASW,CE,Combined TRACON& Tower with Radar,0,9,80,19,108,0,0,90,4,94,0,9,170,23,202,40,0,40,242
03/27/2022,ACT,TX,ASW,CE,Combined TRACON& Tower with Radar,0,11,45,0,56,0,2,59,1,62,0,13,104,1,118,72,0,72,190
03/28/2022,ACT,TX,ASW,CE,Combined TRACON& Tower with Radar,0,8,61,28,97,0,0,83,1,84,0,8,144,29,181,54,0,54,235
03/29/2022,ACT,TX,ASW,CE,Combined TRACON& Tower with Radar,0,16,42,16,74,0,0,2,0,2,0,16,44,16,76,12,0,12,88
03/30/2022,ACT,TX,ASW,CE,Combined TRACON& Tower with Radar,2,8,31,3,44,0,0,36,4,40,2,8,67,7,84,80,0,80,164
03/31/2022,ACT,TX,ASW,CE,Combined TRACON& Tower with Radar,0,15,98,13,126,0,2,132,2,136,0,17,230,15,262,152,4,156,418
04/01/2022,ACT,TX,ASW,CE,Combined TRACON& Tower with Radar,0,23,77,42,142,0,2,114,2,118,0,25,191,44,260,140,0,140,400
04/02/2022,ACT,TX,ASW,CE,Combined TRACON& Tower with Radar,0,11,44,2,57,0,2,86,0,88,0,13,130,2,145,80,0,80,225
04/03/2022,ACT,TX,ASW,CE,Combined TRACON& Tower with Radar,0,14,35,14,63,0,0,57,7,64,0,14,92,21,127,104,0,104,231
04/04/2022,ACT,TX,ASW,CE,Combined TRACON& Tower with Radar,0,10,57,4,71,0,0,6,0,6,0,10,63,4,77,90,0,90,167
04/05/2022,ACT,TX,ASW,CE,Combined TRACON& Tower with Radar,0,14,65,8,87,0,2,83,2,87,0,16,148,10,174,50,0,50,224
04/06/2022,ACT,TX,ASW,CE,Combined TRACON& Tower with Radar,0,16,35,25,76,0,3,21,3,27,0,19,56,28,103,8,2,10,113
04/07/2022,ACT,TX,ASW,CE,Combined TRACON& Tower with Radar,0,13,42,3,58,0,2,33,3,38,0,15,75,6,96,28,0,28,124
04/08/2022,ACT,TX,ASW,CE,Combined TRACON& Tower with Radar,0,11,34,4,49,0,3,70,0,73,0,14,104,4,122,44,0,44,166
04/09/2022,ACT,TX,ASW,CE,Combined TRACON& Tower with Radar,0,17,60,10,87,0,0,80,1,81,0,17,140,11,168,87,0,87,255
04/10/2022,ACT,TX,ASW,CE,Combined TRACON& Tower with Radar,0,11,21,0,32,0,0,5,0,5,0,11,26,0,37,0,0,0,37
04/11/2022,ACT,TX,ASW,CE,Combined TRACON& Tower with Radar,0,16,98,34,148,0,2,43,3,48,0,18,141,37,196,146,4,150,346
04/12/2022,ACT,TX,ASW,CE,Combined TRACON& Tower with Radar,0,10,53,3,66,0,0,2,0,2,0,10,55,3,68,0,0,0,68
04/13/2022,ACT,TX,ASW,CE,Combined TRACON& Tower with Radar,2,11,63,29,105,0,2,62,7,71,2,13,125,36,176,28,12,40,216
04/14/2022,ACT,TX,ASW,CE,Combined TRACON& Tower with Radar,0,20,94,16,130,0,5,142,0,147,0,25,236,16,277,226,0,226,503
04/15/2022,ACT,TX,ASW,CE,Combined TRACON& Tower with Radar,0,17,105,15,137,0,0,18,1,19,0,17,123,16,156,84,0,84,240
04/16/2022,ACT,TX,ASW,CE,Combined TRACON& Tower with Radar,0,16,42,0,58,0,0,21,0,21,0,16,63,0,79,16,0,16,95
04/17/2022,ACT,TX,ASW,CE,Combined TRACON& Tower with Radar,0,14,37,4,55,0,0,24,0,24,0,14,61,4,79,26,0,26,105
04/18/2022,ACT,TX,ASW,CE,Combined TRACON& Tower with Radar,0,24,74,2,100,0,3,80,0,83,0,27,154,2,183,78,0,78,261
04/19/2022,ACT,TX,ASW,CE,Combined TRACON& Tower with Radar,0,11,100,46,157,0,6,80,0,86,0,17,180,46,243,46,0,46,289
04/20/2022,ACT,TX,ASW,CE,Combined TRACON& Tower with Radar,0,24,67,37,128,0,2,23,0,25,0,26,90,37,153,34,0,34,187
04/21/2022,ACT,TX,ASW,CE,Combined TRACON& Tower with Radar,0,25,92,16,133,0,0,52,0,52,0,25,144,16,185,112,0,112,297
04/22/2022,ACT,TX,ASW,CE,Combined TRACON& Tower with Radar,0,15,50,79,144,0,0,40,1,41,0,15,90,80,185,46,0,46,231
04/23/2022,ACT,TX,ASW,CE,Combined TRACON& Tower with Radar,0,13,22,10,45,0,1,17,0,18,0,14,39,10,63,28,0,28,91
04/24/2022,ACT,TX,ASW,CE,Combined TRACON& Tower with Radar,4,16,36,22,78,0,0,22,0,22,4,16,58,22,100,16,0,16,116
04/25/2022,ACT,TX,ASW,CE,Combined TRACON& Tower with Radar,0,12,12,0,24,0,0,7,0,7,0,12,19,0,31,20,0,20,51
04/26/2022,ACT,TX,ASW,CE,Combined TRACON& Tower with Radar,0,12,60,12,84,0,5,151,3,159,0,17,211,15,243,152,0,152,395
04/27/2022,ACT,TX,ASW,CE,Combined TRACON& Tower with Radar,0,12,76,6,94,0,2,104,0,106,0,14,180,6,200,122,0,122,322
04/28/2022,ACT,TX,ASW,CE,Combined TRACON& Tower with Radar,0,31,97,21,149,0,3,55,0,58,0,34,152,21,207,110,0,110,317
04/29/2022,ACT,TX,ASW,CE,Combined TRACON& Tower with Radar,0,14,79,0,93,0,0,18,0,18,0,14,97,0,111,68,0,68,179
04/30/2022,ACT,TX,ASW,CE,Combined TRACON& Tower with Radar,0,14,41,24,79,0,4,49,0,53,0,18,90,24,132,32,0,32,164
05/01/2022,ACT,TX,ASW,CE,Combined TRACON& Tower with Radar,0,16,21,28,65,0,0,34,0,34,0,16,55,28,99,36,0,36,135
05/02/2022,ACT,TX,ASW,CE,Combined TRACON& Tower with Radar,0,17,23,2,42,0,0,20,0,20,0,17,43,2,62,26,0,26,88
05/03/2022,ACT,TX,ASW,CE,Combined TRACON& Tower with Radar,0,16,52,38,106,0,0,22,2,24,0,16,74,40,130,38,0,38,168
05/04/2022,ACT,TX,ASW,CE,Combined TRACON& Tower with Radar,0,14,50,13,77,0,0,39,3,42,0,14,89,16,119,62,10,72,191
05/05/2022,ACT,TX,ASW,CE,Combined TRACON& Tower with Radar,0,11,28,2,41,0,1,10,0,11,0,12,38,2,52,0,0,0,52
05/06/2022,ACT,TX,ASW,CE,Combined TRACON& Tower with Radar,0,18,38,17,73,0,3,124,2,129,0,21,162,19,202,98,0,98,300
05/07/2022,ACT,TX,ASW,CE,Combined TRACON& Tower with Radar,0,10,53,24,87,0,2,21,0,23,0,12,74,24,110,30,0,30,140
05/08/2022,ACT,TX,ASW,CE,Combined TRACON& Tower with Radar,0,11,28,0,39,0,2,17,0,19,0,13,45,0,58,12,0,12,70
05/09/2022,ACT,TX,ASW,CE,Combined TRACON& Tower with Radar,0,16,40,9,65,0,1,36,0,37,0,17,76,9,102,58,0,58,160
05/10/2022,ACT,TX,ASW,CE,Combined TRACON& Tower with Radar,0,15,47,13,75,0,0,47,2,49,0,15,94,15,124,118,8,126,250
05/11/2022,ACT,TX,ASW,CE,Combined TRACON& Tower with Radar,0,20,49,10,79,0,0,61,4,65,0,20,110,14,144,66,0,66,210
05/12/2022,ACT,TX,ASW,CE,Combined TRACON& Tower with Radar,0,22,42,11,75,0,2,47,0,49,0,24,89,11,124,104,0,104,228
05/13/2022,ACT,TX,ASW,CE,Combined TRACON& Tower with Radar,2,13,64,29,108,0,0,65,2,67,2,13,129,31,175,16,2,18,193
05/14/2022,ACT,TX,ASW,CE,Combined TRACON& Tower with Radar,0,17,26,37,80,0,0,46,0,46,0,17,72,37,126,10,0,10,136
05/15/2022,ACT,TX,ASW,CE,Combined TRACON& Tower with Radar,0,22,37,6,65,0,2,37,0,39,0,24,74,6,104,8,0,8,112
05/16/2022,ACT,TX,ASW,CE,Combined TRACON& Tower with Radar,0,15,45,3,63,0,3,89,1,93,0,18,134,4,156,50,0,50,206
05/17/2022,ACT,TX,ASW,CE,Combined TRACON& Tower with Radar,2,12,35,18,67,0,3,46,1,50,2,15,81,19,117,8,0,8,125
05/18/2022,ACT,TX,ASW,CE,Combined TRACON& Tower with Radar,0,17,57,33,107,0,0,39,4,43,0,17,96,37,150,28,8,36,186
05/19/2022,ACT,TX,ASW,CE,Combined TRACON& Tower with Radar,0,16,39,13,68,0,2,46,0,48,0,18,85,13,116,22,0,22,138
05/20/2022,ACT,TX,ASW,CE,Combined TRACON& Tower with Radar,0,12,30,36,78,0,0,19,3,22,0,12,49,39,100,16,0,16,116
05/21/2022,ACT,TX,ASW,CE,Combined TRACON& Tower with Radar,0,11,19,12,42,0,0,7,2,9,0,11,26,14,51,4,0,4,55
05/22/2022,ACT,TX,ASW,CE,Combined TRACON& Tower with Radar,0,12,19,12,43,0,0,18,0,18,0,12,37,12,61,33,0,33,94
05/23/2022,ACT,TX,ASW,CE,Combined TRACON& Tower with Radar,0,13,54,11,78,0,0,8,0,8,0,13,62,11,86,54,0,54,140
05/24/2022,ACT,TX,ASW,CE,Combined TRACON& Tower with Radar,0,9,52,5,66,0,0,8,2,10,0,9,60,7,76,4,0,4,80
05/25/2022,ACT,TX,ASW,CE,Combined TRACON& Tower with Radar,0,10,68,10,88,0,2,40,3,45,0,12,108,13,133,148,0,148,281
05/26/2022,ACT,TX,ASW,CE,Combined TRACON& Tower with Radar,0,11,58,16,85,0,4,69,3,76,0,15,127,19,161,38,0,38,199
05/27/2022,ACT,TX,ASW,CE,Combined TRACON& Tower with Radar,0,12,59,4,75,0,3,79,0,82,0,15,138,4,157,48,0,48,205
05/28/2022,ACT,TX,ASW,CE,Combined TRACON& Tower with Radar,0,8,21,0,29,0,0,41,0,41,0,8,62,0,70,30,0,30,100
05/29/2022,ACT,TX,ASW,CE,Combined TRACON& Tower with Radar,0,10,9,0,19,0,0,11,0,11,0,10,20,0,30,4,0,4,34
05/30/2022,ACT,TX,ASW,CE,Combined TRACON& Tower with Radar,0,14,22,4,40,0,0,24,0,24,0,14,46,4,64,14,0,14,78
05/31/2022,ACT,TX,ASW,CE,Combined TRACON& Tower with Radar,0,12,49,23,84,0,4,46,3,53,0,16,95,26,137,100,10,110,247
06/01/2022,ACT,TX,ASW,CE,Combined TRACON& Tower with Radar,6,11,46,4,67,0,1,19,0,20,6,12,65,4,87,102,0,102,189
06/02/2022,ACT,TX,ASW,CE,Combined TRACON& Tower with Radar,0,13,39,10,62,0,1,37,2,40,0,14,76,12,102,54,0,54,156
06/03/2022,ACT,TX,ASW,CE,Combined TRACON& Tower with Radar,2,12,32,12,58,0,0,42,0,42,2,12,74,12,100,70,0,70,170
06/04/2022,ACT,TX,ASW,CE,Combined TRACON& Tower with Radar,0,20,51,6,77,0,0,50,0,50,0,20,101,6,127,76,0,76,203
06/05/2022,ACT,TX,ASW,CE,Combined TRACON& Tower with Radar,0,10,29,8,47,0,0,37,1,38,0,10,66,9,85,22,0,22,107
06/06/2022,ACT,TX,ASW,CE,Combined TRACON& Tower with Radar,0,17,29,28,74,0,1,79,8,88,0,18,108,36,162,60,0,60,222
06/07/2022,ACT,TX,ASW,CE,Combined TRACON& Tower with Radar,0,11,70,31,112,0,5,67,12,84,0,16,137,43,196,42,0,42,238
06/08/2022,ACT,TX,ASW,CE,Combined TRACON& Tower with Radar,0,20,54,10,84,0,3,81,4,88,0,23,135,14,172,128,0,128,300
06/09/2022,ACT,TX,ASW,CE,Combined TRACON& Tower with Radar,0,16,63,14,93,0,4,76,0,80,0,20,139,14,173,166,0,166,339
06/10/2022,ACT,TX,ASW,CE,Combined TRACON& Tower with Radar,0,11,62,47,120,0,1,78,2,81,0,12,140,49,201,42,12,54,255
06/11/2022,ACT,TX,ASW,CE,Combined TRACON& Tower with Radar,1,11,23,8,43,0,3,56,9,68,1,14,79,17,111,30,4,34,145
06/12/2022,ACT,TX,ASW,CE,Combined TRACON& Tower with Radar,0,14,15,8,37,0,0,24,3,27,0,14,39,11,64,5,0,5,69
06/13/2022,ACT,TX,ASW,CE,Combined TRACON& Tower with Radar,0,10,52,25,87,0,1,52,0,53,0,11,104,25,140,42,0,42,182
06/14/2022,ACT,TX,ASW,CE,Combined TRACON& Tower with Radar,0,8,40,16,64,0,0,19,1,20,0,8,59,17,84,4,0,4,88
06/15/2022,ACT,TX,ASW,CE,Combined TRACON& Tower with Radar,0,12,72,6,90,0,1,91,17,109,0,13,163,23,199,126,14,140,339
06/16/2022,ACT,TX,ASW,CE,Combined TRACON& Tower with Radar,0,13,59,8,80,0,4,93,0,97,0,17,152,8,177,136,0,136,313
06/17/2022,ACT,TX,ASW,CE,Combined TRACON& Tower with Radar,0,14,39,32,85,0,6,90,4,100,0,20,129,36,185,38,6,44,229
06/18/2022,ACT,TX,ASW,CE,Combined TRACON& Tower with Radar,0,9,20,0,29,0,0,53,0,53,0,9,73,0,82,55,0,55,137
06/19/2022,ACT,TX,ASW,CE,Combined TRACON& Tower with Radar,0,10,21,21,52,0,1,42,1,44,0,11,63,22,96,38,0,38,134
06/20/2022,ACT,TX,ASW,CE,Combined TRACON& Tower with Radar,0,14,31,5,50,0,0,93,1,94,0,14,124,6,144,110,0,110,254
06/21/2022,ACT,TX,ASW,CE,Combined TRACON& Tower with Radar,0,12,50,21,83,0,6,114,0,120,0,18,164,21,203,152,0,152,355
06/22/2022,ACT,TX,ASW,CE,Combined TRACON& Tower with Radar,0,12,50,14,76,0,5,109,1,115,0,17,159,15,191,150,0,150,341
06/23/2022,ACT,TX,ASW,CE,Combined TRACON& Tower with Radar,0,16,47,8,71,0,6,115,0,121,0,22,162,8,192,168,0,168,360
06/24/2022,ACT,TX,ASW,CE,Combined TRACON& Tower with Radar,0,17,54,40,111,0,3,104,5,112,0,20,158,45,223,88,4,92,315
06/25/2022,ACT,TX,ASW,CE,Combined TRACON& Tower with Radar,0,9,14,8,31,0,1,54,0,55,0,10,68,8,86,32,0,32,118
06/26/2022,ACT,TX,ASW,CE,Combined TRACON& Tower with Radar,0,15,27,18,60,0,0,46,2,48,0,15,73,20,108,68,0,68,176
06/27/2022,ACT,TX,ASW,CE,Combined TRACON& Tower with Radar,0,16,33,7,56,0,2,59,0,61,0,18,92,7,117,94,14,108,225
06/28/2022,ACT,TX,ASW,CE,Combined TRACON& Tower with Radar,0,15,71,8,94,0,3,88,0,91,0,18,159,8,185,182,0,182,367
06/29/2022,ACT,TX,ASW,CE,Combined TRACON& Tower with Radar,0,20,50,17,87,0,9,105,1,115,0,29,155,18,202,174,16,190,392
06/30/2022,ACT,TX,ASW,CE,Combined TRACON& Tower with Radar,0,17,83,35,135,0,0,112,1,113,0,17,195,36,248,82,8,90,338
07/01/2022,ACT,TX,ASW,CE,Combined TRACON& Tower with Radar,0,19,63,4,86,0,1,56,0,57,0,20,119,4,143,56,6,62,205
07/02/2022,ACT,TX,ASW,CE,Combined TRACON& Tower with Radar,0,10,21,6,37,0,0,25,0,25,0,10,46,6,62,36,0,36,98
07/03/2022,ACT,TX,ASW,CE,Combined TRACON& Tower with Radar,0,8,12,0,20,0,0,32,0,32,0,8,44,0,52,44,0,44,96
07/04/2022,ACT,TX,ASW,CE,Combined TRACON& Tower with Radar,0,10,18,0,28,0,0,32,0,32,0,10,50,0,60,30,0,30,90
07/05/2022,ACT,TX,ASW,CE,Combined TRACON& Tower with Radar,0,11,37,18,66,0,1,69,0,70,0,12,106,18,136,67,0,67,203
07/06/2022,ACT,TX,ASW,CE,Combined TRACON& Tower with Radar,0,11,62,20,93,0,2,122,6,130,0,13,184,26,223,126,0,126,349
07/07/2022,ACT,TX,ASW,CE,Combined TRACON& Tower with Radar,0,14,38,4,56,0,0,106,0,106,0,14,144,4,162,100,0,100,262
07/08/2022,ACT,TX,ASW,CE,Combined TRACON& Tower with Radar,0,12,47,26,85,0,2,72,0,74,0,14,119,26,159,128,22,150,309
07/09/2022,ACT,TX,ASW,CE,Combined TRACON& Tower with Radar,0,13,16,18,47,0,2,45,1,48,0,15,61,19,95,84,0,84,179
07/10/2022,ACT,TX,ASW,CE,Combined TRACON& Tower with Radar,0,17,12,13,42,0,3,36,0,39,0,20,48,13,81,18,0,18,99
07/11/2022,ACT,TX,ASW,CE,Combined TRACON& Tower with Radar,0,10,32,7,49,0,0,73,1,74,0,10,105,8,123,172,10,182,305
07/12/2022,ACT,TX,ASW,CE,Combined TRACON& Tower with Radar,2,7,55,21,85,0,1,61,3,65,2,8,116,24,150,104,0,104,254
07/13/2022,ACT,TX,ASW,CE,Combined TRACON& Tower with Radar,0,8,61,4,73,0,0,79,0,79,0,8,140,4,152,184,0,184,336
07/14/2022,ACT,TX,ASW,CE,Combined TRACON& Tower with Radar,0,14,45,0,59,0,3,57,0,60,0,17,102,0,119,110,0,110,229
07/15/2022,ACT,TX,ASW,CE,Combined TRACON& Tower with Radar,0,16,49,100,165,0,4,86,2,92,0,20,135,102,257,80,0,80,337
07/16/2022,ACT,TX,ASW,CE,Combined TRACON& Tower with Radar,2,13,33,29,77,0,0,48,2,50,2,13,81,31,127,82,12,94,221
07/17/2022,ACT,TX,ASW,CE,Combined TRACON& Tower with Radar,0,12,26,8,46,0,0,52,0,52,0,12,78,8,98,74,0,74,172
07/18/2022,ACT,TX,ASW,CE,Combined TRACON& Tower with Radar,0,10,70,7,87,0,0,103,3,106,0,10,173,10,193,108,0,108,301
07/19/2022,ACT,TX,ASW,CE,Combined TRACON& Tower with Radar,0,14,59,14,87,0,6,84,1,91,0,20,143,15,178,144,0,144,322
07/20/2022,ACT,TX,ASW,CE,Combined TRACON& Tower with Radar,0,8,61,16,85,0,4,94,0,98,0,12,155,16,183,108,0,108,291
07/21/2022,ACT,TX,ASW,CE,Combined TRACON& Tower with Radar,0,10,68,18,96,0,1,67,0,68,0,11,135,18,164,88,0,88,252
07/22/2022,ACT,TX,ASW,CE,Combined TRACON& Tower with Radar,0,13,59,61,133,0,1,73,7,81,0,14,132,68,214,40,14,54,268
07/23/2022,ACT,TX,ASW,CE,Combined TRACON& Tower with Radar,0,7,16,22,45,0,0,57,1,58,0,7,73,23,103,82,0,82,185
07/24/2022,ACT,TX,ASW,CE,Combined TRACON& Tower with Radar,0,10,23,4,37,0,0,42,0,42,0,10,65,4,79,36,0,36,115
07/25/2022,ACT,TX,ASW,CE,Combined TRACON& Tower with Radar,3,13,41,30,87,0,0,69,3,72,3,13,110,33,159,20,0,20,179
07/26/2022,ACT,TX,ASW,CE,Combined TRACON& Tower with Radar,2,8,56,14,80,0,0,89,0,89,2,8,145,14,169,72,0,72,241
07/27/2022,ACT,TX,ASW,CE,Combined TRACON& Tower with Radar,1,8,62,34,105,0,4,64,7,75,1,12,126,41,180,120,14,134,314
07/28/2022,ACT,TX,ASW,CE,Combined TRACON& Tower with Radar,0,15,45,20,80,0,2,73,1,76,0,17,118,21,156,102,0,102,258
07/29/2022,ACT,TX,ASW,CE,Combined TRACON& Tower with Radar,2,12,41,17,72,0,4,89,1,94,2,16,130,18,166,80,0,80,246
07/30/2022,ACT,TX,ASW,CE,Combined TRACON& Tower with Radar,0,8,20,1,29,0,2,42,1,45,0,10,62,2,74,16,0,16,90
07/31/2022,ACT,TX,ASW,CE,Combined TRACON& Tower with Radar,0,14,27,23,64,0,0,30,1,31,0,14,57,24,95,28,4,32,127
08/01/2022,ACT,TX,ASW,CE,Combined TRACON& Tower with Radar,0,12,53,12,77,0,2,72,0,74,0,14,125,12,151,98,0,98,249
08/02/2022,ACT,TX,ASW,CE,Combined TRACON& Tower with Radar,0,10,83,19,112,0,8,86,2,96,0,18,169,21,208,22,0,22,230
08/03/2022,ACT,TX,ASW,CE,Combined TRACON& Tower with Radar,0,22,43,4,69,0,4,64,1,69,0,26,107,5,138,68,0,68,206
08/04/2022,ACT,TX,ASW,CE,Combined TRACON& Tower with Radar,0,10,75,20,105,0,3,55,0,58,0,13,130,20,163,26,0,26,189
08/05/2022,ACT,TX,ASW,CE,Combined TRACON& Tower with Radar,0,10,51,40,101,0,0,63,4,67,0,10,114,44,168,32,0,32,200
08/06/2022,ACT,TX,ASW,CE,Combined TRACON& Tower with Radar,0,8,34,11,53,0,0,67,1,68,0,8,101,12,121,66,0,66,187
08/07/2022,ACT,TX,ASW,CE,Combined TRACON& Tower with Radar,0,12,18,10,40,0,0,49,0,49,0,12,67,10,89,36,0,36,125
08/08/2022,ACT,TX,ASW,CE,Combined TRACON& Tower with Radar,0,15,36,32,83,0,4,64,4,72,0,19,100,36,155,86,0,86,241
08/09/2022,ACT,TX,ASW,CE,Combined TRACON& Tower with Radar,0,12,50,14,76,0,1,59,0,60,0,13,109,14,136,84,0,84,220
08/10/2022,ACT,TX,ASW,CE,Combined TRACON& Tower with Radar,2,6,41,1,50,0,3,51,0,54,2,9,92,1,104,46,0,46,150
08/11/2022,ACT,TX,ASW,CE,Combined TRACON& Tower with Radar,0,12,73,4,89,0,0,82,0,82,0,12,155,4,171,70,0,70,241
08/12/2022,ACT,TX,ASW,CE,Combined TRACON& Tower with Radar,0,11,45,29,85,0,0,62,4,66,0,11,107,33,151,68,16,84,235
08/13/2022,ACT,TX,ASW,CE,Combined TRACON& Tower with Radar,0,9,16,9,34,0,0,43,1,44,0,9,59,10,78,48,1,49,127
08/14/2022,ACT,TX,ASW,CE,Combined TRACON& Tower with Radar,2,14,26,46,88,0,0,45,1,46,2,14,71,47,134,96,10,106,240
08/15/2022,ACT,TX,ASW,CE,Combined TRACON& Tower with Radar,0,18,47,14,79,0,0,71,0,71,0,18,118,14,150,90,0,90,240
08/16/2022,ACT,TX,ASW,CE,Combined TRACON& Tower with Radar,0,21,40,24,85,0,4,85,4,93,0,25,125,28,178,92,0,92,270
08/17/2022,ACT,TX,ASW,CE,Combined TRACON& Tower with Radar,4,13,50,1,68,0,7,49,1,57,4,20,99,2,125,114,0,114,239
08/18/2022,ACT,TX,ASW,CE,Combined TRACON& Tower with Radar,0,23,48,2,73,0,5,39,3,47,0,28,87,5,120,118,0,118,238
08/19/2022,ACT,TX,ASW,CE,Combined TRACON& Tower with Radar,0,14,61,6,81,0,2,37,2,41,0,16,98,8,122,78,6,84,206
08/20/2022,ACT,TX,ASW,CE,Combined TRACON& Tower with Radar,0,17,20,43,80,0,2,13,5,20,0,19,33,48,100,14,16,30,130
08/21/2022,ACT,TX,ASW,CE,Combined TRACON& Tower with Radar,4,10,28,17,59,0,0,20,5,25,4,10,48,22,84,70,0,70,154
08/22/2022,ACT,TX,ASW,CE,Combined TRACON& Tower with Radar,0,8,12,0,20,0,0,2,0,2,0,8,14,0,22,18,0,18,40
08/23/2022,ACT,TX,ASW,CE,Combined TRACON& Tower with Radar,0,13,60,2,75,0,2,56,0,58,0,15,116,2,133,70,0,70,203
08/24/2022,ACT,TX,ASW,CE,Combined TRACON& Tower with Radar,0,22,59,6,87,0,0,108,3,111,0,22,167,9,198,128,0,128,326
08/25/2022,ACT,TX,ASW,CE,Combined TRACON& Tower with Radar,0,14,58,8,80,0,1,104,1,106,0,15,162,9,186,132,0,132,318
08/26/2022,ACT,TX,ASW,CE,Combined TRACON& Tower with Radar,0,13,30,49,92,0,2,110,3,115,0,15,140,52,207,210,20,230,437
08/27/2022,ACT,TX,ASW,CE,Combined TRACON& Tower with Radar,0,13,34,10,57,0,0,86,2,88,0,13,120,12,145,26,0,26,171
08/28/2022,ACT,TX,ASW,CE,Combined TRACON& Tower with Radar,0,14,22,14,50,0,2,94,1,97,0,16,116,15,147,102,0,102,249
08/29/2022,ACT,TX,ASW,CE,Combined TRACON& Tower with Radar,0,16,43,9,68,0,2,87,1,90,0,18,130,10,158,186,0,186,344
08/30/2022,ACT,TX,ASW,CE,Combined TRACON& Tower with Radar,0,14,8,0,22,0,0,4,0,4,0,14,12,0,26,32,0,32,58
08/31/2022,ACT,TX,ASW,CE,Combined TRACON& Tower with Radar,0,16,27,6,49,0,0,37,0,37,0,16,64,6,86,174,0,174,260
09/01/2022,ACT,TX,ASW,CE,Combined TRACON& Tower with Radar,1,10,40,19,70,0,0,77,0,77,1,10,117,19,147,117,0,117,264
09/02/2022,ACT,TX,ASW,CE,Combined TRACON& Tower with Radar,1,12,34,0,47,0,0,45,0,45,1,12,79,0,92,190,0,190,282
09/03/2022,ACT,TX,ASW,CE,Combined TRACON& Tower with Radar,3,11,22,0,36,0,0,32,0,32,3,11,54,0,68,76,0,76,144
09/04/2022,ACT,TX,ASW,CE,Combined TRACON& Tower with Radar,4,10,25,1,40,0,0,42,0,42,4,10,67,1,82,56,0,56,138
09/05/2022,ACT,TX,ASW,CE,Combined TRACON& Tower with Radar,2,16,29,0,47,0,0,72,0,72,2,16,101,0,119,150,0,150,269
09/06/2022,ACT,TX,ASW,CE,Combined TRACON& Tower with Radar,0,15,16,4,35,0,1,76,0,77,0,16,92,4,112,120,0,120,232
09/07/2022,ACT,TX,ASW,CE,Combined TRACON& Tower with Radar,0,13,45,13,71,0,0,129,2,131,0,13,174,15,202,310,6,316,518
09/08/2022,ACT,TX,ASW,CE,Combined TRACON& Tower with Radar,0,21,66,25,112,0,3,114,0,117,0,24,180,25,229,236,0,236,465
09/09/2022,ACT,TX,ASW,CE,Combined TRACON& Tower with Radar,4,14,48,14,80,0,6,147,0,153,4,20,195,14,233,213,0,213,446
09/10/2022,ACT,TX,ASW,CE,Combined TRACON& Tower with Radar,0,15,19,43,77,0,0,77,1,78,0,15,96,44,155,84,10,94,249
09/11/2022,ACT,TX,ASW,CE,Combined TRACON& Tower with Radar,3,14,36,22,75,0,0,49,0,49,3,14,85,22,124,140,0,140,264
09/12/2022,ACT,TX,ASW,CE,Combined TRACON& Tower with Radar,1,12,33,29,75,0,1,135,0,136,1,13,168,29,211,258,0,258,469
09/13/2022,ACT,TX,ASW,CE,Combined TRACON& Tower with Radar,0,13,55,16,84,0,4,131,6,141,0,17,186,22,225,190,0,190,415
09/14/2022,ACT,TX,ASW,CE,Combined TRACON& Tower with Radar,0,18,40,26,84,0,0,119,0,119,0,18,159,26,203,306,10,316,519
09/15/2022,ACT,TX,ASW,CE,Combined TRACON& Tower with Radar,0,12,51,33,96,0,7,138,1,146,0,19,189,34,242,228,0,228,470
09/16/2022,ACT,TX,ASW,CE,Combined TRACON& Tower with Radar,0,20,84,58,162,0,0,115,15,130,0,20,199,73,292,236,10,246,538
09/17/2022,ACT,TX,ASW,CE,Combined TRACON& Tower with Radar,0,15,63,23,101,0,1,42,8,51,0,16,105,31,152,147,18,165,317
09/18/2022,ACT,TX,ASW,CE,Combined TRACON& Tower with Radar,0,16,38,18,72,0,0,65,2,67,0,16,103,20,139,202,0,202,341
09/19/2022,ACT,TX,ASW,CE,Combined TRACON& Tower with Radar,0,17,38,7,62,0,1,114,1,116,0,18,152,8,178,181,0,181,359
09/20/2022,ACT,TX,ASW,CE,Combined TRACON& Tower with Radar,0,10,43,11,64,0,1,125,4,130,0,11,168,15,194,232,0,232,426
09/21/2022,ACT,TX,ASW,CE,Combined TRACON& Tower with Radar,0,14,38,32,84,0,0,112,2,114,0,14,150,34,198,264,4,268,466
09/22/2022,ACT,TX,ASW,CE,Combined TRACON& Tower with Radar,0,14,48,2,64,0,2,114,0,116,0,16,162,2,180,226,0,226,406
09/23/2022,ACT,TX,ASW,CE,Combined TRACON& Tower with Radar,2,16,46,35,99,0,0,115,0,115,2,16,161,35,214,148,0,148,362
09/24/2022,ACT,TX,ASW,CE,Combined TRACON& Tower with Radar,2,23,16,6,47,0,1,56,0,57,2,24,72,6,104,20,0,20,124
09/25/2022,ACT,TX,ASW,CE,Combined TRACON& Tower with Radar,0,13,31,29,73,0,0,46,2,48,0,13,77,31,121,38,0,38,159
09/26/2022,ACT,TX,ASW,CE,Combined TRACON& Tower with Radar,0,13,27,4,44,0,0,119,2,121,0,13,146,6,165,194,0,194,359
09/27/2022,ACT,TX,ASW,CE,Combined TRACON& Tower with Radar,0,11,37,35,83,0,1,128,3,132,0,12,165,38,215,293,0,293,508
09/28/2022,ACT,TX,ASW,CE,Combined TRACON& Tower with Radar,0,12,48,4,64,0,2,144,2,148,0,14,192,6,212,250,0,250,462
09/29/2022,ACT,TX,ASW,CE,Combined TRACON& Tower with Radar,0,14,60,25,99,0,1,139,1,141,0,15,199,26,240,178,2,180,420
09/30/2022,ACT,TX,ASW,CE,Combined TRACON& Tower with Radar,4,18,51,11,84,0,5,125,0,130,4,23,176,11,214,338,0,338,552
10/01/2022,ACT,TX,ASW,CE,Combined TRACON& Tower with Radar,5,11,49,12,77,0,0,59,0,59,5,11,108,12,136,54,0,54,190
10/02/2022,ACT,TX,ASW,CE,Combined TRACON& Tower with Radar,4,13,36,15,68,0,0,61,0,61,4,13,97,15,129,18,0,18,147
10/03/2022,ACT,TX,ASW,CE,Combined TRACON& Tower with Radar,5,10,44,32,91,0,0,122,0,122,5,10,166,32,213,174,0,174,387
10/04/2022,ACT,TX,ASW,CE,Combined TRACON& Tower with Radar,0,10,46,14,70,0,0,151,0,151,0,10,197,14,221,312,0,312,533
10/05/2022,ACT,TX,ASW,CE,Combined TRACON& Tower with Radar,0,12,64,13,89,0,0,169,0,169,0,12,233,13,258,198,0,198,456
10/06/2022,ACT,TX,ASW,CE,Combined TRACON& Tower with Radar,0,12,38,4,54,0,0,154,0,154,0,12,192,4,208,132,0,132,340
10/07/2022,ACT,TX,ASW,CE,Combined TRACON& Tower with Radar,2,14,37,8,61,0,0,103,0,103,2,14,140,8,164,174,0,174,338
10/08/2022,ACT,TX,ASW,CE,Combined TRACON& Tower with Radar,0,9,25,0,34,0,0,71,0,71,0,9,96,0,105,110,0,110,215
10/09/2022,ACT,TX,ASW,CE,Combined TRACON& Tower with Radar,0,10,29,0,39,0,0,86,0,86,0,10,115,0,125,58,0,58,183
10/10/2022,ACT,TX,ASW,CE,Combined TRACON& Tower with Radar,0,10,42,0,52,0,1,125,0,126,0,11,167,0,178,182,0,182,360
10/11/2022,ACT,TX,ASW,CE,Combined TRACON& Tower with Radar,0,9,56,35,100,0,1,98,5,104,0,10,154,40,204,216,0,216,420
10/12/2022,ACT,TX,ASW,CE,Combined TRACON& Tower with Radar,2,13,57,10,82,0,1,118,0,119,2,14,175,10,201,205,0,205,406
10/13/2022,ACT,TX,ASW,CE,Combined TRACON& Tower with Radar,0,12,73,17,102,0,0,97,9,106,0,12,170,26,208,152,0,152,360
10/14/2022,ACT,TX,ASW,CE,Combined TRACON& Tower with Radar,0,24,61,32,117,0,1,91,0,92,0,25,152,32,209,124,0,124,333
10/15/2022,ACT,TX,ASW,CE,Combined TRACON& Tower with Radar,0,11,28,0,39,0,0,37,0,37,0,11,65,0,76,36,0,36,112
10/16/2022,ACT,TX,ASW,CE,Combined TRACON& Tower with Radar,0,12,18,5,35,0,0,3,3,6,0,12,21,8,41,0,0,0,41
10/17/2022,ACT,TX,ASW,CE,Combined TRACON& Tower with Radar,0,8,44,6,58,0,2,76,0,78,0,10,120,6,136,98,0,98,234
10/18/2022,ACT,TX,ASW,CE,Combined TRACON& Tower with Radar,0,14,54,27,95,0,0,118,0,118,0,14,172,27,213,200,0,200,413
10/19/2022,ACT,TX,ASW,CE,Combined TRACON& Tower with Radar,0,15,76,10,101,0,4,163,6,173,0,19,239,16,274,238,0,238,512
10/20/2022,ACT,TX,ASW,CE,Combined TRACON& Tower with Radar,0,19,57,21,97,0,0,117,1,118,0,19,174,22,215,300,36,336,551
10/21/2022,ACT,TX,ASW,CE,Combined TRACON& Tower with Radar,1,21,58,66,146,0,0,112,5,117,1,21,170,71,263,158,0,158,421
10/22/2022,ACT,TX,ASW,CE,Combined TRACON& Tower with Radar,1,12,34,0,47,0,1,20,0,21,1,13,54,0,68,0,0,0,68
10/23/2022,ACT,TX,ASW,CE,Combined TRACON& Tower with Radar,2,21,33,2,58,0,0,18,3,21,2,21,51,5,79,44,2,46,125
10/24/2022,ACT,TX,ASW,CE,Combined TRACON& Tower with Radar,4,11,13,2,30,0,0,0,0,0,4,11,13,2,30,0,0,0,30
10/25/2022,ACT,TX,ASW,CE,Combined TRACON& Tower with Radar,0,8,45,12,65,0,0,65,10,75,0,8,110,22,140,72,0,72,212
10/26/2022,ACT,TX,ASW,CE,Combined TRACON& Tower with Radar,0,16,80,18,114,0,2,169,0,171,0,18,249,18,285,330,0,330,615
10/27/2022,ACT,TX,ASW,CE,Combined TRACON& Tower with Radar,0,13,61,5,79,0,8,123,0,131,0,21,184,5,210,190,0,190,400
10/28/2022,ACT,TX,ASW,CE,Combined TRACON& Tower with Radar,2,12,7,0,21,0,0,0,0,0,2,12,7,0,21,0,0,0,21
10/29/2022,ACT,TX,ASW,CE,Combined TRACON& Tower with Radar,0,18,36,6,60,0,0,2,0,2,0,18,38,6,62,51,8,59,121
10/30/2022,ACT,TX,ASW,CE,Combined TRACON& Tower with Radar,2,17,35,16,70,0,0,74,0,74,2,17,109,16,144,104,0,104,248
10/31/2022,ACT,TX,ASW,CE,Combined TRACON& Tower with Radar,0,7,72,12,91,0,0,129,3,132,0,7,201,15,223,178,6,184,407
11/01/2022,ACT,TX,ASW,CE,Combined TRACON& Tower with Radar,1,8,76,18,103,0,0,124,1,125,1,8,200,19,228,168,0,168,396
11/02/2022,ACT,TX,ASW,CE,Combined TRACON& Tower with Radar,0,8,98,22,128,0,3,62,2,67,0,11,160,24,195,189,0,189,384
11/03/2022,ACT,TX,ASW,CE,Combined TRACON& Tower with Radar,5,11,75,12,103,0,1,54,0,55,5,12,129,12,158,94,0,94,252
11/04/2022,ACT,TX,ASW,CE,Combined TRACON& Tower with Radar,8,0,8,0,16,0,0,0,1,1,8,0,8,1,17,0,0,0,17
11/05/2022,ACT,TX,ASW,CE,Combined TRACON& Tower with Radar,8,6,32,19,65,0,3,126,1,130,8,9,158,20,195,180,0,180,375
11/06/2022,ACT,TX,ASW,CE,Combined TRACON& Tower with Radar,6,10,37,15,68,0,1,90,2,93,6,11,127,17,161,142,0,142,303
11/07/2022,ACT,TX,ASW,CE,Combined TRACON& Tower with Radar,6,2,13,4,25,0,1,27,0,28,6,3,40,4,53,86,0,86,139
11/08/2022,ACT,TX,ASW,CE,Combined TRACON& Tower with Radar,6,11,86,0,103,0,0,46,0,46,6,11,132,0,149,114,0,114,263
11/09/2022,ACT,TX,ASW,CE,Combined TRACON& Tower with Radar,6,8,65,21,100,0,2,78,6,86,6,10,143,27,186,104,0,104,290
11/10/2022,ACT,TX,ASW,CE,Combined TRACON& Tower with Radar,6,8,82,16,112,0,0,53,0,53,6,8,135,16,165,52,0,52,217
11/11/2022,ACT,TX,ASW,CE,Combined TRACON& Tower with Radar,8,8,16,0,32,0,0,1,0,1,8,8,17,0,33,0,0,0,33
11/12/2022,ACT,TX,ASW,CE,Combined TRACON& Tower with Radar,7,6,66,0,79,0,0,73,0,73,7,6,139,0,152,49,0,49,201
11/13/2022,ACT,TX,ASW,CE,Combined TRACON& Tower with Radar,6,19,39,13,77,0,0,74,1,75,6,19,113,14,152,22,0,22,174
11/14/2022,ACT,TX,ASW,CE,Combined TRACON& Tower with Radar,5,8,25,6,44,0,0,0,0,0,5,8,25,6,44,0,0,0,44
11/15/2022,ACT,TX,ASW,CE,Combined TRACON& Tower with Radar,6,8,43,19,76,0,2,57,2,61,6,10,100,21,137,156,0,156,293
11/16/2022,ACT,TX,ASW,CE,Combined TRACON& Tower with Radar,6,5,68,8,87,0,0,110,1,111,6,5,178,9,198,54,0,54,252
11/17/2022,ACT,TX,ASW,CE,Combined TRACON& Tower with Radar,6,9,73,44,132,0,4,110,6,120,6,13,183,50,252,70,0,70,322
11/18/2022,ACT,TX,ASW,CE,Combined TRACON& Tower with Radar,6,12,71,20,109,0,2,94,1,97,6,14,165,21,206,52,0,52,258
11/19/2022,ACT,TX,ASW,CE,Combined TRACON& Tower with Radar,8,20,42,0,70,0,0,28,0,28,8,20,70,0,98,36,0,36,134
11/20/2022,ACT,TX,ASW,CE,Combined TRACON& Tower with Radar,8,4,43,0,55,0,0,41,0,41,8,4,84,0,96,40,0,40,136
11/21/2022,ACT,TX,ASW,CE,Combined TRACON& Tower with Radar,8,20,35,24,87,0,0,14,0,14,8,20,49,24,101,18,0,18,119
11/22/2022,ACT,TX,ASW,CE,Combined TRACON& Tower with Radar,6,2,62,4,74,0,0,48,0,48,6,2,110,4,122,66,0,66,188
11/23/2022,ACT,TX,ASW,CE,Combined TRACON& Tower with Radar,8,3,43,19,73,0,0,18,2,20,8,3,61,21,93,6,22,28,121
11/24/2022,ACT,TX,ASW,CE,Combined TRACON& Tower with Radar,4,0,2,0,6,0,0,0,0,0,4,0,2,0,6,0,0,0,6
11/25/2022,ACT,TX,ASW,CE,Combined TRACON& Tower with Radar,10,4,8,0,22,0,0,0,0,0,10,4,8,0,22,0,0,0,22
11/26/2022,ACT,TX,ASW,CE,Combined TRACON& Tower with Radar,6,2,14,0,22,0,1,10,0,11,6,3,24,0,33,4,0,4,37
11/27/2022,ACT,TX,ASW,CE,Combined TRACON& Tower with Radar,6,8,45,0,59,0,0,56,0,56,6,8,101,0,115,64,0,64,179
11/28/2022,ACT,TX,ASW,CE,Combined TRACON& Tower with Radar,8,10,59,24,101,0,7,110,0,117,8,17,169,24,218,58,0,58,276
11/29/2022,ACT,TX,ASW,CE,Combined TRACON& Tower with Radar,6,6,69,35,116,0,2,51,1,54,6,8,120,36,170,100,0,100,270
11/30/2022,ACT,TX,ASW,CE,Combined TRACON& Tower with Radar,8,8,39,31,86,0,5,112,4,121,8,13,151,35,207,114,0,114,321
12/01/2022,ACT,TX,ASW,CE,Combined TRACON& Tower with Radar,8,2,83,9,102,0,0,82,0,82,8,2,165,9,184,174,0,174,358
12/02/2022,ACT,TX,ASW,CE,Combined TRACON& Tower with Radar,8,7,42,8,65,0,0,8,0,8,8,7,50,8,73,32,0,32,105
12/03/2022,ACT,TX,ASW,CE,Combined TRACON& Tower with Radar,9,5,41,4,59,0,0,22,0,22,9,5,63,4,81,64,0,64,145
12/04/2022,ACT,TX,ASW,CE,Combined TRACON& Tower with Radar,8,5,32,2,47,0,1,21,0,22,8,6,53,2,69,68,0,68,137
12/05/2022,ACT,TX,ASW,CE,Combined TRACON& Tower with Radar,7,2,55,19,83,0,0,44,4,48,7,2,99,23,131,46,0,46,177
12/06/2022,ACT,TX,ASW,CE,Combined TRACON& Tower with Radar,8,3,89,11,111,0,0,35,0,35,8,3,124,11,146,172,0,172,318
12/07/2022,ACT,TX,ASW,CE,Combined TRACON& Tower with Radar,8,9,52,17,86,0,0,44,1,45,8,9,96,18,131,80,0,80,211
12/08/2022,ACT,TX,ASW,CE,Combined TRACON& Tower with Radar,8,4,80,17,109,0,0,33,1,34,8,4,113,18,143,87,0,87,230
12/09/2022,ACT,TX,ASW,CE,Combined TRACON& Tower with Radar,8,0,73,24,105,0,2,32,0,34,8,2,105,24,139,38,0,38,177
12/10/2022,ACT,TX,ASW,CE,Combined TRACON& Tower with Radar,9,5,30,0,44,0,2,16,0,18,9,7,46,0,62,12,0,12,74
12/11/2022,ACT,TX,ASW,CE,Combined TRACON& Tower with Radar,7,2,36,8,53,0,0,6,0,6,7,2,42,8,59,10,0,10,69
12/12/2022,ACT,TX,ASW,CE,Combined TRACON& Tower with Radar,9,2,30,0,41,0,0,0,0,0,9,2,30,0,41,0,0,0,41
12/13/2022,ACT,TX,ASW,CE,Combined TRACON& Tower with Radar,8,6,30,4,48,0,0,34,0,34,8,6,64,4,82,80,0,80,162
12/14/2022,ACT,TX,ASW,CE,Combined TRACON& Tower with Radar,8,3,39,17,67,0,0,64,7,71,8,3,103,24,138,136,0,136,274
12/15/2022,ACT,TX,ASW,CE,Combined TRACON& Tower with Radar,8,4,53,10,75,0,0,130,1,131,8,4,183,11,206,234,0,234,440
12/16/2022,ACT,TX,ASW,CE,Combined TRACON& Tower with Radar,8,2,30,29,69,0,0,40,0,40,8,2,70,29,109,66,0,66,175
12/17/2022,ACT,TX,ASW,CE,Combined TRACON& Tower with Radar,5,6,39,8,58,0,0,75,4,79,5,6,114,12,137,98,0,98,235
12/18/2022,ACT,TX,ASW,CE,Combined TRACON& Tower with Radar,8,0,16,8,32,0,2,65,1,68,8,2,81,9,100,30,0,30,130
12/19/2022,ACT,TX,ASW,CE,Combined TRACON& Tower with Radar,6,0,7,0,13,0,0,1,0,1,6,0,8,0,14,0,0,0,14
12/20/2022,ACT,TX,ASW,CE,Combined TRACON& Tower with Radar,6,6,54,11,77,0,4,21,0,25,6,10,75,11,102,30,0,30,132
12/21/2022,ACT,TX,ASW,CE,Combined TRACON& Tower with Radar,8,4,36,22,70,0,0,22,4,26,8,4,58,26,96,67,0,67,163
12/22/2022,ACT,TX,ASW,CE,Combined TRACON& Tower with Radar,7,0,10,0,17,0,0,2,0,2,7,0,12,0,19,0,0,0,19
12/23/2022,ACT,TX,ASW,CE,Combined TRACON& Tower with Radar,8,0,11,0,19,0,0,17,0,17,8,0,28,0,36,0,0,0,36
12/24/2022,ACT,TX,ASW,CE,Combined TRACON& Tower with Radar,4,0,15,0,19,0,0,19,0,19,4,0,34,0,38,12,0,12,50
12/25/2022,ACT,TX,ASW,CE,Combined TRACON& Tower with Radar,4,0,4,0,8,0,0,7,0,7,4,0,11,0,15,0,2,2,17
12/26/2022,ACT,TX,ASW,CE,Combined TRACON& Tower with Radar,8,0,8,0,16,0,0,36,0,36,8,0,44,0,52,8,0,8,60
12/27/2022,ACT,TX,ASW,CE,Combined TRACON& Tower with Radar,8,0,30,0,38,0,2,59,2,63,8,2,89,2,101,50,0,50,151
12/28/2022,ACT,TX,ASW,CE,Combined TRACON& Tower with Radar,8,0,30,0,38,0,2,19,0,21,8,2,49,0,59,30,0,30,89
12/29/2022,ACT,TX,ASW,CE,Combined TRACON& Tower with Radar,8,4,34,4,50,0,3,22,0,25,8,7,56,4,75,10,0,10,85
12/30/2022,ACT,TX,ASW,CE,Combined TRACON& Tower with Radar,10,1,14,0,25,2,0,53,0,55,12,1,67,0,80,26,0,26,106
12/31/2022,ACT,TX,ASW,CE,Combined TRACON& Tower with Radar,5,1,14,0,20,0,1,39,0,40,5,2,53,0,60,30,0,30,90
01/01/2023,ACT,TX,ASW,CE,Combined TRACON& Tower with Radar,7,4,4,0,15,0,0,25,0,25,7,4,29,0,40,36,0,36,76
01/02/2023,ACT,TX,ASW,CE,Combined TRACON& Tower with Radar,8,2,22,0,32,0,0,2,0,2,8,2,24,0,34,0,0,0,34
01/03/2023,ACT,TX,ASW,CE,Combined TRACON& Tower with Radar,10,2,45,0,57,0,0,69,0,69,10,2,114,0,126,82,0,82,208
01/04/2023,ACT,TX,ASW,CE,Combined TRACON& Tower with Radar,8,0,31,9,48,0,0,78,4,82,8,0,109,13,130,94,0,94,224
01/05/2023,ACT,TX,ASW,CE,Combined TRACON& Tower with Radar,6,6,36,31,79,0,5,91,3,99,6,11,127,34,178,166,0,166,344
01/06/2023,ACT,TX,ASW,CE,Combined TRACON& Tower with Radar,8,0,50,58,116,0,4,29,3,36,8,4,79,61,152,6,0,6,158
01/07/2023,ACT,TX,ASW,CE,Combined TRACON& Tower with Radar,9,3,37,0,49,0,2,23,0,25,9,5,60,0,74,14,0,14,88
01/08/2023,ACT,TX,ASW,CE,Combined TRACON& Tower with Radar,10,0,26,0,36,0,3,69,0,72,10,3,95,0,108,92,0,92,200
01/09/2023,ACT,TX,ASW,CE,Combined TRACON& Tower with Radar,8,0,33,19,60,0,7,66,1,74,8,7,99,20,134,40,0,40,174
01/10/2023,ACT,TX,ASW,CE,Combined TRACON& Tower with Radar,8,2,47,34,91,0,2,63,3,68,8,4,110,37,159,76,10,86,245
01/11/2023,ACT,TX,ASW,CE,Combined TRACON& Tower with Radar,6,1,34,55,96,0,3,48,2,53,6,4,82,57,149,64,0,64,213
01/12/2023,ACT,TX,ASW,CE,Combined TRACON& Tower with Radar,8,2,38,12,60,0,2,39,1,42,8,4,77,13,102,34,0,34,136
01/13/2023,ACT,TX,ASW,CE,Combined TRACON& Tower with Radar,7,5,37,23,72,0,4,110,1,115,7,9,147,24,187,129,0,129,316
01/14/2023,ACT,TX,ASW,CE,Combined TRACON& Tower with Radar,7,15,33,0,55,0,2,105,0,107,7,17,138,0,162,58,0,58,220
01/15/2023,ACT,TX,ASW,CE,Combined TRACON& Tower with Radar,6,0,24,0,30,0,1,19,0,20,6,1,43,0,50,12,0,12,62
01/16/2023,ACT,TX,ASW,CE,Combined TRACON& Tower with Radar,6,3,55,6,70,0,1,55,0,56,6,4,110,6,126,110,0,110,236
01/17/2023,ACT,TX,ASW,CE,Combined TRACON& Tower with Radar,9,7,53,50,119,0,0,100,0,100,9,7,153,50,219,214,0,214,433
01/18/2023,ACT,TX,ASW,CE,Combined TRACON& Tower with Radar,7,2,28,17,54,0,0,53,2,55,7,2,81,19,109,140,8,148,257
01/19/2023,ACT,TX,ASW,CE,Combined TRACON& Tower with Radar,6,3,73,8,90,0,2,136,0,138,6,5,209,8,228,216,0,216,444
01/20/2023,ACT,TX,ASW,CE,Combined TRACON& Tower with Radar,6,0,49,49,104,0,0,134,2,136,6,0,183,51,240,186,0,186,426
01/21/2023,ACT,TX,ASW,CE,Combined TRACON& Tower with Radar,6,4,49,24,83,0,0,31,4,35,6,4,80,28,118,64,2,66,184
01/22/2023,ACT,TX,ASW,CE,Combined TRACON& Tower with Radar,7,1,34,4,46,0,4,83,1,88,7,5,117,5,134,111,0,111,245
01/23/2023,ACT,TX,ASW,CE,Combined TRACON& Tower with Radar,6,5,53,13,77,1,3,174,8,186,7,8,227,21,263,288,0,288,551
01/24/2023,ACT,TX,ASW,CE,Combined TRACON& Tower with Radar,6,7,12,0,25,0,0,0,0,0,6,7,12,0,25,0,0,0,25
01/25/2023,ACT,TX,ASW,CE,Combined TRACON& Tower with Radar,6,1,44,15,66,0,1,85,4,90,6,2,129,19,156,250,4,254,410
01/26/2023,ACT,TX,ASW,CE,Combined TRACON& Tower with Radar,6,1,47,15,69,0,0,200,2,202,6,1,247,17,271,198,0,198,469
01/27/2023,ACT,TX,ASW,CE,Combined TRACON& Tower with Radar,7,5,46,72,130,0,2,172,10,184,7,7,218,82,314,204,0,204,518
01/28/2023,ACT,TX,ASW,CE,Combined TRACON& Tower with Radar,7,3,35,7,52,0,0,3,0,3,7,3,38,7,55,48,0,48,103
01/29/2023,ACT,TX,ASW,CE,Combined TRACON& Tower with Radar,6,2,21,0,29,0,0,0,0,0,6,2,21,0,29,0,0,0,29
01/30/2023,ACT,TX,ASW,CE,Combined TRACON& Tower with Radar,1,2,6,0,9,0,0,0,0,0,1,2,6,0,9,0,0,0,9
01/31/2023,ACT,TX,ASW,CE,Combined TRACON& Tower with Radar,0,0,0,0,0,0,0,0,0,0,0,0,0,0,0,0,0,0,0
02/01/2023,ACT,TX,ASW,CE,Combined TRACON& Tower with Radar,0,0,0,0,0,0,0,0,0,0,0,0,0,0,0,0,0,0,0
02/02/2023,ACT,TX,ASW,CE,Combined TRACON& Tower with Radar,2,2,10,0,14,0,0,0,0,0,2,2,10,0,14,0,0,0,14
02/03/2023,ACT,TX,ASW,CE,Combined TRACON& Tower with Radar,9,2,43,27,81,0,3,58,21,82,9,5,101,48,163,150,0,150,313
02/04/2023,ACT,TX,ASW,CE,Combined TRACON& Tower with Radar,9,0,27,4,40,0,0,28,22,50,9,0,55,26,90,100,0,100,190
02/05/2023,ACT,TX,ASW,CE,Combined TRACON& Tower with Radar,6,4,20,0,30,0,0,85,48,133,6,4,105,48,163,154,0,154,317
02/06/2023,ACT,TX,ASW,CE,Combined TRACON& Tower with Radar,8,0,51,21,80,0,1,16,9,26,8,1,67,30,106,114,0,114,220
02/07/2023,ACT,TX,ASW,CE,Combined TRACON& Tower with Radar,6,0,28,9,43,0,0,0,0,0,6,0,28,9,43,0,0,0,43
02/08/2023,ACT,TX,ASW,CE,Combined TRACON& Tower with Radar,4,6,27,2,39,0,2,11,12,25,4,8,38,14,64,128,0,128,192
02/09/2023,ACT,TX,ASW,CE,Combined TRACON& Tower with Radar,6,1,48,20,75,0,7,126,76,209,6,8,174,96,284,201,0,201,485
02/10/2023,ACT,TX,ASW,CE,Combined TRACON& Tower with Radar,8,5,35,7,55,0,1,28,56,85,8,6,63,63,140,111,0,111,251
02/11/2023,ACT,TX,ASW,CE,Combined TRACON& Tower with Radar,6,2,40,26,74,0,0,117,31,148,6,2,157,57,222,114,34,148,370
02/12/2023,ACT,TX,ASW,CE,Combined TRACON& Tower with Radar,6,2,17,2,27,0,2,66,21,89,6,4,83,23,116,63,0,63,179
02/13/2023,ACT,TX,ASW,CE,Combined TRACON& Tower with Radar,8,3,47,22,80,1,0,59,74,134,9,3,106,96,214,153,0,153,367
02/14/2023,ACT,TX,ASW,CE,Combined TRACON& Tower with Radar,8,3,18,2,31,0,1,18,2,21,8,4,36,4,52,42,0,42,94
02/15/2023,ACT,TX,ASW,CE,Combined TRACON& Tower with Radar,9,4,37,19,69,0,2,9,5,16,9,6,46,24,85,57,0,57,142
02/16/2023,ACT,TX,ASW,CE,Combined TRACON& Tower with Radar,8,6,31,12,57,0,6,32,33,71,8,12,63,45,128,188,0,188,316
02/17/2023,ACT,TX,ASW,CE,Combined TRACON& Tower with Radar,7,3,50,5,65,0,6,83,73,162,7,9,133,78,227,186,0,186,413
02/18/2023,ACT,TX,ASW,CE,Combined TRACON& Tower with Radar,5,3,52,0,60,0,2,131,26,159,5,5,183,26,219,46,0,46,265
02/19/2023,ACT,TX,ASW,CE,Combined TRACON& Tower with Radar,6,6,19,1,32,0,3,59,11,73,6,9,78,12,105,94,0,94,199
02/20/2023,ACT,TX,ASW,CE,Combined TRACON& Tower with Radar,6,3,42,7,58,0,4,94,38,136,6,7,136,45,194,235,0,235,429
02/21/2023,ACT,TX,ASW,CE,Combined TRACON& Tower with Radar,7,1,36,19,63,0,9,73,41,123,7,10,109,60,186,232,0,232,418
02/22/2023,ACT,TX,ASW,CE,Combined TRACON& Tower with Radar,7,2,27,11,47,0,5,45,53,103,7,7,72,64,150,146,0,146,296
02/23/2023,ACT,TX,ASW,CE,Combined TRACON& Tower with Radar,6,0,48,33,87,0,1,49,47,97,6,1,97,80,184,42,0,42,226
02/24/2023,ACT,TX,ASW,CE,Combined TRACON& Tower with Radar,6,5,63,13,87,0,0,9,3,12,6,5,72,16,99,94,0,94,193
02/25/2023,ACT,TX,ASW,CE,Combined TRACON& Tower with Radar,6,4,37,13,60,0,0,1,1,2,6,4,38,14,62,0,0,0,62
02/26/2023,ACT,TX,ASW,CE,Combined TRACON& Tower with Radar,5,1,20,6,32,0,0,8,1,9,5,1,28,7,41,0,16,16,57
02/27/2023,ACT,TX,ASW,CE,Combined TRACON& Tower with Radar,6,0,43,64,113,2,8,97,66,173,8,8,140,130,286,258,12,270,556
02/28/2023,ACT,TX,ASW,CE,Combined TRACON& Tower with Radar,6,1,57,26,90,0,5,126,60,191,6,6,183,86,281,208,0,208,489
03/01/2023,ACT,TX,ASW,CE,Combined TRACON& Tower with Radar,6,0,33,8,47,0,0,25,14,39,6,0,58,22,86,216,0,216,302
03/02/2023,ACT,TX,ASW,CE,Combined TRACON& Tower with Radar,6,0,7,0,13,0,0,1,1,2,6,0,8,1,15,4,0,4,19
03/03/2023,ACT,TX,ASW,CE,Combined TRACON& Tower with Radar,5,5,44,43,97,0,0,59,66,125,5,5,103,109,222,86,0,86,308
03/04/2023,ACT,TX,ASW,CE,Combined TRACON& Tower with Radar,6,5,45,47,103,0,0,122,11,133,6,5,167,58,236,54,0,54,290
03/05/2023,ACT,TX,ASW,CE,Combined TRACON& Tower with Radar,6,20,29,7,62,0,1,45,6,52,6,21,74,13,114,28,8,36,150
03/06/2023,ACT,TX,ASW,CE,Combined TRACON& Tower with Radar,6,9,53,13,81,0,0,21,4,25,6,9,74,17,106,0,0,0,106
03/07/2023,ACT,TX,ASW,CE,Combined TRACON& Tower with Radar,7,6,52,9,74,0,0,9,3,12,7,6,61,12,86,10,0,10,96
03/08/2023,ACT,TX,ASW,CE,Combined TRACON& Tower with Radar,5,5,63,21,94,0,0,14,5,19,5,5,77,26,113,130,10,140,253
03/09/2023,ACT,TX,ASW,CE,Combined TRACON& Tower with Radar,18,4,41,4,67,0,0,7,0,7,18,4,48,4,74,30,0,30,104
03/10/2023,ACT,TX,ASW,CE,Combined TRACON& Tower with Radar,6,5,52,44,107,0,2,27,7,36,6,7,79,51,143,52,36,88,231
03/11/2023,ACT,TX,ASW,CE,Combined TRACON& Tower with Radar,9,8,45,6,68,0,7,18,0,25,9,15,63,6,93,22,0,22,115
03/12/2023,ACT,TX,ASW,CE,Combined TRACON& Tower with Radar,6,2,35,9,52,0,0,42,2,44,6,2,77,11,96,74,0,74,170
03/13/2023,ACT,TX,ASW,CE,Combined TRACON& Tower with Radar,6,6,48,10,70,0,1,90,69,160,6,7,138,79,230,192,0,192,422
03/14/2023,ACT,TX,ASW,CE,Combined TRACON& Tower with Radar,6,14,55,5,80,0,1,75,48,124,6,15,130,53,204,244,0,244,448
03/15/2023,ACT,TX,ASW,CE,Combined TRACON& Tower with Radar,8,2,38,13,61,1,7,74,54,136,9,9,112,67,197,330,0,330,527
03/16/2023,ACT,TX,ASW,CE,Combined TRACON& Tower with Radar,6,5,14,0,25,0,0,0,0,0,6,5,14,0,25,0,0,0,25
03/17/2023,ACT,TX,ASW,CE,Combined TRACON& Tower with Radar,6,5,43,23,77,0,0,42,29,71,6,5,85,52,148,112,0,112,260
03/18/2023,ACT,TX,ASW,CE,Combined TRACON& Tower with Radar,6,3,27,1,37,0,11,73,18,102,6,14,100,19,139,130,0,130,269
03/19/2023,ACT,TX,ASW,CE,Combined TRACON& Tower with Radar,6,1,29,25,61,0,13,89,24,126,6,14,118,49,187,158,0,158,345
03/20/2023,ACT,TX,ASW,CE,Combined TRACON& Tower with Radar,6,6,48,42,102,0,7,64,54,125,6,13,112,96,227,102,18,120,347
03/21/2023,ACT,TX,ASW,CE,Combined TRACON& Tower with Radar,6,1,25,3,35,0,0,0,0,0,6,1,25,3,35,0,0,0,35
03/22/2023,ACT,TX,ASW,CE,Combined TRACON& Tower with Radar,4,25,77,26,132,0,2,29,33,64,4,27,106,59,196,86,0,86,282
03/23/2023,ACT,TX,ASW,CE,Combined TRACON& Tower with Radar,6,4,64,6,80,0,2,16,24,42,6,6,80,30,122,160,0,160,282
03/24/2023,ACT,TX,ASW,CE,Combined TRACON& Tower with Radar,6,10,48,15,79,0,2,47,38,87,6,12,95,53,166,104,0,104,270
03/25/2023,ACT,TX,ASW,CE,Combined TRACON& Tower with Radar,6,3,35,0,44,0,11,58,0,69,6,14,93,0,113,8,0,8,121
03/26/2023,ACT,TX,ASW,CE,Combined TRACON& Tower with Radar,6,8,41,38,93,0,11,76,32,119,6,19,117,70,212,128,14,142,354
03/27/2023,ACT,TX,ASW,CE,Combined TRACON& Tower with Radar,5,9,33,24,71,0,13,81,76,170,5,22,114,100,241,112,0,112,353
03/28/2023,ACT,TX,ASW,CE,Combined TRACON& Tower with Radar,4,7,39,26,76,0,6,57,40,103,4,13,96,66,179,84,16,100,279
03/29/2023,ACT,TX,ASW,CE,Combined TRACON& Tower with Radar,4,2,58,47,111,0,13,86,60,159,4,15,144,107,270,298,0,298,568
03/30/2023,ACT,TX,ASW,CE,Combined TRACON& Tower with Radar,6,0,25,32,63,0,0,1,3,4,6,0,26,35,67,16,0,16,83
03/31/2023,ACT,TX,ASW,CE,Combined TRACON& Tower with Radar,6,2,23,37,68,0,3,14,6,23,6,5,37,43,91,55,0,55,146
04/01/2023,ACT,TX,ASW,CE,Combined TRACON& Tower with Radar,6,9,48,18,81,0,7,123,22,152,6,16,171,40,233,220,0,220,453
04/02/2023,ACT,TX,ASW,CE,Combined TRACON& Tower with Radar,4,7,32,17,60,0,0,8,5,13,4,7,40,22,73,8,2,10,83
04/03/2023,ACT,TX,ASW,CE,Combined TRACON& Tower with Radar,6,7,45,54,112,0,0,39,58,97,6,7,84,112,209,114,0,114,323
04/04/2023,ACT,TX,ASW,CE,Combined TRACON& Tower with Radar,6,10,65,37,118,0,2,17,27,46,6,12,82,64,164,72,0,72,236
04/05/2023,ACT,TX,ASW,CE,Combined TRACON& Tower with Radar,6,7,70,26,109,0,6,56,35,97,6,13,126,61,206,112,0,112,318
04/06/2023,ACT,TX,ASW,CE,Combined TRACON& Tower with Radar,6,2,35,1,44,0,0,13,7,20,6,2,48,8,64,32,0,32,96
04/07/2023,ACT,TX,ASW,CE,Combined TRACON& Tower with Radar,6,4,18,0,28,0,0,2,0,2,6,4,20,0,30,18,0,18,48
04/08/2023,ACT,TX,ASW,CE,Combined TRACON& Tower with Radar,4,14,34,0,52,0,2,13,4,19,4,16,47,4,71,54,0,54,125
04/09/2023,ACT,TX,ASW,CE,Combined TRACON& Tower with Radar,4,3,32,4,43,0,0,30,8,38,4,3,62,12,81,66,0,66,147
04/10/2023,ACT,TX,ASW,CE,Combined TRACON& Tower with Radar,7,7,76,40,130,0,7,74,32,113,7,14,150,72,243,164,0,164,407
04/11/2023,ACT,TX,ASW,CE,Combined TRACON& Tower with Radar,7,7,62,37,113,0,21,84,62,167,7,28,146,99,280,168,0,168,448
04/12/2023,ACT,TX,ASW,CE,Combined TRACON& Tower with Radar,6,10,46,30,92,0,32,147,67,246,6,42,193,97,338,186,0,186,524
04/13/2023,ACT,TX,ASW,CE,Combined TRACON& Tower with Radar,6,8,50,38,102,0,16,106,48,170,6,24,156,86,272,132,4,136,408
04/14/2023,ACT,TX,ASW,CE,Combined TRACON& Tower with Radar,6,9,54,37,106,16,0,15,5,36,22,9,69,42,142,194,0,194,336
04/15/2023,ACT,TX,ASW,CE,Combined TRACON& Tower with Radar,8,8,23,17,56,0,6,48,17,71,8,14,71,34,127,56,6,62,189
04/16/2023,ACT,TX,ASW,CE,Combined TRACON& Tower with Radar,6,11,34,16,67,0,9,72,18,99,6,20,106,34,166,74,0,74,240
04/17/2023,ACT,TX,ASW,CE,Combined TRACON& Tower with Radar,6,8,36,27,77,0,16,68,55,139,6,24,104,82,216,160,0,160,376
04/18/2023,ACT,TX,ASW,CE,Combined TRACON& Tower with Radar,6,4,46,34,90,0,1,14,18,33,6,5,60,52,123,94,0,94,217
04/19/2023,ACT,TX,ASW,CE,Combined TRACON& Tower with Radar,6,10,31,22,69,0,0,22,20,42,6,10,53,42,111,103,0,103,214
04/20/2023,ACT,TX,ASW,CE,Combined TRACON& Tower with Radar,7,5,28,8,48,0,0,2,0,2,7,5,30,8,50,62,0,62,112
04/21/2023,ACT,TX,ASW,CE,Combined TRACON& Tower with Radar,8,10,34,47,99,0,17,65,49,131,8,27,99,96,230,132,18,150,380
04/22/2023,ACT,TX,ASW,CE,Combined TRACON& Tower with Radar,7,10,43,9,69,0,17,86,25,128,7,27,129,34,197,108,0,108,305
04/23/2023,ACT,TX,ASW,CE,Combined TRACON& Tower with Radar,7,5,31,17,60,0,0,5,0,5,7,5,36,17,65,10,0,10,75
04/24/2023,ACT,TX,ASW,CE,Combined TRACON& Tower with Radar,6,7,18,46,77,0,9,62,72,143,6,16,80,118,220,188,0,188,408
04/25/2023,ACT,TX,ASW,CE,Combined TRACON& Tower with Radar,6,10,65,18,99,0,1,10,20,31,6,11,75,38,130,194,0,194,324
04/26/2023,ACT,TX,ASW,CE,Combined TRACON& Tower with Radar,4,0,19,0,23,0,0,0,0,0,4,0,19,0,23,0,0,0,23
04/27/2023,ACT,TX,ASW,CE,Combined TRACON& Tower with Radar,6,22,58,10,96,0,7,59,27,93,6,29,117,37,189,96,0,96,285
04/28/2023,ACT,TX,ASW,CE,Combined TRACON& Tower with Radar,6,6,42,27,81,0,0,1,1,2,6,6,43,28,83,0,0,0,83
04/29/2023,ACT,TX,ASW,CE,Combined TRACON& Tower with Radar,6,8,23,9,46,0,3,33,7,43,6,11,56,16,89,14,0,14,103
04/30/2023,ACT,TX,ASW,CE,Combined TRACON& Tower with Radar,6,5,27,11,49,0,16,126,11,153,6,21,153,22,202,116,4,120,322
05/01/2023,ACT,TX,ASW,CE,Combined TRACON& Tower with Radar,6,7,37,17,67,0,19,76,28,123,6,26,113,45,190,78,2,80,270
05/02/2023,ACT,TX,ASW,CE,Combined TRACON& Tower with Radar,6,6,57,9,78,0,2,59,9,70,6,8,116,18,148,124,0,124,272
05/03/2023,ACT,TX,ASW,CE,Combined TRACON& Tower with Radar,6,12,41,18,77,0,8,76,16,100,6,20,117,34,177,122,0,122,299
05/04/2023,ACT,TX,ASW,CE,Combined TRACON& Tower with Radar,6,7,44,9,66,0,0,9,8,17,6,7,53,17,83,38,0,38,121
05/05/2023,ACT,TX,ASW,CE,Combined TRACON& Tower with Radar,8,9,11,12,40,0,1,19,9,29,8,10,30,21,69,28,2,30,99
05/06/2023,ACT,TX,ASW,CE,Combined TRACON& Tower with Radar,5,15,25,2,47,0,0,13,1,14,5,15,38,3,61,38,0,38,99
05/07/2023,ACT,TX,ASW,CE,Combined TRACON& Tower with Radar,6,13,29,9,57,0,0,16,7,23,6,13,45,16,80,24,0,24,104
05/08/2023,ACT,TX,ASW,CE,Combined TRACON& Tower with Radar,5,7,33,11,56,0,3,58,3,64,5,10,91,14,120,46,0,46,166
05/09/2023,ACT,TX,ASW,CE,Combined TRACON& Tower with Radar,6,13,45,11,75,1,3,12,0,16,7,16,57,11,91,24,0,24,115
05/10/2023,ACT,TX,ASW,CE,Combined TRACON& Tower with Radar,6,3,12,0,21,0,0,0,0,0,6,3,12,0,21,0,0,0,21
05/11/2023,ACT,TX,ASW,CE,Combined TRACON& Tower with Radar,6,28,72,29,135,0,2,26,3,31,6,30,98,32,166,54,0,54,220
05/12/2023,ACT,TX,ASW,CE,Combined TRACON& Tower with Radar,6,9,29,8,52,0,0,15,0,15,6,9,44,8,67,44,0,44,111
05/13/2023,ACT,TX,ASW,CE,Combined TRACON& Tower with Radar,6,6,11,0,23,0,5,0,0,5,6,11,11,0,28,36,0,36,64
05/14/2023,ACT,TX,ASW,CE,Combined TRACON& Tower with Radar,8,0,15,0,23,0,0,7,0,7,8,0,22,0,30,22,0,22,52
05/15/2023,ACT,TX,ASW,CE,Combined TRACON& Tower with Radar,5,7,41,15,68,0,7,29,6,42,5,14,70,21,110,30,0,30,140
05/16/2023,ACT,TX,ASW,CE,Combined TRACON& Tower with Radar,6,18,46,6,76,0,7,29,2,38,6,25,75,8,114,86,0,86,200
05/17/2023,ACT,TX,ASW,CE,Combined TRACON& Tower with Radar,6,13,45,23,87,0,36,104,0,140,6,49,149,23,227,162,6,168,395
05/18/2023,ACT,TX,ASW,CE,Combined TRACON& Tower with Radar,8,13,69,29,119,0,18,114,3,135,8,31,183,32,254,90,2,92,346
05/19/2023,ACT,TX,ASW,CE,Combined TRACON& Tower with Radar,13,6,29,8,56,0,15,58,1,74,13,21,87,9,130,74,0,74,204
05/20/2023,ACT,TX,ASW,CE,Combined TRACON& Tower with Radar,5,7,27,12,51,0,7,16,6,29,5,14,43,18,80,32,28,60,140
05/21/2023,ACT,TX,ASW,CE,Combined TRACON& Tower with Radar,6,3,17,11,37,0,0,31,1,32,6,3,48,12,69,50,0,50,119
05/22/2023,ACT,TX,ASW,CE,Combined TRACON& Tower with Radar,6,11,33,8,58,0,13,68,0,81,6,24,101,8,139,98,0,98,237
05/23/2023,ACT,TX,ASW,CE,Combined TRACON& Tower with Radar,6,9,38,29,82,0,15,44,0,59,6,24,82,29,141,62,0,62,203
05/24/2023,ACT,TX,ASW,CE,Combined TRACON& Tower with Radar,6,9,40,7,62,0,0,36,3,39,6,9,76,10,101,40,0,40,141
05/25/2023,ACT,TX,ASW,CE,Combined TRACON& Tower with Radar,6,12,35,12,65,0,5,83,0,88,6,17,118,12,153,46,0,46,199
05/26/2023,ACT,TX,ASW,CE,Combined TRACON& Tower with Radar,6,12,44,14,76,0,20,83,0,103,6,32,127,14,179,74,0,74,253
05/27/2023,ACT,TX,ASW,CE,Combined TRACON& Tower with Radar,5,6,26,0,37,0,3,75,0,78,5,9,101,0,115,98,0,98,213
05/28/2023,ACT,TX,ASW,CE,Combined TRACON& Tower with Radar,3,6,17,5,31,0,15,38,0,53,3,21,55,5,84,30,0,30,114
05/29/2023,ACT,TX,ASW,CE,Combined TRACON& Tower with Radar,5,2,21,2,30,0,2,53,0,55,5,4,74,2,85,40,0,40,125
05/30/2023,ACT,TX,ASW,CE,Combined TRACON& Tower with Radar,5,11,26,12,54,0,15,33,0,48,5,26,59,12,102,42,1,43,145
05/31/2023,ACT,TX,ASW,CE,Combined TRACON& Tower with Radar,6,17,57,43,123,0,20,101,7,128,6,37,158,50,251,96,4,100,351
06/01/2023,ACT,TX,ASW,CE,Combined TRACON& Tower with Radar,5,16,46,22,89,0,6,69,4,79,5,22,115,26,168,104,14,118,286
06/02/2023,ACT,TX,ASW,CE,Combined TRACON& Tower with Radar,5,13,30,40,88,0,11,76,3,90,5,24,106,43,178,148,0,148,326
06/03/2023,ACT,TX,ASW,CE,Combined TRACON& Tower with Radar,5,20,21,17,63,2,4,46,3,55,7,24,67,20,118,42,10,52,170
06/04/2023,ACT,TX,ASW,CE,Combined TRACON& Tower with Radar,7,3,11,0,21,0,4,15,0,19,7,7,26,0,40,58,0,58,98
06/05/2023,ACT,TX,ASW,CE,Combined TRACON& Tower with Radar,6,12,20,8,46,0,16,68,0,84,6,28,88,8,130,138,0,138,268
06/06/2023,ACT,TX,ASW,CE,Combined TRACON& Tower with Radar,11,18,14,9,52,0,8,66,0,74,11,26,80,9,126,160,0,160,286
06/07/2023,ACT,TX,ASW,CE,Combined TRACON& Tower with Radar,6,10,35,17,68,0,11,70,0,81,6,21,105,17,149,108,0,108,257
06/08/2023,ACT,TX,ASW,CE,Combined TRACON& Tower with Radar,5,8,25,9,47,0,16,45,0,61,5,24,70,9,108,68,0,68,176
06/09/2023,ACT,TX,ASW,CE,Combined TRACON& Tower with Radar,5,11,48,58,122,0,17,95,2,114,5,28,143,60,236,80,4,84,320
06/10/2023,ACT,TX,ASW,CE,Combined TRACON& Tower with Radar,5,10,13,2,30,2,2,30,0,34,7,12,43,2,64,14,0,14,78
06/11/2023,ACT,TX,ASW,CE,Combined TRACON& Tower with Radar,6,16,30,19,71,0,4,34,0,38,6,20,64,19,109,24,0,24,133
06/12/2023,ACT,TX,ASW,CE,Combined TRACON& Tower with Radar,6,13,33,6,58,0,2,36,0,38,6,15,69,6,96,254,0,254,350
06/13/2023,ACT,TX,ASW,CE,Combined TRACON& Tower with Radar,10,21,49,12,92,0,1,28,0,29,10,22,77,12,121,258,0,258,379
06/14/2023,ACT,TX,ASW,CE,Combined TRACON& Tower with Radar,7,14,63,11,95,0,2,44,0,46,7,16,107,11,141,116,0,116,257
06/15/2023,ACT,TX,ASW,CE,Combined TRACON& Tower with Radar,5,6,51,4,66,0,0,39,1,40,5,6,90,5,106,116,0,116,222
06/16/2023,ACT,TX,ASW,CE,Combined TRACON& Tower with Radar,4,15,38,47,104,0,2,19,2,23,4,17,57,49,127,26,16,42,169
06/17/2023,ACT,TX,ASW,CE,Combined TRACON& Tower with Radar,7,10,39,0,56,0,0,14,0,14,7,10,53,0,70,34,0,34,104
06/18/2023,ACT,TX,ASW,CE,Combined TRACON& Tower with Radar,6,14,17,8,45,1,10,40,2,53,7,24,57,10,98,158,0,158,256
06/19/2023,ACT,TX,ASW,CE,Combined TRACON& Tower with Radar,5,11,42,2,60,0,12,61,1,74,5,23,103,3,134,88,0,88,222
06/20/2023,ACT,TX,ASW,CE,Combined TRACON& Tower with Radar,5,15,48,6,74,0,11,93,0,104,5,26,141,6,178,92,0,92,270
06/21/2023,ACT,TX,ASW,CE,Combined TRACON& Tower with Radar,13,11,41,3,68,0,1,38,2,41,13,12,79,5,109,108,0,108,217
06/22/2023,ACT,TX,ASW,CE,Combined TRACON& Tower with Radar,8,15,35,11,69,0,4,102,0,106,8,19,137,11,175,118,0,118,293
06/23/2023,ACT,TX,ASW,CE,Combined TRACON& Tower with Radar,8,3,44,53,108,0,2,40,2,44,8,5,84,55,152,58,12,70,222
06/24/2023,ACT,TX,ASW,CE,Combined TRACON& Tower with Radar,5,14,23,14,56,0,12,56,0,68,5,26,79,14,124,110,6,116,240
06/25/2023,ACT,TX,ASW,CE,Combined TRACON& Tower with Radar,5,9,33,15,62,2,5,43,2,52,7,14,76,17,114,76,0,76,190
06/26/2023,ACT,TX,ASW,CE,Combined TRACON& Tower with Radar,5,17,39,6,67,1,7,114,0,122,6,24,153,6,189,134,0,134,323
06/27/2023,ACT,TX,ASW,CE,Combined TRACON& Tower with Radar,5,10,40,8,63,0,6,113,1,120,5,16,153,9,183,126,0,126,309
06/28/2023,ACT,TX,ASW,CE,Combined TRACON& Tower with Radar,5,7,30,35,77,0,12,97,1,110,5,19,127,36,187,154,6,160,347
06/29/2023,ACT,TX,ASW,CE,Combined TRACON& Tower with Radar,5,10,47,13,75,0,13,76,0,89,5,23,123,13,164,108,0,108,272
06/30/2023,ACT,TX,ASW,CE,Combined TRACON& Tower with Radar,5,11,33,28,77,0,9,73,1,83,5,20,106,29,160,64,6,70,230
07/01/2023,ACT,TX,ASW,CE,Combined TRACON& Tower with Radar,5,13,22,0,40,0,7,43,0,50,5,20,65,0,90,42,0,42,132
07/02/2023,ACT,TX,ASW,CE,Combined TRACON& Tower with Radar,5,8,15,8,36,0,3,38,2,43,5,11,53,10,79,6,0,6,85
07/03/2023,ACT,TX,ASW,CE,Combined TRACON& Tower with Radar,4,10,25,0,39,0,30,81,0,111,4,40,106,0,150,272,0,272,422
07/04/2023,ACT,TX,ASW,CE,Combined TRACON& Tower with Radar,5,6,22,0,33,0,17,29,0,46,5,23,51,0,79,78,0,78,157
07/05/2023,ACT,TX,ASW,CE,Combined TRACON& Tower with Radar,5,13,36,11,65,0,7,71,1,79,5,20,107,12,144,233,0,233,377
07/06/2023,ACT,TX,ASW,CE,Combined TRACON& Tower with Radar,4,15,36,6,61,0,3,50,2,55,4,18,86,8,116,162,8,170,286
07/07/2023,ACT,TX,ASW,CE,Combined TRACON& Tower with Radar,5,14,35,60,114,0,0,108,5,113,5,14,143,65,227,227,10,237,464
07/08/2023,ACT,TX,ASW,CE,Combined TRACON& Tower with Radar,6,18,34,28,86,0,3,69,11,83,6,21,103,39,169,98,14,112,281
07/09/2023,ACT,TX,ASW,CE,Combined TRACON& Tower with Radar,10,10,14,22,56,0,8,34,0,42,10,18,48,22,98,64,0,64,162
07/10/2023,ACT,TX,ASW,CE,Combined TRACON& Tower with Radar,6,9,37,3,55,0,0,82,0,82,6,9,119,3,137,75,0,75,212
07/11/2023,ACT,TX,ASW,CE,Combined TRACON& Tower with Radar,6,9,23,9,47,0,11,66,5,82,6,20,89,14,129,140,0,140,269
07/12/2023,ACT,TX,ASW,CE,Combined TRACON& Tower with Radar,5,12,33,12,62,0,5,98,0,103,5,17,131,12,165,180,0,180,345
07/13/2023,ACT,TX,ASW,CE,Combined TRACON& Tower with Radar,5,7,40,6,58,0,4,78,4,86,5,11,118,10,144,182,10,192,336
07/14/2023,ACT,TX,ASW,CE,Combined TRACON& Tower with Radar,5,5,22,47,79,0,1,102,5,108,5,6,124,52,187,154,62,216,403
07/15/2023,ACT,TX,ASW,CE,Combined TRACON& Tower with Radar,5,9,30,30,74,0,6,89,0,95,5,15,119,30,169,116,2,118,287
07/16/2023,ACT,TX,ASW,CE,Combined TRACON& Tower with Radar,5,6,6,25,42,0,2,32,1,35,5,8,38,26,77,112,0,112,189
07/17/2023,ACT,TX,ASW,CE,Combined TRACON& Tower with Radar,5,8,38,6,57,0,12,82,1,95,5,20,120,7,152,158,0,158,310
07/18/2023,ACT,TX,ASW,CE,Combined TRACON& Tower with Radar,4,8,36,0,48,0,7,94,0,101,4,15,130,0,149,104,0,104,253
07/19/2023,ACT,TX,ASW,CE,Combined TRACON& Tower with Radar,5,6,44,5,60,0,2,112,0,114,5,8,156,5,174,187,0,187,361
07/20/2023,ACT,TX,ASW,CE,Combined TRACON& Tower with Radar,5,12,41,7,65,0,4,119,2,125,5,16,160,9,190,152,0,152,342
07/21/2023,ACT,TX,ASW,CE,Combined TRACON& Tower with Radar,5,5,28,30,68,0,4,97,4,105,5,9,125,34,173,128,0,128,301
07/22/2023,ACT,TX,ASW,CE,Combined TRACON& Tower with Radar,5,17,22,6,50,0,13,66,0,79,5,30,88,6,129,56,0,56,185
07/23/2023,ACT,TX,ASW,CE,Combined TRACON& Tower with Radar,5,6,14,11,36,0,8,40,1,49,5,14,54,12,85,62,0,62,147
07/24/2023,ACT,TX,ASW,CE,Combined TRACON& Tower with Radar,5,6,34,0,45,0,14,104,0,118,5,20,138,0,163,96,0,96,259
07/25/2023,ACT,TX,ASW,CE,Combined TRACON& Tower with Radar,5,7,56,6,74,0,12,95,1,108,5,19,151,7,182,146,0,146,328
07/26/2023,ACT,TX,ASW,CE,Combined TRACON& Tower with Radar,5,7,54,4,70,0,14,84,0,98,5,21,138,4,168,154,0,154,322
07/27/2023,ACT,TX,ASW,CE,Combined TRACON& Tower with Radar,5,7,53,6,71,0,11,88,0,99,5,18,141,6,170,90,0,90,260
07/28/2023,ACT,TX,ASW,CE,Combined TRACON& Tower with Radar,5,6,30,17,58,0,17,85,2,104,5,23,115,19,162,98,0,98,260
07/29/2023,ACT,TX,ASW,CE,Combined TRACON& Tower with Radar,5,8,28,0,41,0,10,56,0,66,5,18,84,0,107,81,0,81,188
07/30/2023,ACT,TX,ASW,CE,Combined TRACON& Tower with Radar,4,3,27,6,40,0,12,53,1,66,4,15,80,7,106,96,0,96,202
07/31/2023,ACT,TX,ASW,CE,Combined TRACON& Tower with Radar,5,7,42,17,71,1,12,90,2,105,6,19,132,19,176,88,0,88,264
08/01/2023,ACT,TX,ASW,CE,Combined TRACON& Tower with Radar,5,8,37,9,59,1,13,95,2,111,6,21,132,11,170,98,0,98,268
08/02/2023,ACT,TX,ASW,CE,Combined TRACON& Tower with Radar,7,10,30,10,57,0,9,79,0,88,7,19,109,10,145,84,0,84,229
08/03/2023,ACT,TX,ASW,CE,Combined TRACON& Tower with Radar,5,12,40,16,73,0,7,87,0,94,5,19,127,16,167,68,10,78,245
08/04/2023,ACT,TX,ASW,CE,Combined TRACON& Tower with Radar,5,8,35,22,70,0,3,74,0,77,5,11,109,22,147,115,0,115,262
08/05/2023,ACT,TX,ASW,CE,Combined TRACON& Tower with Radar,7,11,11,0,29,0,5,61,0,66,7,16,72,0,95,112,0,112,207
08/06/2023,ACT,TX,ASW,CE,Combined TRACON& Tower with Radar,7,10,24,14,55,0,10,46,0,56,7,20,70,14,111,56,0,56,167
08/07/2023,ACT,TX,ASW,CE,Combined TRACON& Tower with Radar,4,2,33,12,51,0,3,75,0,78,4,5,108,12,129,70,0,70,199
08/08/2023,ACT,TX,ASW,CE,Combined TRACON& Tower with Radar,5,19,45,11,80,0,6,93,0,99,5,25,138,11,179,136,0,136,315
08/09/2023,ACT,TX,ASW,CE,Combined TRACON& Tower with Radar,8,4,33,2,47,0,11,42,0,53,8,15,75,2,100,52,6,58,158
08/10/2023,ACT,TX,ASW,CE,Combined TRACON& Tower with Radar,5,9,35,4,53,0,18,76,0,94,5,27,111,4,147,108,0,108,255
08/11/2023,ACT,TX,ASW,CE,Combined TRACON& Tower with Radar,5,8,47,2,62,0,11,60,2,73,5,19,107,4,135,104,0,104,239
08/12/2023,ACT,TX,ASW,CE,Combined TRACON& Tower with Radar,6,22,31,14,73,0,3,51,0,54,6,25,82,14,127,38,0,38,165
08/13/2023,ACT,TX,ASW,CE,Combined TRACON& Tower with Radar,5,8,8,6,27,0,1,36,0,37,5,9,44,6,64,58,0,58,122
08/14/2023,ACT,TX,ASW,CE,Combined TRACON& Tower with Radar,5,4,26,8,43,0,6,57,0,63,5,10,83,8,106,112,0,112,218
08/15/2023,ACT,TX,ASW,CE,Combined TRACON& Tower with Radar,5,2,53,13,73,0,10,96,2,108,5,12,149,15,181,154,0,154,335
08/16/2023,ACT,TX,ASW,CE,Combined TRACON& Tower with Radar,5,11,40,8,64,2,12,72,0,86,7,23,112,8,150,98,8,106,256
08/17/2023,ACT,TX,ASW,CE,Combined TRACON& Tower with Radar,5,8,50,12,75,0,18,60,0,78,5,26,110,12,153,88,0,88,241
08/18/2023,ACT,TX,ASW,CE,Combined TRACON& Tower with Radar,5,12,24,23,64,0,6,44,1,51,5,18,68,24,115,86,0,86,201
08/19/2023,ACT,TX,ASW,CE,Combined TRACON& Tower with Radar,5,7,24,14,50,0,3,48,2,53,5,10,72,16,103,120,12,132,235
08/20/2023,ACT,TX,ASW,CE,Combined TRACON& Tower with Radar,5,4,20,4,33,0,4,47,0,51,5,8,67,4,84,80,1,81,165
08/21/2023,ACT,TX,ASW,CE,Combined TRACON& Tower with Radar,5,6,43,6,60,0,14,78,1,93,5,20,121,7,153,344,0,344,497
08/22/2023,ACT,TX,ASW,CE,Combined TRACON& Tower with Radar,5,7,50,11,73,0,8,101,0,109,5,15,151,11,182,122,0,122,304
08/23/2023,ACT,TX,ASW,CE,Combined TRACON& Tower with Radar,5,4,33,14,56,0,10,124,2,136,5,14,157,16,192,264,0,264,456
08/24/2023,ACT,TX,ASW,CE,Combined TRACON& Tower with Radar,7,14,49,3,73,0,15,116,1,132,7,29,165,4,205,160,0,160,365
08/25/2023,ACT,TX,ASW,CE,Combined TRACON& Tower with Radar,5,17,24,17,63,0,13,147,13,173,5,30,171,30,236,146,0,146,382
08/26/2023,ACT,TX,ASW,CE,Combined TRACON& Tower with Radar,5,10,25,11,51,0,5,51,2,58,5,15,76,13,109,76,0,76,185
08/27/2023,ACT,TX,ASW,CE,Combined TRACON& Tower with Radar,3,0,22,8,33,0,4,67,2,73,3,4,89,10,106,68,0,68,174
08/28/2023,ACT,TX,ASW,CE,Combined TRACON& Tower with Radar,5,5,25,3,38,0,8,143,1,152,5,13,168,4,190,286,0,286,476
08/29/2023,ACT,TX,ASW,CE,Combined TRACON& Tower with Radar,4,11,41,24,80,0,10,127,2,139,4,21,168,26,219,226,4,230,449
08/30/2023,ACT,TX,ASW,CE,Combined TRACON& Tower with Radar,5,5,38,7,55,0,13,127,2,142,5,18,165,9,197,290,2,292,489
08/31/2023,ACT,TX,ASW,CE,Combined TRACON& Tower with Radar,5,7,26,3,41,0,9,120,2,131,5,16,146,5,172,188,0,188,360
