01/01/2020,ACY,NJ,AEA,EN,Combined TRACON& Tower with Radar,21,26,7,1,55,0,0,17,4,21,21,26,24,5,76,6,0,6,82
01/02/2020,ACY,NJ,AEA,EN,Combined TRACON& Tower with Radar,27,6,15,27,75,0,2,38,15,55,27,8,53,42,130,10,28,38,168
01/03/2020,ACY,NJ,AEA,EN,Combined TRACON& Tower with Radar,20,10,17,18,65,0,0,0,2,2,20,10,17,20,67,0,0,0,67
01/04/2020,ACY,NJ,AEA,EN,Combined TRACON& Tower with Radar,20,7,19,1,47,0,0,0,0,0,20,7,19,1,47,0,0,0,47
01/05/2020,ACY,NJ,AEA,EN,Combined TRACON& Tower with Radar,20,8,17,3,48,0,1,10,7,18,20,9,27,10,66,8,0,8,74
01/06/2020,ACY,NJ,AEA,EN,Combined TRACON& Tower with Radar,21,6,12,21,60,0,2,30,4,36,21,8,42,25,96,12,42,54,150
01/07/2020,ACY,NJ,AEA,EN,Combined TRACON& Tower with Radar,16,4,6,27,53,0,0,15,3,18,16,4,21,30,71,0,0,0,71
01/08/2020,ACY,NJ,AEA,EN,Combined TRACON& Tower with Radar,18,6,1,28,53,0,0,8,34,42,18,6,9,62,95,0,56,56,151
01/09/2020,ACY,NJ,AEA,EN,Combined TRACON& Tower with Radar,20,7,20,33,80,0,0,32,35,67,20,7,52,68,147,10,66,76,223
01/10/2020,ACY,NJ,AEA,EN,Combined TRACON& Tower with Radar,26,14,18,45,103,0,0,31,27,58,26,14,49,72,161,12,16,28,189
01/11/2020,ACY,NJ,AEA,EN,Combined TRACON& Tower with Radar,21,8,8,21,58,0,0,18,8,26,21,8,26,29,84,2,0,2,86
01/12/2020,ACY,NJ,AEA,EN,Combined TRACON& Tower with Radar,23,21,7,14,65,0,0,15,11,26,23,21,22,25,91,0,10,10,101
01/13/2020,ACY,NJ,AEA,EN,Combined TRACON& Tower with Radar,22,5,29,46,102,0,0,14,19,33,22,5,43,65,135,0,34,34,169
01/14/2020,ACY,NJ,AEA,EN,Combined TRACON& Tower with Radar,15,6,10,24,55,0,0,1,20,21,15,6,11,44,76,0,52,52,128
01/15/2020,ACY,NJ,AEA,EN,Combined TRACON& Tower with Radar,15,9,28,94,146,0,1,42,36,79,15,10,70,130,225,10,120,130,355
01/16/2020,ACY,NJ,AEA,EN,Combined TRACON& Tower with Radar,20,12,6,66,104,0,4,7,26,37,20,16,13,92,141,0,128,128,269
01/17/2020,ACY,NJ,AEA,EN,Combined TRACON& Tower with Radar,22,24,13,51,110,0,0,30,27,57,22,24,43,78,167,56,30,86,253
01/18/2020,ACY,NJ,AEA,EN,Combined TRACON& Tower with Radar,23,10,1,0,34,0,0,8,4,12,23,10,9,4,46,0,0,0,46
01/19/2020,ACY,NJ,AEA,EN,Combined TRACON& Tower with Radar,23,21,18,1,63,0,0,19,7,26,23,21,37,8,89,10,0,10,99
01/20/2020,ACY,NJ,AEA,EN,Combined TRACON& Tower with Radar,20,3,11,2,36,0,1,27,3,31,20,4,38,5,67,4,0,4,71
01/21/2020,ACY,NJ,AEA,EN,Combined TRACON& Tower with Radar,15,5,15,37,72,0,0,41,99,140,15,5,56,136,212,0,92,92,304
01/22/2020,ACY,NJ,AEA,EN,Combined TRACON& Tower with Radar,16,6,10,32,64,0,0,29,26,55,16,6,39,58,119,2,58,60,179
01/23/2020,ACY,NJ,AEA,EN,Combined TRACON& Tower with Radar,21,11,25,36,93,0,2,32,24,58,21,13,57,60,151,16,38,54,205
01/24/2020,ACY,NJ,AEA,EN,Combined TRACON& Tower with Radar,24,16,23,39,102,0,4,30,23,57,24,20,53,62,159,0,0,0,159
01/25/2020,ACY,NJ,AEA,EN,Combined TRACON& Tower with Radar,24,8,5,1,38,0,0,0,1,1,24,8,5,2,39,0,0,0,39
01/26/2020,ACY,NJ,AEA,EN,Combined TRACON& Tower with Radar,24,21,23,2,70,0,2,36,7,45,24,23,59,9,115,0,0,0,115
01/27/2020,ACY,NJ,AEA,EN,Combined TRACON& Tower with Radar,19,9,9,25,62,0,0,27,27,54,19,9,36,52,116,20,40,60,176
01/28/2020,ACY,NJ,AEA,EN,Combined TRACON& Tower with Radar,17,8,13,29,67,0,0,14,23,37,17,8,27,52,104,32,32,64,168
01/29/2020,ACY,NJ,AEA,EN,Combined TRACON& Tower with Radar,16,10,19,30,75,0,1,28,26,55,16,11,47,56,130,16,82,98,228
01/30/2020,ACY,NJ,AEA,EN,Combined TRACON& Tower with Radar,21,15,19,28,83,0,0,24,26,50,21,15,43,54,133,0,18,18,151
01/31/2020,ACY,NJ,AEA,EN,Combined TRACON& Tower with Radar,23,8,24,8,63,0,0,23,18,41,23,8,47,26,104,26,18,44,148
02/01/2020,ACY,NJ,AEA,EN,Combined TRACON& Tower with Radar,22,6,10,10,48,0,0,3,1,4,22,6,13,11,52,0,0,0,52
02/02/2020,ACY,NJ,AEA,EN,Combined TRACON& Tower with Radar,21,8,12,2,43,0,0,14,3,17,21,8,26,5,60,0,0,0,60
02/03/2020,ACY,NJ,AEA,EN,Combined TRACON& Tower with Radar,21,6,30,23,80,0,0,47,10,57,21,6,77,33,137,52,20,72,209
02/04/2020,ACY,NJ,AEA,EN,Combined TRACON& Tower with Radar,16,4,27,40,87,0,0,29,27,56,16,4,56,67,143,14,80,94,237
02/05/2020,ACY,NJ,AEA,EN,Combined TRACON& Tower with Radar,16,6,13,26,61,0,1,8,33,42,16,7,21,59,103,0,76,76,179
02/06/2020,ACY,NJ,AEA,EN,Combined TRACON& Tower with Radar,21,9,5,0,35,0,0,0,0,0,21,9,5,0,35,0,0,0,35
02/07/2020,ACY,NJ,AEA,EN,Combined TRACON& Tower with Radar,22,16,3,2,43,0,0,5,17,22,22,16,8,19,65,0,0,0,65
02/08/2020,ACY,NJ,AEA,EN,Combined TRACON& Tower with Radar,23,10,20,6,59,0,6,30,9,45,23,16,50,15,104,6,4,10,114
02/09/2020,ACY,NJ,AEA,EN,Combined TRACON& Tower with Radar,24,16,19,15,74,0,0,37,12,49,24,16,56,27,123,0,0,0,123
02/10/2020,ACY,NJ,AEA,EN,Combined TRACON& Tower with Radar,19,6,3,18,46,0,0,5,16,21,19,6,8,34,67,0,20,20,87
02/11/2020,ACY,NJ,AEA,EN,Combined TRACON& Tower with Radar,16,7,10,8,41,0,0,0,8,8,16,7,10,16,49,0,0,0,49
02/12/2020,ACY,NJ,AEA,EN,Combined TRACON& Tower with Radar,20,7,37,30,94,0,0,55,23,78,20,7,92,53,172,0,44,44,216
02/13/2020,ACY,NJ,AEA,EN,Combined TRACON& Tower with Radar,21,8,10,16,55,0,0,4,11,15,21,8,14,27,70,0,0,0,70
02/14/2020,ACY,NJ,AEA,EN,Combined TRACON& Tower with Radar,25,15,16,44,100,0,1,23,19,43,25,16,39,63,143,0,26,26,169
02/15/2020,ACY,NJ,AEA,EN,Combined TRACON& Tower with Radar,25,7,17,6,55,0,1,59,2,62,25,8,76,8,117,0,6,6,123
02/16/2020,ACY,NJ,AEA,EN,Combined TRACON& Tower with Radar,26,18,33,3,80,0,0,55,5,60,26,18,88,8,140,50,0,50,190
02/17/2020,ACY,NJ,AEA,EN,Combined TRACON& Tower with Radar,21,4,21,5,51,0,3,39,8,50,21,7,60,13,101,10,6,16,117
02/18/2020,ACY,NJ,AEA,EN,Combined TRACON& Tower with Radar,23,4,27,19,73,0,0,21,24,45,23,4,48,43,118,26,22,48,166
02/19/2020,ACY,NJ,AEA,EN,Combined TRACON& Tower with Radar,25,8,31,57,121,0,0,36,36,72,25,8,67,93,193,24,94,118,311
02/20/2020,ACY,NJ,AEA,EN,Combined TRACON& Tower with Radar,21,8,18,54,101,0,3,35,33,71,21,11,53,87,172,2,26,28,200
02/21/2020,ACY,NJ,AEA,EN,Combined TRACON& Tower with Radar,22,18,13,19,72,0,1,32,32,65,22,19,45,51,137,6,46,52,189
02/22/2020,ACY,NJ,AEA,EN,Combined TRACON& Tower with Radar,27,10,24,7,68,0,0,33,19,52,27,10,57,26,120,0,62,62,182
02/23/2020,ACY,NJ,AEA,EN,Combined TRACON& Tower with Radar,27,18,16,6,67,0,1,51,10,62,27,19,67,16,129,2,0,2,131
02/24/2020,ACY,NJ,AEA,EN,Combined TRACON& Tower with Radar,20,10,24,34,88,0,1,42,54,97,20,11,66,88,185,9,54,63,248
02/25/2020,ACY,NJ,AEA,EN,Combined TRACON& Tower with Radar,22,2,5,11,40,0,0,3,0,3,22,2,8,11,43,0,0,0,43
02/26/2020,ACY,NJ,AEA,EN,Combined TRACON& Tower with Radar,19,6,4,27,56,0,0,6,10,16,19,6,10,37,72,0,12,12,84
02/27/2020,ACY,NJ,AEA,EN,Combined TRACON& Tower with Radar,23,7,4,21,55,0,0,2,29,31,23,7,6,50,86,0,42,42,128
02/28/2020,ACY,NJ,AEA,EN,Combined TRACON& Tower with Radar,23,20,21,9,73,0,0,19,16,35,23,20,40,25,108,0,34,34,142
02/29/2020,ACY,NJ,AEA,EN,Combined TRACON& Tower with Radar,22,12,11,1,46,0,1,24,15,40,22,13,35,16,86,18,28,46,132
03/01/2020,ACY,NJ,AEA,EN,Combined TRACON& Tower with Radar,23,18,22,1,64,0,0,24,4,28,23,18,46,5,92,0,0,0,92
03/02/2020,ACY,NJ,AEA,EN,Combined TRACON& Tower with Radar,18,7,17,33,75,0,1,28,25,54,18,8,45,58,129,20,40,60,189
03/03/2020,ACY,NJ,AEA,EN,Combined TRACON& Tower with Radar,19,0,15,32,66,0,9,12,40,61,19,9,27,72,127,6,52,58,185
03/04/2020,ACY,NJ,AEA,EN,Combined TRACON& Tower with Radar,24,7,8,18,57,0,0,26,32,58,24,7,34,50,115,6,8,14,129
03/05/2020,ACY,NJ,AEA,EN,Combined TRACON& Tower with Radar,21,10,16,38,85,0,0,34,37,71,21,10,50,75,156,8,74,82,238
03/06/2020,ACY,NJ,AEA,EN,Combined TRACON& Tower with Radar,24,24,6,10,64,0,0,2,17,19,24,24,8,27,83,0,12,12,95
03/07/2020,ACY,NJ,AEA,EN,Combined TRACON& Tower with Radar,27,8,11,13,59,0,0,24,9,33,27,8,35,22,92,24,46,70,162
03/08/2020,ACY,NJ,AEA,EN,Combined TRACON& Tower with Radar,28,23,18,14,83,0,1,68,19,88,28,24,86,33,171,38,18,56,227
03/09/2020,ACY,NJ,AEA,EN,Combined TRACON& Tower with Radar,20,10,27,30,87,0,0,47,25,72,20,10,74,55,159,40,16,56,215
03/10/2020,ACY,NJ,AEA,EN,Combined TRACON& Tower with Radar,23,10,16,45,94,0,0,9,31,40,23,10,25,76,134,0,8,8,142
03/11/2020,ACY,NJ,AEA,EN,Combined TRACON& Tower with Radar,21,5,29,52,107,0,2,50,30,82,21,7,79,82,189,48,118,166,355
03/12/2020,ACY,NJ,AEA,EN,Combined TRACON& Tower with Radar,24,10,31,52,117,0,0,13,26,39,24,10,44,78,156,0,32,32,188
03/13/2020,ACY,NJ,AEA,EN,Combined TRACON& Tower with Radar,27,14,7,11,59,0,2,6,14,22,27,16,13,25,81,0,18,18,99
03/14/2020,ACY,NJ,AEA,EN,Combined TRACON& Tower with Radar,25,7,16,0,48,0,0,50,5,55,25,7,66,5,103,0,0,0,103
03/15/2020,ACY,NJ,AEA,EN,Combined TRACON& Tower with Radar,26,19,18,3,66,0,0,32,14,46,26,19,50,17,112,0,34,34,146
03/16/2020,ACY,NJ,AEA,EN,Combined TRACON& Tower with Radar,24,4,23,16,67,0,0,19,27,46,24,4,42,43,113,8,26,34,147
03/17/2020,ACY,NJ,AEA,EN,Combined TRACON& Tower with Radar,21,2,7,13,43,0,0,10,10,20,21,2,17,23,63,0,0,0,63
03/18/2020,ACY,NJ,AEA,EN,Combined TRACON& Tower with Radar,21,0,29,45,95,0,0,33,11,44,21,0,62,56,139,10,12,22,161
03/19/2020,ACY,NJ,AEA,EN,Combined TRACON& Tower with Radar,21,6,15,39,81,0,0,3,2,5,21,6,18,41,86,0,24,24,110
03/20/2020,ACY,NJ,AEA,EN,Combined TRACON& Tower with Radar,23,0,2,8,33,0,0,8,13,21,23,0,10,21,54,0,10,10,64
03/21/2020,ACY,NJ,AEA,EN,Combined TRACON& Tower with Radar,23,0,11,2,36,0,0,21,5,26,23,0,32,7,62,8,0,8,70
03/22/2020,ACY,NJ,AEA,EN,Combined TRACON& Tower with Radar,21,0,5,0,26,0,1,20,13,34,21,1,25,13,60,4,4,8,68
03/23/2020,ACY,NJ,AEA,EN,Combined TRACON& Tower with Radar,20,0,1,0,21,0,0,0,0,0,20,0,1,0,21,0,10,10,31
03/24/2020,ACY,NJ,AEA,EN,Combined TRACON& Tower with Radar,21,1,17,36,75,0,0,27,17,44,21,1,44,53,119,8,42,50,169
03/25/2020,ACY,NJ,AEA,EN,Combined TRACON& Tower with Radar,19,0,1,5,25,0,0,0,17,17,19,0,1,22,42,0,8,8,50
03/26/2020,ACY,NJ,AEA,EN,Combined TRACON& Tower with Radar,21,0,16,29,66,0,0,39,12,51,21,0,55,41,117,2,24,26,143
03/27/2020,ACY,NJ,AEA,EN,Combined TRACON& Tower with Radar,17,4,11,10,42,0,0,19,13,32,17,4,30,23,74,0,42,42,116
03/28/2020,ACY,NJ,AEA,EN,Combined TRACON& Tower with Radar,17,0,3,0,20,0,0,3,6,9,17,0,6,6,29,0,0,0,29
03/29/2020,ACY,NJ,AEA,EN,Combined TRACON& Tower with Radar,16,0,0,6,22,0,0,0,6,6,16,0,0,12,28,0,0,0,28
03/30/2020,ACY,NJ,AEA,EN,Combined TRACON& Tower with Radar,18,0,4,28,50,0,0,1,6,7,18,0,5,34,57,0,0,0,57
03/31/2020,ACY,NJ,AEA,EN,Combined TRACON& Tower with Radar,16,0,21,33,70,0,0,5,16,21,16,0,26,49,91,42,0,42,133
04/01/2020,ACY,NJ,AEA,EN,Combined TRACON& Tower with Radar,14,0,4,17,35,0,0,6,8,14,14,0,10,25,49,0,4,4,53
04/02/2020,ACY,NJ,AEA,EN,Combined TRACON& Tower with Radar,11,0,6,35,52,0,0,6,28,34,11,0,12,63,86,0,38,38,124
04/03/2020,ACY,NJ,AEA,EN,Combined TRACON& Tower with Radar,9,0,6,9,24,0,0,9,18,27,9,0,15,27,51,6,24,30,81
04/04/2020,ACY,NJ,AEA,EN,Combined TRACON& Tower with Radar,9,0,11,15,35,0,0,12,11,23,9,0,23,26,58,20,14,34,92
04/05/2020,ACY,NJ,AEA,EN,Combined TRACON& Tower with Radar,13,0,17,7,37,0,0,13,7,20,13,0,30,14,57,0,0,0,57
04/06/2020,ACY,NJ,AEA,EN,Combined TRACON& Tower with Radar,17,1,19,12,49,0,0,21,15,36,17,1,40,27,85,0,0,0,85
04/07/2020,ACY,NJ,AEA,EN,Combined TRACON& Tower with Radar,31,1,8,27,67,0,0,13,26,39,31,1,21,53,106,0,0,0,106
04/08/2020,ACY,NJ,AEA,EN,Combined TRACON& Tower with Radar,7,0,6,33,46,0,0,10,20,30,7,0,16,53,76,0,0,0,76
04/09/2020,ACY,NJ,AEA,EN,Combined TRACON& Tower with Radar,2,1,4,13,20,0,3,0,8,11,2,4,4,21,31,0,0,0,31
04/10/2020,ACY,NJ,AEA,EN,Combined TRACON& Tower with Radar,2,4,0,10,16,0,0,5,13,18,2,4,5,23,34,0,0,0,34
04/11/2020,ACY,NJ,AEA,EN,Combined TRACON& Tower with Radar,2,2,5,5,14,0,1,15,17,33,2,3,20,22,47,0,0,0,47
04/12/2020,ACY,NJ,AEA,EN,Combined TRACON& Tower with Radar,2,0,7,2,11,0,0,16,5,21,2,0,23,7,32,0,0,0,32
04/13/2020,ACY,NJ,AEA,EN,Combined TRACON& Tower with Radar,2,0,0,0,2,0,0,0,4,4,2,0,0,4,6,0,0,0,6
04/14/2020,ACY,NJ,AEA,EN,Combined TRACON& Tower with Radar,2,0,13,44,59,0,0,40,13,53,2,0,53,57,112,0,0,0,112
04/15/2020,ACY,NJ,AEA,EN,Combined TRACON& Tower with Radar,2,0,8,66,76,0,0,12,19,31,2,0,20,85,107,0,0,0,107
04/16/2020,ACY,NJ,AEA,EN,Combined TRACON& Tower with Radar,2,0,5,44,51,0,0,6,28,34,2,0,11,72,85,0,0,0,85
04/17/2020,ACY,NJ,AEA,EN,Combined TRACON& Tower with Radar,2,2,9,12,25,0,0,19,11,30,2,2,28,23,55,0,0,0,55
04/18/2020,ACY,NJ,AEA,EN,Combined TRACON& Tower with Radar,2,0,2,0,4,0,0,1,5,6,2,0,3,5,10,0,0,0,10
04/19/2020,ACY,NJ,AEA,EN,Combined TRACON& Tower with Radar,2,0,5,7,14,0,0,13,14,27,2,0,18,21,41,0,0,0,41
04/20/2020,ACY,NJ,AEA,EN,Combined TRACON& Tower with Radar,2,2,10,43,57,0,0,11,8,19,2,2,21,51,76,0,0,0,76
04/21/2020,ACY,NJ,AEA,EN,Combined TRACON& Tower with Radar,2,0,4,34,40,0,1,9,19,29,2,1,13,53,69,0,58,58,127
04/22/2020,ACY,NJ,AEA,EN,Combined TRACON& Tower with Radar,2,0,8,44,54,0,0,15,7,22,2,0,23,51,76,6,40,46,122
04/23/2020,ACY,NJ,AEA,EN,Combined TRACON& Tower with Radar,2,0,20,87,109,0,1,15,12,28,2,1,35,99,137,6,36,42,179
04/24/2020,ACY,NJ,AEA,EN,Combined TRACON& Tower with Radar,2,0,14,11,27,0,0,0,3,3,2,0,14,14,30,0,0,0,30
04/25/2020,ACY,NJ,AEA,EN,Combined TRACON& Tower with Radar,2,0,18,19,39,0,2,27,17,46,2,2,45,36,85,0,20,20,105
04/26/2020,ACY,NJ,AEA,EN,Combined TRACON& Tower with Radar,2,2,9,4,17,0,0,0,0,0,2,2,9,4,17,0,0,0,17
04/27/2020,ACY,NJ,AEA,EN,Combined TRACON& Tower with Radar,2,0,3,38,43,0,0,7,18,25,2,0,10,56,68,18,32,50,118
04/28/2020,ACY,NJ,AEA,EN,Combined TRACON& Tower with Radar,2,2,26,45,75,0,1,26,20,47,2,3,52,65,122,36,102,138,260
04/29/2020,ACY,NJ,AEA,EN,Combined TRACON& Tower with Radar,2,0,12,42,56,0,2,19,20,41,2,2,31,62,97,0,94,94,191
04/30/2020,ACY,NJ,AEA,EN,Combined TRACON& Tower with Radar,2,2,5,12,21,0,0,6,15,21,2,2,11,27,42,0,0,0,42
05/01/2020,ACY,NJ,AEA,EN,Combined TRACON& Tower with Radar,2,3,11,26,42,0,0,7,17,24,2,3,18,43,66,0,30,30,96
05/02/2020,ACY,NJ,AEA,EN,Combined TRACON& Tower with Radar,2,2,25,18,47,0,0,31,13,44,2,2,56,31,91,12,40,52,143
05/03/2020,ACY,NJ,AEA,EN,Combined TRACON& Tower with Radar,2,1,16,6,25,0,0,15,15,30,2,1,31,21,55,0,8,8,63
05/04/2020,ACY,NJ,AEA,EN,Combined TRACON& Tower with Radar,2,0,6,14,22,0,0,14,14,28,2,0,20,28,50,0,28,28,78
05/05/2020,ACY,NJ,AEA,EN,Combined TRACON& Tower with Radar,2,0,19,37,58,0,0,18,5,23,2,0,37,42,81,0,0,0,81
05/06/2020,ACY,NJ,AEA,EN,Combined TRACON& Tower with Radar,2,2,22,24,50,0,0,0,8,8,2,2,22,32,58,0,2,2,60
05/07/2020,ACY,NJ,AEA,EN,Combined TRACON& Tower with Radar,2,2,19,32,55,0,0,37,37,74,2,2,56,69,129,36,46,82,211
05/08/2020,ACY,NJ,AEA,EN,Combined TRACON& Tower with Radar,2,0,17,22,41,0,0,22,12,34,2,0,39,34,75,0,40,40,115
05/09/2020,ACY,NJ,AEA,EN,Combined TRACON& Tower with Radar,2,2,1,0,5,0,0,0,12,12,2,2,1,12,17,0,0,0,17
05/10/2020,ACY,NJ,AEA,EN,Combined TRACON& Tower with Radar,2,0,7,2,11,0,0,5,16,21,2,0,12,18,32,0,0,0,32
05/11/2020,ACY,NJ,AEA,EN,Combined TRACON& Tower with Radar,2,2,6,16,26,0,0,6,17,23,2,2,12,33,49,12,50,62,111
05/12/2020,ACY,NJ,AEA,EN,Combined TRACON& Tower with Radar,0,3,15,43,61,0,0,18,28,46,0,3,33,71,107,0,42,42,149
05/13/2020,ACY,NJ,AEA,EN,Combined TRACON& Tower with Radar,2,9,23,25,59,0,0,36,16,52,2,9,59,41,111,62,50,112,223
05/14/2020,ACY,NJ,AEA,EN,Combined TRACON& Tower with Radar,2,4,29,43,78,1,1,33,22,57,3,5,62,65,135,8,30,38,173
05/15/2020,ACY,NJ,AEA,EN,Combined TRACON& Tower with Radar,2,3,13,12,30,0,0,12,25,37,2,3,25,37,67,6,38,44,111
05/16/2020,ACY,NJ,AEA,EN,Combined TRACON& Tower with Radar,2,7,14,10,33,0,0,32,23,55,2,7,46,33,88,10,34,44,132
05/17/2020,ACY,NJ,AEA,EN,Combined TRACON& Tower with Radar,2,3,12,4,21,0,0,18,16,34,2,3,30,20,55,4,20,24,79
05/18/2020,ACY,NJ,AEA,EN,Combined TRACON& Tower with Radar,1,6,12,42,61,0,0,0,13,13,1,6,12,55,74,0,4,4,78
05/19/2020,ACY,NJ,AEA,EN,Combined TRACON& Tower with Radar,0,4,16,24,44,0,0,6,10,16,0,4,22,34,60,24,12,36,96
05/20/2020,ACY,NJ,AEA,EN,Combined TRACON& Tower with Radar,2,11,14,22,49,1,6,21,19,47,3,17,35,41,96,20,14,34,130
05/21/2020,ACY,NJ,AEA,EN,Combined TRACON& Tower with Radar,2,11,27,65,105,0,6,34,15,55,2,17,61,80,160,46,102,148,308
05/22/2020,ACY,NJ,AEA,EN,Combined TRACON& Tower with Radar,2,1,11,9,23,0,0,6,4,10,2,1,17,13,33,0,4,4,37
05/23/2020,ACY,NJ,AEA,EN,Combined TRACON& Tower with Radar,2,1,8,0,11,0,0,4,6,10,2,1,12,6,21,10,0,10,31
05/24/2020,ACY,NJ,AEA,EN,Combined TRACON& Tower with Radar,2,2,35,5,44,0,0,6,4,10,2,2,41,9,54,0,0,0,54
05/25/2020,ACY,NJ,AEA,EN,Combined TRACON& Tower with Radar,2,1,27,6,36,0,0,2,4,6,2,1,29,10,42,10,16,26,68
05/26/2020,ACY,NJ,AEA,EN,Combined TRACON& Tower with Radar,0,8,16,35,59,0,0,11,19,30,0,8,27,54,89,52,24,76,165
05/27/2020,ACY,NJ,AEA,EN,Combined TRACON& Tower with Radar,2,9,24,45,80,0,0,20,26,46,2,9,44,71,126,20,48,68,194
05/28/2020,ACY,NJ,AEA,EN,Combined TRACON& Tower with Radar,2,1,28,27,58,0,0,1,6,7,2,1,29,33,65,0,0,0,65
05/29/2020,ACY,NJ,AEA,EN,Combined TRACON& Tower with Radar,2,4,26,33,65,0,0,9,16,25,2,4,35,49,90,6,106,112,202
05/30/2020,ACY,NJ,AEA,EN,Combined TRACON& Tower with Radar,2,3,33,6,44,0,0,37,11,48,2,3,70,17,92,52,0,52,144
05/31/2020,ACY,NJ,AEA,EN,Combined TRACON& Tower with Radar,2,2,5,2,11,0,3,27,20,50,2,5,32,22,61,18,4,22,83
06/01/2020,ACY,NJ,AEA,EN,Combined TRACON& Tower with Radar,2,3,23,18,46,0,0,43,17,60,2,3,66,35,106,38,24,62,168
06/02/2020,ACY,NJ,AEA,EN,Combined TRACON& Tower with Radar,0,1,33,39,73,0,1,32,19,52,0,2,65,58,125,22,58,80,205
06/03/2020,ACY,NJ,AEA,EN,Combined TRACON& Tower with Radar,2,4,6,44,56,0,1,8,3,12,2,5,14,47,68,32,6,38,106
06/04/2020,ACY,NJ,AEA,EN,Combined TRACON& Tower with Radar,4,5,26,22,57,0,3,43,29,75,4,8,69,51,132,58,52,110,242
06/05/2020,ACY,NJ,AEA,EN,Combined TRACON& Tower with Radar,2,3,7,23,35,0,0,13,13,26,2,3,20,36,61,24,30,54,115
06/06/2020,ACY,NJ,AEA,EN,Combined TRACON& Tower with Radar,2,8,16,11,37,0,0,11,30,41,2,8,27,41,78,42,40,82,160
06/07/2020,ACY,NJ,AEA,EN,Combined TRACON& Tower with Radar,2,6,28,6,42,0,1,37,9,47,2,7,65,15,89,4,12,16,105
06/08/2020,ACY,NJ,AEA,EN,Combined TRACON& Tower with Radar,3,5,19,22,49,0,3,27,11,41,3,8,46,33,90,68,32,100,190
06/09/2020,ACY,NJ,AEA,EN,Combined TRACON& Tower with Radar,0,3,27,40,70,0,2,30,21,53,0,5,57,61,123,32,81,113,236
06/10/2020,ACY,NJ,AEA,EN,Combined TRACON& Tower with Radar,2,2,17,46,67,0,5,34,27,66,2,7,51,73,133,6,64,70,203
06/11/2020,ACY,NJ,AEA,EN,Combined TRACON& Tower with Radar,12,12,17,20,61,0,0,5,7,12,12,12,22,27,73,0,0,0,73
06/12/2020,ACY,NJ,AEA,EN,Combined TRACON& Tower with Radar,8,5,27,33,73,0,0,35,21,56,8,5,62,54,129,4,36,40,169
06/13/2020,ACY,NJ,AEA,EN,Combined TRACON& Tower with Radar,10,2,18,21,51,0,0,32,20,52,10,2,50,41,103,36,12,48,151
06/14/2020,ACY,NJ,AEA,EN,Combined TRACON& Tower with Radar,10,11,17,16,54,0,1,31,24,56,10,12,48,40,110,6,46,52,162
06/15/2020,ACY,NJ,AEA,EN,Combined TRACON& Tower with Radar,10,5,21,41,77,0,0,36,23,59,10,5,57,64,136,48,136,184,320
06/16/2020,ACY,NJ,AEA,EN,Combined TRACON& Tower with Radar,2,9,9,57,77,0,0,14,30,44,2,9,23,87,121,0,90,90,211
06/17/2020,ACY,NJ,AEA,EN,Combined TRACON& Tower with Radar,3,6,19,15,43,0,0,0,4,4,3,6,19,19,47,0,0,0,47
06/18/2020,ACY,NJ,AEA,EN,Combined TRACON& Tower with Radar,12,10,16,26,64,0,0,8,13,21,12,10,24,39,85,16,20,36,121
06/19/2020,ACY,NJ,AEA,EN,Combined TRACON& Tower with Radar,8,5,20,20,53,0,5,20,19,44,8,10,40,39,97,8,34,42,139
06/20/2020,ACY,NJ,AEA,EN,Combined TRACON& Tower with Radar,12,4,3,6,25,0,0,16,22,38,12,4,19,28,63,0,18,18,81
06/21/2020,ACY,NJ,AEA,EN,Combined TRACON& Tower with Radar,11,10,25,1,47,0,0,11,14,25,11,10,36,15,72,0,8,8,80
06/22/2020,ACY,NJ,AEA,EN,Combined TRACON& Tower with Radar,10,4,21,12,47,0,0,17,24,41,10,4,38,36,88,4,24,28,116
06/23/2020,ACY,NJ,AEA,EN,Combined TRACON& Tower with Radar,2,8,22,31,63,2,1,43,32,78,4,9,65,63,141,18,28,46,187
06/24/2020,ACY,NJ,AEA,EN,Combined TRACON& Tower with Radar,10,10,20,33,73,0,4,18,34,56,10,14,38,67,129,26,20,46,175
06/25/2020,ACY,NJ,AEA,EN,Combined TRACON& Tower with Radar,12,8,10,74,104,0,2,27,37,66,12,10,37,111,170,0,32,32,202
06/26/2020,ACY,NJ,AEA,EN,Combined TRACON& Tower with Radar,10,4,20,51,85,0,1,32,28,61,10,5,52,79,146,4,114,118,264
06/27/2020,ACY,NJ,AEA,EN,Combined TRACON& Tower with Radar,12,5,14,4,35,0,3,10,7,20,12,8,24,11,55,20,16,36,91
06/28/2020,ACY,NJ,AEA,EN,Combined TRACON& Tower with Radar,14,10,14,0,38,0,1,14,10,25,14,11,28,10,63,12,8,20,83
06/29/2020,ACY,NJ,AEA,EN,Combined TRACON& Tower with Radar,13,5,20,20,58,0,0,30,29,59,13,5,50,49,117,96,14,110,227
06/30/2020,ACY,NJ,AEA,EN,Combined TRACON& Tower with Radar,10,12,34,59,115,0,1,27,20,48,10,13,61,79,163,36,60,96,259
07/01/2020,ACY,NJ,AEA,EN,Combined TRACON& Tower with Radar,14,5,27,9,55,0,2,13,12,27,14,7,40,21,82,0,18,18,100
07/02/2020,ACY,NJ,AEA,EN,Combined TRACON& Tower with Radar,16,7,21,21,65,0,0,34,31,65,16,7,55,52,130,24,42,66,196
07/03/2020,ACY,NJ,AEA,EN,Combined TRACON& Tower with Radar,20,7,33,0,60,0,0,44,3,47,20,7,77,3,107,22,0,22,129
07/04/2020,ACY,NJ,AEA,EN,Combined TRACON& Tower with Radar,10,1,11,2,24,0,0,9,6,15,10,1,20,8,39,0,0,0,39
07/05/2020,ACY,NJ,AEA,EN,Combined TRACON& Tower with Radar,16,5,13,1,35,1,0,14,6,21,17,5,27,7,56,12,0,12,68
07/06/2020,ACY,NJ,AEA,EN,Combined TRACON& Tower with Radar,17,6,12,2,37,0,0,21,8,29,17,6,33,10,66,22,22,44,110
07/07/2020,ACY,NJ,AEA,EN,Combined TRACON& Tower with Radar,15,10,24,44,93,0,1,18,19,38,15,11,42,63,131,14,42,56,187
07/08/2020,ACY,NJ,AEA,EN,Combined TRACON& Tower with Radar,14,12,32,77,135,0,1,14,28,43,14,13,46,105,178,24,90,114,292
07/09/2020,ACY,NJ,AEA,EN,Combined TRACON& Tower with Radar,16,25,36,36,113,0,1,30,17,48,16,26,66,53,161,0,0,0,161
07/10/2020,ACY,NJ,AEA,EN,Combined TRACON& Tower with Radar,18,11,5,0,34,0,0,4,5,9,18,11,9,5,43,0,0,0,43
07/11/2020,ACY,NJ,AEA,EN,Combined TRACON& Tower with Radar,18,10,33,0,61,0,2,22,19,43,18,12,55,19,104,14,34,48,152
07/12/2020,ACY,NJ,AEA,EN,Combined TRACON& Tower with Radar,16,11,22,19,68,0,2,45,10,57,16,13,67,29,125,10,0,10,135
07/13/2020,ACY,NJ,AEA,EN,Combined TRACON& Tower with Radar,18,6,21,16,61,0,3,40,25,68,18,9,61,41,129,34,4,38,167
07/14/2020,ACY,NJ,AEA,EN,Combined TRACON& Tower with Radar,16,7,36,35,94,0,1,69,30,100,16,8,105,65,194,70,56,126,320
07/15/2020,ACY,NJ,AEA,EN,Combined TRACON& Tower with Radar,14,6,27,50,97,0,0,31,27,58,14,6,58,77,155,44,66,110,265
07/16/2020,ACY,NJ,AEA,EN,Combined TRACON& Tower with Radar,16,9,52,44,121,0,1,32,30,63,16,10,84,74,184,42,80,122,306
07/17/2020,ACY,NJ,AEA,EN,Combined TRACON& Tower with Radar,16,17,28,20,81,0,1,2,15,18,16,18,30,35,99,4,10,14,113
07/18/2020,ACY,NJ,AEA,EN,Combined TRACON& Tower with Radar,17,17,5,2,41,0,2,22,12,36,17,19,27,14,77,0,0,0,77
07/19/2020,ACY,NJ,AEA,EN,Combined TRACON& Tower with Radar,18,14,21,1,54,0,1,41,4,46,18,15,62,5,100,0,0,0,100
07/20/2020,ACY,NJ,AEA,EN,Combined TRACON& Tower with Radar,18,11,20,23,72,0,0,25,13,38,18,11,45,36,110,0,32,32,142
07/21/2020,ACY,NJ,AEA,EN,Combined TRACON& Tower with Radar,16,7,24,32,79,0,0,44,19,63,16,7,68,51,142,36,54,90,232
07/22/2020,ACY,NJ,AEA,EN,Combined TRACON& Tower with Radar,14,6,19,21,60,0,1,14,32,47,14,7,33,53,107,10,48,58,165
07/23/2020,ACY,NJ,AEA,EN,Combined TRACON& Tower with Radar,18,13,26,48,105,0,1,21,19,41,18,14,47,67,146,24,40,64,210
07/24/2020,ACY,NJ,AEA,EN,Combined TRACON& Tower with Radar,14,10,14,7,45,0,0,7,12,19,14,10,21,19,64,9,35,44,108
07/25/2020,ACY,NJ,AEA,EN,Combined TRACON& Tower with Radar,16,8,38,1,63,1,1,46,10,58,17,9,84,11,121,6,12,18,139
07/26/2020,ACY,NJ,AEA,EN,Combined TRACON& Tower with Radar,19,11,14,6,50,0,0,13,8,21,19,11,27,14,71,0,0,0,71
07/27/2020,ACY,NJ,AEA,EN,Combined TRACON& Tower with Radar,17,7,23,36,83,0,0,31,17,48,17,7,54,53,131,14,20,34,165
07/28/2020,ACY,NJ,AEA,EN,Combined TRACON& Tower with Radar,15,4,18,55,92,0,1,23,45,69,15,5,41,100,161,22,24,46,207
07/29/2020,ACY,NJ,AEA,EN,Combined TRACON& Tower with Radar,17,1,16,48,82,0,4,41,24,69,17,5,57,72,151,22,34,56,207
07/30/2020,ACY,NJ,AEA,EN,Combined TRACON& Tower with Radar,16,2,29,26,73,0,0,27,29,56,16,2,56,55,129,10,28,38,167
07/31/2020,ACY,NJ,AEA,EN,Combined TRACON& Tower with Radar,14,9,29,7,59,0,0,6,10,16,14,9,35,17,75,0,2,2,77
08/01/2020,ACY,NJ,AEA,EN,Combined TRACON& Tower with Radar,16,16,21,1,54,0,1,46,8,55,16,17,67,9,109,6,0,6,115
08/02/2020,ACY,NJ,AEA,EN,Combined TRACON& Tower with Radar,18,5,16,0,39,0,0,16,5,21,18,5,32,5,60,20,2,22,82
08/03/2020,ACY,NJ,AEA,EN,Combined TRACON& Tower with Radar,16,10,13,0,39,0,2,22,7,31,16,12,35,7,70,0,0,0,70
08/04/2020,ACY,NJ,AEA,EN,Combined TRACON& Tower with Radar,4,2,0,0,6,0,0,0,3,3,4,2,0,3,9,0,0,0,9
08/05/2020,ACY,NJ,AEA,EN,Combined TRACON& Tower with Radar,7,11,24,18,60,0,0,43,18,61,7,11,67,36,121,24,16,40,161
08/06/2020,ACY,NJ,AEA,EN,Combined TRACON& Tower with Radar,10,7,13,18,48,0,0,7,15,22,10,7,20,33,70,0,46,46,116
08/07/2020,ACY,NJ,AEA,EN,Combined TRACON& Tower with Radar,11,12,50,10,83,0,0,8,28,36,11,12,58,38,119,0,0,0,119
08/08/2020,ACY,NJ,AEA,EN,Combined TRACON& Tower with Radar,5,14,38,6,63,0,2,13,2,17,5,16,51,8,80,10,0,10,90
08/09/2020,ACY,NJ,AEA,EN,Combined TRACON& Tower with Radar,10,23,12,0,45,0,0,28,5,33,10,23,40,5,78,0,0,0,78
08/10/2020,ACY,NJ,AEA,EN,Combined TRACON& Tower with Radar,10,12,23,70,115,0,4,33,16,53,10,16,56,86,168,72,100,172,340
08/11/2020,ACY,NJ,AEA,EN,Combined TRACON& Tower with Radar,4,10,12,39,65,0,0,19,18,37,4,10,31,57,102,16,52,68,170
08/12/2020,ACY,NJ,AEA,EN,Combined TRACON& Tower with Radar,6,8,16,31,61,0,0,21,10,31,6,8,37,41,92,22,34,56,148
08/13/2020,ACY,NJ,AEA,EN,Combined TRACON& Tower with Radar,10,15,30,25,80,0,0,4,15,19,10,15,34,40,99,36,80,116,215
08/14/2020,ACY,NJ,AEA,EN,Combined TRACON& Tower with Radar,10,23,31,17,81,0,0,17,11,28,10,23,48,28,109,16,12,28,137
08/15/2020,ACY,NJ,AEA,EN,Combined TRACON& Tower with Radar,4,18,21,2,45,0,0,16,4,20,4,18,37,6,65,0,0,0,65
08/16/2020,ACY,NJ,AEA,EN,Combined TRACON& Tower with Radar,11,12,39,3,65,0,0,0,1,1,11,12,39,4,66,0,0,0,66
08/17/2020,ACY,NJ,AEA,EN,Combined TRACON& Tower with Radar,11,4,26,19,60,0,4,43,22,69,11,8,69,41,129,18,16,34,163
08/18/2020,ACY,NJ,AEA,EN,Combined TRACON& Tower with Radar,14,8,23,72,117,0,1,46,24,71,14,9,69,96,188,10,50,60,248
08/19/2020,ACY,NJ,AEA,EN,Combined TRACON& Tower with Radar,6,8,29,47,90,0,9,18,11,38,6,17,47,58,128,26,48,74,202
08/20/2020,ACY,NJ,AEA,EN,Combined TRACON& Tower with Radar,11,5,30,72,118,0,0,53,18,71,11,5,83,90,189,8,58,66,255
08/21/2020,ACY,NJ,AEA,EN,Combined TRACON& Tower with Radar,10,10,31,60,111,0,0,62,28,90,10,10,93,88,201,12,44,56,257
08/22/2020,ACY,NJ,AEA,EN,Combined TRACON& Tower with Radar,5,4,21,18,48,0,0,41,13,54,5,4,62,31,102,26,26,52,154
08/23/2020,ACY,NJ,AEA,EN,Combined TRACON& Tower with Radar,10,20,25,5,60,0,0,10,2,12,10,20,35,7,72,0,0,0,72
08/24/2020,ACY,NJ,AEA,EN,Combined TRACON& Tower with Radar,10,6,18,78,112,0,0,35,27,62,10,6,53,105,174,8,114,122,296
08/25/2020,ACY,NJ,AEA,EN,Combined TRACON& Tower with Radar,5,9,18,61,93,0,2,27,33,62,5,11,45,94,155,22,76,98,253
08/26/2020,ACY,NJ,AEA,EN,Combined TRACON& Tower with Radar,6,10,22,77,115,0,0,44,24,68,6,10,66,101,183,0,22,22,205
08/27/2020,ACY,NJ,AEA,EN,Combined TRACON& Tower with Radar,10,10,14,35,69,0,2,27,15,44,10,12,41,50,113,0,18,18,131
08/28/2020,ACY,NJ,AEA,EN,Combined TRACON& Tower with Radar,12,13,18,45,88,0,0,30,9,39,12,13,48,54,127,22,26,48,175
08/29/2020,ACY,NJ,AEA,EN,Combined TRACON& Tower with Radar,7,7,11,0,25,0,0,2,2,4,7,7,13,2,29,0,0,0,29
08/30/2020,ACY,NJ,AEA,EN,Combined TRACON& Tower with Radar,11,19,23,2,55,0,0,49,2,51,11,19,72,4,106,0,0,0,106
08/31/2020,ACY,NJ,AEA,EN,Combined TRACON& Tower with Radar,13,12,33,55,113,0,1,42,20,63,13,13,75,75,176,38,6,44,220
09/01/2020,ACY,NJ,AEA,EN,Combined TRACON& Tower with Radar,7,6,43,61,117,0,0,2,16,18,7,6,45,77,135,4,48,52,187
09/02/2020,ACY,NJ,AEA,EN,Combined TRACON& Tower with Radar,6,6,23,46,81,0,2,15,13,30,6,8,38,59,111,18,66,84,195
09/03/2020,ACY,NJ,AEA,EN,Combined TRACON& Tower with Radar,10,12,18,26,66,0,4,33,27,64,10,16,51,53,130,26,38,64,194
09/04/2020,ACY,NJ,AEA,EN,Combined TRACON& Tower with Radar,12,24,19,5,60,0,1,43,6,50,12,25,62,11,110,0,0,0,110
09/05/2020,ACY,NJ,AEA,EN,Combined TRACON& Tower with Radar,7,9,26,1,43,0,1,45,2,48,7,10,71,3,91,0,0,0,91
09/06/2020,ACY,NJ,AEA,EN,Combined TRACON& Tower with Radar,12,15,8,10,45,0,0,22,7,29,12,15,30,17,74,0,0,0,74
09/07/2020,ACY,NJ,AEA,EN,Combined TRACON& Tower with Radar,11,9,15,2,37,0,1,28,3,32,11,10,43,5,69,6,0,6,75
09/08/2020,ACY,NJ,AEA,EN,Combined TRACON& Tower with Radar,7,1,25,13,46,0,1,26,19,46,7,2,51,32,92,34,22,56,148
09/09/2020,ACY,NJ,AEA,EN,Combined TRACON& Tower with Radar,3,9,29,24,65,0,0,5,8,13,3,9,34,32,78,32,18,50,128
09/10/2020,ACY,NJ,AEA,EN,Combined TRACON& Tower with Radar,4,7,7,26,44,0,0,0,3,3,4,7,7,29,47,0,12,12,59
09/11/2020,ACY,NJ,AEA,EN,Combined TRACON& Tower with Radar,6,10,26,32,74,0,0,9,28,37,6,10,35,60,111,0,102,102,213
09/12/2020,ACY,NJ,AEA,EN,Combined TRACON& Tower with Radar,3,12,16,19,50,0,1,26,6,33,3,13,42,25,83,54,10,64,147
09/13/2020,ACY,NJ,AEA,EN,Combined TRACON& Tower with Radar,4,11,15,12,42,0,0,15,4,19,4,11,30,16,61,4,4,8,69
09/14/2020,ACY,NJ,AEA,EN,Combined TRACON& Tower with Radar,4,5,21,5,35,0,2,19,24,45,4,7,40,29,80,6,18,24,104
09/15/2020,ACY,NJ,AEA,EN,Combined TRACON& Tower with Radar,2,3,20,28,53,0,0,32,21,53,2,3,52,49,106,10,20,30,136
09/16/2020,ACY,NJ,AEA,EN,Combined TRACON& Tower with Radar,3,10,36,30,79,0,2,33,18,53,3,12,69,48,132,32,68,100,232
09/17/2020,ACY,NJ,AEA,EN,Combined TRACON& Tower with Radar,5,12,22,17,56,0,0,17,11,28,5,12,39,28,84,0,28,28,112
09/18/2020,ACY,NJ,AEA,EN,Combined TRACON& Tower with Radar,4,15,13,10,42,0,1,0,9,10,4,16,13,19,52,0,0,0,52
09/19/2020,ACY,NJ,AEA,EN,Combined TRACON& Tower with Radar,6,6,23,9,44,0,0,21,5,26,6,6,44,14,70,20,0,20,90
09/20/2020,ACY,NJ,AEA,EN,Combined TRACON& Tower with Radar,4,13,21,0,38,0,0,16,5,21,4,13,37,5,59,10,0,10,69
09/21/2020,ACY,NJ,AEA,EN,Combined TRACON& Tower with Radar,4,6,12,20,42,0,0,22,27,49,4,6,34,47,91,46,6,52,143
09/22/2020,ACY,NJ,AEA,EN,Combined TRACON& Tower with Radar,4,13,24,44,85,0,1,18,26,45,4,14,42,70,130,8,34,42,172
09/23/2020,ACY,NJ,AEA,EN,Combined TRACON& Tower with Radar,3,6,13,36,58,0,0,44,32,76,3,6,57,68,134,10,50,60,194
09/24/2020,ACY,NJ,AEA,EN,Combined TRACON& Tower with Radar,4,7,28,39,78,0,0,54,24,78,4,7,82,63,156,38,50,88,244
09/25/2020,ACY,NJ,AEA,EN,Combined TRACON& Tower with Radar,5,17,26,38,86,0,3,22,10,35,5,20,48,48,121,6,4,10,131
09/26/2020,ACY,NJ,AEA,EN,Combined TRACON& Tower with Radar,4,5,22,2,33,0,0,12,4,16,4,5,34,6,49,0,0,0,49
09/27/2020,ACY,NJ,AEA,EN,Combined TRACON& Tower with Radar,6,16,48,1,71,0,0,5,3,8,6,16,53,4,79,0,0,0,79
09/28/2020,ACY,NJ,AEA,EN,Combined TRACON& Tower with Radar,5,5,19,6,35,0,0,19,6,25,5,5,38,12,60,6,2,8,68
09/29/2020,ACY,NJ,AEA,EN,Combined TRACON& Tower with Radar,3,13,16,27,59,0,0,3,11,14,3,13,19,38,73,0,0,0,73
09/30/2020,ACY,NJ,AEA,EN,Combined TRACON& Tower with Radar,5,5,11,39,60,0,0,16,20,36,5,5,27,59,96,12,60,72,168
10/01/2020,ACY,NJ,AEA,EN,Combined TRACON& Tower with Radar,5,4,23,21,53,0,0,31,18,49,5,4,54,39,102,26,66,92,194
10/02/2020,ACY,NJ,AEA,EN,Combined TRACON& Tower with Radar,5,10,26,16,57,0,2,38,17,57,5,12,64,33,114,0,10,10,124
10/03/2020,ACY,NJ,AEA,EN,Combined TRACON& Tower with Radar,3,5,15,7,30,0,1,53,7,61,3,6,68,14,91,2,14,16,107
10/04/2020,ACY,NJ,AEA,EN,Combined TRACON& Tower with Radar,6,7,19,22,54,0,0,24,5,29,6,7,43,27,83,0,32,32,115
10/05/2020,ACY,NJ,AEA,EN,Combined TRACON& Tower with Radar,5,5,21,5,36,0,0,19,13,32,5,5,40,18,68,4,0,4,72
10/06/2020,ACY,NJ,AEA,EN,Combined TRACON& Tower with Radar,2,11,9,13,35,0,4,23,17,44,2,15,32,30,79,0,0,0,79
10/07/2020,ACY,NJ,AEA,EN,Combined TRACON& Tower with Radar,4,4,8,5,21,0,0,16,13,29,4,4,24,18,50,0,0,0,50
10/08/2020,ACY,NJ,AEA,EN,Combined TRACON& Tower with Radar,8,10,8,3,29,0,0,12,16,28,8,10,20,19,57,0,0,0,57
10/09/2020,ACY,NJ,AEA,EN,Combined TRACON& Tower with Radar,11,14,10,2,37,0,2,10,13,25,11,16,20,15,62,0,0,0,62
10/10/2020,ACY,NJ,AEA,EN,Combined TRACON& Tower with Radar,6,23,9,0,38,0,0,20,3,23,6,23,29,3,61,0,0,0,61
10/11/2020,ACY,NJ,AEA,EN,Combined TRACON& Tower with Radar,9,17,8,1,35,0,0,5,2,7,9,17,13,3,42,4,0,4,46
10/12/2020,ACY,NJ,AEA,EN,Combined TRACON& Tower with Radar,12,11,6,1,30,0,0,1,0,1,12,11,7,1,31,0,0,0,31
10/13/2020,ACY,NJ,AEA,EN,Combined TRACON& Tower with Radar,5,5,18,2,30,0,0,7,14,21,5,5,25,16,51,0,0,0,51
10/14/2020,ACY,NJ,AEA,EN,Combined TRACON& Tower with Radar,3,7,9,9,28,0,0,47,21,68,3,7,56,30,96,0,10,10,106
10/15/2020,ACY,NJ,AEA,EN,Combined TRACON& Tower with Radar,6,15,15,11,47,0,0,11,15,26,6,15,26,26,73,0,0,0,73
10/16/2020,ACY,NJ,AEA,EN,Combined TRACON& Tower with Radar,10,11,15,2,38,0,0,0,5,5,10,11,15,7,43,0,0,0,43
10/17/2020,ACY,NJ,AEA,EN,Combined TRACON& Tower with Radar,5,7,1,1,14,0,1,13,2,16,5,8,14,3,30,0,0,0,30
10/18/2020,ACY,NJ,AEA,EN,Combined TRACON& Tower with Radar,10,13,11,0,34,0,0,9,3,12,10,13,20,3,46,0,0,0,46
10/19/2020,ACY,NJ,AEA,EN,Combined TRACON& Tower with Radar,13,9,15,1,38,0,1,17,16,34,13,10,32,17,72,0,0,0,72
10/20/2020,ACY,NJ,AEA,EN,Combined TRACON& Tower with Radar,3,1,8,13,25,0,0,8,12,20,3,1,16,25,45,0,2,2,47
10/21/2020,ACY,NJ,AEA,EN,Combined TRACON& Tower with Radar,3,5,14,18,40,0,0,6,15,21,3,5,20,33,61,0,8,8,69
10/22/2020,ACY,NJ,AEA,EN,Combined TRACON& Tower with Radar,8,13,12,11,44,0,1,12,22,35,8,14,24,33,79,0,24,24,103
10/23/2020,ACY,NJ,AEA,EN,Combined TRACON& Tower with Radar,10,15,19,8,52,0,0,4,1,5,10,15,23,9,57,0,0,0,57
10/24/2020,ACY,NJ,AEA,EN,Combined TRACON& Tower with Radar,4,3,6,0,13,0,0,13,6,19,4,3,19,6,32,0,0,0,32
10/25/2020,ACY,NJ,AEA,EN,Combined TRACON& Tower with Radar,9,9,16,3,37,0,0,2,2,4,9,9,18,5,41,0,0,0,41
10/26/2020,ACY,NJ,AEA,EN,Combined TRACON& Tower with Radar,11,6,16,14,47,0,0,0,4,4,11,6,16,18,51,0,0,0,51
10/27/2020,ACY,NJ,AEA,EN,Combined TRACON& Tower with Radar,2,7,15,6,30,0,1,15,14,30,2,8,30,20,60,0,0,0,60
10/28/2020,ACY,NJ,AEA,EN,Combined TRACON& Tower with Radar,5,7,20,23,55,0,1,11,20,32,5,8,31,43,87,0,0,0,87
10/29/2020,ACY,NJ,AEA,EN,Combined TRACON& Tower with Radar,8,7,2,1,18,0,0,0,3,3,8,7,2,4,21,0,0,0,21
10/30/2020,ACY,NJ,AEA,EN,Combined TRACON& Tower with Radar,8,11,14,14,47,0,0,1,12,13,8,11,15,26,60,0,0,0,60
10/31/2020,ACY,NJ,AEA,EN,Combined TRACON& Tower with Radar,4,7,15,1,27,0,0,31,6,37,4,7,46,7,64,0,0,0,64
11/01/2020,ACY,NJ,AEA,EN,Combined TRACON& Tower with Radar,9,11,5,1,26,0,0,14,5,19,9,11,19,6,45,0,0,0,45
11/02/2020,ACY,NJ,AEA,EN,Combined TRACON& Tower with Radar,12,3,6,4,25,0,2,3,11,16,12,5,9,15,41,0,0,0,41
11/03/2020,ACY,NJ,AEA,EN,Combined TRACON& Tower with Radar,2,0,7,7,16,0,0,7,18,25,2,0,14,25,41,8,20,28,69
11/04/2020,ACY,NJ,AEA,EN,Combined TRACON& Tower with Radar,8,4,8,10,30,0,0,37,11,48,8,4,45,21,78,0,0,0,78
11/05/2020,ACY,NJ,AEA,EN,Combined TRACON& Tower with Radar,10,6,8,10,34,0,0,34,20,54,10,6,42,30,88,0,0,0,88
11/06/2020,ACY,NJ,AEA,EN,Combined TRACON& Tower with Radar,8,3,8,4,23,0,0,23,10,33,8,3,31,14,56,0,0,0,56
11/07/2020,ACY,NJ,AEA,EN,Combined TRACON& Tower with Radar,10,9,7,3,29,0,0,38,2,40,10,9,45,5,69,0,0,0,69
11/08/2020,ACY,NJ,AEA,EN,Combined TRACON& Tower with Radar,8,3,10,1,22,0,0,24,2,26,8,3,34,3,48,0,0,0,48
11/09/2020,ACY,NJ,AEA,EN,Combined TRACON& Tower with Radar,14,3,14,3,34,0,0,30,19,49,14,3,44,22,83,2,26,28,111
11/10/2020,ACY,NJ,AEA,EN,Combined TRACON& Tower with Radar,10,2,7,5,24,0,0,26,21,47,10,2,33,26,71,20,10,30,101
11/11/2020,ACY,NJ,AEA,EN,Combined TRACON& Tower with Radar,7,3,9,2,21,0,0,3,4,7,7,3,12,6,28,0,0,0,28
11/12/2020,ACY,NJ,AEA,EN,Combined TRACON& Tower with Radar,11,3,13,8,35,0,0,0,3,3,11,3,13,11,38,0,28,28,66
11/13/2020,ACY,NJ,AEA,EN,Combined TRACON& Tower with Radar,8,5,16,2,31,0,0,4,16,20,8,5,20,18,51,0,2,2,53
11/14/2020,ACY,NJ,AEA,EN,Combined TRACON& Tower with Radar,11,7,9,8,35,0,2,41,5,48,11,9,50,13,83,0,0,0,83
11/15/2020,ACY,NJ,AEA,EN,Combined TRACON& Tower with Radar,9,7,4,2,22,0,1,9,5,15,9,8,13,7,37,0,0,0,37
11/16/2020,ACY,NJ,AEA,EN,Combined TRACON& Tower with Radar,12,6,6,3,27,0,0,16,18,34,12,6,22,21,61,0,0,0,61
11/17/2020,ACY,NJ,AEA,EN,Combined TRACON& Tower with Radar,11,0,15,16,42,0,0,6,35,41,11,0,21,51,83,0,34,34,117
11/18/2020,ACY,NJ,AEA,EN,Combined TRACON& Tower with Radar,14,3,9,16,42,0,0,11,18,29,14,3,20,34,71,0,0,0,71
11/19/2020,ACY,NJ,AEA,EN,Combined TRACON& Tower with Radar,15,10,16,18,59,0,2,27,23,52,15,12,43,41,111,0,12,12,123
11/20/2020,ACY,NJ,AEA,EN,Combined TRACON& Tower with Radar,15,14,16,13,58,0,0,21,17,38,15,14,37,30,96,0,2,2,98
11/21/2020,ACY,NJ,AEA,EN,Combined TRACON& Tower with Radar,17,5,12,1,35,0,0,28,3,31,17,5,40,4,66,0,0,0,66
11/22/2020,ACY,NJ,AEA,EN,Combined TRACON& Tower with Radar,18,9,12,0,39,0,0,10,5,15,18,9,22,5,54,0,0,0,54
11/23/2020,ACY,NJ,AEA,EN,Combined TRACON& Tower with Radar,14,11,10,4,39,0,0,3,15,18,14,11,13,19,57,12,26,38,95
11/24/2020,ACY,NJ,AEA,EN,Combined TRACON& Tower with Radar,16,3,4,11,34,0,2,22,18,42,16,5,26,29,76,0,14,14,90
11/25/2020,ACY,NJ,AEA,EN,Combined TRACON& Tower with Radar,14,6,9,5,34,0,0,20,13,33,14,6,29,18,67,0,20,20,87
11/26/2020,ACY,NJ,AEA,EN,Combined TRACON& Tower with Radar,9,4,0,0,13,0,0,3,2,5,9,4,3,2,18,0,0,0,18
11/27/2020,ACY,NJ,AEA,EN,Combined TRACON& Tower with Radar,14,8,12,2,36,0,0,26,4,30,14,8,38,6,66,0,0,0,66
11/28/2020,ACY,NJ,AEA,EN,Combined TRACON& Tower with Radar,14,11,8,1,34,0,0,21,6,27,14,11,29,7,61,0,0,0,61
11/29/2020,ACY,NJ,AEA,EN,Combined TRACON& Tower with Radar,14,6,7,0,27,0,3,27,12,42,14,9,34,12,69,0,0,0,69
11/30/2020,ACY,NJ,AEA,EN,Combined TRACON& Tower with Radar,18,3,2,0,23,0,0,0,4,4,18,3,2,4,27,0,36,36,63
12/01/2020,ACY,NJ,AEA,EN,Combined TRACON& Tower with Radar,15,1,14,8,38,0,0,10,18,28,15,1,24,26,66,0,16,16,82
12/02/2020,ACY,NJ,AEA,EN,Combined TRACON& Tower with Radar,2,1,13,7,23,0,1,9,23,33,2,2,22,30,56,0,42,42,98
12/03/2020,ACY,NJ,AEA,EN,Combined TRACON& Tower with Radar,8,7,11,11,37,0,0,35,19,54,8,7,46,30,91,0,14,14,105
12/04/2020,ACY,NJ,AEA,EN,Combined TRACON& Tower with Radar,10,11,5,6,32,0,5,23,14,42,10,16,28,20,74,0,0,0,74
12/05/2020,ACY,NJ,AEA,EN,Combined TRACON& Tower with Radar,6,5,1,8,20,0,0,0,6,6,6,5,1,14,26,0,0,0,26
12/06/2020,ACY,NJ,AEA,EN,Combined TRACON& Tower with Radar,10,13,7,7,37,0,1,12,1,14,10,14,19,8,51,0,0,0,51
12/07/2020,ACY,NJ,AEA,EN,Combined TRACON& Tower with Radar,10,8,7,3,28,0,0,16,14,30,10,8,23,17,58,0,0,0,58
12/08/2020,ACY,NJ,AEA,EN,Combined TRACON& Tower with Radar,3,3,9,6,21,0,0,13,17,30,3,3,22,23,51,0,0,0,51
12/09/2020,ACY,NJ,AEA,EN,Combined TRACON& Tower with Radar,4,1,10,9,24,0,5,15,26,46,4,6,25,35,70,0,22,22,92
12/10/2020,ACY,NJ,AEA,EN,Combined TRACON& Tower with Radar,11,2,11,9,33,0,0,23,29,52,11,2,34,38,85,0,0,0,85
12/11/2020,ACY,NJ,AEA,EN,Combined TRACON& Tower with Radar,10,7,10,4,31,0,1,14,4,19,10,8,24,8,50,0,2,2,52
12/12/2020,ACY,NJ,AEA,EN,Combined TRACON& Tower with Radar,10,6,13,3,32,0,0,6,3,9,10,6,19,6,41,0,0,0,41
12/13/2020,ACY,NJ,AEA,EN,Combined TRACON& Tower with Radar,11,7,12,1,31,0,0,24,7,31,11,7,36,8,62,0,0,0,62
12/14/2020,ACY,NJ,AEA,EN,Combined TRACON& Tower with Radar,9,3,5,0,17,0,0,1,5,6,9,3,6,5,23,0,0,0,23
12/15/2020,ACY,NJ,AEA,EN,Combined TRACON& Tower with Radar,2,4,24,8,38,0,0,15,23,38,2,4,39,31,76,0,22,22,98
12/16/2020,ACY,NJ,AEA,EN,Combined TRACON& Tower with Radar,12,4,7,6,29,0,0,2,8,10,12,4,9,14,39,0,20,20,59
12/17/2020,ACY,NJ,AEA,EN,Combined TRACON& Tower with Radar,18,1,9,6,34,0,0,0,10,10,18,1,9,16,44,0,0,0,44
12/18/2020,ACY,NJ,AEA,EN,Combined TRACON& Tower with Radar,14,0,16,6,36,0,0,21,13,34,14,0,37,19,70,0,6,6,76
12/19/2020,ACY,NJ,AEA,EN,Combined TRACON& Tower with Radar,14,0,16,3,33,0,0,32,9,41,14,0,48,12,74,2,0,2,76
12/20/2020,ACY,NJ,AEA,EN,Combined TRACON& Tower with Radar,13,2,4,1,20,0,0,2,4,6,13,2,6,5,26,0,10,10,36
12/21/2020,ACY,NJ,AEA,EN,Combined TRACON& Tower with Radar,16,0,9,0,25,0,0,0,16,16,16,0,9,16,41,0,0,0,41
12/22/2020,ACY,NJ,AEA,EN,Combined TRACON& Tower with Radar,17,4,11,14,46,0,0,13,12,25,17,4,24,26,71,0,0,0,71
12/23/2020,ACY,NJ,AEA,EN,Combined TRACON& Tower with Radar,14,2,10,8,34,0,2,30,14,46,14,4,40,22,80,0,14,14,94
12/24/2020,ACY,NJ,AEA,EN,Combined TRACON& Tower with Radar,12,1,0,0,13,0,0,0,1,1,12,1,0,1,14,0,8,8,22
12/25/2020,ACY,NJ,AEA,EN,Combined TRACON& Tower with Radar,13,1,0,0,14,0,0,0,1,1,13,1,0,1,15,0,0,0,15
12/26/2020,ACY,NJ,AEA,EN,Combined TRACON& Tower with Radar,12,7,9,0,28,0,0,6,2,8,12,7,15,2,36,0,10,10,46
12/27/2020,ACY,NJ,AEA,EN,Combined TRACON& Tower with Radar,14,7,10,0,31,0,0,26,2,28,14,7,36,2,59,0,0,0,59
12/28/2020,ACY,NJ,AEA,EN,Combined TRACON& Tower with Radar,14,5,14,1,34,1,1,9,6,17,15,6,23,7,51,0,0,0,51
12/29/2020,ACY,NJ,AEA,EN,Combined TRACON& Tower with Radar,14,6,14,6,40,0,0,13,12,25,14,6,27,18,65,0,28,28,93
12/30/2020,ACY,NJ,AEA,EN,Combined TRACON& Tower with Radar,14,16,7,16,53,0,0,28,12,40,14,16,35,28,93,12,18,30,123
12/31/2020,ACY,NJ,AEA,EN,Combined TRACON& Tower with Radar,15,6,3,6,30,0,0,2,6,8,15,6,5,12,38,0,0,0,38
01/01/2021,ACY,NJ,AEA,EN,Combined TRACON& Tower with Radar,12,13,2,0,27,0,0,6,4,10,12,13,8,4,37,0,0,0,37
01/02/2021,ACY,NJ,AEA,EN,Combined TRACON& Tower with Radar,13,9,18,0,40,0,0,21,8,29,13,9,39,8,69,10,0,10,79
01/03/2021,ACY,NJ,AEA,EN,Combined TRACON& Tower with Radar,19,3,1,0,23,0,0,1,3,4,19,3,2,3,27,0,0,0,27
01/04/2021,ACY,NJ,AEA,EN,Combined TRACON& Tower with Radar,12,5,5,0,22,0,0,0,10,10,12,5,5,10,32,0,0,0,32
01/05/2021,ACY,NJ,AEA,EN,Combined TRACON& Tower with Radar,16,2,8,20,46,0,1,13,5,19,16,3,21,25,65,0,0,0,65
01/06/2021,ACY,NJ,AEA,EN,Combined TRACON& Tower with Radar,6,5,20,30,61,0,2,18,13,33,6,7,38,43,94,10,18,28,122
01/07/2021,ACY,NJ,AEA,EN,Combined TRACON& Tower with Radar,12,7,9,23,51,0,2,35,19,56,12,9,44,42,107,2,34,36,143
01/08/2021,ACY,NJ,AEA,EN,Combined TRACON& Tower with Radar,10,6,14,15,45,0,0,28,8,36,10,6,42,23,81,20,8,28,109
01/09/2021,ACY,NJ,AEA,EN,Combined TRACON& Tower with Radar,6,5,16,12,39,0,0,46,8,54,6,5,62,20,93,22,0,22,115
01/10/2021,ACY,NJ,AEA,EN,Combined TRACON& Tower with Radar,13,5,27,2,47,0,2,53,6,61,13,7,80,8,108,44,20,64,172
01/11/2021,ACY,NJ,AEA,EN,Combined TRACON& Tower with Radar,10,5,9,9,33,0,0,24,15,39,10,5,33,24,72,30,0,30,102
01/12/2021,ACY,NJ,AEA,EN,Combined TRACON& Tower with Radar,7,2,33,46,88,0,0,30,24,54,7,2,63,70,142,42,130,172,314
01/13/2021,ACY,NJ,AEA,EN,Combined TRACON& Tower with Radar,6,1,15,29,51,0,4,27,15,46,6,5,42,44,97,0,0,0,97
01/14/2021,ACY,NJ,AEA,EN,Combined TRACON& Tower with Radar,12,2,21,49,84,0,0,27,30,57,12,2,48,79,141,0,78,78,219
01/15/2021,ACY,NJ,AEA,EN,Combined TRACON& Tower with Radar,10,15,14,10,49,0,0,7,7,14,10,15,21,17,63,0,0,0,63
01/16/2021,ACY,NJ,AEA,EN,Combined TRACON& Tower with Radar,10,7,11,2,30,0,0,12,4,16,10,7,23,6,46,0,0,0,46
01/17/2021,ACY,NJ,AEA,EN,Combined TRACON& Tower with Radar,12,11,13,2,38,0,0,10,2,12,12,11,23,4,50,0,0,0,50
01/18/2021,ACY,NJ,AEA,EN,Combined TRACON& Tower with Radar,10,10,29,3,52,0,0,39,10,49,10,10,68,13,101,8,58,66,167
01/19/2021,ACY,NJ,AEA,EN,Combined TRACON& Tower with Radar,8,10,19,18,55,0,0,17,11,28,8,10,36,29,83,30,12,42,125
01/20/2021,ACY,NJ,AEA,EN,Combined TRACON& Tower with Radar,18,0,13,21,52,0,0,4,16,20,18,0,17,37,72,8,32,40,112
01/21/2021,ACY,NJ,AEA,EN,Combined TRACON& Tower with Radar,12,6,19,18,55,0,2,30,17,49,12,8,49,35,104,24,48,72,176
01/22/2021,ACY,NJ,AEA,EN,Combined TRACON& Tower with Radar,12,13,20,12,57,0,6,30,22,58,12,19,50,34,115,6,18,24,139
01/23/2021,ACY,NJ,AEA,EN,Combined TRACON& Tower with Radar,6,4,6,1,17,0,0,5,2,7,6,4,11,3,24,0,0,0,24
01/24/2021,ACY,NJ,AEA,EN,Combined TRACON& Tower with Radar,12,11,23,5,51,0,0,23,1,24,12,11,46,6,75,0,0,0,75
01/25/2021,ACY,NJ,AEA,EN,Combined TRACON& Tower with Radar,10,6,25,70,111,0,0,31,20,51,10,6,56,90,162,0,8,8,170
01/26/2021,ACY,NJ,AEA,EN,Combined TRACON& Tower with Radar,5,0,8,7,20,0,0,0,2,2,5,0,8,9,22,0,0,0,22
01/27/2021,ACY,NJ,AEA,EN,Combined TRACON& Tower with Radar,7,2,35,59,103,0,0,27,45,72,7,2,62,104,175,18,68,86,261
01/28/2021,ACY,NJ,AEA,EN,Combined TRACON& Tower with Radar,12,8,9,11,40,0,0,2,8,10,12,8,11,19,50,0,0,0,50
01/29/2021,ACY,NJ,AEA,EN,Combined TRACON& Tower with Radar,10,5,5,15,35,0,0,0,12,12,10,5,5,27,47,0,34,34,81
01/30/2021,ACY,NJ,AEA,EN,Combined TRACON& Tower with Radar,7,4,24,4,39,0,0,31,7,38,7,4,55,11,77,10,10,20,97
01/31/2021,ACY,NJ,AEA,EN,Combined TRACON& Tower with Radar,11,2,3,2,18,0,0,0,6,6,11,2,3,8,24,8,6,14,38
02/01/2021,ACY,NJ,AEA,EN,Combined TRACON& Tower with Radar,11,2,3,0,16,0,0,0,0,0,11,2,3,0,16,0,0,0,16
02/02/2021,ACY,NJ,AEA,EN,Combined TRACON& Tower with Radar,6,6,1,0,13,0,0,0,0,0,6,6,1,0,13,0,0,0,13
02/03/2021,ACY,NJ,AEA,EN,Combined TRACON& Tower with Radar,6,3,10,20,39,0,1,5,9,15,6,4,15,29,54,0,0,0,54
02/04/2021,ACY,NJ,AEA,EN,Combined TRACON& Tower with Radar,14,23,22,55,114,0,5,21,26,52,14,28,43,81,166,4,90,94,260
02/05/2021,ACY,NJ,AEA,EN,Combined TRACON& Tower with Radar,10,8,13,10,41,0,0,14,18,32,10,8,27,28,73,22,40,62,135
02/06/2021,ACY,NJ,AEA,EN,Combined TRACON& Tower with Radar,6,5,5,35,51,0,0,16,16,32,6,5,21,51,83,0,0,0,83
02/07/2021,ACY,NJ,AEA,EN,Combined TRACON& Tower with Radar,14,9,4,2,29,0,0,0,0,0,14,9,4,2,29,0,0,0,29
02/08/2021,ACY,NJ,AEA,EN,Combined TRACON& Tower with Radar,10,4,23,13,50,0,0,21,23,44,10,4,44,36,94,14,42,56,150
02/09/2021,ACY,NJ,AEA,EN,Combined TRACON& Tower with Radar,7,1,3,20,31,0,0,0,13,13,7,1,3,33,44,0,10,10,54
02/10/2021,ACY,NJ,AEA,EN,Combined TRACON& Tower with Radar,6,6,15,52,79,0,0,23,41,64,6,6,38,93,143,36,116,152,295
02/11/2021,ACY,NJ,AEA,EN,Combined TRACON& Tower with Radar,12,9,6,5,32,0,0,3,17,20,12,9,9,22,52,20,50,70,122
02/12/2021,ACY,NJ,AEA,EN,Combined TRACON& Tower with Radar,12,6,14,10,42,0,0,30,12,42,12,6,44,22,84,0,0,0,84
02/13/2021,ACY,NJ,AEA,EN,Combined TRACON& Tower with Radar,12,4,2,0,18,0,0,2,3,5,12,4,4,3,23,0,0,0,23
02/14/2021,ACY,NJ,AEA,EN,Combined TRACON& Tower with Radar,12,4,5,0,21,0,0,4,0,4,12,4,9,0,25,0,0,0,25
02/15/2021,ACY,NJ,AEA,EN,Combined TRACON& Tower with Radar,13,8,2,0,23,0,0,0,3,3,13,8,2,3,26,0,0,0,26
02/16/2021,ACY,NJ,AEA,EN,Combined TRACON& Tower with Radar,7,12,7,5,31,0,0,2,18,20,7,12,9,23,51,0,0,0,51
02/17/2021,ACY,NJ,AEA,EN,Combined TRACON& Tower with Radar,9,1,13,13,36,0,0,47,28,75,9,1,60,41,111,30,26,56,167
02/18/2021,ACY,NJ,AEA,EN,Combined TRACON& Tower with Radar,9,4,4,0,17,0,0,1,0,1,9,4,5,0,18,0,0,0,18
02/19/2021,ACY,NJ,AEA,EN,Combined TRACON& Tower with Radar,13,16,4,1,34,0,0,0,1,1,13,16,4,2,35,0,40,40,75
02/20/2021,ACY,NJ,AEA,EN,Combined TRACON& Tower with Radar,9,10,10,18,47,0,0,13,5,18,9,10,23,23,65,0,36,36,101
02/21/2021,ACY,NJ,AEA,EN,Combined TRACON& Tower with Radar,12,10,21,14,57,0,0,25,6,31,12,10,46,20,88,2,14,16,104
02/22/2021,ACY,NJ,AEA,EN,Combined TRACON& Tower with Radar,12,3,5,4,24,0,0,1,8,9,12,3,6,12,33,0,0,0,33
02/23/2021,ACY,NJ,AEA,EN,Combined TRACON& Tower with Radar,6,2,14,21,43,0,0,7,28,35,6,2,21,49,78,0,0,0,78
02/24/2021,ACY,NJ,AEA,EN,Combined TRACON& Tower with Radar,6,3,17,16,42,0,0,27,28,55,6,3,44,44,97,8,16,24,121
02/25/2021,ACY,NJ,AEA,EN,Combined TRACON& Tower with Radar,12,12,13,17,54,0,3,21,25,49,12,15,34,42,103,12,8,20,123
02/26/2021,ACY,NJ,AEA,EN,Combined TRACON& Tower with Radar,12,10,26,9,57,0,3,47,20,70,12,13,73,29,127,0,0,0,127
02/27/2021,ACY,NJ,AEA,EN,Combined TRACON& Tower with Radar,8,7,8,9,32,0,0,2,0,2,8,7,10,9,34,0,0,0,34
02/28/2021,ACY,NJ,AEA,EN,Combined TRACON& Tower with Radar,10,10,4,1,25,0,0,1,3,4,10,10,5,4,29,0,0,0,29
03/01/2021,ACY,NJ,AEA,EN,Combined TRACON& Tower with Radar,14,7,3,15,39,0,0,1,22,23,14,7,4,37,62,0,40,40,102
03/02/2021,ACY,NJ,AEA,EN,Combined TRACON& Tower with Radar,6,2,8,34,50,0,3,10,29,42,6,5,18,63,92,0,78,78,170
03/03/2021,ACY,NJ,AEA,EN,Combined TRACON& Tower with Radar,6,2,16,37,61,1,1,54,30,86,7,3,70,67,147,20,14,34,181
03/04/2021,ACY,NJ,AEA,EN,Combined TRACON& Tower with Radar,12,6,8,45,71,0,1,15,14,30,12,7,23,59,101,2,82,84,185
03/05/2021,ACY,NJ,AEA,EN,Combined TRACON& Tower with Radar,13,9,7,24,53,0,0,8,27,35,13,9,15,51,88,4,42,46,134
03/06/2021,ACY,NJ,AEA,EN,Combined TRACON& Tower with Radar,9,10,16,6,41,0,0,22,8,30,9,10,38,14,71,0,0,0,71
03/07/2021,ACY,NJ,AEA,EN,Combined TRACON& Tower with Radar,12,14,15,4,45,0,0,34,2,36,12,14,49,6,81,0,0,0,81
03/08/2021,ACY,NJ,AEA,EN,Combined TRACON& Tower with Radar,13,6,24,9,52,0,0,45,10,55,13,6,69,19,107,0,0,0,107
03/09/2021,ACY,NJ,AEA,EN,Combined TRACON& Tower with Radar,6,6,13,76,101,0,0,43,22,65,6,6,56,98,166,54,62,116,282
03/10/2021,ACY,NJ,AEA,EN,Combined TRACON& Tower with Radar,17,9,17,50,93,0,2,38,31,71,17,11,55,81,164,20,112,132,296
03/11/2021,ACY,NJ,AEA,EN,Combined TRACON& Tower with Radar,20,6,23,36,85,0,1,37,27,65,20,7,60,63,150,20,70,90,240
03/12/2021,ACY,NJ,AEA,EN,Combined TRACON& Tower with Radar,17,4,12,14,47,0,0,22,17,39,17,4,34,31,86,4,12,16,102
03/13/2021,ACY,NJ,AEA,EN,Combined TRACON& Tower with Radar,20,9,28,8,65,0,0,28,8,36,20,9,56,16,101,36,22,58,159
03/14/2021,ACY,NJ,AEA,EN,Combined TRACON& Tower with Radar,20,7,10,16,53,0,0,6,12,18,20,7,16,28,71,0,0,0,71
03/15/2021,ACY,NJ,AEA,EN,Combined TRACON& Tower with Radar,18,5,16,23,62,0,2,24,15,41,18,7,40,38,103,0,0,0,103
03/16/2021,ACY,NJ,AEA,EN,Combined TRACON& Tower with Radar,19,1,7,26,53,0,0,13,17,30,19,1,20,43,83,34,0,34,117
03/17/2021,ACY,NJ,AEA,EN,Combined TRACON& Tower with Radar,18,7,15,57,97,0,0,1,12,13,18,7,16,69,110,0,46,46,156
03/18/2021,ACY,NJ,AEA,EN,Combined TRACON& Tower with Radar,20,11,5,7,43,0,0,0,0,0,20,11,5,7,43,0,0,0,43
03/19/2021,ACY,NJ,AEA,EN,Combined TRACON& Tower with Radar,17,12,11,20,60,0,3,16,28,47,17,15,27,48,107,0,52,52,159
03/20/2021,ACY,NJ,AEA,EN,Combined TRACON& Tower with Radar,18,6,29,1,54,0,0,41,6,47,18,6,70,7,101,20,12,32,133
03/21/2021,ACY,NJ,AEA,EN,Combined TRACON& Tower with Radar,19,11,33,15,78,0,0,59,7,66,19,11,92,22,144,28,0,28,172
03/22/2021,ACY,NJ,AEA,EN,Combined TRACON& Tower with Radar,20,6,26,17,69,0,0,31,20,51,20,6,57,37,120,8,58,66,186
03/23/2021,ACY,NJ,AEA,EN,Combined TRACON& Tower with Radar,19,8,17,54,98,0,0,8,50,58,19,8,25,104,156,12,46,58,214
03/24/2021,ACY,NJ,AEA,EN,Combined TRACON& Tower with Radar,21,12,12,4,49,0,5,0,8,13,21,17,12,12,62,0,8,8,70
03/25/2021,ACY,NJ,AEA,EN,Combined TRACON& Tower with Radar,19,10,21,23,73,0,0,0,2,2,19,10,21,25,75,0,0,0,75
03/26/2021,ACY,NJ,AEA,EN,Combined TRACON& Tower with Radar,19,6,15,3,43,0,0,0,7,7,19,6,15,10,50,0,0,0,50
03/27/2021,ACY,NJ,AEA,EN,Combined TRACON& Tower with Radar,19,17,12,6,54,0,0,36,3,39,19,17,48,9,93,0,0,0,93
03/28/2021,ACY,NJ,AEA,EN,Combined TRACON& Tower with Radar,19,13,16,2,50,0,0,0,1,1,19,13,16,3,51,0,0,0,51
03/29/2021,ACY,NJ,AEA,EN,Combined TRACON& Tower with Radar,21,5,12,14,52,0,1,15,19,35,21,6,27,33,87,10,28,38,125
03/30/2021,ACY,NJ,AEA,EN,Combined TRACON& Tower with Radar,19,6,11,39,75,0,0,16,31,47,19,6,27,70,122,14,38,52,174
03/31/2021,ACY,NJ,AEA,EN,Combined TRACON& Tower with Radar,20,6,16,11,53,0,0,5,19,24,20,6,21,30,77,12,38,50,127
04/01/2021,ACY,NJ,AEA,EN,Combined TRACON& Tower with Radar,17,14,12,12,55,0,0,6,20,26,17,14,18,32,81,0,0,0,81
04/02/2021,ACY,NJ,AEA,EN,Combined TRACON& Tower with Radar,20,10,8,15,53,0,0,26,23,49,20,10,34,38,102,32,12,44,146
04/03/2021,ACY,NJ,AEA,EN,Combined TRACON& Tower with Radar,20,7,23,3,53,0,0,37,5,42,20,7,60,8,95,0,0,0,95
04/04/2021,ACY,NJ,AEA,EN,Combined TRACON& Tower with Radar,21,3,16,5,45,0,0,29,3,32,21,3,45,8,77,0,0,0,77
04/05/2021,ACY,NJ,AEA,EN,Combined TRACON& Tower with Radar,21,7,5,24,57,0,0,12,24,36,21,7,17,48,93,0,0,0,93
04/06/2021,ACY,NJ,AEA,EN,Combined TRACON& Tower with Radar,20,3,15,43,81,0,3,35,22,60,20,6,50,65,141,26,76,102,243
04/07/2021,ACY,NJ,AEA,EN,Combined TRACON& Tower with Radar,20,5,15,56,96,0,3,37,18,58,20,8,52,74,154,0,0,0,154
04/08/2021,ACY,NJ,AEA,EN,Combined TRACON& Tower with Radar,22,3,27,37,89,0,5,40,27,72,22,8,67,64,161,26,62,88,249
04/09/2021,ACY,NJ,AEA,EN,Combined TRACON& Tower with Radar,22,11,26,16,75,0,0,6,12,18,22,11,32,28,93,0,34,34,127
04/10/2021,ACY,NJ,AEA,EN,Combined TRACON& Tower with Radar,20,4,15,12,51,0,0,3,11,14,20,4,18,23,65,0,12,12,77
04/11/2021,ACY,NJ,AEA,EN,Combined TRACON& Tower with Radar,17,11,13,2,43,0,0,0,0,0,17,11,13,2,43,0,0,0,43
04/12/2021,ACY,NJ,AEA,EN,Combined TRACON& Tower with Radar,16,7,25,6,54,0,0,1,8,9,16,7,26,14,63,0,4,4,67
04/13/2021,ACY,NJ,AEA,EN,Combined TRACON& Tower with Radar,17,2,21,8,48,0,1,31,21,53,17,3,52,29,101,0,0,0,101
04/14/2021,ACY,NJ,AEA,EN,Combined TRACON& Tower with Radar,23,2,8,3,36,0,0,18,15,33,23,2,26,18,69,0,0,0,69
04/15/2021,ACY,NJ,AEA,EN,Combined TRACON& Tower with Radar,20,6,10,5,41,0,0,1,7,8,20,6,11,12,49,0,0,0,49
04/16/2021,ACY,NJ,AEA,EN,Combined TRACON& Tower with Radar,20,4,15,6,45,0,0,18,19,37,20,4,33,25,82,0,0,0,82
04/17/2021,ACY,NJ,AEA,EN,Combined TRACON& Tower with Radar,20,4,17,1,42,0,0,38,6,44,20,4,55,7,86,12,0,12,98
04/18/2021,ACY,NJ,AEA,EN,Combined TRACON& Tower with Radar,22,3,24,10,59,0,1,35,10,46,22,4,59,20,105,6,14,20,125
04/19/2021,ACY,NJ,AEA,EN,Combined TRACON& Tower with Radar,20,5,10,6,41,0,3,21,24,48,20,8,31,30,89,14,24,38,127
04/20/2021,ACY,NJ,AEA,EN,Combined TRACON& Tower with Radar,18,6,16,13,53,0,0,20,23,43,18,6,36,36,96,0,30,30,126
04/21/2021,ACY,NJ,AEA,EN,Combined TRACON& Tower with Radar,21,4,9,1,35,0,0,5,15,20,21,4,14,16,55,0,46,46,101
04/22/2021,ACY,NJ,AEA,EN,Combined TRACON& Tower with Radar,25,6,14,9,54,0,0,3,27,30,25,6,17,36,84,0,54,54,138
04/23/2021,ACY,NJ,AEA,EN,Combined TRACON& Tower with Radar,21,2,19,4,46,0,6,13,21,40,21,8,32,25,86,0,0,0,86
04/24/2021,ACY,NJ,AEA,EN,Combined TRACON& Tower with Radar,25,7,18,2,52,0,0,34,5,39,25,7,52,7,91,0,0,0,91
04/25/2021,ACY,NJ,AEA,EN,Combined TRACON& Tower with Radar,23,6,49,1,79,0,0,2,10,12,23,6,51,11,91,0,0,0,91
04/26/2021,ACY,NJ,AEA,EN,Combined TRACON& Tower with Radar,23,5,19,8,55,0,0,19,18,37,23,5,38,26,92,34,8,42,134
04/27/2021,ACY,NJ,AEA,EN,Combined TRACON& Tower with Radar,23,4,16,4,47,0,0,46,23,69,23,4,62,27,116,40,58,98,214
04/28/2021,ACY,NJ,AEA,EN,Combined TRACON& Tower with Radar,21,5,6,5,37,0,0,27,21,48,21,5,33,26,85,20,34,54,139
04/29/2021,ACY,NJ,AEA,EN,Combined TRACON& Tower with Radar,18,9,8,5,40,0,0,8,18,26,18,9,16,23,66,10,6,16,82
04/30/2021,ACY,NJ,AEA,EN,Combined TRACON& Tower with Radar,21,16,9,1,47,0,0,1,3,4,21,16,10,4,51,0,0,0,51
05/01/2021,ACY,NJ,AEA,EN,Combined TRACON& Tower with Radar,19,7,14,4,44,0,0,17,9,26,19,7,31,13,70,0,20,20,90
05/02/2021,ACY,NJ,AEA,EN,Combined TRACON& Tower with Radar,20,15,9,0,44,0,0,36,3,39,20,15,45,3,83,36,0,36,119
05/03/2021,ACY,NJ,AEA,EN,Combined TRACON& Tower with Radar,27,8,9,7,51,0,0,14,19,33,27,8,23,26,84,0,4,4,88
05/04/2021,ACY,NJ,AEA,EN,Combined TRACON& Tower with Radar,23,9,9,10,51,0,0,15,10,25,23,9,24,20,76,0,20,20,96
05/05/2021,ACY,NJ,AEA,EN,Combined TRACON& Tower with Radar,27,7,12,2,48,0,0,6,7,13,27,7,18,9,61,0,30,30,91
05/06/2021,ACY,NJ,AEA,EN,Combined TRACON& Tower with Radar,25,8,19,0,52,0,0,51,18,69,25,8,70,18,121,38,22,60,181
05/07/2021,ACY,NJ,AEA,EN,Combined TRACON& Tower with Radar,22,12,15,3,52,0,0,28,20,48,22,12,43,23,100,8,6,14,114
05/08/2021,ACY,NJ,AEA,EN,Combined TRACON& Tower with Radar,22,10,5,1,38,0,0,8,7,15,22,10,13,8,53,0,0,0,53
05/09/2021,ACY,NJ,AEA,EN,Combined TRACON& Tower with Radar,24,13,7,0,44,0,0,16,7,23,24,13,23,7,67,10,2,12,79
05/10/2021,ACY,NJ,AEA,EN,Combined TRACON& Tower with Radar,23,5,13,7,48,0,0,30,21,51,23,5,43,28,99,16,28,44,143
05/11/2021,ACY,NJ,AEA,EN,Combined TRACON& Tower with Radar,23,3,21,9,56,0,0,25,15,40,23,3,46,24,96,0,0,0,96
05/12/2021,ACY,NJ,AEA,EN,Combined TRACON& Tower with Radar,24,8,14,4,50,0,0,29,20,49,24,8,43,24,99,4,0,4,103
05/13/2021,ACY,NJ,AEA,EN,Combined TRACON& Tower with Radar,26,11,27,5,69,0,0,32,24,56,26,11,59,29,125,30,42,72,197
05/14/2021,ACY,NJ,AEA,EN,Combined TRACON& Tower with Radar,22,18,18,14,72,0,0,50,12,62,22,18,68,26,134,16,0,16,150
05/15/2021,ACY,NJ,AEA,EN,Combined TRACON& Tower with Radar,26,9,15,5,55,0,0,27,4,31,26,9,42,9,86,0,0,0,86
05/16/2021,ACY,NJ,AEA,EN,Combined TRACON& Tower with Radar,26,15,21,2,64,0,0,28,9,37,26,15,49,11,101,0,2,2,103
05/17/2021,ACY,NJ,AEA,EN,Combined TRACON& Tower with Radar,22,5,11,10,48,0,0,38,18,56,22,5,49,28,104,0,46,46,150
05/18/2021,ACY,NJ,AEA,EN,Combined TRACON& Tower with Radar,26,5,24,14,69,0,1,30,25,56,26,6,54,39,125,38,28,66,191
05/19/2021,ACY,NJ,AEA,EN,Combined TRACON& Tower with Radar,24,5,15,6,50,0,0,50,16,66,24,5,65,22,116,0,20,20,136
05/20/2021,ACY,NJ,AEA,EN,Combined TRACON& Tower with Radar,24,17,19,9,69,0,0,23,30,53,24,17,42,39,122,0,23,23,145
05/21/2021,ACY,NJ,AEA,EN,Combined TRACON& Tower with Radar,24,23,26,6,79,0,0,26,11,37,24,23,52,17,116,0,0,0,116
05/22/2021,ACY,NJ,AEA,EN,Combined TRACON& Tower with Radar,22,12,26,0,60,0,0,40,7,47,22,12,66,7,107,0,0,0,107
05/23/2021,ACY,NJ,AEA,EN,Combined TRACON& Tower with Radar,24,35,21,2,82,0,0,21,5,26,24,35,42,7,108,12,0,12,120
05/24/2021,ACY,NJ,AEA,EN,Combined TRACON& Tower with Radar,24,8,21,3,56,0,0,27,22,49,24,8,48,25,105,20,26,46,151
05/25/2021,ACY,NJ,AEA,EN,Combined TRACON& Tower with Radar,24,7,19,4,54,0,0,24,14,38,24,7,43,18,92,0,2,2,94
05/26/2021,ACY,NJ,AEA,EN,Combined TRACON& Tower with Radar,23,12,21,2,58,0,0,9,26,35,23,12,30,28,93,6,18,24,117
05/27/2021,ACY,NJ,AEA,EN,Combined TRACON& Tower with Radar,26,11,22,3,62,0,0,27,8,35,26,11,49,11,97,20,6,26,123
05/28/2021,ACY,NJ,AEA,EN,Combined TRACON& Tower with Radar,23,22,23,3,71,0,0,14,6,20,23,22,37,9,91,0,0,0,91
05/29/2021,ACY,NJ,AEA,EN,Combined TRACON& Tower with Radar,23,17,21,0,61,0,0,0,5,5,23,17,21,5,66,0,0,0,66
05/30/2021,ACY,NJ,AEA,EN,Combined TRACON& Tower with Radar,24,27,12,0,63,0,0,0,0,0,24,27,12,0,63,0,0,0,63
05/31/2021,ACY,NJ,AEA,EN,Combined TRACON& Tower with Radar,24,9,16,0,49,0,0,18,9,27,24,9,34,9,76,0,0,0,76
06/01/2021,ACY,NJ,AEA,EN,Combined TRACON& Tower with Radar,24,6,20,10,60,0,0,26,20,46,24,6,46,30,106,20,10,30,136
06/02/2021,ACY,NJ,AEA,EN,Combined TRACON& Tower with Radar,22,6,21,9,58,0,1,24,14,39,22,7,45,23,97,0,6,6,103
06/03/2021,ACY,NJ,AEA,EN,Combined TRACON& Tower with Radar,23,15,15,9,62,0,0,1,14,15,23,15,16,23,77,0,18,18,95
06/04/2021,ACY,NJ,AEA,EN,Combined TRACON& Tower with Radar,30,20,26,2,78,0,0,5,6,11,30,20,31,8,89,0,44,44,133
06/05/2021,ACY,NJ,AEA,EN,Combined TRACON& Tower with Radar,22,6,26,7,61,0,0,59,10,69,22,6,85,17,130,14,10,24,154
06/06/2021,ACY,NJ,AEA,EN,Combined TRACON& Tower with Radar,24,20,21,0,65,0,1,42,8,51,24,21,63,8,116,12,0,12,128
06/07/2021,ACY,NJ,AEA,EN,Combined TRACON& Tower with Radar,22,4,21,11,58,0,0,43,20,63,22,4,64,31,121,32,50,82,203
06/08/2021,ACY,NJ,AEA,EN,Combined TRACON& Tower with Radar,30,15,23,15,83,0,3,17,20,40,30,18,40,35,123,0,36,36,159
06/09/2021,ACY,NJ,AEA,EN,Combined TRACON& Tower with Radar,21,9,13,7,50,0,0,23,18,41,21,9,36,25,91,40,12,52,143
06/10/2021,ACY,NJ,AEA,EN,Combined TRACON& Tower with Radar,27,9,17,6,59,0,0,10,12,22,27,9,27,18,81,2,28,30,111
06/11/2021,ACY,NJ,AEA,EN,Combined TRACON& Tower with Radar,22,21,34,2,79,0,1,7,12,20,22,22,41,14,99,0,0,0,99
06/12/2021,ACY,NJ,AEA,EN,Combined TRACON& Tower with Radar,19,10,21,1,51,0,0,22,3,25,19,10,43,4,76,28,0,28,104
06/13/2021,ACY,NJ,AEA,EN,Combined TRACON& Tower with Radar,22,21,24,0,67,0,0,33,2,35,22,21,57,2,102,0,0,0,102
06/14/2021,ACY,NJ,AEA,EN,Combined TRACON& Tower with Radar,23,8,20,8,59,0,0,22,16,38,23,8,42,24,97,4,14,18,115
06/15/2021,ACY,NJ,AEA,EN,Combined TRACON& Tower with Radar,20,11,10,5,46,0,2,27,23,52,20,13,37,28,98,26,0,26,124
06/16/2021,ACY,NJ,AEA,EN,Combined TRACON& Tower with Radar,16,7,15,14,52,0,0,38,15,53,16,7,53,29,105,6,34,40,145
06/17/2021,ACY,NJ,AEA,EN,Combined TRACON& Tower with Radar,24,6,14,7,51,0,1,58,19,78,24,7,72,26,129,0,0,0,129
06/18/2021,ACY,NJ,AEA,EN,Combined TRACON& Tower with Radar,22,25,21,2,70,0,0,60,9,69,22,25,81,11,139,6,0,6,145
06/19/2021,ACY,NJ,AEA,EN,Combined TRACON& Tower with Radar,16,9,20,3,48,0,0,44,8,52,16,9,64,11,100,16,0,16,116
06/20/2021,ACY,NJ,AEA,EN,Combined TRACON& Tower with Radar,24,26,12,1,63,0,0,42,12,54,24,26,54,13,117,10,4,14,131
06/21/2021,ACY,NJ,AEA,EN,Combined TRACON& Tower with Radar,21,9,20,27,77,0,0,11,21,32,21,9,31,48,109,4,42,46,155
06/22/2021,ACY,NJ,AEA,EN,Combined TRACON& Tower with Radar,17,8,23,9,57,0,1,4,10,15,17,9,27,19,72,0,12,12,84
06/23/2021,ACY,NJ,AEA,EN,Combined TRACON& Tower with Radar,16,2,30,19,67,0,3,52,21,76,16,5,82,40,143,16,20,36,179
06/24/2021,ACY,NJ,AEA,EN,Combined TRACON& Tower with Radar,22,19,27,9,77,0,4,37,24,65,22,23,64,33,142,18,22,40,182
06/25/2021,ACY,NJ,AEA,EN,Combined TRACON& Tower with Radar,24,21,26,0,71,0,0,18,18,36,24,21,44,18,107,26,0,26,133
06/26/2021,ACY,NJ,AEA,EN,Combined TRACON& Tower with Radar,18,17,26,6,67,0,1,15,3,19,18,18,41,9,86,4,0,4,90
06/27/2021,ACY,NJ,AEA,EN,Combined TRACON& Tower with Radar,24,27,35,2,88,0,0,34,4,38,24,27,69,6,126,0,2,2,128
06/28/2021,ACY,NJ,AEA,EN,Combined TRACON& Tower with Radar,22,10,28,2,62,0,2,43,22,67,22,12,71,24,129,20,10,30,159
06/29/2021,ACY,NJ,AEA,EN,Combined TRACON& Tower with Radar,16,10,21,4,51,0,1,28,21,50,16,11,49,25,101,56,42,98,199
06/30/2021,ACY,NJ,AEA,EN,Combined TRACON& Tower with Radar,24,10,22,7,63,0,6,26,16,48,24,16,48,23,111,10,90,100,211
07/01/2021,ACY,NJ,AEA,EN,Combined TRACON& Tower with Radar,24,21,14,2,61,0,0,7,27,34,24,21,21,29,95,0,0,0,95
07/02/2021,ACY,NJ,AEA,EN,Combined TRACON& Tower with Radar,24,15,18,3,60,0,0,6,1,7,24,15,24,4,67,0,0,0,67
07/03/2021,ACY,NJ,AEA,EN,Combined TRACON& Tower with Radar,18,23,24,1,66,0,0,1,4,5,18,23,25,5,71,0,7,7,78
07/04/2021,ACY,NJ,AEA,EN,Combined TRACON& Tower with Radar,18,12,17,3,50,0,0,28,7,35,18,12,45,10,85,0,0,0,85
07/05/2021,ACY,NJ,AEA,EN,Combined TRACON& Tower with Radar,24,24,30,2,80,0,0,29,2,31,24,24,59,4,111,18,0,18,129
07/06/2021,ACY,NJ,AEA,EN,Combined TRACON& Tower with Radar,29,14,22,14,79,0,1,33,14,48,29,15,55,28,127,26,34,60,187
07/07/2021,ACY,NJ,AEA,EN,Combined TRACON& Tower with Radar,37,10,25,42,114,0,0,38,25,63,37,10,63,67,177,14,146,160,337
07/08/2021,ACY,NJ,AEA,EN,Combined TRACON& Tower with Radar,27,17,29,28,101,0,0,30,20,50,27,17,59,48,151,0,22,22,173
07/09/2021,ACY,NJ,AEA,EN,Combined TRACON& Tower with Radar,25,28,31,30,114,0,1,18,13,32,25,29,49,43,146,6,70,76,222
07/10/2021,ACY,NJ,AEA,EN,Combined TRACON& Tower with Radar,22,24,38,5,89,0,1,32,4,37,22,25,70,9,126,22,8,30,156
07/11/2021,ACY,NJ,AEA,EN,Combined TRACON& Tower with Radar,24,27,19,1,71,0,0,17,3,20,24,27,36,4,91,0,12,12,103
07/12/2021,ACY,NJ,AEA,EN,Combined TRACON& Tower with Radar,25,15,33,10,83,0,0,15,10,25,25,15,48,20,108,0,0,0,108
07/13/2021,ACY,NJ,AEA,EN,Combined TRACON& Tower with Radar,21,16,38,20,95,0,1,20,21,42,21,17,58,41,137,26,90,116,253
07/14/2021,ACY,NJ,AEA,EN,Combined TRACON& Tower with Radar,20,24,32,28,104,0,0,42,14,56,20,24,74,42,160,26,16,42,202
07/15/2021,ACY,NJ,AEA,EN,Combined TRACON& Tower with Radar,26,17,28,23,94,0,0,35,22,57,26,17,63,45,151,12,38,50,201
07/16/2021,ACY,NJ,AEA,EN,Combined TRACON& Tower with Radar,21,32,25,3,81,0,0,30,16,46,21,32,55,19,127,16,16,32,159
07/17/2021,ACY,NJ,AEA,EN,Combined TRACON& Tower with Radar,25,13,28,10,76,0,0,30,6,36,25,13,58,16,112,4,0,4,116
07/18/2021,ACY,NJ,AEA,EN,Combined TRACON& Tower with Radar,22,31,49,5,107,0,0,29,5,34,22,31,78,10,141,20,0,20,161
07/19/2021,ACY,NJ,AEA,EN,Combined TRACON& Tower with Radar,25,17,26,12,80,0,0,59,18,77,25,17,85,30,157,46,14,60,217
07/20/2021,ACY,NJ,AEA,EN,Combined TRACON& Tower with Radar,23,12,27,13,75,0,0,26,22,48,23,12,53,35,123,0,2,2,125
07/21/2021,ACY,NJ,AEA,EN,Combined TRACON& Tower with Radar,21,11,19,8,59,0,0,12,19,31,21,11,31,27,90,18,38,56,146
07/22/2021,ACY,NJ,AEA,EN,Combined TRACON& Tower with Radar,23,20,37,13,93,0,1,47,22,70,23,21,84,35,163,36,66,102,265
07/23/2021,ACY,NJ,AEA,EN,Combined TRACON& Tower with Radar,20,38,39,6,103,0,0,54,21,75,20,38,93,27,178,12,30,42,220
07/24/2021,ACY,NJ,AEA,EN,Combined TRACON& Tower with Radar,24,25,17,12,78,0,0,44,6,50,24,25,61,18,128,4,30,34,162
07/25/2021,ACY,NJ,AEA,EN,Combined TRACON& Tower with Radar,22,37,32,2,93,0,0,16,5,21,22,37,48,7,114,0,0,0,114
07/26/2021,ACY,NJ,AEA,EN,Combined TRACON& Tower with Radar,23,9,22,1,55,0,0,28,24,52,23,9,50,25,107,46,50,96,203
07/27/2021,ACY,NJ,AEA,EN,Combined TRACON& Tower with Radar,17,11,29,30,87,0,1,47,25,73,17,12,76,55,160,20,0,20,180
07/28/2021,ACY,NJ,AEA,EN,Combined TRACON& Tower with Radar,17,11,24,5,57,0,0,51,25,76,17,11,75,30,133,4,20,24,157
07/29/2021,ACY,NJ,AEA,EN,Combined TRACON& Tower with Radar,25,18,20,10,73,0,3,6,15,24,25,21,26,25,97,0,0,0,97
07/30/2021,ACY,NJ,AEA,EN,Combined TRACON& Tower with Radar,23,44,31,8,106,0,0,47,20,67,23,44,78,28,173,2,4,6,179
07/31/2021,ACY,NJ,AEA,EN,Combined TRACON& Tower with Radar,19,15,23,0,57,0,2,32,5,39,19,17,55,5,96,0,0,0,96
08/01/2021,ACY,NJ,AEA,EN,Combined TRACON& Tower with Radar,19,28,18,2,67,0,0,15,3,18,19,28,33,5,85,0,10,10,95
08/02/2021,ACY,NJ,AEA,EN,Combined TRACON& Tower with Radar,11,11,24,4,50,0,0,41,17,58,11,11,65,21,108,24,6,30,138
08/03/2021,ACY,NJ,AEA,EN,Combined TRACON& Tower with Radar,7,13,14,21,55,0,1,50,22,73,7,14,64,43,128,18,36,54,182
08/04/2021,ACY,NJ,AEA,EN,Combined TRACON& Tower with Radar,8,7,26,5,46,0,0,23,9,32,8,7,49,14,78,0,16,16,94
08/05/2021,ACY,NJ,AEA,EN,Combined TRACON& Tower with Radar,8,26,36,33,103,0,0,45,23,68,8,26,81,56,171,40,50,90,261
08/06/2021,ACY,NJ,AEA,EN,Combined TRACON& Tower with Radar,12,20,28,24,84,0,0,44,16,60,12,20,72,40,144,0,12,12,156
08/07/2021,ACY,NJ,AEA,EN,Combined TRACON& Tower with Radar,17,29,26,5,77,0,0,27,13,40,17,29,53,18,117,0,20,20,137
08/08/2021,ACY,NJ,AEA,EN,Combined TRACON& Tower with Radar,17,36,34,3,90,0,0,22,1,23,17,36,56,4,113,24,0,24,137
08/09/2021,ACY,NJ,AEA,EN,Combined TRACON& Tower with Radar,24,14,32,1,71,0,0,33,13,46,24,14,65,14,117,6,0,6,123
08/10/2021,ACY,NJ,AEA,EN,Combined TRACON& Tower with Radar,26,19,14,12,71,0,0,21,16,37,26,19,35,28,108,0,6,6,114
08/11/2021,ACY,NJ,AEA,EN,Combined TRACON& Tower with Radar,21,20,19,21,81,0,1,40,21,62,21,21,59,42,143,12,22,34,177
08/12/2021,ACY,NJ,AEA,EN,Combined TRACON& Tower with Radar,21,18,32,21,92,0,7,46,18,71,21,25,78,39,163,66,16,82,245
08/13/2021,ACY,NJ,AEA,EN,Combined TRACON& Tower with Radar,20,37,23,16,96,0,1,41,14,56,20,38,64,30,152,8,18,26,178
08/14/2021,ACY,NJ,AEA,EN,Combined TRACON& Tower with Radar,22,23,17,4,66,0,1,33,2,36,22,24,50,6,102,18,12,30,132
08/15/2021,ACY,NJ,AEA,EN,Combined TRACON& Tower with Radar,22,41,23,2,88,0,0,40,13,53,22,41,63,15,141,0,12,12,153
08/16/2021,ACY,NJ,AEA,EN,Combined TRACON& Tower with Radar,22,19,21,34,96,0,0,33,23,56,22,19,54,57,152,2,40,42,194
08/17/2021,ACY,NJ,AEA,EN,Combined TRACON& Tower with Radar,21,12,18,6,57,0,2,35,29,66,21,14,53,35,123,60,16,76,199
08/18/2021,ACY,NJ,AEA,EN,Combined TRACON& Tower with Radar,21,9,25,12,67,0,0,46,18,64,21,9,71,30,131,0,8,8,139
08/19/2021,ACY,NJ,AEA,EN,Combined TRACON& Tower with Radar,25,13,27,15,80,0,0,43,12,55,25,13,70,27,135,50,42,92,227
08/20/2021,ACY,NJ,AEA,EN,Combined TRACON& Tower with Radar,24,35,31,0,90,0,0,15,13,28,24,35,46,13,118,10,0,10,128
08/21/2021,ACY,NJ,AEA,EN,Combined TRACON& Tower with Radar,23,20,35,5,83,1,0,6,5,12,24,20,41,10,95,8,0,8,103
08/22/2021,ACY,NJ,AEA,EN,Combined TRACON& Tower with Radar,25,24,19,1,69,0,0,13,8,21,25,24,32,9,90,2,1,3,93
08/23/2021,ACY,NJ,AEA,EN,Combined TRACON& Tower with Radar,27,17,23,14,81,0,0,25,16,41,27,17,48,30,122,10,44,54,176
08/24/2021,ACY,NJ,AEA,EN,Combined TRACON& Tower with Radar,24,7,27,11,69,0,0,57,23,80,24,7,84,34,149,14,78,92,241
08/25/2021,ACY,NJ,AEA,EN,Combined TRACON& Tower with Radar,28,19,19,30,96,0,1,66,28,95,28,20,85,58,191,62,26,88,279
08/26/2021,ACY,NJ,AEA,EN,Combined TRACON& Tower with Radar,27,18,28,23,96,0,2,35,25,62,27,20,63,48,158,34,78,112,270
08/27/2021,ACY,NJ,AEA,EN,Combined TRACON& Tower with Radar,27,33,27,1,88,0,0,22,18,40,27,33,49,19,128,0,0,0,128
08/28/2021,ACY,NJ,AEA,EN,Combined TRACON& Tower with Radar,28,18,17,1,64,0,0,2,3,5,28,18,19,4,69,0,36,36,105
08/29/2021,ACY,NJ,AEA,EN,Combined TRACON& Tower with Radar,25,33,49,0,107,0,0,24,0,24,25,33,73,0,131,0,0,0,131
08/30/2021,ACY,NJ,AEA,EN,Combined TRACON& Tower with Radar,26,13,31,9,79,0,0,12,19,31,26,13,43,28,110,0,0,0,110
08/31/2021,ACY,NJ,AEA,EN,Combined TRACON& Tower with Radar,27,9,18,12,66,0,0,22,26,48,27,9,40,38,114,0,18,18,132
09/01/2021,ACY,NJ,AEA,EN,Combined TRACON& Tower with Radar,24,5,20,1,50,0,0,0,18,18,24,5,20,19,68,0,14,14,82
09/02/2021,ACY,NJ,AEA,EN,Combined TRACON& Tower with Radar,26,27,35,34,122,0,2,35,23,60,26,29,70,57,182,42,56,98,280
09/03/2021,ACY,NJ,AEA,EN,Combined TRACON& Tower with Radar,29,26,31,6,92,0,0,30,17,47,29,26,61,23,139,14,12,26,165
09/04/2021,ACY,NJ,AEA,EN,Combined TRACON& Tower with Radar,23,20,24,1,68,0,1,46,8,55,23,21,70,9,123,10,14,24,147
09/05/2021,ACY,NJ,AEA,EN,Combined TRACON& Tower with Radar,23,30,23,1,77,0,1,27,10,38,23,31,50,11,115,40,0,40,155
09/06/2021,ACY,NJ,AEA,EN,Combined TRACON& Tower with Radar,31,10,23,0,64,0,1,26,5,32,31,11,49,5,96,2,14,16,112
09/07/2021,ACY,NJ,AEA,EN,Combined TRACON& Tower with Radar,20,8,34,19,81,0,0,37,20,57,20,8,71,39,138,0,8,8,146
09/08/2021,ACY,NJ,AEA,EN,Combined TRACON& Tower with Radar,18,4,19,35,76,0,1,26,19,46,18,5,45,54,122,8,76,84,206
09/09/2021,ACY,NJ,AEA,EN,Combined TRACON& Tower with Radar,20,8,18,18,64,0,0,1,21,22,20,8,19,39,86,2,74,76,162
09/10/2021,ACY,NJ,AEA,EN,Combined TRACON& Tower with Radar,16,30,23,0,69,0,0,33,22,55,16,30,56,22,124,4,2,6,130
09/11/2021,ACY,NJ,AEA,EN,Combined TRACON& Tower with Radar,18,9,27,8,62,0,2,48,8,58,18,11,75,16,120,8,4,12,132
09/12/2021,ACY,NJ,AEA,EN,Combined TRACON& Tower with Radar,17,33,25,5,80,0,0,45,2,47,17,33,70,7,127,6,0,6,133
09/13/2021,ACY,NJ,AEA,EN,Combined TRACON& Tower with Radar,18,16,39,6,79,0,0,36,22,58,18,16,75,28,137,0,34,34,171
09/14/2021,ACY,NJ,AEA,EN,Combined TRACON& Tower with Radar,16,14,24,36,90,0,1,30,25,56,16,15,54,61,146,6,6,12,158
09/15/2021,ACY,NJ,AEA,EN,Combined TRACON& Tower with Radar,20,10,14,25,69,0,0,21,21,42,20,10,35,46,111,0,16,16,127
09/16/2021,ACY,NJ,AEA,EN,Combined TRACON& Tower with Radar,16,10,10,51,87,0,0,4,18,22,16,10,14,69,109,28,22,50,159
09/17/2021,ACY,NJ,AEA,EN,Combined TRACON& Tower with Radar,19,28,35,3,85,0,0,2,13,15,19,28,37,16,100,0,0,0,100
09/18/2021,ACY,NJ,AEA,EN,Combined TRACON& Tower with Radar,18,14,52,9,93,0,1,43,3,47,18,15,95,12,140,24,0,24,164
09/19/2021,ACY,NJ,AEA,EN,Combined TRACON& Tower with Radar,17,25,34,1,77,0,0,41,6,47,17,25,75,7,124,0,0,0,124
09/20/2021,ACY,NJ,AEA,EN,Combined TRACON& Tower with Radar,19,13,22,13,67,0,0,37,20,57,19,13,59,33,124,8,32,40,164
09/21/2021,ACY,NJ,AEA,EN,Combined TRACON& Tower with Radar,18,9,22,25,74,0,1,18,28,47,18,10,40,53,121,16,54,70,191
09/22/2021,ACY,NJ,AEA,EN,Combined TRACON& Tower with Radar,19,10,29,32,90,0,0,18,32,50,19,10,47,64,140,24,80,104,244
09/23/2021,ACY,NJ,AEA,EN,Combined TRACON& Tower with Radar,17,16,13,3,49,0,0,1,18,19,17,16,14,21,68,0,0,0,68
09/24/2021,ACY,NJ,AEA,EN,Combined TRACON& Tower with Radar,19,26,38,10,93,0,0,49,17,66,19,26,87,27,159,16,8,24,183
09/25/2021,ACY,NJ,AEA,EN,Combined TRACON& Tower with Radar,19,12,21,5,57,0,2,69,5,76,19,14,90,10,133,16,32,48,181
09/26/2021,ACY,NJ,AEA,EN,Combined TRACON& Tower with Radar,15,30,23,1,69,0,0,43,14,57,15,30,66,15,126,32,2,34,160
09/27/2021,ACY,NJ,AEA,EN,Combined TRACON& Tower with Radar,21,12,8,5,46,0,0,36,14,50,21,12,44,19,96,10,14,24,120
09/28/2021,ACY,NJ,AEA,EN,Combined TRACON& Tower with Radar,15,6,25,7,53,0,0,16,34,50,15,6,41,41,103,8,20,28,131
09/29/2021,ACY,NJ,AEA,EN,Combined TRACON& Tower with Radar,16,13,20,7,56,0,0,47,22,69,16,13,67,29,125,38,44,82,207
09/30/2021,ACY,NJ,AEA,EN,Combined TRACON& Tower with Radar,18,12,36,10,76,0,0,44,36,80,18,12,80,46,156,16,90,106,262
10/01/2021,ACY,NJ,AEA,EN,Combined TRACON& Tower with Radar,19,22,31,16,88,0,1,42,24,67,19,23,73,40,155,6,16,22,177
10/02/2021,ACY,NJ,AEA,EN,Combined TRACON& Tower with Radar,18,12,19,1,50,0,3,46,3,52,18,15,65,4,102,8,0,8,110
10/03/2021,ACY,NJ,AEA,EN,Combined TRACON& Tower with Radar,16,27,24,1,68,0,2,38,5,45,16,29,62,6,113,12,8,20,133
10/04/2021,ACY,NJ,AEA,EN,Combined TRACON& Tower with Radar,20,8,28,2,58,0,2,19,23,44,20,10,47,25,102,12,0,12,114
10/05/2021,ACY,NJ,AEA,EN,Combined TRACON& Tower with Radar,19,7,18,14,58,0,0,1,5,6,19,7,19,19,64,0,0,0,64
10/06/2021,ACY,NJ,AEA,EN,Combined TRACON& Tower with Radar,36,11,49,21,117,0,0,5,22,27,36,11,54,43,144,30,68,98,242
10/07/2021,ACY,NJ,AEA,EN,Combined TRACON& Tower with Radar,19,10,30,38,97,0,2,35,37,74,19,12,65,75,171,22,104,126,297
10/08/2021,ACY,NJ,AEA,EN,Combined TRACON& Tower with Radar,18,28,23,24,93,0,0,44,11,55,18,28,67,35,148,0,64,64,212
10/09/2021,ACY,NJ,AEA,EN,Combined TRACON& Tower with Radar,19,12,16,2,49,0,0,3,6,9,19,12,19,8,58,10,0,10,68
10/10/2021,ACY,NJ,AEA,EN,Combined TRACON& Tower with Radar,18,32,20,3,73,0,0,0,7,7,18,32,20,10,80,2,6,8,88
10/11/2021,ACY,NJ,AEA,EN,Combined TRACON& Tower with Radar,23,12,36,0,71,0,0,4,3,7,23,12,40,3,78,0,0,0,78
10/12/2021,ACY,NJ,AEA,EN,Combined TRACON& Tower with Radar,18,8,33,16,75,0,0,2,14,16,18,8,35,30,91,0,0,0,91
10/13/2021,ACY,NJ,AEA,EN,Combined TRACON& Tower with Radar,16,1,50,56,123,0,0,22,16,38,16,1,72,72,161,16,22,38,199
10/14/2021,ACY,NJ,AEA,EN,Combined TRACON& Tower with Radar,23,14,21,12,70,0,2,43,33,78,23,16,64,45,148,2,58,60,208
10/15/2021,ACY,NJ,AEA,EN,Combined TRACON& Tower with Radar,24,11,28,37,100,0,0,39,12,51,24,11,67,49,151,0,4,4,155
10/16/2021,ACY,NJ,AEA,EN,Combined TRACON& Tower with Radar,20,11,22,16,69,0,0,20,11,31,20,11,42,27,100,6,16,22,122
10/17/2021,ACY,NJ,AEA,EN,Combined TRACON& Tower with Radar,18,21,18,5,62,0,0,30,6,36,18,21,48,11,98,16,6,22,120
10/18/2021,ACY,NJ,AEA,EN,Combined TRACON& Tower with Radar,24,5,18,7,54,0,0,18,18,36,24,5,36,25,90,0,2,2,92
10/19/2021,ACY,NJ,AEA,EN,Combined TRACON& Tower with Radar,18,7,20,34,79,0,2,34,27,63,18,9,54,61,142,6,40,46,188
10/20/2021,ACY,NJ,AEA,EN,Combined TRACON& Tower with Radar,16,6,36,52,110,0,1,45,23,69,16,7,81,75,179,30,98,128,307
10/21/2021,ACY,NJ,AEA,EN,Combined TRACON& Tower with Radar,18,10,24,26,78,0,7,37,27,71,18,17,61,53,149,26,100,126,275
10/22/2021,ACY,NJ,AEA,EN,Combined TRACON& Tower with Radar,21,29,31,14,95,0,0,27,22,49,21,29,58,36,144,14,24,38,182
10/23/2021,ACY,NJ,AEA,EN,Combined TRACON& Tower with Radar,19,6,18,1,44,0,0,33,4,37,19,6,51,5,81,4,0,4,85
10/24/2021,ACY,NJ,AEA,EN,Combined TRACON& Tower with Radar,19,19,25,2,65,0,0,57,2,59,19,19,82,4,124,32,0,32,156
10/25/2021,ACY,NJ,AEA,EN,Combined TRACON& Tower with Radar,21,13,31,4,69,0,0,28,21,49,21,13,59,25,118,4,28,32,150
10/26/2021,ACY,NJ,AEA,EN,Combined TRACON& Tower with Radar,19,12,15,7,53,0,0,3,23,26,19,12,18,30,79,0,34,34,113
10/27/2021,ACY,NJ,AEA,EN,Combined TRACON& Tower with Radar,17,6,18,12,53,0,0,14,31,45,17,6,32,43,98,20,22,42,140
10/28/2021,ACY,NJ,AEA,EN,Combined TRACON& Tower with Radar,21,6,13,25,65,0,0,20,19,39,21,6,33,44,104,10,42,52,156
10/29/2021,ACY,NJ,AEA,EN,Combined TRACON& Tower with Radar,22,28,9,0,59,0,0,2,7,9,22,28,11,7,68,0,0,0,68
10/30/2021,ACY,NJ,AEA,EN,Combined TRACON& Tower with Radar,22,13,12,1,48,0,0,17,5,22,22,13,29,6,70,0,2,2,72
10/31/2021,ACY,NJ,AEA,EN,Combined TRACON& Tower with Radar,23,30,27,0,80,0,0,25,3,28,23,30,52,3,108,25,0,25,133
11/01/2021,ACY,NJ,AEA,EN,Combined TRACON& Tower with Radar,25,8,22,23,78,0,0,36,30,66,25,8,58,53,144,2,26,28,172
11/02/2021,ACY,NJ,AEA,EN,Combined TRACON& Tower with Radar,19,1,9,8,37,0,0,13,26,39,19,1,22,34,76,14,6,20,96
11/03/2021,ACY,NJ,AEA,EN,Combined TRACON& Tower with Radar,18,3,15,15,51,0,1,35,21,57,18,4,50,36,108,6,30,36,144
11/04/2021,ACY,NJ,AEA,EN,Combined TRACON& Tower with Radar,18,6,18,29,71,0,0,17,25,42,18,6,35,54,113,0,12,12,125
11/05/2021,ACY,NJ,AEA,EN,Combined TRACON& Tower with Radar,19,21,15,20,75,0,0,17,32,49,19,21,32,52,124,6,32,38,162
11/06/2021,ACY,NJ,AEA,EN,Combined TRACON& Tower with Radar,21,5,18,10,54,0,0,26,22,48,21,5,44,32,102,6,18,24,126
11/07/2021,ACY,NJ,AEA,EN,Combined TRACON& Tower with Radar,20,28,16,9,73,0,0,31,7,38,20,28,47,16,111,34,6,40,151
11/08/2021,ACY,NJ,AEA,EN,Combined TRACON& Tower with Radar,19,9,10,19,57,0,1,25,26,52,19,10,35,45,109,0,36,36,145
11/09/2021,ACY,NJ,AEA,EN,Combined TRACON& Tower with Radar,21,2,19,10,52,0,0,33,26,59,21,2,52,36,111,14,84,98,209
11/10/2021,ACY,NJ,AEA,EN,Combined TRACON& Tower with Radar,16,1,27,44,88,0,0,35,36,71,16,1,62,80,159,20,90,110,269
11/11/2021,ACY,NJ,AEA,EN,Combined TRACON& Tower with Radar,21,12,13,2,48,0,0,29,5,34,21,12,42,7,82,10,8,18,100
11/12/2021,ACY,NJ,AEA,EN,Combined TRACON& Tower with Radar,20,18,18,1,57,0,0,6,3,9,20,18,24,4,66,6,0,6,72
11/13/2021,ACY,NJ,AEA,EN,Combined TRACON& Tower with Radar,24,10,23,0,57,0,0,7,5,12,24,10,30,5,69,2,4,6,75
11/14/2021,ACY,NJ,AEA,EN,Combined TRACON& Tower with Radar,19,21,28,8,76,0,0,61,8,69,19,21,89,16,145,26,0,26,171
11/15/2021,ACY,NJ,AEA,EN,Combined TRACON& Tower with Radar,23,11,14,19,67,0,1,5,32,38,23,12,19,51,105,0,48,48,153
11/16/2021,ACY,NJ,AEA,EN,Combined TRACON& Tower with Radar,22,1,27,26,76,0,0,32,36,68,22,1,59,62,144,12,68,80,224
11/17/2021,ACY,NJ,AEA,EN,Combined TRACON& Tower with Radar,20,3,25,12,60,0,3,38,34,75,20,6,63,46,135,18,46,64,199
11/18/2021,ACY,NJ,AEA,EN,Combined TRACON& Tower with Radar,25,9,23,18,75,0,2,19,40,61,25,11,42,58,136,18,48,66,202
11/19/2021,ACY,NJ,AEA,EN,Combined TRACON& Tower with Radar,22,26,12,5,65,0,0,17,16,33,22,26,29,21,98,6,4,10,108
11/20/2021,ACY,NJ,AEA,EN,Combined TRACON& Tower with Radar,24,18,19,1,62,0,0,41,3,44,24,18,60,4,106,8,6,14,120
11/21/2021,ACY,NJ,AEA,EN,Combined TRACON& Tower with Radar,21,24,26,0,71,0,0,26,7,33,21,24,52,7,104,48,0,48,152
11/22/2021,ACY,NJ,AEA,EN,Combined TRACON& Tower with Radar,26,9,11,19,65,0,0,9,11,20,26,9,20,30,85,2,0,2,87
11/23/2021,ACY,NJ,AEA,EN,Combined TRACON& Tower with Radar,23,4,6,20,53,0,0,7,25,32,23,4,13,45,85,0,22,22,107
11/24/2021,ACY,NJ,AEA,EN,Combined TRACON& Tower with Radar,22,2,18,15,57,0,0,39,13,52,22,2,57,28,109,46,70,116,225
11/25/2021,ACY,NJ,AEA,EN,Combined TRACON& Tower with Radar,17,3,7,1,28,0,0,11,3,14,17,3,18,4,42,18,0,18,60
11/26/2021,ACY,NJ,AEA,EN,Combined TRACON& Tower with Radar,21,11,8,1,41,0,0,0,6,6,21,11,8,7,47,0,4,4,51
11/27/2021,ACY,NJ,AEA,EN,Combined TRACON& Tower with Radar,24,14,25,2,65,0,0,12,7,19,24,14,37,9,84,0,0,0,84
11/28/2021,ACY,NJ,AEA,EN,Combined TRACON& Tower with Radar,22,15,5,2,44,0,0,34,4,38,22,15,39,6,82,6,0,6,88
11/29/2021,ACY,NJ,AEA,EN,Combined TRACON& Tower with Radar,22,6,19,21,68,0,0,12,21,33,22,6,31,42,101,16,52,68,169
11/30/2021,ACY,NJ,AEA,EN,Combined TRACON& Tower with Radar,22,12,21,27,82,0,0,24,31,55,22,12,45,58,137,24,42,66,203
12/01/2021,ACY,NJ,AEA,EN,Combined TRACON& Tower with Radar,13,12,27,7,59,0,0,25,31,56,13,12,52,38,115,24,46,70,185
12/02/2021,ACY,NJ,AEA,EN,Combined TRACON& Tower with Radar,21,8,20,14,63,0,0,33,29,62,21,8,53,43,125,2,22,24,149
12/03/2021,ACY,NJ,AEA,EN,Combined TRACON& Tower with Radar,21,25,25,21,92,0,0,30,26,56,21,25,55,47,148,12,28,40,188
12/04/2021,ACY,NJ,AEA,EN,Combined TRACON& Tower with Radar,19,11,23,12,65,0,0,32,13,45,19,11,55,25,110,14,8,22,132
12/05/2021,ACY,NJ,AEA,EN,Combined TRACON& Tower with Radar,20,27,34,2,83,0,0,43,6,49,20,27,77,8,132,20,0,20,152
12/06/2021,ACY,NJ,AEA,EN,Combined TRACON& Tower with Radar,26,8,18,4,56,0,0,1,13,14,26,8,19,17,70,0,0,0,70
12/07/2021,ACY,NJ,AEA,EN,Combined TRACON& Tower with Radar,15,5,29,17,66,0,0,38,31,69,15,5,67,48,135,66,8,74,209
12/08/2021,ACY,NJ,AEA,EN,Combined TRACON& Tower with Radar,15,3,9,18,45,0,0,15,23,38,15,3,24,41,83,12,46,58,141
12/09/2021,ACY,NJ,AEA,EN,Combined TRACON& Tower with Radar,21,2,22,21,66,0,0,29,13,42,21,2,51,34,108,16,50,66,174
12/10/2021,ACY,NJ,AEA,EN,Combined TRACON& Tower with Radar,20,16,27,18,81,0,0,32,20,52,20,16,59,38,133,36,10,46,179
12/11/2021,ACY,NJ,AEA,EN,Combined TRACON& Tower with Radar,23,9,6,1,39,0,0,0,4,4,23,9,6,5,43,10,2,12,55
12/12/2021,ACY,NJ,AEA,EN,Combined TRACON& Tower with Radar,19,18,17,8,62,0,0,25,9,34,19,18,42,17,96,0,0,0,96
12/13/2021,ACY,NJ,AEA,EN,Combined TRACON& Tower with Radar,21,10,19,5,55,0,0,32,7,39,21,10,51,12,94,8,22,30,124
12/14/2021,ACY,NJ,AEA,EN,Combined TRACON& Tower with Radar,18,0,14,31,63,0,0,51,19,70,18,0,65,50,133,32,86,118,251
12/15/2021,ACY,NJ,AEA,EN,Combined TRACON& Tower with Radar,11,4,25,44,84,0,0,28,21,49,11,4,53,65,133,14,28,42,175
12/16/2021,ACY,NJ,AEA,EN,Combined TRACON& Tower with Radar,24,7,11,29,71,0,0,25,22,47,24,7,36,51,118,4,30,34,152
12/17/2021,ACY,NJ,AEA,EN,Combined TRACON& Tower with Radar,24,11,14,38,87,0,1,18,19,38,24,12,32,57,125,2,8,10,135
12/18/2021,ACY,NJ,AEA,EN,Combined TRACON& Tower with Radar,19,5,21,10,55,0,0,0,5,5,19,5,21,15,60,0,0,0,60
12/19/2021,ACY,NJ,AEA,EN,Combined TRACON& Tower with Radar,22,9,24,2,57,0,0,18,12,30,22,9,42,14,87,8,2,10,97
12/20/2021,ACY,NJ,AEA,EN,Combined TRACON& Tower with Radar,21,4,22,1,48,0,0,31,19,50,21,4,53,20,98,22,14,36,134
12/21/2021,ACY,NJ,AEA,EN,Combined TRACON& Tower with Radar,20,7,25,21,73,0,0,30,25,55,20,7,55,46,128,34,72,106,234
12/22/2021,ACY,NJ,AEA,EN,Combined TRACON& Tower with Radar,16,6,11,33,66,0,0,7,12,19,16,6,18,45,85,14,42,56,141
12/23/2021,ACY,NJ,AEA,EN,Combined TRACON& Tower with Radar,22,3,15,22,62,0,0,43,19,62,22,3,58,41,124,18,62,80,204
12/24/2021,ACY,NJ,AEA,EN,Combined TRACON& Tower with Radar,17,2,15,0,34,0,0,17,4,21,17,2,32,4,55,0,0,0,55
12/25/2021,ACY,NJ,AEA,EN,Combined TRACON& Tower with Radar,20,3,5,0,28,0,0,2,0,2,20,3,7,0,30,0,0,0,30
12/26/2021,ACY,NJ,AEA,EN,Combined TRACON& Tower with Radar,19,6,10,0,35,0,0,31,11,42,19,6,41,11,77,32,0,32,109
12/27/2021,ACY,NJ,AEA,EN,Combined TRACON& Tower with Radar,19,10,12,2,43,0,0,6,9,15,19,10,18,11,58,0,0,0,58
12/28/2021,ACY,NJ,AEA,EN,Combined TRACON& Tower with Radar,20,14,30,35,99,0,0,41,9,50,20,14,71,44,149,10,62,72,221
12/29/2021,ACY,NJ,AEA,EN,Combined TRACON& Tower with Radar,15,7,19,51,92,0,0,1,6,7,15,7,20,57,99,0,0,0,99
12/30/2021,ACY,NJ,AEA,EN,Combined TRACON& Tower with Radar,15,12,35,15,77,0,0,0,1,1,15,12,35,16,78,10,10,20,98
12/31/2021,ACY,NJ,AEA,EN,Combined TRACON& Tower with Radar,16,16,14,11,57,0,0,1,3,4,16,16,15,14,61,0,14,14,75
01/01/2022,ACY,NJ,AEA,EN,Combined TRACON& Tower with Radar,21,10,9,0,40,0,0,0,0,0,21,10,9,0,40,0,0,0,40
01/02/2022,ACY,NJ,AEA,EN,Combined TRACON& Tower with Radar,20,27,20,7,74,0,0,9,9,18,20,27,29,16,92,12,6,18,110
01/03/2022,ACY,NJ,AEA,EN,Combined TRACON& Tower with Radar,7,1,0,0,8,0,0,2,2,4,7,1,2,2,12,0,0,0,12
01/04/2022,ACY,NJ,AEA,EN,Combined TRACON& Tower with Radar,19,18,24,12,73,0,0,37,2,39,19,18,61,14,112,6,6,12,124
01/05/2022,ACY,NJ,AEA,EN,Combined TRACON& Tower with Radar,11,3,9,6,29,0,0,1,4,5,11,3,10,10,34,0,0,0,34
01/06/2022,ACY,NJ,AEA,EN,Combined TRACON& Tower with Radar,23,4,20,22,69,0,0,44,23,67,23,4,64,45,136,38,36,74,210
01/07/2022,ACY,NJ,AEA,EN,Combined TRACON& Tower with Radar,18,12,6,14,50,0,0,7,9,16,18,12,13,23,66,0,6,6,72
01/08/2022,ACY,NJ,AEA,EN,Combined TRACON& Tower with Radar,19,7,25,25,76,0,1,25,16,42,19,8,50,41,118,0,14,14,132
01/09/2022,ACY,NJ,AEA,EN,Combined TRACON& Tower with Radar,21,12,13,9,55,0,0,3,6,9,21,12,16,15,64,0,0,0,64
01/10/2022,ACY,NJ,AEA,EN,Combined TRACON& Tower with Radar,22,5,20,23,70,0,1,19,24,44,22,6,39,47,114,0,6,6,120
01/11/2022,ACY,NJ,AEA,EN,Combined TRACON& Tower with Radar,10,0,13,14,37,0,0,21,21,42,10,0,34,35,79,0,0,0,79
01/12/2022,ACY,NJ,AEA,EN,Combined TRACON& Tower with Radar,10,1,20,16,47,0,0,27,35,62,10,1,47,51,109,6,0,6,115
01/13/2022,ACY,NJ,AEA,EN,Combined TRACON& Tower with Radar,19,12,49,27,107,0,1,46,31,78,19,13,95,58,185,32,36,68,253
01/14/2022,ACY,NJ,AEA,EN,Combined TRACON& Tower with Radar,22,21,16,2,61,0,4,9,26,39,22,25,25,28,100,2,14,16,116
01/15/2022,ACY,NJ,AEA,EN,Combined TRACON& Tower with Radar,20,9,13,4,46,0,2,30,4,36,20,11,43,8,82,34,16,50,132
01/16/2022,ACY,NJ,AEA,EN,Combined TRACON& Tower with Radar,20,22,10,2,54,0,0,6,3,9,20,22,16,5,63,0,0,0,63
01/17/2022,ACY,NJ,AEA,EN,Combined TRACON& Tower with Radar,21,6,3,0,30,0,0,0,2,2,21,6,3,2,32,0,0,0,32
01/18/2022,ACY,NJ,AEA,EN,Combined TRACON& Tower with Radar,9,3,16,37,65,0,0,14,37,51,9,3,30,74,116,26,54,80,196
01/19/2022,ACY,NJ,AEA,EN,Combined TRACON& Tower with Radar,12,5,32,56,105,0,0,23,24,47,12,5,55,80,152,14,84,98,250
01/20/2022,ACY,NJ,AEA,EN,Combined TRACON& Tower with Radar,22,5,7,15,49,0,0,1,22,23,22,5,8,37,72,0,66,66,138
01/21/2022,ACY,NJ,AEA,EN,Combined TRACON& Tower with Radar,23,12,25,14,74,0,0,21,28,49,23,12,46,42,123,14,58,72,195
01/22/2022,ACY,NJ,AEA,EN,Combined TRACON& Tower with Radar,18,11,31,0,60,0,1,38,7,46,18,12,69,7,106,20,6,26,132
01/23/2022,ACY,NJ,AEA,EN,Combined TRACON& Tower with Radar,21,13,25,3,62,0,0,39,7,46,21,13,64,10,108,8,0,8,116
01/24/2022,ACY,NJ,AEA,EN,Combined TRACON& Tower with Radar,21,6,34,6,67,0,0,34,18,52,21,6,68,24,119,12,0,12,131
01/25/2022,ACY,NJ,AEA,EN,Combined TRACON& Tower with Radar,9,7,37,49,102,0,0,32,24,56,9,7,69,73,158,24,52,76,234
01/26/2022,ACY,NJ,AEA,EN,Combined TRACON& Tower with Radar,11,5,25,27,68,0,0,33,35,68,11,5,58,62,136,8,42,50,186
01/27/2022,ACY,NJ,AEA,EN,Combined TRACON& Tower with Radar,22,10,32,36,100,0,2,36,26,64,22,12,68,62,164,16,50,66,230
01/28/2022,ACY,NJ,AEA,EN,Combined TRACON& Tower with Radar,15,29,18,7,69,0,3,11,16,30,15,32,29,23,99,24,18,42,141
01/29/2022,ACY,NJ,AEA,EN,Combined TRACON& Tower with Radar,5,0,0,0,5,0,0,1,0,1,5,0,1,0,6,0,0,0,6
01/30/2022,ACY,NJ,AEA,EN,Combined TRACON& Tower with Radar,26,32,22,2,82,0,0,16,2,18,26,32,38,4,100,0,0,0,100
01/31/2022,ACY,NJ,AEA,EN,Combined TRACON& Tower with Radar,19,6,8,4,37,0,0,25,10,35,19,6,33,14,72,0,0,0,72
02/01/2022,ACY,NJ,AEA,EN,Combined TRACON& Tower with Radar,11,10,22,17,60,0,0,14,32,46,11,10,36,49,106,30,22,52,158
02/02/2022,ACY,NJ,AEA,EN,Combined TRACON& Tower with Radar,6,2,11,9,28,0,0,0,10,10,6,2,11,19,38,0,6,6,44
02/03/2022,ACY,NJ,AEA,EN,Combined TRACON& Tower with Radar,20,3,9,13,45,0,0,1,13,14,20,3,10,26,59,0,32,32,91
02/04/2022,ACY,NJ,AEA,EN,Combined TRACON& Tower with Radar,24,0,9,8,41,0,0,0,0,0,24,0,9,8,41,0,0,0,41
02/05/2022,ACY,NJ,AEA,EN,Combined TRACON& Tower with Radar,13,4,8,10,35,0,2,16,5,23,13,6,24,15,58,32,18,50,108
02/06/2022,ACY,NJ,AEA,EN,Combined TRACON& Tower with Radar,22,6,36,18,82,0,0,47,14,61,22,6,83,32,143,26,28,54,197
02/07/2022,ACY,NJ,AEA,EN,Combined TRACON& Tower with Radar,22,4,15,12,53,0,0,0,0,0,22,4,15,12,53,0,0,0,53
02/08/2022,ACY,NJ,AEA,EN,Combined TRACON& Tower with Radar,14,4,32,47,97,0,0,47,30,77,14,4,79,77,174,14,82,96,270
02/09/2022,ACY,NJ,AEA,EN,Combined TRACON& Tower with Radar,9,8,29,30,76,0,0,65,29,94,9,8,94,59,170,12,84,96,266
02/10/2022,ACY,NJ,AEA,EN,Combined TRACON& Tower with Radar,22,11,16,37,86,0,0,32,33,65,22,11,48,70,151,20,62,82,233
02/11/2022,ACY,NJ,AEA,EN,Combined TRACON& Tower with Radar,22,21,33,11,87,0,0,36,15,51,22,21,69,26,138,22,32,54,192
02/12/2022,ACY,NJ,AEA,EN,Combined TRACON& Tower with Radar,20,10,32,2,64,0,0,36,7,43,20,10,68,9,107,8,56,64,171
02/13/2022,ACY,NJ,AEA,EN,Combined TRACON& Tower with Radar,20,19,8,0,47,0,0,0,1,1,20,19,8,1,48,0,0,0,48
02/14/2022,ACY,NJ,AEA,EN,Combined TRACON& Tower with Radar,19,2,26,8,55,0,0,16,40,56,19,2,42,48,111,32,14,46,157
02/15/2022,ACY,NJ,AEA,EN,Combined TRACON& Tower with Radar,12,5,27,29,73,1,2,56,28,87,13,7,83,57,160,118,84,202,362
02/16/2022,ACY,NJ,AEA,EN,Combined TRACON& Tower with Radar,17,9,26,64,116,0,4,32,34,70,17,13,58,98,186,62,102,164,350
02/17/2022,ACY,NJ,AEA,EN,Combined TRACON& Tower with Radar,23,6,16,32,77,0,1,9,27,37,23,7,25,59,114,2,94,96,210
02/18/2022,ACY,NJ,AEA,EN,Combined TRACON& Tower with Radar,22,15,7,7,51,0,0,8,17,25,22,15,15,24,76,14,0,14,90
02/19/2022,ACY,NJ,AEA,EN,Combined TRACON& Tower with Radar,25,7,12,3,47,0,0,5,7,12,25,7,17,10,59,0,14,14,73
02/20/2022,ACY,NJ,AEA,EN,Combined TRACON& Tower with Radar,22,17,25,5,69,0,0,66,7,73,22,17,91,12,142,26,0,26,168
02/21/2022,ACY,NJ,AEA,EN,Combined TRACON& Tower with Radar,26,8,27,0,61,0,0,47,3,50,26,8,74,3,111,0,0,0,111
02/22/2022,ACY,NJ,AEA,EN,Combined TRACON& Tower with Radar,16,7,16,13,52,0,0,3,25,28,16,7,19,38,80,8,30,38,118
02/23/2022,ACY,NJ,AEA,EN,Combined TRACON& Tower with Radar,18,4,16,19,57,0,0,19,19,38,18,4,35,38,95,0,40,40,135
02/24/2022,ACY,NJ,AEA,EN,Combined TRACON& Tower with Radar,24,11,6,18,59,0,3,19,34,56,24,14,25,52,115,4,38,42,157
02/25/2022,ACY,NJ,AEA,EN,Combined TRACON& Tower with Radar,23,19,13,4,59,0,0,3,11,14,23,19,16,15,73,0,12,12,85
02/26/2022,ACY,NJ,AEA,EN,Combined TRACON& Tower with Radar,23,14,41,3,81,0,0,45,4,49,23,14,86,7,130,0,0,0,130
02/27/2022,ACY,NJ,AEA,EN,Combined TRACON& Tower with Radar,23,27,31,0,81,0,0,14,6,20,23,27,45,6,101,12,0,12,113
02/28/2022,ACY,NJ,AEA,EN,Combined TRACON& Tower with Radar,24,7,26,59,116,0,0,50,41,91,24,7,76,100,207,2,20,22,229
03/01/2022,ACY,NJ,AEA,EN,Combined TRACON& Tower with Radar,19,6,27,36,88,0,0,36,36,72,19,6,63,72,160,18,50,68,228
03/02/2022,ACY,NJ,AEA,EN,Combined TRACON& Tower with Radar,17,2,23,15,57,0,2,41,23,66,17,4,64,38,123,36,82,118,241
03/03/2022,ACY,NJ,AEA,EN,Combined TRACON& Tower with Radar,24,11,21,29,85,0,0,21,31,52,24,11,42,60,137,22,92,114,251
03/04/2022,ACY,NJ,AEA,EN,Combined TRACON& Tower with Radar,22,14,16,19,71,0,0,39,5,44,22,14,55,24,115,30,10,40,155
03/05/2022,ACY,NJ,AEA,EN,Combined TRACON& Tower with Radar,21,10,28,3,62,0,0,39,8,47,21,10,67,11,109,8,0,8,117
03/06/2022,ACY,NJ,AEA,EN,Combined TRACON& Tower with Radar,23,18,19,8,68,0,0,8,11,19,23,18,27,19,87,0,8,8,95
03/07/2022,ACY,NJ,AEA,EN,Combined TRACON& Tower with Radar,23,7,8,16,54,0,0,3,16,19,23,7,11,32,73,0,0,0,73
03/08/2022,ACY,NJ,AEA,EN,Combined TRACON& Tower with Radar,20,2,13,33,68,0,2,24,30,56,20,4,37,63,124,0,88,88,212
03/09/2022,ACY,NJ,AEA,EN,Combined TRACON& Tower with Radar,15,3,3,6,27,0,0,3,13,16,15,3,6,19,43,2,58,60,103
03/10/2022,ACY,NJ,AEA,EN,Combined TRACON& Tower with Radar,24,8,23,36,91,0,0,35,37,72,24,8,58,73,163,10,78,88,251
03/11/2022,ACY,NJ,AEA,EN,Combined TRACON& Tower with Radar,23,23,22,7,75,0,1,30,28,59,23,24,52,35,134,34,70,104,238
03/12/2022,ACY,NJ,AEA,EN,Combined TRACON& Tower with Radar,18,11,5,0,34,0,0,0,0,0,18,11,5,0,34,0,0,0,34
03/13/2022,ACY,NJ,AEA,EN,Combined TRACON& Tower with Radar,13,26,13,0,52,0,0,5,5,10,13,26,18,5,62,12,0,12,74
03/14/2022,ACY,NJ,AEA,EN,Combined TRACON& Tower with Radar,24,8,28,21,81,0,0,26,15,41,24,8,54,36,122,0,36,36,158
03/15/2022,ACY,NJ,AEA,EN,Combined TRACON& Tower with Radar,13,7,22,20,62,0,0,41,23,64,13,7,63,43,126,12,54,66,192
03/16/2022,ACY,NJ,AEA,EN,Combined TRACON& Tower with Radar,15,7,41,42,105,0,0,38,27,65,15,7,79,69,170,10,40,50,220
03/17/2022,ACY,NJ,AEA,EN,Combined TRACON& Tower with Radar,27,12,14,57,110,0,0,0,4,4,27,12,14,61,114,0,10,10,124
03/18/2022,ACY,NJ,AEA,EN,Combined TRACON& Tower with Radar,20,27,30,20,97,0,0,28,18,46,20,27,58,38,143,36,40,76,219
03/19/2022,ACY,NJ,AEA,EN,Combined TRACON& Tower with Radar,15,15,18,9,57,0,0,7,10,17,15,15,25,19,74,0,24,24,98
03/20/2022,ACY,NJ,AEA,EN,Combined TRACON& Tower with Radar,23,26,22,15,86,0,0,23,8,31,23,26,45,23,117,0,12,12,129
03/21/2022,ACY,NJ,AEA,EN,Combined TRACON& Tower with Radar,26,12,19,22,79,0,0,25,27,52,26,12,44,49,131,14,38,52,183
03/22/2022,ACY,NJ,AEA,EN,Combined TRACON& Tower with Radar,12,5,35,34,86,0,3,57,50,110,12,8,92,84,196,14,62,76,272
03/23/2022,ACY,NJ,AEA,EN,Combined TRACON& Tower with Radar,18,7,28,30,83,0,0,24,32,56,18,7,52,62,139,18,16,34,173
03/24/2022,ACY,NJ,AEA,EN,Combined TRACON& Tower with Radar,24,8,6,0,38,0,0,0,10,10,24,8,6,10,48,0,0,0,48
03/25/2022,ACY,NJ,AEA,EN,Combined TRACON& Tower with Radar,23,20,42,8,93,0,0,45,30,75,23,20,87,38,168,24,18,42,210
03/26/2022,ACY,NJ,AEA,EN,Combined TRACON& Tower with Radar,19,6,12,0,37,0,1,5,5,11,19,7,17,5,48,6,0,6,54
03/27/2022,ACY,NJ,AEA,EN,Combined TRACON& Tower with Radar,18,25,8,1,52,0,0,24,7,31,18,25,32,8,83,8,0,8,91
03/28/2022,ACY,NJ,AEA,EN,Combined TRACON& Tower with Radar,24,9,9,23,65,0,2,7,34,43,24,11,16,57,108,0,28,28,136
03/29/2022,ACY,NJ,AEA,EN,Combined TRACON& Tower with Radar,16,9,17,41,83,0,0,21,31,52,16,9,38,72,135,0,32,32,167
03/30/2022,ACY,NJ,AEA,EN,Combined TRACON& Tower with Radar,15,4,24,56,99,0,0,29,22,51,15,4,53,78,150,12,40,52,202
03/31/2022,ACY,NJ,AEA,EN,Combined TRACON& Tower with Radar,21,6,12,7,46,0,0,1,5,6,21,6,13,12,52,0,0,0,52
04/01/2022,ACY,NJ,AEA,EN,Combined TRACON& Tower with Radar,24,6,5,11,46,0,0,2,22,24,24,6,7,33,70,0,20,20,90
04/02/2022,ACY,NJ,AEA,EN,Combined TRACON& Tower with Radar,18,9,33,7,67,0,0,50,5,55,18,9,83,12,122,16,4,20,142
04/03/2022,ACY,NJ,AEA,EN,Combined TRACON& Tower with Radar,18,15,14,0,47,0,0,5,6,11,18,15,19,6,58,0,0,0,58
04/04/2022,ACY,NJ,AEA,EN,Combined TRACON& Tower with Radar,17,11,12,8,48,0,0,41,24,65,17,11,53,32,113,44,30,74,187
04/05/2022,ACY,NJ,AEA,EN,Combined TRACON& Tower with Radar,15,2,16,18,51,0,0,19,22,41,15,2,35,40,92,0,8,8,100
04/06/2022,ACY,NJ,AEA,EN,Combined TRACON& Tower with Radar,14,5,22,19,60,0,0,2,8,10,14,5,24,27,70,16,34,50,120
04/07/2022,ACY,NJ,AEA,EN,Combined TRACON& Tower with Radar,19,3,5,0,27,0,0,0,4,4,19,3,5,4,31,8,38,46,77
04/08/2022,ACY,NJ,AEA,EN,Combined TRACON& Tower with Radar,24,24,38,7,93,0,0,43,33,76,24,24,81,40,169,18,62,80,249
04/09/2022,ACY,NJ,AEA,EN,Combined TRACON& Tower with Radar,24,11,36,5,76,0,0,27,16,43,24,11,63,21,119,53,8,61,180
04/10/2022,ACY,NJ,AEA,EN,Combined TRACON& Tower with Radar,15,24,29,5,73,0,0,21,9,30,15,24,50,14,103,26,8,34,137
04/11/2022,ACY,NJ,AEA,EN,Combined TRACON& Tower with Radar,20,4,22,30,76,0,2,40,39,81,20,6,62,69,157,12,32,44,201
04/12/2022,ACY,NJ,AEA,EN,Combined TRACON& Tower with Radar,16,11,13,24,64,0,0,25,31,56,16,11,38,55,120,26,60,86,206
04/13/2022,ACY,NJ,AEA,EN,Combined TRACON& Tower with Radar,16,11,32,62,121,0,2,39,30,71,16,13,71,92,192,2,32,34,226
04/14/2022,ACY,NJ,AEA,EN,Combined TRACON& Tower with Radar,26,14,16,6,62,0,3,30,28,61,26,17,46,34,123,6,18,24,147
04/15/2022,ACY,NJ,AEA,EN,Combined TRACON& Tower with Radar,18,15,24,5,62,0,2,55,12,69,18,17,79,17,131,10,22,32,163
04/16/2022,ACY,NJ,AEA,EN,Combined TRACON& Tower with Radar,21,8,15,0,44,0,0,7,2,9,21,8,22,2,53,0,0,0,53
04/17/2022,ACY,NJ,AEA,EN,Combined TRACON& Tower with Radar,19,12,20,2,53,0,0,14,2,16,19,12,34,4,69,0,0,0,69
04/18/2022,ACY,NJ,AEA,EN,Combined TRACON& Tower with Radar,26,7,18,4,55,0,0,9,9,18,26,7,27,13,73,6,0,6,79
04/19/2022,ACY,NJ,AEA,EN,Combined TRACON& Tower with Radar,14,1,8,15,38,0,0,6,35,41,14,1,14,50,79,10,50,60,139
04/20/2022,ACY,NJ,AEA,EN,Combined TRACON& Tower with Radar,23,4,22,10,59,0,1,37,21,59,23,5,59,31,118,76,24,100,218
04/21/2022,ACY,NJ,AEA,EN,Combined TRACON& Tower with Radar,23,8,14,40,85,1,1,44,32,78,24,9,58,72,163,14,52,66,229
04/22/2022,ACY,NJ,AEA,EN,Combined TRACON& Tower with Radar,20,27,24,8,79,0,0,26,36,62,20,27,50,44,141,22,8,30,171
04/23/2022,ACY,NJ,AEA,EN,Combined TRACON& Tower with Radar,23,12,21,0,56,0,2,47,5,54,23,14,68,5,110,36,0,36,146
04/24/2022,ACY,NJ,AEA,EN,Combined TRACON& Tower with Radar,23,24,23,0,70,0,0,40,9,49,23,24,63,9,119,28,0,28,147
04/25/2022,ACY,NJ,AEA,EN,Combined TRACON& Tower with Radar,24,6,19,34,83,0,1,7,22,30,24,7,26,56,113,14,0,14,127
04/26/2022,ACY,NJ,AEA,EN,Combined TRACON& Tower with Radar,18,7,27,25,77,0,0,6,24,30,18,7,33,49,107,0,78,78,185
04/27/2022,ACY,NJ,AEA,EN,Combined TRACON& Tower with Radar,21,6,21,16,64,0,2,7,20,29,21,8,28,36,93,20,42,62,155
04/28/2022,ACY,NJ,AEA,EN,Combined TRACON& Tower with Radar,26,6,20,44,96,0,0,15,33,48,26,6,35,77,144,0,92,92,236
04/29/2022,ACY,NJ,AEA,EN,Combined TRACON& Tower with Radar,25,19,37,6,87,0,0,31,29,60,25,19,68,35,147,0,16,16,163
04/30/2022,ACY,NJ,AEA,EN,Combined TRACON& Tower with Radar,22,14,25,6,67,0,3,46,13,62,22,17,71,19,129,0,8,8,137
05/01/2022,ACY,NJ,AEA,EN,Combined TRACON& Tower with Radar,23,23,27,0,73,0,0,26,15,41,23,23,53,15,114,18,0,18,132
05/02/2022,ACY,NJ,AEA,EN,Combined TRACON& Tower with Radar,23,11,26,21,81,1,0,9,17,27,24,11,35,38,108,0,50,50,158
05/03/2022,ACY,NJ,AEA,EN,Combined TRACON& Tower with Radar,23,0,26,27,76,0,1,21,7,29,23,1,47,34,105,2,30,32,137
05/04/2022,ACY,NJ,AEA,EN,Combined TRACON& Tower with Radar,19,10,28,26,83,0,1,4,19,24,19,11,32,45,107,10,40,50,157
05/05/2022,ACY,NJ,AEA,EN,Combined TRACON& Tower with Radar,25,8,38,18,89,0,2,49,18,69,25,10,87,36,158,20,70,90,248
05/06/2022,ACY,NJ,AEA,EN,Combined TRACON& Tower with Radar,18,9,30,22,79,0,0,3,11,14,18,9,33,33,93,16,0,16,109
05/07/2022,ACY,NJ,AEA,EN,Combined TRACON& Tower with Radar,28,5,10,0,43,0,0,0,0,0,28,5,10,0,43,0,0,0,43
05/08/2022,ACY,NJ,AEA,EN,Combined TRACON& Tower with Radar,20,13,19,0,52,0,0,0,2,2,20,13,19,2,54,0,0,0,54
05/09/2022,ACY,NJ,AEA,EN,Combined TRACON& Tower with Radar,21,6,18,11,56,0,0,10,32,42,21,6,28,43,98,0,8,8,106
05/10/2022,ACY,NJ,AEA,EN,Combined TRACON& Tower with Radar,21,2,19,5,47,0,0,16,29,45,21,2,35,34,92,18,14,32,124
05/11/2022,ACY,NJ,AEA,EN,Combined TRACON& Tower with Radar,26,6,17,6,55,0,0,20,26,46,26,6,37,32,101,84,44,128,229
05/12/2022,ACY,NJ,AEA,EN,Combined TRACON& Tower with Radar,22,11,45,22,100,0,0,2,7,9,22,11,47,29,109,28,55,83,192
05/13/2022,ACY,NJ,AEA,EN,Combined TRACON& Tower with Radar,16,15,50,17,98,0,0,0,0,0,16,15,50,17,98,0,0,0,98
05/14/2022,ACY,NJ,AEA,EN,Combined TRACON& Tower with Radar,20,7,9,0,36,0,0,0,0,0,20,7,9,0,36,0,0,0,36
05/15/2022,ACY,NJ,AEA,EN,Combined TRACON& Tower with Radar,20,22,43,0,85,0,0,19,10,29,20,22,62,10,114,34,0,34,148
05/16/2022,ACY,NJ,AEA,EN,Combined TRACON& Tower with Radar,21,5,12,0,38,0,0,11,9,20,21,5,23,9,58,30,14,44,102
05/17/2022,ACY,NJ,AEA,EN,Combined TRACON& Tower with Radar,24,8,19,31,82,0,1,27,30,58,24,9,46,61,140,28,64,92,232
05/18/2022,ACY,NJ,AEA,EN,Combined TRACON& Tower with Radar,25,6,25,12,68,0,2,42,32,76,25,8,67,44,144,38,20,58,202
05/19/2022,ACY,NJ,AEA,EN,Combined TRACON& Tower with Radar,20,18,28,33,99,0,0,21,25,46,20,18,49,58,145,12,36,48,193
05/20/2022,ACY,NJ,AEA,EN,Combined TRACON& Tower with Radar,17,19,26,18,80,0,0,20,23,43,17,19,46,41,123,0,8,8,131
05/21/2022,ACY,NJ,AEA,EN,Combined TRACON& Tower with Radar,25,15,32,10,82,0,2,46,15,63,25,17,78,25,145,16,24,40,185
05/22/2022,ACY,NJ,AEA,EN,Combined TRACON& Tower with Radar,18,34,15,8,75,0,0,32,7,39,18,34,47,15,114,8,0,8,122
05/23/2022,ACY,NJ,AEA,EN,Combined TRACON& Tower with Radar,20,6,22,27,75,0,0,34,25,59,20,6,56,52,134,0,44,44,178
05/24/2022,ACY,NJ,AEA,EN,Combined TRACON& Tower with Radar,19,4,30,15,68,0,0,40,31,71,19,4,70,46,139,0,40,40,179
05/25/2022,ACY,NJ,AEA,EN,Combined TRACON& Tower with Radar,20,7,33,20,80,0,0,47,23,70,20,7,80,43,150,28,48,76,226
05/26/2022,ACY,NJ,AEA,EN,Combined TRACON& Tower with Radar,18,16,37,34,105,0,2,13,27,42,18,18,50,61,147,14,28,42,189
05/27/2022,ACY,NJ,AEA,EN,Combined TRACON& Tower with Radar,19,25,25,1,70,0,0,2,4,6,19,25,27,5,76,0,12,12,88
05/28/2022,ACY,NJ,AEA,EN,Combined TRACON& Tower with Radar,25,12,25,1,63,0,0,39,6,45,25,12,64,7,108,0,0,0,108
05/29/2022,ACY,NJ,AEA,EN,Combined TRACON& Tower with Radar,15,22,19,3,59,0,0,43,12,55,15,22,62,15,114,4,0,4,118
05/30/2022,ACY,NJ,AEA,EN,Combined TRACON& Tower with Radar,20,13,20,1,54,0,1,41,9,51,20,14,61,10,105,36,0,36,141
05/31/2022,ACY,NJ,AEA,EN,Combined TRACON& Tower with Radar,18,6,19,35,78,0,0,54,24,78,18,6,73,59,156,0,34,34,190
06/01/2022,ACY,NJ,AEA,EN,Combined TRACON& Tower with Radar,17,10,41,35,103,0,2,11,5,18,17,12,52,40,121,20,8,28,149
06/02/2022,ACY,NJ,AEA,EN,Combined TRACON& Tower with Radar,24,16,21,10,71,0,0,8,12,20,24,16,29,22,91,6,12,18,109
06/03/2022,ACY,NJ,AEA,EN,Combined TRACON& Tower with Radar,19,20,49,21,109,0,0,14,16,30,19,20,63,37,139,16,6,22,161
06/04/2022,ACY,NJ,AEA,EN,Combined TRACON& Tower with Radar,18,11,29,2,60,0,2,53,2,57,18,13,82,4,117,0,0,0,117
06/05/2022,ACY,NJ,AEA,EN,Combined TRACON& Tower with Radar,24,21,16,0,61,0,2,45,11,58,24,23,61,11,119,18,0,18,137
06/06/2022,ACY,NJ,AEA,EN,Combined TRACON& Tower with Radar,22,10,29,20,81,0,2,65,34,101,22,12,94,54,182,52,20,72,254
06/07/2022,ACY,NJ,AEA,EN,Combined TRACON& Tower with Radar,24,8,30,18,80,0,1,28,33,62,24,9,58,51,142,54,20,74,216
06/08/2022,ACY,NJ,AEA,EN,Combined TRACON& Tower with Radar,24,4,40,6,74,0,0,31,19,50,24,4,71,25,124,24,0,24,148
06/09/2022,ACY,NJ,AEA,EN,Combined TRACON& Tower with Radar,28,8,17,9,62,0,0,23,19,42,28,8,40,28,104,6,0,6,110
06/10/2022,ACY,NJ,AEA,EN,Combined TRACON& Tower with Radar,24,9,36,23,92,0,0,43,24,67,24,9,79,47,159,32,20,52,211
06/11/2022,ACY,NJ,AEA,EN,Combined TRACON& Tower with Radar,24,9,35,4,72,0,0,32,7,39,24,9,67,11,111,6,0,6,117
06/12/2022,ACY,NJ,AEA,EN,Combined TRACON& Tower with Radar,27,10,23,5,65,0,2,8,4,14,27,12,31,9,79,3,0,3,82
06/13/2022,ACY,NJ,AEA,EN,Combined TRACON& Tower with Radar,24,13,28,9,74,0,0,38,17,55,24,13,66,26,129,0,8,8,137
06/14/2022,ACY,NJ,AEA,EN,Combined TRACON& Tower with Radar,24,1,27,16,68,0,0,33,18,51,24,1,60,34,119,24,16,40,159
06/15/2022,ACY,NJ,AEA,EN,Combined TRACON& Tower with Radar,20,6,36,16,78,0,1,45,31,77,20,7,81,47,155,18,28,46,201
06/16/2022,ACY,NJ,AEA,EN,Combined TRACON& Tower with Radar,24,13,33,16,86,0,0,14,21,35,24,13,47,37,121,6,30,36,157
06/17/2022,ACY,NJ,AEA,EN,Combined TRACON& Tower with Radar,22,23,30,6,81,0,0,28,15,43,22,23,58,21,124,10,14,24,148
06/18/2022,ACY,NJ,AEA,EN,Combined TRACON& Tower with Radar,24,23,22,0,69,0,1,21,9,31,24,24,43,9,100,0,0,0,100
06/19/2022,ACY,NJ,AEA,EN,Combined TRACON& Tower with Radar,25,23,24,1,73,0,1,19,12,32,25,24,43,13,105,2,16,18,123
06/20/2022,ACY,NJ,AEA,EN,Combined TRACON& Tower with Radar,21,15,37,0,73,0,0,40,17,57,21,15,77,17,130,72,0,72,202
06/21/2022,ACY,NJ,AEA,EN,Combined TRACON& Tower with Radar,28,13,13,32,86,0,0,27,35,62,28,13,40,67,148,84,24,108,256
06/22/2022,ACY,NJ,AEA,EN,Combined TRACON& Tower with Radar,22,10,41,25,98,0,0,5,17,22,22,10,46,42,120,0,0,0,120
06/23/2022,ACY,NJ,AEA,EN,Combined TRACON& Tower with Radar,25,20,46,17,108,0,1,10,34,45,25,21,56,51,153,36,12,48,201
06/24/2022,ACY,NJ,AEA,EN,Combined TRACON& Tower with Radar,21,24,42,22,109,0,1,49,21,71,21,25,91,43,180,12,28,40,220
06/25/2022,ACY,NJ,AEA,EN,Combined TRACON& Tower with Radar,24,22,34,0,80,0,0,50,4,54,24,22,84,4,134,8,0,8,142
06/26/2022,ACY,NJ,AEA,EN,Combined TRACON& Tower with Radar,25,23,60,0,108,0,0,54,7,61,25,23,114,7,169,0,0,0,169
06/27/2022,ACY,NJ,AEA,EN,Combined TRACON& Tower with Radar,19,14,32,2,67,0,1,11,22,34,19,15,43,24,101,42,0,42,143
06/28/2022,ACY,NJ,AEA,EN,Combined TRACON& Tower with Radar,28,12,21,41,102,0,1,41,36,78,28,13,62,77,180,2,32,34,214
06/29/2022,ACY,NJ,AEA,EN,Combined TRACON& Tower with Radar,24,3,19,49,95,0,0,49,45,94,24,3,68,94,189,18,60,78,267
06/30/2022,ACY,NJ,AEA,EN,Combined TRACON& Tower with Radar,24,19,24,15,82,0,0,33,24,57,24,19,57,39,139,10,32,42,181
07/01/2022,ACY,NJ,AEA,EN,Combined TRACON& Tower with Radar,21,24,34,26,105,0,0,45,7,52,21,24,79,33,157,8,36,44,201
07/02/2022,ACY,NJ,AEA,EN,Combined TRACON& Tower with Radar,23,13,12,1,49,0,0,29,5,34,23,13,41,6,83,0,0,0,83
07/03/2022,ACY,NJ,AEA,EN,Combined TRACON& Tower with Radar,27,14,34,1,76,0,0,23,3,26,27,14,57,4,102,0,0,0,102
07/04/2022,ACY,NJ,AEA,EN,Combined TRACON& Tower with Radar,21,9,25,0,55,0,0,52,8,60,21,9,77,8,115,4,0,4,119
07/05/2022,ACY,NJ,AEA,EN,Combined TRACON& Tower with Radar,24,8,27,3,62,0,0,20,17,37,24,8,47,20,99,4,0,4,103
07/06/2022,ACY,NJ,AEA,EN,Combined TRACON& Tower with Radar,20,19,31,15,85,0,0,14,37,51,20,19,45,52,136,2,74,76,212
07/07/2022,ACY,NJ,AEA,EN,Combined TRACON& Tower with Radar,27,18,28,42,115,0,0,4,11,15,27,18,32,53,130,6,56,62,192
07/08/2022,ACY,NJ,AEA,EN,Combined TRACON& Tower with Radar,23,17,33,8,81,0,0,39,5,44,23,17,72,13,125,68,0,68,193
07/09/2022,ACY,NJ,AEA,EN,Combined TRACON& Tower with Radar,20,12,34,6,72,0,0,26,3,29,20,12,60,9,101,24,0,24,125
07/10/2022,ACY,NJ,AEA,EN,Combined TRACON& Tower with Radar,26,18,35,2,81,0,0,34,11,45,26,18,69,13,126,6,0,6,132
07/11/2022,ACY,NJ,AEA,EN,Combined TRACON& Tower with Radar,24,13,15,26,78,0,3,50,30,83,24,16,65,56,161,24,134,158,319
07/12/2022,ACY,NJ,AEA,EN,Combined TRACON& Tower with Radar,26,15,26,24,91,0,0,30,36,66,26,15,56,60,157,48,66,114,271
07/13/2022,ACY,NJ,AEA,EN,Combined TRACON& Tower with Radar,20,11,13,31,75,0,0,50,35,85,20,11,63,66,160,58,82,140,300
07/14/2022,ACY,NJ,AEA,EN,Combined TRACON& Tower with Radar,30,12,43,34,119,0,0,45,24,69,30,12,88,58,188,38,46,84,272
07/15/2022,ACY,NJ,AEA,EN,Combined TRACON& Tower with Radar,20,25,22,33,100,0,0,37,34,71,20,25,59,67,171,0,30,30,201
07/16/2022,ACY,NJ,AEA,EN,Combined TRACON& Tower with Radar,29,11,16,6,62,0,0,28,13,41,29,11,44,19,103,0,20,20,123
07/17/2022,ACY,NJ,AEA,EN,Combined TRACON& Tower with Radar,27,32,31,6,96,0,0,30,4,34,27,32,61,10,130,6,0,6,136
07/18/2022,ACY,NJ,AEA,EN,Combined TRACON& Tower with Radar,21,13,19,5,58,0,2,15,17,34,21,15,34,22,92,0,0,0,92
07/19/2022,ACY,NJ,AEA,EN,Combined TRACON& Tower with Radar,29,10,41,21,101,0,1,59,40,100,29,11,100,61,201,162,34,196,397
07/20/2022,ACY,NJ,AEA,EN,Combined TRACON& Tower with Radar,21,14,40,16,91,0,0,48,18,66,21,14,88,34,157,6,12,18,175
07/21/2022,ACY,NJ,AEA,EN,Combined TRACON& Tower with Radar,29,24,32,29,114,0,1,31,29,61,29,25,63,58,175,40,26,66,241
07/22/2022,ACY,NJ,AEA,EN,Combined TRACON& Tower with Radar,24,17,47,27,115,0,0,69,26,95,24,17,116,53,210,20,86,106,316
07/23/2022,ACY,NJ,AEA,EN,Combined TRACON& Tower with Radar,24,12,29,0,65,0,3,47,3,53,24,15,76,3,118,0,0,0,118
07/24/2022,ACY,NJ,AEA,EN,Combined TRACON& Tower with Radar,24,23,25,1,73,0,2,31,4,37,24,25,56,5,110,0,0,0,110
07/25/2022,ACY,NJ,AEA,EN,Combined TRACON& Tower with Radar,23,20,24,4,71,0,0,17,14,31,23,20,41,18,102,8,32,40,142
07/26/2022,ACY,NJ,AEA,EN,Combined TRACON& Tower with Radar,25,15,28,21,89,0,2,39,25,66,25,17,67,46,155,56,12,68,223
07/27/2022,ACY,NJ,AEA,EN,Combined TRACON& Tower with Radar,26,28,30,20,104,0,0,59,29,88,26,28,89,49,192,24,52,76,268
07/28/2022,ACY,NJ,AEA,EN,Combined TRACON& Tower with Radar,26,23,34,21,104,0,0,32,17,49,26,23,66,38,153,54,56,110,263
07/29/2022,ACY,NJ,AEA,EN,Combined TRACON& Tower with Radar,22,23,50,23,118,0,0,50,27,77,22,23,100,50,195,22,22,44,239
07/30/2022,ACY,NJ,AEA,EN,Combined TRACON& Tower with Radar,20,23,24,2,69,0,0,42,11,53,20,23,66,13,122,8,0,8,130
07/31/2022,ACY,NJ,AEA,EN,Combined TRACON& Tower with Radar,28,15,35,0,78,0,0,33,4,37,28,15,68,4,115,14,4,18,133
08/01/2022,ACY,NJ,AEA,EN,Combined TRACON& Tower with Radar,22,17,45,23,107,0,0,8,24,32,22,17,53,47,139,54,6,60,199
08/02/2022,ACY,NJ,AEA,EN,Combined TRACON& Tower with Radar,24,12,29,21,86,0,5,41,41,87,24,17,70,62,173,12,54,66,239
08/03/2022,ACY,NJ,AEA,EN,Combined TRACON& Tower with Radar,22,7,45,56,130,0,1,60,38,99,22,8,105,94,229,56,102,158,387
08/04/2022,ACY,NJ,AEA,EN,Combined TRACON& Tower with Radar,32,19,32,16,99,0,1,41,21,63,32,20,73,37,162,4,32,36,198
08/05/2022,ACY,NJ,AEA,EN,Combined TRACON& Tower with Radar,19,23,19,19,80,0,1,29,10,40,19,24,48,29,120,12,26,38,158
08/06/2022,ACY,NJ,AEA,EN,Combined TRACON& Tower with Radar,21,17,32,7,77,0,1,20,10,31,21,18,52,17,108,0,16,16,124
08/07/2022,ACY,NJ,AEA,EN,Combined TRACON& Tower with Radar,28,29,34,8,99,0,0,32,12,44,28,29,66,20,143,14,36,50,193
08/08/2022,ACY,NJ,AEA,EN,Combined TRACON& Tower with Radar,22,17,33,5,77,0,0,44,15,59,22,17,77,20,136,54,62,116,252
08/09/2022,ACY,NJ,AEA,EN,Combined TRACON& Tower with Radar,26,13,17,22,78,0,1,26,24,51,26,14,43,46,129,58,76,134,263
08/10/2022,ACY,NJ,AEA,EN,Combined TRACON& Tower with Radar,21,19,28,48,116,0,0,39,21,60,21,19,67,69,176,40,80,120,296
08/11/2022,ACY,NJ,AEA,EN,Combined TRACON& Tower with Radar,25,18,26,15,84,0,0,29,21,50,25,18,55,36,134,58,42,100,234
08/12/2022,ACY,NJ,AEA,EN,Combined TRACON& Tower with Radar,26,19,48,17,110,0,0,41,26,67,26,19,89,43,177,4,92,96,273
08/13/2022,ACY,NJ,AEA,EN,Combined TRACON& Tower with Radar,22,15,31,2,70,0,0,46,8,54,22,15,77,10,124,6,0,6,130
08/14/2022,ACY,NJ,AEA,EN,Combined TRACON& Tower with Radar,24,25,42,4,95,0,2,55,6,63,24,27,97,10,158,0,0,0,158
08/15/2022,ACY,NJ,AEA,EN,Combined TRACON& Tower with Radar,21,20,23,25,89,0,0,24,9,33,21,20,47,34,122,54,90,144,266
08/16/2022,ACY,NJ,AEA,EN,Combined TRACON& Tower with Radar,29,19,23,32,103,0,0,54,39,93,29,19,77,71,196,80,138,218,414
08/17/2022,ACY,NJ,AEA,EN,Combined TRACON& Tower with Radar,20,16,26,28,90,0,0,35,39,74,20,16,61,67,164,70,130,200,364
08/18/2022,ACY,NJ,AEA,EN,Combined TRACON& Tower with Radar,26,28,25,32,111,0,0,51,40,91,26,28,76,72,202,43,104,147,349
08/19/2022,ACY,NJ,AEA,EN,Combined TRACON& Tower with Radar,22,23,32,8,85,0,0,46,26,72,22,23,78,34,157,24,9,33,190
08/20/2022,ACY,NJ,AEA,EN,Combined TRACON& Tower with Radar,20,17,17,12,66,0,5,28,18,51,20,22,45,30,117,12,52,64,181
08/21/2022,ACY,NJ,AEA,EN,Combined TRACON& Tower with Radar,27,18,36,4,85,0,1,24,10,35,27,19,60,14,120,8,4,12,132
08/22/2022,ACY,NJ,AEA,EN,Combined TRACON& Tower with Radar,21,12,29,16,78,0,0,4,20,24,21,12,33,36,102,6,64,70,172
08/23/2022,ACY,NJ,AEA,EN,Combined TRACON& Tower with Radar,25,14,16,6,61,0,2,30,44,76,25,16,46,50,137,0,50,50,187
08/24/2022,ACY,NJ,AEA,EN,Combined TRACON& Tower with Radar,24,13,11,6,54,0,4,44,38,86,24,17,55,44,140,30,0,30,170
08/25/2022,ACY,NJ,AEA,EN,Combined TRACON& Tower with Radar,26,9,14,31,80,0,4,36,38,78,26,13,50,69,158,34,64,98,256
08/26/2022,ACY,NJ,AEA,EN,Combined TRACON& Tower with Radar,20,15,25,6,66,0,0,35,31,66,20,15,60,37,132,14,16,30,162
08/27/2022,ACY,NJ,AEA,EN,Combined TRACON& Tower with Radar,22,19,17,0,58,0,0,29,4,33,22,19,46,4,91,0,6,6,97
08/28/2022,ACY,NJ,AEA,EN,Combined TRACON& Tower with Radar,28,22,28,0,78,0,0,14,2,16,28,22,42,2,94,0,0,0,94
08/29/2022,ACY,NJ,AEA,EN,Combined TRACON& Tower with Radar,20,20,18,25,83,0,1,20,38,59,20,21,38,63,142,6,21,27,169
08/30/2022,ACY,NJ,AEA,EN,Combined TRACON& Tower with Radar,26,9,14,19,68,0,1,22,26,49,26,10,36,45,117,8,62,70,187
08/31/2022,ACY,NJ,AEA,EN,Combined TRACON& Tower with Radar,26,12,25,31,94,0,4,40,34,78,26,16,65,65,172,28,108,136,308
09/01/2022,ACY,NJ,AEA,EN,Combined TRACON& Tower with Radar,26,9,28,31,94,0,2,33,45,80,26,11,61,76,174,1,20,21,195
09/02/2022,ACY,NJ,AEA,EN,Combined TRACON& Tower with Radar,25,18,17,4,64,0,0,30,14,44,25,18,47,18,108,34,18,52,160
09/03/2022,ACY,NJ,AEA,EN,Combined TRACON& Tower with Radar,24,11,14,2,51,0,0,40,9,49,24,11,54,11,100,20,0,20,120
09/04/2022,ACY,NJ,AEA,EN,Combined TRACON& Tower with Radar,27,14,14,5,60,0,0,41,8,49,27,14,55,13,109,6,1,7,116
09/05/2022,ACY,NJ,AEA,EN,Combined TRACON& Tower with Radar,22,12,24,2,60,0,0,36,8,44,22,12,60,10,104,2,0,2,106
09/06/2022,ACY,NJ,AEA,EN,Combined TRACON& Tower with Radar,25,14,30,10,79,0,0,2,1,3,25,14,32,11,82,0,0,0,82
09/07/2022,ACY,NJ,AEA,EN,Combined TRACON& Tower with Radar,17,16,26,22,81,0,0,5,25,30,17,16,31,47,111,50,50,100,211
09/08/2022,ACY,NJ,AEA,EN,Combined TRACON& Tower with Radar,20,12,18,13,63,0,1,25,28,54,20,13,43,41,117,84,50,134,251
09/09/2022,ACY,NJ,AEA,EN,Combined TRACON& Tower with Radar,17,19,24,19,79,0,0,38,21,59,17,19,62,40,138,34,64,98,236
09/10/2022,ACY,NJ,AEA,EN,Combined TRACON& Tower with Radar,19,20,20,7,66,0,0,46,21,67,19,20,66,28,133,6,48,54,187
09/11/2022,ACY,NJ,AEA,EN,Combined TRACON& Tower with Radar,21,12,29,4,66,0,0,6,4,10,21,12,35,8,76,2,6,8,84
09/12/2022,ACY,NJ,AEA,EN,Combined TRACON& Tower with Radar,18,12,26,4,60,0,0,5,17,22,18,12,31,21,82,12,0,12,94
09/13/2022,ACY,NJ,AEA,EN,Combined TRACON& Tower with Radar,18,5,35,47,105,0,0,31,50,81,18,5,66,97,186,60,76,136,322
09/14/2022,ACY,NJ,AEA,EN,Combined TRACON& Tower with Radar,19,5,26,19,69,0,0,45,36,81,19,5,71,55,150,50,92,142,292
09/15/2022,ACY,NJ,AEA,EN,Combined TRACON& Tower with Radar,20,12,16,10,58,0,0,43,34,77,20,12,59,44,135,33,92,125,260
09/16/2022,ACY,NJ,AEA,EN,Combined TRACON& Tower with Radar,17,11,23,7,58,0,2,38,19,59,17,13,61,26,117,10,14,24,141
09/17/2022,ACY,NJ,AEA,EN,Combined TRACON& Tower with Radar,20,8,29,1,58,0,0,50,8,58,20,8,79,9,116,22,1,23,139
09/18/2022,ACY,NJ,AEA,EN,Combined TRACON& Tower with Radar,20,22,27,1,70,0,0,61,16,77,20,22,88,17,147,14,10,24,171
09/19/2022,ACY,NJ,AEA,EN,Combined TRACON& Tower with Radar,17,7,20,14,58,0,4,38,34,76,17,11,58,48,134,16,34,50,184
09/20/2022,ACY,NJ,AEA,EN,Combined TRACON& Tower with Radar,19,9,26,34,88,0,0,28,33,61,19,9,54,67,149,60,128,188,337
09/21/2022,ACY,NJ,AEA,EN,Combined TRACON& Tower with Radar,20,18,31,23,92,0,7,58,27,92,20,25,89,50,184,34,50,84,268
09/22/2022,ACY,NJ,AEA,EN,Combined TRACON& Tower with Radar,19,12,24,17,72,0,0,20,21,41,19,12,44,38,113,12,50,62,175
09/23/2022,ACY,NJ,AEA,EN,Combined TRACON& Tower with Radar,20,15,27,16,78,0,0,18,34,52,20,15,45,50,130,0,52,52,182
09/24/2022,ACY,NJ,AEA,EN,Combined TRACON& Tower with Radar,21,6,31,2,60,0,5,41,4,50,21,11,72,6,110,24,4,28,138
09/25/2022,ACY,NJ,AEA,EN,Combined TRACON& Tower with Radar,26,14,12,2,54,0,0,26,8,34,26,14,38,10,88,12,0,12,100
09/26/2022,ACY,NJ,AEA,EN,Combined TRACON& Tower with Radar,19,14,29,16,78,0,2,51,29,82,19,16,80,45,160,38,52,90,250
09/27/2022,ACY,NJ,AEA,EN,Combined TRACON& Tower with Radar,18,3,16,13,50,0,0,40,21,61,18,3,56,34,111,30,90,120,231
09/28/2022,ACY,NJ,AEA,EN,Combined TRACON& Tower with Radar,12,1,14,11,38,0,2,36,19,57,12,3,50,30,95,62,62,124,219
09/29/2022,ACY,NJ,AEA,EN,Combined TRACON& Tower with Radar,12,14,34,24,84,0,2,63,30,95,12,16,97,54,179,62,76,138,317
09/30/2022,ACY,NJ,AEA,EN,Combined TRACON& Tower with Radar,8,13,6,26,53,0,0,10,24,34,8,13,16,50,87,28,28,56,143
10/01/2022,ACY,NJ,AEA,EN,Combined TRACON& Tower with Radar,14,16,17,0,47,0,0,0,0,0,14,16,17,0,47,0,0,0,47
10/02/2022,ACY,NJ,AEA,EN,Combined TRACON& Tower with Radar,15,15,10,0,40,0,0,1,0,1,15,15,11,0,41,0,0,0,41
10/03/2022,ACY,NJ,AEA,EN,Combined TRACON& Tower with Radar,15,9,10,0,34,0,0,0,4,4,15,9,10,4,38,0,0,0,38
10/04/2022,ACY,NJ,AEA,EN,Combined TRACON& Tower with Radar,15,6,17,6,44,0,0,0,0,0,15,6,17,6,44,0,0,0,44
10/05/2022,ACY,NJ,AEA,EN,Combined TRACON& Tower with Radar,19,10,11,18,58,0,0,0,9,9,19,10,11,27,67,0,10,10,77
10/06/2022,ACY,NJ,AEA,EN,Combined TRACON& Tower with Radar,20,14,28,12,74,0,1,56,14,71,20,15,84,26,145,86,30,116,261
10/07/2022,ACY,NJ,AEA,EN,Combined TRACON& Tower with Radar,18,17,22,22,79,0,0,43,3,46,18,17,65,25,125,28,0,28,153
10/08/2022,ACY,NJ,AEA,EN,Combined TRACON& Tower with Radar,20,14,22,0,56,0,0,46,5,51,20,14,68,5,107,44,8,52,159
10/09/2022,ACY,NJ,AEA,EN,Combined TRACON& Tower with Radar,19,8,23,4,54,0,2,38,2,42,19,10,61,6,96,0,0,0,96
10/10/2022,ACY,NJ,AEA,EN,Combined TRACON& Tower with Radar,19,6,16,0,41,0,3,44,9,56,19,9,60,9,97,78,0,78,175
10/11/2022,ACY,NJ,AEA,EN,Combined TRACON& Tower with Radar,18,5,16,16,55,0,2,43,13,58,18,7,59,29,113,52,126,178,291
10/12/2022,ACY,NJ,AEA,EN,Combined TRACON& Tower with Radar,20,13,21,20,74,0,0,29,20,49,20,13,50,40,123,66,58,124,247
10/13/2022,ACY,NJ,AEA,EN,Combined TRACON& Tower with Radar,16,14,19,26,75,0,0,8,21,29,16,14,27,47,104,0,40,40,144
10/14/2022,ACY,NJ,AEA,EN,Combined TRACON& Tower with Radar,24,23,21,34,102,0,0,40,18,58,24,23,61,52,160,40,26,66,226
10/15/2022,ACY,NJ,AEA,EN,Combined TRACON& Tower with Radar,19,17,27,18,81,0,2,40,3,45,19,19,67,21,126,24,0,24,150
10/16/2022,ACY,NJ,AEA,EN,Combined TRACON& Tower with Radar,18,25,21,2,66,0,1,37,3,41,18,26,58,5,107,2,0,2,109
10/17/2022,ACY,NJ,AEA,EN,Combined TRACON& Tower with Radar,21,12,24,1,58,0,0,4,13,17,21,12,28,14,75,0,0,0,75
10/18/2022,ACY,NJ,AEA,EN,Combined TRACON& Tower with Radar,18,11,23,30,82,0,0,54,39,93,18,11,77,69,175,44,58,102,277
10/19/2022,ACY,NJ,AEA,EN,Combined TRACON& Tower with Radar,22,14,18,53,107,0,1,28,34,63,22,15,46,87,170,44,122,166,336
10/20/2022,ACY,NJ,AEA,EN,Combined TRACON& Tower with Radar,22,16,20,13,71,0,1,22,29,52,22,17,42,42,123,40,36,76,199
10/21/2022,ACY,NJ,AEA,EN,Combined TRACON& Tower with Radar,18,9,21,6,54,0,3,46,29,78,18,12,67,35,132,66,24,90,222
10/22/2022,ACY,NJ,AEA,EN,Combined TRACON& Tower with Radar,17,5,17,1,40,0,0,29,4,33,17,5,46,5,73,22,0,22,95
10/23/2022,ACY,NJ,AEA,EN,Combined TRACON& Tower with Radar,22,10,23,0,55,0,1,2,0,3,22,11,25,0,58,0,0,0,58
10/24/2022,ACY,NJ,AEA,EN,Combined TRACON& Tower with Radar,18,9,22,3,52,0,0,0,0,0,18,9,22,3,52,0,0,0,52
10/25/2022,ACY,NJ,AEA,EN,Combined TRACON& Tower with Radar,15,18,16,13,62,0,0,0,0,0,15,18,16,13,62,0,0,0,62
10/26/2022,ACY,NJ,AEA,EN,Combined TRACON& Tower with Radar,17,11,10,30,68,0,0,5,14,19,17,11,15,44,87,4,26,30,117
10/27/2022,ACY,NJ,AEA,EN,Combined TRACON& Tower with Radar,19,16,27,22,84,0,1,47,36,84,19,17,74,58,168,62,48,110,278
10/28/2022,ACY,NJ,AEA,EN,Combined TRACON& Tower with Radar,17,24,20,23,84,0,0,28,4,32,17,24,48,27,116,16,42,58,174
10/29/2022,ACY,NJ,AEA,EN,Combined TRACON& Tower with Radar,20,13,13,3,49,0,0,29,11,40,20,13,42,14,89,66,0,66,155
10/30/2022,ACY,NJ,AEA,EN,Combined TRACON& Tower with Radar,19,15,13,1,48,0,1,28,3,32,19,16,41,4,80,18,0,18,98
10/31/2022,ACY,NJ,AEA,EN,Combined TRACON& Tower with Radar,17,11,24,23,75,0,0,15,20,35,17,11,39,43,110,64,24,88,198
11/01/2022,ACY,NJ,AEA,EN,Combined TRACON& Tower with Radar,18,5,30,17,70,0,0,13,28,41,18,5,43,45,111,34,38,72,183
11/02/2022,ACY,NJ,AEA,EN,Combined TRACON& Tower with Radar,19,10,18,44,91,0,0,30,19,49,19,10,48,63,140,8,44,52,192
11/03/2022,ACY,NJ,AEA,EN,Combined TRACON& Tower with Radar,17,10,23,29,79,0,2,19,26,47,17,12,42,55,126,2,44,46,172
11/04/2022,ACY,NJ,AEA,EN,Combined TRACON& Tower with Radar,22,10,20,8,60,0,0,23,17,40,22,10,43,25,100,22,0,22,122
11/05/2022,ACY,NJ,AEA,EN,Combined TRACON& Tower with Radar,23,7,28,12,70,0,0,26,6,32,23,7,54,18,102,10,40,50,152
11/06/2022,ACY,NJ,AEA,EN,Combined TRACON& Tower with Radar,16,9,17,8,50,0,2,32,13,47,16,11,49,21,97,46,40,86,183
11/07/2022,ACY,NJ,AEA,EN,Combined TRACON& Tower with Radar,18,11,24,11,64,0,2,42,30,74,18,13,66,41,138,60,16,76,214
11/08/2022,ACY,NJ,AEA,EN,Combined TRACON& Tower with Radar,18,10,30,22,80,0,2,37,26,65,18,12,67,48,145,0,22,22,167
11/09/2022,ACY,NJ,AEA,EN,Combined TRACON& Tower with Radar,17,7,16,14,54,0,0,31,25,56,17,7,47,39,110,50,54,104,214
11/10/2022,ACY,NJ,AEA,EN,Combined TRACON& Tower with Radar,14,8,15,17,54,0,1,38,30,69,14,9,53,47,123,20,42,62,185
11/11/2022,ACY,NJ,AEA,EN,Combined TRACON& Tower with Radar,18,10,18,0,46,0,0,4,3,7,18,10,22,3,53,0,6,6,59
11/12/2022,ACY,NJ,AEA,EN,Combined TRACON& Tower with Radar,19,8,17,0,44,0,0,24,5,29,19,8,41,5,73,0,0,0,73
11/13/2022,ACY,NJ,AEA,EN,Combined TRACON& Tower with Radar,18,16,17,2,53,0,1,2,2,5,18,17,19,4,58,16,26,42,100
11/14/2022,ACY,NJ,AEA,EN,Combined TRACON& Tower with Radar,20,9,20,10,59,0,1,34,41,76,20,10,54,51,135,74,8,82,217
11/15/2022,ACY,NJ,AEA,EN,Combined TRACON& Tower with Radar,16,4,14,45,79,0,1,28,13,42,16,5,42,58,121,20,66,86,207
11/16/2022,ACY,NJ,AEA,EN,Combined TRACON& Tower with Radar,22,8,20,43,93,0,2,15,32,49,22,10,35,75,142,22,50,72,214
11/17/2022,ACY,NJ,AEA,EN,Combined TRACON& Tower with Radar,17,13,20,27,77,0,1,42,34,77,17,14,62,61,154,32,50,82,236
11/18/2022,ACY,NJ,AEA,EN,Combined TRACON& Tower with Radar,17,10,35,9,71,0,0,32,26,58,17,10,67,35,129,8,32,40,169
11/19/2022,ACY,NJ,AEA,EN,Combined TRACON& Tower with Radar,18,11,22,2,53,0,0,29,7,36,18,11,51,9,89,28,14,42,131
11/20/2022,ACY,NJ,AEA,EN,Combined TRACON& Tower with Radar,20,17,10,4,51,0,0,15,5,20,20,17,25,9,71,2,12,14,85
11/21/2022,ACY,NJ,AEA,EN,Combined TRACON& Tower with Radar,16,7,14,18,55,0,1,40,30,71,16,8,54,48,126,50,8,58,184
11/22/2022,ACY,NJ,AEA,EN,Combined TRACON& Tower with Radar,18,14,10,28,70,0,4,39,27,70,18,18,49,55,140,38,46,84,224
11/23/2022,ACY,NJ,AEA,EN,Combined TRACON& Tower with Radar,20,3,30,15,68,0,2,39,15,56,20,5,69,30,124,48,64,112,236
11/24/2022,ACY,NJ,AEA,EN,Combined TRACON& Tower with Radar,16,3,6,0,25,0,0,17,6,23,16,3,23,6,48,0,18,18,66
11/25/2022,ACY,NJ,AEA,EN,Combined TRACON& Tower with Radar,18,11,12,1,42,0,0,4,6,10,18,11,16,7,52,0,0,0,52
11/26/2022,ACY,NJ,AEA,EN,Combined TRACON& Tower with Radar,20,7,24,1,52,0,0,46,7,53,20,7,70,8,105,12,0,12,117
11/27/2022,ACY,NJ,AEA,EN,Combined TRACON& Tower with Radar,16,11,19,4,50,0,0,7,4,11,16,11,26,8,61,0,0,0,61
11/28/2022,ACY,NJ,AEA,EN,Combined TRACON& Tower with Radar,17,7,14,23,61,0,1,27,19,47,17,8,41,42,108,0,11,11,119
11/29/2022,ACY,NJ,AEA,EN,Combined TRACON& Tower with Radar,19,7,20,50,96,0,2,33,34,69,19,9,53,84,165,70,66,136,301
11/30/2022,ACY,NJ,AEA,EN,Combined TRACON& Tower with Radar,17,8,7,18,50,0,1,0,13,14,17,9,7,31,64,12,46,58,122
12/01/2022,ACY,NJ,AEA,EN,Combined TRACON& Tower with Radar,18,8,20,31,77,0,1,54,54,109,18,9,74,85,186,36,67,103,289
12/02/2022,ACY,NJ,AEA,EN,Combined TRACON& Tower with Radar,18,9,27,13,67,0,3,56,35,94,18,12,83,48,161,32,40,72,233
12/03/2022,ACY,NJ,AEA,EN,Combined TRACON& Tower with Radar,16,9,6,7,38,0,0,2,3,5,16,9,8,10,43,0,22,22,65
12/04/2022,ACY,NJ,AEA,EN,Combined TRACON& Tower with Radar,18,21,22,2,63,0,2,41,7,50,18,23,63,9,113,21,0,21,134
12/05/2022,ACY,NJ,AEA,EN,Combined TRACON& Tower with Radar,17,7,16,10,50,0,2,40,28,70,17,9,56,38,120,14,6,20,140
12/06/2022,ACY,NJ,AEA,EN,Combined TRACON& Tower with Radar,15,6,9,32,62,0,1,2,13,16,15,7,11,45,78,0,0,0,78
12/07/2022,ACY,NJ,AEA,EN,Combined TRACON& Tower with Radar,15,13,7,6,41,0,0,0,7,7,15,13,7,13,48,0,16,16,64
12/08/2022,ACY,NJ,AEA,EN,Combined TRACON& Tower with Radar,15,9,29,43,96,0,3,43,50,96,15,12,72,93,192,38,84,122,314
12/09/2022,ACY,NJ,AEA,EN,Combined TRACON& Tower with Radar,14,9,22,14,59,0,0,41,33,74,14,9,63,47,133,23,18,41,174
12/10/2022,ACY,NJ,AEA,EN,Combined TRACON& Tower with Radar,15,13,11,1,40,0,1,5,3,9,15,14,16,4,49,20,10,30,79
12/11/2022,ACY,NJ,AEA,EN,Combined TRACON& Tower with Radar,13,10,9,2,34,0,0,4,4,8,13,10,13,6,42,0,6,6,48
12/12/2022,ACY,NJ,AEA,EN,Combined TRACON& Tower with Radar,14,7,12,26,59,0,1,14,23,38,14,8,26,49,97,0,20,20,117
12/13/2022,ACY,NJ,AEA,EN,Combined TRACON& Tower with Radar,16,9,14,28,67,0,1,40,27,68,16,10,54,55,135,50,88,138,273
12/14/2022,ACY,NJ,AEA,EN,Combined TRACON& Tower with Radar,13,8,29,34,84,0,0,46,24,70,13,8,75,58,154,26,50,76,230
12/15/2022,ACY,NJ,AEA,EN,Combined TRACON& Tower with Radar,16,8,4,16,44,0,0,1,5,6,16,8,5,21,50,0,20,20,70
12/16/2022,ACY,NJ,AEA,EN,Combined TRACON& Tower with Radar,16,15,16,10,57,0,0,1,7,8,16,15,17,17,65,2,1,3,68
12/17/2022,ACY,NJ,AEA,EN,Combined TRACON& Tower with Radar,16,5,15,0,36,0,0,23,9,32,16,5,38,9,68,20,4,24,92
12/18/2022,ACY,NJ,AEA,EN,Combined TRACON& Tower with Radar,16,8,18,3,45,0,0,24,9,33,16,8,42,12,78,26,2,28,106
12/19/2022,ACY,NJ,AEA,EN,Combined TRACON& Tower with Radar,16,9,9,9,43,0,4,24,15,43,16,13,33,24,86,12,26,38,124
12/20/2022,ACY,NJ,AEA,EN,Combined TRACON& Tower with Radar,17,9,43,27,96,0,1,53,17,71,17,10,96,44,167,80,32,112,279
12/21/2022,ACY,NJ,AEA,EN,Combined TRACON& Tower with Radar,15,7,26,14,62,0,0,29,12,41,15,7,55,26,103,40,64,104,207
12/22/2022,ACY,NJ,AEA,EN,Combined TRACON& Tower with Radar,16,2,6,37,61,0,0,4,4,8,16,2,10,41,69,4,26,30,99
12/23/2022,ACY,NJ,AEA,EN,Combined TRACON& Tower with Radar,16,3,2,2,23,0,0,0,6,6,16,3,2,8,29,0,6,6,35
12/24/2022,ACY,NJ,AEA,EN,Combined TRACON& Tower with Radar,12,2,2,0,16,0,0,6,7,13,12,2,8,7,29,0,0,0,29
12/25/2022,ACY,NJ,AEA,EN,Combined TRACON& Tower with Radar,11,4,0,3,18,0,0,7,1,8,11,4,7,4,26,0,0,0,26
12/26/2022,ACY,NJ,AEA,EN,Combined TRACON& Tower with Radar,6,9,14,4,33,0,0,26,10,36,6,9,40,14,69,22,0,22,91
12/27/2022,ACY,NJ,AEA,EN,Combined TRACON& Tower with Radar,11,3,20,23,57,0,0,34,23,57,11,3,54,46,114,0,2,2,116
12/28/2022,ACY,NJ,AEA,EN,Combined TRACON& Tower with Radar,16,8,22,38,84,0,1,40,19,60,16,9,62,57,144,0,38,38,182
12/29/2022,ACY,NJ,AEA,EN,Combined TRACON& Tower with Radar,18,8,16,24,66,0,0,37,22,59,18,8,53,46,125,8,68,76,201
12/30/2022,ACY,NJ,AEA,EN,Combined TRACON& Tower with Radar,20,13,29,4,66,0,0,29,18,47,20,13,58,22,113,12,0,12,125
12/31/2022,ACY,NJ,AEA,EN,Combined TRACON& Tower with Radar,16,2,9,0,27,0,0,0,0,0,16,2,9,0,27,0,0,0,27
01/01/2023,ACY,NJ,AEA,EN,Combined TRACON& Tower with Radar,17,10,22,1,50,0,0,14,4,18,17,10,36,5,68,0,0,0,68
01/02/2023,ACY,NJ,AEA,EN,Combined TRACON& Tower with Radar,13,13,32,7,65,0,0,40,8,48,13,13,72,15,113,4,4,8,121
01/03/2023,ACY,NJ,AEA,EN,Combined TRACON& Tower with Radar,16,7,23,23,69,0,0,13,21,34,16,7,36,44,103,6,20,26,129
01/04/2023,ACY,NJ,AEA,EN,Combined TRACON& Tower with Radar,8,11,33,89,141,0,0,9,22,31,8,11,42,111,172,18,88,106,278
01/05/2023,ACY,NJ,AEA,EN,Combined TRACON& Tower with Radar,13,11,20,39,83,0,0,22,2,24,13,11,42,41,107,4,10,14,121
01/06/2023,ACY,NJ,AEA,EN,Combined TRACON& Tower with Radar,13,8,24,11,56,0,0,21,7,28,13,8,45,18,84,38,2,40,124
01/07/2023,ACY,NJ,AEA,EN,Combined TRACON& Tower with Radar,15,7,22,8,52,0,0,45,10,55,15,7,67,18,107,64,34,98,205
01/08/2023,ACY,NJ,AEA,EN,Combined TRACON& Tower with Radar,16,13,30,10,69,0,0,36,7,43,16,13,66,17,112,30,14,44,156
01/09/2023,ACY,NJ,AEA,EN,Combined TRACON& Tower with Radar,14,9,27,11,61,0,0,36,30,66,14,9,63,41,127,96,38,134,261
01/10/2023,ACY,NJ,AEA,EN,Combined TRACON& Tower with Radar,14,10,23,46,93,0,2,30,34,66,14,12,53,80,159,22,60,82,241
01/11/2023,ACY,NJ,AEA,EN,Combined TRACON& Tower with Radar,14,12,19,38,83,0,3,52,45,100,14,15,71,83,183,22,94,116,299
01/12/2023,ACY,NJ,AEA,EN,Combined TRACON& Tower with Radar,14,13,22,69,118,0,0,18,23,41,14,13,40,92,159,0,86,86,245
01/13/2023,ACY,NJ,AEA,EN,Combined TRACON& Tower with Radar,15,8,20,14,57,0,0,17,26,43,15,8,37,40,100,24,4,28,128
01/14/2023,ACY,NJ,AEA,EN,Combined TRACON& Tower with Radar,17,9,8,0,34,0,0,14,7,21,17,9,22,7,55,0,0,0,55
01/15/2023,ACY,NJ,AEA,EN,Combined TRACON& Tower with Radar,14,9,10,0,33,0,0,24,6,30,14,9,34,6,63,4,2,6,69
01/16/2023,ACY,NJ,AEA,EN,Combined TRACON& Tower with Radar,16,7,31,3,57,0,1,73,17,91,16,8,104,20,148,86,0,86,234
01/17/2023,ACY,NJ,AEA,EN,Combined TRACON& Tower with Radar,16,5,22,12,55,0,0,33,23,56,16,5,55,35,111,28,68,96,207
01/18/2023,ACY,NJ,AEA,EN,Combined TRACON& Tower with Radar,14,8,12,51,85,0,0,31,36,67,14,8,43,87,152,12,44,56,208
01/19/2023,ACY,NJ,AEA,EN,Combined TRACON& Tower with Radar,17,12,15,2,46,0,0,6,11,17,17,12,21,13,63,2,16,18,81
01/20/2023,ACY,NJ,AEA,EN,Combined TRACON& Tower with Radar,15,8,16,3,42,0,0,20,21,41,15,8,36,24,83,2,2,4,87
01/21/2023,ACY,NJ,AEA,EN,Combined TRACON& Tower with Radar,13,4,36,0,53,0,0,45,6,51,13,4,81,6,104,2,0,2,106
01/22/2023,ACY,NJ,AEA,EN,Combined TRACON& Tower with Radar,16,11,22,7,56,0,0,16,7,23,16,11,38,14,79,2,2,4,83
01/23/2023,ACY,NJ,AEA,EN,Combined TRACON& Tower with Radar,15,13,18,17,63,0,0,4,22,26,15,13,22,39,89,0,10,10,99
01/24/2023,ACY,NJ,AEA,EN,Combined TRACON& Tower with Radar,16,15,21,41,93,0,1,39,32,72,16,16,60,73,165,26,82,108,273
01/25/2023,ACY,NJ,AEA,EN,Combined TRACON& Tower with Radar,16,7,6,26,55,0,0,10,15,25,16,7,16,41,80,10,46,56,136
01/26/2023,ACY,NJ,AEA,EN,Combined TRACON& Tower with Radar,16,17,12,28,73,0,1,14,29,44,16,18,26,57,117,2,50,52,169
01/27/2023,ACY,NJ,AEA,EN,Combined TRACON& Tower with Radar,14,10,26,14,64,0,0,33,33,66,14,10,59,47,130,18,44,62,192
01/28/2023,ACY,NJ,AEA,EN,Combined TRACON& Tower with Radar,13,8,51,6,78,0,0,52,3,55,13,8,103,9,133,44,0,44,177
01/29/2023,ACY,NJ,AEA,EN,Combined TRACON& Tower with Radar,19,13,15,6,53,0,0,26,7,33,19,13,41,13,86,0,0,0,86
01/30/2023,ACY,NJ,AEA,EN,Combined TRACON& Tower with Radar,13,4,15,9,41,0,1,38,21,60,13,5,53,30,101,0,0,0,101
01/31/2023,ACY,NJ,AEA,EN,Combined TRACON& Tower with Radar,13,10,6,27,56,0,0,0,8,8,13,10,6,35,64,0,0,0,64
02/01/2023,ACY,NJ,AEA,EN,Combined TRACON& Tower with Radar,16,9,11,50,86,0,0,20,26,46,16,9,31,76,132,6,60,66,198
02/02/2023,ACY,NJ,AEA,EN,Combined TRACON& Tower with Radar,16,12,14,68,110,0,1,30,43,74,16,13,44,111,184,10,160,170,354
02/03/2023,ACY,NJ,AEA,EN,Combined TRACON& Tower with Radar,15,9,4,17,45,0,0,3,11,14,15,9,7,28,59,0,6,6,65
02/04/2023,ACY,NJ,AEA,EN,Combined TRACON& Tower with Radar,17,8,23,14,62,0,0,36,20,56,17,8,59,34,118,34,60,94,212
02/05/2023,ACY,NJ,AEA,EN,Combined TRACON& Tower with Radar,16,14,13,4,47,0,0,30,5,35,16,14,43,9,82,0,12,12,94
02/06/2023,ACY,NJ,AEA,EN,Combined TRACON& Tower with Radar,15,16,14,12,57,0,0,18,17,35,15,16,32,29,92,8,18,26,118
02/07/2023,ACY,NJ,AEA,EN,Combined TRACON& Tower with Radar,19,5,22,49,95,0,1,35,27,63,19,6,57,76,158,10,30,40,198
02/08/2023,ACY,NJ,AEA,EN,Combined TRACON& Tower with Radar,16,6,16,33,71,0,0,44,33,77,16,6,60,66,148,38,46,84,232
02/09/2023,ACY,NJ,AEA,EN,Combined TRACON& Tower with Radar,20,15,24,18,77,0,0,15,29,44,20,15,39,47,121,8,30,38,159
02/10/2023,ACY,NJ,AEA,EN,Combined TRACON& Tower with Radar,17,11,22,7,57,0,0,19,35,54,17,11,41,42,111,8,38,46,157
02/11/2023,ACY,NJ,AEA,EN,Combined TRACON& Tower with Radar,19,5,19,1,44,0,0,31,1,32,19,5,50,2,76,6,0,6,82
02/12/2023,ACY,NJ,AEA,EN,Combined TRACON& Tower with Radar,19,12,10,0,41,0,0,5,3,8,19,12,15,3,49,22,0,22,71
02/13/2023,ACY,NJ,AEA,EN,Combined TRACON& Tower with Radar,17,9,13,2,41,0,0,24,4,28,17,9,37,6,69,0,6,6,75
02/14/2023,ACY,NJ,AEA,EN,Combined TRACON& Tower with Radar,18,8,19,36,81,0,1,30,23,54,18,9,49,59,135,22,40,62,197
02/15/2023,ACY,NJ,AEA,EN,Combined TRACON& Tower with Radar,17,6,10,21,54,0,0,27,23,50,17,6,37,44,104,4,6,10,114
02/16/2023,ACY,NJ,AEA,EN,Combined TRACON& Tower with Radar,18,23,19,33,93,0,0,28,29,57,18,23,47,62,150,16,68,84,234
02/17/2023,ACY,NJ,AEA,EN,Combined TRACON& Tower with Radar,21,13,6,15,55,0,0,3,3,6,21,13,9,18,61,0,10,10,71
02/18/2023,ACY,NJ,AEA,EN,Combined TRACON& Tower with Radar,20,9,29,3,61,0,0,47,5,52,20,9,76,8,113,22,0,22,135
02/19/2023,ACY,NJ,AEA,EN,Combined TRACON& Tower with Radar,17,11,24,1,53,0,0,31,6,37,17,11,55,7,90,4,0,4,94
02/20/2023,ACY,NJ,AEA,EN,Combined TRACON& Tower with Radar,15,7,27,3,52,0,0,36,7,43,15,7,63,10,95,2,2,4,99
02/21/2023,ACY,NJ,AEA,EN,Combined TRACON& Tower with Radar,22,5,17,24,68,0,0,10,26,36,22,5,27,50,104,12,84,96,200
02/22/2023,ACY,NJ,AEA,EN,Combined TRACON& Tower with Radar,18,5,19,46,88,0,0,9,28,37,18,5,28,74,125,14,62,76,201
02/23/2023,ACY,NJ,AEA,EN,Combined TRACON& Tower with Radar,18,15,18,37,88,0,0,12,18,30,18,15,30,55,118,42,26,68,186
02/24/2023,ACY,NJ,AEA,EN,Combined TRACON& Tower with Radar,18,8,10,8,44,0,2,21,30,53,18,10,31,38,97,22,24,46,143
02/25/2023,ACY,NJ,AEA,EN,Combined TRACON& Tower with Radar,20,5,15,2,42,0,0,15,6,21,20,5,30,8,63,0,20,20,83
02/26/2023,ACY,NJ,AEA,EN,Combined TRACON& Tower with Radar,19,12,53,0,84,0,0,25,7,32,19,12,78,7,116,0,2,2,118
02/27/2023,ACY,NJ,AEA,EN,Combined TRACON& Tower with Radar,18,9,27,25,79,0,0,31,24,55,18,9,58,49,134,40,54,94,228
02/28/2023,ACY,NJ,AEA,EN,Combined TRACON& Tower with Radar,18,10,13,44,85,0,0,5,14,19,18,10,18,58,104,0,0,0,104
03/01/2023,ACY,NJ,AEA,EN,Combined TRACON& Tower with Radar,15,11,33,29,88,0,3,27,26,56,15,14,60,55,144,6,42,48,192
03/02/2023,ACY,NJ,AEA,EN,Combined TRACON& Tower with Radar,19,15,34,24,92,0,0,18,27,45,19,15,52,51,137,46,30,76,213
03/03/2023,ACY,NJ,AEA,EN,Combined TRACON& Tower with Radar,20,7,28,14,69,0,1,42,7,50,20,8,70,21,119,22,22,44,163
03/04/2023,ACY,NJ,AEA,EN,Combined TRACON& Tower with Radar,17,16,10,7,50,0,0,4,8,12,17,16,14,15,62,4,32,36,98
03/05/2023,ACY,NJ,AEA,EN,Combined TRACON& Tower with Radar,20,9,27,12,68,0,1,50,10,61,20,10,77,22,129,34,6,40,169
03/06/2023,ACY,NJ,AEA,EN,Combined TRACON& Tower with Radar,19,12,29,14,74,0,1,60,30,91,19,13,89,44,165,88,26,114,279
03/07/2023,ACY,NJ,AEA,EN,Combined TRACON& Tower with Radar,21,7,15,4,47,0,0,9,21,30,21,7,24,25,77,0,16,16,93
03/08/2023,ACY,NJ,AEA,EN,Combined TRACON& Tower with Radar,19,8,18,18,63,0,0,15,19,34,19,8,33,37,97,0,20,20,117
03/09/2023,ACY,NJ,AEA,EN,Combined TRACON& Tower with Radar,22,7,23,19,71,0,0,29,27,56,22,7,52,46,127,8,10,18,145
03/10/2023,ACY,NJ,AEA,EN,Combined TRACON& Tower with Radar,17,9,23,10,59,0,0,16,15,31,17,9,39,25,90,12,4,16,106
03/11/2023,ACY,NJ,AEA,EN,Combined TRACON& Tower with Radar,19,11,13,0,43,0,0,6,0,6,19,11,19,0,49,2,0,2,51
03/12/2023,ACY,NJ,AEA,EN,Combined TRACON& Tower with Radar,18,16,38,2,74,0,0,67,11,78,18,16,105,13,152,50,0,50,202
03/13/2023,ACY,NJ,AEA,EN,Combined TRACON& Tower with Radar,18,9,9,9,45,0,0,0,6,6,18,9,9,15,51,0,0,0,51
03/14/2023,ACY,NJ,AEA,EN,Combined TRACON& Tower with Radar,19,6,6,4,35,0,1,1,18,20,19,7,7,22,55,10,4,14,69
03/15/2023,ACY,NJ,AEA,EN,Combined TRACON& Tower with Radar,20,10,10,27,67,0,0,7,31,38,20,10,17,58,105,14,64,78,183
03/16/2023,ACY,NJ,AEA,EN,Combined TRACON& Tower with Radar,21,12,29,16,78,0,6,53,25,84,21,18,82,41,162,24,28,52,214
03/17/2023,ACY,NJ,AEA,EN,Combined TRACON& Tower with Radar,17,19,29,7,72,0,0,45,11,56,17,19,74,18,128,20,6,26,154
03/18/2023,ACY,NJ,AEA,EN,Combined TRACON& Tower with Radar,24,7,27,1,59,0,2,40,4,46,24,9,67,5,105,48,8,56,161
03/19/2023,ACY,NJ,AEA,EN,Combined TRACON& Tower with Radar,19,10,19,6,54,0,1,11,4,16,19,11,30,10,70,14,0,14,84
03/20/2023,ACY,NJ,AEA,EN,Combined TRACON& Tower with Radar,16,11,23,9,59,0,4,56,37,97,16,15,79,46,156,18,40,58,214
03/21/2023,ACY,NJ,AEA,EN,Combined TRACON& Tower with Radar,20,8,15,7,50,0,3,45,36,84,20,11,60,43,134,76,20,96,230
03/22/2023,ACY,NJ,AEA,EN,Combined TRACON& Tower with Radar,16,8,23,26,73,0,1,41,17,59,16,9,64,43,132,8,8,16,148
03/23/2023,ACY,NJ,AEA,EN,Combined TRACON& Tower with Radar,20,10,23,22,75,0,1,11,29,41,20,11,34,51,116,4,36,40,156
03/24/2023,ACY,NJ,AEA,EN,Combined TRACON& Tower with Radar,20,11,36,8,75,0,2,8,24,34,20,13,44,32,109,0,32,32,141
03/25/2023,ACY,NJ,AEA,EN,Combined TRACON& Tower with Radar,16,9,14,6,45,0,1,2,4,7,16,10,16,10,52,0,0,0,52
03/26/2023,ACY,NJ,AEA,EN,Combined TRACON& Tower with Radar,17,10,52,10,89,0,1,46,6,53,17,11,98,16,142,34,4,38,180
03/27/2023,ACY,NJ,AEA,EN,Combined TRACON& Tower with Radar,21,15,20,42,98,0,0,21,16,37,21,15,41,58,135,50,72,122,257
03/28/2023,ACY,NJ,AEA,EN,Combined TRACON& Tower with Radar,18,14,19,51,102,0,0,21,22,43,18,14,40,73,145,0,2,2,147
03/29/2023,ACY,NJ,AEA,EN,Combined TRACON& Tower with Radar,18,13,28,50,109,0,1,55,26,82,18,14,83,76,191,30,88,118,309
03/30/2023,ACY,NJ,AEA,EN,Combined TRACON& Tower with Radar,17,15,34,22,88,0,0,51,33,84,17,15,85,55,172,40,56,96,268
03/31/2023,ACY,NJ,AEA,EN,Combined TRACON& Tower with Radar,19,15,18,5,57,0,0,20,17,37,19,15,38,22,94,6,0,6,100
04/01/2023,ACY,NJ,AEA,EN,Combined TRACON& Tower with Radar,17,5,7,0,29,0,0,3,1,4,17,5,10,1,33,0,0,0,33
04/02/2023,ACY,NJ,AEA,EN,Combined TRACON& Tower with Radar,17,17,24,0,58,0,0,24,5,29,17,17,48,5,87,4,0,4,91
04/03/2023,ACY,NJ,AEA,EN,Combined TRACON& Tower with Radar,19,7,17,3,46,0,2,35,28,65,19,9,52,31,111,36,50,86,197
04/04/2023,ACY,NJ,AEA,EN,Combined TRACON& Tower with Radar,20,11,16,29,76,0,0,42,47,89,20,11,58,76,165,18,70,88,253
04/05/2023,ACY,NJ,AEA,EN,Combined TRACON& Tower with Radar,19,19,12,21,71,0,0,6,19,25,19,19,18,40,96,0,0,0,96
04/06/2023,ACY,NJ,AEA,EN,Combined TRACON& Tower with Radar,25,12,8,10,55,0,0,27,28,55,25,12,35,38,110,12,54,66,176
04/07/2023,ACY,NJ,AEA,EN,Combined TRACON& Tower with Radar,23,10,28,11,72,0,1,46,14,61,23,11,74,25,133,42,10,52,185
04/08/2023,ACY,NJ,AEA,EN,Combined TRACON& Tower with Radar,22,10,17,6,55,0,1,46,2,49,22,11,63,8,104,28,0,28,132
04/09/2023,ACY,NJ,AEA,EN,Combined TRACON& Tower with Radar,26,14,21,1,62,0,0,25,4,29,26,14,46,5,91,6,0,6,97
04/10/2023,ACY,NJ,AEA,EN,Combined TRACON& Tower with Radar,23,7,21,17,68,0,0,51,11,62,23,7,72,28,130,0,0,0,130
04/11/2023,ACY,NJ,AEA,EN,Combined TRACON& Tower with Radar,22,10,23,37,92,0,0,32,31,63,22,10,55,68,155,6,82,88,243
04/12/2023,ACY,NJ,AEA,EN,Combined TRACON& Tower with Radar,23,12,28,41,104,0,1,38,44,83,23,13,66,85,187,28,74,102,289
04/13/2023,ACY,NJ,AEA,EN,Combined TRACON& Tower with Radar,16,16,28,18,78,0,1,35,40,76,16,17,63,58,154,30,55,85,239
04/14/2023,ACY,NJ,AEA,EN,Combined TRACON& Tower with Radar,17,10,27,23,77,0,1,54,28,83,17,11,81,51,160,44,24,68,228
04/15/2023,ACY,NJ,AEA,EN,Combined TRACON& Tower with Radar,24,9,9,1,43,0,0,0,0,0,24,9,9,1,43,0,0,0,43
04/16/2023,ACY,NJ,AEA,EN,Combined TRACON& Tower with Radar,22,10,36,2,70,0,1,9,4,14,22,11,45,6,84,10,40,50,134
04/17/2023,ACY,NJ,AEA,EN,Combined TRACON& Tower with Radar,10,8,32,12,62,0,2,29,11,42,10,10,61,23,104,14,62,76,180
04/18/2023,ACY,NJ,AEA,EN,Combined TRACON& Tower with Radar,26,7,27,26,86,0,2,30,42,74,26,9,57,68,160,38,34,72,232
04/19/2023,ACY,NJ,AEA,EN,Combined TRACON& Tower with Radar,24,10,34,36,104,0,3,53,39,95,24,13,87,75,199,18,70,88,287
04/20/2023,ACY,NJ,AEA,EN,Combined TRACON& Tower with Radar,20,15,24,37,96,0,6,54,48,108,20,21,78,85,204,16,56,72,276
04/21/2023,ACY,NJ,AEA,EN,Combined TRACON& Tower with Radar,26,17,21,46,110,0,0,41,26,67,26,17,62,72,177,8,52,60,237
04/22/2023,ACY,NJ,AEA,EN,Combined TRACON& Tower with Radar,23,15,19,3,60,0,0,32,9,41,23,15,51,12,101,0,0,0,101
04/23/2023,ACY,NJ,AEA,EN,Combined TRACON& Tower with Radar,22,18,34,7,81,0,0,31,14,45,22,18,65,21,126,18,18,36,162
04/24/2023,ACY,NJ,AEA,EN,Combined TRACON& Tower with Radar,24,11,34,13,82,0,1,47,12,60,24,12,81,25,142,46,0,46,188
04/25/2023,ACY,NJ,AEA,EN,Combined TRACON& Tower with Radar,24,13,43,51,131,0,0,61,29,90,24,13,104,80,221,74,96,170,391
04/26/2023,ACY,NJ,AEA,EN,Combined TRACON& Tower with Radar,23,23,30,80,156,0,1,52,31,84,23,24,82,111,240,66,106,172,412
04/27/2023,ACY,NJ,AEA,EN,Combined TRACON& Tower with Radar,22,18,41,29,110,0,0,25,30,55,22,18,66,59,165,20,20,40,205
04/28/2023,ACY,NJ,AEA,EN,Combined TRACON& Tower with Radar,23,15,9,7,54,0,0,2,9,11,23,15,11,16,65,16,30,46,111
04/29/2023,ACY,NJ,AEA,EN,Combined TRACON& Tower with Radar,21,12,19,2,54,0,0,0,1,1,21,12,19,3,55,0,0,0,55
04/30/2023,ACY,NJ,AEA,EN,Combined TRACON& Tower with Radar,24,16,5,0,45,0,0,0,0,0,24,16,5,0,45,0,0,0,45
05/01/2023,ACY,NJ,AEA,EN,Combined TRACON& Tower with Radar,26,10,32,11,79,0,0,38,7,45,26,10,70,18,124,18,0,18,142
05/02/2023,ACY,NJ,AEA,EN,Combined TRACON& Tower with Radar,23,11,45,18,97,0,2,35,15,52,23,13,80,33,149,36,8,44,193
05/03/2023,ACY,NJ,AEA,EN,Combined TRACON& Tower with Radar,26,12,20,28,86,0,0,27,16,43,26,12,47,44,129,10,40,50,179
05/04/2023,ACY,NJ,AEA,EN,Combined TRACON& Tower with Radar,24,16,20,12,72,0,0,28,15,43,24,16,48,27,115,22,52,74,189
05/05/2023,ACY,NJ,AEA,EN,Combined TRACON& Tower with Radar,19,15,34,13,81,0,0,24,10,34,19,15,58,23,115,16,0,16,131
05/06/2023,ACY,NJ,AEA,EN,Combined TRACON& Tower with Radar,17,9,30,8,64,0,4,68,18,90,17,13,98,26,154,62,16,78,232
05/07/2023,ACY,NJ,AEA,EN,Combined TRACON& Tower with Radar,23,15,35,17,90,0,2,49,12,63,23,17,84,29,153,38,2,40,193
05/08/2023,ACY,NJ,AEA,EN,Combined TRACON& Tower with Radar,18,10,17,11,56,0,6,59,20,85,18,16,76,31,141,62,10,72,213
05/09/2023,ACY,NJ,AEA,EN,Combined TRACON& Tower with Radar,17,10,17,25,69,0,0,43,29,72,17,10,60,54,141,34,38,72,213
05/10/2023,ACY,NJ,AEA,EN,Combined TRACON& Tower with Radar,19,14,18,13,64,0,2,40,33,75,19,16,58,46,139,48,28,76,215
05/11/2023,ACY,NJ,AEA,EN,Combined TRACON& Tower with Radar,15,31,18,10,74,0,3,35,27,65,15,34,53,37,139,32,56,88,227
05/12/2023,ACY,NJ,AEA,EN,Combined TRACON& Tower with Radar,19,10,22,3,54,0,0,35,15,50,19,10,57,18,104,18,2,20,124
05/13/2023,ACY,NJ,AEA,EN,Combined TRACON& Tower with Radar,17,9,12,2,40,0,0,15,6,21,17,9,27,8,61,42,0,42,103
05/14/2023,ACY,NJ,AEA,EN,Combined TRACON& Tower with Radar,15,19,22,4,60,0,0,36,8,44,15,19,58,12,104,34,0,34,138
05/15/2023,ACY,NJ,AEA,EN,Combined TRACON& Tower with Radar,16,10,17,5,48,0,0,35,23,58,16,10,52,28,106,44,34,78,184
05/16/2023,ACY,NJ,AEA,EN,Combined TRACON& Tower with Radar,17,10,16,21,64,0,2,49,29,80,17,12,65,50,144,84,42,126,270
05/17/2023,ACY,NJ,AEA,EN,Combined TRACON& Tower with Radar,14,18,17,40,89,0,0,30,31,61,14,18,47,71,150,4,66,70,220
05/18/2023,ACY,NJ,AEA,EN,Combined TRACON& Tower with Radar,17,17,18,16,68,0,2,40,33,75,17,19,58,49,143,84,4,88,231
05/19/2023,ACY,NJ,AEA,EN,Combined TRACON& Tower with Radar,19,15,28,21,83,0,0,41,21,62,19,15,69,42,145,8,8,16,161
05/20/2023,ACY,NJ,AEA,EN,Combined TRACON& Tower with Radar,17,11,23,2,53,0,0,0,0,0,17,11,23,2,53,0,0,0,53
05/21/2023,ACY,NJ,AEA,EN,Combined TRACON& Tower with Radar,22,20,13,5,60,0,0,23,9,32,22,20,36,14,92,6,0,6,98
05/22/2023,ACY,NJ,AEA,EN,Combined TRACON& Tower with Radar,19,13,19,12,63,0,3,40,33,76,19,16,59,45,139,4,62,66,205
05/23/2023,ACY,NJ,AEA,EN,Combined TRACON& Tower with Radar,18,7,26,13,64,0,10,27,30,67,18,17,53,43,131,18,72,90,221
05/24/2023,ACY,NJ,AEA,EN,Combined TRACON& Tower with Radar,16,12,29,51,108,0,2,56,35,93,16,14,85,86,201,66,86,152,353
05/25/2023,ACY,NJ,AEA,EN,Combined TRACON& Tower with Radar,20,32,34,19,105,0,3,43,34,80,20,35,77,53,185,22,78,100,285
05/26/2023,ACY,NJ,AEA,EN,Combined TRACON& Tower with Radar,18,21,35,4,78,0,3,60,10,73,18,24,95,14,151,40,24,64,215
05/27/2023,ACY,NJ,AEA,EN,Combined TRACON& Tower with Radar,19,11,15,5,50,0,2,22,11,35,19,13,37,16,85,2,6,8,93
05/28/2023,ACY,NJ,AEA,EN,Combined TRACON& Tower with Radar,16,14,24,1,55,0,2,38,11,51,16,16,62,12,106,46,4,50,156
05/29/2023,ACY,NJ,AEA,EN,Combined TRACON& Tower with Radar,14,14,16,3,47,0,2,29,6,37,14,16,45,9,84,12,0,12,96
05/30/2023,ACY,NJ,AEA,EN,Combined TRACON& Tower with Radar,18,12,24,3,57,0,0,20,29,49,18,12,44,32,106,14,30,44,150
05/31/2023,ACY,NJ,AEA,EN,Combined TRACON& Tower with Radar,15,12,31,44,102,0,0,26,31,57,15,12,57,75,159,36,56,92,251
06/01/2023,ACY,NJ,AEA,EN,Combined TRACON& Tower with Radar,16,26,22,35,99,0,0,26,15,41,16,26,48,50,140,14,18,32,172
06/02/2023,ACY,NJ,AEA,EN,Combined TRACON& Tower with Radar,19,12,43,32,106,0,0,44,17,61,19,12,87,49,167,6,32,38,205
06/03/2023,ACY,NJ,AEA,EN,Combined TRACON& Tower with Radar,15,10,45,7,77,0,0,3,10,13,15,10,48,17,90,0,4,4,94
06/04/2023,ACY,NJ,AEA,EN,Combined TRACON& Tower with Radar,16,22,43,3,84,0,0,48,3,51,16,22,91,6,135,34,0,34,169
06/05/2023,ACY,NJ,AEA,EN,Combined TRACON& Tower with Radar,17,12,24,10,63,0,0,51,19,70,17,12,75,29,133,36,24,60,193
06/06/2023,ACY,NJ,AEA,EN,Combined TRACON& Tower with Radar,17,13,24,32,86,0,1,20,19,40,17,14,44,51,126,38,8,46,172
06/07/2023,ACY,NJ,AEA,EN,Combined TRACON& Tower with Radar,15,16,31,27,89,0,0,5,11,16,15,16,36,38,105,4,20,24,129
06/08/2023,ACY,NJ,AEA,EN,Combined TRACON& Tower with Radar,18,8,30,20,76,0,0,4,3,7,18,8,34,23,83,0,8,8,91
06/09/2023,ACY,NJ,AEA,EN,Combined TRACON& Tower with Radar,18,12,44,9,83,0,0,35,15,50,18,12,79,24,133,26,16,42,175
06/10/2023,ACY,NJ,AEA,EN,Combined TRACON& Tower with Radar,16,17,37,4,74,0,0,48,4,52,16,17,85,8,126,8,0,8,134
06/11/2023,ACY,NJ,AEA,EN,Combined TRACON& Tower with Radar,15,16,34,0,65,0,3,39,4,46,15,19,73,4,111,8,0,8,119
06/12/2023,ACY,NJ,AEA,EN,Combined TRACON& Tower with Radar,21,13,16,5,55,0,0,4,7,11,21,13,20,12,66,0,4,4,70
06/13/2023,ACY,NJ,AEA,EN,Combined TRACON& Tower with Radar,17,17,25,22,81,0,0,63,21,84,17,17,88,43,165,4,26,30,195
06/14/2023,ACY,NJ,AEA,EN,Combined TRACON& Tower with Radar,17,16,22,12,67,0,0,36,17,53,17,16,58,29,120,68,68,136,256
06/15/2023,ACY,NJ,AEA,EN,Combined TRACON& Tower with Radar,15,31,42,31,119,0,1,75,25,101,15,32,117,56,220,46,20,66,286
06/16/2023,ACY,NJ,AEA,EN,Combined TRACON& Tower with Radar,24,26,20,21,91,0,0,22,5,27,24,26,42,26,118,8,8,16,134
06/17/2023,ACY,NJ,AEA,EN,Combined TRACON& Tower with Radar,15,24,35,5,79,0,1,53,6,60,15,25,88,11,139,20,0,20,159
06/18/2023,ACY,NJ,AEA,EN,Combined TRACON& Tower with Radar,18,18,22,2,60,0,0,48,5,53,18,18,70,7,113,50,2,52,165
06/19/2023,ACY,NJ,AEA,EN,Combined TRACON& Tower with Radar,18,22,35,5,80,0,0,53,8,61,18,22,88,13,141,42,0,42,183
06/20/2023,ACY,NJ,AEA,EN,Combined TRACON& Tower with Radar,18,10,52,34,114,0,0,13,32,45,18,10,65,66,159,8,26,34,193
06/21/2023,ACY,NJ,AEA,EN,Combined TRACON& Tower with Radar,13,15,15,12,55,0,0,0,10,10,13,15,15,22,65,12,70,82,147
06/22/2023,ACY,NJ,AEA,EN,Combined TRACON& Tower with Radar,16,26,50,32,124,0,0,1,5,6,16,26,51,37,130,0,0,0,130
06/23/2023,ACY,NJ,AEA,EN,Combined TRACON& Tower with Radar,17,16,27,12,72,0,0,4,10,14,17,16,31,22,86,0,5,5,91
06/24/2023,ACY,NJ,AEA,EN,Combined TRACON& Tower with Radar,16,24,17,2,59,0,0,7,10,17,16,24,24,12,76,0,0,0,76
06/25/2023,ACY,NJ,AEA,EN,Combined TRACON& Tower with Radar,20,30,18,1,69,0,1,25,4,30,20,31,43,5,99,14,18,32,131
06/26/2023,ACY,NJ,AEA,EN,Combined TRACON& Tower with Radar,19,27,17,18,81,0,2,22,10,34,19,29,39,28,115,26,22,48,163
06/27/2023,ACY,NJ,AEA,EN,Combined TRACON& Tower with Radar,21,9,34,31,95,0,0,31,22,53,21,9,65,53,148,12,42,54,202
06/28/2023,ACY,NJ,AEA,EN,Combined TRACON& Tower with Radar,14,16,59,24,113,0,1,44,20,65,14,17,103,44,178,22,30,52,230
06/29/2023,ACY,NJ,AEA,EN,Combined TRACON& Tower with Radar,20,28,56,64,168,6,1,32,31,70,26,29,88,95,238,10,62,72,310
06/30/2023,ACY,NJ,AEA,EN,Combined TRACON& Tower with Radar,20,32,60,10,122,0,1,31,18,50,20,33,91,28,172,10,4,14,186
07/01/2023,ACY,NJ,AEA,EN,Combined TRACON& Tower with Radar,16,27,35,2,80,0,0,38,3,41,16,27,73,5,121,12,1,13,134
07/02/2023,ACY,NJ,AEA,EN,Combined TRACON& Tower with Radar,20,32,27,3,82,0,0,12,6,18,20,32,39,9,100,12,0,12,112
07/03/2023,ACY,NJ,AEA,EN,Combined TRACON& Tower with Radar,17,17,27,5,66,0,1,47,7,55,17,18,74,12,121,72,0,72,193
07/04/2023,ACY,NJ,AEA,EN,Combined TRACON& Tower with Radar,10,16,10,2,38,0,0,32,1,33,10,16,42,3,71,34,0,34,105
07/05/2023,ACY,NJ,AEA,EN,Combined TRACON& Tower with Radar,16,17,20,23,76,0,1,62,15,78,16,18,82,38,154,22,52,74,228
07/06/2023,ACY,NJ,AEA,EN,Combined TRACON& Tower with Radar,17,24,25,41,107,0,1,67,42,110,17,25,92,83,217,1,94,95,312
07/07/2023,ACY,NJ,AEA,EN,Combined TRACON& Tower with Radar,18,29,42,22,111,0,0,28,30,58,18,29,70,52,169,40,36,76,245
07/08/2023,ACY,NJ,AEA,EN,Combined TRACON& Tower with Radar,17,22,31,1,71,0,0,17,6,23,17,22,48,7,94,29,4,33,127
07/09/2023,ACY,NJ,AEA,EN,Combined TRACON& Tower with Radar,18,13,24,4,59,0,0,5,3,8,18,13,29,7,67,28,0,28,95
07/10/2023,ACY,NJ,AEA,EN,Combined TRACON& Tower with Radar,24,21,37,12,94,0,0,59,42,101,24,21,96,54,195,8,22,30,225
07/11/2023,ACY,NJ,AEA,EN,Combined TRACON& Tower with Radar,18,10,34,18,80,0,0,77,38,115,18,10,111,56,195,74,46,120,315
07/12/2023,ACY,NJ,AEA,EN,Combined TRACON& Tower with Radar,14,13,33,31,91,0,4,77,39,120,14,17,110,70,211,64,92,156,367
07/13/2023,ACY,NJ,AEA,EN,Combined TRACON& Tower with Radar,17,28,35,27,107,0,5,44,45,94,17,33,79,72,201,32,56,88,289
07/14/2023,ACY,NJ,AEA,EN,Combined TRACON& Tower with Radar,20,23,20,32,95,0,1,36,25,62,20,24,56,57,157,28,44,72,229
07/15/2023,ACY,NJ,AEA,EN,Combined TRACON& Tower with Radar,16,19,13,12,60,0,0,22,6,28,16,19,35,18,88,12,34,46,134
07/16/2023,ACY,NJ,AEA,EN,Combined TRACON& Tower with Radar,18,17,27,0,62,0,0,0,0,0,18,17,27,0,62,0,0,0,62
07/17/2023,ACY,NJ,AEA,EN,Combined TRACON& Tower with Radar,21,15,32,24,92,0,0,39,22,61,21,15,71,46,153,6,80,86,239
07/18/2023,ACY,NJ,AEA,EN,Combined TRACON& Tower with Radar,14,16,25,24,79,0,2,40,41,83,14,18,65,65,162,78,50,128,290
07/19/2023,ACY,NJ,AEA,EN,Combined TRACON& Tower with Radar,16,10,24,18,68,0,0,19,25,44,16,10,43,43,112,27,40,67,179
07/20/2023,ACY,NJ,AEA,EN,Combined TRACON& Tower with Radar,21,30,38,20,109,0,0,33,31,64,21,30,71,51,173,26,28,54,227
07/21/2023,ACY,NJ,AEA,EN,Combined TRACON& Tower with Radar,16,36,27,18,97,0,0,26,29,55,16,36,53,47,152,16,32,48,200
07/22/2023,ACY,NJ,AEA,EN,Combined TRACON& Tower with Radar,15,20,20,0,55,0,0,49,3,52,15,20,69,3,107,8,0,8,115
07/23/2023,ACY,NJ,AEA,EN,Combined TRACON& Tower with Radar,18,33,50,2,103,0,0,56,3,59,18,33,106,5,162,10,0,10,172
07/24/2023,ACY,NJ,AEA,EN,Combined TRACON& Tower with Radar,17,20,44,13,94,0,3,51,31,85,17,23,95,44,179,26,67,93,272
07/25/2023,ACY,NJ,AEA,EN,Combined TRACON& Tower with Radar,16,24,23,28,91,0,0,26,20,46,16,24,49,48,137,10,34,44,181
07/26/2023,ACY,NJ,AEA,EN,Combined TRACON& Tower with Radar,14,21,53,26,114,0,2,76,23,101,14,23,129,49,215,68,44,112,327
07/27/2023,ACY,NJ,AEA,EN,Combined TRACON& Tower with Radar,19,23,29,26,97,0,0,18,28,46,19,23,47,54,143,18,42,60,203
07/28/2023,ACY,NJ,AEA,EN,Combined TRACON& Tower with Radar,20,26,47,12,105,0,0,46,25,71,20,26,93,37,176,6,40,46,222
07/29/2023,ACY,NJ,AEA,EN,Combined TRACON& Tower with Radar,16,18,26,6,66,0,1,41,6,48,16,19,67,12,114,2,0,2,116
07/30/2023,ACY,NJ,AEA,EN,Combined TRACON& Tower with Radar,16,24,43,3,86,0,2,43,6,51,16,26,86,9,137,14,0,14,151
07/31/2023,ACY,NJ,AEA,EN,Combined TRACON& Tower with Radar,17,10,39,12,78,0,3,39,14,56,17,13,78,26,134,18,10,28,162
08/01/2023,ACY,NJ,AEA,EN,Combined TRACON& Tower with Radar,17,13,26,46,102,0,4,55,26,85,17,17,81,72,187,30,60,90,277
08/02/2023,ACY,NJ,AEA,EN,Combined TRACON& Tower with Radar,15,13,40,47,115,0,0,88,26,114,15,13,128,73,229,30,80,110,339
08/03/2023,ACY,NJ,AEA,EN,Combined TRACON& Tower with Radar,17,20,36,25,98,0,3,55,21,79,17,23,91,46,177,41,26,67,244
08/04/2023,ACY,NJ,AEA,EN,Combined TRACON& Tower with Radar,17,37,58,38,150,0,0,3,0,3,17,37,61,38,153,0,0,0,153
08/05/2023,ACY,NJ,AEA,EN,Combined TRACON& Tower with Radar,18,15,23,15,71,0,0,27,4,31,18,15,50,19,102,0,0,0,102
08/06/2023,ACY,NJ,AEA,EN,Combined TRACON& Tower with Radar,19,18,29,0,66,0,2,73,10,85,19,20,102,10,151,50,0,50,201
08/07/2023,ACY,NJ,AEA,EN,Combined TRACON& Tower with Radar,17,18,25,6,66,0,0,3,11,14,17,18,28,17,80,12,24,36,116
08/08/2023,ACY,NJ,AEA,EN,Combined TRACON& Tower with Radar,21,25,45,26,117,0,0,49,35,84,21,25,94,61,201,21,26,47,248
08/09/2023,ACY,NJ,AEA,EN,Combined TRACON& Tower with Radar,15,18,35,25,93,0,0,62,28,90,15,18,97,53,183,20,30,50,233
08/10/2023,ACY,NJ,AEA,EN,Combined TRACON& Tower with Radar,22,23,19,36,100,0,0,17,11,28,22,23,36,47,128,40,28,68,196
08/11/2023,ACY,NJ,AEA,EN,Combined TRACON& Tower with Radar,22,28,57,12,119,0,0,65,21,86,22,28,122,33,205,26,48,74,279
08/12/2023,ACY,NJ,AEA,EN,Combined TRACON& Tower with Radar,23,25,31,24,103,0,1,59,11,71,23,26,90,35,174,42,8,50,224
08/13/2023,ACY,NJ,AEA,EN,Combined TRACON& Tower with Radar,22,26,30,7,85,0,3,51,14,68,22,29,81,21,153,20,0,20,173
08/14/2023,ACY,NJ,AEA,EN,Combined TRACON& Tower with Radar,21,23,27,8,79,0,2,40,20,62,21,25,67,28,141,14,0,14,155
08/15/2023,ACY,NJ,AEA,EN,Combined TRACON& Tower with Radar,16,12,20,4,52,0,3,35,23,61,16,15,55,27,113,0,26,26,139
08/16/2023,ACY,NJ,AEA,EN,Combined TRACON& Tower with Radar,15,21,41,7,84,2,4,31,27,64,17,25,72,34,148,0,2,2,150
08/17/2023,ACY,NJ,AEA,EN,Combined TRACON& Tower with Radar,21,20,52,31,124,0,0,42,22,64,21,20,94,53,188,18,16,34,222
08/18/2023,ACY,NJ,AEA,EN,Combined TRACON& Tower with Radar,22,27,35,9,93,0,4,48,25,77,22,31,83,34,170,26,24,50,220
08/19/2023,ACY,NJ,AEA,EN,Combined TRACON& Tower with Radar,19,19,21,4,63,0,3,34,3,40,19,22,55,7,103,56,0,56,159
08/20/2023,ACY,NJ,AEA,EN,Combined TRACON& Tower with Radar,23,24,19,1,67,0,0,35,1,36,23,24,54,2,103,12,0,12,115
08/21/2023,ACY,NJ,AEA,EN,Combined TRACON& Tower with Radar,25,19,27,11,82,0,0,33,18,51,25,19,60,29,133,22,18,40,173
08/22/2023,ACY,NJ,AEA,EN,Combined TRACON& Tower with Radar,16,13,20,19,68,0,2,41,23,66,16,15,61,42,134,48,80,128,262
08/23/2023,ACY,NJ,AEA,EN,Combined TRACON& Tower with Radar,17,10,24,34,85,0,1,60,21,82,17,11,84,55,167,20,30,50,217
08/24/2023,ACY,NJ,AEA,EN,Combined TRACON& Tower with Radar,23,20,32,60,135,0,0,22,28,50,23,20,54,88,185,28,68,96,281
08/25/2023,ACY,NJ,AEA,EN,Combined TRACON& Tower with Radar,22,22,26,16,86,0,0,21,19,40,22,22,47,35,126,13,12,25,151
08/26/2023,ACY,NJ,AEA,EN,Combined TRACON& Tower with Radar,19,18,19,2,58,0,0,38,3,41,19,18,57,5,99,12,0,12,111
08/27/2023,ACY,NJ,AEA,EN,Combined TRACON& Tower with Radar,23,32,31,0,86,0,2,56,1,59,23,34,87,1,145,30,0,30,175
08/28/2023,ACY,NJ,AEA,EN,Combined TRACON& Tower with Radar,22,13,40,39,114,0,1,17,23,41,22,14,57,62,155,22,18,40,195
08/29/2023,ACY,NJ,AEA,EN,Combined TRACON& Tower with Radar,15,20,47,33,115,0,0,3,9,12,15,20,50,42,127,0,0,0,127
08/30/2023,ACY,NJ,AEA,EN,Combined TRACON& Tower with Radar,14,14,24,29,81,0,0,25,25,50,14,14,49,54,131,28,38,66,197
08/31/2023,ACY,NJ,AEA,EN,Combined TRACON& Tower with Radar,21,18,17,40,96,0,1,54,20,75,21,19,71,60,171,60,72,132,303
01/01/2020,ACY,NJ,AEA,EN,Combined TRACON& Tower with Radar,21,26,7,1,55,0,0,17,4,21,21,26,24,5,76,6,0,6,82
01/02/2020,ACY,NJ,AEA,EN,Combined TRACON& Tower with Radar,27,6,15,27,75,0,2,38,15,55,27,8,53,42,130,10,28,38,168
01/03/2020,ACY,NJ,AEA,EN,Combined TRACON& Tower with Radar,20,10,17,18,65,0,0,0,2,2,20,10,17,20,67,0,0,0,67
01/04/2020,ACY,NJ,AEA,EN,Combined TRACON& Tower with Radar,20,7,19,1,47,0,0,0,0,0,20,7,19,1,47,0,0,0,47
01/05/2020,ACY,NJ,AEA,EN,Combined TRACON& Tower with Radar,20,8,17,3,48,0,1,10,7,18,20,9,27,10,66,8,0,8,74
01/06/2020,ACY,NJ,AEA,EN,Combined TRACON& Tower with Radar,21,6,12,21,60,0,2,30,4,36,21,8,42,25,96,12,42,54,150
01/07/2020,ACY,NJ,AEA,EN,Combined TRACON& Tower with Radar,16,4,6,27,53,0,0,15,3,18,16,4,21,30,71,0,0,0,71
01/08/2020,ACY,NJ,AEA,EN,Combined TRACON& Tower with Radar,18,6,1,28,53,0,0,8,34,42,18,6,9,62,95,0,56,56,151
01/09/2020,ACY,NJ,AEA,EN,Combined TRACON& Tower with Radar,20,7,20,33,80,0,0,32,35,67,20,7,52,68,147,10,66,76,223
01/10/2020,ACY,NJ,AEA,EN,Combined TRACON& Tower with Radar,26,14,18,45,103,0,0,31,27,58,26,14,49,72,161,12,16,28,189
01/11/2020,ACY,NJ,AEA,EN,Combined TRACON& Tower with Radar,21,8,8,21,58,0,0,18,8,26,21,8,26,29,84,2,0,2,86
01/12/2020,ACY,NJ,AEA,EN,Combined TRACON& Tower with Radar,23,21,7,14,65,0,0,15,11,26,23,21,22,25,91,0,10,10,101
01/13/2020,ACY,NJ,AEA,EN,Combined TRACON& Tower with Radar,22,5,29,46,102,0,0,14,19,33,22,5,43,65,135,0,34,34,169
01/14/2020,ACY,NJ,AEA,EN,Combined TRACON& Tower with Radar,15,6,10,24,55,0,0,1,20,21,15,6,11,44,76,0,52,52,128
01/15/2020,ACY,NJ,AEA,EN,Combined TRACON& Tower with Radar,15,9,28,94,146,0,1,42,36,79,15,10,70,130,225,10,120,130,355
01/16/2020,ACY,NJ,AEA,EN,Combined TRACON& Tower with Radar,20,12,6,66,104,0,4,7,26,37,20,16,13,92,141,0,128,128,269
01/17/2020,ACY,NJ,AEA,EN,Combined TRACON& Tower with Radar,22,24,13,51,110,0,0,30,27,57,22,24,43,78,167,56,30,86,253
01/18/2020,ACY,NJ,AEA,EN,Combined TRACON& Tower with Radar,23,10,1,0,34,0,0,8,4,12,23,10,9,4,46,0,0,0,46
01/19/2020,ACY,NJ,AEA,EN,Combined TRACON& Tower with Radar,23,21,18,1,63,0,0,19,7,26,23,21,37,8,89,10,0,10,99
01/20/2020,ACY,NJ,AEA,EN,Combined TRACON& Tower with Radar,20,3,11,2,36,0,1,27,3,31,20,4,38,5,67,4,0,4,71
01/21/2020,ACY,NJ,AEA,EN,Combined TRACON& Tower with Radar,15,5,15,37,72,0,0,41,99,140,15,5,56,136,212,0,92,92,304
01/22/2020,ACY,NJ,AEA,EN,Combined TRACON& Tower with Radar,16,6,10,32,64,0,0,29,26,55,16,6,39,58,119,2,58,60,179
01/23/2020,ACY,NJ,AEA,EN,Combined TRACON& Tower with Radar,21,11,25,36,93,0,2,32,24,58,21,13,57,60,151,16,38,54,205
01/24/2020,ACY,NJ,AEA,EN,Combined TRACON& Tower with Radar,24,16,23,39,102,0,4,30,23,57,24,20,53,62,159,0,0,0,159
01/25/2020,ACY,NJ,AEA,EN,Combined TRACON& Tower with Radar,24,8,5,1,38,0,0,0,1,1,24,8,5,2,39,0,0,0,39
01/26/2020,ACY,NJ,AEA,EN,Combined TRACON& Tower with Radar,24,21,23,2,70,0,2,36,7,45,24,23,59,9,115,0,0,0,115
01/27/2020,ACY,NJ,AEA,EN,Combined TRACON& Tower with Radar,19,9,9,25,62,0,0,27,27,54,19,9,36,52,116,20,40,60,176
01/28/2020,ACY,NJ,AEA,EN,Combined TRACON& Tower with Radar,17,8,13,29,67,0,0,14,23,37,17,8,27,52,104,32,32,64,168
01/29/2020,ACY,NJ,AEA,EN,Combined TRACON& Tower with Radar,16,10,19,30,75,0,1,28,26,55,16,11,47,56,130,16,82,98,228
01/30/2020,ACY,NJ,AEA,EN,Combined TRACON& Tower with Radar,21,15,19,28,83,0,0,24,26,50,21,15,43,54,133,0,18,18,151
01/31/2020,ACY,NJ,AEA,EN,Combined TRACON& Tower with Radar,23,8,24,8,63,0,0,23,18,41,23,8,47,26,104,26,18,44,148
02/01/2020,ACY,NJ,AEA,EN,Combined TRACON& Tower with Radar,22,6,10,10,48,0,0,3,1,4,22,6,13,11,52,0,0,0,52
02/02/2020,ACY,NJ,AEA,EN,Combined TRACON& Tower with Radar,21,8,12,2,43,0,0,14,3,17,21,8,26,5,60,0,0,0,60
02/03/2020,ACY,NJ,AEA,EN,Combined TRACON& Tower with Radar,21,6,30,23,80,0,0,47,10,57,21,6,77,33,137,52,20,72,209
02/04/2020,ACY,NJ,AEA,EN,Combined TRACON& Tower with Radar,16,4,27,40,87,0,0,29,27,56,16,4,56,67,143,14,80,94,237
02/05/2020,ACY,NJ,AEA,EN,Combined TRACON& Tower with Radar,16,6,13,26,61,0,1,8,33,42,16,7,21,59,103,0,76,76,179
02/06/2020,ACY,NJ,AEA,EN,Combined TRACON& Tower with Radar,21,9,5,0,35,0,0,0,0,0,21,9,5,0,35,0,0,0,35
02/07/2020,ACY,NJ,AEA,EN,Combined TRACON& Tower with Radar,22,16,3,2,43,0,0,5,17,22,22,16,8,19,65,0,0,0,65
02/08/2020,ACY,NJ,AEA,EN,Combined TRACON& Tower with Radar,23,10,20,6,59,0,6,30,9,45,23,16,50,15,104,6,4,10,114
02/09/2020,ACY,NJ,AEA,EN,Combined TRACON& Tower with Radar,24,16,19,15,74,0,0,37,12,49,24,16,56,27,123,0,0,0,123
02/10/2020,ACY,NJ,AEA,EN,Combined TRACON& Tower with Radar,19,6,3,18,46,0,0,5,16,21,19,6,8,34,67,0,20,20,87
02/11/2020,ACY,NJ,AEA,EN,Combined TRACON& Tower with Radar,16,7,10,8,41,0,0,0,8,8,16,7,10,16,49,0,0,0,49
02/12/2020,ACY,NJ,AEA,EN,Combined TRACON& Tower with Radar,20,7,37,30,94,0,0,55,23,78,20,7,92,53,172,0,44,44,216
02/13/2020,ACY,NJ,AEA,EN,Combined TRACON& Tower with Radar,21,8,10,16,55,0,0,4,11,15,21,8,14,27,70,0,0,0,70
02/14/2020,ACY,NJ,AEA,EN,Combined TRACON& Tower with Radar,25,15,16,44,100,0,1,23,19,43,25,16,39,63,143,0,26,26,169
02/15/2020,ACY,NJ,AEA,EN,Combined TRACON& Tower with Radar,25,7,17,6,55,0,1,59,2,62,25,8,76,8,117,0,6,6,123
02/16/2020,ACY,NJ,AEA,EN,Combined TRACON& Tower with Radar,26,18,33,3,80,0,0,55,5,60,26,18,88,8,140,50,0,50,190
02/17/2020,ACY,NJ,AEA,EN,Combined TRACON& Tower with Radar,21,4,21,5,51,0,3,39,8,50,21,7,60,13,101,10,6,16,117
02/18/2020,ACY,NJ,AEA,EN,Combined TRACON& Tower with Radar,23,4,27,19,73,0,0,21,24,45,23,4,48,43,118,26,22,48,166
02/19/2020,ACY,NJ,AEA,EN,Combined TRACON& Tower with Radar,25,8,31,57,121,0,0,36,36,72,25,8,67,93,193,24,94,118,311
02/20/2020,ACY,NJ,AEA,EN,Combined TRACON& Tower with Radar,21,8,18,54,101,0,3,35,33,71,21,11,53,87,172,2,26,28,200
02/21/2020,ACY,NJ,AEA,EN,Combined TRACON& Tower with Radar,22,18,13,19,72,0,1,32,32,65,22,19,45,51,137,6,46,52,189
02/22/2020,ACY,NJ,AEA,EN,Combined TRACON& Tower with Radar,27,10,24,7,68,0,0,33,19,52,27,10,57,26,120,0,62,62,182
02/23/2020,ACY,NJ,AEA,EN,Combined TRACON& Tower with Radar,27,18,16,6,67,0,1,51,10,62,27,19,67,16,129,2,0,2,131
02/24/2020,ACY,NJ,AEA,EN,Combined TRACON& Tower with Radar,20,10,24,34,88,0,1,42,54,97,20,11,66,88,185,9,54,63,248
02/25/2020,ACY,NJ,AEA,EN,Combined TRACON& Tower with Radar,22,2,5,11,40,0,0,3,0,3,22,2,8,11,43,0,0,0,43
02/26/2020,ACY,NJ,AEA,EN,Combined TRACON& Tower with Radar,19,6,4,27,56,0,0,6,10,16,19,6,10,37,72,0,12,12,84
02/27/2020,ACY,NJ,AEA,EN,Combined TRACON& Tower with Radar,23,7,4,21,55,0,0,2,29,31,23,7,6,50,86,0,42,42,128
02/28/2020,ACY,NJ,AEA,EN,Combined TRACON& Tower with Radar,23,20,21,9,73,0,0,19,16,35,23,20,40,25,108,0,34,34,142
02/29/2020,ACY,NJ,AEA,EN,Combined TRACON& Tower with Radar,22,12,11,1,46,0,1,24,15,40,22,13,35,16,86,18,28,46,132
03/01/2020,ACY,NJ,AEA,EN,Combined TRACON& Tower with Radar,23,18,22,1,64,0,0,24,4,28,23,18,46,5,92,0,0,0,92
03/02/2020,ACY,NJ,AEA,EN,Combined TRACON& Tower with Radar,18,7,17,33,75,0,1,28,25,54,18,8,45,58,129,20,40,60,189
03/03/2020,ACY,NJ,AEA,EN,Combined TRACON& Tower with Radar,19,0,15,32,66,0,9,12,40,61,19,9,27,72,127,6,52,58,185
03/04/2020,ACY,NJ,AEA,EN,Combined TRACON& Tower with Radar,24,7,8,18,57,0,0,26,32,58,24,7,34,50,115,6,8,14,129
03/05/2020,ACY,NJ,AEA,EN,Combined TRACON& Tower with Radar,21,10,16,38,85,0,0,34,37,71,21,10,50,75,156,8,74,82,238
03/06/2020,ACY,NJ,AEA,EN,Combined TRACON& Tower with Radar,24,24,6,10,64,0,0,2,17,19,24,24,8,27,83,0,12,12,95
03/07/2020,ACY,NJ,AEA,EN,Combined TRACON& Tower with Radar,27,8,11,13,59,0,0,24,9,33,27,8,35,22,92,24,46,70,162
03/08/2020,ACY,NJ,AEA,EN,Combined TRACON& Tower with Radar,28,23,18,14,83,0,1,68,19,88,28,24,86,33,171,38,18,56,227
03/09/2020,ACY,NJ,AEA,EN,Combined TRACON& Tower with Radar,20,10,27,30,87,0,0,47,25,72,20,10,74,55,159,40,16,56,215
03/10/2020,ACY,NJ,AEA,EN,Combined TRACON& Tower with Radar,23,10,16,45,94,0,0,9,31,40,23,10,25,76,134,0,8,8,142
03/11/2020,ACY,NJ,AEA,EN,Combined TRACON& Tower with Radar,21,5,29,52,107,0,2,50,30,82,21,7,79,82,189,48,118,166,355
03/12/2020,ACY,NJ,AEA,EN,Combined TRACON& Tower with Radar,24,10,31,52,117,0,0,13,26,39,24,10,44,78,156,0,32,32,188
03/13/2020,ACY,NJ,AEA,EN,Combined TRACON& Tower with Radar,27,14,7,11,59,0,2,6,14,22,27,16,13,25,81,0,18,18,99
03/14/2020,ACY,NJ,AEA,EN,Combined TRACON& Tower with Radar,25,7,16,0,48,0,0,50,5,55,25,7,66,5,103,0,0,0,103
03/15/2020,ACY,NJ,AEA,EN,Combined TRACON& Tower with Radar,26,19,18,3,66,0,0,32,14,46,26,19,50,17,112,0,34,34,146
03/16/2020,ACY,NJ,AEA,EN,Combined TRACON& Tower with Radar,24,4,23,16,67,0,0,19,27,46,24,4,42,43,113,8,26,34,147
03/17/2020,ACY,NJ,AEA,EN,Combined TRACON& Tower with Radar,21,2,7,13,43,0,0,10,10,20,21,2,17,23,63,0,0,0,63
03/18/2020,ACY,NJ,AEA,EN,Combined TRACON& Tower with Radar,21,0,29,45,95,0,0,33,11,44,21,0,62,56,139,10,12,22,161
03/19/2020,ACY,NJ,AEA,EN,Combined TRACON& Tower with Radar,21,6,15,39,81,0,0,3,2,5,21,6,18,41,86,0,24,24,110
03/20/2020,ACY,NJ,AEA,EN,Combined TRACON& Tower with Radar,23,0,2,8,33,0,0,8,13,21,23,0,10,21,54,0,10,10,64
03/21/2020,ACY,NJ,AEA,EN,Combined TRACON& Tower with Radar,23,0,11,2,36,0,0,21,5,26,23,0,32,7,62,8,0,8,70
03/22/2020,ACY,NJ,AEA,EN,Combined TRACON& Tower with Radar,21,0,5,0,26,0,1,20,13,34,21,1,25,13,60,4,4,8,68
03/23/2020,ACY,NJ,AEA,EN,Combined TRACON& Tower with Radar,20,0,1,0,21,0,0,0,0,0,20,0,1,0,21,0,10,10,31
03/24/2020,ACY,NJ,AEA,EN,Combined TRACON& Tower with Radar,21,1,17,36,75,0,0,27,17,44,21,1,44,53,119,8,42,50,169
03/25/2020,ACY,NJ,AEA,EN,Combined TRACON& Tower with Radar,19,0,1,5,25,0,0,0,17,17,19,0,1,22,42,0,8,8,50
03/26/2020,ACY,NJ,AEA,EN,Combined TRACON& Tower with Radar,21,0,16,29,66,0,0,39,12,51,21,0,55,41,117,2,24,26,143
03/27/2020,ACY,NJ,AEA,EN,Combined TRACON& Tower with Radar,17,4,11,10,42,0,0,19,13,32,17,4,30,23,74,0,42,42,116
03/28/2020,ACY,NJ,AEA,EN,Combined TRACON& Tower with Radar,17,0,3,0,20,0,0,3,6,9,17,0,6,6,29,0,0,0,29
03/29/2020,ACY,NJ,AEA,EN,Combined TRACON& Tower with Radar,16,0,0,6,22,0,0,0,6,6,16,0,0,12,28,0,0,0,28
03/30/2020,ACY,NJ,AEA,EN,Combined TRACON& Tower with Radar,18,0,4,28,50,0,0,1,6,7,18,0,5,34,57,0,0,0,57
03/31/2020,ACY,NJ,AEA,EN,Combined TRACON& Tower with Radar,16,0,21,33,70,0,0,5,16,21,16,0,26,49,91,42,0,42,133
04/01/2020,ACY,NJ,AEA,EN,Combined TRACON& Tower with Radar,14,0,4,17,35,0,0,6,8,14,14,0,10,25,49,0,4,4,53
04/02/2020,ACY,NJ,AEA,EN,Combined TRACON& Tower with Radar,11,0,6,35,52,0,0,6,28,34,11,0,12,63,86,0,38,38,124
04/03/2020,ACY,NJ,AEA,EN,Combined TRACON& Tower with Radar,9,0,6,9,24,0,0,9,18,27,9,0,15,27,51,6,24,30,81
04/04/2020,ACY,NJ,AEA,EN,Combined TRACON& Tower with Radar,9,0,11,15,35,0,0,12,11,23,9,0,23,26,58,20,14,34,92
04/05/2020,ACY,NJ,AEA,EN,Combined TRACON& Tower with Radar,13,0,17,7,37,0,0,13,7,20,13,0,30,14,57,0,0,0,57
04/06/2020,ACY,NJ,AEA,EN,Combined TRACON& Tower with Radar,17,1,19,12,49,0,0,21,15,36,17,1,40,27,85,0,0,0,85
04/07/2020,ACY,NJ,AEA,EN,Combined TRACON& Tower with Radar,31,1,8,27,67,0,0,13,26,39,31,1,21,53,106,0,0,0,106
04/08/2020,ACY,NJ,AEA,EN,Combined TRACON& Tower with Radar,7,0,6,33,46,0,0,10,20,30,7,0,16,53,76,0,0,0,76
04/09/2020,ACY,NJ,AEA,EN,Combined TRACON& Tower with Radar,2,1,4,13,20,0,3,0,8,11,2,4,4,21,31,0,0,0,31
04/10/2020,ACY,NJ,AEA,EN,Combined TRACON& Tower with Radar,2,4,0,10,16,0,0,5,13,18,2,4,5,23,34,0,0,0,34
04/11/2020,ACY,NJ,AEA,EN,Combined TRACON& Tower with Radar,2,2,5,5,14,0,1,15,17,33,2,3,20,22,47,0,0,0,47
04/12/2020,ACY,NJ,AEA,EN,Combined TRACON& Tower with Radar,2,0,7,2,11,0,0,16,5,21,2,0,23,7,32,0,0,0,32
04/13/2020,ACY,NJ,AEA,EN,Combined TRACON& Tower with Radar,2,0,0,0,2,0,0,0,4,4,2,0,0,4,6,0,0,0,6
04/14/2020,ACY,NJ,AEA,EN,Combined TRACON& Tower with Radar,2,0,13,44,59,0,0,40,13,53,2,0,53,57,112,0,0,0,112
04/15/2020,ACY,NJ,AEA,EN,Combined TRACON& Tower with Radar,2,0,8,66,76,0,0,12,19,31,2,0,20,85,107,0,0,0,107
04/16/2020,ACY,NJ,AEA,EN,Combined TRACON& Tower with Radar,2,0,5,44,51,0,0,6,28,34,2,0,11,72,85,0,0,0,85
04/17/2020,ACY,NJ,AEA,EN,Combined TRACON& Tower with Radar,2,2,9,12,25,0,0,19,11,30,2,2,28,23,55,0,0,0,55
04/18/2020,ACY,NJ,AEA,EN,Combined TRACON& Tower with Radar,2,0,2,0,4,0,0,1,5,6,2,0,3,5,10,0,0,0,10
04/19/2020,ACY,NJ,AEA,EN,Combined TRACON& Tower with Radar,2,0,5,7,14,0,0,13,14,27,2,0,18,21,41,0,0,0,41
04/20/2020,ACY,NJ,AEA,EN,Combined TRACON& Tower with Radar,2,2,10,43,57,0,0,11,8,19,2,2,21,51,76,0,0,0,76
04/21/2020,ACY,NJ,AEA,EN,Combined TRACON& Tower with Radar,2,0,4,34,40,0,1,9,19,29,2,1,13,53,69,0,58,58,127
04/22/2020,ACY,NJ,AEA,EN,Combined TRACON& Tower with Radar,2,0,8,44,54,0,0,15,7,22,2,0,23,51,76,6,40,46,122
04/23/2020,ACY,NJ,AEA,EN,Combined TRACON& Tower with Radar,2,0,20,87,109,0,1,15,12,28,2,1,35,99,137,6,36,42,179
04/24/2020,ACY,NJ,AEA,EN,Combined TRACON& Tower with Radar,2,0,14,11,27,0,0,0,3,3,2,0,14,14,30,0,0,0,30
04/25/2020,ACY,NJ,AEA,EN,Combined TRACON& Tower with Radar,2,0,18,19,39,0,2,27,17,46,2,2,45,36,85,0,20,20,105
04/26/2020,ACY,NJ,AEA,EN,Combined TRACON& Tower with Radar,2,2,9,4,17,0,0,0,0,0,2,2,9,4,17,0,0,0,17
04/27/2020,ACY,NJ,AEA,EN,Combined TRACON& Tower with Radar,2,0,3,38,43,0,0,7,18,25,2,0,10,56,68,18,32,50,118
04/28/2020,ACY,NJ,AEA,EN,Combined TRACON& Tower with Radar,2,2,26,45,75,0,1,26,20,47,2,3,52,65,122,36,102,138,260
04/29/2020,ACY,NJ,AEA,EN,Combined TRACON& Tower with Radar,2,0,12,42,56,0,2,19,20,41,2,2,31,62,97,0,94,94,191
04/30/2020,ACY,NJ,AEA,EN,Combined TRACON& Tower with Radar,2,2,5,12,21,0,0,6,15,21,2,2,11,27,42,0,0,0,42
05/01/2020,ACY,NJ,AEA,EN,Combined TRACON& Tower with Radar,2,3,11,26,42,0,0,7,17,24,2,3,18,43,66,0,30,30,96
05/02/2020,ACY,NJ,AEA,EN,Combined TRACON& Tower with Radar,2,2,25,18,47,0,0,31,13,44,2,2,56,31,91,12,40,52,143
05/03/2020,ACY,NJ,AEA,EN,Combined TRACON& Tower with Radar,2,1,16,6,25,0,0,15,15,30,2,1,31,21,55,0,8,8,63
05/04/2020,ACY,NJ,AEA,EN,Combined TRACON& Tower with Radar,2,0,6,14,22,0,0,14,14,28,2,0,20,28,50,0,28,28,78
05/05/2020,ACY,NJ,AEA,EN,Combined TRACON& Tower with Radar,2,0,19,37,58,0,0,18,5,23,2,0,37,42,81,0,0,0,81
05/06/2020,ACY,NJ,AEA,EN,Combined TRACON& Tower with Radar,2,2,22,24,50,0,0,0,8,8,2,2,22,32,58,0,2,2,60
05/07/2020,ACY,NJ,AEA,EN,Combined TRACON& Tower with Radar,2,2,19,32,55,0,0,37,37,74,2,2,56,69,129,36,46,82,211
05/08/2020,ACY,NJ,AEA,EN,Combined TRACON& Tower with Radar,2,0,17,22,41,0,0,22,12,34,2,0,39,34,75,0,40,40,115
05/09/2020,ACY,NJ,AEA,EN,Combined TRACON& Tower with Radar,2,2,1,0,5,0,0,0,12,12,2,2,1,12,17,0,0,0,17
05/10/2020,ACY,NJ,AEA,EN,Combined TRACON& Tower with Radar,2,0,7,2,11,0,0,5,16,21,2,0,12,18,32,0,0,0,32
05/11/2020,ACY,NJ,AEA,EN,Combined TRACON& Tower with Radar,2,2,6,16,26,0,0,6,17,23,2,2,12,33,49,12,50,62,111
05/12/2020,ACY,NJ,AEA,EN,Combined TRACON& Tower with Radar,0,3,15,43,61,0,0,18,28,46,0,3,33,71,107,0,42,42,149
05/13/2020,ACY,NJ,AEA,EN,Combined TRACON& Tower with Radar,2,9,23,25,59,0,0,36,16,52,2,9,59,41,111,62,50,112,223
05/14/2020,ACY,NJ,AEA,EN,Combined TRACON& Tower with Radar,2,4,29,43,78,1,1,33,22,57,3,5,62,65,135,8,30,38,173
05/15/2020,ACY,NJ,AEA,EN,Combined TRACON& Tower with Radar,2,3,13,12,30,0,0,12,25,37,2,3,25,37,67,6,38,44,111
05/16/2020,ACY,NJ,AEA,EN,Combined TRACON& Tower with Radar,2,7,14,10,33,0,0,32,23,55,2,7,46,33,88,10,34,44,132
05/17/2020,ACY,NJ,AEA,EN,Combined TRACON& Tower with Radar,2,3,12,4,21,0,0,18,16,34,2,3,30,20,55,4,20,24,79
05/18/2020,ACY,NJ,AEA,EN,Combined TRACON& Tower with Radar,1,6,12,42,61,0,0,0,13,13,1,6,12,55,74,0,4,4,78
05/19/2020,ACY,NJ,AEA,EN,Combined TRACON& Tower with Radar,0,4,16,24,44,0,0,6,10,16,0,4,22,34,60,24,12,36,96
05/20/2020,ACY,NJ,AEA,EN,Combined TRACON& Tower with Radar,2,11,14,22,49,1,6,21,19,47,3,17,35,41,96,20,14,34,130
05/21/2020,ACY,NJ,AEA,EN,Combined TRACON& Tower with Radar,2,11,27,65,105,0,6,34,15,55,2,17,61,80,160,46,102,148,308
05/22/2020,ACY,NJ,AEA,EN,Combined TRACON& Tower with Radar,2,1,11,9,23,0,0,6,4,10,2,1,17,13,33,0,4,4,37
05/23/2020,ACY,NJ,AEA,EN,Combined TRACON& Tower with Radar,2,1,8,0,11,0,0,4,6,10,2,1,12,6,21,10,0,10,31
05/24/2020,ACY,NJ,AEA,EN,Combined TRACON& Tower with Radar,2,2,35,5,44,0,0,6,4,10,2,2,41,9,54,0,0,0,54
05/25/2020,ACY,NJ,AEA,EN,Combined TRACON& Tower with Radar,2,1,27,6,36,0,0,2,4,6,2,1,29,10,42,10,16,26,68
05/26/2020,ACY,NJ,AEA,EN,Combined TRACON& Tower with Radar,0,8,16,35,59,0,0,11,19,30,0,8,27,54,89,52,24,76,165
05/27/2020,ACY,NJ,AEA,EN,Combined TRACON& Tower with Radar,2,9,24,45,80,0,0,20,26,46,2,9,44,71,126,20,48,68,194
05/28/2020,ACY,NJ,AEA,EN,Combined TRACON& Tower with Radar,2,1,28,27,58,0,0,1,6,7,2,1,29,33,65,0,0,0,65
05/29/2020,ACY,NJ,AEA,EN,Combined TRACON& Tower with Radar,2,4,26,33,65,0,0,9,16,25,2,4,35,49,90,6,106,112,202
05/30/2020,ACY,NJ,AEA,EN,Combined TRACON& Tower with Radar,2,3,33,6,44,0,0,37,11,48,2,3,70,17,92,52,0,52,144
05/31/2020,ACY,NJ,AEA,EN,Combined TRACON& Tower with Radar,2,2,5,2,11,0,3,27,20,50,2,5,32,22,61,18,4,22,83
06/01/2020,ACY,NJ,AEA,EN,Combined TRACON& Tower with Radar,2,3,23,18,46,0,0,43,17,60,2,3,66,35,106,38,24,62,168
06/02/2020,ACY,NJ,AEA,EN,Combined TRACON& Tower with Radar,0,1,33,39,73,0,1,32,19,52,0,2,65,58,125,22,58,80,205
06/03/2020,ACY,NJ,AEA,EN,Combined TRACON& Tower with Radar,2,4,6,44,56,0,1,8,3,12,2,5,14,47,68,32,6,38,106
06/04/2020,ACY,NJ,AEA,EN,Combined TRACON& Tower with Radar,4,5,26,22,57,0,3,43,29,75,4,8,69,51,132,58,52,110,242
06/05/2020,ACY,NJ,AEA,EN,Combined TRACON& Tower with Radar,2,3,7,23,35,0,0,13,13,26,2,3,20,36,61,24,30,54,115
06/06/2020,ACY,NJ,AEA,EN,Combined TRACON& Tower with Radar,2,8,16,11,37,0,0,11,30,41,2,8,27,41,78,42,40,82,160
06/07/2020,ACY,NJ,AEA,EN,Combined TRACON& Tower with Radar,2,6,28,6,42,0,1,37,9,47,2,7,65,15,89,4,12,16,105
06/08/2020,ACY,NJ,AEA,EN,Combined TRACON& Tower with Radar,3,5,19,22,49,0,3,27,11,41,3,8,46,33,90,68,32,100,190
06/09/2020,ACY,NJ,AEA,EN,Combined TRACON& Tower with Radar,0,3,27,40,70,0,2,30,21,53,0,5,57,61,123,32,81,113,236
06/10/2020,ACY,NJ,AEA,EN,Combined TRACON& Tower with Radar,2,2,17,46,67,0,5,34,27,66,2,7,51,73,133,6,64,70,203
06/11/2020,ACY,NJ,AEA,EN,Combined TRACON& Tower with Radar,12,12,17,20,61,0,0,5,7,12,12,12,22,27,73,0,0,0,73
06/12/2020,ACY,NJ,AEA,EN,Combined TRACON& Tower with Radar,8,5,27,33,73,0,0,35,21,56,8,5,62,54,129,4,36,40,169
06/13/2020,ACY,NJ,AEA,EN,Combined TRACON& Tower with Radar,10,2,18,21,51,0,0,32,20,52,10,2,50,41,103,36,12,48,151
06/14/2020,ACY,NJ,AEA,EN,Combined TRACON& Tower with Radar,10,11,17,16,54,0,1,31,24,56,10,12,48,40,110,6,46,52,162
06/15/2020,ACY,NJ,AEA,EN,Combined TRACON& Tower with Radar,10,5,21,41,77,0,0,36,23,59,10,5,57,64,136,48,136,184,320
06/16/2020,ACY,NJ,AEA,EN,Combined TRACON& Tower with Radar,2,9,9,57,77,0,0,14,30,44,2,9,23,87,121,0,90,90,211
06/17/2020,ACY,NJ,AEA,EN,Combined TRACON& Tower with Radar,3,6,19,15,43,0,0,0,4,4,3,6,19,19,47,0,0,0,47
06/18/2020,ACY,NJ,AEA,EN,Combined TRACON& Tower with Radar,12,10,16,26,64,0,0,8,13,21,12,10,24,39,85,16,20,36,121
06/19/2020,ACY,NJ,AEA,EN,Combined TRACON& Tower with Radar,8,5,20,20,53,0,5,20,19,44,8,10,40,39,97,8,34,42,139
06/20/2020,ACY,NJ,AEA,EN,Combined TRACON& Tower with Radar,12,4,3,6,25,0,0,16,22,38,12,4,19,28,63,0,18,18,81
06/21/2020,ACY,NJ,AEA,EN,Combined TRACON& Tower with Radar,11,10,25,1,47,0,0,11,14,25,11,10,36,15,72,0,8,8,80
06/22/2020,ACY,NJ,AEA,EN,Combined TRACON& Tower with Radar,10,4,21,12,47,0,0,17,24,41,10,4,38,36,88,4,24,28,116
06/23/2020,ACY,NJ,AEA,EN,Combined TRACON& Tower with Radar,2,8,22,31,63,2,1,43,32,78,4,9,65,63,141,18,28,46,187
06/24/2020,ACY,NJ,AEA,EN,Combined TRACON& Tower with Radar,10,10,20,33,73,0,4,18,34,56,10,14,38,67,129,26,20,46,175
06/25/2020,ACY,NJ,AEA,EN,Combined TRACON& Tower with Radar,12,8,10,74,104,0,2,27,37,66,12,10,37,111,170,0,32,32,202
06/26/2020,ACY,NJ,AEA,EN,Combined TRACON& Tower with Radar,10,4,20,51,85,0,1,32,28,61,10,5,52,79,146,4,114,118,264
06/27/2020,ACY,NJ,AEA,EN,Combined TRACON& Tower with Radar,12,5,14,4,35,0,3,10,7,20,12,8,24,11,55,20,16,36,91
06/28/2020,ACY,NJ,AEA,EN,Combined TRACON& Tower with Radar,14,10,14,0,38,0,1,14,10,25,14,11,28,10,63,12,8,20,83
06/29/2020,ACY,NJ,AEA,EN,Combined TRACON& Tower with Radar,13,5,20,20,58,0,0,30,29,59,13,5,50,49,117,96,14,110,227
06/30/2020,ACY,NJ,AEA,EN,Combined TRACON& Tower with Radar,10,12,34,59,115,0,1,27,20,48,10,13,61,79,163,36,60,96,259
07/01/2020,ACY,NJ,AEA,EN,Combined TRACON& Tower with Radar,14,5,27,9,55,0,2,13,12,27,14,7,40,21,82,0,18,18,100
07/02/2020,ACY,NJ,AEA,EN,Combined TRACON& Tower with Radar,16,7,21,21,65,0,0,34,31,65,16,7,55,52,130,24,42,66,196
07/03/2020,ACY,NJ,AEA,EN,Combined TRACON& Tower with Radar,20,7,33,0,60,0,0,44,3,47,20,7,77,3,107,22,0,22,129
07/04/2020,ACY,NJ,AEA,EN,Combined TRACON& Tower with Radar,10,1,11,2,24,0,0,9,6,15,10,1,20,8,39,0,0,0,39
07/05/2020,ACY,NJ,AEA,EN,Combined TRACON& Tower with Radar,16,5,13,1,35,1,0,14,6,21,17,5,27,7,56,12,0,12,68
07/06/2020,ACY,NJ,AEA,EN,Combined TRACON& Tower with Radar,17,6,12,2,37,0,0,21,8,29,17,6,33,10,66,22,22,44,110
07/07/2020,ACY,NJ,AEA,EN,Combined TRACON& Tower with Radar,15,10,24,44,93,0,1,18,19,38,15,11,42,63,131,14,42,56,187
07/08/2020,ACY,NJ,AEA,EN,Combined TRACON& Tower with Radar,14,12,32,77,135,0,1,14,28,43,14,13,46,105,178,24,90,114,292
07/09/2020,ACY,NJ,AEA,EN,Combined TRACON& Tower with Radar,16,25,36,36,113,0,1,30,17,48,16,26,66,53,161,0,0,0,161
07/10/2020,ACY,NJ,AEA,EN,Combined TRACON& Tower with Radar,18,11,5,0,34,0,0,4,5,9,18,11,9,5,43,0,0,0,43
07/11/2020,ACY,NJ,AEA,EN,Combined TRACON& Tower with Radar,18,10,33,0,61,0,2,22,19,43,18,12,55,19,104,14,34,48,152
07/12/2020,ACY,NJ,AEA,EN,Combined TRACON& Tower with Radar,16,11,22,19,68,0,2,45,10,57,16,13,67,29,125,10,0,10,135
07/13/2020,ACY,NJ,AEA,EN,Combined TRACON& Tower with Radar,18,6,21,16,61,0,3,40,25,68,18,9,61,41,129,34,4,38,167
07/14/2020,ACY,NJ,AEA,EN,Combined TRACON& Tower with Radar,16,7,36,35,94,0,1,69,30,100,16,8,105,65,194,70,56,126,320
07/15/2020,ACY,NJ,AEA,EN,Combined TRACON& Tower with Radar,14,6,27,50,97,0,0,31,27,58,14,6,58,77,155,44,66,110,265
07/16/2020,ACY,NJ,AEA,EN,Combined TRACON& Tower with Radar,16,9,52,44,121,0,1,32,30,63,16,10,84,74,184,42,80,122,306
07/17/2020,ACY,NJ,AEA,EN,Combined TRACON& Tower with Radar,16,17,28,20,81,0,1,2,15,18,16,18,30,35,99,4,10,14,113
07/18/2020,ACY,NJ,AEA,EN,Combined TRACON& Tower with Radar,17,17,5,2,41,0,2,22,12,36,17,19,27,14,77,0,0,0,77
07/19/2020,ACY,NJ,AEA,EN,Combined TRACON& Tower with Radar,18,14,21,1,54,0,1,41,4,46,18,15,62,5,100,0,0,0,100
07/20/2020,ACY,NJ,AEA,EN,Combined TRACON& Tower with Radar,18,11,20,23,72,0,0,25,13,38,18,11,45,36,110,0,32,32,142
07/21/2020,ACY,NJ,AEA,EN,Combined TRACON& Tower with Radar,16,7,24,32,79,0,0,44,19,63,16,7,68,51,142,36,54,90,232
07/22/2020,ACY,NJ,AEA,EN,Combined TRACON& Tower with Radar,14,6,19,21,60,0,1,14,32,47,14,7,33,53,107,10,48,58,165
07/23/2020,ACY,NJ,AEA,EN,Combined TRACON& Tower with Radar,18,13,26,48,105,0,1,21,19,41,18,14,47,67,146,24,40,64,210
07/24/2020,ACY,NJ,AEA,EN,Combined TRACON& Tower with Radar,14,10,14,7,45,0,0,7,12,19,14,10,21,19,64,9,35,44,108
07/25/2020,ACY,NJ,AEA,EN,Combined TRACON& Tower with Radar,16,8,38,1,63,1,1,46,10,58,17,9,84,11,121,6,12,18,139
07/26/2020,ACY,NJ,AEA,EN,Combined TRACON& Tower with Radar,19,11,14,6,50,0,0,13,8,21,19,11,27,14,71,0,0,0,71
07/27/2020,ACY,NJ,AEA,EN,Combined TRACON& Tower with Radar,17,7,23,36,83,0,0,31,17,48,17,7,54,53,131,14,20,34,165
07/28/2020,ACY,NJ,AEA,EN,Combined TRACON& Tower with Radar,15,4,18,55,92,0,1,23,45,69,15,5,41,100,161,22,24,46,207
07/29/2020,ACY,NJ,AEA,EN,Combined TRACON& Tower with Radar,17,1,16,48,82,0,4,41,24,69,17,5,57,72,151,22,34,56,207
07/30/2020,ACY,NJ,AEA,EN,Combined TRACON& Tower with Radar,16,2,29,26,73,0,0,27,29,56,16,2,56,55,129,10,28,38,167
07/31/2020,ACY,NJ,AEA,EN,Combined TRACON& Tower with Radar,14,9,29,7,59,0,0,6,10,16,14,9,35,17,75,0,2,2,77
08/01/2020,ACY,NJ,AEA,EN,Combined TRACON& Tower with Radar,16,16,21,1,54,0,1,46,8,55,16,17,67,9,109,6,0,6,115
08/02/2020,ACY,NJ,AEA,EN,Combined TRACON& Tower with Radar,18,5,16,0,39,0,0,16,5,21,18,5,32,5,60,20,2,22,82
08/03/2020,ACY,NJ,AEA,EN,Combined TRACON& Tower with Radar,16,10,13,0,39,0,2,22,7,31,16,12,35,7,70,0,0,0,70
08/04/2020,ACY,NJ,AEA,EN,Combined TRACON& Tower with Radar,4,2,0,0,6,0,0,0,3,3,4,2,0,3,9,0,0,0,9
08/05/2020,ACY,NJ,AEA,EN,Combined TRACON& Tower with Radar,7,11,24,18,60,0,0,43,18,61,7,11,67,36,121,24,16,40,161
08/06/2020,ACY,NJ,AEA,EN,Combined TRACON& Tower with Radar,10,7,13,18,48,0,0,7,15,22,10,7,20,33,70,0,46,46,116
08/07/2020,ACY,NJ,AEA,EN,Combined TRACON& Tower with Radar,11,12,50,10,83,0,0,8,28,36,11,12,58,38,119,0,0,0,119
08/08/2020,ACY,NJ,AEA,EN,Combined TRACON& Tower with Radar,5,14,38,6,63,0,2,13,2,17,5,16,51,8,80,10,0,10,90
08/09/2020,ACY,NJ,AEA,EN,Combined TRACON& Tower with Radar,10,23,12,0,45,0,0,28,5,33,10,23,40,5,78,0,0,0,78
08/10/2020,ACY,NJ,AEA,EN,Combined TRACON& Tower with Radar,10,12,23,70,115,0,4,33,16,53,10,16,56,86,168,72,100,172,340
08/11/2020,ACY,NJ,AEA,EN,Combined TRACON& Tower with Radar,4,10,12,39,65,0,0,19,18,37,4,10,31,57,102,16,52,68,170
08/12/2020,ACY,NJ,AEA,EN,Combined TRACON& Tower with Radar,6,8,16,31,61,0,0,21,10,31,6,8,37,41,92,22,34,56,148
08/13/2020,ACY,NJ,AEA,EN,Combined TRACON& Tower with Radar,10,15,30,25,80,0,0,4,15,19,10,15,34,40,99,36,80,116,215
08/14/2020,ACY,NJ,AEA,EN,Combined TRACON& Tower with Radar,10,23,31,17,81,0,0,17,11,28,10,23,48,28,109,16,12,28,137
08/15/2020,ACY,NJ,AEA,EN,Combined TRACON& Tower with Radar,4,18,21,2,45,0,0,16,4,20,4,18,37,6,65,0,0,0,65
08/16/2020,ACY,NJ,AEA,EN,Combined TRACON& Tower with Radar,11,12,39,3,65,0,0,0,1,1,11,12,39,4,66,0,0,0,66
08/17/2020,ACY,NJ,AEA,EN,Combined TRACON& Tower with Radar,11,4,26,19,60,0,4,43,22,69,11,8,69,41,129,18,16,34,163
08/18/2020,ACY,NJ,AEA,EN,Combined TRACON& Tower with Radar,14,8,23,72,117,0,1,46,24,71,14,9,69,96,188,10,50,60,248
08/19/2020,ACY,NJ,AEA,EN,Combined TRACON& Tower with Radar,6,8,29,47,90,0,9,18,11,38,6,17,47,58,128,26,48,74,202
08/20/2020,ACY,NJ,AEA,EN,Combined TRACON& Tower with Radar,11,5,30,72,118,0,0,53,18,71,11,5,83,90,189,8,58,66,255
08/21/2020,ACY,NJ,AEA,EN,Combined TRACON& Tower with Radar,10,10,31,60,111,0,0,62,28,90,10,10,93,88,201,12,44,56,257
08/22/2020,ACY,NJ,AEA,EN,Combined TRACON& Tower with Radar,5,4,21,18,48,0,0,41,13,54,5,4,62,31,102,26,26,52,154
08/23/2020,ACY,NJ,AEA,EN,Combined TRACON& Tower with Radar,10,20,25,5,60,0,0,10,2,12,10,20,35,7,72,0,0,0,72
08/24/2020,ACY,NJ,AEA,EN,Combined TRACON& Tower with Radar,10,6,18,78,112,0,0,35,27,62,10,6,53,105,174,8,114,122,296
08/25/2020,ACY,NJ,AEA,EN,Combined TRACON& Tower with Radar,5,9,18,61,93,0,2,27,33,62,5,11,45,94,155,22,76,98,253
08/26/2020,ACY,NJ,AEA,EN,Combined TRACON& Tower with Radar,6,10,22,77,115,0,0,44,24,68,6,10,66,101,183,0,22,22,205
08/27/2020,ACY,NJ,AEA,EN,Combined TRACON& Tower with Radar,10,10,14,35,69,0,2,27,15,44,10,12,41,50,113,0,18,18,131
08/28/2020,ACY,NJ,AEA,EN,Combined TRACON& Tower with Radar,12,13,18,45,88,0,0,30,9,39,12,13,48,54,127,22,26,48,175
08/29/2020,ACY,NJ,AEA,EN,Combined TRACON& Tower with Radar,7,7,11,0,25,0,0,2,2,4,7,7,13,2,29,0,0,0,29
08/30/2020,ACY,NJ,AEA,EN,Combined TRACON& Tower with Radar,11,19,23,2,55,0,0,49,2,51,11,19,72,4,106,0,0,0,106
08/31/2020,ACY,NJ,AEA,EN,Combined TRACON& Tower with Radar,13,12,33,55,113,0,1,42,20,63,13,13,75,75,176,38,6,44,220
09/01/2020,ACY,NJ,AEA,EN,Combined TRACON& Tower with Radar,7,6,43,61,117,0,0,2,16,18,7,6,45,77,135,4,48,52,187
09/02/2020,ACY,NJ,AEA,EN,Combined TRACON& Tower with Radar,6,6,23,46,81,0,2,15,13,30,6,8,38,59,111,18,66,84,195
09/03/2020,ACY,NJ,AEA,EN,Combined TRACON& Tower with Radar,10,12,18,26,66,0,4,33,27,64,10,16,51,53,130,26,38,64,194
09/04/2020,ACY,NJ,AEA,EN,Combined TRACON& Tower with Radar,12,24,19,5,60,0,1,43,6,50,12,25,62,11,110,0,0,0,110
09/05/2020,ACY,NJ,AEA,EN,Combined TRACON& Tower with Radar,7,9,26,1,43,0,1,45,2,48,7,10,71,3,91,0,0,0,91
09/06/2020,ACY,NJ,AEA,EN,Combined TRACON& Tower with Radar,12,15,8,10,45,0,0,22,7,29,12,15,30,17,74,0,0,0,74
09/07/2020,ACY,NJ,AEA,EN,Combined TRACON& Tower with Radar,11,9,15,2,37,0,1,28,3,32,11,10,43,5,69,6,0,6,75
09/08/2020,ACY,NJ,AEA,EN,Combined TRACON& Tower with Radar,7,1,25,13,46,0,1,26,19,46,7,2,51,32,92,34,22,56,148
09/09/2020,ACY,NJ,AEA,EN,Combined TRACON& Tower with Radar,3,9,29,24,65,0,0,5,8,13,3,9,34,32,78,32,18,50,128
09/10/2020,ACY,NJ,AEA,EN,Combined TRACON& Tower with Radar,4,7,7,26,44,0,0,0,3,3,4,7,7,29,47,0,12,12,59
09/11/2020,ACY,NJ,AEA,EN,Combined TRACON& Tower with Radar,6,10,26,32,74,0,0,9,28,37,6,10,35,60,111,0,102,102,213
09/12/2020,ACY,NJ,AEA,EN,Combined TRACON& Tower with Radar,3,12,16,19,50,0,1,26,6,33,3,13,42,25,83,54,10,64,147
09/13/2020,ACY,NJ,AEA,EN,Combined TRACON& Tower with Radar,4,11,15,12,42,0,0,15,4,19,4,11,30,16,61,4,4,8,69
09/14/2020,ACY,NJ,AEA,EN,Combined TRACON& Tower with Radar,4,5,21,5,35,0,2,19,24,45,4,7,40,29,80,6,18,24,104
09/15/2020,ACY,NJ,AEA,EN,Combined TRACON& Tower with Radar,2,3,20,28,53,0,0,32,21,53,2,3,52,49,106,10,20,30,136
09/16/2020,ACY,NJ,AEA,EN,Combined TRACON& Tower with Radar,3,10,36,30,79,0,2,33,18,53,3,12,69,48,132,32,68,100,232
09/17/2020,ACY,NJ,AEA,EN,Combined TRACON& Tower with Radar,5,12,22,17,56,0,0,17,11,28,5,12,39,28,84,0,28,28,112
09/18/2020,ACY,NJ,AEA,EN,Combined TRACON& Tower with Radar,4,15,13,10,42,0,1,0,9,10,4,16,13,19,52,0,0,0,52
09/19/2020,ACY,NJ,AEA,EN,Combined TRACON& Tower with Radar,6,6,23,9,44,0,0,21,5,26,6,6,44,14,70,20,0,20,90
09/20/2020,ACY,NJ,AEA,EN,Combined TRACON& Tower with Radar,4,13,21,0,38,0,0,16,5,21,4,13,37,5,59,10,0,10,69
09/21/2020,ACY,NJ,AEA,EN,Combined TRACON& Tower with Radar,4,6,12,20,42,0,0,22,27,49,4,6,34,47,91,46,6,52,143
09/22/2020,ACY,NJ,AEA,EN,Combined TRACON& Tower with Radar,4,13,24,44,85,0,1,18,26,45,4,14,42,70,130,8,34,42,172
09/23/2020,ACY,NJ,AEA,EN,Combined TRACON& Tower with Radar,3,6,13,36,58,0,0,44,32,76,3,6,57,68,134,10,50,60,194
09/24/2020,ACY,NJ,AEA,EN,Combined TRACON& Tower with Radar,4,7,28,39,78,0,0,54,24,78,4,7,82,63,156,38,50,88,244
09/25/2020,ACY,NJ,AEA,EN,Combined TRACON& Tower with Radar,5,17,26,38,86,0,3,22,10,35,5,20,48,48,121,6,4,10,131
09/26/2020,ACY,NJ,AEA,EN,Combined TRACON& Tower with Radar,4,5,22,2,33,0,0,12,4,16,4,5,34,6,49,0,0,0,49
09/27/2020,ACY,NJ,AEA,EN,Combined TRACON& Tower with Radar,6,16,48,1,71,0,0,5,3,8,6,16,53,4,79,0,0,0,79
09/28/2020,ACY,NJ,AEA,EN,Combined TRACON& Tower with Radar,5,5,19,6,35,0,0,19,6,25,5,5,38,12,60,6,2,8,68
09/29/2020,ACY,NJ,AEA,EN,Combined TRACON& Tower with Radar,3,13,16,27,59,0,0,3,11,14,3,13,19,38,73,0,0,0,73
09/30/2020,ACY,NJ,AEA,EN,Combined TRACON& Tower with Radar,5,5,11,39,60,0,0,16,20,36,5,5,27,59,96,12,60,72,168
10/01/2020,ACY,NJ,AEA,EN,Combined TRACON& Tower with Radar,5,4,23,21,53,0,0,31,18,49,5,4,54,39,102,26,66,92,194
10/02/2020,ACY,NJ,AEA,EN,Combined TRACON& Tower with Radar,5,10,26,16,57,0,2,38,17,57,5,12,64,33,114,0,10,10,124
10/03/2020,ACY,NJ,AEA,EN,Combined TRACON& Tower with Radar,3,5,15,7,30,0,1,53,7,61,3,6,68,14,91,2,14,16,107
10/04/2020,ACY,NJ,AEA,EN,Combined TRACON& Tower with Radar,6,7,19,22,54,0,0,24,5,29,6,7,43,27,83,0,32,32,115
10/05/2020,ACY,NJ,AEA,EN,Combined TRACON& Tower with Radar,5,5,21,5,36,0,0,19,13,32,5,5,40,18,68,4,0,4,72
10/06/2020,ACY,NJ,AEA,EN,Combined TRACON& Tower with Radar,2,11,9,13,35,0,4,23,17,44,2,15,32,30,79,0,0,0,79
10/07/2020,ACY,NJ,AEA,EN,Combined TRACON& Tower with Radar,4,4,8,5,21,0,0,16,13,29,4,4,24,18,50,0,0,0,50
10/08/2020,ACY,NJ,AEA,EN,Combined TRACON& Tower with Radar,8,10,8,3,29,0,0,12,16,28,8,10,20,19,57,0,0,0,57
10/09/2020,ACY,NJ,AEA,EN,Combined TRACON& Tower with Radar,11,14,10,2,37,0,2,10,13,25,11,16,20,15,62,0,0,0,62
10/10/2020,ACY,NJ,AEA,EN,Combined TRACON& Tower with Radar,6,23,9,0,38,0,0,20,3,23,6,23,29,3,61,0,0,0,61
10/11/2020,ACY,NJ,AEA,EN,Combined TRACON& Tower with Radar,9,17,8,1,35,0,0,5,2,7,9,17,13,3,42,4,0,4,46
10/12/2020,ACY,NJ,AEA,EN,Combined TRACON& Tower with Radar,12,11,6,1,30,0,0,1,0,1,12,11,7,1,31,0,0,0,31
10/13/2020,ACY,NJ,AEA,EN,Combined TRACON& Tower with Radar,5,5,18,2,30,0,0,7,14,21,5,5,25,16,51,0,0,0,51
10/14/2020,ACY,NJ,AEA,EN,Combined TRACON& Tower with Radar,3,7,9,9,28,0,0,47,21,68,3,7,56,30,96,0,10,10,106
10/15/2020,ACY,NJ,AEA,EN,Combined TRACON& Tower with Radar,6,15,15,11,47,0,0,11,15,26,6,15,26,26,73,0,0,0,73
10/16/2020,ACY,NJ,AEA,EN,Combined TRACON& Tower with Radar,10,11,15,2,38,0,0,0,5,5,10,11,15,7,43,0,0,0,43
10/17/2020,ACY,NJ,AEA,EN,Combined TRACON& Tower with Radar,5,7,1,1,14,0,1,13,2,16,5,8,14,3,30,0,0,0,30
10/18/2020,ACY,NJ,AEA,EN,Combined TRACON& Tower with Radar,10,13,11,0,34,0,0,9,3,12,10,13,20,3,46,0,0,0,46
10/19/2020,ACY,NJ,AEA,EN,Combined TRACON& Tower with Radar,13,9,15,1,38,0,1,17,16,34,13,10,32,17,72,0,0,0,72
10/20/2020,ACY,NJ,AEA,EN,Combined TRACON& Tower with Radar,3,1,8,13,25,0,0,8,12,20,3,1,16,25,45,0,2,2,47
10/21/2020,ACY,NJ,AEA,EN,Combined TRACON& Tower with Radar,3,5,14,18,40,0,0,6,15,21,3,5,20,33,61,0,8,8,69
10/22/2020,ACY,NJ,AEA,EN,Combined TRACON& Tower with Radar,8,13,12,11,44,0,1,12,22,35,8,14,24,33,79,0,24,24,103
10/23/2020,ACY,NJ,AEA,EN,Combined TRACON& Tower with Radar,10,15,19,8,52,0,0,4,1,5,10,15,23,9,57,0,0,0,57
10/24/2020,ACY,NJ,AEA,EN,Combined TRACON& Tower with Radar,4,3,6,0,13,0,0,13,6,19,4,3,19,6,32,0,0,0,32
10/25/2020,ACY,NJ,AEA,EN,Combined TRACON& Tower with Radar,9,9,16,3,37,0,0,2,2,4,9,9,18,5,41,0,0,0,41
10/26/2020,ACY,NJ,AEA,EN,Combined TRACON& Tower with Radar,11,6,16,14,47,0,0,0,4,4,11,6,16,18,51,0,0,0,51
10/27/2020,ACY,NJ,AEA,EN,Combined TRACON& Tower with Radar,2,7,15,6,30,0,1,15,14,30,2,8,30,20,60,0,0,0,60
10/28/2020,ACY,NJ,AEA,EN,Combined TRACON& Tower with Radar,5,7,20,23,55,0,1,11,20,32,5,8,31,43,87,0,0,0,87
10/29/2020,ACY,NJ,AEA,EN,Combined TRACON& Tower with Radar,8,7,2,1,18,0,0,0,3,3,8,7,2,4,21,0,0,0,21
10/30/2020,ACY,NJ,AEA,EN,Combined TRACON& Tower with Radar,8,11,14,14,47,0,0,1,12,13,8,11,15,26,60,0,0,0,60
10/31/2020,ACY,NJ,AEA,EN,Combined TRACON& Tower with Radar,4,7,15,1,27,0,0,31,6,37,4,7,46,7,64,0,0,0,64
11/01/2020,ACY,NJ,AEA,EN,Combined TRACON& Tower with Radar,9,11,5,1,26,0,0,14,5,19,9,11,19,6,45,0,0,0,45
11/02/2020,ACY,NJ,AEA,EN,Combined TRACON& Tower with Radar,12,3,6,4,25,0,2,3,11,16,12,5,9,15,41,0,0,0,41
11/03/2020,ACY,NJ,AEA,EN,Combined TRACON& Tower with Radar,2,0,7,7,16,0,0,7,18,25,2,0,14,25,41,8,20,28,69
11/04/2020,ACY,NJ,AEA,EN,Combined TRACON& Tower with Radar,8,4,8,10,30,0,0,37,11,48,8,4,45,21,78,0,0,0,78
11/05/2020,ACY,NJ,AEA,EN,Combined TRACON& Tower with Radar,10,6,8,10,34,0,0,34,20,54,10,6,42,30,88,0,0,0,88
11/06/2020,ACY,NJ,AEA,EN,Combined TRACON& Tower with Radar,8,3,8,4,23,0,0,23,10,33,8,3,31,14,56,0,0,0,56
11/07/2020,ACY,NJ,AEA,EN,Combined TRACON& Tower with Radar,10,9,7,3,29,0,0,38,2,40,10,9,45,5,69,0,0,0,69
11/08/2020,ACY,NJ,AEA,EN,Combined TRACON& Tower with Radar,8,3,10,1,22,0,0,24,2,26,8,3,34,3,48,0,0,0,48
11/09/2020,ACY,NJ,AEA,EN,Combined TRACON& Tower with Radar,14,3,14,3,34,0,0,30,19,49,14,3,44,22,83,2,26,28,111
11/10/2020,ACY,NJ,AEA,EN,Combined TRACON& Tower with Radar,10,2,7,5,24,0,0,26,21,47,10,2,33,26,71,20,10,30,101
11/11/2020,ACY,NJ,AEA,EN,Combined TRACON& Tower with Radar,7,3,9,2,21,0,0,3,4,7,7,3,12,6,28,0,0,0,28
11/12/2020,ACY,NJ,AEA,EN,Combined TRACON& Tower with Radar,11,3,13,8,35,0,0,0,3,3,11,3,13,11,38,0,28,28,66
11/13/2020,ACY,NJ,AEA,EN,Combined TRACON& Tower with Radar,8,5,16,2,31,0,0,4,16,20,8,5,20,18,51,0,2,2,53
11/14/2020,ACY,NJ,AEA,EN,Combined TRACON& Tower with Radar,11,7,9,8,35,0,2,41,5,48,11,9,50,13,83,0,0,0,83
11/15/2020,ACY,NJ,AEA,EN,Combined TRACON& Tower with Radar,9,7,4,2,22,0,1,9,5,15,9,8,13,7,37,0,0,0,37
11/16/2020,ACY,NJ,AEA,EN,Combined TRACON& Tower with Radar,12,6,6,3,27,0,0,16,18,34,12,6,22,21,61,0,0,0,61
11/17/2020,ACY,NJ,AEA,EN,Combined TRACON& Tower with Radar,11,0,15,16,42,0,0,6,35,41,11,0,21,51,83,0,34,34,117
11/18/2020,ACY,NJ,AEA,EN,Combined TRACON& Tower with Radar,14,3,9,16,42,0,0,11,18,29,14,3,20,34,71,0,0,0,71
11/19/2020,ACY,NJ,AEA,EN,Combined TRACON& Tower with Radar,15,10,16,18,59,0,2,27,23,52,15,12,43,41,111,0,12,12,123
11/20/2020,ACY,NJ,AEA,EN,Combined TRACON& Tower with Radar,15,14,16,13,58,0,0,21,17,38,15,14,37,30,96,0,2,2,98
11/21/2020,ACY,NJ,AEA,EN,Combined TRACON& Tower with Radar,17,5,12,1,35,0,0,28,3,31,17,5,40,4,66,0,0,0,66
11/22/2020,ACY,NJ,AEA,EN,Combined TRACON& Tower with Radar,18,9,12,0,39,0,0,10,5,15,18,9,22,5,54,0,0,0,54
11/23/2020,ACY,NJ,AEA,EN,Combined TRACON& Tower with Radar,14,11,10,4,39,0,0,3,15,18,14,11,13,19,57,12,26,38,95
11/24/2020,ACY,NJ,AEA,EN,Combined TRACON& Tower with Radar,16,3,4,11,34,0,2,22,18,42,16,5,26,29,76,0,14,14,90
11/25/2020,ACY,NJ,AEA,EN,Combined TRACON& Tower with Radar,14,6,9,5,34,0,0,20,13,33,14,6,29,18,67,0,20,20,87
11/26/2020,ACY,NJ,AEA,EN,Combined TRACON& Tower with Radar,9,4,0,0,13,0,0,3,2,5,9,4,3,2,18,0,0,0,18
11/27/2020,ACY,NJ,AEA,EN,Combined TRACON& Tower with Radar,14,8,12,2,36,0,0,26,4,30,14,8,38,6,66,0,0,0,66
11/28/2020,ACY,NJ,AEA,EN,Combined TRACON& Tower with Radar,14,11,8,1,34,0,0,21,6,27,14,11,29,7,61,0,0,0,61
11/29/2020,ACY,NJ,AEA,EN,Combined TRACON& Tower with Radar,14,6,7,0,27,0,3,27,12,42,14,9,34,12,69,0,0,0,69
11/30/2020,ACY,NJ,AEA,EN,Combined TRACON& Tower with Radar,18,3,2,0,23,0,0,0,4,4,18,3,2,4,27,0,36,36,63
12/01/2020,ACY,NJ,AEA,EN,Combined TRACON& Tower with Radar,15,1,14,8,38,0,0,10,18,28,15,1,24,26,66,0,16,16,82
12/02/2020,ACY,NJ,AEA,EN,Combined TRACON& Tower with Radar,2,1,13,7,23,0,1,9,23,33,2,2,22,30,56,0,42,42,98
12/03/2020,ACY,NJ,AEA,EN,Combined TRACON& Tower with Radar,8,7,11,11,37,0,0,35,19,54,8,7,46,30,91,0,14,14,105
12/04/2020,ACY,NJ,AEA,EN,Combined TRACON& Tower with Radar,10,11,5,6,32,0,5,23,14,42,10,16,28,20,74,0,0,0,74
12/05/2020,ACY,NJ,AEA,EN,Combined TRACON& Tower with Radar,6,5,1,8,20,0,0,0,6,6,6,5,1,14,26,0,0,0,26
12/06/2020,ACY,NJ,AEA,EN,Combined TRACON& Tower with Radar,10,13,7,7,37,0,1,12,1,14,10,14,19,8,51,0,0,0,51
12/07/2020,ACY,NJ,AEA,EN,Combined TRACON& Tower with Radar,10,8,7,3,28,0,0,16,14,30,10,8,23,17,58,0,0,0,58
12/08/2020,ACY,NJ,AEA,EN,Combined TRACON& Tower with Radar,3,3,9,6,21,0,0,13,17,30,3,3,22,23,51,0,0,0,51
12/09/2020,ACY,NJ,AEA,EN,Combined TRACON& Tower with Radar,4,1,10,9,24,0,5,15,26,46,4,6,25,35,70,0,22,22,92
12/10/2020,ACY,NJ,AEA,EN,Combined TRACON& Tower with Radar,11,2,11,9,33,0,0,23,29,52,11,2,34,38,85,0,0,0,85
12/11/2020,ACY,NJ,AEA,EN,Combined TRACON& Tower with Radar,10,7,10,4,31,0,1,14,4,19,10,8,24,8,50,0,2,2,52
12/12/2020,ACY,NJ,AEA,EN,Combined TRACON& Tower with Radar,10,6,13,3,32,0,0,6,3,9,10,6,19,6,41,0,0,0,41
12/13/2020,ACY,NJ,AEA,EN,Combined TRACON& Tower with Radar,11,7,12,1,31,0,0,24,7,31,11,7,36,8,62,0,0,0,62
12/14/2020,ACY,NJ,AEA,EN,Combined TRACON& Tower with Radar,9,3,5,0,17,0,0,1,5,6,9,3,6,5,23,0,0,0,23
12/15/2020,ACY,NJ,AEA,EN,Combined TRACON& Tower with Radar,2,4,24,8,38,0,0,15,23,38,2,4,39,31,76,0,22,22,98
12/16/2020,ACY,NJ,AEA,EN,Combined TRACON& Tower with Radar,12,4,7,6,29,0,0,2,8,10,12,4,9,14,39,0,20,20,59
12/17/2020,ACY,NJ,AEA,EN,Combined TRACON& Tower with Radar,18,1,9,6,34,0,0,0,10,10,18,1,9,16,44,0,0,0,44
12/18/2020,ACY,NJ,AEA,EN,Combined TRACON& Tower with Radar,14,0,16,6,36,0,0,21,13,34,14,0,37,19,70,0,6,6,76
12/19/2020,ACY,NJ,AEA,EN,Combined TRACON& Tower with Radar,14,0,16,3,33,0,0,32,9,41,14,0,48,12,74,2,0,2,76
12/20/2020,ACY,NJ,AEA,EN,Combined TRACON& Tower with Radar,13,2,4,1,20,0,0,2,4,6,13,2,6,5,26,0,10,10,36
12/21/2020,ACY,NJ,AEA,EN,Combined TRACON& Tower with Radar,16,0,9,0,25,0,0,0,16,16,16,0,9,16,41,0,0,0,41
12/22/2020,ACY,NJ,AEA,EN,Combined TRACON& Tower with Radar,17,4,11,14,46,0,0,13,12,25,17,4,24,26,71,0,0,0,71
12/23/2020,ACY,NJ,AEA,EN,Combined TRACON& Tower with Radar,14,2,10,8,34,0,2,30,14,46,14,4,40,22,80,0,14,14,94
12/24/2020,ACY,NJ,AEA,EN,Combined TRACON& Tower with Radar,12,1,0,0,13,0,0,0,1,1,12,1,0,1,14,0,8,8,22
12/25/2020,ACY,NJ,AEA,EN,Combined TRACON& Tower with Radar,13,1,0,0,14,0,0,0,1,1,13,1,0,1,15,0,0,0,15
12/26/2020,ACY,NJ,AEA,EN,Combined TRACON& Tower with Radar,12,7,9,0,28,0,0,6,2,8,12,7,15,2,36,0,10,10,46
12/27/2020,ACY,NJ,AEA,EN,Combined TRACON& Tower with Radar,14,7,10,0,31,0,0,26,2,28,14,7,36,2,59,0,0,0,59
12/28/2020,ACY,NJ,AEA,EN,Combined TRACON& Tower with Radar,14,5,14,1,34,1,1,9,6,17,15,6,23,7,51,0,0,0,51
12/29/2020,ACY,NJ,AEA,EN,Combined TRACON& Tower with Radar,14,6,14,6,40,0,0,13,12,25,14,6,27,18,65,0,28,28,93
12/30/2020,ACY,NJ,AEA,EN,Combined TRACON& Tower with Radar,14,16,7,16,53,0,0,28,12,40,14,16,35,28,93,12,18,30,123
12/31/2020,ACY,NJ,AEA,EN,Combined TRACON& Tower with Radar,15,6,3,6,30,0,0,2,6,8,15,6,5,12,38,0,0,0,38
01/01/2021,ACY,NJ,AEA,EN,Combined TRACON& Tower with Radar,12,13,2,0,27,0,0,6,4,10,12,13,8,4,37,0,0,0,37
01/02/2021,ACY,NJ,AEA,EN,Combined TRACON& Tower with Radar,13,9,18,0,40,0,0,21,8,29,13,9,39,8,69,10,0,10,79
01/03/2021,ACY,NJ,AEA,EN,Combined TRACON& Tower with Radar,19,3,1,0,23,0,0,1,3,4,19,3,2,3,27,0,0,0,27
01/04/2021,ACY,NJ,AEA,EN,Combined TRACON& Tower with Radar,12,5,5,0,22,0,0,0,10,10,12,5,5,10,32,0,0,0,32
01/05/2021,ACY,NJ,AEA,EN,Combined TRACON& Tower with Radar,16,2,8,20,46,0,1,13,5,19,16,3,21,25,65,0,0,0,65
01/06/2021,ACY,NJ,AEA,EN,Combined TRACON& Tower with Radar,6,5,20,30,61,0,2,18,13,33,6,7,38,43,94,10,18,28,122
01/07/2021,ACY,NJ,AEA,EN,Combined TRACON& Tower with Radar,12,7,9,23,51,0,2,35,19,56,12,9,44,42,107,2,34,36,143
01/08/2021,ACY,NJ,AEA,EN,Combined TRACON& Tower with Radar,10,6,14,15,45,0,0,28,8,36,10,6,42,23,81,20,8,28,109
01/09/2021,ACY,NJ,AEA,EN,Combined TRACON& Tower with Radar,6,5,16,12,39,0,0,46,8,54,6,5,62,20,93,22,0,22,115
01/10/2021,ACY,NJ,AEA,EN,Combined TRACON& Tower with Radar,13,5,27,2,47,0,2,53,6,61,13,7,80,8,108,44,20,64,172
01/11/2021,ACY,NJ,AEA,EN,Combined TRACON& Tower with Radar,10,5,9,9,33,0,0,24,15,39,10,5,33,24,72,30,0,30,102
01/12/2021,ACY,NJ,AEA,EN,Combined TRACON& Tower with Radar,7,2,33,46,88,0,0,30,24,54,7,2,63,70,142,42,130,172,314
01/13/2021,ACY,NJ,AEA,EN,Combined TRACON& Tower with Radar,6,1,15,29,51,0,4,27,15,46,6,5,42,44,97,0,0,0,97
01/14/2021,ACY,NJ,AEA,EN,Combined TRACON& Tower with Radar,12,2,21,49,84,0,0,27,30,57,12,2,48,79,141,0,78,78,219
01/15/2021,ACY,NJ,AEA,EN,Combined TRACON& Tower with Radar,10,15,14,10,49,0,0,7,7,14,10,15,21,17,63,0,0,0,63
01/16/2021,ACY,NJ,AEA,EN,Combined TRACON& Tower with Radar,10,7,11,2,30,0,0,12,4,16,10,7,23,6,46,0,0,0,46
01/17/2021,ACY,NJ,AEA,EN,Combined TRACON& Tower with Radar,12,11,13,2,38,0,0,10,2,12,12,11,23,4,50,0,0,0,50
01/18/2021,ACY,NJ,AEA,EN,Combined TRACON& Tower with Radar,10,10,29,3,52,0,0,39,10,49,10,10,68,13,101,8,58,66,167
01/19/2021,ACY,NJ,AEA,EN,Combined TRACON& Tower with Radar,8,10,19,18,55,0,0,17,11,28,8,10,36,29,83,30,12,42,125
01/20/2021,ACY,NJ,AEA,EN,Combined TRACON& Tower with Radar,18,0,13,21,52,0,0,4,16,20,18,0,17,37,72,8,32,40,112
01/21/2021,ACY,NJ,AEA,EN,Combined TRACON& Tower with Radar,12,6,19,18,55,0,2,30,17,49,12,8,49,35,104,24,48,72,176
01/22/2021,ACY,NJ,AEA,EN,Combined TRACON& Tower with Radar,12,13,20,12,57,0,6,30,22,58,12,19,50,34,115,6,18,24,139
01/23/2021,ACY,NJ,AEA,EN,Combined TRACON& Tower with Radar,6,4,6,1,17,0,0,5,2,7,6,4,11,3,24,0,0,0,24
01/24/2021,ACY,NJ,AEA,EN,Combined TRACON& Tower with Radar,12,11,23,5,51,0,0,23,1,24,12,11,46,6,75,0,0,0,75
01/25/2021,ACY,NJ,AEA,EN,Combined TRACON& Tower with Radar,10,6,25,70,111,0,0,31,20,51,10,6,56,90,162,0,8,8,170
01/26/2021,ACY,NJ,AEA,EN,Combined TRACON& Tower with Radar,5,0,8,7,20,0,0,0,2,2,5,0,8,9,22,0,0,0,22
01/27/2021,ACY,NJ,AEA,EN,Combined TRACON& Tower with Radar,7,2,35,59,103,0,0,27,45,72,7,2,62,104,175,18,68,86,261
01/28/2021,ACY,NJ,AEA,EN,Combined TRACON& Tower with Radar,12,8,9,11,40,0,0,2,8,10,12,8,11,19,50,0,0,0,50
01/29/2021,ACY,NJ,AEA,EN,Combined TRACON& Tower with Radar,10,5,5,15,35,0,0,0,12,12,10,5,5,27,47,0,34,34,81
01/30/2021,ACY,NJ,AEA,EN,Combined TRACON& Tower with Radar,7,4,24,4,39,0,0,31,7,38,7,4,55,11,77,10,10,20,97
01/31/2021,ACY,NJ,AEA,EN,Combined TRACON& Tower with Radar,11,2,3,2,18,0,0,0,6,6,11,2,3,8,24,8,6,14,38
02/01/2021,ACY,NJ,AEA,EN,Combined TRACON& Tower with Radar,11,2,3,0,16,0,0,0,0,0,11,2,3,0,16,0,0,0,16
02/02/2021,ACY,NJ,AEA,EN,Combined TRACON& Tower with Radar,6,6,1,0,13,0,0,0,0,0,6,6,1,0,13,0,0,0,13
02/03/2021,ACY,NJ,AEA,EN,Combined TRACON& Tower with Radar,6,3,10,20,39,0,1,5,9,15,6,4,15,29,54,0,0,0,54
02/04/2021,ACY,NJ,AEA,EN,Combined TRACON& Tower with Radar,14,23,22,55,114,0,5,21,26,52,14,28,43,81,166,4,90,94,260
02/05/2021,ACY,NJ,AEA,EN,Combined TRACON& Tower with Radar,10,8,13,10,41,0,0,14,18,32,10,8,27,28,73,22,40,62,135
02/06/2021,ACY,NJ,AEA,EN,Combined TRACON& Tower with Radar,6,5,5,35,51,0,0,16,16,32,6,5,21,51,83,0,0,0,83
02/07/2021,ACY,NJ,AEA,EN,Combined TRACON& Tower with Radar,14,9,4,2,29,0,0,0,0,0,14,9,4,2,29,0,0,0,29
02/08/2021,ACY,NJ,AEA,EN,Combined TRACON& Tower with Radar,10,4,23,13,50,0,0,21,23,44,10,4,44,36,94,14,42,56,150
02/09/2021,ACY,NJ,AEA,EN,Combined TRACON& Tower with Radar,7,1,3,20,31,0,0,0,13,13,7,1,3,33,44,0,10,10,54
02/10/2021,ACY,NJ,AEA,EN,Combined TRACON& Tower with Radar,6,6,15,52,79,0,0,23,41,64,6,6,38,93,143,36,116,152,295
02/11/2021,ACY,NJ,AEA,EN,Combined TRACON& Tower with Radar,12,9,6,5,32,0,0,3,17,20,12,9,9,22,52,20,50,70,122
02/12/2021,ACY,NJ,AEA,EN,Combined TRACON& Tower with Radar,12,6,14,10,42,0,0,30,12,42,12,6,44,22,84,0,0,0,84
02/13/2021,ACY,NJ,AEA,EN,Combined TRACON& Tower with Radar,12,4,2,0,18,0,0,2,3,5,12,4,4,3,23,0,0,0,23
02/14/2021,ACY,NJ,AEA,EN,Combined TRACON& Tower with Radar,12,4,5,0,21,0,0,4,0,4,12,4,9,0,25,0,0,0,25
02/15/2021,ACY,NJ,AEA,EN,Combined TRACON& Tower with Radar,13,8,2,0,23,0,0,0,3,3,13,8,2,3,26,0,0,0,26
02/16/2021,ACY,NJ,AEA,EN,Combined TRACON& Tower with Radar,7,12,7,5,31,0,0,2,18,20,7,12,9,23,51,0,0,0,51
02/17/2021,ACY,NJ,AEA,EN,Combined TRACON& Tower with Radar,9,1,13,13,36,0,0,47,28,75,9,1,60,41,111,30,26,56,167
02/18/2021,ACY,NJ,AEA,EN,Combined TRACON& Tower with Radar,9,4,4,0,17,0,0,1,0,1,9,4,5,0,18,0,0,0,18
02/19/2021,ACY,NJ,AEA,EN,Combined TRACON& Tower with Radar,13,16,4,1,34,0,0,0,1,1,13,16,4,2,35,0,40,40,75
02/20/2021,ACY,NJ,AEA,EN,Combined TRACON& Tower with Radar,9,10,10,18,47,0,0,13,5,18,9,10,23,23,65,0,36,36,101
02/21/2021,ACY,NJ,AEA,EN,Combined TRACON& Tower with Radar,12,10,21,14,57,0,0,25,6,31,12,10,46,20,88,2,14,16,104
02/22/2021,ACY,NJ,AEA,EN,Combined TRACON& Tower with Radar,12,3,5,4,24,0,0,1,8,9,12,3,6,12,33,0,0,0,33
02/23/2021,ACY,NJ,AEA,EN,Combined TRACON& Tower with Radar,6,2,14,21,43,0,0,7,28,35,6,2,21,49,78,0,0,0,78
02/24/2021,ACY,NJ,AEA,EN,Combined TRACON& Tower with Radar,6,3,17,16,42,0,0,27,28,55,6,3,44,44,97,8,16,24,121
02/25/2021,ACY,NJ,AEA,EN,Combined TRACON& Tower with Radar,12,12,13,17,54,0,3,21,25,49,12,15,34,42,103,12,8,20,123
02/26/2021,ACY,NJ,AEA,EN,Combined TRACON& Tower with Radar,12,10,26,9,57,0,3,47,20,70,12,13,73,29,127,0,0,0,127
02/27/2021,ACY,NJ,AEA,EN,Combined TRACON& Tower with Radar,8,7,8,9,32,0,0,2,0,2,8,7,10,9,34,0,0,0,34
02/28/2021,ACY,NJ,AEA,EN,Combined TRACON& Tower with Radar,10,10,4,1,25,0,0,1,3,4,10,10,5,4,29,0,0,0,29
03/01/2021,ACY,NJ,AEA,EN,Combined TRACON& Tower with Radar,14,7,3,15,39,0,0,1,22,23,14,7,4,37,62,0,40,40,102
03/02/2021,ACY,NJ,AEA,EN,Combined TRACON& Tower with Radar,6,2,8,34,50,0,3,10,29,42,6,5,18,63,92,0,78,78,170
03/03/2021,ACY,NJ,AEA,EN,Combined TRACON& Tower with Radar,6,2,16,37,61,1,1,54,30,86,7,3,70,67,147,20,14,34,181
03/04/2021,ACY,NJ,AEA,EN,Combined TRACON& Tower with Radar,12,6,8,45,71,0,1,15,14,30,12,7,23,59,101,2,82,84,185
03/05/2021,ACY,NJ,AEA,EN,Combined TRACON& Tower with Radar,13,9,7,24,53,0,0,8,27,35,13,9,15,51,88,4,42,46,134
03/06/2021,ACY,NJ,AEA,EN,Combined TRACON& Tower with Radar,9,10,16,6,41,0,0,22,8,30,9,10,38,14,71,0,0,0,71
03/07/2021,ACY,NJ,AEA,EN,Combined TRACON& Tower with Radar,12,14,15,4,45,0,0,34,2,36,12,14,49,6,81,0,0,0,81
03/08/2021,ACY,NJ,AEA,EN,Combined TRACON& Tower with Radar,13,6,24,9,52,0,0,45,10,55,13,6,69,19,107,0,0,0,107
03/09/2021,ACY,NJ,AEA,EN,Combined TRACON& Tower with Radar,6,6,13,76,101,0,0,43,22,65,6,6,56,98,166,54,62,116,282
03/10/2021,ACY,NJ,AEA,EN,Combined TRACON& Tower with Radar,17,9,17,50,93,0,2,38,31,71,17,11,55,81,164,20,112,132,296
03/11/2021,ACY,NJ,AEA,EN,Combined TRACON& Tower with Radar,20,6,23,36,85,0,1,37,27,65,20,7,60,63,150,20,70,90,240
03/12/2021,ACY,NJ,AEA,EN,Combined TRACON& Tower with Radar,17,4,12,14,47,0,0,22,17,39,17,4,34,31,86,4,12,16,102
03/13/2021,ACY,NJ,AEA,EN,Combined TRACON& Tower with Radar,20,9,28,8,65,0,0,28,8,36,20,9,56,16,101,36,22,58,159
03/14/2021,ACY,NJ,AEA,EN,Combined TRACON& Tower with Radar,20,7,10,16,53,0,0,6,12,18,20,7,16,28,71,0,0,0,71
03/15/2021,ACY,NJ,AEA,EN,Combined TRACON& Tower with Radar,18,5,16,23,62,0,2,24,15,41,18,7,40,38,103,0,0,0,103
03/16/2021,ACY,NJ,AEA,EN,Combined TRACON& Tower with Radar,19,1,7,26,53,0,0,13,17,30,19,1,20,43,83,34,0,34,117
03/17/2021,ACY,NJ,AEA,EN,Combined TRACON& Tower with Radar,18,7,15,57,97,0,0,1,12,13,18,7,16,69,110,0,46,46,156
03/18/2021,ACY,NJ,AEA,EN,Combined TRACON& Tower with Radar,20,11,5,7,43,0,0,0,0,0,20,11,5,7,43,0,0,0,43
03/19/2021,ACY,NJ,AEA,EN,Combined TRACON& Tower with Radar,17,12,11,20,60,0,3,16,28,47,17,15,27,48,107,0,52,52,159
03/20/2021,ACY,NJ,AEA,EN,Combined TRACON& Tower with Radar,18,6,29,1,54,0,0,41,6,47,18,6,70,7,101,20,12,32,133
03/21/2021,ACY,NJ,AEA,EN,Combined TRACON& Tower with Radar,19,11,33,15,78,0,0,59,7,66,19,11,92,22,144,28,0,28,172
03/22/2021,ACY,NJ,AEA,EN,Combined TRACON& Tower with Radar,20,6,26,17,69,0,0,31,20,51,20,6,57,37,120,8,58,66,186
03/23/2021,ACY,NJ,AEA,EN,Combined TRACON& Tower with Radar,19,8,17,54,98,0,0,8,50,58,19,8,25,104,156,12,46,58,214
03/24/2021,ACY,NJ,AEA,EN,Combined TRACON& Tower with Radar,21,12,12,4,49,0,5,0,8,13,21,17,12,12,62,0,8,8,70
03/25/2021,ACY,NJ,AEA,EN,Combined TRACON& Tower with Radar,19,10,21,23,73,0,0,0,2,2,19,10,21,25,75,0,0,0,75
03/26/2021,ACY,NJ,AEA,EN,Combined TRACON& Tower with Radar,19,6,15,3,43,0,0,0,7,7,19,6,15,10,50,0,0,0,50
03/27/2021,ACY,NJ,AEA,EN,Combined TRACON& Tower with Radar,19,17,12,6,54,0,0,36,3,39,19,17,48,9,93,0,0,0,93
03/28/2021,ACY,NJ,AEA,EN,Combined TRACON& Tower with Radar,19,13,16,2,50,0,0,0,1,1,19,13,16,3,51,0,0,0,51
03/29/2021,ACY,NJ,AEA,EN,Combined TRACON& Tower with Radar,21,5,12,14,52,0,1,15,19,35,21,6,27,33,87,10,28,38,125
03/30/2021,ACY,NJ,AEA,EN,Combined TRACON& Tower with Radar,19,6,11,39,75,0,0,16,31,47,19,6,27,70,122,14,38,52,174
03/31/2021,ACY,NJ,AEA,EN,Combined TRACON& Tower with Radar,20,6,16,11,53,0,0,5,19,24,20,6,21,30,77,12,38,50,127
04/01/2021,ACY,NJ,AEA,EN,Combined TRACON& Tower with Radar,17,14,12,12,55,0,0,6,20,26,17,14,18,32,81,0,0,0,81
04/02/2021,ACY,NJ,AEA,EN,Combined TRACON& Tower with Radar,20,10,8,15,53,0,0,26,23,49,20,10,34,38,102,32,12,44,146
04/03/2021,ACY,NJ,AEA,EN,Combined TRACON& Tower with Radar,20,7,23,3,53,0,0,37,5,42,20,7,60,8,95,0,0,0,95
04/04/2021,ACY,NJ,AEA,EN,Combined TRACON& Tower with Radar,21,3,16,5,45,0,0,29,3,32,21,3,45,8,77,0,0,0,77
04/05/2021,ACY,NJ,AEA,EN,Combined TRACON& Tower with Radar,21,7,5,24,57,0,0,12,24,36,21,7,17,48,93,0,0,0,93
04/06/2021,ACY,NJ,AEA,EN,Combined TRACON& Tower with Radar,20,3,15,43,81,0,3,35,22,60,20,6,50,65,141,26,76,102,243
04/07/2021,ACY,NJ,AEA,EN,Combined TRACON& Tower with Radar,20,5,15,56,96,0,3,37,18,58,20,8,52,74,154,0,0,0,154
04/08/2021,ACY,NJ,AEA,EN,Combined TRACON& Tower with Radar,22,3,27,37,89,0,5,40,27,72,22,8,67,64,161,26,62,88,249
04/09/2021,ACY,NJ,AEA,EN,Combined TRACON& Tower with Radar,22,11,26,16,75,0,0,6,12,18,22,11,32,28,93,0,34,34,127
04/10/2021,ACY,NJ,AEA,EN,Combined TRACON& Tower with Radar,20,4,15,12,51,0,0,3,11,14,20,4,18,23,65,0,12,12,77
04/11/2021,ACY,NJ,AEA,EN,Combined TRACON& Tower with Radar,17,11,13,2,43,0,0,0,0,0,17,11,13,2,43,0,0,0,43
04/12/2021,ACY,NJ,AEA,EN,Combined TRACON& Tower with Radar,16,7,25,6,54,0,0,1,8,9,16,7,26,14,63,0,4,4,67
04/13/2021,ACY,NJ,AEA,EN,Combined TRACON& Tower with Radar,17,2,21,8,48,0,1,31,21,53,17,3,52,29,101,0,0,0,101
04/14/2021,ACY,NJ,AEA,EN,Combined TRACON& Tower with Radar,23,2,8,3,36,0,0,18,15,33,23,2,26,18,69,0,0,0,69
04/15/2021,ACY,NJ,AEA,EN,Combined TRACON& Tower with Radar,20,6,10,5,41,0,0,1,7,8,20,6,11,12,49,0,0,0,49
04/16/2021,ACY,NJ,AEA,EN,Combined TRACON& Tower with Radar,20,4,15,6,45,0,0,18,19,37,20,4,33,25,82,0,0,0,82
04/17/2021,ACY,NJ,AEA,EN,Combined TRACON& Tower with Radar,20,4,17,1,42,0,0,38,6,44,20,4,55,7,86,12,0,12,98
04/18/2021,ACY,NJ,AEA,EN,Combined TRACON& Tower with Radar,22,3,24,10,59,0,1,35,10,46,22,4,59,20,105,6,14,20,125
04/19/2021,ACY,NJ,AEA,EN,Combined TRACON& Tower with Radar,20,5,10,6,41,0,3,21,24,48,20,8,31,30,89,14,24,38,127
04/20/2021,ACY,NJ,AEA,EN,Combined TRACON& Tower with Radar,18,6,16,13,53,0,0,20,23,43,18,6,36,36,96,0,30,30,126
04/21/2021,ACY,NJ,AEA,EN,Combined TRACON& Tower with Radar,21,4,9,1,35,0,0,5,15,20,21,4,14,16,55,0,46,46,101
04/22/2021,ACY,NJ,AEA,EN,Combined TRACON& Tower with Radar,25,6,14,9,54,0,0,3,27,30,25,6,17,36,84,0,54,54,138
04/23/2021,ACY,NJ,AEA,EN,Combined TRACON& Tower with Radar,21,2,19,4,46,0,6,13,21,40,21,8,32,25,86,0,0,0,86
04/24/2021,ACY,NJ,AEA,EN,Combined TRACON& Tower with Radar,25,7,18,2,52,0,0,34,5,39,25,7,52,7,91,0,0,0,91
04/25/2021,ACY,NJ,AEA,EN,Combined TRACON& Tower with Radar,23,6,49,1,79,0,0,2,10,12,23,6,51,11,91,0,0,0,91
04/26/2021,ACY,NJ,AEA,EN,Combined TRACON& Tower with Radar,23,5,19,8,55,0,0,19,18,37,23,5,38,26,92,34,8,42,134
04/27/2021,ACY,NJ,AEA,EN,Combined TRACON& Tower with Radar,23,4,16,4,47,0,0,46,23,69,23,4,62,27,116,40,58,98,214
04/28/2021,ACY,NJ,AEA,EN,Combined TRACON& Tower with Radar,21,5,6,5,37,0,0,27,21,48,21,5,33,26,85,20,34,54,139
04/29/2021,ACY,NJ,AEA,EN,Combined TRACON& Tower with Radar,18,9,8,5,40,0,0,8,18,26,18,9,16,23,66,10,6,16,82
04/30/2021,ACY,NJ,AEA,EN,Combined TRACON& Tower with Radar,21,16,9,1,47,0,0,1,3,4,21,16,10,4,51,0,0,0,51
05/01/2021,ACY,NJ,AEA,EN,Combined TRACON& Tower with Radar,19,7,14,4,44,0,0,17,9,26,19,7,31,13,70,0,20,20,90
05/02/2021,ACY,NJ,AEA,EN,Combined TRACON& Tower with Radar,20,15,9,0,44,0,0,36,3,39,20,15,45,3,83,36,0,36,119
05/03/2021,ACY,NJ,AEA,EN,Combined TRACON& Tower with Radar,27,8,9,7,51,0,0,14,19,33,27,8,23,26,84,0,4,4,88
05/04/2021,ACY,NJ,AEA,EN,Combined TRACON& Tower with Radar,23,9,9,10,51,0,0,15,10,25,23,9,24,20,76,0,20,20,96
05/05/2021,ACY,NJ,AEA,EN,Combined TRACON& Tower with Radar,27,7,12,2,48,0,0,6,7,13,27,7,18,9,61,0,30,30,91
05/06/2021,ACY,NJ,AEA,EN,Combined TRACON& Tower with Radar,25,8,19,0,52,0,0,51,18,69,25,8,70,18,121,38,22,60,181
05/07/2021,ACY,NJ,AEA,EN,Combined TRACON& Tower with Radar,22,12,15,3,52,0,0,28,20,48,22,12,43,23,100,8,6,14,114
05/08/2021,ACY,NJ,AEA,EN,Combined TRACON& Tower with Radar,22,10,5,1,38,0,0,8,7,15,22,10,13,8,53,0,0,0,53
05/09/2021,ACY,NJ,AEA,EN,Combined TRACON& Tower with Radar,24,13,7,0,44,0,0,16,7,23,24,13,23,7,67,10,2,12,79
05/10/2021,ACY,NJ,AEA,EN,Combined TRACON& Tower with Radar,23,5,13,7,48,0,0,30,21,51,23,5,43,28,99,16,28,44,143
05/11/2021,ACY,NJ,AEA,EN,Combined TRACON& Tower with Radar,23,3,21,9,56,0,0,25,15,40,23,3,46,24,96,0,0,0,96
05/12/2021,ACY,NJ,AEA,EN,Combined TRACON& Tower with Radar,24,8,14,4,50,0,0,29,20,49,24,8,43,24,99,4,0,4,103
05/13/2021,ACY,NJ,AEA,EN,Combined TRACON& Tower with Radar,26,11,27,5,69,0,0,32,24,56,26,11,59,29,125,30,42,72,197
05/14/2021,ACY,NJ,AEA,EN,Combined TRACON& Tower with Radar,22,18,18,14,72,0,0,50,12,62,22,18,68,26,134,16,0,16,150
05/15/2021,ACY,NJ,AEA,EN,Combined TRACON& Tower with Radar,26,9,15,5,55,0,0,27,4,31,26,9,42,9,86,0,0,0,86
05/16/2021,ACY,NJ,AEA,EN,Combined TRACON& Tower with Radar,26,15,21,2,64,0,0,28,9,37,26,15,49,11,101,0,2,2,103
05/17/2021,ACY,NJ,AEA,EN,Combined TRACON& Tower with Radar,22,5,11,10,48,0,0,38,18,56,22,5,49,28,104,0,46,46,150
05/18/2021,ACY,NJ,AEA,EN,Combined TRACON& Tower with Radar,26,5,24,14,69,0,1,30,25,56,26,6,54,39,125,38,28,66,191
05/19/2021,ACY,NJ,AEA,EN,Combined TRACON& Tower with Radar,24,5,15,6,50,0,0,50,16,66,24,5,65,22,116,0,20,20,136
05/20/2021,ACY,NJ,AEA,EN,Combined TRACON& Tower with Radar,24,17,19,9,69,0,0,23,30,53,24,17,42,39,122,0,23,23,145
05/21/2021,ACY,NJ,AEA,EN,Combined TRACON& Tower with Radar,24,23,26,6,79,0,0,26,11,37,24,23,52,17,116,0,0,0,116
05/22/2021,ACY,NJ,AEA,EN,Combined TRACON& Tower with Radar,22,12,26,0,60,0,0,40,7,47,22,12,66,7,107,0,0,0,107
05/23/2021,ACY,NJ,AEA,EN,Combined TRACON& Tower with Radar,24,35,21,2,82,0,0,21,5,26,24,35,42,7,108,12,0,12,120
05/24/2021,ACY,NJ,AEA,EN,Combined TRACON& Tower with Radar,24,8,21,3,56,0,0,27,22,49,24,8,48,25,105,20,26,46,151
05/25/2021,ACY,NJ,AEA,EN,Combined TRACON& Tower with Radar,24,7,19,4,54,0,0,24,14,38,24,7,43,18,92,0,2,2,94
05/26/2021,ACY,NJ,AEA,EN,Combined TRACON& Tower with Radar,23,12,21,2,58,0,0,9,26,35,23,12,30,28,93,6,18,24,117
05/27/2021,ACY,NJ,AEA,EN,Combined TRACON& Tower with Radar,26,11,22,3,62,0,0,27,8,35,26,11,49,11,97,20,6,26,123
05/28/2021,ACY,NJ,AEA,EN,Combined TRACON& Tower with Radar,23,22,23,3,71,0,0,14,6,20,23,22,37,9,91,0,0,0,91
05/29/2021,ACY,NJ,AEA,EN,Combined TRACON& Tower with Radar,23,17,21,0,61,0,0,0,5,5,23,17,21,5,66,0,0,0,66
05/30/2021,ACY,NJ,AEA,EN,Combined TRACON& Tower with Radar,24,27,12,0,63,0,0,0,0,0,24,27,12,0,63,0,0,0,63
05/31/2021,ACY,NJ,AEA,EN,Combined TRACON& Tower with Radar,24,9,16,0,49,0,0,18,9,27,24,9,34,9,76,0,0,0,76
06/01/2021,ACY,NJ,AEA,EN,Combined TRACON& Tower with Radar,24,6,20,10,60,0,0,26,20,46,24,6,46,30,106,20,10,30,136
06/02/2021,ACY,NJ,AEA,EN,Combined TRACON& Tower with Radar,22,6,21,9,58,0,1,24,14,39,22,7,45,23,97,0,6,6,103
06/03/2021,ACY,NJ,AEA,EN,Combined TRACON& Tower with Radar,23,15,15,9,62,0,0,1,14,15,23,15,16,23,77,0,18,18,95
06/04/2021,ACY,NJ,AEA,EN,Combined TRACON& Tower with Radar,30,20,26,2,78,0,0,5,6,11,30,20,31,8,89,0,44,44,133
06/05/2021,ACY,NJ,AEA,EN,Combined TRACON& Tower with Radar,22,6,26,7,61,0,0,59,10,69,22,6,85,17,130,14,10,24,154
06/06/2021,ACY,NJ,AEA,EN,Combined TRACON& Tower with Radar,24,20,21,0,65,0,1,42,8,51,24,21,63,8,116,12,0,12,128
06/07/2021,ACY,NJ,AEA,EN,Combined TRACON& Tower with Radar,22,4,21,11,58,0,0,43,20,63,22,4,64,31,121,32,50,82,203
06/08/2021,ACY,NJ,AEA,EN,Combined TRACON& Tower with Radar,30,15,23,15,83,0,3,17,20,40,30,18,40,35,123,0,36,36,159
06/09/2021,ACY,NJ,AEA,EN,Combined TRACON& Tower with Radar,21,9,13,7,50,0,0,23,18,41,21,9,36,25,91,40,12,52,143
06/10/2021,ACY,NJ,AEA,EN,Combined TRACON& Tower with Radar,27,9,17,6,59,0,0,10,12,22,27,9,27,18,81,2,28,30,111
06/11/2021,ACY,NJ,AEA,EN,Combined TRACON& Tower with Radar,22,21,34,2,79,0,1,7,12,20,22,22,41,14,99,0,0,0,99
06/12/2021,ACY,NJ,AEA,EN,Combined TRACON& Tower with Radar,19,10,21,1,51,0,0,22,3,25,19,10,43,4,76,28,0,28,104
06/13/2021,ACY,NJ,AEA,EN,Combined TRACON& Tower with Radar,22,21,24,0,67,0,0,33,2,35,22,21,57,2,102,0,0,0,102
06/14/2021,ACY,NJ,AEA,EN,Combined TRACON& Tower with Radar,23,8,20,8,59,0,0,22,16,38,23,8,42,24,97,4,14,18,115
06/15/2021,ACY,NJ,AEA,EN,Combined TRACON& Tower with Radar,20,11,10,5,46,0,2,27,23,52,20,13,37,28,98,26,0,26,124
06/16/2021,ACY,NJ,AEA,EN,Combined TRACON& Tower with Radar,16,7,15,14,52,0,0,38,15,53,16,7,53,29,105,6,34,40,145
06/17/2021,ACY,NJ,AEA,EN,Combined TRACON& Tower with Radar,24,6,14,7,51,0,1,58,19,78,24,7,72,26,129,0,0,0,129
06/18/2021,ACY,NJ,AEA,EN,Combined TRACON& Tower with Radar,22,25,21,2,70,0,0,60,9,69,22,25,81,11,139,6,0,6,145
06/19/2021,ACY,NJ,AEA,EN,Combined TRACON& Tower with Radar,16,9,20,3,48,0,0,44,8,52,16,9,64,11,100,16,0,16,116
06/20/2021,ACY,NJ,AEA,EN,Combined TRACON& Tower with Radar,24,26,12,1,63,0,0,42,12,54,24,26,54,13,117,10,4,14,131
06/21/2021,ACY,NJ,AEA,EN,Combined TRACON& Tower with Radar,21,9,20,27,77,0,0,11,21,32,21,9,31,48,109,4,42,46,155
06/22/2021,ACY,NJ,AEA,EN,Combined TRACON& Tower with Radar,17,8,23,9,57,0,1,4,10,15,17,9,27,19,72,0,12,12,84
06/23/2021,ACY,NJ,AEA,EN,Combined TRACON& Tower with Radar,16,2,30,19,67,0,3,52,21,76,16,5,82,40,143,16,20,36,179
06/24/2021,ACY,NJ,AEA,EN,Combined TRACON& Tower with Radar,22,19,27,9,77,0,4,37,24,65,22,23,64,33,142,18,22,40,182
06/25/2021,ACY,NJ,AEA,EN,Combined TRACON& Tower with Radar,24,21,26,0,71,0,0,18,18,36,24,21,44,18,107,26,0,26,133
06/26/2021,ACY,NJ,AEA,EN,Combined TRACON& Tower with Radar,18,17,26,6,67,0,1,15,3,19,18,18,41,9,86,4,0,4,90
06/27/2021,ACY,NJ,AEA,EN,Combined TRACON& Tower with Radar,24,27,35,2,88,0,0,34,4,38,24,27,69,6,126,0,2,2,128
06/28/2021,ACY,NJ,AEA,EN,Combined TRACON& Tower with Radar,22,10,28,2,62,0,2,43,22,67,22,12,71,24,129,20,10,30,159
06/29/2021,ACY,NJ,AEA,EN,Combined TRACON& Tower with Radar,16,10,21,4,51,0,1,28,21,50,16,11,49,25,101,56,42,98,199
06/30/2021,ACY,NJ,AEA,EN,Combined TRACON& Tower with Radar,24,10,22,7,63,0,6,26,16,48,24,16,48,23,111,10,90,100,211
07/01/2021,ACY,NJ,AEA,EN,Combined TRACON& Tower with Radar,24,21,14,2,61,0,0,7,27,34,24,21,21,29,95,0,0,0,95
07/02/2021,ACY,NJ,AEA,EN,Combined TRACON& Tower with Radar,24,15,18,3,60,0,0,6,1,7,24,15,24,4,67,0,0,0,67
07/03/2021,ACY,NJ,AEA,EN,Combined TRACON& Tower with Radar,18,23,24,1,66,0,0,1,4,5,18,23,25,5,71,0,7,7,78
07/04/2021,ACY,NJ,AEA,EN,Combined TRACON& Tower with Radar,18,12,17,3,50,0,0,28,7,35,18,12,45,10,85,0,0,0,85
07/05/2021,ACY,NJ,AEA,EN,Combined TRACON& Tower with Radar,24,24,30,2,80,0,0,29,2,31,24,24,59,4,111,18,0,18,129
07/06/2021,ACY,NJ,AEA,EN,Combined TRACON& Tower with Radar,29,14,22,14,79,0,1,33,14,48,29,15,55,28,127,26,34,60,187
07/07/2021,ACY,NJ,AEA,EN,Combined TRACON& Tower with Radar,37,10,25,42,114,0,0,38,25,63,37,10,63,67,177,14,146,160,337
07/08/2021,ACY,NJ,AEA,EN,Combined TRACON& Tower with Radar,27,17,29,28,101,0,0,30,20,50,27,17,59,48,151,0,22,22,173
07/09/2021,ACY,NJ,AEA,EN,Combined TRACON& Tower with Radar,25,28,31,30,114,0,1,18,13,32,25,29,49,43,146,6,70,76,222
07/10/2021,ACY,NJ,AEA,EN,Combined TRACON& Tower with Radar,22,24,38,5,89,0,1,32,4,37,22,25,70,9,126,22,8,30,156
07/11/2021,ACY,NJ,AEA,EN,Combined TRACON& Tower with Radar,24,27,19,1,71,0,0,17,3,20,24,27,36,4,91,0,12,12,103
07/12/2021,ACY,NJ,AEA,EN,Combined TRACON& Tower with Radar,25,15,33,10,83,0,0,15,10,25,25,15,48,20,108,0,0,0,108
07/13/2021,ACY,NJ,AEA,EN,Combined TRACON& Tower with Radar,21,16,38,20,95,0,1,20,21,42,21,17,58,41,137,26,90,116,253
07/14/2021,ACY,NJ,AEA,EN,Combined TRACON& Tower with Radar,20,24,32,28,104,0,0,42,14,56,20,24,74,42,160,26,16,42,202
07/15/2021,ACY,NJ,AEA,EN,Combined TRACON& Tower with Radar,26,17,28,23,94,0,0,35,22,57,26,17,63,45,151,12,38,50,201
07/16/2021,ACY,NJ,AEA,EN,Combined TRACON& Tower with Radar,21,32,25,3,81,0,0,30,16,46,21,32,55,19,127,16,16,32,159
07/17/2021,ACY,NJ,AEA,EN,Combined TRACON& Tower with Radar,25,13,28,10,76,0,0,30,6,36,25,13,58,16,112,4,0,4,116
07/18/2021,ACY,NJ,AEA,EN,Combined TRACON& Tower with Radar,22,31,49,5,107,0,0,29,5,34,22,31,78,10,141,20,0,20,161
07/19/2021,ACY,NJ,AEA,EN,Combined TRACON& Tower with Radar,25,17,26,12,80,0,0,59,18,77,25,17,85,30,157,46,14,60,217
07/20/2021,ACY,NJ,AEA,EN,Combined TRACON& Tower with Radar,23,12,27,13,75,0,0,26,22,48,23,12,53,35,123,0,2,2,125
07/21/2021,ACY,NJ,AEA,EN,Combined TRACON& Tower with Radar,21,11,19,8,59,0,0,12,19,31,21,11,31,27,90,18,38,56,146
07/22/2021,ACY,NJ,AEA,EN,Combined TRACON& Tower with Radar,23,20,37,13,93,0,1,47,22,70,23,21,84,35,163,36,66,102,265
07/23/2021,ACY,NJ,AEA,EN,Combined TRACON& Tower with Radar,20,38,39,6,103,0,0,54,21,75,20,38,93,27,178,12,30,42,220
07/24/2021,ACY,NJ,AEA,EN,Combined TRACON& Tower with Radar,24,25,17,12,78,0,0,44,6,50,24,25,61,18,128,4,30,34,162
07/25/2021,ACY,NJ,AEA,EN,Combined TRACON& Tower with Radar,22,37,32,2,93,0,0,16,5,21,22,37,48,7,114,0,0,0,114
07/26/2021,ACY,NJ,AEA,EN,Combined TRACON& Tower with Radar,23,9,22,1,55,0,0,28,24,52,23,9,50,25,107,46,50,96,203
07/27/2021,ACY,NJ,AEA,EN,Combined TRACON& Tower with Radar,17,11,29,30,87,0,1,47,25,73,17,12,76,55,160,20,0,20,180
07/28/2021,ACY,NJ,AEA,EN,Combined TRACON& Tower with Radar,17,11,24,5,57,0,0,51,25,76,17,11,75,30,133,4,20,24,157
07/29/2021,ACY,NJ,AEA,EN,Combined TRACON& Tower with Radar,25,18,20,10,73,0,3,6,15,24,25,21,26,25,97,0,0,0,97
07/30/2021,ACY,NJ,AEA,EN,Combined TRACON& Tower with Radar,23,44,31,8,106,0,0,47,20,67,23,44,78,28,173,2,4,6,179
07/31/2021,ACY,NJ,AEA,EN,Combined TRACON& Tower with Radar,19,15,23,0,57,0,2,32,5,39,19,17,55,5,96,0,0,0,96
08/01/2021,ACY,NJ,AEA,EN,Combined TRACON& Tower with Radar,19,28,18,2,67,0,0,15,3,18,19,28,33,5,85,0,10,10,95
08/02/2021,ACY,NJ,AEA,EN,Combined TRACON& Tower with Radar,11,11,24,4,50,0,0,41,17,58,11,11,65,21,108,24,6,30,138
08/03/2021,ACY,NJ,AEA,EN,Combined TRACON& Tower with Radar,7,13,14,21,55,0,1,50,22,73,7,14,64,43,128,18,36,54,182
08/04/2021,ACY,NJ,AEA,EN,Combined TRACON& Tower with Radar,8,7,26,5,46,0,0,23,9,32,8,7,49,14,78,0,16,16,94
08/05/2021,ACY,NJ,AEA,EN,Combined TRACON& Tower with Radar,8,26,36,33,103,0,0,45,23,68,8,26,81,56,171,40,50,90,261
08/06/2021,ACY,NJ,AEA,EN,Combined TRACON& Tower with Radar,12,20,28,24,84,0,0,44,16,60,12,20,72,40,144,0,12,12,156
08/07/2021,ACY,NJ,AEA,EN,Combined TRACON& Tower with Radar,17,29,26,5,77,0,0,27,13,40,17,29,53,18,117,0,20,20,137
08/08/2021,ACY,NJ,AEA,EN,Combined TRACON& Tower with Radar,17,36,34,3,90,0,0,22,1,23,17,36,56,4,113,24,0,24,137
08/09/2021,ACY,NJ,AEA,EN,Combined TRACON& Tower with Radar,24,14,32,1,71,0,0,33,13,46,24,14,65,14,117,6,0,6,123
08/10/2021,ACY,NJ,AEA,EN,Combined TRACON& Tower with Radar,26,19,14,12,71,0,0,21,16,37,26,19,35,28,108,0,6,6,114
08/11/2021,ACY,NJ,AEA,EN,Combined TRACON& Tower with Radar,21,20,19,21,81,0,1,40,21,62,21,21,59,42,143,12,22,34,177
08/12/2021,ACY,NJ,AEA,EN,Combined TRACON& Tower with Radar,21,18,32,21,92,0,7,46,18,71,21,25,78,39,163,66,16,82,245
08/13/2021,ACY,NJ,AEA,EN,Combined TRACON& Tower with Radar,20,37,23,16,96,0,1,41,14,56,20,38,64,30,152,8,18,26,178
08/14/2021,ACY,NJ,AEA,EN,Combined TRACON& Tower with Radar,22,23,17,4,66,0,1,33,2,36,22,24,50,6,102,18,12,30,132
08/15/2021,ACY,NJ,AEA,EN,Combined TRACON& Tower with Radar,22,41,23,2,88,0,0,40,13,53,22,41,63,15,141,0,12,12,153
08/16/2021,ACY,NJ,AEA,EN,Combined TRACON& Tower with Radar,22,19,21,34,96,0,0,33,23,56,22,19,54,57,152,2,40,42,194
08/17/2021,ACY,NJ,AEA,EN,Combined TRACON& Tower with Radar,21,12,18,6,57,0,2,35,29,66,21,14,53,35,123,60,16,76,199
08/18/2021,ACY,NJ,AEA,EN,Combined TRACON& Tower with Radar,21,9,25,12,67,0,0,46,18,64,21,9,71,30,131,0,8,8,139
08/19/2021,ACY,NJ,AEA,EN,Combined TRACON& Tower with Radar,25,13,27,15,80,0,0,43,12,55,25,13,70,27,135,50,42,92,227
08/20/2021,ACY,NJ,AEA,EN,Combined TRACON& Tower with Radar,24,35,31,0,90,0,0,15,13,28,24,35,46,13,118,10,0,10,128
08/21/2021,ACY,NJ,AEA,EN,Combined TRACON& Tower with Radar,23,20,35,5,83,1,0,6,5,12,24,20,41,10,95,8,0,8,103
08/22/2021,ACY,NJ,AEA,EN,Combined TRACON& Tower with Radar,25,24,19,1,69,0,0,13,8,21,25,24,32,9,90,2,1,3,93
08/23/2021,ACY,NJ,AEA,EN,Combined TRACON& Tower with Radar,27,17,23,14,81,0,0,25,16,41,27,17,48,30,122,10,44,54,176
08/24/2021,ACY,NJ,AEA,EN,Combined TRACON& Tower with Radar,24,7,27,11,69,0,0,57,23,80,24,7,84,34,149,14,78,92,241
08/25/2021,ACY,NJ,AEA,EN,Combined TRACON& Tower with Radar,28,19,19,30,96,0,1,66,28,95,28,20,85,58,191,62,26,88,279
08/26/2021,ACY,NJ,AEA,EN,Combined TRACON& Tower with Radar,27,18,28,23,96,0,2,35,25,62,27,20,63,48,158,34,78,112,270
08/27/2021,ACY,NJ,AEA,EN,Combined TRACON& Tower with Radar,27,33,27,1,88,0,0,22,18,40,27,33,49,19,128,0,0,0,128
08/28/2021,ACY,NJ,AEA,EN,Combined TRACON& Tower with Radar,28,18,17,1,64,0,0,2,3,5,28,18,19,4,69,0,36,36,105
08/29/2021,ACY,NJ,AEA,EN,Combined TRACON& Tower with Radar,25,33,49,0,107,0,0,24,0,24,25,33,73,0,131,0,0,0,131
08/30/2021,ACY,NJ,AEA,EN,Combined TRACON& Tower with Radar,26,13,31,9,79,0,0,12,19,31,26,13,43,28,110,0,0,0,110
08/31/2021,ACY,NJ,AEA,EN,Combined TRACON& Tower with Radar,27,9,18,12,66,0,0,22,26,48,27,9,40,38,114,0,18,18,132
09/01/2021,ACY,NJ,AEA,EN,Combined TRACON& Tower with Radar,24,5,20,1,50,0,0,0,18,18,24,5,20,19,68,0,14,14,82
09/02/2021,ACY,NJ,AEA,EN,Combined TRACON& Tower with Radar,26,27,35,34,122,0,2,35,23,60,26,29,70,57,182,42,56,98,280
09/03/2021,ACY,NJ,AEA,EN,Combined TRACON& Tower with Radar,29,26,31,6,92,0,0,30,17,47,29,26,61,23,139,14,12,26,165
09/04/2021,ACY,NJ,AEA,EN,Combined TRACON& Tower with Radar,23,20,24,1,68,0,1,46,8,55,23,21,70,9,123,10,14,24,147
09/05/2021,ACY,NJ,AEA,EN,Combined TRACON& Tower with Radar,23,30,23,1,77,0,1,27,10,38,23,31,50,11,115,40,0,40,155
09/06/2021,ACY,NJ,AEA,EN,Combined TRACON& Tower with Radar,31,10,23,0,64,0,1,26,5,32,31,11,49,5,96,2,14,16,112
09/07/2021,ACY,NJ,AEA,EN,Combined TRACON& Tower with Radar,20,8,34,19,81,0,0,37,20,57,20,8,71,39,138,0,8,8,146
09/08/2021,ACY,NJ,AEA,EN,Combined TRACON& Tower with Radar,18,4,19,35,76,0,1,26,19,46,18,5,45,54,122,8,76,84,206
09/09/2021,ACY,NJ,AEA,EN,Combined TRACON& Tower with Radar,20,8,18,18,64,0,0,1,21,22,20,8,19,39,86,2,74,76,162
09/10/2021,ACY,NJ,AEA,EN,Combined TRACON& Tower with Radar,16,30,23,0,69,0,0,33,22,55,16,30,56,22,124,4,2,6,130
09/11/2021,ACY,NJ,AEA,EN,Combined TRACON& Tower with Radar,18,9,27,8,62,0,2,48,8,58,18,11,75,16,120,8,4,12,132
09/12/2021,ACY,NJ,AEA,EN,Combined TRACON& Tower with Radar,17,33,25,5,80,0,0,45,2,47,17,33,70,7,127,6,0,6,133
09/13/2021,ACY,NJ,AEA,EN,Combined TRACON& Tower with Radar,18,16,39,6,79,0,0,36,22,58,18,16,75,28,137,0,34,34,171
09/14/2021,ACY,NJ,AEA,EN,Combined TRACON& Tower with Radar,16,14,24,36,90,0,1,30,25,56,16,15,54,61,146,6,6,12,158
09/15/2021,ACY,NJ,AEA,EN,Combined TRACON& Tower with Radar,20,10,14,25,69,0,0,21,21,42,20,10,35,46,111,0,16,16,127
09/16/2021,ACY,NJ,AEA,EN,Combined TRACON& Tower with Radar,16,10,10,51,87,0,0,4,18,22,16,10,14,69,109,28,22,50,159
09/17/2021,ACY,NJ,AEA,EN,Combined TRACON& Tower with Radar,19,28,35,3,85,0,0,2,13,15,19,28,37,16,100,0,0,0,100
09/18/2021,ACY,NJ,AEA,EN,Combined TRACON& Tower with Radar,18,14,52,9,93,0,1,43,3,47,18,15,95,12,140,24,0,24,164
09/19/2021,ACY,NJ,AEA,EN,Combined TRACON& Tower with Radar,17,25,34,1,77,0,0,41,6,47,17,25,75,7,124,0,0,0,124
09/20/2021,ACY,NJ,AEA,EN,Combined TRACON& Tower with Radar,19,13,22,13,67,0,0,37,20,57,19,13,59,33,124,8,32,40,164
09/21/2021,ACY,NJ,AEA,EN,Combined TRACON& Tower with Radar,18,9,22,25,74,0,1,18,28,47,18,10,40,53,121,16,54,70,191
09/22/2021,ACY,NJ,AEA,EN,Combined TRACON& Tower with Radar,19,10,29,32,90,0,0,18,32,50,19,10,47,64,140,24,80,104,244
09/23/2021,ACY,NJ,AEA,EN,Combined TRACON& Tower with Radar,17,16,13,3,49,0,0,1,18,19,17,16,14,21,68,0,0,0,68
09/24/2021,ACY,NJ,AEA,EN,Combined TRACON& Tower with Radar,19,26,38,10,93,0,0,49,17,66,19,26,87,27,159,16,8,24,183
09/25/2021,ACY,NJ,AEA,EN,Combined TRACON& Tower with Radar,19,12,21,5,57,0,2,69,5,76,19,14,90,10,133,16,32,48,181
09/26/2021,ACY,NJ,AEA,EN,Combined TRACON& Tower with Radar,15,30,23,1,69,0,0,43,14,57,15,30,66,15,126,32,2,34,160
09/27/2021,ACY,NJ,AEA,EN,Combined TRACON& Tower with Radar,21,12,8,5,46,0,0,36,14,50,21,12,44,19,96,10,14,24,120
09/28/2021,ACY,NJ,AEA,EN,Combined TRACON& Tower with Radar,15,6,25,7,53,0,0,16,34,50,15,6,41,41,103,8,20,28,131
09/29/2021,ACY,NJ,AEA,EN,Combined TRACON& Tower with Radar,16,13,20,7,56,0,0,47,22,69,16,13,67,29,125,38,44,82,207
09/30/2021,ACY,NJ,AEA,EN,Combined TRACON& Tower with Radar,18,12,36,10,76,0,0,44,36,80,18,12,80,46,156,16,90,106,262
10/01/2021,ACY,NJ,AEA,EN,Combined TRACON& Tower with Radar,19,22,31,16,88,0,1,42,24,67,19,23,73,40,155,6,16,22,177
10/02/2021,ACY,NJ,AEA,EN,Combined TRACON& Tower with Radar,18,12,19,1,50,0,3,46,3,52,18,15,65,4,102,8,0,8,110
10/03/2021,ACY,NJ,AEA,EN,Combined TRACON& Tower with Radar,16,27,24,1,68,0,2,38,5,45,16,29,62,6,113,12,8,20,133
10/04/2021,ACY,NJ,AEA,EN,Combined TRACON& Tower with Radar,20,8,28,2,58,0,2,19,23,44,20,10,47,25,102,12,0,12,114
10/05/2021,ACY,NJ,AEA,EN,Combined TRACON& Tower with Radar,19,7,18,14,58,0,0,1,5,6,19,7,19,19,64,0,0,0,64
10/06/2021,ACY,NJ,AEA,EN,Combined TRACON& Tower with Radar,36,11,49,21,117,0,0,5,22,27,36,11,54,43,144,30,68,98,242
10/07/2021,ACY,NJ,AEA,EN,Combined TRACON& Tower with Radar,19,10,30,38,97,0,2,35,37,74,19,12,65,75,171,22,104,126,297
10/08/2021,ACY,NJ,AEA,EN,Combined TRACON& Tower with Radar,18,28,23,24,93,0,0,44,11,55,18,28,67,35,148,0,64,64,212
10/09/2021,ACY,NJ,AEA,EN,Combined TRACON& Tower with Radar,19,12,16,2,49,0,0,3,6,9,19,12,19,8,58,10,0,10,68
10/10/2021,ACY,NJ,AEA,EN,Combined TRACON& Tower with Radar,18,32,20,3,73,0,0,0,7,7,18,32,20,10,80,2,6,8,88
10/11/2021,ACY,NJ,AEA,EN,Combined TRACON& Tower with Radar,23,12,36,0,71,0,0,4,3,7,23,12,40,3,78,0,0,0,78
10/12/2021,ACY,NJ,AEA,EN,Combined TRACON& Tower with Radar,18,8,33,16,75,0,0,2,14,16,18,8,35,30,91,0,0,0,91
10/13/2021,ACY,NJ,AEA,EN,Combined TRACON& Tower with Radar,16,1,50,56,123,0,0,22,16,38,16,1,72,72,161,16,22,38,199
10/14/2021,ACY,NJ,AEA,EN,Combined TRACON& Tower with Radar,23,14,21,12,70,0,2,43,33,78,23,16,64,45,148,2,58,60,208
10/15/2021,ACY,NJ,AEA,EN,Combined TRACON& Tower with Radar,24,11,28,37,100,0,0,39,12,51,24,11,67,49,151,0,4,4,155
10/16/2021,ACY,NJ,AEA,EN,Combined TRACON& Tower with Radar,20,11,22,16,69,0,0,20,11,31,20,11,42,27,100,6,16,22,122
10/17/2021,ACY,NJ,AEA,EN,Combined TRACON& Tower with Radar,18,21,18,5,62,0,0,30,6,36,18,21,48,11,98,16,6,22,120
10/18/2021,ACY,NJ,AEA,EN,Combined TRACON& Tower with Radar,24,5,18,7,54,0,0,18,18,36,24,5,36,25,90,0,2,2,92
10/19/2021,ACY,NJ,AEA,EN,Combined TRACON& Tower with Radar,18,7,20,34,79,0,2,34,27,63,18,9,54,61,142,6,40,46,188
10/20/2021,ACY,NJ,AEA,EN,Combined TRACON& Tower with Radar,16,6,36,52,110,0,1,45,23,69,16,7,81,75,179,30,98,128,307
10/21/2021,ACY,NJ,AEA,EN,Combined TRACON& Tower with Radar,18,10,24,26,78,0,7,37,27,71,18,17,61,53,149,26,100,126,275
10/22/2021,ACY,NJ,AEA,EN,Combined TRACON& Tower with Radar,21,29,31,14,95,0,0,27,22,49,21,29,58,36,144,14,24,38,182
10/23/2021,ACY,NJ,AEA,EN,Combined TRACON& Tower with Radar,19,6,18,1,44,0,0,33,4,37,19,6,51,5,81,4,0,4,85
10/24/2021,ACY,NJ,AEA,EN,Combined TRACON& Tower with Radar,19,19,25,2,65,0,0,57,2,59,19,19,82,4,124,32,0,32,156
10/25/2021,ACY,NJ,AEA,EN,Combined TRACON& Tower with Radar,21,13,31,4,69,0,0,28,21,49,21,13,59,25,118,4,28,32,150
10/26/2021,ACY,NJ,AEA,EN,Combined TRACON& Tower with Radar,19,12,15,7,53,0,0,3,23,26,19,12,18,30,79,0,34,34,113
10/27/2021,ACY,NJ,AEA,EN,Combined TRACON& Tower with Radar,17,6,18,12,53,0,0,14,31,45,17,6,32,43,98,20,22,42,140
10/28/2021,ACY,NJ,AEA,EN,Combined TRACON& Tower with Radar,21,6,13,25,65,0,0,20,19,39,21,6,33,44,104,10,42,52,156
10/29/2021,ACY,NJ,AEA,EN,Combined TRACON& Tower with Radar,22,28,9,0,59,0,0,2,7,9,22,28,11,7,68,0,0,0,68
10/30/2021,ACY,NJ,AEA,EN,Combined TRACON& Tower with Radar,22,13,12,1,48,0,0,17,5,22,22,13,29,6,70,0,2,2,72
10/31/2021,ACY,NJ,AEA,EN,Combined TRACON& Tower with Radar,23,30,27,0,80,0,0,25,3,28,23,30,52,3,108,25,0,25,133
11/01/2021,ACY,NJ,AEA,EN,Combined TRACON& Tower with Radar,25,8,22,23,78,0,0,36,30,66,25,8,58,53,144,2,26,28,172
11/02/2021,ACY,NJ,AEA,EN,Combined TRACON& Tower with Radar,19,1,9,8,37,0,0,13,26,39,19,1,22,34,76,14,6,20,96
11/03/2021,ACY,NJ,AEA,EN,Combined TRACON& Tower with Radar,18,3,15,15,51,0,1,35,21,57,18,4,50,36,108,6,30,36,144
11/04/2021,ACY,NJ,AEA,EN,Combined TRACON& Tower with Radar,18,6,18,29,71,0,0,17,25,42,18,6,35,54,113,0,12,12,125
11/05/2021,ACY,NJ,AEA,EN,Combined TRACON& Tower with Radar,19,21,15,20,75,0,0,17,32,49,19,21,32,52,124,6,32,38,162
11/06/2021,ACY,NJ,AEA,EN,Combined TRACON& Tower with Radar,21,5,18,10,54,0,0,26,22,48,21,5,44,32,102,6,18,24,126
11/07/2021,ACY,NJ,AEA,EN,Combined TRACON& Tower with Radar,20,28,16,9,73,0,0,31,7,38,20,28,47,16,111,34,6,40,151
11/08/2021,ACY,NJ,AEA,EN,Combined TRACON& Tower with Radar,19,9,10,19,57,0,1,25,26,52,19,10,35,45,109,0,36,36,145
11/09/2021,ACY,NJ,AEA,EN,Combined TRACON& Tower with Radar,21,2,19,10,52,0,0,33,26,59,21,2,52,36,111,14,84,98,209
11/10/2021,ACY,NJ,AEA,EN,Combined TRACON& Tower with Radar,16,1,27,44,88,0,0,35,36,71,16,1,62,80,159,20,90,110,269
11/11/2021,ACY,NJ,AEA,EN,Combined TRACON& Tower with Radar,21,12,13,2,48,0,0,29,5,34,21,12,42,7,82,10,8,18,100
11/12/2021,ACY,NJ,AEA,EN,Combined TRACON& Tower with Radar,20,18,18,1,57,0,0,6,3,9,20,18,24,4,66,6,0,6,72
11/13/2021,ACY,NJ,AEA,EN,Combined TRACON& Tower with Radar,24,10,23,0,57,0,0,7,5,12,24,10,30,5,69,2,4,6,75
11/14/2021,ACY,NJ,AEA,EN,Combined TRACON& Tower with Radar,19,21,28,8,76,0,0,61,8,69,19,21,89,16,145,26,0,26,171
11/15/2021,ACY,NJ,AEA,EN,Combined TRACON& Tower with Radar,23,11,14,19,67,0,1,5,32,38,23,12,19,51,105,0,48,48,153
11/16/2021,ACY,NJ,AEA,EN,Combined TRACON& Tower with Radar,22,1,27,26,76,0,0,32,36,68,22,1,59,62,144,12,68,80,224
11/17/2021,ACY,NJ,AEA,EN,Combined TRACON& Tower with Radar,20,3,25,12,60,0,3,38,34,75,20,6,63,46,135,18,46,64,199
11/18/2021,ACY,NJ,AEA,EN,Combined TRACON& Tower with Radar,25,9,23,18,75,0,2,19,40,61,25,11,42,58,136,18,48,66,202
11/19/2021,ACY,NJ,AEA,EN,Combined TRACON& Tower with Radar,22,26,12,5,65,0,0,17,16,33,22,26,29,21,98,6,4,10,108
11/20/2021,ACY,NJ,AEA,EN,Combined TRACON& Tower with Radar,24,18,19,1,62,0,0,41,3,44,24,18,60,4,106,8,6,14,120
11/21/2021,ACY,NJ,AEA,EN,Combined TRACON& Tower with Radar,21,24,26,0,71,0,0,26,7,33,21,24,52,7,104,48,0,48,152
11/22/2021,ACY,NJ,AEA,EN,Combined TRACON& Tower with Radar,26,9,11,19,65,0,0,9,11,20,26,9,20,30,85,2,0,2,87
11/23/2021,ACY,NJ,AEA,EN,Combined TRACON& Tower with Radar,23,4,6,20,53,0,0,7,25,32,23,4,13,45,85,0,22,22,107
11/24/2021,ACY,NJ,AEA,EN,Combined TRACON& Tower with Radar,22,2,18,15,57,0,0,39,13,52,22,2,57,28,109,46,70,116,225
11/25/2021,ACY,NJ,AEA,EN,Combined TRACON& Tower with Radar,17,3,7,1,28,0,0,11,3,14,17,3,18,4,42,18,0,18,60
11/26/2021,ACY,NJ,AEA,EN,Combined TRACON& Tower with Radar,21,11,8,1,41,0,0,0,6,6,21,11,8,7,47,0,4,4,51
11/27/2021,ACY,NJ,AEA,EN,Combined TRACON& Tower with Radar,24,14,25,2,65,0,0,12,7,19,24,14,37,9,84,0,0,0,84
11/28/2021,ACY,NJ,AEA,EN,Combined TRACON& Tower with Radar,22,15,5,2,44,0,0,34,4,38,22,15,39,6,82,6,0,6,88
11/29/2021,ACY,NJ,AEA,EN,Combined TRACON& Tower with Radar,22,6,19,21,68,0,0,12,21,33,22,6,31,42,101,16,52,68,169
11/30/2021,ACY,NJ,AEA,EN,Combined TRACON& Tower with Radar,22,12,21,27,82,0,0,24,31,55,22,12,45,58,137,24,42,66,203
12/01/2021,ACY,NJ,AEA,EN,Combined TRACON& Tower with Radar,13,12,27,7,59,0,0,25,31,56,13,12,52,38,115,24,46,70,185
12/02/2021,ACY,NJ,AEA,EN,Combined TRACON& Tower with Radar,21,8,20,14,63,0,0,33,29,62,21,8,53,43,125,2,22,24,149
12/03/2021,ACY,NJ,AEA,EN,Combined TRACON& Tower with Radar,21,25,25,21,92,0,0,30,26,56,21,25,55,47,148,12,28,40,188
12/04/2021,ACY,NJ,AEA,EN,Combined TRACON& Tower with Radar,19,11,23,12,65,0,0,32,13,45,19,11,55,25,110,14,8,22,132
12/05/2021,ACY,NJ,AEA,EN,Combined TRACON& Tower with Radar,20,27,34,2,83,0,0,43,6,49,20,27,77,8,132,20,0,20,152
12/06/2021,ACY,NJ,AEA,EN,Combined TRACON& Tower with Radar,26,8,18,4,56,0,0,1,13,14,26,8,19,17,70,0,0,0,70
12/07/2021,ACY,NJ,AEA,EN,Combined TRACON& Tower with Radar,15,5,29,17,66,0,0,38,31,69,15,5,67,48,135,66,8,74,209
12/08/2021,ACY,NJ,AEA,EN,Combined TRACON& Tower with Radar,15,3,9,18,45,0,0,15,23,38,15,3,24,41,83,12,46,58,141
12/09/2021,ACY,NJ,AEA,EN,Combined TRACON& Tower with Radar,21,2,22,21,66,0,0,29,13,42,21,2,51,34,108,16,50,66,174
12/10/2021,ACY,NJ,AEA,EN,Combined TRACON& Tower with Radar,20,16,27,18,81,0,0,32,20,52,20,16,59,38,133,36,10,46,179
12/11/2021,ACY,NJ,AEA,EN,Combined TRACON& Tower with Radar,23,9,6,1,39,0,0,0,4,4,23,9,6,5,43,10,2,12,55
12/12/2021,ACY,NJ,AEA,EN,Combined TRACON& Tower with Radar,19,18,17,8,62,0,0,25,9,34,19,18,42,17,96,0,0,0,96
12/13/2021,ACY,NJ,AEA,EN,Combined TRACON& Tower with Radar,21,10,19,5,55,0,0,32,7,39,21,10,51,12,94,8,22,30,124
12/14/2021,ACY,NJ,AEA,EN,Combined TRACON& Tower with Radar,18,0,14,31,63,0,0,51,19,70,18,0,65,50,133,32,86,118,251
12/15/2021,ACY,NJ,AEA,EN,Combined TRACON& Tower with Radar,11,4,25,44,84,0,0,28,21,49,11,4,53,65,133,14,28,42,175
12/16/2021,ACY,NJ,AEA,EN,Combined TRACON& Tower with Radar,24,7,11,29,71,0,0,25,22,47,24,7,36,51,118,4,30,34,152
12/17/2021,ACY,NJ,AEA,EN,Combined TRACON& Tower with Radar,24,11,14,38,87,0,1,18,19,38,24,12,32,57,125,2,8,10,135
12/18/2021,ACY,NJ,AEA,EN,Combined TRACON& Tower with Radar,19,5,21,10,55,0,0,0,5,5,19,5,21,15,60,0,0,0,60
12/19/2021,ACY,NJ,AEA,EN,Combined TRACON& Tower with Radar,22,9,24,2,57,0,0,18,12,30,22,9,42,14,87,8,2,10,97
12/20/2021,ACY,NJ,AEA,EN,Combined TRACON& Tower with Radar,21,4,22,1,48,0,0,31,19,50,21,4,53,20,98,22,14,36,134
12/21/2021,ACY,NJ,AEA,EN,Combined TRACON& Tower with Radar,20,7,25,21,73,0,0,30,25,55,20,7,55,46,128,34,72,106,234
12/22/2021,ACY,NJ,AEA,EN,Combined TRACON& Tower with Radar,16,6,11,33,66,0,0,7,12,19,16,6,18,45,85,14,42,56,141
12/23/2021,ACY,NJ,AEA,EN,Combined TRACON& Tower with Radar,22,3,15,22,62,0,0,43,19,62,22,3,58,41,124,18,62,80,204
12/24/2021,ACY,NJ,AEA,EN,Combined TRACON& Tower with Radar,17,2,15,0,34,0,0,17,4,21,17,2,32,4,55,0,0,0,55
12/25/2021,ACY,NJ,AEA,EN,Combined TRACON& Tower with Radar,20,3,5,0,28,0,0,2,0,2,20,3,7,0,30,0,0,0,30
12/26/2021,ACY,NJ,AEA,EN,Combined TRACON& Tower with Radar,19,6,10,0,35,0,0,31,11,42,19,6,41,11,77,32,0,32,109
12/27/2021,ACY,NJ,AEA,EN,Combined TRACON& Tower with Radar,19,10,12,2,43,0,0,6,9,15,19,10,18,11,58,0,0,0,58
12/28/2021,ACY,NJ,AEA,EN,Combined TRACON& Tower with Radar,20,14,30,35,99,0,0,41,9,50,20,14,71,44,149,10,62,72,221
12/29/2021,ACY,NJ,AEA,EN,Combined TRACON& Tower with Radar,15,7,19,51,92,0,0,1,6,7,15,7,20,57,99,0,0,0,99
12/30/2021,ACY,NJ,AEA,EN,Combined TRACON& Tower with Radar,15,12,35,15,77,0,0,0,1,1,15,12,35,16,78,10,10,20,98
12/31/2021,ACY,NJ,AEA,EN,Combined TRACON& Tower with Radar,16,16,14,11,57,0,0,1,3,4,16,16,15,14,61,0,14,14,75
01/01/2022,ACY,NJ,AEA,EN,Combined TRACON& Tower with Radar,21,10,9,0,40,0,0,0,0,0,21,10,9,0,40,0,0,0,40
01/02/2022,ACY,NJ,AEA,EN,Combined TRACON& Tower with Radar,20,27,20,7,74,0,0,9,9,18,20,27,29,16,92,12,6,18,110
01/03/2022,ACY,NJ,AEA,EN,Combined TRACON& Tower with Radar,7,1,0,0,8,0,0,2,2,4,7,1,2,2,12,0,0,0,12
01/04/2022,ACY,NJ,AEA,EN,Combined TRACON& Tower with Radar,19,18,24,12,73,0,0,37,2,39,19,18,61,14,112,6,6,12,124
01/05/2022,ACY,NJ,AEA,EN,Combined TRACON& Tower with Radar,11,3,9,6,29,0,0,1,4,5,11,3,10,10,34,0,0,0,34
01/06/2022,ACY,NJ,AEA,EN,Combined TRACON& Tower with Radar,23,4,20,22,69,0,0,44,23,67,23,4,64,45,136,38,36,74,210
01/07/2022,ACY,NJ,AEA,EN,Combined TRACON& Tower with Radar,18,12,6,14,50,0,0,7,9,16,18,12,13,23,66,0,6,6,72
01/08/2022,ACY,NJ,AEA,EN,Combined TRACON& Tower with Radar,19,7,25,25,76,0,1,25,16,42,19,8,50,41,118,0,14,14,132
01/09/2022,ACY,NJ,AEA,EN,Combined TRACON& Tower with Radar,21,12,13,9,55,0,0,3,6,9,21,12,16,15,64,0,0,0,64
01/10/2022,ACY,NJ,AEA,EN,Combined TRACON& Tower with Radar,22,5,20,23,70,0,1,19,24,44,22,6,39,47,114,0,6,6,120
01/11/2022,ACY,NJ,AEA,EN,Combined TRACON& Tower with Radar,10,0,13,14,37,0,0,21,21,42,10,0,34,35,79,0,0,0,79
01/12/2022,ACY,NJ,AEA,EN,Combined TRACON& Tower with Radar,10,1,20,16,47,0,0,27,35,62,10,1,47,51,109,6,0,6,115
01/13/2022,ACY,NJ,AEA,EN,Combined TRACON& Tower with Radar,19,12,49,27,107,0,1,46,31,78,19,13,95,58,185,32,36,68,253
01/14/2022,ACY,NJ,AEA,EN,Combined TRACON& Tower with Radar,22,21,16,2,61,0,4,9,26,39,22,25,25,28,100,2,14,16,116
01/15/2022,ACY,NJ,AEA,EN,Combined TRACON& Tower with Radar,20,9,13,4,46,0,2,30,4,36,20,11,43,8,82,34,16,50,132
01/16/2022,ACY,NJ,AEA,EN,Combined TRACON& Tower with Radar,20,22,10,2,54,0,0,6,3,9,20,22,16,5,63,0,0,0,63
01/17/2022,ACY,NJ,AEA,EN,Combined TRACON& Tower with Radar,21,6,3,0,30,0,0,0,2,2,21,6,3,2,32,0,0,0,32
01/18/2022,ACY,NJ,AEA,EN,Combined TRACON& Tower with Radar,9,3,16,37,65,0,0,14,37,51,9,3,30,74,116,26,54,80,196
01/19/2022,ACY,NJ,AEA,EN,Combined TRACON& Tower with Radar,12,5,32,56,105,0,0,23,24,47,12,5,55,80,152,14,84,98,250
01/20/2022,ACY,NJ,AEA,EN,Combined TRACON& Tower with Radar,22,5,7,15,49,0,0,1,22,23,22,5,8,37,72,0,66,66,138
01/21/2022,ACY,NJ,AEA,EN,Combined TRACON& Tower with Radar,23,12,25,14,74,0,0,21,28,49,23,12,46,42,123,14,58,72,195
01/22/2022,ACY,NJ,AEA,EN,Combined TRACON& Tower with Radar,18,11,31,0,60,0,1,38,7,46,18,12,69,7,106,20,6,26,132
01/23/2022,ACY,NJ,AEA,EN,Combined TRACON& Tower with Radar,21,13,25,3,62,0,0,39,7,46,21,13,64,10,108,8,0,8,116
01/24/2022,ACY,NJ,AEA,EN,Combined TRACON& Tower with Radar,21,6,34,6,67,0,0,34,18,52,21,6,68,24,119,12,0,12,131
01/25/2022,ACY,NJ,AEA,EN,Combined TRACON& Tower with Radar,9,7,37,49,102,0,0,32,24,56,9,7,69,73,158,24,52,76,234
01/26/2022,ACY,NJ,AEA,EN,Combined TRACON& Tower with Radar,11,5,25,27,68,0,0,33,35,68,11,5,58,62,136,8,42,50,186
01/27/2022,ACY,NJ,AEA,EN,Combined TRACON& Tower with Radar,22,10,32,36,100,0,2,36,26,64,22,12,68,62,164,16,50,66,230
01/28/2022,ACY,NJ,AEA,EN,Combined TRACON& Tower with Radar,15,29,18,7,69,0,3,11,16,30,15,32,29,23,99,24,18,42,141
01/29/2022,ACY,NJ,AEA,EN,Combined TRACON& Tower with Radar,5,0,0,0,5,0,0,1,0,1,5,0,1,0,6,0,0,0,6
01/30/2022,ACY,NJ,AEA,EN,Combined TRACON& Tower with Radar,26,32,22,2,82,0,0,16,2,18,26,32,38,4,100,0,0,0,100
01/31/2022,ACY,NJ,AEA,EN,Combined TRACON& Tower with Radar,19,6,8,4,37,0,0,25,10,35,19,6,33,14,72,0,0,0,72
02/01/2022,ACY,NJ,AEA,EN,Combined TRACON& Tower with Radar,11,10,22,17,60,0,0,14,32,46,11,10,36,49,106,30,22,52,158
02/02/2022,ACY,NJ,AEA,EN,Combined TRACON& Tower with Radar,6,2,11,9,28,0,0,0,10,10,6,2,11,19,38,0,6,6,44
02/03/2022,ACY,NJ,AEA,EN,Combined TRACON& Tower with Radar,20,3,9,13,45,0,0,1,13,14,20,3,10,26,59,0,32,32,91
02/04/2022,ACY,NJ,AEA,EN,Combined TRACON& Tower with Radar,24,0,9,8,41,0,0,0,0,0,24,0,9,8,41,0,0,0,41
02/05/2022,ACY,NJ,AEA,EN,Combined TRACON& Tower with Radar,13,4,8,10,35,0,2,16,5,23,13,6,24,15,58,32,18,50,108
02/06/2022,ACY,NJ,AEA,EN,Combined TRACON& Tower with Radar,22,6,36,18,82,0,0,47,14,61,22,6,83,32,143,26,28,54,197
02/07/2022,ACY,NJ,AEA,EN,Combined TRACON& Tower with Radar,22,4,15,12,53,0,0,0,0,0,22,4,15,12,53,0,0,0,53
02/08/2022,ACY,NJ,AEA,EN,Combined TRACON& Tower with Radar,14,4,32,47,97,0,0,47,30,77,14,4,79,77,174,14,82,96,270
02/09/2022,ACY,NJ,AEA,EN,Combined TRACON& Tower with Radar,9,8,29,30,76,0,0,65,29,94,9,8,94,59,170,12,84,96,266
02/10/2022,ACY,NJ,AEA,EN,Combined TRACON& Tower with Radar,22,11,16,37,86,0,0,32,33,65,22,11,48,70,151,20,62,82,233
02/11/2022,ACY,NJ,AEA,EN,Combined TRACON& Tower with Radar,22,21,33,11,87,0,0,36,15,51,22,21,69,26,138,22,32,54,192
02/12/2022,ACY,NJ,AEA,EN,Combined TRACON& Tower with Radar,20,10,32,2,64,0,0,36,7,43,20,10,68,9,107,8,56,64,171
02/13/2022,ACY,NJ,AEA,EN,Combined TRACON& Tower with Radar,20,19,8,0,47,0,0,0,1,1,20,19,8,1,48,0,0,0,48
02/14/2022,ACY,NJ,AEA,EN,Combined TRACON& Tower with Radar,19,2,26,8,55,0,0,16,40,56,19,2,42,48,111,32,14,46,157
02/15/2022,ACY,NJ,AEA,EN,Combined TRACON& Tower with Radar,12,5,27,29,73,1,2,56,28,87,13,7,83,57,160,118,84,202,362
02/16/2022,ACY,NJ,AEA,EN,Combined TRACON& Tower with Radar,17,9,26,64,116,0,4,32,34,70,17,13,58,98,186,62,102,164,350
02/17/2022,ACY,NJ,AEA,EN,Combined TRACON& Tower with Radar,23,6,16,32,77,0,1,9,27,37,23,7,25,59,114,2,94,96,210
02/18/2022,ACY,NJ,AEA,EN,Combined TRACON& Tower with Radar,22,15,7,7,51,0,0,8,17,25,22,15,15,24,76,14,0,14,90
02/19/2022,ACY,NJ,AEA,EN,Combined TRACON& Tower with Radar,25,7,12,3,47,0,0,5,7,12,25,7,17,10,59,0,14,14,73
02/20/2022,ACY,NJ,AEA,EN,Combined TRACON& Tower with Radar,22,17,25,5,69,0,0,66,7,73,22,17,91,12,142,26,0,26,168
02/21/2022,ACY,NJ,AEA,EN,Combined TRACON& Tower with Radar,26,8,27,0,61,0,0,47,3,50,26,8,74,3,111,0,0,0,111
02/22/2022,ACY,NJ,AEA,EN,Combined TRACON& Tower with Radar,16,7,16,13,52,0,0,3,25,28,16,7,19,38,80,8,30,38,118
02/23/2022,ACY,NJ,AEA,EN,Combined TRACON& Tower with Radar,18,4,16,19,57,0,0,19,19,38,18,4,35,38,95,0,40,40,135
02/24/2022,ACY,NJ,AEA,EN,Combined TRACON& Tower with Radar,24,11,6,18,59,0,3,19,34,56,24,14,25,52,115,4,38,42,157
02/25/2022,ACY,NJ,AEA,EN,Combined TRACON& Tower with Radar,23,19,13,4,59,0,0,3,11,14,23,19,16,15,73,0,12,12,85
02/26/2022,ACY,NJ,AEA,EN,Combined TRACON& Tower with Radar,23,14,41,3,81,0,0,45,4,49,23,14,86,7,130,0,0,0,130
02/27/2022,ACY,NJ,AEA,EN,Combined TRACON& Tower with Radar,23,27,31,0,81,0,0,14,6,20,23,27,45,6,101,12,0,12,113
02/28/2022,ACY,NJ,AEA,EN,Combined TRACON& Tower with Radar,24,7,26,59,116,0,0,50,41,91,24,7,76,100,207,2,20,22,229
03/01/2022,ACY,NJ,AEA,EN,Combined TRACON& Tower with Radar,19,6,27,36,88,0,0,36,36,72,19,6,63,72,160,18,50,68,228
03/02/2022,ACY,NJ,AEA,EN,Combined TRACON& Tower with Radar,17,2,23,15,57,0,2,41,23,66,17,4,64,38,123,36,82,118,241
03/03/2022,ACY,NJ,AEA,EN,Combined TRACON& Tower with Radar,24,11,21,29,85,0,0,21,31,52,24,11,42,60,137,22,92,114,251
03/04/2022,ACY,NJ,AEA,EN,Combined TRACON& Tower with Radar,22,14,16,19,71,0,0,39,5,44,22,14,55,24,115,30,10,40,155
03/05/2022,ACY,NJ,AEA,EN,Combined TRACON& Tower with Radar,21,10,28,3,62,0,0,39,8,47,21,10,67,11,109,8,0,8,117
03/06/2022,ACY,NJ,AEA,EN,Combined TRACON& Tower with Radar,23,18,19,8,68,0,0,8,11,19,23,18,27,19,87,0,8,8,95
03/07/2022,ACY,NJ,AEA,EN,Combined TRACON& Tower with Radar,23,7,8,16,54,0,0,3,16,19,23,7,11,32,73,0,0,0,73
03/08/2022,ACY,NJ,AEA,EN,Combined TRACON& Tower with Radar,20,2,13,33,68,0,2,24,30,56,20,4,37,63,124,0,88,88,212
03/09/2022,ACY,NJ,AEA,EN,Combined TRACON& Tower with Radar,15,3,3,6,27,0,0,3,13,16,15,3,6,19,43,2,58,60,103
03/10/2022,ACY,NJ,AEA,EN,Combined TRACON& Tower with Radar,24,8,23,36,91,0,0,35,37,72,24,8,58,73,163,10,78,88,251
03/11/2022,ACY,NJ,AEA,EN,Combined TRACON& Tower with Radar,23,23,22,7,75,0,1,30,28,59,23,24,52,35,134,34,70,104,238
03/12/2022,ACY,NJ,AEA,EN,Combined TRACON& Tower with Radar,18,11,5,0,34,0,0,0,0,0,18,11,5,0,34,0,0,0,34
03/13/2022,ACY,NJ,AEA,EN,Combined TRACON& Tower with Radar,13,26,13,0,52,0,0,5,5,10,13,26,18,5,62,12,0,12,74
03/14/2022,ACY,NJ,AEA,EN,Combined TRACON& Tower with Radar,24,8,28,21,81,0,0,26,15,41,24,8,54,36,122,0,36,36,158
03/15/2022,ACY,NJ,AEA,EN,Combined TRACON& Tower with Radar,13,7,22,20,62,0,0,41,23,64,13,7,63,43,126,12,54,66,192
03/16/2022,ACY,NJ,AEA,EN,Combined TRACON& Tower with Radar,15,7,41,42,105,0,0,38,27,65,15,7,79,69,170,10,40,50,220
03/17/2022,ACY,NJ,AEA,EN,Combined TRACON& Tower with Radar,27,12,14,57,110,0,0,0,4,4,27,12,14,61,114,0,10,10,124
03/18/2022,ACY,NJ,AEA,EN,Combined TRACON& Tower with Radar,20,27,30,20,97,0,0,28,18,46,20,27,58,38,143,36,40,76,219
03/19/2022,ACY,NJ,AEA,EN,Combined TRACON& Tower with Radar,15,15,18,9,57,0,0,7,10,17,15,15,25,19,74,0,24,24,98
03/20/2022,ACY,NJ,AEA,EN,Combined TRACON& Tower with Radar,23,26,22,15,86,0,0,23,8,31,23,26,45,23,117,0,12,12,129
03/21/2022,ACY,NJ,AEA,EN,Combined TRACON& Tower with Radar,26,12,19,22,79,0,0,25,27,52,26,12,44,49,131,14,38,52,183
03/22/2022,ACY,NJ,AEA,EN,Combined TRACON& Tower with Radar,12,5,35,34,86,0,3,57,50,110,12,8,92,84,196,14,62,76,272
03/23/2022,ACY,NJ,AEA,EN,Combined TRACON& Tower with Radar,18,7,28,30,83,0,0,24,32,56,18,7,52,62,139,18,16,34,173
03/24/2022,ACY,NJ,AEA,EN,Combined TRACON& Tower with Radar,24,8,6,0,38,0,0,0,10,10,24,8,6,10,48,0,0,0,48
03/25/2022,ACY,NJ,AEA,EN,Combined TRACON& Tower with Radar,23,20,42,8,93,0,0,45,30,75,23,20,87,38,168,24,18,42,210
03/26/2022,ACY,NJ,AEA,EN,Combined TRACON& Tower with Radar,19,6,12,0,37,0,1,5,5,11,19,7,17,5,48,6,0,6,54
03/27/2022,ACY,NJ,AEA,EN,Combined TRACON& Tower with Radar,18,25,8,1,52,0,0,24,7,31,18,25,32,8,83,8,0,8,91
03/28/2022,ACY,NJ,AEA,EN,Combined TRACON& Tower with Radar,24,9,9,23,65,0,2,7,34,43,24,11,16,57,108,0,28,28,136
03/29/2022,ACY,NJ,AEA,EN,Combined TRACON& Tower with Radar,16,9,17,41,83,0,0,21,31,52,16,9,38,72,135,0,32,32,167
03/30/2022,ACY,NJ,AEA,EN,Combined TRACON& Tower with Radar,15,4,24,56,99,0,0,29,22,51,15,4,53,78,150,12,40,52,202
03/31/2022,ACY,NJ,AEA,EN,Combined TRACON& Tower with Radar,21,6,12,7,46,0,0,1,5,6,21,6,13,12,52,0,0,0,52
04/01/2022,ACY,NJ,AEA,EN,Combined TRACON& Tower with Radar,24,6,5,11,46,0,0,2,22,24,24,6,7,33,70,0,20,20,90
04/02/2022,ACY,NJ,AEA,EN,Combined TRACON& Tower with Radar,18,9,33,7,67,0,0,50,5,55,18,9,83,12,122,16,4,20,142
04/03/2022,ACY,NJ,AEA,EN,Combined TRACON& Tower with Radar,18,15,14,0,47,0,0,5,6,11,18,15,19,6,58,0,0,0,58
04/04/2022,ACY,NJ,AEA,EN,Combined TRACON& Tower with Radar,17,11,12,8,48,0,0,41,24,65,17,11,53,32,113,44,30,74,187
04/05/2022,ACY,NJ,AEA,EN,Combined TRACON& Tower with Radar,15,2,16,18,51,0,0,19,22,41,15,2,35,40,92,0,8,8,100
04/06/2022,ACY,NJ,AEA,EN,Combined TRACON& Tower with Radar,14,5,22,19,60,0,0,2,8,10,14,5,24,27,70,16,34,50,120
04/07/2022,ACY,NJ,AEA,EN,Combined TRACON& Tower with Radar,19,3,5,0,27,0,0,0,4,4,19,3,5,4,31,8,38,46,77
04/08/2022,ACY,NJ,AEA,EN,Combined TRACON& Tower with Radar,24,24,38,7,93,0,0,43,33,76,24,24,81,40,169,18,62,80,249
04/09/2022,ACY,NJ,AEA,EN,Combined TRACON& Tower with Radar,24,11,36,5,76,0,0,27,16,43,24,11,63,21,119,53,8,61,180
04/10/2022,ACY,NJ,AEA,EN,Combined TRACON& Tower with Radar,15,24,29,5,73,0,0,21,9,30,15,24,50,14,103,26,8,34,137
04/11/2022,ACY,NJ,AEA,EN,Combined TRACON& Tower with Radar,20,4,22,30,76,0,2,40,39,81,20,6,62,69,157,12,32,44,201
04/12/2022,ACY,NJ,AEA,EN,Combined TRACON& Tower with Radar,16,11,13,24,64,0,0,25,31,56,16,11,38,55,120,26,60,86,206
04/13/2022,ACY,NJ,AEA,EN,Combined TRACON& Tower with Radar,16,11,32,62,121,0,2,39,30,71,16,13,71,92,192,2,32,34,226
04/14/2022,ACY,NJ,AEA,EN,Combined TRACON& Tower with Radar,26,14,16,6,62,0,3,30,28,61,26,17,46,34,123,6,18,24,147
04/15/2022,ACY,NJ,AEA,EN,Combined TRACON& Tower with Radar,18,15,24,5,62,0,2,55,12,69,18,17,79,17,131,10,22,32,163
04/16/2022,ACY,NJ,AEA,EN,Combined TRACON& Tower with Radar,21,8,15,0,44,0,0,7,2,9,21,8,22,2,53,0,0,0,53
04/17/2022,ACY,NJ,AEA,EN,Combined TRACON& Tower with Radar,19,12,20,2,53,0,0,14,2,16,19,12,34,4,69,0,0,0,69
04/18/2022,ACY,NJ,AEA,EN,Combined TRACON& Tower with Radar,26,7,18,4,55,0,0,9,9,18,26,7,27,13,73,6,0,6,79
04/19/2022,ACY,NJ,AEA,EN,Combined TRACON& Tower with Radar,14,1,8,15,38,0,0,6,35,41,14,1,14,50,79,10,50,60,139
04/20/2022,ACY,NJ,AEA,EN,Combined TRACON& Tower with Radar,23,4,22,10,59,0,1,37,21,59,23,5,59,31,118,76,24,100,218
04/21/2022,ACY,NJ,AEA,EN,Combined TRACON& Tower with Radar,23,8,14,40,85,1,1,44,32,78,24,9,58,72,163,14,52,66,229
04/22/2022,ACY,NJ,AEA,EN,Combined TRACON& Tower with Radar,20,27,24,8,79,0,0,26,36,62,20,27,50,44,141,22,8,30,171
04/23/2022,ACY,NJ,AEA,EN,Combined TRACON& Tower with Radar,23,12,21,0,56,0,2,47,5,54,23,14,68,5,110,36,0,36,146
04/24/2022,ACY,NJ,AEA,EN,Combined TRACON& Tower with Radar,23,24,23,0,70,0,0,40,9,49,23,24,63,9,119,28,0,28,147
04/25/2022,ACY,NJ,AEA,EN,Combined TRACON& Tower with Radar,24,6,19,34,83,0,1,7,22,30,24,7,26,56,113,14,0,14,127
04/26/2022,ACY,NJ,AEA,EN,Combined TRACON& Tower with Radar,18,7,27,25,77,0,0,6,24,30,18,7,33,49,107,0,78,78,185
04/27/2022,ACY,NJ,AEA,EN,Combined TRACON& Tower with Radar,21,6,21,16,64,0,2,7,20,29,21,8,28,36,93,20,42,62,155
04/28/2022,ACY,NJ,AEA,EN,Combined TRACON& Tower with Radar,26,6,20,44,96,0,0,15,33,48,26,6,35,77,144,0,92,92,236
04/29/2022,ACY,NJ,AEA,EN,Combined TRACON& Tower with Radar,25,19,37,6,87,0,0,31,29,60,25,19,68,35,147,0,16,16,163
04/30/2022,ACY,NJ,AEA,EN,Combined TRACON& Tower with Radar,22,14,25,6,67,0,3,46,13,62,22,17,71,19,129,0,8,8,137
05/01/2022,ACY,NJ,AEA,EN,Combined TRACON& Tower with Radar,23,23,27,0,73,0,0,26,15,41,23,23,53,15,114,18,0,18,132
05/02/2022,ACY,NJ,AEA,EN,Combined TRACON& Tower with Radar,23,11,26,21,81,1,0,9,17,27,24,11,35,38,108,0,50,50,158
05/03/2022,ACY,NJ,AEA,EN,Combined TRACON& Tower with Radar,23,0,26,27,76,0,1,21,7,29,23,1,47,34,105,2,30,32,137
05/04/2022,ACY,NJ,AEA,EN,Combined TRACON& Tower with Radar,19,10,28,26,83,0,1,4,19,24,19,11,32,45,107,10,40,50,157
05/05/2022,ACY,NJ,AEA,EN,Combined TRACON& Tower with Radar,25,8,38,18,89,0,2,49,18,69,25,10,87,36,158,20,70,90,248
05/06/2022,ACY,NJ,AEA,EN,Combined TRACON& Tower with Radar,18,9,30,22,79,0,0,3,11,14,18,9,33,33,93,16,0,16,109
05/07/2022,ACY,NJ,AEA,EN,Combined TRACON& Tower with Radar,28,5,10,0,43,0,0,0,0,0,28,5,10,0,43,0,0,0,43
05/08/2022,ACY,NJ,AEA,EN,Combined TRACON& Tower with Radar,20,13,19,0,52,0,0,0,2,2,20,13,19,2,54,0,0,0,54
05/09/2022,ACY,NJ,AEA,EN,Combined TRACON& Tower with Radar,21,6,18,11,56,0,0,10,32,42,21,6,28,43,98,0,8,8,106
05/10/2022,ACY,NJ,AEA,EN,Combined TRACON& Tower with Radar,21,2,19,5,47,0,0,16,29,45,21,2,35,34,92,18,14,32,124
05/11/2022,ACY,NJ,AEA,EN,Combined TRACON& Tower with Radar,26,6,17,6,55,0,0,20,26,46,26,6,37,32,101,84,44,128,229
05/12/2022,ACY,NJ,AEA,EN,Combined TRACON& Tower with Radar,22,11,45,22,100,0,0,2,7,9,22,11,47,29,109,28,55,83,192
05/13/2022,ACY,NJ,AEA,EN,Combined TRACON& Tower with Radar,16,15,50,17,98,0,0,0,0,0,16,15,50,17,98,0,0,0,98
05/14/2022,ACY,NJ,AEA,EN,Combined TRACON& Tower with Radar,20,7,9,0,36,0,0,0,0,0,20,7,9,0,36,0,0,0,36
05/15/2022,ACY,NJ,AEA,EN,Combined TRACON& Tower with Radar,20,22,43,0,85,0,0,19,10,29,20,22,62,10,114,34,0,34,148
05/16/2022,ACY,NJ,AEA,EN,Combined TRACON& Tower with Radar,21,5,12,0,38,0,0,11,9,20,21,5,23,9,58,30,14,44,102
05/17/2022,ACY,NJ,AEA,EN,Combined TRACON& Tower with Radar,24,8,19,31,82,0,1,27,30,58,24,9,46,61,140,28,64,92,232
05/18/2022,ACY,NJ,AEA,EN,Combined TRACON& Tower with Radar,25,6,25,12,68,0,2,42,32,76,25,8,67,44,144,38,20,58,202
05/19/2022,ACY,NJ,AEA,EN,Combined TRACON& Tower with Radar,20,18,28,33,99,0,0,21,25,46,20,18,49,58,145,12,36,48,193
05/20/2022,ACY,NJ,AEA,EN,Combined TRACON& Tower with Radar,17,19,26,18,80,0,0,20,23,43,17,19,46,41,123,0,8,8,131
05/21/2022,ACY,NJ,AEA,EN,Combined TRACON& Tower with Radar,25,15,32,10,82,0,2,46,15,63,25,17,78,25,145,16,24,40,185
05/22/2022,ACY,NJ,AEA,EN,Combined TRACON& Tower with Radar,18,34,15,8,75,0,0,32,7,39,18,34,47,15,114,8,0,8,122
05/23/2022,ACY,NJ,AEA,EN,Combined TRACON& Tower with Radar,20,6,22,27,75,0,0,34,25,59,20,6,56,52,134,0,44,44,178
05/24/2022,ACY,NJ,AEA,EN,Combined TRACON& Tower with Radar,19,4,30,15,68,0,0,40,31,71,19,4,70,46,139,0,40,40,179
05/25/2022,ACY,NJ,AEA,EN,Combined TRACON& Tower with Radar,20,7,33,20,80,0,0,47,23,70,20,7,80,43,150,28,48,76,226
05/26/2022,ACY,NJ,AEA,EN,Combined TRACON& Tower with Radar,18,16,37,34,105,0,2,13,27,42,18,18,50,61,147,14,28,42,189
05/27/2022,ACY,NJ,AEA,EN,Combined TRACON& Tower with Radar,19,25,25,1,70,0,0,2,4,6,19,25,27,5,76,0,12,12,88
05/28/2022,ACY,NJ,AEA,EN,Combined TRACON& Tower with Radar,25,12,25,1,63,0,0,39,6,45,25,12,64,7,108,0,0,0,108
05/29/2022,ACY,NJ,AEA,EN,Combined TRACON& Tower with Radar,15,22,19,3,59,0,0,43,12,55,15,22,62,15,114,4,0,4,118
05/30/2022,ACY,NJ,AEA,EN,Combined TRACON& Tower with Radar,20,13,20,1,54,0,1,41,9,51,20,14,61,10,105,36,0,36,141
05/31/2022,ACY,NJ,AEA,EN,Combined TRACON& Tower with Radar,18,6,19,35,78,0,0,54,24,78,18,6,73,59,156,0,34,34,190
06/01/2022,ACY,NJ,AEA,EN,Combined TRACON& Tower with Radar,17,10,41,35,103,0,2,11,5,18,17,12,52,40,121,20,8,28,149
06/02/2022,ACY,NJ,AEA,EN,Combined TRACON& Tower with Radar,24,16,21,10,71,0,0,8,12,20,24,16,29,22,91,6,12,18,109
06/03/2022,ACY,NJ,AEA,EN,Combined TRACON& Tower with Radar,19,20,49,21,109,0,0,14,16,30,19,20,63,37,139,16,6,22,161
06/04/2022,ACY,NJ,AEA,EN,Combined TRACON& Tower with Radar,18,11,29,2,60,0,2,53,2,57,18,13,82,4,117,0,0,0,117
06/05/2022,ACY,NJ,AEA,EN,Combined TRACON& Tower with Radar,24,21,16,0,61,0,2,45,11,58,24,23,61,11,119,18,0,18,137
06/06/2022,ACY,NJ,AEA,EN,Combined TRACON& Tower with Radar,22,10,29,20,81,0,2,65,34,101,22,12,94,54,182,52,20,72,254
06/07/2022,ACY,NJ,AEA,EN,Combined TRACON& Tower with Radar,24,8,30,18,80,0,1,28,33,62,24,9,58,51,142,54,20,74,216
06/08/2022,ACY,NJ,AEA,EN,Combined TRACON& Tower with Radar,24,4,40,6,74,0,0,31,19,50,24,4,71,25,124,24,0,24,148
06/09/2022,ACY,NJ,AEA,EN,Combined TRACON& Tower with Radar,28,8,17,9,62,0,0,23,19,42,28,8,40,28,104,6,0,6,110
06/10/2022,ACY,NJ,AEA,EN,Combined TRACON& Tower with Radar,24,9,36,23,92,0,0,43,24,67,24,9,79,47,159,32,20,52,211
06/11/2022,ACY,NJ,AEA,EN,Combined TRACON& Tower with Radar,24,9,35,4,72,0,0,32,7,39,24,9,67,11,111,6,0,6,117
06/12/2022,ACY,NJ,AEA,EN,Combined TRACON& Tower with Radar,27,10,23,5,65,0,2,8,4,14,27,12,31,9,79,3,0,3,82
06/13/2022,ACY,NJ,AEA,EN,Combined TRACON& Tower with Radar,24,13,28,9,74,0,0,38,17,55,24,13,66,26,129,0,8,8,137
06/14/2022,ACY,NJ,AEA,EN,Combined TRACON& Tower with Radar,24,1,27,16,68,0,0,33,18,51,24,1,60,34,119,24,16,40,159
06/15/2022,ACY,NJ,AEA,EN,Combined TRACON& Tower with Radar,20,6,36,16,78,0,1,45,31,77,20,7,81,47,155,18,28,46,201
06/16/2022,ACY,NJ,AEA,EN,Combined TRACON& Tower with Radar,24,13,33,16,86,0,0,14,21,35,24,13,47,37,121,6,30,36,157
06/17/2022,ACY,NJ,AEA,EN,Combined TRACON& Tower with Radar,22,23,30,6,81,0,0,28,15,43,22,23,58,21,124,10,14,24,148
06/18/2022,ACY,NJ,AEA,EN,Combined TRACON& Tower with Radar,24,23,22,0,69,0,1,21,9,31,24,24,43,9,100,0,0,0,100
06/19/2022,ACY,NJ,AEA,EN,Combined TRACON& Tower with Radar,25,23,24,1,73,0,1,19,12,32,25,24,43,13,105,2,16,18,123
06/20/2022,ACY,NJ,AEA,EN,Combined TRACON& Tower with Radar,21,15,37,0,73,0,0,40,17,57,21,15,77,17,130,72,0,72,202
06/21/2022,ACY,NJ,AEA,EN,Combined TRACON& Tower with Radar,28,13,13,32,86,0,0,27,35,62,28,13,40,67,148,84,24,108,256
06/22/2022,ACY,NJ,AEA,EN,Combined TRACON& Tower with Radar,22,10,41,25,98,0,0,5,17,22,22,10,46,42,120,0,0,0,120
06/23/2022,ACY,NJ,AEA,EN,Combined TRACON& Tower with Radar,25,20,46,17,108,0,1,10,34,45,25,21,56,51,153,36,12,48,201
06/24/2022,ACY,NJ,AEA,EN,Combined TRACON& Tower with Radar,21,24,42,22,109,0,1,49,21,71,21,25,91,43,180,12,28,40,220
06/25/2022,ACY,NJ,AEA,EN,Combined TRACON& Tower with Radar,24,22,34,0,80,0,0,50,4,54,24,22,84,4,134,8,0,8,142
06/26/2022,ACY,NJ,AEA,EN,Combined TRACON& Tower with Radar,25,23,60,0,108,0,0,54,7,61,25,23,114,7,169,0,0,0,169
06/27/2022,ACY,NJ,AEA,EN,Combined TRACON& Tower with Radar,19,14,32,2,67,0,1,11,22,34,19,15,43,24,101,42,0,42,143
06/28/2022,ACY,NJ,AEA,EN,Combined TRACON& Tower with Radar,28,12,21,41,102,0,1,41,36,78,28,13,62,77,180,2,32,34,214
06/29/2022,ACY,NJ,AEA,EN,Combined TRACON& Tower with Radar,24,3,19,49,95,0,0,49,45,94,24,3,68,94,189,18,60,78,267
06/30/2022,ACY,NJ,AEA,EN,Combined TRACON& Tower with Radar,24,19,24,15,82,0,0,33,24,57,24,19,57,39,139,10,32,42,181
07/01/2022,ACY,NJ,AEA,EN,Combined TRACON& Tower with Radar,21,24,34,26,105,0,0,45,7,52,21,24,79,33,157,8,36,44,201
07/02/2022,ACY,NJ,AEA,EN,Combined TRACON& Tower with Radar,23,13,12,1,49,0,0,29,5,34,23,13,41,6,83,0,0,0,83
07/03/2022,ACY,NJ,AEA,EN,Combined TRACON& Tower with Radar,27,14,34,1,76,0,0,23,3,26,27,14,57,4,102,0,0,0,102
07/04/2022,ACY,NJ,AEA,EN,Combined TRACON& Tower with Radar,21,9,25,0,55,0,0,52,8,60,21,9,77,8,115,4,0,4,119
07/05/2022,ACY,NJ,AEA,EN,Combined TRACON& Tower with Radar,24,8,27,3,62,0,0,20,17,37,24,8,47,20,99,4,0,4,103
07/06/2022,ACY,NJ,AEA,EN,Combined TRACON& Tower with Radar,20,19,31,15,85,0,0,14,37,51,20,19,45,52,136,2,74,76,212
07/07/2022,ACY,NJ,AEA,EN,Combined TRACON& Tower with Radar,27,18,28,42,115,0,0,4,11,15,27,18,32,53,130,6,56,62,192
07/08/2022,ACY,NJ,AEA,EN,Combined TRACON& Tower with Radar,23,17,33,8,81,0,0,39,5,44,23,17,72,13,125,68,0,68,193
07/09/2022,ACY,NJ,AEA,EN,Combined TRACON& Tower with Radar,20,12,34,6,72,0,0,26,3,29,20,12,60,9,101,24,0,24,125
07/10/2022,ACY,NJ,AEA,EN,Combined TRACON& Tower with Radar,26,18,35,2,81,0,0,34,11,45,26,18,69,13,126,6,0,6,132
07/11/2022,ACY,NJ,AEA,EN,Combined TRACON& Tower with Radar,24,13,15,26,78,0,3,50,30,83,24,16,65,56,161,24,134,158,319
07/12/2022,ACY,NJ,AEA,EN,Combined TRACON& Tower with Radar,26,15,26,24,91,0,0,30,36,66,26,15,56,60,157,48,66,114,271
07/13/2022,ACY,NJ,AEA,EN,Combined TRACON& Tower with Radar,20,11,13,31,75,0,0,50,35,85,20,11,63,66,160,58,82,140,300
07/14/2022,ACY,NJ,AEA,EN,Combined TRACON& Tower with Radar,30,12,43,34,119,0,0,45,24,69,30,12,88,58,188,38,46,84,272
07/15/2022,ACY,NJ,AEA,EN,Combined TRACON& Tower with Radar,20,25,22,33,100,0,0,37,34,71,20,25,59,67,171,0,30,30,201
07/16/2022,ACY,NJ,AEA,EN,Combined TRACON& Tower with Radar,29,11,16,6,62,0,0,28,13,41,29,11,44,19,103,0,20,20,123
07/17/2022,ACY,NJ,AEA,EN,Combined TRACON& Tower with Radar,27,32,31,6,96,0,0,30,4,34,27,32,61,10,130,6,0,6,136
07/18/2022,ACY,NJ,AEA,EN,Combined TRACON& Tower with Radar,21,13,19,5,58,0,2,15,17,34,21,15,34,22,92,0,0,0,92
07/19/2022,ACY,NJ,AEA,EN,Combined TRACON& Tower with Radar,29,10,41,21,101,0,1,59,40,100,29,11,100,61,201,162,34,196,397
07/20/2022,ACY,NJ,AEA,EN,Combined TRACON& Tower with Radar,21,14,40,16,91,0,0,48,18,66,21,14,88,34,157,6,12,18,175
07/21/2022,ACY,NJ,AEA,EN,Combined TRACON& Tower with Radar,29,24,32,29,114,0,1,31,29,61,29,25,63,58,175,40,26,66,241
07/22/2022,ACY,NJ,AEA,EN,Combined TRACON& Tower with Radar,24,17,47,27,115,0,0,69,26,95,24,17,116,53,210,20,86,106,316
07/23/2022,ACY,NJ,AEA,EN,Combined TRACON& Tower with Radar,24,12,29,0,65,0,3,47,3,53,24,15,76,3,118,0,0,0,118
07/24/2022,ACY,NJ,AEA,EN,Combined TRACON& Tower with Radar,24,23,25,1,73,0,2,31,4,37,24,25,56,5,110,0,0,0,110
07/25/2022,ACY,NJ,AEA,EN,Combined TRACON& Tower with Radar,23,20,24,4,71,0,0,17,14,31,23,20,41,18,102,8,32,40,142
07/26/2022,ACY,NJ,AEA,EN,Combined TRACON& Tower with Radar,25,15,28,21,89,0,2,39,25,66,25,17,67,46,155,56,12,68,223
07/27/2022,ACY,NJ,AEA,EN,Combined TRACON& Tower with Radar,26,28,30,20,104,0,0,59,29,88,26,28,89,49,192,24,52,76,268
07/28/2022,ACY,NJ,AEA,EN,Combined TRACON& Tower with Radar,26,23,34,21,104,0,0,32,17,49,26,23,66,38,153,54,56,110,263
07/29/2022,ACY,NJ,AEA,EN,Combined TRACON& Tower with Radar,22,23,50,23,118,0,0,50,27,77,22,23,100,50,195,22,22,44,239
07/30/2022,ACY,NJ,AEA,EN,Combined TRACON& Tower with Radar,20,23,24,2,69,0,0,42,11,53,20,23,66,13,122,8,0,8,130
07/31/2022,ACY,NJ,AEA,EN,Combined TRACON& Tower with Radar,28,15,35,0,78,0,0,33,4,37,28,15,68,4,115,14,4,18,133
08/01/2022,ACY,NJ,AEA,EN,Combined TRACON& Tower with Radar,22,17,45,23,107,0,0,8,24,32,22,17,53,47,139,54,6,60,199
08/02/2022,ACY,NJ,AEA,EN,Combined TRACON& Tower with Radar,24,12,29,21,86,0,5,41,41,87,24,17,70,62,173,12,54,66,239
08/03/2022,ACY,NJ,AEA,EN,Combined TRACON& Tower with Radar,22,7,45,56,130,0,1,60,38,99,22,8,105,94,229,56,102,158,387
08/04/2022,ACY,NJ,AEA,EN,Combined TRACON& Tower with Radar,32,19,32,16,99,0,1,41,21,63,32,20,73,37,162,4,32,36,198
08/05/2022,ACY,NJ,AEA,EN,Combined TRACON& Tower with Radar,19,23,19,19,80,0,1,29,10,40,19,24,48,29,120,12,26,38,158
08/06/2022,ACY,NJ,AEA,EN,Combined TRACON& Tower with Radar,21,17,32,7,77,0,1,20,10,31,21,18,52,17,108,0,16,16,124
08/07/2022,ACY,NJ,AEA,EN,Combined TRACON& Tower with Radar,28,29,34,8,99,0,0,32,12,44,28,29,66,20,143,14,36,50,193
08/08/2022,ACY,NJ,AEA,EN,Combined TRACON& Tower with Radar,22,17,33,5,77,0,0,44,15,59,22,17,77,20,136,54,62,116,252
08/09/2022,ACY,NJ,AEA,EN,Combined TRACON& Tower with Radar,26,13,17,22,78,0,1,26,24,51,26,14,43,46,129,58,76,134,263
08/10/2022,ACY,NJ,AEA,EN,Combined TRACON& Tower with Radar,21,19,28,48,116,0,0,39,21,60,21,19,67,69,176,40,80,120,296
08/11/2022,ACY,NJ,AEA,EN,Combined TRACON& Tower with Radar,25,18,26,15,84,0,0,29,21,50,25,18,55,36,134,58,42,100,234
08/12/2022,ACY,NJ,AEA,EN,Combined TRACON& Tower with Radar,26,19,48,17,110,0,0,41,26,67,26,19,89,43,177,4,92,96,273
08/13/2022,ACY,NJ,AEA,EN,Combined TRACON& Tower with Radar,22,15,31,2,70,0,0,46,8,54,22,15,77,10,124,6,0,6,130
08/14/2022,ACY,NJ,AEA,EN,Combined TRACON& Tower with Radar,24,25,42,4,95,0,2,55,6,63,24,27,97,10,158,0,0,0,158
08/15/2022,ACY,NJ,AEA,EN,Combined TRACON& Tower with Radar,21,20,23,25,89,0,0,24,9,33,21,20,47,34,122,54,90,144,266
08/16/2022,ACY,NJ,AEA,EN,Combined TRACON& Tower with Radar,29,19,23,32,103,0,0,54,39,93,29,19,77,71,196,80,138,218,414
08/17/2022,ACY,NJ,AEA,EN,Combined TRACON& Tower with Radar,20,16,26,28,90,0,0,35,39,74,20,16,61,67,164,70,130,200,364
08/18/2022,ACY,NJ,AEA,EN,Combined TRACON& Tower with Radar,26,28,25,32,111,0,0,51,40,91,26,28,76,72,202,43,104,147,349
08/19/2022,ACY,NJ,AEA,EN,Combined TRACON& Tower with Radar,22,23,32,8,85,0,0,46,26,72,22,23,78,34,157,24,9,33,190
08/20/2022,ACY,NJ,AEA,EN,Combined TRACON& Tower with Radar,20,17,17,12,66,0,5,28,18,51,20,22,45,30,117,12,52,64,181
08/21/2022,ACY,NJ,AEA,EN,Combined TRACON& Tower with Radar,27,18,36,4,85,0,1,24,10,35,27,19,60,14,120,8,4,12,132
08/22/2022,ACY,NJ,AEA,EN,Combined TRACON& Tower with Radar,21,12,29,16,78,0,0,4,20,24,21,12,33,36,102,6,64,70,172
08/23/2022,ACY,NJ,AEA,EN,Combined TRACON& Tower with Radar,25,14,16,6,61,0,2,30,44,76,25,16,46,50,137,0,50,50,187
08/24/2022,ACY,NJ,AEA,EN,Combined TRACON& Tower with Radar,24,13,11,6,54,0,4,44,38,86,24,17,55,44,140,30,0,30,170
08/25/2022,ACY,NJ,AEA,EN,Combined TRACON& Tower with Radar,26,9,14,31,80,0,4,36,38,78,26,13,50,69,158,34,64,98,256
08/26/2022,ACY,NJ,AEA,EN,Combined TRACON& Tower with Radar,20,15,25,6,66,0,0,35,31,66,20,15,60,37,132,14,16,30,162
08/27/2022,ACY,NJ,AEA,EN,Combined TRACON& Tower with Radar,22,19,17,0,58,0,0,29,4,33,22,19,46,4,91,0,6,6,97
08/28/2022,ACY,NJ,AEA,EN,Combined TRACON& Tower with Radar,28,22,28,0,78,0,0,14,2,16,28,22,42,2,94,0,0,0,94
08/29/2022,ACY,NJ,AEA,EN,Combined TRACON& Tower with Radar,20,20,18,25,83,0,1,20,38,59,20,21,38,63,142,6,21,27,169
08/30/2022,ACY,NJ,AEA,EN,Combined TRACON& Tower with Radar,26,9,14,19,68,0,1,22,26,49,26,10,36,45,117,8,62,70,187
08/31/2022,ACY,NJ,AEA,EN,Combined TRACON& Tower with Radar,26,12,25,31,94,0,4,40,34,78,26,16,65,65,172,28,108,136,308
09/01/2022,ACY,NJ,AEA,EN,Combined TRACON& Tower with Radar,26,9,28,31,94,0,2,33,45,80,26,11,61,76,174,1,20,21,195
09/02/2022,ACY,NJ,AEA,EN,Combined TRACON& Tower with Radar,25,18,17,4,64,0,0,30,14,44,25,18,47,18,108,34,18,52,160
09/03/2022,ACY,NJ,AEA,EN,Combined TRACON& Tower with Radar,24,11,14,2,51,0,0,40,9,49,24,11,54,11,100,20,0,20,120
09/04/2022,ACY,NJ,AEA,EN,Combined TRACON& Tower with Radar,27,14,14,5,60,0,0,41,8,49,27,14,55,13,109,6,1,7,116
09/05/2022,ACY,NJ,AEA,EN,Combined TRACON& Tower with Radar,22,12,24,2,60,0,0,36,8,44,22,12,60,10,104,2,0,2,106
09/06/2022,ACY,NJ,AEA,EN,Combined TRACON& Tower with Radar,25,14,30,10,79,0,0,2,1,3,25,14,32,11,82,0,0,0,82
09/07/2022,ACY,NJ,AEA,EN,Combined TRACON& Tower with Radar,17,16,26,22,81,0,0,5,25,30,17,16,31,47,111,50,50,100,211
09/08/2022,ACY,NJ,AEA,EN,Combined TRACON& Tower with Radar,20,12,18,13,63,0,1,25,28,54,20,13,43,41,117,84,50,134,251
09/09/2022,ACY,NJ,AEA,EN,Combined TRACON& Tower with Radar,17,19,24,19,79,0,0,38,21,59,17,19,62,40,138,34,64,98,236
09/10/2022,ACY,NJ,AEA,EN,Combined TRACON& Tower with Radar,19,20,20,7,66,0,0,46,21,67,19,20,66,28,133,6,48,54,187
09/11/2022,ACY,NJ,AEA,EN,Combined TRACON& Tower with Radar,21,12,29,4,66,0,0,6,4,10,21,12,35,8,76,2,6,8,84
09/12/2022,ACY,NJ,AEA,EN,Combined TRACON& Tower with Radar,18,12,26,4,60,0,0,5,17,22,18,12,31,21,82,12,0,12,94
09/13/2022,ACY,NJ,AEA,EN,Combined TRACON& Tower with Radar,18,5,35,47,105,0,0,31,50,81,18,5,66,97,186,60,76,136,322
09/14/2022,ACY,NJ,AEA,EN,Combined TRACON& Tower with Radar,19,5,26,19,69,0,0,45,36,81,19,5,71,55,150,50,92,142,292
09/15/2022,ACY,NJ,AEA,EN,Combined TRACON& Tower with Radar,20,12,16,10,58,0,0,43,34,77,20,12,59,44,135,33,92,125,260
09/16/2022,ACY,NJ,AEA,EN,Combined TRACON& Tower with Radar,17,11,23,7,58,0,2,38,19,59,17,13,61,26,117,10,14,24,141
09/17/2022,ACY,NJ,AEA,EN,Combined TRACON& Tower with Radar,20,8,29,1,58,0,0,50,8,58,20,8,79,9,116,22,1,23,139
09/18/2022,ACY,NJ,AEA,EN,Combined TRACON& Tower with Radar,20,22,27,1,70,0,0,61,16,77,20,22,88,17,147,14,10,24,171
09/19/2022,ACY,NJ,AEA,EN,Combined TRACON& Tower with Radar,17,7,20,14,58,0,4,38,34,76,17,11,58,48,134,16,34,50,184
09/20/2022,ACY,NJ,AEA,EN,Combined TRACON& Tower with Radar,19,9,26,34,88,0,0,28,33,61,19,9,54,67,149,60,128,188,337
09/21/2022,ACY,NJ,AEA,EN,Combined TRACON& Tower with Radar,20,18,31,23,92,0,7,58,27,92,20,25,89,50,184,34,50,84,268
09/22/2022,ACY,NJ,AEA,EN,Combined TRACON& Tower with Radar,19,12,24,17,72,0,0,20,21,41,19,12,44,38,113,12,50,62,175
09/23/2022,ACY,NJ,AEA,EN,Combined TRACON& Tower with Radar,20,15,27,16,78,0,0,18,34,52,20,15,45,50,130,0,52,52,182
09/24/2022,ACY,NJ,AEA,EN,Combined TRACON& Tower with Radar,21,6,31,2,60,0,5,41,4,50,21,11,72,6,110,24,4,28,138
09/25/2022,ACY,NJ,AEA,EN,Combined TRACON& Tower with Radar,26,14,12,2,54,0,0,26,8,34,26,14,38,10,88,12,0,12,100
09/26/2022,ACY,NJ,AEA,EN,Combined TRACON& Tower with Radar,19,14,29,16,78,0,2,51,29,82,19,16,80,45,160,38,52,90,250
09/27/2022,ACY,NJ,AEA,EN,Combined TRACON& Tower with Radar,18,3,16,13,50,0,0,40,21,61,18,3,56,34,111,30,90,120,231
09/28/2022,ACY,NJ,AEA,EN,Combined TRACON& Tower with Radar,12,1,14,11,38,0,2,36,19,57,12,3,50,30,95,62,62,124,219
09/29/2022,ACY,NJ,AEA,EN,Combined TRACON& Tower with Radar,12,14,34,24,84,0,2,63,30,95,12,16,97,54,179,62,76,138,317
09/30/2022,ACY,NJ,AEA,EN,Combined TRACON& Tower with Radar,8,13,6,26,53,0,0,10,24,34,8,13,16,50,87,28,28,56,143
10/01/2022,ACY,NJ,AEA,EN,Combined TRACON& Tower with Radar,14,16,17,0,47,0,0,0,0,0,14,16,17,0,47,0,0,0,47
10/02/2022,ACY,NJ,AEA,EN,Combined TRACON& Tower with Radar,15,15,10,0,40,0,0,1,0,1,15,15,11,0,41,0,0,0,41
10/03/2022,ACY,NJ,AEA,EN,Combined TRACON& Tower with Radar,15,9,10,0,34,0,0,0,4,4,15,9,10,4,38,0,0,0,38
10/04/2022,ACY,NJ,AEA,EN,Combined TRACON& Tower with Radar,15,6,17,6,44,0,0,0,0,0,15,6,17,6,44,0,0,0,44
10/05/2022,ACY,NJ,AEA,EN,Combined TRACON& Tower with Radar,19,10,11,18,58,0,0,0,9,9,19,10,11,27,67,0,10,10,77
10/06/2022,ACY,NJ,AEA,EN,Combined TRACON& Tower with Radar,20,14,28,12,74,0,1,56,14,71,20,15,84,26,145,86,30,116,261
10/07/2022,ACY,NJ,AEA,EN,Combined TRACON& Tower with Radar,18,17,22,22,79,0,0,43,3,46,18,17,65,25,125,28,0,28,153
10/08/2022,ACY,NJ,AEA,EN,Combined TRACON& Tower with Radar,20,14,22,0,56,0,0,46,5,51,20,14,68,5,107,44,8,52,159
10/09/2022,ACY,NJ,AEA,EN,Combined TRACON& Tower with Radar,19,8,23,4,54,0,2,38,2,42,19,10,61,6,96,0,0,0,96
10/10/2022,ACY,NJ,AEA,EN,Combined TRACON& Tower with Radar,19,6,16,0,41,0,3,44,9,56,19,9,60,9,97,78,0,78,175
10/11/2022,ACY,NJ,AEA,EN,Combined TRACON& Tower with Radar,18,5,16,16,55,0,2,43,13,58,18,7,59,29,113,52,126,178,291
10/12/2022,ACY,NJ,AEA,EN,Combined TRACON& Tower with Radar,20,13,21,20,74,0,0,29,20,49,20,13,50,40,123,66,58,124,247
10/13/2022,ACY,NJ,AEA,EN,Combined TRACON& Tower with Radar,16,14,19,26,75,0,0,8,21,29,16,14,27,47,104,0,40,40,144
10/14/2022,ACY,NJ,AEA,EN,Combined TRACON& Tower with Radar,24,23,21,34,102,0,0,40,18,58,24,23,61,52,160,40,26,66,226
10/15/2022,ACY,NJ,AEA,EN,Combined TRACON& Tower with Radar,19,17,27,18,81,0,2,40,3,45,19,19,67,21,126,24,0,24,150
10/16/2022,ACY,NJ,AEA,EN,Combined TRACON& Tower with Radar,18,25,21,2,66,0,1,37,3,41,18,26,58,5,107,2,0,2,109
10/17/2022,ACY,NJ,AEA,EN,Combined TRACON& Tower with Radar,21,12,24,1,58,0,0,4,13,17,21,12,28,14,75,0,0,0,75
10/18/2022,ACY,NJ,AEA,EN,Combined TRACON& Tower with Radar,18,11,23,30,82,0,0,54,39,93,18,11,77,69,175,44,58,102,277
10/19/2022,ACY,NJ,AEA,EN,Combined TRACON& Tower with Radar,22,14,18,53,107,0,1,28,34,63,22,15,46,87,170,44,122,166,336
10/20/2022,ACY,NJ,AEA,EN,Combined TRACON& Tower with Radar,22,16,20,13,71,0,1,22,29,52,22,17,42,42,123,40,36,76,199
10/21/2022,ACY,NJ,AEA,EN,Combined TRACON& Tower with Radar,18,9,21,6,54,0,3,46,29,78,18,12,67,35,132,66,24,90,222
10/22/2022,ACY,NJ,AEA,EN,Combined TRACON& Tower with Radar,17,5,17,1,40,0,0,29,4,33,17,5,46,5,73,22,0,22,95
10/23/2022,ACY,NJ,AEA,EN,Combined TRACON& Tower with Radar,22,10,23,0,55,0,1,2,0,3,22,11,25,0,58,0,0,0,58
10/24/2022,ACY,NJ,AEA,EN,Combined TRACON& Tower with Radar,18,9,22,3,52,0,0,0,0,0,18,9,22,3,52,0,0,0,52
10/25/2022,ACY,NJ,AEA,EN,Combined TRACON& Tower with Radar,15,18,16,13,62,0,0,0,0,0,15,18,16,13,62,0,0,0,62
10/26/2022,ACY,NJ,AEA,EN,Combined TRACON& Tower with Radar,17,11,10,30,68,0,0,5,14,19,17,11,15,44,87,4,26,30,117
10/27/2022,ACY,NJ,AEA,EN,Combined TRACON& Tower with Radar,19,16,27,22,84,0,1,47,36,84,19,17,74,58,168,62,48,110,278
10/28/2022,ACY,NJ,AEA,EN,Combined TRACON& Tower with Radar,17,24,20,23,84,0,0,28,4,32,17,24,48,27,116,16,42,58,174
10/29/2022,ACY,NJ,AEA,EN,Combined TRACON& Tower with Radar,20,13,13,3,49,0,0,29,11,40,20,13,42,14,89,66,0,66,155
10/30/2022,ACY,NJ,AEA,EN,Combined TRACON& Tower with Radar,19,15,13,1,48,0,1,28,3,32,19,16,41,4,80,18,0,18,98
10/31/2022,ACY,NJ,AEA,EN,Combined TRACON& Tower with Radar,17,11,24,23,75,0,0,15,20,35,17,11,39,43,110,64,24,88,198
11/01/2022,ACY,NJ,AEA,EN,Combined TRACON& Tower with Radar,18,5,30,17,70,0,0,13,28,41,18,5,43,45,111,34,38,72,183
11/02/2022,ACY,NJ,AEA,EN,Combined TRACON& Tower with Radar,19,10,18,44,91,0,0,30,19,49,19,10,48,63,140,8,44,52,192
11/03/2022,ACY,NJ,AEA,EN,Combined TRACON& Tower with Radar,17,10,23,29,79,0,2,19,26,47,17,12,42,55,126,2,44,46,172
11/04/2022,ACY,NJ,AEA,EN,Combined TRACON& Tower with Radar,22,10,20,8,60,0,0,23,17,40,22,10,43,25,100,22,0,22,122
11/05/2022,ACY,NJ,AEA,EN,Combined TRACON& Tower with Radar,23,7,28,12,70,0,0,26,6,32,23,7,54,18,102,10,40,50,152
11/06/2022,ACY,NJ,AEA,EN,Combined TRACON& Tower with Radar,16,9,17,8,50,0,2,32,13,47,16,11,49,21,97,46,40,86,183
11/07/2022,ACY,NJ,AEA,EN,Combined TRACON& Tower with Radar,18,11,24,11,64,0,2,42,30,74,18,13,66,41,138,60,16,76,214
11/08/2022,ACY,NJ,AEA,EN,Combined TRACON& Tower with Radar,18,10,30,22,80,0,2,37,26,65,18,12,67,48,145,0,22,22,167
11/09/2022,ACY,NJ,AEA,EN,Combined TRACON& Tower with Radar,17,7,16,14,54,0,0,31,25,56,17,7,47,39,110,50,54,104,214
11/10/2022,ACY,NJ,AEA,EN,Combined TRACON& Tower with Radar,14,8,15,17,54,0,1,38,30,69,14,9,53,47,123,20,42,62,185
11/11/2022,ACY,NJ,AEA,EN,Combined TRACON& Tower with Radar,18,10,18,0,46,0,0,4,3,7,18,10,22,3,53,0,6,6,59
11/12/2022,ACY,NJ,AEA,EN,Combined TRACON& Tower with Radar,19,8,17,0,44,0,0,24,5,29,19,8,41,5,73,0,0,0,73
11/13/2022,ACY,NJ,AEA,EN,Combined TRACON& Tower with Radar,18,16,17,2,53,0,1,2,2,5,18,17,19,4,58,16,26,42,100
11/14/2022,ACY,NJ,AEA,EN,Combined TRACON& Tower with Radar,20,9,20,10,59,0,1,34,41,76,20,10,54,51,135,74,8,82,217
11/15/2022,ACY,NJ,AEA,EN,Combined TRACON& Tower with Radar,16,4,14,45,79,0,1,28,13,42,16,5,42,58,121,20,66,86,207
11/16/2022,ACY,NJ,AEA,EN,Combined TRACON& Tower with Radar,22,8,20,43,93,0,2,15,32,49,22,10,35,75,142,22,50,72,214
11/17/2022,ACY,NJ,AEA,EN,Combined TRACON& Tower with Radar,17,13,20,27,77,0,1,42,34,77,17,14,62,61,154,32,50,82,236
11/18/2022,ACY,NJ,AEA,EN,Combined TRACON& Tower with Radar,17,10,35,9,71,0,0,32,26,58,17,10,67,35,129,8,32,40,169
11/19/2022,ACY,NJ,AEA,EN,Combined TRACON& Tower with Radar,18,11,22,2,53,0,0,29,7,36,18,11,51,9,89,28,14,42,131
11/20/2022,ACY,NJ,AEA,EN,Combined TRACON& Tower with Radar,20,17,10,4,51,0,0,15,5,20,20,17,25,9,71,2,12,14,85
11/21/2022,ACY,NJ,AEA,EN,Combined TRACON& Tower with Radar,16,7,14,18,55,0,1,40,30,71,16,8,54,48,126,50,8,58,184
11/22/2022,ACY,NJ,AEA,EN,Combined TRACON& Tower with Radar,18,14,10,28,70,0,4,39,27,70,18,18,49,55,140,38,46,84,224
11/23/2022,ACY,NJ,AEA,EN,Combined TRACON& Tower with Radar,20,3,30,15,68,0,2,39,15,56,20,5,69,30,124,48,64,112,236
11/24/2022,ACY,NJ,AEA,EN,Combined TRACON& Tower with Radar,16,3,6,0,25,0,0,17,6,23,16,3,23,6,48,0,18,18,66
11/25/2022,ACY,NJ,AEA,EN,Combined TRACON& Tower with Radar,18,11,12,1,42,0,0,4,6,10,18,11,16,7,52,0,0,0,52
11/26/2022,ACY,NJ,AEA,EN,Combined TRACON& Tower with Radar,20,7,24,1,52,0,0,46,7,53,20,7,70,8,105,12,0,12,117
11/27/2022,ACY,NJ,AEA,EN,Combined TRACON& Tower with Radar,16,11,19,4,50,0,0,7,4,11,16,11,26,8,61,0,0,0,61
11/28/2022,ACY,NJ,AEA,EN,Combined TRACON& Tower with Radar,17,7,14,23,61,0,1,27,19,47,17,8,41,42,108,0,11,11,119
11/29/2022,ACY,NJ,AEA,EN,Combined TRACON& Tower with Radar,19,7,20,50,96,0,2,33,34,69,19,9,53,84,165,70,66,136,301
11/30/2022,ACY,NJ,AEA,EN,Combined TRACON& Tower with Radar,17,8,7,18,50,0,1,0,13,14,17,9,7,31,64,12,46,58,122
12/01/2022,ACY,NJ,AEA,EN,Combined TRACON& Tower with Radar,18,8,20,31,77,0,1,54,54,109,18,9,74,85,186,36,67,103,289
12/02/2022,ACY,NJ,AEA,EN,Combined TRACON& Tower with Radar,18,9,27,13,67,0,3,56,35,94,18,12,83,48,161,32,40,72,233
12/03/2022,ACY,NJ,AEA,EN,Combined TRACON& Tower with Radar,16,9,6,7,38,0,0,2,3,5,16,9,8,10,43,0,22,22,65
12/04/2022,ACY,NJ,AEA,EN,Combined TRACON& Tower with Radar,18,21,22,2,63,0,2,41,7,50,18,23,63,9,113,21,0,21,134
12/05/2022,ACY,NJ,AEA,EN,Combined TRACON& Tower with Radar,17,7,16,10,50,0,2,40,28,70,17,9,56,38,120,14,6,20,140
12/06/2022,ACY,NJ,AEA,EN,Combined TRACON& Tower with Radar,15,6,9,32,62,0,1,2,13,16,15,7,11,45,78,0,0,0,78
12/07/2022,ACY,NJ,AEA,EN,Combined TRACON& Tower with Radar,15,13,7,6,41,0,0,0,7,7,15,13,7,13,48,0,16,16,64
12/08/2022,ACY,NJ,AEA,EN,Combined TRACON& Tower with Radar,15,9,29,43,96,0,3,43,50,96,15,12,72,93,192,38,84,122,314
12/09/2022,ACY,NJ,AEA,EN,Combined TRACON& Tower with Radar,14,9,22,14,59,0,0,41,33,74,14,9,63,47,133,23,18,41,174
12/10/2022,ACY,NJ,AEA,EN,Combined TRACON& Tower with Radar,15,13,11,1,40,0,1,5,3,9,15,14,16,4,49,20,10,30,79
12/11/2022,ACY,NJ,AEA,EN,Combined TRACON& Tower with Radar,13,10,9,2,34,0,0,4,4,8,13,10,13,6,42,0,6,6,48
12/12/2022,ACY,NJ,AEA,EN,Combined TRACON& Tower with Radar,14,7,12,26,59,0,1,14,23,38,14,8,26,49,97,0,20,20,117
12/13/2022,ACY,NJ,AEA,EN,Combined TRACON& Tower with Radar,16,9,14,28,67,0,1,40,27,68,16,10,54,55,135,50,88,138,273
12/14/2022,ACY,NJ,AEA,EN,Combined TRACON& Tower with Radar,13,8,29,34,84,0,0,46,24,70,13,8,75,58,154,26,50,76,230
12/15/2022,ACY,NJ,AEA,EN,Combined TRACON& Tower with Radar,16,8,4,16,44,0,0,1,5,6,16,8,5,21,50,0,20,20,70
12/16/2022,ACY,NJ,AEA,EN,Combined TRACON& Tower with Radar,16,15,16,10,57,0,0,1,7,8,16,15,17,17,65,2,1,3,68
12/17/2022,ACY,NJ,AEA,EN,Combined TRACON& Tower with Radar,16,5,15,0,36,0,0,23,9,32,16,5,38,9,68,20,4,24,92
12/18/2022,ACY,NJ,AEA,EN,Combined TRACON& Tower with Radar,16,8,18,3,45,0,0,24,9,33,16,8,42,12,78,26,2,28,106
12/19/2022,ACY,NJ,AEA,EN,Combined TRACON& Tower with Radar,16,9,9,9,43,0,4,24,15,43,16,13,33,24,86,12,26,38,124
12/20/2022,ACY,NJ,AEA,EN,Combined TRACON& Tower with Radar,17,9,43,27,96,0,1,53,17,71,17,10,96,44,167,80,32,112,279
12/21/2022,ACY,NJ,AEA,EN,Combined TRACON& Tower with Radar,15,7,26,14,62,0,0,29,12,41,15,7,55,26,103,40,64,104,207
12/22/2022,ACY,NJ,AEA,EN,Combined TRACON& Tower with Radar,16,2,6,37,61,0,0,4,4,8,16,2,10,41,69,4,26,30,99
12/23/2022,ACY,NJ,AEA,EN,Combined TRACON& Tower with Radar,16,3,2,2,23,0,0,0,6,6,16,3,2,8,29,0,6,6,35
12/24/2022,ACY,NJ,AEA,EN,Combined TRACON& Tower with Radar,12,2,2,0,16,0,0,6,7,13,12,2,8,7,29,0,0,0,29
12/25/2022,ACY,NJ,AEA,EN,Combined TRACON& Tower with Radar,11,4,0,3,18,0,0,7,1,8,11,4,7,4,26,0,0,0,26
12/26/2022,ACY,NJ,AEA,EN,Combined TRACON& Tower with Radar,6,9,14,4,33,0,0,26,10,36,6,9,40,14,69,22,0,22,91
12/27/2022,ACY,NJ,AEA,EN,Combined TRACON& Tower with Radar,11,3,20,23,57,0,0,34,23,57,11,3,54,46,114,0,2,2,116
12/28/2022,ACY,NJ,AEA,EN,Combined TRACON& Tower with Radar,16,8,22,38,84,0,1,40,19,60,16,9,62,57,144,0,38,38,182
12/29/2022,ACY,NJ,AEA,EN,Combined TRACON& Tower with Radar,18,8,16,24,66,0,0,37,22,59,18,8,53,46,125,8,68,76,201
12/30/2022,ACY,NJ,AEA,EN,Combined TRACON& Tower with Radar,20,13,29,4,66,0,0,29,18,47,20,13,58,22,113,12,0,12,125
12/31/2022,ACY,NJ,AEA,EN,Combined TRACON& Tower with Radar,16,2,9,0,27,0,0,0,0,0,16,2,9,0,27,0,0,0,27
01/01/2023,ACY,NJ,AEA,EN,Combined TRACON& Tower with Radar,17,10,22,1,50,0,0,14,4,18,17,10,36,5,68,0,0,0,68
01/02/2023,ACY,NJ,AEA,EN,Combined TRACON& Tower with Radar,13,13,32,7,65,0,0,40,8,48,13,13,72,15,113,4,4,8,121
01/03/2023,ACY,NJ,AEA,EN,Combined TRACON& Tower with Radar,16,7,23,23,69,0,0,13,21,34,16,7,36,44,103,6,20,26,129
01/04/2023,ACY,NJ,AEA,EN,Combined TRACON& Tower with Radar,8,11,33,89,141,0,0,9,22,31,8,11,42,111,172,18,88,106,278
01/05/2023,ACY,NJ,AEA,EN,Combined TRACON& Tower with Radar,13,11,20,39,83,0,0,22,2,24,13,11,42,41,107,4,10,14,121
01/06/2023,ACY,NJ,AEA,EN,Combined TRACON& Tower with Radar,13,8,24,11,56,0,0,21,7,28,13,8,45,18,84,38,2,40,124
01/07/2023,ACY,NJ,AEA,EN,Combined TRACON& Tower with Radar,15,7,22,8,52,0,0,45,10,55,15,7,67,18,107,64,34,98,205
01/08/2023,ACY,NJ,AEA,EN,Combined TRACON& Tower with Radar,16,13,30,10,69,0,0,36,7,43,16,13,66,17,112,30,14,44,156
01/09/2023,ACY,NJ,AEA,EN,Combined TRACON& Tower with Radar,14,9,27,11,61,0,0,36,30,66,14,9,63,41,127,96,38,134,261
01/10/2023,ACY,NJ,AEA,EN,Combined TRACON& Tower with Radar,14,10,23,46,93,0,2,30,34,66,14,12,53,80,159,22,60,82,241
01/11/2023,ACY,NJ,AEA,EN,Combined TRACON& Tower with Radar,14,12,19,38,83,0,3,52,45,100,14,15,71,83,183,22,94,116,299
01/12/2023,ACY,NJ,AEA,EN,Combined TRACON& Tower with Radar,14,13,22,69,118,0,0,18,23,41,14,13,40,92,159,0,86,86,245
01/13/2023,ACY,NJ,AEA,EN,Combined TRACON& Tower with Radar,15,8,20,14,57,0,0,17,26,43,15,8,37,40,100,24,4,28,128
01/14/2023,ACY,NJ,AEA,EN,Combined TRACON& Tower with Radar,17,9,8,0,34,0,0,14,7,21,17,9,22,7,55,0,0,0,55
01/15/2023,ACY,NJ,AEA,EN,Combined TRACON& Tower with Radar,14,9,10,0,33,0,0,24,6,30,14,9,34,6,63,4,2,6,69
01/16/2023,ACY,NJ,AEA,EN,Combined TRACON& Tower with Radar,16,7,31,3,57,0,1,73,17,91,16,8,104,20,148,86,0,86,234
01/17/2023,ACY,NJ,AEA,EN,Combined TRACON& Tower with Radar,16,5,22,12,55,0,0,33,23,56,16,5,55,35,111,28,68,96,207
01/18/2023,ACY,NJ,AEA,EN,Combined TRACON& Tower with Radar,14,8,12,51,85,0,0,31,36,67,14,8,43,87,152,12,44,56,208
01/19/2023,ACY,NJ,AEA,EN,Combined TRACON& Tower with Radar,17,12,15,2,46,0,0,6,11,17,17,12,21,13,63,2,16,18,81
01/20/2023,ACY,NJ,AEA,EN,Combined TRACON& Tower with Radar,15,8,16,3,42,0,0,20,21,41,15,8,36,24,83,2,2,4,87
01/21/2023,ACY,NJ,AEA,EN,Combined TRACON& Tower with Radar,13,4,36,0,53,0,0,45,6,51,13,4,81,6,104,2,0,2,106
01/22/2023,ACY,NJ,AEA,EN,Combined TRACON& Tower with Radar,16,11,22,7,56,0,0,16,7,23,16,11,38,14,79,2,2,4,83
01/23/2023,ACY,NJ,AEA,EN,Combined TRACON& Tower with Radar,15,13,18,17,63,0,0,4,22,26,15,13,22,39,89,0,10,10,99
01/24/2023,ACY,NJ,AEA,EN,Combined TRACON& Tower with Radar,16,15,21,41,93,0,1,39,32,72,16,16,60,73,165,26,82,108,273
01/25/2023,ACY,NJ,AEA,EN,Combined TRACON& Tower with Radar,16,7,6,26,55,0,0,10,15,25,16,7,16,41,80,10,46,56,136
01/26/2023,ACY,NJ,AEA,EN,Combined TRACON& Tower with Radar,16,17,12,28,73,0,1,14,29,44,16,18,26,57,117,2,50,52,169
01/27/2023,ACY,NJ,AEA,EN,Combined TRACON& Tower with Radar,14,10,26,14,64,0,0,33,33,66,14,10,59,47,130,18,44,62,192
01/28/2023,ACY,NJ,AEA,EN,Combined TRACON& Tower with Radar,13,8,51,6,78,0,0,52,3,55,13,8,103,9,133,44,0,44,177
01/29/2023,ACY,NJ,AEA,EN,Combined TRACON& Tower with Radar,19,13,15,6,53,0,0,26,7,33,19,13,41,13,86,0,0,0,86
01/30/2023,ACY,NJ,AEA,EN,Combined TRACON& Tower with Radar,13,4,15,9,41,0,1,38,21,60,13,5,53,30,101,0,0,0,101
01/31/2023,ACY,NJ,AEA,EN,Combined TRACON& Tower with Radar,13,10,6,27,56,0,0,0,8,8,13,10,6,35,64,0,0,0,64
02/01/2023,ACY,NJ,AEA,EN,Combined TRACON& Tower with Radar,16,9,11,50,86,0,0,20,26,46,16,9,31,76,132,6,60,66,198
02/02/2023,ACY,NJ,AEA,EN,Combined TRACON& Tower with Radar,16,12,14,68,110,0,1,30,43,74,16,13,44,111,184,10,160,170,354
02/03/2023,ACY,NJ,AEA,EN,Combined TRACON& Tower with Radar,15,9,4,17,45,0,0,3,11,14,15,9,7,28,59,0,6,6,65
02/04/2023,ACY,NJ,AEA,EN,Combined TRACON& Tower with Radar,17,8,23,14,62,0,0,36,20,56,17,8,59,34,118,34,60,94,212
02/05/2023,ACY,NJ,AEA,EN,Combined TRACON& Tower with Radar,16,14,13,4,47,0,0,30,5,35,16,14,43,9,82,0,12,12,94
02/06/2023,ACY,NJ,AEA,EN,Combined TRACON& Tower with Radar,15,16,14,12,57,0,0,18,17,35,15,16,32,29,92,8,18,26,118
02/07/2023,ACY,NJ,AEA,EN,Combined TRACON& Tower with Radar,19,5,22,49,95,0,1,35,27,63,19,6,57,76,158,10,30,40,198
02/08/2023,ACY,NJ,AEA,EN,Combined TRACON& Tower with Radar,16,6,16,33,71,0,0,44,33,77,16,6,60,66,148,38,46,84,232
02/09/2023,ACY,NJ,AEA,EN,Combined TRACON& Tower with Radar,20,15,24,18,77,0,0,15,29,44,20,15,39,47,121,8,30,38,159
02/10/2023,ACY,NJ,AEA,EN,Combined TRACON& Tower with Radar,17,11,22,7,57,0,0,19,35,54,17,11,41,42,111,8,38,46,157
02/11/2023,ACY,NJ,AEA,EN,Combined TRACON& Tower with Radar,19,5,19,1,44,0,0,31,1,32,19,5,50,2,76,6,0,6,82
02/12/2023,ACY,NJ,AEA,EN,Combined TRACON& Tower with Radar,19,12,10,0,41,0,0,5,3,8,19,12,15,3,49,22,0,22,71
02/13/2023,ACY,NJ,AEA,EN,Combined TRACON& Tower with Radar,17,9,13,2,41,0,0,24,4,28,17,9,37,6,69,0,6,6,75
02/14/2023,ACY,NJ,AEA,EN,Combined TRACON& Tower with Radar,18,8,19,36,81,0,1,30,23,54,18,9,49,59,135,22,40,62,197
02/15/2023,ACY,NJ,AEA,EN,Combined TRACON& Tower with Radar,17,6,10,21,54,0,0,27,23,50,17,6,37,44,104,4,6,10,114
02/16/2023,ACY,NJ,AEA,EN,Combined TRACON& Tower with Radar,18,23,19,33,93,0,0,28,29,57,18,23,47,62,150,16,68,84,234
02/17/2023,ACY,NJ,AEA,EN,Combined TRACON& Tower with Radar,21,13,6,15,55,0,0,3,3,6,21,13,9,18,61,0,10,10,71
02/18/2023,ACY,NJ,AEA,EN,Combined TRACON& Tower with Radar,20,9,29,3,61,0,0,47,5,52,20,9,76,8,113,22,0,22,135
02/19/2023,ACY,NJ,AEA,EN,Combined TRACON& Tower with Radar,17,11,24,1,53,0,0,31,6,37,17,11,55,7,90,4,0,4,94
02/20/2023,ACY,NJ,AEA,EN,Combined TRACON& Tower with Radar,15,7,27,3,52,0,0,36,7,43,15,7,63,10,95,2,2,4,99
02/21/2023,ACY,NJ,AEA,EN,Combined TRACON& Tower with Radar,22,5,17,24,68,0,0,10,26,36,22,5,27,50,104,12,84,96,200
02/22/2023,ACY,NJ,AEA,EN,Combined TRACON& Tower with Radar,18,5,19,46,88,0,0,9,28,37,18,5,28,74,125,14,62,76,201
02/23/2023,ACY,NJ,AEA,EN,Combined TRACON& Tower with Radar,18,15,18,37,88,0,0,12,18,30,18,15,30,55,118,42,26,68,186
02/24/2023,ACY,NJ,AEA,EN,Combined TRACON& Tower with Radar,18,8,10,8,44,0,2,21,30,53,18,10,31,38,97,22,24,46,143
02/25/2023,ACY,NJ,AEA,EN,Combined TRACON& Tower with Radar,20,5,15,2,42,0,0,15,6,21,20,5,30,8,63,0,20,20,83
02/26/2023,ACY,NJ,AEA,EN,Combined TRACON& Tower with Radar,19,12,53,0,84,0,0,25,7,32,19,12,78,7,116,0,2,2,118
02/27/2023,ACY,NJ,AEA,EN,Combined TRACON& Tower with Radar,18,9,27,25,79,0,0,31,24,55,18,9,58,49,134,40,54,94,228
02/28/2023,ACY,NJ,AEA,EN,Combined TRACON& Tower with Radar,18,10,13,44,85,0,0,5,14,19,18,10,18,58,104,0,0,0,104
03/01/2023,ACY,NJ,AEA,EN,Combined TRACON& Tower with Radar,15,11,33,29,88,0,3,27,26,56,15,14,60,55,144,6,42,48,192
03/02/2023,ACY,NJ,AEA,EN,Combined TRACON& Tower with Radar,19,15,34,24,92,0,0,18,27,45,19,15,52,51,137,46,30,76,213
03/03/2023,ACY,NJ,AEA,EN,Combined TRACON& Tower with Radar,20,7,28,14,69,0,1,42,7,50,20,8,70,21,119,22,22,44,163
03/04/2023,ACY,NJ,AEA,EN,Combined TRACON& Tower with Radar,17,16,10,7,50,0,0,4,8,12,17,16,14,15,62,4,32,36,98
03/05/2023,ACY,NJ,AEA,EN,Combined TRACON& Tower with Radar,20,9,27,12,68,0,1,50,10,61,20,10,77,22,129,34,6,40,169
03/06/2023,ACY,NJ,AEA,EN,Combined TRACON& Tower with Radar,19,12,29,14,74,0,1,60,30,91,19,13,89,44,165,88,26,114,279
03/07/2023,ACY,NJ,AEA,EN,Combined TRACON& Tower with Radar,21,7,15,4,47,0,0,9,21,30,21,7,24,25,77,0,16,16,93
03/08/2023,ACY,NJ,AEA,EN,Combined TRACON& Tower with Radar,19,8,18,18,63,0,0,15,19,34,19,8,33,37,97,0,20,20,117
03/09/2023,ACY,NJ,AEA,EN,Combined TRACON& Tower with Radar,22,7,23,19,71,0,0,29,27,56,22,7,52,46,127,8,10,18,145
03/10/2023,ACY,NJ,AEA,EN,Combined TRACON& Tower with Radar,17,9,23,10,59,0,0,16,15,31,17,9,39,25,90,12,4,16,106
03/11/2023,ACY,NJ,AEA,EN,Combined TRACON& Tower with Radar,19,11,13,0,43,0,0,6,0,6,19,11,19,0,49,2,0,2,51
03/12/2023,ACY,NJ,AEA,EN,Combined TRACON& Tower with Radar,18,16,38,2,74,0,0,67,11,78,18,16,105,13,152,50,0,50,202
03/13/2023,ACY,NJ,AEA,EN,Combined TRACON& Tower with Radar,18,9,9,9,45,0,0,0,6,6,18,9,9,15,51,0,0,0,51
03/14/2023,ACY,NJ,AEA,EN,Combined TRACON& Tower with Radar,19,6,6,4,35,0,1,1,18,20,19,7,7,22,55,10,4,14,69
03/15/2023,ACY,NJ,AEA,EN,Combined TRACON& Tower with Radar,20,10,10,27,67,0,0,7,31,38,20,10,17,58,105,14,64,78,183
03/16/2023,ACY,NJ,AEA,EN,Combined TRACON& Tower with Radar,21,12,29,16,78,0,6,53,25,84,21,18,82,41,162,24,28,52,214
03/17/2023,ACY,NJ,AEA,EN,Combined TRACON& Tower with Radar,17,19,29,7,72,0,0,45,11,56,17,19,74,18,128,20,6,26,154
03/18/2023,ACY,NJ,AEA,EN,Combined TRACON& Tower with Radar,24,7,27,1,59,0,2,40,4,46,24,9,67,5,105,48,8,56,161
03/19/2023,ACY,NJ,AEA,EN,Combined TRACON& Tower with Radar,19,10,19,6,54,0,1,11,4,16,19,11,30,10,70,14,0,14,84
03/20/2023,ACY,NJ,AEA,EN,Combined TRACON& Tower with Radar,16,11,23,9,59,0,4,56,37,97,16,15,79,46,156,18,40,58,214
03/21/2023,ACY,NJ,AEA,EN,Combined TRACON& Tower with Radar,20,8,15,7,50,0,3,45,36,84,20,11,60,43,134,76,20,96,230
03/22/2023,ACY,NJ,AEA,EN,Combined TRACON& Tower with Radar,16,8,23,26,73,0,1,41,17,59,16,9,64,43,132,8,8,16,148
03/23/2023,ACY,NJ,AEA,EN,Combined TRACON& Tower with Radar,20,10,23,22,75,0,1,11,29,41,20,11,34,51,116,4,36,40,156
03/24/2023,ACY,NJ,AEA,EN,Combined TRACON& Tower with Radar,20,11,36,8,75,0,2,8,24,34,20,13,44,32,109,0,32,32,141
03/25/2023,ACY,NJ,AEA,EN,Combined TRACON& Tower with Radar,16,9,14,6,45,0,1,2,4,7,16,10,16,10,52,0,0,0,52
03/26/2023,ACY,NJ,AEA,EN,Combined TRACON& Tower with Radar,17,10,52,10,89,0,1,46,6,53,17,11,98,16,142,34,4,38,180
03/27/2023,ACY,NJ,AEA,EN,Combined TRACON& Tower with Radar,21,15,20,42,98,0,0,21,16,37,21,15,41,58,135,50,72,122,257
03/28/2023,ACY,NJ,AEA,EN,Combined TRACON& Tower with Radar,18,14,19,51,102,0,0,21,22,43,18,14,40,73,145,0,2,2,147
03/29/2023,ACY,NJ,AEA,EN,Combined TRACON& Tower with Radar,18,13,28,50,109,0,1,55,26,82,18,14,83,76,191,30,88,118,309
03/30/2023,ACY,NJ,AEA,EN,Combined TRACON& Tower with Radar,17,15,34,22,88,0,0,51,33,84,17,15,85,55,172,40,56,96,268
03/31/2023,ACY,NJ,AEA,EN,Combined TRACON& Tower with Radar,19,15,18,5,57,0,0,20,17,37,19,15,38,22,94,6,0,6,100
04/01/2023,ACY,NJ,AEA,EN,Combined TRACON& Tower with Radar,17,5,7,0,29,0,0,3,1,4,17,5,10,1,33,0,0,0,33
04/02/2023,ACY,NJ,AEA,EN,Combined TRACON& Tower with Radar,17,17,24,0,58,0,0,24,5,29,17,17,48,5,87,4,0,4,91
04/03/2023,ACY,NJ,AEA,EN,Combined TRACON& Tower with Radar,19,7,17,3,46,0,2,35,28,65,19,9,52,31,111,36,50,86,197
04/04/2023,ACY,NJ,AEA,EN,Combined TRACON& Tower with Radar,20,11,16,29,76,0,0,42,47,89,20,11,58,76,165,18,70,88,253
04/05/2023,ACY,NJ,AEA,EN,Combined TRACON& Tower with Radar,19,19,12,21,71,0,0,6,19,25,19,19,18,40,96,0,0,0,96
04/06/2023,ACY,NJ,AEA,EN,Combined TRACON& Tower with Radar,25,12,8,10,55,0,0,27,28,55,25,12,35,38,110,12,54,66,176
04/07/2023,ACY,NJ,AEA,EN,Combined TRACON& Tower with Radar,23,10,28,11,72,0,1,46,14,61,23,11,74,25,133,42,10,52,185
04/08/2023,ACY,NJ,AEA,EN,Combined TRACON& Tower with Radar,22,10,17,6,55,0,1,46,2,49,22,11,63,8,104,28,0,28,132
04/09/2023,ACY,NJ,AEA,EN,Combined TRACON& Tower with Radar,26,14,21,1,62,0,0,25,4,29,26,14,46,5,91,6,0,6,97
04/10/2023,ACY,NJ,AEA,EN,Combined TRACON& Tower with Radar,23,7,21,17,68,0,0,51,11,62,23,7,72,28,130,0,0,0,130
04/11/2023,ACY,NJ,AEA,EN,Combined TRACON& Tower with Radar,22,10,23,37,92,0,0,32,31,63,22,10,55,68,155,6,82,88,243
04/12/2023,ACY,NJ,AEA,EN,Combined TRACON& Tower with Radar,23,12,28,41,104,0,1,38,44,83,23,13,66,85,187,28,74,102,289
04/13/2023,ACY,NJ,AEA,EN,Combined TRACON& Tower with Radar,16,16,28,18,78,0,1,35,40,76,16,17,63,58,154,30,55,85,239
04/14/2023,ACY,NJ,AEA,EN,Combined TRACON& Tower with Radar,17,10,27,23,77,0,1,54,28,83,17,11,81,51,160,44,24,68,228
04/15/2023,ACY,NJ,AEA,EN,Combined TRACON& Tower with Radar,24,9,9,1,43,0,0,0,0,0,24,9,9,1,43,0,0,0,43
04/16/2023,ACY,NJ,AEA,EN,Combined TRACON& Tower with Radar,22,10,36,2,70,0,1,9,4,14,22,11,45,6,84,10,40,50,134
04/17/2023,ACY,NJ,AEA,EN,Combined TRACON& Tower with Radar,10,8,32,12,62,0,2,29,11,42,10,10,61,23,104,14,62,76,180
04/18/2023,ACY,NJ,AEA,EN,Combined TRACON& Tower with Radar,26,7,27,26,86,0,2,30,42,74,26,9,57,68,160,38,34,72,232
04/19/2023,ACY,NJ,AEA,EN,Combined TRACON& Tower with Radar,24,10,34,36,104,0,3,53,39,95,24,13,87,75,199,18,70,88,287
04/20/2023,ACY,NJ,AEA,EN,Combined TRACON& Tower with Radar,20,15,24,37,96,0,6,54,48,108,20,21,78,85,204,16,56,72,276
04/21/2023,ACY,NJ,AEA,EN,Combined TRACON& Tower with Radar,26,17,21,46,110,0,0,41,26,67,26,17,62,72,177,8,52,60,237
04/22/2023,ACY,NJ,AEA,EN,Combined TRACON& Tower with Radar,23,15,19,3,60,0,0,32,9,41,23,15,51,12,101,0,0,0,101
04/23/2023,ACY,NJ,AEA,EN,Combined TRACON& Tower with Radar,22,18,34,7,81,0,0,31,14,45,22,18,65,21,126,18,18,36,162
04/24/2023,ACY,NJ,AEA,EN,Combined TRACON& Tower with Radar,24,11,34,13,82,0,1,47,12,60,24,12,81,25,142,46,0,46,188
04/25/2023,ACY,NJ,AEA,EN,Combined TRACON& Tower with Radar,24,13,43,51,131,0,0,61,29,90,24,13,104,80,221,74,96,170,391
04/26/2023,ACY,NJ,AEA,EN,Combined TRACON& Tower with Radar,23,23,30,80,156,0,1,52,31,84,23,24,82,111,240,66,106,172,412
04/27/2023,ACY,NJ,AEA,EN,Combined TRACON& Tower with Radar,22,18,41,29,110,0,0,25,30,55,22,18,66,59,165,20,20,40,205
04/28/2023,ACY,NJ,AEA,EN,Combined TRACON& Tower with Radar,23,15,9,7,54,0,0,2,9,11,23,15,11,16,65,16,30,46,111
04/29/2023,ACY,NJ,AEA,EN,Combined TRACON& Tower with Radar,21,12,19,2,54,0,0,0,1,1,21,12,19,3,55,0,0,0,55
04/30/2023,ACY,NJ,AEA,EN,Combined TRACON& Tower with Radar,24,16,5,0,45,0,0,0,0,0,24,16,5,0,45,0,0,0,45
05/01/2023,ACY,NJ,AEA,EN,Combined TRACON& Tower with Radar,26,10,32,11,79,0,0,38,7,45,26,10,70,18,124,18,0,18,142
05/02/2023,ACY,NJ,AEA,EN,Combined TRACON& Tower with Radar,23,11,45,18,97,0,2,35,15,52,23,13,80,33,149,36,8,44,193
05/03/2023,ACY,NJ,AEA,EN,Combined TRACON& Tower with Radar,26,12,20,28,86,0,0,27,16,43,26,12,47,44,129,10,40,50,179
05/04/2023,ACY,NJ,AEA,EN,Combined TRACON& Tower with Radar,24,16,20,12,72,0,0,28,15,43,24,16,48,27,115,22,52,74,189
05/05/2023,ACY,NJ,AEA,EN,Combined TRACON& Tower with Radar,19,15,34,13,81,0,0,24,10,34,19,15,58,23,115,16,0,16,131
05/06/2023,ACY,NJ,AEA,EN,Combined TRACON& Tower with Radar,17,9,30,8,64,0,4,68,18,90,17,13,98,26,154,62,16,78,232
05/07/2023,ACY,NJ,AEA,EN,Combined TRACON& Tower with Radar,23,15,35,17,90,0,2,49,12,63,23,17,84,29,153,38,2,40,193
05/08/2023,ACY,NJ,AEA,EN,Combined TRACON& Tower with Radar,18,10,17,11,56,0,6,59,20,85,18,16,76,31,141,62,10,72,213
05/09/2023,ACY,NJ,AEA,EN,Combined TRACON& Tower with Radar,17,10,17,25,69,0,0,43,29,72,17,10,60,54,141,34,38,72,213
05/10/2023,ACY,NJ,AEA,EN,Combined TRACON& Tower with Radar,19,14,18,13,64,0,2,40,33,75,19,16,58,46,139,48,28,76,215
05/11/2023,ACY,NJ,AEA,EN,Combined TRACON& Tower with Radar,15,31,18,10,74,0,3,35,27,65,15,34,53,37,139,32,56,88,227
05/12/2023,ACY,NJ,AEA,EN,Combined TRACON& Tower with Radar,19,10,22,3,54,0,0,35,15,50,19,10,57,18,104,18,2,20,124
05/13/2023,ACY,NJ,AEA,EN,Combined TRACON& Tower with Radar,17,9,12,2,40,0,0,15,6,21,17,9,27,8,61,42,0,42,103
05/14/2023,ACY,NJ,AEA,EN,Combined TRACON& Tower with Radar,15,19,22,4,60,0,0,36,8,44,15,19,58,12,104,34,0,34,138
05/15/2023,ACY,NJ,AEA,EN,Combined TRACON& Tower with Radar,16,10,17,5,48,0,0,35,23,58,16,10,52,28,106,44,34,78,184
05/16/2023,ACY,NJ,AEA,EN,Combined TRACON& Tower with Radar,17,10,16,21,64,0,2,49,29,80,17,12,65,50,144,84,42,126,270
05/17/2023,ACY,NJ,AEA,EN,Combined TRACON& Tower with Radar,14,18,17,40,89,0,0,30,31,61,14,18,47,71,150,4,66,70,220
05/18/2023,ACY,NJ,AEA,EN,Combined TRACON& Tower with Radar,17,17,18,16,68,0,2,40,33,75,17,19,58,49,143,84,4,88,231
05/19/2023,ACY,NJ,AEA,EN,Combined TRACON& Tower with Radar,19,15,28,21,83,0,0,41,21,62,19,15,69,42,145,8,8,16,161
05/20/2023,ACY,NJ,AEA,EN,Combined TRACON& Tower with Radar,17,11,23,2,53,0,0,0,0,0,17,11,23,2,53,0,0,0,53
05/21/2023,ACY,NJ,AEA,EN,Combined TRACON& Tower with Radar,22,20,13,5,60,0,0,23,9,32,22,20,36,14,92,6,0,6,98
05/22/2023,ACY,NJ,AEA,EN,Combined TRACON& Tower with Radar,19,13,19,12,63,0,3,40,33,76,19,16,59,45,139,4,62,66,205
05/23/2023,ACY,NJ,AEA,EN,Combined TRACON& Tower with Radar,18,7,26,13,64,0,10,27,30,67,18,17,53,43,131,18,72,90,221
05/24/2023,ACY,NJ,AEA,EN,Combined TRACON& Tower with Radar,16,12,29,51,108,0,2,56,35,93,16,14,85,86,201,66,86,152,353
05/25/2023,ACY,NJ,AEA,EN,Combined TRACON& Tower with Radar,20,32,34,19,105,0,3,43,34,80,20,35,77,53,185,22,78,100,285
05/26/2023,ACY,NJ,AEA,EN,Combined TRACON& Tower with Radar,18,21,35,4,78,0,3,60,10,73,18,24,95,14,151,40,24,64,215
05/27/2023,ACY,NJ,AEA,EN,Combined TRACON& Tower with Radar,19,11,15,5,50,0,2,22,11,35,19,13,37,16,85,2,6,8,93
05/28/2023,ACY,NJ,AEA,EN,Combined TRACON& Tower with Radar,16,14,24,1,55,0,2,38,11,51,16,16,62,12,106,46,4,50,156
05/29/2023,ACY,NJ,AEA,EN,Combined TRACON& Tower with Radar,14,14,16,3,47,0,2,29,6,37,14,16,45,9,84,12,0,12,96
05/30/2023,ACY,NJ,AEA,EN,Combined TRACON& Tower with Radar,18,12,24,3,57,0,0,20,29,49,18,12,44,32,106,14,30,44,150
05/31/2023,ACY,NJ,AEA,EN,Combined TRACON& Tower with Radar,15,12,31,44,102,0,0,26,31,57,15,12,57,75,159,36,56,92,251
06/01/2023,ACY,NJ,AEA,EN,Combined TRACON& Tower with Radar,16,26,22,35,99,0,0,26,15,41,16,26,48,50,140,14,18,32,172
06/02/2023,ACY,NJ,AEA,EN,Combined TRACON& Tower with Radar,19,12,43,32,106,0,0,44,17,61,19,12,87,49,167,6,32,38,205
06/03/2023,ACY,NJ,AEA,EN,Combined TRACON& Tower with Radar,15,10,45,7,77,0,0,3,10,13,15,10,48,17,90,0,4,4,94
06/04/2023,ACY,NJ,AEA,EN,Combined TRACON& Tower with Radar,16,22,43,3,84,0,0,48,3,51,16,22,91,6,135,34,0,34,169
06/05/2023,ACY,NJ,AEA,EN,Combined TRACON& Tower with Radar,17,12,24,10,63,0,0,51,19,70,17,12,75,29,133,36,24,60,193
06/06/2023,ACY,NJ,AEA,EN,Combined TRACON& Tower with Radar,17,13,24,32,86,0,1,20,19,40,17,14,44,51,126,38,8,46,172
06/07/2023,ACY,NJ,AEA,EN,Combined TRACON& Tower with Radar,15,16,31,27,89,0,0,5,11,16,15,16,36,38,105,4,20,24,129
06/08/2023,ACY,NJ,AEA,EN,Combined TRACON& Tower with Radar,18,8,30,20,76,0,0,4,3,7,18,8,34,23,83,0,8,8,91
06/09/2023,ACY,NJ,AEA,EN,Combined TRACON& Tower with Radar,18,12,44,9,83,0,0,35,15,50,18,12,79,24,133,26,16,42,175
06/10/2023,ACY,NJ,AEA,EN,Combined TRACON& Tower with Radar,16,17,37,4,74,0,0,48,4,52,16,17,85,8,126,8,0,8,134
06/11/2023,ACY,NJ,AEA,EN,Combined TRACON& Tower with Radar,15,16,34,0,65,0,3,39,4,46,15,19,73,4,111,8,0,8,119
06/12/2023,ACY,NJ,AEA,EN,Combined TRACON& Tower with Radar,21,13,16,5,55,0,0,4,7,11,21,13,20,12,66,0,4,4,70
06/13/2023,ACY,NJ,AEA,EN,Combined TRACON& Tower with Radar,17,17,25,22,81,0,0,63,21,84,17,17,88,43,165,4,26,30,195
06/14/2023,ACY,NJ,AEA,EN,Combined TRACON& Tower with Radar,17,16,22,12,67,0,0,36,17,53,17,16,58,29,120,68,68,136,256
06/15/2023,ACY,NJ,AEA,EN,Combined TRACON& Tower with Radar,15,31,42,31,119,0,1,75,25,101,15,32,117,56,220,46,20,66,286
06/16/2023,ACY,NJ,AEA,EN,Combined TRACON& Tower with Radar,24,26,20,21,91,0,0,22,5,27,24,26,42,26,118,8,8,16,134
06/17/2023,ACY,NJ,AEA,EN,Combined TRACON& Tower with Radar,15,24,35,5,79,0,1,53,6,60,15,25,88,11,139,20,0,20,159
06/18/2023,ACY,NJ,AEA,EN,Combined TRACON& Tower with Radar,18,18,22,2,60,0,0,48,5,53,18,18,70,7,113,50,2,52,165
06/19/2023,ACY,NJ,AEA,EN,Combined TRACON& Tower with Radar,18,22,35,5,80,0,0,53,8,61,18,22,88,13,141,42,0,42,183
06/20/2023,ACY,NJ,AEA,EN,Combined TRACON& Tower with Radar,18,10,52,34,114,0,0,13,32,45,18,10,65,66,159,8,26,34,193
06/21/2023,ACY,NJ,AEA,EN,Combined TRACON& Tower with Radar,13,15,15,12,55,0,0,0,10,10,13,15,15,22,65,12,70,82,147
06/22/2023,ACY,NJ,AEA,EN,Combined TRACON& Tower with Radar,16,26,50,32,124,0,0,1,5,6,16,26,51,37,130,0,0,0,130
06/23/2023,ACY,NJ,AEA,EN,Combined TRACON& Tower with Radar,17,16,27,12,72,0,0,4,10,14,17,16,31,22,86,0,5,5,91
06/24/2023,ACY,NJ,AEA,EN,Combined TRACON& Tower with Radar,16,24,17,2,59,0,0,7,10,17,16,24,24,12,76,0,0,0,76
06/25/2023,ACY,NJ,AEA,EN,Combined TRACON& Tower with Radar,20,30,18,1,69,0,1,25,4,30,20,31,43,5,99,14,18,32,131
06/26/2023,ACY,NJ,AEA,EN,Combined TRACON& Tower with Radar,19,27,17,18,81,0,2,22,10,34,19,29,39,28,115,26,22,48,163
06/27/2023,ACY,NJ,AEA,EN,Combined TRACON& Tower with Radar,21,9,34,31,95,0,0,31,22,53,21,9,65,53,148,12,42,54,202
06/28/2023,ACY,NJ,AEA,EN,Combined TRACON& Tower with Radar,14,16,59,24,113,0,1,44,20,65,14,17,103,44,178,22,30,52,230
06/29/2023,ACY,NJ,AEA,EN,Combined TRACON& Tower with Radar,20,28,56,64,168,6,1,32,31,70,26,29,88,95,238,10,62,72,310
06/30/2023,ACY,NJ,AEA,EN,Combined TRACON& Tower with Radar,20,32,60,10,122,0,1,31,18,50,20,33,91,28,172,10,4,14,186
07/01/2023,ACY,NJ,AEA,EN,Combined TRACON& Tower with Radar,16,27,35,2,80,0,0,38,3,41,16,27,73,5,121,12,1,13,134
07/02/2023,ACY,NJ,AEA,EN,Combined TRACON& Tower with Radar,20,32,27,3,82,0,0,12,6,18,20,32,39,9,100,12,0,12,112
07/03/2023,ACY,NJ,AEA,EN,Combined TRACON& Tower with Radar,17,17,27,5,66,0,1,47,7,55,17,18,74,12,121,72,0,72,193
07/04/2023,ACY,NJ,AEA,EN,Combined TRACON& Tower with Radar,10,16,10,2,38,0,0,32,1,33,10,16,42,3,71,34,0,34,105
07/05/2023,ACY,NJ,AEA,EN,Combined TRACON& Tower with Radar,16,17,20,23,76,0,1,62,15,78,16,18,82,38,154,22,52,74,228
07/06/2023,ACY,NJ,AEA,EN,Combined TRACON& Tower with Radar,17,24,25,41,107,0,1,67,42,110,17,25,92,83,217,1,94,95,312
07/07/2023,ACY,NJ,AEA,EN,Combined TRACON& Tower with Radar,18,29,42,22,111,0,0,28,30,58,18,29,70,52,169,40,36,76,245
07/08/2023,ACY,NJ,AEA,EN,Combined TRACON& Tower with Radar,17,22,31,1,71,0,0,17,6,23,17,22,48,7,94,29,4,33,127
07/09/2023,ACY,NJ,AEA,EN,Combined TRACON& Tower with Radar,18,13,24,4,59,0,0,5,3,8,18,13,29,7,67,28,0,28,95
07/10/2023,ACY,NJ,AEA,EN,Combined TRACON& Tower with Radar,24,21,37,12,94,0,0,59,42,101,24,21,96,54,195,8,22,30,225
07/11/2023,ACY,NJ,AEA,EN,Combined TRACON& Tower with Radar,18,10,34,18,80,0,0,77,38,115,18,10,111,56,195,74,46,120,315
07/12/2023,ACY,NJ,AEA,EN,Combined TRACON& Tower with Radar,14,13,33,31,91,0,4,77,39,120,14,17,110,70,211,64,92,156,367
07/13/2023,ACY,NJ,AEA,EN,Combined TRACON& Tower with Radar,17,28,35,27,107,0,5,44,45,94,17,33,79,72,201,32,56,88,289
07/14/2023,ACY,NJ,AEA,EN,Combined TRACON& Tower with Radar,20,23,20,32,95,0,1,36,25,62,20,24,56,57,157,28,44,72,229
07/15/2023,ACY,NJ,AEA,EN,Combined TRACON& Tower with Radar,16,19,13,12,60,0,0,22,6,28,16,19,35,18,88,12,34,46,134
07/16/2023,ACY,NJ,AEA,EN,Combined TRACON& Tower with Radar,18,17,27,0,62,0,0,0,0,0,18,17,27,0,62,0,0,0,62
07/17/2023,ACY,NJ,AEA,EN,Combined TRACON& Tower with Radar,21,15,32,24,92,0,0,39,22,61,21,15,71,46,153,6,80,86,239
07/18/2023,ACY,NJ,AEA,EN,Combined TRACON& Tower with Radar,14,16,25,24,79,0,2,40,41,83,14,18,65,65,162,78,50,128,290
07/19/2023,ACY,NJ,AEA,EN,Combined TRACON& Tower with Radar,16,10,24,18,68,0,0,19,25,44,16,10,43,43,112,27,40,67,179
07/20/2023,ACY,NJ,AEA,EN,Combined TRACON& Tower with Radar,21,30,38,20,109,0,0,33,31,64,21,30,71,51,173,26,28,54,227
07/21/2023,ACY,NJ,AEA,EN,Combined TRACON& Tower with Radar,16,36,27,18,97,0,0,26,29,55,16,36,53,47,152,16,32,48,200
07/22/2023,ACY,NJ,AEA,EN,Combined TRACON& Tower with Radar,15,20,20,0,55,0,0,49,3,52,15,20,69,3,107,8,0,8,115
07/23/2023,ACY,NJ,AEA,EN,Combined TRACON& Tower with Radar,18,33,50,2,103,0,0,56,3,59,18,33,106,5,162,10,0,10,172
07/24/2023,ACY,NJ,AEA,EN,Combined TRACON& Tower with Radar,17,20,44,13,94,0,3,51,31,85,17,23,95,44,179,26,67,93,272
07/25/2023,ACY,NJ,AEA,EN,Combined TRACON& Tower with Radar,16,24,23,28,91,0,0,26,20,46,16,24,49,48,137,10,34,44,181
07/26/2023,ACY,NJ,AEA,EN,Combined TRACON& Tower with Radar,14,21,53,26,114,0,2,76,23,101,14,23,129,49,215,68,44,112,327
07/27/2023,ACY,NJ,AEA,EN,Combined TRACON& Tower with Radar,19,23,29,26,97,0,0,18,28,46,19,23,47,54,143,18,42,60,203
07/28/2023,ACY,NJ,AEA,EN,Combined TRACON& Tower with Radar,20,26,47,12,105,0,0,46,25,71,20,26,93,37,176,6,40,46,222
07/29/2023,ACY,NJ,AEA,EN,Combined TRACON& Tower with Radar,16,18,26,6,66,0,1,41,6,48,16,19,67,12,114,2,0,2,116
07/30/2023,ACY,NJ,AEA,EN,Combined TRACON& Tower with Radar,16,24,43,3,86,0,2,43,6,51,16,26,86,9,137,14,0,14,151
07/31/2023,ACY,NJ,AEA,EN,Combined TRACON& Tower with Radar,17,10,39,12,78,0,3,39,14,56,17,13,78,26,134,18,10,28,162
08/01/2023,ACY,NJ,AEA,EN,Combined TRACON& Tower with Radar,17,13,26,46,102,0,4,55,26,85,17,17,81,72,187,30,60,90,277
08/02/2023,ACY,NJ,AEA,EN,Combined TRACON& Tower with Radar,15,13,40,47,115,0,0,88,26,114,15,13,128,73,229,30,80,110,339
08/03/2023,ACY,NJ,AEA,EN,Combined TRACON& Tower with Radar,17,20,36,25,98,0,3,55,21,79,17,23,91,46,177,41,26,67,244
08/04/2023,ACY,NJ,AEA,EN,Combined TRACON& Tower with Radar,17,37,58,38,150,0,0,3,0,3,17,37,61,38,153,0,0,0,153
08/05/2023,ACY,NJ,AEA,EN,Combined TRACON& Tower with Radar,18,15,23,15,71,0,0,27,4,31,18,15,50,19,102,0,0,0,102
08/06/2023,ACY,NJ,AEA,EN,Combined TRACON& Tower with Radar,19,18,29,0,66,0,2,73,10,85,19,20,102,10,151,50,0,50,201
08/07/2023,ACY,NJ,AEA,EN,Combined TRACON& Tower with Radar,17,18,25,6,66,0,0,3,11,14,17,18,28,17,80,12,24,36,116
08/08/2023,ACY,NJ,AEA,EN,Combined TRACON& Tower with Radar,21,25,45,26,117,0,0,49,35,84,21,25,94,61,201,21,26,47,248
08/09/2023,ACY,NJ,AEA,EN,Combined TRACON& Tower with Radar,15,18,35,25,93,0,0,62,28,90,15,18,97,53,183,20,30,50,233
08/10/2023,ACY,NJ,AEA,EN,Combined TRACON& Tower with Radar,22,23,19,36,100,0,0,17,11,28,22,23,36,47,128,40,28,68,196
08/11/2023,ACY,NJ,AEA,EN,Combined TRACON& Tower with Radar,22,28,57,12,119,0,0,65,21,86,22,28,122,33,205,26,48,74,279
08/12/2023,ACY,NJ,AEA,EN,Combined TRACON& Tower with Radar,23,25,31,24,103,0,1,59,11,71,23,26,90,35,174,42,8,50,224
08/13/2023,ACY,NJ,AEA,EN,Combined TRACON& Tower with Radar,22,26,30,7,85,0,3,51,14,68,22,29,81,21,153,20,0,20,173
08/14/2023,ACY,NJ,AEA,EN,Combined TRACON& Tower with Radar,21,23,27,8,79,0,2,40,20,62,21,25,67,28,141,14,0,14,155
08/15/2023,ACY,NJ,AEA,EN,Combined TRACON& Tower with Radar,16,12,20,4,52,0,3,35,23,61,16,15,55,27,113,0,26,26,139
08/16/2023,ACY,NJ,AEA,EN,Combined TRACON& Tower with Radar,15,21,41,7,84,2,4,31,27,64,17,25,72,34,148,0,2,2,150
08/17/2023,ACY,NJ,AEA,EN,Combined TRACON& Tower with Radar,21,20,52,31,124,0,0,42,22,64,21,20,94,53,188,18,16,34,222
08/18/2023,ACY,NJ,AEA,EN,Combined TRACON& Tower with Radar,22,27,35,9,93,0,4,48,25,77,22,31,83,34,170,26,24,50,220
08/19/2023,ACY,NJ,AEA,EN,Combined TRACON& Tower with Radar,19,19,21,4,63,0,3,34,3,40,19,22,55,7,103,56,0,56,159
08/20/2023,ACY,NJ,AEA,EN,Combined TRACON& Tower with Radar,23,24,19,1,67,0,0,35,1,36,23,24,54,2,103,12,0,12,115
08/21/2023,ACY,NJ,AEA,EN,Combined TRACON& Tower with Radar,25,19,27,11,82,0,0,33,18,51,25,19,60,29,133,22,18,40,173
08/22/2023,ACY,NJ,AEA,EN,Combined TRACON& Tower with Radar,16,13,20,19,68,0,2,41,23,66,16,15,61,42,134,48,80,128,262
08/23/2023,ACY,NJ,AEA,EN,Combined TRACON& Tower with Radar,17,10,24,34,85,0,1,60,21,82,17,11,84,55,167,20,30,50,217
08/24/2023,ACY,NJ,AEA,EN,Combined TRACON& Tower with Radar,23,20,32,60,135,0,0,22,28,50,23,20,54,88,185,28,68,96,281
08/25/2023,ACY,NJ,AEA,EN,Combined TRACON& Tower with Radar,22,22,26,16,86,0,0,21,19,40,22,22,47,35,126,13,12,25,151
08/26/2023,ACY,NJ,AEA,EN,Combined TRACON& Tower with Radar,19,18,19,2,58,0,0,38,3,41,19,18,57,5,99,12,0,12,111
08/27/2023,ACY,NJ,AEA,EN,Combined TRACON& Tower with Radar,23,32,31,0,86,0,2,56,1,59,23,34,87,1,145,30,0,30,175
08/28/2023,ACY,NJ,AEA,EN,Combined TRACON& Tower with Radar,22,13,40,39,114,0,1,17,23,41,22,14,57,62,155,22,18,40,195
08/29/2023,ACY,NJ,AEA,EN,Combined TRACON& Tower with Radar,15,20,47,33,115,0,0,3,9,12,15,20,50,42,127,0,0,0,127
08/30/2023,ACY,NJ,AEA,EN,Combined TRACON& Tower with Radar,14,14,24,29,81,0,0,25,25,50,14,14,49,54,131,28,38,66,197
08/31/2023,ACY,NJ,AEA,EN,Combined TRACON& Tower with Radar,21,18,17,40,96,0,1,54,20,75,21,19,71,60,171,60,72,132,303
