01/01/2020,ADQ,AK,AAL,WE,Federal Contract Tower,2,0,0,2,4,0,0,0,3,3,2,0,0,5,7,0,0,0,7
01/02/2020,ADQ,AK,AAL,WE,Federal Contract Tower,4,2,0,2,8,0,8,30,6,44,4,10,30,8,52,10,2,12,64
01/03/2020,ADQ,AK,AAL,WE,Federal Contract Tower,2,4,0,3,9,0,0,3,2,5,2,4,3,5,14,0,8,8,22
01/04/2020,ADQ,AK,AAL,WE,Federal Contract Tower,3,4,0,0,7,1,0,40,7,48,4,4,40,7,55,0,0,0,55
01/05/2020,ADQ,AK,AAL,WE,Federal Contract Tower,6,11,0,0,17,0,16,6,0,22,6,27,6,0,39,24,0,24,63
01/06/2020,ADQ,AK,AAL,WE,Federal Contract Tower,6,2,0,2,10,0,1,45,16,62,6,3,45,18,72,0,0,0,72
01/07/2020,ADQ,AK,AAL,WE,Federal Contract Tower,4,8,0,0,12,0,2,26,17,45,4,10,26,17,57,0,52,52,109
01/08/2020,ADQ,AK,AAL,WE,Federal Contract Tower,4,4,0,2,10,0,2,30,24,56,4,6,30,26,66,6,43,49,115
01/09/2020,ADQ,AK,AAL,WE,Federal Contract Tower,4,6,0,2,12,0,2,12,15,29,4,8,12,17,41,36,0,36,77
01/10/2020,ADQ,AK,AAL,WE,Federal Contract Tower,4,9,5,9,27,0,1,12,9,22,4,10,17,18,49,0,122,122,171
01/11/2020,ADQ,AK,AAL,WE,Federal Contract Tower,4,3,0,0,7,0,1,38,8,47,4,4,38,8,54,0,2,2,56
01/12/2020,ADQ,AK,AAL,WE,Federal Contract Tower,4,4,1,0,9,0,0,7,3,10,4,4,8,3,19,0,18,18,37
01/13/2020,ADQ,AK,AAL,WE,Federal Contract Tower,4,6,3,2,15,0,3,37,30,70,4,9,40,32,85,0,92,92,177
01/14/2020,ADQ,AK,AAL,WE,Federal Contract Tower,5,4,0,0,9,0,4,32,46,82,5,8,32,46,91,0,126,126,217
01/15/2020,ADQ,AK,AAL,WE,Federal Contract Tower,4,5,0,2,11,0,3,26,36,65,4,8,26,38,76,0,52,52,128
01/16/2020,ADQ,AK,AAL,WE,Federal Contract Tower,4,6,2,1,13,0,1,30,27,58,4,7,32,28,71,0,104,104,175
01/17/2020,ADQ,AK,AAL,WE,Federal Contract Tower,4,10,1,1,16,0,1,2,2,5,4,11,3,3,21,0,0,0,21
01/18/2020,ADQ,AK,AAL,WE,Federal Contract Tower,2,0,0,1,3,0,0,0,0,0,2,0,0,1,3,0,0,0,3
01/19/2020,ADQ,AK,AAL,WE,Federal Contract Tower,4,6,0,1,11,0,0,19,4,23,4,6,19,5,34,0,18,18,52
01/20/2020,ADQ,AK,AAL,WE,Federal Contract Tower,4,4,0,0,8,0,2,12,7,21,4,6,12,7,29,0,2,2,31
01/21/2020,ADQ,AK,AAL,WE,Federal Contract Tower,4,4,0,2,10,0,2,22,34,58,4,6,22,36,68,0,38,38,106
01/22/2020,ADQ,AK,AAL,WE,Federal Contract Tower,2,5,1,1,9,0,1,39,23,63,2,6,40,24,72,0,12,12,84
01/23/2020,ADQ,AK,AAL,WE,Federal Contract Tower,2,3,0,3,8,0,7,14,11,32,2,10,14,14,40,50,0,50,90
01/24/2020,ADQ,AK,AAL,WE,Federal Contract Tower,4,7,0,3,14,0,7,34,7,48,4,14,34,10,62,0,0,0,62
01/25/2020,ADQ,AK,AAL,WE,Federal Contract Tower,4,3,0,2,9,0,0,32,4,36,4,3,32,6,45,0,0,0,45
01/26/2020,ADQ,AK,AAL,WE,Federal Contract Tower,6,6,0,2,14,0,0,9,4,13,6,6,9,6,27,0,0,0,27
01/27/2020,ADQ,AK,AAL,WE,Federal Contract Tower,4,9,0,1,14,0,1,31,10,42,4,10,31,11,56,0,20,20,76
01/28/2020,ADQ,AK,AAL,WE,Federal Contract Tower,2,4,0,1,7,0,1,8,3,12,2,5,8,4,19,0,0,0,19
01/29/2020,ADQ,AK,AAL,WE,Federal Contract Tower,0,0,0,0,0,0,0,0,0,0,0,0,0,0,0,0,0,0,0
01/30/2020,ADQ,AK,AAL,WE,Federal Contract Tower,3,13,4,3,23,0,4,18,11,33,3,17,22,14,56,0,2,2,58
01/31/2020,ADQ,AK,AAL,WE,Federal Contract Tower,4,5,0,1,10,0,2,33,17,52,4,7,33,18,62,0,52,52,114
02/01/2020,ADQ,AK,AAL,WE,Federal Contract Tower,4,6,0,0,10,0,4,0,1,5,4,10,0,1,15,0,0,0,15
02/02/2020,ADQ,AK,AAL,WE,Federal Contract Tower,2,0,0,0,2,0,0,0,0,0,2,0,0,0,2,0,0,0,2
02/03/2020,ADQ,AK,AAL,WE,Federal Contract Tower,4,8,0,3,15,0,0,0,1,1,4,8,0,4,16,0,0,0,16
02/04/2020,ADQ,AK,AAL,WE,Federal Contract Tower,4,5,0,6,15,0,0,0,4,4,4,5,0,10,19,0,0,0,19
02/05/2020,ADQ,AK,AAL,WE,Federal Contract Tower,2,6,0,2,10,0,5,25,17,47,2,11,25,19,57,0,16,16,73
02/06/2020,ADQ,AK,AAL,WE,Federal Contract Tower,4,6,0,5,15,0,5,49,7,61,4,11,49,12,76,0,22,22,98
02/07/2020,ADQ,AK,AAL,WE,Federal Contract Tower,4,9,0,2,15,0,2,50,14,66,4,11,50,16,81,12,0,12,93
02/08/2020,ADQ,AK,AAL,WE,Federal Contract Tower,2,6,0,0,8,0,3,14,5,22,2,9,14,5,30,0,0,0,30
02/09/2020,ADQ,AK,AAL,WE,Federal Contract Tower,4,8,0,0,12,0,2,21,6,29,4,10,21,6,41,0,8,8,49
02/10/2020,ADQ,AK,AAL,WE,Federal Contract Tower,4,4,0,1,9,0,2,38,14,54,4,6,38,15,63,0,26,26,89
02/11/2020,ADQ,AK,AAL,WE,Federal Contract Tower,4,4,4,2,14,0,1,18,8,27,4,5,22,10,41,0,2,2,43
02/12/2020,ADQ,AK,AAL,WE,Federal Contract Tower,2,5,5,0,12,0,0,12,14,26,2,5,17,14,38,0,8,8,46
02/13/2020,ADQ,AK,AAL,WE,Federal Contract Tower,4,6,1,3,14,0,5,37,28,70,4,11,38,31,84,0,8,8,92
02/14/2020,ADQ,AK,AAL,WE,Federal Contract Tower,4,9,0,0,13,0,0,17,4,21,4,9,17,4,34,0,0,0,34
02/15/2020,ADQ,AK,AAL,WE,Federal Contract Tower,4,8,0,1,13,0,0,30,3,33,4,8,30,4,46,0,0,0,46
02/16/2020,ADQ,AK,AAL,WE,Federal Contract Tower,4,10,1,1,16,0,0,18,5,23,4,10,19,6,39,6,22,28,67
02/17/2020,ADQ,AK,AAL,WE,Federal Contract Tower,4,7,0,2,13,0,0,10,0,10,4,7,10,2,23,14,2,16,39
02/18/2020,ADQ,AK,AAL,WE,Federal Contract Tower,8,5,0,3,16,2,2,38,21,63,10,7,38,24,79,4,48,52,131
02/19/2020,ADQ,AK,AAL,WE,Federal Contract Tower,2,7,0,0,9,0,2,36,22,60,2,9,36,22,69,0,140,140,209
02/20/2020,ADQ,AK,AAL,WE,Federal Contract Tower,2,10,0,2,14,0,3,19,25,47,2,13,19,27,61,0,14,14,75
02/21/2020,ADQ,AK,AAL,WE,Federal Contract Tower,3,8,0,0,11,1,4,9,18,32,4,12,9,18,43,4,0,4,47
02/22/2020,ADQ,AK,AAL,WE,Federal Contract Tower,2,4,1,0,7,0,1,20,5,26,2,5,21,5,33,0,6,6,39
02/23/2020,ADQ,AK,AAL,WE,Federal Contract Tower,4,7,0,0,11,0,1,9,5,15,4,8,9,5,26,0,0,0,26
02/24/2020,ADQ,AK,AAL,WE,Federal Contract Tower,6,9,0,1,16,0,0,4,8,12,6,9,4,9,28,0,16,16,44
02/25/2020,ADQ,AK,AAL,WE,Federal Contract Tower,2,2,0,0,4,0,0,0,0,0,2,2,0,0,4,0,0,0,4
02/26/2020,ADQ,AK,AAL,WE,Federal Contract Tower,4,14,1,0,19,0,7,32,22,61,4,21,33,22,80,2,12,14,94
02/27/2020,ADQ,AK,AAL,WE,Federal Contract Tower,4,12,1,2,19,0,4,32,17,53,4,16,33,19,72,0,24,24,96
02/28/2020,ADQ,AK,AAL,WE,Federal Contract Tower,4,6,0,0,10,0,4,33,8,45,4,10,33,8,55,4,20,24,79
02/29/2020,ADQ,AK,AAL,WE,Federal Contract Tower,4,6,0,0,10,0,0,0,0,0,4,6,0,0,10,0,0,0,10
03/01/2020,ADQ,AK,AAL,WE,Federal Contract Tower,4,11,0,0,15,0,0,9,4,13,4,11,9,4,28,2,0,2,30
03/02/2020,ADQ,AK,AAL,WE,Federal Contract Tower,3,5,0,1,9,1,3,42,12,58,4,8,42,13,67,4,62,66,133
03/03/2020,ADQ,AK,AAL,WE,Federal Contract Tower,4,7,0,2,13,0,3,24,23,50,4,10,24,25,63,0,18,18,81
03/04/2020,ADQ,AK,AAL,WE,Federal Contract Tower,2,4,0,0,6,0,5,0,14,19,2,9,0,14,25,0,8,8,33
03/05/2020,ADQ,AK,AAL,WE,Federal Contract Tower,4,12,0,0,16,0,1,30,35,66,4,13,30,35,82,0,48,48,130
03/06/2020,ADQ,AK,AAL,WE,Federal Contract Tower,4,5,0,4,13,0,5,48,19,72,4,10,48,23,85,0,22,22,107
03/07/2020,ADQ,AK,AAL,WE,Federal Contract Tower,2,9,0,0,11,0,0,28,3,31,2,9,28,3,42,0,0,0,42
03/08/2020,ADQ,AK,AAL,WE,Federal Contract Tower,4,11,0,0,15,0,1,24,8,33,4,12,24,8,48,0,10,10,58
03/09/2020,ADQ,AK,AAL,WE,Federal Contract Tower,4,9,0,2,15,0,7,24,13,44,4,16,24,15,59,0,12,12,71
03/10/2020,ADQ,AK,AAL,WE,Federal Contract Tower,2,11,0,0,13,0,2,4,10,16,2,13,4,10,29,0,28,28,57
03/11/2020,ADQ,AK,AAL,WE,Federal Contract Tower,2,8,2,1,13,0,9,42,40,91,2,17,44,41,104,0,46,46,150
03/12/2020,ADQ,AK,AAL,WE,Federal Contract Tower,4,7,0,2,13,0,5,40,10,55,4,12,40,12,68,0,0,0,68
03/13/2020,ADQ,AK,AAL,WE,Federal Contract Tower,4,12,0,1,17,0,4,55,51,110,4,16,55,52,127,0,0,0,127
03/14/2020,ADQ,AK,AAL,WE,Federal Contract Tower,2,12,0,0,14,0,2,50,7,59,2,14,50,7,73,0,0,0,73
03/15/2020,ADQ,AK,AAL,WE,Federal Contract Tower,4,2,0,0,6,0,0,25,6,31,4,2,25,6,37,0,0,0,37
03/16/2020,ADQ,AK,AAL,WE,Federal Contract Tower,4,9,0,3,16,0,7,34,15,56,4,16,34,18,72,31,0,31,103
03/17/2020,ADQ,AK,AAL,WE,Federal Contract Tower,4,9,0,6,19,0,3,32,26,61,4,12,32,32,80,0,38,38,118
03/18/2020,ADQ,AK,AAL,WE,Federal Contract Tower,2,7,0,1,10,0,2,31,20,53,2,9,31,21,63,0,6,6,69
03/19/2020,ADQ,AK,AAL,WE,Federal Contract Tower,6,11,3,3,23,0,5,24,15,44,6,16,27,18,67,4,12,16,83
03/20/2020,ADQ,AK,AAL,WE,Federal Contract Tower,6,5,0,0,11,0,4,50,2,56,6,9,50,2,67,16,0,16,83
03/21/2020,ADQ,AK,AAL,WE,Federal Contract Tower,4,8,0,1,13,0,0,19,3,22,4,8,19,4,35,4,0,4,39
03/22/2020,ADQ,AK,AAL,WE,Federal Contract Tower,4,4,0,0,8,0,1,5,2,8,4,5,5,2,16,14,0,14,30
03/23/2020,ADQ,AK,AAL,WE,Federal Contract Tower,5,9,0,0,14,1,2,21,11,35,6,11,21,11,49,0,0,0,49
03/24/2020,ADQ,AK,AAL,WE,Federal Contract Tower,3,4,0,0,7,1,1,13,28,43,4,5,13,28,50,0,28,28,78
03/25/2020,ADQ,AK,AAL,WE,Federal Contract Tower,2,5,0,0,7,0,2,32,11,45,2,7,32,11,52,0,40,40,92
03/26/2020,ADQ,AK,AAL,WE,Federal Contract Tower,4,6,1,0,11,0,5,11,20,36,4,11,12,20,47,0,10,10,57
03/27/2020,ADQ,AK,AAL,WE,Federal Contract Tower,4,13,1,1,19,0,2,22,18,42,4,15,23,19,61,0,56,56,117
03/28/2020,ADQ,AK,AAL,WE,Federal Contract Tower,4,4,0,2,10,0,0,4,0,4,4,4,4,2,14,0,0,0,14
03/29/2020,ADQ,AK,AAL,WE,Federal Contract Tower,2,0,0,0,2,0,0,2,5,7,2,0,2,5,9,0,32,32,41
03/30/2020,ADQ,AK,AAL,WE,Federal Contract Tower,3,3,0,1,7,1,3,35,12,51,4,6,35,13,58,0,20,20,78
03/31/2020,ADQ,AK,AAL,WE,Federal Contract Tower,4,4,0,1,9,0,4,35,20,59,4,8,35,21,68,0,40,40,108
04/01/2020,ADQ,AK,AAL,WE,Federal Contract Tower,2,10,3,3,18,0,0,9,16,25,2,10,12,19,43,0,10,10,53
04/02/2020,ADQ,AK,AAL,WE,Federal Contract Tower,2,8,2,2,14,0,0,15,32,47,2,8,17,34,61,0,16,16,77
04/03/2020,ADQ,AK,AAL,WE,Federal Contract Tower,2,3,0,0,5,0,3,35,15,53,2,6,35,15,58,2,86,88,146
04/04/2020,ADQ,AK,AAL,WE,Federal Contract Tower,0,0,0,0,0,0,0,30,6,36,0,0,30,6,36,0,2,2,38
04/05/2020,ADQ,AK,AAL,WE,Federal Contract Tower,0,4,0,0,4,0,0,9,4,13,0,4,9,4,17,0,22,22,39
04/06/2020,ADQ,AK,AAL,WE,Federal Contract Tower,0,1,0,2,3,0,3,10,12,25,0,4,10,14,28,0,18,18,46
04/07/2020,ADQ,AK,AAL,WE,Federal Contract Tower,2,5,0,2,9,0,0,0,0,0,2,5,0,2,9,0,0,0,9
04/08/2020,ADQ,AK,AAL,WE,Federal Contract Tower,2,7,0,1,10,0,0,25,13,38,2,7,25,14,48,0,10,10,58
04/09/2020,ADQ,AK,AAL,WE,Federal Contract Tower,2,2,0,1,5,0,3,37,36,76,2,5,37,37,81,0,66,66,147
04/10/2020,ADQ,AK,AAL,WE,Federal Contract Tower,2,2,0,5,9,0,3,54,32,89,2,5,54,37,98,6,52,58,156
04/11/2020,ADQ,AK,AAL,WE,Federal Contract Tower,0,1,0,1,2,0,1,18,3,22,0,2,18,4,24,0,0,0,24
04/12/2020,ADQ,AK,AAL,WE,Federal Contract Tower,0,2,3,2,7,0,0,0,0,0,0,2,3,2,7,0,0,0,7
04/13/2020,ADQ,AK,AAL,WE,Federal Contract Tower,0,8,0,1,9,0,0,0,0,0,0,8,0,1,9,0,0,0,9
04/14/2020,ADQ,AK,AAL,WE,Federal Contract Tower,2,0,0,0,2,0,0,0,0,0,2,0,0,0,2,0,0,0,2
04/15/2020,ADQ,AK,AAL,WE,Federal Contract Tower,2,9,3,0,14,0,4,45,18,67,2,13,48,18,81,0,16,16,97
04/16/2020,ADQ,AK,AAL,WE,Federal Contract Tower,2,0,1,1,4,0,2,32,17,51,2,2,33,18,55,38,0,38,93
04/17/2020,ADQ,AK,AAL,WE,Federal Contract Tower,2,10,0,2,14,0,2,58,29,89,2,12,58,31,103,0,74,74,177
04/18/2020,ADQ,AK,AAL,WE,Federal Contract Tower,0,2,0,1,3,0,0,38,5,43,0,2,38,6,46,0,0,0,46
04/19/2020,ADQ,AK,AAL,WE,Federal Contract Tower,0,5,2,0,7,0,0,9,3,12,0,5,11,3,19,0,0,0,19
04/20/2020,ADQ,AK,AAL,WE,Federal Contract Tower,4,2,0,0,6,0,0,0,0,0,4,2,0,0,6,0,0,0,6
04/21/2020,ADQ,AK,AAL,WE,Federal Contract Tower,1,3,19,3,26,0,0,1,4,5,1,3,20,7,31,0,8,8,39
04/22/2020,ADQ,AK,AAL,WE,Federal Contract Tower,2,14,1,2,19,0,0,26,16,42,2,14,27,18,61,14,84,98,159
04/23/2020,ADQ,AK,AAL,WE,Federal Contract Tower,2,2,9,0,13,0,0,0,0,0,2,2,9,0,13,0,0,0,13
04/24/2020,ADQ,AK,AAL,WE,Federal Contract Tower,2,2,0,0,4,0,0,0,0,0,2,2,0,0,4,0,0,0,4
04/25/2020,ADQ,AK,AAL,WE,Federal Contract Tower,0,6,14,6,26,0,0,17,0,17,0,6,31,6,43,0,10,10,53
04/26/2020,ADQ,AK,AAL,WE,Federal Contract Tower,0,4,0,0,4,0,1,13,9,23,0,5,13,9,27,2,16,18,45
04/27/2020,ADQ,AK,AAL,WE,Federal Contract Tower,4,1,0,1,6,0,3,38,2,43,4,4,38,3,49,14,10,24,73
04/28/2020,ADQ,AK,AAL,WE,Federal Contract Tower,2,2,2,1,7,0,5,31,34,70,2,7,33,35,77,6,20,26,103
04/29/2020,ADQ,AK,AAL,WE,Federal Contract Tower,1,2,0,2,5,1,2,25,12,40,2,4,25,14,45,10,6,16,61
04/30/2020,ADQ,AK,AAL,WE,Federal Contract Tower,2,2,0,2,6,0,4,40,17,61,2,6,40,19,67,18,28,46,113
05/01/2020,ADQ,AK,AAL,WE,Federal Contract Tower,2,3,0,2,7,0,3,39,12,54,2,6,39,14,61,28,12,40,101
05/02/2020,ADQ,AK,AAL,WE,Federal Contract Tower,2,0,0,0,2,0,0,19,6,25,2,0,19,6,27,18,20,38,65
05/03/2020,ADQ,AK,AAL,WE,Federal Contract Tower,2,2,0,0,4,0,2,11,4,17,2,4,11,4,21,0,0,0,21
05/04/2020,ADQ,AK,AAL,WE,Federal Contract Tower,4,6,2,4,16,0,0,18,2,20,4,6,20,6,36,0,2,2,38
05/05/2020,ADQ,AK,AAL,WE,Federal Contract Tower,2,7,0,2,11,0,0,26,12,38,2,7,26,14,49,0,24,24,73
05/06/2020,ADQ,AK,AAL,WE,Federal Contract Tower,2,9,3,5,19,0,1,29,3,33,2,10,32,8,52,0,0,0,52
05/07/2020,ADQ,AK,AAL,WE,Federal Contract Tower,2,4,0,0,6,0,0,0,2,2,2,4,0,2,8,0,0,0,8
05/08/2020,ADQ,AK,AAL,WE,Federal Contract Tower,2,10,28,16,56,0,0,1,0,1,2,10,29,16,57,0,0,0,57
05/09/2020,ADQ,AK,AAL,WE,Federal Contract Tower,0,2,17,0,19,0,0,7,0,7,0,2,24,0,26,0,0,0,26
05/10/2020,ADQ,AK,AAL,WE,Federal Contract Tower,0,4,3,2,9,0,0,12,9,21,0,4,15,11,30,0,0,0,30
05/11/2020,ADQ,AK,AAL,WE,Federal Contract Tower,3,4,2,3,12,1,1,43,13,58,4,5,45,16,70,38,26,64,134
05/12/2020,ADQ,AK,AAL,WE,Federal Contract Tower,2,1,0,2,5,0,4,37,35,76,2,5,37,37,81,34,18,52,133
05/13/2020,ADQ,AK,AAL,WE,Federal Contract Tower,2,5,0,3,10,0,1,33,14,48,2,6,33,17,58,34,16,50,108
05/14/2020,ADQ,AK,AAL,WE,Federal Contract Tower,7,4,0,1,12,1,3,28,17,49,8,7,28,18,61,0,40,40,101
05/15/2020,ADQ,AK,AAL,WE,Federal Contract Tower,2,5,23,7,37,0,0,0,0,0,2,5,23,7,37,4,0,4,41
05/16/2020,ADQ,AK,AAL,WE,Federal Contract Tower,0,5,0,2,7,0,0,37,4,41,0,5,37,6,48,0,0,0,48
05/17/2020,ADQ,AK,AAL,WE,Federal Contract Tower,0,0,0,0,0,0,4,16,6,26,0,4,16,6,26,90,40,130,156
05/18/2020,ADQ,AK,AAL,WE,Federal Contract Tower,4,6,0,0,10,0,0,0,0,0,4,6,0,0,10,0,0,0,10
05/19/2020,ADQ,AK,AAL,WE,Federal Contract Tower,2,6,0,2,10,0,2,40,30,72,2,8,40,32,82,0,52,52,134
05/20/2020,ADQ,AK,AAL,WE,Federal Contract Tower,2,2,2,1,7,0,5,45,20,70,2,7,47,21,77,38,22,60,137
05/21/2020,ADQ,AK,AAL,WE,Federal Contract Tower,0,7,9,7,23,0,0,0,0,0,0,7,9,7,23,0,0,0,23
05/22/2020,ADQ,AK,AAL,WE,Federal Contract Tower,4,10,13,5,32,0,1,41,5,47,4,11,54,10,79,0,0,0,79
05/23/2020,ADQ,AK,AAL,WE,Federal Contract Tower,0,0,3,2,5,0,0,20,7,27,0,0,23,9,32,4,0,4,36
05/24/2020,ADQ,AK,AAL,WE,Federal Contract Tower,0,0,0,0,0,0,4,15,5,24,0,4,15,5,24,38,0,38,62
05/25/2020,ADQ,AK,AAL,WE,Federal Contract Tower,2,0,0,0,2,0,0,24,9,33,2,0,24,9,35,12,0,12,47
05/26/2020,ADQ,AK,AAL,WE,Federal Contract Tower,2,3,1,0,6,0,4,32,26,62,2,7,33,26,68,42,2,44,112
05/27/2020,ADQ,AK,AAL,WE,Federal Contract Tower,3,4,0,3,10,1,0,45,18,64,4,4,45,21,74,40,46,86,160
05/28/2020,ADQ,AK,AAL,WE,Federal Contract Tower,2,8,1,0,11,0,4,39,26,69,2,12,40,26,80,0,0,0,80
05/29/2020,ADQ,AK,AAL,WE,Federal Contract Tower,1,2,0,4,7,1,3,55,18,77,2,5,55,22,84,0,54,54,138
05/30/2020,ADQ,AK,AAL,WE,Federal Contract Tower,0,0,0,0,0,0,0,36,6,42,0,0,36,6,42,48,32,80,122
05/31/2020,ADQ,AK,AAL,WE,Federal Contract Tower,0,4,8,1,13,0,0,13,3,16,0,4,21,4,29,0,8,8,37
06/01/2020,ADQ,AK,AAL,WE,Federal Contract Tower,3,6,16,3,28,0,0,10,4,14,3,6,26,7,42,0,0,0,42
06/02/2020,ADQ,AK,AAL,WE,Federal Contract Tower,2,12,2,0,16,0,1,28,18,47,2,13,30,18,63,0,24,24,87
06/03/2020,ADQ,AK,AAL,WE,Federal Contract Tower,2,8,2,1,13,0,0,39,17,56,2,8,41,18,69,0,50,50,119
06/04/2020,ADQ,AK,AAL,WE,Federal Contract Tower,2,6,0,2,10,0,0,54,41,95,2,6,54,43,105,30,106,136,241
06/05/2020,ADQ,AK,AAL,WE,Federal Contract Tower,2,5,4,0,11,0,2,49,17,68,2,7,53,17,79,0,0,0,79
06/06/2020,ADQ,AK,AAL,WE,Federal Contract Tower,2,0,0,1,3,0,0,33,5,38,2,0,33,6,41,17,12,29,70
06/07/2020,ADQ,AK,AAL,WE,Federal Contract Tower,2,2,0,0,4,0,2,29,5,36,2,4,29,5,40,12,4,16,56
06/08/2020,ADQ,AK,AAL,WE,Federal Contract Tower,4,1,0,1,6,0,5,54,13,72,4,6,54,14,78,30,2,32,110
06/09/2020,ADQ,AK,AAL,WE,Federal Contract Tower,2,5,1,5,13,0,1,24,19,44,2,6,25,24,57,0,34,34,91
06/10/2020,ADQ,AK,AAL,WE,Federal Contract Tower,2,2,0,3,7,0,2,42,28,72,2,4,42,31,79,0,34,34,113
06/11/2020,ADQ,AK,AAL,WE,Federal Contract Tower,2,5,0,0,7,0,1,59,23,83,2,6,59,23,90,4,58,62,152
06/12/2020,ADQ,AK,AAL,WE,Federal Contract Tower,2,6,0,1,9,0,0,56,10,66,2,6,56,11,75,30,6,36,111
06/13/2020,ADQ,AK,AAL,WE,Federal Contract Tower,2,0,0,0,2,0,3,53,4,60,2,3,53,4,62,60,0,60,122
06/14/2020,ADQ,AK,AAL,WE,Federal Contract Tower,2,1,1,0,4,0,3,27,5,35,2,4,28,5,39,0,10,10,49
06/15/2020,ADQ,AK,AAL,WE,Federal Contract Tower,3,1,2,0,6,1,3,50,39,93,4,4,52,39,99,0,18,18,117
06/16/2020,ADQ,AK,AAL,WE,Federal Contract Tower,2,7,7,2,18,0,0,4,0,4,2,7,11,2,22,0,0,0,22
06/17/2020,ADQ,AK,AAL,WE,Federal Contract Tower,2,9,12,4,27,0,0,2,0,2,2,9,14,4,29,0,0,0,29
06/18/2020,ADQ,AK,AAL,WE,Federal Contract Tower,4,3,2,3,12,0,4,49,20,73,4,7,51,23,85,0,54,54,139
06/19/2020,ADQ,AK,AAL,WE,Federal Contract Tower,2,2,0,1,5,0,2,56,25,83,2,4,56,26,88,12,54,66,154
06/20/2020,ADQ,AK,AAL,WE,Federal Contract Tower,2,4,5,9,20,0,0,31,1,32,2,4,36,10,52,0,10,10,62
06/21/2020,ADQ,AK,AAL,WE,Federal Contract Tower,2,5,10,1,18,0,0,14,3,17,2,5,24,4,35,0,2,2,37
06/22/2020,ADQ,AK,AAL,WE,Federal Contract Tower,4,9,1,2,16,0,0,33,22,55,4,9,34,24,71,0,24,24,95
06/23/2020,ADQ,AK,AAL,WE,Federal Contract Tower,2,3,6,5,16,0,1,28,16,45,2,4,34,21,61,0,2,2,63
06/24/2020,ADQ,AK,AAL,WE,Federal Contract Tower,2,1,0,1,4,0,5,48,15,68,2,6,48,16,72,48,10,58,130
06/25/2020,ADQ,AK,AAL,WE,Federal Contract Tower,2,6,4,10,22,0,1,30,17,48,2,7,34,27,70,0,34,34,104
06/26/2020,ADQ,AK,AAL,WE,Federal Contract Tower,2,1,0,1,4,0,3,58,8,69,2,4,58,9,73,0,18,18,91
06/27/2020,ADQ,AK,AAL,WE,Federal Contract Tower,2,1,1,0,4,0,0,43,4,47,2,1,44,4,51,16,2,18,69
06/28/2020,ADQ,AK,AAL,WE,Federal Contract Tower,2,0,0,0,2,0,4,41,4,49,2,4,41,4,51,8,4,12,63
06/29/2020,ADQ,AK,AAL,WE,Federal Contract Tower,4,4,0,2,10,0,1,48,25,74,4,5,48,27,84,14,22,36,120
06/30/2020,ADQ,AK,AAL,WE,Federal Contract Tower,2,2,1,0,5,0,6,47,13,66,2,8,48,13,71,8,30,38,109
07/01/2020,ADQ,AK,AAL,WE,Federal Contract Tower,2,6,1,1,10,0,2,52,18,72,2,8,53,19,82,12,44,56,138
07/02/2020,ADQ,AK,AAL,WE,Federal Contract Tower,1,8,2,1,12,0,3,48,15,66,1,11,50,16,78,26,12,38,116
07/03/2020,ADQ,AK,AAL,WE,Federal Contract Tower,2,4,0,0,6,0,2,73,11,86,2,6,73,11,92,0,0,0,92
07/04/2020,ADQ,AK,AAL,WE,Federal Contract Tower,2,0,0,0,2,0,0,37,9,46,2,0,37,9,48,0,10,10,58
07/05/2020,ADQ,AK,AAL,WE,Federal Contract Tower,2,2,1,0,5,0,0,0,0,0,2,2,1,0,5,0,0,0,5
07/06/2020,ADQ,AK,AAL,WE,Federal Contract Tower,2,9,16,4,31,0,0,6,0,6,2,9,22,4,37,14,0,14,51
07/07/2020,ADQ,AK,AAL,WE,Federal Contract Tower,3,9,0,0,12,1,1,37,15,54,4,10,37,15,66,14,32,46,112
07/08/2020,ADQ,AK,AAL,WE,Federal Contract Tower,3,3,0,1,7,1,4,31,12,48,4,7,31,13,55,6,18,24,79
07/09/2020,ADQ,AK,AAL,WE,Federal Contract Tower,2,4,0,1,7,0,3,45,11,59,2,7,45,12,66,26,10,36,102
07/10/2020,ADQ,AK,AAL,WE,Federal Contract Tower,3,2,0,1,6,1,2,48,10,61,4,4,48,11,67,18,2,20,87
07/11/2020,ADQ,AK,AAL,WE,Federal Contract Tower,4,0,0,2,6,0,0,53,8,61,4,0,53,10,67,0,46,46,113
07/12/2020,ADQ,AK,AAL,WE,Federal Contract Tower,4,5,7,2,18,1,1,32,2,36,5,6,39,4,54,0,0,0,54
07/13/2020,ADQ,AK,AAL,WE,Federal Contract Tower,4,4,20,5,33,0,0,19,9,28,4,4,39,14,61,0,0,0,61
07/14/2020,ADQ,AK,AAL,WE,Federal Contract Tower,2,1,1,0,4,0,5,58,13,76,2,6,59,13,80,0,0,0,80
07/15/2020,ADQ,AK,AAL,WE,Federal Contract Tower,2,1,1,0,4,0,3,72,13,88,2,4,73,13,92,12,8,20,112
07/16/2020,ADQ,AK,AAL,WE,Federal Contract Tower,2,3,0,0,5,0,2,61,24,87,2,5,61,24,92,12,40,52,144
07/17/2020,ADQ,AK,AAL,WE,Federal Contract Tower,2,13,8,2,25,0,0,33,9,42,2,13,41,11,67,0,12,12,79
07/18/2020,ADQ,AK,AAL,WE,Federal Contract Tower,4,1,1,2,8,0,1,34,2,37,4,2,35,4,45,0,0,0,45
07/19/2020,ADQ,AK,AAL,WE,Federal Contract Tower,6,3,10,2,21,0,0,7,1,8,6,3,17,3,29,0,0,0,29
07/20/2020,ADQ,AK,AAL,WE,Federal Contract Tower,4,1,3,6,14,0,3,50,11,64,4,4,53,17,78,4,6,10,88
07/21/2020,ADQ,AK,AAL,WE,Federal Contract Tower,2,5,3,1,11,0,3,41,22,66,2,8,44,23,77,12,28,40,117
07/22/2020,ADQ,AK,AAL,WE,Federal Contract Tower,2,1,0,0,3,0,8,30,15,53,2,9,30,15,56,0,44,44,100
07/23/2020,ADQ,AK,AAL,WE,Federal Contract Tower,1,2,0,1,4,1,3,58,18,80,2,5,58,19,84,0,28,28,112
07/24/2020,ADQ,AK,AAL,WE,Federal Contract Tower,4,8,9,3,24,0,0,37,12,49,4,8,46,15,73,0,0,0,73
07/25/2020,ADQ,AK,AAL,WE,Federal Contract Tower,4,0,2,0,6,0,0,39,4,43,4,0,41,4,49,0,0,0,49
07/26/2020,ADQ,AK,AAL,WE,Federal Contract Tower,4,0,0,0,4,0,4,48,5,57,4,4,48,5,61,6,2,8,69
07/27/2020,ADQ,AK,AAL,WE,Federal Contract Tower,4,1,4,0,9,0,4,47,21,72,4,5,51,21,81,2,26,28,109
07/28/2020,ADQ,AK,AAL,WE,Federal Contract Tower,2,6,2,0,10,0,4,52,17,73,2,10,54,17,83,6,0,6,89
07/29/2020,ADQ,AK,AAL,WE,Federal Contract Tower,2,6,0,0,8,0,8,46,12,66,2,14,46,12,74,0,5,5,79
07/30/2020,ADQ,AK,AAL,WE,Federal Contract Tower,2,1,1,2,6,0,3,60,7,70,2,4,61,9,76,0,16,16,92
07/31/2020,ADQ,AK,AAL,WE,Federal Contract Tower,4,6,35,4,49,0,0,6,3,9,4,6,41,7,58,0,20,20,78
08/01/2020,ADQ,AK,AAL,WE,Federal Contract Tower,5,2,3,4,14,0,0,25,4,29,5,2,28,8,43,0,28,28,71
08/02/2020,ADQ,AK,AAL,WE,Federal Contract Tower,4,6,1,2,13,0,0,47,6,53,4,6,48,8,66,14,0,14,80
08/03/2020,ADQ,AK,AAL,WE,Federal Contract Tower,4,4,28,0,36,0,0,2,0,2,4,4,30,0,38,0,0,0,38
08/04/2020,ADQ,AK,AAL,WE,Federal Contract Tower,2,6,7,4,19,0,0,16,6,22,2,6,23,10,41,0,4,4,45
08/05/2020,ADQ,AK,AAL,WE,Federal Contract Tower,5,6,1,0,12,3,1,48,20,72,8,7,49,20,84,0,10,10,94
08/06/2020,ADQ,AK,AAL,WE,Federal Contract Tower,2,4,0,2,8,0,1,43,21,65,2,5,43,23,73,4,16,20,93
08/07/2020,ADQ,AK,AAL,WE,Federal Contract Tower,4,2,0,2,8,0,2,51,19,72,4,4,51,21,80,12,18,30,110
08/08/2020,ADQ,AK,AAL,WE,Federal Contract Tower,4,4,1,1,10,0,0,34,1,35,4,4,35,2,45,0,0,0,45
08/09/2020,ADQ,AK,AAL,WE,Federal Contract Tower,4,7,2,0,13,0,1,26,8,35,4,8,28,8,48,0,0,0,48
08/10/2020,ADQ,AK,AAL,WE,Federal Contract Tower,4,5,3,0,12,0,3,45,11,59,4,8,48,11,71,0,0,0,71
08/11/2020,ADQ,AK,AAL,WE,Federal Contract Tower,2,8,0,1,11,0,1,50,10,61,2,9,50,11,72,0,24,24,96
08/12/2020,ADQ,AK,AAL,WE,Federal Contract Tower,4,3,8,1,16,0,1,56,9,66,4,4,64,10,82,22,2,24,106
08/13/2020,ADQ,AK,AAL,WE,Federal Contract Tower,2,4,2,3,11,0,2,51,6,59,2,6,53,9,70,0,0,0,70
08/14/2020,ADQ,AK,AAL,WE,Federal Contract Tower,4,2,0,0,6,0,2,54,8,64,4,4,54,8,70,8,8,16,86
08/15/2020,ADQ,AK,AAL,WE,Federal Contract Tower,4,3,0,0,7,0,3,36,15,54,4,6,36,15,61,0,22,22,83
08/16/2020,ADQ,AK,AAL,WE,Federal Contract Tower,4,1,1,0,6,0,5,38,6,49,4,6,39,6,55,0,0,0,55
08/17/2020,ADQ,AK,AAL,WE,Federal Contract Tower,2,1,5,1,9,0,2,47,3,52,2,3,52,4,61,2,8,10,71
08/18/2020,ADQ,AK,AAL,WE,Federal Contract Tower,2,2,0,0,4,0,2,52,5,59,2,4,52,5,63,0,0,0,63
08/19/2020,ADQ,AK,AAL,WE,Federal Contract Tower,4,5,0,1,10,0,2,73,12,87,4,7,73,13,97,0,0,0,97
08/20/2020,ADQ,AK,AAL,WE,Federal Contract Tower,2,4,1,2,9,0,13,54,21,88,2,17,55,23,97,0,2,2,99
08/21/2020,ADQ,AK,AAL,WE,Federal Contract Tower,4,1,0,0,5,0,3,58,34,95,4,4,58,34,100,0,10,10,110
08/22/2020,ADQ,AK,AAL,WE,Federal Contract Tower,4,2,1,2,9,0,0,54,12,66,4,2,55,14,75,0,0,0,75
08/23/2020,ADQ,AK,AAL,WE,Federal Contract Tower,4,2,0,1,7,0,3,34,2,39,4,5,34,3,46,0,8,8,54
08/24/2020,ADQ,AK,AAL,WE,Federal Contract Tower,4,5,2,2,13,0,3,66,14,83,4,8,68,16,96,6,16,22,118
08/25/2020,ADQ,AK,AAL,WE,Federal Contract Tower,2,2,0,0,4,0,2,49,18,69,2,4,49,18,73,0,22,22,95
08/26/2020,ADQ,AK,AAL,WE,Federal Contract Tower,3,2,0,1,6,1,2,53,19,75,4,4,53,20,81,6,26,32,113
08/27/2020,ADQ,AK,AAL,WE,Federal Contract Tower,2,3,5,2,12,0,1,57,10,68,2,4,62,12,80,0,0,0,80
08/28/2020,ADQ,AK,AAL,WE,Federal Contract Tower,4,1,2,2,9,0,3,46,20,69,4,4,48,22,78,0,18,18,96
08/29/2020,ADQ,AK,AAL,WE,Federal Contract Tower,6,4,3,3,16,0,0,10,8,18,6,4,13,11,34,0,0,0,34
08/30/2020,ADQ,AK,AAL,WE,Federal Contract Tower,4,4,7,0,15,0,0,16,1,17,4,4,23,1,32,6,34,40,72
08/31/2020,ADQ,AK,AAL,WE,Federal Contract Tower,4,4,1,1,10,0,3,39,16,58,4,7,40,17,68,0,30,30,98
09/01/2020,ADQ,AK,AAL,WE,Federal Contract Tower,2,3,0,3,8,0,2,63,15,80,2,5,63,18,88,10,6,16,104
09/02/2020,ADQ,AK,AAL,WE,Federal Contract Tower,4,5,1,1,11,0,2,49,22,73,4,7,50,23,84,8,20,28,112
09/03/2020,ADQ,AK,AAL,WE,Federal Contract Tower,2,4,5,4,15,0,5,41,12,58,2,9,46,16,73,0,0,0,73
09/04/2020,ADQ,AK,AAL,WE,Federal Contract Tower,3,1,1,0,5,1,3,79,8,91,4,4,80,8,96,4,0,4,100
09/05/2020,ADQ,AK,AAL,WE,Federal Contract Tower,4,5,0,1,10,0,1,56,9,66,4,6,56,10,76,0,20,20,96
09/06/2020,ADQ,AK,AAL,WE,Federal Contract Tower,2,2,0,1,5,0,0,1,2,3,2,2,1,3,8,0,0,0,8
09/07/2020,ADQ,AK,AAL,WE,Federal Contract Tower,4,2,0,0,6,0,0,47,6,53,4,2,47,6,59,0,0,0,59
09/08/2020,ADQ,AK,AAL,WE,Federal Contract Tower,2,1,0,0,3,0,5,59,8,72,2,6,59,8,75,2,6,8,83
09/09/2020,ADQ,AK,AAL,WE,Federal Contract Tower,4,6,1,0,11,0,1,51,24,76,4,7,52,24,87,0,12,12,99
09/10/2020,ADQ,AK,AAL,WE,Federal Contract Tower,2,1,0,4,7,0,3,57,17,77,2,4,57,21,84,0,0,0,84
09/11/2020,ADQ,AK,AAL,WE,Federal Contract Tower,4,2,1,0,7,0,4,35,13,52,4,6,36,13,59,0,36,36,95
09/12/2020,ADQ,AK,AAL,WE,Federal Contract Tower,4,0,0,0,4,0,0,55,4,59,4,0,55,4,63,0,0,0,63
09/13/2020,ADQ,AK,AAL,WE,Federal Contract Tower,4,5,0,0,9,0,1,32,8,41,4,6,32,8,50,0,22,22,72
09/14/2020,ADQ,AK,AAL,WE,Federal Contract Tower,4,1,0,2,7,0,4,43,41,88,4,5,43,43,95,26,0,26,121
09/15/2020,ADQ,AK,AAL,WE,Federal Contract Tower,2,9,0,1,12,0,0,35,21,56,2,9,35,22,68,0,52,52,120
09/16/2020,ADQ,AK,AAL,WE,Federal Contract Tower,3,5,10,8,26,1,1,34,8,44,4,6,44,16,70,4,0,4,74
09/17/2020,ADQ,AK,AAL,WE,Federal Contract Tower,2,5,1,1,9,0,3,12,15,30,2,8,13,16,39,0,38,38,77
09/18/2020,ADQ,AK,AAL,WE,Federal Contract Tower,4,1,0,1,6,0,3,54,35,92,4,4,54,36,98,8,2,10,108
09/19/2020,ADQ,AK,AAL,WE,Federal Contract Tower,4,0,2,2,8,0,0,50,2,52,4,0,52,4,60,0,0,0,60
09/20/2020,ADQ,AK,AAL,WE,Federal Contract Tower,4,3,0,0,7,0,1,41,3,45,4,4,41,3,52,0,4,4,56
09/21/2020,ADQ,AK,AAL,WE,Federal Contract Tower,4,4,2,2,12,0,0,7,12,19,4,4,9,14,31,0,24,24,55
09/22/2020,ADQ,AK,AAL,WE,Federal Contract Tower,2,2,2,0,6,0,0,0,0,0,2,2,2,0,6,0,0,0,6
09/23/2020,ADQ,AK,AAL,WE,Federal Contract Tower,4,12,13,3,32,0,0,23,8,31,4,12,36,11,63,0,2,2,65
09/24/2020,ADQ,AK,AAL,WE,Federal Contract Tower,2,3,0,4,9,0,2,41,21,64,2,5,41,25,73,0,14,14,87
09/25/2020,ADQ,AK,AAL,WE,Federal Contract Tower,4,8,0,1,13,0,1,35,17,53,4,9,35,18,66,0,2,2,68
09/26/2020,ADQ,AK,AAL,WE,Federal Contract Tower,4,2,14,1,21,0,2,25,2,29,4,4,39,3,50,0,0,0,50
09/27/2020,ADQ,AK,AAL,WE,Federal Contract Tower,3,4,1,1,9,0,0,0,0,0,3,4,1,1,9,0,0,0,9
09/28/2020,ADQ,AK,AAL,WE,Federal Contract Tower,4,5,0,4,13,0,3,46,15,64,4,8,46,19,77,0,26,26,103
09/29/2020,ADQ,AK,AAL,WE,Federal Contract Tower,0,3,0,1,4,0,0,15,2,17,0,3,15,3,21,0,3,3,24
09/30/2020,ADQ,AK,AAL,WE,Federal Contract Tower,4,6,4,1,15,0,0,11,0,11,4,6,15,1,26,0,0,0,26
10/01/2020,ADQ,AK,AAL,WE,Federal Contract Tower,0,5,4,0,9,0,0,12,2,14,0,5,16,2,23,0,0,0,23
10/02/2020,ADQ,AK,AAL,WE,Federal Contract Tower,4,13,14,0,31,0,1,6,0,7,4,14,20,0,38,0,0,0,38
10/03/2020,ADQ,AK,AAL,WE,Federal Contract Tower,2,4,0,2,8,0,3,51,8,62,2,7,51,10,70,0,2,2,72
10/04/2020,ADQ,AK,AAL,WE,Federal Contract Tower,2,5,1,2,10,0,0,19,2,21,2,5,20,4,31,0,0,0,31
10/05/2020,ADQ,AK,AAL,WE,Federal Contract Tower,3,5,0,2,10,1,4,33,7,45,4,9,33,9,55,2,0,2,57
10/06/2020,ADQ,AK,AAL,WE,Federal Contract Tower,2,1,0,1,4,2,2,53,5,62,4,3,53,6,66,0,30,30,96
10/07/2020,ADQ,AK,AAL,WE,Federal Contract Tower,4,4,0,2,10,0,1,34,3,38,4,5,34,5,48,0,0,0,48
10/08/2020,ADQ,AK,AAL,WE,Federal Contract Tower,2,6,2,3,13,0,0,26,3,29,2,6,28,6,42,0,0,0,42
10/09/2020,ADQ,AK,AAL,WE,Federal Contract Tower,4,3,2,1,10,0,2,49,5,56,4,5,51,6,66,0,0,0,66
10/10/2020,ADQ,AK,AAL,WE,Federal Contract Tower,2,0,3,0,5,0,0,49,7,56,2,0,52,7,61,0,0,0,61
10/11/2020,ADQ,AK,AAL,WE,Federal Contract Tower,2,4,1,2,9,0,0,36,2,38,2,4,37,4,47,0,12,12,59
10/12/2020,ADQ,AK,AAL,WE,Federal Contract Tower,6,3,8,0,17,0,1,26,7,34,6,4,34,7,51,0,4,4,55
10/13/2020,ADQ,AK,AAL,WE,Federal Contract Tower,1,4,4,2,11,1,1,49,12,63,2,5,53,14,74,0,18,18,92
10/14/2020,ADQ,AK,AAL,WE,Federal Contract Tower,3,3,0,1,7,1,9,46,21,77,4,12,46,22,84,4,4,8,92
10/15/2020,ADQ,AK,AAL,WE,Federal Contract Tower,2,1,2,0,5,0,2,64,21,87,2,3,66,21,92,10,60,70,162
10/16/2020,ADQ,AK,AAL,WE,Federal Contract Tower,4,6,0,0,10,0,1,65,11,77,4,7,65,11,87,0,54,54,141
10/17/2020,ADQ,AK,AAL,WE,Federal Contract Tower,4,0,0,3,7,0,0,40,8,48,4,0,40,11,55,6,6,12,67
10/18/2020,ADQ,AK,AAL,WE,Federal Contract Tower,2,2,0,0,4,0,2,36,19,57,2,4,36,19,61,6,0,6,67
10/19/2020,ADQ,AK,AAL,WE,Federal Contract Tower,2,8,0,1,11,0,2,37,29,68,2,10,37,30,79,0,0,0,79
10/20/2020,ADQ,AK,AAL,WE,Federal Contract Tower,1,6,0,3,10,1,0,44,15,60,2,6,44,18,70,0,14,14,84
10/21/2020,ADQ,AK,AAL,WE,Federal Contract Tower,4,3,0,1,8,0,0,55,10,65,4,3,55,11,73,0,10,10,83
10/22/2020,ADQ,AK,AAL,WE,Federal Contract Tower,2,8,2,0,12,0,1,13,8,22,2,9,15,8,34,0,12,12,46
10/23/2020,ADQ,AK,AAL,WE,Federal Contract Tower,4,3,3,0,10,0,0,0,0,0,4,3,3,0,10,0,2,2,12
10/24/2020,ADQ,AK,AAL,WE,Federal Contract Tower,4,16,31,6,57,0,6,28,1,35,4,22,59,7,92,0,0,0,92
10/25/2020,ADQ,AK,AAL,WE,Federal Contract Tower,2,7,0,4,13,0,0,0,0,0,2,7,0,4,13,0,0,0,13
10/26/2020,ADQ,AK,AAL,WE,Federal Contract Tower,4,2,0,0,6,0,2,23,16,41,4,4,23,16,47,0,0,0,47
10/27/2020,ADQ,AK,AAL,WE,Federal Contract Tower,2,8,3,1,14,0,4,48,18,70,2,12,51,19,84,0,0,0,84
10/28/2020,ADQ,AK,AAL,WE,Federal Contract Tower,7,4,0,0,11,0,5,47,21,73,7,9,47,21,84,0,14,14,98
10/29/2020,ADQ,AK,AAL,WE,Federal Contract Tower,1,2,0,2,5,1,8,38,13,60,2,10,38,15,65,0,0,0,65
10/30/2020,ADQ,AK,AAL,WE,Federal Contract Tower,4,13,8,1,26,0,0,18,3,21,4,13,26,4,47,0,18,18,65
10/31/2020,ADQ,AK,AAL,WE,Federal Contract Tower,4,4,0,0,8,0,1,46,7,54,4,5,46,7,62,0,12,12,74
11/01/2020,ADQ,AK,AAL,WE,Federal Contract Tower,2,6,0,0,8,0,0,15,5,20,2,6,15,5,28,0,18,18,46
11/02/2020,ADQ,AK,AAL,WE,Federal Contract Tower,4,2,0,0,6,0,5,37,35,77,4,7,37,35,83,0,30,30,113
11/03/2020,ADQ,AK,AAL,WE,Federal Contract Tower,2,5,1,0,8,0,6,40,15,61,2,11,41,15,69,0,20,20,89
11/04/2020,ADQ,AK,AAL,WE,Federal Contract Tower,2,3,1,1,7,0,4,34,7,45,2,7,35,8,52,0,0,0,52
11/05/2020,ADQ,AK,AAL,WE,Federal Contract Tower,2,4,1,0,7,0,6,51,3,60,2,10,52,3,67,6,0,6,73
11/06/2020,ADQ,AK,AAL,WE,Federal Contract Tower,4,8,2,1,15,0,3,54,17,74,4,11,56,18,89,0,2,2,91
11/07/2020,ADQ,AK,AAL,WE,Federal Contract Tower,2,5,3,0,10,0,0,22,4,26,2,5,25,4,36,0,0,0,36
11/08/2020,ADQ,AK,AAL,WE,Federal Contract Tower,0,4,0,0,4,0,2,6,0,8,0,6,6,0,12,0,0,0,12
11/09/2020,ADQ,AK,AAL,WE,Federal Contract Tower,4,8,0,4,16,0,4,37,24,65,4,12,37,28,81,18,8,26,107
11/10/2020,ADQ,AK,AAL,WE,Federal Contract Tower,2,6,1,2,11,0,4,28,28,60,2,10,29,30,71,0,26,26,97
11/11/2020,ADQ,AK,AAL,WE,Federal Contract Tower,4,5,5,1,15,0,5,31,1,37,4,10,36,2,52,0,0,0,52
11/12/2020,ADQ,AK,AAL,WE,Federal Contract Tower,3,9,1,0,13,1,1,0,9,11,4,10,1,9,24,0,0,0,24
11/13/2020,ADQ,AK,AAL,WE,Federal Contract Tower,4,2,5,2,13,0,3,37,18,58,4,5,42,20,71,0,0,0,71
11/14/2020,ADQ,AK,AAL,WE,Federal Contract Tower,4,2,0,0,6,0,0,49,6,55,4,2,49,6,61,0,4,4,65
11/15/2020,ADQ,AK,AAL,WE,Federal Contract Tower,2,1,1,1,5,0,3,37,6,46,2,4,38,7,51,0,0,0,51
11/16/2020,ADQ,AK,AAL,WE,Federal Contract Tower,4,7,0,2,13,0,2,46,26,74,4,9,46,28,87,0,0,0,87
11/17/2020,ADQ,AK,AAL,WE,Federal Contract Tower,2,8,0,1,11,0,7,41,31,79,2,15,41,32,90,0,34,34,124
11/18/2020,ADQ,AK,AAL,WE,Federal Contract Tower,4,6,2,0,12,0,3,61,25,89,4,9,63,25,101,6,36,42,143
11/19/2020,ADQ,AK,AAL,WE,Federal Contract Tower,2,12,5,5,24,0,0,28,17,45,2,12,33,22,69,0,52,52,121
11/20/2020,ADQ,AK,AAL,WE,Federal Contract Tower,0,5,0,0,5,0,0,0,4,4,0,5,0,4,9,0,28,28,37
11/21/2020,ADQ,AK,AAL,WE,Federal Contract Tower,4,2,0,1,7,0,0,29,1,30,4,2,29,2,37,0,28,28,65
11/22/2020,ADQ,AK,AAL,WE,Federal Contract Tower,0,5,0,1,6,0,1,28,5,34,0,6,28,6,40,0,0,0,40
11/23/2020,ADQ,AK,AAL,WE,Federal Contract Tower,4,6,0,1,11,0,0,0,0,0,4,6,0,1,11,0,0,0,11
11/24/2020,ADQ,AK,AAL,WE,Federal Contract Tower,2,10,0,2,14,0,6,45,26,77,2,16,45,28,91,0,8,8,99
11/25/2020,ADQ,AK,AAL,WE,Federal Contract Tower,4,2,0,1,7,0,3,27,35,65,4,5,27,36,72,4,62,66,138
11/26/2020,ADQ,AK,AAL,WE,Federal Contract Tower,0,0,0,0,0,0,0,8,0,8,0,0,8,0,8,0,0,0,8
11/27/2020,ADQ,AK,AAL,WE,Federal Contract Tower,2,6,0,0,8,0,5,40,9,54,2,11,40,9,62,16,16,32,94
11/28/2020,ADQ,AK,AAL,WE,Federal Contract Tower,4,0,0,1,5,0,0,35,3,38,4,0,35,4,43,4,6,10,53
11/29/2020,ADQ,AK,AAL,WE,Federal Contract Tower,2,4,1,0,7,0,2,36,13,51,2,6,37,13,58,4,12,16,74
11/30/2020,ADQ,AK,AAL,WE,Federal Contract Tower,3,3,0,2,8,1,1,0,18,20,4,4,0,20,28,0,18,18,46
12/01/2020,ADQ,AK,AAL,WE,Federal Contract Tower,2,11,0,2,15,0,3,30,32,65,2,14,30,34,80,0,102,102,182
12/02/2020,ADQ,AK,AAL,WE,Federal Contract Tower,2,8,0,1,11,0,7,38,28,73,2,15,38,29,84,18,62,80,164
12/03/2020,ADQ,AK,AAL,WE,Federal Contract Tower,4,5,1,2,12,0,5,42,39,86,4,10,43,41,98,20,70,90,188
12/04/2020,ADQ,AK,AAL,WE,Federal Contract Tower,6,4,0,1,11,0,2,49,24,75,6,6,49,25,86,6,74,80,166
12/05/2020,ADQ,AK,AAL,WE,Federal Contract Tower,3,8,0,1,12,1,1,30,3,35,4,9,30,4,47,24,10,34,81
12/06/2020,ADQ,AK,AAL,WE,Federal Contract Tower,2,6,2,3,13,0,0,0,0,0,2,6,2,3,13,0,0,0,13
12/07/2020,ADQ,AK,AAL,WE,Federal Contract Tower,4,6,2,1,13,0,2,25,17,44,4,8,27,18,57,0,122,122,179
12/08/2020,ADQ,AK,AAL,WE,Federal Contract Tower,2,9,0,1,12,0,1,31,34,66,2,10,31,35,78,0,0,0,78
12/09/2020,ADQ,AK,AAL,WE,Federal Contract Tower,4,8,0,2,14,0,2,45,22,69,4,10,45,24,83,0,16,16,99
12/10/2020,ADQ,AK,AAL,WE,Federal Contract Tower,2,10,0,1,13,0,2,44,28,74,2,12,44,29,87,0,14,14,101
12/11/2020,ADQ,AK,AAL,WE,Federal Contract Tower,4,5,2,1,12,0,2,16,11,29,4,7,18,12,41,0,48,48,89
12/12/2020,ADQ,AK,AAL,WE,Federal Contract Tower,4,8,9,2,23,0,0,15,0,15,4,8,24,2,38,0,4,4,42
12/13/2020,ADQ,AK,AAL,WE,Federal Contract Tower,2,2,3,0,7,0,0,0,0,0,2,2,3,0,7,0,0,0,7
12/14/2020,ADQ,AK,AAL,WE,Federal Contract Tower,4,5,0,1,10,0,3,43,26,72,4,8,43,27,82,8,6,14,96
12/15/2020,ADQ,AK,AAL,WE,Federal Contract Tower,2,4,1,3,10,0,1,30,13,44,2,5,31,16,54,0,74,74,128
12/16/2020,ADQ,AK,AAL,WE,Federal Contract Tower,4,5,0,4,13,0,4,34,20,58,4,9,34,24,71,0,100,100,171
12/17/2020,ADQ,AK,AAL,WE,Federal Contract Tower,2,11,1,0,14,0,0,10,8,18,2,11,11,8,32,0,0,0,32
12/18/2020,ADQ,AK,AAL,WE,Federal Contract Tower,4,3,2,3,12,0,4,41,8,53,4,7,43,11,65,0,16,16,81
12/19/2020,ADQ,AK,AAL,WE,Federal Contract Tower,4,7,0,0,11,0,2,26,5,33,4,9,26,5,44,0,8,8,52
12/20/2020,ADQ,AK,AAL,WE,Federal Contract Tower,2,6,0,0,8,0,0,0,4,4,2,6,0,4,12,0,0,0,12
12/21/2020,ADQ,AK,AAL,WE,Federal Contract Tower,2,17,0,0,19,0,0,1,7,8,2,17,1,7,27,0,0,0,27
12/22/2020,ADQ,AK,AAL,WE,Federal Contract Tower,2,7,1,0,10,0,10,36,13,59,2,17,37,13,69,0,22,22,91
12/23/2020,ADQ,AK,AAL,WE,Federal Contract Tower,4,4,0,0,8,0,2,47,16,65,4,6,47,16,73,0,22,22,95
12/24/2020,ADQ,AK,AAL,WE,Federal Contract Tower,0,6,0,0,6,0,1,12,0,13,0,7,12,0,19,0,0,0,19
12/25/2020,ADQ,AK,AAL,WE,Federal Contract Tower,2,1,0,1,4,0,0,0,1,1,2,1,0,2,5,0,0,0,5
12/26/2020,ADQ,AK,AAL,WE,Federal Contract Tower,4,4,0,0,8,0,0,36,7,43,4,4,36,7,51,0,32,32,83
12/27/2020,ADQ,AK,AAL,WE,Federal Contract Tower,2,0,0,0,2,0,0,0,1,1,2,0,0,1,3,0,0,0,3
12/28/2020,ADQ,AK,AAL,WE,Federal Contract Tower,4,8,0,1,13,0,2,24,13,39,4,10,24,14,52,0,10,10,62
12/29/2020,ADQ,AK,AAL,WE,Federal Contract Tower,2,6,6,1,15,0,0,6,6,12,2,6,12,7,27,0,0,0,27
12/30/2020,ADQ,AK,AAL,WE,Federal Contract Tower,3,5,0,3,11,1,2,41,9,53,4,7,41,12,64,0,8,8,72
12/31/2020,ADQ,AK,AAL,WE,Federal Contract Tower,2,5,0,0,7,0,1,23,5,29,2,6,23,5,36,0,0,0,36
01/01/2021,ADQ,AK,AAL,WE,Federal Contract Tower,2,0,0,0,2,0,0,1,0,1,2,0,1,0,3,0,0,0,3
01/02/2021,ADQ,AK,AAL,WE,Federal Contract Tower,4,2,4,1,11,0,0,14,3,17,4,2,18,4,28,0,30,30,58
01/03/2021,ADQ,AK,AAL,WE,Federal Contract Tower,2,6,0,0,8,0,4,26,11,41,2,10,26,11,49,0,24,24,73
01/04/2021,ADQ,AK,AAL,WE,Federal Contract Tower,4,8,6,1,19,0,0,20,5,25,4,8,26,6,44,0,0,0,44
01/05/2021,ADQ,AK,AAL,WE,Federal Contract Tower,2,4,0,1,7,0,1,8,18,27,2,5,8,19,34,0,68,68,102
01/06/2021,ADQ,AK,AAL,WE,Federal Contract Tower,4,8,0,3,15,0,1,21,12,34,4,9,21,15,49,0,76,76,125
01/07/2021,ADQ,AK,AAL,WE,Federal Contract Tower,4,9,3,2,18,0,0,19,11,30,4,9,22,13,48,8,76,84,132
01/08/2021,ADQ,AK,AAL,WE,Federal Contract Tower,4,3,3,0,10,0,2,27,14,43,4,5,30,14,53,0,98,98,151
01/09/2021,ADQ,AK,AAL,WE,Federal Contract Tower,4,1,0,1,6,0,0,0,0,0,4,1,0,1,6,0,0,0,6
01/10/2021,ADQ,AK,AAL,WE,Federal Contract Tower,2,4,0,1,7,0,0,13,2,15,2,4,13,3,22,0,28,28,50
01/11/2021,ADQ,AK,AAL,WE,Federal Contract Tower,4,13,0,2,19,0,0,24,22,46,4,13,24,24,65,0,74,74,139
01/12/2021,ADQ,AK,AAL,WE,Federal Contract Tower,4,6,21,8,39,0,0,7,8,15,4,6,28,16,54,0,36,36,90
01/13/2021,ADQ,AK,AAL,WE,Federal Contract Tower,6,2,2,1,11,0,2,48,33,83,6,4,50,34,94,12,60,72,166
01/14/2021,ADQ,AK,AAL,WE,Federal Contract Tower,4,1,0,2,7,0,0,0,0,0,4,1,0,2,7,0,16,16,23
01/15/2021,ADQ,AK,AAL,WE,Federal Contract Tower,6,16,6,3,31,0,6,34,11,51,6,22,40,14,82,14,70,84,166
01/16/2021,ADQ,AK,AAL,WE,Federal Contract Tower,2,2,0,0,4,0,2,5,0,7,2,4,5,0,11,0,0,0,11
01/17/2021,ADQ,AK,AAL,WE,Federal Contract Tower,4,7,1,1,13,0,3,10,7,20,4,10,11,8,33,0,0,0,33
01/18/2021,ADQ,AK,AAL,WE,Federal Contract Tower,4,8,2,2,16,0,2,8,0,10,4,10,10,2,26,0,0,0,26
01/19/2021,ADQ,AK,AAL,WE,Federal Contract Tower,2,3,1,3,9,0,8,29,26,63,2,11,30,29,72,0,18,18,90
01/20/2021,ADQ,AK,AAL,WE,Federal Contract Tower,4,5,0,3,12,0,6,47,55,108,4,11,47,58,120,10,72,82,202
01/21/2021,ADQ,AK,AAL,WE,Federal Contract Tower,2,9,0,4,15,0,1,24,23,48,2,10,24,27,63,0,110,110,173
01/22/2021,ADQ,AK,AAL,WE,Federal Contract Tower,2,8,0,9,19,0,5,7,8,20,2,13,7,17,39,0,0,0,39
01/23/2021,ADQ,AK,AAL,WE,Federal Contract Tower,3,2,0,0,5,1,6,40,7,54,4,8,40,7,59,6,0,6,65
01/24/2021,ADQ,AK,AAL,WE,Federal Contract Tower,2,0,0,0,2,0,6,1,14,21,2,6,1,14,23,0,26,26,49
01/25/2021,ADQ,AK,AAL,WE,Federal Contract Tower,4,5,0,5,14,0,1,37,30,68,4,6,37,35,82,0,52,52,134
01/26/2021,ADQ,AK,AAL,WE,Federal Contract Tower,2,8,0,1,11,0,3,49,23,75,2,11,49,24,86,8,56,64,150
01/27/2021,ADQ,AK,AAL,WE,Federal Contract Tower,4,2,0,2,8,0,1,33,25,59,4,3,33,27,67,0,36,36,103
01/28/2021,ADQ,AK,AAL,WE,Federal Contract Tower,2,12,1,9,24,0,0,10,8,18,2,12,11,17,42,0,14,14,56
01/29/2021,ADQ,AK,AAL,WE,Federal Contract Tower,4,7,0,0,11,0,8,40,21,69,4,15,40,21,80,2,70,72,152
01/30/2021,ADQ,AK,AAL,WE,Federal Contract Tower,4,1,0,0,5,0,3,22,0,25,4,4,22,0,30,0,0,0,30
01/31/2021,ADQ,AK,AAL,WE,Federal Contract Tower,2,7,0,3,12,0,1,42,12,55,2,8,42,15,67,10,0,10,77
02/01/2021,ADQ,AK,AAL,WE,Federal Contract Tower,4,4,0,1,9,0,2,27,20,49,4,6,27,21,58,0,42,42,100
02/02/2021,ADQ,AK,AAL,WE,Federal Contract Tower,2,0,0,1,3,0,0,0,0,0,2,0,0,1,3,0,0,0,3
02/03/2021,ADQ,AK,AAL,WE,Federal Contract Tower,3,6,0,1,10,1,2,36,19,58,4,8,36,20,68,12,72,84,152
02/04/2021,ADQ,AK,AAL,WE,Federal Contract Tower,2,5,3,4,14,0,10,67,35,112,2,15,70,39,126,0,30,30,156
02/05/2021,ADQ,AK,AAL,WE,Federal Contract Tower,3,3,0,0,6,1,4,54,9,68,4,7,54,9,74,24,20,44,118
02/06/2021,ADQ,AK,AAL,WE,Federal Contract Tower,3,7,0,1,11,1,1,40,5,47,4,8,40,6,58,4,30,34,92
02/07/2021,ADQ,AK,AAL,WE,Federal Contract Tower,2,5,0,0,7,0,3,34,7,44,2,8,34,7,51,0,0,0,51
02/08/2021,ADQ,AK,AAL,WE,Federal Contract Tower,4,5,0,1,10,0,5,34,34,73,4,10,34,35,83,6,72,78,161
02/09/2021,ADQ,AK,AAL,WE,Federal Contract Tower,2,7,2,6,17,0,3,38,23,64,2,10,40,29,81,20,84,104,185
02/10/2021,ADQ,AK,AAL,WE,Federal Contract Tower,4,6,0,1,11,0,0,14,7,21,4,6,14,8,32,14,20,34,66
02/12/2021,ADQ,AK,AAL,WE,Federal Contract Tower,6,16,0,2,24,0,3,33,21,57,6,19,33,23,81,10,4,14,95
02/13/2021,ADQ,AK,AAL,WE,Federal Contract Tower,4,5,0,2,11,0,1,7,1,9,4,6,7,3,20,0,4,4,24
02/14/2021,ADQ,AK,AAL,WE,Federal Contract Tower,4,4,0,1,9,0,0,19,5,24,4,4,19,6,33,6,12,18,51
02/15/2021,ADQ,AK,AAL,WE,Federal Contract Tower,6,10,0,4,20,0,3,30,6,39,6,13,30,10,59,32,4,36,95
02/16/2021,ADQ,AK,AAL,WE,Federal Contract Tower,4,2,4,0,10,0,2,27,17,46,4,4,31,17,56,26,32,58,114
02/17/2021,ADQ,AK,AAL,WE,Federal Contract Tower,7,3,0,1,11,0,2,35,18,55,7,5,35,19,66,0,60,60,126
02/18/2021,ADQ,AK,AAL,WE,Federal Contract Tower,4,4,1,2,11,0,0,28,40,68,4,4,29,42,79,0,22,22,101
02/19/2021,ADQ,AK,AAL,WE,Federal Contract Tower,6,4,0,0,10,0,1,21,13,35,6,5,21,13,45,0,0,0,45
02/20/2021,ADQ,AK,AAL,WE,Federal Contract Tower,6,4,0,0,10,0,0,0,0,0,6,4,0,0,10,0,0,0,10
02/21/2021,ADQ,AK,AAL,WE,Federal Contract Tower,4,4,0,0,8,0,2,32,4,38,4,6,32,4,46,0,0,0,46
02/22/2021,ADQ,AK,AAL,WE,Federal Contract Tower,5,1,0,0,6,1,3,0,12,16,6,4,0,12,22,0,0,0,22
02/23/2021,ADQ,AK,AAL,WE,Federal Contract Tower,3,4,0,0,7,1,3,41,31,76,4,7,41,31,83,6,70,76,159
02/24/2021,ADQ,AK,AAL,WE,Federal Contract Tower,5,1,2,2,10,1,1,6,16,24,6,2,8,18,34,0,16,16,50
02/25/2021,ADQ,AK,AAL,WE,Federal Contract Tower,4,7,1,0,12,0,5,0,9,14,4,12,1,9,26,0,4,4,30
02/26/2021,ADQ,AK,AAL,WE,Federal Contract Tower,6,13,0,1,20,0,5,43,21,69,6,18,43,22,89,6,40,46,135
02/27/2021,ADQ,AK,AAL,WE,Federal Contract Tower,6,6,4,1,17,0,0,10,4,14,6,6,14,5,31,0,20,20,51
03/01/2021,ADQ,AK,AAL,WE,Federal Contract Tower,7,13,0,0,20,0,1,7,17,25,7,14,7,17,45,2,4,6,51
03/02/2021,ADQ,AK,AAL,WE,Federal Contract Tower,4,2,0,2,8,0,2,60,18,80,4,4,60,20,88,22,18,40,128
03/03/2021,ADQ,AK,AAL,WE,Federal Contract Tower,6,5,0,1,12,2,1,34,12,49,8,6,34,13,61,0,14,14,75
03/04/2021,ADQ,AK,AAL,WE,Federal Contract Tower,3,4,1,0,8,1,2,42,38,83,4,6,43,38,91,32,56,88,179
03/05/2021,ADQ,AK,AAL,WE,Federal Contract Tower,6,2,0,1,9,0,0,0,0,0,6,2,0,1,9,0,0,0,9
03/06/2021,ADQ,AK,AAL,WE,Federal Contract Tower,6,2,0,0,8,0,1,17,2,20,6,3,17,2,28,0,0,0,28
03/07/2021,ADQ,AK,AAL,WE,Federal Contract Tower,4,4,0,1,9,0,6,45,5,56,4,10,45,6,65,20,0,20,85
03/08/2021,ADQ,AK,AAL,WE,Federal Contract Tower,5,8,0,1,14,1,4,38,26,69,6,12,38,27,83,26,60,86,169
03/09/2021,ADQ,AK,AAL,WE,Federal Contract Tower,4,7,0,0,11,0,0,19,20,39,4,7,19,20,50,0,42,42,92
03/10/2021,ADQ,AK,AAL,WE,Federal Contract Tower,6,4,0,2,12,0,2,2,21,25,6,6,2,23,37,0,2,2,39
03/11/2021,ADQ,AK,AAL,WE,Federal Contract Tower,2,0,0,0,2,0,0,0,1,1,2,0,0,1,3,0,0,0,3
03/12/2021,ADQ,AK,AAL,WE,Federal Contract Tower,6,2,0,0,8,0,4,25,21,50,6,6,25,21,58,0,6,6,64
03/13/2021,ADQ,AK,AAL,WE,Federal Contract Tower,6,1,0,1,8,0,5,52,3,60,6,6,52,4,68,0,0,0,68
03/14/2021,ADQ,AK,AAL,WE,Federal Contract Tower,4,4,0,2,10,0,0,13,6,19,4,4,13,8,29,0,0,0,29
03/15/2021,ADQ,AK,AAL,WE,Federal Contract Tower,6,7,0,0,13,0,3,43,11,57,6,10,43,11,70,0,4,4,74
03/16/2021,ADQ,AK,AAL,WE,Federal Contract Tower,4,4,0,1,9,0,4,45,29,78,4,8,45,30,87,0,22,22,109
03/17/2021,ADQ,AK,AAL,WE,Federal Contract Tower,4,6,0,2,12,0,4,34,14,52,4,10,34,16,64,0,24,24,88
03/18/2021,ADQ,AK,AAL,WE,Federal Contract Tower,3,2,2,0,7,2,6,27,26,61,5,8,29,26,68,6,12,18,86
03/19/2021,ADQ,AK,AAL,WE,Federal Contract Tower,6,3,2,1,12,0,5,45,15,65,6,8,47,16,77,10,38,48,125
03/20/2021,ADQ,AK,AAL,WE,Federal Contract Tower,6,5,0,0,11,0,0,0,0,0,6,5,0,0,11,0,0,0,11
03/21/2021,ADQ,AK,AAL,WE,Federal Contract Tower,6,3,0,0,9,0,1,37,4,42,6,4,37,4,51,0,0,0,51
03/22/2021,ADQ,AK,AAL,WE,Federal Contract Tower,6,4,9,1,20,0,3,11,20,34,6,7,20,21,54,0,26,26,80
03/23/2021,ADQ,AK,AAL,WE,Federal Contract Tower,4,2,0,0,6,0,6,20,16,42,4,8,20,16,48,6,24,30,78
03/24/2021,ADQ,AK,AAL,WE,Federal Contract Tower,5,7,1,1,14,1,4,29,23,57,6,11,30,24,71,8,2,10,81
03/25/2021,ADQ,AK,AAL,WE,Federal Contract Tower,4,3,0,1,8,0,7,42,5,54,4,10,42,6,62,0,2,2,64
03/26/2021,ADQ,AK,AAL,WE,Federal Contract Tower,4,2,0,1,7,2,7,29,14,52,6,9,29,15,59,8,10,18,77
03/27/2021,ADQ,AK,AAL,WE,Federal Contract Tower,6,0,0,1,7,0,0,12,7,19,6,0,12,8,26,0,12,12,38
03/28/2021,ADQ,AK,AAL,WE,Federal Contract Tower,6,2,0,1,9,0,2,25,6,33,6,4,25,7,42,4,18,22,64
03/29/2021,ADQ,AK,AAL,WE,Federal Contract Tower,6,4,0,2,12,0,4,46,19,69,6,8,46,21,81,12,6,18,99
03/30/2021,ADQ,AK,AAL,WE,Federal Contract Tower,4,4,0,2,10,0,0,36,22,58,4,4,36,24,68,12,20,32,100
03/31/2021,ADQ,AK,AAL,WE,Federal Contract Tower,6,2,0,2,10,0,2,20,13,35,6,4,20,15,45,0,30,30,75
04/01/2021,ADQ,AK,AAL,WE,Federal Contract Tower,2,2,0,2,6,0,3,3,8,14,2,5,3,10,20,0,6,6,26
04/02/2021,ADQ,AK,AAL,WE,Federal Contract Tower,6,2,0,0,8,0,4,54,14,72,6,6,54,14,80,16,2,18,98
04/03/2021,ADQ,AK,AAL,WE,Federal Contract Tower,4,0,0,0,4,0,0,34,13,47,4,0,34,13,51,0,16,16,67
04/04/2021,ADQ,AK,AAL,WE,Federal Contract Tower,4,8,0,0,12,0,6,21,1,28,4,14,21,1,40,0,0,0,40
04/05/2021,ADQ,AK,AAL,WE,Federal Contract Tower,6,5,0,1,12,0,3,35,25,63,6,8,35,26,75,2,34,36,111
04/06/2021,ADQ,AK,AAL,WE,Federal Contract Tower,4,5,0,0,9,0,5,49,21,75,4,10,49,21,84,0,30,30,114
04/07/2021,ADQ,AK,AAL,WE,Federal Contract Tower,6,6,3,2,17,8,2,35,22,67,14,8,38,24,84,0,38,38,122
04/08/2021,ADQ,AK,AAL,WE,Federal Contract Tower,2,3,0,0,5,0,3,8,2,13,2,6,8,2,18,0,0,0,18
04/09/2021,ADQ,AK,AAL,WE,Federal Contract Tower,5,5,0,1,11,1,11,25,17,54,6,16,25,18,65,0,26,26,91
04/10/2021,ADQ,AK,AAL,WE,Federal Contract Tower,6,0,0,2,8,0,0,47,4,51,6,0,47,6,59,4,16,20,79
04/11/2021,ADQ,AK,AAL,WE,Federal Contract Tower,6,6,0,0,12,0,0,4,2,6,6,6,4,2,18,0,34,34,52
04/12/2021,ADQ,AK,AAL,WE,Federal Contract Tower,6,2,0,1,9,0,3,45,20,68,6,5,45,21,77,38,34,72,149
04/13/2021,ADQ,AK,AAL,WE,Federal Contract Tower,4,1,0,1,6,0,3,36,23,62,4,4,36,24,68,46,0,46,114
04/14/2021,ADQ,AK,AAL,WE,Federal Contract Tower,6,5,0,4,15,0,1,39,24,64,6,6,39,28,79,4,12,16,95
04/15/2021,ADQ,AK,AAL,WE,Federal Contract Tower,4,4,5,11,24,0,0,22,10,32,4,4,27,21,56,20,36,56,112
04/16/2021,ADQ,AK,AAL,WE,Federal Contract Tower,6,5,1,0,12,0,4,63,9,76,6,9,64,9,88,42,2,44,132
04/17/2021,ADQ,AK,AAL,WE,Federal Contract Tower,6,0,0,1,7,0,0,55,4,59,6,0,55,5,66,12,4,16,82
04/18/2021,ADQ,AK,AAL,WE,Federal Contract Tower,6,5,5,2,18,0,1,22,3,26,6,6,27,5,44,2,18,20,64
04/19/2021,ADQ,AK,AAL,WE,Federal Contract Tower,6,7,7,5,25,0,0,0,0,0,6,7,7,5,25,0,50,50,75
04/20/2021,ADQ,AK,AAL,WE,Federal Contract Tower,4,4,28,6,42,0,0,22,12,34,4,4,50,18,76,0,0,0,76
04/21/2021,ADQ,AK,AAL,WE,Federal Contract Tower,6,1,0,2,9,0,0,0,0,0,6,1,0,2,9,0,0,0,9
04/22/2021,ADQ,AK,AAL,WE,Federal Contract Tower,4,6,6,2,18,0,0,0,0,0,4,6,6,2,18,0,0,0,18
04/23/2021,ADQ,AK,AAL,WE,Federal Contract Tower,6,4,10,4,24,0,0,30,0,30,6,4,40,4,54,8,0,8,62
04/24/2021,ADQ,AK,AAL,WE,Federal Contract Tower,4,0,6,1,11,0,0,34,0,34,4,0,40,1,45,8,0,8,53
04/25/2021,ADQ,AK,AAL,WE,Federal Contract Tower,6,8,12,3,29,0,2,36,1,39,6,10,48,4,68,8,0,8,76
04/26/2021,ADQ,AK,AAL,WE,Federal Contract Tower,6,4,13,5,28,0,2,20,13,35,6,6,33,18,63,0,18,18,81
04/27/2021,ADQ,AK,AAL,WE,Federal Contract Tower,4,4,10,1,19,0,0,14,1,15,4,4,24,2,34,0,0,0,34
04/28/2021,ADQ,AK,AAL,WE,Federal Contract Tower,6,3,1,2,12,0,0,0,0,0,6,3,1,2,12,0,2,2,14
04/29/2021,ADQ,AK,AAL,WE,Federal Contract Tower,4,9,5,9,27,0,2,59,52,113,4,11,64,61,140,24,102,126,266
04/30/2021,ADQ,AK,AAL,WE,Federal Contract Tower,6,3,1,3,13,0,3,68,32,103,6,6,69,35,116,4,58,62,178
05/01/2021,ADQ,AK,AAL,WE,Federal Contract Tower,6,4,2,2,14,0,2,53,6,61,6,6,55,8,75,14,0,14,89
05/02/2021,ADQ,AK,AAL,WE,Federal Contract Tower,6,6,0,1,13,0,0,17,2,19,6,6,17,3,32,0,0,0,32
05/03/2021,ADQ,AK,AAL,WE,Federal Contract Tower,6,6,0,4,16,0,0,13,4,17,6,6,13,8,33,0,18,18,51
05/04/2021,ADQ,AK,AAL,WE,Federal Contract Tower,4,3,2,11,20,0,2,69,19,90,4,5,71,30,110,24,30,54,164
05/05/2021,ADQ,AK,AAL,WE,Federal Contract Tower,5,4,3,6,18,1,2,76,28,107,6,6,79,34,125,0,10,10,135
05/06/2021,ADQ,AK,AAL,WE,Federal Contract Tower,3,2,1,2,8,1,2,60,56,119,4,4,61,58,127,4,46,50,177
05/07/2021,ADQ,AK,AAL,WE,Federal Contract Tower,6,4,6,4,20,0,1,28,11,40,6,5,34,15,60,30,24,54,114
05/08/2021,ADQ,AK,AAL,WE,Federal Contract Tower,6,4,8,1,19,0,0,14,8,22,6,4,22,9,41,0,0,0,41
05/09/2021,ADQ,AK,AAL,WE,Federal Contract Tower,3,5,3,9,20,1,0,16,6,23,4,5,19,15,43,0,0,0,43
05/10/2021,ADQ,AK,AAL,WE,Federal Contract Tower,6,4,18,23,51,0,0,17,4,21,6,4,35,27,72,0,0,0,72
05/11/2021,ADQ,AK,AAL,WE,Federal Contract Tower,4,3,2,9,18,0,5,54,39,98,4,8,56,48,116,6,66,72,188
05/12/2021,ADQ,AK,AAL,WE,Federal Contract Tower,6,9,3,2,20,0,0,51,40,91,6,9,54,42,111,0,46,46,157
05/13/2021,ADQ,AK,AAL,WE,Federal Contract Tower,4,3,0,7,14,0,1,53,46,100,4,4,53,53,114,0,32,32,146
05/14/2021,ADQ,AK,AAL,WE,Federal Contract Tower,6,4,14,9,33,0,0,6,3,9,6,4,20,12,42,0,2,2,44
05/15/2021,ADQ,AK,AAL,WE,Federal Contract Tower,5,2,0,2,9,0,0,54,7,61,5,2,54,9,70,2,18,20,90
05/16/2021,ADQ,AK,AAL,WE,Federal Contract Tower,6,5,1,6,18,1,1,36,8,46,7,6,37,14,64,12,14,26,90
05/17/2021,ADQ,AK,AAL,WE,Federal Contract Tower,6,4,1,6,17,2,2,62,27,93,8,6,63,33,110,0,8,8,118
05/18/2021,ADQ,AK,AAL,WE,Federal Contract Tower,4,9,0,2,15,0,3,89,34,126,4,12,89,36,141,14,80,94,235
05/19/2021,ADQ,AK,AAL,WE,Federal Contract Tower,6,6,3,4,19,0,0,26,7,33,6,6,29,11,52,0,28,28,80
05/20/2021,ADQ,AK,AAL,WE,Federal Contract Tower,5,7,0,1,13,0,0,0,0,0,5,7,0,1,13,0,0,0,13
05/21/2021,ADQ,AK,AAL,WE,Federal Contract Tower,4,4,0,2,10,1,0,61,12,74,5,4,61,14,84,0,60,60,144
05/22/2021,ADQ,AK,AAL,WE,Federal Contract Tower,7,0,0,0,7,0,2,71,4,77,7,2,71,4,84,6,0,6,90
05/23/2021,ADQ,AK,AAL,WE,Federal Contract Tower,5,2,0,0,7,1,4,46,11,62,6,6,46,11,69,0,10,10,79
05/24/2021,ADQ,AK,AAL,WE,Federal Contract Tower,5,3,0,0,8,1,4,77,25,107,6,7,77,25,115,18,56,74,189
05/25/2021,ADQ,AK,AAL,WE,Federal Contract Tower,5,3,2,0,10,0,3,65,25,93,5,6,67,25,103,26,80,106,209
05/26/2021,ADQ,AK,AAL,WE,Federal Contract Tower,5,5,2,0,12,0,1,77,20,98,5,6,79,20,110,0,28,28,138
05/27/2021,ADQ,AK,AAL,WE,Federal Contract Tower,5,4,0,1,10,0,2,43,21,66,5,6,43,22,76,0,40,40,116
05/28/2021,ADQ,AK,AAL,WE,Federal Contract Tower,5,5,15,1,26,0,0,35,3,38,5,5,50,4,64,0,10,10,74
05/29/2021,ADQ,AK,AAL,WE,Federal Contract Tower,6,4,2,4,16,0,0,0,0,0,6,4,2,4,16,0,0,0,16
05/30/2021,ADQ,AK,AAL,WE,Federal Contract Tower,5,6,4,1,16,0,1,51,3,55,5,7,55,4,71,4,0,4,75
05/31/2021,ADQ,AK,AAL,WE,Federal Contract Tower,6,3,6,0,15,0,0,2,0,2,6,3,8,0,17,0,0,0,17
06/01/2021,ADQ,AK,AAL,WE,Federal Contract Tower,6,8,4,7,25,0,1,52,11,64,6,9,56,18,89,0,28,28,117
06/02/2021,ADQ,AK,AAL,WE,Federal Contract Tower,5,3,11,2,21,1,4,70,24,99,6,7,81,26,120,8,26,34,154
06/03/2021,ADQ,AK,AAL,WE,Federal Contract Tower,5,5,0,2,12,0,3,57,22,82,5,8,57,24,94,0,40,40,134
06/04/2021,ADQ,AK,AAL,WE,Federal Contract Tower,4,1,0,4,9,1,3,77,17,98,5,4,77,21,107,26,26,52,159
06/05/2021,ADQ,AK,AAL,WE,Federal Contract Tower,6,1,0,0,7,1,0,45,7,53,7,1,45,7,60,0,18,18,78
06/06/2021,ADQ,AK,AAL,WE,Federal Contract Tower,4,2,0,0,6,1,4,34,7,46,5,6,34,7,52,0,0,0,52
06/07/2021,ADQ,AK,AAL,WE,Federal Contract Tower,5,2,0,2,9,0,2,73,24,99,5,4,73,26,108,0,68,68,176
06/08/2021,ADQ,AK,AAL,WE,Federal Contract Tower,5,3,0,1,9,0,2,61,24,87,5,5,61,25,96,0,86,86,182
06/09/2021,ADQ,AK,AAL,WE,Federal Contract Tower,5,4,8,2,19,0,0,0,0,0,5,4,8,2,19,0,0,0,19
06/10/2021,ADQ,AK,AAL,WE,Federal Contract Tower,5,9,28,9,51,0,0,28,5,33,5,9,56,14,84,0,0,0,84
06/11/2021,ADQ,AK,AAL,WE,Federal Contract Tower,4,2,1,2,9,1,2,74,17,94,5,4,75,19,103,0,0,0,103
06/12/2021,ADQ,AK,AAL,WE,Federal Contract Tower,8,1,0,0,9,0,0,58,4,62,8,1,58,4,71,4,12,16,87
06/13/2021,ADQ,AK,AAL,WE,Federal Contract Tower,6,3,0,0,9,1,1,48,7,57,7,4,48,7,66,26,14,40,106
06/14/2021,ADQ,AK,AAL,WE,Federal Contract Tower,10,3,0,0,13,0,4,63,28,95,10,7,63,28,108,4,34,38,146
06/15/2021,ADQ,AK,AAL,WE,Federal Contract Tower,6,4,2,0,12,0,6,78,19,103,6,10,80,19,115,8,30,38,153
06/16/2021,ADQ,AK,AAL,WE,Federal Contract Tower,7,13,6,3,29,0,0,67,14,81,7,13,73,17,110,26,10,36,146
06/17/2021,ADQ,AK,AAL,WE,Federal Contract Tower,6,9,27,6,48,0,0,5,1,6,6,9,32,7,54,0,16,16,70
06/18/2021,ADQ,AK,AAL,WE,Federal Contract Tower,5,6,31,0,42,0,0,3,0,3,5,6,34,0,45,0,0,0,45
06/19/2021,ADQ,AK,AAL,WE,Federal Contract Tower,5,0,3,0,8,0,0,0,0,0,5,0,3,0,8,0,0,0,8
06/20/2021,ADQ,AK,AAL,WE,Federal Contract Tower,8,5,3,0,16,0,0,11,0,11,8,5,14,0,27,0,0,0,27
06/21/2021,ADQ,AK,AAL,WE,Federal Contract Tower,10,5,27,4,46,0,0,17,1,18,10,5,44,5,64,0,0,0,64
06/22/2021,ADQ,AK,AAL,WE,Federal Contract Tower,5,4,9,0,18,0,0,0,0,0,5,4,9,0,18,0,0,0,18
06/23/2021,ADQ,AK,AAL,WE,Federal Contract Tower,4,0,0,1,5,0,0,0,0,0,4,0,0,1,5,0,0,0,5
06/24/2021,ADQ,AK,AAL,WE,Federal Contract Tower,6,10,1,1,18,0,4,89,17,110,6,14,90,18,128,4,36,40,168
06/25/2021,ADQ,AK,AAL,WE,Federal Contract Tower,6,6,0,0,12,0,2,66,9,77,6,8,66,9,89,0,40,40,129
06/26/2021,ADQ,AK,AAL,WE,Federal Contract Tower,7,2,3,0,12,0,0,58,0,58,7,2,61,0,70,0,0,0,70
06/27/2021,ADQ,AK,AAL,WE,Federal Contract Tower,3,2,8,0,13,0,0,24,0,24,3,2,32,0,37,0,0,0,37
06/28/2021,ADQ,AK,AAL,WE,Federal Contract Tower,5,12,0,1,18,0,5,100,25,130,5,17,100,26,148,8,38,46,194
06/29/2021,ADQ,AK,AAL,WE,Federal Contract Tower,6,0,4,1,11,0,6,71,28,105,6,6,75,29,116,0,16,16,132
06/30/2021,ADQ,AK,AAL,WE,Federal Contract Tower,4,2,1,1,8,1,2,81,17,101,5,4,82,18,109,0,0,0,109
07/01/2021,ADQ,AK,AAL,WE,Federal Contract Tower,5,5,5,1,16,0,0,0,0,0,5,5,5,1,16,0,0,0,16
07/02/2021,ADQ,AK,AAL,WE,Federal Contract Tower,5,6,3,2,16,0,1,98,6,105,5,7,101,8,121,0,0,0,121
07/03/2021,ADQ,AK,AAL,WE,Federal Contract Tower,5,0,1,0,6,1,0,67,4,72,6,0,68,4,78,20,0,20,98
07/04/2021,ADQ,AK,AAL,WE,Federal Contract Tower,5,8,1,1,15,0,0,6,0,6,5,8,7,1,21,4,0,4,25
07/05/2021,ADQ,AK,AAL,WE,Federal Contract Tower,9,1,0,2,12,1,3,68,3,75,10,4,68,5,87,12,0,12,99
07/06/2021,ADQ,AK,AAL,WE,Federal Contract Tower,5,3,0,4,12,0,4,66,37,107,5,7,66,41,119,0,82,82,201
07/07/2021,ADQ,AK,AAL,WE,Federal Contract Tower,5,7,1,1,14,4,2,65,30,101,9,9,66,31,115,6,28,34,149
07/08/2021,ADQ,AK,AAL,WE,Federal Contract Tower,9,3,2,1,15,0,3,48,33,84,9,6,50,34,99,0,36,36,135
07/09/2021,ADQ,AK,AAL,WE,Federal Contract Tower,5,4,0,0,9,0,3,35,9,47,5,7,35,9,56,0,16,16,72
07/10/2021,ADQ,AK,AAL,WE,Federal Contract Tower,7,0,0,2,9,0,0,19,3,22,7,0,19,5,31,0,6,6,37
07/11/2021,ADQ,AK,AAL,WE,Federal Contract Tower,5,4,8,0,17,0,0,14,0,14,5,4,22,0,31,0,0,0,31
07/12/2021,ADQ,AK,AAL,WE,Federal Contract Tower,6,6,0,2,14,0,1,47,9,57,6,7,47,11,71,2,24,26,97
07/13/2021,ADQ,AK,AAL,WE,Federal Contract Tower,6,4,4,0,14,0,0,64,25,89,6,4,68,25,103,22,102,124,227
07/14/2021,ADQ,AK,AAL,WE,Federal Contract Tower,4,6,1,1,12,1,3,70,7,81,5,9,71,8,93,14,14,28,121
07/15/2021,ADQ,AK,AAL,WE,Federal Contract Tower,4,5,0,0,9,0,4,69,7,80,4,9,69,7,89,18,0,18,107
07/16/2021,ADQ,AK,AAL,WE,Federal Contract Tower,5,2,0,0,7,0,5,63,6,74,5,7,63,6,81,4,2,6,87
07/17/2021,ADQ,AK,AAL,WE,Federal Contract Tower,6,3,0,1,10,1,0,62,7,70,7,3,62,8,80,0,0,0,80
07/18/2021,ADQ,AK,AAL,WE,Federal Contract Tower,6,4,3,0,13,0,1,42,4,47,6,5,45,4,60,12,0,12,72
07/19/2021,ADQ,AK,AAL,WE,Federal Contract Tower,5,6,2,2,15,1,4,67,36,108,6,10,69,38,123,0,44,44,167
07/20/2021,ADQ,AK,AAL,WE,Federal Contract Tower,5,6,0,3,14,0,2,44,11,57,5,8,44,14,71,0,0,0,71
07/21/2021,ADQ,AK,AAL,WE,Federal Contract Tower,5,7,2,0,14,0,0,47,13,60,5,7,49,13,74,0,28,28,102
07/22/2021,ADQ,AK,AAL,WE,Federal Contract Tower,6,7,1,7,21,0,0,8,16,24,6,7,9,23,45,0,26,26,71
07/23/2021,ADQ,AK,AAL,WE,Federal Contract Tower,8,7,6,3,24,0,0,41,1,42,8,7,47,4,66,0,0,0,66
07/24/2021,ADQ,AK,AAL,WE,Federal Contract Tower,8,0,1,2,11,0,0,56,9,65,8,0,57,11,76,30,24,54,130
07/25/2021,ADQ,AK,AAL,WE,Federal Contract Tower,3,4,12,0,19,0,0,25,3,28,3,4,37,3,47,0,0,0,47
07/26/2021,ADQ,AK,AAL,WE,Federal Contract Tower,5,3,0,0,8,0,3,64,15,82,5,6,64,15,90,6,28,34,124
07/27/2021,ADQ,AK,AAL,WE,Federal Contract Tower,5,3,2,1,11,1,4,97,27,129,6,7,99,28,140,4,98,102,242
07/28/2021,ADQ,AK,AAL,WE,Federal Contract Tower,5,4,2,2,13,0,4,77,10,91,5,8,79,12,104,0,0,0,104
07/29/2021,ADQ,AK,AAL,WE,Federal Contract Tower,5,9,1,0,15,0,2,67,12,81,5,11,68,12,96,30,36,66,162
07/30/2021,ADQ,AK,AAL,WE,Federal Contract Tower,5,3,0,1,9,0,2,53,13,68,5,5,53,14,77,0,4,4,81
07/31/2021,ADQ,AK,AAL,WE,Federal Contract Tower,6,4,10,1,21,0,0,30,0,30,6,4,40,1,51,8,0,8,59
08/01/2021,ADQ,AK,AAL,WE,Federal Contract Tower,2,7,5,0,14,0,0,22,0,22,2,7,27,0,36,10,0,10,46
08/02/2021,ADQ,AK,AAL,WE,Federal Contract Tower,6,11,4,2,23,0,1,46,10,57,6,12,50,12,80,0,4,4,84
08/03/2021,ADQ,AK,AAL,WE,Federal Contract Tower,6,3,0,0,9,0,1,79,17,97,6,4,79,17,106,0,16,16,122
08/04/2021,ADQ,AK,AAL,WE,Federal Contract Tower,6,6,3,0,15,0,2,66,30,98,6,8,69,30,113,0,38,38,151
08/05/2021,ADQ,AK,AAL,WE,Federal Contract Tower,5,6,4,4,19,0,3,55,10,68,5,9,59,14,87,0,12,12,99
08/06/2021,ADQ,AK,AAL,WE,Federal Contract Tower,5,5,2,1,13,1,2,62,8,73,6,7,64,9,86,14,4,18,104
08/07/2021,ADQ,AK,AAL,WE,Federal Contract Tower,8,3,6,1,18,0,2,40,7,49,8,5,46,8,67,6,8,14,81
08/08/2021,ADQ,AK,AAL,WE,Federal Contract Tower,5,9,1,1,16,1,1,36,7,45,6,10,37,8,61,0,0,0,61
08/09/2021,ADQ,AK,AAL,WE,Federal Contract Tower,5,6,0,3,14,1,2,24,14,41,6,8,24,17,55,0,30,30,85
08/10/2021,ADQ,AK,AAL,WE,Federal Contract Tower,4,4,0,1,9,1,3,72,16,92,5,7,72,17,101,0,18,18,119
08/11/2021,ADQ,AK,AAL,WE,Federal Contract Tower,6,3,4,2,15,0,1,20,2,23,6,4,24,4,38,0,0,0,38
08/12/2021,ADQ,AK,AAL,WE,Federal Contract Tower,5,1,3,1,10,0,3,66,19,88,5,4,69,20,98,4,8,12,110
08/13/2021,ADQ,AK,AAL,WE,Federal Contract Tower,5,4,1,1,11,0,2,51,3,56,5,6,52,4,67,0,0,0,67
08/14/2021,ADQ,AK,AAL,WE,Federal Contract Tower,7,2,1,0,10,0,0,68,3,71,7,2,69,3,81,10,0,10,91
08/15/2021,ADQ,AK,AAL,WE,Federal Contract Tower,5,0,2,0,7,1,4,41,3,49,6,4,43,3,56,0,0,0,56
08/16/2021,ADQ,AK,AAL,WE,Federal Contract Tower,7,6,1,1,15,0,6,59,4,69,7,12,60,5,84,0,0,0,84
08/17/2021,ADQ,AK,AAL,WE,Federal Contract Tower,6,5,3,4,18,0,0,40,11,51,6,5,43,15,69,4,6,10,79
08/18/2021,ADQ,AK,AAL,WE,Federal Contract Tower,5,3,0,0,8,0,4,89,24,117,5,7,89,24,125,0,4,4,129
08/19/2021,ADQ,AK,AAL,WE,Federal Contract Tower,3,6,0,1,10,1,3,81,15,100,4,9,81,16,110,0,22,22,132
08/20/2021,ADQ,AK,AAL,WE,Federal Contract Tower,5,7,1,1,14,1,2,70,11,84,6,9,71,12,98,0,10,10,108
08/21/2021,ADQ,AK,AAL,WE,Federal Contract Tower,5,3,3,1,12,0,0,66,12,78,5,3,69,13,90,0,0,0,90
08/22/2021,ADQ,AK,AAL,WE,Federal Contract Tower,5,0,2,0,7,0,2,5,3,10,5,2,7,3,17,0,6,6,23
08/23/2021,ADQ,AK,AAL,WE,Federal Contract Tower,6,7,0,0,13,0,2,49,18,69,6,9,49,18,82,0,0,0,82
08/24/2021,ADQ,AK,AAL,WE,Federal Contract Tower,5,4,1,1,11,1,2,74,15,92,6,6,75,16,103,0,32,32,135
08/25/2021,ADQ,AK,AAL,WE,Federal Contract Tower,6,5,2,2,15,0,2,60,21,83,6,7,62,23,98,0,32,32,130
08/26/2021,ADQ,AK,AAL,WE,Federal Contract Tower,4,4,1,2,11,0,4,42,6,52,4,8,43,8,63,0,0,0,63
08/27/2021,ADQ,AK,AAL,WE,Federal Contract Tower,5,3,5,0,13,1,4,43,9,57,6,7,48,9,70,0,28,28,98
08/28/2021,ADQ,AK,AAL,WE,Federal Contract Tower,6,4,0,0,10,0,3,54,6,63,6,7,54,6,73,0,0,0,73
08/29/2021,ADQ,AK,AAL,WE,Federal Contract Tower,5,2,0,0,7,0,6,53,9,68,5,8,53,9,75,0,0,0,75
08/30/2021,ADQ,AK,AAL,WE,Federal Contract Tower,6,3,1,0,10,0,2,76,7,85,6,5,77,7,95,0,0,0,95
08/31/2021,ADQ,AK,AAL,WE,Federal Contract Tower,6,6,6,1,19,0,0,31,4,35,6,6,37,5,54,0,24,24,78
09/01/2021,ADQ,AK,AAL,WE,Federal Contract Tower,3,3,1,0,7,0,0,0,0,0,3,3,1,0,7,0,0,0,7
09/02/2021,ADQ,AK,AAL,WE,Federal Contract Tower,2,7,2,0,11,1,2,46,20,69,3,9,48,20,80,0,28,28,108
09/03/2021,ADQ,AK,AAL,WE,Federal Contract Tower,6,8,17,0,31,0,0,0,0,0,6,8,17,0,31,0,0,0,31
09/04/2021,ADQ,AK,AAL,WE,Federal Contract Tower,2,5,15,1,23,0,0,37,1,38,2,5,52,2,61,0,0,0,61
09/05/2021,ADQ,AK,AAL,WE,Federal Contract Tower,6,9,0,0,15,0,4,47,5,56,6,13,47,5,71,0,12,12,83
09/06/2021,ADQ,AK,AAL,WE,Federal Contract Tower,7,1,1,0,9,1,3,60,6,70,8,4,61,6,79,6,0,6,85
09/07/2021,ADQ,AK,AAL,WE,Federal Contract Tower,6,1,0,0,7,0,3,64,25,92,6,4,64,25,99,0,26,26,125
09/08/2021,ADQ,AK,AAL,WE,Federal Contract Tower,5,3,3,4,15,1,4,56,2,63,6,7,59,6,78,0,0,0,78
09/09/2021,ADQ,AK,AAL,WE,Federal Contract Tower,1,7,0,0,8,0,0,0,1,1,1,7,0,1,9,0,0,0,9
09/10/2021,ADQ,AK,AAL,WE,Federal Contract Tower,5,5,1,3,14,1,5,75,25,106,6,10,76,28,120,4,78,82,202
09/11/2021,ADQ,AK,AAL,WE,Federal Contract Tower,8,1,0,2,11,0,0,65,8,73,8,1,65,10,84,4,16,20,104
09/12/2021,ADQ,AK,AAL,WE,Federal Contract Tower,6,7,0,0,13,0,0,6,2,8,6,7,6,2,21,0,0,0,21
09/13/2021,ADQ,AK,AAL,WE,Federal Contract Tower,6,4,1,1,12,0,1,46,18,65,6,5,47,19,77,0,44,44,121
09/14/2021,ADQ,AK,AAL,WE,Federal Contract Tower,5,3,1,0,9,0,2,41,5,48,5,5,42,5,57,0,8,8,65
09/15/2021,ADQ,AK,AAL,WE,Federal Contract Tower,3,8,6,3,20,1,1,28,12,42,4,9,34,15,62,0,60,60,122
09/16/2021,ADQ,AK,AAL,WE,Federal Contract Tower,6,7,0,0,13,0,0,0,2,2,6,7,0,2,15,0,0,0,15
09/17/2021,ADQ,AK,AAL,WE,Federal Contract Tower,5,4,0,1,10,1,5,65,16,87,6,9,65,17,97,0,58,58,155
09/18/2021,ADQ,AK,AAL,WE,Federal Contract Tower,10,3,0,0,13,0,2,51,6,59,10,5,51,6,72,0,4,4,76
09/19/2021,ADQ,AK,AAL,WE,Federal Contract Tower,6,2,1,0,9,0,4,40,6,50,6,6,41,6,59,0,20,20,79
09/20/2021,ADQ,AK,AAL,WE,Federal Contract Tower,5,4,0,1,10,0,2,29,12,43,5,6,29,13,53,0,36,36,89
09/21/2021,ADQ,AK,AAL,WE,Federal Contract Tower,4,0,0,0,4,0,3,0,1,4,4,3,0,1,8,0,0,0,8
09/22/2021,ADQ,AK,AAL,WE,Federal Contract Tower,5,4,0,2,11,0,4,62,12,78,5,8,62,14,89,0,18,18,107
09/23/2021,ADQ,AK,AAL,WE,Federal Contract Tower,5,5,0,3,13,0,0,0,4,4,5,5,0,7,17,0,42,42,59
09/24/2021,ADQ,AK,AAL,WE,Federal Contract Tower,0,1,0,0,1,0,4,25,0,29,0,5,25,0,30,0,0,0,30
09/25/2021,ADQ,AK,AAL,WE,Federal Contract Tower,7,2,2,0,11,0,17,68,5,90,7,19,70,5,101,0,2,2,103
09/26/2021,ADQ,AK,AAL,WE,Federal Contract Tower,6,2,1,1,10,0,7,47,3,57,6,9,48,4,67,0,0,0,67
09/27/2021,ADQ,AK,AAL,WE,Federal Contract Tower,6,1,1,1,9,1,3,60,23,87,7,4,61,24,96,0,4,4,100
09/28/2021,ADQ,AK,AAL,WE,Federal Contract Tower,6,3,3,2,14,0,6,50,23,79,6,9,53,25,93,0,50,50,143
09/29/2021,ADQ,AK,AAL,WE,Federal Contract Tower,5,1,1,1,8,0,3,52,18,73,5,4,53,19,81,0,0,0,81
09/30/2021,ADQ,AK,AAL,WE,Federal Contract Tower,6,7,0,2,15,0,0,23,14,37,6,7,23,16,52,0,34,34,86
10/01/2021,ADQ,AK,AAL,WE,Federal Contract Tower,5,8,0,3,16,1,6,33,4,44,6,14,33,7,60,0,18,18,78
10/02/2021,ADQ,AK,AAL,WE,Federal Contract Tower,2,0,0,0,2,0,0,0,0,0,2,0,0,0,2,0,0,0,2
10/03/2021,ADQ,AK,AAL,WE,Federal Contract Tower,3,7,0,2,12,1,1,24,5,31,4,8,24,7,43,0,0,0,43
10/04/2021,ADQ,AK,AAL,WE,Federal Contract Tower,8,7,0,0,15,0,5,60,19,84,8,12,60,19,99,0,14,14,113
10/05/2021,ADQ,AK,AAL,WE,Federal Contract Tower,5,2,2,2,11,0,2,43,13,58,5,4,45,15,69,0,10,10,79
10/06/2021,ADQ,AK,AAL,WE,Federal Contract Tower,4,5,0,2,11,0,1,29,16,46,4,6,29,18,57,0,30,30,87
10/07/2021,ADQ,AK,AAL,WE,Federal Contract Tower,4,5,0,1,10,0,4,57,9,70,4,9,57,10,80,4,12,16,96
10/08/2021,ADQ,AK,AAL,WE,Federal Contract Tower,7,4,0,0,11,1,2,41,16,60,8,6,41,16,71,0,0,0,71
10/09/2021,ADQ,AK,AAL,WE,Federal Contract Tower,5,3,0,1,9,0,1,0,0,1,5,4,0,1,10,0,0,0,10
10/10/2021,ADQ,AK,AAL,WE,Federal Contract Tower,4,2,0,0,6,1,5,41,10,57,5,7,41,10,63,0,22,22,85
10/11/2021,ADQ,AK,AAL,WE,Federal Contract Tower,6,4,0,3,13,0,0,22,3,25,6,4,22,6,38,0,0,0,38
10/12/2021,ADQ,AK,AAL,WE,Federal Contract Tower,6,2,0,2,10,1,3,40,16,60,7,5,40,18,70,0,50,50,120
10/13/2021,ADQ,AK,AAL,WE,Federal Contract Tower,4,2,0,1,7,1,2,33,26,62,5,4,33,27,69,0,4,4,73
10/14/2021,ADQ,AK,AAL,WE,Federal Contract Tower,4,1,1,2,8,0,3,45,18,66,4,4,46,20,74,0,26,26,100
10/15/2021,ADQ,AK,AAL,WE,Federal Contract Tower,5,4,0,1,10,1,3,60,10,74,6,7,60,11,84,0,8,8,92
10/16/2021,ADQ,AK,AAL,WE,Federal Contract Tower,6,0,1,0,7,0,0,59,5,64,6,0,60,5,71,0,6,6,77
10/17/2021,ADQ,AK,AAL,WE,Federal Contract Tower,4,0,2,0,6,0,0,0,0,0,4,0,2,0,6,0,0,0,6
10/18/2021,ADQ,AK,AAL,WE,Federal Contract Tower,6,11,0,1,18,0,1,0,4,5,6,12,0,5,23,0,8,8,31
10/19/2021,ADQ,AK,AAL,WE,Federal Contract Tower,7,5,0,2,14,0,3,58,3,64,7,8,58,5,78,0,0,0,78
10/20/2021,ADQ,AK,AAL,WE,Federal Contract Tower,5,4,0,6,15,0,1,41,10,52,5,5,41,16,67,6,10,16,83
10/21/2021,ADQ,AK,AAL,WE,Federal Contract Tower,4,5,0,4,13,0,0,58,7,65,4,5,58,11,78,2,10,12,90
10/22/2021,ADQ,AK,AAL,WE,Federal Contract Tower,6,7,2,2,17,0,2,32,12,46,6,9,34,14,63,0,68,68,131
10/23/2021,ADQ,AK,AAL,WE,Federal Contract Tower,6,0,0,1,7,0,0,27,2,29,6,0,27,3,36,0,0,0,36
10/24/2021,ADQ,AK,AAL,WE,Federal Contract Tower,4,6,0,0,10,0,2,29,3,34,4,8,29,3,44,0,0,0,44
10/25/2021,ADQ,AK,AAL,WE,Federal Contract Tower,4,13,0,1,18,0,2,54,18,74,4,15,54,19,92,2,40,42,134
10/26/2021,ADQ,AK,AAL,WE,Federal Contract Tower,6,4,0,1,11,1,2,27,20,50,7,6,27,21,61,0,8,8,69
10/27/2021,ADQ,AK,AAL,WE,Federal Contract Tower,5,1,0,2,8,0,3,51,29,83,5,4,51,31,91,0,40,40,131
10/28/2021,ADQ,AK,AAL,WE,Federal Contract Tower,4,5,0,0,9,0,3,65,25,93,4,8,65,25,102,2,26,28,130
10/29/2021,ADQ,AK,AAL,WE,Federal Contract Tower,5,7,2,2,16,0,0,8,1,9,5,7,10,3,25,0,0,0,25
10/30/2021,ADQ,AK,AAL,WE,Federal Contract Tower,2,1,0,0,3,0,0,0,0,0,2,1,0,0,3,0,0,0,3
10/31/2021,ADQ,AK,AAL,WE,Federal Contract Tower,3,6,4,3,16,0,0,12,2,14,3,6,16,5,30,0,0,0,30
11/01/2021,ADQ,AK,AAL,WE,Federal Contract Tower,6,7,0,2,15,0,0,63,11,74,6,7,63,13,89,0,20,20,109
11/02/2021,ADQ,AK,AAL,WE,Federal Contract Tower,8,3,2,1,14,0,3,64,18,85,8,6,66,19,99,0,6,6,105
11/03/2021,ADQ,AK,AAL,WE,Federal Contract Tower,4,5,2,2,13,0,1,36,17,54,4,6,38,19,67,2,10,12,79
11/04/2021,ADQ,AK,AAL,WE,Federal Contract Tower,2,9,0,3,14,0,5,55,1,61,2,14,55,4,75,0,0,0,75
11/05/2021,ADQ,AK,AAL,WE,Federal Contract Tower,3,7,0,0,10,0,2,43,14,59,3,9,43,14,69,4,30,34,103
11/06/2021,ADQ,AK,AAL,WE,Federal Contract Tower,6,1,3,0,10,0,3,49,11,63,6,4,52,11,73,4,0,4,77
11/07/2021,ADQ,AK,AAL,WE,Federal Contract Tower,4,7,0,2,13,0,0,30,3,33,4,7,30,5,46,0,8,8,54
11/08/2021,ADQ,AK,AAL,WE,Federal Contract Tower,6,5,4,0,15,1,3,41,47,92,7,8,45,47,107,4,46,50,157
11/09/2021,ADQ,AK,AAL,WE,Federal Contract Tower,3,3,2,1,9,0,2,45,30,77,3,5,47,31,86,0,60,60,146
11/10/2021,ADQ,AK,AAL,WE,Federal Contract Tower,4,6,2,2,14,0,1,13,12,26,4,7,15,14,40,0,18,18,58
11/11/2021,ADQ,AK,AAL,WE,Federal Contract Tower,2,11,0,2,15,0,0,47,2,49,2,11,47,4,64,0,0,0,64
11/12/2021,ADQ,AK,AAL,WE,Federal Contract Tower,4,3,0,1,8,0,4,53,6,63,4,7,53,7,71,8,0,8,79
11/13/2021,ADQ,AK,AAL,WE,Federal Contract Tower,6,3,0,0,9,0,0,51,4,55,6,3,51,4,64,0,0,0,64
11/14/2021,ADQ,AK,AAL,WE,Federal Contract Tower,4,3,0,0,7,0,5,49,2,56,4,8,49,2,63,0,22,22,85
11/15/2021,ADQ,AK,AAL,WE,Federal Contract Tower,3,5,1,1,10,0,3,64,22,89,3,8,65,23,99,6,30,36,135
11/16/2021,ADQ,AK,AAL,WE,Federal Contract Tower,5,6,1,3,15,0,2,38,0,40,5,8,39,3,55,0,0,0,55
11/17/2021,ADQ,AK,AAL,WE,Federal Contract Tower,3,3,0,0,6,0,3,12,8,23,3,6,12,8,29,0,12,12,41
11/18/2021,ADQ,AK,AAL,WE,Federal Contract Tower,0,7,0,2,9,0,5,40,4,49,0,12,40,6,58,0,52,52,110
11/19/2021,ADQ,AK,AAL,WE,Federal Contract Tower,5,11,0,3,19,0,2,72,20,94,5,13,72,23,113,0,28,28,141
11/20/2021,ADQ,AK,AAL,WE,Federal Contract Tower,4,2,0,0,6,0,0,0,0,0,4,2,0,0,6,0,0,0,6
11/21/2021,ADQ,AK,AAL,WE,Federal Contract Tower,5,7,0,2,14,0,1,66,4,71,5,8,66,6,85,0,18,18,103
11/22/2021,ADQ,AK,AAL,WE,Federal Contract Tower,4,3,0,0,7,0,2,34,28,64,4,5,34,28,71,0,10,10,81
11/23/2021,ADQ,AK,AAL,WE,Federal Contract Tower,4,6,0,0,10,0,1,46,25,72,4,7,46,25,82,0,78,78,160
11/24/2021,ADQ,AK,AAL,WE,Federal Contract Tower,4,5,4,1,14,0,5,34,14,53,4,10,38,15,67,0,20,20,87
11/25/2021,ADQ,AK,AAL,WE,Federal Contract Tower,1,0,0,0,1,0,1,0,0,1,1,1,0,0,2,0,0,0,2
11/26/2021,ADQ,AK,AAL,WE,Federal Contract Tower,3,4,0,3,10,0,5,28,0,33,3,9,28,3,43,0,0,0,43
11/27/2021,ADQ,AK,AAL,WE,Federal Contract Tower,7,2,0,0,9,0,0,55,4,59,7,2,55,4,68,6,0,6,74
11/28/2021,ADQ,AK,AAL,WE,Federal Contract Tower,6,2,0,0,8,0,6,39,2,47,6,8,39,2,55,0,0,0,55
11/29/2021,ADQ,AK,AAL,WE,Federal Contract Tower,1,2,0,0,3,0,0,0,8,8,1,2,0,8,11,0,0,0,11
11/30/2021,ADQ,AK,AAL,WE,Federal Contract Tower,0,10,0,0,10,0,11,39,35,85,0,21,39,35,95,0,36,36,131
12/01/2021,ADQ,AK,AAL,WE,Federal Contract Tower,2,8,2,2,14,0,0,1,1,2,2,8,3,3,16,0,0,0,16
12/02/2021,ADQ,AK,AAL,WE,Federal Contract Tower,5,6,0,0,11,0,11,8,15,34,5,17,8,15,45,2,10,12,57
12/03/2021,ADQ,AK,AAL,WE,Federal Contract Tower,4,6,0,2,12,0,6,65,18,89,4,12,65,20,101,0,12,12,113
12/04/2021,ADQ,AK,AAL,WE,Federal Contract Tower,6,5,0,0,11,0,2,61,8,71,6,7,61,8,82,2,0,2,84
12/05/2021,ADQ,AK,AAL,WE,Federal Contract Tower,8,10,0,2,20,0,2,13,4,19,8,12,13,6,39,0,20,20,59
12/06/2021,ADQ,AK,AAL,WE,Federal Contract Tower,5,8,0,0,13,0,1,0,11,12,5,9,0,11,25,0,12,12,37
12/07/2021,ADQ,AK,AAL,WE,Federal Contract Tower,2,0,0,0,2,0,0,0,0,0,2,0,0,0,2,0,0,0,2
12/08/2021,ADQ,AK,AAL,WE,Federal Contract Tower,4,5,1,1,11,0,6,4,30,40,4,11,5,31,51,0,72,72,123
12/09/2021,ADQ,AK,AAL,WE,Federal Contract Tower,5,6,0,1,12,0,5,3,17,25,5,11,3,18,37,0,46,46,83
12/10/2021,ADQ,AK,AAL,WE,Federal Contract Tower,6,11,0,0,17,0,3,11,3,17,6,14,11,3,34,0,0,0,34
12/11/2021,ADQ,AK,AAL,WE,Federal Contract Tower,0,0,1,0,1,0,0,0,0,0,0,0,1,0,1,0,0,0,1
12/12/2021,ADQ,AK,AAL,WE,Federal Contract Tower,1,3,0,0,4,0,0,2,1,3,1,3,2,1,7,0,0,0,7
12/13/2021,ADQ,AK,AAL,WE,Federal Contract Tower,6,11,2,3,22,0,3,50,7,60,6,14,52,10,82,0,4,4,86
12/14/2021,ADQ,AK,AAL,WE,Federal Contract Tower,4,7,0,0,11,0,4,51,29,84,4,11,51,29,95,0,48,48,143
12/15/2021,ADQ,AK,AAL,WE,Federal Contract Tower,4,3,0,2,9,0,3,54,20,77,4,6,54,22,86,0,18,18,104
12/16/2021,ADQ,AK,AAL,WE,Federal Contract Tower,3,5,5,2,15,0,0,0,0,0,3,5,5,2,15,0,0,0,15
12/17/2021,ADQ,AK,AAL,WE,Federal Contract Tower,10,5,2,0,17,0,9,41,14,64,10,14,43,14,81,0,24,24,105
12/18/2021,ADQ,AK,AAL,WE,Federal Contract Tower,5,3,0,0,8,0,2,42,2,46,5,5,42,2,54,0,0,0,54
12/19/2021,ADQ,AK,AAL,WE,Federal Contract Tower,8,4,0,0,12,0,9,31,6,46,8,13,31,6,58,0,32,32,90
12/20/2021,ADQ,AK,AAL,WE,Federal Contract Tower,5,6,0,4,15,0,9,43,9,61,5,15,43,13,76,0,38,38,114
12/21/2021,ADQ,AK,AAL,WE,Federal Contract Tower,2,3,0,1,6,2,6,36,11,55,4,9,36,12,61,0,12,12,73
12/22/2021,ADQ,AK,AAL,WE,Federal Contract Tower,4,5,0,0,9,0,4,29,8,41,4,9,29,8,50,0,4,4,54
12/23/2021,ADQ,AK,AAL,WE,Federal Contract Tower,4,2,0,0,6,0,7,0,0,7,4,9,0,0,13,0,0,0,13
12/24/2021,ADQ,AK,AAL,WE,Federal Contract Tower,4,3,0,0,7,0,4,24,2,30,4,7,24,2,37,0,0,0,37
12/25/2021,ADQ,AK,AAL,WE,Federal Contract Tower,2,0,0,0,2,0,0,0,0,0,2,0,0,0,2,0,0,0,2
12/26/2021,ADQ,AK,AAL,WE,Federal Contract Tower,3,2,0,0,5,0,2,25,2,29,3,4,25,2,34,0,6,6,40
12/27/2021,ADQ,AK,AAL,WE,Federal Contract Tower,5,5,0,0,10,1,5,31,13,50,6,10,31,13,60,18,34,52,112
12/28/2021,ADQ,AK,AAL,WE,Federal Contract Tower,3,2,0,0,5,1,3,31,15,50,4,5,31,15,55,0,18,18,73
12/29/2021,ADQ,AK,AAL,WE,Federal Contract Tower,4,3,0,1,8,0,3,35,9,47,4,6,35,10,55,0,2,2,57
12/30/2021,ADQ,AK,AAL,WE,Federal Contract Tower,4,6,0,0,10,0,1,27,6,34,4,7,27,6,44,0,8,8,52
12/31/2021,ADQ,AK,AAL,WE,Federal Contract Tower,4,3,0,1,8,0,3,12,2,17,4,6,12,3,25,0,0,0,25
01/01/2022,ADQ,AK,AAL,WE,Federal Contract Tower,2,0,0,0,2,0,0,0,0,0,2,0,0,0,2,0,0,0,2
01/02/2022,ADQ,AK,AAL,WE,Federal Contract Tower,5,4,0,0,9,0,0,0,2,2,5,4,0,2,11,0,0,0,11
01/03/2022,ADQ,AK,AAL,WE,Federal Contract Tower,5,4,0,0,9,0,2,27,4,33,5,6,27,4,42,0,0,0,42
01/04/2022,ADQ,AK,AAL,WE,Federal Contract Tower,3,5,0,1,9,0,2,4,3,9,3,7,4,4,18,0,0,0,18
01/05/2022,ADQ,AK,AAL,WE,Federal Contract Tower,2,7,0,3,12,0,0,11,15,26,2,7,11,18,38,0,40,40,78
01/06/2022,ADQ,AK,AAL,WE,Federal Contract Tower,4,2,1,3,10,0,2,32,16,50,4,4,33,19,60,0,108,108,168
01/07/2022,ADQ,AK,AAL,WE,Federal Contract Tower,3,8,0,2,13,0,4,46,8,58,3,12,46,10,71,0,40,40,111
01/08/2022,ADQ,AK,AAL,WE,Federal Contract Tower,4,3,0,0,7,0,1,15,3,19,4,4,15,3,26,0,0,0,26
01/09/2022,ADQ,AK,AAL,WE,Federal Contract Tower,0,2,0,2,4,0,2,6,4,12,0,4,6,6,16,0,30,30,46
01/10/2022,ADQ,AK,AAL,WE,Federal Contract Tower,6,7,0,2,15,0,6,25,15,46,6,13,25,17,61,0,20,20,81
01/11/2022,ADQ,AK,AAL,WE,Federal Contract Tower,3,6,0,5,14,0,0,0,0,0,3,6,0,5,14,0,0,0,14
01/12/2022,ADQ,AK,AAL,WE,Federal Contract Tower,4,2,0,2,8,0,5,45,12,62,4,7,45,14,70,0,30,30,100
01/13/2022,ADQ,AK,AAL,WE,Federal Contract Tower,2,4,0,0,6,0,0,0,0,0,2,4,0,0,6,0,0,0,6
01/14/2022,ADQ,AK,AAL,WE,Federal Contract Tower,4,6,2,4,16,0,3,24,3,30,4,9,26,7,46,0,14,14,60
01/15/2022,ADQ,AK,AAL,WE,Federal Contract Tower,6,1,0,1,8,0,1,39,7,47,6,2,39,8,55,0,24,24,79
01/16/2022,ADQ,AK,AAL,WE,Federal Contract Tower,4,7,0,0,11,0,4,22,3,29,4,11,22,3,40,0,12,12,52
01/17/2022,ADQ,AK,AAL,WE,Federal Contract Tower,4,3,0,1,8,0,1,34,9,44,4,4,34,10,52,0,0,0,52
01/18/2022,ADQ,AK,AAL,WE,Federal Contract Tower,4,4,0,2,10,0,0,7,2,9,4,4,7,4,19,0,0,0,19
01/19/2022,ADQ,AK,AAL,WE,Federal Contract Tower,4,3,0,3,10,0,1,18,19,38,4,4,18,22,48,0,4,4,52
01/20/2022,ADQ,AK,AAL,WE,Federal Contract Tower,4,9,1,0,14,0,0,10,0,10,4,9,11,0,24,0,0,0,24
01/21/2022,ADQ,AK,AAL,WE,Federal Contract Tower,4,6,0,1,11,0,0,2,6,8,4,6,2,7,19,10,60,70,89
01/22/2022,ADQ,AK,AAL,WE,Federal Contract Tower,3,0,0,0,3,0,0,10,0,10,3,0,10,0,13,0,0,0,13
01/23/2022,ADQ,AK,AAL,WE,Federal Contract Tower,4,10,0,2,16,0,0,2,0,2,4,10,2,2,18,0,0,0,18
01/24/2022,ADQ,AK,AAL,WE,Federal Contract Tower,7,7,0,1,15,0,2,28,31,61,7,9,28,32,76,0,22,22,98
01/25/2022,ADQ,AK,AAL,WE,Federal Contract Tower,3,3,0,1,7,1,2,73,13,89,4,5,73,14,96,0,14,14,110
01/26/2022,ADQ,AK,AAL,WE,Federal Contract Tower,2,4,0,0,6,0,0,0,0,0,2,4,0,0,6,0,0,0,6
01/27/2022,ADQ,AK,AAL,WE,Federal Contract Tower,4,12,0,2,18,0,0,0,3,3,4,12,0,5,21,0,10,10,31
01/28/2022,ADQ,AK,AAL,WE,Federal Contract Tower,4,6,4,1,15,0,1,14,13,28,4,7,18,14,43,0,10,10,53
01/29/2022,ADQ,AK,AAL,WE,Federal Contract Tower,5,4,0,1,10,1,2,31,5,39,6,6,31,6,49,0,12,12,61
01/30/2022,ADQ,AK,AAL,WE,Federal Contract Tower,4,6,0,0,10,0,2,38,4,44,4,8,38,4,54,14,0,14,68
01/31/2022,ADQ,AK,AAL,WE,Federal Contract Tower,4,4,4,5,17,0,2,27,10,39,4,6,31,15,56,0,68,68,124
02/01/2022,ADQ,AK,AAL,WE,Federal Contract Tower,4,3,0,0,7,0,0,0,6,6,4,3,0,6,13,0,44,44,57
02/02/2022,ADQ,AK,AAL,WE,Federal Contract Tower,4,6,6,4,20,0,0,12,7,19,4,6,18,11,39,0,5,5,44
02/03/2022,ADQ,AK,AAL,WE,Federal Contract Tower,4,6,0,2,12,0,0,0,4,4,4,6,0,6,16,0,6,6,22
02/04/2022,ADQ,AK,AAL,WE,Federal Contract Tower,3,3,0,1,7,1,6,41,10,58,4,9,41,11,65,0,64,64,129
02/05/2022,ADQ,AK,AAL,WE,Federal Contract Tower,6,1,1,1,9,0,1,14,3,18,6,2,15,4,27,0,18,18,45
02/06/2022,ADQ,AK,AAL,WE,Federal Contract Tower,4,3,0,1,8,0,3,23,5,31,4,6,23,6,39,0,10,10,49
02/07/2022,ADQ,AK,AAL,WE,Federal Contract Tower,1,3,0,0,4,0,0,2,4,6,1,3,2,4,10,0,2,2,12
02/08/2022,ADQ,AK,AAL,WE,Federal Contract Tower,3,6,1,0,10,0,4,45,2,51,3,10,46,2,61,12,0,12,73
02/09/2022,ADQ,AK,AAL,WE,Federal Contract Tower,4,4,0,1,9,0,6,9,17,32,4,10,9,18,41,16,0,16,57
02/10/2022,ADQ,AK,AAL,WE,Federal Contract Tower,2,3,0,1,6,0,3,44,24,71,2,6,44,25,77,0,16,16,93
02/11/2022,ADQ,AK,AAL,WE,Federal Contract Tower,5,5,2,5,17,0,0,0,0,0,5,5,2,5,17,0,0,0,17
02/12/2022,ADQ,AK,AAL,WE,Federal Contract Tower,5,4,0,1,10,1,6,39,4,50,6,10,39,5,60,0,2,2,62
02/13/2022,ADQ,AK,AAL,WE,Federal Contract Tower,3,3,0,0,6,1,1,23,2,27,4,4,23,2,33,0,10,10,43
02/14/2022,ADQ,AK,AAL,WE,Federal Contract Tower,4,4,0,0,8,0,1,28,4,33,4,5,28,4,41,4,72,76,117
02/15/2022,ADQ,AK,AAL,WE,Federal Contract Tower,3,2,1,1,7,0,3,32,18,53,3,5,33,19,60,2,18,20,80
02/16/2022,ADQ,AK,AAL,WE,Federal Contract Tower,1,6,0,0,7,2,6,63,26,97,3,12,63,26,104,4,86,90,194
02/17/2022,ADQ,AK,AAL,WE,Federal Contract Tower,3,6,0,1,10,1,1,38,24,64,4,7,38,25,74,16,10,26,100
02/18/2022,ADQ,AK,AAL,WE,Federal Contract Tower,4,0,0,0,4,0,4,44,5,53,4,4,44,5,57,4,10,14,71
02/19/2022,ADQ,AK,AAL,WE,Federal Contract Tower,5,0,1,0,6,0,0,40,4,44,5,0,41,4,50,6,0,6,56
02/20/2022,ADQ,AK,AAL,WE,Federal Contract Tower,4,6,0,0,10,0,0,25,3,28,4,6,25,3,38,0,0,0,38
02/21/2022,ADQ,AK,AAL,WE,Federal Contract Tower,4,7,0,0,11,0,3,22,1,26,4,10,22,1,37,0,4,4,41
02/22/2022,ADQ,AK,AAL,WE,Federal Contract Tower,4,1,0,2,7,0,5,50,16,71,4,6,50,18,78,0,24,24,102
02/23/2022,ADQ,AK,AAL,WE,Federal Contract Tower,4,1,0,4,9,0,0,0,0,0,4,1,0,4,9,0,0,0,9
02/24/2022,ADQ,AK,AAL,WE,Federal Contract Tower,4,7,2,2,15,0,0,1,1,2,4,7,3,3,17,0,0,0,17
02/25/2022,ADQ,AK,AAL,WE,Federal Contract Tower,4,12,2,3,21,0,0,9,8,17,4,12,11,11,38,0,30,30,68
02/26/2022,ADQ,AK,AAL,WE,Federal Contract Tower,6,0,0,0,6,0,2,61,8,71,6,2,61,8,77,0,4,4,81
02/27/2022,ADQ,AK,AAL,WE,Federal Contract Tower,3,3,0,0,6,1,4,18,7,30,4,7,18,7,36,0,0,0,36
02/28/2022,ADQ,AK,AAL,WE,Federal Contract Tower,5,3,0,2,10,1,2,34,21,58,6,5,34,23,68,0,26,26,94
03/01/2022,ADQ,AK,AAL,WE,Federal Contract Tower,4,2,0,0,6,0,5,48,20,73,4,7,48,20,79,0,71,71,150
03/02/2022,ADQ,AK,AAL,WE,Federal Contract Tower,4,5,1,3,13,0,1,14,12,27,4,6,15,15,40,6,26,32,72
03/03/2022,ADQ,AK,AAL,WE,Federal Contract Tower,3,1,2,2,8,1,5,55,31,92,4,6,57,33,100,0,50,50,150
03/04/2022,ADQ,AK,AAL,WE,Federal Contract Tower,4,5,0,0,9,0,2,35,23,60,4,7,35,23,69,4,40,44,113
03/05/2022,ADQ,AK,AAL,WE,Federal Contract Tower,6,2,0,2,10,0,0,38,2,40,6,2,38,4,50,0,0,0,50
03/06/2022,ADQ,AK,AAL,WE,Federal Contract Tower,4,4,0,1,9,0,4,21,6,31,4,8,21,7,40,8,2,10,50
03/07/2022,ADQ,AK,AAL,WE,Federal Contract Tower,6,4,0,0,10,0,0,0,0,0,6,4,0,0,10,0,0,0,10
03/08/2022,ADQ,AK,AAL,WE,Federal Contract Tower,4,4,1,6,15,0,0,0,0,0,4,4,1,6,15,0,12,12,27
03/09/2022,ADQ,AK,AAL,WE,Federal Contract Tower,4,5,0,0,9,0,0,0,0,0,4,5,0,0,9,0,0,0,9
03/10/2022,ADQ,AK,AAL,WE,Federal Contract Tower,4,1,0,1,6,0,0,9,11,20,4,1,9,12,26,0,16,16,42
03/11/2022,ADQ,AK,AAL,WE,Federal Contract Tower,4,7,2,6,19,0,1,43,21,65,4,8,45,27,84,0,40,40,124
03/12/2022,ADQ,AK,AAL,WE,Federal Contract Tower,6,2,2,3,13,0,0,28,3,31,6,2,30,6,44,0,24,24,68
03/13/2022,ADQ,AK,AAL,WE,Federal Contract Tower,4,6,0,2,12,0,0,11,2,13,4,6,11,4,25,0,38,38,63
03/14/2022,ADQ,AK,AAL,WE,Federal Contract Tower,4,6,1,3,14,0,2,35,30,67,4,8,36,33,81,0,120,120,201
03/15/2022,ADQ,AK,AAL,WE,Federal Contract Tower,4,2,0,1,7,0,3,44,3,50,4,5,44,4,57,6,0,6,63
03/16/2022,ADQ,AK,AAL,WE,Federal Contract Tower,4,7,0,2,13,0,1,23,15,39,4,8,23,17,52,0,62,62,114
03/17/2022,ADQ,AK,AAL,WE,Federal Contract Tower,4,1,1,2,8,0,3,46,11,60,4,4,47,13,68,0,0,0,68
03/18/2022,ADQ,AK,AAL,WE,Federal Contract Tower,1,1,0,0,2,0,0,0,0,0,1,1,0,0,2,0,0,0,2
03/19/2022,ADQ,AK,AAL,WE,Federal Contract Tower,7,4,1,1,13,0,1,24,9,34,7,5,25,10,47,0,0,0,47
03/20/2022,ADQ,AK,AAL,WE,Federal Contract Tower,6,8,0,4,18,0,0,7,0,7,6,8,7,4,25,0,0,0,25
03/21/2022,ADQ,AK,AAL,WE,Federal Contract Tower,4,2,0,0,6,0,5,39,17,61,4,7,39,17,67,0,2,2,69
03/22/2022,ADQ,AK,AAL,WE,Federal Contract Tower,4,5,0,2,11,0,3,21,23,47,4,8,21,25,58,0,62,62,120
03/23/2022,ADQ,AK,AAL,WE,Federal Contract Tower,3,6,0,3,12,1,6,21,10,38,4,12,21,13,50,0,52,52,102
03/24/2022,ADQ,AK,AAL,WE,Federal Contract Tower,3,2,0,2,7,0,0,0,4,4,3,2,0,6,11,0,36,36,47
03/25/2022,ADQ,AK,AAL,WE,Federal Contract Tower,5,6,0,3,14,0,1,27,11,39,5,7,27,14,53,0,6,6,59
03/26/2022,ADQ,AK,AAL,WE,Federal Contract Tower,7,0,0,0,7,1,0,55,4,60,8,0,55,4,67,34,0,34,101
03/27/2022,ADQ,AK,AAL,WE,Federal Contract Tower,1,0,0,1,2,0,0,0,0,0,1,0,0,1,2,0,0,0,2
03/28/2022,ADQ,AK,AAL,WE,Federal Contract Tower,3,14,0,5,22,0,3,12,14,29,3,17,12,19,51,0,32,32,83
03/29/2022,ADQ,AK,AAL,WE,Federal Contract Tower,5,6,4,3,18,0,0,38,15,53,5,6,42,18,71,0,84,84,155
03/30/2022,ADQ,AK,AAL,WE,Federal Contract Tower,4,3,6,4,17,0,1,33,15,49,4,4,39,19,66,0,60,60,126
03/31/2022,ADQ,AK,AAL,WE,Federal Contract Tower,4,0,2,7,13,0,0,2,1,3,4,0,4,8,16,0,28,28,44
04/01/2022,ADQ,AK,AAL,WE,Federal Contract Tower,6,14,0,2,22,0,1,41,0,42,6,15,41,2,64,6,0,6,70
04/02/2022,ADQ,AK,AAL,WE,Federal Contract Tower,6,0,2,0,8,0,1,38,4,43,6,1,40,4,51,6,18,24,75
04/03/2022,ADQ,AK,AAL,WE,Federal Contract Tower,7,5,0,1,13,0,1,15,2,18,7,6,15,3,31,6,8,14,45
04/04/2022,ADQ,AK,AAL,WE,Federal Contract Tower,5,3,1,3,12,0,2,46,26,74,5,5,47,29,86,8,60,68,154
04/05/2022,ADQ,AK,AAL,WE,Federal Contract Tower,2,2,3,1,8,1,3,38,37,79,3,5,41,38,87,10,52,62,149
04/06/2022,ADQ,AK,AAL,WE,Federal Contract Tower,4,4,1,5,14,0,4,26,22,52,4,8,27,27,66,0,36,36,102
04/07/2022,ADQ,AK,AAL,WE,Federal Contract Tower,4,8,3,5,20,0,0,36,20,56,4,8,39,25,76,0,10,10,86
04/08/2022,ADQ,AK,AAL,WE,Federal Contract Tower,5,3,0,0,8,0,3,29,16,48,5,6,29,16,56,38,16,54,110
04/09/2022,ADQ,AK,AAL,WE,Federal Contract Tower,7,0,0,0,7,0,0,49,3,52,7,0,49,3,59,8,4,12,71
04/10/2022,ADQ,AK,AAL,WE,Federal Contract Tower,6,3,0,1,10,0,5,35,2,42,6,8,35,3,52,20,0,20,72
04/11/2022,ADQ,AK,AAL,WE,Federal Contract Tower,4,2,0,0,6,1,4,53,21,79,5,6,53,21,85,58,12,70,155
04/12/2022,ADQ,AK,AAL,WE,Federal Contract Tower,2,3,1,1,7,1,2,52,33,88,3,5,53,34,95,12,44,56,151
04/13/2022,ADQ,AK,AAL,WE,Federal Contract Tower,3,2,2,0,7,0,1,32,22,55,3,3,34,22,62,20,72,92,154
04/14/2022,ADQ,AK,AAL,WE,Federal Contract Tower,4,2,0,3,9,0,3,50,28,81,4,5,50,31,90,12,14,26,116
04/15/2022,ADQ,AK,AAL,WE,Federal Contract Tower,6,9,0,2,17,0,0,28,18,46,6,9,28,20,63,0,28,28,91
04/16/2022,ADQ,AK,AAL,WE,Federal Contract Tower,8,0,1,2,11,0,0,28,2,30,8,0,29,4,41,0,0,0,41
04/17/2022,ADQ,AK,AAL,WE,Federal Contract Tower,5,4,0,1,10,1,2,26,5,34,6,6,26,6,44,0,0,0,44
04/18/2022,ADQ,AK,AAL,WE,Federal Contract Tower,6,5,2,1,14,0,1,29,21,51,6,6,31,22,65,6,16,22,87
04/19/2022,ADQ,AK,AAL,WE,Federal Contract Tower,4,7,2,0,13,0,2,42,0,44,4,9,44,0,57,0,0,0,57
04/20/2022,ADQ,AK,AAL,WE,Federal Contract Tower,4,3,2,0,9,0,4,68,24,96,4,7,70,24,105,6,28,34,139
04/21/2022,ADQ,AK,AAL,WE,Federal Contract Tower,3,3,0,2,8,0,3,32,17,52,3,6,32,19,60,0,24,24,84
04/22/2022,ADQ,AK,AAL,WE,Federal Contract Tower,6,10,1,0,17,0,2,21,3,26,6,12,22,3,43,0,0,0,43
04/23/2022,ADQ,AK,AAL,WE,Federal Contract Tower,7,2,0,0,9,0,0,23,4,27,7,2,23,4,36,2,6,8,44
04/24/2022,ADQ,AK,AAL,WE,Federal Contract Tower,5,4,0,0,9,0,2,21,6,29,5,6,21,6,38,0,0,0,38
04/25/2022,ADQ,AK,AAL,WE,Federal Contract Tower,5,1,0,0,6,0,5,50,2,57,5,6,50,2,63,0,0,0,63
04/26/2022,ADQ,AK,AAL,WE,Federal Contract Tower,3,2,0,0,5,0,4,46,0,50,3,6,46,0,55,2,0,2,57
04/27/2022,ADQ,AK,AAL,WE,Federal Contract Tower,2,1,1,3,7,1,3,49,1,54,3,4,50,4,61,24,0,24,85
04/28/2022,ADQ,AK,AAL,WE,Federal Contract Tower,3,5,0,0,8,0,3,42,0,45,3,8,42,0,53,46,0,46,99
04/29/2022,ADQ,AK,AAL,WE,Federal Contract Tower,5,5,0,0,10,0,2,23,0,25,5,7,23,0,35,0,0,0,35
04/30/2022,ADQ,AK,AAL,WE,Federal Contract Tower,6,0,1,0,7,0,0,7,0,7,6,0,8,0,14,0,0,0,14
05/01/2022,ADQ,AK,AAL,WE,Federal Contract Tower,6,10,0,2,18,0,3,28,2,33,6,13,28,4,51,0,0,0,51
05/02/2022,ADQ,AK,AAL,WE,Federal Contract Tower,4,4,1,1,10,0,0,26,2,28,4,4,27,3,38,0,0,0,38
05/03/2022,ADQ,AK,AAL,WE,Federal Contract Tower,3,7,4,1,15,0,2,32,17,51,3,9,36,18,66,0,4,4,70
05/04/2022,ADQ,AK,AAL,WE,Federal Contract Tower,3,7,2,5,17,0,1,42,11,54,3,8,44,16,71,0,36,36,107
05/05/2022,ADQ,AK,AAL,WE,Federal Contract Tower,3,7,0,3,13,0,1,30,16,47,3,8,30,19,60,0,24,24,84
05/06/2022,ADQ,AK,AAL,WE,Federal Contract Tower,5,9,0,1,15,0,0,40,3,43,5,9,40,4,58,0,0,0,58
05/07/2022,ADQ,AK,AAL,WE,Federal Contract Tower,6,1,0,0,7,1,1,63,13,78,7,2,63,13,85,4,20,24,109
05/08/2022,ADQ,AK,AAL,WE,Federal Contract Tower,6,4,0,0,10,0,3,24,14,41,6,7,24,14,51,8,0,8,59
05/09/2022,ADQ,AK,AAL,WE,Federal Contract Tower,3,3,0,0,6,0,3,11,11,25,3,6,11,11,31,0,0,0,31
05/10/2022,ADQ,AK,AAL,WE,Federal Contract Tower,4,2,0,0,6,0,4,17,8,29,4,6,17,8,35,0,0,0,35
05/11/2022,ADQ,AK,AAL,WE,Federal Contract Tower,4,3,4,0,11,0,5,66,15,86,4,8,70,15,97,22,0,22,119
05/12/2022,ADQ,AK,AAL,WE,Federal Contract Tower,3,2,2,0,7,0,5,71,13,89,3,7,73,13,96,0,0,0,96
05/13/2022,ADQ,AK,AAL,WE,Federal Contract Tower,4,4,0,0,8,1,3,21,3,28,5,7,21,3,36,0,0,0,36
05/14/2022,ADQ,AK,AAL,WE,Federal Contract Tower,6,1,1,1,9,2,1,37,6,46,8,2,38,7,55,0,0,0,55
05/15/2022,ADQ,AK,AAL,WE,Federal Contract Tower,6,4,0,0,10,0,3,34,6,43,6,7,34,6,53,14,0,14,67
05/16/2022,ADQ,AK,AAL,WE,Federal Contract Tower,3,2,2,0,7,0,3,59,28,90,3,5,61,28,97,0,46,46,143
05/17/2022,ADQ,AK,AAL,WE,Federal Contract Tower,3,4,0,3,10,0,0,46,4,50,3,4,46,7,60,0,0,0,60
05/18/2022,ADQ,AK,AAL,WE,Federal Contract Tower,3,4,3,0,10,0,0,67,15,82,3,4,70,15,92,0,12,12,104
05/19/2022,ADQ,AK,AAL,WE,Federal Contract Tower,3,1,0,0,4,0,3,72,21,96,3,4,72,21,100,14,38,52,152
05/20/2022,ADQ,AK,AAL,WE,Federal Contract Tower,2,7,26,13,48,0,0,1,2,3,2,7,27,15,51,4,14,18,69
05/21/2022,ADQ,AK,AAL,WE,Federal Contract Tower,4,0,0,1,5,0,0,6,2,8,4,0,6,3,13,0,0,0,13
05/22/2022,ADQ,AK,AAL,WE,Federal Contract Tower,3,6,3,0,12,0,0,22,6,28,3,6,25,6,40,0,0,0,40
05/23/2022,ADQ,AK,AAL,WE,Federal Contract Tower,5,7,13,9,34,0,0,10,3,13,5,7,23,12,47,0,7,7,54
05/24/2022,ADQ,AK,AAL,WE,Federal Contract Tower,2,3,2,2,9,1,2,70,13,86,3,5,72,15,95,4,16,20,115
05/25/2022,ADQ,AK,AAL,WE,Federal Contract Tower,3,5,0,1,9,0,1,67,17,85,3,6,67,18,94,0,22,22,116
05/26/2022,ADQ,AK,AAL,WE,Federal Contract Tower,4,2,0,0,6,0,4,46,10,60,4,6,46,10,66,4,0,4,70
05/27/2022,ADQ,AK,AAL,WE,Federal Contract Tower,4,4,0,0,8,0,5,47,3,55,4,9,47,3,63,6,2,8,71
05/28/2022,ADQ,AK,AAL,WE,Federal Contract Tower,4,2,0,0,6,1,1,63,12,77,5,3,63,12,83,0,6,6,89
05/29/2022,ADQ,AK,AAL,WE,Federal Contract Tower,3,2,0,0,5,1,3,42,5,51,4,5,42,5,56,0,12,12,68
05/30/2022,ADQ,AK,AAL,WE,Federal Contract Tower,4,9,18,0,31,0,0,2,0,2,4,9,20,0,33,0,0,0,33
05/31/2022,ADQ,AK,AAL,WE,Federal Contract Tower,3,6,4,3,16,0,0,53,20,73,3,6,57,23,89,0,30,30,119
06/01/2022,ADQ,AK,AAL,WE,Federal Contract Tower,3,1,9,2,15,0,3,57,21,81,3,4,66,23,96,4,52,56,152
06/02/2022,ADQ,AK,AAL,WE,Federal Contract Tower,4,2,0,0,6,0,3,65,23,91,4,5,65,23,97,2,62,64,161
06/03/2022,ADQ,AK,AAL,WE,Federal Contract Tower,5,3,2,2,12,0,4,66,14,84,5,7,68,16,96,4,22,26,122
06/04/2022,ADQ,AK,AAL,WE,Federal Contract Tower,5,0,0,0,5,0,0,45,5,50,5,0,45,5,55,18,0,18,73
06/05/2022,ADQ,AK,AAL,WE,Federal Contract Tower,5,3,0,0,8,0,2,24,5,31,5,5,24,5,39,0,16,16,55
06/06/2022,ADQ,AK,AAL,WE,Federal Contract Tower,4,5,0,4,13,0,1,65,17,83,4,6,65,21,96,0,16,16,112
06/07/2022,ADQ,AK,AAL,WE,Federal Contract Tower,5,4,5,8,22,0,0,26,11,37,5,4,31,19,59,0,0,0,59
06/08/2022,ADQ,AK,AAL,WE,Federal Contract Tower,5,3,0,1,9,0,4,56,19,79,5,7,56,20,88,12,14,26,114
06/09/2022,ADQ,AK,AAL,WE,Federal Contract Tower,5,2,2,4,13,0,4,47,21,72,5,6,49,25,85,0,36,36,121
06/10/2022,ADQ,AK,AAL,WE,Federal Contract Tower,4,1,0,0,5,0,5,61,18,84,4,6,61,18,89,14,42,56,145
06/11/2022,ADQ,AK,AAL,WE,Federal Contract Tower,7,1,1,1,10,0,1,42,3,46,7,2,43,4,56,4,0,4,60
06/12/2022,ADQ,AK,AAL,WE,Federal Contract Tower,7,6,0,2,15,0,2,34,3,39,7,8,34,5,54,0,20,20,74
06/13/2022,ADQ,AK,AAL,WE,Federal Contract Tower,9,5,7,4,25,0,0,38,10,48,9,5,45,14,73,2,38,40,113
06/14/2022,ADQ,AK,AAL,WE,Federal Contract Tower,5,5,21,17,48,0,0,9,5,14,5,5,30,22,62,0,2,2,64
06/15/2022,ADQ,AK,AAL,WE,Federal Contract Tower,5,3,4,1,13,0,2,77,18,97,5,5,81,19,110,0,50,50,160
06/16/2022,ADQ,AK,AAL,WE,Federal Contract Tower,7,5,2,1,15,0,3,49,16,68,7,8,51,17,83,0,2,2,85
06/17/2022,ADQ,AK,AAL,WE,Federal Contract Tower,10,6,4,4,24,0,0,28,1,29,10,6,32,5,53,2,0,2,55
06/18/2022,ADQ,AK,AAL,WE,Federal Contract Tower,8,3,1,0,12,0,2,51,2,55,8,5,52,2,67,0,0,0,67
06/19/2022,ADQ,AK,AAL,WE,Federal Contract Tower,7,7,11,5,30,0,0,21,1,22,7,7,32,6,52,0,0,0,52
06/20/2022,ADQ,AK,AAL,WE,Federal Contract Tower,8,5,1,2,16,0,2,74,3,79,8,7,75,5,95,18,0,18,113
06/21/2022,ADQ,AK,AAL,WE,Federal Contract Tower,7,2,0,1,10,0,3,59,7,69,7,5,59,8,79,0,4,4,83
06/22/2022,ADQ,AK,AAL,WE,Federal Contract Tower,5,3,0,2,10,0,3,50,19,72,5,6,50,21,82,22,34,56,138
06/23/2022,ADQ,AK,AAL,WE,Federal Contract Tower,7,0,2,3,12,0,2,51,17,70,7,2,53,20,82,0,8,8,90
06/24/2022,ADQ,AK,AAL,WE,Federal Contract Tower,6,6,39,5,56,0,0,0,0,0,6,6,39,5,56,0,0,0,56
06/25/2022,ADQ,AK,AAL,WE,Federal Contract Tower,10,7,3,2,22,0,1,28,1,30,10,8,31,3,52,0,0,0,52
06/26/2022,ADQ,AK,AAL,WE,Federal Contract Tower,8,5,0,0,13,0,3,31,4,38,8,8,31,4,51,0,26,26,77
06/27/2022,ADQ,AK,AAL,WE,Federal Contract Tower,7,2,1,0,10,1,2,61,25,89,8,4,62,25,99,2,56,58,157
06/28/2022,ADQ,AK,AAL,WE,Federal Contract Tower,7,3,1,1,12,1,4,61,23,89,8,7,62,24,101,0,44,44,145
06/29/2022,ADQ,AK,AAL,WE,Federal Contract Tower,6,3,1,1,11,1,3,62,21,87,7,6,63,22,98,12,64,76,174
06/30/2022,ADQ,AK,AAL,WE,Federal Contract Tower,7,3,2,4,16,0,3,37,4,44,7,6,39,8,60,0,0,0,60
07/01/2022,ADQ,AK,AAL,WE,Federal Contract Tower,8,7,1,0,16,0,0,0,0,0,8,7,1,0,16,0,0,0,16
07/02/2022,ADQ,AK,AAL,WE,Federal Contract Tower,9,5,4,0,18,0,0,0,0,0,9,5,4,0,18,0,0,0,18
07/03/2022,ADQ,AK,AAL,WE,Federal Contract Tower,9,8,1,3,21,0,0,0,2,2,9,8,1,5,23,0,0,0,23
07/04/2022,ADQ,AK,AAL,WE,Federal Contract Tower,13,3,2,2,20,0,0,66,3,69,13,3,68,5,89,0,0,0,89
07/05/2022,ADQ,AK,AAL,WE,Federal Contract Tower,12,3,0,1,16,0,4,88,20,112,12,7,88,21,128,0,50,50,178
07/06/2022,ADQ,AK,AAL,WE,Federal Contract Tower,8,6,4,3,21,0,2,60,12,74,8,8,64,15,95,0,18,18,113
07/07/2022,ADQ,AK,AAL,WE,Federal Contract Tower,7,3,2,1,13,0,0,0,0,0,7,3,2,1,13,0,0,0,13
07/08/2022,ADQ,AK,AAL,WE,Federal Contract Tower,7,6,6,3,22,0,0,0,0,0,7,6,6,3,22,0,0,0,22
07/09/2022,ADQ,AK,AAL,WE,Federal Contract Tower,9,2,4,3,18,0,4,56,1,61,9,6,60,4,79,0,0,0,79
07/10/2022,ADQ,AK,AAL,WE,Federal Contract Tower,12,11,2,0,25,0,2,69,3,74,12,13,71,3,99,26,0,26,125
07/11/2022,ADQ,AK,AAL,WE,Federal Contract Tower,14,5,0,0,19,0,4,66,16,86,14,9,66,16,105,0,36,36,141
07/12/2022,ADQ,AK,AAL,WE,Federal Contract Tower,3,5,5,5,18,0,0,0,0,0,3,5,5,5,18,0,0,0,18
07/13/2022,ADQ,AK,AAL,WE,Federal Contract Tower,10,11,4,1,26,1,2,59,22,84,11,13,63,23,110,0,52,52,162
07/14/2022,ADQ,AK,AAL,WE,Federal Contract Tower,12,4,1,0,17,0,5,64,26,95,12,9,65,26,112,20,60,80,192
07/15/2022,ADQ,AK,AAL,WE,Federal Contract Tower,7,8,5,0,20,0,8,52,6,66,7,16,57,6,86,0,0,0,86
07/16/2022,ADQ,AK,AAL,WE,Federal Contract Tower,9,4,2,0,15,0,0,35,5,40,9,4,37,5,55,0,2,2,57
07/17/2022,ADQ,AK,AAL,WE,Federal Contract Tower,7,6,2,0,15,0,6,37,3,46,7,12,39,3,61,0,0,0,61
07/18/2022,ADQ,AK,AAL,WE,Federal Contract Tower,7,1,1,0,9,0,3,55,21,79,7,4,56,21,88,0,18,18,106
07/20/2022,ADQ,AK,AAL,WE,Federal Contract Tower,6,1,1,1,9,2,5,77,20,104,8,6,78,21,113,0,38,38,151
07/21/2022,ADQ,AK,AAL,WE,Federal Contract Tower,6,2,2,1,11,1,2,62,5,70,7,4,64,6,81,0,0,0,81
07/22/2022,ADQ,AK,AAL,WE,Federal Contract Tower,6,2,0,0,8,0,5,83,4,92,6,7,83,4,100,4,0,4,104
07/23/2022,ADQ,AK,AAL,WE,Federal Contract Tower,9,0,14,7,30,0,0,22,1,23,9,0,36,8,53,0,0,0,53
07/24/2022,ADQ,AK,AAL,WE,Federal Contract Tower,5,4,2,1,12,0,0,0,0,0,5,4,2,1,12,0,0,0,12
07/25/2022,ADQ,AK,AAL,WE,Federal Contract Tower,7,2,2,3,14,0,2,89,17,108,7,4,91,20,122,4,32,36,158
07/26/2022,ADQ,AK,AAL,WE,Federal Contract Tower,8,1,0,1,10,0,3,75,8,86,8,4,75,9,96,2,0,2,98
07/27/2022,ADQ,AK,AAL,WE,Federal Contract Tower,6,3,1,2,12,1,4,102,25,132,7,7,103,27,144,34,34,68,212
07/28/2022,ADQ,AK,AAL,WE,Federal Contract Tower,6,1,3,0,10,1,8,49,32,90,7,9,52,32,100,0,16,16,116
07/29/2022,ADQ,AK,AAL,WE,Federal Contract Tower,6,5,2,3,16,0,2,25,9,36,6,7,27,12,52,10,0,10,62
07/30/2022,ADQ,AK,AAL,WE,Federal Contract Tower,9,8,1,1,19,0,1,47,4,52,9,9,48,5,71,0,20,20,91
07/31/2022,ADQ,AK,AAL,WE,Federal Contract Tower,7,5,2,2,16,0,3,53,2,58,7,8,55,4,74,0,0,0,74
08/01/2022,ADQ,AK,AAL,WE,Federal Contract Tower,5,4,3,1,13,1,2,55,15,73,6,6,58,16,86,12,2,14,100
08/02/2022,ADQ,AK,AAL,WE,Federal Contract Tower,8,6,0,2,16,0,2,37,25,64,8,8,37,27,80,0,22,22,102
08/03/2022,ADQ,AK,AAL,WE,Federal Contract Tower,6,3,2,0,11,2,3,71,20,96,8,6,73,20,107,0,2,2,109
08/04/2022,ADQ,AK,AAL,WE,Federal Contract Tower,7,2,1,1,11,0,5,63,3,71,7,7,64,4,82,6,26,32,114
08/05/2022,ADQ,AK,AAL,WE,Federal Contract Tower,7,5,1,1,14,0,4,50,8,62,7,9,51,9,76,0,0,0,76
08/06/2022,ADQ,AK,AAL,WE,Federal Contract Tower,9,1,0,0,10,0,0,56,5,61,9,1,56,5,71,0,2,2,73
08/07/2022,ADQ,AK,AAL,WE,Federal Contract Tower,5,0,1,0,6,1,6,43,4,54,6,6,44,4,60,0,0,0,60
08/08/2022,ADQ,AK,AAL,WE,Federal Contract Tower,7,1,0,4,12,2,5,55,10,72,9,6,55,14,84,8,0,8,92
08/09/2022,ADQ,AK,AAL,WE,Federal Contract Tower,6,5,8,5,24,0,1,13,3,17,6,6,21,8,41,0,30,30,71
08/10/2022,ADQ,AK,AAL,WE,Federal Contract Tower,7,4,4,4,19,0,0,10,7,17,7,4,14,11,36,0,56,56,92
08/11/2022,ADQ,AK,AAL,WE,Federal Contract Tower,5,1,3,1,10,0,0,29,10,39,5,1,32,11,49,0,14,14,63
08/12/2022,ADQ,AK,AAL,WE,Federal Contract Tower,8,11,12,2,33,0,1,51,5,57,8,12,63,7,90,0,30,30,120
08/13/2022,ADQ,AK,AAL,WE,Federal Contract Tower,5,1,0,0,6,0,0,60,4,64,5,1,60,4,70,0,0,0,70
08/14/2022,ADQ,AK,AAL,WE,Federal Contract Tower,8,7,0,0,15,1,3,36,6,46,9,10,36,6,61,0,2,2,63
08/15/2022,ADQ,AK,AAL,WE,Federal Contract Tower,10,6,1,4,21,0,3,60,4,67,10,9,61,8,88,0,0,0,88
08/16/2022,ADQ,AK,AAL,WE,Federal Contract Tower,8,4,1,3,16,0,0,0,2,2,8,4,1,5,18,0,0,0,18
08/17/2022,ADQ,AK,AAL,WE,Federal Contract Tower,7,4,2,1,14,0,3,101,26,130,7,7,103,27,144,2,34,36,180
08/18/2022,ADQ,AK,AAL,WE,Federal Contract Tower,10,10,3,4,27,0,0,54,13,67,10,10,57,17,94,4,14,18,112
08/19/2022,ADQ,AK,AAL,WE,Federal Contract Tower,7,2,8,5,22,0,0,15,4,19,7,2,23,9,41,0,20,20,61
08/20/2022,ADQ,AK,AAL,WE,Federal Contract Tower,9,2,0,1,12,0,0,50,4,54,9,2,50,5,66,0,38,38,104
08/21/2022,ADQ,AK,AAL,WE,Federal Contract Tower,3,1,1,0,5,0,0,0,0,0,3,1,1,0,5,0,0,0,5
08/22/2022,ADQ,AK,AAL,WE,Federal Contract Tower,7,4,1,2,14,0,0,17,2,19,7,4,18,4,33,0,0,0,33
08/23/2022,ADQ,AK,AAL,WE,Federal Contract Tower,8,8,13,1,30,0,0,46,12,58,8,8,59,13,88,0,34,34,122
08/24/2022,ADQ,AK,AAL,WE,Federal Contract Tower,7,8,0,2,17,0,3,53,13,69,7,11,53,15,86,0,44,44,130
08/25/2022,ADQ,AK,AAL,WE,Federal Contract Tower,5,3,6,3,17,0,7,46,8,61,5,10,52,11,78,0,14,14,92
08/26/2022,ADQ,AK,AAL,WE,Federal Contract Tower,10,2,0,0,12,0,6,64,10,80,10,8,64,10,92,0,10,10,102
08/27/2022,ADQ,AK,AAL,WE,Federal Contract Tower,8,0,2,0,10,0,0,53,5,58,8,0,55,5,68,0,0,0,68
08/28/2022,ADQ,AK,AAL,WE,Federal Contract Tower,8,7,2,2,19,0,0,26,2,28,8,7,28,4,47,0,0,0,47
08/29/2022,ADQ,AK,AAL,WE,Federal Contract Tower,7,1,2,1,11,0,4,52,2,58,7,5,54,3,69,2,1,3,72
08/30/2022,ADQ,AK,AAL,WE,Federal Contract Tower,6,2,5,0,13,0,3,45,21,69,6,5,50,21,82,0,10,10,92
08/31/2022,ADQ,AK,AAL,WE,Federal Contract Tower,8,4,1,1,14,0,0,23,21,44,8,4,24,22,58,0,52,52,110
09/01/2022,ADQ,AK,AAL,WE,Federal Contract Tower,6,4,2,0,12,1,4,50,14,69,7,8,52,14,81,2,14,16,97
09/02/2022,ADQ,AK,AAL,WE,Federal Contract Tower,6,4,0,1,11,1,1,40,1,43,7,5,40,2,54,0,2,2,56
09/03/2022,ADQ,AK,AAL,WE,Federal Contract Tower,10,2,0,1,13,0,0,59,10,69,10,2,59,11,82,8,14,22,104
09/04/2022,ADQ,AK,AAL,WE,Federal Contract Tower,7,3,3,0,13,0,1,44,6,51,7,4,47,6,64,0,0,0,64
09/05/2022,ADQ,AK,AAL,WE,Federal Contract Tower,6,3,0,0,9,0,0,44,3,47,6,3,44,3,56,0,0,0,56
09/06/2022,ADQ,AK,AAL,WE,Federal Contract Tower,7,2,1,1,11,0,2,55,11,68,7,4,56,12,79,2,20,22,101
09/07/2022,ADQ,AK,AAL,WE,Federal Contract Tower,6,2,1,4,13,0,2,39,16,57,6,4,40,20,70,0,52,52,122
09/08/2022,ADQ,AK,AAL,WE,Federal Contract Tower,5,4,0,0,9,0,5,40,7,52,5,9,40,7,61,2,0,2,63
09/09/2022,ADQ,AK,AAL,WE,Federal Contract Tower,6,2,0,0,8,0,5,32,8,45,6,7,32,8,53,0,18,18,71
09/10/2022,ADQ,AK,AAL,WE,Federal Contract Tower,6,1,1,1,9,0,0,65,5,70,6,1,66,6,79,0,0,0,79
09/11/2022,ADQ,AK,AAL,WE,Federal Contract Tower,8,7,0,0,15,0,1,44,7,52,8,8,44,7,67,0,22,22,89
09/12/2022,ADQ,AK,AAL,WE,Federal Contract Tower,5,4,0,1,10,0,2,28,16,46,5,6,28,17,56,0,38,38,94
09/13/2022,ADQ,AK,AAL,WE,Federal Contract Tower,5,4,0,2,11,0,2,67,14,83,5,6,67,16,94,28,4,32,126
09/14/2022,ADQ,AK,AAL,WE,Federal Contract Tower,6,3,0,2,11,0,4,57,8,69,6,7,57,10,80,8,12,20,100
09/15/2022,ADQ,AK,AAL,WE,Federal Contract Tower,5,8,1,1,15,0,2,42,8,52,5,10,43,9,67,0,18,18,85
09/16/2022,ADQ,AK,AAL,WE,Federal Contract Tower,6,8,1,2,17,0,1,37,5,43,6,9,38,7,60,0,2,2,62
09/17/2022,ADQ,AK,AAL,WE,Federal Contract Tower,6,3,0,0,9,0,1,64,10,75,6,4,64,10,84,2,22,24,108
09/18/2022,ADQ,AK,AAL,WE,Federal Contract Tower,5,6,0,0,11,0,2,39,9,50,5,8,39,9,61,0,6,6,67
09/19/2022,ADQ,AK,AAL,WE,Federal Contract Tower,6,4,0,2,12,0,1,35,16,52,6,5,35,18,64,6,32,38,102
09/20/2022,ADQ,AK,AAL,WE,Federal Contract Tower,5,1,1,1,8,0,3,57,3,63,5,4,58,4,71,0,6,6,77
09/21/2022,ADQ,AK,AAL,WE,Federal Contract Tower,5,1,1,1,8,0,5,53,16,74,5,6,54,17,82,0,8,8,90
09/22/2022,ADQ,AK,AAL,WE,Federal Contract Tower,5,1,0,2,8,0,5,52,7,64,5,6,52,9,72,0,6,6,78
09/23/2022,ADQ,AK,AAL,WE,Federal Contract Tower,5,1,0,0,6,0,5,46,11,62,5,6,46,11,68,0,0,0,68
09/24/2022,ADQ,AK,AAL,WE,Federal Contract Tower,5,2,0,3,10,1,0,47,2,50,6,2,47,5,60,6,0,6,66
09/25/2022,ADQ,AK,AAL,WE,Federal Contract Tower,5,5,1,0,11,0,3,31,3,37,5,8,32,3,48,6,0,6,54
09/26/2022,ADQ,AK,AAL,WE,Federal Contract Tower,5,3,1,0,9,0,2,57,29,88,5,5,58,29,97,2,4,6,103
09/27/2022,ADQ,AK,AAL,WE,Federal Contract Tower,6,5,0,3,14,0,0,30,12,42,6,5,30,15,56,0,28,28,84
09/28/2022,ADQ,AK,AAL,WE,Federal Contract Tower,5,8,0,3,16,0,1,17,14,32,5,9,17,17,48,0,14,14,62
09/29/2022,ADQ,AK,AAL,WE,Federal Contract Tower,5,8,1,1,15,0,3,64,14,81,5,11,65,15,96,2,40,42,138
09/30/2022,ADQ,AK,AAL,WE,Federal Contract Tower,6,4,5,1,16,0,5,56,15,76,6,9,61,16,92,0,18,18,110
10/01/2022,ADQ,AK,AAL,WE,Federal Contract Tower,6,2,6,0,14,0,0,38,3,41,6,2,44,3,55,6,4,10,65
10/02/2022,ADQ,AK,AAL,WE,Federal Contract Tower,8,4,0,0,12,0,2,31,3,36,8,6,31,3,48,4,4,8,56
10/03/2022,ADQ,AK,AAL,WE,Federal Contract Tower,6,7,0,1,14,0,4,29,12,45,6,11,29,13,59,0,24,24,83
10/04/2022,ADQ,AK,AAL,WE,Federal Contract Tower,6,1,0,1,8,0,0,0,0,0,6,1,0,1,8,0,0,0,8
10/05/2022,ADQ,AK,AAL,WE,Federal Contract Tower,6,5,0,7,18,0,0,0,0,0,6,5,0,7,18,0,0,0,18
10/06/2022,ADQ,AK,AAL,WE,Federal Contract Tower,4,0,4,2,10,0,0,0,0,0,4,0,4,2,10,0,0,0,10
10/07/2022,ADQ,AK,AAL,WE,Federal Contract Tower,4,12,2,1,19,0,6,39,3,48,4,18,41,4,67,0,28,28,95
10/08/2022,ADQ,AK,AAL,WE,Federal Contract Tower,4,0,0,2,6,0,0,50,2,52,4,0,50,4,58,8,20,28,86
10/09/2022,ADQ,AK,AAL,WE,Federal Contract Tower,2,4,0,0,6,0,3,9,2,14,2,7,9,2,20,20,0,20,40
10/10/2022,ADQ,AK,AAL,WE,Federal Contract Tower,4,9,0,0,13,0,4,34,6,44,4,13,34,6,57,0,12,12,69
10/11/2022,ADQ,AK,AAL,WE,Federal Contract Tower,4,2,0,0,6,0,4,72,15,91,4,6,72,15,97,0,16,16,113
10/12/2022,ADQ,AK,AAL,WE,Federal Contract Tower,3,10,0,1,14,1,1,40,21,63,4,11,40,22,77,0,24,24,101
10/13/2022,ADQ,AK,AAL,WE,Federal Contract Tower,4,2,2,1,9,0,5,66,17,88,4,7,68,18,97,0,30,30,127
10/14/2022,ADQ,AK,AAL,WE,Federal Contract Tower,4,3,0,5,12,0,3,31,6,40,4,6,31,11,52,8,26,34,86
10/15/2022,ADQ,AK,AAL,WE,Federal Contract Tower,2,4,1,1,8,1,0,46,4,51,3,4,47,5,59,0,0,0,59
10/16/2022,ADQ,AK,AAL,WE,Federal Contract Tower,6,7,1,1,15,0,0,36,5,41,6,7,37,6,56,0,26,26,82
10/17/2022,ADQ,AK,AAL,WE,Federal Contract Tower,2,3,1,0,6,2,4,64,15,85,4,7,65,15,91,4,48,52,143
10/18/2022,ADQ,AK,AAL,WE,Federal Contract Tower,5,4,0,0,9,0,1,22,0,23,5,5,22,0,32,0,0,0,32
10/19/2022,ADQ,AK,AAL,WE,Federal Contract Tower,4,2,0,2,8,0,6,42,29,77,4,8,42,31,85,0,8,8,93
10/20/2022,ADQ,AK,AAL,WE,Federal Contract Tower,3,2,0,0,5,0,5,45,24,74,3,7,45,24,79,0,4,4,83
10/21/2022,ADQ,AK,AAL,WE,Federal Contract Tower,3,2,1,0,6,0,5,44,13,62,3,7,45,13,68,0,40,40,108
10/22/2022,ADQ,AK,AAL,WE,Federal Contract Tower,3,0,0,2,5,0,0,28,0,28,3,0,28,2,33,0,0,0,33
10/23/2022,ADQ,AK,AAL,WE,Federal Contract Tower,6,3,0,1,10,0,3,49,2,54,6,6,49,3,64,0,12,12,76
10/24/2022,ADQ,AK,AAL,WE,Federal Contract Tower,4,5,0,1,10,0,2,26,20,48,4,7,26,21,58,4,28,32,90
10/25/2022,ADQ,AK,AAL,WE,Federal Contract Tower,4,4,0,2,10,0,1,31,22,54,4,5,31,24,64,0,30,30,94
10/26/2022,ADQ,AK,AAL,WE,Federal Contract Tower,4,2,0,0,6,0,3,20,7,30,4,5,20,7,36,0,0,0,36
10/27/2022,ADQ,AK,AAL,WE,Federal Contract Tower,3,2,0,1,6,1,8,0,9,18,4,10,0,10,24,0,26,26,50
10/28/2022,ADQ,AK,AAL,WE,Federal Contract Tower,3,5,0,1,9,0,8,59,13,80,3,13,59,14,89,0,38,38,127
10/29/2022,ADQ,AK,AAL,WE,Federal Contract Tower,4,5,0,3,12,0,0,0,1,1,4,5,0,4,13,0,0,0,13
10/30/2022,ADQ,AK,AAL,WE,Federal Contract Tower,4,0,0,0,4,0,0,0,0,0,4,0,0,0,4,0,0,0,4
10/31/2022,ADQ,AK,AAL,WE,Federal Contract Tower,4,4,0,0,8,0,0,1,7,8,4,4,1,7,16,0,8,8,24
11/01/2022,ADQ,AK,AAL,WE,Federal Contract Tower,4,6,0,0,10,0,8,65,27,100,4,14,65,27,110,0,70,70,180
11/02/2022,ADQ,AK,AAL,WE,Federal Contract Tower,4,4,0,1,9,0,4,45,23,72,4,8,45,24,81,0,18,18,99
11/03/2022,ADQ,AK,AAL,WE,Federal Contract Tower,5,2,2,2,11,0,8,51,13,72,5,10,53,15,83,0,64,64,147
11/04/2022,ADQ,AK,AAL,WE,Federal Contract Tower,3,5,1,0,9,0,7,4,9,20,3,12,5,9,29,0,30,30,59
11/05/2022,ADQ,AK,AAL,WE,Federal Contract Tower,3,0,0,0,3,0,0,2,2,4,3,0,2,2,7,0,0,0,7
11/06/2022,ADQ,AK,AAL,WE,Federal Contract Tower,4,4,0,0,8,0,7,63,5,75,4,11,63,5,83,0,0,0,83
11/07/2022,ADQ,AK,AAL,WE,Federal Contract Tower,6,4,0,3,13,0,2,12,13,27,6,6,12,16,40,0,58,58,98
11/08/2022,ADQ,AK,AAL,WE,Federal Contract Tower,4,4,0,1,9,0,0,1,8,9,4,4,1,9,18,0,26,26,44
11/09/2022,ADQ,AK,AAL,WE,Federal Contract Tower,6,4,3,2,15,0,0,13,20,33,6,4,16,22,48,0,22,22,70
11/10/2022,ADQ,AK,AAL,WE,Federal Contract Tower,4,1,0,0,5,0,7,66,5,78,4,8,66,5,83,0,2,2,85
11/11/2022,ADQ,AK,AAL,WE,Federal Contract Tower,3,3,0,1,7,0,2,13,2,17,3,5,13,3,24,0,4,4,28
11/12/2022,ADQ,AK,AAL,WE,Federal Contract Tower,4,2,0,0,6,0,2,41,4,47,4,4,41,4,53,0,16,16,69
11/13/2022,ADQ,AK,AAL,WE,Federal Contract Tower,4,7,0,2,13,2,0,32,2,36,6,7,32,4,49,0,0,0,49
11/14/2022,ADQ,AK,AAL,WE,Federal Contract Tower,4,2,2,4,12,0,2,67,3,72,4,4,69,7,84,0,14,14,98
11/15/2022,ADQ,AK,AAL,WE,Federal Contract Tower,4,4,2,2,12,0,3,25,1,29,4,7,27,3,41,0,0,0,41
11/16/2022,ADQ,AK,AAL,WE,Federal Contract Tower,4,10,0,4,18,0,0,0,0,0,4,10,0,4,18,0,0,0,18
11/17/2022,ADQ,AK,AAL,WE,Federal Contract Tower,4,8,6,4,22,0,0,37,21,58,4,8,43,25,80,0,22,22,102
11/18/2022,ADQ,AK,AAL,WE,Federal Contract Tower,4,5,1,0,10,0,4,43,24,71,4,9,44,24,81,8,102,110,191
11/19/2022,ADQ,AK,AAL,WE,Federal Contract Tower,6,0,3,3,12,0,0,9,2,11,6,0,12,5,23,0,0,0,23
11/20/2022,ADQ,AK,AAL,WE,Federal Contract Tower,3,8,13,1,25,0,0,14,0,14,3,8,27,1,39,0,0,0,39
11/21/2022,ADQ,AK,AAL,WE,Federal Contract Tower,3,1,0,1,5,0,3,54,25,82,3,4,54,26,87,6,6,12,99
11/22/2022,ADQ,AK,AAL,WE,Federal Contract Tower,4,2,2,1,9,0,3,47,30,80,4,5,49,31,89,0,52,52,141
11/23/2022,ADQ,AK,AAL,WE,Federal Contract Tower,5,7,2,2,16,0,1,14,9,24,5,8,16,11,40,0,14,14,54
11/24/2022,ADQ,AK,AAL,WE,Federal Contract Tower,0,3,0,0,3,0,0,0,0,0,0,3,0,0,3,0,0,0,3
11/25/2022,ADQ,AK,AAL,WE,Federal Contract Tower,3,7,1,1,12,0,6,38,6,50,3,13,39,7,62,0,32,32,94
11/26/2022,ADQ,AK,AAL,WE,Federal Contract Tower,5,2,0,1,8,0,0,44,2,46,5,2,44,3,54,0,0,0,54
11/27/2022,ADQ,AK,AAL,WE,Federal Contract Tower,3,3,0,0,6,0,8,36,4,48,3,11,36,4,54,6,16,22,76
11/28/2022,ADQ,AK,AAL,WE,Federal Contract Tower,3,2,0,0,5,0,2,0,2,4,3,4,0,2,9,0,12,12,21
11/29/2022,ADQ,AK,AAL,WE,Federal Contract Tower,4,2,0,1,7,0,12,37,15,64,4,14,37,16,71,0,4,4,75
11/30/2022,ADQ,AK,AAL,WE,Federal Contract Tower,2,2,0,3,7,0,1,43,36,80,2,3,43,39,87,0,22,22,109
12/01/2022,ADQ,AK,AAL,WE,Federal Contract Tower,4,3,0,0,7,0,8,18,25,51,4,11,18,25,58,0,4,4,62
12/02/2022,ADQ,AK,AAL,WE,Federal Contract Tower,4,2,1,0,7,0,5,46,17,68,4,7,47,17,75,0,42,42,117
12/03/2022,ADQ,AK,AAL,WE,Federal Contract Tower,4,4,0,0,8,0,6,42,3,51,4,10,42,3,59,0,4,4,63
12/04/2022,ADQ,AK,AAL,WE,Federal Contract Tower,3,6,0,0,9,0,0,17,4,21,3,6,17,4,30,0,4,4,34
12/05/2022,ADQ,AK,AAL,WE,Federal Contract Tower,4,10,0,2,16,0,1,40,28,69,4,11,40,30,85,0,50,50,135
12/06/2022,ADQ,AK,AAL,WE,Federal Contract Tower,2,4,0,2,8,0,8,39,20,67,2,12,39,22,75,4,32,36,111
12/07/2022,ADQ,AK,AAL,WE,Federal Contract Tower,2,3,0,1,6,0,6,0,20,26,2,9,0,21,32,0,68,68,100
12/08/2022,ADQ,AK,AAL,WE,Federal Contract Tower,4,2,0,0,6,0,11,42,26,79,4,13,42,26,85,0,38,38,123
12/09/2022,ADQ,AK,AAL,WE,Federal Contract Tower,4,4,0,0,8,0,11,2,4,17,4,15,2,4,25,0,0,0,25
12/10/2022,ADQ,AK,AAL,WE,Federal Contract Tower,4,6,0,0,10,0,3,32,4,39,4,9,32,4,49,0,0,0,49
12/11/2022,ADQ,AK,AAL,WE,Federal Contract Tower,3,9,0,0,12,0,0,4,0,4,3,9,4,0,16,0,0,0,16
12/12/2022,ADQ,AK,AAL,WE,Federal Contract Tower,4,3,0,0,7,0,9,0,17,26,4,12,0,17,33,0,20,20,53
12/13/2022,ADQ,AK,AAL,WE,Federal Contract Tower,2,2,0,2,6,0,5,62,24,91,2,7,62,26,97,0,12,12,109
12/14/2022,ADQ,AK,AAL,WE,Federal Contract Tower,2,14,1,2,19,0,0,13,5,18,2,14,14,7,37,4,5,9,46
12/15/2022,ADQ,AK,AAL,WE,Federal Contract Tower,4,6,8,0,18,0,4,28,0,32,4,10,36,0,50,0,0,0,50
12/16/2022,ADQ,AK,AAL,WE,Federal Contract Tower,4,5,0,0,9,0,6,43,6,55,4,11,43,6,64,0,0,0,64
12/17/2022,ADQ,AK,AAL,WE,Federal Contract Tower,4,4,2,2,12,0,1,41,6,48,4,5,43,8,60,0,0,0,60
12/18/2022,ADQ,AK,AAL,WE,Federal Contract Tower,4,5,2,1,12,0,1,15,1,17,4,6,17,2,29,0,0,0,29
12/19/2022,ADQ,AK,AAL,WE,Federal Contract Tower,3,5,0,1,9,1,6,29,10,46,4,11,29,11,55,0,16,16,71
12/20/2022,ADQ,AK,AAL,WE,Federal Contract Tower,1,3,1,2,7,0,6,32,7,45,1,9,33,9,52,0,8,8,60
12/21/2022,ADQ,AK,AAL,WE,Federal Contract Tower,2,4,0,2,8,0,0,0,3,3,2,4,0,5,11,0,0,0,11
12/22/2022,ADQ,AK,AAL,WE,Federal Contract Tower,4,4,0,0,8,0,0,0,0,0,4,4,0,0,8,0,0,0,8
12/23/2022,ADQ,AK,AAL,WE,Federal Contract Tower,2,0,0,1,3,0,0,30,10,40,2,0,30,11,43,0,4,4,47
12/24/2022,ADQ,AK,AAL,WE,Federal Contract Tower,3,8,0,1,12,0,0,0,0,0,3,8,0,1,12,0,0,0,12
12/25/2022,ADQ,AK,AAL,WE,Federal Contract Tower,0,0,0,1,1,0,0,0,0,0,0,0,0,1,1,0,0,0,1
12/26/2022,ADQ,AK,AAL,WE,Federal Contract Tower,2,17,1,1,21,0,0,5,8,13,2,17,6,9,34,0,34,34,68
12/27/2022,ADQ,AK,AAL,WE,Federal Contract Tower,1,10,0,1,12,0,4,39,7,50,1,14,39,8,62,4,0,4,66
12/28/2022,ADQ,AK,AAL,WE,Federal Contract Tower,1,4,5,4,14,0,0,0,1,1,1,4,5,5,15,0,18,18,33
12/29/2022,ADQ,AK,AAL,WE,Federal Contract Tower,5,5,0,4,14,0,0,0,1,1,5,5,0,5,15,0,0,0,15
12/30/2022,ADQ,AK,AAL,WE,Federal Contract Tower,4,7,2,2,15,0,7,47,6,60,4,14,49,8,75,0,0,0,75
12/31/2022,ADQ,AK,AAL,WE,Federal Contract Tower,1,7,0,1,9,0,0,15,6,21,1,7,15,7,30,0,4,4,34
01/01/2023,ADQ,AK,AAL,WE,Federal Contract Tower,0,1,0,0,1,0,0,0,0,0,0,1,0,0,1,0,0,0,1
01/02/2023,ADQ,AK,AAL,WE,Federal Contract Tower,4,12,0,2,18,1,1,4,6,12,5,13,4,8,30,10,12,22,52
01/03/2023,ADQ,AK,AAL,WE,Federal Contract Tower,2,16,5,6,29,0,0,24,8,32,2,16,29,14,61,0,32,32,93
01/04/2023,ADQ,AK,AAL,WE,Federal Contract Tower,2,9,0,0,11,0,0,6,0,6,2,9,6,0,17,0,0,0,17
01/05/2023,ADQ,AK,AAL,WE,Federal Contract Tower,4,3,0,2,9,0,4,55,19,78,4,7,55,21,87,0,26,26,113
01/06/2023,ADQ,AK,AAL,WE,Federal Contract Tower,5,1,0,2,8,0,3,37,12,52,5,4,37,14,60,0,16,16,76
01/07/2023,ADQ,AK,AAL,WE,Federal Contract Tower,3,2,0,0,5,0,2,31,3,36,3,4,31,3,41,10,2,12,53
01/08/2023,ADQ,AK,AAL,WE,Federal Contract Tower,3,3,0,0,6,0,1,0,6,7,3,4,0,6,13,0,14,14,27
01/09/2023,ADQ,AK,AAL,WE,Federal Contract Tower,4,5,0,5,14,0,1,6,13,20,4,6,6,18,34,0,40,40,74
01/10/2023,ADQ,AK,AAL,WE,Federal Contract Tower,4,2,1,3,10,0,2,37,32,71,4,4,38,35,81,0,44,44,125
01/11/2023,ADQ,AK,AAL,WE,Federal Contract Tower,4,5,1,3,13,0,3,42,22,67,4,8,43,25,80,0,46,46,126
01/12/2023,ADQ,AK,AAL,WE,Federal Contract Tower,4,7,0,3,14,0,0,18,11,29,4,7,18,14,43,0,2,2,45
01/13/2023,ADQ,AK,AAL,WE,Federal Contract Tower,4,9,2,3,18,0,0,11,5,16,4,9,13,8,34,0,0,0,34
01/14/2023,ADQ,AK,AAL,WE,Federal Contract Tower,2,5,0,3,10,0,0,8,1,9,2,5,8,4,19,0,0,0,19
01/15/2023,ADQ,AK,AAL,WE,Federal Contract Tower,2,8,0,1,11,0,0,2,1,3,2,8,2,2,14,0,0,0,14
01/16/2023,ADQ,AK,AAL,WE,Federal Contract Tower,4,6,0,0,10,0,0,0,1,1,4,6,0,1,11,0,14,14,25
01/17/2023,ADQ,AK,AAL,WE,Federal Contract Tower,4,3,0,2,9,0,3,30,32,65,4,6,30,34,74,0,28,28,102
01/18/2023,ADQ,AK,AAL,WE,Federal Contract Tower,4,3,0,5,12,0,4,39,22,65,4,7,39,27,77,0,40,40,117
01/19/2023,ADQ,AK,AAL,WE,Federal Contract Tower,3,11,0,4,18,0,2,7,14,23,3,13,7,18,41,0,50,50,91
01/20/2023,ADQ,AK,AAL,WE,Federal Contract Tower,4,9,0,4,17,0,0,3,6,9,4,9,3,10,26,0,2,2,28
01/21/2023,ADQ,AK,AAL,WE,Federal Contract Tower,3,6,0,2,11,0,3,35,2,40,3,9,35,4,51,8,6,14,65
01/22/2023,ADQ,AK,AAL,WE,Federal Contract Tower,2,6,0,2,10,0,0,0,1,1,2,6,0,3,11,0,20,20,31
01/23/2023,ADQ,AK,AAL,WE,Federal Contract Tower,6,7,0,1,14,0,2,6,22,30,6,9,6,23,44,0,62,62,106
01/24/2023,ADQ,AK,AAL,WE,Federal Contract Tower,1,1,0,0,2,0,0,0,0,0,1,1,0,0,2,0,0,0,2
01/25/2023,ADQ,AK,AAL,WE,Federal Contract Tower,3,1,4,4,12,0,2,46,20,68,3,3,50,24,80,6,18,24,104
01/26/2023,ADQ,AK,AAL,WE,Federal Contract Tower,4,1,0,1,6,0,3,38,11,52,4,4,38,12,58,0,18,18,76
01/27/2023,ADQ,AK,AAL,WE,Federal Contract Tower,4,5,0,2,11,0,1,30,5,36,4,6,30,7,47,0,26,26,73
01/28/2023,ADQ,AK,AAL,WE,Federal Contract Tower,1,0,0,0,1,0,0,0,0,0,1,0,0,0,1,0,0,0,1
01/29/2023,ADQ,AK,AAL,WE,Federal Contract Tower,2,9,0,1,12,0,0,0,0,0,2,9,0,1,12,0,0,0,12
01/30/2023,ADQ,AK,AAL,WE,Federal Contract Tower,6,13,0,4,23,0,0,0,5,5,6,13,0,9,28,0,6,6,34
02/01/2023,ADQ,AK,AAL,WE,Federal Contract Tower,5,2,0,1,8,0,4,39,23,66,5,6,39,24,74,0,12,12,86
02/02/2023,ADQ,AK,AAL,WE,Federal Contract Tower,4,3,2,2,11,0,4,33,39,76,4,7,35,41,87,0,36,36,123
02/03/2023,ADQ,AK,AAL,WE,Federal Contract Tower,4,5,0,2,11,0,6,19,12,37,4,11,19,14,48,0,4,4,52
02/05/2023,ADQ,AK,AAL,WE,Federal Contract Tower,2,11,0,0,13,0,0,0,0,0,2,11,0,0,13,0,0,0,13
02/06/2023,ADQ,AK,AAL,WE,Federal Contract Tower,4,1,2,0,7,0,2,30,36,68,4,3,32,36,75,8,54,62,137
02/07/2023,ADQ,AK,AAL,WE,Federal Contract Tower,4,3,0,0,7,0,3,19,33,55,4,6,19,33,62,0,52,52,114
02/08/2023,ADQ,AK,AAL,WE,Federal Contract Tower,4,5,0,2,11,0,2,38,22,62,4,7,38,24,73,0,52,52,125
02/09/2023,ADQ,AK,AAL,WE,Federal Contract Tower,4,4,0,3,11,0,4,38,19,61,4,8,38,22,72,10,34,44,116
02/10/2023,ADQ,AK,AAL,WE,Federal Contract Tower,4,8,0,1,13,0,2,6,1,9,4,10,6,2,22,0,0,0,22
02/11/2023,ADQ,AK,AAL,WE,Federal Contract Tower,2,2,0,0,4,0,0,28,4,32,2,2,28,4,36,8,20,28,64
02/12/2023,ADQ,AK,AAL,WE,Federal Contract Tower,2,3,0,0,5,0,0,0,2,2,2,3,0,2,7,0,0,0,7
02/13/2023,ADQ,AK,AAL,WE,Federal Contract Tower,4,2,0,0,6,0,10,17,24,51,4,12,17,24,57,0,8,8,65
02/14/2023,ADQ,AK,AAL,WE,Federal Contract Tower,4,6,0,0,10,0,5,17,13,35,4,11,17,13,45,0,46,46,91
02/15/2023,ADQ,AK,AAL,WE,Federal Contract Tower,4,3,0,0,7,0,3,27,30,60,4,6,27,30,67,0,46,46,113
02/16/2023,ADQ,AK,AAL,WE,Federal Contract Tower,4,3,0,0,7,0,1,20,12,33,4,4,20,12,40,0,26,26,66
02/17/2023,ADQ,AK,AAL,WE,Federal Contract Tower,4,2,0,0,6,0,8,32,2,42,4,10,32,2,48,20,10,30,78
02/18/2023,ADQ,AK,AAL,WE,Federal Contract Tower,3,4,1,0,8,1,1,9,4,15,4,5,10,4,23,0,8,8,31
02/19/2023,ADQ,AK,AAL,WE,Federal Contract Tower,2,2,0,0,4,0,6,17,7,30,2,8,17,7,34,4,16,20,54
02/20/2023,ADQ,AK,AAL,WE,Federal Contract Tower,6,3,0,0,9,0,2,18,5,25,6,5,18,5,34,0,2,2,36
02/21/2023,ADQ,AK,AAL,WE,Federal Contract Tower,4,2,0,0,6,0,3,48,19,70,4,5,48,19,76,46,24,70,146
02/22/2023,ADQ,AK,AAL,WE,Federal Contract Tower,3,3,0,2,8,0,2,32,14,48,3,5,32,16,56,2,48,50,106
02/23/2023,ADQ,AK,AAL,WE,Federal Contract Tower,4,7,0,0,11,0,1,35,16,52,4,8,35,16,63,0,8,8,71
02/24/2023,ADQ,AK,AAL,WE,Federal Contract Tower,3,2,0,2,7,0,4,32,7,43,3,6,32,9,50,20,0,20,70
02/25/2023,ADQ,AK,AAL,WE,Federal Contract Tower,1,4,0,0,5,0,0,23,3,26,1,4,23,3,31,8,0,8,39
02/26/2023,ADQ,AK,AAL,WE,Federal Contract Tower,2,4,0,0,6,0,4,5,6,15,2,8,5,6,21,0,0,0,21
02/27/2023,ADQ,AK,AAL,WE,Federal Contract Tower,6,5,1,3,15,0,4,48,12,64,6,9,49,15,79,0,22,22,101
02/28/2023,ADQ,AK,AAL,WE,Federal Contract Tower,3,7,1,1,12,0,3,0,6,9,3,10,1,7,21,0,12,12,33
03/01/2023,ADQ,AK,AAL,WE,Federal Contract Tower,0,3,0,0,3,0,5,0,6,11,0,8,0,6,14,0,18,18,32
03/02/2023,ADQ,AK,AAL,WE,Federal Contract Tower,3,4,0,2,9,0,11,0,13,24,3,15,0,15,33,0,22,22,55
03/03/2023,ADQ,AK,AAL,WE,Federal Contract Tower,1,1,0,0,2,0,0,0,0,0,1,1,0,0,2,0,0,0,2
03/04/2023,ADQ,AK,AAL,WE,Federal Contract Tower,5,2,0,0,7,0,6,48,9,63,5,8,48,9,70,20,8,28,98
03/05/2023,ADQ,AK,AAL,WE,Federal Contract Tower,2,4,0,0,6,0,6,8,5,19,2,10,8,5,25,0,0,0,25
03/06/2023,ADQ,AK,AAL,WE,Federal Contract Tower,6,1,0,1,8,0,9,53,19,81,6,10,53,20,89,0,24,24,113
03/07/2023,ADQ,AK,AAL,WE,Federal Contract Tower,4,1,2,1,8,0,3,36,15,54,4,4,38,16,62,0,22,22,84
03/08/2023,ADQ,AK,AAL,WE,Federal Contract Tower,3,2,0,0,5,1,4,48,22,75,4,6,48,22,80,24,18,42,122
03/09/2023,ADQ,AK,AAL,WE,Federal Contract Tower,4,0,2,0,6,0,4,29,22,55,4,4,31,22,61,6,10,16,77
03/10/2023,ADQ,AK,AAL,WE,Federal Contract Tower,1,1,0,1,3,0,4,18,12,34,1,5,18,13,37,0,0,0,37
03/11/2023,ADQ,AK,AAL,WE,Federal Contract Tower,4,2,0,0,6,0,3,39,3,45,4,5,39,3,51,0,0,0,51
03/12/2023,ADQ,AK,AAL,WE,Federal Contract Tower,6,3,0,0,9,0,3,6,4,13,6,6,6,4,22,6,14,20,42
03/13/2023,ADQ,AK,AAL,WE,Federal Contract Tower,5,3,0,0,8,1,4,0,12,17,6,7,0,12,25,0,6,6,31
03/14/2023,ADQ,AK,AAL,WE,Federal Contract Tower,4,1,0,2,7,0,3,45,9,57,4,4,45,11,64,0,4,4,68
03/15/2023,ADQ,AK,AAL,WE,Federal Contract Tower,4,2,0,3,9,0,4,11,12,27,4,6,11,15,36,0,0,0,36
03/16/2023,ADQ,AK,AAL,WE,Federal Contract Tower,3,7,0,2,12,0,1,18,8,27,3,8,18,10,39,0,0,0,39
03/17/2023,ADQ,AK,AAL,WE,Federal Contract Tower,2,1,0,0,3,0,0,0,0,0,2,1,0,0,3,0,0,0,3
03/18/2023,ADQ,AK,AAL,WE,Federal Contract Tower,4,2,1,0,7,0,2,40,7,49,4,4,41,7,56,0,2,2,58
03/19/2023,ADQ,AK,AAL,WE,Federal Contract Tower,4,2,0,1,7,0,3,0,2,5,4,5,0,3,12,0,0,0,12
03/20/2023,ADQ,AK,AAL,WE,Federal Contract Tower,6,2,0,8,16,0,2,16,8,26,6,4,16,16,42,8,0,8,50
03/21/2023,ADQ,AK,AAL,WE,Federal Contract Tower,5,1,0,1,7,0,7,50,28,85,5,8,50,29,92,0,32,32,124
03/22/2023,ADQ,AK,AAL,WE,Federal Contract Tower,4,10,0,0,14,0,0,0,2,2,4,10,0,2,16,0,6,6,22
03/23/2023,ADQ,AK,AAL,WE,Federal Contract Tower,4,1,0,0,5,0,9,15,25,49,4,10,15,25,54,4,26,30,84
03/24/2023,ADQ,AK,AAL,WE,Federal Contract Tower,4,3,0,1,8,0,9,37,14,60,4,12,37,15,68,0,0,0,68
03/25/2023,ADQ,AK,AAL,WE,Federal Contract Tower,2,0,0,0,2,0,0,25,4,29,2,0,25,4,31,24,2,26,57
03/26/2023,ADQ,AK,AAL,WE,Federal Contract Tower,2,0,0,0,2,0,3,5,7,15,2,3,5,7,17,0,26,26,43
03/27/2023,ADQ,AK,AAL,WE,Federal Contract Tower,5,1,0,3,9,1,4,36,25,66,6,5,36,28,75,4,34,38,113
03/28/2023,ADQ,AK,AAL,WE,Federal Contract Tower,3,3,0,1,7,1,5,35,23,64,4,8,35,24,71,8,44,52,123
03/29/2023,ADQ,AK,AAL,WE,Federal Contract Tower,4,6,0,2,12,0,0,25,13,38,4,6,25,15,50,0,16,16,66
03/30/2023,ADQ,AK,AAL,WE,Federal Contract Tower,4,12,0,1,17,0,0,19,18,37,4,12,19,19,54,0,40,40,94
03/31/2023,ADQ,AK,AAL,WE,Federal Contract Tower,4,0,0,1,5,0,6,9,27,42,4,6,9,28,47,0,64,64,111
04/01/2023,ADQ,AK,AAL,WE,Federal Contract Tower,1,2,0,1,4,0,0,3,5,8,1,2,3,6,12,0,36,36,48
04/02/2023,ADQ,AK,AAL,WE,Federal Contract Tower,4,0,0,0,4,0,8,31,6,45,4,8,31,6,49,6,10,16,65
04/03/2023,ADQ,AK,AAL,WE,Federal Contract Tower,4,5,0,3,12,0,0,0,1,1,4,5,0,4,13,0,0,0,13
04/04/2023,ADQ,AK,AAL,WE,Federal Contract Tower,3,7,0,6,16,0,2,35,19,56,3,9,35,25,72,16,12,28,100
04/05/2023,ADQ,AK,AAL,WE,Federal Contract Tower,4,2,0,2,8,0,5,23,29,57,4,7,23,31,65,8,24,32,97
04/06/2023,ADQ,AK,AAL,WE,Federal Contract Tower,3,1,0,2,6,0,4,36,28,68,3,5,36,30,74,0,52,52,126
04/07/2023,ADQ,AK,AAL,WE,Federal Contract Tower,4,1,0,0,5,0,5,42,30,77,4,6,42,30,82,18,52,70,152
04/08/2023,ADQ,AK,AAL,WE,Federal Contract Tower,2,0,0,0,2,0,0,16,5,21,2,0,16,5,23,0,0,0,23
04/09/2023,ADQ,AK,AAL,WE,Federal Contract Tower,3,2,0,0,5,0,0,0,4,4,3,2,0,4,9,0,20,20,29
04/10/2023,ADQ,AK,AAL,WE,Federal Contract Tower,6,4,0,1,11,0,11,15,11,37,6,15,15,12,48,0,36,36,84
04/11/2023,ADQ,AK,AAL,WE,Federal Contract Tower,3,5,1,4,13,0,0,31,15,46,3,5,32,19,59,0,80,80,139
04/12/2023,ADQ,AK,AAL,WE,Federal Contract Tower,3,1,0,0,4,0,5,24,20,49,3,6,24,20,53,0,92,92,145
04/13/2023,ADQ,AK,AAL,WE,Federal Contract Tower,2,4,0,3,9,0,1,41,17,59,2,5,41,20,68,0,56,56,124
04/14/2023,ADQ,AK,AAL,WE,Federal Contract Tower,4,6,0,0,10,0,6,33,11,50,4,12,33,11,60,0,6,6,66
04/15/2023,ADQ,AK,AAL,WE,Federal Contract Tower,2,1,0,0,3,0,0,0,0,0,2,1,0,0,3,0,0,0,3
04/16/2023,ADQ,AK,AAL,WE,Federal Contract Tower,2,6,0,0,8,0,2,7,8,17,2,8,7,8,25,0,20,20,45
04/17/2023,ADQ,AK,AAL,WE,Federal Contract Tower,6,2,0,0,8,0,6,22,20,48,6,8,22,20,56,0,44,44,100
04/18/2023,ADQ,AK,AAL,WE,Federal Contract Tower,3,2,0,0,5,0,9,48,0,57,3,11,48,0,62,4,0,4,66
04/19/2023,ADQ,AK,AAL,WE,Federal Contract Tower,2,1,0,2,5,1,3,37,14,55,3,4,37,16,60,8,10,18,78
04/20/2023,ADQ,AK,AAL,WE,Federal Contract Tower,4,0,0,2,6,0,4,50,27,81,4,4,50,29,87,0,34,34,121
04/21/2023,ADQ,AK,AAL,WE,Federal Contract Tower,5,0,0,0,5,0,6,48,22,76,5,6,48,22,81,6,28,34,115
04/22/2023,ADQ,AK,AAL,WE,Federal Contract Tower,6,0,0,0,6,0,0,37,5,42,6,0,37,5,48,0,0,0,48
04/23/2023,ADQ,AK,AAL,WE,Federal Contract Tower,8,1,0,0,9,0,3,15,2,20,8,4,15,2,29,0,0,0,29
04/24/2023,ADQ,AK,AAL,WE,Federal Contract Tower,3,2,0,0,5,0,4,36,14,54,3,6,36,14,59,2,28,30,89
04/25/2023,ADQ,AK,AAL,WE,Federal Contract Tower,4,6,12,2,24,0,0,19,11,30,4,6,31,13,54,4,12,16,70
04/26/2023,ADQ,AK,AAL,WE,Federal Contract Tower,3,1,5,3,12,0,3,35,24,62,3,4,40,27,74,14,16,30,104
04/27/2023,ADQ,AK,AAL,WE,Federal Contract Tower,3,1,0,1,5,0,5,36,23,64,3,6,36,24,69,8,42,50,119
04/28/2023,ADQ,AK,AAL,WE,Federal Contract Tower,5,5,5,2,17,0,0,25,5,30,5,5,30,7,47,4,32,36,83
04/29/2023,ADQ,AK,AAL,WE,Federal Contract Tower,5,2,1,0,8,0,0,51,5,56,5,2,52,5,64,6,12,18,82
04/30/2023,ADQ,AK,AAL,WE,Federal Contract Tower,7,4,1,2,14,0,0,9,1,10,7,4,10,3,24,0,30,30,54
05/01/2023,ADQ,AK,AAL,WE,Federal Contract Tower,2,11,0,1,14,0,0,12,16,28,2,11,12,17,42,0,8,8,50
05/02/2023,ADQ,AK,AAL,WE,Federal Contract Tower,3,2,0,0,5,0,3,42,14,59,3,5,42,14,64,0,16,16,80
05/03/2023,ADQ,AK,AAL,WE,Federal Contract Tower,5,6,0,3,14,0,1,46,9,56,5,7,46,12,70,0,6,6,76
05/04/2023,ADQ,AK,AAL,WE,Federal Contract Tower,4,12,1,3,20,0,0,10,1,11,4,12,11,4,31,0,4,4,35
05/05/2023,ADQ,AK,AAL,WE,Federal Contract Tower,5,4,6,8,23,0,0,20,7,27,5,4,26,15,50,0,0,0,50
05/06/2023,ADQ,AK,AAL,WE,Federal Contract Tower,5,2,0,1,8,0,0,30,10,40,5,2,30,11,48,0,16,16,64
05/07/2023,ADQ,AK,AAL,WE,Federal Contract Tower,5,4,0,1,10,0,1,22,4,27,5,5,22,5,37,4,20,24,61
05/08/2023,ADQ,AK,AAL,WE,Federal Contract Tower,3,6,0,1,10,0,0,8,6,14,3,6,8,7,24,0,0,0,24
05/09/2023,ADQ,AK,AAL,WE,Federal Contract Tower,3,8,0,5,16,0,0,1,0,1,3,8,1,5,17,0,0,0,17
05/10/2023,ADQ,AK,AAL,WE,Federal Contract Tower,3,2,0,0,5,0,0,0,0,0,3,2,0,0,5,0,0,0,5
05/11/2023,ADQ,AK,AAL,WE,Federal Contract Tower,3,11,1,5,20,0,1,44,4,49,3,12,45,9,69,0,0,0,69
05/12/2023,ADQ,AK,AAL,WE,Federal Contract Tower,5,11,0,4,20,0,0,20,4,24,5,11,20,8,44,0,0,0,44
05/13/2023,ADQ,AK,AAL,WE,Federal Contract Tower,5,1,2,1,9,0,0,12,2,14,5,1,14,3,23,0,0,0,23
05/14/2023,ADQ,AK,AAL,WE,Federal Contract Tower,7,10,0,1,18,0,0,11,2,13,7,10,11,3,31,0,0,0,31
05/15/2023,ADQ,AK,AAL,WE,Federal Contract Tower,4,5,0,5,14,0,0,14,9,23,4,5,14,14,37,0,4,4,41
05/16/2023,ADQ,AK,AAL,WE,Federal Contract Tower,3,3,0,1,7,0,5,60,6,71,3,8,60,7,78,12,0,12,90
05/17/2023,ADQ,AK,AAL,WE,Federal Contract Tower,3,3,1,2,9,0,6,48,20,74,3,9,49,22,83,20,0,20,103
05/18/2023,ADQ,AK,AAL,WE,Federal Contract Tower,6,3,0,2,11,0,8,59,18,85,6,11,59,20,96,4,20,24,120
05/19/2023,ADQ,AK,AAL,WE,Federal Contract Tower,3,4,0,0,7,0,0,2,0,2,3,4,2,0,9,0,0,0,9
05/20/2023,ADQ,AK,AAL,WE,Federal Contract Tower,5,4,4,2,15,0,4,23,0,27,5,8,27,2,42,22,0,22,64
05/21/2023,ADQ,AK,AAL,WE,Federal Contract Tower,5,9,2,2,18,0,0,9,0,9,5,9,11,2,27,0,0,0,27
05/22/2023,ADQ,AK,AAL,WE,Federal Contract Tower,7,4,6,3,20,0,0,4,4,8,7,4,10,7,28,0,8,8,36
05/23/2023,ADQ,AK,AAL,WE,Federal Contract Tower,4,10,0,7,21,0,0,0,0,0,4,10,0,7,21,0,6,6,27
05/24/2023,ADQ,AK,AAL,WE,Federal Contract Tower,3,7,0,6,16,0,1,45,21,67,3,8,45,27,83,0,40,40,123
05/25/2023,ADQ,AK,AAL,WE,Federal Contract Tower,5,4,0,1,10,0,5,63,12,80,5,9,63,13,90,10,26,36,126
05/26/2023,ADQ,AK,AAL,WE,Federal Contract Tower,5,3,1,0,9,0,5,38,4,47,5,8,39,4,56,34,0,34,90
05/27/2023,ADQ,AK,AAL,WE,Federal Contract Tower,5,0,0,3,8,0,0,13,4,17,5,0,13,7,25,0,0,0,25
05/28/2023,ADQ,AK,AAL,WE,Federal Contract Tower,4,9,0,0,13,1,6,28,4,39,5,15,28,4,52,16,16,32,84
05/29/2023,ADQ,AK,AAL,WE,Federal Contract Tower,5,0,0,1,6,0,0,69,7,76,5,0,69,8,82,0,22,22,104
05/30/2023,ADQ,AK,AAL,WE,Federal Contract Tower,3,4,3,3,13,0,3,61,8,72,3,7,64,11,85,20,8,28,113
05/31/2023,ADQ,AK,AAL,WE,Federal Contract Tower,5,3,1,1,10,0,5,55,20,80,5,8,56,21,90,0,6,6,96
06/01/2023,ADQ,AK,AAL,WE,Federal Contract Tower,4,1,0,2,7,2,5,49,18,74,6,6,49,20,81,6,4,10,91
06/02/2023,ADQ,AK,AAL,WE,Federal Contract Tower,5,5,0,0,10,0,4,49,23,76,5,9,49,23,86,0,62,62,148
06/03/2023,ADQ,AK,AAL,WE,Federal Contract Tower,5,1,0,0,6,0,1,33,6,40,5,2,33,6,46,0,12,12,58
06/04/2023,ADQ,AK,AAL,WE,Federal Contract Tower,8,9,3,3,23,0,0,7,2,9,8,9,10,5,32,0,0,0,32
06/05/2023,ADQ,AK,AAL,WE,Federal Contract Tower,5,3,0,3,11,0,0,0,0,0,5,3,0,3,11,0,0,0,11
06/06/2023,ADQ,AK,AAL,WE,Federal Contract Tower,2,7,0,0,9,0,1,1,0,2,2,8,1,0,11,0,0,0,11
06/07/2023,ADQ,AK,AAL,WE,Federal Contract Tower,3,12,0,4,19,0,0,2,3,5,3,12,2,7,24,0,0,0,24
06/08/2023,ADQ,AK,AAL,WE,Federal Contract Tower,6,7,1,1,15,0,0,0,0,0,6,7,1,1,15,0,0,0,15
06/09/2023,ADQ,AK,AAL,WE,Federal Contract Tower,5,14,20,1,40,0,1,9,2,12,5,15,29,3,52,0,0,0,52
06/10/2023,ADQ,AK,AAL,WE,Federal Contract Tower,7,4,2,4,17,0,1,40,3,44,7,5,42,7,61,0,0,0,61
06/11/2023,ADQ,AK,AAL,WE,Federal Contract Tower,6,9,0,1,16,1,0,3,3,7,7,9,3,4,23,0,0,0,23
06/12/2023,ADQ,AK,AAL,WE,Federal Contract Tower,5,4,1,4,14,4,3,62,17,86,9,7,63,21,100,2,44,46,146
06/13/2023,ADQ,AK,AAL,WE,Federal Contract Tower,4,2,0,3,9,0,3,45,20,68,4,5,45,23,77,8,0,8,85
06/14/2023,ADQ,AK,AAL,WE,Federal Contract Tower,4,7,3,2,16,0,1,23,11,35,4,8,26,13,51,0,18,18,69
06/15/2023,ADQ,AK,AAL,WE,Federal Contract Tower,5,5,0,3,13,0,0,0,0,0,5,5,0,3,13,0,0,0,13
06/16/2023,ADQ,AK,AAL,WE,Federal Contract Tower,6,2,0,1,9,0,6,58,6,70,6,8,58,7,79,0,6,6,85
06/17/2023,ADQ,AK,AAL,WE,Federal Contract Tower,5,0,0,3,8,0,3,37,2,42,5,3,37,5,50,0,0,0,50
06/18/2023,ADQ,AK,AAL,WE,Federal Contract Tower,8,1,0,0,9,0,4,18,2,24,8,5,18,2,33,0,0,0,33
06/19/2023,ADQ,AK,AAL,WE,Federal Contract Tower,7,2,2,0,11,0,3,46,2,51,7,5,48,2,62,0,0,0,62
06/20/2023,ADQ,AK,AAL,WE,Federal Contract Tower,5,3,0,3,11,0,8,30,12,50,5,11,30,15,61,2,26,28,89
06/21/2023,ADQ,AK,AAL,WE,Federal Contract Tower,4,7,6,1,18,1,1,9,1,12,5,8,15,2,30,0,0,0,30
06/22/2023,ADQ,AK,AAL,WE,Federal Contract Tower,5,7,0,1,13,0,0,0,0,0,5,7,0,1,13,0,0,0,13
06/23/2023,ADQ,AK,AAL,WE,Federal Contract Tower,6,6,2,1,15,1,6,30,2,39,7,12,32,3,54,2,0,2,56
06/24/2023,ADQ,AK,AAL,WE,Federal Contract Tower,6,4,6,3,19,0,0,4,0,4,6,4,10,3,23,0,0,0,23
06/25/2023,ADQ,AK,AAL,WE,Federal Contract Tower,5,6,2,0,13,0,3,29,5,37,5,9,31,5,50,0,0,0,50
06/26/2023,ADQ,AK,AAL,WE,Federal Contract Tower,5,6,5,2,18,0,0,33,9,42,5,6,38,11,60,0,6,6,66
06/27/2023,ADQ,AK,AAL,WE,Federal Contract Tower,3,6,6,10,25,0,0,1,7,8,3,6,7,17,33,0,24,24,57
06/28/2023,ADQ,AK,AAL,WE,Federal Contract Tower,4,6,5,7,22,0,5,58,8,71,4,11,63,15,93,0,4,4,97
06/29/2023,ADQ,AK,AAL,WE,Federal Contract Tower,6,8,0,1,15,0,6,58,16,80,6,14,58,17,95,0,58,58,153
06/30/2023,ADQ,AK,AAL,WE,Federal Contract Tower,6,8,0,0,14,0,2,56,9,67,6,10,56,9,81,30,36,66,147
07/01/2023,ADQ,AK,AAL,WE,Federal Contract Tower,6,3,5,1,15,0,0,23,5,28,6,3,28,6,43,0,0,0,43
07/02/2023,ADQ,AK,AAL,WE,Federal Contract Tower,6,6,0,1,13,0,1,9,3,13,6,7,9,4,26,0,0,0,26
07/03/2023,ADQ,AK,AAL,WE,Federal Contract Tower,5,4,0,2,11,0,0,47,1,48,5,4,47,3,59,0,0,0,59
07/04/2023,ADQ,AK,AAL,WE,Federal Contract Tower,4,2,1,0,7,0,2,15,4,21,4,4,16,4,28,0,2,2,30
07/05/2023,ADQ,AK,AAL,WE,Federal Contract Tower,3,5,1,4,13,0,0,0,6,6,3,5,1,10,19,0,4,4,23
07/06/2023,ADQ,AK,AAL,WE,Federal Contract Tower,5,3,3,2,13,0,4,47,20,71,5,7,50,22,84,24,12,36,120
07/07/2023,ADQ,AK,AAL,WE,Federal Contract Tower,5,6,0,1,12,1,1,35,15,52,6,7,35,16,64,46,34,80,144
07/08/2023,ADQ,AK,AAL,WE,Federal Contract Tower,4,2,0,0,6,0,0,53,2,55,4,2,53,2,61,2,14,16,77
07/09/2023,ADQ,AK,AAL,WE,Federal Contract Tower,7,6,1,1,15,0,0,24,5,29,7,6,25,6,44,12,0,12,56
07/10/2023,ADQ,AK,AAL,WE,Federal Contract Tower,3,8,2,2,15,0,0,4,4,8,3,8,6,6,23,0,0,0,23
07/11/2023,ADQ,AK,AAL,WE,Federal Contract Tower,6,13,3,3,25,0,0,0,17,17,6,13,3,20,42,0,92,92,134
07/12/2023,ADQ,AK,AAL,WE,Federal Contract Tower,3,6,4,1,14,1,4,74,20,99,4,10,78,21,113,6,8,14,127
07/13/2023,ADQ,AK,AAL,WE,Federal Contract Tower,5,2,1,0,8,0,4,55,18,77,5,6,56,18,85,0,32,32,117
07/14/2023,ADQ,AK,AAL,WE,Federal Contract Tower,6,3,0,1,10,0,2,51,10,63,6,5,51,11,73,0,38,38,111
07/15/2023,ADQ,AK,AAL,WE,Federal Contract Tower,3,4,2,0,9,0,0,9,3,12,3,4,11,3,21,0,6,6,27
07/16/2023,ADQ,AK,AAL,WE,Federal Contract Tower,7,6,1,0,14,1,0,49,1,51,8,6,50,1,65,0,0,0,65
07/17/2023,ADQ,AK,AAL,WE,Federal Contract Tower,5,4,1,2,12,0,0,27,13,40,5,4,28,15,52,2,18,20,72
07/18/2023,ADQ,AK,AAL,WE,Federal Contract Tower,4,6,1,2,13,0,0,45,16,61,4,6,46,18,74,2,50,52,126
07/19/2023,ADQ,AK,AAL,WE,Federal Contract Tower,4,8,11,3,26,0,0,14,5,19,4,8,25,8,45,10,4,14,59
07/20/2023,ADQ,AK,AAL,WE,Federal Contract Tower,3,3,2,2,10,0,8,49,25,82,3,11,51,27,92,6,52,58,150
07/21/2023,ADQ,AK,AAL,WE,Federal Contract Tower,5,2,4,0,11,0,6,50,12,68,5,8,54,12,79,2,0,2,81
07/22/2023,ADQ,AK,AAL,WE,Federal Contract Tower,4,6,0,1,11,0,4,28,7,39,4,10,28,8,50,20,0,20,70
07/23/2023,ADQ,AK,AAL,WE,Federal Contract Tower,8,2,0,0,10,0,4,24,3,31,8,6,24,3,41,0,0,0,41
07/24/2023,ADQ,AK,AAL,WE,Federal Contract Tower,5,3,0,0,8,0,1,53,9,63,5,4,53,9,71,0,0,0,71
07/25/2023,ADQ,AK,AAL,WE,Federal Contract Tower,3,1,2,0,6,0,3,49,13,65,3,4,51,13,71,0,16,16,87
07/26/2023,ADQ,AK,AAL,WE,Federal Contract Tower,9,5,2,2,18,0,1,56,14,71,9,6,58,16,89,0,0,0,89
07/27/2023,ADQ,AK,AAL,WE,Federal Contract Tower,5,5,0,0,10,1,0,43,16,60,6,5,43,16,70,0,0,0,70
07/28/2023,ADQ,AK,AAL,WE,Federal Contract Tower,5,6,0,0,11,0,0,15,12,27,5,6,15,12,38,0,38,38,76
07/29/2023,ADQ,AK,AAL,WE,Federal Contract Tower,4,2,0,3,9,0,0,36,2,38,4,2,36,5,47,0,0,0,47
07/30/2023,ADQ,AK,AAL,WE,Federal Contract Tower,7,2,1,1,11,0,4,40,3,47,7,6,41,4,58,0,4,4,62
07/31/2023,ADQ,AK,AAL,WE,Federal Contract Tower,5,1,0,1,7,0,4,62,17,83,5,5,62,18,90,0,24,24,114
08/01/2023,ADQ,AK,AAL,WE,Federal Contract Tower,2,4,0,1,7,1,4,58,12,75,3,8,58,13,82,0,16,16,98
08/02/2023,ADQ,AK,AAL,WE,Federal Contract Tower,4,0,4,0,8,0,6,59,24,89,4,6,63,24,97,0,66,66,163
08/03/2023,ADQ,AK,AAL,WE,Federal Contract Tower,5,7,6,3,21,0,0,31,3,34,5,7,37,6,55,0,0,0,55
08/04/2023,ADQ,AK,AAL,WE,Federal Contract Tower,6,7,3,1,17,0,2,57,3,62,6,9,60,4,79,4,28,32,111
08/05/2023,ADQ,AK,AAL,WE,Federal Contract Tower,4,2,4,0,10,0,0,51,0,51,4,2,55,0,61,38,0,38,99
08/06/2023,ADQ,AK,AAL,WE,Federal Contract Tower,6,7,2,1,16,0,0,20,6,26,6,7,22,7,42,0,0,0,42
08/07/2023,ADQ,AK,AAL,WE,Federal Contract Tower,7,7,6,8,28,0,1,32,1,34,7,8,38,9,62,0,0,0,62
08/08/2023,ADQ,AK,AAL,WE,Federal Contract Tower,4,1,6,2,13,0,3,67,17,87,4,4,73,19,100,0,6,6,106
08/09/2023,ADQ,AK,AAL,WE,Federal Contract Tower,4,6,2,3,15,0,0,46,9,55,4,6,48,12,70,6,36,42,112
08/10/2023,ADQ,AK,AAL,WE,Federal Contract Tower,6,7,1,4,18,0,2,52,11,65,6,9,53,15,83,0,4,4,87
08/11/2023,ADQ,AK,AAL,WE,Federal Contract Tower,5,6,1,4,16,0,5,53,3,61,5,11,54,7,77,0,8,8,85
08/12/2023,ADQ,AK,AAL,WE,Federal Contract Tower,3,7,1,1,12,1,0,10,1,12,4,7,11,2,24,0,0,0,24
08/13/2023,ADQ,AK,AAL,WE,Federal Contract Tower,7,4,1,0,12,0,5,21,6,32,7,9,22,6,44,2,14,16,60
08/14/2023,ADQ,AK,AAL,WE,Federal Contract Tower,5,5,3,6,19,0,0,25,3,28,5,5,28,9,47,0,0,0,47
08/15/2023,ADQ,AK,AAL,WE,Federal Contract Tower,4,3,0,4,11,0,3,35,29,67,4,6,35,33,78,0,48,48,126
08/16/2023,ADQ,AK,AAL,WE,Federal Contract Tower,4,7,3,4,18,0,2,37,24,63,4,9,40,28,81,8,8,16,97
08/17/2023,ADQ,AK,AAL,WE,Federal Contract Tower,6,1,1,5,13,0,5,56,25,86,6,6,57,30,99,0,18,18,117
08/18/2023,ADQ,AK,AAL,WE,Federal Contract Tower,6,1,0,0,7,0,4,48,15,67,6,5,48,15,74,0,0,0,74
08/19/2023,ADQ,AK,AAL,WE,Federal Contract Tower,4,3,0,0,7,0,1,41,4,46,4,4,41,4,53,0,0,0,53
08/20/2023,ADQ,AK,AAL,WE,Federal Contract Tower,6,1,0,1,8,0,2,20,10,32,6,3,20,11,40,2,26,28,68
08/21/2023,ADQ,AK,AAL,WE,Federal Contract Tower,8,3,3,0,14,0,2,41,17,60,8,5,44,17,74,0,46,46,120
08/22/2023,ADQ,AK,AAL,WE,Federal Contract Tower,4,11,2,3,20,0,4,31,1,36,4,15,33,4,56,0,0,0,56
08/23/2023,ADQ,AK,AAL,WE,Federal Contract Tower,4,4,0,2,10,0,4,53,12,69,4,8,53,14,79,0,8,8,87
08/24/2023,ADQ,AK,AAL,WE,Federal Contract Tower,6,5,0,3,14,0,4,46,11,61,6,9,46,14,75,0,26,26,101
08/25/2023,ADQ,AK,AAL,WE,Federal Contract Tower,6,6,4,1,17,0,4,38,2,44,6,10,42,3,61,0,0,0,61
08/26/2023,ADQ,AK,AAL,WE,Federal Contract Tower,4,1,3,0,8,0,0,10,7,17,4,1,13,7,25,0,0,0,25
08/27/2023,ADQ,AK,AAL,WE,Federal Contract Tower,6,4,1,0,11,1,2,46,2,51,7,6,47,2,62,0,0,0,62
08/28/2023,ADQ,AK,AAL,WE,Federal Contract Tower,5,6,1,4,16,0,0,0,0,0,5,6,1,4,16,0,0,0,16
08/29/2023,ADQ,AK,AAL,WE,Federal Contract Tower,4,2,2,1,9,0,3,63,18,84,4,5,65,19,93,8,54,62,155
08/30/2023,ADQ,AK,AAL,WE,Federal Contract Tower,4,7,1,3,15,0,1,41,5,47,4,8,42,8,62,0,6,6,68
08/31/2023,ADQ,AK,AAL,WE,Federal Contract Tower,5,3,0,1,9,1,2,6,16,25,6,5,6,17,34,0,20,20,54
01/01/2020,ADQ,AK,AAL,WE,Federal Contract Tower,2,0,0,2,4,0,0,0,3,3,2,0,0,5,7,0,0,0,7
01/02/2020,ADQ,AK,AAL,WE,Federal Contract Tower,4,2,0,2,8,0,8,30,6,44,4,10,30,8,52,10,2,12,64
01/03/2020,ADQ,AK,AAL,WE,Federal Contract Tower,2,4,0,3,9,0,0,3,2,5,2,4,3,5,14,0,8,8,22
01/04/2020,ADQ,AK,AAL,WE,Federal Contract Tower,3,4,0,0,7,1,0,40,7,48,4,4,40,7,55,0,0,0,55
01/05/2020,ADQ,AK,AAL,WE,Federal Contract Tower,6,11,0,0,17,0,16,6,0,22,6,27,6,0,39,24,0,24,63
01/06/2020,ADQ,AK,AAL,WE,Federal Contract Tower,6,2,0,2,10,0,1,45,16,62,6,3,45,18,72,0,0,0,72
01/07/2020,ADQ,AK,AAL,WE,Federal Contract Tower,4,8,0,0,12,0,2,26,17,45,4,10,26,17,57,0,52,52,109
01/08/2020,ADQ,AK,AAL,WE,Federal Contract Tower,4,4,0,2,10,0,2,30,24,56,4,6,30,26,66,6,43,49,115
01/09/2020,ADQ,AK,AAL,WE,Federal Contract Tower,4,6,0,2,12,0,2,12,15,29,4,8,12,17,41,36,0,36,77
01/10/2020,ADQ,AK,AAL,WE,Federal Contract Tower,4,9,5,9,27,0,1,12,9,22,4,10,17,18,49,0,122,122,171
01/11/2020,ADQ,AK,AAL,WE,Federal Contract Tower,4,3,0,0,7,0,1,38,8,47,4,4,38,8,54,0,2,2,56
01/12/2020,ADQ,AK,AAL,WE,Federal Contract Tower,4,4,1,0,9,0,0,7,3,10,4,4,8,3,19,0,18,18,37
01/13/2020,ADQ,AK,AAL,WE,Federal Contract Tower,4,6,3,2,15,0,3,37,30,70,4,9,40,32,85,0,92,92,177
01/14/2020,ADQ,AK,AAL,WE,Federal Contract Tower,5,4,0,0,9,0,4,32,46,82,5,8,32,46,91,0,126,126,217
01/15/2020,ADQ,AK,AAL,WE,Federal Contract Tower,4,5,0,2,11,0,3,26,36,65,4,8,26,38,76,0,52,52,128
01/16/2020,ADQ,AK,AAL,WE,Federal Contract Tower,4,6,2,1,13,0,1,30,27,58,4,7,32,28,71,0,104,104,175
01/17/2020,ADQ,AK,AAL,WE,Federal Contract Tower,4,10,1,1,16,0,1,2,2,5,4,11,3,3,21,0,0,0,21
01/18/2020,ADQ,AK,AAL,WE,Federal Contract Tower,2,0,0,1,3,0,0,0,0,0,2,0,0,1,3,0,0,0,3
01/19/2020,ADQ,AK,AAL,WE,Federal Contract Tower,4,6,0,1,11,0,0,19,4,23,4,6,19,5,34,0,18,18,52
01/20/2020,ADQ,AK,AAL,WE,Federal Contract Tower,4,4,0,0,8,0,2,12,7,21,4,6,12,7,29,0,2,2,31
01/21/2020,ADQ,AK,AAL,WE,Federal Contract Tower,4,4,0,2,10,0,2,22,34,58,4,6,22,36,68,0,38,38,106
01/22/2020,ADQ,AK,AAL,WE,Federal Contract Tower,2,5,1,1,9,0,1,39,23,63,2,6,40,24,72,0,12,12,84
01/23/2020,ADQ,AK,AAL,WE,Federal Contract Tower,2,3,0,3,8,0,7,14,11,32,2,10,14,14,40,50,0,50,90
01/24/2020,ADQ,AK,AAL,WE,Federal Contract Tower,4,7,0,3,14,0,7,34,7,48,4,14,34,10,62,0,0,0,62
01/25/2020,ADQ,AK,AAL,WE,Federal Contract Tower,4,3,0,2,9,0,0,32,4,36,4,3,32,6,45,0,0,0,45
01/26/2020,ADQ,AK,AAL,WE,Federal Contract Tower,6,6,0,2,14,0,0,9,4,13,6,6,9,6,27,0,0,0,27
01/27/2020,ADQ,AK,AAL,WE,Federal Contract Tower,4,9,0,1,14,0,1,31,10,42,4,10,31,11,56,0,20,20,76
01/28/2020,ADQ,AK,AAL,WE,Federal Contract Tower,2,4,0,1,7,0,1,8,3,12,2,5,8,4,19,0,0,0,19
01/29/2020,ADQ,AK,AAL,WE,Federal Contract Tower,0,0,0,0,0,0,0,0,0,0,0,0,0,0,0,0,0,0,0
01/30/2020,ADQ,AK,AAL,WE,Federal Contract Tower,3,13,4,3,23,0,4,18,11,33,3,17,22,14,56,0,2,2,58
01/31/2020,ADQ,AK,AAL,WE,Federal Contract Tower,4,5,0,1,10,0,2,33,17,52,4,7,33,18,62,0,52,52,114
02/01/2020,ADQ,AK,AAL,WE,Federal Contract Tower,4,6,0,0,10,0,4,0,1,5,4,10,0,1,15,0,0,0,15
02/02/2020,ADQ,AK,AAL,WE,Federal Contract Tower,2,0,0,0,2,0,0,0,0,0,2,0,0,0,2,0,0,0,2
02/03/2020,ADQ,AK,AAL,WE,Federal Contract Tower,4,8,0,3,15,0,0,0,1,1,4,8,0,4,16,0,0,0,16
02/04/2020,ADQ,AK,AAL,WE,Federal Contract Tower,4,5,0,6,15,0,0,0,4,4,4,5,0,10,19,0,0,0,19
02/05/2020,ADQ,AK,AAL,WE,Federal Contract Tower,2,6,0,2,10,0,5,25,17,47,2,11,25,19,57,0,16,16,73
02/06/2020,ADQ,AK,AAL,WE,Federal Contract Tower,4,6,0,5,15,0,5,49,7,61,4,11,49,12,76,0,22,22,98
02/07/2020,ADQ,AK,AAL,WE,Federal Contract Tower,4,9,0,2,15,0,2,50,14,66,4,11,50,16,81,12,0,12,93
02/08/2020,ADQ,AK,AAL,WE,Federal Contract Tower,2,6,0,0,8,0,3,14,5,22,2,9,14,5,30,0,0,0,30
02/09/2020,ADQ,AK,AAL,WE,Federal Contract Tower,4,8,0,0,12,0,2,21,6,29,4,10,21,6,41,0,8,8,49
02/10/2020,ADQ,AK,AAL,WE,Federal Contract Tower,4,4,0,1,9,0,2,38,14,54,4,6,38,15,63,0,26,26,89
02/11/2020,ADQ,AK,AAL,WE,Federal Contract Tower,4,4,4,2,14,0,1,18,8,27,4,5,22,10,41,0,2,2,43
02/12/2020,ADQ,AK,AAL,WE,Federal Contract Tower,2,5,5,0,12,0,0,12,14,26,2,5,17,14,38,0,8,8,46
02/13/2020,ADQ,AK,AAL,WE,Federal Contract Tower,4,6,1,3,14,0,5,37,28,70,4,11,38,31,84,0,8,8,92
02/14/2020,ADQ,AK,AAL,WE,Federal Contract Tower,4,9,0,0,13,0,0,17,4,21,4,9,17,4,34,0,0,0,34
02/15/2020,ADQ,AK,AAL,WE,Federal Contract Tower,4,8,0,1,13,0,0,30,3,33,4,8,30,4,46,0,0,0,46
02/16/2020,ADQ,AK,AAL,WE,Federal Contract Tower,4,10,1,1,16,0,0,18,5,23,4,10,19,6,39,6,22,28,67
02/17/2020,ADQ,AK,AAL,WE,Federal Contract Tower,4,7,0,2,13,0,0,10,0,10,4,7,10,2,23,14,2,16,39
02/18/2020,ADQ,AK,AAL,WE,Federal Contract Tower,8,5,0,3,16,2,2,38,21,63,10,7,38,24,79,4,48,52,131
02/19/2020,ADQ,AK,AAL,WE,Federal Contract Tower,2,7,0,0,9,0,2,36,22,60,2,9,36,22,69,0,140,140,209
02/20/2020,ADQ,AK,AAL,WE,Federal Contract Tower,2,10,0,2,14,0,3,19,25,47,2,13,19,27,61,0,14,14,75
02/21/2020,ADQ,AK,AAL,WE,Federal Contract Tower,3,8,0,0,11,1,4,9,18,32,4,12,9,18,43,4,0,4,47
02/22/2020,ADQ,AK,AAL,WE,Federal Contract Tower,2,4,1,0,7,0,1,20,5,26,2,5,21,5,33,0,6,6,39
02/23/2020,ADQ,AK,AAL,WE,Federal Contract Tower,4,7,0,0,11,0,1,9,5,15,4,8,9,5,26,0,0,0,26
02/24/2020,ADQ,AK,AAL,WE,Federal Contract Tower,6,9,0,1,16,0,0,4,8,12,6,9,4,9,28,0,16,16,44
02/25/2020,ADQ,AK,AAL,WE,Federal Contract Tower,2,2,0,0,4,0,0,0,0,0,2,2,0,0,4,0,0,0,4
02/26/2020,ADQ,AK,AAL,WE,Federal Contract Tower,4,14,1,0,19,0,7,32,22,61,4,21,33,22,80,2,12,14,94
02/27/2020,ADQ,AK,AAL,WE,Federal Contract Tower,4,12,1,2,19,0,4,32,17,53,4,16,33,19,72,0,24,24,96
02/28/2020,ADQ,AK,AAL,WE,Federal Contract Tower,4,6,0,0,10,0,4,33,8,45,4,10,33,8,55,4,20,24,79
02/29/2020,ADQ,AK,AAL,WE,Federal Contract Tower,4,6,0,0,10,0,0,0,0,0,4,6,0,0,10,0,0,0,10
03/01/2020,ADQ,AK,AAL,WE,Federal Contract Tower,4,11,0,0,15,0,0,9,4,13,4,11,9,4,28,2,0,2,30
03/02/2020,ADQ,AK,AAL,WE,Federal Contract Tower,3,5,0,1,9,1,3,42,12,58,4,8,42,13,67,4,62,66,133
03/03/2020,ADQ,AK,AAL,WE,Federal Contract Tower,4,7,0,2,13,0,3,24,23,50,4,10,24,25,63,0,18,18,81
03/04/2020,ADQ,AK,AAL,WE,Federal Contract Tower,2,4,0,0,6,0,5,0,14,19,2,9,0,14,25,0,8,8,33
03/05/2020,ADQ,AK,AAL,WE,Federal Contract Tower,4,12,0,0,16,0,1,30,35,66,4,13,30,35,82,0,48,48,130
03/06/2020,ADQ,AK,AAL,WE,Federal Contract Tower,4,5,0,4,13,0,5,48,19,72,4,10,48,23,85,0,22,22,107
03/07/2020,ADQ,AK,AAL,WE,Federal Contract Tower,2,9,0,0,11,0,0,28,3,31,2,9,28,3,42,0,0,0,42
03/08/2020,ADQ,AK,AAL,WE,Federal Contract Tower,4,11,0,0,15,0,1,24,8,33,4,12,24,8,48,0,10,10,58
03/09/2020,ADQ,AK,AAL,WE,Federal Contract Tower,4,9,0,2,15,0,7,24,13,44,4,16,24,15,59,0,12,12,71
03/10/2020,ADQ,AK,AAL,WE,Federal Contract Tower,2,11,0,0,13,0,2,4,10,16,2,13,4,10,29,0,28,28,57
03/11/2020,ADQ,AK,AAL,WE,Federal Contract Tower,2,8,2,1,13,0,9,42,40,91,2,17,44,41,104,0,46,46,150
03/12/2020,ADQ,AK,AAL,WE,Federal Contract Tower,4,7,0,2,13,0,5,40,10,55,4,12,40,12,68,0,0,0,68
03/13/2020,ADQ,AK,AAL,WE,Federal Contract Tower,4,12,0,1,17,0,4,55,51,110,4,16,55,52,127,0,0,0,127
03/14/2020,ADQ,AK,AAL,WE,Federal Contract Tower,2,12,0,0,14,0,2,50,7,59,2,14,50,7,73,0,0,0,73
03/15/2020,ADQ,AK,AAL,WE,Federal Contract Tower,4,2,0,0,6,0,0,25,6,31,4,2,25,6,37,0,0,0,37
03/16/2020,ADQ,AK,AAL,WE,Federal Contract Tower,4,9,0,3,16,0,7,34,15,56,4,16,34,18,72,31,0,31,103
03/17/2020,ADQ,AK,AAL,WE,Federal Contract Tower,4,9,0,6,19,0,3,32,26,61,4,12,32,32,80,0,38,38,118
03/18/2020,ADQ,AK,AAL,WE,Federal Contract Tower,2,7,0,1,10,0,2,31,20,53,2,9,31,21,63,0,6,6,69
03/19/2020,ADQ,AK,AAL,WE,Federal Contract Tower,6,11,3,3,23,0,5,24,15,44,6,16,27,18,67,4,12,16,83
03/20/2020,ADQ,AK,AAL,WE,Federal Contract Tower,6,5,0,0,11,0,4,50,2,56,6,9,50,2,67,16,0,16,83
03/21/2020,ADQ,AK,AAL,WE,Federal Contract Tower,4,8,0,1,13,0,0,19,3,22,4,8,19,4,35,4,0,4,39
03/22/2020,ADQ,AK,AAL,WE,Federal Contract Tower,4,4,0,0,8,0,1,5,2,8,4,5,5,2,16,14,0,14,30
03/23/2020,ADQ,AK,AAL,WE,Federal Contract Tower,5,9,0,0,14,1,2,21,11,35,6,11,21,11,49,0,0,0,49
03/24/2020,ADQ,AK,AAL,WE,Federal Contract Tower,3,4,0,0,7,1,1,13,28,43,4,5,13,28,50,0,28,28,78
03/25/2020,ADQ,AK,AAL,WE,Federal Contract Tower,2,5,0,0,7,0,2,32,11,45,2,7,32,11,52,0,40,40,92
03/26/2020,ADQ,AK,AAL,WE,Federal Contract Tower,4,6,1,0,11,0,5,11,20,36,4,11,12,20,47,0,10,10,57
03/27/2020,ADQ,AK,AAL,WE,Federal Contract Tower,4,13,1,1,19,0,2,22,18,42,4,15,23,19,61,0,56,56,117
03/28/2020,ADQ,AK,AAL,WE,Federal Contract Tower,4,4,0,2,10,0,0,4,0,4,4,4,4,2,14,0,0,0,14
03/29/2020,ADQ,AK,AAL,WE,Federal Contract Tower,2,0,0,0,2,0,0,2,5,7,2,0,2,5,9,0,32,32,41
03/30/2020,ADQ,AK,AAL,WE,Federal Contract Tower,3,3,0,1,7,1,3,35,12,51,4,6,35,13,58,0,20,20,78
03/31/2020,ADQ,AK,AAL,WE,Federal Contract Tower,4,4,0,1,9,0,4,35,20,59,4,8,35,21,68,0,40,40,108
04/01/2020,ADQ,AK,AAL,WE,Federal Contract Tower,2,10,3,3,18,0,0,9,16,25,2,10,12,19,43,0,10,10,53
04/02/2020,ADQ,AK,AAL,WE,Federal Contract Tower,2,8,2,2,14,0,0,15,32,47,2,8,17,34,61,0,16,16,77
04/03/2020,ADQ,AK,AAL,WE,Federal Contract Tower,2,3,0,0,5,0,3,35,15,53,2,6,35,15,58,2,86,88,146
04/04/2020,ADQ,AK,AAL,WE,Federal Contract Tower,0,0,0,0,0,0,0,30,6,36,0,0,30,6,36,0,2,2,38
04/05/2020,ADQ,AK,AAL,WE,Federal Contract Tower,0,4,0,0,4,0,0,9,4,13,0,4,9,4,17,0,22,22,39
04/06/2020,ADQ,AK,AAL,WE,Federal Contract Tower,0,1,0,2,3,0,3,10,12,25,0,4,10,14,28,0,18,18,46
04/07/2020,ADQ,AK,AAL,WE,Federal Contract Tower,2,5,0,2,9,0,0,0,0,0,2,5,0,2,9,0,0,0,9
04/08/2020,ADQ,AK,AAL,WE,Federal Contract Tower,2,7,0,1,10,0,0,25,13,38,2,7,25,14,48,0,10,10,58
04/09/2020,ADQ,AK,AAL,WE,Federal Contract Tower,2,2,0,1,5,0,3,37,36,76,2,5,37,37,81,0,66,66,147
04/10/2020,ADQ,AK,AAL,WE,Federal Contract Tower,2,2,0,5,9,0,3,54,32,89,2,5,54,37,98,6,52,58,156
04/11/2020,ADQ,AK,AAL,WE,Federal Contract Tower,0,1,0,1,2,0,1,18,3,22,0,2,18,4,24,0,0,0,24
04/12/2020,ADQ,AK,AAL,WE,Federal Contract Tower,0,2,3,2,7,0,0,0,0,0,0,2,3,2,7,0,0,0,7
04/13/2020,ADQ,AK,AAL,WE,Federal Contract Tower,0,8,0,1,9,0,0,0,0,0,0,8,0,1,9,0,0,0,9
04/14/2020,ADQ,AK,AAL,WE,Federal Contract Tower,2,0,0,0,2,0,0,0,0,0,2,0,0,0,2,0,0,0,2
04/15/2020,ADQ,AK,AAL,WE,Federal Contract Tower,2,9,3,0,14,0,4,45,18,67,2,13,48,18,81,0,16,16,97
04/16/2020,ADQ,AK,AAL,WE,Federal Contract Tower,2,0,1,1,4,0,2,32,17,51,2,2,33,18,55,38,0,38,93
04/17/2020,ADQ,AK,AAL,WE,Federal Contract Tower,2,10,0,2,14,0,2,58,29,89,2,12,58,31,103,0,74,74,177
04/18/2020,ADQ,AK,AAL,WE,Federal Contract Tower,0,2,0,1,3,0,0,38,5,43,0,2,38,6,46,0,0,0,46
04/19/2020,ADQ,AK,AAL,WE,Federal Contract Tower,0,5,2,0,7,0,0,9,3,12,0,5,11,3,19,0,0,0,19
04/20/2020,ADQ,AK,AAL,WE,Federal Contract Tower,4,2,0,0,6,0,0,0,0,0,4,2,0,0,6,0,0,0,6
04/21/2020,ADQ,AK,AAL,WE,Federal Contract Tower,1,3,19,3,26,0,0,1,4,5,1,3,20,7,31,0,8,8,39
04/22/2020,ADQ,AK,AAL,WE,Federal Contract Tower,2,14,1,2,19,0,0,26,16,42,2,14,27,18,61,14,84,98,159
04/23/2020,ADQ,AK,AAL,WE,Federal Contract Tower,2,2,9,0,13,0,0,0,0,0,2,2,9,0,13,0,0,0,13
04/24/2020,ADQ,AK,AAL,WE,Federal Contract Tower,2,2,0,0,4,0,0,0,0,0,2,2,0,0,4,0,0,0,4
04/25/2020,ADQ,AK,AAL,WE,Federal Contract Tower,0,6,14,6,26,0,0,17,0,17,0,6,31,6,43,0,10,10,53
04/26/2020,ADQ,AK,AAL,WE,Federal Contract Tower,0,4,0,0,4,0,1,13,9,23,0,5,13,9,27,2,16,18,45
04/27/2020,ADQ,AK,AAL,WE,Federal Contract Tower,4,1,0,1,6,0,3,38,2,43,4,4,38,3,49,14,10,24,73
04/28/2020,ADQ,AK,AAL,WE,Federal Contract Tower,2,2,2,1,7,0,5,31,34,70,2,7,33,35,77,6,20,26,103
04/29/2020,ADQ,AK,AAL,WE,Federal Contract Tower,1,2,0,2,5,1,2,25,12,40,2,4,25,14,45,10,6,16,61
04/30/2020,ADQ,AK,AAL,WE,Federal Contract Tower,2,2,0,2,6,0,4,40,17,61,2,6,40,19,67,18,28,46,113
05/01/2020,ADQ,AK,AAL,WE,Federal Contract Tower,2,3,0,2,7,0,3,39,12,54,2,6,39,14,61,28,12,40,101
05/02/2020,ADQ,AK,AAL,WE,Federal Contract Tower,2,0,0,0,2,0,0,19,6,25,2,0,19,6,27,18,20,38,65
05/03/2020,ADQ,AK,AAL,WE,Federal Contract Tower,2,2,0,0,4,0,2,11,4,17,2,4,11,4,21,0,0,0,21
05/04/2020,ADQ,AK,AAL,WE,Federal Contract Tower,4,6,2,4,16,0,0,18,2,20,4,6,20,6,36,0,2,2,38
05/05/2020,ADQ,AK,AAL,WE,Federal Contract Tower,2,7,0,2,11,0,0,26,12,38,2,7,26,14,49,0,24,24,73
05/06/2020,ADQ,AK,AAL,WE,Federal Contract Tower,2,9,3,5,19,0,1,29,3,33,2,10,32,8,52,0,0,0,52
05/07/2020,ADQ,AK,AAL,WE,Federal Contract Tower,2,4,0,0,6,0,0,0,2,2,2,4,0,2,8,0,0,0,8
05/08/2020,ADQ,AK,AAL,WE,Federal Contract Tower,2,10,28,16,56,0,0,1,0,1,2,10,29,16,57,0,0,0,57
05/09/2020,ADQ,AK,AAL,WE,Federal Contract Tower,0,2,17,0,19,0,0,7,0,7,0,2,24,0,26,0,0,0,26
05/10/2020,ADQ,AK,AAL,WE,Federal Contract Tower,0,4,3,2,9,0,0,12,9,21,0,4,15,11,30,0,0,0,30
05/11/2020,ADQ,AK,AAL,WE,Federal Contract Tower,3,4,2,3,12,1,1,43,13,58,4,5,45,16,70,38,26,64,134
05/12/2020,ADQ,AK,AAL,WE,Federal Contract Tower,2,1,0,2,5,0,4,37,35,76,2,5,37,37,81,34,18,52,133
05/13/2020,ADQ,AK,AAL,WE,Federal Contract Tower,2,5,0,3,10,0,1,33,14,48,2,6,33,17,58,34,16,50,108
05/14/2020,ADQ,AK,AAL,WE,Federal Contract Tower,7,4,0,1,12,1,3,28,17,49,8,7,28,18,61,0,40,40,101
05/15/2020,ADQ,AK,AAL,WE,Federal Contract Tower,2,5,23,7,37,0,0,0,0,0,2,5,23,7,37,4,0,4,41
05/16/2020,ADQ,AK,AAL,WE,Federal Contract Tower,0,5,0,2,7,0,0,37,4,41,0,5,37,6,48,0,0,0,48
05/17/2020,ADQ,AK,AAL,WE,Federal Contract Tower,0,0,0,0,0,0,4,16,6,26,0,4,16,6,26,90,40,130,156
05/18/2020,ADQ,AK,AAL,WE,Federal Contract Tower,4,6,0,0,10,0,0,0,0,0,4,6,0,0,10,0,0,0,10
05/19/2020,ADQ,AK,AAL,WE,Federal Contract Tower,2,6,0,2,10,0,2,40,30,72,2,8,40,32,82,0,52,52,134
05/20/2020,ADQ,AK,AAL,WE,Federal Contract Tower,2,2,2,1,7,0,5,45,20,70,2,7,47,21,77,38,22,60,137
05/21/2020,ADQ,AK,AAL,WE,Federal Contract Tower,0,7,9,7,23,0,0,0,0,0,0,7,9,7,23,0,0,0,23
05/22/2020,ADQ,AK,AAL,WE,Federal Contract Tower,4,10,13,5,32,0,1,41,5,47,4,11,54,10,79,0,0,0,79
05/23/2020,ADQ,AK,AAL,WE,Federal Contract Tower,0,0,3,2,5,0,0,20,7,27,0,0,23,9,32,4,0,4,36
05/24/2020,ADQ,AK,AAL,WE,Federal Contract Tower,0,0,0,0,0,0,4,15,5,24,0,4,15,5,24,38,0,38,62
05/25/2020,ADQ,AK,AAL,WE,Federal Contract Tower,2,0,0,0,2,0,0,24,9,33,2,0,24,9,35,12,0,12,47
05/26/2020,ADQ,AK,AAL,WE,Federal Contract Tower,2,3,1,0,6,0,4,32,26,62,2,7,33,26,68,42,2,44,112
05/27/2020,ADQ,AK,AAL,WE,Federal Contract Tower,3,4,0,3,10,1,0,45,18,64,4,4,45,21,74,40,46,86,160
05/28/2020,ADQ,AK,AAL,WE,Federal Contract Tower,2,8,1,0,11,0,4,39,26,69,2,12,40,26,80,0,0,0,80
05/29/2020,ADQ,AK,AAL,WE,Federal Contract Tower,1,2,0,4,7,1,3,55,18,77,2,5,55,22,84,0,54,54,138
05/30/2020,ADQ,AK,AAL,WE,Federal Contract Tower,0,0,0,0,0,0,0,36,6,42,0,0,36,6,42,48,32,80,122
05/31/2020,ADQ,AK,AAL,WE,Federal Contract Tower,0,4,8,1,13,0,0,13,3,16,0,4,21,4,29,0,8,8,37
06/01/2020,ADQ,AK,AAL,WE,Federal Contract Tower,3,6,16,3,28,0,0,10,4,14,3,6,26,7,42,0,0,0,42
06/02/2020,ADQ,AK,AAL,WE,Federal Contract Tower,2,12,2,0,16,0,1,28,18,47,2,13,30,18,63,0,24,24,87
06/03/2020,ADQ,AK,AAL,WE,Federal Contract Tower,2,8,2,1,13,0,0,39,17,56,2,8,41,18,69,0,50,50,119
06/04/2020,ADQ,AK,AAL,WE,Federal Contract Tower,2,6,0,2,10,0,0,54,41,95,2,6,54,43,105,30,106,136,241
06/05/2020,ADQ,AK,AAL,WE,Federal Contract Tower,2,5,4,0,11,0,2,49,17,68,2,7,53,17,79,0,0,0,79
06/06/2020,ADQ,AK,AAL,WE,Federal Contract Tower,2,0,0,1,3,0,0,33,5,38,2,0,33,6,41,17,12,29,70
06/07/2020,ADQ,AK,AAL,WE,Federal Contract Tower,2,2,0,0,4,0,2,29,5,36,2,4,29,5,40,12,4,16,56
06/08/2020,ADQ,AK,AAL,WE,Federal Contract Tower,4,1,0,1,6,0,5,54,13,72,4,6,54,14,78,30,2,32,110
06/09/2020,ADQ,AK,AAL,WE,Federal Contract Tower,2,5,1,5,13,0,1,24,19,44,2,6,25,24,57,0,34,34,91
06/10/2020,ADQ,AK,AAL,WE,Federal Contract Tower,2,2,0,3,7,0,2,42,28,72,2,4,42,31,79,0,34,34,113
06/11/2020,ADQ,AK,AAL,WE,Federal Contract Tower,2,5,0,0,7,0,1,59,23,83,2,6,59,23,90,4,58,62,152
06/12/2020,ADQ,AK,AAL,WE,Federal Contract Tower,2,6,0,1,9,0,0,56,10,66,2,6,56,11,75,30,6,36,111
06/13/2020,ADQ,AK,AAL,WE,Federal Contract Tower,2,0,0,0,2,0,3,53,4,60,2,3,53,4,62,60,0,60,122
06/14/2020,ADQ,AK,AAL,WE,Federal Contract Tower,2,1,1,0,4,0,3,27,5,35,2,4,28,5,39,0,10,10,49
06/15/2020,ADQ,AK,AAL,WE,Federal Contract Tower,3,1,2,0,6,1,3,50,39,93,4,4,52,39,99,0,18,18,117
06/16/2020,ADQ,AK,AAL,WE,Federal Contract Tower,2,7,7,2,18,0,0,4,0,4,2,7,11,2,22,0,0,0,22
06/17/2020,ADQ,AK,AAL,WE,Federal Contract Tower,2,9,12,4,27,0,0,2,0,2,2,9,14,4,29,0,0,0,29
06/18/2020,ADQ,AK,AAL,WE,Federal Contract Tower,4,3,2,3,12,0,4,49,20,73,4,7,51,23,85,0,54,54,139
06/19/2020,ADQ,AK,AAL,WE,Federal Contract Tower,2,2,0,1,5,0,2,56,25,83,2,4,56,26,88,12,54,66,154
06/20/2020,ADQ,AK,AAL,WE,Federal Contract Tower,2,4,5,9,20,0,0,31,1,32,2,4,36,10,52,0,10,10,62
06/21/2020,ADQ,AK,AAL,WE,Federal Contract Tower,2,5,10,1,18,0,0,14,3,17,2,5,24,4,35,0,2,2,37
06/22/2020,ADQ,AK,AAL,WE,Federal Contract Tower,4,9,1,2,16,0,0,33,22,55,4,9,34,24,71,0,24,24,95
06/23/2020,ADQ,AK,AAL,WE,Federal Contract Tower,2,3,6,5,16,0,1,28,16,45,2,4,34,21,61,0,2,2,63
06/24/2020,ADQ,AK,AAL,WE,Federal Contract Tower,2,1,0,1,4,0,5,48,15,68,2,6,48,16,72,48,10,58,130
06/25/2020,ADQ,AK,AAL,WE,Federal Contract Tower,2,6,4,10,22,0,1,30,17,48,2,7,34,27,70,0,34,34,104
06/26/2020,ADQ,AK,AAL,WE,Federal Contract Tower,2,1,0,1,4,0,3,58,8,69,2,4,58,9,73,0,18,18,91
06/27/2020,ADQ,AK,AAL,WE,Federal Contract Tower,2,1,1,0,4,0,0,43,4,47,2,1,44,4,51,16,2,18,69
06/28/2020,ADQ,AK,AAL,WE,Federal Contract Tower,2,0,0,0,2,0,4,41,4,49,2,4,41,4,51,8,4,12,63
06/29/2020,ADQ,AK,AAL,WE,Federal Contract Tower,4,4,0,2,10,0,1,48,25,74,4,5,48,27,84,14,22,36,120
06/30/2020,ADQ,AK,AAL,WE,Federal Contract Tower,2,2,1,0,5,0,6,47,13,66,2,8,48,13,71,8,30,38,109
07/01/2020,ADQ,AK,AAL,WE,Federal Contract Tower,2,6,1,1,10,0,2,52,18,72,2,8,53,19,82,12,44,56,138
07/02/2020,ADQ,AK,AAL,WE,Federal Contract Tower,1,8,2,1,12,0,3,48,15,66,1,11,50,16,78,26,12,38,116
07/03/2020,ADQ,AK,AAL,WE,Federal Contract Tower,2,4,0,0,6,0,2,73,11,86,2,6,73,11,92,0,0,0,92
07/04/2020,ADQ,AK,AAL,WE,Federal Contract Tower,2,0,0,0,2,0,0,37,9,46,2,0,37,9,48,0,10,10,58
07/05/2020,ADQ,AK,AAL,WE,Federal Contract Tower,2,2,1,0,5,0,0,0,0,0,2,2,1,0,5,0,0,0,5
07/06/2020,ADQ,AK,AAL,WE,Federal Contract Tower,2,9,16,4,31,0,0,6,0,6,2,9,22,4,37,14,0,14,51
07/07/2020,ADQ,AK,AAL,WE,Federal Contract Tower,3,9,0,0,12,1,1,37,15,54,4,10,37,15,66,14,32,46,112
07/08/2020,ADQ,AK,AAL,WE,Federal Contract Tower,3,3,0,1,7,1,4,31,12,48,4,7,31,13,55,6,18,24,79
07/09/2020,ADQ,AK,AAL,WE,Federal Contract Tower,2,4,0,1,7,0,3,45,11,59,2,7,45,12,66,26,10,36,102
07/10/2020,ADQ,AK,AAL,WE,Federal Contract Tower,3,2,0,1,6,1,2,48,10,61,4,4,48,11,67,18,2,20,87
07/11/2020,ADQ,AK,AAL,WE,Federal Contract Tower,4,0,0,2,6,0,0,53,8,61,4,0,53,10,67,0,46,46,113
07/12/2020,ADQ,AK,AAL,WE,Federal Contract Tower,4,5,7,2,18,1,1,32,2,36,5,6,39,4,54,0,0,0,54
07/13/2020,ADQ,AK,AAL,WE,Federal Contract Tower,4,4,20,5,33,0,0,19,9,28,4,4,39,14,61,0,0,0,61
07/14/2020,ADQ,AK,AAL,WE,Federal Contract Tower,2,1,1,0,4,0,5,58,13,76,2,6,59,13,80,0,0,0,80
07/15/2020,ADQ,AK,AAL,WE,Federal Contract Tower,2,1,1,0,4,0,3,72,13,88,2,4,73,13,92,12,8,20,112
07/16/2020,ADQ,AK,AAL,WE,Federal Contract Tower,2,3,0,0,5,0,2,61,24,87,2,5,61,24,92,12,40,52,144
07/17/2020,ADQ,AK,AAL,WE,Federal Contract Tower,2,13,8,2,25,0,0,33,9,42,2,13,41,11,67,0,12,12,79
07/18/2020,ADQ,AK,AAL,WE,Federal Contract Tower,4,1,1,2,8,0,1,34,2,37,4,2,35,4,45,0,0,0,45
07/19/2020,ADQ,AK,AAL,WE,Federal Contract Tower,6,3,10,2,21,0,0,7,1,8,6,3,17,3,29,0,0,0,29
07/20/2020,ADQ,AK,AAL,WE,Federal Contract Tower,4,1,3,6,14,0,3,50,11,64,4,4,53,17,78,4,6,10,88
07/21/2020,ADQ,AK,AAL,WE,Federal Contract Tower,2,5,3,1,11,0,3,41,22,66,2,8,44,23,77,12,28,40,117
07/22/2020,ADQ,AK,AAL,WE,Federal Contract Tower,2,1,0,0,3,0,8,30,15,53,2,9,30,15,56,0,44,44,100
07/23/2020,ADQ,AK,AAL,WE,Federal Contract Tower,1,2,0,1,4,1,3,58,18,80,2,5,58,19,84,0,28,28,112
07/24/2020,ADQ,AK,AAL,WE,Federal Contract Tower,4,8,9,3,24,0,0,37,12,49,4,8,46,15,73,0,0,0,73
07/25/2020,ADQ,AK,AAL,WE,Federal Contract Tower,4,0,2,0,6,0,0,39,4,43,4,0,41,4,49,0,0,0,49
07/26/2020,ADQ,AK,AAL,WE,Federal Contract Tower,4,0,0,0,4,0,4,48,5,57,4,4,48,5,61,6,2,8,69
07/27/2020,ADQ,AK,AAL,WE,Federal Contract Tower,4,1,4,0,9,0,4,47,21,72,4,5,51,21,81,2,26,28,109
07/28/2020,ADQ,AK,AAL,WE,Federal Contract Tower,2,6,2,0,10,0,4,52,17,73,2,10,54,17,83,6,0,6,89
07/29/2020,ADQ,AK,AAL,WE,Federal Contract Tower,2,6,0,0,8,0,8,46,12,66,2,14,46,12,74,0,5,5,79
07/30/2020,ADQ,AK,AAL,WE,Federal Contract Tower,2,1,1,2,6,0,3,60,7,70,2,4,61,9,76,0,16,16,92
07/31/2020,ADQ,AK,AAL,WE,Federal Contract Tower,4,6,35,4,49,0,0,6,3,9,4,6,41,7,58,0,20,20,78
08/01/2020,ADQ,AK,AAL,WE,Federal Contract Tower,5,2,3,4,14,0,0,25,4,29,5,2,28,8,43,0,28,28,71
08/02/2020,ADQ,AK,AAL,WE,Federal Contract Tower,4,6,1,2,13,0,0,47,6,53,4,6,48,8,66,14,0,14,80
08/03/2020,ADQ,AK,AAL,WE,Federal Contract Tower,4,4,28,0,36,0,0,2,0,2,4,4,30,0,38,0,0,0,38
08/04/2020,ADQ,AK,AAL,WE,Federal Contract Tower,2,6,7,4,19,0,0,16,6,22,2,6,23,10,41,0,4,4,45
08/05/2020,ADQ,AK,AAL,WE,Federal Contract Tower,5,6,1,0,12,3,1,48,20,72,8,7,49,20,84,0,10,10,94
08/06/2020,ADQ,AK,AAL,WE,Federal Contract Tower,2,4,0,2,8,0,1,43,21,65,2,5,43,23,73,4,16,20,93
08/07/2020,ADQ,AK,AAL,WE,Federal Contract Tower,4,2,0,2,8,0,2,51,19,72,4,4,51,21,80,12,18,30,110
08/08/2020,ADQ,AK,AAL,WE,Federal Contract Tower,4,4,1,1,10,0,0,34,1,35,4,4,35,2,45,0,0,0,45
08/09/2020,ADQ,AK,AAL,WE,Federal Contract Tower,4,7,2,0,13,0,1,26,8,35,4,8,28,8,48,0,0,0,48
08/10/2020,ADQ,AK,AAL,WE,Federal Contract Tower,4,5,3,0,12,0,3,45,11,59,4,8,48,11,71,0,0,0,71
08/11/2020,ADQ,AK,AAL,WE,Federal Contract Tower,2,8,0,1,11,0,1,50,10,61,2,9,50,11,72,0,24,24,96
08/12/2020,ADQ,AK,AAL,WE,Federal Contract Tower,4,3,8,1,16,0,1,56,9,66,4,4,64,10,82,22,2,24,106
08/13/2020,ADQ,AK,AAL,WE,Federal Contract Tower,2,4,2,3,11,0,2,51,6,59,2,6,53,9,70,0,0,0,70
08/14/2020,ADQ,AK,AAL,WE,Federal Contract Tower,4,2,0,0,6,0,2,54,8,64,4,4,54,8,70,8,8,16,86
08/15/2020,ADQ,AK,AAL,WE,Federal Contract Tower,4,3,0,0,7,0,3,36,15,54,4,6,36,15,61,0,22,22,83
08/16/2020,ADQ,AK,AAL,WE,Federal Contract Tower,4,1,1,0,6,0,5,38,6,49,4,6,39,6,55,0,0,0,55
08/17/2020,ADQ,AK,AAL,WE,Federal Contract Tower,2,1,5,1,9,0,2,47,3,52,2,3,52,4,61,2,8,10,71
08/18/2020,ADQ,AK,AAL,WE,Federal Contract Tower,2,2,0,0,4,0,2,52,5,59,2,4,52,5,63,0,0,0,63
08/19/2020,ADQ,AK,AAL,WE,Federal Contract Tower,4,5,0,1,10,0,2,73,12,87,4,7,73,13,97,0,0,0,97
08/20/2020,ADQ,AK,AAL,WE,Federal Contract Tower,2,4,1,2,9,0,13,54,21,88,2,17,55,23,97,0,2,2,99
08/21/2020,ADQ,AK,AAL,WE,Federal Contract Tower,4,1,0,0,5,0,3,58,34,95,4,4,58,34,100,0,10,10,110
08/22/2020,ADQ,AK,AAL,WE,Federal Contract Tower,4,2,1,2,9,0,0,54,12,66,4,2,55,14,75,0,0,0,75
08/23/2020,ADQ,AK,AAL,WE,Federal Contract Tower,4,2,0,1,7,0,3,34,2,39,4,5,34,3,46,0,8,8,54
08/24/2020,ADQ,AK,AAL,WE,Federal Contract Tower,4,5,2,2,13,0,3,66,14,83,4,8,68,16,96,6,16,22,118
08/25/2020,ADQ,AK,AAL,WE,Federal Contract Tower,2,2,0,0,4,0,2,49,18,69,2,4,49,18,73,0,22,22,95
08/26/2020,ADQ,AK,AAL,WE,Federal Contract Tower,3,2,0,1,6,1,2,53,19,75,4,4,53,20,81,6,26,32,113
08/27/2020,ADQ,AK,AAL,WE,Federal Contract Tower,2,3,5,2,12,0,1,57,10,68,2,4,62,12,80,0,0,0,80
08/28/2020,ADQ,AK,AAL,WE,Federal Contract Tower,4,1,2,2,9,0,3,46,20,69,4,4,48,22,78,0,18,18,96
08/29/2020,ADQ,AK,AAL,WE,Federal Contract Tower,6,4,3,3,16,0,0,10,8,18,6,4,13,11,34,0,0,0,34
08/30/2020,ADQ,AK,AAL,WE,Federal Contract Tower,4,4,7,0,15,0,0,16,1,17,4,4,23,1,32,6,34,40,72
08/31/2020,ADQ,AK,AAL,WE,Federal Contract Tower,4,4,1,1,10,0,3,39,16,58,4,7,40,17,68,0,30,30,98
09/01/2020,ADQ,AK,AAL,WE,Federal Contract Tower,2,3,0,3,8,0,2,63,15,80,2,5,63,18,88,10,6,16,104
09/02/2020,ADQ,AK,AAL,WE,Federal Contract Tower,4,5,1,1,11,0,2,49,22,73,4,7,50,23,84,8,20,28,112
09/03/2020,ADQ,AK,AAL,WE,Federal Contract Tower,2,4,5,4,15,0,5,41,12,58,2,9,46,16,73,0,0,0,73
09/04/2020,ADQ,AK,AAL,WE,Federal Contract Tower,3,1,1,0,5,1,3,79,8,91,4,4,80,8,96,4,0,4,100
09/05/2020,ADQ,AK,AAL,WE,Federal Contract Tower,4,5,0,1,10,0,1,56,9,66,4,6,56,10,76,0,20,20,96
09/06/2020,ADQ,AK,AAL,WE,Federal Contract Tower,2,2,0,1,5,0,0,1,2,3,2,2,1,3,8,0,0,0,8
09/07/2020,ADQ,AK,AAL,WE,Federal Contract Tower,4,2,0,0,6,0,0,47,6,53,4,2,47,6,59,0,0,0,59
09/08/2020,ADQ,AK,AAL,WE,Federal Contract Tower,2,1,0,0,3,0,5,59,8,72,2,6,59,8,75,2,6,8,83
09/09/2020,ADQ,AK,AAL,WE,Federal Contract Tower,4,6,1,0,11,0,1,51,24,76,4,7,52,24,87,0,12,12,99
09/10/2020,ADQ,AK,AAL,WE,Federal Contract Tower,2,1,0,4,7,0,3,57,17,77,2,4,57,21,84,0,0,0,84
09/11/2020,ADQ,AK,AAL,WE,Federal Contract Tower,4,2,1,0,7,0,4,35,13,52,4,6,36,13,59,0,36,36,95
09/12/2020,ADQ,AK,AAL,WE,Federal Contract Tower,4,0,0,0,4,0,0,55,4,59,4,0,55,4,63,0,0,0,63
09/13/2020,ADQ,AK,AAL,WE,Federal Contract Tower,4,5,0,0,9,0,1,32,8,41,4,6,32,8,50,0,22,22,72
09/14/2020,ADQ,AK,AAL,WE,Federal Contract Tower,4,1,0,2,7,0,4,43,41,88,4,5,43,43,95,26,0,26,121
09/15/2020,ADQ,AK,AAL,WE,Federal Contract Tower,2,9,0,1,12,0,0,35,21,56,2,9,35,22,68,0,52,52,120
09/16/2020,ADQ,AK,AAL,WE,Federal Contract Tower,3,5,10,8,26,1,1,34,8,44,4,6,44,16,70,4,0,4,74
09/17/2020,ADQ,AK,AAL,WE,Federal Contract Tower,2,5,1,1,9,0,3,12,15,30,2,8,13,16,39,0,38,38,77
09/18/2020,ADQ,AK,AAL,WE,Federal Contract Tower,4,1,0,1,6,0,3,54,35,92,4,4,54,36,98,8,2,10,108
09/19/2020,ADQ,AK,AAL,WE,Federal Contract Tower,4,0,2,2,8,0,0,50,2,52,4,0,52,4,60,0,0,0,60
09/20/2020,ADQ,AK,AAL,WE,Federal Contract Tower,4,3,0,0,7,0,1,41,3,45,4,4,41,3,52,0,4,4,56
09/21/2020,ADQ,AK,AAL,WE,Federal Contract Tower,4,4,2,2,12,0,0,7,12,19,4,4,9,14,31,0,24,24,55
09/22/2020,ADQ,AK,AAL,WE,Federal Contract Tower,2,2,2,0,6,0,0,0,0,0,2,2,2,0,6,0,0,0,6
09/23/2020,ADQ,AK,AAL,WE,Federal Contract Tower,4,12,13,3,32,0,0,23,8,31,4,12,36,11,63,0,2,2,65
09/24/2020,ADQ,AK,AAL,WE,Federal Contract Tower,2,3,0,4,9,0,2,41,21,64,2,5,41,25,73,0,14,14,87
09/25/2020,ADQ,AK,AAL,WE,Federal Contract Tower,4,8,0,1,13,0,1,35,17,53,4,9,35,18,66,0,2,2,68
09/26/2020,ADQ,AK,AAL,WE,Federal Contract Tower,4,2,14,1,21,0,2,25,2,29,4,4,39,3,50,0,0,0,50
09/27/2020,ADQ,AK,AAL,WE,Federal Contract Tower,3,4,1,1,9,0,0,0,0,0,3,4,1,1,9,0,0,0,9
09/28/2020,ADQ,AK,AAL,WE,Federal Contract Tower,4,5,0,4,13,0,3,46,15,64,4,8,46,19,77,0,26,26,103
09/29/2020,ADQ,AK,AAL,WE,Federal Contract Tower,0,3,0,1,4,0,0,15,2,17,0,3,15,3,21,0,3,3,24
09/30/2020,ADQ,AK,AAL,WE,Federal Contract Tower,4,6,4,1,15,0,0,11,0,11,4,6,15,1,26,0,0,0,26
10/01/2020,ADQ,AK,AAL,WE,Federal Contract Tower,0,5,4,0,9,0,0,12,2,14,0,5,16,2,23,0,0,0,23
10/02/2020,ADQ,AK,AAL,WE,Federal Contract Tower,4,13,14,0,31,0,1,6,0,7,4,14,20,0,38,0,0,0,38
10/03/2020,ADQ,AK,AAL,WE,Federal Contract Tower,2,4,0,2,8,0,3,51,8,62,2,7,51,10,70,0,2,2,72
10/04/2020,ADQ,AK,AAL,WE,Federal Contract Tower,2,5,1,2,10,0,0,19,2,21,2,5,20,4,31,0,0,0,31
10/05/2020,ADQ,AK,AAL,WE,Federal Contract Tower,3,5,0,2,10,1,4,33,7,45,4,9,33,9,55,2,0,2,57
10/06/2020,ADQ,AK,AAL,WE,Federal Contract Tower,2,1,0,1,4,2,2,53,5,62,4,3,53,6,66,0,30,30,96
10/07/2020,ADQ,AK,AAL,WE,Federal Contract Tower,4,4,0,2,10,0,1,34,3,38,4,5,34,5,48,0,0,0,48
10/08/2020,ADQ,AK,AAL,WE,Federal Contract Tower,2,6,2,3,13,0,0,26,3,29,2,6,28,6,42,0,0,0,42
10/09/2020,ADQ,AK,AAL,WE,Federal Contract Tower,4,3,2,1,10,0,2,49,5,56,4,5,51,6,66,0,0,0,66
10/10/2020,ADQ,AK,AAL,WE,Federal Contract Tower,2,0,3,0,5,0,0,49,7,56,2,0,52,7,61,0,0,0,61
10/11/2020,ADQ,AK,AAL,WE,Federal Contract Tower,2,4,1,2,9,0,0,36,2,38,2,4,37,4,47,0,12,12,59
10/12/2020,ADQ,AK,AAL,WE,Federal Contract Tower,6,3,8,0,17,0,1,26,7,34,6,4,34,7,51,0,4,4,55
10/13/2020,ADQ,AK,AAL,WE,Federal Contract Tower,1,4,4,2,11,1,1,49,12,63,2,5,53,14,74,0,18,18,92
10/14/2020,ADQ,AK,AAL,WE,Federal Contract Tower,3,3,0,1,7,1,9,46,21,77,4,12,46,22,84,4,4,8,92
10/15/2020,ADQ,AK,AAL,WE,Federal Contract Tower,2,1,2,0,5,0,2,64,21,87,2,3,66,21,92,10,60,70,162
10/16/2020,ADQ,AK,AAL,WE,Federal Contract Tower,4,6,0,0,10,0,1,65,11,77,4,7,65,11,87,0,54,54,141
10/17/2020,ADQ,AK,AAL,WE,Federal Contract Tower,4,0,0,3,7,0,0,40,8,48,4,0,40,11,55,6,6,12,67
10/18/2020,ADQ,AK,AAL,WE,Federal Contract Tower,2,2,0,0,4,0,2,36,19,57,2,4,36,19,61,6,0,6,67
10/19/2020,ADQ,AK,AAL,WE,Federal Contract Tower,2,8,0,1,11,0,2,37,29,68,2,10,37,30,79,0,0,0,79
10/20/2020,ADQ,AK,AAL,WE,Federal Contract Tower,1,6,0,3,10,1,0,44,15,60,2,6,44,18,70,0,14,14,84
10/21/2020,ADQ,AK,AAL,WE,Federal Contract Tower,4,3,0,1,8,0,0,55,10,65,4,3,55,11,73,0,10,10,83
10/22/2020,ADQ,AK,AAL,WE,Federal Contract Tower,2,8,2,0,12,0,1,13,8,22,2,9,15,8,34,0,12,12,46
10/23/2020,ADQ,AK,AAL,WE,Federal Contract Tower,4,3,3,0,10,0,0,0,0,0,4,3,3,0,10,0,2,2,12
10/24/2020,ADQ,AK,AAL,WE,Federal Contract Tower,4,16,31,6,57,0,6,28,1,35,4,22,59,7,92,0,0,0,92
10/25/2020,ADQ,AK,AAL,WE,Federal Contract Tower,2,7,0,4,13,0,0,0,0,0,2,7,0,4,13,0,0,0,13
10/26/2020,ADQ,AK,AAL,WE,Federal Contract Tower,4,2,0,0,6,0,2,23,16,41,4,4,23,16,47,0,0,0,47
10/27/2020,ADQ,AK,AAL,WE,Federal Contract Tower,2,8,3,1,14,0,4,48,18,70,2,12,51,19,84,0,0,0,84
10/28/2020,ADQ,AK,AAL,WE,Federal Contract Tower,7,4,0,0,11,0,5,47,21,73,7,9,47,21,84,0,14,14,98
10/29/2020,ADQ,AK,AAL,WE,Federal Contract Tower,1,2,0,2,5,1,8,38,13,60,2,10,38,15,65,0,0,0,65
10/30/2020,ADQ,AK,AAL,WE,Federal Contract Tower,4,13,8,1,26,0,0,18,3,21,4,13,26,4,47,0,18,18,65
10/31/2020,ADQ,AK,AAL,WE,Federal Contract Tower,4,4,0,0,8,0,1,46,7,54,4,5,46,7,62,0,12,12,74
11/01/2020,ADQ,AK,AAL,WE,Federal Contract Tower,2,6,0,0,8,0,0,15,5,20,2,6,15,5,28,0,18,18,46
11/02/2020,ADQ,AK,AAL,WE,Federal Contract Tower,4,2,0,0,6,0,5,37,35,77,4,7,37,35,83,0,30,30,113
11/03/2020,ADQ,AK,AAL,WE,Federal Contract Tower,2,5,1,0,8,0,6,40,15,61,2,11,41,15,69,0,20,20,89
11/04/2020,ADQ,AK,AAL,WE,Federal Contract Tower,2,3,1,1,7,0,4,34,7,45,2,7,35,8,52,0,0,0,52
11/05/2020,ADQ,AK,AAL,WE,Federal Contract Tower,2,4,1,0,7,0,6,51,3,60,2,10,52,3,67,6,0,6,73
11/06/2020,ADQ,AK,AAL,WE,Federal Contract Tower,4,8,2,1,15,0,3,54,17,74,4,11,56,18,89,0,2,2,91
11/07/2020,ADQ,AK,AAL,WE,Federal Contract Tower,2,5,3,0,10,0,0,22,4,26,2,5,25,4,36,0,0,0,36
11/08/2020,ADQ,AK,AAL,WE,Federal Contract Tower,0,4,0,0,4,0,2,6,0,8,0,6,6,0,12,0,0,0,12
11/09/2020,ADQ,AK,AAL,WE,Federal Contract Tower,4,8,0,4,16,0,4,37,24,65,4,12,37,28,81,18,8,26,107
11/10/2020,ADQ,AK,AAL,WE,Federal Contract Tower,2,6,1,2,11,0,4,28,28,60,2,10,29,30,71,0,26,26,97
11/11/2020,ADQ,AK,AAL,WE,Federal Contract Tower,4,5,5,1,15,0,5,31,1,37,4,10,36,2,52,0,0,0,52
11/12/2020,ADQ,AK,AAL,WE,Federal Contract Tower,3,9,1,0,13,1,1,0,9,11,4,10,1,9,24,0,0,0,24
11/13/2020,ADQ,AK,AAL,WE,Federal Contract Tower,4,2,5,2,13,0,3,37,18,58,4,5,42,20,71,0,0,0,71
11/14/2020,ADQ,AK,AAL,WE,Federal Contract Tower,4,2,0,0,6,0,0,49,6,55,4,2,49,6,61,0,4,4,65
11/15/2020,ADQ,AK,AAL,WE,Federal Contract Tower,2,1,1,1,5,0,3,37,6,46,2,4,38,7,51,0,0,0,51
11/16/2020,ADQ,AK,AAL,WE,Federal Contract Tower,4,7,0,2,13,0,2,46,26,74,4,9,46,28,87,0,0,0,87
11/17/2020,ADQ,AK,AAL,WE,Federal Contract Tower,2,8,0,1,11,0,7,41,31,79,2,15,41,32,90,0,34,34,124
11/18/2020,ADQ,AK,AAL,WE,Federal Contract Tower,4,6,2,0,12,0,3,61,25,89,4,9,63,25,101,6,36,42,143
11/19/2020,ADQ,AK,AAL,WE,Federal Contract Tower,2,12,5,5,24,0,0,28,17,45,2,12,33,22,69,0,52,52,121
11/20/2020,ADQ,AK,AAL,WE,Federal Contract Tower,0,5,0,0,5,0,0,0,4,4,0,5,0,4,9,0,28,28,37
11/21/2020,ADQ,AK,AAL,WE,Federal Contract Tower,4,2,0,1,7,0,0,29,1,30,4,2,29,2,37,0,28,28,65
11/22/2020,ADQ,AK,AAL,WE,Federal Contract Tower,0,5,0,1,6,0,1,28,5,34,0,6,28,6,40,0,0,0,40
11/23/2020,ADQ,AK,AAL,WE,Federal Contract Tower,4,6,0,1,11,0,0,0,0,0,4,6,0,1,11,0,0,0,11
11/24/2020,ADQ,AK,AAL,WE,Federal Contract Tower,2,10,0,2,14,0,6,45,26,77,2,16,45,28,91,0,8,8,99
11/25/2020,ADQ,AK,AAL,WE,Federal Contract Tower,4,2,0,1,7,0,3,27,35,65,4,5,27,36,72,4,62,66,138
11/26/2020,ADQ,AK,AAL,WE,Federal Contract Tower,0,0,0,0,0,0,0,8,0,8,0,0,8,0,8,0,0,0,8
11/27/2020,ADQ,AK,AAL,WE,Federal Contract Tower,2,6,0,0,8,0,5,40,9,54,2,11,40,9,62,16,16,32,94
11/28/2020,ADQ,AK,AAL,WE,Federal Contract Tower,4,0,0,1,5,0,0,35,3,38,4,0,35,4,43,4,6,10,53
11/29/2020,ADQ,AK,AAL,WE,Federal Contract Tower,2,4,1,0,7,0,2,36,13,51,2,6,37,13,58,4,12,16,74
11/30/2020,ADQ,AK,AAL,WE,Federal Contract Tower,3,3,0,2,8,1,1,0,18,20,4,4,0,20,28,0,18,18,46
12/01/2020,ADQ,AK,AAL,WE,Federal Contract Tower,2,11,0,2,15,0,3,30,32,65,2,14,30,34,80,0,102,102,182
12/02/2020,ADQ,AK,AAL,WE,Federal Contract Tower,2,8,0,1,11,0,7,38,28,73,2,15,38,29,84,18,62,80,164
12/03/2020,ADQ,AK,AAL,WE,Federal Contract Tower,4,5,1,2,12,0,5,42,39,86,4,10,43,41,98,20,70,90,188
12/04/2020,ADQ,AK,AAL,WE,Federal Contract Tower,6,4,0,1,11,0,2,49,24,75,6,6,49,25,86,6,74,80,166
12/05/2020,ADQ,AK,AAL,WE,Federal Contract Tower,3,8,0,1,12,1,1,30,3,35,4,9,30,4,47,24,10,34,81
12/06/2020,ADQ,AK,AAL,WE,Federal Contract Tower,2,6,2,3,13,0,0,0,0,0,2,6,2,3,13,0,0,0,13
12/07/2020,ADQ,AK,AAL,WE,Federal Contract Tower,4,6,2,1,13,0,2,25,17,44,4,8,27,18,57,0,122,122,179
12/08/2020,ADQ,AK,AAL,WE,Federal Contract Tower,2,9,0,1,12,0,1,31,34,66,2,10,31,35,78,0,0,0,78
12/09/2020,ADQ,AK,AAL,WE,Federal Contract Tower,4,8,0,2,14,0,2,45,22,69,4,10,45,24,83,0,16,16,99
12/10/2020,ADQ,AK,AAL,WE,Federal Contract Tower,2,10,0,1,13,0,2,44,28,74,2,12,44,29,87,0,14,14,101
12/11/2020,ADQ,AK,AAL,WE,Federal Contract Tower,4,5,2,1,12,0,2,16,11,29,4,7,18,12,41,0,48,48,89
12/12/2020,ADQ,AK,AAL,WE,Federal Contract Tower,4,8,9,2,23,0,0,15,0,15,4,8,24,2,38,0,4,4,42
12/13/2020,ADQ,AK,AAL,WE,Federal Contract Tower,2,2,3,0,7,0,0,0,0,0,2,2,3,0,7,0,0,0,7
12/14/2020,ADQ,AK,AAL,WE,Federal Contract Tower,4,5,0,1,10,0,3,43,26,72,4,8,43,27,82,8,6,14,96
12/15/2020,ADQ,AK,AAL,WE,Federal Contract Tower,2,4,1,3,10,0,1,30,13,44,2,5,31,16,54,0,74,74,128
12/16/2020,ADQ,AK,AAL,WE,Federal Contract Tower,4,5,0,4,13,0,4,34,20,58,4,9,34,24,71,0,100,100,171
12/17/2020,ADQ,AK,AAL,WE,Federal Contract Tower,2,11,1,0,14,0,0,10,8,18,2,11,11,8,32,0,0,0,32
12/18/2020,ADQ,AK,AAL,WE,Federal Contract Tower,4,3,2,3,12,0,4,41,8,53,4,7,43,11,65,0,16,16,81
12/19/2020,ADQ,AK,AAL,WE,Federal Contract Tower,4,7,0,0,11,0,2,26,5,33,4,9,26,5,44,0,8,8,52
12/20/2020,ADQ,AK,AAL,WE,Federal Contract Tower,2,6,0,0,8,0,0,0,4,4,2,6,0,4,12,0,0,0,12
12/21/2020,ADQ,AK,AAL,WE,Federal Contract Tower,2,17,0,0,19,0,0,1,7,8,2,17,1,7,27,0,0,0,27
12/22/2020,ADQ,AK,AAL,WE,Federal Contract Tower,2,7,1,0,10,0,10,36,13,59,2,17,37,13,69,0,22,22,91
12/23/2020,ADQ,AK,AAL,WE,Federal Contract Tower,4,4,0,0,8,0,2,47,16,65,4,6,47,16,73,0,22,22,95
12/24/2020,ADQ,AK,AAL,WE,Federal Contract Tower,0,6,0,0,6,0,1,12,0,13,0,7,12,0,19,0,0,0,19
12/25/2020,ADQ,AK,AAL,WE,Federal Contract Tower,2,1,0,1,4,0,0,0,1,1,2,1,0,2,5,0,0,0,5
12/26/2020,ADQ,AK,AAL,WE,Federal Contract Tower,4,4,0,0,8,0,0,36,7,43,4,4,36,7,51,0,32,32,83
12/27/2020,ADQ,AK,AAL,WE,Federal Contract Tower,2,0,0,0,2,0,0,0,1,1,2,0,0,1,3,0,0,0,3
12/28/2020,ADQ,AK,AAL,WE,Federal Contract Tower,4,8,0,1,13,0,2,24,13,39,4,10,24,14,52,0,10,10,62
12/29/2020,ADQ,AK,AAL,WE,Federal Contract Tower,2,6,6,1,15,0,0,6,6,12,2,6,12,7,27,0,0,0,27
12/30/2020,ADQ,AK,AAL,WE,Federal Contract Tower,3,5,0,3,11,1,2,41,9,53,4,7,41,12,64,0,8,8,72
12/31/2020,ADQ,AK,AAL,WE,Federal Contract Tower,2,5,0,0,7,0,1,23,5,29,2,6,23,5,36,0,0,0,36
01/01/2021,ADQ,AK,AAL,WE,Federal Contract Tower,2,0,0,0,2,0,0,1,0,1,2,0,1,0,3,0,0,0,3
01/02/2021,ADQ,AK,AAL,WE,Federal Contract Tower,4,2,4,1,11,0,0,14,3,17,4,2,18,4,28,0,30,30,58
01/03/2021,ADQ,AK,AAL,WE,Federal Contract Tower,2,6,0,0,8,0,4,26,11,41,2,10,26,11,49,0,24,24,73
01/04/2021,ADQ,AK,AAL,WE,Federal Contract Tower,4,8,6,1,19,0,0,20,5,25,4,8,26,6,44,0,0,0,44
01/05/2021,ADQ,AK,AAL,WE,Federal Contract Tower,2,4,0,1,7,0,1,8,18,27,2,5,8,19,34,0,68,68,102
01/06/2021,ADQ,AK,AAL,WE,Federal Contract Tower,4,8,0,3,15,0,1,21,12,34,4,9,21,15,49,0,76,76,125
01/07/2021,ADQ,AK,AAL,WE,Federal Contract Tower,4,9,3,2,18,0,0,19,11,30,4,9,22,13,48,8,76,84,132
01/08/2021,ADQ,AK,AAL,WE,Federal Contract Tower,4,3,3,0,10,0,2,27,14,43,4,5,30,14,53,0,98,98,151
01/09/2021,ADQ,AK,AAL,WE,Federal Contract Tower,4,1,0,1,6,0,0,0,0,0,4,1,0,1,6,0,0,0,6
01/10/2021,ADQ,AK,AAL,WE,Federal Contract Tower,2,4,0,1,7,0,0,13,2,15,2,4,13,3,22,0,28,28,50
01/11/2021,ADQ,AK,AAL,WE,Federal Contract Tower,4,13,0,2,19,0,0,24,22,46,4,13,24,24,65,0,74,74,139
01/12/2021,ADQ,AK,AAL,WE,Federal Contract Tower,4,6,21,8,39,0,0,7,8,15,4,6,28,16,54,0,36,36,90
01/13/2021,ADQ,AK,AAL,WE,Federal Contract Tower,6,2,2,1,11,0,2,48,33,83,6,4,50,34,94,12,60,72,166
01/14/2021,ADQ,AK,AAL,WE,Federal Contract Tower,4,1,0,2,7,0,0,0,0,0,4,1,0,2,7,0,16,16,23
01/15/2021,ADQ,AK,AAL,WE,Federal Contract Tower,6,16,6,3,31,0,6,34,11,51,6,22,40,14,82,14,70,84,166
01/16/2021,ADQ,AK,AAL,WE,Federal Contract Tower,2,2,0,0,4,0,2,5,0,7,2,4,5,0,11,0,0,0,11
01/17/2021,ADQ,AK,AAL,WE,Federal Contract Tower,4,7,1,1,13,0,3,10,7,20,4,10,11,8,33,0,0,0,33
01/18/2021,ADQ,AK,AAL,WE,Federal Contract Tower,4,8,2,2,16,0,2,8,0,10,4,10,10,2,26,0,0,0,26
01/19/2021,ADQ,AK,AAL,WE,Federal Contract Tower,2,3,1,3,9,0,8,29,26,63,2,11,30,29,72,0,18,18,90
01/20/2021,ADQ,AK,AAL,WE,Federal Contract Tower,4,5,0,3,12,0,6,47,55,108,4,11,47,58,120,10,72,82,202
01/21/2021,ADQ,AK,AAL,WE,Federal Contract Tower,2,9,0,4,15,0,1,24,23,48,2,10,24,27,63,0,110,110,173
01/22/2021,ADQ,AK,AAL,WE,Federal Contract Tower,2,8,0,9,19,0,5,7,8,20,2,13,7,17,39,0,0,0,39
01/23/2021,ADQ,AK,AAL,WE,Federal Contract Tower,3,2,0,0,5,1,6,40,7,54,4,8,40,7,59,6,0,6,65
01/24/2021,ADQ,AK,AAL,WE,Federal Contract Tower,2,0,0,0,2,0,6,1,14,21,2,6,1,14,23,0,26,26,49
01/25/2021,ADQ,AK,AAL,WE,Federal Contract Tower,4,5,0,5,14,0,1,37,30,68,4,6,37,35,82,0,52,52,134
01/26/2021,ADQ,AK,AAL,WE,Federal Contract Tower,2,8,0,1,11,0,3,49,23,75,2,11,49,24,86,8,56,64,150
01/27/2021,ADQ,AK,AAL,WE,Federal Contract Tower,4,2,0,2,8,0,1,33,25,59,4,3,33,27,67,0,36,36,103
01/28/2021,ADQ,AK,AAL,WE,Federal Contract Tower,2,12,1,9,24,0,0,10,8,18,2,12,11,17,42,0,14,14,56
01/29/2021,ADQ,AK,AAL,WE,Federal Contract Tower,4,7,0,0,11,0,8,40,21,69,4,15,40,21,80,2,70,72,152
01/30/2021,ADQ,AK,AAL,WE,Federal Contract Tower,4,1,0,0,5,0,3,22,0,25,4,4,22,0,30,0,0,0,30
01/31/2021,ADQ,AK,AAL,WE,Federal Contract Tower,2,7,0,3,12,0,1,42,12,55,2,8,42,15,67,10,0,10,77
02/01/2021,ADQ,AK,AAL,WE,Federal Contract Tower,4,4,0,1,9,0,2,27,20,49,4,6,27,21,58,0,42,42,100
02/02/2021,ADQ,AK,AAL,WE,Federal Contract Tower,2,0,0,1,3,0,0,0,0,0,2,0,0,1,3,0,0,0,3
02/03/2021,ADQ,AK,AAL,WE,Federal Contract Tower,3,6,0,1,10,1,2,36,19,58,4,8,36,20,68,12,72,84,152
02/04/2021,ADQ,AK,AAL,WE,Federal Contract Tower,2,5,3,4,14,0,10,67,35,112,2,15,70,39,126,0,30,30,156
02/05/2021,ADQ,AK,AAL,WE,Federal Contract Tower,3,3,0,0,6,1,4,54,9,68,4,7,54,9,74,24,20,44,118
02/06/2021,ADQ,AK,AAL,WE,Federal Contract Tower,3,7,0,1,11,1,1,40,5,47,4,8,40,6,58,4,30,34,92
02/07/2021,ADQ,AK,AAL,WE,Federal Contract Tower,2,5,0,0,7,0,3,34,7,44,2,8,34,7,51,0,0,0,51
02/08/2021,ADQ,AK,AAL,WE,Federal Contract Tower,4,5,0,1,10,0,5,34,34,73,4,10,34,35,83,6,72,78,161
02/09/2021,ADQ,AK,AAL,WE,Federal Contract Tower,2,7,2,6,17,0,3,38,23,64,2,10,40,29,81,20,84,104,185
02/10/2021,ADQ,AK,AAL,WE,Federal Contract Tower,4,6,0,1,11,0,0,14,7,21,4,6,14,8,32,14,20,34,66
02/12/2021,ADQ,AK,AAL,WE,Federal Contract Tower,6,16,0,2,24,0,3,33,21,57,6,19,33,23,81,10,4,14,95
02/13/2021,ADQ,AK,AAL,WE,Federal Contract Tower,4,5,0,2,11,0,1,7,1,9,4,6,7,3,20,0,4,4,24
02/14/2021,ADQ,AK,AAL,WE,Federal Contract Tower,4,4,0,1,9,0,0,19,5,24,4,4,19,6,33,6,12,18,51
02/15/2021,ADQ,AK,AAL,WE,Federal Contract Tower,6,10,0,4,20,0,3,30,6,39,6,13,30,10,59,32,4,36,95
02/16/2021,ADQ,AK,AAL,WE,Federal Contract Tower,4,2,4,0,10,0,2,27,17,46,4,4,31,17,56,26,32,58,114
02/17/2021,ADQ,AK,AAL,WE,Federal Contract Tower,7,3,0,1,11,0,2,35,18,55,7,5,35,19,66,0,60,60,126
02/18/2021,ADQ,AK,AAL,WE,Federal Contract Tower,4,4,1,2,11,0,0,28,40,68,4,4,29,42,79,0,22,22,101
02/19/2021,ADQ,AK,AAL,WE,Federal Contract Tower,6,4,0,0,10,0,1,21,13,35,6,5,21,13,45,0,0,0,45
02/20/2021,ADQ,AK,AAL,WE,Federal Contract Tower,6,4,0,0,10,0,0,0,0,0,6,4,0,0,10,0,0,0,10
02/21/2021,ADQ,AK,AAL,WE,Federal Contract Tower,4,4,0,0,8,0,2,32,4,38,4,6,32,4,46,0,0,0,46
02/22/2021,ADQ,AK,AAL,WE,Federal Contract Tower,5,1,0,0,6,1,3,0,12,16,6,4,0,12,22,0,0,0,22
02/23/2021,ADQ,AK,AAL,WE,Federal Contract Tower,3,4,0,0,7,1,3,41,31,76,4,7,41,31,83,6,70,76,159
02/24/2021,ADQ,AK,AAL,WE,Federal Contract Tower,5,1,2,2,10,1,1,6,16,24,6,2,8,18,34,0,16,16,50
02/25/2021,ADQ,AK,AAL,WE,Federal Contract Tower,4,7,1,0,12,0,5,0,9,14,4,12,1,9,26,0,4,4,30
02/26/2021,ADQ,AK,AAL,WE,Federal Contract Tower,6,13,0,1,20,0,5,43,21,69,6,18,43,22,89,6,40,46,135
02/27/2021,ADQ,AK,AAL,WE,Federal Contract Tower,6,6,4,1,17,0,0,10,4,14,6,6,14,5,31,0,20,20,51
03/01/2021,ADQ,AK,AAL,WE,Federal Contract Tower,7,13,0,0,20,0,1,7,17,25,7,14,7,17,45,2,4,6,51
03/02/2021,ADQ,AK,AAL,WE,Federal Contract Tower,4,2,0,2,8,0,2,60,18,80,4,4,60,20,88,22,18,40,128
03/03/2021,ADQ,AK,AAL,WE,Federal Contract Tower,6,5,0,1,12,2,1,34,12,49,8,6,34,13,61,0,14,14,75
03/04/2021,ADQ,AK,AAL,WE,Federal Contract Tower,3,4,1,0,8,1,2,42,38,83,4,6,43,38,91,32,56,88,179
03/05/2021,ADQ,AK,AAL,WE,Federal Contract Tower,6,2,0,1,9,0,0,0,0,0,6,2,0,1,9,0,0,0,9
03/06/2021,ADQ,AK,AAL,WE,Federal Contract Tower,6,2,0,0,8,0,1,17,2,20,6,3,17,2,28,0,0,0,28
03/07/2021,ADQ,AK,AAL,WE,Federal Contract Tower,4,4,0,1,9,0,6,45,5,56,4,10,45,6,65,20,0,20,85
03/08/2021,ADQ,AK,AAL,WE,Federal Contract Tower,5,8,0,1,14,1,4,38,26,69,6,12,38,27,83,26,60,86,169
03/09/2021,ADQ,AK,AAL,WE,Federal Contract Tower,4,7,0,0,11,0,0,19,20,39,4,7,19,20,50,0,42,42,92
03/10/2021,ADQ,AK,AAL,WE,Federal Contract Tower,6,4,0,2,12,0,2,2,21,25,6,6,2,23,37,0,2,2,39
03/11/2021,ADQ,AK,AAL,WE,Federal Contract Tower,2,0,0,0,2,0,0,0,1,1,2,0,0,1,3,0,0,0,3
03/12/2021,ADQ,AK,AAL,WE,Federal Contract Tower,6,2,0,0,8,0,4,25,21,50,6,6,25,21,58,0,6,6,64
03/13/2021,ADQ,AK,AAL,WE,Federal Contract Tower,6,1,0,1,8,0,5,52,3,60,6,6,52,4,68,0,0,0,68
03/14/2021,ADQ,AK,AAL,WE,Federal Contract Tower,4,4,0,2,10,0,0,13,6,19,4,4,13,8,29,0,0,0,29
03/15/2021,ADQ,AK,AAL,WE,Federal Contract Tower,6,7,0,0,13,0,3,43,11,57,6,10,43,11,70,0,4,4,74
03/16/2021,ADQ,AK,AAL,WE,Federal Contract Tower,4,4,0,1,9,0,4,45,29,78,4,8,45,30,87,0,22,22,109
03/17/2021,ADQ,AK,AAL,WE,Federal Contract Tower,4,6,0,2,12,0,4,34,14,52,4,10,34,16,64,0,24,24,88
03/18/2021,ADQ,AK,AAL,WE,Federal Contract Tower,3,2,2,0,7,2,6,27,26,61,5,8,29,26,68,6,12,18,86
03/19/2021,ADQ,AK,AAL,WE,Federal Contract Tower,6,3,2,1,12,0,5,45,15,65,6,8,47,16,77,10,38,48,125
03/20/2021,ADQ,AK,AAL,WE,Federal Contract Tower,6,5,0,0,11,0,0,0,0,0,6,5,0,0,11,0,0,0,11
03/21/2021,ADQ,AK,AAL,WE,Federal Contract Tower,6,3,0,0,9,0,1,37,4,42,6,4,37,4,51,0,0,0,51
03/22/2021,ADQ,AK,AAL,WE,Federal Contract Tower,6,4,9,1,20,0,3,11,20,34,6,7,20,21,54,0,26,26,80
03/23/2021,ADQ,AK,AAL,WE,Federal Contract Tower,4,2,0,0,6,0,6,20,16,42,4,8,20,16,48,6,24,30,78
03/24/2021,ADQ,AK,AAL,WE,Federal Contract Tower,5,7,1,1,14,1,4,29,23,57,6,11,30,24,71,8,2,10,81
03/25/2021,ADQ,AK,AAL,WE,Federal Contract Tower,4,3,0,1,8,0,7,42,5,54,4,10,42,6,62,0,2,2,64
03/26/2021,ADQ,AK,AAL,WE,Federal Contract Tower,4,2,0,1,7,2,7,29,14,52,6,9,29,15,59,8,10,18,77
03/27/2021,ADQ,AK,AAL,WE,Federal Contract Tower,6,0,0,1,7,0,0,12,7,19,6,0,12,8,26,0,12,12,38
03/28/2021,ADQ,AK,AAL,WE,Federal Contract Tower,6,2,0,1,9,0,2,25,6,33,6,4,25,7,42,4,18,22,64
03/29/2021,ADQ,AK,AAL,WE,Federal Contract Tower,6,4,0,2,12,0,4,46,19,69,6,8,46,21,81,12,6,18,99
03/30/2021,ADQ,AK,AAL,WE,Federal Contract Tower,4,4,0,2,10,0,0,36,22,58,4,4,36,24,68,12,20,32,100
03/31/2021,ADQ,AK,AAL,WE,Federal Contract Tower,6,2,0,2,10,0,2,20,13,35,6,4,20,15,45,0,30,30,75
04/01/2021,ADQ,AK,AAL,WE,Federal Contract Tower,2,2,0,2,6,0,3,3,8,14,2,5,3,10,20,0,6,6,26
04/02/2021,ADQ,AK,AAL,WE,Federal Contract Tower,6,2,0,0,8,0,4,54,14,72,6,6,54,14,80,16,2,18,98
04/03/2021,ADQ,AK,AAL,WE,Federal Contract Tower,4,0,0,0,4,0,0,34,13,47,4,0,34,13,51,0,16,16,67
04/04/2021,ADQ,AK,AAL,WE,Federal Contract Tower,4,8,0,0,12,0,6,21,1,28,4,14,21,1,40,0,0,0,40
04/05/2021,ADQ,AK,AAL,WE,Federal Contract Tower,6,5,0,1,12,0,3,35,25,63,6,8,35,26,75,2,34,36,111
04/06/2021,ADQ,AK,AAL,WE,Federal Contract Tower,4,5,0,0,9,0,5,49,21,75,4,10,49,21,84,0,30,30,114
04/07/2021,ADQ,AK,AAL,WE,Federal Contract Tower,6,6,3,2,17,8,2,35,22,67,14,8,38,24,84,0,38,38,122
04/08/2021,ADQ,AK,AAL,WE,Federal Contract Tower,2,3,0,0,5,0,3,8,2,13,2,6,8,2,18,0,0,0,18
04/09/2021,ADQ,AK,AAL,WE,Federal Contract Tower,5,5,0,1,11,1,11,25,17,54,6,16,25,18,65,0,26,26,91
04/10/2021,ADQ,AK,AAL,WE,Federal Contract Tower,6,0,0,2,8,0,0,47,4,51,6,0,47,6,59,4,16,20,79
04/11/2021,ADQ,AK,AAL,WE,Federal Contract Tower,6,6,0,0,12,0,0,4,2,6,6,6,4,2,18,0,34,34,52
04/12/2021,ADQ,AK,AAL,WE,Federal Contract Tower,6,2,0,1,9,0,3,45,20,68,6,5,45,21,77,38,34,72,149
04/13/2021,ADQ,AK,AAL,WE,Federal Contract Tower,4,1,0,1,6,0,3,36,23,62,4,4,36,24,68,46,0,46,114
04/14/2021,ADQ,AK,AAL,WE,Federal Contract Tower,6,5,0,4,15,0,1,39,24,64,6,6,39,28,79,4,12,16,95
04/15/2021,ADQ,AK,AAL,WE,Federal Contract Tower,4,4,5,11,24,0,0,22,10,32,4,4,27,21,56,20,36,56,112
04/16/2021,ADQ,AK,AAL,WE,Federal Contract Tower,6,5,1,0,12,0,4,63,9,76,6,9,64,9,88,42,2,44,132
04/17/2021,ADQ,AK,AAL,WE,Federal Contract Tower,6,0,0,1,7,0,0,55,4,59,6,0,55,5,66,12,4,16,82
04/18/2021,ADQ,AK,AAL,WE,Federal Contract Tower,6,5,5,2,18,0,1,22,3,26,6,6,27,5,44,2,18,20,64
04/19/2021,ADQ,AK,AAL,WE,Federal Contract Tower,6,7,7,5,25,0,0,0,0,0,6,7,7,5,25,0,50,50,75
04/20/2021,ADQ,AK,AAL,WE,Federal Contract Tower,4,4,28,6,42,0,0,22,12,34,4,4,50,18,76,0,0,0,76
04/21/2021,ADQ,AK,AAL,WE,Federal Contract Tower,6,1,0,2,9,0,0,0,0,0,6,1,0,2,9,0,0,0,9
04/22/2021,ADQ,AK,AAL,WE,Federal Contract Tower,4,6,6,2,18,0,0,0,0,0,4,6,6,2,18,0,0,0,18
04/23/2021,ADQ,AK,AAL,WE,Federal Contract Tower,6,4,10,4,24,0,0,30,0,30,6,4,40,4,54,8,0,8,62
04/24/2021,ADQ,AK,AAL,WE,Federal Contract Tower,4,0,6,1,11,0,0,34,0,34,4,0,40,1,45,8,0,8,53
04/25/2021,ADQ,AK,AAL,WE,Federal Contract Tower,6,8,12,3,29,0,2,36,1,39,6,10,48,4,68,8,0,8,76
04/26/2021,ADQ,AK,AAL,WE,Federal Contract Tower,6,4,13,5,28,0,2,20,13,35,6,6,33,18,63,0,18,18,81
04/27/2021,ADQ,AK,AAL,WE,Federal Contract Tower,4,4,10,1,19,0,0,14,1,15,4,4,24,2,34,0,0,0,34
04/28/2021,ADQ,AK,AAL,WE,Federal Contract Tower,6,3,1,2,12,0,0,0,0,0,6,3,1,2,12,0,2,2,14
04/29/2021,ADQ,AK,AAL,WE,Federal Contract Tower,4,9,5,9,27,0,2,59,52,113,4,11,64,61,140,24,102,126,266
04/30/2021,ADQ,AK,AAL,WE,Federal Contract Tower,6,3,1,3,13,0,3,68,32,103,6,6,69,35,116,4,58,62,178
05/01/2021,ADQ,AK,AAL,WE,Federal Contract Tower,6,4,2,2,14,0,2,53,6,61,6,6,55,8,75,14,0,14,89
05/02/2021,ADQ,AK,AAL,WE,Federal Contract Tower,6,6,0,1,13,0,0,17,2,19,6,6,17,3,32,0,0,0,32
05/03/2021,ADQ,AK,AAL,WE,Federal Contract Tower,6,6,0,4,16,0,0,13,4,17,6,6,13,8,33,0,18,18,51
05/04/2021,ADQ,AK,AAL,WE,Federal Contract Tower,4,3,2,11,20,0,2,69,19,90,4,5,71,30,110,24,30,54,164
05/05/2021,ADQ,AK,AAL,WE,Federal Contract Tower,5,4,3,6,18,1,2,76,28,107,6,6,79,34,125,0,10,10,135
05/06/2021,ADQ,AK,AAL,WE,Federal Contract Tower,3,2,1,2,8,1,2,60,56,119,4,4,61,58,127,4,46,50,177
05/07/2021,ADQ,AK,AAL,WE,Federal Contract Tower,6,4,6,4,20,0,1,28,11,40,6,5,34,15,60,30,24,54,114
05/08/2021,ADQ,AK,AAL,WE,Federal Contract Tower,6,4,8,1,19,0,0,14,8,22,6,4,22,9,41,0,0,0,41
05/09/2021,ADQ,AK,AAL,WE,Federal Contract Tower,3,5,3,9,20,1,0,16,6,23,4,5,19,15,43,0,0,0,43
05/10/2021,ADQ,AK,AAL,WE,Federal Contract Tower,6,4,18,23,51,0,0,17,4,21,6,4,35,27,72,0,0,0,72
05/11/2021,ADQ,AK,AAL,WE,Federal Contract Tower,4,3,2,9,18,0,5,54,39,98,4,8,56,48,116,6,66,72,188
05/12/2021,ADQ,AK,AAL,WE,Federal Contract Tower,6,9,3,2,20,0,0,51,40,91,6,9,54,42,111,0,46,46,157
05/13/2021,ADQ,AK,AAL,WE,Federal Contract Tower,4,3,0,7,14,0,1,53,46,100,4,4,53,53,114,0,32,32,146
05/14/2021,ADQ,AK,AAL,WE,Federal Contract Tower,6,4,14,9,33,0,0,6,3,9,6,4,20,12,42,0,2,2,44
05/15/2021,ADQ,AK,AAL,WE,Federal Contract Tower,5,2,0,2,9,0,0,54,7,61,5,2,54,9,70,2,18,20,90
05/16/2021,ADQ,AK,AAL,WE,Federal Contract Tower,6,5,1,6,18,1,1,36,8,46,7,6,37,14,64,12,14,26,90
05/17/2021,ADQ,AK,AAL,WE,Federal Contract Tower,6,4,1,6,17,2,2,62,27,93,8,6,63,33,110,0,8,8,118
05/18/2021,ADQ,AK,AAL,WE,Federal Contract Tower,4,9,0,2,15,0,3,89,34,126,4,12,89,36,141,14,80,94,235
05/19/2021,ADQ,AK,AAL,WE,Federal Contract Tower,6,6,3,4,19,0,0,26,7,33,6,6,29,11,52,0,28,28,80
05/20/2021,ADQ,AK,AAL,WE,Federal Contract Tower,5,7,0,1,13,0,0,0,0,0,5,7,0,1,13,0,0,0,13
05/21/2021,ADQ,AK,AAL,WE,Federal Contract Tower,4,4,0,2,10,1,0,61,12,74,5,4,61,14,84,0,60,60,144
05/22/2021,ADQ,AK,AAL,WE,Federal Contract Tower,7,0,0,0,7,0,2,71,4,77,7,2,71,4,84,6,0,6,90
05/23/2021,ADQ,AK,AAL,WE,Federal Contract Tower,5,2,0,0,7,1,4,46,11,62,6,6,46,11,69,0,10,10,79
05/24/2021,ADQ,AK,AAL,WE,Federal Contract Tower,5,3,0,0,8,1,4,77,25,107,6,7,77,25,115,18,56,74,189
05/25/2021,ADQ,AK,AAL,WE,Federal Contract Tower,5,3,2,0,10,0,3,65,25,93,5,6,67,25,103,26,80,106,209
05/26/2021,ADQ,AK,AAL,WE,Federal Contract Tower,5,5,2,0,12,0,1,77,20,98,5,6,79,20,110,0,28,28,138
05/27/2021,ADQ,AK,AAL,WE,Federal Contract Tower,5,4,0,1,10,0,2,43,21,66,5,6,43,22,76,0,40,40,116
05/28/2021,ADQ,AK,AAL,WE,Federal Contract Tower,5,5,15,1,26,0,0,35,3,38,5,5,50,4,64,0,10,10,74
05/29/2021,ADQ,AK,AAL,WE,Federal Contract Tower,6,4,2,4,16,0,0,0,0,0,6,4,2,4,16,0,0,0,16
05/30/2021,ADQ,AK,AAL,WE,Federal Contract Tower,5,6,4,1,16,0,1,51,3,55,5,7,55,4,71,4,0,4,75
05/31/2021,ADQ,AK,AAL,WE,Federal Contract Tower,6,3,6,0,15,0,0,2,0,2,6,3,8,0,17,0,0,0,17
06/01/2021,ADQ,AK,AAL,WE,Federal Contract Tower,6,8,4,7,25,0,1,52,11,64,6,9,56,18,89,0,28,28,117
06/02/2021,ADQ,AK,AAL,WE,Federal Contract Tower,5,3,11,2,21,1,4,70,24,99,6,7,81,26,120,8,26,34,154
06/03/2021,ADQ,AK,AAL,WE,Federal Contract Tower,5,5,0,2,12,0,3,57,22,82,5,8,57,24,94,0,40,40,134
06/04/2021,ADQ,AK,AAL,WE,Federal Contract Tower,4,1,0,4,9,1,3,77,17,98,5,4,77,21,107,26,26,52,159
06/05/2021,ADQ,AK,AAL,WE,Federal Contract Tower,6,1,0,0,7,1,0,45,7,53,7,1,45,7,60,0,18,18,78
06/06/2021,ADQ,AK,AAL,WE,Federal Contract Tower,4,2,0,0,6,1,4,34,7,46,5,6,34,7,52,0,0,0,52
06/07/2021,ADQ,AK,AAL,WE,Federal Contract Tower,5,2,0,2,9,0,2,73,24,99,5,4,73,26,108,0,68,68,176
06/08/2021,ADQ,AK,AAL,WE,Federal Contract Tower,5,3,0,1,9,0,2,61,24,87,5,5,61,25,96,0,86,86,182
06/09/2021,ADQ,AK,AAL,WE,Federal Contract Tower,5,4,8,2,19,0,0,0,0,0,5,4,8,2,19,0,0,0,19
06/10/2021,ADQ,AK,AAL,WE,Federal Contract Tower,5,9,28,9,51,0,0,28,5,33,5,9,56,14,84,0,0,0,84
06/11/2021,ADQ,AK,AAL,WE,Federal Contract Tower,4,2,1,2,9,1,2,74,17,94,5,4,75,19,103,0,0,0,103
06/12/2021,ADQ,AK,AAL,WE,Federal Contract Tower,8,1,0,0,9,0,0,58,4,62,8,1,58,4,71,4,12,16,87
06/13/2021,ADQ,AK,AAL,WE,Federal Contract Tower,6,3,0,0,9,1,1,48,7,57,7,4,48,7,66,26,14,40,106
06/14/2021,ADQ,AK,AAL,WE,Federal Contract Tower,10,3,0,0,13,0,4,63,28,95,10,7,63,28,108,4,34,38,146
06/15/2021,ADQ,AK,AAL,WE,Federal Contract Tower,6,4,2,0,12,0,6,78,19,103,6,10,80,19,115,8,30,38,153
06/16/2021,ADQ,AK,AAL,WE,Federal Contract Tower,7,13,6,3,29,0,0,67,14,81,7,13,73,17,110,26,10,36,146
06/17/2021,ADQ,AK,AAL,WE,Federal Contract Tower,6,9,27,6,48,0,0,5,1,6,6,9,32,7,54,0,16,16,70
06/18/2021,ADQ,AK,AAL,WE,Federal Contract Tower,5,6,31,0,42,0,0,3,0,3,5,6,34,0,45,0,0,0,45
06/19/2021,ADQ,AK,AAL,WE,Federal Contract Tower,5,0,3,0,8,0,0,0,0,0,5,0,3,0,8,0,0,0,8
06/20/2021,ADQ,AK,AAL,WE,Federal Contract Tower,8,5,3,0,16,0,0,11,0,11,8,5,14,0,27,0,0,0,27
06/21/2021,ADQ,AK,AAL,WE,Federal Contract Tower,10,5,27,4,46,0,0,17,1,18,10,5,44,5,64,0,0,0,64
06/22/2021,ADQ,AK,AAL,WE,Federal Contract Tower,5,4,9,0,18,0,0,0,0,0,5,4,9,0,18,0,0,0,18
06/23/2021,ADQ,AK,AAL,WE,Federal Contract Tower,4,0,0,1,5,0,0,0,0,0,4,0,0,1,5,0,0,0,5
06/24/2021,ADQ,AK,AAL,WE,Federal Contract Tower,6,10,1,1,18,0,4,89,17,110,6,14,90,18,128,4,36,40,168
06/25/2021,ADQ,AK,AAL,WE,Federal Contract Tower,6,6,0,0,12,0,2,66,9,77,6,8,66,9,89,0,40,40,129
06/26/2021,ADQ,AK,AAL,WE,Federal Contract Tower,7,2,3,0,12,0,0,58,0,58,7,2,61,0,70,0,0,0,70
06/27/2021,ADQ,AK,AAL,WE,Federal Contract Tower,3,2,8,0,13,0,0,24,0,24,3,2,32,0,37,0,0,0,37
06/28/2021,ADQ,AK,AAL,WE,Federal Contract Tower,5,12,0,1,18,0,5,100,25,130,5,17,100,26,148,8,38,46,194
06/29/2021,ADQ,AK,AAL,WE,Federal Contract Tower,6,0,4,1,11,0,6,71,28,105,6,6,75,29,116,0,16,16,132
06/30/2021,ADQ,AK,AAL,WE,Federal Contract Tower,4,2,1,1,8,1,2,81,17,101,5,4,82,18,109,0,0,0,109
07/01/2021,ADQ,AK,AAL,WE,Federal Contract Tower,5,5,5,1,16,0,0,0,0,0,5,5,5,1,16,0,0,0,16
07/02/2021,ADQ,AK,AAL,WE,Federal Contract Tower,5,6,3,2,16,0,1,98,6,105,5,7,101,8,121,0,0,0,121
07/03/2021,ADQ,AK,AAL,WE,Federal Contract Tower,5,0,1,0,6,1,0,67,4,72,6,0,68,4,78,20,0,20,98
07/04/2021,ADQ,AK,AAL,WE,Federal Contract Tower,5,8,1,1,15,0,0,6,0,6,5,8,7,1,21,4,0,4,25
07/05/2021,ADQ,AK,AAL,WE,Federal Contract Tower,9,1,0,2,12,1,3,68,3,75,10,4,68,5,87,12,0,12,99
07/06/2021,ADQ,AK,AAL,WE,Federal Contract Tower,5,3,0,4,12,0,4,66,37,107,5,7,66,41,119,0,82,82,201
07/07/2021,ADQ,AK,AAL,WE,Federal Contract Tower,5,7,1,1,14,4,2,65,30,101,9,9,66,31,115,6,28,34,149
07/08/2021,ADQ,AK,AAL,WE,Federal Contract Tower,9,3,2,1,15,0,3,48,33,84,9,6,50,34,99,0,36,36,135
07/09/2021,ADQ,AK,AAL,WE,Federal Contract Tower,5,4,0,0,9,0,3,35,9,47,5,7,35,9,56,0,16,16,72
07/10/2021,ADQ,AK,AAL,WE,Federal Contract Tower,7,0,0,2,9,0,0,19,3,22,7,0,19,5,31,0,6,6,37
07/11/2021,ADQ,AK,AAL,WE,Federal Contract Tower,5,4,8,0,17,0,0,14,0,14,5,4,22,0,31,0,0,0,31
07/12/2021,ADQ,AK,AAL,WE,Federal Contract Tower,6,6,0,2,14,0,1,47,9,57,6,7,47,11,71,2,24,26,97
07/13/2021,ADQ,AK,AAL,WE,Federal Contract Tower,6,4,4,0,14,0,0,64,25,89,6,4,68,25,103,22,102,124,227
07/14/2021,ADQ,AK,AAL,WE,Federal Contract Tower,4,6,1,1,12,1,3,70,7,81,5,9,71,8,93,14,14,28,121
07/15/2021,ADQ,AK,AAL,WE,Federal Contract Tower,4,5,0,0,9,0,4,69,7,80,4,9,69,7,89,18,0,18,107
07/16/2021,ADQ,AK,AAL,WE,Federal Contract Tower,5,2,0,0,7,0,5,63,6,74,5,7,63,6,81,4,2,6,87
07/17/2021,ADQ,AK,AAL,WE,Federal Contract Tower,6,3,0,1,10,1,0,62,7,70,7,3,62,8,80,0,0,0,80
07/18/2021,ADQ,AK,AAL,WE,Federal Contract Tower,6,4,3,0,13,0,1,42,4,47,6,5,45,4,60,12,0,12,72
07/19/2021,ADQ,AK,AAL,WE,Federal Contract Tower,5,6,2,2,15,1,4,67,36,108,6,10,69,38,123,0,44,44,167
07/20/2021,ADQ,AK,AAL,WE,Federal Contract Tower,5,6,0,3,14,0,2,44,11,57,5,8,44,14,71,0,0,0,71
07/21/2021,ADQ,AK,AAL,WE,Federal Contract Tower,5,7,2,0,14,0,0,47,13,60,5,7,49,13,74,0,28,28,102
07/22/2021,ADQ,AK,AAL,WE,Federal Contract Tower,6,7,1,7,21,0,0,8,16,24,6,7,9,23,45,0,26,26,71
07/23/2021,ADQ,AK,AAL,WE,Federal Contract Tower,8,7,6,3,24,0,0,41,1,42,8,7,47,4,66,0,0,0,66
07/24/2021,ADQ,AK,AAL,WE,Federal Contract Tower,8,0,1,2,11,0,0,56,9,65,8,0,57,11,76,30,24,54,130
07/25/2021,ADQ,AK,AAL,WE,Federal Contract Tower,3,4,12,0,19,0,0,25,3,28,3,4,37,3,47,0,0,0,47
07/26/2021,ADQ,AK,AAL,WE,Federal Contract Tower,5,3,0,0,8,0,3,64,15,82,5,6,64,15,90,6,28,34,124
07/27/2021,ADQ,AK,AAL,WE,Federal Contract Tower,5,3,2,1,11,1,4,97,27,129,6,7,99,28,140,4,98,102,242
07/28/2021,ADQ,AK,AAL,WE,Federal Contract Tower,5,4,2,2,13,0,4,77,10,91,5,8,79,12,104,0,0,0,104
07/29/2021,ADQ,AK,AAL,WE,Federal Contract Tower,5,9,1,0,15,0,2,67,12,81,5,11,68,12,96,30,36,66,162
07/30/2021,ADQ,AK,AAL,WE,Federal Contract Tower,5,3,0,1,9,0,2,53,13,68,5,5,53,14,77,0,4,4,81
07/31/2021,ADQ,AK,AAL,WE,Federal Contract Tower,6,4,10,1,21,0,0,30,0,30,6,4,40,1,51,8,0,8,59
08/01/2021,ADQ,AK,AAL,WE,Federal Contract Tower,2,7,5,0,14,0,0,22,0,22,2,7,27,0,36,10,0,10,46
08/02/2021,ADQ,AK,AAL,WE,Federal Contract Tower,6,11,4,2,23,0,1,46,10,57,6,12,50,12,80,0,4,4,84
08/03/2021,ADQ,AK,AAL,WE,Federal Contract Tower,6,3,0,0,9,0,1,79,17,97,6,4,79,17,106,0,16,16,122
08/04/2021,ADQ,AK,AAL,WE,Federal Contract Tower,6,6,3,0,15,0,2,66,30,98,6,8,69,30,113,0,38,38,151
08/05/2021,ADQ,AK,AAL,WE,Federal Contract Tower,5,6,4,4,19,0,3,55,10,68,5,9,59,14,87,0,12,12,99
08/06/2021,ADQ,AK,AAL,WE,Federal Contract Tower,5,5,2,1,13,1,2,62,8,73,6,7,64,9,86,14,4,18,104
08/07/2021,ADQ,AK,AAL,WE,Federal Contract Tower,8,3,6,1,18,0,2,40,7,49,8,5,46,8,67,6,8,14,81
08/08/2021,ADQ,AK,AAL,WE,Federal Contract Tower,5,9,1,1,16,1,1,36,7,45,6,10,37,8,61,0,0,0,61
08/09/2021,ADQ,AK,AAL,WE,Federal Contract Tower,5,6,0,3,14,1,2,24,14,41,6,8,24,17,55,0,30,30,85
08/10/2021,ADQ,AK,AAL,WE,Federal Contract Tower,4,4,0,1,9,1,3,72,16,92,5,7,72,17,101,0,18,18,119
08/11/2021,ADQ,AK,AAL,WE,Federal Contract Tower,6,3,4,2,15,0,1,20,2,23,6,4,24,4,38,0,0,0,38
08/12/2021,ADQ,AK,AAL,WE,Federal Contract Tower,5,1,3,1,10,0,3,66,19,88,5,4,69,20,98,4,8,12,110
08/13/2021,ADQ,AK,AAL,WE,Federal Contract Tower,5,4,1,1,11,0,2,51,3,56,5,6,52,4,67,0,0,0,67
08/14/2021,ADQ,AK,AAL,WE,Federal Contract Tower,7,2,1,0,10,0,0,68,3,71,7,2,69,3,81,10,0,10,91
08/15/2021,ADQ,AK,AAL,WE,Federal Contract Tower,5,0,2,0,7,1,4,41,3,49,6,4,43,3,56,0,0,0,56
08/16/2021,ADQ,AK,AAL,WE,Federal Contract Tower,7,6,1,1,15,0,6,59,4,69,7,12,60,5,84,0,0,0,84
08/17/2021,ADQ,AK,AAL,WE,Federal Contract Tower,6,5,3,4,18,0,0,40,11,51,6,5,43,15,69,4,6,10,79
08/18/2021,ADQ,AK,AAL,WE,Federal Contract Tower,5,3,0,0,8,0,4,89,24,117,5,7,89,24,125,0,4,4,129
08/19/2021,ADQ,AK,AAL,WE,Federal Contract Tower,3,6,0,1,10,1,3,81,15,100,4,9,81,16,110,0,22,22,132
08/20/2021,ADQ,AK,AAL,WE,Federal Contract Tower,5,7,1,1,14,1,2,70,11,84,6,9,71,12,98,0,10,10,108
08/21/2021,ADQ,AK,AAL,WE,Federal Contract Tower,5,3,3,1,12,0,0,66,12,78,5,3,69,13,90,0,0,0,90
08/22/2021,ADQ,AK,AAL,WE,Federal Contract Tower,5,0,2,0,7,0,2,5,3,10,5,2,7,3,17,0,6,6,23
08/23/2021,ADQ,AK,AAL,WE,Federal Contract Tower,6,7,0,0,13,0,2,49,18,69,6,9,49,18,82,0,0,0,82
08/24/2021,ADQ,AK,AAL,WE,Federal Contract Tower,5,4,1,1,11,1,2,74,15,92,6,6,75,16,103,0,32,32,135
08/25/2021,ADQ,AK,AAL,WE,Federal Contract Tower,6,5,2,2,15,0,2,60,21,83,6,7,62,23,98,0,32,32,130
08/26/2021,ADQ,AK,AAL,WE,Federal Contract Tower,4,4,1,2,11,0,4,42,6,52,4,8,43,8,63,0,0,0,63
08/27/2021,ADQ,AK,AAL,WE,Federal Contract Tower,5,3,5,0,13,1,4,43,9,57,6,7,48,9,70,0,28,28,98
08/28/2021,ADQ,AK,AAL,WE,Federal Contract Tower,6,4,0,0,10,0,3,54,6,63,6,7,54,6,73,0,0,0,73
08/29/2021,ADQ,AK,AAL,WE,Federal Contract Tower,5,2,0,0,7,0,6,53,9,68,5,8,53,9,75,0,0,0,75
08/30/2021,ADQ,AK,AAL,WE,Federal Contract Tower,6,3,1,0,10,0,2,76,7,85,6,5,77,7,95,0,0,0,95
08/31/2021,ADQ,AK,AAL,WE,Federal Contract Tower,6,6,6,1,19,0,0,31,4,35,6,6,37,5,54,0,24,24,78
09/01/2021,ADQ,AK,AAL,WE,Federal Contract Tower,3,3,1,0,7,0,0,0,0,0,3,3,1,0,7,0,0,0,7
09/02/2021,ADQ,AK,AAL,WE,Federal Contract Tower,2,7,2,0,11,1,2,46,20,69,3,9,48,20,80,0,28,28,108
09/03/2021,ADQ,AK,AAL,WE,Federal Contract Tower,6,8,17,0,31,0,0,0,0,0,6,8,17,0,31,0,0,0,31
09/04/2021,ADQ,AK,AAL,WE,Federal Contract Tower,2,5,15,1,23,0,0,37,1,38,2,5,52,2,61,0,0,0,61
09/05/2021,ADQ,AK,AAL,WE,Federal Contract Tower,6,9,0,0,15,0,4,47,5,56,6,13,47,5,71,0,12,12,83
09/06/2021,ADQ,AK,AAL,WE,Federal Contract Tower,7,1,1,0,9,1,3,60,6,70,8,4,61,6,79,6,0,6,85
09/07/2021,ADQ,AK,AAL,WE,Federal Contract Tower,6,1,0,0,7,0,3,64,25,92,6,4,64,25,99,0,26,26,125
09/08/2021,ADQ,AK,AAL,WE,Federal Contract Tower,5,3,3,4,15,1,4,56,2,63,6,7,59,6,78,0,0,0,78
09/09/2021,ADQ,AK,AAL,WE,Federal Contract Tower,1,7,0,0,8,0,0,0,1,1,1,7,0,1,9,0,0,0,9
09/10/2021,ADQ,AK,AAL,WE,Federal Contract Tower,5,5,1,3,14,1,5,75,25,106,6,10,76,28,120,4,78,82,202
09/11/2021,ADQ,AK,AAL,WE,Federal Contract Tower,8,1,0,2,11,0,0,65,8,73,8,1,65,10,84,4,16,20,104
09/12/2021,ADQ,AK,AAL,WE,Federal Contract Tower,6,7,0,0,13,0,0,6,2,8,6,7,6,2,21,0,0,0,21
09/13/2021,ADQ,AK,AAL,WE,Federal Contract Tower,6,4,1,1,12,0,1,46,18,65,6,5,47,19,77,0,44,44,121
09/14/2021,ADQ,AK,AAL,WE,Federal Contract Tower,5,3,1,0,9,0,2,41,5,48,5,5,42,5,57,0,8,8,65
09/15/2021,ADQ,AK,AAL,WE,Federal Contract Tower,3,8,6,3,20,1,1,28,12,42,4,9,34,15,62,0,60,60,122
09/16/2021,ADQ,AK,AAL,WE,Federal Contract Tower,6,7,0,0,13,0,0,0,2,2,6,7,0,2,15,0,0,0,15
09/17/2021,ADQ,AK,AAL,WE,Federal Contract Tower,5,4,0,1,10,1,5,65,16,87,6,9,65,17,97,0,58,58,155
09/18/2021,ADQ,AK,AAL,WE,Federal Contract Tower,10,3,0,0,13,0,2,51,6,59,10,5,51,6,72,0,4,4,76
09/19/2021,ADQ,AK,AAL,WE,Federal Contract Tower,6,2,1,0,9,0,4,40,6,50,6,6,41,6,59,0,20,20,79
09/20/2021,ADQ,AK,AAL,WE,Federal Contract Tower,5,4,0,1,10,0,2,29,12,43,5,6,29,13,53,0,36,36,89
09/21/2021,ADQ,AK,AAL,WE,Federal Contract Tower,4,0,0,0,4,0,3,0,1,4,4,3,0,1,8,0,0,0,8
09/22/2021,ADQ,AK,AAL,WE,Federal Contract Tower,5,4,0,2,11,0,4,62,12,78,5,8,62,14,89,0,18,18,107
09/23/2021,ADQ,AK,AAL,WE,Federal Contract Tower,5,5,0,3,13,0,0,0,4,4,5,5,0,7,17,0,42,42,59
09/24/2021,ADQ,AK,AAL,WE,Federal Contract Tower,0,1,0,0,1,0,4,25,0,29,0,5,25,0,30,0,0,0,30
09/25/2021,ADQ,AK,AAL,WE,Federal Contract Tower,7,2,2,0,11,0,17,68,5,90,7,19,70,5,101,0,2,2,103
09/26/2021,ADQ,AK,AAL,WE,Federal Contract Tower,6,2,1,1,10,0,7,47,3,57,6,9,48,4,67,0,0,0,67
09/27/2021,ADQ,AK,AAL,WE,Federal Contract Tower,6,1,1,1,9,1,3,60,23,87,7,4,61,24,96,0,4,4,100
09/28/2021,ADQ,AK,AAL,WE,Federal Contract Tower,6,3,3,2,14,0,6,50,23,79,6,9,53,25,93,0,50,50,143
09/29/2021,ADQ,AK,AAL,WE,Federal Contract Tower,5,1,1,1,8,0,3,52,18,73,5,4,53,19,81,0,0,0,81
09/30/2021,ADQ,AK,AAL,WE,Federal Contract Tower,6,7,0,2,15,0,0,23,14,37,6,7,23,16,52,0,34,34,86
10/01/2021,ADQ,AK,AAL,WE,Federal Contract Tower,5,8,0,3,16,1,6,33,4,44,6,14,33,7,60,0,18,18,78
10/02/2021,ADQ,AK,AAL,WE,Federal Contract Tower,2,0,0,0,2,0,0,0,0,0,2,0,0,0,2,0,0,0,2
10/03/2021,ADQ,AK,AAL,WE,Federal Contract Tower,3,7,0,2,12,1,1,24,5,31,4,8,24,7,43,0,0,0,43
10/04/2021,ADQ,AK,AAL,WE,Federal Contract Tower,8,7,0,0,15,0,5,60,19,84,8,12,60,19,99,0,14,14,113
10/05/2021,ADQ,AK,AAL,WE,Federal Contract Tower,5,2,2,2,11,0,2,43,13,58,5,4,45,15,69,0,10,10,79
10/06/2021,ADQ,AK,AAL,WE,Federal Contract Tower,4,5,0,2,11,0,1,29,16,46,4,6,29,18,57,0,30,30,87
10/07/2021,ADQ,AK,AAL,WE,Federal Contract Tower,4,5,0,1,10,0,4,57,9,70,4,9,57,10,80,4,12,16,96
10/08/2021,ADQ,AK,AAL,WE,Federal Contract Tower,7,4,0,0,11,1,2,41,16,60,8,6,41,16,71,0,0,0,71
10/09/2021,ADQ,AK,AAL,WE,Federal Contract Tower,5,3,0,1,9,0,1,0,0,1,5,4,0,1,10,0,0,0,10
10/10/2021,ADQ,AK,AAL,WE,Federal Contract Tower,4,2,0,0,6,1,5,41,10,57,5,7,41,10,63,0,22,22,85
10/11/2021,ADQ,AK,AAL,WE,Federal Contract Tower,6,4,0,3,13,0,0,22,3,25,6,4,22,6,38,0,0,0,38
10/12/2021,ADQ,AK,AAL,WE,Federal Contract Tower,6,2,0,2,10,1,3,40,16,60,7,5,40,18,70,0,50,50,120
10/13/2021,ADQ,AK,AAL,WE,Federal Contract Tower,4,2,0,1,7,1,2,33,26,62,5,4,33,27,69,0,4,4,73
10/14/2021,ADQ,AK,AAL,WE,Federal Contract Tower,4,1,1,2,8,0,3,45,18,66,4,4,46,20,74,0,26,26,100
10/15/2021,ADQ,AK,AAL,WE,Federal Contract Tower,5,4,0,1,10,1,3,60,10,74,6,7,60,11,84,0,8,8,92
10/16/2021,ADQ,AK,AAL,WE,Federal Contract Tower,6,0,1,0,7,0,0,59,5,64,6,0,60,5,71,0,6,6,77
10/17/2021,ADQ,AK,AAL,WE,Federal Contract Tower,4,0,2,0,6,0,0,0,0,0,4,0,2,0,6,0,0,0,6
10/18/2021,ADQ,AK,AAL,WE,Federal Contract Tower,6,11,0,1,18,0,1,0,4,5,6,12,0,5,23,0,8,8,31
10/19/2021,ADQ,AK,AAL,WE,Federal Contract Tower,7,5,0,2,14,0,3,58,3,64,7,8,58,5,78,0,0,0,78
10/20/2021,ADQ,AK,AAL,WE,Federal Contract Tower,5,4,0,6,15,0,1,41,10,52,5,5,41,16,67,6,10,16,83
10/21/2021,ADQ,AK,AAL,WE,Federal Contract Tower,4,5,0,4,13,0,0,58,7,65,4,5,58,11,78,2,10,12,90
10/22/2021,ADQ,AK,AAL,WE,Federal Contract Tower,6,7,2,2,17,0,2,32,12,46,6,9,34,14,63,0,68,68,131
10/23/2021,ADQ,AK,AAL,WE,Federal Contract Tower,6,0,0,1,7,0,0,27,2,29,6,0,27,3,36,0,0,0,36
10/24/2021,ADQ,AK,AAL,WE,Federal Contract Tower,4,6,0,0,10,0,2,29,3,34,4,8,29,3,44,0,0,0,44
10/25/2021,ADQ,AK,AAL,WE,Federal Contract Tower,4,13,0,1,18,0,2,54,18,74,4,15,54,19,92,2,40,42,134
10/26/2021,ADQ,AK,AAL,WE,Federal Contract Tower,6,4,0,1,11,1,2,27,20,50,7,6,27,21,61,0,8,8,69
10/27/2021,ADQ,AK,AAL,WE,Federal Contract Tower,5,1,0,2,8,0,3,51,29,83,5,4,51,31,91,0,40,40,131
10/28/2021,ADQ,AK,AAL,WE,Federal Contract Tower,4,5,0,0,9,0,3,65,25,93,4,8,65,25,102,2,26,28,130
10/29/2021,ADQ,AK,AAL,WE,Federal Contract Tower,5,7,2,2,16,0,0,8,1,9,5,7,10,3,25,0,0,0,25
10/30/2021,ADQ,AK,AAL,WE,Federal Contract Tower,2,1,0,0,3,0,0,0,0,0,2,1,0,0,3,0,0,0,3
10/31/2021,ADQ,AK,AAL,WE,Federal Contract Tower,3,6,4,3,16,0,0,12,2,14,3,6,16,5,30,0,0,0,30
11/01/2021,ADQ,AK,AAL,WE,Federal Contract Tower,6,7,0,2,15,0,0,63,11,74,6,7,63,13,89,0,20,20,109
11/02/2021,ADQ,AK,AAL,WE,Federal Contract Tower,8,3,2,1,14,0,3,64,18,85,8,6,66,19,99,0,6,6,105
11/03/2021,ADQ,AK,AAL,WE,Federal Contract Tower,4,5,2,2,13,0,1,36,17,54,4,6,38,19,67,2,10,12,79
11/04/2021,ADQ,AK,AAL,WE,Federal Contract Tower,2,9,0,3,14,0,5,55,1,61,2,14,55,4,75,0,0,0,75
11/05/2021,ADQ,AK,AAL,WE,Federal Contract Tower,3,7,0,0,10,0,2,43,14,59,3,9,43,14,69,4,30,34,103
11/06/2021,ADQ,AK,AAL,WE,Federal Contract Tower,6,1,3,0,10,0,3,49,11,63,6,4,52,11,73,4,0,4,77
11/07/2021,ADQ,AK,AAL,WE,Federal Contract Tower,4,7,0,2,13,0,0,30,3,33,4,7,30,5,46,0,8,8,54
11/08/2021,ADQ,AK,AAL,WE,Federal Contract Tower,6,5,4,0,15,1,3,41,47,92,7,8,45,47,107,4,46,50,157
11/09/2021,ADQ,AK,AAL,WE,Federal Contract Tower,3,3,2,1,9,0,2,45,30,77,3,5,47,31,86,0,60,60,146
11/10/2021,ADQ,AK,AAL,WE,Federal Contract Tower,4,6,2,2,14,0,1,13,12,26,4,7,15,14,40,0,18,18,58
11/11/2021,ADQ,AK,AAL,WE,Federal Contract Tower,2,11,0,2,15,0,0,47,2,49,2,11,47,4,64,0,0,0,64
11/12/2021,ADQ,AK,AAL,WE,Federal Contract Tower,4,3,0,1,8,0,4,53,6,63,4,7,53,7,71,8,0,8,79
11/13/2021,ADQ,AK,AAL,WE,Federal Contract Tower,6,3,0,0,9,0,0,51,4,55,6,3,51,4,64,0,0,0,64
11/14/2021,ADQ,AK,AAL,WE,Federal Contract Tower,4,3,0,0,7,0,5,49,2,56,4,8,49,2,63,0,22,22,85
11/15/2021,ADQ,AK,AAL,WE,Federal Contract Tower,3,5,1,1,10,0,3,64,22,89,3,8,65,23,99,6,30,36,135
11/16/2021,ADQ,AK,AAL,WE,Federal Contract Tower,5,6,1,3,15,0,2,38,0,40,5,8,39,3,55,0,0,0,55
11/17/2021,ADQ,AK,AAL,WE,Federal Contract Tower,3,3,0,0,6,0,3,12,8,23,3,6,12,8,29,0,12,12,41
11/18/2021,ADQ,AK,AAL,WE,Federal Contract Tower,0,7,0,2,9,0,5,40,4,49,0,12,40,6,58,0,52,52,110
11/19/2021,ADQ,AK,AAL,WE,Federal Contract Tower,5,11,0,3,19,0,2,72,20,94,5,13,72,23,113,0,28,28,141
11/20/2021,ADQ,AK,AAL,WE,Federal Contract Tower,4,2,0,0,6,0,0,0,0,0,4,2,0,0,6,0,0,0,6
11/21/2021,ADQ,AK,AAL,WE,Federal Contract Tower,5,7,0,2,14,0,1,66,4,71,5,8,66,6,85,0,18,18,103
11/22/2021,ADQ,AK,AAL,WE,Federal Contract Tower,4,3,0,0,7,0,2,34,28,64,4,5,34,28,71,0,10,10,81
11/23/2021,ADQ,AK,AAL,WE,Federal Contract Tower,4,6,0,0,10,0,1,46,25,72,4,7,46,25,82,0,78,78,160
11/24/2021,ADQ,AK,AAL,WE,Federal Contract Tower,4,5,4,1,14,0,5,34,14,53,4,10,38,15,67,0,20,20,87
11/25/2021,ADQ,AK,AAL,WE,Federal Contract Tower,1,0,0,0,1,0,1,0,0,1,1,1,0,0,2,0,0,0,2
11/26/2021,ADQ,AK,AAL,WE,Federal Contract Tower,3,4,0,3,10,0,5,28,0,33,3,9,28,3,43,0,0,0,43
11/27/2021,ADQ,AK,AAL,WE,Federal Contract Tower,7,2,0,0,9,0,0,55,4,59,7,2,55,4,68,6,0,6,74
11/28/2021,ADQ,AK,AAL,WE,Federal Contract Tower,6,2,0,0,8,0,6,39,2,47,6,8,39,2,55,0,0,0,55
11/29/2021,ADQ,AK,AAL,WE,Federal Contract Tower,1,2,0,0,3,0,0,0,8,8,1,2,0,8,11,0,0,0,11
11/30/2021,ADQ,AK,AAL,WE,Federal Contract Tower,0,10,0,0,10,0,11,39,35,85,0,21,39,35,95,0,36,36,131
12/01/2021,ADQ,AK,AAL,WE,Federal Contract Tower,2,8,2,2,14,0,0,1,1,2,2,8,3,3,16,0,0,0,16
12/02/2021,ADQ,AK,AAL,WE,Federal Contract Tower,5,6,0,0,11,0,11,8,15,34,5,17,8,15,45,2,10,12,57
12/03/2021,ADQ,AK,AAL,WE,Federal Contract Tower,4,6,0,2,12,0,6,65,18,89,4,12,65,20,101,0,12,12,113
12/04/2021,ADQ,AK,AAL,WE,Federal Contract Tower,6,5,0,0,11,0,2,61,8,71,6,7,61,8,82,2,0,2,84
12/05/2021,ADQ,AK,AAL,WE,Federal Contract Tower,8,10,0,2,20,0,2,13,4,19,8,12,13,6,39,0,20,20,59
12/06/2021,ADQ,AK,AAL,WE,Federal Contract Tower,5,8,0,0,13,0,1,0,11,12,5,9,0,11,25,0,12,12,37
12/07/2021,ADQ,AK,AAL,WE,Federal Contract Tower,2,0,0,0,2,0,0,0,0,0,2,0,0,0,2,0,0,0,2
12/08/2021,ADQ,AK,AAL,WE,Federal Contract Tower,4,5,1,1,11,0,6,4,30,40,4,11,5,31,51,0,72,72,123
12/09/2021,ADQ,AK,AAL,WE,Federal Contract Tower,5,6,0,1,12,0,5,3,17,25,5,11,3,18,37,0,46,46,83
12/10/2021,ADQ,AK,AAL,WE,Federal Contract Tower,6,11,0,0,17,0,3,11,3,17,6,14,11,3,34,0,0,0,34
12/11/2021,ADQ,AK,AAL,WE,Federal Contract Tower,0,0,1,0,1,0,0,0,0,0,0,0,1,0,1,0,0,0,1
12/12/2021,ADQ,AK,AAL,WE,Federal Contract Tower,1,3,0,0,4,0,0,2,1,3,1,3,2,1,7,0,0,0,7
12/13/2021,ADQ,AK,AAL,WE,Federal Contract Tower,6,11,2,3,22,0,3,50,7,60,6,14,52,10,82,0,4,4,86
12/14/2021,ADQ,AK,AAL,WE,Federal Contract Tower,4,7,0,0,11,0,4,51,29,84,4,11,51,29,95,0,48,48,143
12/15/2021,ADQ,AK,AAL,WE,Federal Contract Tower,4,3,0,2,9,0,3,54,20,77,4,6,54,22,86,0,18,18,104
12/16/2021,ADQ,AK,AAL,WE,Federal Contract Tower,3,5,5,2,15,0,0,0,0,0,3,5,5,2,15,0,0,0,15
12/17/2021,ADQ,AK,AAL,WE,Federal Contract Tower,10,5,2,0,17,0,9,41,14,64,10,14,43,14,81,0,24,24,105
12/18/2021,ADQ,AK,AAL,WE,Federal Contract Tower,5,3,0,0,8,0,2,42,2,46,5,5,42,2,54,0,0,0,54
12/19/2021,ADQ,AK,AAL,WE,Federal Contract Tower,8,4,0,0,12,0,9,31,6,46,8,13,31,6,58,0,32,32,90
12/20/2021,ADQ,AK,AAL,WE,Federal Contract Tower,5,6,0,4,15,0,9,43,9,61,5,15,43,13,76,0,38,38,114
12/21/2021,ADQ,AK,AAL,WE,Federal Contract Tower,2,3,0,1,6,2,6,36,11,55,4,9,36,12,61,0,12,12,73
12/22/2021,ADQ,AK,AAL,WE,Federal Contract Tower,4,5,0,0,9,0,4,29,8,41,4,9,29,8,50,0,4,4,54
12/23/2021,ADQ,AK,AAL,WE,Federal Contract Tower,4,2,0,0,6,0,7,0,0,7,4,9,0,0,13,0,0,0,13
12/24/2021,ADQ,AK,AAL,WE,Federal Contract Tower,4,3,0,0,7,0,4,24,2,30,4,7,24,2,37,0,0,0,37
12/25/2021,ADQ,AK,AAL,WE,Federal Contract Tower,2,0,0,0,2,0,0,0,0,0,2,0,0,0,2,0,0,0,2
12/26/2021,ADQ,AK,AAL,WE,Federal Contract Tower,3,2,0,0,5,0,2,25,2,29,3,4,25,2,34,0,6,6,40
12/27/2021,ADQ,AK,AAL,WE,Federal Contract Tower,5,5,0,0,10,1,5,31,13,50,6,10,31,13,60,18,34,52,112
12/28/2021,ADQ,AK,AAL,WE,Federal Contract Tower,3,2,0,0,5,1,3,31,15,50,4,5,31,15,55,0,18,18,73
12/29/2021,ADQ,AK,AAL,WE,Federal Contract Tower,4,3,0,1,8,0,3,35,9,47,4,6,35,10,55,0,2,2,57
12/30/2021,ADQ,AK,AAL,WE,Federal Contract Tower,4,6,0,0,10,0,1,27,6,34,4,7,27,6,44,0,8,8,52
12/31/2021,ADQ,AK,AAL,WE,Federal Contract Tower,4,3,0,1,8,0,3,12,2,17,4,6,12,3,25,0,0,0,25
01/01/2022,ADQ,AK,AAL,WE,Federal Contract Tower,2,0,0,0,2,0,0,0,0,0,2,0,0,0,2,0,0,0,2
01/02/2022,ADQ,AK,AAL,WE,Federal Contract Tower,5,4,0,0,9,0,0,0,2,2,5,4,0,2,11,0,0,0,11
01/03/2022,ADQ,AK,AAL,WE,Federal Contract Tower,5,4,0,0,9,0,2,27,4,33,5,6,27,4,42,0,0,0,42
01/04/2022,ADQ,AK,AAL,WE,Federal Contract Tower,3,5,0,1,9,0,2,4,3,9,3,7,4,4,18,0,0,0,18
01/05/2022,ADQ,AK,AAL,WE,Federal Contract Tower,2,7,0,3,12,0,0,11,15,26,2,7,11,18,38,0,40,40,78
01/06/2022,ADQ,AK,AAL,WE,Federal Contract Tower,4,2,1,3,10,0,2,32,16,50,4,4,33,19,60,0,108,108,168
01/07/2022,ADQ,AK,AAL,WE,Federal Contract Tower,3,8,0,2,13,0,4,46,8,58,3,12,46,10,71,0,40,40,111
01/08/2022,ADQ,AK,AAL,WE,Federal Contract Tower,4,3,0,0,7,0,1,15,3,19,4,4,15,3,26,0,0,0,26
01/09/2022,ADQ,AK,AAL,WE,Federal Contract Tower,0,2,0,2,4,0,2,6,4,12,0,4,6,6,16,0,30,30,46
01/10/2022,ADQ,AK,AAL,WE,Federal Contract Tower,6,7,0,2,15,0,6,25,15,46,6,13,25,17,61,0,20,20,81
01/11/2022,ADQ,AK,AAL,WE,Federal Contract Tower,3,6,0,5,14,0,0,0,0,0,3,6,0,5,14,0,0,0,14
01/12/2022,ADQ,AK,AAL,WE,Federal Contract Tower,4,2,0,2,8,0,5,45,12,62,4,7,45,14,70,0,30,30,100
01/13/2022,ADQ,AK,AAL,WE,Federal Contract Tower,2,4,0,0,6,0,0,0,0,0,2,4,0,0,6,0,0,0,6
01/14/2022,ADQ,AK,AAL,WE,Federal Contract Tower,4,6,2,4,16,0,3,24,3,30,4,9,26,7,46,0,14,14,60
01/15/2022,ADQ,AK,AAL,WE,Federal Contract Tower,6,1,0,1,8,0,1,39,7,47,6,2,39,8,55,0,24,24,79
01/16/2022,ADQ,AK,AAL,WE,Federal Contract Tower,4,7,0,0,11,0,4,22,3,29,4,11,22,3,40,0,12,12,52
01/17/2022,ADQ,AK,AAL,WE,Federal Contract Tower,4,3,0,1,8,0,1,34,9,44,4,4,34,10,52,0,0,0,52
01/18/2022,ADQ,AK,AAL,WE,Federal Contract Tower,4,4,0,2,10,0,0,7,2,9,4,4,7,4,19,0,0,0,19
01/19/2022,ADQ,AK,AAL,WE,Federal Contract Tower,4,3,0,3,10,0,1,18,19,38,4,4,18,22,48,0,4,4,52
01/20/2022,ADQ,AK,AAL,WE,Federal Contract Tower,4,9,1,0,14,0,0,10,0,10,4,9,11,0,24,0,0,0,24
01/21/2022,ADQ,AK,AAL,WE,Federal Contract Tower,4,6,0,1,11,0,0,2,6,8,4,6,2,7,19,10,60,70,89
01/22/2022,ADQ,AK,AAL,WE,Federal Contract Tower,3,0,0,0,3,0,0,10,0,10,3,0,10,0,13,0,0,0,13
01/23/2022,ADQ,AK,AAL,WE,Federal Contract Tower,4,10,0,2,16,0,0,2,0,2,4,10,2,2,18,0,0,0,18
01/24/2022,ADQ,AK,AAL,WE,Federal Contract Tower,7,7,0,1,15,0,2,28,31,61,7,9,28,32,76,0,22,22,98
01/25/2022,ADQ,AK,AAL,WE,Federal Contract Tower,3,3,0,1,7,1,2,73,13,89,4,5,73,14,96,0,14,14,110
01/26/2022,ADQ,AK,AAL,WE,Federal Contract Tower,2,4,0,0,6,0,0,0,0,0,2,4,0,0,6,0,0,0,6
01/27/2022,ADQ,AK,AAL,WE,Federal Contract Tower,4,12,0,2,18,0,0,0,3,3,4,12,0,5,21,0,10,10,31
01/28/2022,ADQ,AK,AAL,WE,Federal Contract Tower,4,6,4,1,15,0,1,14,13,28,4,7,18,14,43,0,10,10,53
01/29/2022,ADQ,AK,AAL,WE,Federal Contract Tower,5,4,0,1,10,1,2,31,5,39,6,6,31,6,49,0,12,12,61
01/30/2022,ADQ,AK,AAL,WE,Federal Contract Tower,4,6,0,0,10,0,2,38,4,44,4,8,38,4,54,14,0,14,68
01/31/2022,ADQ,AK,AAL,WE,Federal Contract Tower,4,4,4,5,17,0,2,27,10,39,4,6,31,15,56,0,68,68,124
02/01/2022,ADQ,AK,AAL,WE,Federal Contract Tower,4,3,0,0,7,0,0,0,6,6,4,3,0,6,13,0,44,44,57
02/02/2022,ADQ,AK,AAL,WE,Federal Contract Tower,4,6,6,4,20,0,0,12,7,19,4,6,18,11,39,0,5,5,44
02/03/2022,ADQ,AK,AAL,WE,Federal Contract Tower,4,6,0,2,12,0,0,0,4,4,4,6,0,6,16,0,6,6,22
02/04/2022,ADQ,AK,AAL,WE,Federal Contract Tower,3,3,0,1,7,1,6,41,10,58,4,9,41,11,65,0,64,64,129
02/05/2022,ADQ,AK,AAL,WE,Federal Contract Tower,6,1,1,1,9,0,1,14,3,18,6,2,15,4,27,0,18,18,45
02/06/2022,ADQ,AK,AAL,WE,Federal Contract Tower,4,3,0,1,8,0,3,23,5,31,4,6,23,6,39,0,10,10,49
02/07/2022,ADQ,AK,AAL,WE,Federal Contract Tower,1,3,0,0,4,0,0,2,4,6,1,3,2,4,10,0,2,2,12
02/08/2022,ADQ,AK,AAL,WE,Federal Contract Tower,3,6,1,0,10,0,4,45,2,51,3,10,46,2,61,12,0,12,73
02/09/2022,ADQ,AK,AAL,WE,Federal Contract Tower,4,4,0,1,9,0,6,9,17,32,4,10,9,18,41,16,0,16,57
02/10/2022,ADQ,AK,AAL,WE,Federal Contract Tower,2,3,0,1,6,0,3,44,24,71,2,6,44,25,77,0,16,16,93
02/11/2022,ADQ,AK,AAL,WE,Federal Contract Tower,5,5,2,5,17,0,0,0,0,0,5,5,2,5,17,0,0,0,17
02/12/2022,ADQ,AK,AAL,WE,Federal Contract Tower,5,4,0,1,10,1,6,39,4,50,6,10,39,5,60,0,2,2,62
02/13/2022,ADQ,AK,AAL,WE,Federal Contract Tower,3,3,0,0,6,1,1,23,2,27,4,4,23,2,33,0,10,10,43
02/14/2022,ADQ,AK,AAL,WE,Federal Contract Tower,4,4,0,0,8,0,1,28,4,33,4,5,28,4,41,4,72,76,117
02/15/2022,ADQ,AK,AAL,WE,Federal Contract Tower,3,2,1,1,7,0,3,32,18,53,3,5,33,19,60,2,18,20,80
02/16/2022,ADQ,AK,AAL,WE,Federal Contract Tower,1,6,0,0,7,2,6,63,26,97,3,12,63,26,104,4,86,90,194
02/17/2022,ADQ,AK,AAL,WE,Federal Contract Tower,3,6,0,1,10,1,1,38,24,64,4,7,38,25,74,16,10,26,100
02/18/2022,ADQ,AK,AAL,WE,Federal Contract Tower,4,0,0,0,4,0,4,44,5,53,4,4,44,5,57,4,10,14,71
02/19/2022,ADQ,AK,AAL,WE,Federal Contract Tower,5,0,1,0,6,0,0,40,4,44,5,0,41,4,50,6,0,6,56
02/20/2022,ADQ,AK,AAL,WE,Federal Contract Tower,4,6,0,0,10,0,0,25,3,28,4,6,25,3,38,0,0,0,38
02/21/2022,ADQ,AK,AAL,WE,Federal Contract Tower,4,7,0,0,11,0,3,22,1,26,4,10,22,1,37,0,4,4,41
02/22/2022,ADQ,AK,AAL,WE,Federal Contract Tower,4,1,0,2,7,0,5,50,16,71,4,6,50,18,78,0,24,24,102
02/23/2022,ADQ,AK,AAL,WE,Federal Contract Tower,4,1,0,4,9,0,0,0,0,0,4,1,0,4,9,0,0,0,9
02/24/2022,ADQ,AK,AAL,WE,Federal Contract Tower,4,7,2,2,15,0,0,1,1,2,4,7,3,3,17,0,0,0,17
02/25/2022,ADQ,AK,AAL,WE,Federal Contract Tower,4,12,2,3,21,0,0,9,8,17,4,12,11,11,38,0,30,30,68
02/26/2022,ADQ,AK,AAL,WE,Federal Contract Tower,6,0,0,0,6,0,2,61,8,71,6,2,61,8,77,0,4,4,81
02/27/2022,ADQ,AK,AAL,WE,Federal Contract Tower,3,3,0,0,6,1,4,18,7,30,4,7,18,7,36,0,0,0,36
02/28/2022,ADQ,AK,AAL,WE,Federal Contract Tower,5,3,0,2,10,1,2,34,21,58,6,5,34,23,68,0,26,26,94
03/01/2022,ADQ,AK,AAL,WE,Federal Contract Tower,4,2,0,0,6,0,5,48,20,73,4,7,48,20,79,0,71,71,150
03/02/2022,ADQ,AK,AAL,WE,Federal Contract Tower,4,5,1,3,13,0,1,14,12,27,4,6,15,15,40,6,26,32,72
03/03/2022,ADQ,AK,AAL,WE,Federal Contract Tower,3,1,2,2,8,1,5,55,31,92,4,6,57,33,100,0,50,50,150
03/04/2022,ADQ,AK,AAL,WE,Federal Contract Tower,4,5,0,0,9,0,2,35,23,60,4,7,35,23,69,4,40,44,113
03/05/2022,ADQ,AK,AAL,WE,Federal Contract Tower,6,2,0,2,10,0,0,38,2,40,6,2,38,4,50,0,0,0,50
03/06/2022,ADQ,AK,AAL,WE,Federal Contract Tower,4,4,0,1,9,0,4,21,6,31,4,8,21,7,40,8,2,10,50
03/07/2022,ADQ,AK,AAL,WE,Federal Contract Tower,6,4,0,0,10,0,0,0,0,0,6,4,0,0,10,0,0,0,10
03/08/2022,ADQ,AK,AAL,WE,Federal Contract Tower,4,4,1,6,15,0,0,0,0,0,4,4,1,6,15,0,12,12,27
03/09/2022,ADQ,AK,AAL,WE,Federal Contract Tower,4,5,0,0,9,0,0,0,0,0,4,5,0,0,9,0,0,0,9
03/10/2022,ADQ,AK,AAL,WE,Federal Contract Tower,4,1,0,1,6,0,0,9,11,20,4,1,9,12,26,0,16,16,42
03/11/2022,ADQ,AK,AAL,WE,Federal Contract Tower,4,7,2,6,19,0,1,43,21,65,4,8,45,27,84,0,40,40,124
03/12/2022,ADQ,AK,AAL,WE,Federal Contract Tower,6,2,2,3,13,0,0,28,3,31,6,2,30,6,44,0,24,24,68
03/13/2022,ADQ,AK,AAL,WE,Federal Contract Tower,4,6,0,2,12,0,0,11,2,13,4,6,11,4,25,0,38,38,63
03/14/2022,ADQ,AK,AAL,WE,Federal Contract Tower,4,6,1,3,14,0,2,35,30,67,4,8,36,33,81,0,120,120,201
03/15/2022,ADQ,AK,AAL,WE,Federal Contract Tower,4,2,0,1,7,0,3,44,3,50,4,5,44,4,57,6,0,6,63
03/16/2022,ADQ,AK,AAL,WE,Federal Contract Tower,4,7,0,2,13,0,1,23,15,39,4,8,23,17,52,0,62,62,114
03/17/2022,ADQ,AK,AAL,WE,Federal Contract Tower,4,1,1,2,8,0,3,46,11,60,4,4,47,13,68,0,0,0,68
03/18/2022,ADQ,AK,AAL,WE,Federal Contract Tower,1,1,0,0,2,0,0,0,0,0,1,1,0,0,2,0,0,0,2
03/19/2022,ADQ,AK,AAL,WE,Federal Contract Tower,7,4,1,1,13,0,1,24,9,34,7,5,25,10,47,0,0,0,47
03/20/2022,ADQ,AK,AAL,WE,Federal Contract Tower,6,8,0,4,18,0,0,7,0,7,6,8,7,4,25,0,0,0,25
03/21/2022,ADQ,AK,AAL,WE,Federal Contract Tower,4,2,0,0,6,0,5,39,17,61,4,7,39,17,67,0,2,2,69
03/22/2022,ADQ,AK,AAL,WE,Federal Contract Tower,4,5,0,2,11,0,3,21,23,47,4,8,21,25,58,0,62,62,120
03/23/2022,ADQ,AK,AAL,WE,Federal Contract Tower,3,6,0,3,12,1,6,21,10,38,4,12,21,13,50,0,52,52,102
03/24/2022,ADQ,AK,AAL,WE,Federal Contract Tower,3,2,0,2,7,0,0,0,4,4,3,2,0,6,11,0,36,36,47
03/25/2022,ADQ,AK,AAL,WE,Federal Contract Tower,5,6,0,3,14,0,1,27,11,39,5,7,27,14,53,0,6,6,59
03/26/2022,ADQ,AK,AAL,WE,Federal Contract Tower,7,0,0,0,7,1,0,55,4,60,8,0,55,4,67,34,0,34,101
03/27/2022,ADQ,AK,AAL,WE,Federal Contract Tower,1,0,0,1,2,0,0,0,0,0,1,0,0,1,2,0,0,0,2
03/28/2022,ADQ,AK,AAL,WE,Federal Contract Tower,3,14,0,5,22,0,3,12,14,29,3,17,12,19,51,0,32,32,83
03/29/2022,ADQ,AK,AAL,WE,Federal Contract Tower,5,6,4,3,18,0,0,38,15,53,5,6,42,18,71,0,84,84,155
03/30/2022,ADQ,AK,AAL,WE,Federal Contract Tower,4,3,6,4,17,0,1,33,15,49,4,4,39,19,66,0,60,60,126
03/31/2022,ADQ,AK,AAL,WE,Federal Contract Tower,4,0,2,7,13,0,0,2,1,3,4,0,4,8,16,0,28,28,44
04/01/2022,ADQ,AK,AAL,WE,Federal Contract Tower,6,14,0,2,22,0,1,41,0,42,6,15,41,2,64,6,0,6,70
04/02/2022,ADQ,AK,AAL,WE,Federal Contract Tower,6,0,2,0,8,0,1,38,4,43,6,1,40,4,51,6,18,24,75
04/03/2022,ADQ,AK,AAL,WE,Federal Contract Tower,7,5,0,1,13,0,1,15,2,18,7,6,15,3,31,6,8,14,45
04/04/2022,ADQ,AK,AAL,WE,Federal Contract Tower,5,3,1,3,12,0,2,46,26,74,5,5,47,29,86,8,60,68,154
04/05/2022,ADQ,AK,AAL,WE,Federal Contract Tower,2,2,3,1,8,1,3,38,37,79,3,5,41,38,87,10,52,62,149
04/06/2022,ADQ,AK,AAL,WE,Federal Contract Tower,4,4,1,5,14,0,4,26,22,52,4,8,27,27,66,0,36,36,102
04/07/2022,ADQ,AK,AAL,WE,Federal Contract Tower,4,8,3,5,20,0,0,36,20,56,4,8,39,25,76,0,10,10,86
04/08/2022,ADQ,AK,AAL,WE,Federal Contract Tower,5,3,0,0,8,0,3,29,16,48,5,6,29,16,56,38,16,54,110
04/09/2022,ADQ,AK,AAL,WE,Federal Contract Tower,7,0,0,0,7,0,0,49,3,52,7,0,49,3,59,8,4,12,71
04/10/2022,ADQ,AK,AAL,WE,Federal Contract Tower,6,3,0,1,10,0,5,35,2,42,6,8,35,3,52,20,0,20,72
04/11/2022,ADQ,AK,AAL,WE,Federal Contract Tower,4,2,0,0,6,1,4,53,21,79,5,6,53,21,85,58,12,70,155
04/12/2022,ADQ,AK,AAL,WE,Federal Contract Tower,2,3,1,1,7,1,2,52,33,88,3,5,53,34,95,12,44,56,151
04/13/2022,ADQ,AK,AAL,WE,Federal Contract Tower,3,2,2,0,7,0,1,32,22,55,3,3,34,22,62,20,72,92,154
04/14/2022,ADQ,AK,AAL,WE,Federal Contract Tower,4,2,0,3,9,0,3,50,28,81,4,5,50,31,90,12,14,26,116
04/15/2022,ADQ,AK,AAL,WE,Federal Contract Tower,6,9,0,2,17,0,0,28,18,46,6,9,28,20,63,0,28,28,91
04/16/2022,ADQ,AK,AAL,WE,Federal Contract Tower,8,0,1,2,11,0,0,28,2,30,8,0,29,4,41,0,0,0,41
04/17/2022,ADQ,AK,AAL,WE,Federal Contract Tower,5,4,0,1,10,1,2,26,5,34,6,6,26,6,44,0,0,0,44
04/18/2022,ADQ,AK,AAL,WE,Federal Contract Tower,6,5,2,1,14,0,1,29,21,51,6,6,31,22,65,6,16,22,87
04/19/2022,ADQ,AK,AAL,WE,Federal Contract Tower,4,7,2,0,13,0,2,42,0,44,4,9,44,0,57,0,0,0,57
04/20/2022,ADQ,AK,AAL,WE,Federal Contract Tower,4,3,2,0,9,0,4,68,24,96,4,7,70,24,105,6,28,34,139
04/21/2022,ADQ,AK,AAL,WE,Federal Contract Tower,3,3,0,2,8,0,3,32,17,52,3,6,32,19,60,0,24,24,84
04/22/2022,ADQ,AK,AAL,WE,Federal Contract Tower,6,10,1,0,17,0,2,21,3,26,6,12,22,3,43,0,0,0,43
04/23/2022,ADQ,AK,AAL,WE,Federal Contract Tower,7,2,0,0,9,0,0,23,4,27,7,2,23,4,36,2,6,8,44
04/24/2022,ADQ,AK,AAL,WE,Federal Contract Tower,5,4,0,0,9,0,2,21,6,29,5,6,21,6,38,0,0,0,38
04/25/2022,ADQ,AK,AAL,WE,Federal Contract Tower,5,1,0,0,6,0,5,50,2,57,5,6,50,2,63,0,0,0,63
04/26/2022,ADQ,AK,AAL,WE,Federal Contract Tower,3,2,0,0,5,0,4,46,0,50,3,6,46,0,55,2,0,2,57
04/27/2022,ADQ,AK,AAL,WE,Federal Contract Tower,2,1,1,3,7,1,3,49,1,54,3,4,50,4,61,24,0,24,85
04/28/2022,ADQ,AK,AAL,WE,Federal Contract Tower,3,5,0,0,8,0,3,42,0,45,3,8,42,0,53,46,0,46,99
04/29/2022,ADQ,AK,AAL,WE,Federal Contract Tower,5,5,0,0,10,0,2,23,0,25,5,7,23,0,35,0,0,0,35
04/30/2022,ADQ,AK,AAL,WE,Federal Contract Tower,6,0,1,0,7,0,0,7,0,7,6,0,8,0,14,0,0,0,14
05/01/2022,ADQ,AK,AAL,WE,Federal Contract Tower,6,10,0,2,18,0,3,28,2,33,6,13,28,4,51,0,0,0,51
05/02/2022,ADQ,AK,AAL,WE,Federal Contract Tower,4,4,1,1,10,0,0,26,2,28,4,4,27,3,38,0,0,0,38
05/03/2022,ADQ,AK,AAL,WE,Federal Contract Tower,3,7,4,1,15,0,2,32,17,51,3,9,36,18,66,0,4,4,70
05/04/2022,ADQ,AK,AAL,WE,Federal Contract Tower,3,7,2,5,17,0,1,42,11,54,3,8,44,16,71,0,36,36,107
05/05/2022,ADQ,AK,AAL,WE,Federal Contract Tower,3,7,0,3,13,0,1,30,16,47,3,8,30,19,60,0,24,24,84
05/06/2022,ADQ,AK,AAL,WE,Federal Contract Tower,5,9,0,1,15,0,0,40,3,43,5,9,40,4,58,0,0,0,58
05/07/2022,ADQ,AK,AAL,WE,Federal Contract Tower,6,1,0,0,7,1,1,63,13,78,7,2,63,13,85,4,20,24,109
05/08/2022,ADQ,AK,AAL,WE,Federal Contract Tower,6,4,0,0,10,0,3,24,14,41,6,7,24,14,51,8,0,8,59
05/09/2022,ADQ,AK,AAL,WE,Federal Contract Tower,3,3,0,0,6,0,3,11,11,25,3,6,11,11,31,0,0,0,31
05/10/2022,ADQ,AK,AAL,WE,Federal Contract Tower,4,2,0,0,6,0,4,17,8,29,4,6,17,8,35,0,0,0,35
05/11/2022,ADQ,AK,AAL,WE,Federal Contract Tower,4,3,4,0,11,0,5,66,15,86,4,8,70,15,97,22,0,22,119
05/12/2022,ADQ,AK,AAL,WE,Federal Contract Tower,3,2,2,0,7,0,5,71,13,89,3,7,73,13,96,0,0,0,96
05/13/2022,ADQ,AK,AAL,WE,Federal Contract Tower,4,4,0,0,8,1,3,21,3,28,5,7,21,3,36,0,0,0,36
05/14/2022,ADQ,AK,AAL,WE,Federal Contract Tower,6,1,1,1,9,2,1,37,6,46,8,2,38,7,55,0,0,0,55
05/15/2022,ADQ,AK,AAL,WE,Federal Contract Tower,6,4,0,0,10,0,3,34,6,43,6,7,34,6,53,14,0,14,67
05/16/2022,ADQ,AK,AAL,WE,Federal Contract Tower,3,2,2,0,7,0,3,59,28,90,3,5,61,28,97,0,46,46,143
05/17/2022,ADQ,AK,AAL,WE,Federal Contract Tower,3,4,0,3,10,0,0,46,4,50,3,4,46,7,60,0,0,0,60
05/18/2022,ADQ,AK,AAL,WE,Federal Contract Tower,3,4,3,0,10,0,0,67,15,82,3,4,70,15,92,0,12,12,104
05/19/2022,ADQ,AK,AAL,WE,Federal Contract Tower,3,1,0,0,4,0,3,72,21,96,3,4,72,21,100,14,38,52,152
05/20/2022,ADQ,AK,AAL,WE,Federal Contract Tower,2,7,26,13,48,0,0,1,2,3,2,7,27,15,51,4,14,18,69
05/21/2022,ADQ,AK,AAL,WE,Federal Contract Tower,4,0,0,1,5,0,0,6,2,8,4,0,6,3,13,0,0,0,13
05/22/2022,ADQ,AK,AAL,WE,Federal Contract Tower,3,6,3,0,12,0,0,22,6,28,3,6,25,6,40,0,0,0,40
05/23/2022,ADQ,AK,AAL,WE,Federal Contract Tower,5,7,13,9,34,0,0,10,3,13,5,7,23,12,47,0,7,7,54
05/24/2022,ADQ,AK,AAL,WE,Federal Contract Tower,2,3,2,2,9,1,2,70,13,86,3,5,72,15,95,4,16,20,115
05/25/2022,ADQ,AK,AAL,WE,Federal Contract Tower,3,5,0,1,9,0,1,67,17,85,3,6,67,18,94,0,22,22,116
05/26/2022,ADQ,AK,AAL,WE,Federal Contract Tower,4,2,0,0,6,0,4,46,10,60,4,6,46,10,66,4,0,4,70
05/27/2022,ADQ,AK,AAL,WE,Federal Contract Tower,4,4,0,0,8,0,5,47,3,55,4,9,47,3,63,6,2,8,71
05/28/2022,ADQ,AK,AAL,WE,Federal Contract Tower,4,2,0,0,6,1,1,63,12,77,5,3,63,12,83,0,6,6,89
05/29/2022,ADQ,AK,AAL,WE,Federal Contract Tower,3,2,0,0,5,1,3,42,5,51,4,5,42,5,56,0,12,12,68
05/30/2022,ADQ,AK,AAL,WE,Federal Contract Tower,4,9,18,0,31,0,0,2,0,2,4,9,20,0,33,0,0,0,33
05/31/2022,ADQ,AK,AAL,WE,Federal Contract Tower,3,6,4,3,16,0,0,53,20,73,3,6,57,23,89,0,30,30,119
06/01/2022,ADQ,AK,AAL,WE,Federal Contract Tower,3,1,9,2,15,0,3,57,21,81,3,4,66,23,96,4,52,56,152
06/02/2022,ADQ,AK,AAL,WE,Federal Contract Tower,4,2,0,0,6,0,3,65,23,91,4,5,65,23,97,2,62,64,161
06/03/2022,ADQ,AK,AAL,WE,Federal Contract Tower,5,3,2,2,12,0,4,66,14,84,5,7,68,16,96,4,22,26,122
06/04/2022,ADQ,AK,AAL,WE,Federal Contract Tower,5,0,0,0,5,0,0,45,5,50,5,0,45,5,55,18,0,18,73
06/05/2022,ADQ,AK,AAL,WE,Federal Contract Tower,5,3,0,0,8,0,2,24,5,31,5,5,24,5,39,0,16,16,55
06/06/2022,ADQ,AK,AAL,WE,Federal Contract Tower,4,5,0,4,13,0,1,65,17,83,4,6,65,21,96,0,16,16,112
06/07/2022,ADQ,AK,AAL,WE,Federal Contract Tower,5,4,5,8,22,0,0,26,11,37,5,4,31,19,59,0,0,0,59
06/08/2022,ADQ,AK,AAL,WE,Federal Contract Tower,5,3,0,1,9,0,4,56,19,79,5,7,56,20,88,12,14,26,114
06/09/2022,ADQ,AK,AAL,WE,Federal Contract Tower,5,2,2,4,13,0,4,47,21,72,5,6,49,25,85,0,36,36,121
06/10/2022,ADQ,AK,AAL,WE,Federal Contract Tower,4,1,0,0,5,0,5,61,18,84,4,6,61,18,89,14,42,56,145
06/11/2022,ADQ,AK,AAL,WE,Federal Contract Tower,7,1,1,1,10,0,1,42,3,46,7,2,43,4,56,4,0,4,60
06/12/2022,ADQ,AK,AAL,WE,Federal Contract Tower,7,6,0,2,15,0,2,34,3,39,7,8,34,5,54,0,20,20,74
06/13/2022,ADQ,AK,AAL,WE,Federal Contract Tower,9,5,7,4,25,0,0,38,10,48,9,5,45,14,73,2,38,40,113
06/14/2022,ADQ,AK,AAL,WE,Federal Contract Tower,5,5,21,17,48,0,0,9,5,14,5,5,30,22,62,0,2,2,64
06/15/2022,ADQ,AK,AAL,WE,Federal Contract Tower,5,3,4,1,13,0,2,77,18,97,5,5,81,19,110,0,50,50,160
06/16/2022,ADQ,AK,AAL,WE,Federal Contract Tower,7,5,2,1,15,0,3,49,16,68,7,8,51,17,83,0,2,2,85
06/17/2022,ADQ,AK,AAL,WE,Federal Contract Tower,10,6,4,4,24,0,0,28,1,29,10,6,32,5,53,2,0,2,55
06/18/2022,ADQ,AK,AAL,WE,Federal Contract Tower,8,3,1,0,12,0,2,51,2,55,8,5,52,2,67,0,0,0,67
06/19/2022,ADQ,AK,AAL,WE,Federal Contract Tower,7,7,11,5,30,0,0,21,1,22,7,7,32,6,52,0,0,0,52
06/20/2022,ADQ,AK,AAL,WE,Federal Contract Tower,8,5,1,2,16,0,2,74,3,79,8,7,75,5,95,18,0,18,113
06/21/2022,ADQ,AK,AAL,WE,Federal Contract Tower,7,2,0,1,10,0,3,59,7,69,7,5,59,8,79,0,4,4,83
06/22/2022,ADQ,AK,AAL,WE,Federal Contract Tower,5,3,0,2,10,0,3,50,19,72,5,6,50,21,82,22,34,56,138
06/23/2022,ADQ,AK,AAL,WE,Federal Contract Tower,7,0,2,3,12,0,2,51,17,70,7,2,53,20,82,0,8,8,90
06/24/2022,ADQ,AK,AAL,WE,Federal Contract Tower,6,6,39,5,56,0,0,0,0,0,6,6,39,5,56,0,0,0,56
06/25/2022,ADQ,AK,AAL,WE,Federal Contract Tower,10,7,3,2,22,0,1,28,1,30,10,8,31,3,52,0,0,0,52
06/26/2022,ADQ,AK,AAL,WE,Federal Contract Tower,8,5,0,0,13,0,3,31,4,38,8,8,31,4,51,0,26,26,77
06/27/2022,ADQ,AK,AAL,WE,Federal Contract Tower,7,2,1,0,10,1,2,61,25,89,8,4,62,25,99,2,56,58,157
06/28/2022,ADQ,AK,AAL,WE,Federal Contract Tower,7,3,1,1,12,1,4,61,23,89,8,7,62,24,101,0,44,44,145
06/29/2022,ADQ,AK,AAL,WE,Federal Contract Tower,6,3,1,1,11,1,3,62,21,87,7,6,63,22,98,12,64,76,174
06/30/2022,ADQ,AK,AAL,WE,Federal Contract Tower,7,3,2,4,16,0,3,37,4,44,7,6,39,8,60,0,0,0,60
07/01/2022,ADQ,AK,AAL,WE,Federal Contract Tower,8,7,1,0,16,0,0,0,0,0,8,7,1,0,16,0,0,0,16
07/02/2022,ADQ,AK,AAL,WE,Federal Contract Tower,9,5,4,0,18,0,0,0,0,0,9,5,4,0,18,0,0,0,18
07/03/2022,ADQ,AK,AAL,WE,Federal Contract Tower,9,8,1,3,21,0,0,0,2,2,9,8,1,5,23,0,0,0,23
07/04/2022,ADQ,AK,AAL,WE,Federal Contract Tower,13,3,2,2,20,0,0,66,3,69,13,3,68,5,89,0,0,0,89
07/05/2022,ADQ,AK,AAL,WE,Federal Contract Tower,12,3,0,1,16,0,4,88,20,112,12,7,88,21,128,0,50,50,178
07/06/2022,ADQ,AK,AAL,WE,Federal Contract Tower,8,6,4,3,21,0,2,60,12,74,8,8,64,15,95,0,18,18,113
07/07/2022,ADQ,AK,AAL,WE,Federal Contract Tower,7,3,2,1,13,0,0,0,0,0,7,3,2,1,13,0,0,0,13
07/08/2022,ADQ,AK,AAL,WE,Federal Contract Tower,7,6,6,3,22,0,0,0,0,0,7,6,6,3,22,0,0,0,22
07/09/2022,ADQ,AK,AAL,WE,Federal Contract Tower,9,2,4,3,18,0,4,56,1,61,9,6,60,4,79,0,0,0,79
07/10/2022,ADQ,AK,AAL,WE,Federal Contract Tower,12,11,2,0,25,0,2,69,3,74,12,13,71,3,99,26,0,26,125
07/11/2022,ADQ,AK,AAL,WE,Federal Contract Tower,14,5,0,0,19,0,4,66,16,86,14,9,66,16,105,0,36,36,141
07/12/2022,ADQ,AK,AAL,WE,Federal Contract Tower,3,5,5,5,18,0,0,0,0,0,3,5,5,5,18,0,0,0,18
07/13/2022,ADQ,AK,AAL,WE,Federal Contract Tower,10,11,4,1,26,1,2,59,22,84,11,13,63,23,110,0,52,52,162
07/14/2022,ADQ,AK,AAL,WE,Federal Contract Tower,12,4,1,0,17,0,5,64,26,95,12,9,65,26,112,20,60,80,192
07/15/2022,ADQ,AK,AAL,WE,Federal Contract Tower,7,8,5,0,20,0,8,52,6,66,7,16,57,6,86,0,0,0,86
07/16/2022,ADQ,AK,AAL,WE,Federal Contract Tower,9,4,2,0,15,0,0,35,5,40,9,4,37,5,55,0,2,2,57
07/17/2022,ADQ,AK,AAL,WE,Federal Contract Tower,7,6,2,0,15,0,6,37,3,46,7,12,39,3,61,0,0,0,61
07/18/2022,ADQ,AK,AAL,WE,Federal Contract Tower,7,1,1,0,9,0,3,55,21,79,7,4,56,21,88,0,18,18,106
07/20/2022,ADQ,AK,AAL,WE,Federal Contract Tower,6,1,1,1,9,2,5,77,20,104,8,6,78,21,113,0,38,38,151
07/21/2022,ADQ,AK,AAL,WE,Federal Contract Tower,6,2,2,1,11,1,2,62,5,70,7,4,64,6,81,0,0,0,81
07/22/2022,ADQ,AK,AAL,WE,Federal Contract Tower,6,2,0,0,8,0,5,83,4,92,6,7,83,4,100,4,0,4,104
07/23/2022,ADQ,AK,AAL,WE,Federal Contract Tower,9,0,14,7,30,0,0,22,1,23,9,0,36,8,53,0,0,0,53
07/24/2022,ADQ,AK,AAL,WE,Federal Contract Tower,5,4,2,1,12,0,0,0,0,0,5,4,2,1,12,0,0,0,12
07/25/2022,ADQ,AK,AAL,WE,Federal Contract Tower,7,2,2,3,14,0,2,89,17,108,7,4,91,20,122,4,32,36,158
07/26/2022,ADQ,AK,AAL,WE,Federal Contract Tower,8,1,0,1,10,0,3,75,8,86,8,4,75,9,96,2,0,2,98
07/27/2022,ADQ,AK,AAL,WE,Federal Contract Tower,6,3,1,2,12,1,4,102,25,132,7,7,103,27,144,34,34,68,212
07/28/2022,ADQ,AK,AAL,WE,Federal Contract Tower,6,1,3,0,10,1,8,49,32,90,7,9,52,32,100,0,16,16,116
07/29/2022,ADQ,AK,AAL,WE,Federal Contract Tower,6,5,2,3,16,0,2,25,9,36,6,7,27,12,52,10,0,10,62
07/30/2022,ADQ,AK,AAL,WE,Federal Contract Tower,9,8,1,1,19,0,1,47,4,52,9,9,48,5,71,0,20,20,91
07/31/2022,ADQ,AK,AAL,WE,Federal Contract Tower,7,5,2,2,16,0,3,53,2,58,7,8,55,4,74,0,0,0,74
08/01/2022,ADQ,AK,AAL,WE,Federal Contract Tower,5,4,3,1,13,1,2,55,15,73,6,6,58,16,86,12,2,14,100
08/02/2022,ADQ,AK,AAL,WE,Federal Contract Tower,8,6,0,2,16,0,2,37,25,64,8,8,37,27,80,0,22,22,102
08/03/2022,ADQ,AK,AAL,WE,Federal Contract Tower,6,3,2,0,11,2,3,71,20,96,8,6,73,20,107,0,2,2,109
08/04/2022,ADQ,AK,AAL,WE,Federal Contract Tower,7,2,1,1,11,0,5,63,3,71,7,7,64,4,82,6,26,32,114
08/05/2022,ADQ,AK,AAL,WE,Federal Contract Tower,7,5,1,1,14,0,4,50,8,62,7,9,51,9,76,0,0,0,76
08/06/2022,ADQ,AK,AAL,WE,Federal Contract Tower,9,1,0,0,10,0,0,56,5,61,9,1,56,5,71,0,2,2,73
08/07/2022,ADQ,AK,AAL,WE,Federal Contract Tower,5,0,1,0,6,1,6,43,4,54,6,6,44,4,60,0,0,0,60
08/08/2022,ADQ,AK,AAL,WE,Federal Contract Tower,7,1,0,4,12,2,5,55,10,72,9,6,55,14,84,8,0,8,92
08/09/2022,ADQ,AK,AAL,WE,Federal Contract Tower,6,5,8,5,24,0,1,13,3,17,6,6,21,8,41,0,30,30,71
08/10/2022,ADQ,AK,AAL,WE,Federal Contract Tower,7,4,4,4,19,0,0,10,7,17,7,4,14,11,36,0,56,56,92
08/11/2022,ADQ,AK,AAL,WE,Federal Contract Tower,5,1,3,1,10,0,0,29,10,39,5,1,32,11,49,0,14,14,63
08/12/2022,ADQ,AK,AAL,WE,Federal Contract Tower,8,11,12,2,33,0,1,51,5,57,8,12,63,7,90,0,30,30,120
08/13/2022,ADQ,AK,AAL,WE,Federal Contract Tower,5,1,0,0,6,0,0,60,4,64,5,1,60,4,70,0,0,0,70
08/14/2022,ADQ,AK,AAL,WE,Federal Contract Tower,8,7,0,0,15,1,3,36,6,46,9,10,36,6,61,0,2,2,63
08/15/2022,ADQ,AK,AAL,WE,Federal Contract Tower,10,6,1,4,21,0,3,60,4,67,10,9,61,8,88,0,0,0,88
08/16/2022,ADQ,AK,AAL,WE,Federal Contract Tower,8,4,1,3,16,0,0,0,2,2,8,4,1,5,18,0,0,0,18
08/17/2022,ADQ,AK,AAL,WE,Federal Contract Tower,7,4,2,1,14,0,3,101,26,130,7,7,103,27,144,2,34,36,180
08/18/2022,ADQ,AK,AAL,WE,Federal Contract Tower,10,10,3,4,27,0,0,54,13,67,10,10,57,17,94,4,14,18,112
08/19/2022,ADQ,AK,AAL,WE,Federal Contract Tower,7,2,8,5,22,0,0,15,4,19,7,2,23,9,41,0,20,20,61
08/20/2022,ADQ,AK,AAL,WE,Federal Contract Tower,9,2,0,1,12,0,0,50,4,54,9,2,50,5,66,0,38,38,104
08/21/2022,ADQ,AK,AAL,WE,Federal Contract Tower,3,1,1,0,5,0,0,0,0,0,3,1,1,0,5,0,0,0,5
08/22/2022,ADQ,AK,AAL,WE,Federal Contract Tower,7,4,1,2,14,0,0,17,2,19,7,4,18,4,33,0,0,0,33
08/23/2022,ADQ,AK,AAL,WE,Federal Contract Tower,8,8,13,1,30,0,0,46,12,58,8,8,59,13,88,0,34,34,122
08/24/2022,ADQ,AK,AAL,WE,Federal Contract Tower,7,8,0,2,17,0,3,53,13,69,7,11,53,15,86,0,44,44,130
08/25/2022,ADQ,AK,AAL,WE,Federal Contract Tower,5,3,6,3,17,0,7,46,8,61,5,10,52,11,78,0,14,14,92
08/26/2022,ADQ,AK,AAL,WE,Federal Contract Tower,10,2,0,0,12,0,6,64,10,80,10,8,64,10,92,0,10,10,102
08/27/2022,ADQ,AK,AAL,WE,Federal Contract Tower,8,0,2,0,10,0,0,53,5,58,8,0,55,5,68,0,0,0,68
08/28/2022,ADQ,AK,AAL,WE,Federal Contract Tower,8,7,2,2,19,0,0,26,2,28,8,7,28,4,47,0,0,0,47
08/29/2022,ADQ,AK,AAL,WE,Federal Contract Tower,7,1,2,1,11,0,4,52,2,58,7,5,54,3,69,2,1,3,72
08/30/2022,ADQ,AK,AAL,WE,Federal Contract Tower,6,2,5,0,13,0,3,45,21,69,6,5,50,21,82,0,10,10,92
08/31/2022,ADQ,AK,AAL,WE,Federal Contract Tower,8,4,1,1,14,0,0,23,21,44,8,4,24,22,58,0,52,52,110
09/01/2022,ADQ,AK,AAL,WE,Federal Contract Tower,6,4,2,0,12,1,4,50,14,69,7,8,52,14,81,2,14,16,97
09/02/2022,ADQ,AK,AAL,WE,Federal Contract Tower,6,4,0,1,11,1,1,40,1,43,7,5,40,2,54,0,2,2,56
09/03/2022,ADQ,AK,AAL,WE,Federal Contract Tower,10,2,0,1,13,0,0,59,10,69,10,2,59,11,82,8,14,22,104
09/04/2022,ADQ,AK,AAL,WE,Federal Contract Tower,7,3,3,0,13,0,1,44,6,51,7,4,47,6,64,0,0,0,64
09/05/2022,ADQ,AK,AAL,WE,Federal Contract Tower,6,3,0,0,9,0,0,44,3,47,6,3,44,3,56,0,0,0,56
09/06/2022,ADQ,AK,AAL,WE,Federal Contract Tower,7,2,1,1,11,0,2,55,11,68,7,4,56,12,79,2,20,22,101
09/07/2022,ADQ,AK,AAL,WE,Federal Contract Tower,6,2,1,4,13,0,2,39,16,57,6,4,40,20,70,0,52,52,122
09/08/2022,ADQ,AK,AAL,WE,Federal Contract Tower,5,4,0,0,9,0,5,40,7,52,5,9,40,7,61,2,0,2,63
09/09/2022,ADQ,AK,AAL,WE,Federal Contract Tower,6,2,0,0,8,0,5,32,8,45,6,7,32,8,53,0,18,18,71
09/10/2022,ADQ,AK,AAL,WE,Federal Contract Tower,6,1,1,1,9,0,0,65,5,70,6,1,66,6,79,0,0,0,79
09/11/2022,ADQ,AK,AAL,WE,Federal Contract Tower,8,7,0,0,15,0,1,44,7,52,8,8,44,7,67,0,22,22,89
09/12/2022,ADQ,AK,AAL,WE,Federal Contract Tower,5,4,0,1,10,0,2,28,16,46,5,6,28,17,56,0,38,38,94
09/13/2022,ADQ,AK,AAL,WE,Federal Contract Tower,5,4,0,2,11,0,2,67,14,83,5,6,67,16,94,28,4,32,126
09/14/2022,ADQ,AK,AAL,WE,Federal Contract Tower,6,3,0,2,11,0,4,57,8,69,6,7,57,10,80,8,12,20,100
09/15/2022,ADQ,AK,AAL,WE,Federal Contract Tower,5,8,1,1,15,0,2,42,8,52,5,10,43,9,67,0,18,18,85
09/16/2022,ADQ,AK,AAL,WE,Federal Contract Tower,6,8,1,2,17,0,1,37,5,43,6,9,38,7,60,0,2,2,62
09/17/2022,ADQ,AK,AAL,WE,Federal Contract Tower,6,3,0,0,9,0,1,64,10,75,6,4,64,10,84,2,22,24,108
09/18/2022,ADQ,AK,AAL,WE,Federal Contract Tower,5,6,0,0,11,0,2,39,9,50,5,8,39,9,61,0,6,6,67
09/19/2022,ADQ,AK,AAL,WE,Federal Contract Tower,6,4,0,2,12,0,1,35,16,52,6,5,35,18,64,6,32,38,102
09/20/2022,ADQ,AK,AAL,WE,Federal Contract Tower,5,1,1,1,8,0,3,57,3,63,5,4,58,4,71,0,6,6,77
09/21/2022,ADQ,AK,AAL,WE,Federal Contract Tower,5,1,1,1,8,0,5,53,16,74,5,6,54,17,82,0,8,8,90
09/22/2022,ADQ,AK,AAL,WE,Federal Contract Tower,5,1,0,2,8,0,5,52,7,64,5,6,52,9,72,0,6,6,78
09/23/2022,ADQ,AK,AAL,WE,Federal Contract Tower,5,1,0,0,6,0,5,46,11,62,5,6,46,11,68,0,0,0,68
09/24/2022,ADQ,AK,AAL,WE,Federal Contract Tower,5,2,0,3,10,1,0,47,2,50,6,2,47,5,60,6,0,6,66
09/25/2022,ADQ,AK,AAL,WE,Federal Contract Tower,5,5,1,0,11,0,3,31,3,37,5,8,32,3,48,6,0,6,54
09/26/2022,ADQ,AK,AAL,WE,Federal Contract Tower,5,3,1,0,9,0,2,57,29,88,5,5,58,29,97,2,4,6,103
09/27/2022,ADQ,AK,AAL,WE,Federal Contract Tower,6,5,0,3,14,0,0,30,12,42,6,5,30,15,56,0,28,28,84
09/28/2022,ADQ,AK,AAL,WE,Federal Contract Tower,5,8,0,3,16,0,1,17,14,32,5,9,17,17,48,0,14,14,62
09/29/2022,ADQ,AK,AAL,WE,Federal Contract Tower,5,8,1,1,15,0,3,64,14,81,5,11,65,15,96,2,40,42,138
09/30/2022,ADQ,AK,AAL,WE,Federal Contract Tower,6,4,5,1,16,0,5,56,15,76,6,9,61,16,92,0,18,18,110
10/01/2022,ADQ,AK,AAL,WE,Federal Contract Tower,6,2,6,0,14,0,0,38,3,41,6,2,44,3,55,6,4,10,65
10/02/2022,ADQ,AK,AAL,WE,Federal Contract Tower,8,4,0,0,12,0,2,31,3,36,8,6,31,3,48,4,4,8,56
10/03/2022,ADQ,AK,AAL,WE,Federal Contract Tower,6,7,0,1,14,0,4,29,12,45,6,11,29,13,59,0,24,24,83
10/04/2022,ADQ,AK,AAL,WE,Federal Contract Tower,6,1,0,1,8,0,0,0,0,0,6,1,0,1,8,0,0,0,8
10/05/2022,ADQ,AK,AAL,WE,Federal Contract Tower,6,5,0,7,18,0,0,0,0,0,6,5,0,7,18,0,0,0,18
10/06/2022,ADQ,AK,AAL,WE,Federal Contract Tower,4,0,4,2,10,0,0,0,0,0,4,0,4,2,10,0,0,0,10
10/07/2022,ADQ,AK,AAL,WE,Federal Contract Tower,4,12,2,1,19,0,6,39,3,48,4,18,41,4,67,0,28,28,95
10/08/2022,ADQ,AK,AAL,WE,Federal Contract Tower,4,0,0,2,6,0,0,50,2,52,4,0,50,4,58,8,20,28,86
10/09/2022,ADQ,AK,AAL,WE,Federal Contract Tower,2,4,0,0,6,0,3,9,2,14,2,7,9,2,20,20,0,20,40
10/10/2022,ADQ,AK,AAL,WE,Federal Contract Tower,4,9,0,0,13,0,4,34,6,44,4,13,34,6,57,0,12,12,69
10/11/2022,ADQ,AK,AAL,WE,Federal Contract Tower,4,2,0,0,6,0,4,72,15,91,4,6,72,15,97,0,16,16,113
10/12/2022,ADQ,AK,AAL,WE,Federal Contract Tower,3,10,0,1,14,1,1,40,21,63,4,11,40,22,77,0,24,24,101
10/13/2022,ADQ,AK,AAL,WE,Federal Contract Tower,4,2,2,1,9,0,5,66,17,88,4,7,68,18,97,0,30,30,127
10/14/2022,ADQ,AK,AAL,WE,Federal Contract Tower,4,3,0,5,12,0,3,31,6,40,4,6,31,11,52,8,26,34,86
10/15/2022,ADQ,AK,AAL,WE,Federal Contract Tower,2,4,1,1,8,1,0,46,4,51,3,4,47,5,59,0,0,0,59
10/16/2022,ADQ,AK,AAL,WE,Federal Contract Tower,6,7,1,1,15,0,0,36,5,41,6,7,37,6,56,0,26,26,82
10/17/2022,ADQ,AK,AAL,WE,Federal Contract Tower,2,3,1,0,6,2,4,64,15,85,4,7,65,15,91,4,48,52,143
10/18/2022,ADQ,AK,AAL,WE,Federal Contract Tower,5,4,0,0,9,0,1,22,0,23,5,5,22,0,32,0,0,0,32
10/19/2022,ADQ,AK,AAL,WE,Federal Contract Tower,4,2,0,2,8,0,6,42,29,77,4,8,42,31,85,0,8,8,93
10/20/2022,ADQ,AK,AAL,WE,Federal Contract Tower,3,2,0,0,5,0,5,45,24,74,3,7,45,24,79,0,4,4,83
10/21/2022,ADQ,AK,AAL,WE,Federal Contract Tower,3,2,1,0,6,0,5,44,13,62,3,7,45,13,68,0,40,40,108
10/22/2022,ADQ,AK,AAL,WE,Federal Contract Tower,3,0,0,2,5,0,0,28,0,28,3,0,28,2,33,0,0,0,33
10/23/2022,ADQ,AK,AAL,WE,Federal Contract Tower,6,3,0,1,10,0,3,49,2,54,6,6,49,3,64,0,12,12,76
10/24/2022,ADQ,AK,AAL,WE,Federal Contract Tower,4,5,0,1,10,0,2,26,20,48,4,7,26,21,58,4,28,32,90
10/25/2022,ADQ,AK,AAL,WE,Federal Contract Tower,4,4,0,2,10,0,1,31,22,54,4,5,31,24,64,0,30,30,94
10/26/2022,ADQ,AK,AAL,WE,Federal Contract Tower,4,2,0,0,6,0,3,20,7,30,4,5,20,7,36,0,0,0,36
10/27/2022,ADQ,AK,AAL,WE,Federal Contract Tower,3,2,0,1,6,1,8,0,9,18,4,10,0,10,24,0,26,26,50
10/28/2022,ADQ,AK,AAL,WE,Federal Contract Tower,3,5,0,1,9,0,8,59,13,80,3,13,59,14,89,0,38,38,127
10/29/2022,ADQ,AK,AAL,WE,Federal Contract Tower,4,5,0,3,12,0,0,0,1,1,4,5,0,4,13,0,0,0,13
10/30/2022,ADQ,AK,AAL,WE,Federal Contract Tower,4,0,0,0,4,0,0,0,0,0,4,0,0,0,4,0,0,0,4
10/31/2022,ADQ,AK,AAL,WE,Federal Contract Tower,4,4,0,0,8,0,0,1,7,8,4,4,1,7,16,0,8,8,24
11/01/2022,ADQ,AK,AAL,WE,Federal Contract Tower,4,6,0,0,10,0,8,65,27,100,4,14,65,27,110,0,70,70,180
11/02/2022,ADQ,AK,AAL,WE,Federal Contract Tower,4,4,0,1,9,0,4,45,23,72,4,8,45,24,81,0,18,18,99
11/03/2022,ADQ,AK,AAL,WE,Federal Contract Tower,5,2,2,2,11,0,8,51,13,72,5,10,53,15,83,0,64,64,147
11/04/2022,ADQ,AK,AAL,WE,Federal Contract Tower,3,5,1,0,9,0,7,4,9,20,3,12,5,9,29,0,30,30,59
11/05/2022,ADQ,AK,AAL,WE,Federal Contract Tower,3,0,0,0,3,0,0,2,2,4,3,0,2,2,7,0,0,0,7
11/06/2022,ADQ,AK,AAL,WE,Federal Contract Tower,4,4,0,0,8,0,7,63,5,75,4,11,63,5,83,0,0,0,83
11/07/2022,ADQ,AK,AAL,WE,Federal Contract Tower,6,4,0,3,13,0,2,12,13,27,6,6,12,16,40,0,58,58,98
11/08/2022,ADQ,AK,AAL,WE,Federal Contract Tower,4,4,0,1,9,0,0,1,8,9,4,4,1,9,18,0,26,26,44
11/09/2022,ADQ,AK,AAL,WE,Federal Contract Tower,6,4,3,2,15,0,0,13,20,33,6,4,16,22,48,0,22,22,70
11/10/2022,ADQ,AK,AAL,WE,Federal Contract Tower,4,1,0,0,5,0,7,66,5,78,4,8,66,5,83,0,2,2,85
11/11/2022,ADQ,AK,AAL,WE,Federal Contract Tower,3,3,0,1,7,0,2,13,2,17,3,5,13,3,24,0,4,4,28
11/12/2022,ADQ,AK,AAL,WE,Federal Contract Tower,4,2,0,0,6,0,2,41,4,47,4,4,41,4,53,0,16,16,69
11/13/2022,ADQ,AK,AAL,WE,Federal Contract Tower,4,7,0,2,13,2,0,32,2,36,6,7,32,4,49,0,0,0,49
11/14/2022,ADQ,AK,AAL,WE,Federal Contract Tower,4,2,2,4,12,0,2,67,3,72,4,4,69,7,84,0,14,14,98
11/15/2022,ADQ,AK,AAL,WE,Federal Contract Tower,4,4,2,2,12,0,3,25,1,29,4,7,27,3,41,0,0,0,41
11/16/2022,ADQ,AK,AAL,WE,Federal Contract Tower,4,10,0,4,18,0,0,0,0,0,4,10,0,4,18,0,0,0,18
11/17/2022,ADQ,AK,AAL,WE,Federal Contract Tower,4,8,6,4,22,0,0,37,21,58,4,8,43,25,80,0,22,22,102
11/18/2022,ADQ,AK,AAL,WE,Federal Contract Tower,4,5,1,0,10,0,4,43,24,71,4,9,44,24,81,8,102,110,191
11/19/2022,ADQ,AK,AAL,WE,Federal Contract Tower,6,0,3,3,12,0,0,9,2,11,6,0,12,5,23,0,0,0,23
11/20/2022,ADQ,AK,AAL,WE,Federal Contract Tower,3,8,13,1,25,0,0,14,0,14,3,8,27,1,39,0,0,0,39
11/21/2022,ADQ,AK,AAL,WE,Federal Contract Tower,3,1,0,1,5,0,3,54,25,82,3,4,54,26,87,6,6,12,99
11/22/2022,ADQ,AK,AAL,WE,Federal Contract Tower,4,2,2,1,9,0,3,47,30,80,4,5,49,31,89,0,52,52,141
11/23/2022,ADQ,AK,AAL,WE,Federal Contract Tower,5,7,2,2,16,0,1,14,9,24,5,8,16,11,40,0,14,14,54
11/24/2022,ADQ,AK,AAL,WE,Federal Contract Tower,0,3,0,0,3,0,0,0,0,0,0,3,0,0,3,0,0,0,3
11/25/2022,ADQ,AK,AAL,WE,Federal Contract Tower,3,7,1,1,12,0,6,38,6,50,3,13,39,7,62,0,32,32,94
11/26/2022,ADQ,AK,AAL,WE,Federal Contract Tower,5,2,0,1,8,0,0,44,2,46,5,2,44,3,54,0,0,0,54
11/27/2022,ADQ,AK,AAL,WE,Federal Contract Tower,3,3,0,0,6,0,8,36,4,48,3,11,36,4,54,6,16,22,76
11/28/2022,ADQ,AK,AAL,WE,Federal Contract Tower,3,2,0,0,5,0,2,0,2,4,3,4,0,2,9,0,12,12,21
11/29/2022,ADQ,AK,AAL,WE,Federal Contract Tower,4,2,0,1,7,0,12,37,15,64,4,14,37,16,71,0,4,4,75
11/30/2022,ADQ,AK,AAL,WE,Federal Contract Tower,2,2,0,3,7,0,1,43,36,80,2,3,43,39,87,0,22,22,109
12/01/2022,ADQ,AK,AAL,WE,Federal Contract Tower,4,3,0,0,7,0,8,18,25,51,4,11,18,25,58,0,4,4,62
12/02/2022,ADQ,AK,AAL,WE,Federal Contract Tower,4,2,1,0,7,0,5,46,17,68,4,7,47,17,75,0,42,42,117
12/03/2022,ADQ,AK,AAL,WE,Federal Contract Tower,4,4,0,0,8,0,6,42,3,51,4,10,42,3,59,0,4,4,63
12/04/2022,ADQ,AK,AAL,WE,Federal Contract Tower,3,6,0,0,9,0,0,17,4,21,3,6,17,4,30,0,4,4,34
12/05/2022,ADQ,AK,AAL,WE,Federal Contract Tower,4,10,0,2,16,0,1,40,28,69,4,11,40,30,85,0,50,50,135
12/06/2022,ADQ,AK,AAL,WE,Federal Contract Tower,2,4,0,2,8,0,8,39,20,67,2,12,39,22,75,4,32,36,111
12/07/2022,ADQ,AK,AAL,WE,Federal Contract Tower,2,3,0,1,6,0,6,0,20,26,2,9,0,21,32,0,68,68,100
12/08/2022,ADQ,AK,AAL,WE,Federal Contract Tower,4,2,0,0,6,0,11,42,26,79,4,13,42,26,85,0,38,38,123
12/09/2022,ADQ,AK,AAL,WE,Federal Contract Tower,4,4,0,0,8,0,11,2,4,17,4,15,2,4,25,0,0,0,25
12/10/2022,ADQ,AK,AAL,WE,Federal Contract Tower,4,6,0,0,10,0,3,32,4,39,4,9,32,4,49,0,0,0,49
12/11/2022,ADQ,AK,AAL,WE,Federal Contract Tower,3,9,0,0,12,0,0,4,0,4,3,9,4,0,16,0,0,0,16
12/12/2022,ADQ,AK,AAL,WE,Federal Contract Tower,4,3,0,0,7,0,9,0,17,26,4,12,0,17,33,0,20,20,53
12/13/2022,ADQ,AK,AAL,WE,Federal Contract Tower,2,2,0,2,6,0,5,62,24,91,2,7,62,26,97,0,12,12,109
12/14/2022,ADQ,AK,AAL,WE,Federal Contract Tower,2,14,1,2,19,0,0,13,5,18,2,14,14,7,37,4,5,9,46
12/15/2022,ADQ,AK,AAL,WE,Federal Contract Tower,4,6,8,0,18,0,4,28,0,32,4,10,36,0,50,0,0,0,50
12/16/2022,ADQ,AK,AAL,WE,Federal Contract Tower,4,5,0,0,9,0,6,43,6,55,4,11,43,6,64,0,0,0,64
12/17/2022,ADQ,AK,AAL,WE,Federal Contract Tower,4,4,2,2,12,0,1,41,6,48,4,5,43,8,60,0,0,0,60
12/18/2022,ADQ,AK,AAL,WE,Federal Contract Tower,4,5,2,1,12,0,1,15,1,17,4,6,17,2,29,0,0,0,29
12/19/2022,ADQ,AK,AAL,WE,Federal Contract Tower,3,5,0,1,9,1,6,29,10,46,4,11,29,11,55,0,16,16,71
12/20/2022,ADQ,AK,AAL,WE,Federal Contract Tower,1,3,1,2,7,0,6,32,7,45,1,9,33,9,52,0,8,8,60
12/21/2022,ADQ,AK,AAL,WE,Federal Contract Tower,2,4,0,2,8,0,0,0,3,3,2,4,0,5,11,0,0,0,11
12/22/2022,ADQ,AK,AAL,WE,Federal Contract Tower,4,4,0,0,8,0,0,0,0,0,4,4,0,0,8,0,0,0,8
12/23/2022,ADQ,AK,AAL,WE,Federal Contract Tower,2,0,0,1,3,0,0,30,10,40,2,0,30,11,43,0,4,4,47
12/24/2022,ADQ,AK,AAL,WE,Federal Contract Tower,3,8,0,1,12,0,0,0,0,0,3,8,0,1,12,0,0,0,12
12/25/2022,ADQ,AK,AAL,WE,Federal Contract Tower,0,0,0,1,1,0,0,0,0,0,0,0,0,1,1,0,0,0,1
12/26/2022,ADQ,AK,AAL,WE,Federal Contract Tower,2,17,1,1,21,0,0,5,8,13,2,17,6,9,34,0,34,34,68
12/27/2022,ADQ,AK,AAL,WE,Federal Contract Tower,1,10,0,1,12,0,4,39,7,50,1,14,39,8,62,4,0,4,66
12/28/2022,ADQ,AK,AAL,WE,Federal Contract Tower,1,4,5,4,14,0,0,0,1,1,1,4,5,5,15,0,18,18,33
12/29/2022,ADQ,AK,AAL,WE,Federal Contract Tower,5,5,0,4,14,0,0,0,1,1,5,5,0,5,15,0,0,0,15
12/30/2022,ADQ,AK,AAL,WE,Federal Contract Tower,4,7,2,2,15,0,7,47,6,60,4,14,49,8,75,0,0,0,75
12/31/2022,ADQ,AK,AAL,WE,Federal Contract Tower,1,7,0,1,9,0,0,15,6,21,1,7,15,7,30,0,4,4,34
01/01/2023,ADQ,AK,AAL,WE,Federal Contract Tower,0,1,0,0,1,0,0,0,0,0,0,1,0,0,1,0,0,0,1
01/02/2023,ADQ,AK,AAL,WE,Federal Contract Tower,4,12,0,2,18,1,1,4,6,12,5,13,4,8,30,10,12,22,52
01/03/2023,ADQ,AK,AAL,WE,Federal Contract Tower,2,16,5,6,29,0,0,24,8,32,2,16,29,14,61,0,32,32,93
01/04/2023,ADQ,AK,AAL,WE,Federal Contract Tower,2,9,0,0,11,0,0,6,0,6,2,9,6,0,17,0,0,0,17
01/05/2023,ADQ,AK,AAL,WE,Federal Contract Tower,4,3,0,2,9,0,4,55,19,78,4,7,55,21,87,0,26,26,113
01/06/2023,ADQ,AK,AAL,WE,Federal Contract Tower,5,1,0,2,8,0,3,37,12,52,5,4,37,14,60,0,16,16,76
01/07/2023,ADQ,AK,AAL,WE,Federal Contract Tower,3,2,0,0,5,0,2,31,3,36,3,4,31,3,41,10,2,12,53
01/08/2023,ADQ,AK,AAL,WE,Federal Contract Tower,3,3,0,0,6,0,1,0,6,7,3,4,0,6,13,0,14,14,27
01/09/2023,ADQ,AK,AAL,WE,Federal Contract Tower,4,5,0,5,14,0,1,6,13,20,4,6,6,18,34,0,40,40,74
01/10/2023,ADQ,AK,AAL,WE,Federal Contract Tower,4,2,1,3,10,0,2,37,32,71,4,4,38,35,81,0,44,44,125
01/11/2023,ADQ,AK,AAL,WE,Federal Contract Tower,4,5,1,3,13,0,3,42,22,67,4,8,43,25,80,0,46,46,126
01/12/2023,ADQ,AK,AAL,WE,Federal Contract Tower,4,7,0,3,14,0,0,18,11,29,4,7,18,14,43,0,2,2,45
01/13/2023,ADQ,AK,AAL,WE,Federal Contract Tower,4,9,2,3,18,0,0,11,5,16,4,9,13,8,34,0,0,0,34
01/14/2023,ADQ,AK,AAL,WE,Federal Contract Tower,2,5,0,3,10,0,0,8,1,9,2,5,8,4,19,0,0,0,19
01/15/2023,ADQ,AK,AAL,WE,Federal Contract Tower,2,8,0,1,11,0,0,2,1,3,2,8,2,2,14,0,0,0,14
01/16/2023,ADQ,AK,AAL,WE,Federal Contract Tower,4,6,0,0,10,0,0,0,1,1,4,6,0,1,11,0,14,14,25
01/17/2023,ADQ,AK,AAL,WE,Federal Contract Tower,4,3,0,2,9,0,3,30,32,65,4,6,30,34,74,0,28,28,102
01/18/2023,ADQ,AK,AAL,WE,Federal Contract Tower,4,3,0,5,12,0,4,39,22,65,4,7,39,27,77,0,40,40,117
01/19/2023,ADQ,AK,AAL,WE,Federal Contract Tower,3,11,0,4,18,0,2,7,14,23,3,13,7,18,41,0,50,50,91
01/20/2023,ADQ,AK,AAL,WE,Federal Contract Tower,4,9,0,4,17,0,0,3,6,9,4,9,3,10,26,0,2,2,28
01/21/2023,ADQ,AK,AAL,WE,Federal Contract Tower,3,6,0,2,11,0,3,35,2,40,3,9,35,4,51,8,6,14,65
01/22/2023,ADQ,AK,AAL,WE,Federal Contract Tower,2,6,0,2,10,0,0,0,1,1,2,6,0,3,11,0,20,20,31
01/23/2023,ADQ,AK,AAL,WE,Federal Contract Tower,6,7,0,1,14,0,2,6,22,30,6,9,6,23,44,0,62,62,106
01/24/2023,ADQ,AK,AAL,WE,Federal Contract Tower,1,1,0,0,2,0,0,0,0,0,1,1,0,0,2,0,0,0,2
01/25/2023,ADQ,AK,AAL,WE,Federal Contract Tower,3,1,4,4,12,0,2,46,20,68,3,3,50,24,80,6,18,24,104
01/26/2023,ADQ,AK,AAL,WE,Federal Contract Tower,4,1,0,1,6,0,3,38,11,52,4,4,38,12,58,0,18,18,76
01/27/2023,ADQ,AK,AAL,WE,Federal Contract Tower,4,5,0,2,11,0,1,30,5,36,4,6,30,7,47,0,26,26,73
01/28/2023,ADQ,AK,AAL,WE,Federal Contract Tower,1,0,0,0,1,0,0,0,0,0,1,0,0,0,1,0,0,0,1
01/29/2023,ADQ,AK,AAL,WE,Federal Contract Tower,2,9,0,1,12,0,0,0,0,0,2,9,0,1,12,0,0,0,12
01/30/2023,ADQ,AK,AAL,WE,Federal Contract Tower,6,13,0,4,23,0,0,0,5,5,6,13,0,9,28,0,6,6,34
02/01/2023,ADQ,AK,AAL,WE,Federal Contract Tower,5,2,0,1,8,0,4,39,23,66,5,6,39,24,74,0,12,12,86
02/02/2023,ADQ,AK,AAL,WE,Federal Contract Tower,4,3,2,2,11,0,4,33,39,76,4,7,35,41,87,0,36,36,123
02/03/2023,ADQ,AK,AAL,WE,Federal Contract Tower,4,5,0,2,11,0,6,19,12,37,4,11,19,14,48,0,4,4,52
02/05/2023,ADQ,AK,AAL,WE,Federal Contract Tower,2,11,0,0,13,0,0,0,0,0,2,11,0,0,13,0,0,0,13
02/06/2023,ADQ,AK,AAL,WE,Federal Contract Tower,4,1,2,0,7,0,2,30,36,68,4,3,32,36,75,8,54,62,137
02/07/2023,ADQ,AK,AAL,WE,Federal Contract Tower,4,3,0,0,7,0,3,19,33,55,4,6,19,33,62,0,52,52,114
02/08/2023,ADQ,AK,AAL,WE,Federal Contract Tower,4,5,0,2,11,0,2,38,22,62,4,7,38,24,73,0,52,52,125
02/09/2023,ADQ,AK,AAL,WE,Federal Contract Tower,4,4,0,3,11,0,4,38,19,61,4,8,38,22,72,10,34,44,116
02/10/2023,ADQ,AK,AAL,WE,Federal Contract Tower,4,8,0,1,13,0,2,6,1,9,4,10,6,2,22,0,0,0,22
02/11/2023,ADQ,AK,AAL,WE,Federal Contract Tower,2,2,0,0,4,0,0,28,4,32,2,2,28,4,36,8,20,28,64
02/12/2023,ADQ,AK,AAL,WE,Federal Contract Tower,2,3,0,0,5,0,0,0,2,2,2,3,0,2,7,0,0,0,7
02/13/2023,ADQ,AK,AAL,WE,Federal Contract Tower,4,2,0,0,6,0,10,17,24,51,4,12,17,24,57,0,8,8,65
02/14/2023,ADQ,AK,AAL,WE,Federal Contract Tower,4,6,0,0,10,0,5,17,13,35,4,11,17,13,45,0,46,46,91
02/15/2023,ADQ,AK,AAL,WE,Federal Contract Tower,4,3,0,0,7,0,3,27,30,60,4,6,27,30,67,0,46,46,113
02/16/2023,ADQ,AK,AAL,WE,Federal Contract Tower,4,3,0,0,7,0,1,20,12,33,4,4,20,12,40,0,26,26,66
02/17/2023,ADQ,AK,AAL,WE,Federal Contract Tower,4,2,0,0,6,0,8,32,2,42,4,10,32,2,48,20,10,30,78
02/18/2023,ADQ,AK,AAL,WE,Federal Contract Tower,3,4,1,0,8,1,1,9,4,15,4,5,10,4,23,0,8,8,31
02/19/2023,ADQ,AK,AAL,WE,Federal Contract Tower,2,2,0,0,4,0,6,17,7,30,2,8,17,7,34,4,16,20,54
02/20/2023,ADQ,AK,AAL,WE,Federal Contract Tower,6,3,0,0,9,0,2,18,5,25,6,5,18,5,34,0,2,2,36
02/21/2023,ADQ,AK,AAL,WE,Federal Contract Tower,4,2,0,0,6,0,3,48,19,70,4,5,48,19,76,46,24,70,146
02/22/2023,ADQ,AK,AAL,WE,Federal Contract Tower,3,3,0,2,8,0,2,32,14,48,3,5,32,16,56,2,48,50,106
02/23/2023,ADQ,AK,AAL,WE,Federal Contract Tower,4,7,0,0,11,0,1,35,16,52,4,8,35,16,63,0,8,8,71
02/24/2023,ADQ,AK,AAL,WE,Federal Contract Tower,3,2,0,2,7,0,4,32,7,43,3,6,32,9,50,20,0,20,70
02/25/2023,ADQ,AK,AAL,WE,Federal Contract Tower,1,4,0,0,5,0,0,23,3,26,1,4,23,3,31,8,0,8,39
02/26/2023,ADQ,AK,AAL,WE,Federal Contract Tower,2,4,0,0,6,0,4,5,6,15,2,8,5,6,21,0,0,0,21
02/27/2023,ADQ,AK,AAL,WE,Federal Contract Tower,6,5,1,3,15,0,4,48,12,64,6,9,49,15,79,0,22,22,101
02/28/2023,ADQ,AK,AAL,WE,Federal Contract Tower,3,7,1,1,12,0,3,0,6,9,3,10,1,7,21,0,12,12,33
03/01/2023,ADQ,AK,AAL,WE,Federal Contract Tower,0,3,0,0,3,0,5,0,6,11,0,8,0,6,14,0,18,18,32
03/02/2023,ADQ,AK,AAL,WE,Federal Contract Tower,3,4,0,2,9,0,11,0,13,24,3,15,0,15,33,0,22,22,55
03/03/2023,ADQ,AK,AAL,WE,Federal Contract Tower,1,1,0,0,2,0,0,0,0,0,1,1,0,0,2,0,0,0,2
03/04/2023,ADQ,AK,AAL,WE,Federal Contract Tower,5,2,0,0,7,0,6,48,9,63,5,8,48,9,70,20,8,28,98
03/05/2023,ADQ,AK,AAL,WE,Federal Contract Tower,2,4,0,0,6,0,6,8,5,19,2,10,8,5,25,0,0,0,25
03/06/2023,ADQ,AK,AAL,WE,Federal Contract Tower,6,1,0,1,8,0,9,53,19,81,6,10,53,20,89,0,24,24,113
03/07/2023,ADQ,AK,AAL,WE,Federal Contract Tower,4,1,2,1,8,0,3,36,15,54,4,4,38,16,62,0,22,22,84
03/08/2023,ADQ,AK,AAL,WE,Federal Contract Tower,3,2,0,0,5,1,4,48,22,75,4,6,48,22,80,24,18,42,122
03/09/2023,ADQ,AK,AAL,WE,Federal Contract Tower,4,0,2,0,6,0,4,29,22,55,4,4,31,22,61,6,10,16,77
03/10/2023,ADQ,AK,AAL,WE,Federal Contract Tower,1,1,0,1,3,0,4,18,12,34,1,5,18,13,37,0,0,0,37
03/11/2023,ADQ,AK,AAL,WE,Federal Contract Tower,4,2,0,0,6,0,3,39,3,45,4,5,39,3,51,0,0,0,51
03/12/2023,ADQ,AK,AAL,WE,Federal Contract Tower,6,3,0,0,9,0,3,6,4,13,6,6,6,4,22,6,14,20,42
03/13/2023,ADQ,AK,AAL,WE,Federal Contract Tower,5,3,0,0,8,1,4,0,12,17,6,7,0,12,25,0,6,6,31
03/14/2023,ADQ,AK,AAL,WE,Federal Contract Tower,4,1,0,2,7,0,3,45,9,57,4,4,45,11,64,0,4,4,68
03/15/2023,ADQ,AK,AAL,WE,Federal Contract Tower,4,2,0,3,9,0,4,11,12,27,4,6,11,15,36,0,0,0,36
03/16/2023,ADQ,AK,AAL,WE,Federal Contract Tower,3,7,0,2,12,0,1,18,8,27,3,8,18,10,39,0,0,0,39
03/17/2023,ADQ,AK,AAL,WE,Federal Contract Tower,2,1,0,0,3,0,0,0,0,0,2,1,0,0,3,0,0,0,3
03/18/2023,ADQ,AK,AAL,WE,Federal Contract Tower,4,2,1,0,7,0,2,40,7,49,4,4,41,7,56,0,2,2,58
03/19/2023,ADQ,AK,AAL,WE,Federal Contract Tower,4,2,0,1,7,0,3,0,2,5,4,5,0,3,12,0,0,0,12
03/20/2023,ADQ,AK,AAL,WE,Federal Contract Tower,6,2,0,8,16,0,2,16,8,26,6,4,16,16,42,8,0,8,50
03/21/2023,ADQ,AK,AAL,WE,Federal Contract Tower,5,1,0,1,7,0,7,50,28,85,5,8,50,29,92,0,32,32,124
03/22/2023,ADQ,AK,AAL,WE,Federal Contract Tower,4,10,0,0,14,0,0,0,2,2,4,10,0,2,16,0,6,6,22
03/23/2023,ADQ,AK,AAL,WE,Federal Contract Tower,4,1,0,0,5,0,9,15,25,49,4,10,15,25,54,4,26,30,84
03/24/2023,ADQ,AK,AAL,WE,Federal Contract Tower,4,3,0,1,8,0,9,37,14,60,4,12,37,15,68,0,0,0,68
03/25/2023,ADQ,AK,AAL,WE,Federal Contract Tower,2,0,0,0,2,0,0,25,4,29,2,0,25,4,31,24,2,26,57
03/26/2023,ADQ,AK,AAL,WE,Federal Contract Tower,2,0,0,0,2,0,3,5,7,15,2,3,5,7,17,0,26,26,43
03/27/2023,ADQ,AK,AAL,WE,Federal Contract Tower,5,1,0,3,9,1,4,36,25,66,6,5,36,28,75,4,34,38,113
03/28/2023,ADQ,AK,AAL,WE,Federal Contract Tower,3,3,0,1,7,1,5,35,23,64,4,8,35,24,71,8,44,52,123
03/29/2023,ADQ,AK,AAL,WE,Federal Contract Tower,4,6,0,2,12,0,0,25,13,38,4,6,25,15,50,0,16,16,66
03/30/2023,ADQ,AK,AAL,WE,Federal Contract Tower,4,12,0,1,17,0,0,19,18,37,4,12,19,19,54,0,40,40,94
03/31/2023,ADQ,AK,AAL,WE,Federal Contract Tower,4,0,0,1,5,0,6,9,27,42,4,6,9,28,47,0,64,64,111
04/01/2023,ADQ,AK,AAL,WE,Federal Contract Tower,1,2,0,1,4,0,0,3,5,8,1,2,3,6,12,0,36,36,48
04/02/2023,ADQ,AK,AAL,WE,Federal Contract Tower,4,0,0,0,4,0,8,31,6,45,4,8,31,6,49,6,10,16,65
04/03/2023,ADQ,AK,AAL,WE,Federal Contract Tower,4,5,0,3,12,0,0,0,1,1,4,5,0,4,13,0,0,0,13
04/04/2023,ADQ,AK,AAL,WE,Federal Contract Tower,3,7,0,6,16,0,2,35,19,56,3,9,35,25,72,16,12,28,100
04/05/2023,ADQ,AK,AAL,WE,Federal Contract Tower,4,2,0,2,8,0,5,23,29,57,4,7,23,31,65,8,24,32,97
04/06/2023,ADQ,AK,AAL,WE,Federal Contract Tower,3,1,0,2,6,0,4,36,28,68,3,5,36,30,74,0,52,52,126
04/07/2023,ADQ,AK,AAL,WE,Federal Contract Tower,4,1,0,0,5,0,5,42,30,77,4,6,42,30,82,18,52,70,152
04/08/2023,ADQ,AK,AAL,WE,Federal Contract Tower,2,0,0,0,2,0,0,16,5,21,2,0,16,5,23,0,0,0,23
04/09/2023,ADQ,AK,AAL,WE,Federal Contract Tower,3,2,0,0,5,0,0,0,4,4,3,2,0,4,9,0,20,20,29
04/10/2023,ADQ,AK,AAL,WE,Federal Contract Tower,6,4,0,1,11,0,11,15,11,37,6,15,15,12,48,0,36,36,84
04/11/2023,ADQ,AK,AAL,WE,Federal Contract Tower,3,5,1,4,13,0,0,31,15,46,3,5,32,19,59,0,80,80,139
04/12/2023,ADQ,AK,AAL,WE,Federal Contract Tower,3,1,0,0,4,0,5,24,20,49,3,6,24,20,53,0,92,92,145
04/13/2023,ADQ,AK,AAL,WE,Federal Contract Tower,2,4,0,3,9,0,1,41,17,59,2,5,41,20,68,0,56,56,124
04/14/2023,ADQ,AK,AAL,WE,Federal Contract Tower,4,6,0,0,10,0,6,33,11,50,4,12,33,11,60,0,6,6,66
04/15/2023,ADQ,AK,AAL,WE,Federal Contract Tower,2,1,0,0,3,0,0,0,0,0,2,1,0,0,3,0,0,0,3
04/16/2023,ADQ,AK,AAL,WE,Federal Contract Tower,2,6,0,0,8,0,2,7,8,17,2,8,7,8,25,0,20,20,45
04/17/2023,ADQ,AK,AAL,WE,Federal Contract Tower,6,2,0,0,8,0,6,22,20,48,6,8,22,20,56,0,44,44,100
04/18/2023,ADQ,AK,AAL,WE,Federal Contract Tower,3,2,0,0,5,0,9,48,0,57,3,11,48,0,62,4,0,4,66
04/19/2023,ADQ,AK,AAL,WE,Federal Contract Tower,2,1,0,2,5,1,3,37,14,55,3,4,37,16,60,8,10,18,78
04/20/2023,ADQ,AK,AAL,WE,Federal Contract Tower,4,0,0,2,6,0,4,50,27,81,4,4,50,29,87,0,34,34,121
04/21/2023,ADQ,AK,AAL,WE,Federal Contract Tower,5,0,0,0,5,0,6,48,22,76,5,6,48,22,81,6,28,34,115
04/22/2023,ADQ,AK,AAL,WE,Federal Contract Tower,6,0,0,0,6,0,0,37,5,42,6,0,37,5,48,0,0,0,48
04/23/2023,ADQ,AK,AAL,WE,Federal Contract Tower,8,1,0,0,9,0,3,15,2,20,8,4,15,2,29,0,0,0,29
04/24/2023,ADQ,AK,AAL,WE,Federal Contract Tower,3,2,0,0,5,0,4,36,14,54,3,6,36,14,59,2,28,30,89
04/25/2023,ADQ,AK,AAL,WE,Federal Contract Tower,4,6,12,2,24,0,0,19,11,30,4,6,31,13,54,4,12,16,70
04/26/2023,ADQ,AK,AAL,WE,Federal Contract Tower,3,1,5,3,12,0,3,35,24,62,3,4,40,27,74,14,16,30,104
04/27/2023,ADQ,AK,AAL,WE,Federal Contract Tower,3,1,0,1,5,0,5,36,23,64,3,6,36,24,69,8,42,50,119
04/28/2023,ADQ,AK,AAL,WE,Federal Contract Tower,5,5,5,2,17,0,0,25,5,30,5,5,30,7,47,4,32,36,83
04/29/2023,ADQ,AK,AAL,WE,Federal Contract Tower,5,2,1,0,8,0,0,51,5,56,5,2,52,5,64,6,12,18,82
04/30/2023,ADQ,AK,AAL,WE,Federal Contract Tower,7,4,1,2,14,0,0,9,1,10,7,4,10,3,24,0,30,30,54
05/01/2023,ADQ,AK,AAL,WE,Federal Contract Tower,2,11,0,1,14,0,0,12,16,28,2,11,12,17,42,0,8,8,50
05/02/2023,ADQ,AK,AAL,WE,Federal Contract Tower,3,2,0,0,5,0,3,42,14,59,3,5,42,14,64,0,16,16,80
05/03/2023,ADQ,AK,AAL,WE,Federal Contract Tower,5,6,0,3,14,0,1,46,9,56,5,7,46,12,70,0,6,6,76
05/04/2023,ADQ,AK,AAL,WE,Federal Contract Tower,4,12,1,3,20,0,0,10,1,11,4,12,11,4,31,0,4,4,35
05/05/2023,ADQ,AK,AAL,WE,Federal Contract Tower,5,4,6,8,23,0,0,20,7,27,5,4,26,15,50,0,0,0,50
05/06/2023,ADQ,AK,AAL,WE,Federal Contract Tower,5,2,0,1,8,0,0,30,10,40,5,2,30,11,48,0,16,16,64
05/07/2023,ADQ,AK,AAL,WE,Federal Contract Tower,5,4,0,1,10,0,1,22,4,27,5,5,22,5,37,4,20,24,61
05/08/2023,ADQ,AK,AAL,WE,Federal Contract Tower,3,6,0,1,10,0,0,8,6,14,3,6,8,7,24,0,0,0,24
05/09/2023,ADQ,AK,AAL,WE,Federal Contract Tower,3,8,0,5,16,0,0,1,0,1,3,8,1,5,17,0,0,0,17
05/10/2023,ADQ,AK,AAL,WE,Federal Contract Tower,3,2,0,0,5,0,0,0,0,0,3,2,0,0,5,0,0,0,5
05/11/2023,ADQ,AK,AAL,WE,Federal Contract Tower,3,11,1,5,20,0,1,44,4,49,3,12,45,9,69,0,0,0,69
05/12/2023,ADQ,AK,AAL,WE,Federal Contract Tower,5,11,0,4,20,0,0,20,4,24,5,11,20,8,44,0,0,0,44
05/13/2023,ADQ,AK,AAL,WE,Federal Contract Tower,5,1,2,1,9,0,0,12,2,14,5,1,14,3,23,0,0,0,23
05/14/2023,ADQ,AK,AAL,WE,Federal Contract Tower,7,10,0,1,18,0,0,11,2,13,7,10,11,3,31,0,0,0,31
05/15/2023,ADQ,AK,AAL,WE,Federal Contract Tower,4,5,0,5,14,0,0,14,9,23,4,5,14,14,37,0,4,4,41
05/16/2023,ADQ,AK,AAL,WE,Federal Contract Tower,3,3,0,1,7,0,5,60,6,71,3,8,60,7,78,12,0,12,90
05/17/2023,ADQ,AK,AAL,WE,Federal Contract Tower,3,3,1,2,9,0,6,48,20,74,3,9,49,22,83,20,0,20,103
05/18/2023,ADQ,AK,AAL,WE,Federal Contract Tower,6,3,0,2,11,0,8,59,18,85,6,11,59,20,96,4,20,24,120
05/19/2023,ADQ,AK,AAL,WE,Federal Contract Tower,3,4,0,0,7,0,0,2,0,2,3,4,2,0,9,0,0,0,9
05/20/2023,ADQ,AK,AAL,WE,Federal Contract Tower,5,4,4,2,15,0,4,23,0,27,5,8,27,2,42,22,0,22,64
05/21/2023,ADQ,AK,AAL,WE,Federal Contract Tower,5,9,2,2,18,0,0,9,0,9,5,9,11,2,27,0,0,0,27
05/22/2023,ADQ,AK,AAL,WE,Federal Contract Tower,7,4,6,3,20,0,0,4,4,8,7,4,10,7,28,0,8,8,36
05/23/2023,ADQ,AK,AAL,WE,Federal Contract Tower,4,10,0,7,21,0,0,0,0,0,4,10,0,7,21,0,6,6,27
05/24/2023,ADQ,AK,AAL,WE,Federal Contract Tower,3,7,0,6,16,0,1,45,21,67,3,8,45,27,83,0,40,40,123
05/25/2023,ADQ,AK,AAL,WE,Federal Contract Tower,5,4,0,1,10,0,5,63,12,80,5,9,63,13,90,10,26,36,126
05/26/2023,ADQ,AK,AAL,WE,Federal Contract Tower,5,3,1,0,9,0,5,38,4,47,5,8,39,4,56,34,0,34,90
05/27/2023,ADQ,AK,AAL,WE,Federal Contract Tower,5,0,0,3,8,0,0,13,4,17,5,0,13,7,25,0,0,0,25
05/28/2023,ADQ,AK,AAL,WE,Federal Contract Tower,4,9,0,0,13,1,6,28,4,39,5,15,28,4,52,16,16,32,84
05/29/2023,ADQ,AK,AAL,WE,Federal Contract Tower,5,0,0,1,6,0,0,69,7,76,5,0,69,8,82,0,22,22,104
05/30/2023,ADQ,AK,AAL,WE,Federal Contract Tower,3,4,3,3,13,0,3,61,8,72,3,7,64,11,85,20,8,28,113
05/31/2023,ADQ,AK,AAL,WE,Federal Contract Tower,5,3,1,1,10,0,5,55,20,80,5,8,56,21,90,0,6,6,96
06/01/2023,ADQ,AK,AAL,WE,Federal Contract Tower,4,1,0,2,7,2,5,49,18,74,6,6,49,20,81,6,4,10,91
06/02/2023,ADQ,AK,AAL,WE,Federal Contract Tower,5,5,0,0,10,0,4,49,23,76,5,9,49,23,86,0,62,62,148
06/03/2023,ADQ,AK,AAL,WE,Federal Contract Tower,5,1,0,0,6,0,1,33,6,40,5,2,33,6,46,0,12,12,58
06/04/2023,ADQ,AK,AAL,WE,Federal Contract Tower,8,9,3,3,23,0,0,7,2,9,8,9,10,5,32,0,0,0,32
06/05/2023,ADQ,AK,AAL,WE,Federal Contract Tower,5,3,0,3,11,0,0,0,0,0,5,3,0,3,11,0,0,0,11
06/06/2023,ADQ,AK,AAL,WE,Federal Contract Tower,2,7,0,0,9,0,1,1,0,2,2,8,1,0,11,0,0,0,11
06/07/2023,ADQ,AK,AAL,WE,Federal Contract Tower,3,12,0,4,19,0,0,2,3,5,3,12,2,7,24,0,0,0,24
06/08/2023,ADQ,AK,AAL,WE,Federal Contract Tower,6,7,1,1,15,0,0,0,0,0,6,7,1,1,15,0,0,0,15
06/09/2023,ADQ,AK,AAL,WE,Federal Contract Tower,5,14,20,1,40,0,1,9,2,12,5,15,29,3,52,0,0,0,52
06/10/2023,ADQ,AK,AAL,WE,Federal Contract Tower,7,4,2,4,17,0,1,40,3,44,7,5,42,7,61,0,0,0,61
06/11/2023,ADQ,AK,AAL,WE,Federal Contract Tower,6,9,0,1,16,1,0,3,3,7,7,9,3,4,23,0,0,0,23
06/12/2023,ADQ,AK,AAL,WE,Federal Contract Tower,5,4,1,4,14,4,3,62,17,86,9,7,63,21,100,2,44,46,146
06/13/2023,ADQ,AK,AAL,WE,Federal Contract Tower,4,2,0,3,9,0,3,45,20,68,4,5,45,23,77,8,0,8,85
06/14/2023,ADQ,AK,AAL,WE,Federal Contract Tower,4,7,3,2,16,0,1,23,11,35,4,8,26,13,51,0,18,18,69
06/15/2023,ADQ,AK,AAL,WE,Federal Contract Tower,5,5,0,3,13,0,0,0,0,0,5,5,0,3,13,0,0,0,13
06/16/2023,ADQ,AK,AAL,WE,Federal Contract Tower,6,2,0,1,9,0,6,58,6,70,6,8,58,7,79,0,6,6,85
06/17/2023,ADQ,AK,AAL,WE,Federal Contract Tower,5,0,0,3,8,0,3,37,2,42,5,3,37,5,50,0,0,0,50
06/18/2023,ADQ,AK,AAL,WE,Federal Contract Tower,8,1,0,0,9,0,4,18,2,24,8,5,18,2,33,0,0,0,33
06/19/2023,ADQ,AK,AAL,WE,Federal Contract Tower,7,2,2,0,11,0,3,46,2,51,7,5,48,2,62,0,0,0,62
06/20/2023,ADQ,AK,AAL,WE,Federal Contract Tower,5,3,0,3,11,0,8,30,12,50,5,11,30,15,61,2,26,28,89
06/21/2023,ADQ,AK,AAL,WE,Federal Contract Tower,4,7,6,1,18,1,1,9,1,12,5,8,15,2,30,0,0,0,30
06/22/2023,ADQ,AK,AAL,WE,Federal Contract Tower,5,7,0,1,13,0,0,0,0,0,5,7,0,1,13,0,0,0,13
06/23/2023,ADQ,AK,AAL,WE,Federal Contract Tower,6,6,2,1,15,1,6,30,2,39,7,12,32,3,54,2,0,2,56
06/24/2023,ADQ,AK,AAL,WE,Federal Contract Tower,6,4,6,3,19,0,0,4,0,4,6,4,10,3,23,0,0,0,23
06/25/2023,ADQ,AK,AAL,WE,Federal Contract Tower,5,6,2,0,13,0,3,29,5,37,5,9,31,5,50,0,0,0,50
06/26/2023,ADQ,AK,AAL,WE,Federal Contract Tower,5,6,5,2,18,0,0,33,9,42,5,6,38,11,60,0,6,6,66
06/27/2023,ADQ,AK,AAL,WE,Federal Contract Tower,3,6,6,10,25,0,0,1,7,8,3,6,7,17,33,0,24,24,57
06/28/2023,ADQ,AK,AAL,WE,Federal Contract Tower,4,6,5,7,22,0,5,58,8,71,4,11,63,15,93,0,4,4,97
06/29/2023,ADQ,AK,AAL,WE,Federal Contract Tower,6,8,0,1,15,0,6,58,16,80,6,14,58,17,95,0,58,58,153
06/30/2023,ADQ,AK,AAL,WE,Federal Contract Tower,6,8,0,0,14,0,2,56,9,67,6,10,56,9,81,30,36,66,147
07/01/2023,ADQ,AK,AAL,WE,Federal Contract Tower,6,3,5,1,15,0,0,23,5,28,6,3,28,6,43,0,0,0,43
07/02/2023,ADQ,AK,AAL,WE,Federal Contract Tower,6,6,0,1,13,0,1,9,3,13,6,7,9,4,26,0,0,0,26
07/03/2023,ADQ,AK,AAL,WE,Federal Contract Tower,5,4,0,2,11,0,0,47,1,48,5,4,47,3,59,0,0,0,59
07/04/2023,ADQ,AK,AAL,WE,Federal Contract Tower,4,2,1,0,7,0,2,15,4,21,4,4,16,4,28,0,2,2,30
07/05/2023,ADQ,AK,AAL,WE,Federal Contract Tower,3,5,1,4,13,0,0,0,6,6,3,5,1,10,19,0,4,4,23
07/06/2023,ADQ,AK,AAL,WE,Federal Contract Tower,5,3,3,2,13,0,4,47,20,71,5,7,50,22,84,24,12,36,120
07/07/2023,ADQ,AK,AAL,WE,Federal Contract Tower,5,6,0,1,12,1,1,35,15,52,6,7,35,16,64,46,34,80,144
07/08/2023,ADQ,AK,AAL,WE,Federal Contract Tower,4,2,0,0,6,0,0,53,2,55,4,2,53,2,61,2,14,16,77
07/09/2023,ADQ,AK,AAL,WE,Federal Contract Tower,7,6,1,1,15,0,0,24,5,29,7,6,25,6,44,12,0,12,56
07/10/2023,ADQ,AK,AAL,WE,Federal Contract Tower,3,8,2,2,15,0,0,4,4,8,3,8,6,6,23,0,0,0,23
07/11/2023,ADQ,AK,AAL,WE,Federal Contract Tower,6,13,3,3,25,0,0,0,17,17,6,13,3,20,42,0,92,92,134
07/12/2023,ADQ,AK,AAL,WE,Federal Contract Tower,3,6,4,1,14,1,4,74,20,99,4,10,78,21,113,6,8,14,127
07/13/2023,ADQ,AK,AAL,WE,Federal Contract Tower,5,2,1,0,8,0,4,55,18,77,5,6,56,18,85,0,32,32,117
07/14/2023,ADQ,AK,AAL,WE,Federal Contract Tower,6,3,0,1,10,0,2,51,10,63,6,5,51,11,73,0,38,38,111
07/15/2023,ADQ,AK,AAL,WE,Federal Contract Tower,3,4,2,0,9,0,0,9,3,12,3,4,11,3,21,0,6,6,27
07/16/2023,ADQ,AK,AAL,WE,Federal Contract Tower,7,6,1,0,14,1,0,49,1,51,8,6,50,1,65,0,0,0,65
07/17/2023,ADQ,AK,AAL,WE,Federal Contract Tower,5,4,1,2,12,0,0,27,13,40,5,4,28,15,52,2,18,20,72
07/18/2023,ADQ,AK,AAL,WE,Federal Contract Tower,4,6,1,2,13,0,0,45,16,61,4,6,46,18,74,2,50,52,126
07/19/2023,ADQ,AK,AAL,WE,Federal Contract Tower,4,8,11,3,26,0,0,14,5,19,4,8,25,8,45,10,4,14,59
07/20/2023,ADQ,AK,AAL,WE,Federal Contract Tower,3,3,2,2,10,0,8,49,25,82,3,11,51,27,92,6,52,58,150
07/21/2023,ADQ,AK,AAL,WE,Federal Contract Tower,5,2,4,0,11,0,6,50,12,68,5,8,54,12,79,2,0,2,81
07/22/2023,ADQ,AK,AAL,WE,Federal Contract Tower,4,6,0,1,11,0,4,28,7,39,4,10,28,8,50,20,0,20,70
07/23/2023,ADQ,AK,AAL,WE,Federal Contract Tower,8,2,0,0,10,0,4,24,3,31,8,6,24,3,41,0,0,0,41
07/24/2023,ADQ,AK,AAL,WE,Federal Contract Tower,5,3,0,0,8,0,1,53,9,63,5,4,53,9,71,0,0,0,71
07/25/2023,ADQ,AK,AAL,WE,Federal Contract Tower,3,1,2,0,6,0,3,49,13,65,3,4,51,13,71,0,16,16,87
07/26/2023,ADQ,AK,AAL,WE,Federal Contract Tower,9,5,2,2,18,0,1,56,14,71,9,6,58,16,89,0,0,0,89
07/27/2023,ADQ,AK,AAL,WE,Federal Contract Tower,5,5,0,0,10,1,0,43,16,60,6,5,43,16,70,0,0,0,70
07/28/2023,ADQ,AK,AAL,WE,Federal Contract Tower,5,6,0,0,11,0,0,15,12,27,5,6,15,12,38,0,38,38,76
07/29/2023,ADQ,AK,AAL,WE,Federal Contract Tower,4,2,0,3,9,0,0,36,2,38,4,2,36,5,47,0,0,0,47
07/30/2023,ADQ,AK,AAL,WE,Federal Contract Tower,7,2,1,1,11,0,4,40,3,47,7,6,41,4,58,0,4,4,62
07/31/2023,ADQ,AK,AAL,WE,Federal Contract Tower,5,1,0,1,7,0,4,62,17,83,5,5,62,18,90,0,24,24,114
08/01/2023,ADQ,AK,AAL,WE,Federal Contract Tower,2,4,0,1,7,1,4,58,12,75,3,8,58,13,82,0,16,16,98
08/02/2023,ADQ,AK,AAL,WE,Federal Contract Tower,4,0,4,0,8,0,6,59,24,89,4,6,63,24,97,0,66,66,163
08/03/2023,ADQ,AK,AAL,WE,Federal Contract Tower,5,7,6,3,21,0,0,31,3,34,5,7,37,6,55,0,0,0,55
08/04/2023,ADQ,AK,AAL,WE,Federal Contract Tower,6,7,3,1,17,0,2,57,3,62,6,9,60,4,79,4,28,32,111
08/05/2023,ADQ,AK,AAL,WE,Federal Contract Tower,4,2,4,0,10,0,0,51,0,51,4,2,55,0,61,38,0,38,99
08/06/2023,ADQ,AK,AAL,WE,Federal Contract Tower,6,7,2,1,16,0,0,20,6,26,6,7,22,7,42,0,0,0,42
08/07/2023,ADQ,AK,AAL,WE,Federal Contract Tower,7,7,6,8,28,0,1,32,1,34,7,8,38,9,62,0,0,0,62
08/08/2023,ADQ,AK,AAL,WE,Federal Contract Tower,4,1,6,2,13,0,3,67,17,87,4,4,73,19,100,0,6,6,106
08/09/2023,ADQ,AK,AAL,WE,Federal Contract Tower,4,6,2,3,15,0,0,46,9,55,4,6,48,12,70,6,36,42,112
08/10/2023,ADQ,AK,AAL,WE,Federal Contract Tower,6,7,1,4,18,0,2,52,11,65,6,9,53,15,83,0,4,4,87
08/11/2023,ADQ,AK,AAL,WE,Federal Contract Tower,5,6,1,4,16,0,5,53,3,61,5,11,54,7,77,0,8,8,85
08/12/2023,ADQ,AK,AAL,WE,Federal Contract Tower,3,7,1,1,12,1,0,10,1,12,4,7,11,2,24,0,0,0,24
08/13/2023,ADQ,AK,AAL,WE,Federal Contract Tower,7,4,1,0,12,0,5,21,6,32,7,9,22,6,44,2,14,16,60
08/14/2023,ADQ,AK,AAL,WE,Federal Contract Tower,5,5,3,6,19,0,0,25,3,28,5,5,28,9,47,0,0,0,47
08/15/2023,ADQ,AK,AAL,WE,Federal Contract Tower,4,3,0,4,11,0,3,35,29,67,4,6,35,33,78,0,48,48,126
08/16/2023,ADQ,AK,AAL,WE,Federal Contract Tower,4,7,3,4,18,0,2,37,24,63,4,9,40,28,81,8,8,16,97
08/17/2023,ADQ,AK,AAL,WE,Federal Contract Tower,6,1,1,5,13,0,5,56,25,86,6,6,57,30,99,0,18,18,117
08/18/2023,ADQ,AK,AAL,WE,Federal Contract Tower,6,1,0,0,7,0,4,48,15,67,6,5,48,15,74,0,0,0,74
08/19/2023,ADQ,AK,AAL,WE,Federal Contract Tower,4,3,0,0,7,0,1,41,4,46,4,4,41,4,53,0,0,0,53
08/20/2023,ADQ,AK,AAL,WE,Federal Contract Tower,6,1,0,1,8,0,2,20,10,32,6,3,20,11,40,2,26,28,68
08/21/2023,ADQ,AK,AAL,WE,Federal Contract Tower,8,3,3,0,14,0,2,41,17,60,8,5,44,17,74,0,46,46,120
08/22/2023,ADQ,AK,AAL,WE,Federal Contract Tower,4,11,2,3,20,0,4,31,1,36,4,15,33,4,56,0,0,0,56
08/23/2023,ADQ,AK,AAL,WE,Federal Contract Tower,4,4,0,2,10,0,4,53,12,69,4,8,53,14,79,0,8,8,87
08/24/2023,ADQ,AK,AAL,WE,Federal Contract Tower,6,5,0,3,14,0,4,46,11,61,6,9,46,14,75,0,26,26,101
08/25/2023,ADQ,AK,AAL,WE,Federal Contract Tower,6,6,4,1,17,0,4,38,2,44,6,10,42,3,61,0,0,0,61
08/26/2023,ADQ,AK,AAL,WE,Federal Contract Tower,4,1,3,0,8,0,0,10,7,17,4,1,13,7,25,0,0,0,25
08/27/2023,ADQ,AK,AAL,WE,Federal Contract Tower,6,4,1,0,11,1,2,46,2,51,7,6,47,2,62,0,0,0,62
08/28/2023,ADQ,AK,AAL,WE,Federal Contract Tower,5,6,1,4,16,0,0,0,0,0,5,6,1,4,16,0,0,0,16
08/29/2023,ADQ,AK,AAL,WE,Federal Contract Tower,4,2,2,1,9,0,3,63,18,84,4,5,65,19,93,8,54,62,155
08/30/2023,ADQ,AK,AAL,WE,Federal Contract Tower,4,7,1,3,15,0,1,41,5,47,4,8,42,8,62,0,6,6,68
08/31/2023,ADQ,AK,AAL,WE,Federal Contract Tower,5,3,0,1,9,1,2,6,16,25,6,5,6,17,34,0,20,20,54
