01/01/2020,ADS,TX,ASW,CE,Towers with Radar,0,13,55,0,68,0,0,80,3,83,0,13,135,3,151,10,0,10,161
01/02/2020,ADS,TX,ASW,CE,Towers with Radar,0,10,82,0,92,0,4,218,0,222,0,14,300,0,314,4,0,4,318
01/03/2020,ADS,TX,ASW,CE,Towers with Radar,0,8,83,0,91,0,2,148,0,150,0,10,231,0,241,10,0,10,251
01/04/2020,ADS,TX,ASW,CE,Towers with Radar,0,14,69,2,85,0,0,298,1,299,0,14,367,3,384,7,0,7,391
01/05/2020,ADS,TX,ASW,CE,Towers with Radar,1,10,81,0,92,0,0,246,0,246,1,10,327,0,338,14,0,14,352
01/06/2020,ADS,TX,ASW,CE,Towers with Radar,0,15,77,0,92,0,1,275,1,277,0,16,352,1,369,3,0,3,372
01/07/2020,ADS,TX,ASW,CE,Towers with Radar,0,15,91,0,106,0,5,309,4,318,0,20,400,4,424,24,0,24,448
01/08/2020,ADS,TX,ASW,CE,Towers with Radar,0,16,69,0,85,0,3,268,0,271,0,19,337,0,356,19,0,19,375
01/09/2020,ADS,TX,ASW,CE,Towers with Radar,0,29,121,0,150,0,0,9,0,9,0,29,130,0,159,2,0,2,161
01/10/2020,ADS,TX,ASW,CE,Towers with Radar,1,19,52,0,72,0,0,3,0,3,1,19,55,0,75,0,0,0,75
01/11/2020,ADS,TX,ASW,CE,Towers with Radar,0,24,56,0,80,0,0,80,1,81,0,24,136,1,161,5,0,5,166
01/12/2020,ADS,TX,ASW,CE,Towers with Radar,0,18,101,0,119,0,0,266,1,267,0,18,367,1,386,5,0,5,391
01/13/2020,ADS,TX,ASW,CE,Towers with Radar,0,12,108,2,122,0,0,12,0,12,0,12,120,2,134,0,0,0,134
01/14/2020,ADS,TX,ASW,CE,Towers with Radar,0,18,123,0,141,0,2,168,0,170,0,20,291,0,311,43,0,43,354
01/15/2020,ADS,TX,ASW,CE,Towers with Radar,0,21,131,0,152,0,1,106,0,107,0,22,237,0,259,30,0,30,289
01/16/2020,ADS,TX,ASW,CE,Towers with Radar,0,22,72,1,95,0,0,0,0,0,0,22,72,1,95,0,0,0,95
01/17/2020,ADS,TX,ASW,CE,Towers with Radar,0,10,94,1,105,0,0,0,0,0,0,10,94,1,105,0,0,0,105
01/18/2020,ADS,TX,ASW,CE,Towers with Radar,0,9,70,0,79,0,1,268,0,269,0,10,338,0,348,18,0,18,366
01/19/2020,ADS,TX,ASW,CE,Towers with Radar,0,18,88,0,106,0,0,360,0,360,0,18,448,0,466,18,0,18,484
01/20/2020,ADS,TX,ASW,CE,Towers with Radar,1,18,93,0,112,0,8,312,1,321,1,26,405,1,433,6,0,6,439
01/21/2020,ADS,TX,ASW,CE,Towers with Radar,1,12,104,0,117,0,4,328,1,333,1,16,432,1,450,2,0,2,452
01/22/2020,ADS,TX,ASW,CE,Towers with Radar,2,20,67,0,89,0,0,1,0,1,2,20,68,0,90,0,0,0,90
01/23/2020,ADS,TX,ASW,CE,Towers with Radar,1,27,105,0,133,0,4,134,2,140,1,31,239,2,273,1,0,1,274
01/24/2020,ADS,TX,ASW,CE,Towers with Radar,0,26,103,0,129,0,4,296,0,300,0,30,399,0,429,31,0,31,460
01/25/2020,ADS,TX,ASW,CE,Towers with Radar,0,12,85,0,97,0,2,241,0,243,0,14,326,0,340,13,0,13,353
01/26/2020,ADS,TX,ASW,CE,Towers with Radar,0,14,144,0,158,0,0,88,0,88,0,14,232,0,246,2,0,2,248
01/27/2020,ADS,TX,ASW,CE,Towers with Radar,1,24,84,0,109,0,1,164,3,168,1,25,248,3,277,64,0,64,341
01/28/2020,ADS,TX,ASW,CE,Towers with Radar,0,14,81,0,95,0,0,9,0,9,0,14,90,0,104,6,0,6,110
01/29/2020,ADS,TX,ASW,CE,Towers with Radar,0,24,124,9,157,0,1,26,0,27,0,25,150,9,184,48,0,48,232
01/30/2020,ADS,TX,ASW,CE,Towers with Radar,1,24,123,0,148,0,2,6,2,10,1,26,129,2,158,7,0,7,165
01/31/2020,ADS,TX,ASW,CE,Towers with Radar,0,19,93,0,112,0,5,307,1,313,0,24,400,1,425,23,0,23,448
02/01/2020,ADS,TX,ASW,CE,Towers with Radar,1,7,55,0,63,0,1,309,1,311,1,8,364,1,374,8,0,8,382
02/02/2020,ADS,TX,ASW,CE,Towers with Radar,0,23,73,0,96,0,0,291,0,291,0,23,364,0,387,0,0,0,387
02/03/2020,ADS,TX,ASW,CE,Towers with Radar,0,20,104,0,124,0,3,159,2,164,0,23,263,2,288,1,0,1,289
02/04/2020,ADS,TX,ASW,CE,Towers with Radar,0,23,114,0,137,0,0,23,1,24,0,23,137,1,161,0,0,0,161
02/05/2020,ADS,TX,ASW,CE,Towers with Radar,0,13,56,0,69,0,0,1,0,1,0,13,57,0,70,0,0,0,70
02/06/2020,ADS,TX,ASW,CE,Towers with Radar,0,21,108,2,131,0,7,306,1,314,0,28,414,3,445,15,0,15,460
02/07/2020,ADS,TX,ASW,CE,Towers with Radar,1,17,122,0,140,0,8,406,0,414,1,25,528,0,554,7,0,7,561
02/08/2020,ADS,TX,ASW,CE,Towers with Radar,1,8,77,0,86,0,3,378,0,381,1,11,455,0,467,16,0,16,483
02/09/2020,ADS,TX,ASW,CE,Towers with Radar,0,15,77,0,92,0,0,0,0,0,0,15,77,0,92,0,0,0,92
02/10/2020,ADS,TX,ASW,CE,Towers with Radar,0,11,100,0,111,0,0,37,0,37,0,11,137,0,148,58,0,58,206
02/11/2020,ADS,TX,ASW,CE,Towers with Radar,0,20,70,0,90,0,0,1,0,1,0,20,71,0,91,0,0,0,91
02/12/2020,ADS,TX,ASW,CE,Towers with Radar,0,28,134,0,162,0,1,11,0,12,0,29,145,0,174,0,0,0,174
02/13/2020,ADS,TX,ASW,CE,Towers with Radar,0,41,140,1,182,0,12,274,0,286,0,53,414,1,468,62,0,62,530
02/14/2020,ADS,TX,ASW,CE,Towers with Radar,1,17,113,0,131,0,3,395,2,400,1,20,508,2,531,2,0,2,533
02/15/2020,ADS,TX,ASW,CE,Towers with Radar,1,10,54,0,65,0,4,280,0,284,1,14,334,0,349,9,0,9,358
02/16/2020,ADS,TX,ASW,CE,Towers with Radar,0,16,92,0,108,0,1,282,0,283,0,17,374,0,391,13,0,13,404
02/17/2020,ADS,TX,ASW,CE,Towers with Radar,0,13,155,0,168,0,8,164,2,174,0,21,319,2,342,16,0,16,358
02/18/2020,ADS,TX,ASW,CE,Towers with Radar,1,20,109,0,130,0,1,80,0,81,1,21,189,0,211,2,0,2,213
02/19/2020,ADS,TX,ASW,CE,Towers with Radar,0,29,119,0,148,0,1,83,1,85,0,30,202,1,233,7,0,7,240
02/20/2020,ADS,TX,ASW,CE,Towers with Radar,0,10,119,2,131,0,2,141,4,147,0,12,260,6,278,12,0,12,290
02/21/2020,ADS,TX,ASW,CE,Towers with Radar,0,13,95,0,108,0,4,361,0,365,0,17,456,0,473,2,0,2,475
02/22/2020,ADS,TX,ASW,CE,Towers with Radar,0,9,81,0,90,0,1,289,0,290,0,10,370,0,380,0,0,0,380
02/23/2020,ADS,TX,ASW,CE,Towers with Radar,0,21,92,0,113,0,0,30,0,30,0,21,122,0,143,0,0,0,143
02/24/2020,ADS,TX,ASW,CE,Towers with Radar,3,20,70,0,93,0,2,110,0,112,3,22,180,0,205,12,0,12,217
02/25/2020,ADS,TX,ASW,CE,Towers with Radar,2,26,103,0,131,0,2,292,1,295,2,28,395,1,426,6,0,6,432
02/26/2020,ADS,TX,ASW,CE,Towers with Radar,0,22,105,0,127,0,2,101,0,103,0,24,206,0,230,0,0,0,230
02/27/2020,ADS,TX,ASW,CE,Towers with Radar,2,19,116,0,137,0,4,351,0,355,2,23,467,0,492,16,0,16,508
02/28/2020,ADS,TX,ASW,CE,Towers with Radar,3,15,95,0,113,0,3,335,0,338,3,18,430,0,451,5,0,5,456
02/29/2020,ADS,TX,ASW,CE,Towers with Radar,4,15,68,0,87,0,3,285,0,288,4,18,353,0,375,2,0,2,377
03/01/2020,ADS,TX,ASW,CE,Towers with Radar,2,10,78,0,90,0,0,38,4,42,2,10,116,4,132,2,0,2,134
03/02/2020,ADS,TX,ASW,CE,Towers with Radar,0,18,98,0,116,0,2,157,0,159,0,20,255,0,275,26,0,26,301
03/03/2020,ADS,TX,ASW,CE,Towers with Radar,1,18,98,0,117,0,1,202,0,203,1,19,300,0,320,19,0,19,339
03/04/2020,ADS,TX,ASW,CE,Towers with Radar,0,22,69,0,91,0,0,6,0,6,0,22,75,0,97,0,0,0,97
03/05/2020,ADS,TX,ASW,CE,Towers with Radar,0,17,95,0,112,0,7,378,0,385,0,24,473,0,497,30,0,30,527
03/06/2020,ADS,TX,ASW,CE,Towers with Radar,0,16,94,0,110,0,6,359,0,365,0,22,453,0,475,12,0,12,487
03/07/2020,ADS,TX,ASW,CE,Towers with Radar,1,14,61,0,76,0,0,340,0,340,1,14,401,0,416,13,0,13,429
03/08/2020,ADS,TX,ASW,CE,Towers with Radar,0,22,86,0,108,0,0,121,0,121,0,22,207,0,229,16,0,16,245
03/09/2020,ADS,TX,ASW,CE,Towers with Radar,0,22,112,0,134,0,2,30,0,32,0,24,142,0,166,8,0,8,174
03/10/2020,ADS,TX,ASW,CE,Towers with Radar,0,23,126,0,149,0,3,412,0,415,0,26,538,0,564,1,0,1,565
03/11/2020,ADS,TX,ASW,CE,Towers with Radar,1,19,109,0,129,0,5,238,0,243,1,24,347,0,372,20,0,20,392
03/12/2020,ADS,TX,ASW,CE,Towers with Radar,0,19,155,0,174,0,3,187,0,190,0,22,342,0,364,1,0,1,365
03/13/2020,ADS,TX,ASW,CE,Towers with Radar,1,17,66,0,84,0,0,0,0,0,1,17,66,0,84,0,0,0,84
03/14/2020,ADS,TX,ASW,CE,Towers with Radar,0,14,70,0,84,0,0,1,0,1,0,14,71,0,85,0,0,0,85
03/15/2020,ADS,TX,ASW,CE,Towers with Radar,0,10,67,0,77,0,0,0,0,0,0,10,67,0,77,0,0,0,77
03/16/2020,ADS,TX,ASW,CE,Towers with Radar,1,15,97,0,113,0,0,26,0,26,1,15,123,0,139,44,0,44,183
03/17/2020,ADS,TX,ASW,CE,Towers with Radar,0,21,51,0,72,0,0,0,0,0,0,21,51,0,72,0,0,0,72
03/18/2020,ADS,TX,ASW,CE,Towers with Radar,0,6,85,0,91,0,1,108,0,109,0,7,193,0,200,45,0,45,245
03/19/2020,ADS,TX,ASW,CE,Towers with Radar,0,10,35,0,45,0,0,33,0,33,0,10,68,0,78,21,0,21,99
03/20/2020,ADS,TX,ASW,CE,Towers with Radar,1,18,104,1,124,0,2,138,0,140,1,20,242,1,264,31,0,31,295
03/21/2020,ADS,TX,ASW,CE,Towers with Radar,0,12,111,0,123,0,1,88,0,89,0,13,199,0,212,8,0,8,220
03/22/2020,ADS,TX,ASW,CE,Towers with Radar,0,10,63,0,73,0,0,1,0,1,0,10,64,0,74,0,0,0,74
03/23/2020,ADS,TX,ASW,CE,Towers with Radar,0,11,63,0,74,0,0,0,0,0,0,11,63,0,74,0,0,0,74
03/24/2020,ADS,TX,ASW,CE,Towers with Radar,0,13,24,0,37,0,29,117,0,146,0,42,141,0,183,3,0,3,186
03/25/2020,ADS,TX,ASW,CE,Towers with Radar,0,4,37,0,41,0,16,228,0,244,0,20,265,0,285,4,0,4,289
03/26/2020,ADS,TX,ASW,CE,Towers with Radar,0,7,23,0,30,0,46,206,2,254,0,53,229,2,284,8,0,8,292
03/27/2020,ADS,TX,ASW,CE,Towers with Radar,1,9,41,0,51,0,5,74,0,79,1,14,115,0,130,0,0,0,130
03/28/2020,ADS,TX,ASW,CE,Towers with Radar,0,3,10,0,13,0,12,93,0,105,0,15,103,0,118,2,0,2,120
03/29/2020,ADS,TX,ASW,CE,Towers with Radar,0,2,26,0,28,0,60,200,0,260,0,62,226,0,288,0,0,0,288
03/30/2020,ADS,TX,ASW,CE,Towers with Radar,0,4,10,0,14,0,14,33,0,47,0,18,43,0,61,0,0,0,61
03/31/2020,ADS,TX,ASW,CE,Towers with Radar,0,10,41,0,51,0,36,139,0,175,0,46,180,0,226,0,0,0,226
04/01/2020,ADS,TX,ASW,CE,Towers with Radar,0,7,34,0,41,0,81,189,0,270,0,88,223,0,311,0,0,0,311
04/02/2020,ADS,TX,ASW,CE,Towers with Radar,0,11,55,0,66,0,10,69,0,79,0,21,124,0,145,0,0,0,145
04/03/2020,ADS,TX,ASW,CE,Towers with Radar,0,12,59,0,71,0,0,0,0,0,0,12,59,0,71,0,0,0,71
04/04/2020,ADS,TX,ASW,CE,Towers with Radar,0,14,21,0,35,0,0,0,0,0,0,14,21,0,35,0,0,0,35
04/05/2020,ADS,TX,ASW,CE,Towers with Radar,0,11,46,0,57,1,0,5,0,6,1,11,51,0,63,0,0,0,63
04/06/2020,ADS,TX,ASW,CE,Towers with Radar,0,13,49,0,62,0,49,79,0,128,0,62,128,0,190,0,0,0,190
04/07/2020,ADS,TX,ASW,CE,Towers with Radar,0,12,42,0,54,0,44,219,0,263,0,56,261,0,317,3,0,3,320
04/08/2020,ADS,TX,ASW,CE,Towers with Radar,0,8,19,0,27,0,28,257,0,285,0,36,276,0,312,6,0,6,318
04/09/2020,ADS,TX,ASW,CE,Towers with Radar,0,11,22,2,35,0,34,168,0,202,0,45,190,2,237,2,0,2,239
04/10/2020,ADS,TX,ASW,CE,Towers with Radar,0,9,21,0,30,0,39,257,0,296,0,48,278,0,326,6,0,6,332
04/11/2020,ADS,TX,ASW,CE,Towers with Radar,2,3,14,0,19,0,3,22,0,25,2,6,36,0,44,0,0,0,44
04/12/2020,ADS,TX,ASW,CE,Towers with Radar,0,5,11,0,16,0,7,65,2,74,0,12,76,2,90,4,0,4,94
04/13/2020,ADS,TX,ASW,CE,Towers with Radar,0,16,23,0,39,0,74,172,1,247,0,90,195,1,286,4,0,4,290
04/14/2020,ADS,TX,ASW,CE,Towers with Radar,0,10,52,0,62,0,69,136,0,205,0,79,188,0,267,2,0,2,269
04/15/2020,ADS,TX,ASW,CE,Towers with Radar,0,7,45,1,53,0,88,259,0,347,0,95,304,1,400,12,0,12,412
04/16/2020,ADS,TX,ASW,CE,Towers with Radar,0,15,38,0,53,0,77,169,2,248,0,92,207,2,301,2,0,2,303
04/17/2020,ADS,TX,ASW,CE,Towers with Radar,0,8,65,0,73,0,15,62,0,77,0,23,127,0,150,3,0,3,153
04/18/2020,ADS,TX,ASW,CE,Towers with Radar,0,4,30,2,36,0,32,171,0,203,0,36,201,2,239,0,0,0,239
04/19/2020,ADS,TX,ASW,CE,Towers with Radar,0,3,37,0,40,0,7,49,0,56,0,10,86,0,96,0,0,0,96
04/20/2020,ADS,TX,ASW,CE,Towers with Radar,0,11,58,0,69,0,22,103,0,125,0,33,161,0,194,5,0,5,199
04/21/2020,ADS,TX,ASW,CE,Towers with Radar,0,7,50,0,57,0,36,229,0,265,0,43,279,0,322,4,0,4,326
04/22/2020,ADS,TX,ASW,CE,Towers with Radar,0,2,23,0,25,0,2,8,0,10,0,4,31,0,35,0,0,0,35
04/23/2020,ADS,TX,ASW,CE,Towers with Radar,0,8,53,0,61,0,38,303,1,342,0,46,356,1,403,0,0,0,403
04/24/2020,ADS,TX,ASW,CE,Towers with Radar,0,5,42,0,47,0,22,190,0,212,0,27,232,0,259,0,0,0,259
04/25/2020,ADS,TX,ASW,CE,Towers with Radar,0,7,25,0,32,0,42,222,0,264,0,49,247,0,296,0,0,0,296
04/26/2020,ADS,TX,ASW,CE,Towers with Radar,0,9,37,0,46,0,35,266,1,302,0,44,303,1,348,0,0,0,348
04/27/2020,ADS,TX,ASW,CE,Towers with Radar,0,9,32,0,41,0,10,108,0,118,0,19,140,0,159,0,0,0,159
04/28/2020,ADS,TX,ASW,CE,Towers with Radar,0,11,33,0,44,0,20,102,0,122,0,31,135,0,166,4,0,4,170
04/29/2020,ADS,TX,ASW,CE,Towers with Radar,0,7,37,0,44,0,41,135,1,177,0,48,172,1,221,10,0,10,231
04/30/2020,ADS,TX,ASW,CE,Towers with Radar,0,5,51,0,56,0,92,327,0,419,0,97,378,0,475,0,0,0,475
05/01/2020,ADS,TX,ASW,CE,Towers with Radar,0,10,54,0,64,0,38,156,1,195,0,48,210,1,259,6,0,6,265
05/02/2020,ADS,TX,ASW,CE,Towers with Radar,0,5,33,0,38,0,15,100,0,115,0,20,133,0,153,2,0,2,155
05/03/2020,ADS,TX,ASW,CE,Towers with Radar,0,5,43,0,48,0,20,220,0,240,0,25,263,0,288,2,0,2,290
05/04/2020,ADS,TX,ASW,CE,Towers with Radar,0,11,63,0,74,0,19,182,0,201,0,30,245,0,275,0,0,0,275
05/05/2020,ADS,TX,ASW,CE,Towers with Radar,0,9,53,2,64,0,10,173,0,183,0,19,226,2,247,15,0,15,262
05/06/2020,ADS,TX,ASW,CE,Towers with Radar,0,22,67,0,89,0,49,356,0,405,0,71,423,0,494,7,0,7,501
05/07/2020,ADS,TX,ASW,CE,Towers with Radar,0,8,61,0,69,0,28,192,0,220,0,36,253,0,289,14,0,14,303
05/08/2020,ADS,TX,ASW,CE,Towers with Radar,0,16,57,0,73,0,2,34,0,36,0,18,91,0,109,0,0,0,109
05/09/2020,ADS,TX,ASW,CE,Towers with Radar,0,9,41,0,50,0,43,294,0,337,0,52,335,0,387,0,0,0,387
05/10/2020,ADS,TX,ASW,CE,Towers with Radar,0,7,45,0,52,0,40,284,0,324,0,47,329,0,376,0,0,0,376
05/11/2020,ADS,TX,ASW,CE,Towers with Radar,0,11,48,0,59,0,34,257,0,291,0,45,305,0,350,0,0,0,350
05/12/2020,ADS,TX,ASW,CE,Towers with Radar,0,15,55,0,70,0,1,13,0,14,0,16,68,0,84,4,0,4,88
05/13/2020,ADS,TX,ASW,CE,Towers with Radar,0,15,91,0,106,0,19,111,0,130,0,34,202,0,236,6,0,6,242
05/14/2020,ADS,TX,ASW,CE,Towers with Radar,0,31,90,0,121,0,49,155,4,208,0,80,245,4,329,0,0,0,329
05/15/2020,ADS,TX,ASW,CE,Towers with Radar,0,21,76,0,97,0,22,63,0,85,0,43,139,0,182,0,0,0,182
05/16/2020,ADS,TX,ASW,CE,Towers with Radar,1,14,13,0,28,0,0,1,0,1,1,14,14,0,29,0,0,0,29
05/17/2020,ADS,TX,ASW,CE,Towers with Radar,0,2,53,0,55,0,62,212,2,276,0,64,265,2,331,2,0,2,333
05/18/2020,ADS,TX,ASW,CE,Towers with Radar,0,8,60,0,68,0,40,386,0,426,0,48,446,0,494,12,0,12,506
05/19/2020,ADS,TX,ASW,CE,Towers with Radar,0,18,60,0,78,0,59,313,0,372,0,77,373,0,450,5,0,5,455
05/20/2020,ADS,TX,ASW,CE,Towers with Radar,0,22,121,2,145,0,11,85,1,97,0,33,206,3,242,0,0,0,242
05/21/2020,ADS,TX,ASW,CE,Towers with Radar,1,20,100,3,124,0,8,99,0,107,1,28,199,3,231,19,0,19,250
05/22/2020,ADS,TX,ASW,CE,Towers with Radar,0,21,71,0,92,0,24,199,2,225,0,45,270,2,317,25,0,25,342
05/23/2020,ADS,TX,ASW,CE,Towers with Radar,0,8,37,0,45,0,26,154,1,181,0,34,191,1,226,0,0,0,226
05/24/2020,ADS,TX,ASW,CE,Towers with Radar,0,8,32,0,40,0,6,25,0,31,0,14,57,0,71,0,0,0,71
05/25/2020,ADS,TX,ASW,CE,Towers with Radar,0,7,54,0,61,0,0,2,0,2,0,7,56,0,63,0,0,0,63
05/26/2020,ADS,TX,ASW,CE,Towers with Radar,0,22,94,0,116,0,32,187,0,219,0,54,281,0,335,0,0,0,335
05/27/2020,ADS,TX,ASW,CE,Towers with Radar,0,27,54,0,81,0,46,300,0,346,0,73,354,0,427,7,0,7,434
05/28/2020,ADS,TX,ASW,CE,Towers with Radar,0,19,71,0,90,0,104,263,0,367,0,123,334,0,457,6,0,6,463
05/29/2020,ADS,TX,ASW,CE,Towers with Radar,1,12,57,2,72,0,85,279,0,364,1,97,336,2,436,3,0,3,439
05/30/2020,ADS,TX,ASW,CE,Towers with Radar,0,12,56,0,68,0,64,311,0,375,0,76,367,0,443,2,0,2,445
05/31/2020,ADS,TX,ASW,CE,Towers with Radar,0,13,71,1,85,0,75,206,0,281,0,88,277,1,366,0,0,0,366
06/01/2020,ADS,TX,ASW,CE,Towers with Radar,0,22,55,0,77,0,83,228,1,312,0,105,283,1,389,11,0,11,400
06/02/2020,ADS,TX,ASW,CE,Towers with Radar,0,13,61,0,74,0,45,238,0,283,0,58,299,0,357,0,0,0,357
06/03/2020,ADS,TX,ASW,CE,Towers with Radar,0,22,63,0,85,0,40,299,0,339,0,62,362,0,424,6,0,6,430
06/04/2020,ADS,TX,ASW,CE,Towers with Radar,0,33,86,0,119,0,40,242,0,282,0,73,328,0,401,3,0,3,404
06/05/2020,ADS,TX,ASW,CE,Towers with Radar,0,14,71,1,86,0,45,278,0,323,0,59,349,1,409,3,0,3,412
06/06/2020,ADS,TX,ASW,CE,Towers with Radar,0,10,60,0,70,0,41,252,1,294,0,51,312,1,364,2,0,2,366
06/07/2020,ADS,TX,ASW,CE,Towers with Radar,0,19,72,0,91,0,27,244,0,271,0,46,316,0,362,6,0,6,368
06/08/2020,ADS,TX,ASW,CE,Towers with Radar,0,26,73,0,99,0,41,262,0,303,0,67,335,0,402,4,0,4,406
06/09/2020,ADS,TX,ASW,CE,Towers with Radar,0,12,67,0,79,0,3,95,1,99,0,15,162,1,178,0,0,0,178
06/10/2020,ADS,TX,ASW,CE,Towers with Radar,0,23,73,0,96,0,16,224,0,240,0,39,297,0,336,27,0,27,363
06/11/2020,ADS,TX,ASW,CE,Towers with Radar,0,18,65,0,83,0,26,193,0,219,0,44,258,0,302,0,0,0,302
06/12/2020,ADS,TX,ASW,CE,Towers with Radar,0,34,80,0,114,0,90,269,0,359,0,124,349,0,473,9,0,9,482
06/13/2020,ADS,TX,ASW,CE,Towers with Radar,0,27,48,0,75,0,76,250,0,326,0,103,298,0,401,0,0,0,401
06/14/2020,ADS,TX,ASW,CE,Towers with Radar,0,15,59,0,74,0,61,193,0,254,0,76,252,0,328,0,0,0,328
06/15/2020,ADS,TX,ASW,CE,Towers with Radar,0,23,68,0,91,0,75,208,0,283,0,98,276,0,374,2,0,2,376
06/16/2020,ADS,TX,ASW,CE,Towers with Radar,0,15,99,0,114,0,65,245,0,310,0,80,344,0,424,6,0,6,430
06/17/2020,ADS,TX,ASW,CE,Towers with Radar,0,22,98,0,120,0,22,299,0,321,0,44,397,0,441,6,0,6,447
06/18/2020,ADS,TX,ASW,CE,Towers with Radar,0,27,89,0,116,0,30,260,2,292,0,57,349,2,408,8,0,8,416
06/19/2020,ADS,TX,ASW,CE,Towers with Radar,0,25,94,0,119,0,24,180,0,204,0,49,274,0,323,31,0,31,354
06/20/2020,ADS,TX,ASW,CE,Towers with Radar,0,21,78,0,99,0,20,153,1,174,0,41,231,1,273,4,0,4,277
06/21/2020,ADS,TX,ASW,CE,Towers with Radar,0,21,63,0,84,0,12,77,0,89,0,33,140,0,173,2,0,2,175
06/22/2020,ADS,TX,ASW,CE,Towers with Radar,0,18,59,0,77,0,68,146,0,214,0,86,205,0,291,4,0,4,295
06/23/2020,ADS,TX,ASW,CE,Towers with Radar,1,27,72,1,101,0,6,24,0,30,1,33,96,1,131,30,0,30,161
06/24/2020,ADS,TX,ASW,CE,Towers with Radar,1,25,107,0,133,0,86,263,0,349,1,111,370,0,482,16,0,16,498
06/25/2020,ADS,TX,ASW,CE,Towers with Radar,0,34,103,2,139,0,65,155,0,220,0,99,258,2,359,11,0,11,370
06/26/2020,ADS,TX,ASW,CE,Towers with Radar,0,16,92,0,108,0,14,107,0,121,0,30,199,0,229,7,0,7,236
06/27/2020,ADS,TX,ASW,CE,Towers with Radar,0,21,66,0,87,0,11,93,3,107,0,32,159,3,194,0,0,0,194
06/28/2020,ADS,TX,ASW,CE,Towers with Radar,0,30,74,0,104,0,0,20,1,21,0,30,94,1,125,0,0,0,125
06/29/2020,ADS,TX,ASW,CE,Towers with Radar,0,21,76,0,97,0,2,70,0,72,0,23,146,0,169,0,0,0,169
06/30/2020,ADS,TX,ASW,CE,Towers with Radar,0,21,102,0,123,0,21,121,0,142,0,42,223,0,265,1,0,1,266
07/01/2020,ADS,TX,ASW,CE,Towers with Radar,0,24,99,2,125,0,21,192,2,215,0,45,291,4,340,3,0,3,343
07/02/2020,ADS,TX,ASW,CE,Towers with Radar,0,27,119,0,146,0,42,128,0,170,0,69,247,0,316,1,0,1,317
07/03/2020,ADS,TX,ASW,CE,Towers with Radar,0,25,72,0,97,0,90,287,0,377,0,115,359,0,474,0,0,0,474
07/04/2020,ADS,TX,ASW,CE,Towers with Radar,0,7,17,0,24,0,69,135,0,204,0,76,152,0,228,0,0,0,228
07/05/2020,ADS,TX,ASW,CE,Towers with Radar,0,22,74,0,96,0,31,139,0,170,0,53,213,0,266,8,0,8,274
07/06/2020,ADS,TX,ASW,CE,Towers with Radar,0,26,75,0,101,0,14,30,0,44,0,40,105,0,145,0,0,0,145
07/07/2020,ADS,TX,ASW,CE,Towers with Radar,0,30,60,0,90,0,14,93,0,107,0,44,153,0,197,5,0,5,202
07/08/2020,ADS,TX,ASW,CE,Towers with Radar,0,24,97,0,121,0,39,250,2,291,0,63,347,2,412,3,0,3,415
07/09/2020,ADS,TX,ASW,CE,Towers with Radar,0,33,94,0,127,0,33,244,0,277,0,66,338,0,404,20,0,20,424
07/10/2020,ADS,TX,ASW,CE,Towers with Radar,0,29,73,0,102,0,49,265,0,314,0,78,338,0,416,0,0,0,416
07/11/2020,ADS,TX,ASW,CE,Towers with Radar,1,17,51,0,69,0,39,253,0,292,1,56,304,0,361,0,0,0,361
07/12/2020,ADS,TX,ASW,CE,Towers with Radar,0,19,66,0,85,0,64,175,0,239,0,83,241,0,324,0,0,0,324
07/13/2020,ADS,TX,ASW,CE,Towers with Radar,0,21,61,1,83,0,85,168,0,253,0,106,229,1,336,0,0,0,336
07/14/2020,ADS,TX,ASW,CE,Towers with Radar,0,30,78,0,108,0,71,191,0,262,0,101,269,0,370,2,0,2,372
07/15/2020,ADS,TX,ASW,CE,Towers with Radar,0,22,80,1,103,0,50,168,1,219,0,72,248,2,322,10,0,10,332
07/16/2020,ADS,TX,ASW,CE,Towers with Radar,1,19,89,0,109,0,97,238,0,335,1,116,327,0,444,1,0,1,445
07/17/2020,ADS,TX,ASW,CE,Towers with Radar,0,30,63,2,95,0,34,266,2,302,0,64,329,4,397,0,0,0,397
07/18/2020,ADS,TX,ASW,CE,Towers with Radar,0,20,54,0,74,0,39,236,0,275,0,59,290,0,349,0,0,0,349
07/19/2020,ADS,TX,ASW,CE,Towers with Radar,0,22,77,0,99,0,32,242,0,274,0,54,319,0,373,0,0,0,373
07/20/2020,ADS,TX,ASW,CE,Towers with Radar,0,22,77,0,99,0,37,269,0,306,0,59,346,0,405,6,0,6,411
07/21/2020,ADS,TX,ASW,CE,Towers with Radar,0,27,92,0,119,0,16,111,1,128,0,43,203,1,247,0,0,0,247
07/22/2020,ADS,TX,ASW,CE,Towers with Radar,0,32,123,0,155,0,33,64,0,97,0,65,187,0,252,0,0,0,252
07/23/2020,ADS,TX,ASW,CE,Towers with Radar,1,44,102,0,147,0,66,189,0,255,1,110,291,0,402,4,0,4,406
07/24/2020,ADS,TX,ASW,CE,Towers with Radar,0,21,81,0,102,0,63,228,2,293,0,84,309,2,395,2,0,2,397
07/25/2020,ADS,TX,ASW,CE,Towers with Radar,0,19,63,0,82,0,40,114,0,154,0,59,177,0,236,16,0,16,252
07/26/2020,ADS,TX,ASW,CE,Towers with Radar,0,34,95,0,129,0,35,103,1,139,0,69,198,1,268,6,0,6,274
07/27/2020,ADS,TX,ASW,CE,Towers with Radar,0,31,116,0,147,0,29,161,1,191,0,60,277,1,338,1,0,1,339
07/28/2020,ADS,TX,ASW,CE,Towers with Radar,0,20,68,0,88,0,14,57,0,71,0,34,125,0,159,3,0,3,162
07/29/2020,ADS,TX,ASW,CE,Towers with Radar,0,24,77,0,101,0,39,230,0,269,0,63,307,0,370,0,0,0,370
07/30/2020,ADS,TX,ASW,CE,Towers with Radar,0,20,108,1,129,0,39,235,0,274,0,59,343,1,403,0,0,0,403
07/31/2020,ADS,TX,ASW,CE,Towers with Radar,2,28,109,0,139,0,27,175,0,202,2,55,284,0,341,14,0,14,355
08/01/2020,ADS,TX,ASW,CE,Towers with Radar,0,17,68,0,85,0,84,210,0,294,0,101,278,0,379,0,0,0,379
08/02/2020,ADS,TX,ASW,CE,Towers with Radar,0,22,64,0,86,0,68,198,0,266,0,90,262,0,352,2,0,2,354
08/03/2020,ADS,TX,ASW,CE,Towers with Radar,0,18,76,0,94,0,74,209,0,283,0,92,285,0,377,54,0,54,431
08/04/2020,ADS,TX,ASW,CE,Towers with Radar,0,17,91,0,108,0,80,284,0,364,0,97,375,0,472,0,0,0,472
08/05/2020,ADS,TX,ASW,CE,Towers with Radar,0,25,69,0,94,0,50,152,0,202,0,75,221,0,296,0,0,0,296
08/06/2020,ADS,TX,ASW,CE,Towers with Radar,1,22,78,0,101,0,37,232,0,269,1,59,310,0,370,2,0,2,372
08/07/2020,ADS,TX,ASW,CE,Towers with Radar,0,25,86,0,111,0,25,246,0,271,0,50,332,0,382,2,0,2,384
08/08/2020,ADS,TX,ASW,CE,Towers with Radar,0,18,55,0,73,0,20,208,0,228,0,38,263,0,301,0,0,0,301
08/09/2020,ADS,TX,ASW,CE,Towers with Radar,0,24,72,0,96,0,28,206,0,234,0,52,278,0,330,0,0,0,330
08/10/2020,ADS,TX,ASW,CE,Towers with Radar,0,35,63,0,98,0,23,223,0,246,0,58,286,0,344,2,0,2,346
08/11/2020,ADS,TX,ASW,CE,Towers with Radar,0,23,73,0,96,0,60,218,0,278,0,83,291,0,374,20,0,20,394
08/12/2020,ADS,TX,ASW,CE,Towers with Radar,0,27,91,1,119,0,63,201,3,267,0,90,292,4,386,7,0,7,393
08/13/2020,ADS,TX,ASW,CE,Towers with Radar,0,27,76,0,103,0,64,216,1,281,0,91,292,1,384,8,0,8,392
08/14/2020,ADS,TX,ASW,CE,Towers with Radar,0,27,82,0,109,0,38,167,0,205,0,65,249,0,314,0,0,0,314
08/15/2020,ADS,TX,ASW,CE,Towers with Radar,2,18,57,0,77,0,58,163,0,221,2,76,220,0,298,12,0,12,310
08/16/2020,ADS,TX,ASW,CE,Towers with Radar,0,25,71,0,96,0,21,170,0,191,0,46,241,0,287,0,0,0,287
08/17/2020,ADS,TX,ASW,CE,Towers with Radar,0,34,86,0,120,0,39,256,0,295,0,73,342,0,415,10,0,10,425
08/18/2020,ADS,TX,ASW,CE,Towers with Radar,1,22,82,1,106,0,47,229,0,276,1,69,311,1,382,9,0,9,391
08/19/2020,ADS,TX,ASW,CE,Towers with Radar,0,23,78,2,103,0,44,248,0,292,0,67,326,2,395,42,0,42,437
08/20/2020,ADS,TX,ASW,CE,Towers with Radar,0,34,75,0,109,0,46,264,0,310,0,80,339,0,419,10,0,10,429
08/21/2020,ADS,TX,ASW,CE,Towers with Radar,0,21,100,0,121,0,63,231,0,294,0,84,331,0,415,0,0,0,415
08/22/2020,ADS,TX,ASW,CE,Towers with Radar,0,17,60,0,77,0,65,183,0,248,0,82,243,0,325,0,0,0,325
08/23/2020,ADS,TX,ASW,CE,Towers with Radar,0,34,56,2,92,0,66,155,0,221,0,100,211,2,313,4,0,4,317
08/24/2020,ADS,TX,ASW,CE,Towers with Radar,0,23,77,0,100,0,61,185,0,246,0,84,262,0,346,6,0,6,352
08/25/2020,ADS,TX,ASW,CE,Towers with Radar,0,24,71,0,95,0,82,213,0,295,0,106,284,0,390,6,0,6,396
08/26/2020,ADS,TX,ASW,CE,Towers with Radar,0,25,54,0,79,0,13,93,0,106,0,38,147,0,185,4,0,4,189
08/27/2020,ADS,TX,ASW,CE,Towers with Radar,0,25,93,0,118,0,34,142,0,176,0,59,235,0,294,2,0,2,296
08/28/2020,ADS,TX,ASW,CE,Towers with Radar,0,31,80,0,111,0,45,264,0,309,0,76,344,0,420,15,0,15,435
08/29/2020,ADS,TX,ASW,CE,Towers with Radar,0,12,41,0,53,0,33,208,1,242,0,45,249,1,295,0,0,0,295
08/30/2020,ADS,TX,ASW,CE,Towers with Radar,0,16,68,1,85,0,15,134,0,149,0,31,202,1,234,14,0,14,248
08/31/2020,ADS,TX,ASW,CE,Towers with Radar,0,20,65,2,87,0,64,157,0,221,0,84,222,2,308,0,0,0,308
09/01/2020,ADS,TX,ASW,CE,Towers with Radar,0,22,48,0,70,0,4,20,0,24,0,26,68,0,94,19,0,19,113
09/02/2020,ADS,TX,ASW,CE,Towers with Radar,0,18,67,0,85,0,13,28,0,41,0,31,95,0,126,0,0,0,126
09/03/2020,ADS,TX,ASW,CE,Towers with Radar,1,33,104,1,139,0,13,55,0,68,1,46,159,1,207,1,0,1,208
09/04/2020,ADS,TX,ASW,CE,Towers with Radar,0,39,89,0,128,0,35,82,2,119,0,74,171,2,247,0,0,0,247
09/05/2020,ADS,TX,ASW,CE,Towers with Radar,0,11,35,0,46,0,38,216,0,254,0,49,251,0,300,6,0,6,306
09/06/2020,ADS,TX,ASW,CE,Towers with Radar,0,23,63,0,86,0,43,201,0,244,0,66,264,0,330,1,0,1,331
09/07/2020,ADS,TX,ASW,CE,Towers with Radar,0,23,77,1,101,0,68,171,0,239,0,91,248,1,340,0,0,0,340
09/08/2020,ADS,TX,ASW,CE,Towers with Radar,0,32,88,1,121,0,50,108,2,160,0,82,196,3,281,33,0,33,314
09/09/2020,ADS,TX,ASW,CE,Towers with Radar,0,38,61,2,101,0,21,34,0,55,0,59,95,2,156,5,0,5,161
09/10/2020,ADS,TX,ASW,CE,Towers with Radar,1,48,130,0,179,0,1,10,1,12,1,49,140,1,191,6,0,6,197
09/11/2020,ADS,TX,ASW,CE,Towers with Radar,2,41,105,0,148,0,58,171,1,230,2,99,276,1,378,14,0,14,392
09/12/2020,ADS,TX,ASW,CE,Towers with Radar,2,25,54,0,81,0,84,211,1,296,2,109,265,1,377,0,0,0,377
09/13/2020,ADS,TX,ASW,CE,Towers with Radar,1,29,66,0,96,0,77,193,1,271,1,106,259,1,367,2,0,2,369
09/14/2020,ADS,TX,ASW,CE,Towers with Radar,2,34,92,0,128,0,82,182,0,264,2,116,274,0,392,14,0,14,406
09/15/2020,ADS,TX,ASW,CE,Towers with Radar,1,34,87,0,122,0,95,200,0,295,1,129,287,0,417,24,0,24,441
09/16/2020,ADS,TX,ASW,CE,Towers with Radar,0,24,87,0,111,0,83,151,0,234,0,107,238,0,345,0,0,0,345
09/17/2020,ADS,TX,ASW,CE,Towers with Radar,1,35,84,1,121,0,80,144,1,225,1,115,228,2,346,10,0,10,356
09/18/2020,ADS,TX,ASW,CE,Towers with Radar,2,27,91,1,121,0,63,225,1,289,2,90,316,2,410,12,0,12,422
09/19/2020,ADS,TX,ASW,CE,Towers with Radar,0,20,57,0,77,0,62,238,2,302,0,82,295,2,379,0,0,0,379
09/20/2020,ADS,TX,ASW,CE,Towers with Radar,0,23,78,0,101,0,71,198,2,271,0,94,276,2,372,22,0,22,394
09/21/2020,ADS,TX,ASW,CE,Towers with Radar,1,40,82,0,123,0,20,75,0,95,1,60,157,0,218,0,0,0,218
09/22/2020,ADS,TX,ASW,CE,Towers with Radar,0,31,84,0,115,0,0,0,0,0,0,31,84,0,115,0,0,0,115
09/23/2020,ADS,TX,ASW,CE,Towers with Radar,0,43,103,0,146,0,7,32,0,39,0,50,135,0,185,0,0,0,185
09/24/2020,ADS,TX,ASW,CE,Towers with Radar,1,44,131,0,176,0,48,149,0,197,1,92,280,0,373,71,0,71,444
09/25/2020,ADS,TX,ASW,CE,Towers with Radar,1,29,110,0,140,0,72,233,2,307,1,101,343,2,447,7,0,7,454
09/26/2020,ADS,TX,ASW,CE,Towers with Radar,0,29,66,0,95,0,60,173,0,233,0,89,239,0,328,57,0,57,385
09/27/2020,ADS,TX,ASW,CE,Towers with Radar,0,26,84,0,110,0,4,52,0,56,0,30,136,0,166,6,0,6,172
09/28/2020,ADS,TX,ASW,CE,Towers with Radar,0,17,53,0,70,0,47,132,0,179,0,64,185,0,249,3,0,3,252
09/29/2020,ADS,TX,ASW,CE,Towers with Radar,0,26,91,1,118,0,108,253,0,361,0,134,344,1,479,7,0,7,486
09/30/2020,ADS,TX,ASW,CE,Towers with Radar,2,46,81,0,129,0,86,229,0,315,2,132,310,0,444,3,0,3,447
10/01/2020,ADS,TX,ASW,CE,Towers with Radar,1,28,86,2,117,0,66,191,1,258,1,94,277,3,375,3,0,3,378
10/02/2020,ADS,TX,ASW,CE,Towers with Radar,0,15,78,0,93,0,82,220,0,302,0,97,298,0,395,7,0,7,402
10/03/2020,ADS,TX,ASW,CE,Towers with Radar,1,18,65,1,85,0,73,203,3,279,1,91,268,4,364,24,0,24,388
10/04/2020,ADS,TX,ASW,CE,Towers with Radar,1,23,68,1,93,0,72,179,1,252,1,95,247,2,345,0,0,0,345
10/05/2020,ADS,TX,ASW,CE,Towers with Radar,0,25,75,0,100,0,75,217,0,292,0,100,292,0,392,0,0,0,392
10/06/2020,ADS,TX,ASW,CE,Towers with Radar,0,21,86,2,109,0,74,241,3,318,0,95,327,5,427,15,0,15,442
10/07/2020,ADS,TX,ASW,CE,Towers with Radar,0,26,97,3,126,0,65,206,1,272,0,91,303,4,398,27,0,27,425
10/08/2020,ADS,TX,ASW,CE,Towers with Radar,0,36,96,0,132,0,86,197,0,283,0,122,293,0,415,4,0,4,419
10/09/2020,ADS,TX,ASW,CE,Towers with Radar,0,29,105,1,135,0,29,94,2,125,0,58,199,3,260,31,0,31,291
10/10/2020,ADS,TX,ASW,CE,Towers with Radar,0,14,54,0,68,0,56,168,1,225,0,70,222,1,293,4,0,4,297
10/11/2020,ADS,TX,ASW,CE,Towers with Radar,0,7,73,1,81,0,57,203,0,260,0,64,276,1,341,0,0,0,341
10/12/2020,ADS,TX,ASW,CE,Towers with Radar,0,29,82,0,111,0,38,100,1,139,0,67,182,1,250,24,0,24,274
10/13/2020,ADS,TX,ASW,CE,Towers with Radar,0,29,83,1,113,0,92,279,1,372,0,121,362,2,485,0,0,0,485
10/14/2020,ADS,TX,ASW,CE,Towers with Radar,1,34,79,0,114,0,71,180,0,251,1,105,259,0,365,0,0,0,365
10/15/2020,ADS,TX,ASW,CE,Towers with Radar,0,31,127,0,158,0,13,44,0,57,0,44,171,0,215,4,0,4,219
10/16/2020,ADS,TX,ASW,CE,Towers with Radar,1,28,117,0,146,0,84,221,0,305,1,112,338,0,451,13,0,13,464
10/17/2020,ADS,TX,ASW,CE,Towers with Radar,0,19,68,0,87,0,39,135,0,174,0,58,203,0,261,34,0,34,295
10/18/2020,ADS,TX,ASW,CE,Towers with Radar,0,33,100,0,133,0,23,80,0,103,0,56,180,0,236,34,0,34,270
10/19/2020,ADS,TX,ASW,CE,Towers with Radar,0,33,128,0,161,0,7,30,2,39,0,40,158,2,200,27,0,27,227
10/20/2020,ADS,TX,ASW,CE,Towers with Radar,0,30,116,2,148,0,71,127,0,198,0,101,243,2,346,6,0,6,352
10/21/2020,ADS,TX,ASW,CE,Towers with Radar,0,40,137,3,180,0,70,121,0,191,0,110,258,3,371,12,0,12,383
10/22/2020,ADS,TX,ASW,CE,Towers with Radar,1,27,129,0,157,0,56,124,2,182,1,83,253,2,339,10,0,10,349
10/23/2020,ADS,TX,ASW,CE,Towers with Radar,1,23,81,2,107,0,0,8,0,8,1,23,89,2,115,0,0,0,115
10/24/2020,ADS,TX,ASW,CE,Towers with Radar,0,26,73,0,99,0,88,215,0,303,0,114,288,0,402,0,0,0,402
10/25/2020,ADS,TX,ASW,CE,Towers with Radar,1,25,130,0,156,0,0,2,0,2,1,25,132,0,158,0,0,0,158
10/26/2020,ADS,TX,ASW,CE,Towers with Radar,0,20,51,0,71,0,0,0,0,0,0,20,51,0,71,0,0,0,71
10/27/2020,ADS,TX,ASW,CE,Towers with Radar,0,15,55,0,70,0,0,0,0,0,0,15,55,0,70,0,0,0,70
10/28/2020,ADS,TX,ASW,CE,Towers with Radar,0,24,57,0,81,0,0,0,0,0,0,24,57,0,81,0,0,0,81
10/29/2020,ADS,TX,ASW,CE,Towers with Radar,1,27,110,0,138,0,25,67,0,92,1,52,177,0,230,0,0,0,230
10/30/2020,ADS,TX,ASW,CE,Towers with Radar,0,25,100,0,125,0,99,336,1,436,0,124,436,1,561,4,0,4,565
10/31/2020,ADS,TX,ASW,CE,Towers with Radar,0,18,68,0,86,0,89,247,1,337,0,107,315,1,423,0,0,0,423
11/01/2020,ADS,TX,ASW,CE,Towers with Radar,0,24,74,0,98,0,75,179,0,254,0,99,253,0,352,5,0,5,357
11/02/2020,ADS,TX,ASW,CE,Towers with Radar,1,25,84,2,112,0,78,228,0,306,1,103,312,2,418,2,0,2,420
11/03/2020,ADS,TX,ASW,CE,Towers with Radar,1,29,70,0,100,0,90,208,0,298,1,119,278,0,398,4,0,4,402
11/04/2020,ADS,TX,ASW,CE,Towers with Radar,1,22,83,0,106,0,77,186,0,263,1,99,269,0,369,0,0,0,369
11/05/2020,ADS,TX,ASW,CE,Towers with Radar,0,38,102,0,140,0,41,114,0,155,0,79,216,0,295,9,0,9,304
11/06/2020,ADS,TX,ASW,CE,Towers with Radar,1,28,85,0,114,0,63,155,0,218,1,91,240,0,332,13,0,13,345
11/07/2020,ADS,TX,ASW,CE,Towers with Radar,0,15,56,0,71,0,69,260,0,329,0,84,316,0,400,3,0,3,403
11/08/2020,ADS,TX,ASW,CE,Towers with Radar,0,32,89,0,121,0,34,53,0,87,0,66,142,0,208,0,0,0,208
11/09/2020,ADS,TX,ASW,CE,Towers with Radar,0,35,85,0,120,0,57,79,0,136,0,92,164,0,256,4,0,4,260
11/10/2020,ADS,TX,ASW,CE,Towers with Radar,0,29,81,0,110,0,74,177,0,251,0,103,258,0,361,2,0,2,363
11/11/2020,ADS,TX,ASW,CE,Towers with Radar,0,28,92,3,123,0,81,240,1,322,0,109,332,4,445,4,0,4,449
11/12/2020,ADS,TX,ASW,CE,Towers with Radar,0,24,88,0,112,0,78,188,2,268,0,102,276,2,380,4,0,4,384
11/13/2020,ADS,TX,ASW,CE,Towers with Radar,0,24,100,0,124,0,68,161,3,232,0,92,261,3,356,0,10,10,366
11/14/2020,ADS,TX,ASW,CE,Towers with Radar,0,20,63,0,83,0,2,33,1,36,0,22,96,1,119,7,0,7,126
11/15/2020,ADS,TX,ASW,CE,Towers with Radar,1,22,74,0,97,0,76,202,0,278,1,98,276,0,375,3,0,3,378
11/16/2020,ADS,TX,ASW,CE,Towers with Radar,0,26,70,0,96,0,85,199,0,284,0,111,269,0,380,2,0,2,382
11/17/2020,ADS,TX,ASW,CE,Towers with Radar,0,23,94,0,117,0,104,220,0,324,0,127,314,0,441,12,0,12,453
11/18/2020,ADS,TX,ASW,CE,Towers with Radar,0,30,83,0,113,0,61,187,0,248,0,91,270,0,361,23,0,23,384
11/19/2020,ADS,TX,ASW,CE,Towers with Radar,0,34,103,0,137,0,8,90,1,99,0,42,193,1,236,0,0,0,236
11/20/2020,ADS,TX,ASW,CE,Towers with Radar,1,41,125,0,167,0,16,102,0,118,1,57,227,0,285,12,0,12,297
11/21/2020,ADS,TX,ASW,CE,Towers with Radar,0,15,86,0,101,0,42,101,0,143,0,57,187,0,244,6,0,6,250
11/22/2020,ADS,TX,ASW,CE,Towers with Radar,0,23,93,1,117,0,4,10,0,14,0,27,103,1,131,6,0,6,137
11/23/2020,ADS,TX,ASW,CE,Towers with Radar,2,35,106,0,143,0,39,88,2,129,2,74,194,2,272,22,0,22,294
11/24/2020,ADS,TX,ASW,CE,Towers with Radar,0,26,73,0,99,0,0,11,0,11,0,26,84,0,110,3,0,3,113
11/25/2020,ADS,TX,ASW,CE,Towers with Radar,0,23,67,0,90,0,80,239,0,319,0,103,306,0,409,5,0,5,414
11/26/2020,ADS,TX,ASW,CE,Towers with Radar,0,7,14,0,21,0,14,89,0,103,0,21,103,0,124,7,0,7,131
11/27/2020,ADS,TX,ASW,CE,Towers with Radar,0,24,57,0,81,0,44,93,0,137,0,68,150,0,218,0,0,0,218
11/28/2020,ADS,TX,ASW,CE,Towers with Radar,0,24,62,1,87,0,35,41,0,76,0,59,103,1,163,0,0,0,163
11/29/2020,ADS,TX,ASW,CE,Towers with Radar,0,31,105,0,136,0,20,44,0,64,0,51,149,0,200,17,0,17,217
11/30/2020,ADS,TX,ASW,CE,Towers with Radar,0,21,70,1,92,0,58,183,3,244,0,79,253,4,336,2,0,2,338
12/01/2020,ADS,TX,ASW,CE,Towers with Radar,0,26,83,0,109,0,56,151,0,207,0,82,234,0,316,7,0,7,323
12/02/2020,ADS,TX,ASW,CE,Towers with Radar,0,36,106,0,142,0,18,33,1,52,0,54,139,1,194,0,0,0,194
12/03/2020,ADS,TX,ASW,CE,Towers with Radar,0,33,80,0,113,0,30,37,0,67,0,63,117,0,180,78,0,78,258
12/04/2020,ADS,TX,ASW,CE,Towers with Radar,0,29,96,0,125,0,75,255,0,330,0,104,351,0,455,6,0,6,461
12/05/2020,ADS,TX,ASW,CE,Towers with Radar,0,12,63,0,75,0,74,212,1,287,0,86,275,1,362,3,0,3,365
12/06/2020,ADS,TX,ASW,CE,Towers with Radar,0,17,66,0,83,0,59,185,0,244,0,76,251,0,327,6,0,6,333
12/07/2020,ADS,TX,ASW,CE,Towers with Radar,0,19,70,0,89,0,78,200,0,278,0,97,270,0,367,3,0,3,370
12/08/2020,ADS,TX,ASW,CE,Towers with Radar,0,17,77,0,94,0,83,225,0,308,0,100,302,0,402,0,0,0,402
12/09/2020,ADS,TX,ASW,CE,Towers with Radar,1,30,68,0,99,0,83,227,0,310,1,113,295,0,409,0,0,0,409
12/10/2020,ADS,TX,ASW,CE,Towers with Radar,0,37,89,3,129,0,96,209,2,307,0,133,298,5,436,0,0,0,436
12/11/2020,ADS,TX,ASW,CE,Towers with Radar,0,21,52,0,73,0,10,33,1,44,0,31,85,1,117,0,0,0,117
12/12/2020,ADS,TX,ASW,CE,Towers with Radar,0,16,46,2,64,0,77,220,5,302,0,93,266,7,366,8,0,8,374
12/13/2020,ADS,TX,ASW,CE,Towers with Radar,0,18,48,0,66,0,0,0,0,0,0,18,48,0,66,0,0,0,66
12/14/2020,ADS,TX,ASW,CE,Towers with Radar,0,34,62,0,96,0,81,204,0,285,0,115,266,0,381,11,0,11,392
12/15/2020,ADS,TX,ASW,CE,Towers with Radar,0,26,49,0,75,0,0,0,0,0,0,26,49,0,75,0,0,0,75
12/16/2020,ADS,TX,ASW,CE,Towers with Radar,0,23,120,0,143,0,56,86,0,142,0,79,206,0,285,35,0,35,320
12/17/2020,ADS,TX,ASW,CE,Towers with Radar,0,27,101,0,128,0,80,236,0,316,0,107,337,0,444,6,0,6,450
12/18/2020,ADS,TX,ASW,CE,Towers with Radar,0,24,113,0,137,0,47,143,0,190,0,71,256,0,327,8,0,8,335
12/19/2020,ADS,TX,ASW,CE,Towers with Radar,0,35,76,0,111,0,15,52,0,67,0,50,128,0,178,0,0,0,178
12/20/2020,ADS,TX,ASW,CE,Towers with Radar,0,23,71,0,94,0,79,229,0,308,0,102,300,0,402,0,0,0,402
12/21/2020,ADS,TX,ASW,CE,Towers with Radar,1,22,69,0,92,0,73,199,0,272,1,95,268,0,364,7,0,7,371
12/22/2020,ADS,TX,ASW,CE,Towers with Radar,0,30,94,0,124,0,58,155,0,213,0,88,249,0,337,0,0,0,337
12/23/2020,ADS,TX,ASW,CE,Towers with Radar,0,28,86,1,115,0,7,63,0,70,0,35,149,1,185,5,0,5,190
12/24/2020,ADS,TX,ASW,CE,Towers with Radar,0,15,19,0,34,0,25,83,0,108,0,40,102,0,142,8,0,8,150
12/25/2020,ADS,TX,ASW,CE,Towers with Radar,0,14,29,0,43,0,12,39,0,51,0,26,68,0,94,18,0,18,112
12/26/2020,ADS,TX,ASW,CE,Towers with Radar,0,19,84,0,103,0,44,181,0,225,0,63,265,0,328,0,0,0,328
12/27/2020,ADS,TX,ASW,CE,Towers with Radar,0,27,83,0,110,0,32,114,1,147,0,59,197,1,257,22,0,22,279
12/28/2020,ADS,TX,ASW,CE,Towers with Radar,2,34,78,0,114,0,60,103,0,163,2,94,181,0,277,30,0,30,307
12/29/2020,ADS,TX,ASW,CE,Towers with Radar,0,30,69,1,100,0,21,23,0,44,0,51,92,1,144,0,0,0,144
12/30/2020,ADS,TX,ASW,CE,Towers with Radar,0,15,48,0,63,0,0,1,0,1,0,15,49,0,64,0,0,0,64
12/31/2020,ADS,TX,ASW,CE,Towers with Radar,0,9,16,0,25,0,0,0,0,0,0,9,16,0,25,0,0,0,25
01/01/2021,ADS,TX,ASW,CE,Towers with Radar,0,12,30,0,42,0,3,8,0,11,0,15,38,0,53,8,0,8,61
01/02/2021,ADS,TX,ASW,CE,Towers with Radar,0,28,72,0,100,0,82,212,2,296,0,110,284,2,396,0,0,0,396
01/03/2021,ADS,TX,ASW,CE,Towers with Radar,1,14,87,0,102,0,71,184,1,256,1,85,271,1,358,5,0,5,363
01/04/2021,ADS,TX,ASW,CE,Towers with Radar,0,24,64,2,90,0,83,165,0,248,0,107,229,2,338,11,0,11,349
01/05/2021,ADS,TX,ASW,CE,Towers with Radar,1,24,61,0,86,0,72,168,0,240,1,96,229,0,326,22,0,22,348
01/06/2021,ADS,TX,ASW,CE,Towers with Radar,0,23,63,0,86,0,1,21,0,22,0,24,84,0,108,2,0,2,110
01/07/2021,ADS,TX,ASW,CE,Towers with Radar,0,36,62,0,98,0,43,113,1,157,0,79,175,1,255,49,0,49,304
01/08/2021,ADS,TX,ASW,CE,Towers with Radar,0,16,77,0,93,0,65,140,0,205,0,81,217,0,298,4,0,4,302
01/09/2021,ADS,TX,ASW,CE,Towers with Radar,1,24,57,0,82,0,92,202,0,294,1,116,259,0,376,0,0,0,376
01/10/2021,ADS,TX,ASW,CE,Towers with Radar,0,3,26,0,29,0,1,0,0,1,0,4,26,0,30,0,0,0,30
01/11/2021,ADS,TX,ASW,CE,Towers with Radar,1,22,65,0,88,0,66,143,0,209,1,88,208,0,297,0,0,0,297
01/12/2021,ADS,TX,ASW,CE,Towers with Radar,0,29,67,0,96,0,91,224,6,321,0,120,291,6,417,0,0,0,417
01/13/2021,ADS,TX,ASW,CE,Towers with Radar,0,37,77,0,114,0,72,210,0,282,0,109,287,0,396,13,0,13,409
01/14/2021,ADS,TX,ASW,CE,Towers with Radar,0,19,87,2,108,0,12,68,0,80,0,31,155,2,188,4,0,4,192
01/15/2021,ADS,TX,ASW,CE,Towers with Radar,0,23,50,0,73,0,4,34,2,40,0,27,84,2,113,0,0,0,113
01/16/2021,ADS,TX,ASW,CE,Towers with Radar,2,20,40,0,62,0,77,216,2,295,2,97,256,2,357,11,0,11,368
01/17/2021,ADS,TX,ASW,CE,Towers with Radar,0,16,57,1,74,0,74,162,1,237,0,90,219,2,311,4,0,4,315
01/18/2021,ADS,TX,ASW,CE,Towers with Radar,0,18,86,0,104,0,54,158,1,213,0,72,244,1,317,0,0,0,317
01/19/2021,ADS,TX,ASW,CE,Towers with Radar,0,12,56,0,68,0,47,65,0,112,0,59,121,0,180,2,0,2,182
01/20/2021,ADS,TX,ASW,CE,Towers with Radar,0,20,90,1,111,0,20,11,0,31,0,40,101,1,142,0,0,0,142
01/21/2021,ADS,TX,ASW,CE,Towers with Radar,2,30,87,2,121,0,57,97,0,154,2,87,184,2,275,2,0,2,277
01/22/2021,ADS,TX,ASW,CE,Towers with Radar,2,32,97,1,132,0,1,0,0,1,2,33,97,1,133,0,0,0,133
01/23/2021,ADS,TX,ASW,CE,Towers with Radar,2,15,72,0,89,0,0,1,0,1,2,15,73,0,90,0,0,0,90
01/24/2021,ADS,TX,ASW,CE,Towers with Radar,0,8,27,0,35,0,0,0,0,0,0,8,27,0,35,0,0,0,35
01/25/2021,ADS,TX,ASW,CE,Towers with Radar,0,28,59,0,87,1,39,154,0,194,1,67,213,0,281,15,0,15,296
01/26/2021,ADS,TX,ASW,CE,Towers with Radar,0,20,69,0,89,0,133,256,0,389,0,153,325,0,478,5,0,5,483
01/27/2021,ADS,TX,ASW,CE,Towers with Radar,1,25,67,0,93,1,83,206,1,291,2,108,273,1,384,5,0,5,389
01/28/2021,ADS,TX,ASW,CE,Towers with Radar,0,26,104,0,130,0,82,225,0,307,0,108,329,0,437,0,0,0,437
01/29/2021,ADS,TX,ASW,CE,Towers with Radar,0,29,79,0,108,0,53,183,0,236,0,82,262,0,344,0,0,0,344
01/30/2021,ADS,TX,ASW,CE,Towers with Radar,0,13,21,2,36,0,0,2,0,2,0,13,23,2,38,0,0,0,38
01/31/2021,ADS,TX,ASW,CE,Towers with Radar,0,21,65,0,86,0,19,88,0,107,0,40,153,0,193,0,0,0,193
02/01/2021,ADS,TX,ASW,CE,Towers with Radar,0,30,71,0,101,0,90,194,1,285,0,120,265,1,386,6,0,6,392
02/02/2021,ADS,TX,ASW,CE,Towers with Radar,0,27,87,0,114,0,109,220,0,329,0,136,307,0,443,14,0,14,457
02/03/2021,ADS,TX,ASW,CE,Towers with Radar,0,24,77,0,101,0,57,182,0,239,0,81,259,0,340,8,0,8,348
02/04/2021,ADS,TX,ASW,CE,Towers with Radar,0,21,90,0,111,0,10,86,0,96,0,31,176,0,207,11,0,11,218
02/05/2021,ADS,TX,ASW,CE,Towers with Radar,0,27,78,0,105,0,70,224,0,294,0,97,302,0,399,15,0,15,414
02/06/2021,ADS,TX,ASW,CE,Towers with Radar,0,17,83,0,100,0,20,60,0,80,0,37,143,0,180,6,0,6,186
02/07/2021,ADS,TX,ASW,CE,Towers with Radar,0,11,86,0,97,0,40,115,0,155,0,51,201,0,252,4,0,4,256
02/08/2021,ADS,TX,ASW,CE,Towers with Radar,0,28,81,0,109,0,16,27,0,43,0,44,108,0,152,0,0,0,152
02/09/2021,ADS,TX,ASW,CE,Towers with Radar,0,25,74,2,101,0,0,0,0,0,0,25,74,2,101,0,0,0,101
02/10/2021,ADS,TX,ASW,CE,Towers with Radar,0,16,40,0,56,0,0,0,0,0,0,16,40,0,56,0,0,0,56
02/11/2021,ADS,TX,ASW,CE,Towers with Radar,0,24,53,0,77,0,0,4,0,4,0,24,57,0,81,0,0,0,81
02/12/2021,ADS,TX,ASW,CE,Towers with Radar,0,25,52,0,77,0,1,23,0,24,0,26,75,0,101,18,0,18,119
02/13/2021,ADS,TX,ASW,CE,Towers with Radar,0,18,20,0,38,0,17,40,0,57,0,35,60,0,95,6,0,6,101
02/14/2021,ADS,TX,ASW,CE,Towers with Radar,0,0,5,0,5,0,0,0,0,0,0,0,5,0,5,0,0,0,5
02/15/2021,ADS,TX,ASW,CE,Towers with Radar,0,4,16,0,20,0,1,2,0,3,0,5,18,0,23,0,0,0,23
02/16/2021,ADS,TX,ASW,CE,Towers with Radar,0,14,30,0,44,0,0,8,0,8,0,14,38,0,52,0,0,0,52
02/17/2021,ADS,TX,ASW,CE,Towers with Radar,0,3,12,0,15,0,0,2,0,2,0,3,14,0,17,0,0,0,17
02/18/2021,ADS,TX,ASW,CE,Towers with Radar,0,5,31,0,36,0,4,13,0,17,0,9,44,0,53,0,0,0,53
02/19/2021,ADS,TX,ASW,CE,Towers with Radar,0,18,43,0,61,0,57,63,1,121,0,75,106,1,182,16,0,16,198
02/20/2021,ADS,TX,ASW,CE,Towers with Radar,1,16,53,0,70,0,81,179,0,260,1,97,232,0,330,5,0,5,335
02/21/2021,ADS,TX,ASW,CE,Towers with Radar,1,29,75,0,105,0,15,65,1,81,1,44,140,1,186,0,0,0,186
02/22/2021,ADS,TX,ASW,CE,Towers with Radar,0,34,53,0,87,0,83,218,1,302,0,117,271,1,389,17,0,17,406
02/23/2021,ADS,TX,ASW,CE,Towers with Radar,0,30,64,0,94,0,73,199,0,272,0,103,263,0,366,30,0,30,396
02/24/2021,ADS,TX,ASW,CE,Towers with Radar,1,26,90,0,117,0,45,226,0,271,1,71,316,0,388,10,0,10,398
02/25/2021,ADS,TX,ASW,CE,Towers with Radar,0,35,109,0,144,0,41,93,0,134,0,76,202,0,278,0,0,0,278
02/26/2021,ADS,TX,ASW,CE,Towers with Radar,0,39,136,0,175,0,0,16,0,16,0,39,152,0,191,0,0,0,191
02/27/2021,ADS,TX,ASW,CE,Towers with Radar,0,11,43,0,54,0,0,3,0,3,0,11,46,0,57,0,0,0,57
02/28/2021,ADS,TX,ASW,CE,Towers with Radar,0,17,67,0,84,0,0,10,0,10,0,17,77,0,94,4,0,4,98
03/01/2021,ADS,TX,ASW,CE,Towers with Radar,0,23,75,0,98,0,44,81,0,125,0,67,156,0,223,0,0,0,223
03/02/2021,ADS,TX,ASW,CE,Towers with Radar,0,32,96,4,132,0,92,214,0,306,0,124,310,4,438,2,0,2,440
03/03/2021,ADS,TX,ASW,CE,Towers with Radar,0,42,70,0,112,0,90,231,0,321,0,132,301,0,433,0,0,0,433
03/04/2021,ADS,TX,ASW,CE,Towers with Radar,0,32,84,1,117,0,74,223,0,297,0,106,307,1,414,0,0,0,414
03/05/2021,ADS,TX,ASW,CE,Towers with Radar,0,27,121,0,148,0,35,96,0,131,0,62,217,0,279,4,0,4,283
03/06/2021,ADS,TX,ASW,CE,Towers with Radar,1,26,65,0,92,0,70,196,0,266,1,96,261,0,358,12,0,12,370
03/07/2021,ADS,TX,ASW,CE,Towers with Radar,1,31,74,1,107,0,74,192,0,266,1,105,266,1,373,9,0,9,382
03/08/2021,ADS,TX,ASW,CE,Towers with Radar,0,21,74,0,95,0,62,182,2,246,0,83,256,2,341,7,0,7,348
03/09/2021,ADS,TX,ASW,CE,Towers with Radar,0,35,111,0,146,0,12,64,0,76,0,47,175,0,222,0,0,0,222
03/10/2021,ADS,TX,ASW,CE,Towers with Radar,1,24,88,0,113,0,3,47,0,50,1,27,135,0,163,0,0,0,163
03/11/2021,ADS,TX,ASW,CE,Towers with Radar,1,24,103,0,128,0,21,88,0,109,1,45,191,0,237,0,0,0,237
03/12/2021,ADS,TX,ASW,CE,Towers with Radar,0,32,126,0,158,0,14,33,0,47,0,46,159,0,205,0,0,0,205
03/13/2021,ADS,TX,ASW,CE,Towers with Radar,0,20,97,0,117,0,40,53,0,93,0,60,150,0,210,0,0,0,210
03/14/2021,ADS,TX,ASW,CE,Towers with Radar,0,28,70,0,98,0,44,93,0,137,0,72,163,0,235,4,0,4,239
03/15/2021,ADS,TX,ASW,CE,Towers with Radar,0,16,81,1,98,0,55,171,0,226,0,71,252,1,324,7,0,7,331
03/16/2021,ADS,TX,ASW,CE,Towers with Radar,1,35,99,1,136,0,69,123,0,192,1,104,222,1,328,43,0,43,371
03/17/2021,ADS,TX,ASW,CE,Towers with Radar,1,29,40,0,70,0,9,32,0,41,1,38,72,0,111,0,0,0,111
03/18/2021,ADS,TX,ASW,CE,Towers with Radar,0,29,81,0,110,0,38,144,0,182,0,67,225,0,292,4,0,4,296
03/19/2021,ADS,TX,ASW,CE,Towers with Radar,0,25,105,0,130,0,70,251,0,321,0,95,356,0,451,3,0,3,454
03/20/2021,ADS,TX,ASW,CE,Towers with Radar,1,18,97,0,116,0,64,235,0,299,1,82,332,0,415,17,0,17,432
03/21/2021,ADS,TX,ASW,CE,Towers with Radar,0,16,91,0,107,0,62,180,0,242,0,78,271,0,349,10,0,10,359
03/22/2021,ADS,TX,ASW,CE,Towers with Radar,0,13,76,0,89,0,2,9,0,11,0,15,85,0,100,14,0,14,114
03/23/2021,ADS,TX,ASW,CE,Towers with Radar,1,38,87,0,126,0,54,188,0,242,1,92,275,0,368,4,0,4,372
03/24/2021,ADS,TX,ASW,CE,Towers with Radar,0,32,94,0,126,0,57,135,0,192,0,89,229,0,318,10,0,10,328
03/25/2021,ADS,TX,ASW,CE,Towers with Radar,0,35,111,2,148,0,25,115,0,140,0,60,226,2,288,4,0,4,292
03/26/2021,ADS,TX,ASW,CE,Towers with Radar,0,25,101,0,126,0,60,229,0,289,0,85,330,0,415,6,0,6,421
03/27/2021,ADS,TX,ASW,CE,Towers with Radar,0,19,83,0,102,0,20,90,0,110,0,39,173,0,212,32,0,32,244
03/28/2021,ADS,TX,ASW,CE,Towers with Radar,0,31,86,1,118,0,46,165,0,211,0,77,251,1,329,41,0,41,370
03/29/2021,ADS,TX,ASW,CE,Towers with Radar,0,25,76,0,101,0,80,148,0,228,0,105,224,0,329,0,0,0,329
03/30/2021,ADS,TX,ASW,CE,Towers with Radar,0,43,100,3,146,0,21,75,0,96,0,64,175,3,242,2,0,2,244
03/31/2021,ADS,TX,ASW,CE,Towers with Radar,1,35,91,0,127,0,15,99,0,114,1,50,190,0,241,0,0,0,241
04/01/2021,ADS,TX,ASW,CE,Towers with Radar,0,31,110,0,141,0,97,226,0,323,0,128,336,0,464,0,0,0,464
04/02/2021,ADS,TX,ASW,CE,Towers with Radar,0,43,78,0,121,0,72,211,0,283,0,115,289,0,404,0,0,0,404
04/03/2021,ADS,TX,ASW,CE,Towers with Radar,0,9,67,0,76,0,59,192,2,253,0,68,259,2,329,15,0,15,344
04/04/2021,ADS,TX,ASW,CE,Towers with Radar,0,24,62,0,86,0,21,104,0,125,0,45,166,0,211,26,0,26,237
04/05/2021,ADS,TX,ASW,CE,Towers with Radar,0,30,102,0,132,0,33,134,0,167,0,63,236,0,299,1,0,1,300
04/06/2021,ADS,TX,ASW,CE,Towers with Radar,0,34,123,0,157,0,2,27,1,30,0,36,150,1,187,8,0,8,195
04/07/2021,ADS,TX,ASW,CE,Towers with Radar,0,40,112,1,153,0,10,99,0,109,0,50,211,1,262,8,0,8,270
04/08/2021,ADS,TX,ASW,CE,Towers with Radar,0,34,99,0,133,0,87,230,0,317,0,121,329,0,450,1,0,1,451
04/09/2021,ADS,TX,ASW,CE,Towers with Radar,0,21,91,1,113,0,15,51,0,66,0,36,142,1,179,12,0,12,191
04/10/2021,ADS,TX,ASW,CE,Towers with Radar,0,8,46,0,54,0,69,164,1,234,0,77,210,1,288,13,0,13,301
04/11/2021,ADS,TX,ASW,CE,Towers with Radar,0,27,72,0,99,0,58,197,0,255,0,85,269,0,354,12,0,12,366
04/12/2021,ADS,TX,ASW,CE,Towers with Radar,0,32,92,0,124,0,52,167,0,219,0,84,259,0,343,7,0,7,350
04/13/2021,ADS,TX,ASW,CE,Towers with Radar,0,11,69,4,84,0,57,147,0,204,0,68,216,4,288,18,0,18,306
04/14/2021,ADS,TX,ASW,CE,Towers with Radar,0,43,83,2,128,0,20,46,0,66,0,63,129,2,194,6,0,6,200
04/15/2021,ADS,TX,ASW,CE,Towers with Radar,1,27,110,1,139,0,13,27,0,40,1,40,137,1,179,0,0,0,179
04/16/2021,ADS,TX,ASW,CE,Towers with Radar,0,17,59,0,76,0,0,0,0,0,0,17,59,0,76,0,0,0,76
04/17/2021,ADS,TX,ASW,CE,Towers with Radar,0,10,84,0,94,0,56,124,0,180,0,66,208,0,274,3,0,3,277
04/18/2021,ADS,TX,ASW,CE,Towers with Radar,0,30,91,0,121,0,72,189,0,261,0,102,280,0,382,4,0,4,386
04/19/2021,ADS,TX,ASW,CE,Towers with Radar,1,41,77,0,119,0,63,205,2,270,1,104,282,2,389,0,0,0,389
04/20/2021,ADS,TX,ASW,CE,Towers with Radar,0,29,76,0,105,0,50,133,4,187,0,79,209,4,292,8,0,8,300
04/21/2021,ADS,TX,ASW,CE,Towers with Radar,0,23,99,0,122,0,82,240,0,322,0,105,339,0,444,15,0,15,459
04/22/2021,ADS,TX,ASW,CE,Towers with Radar,0,33,115,0,148,0,61,155,0,216,0,94,270,0,364,0,0,0,364
04/23/2021,ADS,TX,ASW,CE,Towers with Radar,0,28,57,0,85,0,0,1,0,1,0,28,58,0,86,0,0,0,86
04/24/2021,ADS,TX,ASW,CE,Towers with Radar,0,18,79,0,97,0,43,107,0,150,0,61,186,0,247,5,0,5,252
04/25/2021,ADS,TX,ASW,CE,Towers with Radar,0,13,76,1,90,0,43,199,0,242,0,56,275,1,332,13,0,13,345
04/26/2021,ADS,TX,ASW,CE,Towers with Radar,0,34,97,2,133,0,20,122,0,142,0,54,219,2,275,0,0,0,275
04/27/2021,ADS,TX,ASW,CE,Towers with Radar,0,29,126,1,156,0,8,11,0,19,0,37,137,1,175,21,0,21,196
04/28/2021,ADS,TX,ASW,CE,Towers with Radar,0,30,76,1,107,0,4,27,0,31,0,34,103,1,138,0,0,0,138
04/29/2021,ADS,TX,ASW,CE,Towers with Radar,1,29,93,3,126,0,0,5,0,5,1,29,98,3,131,0,0,0,131
04/30/2021,ADS,TX,ASW,CE,Towers with Radar,2,14,105,0,121,0,16,44,0,60,2,30,149,0,181,9,0,9,190
05/01/2021,ADS,TX,ASW,CE,Towers with Radar,0,29,52,0,81,0,9,44,0,53,0,38,96,0,134,0,0,0,134
05/02/2021,ADS,TX,ASW,CE,Towers with Radar,0,28,110,0,138,0,31,110,0,141,0,59,220,0,279,0,0,0,279
05/03/2021,ADS,TX,ASW,CE,Towers with Radar,0,26,99,2,127,0,40,126,0,166,0,66,225,2,293,0,0,0,293
05/04/2021,ADS,TX,ASW,CE,Towers with Radar,0,51,107,0,158,0,45,118,0,163,0,96,225,0,321,4,0,4,325
05/05/2021,ADS,TX,ASW,CE,Towers with Radar,0,34,112,0,146,0,80,291,0,371,0,114,403,0,517,18,0,18,535
05/06/2021,ADS,TX,ASW,CE,Towers with Radar,0,39,119,2,160,0,61,241,1,303,0,100,360,3,463,18,0,18,481
05/07/2021,ADS,TX,ASW,CE,Towers with Radar,1,19,103,1,124,0,47,202,0,249,1,66,305,1,373,0,0,0,373
05/08/2021,ADS,TX,ASW,CE,Towers with Radar,0,21,64,0,85,0,6,44,0,50,0,27,108,0,135,8,0,8,143
05/09/2021,ADS,TX,ASW,CE,Towers with Radar,0,22,55,1,78,0,18,62,0,80,0,40,117,1,158,0,0,0,158
05/10/2021,ADS,TX,ASW,CE,Towers with Radar,0,30,88,0,118,0,0,0,0,0,0,30,88,0,118,0,0,0,118
05/11/2021,ADS,TX,ASW,CE,Towers with Radar,0,10,80,0,90,0,0,0,0,0,0,10,80,0,90,0,0,0,90
05/12/2021,ADS,TX,ASW,CE,Towers with Radar,0,38,157,0,195,0,2,23,0,25,0,40,180,0,220,0,0,0,220
05/13/2021,ADS,TX,ASW,CE,Towers with Radar,0,29,118,0,147,0,90,268,0,358,0,119,386,0,505,28,0,28,533
05/14/2021,ADS,TX,ASW,CE,Towers with Radar,0,26,113,0,139,0,51,230,0,281,0,77,343,0,420,8,0,8,428
05/15/2021,ADS,TX,ASW,CE,Towers with Radar,0,21,60,0,81,0,62,222,0,284,0,83,282,0,365,35,0,35,400
05/16/2021,ADS,TX,ASW,CE,Towers with Radar,0,34,111,0,145,0,0,4,0,4,0,34,115,0,149,0,0,0,149
05/17/2021,ADS,TX,ASW,CE,Towers with Radar,0,17,88,0,105,0,23,97,0,120,0,40,185,0,225,10,0,10,235
05/18/2021,ADS,TX,ASW,CE,Towers with Radar,0,41,67,0,108,0,2,23,0,25,0,43,90,0,133,8,0,8,141
05/19/2021,ADS,TX,ASW,CE,Towers with Radar,0,26,112,0,138,0,62,186,2,250,0,88,298,2,388,5,0,5,393
05/20/2021,ADS,TX,ASW,CE,Towers with Radar,0,40,141,0,181,0,5,56,0,61,0,45,197,0,242,13,0,13,255
05/21/2021,ADS,TX,ASW,CE,Towers with Radar,0,33,100,0,133,0,19,85,1,105,0,52,185,1,238,10,0,10,248
05/22/2021,ADS,TX,ASW,CE,Towers with Radar,0,21,70,0,91,0,0,7,0,7,0,21,77,0,98,0,0,0,98
05/23/2021,ADS,TX,ASW,CE,Towers with Radar,0,29,79,0,108,0,58,114,0,172,0,87,193,0,280,20,0,20,300
05/24/2021,ADS,TX,ASW,CE,Towers with Radar,0,28,91,0,119,0,0,34,0,34,0,28,125,0,153,2,0,2,155
05/25/2021,ADS,TX,ASW,CE,Towers with Radar,0,42,93,0,135,0,30,119,0,149,0,72,212,0,284,0,0,0,284
05/26/2021,ADS,TX,ASW,CE,Towers with Radar,2,66,106,0,174,0,60,218,0,278,2,126,324,0,452,10,0,10,462
05/27/2021,ADS,TX,ASW,CE,Towers with Radar,0,51,144,0,195,0,54,177,1,232,0,105,321,1,427,3,0,3,430
05/28/2021,ADS,TX,ASW,CE,Towers with Radar,0,19,111,0,130,0,23,111,0,134,0,42,222,0,264,0,0,0,264
05/29/2021,ADS,TX,ASW,CE,Towers with Radar,0,12,53,1,66,0,57,197,0,254,0,69,250,1,320,3,0,3,323
05/30/2021,ADS,TX,ASW,CE,Towers with Radar,0,12,66,0,78,0,42,75,0,117,0,54,141,0,195,9,0,9,204
05/31/2021,ADS,TX,ASW,CE,Towers with Radar,0,5,106,1,112,0,2,12,0,14,0,7,118,1,126,7,0,7,133
06/01/2021,ADS,TX,ASW,CE,Towers with Radar,0,37,103,0,140,0,31,48,0,79,0,68,151,0,219,4,0,4,223
06/02/2021,ADS,TX,ASW,CE,Towers with Radar,0,41,105,0,146,0,73,243,0,316,0,114,348,0,462,14,0,14,476
06/03/2021,ADS,TX,ASW,CE,Towers with Radar,0,22,104,0,126,0,74,197,0,271,0,96,301,0,397,14,0,14,411
06/04/2021,ADS,TX,ASW,CE,Towers with Radar,0,28,112,0,140,0,41,188,6,235,0,69,300,6,375,26,0,26,401
06/05/2021,ADS,TX,ASW,CE,Towers with Radar,0,25,63,0,88,0,26,71,0,97,0,51,134,0,185,0,0,0,185
06/06/2021,ADS,TX,ASW,CE,Towers with Radar,0,40,114,0,154,0,54,97,0,151,0,94,211,0,305,18,0,18,323
06/07/2021,ADS,TX,ASW,CE,Towers with Radar,0,51,82,0,133,0,8,32,0,40,0,59,114,0,173,0,0,0,173
06/08/2021,ADS,TX,ASW,CE,Towers with Radar,0,52,117,0,169,0,67,149,1,217,0,119,266,1,386,0,0,0,386
06/09/2021,ADS,TX,ASW,CE,Towers with Radar,0,34,117,0,151,0,61,128,0,189,0,95,245,0,340,3,0,3,343
06/10/2021,ADS,TX,ASW,CE,Towers with Radar,0,26,142,0,168,0,51,156,0,207,0,77,298,0,375,0,0,0,375
06/11/2021,ADS,TX,ASW,CE,Towers with Radar,0,22,112,0,134,0,43,180,0,223,0,65,292,0,357,9,0,9,366
06/12/2021,ADS,TX,ASW,CE,Towers with Radar,2,9,76,1,88,0,56,184,0,240,2,65,260,1,328,6,0,6,334
06/13/2021,ADS,TX,ASW,CE,Towers with Radar,0,27,74,1,102,0,73,233,0,306,0,100,307,1,408,14,0,14,422
06/14/2021,ADS,TX,ASW,CE,Towers with Radar,0,32,87,0,119,0,67,205,3,275,0,99,292,3,394,7,0,7,401
06/15/2021,ADS,TX,ASW,CE,Towers with Radar,0,18,86,0,104,0,88,223,0,311,0,106,309,0,415,4,0,4,419
06/16/2021,ADS,TX,ASW,CE,Towers with Radar,1,32,92,0,125,0,81,202,0,283,1,113,294,0,408,2,0,2,410
06/17/2021,ADS,TX,ASW,CE,Towers with Radar,0,33,139,0,172,0,63,214,0,277,0,96,353,0,449,1,0,1,450
06/18/2021,ADS,TX,ASW,CE,Towers with Radar,0,27,101,1,129,0,65,226,2,293,0,92,327,3,422,6,0,6,428
06/19/2021,ADS,TX,ASW,CE,Towers with Radar,0,15,54,0,69,0,71,226,2,299,0,86,280,2,368,19,0,19,387
06/20/2021,ADS,TX,ASW,CE,Towers with Radar,0,15,95,0,110,0,46,155,0,201,0,61,250,0,311,4,0,4,315
06/21/2021,ADS,TX,ASW,CE,Towers with Radar,1,56,89,0,146,0,13,48,0,61,1,69,137,0,207,0,0,0,207
06/22/2021,ADS,TX,ASW,CE,Towers with Radar,1,36,104,0,141,0,91,182,0,273,1,127,286,0,414,3,0,3,417
06/23/2021,ADS,TX,ASW,CE,Towers with Radar,1,47,133,1,182,0,43,127,0,170,1,90,260,1,352,0,0,0,352
06/24/2021,ADS,TX,ASW,CE,Towers with Radar,0,55,109,2,166,0,66,185,0,251,0,121,294,2,417,0,0,0,417
06/25/2021,ADS,TX,ASW,CE,Towers with Radar,0,41,119,0,160,0,42,155,0,197,0,83,274,0,357,10,0,10,367
06/26/2021,ADS,TX,ASW,CE,Towers with Radar,0,27,76,0,103,0,42,139,0,181,0,69,215,0,284,13,0,13,297
06/27/2021,ADS,TX,ASW,CE,Towers with Radar,0,42,86,0,128,0,50,80,0,130,0,92,166,0,258,0,0,0,258
06/28/2021,ADS,TX,ASW,CE,Towers with Radar,0,28,72,2,102,0,11,26,0,37,0,39,98,2,139,0,0,0,139
06/29/2021,ADS,TX,ASW,CE,Towers with Radar,0,30,80,0,110,0,43,77,0,120,0,73,157,0,230,10,0,10,240
06/30/2021,ADS,TX,ASW,CE,Towers with Radar,0,41,122,1,164,0,62,120,1,183,0,103,242,2,347,2,0,2,349
07/01/2021,ADS,TX,ASW,CE,Towers with Radar,0,48,100,0,148,0,83,161,1,245,0,131,261,1,393,14,0,14,407
07/02/2021,ADS,TX,ASW,CE,Towers with Radar,0,23,104,1,128,0,9,40,0,49,0,32,144,1,177,11,0,11,188
07/03/2021,ADS,TX,ASW,CE,Towers with Radar,0,19,58,0,77,0,35,79,3,117,0,54,137,3,194,2,0,2,196
07/04/2021,ADS,TX,ASW,CE,Towers with Radar,0,11,31,0,42,0,59,101,0,160,0,70,132,0,202,10,0,10,212
07/05/2021,ADS,TX,ASW,CE,Towers with Radar,0,29,87,1,117,0,54,158,0,212,0,83,245,1,329,8,0,8,337
07/06/2021,ADS,TX,ASW,CE,Towers with Radar,0,38,111,0,149,0,78,132,1,211,0,116,243,1,360,5,0,5,365
07/07/2021,ADS,TX,ASW,CE,Towers with Radar,0,34,90,0,124,0,85,197,2,284,0,119,287,2,408,0,0,0,408
07/08/2021,ADS,TX,ASW,CE,Towers with Radar,0,42,99,2,143,0,75,207,0,282,0,117,306,2,425,4,0,4,429
07/09/2021,ADS,TX,ASW,CE,Towers with Radar,0,42,121,0,163,0,26,65,0,91,0,68,186,0,254,4,0,4,258
07/10/2021,ADS,TX,ASW,CE,Towers with Radar,0,20,89,0,109,0,34,98,0,132,0,54,187,0,241,2,0,2,243
07/11/2021,ADS,TX,ASW,CE,Towers with Radar,0,20,60,0,80,0,27,135,1,163,0,47,195,1,243,13,0,13,256
07/12/2021,ADS,TX,ASW,CE,Towers with Radar,0,32,93,2,127,0,50,153,0,203,0,82,246,2,330,32,0,32,362
07/13/2021,ADS,TX,ASW,CE,Towers with Radar,0,45,110,0,155,0,76,246,0,322,0,121,356,0,477,2,0,2,479
07/14/2021,ADS,TX,ASW,CE,Towers with Radar,0,38,106,0,144,0,87,189,0,276,0,125,295,0,420,2,0,2,422
07/15/2021,ADS,TX,ASW,CE,Towers with Radar,0,54,119,0,173,0,49,160,0,209,0,103,279,0,382,2,0,2,384
07/16/2021,ADS,TX,ASW,CE,Towers with Radar,0,56,137,2,195,0,38,157,1,196,0,94,294,3,391,21,0,21,412
07/17/2021,ADS,TX,ASW,CE,Towers with Radar,0,23,94,2,119,0,69,185,1,255,0,92,279,3,374,15,0,15,389
07/18/2021,ADS,TX,ASW,CE,Towers with Radar,0,30,104,1,135,0,64,131,0,195,0,94,235,1,330,0,0,0,330
07/19/2021,ADS,TX,ASW,CE,Towers with Radar,0,32,81,0,113,0,23,37,0,60,0,55,118,0,173,53,0,53,226
07/20/2021,ADS,TX,ASW,CE,Towers with Radar,0,45,107,0,152,0,60,157,1,218,0,105,264,1,370,2,0,2,372
07/21/2021,ADS,TX,ASW,CE,Towers with Radar,0,42,121,0,163,0,89,203,0,292,0,131,324,0,455,2,0,2,457
07/22/2021,ADS,TX,ASW,CE,Towers with Radar,0,43,108,1,152,0,67,215,0,282,0,110,323,1,434,4,0,4,438
07/23/2021,ADS,TX,ASW,CE,Towers with Radar,0,30,107,0,137,0,35,183,0,218,0,65,290,0,355,0,0,0,355
07/24/2021,ADS,TX,ASW,CE,Towers with Radar,0,15,62,0,77,0,76,177,0,253,0,91,239,0,330,17,0,17,347
07/25/2021,ADS,TX,ASW,CE,Towers with Radar,0,35,94,0,129,0,59,169,0,228,0,94,263,0,357,18,0,18,375
07/26/2021,ADS,TX,ASW,CE,Towers with Radar,1,43,94,0,138,0,61,154,0,215,1,104,248,0,353,2,0,2,355
07/27/2021,ADS,TX,ASW,CE,Towers with Radar,0,30,95,0,125,0,82,155,0,237,0,112,250,0,362,3,0,3,365
07/28/2021,ADS,TX,ASW,CE,Towers with Radar,0,37,95,2,134,0,73,196,0,269,0,110,291,2,403,0,0,0,403
07/29/2021,ADS,TX,ASW,CE,Towers with Radar,0,28,109,0,137,0,83,203,0,286,0,111,312,0,423,30,0,30,453
07/30/2021,ADS,TX,ASW,CE,Towers with Radar,0,30,84,1,115,0,80,191,0,271,0,110,275,1,386,7,0,7,393
07/31/2021,ADS,TX,ASW,CE,Towers with Radar,0,29,62,0,91,0,86,172,0,258,0,115,234,0,349,2,0,2,351
08/01/2021,ADS,TX,ASW,CE,Towers with Radar,0,33,85,1,119,0,47,110,0,157,0,80,195,1,276,22,0,22,298
08/02/2021,ADS,TX,ASW,CE,Towers with Radar,0,41,97,0,138,0,29,49,0,78,0,70,146,0,216,1,0,1,217
08/03/2021,ADS,TX,ASW,CE,Towers with Radar,0,31,110,0,141,0,69,190,0,259,0,100,300,0,400,0,0,0,400
08/04/2021,ADS,TX,ASW,CE,Towers with Radar,0,36,106,2,144,0,72,194,2,268,0,108,300,4,412,3,0,3,415
08/05/2021,ADS,TX,ASW,CE,Towers with Radar,0,35,101,0,136,0,61,154,0,215,0,96,255,0,351,7,0,7,358
08/06/2021,ADS,TX,ASW,CE,Towers with Radar,0,32,94,2,128,0,66,184,0,250,0,98,278,2,378,2,0,2,380
08/07/2021,ADS,TX,ASW,CE,Towers with Radar,0,25,75,0,100,0,49,113,0,162,0,74,188,0,262,0,0,0,262
08/08/2021,ADS,TX,ASW,CE,Towers with Radar,0,32,121,1,154,0,24,106,0,130,0,56,227,1,284,1,0,1,285
08/09/2021,ADS,TX,ASW,CE,Towers with Radar,0,29,90,2,121,0,28,106,2,136,0,57,196,4,257,5,0,5,262
08/10/2021,ADS,TX,ASW,CE,Towers with Radar,0,36,100,0,136,0,53,144,0,197,0,89,244,0,333,0,0,0,333
08/11/2021,ADS,TX,ASW,CE,Towers with Radar,1,33,95,2,131,0,47,193,0,240,1,80,288,2,371,9,0,9,380
08/12/2021,ADS,TX,ASW,CE,Towers with Radar,0,41,115,0,156,0,70,173,0,243,0,111,288,0,399,2,0,2,401
08/13/2021,ADS,TX,ASW,CE,Towers with Radar,0,34,88,1,123,0,76,217,0,293,0,110,305,1,416,7,0,7,423
08/14/2021,ADS,TX,ASW,CE,Towers with Radar,0,18,60,2,80,0,33,113,0,146,0,51,173,2,226,4,0,4,230
08/15/2021,ADS,TX,ASW,CE,Towers with Radar,0,26,100,0,126,0,43,130,0,173,0,69,230,0,299,16,0,16,315
08/16/2021,ADS,TX,ASW,CE,Towers with Radar,0,33,91,1,125,0,56,148,1,205,0,89,239,2,330,0,0,0,330
08/17/2021,ADS,TX,ASW,CE,Towers with Radar,0,37,68,1,106,0,32,77,1,110,0,69,145,2,216,0,0,0,216
08/18/2021,ADS,TX,ASW,CE,Towers with Radar,1,29,101,0,131,0,1,12,0,13,1,30,113,0,144,0,0,0,144
08/19/2021,ADS,TX,ASW,CE,Towers with Radar,0,28,113,2,143,0,30,103,0,133,0,58,216,2,276,0,0,0,276
08/20/2021,ADS,TX,ASW,CE,Towers with Radar,0,27,102,1,130,0,64,177,0,241,0,91,279,1,371,28,0,28,399
08/21/2021,ADS,TX,ASW,CE,Towers with Radar,0,16,45,4,65,0,84,218,0,302,0,100,263,4,367,8,0,8,375
08/22/2021,ADS,TX,ASW,CE,Towers with Radar,0,25,77,0,102,0,72,173,0,245,0,97,250,0,347,14,0,14,361
08/23/2021,ADS,TX,ASW,CE,Towers with Radar,2,23,115,3,143,0,79,154,4,237,2,102,269,7,380,2,0,2,382
08/24/2021,ADS,TX,ASW,CE,Towers with Radar,1,43,92,1,137,0,73,165,1,239,1,116,257,2,376,2,0,2,378
08/25/2021,ADS,TX,ASW,CE,Towers with Radar,0,43,91,0,134,0,80,193,0,273,0,123,284,0,407,10,0,10,417
08/26/2021,ADS,TX,ASW,CE,Towers with Radar,0,26,99,2,127,0,71,189,0,260,0,97,288,2,387,6,0,6,393
08/27/2021,ADS,TX,ASW,CE,Towers with Radar,0,29,93,2,124,0,65,171,0,236,0,94,264,2,360,3,0,3,363
08/28/2021,ADS,TX,ASW,CE,Towers with Radar,0,15,51,0,66,0,60,195,0,255,0,75,246,0,321,8,0,8,329
08/29/2021,ADS,TX,ASW,CE,Towers with Radar,0,24,109,0,133,0,30,80,0,110,0,54,189,0,243,6,0,6,249
08/30/2021,ADS,TX,ASW,CE,Towers with Radar,0,21,63,0,84,0,67,145,0,212,0,88,208,0,296,22,0,22,318
08/31/2021,ADS,TX,ASW,CE,Towers with Radar,1,36,90,0,127,0,64,175,0,239,1,100,265,0,366,12,0,12,378
09/01/2021,ADS,TX,ASW,CE,Towers with Radar,1,38,98,2,139,0,66,183,0,249,1,104,281,2,388,11,0,11,399
09/02/2021,ADS,TX,ASW,CE,Towers with Radar,0,40,142,0,182,0,79,183,0,262,0,119,325,0,444,4,0,4,448
09/03/2021,ADS,TX,ASW,CE,Towers with Radar,0,41,105,1,147,0,57,192,0,249,0,98,297,1,396,2,0,2,398
09/04/2021,ADS,TX,ASW,CE,Towers with Radar,0,21,43,0,64,0,74,176,0,250,0,95,219,0,314,8,0,8,322
09/05/2021,ADS,TX,ASW,CE,Towers with Radar,0,12,57,0,69,0,58,80,0,138,0,70,137,0,207,20,0,20,227
09/06/2021,ADS,TX,ASW,CE,Towers with Radar,0,38,144,0,182,0,42,118,0,160,0,80,262,0,342,4,0,4,346
09/07/2021,ADS,TX,ASW,CE,Towers with Radar,0,35,98,2,135,0,57,181,0,238,0,92,279,2,373,4,0,4,377
09/08/2021,ADS,TX,ASW,CE,Towers with Radar,0,39,92,0,131,0,49,158,0,207,0,88,250,0,338,22,0,22,360
09/09/2021,ADS,TX,ASW,CE,Towers with Radar,0,26,110,0,136,0,65,188,0,253,0,91,298,0,389,2,0,2,391
09/10/2021,ADS,TX,ASW,CE,Towers with Radar,0,23,118,1,142,0,64,209,0,273,0,87,327,1,415,2,0,2,417
09/11/2021,ADS,TX,ASW,CE,Towers with Radar,0,20,54,0,74,0,71,163,1,235,0,91,217,1,309,0,0,0,309
09/12/2021,ADS,TX,ASW,CE,Towers with Radar,0,31,102,1,134,0,62,211,0,273,0,93,313,1,407,22,0,22,429
09/13/2021,ADS,TX,ASW,CE,Towers with Radar,0,25,110,0,135,0,28,76,0,104,0,53,186,0,239,0,0,0,239
09/14/2021,ADS,TX,ASW,CE,Towers with Radar,0,27,105,0,132,0,53,135,0,188,0,80,240,0,320,6,0,6,326
09/15/2021,ADS,TX,ASW,CE,Towers with Radar,0,34,105,2,141,0,57,159,0,216,0,91,264,2,357,0,0,0,357
09/16/2021,ADS,TX,ASW,CE,Towers with Radar,0,43,102,1,146,0,58,182,0,240,0,101,284,1,386,2,0,2,388
09/17/2021,ADS,TX,ASW,CE,Towers with Radar,0,39,130,0,169,0,36,168,0,204,0,75,298,0,373,2,0,2,375
09/18/2021,ADS,TX,ASW,CE,Towers with Radar,0,24,58,0,82,0,53,190,1,244,0,77,248,1,326,30,0,30,356
09/19/2021,ADS,TX,ASW,CE,Towers with Radar,0,45,121,1,167,0,50,133,0,183,0,95,254,1,350,2,0,2,352
09/20/2021,ADS,TX,ASW,CE,Towers with Radar,0,34,92,0,126,0,50,128,0,178,0,84,220,0,304,10,0,10,314
09/21/2021,ADS,TX,ASW,CE,Towers with Radar,0,31,94,0,125,0,26,115,0,141,0,57,209,0,266,18,0,18,284
09/22/2021,ADS,TX,ASW,CE,Towers with Radar,0,25,118,0,143,0,73,178,0,251,0,98,296,0,394,2,0,2,396
09/23/2021,ADS,TX,ASW,CE,Towers with Radar,0,37,146,0,183,0,75,220,0,295,0,112,366,0,478,4,0,4,482
09/24/2021,ADS,TX,ASW,CE,Towers with Radar,0,31,134,0,165,0,57,212,0,269,0,88,346,0,434,2,0,2,436
09/25/2021,ADS,TX,ASW,CE,Towers with Radar,0,34,65,0,99,0,62,184,2,248,0,96,249,2,347,18,0,18,365
09/26/2021,ADS,TX,ASW,CE,Towers with Radar,0,46,146,0,192,0,45,214,0,259,0,91,360,0,451,0,0,0,451
09/27/2021,ADS,TX,ASW,CE,Towers with Radar,0,46,141,0,187,0,71,175,0,246,0,117,316,0,433,0,0,0,433
09/28/2021,ADS,TX,ASW,CE,Towers with Radar,0,41,108,0,149,0,56,170,0,226,0,97,278,0,375,0,0,0,375
09/29/2021,ADS,TX,ASW,CE,Towers with Radar,0,50,103,0,153,0,71,116,0,187,0,121,219,0,340,18,0,18,358
09/30/2021,ADS,TX,ASW,CE,Towers with Radar,0,59,121,0,180,0,24,67,0,91,0,83,188,0,271,27,0,27,298
10/01/2021,ADS,TX,ASW,CE,Towers with Radar,0,31,98,1,130,0,28,83,0,111,0,59,181,1,241,19,0,19,260
10/02/2021,ADS,TX,ASW,CE,Towers with Radar,0,26,65,0,91,0,10,57,0,67,0,36,122,0,158,15,0,15,173
10/03/2021,ADS,TX,ASW,CE,Towers with Radar,0,38,134,1,173,0,55,191,0,246,0,93,325,1,419,13,0,13,432
10/04/2021,ADS,TX,ASW,CE,Towers with Radar,0,42,106,0,148,0,54,183,0,237,0,96,289,0,385,0,0,0,385
10/05/2021,ADS,TX,ASW,CE,Towers with Radar,0,34,137,0,171,0,70,229,0,299,0,104,366,0,470,3,0,3,473
10/06/2021,ADS,TX,ASW,CE,Towers with Radar,0,33,120,0,153,0,55,211,0,266,0,88,331,0,419,3,0,3,422
10/07/2021,ADS,TX,ASW,CE,Towers with Radar,1,45,117,0,163,0,65,206,0,271,1,110,323,0,434,10,0,10,444
10/08/2021,ADS,TX,ASW,CE,Towers with Radar,3,51,200,1,255,0,26,218,0,244,3,77,418,1,499,8,0,8,507
10/09/2021,ADS,TX,ASW,CE,Towers with Radar,0,26,71,0,97,0,24,211,0,235,0,50,282,0,332,2,0,2,334
10/10/2021,ADS,TX,ASW,CE,Towers with Radar,0,39,166,1,206,0,0,39,0,39,0,39,205,1,245,17,0,17,262
10/11/2021,ADS,TX,ASW,CE,Towers with Radar,2,55,138,2,197,0,58,227,0,285,2,113,365,2,482,0,0,0,482
10/12/2021,ADS,TX,ASW,CE,Towers with Radar,0,54,138,0,192,0,10,28,0,38,0,64,166,0,230,0,0,0,230
10/13/2021,ADS,TX,ASW,CE,Towers with Radar,0,33,116,2,151,0,4,10,0,14,0,37,126,2,165,0,0,0,165
10/14/2021,ADS,TX,ASW,CE,Towers with Radar,0,65,148,0,213,0,14,40,0,54,0,79,188,0,267,24,0,24,291
10/15/2021,ADS,TX,ASW,CE,Towers with Radar,0,61,128,1,190,0,22,67,1,90,0,83,195,2,280,0,0,0,280
10/16/2021,ADS,TX,ASW,CE,Towers with Radar,0,28,71,0,99,0,64,217,0,281,0,92,288,0,380,4,0,4,384
10/17/2021,ADS,TX,ASW,CE,Towers with Radar,0,47,118,1,166,0,68,234,0,302,0,115,352,1,468,8,0,8,476
10/18/2021,ADS,TX,ASW,CE,Towers with Radar,0,31,131,1,163,0,67,235,1,303,0,98,366,2,466,6,0,6,472
10/19/2021,ADS,TX,ASW,CE,Towers with Radar,0,40,117,0,157,0,73,197,0,270,0,113,314,0,427,0,0,0,427
10/20/2021,ADS,TX,ASW,CE,Towers with Radar,0,47,162,0,209,0,70,172,0,242,0,117,334,0,451,41,0,41,492
10/21/2021,ADS,TX,ASW,CE,Towers with Radar,0,61,156,2,219,0,92,201,0,293,0,153,357,2,512,13,0,13,525
10/22/2021,ADS,TX,ASW,CE,Towers with Radar,0,35,118,0,153,0,59,202,0,261,0,94,320,0,414,14,0,14,428
10/23/2021,ADS,TX,ASW,CE,Towers with Radar,0,30,105,0,135,0,22,121,0,143,0,52,226,0,278,4,0,4,282
10/24/2021,ADS,TX,ASW,CE,Towers with Radar,1,43,157,0,201,0,13,46,0,59,1,56,203,0,260,0,0,0,260
10/25/2021,ADS,TX,ASW,CE,Towers with Radar,0,22,117,0,139,0,84,232,1,317,0,106,349,1,456,0,0,0,456
10/26/2021,ADS,TX,ASW,CE,Towers with Radar,0,46,147,0,193,0,6,42,0,48,0,52,189,0,241,0,0,0,241
10/27/2021,ADS,TX,ASW,CE,Towers with Radar,2,33,96,0,131,0,4,23,0,27,2,37,119,0,158,0,0,0,158
10/28/2021,ADS,TX,ASW,CE,Towers with Radar,1,23,121,0,145,0,4,21,0,25,1,27,142,0,170,0,0,0,170
10/29/2021,ADS,TX,ASW,CE,Towers with Radar,0,32,124,0,156,0,6,78,0,84,0,38,202,0,240,0,0,0,240
10/30/2021,ADS,TX,ASW,CE,Towers with Radar,0,25,78,1,104,0,79,251,0,330,0,104,329,1,434,15,0,15,449
10/31/2021,ADS,TX,ASW,CE,Towers with Radar,0,30,108,0,138,0,72,217,1,290,0,102,325,1,428,0,0,0,428
11/01/2021,ADS,TX,ASW,CE,Towers with Radar,0,41,106,1,148,0,87,220,1,308,0,128,326,2,456,2,0,2,458
11/02/2021,ADS,TX,ASW,CE,Towers with Radar,0,50,139,0,189,0,21,26,0,47,0,71,165,0,236,0,0,0,236
11/03/2021,ADS,TX,ASW,CE,Towers with Radar,0,48,141,0,189,0,0,0,0,0,0,48,141,0,189,0,0,0,189
11/04/2021,ADS,TX,ASW,CE,Towers with Radar,0,38,152,1,191,0,81,161,0,242,0,119,313,1,433,6,0,6,439
11/05/2021,ADS,TX,ASW,CE,Towers with Radar,1,51,170,3,225,0,55,228,0,283,1,106,398,3,508,3,0,3,511
11/06/2021,ADS,TX,ASW,CE,Towers with Radar,0,27,71,0,98,0,59,220,0,279,0,86,291,0,377,50,0,50,427
11/07/2021,ADS,TX,ASW,CE,Towers with Radar,0,39,141,0,180,0,71,181,0,252,0,110,322,0,432,34,0,34,466
11/08/2021,ADS,TX,ASW,CE,Towers with Radar,2,51,128,1,182,0,67,147,0,214,2,118,275,1,396,28,0,28,424
11/09/2021,ADS,TX,ASW,CE,Towers with Radar,0,46,134,1,181,0,80,159,0,239,0,126,293,1,420,0,0,0,420
11/10/2021,ADS,TX,ASW,CE,Towers with Radar,1,46,168,0,215,0,7,25,0,32,1,53,193,0,247,20,0,20,267
11/11/2021,ADS,TX,ASW,CE,Towers with Radar,0,64,142,0,206,0,67,233,2,302,0,131,375,2,508,24,0,24,532
11/12/2021,ADS,TX,ASW,CE,Towers with Radar,0,36,124,0,160,0,66,215,0,281,0,102,339,0,441,0,0,0,441
11/13/2021,ADS,TX,ASW,CE,Towers with Radar,0,30,84,0,114,0,68,247,0,315,0,98,331,0,429,34,0,34,463
11/14/2021,ADS,TX,ASW,CE,Towers with Radar,0,42,134,0,176,0,67,209,0,276,0,109,343,0,452,16,0,16,468
11/15/2021,ADS,TX,ASW,CE,Towers with Radar,0,41,125,2,168,0,81,189,0,270,0,122,314,2,438,2,0,2,440
11/16/2021,ADS,TX,ASW,CE,Towers with Radar,0,35,137,2,174,0,12,66,0,78,0,47,203,2,252,0,0,0,252
11/17/2021,ADS,TX,ASW,CE,Towers with Radar,0,41,160,0,201,0,18,90,0,108,0,59,250,0,309,0,0,0,309
11/18/2021,ADS,TX,ASW,CE,Towers with Radar,0,41,175,0,216,0,62,115,0,177,0,103,290,0,393,0,0,0,393
11/19/2021,ADS,TX,ASW,CE,Towers with Radar,0,55,172,0,227,0,56,216,1,273,0,111,388,1,500,0,0,0,500
11/20/2021,ADS,TX,ASW,CE,Towers with Radar,0,31,98,0,129,0,52,166,0,218,0,83,264,0,347,5,0,5,352
11/21/2021,ADS,TX,ASW,CE,Towers with Radar,0,48,120,0,168,0,23,53,0,76,0,71,173,0,244,0,0,0,244
11/22/2021,ADS,TX,ASW,CE,Towers with Radar,0,44,106,0,150,0,94,173,0,267,0,138,279,0,417,18,0,18,435
11/23/2021,ADS,TX,ASW,CE,Towers with Radar,0,36,147,0,183,0,77,199,0,276,0,113,346,0,459,38,0,38,497
11/24/2021,ADS,TX,ASW,CE,Towers with Radar,2,24,111,0,137,0,22,86,0,108,2,46,197,0,245,0,0,0,245
11/25/2021,ADS,TX,ASW,CE,Towers with Radar,0,17,17,0,34,0,0,31,0,31,0,17,48,0,65,3,0,3,68
11/26/2021,ADS,TX,ASW,CE,Towers with Radar,0,27,71,1,99,0,48,174,0,222,0,75,245,1,321,6,0,6,327
11/27/2021,ADS,TX,ASW,CE,Towers with Radar,0,37,102,0,139,0,46,56,0,102,0,83,158,0,241,15,0,15,256
11/28/2021,ADS,TX,ASW,CE,Towers with Radar,0,54,184,1,239,0,44,151,0,195,0,98,335,1,434,0,0,0,434
11/29/2021,ADS,TX,ASW,CE,Towers with Radar,1,45,117,0,163,0,70,191,0,261,1,115,308,0,424,0,0,0,424
11/30/2021,ADS,TX,ASW,CE,Towers with Radar,0,35,134,0,169,0,84,176,1,261,0,119,310,1,430,4,0,4,434
12/01/2021,ADS,TX,ASW,CE,Towers with Radar,2,39,136,1,178,0,72,197,0,269,2,111,333,1,447,10,0,10,457
12/02/2021,ADS,TX,ASW,CE,Towers with Radar,0,35,150,2,187,0,61,153,0,214,0,96,303,2,401,1,0,1,402
12/03/2021,ADS,TX,ASW,CE,Towers with Radar,1,33,133,1,168,0,26,43,0,69,1,59,176,1,237,0,0,0,237
12/04/2021,ADS,TX,ASW,CE,Towers with Radar,1,34,86,0,121,0,16,48,0,64,1,50,134,0,185,6,0,6,191
12/05/2021,ADS,TX,ASW,CE,Towers with Radar,0,33,108,0,141,0,18,41,0,59,0,51,149,0,200,0,0,0,200
12/06/2021,ADS,TX,ASW,CE,Towers with Radar,0,41,110,0,151,0,15,59,1,75,0,56,169,1,226,5,0,5,231
12/07/2021,ADS,TX,ASW,CE,Towers with Radar,0,34,126,0,160,0,88,205,0,293,0,122,331,0,453,1,0,1,454
12/08/2021,ADS,TX,ASW,CE,Towers with Radar,0,41,150,3,194,0,16,44,0,60,0,57,194,3,254,0,0,0,254
12/09/2021,ADS,TX,ASW,CE,Towers with Radar,0,37,191,0,228,0,39,144,1,184,0,76,335,1,412,19,0,19,431
12/10/2021,ADS,TX,ASW,CE,Towers with Radar,0,27,149,1,177,0,32,81,0,113,0,59,230,1,290,0,0,0,290
12/11/2021,ADS,TX,ASW,CE,Towers with Radar,0,23,93,0,116,0,49,199,0,248,0,72,292,0,364,2,0,2,366
12/12/2021,ADS,TX,ASW,CE,Towers with Radar,0,29,96,0,125,0,64,197,0,261,0,93,293,0,386,10,0,10,396
12/13/2021,ADS,TX,ASW,CE,Towers with Radar,0,35,104,0,139,0,79,184,0,263,0,114,288,0,402,0,0,0,402
12/14/2021,ADS,TX,ASW,CE,Towers with Radar,0,48,155,0,203,0,2,17,0,19,0,50,172,0,222,5,0,5,227
12/15/2021,ADS,TX,ASW,CE,Towers with Radar,0,35,140,0,175,0,4,42,2,48,0,39,182,2,223,6,0,6,229
12/16/2021,ADS,TX,ASW,CE,Towers with Radar,0,42,188,0,230,0,38,105,0,143,0,80,293,0,373,5,0,5,378
12/17/2021,ADS,TX,ASW,CE,Towers with Radar,0,34,143,0,177,0,7,46,1,54,0,41,189,1,231,0,0,0,231
12/18/2021,ADS,TX,ASW,CE,Towers with Radar,0,33,79,1,113,0,3,48,1,52,0,36,127,2,165,0,0,0,165
12/19/2021,ADS,TX,ASW,CE,Towers with Radar,1,29,89,0,119,0,50,197,0,247,1,79,286,0,366,22,0,22,388
12/20/2021,ADS,TX,ASW,CE,Towers with Radar,0,36,92,1,129,0,55,141,0,196,0,91,233,1,325,0,0,0,325
12/21/2021,ADS,TX,ASW,CE,Towers with Radar,1,29,122,0,152,0,72,189,0,261,1,101,311,0,413,20,0,20,433
12/22/2021,ADS,TX,ASW,CE,Towers with Radar,3,41,128,0,172,0,65,216,0,281,3,106,344,0,453,0,0,0,453
12/23/2021,ADS,TX,ASW,CE,Towers with Radar,1,39,113,0,153,0,21,137,0,158,1,60,250,0,311,4,0,4,315
12/24/2021,ADS,TX,ASW,CE,Towers with Radar,1,14,38,0,53,0,3,33,0,36,1,17,71,0,89,25,0,25,114
12/25/2021,ADS,TX,ASW,CE,Towers with Radar,0,25,38,0,63,0,0,19,0,19,0,25,57,0,82,0,0,0,82
12/26/2021,ADS,TX,ASW,CE,Towers with Radar,0,35,117,0,152,0,2,43,0,45,0,37,160,0,197,7,0,7,204
12/27/2021,ADS,TX,ASW,CE,Towers with Radar,0,32,125,0,157,0,43,115,0,158,0,75,240,0,315,0,0,0,315
12/28/2021,ADS,TX,ASW,CE,Towers with Radar,0,29,107,2,138,0,35,114,0,149,0,64,221,2,287,4,0,4,291
12/29/2021,ADS,TX,ASW,CE,Towers with Radar,0,29,106,2,137,0,25,63,0,88,0,54,169,2,225,8,0,8,233
12/30/2021,ADS,TX,ASW,CE,Towers with Radar,0,19,135,2,156,0,74,199,0,273,0,93,334,2,429,12,0,12,441
12/31/2021,ADS,TX,ASW,CE,Towers with Radar,0,13,68,0,81,0,1,6,0,7,0,14,74,0,88,16,0,16,104
01/01/2022,ADS,TX,ASW,CE,Towers with Radar,0,35,54,0,89,0,0,20,0,20,0,35,74,0,109,0,0,0,109
01/02/2022,ADS,TX,ASW,CE,Towers with Radar,0,29,144,0,173,0,19,70,0,89,0,48,214,0,262,4,0,4,266
01/03/2022,ADS,TX,ASW,CE,Towers with Radar,0,27,156,0,183,0,66,175,1,242,0,93,331,1,425,0,0,0,425
01/04/2022,ADS,TX,ASW,CE,Towers with Radar,0,26,119,0,145,0,40,139,0,179,0,66,258,0,324,0,0,0,324
01/05/2022,ADS,TX,ASW,CE,Towers with Radar,0,23,97,0,120,0,61,166,0,227,0,84,263,0,347,21,0,21,368
01/06/2022,ADS,TX,ASW,CE,Towers with Radar,0,19,86,0,105,0,17,119,0,136,0,36,205,0,241,0,0,0,241
01/07/2022,ADS,TX,ASW,CE,Towers with Radar,0,26,125,0,151,0,73,155,0,228,0,99,280,0,379,0,0,0,379
01/08/2022,ADS,TX,ASW,CE,Towers with Radar,0,17,64,0,81,0,0,0,0,0,0,17,64,0,81,0,0,0,81
01/09/2022,ADS,TX,ASW,CE,Towers with Radar,0,28,115,0,143,0,2,22,0,24,0,30,137,0,167,12,0,12,179
01/10/2022,ADS,TX,ASW,CE,Towers with Radar,0,27,109,0,136,0,72,167,0,239,0,99,276,0,375,2,0,2,377
01/11/2022,ADS,TX,ASW,CE,Towers with Radar,0,29,95,0,124,0,71,157,0,228,0,100,252,0,352,5,0,5,357
01/12/2022,ADS,TX,ASW,CE,Towers with Radar,0,29,108,0,137,0,67,235,0,302,0,96,343,0,439,22,0,22,461
01/13/2022,ADS,TX,ASW,CE,Towers with Radar,0,35,118,0,153,0,62,228,0,290,0,97,346,0,443,0,0,0,443
01/14/2022,ADS,TX,ASW,CE,Towers with Radar,0,23,118,0,141,0,59,175,4,238,0,82,293,4,379,4,0,4,383
01/15/2022,ADS,TX,ASW,CE,Towers with Radar,0,18,38,0,56,0,0,6,0,6,0,18,44,0,62,0,0,0,62
01/16/2022,ADS,TX,ASW,CE,Towers with Radar,0,25,78,0,103,0,68,178,0,246,0,93,256,0,349,0,0,0,349
01/17/2022,ADS,TX,ASW,CE,Towers with Radar,0,32,119,0,151,0,79,206,0,285,0,111,325,0,436,10,0,10,446
01/18/2022,ADS,TX,ASW,CE,Towers with Radar,0,37,95,4,136,0,28,117,0,145,0,65,212,4,281,0,0,0,281
01/19/2022,ADS,TX,ASW,CE,Towers with Radar,0,37,82,0,119,0,31,103,1,135,0,68,185,1,254,0,0,0,254
01/20/2022,ADS,TX,ASW,CE,Towers with Radar,0,37,101,0,138,0,33,116,1,150,0,70,217,1,288,2,0,2,290
01/21/2022,ADS,TX,ASW,CE,Towers with Radar,0,27,96,0,123,0,67,210,0,277,0,94,306,0,400,8,0,8,408
01/22/2022,ADS,TX,ASW,CE,Towers with Radar,0,19,58,0,77,0,75,233,0,308,0,94,291,0,385,28,0,28,413
01/23/2022,ADS,TX,ASW,CE,Towers with Radar,0,41,75,1,117,0,57,197,0,254,0,98,272,1,371,0,0,0,371
01/24/2022,ADS,TX,ASW,CE,Towers with Radar,0,44,80,0,124,0,57,116,0,173,0,101,196,0,297,14,0,14,311
01/25/2022,ADS,TX,ASW,CE,Towers with Radar,0,22,90,1,113,0,60,148,0,208,0,82,238,1,321,2,0,2,323
01/26/2022,ADS,TX,ASW,CE,Towers with Radar,0,28,107,0,135,0,71,174,0,245,0,99,281,0,380,12,0,12,392
01/27/2022,ADS,TX,ASW,CE,Towers with Radar,0,35,98,3,136,0,95,159,0,254,0,130,257,3,390,28,0,28,418
01/28/2022,ADS,TX,ASW,CE,Towers with Radar,0,19,116,0,135,7,66,145,0,218,7,85,261,0,353,2,0,2,355
01/29/2022,ADS,TX,ASW,CE,Towers with Radar,0,10,44,0,54,0,45,151,2,198,0,55,195,2,252,18,0,18,270
01/30/2022,ADS,TX,ASW,CE,Towers with Radar,0,45,120,1,166,0,67,174,0,241,0,112,294,1,407,16,0,16,423
01/31/2022,ADS,TX,ASW,CE,Towers with Radar,0,27,105,0,132,0,68,141,0,209,0,95,246,0,341,10,0,10,351
02/01/2022,ADS,TX,ASW,CE,Towers with Radar,0,32,129,0,161,0,28,91,0,119,0,60,220,0,280,0,0,0,280
02/02/2022,ADS,TX,ASW,CE,Towers with Radar,0,30,88,0,118,0,0,1,0,1,0,30,89,0,119,0,0,0,119
02/03/2022,ADS,TX,ASW,CE,Towers with Radar,0,2,5,0,7,0,0,0,0,0,0,2,5,0,7,0,0,0,7
02/04/2022,ADS,TX,ASW,CE,Towers with Radar,0,17,52,0,69,0,1,14,0,15,0,18,66,0,84,5,0,5,89
02/05/2022,ADS,TX,ASW,CE,Towers with Radar,2,20,73,0,95,0,55,151,0,206,2,75,224,0,301,4,0,4,305
02/06/2022,ADS,TX,ASW,CE,Towers with Radar,3,25,91,0,119,0,75,205,0,280,3,100,296,0,399,4,0,4,403
02/07/2022,ADS,TX,ASW,CE,Towers with Radar,2,38,110,1,151,0,70,197,0,267,2,108,307,1,418,0,0,0,418
02/08/2022,ADS,TX,ASW,CE,Towers with Radar,2,43,112,1,158,0,64,168,1,233,2,107,280,2,391,2,0,2,393
02/09/2022,ADS,TX,ASW,CE,Towers with Radar,1,52,103,0,156,0,76,219,2,297,1,128,322,2,453,20,0,20,473
02/10/2022,ADS,TX,ASW,CE,Towers with Radar,2,39,129,2,172,0,84,237,1,322,2,123,366,3,494,0,0,0,494
02/11/2022,ADS,TX,ASW,CE,Towers with Radar,2,34,139,1,176,0,54,204,0,258,2,88,343,1,434,0,0,0,434
02/12/2022,ADS,TX,ASW,CE,Towers with Radar,2,17,50,0,69,0,13,89,1,103,2,30,139,1,172,2,0,2,174
02/13/2022,ADS,TX,ASW,CE,Towers with Radar,3,23,82,0,108,0,67,180,1,248,3,90,262,1,356,0,0,0,356
02/14/2022,ADS,TX,ASW,CE,Towers with Radar,1,43,103,0,147,0,60,194,1,255,1,103,297,1,402,2,0,2,404
02/15/2022,ADS,TX,ASW,CE,Towers with Radar,2,22,102,0,126,0,18,92,0,110,2,40,194,0,236,2,0,2,238
02/16/2022,ADS,TX,ASW,CE,Towers with Radar,3,35,107,0,145,0,0,9,1,10,3,35,116,1,155,0,0,0,155
02/17/2022,ADS,TX,ASW,CE,Towers with Radar,5,27,132,2,166,0,1,11,0,12,5,28,143,2,178,0,0,0,178
02/18/2022,ADS,TX,ASW,CE,Towers with Radar,2,27,117,1,147,0,98,218,1,317,2,125,335,2,464,4,0,4,468
02/19/2022,ADS,TX,ASW,CE,Towers with Radar,1,16,57,0,74,0,76,259,0,335,1,92,316,0,409,0,0,0,409
02/20/2022,ADS,TX,ASW,CE,Towers with Radar,0,22,101,1,124,0,31,165,0,196,0,53,266,1,320,0,0,0,320
02/21/2022,ADS,TX,ASW,CE,Towers with Radar,0,21,159,0,180,0,21,57,0,78,0,42,216,0,258,2,0,2,260
02/22/2022,ADS,TX,ASW,CE,Towers with Radar,0,31,152,0,183,0,28,112,0,140,0,59,264,0,323,0,0,0,323
02/23/2022,ADS,TX,ASW,CE,Towers with Radar,0,9,36,0,45,0,0,0,0,0,0,9,36,0,45,0,0,0,45
02/24/2022,ADS,TX,ASW,CE,Towers with Radar,0,9,34,0,43,0,0,0,0,0,0,9,34,0,43,0,0,0,43
02/25/2022,ADS,TX,ASW,CE,Towers with Radar,0,39,101,0,140,0,64,131,2,197,0,103,232,2,337,1,0,1,338
02/26/2022,ADS,TX,ASW,CE,Towers with Radar,0,14,39,0,53,0,3,6,0,9,0,17,45,0,62,0,0,0,62
02/27/2022,ADS,TX,ASW,CE,Towers with Radar,0,26,116,0,142,0,97,212,0,309,0,123,328,0,451,10,0,10,461
02/28/2022,ADS,TX,ASW,CE,Towers with Radar,0,30,108,0,138,0,84,197,1,282,0,114,305,1,420,2,0,2,422
03/01/2022,ADS,TX,ASW,CE,Towers with Radar,0,29,112,0,141,0,89,193,2,284,0,118,305,2,425,2,0,2,427
03/02/2022,ADS,TX,ASW,CE,Towers with Radar,1,21,113,0,135,0,76,225,0,301,1,97,338,0,436,0,0,0,436
03/03/2022,ADS,TX,ASW,CE,Towers with Radar,0,36,135,1,172,0,103,231,1,335,0,139,366,2,507,4,0,4,511
03/04/2022,ADS,TX,ASW,CE,Towers with Radar,0,55,196,0,251,0,24,62,0,86,0,79,258,0,337,0,0,0,337
03/05/2022,ADS,TX,ASW,CE,Towers with Radar,0,20,110,0,130,0,6,80,0,86,0,26,190,0,216,8,0,8,224
03/06/2022,ADS,TX,ASW,CE,Towers with Radar,0,32,106,0,138,0,2,25,0,27,0,34,131,0,165,0,0,0,165
03/07/2022,ADS,TX,ASW,CE,Towers with Radar,0,34,106,0,140,0,53,141,0,194,0,87,247,0,334,0,0,0,334
03/08/2022,ADS,TX,ASW,CE,Towers with Radar,0,37,121,0,158,0,32,68,0,100,0,69,189,0,258,2,0,2,260
03/09/2022,ADS,TX,ASW,CE,Towers with Radar,0,25,118,0,143,0,92,260,8,360,0,117,378,8,503,4,0,4,507
03/10/2022,ADS,TX,ASW,CE,Towers with Radar,0,48,106,0,154,0,78,224,0,302,0,126,330,0,456,97,0,97,553
03/11/2022,ADS,TX,ASW,CE,Towers with Radar,0,32,96,0,128,0,0,9,0,9,0,32,105,0,137,0,0,0,137
03/12/2022,ADS,TX,ASW,CE,Towers with Radar,0,29,123,0,152,0,63,213,0,276,0,92,336,0,428,20,0,20,448
03/13/2022,ADS,TX,ASW,CE,Towers with Radar,0,34,99,0,133,0,59,169,1,229,0,93,268,1,362,18,0,18,380
03/14/2022,ADS,TX,ASW,CE,Towers with Radar,0,33,107,0,140,0,0,31,0,31,0,33,138,0,171,2,0,2,173
03/15/2022,ADS,TX,ASW,CE,Towers with Radar,0,19,112,0,131,0,68,171,1,240,0,87,283,1,371,12,0,12,383
03/16/2022,ADS,TX,ASW,CE,Towers with Radar,0,29,113,0,142,0,84,201,2,287,0,113,314,2,429,2,0,2,431
03/17/2022,ADS,TX,ASW,CE,Towers with Radar,0,32,93,0,125,0,13,73,0,86,0,45,166,0,211,0,0,0,211
03/18/2022,ADS,TX,ASW,CE,Towers with Radar,0,21,112,0,133,0,11,81,0,92,0,32,193,0,225,0,0,0,225
03/19/2022,ADS,TX,ASW,CE,Towers with Radar,0,38,86,2,126,0,94,270,0,364,0,132,356,2,490,0,0,0,490
03/20/2022,ADS,TX,ASW,CE,Towers with Radar,0,55,147,0,202,0,66,219,0,285,0,121,366,0,487,2,0,2,489
03/21/2022,ADS,TX,ASW,CE,Towers with Radar,0,26,59,0,85,0,0,3,0,3,0,26,62,0,88,0,0,0,88
03/22/2022,ADS,TX,ASW,CE,Towers with Radar,0,39,107,0,146,0,22,65,0,87,0,61,172,0,233,0,0,0,233
03/23/2022,ADS,TX,ASW,CE,Towers with Radar,0,40,122,0,162,0,59,169,0,228,0,99,291,0,390,2,0,2,392
03/24/2022,ADS,TX,ASW,CE,Towers with Radar,0,27,125,0,152,0,95,223,0,318,0,122,348,0,470,1,0,1,471
03/25/2022,ADS,TX,ASW,CE,Towers with Radar,0,43,139,2,184,0,90,270,0,360,0,133,409,2,544,0,0,0,544
03/26/2022,ADS,TX,ASW,CE,Towers with Radar,0,29,72,0,101,0,89,270,0,359,0,118,342,0,460,4,0,4,464
03/27/2022,ADS,TX,ASW,CE,Towers with Radar,0,29,142,2,173,0,92,208,0,300,0,121,350,2,473,6,0,6,479
03/28/2022,ADS,TX,ASW,CE,Towers with Radar,0,33,130,0,163,0,64,146,2,212,0,97,276,2,375,2,0,2,377
03/29/2022,ADS,TX,ASW,CE,Towers with Radar,4,23,117,0,144,0,4,35,0,39,4,27,152,0,183,0,0,0,183
03/30/2022,ADS,TX,ASW,CE,Towers with Radar,0,24,94,0,118,0,11,74,0,85,0,35,168,0,203,9,0,9,212
03/31/2022,ADS,TX,ASW,CE,Towers with Radar,3,30,134,0,167,0,65,208,1,274,3,95,342,1,441,4,0,4,445
04/01/2022,ADS,TX,ASW,CE,Towers with Radar,0,44,133,0,177,0,85,222,0,307,0,129,355,0,484,0,0,0,484
04/02/2022,ADS,TX,ASW,CE,Towers with Radar,0,28,64,0,92,0,94,204,1,299,0,122,268,1,391,2,0,2,393
04/03/2022,ADS,TX,ASW,CE,Towers with Radar,1,36,103,0,140,0,75,163,0,238,1,111,266,0,378,6,0,6,384
04/04/2022,ADS,TX,ASW,CE,Towers with Radar,1,28,117,0,146,0,13,42,0,55,1,41,159,0,201,10,0,10,211
04/05/2022,ADS,TX,ASW,CE,Towers with Radar,0,29,122,0,151,0,47,190,0,237,0,76,312,0,388,0,0,0,388
04/06/2022,ADS,TX,ASW,CE,Towers with Radar,3,29,109,0,141,0,21,121,0,142,3,50,230,0,283,0,0,0,283
04/07/2022,ADS,TX,ASW,CE,Towers with Radar,1,27,100,0,128,0,28,92,1,121,1,55,192,1,249,0,0,0,249
04/08/2022,ADS,TX,ASW,CE,Towers with Radar,1,31,105,0,137,0,19,107,0,126,1,50,212,0,263,0,0,0,263
04/09/2022,ADS,TX,ASW,CE,Towers with Radar,0,0,0,0,0,0,0,0,0,0,0,0,0,0,0,0,0,0,0
04/10/2022,ADS,TX,ASW,CE,Towers with Radar,0,0,0,0,0,0,0,3,0,3,0,0,3,0,3,0,0,0,3
04/11/2022,ADS,TX,ASW,CE,Towers with Radar,0,0,0,0,0,0,0,0,0,0,0,0,0,0,0,0,0,0,0
04/12/2022,ADS,TX,ASW,CE,Towers with Radar,0,0,0,0,0,0,0,0,0,0,0,0,0,0,0,0,0,0,0
04/13/2022,ADS,TX,ASW,CE,Towers with Radar,0,14,46,0,60,0,4,33,0,37,0,18,79,0,97,8,0,8,105
04/14/2022,ADS,TX,ASW,CE,Towers with Radar,0,55,143,0,198,0,85,279,0,364,0,140,422,0,562,0,0,0,562
04/15/2022,ADS,TX,ASW,CE,Towers with Radar,0,30,145,0,175,0,34,104,0,138,0,64,249,0,313,0,0,0,313
04/16/2022,ADS,TX,ASW,CE,Towers with Radar,0,26,94,0,120,0,21,48,0,69,0,47,142,0,189,26,0,26,215
04/17/2022,ADS,TX,ASW,CE,Towers with Radar,0,45,86,0,131,0,19,69,0,88,0,64,155,0,219,6,0,6,225
04/18/2022,ADS,TX,ASW,CE,Towers with Radar,0,47,148,1,196,0,56,139,0,195,0,103,287,1,391,14,0,14,405
04/19/2022,ADS,TX,ASW,CE,Towers with Radar,0,46,132,3,181,0,35,142,0,177,0,81,274,3,358,6,0,6,364
04/20/2022,ADS,TX,ASW,CE,Towers with Radar,0,40,153,1,194,0,2,33,0,35,0,42,186,1,229,0,0,0,229
04/21/2022,ADS,TX,ASW,CE,Towers with Radar,0,47,152,3,202,0,10,66,1,77,0,57,218,4,279,0,0,0,279
04/22/2022,ADS,TX,ASW,CE,Towers with Radar,0,28,128,0,156,0,8,51,0,59,0,36,179,0,215,0,0,0,215
04/23/2022,ADS,TX,ASW,CE,Towers with Radar,0,27,55,0,82,0,7,40,0,47,0,34,95,0,129,0,0,0,129
04/24/2022,ADS,TX,ASW,CE,Towers with Radar,0,45,103,0,148,0,6,33,0,39,0,51,136,0,187,19,0,19,206
04/25/2022,ADS,TX,ASW,CE,Towers with Radar,0,25,94,0,119,0,40,96,0,136,0,65,190,0,255,0,0,0,255
04/26/2022,ADS,TX,ASW,CE,Towers with Radar,0,28,111,0,139,0,93,244,0,337,0,121,355,0,476,0,0,0,476
04/27/2022,ADS,TX,ASW,CE,Towers with Radar,2,47,146,0,195,0,97,246,0,343,2,144,392,0,538,4,0,4,542
04/28/2022,ADS,TX,ASW,CE,Towers with Radar,2,38,158,1,199,0,69,144,1,214,2,107,302,2,413,0,0,0,413
04/29/2022,ADS,TX,ASW,CE,Towers with Radar,0,42,147,0,189,0,20,74,0,94,0,62,221,0,283,30,0,30,313
04/30/2022,ADS,TX,ASW,CE,Towers with Radar,0,29,68,0,97,0,54,145,0,199,0,83,213,0,296,26,0,26,322
05/01/2022,ADS,TX,ASW,CE,Towers with Radar,0,42,121,1,164,0,75,208,0,283,0,117,329,1,447,4,0,4,451
05/02/2022,ADS,TX,ASW,CE,Towers with Radar,0,25,97,1,123,0,13,51,0,64,0,38,148,1,187,0,0,0,187
05/03/2022,ADS,TX,ASW,CE,Towers with Radar,0,50,127,0,177,0,3,10,0,13,0,53,137,0,190,0,0,0,190
05/04/2022,ADS,TX,ASW,CE,Towers with Radar,0,38,136,1,175,0,22,41,0,63,0,60,177,1,238,0,0,0,238
05/05/2022,ADS,TX,ASW,CE,Towers with Radar,1,36,128,0,165,0,11,45,0,56,1,47,173,0,221,1,0,1,222
05/06/2022,ADS,TX,ASW,CE,Towers with Radar,0,35,122,0,157,0,96,267,0,363,0,131,389,0,520,18,0,18,538
05/07/2022,ADS,TX,ASW,CE,Towers with Radar,0,27,116,0,143,0,29,108,0,137,0,56,224,0,280,4,0,4,284
05/08/2022,ADS,TX,ASW,CE,Towers with Radar,1,23,91,0,115,0,11,79,0,90,1,34,170,0,205,0,0,0,205
05/09/2022,ADS,TX,ASW,CE,Towers with Radar,0,23,127,0,150,0,6,68,0,74,0,29,195,0,224,2,0,2,226
05/10/2022,ADS,TX,ASW,CE,Towers with Radar,0,34,146,0,180,0,53,129,0,182,0,87,275,0,362,0,0,0,362
05/11/2022,ADS,TX,ASW,CE,Towers with Radar,0,38,129,0,167,0,108,190,0,298,0,146,319,0,465,0,0,0,465
05/12/2022,ADS,TX,ASW,CE,Towers with Radar,2,52,132,0,186,0,80,178,0,258,2,132,310,0,444,9,0,9,453
05/13/2022,ADS,TX,ASW,CE,Towers with Radar,0,35,101,1,137,0,82,174,0,256,0,117,275,1,393,10,0,10,403
05/14/2022,ADS,TX,ASW,CE,Towers with Radar,0,28,77,0,105,0,75,182,0,257,0,103,259,0,362,49,0,49,411
05/15/2022,ADS,TX,ASW,CE,Towers with Radar,0,26,111,1,138,0,58,179,0,237,0,84,290,1,375,0,0,0,375
05/16/2022,ADS,TX,ASW,CE,Towers with Radar,0,38,117,0,155,0,65,172,0,237,0,103,289,0,392,11,0,11,403
05/17/2022,ADS,TX,ASW,CE,Towers with Radar,0,27,96,0,123,0,90,156,0,246,0,117,252,0,369,0,0,0,369
05/18/2022,ADS,TX,ASW,CE,Towers with Radar,2,25,144,2,173,0,59,147,0,206,2,84,291,2,379,0,0,0,379
05/19/2022,ADS,TX,ASW,CE,Towers with Radar,0,33,129,0,162,0,25,142,0,167,0,58,271,0,329,30,0,30,359
05/20/2022,ADS,TX,ASW,CE,Towers with Radar,0,41,98,0,139,0,5,108,0,113,0,46,206,0,252,0,0,0,252
05/21/2022,ADS,TX,ASW,CE,Towers with Radar,0,28,69,0,97,0,31,67,0,98,0,59,136,0,195,8,0,8,203
05/22/2022,ADS,TX,ASW,CE,Towers with Radar,2,40,156,0,198,0,30,76,0,106,2,70,232,0,304,20,0,20,324
05/23/2022,ADS,TX,ASW,CE,Towers with Radar,0,36,151,0,187,0,4,48,0,52,0,40,199,0,239,0,0,0,239
05/24/2022,ADS,TX,ASW,CE,Towers with Radar,0,28,74,0,102,0,0,9,0,9,0,28,83,0,111,0,0,0,111
05/25/2022,ADS,TX,ASW,CE,Towers with Radar,0,51,148,0,199,0,4,68,0,72,0,55,216,0,271,0,0,0,271
05/26/2022,ADS,TX,ASW,CE,Towers with Radar,0,30,115,0,145,0,105,232,1,338,0,135,347,1,483,3,0,3,486
05/27/2022,ADS,TX,ASW,CE,Towers with Radar,1,32,107,0,140,0,107,240,0,347,1,139,347,0,487,12,0,12,499
05/28/2022,ADS,TX,ASW,CE,Towers with Radar,0,19,41,0,60,0,79,159,0,238,0,98,200,0,298,16,0,16,314
05/29/2022,ADS,TX,ASW,CE,Towers with Radar,1,23,66,0,90,0,11,68,0,79,1,34,134,0,169,0,0,0,169
05/30/2022,ADS,TX,ASW,CE,Towers with Radar,0,19,62,0,81,0,3,60,0,63,0,22,122,0,144,12,0,12,156
05/31/2022,ADS,TX,ASW,CE,Towers with Radar,0,33,105,0,138,0,34,137,0,171,0,67,242,0,309,0,0,0,309
06/01/2022,ADS,TX,ASW,CE,Towers with Radar,0,23,120,0,143,0,39,83,0,122,0,62,203,0,265,17,0,17,282
06/02/2022,ADS,TX,ASW,CE,Towers with Radar,0,29,131,0,160,0,87,139,0,226,0,116,270,0,386,0,0,0,386
06/03/2022,ADS,TX,ASW,CE,Towers with Radar,0,39,119,0,158,0,59,112,0,171,0,98,231,0,329,4,0,4,333
06/04/2022,ADS,TX,ASW,CE,Towers with Radar,0,32,70,13,115,0,93,195,0,288,0,125,265,13,403,4,0,4,407
06/05/2022,ADS,TX,ASW,CE,Towers with Radar,0,36,109,0,145,0,61,159,0,220,0,97,268,0,365,0,0,0,365
06/06/2022,ADS,TX,ASW,CE,Towers with Radar,2,55,79,0,136,0,64,127,0,191,2,119,206,0,327,4,0,4,331
06/07/2022,ADS,TX,ASW,CE,Towers with Radar,2,32,107,2,143,0,76,161,2,239,2,108,268,4,382,4,0,4,386
06/08/2022,ADS,TX,ASW,CE,Towers with Radar,1,26,102,0,129,0,46,136,0,182,1,72,238,0,311,0,0,0,311
06/09/2022,ADS,TX,ASW,CE,Towers with Radar,0,33,131,1,165,0,85,153,0,238,0,118,284,1,403,4,0,4,407
06/10/2022,ADS,TX,ASW,CE,Towers with Radar,0,33,87,0,120,0,94,199,0,293,0,127,286,0,413,12,0,12,425
06/11/2022,ADS,TX,ASW,CE,Towers with Radar,0,35,76,1,112,0,89,169,0,258,0,124,245,1,370,0,0,0,370
06/12/2022,ADS,TX,ASW,CE,Towers with Radar,0,40,91,9,140,0,64,130,1,195,0,104,221,10,335,7,0,7,342
06/13/2022,ADS,TX,ASW,CE,Towers with Radar,0,29,97,2,128,0,57,136,0,193,0,86,233,2,321,0,0,0,321
06/14/2022,ADS,TX,ASW,CE,Towers with Radar,0,37,111,0,148,0,13,115,0,128,0,50,226,0,276,0,0,0,276
06/15/2022,ADS,TX,ASW,CE,Towers with Radar,1,31,121,0,153,0,23,101,0,124,1,54,222,0,277,0,0,0,277
06/16/2022,ADS,TX,ASW,CE,Towers with Radar,2,39,139,2,182,0,108,194,0,302,2,147,333,2,484,12,0,12,496
06/17/2022,ADS,TX,ASW,CE,Towers with Radar,0,34,85,0,119,0,83,179,0,262,0,117,264,0,381,2,0,2,383
06/18/2022,ADS,TX,ASW,CE,Towers with Radar,0,20,73,0,93,0,101,171,0,272,0,121,244,0,365,42,0,42,407
06/19/2022,ADS,TX,ASW,CE,Towers with Radar,0,19,79,0,98,0,41,112,0,153,0,60,191,0,251,6,0,6,257
06/20/2022,ADS,TX,ASW,CE,Towers with Radar,0,44,109,0,153,0,99,151,0,250,0,143,260,0,403,0,0,0,403
06/21/2022,ADS,TX,ASW,CE,Towers with Radar,0,33,99,0,132,0,125,164,2,291,0,158,263,2,423,4,0,4,427
06/22/2022,ADS,TX,ASW,CE,Towers with Radar,0,28,108,0,136,0,115,176,0,291,0,143,284,0,427,7,0,7,434
06/23/2022,ADS,TX,ASW,CE,Towers with Radar,2,29,109,0,140,0,94,177,0,271,2,123,286,0,411,0,0,0,411
06/24/2022,ADS,TX,ASW,CE,Towers with Radar,0,37,108,0,145,0,86,195,0,281,0,123,303,0,426,8,0,8,434
06/25/2022,ADS,TX,ASW,CE,Towers with Radar,0,27,69,0,96,0,100,162,0,262,0,127,231,0,358,8,0,8,366
06/26/2022,ADS,TX,ASW,CE,Towers with Radar,0,16,88,1,105,0,73,132,0,205,0,89,220,1,310,8,0,8,318
06/27/2022,ADS,TX,ASW,CE,Towers with Radar,0,32,96,0,128,0,55,135,0,190,0,87,231,0,318,0,0,0,318
06/28/2022,ADS,TX,ASW,CE,Towers with Radar,1,42,113,0,156,0,78,185,0,263,1,120,298,0,419,0,0,0,419
06/29/2022,ADS,TX,ASW,CE,Towers with Radar,0,35,119,1,155,0,96,186,0,282,0,131,305,1,437,17,0,17,454
06/30/2022,ADS,TX,ASW,CE,Towers with Radar,1,31,124,1,157,0,94,160,0,254,1,125,284,1,411,19,0,19,430
07/01/2022,ADS,TX,ASW,CE,Towers with Radar,1,21,99,0,121,0,84,192,0,276,1,105,291,0,397,6,0,6,403
07/02/2022,ADS,TX,ASW,CE,Towers with Radar,0,30,54,0,84,0,68,167,0,235,0,98,221,0,319,0,0,0,319
07/03/2022,ADS,TX,ASW,CE,Towers with Radar,0,13,49,0,62,0,54,98,3,155,0,67,147,3,217,0,0,0,217
07/04/2022,ADS,TX,ASW,CE,Towers with Radar,0,23,54,0,77,0,62,91,0,153,0,85,145,0,230,9,0,9,239
07/05/2022,ADS,TX,ASW,CE,Towers with Radar,0,33,74,1,108,0,63,142,0,205,0,96,216,1,313,0,0,0,313
07/06/2022,ADS,TX,ASW,CE,Towers with Radar,0,22,87,0,109,0,101,175,0,276,0,123,262,0,385,0,0,0,385
07/07/2022,ADS,TX,ASW,CE,Towers with Radar,0,26,85,0,111,0,79,178,0,257,0,105,263,0,368,4,0,4,372
07/08/2022,ADS,TX,ASW,CE,Towers with Radar,0,26,100,0,126,0,102,152,0,254,0,128,252,0,380,0,0,0,380
07/09/2022,ADS,TX,ASW,CE,Towers with Radar,0,6,59,0,65,0,63,133,0,196,0,69,192,0,261,2,0,2,263
07/10/2022,ADS,TX,ASW,CE,Towers with Radar,0,30,87,0,117,0,96,126,0,222,0,126,213,0,339,0,0,0,339
07/11/2022,ADS,TX,ASW,CE,Towers with Radar,0,27,73,0,100,0,68,165,0,233,0,95,238,0,333,0,0,0,333
07/12/2022,ADS,TX,ASW,CE,Towers with Radar,2,30,100,0,132,0,50,159,0,209,2,80,259,0,341,2,0,2,343
07/13/2022,ADS,TX,ASW,CE,Towers with Radar,0,39,92,0,131,0,86,176,0,262,0,125,268,0,393,4,0,4,397
07/14/2022,ADS,TX,ASW,CE,Towers with Radar,0,40,80,0,120,0,64,157,0,221,0,104,237,0,341,0,0,0,341
07/15/2022,ADS,TX,ASW,CE,Towers with Radar,0,24,78,2,104,0,67,180,0,247,0,91,258,2,351,0,0,0,351
07/16/2022,ADS,TX,ASW,CE,Towers with Radar,0,21,70,0,91,0,68,122,0,190,0,89,192,0,281,4,0,4,285
07/17/2022,ADS,TX,ASW,CE,Towers with Radar,2,22,72,0,96,0,34,114,0,148,2,56,186,0,244,0,0,0,244
07/18/2022,ADS,TX,ASW,CE,Towers with Radar,0,34,67,0,101,0,43,154,0,197,0,77,221,0,298,0,0,0,298
07/19/2022,ADS,TX,ASW,CE,Towers with Radar,0,22,103,0,125,0,42,133,0,175,0,64,236,0,300,0,0,0,300
07/20/2022,ADS,TX,ASW,CE,Towers with Radar,0,39,92,0,131,0,61,144,0,205,0,100,236,0,336,9,0,9,345
07/21/2022,ADS,TX,ASW,CE,Towers with Radar,0,45,107,0,152,0,104,148,0,252,0,149,255,0,404,16,0,16,420
07/22/2022,ADS,TX,ASW,CE,Towers with Radar,0,29,96,2,127,0,76,185,0,261,0,105,281,2,388,0,0,0,388
07/23/2022,ADS,TX,ASW,CE,Towers with Radar,0,17,59,0,76,0,87,180,0,267,0,104,239,0,343,0,0,0,343
07/24/2022,ADS,TX,ASW,CE,Towers with Radar,0,27,87,0,114,0,71,137,0,208,0,98,224,0,322,2,0,2,324
07/25/2022,ADS,TX,ASW,CE,Towers with Radar,0,33,80,1,114,0,65,131,0,196,0,98,211,1,310,0,0,0,310
07/26/2022,ADS,TX,ASW,CE,Towers with Radar,0,22,95,0,117,0,93,162,0,255,0,115,257,0,372,28,0,28,400
07/27/2022,ADS,TX,ASW,CE,Towers with Radar,0,38,115,0,153,0,97,143,0,240,0,135,258,0,393,22,0,22,415
07/28/2022,ADS,TX,ASW,CE,Towers with Radar,0,32,114,0,146,0,82,146,0,228,0,114,260,0,374,0,0,0,374
07/29/2022,ADS,TX,ASW,CE,Towers with Radar,1,33,87,0,121,0,69,144,0,213,1,102,231,0,334,23,0,23,357
07/30/2022,ADS,TX,ASW,CE,Towers with Radar,0,24,71,0,95,0,53,141,1,195,0,77,212,1,290,22,0,22,312
07/31/2022,ADS,TX,ASW,CE,Towers with Radar,0,34,91,0,125,0,80,142,0,222,0,114,233,0,347,13,0,13,360
08/01/2022,ADS,TX,ASW,CE,Towers with Radar,0,31,97,0,128,0,77,149,0,226,0,108,246,0,354,8,0,8,362
08/02/2022,ADS,TX,ASW,CE,Towers with Radar,0,34,92,0,126,0,48,155,0,203,0,82,247,0,329,12,0,12,341
08/03/2022,ADS,TX,ASW,CE,Towers with Radar,0,37,95,0,132,0,51,148,0,199,0,88,243,0,331,0,0,0,331
08/04/2022,ADS,TX,ASW,CE,Towers with Radar,0,22,130,1,153,0,87,162,0,249,0,109,292,1,402,0,0,0,402
08/05/2022,ADS,TX,ASW,CE,Towers with Radar,0,24,103,0,127,0,76,209,0,285,0,100,312,0,412,27,0,27,439
08/06/2022,ADS,TX,ASW,CE,Towers with Radar,0,21,71,0,92,0,73,181,0,254,0,94,252,0,346,8,0,8,354
08/07/2022,ADS,TX,ASW,CE,Towers with Radar,0,28,83,1,112,0,67,141,0,208,0,95,224,1,320,5,0,5,325
08/08/2022,ADS,TX,ASW,CE,Towers with Radar,0,26,100,0,126,0,72,159,0,231,0,98,259,0,357,24,0,24,381
08/09/2022,ADS,TX,ASW,CE,Towers with Radar,0,25,104,0,129,0,57,123,0,180,0,82,227,0,309,23,0,23,332
08/10/2022,ADS,TX,ASW,CE,Towers with Radar,0,28,101,0,129,0,65,133,0,198,0,93,234,0,327,0,0,0,327
08/11/2022,ADS,TX,ASW,CE,Towers with Radar,0,32,108,0,140,0,101,162,0,263,0,133,270,0,403,13,0,13,416
08/12/2022,ADS,TX,ASW,CE,Towers with Radar,0,28,94,0,122,0,82,164,1,247,0,110,258,1,369,21,0,21,390
08/13/2022,ADS,TX,ASW,CE,Towers with Radar,0,20,53,0,73,0,68,171,1,240,0,88,224,1,313,12,0,12,325
08/14/2022,ADS,TX,ASW,CE,Towers with Radar,0,33,100,1,134,0,74,159,0,233,0,107,259,1,367,13,0,13,380
08/15/2022,ADS,TX,ASW,CE,Towers with Radar,0,34,107,1,142,0,71,119,0,190,0,105,226,1,332,8,0,8,340
08/16/2022,ADS,TX,ASW,CE,Towers with Radar,0,42,96,2,140,0,72,167,0,239,0,114,263,2,379,4,0,4,383
08/17/2022,ADS,TX,ASW,CE,Towers with Radar,0,31,108,1,140,0,60,179,0,239,0,91,287,1,379,0,0,0,379
08/18/2022,ADS,TX,ASW,CE,Towers with Radar,0,38,140,0,178,0,9,41,0,50,0,47,181,0,228,19,0,19,247
08/19/2022,ADS,TX,ASW,CE,Towers with Radar,0,19,121,0,140,0,46,107,0,153,0,65,228,0,293,9,0,9,302
08/20/2022,ADS,TX,ASW,CE,Towers with Radar,0,25,90,0,115,0,52,147,0,199,0,77,237,0,314,2,0,2,316
08/21/2022,ADS,TX,ASW,CE,Towers with Radar,0,23,116,1,140,0,3,22,0,25,0,26,138,1,165,0,0,0,165
08/22/2022,ADS,TX,ASW,CE,Towers with Radar,0,36,71,1,108,0,0,1,0,1,0,36,72,1,109,0,0,0,109
08/23/2022,ADS,TX,ASW,CE,Towers with Radar,0,45,121,0,166,0,22,29,0,51,0,67,150,0,217,0,0,0,217
08/24/2022,ADS,TX,ASW,CE,Towers with Radar,0,37,110,0,147,0,65,110,1,176,0,102,220,1,323,0,0,0,323
08/25/2022,ADS,TX,ASW,CE,Towers with Radar,0,32,114,0,146,0,98,184,0,282,0,130,298,0,428,3,0,3,431
08/26/2022,ADS,TX,ASW,CE,Towers with Radar,0,22,100,0,122,0,91,201,0,292,0,113,301,0,414,28,0,28,442
08/27/2022,ADS,TX,ASW,CE,Towers with Radar,1,14,48,0,63,0,78,191,0,269,1,92,239,0,332,20,0,20,352
08/28/2022,ADS,TX,ASW,CE,Towers with Radar,0,35,78,0,113,0,83,204,0,287,0,118,282,0,400,0,0,0,400
08/29/2022,ADS,TX,ASW,CE,Towers with Radar,1,36,81,2,120,0,71,154,0,225,1,107,235,2,345,14,0,14,359
08/30/2022,ADS,TX,ASW,CE,Towers with Radar,0,36,109,0,145,0,18,37,0,55,0,54,146,0,200,18,0,18,218
08/31/2022,ADS,TX,ASW,CE,Towers with Radar,0,44,116,0,160,0,38,82,0,120,0,82,198,0,280,4,0,4,284
09/01/2022,ADS,TX,ASW,CE,Towers with Radar,0,36,127,0,163,0,48,108,0,156,0,84,235,0,319,0,0,0,319
09/02/2022,ADS,TX,ASW,CE,Towers with Radar,0,42,150,0,192,0,32,59,0,91,0,74,209,0,283,0,0,0,283
09/03/2022,ADS,TX,ASW,CE,Towers with Radar,0,20,54,1,75,0,92,164,1,257,0,112,218,2,332,0,0,0,332
09/04/2022,ADS,TX,ASW,CE,Towers with Radar,0,17,49,0,66,0,60,128,0,188,0,77,177,0,254,8,0,8,262
09/05/2022,ADS,TX,ASW,CE,Towers with Radar,0,33,92,1,126,0,82,160,0,242,0,115,252,1,368,4,0,4,372
09/06/2022,ADS,TX,ASW,CE,Towers with Radar,0,24,97,4,125,0,91,170,0,261,0,115,267,4,386,16,0,16,402
09/07/2022,ADS,TX,ASW,CE,Towers with Radar,0,37,97,0,134,0,89,169,0,258,0,126,266,0,392,23,0,23,415
09/08/2022,ADS,TX,ASW,CE,Towers with Radar,0,48,104,0,152,0,96,149,0,245,0,144,253,0,397,2,0,2,399
09/09/2022,ADS,TX,ASW,CE,Towers with Radar,0,39,107,0,146,0,87,187,1,275,0,126,294,1,421,8,0,8,429
09/10/2022,ADS,TX,ASW,CE,Towers with Radar,0,27,94,0,121,0,88,194,0,282,0,115,288,0,403,28,0,28,431
09/11/2022,ADS,TX,ASW,CE,Towers with Radar,0,24,85,0,109,0,74,150,0,224,0,98,235,0,333,10,0,10,343
09/12/2022,ADS,TX,ASW,CE,Towers with Radar,1,29,112,0,142,0,88,156,0,244,1,117,268,0,386,0,0,0,386
09/13/2022,ADS,TX,ASW,CE,Towers with Radar,0,22,104,0,126,0,116,171,0,287,0,138,275,0,413,24,0,24,437
09/14/2022,ADS,TX,ASW,CE,Towers with Radar,0,37,125,0,162,0,96,147,0,243,0,133,272,0,405,1,0,1,406
09/15/2022,ADS,TX,ASW,CE,Towers with Radar,0,26,125,2,153,0,86,202,0,288,0,112,327,2,441,6,0,6,447
09/16/2022,ADS,TX,ASW,CE,Towers with Radar,0,41,98,0,139,0,92,195,0,287,0,133,293,0,426,10,0,10,436
09/17/2022,ADS,TX,ASW,CE,Towers with Radar,0,22,105,0,127,0,28,89,0,117,0,50,194,0,244,0,0,0,244
09/18/2022,ADS,TX,ASW,CE,Towers with Radar,0,27,118,0,145,0,90,133,0,223,0,117,251,0,368,2,0,2,370
09/19/2022,ADS,TX,ASW,CE,Towers with Radar,0,38,105,0,143,0,81,164,0,245,0,119,269,0,388,2,0,2,390
09/20/2022,ADS,TX,ASW,CE,Towers with Radar,0,29,94,0,123,0,106,160,0,266,0,135,254,0,389,0,0,0,389
09/21/2022,ADS,TX,ASW,CE,Towers with Radar,0,24,117,0,141,0,87,182,0,269,0,111,299,0,410,2,0,2,412
09/22/2022,ADS,TX,ASW,CE,Towers with Radar,0,20,115,0,135,0,82,179,0,261,0,102,294,0,396,32,0,32,428
09/23/2022,ADS,TX,ASW,CE,Towers with Radar,0,37,131,1,169,0,75,169,0,244,0,112,300,1,413,2,0,2,415
09/24/2022,ADS,TX,ASW,CE,Towers with Radar,0,20,75,0,95,0,91,186,1,278,0,111,261,1,373,14,0,14,387
09/25/2022,ADS,TX,ASW,CE,Towers with Radar,0,20,124,1,145,0,59,172,0,231,0,79,296,1,376,0,0,0,376
09/26/2022,ADS,TX,ASW,CE,Towers with Radar,0,22,101,0,123,0,58,180,0,238,0,80,281,0,361,0,0,0,361
09/27/2022,ADS,TX,ASW,CE,Towers with Radar,0,39,111,2,152,0,100,165,0,265,0,139,276,2,417,0,0,0,417
09/28/2022,ADS,TX,ASW,CE,Towers with Radar,0,39,116,0,155,0,118,192,0,310,0,157,308,0,465,8,0,8,473
09/29/2022,ADS,TX,ASW,CE,Towers with Radar,0,32,107,0,139,0,74,173,0,247,0,106,280,0,386,4,0,4,390
09/30/2022,ADS,TX,ASW,CE,Towers with Radar,0,26,94,0,120,0,116,206,0,322,0,142,300,0,442,0,0,0,442
10/01/2022,ADS,TX,ASW,CE,Towers with Radar,0,18,69,0,87,0,95,209,2,306,0,113,278,2,393,4,0,4,397
10/02/2022,ADS,TX,ASW,CE,Towers with Radar,0,33,89,0,122,0,86,173,0,259,0,119,262,0,381,12,0,12,393
10/03/2022,ADS,TX,ASW,CE,Towers with Radar,0,34,90,0,124,0,99,145,0,244,0,133,235,0,368,0,0,0,368
10/04/2022,ADS,TX,ASW,CE,Towers with Radar,0,30,103,0,133,0,105,175,0,280,0,135,278,0,413,0,0,0,413
10/05/2022,ADS,TX,ASW,CE,Towers with Radar,0,39,104,0,143,0,114,164,0,278,0,153,268,0,421,0,0,0,421
10/06/2022,ADS,TX,ASW,CE,Towers with Radar,2,28,107,0,137,0,82,195,0,277,2,110,302,0,414,10,0,10,424
10/07/2022,ADS,TX,ASW,CE,Towers with Radar,0,27,141,0,168,0,102,191,0,293,0,129,332,0,461,8,0,8,469
10/08/2022,ADS,TX,ASW,CE,Towers with Radar,0,18,59,0,77,0,85,124,0,209,0,103,183,0,286,2,0,2,288
10/09/2022,ADS,TX,ASW,CE,Towers with Radar,0,29,117,0,146,0,102,185,1,288,0,131,302,1,434,12,0,12,446
10/10/2022,ADS,TX,ASW,CE,Towers with Radar,0,34,93,0,127,0,91,151,0,242,0,125,244,0,369,2,0,2,371
10/11/2022,ADS,TX,ASW,CE,Towers with Radar,0,34,104,0,138,0,81,139,0,220,0,115,243,0,358,2,0,2,360
10/12/2022,ADS,TX,ASW,CE,Towers with Radar,0,30,102,0,132,1,81,150,0,232,1,111,252,0,364,0,0,0,364
10/13/2022,ADS,TX,ASW,CE,Towers with Radar,0,26,121,0,147,0,106,176,0,282,0,132,297,0,429,15,0,15,444
10/14/2022,ADS,TX,ASW,CE,Towers with Radar,0,37,114,1,152,0,78,173,2,253,0,115,287,3,405,6,0,6,411
10/15/2022,ADS,TX,ASW,CE,Towers with Radar,0,19,57,0,76,0,79,189,0,268,0,98,246,0,344,0,0,0,344
10/16/2022,ADS,TX,ASW,CE,Towers with Radar,1,40,122,1,164,0,0,18,0,18,1,40,140,1,182,0,0,0,182
10/17/2022,ADS,TX,ASW,CE,Towers with Radar,1,35,124,1,161,0,74,108,0,182,1,109,232,1,343,4,0,4,347
10/18/2022,ADS,TX,ASW,CE,Towers with Radar,2,15,100,0,117,0,88,161,0,249,2,103,261,0,366,4,0,4,370
10/19/2022,ADS,TX,ASW,CE,Towers with Radar,0,37,126,1,164,0,108,222,2,332,0,145,348,3,496,15,0,15,511
10/20/2022,ADS,TX,ASW,CE,Towers with Radar,0,43,116,0,159,0,86,173,0,259,0,129,289,0,418,0,0,0,418
10/21/2022,ADS,TX,ASW,CE,Towers with Radar,0,27,117,0,144,0,90,204,0,294,0,117,321,0,438,8,0,8,446
10/22/2022,ADS,TX,ASW,CE,Towers with Radar,0,14,55,0,69,0,11,93,0,104,0,25,148,0,173,4,0,4,177
10/23/2022,ADS,TX,ASW,CE,Towers with Radar,0,31,102,0,133,0,8,54,0,62,0,39,156,0,195,0,0,0,195
10/24/2022,ADS,TX,ASW,CE,Towers with Radar,0,21,81,0,102,0,3,2,0,5,0,24,83,0,107,0,0,0,107
10/25/2022,ADS,TX,ASW,CE,Towers with Radar,1,29,112,1,143,0,52,105,0,157,1,81,217,1,300,0,0,0,300
10/26/2022,ADS,TX,ASW,CE,Towers with Radar,0,43,100,0,143,0,143,260,0,403,0,186,360,0,546,26,0,26,572
10/27/2022,ADS,TX,ASW,CE,Towers with Radar,0,34,105,2,141,0,114,213,2,329,0,148,318,4,470,5,0,5,475
10/28/2022,ADS,TX,ASW,CE,Towers with Radar,0,23,93,0,116,0,0,4,0,4,0,23,97,0,120,0,0,0,120
10/29/2022,ADS,TX,ASW,CE,Towers with Radar,0,39,81,0,120,0,0,4,0,4,0,39,85,0,124,0,0,0,124
10/30/2022,ADS,TX,ASW,CE,Towers with Radar,0,34,90,0,124,0,92,207,0,299,0,126,297,0,423,19,0,19,442
10/31/2022,ADS,TX,ASW,CE,Towers with Radar,0,28,85,0,113,0,103,159,0,262,0,131,244,0,375,0,0,0,375
11/01/2022,ADS,TX,ASW,CE,Towers with Radar,0,28,124,2,154,0,112,185,0,297,0,140,309,2,451,4,0,4,455
11/02/2022,ADS,TX,ASW,CE,Towers with Radar,2,56,123,2,183,0,52,117,0,169,2,108,240,2,352,20,0,20,372
11/03/2022,ADS,TX,ASW,CE,Towers with Radar,0,37,176,0,213,0,8,42,0,50,0,45,218,0,263,0,0,0,263
11/04/2022,ADS,TX,ASW,CE,Towers with Radar,0,11,63,0,74,0,2,5,0,7,0,13,68,0,81,0,0,0,81
11/05/2022,ADS,TX,ASW,CE,Towers with Radar,0,27,62,0,89,0,105,250,0,355,0,132,312,0,444,0,0,0,444
11/06/2022,ADS,TX,ASW,CE,Towers with Radar,2,37,88,1,128,0,72,207,1,280,2,109,295,2,408,12,0,12,420
11/07/2022,ADS,TX,ASW,CE,Towers with Radar,0,18,124,0,142,0,3,10,0,13,0,21,134,0,155,0,0,0,155
11/08/2022,ADS,TX,ASW,CE,Towers with Radar,0,39,137,0,176,0,29,55,0,84,0,68,192,0,260,0,0,0,260
11/09/2022,ADS,TX,ASW,CE,Towers with Radar,0,45,142,0,187,0,59,167,0,226,0,104,309,0,413,0,0,0,413
11/10/2022,ADS,TX,ASW,CE,Towers with Radar,0,44,155,0,199,0,25,88,0,113,0,69,243,0,312,0,0,0,312
11/11/2022,ADS,TX,ASW,CE,Towers with Radar,0,29,86,0,115,0,2,9,0,11,0,31,95,0,126,0,0,0,126
11/12/2022,ADS,TX,ASW,CE,Towers with Radar,0,35,81,0,116,0,93,230,0,323,0,128,311,0,439,0,0,0,439
11/13/2022,ADS,TX,ASW,CE,Towers with Radar,0,54,102,0,156,0,100,197,0,297,0,154,299,0,453,6,0,6,459
11/14/2022,ADS,TX,ASW,CE,Towers with Radar,0,34,92,1,127,0,13,3,0,16,0,47,95,1,143,0,0,0,143
11/15/2022,ADS,TX,ASW,CE,Towers with Radar,0,50,121,0,171,0,25,57,0,82,0,75,178,0,253,0,0,0,253
11/16/2022,ADS,TX,ASW,CE,Towers with Radar,0,45,128,1,174,0,97,236,0,333,0,142,364,1,507,0,0,0,507
11/17/2022,ADS,TX,ASW,CE,Towers with Radar,0,35,123,1,159,0,102,234,0,336,0,137,357,1,495,0,0,0,495
11/18/2022,ADS,TX,ASW,CE,Towers with Radar,0,44,119,1,164,0,87,202,1,290,0,131,321,2,454,4,0,4,458
11/19/2022,ADS,TX,ASW,CE,Towers with Radar,0,24,65,0,89,0,84,184,0,268,0,108,249,0,357,8,0,8,365
11/20/2022,ADS,TX,ASW,CE,Towers with Radar,0,29,92,1,122,0,81,193,0,274,0,110,285,1,396,3,0,3,399
11/21/2022,ADS,TX,ASW,CE,Towers with Radar,0,29,95,0,124,0,78,144,0,222,0,107,239,0,346,14,0,14,360
11/22/2022,ADS,TX,ASW,CE,Towers with Radar,0,29,110,0,139,0,78,160,0,238,0,107,270,0,377,0,0,0,377
11/23/2022,ADS,TX,ASW,CE,Towers with Radar,0,26,93,2,121,0,11,27,2,40,0,37,120,4,161,0,0,0,161
11/24/2022,ADS,TX,ASW,CE,Towers with Radar,0,11,14,0,25,0,0,0,0,0,0,11,14,0,25,0,0,0,25
11/25/2022,ADS,TX,ASW,CE,Towers with Radar,0,25,108,0,133,0,0,6,0,6,0,25,114,0,139,0,0,0,139
11/26/2022,ADS,TX,ASW,CE,Towers with Radar,0,21,73,1,95,0,0,1,0,1,0,21,74,1,96,0,0,0,96
11/27/2022,ADS,TX,ASW,CE,Towers with Radar,0,27,107,0,134,0,53,172,0,225,0,80,279,0,359,8,0,8,367
11/28/2022,ADS,TX,ASW,CE,Towers with Radar,2,25,112,1,140,0,71,187,0,258,2,96,299,1,398,9,0,9,407
11/29/2022,ADS,TX,ASW,CE,Towers with Radar,1,20,111,2,134,0,15,105,0,120,1,35,216,2,254,0,0,0,254
11/30/2022,ADS,TX,ASW,CE,Towers with Radar,0,38,91,0,129,0,77,218,0,295,0,115,309,0,424,0,0,0,424
12/01/2022,ADS,TX,ASW,CE,Towers with Radar,0,31,114,0,145,0,49,197,0,246,0,80,311,0,391,0,0,0,391
12/02/2022,ADS,TX,ASW,CE,Towers with Radar,0,27,100,1,128,0,1,5,0,6,0,28,105,1,134,0,0,0,134
12/03/2022,ADS,TX,ASW,CE,Towers with Radar,0,11,78,1,90,0,67,165,0,232,0,78,243,1,322,4,0,4,326
12/04/2022,ADS,TX,ASW,CE,Towers with Radar,0,36,90,0,126,0,68,131,0,199,0,104,221,0,325,0,0,0,325
12/05/2022,ADS,TX,ASW,CE,Towers with Radar,0,27,94,0,121,0,31,69,0,100,0,58,163,0,221,1,0,1,222
12/06/2022,ADS,TX,ASW,CE,Towers with Radar,0,39,117,2,158,0,110,124,0,234,0,149,241,2,392,0,0,0,392
12/07/2022,ADS,TX,ASW,CE,Towers with Radar,0,26,83,0,109,0,0,14,0,14,0,26,97,0,123,0,0,0,123
12/08/2022,ADS,TX,ASW,CE,Towers with Radar,0,39,128,0,167,0,32,56,0,88,0,71,184,0,255,20,0,20,275
12/09/2022,ADS,TX,ASW,CE,Towers with Radar,0,41,140,1,182,0,0,7,0,7,0,41,147,1,189,4,0,4,193
12/10/2022,ADS,TX,ASW,CE,Towers with Radar,0,21,46,0,67,0,0,0,0,0,0,21,46,0,67,0,0,0,67
12/11/2022,ADS,TX,ASW,CE,Towers with Radar,0,38,111,0,149,0,2,11,0,13,0,40,122,0,162,0,0,0,162
12/12/2022,ADS,TX,ASW,CE,Towers with Radar,0,32,98,0,130,0,0,0,0,0,0,32,98,0,130,0,0,0,130
12/13/2022,ADS,TX,ASW,CE,Towers with Radar,0,39,120,2,161,0,95,121,0,216,0,134,241,2,377,0,0,0,377
12/14/2022,ADS,TX,ASW,CE,Towers with Radar,0,36,118,4,158,0,102,213,3,318,0,138,331,7,476,2,0,2,478
12/15/2022,ADS,TX,ASW,CE,Towers with Radar,0,35,104,1,140,0,124,258,1,383,0,159,362,2,523,0,0,0,523
12/16/2022,ADS,TX,ASW,CE,Towers with Radar,0,39,136,0,175,0,106,216,2,324,0,145,352,2,499,2,0,2,501
12/17/2022,ADS,TX,ASW,CE,Towers with Radar,1,40,100,0,141,0,99,226,0,325,1,139,326,0,466,0,0,0,466
12/18/2022,ADS,TX,ASW,CE,Towers with Radar,0,42,101,1,144,0,84,176,0,260,0,126,277,1,404,0,0,0,404
12/19/2022,ADS,TX,ASW,CE,Towers with Radar,0,35,85,0,120,0,28,47,0,75,0,63,132,0,195,5,0,5,200
12/20/2022,ADS,TX,ASW,CE,Towers with Radar,0,28,110,3,141,0,72,151,0,223,0,100,261,3,364,0,0,0,364
12/21/2022,ADS,TX,ASW,CE,Towers with Radar,0,38,108,0,146,0,87,173,2,262,0,125,281,2,408,0,0,0,408
12/22/2022,ADS,TX,ASW,CE,Towers with Radar,0,13,47,2,62,0,0,7,0,7,0,13,54,2,69,0,0,0,69
12/23/2022,ADS,TX,ASW,CE,Towers with Radar,0,25,55,0,80,0,45,86,2,133,0,70,141,2,213,0,0,0,213
12/24/2022,ADS,TX,ASW,CE,Towers with Radar,0,14,39,1,54,0,59,78,0,137,0,73,117,1,191,16,0,16,207
12/25/2022,ADS,TX,ASW,CE,Towers with Radar,0,20,24,0,44,0,0,43,0,43,0,20,67,0,87,0,0,0,87
12/26/2022,ADS,TX,ASW,CE,Towers with Radar,0,26,122,0,148,0,60,121,0,181,0,86,243,0,329,0,0,0,329
12/27/2022,ADS,TX,ASW,CE,Towers with Radar,0,24,82,1,107,0,98,137,1,236,0,122,219,2,343,0,0,0,343
12/28/2022,ADS,TX,ASW,CE,Towers with Radar,0,28,83,0,111,0,5,99,0,104,0,33,182,0,215,4,0,4,219
12/29/2022,ADS,TX,ASW,CE,Towers with Radar,0,21,95,0,116,0,68,129,2,199,0,89,224,2,315,0,0,0,315
12/30/2022,ADS,TX,ASW,CE,Towers with Radar,0,23,79,0,102,0,105,181,2,288,0,128,260,2,390,0,0,0,390
12/31/2022,ADS,TX,ASW,CE,Towers with Radar,0,17,46,0,63,0,58,117,2,177,0,75,163,2,240,0,0,0,240
01/01/2023,ADS,TX,ASW,CE,Towers with Radar,0,9,58,0,67,0,0,69,0,69,0,9,127,0,136,6,0,6,142
01/02/2023,ADS,TX,ASW,CE,Towers with Radar,0,24,86,0,110,0,8,29,0,37,0,32,115,0,147,11,0,11,158
01/03/2023,ADS,TX,ASW,CE,Towers with Radar,0,15,99,0,114,0,79,156,1,236,0,94,255,1,350,0,0,0,350
01/04/2023,ADS,TX,ASW,CE,Towers with Radar,0,22,77,2,101,0,125,197,0,322,0,147,274,2,423,0,0,0,423
01/05/2023,ADS,TX,ASW,CE,Towers with Radar,0,27,98,0,125,0,135,169,0,304,0,162,267,0,429,8,0,8,437
01/06/2023,ADS,TX,ASW,CE,Towers with Radar,0,19,112,0,131,0,41,111,0,152,0,60,223,0,283,12,0,12,295
01/07/2023,ADS,TX,ASW,CE,Towers with Radar,0,20,74,0,94,0,98,200,0,298,0,118,274,0,392,0,0,0,392
01/08/2023,ADS,TX,ASW,CE,Towers with Radar,0,35,112,0,147,0,111,180,0,291,0,146,292,0,438,12,0,12,450
01/09/2023,ADS,TX,ASW,CE,Towers with Radar,2,24,82,0,108,0,93,164,1,258,2,117,246,1,366,0,0,0,366
01/10/2023,ADS,TX,ASW,CE,Towers with Radar,0,34,111,1,146,0,86,151,1,238,0,120,262,2,384,12,0,12,396
01/11/2023,ADS,TX,ASW,CE,Towers with Radar,0,19,115,2,136,0,94,164,0,258,0,113,279,2,394,13,0,13,407
01/12/2023,ADS,TX,ASW,CE,Towers with Radar,0,27,91,0,118,0,21,115,0,136,0,48,206,0,254,1,0,1,255
01/13/2023,ADS,TX,ASW,CE,Towers with Radar,0,19,111,0,130,0,130,256,0,386,0,149,367,0,516,11,0,11,527
01/14/2023,ADS,TX,ASW,CE,Towers with Radar,0,17,63,0,80,0,90,214,0,304,0,107,277,0,384,3,0,3,387
01/15/2023,ADS,TX,ASW,CE,Towers with Radar,0,15,85,0,100,0,13,76,0,89,0,28,161,0,189,2,0,2,191
01/16/2023,ADS,TX,ASW,CE,Towers with Radar,0,35,118,0,153,0,82,108,0,190,0,117,226,0,343,1,0,1,344
01/17/2023,ADS,TX,ASW,CE,Towers with Radar,0,26,100,0,126,0,128,169,0,297,0,154,269,0,423,0,0,0,423
01/18/2023,ADS,TX,ASW,CE,Towers with Radar,0,32,86,2,120,0,48,83,0,131,0,80,169,2,251,0,0,0,251
01/19/2023,ADS,TX,ASW,CE,Towers with Radar,0,32,96,0,128,0,115,176,1,292,0,147,272,1,420,6,0,6,426
01/20/2023,ADS,TX,ASW,CE,Towers with Radar,0,27,94,0,121,0,103,179,2,284,0,130,273,2,405,0,0,0,405
01/21/2023,ADS,TX,ASW,CE,Towers with Radar,0,15,63,0,78,0,92,126,2,220,0,107,189,2,298,0,0,0,298
01/22/2023,ADS,TX,ASW,CE,Towers with Radar,0,33,67,0,100,0,50,132,0,182,0,83,199,0,282,12,0,12,294
01/23/2023,ADS,TX,ASW,CE,Towers with Radar,0,27,88,0,115,0,116,207,0,323,0,143,295,0,438,0,0,0,438
01/24/2023,ADS,TX,ASW,CE,Towers with Radar,0,17,44,0,61,0,0,3,0,3,0,17,47,0,64,0,0,0,64
01/25/2023,ADS,TX,ASW,CE,Towers with Radar,0,20,105,0,125,0,15,50,0,65,0,35,155,0,190,6,0,6,196
01/26/2023,ADS,TX,ASW,CE,Towers with Radar,0,28,142,0,170,0,114,215,1,330,0,142,357,1,500,0,0,0,500
01/27/2023,ADS,TX,ASW,CE,Towers with Radar,0,26,125,2,153,0,97,211,2,310,0,123,336,4,463,0,0,0,463
01/28/2023,ADS,TX,ASW,CE,Towers with Radar,0,28,84,2,114,0,18,18,0,36,0,46,102,2,150,0,0,0,150
01/29/2023,ADS,TX,ASW,CE,Towers with Radar,0,19,105,0,124,0,0,3,0,3,0,19,108,0,127,2,0,2,129
01/30/2023,ADS,TX,ASW,CE,Towers with Radar,0,13,49,0,62,0,0,0,0,0,0,13,49,0,62,0,0,0,62
01/31/2023,ADS,TX,ASW,CE,Towers with Radar,0,2,7,0,9,0,0,0,0,0,0,2,7,0,9,0,0,0,9
02/01/2023,ADS,TX,ASW,CE,Towers with Radar,0,0,4,0,4,0,0,0,0,0,0,0,4,0,4,0,0,0,4
02/02/2023,ADS,TX,ASW,CE,Towers with Radar,0,9,43,0,52,0,0,1,0,1,0,9,44,0,53,0,0,0,53
02/03/2023,ADS,TX,ASW,CE,Towers with Radar,0,32,85,0,117,0,129,145,0,274,0,161,230,0,391,20,0,20,411
02/04/2023,ADS,TX,ASW,CE,Towers with Radar,0,25,53,0,78,0,114,196,0,310,0,139,249,0,388,0,0,0,388
02/05/2023,ADS,TX,ASW,CE,Towers with Radar,0,28,91,2,121,0,106,226,0,332,0,134,317,2,453,0,0,0,453
02/06/2023,ADS,TX,ASW,CE,Towers with Radar,0,44,101,0,145,0,2,38,0,40,0,46,139,0,185,7,0,7,192
02/07/2023,ADS,TX,ASW,CE,Towers with Radar,0,33,114,0,147,0,1,3,0,4,0,34,117,0,151,0,0,0,151
02/08/2023,ADS,TX,ASW,CE,Towers with Radar,0,26,105,0,131,0,0,2,0,2,0,26,107,0,133,0,0,0,133
02/09/2023,ADS,TX,ASW,CE,Towers with Radar,0,21,104,0,125,0,161,253,0,414,0,182,357,0,539,0,0,0,539
02/10/2023,ADS,TX,ASW,CE,Towers with Radar,0,28,105,0,133,0,37,96,0,133,0,65,201,0,266,10,0,10,276
02/11/2023,ADS,TX,ASW,CE,Towers with Radar,0,26,82,0,108,0,107,198,0,305,0,133,280,0,413,0,0,0,413
02/12/2023,ADS,TX,ASW,CE,Towers with Radar,0,21,64,0,85,0,145,191,2,338,0,166,255,2,423,17,0,17,440
02/13/2023,ADS,TX,ASW,CE,Towers with Radar,0,32,99,2,133,0,132,164,0,296,0,164,263,2,429,0,0,0,429
02/14/2023,ADS,TX,ASW,CE,Towers with Radar,0,20,47,0,67,0,11,31,0,42,0,31,78,0,109,0,0,0,109
02/15/2023,ADS,TX,ASW,CE,Towers with Radar,0,25,126,0,151,0,64,162,2,228,0,89,288,2,379,6,0,6,385
02/16/2023,ADS,TX,ASW,CE,Towers with Radar,0,21,118,2,141,0,21,102,0,123,0,42,220,2,264,0,0,0,264
02/17/2023,ADS,TX,ASW,CE,Towers with Radar,0,21,103,0,124,0,135,269,0,404,0,156,372,0,528,15,0,15,543
02/18/2023,ADS,TX,ASW,CE,Towers with Radar,0,18,61,0,79,0,107,193,0,300,0,125,254,0,379,0,0,0,379
02/19/2023,ADS,TX,ASW,CE,Towers with Radar,0,24,85,0,109,0,75,162,0,237,0,99,247,0,346,0,0,0,346
02/20/2023,ADS,TX,ASW,CE,Towers with Radar,0,25,103,0,128,0,76,142,0,218,0,101,245,0,346,2,0,2,348
02/21/2023,ADS,TX,ASW,CE,Towers with Radar,0,26,120,2,148,0,103,165,0,268,0,129,285,2,416,0,0,0,416
02/22/2023,ADS,TX,ASW,CE,Towers with Radar,0,23,82,0,105,0,19,53,0,72,0,42,135,0,177,11,0,11,188
02/23/2023,ADS,TX,ASW,CE,Towers with Radar,0,30,91,0,121,0,89,200,0,289,0,119,291,0,410,0,0,0,410
02/24/2023,ADS,TX,ASW,CE,Towers with Radar,0,41,121,0,162,0,21,28,2,51,0,62,149,2,213,17,0,17,230
02/25/2023,ADS,TX,ASW,CE,Towers with Radar,0,19,80,0,99,0,0,1,0,1,0,19,81,0,100,0,0,0,100
02/26/2023,ADS,TX,ASW,CE,Towers with Radar,0,16,84,0,100,0,0,6,0,6,0,16,90,0,106,0,0,0,106
02/27/2023,ADS,TX,ASW,CE,Towers with Radar,0,35,85,1,121,0,83,177,0,260,0,118,262,1,381,4,0,4,385
02/28/2023,ADS,TX,ASW,CE,Towers with Radar,0,27,92,0,119,0,151,210,2,363,0,178,302,2,482,0,0,0,482
03/01/2023,ADS,TX,ASW,CE,Towers with Radar,0,36,111,0,147,0,25,53,0,78,0,61,164,0,225,0,0,0,225
03/02/2023,ADS,TX,ASW,CE,Towers with Radar,0,18,67,0,85,0,39,25,0,64,0,57,92,0,149,0,0,0,149
03/03/2023,ADS,TX,ASW,CE,Towers with Radar,0,37,86,1,124,0,67,155,1,223,0,104,241,2,347,0,0,0,347
03/04/2023,ADS,TX,ASW,CE,Towers with Radar,0,29,75,1,105,0,124,258,1,383,0,153,333,2,488,0,0,0,488
03/05/2023,ADS,TX,ASW,CE,Towers with Radar,0,35,78,0,113,0,89,187,2,278,0,124,265,2,391,6,0,6,397
03/06/2023,ADS,TX,ASW,CE,Towers with Radar,2,18,94,0,114,0,67,116,0,183,2,85,210,0,297,3,0,3,300
03/07/2023,ADS,TX,ASW,CE,Towers with Radar,0,42,133,0,175,0,12,40,0,52,0,54,173,0,227,7,0,7,234
03/08/2023,ADS,TX,ASW,CE,Towers with Radar,0,33,99,0,132,0,0,1,0,1,0,33,100,0,133,0,0,0,133
03/09/2023,ADS,TX,ASW,CE,Towers with Radar,1,19,97,0,117,0,0,1,0,1,1,19,98,0,118,0,0,0,118
03/10/2023,ADS,TX,ASW,CE,Towers with Radar,3,29,129,0,161,0,145,235,0,380,3,174,364,0,541,0,0,0,541
03/11/2023,ADS,TX,ASW,CE,Towers with Radar,0,21,101,0,122,0,25,76,0,101,0,46,177,0,223,0,0,0,223
03/12/2023,ADS,TX,ASW,CE,Towers with Radar,0,30,101,0,131,0,80,145,0,225,0,110,246,0,356,0,0,0,356
03/13/2023,ADS,TX,ASW,CE,Towers with Radar,0,29,79,0,108,0,145,193,0,338,0,174,272,0,446,0,0,0,446
03/14/2023,ADS,TX,ASW,CE,Towers with Radar,2,21,72,0,95,0,155,223,0,378,2,176,295,0,473,1,0,1,474
03/15/2023,ADS,TX,ASW,CE,Towers with Radar,3,32,87,1,123,0,87,193,1,281,3,119,280,2,404,8,0,8,412
03/16/2023,ADS,TX,ASW,CE,Towers with Radar,0,21,54,0,75,0,0,0,0,0,0,21,54,0,75,0,0,0,75
03/17/2023,ADS,TX,ASW,CE,Towers with Radar,0,23,97,0,120,0,41,128,0,169,0,64,225,0,289,0,0,0,289
03/18/2023,ADS,TX,ASW,CE,Towers with Radar,0,30,96,0,126,0,68,116,0,184,0,98,212,0,310,0,0,0,310
03/19/2023,ADS,TX,ASW,CE,Towers with Radar,0,30,118,0,148,0,66,107,0,173,0,96,225,0,321,0,0,0,321
03/20/2023,ADS,TX,ASW,CE,Towers with Radar,0,32,93,0,125,0,89,142,0,231,0,121,235,0,356,0,0,0,356
03/21/2023,ADS,TX,ASW,CE,Towers with Radar,0,28,136,0,164,0,0,0,0,0,0,28,136,0,164,0,0,0,164
03/22/2023,ADS,TX,ASW,CE,Towers with Radar,0,43,107,0,150,0,17,78,0,95,0,60,185,0,245,0,0,0,245
03/23/2023,ADS,TX,ASW,CE,Towers with Radar,0,35,137,0,172,0,10,81,4,95,0,45,218,4,267,0,0,0,267
03/24/2023,ADS,TX,ASW,CE,Towers with Radar,0,45,94,0,139,0,19,46,0,65,0,64,140,0,204,0,0,0,204
03/25/2023,ADS,TX,ASW,CE,Towers with Radar,0,17,65,0,82,0,86,233,0,319,0,103,298,0,401,1,0,1,402
03/26/2023,ADS,TX,ASW,CE,Towers with Radar,0,25,84,0,109,0,113,236,1,350,0,138,320,1,459,20,0,20,479
03/27/2023,ADS,TX,ASW,CE,Towers with Radar,0,34,74,0,108,0,111,166,0,277,0,145,240,0,385,0,0,0,385
03/28/2023,ADS,TX,ASW,CE,Towers with Radar,1,30,84,1,116,0,90,193,0,283,1,120,277,1,399,0,0,0,399
03/29/2023,ADS,TX,ASW,CE,Towers with Radar,0,30,121,1,152,0,130,206,0,336,0,160,327,1,488,2,0,2,490
03/30/2023,ADS,TX,ASW,CE,Towers with Radar,0,25,115,0,140,0,6,24,0,30,0,31,139,0,170,0,0,0,170
03/31/2023,ADS,TX,ASW,CE,Towers with Radar,0,26,93,0,119,0,7,54,0,61,0,33,147,0,180,0,0,0,180
04/01/2023,ADS,TX,ASW,CE,Towers with Radar,0,25,65,0,90,0,155,257,0,412,0,180,322,0,502,7,0,7,509
04/02/2023,ADS,TX,ASW,CE,Towers with Radar,0,22,99,0,121,0,59,95,0,154,0,81,194,0,275,4,0,4,279
04/03/2023,ADS,TX,ASW,CE,Towers with Radar,0,26,112,1,139,0,45,123,1,169,0,71,235,2,308,0,0,0,308
04/04/2023,ADS,TX,ASW,CE,Towers with Radar,0,29,121,0,150,0,3,59,0,62,0,32,180,0,212,6,0,6,218
04/05/2023,ADS,TX,ASW,CE,Towers with Radar,0,28,89,0,117,0,89,191,0,280,0,117,280,0,397,1,0,1,398
04/06/2023,ADS,TX,ASW,CE,Towers with Radar,1,48,107,0,156,0,101,130,0,231,1,149,237,0,387,0,0,0,387
04/07/2023,ADS,TX,ASW,CE,Towers with Radar,0,36,93,0,129,0,82,100,0,182,0,118,193,0,311,0,0,0,311
04/08/2023,ADS,TX,ASW,CE,Towers with Radar,0,25,63,0,88,0,119,181,0,300,0,144,244,0,388,0,0,0,388
04/09/2023,ADS,TX,ASW,CE,Towers with Radar,1,26,70,0,97,0,20,106,0,126,1,46,176,0,223,1,0,1,224
04/10/2023,ADS,TX,ASW,CE,Towers with Radar,0,41,116,0,157,0,144,161,0,305,0,185,277,0,462,6,0,6,468
04/11/2023,ADS,TX,ASW,CE,Towers with Radar,0,26,102,3,131,0,132,181,0,313,0,158,283,3,444,0,0,0,444
04/12/2023,ADS,TX,ASW,CE,Towers with Radar,0,25,103,3,131,0,139,198,0,337,0,164,301,3,468,0,0,0,468
04/13/2023,ADS,TX,ASW,CE,Towers with Radar,0,39,105,0,144,0,113,207,0,320,0,152,312,0,464,0,0,0,464
04/14/2023,ADS,TX,ASW,CE,Towers with Radar,0,29,96,0,125,0,38,126,0,164,0,67,222,0,289,0,0,0,289
04/15/2023,ADS,TX,ASW,CE,Towers with Radar,0,23,81,2,106,0,14,85,0,99,0,37,166,2,205,0,0,0,205
04/16/2023,ADS,TX,ASW,CE,Towers with Radar,0,21,79,0,100,0,93,180,0,273,0,114,259,0,373,0,0,0,373
04/17/2023,ADS,TX,ASW,CE,Towers with Radar,2,32,77,1,112,0,113,208,1,322,2,145,285,2,434,6,0,6,440
04/18/2023,ADS,TX,ASW,CE,Towers with Radar,2,30,107,0,139,0,51,81,0,132,2,81,188,0,271,3,0,3,274
04/19/2023,ADS,TX,ASW,CE,Towers with Radar,0,29,117,0,146,0,11,43,0,54,0,40,160,0,200,0,0,0,200
04/20/2023,ADS,TX,ASW,CE,Towers with Radar,0,29,125,0,154,0,1,29,0,30,0,30,154,0,184,13,0,13,197
04/21/2023,ADS,TX,ASW,CE,Towers with Radar,0,19,88,0,107,0,86,165,0,251,0,105,253,0,358,13,0,13,371
04/22/2023,ADS,TX,ASW,CE,Towers with Radar,0,15,76,0,91,0,115,273,0,388,0,130,349,0,479,0,0,0,479
04/23/2023,ADS,TX,ASW,CE,Towers with Radar,0,27,104,0,131,0,8,20,0,28,0,35,124,0,159,0,0,0,159
04/24/2023,ADS,TX,ASW,CE,Towers with Radar,0,32,121,0,153,0,132,153,0,285,0,164,274,0,438,0,0,0,438
04/25/2023,ADS,TX,ASW,CE,Towers with Radar,0,36,100,0,136,0,90,99,0,189,0,126,199,0,325,0,0,0,325
04/26/2023,ADS,TX,ASW,CE,Towers with Radar,0,20,82,0,102,0,0,0,0,0,0,20,82,0,102,0,0,0,102
04/27/2023,ADS,TX,ASW,CE,Towers with Radar,0,47,135,0,182,0,42,98,0,140,0,89,233,0,322,0,0,0,322
04/28/2023,ADS,TX,ASW,CE,Towers with Radar,0,20,96,0,116,0,80,115,0,195,0,100,211,0,311,2,0,2,313
04/29/2023,ADS,TX,ASW,CE,Towers with Radar,0,14,64,0,78,0,8,73,0,81,0,22,137,0,159,0,0,0,159
04/30/2023,ADS,TX,ASW,CE,Towers with Radar,0,30,102,0,132,0,126,224,1,351,0,156,326,1,483,2,0,2,485
05/01/2023,ADS,TX,ASW,CE,Towers with Radar,0,37,63,0,100,0,125,203,0,328,0,162,266,0,428,0,0,0,428
05/02/2023,ADS,TX,ASW,CE,Towers with Radar,0,50,96,0,146,0,126,206,1,333,0,176,302,1,479,0,0,0,479
05/03/2023,ADS,TX,ASW,CE,Towers with Radar,0,38,113,0,151,0,121,196,0,317,0,159,309,0,468,20,0,20,488
05/04/2023,ADS,TX,ASW,CE,Towers with Radar,0,27,132,0,159,0,82,147,0,229,0,109,279,0,388,0,0,0,388
05/05/2023,ADS,TX,ASW,CE,Towers with Radar,0,53,111,2,166,0,37,115,0,152,0,90,226,2,318,0,0,0,318
05/06/2023,ADS,TX,ASW,CE,Towers with Radar,0,21,48,0,69,0,31,79,0,110,0,52,127,0,179,0,0,0,179
05/07/2023,ADS,TX,ASW,CE,Towers with Radar,0,42,107,0,149,0,52,102,2,156,0,94,209,2,305,3,0,3,308
05/08/2023,ADS,TX,ASW,CE,Towers with Radar,1,28,129,0,158,0,62,124,0,186,1,90,253,0,344,0,0,0,344
05/09/2023,ADS,TX,ASW,CE,Towers with Radar,0,48,97,0,145,0,82,132,0,214,0,130,229,0,359,0,0,0,359
05/10/2023,ADS,TX,ASW,CE,Towers with Radar,0,50,101,0,151,0,4,6,0,10,0,54,107,0,161,8,0,8,169
05/11/2023,ADS,TX,ASW,CE,Towers with Radar,0,50,117,0,167,0,33,69,0,102,0,83,186,0,269,0,0,0,269
05/12/2023,ADS,TX,ASW,CE,Towers with Radar,0,32,121,0,153,0,28,69,0,97,0,60,190,0,250,1,0,1,251
05/13/2023,ADS,TX,ASW,CE,Towers with Radar,0,16,50,0,66,0,65,114,0,179,0,81,164,0,245,3,0,3,248
05/14/2023,ADS,TX,ASW,CE,Towers with Radar,0,19,80,0,99,0,8,19,0,27,0,27,99,0,126,0,0,0,126
05/15/2023,ADS,TX,ASW,CE,Towers with Radar,0,33,93,0,126,0,70,113,0,183,0,103,206,0,309,0,0,0,309
05/16/2023,ADS,TX,ASW,CE,Towers with Radar,2,56,118,0,176,0,110,134,0,244,2,166,252,0,420,0,0,0,420
05/17/2023,ADS,TX,ASW,CE,Towers with Radar,0,55,127,0,182,0,117,249,0,366,0,172,376,0,548,19,0,19,567
05/18/2023,ADS,TX,ASW,CE,Towers with Radar,0,32,121,0,153,0,125,212,0,337,0,157,333,0,490,4,0,4,494
05/19/2023,ADS,TX,ASW,CE,Towers with Radar,0,34,89,1,124,0,67,119,0,186,0,101,208,1,310,0,0,0,310
05/20/2023,ADS,TX,ASW,CE,Towers with Radar,0,31,82,1,114,0,84,168,0,252,0,115,250,1,366,5,0,5,371
05/21/2023,ADS,TX,ASW,CE,Towers with Radar,0,44,90,0,134,0,88,186,0,274,0,132,276,0,408,14,0,14,422
05/22/2023,ADS,TX,ASW,CE,Towers with Radar,0,39,101,0,140,0,112,202,0,314,0,151,303,0,454,0,0,0,454
05/23/2023,ADS,TX,ASW,CE,Towers with Radar,0,31,114,2,147,0,96,186,1,283,0,127,300,3,430,0,0,0,430
05/24/2023,ADS,TX,ASW,CE,Towers with Radar,0,32,115,0,147,0,92,146,0,238,0,124,261,0,385,0,0,0,385
05/25/2023,ADS,TX,ASW,CE,Towers with Radar,2,41,129,2,174,0,101,165,0,266,2,142,294,2,440,0,0,0,440
05/26/2023,ADS,TX,ASW,CE,Towers with Radar,0,35,89,0,124,0,70,161,0,231,0,105,250,0,355,0,0,0,355
05/27/2023,ADS,TX,ASW,CE,Towers with Radar,0,32,50,2,84,0,86,149,0,235,0,118,199,2,319,0,0,0,319
05/28/2023,ADS,TX,ASW,CE,Towers with Radar,0,27,46,0,73,0,52,115,1,168,0,79,161,1,241,0,0,0,241
05/29/2023,ADS,TX,ASW,CE,Towers with Radar,0,28,71,0,99,0,49,103,0,152,0,77,174,0,251,10,0,10,261
05/30/2023,ADS,TX,ASW,CE,Towers with Radar,0,42,84,0,126,0,84,98,0,182,0,126,182,0,308,4,0,4,312
05/31/2023,ADS,TX,ASW,CE,Towers with Radar,0,42,102,0,144,0,94,168,0,262,0,136,270,0,406,0,0,0,406
06/01/2023,ADS,TX,ASW,CE,Towers with Radar,0,46,80,0,126,0,102,142,0,244,0,148,222,0,370,8,0,8,378
06/02/2023,ADS,TX,ASW,CE,Towers with Radar,0,35,93,0,128,0,100,143,0,243,0,135,236,0,371,0,0,0,371
06/03/2023,ADS,TX,ASW,CE,Towers with Radar,0,30,60,0,90,0,57,121,0,178,0,87,181,0,268,0,0,0,268
06/04/2023,ADS,TX,ASW,CE,Towers with Radar,0,26,75,0,101,0,72,107,0,179,0,98,182,0,280,4,0,4,284
06/05/2023,ADS,TX,ASW,CE,Towers with Radar,0,45,97,0,142,0,84,100,1,185,0,129,197,1,327,4,0,4,331
06/06/2023,ADS,TX,ASW,CE,Towers with Radar,2,31,87,0,120,0,31,65,0,96,2,62,152,0,216,0,0,0,216
06/07/2023,ADS,TX,ASW,CE,Towers with Radar,0,28,84,0,112,0,90,142,0,232,0,118,226,0,344,5,0,5,349
06/08/2023,ADS,TX,ASW,CE,Towers with Radar,0,35,75,0,110,0,84,157,0,241,0,119,232,0,351,3,0,3,354
06/09/2023,ADS,TX,ASW,CE,Towers with Radar,0,30,92,1,123,0,112,147,0,259,0,142,239,1,382,6,0,6,388
06/10/2023,ADS,TX,ASW,CE,Towers with Radar,0,19,39,0,58,0,43,96,0,139,0,62,135,0,197,3,0,3,200
06/11/2023,ADS,TX,ASW,CE,Towers with Radar,0,43,88,0,131,0,86,140,0,226,0,129,228,0,357,2,0,2,359
06/12/2023,ADS,TX,ASW,CE,Towers with Radar,0,20,110,0,130,0,38,81,0,119,0,58,191,0,249,0,0,0,249
06/13/2023,ADS,TX,ASW,CE,Towers with Radar,0,39,109,0,148,0,0,5,0,5,0,39,114,0,153,2,0,2,155
06/14/2023,ADS,TX,ASW,CE,Towers with Radar,0,37,85,0,122,0,16,43,0,59,0,53,128,0,181,26,0,26,207
06/15/2023,ADS,TX,ASW,CE,Towers with Radar,0,24,118,0,142,0,68,89,0,157,0,92,207,0,299,0,0,0,299
06/16/2023,ADS,TX,ASW,CE,Towers with Radar,1,35,101,0,137,0,75,108,0,183,1,110,209,0,320,0,0,0,320
06/17/2023,ADS,TX,ASW,CE,Towers with Radar,0,24,66,0,90,0,57,90,0,147,0,81,156,0,237,0,0,0,237
06/18/2023,ADS,TX,ASW,CE,Towers with Radar,0,36,124,0,160,0,58,73,0,131,0,94,197,0,291,0,0,0,291
06/19/2023,ADS,TX,ASW,CE,Towers with Radar,0,44,107,0,151,0,64,126,0,190,0,108,233,0,341,0,0,0,341
06/20/2023,ADS,TX,ASW,CE,Towers with Radar,0,36,98,0,134,0,69,113,0,182,0,105,211,0,316,8,0,8,324
06/21/2023,ADS,TX,ASW,CE,Towers with Radar,0,28,117,1,146,0,32,82,4,118,0,60,199,5,264,0,0,0,264
06/22/2023,ADS,TX,ASW,CE,Towers with Radar,0,32,100,1,133,0,84,140,0,224,0,116,240,1,357,4,0,4,361
06/23/2023,ADS,TX,ASW,CE,Towers with Radar,0,26,86,0,112,0,55,114,0,169,0,81,200,0,281,0,0,0,281
06/24/2023,ADS,TX,ASW,CE,Towers with Radar,0,24,52,0,76,0,101,143,0,244,0,125,195,0,320,20,0,20,340
06/25/2023,ADS,TX,ASW,CE,Towers with Radar,1,32,72,0,105,0,94,139,0,233,1,126,211,0,338,0,0,0,338
06/26/2023,ADS,TX,ASW,CE,Towers with Radar,1,38,88,2,129,0,93,145,0,238,1,131,233,2,367,0,0,0,367
06/27/2023,ADS,TX,ASW,CE,Towers with Radar,0,37,84,0,121,0,98,162,0,260,0,135,246,0,381,2,0,2,383
06/28/2023,ADS,TX,ASW,CE,Towers with Radar,0,38,96,0,134,0,121,150,0,271,0,159,246,0,405,4,0,4,409
06/29/2023,ADS,TX,ASW,CE,Towers with Radar,0,30,102,2,134,0,118,143,0,261,0,148,245,2,395,19,0,19,414
06/30/2023,ADS,TX,ASW,CE,Towers with Radar,0,45,109,0,154,0,88,148,0,236,0,133,257,0,390,2,0,2,392
07/01/2023,ADS,TX,ASW,CE,Towers with Radar,0,27,70,0,97,0,54,102,0,156,0,81,172,0,253,0,0,0,253
07/02/2023,ADS,TX,ASW,CE,Towers with Radar,0,26,51,1,78,0,52,93,0,145,0,78,144,1,223,6,0,6,229
07/03/2023,ADS,TX,ASW,CE,Towers with Radar,0,14,34,0,48,0,85,107,1,193,0,99,141,1,241,0,0,0,241
07/04/2023,ADS,TX,ASW,CE,Towers with Radar,0,14,23,1,38,0,81,101,0,182,0,95,124,1,220,4,0,4,224
07/05/2023,ADS,TX,ASW,CE,Towers with Radar,0,27,74,2,103,0,103,115,0,218,0,130,189,2,321,6,0,6,327
07/06/2023,ADS,TX,ASW,CE,Towers with Radar,0,34,84,0,118,0,83,125,1,209,0,117,209,1,327,0,0,0,327
07/07/2023,ADS,TX,ASW,CE,Towers with Radar,0,32,70,0,102,0,79,103,0,182,0,111,173,0,284,1,0,1,285
07/08/2023,ADS,TX,ASW,CE,Towers with Radar,0,27,69,0,96,0,76,139,0,215,0,103,208,0,311,0,0,0,311
07/09/2023,ADS,TX,ASW,CE,Towers with Radar,0,33,84,0,117,0,64,86,0,150,0,97,170,0,267,0,0,0,267
07/10/2023,ADS,TX,ASW,CE,Towers with Radar,0,30,110,0,140,0,50,82,0,132,0,80,192,0,272,0,0,0,272
07/11/2023,ADS,TX,ASW,CE,Towers with Radar,0,41,77,1,119,0,67,101,0,168,0,108,178,1,287,2,0,2,289
07/12/2023,ADS,TX,ASW,CE,Towers with Radar,0,45,105,0,150,0,115,163,0,278,0,160,268,0,428,6,0,6,434
07/13/2023,ADS,TX,ASW,CE,Towers with Radar,0,45,78,0,123,0,86,140,0,226,0,131,218,0,349,0,0,0,349
07/14/2023,ADS,TX,ASW,CE,Towers with Radar,0,40,79,1,120,0,82,124,0,206,0,122,203,1,326,1,0,1,327
07/15/2023,ADS,TX,ASW,CE,Towers with Radar,0,33,67,0,100,0,69,124,0,193,0,102,191,0,293,4,0,4,297
07/16/2023,ADS,TX,ASW,CE,Towers with Radar,0,38,68,1,107,0,62,78,0,140,0,100,146,1,247,0,0,0,247
07/17/2023,ADS,TX,ASW,CE,Towers with Radar,0,35,70,0,105,0,102,161,0,263,0,137,231,0,368,6,0,6,374
07/18/2023,ADS,TX,ASW,CE,Towers with Radar,0,35,94,0,129,0,90,131,0,221,0,125,225,0,350,6,0,6,356
07/19/2023,ADS,TX,ASW,CE,Towers with Radar,0,33,117,0,150,0,108,141,0,249,0,141,258,0,399,0,0,0,399
07/20/2023,ADS,TX,ASW,CE,Towers with Radar,0,39,114,2,155,0,93,169,1,263,0,132,283,3,418,2,0,2,420
07/21/2023,ADS,TX,ASW,CE,Towers with Radar,0,27,96,0,123,0,90,156,0,246,0,117,252,0,369,4,0,4,373
07/22/2023,ADS,TX,ASW,CE,Towers with Radar,0,21,61,0,82,0,80,175,0,255,0,101,236,0,337,23,0,23,360
07/23/2023,ADS,TX,ASW,CE,Towers with Radar,0,29,91,0,120,0,86,167,0,253,0,115,258,0,373,13,0,13,386
07/24/2023,ADS,TX,ASW,CE,Towers with Radar,0,27,84,0,111,0,95,122,0,217,0,122,206,0,328,8,0,8,336
07/25/2023,ADS,TX,ASW,CE,Towers with Radar,0,30,86,4,120,0,44,118,0,162,0,74,204,4,282,7,0,7,289
07/26/2023,ADS,TX,ASW,CE,Towers with Radar,0,28,89,1,118,0,90,115,1,206,0,118,204,2,324,12,0,12,336
07/27/2023,ADS,TX,ASW,CE,Towers with Radar,1,34,90,0,125,0,84,120,0,204,1,118,210,0,329,2,0,2,331
07/28/2023,ADS,TX,ASW,CE,Towers with Radar,0,31,97,0,128,0,93,134,0,227,0,124,231,0,355,2,0,2,357
07/29/2023,ADS,TX,ASW,CE,Towers with Radar,0,21,52,0,73,0,101,148,0,249,0,122,200,0,322,0,0,0,322
07/30/2023,ADS,TX,ASW,CE,Towers with Radar,0,34,84,0,118,0,90,162,0,252,0,124,246,0,370,0,0,0,370
07/31/2023,ADS,TX,ASW,CE,Towers with Radar,0,34,69,0,103,0,113,129,0,242,0,147,198,0,345,8,0,8,353
08/01/2023,ADS,TX,ASW,CE,Towers with Radar,0,19,84,0,103,0,115,123,1,239,0,134,207,1,342,0,0,0,342
08/02/2023,ADS,TX,ASW,CE,Towers with Radar,0,39,103,0,142,0,94,137,0,231,0,133,240,0,373,0,0,0,373
08/03/2023,ADS,TX,ASW,CE,Towers with Radar,0,40,87,2,129,0,115,143,1,259,0,155,230,3,388,5,0,5,393
08/04/2023,ADS,TX,ASW,CE,Towers with Radar,0,35,88,0,123,0,111,136,0,247,0,146,224,0,370,12,0,12,382
08/05/2023,ADS,TX,ASW,CE,Towers with Radar,0,30,56,0,86,0,103,155,0,258,0,133,211,0,344,0,0,0,344
08/06/2023,ADS,TX,ASW,CE,Towers with Radar,0,24,71,0,95,0,98,143,0,241,0,122,214,0,336,0,0,0,336
08/07/2023,ADS,TX,ASW,CE,Towers with Radar,0,37,77,0,114,0,115,134,1,250,0,152,211,1,364,0,0,0,364
08/08/2023,ADS,TX,ASW,CE,Towers with Radar,0,45,78,0,123,0,97,124,0,221,0,142,202,0,344,0,0,0,344
08/09/2023,ADS,TX,ASW,CE,Towers with Radar,0,45,80,0,125,0,57,91,0,148,0,102,171,0,273,0,0,0,273
08/10/2023,ADS,TX,ASW,CE,Towers with Radar,0,34,97,0,131,0,105,148,0,253,0,139,245,0,384,0,0,0,384
08/11/2023,ADS,TX,ASW,CE,Towers with Radar,0,41,110,1,152,0,90,155,0,245,0,131,265,1,397,1,0,1,398
08/12/2023,ADS,TX,ASW,CE,Towers with Radar,0,28,73,1,102,0,81,132,0,213,0,109,205,1,315,0,0,0,315
08/13/2023,ADS,TX,ASW,CE,Towers with Radar,0,40,100,0,140,0,66,147,0,213,0,106,247,0,353,0,0,0,353
08/14/2023,ADS,TX,ASW,CE,Towers with Radar,0,23,96,0,119,0,91,141,1,233,0,114,237,1,352,14,0,14,366
08/15/2023,ADS,TX,ASW,CE,Towers with Radar,0,43,94,0,137,0,99,152,0,251,0,142,246,0,388,16,0,16,404
08/16/2023,ADS,TX,ASW,CE,Towers with Radar,0,31,89,0,120,0,91,138,0,229,0,122,227,0,349,3,0,3,352
08/17/2023,ADS,TX,ASW,CE,Towers with Radar,0,33,102,0,135,0,103,135,0,238,0,136,237,0,373,11,0,11,384
08/18/2023,ADS,TX,ASW,CE,Towers with Radar,0,20,89,0,109,0,95,168,0,263,0,115,257,0,372,6,0,6,378
08/19/2023,ADS,TX,ASW,CE,Towers with Radar,0,33,56,0,89,0,82,141,0,223,0,115,197,0,312,2,0,2,314
08/20/2023,ADS,TX,ASW,CE,Towers with Radar,0,29,69,0,98,0,85,138,0,223,0,114,207,0,321,4,0,4,325
08/21/2023,ADS,TX,ASW,CE,Towers with Radar,0,39,80,0,119,0,87,125,0,212,0,126,205,0,331,0,0,0,331
08/22/2023,ADS,TX,ASW,CE,Towers with Radar,0,30,78,0,108,0,98,126,0,224,0,128,204,0,332,0,0,0,332
08/23/2023,ADS,TX,ASW,CE,Towers with Radar,0,38,98,0,136,0,114,110,0,224,0,152,208,0,360,7,0,7,367
08/24/2023,ADS,TX,ASW,CE,Towers with Radar,0,39,99,1,139,0,98,116,0,214,0,137,215,1,353,0,0,0,353
08/25/2023,ADS,TX,ASW,CE,Towers with Radar,0,32,85,2,119,0,97,147,0,244,0,129,232,2,363,0,0,0,363
08/26/2023,ADS,TX,ASW,CE,Towers with Radar,0,25,45,0,70,0,85,136,0,221,0,110,181,0,291,0,0,0,291
08/27/2023,ADS,TX,ASW,CE,Towers with Radar,0,28,77,0,105,0,80,115,0,195,0,108,192,0,300,2,0,2,302
08/28/2023,ADS,TX,ASW,CE,Towers with Radar,0,37,100,0,137,0,101,128,0,229,0,138,228,0,366,0,0,0,366
08/29/2023,ADS,TX,ASW,CE,Towers with Radar,0,46,68,0,114,0,104,143,0,247,0,150,211,0,361,4,0,4,365
08/30/2023,ADS,TX,ASW,CE,Towers with Radar,0,46,99,2,147,1,104,144,0,249,1,150,243,2,396,0,0,0,396
08/31/2023,ADS,TX,ASW,CE,Towers with Radar,0,35,105,0,140,0,134,171,1,306,0,169,276,1,446,8,0,8,454
01/01/2020,ADS,TX,ASW,CE,Towers with Radar,0,13,55,0,68,0,0,80,3,83,0,13,135,3,151,10,0,10,161
01/02/2020,ADS,TX,ASW,CE,Towers with Radar,0,10,82,0,92,0,4,218,0,222,0,14,300,0,314,4,0,4,318
01/03/2020,ADS,TX,ASW,CE,Towers with Radar,0,8,83,0,91,0,2,148,0,150,0,10,231,0,241,10,0,10,251
01/04/2020,ADS,TX,ASW,CE,Towers with Radar,0,14,69,2,85,0,0,298,1,299,0,14,367,3,384,7,0,7,391
01/05/2020,ADS,TX,ASW,CE,Towers with Radar,1,10,81,0,92,0,0,246,0,246,1,10,327,0,338,14,0,14,352
01/06/2020,ADS,TX,ASW,CE,Towers with Radar,0,15,77,0,92,0,1,275,1,277,0,16,352,1,369,3,0,3,372
01/07/2020,ADS,TX,ASW,CE,Towers with Radar,0,15,91,0,106,0,5,309,4,318,0,20,400,4,424,24,0,24,448
01/08/2020,ADS,TX,ASW,CE,Towers with Radar,0,16,69,0,85,0,3,268,0,271,0,19,337,0,356,19,0,19,375
01/09/2020,ADS,TX,ASW,CE,Towers with Radar,0,29,121,0,150,0,0,9,0,9,0,29,130,0,159,2,0,2,161
01/10/2020,ADS,TX,ASW,CE,Towers with Radar,1,19,52,0,72,0,0,3,0,3,1,19,55,0,75,0,0,0,75
01/11/2020,ADS,TX,ASW,CE,Towers with Radar,0,24,56,0,80,0,0,80,1,81,0,24,136,1,161,5,0,5,166
01/12/2020,ADS,TX,ASW,CE,Towers with Radar,0,18,101,0,119,0,0,266,1,267,0,18,367,1,386,5,0,5,391
01/13/2020,ADS,TX,ASW,CE,Towers with Radar,0,12,108,2,122,0,0,12,0,12,0,12,120,2,134,0,0,0,134
01/14/2020,ADS,TX,ASW,CE,Towers with Radar,0,18,123,0,141,0,2,168,0,170,0,20,291,0,311,43,0,43,354
01/15/2020,ADS,TX,ASW,CE,Towers with Radar,0,21,131,0,152,0,1,106,0,107,0,22,237,0,259,30,0,30,289
01/16/2020,ADS,TX,ASW,CE,Towers with Radar,0,22,72,1,95,0,0,0,0,0,0,22,72,1,95,0,0,0,95
01/17/2020,ADS,TX,ASW,CE,Towers with Radar,0,10,94,1,105,0,0,0,0,0,0,10,94,1,105,0,0,0,105
01/18/2020,ADS,TX,ASW,CE,Towers with Radar,0,9,70,0,79,0,1,268,0,269,0,10,338,0,348,18,0,18,366
01/19/2020,ADS,TX,ASW,CE,Towers with Radar,0,18,88,0,106,0,0,360,0,360,0,18,448,0,466,18,0,18,484
01/20/2020,ADS,TX,ASW,CE,Towers with Radar,1,18,93,0,112,0,8,312,1,321,1,26,405,1,433,6,0,6,439
01/21/2020,ADS,TX,ASW,CE,Towers with Radar,1,12,104,0,117,0,4,328,1,333,1,16,432,1,450,2,0,2,452
01/22/2020,ADS,TX,ASW,CE,Towers with Radar,2,20,67,0,89,0,0,1,0,1,2,20,68,0,90,0,0,0,90
01/23/2020,ADS,TX,ASW,CE,Towers with Radar,1,27,105,0,133,0,4,134,2,140,1,31,239,2,273,1,0,1,274
01/24/2020,ADS,TX,ASW,CE,Towers with Radar,0,26,103,0,129,0,4,296,0,300,0,30,399,0,429,31,0,31,460
01/25/2020,ADS,TX,ASW,CE,Towers with Radar,0,12,85,0,97,0,2,241,0,243,0,14,326,0,340,13,0,13,353
01/26/2020,ADS,TX,ASW,CE,Towers with Radar,0,14,144,0,158,0,0,88,0,88,0,14,232,0,246,2,0,2,248
01/27/2020,ADS,TX,ASW,CE,Towers with Radar,1,24,84,0,109,0,1,164,3,168,1,25,248,3,277,64,0,64,341
01/28/2020,ADS,TX,ASW,CE,Towers with Radar,0,14,81,0,95,0,0,9,0,9,0,14,90,0,104,6,0,6,110
01/29/2020,ADS,TX,ASW,CE,Towers with Radar,0,24,124,9,157,0,1,26,0,27,0,25,150,9,184,48,0,48,232
01/30/2020,ADS,TX,ASW,CE,Towers with Radar,1,24,123,0,148,0,2,6,2,10,1,26,129,2,158,7,0,7,165
01/31/2020,ADS,TX,ASW,CE,Towers with Radar,0,19,93,0,112,0,5,307,1,313,0,24,400,1,425,23,0,23,448
02/01/2020,ADS,TX,ASW,CE,Towers with Radar,1,7,55,0,63,0,1,309,1,311,1,8,364,1,374,8,0,8,382
02/02/2020,ADS,TX,ASW,CE,Towers with Radar,0,23,73,0,96,0,0,291,0,291,0,23,364,0,387,0,0,0,387
02/03/2020,ADS,TX,ASW,CE,Towers with Radar,0,20,104,0,124,0,3,159,2,164,0,23,263,2,288,1,0,1,289
02/04/2020,ADS,TX,ASW,CE,Towers with Radar,0,23,114,0,137,0,0,23,1,24,0,23,137,1,161,0,0,0,161
02/05/2020,ADS,TX,ASW,CE,Towers with Radar,0,13,56,0,69,0,0,1,0,1,0,13,57,0,70,0,0,0,70
02/06/2020,ADS,TX,ASW,CE,Towers with Radar,0,21,108,2,131,0,7,306,1,314,0,28,414,3,445,15,0,15,460
02/07/2020,ADS,TX,ASW,CE,Towers with Radar,1,17,122,0,140,0,8,406,0,414,1,25,528,0,554,7,0,7,561
02/08/2020,ADS,TX,ASW,CE,Towers with Radar,1,8,77,0,86,0,3,378,0,381,1,11,455,0,467,16,0,16,483
02/09/2020,ADS,TX,ASW,CE,Towers with Radar,0,15,77,0,92,0,0,0,0,0,0,15,77,0,92,0,0,0,92
02/10/2020,ADS,TX,ASW,CE,Towers with Radar,0,11,100,0,111,0,0,37,0,37,0,11,137,0,148,58,0,58,206
02/11/2020,ADS,TX,ASW,CE,Towers with Radar,0,20,70,0,90,0,0,1,0,1,0,20,71,0,91,0,0,0,91
02/12/2020,ADS,TX,ASW,CE,Towers with Radar,0,28,134,0,162,0,1,11,0,12,0,29,145,0,174,0,0,0,174
02/13/2020,ADS,TX,ASW,CE,Towers with Radar,0,41,140,1,182,0,12,274,0,286,0,53,414,1,468,62,0,62,530
02/14/2020,ADS,TX,ASW,CE,Towers with Radar,1,17,113,0,131,0,3,395,2,400,1,20,508,2,531,2,0,2,533
02/15/2020,ADS,TX,ASW,CE,Towers with Radar,1,10,54,0,65,0,4,280,0,284,1,14,334,0,349,9,0,9,358
02/16/2020,ADS,TX,ASW,CE,Towers with Radar,0,16,92,0,108,0,1,282,0,283,0,17,374,0,391,13,0,13,404
02/17/2020,ADS,TX,ASW,CE,Towers with Radar,0,13,155,0,168,0,8,164,2,174,0,21,319,2,342,16,0,16,358
02/18/2020,ADS,TX,ASW,CE,Towers with Radar,1,20,109,0,130,0,1,80,0,81,1,21,189,0,211,2,0,2,213
02/19/2020,ADS,TX,ASW,CE,Towers with Radar,0,29,119,0,148,0,1,83,1,85,0,30,202,1,233,7,0,7,240
02/20/2020,ADS,TX,ASW,CE,Towers with Radar,0,10,119,2,131,0,2,141,4,147,0,12,260,6,278,12,0,12,290
02/21/2020,ADS,TX,ASW,CE,Towers with Radar,0,13,95,0,108,0,4,361,0,365,0,17,456,0,473,2,0,2,475
02/22/2020,ADS,TX,ASW,CE,Towers with Radar,0,9,81,0,90,0,1,289,0,290,0,10,370,0,380,0,0,0,380
02/23/2020,ADS,TX,ASW,CE,Towers with Radar,0,21,92,0,113,0,0,30,0,30,0,21,122,0,143,0,0,0,143
02/24/2020,ADS,TX,ASW,CE,Towers with Radar,3,20,70,0,93,0,2,110,0,112,3,22,180,0,205,12,0,12,217
02/25/2020,ADS,TX,ASW,CE,Towers with Radar,2,26,103,0,131,0,2,292,1,295,2,28,395,1,426,6,0,6,432
02/26/2020,ADS,TX,ASW,CE,Towers with Radar,0,22,105,0,127,0,2,101,0,103,0,24,206,0,230,0,0,0,230
02/27/2020,ADS,TX,ASW,CE,Towers with Radar,2,19,116,0,137,0,4,351,0,355,2,23,467,0,492,16,0,16,508
02/28/2020,ADS,TX,ASW,CE,Towers with Radar,3,15,95,0,113,0,3,335,0,338,3,18,430,0,451,5,0,5,456
02/29/2020,ADS,TX,ASW,CE,Towers with Radar,4,15,68,0,87,0,3,285,0,288,4,18,353,0,375,2,0,2,377
03/01/2020,ADS,TX,ASW,CE,Towers with Radar,2,10,78,0,90,0,0,38,4,42,2,10,116,4,132,2,0,2,134
03/02/2020,ADS,TX,ASW,CE,Towers with Radar,0,18,98,0,116,0,2,157,0,159,0,20,255,0,275,26,0,26,301
03/03/2020,ADS,TX,ASW,CE,Towers with Radar,1,18,98,0,117,0,1,202,0,203,1,19,300,0,320,19,0,19,339
03/04/2020,ADS,TX,ASW,CE,Towers with Radar,0,22,69,0,91,0,0,6,0,6,0,22,75,0,97,0,0,0,97
03/05/2020,ADS,TX,ASW,CE,Towers with Radar,0,17,95,0,112,0,7,378,0,385,0,24,473,0,497,30,0,30,527
03/06/2020,ADS,TX,ASW,CE,Towers with Radar,0,16,94,0,110,0,6,359,0,365,0,22,453,0,475,12,0,12,487
03/07/2020,ADS,TX,ASW,CE,Towers with Radar,1,14,61,0,76,0,0,340,0,340,1,14,401,0,416,13,0,13,429
03/08/2020,ADS,TX,ASW,CE,Towers with Radar,0,22,86,0,108,0,0,121,0,121,0,22,207,0,229,16,0,16,245
03/09/2020,ADS,TX,ASW,CE,Towers with Radar,0,22,112,0,134,0,2,30,0,32,0,24,142,0,166,8,0,8,174
03/10/2020,ADS,TX,ASW,CE,Towers with Radar,0,23,126,0,149,0,3,412,0,415,0,26,538,0,564,1,0,1,565
03/11/2020,ADS,TX,ASW,CE,Towers with Radar,1,19,109,0,129,0,5,238,0,243,1,24,347,0,372,20,0,20,392
03/12/2020,ADS,TX,ASW,CE,Towers with Radar,0,19,155,0,174,0,3,187,0,190,0,22,342,0,364,1,0,1,365
03/13/2020,ADS,TX,ASW,CE,Towers with Radar,1,17,66,0,84,0,0,0,0,0,1,17,66,0,84,0,0,0,84
03/14/2020,ADS,TX,ASW,CE,Towers with Radar,0,14,70,0,84,0,0,1,0,1,0,14,71,0,85,0,0,0,85
03/15/2020,ADS,TX,ASW,CE,Towers with Radar,0,10,67,0,77,0,0,0,0,0,0,10,67,0,77,0,0,0,77
03/16/2020,ADS,TX,ASW,CE,Towers with Radar,1,15,97,0,113,0,0,26,0,26,1,15,123,0,139,44,0,44,183
03/17/2020,ADS,TX,ASW,CE,Towers with Radar,0,21,51,0,72,0,0,0,0,0,0,21,51,0,72,0,0,0,72
03/18/2020,ADS,TX,ASW,CE,Towers with Radar,0,6,85,0,91,0,1,108,0,109,0,7,193,0,200,45,0,45,245
03/19/2020,ADS,TX,ASW,CE,Towers with Radar,0,10,35,0,45,0,0,33,0,33,0,10,68,0,78,21,0,21,99
03/20/2020,ADS,TX,ASW,CE,Towers with Radar,1,18,104,1,124,0,2,138,0,140,1,20,242,1,264,31,0,31,295
03/21/2020,ADS,TX,ASW,CE,Towers with Radar,0,12,111,0,123,0,1,88,0,89,0,13,199,0,212,8,0,8,220
03/22/2020,ADS,TX,ASW,CE,Towers with Radar,0,10,63,0,73,0,0,1,0,1,0,10,64,0,74,0,0,0,74
03/23/2020,ADS,TX,ASW,CE,Towers with Radar,0,11,63,0,74,0,0,0,0,0,0,11,63,0,74,0,0,0,74
03/24/2020,ADS,TX,ASW,CE,Towers with Radar,0,13,24,0,37,0,29,117,0,146,0,42,141,0,183,3,0,3,186
03/25/2020,ADS,TX,ASW,CE,Towers with Radar,0,4,37,0,41,0,16,228,0,244,0,20,265,0,285,4,0,4,289
03/26/2020,ADS,TX,ASW,CE,Towers with Radar,0,7,23,0,30,0,46,206,2,254,0,53,229,2,284,8,0,8,292
03/27/2020,ADS,TX,ASW,CE,Towers with Radar,1,9,41,0,51,0,5,74,0,79,1,14,115,0,130,0,0,0,130
03/28/2020,ADS,TX,ASW,CE,Towers with Radar,0,3,10,0,13,0,12,93,0,105,0,15,103,0,118,2,0,2,120
03/29/2020,ADS,TX,ASW,CE,Towers with Radar,0,2,26,0,28,0,60,200,0,260,0,62,226,0,288,0,0,0,288
03/30/2020,ADS,TX,ASW,CE,Towers with Radar,0,4,10,0,14,0,14,33,0,47,0,18,43,0,61,0,0,0,61
03/31/2020,ADS,TX,ASW,CE,Towers with Radar,0,10,41,0,51,0,36,139,0,175,0,46,180,0,226,0,0,0,226
04/01/2020,ADS,TX,ASW,CE,Towers with Radar,0,7,34,0,41,0,81,189,0,270,0,88,223,0,311,0,0,0,311
04/02/2020,ADS,TX,ASW,CE,Towers with Radar,0,11,55,0,66,0,10,69,0,79,0,21,124,0,145,0,0,0,145
04/03/2020,ADS,TX,ASW,CE,Towers with Radar,0,12,59,0,71,0,0,0,0,0,0,12,59,0,71,0,0,0,71
04/04/2020,ADS,TX,ASW,CE,Towers with Radar,0,14,21,0,35,0,0,0,0,0,0,14,21,0,35,0,0,0,35
04/05/2020,ADS,TX,ASW,CE,Towers with Radar,0,11,46,0,57,1,0,5,0,6,1,11,51,0,63,0,0,0,63
04/06/2020,ADS,TX,ASW,CE,Towers with Radar,0,13,49,0,62,0,49,79,0,128,0,62,128,0,190,0,0,0,190
04/07/2020,ADS,TX,ASW,CE,Towers with Radar,0,12,42,0,54,0,44,219,0,263,0,56,261,0,317,3,0,3,320
04/08/2020,ADS,TX,ASW,CE,Towers with Radar,0,8,19,0,27,0,28,257,0,285,0,36,276,0,312,6,0,6,318
04/09/2020,ADS,TX,ASW,CE,Towers with Radar,0,11,22,2,35,0,34,168,0,202,0,45,190,2,237,2,0,2,239
04/10/2020,ADS,TX,ASW,CE,Towers with Radar,0,9,21,0,30,0,39,257,0,296,0,48,278,0,326,6,0,6,332
04/11/2020,ADS,TX,ASW,CE,Towers with Radar,2,3,14,0,19,0,3,22,0,25,2,6,36,0,44,0,0,0,44
04/12/2020,ADS,TX,ASW,CE,Towers with Radar,0,5,11,0,16,0,7,65,2,74,0,12,76,2,90,4,0,4,94
04/13/2020,ADS,TX,ASW,CE,Towers with Radar,0,16,23,0,39,0,74,172,1,247,0,90,195,1,286,4,0,4,290
04/14/2020,ADS,TX,ASW,CE,Towers with Radar,0,10,52,0,62,0,69,136,0,205,0,79,188,0,267,2,0,2,269
04/15/2020,ADS,TX,ASW,CE,Towers with Radar,0,7,45,1,53,0,88,259,0,347,0,95,304,1,400,12,0,12,412
04/16/2020,ADS,TX,ASW,CE,Towers with Radar,0,15,38,0,53,0,77,169,2,248,0,92,207,2,301,2,0,2,303
04/17/2020,ADS,TX,ASW,CE,Towers with Radar,0,8,65,0,73,0,15,62,0,77,0,23,127,0,150,3,0,3,153
04/18/2020,ADS,TX,ASW,CE,Towers with Radar,0,4,30,2,36,0,32,171,0,203,0,36,201,2,239,0,0,0,239
04/19/2020,ADS,TX,ASW,CE,Towers with Radar,0,3,37,0,40,0,7,49,0,56,0,10,86,0,96,0,0,0,96
04/20/2020,ADS,TX,ASW,CE,Towers with Radar,0,11,58,0,69,0,22,103,0,125,0,33,161,0,194,5,0,5,199
04/21/2020,ADS,TX,ASW,CE,Towers with Radar,0,7,50,0,57,0,36,229,0,265,0,43,279,0,322,4,0,4,326
04/22/2020,ADS,TX,ASW,CE,Towers with Radar,0,2,23,0,25,0,2,8,0,10,0,4,31,0,35,0,0,0,35
04/23/2020,ADS,TX,ASW,CE,Towers with Radar,0,8,53,0,61,0,38,303,1,342,0,46,356,1,403,0,0,0,403
04/24/2020,ADS,TX,ASW,CE,Towers with Radar,0,5,42,0,47,0,22,190,0,212,0,27,232,0,259,0,0,0,259
04/25/2020,ADS,TX,ASW,CE,Towers with Radar,0,7,25,0,32,0,42,222,0,264,0,49,247,0,296,0,0,0,296
04/26/2020,ADS,TX,ASW,CE,Towers with Radar,0,9,37,0,46,0,35,266,1,302,0,44,303,1,348,0,0,0,348
04/27/2020,ADS,TX,ASW,CE,Towers with Radar,0,9,32,0,41,0,10,108,0,118,0,19,140,0,159,0,0,0,159
04/28/2020,ADS,TX,ASW,CE,Towers with Radar,0,11,33,0,44,0,20,102,0,122,0,31,135,0,166,4,0,4,170
04/29/2020,ADS,TX,ASW,CE,Towers with Radar,0,7,37,0,44,0,41,135,1,177,0,48,172,1,221,10,0,10,231
04/30/2020,ADS,TX,ASW,CE,Towers with Radar,0,5,51,0,56,0,92,327,0,419,0,97,378,0,475,0,0,0,475
05/01/2020,ADS,TX,ASW,CE,Towers with Radar,0,10,54,0,64,0,38,156,1,195,0,48,210,1,259,6,0,6,265
05/02/2020,ADS,TX,ASW,CE,Towers with Radar,0,5,33,0,38,0,15,100,0,115,0,20,133,0,153,2,0,2,155
05/03/2020,ADS,TX,ASW,CE,Towers with Radar,0,5,43,0,48,0,20,220,0,240,0,25,263,0,288,2,0,2,290
05/04/2020,ADS,TX,ASW,CE,Towers with Radar,0,11,63,0,74,0,19,182,0,201,0,30,245,0,275,0,0,0,275
05/05/2020,ADS,TX,ASW,CE,Towers with Radar,0,9,53,2,64,0,10,173,0,183,0,19,226,2,247,15,0,15,262
05/06/2020,ADS,TX,ASW,CE,Towers with Radar,0,22,67,0,89,0,49,356,0,405,0,71,423,0,494,7,0,7,501
05/07/2020,ADS,TX,ASW,CE,Towers with Radar,0,8,61,0,69,0,28,192,0,220,0,36,253,0,289,14,0,14,303
05/08/2020,ADS,TX,ASW,CE,Towers with Radar,0,16,57,0,73,0,2,34,0,36,0,18,91,0,109,0,0,0,109
05/09/2020,ADS,TX,ASW,CE,Towers with Radar,0,9,41,0,50,0,43,294,0,337,0,52,335,0,387,0,0,0,387
05/10/2020,ADS,TX,ASW,CE,Towers with Radar,0,7,45,0,52,0,40,284,0,324,0,47,329,0,376,0,0,0,376
05/11/2020,ADS,TX,ASW,CE,Towers with Radar,0,11,48,0,59,0,34,257,0,291,0,45,305,0,350,0,0,0,350
05/12/2020,ADS,TX,ASW,CE,Towers with Radar,0,15,55,0,70,0,1,13,0,14,0,16,68,0,84,4,0,4,88
05/13/2020,ADS,TX,ASW,CE,Towers with Radar,0,15,91,0,106,0,19,111,0,130,0,34,202,0,236,6,0,6,242
05/14/2020,ADS,TX,ASW,CE,Towers with Radar,0,31,90,0,121,0,49,155,4,208,0,80,245,4,329,0,0,0,329
05/15/2020,ADS,TX,ASW,CE,Towers with Radar,0,21,76,0,97,0,22,63,0,85,0,43,139,0,182,0,0,0,182
05/16/2020,ADS,TX,ASW,CE,Towers with Radar,1,14,13,0,28,0,0,1,0,1,1,14,14,0,29,0,0,0,29
05/17/2020,ADS,TX,ASW,CE,Towers with Radar,0,2,53,0,55,0,62,212,2,276,0,64,265,2,331,2,0,2,333
05/18/2020,ADS,TX,ASW,CE,Towers with Radar,0,8,60,0,68,0,40,386,0,426,0,48,446,0,494,12,0,12,506
05/19/2020,ADS,TX,ASW,CE,Towers with Radar,0,18,60,0,78,0,59,313,0,372,0,77,373,0,450,5,0,5,455
05/20/2020,ADS,TX,ASW,CE,Towers with Radar,0,22,121,2,145,0,11,85,1,97,0,33,206,3,242,0,0,0,242
05/21/2020,ADS,TX,ASW,CE,Towers with Radar,1,20,100,3,124,0,8,99,0,107,1,28,199,3,231,19,0,19,250
05/22/2020,ADS,TX,ASW,CE,Towers with Radar,0,21,71,0,92,0,24,199,2,225,0,45,270,2,317,25,0,25,342
05/23/2020,ADS,TX,ASW,CE,Towers with Radar,0,8,37,0,45,0,26,154,1,181,0,34,191,1,226,0,0,0,226
05/24/2020,ADS,TX,ASW,CE,Towers with Radar,0,8,32,0,40,0,6,25,0,31,0,14,57,0,71,0,0,0,71
05/25/2020,ADS,TX,ASW,CE,Towers with Radar,0,7,54,0,61,0,0,2,0,2,0,7,56,0,63,0,0,0,63
05/26/2020,ADS,TX,ASW,CE,Towers with Radar,0,22,94,0,116,0,32,187,0,219,0,54,281,0,335,0,0,0,335
05/27/2020,ADS,TX,ASW,CE,Towers with Radar,0,27,54,0,81,0,46,300,0,346,0,73,354,0,427,7,0,7,434
05/28/2020,ADS,TX,ASW,CE,Towers with Radar,0,19,71,0,90,0,104,263,0,367,0,123,334,0,457,6,0,6,463
05/29/2020,ADS,TX,ASW,CE,Towers with Radar,1,12,57,2,72,0,85,279,0,364,1,97,336,2,436,3,0,3,439
05/30/2020,ADS,TX,ASW,CE,Towers with Radar,0,12,56,0,68,0,64,311,0,375,0,76,367,0,443,2,0,2,445
05/31/2020,ADS,TX,ASW,CE,Towers with Radar,0,13,71,1,85,0,75,206,0,281,0,88,277,1,366,0,0,0,366
06/01/2020,ADS,TX,ASW,CE,Towers with Radar,0,22,55,0,77,0,83,228,1,312,0,105,283,1,389,11,0,11,400
06/02/2020,ADS,TX,ASW,CE,Towers with Radar,0,13,61,0,74,0,45,238,0,283,0,58,299,0,357,0,0,0,357
06/03/2020,ADS,TX,ASW,CE,Towers with Radar,0,22,63,0,85,0,40,299,0,339,0,62,362,0,424,6,0,6,430
06/04/2020,ADS,TX,ASW,CE,Towers with Radar,0,33,86,0,119,0,40,242,0,282,0,73,328,0,401,3,0,3,404
06/05/2020,ADS,TX,ASW,CE,Towers with Radar,0,14,71,1,86,0,45,278,0,323,0,59,349,1,409,3,0,3,412
06/06/2020,ADS,TX,ASW,CE,Towers with Radar,0,10,60,0,70,0,41,252,1,294,0,51,312,1,364,2,0,2,366
06/07/2020,ADS,TX,ASW,CE,Towers with Radar,0,19,72,0,91,0,27,244,0,271,0,46,316,0,362,6,0,6,368
06/08/2020,ADS,TX,ASW,CE,Towers with Radar,0,26,73,0,99,0,41,262,0,303,0,67,335,0,402,4,0,4,406
06/09/2020,ADS,TX,ASW,CE,Towers with Radar,0,12,67,0,79,0,3,95,1,99,0,15,162,1,178,0,0,0,178
06/10/2020,ADS,TX,ASW,CE,Towers with Radar,0,23,73,0,96,0,16,224,0,240,0,39,297,0,336,27,0,27,363
06/11/2020,ADS,TX,ASW,CE,Towers with Radar,0,18,65,0,83,0,26,193,0,219,0,44,258,0,302,0,0,0,302
06/12/2020,ADS,TX,ASW,CE,Towers with Radar,0,34,80,0,114,0,90,269,0,359,0,124,349,0,473,9,0,9,482
06/13/2020,ADS,TX,ASW,CE,Towers with Radar,0,27,48,0,75,0,76,250,0,326,0,103,298,0,401,0,0,0,401
06/14/2020,ADS,TX,ASW,CE,Towers with Radar,0,15,59,0,74,0,61,193,0,254,0,76,252,0,328,0,0,0,328
06/15/2020,ADS,TX,ASW,CE,Towers with Radar,0,23,68,0,91,0,75,208,0,283,0,98,276,0,374,2,0,2,376
06/16/2020,ADS,TX,ASW,CE,Towers with Radar,0,15,99,0,114,0,65,245,0,310,0,80,344,0,424,6,0,6,430
06/17/2020,ADS,TX,ASW,CE,Towers with Radar,0,22,98,0,120,0,22,299,0,321,0,44,397,0,441,6,0,6,447
06/18/2020,ADS,TX,ASW,CE,Towers with Radar,0,27,89,0,116,0,30,260,2,292,0,57,349,2,408,8,0,8,416
06/19/2020,ADS,TX,ASW,CE,Towers with Radar,0,25,94,0,119,0,24,180,0,204,0,49,274,0,323,31,0,31,354
06/20/2020,ADS,TX,ASW,CE,Towers with Radar,0,21,78,0,99,0,20,153,1,174,0,41,231,1,273,4,0,4,277
06/21/2020,ADS,TX,ASW,CE,Towers with Radar,0,21,63,0,84,0,12,77,0,89,0,33,140,0,173,2,0,2,175
06/22/2020,ADS,TX,ASW,CE,Towers with Radar,0,18,59,0,77,0,68,146,0,214,0,86,205,0,291,4,0,4,295
06/23/2020,ADS,TX,ASW,CE,Towers with Radar,1,27,72,1,101,0,6,24,0,30,1,33,96,1,131,30,0,30,161
06/24/2020,ADS,TX,ASW,CE,Towers with Radar,1,25,107,0,133,0,86,263,0,349,1,111,370,0,482,16,0,16,498
06/25/2020,ADS,TX,ASW,CE,Towers with Radar,0,34,103,2,139,0,65,155,0,220,0,99,258,2,359,11,0,11,370
06/26/2020,ADS,TX,ASW,CE,Towers with Radar,0,16,92,0,108,0,14,107,0,121,0,30,199,0,229,7,0,7,236
06/27/2020,ADS,TX,ASW,CE,Towers with Radar,0,21,66,0,87,0,11,93,3,107,0,32,159,3,194,0,0,0,194
06/28/2020,ADS,TX,ASW,CE,Towers with Radar,0,30,74,0,104,0,0,20,1,21,0,30,94,1,125,0,0,0,125
06/29/2020,ADS,TX,ASW,CE,Towers with Radar,0,21,76,0,97,0,2,70,0,72,0,23,146,0,169,0,0,0,169
06/30/2020,ADS,TX,ASW,CE,Towers with Radar,0,21,102,0,123,0,21,121,0,142,0,42,223,0,265,1,0,1,266
07/01/2020,ADS,TX,ASW,CE,Towers with Radar,0,24,99,2,125,0,21,192,2,215,0,45,291,4,340,3,0,3,343
07/02/2020,ADS,TX,ASW,CE,Towers with Radar,0,27,119,0,146,0,42,128,0,170,0,69,247,0,316,1,0,1,317
07/03/2020,ADS,TX,ASW,CE,Towers with Radar,0,25,72,0,97,0,90,287,0,377,0,115,359,0,474,0,0,0,474
07/04/2020,ADS,TX,ASW,CE,Towers with Radar,0,7,17,0,24,0,69,135,0,204,0,76,152,0,228,0,0,0,228
07/05/2020,ADS,TX,ASW,CE,Towers with Radar,0,22,74,0,96,0,31,139,0,170,0,53,213,0,266,8,0,8,274
07/06/2020,ADS,TX,ASW,CE,Towers with Radar,0,26,75,0,101,0,14,30,0,44,0,40,105,0,145,0,0,0,145
07/07/2020,ADS,TX,ASW,CE,Towers with Radar,0,30,60,0,90,0,14,93,0,107,0,44,153,0,197,5,0,5,202
07/08/2020,ADS,TX,ASW,CE,Towers with Radar,0,24,97,0,121,0,39,250,2,291,0,63,347,2,412,3,0,3,415
07/09/2020,ADS,TX,ASW,CE,Towers with Radar,0,33,94,0,127,0,33,244,0,277,0,66,338,0,404,20,0,20,424
07/10/2020,ADS,TX,ASW,CE,Towers with Radar,0,29,73,0,102,0,49,265,0,314,0,78,338,0,416,0,0,0,416
07/11/2020,ADS,TX,ASW,CE,Towers with Radar,1,17,51,0,69,0,39,253,0,292,1,56,304,0,361,0,0,0,361
07/12/2020,ADS,TX,ASW,CE,Towers with Radar,0,19,66,0,85,0,64,175,0,239,0,83,241,0,324,0,0,0,324
07/13/2020,ADS,TX,ASW,CE,Towers with Radar,0,21,61,1,83,0,85,168,0,253,0,106,229,1,336,0,0,0,336
07/14/2020,ADS,TX,ASW,CE,Towers with Radar,0,30,78,0,108,0,71,191,0,262,0,101,269,0,370,2,0,2,372
07/15/2020,ADS,TX,ASW,CE,Towers with Radar,0,22,80,1,103,0,50,168,1,219,0,72,248,2,322,10,0,10,332
07/16/2020,ADS,TX,ASW,CE,Towers with Radar,1,19,89,0,109,0,97,238,0,335,1,116,327,0,444,1,0,1,445
07/17/2020,ADS,TX,ASW,CE,Towers with Radar,0,30,63,2,95,0,34,266,2,302,0,64,329,4,397,0,0,0,397
07/18/2020,ADS,TX,ASW,CE,Towers with Radar,0,20,54,0,74,0,39,236,0,275,0,59,290,0,349,0,0,0,349
07/19/2020,ADS,TX,ASW,CE,Towers with Radar,0,22,77,0,99,0,32,242,0,274,0,54,319,0,373,0,0,0,373
07/20/2020,ADS,TX,ASW,CE,Towers with Radar,0,22,77,0,99,0,37,269,0,306,0,59,346,0,405,6,0,6,411
07/21/2020,ADS,TX,ASW,CE,Towers with Radar,0,27,92,0,119,0,16,111,1,128,0,43,203,1,247,0,0,0,247
07/22/2020,ADS,TX,ASW,CE,Towers with Radar,0,32,123,0,155,0,33,64,0,97,0,65,187,0,252,0,0,0,252
07/23/2020,ADS,TX,ASW,CE,Towers with Radar,1,44,102,0,147,0,66,189,0,255,1,110,291,0,402,4,0,4,406
07/24/2020,ADS,TX,ASW,CE,Towers with Radar,0,21,81,0,102,0,63,228,2,293,0,84,309,2,395,2,0,2,397
07/25/2020,ADS,TX,ASW,CE,Towers with Radar,0,19,63,0,82,0,40,114,0,154,0,59,177,0,236,16,0,16,252
07/26/2020,ADS,TX,ASW,CE,Towers with Radar,0,34,95,0,129,0,35,103,1,139,0,69,198,1,268,6,0,6,274
07/27/2020,ADS,TX,ASW,CE,Towers with Radar,0,31,116,0,147,0,29,161,1,191,0,60,277,1,338,1,0,1,339
07/28/2020,ADS,TX,ASW,CE,Towers with Radar,0,20,68,0,88,0,14,57,0,71,0,34,125,0,159,3,0,3,162
07/29/2020,ADS,TX,ASW,CE,Towers with Radar,0,24,77,0,101,0,39,230,0,269,0,63,307,0,370,0,0,0,370
07/30/2020,ADS,TX,ASW,CE,Towers with Radar,0,20,108,1,129,0,39,235,0,274,0,59,343,1,403,0,0,0,403
07/31/2020,ADS,TX,ASW,CE,Towers with Radar,2,28,109,0,139,0,27,175,0,202,2,55,284,0,341,14,0,14,355
08/01/2020,ADS,TX,ASW,CE,Towers with Radar,0,17,68,0,85,0,84,210,0,294,0,101,278,0,379,0,0,0,379
08/02/2020,ADS,TX,ASW,CE,Towers with Radar,0,22,64,0,86,0,68,198,0,266,0,90,262,0,352,2,0,2,354
08/03/2020,ADS,TX,ASW,CE,Towers with Radar,0,18,76,0,94,0,74,209,0,283,0,92,285,0,377,54,0,54,431
08/04/2020,ADS,TX,ASW,CE,Towers with Radar,0,17,91,0,108,0,80,284,0,364,0,97,375,0,472,0,0,0,472
08/05/2020,ADS,TX,ASW,CE,Towers with Radar,0,25,69,0,94,0,50,152,0,202,0,75,221,0,296,0,0,0,296
08/06/2020,ADS,TX,ASW,CE,Towers with Radar,1,22,78,0,101,0,37,232,0,269,1,59,310,0,370,2,0,2,372
08/07/2020,ADS,TX,ASW,CE,Towers with Radar,0,25,86,0,111,0,25,246,0,271,0,50,332,0,382,2,0,2,384
08/08/2020,ADS,TX,ASW,CE,Towers with Radar,0,18,55,0,73,0,20,208,0,228,0,38,263,0,301,0,0,0,301
08/09/2020,ADS,TX,ASW,CE,Towers with Radar,0,24,72,0,96,0,28,206,0,234,0,52,278,0,330,0,0,0,330
08/10/2020,ADS,TX,ASW,CE,Towers with Radar,0,35,63,0,98,0,23,223,0,246,0,58,286,0,344,2,0,2,346
08/11/2020,ADS,TX,ASW,CE,Towers with Radar,0,23,73,0,96,0,60,218,0,278,0,83,291,0,374,20,0,20,394
08/12/2020,ADS,TX,ASW,CE,Towers with Radar,0,27,91,1,119,0,63,201,3,267,0,90,292,4,386,7,0,7,393
08/13/2020,ADS,TX,ASW,CE,Towers with Radar,0,27,76,0,103,0,64,216,1,281,0,91,292,1,384,8,0,8,392
08/14/2020,ADS,TX,ASW,CE,Towers with Radar,0,27,82,0,109,0,38,167,0,205,0,65,249,0,314,0,0,0,314
08/15/2020,ADS,TX,ASW,CE,Towers with Radar,2,18,57,0,77,0,58,163,0,221,2,76,220,0,298,12,0,12,310
08/16/2020,ADS,TX,ASW,CE,Towers with Radar,0,25,71,0,96,0,21,170,0,191,0,46,241,0,287,0,0,0,287
08/17/2020,ADS,TX,ASW,CE,Towers with Radar,0,34,86,0,120,0,39,256,0,295,0,73,342,0,415,10,0,10,425
08/18/2020,ADS,TX,ASW,CE,Towers with Radar,1,22,82,1,106,0,47,229,0,276,1,69,311,1,382,9,0,9,391
08/19/2020,ADS,TX,ASW,CE,Towers with Radar,0,23,78,2,103,0,44,248,0,292,0,67,326,2,395,42,0,42,437
08/20/2020,ADS,TX,ASW,CE,Towers with Radar,0,34,75,0,109,0,46,264,0,310,0,80,339,0,419,10,0,10,429
08/21/2020,ADS,TX,ASW,CE,Towers with Radar,0,21,100,0,121,0,63,231,0,294,0,84,331,0,415,0,0,0,415
08/22/2020,ADS,TX,ASW,CE,Towers with Radar,0,17,60,0,77,0,65,183,0,248,0,82,243,0,325,0,0,0,325
08/23/2020,ADS,TX,ASW,CE,Towers with Radar,0,34,56,2,92,0,66,155,0,221,0,100,211,2,313,4,0,4,317
08/24/2020,ADS,TX,ASW,CE,Towers with Radar,0,23,77,0,100,0,61,185,0,246,0,84,262,0,346,6,0,6,352
08/25/2020,ADS,TX,ASW,CE,Towers with Radar,0,24,71,0,95,0,82,213,0,295,0,106,284,0,390,6,0,6,396
08/26/2020,ADS,TX,ASW,CE,Towers with Radar,0,25,54,0,79,0,13,93,0,106,0,38,147,0,185,4,0,4,189
08/27/2020,ADS,TX,ASW,CE,Towers with Radar,0,25,93,0,118,0,34,142,0,176,0,59,235,0,294,2,0,2,296
08/28/2020,ADS,TX,ASW,CE,Towers with Radar,0,31,80,0,111,0,45,264,0,309,0,76,344,0,420,15,0,15,435
08/29/2020,ADS,TX,ASW,CE,Towers with Radar,0,12,41,0,53,0,33,208,1,242,0,45,249,1,295,0,0,0,295
08/30/2020,ADS,TX,ASW,CE,Towers with Radar,0,16,68,1,85,0,15,134,0,149,0,31,202,1,234,14,0,14,248
08/31/2020,ADS,TX,ASW,CE,Towers with Radar,0,20,65,2,87,0,64,157,0,221,0,84,222,2,308,0,0,0,308
09/01/2020,ADS,TX,ASW,CE,Towers with Radar,0,22,48,0,70,0,4,20,0,24,0,26,68,0,94,19,0,19,113
09/02/2020,ADS,TX,ASW,CE,Towers with Radar,0,18,67,0,85,0,13,28,0,41,0,31,95,0,126,0,0,0,126
09/03/2020,ADS,TX,ASW,CE,Towers with Radar,1,33,104,1,139,0,13,55,0,68,1,46,159,1,207,1,0,1,208
09/04/2020,ADS,TX,ASW,CE,Towers with Radar,0,39,89,0,128,0,35,82,2,119,0,74,171,2,247,0,0,0,247
09/05/2020,ADS,TX,ASW,CE,Towers with Radar,0,11,35,0,46,0,38,216,0,254,0,49,251,0,300,6,0,6,306
09/06/2020,ADS,TX,ASW,CE,Towers with Radar,0,23,63,0,86,0,43,201,0,244,0,66,264,0,330,1,0,1,331
09/07/2020,ADS,TX,ASW,CE,Towers with Radar,0,23,77,1,101,0,68,171,0,239,0,91,248,1,340,0,0,0,340
09/08/2020,ADS,TX,ASW,CE,Towers with Radar,0,32,88,1,121,0,50,108,2,160,0,82,196,3,281,33,0,33,314
09/09/2020,ADS,TX,ASW,CE,Towers with Radar,0,38,61,2,101,0,21,34,0,55,0,59,95,2,156,5,0,5,161
09/10/2020,ADS,TX,ASW,CE,Towers with Radar,1,48,130,0,179,0,1,10,1,12,1,49,140,1,191,6,0,6,197
09/11/2020,ADS,TX,ASW,CE,Towers with Radar,2,41,105,0,148,0,58,171,1,230,2,99,276,1,378,14,0,14,392
09/12/2020,ADS,TX,ASW,CE,Towers with Radar,2,25,54,0,81,0,84,211,1,296,2,109,265,1,377,0,0,0,377
09/13/2020,ADS,TX,ASW,CE,Towers with Radar,1,29,66,0,96,0,77,193,1,271,1,106,259,1,367,2,0,2,369
09/14/2020,ADS,TX,ASW,CE,Towers with Radar,2,34,92,0,128,0,82,182,0,264,2,116,274,0,392,14,0,14,406
09/15/2020,ADS,TX,ASW,CE,Towers with Radar,1,34,87,0,122,0,95,200,0,295,1,129,287,0,417,24,0,24,441
09/16/2020,ADS,TX,ASW,CE,Towers with Radar,0,24,87,0,111,0,83,151,0,234,0,107,238,0,345,0,0,0,345
09/17/2020,ADS,TX,ASW,CE,Towers with Radar,1,35,84,1,121,0,80,144,1,225,1,115,228,2,346,10,0,10,356
09/18/2020,ADS,TX,ASW,CE,Towers with Radar,2,27,91,1,121,0,63,225,1,289,2,90,316,2,410,12,0,12,422
09/19/2020,ADS,TX,ASW,CE,Towers with Radar,0,20,57,0,77,0,62,238,2,302,0,82,295,2,379,0,0,0,379
09/20/2020,ADS,TX,ASW,CE,Towers with Radar,0,23,78,0,101,0,71,198,2,271,0,94,276,2,372,22,0,22,394
09/21/2020,ADS,TX,ASW,CE,Towers with Radar,1,40,82,0,123,0,20,75,0,95,1,60,157,0,218,0,0,0,218
09/22/2020,ADS,TX,ASW,CE,Towers with Radar,0,31,84,0,115,0,0,0,0,0,0,31,84,0,115,0,0,0,115
09/23/2020,ADS,TX,ASW,CE,Towers with Radar,0,43,103,0,146,0,7,32,0,39,0,50,135,0,185,0,0,0,185
09/24/2020,ADS,TX,ASW,CE,Towers with Radar,1,44,131,0,176,0,48,149,0,197,1,92,280,0,373,71,0,71,444
09/25/2020,ADS,TX,ASW,CE,Towers with Radar,1,29,110,0,140,0,72,233,2,307,1,101,343,2,447,7,0,7,454
09/26/2020,ADS,TX,ASW,CE,Towers with Radar,0,29,66,0,95,0,60,173,0,233,0,89,239,0,328,57,0,57,385
09/27/2020,ADS,TX,ASW,CE,Towers with Radar,0,26,84,0,110,0,4,52,0,56,0,30,136,0,166,6,0,6,172
09/28/2020,ADS,TX,ASW,CE,Towers with Radar,0,17,53,0,70,0,47,132,0,179,0,64,185,0,249,3,0,3,252
09/29/2020,ADS,TX,ASW,CE,Towers with Radar,0,26,91,1,118,0,108,253,0,361,0,134,344,1,479,7,0,7,486
09/30/2020,ADS,TX,ASW,CE,Towers with Radar,2,46,81,0,129,0,86,229,0,315,2,132,310,0,444,3,0,3,447
10/01/2020,ADS,TX,ASW,CE,Towers with Radar,1,28,86,2,117,0,66,191,1,258,1,94,277,3,375,3,0,3,378
10/02/2020,ADS,TX,ASW,CE,Towers with Radar,0,15,78,0,93,0,82,220,0,302,0,97,298,0,395,7,0,7,402
10/03/2020,ADS,TX,ASW,CE,Towers with Radar,1,18,65,1,85,0,73,203,3,279,1,91,268,4,364,24,0,24,388
10/04/2020,ADS,TX,ASW,CE,Towers with Radar,1,23,68,1,93,0,72,179,1,252,1,95,247,2,345,0,0,0,345
10/05/2020,ADS,TX,ASW,CE,Towers with Radar,0,25,75,0,100,0,75,217,0,292,0,100,292,0,392,0,0,0,392
10/06/2020,ADS,TX,ASW,CE,Towers with Radar,0,21,86,2,109,0,74,241,3,318,0,95,327,5,427,15,0,15,442
10/07/2020,ADS,TX,ASW,CE,Towers with Radar,0,26,97,3,126,0,65,206,1,272,0,91,303,4,398,27,0,27,425
10/08/2020,ADS,TX,ASW,CE,Towers with Radar,0,36,96,0,132,0,86,197,0,283,0,122,293,0,415,4,0,4,419
10/09/2020,ADS,TX,ASW,CE,Towers with Radar,0,29,105,1,135,0,29,94,2,125,0,58,199,3,260,31,0,31,291
10/10/2020,ADS,TX,ASW,CE,Towers with Radar,0,14,54,0,68,0,56,168,1,225,0,70,222,1,293,4,0,4,297
10/11/2020,ADS,TX,ASW,CE,Towers with Radar,0,7,73,1,81,0,57,203,0,260,0,64,276,1,341,0,0,0,341
10/12/2020,ADS,TX,ASW,CE,Towers with Radar,0,29,82,0,111,0,38,100,1,139,0,67,182,1,250,24,0,24,274
10/13/2020,ADS,TX,ASW,CE,Towers with Radar,0,29,83,1,113,0,92,279,1,372,0,121,362,2,485,0,0,0,485
10/14/2020,ADS,TX,ASW,CE,Towers with Radar,1,34,79,0,114,0,71,180,0,251,1,105,259,0,365,0,0,0,365
10/15/2020,ADS,TX,ASW,CE,Towers with Radar,0,31,127,0,158,0,13,44,0,57,0,44,171,0,215,4,0,4,219
10/16/2020,ADS,TX,ASW,CE,Towers with Radar,1,28,117,0,146,0,84,221,0,305,1,112,338,0,451,13,0,13,464
10/17/2020,ADS,TX,ASW,CE,Towers with Radar,0,19,68,0,87,0,39,135,0,174,0,58,203,0,261,34,0,34,295
10/18/2020,ADS,TX,ASW,CE,Towers with Radar,0,33,100,0,133,0,23,80,0,103,0,56,180,0,236,34,0,34,270
10/19/2020,ADS,TX,ASW,CE,Towers with Radar,0,33,128,0,161,0,7,30,2,39,0,40,158,2,200,27,0,27,227
10/20/2020,ADS,TX,ASW,CE,Towers with Radar,0,30,116,2,148,0,71,127,0,198,0,101,243,2,346,6,0,6,352
10/21/2020,ADS,TX,ASW,CE,Towers with Radar,0,40,137,3,180,0,70,121,0,191,0,110,258,3,371,12,0,12,383
10/22/2020,ADS,TX,ASW,CE,Towers with Radar,1,27,129,0,157,0,56,124,2,182,1,83,253,2,339,10,0,10,349
10/23/2020,ADS,TX,ASW,CE,Towers with Radar,1,23,81,2,107,0,0,8,0,8,1,23,89,2,115,0,0,0,115
10/24/2020,ADS,TX,ASW,CE,Towers with Radar,0,26,73,0,99,0,88,215,0,303,0,114,288,0,402,0,0,0,402
10/25/2020,ADS,TX,ASW,CE,Towers with Radar,1,25,130,0,156,0,0,2,0,2,1,25,132,0,158,0,0,0,158
10/26/2020,ADS,TX,ASW,CE,Towers with Radar,0,20,51,0,71,0,0,0,0,0,0,20,51,0,71,0,0,0,71
10/27/2020,ADS,TX,ASW,CE,Towers with Radar,0,15,55,0,70,0,0,0,0,0,0,15,55,0,70,0,0,0,70
10/28/2020,ADS,TX,ASW,CE,Towers with Radar,0,24,57,0,81,0,0,0,0,0,0,24,57,0,81,0,0,0,81
10/29/2020,ADS,TX,ASW,CE,Towers with Radar,1,27,110,0,138,0,25,67,0,92,1,52,177,0,230,0,0,0,230
10/30/2020,ADS,TX,ASW,CE,Towers with Radar,0,25,100,0,125,0,99,336,1,436,0,124,436,1,561,4,0,4,565
10/31/2020,ADS,TX,ASW,CE,Towers with Radar,0,18,68,0,86,0,89,247,1,337,0,107,315,1,423,0,0,0,423
11/01/2020,ADS,TX,ASW,CE,Towers with Radar,0,24,74,0,98,0,75,179,0,254,0,99,253,0,352,5,0,5,357
11/02/2020,ADS,TX,ASW,CE,Towers with Radar,1,25,84,2,112,0,78,228,0,306,1,103,312,2,418,2,0,2,420
11/03/2020,ADS,TX,ASW,CE,Towers with Radar,1,29,70,0,100,0,90,208,0,298,1,119,278,0,398,4,0,4,402
11/04/2020,ADS,TX,ASW,CE,Towers with Radar,1,22,83,0,106,0,77,186,0,263,1,99,269,0,369,0,0,0,369
11/05/2020,ADS,TX,ASW,CE,Towers with Radar,0,38,102,0,140,0,41,114,0,155,0,79,216,0,295,9,0,9,304
11/06/2020,ADS,TX,ASW,CE,Towers with Radar,1,28,85,0,114,0,63,155,0,218,1,91,240,0,332,13,0,13,345
11/07/2020,ADS,TX,ASW,CE,Towers with Radar,0,15,56,0,71,0,69,260,0,329,0,84,316,0,400,3,0,3,403
11/08/2020,ADS,TX,ASW,CE,Towers with Radar,0,32,89,0,121,0,34,53,0,87,0,66,142,0,208,0,0,0,208
11/09/2020,ADS,TX,ASW,CE,Towers with Radar,0,35,85,0,120,0,57,79,0,136,0,92,164,0,256,4,0,4,260
11/10/2020,ADS,TX,ASW,CE,Towers with Radar,0,29,81,0,110,0,74,177,0,251,0,103,258,0,361,2,0,2,363
11/11/2020,ADS,TX,ASW,CE,Towers with Radar,0,28,92,3,123,0,81,240,1,322,0,109,332,4,445,4,0,4,449
11/12/2020,ADS,TX,ASW,CE,Towers with Radar,0,24,88,0,112,0,78,188,2,268,0,102,276,2,380,4,0,4,384
11/13/2020,ADS,TX,ASW,CE,Towers with Radar,0,24,100,0,124,0,68,161,3,232,0,92,261,3,356,0,10,10,366
11/14/2020,ADS,TX,ASW,CE,Towers with Radar,0,20,63,0,83,0,2,33,1,36,0,22,96,1,119,7,0,7,126
11/15/2020,ADS,TX,ASW,CE,Towers with Radar,1,22,74,0,97,0,76,202,0,278,1,98,276,0,375,3,0,3,378
11/16/2020,ADS,TX,ASW,CE,Towers with Radar,0,26,70,0,96,0,85,199,0,284,0,111,269,0,380,2,0,2,382
11/17/2020,ADS,TX,ASW,CE,Towers with Radar,0,23,94,0,117,0,104,220,0,324,0,127,314,0,441,12,0,12,453
11/18/2020,ADS,TX,ASW,CE,Towers with Radar,0,30,83,0,113,0,61,187,0,248,0,91,270,0,361,23,0,23,384
11/19/2020,ADS,TX,ASW,CE,Towers with Radar,0,34,103,0,137,0,8,90,1,99,0,42,193,1,236,0,0,0,236
11/20/2020,ADS,TX,ASW,CE,Towers with Radar,1,41,125,0,167,0,16,102,0,118,1,57,227,0,285,12,0,12,297
11/21/2020,ADS,TX,ASW,CE,Towers with Radar,0,15,86,0,101,0,42,101,0,143,0,57,187,0,244,6,0,6,250
11/22/2020,ADS,TX,ASW,CE,Towers with Radar,0,23,93,1,117,0,4,10,0,14,0,27,103,1,131,6,0,6,137
11/23/2020,ADS,TX,ASW,CE,Towers with Radar,2,35,106,0,143,0,39,88,2,129,2,74,194,2,272,22,0,22,294
11/24/2020,ADS,TX,ASW,CE,Towers with Radar,0,26,73,0,99,0,0,11,0,11,0,26,84,0,110,3,0,3,113
11/25/2020,ADS,TX,ASW,CE,Towers with Radar,0,23,67,0,90,0,80,239,0,319,0,103,306,0,409,5,0,5,414
11/26/2020,ADS,TX,ASW,CE,Towers with Radar,0,7,14,0,21,0,14,89,0,103,0,21,103,0,124,7,0,7,131
11/27/2020,ADS,TX,ASW,CE,Towers with Radar,0,24,57,0,81,0,44,93,0,137,0,68,150,0,218,0,0,0,218
11/28/2020,ADS,TX,ASW,CE,Towers with Radar,0,24,62,1,87,0,35,41,0,76,0,59,103,1,163,0,0,0,163
11/29/2020,ADS,TX,ASW,CE,Towers with Radar,0,31,105,0,136,0,20,44,0,64,0,51,149,0,200,17,0,17,217
11/30/2020,ADS,TX,ASW,CE,Towers with Radar,0,21,70,1,92,0,58,183,3,244,0,79,253,4,336,2,0,2,338
12/01/2020,ADS,TX,ASW,CE,Towers with Radar,0,26,83,0,109,0,56,151,0,207,0,82,234,0,316,7,0,7,323
12/02/2020,ADS,TX,ASW,CE,Towers with Radar,0,36,106,0,142,0,18,33,1,52,0,54,139,1,194,0,0,0,194
12/03/2020,ADS,TX,ASW,CE,Towers with Radar,0,33,80,0,113,0,30,37,0,67,0,63,117,0,180,78,0,78,258
12/04/2020,ADS,TX,ASW,CE,Towers with Radar,0,29,96,0,125,0,75,255,0,330,0,104,351,0,455,6,0,6,461
12/05/2020,ADS,TX,ASW,CE,Towers with Radar,0,12,63,0,75,0,74,212,1,287,0,86,275,1,362,3,0,3,365
12/06/2020,ADS,TX,ASW,CE,Towers with Radar,0,17,66,0,83,0,59,185,0,244,0,76,251,0,327,6,0,6,333
12/07/2020,ADS,TX,ASW,CE,Towers with Radar,0,19,70,0,89,0,78,200,0,278,0,97,270,0,367,3,0,3,370
12/08/2020,ADS,TX,ASW,CE,Towers with Radar,0,17,77,0,94,0,83,225,0,308,0,100,302,0,402,0,0,0,402
12/09/2020,ADS,TX,ASW,CE,Towers with Radar,1,30,68,0,99,0,83,227,0,310,1,113,295,0,409,0,0,0,409
12/10/2020,ADS,TX,ASW,CE,Towers with Radar,0,37,89,3,129,0,96,209,2,307,0,133,298,5,436,0,0,0,436
12/11/2020,ADS,TX,ASW,CE,Towers with Radar,0,21,52,0,73,0,10,33,1,44,0,31,85,1,117,0,0,0,117
12/12/2020,ADS,TX,ASW,CE,Towers with Radar,0,16,46,2,64,0,77,220,5,302,0,93,266,7,366,8,0,8,374
12/13/2020,ADS,TX,ASW,CE,Towers with Radar,0,18,48,0,66,0,0,0,0,0,0,18,48,0,66,0,0,0,66
12/14/2020,ADS,TX,ASW,CE,Towers with Radar,0,34,62,0,96,0,81,204,0,285,0,115,266,0,381,11,0,11,392
12/15/2020,ADS,TX,ASW,CE,Towers with Radar,0,26,49,0,75,0,0,0,0,0,0,26,49,0,75,0,0,0,75
12/16/2020,ADS,TX,ASW,CE,Towers with Radar,0,23,120,0,143,0,56,86,0,142,0,79,206,0,285,35,0,35,320
12/17/2020,ADS,TX,ASW,CE,Towers with Radar,0,27,101,0,128,0,80,236,0,316,0,107,337,0,444,6,0,6,450
12/18/2020,ADS,TX,ASW,CE,Towers with Radar,0,24,113,0,137,0,47,143,0,190,0,71,256,0,327,8,0,8,335
12/19/2020,ADS,TX,ASW,CE,Towers with Radar,0,35,76,0,111,0,15,52,0,67,0,50,128,0,178,0,0,0,178
12/20/2020,ADS,TX,ASW,CE,Towers with Radar,0,23,71,0,94,0,79,229,0,308,0,102,300,0,402,0,0,0,402
12/21/2020,ADS,TX,ASW,CE,Towers with Radar,1,22,69,0,92,0,73,199,0,272,1,95,268,0,364,7,0,7,371
12/22/2020,ADS,TX,ASW,CE,Towers with Radar,0,30,94,0,124,0,58,155,0,213,0,88,249,0,337,0,0,0,337
12/23/2020,ADS,TX,ASW,CE,Towers with Radar,0,28,86,1,115,0,7,63,0,70,0,35,149,1,185,5,0,5,190
12/24/2020,ADS,TX,ASW,CE,Towers with Radar,0,15,19,0,34,0,25,83,0,108,0,40,102,0,142,8,0,8,150
12/25/2020,ADS,TX,ASW,CE,Towers with Radar,0,14,29,0,43,0,12,39,0,51,0,26,68,0,94,18,0,18,112
12/26/2020,ADS,TX,ASW,CE,Towers with Radar,0,19,84,0,103,0,44,181,0,225,0,63,265,0,328,0,0,0,328
12/27/2020,ADS,TX,ASW,CE,Towers with Radar,0,27,83,0,110,0,32,114,1,147,0,59,197,1,257,22,0,22,279
12/28/2020,ADS,TX,ASW,CE,Towers with Radar,2,34,78,0,114,0,60,103,0,163,2,94,181,0,277,30,0,30,307
12/29/2020,ADS,TX,ASW,CE,Towers with Radar,0,30,69,1,100,0,21,23,0,44,0,51,92,1,144,0,0,0,144
12/30/2020,ADS,TX,ASW,CE,Towers with Radar,0,15,48,0,63,0,0,1,0,1,0,15,49,0,64,0,0,0,64
12/31/2020,ADS,TX,ASW,CE,Towers with Radar,0,9,16,0,25,0,0,0,0,0,0,9,16,0,25,0,0,0,25
01/01/2021,ADS,TX,ASW,CE,Towers with Radar,0,12,30,0,42,0,3,8,0,11,0,15,38,0,53,8,0,8,61
01/02/2021,ADS,TX,ASW,CE,Towers with Radar,0,28,72,0,100,0,82,212,2,296,0,110,284,2,396,0,0,0,396
01/03/2021,ADS,TX,ASW,CE,Towers with Radar,1,14,87,0,102,0,71,184,1,256,1,85,271,1,358,5,0,5,363
01/04/2021,ADS,TX,ASW,CE,Towers with Radar,0,24,64,2,90,0,83,165,0,248,0,107,229,2,338,11,0,11,349
01/05/2021,ADS,TX,ASW,CE,Towers with Radar,1,24,61,0,86,0,72,168,0,240,1,96,229,0,326,22,0,22,348
01/06/2021,ADS,TX,ASW,CE,Towers with Radar,0,23,63,0,86,0,1,21,0,22,0,24,84,0,108,2,0,2,110
01/07/2021,ADS,TX,ASW,CE,Towers with Radar,0,36,62,0,98,0,43,113,1,157,0,79,175,1,255,49,0,49,304
01/08/2021,ADS,TX,ASW,CE,Towers with Radar,0,16,77,0,93,0,65,140,0,205,0,81,217,0,298,4,0,4,302
01/09/2021,ADS,TX,ASW,CE,Towers with Radar,1,24,57,0,82,0,92,202,0,294,1,116,259,0,376,0,0,0,376
01/10/2021,ADS,TX,ASW,CE,Towers with Radar,0,3,26,0,29,0,1,0,0,1,0,4,26,0,30,0,0,0,30
01/11/2021,ADS,TX,ASW,CE,Towers with Radar,1,22,65,0,88,0,66,143,0,209,1,88,208,0,297,0,0,0,297
01/12/2021,ADS,TX,ASW,CE,Towers with Radar,0,29,67,0,96,0,91,224,6,321,0,120,291,6,417,0,0,0,417
01/13/2021,ADS,TX,ASW,CE,Towers with Radar,0,37,77,0,114,0,72,210,0,282,0,109,287,0,396,13,0,13,409
01/14/2021,ADS,TX,ASW,CE,Towers with Radar,0,19,87,2,108,0,12,68,0,80,0,31,155,2,188,4,0,4,192
01/15/2021,ADS,TX,ASW,CE,Towers with Radar,0,23,50,0,73,0,4,34,2,40,0,27,84,2,113,0,0,0,113
01/16/2021,ADS,TX,ASW,CE,Towers with Radar,2,20,40,0,62,0,77,216,2,295,2,97,256,2,357,11,0,11,368
01/17/2021,ADS,TX,ASW,CE,Towers with Radar,0,16,57,1,74,0,74,162,1,237,0,90,219,2,311,4,0,4,315
01/18/2021,ADS,TX,ASW,CE,Towers with Radar,0,18,86,0,104,0,54,158,1,213,0,72,244,1,317,0,0,0,317
01/19/2021,ADS,TX,ASW,CE,Towers with Radar,0,12,56,0,68,0,47,65,0,112,0,59,121,0,180,2,0,2,182
01/20/2021,ADS,TX,ASW,CE,Towers with Radar,0,20,90,1,111,0,20,11,0,31,0,40,101,1,142,0,0,0,142
01/21/2021,ADS,TX,ASW,CE,Towers with Radar,2,30,87,2,121,0,57,97,0,154,2,87,184,2,275,2,0,2,277
01/22/2021,ADS,TX,ASW,CE,Towers with Radar,2,32,97,1,132,0,1,0,0,1,2,33,97,1,133,0,0,0,133
01/23/2021,ADS,TX,ASW,CE,Towers with Radar,2,15,72,0,89,0,0,1,0,1,2,15,73,0,90,0,0,0,90
01/24/2021,ADS,TX,ASW,CE,Towers with Radar,0,8,27,0,35,0,0,0,0,0,0,8,27,0,35,0,0,0,35
01/25/2021,ADS,TX,ASW,CE,Towers with Radar,0,28,59,0,87,1,39,154,0,194,1,67,213,0,281,15,0,15,296
01/26/2021,ADS,TX,ASW,CE,Towers with Radar,0,20,69,0,89,0,133,256,0,389,0,153,325,0,478,5,0,5,483
01/27/2021,ADS,TX,ASW,CE,Towers with Radar,1,25,67,0,93,1,83,206,1,291,2,108,273,1,384,5,0,5,389
01/28/2021,ADS,TX,ASW,CE,Towers with Radar,0,26,104,0,130,0,82,225,0,307,0,108,329,0,437,0,0,0,437
01/29/2021,ADS,TX,ASW,CE,Towers with Radar,0,29,79,0,108,0,53,183,0,236,0,82,262,0,344,0,0,0,344
01/30/2021,ADS,TX,ASW,CE,Towers with Radar,0,13,21,2,36,0,0,2,0,2,0,13,23,2,38,0,0,0,38
01/31/2021,ADS,TX,ASW,CE,Towers with Radar,0,21,65,0,86,0,19,88,0,107,0,40,153,0,193,0,0,0,193
02/01/2021,ADS,TX,ASW,CE,Towers with Radar,0,30,71,0,101,0,90,194,1,285,0,120,265,1,386,6,0,6,392
02/02/2021,ADS,TX,ASW,CE,Towers with Radar,0,27,87,0,114,0,109,220,0,329,0,136,307,0,443,14,0,14,457
02/03/2021,ADS,TX,ASW,CE,Towers with Radar,0,24,77,0,101,0,57,182,0,239,0,81,259,0,340,8,0,8,348
02/04/2021,ADS,TX,ASW,CE,Towers with Radar,0,21,90,0,111,0,10,86,0,96,0,31,176,0,207,11,0,11,218
02/05/2021,ADS,TX,ASW,CE,Towers with Radar,0,27,78,0,105,0,70,224,0,294,0,97,302,0,399,15,0,15,414
02/06/2021,ADS,TX,ASW,CE,Towers with Radar,0,17,83,0,100,0,20,60,0,80,0,37,143,0,180,6,0,6,186
02/07/2021,ADS,TX,ASW,CE,Towers with Radar,0,11,86,0,97,0,40,115,0,155,0,51,201,0,252,4,0,4,256
02/08/2021,ADS,TX,ASW,CE,Towers with Radar,0,28,81,0,109,0,16,27,0,43,0,44,108,0,152,0,0,0,152
02/09/2021,ADS,TX,ASW,CE,Towers with Radar,0,25,74,2,101,0,0,0,0,0,0,25,74,2,101,0,0,0,101
02/10/2021,ADS,TX,ASW,CE,Towers with Radar,0,16,40,0,56,0,0,0,0,0,0,16,40,0,56,0,0,0,56
02/11/2021,ADS,TX,ASW,CE,Towers with Radar,0,24,53,0,77,0,0,4,0,4,0,24,57,0,81,0,0,0,81
02/12/2021,ADS,TX,ASW,CE,Towers with Radar,0,25,52,0,77,0,1,23,0,24,0,26,75,0,101,18,0,18,119
02/13/2021,ADS,TX,ASW,CE,Towers with Radar,0,18,20,0,38,0,17,40,0,57,0,35,60,0,95,6,0,6,101
02/14/2021,ADS,TX,ASW,CE,Towers with Radar,0,0,5,0,5,0,0,0,0,0,0,0,5,0,5,0,0,0,5
02/15/2021,ADS,TX,ASW,CE,Towers with Radar,0,4,16,0,20,0,1,2,0,3,0,5,18,0,23,0,0,0,23
02/16/2021,ADS,TX,ASW,CE,Towers with Radar,0,14,30,0,44,0,0,8,0,8,0,14,38,0,52,0,0,0,52
02/17/2021,ADS,TX,ASW,CE,Towers with Radar,0,3,12,0,15,0,0,2,0,2,0,3,14,0,17,0,0,0,17
02/18/2021,ADS,TX,ASW,CE,Towers with Radar,0,5,31,0,36,0,4,13,0,17,0,9,44,0,53,0,0,0,53
02/19/2021,ADS,TX,ASW,CE,Towers with Radar,0,18,43,0,61,0,57,63,1,121,0,75,106,1,182,16,0,16,198
02/20/2021,ADS,TX,ASW,CE,Towers with Radar,1,16,53,0,70,0,81,179,0,260,1,97,232,0,330,5,0,5,335
02/21/2021,ADS,TX,ASW,CE,Towers with Radar,1,29,75,0,105,0,15,65,1,81,1,44,140,1,186,0,0,0,186
02/22/2021,ADS,TX,ASW,CE,Towers with Radar,0,34,53,0,87,0,83,218,1,302,0,117,271,1,389,17,0,17,406
02/23/2021,ADS,TX,ASW,CE,Towers with Radar,0,30,64,0,94,0,73,199,0,272,0,103,263,0,366,30,0,30,396
02/24/2021,ADS,TX,ASW,CE,Towers with Radar,1,26,90,0,117,0,45,226,0,271,1,71,316,0,388,10,0,10,398
02/25/2021,ADS,TX,ASW,CE,Towers with Radar,0,35,109,0,144,0,41,93,0,134,0,76,202,0,278,0,0,0,278
02/26/2021,ADS,TX,ASW,CE,Towers with Radar,0,39,136,0,175,0,0,16,0,16,0,39,152,0,191,0,0,0,191
02/27/2021,ADS,TX,ASW,CE,Towers with Radar,0,11,43,0,54,0,0,3,0,3,0,11,46,0,57,0,0,0,57
02/28/2021,ADS,TX,ASW,CE,Towers with Radar,0,17,67,0,84,0,0,10,0,10,0,17,77,0,94,4,0,4,98
03/01/2021,ADS,TX,ASW,CE,Towers with Radar,0,23,75,0,98,0,44,81,0,125,0,67,156,0,223,0,0,0,223
03/02/2021,ADS,TX,ASW,CE,Towers with Radar,0,32,96,4,132,0,92,214,0,306,0,124,310,4,438,2,0,2,440
03/03/2021,ADS,TX,ASW,CE,Towers with Radar,0,42,70,0,112,0,90,231,0,321,0,132,301,0,433,0,0,0,433
03/04/2021,ADS,TX,ASW,CE,Towers with Radar,0,32,84,1,117,0,74,223,0,297,0,106,307,1,414,0,0,0,414
03/05/2021,ADS,TX,ASW,CE,Towers with Radar,0,27,121,0,148,0,35,96,0,131,0,62,217,0,279,4,0,4,283
03/06/2021,ADS,TX,ASW,CE,Towers with Radar,1,26,65,0,92,0,70,196,0,266,1,96,261,0,358,12,0,12,370
03/07/2021,ADS,TX,ASW,CE,Towers with Radar,1,31,74,1,107,0,74,192,0,266,1,105,266,1,373,9,0,9,382
03/08/2021,ADS,TX,ASW,CE,Towers with Radar,0,21,74,0,95,0,62,182,2,246,0,83,256,2,341,7,0,7,348
03/09/2021,ADS,TX,ASW,CE,Towers with Radar,0,35,111,0,146,0,12,64,0,76,0,47,175,0,222,0,0,0,222
03/10/2021,ADS,TX,ASW,CE,Towers with Radar,1,24,88,0,113,0,3,47,0,50,1,27,135,0,163,0,0,0,163
03/11/2021,ADS,TX,ASW,CE,Towers with Radar,1,24,103,0,128,0,21,88,0,109,1,45,191,0,237,0,0,0,237
03/12/2021,ADS,TX,ASW,CE,Towers with Radar,0,32,126,0,158,0,14,33,0,47,0,46,159,0,205,0,0,0,205
03/13/2021,ADS,TX,ASW,CE,Towers with Radar,0,20,97,0,117,0,40,53,0,93,0,60,150,0,210,0,0,0,210
03/14/2021,ADS,TX,ASW,CE,Towers with Radar,0,28,70,0,98,0,44,93,0,137,0,72,163,0,235,4,0,4,239
03/15/2021,ADS,TX,ASW,CE,Towers with Radar,0,16,81,1,98,0,55,171,0,226,0,71,252,1,324,7,0,7,331
03/16/2021,ADS,TX,ASW,CE,Towers with Radar,1,35,99,1,136,0,69,123,0,192,1,104,222,1,328,43,0,43,371
03/17/2021,ADS,TX,ASW,CE,Towers with Radar,1,29,40,0,70,0,9,32,0,41,1,38,72,0,111,0,0,0,111
03/18/2021,ADS,TX,ASW,CE,Towers with Radar,0,29,81,0,110,0,38,144,0,182,0,67,225,0,292,4,0,4,296
03/19/2021,ADS,TX,ASW,CE,Towers with Radar,0,25,105,0,130,0,70,251,0,321,0,95,356,0,451,3,0,3,454
03/20/2021,ADS,TX,ASW,CE,Towers with Radar,1,18,97,0,116,0,64,235,0,299,1,82,332,0,415,17,0,17,432
03/21/2021,ADS,TX,ASW,CE,Towers with Radar,0,16,91,0,107,0,62,180,0,242,0,78,271,0,349,10,0,10,359
03/22/2021,ADS,TX,ASW,CE,Towers with Radar,0,13,76,0,89,0,2,9,0,11,0,15,85,0,100,14,0,14,114
03/23/2021,ADS,TX,ASW,CE,Towers with Radar,1,38,87,0,126,0,54,188,0,242,1,92,275,0,368,4,0,4,372
03/24/2021,ADS,TX,ASW,CE,Towers with Radar,0,32,94,0,126,0,57,135,0,192,0,89,229,0,318,10,0,10,328
03/25/2021,ADS,TX,ASW,CE,Towers with Radar,0,35,111,2,148,0,25,115,0,140,0,60,226,2,288,4,0,4,292
03/26/2021,ADS,TX,ASW,CE,Towers with Radar,0,25,101,0,126,0,60,229,0,289,0,85,330,0,415,6,0,6,421
03/27/2021,ADS,TX,ASW,CE,Towers with Radar,0,19,83,0,102,0,20,90,0,110,0,39,173,0,212,32,0,32,244
03/28/2021,ADS,TX,ASW,CE,Towers with Radar,0,31,86,1,118,0,46,165,0,211,0,77,251,1,329,41,0,41,370
03/29/2021,ADS,TX,ASW,CE,Towers with Radar,0,25,76,0,101,0,80,148,0,228,0,105,224,0,329,0,0,0,329
03/30/2021,ADS,TX,ASW,CE,Towers with Radar,0,43,100,3,146,0,21,75,0,96,0,64,175,3,242,2,0,2,244
03/31/2021,ADS,TX,ASW,CE,Towers with Radar,1,35,91,0,127,0,15,99,0,114,1,50,190,0,241,0,0,0,241
04/01/2021,ADS,TX,ASW,CE,Towers with Radar,0,31,110,0,141,0,97,226,0,323,0,128,336,0,464,0,0,0,464
04/02/2021,ADS,TX,ASW,CE,Towers with Radar,0,43,78,0,121,0,72,211,0,283,0,115,289,0,404,0,0,0,404
04/03/2021,ADS,TX,ASW,CE,Towers with Radar,0,9,67,0,76,0,59,192,2,253,0,68,259,2,329,15,0,15,344
04/04/2021,ADS,TX,ASW,CE,Towers with Radar,0,24,62,0,86,0,21,104,0,125,0,45,166,0,211,26,0,26,237
04/05/2021,ADS,TX,ASW,CE,Towers with Radar,0,30,102,0,132,0,33,134,0,167,0,63,236,0,299,1,0,1,300
04/06/2021,ADS,TX,ASW,CE,Towers with Radar,0,34,123,0,157,0,2,27,1,30,0,36,150,1,187,8,0,8,195
04/07/2021,ADS,TX,ASW,CE,Towers with Radar,0,40,112,1,153,0,10,99,0,109,0,50,211,1,262,8,0,8,270
04/08/2021,ADS,TX,ASW,CE,Towers with Radar,0,34,99,0,133,0,87,230,0,317,0,121,329,0,450,1,0,1,451
04/09/2021,ADS,TX,ASW,CE,Towers with Radar,0,21,91,1,113,0,15,51,0,66,0,36,142,1,179,12,0,12,191
04/10/2021,ADS,TX,ASW,CE,Towers with Radar,0,8,46,0,54,0,69,164,1,234,0,77,210,1,288,13,0,13,301
04/11/2021,ADS,TX,ASW,CE,Towers with Radar,0,27,72,0,99,0,58,197,0,255,0,85,269,0,354,12,0,12,366
04/12/2021,ADS,TX,ASW,CE,Towers with Radar,0,32,92,0,124,0,52,167,0,219,0,84,259,0,343,7,0,7,350
04/13/2021,ADS,TX,ASW,CE,Towers with Radar,0,11,69,4,84,0,57,147,0,204,0,68,216,4,288,18,0,18,306
04/14/2021,ADS,TX,ASW,CE,Towers with Radar,0,43,83,2,128,0,20,46,0,66,0,63,129,2,194,6,0,6,200
04/15/2021,ADS,TX,ASW,CE,Towers with Radar,1,27,110,1,139,0,13,27,0,40,1,40,137,1,179,0,0,0,179
04/16/2021,ADS,TX,ASW,CE,Towers with Radar,0,17,59,0,76,0,0,0,0,0,0,17,59,0,76,0,0,0,76
04/17/2021,ADS,TX,ASW,CE,Towers with Radar,0,10,84,0,94,0,56,124,0,180,0,66,208,0,274,3,0,3,277
04/18/2021,ADS,TX,ASW,CE,Towers with Radar,0,30,91,0,121,0,72,189,0,261,0,102,280,0,382,4,0,4,386
04/19/2021,ADS,TX,ASW,CE,Towers with Radar,1,41,77,0,119,0,63,205,2,270,1,104,282,2,389,0,0,0,389
04/20/2021,ADS,TX,ASW,CE,Towers with Radar,0,29,76,0,105,0,50,133,4,187,0,79,209,4,292,8,0,8,300
04/21/2021,ADS,TX,ASW,CE,Towers with Radar,0,23,99,0,122,0,82,240,0,322,0,105,339,0,444,15,0,15,459
04/22/2021,ADS,TX,ASW,CE,Towers with Radar,0,33,115,0,148,0,61,155,0,216,0,94,270,0,364,0,0,0,364
04/23/2021,ADS,TX,ASW,CE,Towers with Radar,0,28,57,0,85,0,0,1,0,1,0,28,58,0,86,0,0,0,86
04/24/2021,ADS,TX,ASW,CE,Towers with Radar,0,18,79,0,97,0,43,107,0,150,0,61,186,0,247,5,0,5,252
04/25/2021,ADS,TX,ASW,CE,Towers with Radar,0,13,76,1,90,0,43,199,0,242,0,56,275,1,332,13,0,13,345
04/26/2021,ADS,TX,ASW,CE,Towers with Radar,0,34,97,2,133,0,20,122,0,142,0,54,219,2,275,0,0,0,275
04/27/2021,ADS,TX,ASW,CE,Towers with Radar,0,29,126,1,156,0,8,11,0,19,0,37,137,1,175,21,0,21,196
04/28/2021,ADS,TX,ASW,CE,Towers with Radar,0,30,76,1,107,0,4,27,0,31,0,34,103,1,138,0,0,0,138
04/29/2021,ADS,TX,ASW,CE,Towers with Radar,1,29,93,3,126,0,0,5,0,5,1,29,98,3,131,0,0,0,131
04/30/2021,ADS,TX,ASW,CE,Towers with Radar,2,14,105,0,121,0,16,44,0,60,2,30,149,0,181,9,0,9,190
05/01/2021,ADS,TX,ASW,CE,Towers with Radar,0,29,52,0,81,0,9,44,0,53,0,38,96,0,134,0,0,0,134
05/02/2021,ADS,TX,ASW,CE,Towers with Radar,0,28,110,0,138,0,31,110,0,141,0,59,220,0,279,0,0,0,279
05/03/2021,ADS,TX,ASW,CE,Towers with Radar,0,26,99,2,127,0,40,126,0,166,0,66,225,2,293,0,0,0,293
05/04/2021,ADS,TX,ASW,CE,Towers with Radar,0,51,107,0,158,0,45,118,0,163,0,96,225,0,321,4,0,4,325
05/05/2021,ADS,TX,ASW,CE,Towers with Radar,0,34,112,0,146,0,80,291,0,371,0,114,403,0,517,18,0,18,535
05/06/2021,ADS,TX,ASW,CE,Towers with Radar,0,39,119,2,160,0,61,241,1,303,0,100,360,3,463,18,0,18,481
05/07/2021,ADS,TX,ASW,CE,Towers with Radar,1,19,103,1,124,0,47,202,0,249,1,66,305,1,373,0,0,0,373
05/08/2021,ADS,TX,ASW,CE,Towers with Radar,0,21,64,0,85,0,6,44,0,50,0,27,108,0,135,8,0,8,143
05/09/2021,ADS,TX,ASW,CE,Towers with Radar,0,22,55,1,78,0,18,62,0,80,0,40,117,1,158,0,0,0,158
05/10/2021,ADS,TX,ASW,CE,Towers with Radar,0,30,88,0,118,0,0,0,0,0,0,30,88,0,118,0,0,0,118
05/11/2021,ADS,TX,ASW,CE,Towers with Radar,0,10,80,0,90,0,0,0,0,0,0,10,80,0,90,0,0,0,90
05/12/2021,ADS,TX,ASW,CE,Towers with Radar,0,38,157,0,195,0,2,23,0,25,0,40,180,0,220,0,0,0,220
05/13/2021,ADS,TX,ASW,CE,Towers with Radar,0,29,118,0,147,0,90,268,0,358,0,119,386,0,505,28,0,28,533
05/14/2021,ADS,TX,ASW,CE,Towers with Radar,0,26,113,0,139,0,51,230,0,281,0,77,343,0,420,8,0,8,428
05/15/2021,ADS,TX,ASW,CE,Towers with Radar,0,21,60,0,81,0,62,222,0,284,0,83,282,0,365,35,0,35,400
05/16/2021,ADS,TX,ASW,CE,Towers with Radar,0,34,111,0,145,0,0,4,0,4,0,34,115,0,149,0,0,0,149
05/17/2021,ADS,TX,ASW,CE,Towers with Radar,0,17,88,0,105,0,23,97,0,120,0,40,185,0,225,10,0,10,235
05/18/2021,ADS,TX,ASW,CE,Towers with Radar,0,41,67,0,108,0,2,23,0,25,0,43,90,0,133,8,0,8,141
05/19/2021,ADS,TX,ASW,CE,Towers with Radar,0,26,112,0,138,0,62,186,2,250,0,88,298,2,388,5,0,5,393
05/20/2021,ADS,TX,ASW,CE,Towers with Radar,0,40,141,0,181,0,5,56,0,61,0,45,197,0,242,13,0,13,255
05/21/2021,ADS,TX,ASW,CE,Towers with Radar,0,33,100,0,133,0,19,85,1,105,0,52,185,1,238,10,0,10,248
05/22/2021,ADS,TX,ASW,CE,Towers with Radar,0,21,70,0,91,0,0,7,0,7,0,21,77,0,98,0,0,0,98
05/23/2021,ADS,TX,ASW,CE,Towers with Radar,0,29,79,0,108,0,58,114,0,172,0,87,193,0,280,20,0,20,300
05/24/2021,ADS,TX,ASW,CE,Towers with Radar,0,28,91,0,119,0,0,34,0,34,0,28,125,0,153,2,0,2,155
05/25/2021,ADS,TX,ASW,CE,Towers with Radar,0,42,93,0,135,0,30,119,0,149,0,72,212,0,284,0,0,0,284
05/26/2021,ADS,TX,ASW,CE,Towers with Radar,2,66,106,0,174,0,60,218,0,278,2,126,324,0,452,10,0,10,462
05/27/2021,ADS,TX,ASW,CE,Towers with Radar,0,51,144,0,195,0,54,177,1,232,0,105,321,1,427,3,0,3,430
05/28/2021,ADS,TX,ASW,CE,Towers with Radar,0,19,111,0,130,0,23,111,0,134,0,42,222,0,264,0,0,0,264
05/29/2021,ADS,TX,ASW,CE,Towers with Radar,0,12,53,1,66,0,57,197,0,254,0,69,250,1,320,3,0,3,323
05/30/2021,ADS,TX,ASW,CE,Towers with Radar,0,12,66,0,78,0,42,75,0,117,0,54,141,0,195,9,0,9,204
05/31/2021,ADS,TX,ASW,CE,Towers with Radar,0,5,106,1,112,0,2,12,0,14,0,7,118,1,126,7,0,7,133
06/01/2021,ADS,TX,ASW,CE,Towers with Radar,0,37,103,0,140,0,31,48,0,79,0,68,151,0,219,4,0,4,223
06/02/2021,ADS,TX,ASW,CE,Towers with Radar,0,41,105,0,146,0,73,243,0,316,0,114,348,0,462,14,0,14,476
06/03/2021,ADS,TX,ASW,CE,Towers with Radar,0,22,104,0,126,0,74,197,0,271,0,96,301,0,397,14,0,14,411
06/04/2021,ADS,TX,ASW,CE,Towers with Radar,0,28,112,0,140,0,41,188,6,235,0,69,300,6,375,26,0,26,401
06/05/2021,ADS,TX,ASW,CE,Towers with Radar,0,25,63,0,88,0,26,71,0,97,0,51,134,0,185,0,0,0,185
06/06/2021,ADS,TX,ASW,CE,Towers with Radar,0,40,114,0,154,0,54,97,0,151,0,94,211,0,305,18,0,18,323
06/07/2021,ADS,TX,ASW,CE,Towers with Radar,0,51,82,0,133,0,8,32,0,40,0,59,114,0,173,0,0,0,173
06/08/2021,ADS,TX,ASW,CE,Towers with Radar,0,52,117,0,169,0,67,149,1,217,0,119,266,1,386,0,0,0,386
06/09/2021,ADS,TX,ASW,CE,Towers with Radar,0,34,117,0,151,0,61,128,0,189,0,95,245,0,340,3,0,3,343
06/10/2021,ADS,TX,ASW,CE,Towers with Radar,0,26,142,0,168,0,51,156,0,207,0,77,298,0,375,0,0,0,375
06/11/2021,ADS,TX,ASW,CE,Towers with Radar,0,22,112,0,134,0,43,180,0,223,0,65,292,0,357,9,0,9,366
06/12/2021,ADS,TX,ASW,CE,Towers with Radar,2,9,76,1,88,0,56,184,0,240,2,65,260,1,328,6,0,6,334
06/13/2021,ADS,TX,ASW,CE,Towers with Radar,0,27,74,1,102,0,73,233,0,306,0,100,307,1,408,14,0,14,422
06/14/2021,ADS,TX,ASW,CE,Towers with Radar,0,32,87,0,119,0,67,205,3,275,0,99,292,3,394,7,0,7,401
06/15/2021,ADS,TX,ASW,CE,Towers with Radar,0,18,86,0,104,0,88,223,0,311,0,106,309,0,415,4,0,4,419
06/16/2021,ADS,TX,ASW,CE,Towers with Radar,1,32,92,0,125,0,81,202,0,283,1,113,294,0,408,2,0,2,410
06/17/2021,ADS,TX,ASW,CE,Towers with Radar,0,33,139,0,172,0,63,214,0,277,0,96,353,0,449,1,0,1,450
06/18/2021,ADS,TX,ASW,CE,Towers with Radar,0,27,101,1,129,0,65,226,2,293,0,92,327,3,422,6,0,6,428
06/19/2021,ADS,TX,ASW,CE,Towers with Radar,0,15,54,0,69,0,71,226,2,299,0,86,280,2,368,19,0,19,387
06/20/2021,ADS,TX,ASW,CE,Towers with Radar,0,15,95,0,110,0,46,155,0,201,0,61,250,0,311,4,0,4,315
06/21/2021,ADS,TX,ASW,CE,Towers with Radar,1,56,89,0,146,0,13,48,0,61,1,69,137,0,207,0,0,0,207
06/22/2021,ADS,TX,ASW,CE,Towers with Radar,1,36,104,0,141,0,91,182,0,273,1,127,286,0,414,3,0,3,417
06/23/2021,ADS,TX,ASW,CE,Towers with Radar,1,47,133,1,182,0,43,127,0,170,1,90,260,1,352,0,0,0,352
06/24/2021,ADS,TX,ASW,CE,Towers with Radar,0,55,109,2,166,0,66,185,0,251,0,121,294,2,417,0,0,0,417
06/25/2021,ADS,TX,ASW,CE,Towers with Radar,0,41,119,0,160,0,42,155,0,197,0,83,274,0,357,10,0,10,367
06/26/2021,ADS,TX,ASW,CE,Towers with Radar,0,27,76,0,103,0,42,139,0,181,0,69,215,0,284,13,0,13,297
06/27/2021,ADS,TX,ASW,CE,Towers with Radar,0,42,86,0,128,0,50,80,0,130,0,92,166,0,258,0,0,0,258
06/28/2021,ADS,TX,ASW,CE,Towers with Radar,0,28,72,2,102,0,11,26,0,37,0,39,98,2,139,0,0,0,139
06/29/2021,ADS,TX,ASW,CE,Towers with Radar,0,30,80,0,110,0,43,77,0,120,0,73,157,0,230,10,0,10,240
06/30/2021,ADS,TX,ASW,CE,Towers with Radar,0,41,122,1,164,0,62,120,1,183,0,103,242,2,347,2,0,2,349
07/01/2021,ADS,TX,ASW,CE,Towers with Radar,0,48,100,0,148,0,83,161,1,245,0,131,261,1,393,14,0,14,407
07/02/2021,ADS,TX,ASW,CE,Towers with Radar,0,23,104,1,128,0,9,40,0,49,0,32,144,1,177,11,0,11,188
07/03/2021,ADS,TX,ASW,CE,Towers with Radar,0,19,58,0,77,0,35,79,3,117,0,54,137,3,194,2,0,2,196
07/04/2021,ADS,TX,ASW,CE,Towers with Radar,0,11,31,0,42,0,59,101,0,160,0,70,132,0,202,10,0,10,212
07/05/2021,ADS,TX,ASW,CE,Towers with Radar,0,29,87,1,117,0,54,158,0,212,0,83,245,1,329,8,0,8,337
07/06/2021,ADS,TX,ASW,CE,Towers with Radar,0,38,111,0,149,0,78,132,1,211,0,116,243,1,360,5,0,5,365
07/07/2021,ADS,TX,ASW,CE,Towers with Radar,0,34,90,0,124,0,85,197,2,284,0,119,287,2,408,0,0,0,408
07/08/2021,ADS,TX,ASW,CE,Towers with Radar,0,42,99,2,143,0,75,207,0,282,0,117,306,2,425,4,0,4,429
07/09/2021,ADS,TX,ASW,CE,Towers with Radar,0,42,121,0,163,0,26,65,0,91,0,68,186,0,254,4,0,4,258
07/10/2021,ADS,TX,ASW,CE,Towers with Radar,0,20,89,0,109,0,34,98,0,132,0,54,187,0,241,2,0,2,243
07/11/2021,ADS,TX,ASW,CE,Towers with Radar,0,20,60,0,80,0,27,135,1,163,0,47,195,1,243,13,0,13,256
07/12/2021,ADS,TX,ASW,CE,Towers with Radar,0,32,93,2,127,0,50,153,0,203,0,82,246,2,330,32,0,32,362
07/13/2021,ADS,TX,ASW,CE,Towers with Radar,0,45,110,0,155,0,76,246,0,322,0,121,356,0,477,2,0,2,479
07/14/2021,ADS,TX,ASW,CE,Towers with Radar,0,38,106,0,144,0,87,189,0,276,0,125,295,0,420,2,0,2,422
07/15/2021,ADS,TX,ASW,CE,Towers with Radar,0,54,119,0,173,0,49,160,0,209,0,103,279,0,382,2,0,2,384
07/16/2021,ADS,TX,ASW,CE,Towers with Radar,0,56,137,2,195,0,38,157,1,196,0,94,294,3,391,21,0,21,412
07/17/2021,ADS,TX,ASW,CE,Towers with Radar,0,23,94,2,119,0,69,185,1,255,0,92,279,3,374,15,0,15,389
07/18/2021,ADS,TX,ASW,CE,Towers with Radar,0,30,104,1,135,0,64,131,0,195,0,94,235,1,330,0,0,0,330
07/19/2021,ADS,TX,ASW,CE,Towers with Radar,0,32,81,0,113,0,23,37,0,60,0,55,118,0,173,53,0,53,226
07/20/2021,ADS,TX,ASW,CE,Towers with Radar,0,45,107,0,152,0,60,157,1,218,0,105,264,1,370,2,0,2,372
07/21/2021,ADS,TX,ASW,CE,Towers with Radar,0,42,121,0,163,0,89,203,0,292,0,131,324,0,455,2,0,2,457
07/22/2021,ADS,TX,ASW,CE,Towers with Radar,0,43,108,1,152,0,67,215,0,282,0,110,323,1,434,4,0,4,438
07/23/2021,ADS,TX,ASW,CE,Towers with Radar,0,30,107,0,137,0,35,183,0,218,0,65,290,0,355,0,0,0,355
07/24/2021,ADS,TX,ASW,CE,Towers with Radar,0,15,62,0,77,0,76,177,0,253,0,91,239,0,330,17,0,17,347
07/25/2021,ADS,TX,ASW,CE,Towers with Radar,0,35,94,0,129,0,59,169,0,228,0,94,263,0,357,18,0,18,375
07/26/2021,ADS,TX,ASW,CE,Towers with Radar,1,43,94,0,138,0,61,154,0,215,1,104,248,0,353,2,0,2,355
07/27/2021,ADS,TX,ASW,CE,Towers with Radar,0,30,95,0,125,0,82,155,0,237,0,112,250,0,362,3,0,3,365
07/28/2021,ADS,TX,ASW,CE,Towers with Radar,0,37,95,2,134,0,73,196,0,269,0,110,291,2,403,0,0,0,403
07/29/2021,ADS,TX,ASW,CE,Towers with Radar,0,28,109,0,137,0,83,203,0,286,0,111,312,0,423,30,0,30,453
07/30/2021,ADS,TX,ASW,CE,Towers with Radar,0,30,84,1,115,0,80,191,0,271,0,110,275,1,386,7,0,7,393
07/31/2021,ADS,TX,ASW,CE,Towers with Radar,0,29,62,0,91,0,86,172,0,258,0,115,234,0,349,2,0,2,351
08/01/2021,ADS,TX,ASW,CE,Towers with Radar,0,33,85,1,119,0,47,110,0,157,0,80,195,1,276,22,0,22,298
08/02/2021,ADS,TX,ASW,CE,Towers with Radar,0,41,97,0,138,0,29,49,0,78,0,70,146,0,216,1,0,1,217
08/03/2021,ADS,TX,ASW,CE,Towers with Radar,0,31,110,0,141,0,69,190,0,259,0,100,300,0,400,0,0,0,400
08/04/2021,ADS,TX,ASW,CE,Towers with Radar,0,36,106,2,144,0,72,194,2,268,0,108,300,4,412,3,0,3,415
08/05/2021,ADS,TX,ASW,CE,Towers with Radar,0,35,101,0,136,0,61,154,0,215,0,96,255,0,351,7,0,7,358
08/06/2021,ADS,TX,ASW,CE,Towers with Radar,0,32,94,2,128,0,66,184,0,250,0,98,278,2,378,2,0,2,380
08/07/2021,ADS,TX,ASW,CE,Towers with Radar,0,25,75,0,100,0,49,113,0,162,0,74,188,0,262,0,0,0,262
08/08/2021,ADS,TX,ASW,CE,Towers with Radar,0,32,121,1,154,0,24,106,0,130,0,56,227,1,284,1,0,1,285
08/09/2021,ADS,TX,ASW,CE,Towers with Radar,0,29,90,2,121,0,28,106,2,136,0,57,196,4,257,5,0,5,262
08/10/2021,ADS,TX,ASW,CE,Towers with Radar,0,36,100,0,136,0,53,144,0,197,0,89,244,0,333,0,0,0,333
08/11/2021,ADS,TX,ASW,CE,Towers with Radar,1,33,95,2,131,0,47,193,0,240,1,80,288,2,371,9,0,9,380
08/12/2021,ADS,TX,ASW,CE,Towers with Radar,0,41,115,0,156,0,70,173,0,243,0,111,288,0,399,2,0,2,401
08/13/2021,ADS,TX,ASW,CE,Towers with Radar,0,34,88,1,123,0,76,217,0,293,0,110,305,1,416,7,0,7,423
08/14/2021,ADS,TX,ASW,CE,Towers with Radar,0,18,60,2,80,0,33,113,0,146,0,51,173,2,226,4,0,4,230
08/15/2021,ADS,TX,ASW,CE,Towers with Radar,0,26,100,0,126,0,43,130,0,173,0,69,230,0,299,16,0,16,315
08/16/2021,ADS,TX,ASW,CE,Towers with Radar,0,33,91,1,125,0,56,148,1,205,0,89,239,2,330,0,0,0,330
08/17/2021,ADS,TX,ASW,CE,Towers with Radar,0,37,68,1,106,0,32,77,1,110,0,69,145,2,216,0,0,0,216
08/18/2021,ADS,TX,ASW,CE,Towers with Radar,1,29,101,0,131,0,1,12,0,13,1,30,113,0,144,0,0,0,144
08/19/2021,ADS,TX,ASW,CE,Towers with Radar,0,28,113,2,143,0,30,103,0,133,0,58,216,2,276,0,0,0,276
08/20/2021,ADS,TX,ASW,CE,Towers with Radar,0,27,102,1,130,0,64,177,0,241,0,91,279,1,371,28,0,28,399
08/21/2021,ADS,TX,ASW,CE,Towers with Radar,0,16,45,4,65,0,84,218,0,302,0,100,263,4,367,8,0,8,375
08/22/2021,ADS,TX,ASW,CE,Towers with Radar,0,25,77,0,102,0,72,173,0,245,0,97,250,0,347,14,0,14,361
08/23/2021,ADS,TX,ASW,CE,Towers with Radar,2,23,115,3,143,0,79,154,4,237,2,102,269,7,380,2,0,2,382
08/24/2021,ADS,TX,ASW,CE,Towers with Radar,1,43,92,1,137,0,73,165,1,239,1,116,257,2,376,2,0,2,378
08/25/2021,ADS,TX,ASW,CE,Towers with Radar,0,43,91,0,134,0,80,193,0,273,0,123,284,0,407,10,0,10,417
08/26/2021,ADS,TX,ASW,CE,Towers with Radar,0,26,99,2,127,0,71,189,0,260,0,97,288,2,387,6,0,6,393
08/27/2021,ADS,TX,ASW,CE,Towers with Radar,0,29,93,2,124,0,65,171,0,236,0,94,264,2,360,3,0,3,363
08/28/2021,ADS,TX,ASW,CE,Towers with Radar,0,15,51,0,66,0,60,195,0,255,0,75,246,0,321,8,0,8,329
08/29/2021,ADS,TX,ASW,CE,Towers with Radar,0,24,109,0,133,0,30,80,0,110,0,54,189,0,243,6,0,6,249
08/30/2021,ADS,TX,ASW,CE,Towers with Radar,0,21,63,0,84,0,67,145,0,212,0,88,208,0,296,22,0,22,318
08/31/2021,ADS,TX,ASW,CE,Towers with Radar,1,36,90,0,127,0,64,175,0,239,1,100,265,0,366,12,0,12,378
09/01/2021,ADS,TX,ASW,CE,Towers with Radar,1,38,98,2,139,0,66,183,0,249,1,104,281,2,388,11,0,11,399
09/02/2021,ADS,TX,ASW,CE,Towers with Radar,0,40,142,0,182,0,79,183,0,262,0,119,325,0,444,4,0,4,448
09/03/2021,ADS,TX,ASW,CE,Towers with Radar,0,41,105,1,147,0,57,192,0,249,0,98,297,1,396,2,0,2,398
09/04/2021,ADS,TX,ASW,CE,Towers with Radar,0,21,43,0,64,0,74,176,0,250,0,95,219,0,314,8,0,8,322
09/05/2021,ADS,TX,ASW,CE,Towers with Radar,0,12,57,0,69,0,58,80,0,138,0,70,137,0,207,20,0,20,227
09/06/2021,ADS,TX,ASW,CE,Towers with Radar,0,38,144,0,182,0,42,118,0,160,0,80,262,0,342,4,0,4,346
09/07/2021,ADS,TX,ASW,CE,Towers with Radar,0,35,98,2,135,0,57,181,0,238,0,92,279,2,373,4,0,4,377
09/08/2021,ADS,TX,ASW,CE,Towers with Radar,0,39,92,0,131,0,49,158,0,207,0,88,250,0,338,22,0,22,360
09/09/2021,ADS,TX,ASW,CE,Towers with Radar,0,26,110,0,136,0,65,188,0,253,0,91,298,0,389,2,0,2,391
09/10/2021,ADS,TX,ASW,CE,Towers with Radar,0,23,118,1,142,0,64,209,0,273,0,87,327,1,415,2,0,2,417
09/11/2021,ADS,TX,ASW,CE,Towers with Radar,0,20,54,0,74,0,71,163,1,235,0,91,217,1,309,0,0,0,309
09/12/2021,ADS,TX,ASW,CE,Towers with Radar,0,31,102,1,134,0,62,211,0,273,0,93,313,1,407,22,0,22,429
09/13/2021,ADS,TX,ASW,CE,Towers with Radar,0,25,110,0,135,0,28,76,0,104,0,53,186,0,239,0,0,0,239
09/14/2021,ADS,TX,ASW,CE,Towers with Radar,0,27,105,0,132,0,53,135,0,188,0,80,240,0,320,6,0,6,326
09/15/2021,ADS,TX,ASW,CE,Towers with Radar,0,34,105,2,141,0,57,159,0,216,0,91,264,2,357,0,0,0,357
09/16/2021,ADS,TX,ASW,CE,Towers with Radar,0,43,102,1,146,0,58,182,0,240,0,101,284,1,386,2,0,2,388
09/17/2021,ADS,TX,ASW,CE,Towers with Radar,0,39,130,0,169,0,36,168,0,204,0,75,298,0,373,2,0,2,375
09/18/2021,ADS,TX,ASW,CE,Towers with Radar,0,24,58,0,82,0,53,190,1,244,0,77,248,1,326,30,0,30,356
09/19/2021,ADS,TX,ASW,CE,Towers with Radar,0,45,121,1,167,0,50,133,0,183,0,95,254,1,350,2,0,2,352
09/20/2021,ADS,TX,ASW,CE,Towers with Radar,0,34,92,0,126,0,50,128,0,178,0,84,220,0,304,10,0,10,314
09/21/2021,ADS,TX,ASW,CE,Towers with Radar,0,31,94,0,125,0,26,115,0,141,0,57,209,0,266,18,0,18,284
09/22/2021,ADS,TX,ASW,CE,Towers with Radar,0,25,118,0,143,0,73,178,0,251,0,98,296,0,394,2,0,2,396
09/23/2021,ADS,TX,ASW,CE,Towers with Radar,0,37,146,0,183,0,75,220,0,295,0,112,366,0,478,4,0,4,482
09/24/2021,ADS,TX,ASW,CE,Towers with Radar,0,31,134,0,165,0,57,212,0,269,0,88,346,0,434,2,0,2,436
09/25/2021,ADS,TX,ASW,CE,Towers with Radar,0,34,65,0,99,0,62,184,2,248,0,96,249,2,347,18,0,18,365
09/26/2021,ADS,TX,ASW,CE,Towers with Radar,0,46,146,0,192,0,45,214,0,259,0,91,360,0,451,0,0,0,451
09/27/2021,ADS,TX,ASW,CE,Towers with Radar,0,46,141,0,187,0,71,175,0,246,0,117,316,0,433,0,0,0,433
09/28/2021,ADS,TX,ASW,CE,Towers with Radar,0,41,108,0,149,0,56,170,0,226,0,97,278,0,375,0,0,0,375
09/29/2021,ADS,TX,ASW,CE,Towers with Radar,0,50,103,0,153,0,71,116,0,187,0,121,219,0,340,18,0,18,358
09/30/2021,ADS,TX,ASW,CE,Towers with Radar,0,59,121,0,180,0,24,67,0,91,0,83,188,0,271,27,0,27,298
10/01/2021,ADS,TX,ASW,CE,Towers with Radar,0,31,98,1,130,0,28,83,0,111,0,59,181,1,241,19,0,19,260
10/02/2021,ADS,TX,ASW,CE,Towers with Radar,0,26,65,0,91,0,10,57,0,67,0,36,122,0,158,15,0,15,173
10/03/2021,ADS,TX,ASW,CE,Towers with Radar,0,38,134,1,173,0,55,191,0,246,0,93,325,1,419,13,0,13,432
10/04/2021,ADS,TX,ASW,CE,Towers with Radar,0,42,106,0,148,0,54,183,0,237,0,96,289,0,385,0,0,0,385
10/05/2021,ADS,TX,ASW,CE,Towers with Radar,0,34,137,0,171,0,70,229,0,299,0,104,366,0,470,3,0,3,473
10/06/2021,ADS,TX,ASW,CE,Towers with Radar,0,33,120,0,153,0,55,211,0,266,0,88,331,0,419,3,0,3,422
10/07/2021,ADS,TX,ASW,CE,Towers with Radar,1,45,117,0,163,0,65,206,0,271,1,110,323,0,434,10,0,10,444
10/08/2021,ADS,TX,ASW,CE,Towers with Radar,3,51,200,1,255,0,26,218,0,244,3,77,418,1,499,8,0,8,507
10/09/2021,ADS,TX,ASW,CE,Towers with Radar,0,26,71,0,97,0,24,211,0,235,0,50,282,0,332,2,0,2,334
10/10/2021,ADS,TX,ASW,CE,Towers with Radar,0,39,166,1,206,0,0,39,0,39,0,39,205,1,245,17,0,17,262
10/11/2021,ADS,TX,ASW,CE,Towers with Radar,2,55,138,2,197,0,58,227,0,285,2,113,365,2,482,0,0,0,482
10/12/2021,ADS,TX,ASW,CE,Towers with Radar,0,54,138,0,192,0,10,28,0,38,0,64,166,0,230,0,0,0,230
10/13/2021,ADS,TX,ASW,CE,Towers with Radar,0,33,116,2,151,0,4,10,0,14,0,37,126,2,165,0,0,0,165
10/14/2021,ADS,TX,ASW,CE,Towers with Radar,0,65,148,0,213,0,14,40,0,54,0,79,188,0,267,24,0,24,291
10/15/2021,ADS,TX,ASW,CE,Towers with Radar,0,61,128,1,190,0,22,67,1,90,0,83,195,2,280,0,0,0,280
10/16/2021,ADS,TX,ASW,CE,Towers with Radar,0,28,71,0,99,0,64,217,0,281,0,92,288,0,380,4,0,4,384
10/17/2021,ADS,TX,ASW,CE,Towers with Radar,0,47,118,1,166,0,68,234,0,302,0,115,352,1,468,8,0,8,476
10/18/2021,ADS,TX,ASW,CE,Towers with Radar,0,31,131,1,163,0,67,235,1,303,0,98,366,2,466,6,0,6,472
10/19/2021,ADS,TX,ASW,CE,Towers with Radar,0,40,117,0,157,0,73,197,0,270,0,113,314,0,427,0,0,0,427
10/20/2021,ADS,TX,ASW,CE,Towers with Radar,0,47,162,0,209,0,70,172,0,242,0,117,334,0,451,41,0,41,492
10/21/2021,ADS,TX,ASW,CE,Towers with Radar,0,61,156,2,219,0,92,201,0,293,0,153,357,2,512,13,0,13,525
10/22/2021,ADS,TX,ASW,CE,Towers with Radar,0,35,118,0,153,0,59,202,0,261,0,94,320,0,414,14,0,14,428
10/23/2021,ADS,TX,ASW,CE,Towers with Radar,0,30,105,0,135,0,22,121,0,143,0,52,226,0,278,4,0,4,282
10/24/2021,ADS,TX,ASW,CE,Towers with Radar,1,43,157,0,201,0,13,46,0,59,1,56,203,0,260,0,0,0,260
10/25/2021,ADS,TX,ASW,CE,Towers with Radar,0,22,117,0,139,0,84,232,1,317,0,106,349,1,456,0,0,0,456
10/26/2021,ADS,TX,ASW,CE,Towers with Radar,0,46,147,0,193,0,6,42,0,48,0,52,189,0,241,0,0,0,241
10/27/2021,ADS,TX,ASW,CE,Towers with Radar,2,33,96,0,131,0,4,23,0,27,2,37,119,0,158,0,0,0,158
10/28/2021,ADS,TX,ASW,CE,Towers with Radar,1,23,121,0,145,0,4,21,0,25,1,27,142,0,170,0,0,0,170
10/29/2021,ADS,TX,ASW,CE,Towers with Radar,0,32,124,0,156,0,6,78,0,84,0,38,202,0,240,0,0,0,240
10/30/2021,ADS,TX,ASW,CE,Towers with Radar,0,25,78,1,104,0,79,251,0,330,0,104,329,1,434,15,0,15,449
10/31/2021,ADS,TX,ASW,CE,Towers with Radar,0,30,108,0,138,0,72,217,1,290,0,102,325,1,428,0,0,0,428
11/01/2021,ADS,TX,ASW,CE,Towers with Radar,0,41,106,1,148,0,87,220,1,308,0,128,326,2,456,2,0,2,458
11/02/2021,ADS,TX,ASW,CE,Towers with Radar,0,50,139,0,189,0,21,26,0,47,0,71,165,0,236,0,0,0,236
11/03/2021,ADS,TX,ASW,CE,Towers with Radar,0,48,141,0,189,0,0,0,0,0,0,48,141,0,189,0,0,0,189
11/04/2021,ADS,TX,ASW,CE,Towers with Radar,0,38,152,1,191,0,81,161,0,242,0,119,313,1,433,6,0,6,439
11/05/2021,ADS,TX,ASW,CE,Towers with Radar,1,51,170,3,225,0,55,228,0,283,1,106,398,3,508,3,0,3,511
11/06/2021,ADS,TX,ASW,CE,Towers with Radar,0,27,71,0,98,0,59,220,0,279,0,86,291,0,377,50,0,50,427
11/07/2021,ADS,TX,ASW,CE,Towers with Radar,0,39,141,0,180,0,71,181,0,252,0,110,322,0,432,34,0,34,466
11/08/2021,ADS,TX,ASW,CE,Towers with Radar,2,51,128,1,182,0,67,147,0,214,2,118,275,1,396,28,0,28,424
11/09/2021,ADS,TX,ASW,CE,Towers with Radar,0,46,134,1,181,0,80,159,0,239,0,126,293,1,420,0,0,0,420
11/10/2021,ADS,TX,ASW,CE,Towers with Radar,1,46,168,0,215,0,7,25,0,32,1,53,193,0,247,20,0,20,267
11/11/2021,ADS,TX,ASW,CE,Towers with Radar,0,64,142,0,206,0,67,233,2,302,0,131,375,2,508,24,0,24,532
11/12/2021,ADS,TX,ASW,CE,Towers with Radar,0,36,124,0,160,0,66,215,0,281,0,102,339,0,441,0,0,0,441
11/13/2021,ADS,TX,ASW,CE,Towers with Radar,0,30,84,0,114,0,68,247,0,315,0,98,331,0,429,34,0,34,463
11/14/2021,ADS,TX,ASW,CE,Towers with Radar,0,42,134,0,176,0,67,209,0,276,0,109,343,0,452,16,0,16,468
11/15/2021,ADS,TX,ASW,CE,Towers with Radar,0,41,125,2,168,0,81,189,0,270,0,122,314,2,438,2,0,2,440
11/16/2021,ADS,TX,ASW,CE,Towers with Radar,0,35,137,2,174,0,12,66,0,78,0,47,203,2,252,0,0,0,252
11/17/2021,ADS,TX,ASW,CE,Towers with Radar,0,41,160,0,201,0,18,90,0,108,0,59,250,0,309,0,0,0,309
11/18/2021,ADS,TX,ASW,CE,Towers with Radar,0,41,175,0,216,0,62,115,0,177,0,103,290,0,393,0,0,0,393
11/19/2021,ADS,TX,ASW,CE,Towers with Radar,0,55,172,0,227,0,56,216,1,273,0,111,388,1,500,0,0,0,500
11/20/2021,ADS,TX,ASW,CE,Towers with Radar,0,31,98,0,129,0,52,166,0,218,0,83,264,0,347,5,0,5,352
11/21/2021,ADS,TX,ASW,CE,Towers with Radar,0,48,120,0,168,0,23,53,0,76,0,71,173,0,244,0,0,0,244
11/22/2021,ADS,TX,ASW,CE,Towers with Radar,0,44,106,0,150,0,94,173,0,267,0,138,279,0,417,18,0,18,435
11/23/2021,ADS,TX,ASW,CE,Towers with Radar,0,36,147,0,183,0,77,199,0,276,0,113,346,0,459,38,0,38,497
11/24/2021,ADS,TX,ASW,CE,Towers with Radar,2,24,111,0,137,0,22,86,0,108,2,46,197,0,245,0,0,0,245
11/25/2021,ADS,TX,ASW,CE,Towers with Radar,0,17,17,0,34,0,0,31,0,31,0,17,48,0,65,3,0,3,68
11/26/2021,ADS,TX,ASW,CE,Towers with Radar,0,27,71,1,99,0,48,174,0,222,0,75,245,1,321,6,0,6,327
11/27/2021,ADS,TX,ASW,CE,Towers with Radar,0,37,102,0,139,0,46,56,0,102,0,83,158,0,241,15,0,15,256
11/28/2021,ADS,TX,ASW,CE,Towers with Radar,0,54,184,1,239,0,44,151,0,195,0,98,335,1,434,0,0,0,434
11/29/2021,ADS,TX,ASW,CE,Towers with Radar,1,45,117,0,163,0,70,191,0,261,1,115,308,0,424,0,0,0,424
11/30/2021,ADS,TX,ASW,CE,Towers with Radar,0,35,134,0,169,0,84,176,1,261,0,119,310,1,430,4,0,4,434
12/01/2021,ADS,TX,ASW,CE,Towers with Radar,2,39,136,1,178,0,72,197,0,269,2,111,333,1,447,10,0,10,457
12/02/2021,ADS,TX,ASW,CE,Towers with Radar,0,35,150,2,187,0,61,153,0,214,0,96,303,2,401,1,0,1,402
12/03/2021,ADS,TX,ASW,CE,Towers with Radar,1,33,133,1,168,0,26,43,0,69,1,59,176,1,237,0,0,0,237
12/04/2021,ADS,TX,ASW,CE,Towers with Radar,1,34,86,0,121,0,16,48,0,64,1,50,134,0,185,6,0,6,191
12/05/2021,ADS,TX,ASW,CE,Towers with Radar,0,33,108,0,141,0,18,41,0,59,0,51,149,0,200,0,0,0,200
12/06/2021,ADS,TX,ASW,CE,Towers with Radar,0,41,110,0,151,0,15,59,1,75,0,56,169,1,226,5,0,5,231
12/07/2021,ADS,TX,ASW,CE,Towers with Radar,0,34,126,0,160,0,88,205,0,293,0,122,331,0,453,1,0,1,454
12/08/2021,ADS,TX,ASW,CE,Towers with Radar,0,41,150,3,194,0,16,44,0,60,0,57,194,3,254,0,0,0,254
12/09/2021,ADS,TX,ASW,CE,Towers with Radar,0,37,191,0,228,0,39,144,1,184,0,76,335,1,412,19,0,19,431
12/10/2021,ADS,TX,ASW,CE,Towers with Radar,0,27,149,1,177,0,32,81,0,113,0,59,230,1,290,0,0,0,290
12/11/2021,ADS,TX,ASW,CE,Towers with Radar,0,23,93,0,116,0,49,199,0,248,0,72,292,0,364,2,0,2,366
12/12/2021,ADS,TX,ASW,CE,Towers with Radar,0,29,96,0,125,0,64,197,0,261,0,93,293,0,386,10,0,10,396
12/13/2021,ADS,TX,ASW,CE,Towers with Radar,0,35,104,0,139,0,79,184,0,263,0,114,288,0,402,0,0,0,402
12/14/2021,ADS,TX,ASW,CE,Towers with Radar,0,48,155,0,203,0,2,17,0,19,0,50,172,0,222,5,0,5,227
12/15/2021,ADS,TX,ASW,CE,Towers with Radar,0,35,140,0,175,0,4,42,2,48,0,39,182,2,223,6,0,6,229
12/16/2021,ADS,TX,ASW,CE,Towers with Radar,0,42,188,0,230,0,38,105,0,143,0,80,293,0,373,5,0,5,378
12/17/2021,ADS,TX,ASW,CE,Towers with Radar,0,34,143,0,177,0,7,46,1,54,0,41,189,1,231,0,0,0,231
12/18/2021,ADS,TX,ASW,CE,Towers with Radar,0,33,79,1,113,0,3,48,1,52,0,36,127,2,165,0,0,0,165
12/19/2021,ADS,TX,ASW,CE,Towers with Radar,1,29,89,0,119,0,50,197,0,247,1,79,286,0,366,22,0,22,388
12/20/2021,ADS,TX,ASW,CE,Towers with Radar,0,36,92,1,129,0,55,141,0,196,0,91,233,1,325,0,0,0,325
12/21/2021,ADS,TX,ASW,CE,Towers with Radar,1,29,122,0,152,0,72,189,0,261,1,101,311,0,413,20,0,20,433
12/22/2021,ADS,TX,ASW,CE,Towers with Radar,3,41,128,0,172,0,65,216,0,281,3,106,344,0,453,0,0,0,453
12/23/2021,ADS,TX,ASW,CE,Towers with Radar,1,39,113,0,153,0,21,137,0,158,1,60,250,0,311,4,0,4,315
12/24/2021,ADS,TX,ASW,CE,Towers with Radar,1,14,38,0,53,0,3,33,0,36,1,17,71,0,89,25,0,25,114
12/25/2021,ADS,TX,ASW,CE,Towers with Radar,0,25,38,0,63,0,0,19,0,19,0,25,57,0,82,0,0,0,82
12/26/2021,ADS,TX,ASW,CE,Towers with Radar,0,35,117,0,152,0,2,43,0,45,0,37,160,0,197,7,0,7,204
12/27/2021,ADS,TX,ASW,CE,Towers with Radar,0,32,125,0,157,0,43,115,0,158,0,75,240,0,315,0,0,0,315
12/28/2021,ADS,TX,ASW,CE,Towers with Radar,0,29,107,2,138,0,35,114,0,149,0,64,221,2,287,4,0,4,291
12/29/2021,ADS,TX,ASW,CE,Towers with Radar,0,29,106,2,137,0,25,63,0,88,0,54,169,2,225,8,0,8,233
12/30/2021,ADS,TX,ASW,CE,Towers with Radar,0,19,135,2,156,0,74,199,0,273,0,93,334,2,429,12,0,12,441
12/31/2021,ADS,TX,ASW,CE,Towers with Radar,0,13,68,0,81,0,1,6,0,7,0,14,74,0,88,16,0,16,104
01/01/2022,ADS,TX,ASW,CE,Towers with Radar,0,35,54,0,89,0,0,20,0,20,0,35,74,0,109,0,0,0,109
01/02/2022,ADS,TX,ASW,CE,Towers with Radar,0,29,144,0,173,0,19,70,0,89,0,48,214,0,262,4,0,4,266
01/03/2022,ADS,TX,ASW,CE,Towers with Radar,0,27,156,0,183,0,66,175,1,242,0,93,331,1,425,0,0,0,425
01/04/2022,ADS,TX,ASW,CE,Towers with Radar,0,26,119,0,145,0,40,139,0,179,0,66,258,0,324,0,0,0,324
01/05/2022,ADS,TX,ASW,CE,Towers with Radar,0,23,97,0,120,0,61,166,0,227,0,84,263,0,347,21,0,21,368
01/06/2022,ADS,TX,ASW,CE,Towers with Radar,0,19,86,0,105,0,17,119,0,136,0,36,205,0,241,0,0,0,241
01/07/2022,ADS,TX,ASW,CE,Towers with Radar,0,26,125,0,151,0,73,155,0,228,0,99,280,0,379,0,0,0,379
01/08/2022,ADS,TX,ASW,CE,Towers with Radar,0,17,64,0,81,0,0,0,0,0,0,17,64,0,81,0,0,0,81
01/09/2022,ADS,TX,ASW,CE,Towers with Radar,0,28,115,0,143,0,2,22,0,24,0,30,137,0,167,12,0,12,179
01/10/2022,ADS,TX,ASW,CE,Towers with Radar,0,27,109,0,136,0,72,167,0,239,0,99,276,0,375,2,0,2,377
01/11/2022,ADS,TX,ASW,CE,Towers with Radar,0,29,95,0,124,0,71,157,0,228,0,100,252,0,352,5,0,5,357
01/12/2022,ADS,TX,ASW,CE,Towers with Radar,0,29,108,0,137,0,67,235,0,302,0,96,343,0,439,22,0,22,461
01/13/2022,ADS,TX,ASW,CE,Towers with Radar,0,35,118,0,153,0,62,228,0,290,0,97,346,0,443,0,0,0,443
01/14/2022,ADS,TX,ASW,CE,Towers with Radar,0,23,118,0,141,0,59,175,4,238,0,82,293,4,379,4,0,4,383
01/15/2022,ADS,TX,ASW,CE,Towers with Radar,0,18,38,0,56,0,0,6,0,6,0,18,44,0,62,0,0,0,62
01/16/2022,ADS,TX,ASW,CE,Towers with Radar,0,25,78,0,103,0,68,178,0,246,0,93,256,0,349,0,0,0,349
01/17/2022,ADS,TX,ASW,CE,Towers with Radar,0,32,119,0,151,0,79,206,0,285,0,111,325,0,436,10,0,10,446
01/18/2022,ADS,TX,ASW,CE,Towers with Radar,0,37,95,4,136,0,28,117,0,145,0,65,212,4,281,0,0,0,281
01/19/2022,ADS,TX,ASW,CE,Towers with Radar,0,37,82,0,119,0,31,103,1,135,0,68,185,1,254,0,0,0,254
01/20/2022,ADS,TX,ASW,CE,Towers with Radar,0,37,101,0,138,0,33,116,1,150,0,70,217,1,288,2,0,2,290
01/21/2022,ADS,TX,ASW,CE,Towers with Radar,0,27,96,0,123,0,67,210,0,277,0,94,306,0,400,8,0,8,408
01/22/2022,ADS,TX,ASW,CE,Towers with Radar,0,19,58,0,77,0,75,233,0,308,0,94,291,0,385,28,0,28,413
01/23/2022,ADS,TX,ASW,CE,Towers with Radar,0,41,75,1,117,0,57,197,0,254,0,98,272,1,371,0,0,0,371
01/24/2022,ADS,TX,ASW,CE,Towers with Radar,0,44,80,0,124,0,57,116,0,173,0,101,196,0,297,14,0,14,311
01/25/2022,ADS,TX,ASW,CE,Towers with Radar,0,22,90,1,113,0,60,148,0,208,0,82,238,1,321,2,0,2,323
01/26/2022,ADS,TX,ASW,CE,Towers with Radar,0,28,107,0,135,0,71,174,0,245,0,99,281,0,380,12,0,12,392
01/27/2022,ADS,TX,ASW,CE,Towers with Radar,0,35,98,3,136,0,95,159,0,254,0,130,257,3,390,28,0,28,418
01/28/2022,ADS,TX,ASW,CE,Towers with Radar,0,19,116,0,135,7,66,145,0,218,7,85,261,0,353,2,0,2,355
01/29/2022,ADS,TX,ASW,CE,Towers with Radar,0,10,44,0,54,0,45,151,2,198,0,55,195,2,252,18,0,18,270
01/30/2022,ADS,TX,ASW,CE,Towers with Radar,0,45,120,1,166,0,67,174,0,241,0,112,294,1,407,16,0,16,423
01/31/2022,ADS,TX,ASW,CE,Towers with Radar,0,27,105,0,132,0,68,141,0,209,0,95,246,0,341,10,0,10,351
02/01/2022,ADS,TX,ASW,CE,Towers with Radar,0,32,129,0,161,0,28,91,0,119,0,60,220,0,280,0,0,0,280
02/02/2022,ADS,TX,ASW,CE,Towers with Radar,0,30,88,0,118,0,0,1,0,1,0,30,89,0,119,0,0,0,119
02/03/2022,ADS,TX,ASW,CE,Towers with Radar,0,2,5,0,7,0,0,0,0,0,0,2,5,0,7,0,0,0,7
02/04/2022,ADS,TX,ASW,CE,Towers with Radar,0,17,52,0,69,0,1,14,0,15,0,18,66,0,84,5,0,5,89
02/05/2022,ADS,TX,ASW,CE,Towers with Radar,2,20,73,0,95,0,55,151,0,206,2,75,224,0,301,4,0,4,305
02/06/2022,ADS,TX,ASW,CE,Towers with Radar,3,25,91,0,119,0,75,205,0,280,3,100,296,0,399,4,0,4,403
02/07/2022,ADS,TX,ASW,CE,Towers with Radar,2,38,110,1,151,0,70,197,0,267,2,108,307,1,418,0,0,0,418
02/08/2022,ADS,TX,ASW,CE,Towers with Radar,2,43,112,1,158,0,64,168,1,233,2,107,280,2,391,2,0,2,393
02/09/2022,ADS,TX,ASW,CE,Towers with Radar,1,52,103,0,156,0,76,219,2,297,1,128,322,2,453,20,0,20,473
02/10/2022,ADS,TX,ASW,CE,Towers with Radar,2,39,129,2,172,0,84,237,1,322,2,123,366,3,494,0,0,0,494
02/11/2022,ADS,TX,ASW,CE,Towers with Radar,2,34,139,1,176,0,54,204,0,258,2,88,343,1,434,0,0,0,434
02/12/2022,ADS,TX,ASW,CE,Towers with Radar,2,17,50,0,69,0,13,89,1,103,2,30,139,1,172,2,0,2,174
02/13/2022,ADS,TX,ASW,CE,Towers with Radar,3,23,82,0,108,0,67,180,1,248,3,90,262,1,356,0,0,0,356
02/14/2022,ADS,TX,ASW,CE,Towers with Radar,1,43,103,0,147,0,60,194,1,255,1,103,297,1,402,2,0,2,404
02/15/2022,ADS,TX,ASW,CE,Towers with Radar,2,22,102,0,126,0,18,92,0,110,2,40,194,0,236,2,0,2,238
02/16/2022,ADS,TX,ASW,CE,Towers with Radar,3,35,107,0,145,0,0,9,1,10,3,35,116,1,155,0,0,0,155
02/17/2022,ADS,TX,ASW,CE,Towers with Radar,5,27,132,2,166,0,1,11,0,12,5,28,143,2,178,0,0,0,178
02/18/2022,ADS,TX,ASW,CE,Towers with Radar,2,27,117,1,147,0,98,218,1,317,2,125,335,2,464,4,0,4,468
02/19/2022,ADS,TX,ASW,CE,Towers with Radar,1,16,57,0,74,0,76,259,0,335,1,92,316,0,409,0,0,0,409
02/20/2022,ADS,TX,ASW,CE,Towers with Radar,0,22,101,1,124,0,31,165,0,196,0,53,266,1,320,0,0,0,320
02/21/2022,ADS,TX,ASW,CE,Towers with Radar,0,21,159,0,180,0,21,57,0,78,0,42,216,0,258,2,0,2,260
02/22/2022,ADS,TX,ASW,CE,Towers with Radar,0,31,152,0,183,0,28,112,0,140,0,59,264,0,323,0,0,0,323
02/23/2022,ADS,TX,ASW,CE,Towers with Radar,0,9,36,0,45,0,0,0,0,0,0,9,36,0,45,0,0,0,45
02/24/2022,ADS,TX,ASW,CE,Towers with Radar,0,9,34,0,43,0,0,0,0,0,0,9,34,0,43,0,0,0,43
02/25/2022,ADS,TX,ASW,CE,Towers with Radar,0,39,101,0,140,0,64,131,2,197,0,103,232,2,337,1,0,1,338
02/26/2022,ADS,TX,ASW,CE,Towers with Radar,0,14,39,0,53,0,3,6,0,9,0,17,45,0,62,0,0,0,62
02/27/2022,ADS,TX,ASW,CE,Towers with Radar,0,26,116,0,142,0,97,212,0,309,0,123,328,0,451,10,0,10,461
02/28/2022,ADS,TX,ASW,CE,Towers with Radar,0,30,108,0,138,0,84,197,1,282,0,114,305,1,420,2,0,2,422
03/01/2022,ADS,TX,ASW,CE,Towers with Radar,0,29,112,0,141,0,89,193,2,284,0,118,305,2,425,2,0,2,427
03/02/2022,ADS,TX,ASW,CE,Towers with Radar,1,21,113,0,135,0,76,225,0,301,1,97,338,0,436,0,0,0,436
03/03/2022,ADS,TX,ASW,CE,Towers with Radar,0,36,135,1,172,0,103,231,1,335,0,139,366,2,507,4,0,4,511
03/04/2022,ADS,TX,ASW,CE,Towers with Radar,0,55,196,0,251,0,24,62,0,86,0,79,258,0,337,0,0,0,337
03/05/2022,ADS,TX,ASW,CE,Towers with Radar,0,20,110,0,130,0,6,80,0,86,0,26,190,0,216,8,0,8,224
03/06/2022,ADS,TX,ASW,CE,Towers with Radar,0,32,106,0,138,0,2,25,0,27,0,34,131,0,165,0,0,0,165
03/07/2022,ADS,TX,ASW,CE,Towers with Radar,0,34,106,0,140,0,53,141,0,194,0,87,247,0,334,0,0,0,334
03/08/2022,ADS,TX,ASW,CE,Towers with Radar,0,37,121,0,158,0,32,68,0,100,0,69,189,0,258,2,0,2,260
03/09/2022,ADS,TX,ASW,CE,Towers with Radar,0,25,118,0,143,0,92,260,8,360,0,117,378,8,503,4,0,4,507
03/10/2022,ADS,TX,ASW,CE,Towers with Radar,0,48,106,0,154,0,78,224,0,302,0,126,330,0,456,97,0,97,553
03/11/2022,ADS,TX,ASW,CE,Towers with Radar,0,32,96,0,128,0,0,9,0,9,0,32,105,0,137,0,0,0,137
03/12/2022,ADS,TX,ASW,CE,Towers with Radar,0,29,123,0,152,0,63,213,0,276,0,92,336,0,428,20,0,20,448
03/13/2022,ADS,TX,ASW,CE,Towers with Radar,0,34,99,0,133,0,59,169,1,229,0,93,268,1,362,18,0,18,380
03/14/2022,ADS,TX,ASW,CE,Towers with Radar,0,33,107,0,140,0,0,31,0,31,0,33,138,0,171,2,0,2,173
03/15/2022,ADS,TX,ASW,CE,Towers with Radar,0,19,112,0,131,0,68,171,1,240,0,87,283,1,371,12,0,12,383
03/16/2022,ADS,TX,ASW,CE,Towers with Radar,0,29,113,0,142,0,84,201,2,287,0,113,314,2,429,2,0,2,431
03/17/2022,ADS,TX,ASW,CE,Towers with Radar,0,32,93,0,125,0,13,73,0,86,0,45,166,0,211,0,0,0,211
03/18/2022,ADS,TX,ASW,CE,Towers with Radar,0,21,112,0,133,0,11,81,0,92,0,32,193,0,225,0,0,0,225
03/19/2022,ADS,TX,ASW,CE,Towers with Radar,0,38,86,2,126,0,94,270,0,364,0,132,356,2,490,0,0,0,490
03/20/2022,ADS,TX,ASW,CE,Towers with Radar,0,55,147,0,202,0,66,219,0,285,0,121,366,0,487,2,0,2,489
03/21/2022,ADS,TX,ASW,CE,Towers with Radar,0,26,59,0,85,0,0,3,0,3,0,26,62,0,88,0,0,0,88
03/22/2022,ADS,TX,ASW,CE,Towers with Radar,0,39,107,0,146,0,22,65,0,87,0,61,172,0,233,0,0,0,233
03/23/2022,ADS,TX,ASW,CE,Towers with Radar,0,40,122,0,162,0,59,169,0,228,0,99,291,0,390,2,0,2,392
03/24/2022,ADS,TX,ASW,CE,Towers with Radar,0,27,125,0,152,0,95,223,0,318,0,122,348,0,470,1,0,1,471
03/25/2022,ADS,TX,ASW,CE,Towers with Radar,0,43,139,2,184,0,90,270,0,360,0,133,409,2,544,0,0,0,544
03/26/2022,ADS,TX,ASW,CE,Towers with Radar,0,29,72,0,101,0,89,270,0,359,0,118,342,0,460,4,0,4,464
03/27/2022,ADS,TX,ASW,CE,Towers with Radar,0,29,142,2,173,0,92,208,0,300,0,121,350,2,473,6,0,6,479
03/28/2022,ADS,TX,ASW,CE,Towers with Radar,0,33,130,0,163,0,64,146,2,212,0,97,276,2,375,2,0,2,377
03/29/2022,ADS,TX,ASW,CE,Towers with Radar,4,23,117,0,144,0,4,35,0,39,4,27,152,0,183,0,0,0,183
03/30/2022,ADS,TX,ASW,CE,Towers with Radar,0,24,94,0,118,0,11,74,0,85,0,35,168,0,203,9,0,9,212
03/31/2022,ADS,TX,ASW,CE,Towers with Radar,3,30,134,0,167,0,65,208,1,274,3,95,342,1,441,4,0,4,445
04/01/2022,ADS,TX,ASW,CE,Towers with Radar,0,44,133,0,177,0,85,222,0,307,0,129,355,0,484,0,0,0,484
04/02/2022,ADS,TX,ASW,CE,Towers with Radar,0,28,64,0,92,0,94,204,1,299,0,122,268,1,391,2,0,2,393
04/03/2022,ADS,TX,ASW,CE,Towers with Radar,1,36,103,0,140,0,75,163,0,238,1,111,266,0,378,6,0,6,384
04/04/2022,ADS,TX,ASW,CE,Towers with Radar,1,28,117,0,146,0,13,42,0,55,1,41,159,0,201,10,0,10,211
04/05/2022,ADS,TX,ASW,CE,Towers with Radar,0,29,122,0,151,0,47,190,0,237,0,76,312,0,388,0,0,0,388
04/06/2022,ADS,TX,ASW,CE,Towers with Radar,3,29,109,0,141,0,21,121,0,142,3,50,230,0,283,0,0,0,283
04/07/2022,ADS,TX,ASW,CE,Towers with Radar,1,27,100,0,128,0,28,92,1,121,1,55,192,1,249,0,0,0,249
04/08/2022,ADS,TX,ASW,CE,Towers with Radar,1,31,105,0,137,0,19,107,0,126,1,50,212,0,263,0,0,0,263
04/09/2022,ADS,TX,ASW,CE,Towers with Radar,0,0,0,0,0,0,0,0,0,0,0,0,0,0,0,0,0,0,0
04/10/2022,ADS,TX,ASW,CE,Towers with Radar,0,0,0,0,0,0,0,3,0,3,0,0,3,0,3,0,0,0,3
04/11/2022,ADS,TX,ASW,CE,Towers with Radar,0,0,0,0,0,0,0,0,0,0,0,0,0,0,0,0,0,0,0
04/12/2022,ADS,TX,ASW,CE,Towers with Radar,0,0,0,0,0,0,0,0,0,0,0,0,0,0,0,0,0,0,0
04/13/2022,ADS,TX,ASW,CE,Towers with Radar,0,14,46,0,60,0,4,33,0,37,0,18,79,0,97,8,0,8,105
04/14/2022,ADS,TX,ASW,CE,Towers with Radar,0,55,143,0,198,0,85,279,0,364,0,140,422,0,562,0,0,0,562
04/15/2022,ADS,TX,ASW,CE,Towers with Radar,0,30,145,0,175,0,34,104,0,138,0,64,249,0,313,0,0,0,313
04/16/2022,ADS,TX,ASW,CE,Towers with Radar,0,26,94,0,120,0,21,48,0,69,0,47,142,0,189,26,0,26,215
04/17/2022,ADS,TX,ASW,CE,Towers with Radar,0,45,86,0,131,0,19,69,0,88,0,64,155,0,219,6,0,6,225
04/18/2022,ADS,TX,ASW,CE,Towers with Radar,0,47,148,1,196,0,56,139,0,195,0,103,287,1,391,14,0,14,405
04/19/2022,ADS,TX,ASW,CE,Towers with Radar,0,46,132,3,181,0,35,142,0,177,0,81,274,3,358,6,0,6,364
04/20/2022,ADS,TX,ASW,CE,Towers with Radar,0,40,153,1,194,0,2,33,0,35,0,42,186,1,229,0,0,0,229
04/21/2022,ADS,TX,ASW,CE,Towers with Radar,0,47,152,3,202,0,10,66,1,77,0,57,218,4,279,0,0,0,279
04/22/2022,ADS,TX,ASW,CE,Towers with Radar,0,28,128,0,156,0,8,51,0,59,0,36,179,0,215,0,0,0,215
04/23/2022,ADS,TX,ASW,CE,Towers with Radar,0,27,55,0,82,0,7,40,0,47,0,34,95,0,129,0,0,0,129
04/24/2022,ADS,TX,ASW,CE,Towers with Radar,0,45,103,0,148,0,6,33,0,39,0,51,136,0,187,19,0,19,206
04/25/2022,ADS,TX,ASW,CE,Towers with Radar,0,25,94,0,119,0,40,96,0,136,0,65,190,0,255,0,0,0,255
04/26/2022,ADS,TX,ASW,CE,Towers with Radar,0,28,111,0,139,0,93,244,0,337,0,121,355,0,476,0,0,0,476
04/27/2022,ADS,TX,ASW,CE,Towers with Radar,2,47,146,0,195,0,97,246,0,343,2,144,392,0,538,4,0,4,542
04/28/2022,ADS,TX,ASW,CE,Towers with Radar,2,38,158,1,199,0,69,144,1,214,2,107,302,2,413,0,0,0,413
04/29/2022,ADS,TX,ASW,CE,Towers with Radar,0,42,147,0,189,0,20,74,0,94,0,62,221,0,283,30,0,30,313
04/30/2022,ADS,TX,ASW,CE,Towers with Radar,0,29,68,0,97,0,54,145,0,199,0,83,213,0,296,26,0,26,322
05/01/2022,ADS,TX,ASW,CE,Towers with Radar,0,42,121,1,164,0,75,208,0,283,0,117,329,1,447,4,0,4,451
05/02/2022,ADS,TX,ASW,CE,Towers with Radar,0,25,97,1,123,0,13,51,0,64,0,38,148,1,187,0,0,0,187
05/03/2022,ADS,TX,ASW,CE,Towers with Radar,0,50,127,0,177,0,3,10,0,13,0,53,137,0,190,0,0,0,190
05/04/2022,ADS,TX,ASW,CE,Towers with Radar,0,38,136,1,175,0,22,41,0,63,0,60,177,1,238,0,0,0,238
05/05/2022,ADS,TX,ASW,CE,Towers with Radar,1,36,128,0,165,0,11,45,0,56,1,47,173,0,221,1,0,1,222
05/06/2022,ADS,TX,ASW,CE,Towers with Radar,0,35,122,0,157,0,96,267,0,363,0,131,389,0,520,18,0,18,538
05/07/2022,ADS,TX,ASW,CE,Towers with Radar,0,27,116,0,143,0,29,108,0,137,0,56,224,0,280,4,0,4,284
05/08/2022,ADS,TX,ASW,CE,Towers with Radar,1,23,91,0,115,0,11,79,0,90,1,34,170,0,205,0,0,0,205
05/09/2022,ADS,TX,ASW,CE,Towers with Radar,0,23,127,0,150,0,6,68,0,74,0,29,195,0,224,2,0,2,226
05/10/2022,ADS,TX,ASW,CE,Towers with Radar,0,34,146,0,180,0,53,129,0,182,0,87,275,0,362,0,0,0,362
05/11/2022,ADS,TX,ASW,CE,Towers with Radar,0,38,129,0,167,0,108,190,0,298,0,146,319,0,465,0,0,0,465
05/12/2022,ADS,TX,ASW,CE,Towers with Radar,2,52,132,0,186,0,80,178,0,258,2,132,310,0,444,9,0,9,453
05/13/2022,ADS,TX,ASW,CE,Towers with Radar,0,35,101,1,137,0,82,174,0,256,0,117,275,1,393,10,0,10,403
05/14/2022,ADS,TX,ASW,CE,Towers with Radar,0,28,77,0,105,0,75,182,0,257,0,103,259,0,362,49,0,49,411
05/15/2022,ADS,TX,ASW,CE,Towers with Radar,0,26,111,1,138,0,58,179,0,237,0,84,290,1,375,0,0,0,375
05/16/2022,ADS,TX,ASW,CE,Towers with Radar,0,38,117,0,155,0,65,172,0,237,0,103,289,0,392,11,0,11,403
05/17/2022,ADS,TX,ASW,CE,Towers with Radar,0,27,96,0,123,0,90,156,0,246,0,117,252,0,369,0,0,0,369
05/18/2022,ADS,TX,ASW,CE,Towers with Radar,2,25,144,2,173,0,59,147,0,206,2,84,291,2,379,0,0,0,379
05/19/2022,ADS,TX,ASW,CE,Towers with Radar,0,33,129,0,162,0,25,142,0,167,0,58,271,0,329,30,0,30,359
05/20/2022,ADS,TX,ASW,CE,Towers with Radar,0,41,98,0,139,0,5,108,0,113,0,46,206,0,252,0,0,0,252
05/21/2022,ADS,TX,ASW,CE,Towers with Radar,0,28,69,0,97,0,31,67,0,98,0,59,136,0,195,8,0,8,203
05/22/2022,ADS,TX,ASW,CE,Towers with Radar,2,40,156,0,198,0,30,76,0,106,2,70,232,0,304,20,0,20,324
05/23/2022,ADS,TX,ASW,CE,Towers with Radar,0,36,151,0,187,0,4,48,0,52,0,40,199,0,239,0,0,0,239
05/24/2022,ADS,TX,ASW,CE,Towers with Radar,0,28,74,0,102,0,0,9,0,9,0,28,83,0,111,0,0,0,111
05/25/2022,ADS,TX,ASW,CE,Towers with Radar,0,51,148,0,199,0,4,68,0,72,0,55,216,0,271,0,0,0,271
05/26/2022,ADS,TX,ASW,CE,Towers with Radar,0,30,115,0,145,0,105,232,1,338,0,135,347,1,483,3,0,3,486
05/27/2022,ADS,TX,ASW,CE,Towers with Radar,1,32,107,0,140,0,107,240,0,347,1,139,347,0,487,12,0,12,499
05/28/2022,ADS,TX,ASW,CE,Towers with Radar,0,19,41,0,60,0,79,159,0,238,0,98,200,0,298,16,0,16,314
05/29/2022,ADS,TX,ASW,CE,Towers with Radar,1,23,66,0,90,0,11,68,0,79,1,34,134,0,169,0,0,0,169
05/30/2022,ADS,TX,ASW,CE,Towers with Radar,0,19,62,0,81,0,3,60,0,63,0,22,122,0,144,12,0,12,156
05/31/2022,ADS,TX,ASW,CE,Towers with Radar,0,33,105,0,138,0,34,137,0,171,0,67,242,0,309,0,0,0,309
06/01/2022,ADS,TX,ASW,CE,Towers with Radar,0,23,120,0,143,0,39,83,0,122,0,62,203,0,265,17,0,17,282
06/02/2022,ADS,TX,ASW,CE,Towers with Radar,0,29,131,0,160,0,87,139,0,226,0,116,270,0,386,0,0,0,386
06/03/2022,ADS,TX,ASW,CE,Towers with Radar,0,39,119,0,158,0,59,112,0,171,0,98,231,0,329,4,0,4,333
06/04/2022,ADS,TX,ASW,CE,Towers with Radar,0,32,70,13,115,0,93,195,0,288,0,125,265,13,403,4,0,4,407
06/05/2022,ADS,TX,ASW,CE,Towers with Radar,0,36,109,0,145,0,61,159,0,220,0,97,268,0,365,0,0,0,365
06/06/2022,ADS,TX,ASW,CE,Towers with Radar,2,55,79,0,136,0,64,127,0,191,2,119,206,0,327,4,0,4,331
06/07/2022,ADS,TX,ASW,CE,Towers with Radar,2,32,107,2,143,0,76,161,2,239,2,108,268,4,382,4,0,4,386
06/08/2022,ADS,TX,ASW,CE,Towers with Radar,1,26,102,0,129,0,46,136,0,182,1,72,238,0,311,0,0,0,311
06/09/2022,ADS,TX,ASW,CE,Towers with Radar,0,33,131,1,165,0,85,153,0,238,0,118,284,1,403,4,0,4,407
06/10/2022,ADS,TX,ASW,CE,Towers with Radar,0,33,87,0,120,0,94,199,0,293,0,127,286,0,413,12,0,12,425
06/11/2022,ADS,TX,ASW,CE,Towers with Radar,0,35,76,1,112,0,89,169,0,258,0,124,245,1,370,0,0,0,370
06/12/2022,ADS,TX,ASW,CE,Towers with Radar,0,40,91,9,140,0,64,130,1,195,0,104,221,10,335,7,0,7,342
06/13/2022,ADS,TX,ASW,CE,Towers with Radar,0,29,97,2,128,0,57,136,0,193,0,86,233,2,321,0,0,0,321
06/14/2022,ADS,TX,ASW,CE,Towers with Radar,0,37,111,0,148,0,13,115,0,128,0,50,226,0,276,0,0,0,276
06/15/2022,ADS,TX,ASW,CE,Towers with Radar,1,31,121,0,153,0,23,101,0,124,1,54,222,0,277,0,0,0,277
06/16/2022,ADS,TX,ASW,CE,Towers with Radar,2,39,139,2,182,0,108,194,0,302,2,147,333,2,484,12,0,12,496
06/17/2022,ADS,TX,ASW,CE,Towers with Radar,0,34,85,0,119,0,83,179,0,262,0,117,264,0,381,2,0,2,383
06/18/2022,ADS,TX,ASW,CE,Towers with Radar,0,20,73,0,93,0,101,171,0,272,0,121,244,0,365,42,0,42,407
06/19/2022,ADS,TX,ASW,CE,Towers with Radar,0,19,79,0,98,0,41,112,0,153,0,60,191,0,251,6,0,6,257
06/20/2022,ADS,TX,ASW,CE,Towers with Radar,0,44,109,0,153,0,99,151,0,250,0,143,260,0,403,0,0,0,403
06/21/2022,ADS,TX,ASW,CE,Towers with Radar,0,33,99,0,132,0,125,164,2,291,0,158,263,2,423,4,0,4,427
06/22/2022,ADS,TX,ASW,CE,Towers with Radar,0,28,108,0,136,0,115,176,0,291,0,143,284,0,427,7,0,7,434
06/23/2022,ADS,TX,ASW,CE,Towers with Radar,2,29,109,0,140,0,94,177,0,271,2,123,286,0,411,0,0,0,411
06/24/2022,ADS,TX,ASW,CE,Towers with Radar,0,37,108,0,145,0,86,195,0,281,0,123,303,0,426,8,0,8,434
06/25/2022,ADS,TX,ASW,CE,Towers with Radar,0,27,69,0,96,0,100,162,0,262,0,127,231,0,358,8,0,8,366
06/26/2022,ADS,TX,ASW,CE,Towers with Radar,0,16,88,1,105,0,73,132,0,205,0,89,220,1,310,8,0,8,318
06/27/2022,ADS,TX,ASW,CE,Towers with Radar,0,32,96,0,128,0,55,135,0,190,0,87,231,0,318,0,0,0,318
06/28/2022,ADS,TX,ASW,CE,Towers with Radar,1,42,113,0,156,0,78,185,0,263,1,120,298,0,419,0,0,0,419
06/29/2022,ADS,TX,ASW,CE,Towers with Radar,0,35,119,1,155,0,96,186,0,282,0,131,305,1,437,17,0,17,454
06/30/2022,ADS,TX,ASW,CE,Towers with Radar,1,31,124,1,157,0,94,160,0,254,1,125,284,1,411,19,0,19,430
07/01/2022,ADS,TX,ASW,CE,Towers with Radar,1,21,99,0,121,0,84,192,0,276,1,105,291,0,397,6,0,6,403
07/02/2022,ADS,TX,ASW,CE,Towers with Radar,0,30,54,0,84,0,68,167,0,235,0,98,221,0,319,0,0,0,319
07/03/2022,ADS,TX,ASW,CE,Towers with Radar,0,13,49,0,62,0,54,98,3,155,0,67,147,3,217,0,0,0,217
07/04/2022,ADS,TX,ASW,CE,Towers with Radar,0,23,54,0,77,0,62,91,0,153,0,85,145,0,230,9,0,9,239
07/05/2022,ADS,TX,ASW,CE,Towers with Radar,0,33,74,1,108,0,63,142,0,205,0,96,216,1,313,0,0,0,313
07/06/2022,ADS,TX,ASW,CE,Towers with Radar,0,22,87,0,109,0,101,175,0,276,0,123,262,0,385,0,0,0,385
07/07/2022,ADS,TX,ASW,CE,Towers with Radar,0,26,85,0,111,0,79,178,0,257,0,105,263,0,368,4,0,4,372
07/08/2022,ADS,TX,ASW,CE,Towers with Radar,0,26,100,0,126,0,102,152,0,254,0,128,252,0,380,0,0,0,380
07/09/2022,ADS,TX,ASW,CE,Towers with Radar,0,6,59,0,65,0,63,133,0,196,0,69,192,0,261,2,0,2,263
07/10/2022,ADS,TX,ASW,CE,Towers with Radar,0,30,87,0,117,0,96,126,0,222,0,126,213,0,339,0,0,0,339
07/11/2022,ADS,TX,ASW,CE,Towers with Radar,0,27,73,0,100,0,68,165,0,233,0,95,238,0,333,0,0,0,333
07/12/2022,ADS,TX,ASW,CE,Towers with Radar,2,30,100,0,132,0,50,159,0,209,2,80,259,0,341,2,0,2,343
07/13/2022,ADS,TX,ASW,CE,Towers with Radar,0,39,92,0,131,0,86,176,0,262,0,125,268,0,393,4,0,4,397
07/14/2022,ADS,TX,ASW,CE,Towers with Radar,0,40,80,0,120,0,64,157,0,221,0,104,237,0,341,0,0,0,341
07/15/2022,ADS,TX,ASW,CE,Towers with Radar,0,24,78,2,104,0,67,180,0,247,0,91,258,2,351,0,0,0,351
07/16/2022,ADS,TX,ASW,CE,Towers with Radar,0,21,70,0,91,0,68,122,0,190,0,89,192,0,281,4,0,4,285
07/17/2022,ADS,TX,ASW,CE,Towers with Radar,2,22,72,0,96,0,34,114,0,148,2,56,186,0,244,0,0,0,244
07/18/2022,ADS,TX,ASW,CE,Towers with Radar,0,34,67,0,101,0,43,154,0,197,0,77,221,0,298,0,0,0,298
07/19/2022,ADS,TX,ASW,CE,Towers with Radar,0,22,103,0,125,0,42,133,0,175,0,64,236,0,300,0,0,0,300
07/20/2022,ADS,TX,ASW,CE,Towers with Radar,0,39,92,0,131,0,61,144,0,205,0,100,236,0,336,9,0,9,345
07/21/2022,ADS,TX,ASW,CE,Towers with Radar,0,45,107,0,152,0,104,148,0,252,0,149,255,0,404,16,0,16,420
07/22/2022,ADS,TX,ASW,CE,Towers with Radar,0,29,96,2,127,0,76,185,0,261,0,105,281,2,388,0,0,0,388
07/23/2022,ADS,TX,ASW,CE,Towers with Radar,0,17,59,0,76,0,87,180,0,267,0,104,239,0,343,0,0,0,343
07/24/2022,ADS,TX,ASW,CE,Towers with Radar,0,27,87,0,114,0,71,137,0,208,0,98,224,0,322,2,0,2,324
07/25/2022,ADS,TX,ASW,CE,Towers with Radar,0,33,80,1,114,0,65,131,0,196,0,98,211,1,310,0,0,0,310
07/26/2022,ADS,TX,ASW,CE,Towers with Radar,0,22,95,0,117,0,93,162,0,255,0,115,257,0,372,28,0,28,400
07/27/2022,ADS,TX,ASW,CE,Towers with Radar,0,38,115,0,153,0,97,143,0,240,0,135,258,0,393,22,0,22,415
07/28/2022,ADS,TX,ASW,CE,Towers with Radar,0,32,114,0,146,0,82,146,0,228,0,114,260,0,374,0,0,0,374
07/29/2022,ADS,TX,ASW,CE,Towers with Radar,1,33,87,0,121,0,69,144,0,213,1,102,231,0,334,23,0,23,357
07/30/2022,ADS,TX,ASW,CE,Towers with Radar,0,24,71,0,95,0,53,141,1,195,0,77,212,1,290,22,0,22,312
07/31/2022,ADS,TX,ASW,CE,Towers with Radar,0,34,91,0,125,0,80,142,0,222,0,114,233,0,347,13,0,13,360
08/01/2022,ADS,TX,ASW,CE,Towers with Radar,0,31,97,0,128,0,77,149,0,226,0,108,246,0,354,8,0,8,362
08/02/2022,ADS,TX,ASW,CE,Towers with Radar,0,34,92,0,126,0,48,155,0,203,0,82,247,0,329,12,0,12,341
08/03/2022,ADS,TX,ASW,CE,Towers with Radar,0,37,95,0,132,0,51,148,0,199,0,88,243,0,331,0,0,0,331
08/04/2022,ADS,TX,ASW,CE,Towers with Radar,0,22,130,1,153,0,87,162,0,249,0,109,292,1,402,0,0,0,402
08/05/2022,ADS,TX,ASW,CE,Towers with Radar,0,24,103,0,127,0,76,209,0,285,0,100,312,0,412,27,0,27,439
08/06/2022,ADS,TX,ASW,CE,Towers with Radar,0,21,71,0,92,0,73,181,0,254,0,94,252,0,346,8,0,8,354
08/07/2022,ADS,TX,ASW,CE,Towers with Radar,0,28,83,1,112,0,67,141,0,208,0,95,224,1,320,5,0,5,325
08/08/2022,ADS,TX,ASW,CE,Towers with Radar,0,26,100,0,126,0,72,159,0,231,0,98,259,0,357,24,0,24,381
08/09/2022,ADS,TX,ASW,CE,Towers with Radar,0,25,104,0,129,0,57,123,0,180,0,82,227,0,309,23,0,23,332
08/10/2022,ADS,TX,ASW,CE,Towers with Radar,0,28,101,0,129,0,65,133,0,198,0,93,234,0,327,0,0,0,327
08/11/2022,ADS,TX,ASW,CE,Towers with Radar,0,32,108,0,140,0,101,162,0,263,0,133,270,0,403,13,0,13,416
08/12/2022,ADS,TX,ASW,CE,Towers with Radar,0,28,94,0,122,0,82,164,1,247,0,110,258,1,369,21,0,21,390
08/13/2022,ADS,TX,ASW,CE,Towers with Radar,0,20,53,0,73,0,68,171,1,240,0,88,224,1,313,12,0,12,325
08/14/2022,ADS,TX,ASW,CE,Towers with Radar,0,33,100,1,134,0,74,159,0,233,0,107,259,1,367,13,0,13,380
08/15/2022,ADS,TX,ASW,CE,Towers with Radar,0,34,107,1,142,0,71,119,0,190,0,105,226,1,332,8,0,8,340
08/16/2022,ADS,TX,ASW,CE,Towers with Radar,0,42,96,2,140,0,72,167,0,239,0,114,263,2,379,4,0,4,383
08/17/2022,ADS,TX,ASW,CE,Towers with Radar,0,31,108,1,140,0,60,179,0,239,0,91,287,1,379,0,0,0,379
08/18/2022,ADS,TX,ASW,CE,Towers with Radar,0,38,140,0,178,0,9,41,0,50,0,47,181,0,228,19,0,19,247
08/19/2022,ADS,TX,ASW,CE,Towers with Radar,0,19,121,0,140,0,46,107,0,153,0,65,228,0,293,9,0,9,302
08/20/2022,ADS,TX,ASW,CE,Towers with Radar,0,25,90,0,115,0,52,147,0,199,0,77,237,0,314,2,0,2,316
08/21/2022,ADS,TX,ASW,CE,Towers with Radar,0,23,116,1,140,0,3,22,0,25,0,26,138,1,165,0,0,0,165
08/22/2022,ADS,TX,ASW,CE,Towers with Radar,0,36,71,1,108,0,0,1,0,1,0,36,72,1,109,0,0,0,109
08/23/2022,ADS,TX,ASW,CE,Towers with Radar,0,45,121,0,166,0,22,29,0,51,0,67,150,0,217,0,0,0,217
08/24/2022,ADS,TX,ASW,CE,Towers with Radar,0,37,110,0,147,0,65,110,1,176,0,102,220,1,323,0,0,0,323
08/25/2022,ADS,TX,ASW,CE,Towers with Radar,0,32,114,0,146,0,98,184,0,282,0,130,298,0,428,3,0,3,431
08/26/2022,ADS,TX,ASW,CE,Towers with Radar,0,22,100,0,122,0,91,201,0,292,0,113,301,0,414,28,0,28,442
08/27/2022,ADS,TX,ASW,CE,Towers with Radar,1,14,48,0,63,0,78,191,0,269,1,92,239,0,332,20,0,20,352
08/28/2022,ADS,TX,ASW,CE,Towers with Radar,0,35,78,0,113,0,83,204,0,287,0,118,282,0,400,0,0,0,400
08/29/2022,ADS,TX,ASW,CE,Towers with Radar,1,36,81,2,120,0,71,154,0,225,1,107,235,2,345,14,0,14,359
08/30/2022,ADS,TX,ASW,CE,Towers with Radar,0,36,109,0,145,0,18,37,0,55,0,54,146,0,200,18,0,18,218
08/31/2022,ADS,TX,ASW,CE,Towers with Radar,0,44,116,0,160,0,38,82,0,120,0,82,198,0,280,4,0,4,284
09/01/2022,ADS,TX,ASW,CE,Towers with Radar,0,36,127,0,163,0,48,108,0,156,0,84,235,0,319,0,0,0,319
09/02/2022,ADS,TX,ASW,CE,Towers with Radar,0,42,150,0,192,0,32,59,0,91,0,74,209,0,283,0,0,0,283
09/03/2022,ADS,TX,ASW,CE,Towers with Radar,0,20,54,1,75,0,92,164,1,257,0,112,218,2,332,0,0,0,332
09/04/2022,ADS,TX,ASW,CE,Towers with Radar,0,17,49,0,66,0,60,128,0,188,0,77,177,0,254,8,0,8,262
09/05/2022,ADS,TX,ASW,CE,Towers with Radar,0,33,92,1,126,0,82,160,0,242,0,115,252,1,368,4,0,4,372
09/06/2022,ADS,TX,ASW,CE,Towers with Radar,0,24,97,4,125,0,91,170,0,261,0,115,267,4,386,16,0,16,402
09/07/2022,ADS,TX,ASW,CE,Towers with Radar,0,37,97,0,134,0,89,169,0,258,0,126,266,0,392,23,0,23,415
09/08/2022,ADS,TX,ASW,CE,Towers with Radar,0,48,104,0,152,0,96,149,0,245,0,144,253,0,397,2,0,2,399
09/09/2022,ADS,TX,ASW,CE,Towers with Radar,0,39,107,0,146,0,87,187,1,275,0,126,294,1,421,8,0,8,429
09/10/2022,ADS,TX,ASW,CE,Towers with Radar,0,27,94,0,121,0,88,194,0,282,0,115,288,0,403,28,0,28,431
09/11/2022,ADS,TX,ASW,CE,Towers with Radar,0,24,85,0,109,0,74,150,0,224,0,98,235,0,333,10,0,10,343
09/12/2022,ADS,TX,ASW,CE,Towers with Radar,1,29,112,0,142,0,88,156,0,244,1,117,268,0,386,0,0,0,386
09/13/2022,ADS,TX,ASW,CE,Towers with Radar,0,22,104,0,126,0,116,171,0,287,0,138,275,0,413,24,0,24,437
09/14/2022,ADS,TX,ASW,CE,Towers with Radar,0,37,125,0,162,0,96,147,0,243,0,133,272,0,405,1,0,1,406
09/15/2022,ADS,TX,ASW,CE,Towers with Radar,0,26,125,2,153,0,86,202,0,288,0,112,327,2,441,6,0,6,447
09/16/2022,ADS,TX,ASW,CE,Towers with Radar,0,41,98,0,139,0,92,195,0,287,0,133,293,0,426,10,0,10,436
09/17/2022,ADS,TX,ASW,CE,Towers with Radar,0,22,105,0,127,0,28,89,0,117,0,50,194,0,244,0,0,0,244
09/18/2022,ADS,TX,ASW,CE,Towers with Radar,0,27,118,0,145,0,90,133,0,223,0,117,251,0,368,2,0,2,370
09/19/2022,ADS,TX,ASW,CE,Towers with Radar,0,38,105,0,143,0,81,164,0,245,0,119,269,0,388,2,0,2,390
09/20/2022,ADS,TX,ASW,CE,Towers with Radar,0,29,94,0,123,0,106,160,0,266,0,135,254,0,389,0,0,0,389
09/21/2022,ADS,TX,ASW,CE,Towers with Radar,0,24,117,0,141,0,87,182,0,269,0,111,299,0,410,2,0,2,412
09/22/2022,ADS,TX,ASW,CE,Towers with Radar,0,20,115,0,135,0,82,179,0,261,0,102,294,0,396,32,0,32,428
09/23/2022,ADS,TX,ASW,CE,Towers with Radar,0,37,131,1,169,0,75,169,0,244,0,112,300,1,413,2,0,2,415
09/24/2022,ADS,TX,ASW,CE,Towers with Radar,0,20,75,0,95,0,91,186,1,278,0,111,261,1,373,14,0,14,387
09/25/2022,ADS,TX,ASW,CE,Towers with Radar,0,20,124,1,145,0,59,172,0,231,0,79,296,1,376,0,0,0,376
09/26/2022,ADS,TX,ASW,CE,Towers with Radar,0,22,101,0,123,0,58,180,0,238,0,80,281,0,361,0,0,0,361
09/27/2022,ADS,TX,ASW,CE,Towers with Radar,0,39,111,2,152,0,100,165,0,265,0,139,276,2,417,0,0,0,417
09/28/2022,ADS,TX,ASW,CE,Towers with Radar,0,39,116,0,155,0,118,192,0,310,0,157,308,0,465,8,0,8,473
09/29/2022,ADS,TX,ASW,CE,Towers with Radar,0,32,107,0,139,0,74,173,0,247,0,106,280,0,386,4,0,4,390
09/30/2022,ADS,TX,ASW,CE,Towers with Radar,0,26,94,0,120,0,116,206,0,322,0,142,300,0,442,0,0,0,442
10/01/2022,ADS,TX,ASW,CE,Towers with Radar,0,18,69,0,87,0,95,209,2,306,0,113,278,2,393,4,0,4,397
10/02/2022,ADS,TX,ASW,CE,Towers with Radar,0,33,89,0,122,0,86,173,0,259,0,119,262,0,381,12,0,12,393
10/03/2022,ADS,TX,ASW,CE,Towers with Radar,0,34,90,0,124,0,99,145,0,244,0,133,235,0,368,0,0,0,368
10/04/2022,ADS,TX,ASW,CE,Towers with Radar,0,30,103,0,133,0,105,175,0,280,0,135,278,0,413,0,0,0,413
10/05/2022,ADS,TX,ASW,CE,Towers with Radar,0,39,104,0,143,0,114,164,0,278,0,153,268,0,421,0,0,0,421
10/06/2022,ADS,TX,ASW,CE,Towers with Radar,2,28,107,0,137,0,82,195,0,277,2,110,302,0,414,10,0,10,424
10/07/2022,ADS,TX,ASW,CE,Towers with Radar,0,27,141,0,168,0,102,191,0,293,0,129,332,0,461,8,0,8,469
10/08/2022,ADS,TX,ASW,CE,Towers with Radar,0,18,59,0,77,0,85,124,0,209,0,103,183,0,286,2,0,2,288
10/09/2022,ADS,TX,ASW,CE,Towers with Radar,0,29,117,0,146,0,102,185,1,288,0,131,302,1,434,12,0,12,446
10/10/2022,ADS,TX,ASW,CE,Towers with Radar,0,34,93,0,127,0,91,151,0,242,0,125,244,0,369,2,0,2,371
10/11/2022,ADS,TX,ASW,CE,Towers with Radar,0,34,104,0,138,0,81,139,0,220,0,115,243,0,358,2,0,2,360
10/12/2022,ADS,TX,ASW,CE,Towers with Radar,0,30,102,0,132,1,81,150,0,232,1,111,252,0,364,0,0,0,364
10/13/2022,ADS,TX,ASW,CE,Towers with Radar,0,26,121,0,147,0,106,176,0,282,0,132,297,0,429,15,0,15,444
10/14/2022,ADS,TX,ASW,CE,Towers with Radar,0,37,114,1,152,0,78,173,2,253,0,115,287,3,405,6,0,6,411
10/15/2022,ADS,TX,ASW,CE,Towers with Radar,0,19,57,0,76,0,79,189,0,268,0,98,246,0,344,0,0,0,344
10/16/2022,ADS,TX,ASW,CE,Towers with Radar,1,40,122,1,164,0,0,18,0,18,1,40,140,1,182,0,0,0,182
10/17/2022,ADS,TX,ASW,CE,Towers with Radar,1,35,124,1,161,0,74,108,0,182,1,109,232,1,343,4,0,4,347
10/18/2022,ADS,TX,ASW,CE,Towers with Radar,2,15,100,0,117,0,88,161,0,249,2,103,261,0,366,4,0,4,370
10/19/2022,ADS,TX,ASW,CE,Towers with Radar,0,37,126,1,164,0,108,222,2,332,0,145,348,3,496,15,0,15,511
10/20/2022,ADS,TX,ASW,CE,Towers with Radar,0,43,116,0,159,0,86,173,0,259,0,129,289,0,418,0,0,0,418
10/21/2022,ADS,TX,ASW,CE,Towers with Radar,0,27,117,0,144,0,90,204,0,294,0,117,321,0,438,8,0,8,446
10/22/2022,ADS,TX,ASW,CE,Towers with Radar,0,14,55,0,69,0,11,93,0,104,0,25,148,0,173,4,0,4,177
10/23/2022,ADS,TX,ASW,CE,Towers with Radar,0,31,102,0,133,0,8,54,0,62,0,39,156,0,195,0,0,0,195
10/24/2022,ADS,TX,ASW,CE,Towers with Radar,0,21,81,0,102,0,3,2,0,5,0,24,83,0,107,0,0,0,107
10/25/2022,ADS,TX,ASW,CE,Towers with Radar,1,29,112,1,143,0,52,105,0,157,1,81,217,1,300,0,0,0,300
10/26/2022,ADS,TX,ASW,CE,Towers with Radar,0,43,100,0,143,0,143,260,0,403,0,186,360,0,546,26,0,26,572
10/27/2022,ADS,TX,ASW,CE,Towers with Radar,0,34,105,2,141,0,114,213,2,329,0,148,318,4,470,5,0,5,475
10/28/2022,ADS,TX,ASW,CE,Towers with Radar,0,23,93,0,116,0,0,4,0,4,0,23,97,0,120,0,0,0,120
10/29/2022,ADS,TX,ASW,CE,Towers with Radar,0,39,81,0,120,0,0,4,0,4,0,39,85,0,124,0,0,0,124
10/30/2022,ADS,TX,ASW,CE,Towers with Radar,0,34,90,0,124,0,92,207,0,299,0,126,297,0,423,19,0,19,442
10/31/2022,ADS,TX,ASW,CE,Towers with Radar,0,28,85,0,113,0,103,159,0,262,0,131,244,0,375,0,0,0,375
11/01/2022,ADS,TX,ASW,CE,Towers with Radar,0,28,124,2,154,0,112,185,0,297,0,140,309,2,451,4,0,4,455
11/02/2022,ADS,TX,ASW,CE,Towers with Radar,2,56,123,2,183,0,52,117,0,169,2,108,240,2,352,20,0,20,372
11/03/2022,ADS,TX,ASW,CE,Towers with Radar,0,37,176,0,213,0,8,42,0,50,0,45,218,0,263,0,0,0,263
11/04/2022,ADS,TX,ASW,CE,Towers with Radar,0,11,63,0,74,0,2,5,0,7,0,13,68,0,81,0,0,0,81
11/05/2022,ADS,TX,ASW,CE,Towers with Radar,0,27,62,0,89,0,105,250,0,355,0,132,312,0,444,0,0,0,444
11/06/2022,ADS,TX,ASW,CE,Towers with Radar,2,37,88,1,128,0,72,207,1,280,2,109,295,2,408,12,0,12,420
11/07/2022,ADS,TX,ASW,CE,Towers with Radar,0,18,124,0,142,0,3,10,0,13,0,21,134,0,155,0,0,0,155
11/08/2022,ADS,TX,ASW,CE,Towers with Radar,0,39,137,0,176,0,29,55,0,84,0,68,192,0,260,0,0,0,260
11/09/2022,ADS,TX,ASW,CE,Towers with Radar,0,45,142,0,187,0,59,167,0,226,0,104,309,0,413,0,0,0,413
11/10/2022,ADS,TX,ASW,CE,Towers with Radar,0,44,155,0,199,0,25,88,0,113,0,69,243,0,312,0,0,0,312
11/11/2022,ADS,TX,ASW,CE,Towers with Radar,0,29,86,0,115,0,2,9,0,11,0,31,95,0,126,0,0,0,126
11/12/2022,ADS,TX,ASW,CE,Towers with Radar,0,35,81,0,116,0,93,230,0,323,0,128,311,0,439,0,0,0,439
11/13/2022,ADS,TX,ASW,CE,Towers with Radar,0,54,102,0,156,0,100,197,0,297,0,154,299,0,453,6,0,6,459
11/14/2022,ADS,TX,ASW,CE,Towers with Radar,0,34,92,1,127,0,13,3,0,16,0,47,95,1,143,0,0,0,143
11/15/2022,ADS,TX,ASW,CE,Towers with Radar,0,50,121,0,171,0,25,57,0,82,0,75,178,0,253,0,0,0,253
11/16/2022,ADS,TX,ASW,CE,Towers with Radar,0,45,128,1,174,0,97,236,0,333,0,142,364,1,507,0,0,0,507
11/17/2022,ADS,TX,ASW,CE,Towers with Radar,0,35,123,1,159,0,102,234,0,336,0,137,357,1,495,0,0,0,495
11/18/2022,ADS,TX,ASW,CE,Towers with Radar,0,44,119,1,164,0,87,202,1,290,0,131,321,2,454,4,0,4,458
11/19/2022,ADS,TX,ASW,CE,Towers with Radar,0,24,65,0,89,0,84,184,0,268,0,108,249,0,357,8,0,8,365
11/20/2022,ADS,TX,ASW,CE,Towers with Radar,0,29,92,1,122,0,81,193,0,274,0,110,285,1,396,3,0,3,399
11/21/2022,ADS,TX,ASW,CE,Towers with Radar,0,29,95,0,124,0,78,144,0,222,0,107,239,0,346,14,0,14,360
11/22/2022,ADS,TX,ASW,CE,Towers with Radar,0,29,110,0,139,0,78,160,0,238,0,107,270,0,377,0,0,0,377
11/23/2022,ADS,TX,ASW,CE,Towers with Radar,0,26,93,2,121,0,11,27,2,40,0,37,120,4,161,0,0,0,161
11/24/2022,ADS,TX,ASW,CE,Towers with Radar,0,11,14,0,25,0,0,0,0,0,0,11,14,0,25,0,0,0,25
11/25/2022,ADS,TX,ASW,CE,Towers with Radar,0,25,108,0,133,0,0,6,0,6,0,25,114,0,139,0,0,0,139
11/26/2022,ADS,TX,ASW,CE,Towers with Radar,0,21,73,1,95,0,0,1,0,1,0,21,74,1,96,0,0,0,96
11/27/2022,ADS,TX,ASW,CE,Towers with Radar,0,27,107,0,134,0,53,172,0,225,0,80,279,0,359,8,0,8,367
11/28/2022,ADS,TX,ASW,CE,Towers with Radar,2,25,112,1,140,0,71,187,0,258,2,96,299,1,398,9,0,9,407
11/29/2022,ADS,TX,ASW,CE,Towers with Radar,1,20,111,2,134,0,15,105,0,120,1,35,216,2,254,0,0,0,254
11/30/2022,ADS,TX,ASW,CE,Towers with Radar,0,38,91,0,129,0,77,218,0,295,0,115,309,0,424,0,0,0,424
12/01/2022,ADS,TX,ASW,CE,Towers with Radar,0,31,114,0,145,0,49,197,0,246,0,80,311,0,391,0,0,0,391
12/02/2022,ADS,TX,ASW,CE,Towers with Radar,0,27,100,1,128,0,1,5,0,6,0,28,105,1,134,0,0,0,134
12/03/2022,ADS,TX,ASW,CE,Towers with Radar,0,11,78,1,90,0,67,165,0,232,0,78,243,1,322,4,0,4,326
12/04/2022,ADS,TX,ASW,CE,Towers with Radar,0,36,90,0,126,0,68,131,0,199,0,104,221,0,325,0,0,0,325
12/05/2022,ADS,TX,ASW,CE,Towers with Radar,0,27,94,0,121,0,31,69,0,100,0,58,163,0,221,1,0,1,222
12/06/2022,ADS,TX,ASW,CE,Towers with Radar,0,39,117,2,158,0,110,124,0,234,0,149,241,2,392,0,0,0,392
12/07/2022,ADS,TX,ASW,CE,Towers with Radar,0,26,83,0,109,0,0,14,0,14,0,26,97,0,123,0,0,0,123
12/08/2022,ADS,TX,ASW,CE,Towers with Radar,0,39,128,0,167,0,32,56,0,88,0,71,184,0,255,20,0,20,275
12/09/2022,ADS,TX,ASW,CE,Towers with Radar,0,41,140,1,182,0,0,7,0,7,0,41,147,1,189,4,0,4,193
12/10/2022,ADS,TX,ASW,CE,Towers with Radar,0,21,46,0,67,0,0,0,0,0,0,21,46,0,67,0,0,0,67
12/11/2022,ADS,TX,ASW,CE,Towers with Radar,0,38,111,0,149,0,2,11,0,13,0,40,122,0,162,0,0,0,162
12/12/2022,ADS,TX,ASW,CE,Towers with Radar,0,32,98,0,130,0,0,0,0,0,0,32,98,0,130,0,0,0,130
12/13/2022,ADS,TX,ASW,CE,Towers with Radar,0,39,120,2,161,0,95,121,0,216,0,134,241,2,377,0,0,0,377
12/14/2022,ADS,TX,ASW,CE,Towers with Radar,0,36,118,4,158,0,102,213,3,318,0,138,331,7,476,2,0,2,478
12/15/2022,ADS,TX,ASW,CE,Towers with Radar,0,35,104,1,140,0,124,258,1,383,0,159,362,2,523,0,0,0,523
12/16/2022,ADS,TX,ASW,CE,Towers with Radar,0,39,136,0,175,0,106,216,2,324,0,145,352,2,499,2,0,2,501
12/17/2022,ADS,TX,ASW,CE,Towers with Radar,1,40,100,0,141,0,99,226,0,325,1,139,326,0,466,0,0,0,466
12/18/2022,ADS,TX,ASW,CE,Towers with Radar,0,42,101,1,144,0,84,176,0,260,0,126,277,1,404,0,0,0,404
12/19/2022,ADS,TX,ASW,CE,Towers with Radar,0,35,85,0,120,0,28,47,0,75,0,63,132,0,195,5,0,5,200
12/20/2022,ADS,TX,ASW,CE,Towers with Radar,0,28,110,3,141,0,72,151,0,223,0,100,261,3,364,0,0,0,364
12/21/2022,ADS,TX,ASW,CE,Towers with Radar,0,38,108,0,146,0,87,173,2,262,0,125,281,2,408,0,0,0,408
12/22/2022,ADS,TX,ASW,CE,Towers with Radar,0,13,47,2,62,0,0,7,0,7,0,13,54,2,69,0,0,0,69
12/23/2022,ADS,TX,ASW,CE,Towers with Radar,0,25,55,0,80,0,45,86,2,133,0,70,141,2,213,0,0,0,213
12/24/2022,ADS,TX,ASW,CE,Towers with Radar,0,14,39,1,54,0,59,78,0,137,0,73,117,1,191,16,0,16,207
12/25/2022,ADS,TX,ASW,CE,Towers with Radar,0,20,24,0,44,0,0,43,0,43,0,20,67,0,87,0,0,0,87
12/26/2022,ADS,TX,ASW,CE,Towers with Radar,0,26,122,0,148,0,60,121,0,181,0,86,243,0,329,0,0,0,329
12/27/2022,ADS,TX,ASW,CE,Towers with Radar,0,24,82,1,107,0,98,137,1,236,0,122,219,2,343,0,0,0,343
12/28/2022,ADS,TX,ASW,CE,Towers with Radar,0,28,83,0,111,0,5,99,0,104,0,33,182,0,215,4,0,4,219
12/29/2022,ADS,TX,ASW,CE,Towers with Radar,0,21,95,0,116,0,68,129,2,199,0,89,224,2,315,0,0,0,315
12/30/2022,ADS,TX,ASW,CE,Towers with Radar,0,23,79,0,102,0,105,181,2,288,0,128,260,2,390,0,0,0,390
12/31/2022,ADS,TX,ASW,CE,Towers with Radar,0,17,46,0,63,0,58,117,2,177,0,75,163,2,240,0,0,0,240
01/01/2023,ADS,TX,ASW,CE,Towers with Radar,0,9,58,0,67,0,0,69,0,69,0,9,127,0,136,6,0,6,142
01/02/2023,ADS,TX,ASW,CE,Towers with Radar,0,24,86,0,110,0,8,29,0,37,0,32,115,0,147,11,0,11,158
01/03/2023,ADS,TX,ASW,CE,Towers with Radar,0,15,99,0,114,0,79,156,1,236,0,94,255,1,350,0,0,0,350
01/04/2023,ADS,TX,ASW,CE,Towers with Radar,0,22,77,2,101,0,125,197,0,322,0,147,274,2,423,0,0,0,423
01/05/2023,ADS,TX,ASW,CE,Towers with Radar,0,27,98,0,125,0,135,169,0,304,0,162,267,0,429,8,0,8,437
01/06/2023,ADS,TX,ASW,CE,Towers with Radar,0,19,112,0,131,0,41,111,0,152,0,60,223,0,283,12,0,12,295
01/07/2023,ADS,TX,ASW,CE,Towers with Radar,0,20,74,0,94,0,98,200,0,298,0,118,274,0,392,0,0,0,392
01/08/2023,ADS,TX,ASW,CE,Towers with Radar,0,35,112,0,147,0,111,180,0,291,0,146,292,0,438,12,0,12,450
01/09/2023,ADS,TX,ASW,CE,Towers with Radar,2,24,82,0,108,0,93,164,1,258,2,117,246,1,366,0,0,0,366
01/10/2023,ADS,TX,ASW,CE,Towers with Radar,0,34,111,1,146,0,86,151,1,238,0,120,262,2,384,12,0,12,396
01/11/2023,ADS,TX,ASW,CE,Towers with Radar,0,19,115,2,136,0,94,164,0,258,0,113,279,2,394,13,0,13,407
01/12/2023,ADS,TX,ASW,CE,Towers with Radar,0,27,91,0,118,0,21,115,0,136,0,48,206,0,254,1,0,1,255
01/13/2023,ADS,TX,ASW,CE,Towers with Radar,0,19,111,0,130,0,130,256,0,386,0,149,367,0,516,11,0,11,527
01/14/2023,ADS,TX,ASW,CE,Towers with Radar,0,17,63,0,80,0,90,214,0,304,0,107,277,0,384,3,0,3,387
01/15/2023,ADS,TX,ASW,CE,Towers with Radar,0,15,85,0,100,0,13,76,0,89,0,28,161,0,189,2,0,2,191
01/16/2023,ADS,TX,ASW,CE,Towers with Radar,0,35,118,0,153,0,82,108,0,190,0,117,226,0,343,1,0,1,344
01/17/2023,ADS,TX,ASW,CE,Towers with Radar,0,26,100,0,126,0,128,169,0,297,0,154,269,0,423,0,0,0,423
01/18/2023,ADS,TX,ASW,CE,Towers with Radar,0,32,86,2,120,0,48,83,0,131,0,80,169,2,251,0,0,0,251
01/19/2023,ADS,TX,ASW,CE,Towers with Radar,0,32,96,0,128,0,115,176,1,292,0,147,272,1,420,6,0,6,426
01/20/2023,ADS,TX,ASW,CE,Towers with Radar,0,27,94,0,121,0,103,179,2,284,0,130,273,2,405,0,0,0,405
01/21/2023,ADS,TX,ASW,CE,Towers with Radar,0,15,63,0,78,0,92,126,2,220,0,107,189,2,298,0,0,0,298
01/22/2023,ADS,TX,ASW,CE,Towers with Radar,0,33,67,0,100,0,50,132,0,182,0,83,199,0,282,12,0,12,294
01/23/2023,ADS,TX,ASW,CE,Towers with Radar,0,27,88,0,115,0,116,207,0,323,0,143,295,0,438,0,0,0,438
01/24/2023,ADS,TX,ASW,CE,Towers with Radar,0,17,44,0,61,0,0,3,0,3,0,17,47,0,64,0,0,0,64
01/25/2023,ADS,TX,ASW,CE,Towers with Radar,0,20,105,0,125,0,15,50,0,65,0,35,155,0,190,6,0,6,196
01/26/2023,ADS,TX,ASW,CE,Towers with Radar,0,28,142,0,170,0,114,215,1,330,0,142,357,1,500,0,0,0,500
01/27/2023,ADS,TX,ASW,CE,Towers with Radar,0,26,125,2,153,0,97,211,2,310,0,123,336,4,463,0,0,0,463
01/28/2023,ADS,TX,ASW,CE,Towers with Radar,0,28,84,2,114,0,18,18,0,36,0,46,102,2,150,0,0,0,150
01/29/2023,ADS,TX,ASW,CE,Towers with Radar,0,19,105,0,124,0,0,3,0,3,0,19,108,0,127,2,0,2,129
01/30/2023,ADS,TX,ASW,CE,Towers with Radar,0,13,49,0,62,0,0,0,0,0,0,13,49,0,62,0,0,0,62
01/31/2023,ADS,TX,ASW,CE,Towers with Radar,0,2,7,0,9,0,0,0,0,0,0,2,7,0,9,0,0,0,9
02/01/2023,ADS,TX,ASW,CE,Towers with Radar,0,0,4,0,4,0,0,0,0,0,0,0,4,0,4,0,0,0,4
02/02/2023,ADS,TX,ASW,CE,Towers with Radar,0,9,43,0,52,0,0,1,0,1,0,9,44,0,53,0,0,0,53
02/03/2023,ADS,TX,ASW,CE,Towers with Radar,0,32,85,0,117,0,129,145,0,274,0,161,230,0,391,20,0,20,411
02/04/2023,ADS,TX,ASW,CE,Towers with Radar,0,25,53,0,78,0,114,196,0,310,0,139,249,0,388,0,0,0,388
02/05/2023,ADS,TX,ASW,CE,Towers with Radar,0,28,91,2,121,0,106,226,0,332,0,134,317,2,453,0,0,0,453
02/06/2023,ADS,TX,ASW,CE,Towers with Radar,0,44,101,0,145,0,2,38,0,40,0,46,139,0,185,7,0,7,192
02/07/2023,ADS,TX,ASW,CE,Towers with Radar,0,33,114,0,147,0,1,3,0,4,0,34,117,0,151,0,0,0,151
02/08/2023,ADS,TX,ASW,CE,Towers with Radar,0,26,105,0,131,0,0,2,0,2,0,26,107,0,133,0,0,0,133
02/09/2023,ADS,TX,ASW,CE,Towers with Radar,0,21,104,0,125,0,161,253,0,414,0,182,357,0,539,0,0,0,539
02/10/2023,ADS,TX,ASW,CE,Towers with Radar,0,28,105,0,133,0,37,96,0,133,0,65,201,0,266,10,0,10,276
02/11/2023,ADS,TX,ASW,CE,Towers with Radar,0,26,82,0,108,0,107,198,0,305,0,133,280,0,413,0,0,0,413
02/12/2023,ADS,TX,ASW,CE,Towers with Radar,0,21,64,0,85,0,145,191,2,338,0,166,255,2,423,17,0,17,440
02/13/2023,ADS,TX,ASW,CE,Towers with Radar,0,32,99,2,133,0,132,164,0,296,0,164,263,2,429,0,0,0,429
02/14/2023,ADS,TX,ASW,CE,Towers with Radar,0,20,47,0,67,0,11,31,0,42,0,31,78,0,109,0,0,0,109
02/15/2023,ADS,TX,ASW,CE,Towers with Radar,0,25,126,0,151,0,64,162,2,228,0,89,288,2,379,6,0,6,385
02/16/2023,ADS,TX,ASW,CE,Towers with Radar,0,21,118,2,141,0,21,102,0,123,0,42,220,2,264,0,0,0,264
02/17/2023,ADS,TX,ASW,CE,Towers with Radar,0,21,103,0,124,0,135,269,0,404,0,156,372,0,528,15,0,15,543
02/18/2023,ADS,TX,ASW,CE,Towers with Radar,0,18,61,0,79,0,107,193,0,300,0,125,254,0,379,0,0,0,379
02/19/2023,ADS,TX,ASW,CE,Towers with Radar,0,24,85,0,109,0,75,162,0,237,0,99,247,0,346,0,0,0,346
02/20/2023,ADS,TX,ASW,CE,Towers with Radar,0,25,103,0,128,0,76,142,0,218,0,101,245,0,346,2,0,2,348
02/21/2023,ADS,TX,ASW,CE,Towers with Radar,0,26,120,2,148,0,103,165,0,268,0,129,285,2,416,0,0,0,416
02/22/2023,ADS,TX,ASW,CE,Towers with Radar,0,23,82,0,105,0,19,53,0,72,0,42,135,0,177,11,0,11,188
02/23/2023,ADS,TX,ASW,CE,Towers with Radar,0,30,91,0,121,0,89,200,0,289,0,119,291,0,410,0,0,0,410
02/24/2023,ADS,TX,ASW,CE,Towers with Radar,0,41,121,0,162,0,21,28,2,51,0,62,149,2,213,17,0,17,230
02/25/2023,ADS,TX,ASW,CE,Towers with Radar,0,19,80,0,99,0,0,1,0,1,0,19,81,0,100,0,0,0,100
02/26/2023,ADS,TX,ASW,CE,Towers with Radar,0,16,84,0,100,0,0,6,0,6,0,16,90,0,106,0,0,0,106
02/27/2023,ADS,TX,ASW,CE,Towers with Radar,0,35,85,1,121,0,83,177,0,260,0,118,262,1,381,4,0,4,385
02/28/2023,ADS,TX,ASW,CE,Towers with Radar,0,27,92,0,119,0,151,210,2,363,0,178,302,2,482,0,0,0,482
03/01/2023,ADS,TX,ASW,CE,Towers with Radar,0,36,111,0,147,0,25,53,0,78,0,61,164,0,225,0,0,0,225
03/02/2023,ADS,TX,ASW,CE,Towers with Radar,0,18,67,0,85,0,39,25,0,64,0,57,92,0,149,0,0,0,149
03/03/2023,ADS,TX,ASW,CE,Towers with Radar,0,37,86,1,124,0,67,155,1,223,0,104,241,2,347,0,0,0,347
03/04/2023,ADS,TX,ASW,CE,Towers with Radar,0,29,75,1,105,0,124,258,1,383,0,153,333,2,488,0,0,0,488
03/05/2023,ADS,TX,ASW,CE,Towers with Radar,0,35,78,0,113,0,89,187,2,278,0,124,265,2,391,6,0,6,397
03/06/2023,ADS,TX,ASW,CE,Towers with Radar,2,18,94,0,114,0,67,116,0,183,2,85,210,0,297,3,0,3,300
03/07/2023,ADS,TX,ASW,CE,Towers with Radar,0,42,133,0,175,0,12,40,0,52,0,54,173,0,227,7,0,7,234
03/08/2023,ADS,TX,ASW,CE,Towers with Radar,0,33,99,0,132,0,0,1,0,1,0,33,100,0,133,0,0,0,133
03/09/2023,ADS,TX,ASW,CE,Towers with Radar,1,19,97,0,117,0,0,1,0,1,1,19,98,0,118,0,0,0,118
03/10/2023,ADS,TX,ASW,CE,Towers with Radar,3,29,129,0,161,0,145,235,0,380,3,174,364,0,541,0,0,0,541
03/11/2023,ADS,TX,ASW,CE,Towers with Radar,0,21,101,0,122,0,25,76,0,101,0,46,177,0,223,0,0,0,223
03/12/2023,ADS,TX,ASW,CE,Towers with Radar,0,30,101,0,131,0,80,145,0,225,0,110,246,0,356,0,0,0,356
03/13/2023,ADS,TX,ASW,CE,Towers with Radar,0,29,79,0,108,0,145,193,0,338,0,174,272,0,446,0,0,0,446
03/14/2023,ADS,TX,ASW,CE,Towers with Radar,2,21,72,0,95,0,155,223,0,378,2,176,295,0,473,1,0,1,474
03/15/2023,ADS,TX,ASW,CE,Towers with Radar,3,32,87,1,123,0,87,193,1,281,3,119,280,2,404,8,0,8,412
03/16/2023,ADS,TX,ASW,CE,Towers with Radar,0,21,54,0,75,0,0,0,0,0,0,21,54,0,75,0,0,0,75
03/17/2023,ADS,TX,ASW,CE,Towers with Radar,0,23,97,0,120,0,41,128,0,169,0,64,225,0,289,0,0,0,289
03/18/2023,ADS,TX,ASW,CE,Towers with Radar,0,30,96,0,126,0,68,116,0,184,0,98,212,0,310,0,0,0,310
03/19/2023,ADS,TX,ASW,CE,Towers with Radar,0,30,118,0,148,0,66,107,0,173,0,96,225,0,321,0,0,0,321
03/20/2023,ADS,TX,ASW,CE,Towers with Radar,0,32,93,0,125,0,89,142,0,231,0,121,235,0,356,0,0,0,356
03/21/2023,ADS,TX,ASW,CE,Towers with Radar,0,28,136,0,164,0,0,0,0,0,0,28,136,0,164,0,0,0,164
03/22/2023,ADS,TX,ASW,CE,Towers with Radar,0,43,107,0,150,0,17,78,0,95,0,60,185,0,245,0,0,0,245
03/23/2023,ADS,TX,ASW,CE,Towers with Radar,0,35,137,0,172,0,10,81,4,95,0,45,218,4,267,0,0,0,267
03/24/2023,ADS,TX,ASW,CE,Towers with Radar,0,45,94,0,139,0,19,46,0,65,0,64,140,0,204,0,0,0,204
03/25/2023,ADS,TX,ASW,CE,Towers with Radar,0,17,65,0,82,0,86,233,0,319,0,103,298,0,401,1,0,1,402
03/26/2023,ADS,TX,ASW,CE,Towers with Radar,0,25,84,0,109,0,113,236,1,350,0,138,320,1,459,20,0,20,479
03/27/2023,ADS,TX,ASW,CE,Towers with Radar,0,34,74,0,108,0,111,166,0,277,0,145,240,0,385,0,0,0,385
03/28/2023,ADS,TX,ASW,CE,Towers with Radar,1,30,84,1,116,0,90,193,0,283,1,120,277,1,399,0,0,0,399
03/29/2023,ADS,TX,ASW,CE,Towers with Radar,0,30,121,1,152,0,130,206,0,336,0,160,327,1,488,2,0,2,490
03/30/2023,ADS,TX,ASW,CE,Towers with Radar,0,25,115,0,140,0,6,24,0,30,0,31,139,0,170,0,0,0,170
03/31/2023,ADS,TX,ASW,CE,Towers with Radar,0,26,93,0,119,0,7,54,0,61,0,33,147,0,180,0,0,0,180
04/01/2023,ADS,TX,ASW,CE,Towers with Radar,0,25,65,0,90,0,155,257,0,412,0,180,322,0,502,7,0,7,509
04/02/2023,ADS,TX,ASW,CE,Towers with Radar,0,22,99,0,121,0,59,95,0,154,0,81,194,0,275,4,0,4,279
04/03/2023,ADS,TX,ASW,CE,Towers with Radar,0,26,112,1,139,0,45,123,1,169,0,71,235,2,308,0,0,0,308
04/04/2023,ADS,TX,ASW,CE,Towers with Radar,0,29,121,0,150,0,3,59,0,62,0,32,180,0,212,6,0,6,218
04/05/2023,ADS,TX,ASW,CE,Towers with Radar,0,28,89,0,117,0,89,191,0,280,0,117,280,0,397,1,0,1,398
04/06/2023,ADS,TX,ASW,CE,Towers with Radar,1,48,107,0,156,0,101,130,0,231,1,149,237,0,387,0,0,0,387
04/07/2023,ADS,TX,ASW,CE,Towers with Radar,0,36,93,0,129,0,82,100,0,182,0,118,193,0,311,0,0,0,311
04/08/2023,ADS,TX,ASW,CE,Towers with Radar,0,25,63,0,88,0,119,181,0,300,0,144,244,0,388,0,0,0,388
04/09/2023,ADS,TX,ASW,CE,Towers with Radar,1,26,70,0,97,0,20,106,0,126,1,46,176,0,223,1,0,1,224
04/10/2023,ADS,TX,ASW,CE,Towers with Radar,0,41,116,0,157,0,144,161,0,305,0,185,277,0,462,6,0,6,468
04/11/2023,ADS,TX,ASW,CE,Towers with Radar,0,26,102,3,131,0,132,181,0,313,0,158,283,3,444,0,0,0,444
04/12/2023,ADS,TX,ASW,CE,Towers with Radar,0,25,103,3,131,0,139,198,0,337,0,164,301,3,468,0,0,0,468
04/13/2023,ADS,TX,ASW,CE,Towers with Radar,0,39,105,0,144,0,113,207,0,320,0,152,312,0,464,0,0,0,464
04/14/2023,ADS,TX,ASW,CE,Towers with Radar,0,29,96,0,125,0,38,126,0,164,0,67,222,0,289,0,0,0,289
04/15/2023,ADS,TX,ASW,CE,Towers with Radar,0,23,81,2,106,0,14,85,0,99,0,37,166,2,205,0,0,0,205
04/16/2023,ADS,TX,ASW,CE,Towers with Radar,0,21,79,0,100,0,93,180,0,273,0,114,259,0,373,0,0,0,373
04/17/2023,ADS,TX,ASW,CE,Towers with Radar,2,32,77,1,112,0,113,208,1,322,2,145,285,2,434,6,0,6,440
04/18/2023,ADS,TX,ASW,CE,Towers with Radar,2,30,107,0,139,0,51,81,0,132,2,81,188,0,271,3,0,3,274
04/19/2023,ADS,TX,ASW,CE,Towers with Radar,0,29,117,0,146,0,11,43,0,54,0,40,160,0,200,0,0,0,200
04/20/2023,ADS,TX,ASW,CE,Towers with Radar,0,29,125,0,154,0,1,29,0,30,0,30,154,0,184,13,0,13,197
04/21/2023,ADS,TX,ASW,CE,Towers with Radar,0,19,88,0,107,0,86,165,0,251,0,105,253,0,358,13,0,13,371
04/22/2023,ADS,TX,ASW,CE,Towers with Radar,0,15,76,0,91,0,115,273,0,388,0,130,349,0,479,0,0,0,479
04/23/2023,ADS,TX,ASW,CE,Towers with Radar,0,27,104,0,131,0,8,20,0,28,0,35,124,0,159,0,0,0,159
04/24/2023,ADS,TX,ASW,CE,Towers with Radar,0,32,121,0,153,0,132,153,0,285,0,164,274,0,438,0,0,0,438
04/25/2023,ADS,TX,ASW,CE,Towers with Radar,0,36,100,0,136,0,90,99,0,189,0,126,199,0,325,0,0,0,325
04/26/2023,ADS,TX,ASW,CE,Towers with Radar,0,20,82,0,102,0,0,0,0,0,0,20,82,0,102,0,0,0,102
04/27/2023,ADS,TX,ASW,CE,Towers with Radar,0,47,135,0,182,0,42,98,0,140,0,89,233,0,322,0,0,0,322
04/28/2023,ADS,TX,ASW,CE,Towers with Radar,0,20,96,0,116,0,80,115,0,195,0,100,211,0,311,2,0,2,313
04/29/2023,ADS,TX,ASW,CE,Towers with Radar,0,14,64,0,78,0,8,73,0,81,0,22,137,0,159,0,0,0,159
04/30/2023,ADS,TX,ASW,CE,Towers with Radar,0,30,102,0,132,0,126,224,1,351,0,156,326,1,483,2,0,2,485
05/01/2023,ADS,TX,ASW,CE,Towers with Radar,0,37,63,0,100,0,125,203,0,328,0,162,266,0,428,0,0,0,428
05/02/2023,ADS,TX,ASW,CE,Towers with Radar,0,50,96,0,146,0,126,206,1,333,0,176,302,1,479,0,0,0,479
05/03/2023,ADS,TX,ASW,CE,Towers with Radar,0,38,113,0,151,0,121,196,0,317,0,159,309,0,468,20,0,20,488
05/04/2023,ADS,TX,ASW,CE,Towers with Radar,0,27,132,0,159,0,82,147,0,229,0,109,279,0,388,0,0,0,388
05/05/2023,ADS,TX,ASW,CE,Towers with Radar,0,53,111,2,166,0,37,115,0,152,0,90,226,2,318,0,0,0,318
05/06/2023,ADS,TX,ASW,CE,Towers with Radar,0,21,48,0,69,0,31,79,0,110,0,52,127,0,179,0,0,0,179
05/07/2023,ADS,TX,ASW,CE,Towers with Radar,0,42,107,0,149,0,52,102,2,156,0,94,209,2,305,3,0,3,308
05/08/2023,ADS,TX,ASW,CE,Towers with Radar,1,28,129,0,158,0,62,124,0,186,1,90,253,0,344,0,0,0,344
05/09/2023,ADS,TX,ASW,CE,Towers with Radar,0,48,97,0,145,0,82,132,0,214,0,130,229,0,359,0,0,0,359
05/10/2023,ADS,TX,ASW,CE,Towers with Radar,0,50,101,0,151,0,4,6,0,10,0,54,107,0,161,8,0,8,169
05/11/2023,ADS,TX,ASW,CE,Towers with Radar,0,50,117,0,167,0,33,69,0,102,0,83,186,0,269,0,0,0,269
05/12/2023,ADS,TX,ASW,CE,Towers with Radar,0,32,121,0,153,0,28,69,0,97,0,60,190,0,250,1,0,1,251
05/13/2023,ADS,TX,ASW,CE,Towers with Radar,0,16,50,0,66,0,65,114,0,179,0,81,164,0,245,3,0,3,248
05/14/2023,ADS,TX,ASW,CE,Towers with Radar,0,19,80,0,99,0,8,19,0,27,0,27,99,0,126,0,0,0,126
05/15/2023,ADS,TX,ASW,CE,Towers with Radar,0,33,93,0,126,0,70,113,0,183,0,103,206,0,309,0,0,0,309
05/16/2023,ADS,TX,ASW,CE,Towers with Radar,2,56,118,0,176,0,110,134,0,244,2,166,252,0,420,0,0,0,420
05/17/2023,ADS,TX,ASW,CE,Towers with Radar,0,55,127,0,182,0,117,249,0,366,0,172,376,0,548,19,0,19,567
05/18/2023,ADS,TX,ASW,CE,Towers with Radar,0,32,121,0,153,0,125,212,0,337,0,157,333,0,490,4,0,4,494
05/19/2023,ADS,TX,ASW,CE,Towers with Radar,0,34,89,1,124,0,67,119,0,186,0,101,208,1,310,0,0,0,310
05/20/2023,ADS,TX,ASW,CE,Towers with Radar,0,31,82,1,114,0,84,168,0,252,0,115,250,1,366,5,0,5,371
05/21/2023,ADS,TX,ASW,CE,Towers with Radar,0,44,90,0,134,0,88,186,0,274,0,132,276,0,408,14,0,14,422
05/22/2023,ADS,TX,ASW,CE,Towers with Radar,0,39,101,0,140,0,112,202,0,314,0,151,303,0,454,0,0,0,454
05/23/2023,ADS,TX,ASW,CE,Towers with Radar,0,31,114,2,147,0,96,186,1,283,0,127,300,3,430,0,0,0,430
05/24/2023,ADS,TX,ASW,CE,Towers with Radar,0,32,115,0,147,0,92,146,0,238,0,124,261,0,385,0,0,0,385
05/25/2023,ADS,TX,ASW,CE,Towers with Radar,2,41,129,2,174,0,101,165,0,266,2,142,294,2,440,0,0,0,440
05/26/2023,ADS,TX,ASW,CE,Towers with Radar,0,35,89,0,124,0,70,161,0,231,0,105,250,0,355,0,0,0,355
05/27/2023,ADS,TX,ASW,CE,Towers with Radar,0,32,50,2,84,0,86,149,0,235,0,118,199,2,319,0,0,0,319
05/28/2023,ADS,TX,ASW,CE,Towers with Radar,0,27,46,0,73,0,52,115,1,168,0,79,161,1,241,0,0,0,241
05/29/2023,ADS,TX,ASW,CE,Towers with Radar,0,28,71,0,99,0,49,103,0,152,0,77,174,0,251,10,0,10,261
05/30/2023,ADS,TX,ASW,CE,Towers with Radar,0,42,84,0,126,0,84,98,0,182,0,126,182,0,308,4,0,4,312
05/31/2023,ADS,TX,ASW,CE,Towers with Radar,0,42,102,0,144,0,94,168,0,262,0,136,270,0,406,0,0,0,406
06/01/2023,ADS,TX,ASW,CE,Towers with Radar,0,46,80,0,126,0,102,142,0,244,0,148,222,0,370,8,0,8,378
06/02/2023,ADS,TX,ASW,CE,Towers with Radar,0,35,93,0,128,0,100,143,0,243,0,135,236,0,371,0,0,0,371
06/03/2023,ADS,TX,ASW,CE,Towers with Radar,0,30,60,0,90,0,57,121,0,178,0,87,181,0,268,0,0,0,268
06/04/2023,ADS,TX,ASW,CE,Towers with Radar,0,26,75,0,101,0,72,107,0,179,0,98,182,0,280,4,0,4,284
06/05/2023,ADS,TX,ASW,CE,Towers with Radar,0,45,97,0,142,0,84,100,1,185,0,129,197,1,327,4,0,4,331
06/06/2023,ADS,TX,ASW,CE,Towers with Radar,2,31,87,0,120,0,31,65,0,96,2,62,152,0,216,0,0,0,216
06/07/2023,ADS,TX,ASW,CE,Towers with Radar,0,28,84,0,112,0,90,142,0,232,0,118,226,0,344,5,0,5,349
06/08/2023,ADS,TX,ASW,CE,Towers with Radar,0,35,75,0,110,0,84,157,0,241,0,119,232,0,351,3,0,3,354
06/09/2023,ADS,TX,ASW,CE,Towers with Radar,0,30,92,1,123,0,112,147,0,259,0,142,239,1,382,6,0,6,388
06/10/2023,ADS,TX,ASW,CE,Towers with Radar,0,19,39,0,58,0,43,96,0,139,0,62,135,0,197,3,0,3,200
06/11/2023,ADS,TX,ASW,CE,Towers with Radar,0,43,88,0,131,0,86,140,0,226,0,129,228,0,357,2,0,2,359
06/12/2023,ADS,TX,ASW,CE,Towers with Radar,0,20,110,0,130,0,38,81,0,119,0,58,191,0,249,0,0,0,249
06/13/2023,ADS,TX,ASW,CE,Towers with Radar,0,39,109,0,148,0,0,5,0,5,0,39,114,0,153,2,0,2,155
06/14/2023,ADS,TX,ASW,CE,Towers with Radar,0,37,85,0,122,0,16,43,0,59,0,53,128,0,181,26,0,26,207
06/15/2023,ADS,TX,ASW,CE,Towers with Radar,0,24,118,0,142,0,68,89,0,157,0,92,207,0,299,0,0,0,299
06/16/2023,ADS,TX,ASW,CE,Towers with Radar,1,35,101,0,137,0,75,108,0,183,1,110,209,0,320,0,0,0,320
06/17/2023,ADS,TX,ASW,CE,Towers with Radar,0,24,66,0,90,0,57,90,0,147,0,81,156,0,237,0,0,0,237
06/18/2023,ADS,TX,ASW,CE,Towers with Radar,0,36,124,0,160,0,58,73,0,131,0,94,197,0,291,0,0,0,291
06/19/2023,ADS,TX,ASW,CE,Towers with Radar,0,44,107,0,151,0,64,126,0,190,0,108,233,0,341,0,0,0,341
06/20/2023,ADS,TX,ASW,CE,Towers with Radar,0,36,98,0,134,0,69,113,0,182,0,105,211,0,316,8,0,8,324
06/21/2023,ADS,TX,ASW,CE,Towers with Radar,0,28,117,1,146,0,32,82,4,118,0,60,199,5,264,0,0,0,264
06/22/2023,ADS,TX,ASW,CE,Towers with Radar,0,32,100,1,133,0,84,140,0,224,0,116,240,1,357,4,0,4,361
06/23/2023,ADS,TX,ASW,CE,Towers with Radar,0,26,86,0,112,0,55,114,0,169,0,81,200,0,281,0,0,0,281
06/24/2023,ADS,TX,ASW,CE,Towers with Radar,0,24,52,0,76,0,101,143,0,244,0,125,195,0,320,20,0,20,340
06/25/2023,ADS,TX,ASW,CE,Towers with Radar,1,32,72,0,105,0,94,139,0,233,1,126,211,0,338,0,0,0,338
06/26/2023,ADS,TX,ASW,CE,Towers with Radar,1,38,88,2,129,0,93,145,0,238,1,131,233,2,367,0,0,0,367
06/27/2023,ADS,TX,ASW,CE,Towers with Radar,0,37,84,0,121,0,98,162,0,260,0,135,246,0,381,2,0,2,383
06/28/2023,ADS,TX,ASW,CE,Towers with Radar,0,38,96,0,134,0,121,150,0,271,0,159,246,0,405,4,0,4,409
06/29/2023,ADS,TX,ASW,CE,Towers with Radar,0,30,102,2,134,0,118,143,0,261,0,148,245,2,395,19,0,19,414
06/30/2023,ADS,TX,ASW,CE,Towers with Radar,0,45,109,0,154,0,88,148,0,236,0,133,257,0,390,2,0,2,392
07/01/2023,ADS,TX,ASW,CE,Towers with Radar,0,27,70,0,97,0,54,102,0,156,0,81,172,0,253,0,0,0,253
07/02/2023,ADS,TX,ASW,CE,Towers with Radar,0,26,51,1,78,0,52,93,0,145,0,78,144,1,223,6,0,6,229
07/03/2023,ADS,TX,ASW,CE,Towers with Radar,0,14,34,0,48,0,85,107,1,193,0,99,141,1,241,0,0,0,241
07/04/2023,ADS,TX,ASW,CE,Towers with Radar,0,14,23,1,38,0,81,101,0,182,0,95,124,1,220,4,0,4,224
07/05/2023,ADS,TX,ASW,CE,Towers with Radar,0,27,74,2,103,0,103,115,0,218,0,130,189,2,321,6,0,6,327
07/06/2023,ADS,TX,ASW,CE,Towers with Radar,0,34,84,0,118,0,83,125,1,209,0,117,209,1,327,0,0,0,327
07/07/2023,ADS,TX,ASW,CE,Towers with Radar,0,32,70,0,102,0,79,103,0,182,0,111,173,0,284,1,0,1,285
07/08/2023,ADS,TX,ASW,CE,Towers with Radar,0,27,69,0,96,0,76,139,0,215,0,103,208,0,311,0,0,0,311
07/09/2023,ADS,TX,ASW,CE,Towers with Radar,0,33,84,0,117,0,64,86,0,150,0,97,170,0,267,0,0,0,267
07/10/2023,ADS,TX,ASW,CE,Towers with Radar,0,30,110,0,140,0,50,82,0,132,0,80,192,0,272,0,0,0,272
07/11/2023,ADS,TX,ASW,CE,Towers with Radar,0,41,77,1,119,0,67,101,0,168,0,108,178,1,287,2,0,2,289
07/12/2023,ADS,TX,ASW,CE,Towers with Radar,0,45,105,0,150,0,115,163,0,278,0,160,268,0,428,6,0,6,434
07/13/2023,ADS,TX,ASW,CE,Towers with Radar,0,45,78,0,123,0,86,140,0,226,0,131,218,0,349,0,0,0,349
07/14/2023,ADS,TX,ASW,CE,Towers with Radar,0,40,79,1,120,0,82,124,0,206,0,122,203,1,326,1,0,1,327
07/15/2023,ADS,TX,ASW,CE,Towers with Radar,0,33,67,0,100,0,69,124,0,193,0,102,191,0,293,4,0,4,297
07/16/2023,ADS,TX,ASW,CE,Towers with Radar,0,38,68,1,107,0,62,78,0,140,0,100,146,1,247,0,0,0,247
07/17/2023,ADS,TX,ASW,CE,Towers with Radar,0,35,70,0,105,0,102,161,0,263,0,137,231,0,368,6,0,6,374
07/18/2023,ADS,TX,ASW,CE,Towers with Radar,0,35,94,0,129,0,90,131,0,221,0,125,225,0,350,6,0,6,356
07/19/2023,ADS,TX,ASW,CE,Towers with Radar,0,33,117,0,150,0,108,141,0,249,0,141,258,0,399,0,0,0,399
07/20/2023,ADS,TX,ASW,CE,Towers with Radar,0,39,114,2,155,0,93,169,1,263,0,132,283,3,418,2,0,2,420
07/21/2023,ADS,TX,ASW,CE,Towers with Radar,0,27,96,0,123,0,90,156,0,246,0,117,252,0,369,4,0,4,373
07/22/2023,ADS,TX,ASW,CE,Towers with Radar,0,21,61,0,82,0,80,175,0,255,0,101,236,0,337,23,0,23,360
07/23/2023,ADS,TX,ASW,CE,Towers with Radar,0,29,91,0,120,0,86,167,0,253,0,115,258,0,373,13,0,13,386
07/24/2023,ADS,TX,ASW,CE,Towers with Radar,0,27,84,0,111,0,95,122,0,217,0,122,206,0,328,8,0,8,336
07/25/2023,ADS,TX,ASW,CE,Towers with Radar,0,30,86,4,120,0,44,118,0,162,0,74,204,4,282,7,0,7,289
07/26/2023,ADS,TX,ASW,CE,Towers with Radar,0,28,89,1,118,0,90,115,1,206,0,118,204,2,324,12,0,12,336
07/27/2023,ADS,TX,ASW,CE,Towers with Radar,1,34,90,0,125,0,84,120,0,204,1,118,210,0,329,2,0,2,331
07/28/2023,ADS,TX,ASW,CE,Towers with Radar,0,31,97,0,128,0,93,134,0,227,0,124,231,0,355,2,0,2,357
07/29/2023,ADS,TX,ASW,CE,Towers with Radar,0,21,52,0,73,0,101,148,0,249,0,122,200,0,322,0,0,0,322
07/30/2023,ADS,TX,ASW,CE,Towers with Radar,0,34,84,0,118,0,90,162,0,252,0,124,246,0,370,0,0,0,370
07/31/2023,ADS,TX,ASW,CE,Towers with Radar,0,34,69,0,103,0,113,129,0,242,0,147,198,0,345,8,0,8,353
08/01/2023,ADS,TX,ASW,CE,Towers with Radar,0,19,84,0,103,0,115,123,1,239,0,134,207,1,342,0,0,0,342
08/02/2023,ADS,TX,ASW,CE,Towers with Radar,0,39,103,0,142,0,94,137,0,231,0,133,240,0,373,0,0,0,373
08/03/2023,ADS,TX,ASW,CE,Towers with Radar,0,40,87,2,129,0,115,143,1,259,0,155,230,3,388,5,0,5,393
08/04/2023,ADS,TX,ASW,CE,Towers with Radar,0,35,88,0,123,0,111,136,0,247,0,146,224,0,370,12,0,12,382
08/05/2023,ADS,TX,ASW,CE,Towers with Radar,0,30,56,0,86,0,103,155,0,258,0,133,211,0,344,0,0,0,344
08/06/2023,ADS,TX,ASW,CE,Towers with Radar,0,24,71,0,95,0,98,143,0,241,0,122,214,0,336,0,0,0,336
08/07/2023,ADS,TX,ASW,CE,Towers with Radar,0,37,77,0,114,0,115,134,1,250,0,152,211,1,364,0,0,0,364
08/08/2023,ADS,TX,ASW,CE,Towers with Radar,0,45,78,0,123,0,97,124,0,221,0,142,202,0,344,0,0,0,344
08/09/2023,ADS,TX,ASW,CE,Towers with Radar,0,45,80,0,125,0,57,91,0,148,0,102,171,0,273,0,0,0,273
08/10/2023,ADS,TX,ASW,CE,Towers with Radar,0,34,97,0,131,0,105,148,0,253,0,139,245,0,384,0,0,0,384
08/11/2023,ADS,TX,ASW,CE,Towers with Radar,0,41,110,1,152,0,90,155,0,245,0,131,265,1,397,1,0,1,398
08/12/2023,ADS,TX,ASW,CE,Towers with Radar,0,28,73,1,102,0,81,132,0,213,0,109,205,1,315,0,0,0,315
08/13/2023,ADS,TX,ASW,CE,Towers with Radar,0,40,100,0,140,0,66,147,0,213,0,106,247,0,353,0,0,0,353
08/14/2023,ADS,TX,ASW,CE,Towers with Radar,0,23,96,0,119,0,91,141,1,233,0,114,237,1,352,14,0,14,366
08/15/2023,ADS,TX,ASW,CE,Towers with Radar,0,43,94,0,137,0,99,152,0,251,0,142,246,0,388,16,0,16,404
08/16/2023,ADS,TX,ASW,CE,Towers with Radar,0,31,89,0,120,0,91,138,0,229,0,122,227,0,349,3,0,3,352
08/17/2023,ADS,TX,ASW,CE,Towers with Radar,0,33,102,0,135,0,103,135,0,238,0,136,237,0,373,11,0,11,384
08/18/2023,ADS,TX,ASW,CE,Towers with Radar,0,20,89,0,109,0,95,168,0,263,0,115,257,0,372,6,0,6,378
08/19/2023,ADS,TX,ASW,CE,Towers with Radar,0,33,56,0,89,0,82,141,0,223,0,115,197,0,312,2,0,2,314
08/20/2023,ADS,TX,ASW,CE,Towers with Radar,0,29,69,0,98,0,85,138,0,223,0,114,207,0,321,4,0,4,325
08/21/2023,ADS,TX,ASW,CE,Towers with Radar,0,39,80,0,119,0,87,125,0,212,0,126,205,0,331,0,0,0,331
08/22/2023,ADS,TX,ASW,CE,Towers with Radar,0,30,78,0,108,0,98,126,0,224,0,128,204,0,332,0,0,0,332
08/23/2023,ADS,TX,ASW,CE,Towers with Radar,0,38,98,0,136,0,114,110,0,224,0,152,208,0,360,7,0,7,367
08/24/2023,ADS,TX,ASW,CE,Towers with Radar,0,39,99,1,139,0,98,116,0,214,0,137,215,1,353,0,0,0,353
08/25/2023,ADS,TX,ASW,CE,Towers with Radar,0,32,85,2,119,0,97,147,0,244,0,129,232,2,363,0,0,0,363
08/26/2023,ADS,TX,ASW,CE,Towers with Radar,0,25,45,0,70,0,85,136,0,221,0,110,181,0,291,0,0,0,291
08/27/2023,ADS,TX,ASW,CE,Towers with Radar,0,28,77,0,105,0,80,115,0,195,0,108,192,0,300,2,0,2,302
08/28/2023,ADS,TX,ASW,CE,Towers with Radar,0,37,100,0,137,0,101,128,0,229,0,138,228,0,366,0,0,0,366
08/29/2023,ADS,TX,ASW,CE,Towers with Radar,0,46,68,0,114,0,104,143,0,247,0,150,211,0,361,4,0,4,365
08/30/2023,ADS,TX,ASW,CE,Towers with Radar,0,46,99,2,147,1,104,144,0,249,1,150,243,2,396,0,0,0,396
08/31/2023,ADS,TX,ASW,CE,Towers with Radar,0,35,105,0,140,0,134,171,1,306,0,169,276,1,446,8,0,8,454
