01/01/2020,ADW,MD,AEA,EN,Towers with Radar,0,0,0,6,6,0,0,7,12,19,0,0,7,18,25,0,26,26,51
01/02/2020,ADW,MD,AEA,EN,Towers with Radar,0,0,2,46,48,0,0,4,37,41,0,0,6,83,89,0,118,118,207
01/03/2020,ADW,MD,AEA,EN,Towers with Radar,0,2,10,25,37,0,0,0,16,16,0,2,10,41,53,0,20,20,73
01/04/2020,ADW,MD,AEA,EN,Towers with Radar,0,0,0,13,13,0,0,0,12,12,0,0,0,25,25,0,68,68,93
01/05/2020,ADW,MD,AEA,EN,Towers with Radar,2,1,0,22,25,0,2,3,35,40,2,3,3,57,65,0,28,28,93
01/06/2020,ADW,MD,AEA,EN,Towers with Radar,0,1,8,55,64,0,0,4,50,54,0,1,12,105,118,0,208,208,326
01/07/2020,ADW,MD,AEA,EN,Towers with Radar,0,0,6,40,46,0,0,2,19,21,0,0,8,59,67,0,140,140,207
01/08/2020,ADW,MD,AEA,EN,Towers with Radar,0,1,4,32,37,0,1,7,34,42,0,2,11,66,79,0,98,98,177
01/09/2020,ADW,MD,AEA,EN,Towers with Radar,0,0,4,89,93,0,0,2,73,75,0,0,6,162,168,0,166,166,334
01/10/2020,ADW,MD,AEA,EN,Towers with Radar,0,0,4,54,58,0,0,2,19,21,0,0,6,73,79,0,20,20,99
01/11/2020,ADW,MD,AEA,EN,Towers with Radar,2,0,5,39,46,0,0,0,23,23,2,0,5,62,69,0,82,82,151
01/12/2020,ADW,MD,AEA,EN,Towers with Radar,0,0,0,39,39,0,0,0,12,12,0,0,0,51,51,0,34,34,85
01/13/2020,ADW,MD,AEA,EN,Towers with Radar,0,0,11,59,70,0,1,3,58,62,0,1,14,117,132,0,150,150,282
01/14/2020,ADW,MD,AEA,EN,Towers with Radar,2,0,0,40,42,0,0,0,3,3,2,0,0,43,45,0,0,0,45
01/15/2020,ADW,MD,AEA,EN,Towers with Radar,1,0,11,51,63,0,3,7,58,68,1,3,18,109,131,0,80,80,211
01/16/2020,ADW,MD,AEA,EN,Towers with Radar,1,3,0,57,61,0,3,6,61,70,1,6,6,118,131,0,126,126,257
01/17/2020,ADW,MD,AEA,EN,Towers with Radar,2,0,10,41,53,0,0,6,33,39,2,0,16,74,92,0,58,58,150
01/18/2020,ADW,MD,AEA,EN,Towers with Radar,2,0,0,17,19,0,0,2,9,11,2,0,2,26,30,0,0,0,30
01/19/2020,ADW,MD,AEA,EN,Towers with Radar,2,0,0,24,26,0,0,5,19,24,2,0,5,43,50,0,2,2,52
01/20/2020,ADW,MD,AEA,EN,Towers with Radar,0,0,1,21,22,0,1,3,13,17,0,1,4,34,39,0,4,4,43
01/21/2020,ADW,MD,AEA,EN,Towers with Radar,0,0,8,40,48,0,1,7,51,59,0,1,15,91,107,0,138,138,245
01/22/2020,ADW,MD,AEA,EN,Towers with Radar,0,0,8,79,87,0,0,7,69,76,0,0,15,148,163,0,170,170,333
01/23/2020,ADW,MD,AEA,EN,Towers with Radar,1,1,3,118,123,0,1,4,52,57,1,2,7,170,180,0,138,138,318
01/24/2020,ADW,MD,AEA,EN,Towers with Radar,0,0,19,53,72,0,0,5,36,41,0,0,24,89,113,0,94,94,207
01/25/2020,ADW,MD,AEA,EN,Towers with Radar,4,0,0,9,13,0,0,0,16,16,4,0,0,25,29,0,36,36,65
01/26/2020,ADW,MD,AEA,EN,Towers with Radar,2,2,1,27,32,0,0,16,11,27,2,2,17,38,59,0,48,48,107
01/27/2020,ADW,MD,AEA,EN,Towers with Radar,0,0,21,39,60,0,0,9,10,19,0,0,30,49,79,0,88,88,167
01/28/2020,ADW,MD,AEA,EN,Towers with Radar,0,0,13,60,73,0,3,7,51,61,0,3,20,111,134,0,38,38,172
01/29/2020,ADW,MD,AEA,EN,Towers with Radar,5,0,13,70,88,0,1,2,48,51,5,1,15,118,139,0,70,70,209
01/30/2020,ADW,MD,AEA,EN,Towers with Radar,0,0,0,94,94,0,0,1,60,61,0,0,1,154,155,0,116,116,271
01/31/2020,ADW,MD,AEA,EN,Towers with Radar,1,0,2,53,56,0,0,2,38,40,1,0,4,91,96,0,30,30,126
02/01/2020,ADW,MD,AEA,EN,Towers with Radar,2,0,2,13,17,0,0,0,11,11,2,0,2,24,28,0,16,16,44
02/02/2020,ADW,MD,AEA,EN,Towers with Radar,0,0,0,10,10,0,0,4,15,19,0,0,4,25,29,0,44,44,73
02/03/2020,ADW,MD,AEA,EN,Towers with Radar,2,1,0,41,44,0,1,6,24,31,2,2,6,65,75,0,58,58,133
02/04/2020,ADW,MD,AEA,EN,Towers with Radar,0,0,5,66,71,0,0,2,7,9,0,0,7,73,80,0,58,58,138
02/05/2020,ADW,MD,AEA,EN,Towers with Radar,0,1,3,44,48,0,0,0,18,18,0,1,3,62,66,0,22,22,88
02/06/2020,ADW,MD,AEA,EN,Towers with Radar,0,0,0,21,21,0,0,0,0,0,0,0,0,21,21,0,0,0,21
02/07/2020,ADW,MD,AEA,EN,Towers with Radar,3,1,0,24,28,0,0,2,33,35,3,1,2,57,63,0,12,12,75
02/08/2020,ADW,MD,AEA,EN,Towers with Radar,2,0,0,34,36,0,0,3,19,22,2,0,3,53,58,0,66,66,124
02/09/2020,ADW,MD,AEA,EN,Towers with Radar,2,0,2,63,67,0,0,0,14,14,2,0,2,77,81,0,62,62,143
02/10/2020,ADW,MD,AEA,EN,Towers with Radar,2,2,0,41,45,0,0,1,46,47,2,2,1,87,92,0,223,223,315
02/11/2020,ADW,MD,AEA,EN,Towers with Radar,1,1,3,63,68,0,0,1,27,28,1,1,4,90,96,0,70,70,166
02/12/2020,ADW,MD,AEA,EN,Towers with Radar,0,0,16,48,64,0,0,15,36,51,0,0,31,84,115,0,68,68,183
02/13/2020,ADW,MD,AEA,EN,Towers with Radar,3,2,4,58,67,0,0,5,24,29,3,2,9,82,96,0,108,108,204
02/14/2020,ADW,MD,AEA,EN,Towers with Radar,0,0,7,43,50,0,0,2,30,32,0,0,9,73,82,0,70,70,152
02/15/2020,ADW,MD,AEA,EN,Towers with Radar,4,1,0,15,20,0,0,5,7,12,4,1,5,22,32,0,0,0,32
02/16/2020,ADW,MD,AEA,EN,Towers with Radar,2,0,0,15,17,0,0,7,13,20,2,0,7,28,37,0,40,40,77
02/17/2020,ADW,MD,AEA,EN,Towers with Radar,0,0,3,23,26,0,4,7,11,22,0,4,10,34,48,0,46,46,94
02/18/2020,ADW,MD,AEA,EN,Towers with Radar,0,0,9,74,83,0,2,3,51,56,0,2,12,125,139,0,0,0,139
02/19/2020,ADW,MD,AEA,EN,Towers with Radar,1,1,6,86,94,0,2,6,39,47,1,3,12,125,141,0,148,148,289
02/20/2020,ADW,MD,AEA,EN,Towers with Radar,3,0,6,119,128,0,2,3,45,50,3,2,9,164,178,0,142,142,320
02/21/2020,ADW,MD,AEA,EN,Towers with Radar,0,2,6,73,81,0,1,1,65,67,0,3,7,138,148,0,62,62,210
02/22/2020,ADW,MD,AEA,EN,Towers with Radar,2,0,1,22,25,0,1,2,23,26,2,1,3,45,51,0,0,0,51
02/23/2020,ADW,MD,AEA,EN,Towers with Radar,2,0,0,25,27,0,0,3,11,14,2,0,3,36,41,0,14,14,55
02/24/2020,ADW,MD,AEA,EN,Towers with Radar,2,1,2,49,54,0,1,6,60,67,2,2,8,109,121,0,80,80,201
02/25/2020,ADW,MD,AEA,EN,Towers with Radar,0,0,4,52,56,0,2,0,2,4,0,2,4,54,60,0,12,12,72
02/26/2020,ADW,MD,AEA,EN,Towers with Radar,0,0,2,53,55,0,0,0,0,0,0,0,2,53,55,0,0,0,55
02/27/2020,ADW,MD,AEA,EN,Towers with Radar,0,1,2,58,61,0,0,8,53,61,0,1,10,111,122,28,32,60,182
02/28/2020,ADW,MD,AEA,EN,Towers with Radar,2,1,4,70,77,0,1,3,49,53,2,2,7,119,130,0,106,106,236
02/29/2020,ADW,MD,AEA,EN,Towers with Radar,0,1,4,21,26,0,0,8,17,25,0,1,12,38,51,0,28,28,79
03/01/2020,ADW,MD,AEA,EN,Towers with Radar,0,0,2,18,20,0,0,5,26,31,0,0,7,44,51,0,92,92,143
03/02/2020,ADW,MD,AEA,EN,Towers with Radar,1,1,28,40,70,0,0,12,70,82,1,1,40,110,152,0,162,162,314
03/03/2020,ADW,MD,AEA,EN,Towers with Radar,1,1,5,62,69,0,2,2,41,45,1,3,7,103,114,0,0,0,114
03/04/2020,ADW,MD,AEA,EN,Towers with Radar,0,0,7,63,70,0,0,4,63,67,0,0,11,126,137,0,60,60,197
03/05/2020,ADW,MD,AEA,EN,Towers with Radar,0,1,4,97,102,0,2,3,91,96,0,3,7,188,198,0,142,142,340
03/06/2020,ADW,MD,AEA,EN,Towers with Radar,2,0,8,79,89,0,0,4,45,49,2,0,12,124,138,0,84,84,222
03/07/2020,ADW,MD,AEA,EN,Towers with Radar,2,0,0,18,20,0,0,5,7,12,2,0,5,25,32,0,0,0,32
03/08/2020,ADW,MD,AEA,EN,Towers with Radar,4,0,6,33,43,0,0,1,8,9,4,0,7,41,52,0,22,22,74
03/09/2020,ADW,MD,AEA,EN,Towers with Radar,4,1,4,54,63,0,2,3,53,58,4,3,7,107,121,0,124,124,245
03/10/2020,ADW,MD,AEA,EN,Towers with Radar,0,1,10,34,45,0,0,2,34,36,0,1,12,68,81,0,0,0,81
03/11/2020,ADW,MD,AEA,EN,Towers with Radar,2,0,4,38,44,0,0,4,45,49,2,0,8,83,93,0,88,88,181
03/12/2020,ADW,MD,AEA,EN,Towers with Radar,2,1,6,67,76,0,2,5,47,54,2,3,11,114,130,0,198,198,328
03/13/2020,ADW,MD,AEA,EN,Towers with Radar,0,0,6,38,44,0,2,3,39,44,0,2,9,77,88,0,50,50,138
03/14/2020,ADW,MD,AEA,EN,Towers with Radar,0,2,2,27,31,0,0,6,10,16,0,2,8,37,47,0,22,22,69
03/15/2020,ADW,MD,AEA,EN,Towers with Radar,0,0,0,8,8,0,0,3,12,15,0,0,3,20,23,0,0,0,23
03/16/2020,ADW,MD,AEA,EN,Towers with Radar,2,0,8,44,54,0,0,9,31,40,2,0,17,75,94,0,142,142,236
03/17/2020,ADW,MD,AEA,EN,Towers with Radar,0,0,12,70,82,0,0,8,35,43,0,0,20,105,125,0,228,228,353
03/18/2020,ADW,MD,AEA,EN,Towers with Radar,0,4,30,64,98,0,1,5,35,41,0,5,35,99,139,0,108,108,247
03/19/2020,ADW,MD,AEA,EN,Towers with Radar,0,0,19,75,94,0,0,0,28,28,0,0,19,103,122,0,110,110,232
03/20/2020,ADW,MD,AEA,EN,Towers with Radar,0,0,2,25,27,0,0,0,14,14,0,0,2,39,41,0,38,38,79
03/21/2020,ADW,MD,AEA,EN,Towers with Radar,1,1,0,10,12,0,0,6,24,30,1,1,6,34,42,0,60,60,102
03/22/2020,ADW,MD,AEA,EN,Towers with Radar,3,2,0,7,12,0,0,2,14,16,3,2,2,21,28,0,0,0,28
03/23/2020,ADW,MD,AEA,EN,Towers with Radar,2,2,2,5,11,0,0,0,2,2,2,2,2,7,13,0,12,12,25
03/24/2020,ADW,MD,AEA,EN,Towers with Radar,0,0,4,24,28,0,0,2,31,33,0,0,6,55,61,0,0,0,61
03/25/2020,ADW,MD,AEA,EN,Towers with Radar,4,0,4,29,37,0,0,2,4,6,4,0,6,33,43,0,0,0,43
03/26/2020,ADW,MD,AEA,EN,Towers with Radar,0,0,16,53,69,0,0,3,27,30,0,0,19,80,99,0,0,0,99
03/27/2020,ADW,MD,AEA,EN,Towers with Radar,2,1,11,24,38,0,0,0,36,36,2,1,11,60,74,0,86,86,160
03/28/2020,ADW,MD,AEA,EN,Towers with Radar,4,0,0,6,10,0,0,2,8,10,4,0,2,14,20,0,0,0,20
03/29/2020,ADW,MD,AEA,EN,Towers with Radar,2,2,0,2,6,0,0,2,8,10,2,2,2,10,16,0,0,0,16
03/30/2020,ADW,MD,AEA,EN,Towers with Radar,0,0,5,22,27,0,0,10,49,59,0,0,15,71,86,0,127,127,213
03/31/2020,ADW,MD,AEA,EN,Towers with Radar,0,0,4,47,51,0,0,1,31,32,0,0,5,78,83,0,108,108,191
04/01/2020,ADW,MD,AEA,EN,Towers with Radar,0,0,58,24,82,0,0,4,47,51,0,0,62,71,133,0,174,174,307
04/02/2020,ADW,MD,AEA,EN,Towers with Radar,0,2,31,26,59,0,3,10,36,49,0,5,41,62,108,0,150,150,258
04/03/2020,ADW,MD,AEA,EN,Towers with Radar,0,0,22,23,45,0,0,5,33,38,0,0,27,56,83,0,124,124,207
04/04/2020,ADW,MD,AEA,EN,Towers with Radar,0,0,1,4,5,0,0,3,10,13,0,0,4,14,18,0,14,14,32
04/05/2020,ADW,MD,AEA,EN,Towers with Radar,0,0,0,7,7,0,0,0,21,21,0,0,0,28,28,0,14,14,42
04/06/2020,ADW,MD,AEA,EN,Towers with Radar,0,0,22,20,42,0,0,8,42,50,0,0,30,62,92,0,146,146,238
04/07/2020,ADW,MD,AEA,EN,Towers with Radar,0,0,0,26,26,0,0,0,35,35,0,0,0,61,61,0,0,0,61
04/08/2020,ADW,MD,AEA,EN,Towers with Radar,0,0,30,18,48,0,2,5,27,34,0,2,35,45,82,0,108,108,190
04/09/2020,ADW,MD,AEA,EN,Towers with Radar,0,0,0,23,23,0,0,1,17,18,0,0,1,40,41,0,26,26,67
04/10/2020,ADW,MD,AEA,EN,Towers with Radar,0,1,3,15,19,0,0,3,15,18,0,1,6,30,37,0,0,0,37
04/11/2020,ADW,MD,AEA,EN,Towers with Radar,0,0,0,1,1,0,2,0,14,16,0,2,0,15,17,0,26,26,43
04/12/2020,ADW,MD,AEA,EN,Towers with Radar,0,0,0,1,1,0,1,8,6,15,0,1,8,7,16,0,0,0,16
04/13/2020,ADW,MD,AEA,EN,Towers with Radar,0,0,0,4,4,0,0,3,24,27,0,0,3,28,31,0,74,74,105
04/14/2020,ADW,MD,AEA,EN,Towers with Radar,0,0,57,64,121,0,0,6,46,52,0,0,63,110,173,0,0,0,173
04/15/2020,ADW,MD,AEA,EN,Towers with Radar,1,0,5,20,26,0,1,5,29,35,1,1,10,49,61,0,0,0,61
04/16/2020,ADW,MD,AEA,EN,Towers with Radar,3,1,0,35,39,0,3,4,38,45,3,4,4,73,84,0,0,0,84
04/17/2020,ADW,MD,AEA,EN,Towers with Radar,2,0,30,66,98,0,1,5,21,27,2,1,35,87,125,0,160,160,285
04/18/2020,ADW,MD,AEA,EN,Towers with Radar,0,0,0,16,16,0,1,0,13,14,0,1,0,29,30,0,0,0,30
04/19/2020,ADW,MD,AEA,EN,Towers with Radar,0,0,1,14,15,0,0,3,20,23,0,0,4,34,38,0,40,40,78
04/20/2020,ADW,MD,AEA,EN,Towers with Radar,0,0,0,26,26,0,0,1,46,47,0,0,1,72,73,0,82,82,155
04/21/2020,ADW,MD,AEA,EN,Towers with Radar,0,0,28,51,79,0,0,7,22,29,0,0,35,73,108,0,146,146,254
04/22/2020,ADW,MD,AEA,EN,Towers with Radar,0,0,0,49,49,0,0,11,36,47,0,0,11,85,96,0,204,204,300
04/23/2020,ADW,MD,AEA,EN,Towers with Radar,0,0,20,48,68,0,0,5,38,43,0,0,25,86,111,0,134,134,245
04/24/2020,ADW,MD,AEA,EN,Towers with Radar,0,0,0,52,52,0,0,0,23,23,0,0,0,75,75,0,0,0,75
04/25/2020,ADW,MD,AEA,EN,Towers with Radar,0,1,4,14,19,0,0,2,7,9,0,1,6,21,28,0,18,18,46
04/26/2020,ADW,MD,AEA,EN,Towers with Radar,0,0,0,6,6,0,0,0,5,5,0,0,0,11,11,0,0,0,11
04/27/2020,ADW,MD,AEA,EN,Towers with Radar,0,1,3,23,27,0,0,8,35,43,0,1,11,58,70,0,4,4,74
04/28/2020,ADW,MD,AEA,EN,Towers with Radar,0,1,4,57,62,0,4,18,37,59,0,5,22,94,121,0,246,246,367
04/29/2020,ADW,MD,AEA,EN,Towers with Radar,2,7,8,49,66,0,6,6,40,52,2,13,14,89,118,0,186,186,304
04/30/2020,ADW,MD,AEA,EN,Towers with Radar,0,0,0,44,44,0,0,0,7,7,0,0,0,51,51,0,14,14,65
05/01/2020,ADW,MD,AEA,EN,Towers with Radar,0,0,16,44,60,0,0,2,42,44,0,0,18,86,104,0,58,58,162
05/02/2020,ADW,MD,AEA,EN,Towers with Radar,0,0,0,13,13,0,2,1,16,19,0,2,1,29,32,0,32,32,64
05/03/2020,ADW,MD,AEA,EN,Towers with Radar,0,0,0,15,15,0,2,4,22,28,0,2,4,37,43,0,32,32,75
05/04/2020,ADW,MD,AEA,EN,Towers with Radar,0,0,0,24,24,0,2,10,38,50,0,2,10,62,74,0,0,0,74
05/05/2020,ADW,MD,AEA,EN,Towers with Radar,1,0,2,78,81,0,0,6,38,44,1,0,8,116,125,0,74,74,199
05/06/2020,ADW,MD,AEA,EN,Towers with Radar,0,0,2,48,50,0,0,0,41,41,0,0,2,89,91,0,91,91,182
05/07/2020,ADW,MD,AEA,EN,Towers with Radar,2,0,8,75,85,0,0,9,45,54,2,0,17,120,139,0,0,0,139
05/08/2020,ADW,MD,AEA,EN,Towers with Radar,0,0,4,33,37,0,2,5,36,43,0,2,9,69,80,0,78,78,158
05/09/2020,ADW,MD,AEA,EN,Towers with Radar,0,2,0,7,9,0,1,0,3,4,0,3,0,10,13,0,14,14,27
05/10/2020,ADW,MD,AEA,EN,Towers with Radar,0,0,0,11,11,0,0,0,19,19,0,0,0,30,30,0,20,20,50
05/11/2020,ADW,MD,AEA,EN,Towers with Radar,0,0,0,44,44,0,1,7,33,41,0,1,7,77,85,0,118,118,203
05/12/2020,ADW,MD,AEA,EN,Towers with Radar,0,0,2,53,55,0,1,3,39,43,0,1,5,92,98,0,162,162,260
05/13/2020,ADW,MD,AEA,EN,Towers with Radar,0,0,10,62,72,0,1,5,27,33,0,1,15,89,105,0,82,82,187
05/14/2020,ADW,MD,AEA,EN,Towers with Radar,2,0,10,58,70,0,0,7,38,45,2,0,17,96,115,0,136,136,251
05/15/2020,ADW,MD,AEA,EN,Towers with Radar,0,0,10,77,87,0,0,8,28,36,0,0,18,105,123,0,0,0,123
05/16/2020,ADW,MD,AEA,EN,Towers with Radar,0,0,0,6,6,0,1,8,12,21,0,1,8,18,27,0,32,32,59
05/17/2020,ADW,MD,AEA,EN,Towers with Radar,0,0,0,10,10,0,0,4,16,20,0,0,4,26,30,0,0,0,30
05/18/2020,ADW,MD,AEA,EN,Towers with Radar,0,0,18,31,49,0,0,2,22,24,0,0,20,53,73,0,98,98,171
05/19/2020,ADW,MD,AEA,EN,Towers with Radar,0,0,3,44,47,0,0,4,20,24,0,0,7,64,71,0,54,54,125
05/20/2020,ADW,MD,AEA,EN,Towers with Radar,2,0,9,62,73,0,1,3,40,44,2,1,12,102,117,0,152,152,269
05/21/2020,ADW,MD,AEA,EN,Towers with Radar,0,0,1,72,73,0,1,6,51,58,0,1,7,123,131,0,64,64,195
05/22/2020,ADW,MD,AEA,EN,Towers with Radar,0,0,14,37,51,0,0,2,14,16,0,0,16,51,67,0,6,6,73
05/23/2020,ADW,MD,AEA,EN,Towers with Radar,2,0,0,10,12,0,0,4,8,12,2,0,4,18,24,0,4,4,28
05/24/2020,ADW,MD,AEA,EN,Towers with Radar,2,0,0,6,8,0,0,2,8,10,2,0,2,14,18,0,0,0,18
05/25/2020,ADW,MD,AEA,EN,Towers with Radar,2,0,0,7,9,0,0,2,12,14,2,0,2,19,23,0,60,60,83
05/26/2020,ADW,MD,AEA,EN,Towers with Radar,2,0,3,66,71,0,0,5,27,32,2,0,8,93,103,0,104,104,207
05/27/2020,ADW,MD,AEA,EN,Towers with Radar,0,0,13,69,82,0,0,4,48,52,0,0,17,117,134,0,74,74,208
05/28/2020,ADW,MD,AEA,EN,Towers with Radar,0,0,16,57,73,0,0,0,28,28,0,0,16,85,101,0,134,134,235
05/29/2020,ADW,MD,AEA,EN,Towers with Radar,2,0,8,56,66,0,1,5,49,55,2,1,13,105,121,0,124,124,245
05/30/2020,ADW,MD,AEA,EN,Towers with Radar,0,3,3,29,35,0,0,6,12,18,0,3,9,41,53,0,0,0,53
05/31/2020,ADW,MD,AEA,EN,Towers with Radar,0,0,0,29,29,0,2,5,10,17,0,2,5,39,46,0,24,24,70
06/01/2020,ADW,MD,AEA,EN,Towers with Radar,0,0,10,65,75,0,0,5,23,28,0,0,15,88,103,0,144,144,247
06/02/2020,ADW,MD,AEA,EN,Towers with Radar,0,0,6,128,134,0,0,4,7,11,0,0,10,135,145,0,22,22,167
06/03/2020,ADW,MD,AEA,EN,Towers with Radar,2,0,14,87,103,0,0,0,19,19,2,0,14,106,122,0,76,76,198
06/04/2020,ADW,MD,AEA,EN,Towers with Radar,0,0,2,69,71,0,0,2,31,33,0,0,4,100,104,0,122,122,226
06/05/2020,ADW,MD,AEA,EN,Towers with Radar,0,0,12,59,71,0,0,7,32,39,0,0,19,91,110,4,112,116,226
06/06/2020,ADW,MD,AEA,EN,Towers with Radar,2,0,2,17,21,0,0,1,4,5,2,0,3,21,26,0,32,32,58
06/07/2020,ADW,MD,AEA,EN,Towers with Radar,2,0,0,42,44,0,2,10,11,23,2,2,10,53,67,0,98,98,165
06/08/2020,ADW,MD,AEA,EN,Towers with Radar,0,0,8,63,71,0,0,6,43,49,0,0,14,106,120,0,278,278,398
06/09/2020,ADW,MD,AEA,EN,Towers with Radar,0,0,27,70,97,0,0,5,30,35,0,0,32,100,132,0,46,46,178
06/10/2020,ADW,MD,AEA,EN,Towers with Radar,0,0,10,55,65,0,0,4,30,34,0,0,14,85,99,0,204,204,303
06/11/2020,ADW,MD,AEA,EN,Towers with Radar,0,0,0,68,68,0,0,3,34,37,0,0,3,102,105,0,182,182,287
06/12/2020,ADW,MD,AEA,EN,Towers with Radar,2,5,6,75,88,0,1,7,42,50,2,6,13,117,138,0,56,56,194
06/13/2020,ADW,MD,AEA,EN,Towers with Radar,2,0,0,24,26,0,0,5,8,13,2,0,5,32,39,0,10,10,49
06/14/2020,ADW,MD,AEA,EN,Towers with Radar,0,0,0,33,33,0,0,10,16,26,0,0,10,49,59,0,38,38,97
06/15/2020,ADW,MD,AEA,EN,Towers with Radar,3,1,4,34,42,0,0,5,43,48,3,1,9,77,90,0,112,112,202
06/16/2020,ADW,MD,AEA,EN,Towers with Radar,0,0,10,96,106,0,0,6,43,49,0,0,16,139,155,0,160,160,315
06/17/2020,ADW,MD,AEA,EN,Towers with Radar,0,0,10,72,82,0,0,2,12,14,0,0,12,84,96,0,92,92,188
06/18/2020,ADW,MD,AEA,EN,Towers with Radar,0,0,8,63,71,0,0,3,36,39,0,0,11,99,110,0,112,112,222
06/19/2020,ADW,MD,AEA,EN,Towers with Radar,0,0,8,52,60,0,1,6,20,27,0,1,14,72,87,0,52,52,139
06/20/2020,ADW,MD,AEA,EN,Towers with Radar,0,1,0,19,20,0,0,6,9,15,0,1,6,28,35,0,0,0,35
06/21/2020,ADW,MD,AEA,EN,Towers with Radar,0,1,6,17,24,0,0,2,14,16,0,1,8,31,40,0,44,44,84
06/22/2020,ADW,MD,AEA,EN,Towers with Radar,0,1,5,39,45,0,0,5,33,38,0,1,10,72,83,0,82,82,165
06/23/2020,ADW,MD,AEA,EN,Towers with Radar,3,3,9,60,75,0,0,5,56,61,3,3,14,116,136,0,164,164,300
06/24/2020,ADW,MD,AEA,EN,Towers with Radar,1,4,20,92,117,0,3,23,53,79,1,7,43,145,196,0,124,124,320
06/25/2020,ADW,MD,AEA,EN,Towers with Radar,2,1,4,125,132,0,0,7,30,37,2,1,11,155,169,0,96,96,265
06/26/2020,ADW,MD,AEA,EN,Towers with Radar,0,0,2,75,77,0,1,0,33,34,0,1,2,108,111,0,52,52,163
06/27/2020,ADW,MD,AEA,EN,Towers with Radar,0,0,5,36,41,0,0,10,7,17,0,0,15,43,58,0,18,18,76
06/28/2020,ADW,MD,AEA,EN,Towers with Radar,1,0,3,17,21,0,1,6,25,32,1,1,9,42,53,0,18,18,71
06/29/2020,ADW,MD,AEA,EN,Towers with Radar,3,0,10,41,54,0,0,6,57,63,3,0,16,98,117,0,194,194,311
06/30/2020,ADW,MD,AEA,EN,Towers with Radar,0,0,8,89,97,0,1,6,43,50,0,1,14,132,147,0,0,0,147
07/01/2020,ADW,MD,AEA,EN,Towers with Radar,0,0,12,72,84,0,0,5,34,39,0,0,17,106,123,0,172,172,295
07/02/2020,ADW,MD,AEA,EN,Towers with Radar,2,0,6,84,92,0,0,9,43,52,2,0,15,127,144,0,130,130,274
07/03/2020,ADW,MD,AEA,EN,Towers with Radar,0,1,4,21,26,0,1,4,15,20,0,2,8,36,46,0,28,28,74
07/04/2020,ADW,MD,AEA,EN,Towers with Radar,0,0,0,24,24,0,2,0,12,14,0,2,0,36,38,0,22,22,60
07/05/2020,ADW,MD,AEA,EN,Towers with Radar,0,1,0,23,24,0,0,8,15,23,0,1,8,38,47,0,0,0,47
07/06/2020,ADW,MD,AEA,EN,Towers with Radar,0,0,2,36,38,0,0,2,11,13,0,0,4,47,51,0,0,0,51
07/07/2020,ADW,MD,AEA,EN,Towers with Radar,0,2,21,83,106,0,0,1,41,42,0,2,22,124,148,0,0,0,148
07/08/2020,ADW,MD,AEA,EN,Towers with Radar,2,0,15,116,133,0,0,8,47,55,2,0,23,163,188,0,80,80,268
07/09/2020,ADW,MD,AEA,EN,Towers with Radar,0,1,6,90,97,0,2,5,45,52,0,3,11,135,149,0,74,74,223
07/10/2020,ADW,MD,AEA,EN,Towers with Radar,0,0,0,70,70,0,1,10,40,51,0,1,10,110,121,0,30,30,151
07/11/2020,ADW,MD,AEA,EN,Towers with Radar,0,0,0,17,17,0,2,2,12,16,0,2,2,29,33,0,4,4,37
07/12/2020,ADW,MD,AEA,EN,Towers with Radar,0,0,0,23,23,0,0,6,12,18,0,0,6,35,41,0,6,6,47
07/13/2020,ADW,MD,AEA,EN,Towers with Radar,0,0,8,63,71,0,0,7,40,47,0,0,15,103,118,0,170,170,288
07/14/2020,ADW,MD,AEA,EN,Towers with Radar,0,0,5,95,100,0,4,4,43,51,0,4,9,138,151,0,42,42,193
07/15/2020,ADW,MD,AEA,EN,Towers with Radar,2,0,2,76,80,0,3,8,54,65,2,3,10,130,145,0,104,104,249
07/16/2020,ADW,MD,AEA,EN,Towers with Radar,1,0,6,85,92,0,1,9,28,38,1,1,15,113,130,0,42,42,172
07/17/2020,ADW,MD,AEA,EN,Towers with Radar,1,0,25,53,79,0,0,2,67,69,1,0,27,120,148,0,128,128,276
07/18/2020,ADW,MD,AEA,EN,Towers with Radar,2,0,2,12,16,0,0,6,11,17,2,0,8,23,33,0,26,26,59
07/19/2020,ADW,MD,AEA,EN,Towers with Radar,0,0,0,19,19,0,0,7,10,17,0,0,7,29,36,0,22,22,58
07/20/2020,ADW,MD,AEA,EN,Towers with Radar,2,0,21,38,61,0,0,13,14,27,2,0,34,52,88,0,0,0,88
07/21/2020,ADW,MD,AEA,EN,Towers with Radar,2,0,6,73,81,0,0,5,27,32,2,0,11,100,113,0,82,82,195
07/22/2020,ADW,MD,AEA,EN,Towers with Radar,0,0,10,122,132,0,0,2,30,32,0,0,12,152,164,0,94,94,258
07/23/2020,ADW,MD,AEA,EN,Towers with Radar,1,0,7,78,86,0,0,2,25,27,1,0,9,103,113,0,0,0,113
07/24/2020,ADW,MD,AEA,EN,Towers with Radar,3,0,2,61,66,0,0,0,38,38,3,0,2,99,104,0,14,14,118
07/25/2020,ADW,MD,AEA,EN,Towers with Radar,0,0,2,15,17,0,0,5,8,13,0,0,7,23,30,0,0,0,30
07/26/2020,ADW,MD,AEA,EN,Towers with Radar,1,0,2,35,38,0,2,6,13,21,1,2,8,48,59,0,52,52,111
07/27/2020,ADW,MD,AEA,EN,Towers with Radar,1,1,2,82,86,0,2,1,39,42,1,3,3,121,128,0,102,102,230
07/28/2020,ADW,MD,AEA,EN,Towers with Radar,1,0,4,78,83,0,0,2,49,51,1,0,6,127,134,0,192,192,326
07/29/2020,ADW,MD,AEA,EN,Towers with Radar,3,0,2,121,126,0,0,2,51,53,3,0,4,172,179,0,148,148,327
07/30/2020,ADW,MD,AEA,EN,Towers with Radar,0,0,3,91,94,0,0,3,43,46,0,0,6,134,140,0,52,52,192
07/31/2020,ADW,MD,AEA,EN,Towers with Radar,0,1,13,54,68,0,0,7,22,29,0,1,20,76,97,0,72,72,169
08/01/2020,ADW,MD,AEA,EN,Towers with Radar,0,1,2,15,18,0,0,10,17,27,0,1,12,32,45,0,0,0,45
08/02/2020,ADW,MD,AEA,EN,Towers with Radar,2,0,0,19,21,0,0,0,16,16,2,0,0,35,37,0,44,44,81
08/03/2020,ADW,MD,AEA,EN,Towers with Radar,0,0,27,28,55,0,0,13,22,35,0,0,40,50,90,0,112,112,202
08/04/2020,ADW,MD,AEA,EN,Towers with Radar,0,0,2,37,39,0,0,2,12,14,0,0,4,49,53,0,0,0,53
08/05/2020,ADW,MD,AEA,EN,Towers with Radar,0,1,19,114,134,0,2,2,38,42,0,3,21,152,176,0,0,0,176
08/06/2020,ADW,MD,AEA,EN,Towers with Radar,0,0,3,96,99,0,0,8,36,44,0,0,11,132,143,0,0,0,143
08/07/2020,ADW,MD,AEA,EN,Towers with Radar,0,7,24,100,131,0,4,3,51,58,0,11,27,151,189,0,184,184,373
08/08/2020,ADW,MD,AEA,EN,Towers with Radar,2,0,1,17,20,0,0,5,17,22,2,0,6,34,42,0,36,36,78
08/09/2020,ADW,MD,AEA,EN,Towers with Radar,0,0,2,27,29,0,0,6,18,24,0,0,8,45,53,0,94,94,147
08/10/2020,ADW,MD,AEA,EN,Towers with Radar,0,0,5,86,91,0,1,5,28,34,0,1,10,114,125,0,84,84,209
08/11/2020,ADW,MD,AEA,EN,Towers with Radar,0,0,44,88,132,0,0,14,53,67,0,0,58,141,199,0,234,234,433
08/12/2020,ADW,MD,AEA,EN,Towers with Radar,0,0,4,106,110,0,0,5,29,34,0,0,9,135,144,0,78,78,222
08/13/2020,ADW,MD,AEA,EN,Towers with Radar,2,0,21,70,93,0,0,7,25,32,2,0,28,95,125,0,38,38,163
08/14/2020,ADW,MD,AEA,EN,Towers with Radar,0,0,10,50,60,0,0,4,29,33,0,0,14,79,93,0,30,30,123
08/15/2020,ADW,MD,AEA,EN,Towers with Radar,0,0,0,17,17,0,0,5,10,15,0,0,5,27,32,0,8,8,40
08/16/2020,ADW,MD,AEA,EN,Towers with Radar,2,0,0,23,25,0,0,3,12,15,2,0,3,35,40,0,60,60,100
08/17/2020,ADW,MD,AEA,EN,Towers with Radar,4,0,2,50,56,0,0,8,39,47,4,0,10,89,103,0,140,140,243
08/18/2020,ADW,MD,AEA,EN,Towers with Radar,1,0,6,99,106,0,0,6,37,43,1,0,12,136,149,0,112,112,261
08/19/2020,ADW,MD,AEA,EN,Towers with Radar,0,0,8,71,79,0,0,4,35,39,0,0,12,106,118,0,52,52,170
08/20/2020,ADW,MD,AEA,EN,Towers with Radar,0,0,4,111,115,0,0,9,37,46,0,0,13,148,161,0,22,22,183
08/21/2020,ADW,MD,AEA,EN,Towers with Radar,4,0,4,92,100,0,0,2,45,47,4,0,6,137,147,0,0,0,147
08/22/2020,ADW,MD,AEA,EN,Towers with Radar,1,0,0,23,24,0,0,6,12,18,1,0,6,35,42,0,0,0,42
08/23/2020,ADW,MD,AEA,EN,Towers with Radar,0,0,0,24,24,0,0,5,10,15,0,0,5,34,39,0,10,10,49
08/24/2020,ADW,MD,AEA,EN,Towers with Radar,0,2,3,85,90,0,1,9,37,47,0,3,12,122,137,0,0,0,137
08/25/2020,ADW,MD,AEA,EN,Towers with Radar,0,0,10,79,89,0,2,5,46,53,0,2,15,125,142,0,258,258,400
08/26/2020,ADW,MD,AEA,EN,Towers with Radar,0,2,9,59,70,0,0,7,40,47,0,2,16,99,117,0,74,74,191
08/27/2020,ADW,MD,AEA,EN,Towers with Radar,0,0,11,88,99,0,0,6,50,56,0,0,17,138,155,0,182,182,337
08/28/2020,ADW,MD,AEA,EN,Towers with Radar,1,0,6,51,58,0,2,2,16,20,1,2,8,67,78,0,36,36,114
08/29/2020,ADW,MD,AEA,EN,Towers with Radar,1,0,0,31,32,0,0,0,0,0,1,0,0,31,32,0,0,0,32
08/30/2020,ADW,MD,AEA,EN,Towers with Radar,0,0,4,32,36,0,0,12,24,36,0,0,16,56,72,0,34,34,106
08/31/2020,ADW,MD,AEA,EN,Towers with Radar,0,0,21,59,80,0,0,9,37,46,0,0,30,96,126,0,104,104,230
09/01/2020,ADW,MD,AEA,EN,Towers with Radar,0,0,2,87,89,0,0,4,35,39,0,0,6,122,128,0,70,70,198
09/02/2020,ADW,MD,AEA,EN,Towers with Radar,0,0,4,86,90,0,0,6,31,37,0,0,10,117,127,0,58,58,185
09/03/2020,ADW,MD,AEA,EN,Towers with Radar,0,0,6,82,88,0,0,13,38,51,0,0,19,120,139,0,104,104,243
09/04/2020,ADW,MD,AEA,EN,Towers with Radar,0,0,0,24,24,0,0,9,31,40,0,0,9,55,64,0,64,64,128
09/05/2020,ADW,MD,AEA,EN,Towers with Radar,2,2,2,3,9,0,0,6,19,25,2,2,8,22,34,2,30,32,66
09/06/2020,ADW,MD,AEA,EN,Towers with Radar,0,0,0,21,21,0,0,4,21,25,0,0,4,42,46,0,42,42,88
09/07/2020,ADW,MD,AEA,EN,Towers with Radar,0,0,1,25,26,0,0,4,25,29,0,0,5,50,55,0,0,0,55
09/08/2020,ADW,MD,AEA,EN,Towers with Radar,0,0,41,69,110,0,0,24,43,67,0,0,65,112,177,2,160,162,339
09/09/2020,ADW,MD,AEA,EN,Towers with Radar,2,0,5,55,62,0,1,1,18,20,2,1,6,73,82,0,16,16,98
09/10/2020,ADW,MD,AEA,EN,Towers with Radar,0,0,0,62,62,0,0,1,19,20,0,0,1,81,82,0,0,0,82
09/11/2020,ADW,MD,AEA,EN,Towers with Radar,0,1,4,57,62,0,1,1,29,31,0,2,5,86,93,0,54,54,147
09/12/2020,ADW,MD,AEA,EN,Towers with Radar,0,0,2,43,45,0,0,5,9,14,0,0,7,52,59,0,30,30,89
09/13/2020,ADW,MD,AEA,EN,Towers with Radar,1,3,0,33,37,0,2,5,11,18,1,5,5,44,55,0,56,56,111
09/14/2020,ADW,MD,AEA,EN,Towers with Radar,2,0,4,56,62,0,0,3,51,54,2,0,7,107,116,0,48,48,164
09/15/2020,ADW,MD,AEA,EN,Towers with Radar,2,1,0,99,102,0,0,8,47,55,2,1,8,146,157,0,0,0,157
09/16/2020,ADW,MD,AEA,EN,Towers with Radar,1,1,9,95,106,0,0,2,42,44,1,1,11,137,150,0,0,0,150
09/17/2020,ADW,MD,AEA,EN,Towers with Radar,0,0,17,75,92,0,0,5,51,56,0,0,22,126,148,0,104,104,252
09/18/2020,ADW,MD,AEA,EN,Towers with Radar,0,2,2,63,67,0,0,3,35,38,0,2,5,98,105,4,54,58,163
09/19/2020,ADW,MD,AEA,EN,Towers with Radar,3,0,2,42,47,0,0,6,20,26,3,0,8,62,73,0,0,0,73
09/20/2020,ADW,MD,AEA,EN,Towers with Radar,0,0,2,27,29,0,0,5,15,20,0,0,7,42,49,0,22,22,71
09/21/2020,ADW,MD,AEA,EN,Towers with Radar,4,0,8,44,56,0,0,7,50,57,4,0,15,94,113,0,86,86,199
09/22/2020,ADW,MD,AEA,EN,Towers with Radar,3,1,4,96,104,0,0,4,49,53,3,1,8,145,157,0,100,100,257
09/23/2020,ADW,MD,AEA,EN,Towers with Radar,2,0,11,78,91,0,0,3,34,37,2,0,14,112,128,0,76,76,204
09/24/2020,ADW,MD,AEA,EN,Towers with Radar,0,0,32,109,141,0,0,6,43,49,0,0,38,152,190,0,36,36,226
09/25/2020,ADW,MD,AEA,EN,Towers with Radar,0,0,7,67,74,0,0,9,15,24,0,0,16,82,98,0,28,28,126
09/26/2020,ADW,MD,AEA,EN,Towers with Radar,0,2,2,23,27,0,0,1,3,4,0,2,3,26,31,0,4,4,35
09/27/2020,ADW,MD,AEA,EN,Towers with Radar,4,1,0,22,27,0,0,5,5,10,4,1,5,27,37,0,0,0,37
09/28/2020,ADW,MD,AEA,EN,Towers with Radar,0,2,19,67,88,0,0,6,14,20,0,2,25,81,108,0,28,28,136
09/29/2020,ADW,MD,AEA,EN,Towers with Radar,2,0,5,59,66,0,2,9,14,25,2,2,14,73,91,10,28,38,129
09/30/2020,ADW,MD,AEA,EN,Towers with Radar,0,1,2,48,51,0,0,4,17,21,0,1,6,65,72,0,6,6,78
10/01/2020,ADW,MD,AEA,EN,Towers with Radar,0,0,8,70,78,0,0,12,38,50,0,0,20,108,128,0,46,46,174
10/02/2020,ADW,MD,AEA,EN,Towers with Radar,2,0,4,47,53,0,0,1,31,32,2,0,5,78,85,0,52,52,137
10/03/2020,ADW,MD,AEA,EN,Towers with Radar,0,0,4,27,31,0,0,2,7,9,0,0,6,34,40,0,0,0,40
10/04/2020,ADW,MD,AEA,EN,Towers with Radar,0,0,0,23,23,0,0,1,10,11,0,0,1,33,34,0,40,40,74
10/05/2020,ADW,MD,AEA,EN,Towers with Radar,0,0,4,25,29,0,3,6,58,67,0,3,10,83,96,0,72,72,168
10/06/2020,ADW,MD,AEA,EN,Towers with Radar,0,0,2,56,58,0,1,5,55,61,0,1,7,111,119,0,158,158,277
10/07/2020,ADW,MD,AEA,EN,Towers with Radar,0,0,4,46,50,0,0,8,27,35,0,0,12,73,85,0,68,68,153
10/08/2020,ADW,MD,AEA,EN,Towers with Radar,0,0,3,65,68,0,0,3,46,49,0,0,6,111,117,0,96,96,213
10/09/2020,ADW,MD,AEA,EN,Towers with Radar,0,2,10,29,41,0,0,2,51,53,0,2,12,80,94,0,122,122,216
10/10/2020,ADW,MD,AEA,EN,Towers with Radar,2,1,2,16,21,0,0,0,16,16,2,1,2,32,37,0,28,28,65
10/11/2020,ADW,MD,AEA,EN,Towers with Radar,0,0,0,9,9,0,0,0,18,18,0,0,0,27,27,0,66,66,93
10/12/2020,ADW,MD,AEA,EN,Towers with Radar,0,0,4,19,23,0,0,0,0,0,0,0,4,19,23,0,0,0,23
10/13/2020,ADW,MD,AEA,EN,Towers with Radar,0,0,8,60,68,0,0,0,41,41,0,0,8,101,109,0,56,56,165
10/14/2020,ADW,MD,AEA,EN,Towers with Radar,0,0,0,87,87,0,1,3,73,77,0,1,3,160,164,0,142,142,306
10/15/2020,ADW,MD,AEA,EN,Towers with Radar,2,0,3,87,92,0,1,16,72,89,2,1,19,159,181,0,50,50,231
10/16/2020,ADW,MD,AEA,EN,Towers with Radar,0,0,2,53,55,0,0,8,37,45,0,0,10,90,100,0,100,100,200
10/17/2020,ADW,MD,AEA,EN,Towers with Radar,0,0,0,28,28,0,0,10,27,37,0,0,10,55,65,0,66,66,131
10/18/2020,ADW,MD,AEA,EN,Towers with Radar,0,0,0,39,39,0,0,5,23,28,0,0,5,62,67,0,0,0,67
10/19/2020,ADW,MD,AEA,EN,Towers with Radar,0,0,12,52,64,0,0,9,51,60,0,0,21,103,124,0,76,76,200
10/20/2020,ADW,MD,AEA,EN,Towers with Radar,0,0,8,79,87,0,0,9,42,51,0,0,17,121,138,0,178,178,316
10/21/2020,ADW,MD,AEA,EN,Towers with Radar,0,0,2,92,94,0,0,3,56,59,0,0,5,148,153,0,92,92,245
10/22/2020,ADW,MD,AEA,EN,Towers with Radar,2,1,11,86,100,0,0,6,51,57,2,1,17,137,157,0,0,0,157
10/23/2020,ADW,MD,AEA,EN,Towers with Radar,0,2,9,82,93,0,1,6,29,36,0,3,15,111,129,0,38,38,167
10/24/2020,ADW,MD,AEA,EN,Towers with Radar,0,3,0,32,35,0,0,9,14,23,0,3,9,46,58,0,0,0,58
10/25/2020,ADW,MD,AEA,EN,Towers with Radar,2,1,0,47,50,0,1,0,11,12,2,2,0,58,62,0,0,0,62
10/26/2020,ADW,MD,AEA,EN,Towers with Radar,2,0,6,100,108,0,0,0,13,13,2,0,6,113,121,0,42,42,163
10/27/2020,ADW,MD,AEA,EN,Towers with Radar,0,0,1,107,108,0,0,4,56,60,0,0,5,163,168,0,0,0,168
10/28/2020,ADW,MD,AEA,EN,Towers with Radar,4,0,4,54,62,0,0,2,40,42,4,0,6,94,104,0,100,100,204
10/29/2020,ADW,MD,AEA,EN,Towers with Radar,0,0,0,65,65,0,0,0,0,0,0,0,0,65,65,0,0,0,65
10/30/2020,ADW,MD,AEA,EN,Towers with Radar,0,0,0,61,61,0,0,4,29,33,0,0,4,90,94,0,62,62,156
10/31/2020,ADW,MD,AEA,EN,Towers with Radar,0,2,3,43,48,0,0,9,8,17,0,2,12,51,65,0,26,26,91
11/01/2020,ADW,MD,AEA,EN,Towers with Radar,2,2,2,23,29,0,0,5,6,11,2,2,7,29,40,0,0,0,40
11/02/2020,ADW,MD,AEA,EN,Towers with Radar,2,0,5,73,80,0,2,7,63,72,2,2,12,136,152,0,122,122,274
11/03/2020,ADW,MD,AEA,EN,Towers with Radar,0,0,0,86,86,0,0,5,62,67,0,0,5,148,153,0,0,0,153
11/04/2020,ADW,MD,AEA,EN,Towers with Radar,0,0,6,41,47,0,0,0,53,53,0,0,6,94,100,0,80,80,180
11/05/2020,ADW,MD,AEA,EN,Towers with Radar,0,0,5,56,61,0,0,2,45,47,0,0,7,101,108,0,42,42,150
11/06/2020,ADW,MD,AEA,EN,Towers with Radar,2,0,14,41,57,0,0,0,36,36,2,0,14,77,93,0,14,14,107
11/07/2020,ADW,MD,AEA,EN,Towers with Radar,0,1,1,9,11,0,0,6,16,22,0,1,7,25,33,0,64,64,97
11/08/2020,ADW,MD,AEA,EN,Towers with Radar,0,0,0,15,15,0,0,1,16,17,0,0,1,31,32,0,0,0,32
11/09/2020,ADW,MD,AEA,EN,Towers with Radar,0,0,3,40,43,0,0,7,67,74,0,0,10,107,117,0,82,82,199
11/10/2020,ADW,MD,AEA,EN,Towers with Radar,0,0,9,45,54,0,0,6,50,56,0,0,15,95,110,0,152,152,262
11/11/2020,ADW,MD,AEA,EN,Towers with Radar,0,0,0,5,5,0,0,0,0,0,0,0,0,5,5,0,0,0,5
11/12/2020,ADW,MD,AEA,EN,Towers with Radar,0,0,17,43,60,0,0,6,17,23,0,0,23,60,83,0,40,40,123
11/13/2020,ADW,MD,AEA,EN,Towers with Radar,0,0,8,58,66,0,1,0,35,36,0,1,8,93,102,0,82,82,184
11/14/2020,ADW,MD,AEA,EN,Towers with Radar,0,0,0,40,40,0,0,2,25,27,0,0,2,65,67,0,0,0,67
11/15/2020,ADW,MD,AEA,EN,Towers with Radar,0,0,0,21,21,0,0,5,15,20,0,0,5,36,41,0,12,12,53
11/16/2020,ADW,MD,AEA,EN,Towers with Radar,1,0,4,36,41,0,0,2,31,33,1,0,6,67,74,0,44,44,118
11/17/2020,ADW,MD,AEA,EN,Towers with Radar,4,0,6,63,73,0,0,0,47,47,4,0,6,110,120,0,0,0,120
11/18/2020,ADW,MD,AEA,EN,Towers with Radar,1,1,3,68,73,0,1,8,28,37,1,2,11,96,110,0,83,83,193
11/19/2020,ADW,MD,AEA,EN,Towers with Radar,0,4,8,74,86,0,4,2,53,59,0,8,10,127,145,0,106,106,251
11/20/2020,ADW,MD,AEA,EN,Towers with Radar,0,2,3,46,51,0,0,0,31,31,0,2,3,77,82,0,28,28,110
11/21/2020,ADW,MD,AEA,EN,Towers with Radar,4,1,0,14,19,0,0,6,13,19,4,1,6,27,38,0,0,0,38
11/22/2020,ADW,MD,AEA,EN,Towers with Radar,0,1,0,5,6,0,0,2,11,13,0,1,2,16,19,0,24,24,43
11/23/2020,ADW,MD,AEA,EN,Towers with Radar,0,1,7,36,44,0,0,2,44,46,0,1,9,80,90,0,72,72,162
11/24/2020,ADW,MD,AEA,EN,Towers with Radar,0,1,10,77,88,0,2,2,40,44,0,3,12,117,132,0,200,200,332
11/25/2020,ADW,MD,AEA,EN,Towers with Radar,2,0,6,62,70,0,0,0,15,15,2,0,6,77,85,0,30,30,115
11/26/2020,ADW,MD,AEA,EN,Towers with Radar,0,0,0,4,4,0,0,3,4,7,0,0,3,8,11,0,4,4,15
11/27/2020,ADW,MD,AEA,EN,Towers with Radar,0,0,4,2,6,0,1,3,14,18,0,1,7,16,24,0,0,0,24
11/28/2020,ADW,MD,AEA,EN,Towers with Radar,2,0,0,11,13,0,0,2,13,15,2,0,2,24,28,0,10,10,38
11/29/2020,ADW,MD,AEA,EN,Towers with Radar,2,0,0,32,34,0,4,2,19,25,2,4,2,51,59,0,30,30,89
11/30/2020,ADW,MD,AEA,EN,Towers with Radar,0,0,6,19,25,0,0,3,40,43,0,0,9,59,68,0,76,76,144
12/01/2020,ADW,MD,AEA,EN,Towers with Radar,0,2,3,39,44,0,0,5,58,63,0,2,8,97,107,0,0,0,107
12/02/2020,ADW,MD,AEA,EN,Towers with Radar,0,1,2,38,41,0,0,0,89,89,0,1,2,127,130,0,164,164,294
12/03/2020,ADW,MD,AEA,EN,Towers with Radar,0,0,17,66,83,0,0,7,52,59,0,0,24,118,142,0,94,94,236
12/04/2020,ADW,MD,AEA,EN,Towers with Radar,0,0,3,41,44,0,0,6,40,46,0,0,9,81,90,0,36,36,126
12/05/2020,ADW,MD,AEA,EN,Towers with Radar,0,1,0,21,22,0,0,6,13,19,0,1,6,34,41,0,36,36,77
12/06/2020,ADW,MD,AEA,EN,Towers with Radar,2,0,0,18,20,0,0,4,8,12,2,0,4,26,32,0,50,50,82
12/07/2020,ADW,MD,AEA,EN,Towers with Radar,0,2,19,37,58,0,0,35,24,59,0,2,54,61,117,0,42,42,159
12/08/2020,ADW,MD,AEA,EN,Towers with Radar,2,0,11,56,69,0,0,29,43,72,2,0,40,99,141,0,29,29,170
12/09/2020,ADW,MD,AEA,EN,Towers with Radar,0,0,9,56,65,0,0,3,44,47,0,0,12,100,112,0,145,145,257
12/10/2020,ADW,MD,AEA,EN,Towers with Radar,0,0,4,58,62,0,0,2,53,55,0,0,6,111,117,0,116,116,233
12/11/2020,ADW,MD,AEA,EN,Towers with Radar,0,2,8,43,53,0,2,6,23,31,0,4,14,66,84,0,20,20,104
12/12/2020,ADW,MD,AEA,EN,Towers with Radar,2,0,2,25,29,0,4,2,17,23,2,4,4,42,52,0,24,24,76
12/13/2020,ADW,MD,AEA,EN,Towers with Radar,0,0,2,22,24,0,0,12,16,28,0,0,14,38,52,0,74,74,126
12/14/2020,ADW,MD,AEA,EN,Towers with Radar,0,0,2,48,50,0,0,2,29,31,0,0,4,77,81,0,26,26,107
12/15/2020,ADW,MD,AEA,EN,Towers with Radar,0,1,5,95,101,0,0,2,55,57,0,1,7,150,158,0,42,42,200
12/16/2020,ADW,MD,AEA,EN,Towers with Radar,0,1,0,19,20,0,0,1,12,13,0,1,1,31,33,1,16,17,50
12/17/2020,ADW,MD,AEA,EN,Towers with Radar,0,1,15,49,65,0,0,10,46,56,0,1,25,95,121,0,152,152,273
12/18/2020,ADW,MD,AEA,EN,Towers with Radar,0,0,31,39,70,0,2,8,22,32,0,2,39,61,102,0,0,0,102
12/19/2020,ADW,MD,AEA,EN,Towers with Radar,0,0,1,24,25,0,0,4,10,14,0,0,5,34,39,6,30,36,75
12/20/2020,ADW,MD,AEA,EN,Towers with Radar,0,0,0,13,13,0,1,2,11,14,0,1,2,24,27,0,0,0,27
12/21/2020,ADW,MD,AEA,EN,Towers with Radar,2,0,11,46,59,0,0,1,27,28,2,0,12,73,87,0,168,168,255
12/22/2020,ADW,MD,AEA,EN,Towers with Radar,5,1,5,37,48,0,0,5,22,27,5,1,10,59,75,0,72,72,147
12/23/2020,ADW,MD,AEA,EN,Towers with Radar,1,2,4,45,52,0,1,7,34,42,1,3,11,79,94,0,132,132,226
12/24/2020,ADW,MD,AEA,EN,Towers with Radar,0,0,2,9,11,0,0,1,7,8,0,0,3,16,19,0,0,0,19
12/25/2020,ADW,MD,AEA,EN,Towers with Radar,0,0,0,4,4,0,0,1,2,3,0,0,1,6,7,0,0,0,7
12/26/2020,ADW,MD,AEA,EN,Towers with Radar,0,0,3,0,3,0,0,5,0,5,0,0,8,0,8,0,0,0,8
12/27/2020,ADW,MD,AEA,EN,Towers with Radar,1,0,1,2,4,0,0,3,9,12,1,0,4,11,16,0,0,0,16
12/28/2020,ADW,MD,AEA,EN,Towers with Radar,1,0,2,32,35,0,1,6,25,32,1,1,8,57,67,0,58,58,125
12/29/2020,ADW,MD,AEA,EN,Towers with Radar,0,0,8,42,50,0,2,6,18,26,0,2,14,60,76,0,104,104,180
12/30/2020,ADW,MD,AEA,EN,Towers with Radar,0,0,6,50,56,0,0,0,12,12,0,0,6,62,68,0,54,54,122
12/31/2020,ADW,MD,AEA,EN,Towers with Radar,0,0,0,12,12,0,0,5,16,21,0,0,5,28,33,0,64,64,97
01/01/2021,ADW,MD,AEA,EN,Towers with Radar,0,0,2,15,17,0,0,1,5,6,0,0,3,20,23,0,0,0,23
01/02/2021,ADW,MD,AEA,EN,Towers with Radar,0,0,0,12,12,0,0,1,28,29,0,0,1,40,41,0,0,0,41
01/03/2021,ADW,MD,AEA,EN,Towers with Radar,2,0,0,12,14,0,0,0,0,0,2,0,0,12,14,0,0,0,14
01/04/2021,ADW,MD,AEA,EN,Towers with Radar,0,0,5,34,39,0,1,2,49,52,0,1,7,83,91,0,90,90,181
01/05/2021,ADW,MD,AEA,EN,Towers with Radar,0,0,4,76,80,0,0,12,47,59,0,0,16,123,139,0,186,186,325
01/06/2021,ADW,MD,AEA,EN,Towers with Radar,2,0,12,44,58,0,0,0,25,25,2,0,12,69,83,0,38,38,121
01/07/2021,ADW,MD,AEA,EN,Towers with Radar,0,0,3,87,90,0,2,2,57,61,0,2,5,144,151,0,114,114,265
01/08/2021,ADW,MD,AEA,EN,Towers with Radar,0,0,4,39,43,0,0,3,29,32,0,0,7,68,75,0,0,0,75
01/09/2021,ADW,MD,AEA,EN,Towers with Radar,0,0,0,16,16,0,0,0,1,1,0,0,0,17,17,0,0,0,17
01/10/2021,ADW,MD,AEA,EN,Towers with Radar,2,0,0,22,24,0,0,1,23,24,2,0,1,45,48,0,56,56,104
01/11/2021,ADW,MD,AEA,EN,Towers with Radar,2,0,4,40,46,0,0,6,61,67,2,0,10,101,113,0,104,104,217
01/12/2021,ADW,MD,AEA,EN,Towers with Radar,2,0,4,59,65,0,0,2,74,76,2,0,6,133,141,0,148,148,289
01/13/2021,ADW,MD,AEA,EN,Towers with Radar,0,0,2,55,57,0,1,6,72,79,0,1,8,127,136,0,76,76,212
01/14/2021,ADW,MD,AEA,EN,Towers with Radar,2,0,8,70,80,0,1,10,65,76,2,1,18,135,156,0,152,152,308
01/15/2021,ADW,MD,AEA,EN,Towers with Radar,0,0,6,81,87,0,1,1,20,22,0,1,7,101,109,0,21,21,130
01/16/2021,ADW,MD,AEA,EN,Towers with Radar,0,0,0,119,119,0,0,0,16,16,0,0,0,135,135,0,136,136,271
01/17/2021,ADW,MD,AEA,EN,Towers with Radar,0,0,2,102,104,0,0,5,23,28,0,0,7,125,132,0,104,104,236
01/18/2021,ADW,MD,AEA,EN,Towers with Radar,0,1,0,76,77,0,1,7,7,15,0,2,7,83,92,0,58,58,150
01/19/2021,ADW,MD,AEA,EN,Towers with Radar,5,2,5,52,64,0,0,5,22,27,5,2,10,74,91,0,36,36,127
01/20/2021,ADW,MD,AEA,EN,Towers with Radar,0,0,0,26,26,0,1,4,15,20,0,1,4,41,46,0,24,24,70
01/21/2021,ADW,MD,AEA,EN,Towers with Radar,1,0,18,49,68,0,2,2,27,31,1,2,20,76,99,0,46,46,145
01/22/2021,ADW,MD,AEA,EN,Towers with Radar,2,0,30,56,88,0,2,2,49,53,2,2,32,105,141,0,184,184,325
01/23/2021,ADW,MD,AEA,EN,Towers with Radar,0,0,0,50,50,0,0,2,2,4,0,0,2,52,54,0,6,6,60
01/24/2021,ADW,MD,AEA,EN,Towers with Radar,0,2,1,71,74,0,0,5,30,35,0,2,6,101,109,0,30,30,139
01/25/2021,ADW,MD,AEA,EN,Towers with Radar,0,0,29,69,98,0,0,5,34,39,0,0,34,103,137,0,150,150,287
01/26/2021,ADW,MD,AEA,EN,Towers with Radar,0,2,2,63,67,0,0,0,0,0,0,2,2,63,67,0,0,0,67
01/27/2021,ADW,MD,AEA,EN,Towers with Radar,0,1,46,73,120,0,0,19,39,58,0,1,65,112,178,0,0,0,178
01/28/2021,ADW,MD,AEA,EN,Towers with Radar,4,0,5,51,60,0,0,2,58,60,4,0,7,109,120,0,62,62,182
01/29/2021,ADW,MD,AEA,EN,Towers with Radar,1,0,8,46,55,0,0,4,21,25,1,0,12,67,80,0,22,22,102
01/30/2021,ADW,MD,AEA,EN,Towers with Radar,1,2,2,15,20,0,0,11,12,23,1,2,13,27,43,0,18,18,61
01/31/2021,ADW,MD,AEA,EN,Towers with Radar,4,0,0,2,6,0,0,1,0,1,4,0,1,2,7,0,0,0,7
02/01/2021,ADW,MD,AEA,EN,Towers with Radar,0,2,0,4,6,0,0,0,1,1,0,2,0,5,7,0,0,0,7
02/02/2021,ADW,MD,AEA,EN,Towers with Radar,0,0,2,16,18,0,0,3,37,40,0,0,5,53,58,0,46,46,104
02/03/2021,ADW,MD,AEA,EN,Towers with Radar,0,0,7,63,70,0,0,0,53,53,0,0,7,116,123,0,132,132,255
02/04/2021,ADW,MD,AEA,EN,Towers with Radar,1,2,36,54,93,0,2,12,42,56,1,4,48,96,149,0,0,0,149
02/05/2021,ADW,MD,AEA,EN,Towers with Radar,0,0,2,41,43,0,0,1,49,50,0,0,3,90,93,0,114,114,207
02/06/2021,ADW,MD,AEA,EN,Towers with Radar,0,1,9,10,20,0,0,7,22,29,0,1,16,32,49,0,50,50,99
02/07/2021,ADW,MD,AEA,EN,Towers with Radar,0,0,0,14,14,0,0,1,8,9,0,0,1,22,23,0,0,0,23
02/08/2021,ADW,MD,AEA,EN,Towers with Radar,0,0,8,38,46,0,0,14,37,51,0,0,22,75,97,0,142,142,239
02/09/2021,ADW,MD,AEA,EN,Towers with Radar,0,0,14,75,89,0,2,8,37,47,0,2,22,112,136,0,180,180,316
02/10/2021,ADW,MD,AEA,EN,Towers with Radar,0,0,1,52,53,0,1,12,35,48,0,1,13,87,101,0,66,66,167
02/11/2021,ADW,MD,AEA,EN,Towers with Radar,0,1,5,16,22,0,0,0,19,19,0,1,5,35,41,0,34,34,75
02/12/2021,ADW,MD,AEA,EN,Towers with Radar,0,4,5,14,23,0,0,3,38,41,0,4,8,52,64,0,96,96,160
02/13/2021,ADW,MD,AEA,EN,Towers with Radar,0,1,0,4,5,0,0,0,0,0,0,1,0,4,5,0,0,0,5
02/14/2021,ADW,MD,AEA,EN,Towers with Radar,0,0,0,8,8,0,0,0,0,0,0,0,0,8,8,0,0,0,8
02/15/2021,ADW,MD,AEA,EN,Towers with Radar,1,1,2,11,15,0,0,0,12,12,1,1,2,23,27,0,78,78,105
02/16/2021,ADW,MD,AEA,EN,Towers with Radar,1,0,2,56,59,0,0,2,35,37,1,0,4,91,96,0,0,0,96
02/17/2021,ADW,MD,AEA,EN,Towers with Radar,0,6,14,79,99,0,8,3,45,56,0,14,17,124,155,0,90,90,245
02/18/2021,ADW,MD,AEA,EN,Towers with Radar,0,0,0,0,0,0,0,0,0,0,0,0,0,0,0,0,0,0,0
02/19/2021,ADW,MD,AEA,EN,Towers with Radar,0,4,0,34,38,0,0,3,22,25,0,4,3,56,63,0,0,0,63
02/20/2021,ADW,MD,AEA,EN,Towers with Radar,0,0,2,15,17,0,0,2,25,27,0,0,4,40,44,0,69,69,113
02/21/2021,ADW,MD,AEA,EN,Towers with Radar,0,0,3,41,44,0,0,2,19,21,0,0,5,60,65,0,44,44,109
02/22/2021,ADW,MD,AEA,EN,Towers with Radar,0,0,5,26,31,0,0,2,9,11,0,0,7,35,42,0,0,0,42
02/23/2021,ADW,MD,AEA,EN,Towers with Radar,0,0,18,44,62,0,1,11,58,70,0,1,29,102,132,0,106,106,238
02/24/2021,ADW,MD,AEA,EN,Towers with Radar,2,1,6,51,60,0,1,0,58,59,2,2,6,109,119,0,190,190,309
02/25/2021,ADW,MD,AEA,EN,Towers with Radar,0,0,22,73,95,0,1,3,49,53,0,1,25,122,148,0,120,120,268
02/26/2021,ADW,MD,AEA,EN,Towers with Radar,0,0,2,63,65,0,0,8,22,30,0,0,10,85,95,0,42,42,137
02/27/2021,ADW,MD,AEA,EN,Towers with Radar,0,0,0,10,10,0,1,3,19,23,0,1,3,29,33,0,46,46,79
02/28/2021,ADW,MD,AEA,EN,Towers with Radar,0,1,1,11,13,0,0,0,2,2,0,1,1,13,15,0,12,12,27
03/01/2021,ADW,MD,AEA,EN,Towers with Radar,9,0,4,46,59,0,0,0,42,42,9,0,4,88,101,0,84,84,185
03/02/2021,ADW,MD,AEA,EN,Towers with Radar,1,0,14,63,78,0,12,14,60,86,1,12,28,123,164,0,275,275,439
03/03/2021,ADW,MD,AEA,EN,Towers with Radar,1,0,25,44,70,0,0,2,56,58,1,0,27,100,128,0,164,164,292
03/04/2021,ADW,MD,AEA,EN,Towers with Radar,0,0,4,62,66,0,0,5,44,49,0,0,9,106,115,0,68,68,183
03/05/2021,ADW,MD,AEA,EN,Towers with Radar,0,1,14,44,59,0,0,3,35,38,0,1,17,79,97,0,112,112,209
03/06/2021,ADW,MD,AEA,EN,Towers with Radar,0,0,0,15,15,0,0,1,9,10,0,0,1,24,25,0,2,2,27
03/07/2021,ADW,MD,AEA,EN,Towers with Radar,0,0,0,39,39,0,0,4,32,36,0,0,4,71,75,0,82,82,157
03/08/2021,ADW,MD,AEA,EN,Towers with Radar,2,0,2,40,44,0,0,6,52,58,2,0,8,92,102,0,88,88,190
03/09/2021,ADW,MD,AEA,EN,Towers with Radar,0,0,11,60,71,0,1,0,70,71,0,1,11,130,142,0,154,154,296
03/10/2021,ADW,MD,AEA,EN,Towers with Radar,0,2,12,52,66,0,2,2,74,78,0,4,14,126,144,0,0,0,144
03/11/2021,ADW,MD,AEA,EN,Towers with Radar,2,1,8,83,94,0,2,15,25,42,2,3,23,108,136,0,182,182,318
03/12/2021,ADW,MD,AEA,EN,Towers with Radar,2,0,10,76,88,0,0,0,46,46,2,0,10,122,134,0,98,98,232
03/13/2021,ADW,MD,AEA,EN,Towers with Radar,0,0,0,22,22,0,2,2,24,28,0,2,2,46,50,0,26,26,76
03/14/2021,ADW,MD,AEA,EN,Towers with Radar,3,0,0,37,40,0,0,0,13,13,3,0,0,50,53,0,14,14,67
03/15/2021,ADW,MD,AEA,EN,Towers with Radar,8,1,1,86,96,0,0,17,46,63,8,1,18,132,159,6,94,100,259
03/16/2021,ADW,MD,AEA,EN,Towers with Radar,0,0,3,73,76,0,0,3,43,46,0,0,6,116,122,0,126,126,248
03/17/2021,ADW,MD,AEA,EN,Towers with Radar,0,0,8,56,64,0,0,6,34,40,0,0,14,90,104,0,32,32,136
03/18/2021,ADW,MD,AEA,EN,Towers with Radar,1,0,4,29,34,0,0,0,0,0,1,0,4,29,34,0,0,0,34
03/19/2021,ADW,MD,AEA,EN,Towers with Radar,3,3,0,54,60,0,1,5,39,45,3,4,5,93,105,0,0,0,105
03/20/2021,ADW,MD,AEA,EN,Towers with Radar,0,0,4,51,55,0,0,2,8,10,0,0,6,59,65,0,70,70,135
03/21/2021,ADW,MD,AEA,EN,Towers with Radar,2,0,2,26,30,0,1,2,23,26,2,1,4,49,56,0,80,80,136
03/22/2021,ADW,MD,AEA,EN,Towers with Radar,0,2,9,31,42,0,0,7,49,56,0,2,16,80,98,0,34,34,132
03/23/2021,ADW,MD,AEA,EN,Towers with Radar,0,0,9,76,85,0,0,9,84,93,0,0,18,160,178,2,154,156,334
03/24/2021,ADW,MD,AEA,EN,Towers with Radar,2,1,4,20,27,0,0,0,0,0,2,1,4,20,27,0,0,0,27
03/25/2021,ADW,MD,AEA,EN,Towers with Radar,0,2,9,57,68,0,0,3,29,32,0,2,12,86,100,0,44,44,144
03/26/2021,ADW,MD,AEA,EN,Towers with Radar,0,0,6,30,36,0,0,5,35,40,0,0,11,65,76,0,54,54,130
03/27/2021,ADW,MD,AEA,EN,Towers with Radar,0,0,2,16,18,0,0,4,21,25,0,0,6,37,43,0,0,0,43
03/28/2021,ADW,MD,AEA,EN,Towers with Radar,0,0,0,19,19,0,0,2,10,12,0,0,2,29,31,0,0,0,31
03/29/2021,ADW,MD,AEA,EN,Towers with Radar,1,0,16,59,76,0,1,1,64,66,1,1,17,123,142,0,142,142,284
03/30/2021,ADW,MD,AEA,EN,Towers with Radar,0,0,6,83,89,0,0,8,71,79,0,0,14,154,168,0,110,110,278
03/31/2021,ADW,MD,AEA,EN,Towers with Radar,0,0,4,43,47,0,0,2,26,28,0,0,6,69,75,0,68,68,143
04/01/2021,ADW,MD,AEA,EN,Towers with Radar,0,0,6,53,59,0,0,4,48,52,0,0,10,101,111,0,96,96,207
04/02/2021,ADW,MD,AEA,EN,Towers with Radar,0,0,6,16,22,0,1,2,33,36,0,1,8,49,58,0,32,32,90
04/03/2021,ADW,MD,AEA,EN,Towers with Radar,0,0,0,5,5,0,1,10,19,30,0,1,10,24,35,0,44,44,79
04/04/2021,ADW,MD,AEA,EN,Towers with Radar,0,0,0,15,15,0,0,3,6,9,0,0,3,21,24,0,10,10,34
04/05/2021,ADW,MD,AEA,EN,Towers with Radar,0,2,2,33,37,0,0,4,56,60,0,2,6,89,97,0,134,134,231
04/06/2021,ADW,MD,AEA,EN,Towers with Radar,0,0,10,64,74,0,0,5,64,69,0,0,15,128,143,0,146,146,289
04/07/2021,ADW,MD,AEA,EN,Towers with Radar,0,0,10,26,36,0,1,13,37,51,0,1,23,63,87,0,0,0,87
04/08/2021,ADW,MD,AEA,EN,Towers with Radar,0,0,9,37,46,0,0,3,56,59,0,0,12,93,105,0,46,46,151
04/09/2021,ADW,MD,AEA,EN,Towers with Radar,0,2,2,28,32,0,0,3,26,29,0,2,5,54,61,0,32,32,93
04/10/2021,ADW,MD,AEA,EN,Towers with Radar,0,0,0,16,16,0,0,10,20,30,0,0,10,36,46,0,38,38,84
04/11/2021,ADW,MD,AEA,EN,Towers with Radar,1,0,0,14,15,0,1,2,9,12,1,1,2,23,27,0,16,16,43
04/12/2021,ADW,MD,AEA,EN,Towers with Radar,0,1,8,21,30,0,0,1,38,39,0,1,9,59,69,0,72,72,141
04/13/2021,ADW,MD,AEA,EN,Towers with Radar,1,0,11,51,63,0,0,4,55,59,1,0,15,106,122,0,86,86,208
04/14/2021,ADW,MD,AEA,EN,Towers with Radar,0,0,5,69,74,0,0,7,36,43,0,0,12,105,117,0,118,118,235
04/15/2021,ADW,MD,AEA,EN,Towers with Radar,0,0,8,64,72,0,0,2,57,59,0,0,10,121,131,0,0,0,131
04/16/2021,ADW,MD,AEA,EN,Towers with Radar,1,0,15,39,55,0,0,8,28,36,1,0,23,67,91,0,40,40,131
04/17/2021,ADW,MD,AEA,EN,Towers with Radar,1,0,5,20,26,0,2,9,13,24,1,2,14,33,50,0,58,58,108
04/18/2021,ADW,MD,AEA,EN,Towers with Radar,0,0,0,20,20,0,0,4,9,13,0,0,4,29,33,0,0,0,33
04/19/2021,ADW,MD,AEA,EN,Towers with Radar,0,1,19,42,62,0,2,7,62,71,0,3,26,104,133,0,188,188,321
04/20/2021,ADW,MD,AEA,EN,Towers with Radar,0,1,13,64,78,0,0,8,37,45,0,1,21,101,123,0,110,110,233
04/21/2021,ADW,MD,AEA,EN,Towers with Radar,0,0,8,45,53,0,1,2,43,46,0,1,10,88,99,0,0,0,99
04/22/2021,ADW,MD,AEA,EN,Towers with Radar,0,1,7,55,63,0,0,11,46,57,0,1,18,101,120,0,68,68,188
04/23/2021,ADW,MD,AEA,EN,Towers with Radar,0,1,5,47,53,0,0,7,31,38,0,1,12,78,91,0,0,0,91
04/24/2021,ADW,MD,AEA,EN,Towers with Radar,0,0,0,28,28,0,0,0,23,23,0,0,0,51,51,0,0,0,51
04/25/2021,ADW,MD,AEA,EN,Towers with Radar,1,0,0,15,16,0,0,1,7,8,1,0,1,22,24,0,18,18,42
04/26/2021,ADW,MD,AEA,EN,Towers with Radar,3,0,15,39,57,0,0,6,62,68,3,0,21,101,125,0,94,94,219
04/27/2021,ADW,MD,AEA,EN,Towers with Radar,0,0,4,82,86,0,0,1,28,29,0,0,5,110,115,0,40,40,155
04/28/2021,ADW,MD,AEA,EN,Towers with Radar,0,0,5,47,52,0,2,11,22,35,0,2,16,69,87,0,6,6,93
04/29/2021,ADW,MD,AEA,EN,Towers with Radar,0,0,3,68,71,0,0,9,30,39,0,0,12,98,110,0,74,74,184
04/30/2021,ADW,MD,AEA,EN,Towers with Radar,0,0,5,26,31,0,1,4,11,16,0,1,9,37,47,0,56,56,103
05/01/2021,ADW,MD,AEA,EN,Towers with Radar,0,0,2,38,40,0,2,2,6,10,0,2,4,44,50,0,0,0,50
05/02/2021,ADW,MD,AEA,EN,Towers with Radar,2,0,0,17,19,0,0,0,17,17,2,0,0,34,36,0,58,58,94
05/03/2021,ADW,MD,AEA,EN,Towers with Radar,0,0,4,40,44,0,0,4,58,62,0,0,8,98,106,0,74,74,180
05/04/2021,ADW,MD,AEA,EN,Towers with Radar,2,0,20,62,84,0,0,7,47,54,2,0,27,109,138,0,160,160,298
05/05/2021,ADW,MD,AEA,EN,Towers with Radar,0,0,0,69,69,0,0,4,22,26,0,0,4,91,95,0,0,0,95
05/06/2021,ADW,MD,AEA,EN,Towers with Radar,1,2,3,89,95,0,0,12,55,67,1,2,15,144,162,0,104,104,266
05/07/2021,ADW,MD,AEA,EN,Towers with Radar,0,0,6,67,73,0,0,3,24,27,0,0,9,91,100,0,58,58,158
05/08/2021,ADW,MD,AEA,EN,Towers with Radar,1,1,0,33,35,0,1,2,12,15,1,2,2,45,50,0,100,100,150
05/09/2021,ADW,MD,AEA,EN,Towers with Radar,0,1,0,15,16,0,0,0,8,8,0,1,0,23,24,0,76,76,100
05/10/2021,ADW,MD,AEA,EN,Towers with Radar,1,1,2,57,61,0,0,3,55,58,1,1,5,112,119,0,202,202,321
05/11/2021,ADW,MD,AEA,EN,Towers with Radar,1,1,8,40,50,0,1,7,32,40,1,2,15,72,90,0,104,104,194
05/12/2021,ADW,MD,AEA,EN,Towers with Radar,0,0,16,48,64,0,1,2,42,45,0,1,18,90,109,0,126,126,235
05/13/2021,ADW,MD,AEA,EN,Towers with Radar,0,1,8,62,71,0,0,4,61,65,0,1,12,123,136,0,154,154,290
05/14/2021,ADW,MD,AEA,EN,Towers with Radar,0,0,4,61,65,0,0,6,31,37,0,0,10,92,102,0,112,112,214
05/15/2021,ADW,MD,AEA,EN,Towers with Radar,0,0,6,27,33,0,1,5,15,21,0,1,11,42,54,0,28,28,82
05/16/2021,ADW,MD,AEA,EN,Towers with Radar,0,0,2,15,17,0,0,2,11,13,0,0,4,26,30,0,30,30,60
05/17/2021,ADW,MD,AEA,EN,Towers with Radar,0,0,3,31,34,0,0,7,60,67,0,0,10,91,101,0,128,128,229
05/18/2021,ADW,MD,AEA,EN,Towers with Radar,2,0,6,64,72,0,2,9,50,61,2,2,15,114,133,0,104,104,237
05/19/2021,ADW,MD,AEA,EN,Towers with Radar,5,0,12,40,57,0,2,10,28,40,5,2,22,68,97,0,0,0,97
05/20/2021,ADW,MD,AEA,EN,Towers with Radar,0,1,11,62,74,0,0,3,30,33,0,1,14,92,107,0,16,16,123
05/21/2021,ADW,MD,AEA,EN,Towers with Radar,0,0,8,34,42,0,0,5,29,34,0,0,13,63,76,0,42,42,118
05/22/2021,ADW,MD,AEA,EN,Towers with Radar,1,0,0,22,23,0,0,2,17,19,1,0,2,39,42,0,58,58,100
05/23/2021,ADW,MD,AEA,EN,Towers with Radar,0,0,4,19,23,0,0,5,10,15,0,0,9,29,38,0,36,36,74
05/24/2021,ADW,MD,AEA,EN,Towers with Radar,0,0,13,64,77,0,0,1,58,59,0,0,14,122,136,0,216,216,352
05/25/2021,ADW,MD,AEA,EN,Towers with Radar,4,0,9,60,73,0,0,4,79,83,4,0,13,139,156,0,176,176,332
05/26/2021,ADW,MD,AEA,EN,Towers with Radar,0,0,8,53,61,0,0,5,48,53,0,0,13,101,114,0,118,118,232
05/27/2021,ADW,MD,AEA,EN,Towers with Radar,0,0,2,66,68,0,0,3,55,58,0,0,5,121,126,0,24,24,150
05/28/2021,ADW,MD,AEA,EN,Towers with Radar,2,0,4,19,25,0,0,8,6,14,2,0,12,25,39,0,0,0,39
05/29/2021,ADW,MD,AEA,EN,Towers with Radar,0,0,2,10,12,0,0,0,0,0,0,0,2,10,12,0,0,0,12
05/30/2021,ADW,MD,AEA,EN,Towers with Radar,4,0,0,10,14,0,0,3,18,21,4,0,3,28,35,0,40,40,75
05/31/2021,ADW,MD,AEA,EN,Towers with Radar,0,0,0,8,8,0,0,4,23,27,0,0,4,31,35,0,68,68,103
06/01/2021,ADW,MD,AEA,EN,Towers with Radar,0,0,18,42,60,0,0,10,49,59,0,0,28,91,119,0,78,78,197
06/02/2021,ADW,MD,AEA,EN,Towers with Radar,0,1,2,60,63,0,6,2,52,60,0,7,4,112,123,0,136,136,259
06/03/2021,ADW,MD,AEA,EN,Towers with Radar,0,0,31,59,90,0,0,5,28,33,0,0,36,87,123,0,142,142,265
06/04/2021,ADW,MD,AEA,EN,Towers with Radar,0,0,4,42,46,0,0,2,20,22,0,0,6,62,68,0,0,0,68
06/05/2021,ADW,MD,AEA,EN,Towers with Radar,1,0,0,26,27,0,0,2,12,14,1,0,2,38,41,0,0,0,41
06/06/2021,ADW,MD,AEA,EN,Towers with Radar,1,1,0,40,42,0,1,8,9,18,1,2,8,49,60,0,44,44,104
06/07/2021,ADW,MD,AEA,EN,Towers with Radar,0,1,2,24,27,0,0,4,45,49,0,1,6,69,76,0,88,88,164
06/08/2021,ADW,MD,AEA,EN,Towers with Radar,0,0,0,64,64,0,0,4,45,49,0,0,4,109,113,0,180,180,293
06/09/2021,ADW,MD,AEA,EN,Towers with Radar,0,1,10,53,64,0,0,5,33,38,0,1,15,86,102,0,0,0,102
06/10/2021,ADW,MD,AEA,EN,Towers with Radar,0,0,0,63,63,0,0,0,20,20,0,0,0,83,83,0,48,48,131
06/11/2021,ADW,MD,AEA,EN,Towers with Radar,1,0,2,35,38,0,0,0,0,0,1,0,2,35,38,0,0,0,38
06/12/2021,ADW,MD,AEA,EN,Towers with Radar,0,0,3,26,29,0,1,1,6,8,0,1,4,32,37,0,50,50,87
06/13/2021,ADW,MD,AEA,EN,Towers with Radar,0,0,0,19,19,0,1,2,11,14,0,1,2,30,33,0,24,24,57
06/14/2021,ADW,MD,AEA,EN,Towers with Radar,2,2,4,55,63,0,2,7,57,66,2,4,11,112,129,0,104,104,233
06/15/2021,ADW,MD,AEA,EN,Towers with Radar,1,2,2,58,63,0,0,2,53,55,1,2,4,111,118,0,82,82,200
06/16/2021,ADW,MD,AEA,EN,Towers with Radar,0,1,0,60,61,0,1,7,46,54,0,2,7,106,115,0,0,0,115
06/17/2021,ADW,MD,AEA,EN,Towers with Radar,0,3,4,62,69,0,1,3,67,71,0,4,7,129,140,0,132,132,272
06/18/2021,ADW,MD,AEA,EN,Towers with Radar,2,1,13,22,38,0,1,6,15,22,2,2,19,37,60,0,18,18,78
06/19/2021,ADW,MD,AEA,EN,Towers with Radar,0,1,0,11,12,0,0,3,7,10,0,1,3,18,22,0,42,42,64
06/20/2021,ADW,MD,AEA,EN,Towers with Radar,2,0,2,13,17,0,0,4,17,21,2,0,6,30,38,0,38,38,76
06/21/2021,ADW,MD,AEA,EN,Towers with Radar,0,0,12,39,51,0,0,12,54,66,0,0,24,93,117,0,112,112,229
06/22/2021,ADW,MD,AEA,EN,Towers with Radar,0,1,26,30,57,0,2,2,37,41,0,3,28,67,98,0,110,110,208
06/23/2021,ADW,MD,AEA,EN,Towers with Radar,0,0,8,45,53,0,0,7,51,58,0,0,15,96,111,0,82,82,193
06/24/2021,ADW,MD,AEA,EN,Towers with Radar,1,0,4,76,81,0,0,8,73,81,1,0,12,149,162,0,116,116,278
06/25/2021,ADW,MD,AEA,EN,Towers with Radar,3,0,8,37,48,0,0,4,19,23,3,0,12,56,71,0,24,24,95
06/26/2021,ADW,MD,AEA,EN,Towers with Radar,4,1,0,15,20,0,2,6,20,28,4,3,6,35,48,0,22,22,70
06/27/2021,ADW,MD,AEA,EN,Towers with Radar,0,0,0,21,21,0,1,0,17,18,0,1,0,38,39,0,22,22,61
06/28/2021,ADW,MD,AEA,EN,Towers with Radar,4,0,9,50,63,0,2,17,38,57,4,2,26,88,120,0,0,0,120
06/29/2021,ADW,MD,AEA,EN,Towers with Radar,0,0,8,69,77,0,0,5,43,48,0,0,13,112,125,0,100,100,225
06/30/2021,ADW,MD,AEA,EN,Towers with Radar,0,2,0,29,31,0,1,5,23,29,0,3,5,52,60,0,38,38,98
07/01/2021,ADW,MD,AEA,EN,Towers with Radar,4,0,10,59,73,0,0,4,36,40,4,0,14,95,113,0,54,54,167
07/02/2021,ADW,MD,AEA,EN,Towers with Radar,0,0,6,40,46,0,0,3,13,16,0,0,9,53,62,0,18,18,80
07/03/2021,ADW,MD,AEA,EN,Towers with Radar,2,0,0,26,28,0,0,5,10,15,2,0,5,36,43,0,36,36,79
07/04/2021,ADW,MD,AEA,EN,Towers with Radar,0,0,0,10,10,0,0,12,11,23,0,0,12,21,33,0,0,0,33
07/05/2021,ADW,MD,AEA,EN,Towers with Radar,0,0,0,9,9,0,0,7,10,17,0,0,7,19,26,0,0,0,26
07/06/2021,ADW,MD,AEA,EN,Towers with Radar,1,0,4,32,37,0,1,10,39,50,1,1,14,71,87,0,60,60,147
07/07/2021,ADW,MD,AEA,EN,Towers with Radar,1,2,2,38,43,0,0,3,38,41,1,2,5,76,84,0,0,0,84
07/08/2021,ADW,MD,AEA,EN,Towers with Radar,0,0,12,37,49,0,0,1,33,34,0,0,13,70,83,0,20,20,103
07/09/2021,ADW,MD,AEA,EN,Towers with Radar,1,1,22,39,63,0,0,5,37,42,1,1,27,76,105,0,0,0,105
07/10/2021,ADW,MD,AEA,EN,Towers with Radar,1,0,0,13,14,0,0,8,9,17,1,0,8,22,31,0,58,58,89
07/11/2021,ADW,MD,AEA,EN,Towers with Radar,1,0,0,22,23,0,0,4,27,31,1,0,4,49,54,0,36,36,90
07/12/2021,ADW,MD,AEA,EN,Towers with Radar,2,0,1,42,45,0,0,4,54,58,2,0,5,96,103,0,122,122,225
07/13/2021,ADW,MD,AEA,EN,Towers with Radar,0,1,6,74,81,0,0,3,61,64,0,1,9,135,145,0,64,64,209
07/14/2021,ADW,MD,AEA,EN,Towers with Radar,4,4,4,38,50,0,3,3,31,37,4,7,7,69,87,0,68,68,155
07/15/2021,ADW,MD,AEA,EN,Towers with Radar,3,0,19,35,57,0,0,7,47,54,3,0,26,82,111,0,58,58,169
07/16/2021,ADW,MD,AEA,EN,Towers with Radar,0,0,22,32,54,0,0,1,37,38,0,0,23,69,92,0,36,36,128
07/17/2021,ADW,MD,AEA,EN,Towers with Radar,1,3,4,10,18,0,0,4,9,13,1,3,8,19,31,0,40,40,71
07/18/2021,ADW,MD,AEA,EN,Towers with Radar,0,0,1,25,26,0,0,3,8,11,0,0,4,33,37,0,0,0,37
07/19/2021,ADW,MD,AEA,EN,Towers with Radar,0,0,10,46,56,0,1,10,54,65,0,1,20,100,121,0,196,196,317
07/20/2021,ADW,MD,AEA,EN,Towers with Radar,0,1,6,55,62,0,0,7,48,55,0,1,13,103,117,0,134,134,251
07/21/2021,ADW,MD,AEA,EN,Towers with Radar,0,0,5,55,60,0,1,4,67,72,0,1,9,122,132,0,84,84,216
07/22/2021,ADW,MD,AEA,EN,Towers with Radar,0,1,2,47,50,0,1,6,67,74,0,2,8,114,124,0,116,116,240
07/23/2021,ADW,MD,AEA,EN,Towers with Radar,3,1,6,35,45,0,0,8,45,53,3,1,14,80,98,0,44,44,142
07/24/2021,ADW,MD,AEA,EN,Towers with Radar,0,0,4,24,28,0,1,3,18,22,0,1,7,42,50,0,50,50,100
07/25/2021,ADW,MD,AEA,EN,Towers with Radar,1,0,0,26,27,0,0,8,22,30,1,0,8,48,57,0,0,0,57
07/26/2021,ADW,MD,AEA,EN,Towers with Radar,2,0,14,49,65,0,0,8,37,45,2,0,22,86,110,0,92,92,202
07/27/2021,ADW,MD,AEA,EN,Towers with Radar,2,1,4,66,73,0,0,8,27,35,2,1,12,93,108,0,106,106,214
07/28/2021,ADW,MD,AEA,EN,Towers with Radar,1,0,8,47,56,0,0,9,36,45,1,0,17,83,101,0,0,0,101
07/29/2021,ADW,MD,AEA,EN,Towers with Radar,4,0,9,47,60,0,0,6,29,35,4,0,15,76,95,0,86,86,181
07/30/2021,ADW,MD,AEA,EN,Towers with Radar,0,0,9,42,51,0,0,6,42,48,0,0,15,84,99,0,12,12,111
07/31/2021,ADW,MD,AEA,EN,Towers with Radar,0,0,1,13,14,0,0,4,17,21,0,0,5,30,35,0,0,0,35
08/01/2021,ADW,MD,AEA,EN,Towers with Radar,0,0,0,7,7,0,0,0,22,22,0,0,0,29,29,0,58,58,87
08/02/2021,ADW,MD,AEA,EN,Towers with Radar,0,0,30,45,75,0,0,4,43,47,0,0,34,88,122,0,158,158,280
08/03/2021,ADW,MD,AEA,EN,Towers with Radar,0,0,9,55,64,0,0,1,32,33,0,0,10,87,97,0,71,71,168
08/04/2021,ADW,MD,AEA,EN,Towers with Radar,0,0,6,42,48,0,0,6,37,43,0,0,12,79,91,0,36,36,127
08/05/2021,ADW,MD,AEA,EN,Towers with Radar,0,0,5,39,44,0,0,0,33,33,0,0,5,72,77,0,136,136,213
08/06/2021,ADW,MD,AEA,EN,Towers with Radar,0,0,24,30,54,0,0,7,39,46,0,0,31,69,100,0,26,26,126
08/07/2021,ADW,MD,AEA,EN,Towers with Radar,0,0,2,14,16,0,1,0,10,11,0,1,2,24,27,0,0,0,27
08/08/2021,ADW,MD,AEA,EN,Towers with Radar,0,0,2,20,22,0,0,0,5,5,0,0,2,25,27,0,0,0,27
08/09/2021,ADW,MD,AEA,EN,Towers with Radar,0,0,0,36,36,0,0,0,23,23,0,0,0,59,59,0,18,18,77
08/10/2021,ADW,MD,AEA,EN,Towers with Radar,0,3,9,42,54,0,1,7,17,25,0,4,16,59,79,0,0,0,79
08/11/2021,ADW,MD,AEA,EN,Towers with Radar,0,2,2,31,35,0,0,0,22,22,0,2,2,53,57,0,0,0,57
08/12/2021,ADW,MD,AEA,EN,Towers with Radar,0,0,15,43,58,0,1,1,21,23,0,1,16,64,81,0,18,18,99
08/13/2021,ADW,MD,AEA,EN,Towers with Radar,0,0,4,30,34,0,0,0,8,8,0,0,4,38,42,0,0,0,42
08/14/2021,ADW,MD,AEA,EN,Towers with Radar,0,0,2,20,22,0,0,0,16,16,0,0,2,36,38,0,50,50,88
08/15/2021,ADW,MD,AEA,EN,Towers with Radar,0,0,0,18,18,0,0,0,19,19,0,0,0,37,37,0,0,0,37
08/16/2021,ADW,MD,AEA,EN,Towers with Radar,0,0,2,40,42,0,0,0,40,40,0,0,2,80,82,0,142,142,224
08/17/2021,ADW,MD,AEA,EN,Towers with Radar,0,1,6,47,54,0,0,1,50,51,0,1,7,97,105,0,0,0,105
08/18/2021,ADW,MD,AEA,EN,Towers with Radar,0,1,2,42,45,0,2,0,31,33,0,3,2,73,78,0,0,0,78
08/19/2021,ADW,MD,AEA,EN,Towers with Radar,0,1,20,41,62,0,0,0,54,54,0,1,20,95,116,0,114,114,230
08/20/2021,ADW,MD,AEA,EN,Towers with Radar,1,0,9,23,33,0,1,0,14,15,1,1,9,37,48,0,8,8,56
08/21/2021,ADW,MD,AEA,EN,Towers with Radar,0,0,3,13,16,0,0,1,8,9,0,0,4,21,25,0,0,0,25
08/22/2021,ADW,MD,AEA,EN,Towers with Radar,0,1,0,14,15,0,2,3,25,30,0,3,3,39,45,0,58,58,103
08/23/2021,ADW,MD,AEA,EN,Towers with Radar,0,0,7,28,35,0,0,6,41,47,0,0,13,69,82,0,154,154,236
08/24/2021,ADW,MD,AEA,EN,Towers with Radar,2,0,6,29,37,0,0,2,40,42,2,0,8,69,79,0,120,120,199
08/25/2021,ADW,MD,AEA,EN,Towers with Radar,2,0,6,37,45,0,0,2,31,33,2,0,8,68,78,0,138,138,216
08/26/2021,ADW,MD,AEA,EN,Towers with Radar,2,0,6,53,61,0,0,6,54,60,2,0,12,107,121,0,86,86,207
08/27/2021,ADW,MD,AEA,EN,Towers with Radar,0,0,10,42,52,0,1,1,29,31,0,1,11,71,83,0,22,22,105
08/28/2021,ADW,MD,AEA,EN,Towers with Radar,0,0,0,23,23,0,0,2,20,22,0,0,2,43,45,0,22,22,67
08/29/2021,ADW,MD,AEA,EN,Towers with Radar,1,0,0,33,34,0,0,4,12,16,1,0,4,45,50,0,84,84,134
08/30/2021,ADW,MD,AEA,EN,Towers with Radar,2,0,7,42,51,0,0,6,38,44,2,0,13,80,95,0,136,136,231
08/31/2021,ADW,MD,AEA,EN,Towers with Radar,0,0,6,38,44,0,1,2,52,55,0,1,8,90,99,0,104,104,203
09/01/2021,ADW,MD,AEA,EN,Towers with Radar,3,0,4,27,34,0,0,2,6,8,3,0,6,33,42,0,48,48,90
09/02/2021,ADW,MD,AEA,EN,Towers with Radar,1,6,22,59,88,0,8,4,35,47,1,14,26,94,135,0,118,118,253
09/03/2021,ADW,MD,AEA,EN,Towers with Radar,1,0,0,15,16,0,3,7,27,37,1,3,7,42,53,0,20,20,73
09/04/2021,ADW,MD,AEA,EN,Towers with Radar,2,0,1,20,23,0,0,4,17,21,2,0,5,37,44,0,0,0,44
09/05/2021,ADW,MD,AEA,EN,Towers with Radar,0,0,2,14,16,0,0,13,15,28,0,0,15,29,44,0,98,98,142
09/06/2021,ADW,MD,AEA,EN,Towers with Radar,1,2,0,9,12,0,4,6,11,21,1,6,6,20,33,0,8,8,41
09/07/2021,ADW,MD,AEA,EN,Towers with Radar,1,0,6,60,67,0,1,12,31,44,1,1,18,91,111,0,26,26,137
09/08/2021,ADW,MD,AEA,EN,Towers with Radar,0,0,11,41,52,0,0,0,25,25,0,0,11,66,77,0,0,0,77
09/09/2021,ADW,MD,AEA,EN,Towers with Radar,0,0,3,53,56,0,0,4,38,42,0,0,7,91,98,0,40,40,138
09/10/2021,ADW,MD,AEA,EN,Towers with Radar,0,0,6,41,47,0,0,7,27,34,0,0,13,68,81,0,28,28,109
09/11/2021,ADW,MD,AEA,EN,Towers with Radar,1,1,1,34,37,0,0,5,25,30,1,1,6,59,67,0,0,0,67
09/12/2021,ADW,MD,AEA,EN,Towers with Radar,4,0,0,35,39,0,0,4,20,24,4,0,4,55,63,0,0,0,63
09/13/2021,ADW,MD,AEA,EN,Towers with Radar,1,0,7,43,51,0,0,7,34,41,1,0,14,77,92,0,135,135,227
09/14/2021,ADW,MD,AEA,EN,Towers with Radar,1,1,2,49,53,0,1,8,42,51,1,2,10,91,104,0,130,130,234
09/15/2021,ADW,MD,AEA,EN,Towers with Radar,0,0,8,34,42,0,2,3,18,23,0,2,11,52,65,0,0,0,65
09/16/2021,ADW,MD,AEA,EN,Towers with Radar,0,0,12,43,55,0,0,2,30,32,0,0,14,73,87,0,60,60,147
09/17/2021,ADW,MD,AEA,EN,Towers with Radar,0,0,3,39,42,0,0,2,15,17,0,0,5,54,59,0,10,10,69
09/18/2021,ADW,MD,AEA,EN,Towers with Radar,3,0,0,11,14,0,0,0,18,18,3,0,0,29,32,0,0,0,32
09/19/2021,ADW,MD,AEA,EN,Towers with Radar,1,0,1,19,21,0,0,6,12,18,1,0,7,31,39,0,36,36,75
09/20/2021,ADW,MD,AEA,EN,Towers with Radar,4,0,9,34,47,0,0,4,24,28,4,0,13,58,75,0,54,54,129
09/21/2021,ADW,MD,AEA,EN,Towers with Radar,4,3,2,80,89,0,1,4,9,14,4,4,6,89,103,0,36,36,139
09/22/2021,ADW,MD,AEA,EN,Towers with Radar,0,0,2,32,34,0,0,3,4,7,0,0,5,36,41,0,0,0,41
09/23/2021,ADW,MD,AEA,EN,Towers with Radar,0,0,5,50,55,0,0,1,1,2,0,0,6,51,57,0,0,0,57
09/24/2021,ADW,MD,AEA,EN,Towers with Radar,0,0,11,33,44,0,0,5,15,20,0,0,16,48,64,0,12,12,76
09/25/2021,ADW,MD,AEA,EN,Towers with Radar,2,0,1,23,26,0,0,5,9,14,2,0,6,32,40,0,34,34,74
09/26/2021,ADW,MD,AEA,EN,Towers with Radar,2,1,2,12,17,0,0,5,16,21,2,1,7,28,38,0,30,30,68
09/27/2021,ADW,MD,AEA,EN,Towers with Radar,2,0,12,32,46,0,0,7,19,26,2,0,19,51,72,0,72,72,144
09/28/2021,ADW,MD,AEA,EN,Towers with Radar,1,3,5,20,29,0,0,9,21,30,1,3,14,41,59,0,84,84,143
09/29/2021,ADW,MD,AEA,EN,Towers with Radar,0,0,3,23,26,0,0,6,22,28,0,0,9,45,54,0,64,64,118
09/30/2021,ADW,MD,AEA,EN,Towers with Radar,0,1,20,50,71,0,0,2,18,20,0,1,22,68,91,0,104,104,195
10/01/2021,ADW,MD,AEA,EN,Towers with Radar,1,0,4,37,42,0,2,3,36,41,1,2,7,73,83,0,50,50,133
10/02/2021,ADW,MD,AEA,EN,Towers with Radar,3,0,2,23,28,0,0,3,16,19,3,0,5,39,47,0,0,0,47
10/03/2021,ADW,MD,AEA,EN,Towers with Radar,0,0,0,19,19,0,0,1,16,17,0,0,1,35,36,0,24,24,60
10/04/2021,ADW,MD,AEA,EN,Towers with Radar,0,0,4,57,61,0,0,3,70,73,0,0,7,127,134,0,134,134,268
10/05/2021,ADW,MD,AEA,EN,Towers with Radar,0,1,5,55,61,0,0,0,34,34,0,1,5,89,95,0,158,158,253
10/06/2021,ADW,MD,AEA,EN,Towers with Radar,0,1,6,60,67,0,0,0,30,30,0,1,6,90,97,0,0,0,97
10/07/2021,ADW,MD,AEA,EN,Towers with Radar,0,2,4,62,68,0,0,7,53,60,0,2,11,115,128,0,70,70,198
10/08/2021,ADW,MD,AEA,EN,Towers with Radar,0,0,4,46,50,0,0,0,40,40,0,0,4,86,90,0,0,0,90
10/09/2021,ADW,MD,AEA,EN,Towers with Radar,0,2,0,32,34,0,1,5,10,16,0,3,5,42,50,0,18,18,68
10/10/2021,ADW,MD,AEA,EN,Towers with Radar,0,0,0,11,11,0,0,2,15,17,0,0,2,26,28,0,70,70,98
10/11/2021,ADW,MD,AEA,EN,Towers with Radar,3,1,4,14,22,0,0,0,9,9,3,1,4,23,31,0,0,0,31
10/12/2021,ADW,MD,AEA,EN,Towers with Radar,1,2,2,69,74,0,0,1,1,2,1,2,3,70,76,0,110,110,186
10/13/2021,ADW,MD,AEA,EN,Towers with Radar,0,1,8,75,84,0,0,7,74,81,0,1,15,149,165,0,98,98,263
10/14/2021,ADW,MD,AEA,EN,Towers with Radar,2,2,2,61,67,0,0,7,65,72,2,2,9,126,139,0,0,0,139
10/15/2021,ADW,MD,AEA,EN,Towers with Radar,0,1,5,55,61,0,0,10,40,50,0,1,15,95,111,0,0,0,111
10/16/2021,ADW,MD,AEA,EN,Towers with Radar,0,0,8,16,24,0,0,6,12,18,0,0,14,28,42,0,10,10,52
10/17/2021,ADW,MD,AEA,EN,Towers with Radar,0,0,2,37,39,0,0,4,11,15,0,0,6,48,54,0,10,10,64
10/18/2021,ADW,MD,AEA,EN,Towers with Radar,2,0,11,29,42,0,0,3,59,62,2,0,14,88,104,0,26,26,130
10/19/2021,ADW,MD,AEA,EN,Towers with Radar,0,2,13,86,101,0,2,2,59,63,0,4,15,145,164,0,136,136,300
10/20/2021,ADW,MD,AEA,EN,Towers with Radar,0,0,3,52,55,0,0,7,47,54,0,0,10,99,109,0,66,66,175
10/21/2021,ADW,MD,AEA,EN,Towers with Radar,2,1,24,58,85,0,0,12,44,56,2,1,36,102,141,0,120,120,261
10/22/2021,ADW,MD,AEA,EN,Towers with Radar,3,1,21,45,70,0,1,1,48,50,3,2,22,93,120,0,96,96,216
10/23/2021,ADW,MD,AEA,EN,Towers with Radar,1,2,0,6,9,0,0,2,9,11,1,2,2,15,20,0,44,44,64
10/24/2021,ADW,MD,AEA,EN,Towers with Radar,2,1,1,32,36,0,1,1,10,12,2,2,2,42,48,0,68,68,116
10/25/2021,ADW,MD,AEA,EN,Towers with Radar,0,1,4,53,58,0,2,5,33,40,0,3,9,86,98,0,108,108,206
10/26/2021,ADW,MD,AEA,EN,Towers with Radar,1,1,7,39,48,0,0,5,36,41,1,1,12,75,89,0,86,86,175
10/27/2021,ADW,MD,AEA,EN,Towers with Radar,2,1,4,58,65,0,0,4,47,51,2,1,8,105,116,0,80,80,196
10/28/2021,ADW,MD,AEA,EN,Towers with Radar,2,0,14,81,97,0,0,7,65,72,2,0,21,146,169,0,70,70,239
10/29/2021,ADW,MD,AEA,EN,Towers with Radar,1,0,0,25,26,0,0,0,1,1,1,0,0,26,27,0,0,0,27
10/30/2021,ADW,MD,AEA,EN,Towers with Radar,3,0,2,18,23,0,0,5,22,27,3,0,7,40,50,0,0,0,50
10/31/2021,ADW,MD,AEA,EN,Towers with Radar,0,0,0,14,14,0,1,0,11,12,0,1,0,25,26,0,10,10,36
11/01/2021,ADW,MD,AEA,EN,Towers with Radar,1,1,4,35,41,0,0,5,40,45,1,1,9,75,86,0,68,68,154
11/02/2021,ADW,MD,AEA,EN,Towers with Radar,0,1,5,59,65,0,1,1,59,61,0,2,6,118,126,0,54,54,180
11/03/2021,ADW,MD,AEA,EN,Towers with Radar,0,0,8,67,75,0,1,3,47,51,0,1,11,114,126,0,66,66,192
11/04/2021,ADW,MD,AEA,EN,Towers with Radar,0,1,4,58,63,0,0,0,56,56,0,1,4,114,119,0,114,114,233
11/05/2021,ADW,MD,AEA,EN,Towers with Radar,1,0,12,44,57,0,2,2,54,58,1,2,14,98,115,0,26,26,141
11/06/2021,ADW,MD,AEA,EN,Towers with Radar,4,0,4,29,37,0,0,0,20,20,4,0,4,49,57,0,58,58,115
11/07/2021,ADW,MD,AEA,EN,Towers with Radar,1,0,0,28,29,0,0,0,6,6,1,0,0,34,35,0,8,8,43
11/08/2021,ADW,MD,AEA,EN,Towers with Radar,1,0,4,43,48,0,0,0,68,68,1,0,4,111,116,0,156,156,272
11/09/2021,ADW,MD,AEA,EN,Towers with Radar,0,0,15,62,77,0,1,1,66,68,0,1,16,128,145,0,126,126,271
11/10/2021,ADW,MD,AEA,EN,Towers with Radar,4,1,4,41,50,0,0,9,69,78,4,1,13,110,128,0,46,46,174
11/11/2021,ADW,MD,AEA,EN,Towers with Radar,0,1,4,17,22,0,0,6,15,21,0,1,10,32,43,0,0,0,43
11/12/2021,ADW,MD,AEA,EN,Towers with Radar,0,0,0,21,21,0,0,3,24,27,0,0,3,45,48,0,46,46,94
11/13/2021,ADW,MD,AEA,EN,Towers with Radar,4,0,0,11,15,0,0,2,29,31,4,0,2,40,46,0,0,0,46
11/14/2021,ADW,MD,AEA,EN,Towers with Radar,0,2,6,24,32,0,1,4,31,36,0,3,10,55,68,0,0,0,68
11/15/2021,ADW,MD,AEA,EN,Towers with Radar,0,1,2,35,38,0,0,3,46,49,0,1,5,81,87,0,112,112,199
11/16/2021,ADW,MD,AEA,EN,Towers with Radar,0,1,5,70,76,0,2,2,64,68,0,3,7,134,144,0,180,180,324
11/17/2021,ADW,MD,AEA,EN,Towers with Radar,1,1,6,49,57,0,0,8,56,64,1,1,14,105,121,0,162,162,283
11/18/2021,ADW,MD,AEA,EN,Towers with Radar,0,0,12,54,66,0,3,3,52,58,0,3,15,106,124,0,102,102,226
11/19/2021,ADW,MD,AEA,EN,Towers with Radar,1,1,4,46,52,0,0,4,27,31,1,1,8,73,83,0,46,46,129
11/20/2021,ADW,MD,AEA,EN,Towers with Radar,1,2,0,16,19,0,1,2,17,20,1,3,2,33,39,0,0,0,39
11/21/2021,ADW,MD,AEA,EN,Towers with Radar,0,0,0,30,30,0,0,5,21,26,0,0,5,51,56,0,42,42,98
11/22/2021,ADW,MD,AEA,EN,Towers with Radar,0,0,4,59,63,0,0,6,50,56,0,0,10,109,119,0,120,120,239
11/23/2021,ADW,MD,AEA,EN,Towers with Radar,0,0,14,52,66,0,0,4,63,67,0,0,18,115,133,0,120,120,253
11/24/2021,ADW,MD,AEA,EN,Towers with Radar,1,0,2,24,27,0,0,0,42,42,1,0,2,66,69,0,42,42,111
11/25/2021,ADW,MD,AEA,EN,Towers with Radar,0,0,0,1,1,0,0,2,5,7,0,0,2,6,8,0,12,12,20
11/26/2021,ADW,MD,AEA,EN,Towers with Radar,0,0,2,6,8,0,0,1,15,16,0,0,3,21,24,0,22,22,46
11/27/2021,ADW,MD,AEA,EN,Towers with Radar,0,0,0,4,4,0,0,5,19,24,0,0,5,23,28,0,48,48,76
11/28/2021,ADW,MD,AEA,EN,Towers with Radar,0,1,0,21,22,0,2,0,12,14,0,3,0,33,36,0,0,0,36
11/29/2021,ADW,MD,AEA,EN,Towers with Radar,0,0,18,36,54,0,0,8,52,60,0,0,26,88,114,0,110,110,224
11/30/2021,ADW,MD,AEA,EN,Towers with Radar,0,0,10,56,66,0,1,9,52,62,0,1,19,108,128,0,70,70,198
12/01/2021,ADW,MD,AEA,EN,Towers with Radar,0,0,11,61,72,0,0,7,43,50,0,0,18,104,122,0,144,144,266
12/02/2021,ADW,MD,AEA,EN,Towers with Radar,0,0,22,54,76,0,0,5,42,47,0,0,27,96,123,0,104,104,227
12/03/2021,ADW,MD,AEA,EN,Towers with Radar,0,0,4,47,51,0,0,3,37,40,0,0,7,84,91,0,18,18,109
12/04/2021,ADW,MD,AEA,EN,Towers with Radar,0,1,0,29,30,0,1,1,27,29,0,2,1,56,59,0,26,26,85
12/05/2021,ADW,MD,AEA,EN,Towers with Radar,2,4,0,30,36,0,4,2,16,22,2,8,2,46,58,0,0,0,58
12/06/2021,ADW,MD,AEA,EN,Towers with Radar,0,0,10,24,34,0,0,3,53,56,0,0,13,77,90,0,44,44,134
12/07/2021,ADW,MD,AEA,EN,Towers with Radar,1,0,5,86,92,0,1,8,60,69,1,1,13,146,161,0,136,136,297
12/08/2021,ADW,MD,AEA,EN,Towers with Radar,2,2,3,40,47,0,0,9,43,52,2,2,12,83,99,2,96,98,197
12/09/2021,ADW,MD,AEA,EN,Towers with Radar,1,1,2,96,100,0,0,11,72,83,1,1,13,168,183,0,168,168,351
12/10/2021,ADW,MD,AEA,EN,Towers with Radar,2,0,2,48,52,0,0,7,28,35,2,0,9,76,87,0,0,0,87
12/11/2021,ADW,MD,AEA,EN,Towers with Radar,4,0,6,21,31,0,0,0,9,9,4,0,6,30,40,0,12,12,52
12/12/2021,ADW,MD,AEA,EN,Towers with Radar,0,1,0,19,20,0,0,0,19,19,0,1,0,38,39,0,40,40,79
12/13/2021,ADW,MD,AEA,EN,Towers with Radar,0,1,0,52,53,0,0,7,48,55,0,1,7,100,108,0,0,0,108
12/14/2021,ADW,MD,AEA,EN,Towers with Radar,1,0,26,80,107,0,2,8,77,87,1,2,34,157,194,0,142,142,336
12/15/2021,ADW,MD,AEA,EN,Towers with Radar,0,0,1,66,67,0,0,12,43,55,0,0,13,109,122,0,30,30,152
12/16/2021,ADW,MD,AEA,EN,Towers with Radar,1,3,6,76,86,0,3,9,48,60,1,6,15,124,146,0,66,66,212
12/17/2021,ADW,MD,AEA,EN,Towers with Radar,0,4,2,44,50,0,4,1,49,54,0,8,3,93,104,0,10,10,114
12/18/2021,ADW,MD,AEA,EN,Towers with Radar,3,0,2,5,10,0,0,0,12,12,3,0,2,17,22,0,0,0,22
12/19/2021,ADW,MD,AEA,EN,Towers with Radar,1,0,0,8,9,0,0,0,15,15,1,0,0,23,24,0,20,20,44
12/20/2021,ADW,MD,AEA,EN,Towers with Radar,0,0,2,31,33,0,0,2,36,38,0,0,4,67,71,0,46,46,117
12/21/2021,ADW,MD,AEA,EN,Towers with Radar,0,0,15,48,63,0,1,3,15,19,0,1,18,63,82,0,62,62,144
12/22/2021,ADW,MD,AEA,EN,Towers with Radar,0,0,6,22,28,0,3,3,10,16,0,3,9,32,44,0,0,0,44
12/23/2021,ADW,MD,AEA,EN,Towers with Radar,0,0,2,16,18,0,2,0,19,21,0,2,2,35,39,0,28,28,67
12/24/2021,ADW,MD,AEA,EN,Towers with Radar,0,0,3,2,5,0,0,1,14,15,0,0,4,16,20,0,0,0,20
12/25/2021,ADW,MD,AEA,EN,Towers with Radar,0,0,0,1,1,0,0,0,0,0,0,0,0,1,1,0,0,0,1
12/26/2021,ADW,MD,AEA,EN,Towers with Radar,0,0,0,4,4,0,0,1,8,9,0,0,1,12,13,0,0,0,13
12/27/2021,ADW,MD,AEA,EN,Towers with Radar,0,0,2,14,16,0,0,0,10,10,0,0,2,24,26,0,36,36,62
12/28/2021,ADW,MD,AEA,EN,Towers with Radar,0,0,9,28,37,0,0,0,32,32,0,0,9,60,69,0,134,134,203
12/29/2021,ADW,MD,AEA,EN,Towers with Radar,0,1,2,37,40,0,2,2,16,20,0,3,4,53,60,0,36,36,96
12/30/2021,ADW,MD,AEA,EN,Towers with Radar,0,0,4,7,11,0,0,0,7,7,0,0,4,14,18,0,0,0,18
12/31/2021,ADW,MD,AEA,EN,Towers with Radar,0,0,2,4,6,0,0,1,9,10,0,0,3,13,16,0,12,12,28
01/01/2022,ADW,MD,AEA,EN,Towers with Radar,0,0,0,8,8,0,0,0,0,0,0,0,0,8,8,0,0,0,8
01/02/2022,ADW,MD,AEA,EN,Towers with Radar,0,0,0,18,18,0,0,1,12,13,0,0,1,30,31,0,0,0,31
01/03/2022,ADW,MD,AEA,EN,Towers with Radar,0,0,0,9,9,0,0,1,3,4,0,0,1,12,13,0,0,0,13
01/04/2022,ADW,MD,AEA,EN,Towers with Radar,0,0,0,14,14,0,0,6,31,37,0,0,6,45,51,0,48,48,99
01/05/2022,ADW,MD,AEA,EN,Towers with Radar,0,0,2,10,12,0,0,0,41,41,0,0,2,51,53,0,0,0,53
01/06/2022,ADW,MD,AEA,EN,Towers with Radar,0,0,10,63,73,0,0,1,45,46,0,0,11,108,119,0,30,30,149
01/07/2022,ADW,MD,AEA,EN,Towers with Radar,0,0,2,14,16,0,0,5,24,29,0,0,7,38,45,0,0,0,45
01/08/2022,ADW,MD,AEA,EN,Towers with Radar,2,1,0,48,51,0,0,4,14,18,2,1,4,62,69,0,18,18,87
01/09/2022,ADW,MD,AEA,EN,Towers with Radar,0,0,0,25,25,0,0,0,12,12,0,0,0,37,37,0,0,0,37
01/10/2022,ADW,MD,AEA,EN,Towers with Radar,0,0,2,54,56,0,0,0,31,31,0,0,2,85,87,0,118,118,205
01/11/2022,ADW,MD,AEA,EN,Towers with Radar,0,1,6,65,72,0,1,9,55,65,0,2,15,120,137,0,94,94,231
01/12/2022,ADW,MD,AEA,EN,Towers with Radar,1,0,5,43,49,0,0,5,43,48,1,0,10,86,97,0,84,84,181
01/13/2022,ADW,MD,AEA,EN,Towers with Radar,1,0,8,40,49,0,0,5,23,28,1,0,13,63,77,0,0,0,77
01/14/2022,ADW,MD,AEA,EN,Towers with Radar,0,0,3,21,24,0,0,2,26,28,0,0,5,47,52,0,0,0,52
01/15/2022,ADW,MD,AEA,EN,Towers with Radar,0,0,2,10,12,0,0,0,14,14,0,0,2,24,26,0,24,24,50
01/16/2022,ADW,MD,AEA,EN,Towers with Radar,0,0,0,8,8,0,0,0,2,2,0,0,0,10,10,0,0,0,10
01/17/2022,ADW,MD,AEA,EN,Towers with Radar,1,0,0,8,9,0,0,3,7,10,1,0,3,15,19,0,0,0,19
01/18/2022,ADW,MD,AEA,EN,Towers with Radar,0,2,31,46,79,0,0,4,45,49,0,2,35,91,128,0,98,98,226
01/19/2022,ADW,MD,AEA,EN,Towers with Radar,1,0,7,51,59,0,0,5,42,47,1,0,12,93,106,0,0,0,106
01/20/2022,ADW,MD,AEA,EN,Towers with Radar,0,0,4,48,52,0,0,6,28,34,0,0,10,76,86,0,26,26,112
01/21/2022,ADW,MD,AEA,EN,Towers with Radar,0,0,10,34,44,0,0,3,42,45,0,0,13,76,89,0,0,0,89
01/22/2022,ADW,MD,AEA,EN,Towers with Radar,0,0,8,3,11,0,0,7,12,19,0,0,15,15,30,0,0,0,30
01/23/2022,ADW,MD,AEA,EN,Towers with Radar,0,0,2,11,13,0,0,2,17,19,0,0,4,28,32,0,56,56,88
01/24/2022,ADW,MD,AEA,EN,Towers with Radar,0,0,27,34,61,0,0,18,53,71,0,0,45,87,132,0,118,118,250
01/25/2022,ADW,MD,AEA,EN,Towers with Radar,0,0,20,52,72,0,0,6,62,68,0,0,26,114,140,0,134,134,274
01/26/2022,ADW,MD,AEA,EN,Towers with Radar,0,0,6,67,73,0,1,7,49,57,0,1,13,116,130,0,132,132,262
01/27/2022,ADW,MD,AEA,EN,Towers with Radar,0,0,5,65,70,0,0,3,52,55,0,0,8,117,125,0,0,0,125
01/28/2022,ADW,MD,AEA,EN,Towers with Radar,0,0,4,42,46,0,0,2,27,29,0,0,6,69,75,0,50,50,125
01/29/2022,ADW,MD,AEA,EN,Towers with Radar,0,0,0,14,14,0,0,1,13,14,0,0,1,27,28,0,0,0,28
01/30/2022,ADW,MD,AEA,EN,Towers with Radar,3,0,0,16,19,0,1,3,12,16,3,1,3,28,35,0,0,0,35
01/31/2022,ADW,MD,AEA,EN,Towers with Radar,1,0,12,43,56,0,0,8,82,90,1,0,20,125,146,0,0,0,146
02/01/2022,ADW,MD,AEA,EN,Towers with Radar,0,0,6,42,48,0,0,4,71,75,0,0,10,113,123,0,160,160,283
02/02/2022,ADW,MD,AEA,EN,Towers with Radar,0,0,15,45,60,0,0,3,49,52,0,0,18,94,112,0,88,88,200
02/03/2022,ADW,MD,AEA,EN,Towers with Radar,0,0,6,39,45,0,0,0,0,0,0,0,6,39,45,0,0,0,45
02/04/2022,ADW,MD,AEA,EN,Towers with Radar,0,0,2,37,39,0,0,0,9,9,0,0,2,46,48,0,0,0,48
02/05/2022,ADW,MD,AEA,EN,Towers with Radar,0,1,4,20,25,0,1,0,15,16,0,2,4,35,41,0,0,0,41
02/06/2022,ADW,MD,AEA,EN,Towers with Radar,0,0,0,15,15,0,0,5,20,25,0,0,5,35,40,0,64,64,104
02/07/2022,ADW,MD,AEA,EN,Towers with Radar,1,0,5,47,53,0,1,2,56,59,1,1,7,103,112,0,0,0,112
02/08/2022,ADW,MD,AEA,EN,Towers with Radar,1,0,5,77,83,0,0,5,67,72,1,0,10,144,155,0,148,148,303
02/09/2022,ADW,MD,AEA,EN,Towers with Radar,0,0,6,62,68,0,0,6,52,58,0,0,12,114,126,0,0,0,126
02/10/2022,ADW,MD,AEA,EN,Towers with Radar,0,0,10,57,67,0,0,2,52,54,0,0,12,109,121,0,0,0,121
02/11/2022,ADW,MD,AEA,EN,Towers with Radar,2,0,18,31,51,0,0,5,39,44,2,0,23,70,95,0,0,0,95
02/12/2022,ADW,MD,AEA,EN,Towers with Radar,0,0,14,22,36,0,0,6,21,27,0,0,20,43,63,0,0,0,63
02/13/2022,ADW,MD,AEA,EN,Towers with Radar,0,1,0,15,16,0,1,0,0,1,0,2,0,15,17,0,0,0,17
02/14/2022,ADW,MD,AEA,EN,Towers with Radar,0,0,5,36,41,0,3,2,27,32,0,3,7,63,73,0,126,126,199
02/15/2022,ADW,MD,AEA,EN,Towers with Radar,0,0,12,59,71,0,1,4,49,54,0,1,16,108,125,0,154,154,279
02/16/2022,ADW,MD,AEA,EN,Towers with Radar,0,0,14,58,72,0,0,5,55,60,0,0,19,113,132,0,108,108,240
02/17/2022,ADW,MD,AEA,EN,Towers with Radar,0,0,0,72,72,0,0,6,42,48,0,0,6,114,120,0,0,0,120
02/18/2022,ADW,MD,AEA,EN,Towers with Radar,0,0,0,22,22,0,0,3,21,24,0,0,3,43,46,0,18,18,64
02/19/2022,ADW,MD,AEA,EN,Towers with Radar,0,0,0,18,18,0,0,5,10,15,0,0,5,28,33,0,10,10,43
02/20/2022,ADW,MD,AEA,EN,Towers with Radar,1,0,2,16,19,0,3,2,19,24,1,3,4,35,43,0,66,66,109
02/21/2022,ADW,MD,AEA,EN,Towers with Radar,1,0,1,16,18,0,0,2,10,12,1,0,3,26,30,0,0,0,30
02/22/2022,ADW,MD,AEA,EN,Towers with Radar,0,2,6,41,49,0,0,0,47,47,0,2,6,88,96,0,182,182,278
02/23/2022,ADW,MD,AEA,EN,Towers with Radar,0,2,6,50,58,0,2,3,35,40,0,4,9,85,98,0,158,158,256
02/24/2022,ADW,MD,AEA,EN,Towers with Radar,1,2,3,42,48,0,0,2,8,10,1,2,5,50,58,0,48,48,106
02/25/2022,ADW,MD,AEA,EN,Towers with Radar,1,1,4,50,56,0,0,2,23,25,1,1,6,73,81,0,38,38,119
02/26/2022,ADW,MD,AEA,EN,Towers with Radar,1,0,0,9,10,0,0,2,11,13,1,0,2,20,23,0,40,40,63
02/27/2022,ADW,MD,AEA,EN,Towers with Radar,0,0,0,29,29,0,0,3,14,17,0,0,3,43,46,0,54,54,100
02/28/2022,ADW,MD,AEA,EN,Towers with Radar,0,0,17,34,51,0,0,0,16,16,0,0,17,50,67,0,116,116,183
03/01/2022,ADW,MD,AEA,EN,Towers with Radar,0,1,5,86,92,0,1,1,11,13,0,2,6,97,105,0,94,94,199
03/02/2022,ADW,MD,AEA,EN,Towers with Radar,0,0,1,62,63,0,2,18,69,89,0,2,19,131,152,0,140,140,292
03/03/2022,ADW,MD,AEA,EN,Towers with Radar,0,0,7,51,58,0,0,2,57,59,0,0,9,108,117,0,86,86,203
03/04/2022,ADW,MD,AEA,EN,Towers with Radar,0,1,0,50,51,0,0,1,30,31,0,1,1,80,82,0,72,72,154
03/05/2022,ADW,MD,AEA,EN,Towers with Radar,4,0,0,20,24,0,2,6,36,44,4,2,6,56,68,0,138,138,206
03/06/2022,ADW,MD,AEA,EN,Towers with Radar,0,0,0,16,16,0,0,12,28,40,0,0,12,44,56,0,32,32,88
03/07/2022,ADW,MD,AEA,EN,Towers with Radar,0,0,2,32,34,0,0,2,27,29,0,0,4,59,63,0,94,94,157
03/08/2022,ADW,MD,AEA,EN,Towers with Radar,0,1,2,76,79,0,0,4,68,72,0,1,6,144,151,0,178,178,329
03/09/2022,ADW,MD,AEA,EN,Towers with Radar,1,0,6,38,45,0,2,1,18,21,1,2,7,56,66,0,22,22,88
03/10/2022,ADW,MD,AEA,EN,Towers with Radar,0,1,4,94,99,0,1,1,80,82,0,2,5,174,181,0,122,122,303
03/11/2022,ADW,MD,AEA,EN,Towers with Radar,1,0,4,36,41,0,0,4,31,35,1,0,8,67,76,0,44,44,120
03/12/2022,ADW,MD,AEA,EN,Towers with Radar,4,0,0,14,18,0,0,3,2,5,4,0,3,16,23,0,0,0,23
03/13/2022,ADW,MD,AEA,EN,Towers with Radar,0,0,6,17,23,0,0,2,12,14,0,0,8,29,37,0,0,0,37
03/14/2022,ADW,MD,AEA,EN,Towers with Radar,0,0,6,57,63,0,0,0,58,58,0,0,6,115,121,0,0,0,121
03/15/2022,ADW,MD,AEA,EN,Towers with Radar,0,0,6,77,83,0,0,7,76,83,0,0,13,153,166,0,200,200,366
03/16/2022,ADW,MD,AEA,EN,Towers with Radar,0,0,6,55,61,0,0,4,47,51,0,0,10,102,112,0,0,0,112
03/17/2022,ADW,MD,AEA,EN,Towers with Radar,0,0,0,52,52,0,0,0,18,18,0,0,0,70,70,0,0,0,70
03/18/2022,ADW,MD,AEA,EN,Towers with Radar,0,0,14,57,71,0,0,7,42,49,0,0,21,99,120,0,38,38,158
03/19/2022,ADW,MD,AEA,EN,Towers with Radar,4,2,14,39,59,0,1,4,21,26,4,3,18,60,85,0,22,22,107
03/20/2022,ADW,MD,AEA,EN,Towers with Radar,0,2,0,30,32,0,0,8,17,25,0,2,8,47,57,0,0,0,57
03/21/2022,ADW,MD,AEA,EN,Towers with Radar,0,1,8,36,45,0,0,3,48,51,0,1,11,84,96,0,0,0,96
03/22/2022,ADW,MD,AEA,EN,Towers with Radar,0,0,6,64,70,0,0,3,60,63,0,0,9,124,133,0,146,146,279
03/23/2022,ADW,MD,AEA,EN,Towers with Radar,0,0,0,55,55,0,3,5,24,32,0,3,5,79,87,0,0,0,87
03/24/2022,ADW,MD,AEA,EN,Towers with Radar,0,1,3,28,32,0,0,0,2,2,0,1,3,30,34,0,0,0,34
03/25/2022,ADW,MD,AEA,EN,Towers with Radar,0,0,2,42,44,0,0,4,42,46,0,0,6,84,90,0,50,50,140
03/26/2022,ADW,MD,AEA,EN,Towers with Radar,4,0,1,29,34,0,2,2,29,33,4,2,3,58,67,0,0,0,67
03/27/2022,ADW,MD,AEA,EN,Towers with Radar,0,0,0,43,43,0,0,2,20,22,0,0,2,63,65,0,0,0,65
03/28/2022,ADW,MD,AEA,EN,Towers with Radar,0,0,1,40,41,0,0,1,48,49,0,0,2,88,90,0,0,0,90
03/29/2022,ADW,MD,AEA,EN,Towers with Radar,0,0,4,54,58,0,1,4,60,65,0,1,8,114,123,0,106,106,229
03/30/2022,ADW,MD,AEA,EN,Towers with Radar,0,0,13,42,55,0,1,5,56,62,0,1,18,98,117,0,0,0,117
03/31/2022,ADW,MD,AEA,EN,Towers with Radar,0,2,26,65,93,0,2,1,9,12,0,4,27,74,105,0,74,74,179
04/01/2022,ADW,MD,AEA,EN,Towers with Radar,0,0,3,50,53,0,0,1,46,47,0,0,4,96,100,0,18,18,118
04/02/2022,ADW,MD,AEA,EN,Towers with Radar,2,0,2,27,31,0,1,2,13,16,2,1,4,40,47,0,14,14,61
04/03/2022,ADW,MD,AEA,EN,Towers with Radar,0,0,6,16,22,0,2,2,17,21,0,2,8,33,43,0,0,0,43
04/04/2022,ADW,MD,AEA,EN,Towers with Radar,2,0,7,41,50,0,0,0,60,60,2,0,7,101,110,0,226,226,336
04/05/2022,ADW,MD,AEA,EN,Towers with Radar,0,1,13,68,82,0,0,0,35,35,0,1,13,103,117,0,140,140,257
04/06/2022,ADW,MD,AEA,EN,Towers with Radar,0,0,7,48,55,0,0,0,20,20,0,0,7,68,75,0,0,0,75
04/07/2022,ADW,MD,AEA,EN,Towers with Radar,0,1,6,50,57,0,0,0,22,22,0,1,6,72,79,0,20,20,99
04/08/2022,ADW,MD,AEA,EN,Towers with Radar,2,0,0,73,75,0,0,2,41,43,2,0,2,114,118,0,0,0,118
04/09/2022,ADW,MD,AEA,EN,Towers with Radar,0,0,6,19,25,0,0,3,24,27,0,0,9,43,52,0,4,4,56
04/10/2022,ADW,MD,AEA,EN,Towers with Radar,0,0,0,14,14,0,0,4,12,16,0,0,4,26,30,0,0,0,30
04/11/2022,ADW,MD,AEA,EN,Towers with Radar,0,0,4,42,46,0,0,2,59,61,0,0,6,101,107,0,0,0,107
04/12/2022,ADW,MD,AEA,EN,Towers with Radar,0,1,3,82,86,0,1,11,59,71,0,2,14,141,157,0,0,0,157
04/13/2022,ADW,MD,AEA,EN,Towers with Radar,2,2,2,54,60,0,1,10,47,58,2,3,12,101,118,2,148,150,268
04/14/2022,ADW,MD,AEA,EN,Towers with Radar,0,1,4,61,66,0,1,4,47,52,0,2,8,108,118,0,0,0,118
04/15/2022,ADW,MD,AEA,EN,Towers with Radar,0,0,14,52,66,0,0,2,30,32,0,0,16,82,98,0,40,40,138
04/16/2022,ADW,MD,AEA,EN,Towers with Radar,0,0,0,9,9,0,0,0,17,17,0,0,0,26,26,0,16,16,42
04/17/2022,ADW,MD,AEA,EN,Towers with Radar,0,0,0,24,24,0,2,2,21,25,0,2,2,45,49,0,0,0,49
04/18/2022,ADW,MD,AEA,EN,Towers with Radar,0,0,0,35,35,0,0,1,29,30,0,0,1,64,65,0,138,138,203
04/19/2022,ADW,MD,AEA,EN,Towers with Radar,1,0,0,79,80,0,0,9,48,57,1,0,9,127,137,2,154,156,293
04/20/2022,ADW,MD,AEA,EN,Towers with Radar,3,1,9,75,88,0,2,4,35,41,3,3,13,110,129,0,0,0,129
04/21/2022,ADW,MD,AEA,EN,Towers with Radar,2,1,4,54,61,0,2,3,51,56,2,3,7,105,117,0,104,104,221
04/22/2022,ADW,MD,AEA,EN,Towers with Radar,1,0,0,54,55,0,0,6,33,39,1,0,6,87,94,0,76,76,170
04/23/2022,ADW,MD,AEA,EN,Towers with Radar,2,0,0,33,35,0,0,9,11,20,2,0,9,44,55,0,0,0,55
04/24/2022,ADW,MD,AEA,EN,Towers with Radar,0,0,0,15,15,0,0,3,13,16,0,0,3,28,31,0,14,14,45
04/25/2022,ADW,MD,AEA,EN,Towers with Radar,1,1,2,43,47,0,0,1,40,41,1,1,3,83,88,0,166,166,254
04/26/2022,ADW,MD,AEA,EN,Towers with Radar,1,0,20,46,67,0,0,3,38,41,1,0,23,84,108,0,150,150,258
04/27/2022,ADW,MD,AEA,EN,Towers with Radar,1,3,8,47,59,0,5,0,36,41,1,8,8,83,100,0,48,48,148
04/28/2022,ADW,MD,AEA,EN,Towers with Radar,2,1,27,57,87,0,0,4,66,70,2,1,31,123,157,0,184,184,341
04/29/2022,ADW,MD,AEA,EN,Towers with Radar,0,3,2,33,38,0,1,7,35,43,0,4,9,68,81,0,134,134,215
04/30/2022,ADW,MD,AEA,EN,Towers with Radar,6,0,0,14,20,0,0,5,10,15,6,0,5,24,35,0,22,22,57
05/01/2022,ADW,MD,AEA,EN,Towers with Radar,2,0,0,10,12,0,2,4,19,25,2,2,4,29,37,0,2,2,39
05/02/2022,ADW,MD,AEA,EN,Towers with Radar,0,0,8,47,55,0,0,8,66,74,0,0,16,113,129,0,98,98,227
05/03/2022,ADW,MD,AEA,EN,Towers with Radar,0,0,4,70,74,0,0,2,41,43,0,0,6,111,117,0,126,126,243
05/04/2022,ADW,MD,AEA,EN,Towers with Radar,0,0,10,44,54,0,0,2,41,43,0,0,12,85,97,0,100,100,197
05/05/2022,ADW,MD,AEA,EN,Towers with Radar,1,0,17,67,85,0,0,12,34,46,1,0,29,101,131,0,68,68,199
05/06/2022,ADW,MD,AEA,EN,Towers with Radar,2,3,10,49,64,0,1,0,6,7,2,4,10,55,71,0,32,32,103
05/07/2022,ADW,MD,AEA,EN,Towers with Radar,6,0,0,18,24,0,0,0,0,0,6,0,0,18,24,0,0,0,24
05/08/2022,ADW,MD,AEA,EN,Towers with Radar,3,1,0,15,19,0,0,5,13,18,3,1,5,28,37,0,38,38,75
05/09/2022,ADW,MD,AEA,EN,Towers with Radar,1,4,5,35,45,0,1,2,40,43,1,5,7,75,88,0,104,104,192
05/10/2022,ADW,MD,AEA,EN,Towers with Radar,2,2,6,57,67,0,1,1,71,73,2,3,7,128,140,0,156,156,296
05/11/2022,ADW,MD,AEA,EN,Towers with Radar,2,2,13,54,71,0,0,6,41,47,2,2,19,95,118,0,62,62,180
05/12/2022,ADW,MD,AEA,EN,Towers with Radar,0,1,10,53,64,0,0,3,42,45,0,1,13,95,109,0,110,110,219
05/13/2022,ADW,MD,AEA,EN,Towers with Radar,2,1,5,37,45,0,0,0,10,10,2,1,5,47,55,0,12,12,67
05/14/2022,ADW,MD,AEA,EN,Towers with Radar,8,0,3,20,31,0,0,0,6,6,8,0,3,26,37,0,18,18,55
05/15/2022,ADW,MD,AEA,EN,Towers with Radar,1,3,1,32,37,0,0,0,11,11,1,3,1,43,48,0,0,0,48
05/16/2022,ADW,MD,AEA,EN,Towers with Radar,1,0,0,35,36,0,1,0,32,33,1,1,0,67,69,0,0,0,69
05/17/2022,ADW,MD,AEA,EN,Towers with Radar,1,1,6,81,89,0,0,15,56,71,1,1,21,137,160,0,0,0,160
05/18/2022,ADW,MD,AEA,EN,Towers with Radar,1,0,1,66,68,1,0,8,39,48,2,0,9,105,116,0,0,0,116
05/19/2022,ADW,MD,AEA,EN,Towers with Radar,1,0,25,103,129,0,10,9,63,82,1,10,34,166,211,0,0,0,211
05/20/2022,ADW,MD,AEA,EN,Towers with Radar,1,0,8,43,52,0,1,8,22,31,1,1,16,65,83,0,24,24,107
05/21/2022,ADW,MD,AEA,EN,Towers with Radar,4,0,0,15,19,0,1,3,12,16,4,1,3,27,35,0,20,20,55
05/22/2022,ADW,MD,AEA,EN,Towers with Radar,2,0,0,19,21,0,2,2,12,16,2,2,2,31,37,0,40,40,77
05/23/2022,ADW,MD,AEA,EN,Towers with Radar,1,0,5,70,76,0,1,2,45,48,1,1,7,115,124,0,112,112,236
05/24/2022,ADW,MD,AEA,EN,Towers with Radar,0,0,4,73,77,0,0,5,24,29,0,0,9,97,106,0,42,42,148
05/25/2022,ADW,MD,AEA,EN,Towers with Radar,3,1,3,76,83,0,1,8,39,48,3,2,11,115,131,0,126,126,257
05/26/2022,ADW,MD,AEA,EN,Towers with Radar,1,0,5,37,43,0,0,3,31,34,1,0,8,68,77,0,100,100,177
05/27/2022,ADW,MD,AEA,EN,Towers with Radar,0,0,4,26,30,0,0,0,11,11,0,0,4,37,41,0,0,0,41
05/28/2022,ADW,MD,AEA,EN,Towers with Radar,4,0,0,13,17,0,0,2,23,25,4,0,2,36,42,0,30,30,72
05/29/2022,ADW,MD,AEA,EN,Towers with Radar,1,0,2,16,19,0,2,4,8,14,1,2,6,24,33,0,28,28,61
05/30/2022,ADW,MD,AEA,EN,Towers with Radar,0,0,0,13,13,0,2,5,14,21,0,2,5,27,34,0,0,0,34
05/31/2022,ADW,MD,AEA,EN,Towers with Radar,0,3,32,50,85,0,7,8,38,53,0,10,40,88,138,0,158,158,296
06/01/2022,ADW,MD,AEA,EN,Towers with Radar,0,0,10,51,61,0,0,7,38,45,0,0,17,89,106,0,160,160,266
06/02/2022,ADW,MD,AEA,EN,Towers with Radar,3,0,16,60,79,0,1,0,65,66,3,1,16,125,145,0,0,0,145
06/03/2022,ADW,MD,AEA,EN,Towers with Radar,1,0,8,87,96,0,3,5,29,37,1,3,13,116,133,0,76,76,209
06/04/2022,ADW,MD,AEA,EN,Towers with Radar,2,0,2,19,23,0,0,2,7,9,2,0,4,26,32,0,70,70,102
06/05/2022,ADW,MD,AEA,EN,Towers with Radar,1,1,0,16,18,0,0,2,25,27,1,1,2,41,45,0,0,0,45
06/06/2022,ADW,MD,AEA,EN,Towers with Radar,0,1,8,35,44,0,1,6,30,37,0,2,14,65,81,0,30,30,111
06/07/2022,ADW,MD,AEA,EN,Towers with Radar,0,2,0,65,67,0,0,8,48,56,0,2,8,113,123,0,144,144,267
06/08/2022,ADW,MD,AEA,EN,Towers with Radar,1,1,2,42,46,0,0,8,29,37,1,1,10,71,83,0,216,216,299
06/09/2022,ADW,MD,AEA,EN,Towers with Radar,0,0,11,62,73,0,0,19,57,76,0,0,30,119,149,0,128,128,277
06/10/2022,ADW,MD,AEA,EN,Towers with Radar,1,0,2,50,53,0,0,5,31,36,1,0,7,81,89,0,18,18,107
06/11/2022,ADW,MD,AEA,EN,Towers with Radar,4,0,2,42,48,0,0,2,18,20,4,0,4,60,68,0,0,0,68
06/12/2022,ADW,MD,AEA,EN,Towers with Radar,0,1,4,41,46,0,0,2,9,11,0,1,6,50,57,0,0,0,57
06/13/2022,ADW,MD,AEA,EN,Towers with Radar,0,0,5,29,34,0,3,7,32,42,0,3,12,61,76,0,106,106,182
06/14/2022,ADW,MD,AEA,EN,Towers with Radar,2,0,2,74,78,0,0,6,38,44,2,0,8,112,122,0,88,88,210
06/15/2022,ADW,MD,AEA,EN,Towers with Radar,3,1,4,56,64,0,4,4,39,47,3,5,8,95,111,0,130,130,241
06/16/2022,ADW,MD,AEA,EN,Towers with Radar,1,2,17,93,113,0,2,7,68,77,1,4,24,161,190,0,90,90,280
06/17/2022,ADW,MD,AEA,EN,Towers with Radar,0,1,4,27,32,0,2,3,22,27,0,3,7,49,59,0,0,0,59
06/18/2022,ADW,MD,AEA,EN,Towers with Radar,0,1,4,4,9,0,0,7,14,21,0,1,11,18,30,0,44,44,74
06/19/2022,ADW,MD,AEA,EN,Towers with Radar,0,0,0,7,7,0,0,2,13,15,0,0,2,20,22,0,0,0,22
06/20/2022,ADW,MD,AEA,EN,Towers with Radar,0,0,0,14,14,0,0,3,11,14,0,0,3,25,28,0,78,78,106
06/21/2022,ADW,MD,AEA,EN,Towers with Radar,0,0,2,61,63,0,1,12,57,70,0,1,14,118,133,0,40,40,173
06/22/2022,ADW,MD,AEA,EN,Towers with Radar,0,0,36,33,69,0,0,2,32,34,0,0,38,65,103,0,112,112,215
06/23/2022,ADW,MD,AEA,EN,Towers with Radar,0,0,5,47,52,0,0,0,28,28,0,0,5,75,80,0,18,18,98
06/24/2022,ADW,MD,AEA,EN,Towers with Radar,0,1,1,52,54,0,1,1,36,38,0,2,2,88,92,0,60,60,152
06/25/2022,ADW,MD,AEA,EN,Towers with Radar,4,0,2,25,31,0,1,5,19,25,4,1,7,44,56,0,72,72,128
06/26/2022,ADW,MD,AEA,EN,Towers with Radar,0,0,0,32,32,0,1,6,27,34,0,1,6,59,66,0,62,62,128
06/27/2022,ADW,MD,AEA,EN,Towers with Radar,0,0,6,24,30,0,0,4,31,35,0,0,10,55,65,2,110,112,177
06/28/2022,ADW,MD,AEA,EN,Towers with Radar,0,0,6,60,66,0,0,10,30,40,0,0,16,90,106,0,0,0,106
06/29/2022,ADW,MD,AEA,EN,Towers with Radar,1,0,0,58,59,0,1,6,40,47,1,1,6,98,106,0,38,38,144
06/30/2022,ADW,MD,AEA,EN,Towers with Radar,1,0,0,64,65,0,0,8,34,42,1,0,8,98,107,0,112,112,219
07/01/2022,ADW,MD,AEA,EN,Towers with Radar,0,0,2,45,47,0,0,2,24,26,0,0,4,69,73,0,0,0,73
07/02/2022,ADW,MD,AEA,EN,Towers with Radar,0,2,2,19,23,0,0,0,9,9,0,2,2,28,32,0,36,36,68
07/03/2022,ADW,MD,AEA,EN,Towers with Radar,0,0,2,12,14,0,0,2,12,14,0,0,4,24,28,0,0,0,28
07/04/2022,ADW,MD,AEA,EN,Towers with Radar,4,0,0,13,17,0,0,4,3,7,4,0,4,16,24,0,14,14,38
07/05/2022,ADW,MD,AEA,EN,Towers with Radar,0,0,10,29,39,0,0,4,28,32,0,0,14,57,71,0,130,130,201
07/06/2022,ADW,MD,AEA,EN,Towers with Radar,0,0,4,54,58,0,1,10,23,34,0,1,14,77,92,0,34,34,126
07/07/2022,ADW,MD,AEA,EN,Towers with Radar,0,0,41,42,83,0,0,3,17,20,0,0,44,59,103,0,16,16,119
07/08/2022,ADW,MD,AEA,EN,Towers with Radar,0,0,13,44,57,0,0,9,24,33,0,0,22,68,90,0,0,0,90
07/09/2022,ADW,MD,AEA,EN,Towers with Radar,4,0,2,21,27,0,0,0,1,1,4,0,2,22,28,0,0,0,28
07/10/2022,ADW,MD,AEA,EN,Towers with Radar,0,1,0,20,21,0,0,4,4,8,0,1,4,24,29,0,0,0,29
07/11/2022,ADW,MD,AEA,EN,Towers with Radar,0,0,4,43,47,0,0,3,40,43,0,0,7,83,90,0,80,80,170
07/12/2022,ADW,MD,AEA,EN,Towers with Radar,0,0,12,61,73,0,0,2,29,31,0,0,14,90,104,0,118,118,222
07/13/2022,ADW,MD,AEA,EN,Towers with Radar,3,4,5,52,64,0,0,3,29,32,3,4,8,81,96,0,66,66,162
07/14/2022,ADW,MD,AEA,EN,Towers with Radar,3,0,4,69,76,0,1,4,34,39,3,1,8,103,115,0,94,94,209
07/15/2022,ADW,MD,AEA,EN,Towers with Radar,0,1,4,51,56,0,2,8,40,50,0,3,12,91,106,0,98,98,204
07/16/2022,ADW,MD,AEA,EN,Towers with Radar,4,0,0,24,28,0,1,1,21,23,4,1,1,45,51,0,0,0,51
07/17/2022,ADW,MD,AEA,EN,Towers with Radar,0,0,2,31,33,0,0,1,16,17,0,0,3,47,50,0,96,96,146
07/18/2022,ADW,MD,AEA,EN,Towers with Radar,0,0,3,42,45,0,0,8,53,61,0,0,11,95,106,0,156,156,262
07/19/2022,ADW,MD,AEA,EN,Towers with Radar,0,0,33,47,80,0,0,2,26,28,0,0,35,73,108,0,22,22,130
07/20/2022,ADW,MD,AEA,EN,Towers with Radar,0,2,3,70,75,0,0,7,38,45,0,2,10,108,120,0,164,164,284
07/21/2022,ADW,MD,AEA,EN,Towers with Radar,0,0,1,41,42,0,0,5,41,46,0,0,6,82,88,0,0,0,88
07/22/2022,ADW,MD,AEA,EN,Towers with Radar,1,0,4,30,35,0,0,2,21,23,1,0,6,51,58,0,0,0,58
07/23/2022,ADW,MD,AEA,EN,Towers with Radar,5,0,0,20,25,0,0,3,7,10,5,0,3,27,35,0,0,0,35
07/24/2022,ADW,MD,AEA,EN,Towers with Radar,0,0,0,17,17,0,1,1,10,12,0,1,1,27,29,0,38,38,67
07/25/2022,ADW,MD,AEA,EN,Towers with Radar,2,0,2,33,37,0,0,4,35,39,2,0,6,68,76,0,0,0,76
07/26/2022,ADW,MD,AEA,EN,Towers with Radar,0,0,13,50,63,0,0,5,38,43,0,0,18,88,106,0,0,0,106
07/27/2022,ADW,MD,AEA,EN,Towers with Radar,0,0,13,47,60,0,0,3,37,40,0,0,16,84,100,0,114,114,214
07/28/2022,ADW,MD,AEA,EN,Towers with Radar,0,0,5,51,56,0,1,1,47,49,0,1,6,98,105,0,36,36,141
07/29/2022,ADW,MD,AEA,EN,Towers with Radar,0,0,4,36,40,0,0,1,24,25,0,0,5,60,65,0,32,32,97
07/30/2022,ADW,MD,AEA,EN,Towers with Radar,5,0,26,27,58,0,2,3,19,24,5,2,29,46,82,0,48,48,130
07/31/2022,ADW,MD,AEA,EN,Towers with Radar,1,0,0,16,17,0,6,1,10,17,1,6,1,26,34,0,12,12,46
08/01/2022,ADW,MD,AEA,EN,Towers with Radar,0,0,16,44,60,0,3,4,33,40,0,3,20,77,100,0,122,122,222
08/02/2022,ADW,MD,AEA,EN,Towers with Radar,0,0,2,76,78,0,0,8,37,45,0,0,10,113,123,0,92,92,215
08/03/2022,ADW,MD,AEA,EN,Towers with Radar,0,2,6,39,47,0,4,9,24,37,0,6,15,63,84,0,36,36,120
08/04/2022,ADW,MD,AEA,EN,Towers with Radar,0,1,0,51,52,0,0,1,26,27,0,1,1,77,79,0,46,46,125
08/05/2022,ADW,MD,AEA,EN,Towers with Radar,0,0,9,41,50,0,0,3,19,22,0,0,12,60,72,0,0,0,72
08/06/2022,ADW,MD,AEA,EN,Towers with Radar,4,0,0,40,44,0,0,2,17,19,4,0,2,57,63,0,110,110,173
08/07/2022,ADW,MD,AEA,EN,Towers with Radar,0,0,2,38,40,0,2,3,20,25,0,2,5,58,65,0,0,0,65
08/08/2022,ADW,MD,AEA,EN,Towers with Radar,0,0,0,40,40,0,0,5,50,55,0,0,5,90,95,0,206,206,301
08/09/2022,ADW,MD,AEA,EN,Towers with Radar,0,0,6,55,61,0,0,3,34,37,0,0,9,89,98,0,128,128,226
08/10/2022,ADW,MD,AEA,EN,Towers with Radar,0,0,14,48,62,0,0,0,29,29,0,0,14,77,91,0,118,118,209
08/11/2022,ADW,MD,AEA,EN,Towers with Radar,0,2,0,77,79,0,2,3,37,42,0,4,3,114,121,0,46,46,167
08/12/2022,ADW,MD,AEA,EN,Towers with Radar,0,0,6,46,52,0,0,5,20,25,0,0,11,66,77,0,0,0,77
08/13/2022,ADW,MD,AEA,EN,Towers with Radar,4,0,0,20,24,0,0,5,12,17,4,0,5,32,41,0,56,56,97
08/14/2022,ADW,MD,AEA,EN,Towers with Radar,0,0,0,18,18,0,0,0,19,19,0,0,0,37,37,0,24,24,61
08/15/2022,ADW,MD,AEA,EN,Towers with Radar,0,0,0,34,34,0,1,0,42,43,0,1,0,76,77,0,116,116,193
08/16/2022,ADW,MD,AEA,EN,Towers with Radar,0,0,2,69,71,0,2,3,43,48,0,2,5,112,119,0,146,146,265
08/17/2022,ADW,MD,AEA,EN,Towers with Radar,0,0,7,47,54,0,0,5,51,56,0,0,12,98,110,0,102,102,212
08/18/2022,ADW,MD,AEA,EN,Towers with Radar,0,0,0,108,108,0,0,4,54,58,0,0,4,162,166,0,136,136,302
08/19/2022,ADW,MD,AEA,EN,Towers with Radar,0,0,6,29,35,0,1,0,22,23,0,1,6,51,58,0,8,8,66
08/20/2022,ADW,MD,AEA,EN,Towers with Radar,4,0,0,15,19,0,0,6,25,31,4,0,6,40,50,0,66,66,116
08/21/2022,ADW,MD,AEA,EN,Towers with Radar,0,0,0,21,21,0,2,2,20,24,0,2,2,41,45,0,30,30,75
08/22/2022,ADW,MD,AEA,EN,Towers with Radar,0,0,8,20,28,0,1,5,36,42,0,1,13,56,70,0,108,108,178
08/23/2022,ADW,MD,AEA,EN,Towers with Radar,0,0,12,53,65,0,3,3,47,53,0,3,15,100,118,0,142,142,260
08/24/2022,ADW,MD,AEA,EN,Towers with Radar,0,0,19,42,61,0,1,3,38,42,0,1,22,80,103,0,150,150,253
08/25/2022,ADW,MD,AEA,EN,Towers with Radar,0,0,9,72,81,0,0,4,53,57,0,0,13,125,138,0,116,116,254
08/26/2022,ADW,MD,AEA,EN,Towers with Radar,0,1,6,31,38,0,1,5,32,38,0,2,11,63,76,0,76,76,152
08/27/2022,ADW,MD,AEA,EN,Towers with Radar,4,0,0,19,23,0,0,4,9,13,4,0,4,28,36,0,0,0,36
08/28/2022,ADW,MD,AEA,EN,Towers with Radar,0,0,0,25,25,0,1,11,14,26,0,1,11,39,51,0,30,30,81
08/29/2022,ADW,MD,AEA,EN,Towers with Radar,0,0,10,49,59,0,2,8,45,55,0,2,18,94,114,0,60,60,174
08/30/2022,ADW,MD,AEA,EN,Towers with Radar,0,2,0,66,68,0,0,2,26,28,0,2,2,92,96,0,110,110,206
08/31/2022,ADW,MD,AEA,EN,Towers with Radar,0,1,6,60,67,0,0,5,40,45,0,1,11,100,112,0,0,0,112
09/01/2022,ADW,MD,AEA,EN,Towers with Radar,0,0,5,48,53,0,1,5,48,54,0,1,10,96,107,0,60,60,167
09/02/2022,ADW,MD,AEA,EN,Towers with Radar,0,1,3,14,18,0,0,5,21,26,0,1,8,35,44,0,0,0,44
09/03/2022,ADW,MD,AEA,EN,Towers with Radar,0,0,1,7,8,0,0,7,14,21,0,0,8,21,29,0,40,40,69
09/04/2022,ADW,MD,AEA,EN,Towers with Radar,0,0,2,27,29,0,0,5,17,22,0,0,7,44,51,0,0,0,51
09/05/2022,ADW,MD,AEA,EN,Towers with Radar,0,0,0,25,25,0,1,4,25,30,0,1,4,50,55,0,38,38,93
09/06/2022,ADW,MD,AEA,EN,Towers with Radar,0,0,3,43,46,0,0,2,29,31,0,0,5,72,77,0,48,48,125
09/07/2022,ADW,MD,AEA,EN,Towers with Radar,0,0,18,40,58,0,0,0,27,27,0,0,18,67,85,0,66,66,151
09/08/2022,ADW,MD,AEA,EN,Towers with Radar,0,0,20,76,96,0,0,5,53,58,0,0,25,129,154,0,74,74,228
09/09/2022,ADW,MD,AEA,EN,Towers with Radar,2,0,2,45,49,0,0,20,33,53,2,0,22,78,102,0,26,26,128
09/10/2022,ADW,MD,AEA,EN,Towers with Radar,0,0,14,38,52,0,1,4,29,34,0,1,18,67,86,0,54,54,140
09/11/2022,ADW,MD,AEA,EN,Towers with Radar,0,0,5,28,33,0,0,0,5,5,0,0,5,33,38,0,0,0,38
09/12/2022,ADW,MD,AEA,EN,Towers with Radar,0,0,0,48,48,0,0,2,27,29,0,0,2,75,77,0,0,0,77
09/13/2022,ADW,MD,AEA,EN,Towers with Radar,0,0,0,44,44,0,1,4,51,56,0,1,4,95,100,0,48,48,148
09/14/2022,ADW,MD,AEA,EN,Towers with Radar,0,0,6,60,66,0,0,12,30,42,0,0,18,90,108,0,12,12,120
09/15/2022,ADW,MD,AEA,EN,Towers with Radar,6,3,7,41,57,0,1,9,33,43,6,4,16,74,100,0,0,0,100
09/16/2022,ADW,MD,AEA,EN,Towers with Radar,0,0,0,14,14,0,1,5,8,14,0,1,5,22,28,0,0,0,28
09/17/2022,ADW,MD,AEA,EN,Towers with Radar,0,0,3,14,17,0,0,9,20,29,0,0,12,34,46,0,0,0,46
09/18/2022,ADW,MD,AEA,EN,Towers with Radar,0,0,1,10,11,0,0,11,3,14,0,0,12,13,25,0,0,0,25
09/19/2022,ADW,MD,AEA,EN,Towers with Radar,0,3,5,68,76,0,3,12,51,66,0,6,17,119,142,0,64,64,206
09/20/2022,ADW,MD,AEA,EN,Towers with Radar,0,0,4,58,62,0,0,8,50,58,0,0,12,108,120,0,106,106,226
09/21/2022,ADW,MD,AEA,EN,Towers with Radar,2,2,2,43,49,0,0,5,42,47,2,2,7,85,96,0,50,50,146
09/22/2022,ADW,MD,AEA,EN,Towers with Radar,0,4,4,75,83,0,0,10,33,43,0,4,14,108,126,0,40,40,166
09/23/2022,ADW,MD,AEA,EN,Towers with Radar,1,0,2,48,51,0,0,8,13,21,1,0,10,61,72,0,34,34,106
09/24/2022,ADW,MD,AEA,EN,Towers with Radar,5,0,0,12,17,0,0,5,31,36,5,0,5,43,53,0,34,34,87
09/25/2022,ADW,MD,AEA,EN,Towers with Radar,0,0,2,16,18,0,1,0,8,9,0,1,2,24,27,0,0,0,27
09/26/2022,ADW,MD,AEA,EN,Towers with Radar,0,3,19,35,57,0,4,2,44,50,0,7,21,79,107,0,76,76,183
09/27/2022,ADW,MD,AEA,EN,Towers with Radar,0,3,20,51,74,0,3,8,56,67,0,6,28,107,141,6,166,172,313
09/28/2022,ADW,MD,AEA,EN,Towers with Radar,0,0,2,46,48,0,1,5,44,50,0,1,7,90,98,0,112,112,210
09/29/2022,ADW,MD,AEA,EN,Towers with Radar,0,0,5,35,40,0,2,7,22,31,0,2,12,57,71,0,0,0,71
09/30/2022,ADW,MD,AEA,EN,Towers with Radar,3,0,3,52,58,0,0,3,9,12,3,0,6,61,70,0,12,12,82
10/01/2022,ADW,MD,AEA,EN,Towers with Radar,2,0,0,18,20,0,0,0,0,0,2,0,0,18,20,0,0,0,20
10/02/2022,ADW,MD,AEA,EN,Towers with Radar,2,0,0,13,15,0,0,0,0,0,2,0,0,13,15,0,0,0,15
10/03/2022,ADW,MD,AEA,EN,Towers with Radar,4,0,5,49,58,0,0,3,62,65,4,0,8,111,123,0,104,104,227
10/04/2022,ADW,MD,AEA,EN,Towers with Radar,2,1,5,59,67,0,0,0,40,40,2,1,5,99,107,0,142,142,249
10/05/2022,ADW,MD,AEA,EN,Towers with Radar,1,0,5,65,71,0,0,4,51,55,1,0,9,116,126,0,18,18,144
10/06/2022,ADW,MD,AEA,EN,Towers with Radar,2,0,12,74,88,0,0,7,45,52,2,0,19,119,140,0,54,54,194
10/07/2022,ADW,MD,AEA,EN,Towers with Radar,1,2,3,39,45,0,0,12,35,47,1,2,15,74,92,0,56,56,148
10/08/2022,ADW,MD,AEA,EN,Towers with Radar,5,1,0,13,19,0,0,2,20,22,5,1,2,33,41,0,60,60,101
10/09/2022,ADW,MD,AEA,EN,Towers with Radar,2,0,0,14,16,0,0,2,7,9,2,0,2,21,25,0,28,28,53
10/10/2022,ADW,MD,AEA,EN,Towers with Radar,1,0,6,28,35,0,2,17,22,41,1,2,23,50,76,0,0,0,76
10/11/2022,ADW,MD,AEA,EN,Towers with Radar,1,1,2,69,73,0,0,5,64,69,1,1,7,133,142,0,116,116,258
10/12/2022,ADW,MD,AEA,EN,Towers with Radar,1,1,3,59,64,0,1,5,40,46,1,2,8,99,110,0,54,54,164
10/13/2022,ADW,MD,AEA,EN,Towers with Radar,1,2,6,50,59,0,0,2,28,30,1,2,8,78,89,0,110,110,199
10/14/2022,ADW,MD,AEA,EN,Towers with Radar,2,0,0,63,65,0,2,2,42,46,2,2,2,105,111,0,126,126,237
10/15/2022,ADW,MD,AEA,EN,Towers with Radar,2,1,1,37,41,0,0,4,21,25,2,1,5,58,66,0,52,52,118
10/16/2022,ADW,MD,AEA,EN,Towers with Radar,1,0,0,26,27,0,0,3,23,26,1,0,3,49,53,0,82,82,135
10/17/2022,ADW,MD,AEA,EN,Towers with Radar,0,1,21,48,70,0,0,12,49,61,0,1,33,97,131,0,100,100,231
10/18/2022,ADW,MD,AEA,EN,Towers with Radar,1,0,3,60,64,0,0,4,44,48,1,0,7,104,112,0,136,136,248
10/19/2022,ADW,MD,AEA,EN,Towers with Radar,1,0,2,59,62,0,1,6,68,75,1,1,8,127,137,0,26,26,163
10/20/2022,ADW,MD,AEA,EN,Towers with Radar,0,0,10,48,58,0,5,9,76,90,0,5,19,124,148,0,88,88,236
10/21/2022,ADW,MD,AEA,EN,Towers with Radar,0,0,1,36,37,0,0,7,47,54,0,0,8,83,91,0,134,134,225
10/22/2022,ADW,MD,AEA,EN,Towers with Radar,2,0,2,27,31,0,1,2,16,19,2,1,4,43,50,0,46,46,96
10/23/2022,ADW,MD,AEA,EN,Towers with Radar,0,0,0,23,23,0,4,5,14,23,0,4,5,37,46,0,0,0,46
10/24/2022,ADW,MD,AEA,EN,Towers with Radar,2,2,8,43,55,0,0,1,56,57,2,2,9,99,112,0,64,64,176
10/25/2022,ADW,MD,AEA,EN,Towers with Radar,0,1,8,67,76,0,0,0,7,7,0,1,8,74,83,0,0,0,83
10/26/2022,ADW,MD,AEA,EN,Towers with Radar,0,2,7,67,76,0,0,4,42,46,0,2,11,109,122,0,66,66,188
10/27/2022,ADW,MD,AEA,EN,Towers with Radar,0,4,3,69,76,0,0,6,61,67,0,4,9,130,143,0,88,88,231
10/28/2022,ADW,MD,AEA,EN,Towers with Radar,0,0,6,47,53,0,0,3,37,40,0,0,9,84,93,0,0,0,93
10/29/2022,ADW,MD,AEA,EN,Towers with Radar,2,0,0,35,37,0,0,4,51,55,2,0,4,86,92,0,24,24,116
10/30/2022,ADW,MD,AEA,EN,Towers with Radar,1,1,0,17,19,0,0,0,14,14,1,1,0,31,33,0,14,14,47
10/31/2022,ADW,MD,AEA,EN,Towers with Radar,0,0,5,41,46,0,0,4,34,38,0,0,9,75,84,0,176,176,260
11/01/2022,ADW,MD,AEA,EN,Towers with Radar,0,0,6,75,81,0,0,2,59,61,0,0,8,134,142,0,136,136,278
11/02/2022,ADW,MD,AEA,EN,Towers with Radar,0,1,4,51,56,0,0,2,31,33,0,1,6,82,89,0,110,110,199
11/03/2022,ADW,MD,AEA,EN,Towers with Radar,2,0,2,90,94,0,0,5,58,63,2,0,7,148,157,0,20,20,177
11/04/2022,ADW,MD,AEA,EN,Towers with Radar,2,1,4,64,71,0,0,3,29,32,2,1,7,93,103,0,24,24,127
11/05/2022,ADW,MD,AEA,EN,Towers with Radar,2,0,0,61,63,0,1,4,19,24,2,1,4,80,87,0,54,54,141
11/06/2022,ADW,MD,AEA,EN,Towers with Radar,0,0,0,41,41,0,0,10,21,31,0,0,10,62,72,0,14,14,86
11/07/2022,ADW,MD,AEA,EN,Towers with Radar,0,0,5,43,48,0,0,3,50,53,0,0,8,93,101,0,66,66,167
11/08/2022,ADW,MD,AEA,EN,Towers with Radar,0,0,8,97,105,0,0,13,59,72,0,0,21,156,177,0,182,182,359
11/09/2022,ADW,MD,AEA,EN,Towers with Radar,0,0,0,54,54,0,0,2,42,44,0,0,2,96,98,0,90,90,188
11/10/2022,ADW,MD,AEA,EN,Towers with Radar,0,0,2,51,53,0,0,6,29,35,0,0,8,80,88,0,96,96,184
11/11/2022,ADW,MD,AEA,EN,Towers with Radar,0,0,2,8,10,0,0,0,3,3,0,0,2,11,13,0,0,0,13
11/12/2022,ADW,MD,AEA,EN,Towers with Radar,4,0,0,21,25,0,0,0,15,15,4,0,0,36,40,0,44,44,84
11/13/2022,ADW,MD,AEA,EN,Towers with Radar,0,1,0,23,24,0,3,2,15,20,0,4,2,38,44,0,38,38,82
11/14/2022,ADW,MD,AEA,EN,Towers with Radar,0,0,9,29,38,0,0,4,49,53,0,0,13,78,91,0,18,18,109
11/15/2022,ADW,MD,AEA,EN,Towers with Radar,0,0,6,46,52,0,0,2,45,47,0,0,8,91,99,0,148,148,247
11/16/2022,ADW,MD,AEA,EN,Towers with Radar,1,0,7,61,69,0,0,6,45,51,1,0,13,106,120,0,16,16,136
11/17/2022,ADW,MD,AEA,EN,Towers with Radar,0,0,0,72,72,0,0,9,55,64,0,0,9,127,136,0,28,28,164
11/18/2022,ADW,MD,AEA,EN,Towers with Radar,0,0,4,62,66,0,0,2,39,41,0,0,6,101,107,0,46,46,153
11/19/2022,ADW,MD,AEA,EN,Towers with Radar,2,0,4,22,28,0,0,5,13,18,2,0,9,35,46,0,32,32,78
11/20/2022,ADW,MD,AEA,EN,Towers with Radar,0,1,2,26,29,0,1,0,24,25,0,2,2,50,54,0,52,52,106
11/21/2022,ADW,MD,AEA,EN,Towers with Radar,0,0,6,42,48,0,0,7,70,77,0,0,13,112,125,0,150,150,275
11/22/2022,ADW,MD,AEA,EN,Towers with Radar,0,0,20,63,83,0,3,21,53,77,0,3,41,116,160,0,184,184,344
11/23/2022,ADW,MD,AEA,EN,Towers with Radar,0,0,5,49,54,0,0,3,26,29,0,0,8,75,83,0,70,70,153
11/24/2022,ADW,MD,AEA,EN,Towers with Radar,0,0,0,9,9,0,2,0,4,6,0,2,0,13,15,0,0,0,15
11/25/2022,ADW,MD,AEA,EN,Towers with Radar,0,1,1,4,6,0,0,1,23,24,0,1,2,27,30,0,54,54,84
11/26/2022,ADW,MD,AEA,EN,Towers with Radar,0,0,0,5,5,0,0,4,14,18,0,0,4,19,23,0,36,36,59
11/27/2022,ADW,MD,AEA,EN,Towers with Radar,0,0,0,20,20,0,0,1,6,7,0,0,1,26,27,0,0,0,27
11/28/2022,ADW,MD,AEA,EN,Towers with Radar,1,0,6,47,54,0,0,2,49,51,1,0,8,96,105,0,68,68,173
11/29/2022,ADW,MD,AEA,EN,Towers with Radar,3,2,8,89,102,0,3,27,54,84,3,5,35,143,186,0,258,258,444
11/30/2022,ADW,MD,AEA,EN,Towers with Radar,0,2,16,27,45,0,1,2,32,35,0,3,18,59,80,0,14,14,94
12/01/2022,ADW,MD,AEA,EN,Towers with Radar,2,0,14,46,62,0,0,1,44,45,2,0,15,90,107,0,40,40,147
12/02/2022,ADW,MD,AEA,EN,Towers with Radar,2,3,0,53,58,0,2,10,48,60,2,5,10,101,118,0,160,160,278
12/03/2022,ADW,MD,AEA,EN,Towers with Radar,2,2,0,30,34,0,0,1,15,16,2,2,1,45,50,0,4,4,54
12/04/2022,ADW,MD,AEA,EN,Towers with Radar,2,0,0,28,30,0,0,8,29,37,2,0,8,57,67,0,122,122,189
12/05/2022,ADW,MD,AEA,EN,Towers with Radar,1,0,6,58,65,0,0,7,50,57,1,0,13,108,122,0,160,160,282
12/06/2022,ADW,MD,AEA,EN,Towers with Radar,0,0,6,57,63,0,1,1,10,12,0,1,7,67,75,0,84,84,159
12/07/2022,ADW,MD,AEA,EN,Towers with Radar,3,0,6,46,55,0,0,0,4,4,3,0,6,50,59,0,0,0,59
12/08/2022,ADW,MD,AEA,EN,Towers with Radar,0,1,28,89,118,0,0,8,53,61,0,1,36,142,179,0,118,118,297
12/09/2022,ADW,MD,AEA,EN,Towers with Radar,0,1,0,57,58,0,0,6,35,41,0,1,6,92,99,0,70,70,169
12/10/2022,ADW,MD,AEA,EN,Towers with Radar,8,0,4,26,38,0,0,4,17,21,8,0,8,43,59,0,90,90,149
12/11/2022,ADW,MD,AEA,EN,Towers with Radar,8,1,8,18,35,0,0,4,9,13,8,1,12,27,48,0,72,72,120
12/12/2022,ADW,MD,AEA,EN,Towers with Radar,0,3,9,41,53,0,0,4,49,53,0,3,13,90,106,0,104,104,210
12/13/2022,ADW,MD,AEA,EN,Towers with Radar,5,0,7,48,60,0,2,1,14,17,5,2,8,62,77,0,0,0,77
12/14/2022,ADW,MD,AEA,EN,Towers with Radar,0,3,4,36,43,0,0,4,10,14,0,3,8,46,57,0,16,16,73
12/15/2022,ADW,MD,AEA,EN,Towers with Radar,1,2,7,28,38,0,0,0,0,0,1,2,7,28,38,0,0,0,38
12/16/2022,ADW,MD,AEA,EN,Towers with Radar,7,4,15,32,58,0,0,1,35,36,7,4,16,67,94,0,12,12,106
12/17/2022,ADW,MD,AEA,EN,Towers with Radar,3,1,1,13,18,0,1,7,23,31,3,2,8,36,49,0,78,78,127
12/18/2022,ADW,MD,AEA,EN,Towers with Radar,0,1,0,14,15,0,0,1,21,22,0,1,1,35,37,0,0,0,37
12/19/2022,ADW,MD,AEA,EN,Towers with Radar,0,1,12,38,51,0,0,4,52,56,0,1,16,90,107,0,130,130,237
12/20/2022,ADW,MD,AEA,EN,Towers with Radar,0,0,9,69,78,0,3,6,68,77,0,3,15,137,155,0,229,229,384
12/21/2022,ADW,MD,AEA,EN,Towers with Radar,0,2,6,62,70,0,0,4,47,51,0,2,10,109,121,0,84,84,205
12/22/2022,ADW,MD,AEA,EN,Towers with Radar,0,1,2,5,8,0,0,0,7,7,0,1,2,12,15,0,34,34,49
12/23/2022,ADW,MD,AEA,EN,Towers with Radar,0,1,0,4,5,0,0,0,2,2,0,1,0,6,7,0,14,14,21
12/24/2022,ADW,MD,AEA,EN,Towers with Radar,0,0,0,6,6,0,0,0,6,6,0,0,0,12,12,0,0,0,12
12/25/2022,ADW,MD,AEA,EN,Towers with Radar,0,0,0,0,0,0,0,3,12,15,0,0,3,12,15,0,18,18,33
12/26/2022,ADW,MD,AEA,EN,Towers with Radar,0,0,0,11,11,0,1,0,10,11,0,1,0,21,22,0,20,20,42
12/27/2022,ADW,MD,AEA,EN,Towers with Radar,0,0,10,20,30,0,0,8,33,41,0,0,18,53,71,0,56,56,127
12/28/2022,ADW,MD,AEA,EN,Towers with Radar,0,0,5,52,57,0,0,1,27,28,0,0,6,79,85,0,20,20,105
12/29/2022,ADW,MD,AEA,EN,Towers with Radar,0,0,8,56,64,0,0,10,26,36,0,0,18,82,100,0,82,82,182
12/30/2022,ADW,MD,AEA,EN,Towers with Radar,0,2,3,19,24,0,3,5,20,28,0,5,8,39,52,0,58,58,110
12/31/2022,ADW,MD,AEA,EN,Towers with Radar,0,2,0,2,4,0,0,0,0,0,0,2,0,2,4,0,0,0,4
01/01/2023,ADW,MD,AEA,EN,Towers with Radar,0,0,0,10,10,0,0,1,21,22,0,0,1,31,32,0,40,40,72
01/02/2023,ADW,MD,AEA,EN,Towers with Radar,0,1,0,19,20,0,0,0,15,15,0,1,0,34,35,0,55,55,90
01/03/2023,ADW,MD,AEA,EN,Towers with Radar,0,0,14,45,59,0,0,2,41,43,0,0,16,86,102,0,61,61,163
01/04/2023,ADW,MD,AEA,EN,Towers with Radar,0,0,7,62,69,0,1,0,49,50,0,1,7,111,119,0,66,66,185
01/05/2023,ADW,MD,AEA,EN,Towers with Radar,0,0,20,82,102,0,0,3,55,58,0,0,23,137,160,0,108,108,268
01/06/2023,ADW,MD,AEA,EN,Towers with Radar,0,0,2,40,42,0,0,1,45,46,0,0,3,85,88,0,98,98,186
01/07/2023,ADW,MD,AEA,EN,Towers with Radar,0,0,2,21,23,0,0,0,32,32,0,0,2,53,55,0,96,96,151
01/08/2023,ADW,MD,AEA,EN,Towers with Radar,0,0,0,31,31,0,0,1,22,23,0,0,1,53,54,0,60,60,114
01/09/2023,ADW,MD,AEA,EN,Towers with Radar,0,0,2,42,44,0,1,2,57,60,0,1,4,99,104,0,64,64,168
01/10/2023,ADW,MD,AEA,EN,Towers with Radar,0,0,2,91,93,0,0,13,72,85,0,0,15,163,178,0,138,138,316
01/11/2023,ADW,MD,AEA,EN,Towers with Radar,0,1,4,78,83,0,0,7,29,36,0,1,11,107,119,0,62,62,181
01/12/2023,ADW,MD,AEA,EN,Towers with Radar,0,1,14,68,83,0,0,1,38,39,0,1,15,106,122,0,72,72,194
01/13/2023,ADW,MD,AEA,EN,Towers with Radar,0,0,2,48,50,0,0,7,45,52,0,0,9,93,102,0,80,80,182
01/14/2023,ADW,MD,AEA,EN,Towers with Radar,2,0,10,11,23,0,1,1,17,19,2,1,11,28,42,0,14,14,56
01/15/2023,ADW,MD,AEA,EN,Towers with Radar,0,0,0,12,12,0,0,4,12,16,0,0,4,24,28,0,6,6,34
01/16/2023,ADW,MD,AEA,EN,Towers with Radar,0,0,4,5,9,0,0,0,15,15,0,0,4,20,24,0,30,30,54
01/17/2023,ADW,MD,AEA,EN,Towers with Radar,0,0,17,41,58,0,1,2,44,47,0,1,19,85,105,0,148,148,253
01/18/2023,ADW,MD,AEA,EN,Towers with Radar,0,0,20,85,105,0,0,9,63,72,0,0,29,148,177,0,172,172,349
01/19/2023,ADW,MD,AEA,EN,Towers with Radar,0,0,2,52,54,0,0,3,27,30,0,0,5,79,84,0,68,68,152
01/20/2023,ADW,MD,AEA,EN,Towers with Radar,0,0,1,51,52,0,0,3,26,29,0,0,4,77,81,0,58,58,139
01/21/2023,ADW,MD,AEA,EN,Towers with Radar,4,0,2,30,36,0,0,1,24,25,4,0,3,54,61,0,59,59,120
01/22/2023,ADW,MD,AEA,EN,Towers with Radar,0,0,0,31,31,0,0,0,13,13,0,0,0,44,44,0,24,24,68
01/23/2023,ADW,MD,AEA,EN,Towers with Radar,0,0,22,29,51,0,0,6,54,60,0,0,28,83,111,0,194,194,305
01/24/2023,ADW,MD,AEA,EN,Towers with Radar,0,0,6,75,81,0,0,4,93,97,0,0,10,168,178,0,202,202,380
01/25/2023,ADW,MD,AEA,EN,Towers with Radar,0,0,0,38,38,0,0,0,23,23,0,0,0,61,61,0,78,78,139
01/26/2023,ADW,MD,AEA,EN,Towers with Radar,0,0,0,62,62,0,0,6,49,55,0,0,6,111,117,0,85,85,202
01/27/2023,ADW,MD,AEA,EN,Towers with Radar,0,0,16,32,48,0,0,3,43,46,0,0,19,75,94,0,54,54,148
01/28/2023,ADW,MD,AEA,EN,Towers with Radar,4,0,0,18,22,0,0,5,19,24,4,0,5,37,46,0,46,46,92
01/29/2023,ADW,MD,AEA,EN,Towers with Radar,0,1,4,17,22,0,0,1,8,9,0,1,5,25,31,0,22,22,53
01/30/2023,ADW,MD,AEA,EN,Towers with Radar,0,0,4,51,55,0,0,6,72,78,0,0,10,123,133,0,60,60,193
01/31/2023,ADW,MD,AEA,EN,Towers with Radar,0,0,2,40,42,0,0,2,38,40,0,0,4,78,82,0,38,38,120
02/01/2023,ADW,MD,AEA,EN,Towers with Radar,2,0,21,73,96,0,0,9,54,63,2,0,30,127,159,0,86,86,245
02/02/2023,ADW,MD,AEA,EN,Towers with Radar,1,1,11,67,80,0,0,2,90,92,1,1,13,157,172,0,122,122,294
02/03/2023,ADW,MD,AEA,EN,Towers with Radar,1,0,2,45,48,0,0,0,25,25,1,0,2,70,73,0,50,50,123
02/04/2023,ADW,MD,AEA,EN,Towers with Radar,2,0,2,27,31,0,1,0,21,22,2,1,2,48,53,0,104,104,157
02/05/2023,ADW,MD,AEA,EN,Towers with Radar,0,0,0,12,12,0,0,0,12,12,0,0,0,24,24,0,144,144,168
02/06/2023,ADW,MD,AEA,EN,Towers with Radar,1,0,6,43,50,0,0,7,64,71,1,0,13,107,121,0,142,142,263
02/07/2023,ADW,MD,AEA,EN,Towers with Radar,1,0,2,61,64,0,0,0,50,50,1,0,2,111,114,0,110,110,224
02/08/2023,ADW,MD,AEA,EN,Towers with Radar,0,0,5,48,53,0,1,15,54,70,0,1,20,102,123,0,62,62,185
02/09/2023,ADW,MD,AEA,EN,Towers with Radar,1,3,5,106,115,0,3,6,66,75,1,6,11,172,190,0,158,158,348
02/10/2023,ADW,MD,AEA,EN,Towers with Radar,2,0,5,50,57,0,1,3,45,49,2,1,8,95,106,0,78,78,184
02/11/2023,ADW,MD,AEA,EN,Towers with Radar,5,0,2,14,21,0,0,4,11,15,5,0,6,25,36,0,52,52,88
02/12/2023,ADW,MD,AEA,EN,Towers with Radar,3,0,0,6,9,0,0,0,1,1,3,0,0,7,10,0,0,0,10
02/13/2023,ADW,MD,AEA,EN,Towers with Radar,3,2,2,46,53,0,2,5,55,62,3,4,7,101,115,0,74,74,189
02/14/2023,ADW,MD,AEA,EN,Towers with Radar,0,1,10,67,78,0,1,6,78,85,0,2,16,145,163,0,180,180,343
02/15/2023,ADW,MD,AEA,EN,Towers with Radar,0,1,6,54,61,0,1,10,38,49,0,2,16,92,110,0,24,24,134
02/16/2023,ADW,MD,AEA,EN,Towers with Radar,0,0,5,51,56,0,0,2,46,48,0,0,7,97,104,0,46,46,150
02/17/2023,ADW,MD,AEA,EN,Towers with Radar,0,0,2,20,22,0,0,0,12,12,0,0,2,32,34,0,6,6,40
02/18/2023,ADW,MD,AEA,EN,Towers with Radar,4,0,2,37,43,0,0,6,52,58,4,0,8,89,101,0,66,66,167
02/19/2023,ADW,MD,AEA,EN,Towers with Radar,0,2,1,17,20,0,0,1,12,13,0,2,2,29,33,0,0,0,33
02/20/2023,ADW,MD,AEA,EN,Towers with Radar,0,0,0,23,23,0,3,0,21,24,0,3,0,44,47,0,6,6,53
02/21/2023,ADW,MD,AEA,EN,Towers with Radar,0,0,2,39,41,0,2,0,66,68,0,2,2,105,109,0,74,74,183
02/22/2023,ADW,MD,AEA,EN,Towers with Radar,0,0,6,44,50,0,1,6,54,61,0,1,12,98,111,0,105,105,216
02/23/2023,ADW,MD,AEA,EN,Towers with Radar,0,0,11,57,68,0,0,16,95,111,0,0,27,152,179,0,79,79,258
02/24/2023,ADW,MD,AEA,EN,Towers with Radar,1,0,2,54,57,0,0,2,37,39,1,0,4,91,96,0,0,0,96
02/25/2023,ADW,MD,AEA,EN,Towers with Radar,5,0,0,26,31,0,0,0,9,9,5,0,0,35,40,0,70,70,110
02/26/2023,ADW,MD,AEA,EN,Towers with Radar,2,0,0,23,25,0,0,2,17,19,2,0,2,40,44,0,4,4,48
02/27/2023,ADW,MD,AEA,EN,Towers with Radar,0,0,11,57,68,0,0,3,105,108,0,0,14,162,176,0,130,130,306
02/28/2023,ADW,MD,AEA,EN,Towers with Radar,0,0,4,60,64,0,0,6,68,74,0,0,10,128,138,0,60,60,198
03/01/2023,ADW,MD,AEA,EN,Towers with Radar,1,9,18,71,99,0,0,3,40,43,1,9,21,111,142,0,70,70,212
03/02/2023,ADW,MD,AEA,EN,Towers with Radar,0,0,17,53,70,0,1,9,60,70,0,1,26,113,140,0,0,0,140
03/03/2023,ADW,MD,AEA,EN,Towers with Radar,1,1,9,73,84,0,0,3,42,45,1,1,12,115,129,0,14,14,143
03/04/2023,ADW,MD,AEA,EN,Towers with Radar,1,0,2,21,24,0,1,2,14,17,1,1,4,35,41,0,6,6,47
03/05/2023,ADW,MD,AEA,EN,Towers with Radar,2,0,0,38,40,0,0,7,26,33,2,0,7,64,73,0,28,28,101
03/06/2023,ADW,MD,AEA,EN,Towers with Radar,0,0,8,58,66,0,2,8,122,132,0,2,16,180,198,0,202,202,400
03/07/2023,ADW,MD,AEA,EN,Towers with Radar,1,2,7,70,80,0,0,6,71,77,1,2,13,141,157,0,109,109,266
03/08/2023,ADW,MD,AEA,EN,Towers with Radar,1,0,2,66,69,0,1,3,65,69,1,1,5,131,138,0,60,60,198
03/09/2023,ADW,MD,AEA,EN,Towers with Radar,2,0,1,73,76,0,0,8,100,108,2,0,9,173,184,0,85,85,269
03/10/2023,ADW,MD,AEA,EN,Towers with Radar,0,0,6,62,68,0,0,1,34,35,0,0,7,96,103,0,0,0,103
03/11/2023,ADW,MD,AEA,EN,Towers with Radar,1,0,0,10,11,0,0,1,12,13,1,0,1,22,24,0,8,8,32
03/12/2023,ADW,MD,AEA,EN,Towers with Radar,1,0,0,33,34,0,0,4,21,25,1,0,4,54,59,0,40,40,99
03/13/2023,ADW,MD,AEA,EN,Towers with Radar,2,0,3,35,40,0,0,3,71,74,2,0,6,106,114,0,70,70,184
03/14/2023,ADW,MD,AEA,EN,Towers with Radar,2,0,3,17,22,0,0,3,47,50,2,0,6,64,72,0,58,58,130
03/15/2023,ADW,MD,AEA,EN,Towers with Radar,0,2,12,55,69,0,0,5,66,71,0,2,17,121,140,0,43,43,183
03/16/2023,ADW,MD,AEA,EN,Towers with Radar,0,3,0,57,60,0,2,5,75,82,0,5,5,132,142,0,84,84,226
03/17/2023,ADW,MD,AEA,EN,Towers with Radar,1,0,7,36,44,0,0,3,42,45,1,0,10,78,89,0,154,154,243
03/18/2023,ADW,MD,AEA,EN,Towers with Radar,4,0,0,17,21,0,0,1,17,18,4,0,1,34,39,0,54,54,93
03/19/2023,ADW,MD,AEA,EN,Towers with Radar,2,0,0,10,12,0,0,8,20,28,2,0,8,30,40,0,30,30,70
03/20/2023,ADW,MD,AEA,EN,Towers with Radar,1,0,24,46,71,0,2,5,51,58,1,2,29,97,129,0,82,82,211
03/21/2023,ADW,MD,AEA,EN,Towers with Radar,0,0,10,62,72,0,0,3,59,62,0,0,13,121,134,0,94,94,228
03/22/2023,ADW,MD,AEA,EN,Towers with Radar,1,2,21,51,75,0,1,1,65,67,1,3,22,116,142,0,174,174,316
03/23/2023,ADW,MD,AEA,EN,Towers with Radar,2,0,14,54,70,0,0,3,43,46,2,0,17,97,116,0,0,0,116
03/24/2023,ADW,MD,AEA,EN,Towers with Radar,0,0,2,43,45,0,0,3,17,20,0,0,5,60,65,0,0,0,65
03/25/2023,ADW,MD,AEA,EN,Towers with Radar,0,0,0,41,41,0,0,0,3,3,0,0,0,44,44,0,0,0,44
03/26/2023,ADW,MD,AEA,EN,Towers with Radar,0,0,0,20,20,0,0,5,14,19,0,0,5,34,39,0,58,58,97
03/27/2023,ADW,MD,AEA,EN,Towers with Radar,0,0,7,41,48,0,0,2,70,72,0,0,9,111,120,0,124,124,244
03/28/2023,ADW,MD,AEA,EN,Towers with Radar,0,0,9,61,70,0,0,9,100,109,0,0,18,161,179,0,96,96,275
03/29/2023,ADW,MD,AEA,EN,Towers with Radar,0,0,8,38,46,0,1,8,68,77,0,1,16,106,123,0,68,68,191
03/30/2023,ADW,MD,AEA,EN,Towers with Radar,0,0,6,76,82,0,0,6,72,78,0,0,12,148,160,0,126,126,286
03/31/2023,ADW,MD,AEA,EN,Towers with Radar,0,1,1,51,53,0,0,4,34,38,0,1,5,85,91,0,58,58,149
04/01/2023,ADW,MD,AEA,EN,Towers with Radar,0,0,2,21,23,0,0,4,12,16,0,0,6,33,39,0,26,26,65
04/02/2023,ADW,MD,AEA,EN,Towers with Radar,0,2,0,24,26,0,0,2,16,18,0,2,2,40,44,0,2,2,46
04/03/2023,ADW,MD,AEA,EN,Towers with Radar,0,1,2,44,47,0,0,6,104,110,0,1,8,148,157,0,192,192,349
04/04/2023,ADW,MD,AEA,EN,Towers with Radar,0,3,11,71,85,0,0,9,67,76,0,3,20,138,161,0,202,202,363
04/05/2023,ADW,MD,AEA,EN,Towers with Radar,1,1,10,67,79,0,0,4,74,78,1,1,14,141,157,0,100,100,257
04/06/2023,ADW,MD,AEA,EN,Towers with Radar,1,2,1,73,77,0,2,7,48,57,1,4,8,121,134,0,72,72,206
04/07/2023,ADW,MD,AEA,EN,Towers with Radar,0,0,4,38,42,0,0,0,28,28,0,0,4,66,70,0,62,62,132
04/08/2023,ADW,MD,AEA,EN,Towers with Radar,2,0,10,17,29,0,0,6,15,21,2,0,16,32,50,0,84,84,134
04/09/2023,ADW,MD,AEA,EN,Towers with Radar,0,0,0,24,24,0,0,8,12,20,0,0,8,36,44,0,0,0,44
04/10/2023,ADW,MD,AEA,EN,Towers with Radar,0,1,2,37,40,0,0,10,56,66,0,1,12,93,106,0,128,128,234
04/11/2023,ADW,MD,AEA,EN,Towers with Radar,1,1,2,88,92,0,1,4,86,91,1,2,6,174,183,0,152,152,335
04/12/2023,ADW,MD,AEA,EN,Towers with Radar,1,2,2,95,100,0,0,7,36,43,1,2,9,131,143,0,23,23,166
04/13/2023,ADW,MD,AEA,EN,Towers with Radar,0,0,2,32,34,0,0,5,34,39,0,0,7,66,73,0,64,64,137
04/14/2023,ADW,MD,AEA,EN,Towers with Radar,4,2,6,19,31,0,0,5,21,26,4,2,11,40,57,0,14,14,71
04/15/2023,ADW,MD,AEA,EN,Towers with Radar,4,0,6,30,40,0,0,2,17,19,4,0,8,47,59,0,0,0,59
04/16/2023,ADW,MD,AEA,EN,Towers with Radar,0,0,4,42,46,0,0,4,35,39,0,0,8,77,85,0,38,38,123
04/17/2023,ADW,MD,AEA,EN,Towers with Radar,0,1,8,37,46,0,0,1,51,52,0,1,9,88,98,0,98,98,196
04/18/2023,ADW,MD,AEA,EN,Towers with Radar,4,2,14,46,66,0,0,1,62,63,4,2,15,108,129,0,132,132,261
04/19/2023,ADW,MD,AEA,EN,Towers with Radar,0,0,6,51,57,0,0,0,54,54,0,0,6,105,111,0,138,138,249
04/20/2023,ADW,MD,AEA,EN,Towers with Radar,1,2,5,71,79,0,2,6,48,56,1,4,11,119,135,0,82,82,217
04/21/2023,ADW,MD,AEA,EN,Towers with Radar,3,2,6,46,57,0,2,5,47,54,3,4,11,93,111,0,14,14,125
04/22/2023,ADW,MD,AEA,EN,Towers with Radar,7,1,8,14,30,0,0,4,17,21,7,1,12,31,51,0,12,12,63
04/23/2023,ADW,MD,AEA,EN,Towers with Radar,0,2,2,19,23,0,0,5,20,25,0,2,7,39,48,0,28,28,76
04/24/2023,ADW,MD,AEA,EN,Towers with Radar,1,1,7,36,45,0,0,5,66,71,1,1,12,102,116,0,130,130,246
04/25/2023,ADW,MD,AEA,EN,Towers with Radar,0,0,5,66,71,0,0,3,68,71,0,0,8,134,142,0,136,136,278
04/26/2023,ADW,MD,AEA,EN,Towers with Radar,0,0,6,51,57,0,2,11,51,64,0,2,17,102,121,0,158,158,279
04/27/2023,ADW,MD,AEA,EN,Towers with Radar,1,0,14,74,89,2,0,7,37,46,3,0,21,111,135,0,83,83,218
04/28/2023,ADW,MD,AEA,EN,Towers with Radar,2,0,2,27,31,0,0,0,3,3,2,0,2,30,34,0,0,0,34
04/29/2023,ADW,MD,AEA,EN,Towers with Radar,6,0,2,22,30,0,0,3,13,16,6,0,5,35,46,0,0,0,46
04/30/2023,ADW,MD,AEA,EN,Towers with Radar,1,0,0,7,8,0,0,0,0,0,1,0,0,7,8,0,0,0,8
05/01/2023,ADW,MD,AEA,EN,Towers with Radar,5,1,3,32,41,0,0,6,69,75,5,1,9,101,116,0,129,129,245
05/02/2023,ADW,MD,AEA,EN,Towers with Radar,1,0,10,55,66,0,0,3,74,77,1,0,13,129,143,0,188,188,331
05/03/2023,ADW,MD,AEA,EN,Towers with Radar,2,3,0,41,46,0,0,3,51,54,2,3,3,92,100,0,32,32,132
05/04/2023,ADW,MD,AEA,EN,Towers with Radar,1,2,6,63,72,0,1,9,37,47,1,3,15,100,119,0,42,42,161
05/05/2023,ADW,MD,AEA,EN,Towers with Radar,0,1,4,77,82,0,0,6,56,62,0,1,10,133,144,0,34,34,178
05/06/2023,ADW,MD,AEA,EN,Towers with Radar,3,1,0,17,21,0,1,9,22,32,3,2,9,39,53,0,16,16,69
05/07/2023,ADW,MD,AEA,EN,Towers with Radar,3,0,0,15,18,0,0,4,12,16,3,0,4,27,34,0,0,0,34
05/08/2023,ADW,MD,AEA,EN,Towers with Radar,3,0,15,53,71,0,0,9,64,73,3,0,24,117,144,0,106,106,250
05/09/2023,ADW,MD,AEA,EN,Towers with Radar,0,0,12,93,105,0,0,11,92,103,0,0,23,185,208,0,112,112,320
05/10/2023,ADW,MD,AEA,EN,Towers with Radar,0,0,5,50,55,0,1,7,66,74,0,1,12,116,129,4,64,68,197
05/11/2023,ADW,MD,AEA,EN,Towers with Radar,3,1,5,64,73,0,0,5,57,62,3,1,10,121,135,0,26,26,161
05/12/2023,ADW,MD,AEA,EN,Towers with Radar,6,1,9,41,57,0,0,3,66,69,6,1,12,107,126,0,50,50,176
05/13/2023,ADW,MD,AEA,EN,Towers with Radar,7,1,0,22,30,0,0,5,17,22,7,1,5,39,52,0,36,36,88
05/14/2023,ADW,MD,AEA,EN,Towers with Radar,1,2,0,12,15,0,0,0,17,17,1,2,0,29,32,0,58,58,90
05/15/2023,ADW,MD,AEA,EN,Towers with Radar,2,1,2,46,51,0,1,15,80,96,2,2,17,126,147,0,200,200,347
05/16/2023,ADW,MD,AEA,EN,Towers with Radar,0,4,3,41,48,0,0,8,56,64,0,4,11,97,112,0,78,78,190
05/17/2023,ADW,MD,AEA,EN,Towers with Radar,0,1,2,65,68,0,0,8,65,73,0,1,10,130,141,0,82,82,223
05/18/2023,ADW,MD,AEA,EN,Towers with Radar,0,0,5,78,83,0,0,7,49,56,0,0,12,127,139,0,12,12,151
05/19/2023,ADW,MD,AEA,EN,Towers with Radar,0,0,3,40,43,0,0,5,50,55,0,0,8,90,98,0,150,150,248
05/20/2023,ADW,MD,AEA,EN,Towers with Radar,0,0,0,22,22,0,0,5,17,22,0,0,5,39,44,0,50,50,94
05/21/2023,ADW,MD,AEA,EN,Towers with Radar,1,0,0,44,45,0,1,8,11,20,1,1,8,55,65,0,10,10,75
05/22/2023,ADW,MD,AEA,EN,Towers with Radar,0,1,1,54,56,0,1,11,59,71,0,2,12,113,127,0,132,132,259
05/23/2023,ADW,MD,AEA,EN,Towers with Radar,3,1,6,54,64,0,0,11,81,92,3,1,17,135,156,0,138,138,294
05/24/2023,ADW,MD,AEA,EN,Towers with Radar,2,0,10,44,56,0,1,6,51,58,2,1,16,95,114,0,78,78,192
05/25/2023,ADW,MD,AEA,EN,Towers with Radar,2,0,11,71,84,0,0,16,41,57,2,0,27,112,141,0,48,48,189
05/26/2023,ADW,MD,AEA,EN,Towers with Radar,0,0,2,27,29,0,1,4,16,21,0,1,6,43,50,0,24,24,74
05/27/2023,ADW,MD,AEA,EN,Towers with Radar,2,0,0,11,13,0,0,5,21,26,2,0,5,32,39,0,44,44,83
05/28/2023,ADW,MD,AEA,EN,Towers with Radar,0,0,0,23,23,0,1,5,17,23,0,1,5,40,46,0,54,54,100
05/29/2023,ADW,MD,AEA,EN,Towers with Radar,0,0,0,24,24,0,0,4,10,14,0,0,4,34,38,0,0,0,38
05/30/2023,ADW,MD,AEA,EN,Towers with Radar,0,0,0,64,64,0,3,0,76,79,0,3,0,140,143,0,107,107,250
05/31/2023,ADW,MD,AEA,EN,Towers with Radar,0,0,17,53,70,0,0,2,66,68,0,0,19,119,138,0,80,80,218
06/01/2023,ADW,MD,AEA,EN,Towers with Radar,0,0,2,63,65,0,0,2,56,58,0,0,4,119,123,0,0,0,123
06/02/2023,ADW,MD,AEA,EN,Towers with Radar,0,0,7,42,49,0,0,12,37,49,0,0,19,79,98,0,0,0,98
06/03/2023,ADW,MD,AEA,EN,Towers with Radar,2,0,0,8,10,0,0,5,15,20,2,0,5,23,30,0,16,16,46
06/04/2023,ADW,MD,AEA,EN,Towers with Radar,0,0,0,15,15,0,0,5,11,16,0,0,5,26,31,0,0,0,31
06/05/2023,ADW,MD,AEA,EN,Towers with Radar,0,0,3,64,67,0,0,4,57,61,0,0,7,121,128,0,0,0,128
06/06/2023,ADW,MD,AEA,EN,Towers with Radar,1,0,9,60,70,0,0,4,45,49,1,0,13,105,119,0,6,6,125
06/07/2023,ADW,MD,AEA,EN,Towers with Radar,0,0,8,46,54,0,0,0,47,47,0,0,8,93,101,0,72,72,173
06/08/2023,ADW,MD,AEA,EN,Towers with Radar,2,0,14,57,73,0,0,3,18,21,2,0,17,75,94,0,0,0,94
06/09/2023,ADW,MD,AEA,EN,Towers with Radar,0,0,6,62,68,0,0,5,55,60,0,0,11,117,128,0,58,58,186
06/10/2023,ADW,MD,AEA,EN,Towers with Radar,4,0,1,21,26,0,0,8,20,28,4,0,9,41,54,0,44,44,98
06/11/2023,ADW,MD,AEA,EN,Towers with Radar,1,0,0,32,33,0,2,12,20,34,1,2,12,52,67,0,42,42,109
06/12/2023,ADW,MD,AEA,EN,Towers with Radar,1,0,7,37,45,0,0,1,49,50,1,0,8,86,95,0,46,46,141
06/13/2023,ADW,MD,AEA,EN,Towers with Radar,0,1,13,69,83,0,0,10,40,50,0,1,23,109,133,0,41,41,174
06/14/2023,ADW,MD,AEA,EN,Towers with Radar,1,1,12,55,69,0,0,6,60,66,1,1,18,115,135,0,96,96,231
06/15/2023,ADW,MD,AEA,EN,Towers with Radar,1,0,2,96,99,0,0,7,45,52,1,0,9,141,151,0,44,44,195
06/16/2023,ADW,MD,AEA,EN,Towers with Radar,0,1,4,49,54,0,0,9,19,28,0,1,13,68,82,0,0,0,82
06/17/2023,ADW,MD,AEA,EN,Towers with Radar,4,0,0,24,28,0,0,5,20,25,4,0,5,44,53,0,10,10,63
06/18/2023,ADW,MD,AEA,EN,Towers with Radar,0,1,0,17,18,0,2,5,11,18,0,3,5,28,36,0,0,0,36
06/19/2023,ADW,MD,AEA,EN,Towers with Radar,0,0,0,12,12,0,0,9,6,15,0,0,9,18,27,0,0,0,27
06/20/2023,ADW,MD,AEA,EN,Towers with Radar,0,0,2,49,51,0,0,0,58,58,0,0,2,107,109,0,112,112,221
06/21/2023,ADW,MD,AEA,EN,Towers with Radar,0,0,2,33,35,0,1,0,26,27,0,1,2,59,62,0,42,42,104
06/22/2023,ADW,MD,AEA,EN,Towers with Radar,0,1,0,48,49,0,0,0,2,2,0,1,0,50,51,0,0,0,51
06/23/2023,ADW,MD,AEA,EN,Towers with Radar,2,1,7,30,40,0,0,0,12,12,2,1,7,42,52,0,0,0,52
06/24/2023,ADW,MD,AEA,EN,Towers with Radar,4,1,0,16,21,0,0,4,17,21,4,1,4,33,42,0,0,0,42
06/25/2023,ADW,MD,AEA,EN,Towers with Radar,2,1,5,17,25,0,0,3,10,13,2,1,8,27,38,0,0,0,38
06/26/2023,ADW,MD,AEA,EN,Towers with Radar,0,0,27,25,52,0,0,4,28,32,0,0,31,53,84,0,0,0,84
06/27/2023,ADW,MD,AEA,EN,Towers with Radar,0,1,2,55,58,0,0,6,41,47,0,1,8,96,105,0,32,32,137
06/28/2023,ADW,MD,AEA,EN,Towers with Radar,0,1,5,82,88,0,0,11,55,66,0,1,16,137,154,0,32,32,186
06/29/2023,ADW,MD,AEA,EN,Towers with Radar,1,1,16,43,61,0,0,11,29,40,1,1,27,72,101,0,16,16,117
06/30/2023,ADW,MD,AEA,EN,Towers with Radar,0,0,9,39,48,0,0,11,19,30,0,0,20,58,78,0,48,48,126
07/01/2023,ADW,MD,AEA,EN,Towers with Radar,6,0,2,12,20,0,0,0,6,6,6,0,2,18,26,0,0,0,26
07/02/2023,ADW,MD,AEA,EN,Towers with Radar,0,0,0,10,10,0,0,0,15,15,0,0,0,25,25,0,0,0,25
07/03/2023,ADW,MD,AEA,EN,Towers with Radar,0,0,0,13,13,0,0,10,44,54,0,0,10,57,67,0,114,114,181
07/04/2023,ADW,MD,AEA,EN,Towers with Radar,0,0,1,6,7,0,2,3,6,11,0,2,4,12,18,0,0,0,18
07/05/2023,ADW,MD,AEA,EN,Towers with Radar,0,0,2,42,44,0,0,6,54,60,0,0,8,96,104,0,124,124,228
07/06/2023,ADW,MD,AEA,EN,Towers with Radar,0,0,3,82,85,0,2,7,70,79,0,2,10,152,164,0,114,114,278
07/07/2023,ADW,MD,AEA,EN,Towers with Radar,0,0,16,70,86,0,0,4,35,39,0,0,20,105,125,0,58,58,183
07/08/2023,ADW,MD,AEA,EN,Towers with Radar,4,2,0,16,22,0,1,3,9,13,4,3,3,25,35,0,2,2,37
07/09/2023,ADW,MD,AEA,EN,Towers with Radar,0,0,2,24,26,0,0,0,3,3,0,0,2,27,29,0,0,0,29
07/10/2023,ADW,MD,AEA,EN,Towers with Radar,0,0,9,36,45,0,1,10,63,74,0,1,19,99,119,0,158,158,277
07/11/2023,ADW,MD,AEA,EN,Towers with Radar,0,0,3,60,63,0,0,2,38,40,0,0,5,98,103,0,58,58,161
07/12/2023,ADW,MD,AEA,EN,Towers with Radar,1,0,1,33,35,0,2,5,31,38,1,2,6,64,73,0,60,60,133
07/13/2023,ADW,MD,AEA,EN,Towers with Radar,0,0,3,42,45,0,0,1,40,41,0,0,4,82,86,0,52,52,138
07/14/2023,ADW,MD,AEA,EN,Towers with Radar,1,2,4,66,73,0,1,4,33,38,1,3,8,99,111,0,134,134,245
07/15/2023,ADW,MD,AEA,EN,Towers with Radar,3,0,0,16,19,0,0,0,6,6,3,0,0,22,25,0,0,0,25
07/16/2023,ADW,MD,AEA,EN,Towers with Radar,0,0,0,24,24,0,0,1,10,11,0,0,1,34,35,0,0,0,35
07/17/2023,ADW,MD,AEA,EN,Towers with Radar,0,0,9,37,46,0,2,4,53,59,0,2,13,90,105,0,70,70,175
07/18/2023,ADW,MD,AEA,EN,Towers with Radar,0,0,8,77,85,0,3,2,65,70,0,3,10,142,155,0,68,68,223
07/19/2023,ADW,MD,AEA,EN,Towers with Radar,0,0,9,52,61,0,1,1,61,63,0,1,10,113,124,0,46,46,170
07/20/2023,ADW,MD,AEA,EN,Towers with Radar,0,0,10,95,105,0,0,11,41,52,0,0,21,136,157,0,10,10,167
07/21/2023,ADW,MD,AEA,EN,Towers with Radar,2,0,2,37,41,0,0,6,22,28,2,0,8,59,69,0,0,0,69
07/22/2023,ADW,MD,AEA,EN,Towers with Radar,2,2,4,16,24,0,0,5,18,23,2,2,9,34,47,0,12,12,59
07/23/2023,ADW,MD,AEA,EN,Towers with Radar,0,0,0,25,25,0,0,5,23,28,0,0,5,48,53,0,6,6,59
07/24/2023,ADW,MD,AEA,EN,Towers with Radar,5,0,13,45,63,0,0,2,42,44,5,0,15,87,107,0,10,10,117
07/25/2023,ADW,MD,AEA,EN,Towers with Radar,1,1,2,40,44,0,0,7,36,43,1,1,9,76,87,0,0,0,87
07/26/2023,ADW,MD,AEA,EN,Towers with Radar,1,1,5,62,69,0,0,2,49,51,1,1,7,111,120,0,0,0,120
07/27/2023,ADW,MD,AEA,EN,Towers with Radar,0,0,0,39,39,0,0,8,43,51,0,0,8,82,90,0,21,21,111
07/28/2023,ADW,MD,AEA,EN,Towers with Radar,0,0,6,45,51,0,0,7,16,23,0,0,13,61,74,0,0,0,74
07/29/2023,ADW,MD,AEA,EN,Towers with Radar,3,0,0,23,26,0,0,6,31,37,3,0,6,54,63,0,82,82,145
07/30/2023,ADW,MD,AEA,EN,Towers with Radar,0,0,0,10,10,0,0,4,13,17,0,0,4,23,27,0,24,24,51
07/31/2023,ADW,MD,AEA,EN,Towers with Radar,0,0,4,34,38,0,0,1,28,29,0,0,5,62,67,0,66,66,133
08/01/2023,ADW,MD,AEA,EN,Towers with Radar,1,0,14,71,86,0,0,11,45,56,1,0,25,116,142,0,117,117,259
08/02/2023,ADW,MD,AEA,EN,Towers with Radar,0,0,4,35,39,0,0,0,34,34,0,0,4,69,73,0,72,72,145
08/03/2023,ADW,MD,AEA,EN,Towers with Radar,1,0,4,46,51,0,0,5,25,30,1,0,9,71,81,0,18,18,99
08/04/2023,ADW,MD,AEA,EN,Towers with Radar,2,0,10,40,52,0,0,0,40,40,2,0,10,80,92,0,64,64,156
08/05/2023,ADW,MD,AEA,EN,Towers with Radar,6,0,0,29,35,0,0,10,5,15,6,0,10,34,50,0,0,0,50
08/06/2023,ADW,MD,AEA,EN,Towers with Radar,0,0,1,20,21,0,0,1,6,7,0,0,2,26,28,0,0,0,28
08/07/2023,ADW,MD,AEA,EN,Towers with Radar,1,0,8,44,53,0,0,12,31,43,1,0,20,75,96,0,103,103,199
08/08/2023,ADW,MD,AEA,EN,Towers with Radar,0,0,8,51,59,0,0,16,43,59,0,0,24,94,118,0,71,71,189
08/09/2023,ADW,MD,AEA,EN,Towers with Radar,0,0,1,61,62,0,1,2,34,37,0,1,3,95,99,0,0,0,99
08/10/2023,ADW,MD,AEA,EN,Towers with Radar,0,0,5,67,72,0,0,2,36,38,0,0,7,103,110,0,90,90,200
08/11/2023,ADW,MD,AEA,EN,Towers with Radar,0,0,5,58,63,0,2,7,59,68,0,2,12,117,131,0,78,78,209
08/12/2023,ADW,MD,AEA,EN,Towers with Radar,2,0,1,16,19,0,0,3,33,36,2,0,4,49,55,0,56,56,111
08/13/2023,ADW,MD,AEA,EN,Towers with Radar,0,0,0,14,14,0,0,5,25,30,0,0,5,39,44,0,38,38,82
08/14/2023,ADW,MD,AEA,EN,Towers with Radar,0,1,7,53,61,0,0,1,39,40,0,1,8,92,101,0,0,0,101
08/15/2023,ADW,MD,AEA,EN,Towers with Radar,0,1,2,55,58,0,1,0,35,36,0,2,2,90,94,0,46,46,140
08/16/2023,ADW,MD,AEA,EN,Towers with Radar,0,4,8,71,83,0,1,7,42,50,0,5,15,113,133,0,0,0,133
08/17/2023,ADW,MD,AEA,EN,Towers with Radar,2,0,6,67,75,0,0,2,33,35,2,0,8,100,110,0,46,46,156
08/18/2023,ADW,MD,AEA,EN,Towers with Radar,0,1,3,34,38,0,0,6,19,25,0,1,9,53,63,0,0,0,63
08/19/2023,ADW,MD,AEA,EN,Towers with Radar,0,0,0,23,23,0,0,6,15,21,0,0,6,38,44,0,22,22,66
08/20/2023,ADW,MD,AEA,EN,Towers with Radar,0,0,0,18,18,0,0,10,14,24,0,0,10,32,42,0,38,38,80
08/21/2023,ADW,MD,AEA,EN,Towers with Radar,2,0,2,30,34,0,0,4,42,46,2,0,6,72,80,0,52,52,132
08/22/2023,ADW,MD,AEA,EN,Towers with Radar,0,2,3,54,59,0,0,5,40,45,0,2,8,94,104,0,0,0,104
08/23/2023,ADW,MD,AEA,EN,Towers with Radar,0,0,2,35,37,0,0,4,38,42,0,0,6,73,79,0,0,0,79
08/24/2023,ADW,MD,AEA,EN,Towers with Radar,2,0,6,52,60,0,0,5,19,24,2,0,11,71,84,0,0,0,84
08/25/2023,ADW,MD,AEA,EN,Towers with Radar,0,0,2,40,42,0,2,5,15,22,0,2,7,55,64,0,0,0,64
08/26/2023,ADW,MD,AEA,EN,Towers with Radar,0,0,4,13,17,0,0,3,22,25,0,0,7,35,42,0,0,0,42
08/27/2023,ADW,MD,AEA,EN,Towers with Radar,0,0,6,18,24,0,1,7,20,28,0,1,13,38,52,0,2,2,54
08/28/2023,ADW,MD,AEA,EN,Towers with Radar,0,0,36,44,80,0,0,7,51,58,0,0,43,95,138,0,0,0,138
08/29/2023,ADW,MD,AEA,EN,Towers with Radar,0,2,6,79,87,0,1,2,33,36,0,3,8,112,123,0,62,62,185
08/30/2023,ADW,MD,AEA,EN,Towers with Radar,0,1,4,54,59,0,1,3,51,55,0,2,7,105,114,0,96,96,210
08/31/2023,ADW,MD,AEA,EN,Towers with Radar,0,4,33,100,137,1,0,10,50,61,1,4,43,150,198,0,150,150,348
01/01/2020,ADW,MD,AEA,EN,Towers with Radar,0,0,0,6,6,0,0,7,12,19,0,0,7,18,25,0,26,26,51
01/02/2020,ADW,MD,AEA,EN,Towers with Radar,0,0,2,46,48,0,0,4,37,41,0,0,6,83,89,0,118,118,207
01/03/2020,ADW,MD,AEA,EN,Towers with Radar,0,2,10,25,37,0,0,0,16,16,0,2,10,41,53,0,20,20,73
01/04/2020,ADW,MD,AEA,EN,Towers with Radar,0,0,0,13,13,0,0,0,12,12,0,0,0,25,25,0,68,68,93
01/05/2020,ADW,MD,AEA,EN,Towers with Radar,2,1,0,22,25,0,2,3,35,40,2,3,3,57,65,0,28,28,93
01/06/2020,ADW,MD,AEA,EN,Towers with Radar,0,1,8,55,64,0,0,4,50,54,0,1,12,105,118,0,208,208,326
01/07/2020,ADW,MD,AEA,EN,Towers with Radar,0,0,6,40,46,0,0,2,19,21,0,0,8,59,67,0,140,140,207
01/08/2020,ADW,MD,AEA,EN,Towers with Radar,0,1,4,32,37,0,1,7,34,42,0,2,11,66,79,0,98,98,177
01/09/2020,ADW,MD,AEA,EN,Towers with Radar,0,0,4,89,93,0,0,2,73,75,0,0,6,162,168,0,166,166,334
01/10/2020,ADW,MD,AEA,EN,Towers with Radar,0,0,4,54,58,0,0,2,19,21,0,0,6,73,79,0,20,20,99
01/11/2020,ADW,MD,AEA,EN,Towers with Radar,2,0,5,39,46,0,0,0,23,23,2,0,5,62,69,0,82,82,151
01/12/2020,ADW,MD,AEA,EN,Towers with Radar,0,0,0,39,39,0,0,0,12,12,0,0,0,51,51,0,34,34,85
01/13/2020,ADW,MD,AEA,EN,Towers with Radar,0,0,11,59,70,0,1,3,58,62,0,1,14,117,132,0,150,150,282
01/14/2020,ADW,MD,AEA,EN,Towers with Radar,2,0,0,40,42,0,0,0,3,3,2,0,0,43,45,0,0,0,45
01/15/2020,ADW,MD,AEA,EN,Towers with Radar,1,0,11,51,63,0,3,7,58,68,1,3,18,109,131,0,80,80,211
01/16/2020,ADW,MD,AEA,EN,Towers with Radar,1,3,0,57,61,0,3,6,61,70,1,6,6,118,131,0,126,126,257
01/17/2020,ADW,MD,AEA,EN,Towers with Radar,2,0,10,41,53,0,0,6,33,39,2,0,16,74,92,0,58,58,150
01/18/2020,ADW,MD,AEA,EN,Towers with Radar,2,0,0,17,19,0,0,2,9,11,2,0,2,26,30,0,0,0,30
01/19/2020,ADW,MD,AEA,EN,Towers with Radar,2,0,0,24,26,0,0,5,19,24,2,0,5,43,50,0,2,2,52
01/20/2020,ADW,MD,AEA,EN,Towers with Radar,0,0,1,21,22,0,1,3,13,17,0,1,4,34,39,0,4,4,43
01/21/2020,ADW,MD,AEA,EN,Towers with Radar,0,0,8,40,48,0,1,7,51,59,0,1,15,91,107,0,138,138,245
01/22/2020,ADW,MD,AEA,EN,Towers with Radar,0,0,8,79,87,0,0,7,69,76,0,0,15,148,163,0,170,170,333
01/23/2020,ADW,MD,AEA,EN,Towers with Radar,1,1,3,118,123,0,1,4,52,57,1,2,7,170,180,0,138,138,318
01/24/2020,ADW,MD,AEA,EN,Towers with Radar,0,0,19,53,72,0,0,5,36,41,0,0,24,89,113,0,94,94,207
01/25/2020,ADW,MD,AEA,EN,Towers with Radar,4,0,0,9,13,0,0,0,16,16,4,0,0,25,29,0,36,36,65
01/26/2020,ADW,MD,AEA,EN,Towers with Radar,2,2,1,27,32,0,0,16,11,27,2,2,17,38,59,0,48,48,107
01/27/2020,ADW,MD,AEA,EN,Towers with Radar,0,0,21,39,60,0,0,9,10,19,0,0,30,49,79,0,88,88,167
01/28/2020,ADW,MD,AEA,EN,Towers with Radar,0,0,13,60,73,0,3,7,51,61,0,3,20,111,134,0,38,38,172
01/29/2020,ADW,MD,AEA,EN,Towers with Radar,5,0,13,70,88,0,1,2,48,51,5,1,15,118,139,0,70,70,209
01/30/2020,ADW,MD,AEA,EN,Towers with Radar,0,0,0,94,94,0,0,1,60,61,0,0,1,154,155,0,116,116,271
01/31/2020,ADW,MD,AEA,EN,Towers with Radar,1,0,2,53,56,0,0,2,38,40,1,0,4,91,96,0,30,30,126
02/01/2020,ADW,MD,AEA,EN,Towers with Radar,2,0,2,13,17,0,0,0,11,11,2,0,2,24,28,0,16,16,44
02/02/2020,ADW,MD,AEA,EN,Towers with Radar,0,0,0,10,10,0,0,4,15,19,0,0,4,25,29,0,44,44,73
02/03/2020,ADW,MD,AEA,EN,Towers with Radar,2,1,0,41,44,0,1,6,24,31,2,2,6,65,75,0,58,58,133
02/04/2020,ADW,MD,AEA,EN,Towers with Radar,0,0,5,66,71,0,0,2,7,9,0,0,7,73,80,0,58,58,138
02/05/2020,ADW,MD,AEA,EN,Towers with Radar,0,1,3,44,48,0,0,0,18,18,0,1,3,62,66,0,22,22,88
02/06/2020,ADW,MD,AEA,EN,Towers with Radar,0,0,0,21,21,0,0,0,0,0,0,0,0,21,21,0,0,0,21
02/07/2020,ADW,MD,AEA,EN,Towers with Radar,3,1,0,24,28,0,0,2,33,35,3,1,2,57,63,0,12,12,75
02/08/2020,ADW,MD,AEA,EN,Towers with Radar,2,0,0,34,36,0,0,3,19,22,2,0,3,53,58,0,66,66,124
02/09/2020,ADW,MD,AEA,EN,Towers with Radar,2,0,2,63,67,0,0,0,14,14,2,0,2,77,81,0,62,62,143
02/10/2020,ADW,MD,AEA,EN,Towers with Radar,2,2,0,41,45,0,0,1,46,47,2,2,1,87,92,0,223,223,315
02/11/2020,ADW,MD,AEA,EN,Towers with Radar,1,1,3,63,68,0,0,1,27,28,1,1,4,90,96,0,70,70,166
02/12/2020,ADW,MD,AEA,EN,Towers with Radar,0,0,16,48,64,0,0,15,36,51,0,0,31,84,115,0,68,68,183
02/13/2020,ADW,MD,AEA,EN,Towers with Radar,3,2,4,58,67,0,0,5,24,29,3,2,9,82,96,0,108,108,204
02/14/2020,ADW,MD,AEA,EN,Towers with Radar,0,0,7,43,50,0,0,2,30,32,0,0,9,73,82,0,70,70,152
02/15/2020,ADW,MD,AEA,EN,Towers with Radar,4,1,0,15,20,0,0,5,7,12,4,1,5,22,32,0,0,0,32
02/16/2020,ADW,MD,AEA,EN,Towers with Radar,2,0,0,15,17,0,0,7,13,20,2,0,7,28,37,0,40,40,77
02/17/2020,ADW,MD,AEA,EN,Towers with Radar,0,0,3,23,26,0,4,7,11,22,0,4,10,34,48,0,46,46,94
02/18/2020,ADW,MD,AEA,EN,Towers with Radar,0,0,9,74,83,0,2,3,51,56,0,2,12,125,139,0,0,0,139
02/19/2020,ADW,MD,AEA,EN,Towers with Radar,1,1,6,86,94,0,2,6,39,47,1,3,12,125,141,0,148,148,289
02/20/2020,ADW,MD,AEA,EN,Towers with Radar,3,0,6,119,128,0,2,3,45,50,3,2,9,164,178,0,142,142,320
02/21/2020,ADW,MD,AEA,EN,Towers with Radar,0,2,6,73,81,0,1,1,65,67,0,3,7,138,148,0,62,62,210
02/22/2020,ADW,MD,AEA,EN,Towers with Radar,2,0,1,22,25,0,1,2,23,26,2,1,3,45,51,0,0,0,51
02/23/2020,ADW,MD,AEA,EN,Towers with Radar,2,0,0,25,27,0,0,3,11,14,2,0,3,36,41,0,14,14,55
02/24/2020,ADW,MD,AEA,EN,Towers with Radar,2,1,2,49,54,0,1,6,60,67,2,2,8,109,121,0,80,80,201
02/25/2020,ADW,MD,AEA,EN,Towers with Radar,0,0,4,52,56,0,2,0,2,4,0,2,4,54,60,0,12,12,72
02/26/2020,ADW,MD,AEA,EN,Towers with Radar,0,0,2,53,55,0,0,0,0,0,0,0,2,53,55,0,0,0,55
02/27/2020,ADW,MD,AEA,EN,Towers with Radar,0,1,2,58,61,0,0,8,53,61,0,1,10,111,122,28,32,60,182
02/28/2020,ADW,MD,AEA,EN,Towers with Radar,2,1,4,70,77,0,1,3,49,53,2,2,7,119,130,0,106,106,236
02/29/2020,ADW,MD,AEA,EN,Towers with Radar,0,1,4,21,26,0,0,8,17,25,0,1,12,38,51,0,28,28,79
03/01/2020,ADW,MD,AEA,EN,Towers with Radar,0,0,2,18,20,0,0,5,26,31,0,0,7,44,51,0,92,92,143
03/02/2020,ADW,MD,AEA,EN,Towers with Radar,1,1,28,40,70,0,0,12,70,82,1,1,40,110,152,0,162,162,314
03/03/2020,ADW,MD,AEA,EN,Towers with Radar,1,1,5,62,69,0,2,2,41,45,1,3,7,103,114,0,0,0,114
03/04/2020,ADW,MD,AEA,EN,Towers with Radar,0,0,7,63,70,0,0,4,63,67,0,0,11,126,137,0,60,60,197
03/05/2020,ADW,MD,AEA,EN,Towers with Radar,0,1,4,97,102,0,2,3,91,96,0,3,7,188,198,0,142,142,340
03/06/2020,ADW,MD,AEA,EN,Towers with Radar,2,0,8,79,89,0,0,4,45,49,2,0,12,124,138,0,84,84,222
03/07/2020,ADW,MD,AEA,EN,Towers with Radar,2,0,0,18,20,0,0,5,7,12,2,0,5,25,32,0,0,0,32
03/08/2020,ADW,MD,AEA,EN,Towers with Radar,4,0,6,33,43,0,0,1,8,9,4,0,7,41,52,0,22,22,74
03/09/2020,ADW,MD,AEA,EN,Towers with Radar,4,1,4,54,63,0,2,3,53,58,4,3,7,107,121,0,124,124,245
03/10/2020,ADW,MD,AEA,EN,Towers with Radar,0,1,10,34,45,0,0,2,34,36,0,1,12,68,81,0,0,0,81
03/11/2020,ADW,MD,AEA,EN,Towers with Radar,2,0,4,38,44,0,0,4,45,49,2,0,8,83,93,0,88,88,181
03/12/2020,ADW,MD,AEA,EN,Towers with Radar,2,1,6,67,76,0,2,5,47,54,2,3,11,114,130,0,198,198,328
03/13/2020,ADW,MD,AEA,EN,Towers with Radar,0,0,6,38,44,0,2,3,39,44,0,2,9,77,88,0,50,50,138
03/14/2020,ADW,MD,AEA,EN,Towers with Radar,0,2,2,27,31,0,0,6,10,16,0,2,8,37,47,0,22,22,69
03/15/2020,ADW,MD,AEA,EN,Towers with Radar,0,0,0,8,8,0,0,3,12,15,0,0,3,20,23,0,0,0,23
03/16/2020,ADW,MD,AEA,EN,Towers with Radar,2,0,8,44,54,0,0,9,31,40,2,0,17,75,94,0,142,142,236
03/17/2020,ADW,MD,AEA,EN,Towers with Radar,0,0,12,70,82,0,0,8,35,43,0,0,20,105,125,0,228,228,353
03/18/2020,ADW,MD,AEA,EN,Towers with Radar,0,4,30,64,98,0,1,5,35,41,0,5,35,99,139,0,108,108,247
03/19/2020,ADW,MD,AEA,EN,Towers with Radar,0,0,19,75,94,0,0,0,28,28,0,0,19,103,122,0,110,110,232
03/20/2020,ADW,MD,AEA,EN,Towers with Radar,0,0,2,25,27,0,0,0,14,14,0,0,2,39,41,0,38,38,79
03/21/2020,ADW,MD,AEA,EN,Towers with Radar,1,1,0,10,12,0,0,6,24,30,1,1,6,34,42,0,60,60,102
03/22/2020,ADW,MD,AEA,EN,Towers with Radar,3,2,0,7,12,0,0,2,14,16,3,2,2,21,28,0,0,0,28
03/23/2020,ADW,MD,AEA,EN,Towers with Radar,2,2,2,5,11,0,0,0,2,2,2,2,2,7,13,0,12,12,25
03/24/2020,ADW,MD,AEA,EN,Towers with Radar,0,0,4,24,28,0,0,2,31,33,0,0,6,55,61,0,0,0,61
03/25/2020,ADW,MD,AEA,EN,Towers with Radar,4,0,4,29,37,0,0,2,4,6,4,0,6,33,43,0,0,0,43
03/26/2020,ADW,MD,AEA,EN,Towers with Radar,0,0,16,53,69,0,0,3,27,30,0,0,19,80,99,0,0,0,99
03/27/2020,ADW,MD,AEA,EN,Towers with Radar,2,1,11,24,38,0,0,0,36,36,2,1,11,60,74,0,86,86,160
03/28/2020,ADW,MD,AEA,EN,Towers with Radar,4,0,0,6,10,0,0,2,8,10,4,0,2,14,20,0,0,0,20
03/29/2020,ADW,MD,AEA,EN,Towers with Radar,2,2,0,2,6,0,0,2,8,10,2,2,2,10,16,0,0,0,16
03/30/2020,ADW,MD,AEA,EN,Towers with Radar,0,0,5,22,27,0,0,10,49,59,0,0,15,71,86,0,127,127,213
03/31/2020,ADW,MD,AEA,EN,Towers with Radar,0,0,4,47,51,0,0,1,31,32,0,0,5,78,83,0,108,108,191
04/01/2020,ADW,MD,AEA,EN,Towers with Radar,0,0,58,24,82,0,0,4,47,51,0,0,62,71,133,0,174,174,307
04/02/2020,ADW,MD,AEA,EN,Towers with Radar,0,2,31,26,59,0,3,10,36,49,0,5,41,62,108,0,150,150,258
04/03/2020,ADW,MD,AEA,EN,Towers with Radar,0,0,22,23,45,0,0,5,33,38,0,0,27,56,83,0,124,124,207
04/04/2020,ADW,MD,AEA,EN,Towers with Radar,0,0,1,4,5,0,0,3,10,13,0,0,4,14,18,0,14,14,32
04/05/2020,ADW,MD,AEA,EN,Towers with Radar,0,0,0,7,7,0,0,0,21,21,0,0,0,28,28,0,14,14,42
04/06/2020,ADW,MD,AEA,EN,Towers with Radar,0,0,22,20,42,0,0,8,42,50,0,0,30,62,92,0,146,146,238
04/07/2020,ADW,MD,AEA,EN,Towers with Radar,0,0,0,26,26,0,0,0,35,35,0,0,0,61,61,0,0,0,61
04/08/2020,ADW,MD,AEA,EN,Towers with Radar,0,0,30,18,48,0,2,5,27,34,0,2,35,45,82,0,108,108,190
04/09/2020,ADW,MD,AEA,EN,Towers with Radar,0,0,0,23,23,0,0,1,17,18,0,0,1,40,41,0,26,26,67
04/10/2020,ADW,MD,AEA,EN,Towers with Radar,0,1,3,15,19,0,0,3,15,18,0,1,6,30,37,0,0,0,37
04/11/2020,ADW,MD,AEA,EN,Towers with Radar,0,0,0,1,1,0,2,0,14,16,0,2,0,15,17,0,26,26,43
04/12/2020,ADW,MD,AEA,EN,Towers with Radar,0,0,0,1,1,0,1,8,6,15,0,1,8,7,16,0,0,0,16
04/13/2020,ADW,MD,AEA,EN,Towers with Radar,0,0,0,4,4,0,0,3,24,27,0,0,3,28,31,0,74,74,105
04/14/2020,ADW,MD,AEA,EN,Towers with Radar,0,0,57,64,121,0,0,6,46,52,0,0,63,110,173,0,0,0,173
04/15/2020,ADW,MD,AEA,EN,Towers with Radar,1,0,5,20,26,0,1,5,29,35,1,1,10,49,61,0,0,0,61
04/16/2020,ADW,MD,AEA,EN,Towers with Radar,3,1,0,35,39,0,3,4,38,45,3,4,4,73,84,0,0,0,84
04/17/2020,ADW,MD,AEA,EN,Towers with Radar,2,0,30,66,98,0,1,5,21,27,2,1,35,87,125,0,160,160,285
04/18/2020,ADW,MD,AEA,EN,Towers with Radar,0,0,0,16,16,0,1,0,13,14,0,1,0,29,30,0,0,0,30
04/19/2020,ADW,MD,AEA,EN,Towers with Radar,0,0,1,14,15,0,0,3,20,23,0,0,4,34,38,0,40,40,78
04/20/2020,ADW,MD,AEA,EN,Towers with Radar,0,0,0,26,26,0,0,1,46,47,0,0,1,72,73,0,82,82,155
04/21/2020,ADW,MD,AEA,EN,Towers with Radar,0,0,28,51,79,0,0,7,22,29,0,0,35,73,108,0,146,146,254
04/22/2020,ADW,MD,AEA,EN,Towers with Radar,0,0,0,49,49,0,0,11,36,47,0,0,11,85,96,0,204,204,300
04/23/2020,ADW,MD,AEA,EN,Towers with Radar,0,0,20,48,68,0,0,5,38,43,0,0,25,86,111,0,134,134,245
04/24/2020,ADW,MD,AEA,EN,Towers with Radar,0,0,0,52,52,0,0,0,23,23,0,0,0,75,75,0,0,0,75
04/25/2020,ADW,MD,AEA,EN,Towers with Radar,0,1,4,14,19,0,0,2,7,9,0,1,6,21,28,0,18,18,46
04/26/2020,ADW,MD,AEA,EN,Towers with Radar,0,0,0,6,6,0,0,0,5,5,0,0,0,11,11,0,0,0,11
04/27/2020,ADW,MD,AEA,EN,Towers with Radar,0,1,3,23,27,0,0,8,35,43,0,1,11,58,70,0,4,4,74
04/28/2020,ADW,MD,AEA,EN,Towers with Radar,0,1,4,57,62,0,4,18,37,59,0,5,22,94,121,0,246,246,367
04/29/2020,ADW,MD,AEA,EN,Towers with Radar,2,7,8,49,66,0,6,6,40,52,2,13,14,89,118,0,186,186,304
04/30/2020,ADW,MD,AEA,EN,Towers with Radar,0,0,0,44,44,0,0,0,7,7,0,0,0,51,51,0,14,14,65
05/01/2020,ADW,MD,AEA,EN,Towers with Radar,0,0,16,44,60,0,0,2,42,44,0,0,18,86,104,0,58,58,162
05/02/2020,ADW,MD,AEA,EN,Towers with Radar,0,0,0,13,13,0,2,1,16,19,0,2,1,29,32,0,32,32,64
05/03/2020,ADW,MD,AEA,EN,Towers with Radar,0,0,0,15,15,0,2,4,22,28,0,2,4,37,43,0,32,32,75
05/04/2020,ADW,MD,AEA,EN,Towers with Radar,0,0,0,24,24,0,2,10,38,50,0,2,10,62,74,0,0,0,74
05/05/2020,ADW,MD,AEA,EN,Towers with Radar,1,0,2,78,81,0,0,6,38,44,1,0,8,116,125,0,74,74,199
05/06/2020,ADW,MD,AEA,EN,Towers with Radar,0,0,2,48,50,0,0,0,41,41,0,0,2,89,91,0,91,91,182
05/07/2020,ADW,MD,AEA,EN,Towers with Radar,2,0,8,75,85,0,0,9,45,54,2,0,17,120,139,0,0,0,139
05/08/2020,ADW,MD,AEA,EN,Towers with Radar,0,0,4,33,37,0,2,5,36,43,0,2,9,69,80,0,78,78,158
05/09/2020,ADW,MD,AEA,EN,Towers with Radar,0,2,0,7,9,0,1,0,3,4,0,3,0,10,13,0,14,14,27
05/10/2020,ADW,MD,AEA,EN,Towers with Radar,0,0,0,11,11,0,0,0,19,19,0,0,0,30,30,0,20,20,50
05/11/2020,ADW,MD,AEA,EN,Towers with Radar,0,0,0,44,44,0,1,7,33,41,0,1,7,77,85,0,118,118,203
05/12/2020,ADW,MD,AEA,EN,Towers with Radar,0,0,2,53,55,0,1,3,39,43,0,1,5,92,98,0,162,162,260
05/13/2020,ADW,MD,AEA,EN,Towers with Radar,0,0,10,62,72,0,1,5,27,33,0,1,15,89,105,0,82,82,187
05/14/2020,ADW,MD,AEA,EN,Towers with Radar,2,0,10,58,70,0,0,7,38,45,2,0,17,96,115,0,136,136,251
05/15/2020,ADW,MD,AEA,EN,Towers with Radar,0,0,10,77,87,0,0,8,28,36,0,0,18,105,123,0,0,0,123
05/16/2020,ADW,MD,AEA,EN,Towers with Radar,0,0,0,6,6,0,1,8,12,21,0,1,8,18,27,0,32,32,59
05/17/2020,ADW,MD,AEA,EN,Towers with Radar,0,0,0,10,10,0,0,4,16,20,0,0,4,26,30,0,0,0,30
05/18/2020,ADW,MD,AEA,EN,Towers with Radar,0,0,18,31,49,0,0,2,22,24,0,0,20,53,73,0,98,98,171
05/19/2020,ADW,MD,AEA,EN,Towers with Radar,0,0,3,44,47,0,0,4,20,24,0,0,7,64,71,0,54,54,125
05/20/2020,ADW,MD,AEA,EN,Towers with Radar,2,0,9,62,73,0,1,3,40,44,2,1,12,102,117,0,152,152,269
05/21/2020,ADW,MD,AEA,EN,Towers with Radar,0,0,1,72,73,0,1,6,51,58,0,1,7,123,131,0,64,64,195
05/22/2020,ADW,MD,AEA,EN,Towers with Radar,0,0,14,37,51,0,0,2,14,16,0,0,16,51,67,0,6,6,73
05/23/2020,ADW,MD,AEA,EN,Towers with Radar,2,0,0,10,12,0,0,4,8,12,2,0,4,18,24,0,4,4,28
05/24/2020,ADW,MD,AEA,EN,Towers with Radar,2,0,0,6,8,0,0,2,8,10,2,0,2,14,18,0,0,0,18
05/25/2020,ADW,MD,AEA,EN,Towers with Radar,2,0,0,7,9,0,0,2,12,14,2,0,2,19,23,0,60,60,83
05/26/2020,ADW,MD,AEA,EN,Towers with Radar,2,0,3,66,71,0,0,5,27,32,2,0,8,93,103,0,104,104,207
05/27/2020,ADW,MD,AEA,EN,Towers with Radar,0,0,13,69,82,0,0,4,48,52,0,0,17,117,134,0,74,74,208
05/28/2020,ADW,MD,AEA,EN,Towers with Radar,0,0,16,57,73,0,0,0,28,28,0,0,16,85,101,0,134,134,235
05/29/2020,ADW,MD,AEA,EN,Towers with Radar,2,0,8,56,66,0,1,5,49,55,2,1,13,105,121,0,124,124,245
05/30/2020,ADW,MD,AEA,EN,Towers with Radar,0,3,3,29,35,0,0,6,12,18,0,3,9,41,53,0,0,0,53
05/31/2020,ADW,MD,AEA,EN,Towers with Radar,0,0,0,29,29,0,2,5,10,17,0,2,5,39,46,0,24,24,70
06/01/2020,ADW,MD,AEA,EN,Towers with Radar,0,0,10,65,75,0,0,5,23,28,0,0,15,88,103,0,144,144,247
06/02/2020,ADW,MD,AEA,EN,Towers with Radar,0,0,6,128,134,0,0,4,7,11,0,0,10,135,145,0,22,22,167
06/03/2020,ADW,MD,AEA,EN,Towers with Radar,2,0,14,87,103,0,0,0,19,19,2,0,14,106,122,0,76,76,198
06/04/2020,ADW,MD,AEA,EN,Towers with Radar,0,0,2,69,71,0,0,2,31,33,0,0,4,100,104,0,122,122,226
06/05/2020,ADW,MD,AEA,EN,Towers with Radar,0,0,12,59,71,0,0,7,32,39,0,0,19,91,110,4,112,116,226
06/06/2020,ADW,MD,AEA,EN,Towers with Radar,2,0,2,17,21,0,0,1,4,5,2,0,3,21,26,0,32,32,58
06/07/2020,ADW,MD,AEA,EN,Towers with Radar,2,0,0,42,44,0,2,10,11,23,2,2,10,53,67,0,98,98,165
06/08/2020,ADW,MD,AEA,EN,Towers with Radar,0,0,8,63,71,0,0,6,43,49,0,0,14,106,120,0,278,278,398
06/09/2020,ADW,MD,AEA,EN,Towers with Radar,0,0,27,70,97,0,0,5,30,35,0,0,32,100,132,0,46,46,178
06/10/2020,ADW,MD,AEA,EN,Towers with Radar,0,0,10,55,65,0,0,4,30,34,0,0,14,85,99,0,204,204,303
06/11/2020,ADW,MD,AEA,EN,Towers with Radar,0,0,0,68,68,0,0,3,34,37,0,0,3,102,105,0,182,182,287
06/12/2020,ADW,MD,AEA,EN,Towers with Radar,2,5,6,75,88,0,1,7,42,50,2,6,13,117,138,0,56,56,194
06/13/2020,ADW,MD,AEA,EN,Towers with Radar,2,0,0,24,26,0,0,5,8,13,2,0,5,32,39,0,10,10,49
06/14/2020,ADW,MD,AEA,EN,Towers with Radar,0,0,0,33,33,0,0,10,16,26,0,0,10,49,59,0,38,38,97
06/15/2020,ADW,MD,AEA,EN,Towers with Radar,3,1,4,34,42,0,0,5,43,48,3,1,9,77,90,0,112,112,202
06/16/2020,ADW,MD,AEA,EN,Towers with Radar,0,0,10,96,106,0,0,6,43,49,0,0,16,139,155,0,160,160,315
06/17/2020,ADW,MD,AEA,EN,Towers with Radar,0,0,10,72,82,0,0,2,12,14,0,0,12,84,96,0,92,92,188
06/18/2020,ADW,MD,AEA,EN,Towers with Radar,0,0,8,63,71,0,0,3,36,39,0,0,11,99,110,0,112,112,222
06/19/2020,ADW,MD,AEA,EN,Towers with Radar,0,0,8,52,60,0,1,6,20,27,0,1,14,72,87,0,52,52,139
06/20/2020,ADW,MD,AEA,EN,Towers with Radar,0,1,0,19,20,0,0,6,9,15,0,1,6,28,35,0,0,0,35
06/21/2020,ADW,MD,AEA,EN,Towers with Radar,0,1,6,17,24,0,0,2,14,16,0,1,8,31,40,0,44,44,84
06/22/2020,ADW,MD,AEA,EN,Towers with Radar,0,1,5,39,45,0,0,5,33,38,0,1,10,72,83,0,82,82,165
06/23/2020,ADW,MD,AEA,EN,Towers with Radar,3,3,9,60,75,0,0,5,56,61,3,3,14,116,136,0,164,164,300
06/24/2020,ADW,MD,AEA,EN,Towers with Radar,1,4,20,92,117,0,3,23,53,79,1,7,43,145,196,0,124,124,320
06/25/2020,ADW,MD,AEA,EN,Towers with Radar,2,1,4,125,132,0,0,7,30,37,2,1,11,155,169,0,96,96,265
06/26/2020,ADW,MD,AEA,EN,Towers with Radar,0,0,2,75,77,0,1,0,33,34,0,1,2,108,111,0,52,52,163
06/27/2020,ADW,MD,AEA,EN,Towers with Radar,0,0,5,36,41,0,0,10,7,17,0,0,15,43,58,0,18,18,76
06/28/2020,ADW,MD,AEA,EN,Towers with Radar,1,0,3,17,21,0,1,6,25,32,1,1,9,42,53,0,18,18,71
06/29/2020,ADW,MD,AEA,EN,Towers with Radar,3,0,10,41,54,0,0,6,57,63,3,0,16,98,117,0,194,194,311
06/30/2020,ADW,MD,AEA,EN,Towers with Radar,0,0,8,89,97,0,1,6,43,50,0,1,14,132,147,0,0,0,147
07/01/2020,ADW,MD,AEA,EN,Towers with Radar,0,0,12,72,84,0,0,5,34,39,0,0,17,106,123,0,172,172,295
07/02/2020,ADW,MD,AEA,EN,Towers with Radar,2,0,6,84,92,0,0,9,43,52,2,0,15,127,144,0,130,130,274
07/03/2020,ADW,MD,AEA,EN,Towers with Radar,0,1,4,21,26,0,1,4,15,20,0,2,8,36,46,0,28,28,74
07/04/2020,ADW,MD,AEA,EN,Towers with Radar,0,0,0,24,24,0,2,0,12,14,0,2,0,36,38,0,22,22,60
07/05/2020,ADW,MD,AEA,EN,Towers with Radar,0,1,0,23,24,0,0,8,15,23,0,1,8,38,47,0,0,0,47
07/06/2020,ADW,MD,AEA,EN,Towers with Radar,0,0,2,36,38,0,0,2,11,13,0,0,4,47,51,0,0,0,51
07/07/2020,ADW,MD,AEA,EN,Towers with Radar,0,2,21,83,106,0,0,1,41,42,0,2,22,124,148,0,0,0,148
07/08/2020,ADW,MD,AEA,EN,Towers with Radar,2,0,15,116,133,0,0,8,47,55,2,0,23,163,188,0,80,80,268
07/09/2020,ADW,MD,AEA,EN,Towers with Radar,0,1,6,90,97,0,2,5,45,52,0,3,11,135,149,0,74,74,223
07/10/2020,ADW,MD,AEA,EN,Towers with Radar,0,0,0,70,70,0,1,10,40,51,0,1,10,110,121,0,30,30,151
07/11/2020,ADW,MD,AEA,EN,Towers with Radar,0,0,0,17,17,0,2,2,12,16,0,2,2,29,33,0,4,4,37
07/12/2020,ADW,MD,AEA,EN,Towers with Radar,0,0,0,23,23,0,0,6,12,18,0,0,6,35,41,0,6,6,47
07/13/2020,ADW,MD,AEA,EN,Towers with Radar,0,0,8,63,71,0,0,7,40,47,0,0,15,103,118,0,170,170,288
07/14/2020,ADW,MD,AEA,EN,Towers with Radar,0,0,5,95,100,0,4,4,43,51,0,4,9,138,151,0,42,42,193
07/15/2020,ADW,MD,AEA,EN,Towers with Radar,2,0,2,76,80,0,3,8,54,65,2,3,10,130,145,0,104,104,249
07/16/2020,ADW,MD,AEA,EN,Towers with Radar,1,0,6,85,92,0,1,9,28,38,1,1,15,113,130,0,42,42,172
07/17/2020,ADW,MD,AEA,EN,Towers with Radar,1,0,25,53,79,0,0,2,67,69,1,0,27,120,148,0,128,128,276
07/18/2020,ADW,MD,AEA,EN,Towers with Radar,2,0,2,12,16,0,0,6,11,17,2,0,8,23,33,0,26,26,59
07/19/2020,ADW,MD,AEA,EN,Towers with Radar,0,0,0,19,19,0,0,7,10,17,0,0,7,29,36,0,22,22,58
07/20/2020,ADW,MD,AEA,EN,Towers with Radar,2,0,21,38,61,0,0,13,14,27,2,0,34,52,88,0,0,0,88
07/21/2020,ADW,MD,AEA,EN,Towers with Radar,2,0,6,73,81,0,0,5,27,32,2,0,11,100,113,0,82,82,195
07/22/2020,ADW,MD,AEA,EN,Towers with Radar,0,0,10,122,132,0,0,2,30,32,0,0,12,152,164,0,94,94,258
07/23/2020,ADW,MD,AEA,EN,Towers with Radar,1,0,7,78,86,0,0,2,25,27,1,0,9,103,113,0,0,0,113
07/24/2020,ADW,MD,AEA,EN,Towers with Radar,3,0,2,61,66,0,0,0,38,38,3,0,2,99,104,0,14,14,118
07/25/2020,ADW,MD,AEA,EN,Towers with Radar,0,0,2,15,17,0,0,5,8,13,0,0,7,23,30,0,0,0,30
07/26/2020,ADW,MD,AEA,EN,Towers with Radar,1,0,2,35,38,0,2,6,13,21,1,2,8,48,59,0,52,52,111
07/27/2020,ADW,MD,AEA,EN,Towers with Radar,1,1,2,82,86,0,2,1,39,42,1,3,3,121,128,0,102,102,230
07/28/2020,ADW,MD,AEA,EN,Towers with Radar,1,0,4,78,83,0,0,2,49,51,1,0,6,127,134,0,192,192,326
07/29/2020,ADW,MD,AEA,EN,Towers with Radar,3,0,2,121,126,0,0,2,51,53,3,0,4,172,179,0,148,148,327
07/30/2020,ADW,MD,AEA,EN,Towers with Radar,0,0,3,91,94,0,0,3,43,46,0,0,6,134,140,0,52,52,192
07/31/2020,ADW,MD,AEA,EN,Towers with Radar,0,1,13,54,68,0,0,7,22,29,0,1,20,76,97,0,72,72,169
08/01/2020,ADW,MD,AEA,EN,Towers with Radar,0,1,2,15,18,0,0,10,17,27,0,1,12,32,45,0,0,0,45
08/02/2020,ADW,MD,AEA,EN,Towers with Radar,2,0,0,19,21,0,0,0,16,16,2,0,0,35,37,0,44,44,81
08/03/2020,ADW,MD,AEA,EN,Towers with Radar,0,0,27,28,55,0,0,13,22,35,0,0,40,50,90,0,112,112,202
08/04/2020,ADW,MD,AEA,EN,Towers with Radar,0,0,2,37,39,0,0,2,12,14,0,0,4,49,53,0,0,0,53
08/05/2020,ADW,MD,AEA,EN,Towers with Radar,0,1,19,114,134,0,2,2,38,42,0,3,21,152,176,0,0,0,176
08/06/2020,ADW,MD,AEA,EN,Towers with Radar,0,0,3,96,99,0,0,8,36,44,0,0,11,132,143,0,0,0,143
08/07/2020,ADW,MD,AEA,EN,Towers with Radar,0,7,24,100,131,0,4,3,51,58,0,11,27,151,189,0,184,184,373
08/08/2020,ADW,MD,AEA,EN,Towers with Radar,2,0,1,17,20,0,0,5,17,22,2,0,6,34,42,0,36,36,78
08/09/2020,ADW,MD,AEA,EN,Towers with Radar,0,0,2,27,29,0,0,6,18,24,0,0,8,45,53,0,94,94,147
08/10/2020,ADW,MD,AEA,EN,Towers with Radar,0,0,5,86,91,0,1,5,28,34,0,1,10,114,125,0,84,84,209
08/11/2020,ADW,MD,AEA,EN,Towers with Radar,0,0,44,88,132,0,0,14,53,67,0,0,58,141,199,0,234,234,433
08/12/2020,ADW,MD,AEA,EN,Towers with Radar,0,0,4,106,110,0,0,5,29,34,0,0,9,135,144,0,78,78,222
08/13/2020,ADW,MD,AEA,EN,Towers with Radar,2,0,21,70,93,0,0,7,25,32,2,0,28,95,125,0,38,38,163
08/14/2020,ADW,MD,AEA,EN,Towers with Radar,0,0,10,50,60,0,0,4,29,33,0,0,14,79,93,0,30,30,123
08/15/2020,ADW,MD,AEA,EN,Towers with Radar,0,0,0,17,17,0,0,5,10,15,0,0,5,27,32,0,8,8,40
08/16/2020,ADW,MD,AEA,EN,Towers with Radar,2,0,0,23,25,0,0,3,12,15,2,0,3,35,40,0,60,60,100
08/17/2020,ADW,MD,AEA,EN,Towers with Radar,4,0,2,50,56,0,0,8,39,47,4,0,10,89,103,0,140,140,243
08/18/2020,ADW,MD,AEA,EN,Towers with Radar,1,0,6,99,106,0,0,6,37,43,1,0,12,136,149,0,112,112,261
08/19/2020,ADW,MD,AEA,EN,Towers with Radar,0,0,8,71,79,0,0,4,35,39,0,0,12,106,118,0,52,52,170
08/20/2020,ADW,MD,AEA,EN,Towers with Radar,0,0,4,111,115,0,0,9,37,46,0,0,13,148,161,0,22,22,183
08/21/2020,ADW,MD,AEA,EN,Towers with Radar,4,0,4,92,100,0,0,2,45,47,4,0,6,137,147,0,0,0,147
08/22/2020,ADW,MD,AEA,EN,Towers with Radar,1,0,0,23,24,0,0,6,12,18,1,0,6,35,42,0,0,0,42
08/23/2020,ADW,MD,AEA,EN,Towers with Radar,0,0,0,24,24,0,0,5,10,15,0,0,5,34,39,0,10,10,49
08/24/2020,ADW,MD,AEA,EN,Towers with Radar,0,2,3,85,90,0,1,9,37,47,0,3,12,122,137,0,0,0,137
08/25/2020,ADW,MD,AEA,EN,Towers with Radar,0,0,10,79,89,0,2,5,46,53,0,2,15,125,142,0,258,258,400
08/26/2020,ADW,MD,AEA,EN,Towers with Radar,0,2,9,59,70,0,0,7,40,47,0,2,16,99,117,0,74,74,191
08/27/2020,ADW,MD,AEA,EN,Towers with Radar,0,0,11,88,99,0,0,6,50,56,0,0,17,138,155,0,182,182,337
08/28/2020,ADW,MD,AEA,EN,Towers with Radar,1,0,6,51,58,0,2,2,16,20,1,2,8,67,78,0,36,36,114
08/29/2020,ADW,MD,AEA,EN,Towers with Radar,1,0,0,31,32,0,0,0,0,0,1,0,0,31,32,0,0,0,32
08/30/2020,ADW,MD,AEA,EN,Towers with Radar,0,0,4,32,36,0,0,12,24,36,0,0,16,56,72,0,34,34,106
08/31/2020,ADW,MD,AEA,EN,Towers with Radar,0,0,21,59,80,0,0,9,37,46,0,0,30,96,126,0,104,104,230
09/01/2020,ADW,MD,AEA,EN,Towers with Radar,0,0,2,87,89,0,0,4,35,39,0,0,6,122,128,0,70,70,198
09/02/2020,ADW,MD,AEA,EN,Towers with Radar,0,0,4,86,90,0,0,6,31,37,0,0,10,117,127,0,58,58,185
09/03/2020,ADW,MD,AEA,EN,Towers with Radar,0,0,6,82,88,0,0,13,38,51,0,0,19,120,139,0,104,104,243
09/04/2020,ADW,MD,AEA,EN,Towers with Radar,0,0,0,24,24,0,0,9,31,40,0,0,9,55,64,0,64,64,128
09/05/2020,ADW,MD,AEA,EN,Towers with Radar,2,2,2,3,9,0,0,6,19,25,2,2,8,22,34,2,30,32,66
09/06/2020,ADW,MD,AEA,EN,Towers with Radar,0,0,0,21,21,0,0,4,21,25,0,0,4,42,46,0,42,42,88
09/07/2020,ADW,MD,AEA,EN,Towers with Radar,0,0,1,25,26,0,0,4,25,29,0,0,5,50,55,0,0,0,55
09/08/2020,ADW,MD,AEA,EN,Towers with Radar,0,0,41,69,110,0,0,24,43,67,0,0,65,112,177,2,160,162,339
09/09/2020,ADW,MD,AEA,EN,Towers with Radar,2,0,5,55,62,0,1,1,18,20,2,1,6,73,82,0,16,16,98
09/10/2020,ADW,MD,AEA,EN,Towers with Radar,0,0,0,62,62,0,0,1,19,20,0,0,1,81,82,0,0,0,82
09/11/2020,ADW,MD,AEA,EN,Towers with Radar,0,1,4,57,62,0,1,1,29,31,0,2,5,86,93,0,54,54,147
09/12/2020,ADW,MD,AEA,EN,Towers with Radar,0,0,2,43,45,0,0,5,9,14,0,0,7,52,59,0,30,30,89
09/13/2020,ADW,MD,AEA,EN,Towers with Radar,1,3,0,33,37,0,2,5,11,18,1,5,5,44,55,0,56,56,111
09/14/2020,ADW,MD,AEA,EN,Towers with Radar,2,0,4,56,62,0,0,3,51,54,2,0,7,107,116,0,48,48,164
09/15/2020,ADW,MD,AEA,EN,Towers with Radar,2,1,0,99,102,0,0,8,47,55,2,1,8,146,157,0,0,0,157
09/16/2020,ADW,MD,AEA,EN,Towers with Radar,1,1,9,95,106,0,0,2,42,44,1,1,11,137,150,0,0,0,150
09/17/2020,ADW,MD,AEA,EN,Towers with Radar,0,0,17,75,92,0,0,5,51,56,0,0,22,126,148,0,104,104,252
09/18/2020,ADW,MD,AEA,EN,Towers with Radar,0,2,2,63,67,0,0,3,35,38,0,2,5,98,105,4,54,58,163
09/19/2020,ADW,MD,AEA,EN,Towers with Radar,3,0,2,42,47,0,0,6,20,26,3,0,8,62,73,0,0,0,73
09/20/2020,ADW,MD,AEA,EN,Towers with Radar,0,0,2,27,29,0,0,5,15,20,0,0,7,42,49,0,22,22,71
09/21/2020,ADW,MD,AEA,EN,Towers with Radar,4,0,8,44,56,0,0,7,50,57,4,0,15,94,113,0,86,86,199
09/22/2020,ADW,MD,AEA,EN,Towers with Radar,3,1,4,96,104,0,0,4,49,53,3,1,8,145,157,0,100,100,257
09/23/2020,ADW,MD,AEA,EN,Towers with Radar,2,0,11,78,91,0,0,3,34,37,2,0,14,112,128,0,76,76,204
09/24/2020,ADW,MD,AEA,EN,Towers with Radar,0,0,32,109,141,0,0,6,43,49,0,0,38,152,190,0,36,36,226
09/25/2020,ADW,MD,AEA,EN,Towers with Radar,0,0,7,67,74,0,0,9,15,24,0,0,16,82,98,0,28,28,126
09/26/2020,ADW,MD,AEA,EN,Towers with Radar,0,2,2,23,27,0,0,1,3,4,0,2,3,26,31,0,4,4,35
09/27/2020,ADW,MD,AEA,EN,Towers with Radar,4,1,0,22,27,0,0,5,5,10,4,1,5,27,37,0,0,0,37
09/28/2020,ADW,MD,AEA,EN,Towers with Radar,0,2,19,67,88,0,0,6,14,20,0,2,25,81,108,0,28,28,136
09/29/2020,ADW,MD,AEA,EN,Towers with Radar,2,0,5,59,66,0,2,9,14,25,2,2,14,73,91,10,28,38,129
09/30/2020,ADW,MD,AEA,EN,Towers with Radar,0,1,2,48,51,0,0,4,17,21,0,1,6,65,72,0,6,6,78
10/01/2020,ADW,MD,AEA,EN,Towers with Radar,0,0,8,70,78,0,0,12,38,50,0,0,20,108,128,0,46,46,174
10/02/2020,ADW,MD,AEA,EN,Towers with Radar,2,0,4,47,53,0,0,1,31,32,2,0,5,78,85,0,52,52,137
10/03/2020,ADW,MD,AEA,EN,Towers with Radar,0,0,4,27,31,0,0,2,7,9,0,0,6,34,40,0,0,0,40
10/04/2020,ADW,MD,AEA,EN,Towers with Radar,0,0,0,23,23,0,0,1,10,11,0,0,1,33,34,0,40,40,74
10/05/2020,ADW,MD,AEA,EN,Towers with Radar,0,0,4,25,29,0,3,6,58,67,0,3,10,83,96,0,72,72,168
10/06/2020,ADW,MD,AEA,EN,Towers with Radar,0,0,2,56,58,0,1,5,55,61,0,1,7,111,119,0,158,158,277
10/07/2020,ADW,MD,AEA,EN,Towers with Radar,0,0,4,46,50,0,0,8,27,35,0,0,12,73,85,0,68,68,153
10/08/2020,ADW,MD,AEA,EN,Towers with Radar,0,0,3,65,68,0,0,3,46,49,0,0,6,111,117,0,96,96,213
10/09/2020,ADW,MD,AEA,EN,Towers with Radar,0,2,10,29,41,0,0,2,51,53,0,2,12,80,94,0,122,122,216
10/10/2020,ADW,MD,AEA,EN,Towers with Radar,2,1,2,16,21,0,0,0,16,16,2,1,2,32,37,0,28,28,65
10/11/2020,ADW,MD,AEA,EN,Towers with Radar,0,0,0,9,9,0,0,0,18,18,0,0,0,27,27,0,66,66,93
10/12/2020,ADW,MD,AEA,EN,Towers with Radar,0,0,4,19,23,0,0,0,0,0,0,0,4,19,23,0,0,0,23
10/13/2020,ADW,MD,AEA,EN,Towers with Radar,0,0,8,60,68,0,0,0,41,41,0,0,8,101,109,0,56,56,165
10/14/2020,ADW,MD,AEA,EN,Towers with Radar,0,0,0,87,87,0,1,3,73,77,0,1,3,160,164,0,142,142,306
10/15/2020,ADW,MD,AEA,EN,Towers with Radar,2,0,3,87,92,0,1,16,72,89,2,1,19,159,181,0,50,50,231
10/16/2020,ADW,MD,AEA,EN,Towers with Radar,0,0,2,53,55,0,0,8,37,45,0,0,10,90,100,0,100,100,200
10/17/2020,ADW,MD,AEA,EN,Towers with Radar,0,0,0,28,28,0,0,10,27,37,0,0,10,55,65,0,66,66,131
10/18/2020,ADW,MD,AEA,EN,Towers with Radar,0,0,0,39,39,0,0,5,23,28,0,0,5,62,67,0,0,0,67
10/19/2020,ADW,MD,AEA,EN,Towers with Radar,0,0,12,52,64,0,0,9,51,60,0,0,21,103,124,0,76,76,200
10/20/2020,ADW,MD,AEA,EN,Towers with Radar,0,0,8,79,87,0,0,9,42,51,0,0,17,121,138,0,178,178,316
10/21/2020,ADW,MD,AEA,EN,Towers with Radar,0,0,2,92,94,0,0,3,56,59,0,0,5,148,153,0,92,92,245
10/22/2020,ADW,MD,AEA,EN,Towers with Radar,2,1,11,86,100,0,0,6,51,57,2,1,17,137,157,0,0,0,157
10/23/2020,ADW,MD,AEA,EN,Towers with Radar,0,2,9,82,93,0,1,6,29,36,0,3,15,111,129,0,38,38,167
10/24/2020,ADW,MD,AEA,EN,Towers with Radar,0,3,0,32,35,0,0,9,14,23,0,3,9,46,58,0,0,0,58
10/25/2020,ADW,MD,AEA,EN,Towers with Radar,2,1,0,47,50,0,1,0,11,12,2,2,0,58,62,0,0,0,62
10/26/2020,ADW,MD,AEA,EN,Towers with Radar,2,0,6,100,108,0,0,0,13,13,2,0,6,113,121,0,42,42,163
10/27/2020,ADW,MD,AEA,EN,Towers with Radar,0,0,1,107,108,0,0,4,56,60,0,0,5,163,168,0,0,0,168
10/28/2020,ADW,MD,AEA,EN,Towers with Radar,4,0,4,54,62,0,0,2,40,42,4,0,6,94,104,0,100,100,204
10/29/2020,ADW,MD,AEA,EN,Towers with Radar,0,0,0,65,65,0,0,0,0,0,0,0,0,65,65,0,0,0,65
10/30/2020,ADW,MD,AEA,EN,Towers with Radar,0,0,0,61,61,0,0,4,29,33,0,0,4,90,94,0,62,62,156
10/31/2020,ADW,MD,AEA,EN,Towers with Radar,0,2,3,43,48,0,0,9,8,17,0,2,12,51,65,0,26,26,91
11/01/2020,ADW,MD,AEA,EN,Towers with Radar,2,2,2,23,29,0,0,5,6,11,2,2,7,29,40,0,0,0,40
11/02/2020,ADW,MD,AEA,EN,Towers with Radar,2,0,5,73,80,0,2,7,63,72,2,2,12,136,152,0,122,122,274
11/03/2020,ADW,MD,AEA,EN,Towers with Radar,0,0,0,86,86,0,0,5,62,67,0,0,5,148,153,0,0,0,153
11/04/2020,ADW,MD,AEA,EN,Towers with Radar,0,0,6,41,47,0,0,0,53,53,0,0,6,94,100,0,80,80,180
11/05/2020,ADW,MD,AEA,EN,Towers with Radar,0,0,5,56,61,0,0,2,45,47,0,0,7,101,108,0,42,42,150
11/06/2020,ADW,MD,AEA,EN,Towers with Radar,2,0,14,41,57,0,0,0,36,36,2,0,14,77,93,0,14,14,107
11/07/2020,ADW,MD,AEA,EN,Towers with Radar,0,1,1,9,11,0,0,6,16,22,0,1,7,25,33,0,64,64,97
11/08/2020,ADW,MD,AEA,EN,Towers with Radar,0,0,0,15,15,0,0,1,16,17,0,0,1,31,32,0,0,0,32
11/09/2020,ADW,MD,AEA,EN,Towers with Radar,0,0,3,40,43,0,0,7,67,74,0,0,10,107,117,0,82,82,199
11/10/2020,ADW,MD,AEA,EN,Towers with Radar,0,0,9,45,54,0,0,6,50,56,0,0,15,95,110,0,152,152,262
11/11/2020,ADW,MD,AEA,EN,Towers with Radar,0,0,0,5,5,0,0,0,0,0,0,0,0,5,5,0,0,0,5
11/12/2020,ADW,MD,AEA,EN,Towers with Radar,0,0,17,43,60,0,0,6,17,23,0,0,23,60,83,0,40,40,123
11/13/2020,ADW,MD,AEA,EN,Towers with Radar,0,0,8,58,66,0,1,0,35,36,0,1,8,93,102,0,82,82,184
11/14/2020,ADW,MD,AEA,EN,Towers with Radar,0,0,0,40,40,0,0,2,25,27,0,0,2,65,67,0,0,0,67
11/15/2020,ADW,MD,AEA,EN,Towers with Radar,0,0,0,21,21,0,0,5,15,20,0,0,5,36,41,0,12,12,53
11/16/2020,ADW,MD,AEA,EN,Towers with Radar,1,0,4,36,41,0,0,2,31,33,1,0,6,67,74,0,44,44,118
11/17/2020,ADW,MD,AEA,EN,Towers with Radar,4,0,6,63,73,0,0,0,47,47,4,0,6,110,120,0,0,0,120
11/18/2020,ADW,MD,AEA,EN,Towers with Radar,1,1,3,68,73,0,1,8,28,37,1,2,11,96,110,0,83,83,193
11/19/2020,ADW,MD,AEA,EN,Towers with Radar,0,4,8,74,86,0,4,2,53,59,0,8,10,127,145,0,106,106,251
11/20/2020,ADW,MD,AEA,EN,Towers with Radar,0,2,3,46,51,0,0,0,31,31,0,2,3,77,82,0,28,28,110
11/21/2020,ADW,MD,AEA,EN,Towers with Radar,4,1,0,14,19,0,0,6,13,19,4,1,6,27,38,0,0,0,38
11/22/2020,ADW,MD,AEA,EN,Towers with Radar,0,1,0,5,6,0,0,2,11,13,0,1,2,16,19,0,24,24,43
11/23/2020,ADW,MD,AEA,EN,Towers with Radar,0,1,7,36,44,0,0,2,44,46,0,1,9,80,90,0,72,72,162
11/24/2020,ADW,MD,AEA,EN,Towers with Radar,0,1,10,77,88,0,2,2,40,44,0,3,12,117,132,0,200,200,332
11/25/2020,ADW,MD,AEA,EN,Towers with Radar,2,0,6,62,70,0,0,0,15,15,2,0,6,77,85,0,30,30,115
11/26/2020,ADW,MD,AEA,EN,Towers with Radar,0,0,0,4,4,0,0,3,4,7,0,0,3,8,11,0,4,4,15
11/27/2020,ADW,MD,AEA,EN,Towers with Radar,0,0,4,2,6,0,1,3,14,18,0,1,7,16,24,0,0,0,24
11/28/2020,ADW,MD,AEA,EN,Towers with Radar,2,0,0,11,13,0,0,2,13,15,2,0,2,24,28,0,10,10,38
11/29/2020,ADW,MD,AEA,EN,Towers with Radar,2,0,0,32,34,0,4,2,19,25,2,4,2,51,59,0,30,30,89
11/30/2020,ADW,MD,AEA,EN,Towers with Radar,0,0,6,19,25,0,0,3,40,43,0,0,9,59,68,0,76,76,144
12/01/2020,ADW,MD,AEA,EN,Towers with Radar,0,2,3,39,44,0,0,5,58,63,0,2,8,97,107,0,0,0,107
12/02/2020,ADW,MD,AEA,EN,Towers with Radar,0,1,2,38,41,0,0,0,89,89,0,1,2,127,130,0,164,164,294
12/03/2020,ADW,MD,AEA,EN,Towers with Radar,0,0,17,66,83,0,0,7,52,59,0,0,24,118,142,0,94,94,236
12/04/2020,ADW,MD,AEA,EN,Towers with Radar,0,0,3,41,44,0,0,6,40,46,0,0,9,81,90,0,36,36,126
12/05/2020,ADW,MD,AEA,EN,Towers with Radar,0,1,0,21,22,0,0,6,13,19,0,1,6,34,41,0,36,36,77
12/06/2020,ADW,MD,AEA,EN,Towers with Radar,2,0,0,18,20,0,0,4,8,12,2,0,4,26,32,0,50,50,82
12/07/2020,ADW,MD,AEA,EN,Towers with Radar,0,2,19,37,58,0,0,35,24,59,0,2,54,61,117,0,42,42,159
12/08/2020,ADW,MD,AEA,EN,Towers with Radar,2,0,11,56,69,0,0,29,43,72,2,0,40,99,141,0,29,29,170
12/09/2020,ADW,MD,AEA,EN,Towers with Radar,0,0,9,56,65,0,0,3,44,47,0,0,12,100,112,0,145,145,257
12/10/2020,ADW,MD,AEA,EN,Towers with Radar,0,0,4,58,62,0,0,2,53,55,0,0,6,111,117,0,116,116,233
12/11/2020,ADW,MD,AEA,EN,Towers with Radar,0,2,8,43,53,0,2,6,23,31,0,4,14,66,84,0,20,20,104
12/12/2020,ADW,MD,AEA,EN,Towers with Radar,2,0,2,25,29,0,4,2,17,23,2,4,4,42,52,0,24,24,76
12/13/2020,ADW,MD,AEA,EN,Towers with Radar,0,0,2,22,24,0,0,12,16,28,0,0,14,38,52,0,74,74,126
12/14/2020,ADW,MD,AEA,EN,Towers with Radar,0,0,2,48,50,0,0,2,29,31,0,0,4,77,81,0,26,26,107
12/15/2020,ADW,MD,AEA,EN,Towers with Radar,0,1,5,95,101,0,0,2,55,57,0,1,7,150,158,0,42,42,200
12/16/2020,ADW,MD,AEA,EN,Towers with Radar,0,1,0,19,20,0,0,1,12,13,0,1,1,31,33,1,16,17,50
12/17/2020,ADW,MD,AEA,EN,Towers with Radar,0,1,15,49,65,0,0,10,46,56,0,1,25,95,121,0,152,152,273
12/18/2020,ADW,MD,AEA,EN,Towers with Radar,0,0,31,39,70,0,2,8,22,32,0,2,39,61,102,0,0,0,102
12/19/2020,ADW,MD,AEA,EN,Towers with Radar,0,0,1,24,25,0,0,4,10,14,0,0,5,34,39,6,30,36,75
12/20/2020,ADW,MD,AEA,EN,Towers with Radar,0,0,0,13,13,0,1,2,11,14,0,1,2,24,27,0,0,0,27
12/21/2020,ADW,MD,AEA,EN,Towers with Radar,2,0,11,46,59,0,0,1,27,28,2,0,12,73,87,0,168,168,255
12/22/2020,ADW,MD,AEA,EN,Towers with Radar,5,1,5,37,48,0,0,5,22,27,5,1,10,59,75,0,72,72,147
12/23/2020,ADW,MD,AEA,EN,Towers with Radar,1,2,4,45,52,0,1,7,34,42,1,3,11,79,94,0,132,132,226
12/24/2020,ADW,MD,AEA,EN,Towers with Radar,0,0,2,9,11,0,0,1,7,8,0,0,3,16,19,0,0,0,19
12/25/2020,ADW,MD,AEA,EN,Towers with Radar,0,0,0,4,4,0,0,1,2,3,0,0,1,6,7,0,0,0,7
12/26/2020,ADW,MD,AEA,EN,Towers with Radar,0,0,3,0,3,0,0,5,0,5,0,0,8,0,8,0,0,0,8
12/27/2020,ADW,MD,AEA,EN,Towers with Radar,1,0,1,2,4,0,0,3,9,12,1,0,4,11,16,0,0,0,16
12/28/2020,ADW,MD,AEA,EN,Towers with Radar,1,0,2,32,35,0,1,6,25,32,1,1,8,57,67,0,58,58,125
12/29/2020,ADW,MD,AEA,EN,Towers with Radar,0,0,8,42,50,0,2,6,18,26,0,2,14,60,76,0,104,104,180
12/30/2020,ADW,MD,AEA,EN,Towers with Radar,0,0,6,50,56,0,0,0,12,12,0,0,6,62,68,0,54,54,122
12/31/2020,ADW,MD,AEA,EN,Towers with Radar,0,0,0,12,12,0,0,5,16,21,0,0,5,28,33,0,64,64,97
01/01/2021,ADW,MD,AEA,EN,Towers with Radar,0,0,2,15,17,0,0,1,5,6,0,0,3,20,23,0,0,0,23
01/02/2021,ADW,MD,AEA,EN,Towers with Radar,0,0,0,12,12,0,0,1,28,29,0,0,1,40,41,0,0,0,41
01/03/2021,ADW,MD,AEA,EN,Towers with Radar,2,0,0,12,14,0,0,0,0,0,2,0,0,12,14,0,0,0,14
01/04/2021,ADW,MD,AEA,EN,Towers with Radar,0,0,5,34,39,0,1,2,49,52,0,1,7,83,91,0,90,90,181
01/05/2021,ADW,MD,AEA,EN,Towers with Radar,0,0,4,76,80,0,0,12,47,59,0,0,16,123,139,0,186,186,325
01/06/2021,ADW,MD,AEA,EN,Towers with Radar,2,0,12,44,58,0,0,0,25,25,2,0,12,69,83,0,38,38,121
01/07/2021,ADW,MD,AEA,EN,Towers with Radar,0,0,3,87,90,0,2,2,57,61,0,2,5,144,151,0,114,114,265
01/08/2021,ADW,MD,AEA,EN,Towers with Radar,0,0,4,39,43,0,0,3,29,32,0,0,7,68,75,0,0,0,75
01/09/2021,ADW,MD,AEA,EN,Towers with Radar,0,0,0,16,16,0,0,0,1,1,0,0,0,17,17,0,0,0,17
01/10/2021,ADW,MD,AEA,EN,Towers with Radar,2,0,0,22,24,0,0,1,23,24,2,0,1,45,48,0,56,56,104
01/11/2021,ADW,MD,AEA,EN,Towers with Radar,2,0,4,40,46,0,0,6,61,67,2,0,10,101,113,0,104,104,217
01/12/2021,ADW,MD,AEA,EN,Towers with Radar,2,0,4,59,65,0,0,2,74,76,2,0,6,133,141,0,148,148,289
01/13/2021,ADW,MD,AEA,EN,Towers with Radar,0,0,2,55,57,0,1,6,72,79,0,1,8,127,136,0,76,76,212
01/14/2021,ADW,MD,AEA,EN,Towers with Radar,2,0,8,70,80,0,1,10,65,76,2,1,18,135,156,0,152,152,308
01/15/2021,ADW,MD,AEA,EN,Towers with Radar,0,0,6,81,87,0,1,1,20,22,0,1,7,101,109,0,21,21,130
01/16/2021,ADW,MD,AEA,EN,Towers with Radar,0,0,0,119,119,0,0,0,16,16,0,0,0,135,135,0,136,136,271
01/17/2021,ADW,MD,AEA,EN,Towers with Radar,0,0,2,102,104,0,0,5,23,28,0,0,7,125,132,0,104,104,236
01/18/2021,ADW,MD,AEA,EN,Towers with Radar,0,1,0,76,77,0,1,7,7,15,0,2,7,83,92,0,58,58,150
01/19/2021,ADW,MD,AEA,EN,Towers with Radar,5,2,5,52,64,0,0,5,22,27,5,2,10,74,91,0,36,36,127
01/20/2021,ADW,MD,AEA,EN,Towers with Radar,0,0,0,26,26,0,1,4,15,20,0,1,4,41,46,0,24,24,70
01/21/2021,ADW,MD,AEA,EN,Towers with Radar,1,0,18,49,68,0,2,2,27,31,1,2,20,76,99,0,46,46,145
01/22/2021,ADW,MD,AEA,EN,Towers with Radar,2,0,30,56,88,0,2,2,49,53,2,2,32,105,141,0,184,184,325
01/23/2021,ADW,MD,AEA,EN,Towers with Radar,0,0,0,50,50,0,0,2,2,4,0,0,2,52,54,0,6,6,60
01/24/2021,ADW,MD,AEA,EN,Towers with Radar,0,2,1,71,74,0,0,5,30,35,0,2,6,101,109,0,30,30,139
01/25/2021,ADW,MD,AEA,EN,Towers with Radar,0,0,29,69,98,0,0,5,34,39,0,0,34,103,137,0,150,150,287
01/26/2021,ADW,MD,AEA,EN,Towers with Radar,0,2,2,63,67,0,0,0,0,0,0,2,2,63,67,0,0,0,67
01/27/2021,ADW,MD,AEA,EN,Towers with Radar,0,1,46,73,120,0,0,19,39,58,0,1,65,112,178,0,0,0,178
01/28/2021,ADW,MD,AEA,EN,Towers with Radar,4,0,5,51,60,0,0,2,58,60,4,0,7,109,120,0,62,62,182
01/29/2021,ADW,MD,AEA,EN,Towers with Radar,1,0,8,46,55,0,0,4,21,25,1,0,12,67,80,0,22,22,102
01/30/2021,ADW,MD,AEA,EN,Towers with Radar,1,2,2,15,20,0,0,11,12,23,1,2,13,27,43,0,18,18,61
01/31/2021,ADW,MD,AEA,EN,Towers with Radar,4,0,0,2,6,0,0,1,0,1,4,0,1,2,7,0,0,0,7
02/01/2021,ADW,MD,AEA,EN,Towers with Radar,0,2,0,4,6,0,0,0,1,1,0,2,0,5,7,0,0,0,7
02/02/2021,ADW,MD,AEA,EN,Towers with Radar,0,0,2,16,18,0,0,3,37,40,0,0,5,53,58,0,46,46,104
02/03/2021,ADW,MD,AEA,EN,Towers with Radar,0,0,7,63,70,0,0,0,53,53,0,0,7,116,123,0,132,132,255
02/04/2021,ADW,MD,AEA,EN,Towers with Radar,1,2,36,54,93,0,2,12,42,56,1,4,48,96,149,0,0,0,149
02/05/2021,ADW,MD,AEA,EN,Towers with Radar,0,0,2,41,43,0,0,1,49,50,0,0,3,90,93,0,114,114,207
02/06/2021,ADW,MD,AEA,EN,Towers with Radar,0,1,9,10,20,0,0,7,22,29,0,1,16,32,49,0,50,50,99
02/07/2021,ADW,MD,AEA,EN,Towers with Radar,0,0,0,14,14,0,0,1,8,9,0,0,1,22,23,0,0,0,23
02/08/2021,ADW,MD,AEA,EN,Towers with Radar,0,0,8,38,46,0,0,14,37,51,0,0,22,75,97,0,142,142,239
02/09/2021,ADW,MD,AEA,EN,Towers with Radar,0,0,14,75,89,0,2,8,37,47,0,2,22,112,136,0,180,180,316
02/10/2021,ADW,MD,AEA,EN,Towers with Radar,0,0,1,52,53,0,1,12,35,48,0,1,13,87,101,0,66,66,167
02/11/2021,ADW,MD,AEA,EN,Towers with Radar,0,1,5,16,22,0,0,0,19,19,0,1,5,35,41,0,34,34,75
02/12/2021,ADW,MD,AEA,EN,Towers with Radar,0,4,5,14,23,0,0,3,38,41,0,4,8,52,64,0,96,96,160
02/13/2021,ADW,MD,AEA,EN,Towers with Radar,0,1,0,4,5,0,0,0,0,0,0,1,0,4,5,0,0,0,5
02/14/2021,ADW,MD,AEA,EN,Towers with Radar,0,0,0,8,8,0,0,0,0,0,0,0,0,8,8,0,0,0,8
02/15/2021,ADW,MD,AEA,EN,Towers with Radar,1,1,2,11,15,0,0,0,12,12,1,1,2,23,27,0,78,78,105
02/16/2021,ADW,MD,AEA,EN,Towers with Radar,1,0,2,56,59,0,0,2,35,37,1,0,4,91,96,0,0,0,96
02/17/2021,ADW,MD,AEA,EN,Towers with Radar,0,6,14,79,99,0,8,3,45,56,0,14,17,124,155,0,90,90,245
02/18/2021,ADW,MD,AEA,EN,Towers with Radar,0,0,0,0,0,0,0,0,0,0,0,0,0,0,0,0,0,0,0
02/19/2021,ADW,MD,AEA,EN,Towers with Radar,0,4,0,34,38,0,0,3,22,25,0,4,3,56,63,0,0,0,63
02/20/2021,ADW,MD,AEA,EN,Towers with Radar,0,0,2,15,17,0,0,2,25,27,0,0,4,40,44,0,69,69,113
02/21/2021,ADW,MD,AEA,EN,Towers with Radar,0,0,3,41,44,0,0,2,19,21,0,0,5,60,65,0,44,44,109
02/22/2021,ADW,MD,AEA,EN,Towers with Radar,0,0,5,26,31,0,0,2,9,11,0,0,7,35,42,0,0,0,42
02/23/2021,ADW,MD,AEA,EN,Towers with Radar,0,0,18,44,62,0,1,11,58,70,0,1,29,102,132,0,106,106,238
02/24/2021,ADW,MD,AEA,EN,Towers with Radar,2,1,6,51,60,0,1,0,58,59,2,2,6,109,119,0,190,190,309
02/25/2021,ADW,MD,AEA,EN,Towers with Radar,0,0,22,73,95,0,1,3,49,53,0,1,25,122,148,0,120,120,268
02/26/2021,ADW,MD,AEA,EN,Towers with Radar,0,0,2,63,65,0,0,8,22,30,0,0,10,85,95,0,42,42,137
02/27/2021,ADW,MD,AEA,EN,Towers with Radar,0,0,0,10,10,0,1,3,19,23,0,1,3,29,33,0,46,46,79
02/28/2021,ADW,MD,AEA,EN,Towers with Radar,0,1,1,11,13,0,0,0,2,2,0,1,1,13,15,0,12,12,27
03/01/2021,ADW,MD,AEA,EN,Towers with Radar,9,0,4,46,59,0,0,0,42,42,9,0,4,88,101,0,84,84,185
03/02/2021,ADW,MD,AEA,EN,Towers with Radar,1,0,14,63,78,0,12,14,60,86,1,12,28,123,164,0,275,275,439
03/03/2021,ADW,MD,AEA,EN,Towers with Radar,1,0,25,44,70,0,0,2,56,58,1,0,27,100,128,0,164,164,292
03/04/2021,ADW,MD,AEA,EN,Towers with Radar,0,0,4,62,66,0,0,5,44,49,0,0,9,106,115,0,68,68,183
03/05/2021,ADW,MD,AEA,EN,Towers with Radar,0,1,14,44,59,0,0,3,35,38,0,1,17,79,97,0,112,112,209
03/06/2021,ADW,MD,AEA,EN,Towers with Radar,0,0,0,15,15,0,0,1,9,10,0,0,1,24,25,0,2,2,27
03/07/2021,ADW,MD,AEA,EN,Towers with Radar,0,0,0,39,39,0,0,4,32,36,0,0,4,71,75,0,82,82,157
03/08/2021,ADW,MD,AEA,EN,Towers with Radar,2,0,2,40,44,0,0,6,52,58,2,0,8,92,102,0,88,88,190
03/09/2021,ADW,MD,AEA,EN,Towers with Radar,0,0,11,60,71,0,1,0,70,71,0,1,11,130,142,0,154,154,296
03/10/2021,ADW,MD,AEA,EN,Towers with Radar,0,2,12,52,66,0,2,2,74,78,0,4,14,126,144,0,0,0,144
03/11/2021,ADW,MD,AEA,EN,Towers with Radar,2,1,8,83,94,0,2,15,25,42,2,3,23,108,136,0,182,182,318
03/12/2021,ADW,MD,AEA,EN,Towers with Radar,2,0,10,76,88,0,0,0,46,46,2,0,10,122,134,0,98,98,232
03/13/2021,ADW,MD,AEA,EN,Towers with Radar,0,0,0,22,22,0,2,2,24,28,0,2,2,46,50,0,26,26,76
03/14/2021,ADW,MD,AEA,EN,Towers with Radar,3,0,0,37,40,0,0,0,13,13,3,0,0,50,53,0,14,14,67
03/15/2021,ADW,MD,AEA,EN,Towers with Radar,8,1,1,86,96,0,0,17,46,63,8,1,18,132,159,6,94,100,259
03/16/2021,ADW,MD,AEA,EN,Towers with Radar,0,0,3,73,76,0,0,3,43,46,0,0,6,116,122,0,126,126,248
03/17/2021,ADW,MD,AEA,EN,Towers with Radar,0,0,8,56,64,0,0,6,34,40,0,0,14,90,104,0,32,32,136
03/18/2021,ADW,MD,AEA,EN,Towers with Radar,1,0,4,29,34,0,0,0,0,0,1,0,4,29,34,0,0,0,34
03/19/2021,ADW,MD,AEA,EN,Towers with Radar,3,3,0,54,60,0,1,5,39,45,3,4,5,93,105,0,0,0,105
03/20/2021,ADW,MD,AEA,EN,Towers with Radar,0,0,4,51,55,0,0,2,8,10,0,0,6,59,65,0,70,70,135
03/21/2021,ADW,MD,AEA,EN,Towers with Radar,2,0,2,26,30,0,1,2,23,26,2,1,4,49,56,0,80,80,136
03/22/2021,ADW,MD,AEA,EN,Towers with Radar,0,2,9,31,42,0,0,7,49,56,0,2,16,80,98,0,34,34,132
03/23/2021,ADW,MD,AEA,EN,Towers with Radar,0,0,9,76,85,0,0,9,84,93,0,0,18,160,178,2,154,156,334
03/24/2021,ADW,MD,AEA,EN,Towers with Radar,2,1,4,20,27,0,0,0,0,0,2,1,4,20,27,0,0,0,27
03/25/2021,ADW,MD,AEA,EN,Towers with Radar,0,2,9,57,68,0,0,3,29,32,0,2,12,86,100,0,44,44,144
03/26/2021,ADW,MD,AEA,EN,Towers with Radar,0,0,6,30,36,0,0,5,35,40,0,0,11,65,76,0,54,54,130
03/27/2021,ADW,MD,AEA,EN,Towers with Radar,0,0,2,16,18,0,0,4,21,25,0,0,6,37,43,0,0,0,43
03/28/2021,ADW,MD,AEA,EN,Towers with Radar,0,0,0,19,19,0,0,2,10,12,0,0,2,29,31,0,0,0,31
03/29/2021,ADW,MD,AEA,EN,Towers with Radar,1,0,16,59,76,0,1,1,64,66,1,1,17,123,142,0,142,142,284
03/30/2021,ADW,MD,AEA,EN,Towers with Radar,0,0,6,83,89,0,0,8,71,79,0,0,14,154,168,0,110,110,278
03/31/2021,ADW,MD,AEA,EN,Towers with Radar,0,0,4,43,47,0,0,2,26,28,0,0,6,69,75,0,68,68,143
04/01/2021,ADW,MD,AEA,EN,Towers with Radar,0,0,6,53,59,0,0,4,48,52,0,0,10,101,111,0,96,96,207
04/02/2021,ADW,MD,AEA,EN,Towers with Radar,0,0,6,16,22,0,1,2,33,36,0,1,8,49,58,0,32,32,90
04/03/2021,ADW,MD,AEA,EN,Towers with Radar,0,0,0,5,5,0,1,10,19,30,0,1,10,24,35,0,44,44,79
04/04/2021,ADW,MD,AEA,EN,Towers with Radar,0,0,0,15,15,0,0,3,6,9,0,0,3,21,24,0,10,10,34
04/05/2021,ADW,MD,AEA,EN,Towers with Radar,0,2,2,33,37,0,0,4,56,60,0,2,6,89,97,0,134,134,231
04/06/2021,ADW,MD,AEA,EN,Towers with Radar,0,0,10,64,74,0,0,5,64,69,0,0,15,128,143,0,146,146,289
04/07/2021,ADW,MD,AEA,EN,Towers with Radar,0,0,10,26,36,0,1,13,37,51,0,1,23,63,87,0,0,0,87
04/08/2021,ADW,MD,AEA,EN,Towers with Radar,0,0,9,37,46,0,0,3,56,59,0,0,12,93,105,0,46,46,151
04/09/2021,ADW,MD,AEA,EN,Towers with Radar,0,2,2,28,32,0,0,3,26,29,0,2,5,54,61,0,32,32,93
04/10/2021,ADW,MD,AEA,EN,Towers with Radar,0,0,0,16,16,0,0,10,20,30,0,0,10,36,46,0,38,38,84
04/11/2021,ADW,MD,AEA,EN,Towers with Radar,1,0,0,14,15,0,1,2,9,12,1,1,2,23,27,0,16,16,43
04/12/2021,ADW,MD,AEA,EN,Towers with Radar,0,1,8,21,30,0,0,1,38,39,0,1,9,59,69,0,72,72,141
04/13/2021,ADW,MD,AEA,EN,Towers with Radar,1,0,11,51,63,0,0,4,55,59,1,0,15,106,122,0,86,86,208
04/14/2021,ADW,MD,AEA,EN,Towers with Radar,0,0,5,69,74,0,0,7,36,43,0,0,12,105,117,0,118,118,235
04/15/2021,ADW,MD,AEA,EN,Towers with Radar,0,0,8,64,72,0,0,2,57,59,0,0,10,121,131,0,0,0,131
04/16/2021,ADW,MD,AEA,EN,Towers with Radar,1,0,15,39,55,0,0,8,28,36,1,0,23,67,91,0,40,40,131
04/17/2021,ADW,MD,AEA,EN,Towers with Radar,1,0,5,20,26,0,2,9,13,24,1,2,14,33,50,0,58,58,108
04/18/2021,ADW,MD,AEA,EN,Towers with Radar,0,0,0,20,20,0,0,4,9,13,0,0,4,29,33,0,0,0,33
04/19/2021,ADW,MD,AEA,EN,Towers with Radar,0,1,19,42,62,0,2,7,62,71,0,3,26,104,133,0,188,188,321
04/20/2021,ADW,MD,AEA,EN,Towers with Radar,0,1,13,64,78,0,0,8,37,45,0,1,21,101,123,0,110,110,233
04/21/2021,ADW,MD,AEA,EN,Towers with Radar,0,0,8,45,53,0,1,2,43,46,0,1,10,88,99,0,0,0,99
04/22/2021,ADW,MD,AEA,EN,Towers with Radar,0,1,7,55,63,0,0,11,46,57,0,1,18,101,120,0,68,68,188
04/23/2021,ADW,MD,AEA,EN,Towers with Radar,0,1,5,47,53,0,0,7,31,38,0,1,12,78,91,0,0,0,91
04/24/2021,ADW,MD,AEA,EN,Towers with Radar,0,0,0,28,28,0,0,0,23,23,0,0,0,51,51,0,0,0,51
04/25/2021,ADW,MD,AEA,EN,Towers with Radar,1,0,0,15,16,0,0,1,7,8,1,0,1,22,24,0,18,18,42
04/26/2021,ADW,MD,AEA,EN,Towers with Radar,3,0,15,39,57,0,0,6,62,68,3,0,21,101,125,0,94,94,219
04/27/2021,ADW,MD,AEA,EN,Towers with Radar,0,0,4,82,86,0,0,1,28,29,0,0,5,110,115,0,40,40,155
04/28/2021,ADW,MD,AEA,EN,Towers with Radar,0,0,5,47,52,0,2,11,22,35,0,2,16,69,87,0,6,6,93
04/29/2021,ADW,MD,AEA,EN,Towers with Radar,0,0,3,68,71,0,0,9,30,39,0,0,12,98,110,0,74,74,184
04/30/2021,ADW,MD,AEA,EN,Towers with Radar,0,0,5,26,31,0,1,4,11,16,0,1,9,37,47,0,56,56,103
05/01/2021,ADW,MD,AEA,EN,Towers with Radar,0,0,2,38,40,0,2,2,6,10,0,2,4,44,50,0,0,0,50
05/02/2021,ADW,MD,AEA,EN,Towers with Radar,2,0,0,17,19,0,0,0,17,17,2,0,0,34,36,0,58,58,94
05/03/2021,ADW,MD,AEA,EN,Towers with Radar,0,0,4,40,44,0,0,4,58,62,0,0,8,98,106,0,74,74,180
05/04/2021,ADW,MD,AEA,EN,Towers with Radar,2,0,20,62,84,0,0,7,47,54,2,0,27,109,138,0,160,160,298
05/05/2021,ADW,MD,AEA,EN,Towers with Radar,0,0,0,69,69,0,0,4,22,26,0,0,4,91,95,0,0,0,95
05/06/2021,ADW,MD,AEA,EN,Towers with Radar,1,2,3,89,95,0,0,12,55,67,1,2,15,144,162,0,104,104,266
05/07/2021,ADW,MD,AEA,EN,Towers with Radar,0,0,6,67,73,0,0,3,24,27,0,0,9,91,100,0,58,58,158
05/08/2021,ADW,MD,AEA,EN,Towers with Radar,1,1,0,33,35,0,1,2,12,15,1,2,2,45,50,0,100,100,150
05/09/2021,ADW,MD,AEA,EN,Towers with Radar,0,1,0,15,16,0,0,0,8,8,0,1,0,23,24,0,76,76,100
05/10/2021,ADW,MD,AEA,EN,Towers with Radar,1,1,2,57,61,0,0,3,55,58,1,1,5,112,119,0,202,202,321
05/11/2021,ADW,MD,AEA,EN,Towers with Radar,1,1,8,40,50,0,1,7,32,40,1,2,15,72,90,0,104,104,194
05/12/2021,ADW,MD,AEA,EN,Towers with Radar,0,0,16,48,64,0,1,2,42,45,0,1,18,90,109,0,126,126,235
05/13/2021,ADW,MD,AEA,EN,Towers with Radar,0,1,8,62,71,0,0,4,61,65,0,1,12,123,136,0,154,154,290
05/14/2021,ADW,MD,AEA,EN,Towers with Radar,0,0,4,61,65,0,0,6,31,37,0,0,10,92,102,0,112,112,214
05/15/2021,ADW,MD,AEA,EN,Towers with Radar,0,0,6,27,33,0,1,5,15,21,0,1,11,42,54,0,28,28,82
05/16/2021,ADW,MD,AEA,EN,Towers with Radar,0,0,2,15,17,0,0,2,11,13,0,0,4,26,30,0,30,30,60
05/17/2021,ADW,MD,AEA,EN,Towers with Radar,0,0,3,31,34,0,0,7,60,67,0,0,10,91,101,0,128,128,229
05/18/2021,ADW,MD,AEA,EN,Towers with Radar,2,0,6,64,72,0,2,9,50,61,2,2,15,114,133,0,104,104,237
05/19/2021,ADW,MD,AEA,EN,Towers with Radar,5,0,12,40,57,0,2,10,28,40,5,2,22,68,97,0,0,0,97
05/20/2021,ADW,MD,AEA,EN,Towers with Radar,0,1,11,62,74,0,0,3,30,33,0,1,14,92,107,0,16,16,123
05/21/2021,ADW,MD,AEA,EN,Towers with Radar,0,0,8,34,42,0,0,5,29,34,0,0,13,63,76,0,42,42,118
05/22/2021,ADW,MD,AEA,EN,Towers with Radar,1,0,0,22,23,0,0,2,17,19,1,0,2,39,42,0,58,58,100
05/23/2021,ADW,MD,AEA,EN,Towers with Radar,0,0,4,19,23,0,0,5,10,15,0,0,9,29,38,0,36,36,74
05/24/2021,ADW,MD,AEA,EN,Towers with Radar,0,0,13,64,77,0,0,1,58,59,0,0,14,122,136,0,216,216,352
05/25/2021,ADW,MD,AEA,EN,Towers with Radar,4,0,9,60,73,0,0,4,79,83,4,0,13,139,156,0,176,176,332
05/26/2021,ADW,MD,AEA,EN,Towers with Radar,0,0,8,53,61,0,0,5,48,53,0,0,13,101,114,0,118,118,232
05/27/2021,ADW,MD,AEA,EN,Towers with Radar,0,0,2,66,68,0,0,3,55,58,0,0,5,121,126,0,24,24,150
05/28/2021,ADW,MD,AEA,EN,Towers with Radar,2,0,4,19,25,0,0,8,6,14,2,0,12,25,39,0,0,0,39
05/29/2021,ADW,MD,AEA,EN,Towers with Radar,0,0,2,10,12,0,0,0,0,0,0,0,2,10,12,0,0,0,12
05/30/2021,ADW,MD,AEA,EN,Towers with Radar,4,0,0,10,14,0,0,3,18,21,4,0,3,28,35,0,40,40,75
05/31/2021,ADW,MD,AEA,EN,Towers with Radar,0,0,0,8,8,0,0,4,23,27,0,0,4,31,35,0,68,68,103
06/01/2021,ADW,MD,AEA,EN,Towers with Radar,0,0,18,42,60,0,0,10,49,59,0,0,28,91,119,0,78,78,197
06/02/2021,ADW,MD,AEA,EN,Towers with Radar,0,1,2,60,63,0,6,2,52,60,0,7,4,112,123,0,136,136,259
06/03/2021,ADW,MD,AEA,EN,Towers with Radar,0,0,31,59,90,0,0,5,28,33,0,0,36,87,123,0,142,142,265
06/04/2021,ADW,MD,AEA,EN,Towers with Radar,0,0,4,42,46,0,0,2,20,22,0,0,6,62,68,0,0,0,68
06/05/2021,ADW,MD,AEA,EN,Towers with Radar,1,0,0,26,27,0,0,2,12,14,1,0,2,38,41,0,0,0,41
06/06/2021,ADW,MD,AEA,EN,Towers with Radar,1,1,0,40,42,0,1,8,9,18,1,2,8,49,60,0,44,44,104
06/07/2021,ADW,MD,AEA,EN,Towers with Radar,0,1,2,24,27,0,0,4,45,49,0,1,6,69,76,0,88,88,164
06/08/2021,ADW,MD,AEA,EN,Towers with Radar,0,0,0,64,64,0,0,4,45,49,0,0,4,109,113,0,180,180,293
06/09/2021,ADW,MD,AEA,EN,Towers with Radar,0,1,10,53,64,0,0,5,33,38,0,1,15,86,102,0,0,0,102
06/10/2021,ADW,MD,AEA,EN,Towers with Radar,0,0,0,63,63,0,0,0,20,20,0,0,0,83,83,0,48,48,131
06/11/2021,ADW,MD,AEA,EN,Towers with Radar,1,0,2,35,38,0,0,0,0,0,1,0,2,35,38,0,0,0,38
06/12/2021,ADW,MD,AEA,EN,Towers with Radar,0,0,3,26,29,0,1,1,6,8,0,1,4,32,37,0,50,50,87
06/13/2021,ADW,MD,AEA,EN,Towers with Radar,0,0,0,19,19,0,1,2,11,14,0,1,2,30,33,0,24,24,57
06/14/2021,ADW,MD,AEA,EN,Towers with Radar,2,2,4,55,63,0,2,7,57,66,2,4,11,112,129,0,104,104,233
06/15/2021,ADW,MD,AEA,EN,Towers with Radar,1,2,2,58,63,0,0,2,53,55,1,2,4,111,118,0,82,82,200
06/16/2021,ADW,MD,AEA,EN,Towers with Radar,0,1,0,60,61,0,1,7,46,54,0,2,7,106,115,0,0,0,115
06/17/2021,ADW,MD,AEA,EN,Towers with Radar,0,3,4,62,69,0,1,3,67,71,0,4,7,129,140,0,132,132,272
06/18/2021,ADW,MD,AEA,EN,Towers with Radar,2,1,13,22,38,0,1,6,15,22,2,2,19,37,60,0,18,18,78
06/19/2021,ADW,MD,AEA,EN,Towers with Radar,0,1,0,11,12,0,0,3,7,10,0,1,3,18,22,0,42,42,64
06/20/2021,ADW,MD,AEA,EN,Towers with Radar,2,0,2,13,17,0,0,4,17,21,2,0,6,30,38,0,38,38,76
06/21/2021,ADW,MD,AEA,EN,Towers with Radar,0,0,12,39,51,0,0,12,54,66,0,0,24,93,117,0,112,112,229
06/22/2021,ADW,MD,AEA,EN,Towers with Radar,0,1,26,30,57,0,2,2,37,41,0,3,28,67,98,0,110,110,208
06/23/2021,ADW,MD,AEA,EN,Towers with Radar,0,0,8,45,53,0,0,7,51,58,0,0,15,96,111,0,82,82,193
06/24/2021,ADW,MD,AEA,EN,Towers with Radar,1,0,4,76,81,0,0,8,73,81,1,0,12,149,162,0,116,116,278
06/25/2021,ADW,MD,AEA,EN,Towers with Radar,3,0,8,37,48,0,0,4,19,23,3,0,12,56,71,0,24,24,95
06/26/2021,ADW,MD,AEA,EN,Towers with Radar,4,1,0,15,20,0,2,6,20,28,4,3,6,35,48,0,22,22,70
06/27/2021,ADW,MD,AEA,EN,Towers with Radar,0,0,0,21,21,0,1,0,17,18,0,1,0,38,39,0,22,22,61
06/28/2021,ADW,MD,AEA,EN,Towers with Radar,4,0,9,50,63,0,2,17,38,57,4,2,26,88,120,0,0,0,120
06/29/2021,ADW,MD,AEA,EN,Towers with Radar,0,0,8,69,77,0,0,5,43,48,0,0,13,112,125,0,100,100,225
06/30/2021,ADW,MD,AEA,EN,Towers with Radar,0,2,0,29,31,0,1,5,23,29,0,3,5,52,60,0,38,38,98
07/01/2021,ADW,MD,AEA,EN,Towers with Radar,4,0,10,59,73,0,0,4,36,40,4,0,14,95,113,0,54,54,167
07/02/2021,ADW,MD,AEA,EN,Towers with Radar,0,0,6,40,46,0,0,3,13,16,0,0,9,53,62,0,18,18,80
07/03/2021,ADW,MD,AEA,EN,Towers with Radar,2,0,0,26,28,0,0,5,10,15,2,0,5,36,43,0,36,36,79
07/04/2021,ADW,MD,AEA,EN,Towers with Radar,0,0,0,10,10,0,0,12,11,23,0,0,12,21,33,0,0,0,33
07/05/2021,ADW,MD,AEA,EN,Towers with Radar,0,0,0,9,9,0,0,7,10,17,0,0,7,19,26,0,0,0,26
07/06/2021,ADW,MD,AEA,EN,Towers with Radar,1,0,4,32,37,0,1,10,39,50,1,1,14,71,87,0,60,60,147
07/07/2021,ADW,MD,AEA,EN,Towers with Radar,1,2,2,38,43,0,0,3,38,41,1,2,5,76,84,0,0,0,84
07/08/2021,ADW,MD,AEA,EN,Towers with Radar,0,0,12,37,49,0,0,1,33,34,0,0,13,70,83,0,20,20,103
07/09/2021,ADW,MD,AEA,EN,Towers with Radar,1,1,22,39,63,0,0,5,37,42,1,1,27,76,105,0,0,0,105
07/10/2021,ADW,MD,AEA,EN,Towers with Radar,1,0,0,13,14,0,0,8,9,17,1,0,8,22,31,0,58,58,89
07/11/2021,ADW,MD,AEA,EN,Towers with Radar,1,0,0,22,23,0,0,4,27,31,1,0,4,49,54,0,36,36,90
07/12/2021,ADW,MD,AEA,EN,Towers with Radar,2,0,1,42,45,0,0,4,54,58,2,0,5,96,103,0,122,122,225
07/13/2021,ADW,MD,AEA,EN,Towers with Radar,0,1,6,74,81,0,0,3,61,64,0,1,9,135,145,0,64,64,209
07/14/2021,ADW,MD,AEA,EN,Towers with Radar,4,4,4,38,50,0,3,3,31,37,4,7,7,69,87,0,68,68,155
07/15/2021,ADW,MD,AEA,EN,Towers with Radar,3,0,19,35,57,0,0,7,47,54,3,0,26,82,111,0,58,58,169
07/16/2021,ADW,MD,AEA,EN,Towers with Radar,0,0,22,32,54,0,0,1,37,38,0,0,23,69,92,0,36,36,128
07/17/2021,ADW,MD,AEA,EN,Towers with Radar,1,3,4,10,18,0,0,4,9,13,1,3,8,19,31,0,40,40,71
07/18/2021,ADW,MD,AEA,EN,Towers with Radar,0,0,1,25,26,0,0,3,8,11,0,0,4,33,37,0,0,0,37
07/19/2021,ADW,MD,AEA,EN,Towers with Radar,0,0,10,46,56,0,1,10,54,65,0,1,20,100,121,0,196,196,317
07/20/2021,ADW,MD,AEA,EN,Towers with Radar,0,1,6,55,62,0,0,7,48,55,0,1,13,103,117,0,134,134,251
07/21/2021,ADW,MD,AEA,EN,Towers with Radar,0,0,5,55,60,0,1,4,67,72,0,1,9,122,132,0,84,84,216
07/22/2021,ADW,MD,AEA,EN,Towers with Radar,0,1,2,47,50,0,1,6,67,74,0,2,8,114,124,0,116,116,240
07/23/2021,ADW,MD,AEA,EN,Towers with Radar,3,1,6,35,45,0,0,8,45,53,3,1,14,80,98,0,44,44,142
07/24/2021,ADW,MD,AEA,EN,Towers with Radar,0,0,4,24,28,0,1,3,18,22,0,1,7,42,50,0,50,50,100
07/25/2021,ADW,MD,AEA,EN,Towers with Radar,1,0,0,26,27,0,0,8,22,30,1,0,8,48,57,0,0,0,57
07/26/2021,ADW,MD,AEA,EN,Towers with Radar,2,0,14,49,65,0,0,8,37,45,2,0,22,86,110,0,92,92,202
07/27/2021,ADW,MD,AEA,EN,Towers with Radar,2,1,4,66,73,0,0,8,27,35,2,1,12,93,108,0,106,106,214
07/28/2021,ADW,MD,AEA,EN,Towers with Radar,1,0,8,47,56,0,0,9,36,45,1,0,17,83,101,0,0,0,101
07/29/2021,ADW,MD,AEA,EN,Towers with Radar,4,0,9,47,60,0,0,6,29,35,4,0,15,76,95,0,86,86,181
07/30/2021,ADW,MD,AEA,EN,Towers with Radar,0,0,9,42,51,0,0,6,42,48,0,0,15,84,99,0,12,12,111
07/31/2021,ADW,MD,AEA,EN,Towers with Radar,0,0,1,13,14,0,0,4,17,21,0,0,5,30,35,0,0,0,35
08/01/2021,ADW,MD,AEA,EN,Towers with Radar,0,0,0,7,7,0,0,0,22,22,0,0,0,29,29,0,58,58,87
08/02/2021,ADW,MD,AEA,EN,Towers with Radar,0,0,30,45,75,0,0,4,43,47,0,0,34,88,122,0,158,158,280
08/03/2021,ADW,MD,AEA,EN,Towers with Radar,0,0,9,55,64,0,0,1,32,33,0,0,10,87,97,0,71,71,168
08/04/2021,ADW,MD,AEA,EN,Towers with Radar,0,0,6,42,48,0,0,6,37,43,0,0,12,79,91,0,36,36,127
08/05/2021,ADW,MD,AEA,EN,Towers with Radar,0,0,5,39,44,0,0,0,33,33,0,0,5,72,77,0,136,136,213
08/06/2021,ADW,MD,AEA,EN,Towers with Radar,0,0,24,30,54,0,0,7,39,46,0,0,31,69,100,0,26,26,126
08/07/2021,ADW,MD,AEA,EN,Towers with Radar,0,0,2,14,16,0,1,0,10,11,0,1,2,24,27,0,0,0,27
08/08/2021,ADW,MD,AEA,EN,Towers with Radar,0,0,2,20,22,0,0,0,5,5,0,0,2,25,27,0,0,0,27
08/09/2021,ADW,MD,AEA,EN,Towers with Radar,0,0,0,36,36,0,0,0,23,23,0,0,0,59,59,0,18,18,77
08/10/2021,ADW,MD,AEA,EN,Towers with Radar,0,3,9,42,54,0,1,7,17,25,0,4,16,59,79,0,0,0,79
08/11/2021,ADW,MD,AEA,EN,Towers with Radar,0,2,2,31,35,0,0,0,22,22,0,2,2,53,57,0,0,0,57
08/12/2021,ADW,MD,AEA,EN,Towers with Radar,0,0,15,43,58,0,1,1,21,23,0,1,16,64,81,0,18,18,99
08/13/2021,ADW,MD,AEA,EN,Towers with Radar,0,0,4,30,34,0,0,0,8,8,0,0,4,38,42,0,0,0,42
08/14/2021,ADW,MD,AEA,EN,Towers with Radar,0,0,2,20,22,0,0,0,16,16,0,0,2,36,38,0,50,50,88
08/15/2021,ADW,MD,AEA,EN,Towers with Radar,0,0,0,18,18,0,0,0,19,19,0,0,0,37,37,0,0,0,37
08/16/2021,ADW,MD,AEA,EN,Towers with Radar,0,0,2,40,42,0,0,0,40,40,0,0,2,80,82,0,142,142,224
08/17/2021,ADW,MD,AEA,EN,Towers with Radar,0,1,6,47,54,0,0,1,50,51,0,1,7,97,105,0,0,0,105
08/18/2021,ADW,MD,AEA,EN,Towers with Radar,0,1,2,42,45,0,2,0,31,33,0,3,2,73,78,0,0,0,78
08/19/2021,ADW,MD,AEA,EN,Towers with Radar,0,1,20,41,62,0,0,0,54,54,0,1,20,95,116,0,114,114,230
08/20/2021,ADW,MD,AEA,EN,Towers with Radar,1,0,9,23,33,0,1,0,14,15,1,1,9,37,48,0,8,8,56
08/21/2021,ADW,MD,AEA,EN,Towers with Radar,0,0,3,13,16,0,0,1,8,9,0,0,4,21,25,0,0,0,25
08/22/2021,ADW,MD,AEA,EN,Towers with Radar,0,1,0,14,15,0,2,3,25,30,0,3,3,39,45,0,58,58,103
08/23/2021,ADW,MD,AEA,EN,Towers with Radar,0,0,7,28,35,0,0,6,41,47,0,0,13,69,82,0,154,154,236
08/24/2021,ADW,MD,AEA,EN,Towers with Radar,2,0,6,29,37,0,0,2,40,42,2,0,8,69,79,0,120,120,199
08/25/2021,ADW,MD,AEA,EN,Towers with Radar,2,0,6,37,45,0,0,2,31,33,2,0,8,68,78,0,138,138,216
08/26/2021,ADW,MD,AEA,EN,Towers with Radar,2,0,6,53,61,0,0,6,54,60,2,0,12,107,121,0,86,86,207
08/27/2021,ADW,MD,AEA,EN,Towers with Radar,0,0,10,42,52,0,1,1,29,31,0,1,11,71,83,0,22,22,105
08/28/2021,ADW,MD,AEA,EN,Towers with Radar,0,0,0,23,23,0,0,2,20,22,0,0,2,43,45,0,22,22,67
08/29/2021,ADW,MD,AEA,EN,Towers with Radar,1,0,0,33,34,0,0,4,12,16,1,0,4,45,50,0,84,84,134
08/30/2021,ADW,MD,AEA,EN,Towers with Radar,2,0,7,42,51,0,0,6,38,44,2,0,13,80,95,0,136,136,231
08/31/2021,ADW,MD,AEA,EN,Towers with Radar,0,0,6,38,44,0,1,2,52,55,0,1,8,90,99,0,104,104,203
09/01/2021,ADW,MD,AEA,EN,Towers with Radar,3,0,4,27,34,0,0,2,6,8,3,0,6,33,42,0,48,48,90
09/02/2021,ADW,MD,AEA,EN,Towers with Radar,1,6,22,59,88,0,8,4,35,47,1,14,26,94,135,0,118,118,253
09/03/2021,ADW,MD,AEA,EN,Towers with Radar,1,0,0,15,16,0,3,7,27,37,1,3,7,42,53,0,20,20,73
09/04/2021,ADW,MD,AEA,EN,Towers with Radar,2,0,1,20,23,0,0,4,17,21,2,0,5,37,44,0,0,0,44
09/05/2021,ADW,MD,AEA,EN,Towers with Radar,0,0,2,14,16,0,0,13,15,28,0,0,15,29,44,0,98,98,142
09/06/2021,ADW,MD,AEA,EN,Towers with Radar,1,2,0,9,12,0,4,6,11,21,1,6,6,20,33,0,8,8,41
09/07/2021,ADW,MD,AEA,EN,Towers with Radar,1,0,6,60,67,0,1,12,31,44,1,1,18,91,111,0,26,26,137
09/08/2021,ADW,MD,AEA,EN,Towers with Radar,0,0,11,41,52,0,0,0,25,25,0,0,11,66,77,0,0,0,77
09/09/2021,ADW,MD,AEA,EN,Towers with Radar,0,0,3,53,56,0,0,4,38,42,0,0,7,91,98,0,40,40,138
09/10/2021,ADW,MD,AEA,EN,Towers with Radar,0,0,6,41,47,0,0,7,27,34,0,0,13,68,81,0,28,28,109
09/11/2021,ADW,MD,AEA,EN,Towers with Radar,1,1,1,34,37,0,0,5,25,30,1,1,6,59,67,0,0,0,67
09/12/2021,ADW,MD,AEA,EN,Towers with Radar,4,0,0,35,39,0,0,4,20,24,4,0,4,55,63,0,0,0,63
09/13/2021,ADW,MD,AEA,EN,Towers with Radar,1,0,7,43,51,0,0,7,34,41,1,0,14,77,92,0,135,135,227
09/14/2021,ADW,MD,AEA,EN,Towers with Radar,1,1,2,49,53,0,1,8,42,51,1,2,10,91,104,0,130,130,234
09/15/2021,ADW,MD,AEA,EN,Towers with Radar,0,0,8,34,42,0,2,3,18,23,0,2,11,52,65,0,0,0,65
09/16/2021,ADW,MD,AEA,EN,Towers with Radar,0,0,12,43,55,0,0,2,30,32,0,0,14,73,87,0,60,60,147
09/17/2021,ADW,MD,AEA,EN,Towers with Radar,0,0,3,39,42,0,0,2,15,17,0,0,5,54,59,0,10,10,69
09/18/2021,ADW,MD,AEA,EN,Towers with Radar,3,0,0,11,14,0,0,0,18,18,3,0,0,29,32,0,0,0,32
09/19/2021,ADW,MD,AEA,EN,Towers with Radar,1,0,1,19,21,0,0,6,12,18,1,0,7,31,39,0,36,36,75
09/20/2021,ADW,MD,AEA,EN,Towers with Radar,4,0,9,34,47,0,0,4,24,28,4,0,13,58,75,0,54,54,129
09/21/2021,ADW,MD,AEA,EN,Towers with Radar,4,3,2,80,89,0,1,4,9,14,4,4,6,89,103,0,36,36,139
09/22/2021,ADW,MD,AEA,EN,Towers with Radar,0,0,2,32,34,0,0,3,4,7,0,0,5,36,41,0,0,0,41
09/23/2021,ADW,MD,AEA,EN,Towers with Radar,0,0,5,50,55,0,0,1,1,2,0,0,6,51,57,0,0,0,57
09/24/2021,ADW,MD,AEA,EN,Towers with Radar,0,0,11,33,44,0,0,5,15,20,0,0,16,48,64,0,12,12,76
09/25/2021,ADW,MD,AEA,EN,Towers with Radar,2,0,1,23,26,0,0,5,9,14,2,0,6,32,40,0,34,34,74
09/26/2021,ADW,MD,AEA,EN,Towers with Radar,2,1,2,12,17,0,0,5,16,21,2,1,7,28,38,0,30,30,68
09/27/2021,ADW,MD,AEA,EN,Towers with Radar,2,0,12,32,46,0,0,7,19,26,2,0,19,51,72,0,72,72,144
09/28/2021,ADW,MD,AEA,EN,Towers with Radar,1,3,5,20,29,0,0,9,21,30,1,3,14,41,59,0,84,84,143
09/29/2021,ADW,MD,AEA,EN,Towers with Radar,0,0,3,23,26,0,0,6,22,28,0,0,9,45,54,0,64,64,118
09/30/2021,ADW,MD,AEA,EN,Towers with Radar,0,1,20,50,71,0,0,2,18,20,0,1,22,68,91,0,104,104,195
10/01/2021,ADW,MD,AEA,EN,Towers with Radar,1,0,4,37,42,0,2,3,36,41,1,2,7,73,83,0,50,50,133
10/02/2021,ADW,MD,AEA,EN,Towers with Radar,3,0,2,23,28,0,0,3,16,19,3,0,5,39,47,0,0,0,47
10/03/2021,ADW,MD,AEA,EN,Towers with Radar,0,0,0,19,19,0,0,1,16,17,0,0,1,35,36,0,24,24,60
10/04/2021,ADW,MD,AEA,EN,Towers with Radar,0,0,4,57,61,0,0,3,70,73,0,0,7,127,134,0,134,134,268
10/05/2021,ADW,MD,AEA,EN,Towers with Radar,0,1,5,55,61,0,0,0,34,34,0,1,5,89,95,0,158,158,253
10/06/2021,ADW,MD,AEA,EN,Towers with Radar,0,1,6,60,67,0,0,0,30,30,0,1,6,90,97,0,0,0,97
10/07/2021,ADW,MD,AEA,EN,Towers with Radar,0,2,4,62,68,0,0,7,53,60,0,2,11,115,128,0,70,70,198
10/08/2021,ADW,MD,AEA,EN,Towers with Radar,0,0,4,46,50,0,0,0,40,40,0,0,4,86,90,0,0,0,90
10/09/2021,ADW,MD,AEA,EN,Towers with Radar,0,2,0,32,34,0,1,5,10,16,0,3,5,42,50,0,18,18,68
10/10/2021,ADW,MD,AEA,EN,Towers with Radar,0,0,0,11,11,0,0,2,15,17,0,0,2,26,28,0,70,70,98
10/11/2021,ADW,MD,AEA,EN,Towers with Radar,3,1,4,14,22,0,0,0,9,9,3,1,4,23,31,0,0,0,31
10/12/2021,ADW,MD,AEA,EN,Towers with Radar,1,2,2,69,74,0,0,1,1,2,1,2,3,70,76,0,110,110,186
10/13/2021,ADW,MD,AEA,EN,Towers with Radar,0,1,8,75,84,0,0,7,74,81,0,1,15,149,165,0,98,98,263
10/14/2021,ADW,MD,AEA,EN,Towers with Radar,2,2,2,61,67,0,0,7,65,72,2,2,9,126,139,0,0,0,139
10/15/2021,ADW,MD,AEA,EN,Towers with Radar,0,1,5,55,61,0,0,10,40,50,0,1,15,95,111,0,0,0,111
10/16/2021,ADW,MD,AEA,EN,Towers with Radar,0,0,8,16,24,0,0,6,12,18,0,0,14,28,42,0,10,10,52
10/17/2021,ADW,MD,AEA,EN,Towers with Radar,0,0,2,37,39,0,0,4,11,15,0,0,6,48,54,0,10,10,64
10/18/2021,ADW,MD,AEA,EN,Towers with Radar,2,0,11,29,42,0,0,3,59,62,2,0,14,88,104,0,26,26,130
10/19/2021,ADW,MD,AEA,EN,Towers with Radar,0,2,13,86,101,0,2,2,59,63,0,4,15,145,164,0,136,136,300
10/20/2021,ADW,MD,AEA,EN,Towers with Radar,0,0,3,52,55,0,0,7,47,54,0,0,10,99,109,0,66,66,175
10/21/2021,ADW,MD,AEA,EN,Towers with Radar,2,1,24,58,85,0,0,12,44,56,2,1,36,102,141,0,120,120,261
10/22/2021,ADW,MD,AEA,EN,Towers with Radar,3,1,21,45,70,0,1,1,48,50,3,2,22,93,120,0,96,96,216
10/23/2021,ADW,MD,AEA,EN,Towers with Radar,1,2,0,6,9,0,0,2,9,11,1,2,2,15,20,0,44,44,64
10/24/2021,ADW,MD,AEA,EN,Towers with Radar,2,1,1,32,36,0,1,1,10,12,2,2,2,42,48,0,68,68,116
10/25/2021,ADW,MD,AEA,EN,Towers with Radar,0,1,4,53,58,0,2,5,33,40,0,3,9,86,98,0,108,108,206
10/26/2021,ADW,MD,AEA,EN,Towers with Radar,1,1,7,39,48,0,0,5,36,41,1,1,12,75,89,0,86,86,175
10/27/2021,ADW,MD,AEA,EN,Towers with Radar,2,1,4,58,65,0,0,4,47,51,2,1,8,105,116,0,80,80,196
10/28/2021,ADW,MD,AEA,EN,Towers with Radar,2,0,14,81,97,0,0,7,65,72,2,0,21,146,169,0,70,70,239
10/29/2021,ADW,MD,AEA,EN,Towers with Radar,1,0,0,25,26,0,0,0,1,1,1,0,0,26,27,0,0,0,27
10/30/2021,ADW,MD,AEA,EN,Towers with Radar,3,0,2,18,23,0,0,5,22,27,3,0,7,40,50,0,0,0,50
10/31/2021,ADW,MD,AEA,EN,Towers with Radar,0,0,0,14,14,0,1,0,11,12,0,1,0,25,26,0,10,10,36
11/01/2021,ADW,MD,AEA,EN,Towers with Radar,1,1,4,35,41,0,0,5,40,45,1,1,9,75,86,0,68,68,154
11/02/2021,ADW,MD,AEA,EN,Towers with Radar,0,1,5,59,65,0,1,1,59,61,0,2,6,118,126,0,54,54,180
11/03/2021,ADW,MD,AEA,EN,Towers with Radar,0,0,8,67,75,0,1,3,47,51,0,1,11,114,126,0,66,66,192
11/04/2021,ADW,MD,AEA,EN,Towers with Radar,0,1,4,58,63,0,0,0,56,56,0,1,4,114,119,0,114,114,233
11/05/2021,ADW,MD,AEA,EN,Towers with Radar,1,0,12,44,57,0,2,2,54,58,1,2,14,98,115,0,26,26,141
11/06/2021,ADW,MD,AEA,EN,Towers with Radar,4,0,4,29,37,0,0,0,20,20,4,0,4,49,57,0,58,58,115
11/07/2021,ADW,MD,AEA,EN,Towers with Radar,1,0,0,28,29,0,0,0,6,6,1,0,0,34,35,0,8,8,43
11/08/2021,ADW,MD,AEA,EN,Towers with Radar,1,0,4,43,48,0,0,0,68,68,1,0,4,111,116,0,156,156,272
11/09/2021,ADW,MD,AEA,EN,Towers with Radar,0,0,15,62,77,0,1,1,66,68,0,1,16,128,145,0,126,126,271
11/10/2021,ADW,MD,AEA,EN,Towers with Radar,4,1,4,41,50,0,0,9,69,78,4,1,13,110,128,0,46,46,174
11/11/2021,ADW,MD,AEA,EN,Towers with Radar,0,1,4,17,22,0,0,6,15,21,0,1,10,32,43,0,0,0,43
11/12/2021,ADW,MD,AEA,EN,Towers with Radar,0,0,0,21,21,0,0,3,24,27,0,0,3,45,48,0,46,46,94
11/13/2021,ADW,MD,AEA,EN,Towers with Radar,4,0,0,11,15,0,0,2,29,31,4,0,2,40,46,0,0,0,46
11/14/2021,ADW,MD,AEA,EN,Towers with Radar,0,2,6,24,32,0,1,4,31,36,0,3,10,55,68,0,0,0,68
11/15/2021,ADW,MD,AEA,EN,Towers with Radar,0,1,2,35,38,0,0,3,46,49,0,1,5,81,87,0,112,112,199
11/16/2021,ADW,MD,AEA,EN,Towers with Radar,0,1,5,70,76,0,2,2,64,68,0,3,7,134,144,0,180,180,324
11/17/2021,ADW,MD,AEA,EN,Towers with Radar,1,1,6,49,57,0,0,8,56,64,1,1,14,105,121,0,162,162,283
11/18/2021,ADW,MD,AEA,EN,Towers with Radar,0,0,12,54,66,0,3,3,52,58,0,3,15,106,124,0,102,102,226
11/19/2021,ADW,MD,AEA,EN,Towers with Radar,1,1,4,46,52,0,0,4,27,31,1,1,8,73,83,0,46,46,129
11/20/2021,ADW,MD,AEA,EN,Towers with Radar,1,2,0,16,19,0,1,2,17,20,1,3,2,33,39,0,0,0,39
11/21/2021,ADW,MD,AEA,EN,Towers with Radar,0,0,0,30,30,0,0,5,21,26,0,0,5,51,56,0,42,42,98
11/22/2021,ADW,MD,AEA,EN,Towers with Radar,0,0,4,59,63,0,0,6,50,56,0,0,10,109,119,0,120,120,239
11/23/2021,ADW,MD,AEA,EN,Towers with Radar,0,0,14,52,66,0,0,4,63,67,0,0,18,115,133,0,120,120,253
11/24/2021,ADW,MD,AEA,EN,Towers with Radar,1,0,2,24,27,0,0,0,42,42,1,0,2,66,69,0,42,42,111
11/25/2021,ADW,MD,AEA,EN,Towers with Radar,0,0,0,1,1,0,0,2,5,7,0,0,2,6,8,0,12,12,20
11/26/2021,ADW,MD,AEA,EN,Towers with Radar,0,0,2,6,8,0,0,1,15,16,0,0,3,21,24,0,22,22,46
11/27/2021,ADW,MD,AEA,EN,Towers with Radar,0,0,0,4,4,0,0,5,19,24,0,0,5,23,28,0,48,48,76
11/28/2021,ADW,MD,AEA,EN,Towers with Radar,0,1,0,21,22,0,2,0,12,14,0,3,0,33,36,0,0,0,36
11/29/2021,ADW,MD,AEA,EN,Towers with Radar,0,0,18,36,54,0,0,8,52,60,0,0,26,88,114,0,110,110,224
11/30/2021,ADW,MD,AEA,EN,Towers with Radar,0,0,10,56,66,0,1,9,52,62,0,1,19,108,128,0,70,70,198
12/01/2021,ADW,MD,AEA,EN,Towers with Radar,0,0,11,61,72,0,0,7,43,50,0,0,18,104,122,0,144,144,266
12/02/2021,ADW,MD,AEA,EN,Towers with Radar,0,0,22,54,76,0,0,5,42,47,0,0,27,96,123,0,104,104,227
12/03/2021,ADW,MD,AEA,EN,Towers with Radar,0,0,4,47,51,0,0,3,37,40,0,0,7,84,91,0,18,18,109
12/04/2021,ADW,MD,AEA,EN,Towers with Radar,0,1,0,29,30,0,1,1,27,29,0,2,1,56,59,0,26,26,85
12/05/2021,ADW,MD,AEA,EN,Towers with Radar,2,4,0,30,36,0,4,2,16,22,2,8,2,46,58,0,0,0,58
12/06/2021,ADW,MD,AEA,EN,Towers with Radar,0,0,10,24,34,0,0,3,53,56,0,0,13,77,90,0,44,44,134
12/07/2021,ADW,MD,AEA,EN,Towers with Radar,1,0,5,86,92,0,1,8,60,69,1,1,13,146,161,0,136,136,297
12/08/2021,ADW,MD,AEA,EN,Towers with Radar,2,2,3,40,47,0,0,9,43,52,2,2,12,83,99,2,96,98,197
12/09/2021,ADW,MD,AEA,EN,Towers with Radar,1,1,2,96,100,0,0,11,72,83,1,1,13,168,183,0,168,168,351
12/10/2021,ADW,MD,AEA,EN,Towers with Radar,2,0,2,48,52,0,0,7,28,35,2,0,9,76,87,0,0,0,87
12/11/2021,ADW,MD,AEA,EN,Towers with Radar,4,0,6,21,31,0,0,0,9,9,4,0,6,30,40,0,12,12,52
12/12/2021,ADW,MD,AEA,EN,Towers with Radar,0,1,0,19,20,0,0,0,19,19,0,1,0,38,39,0,40,40,79
12/13/2021,ADW,MD,AEA,EN,Towers with Radar,0,1,0,52,53,0,0,7,48,55,0,1,7,100,108,0,0,0,108
12/14/2021,ADW,MD,AEA,EN,Towers with Radar,1,0,26,80,107,0,2,8,77,87,1,2,34,157,194,0,142,142,336
12/15/2021,ADW,MD,AEA,EN,Towers with Radar,0,0,1,66,67,0,0,12,43,55,0,0,13,109,122,0,30,30,152
12/16/2021,ADW,MD,AEA,EN,Towers with Radar,1,3,6,76,86,0,3,9,48,60,1,6,15,124,146,0,66,66,212
12/17/2021,ADW,MD,AEA,EN,Towers with Radar,0,4,2,44,50,0,4,1,49,54,0,8,3,93,104,0,10,10,114
12/18/2021,ADW,MD,AEA,EN,Towers with Radar,3,0,2,5,10,0,0,0,12,12,3,0,2,17,22,0,0,0,22
12/19/2021,ADW,MD,AEA,EN,Towers with Radar,1,0,0,8,9,0,0,0,15,15,1,0,0,23,24,0,20,20,44
12/20/2021,ADW,MD,AEA,EN,Towers with Radar,0,0,2,31,33,0,0,2,36,38,0,0,4,67,71,0,46,46,117
12/21/2021,ADW,MD,AEA,EN,Towers with Radar,0,0,15,48,63,0,1,3,15,19,0,1,18,63,82,0,62,62,144
12/22/2021,ADW,MD,AEA,EN,Towers with Radar,0,0,6,22,28,0,3,3,10,16,0,3,9,32,44,0,0,0,44
12/23/2021,ADW,MD,AEA,EN,Towers with Radar,0,0,2,16,18,0,2,0,19,21,0,2,2,35,39,0,28,28,67
12/24/2021,ADW,MD,AEA,EN,Towers with Radar,0,0,3,2,5,0,0,1,14,15,0,0,4,16,20,0,0,0,20
12/25/2021,ADW,MD,AEA,EN,Towers with Radar,0,0,0,1,1,0,0,0,0,0,0,0,0,1,1,0,0,0,1
12/26/2021,ADW,MD,AEA,EN,Towers with Radar,0,0,0,4,4,0,0,1,8,9,0,0,1,12,13,0,0,0,13
12/27/2021,ADW,MD,AEA,EN,Towers with Radar,0,0,2,14,16,0,0,0,10,10,0,0,2,24,26,0,36,36,62
12/28/2021,ADW,MD,AEA,EN,Towers with Radar,0,0,9,28,37,0,0,0,32,32,0,0,9,60,69,0,134,134,203
12/29/2021,ADW,MD,AEA,EN,Towers with Radar,0,1,2,37,40,0,2,2,16,20,0,3,4,53,60,0,36,36,96
12/30/2021,ADW,MD,AEA,EN,Towers with Radar,0,0,4,7,11,0,0,0,7,7,0,0,4,14,18,0,0,0,18
12/31/2021,ADW,MD,AEA,EN,Towers with Radar,0,0,2,4,6,0,0,1,9,10,0,0,3,13,16,0,12,12,28
01/01/2022,ADW,MD,AEA,EN,Towers with Radar,0,0,0,8,8,0,0,0,0,0,0,0,0,8,8,0,0,0,8
01/02/2022,ADW,MD,AEA,EN,Towers with Radar,0,0,0,18,18,0,0,1,12,13,0,0,1,30,31,0,0,0,31
01/03/2022,ADW,MD,AEA,EN,Towers with Radar,0,0,0,9,9,0,0,1,3,4,0,0,1,12,13,0,0,0,13
01/04/2022,ADW,MD,AEA,EN,Towers with Radar,0,0,0,14,14,0,0,6,31,37,0,0,6,45,51,0,48,48,99
01/05/2022,ADW,MD,AEA,EN,Towers with Radar,0,0,2,10,12,0,0,0,41,41,0,0,2,51,53,0,0,0,53
01/06/2022,ADW,MD,AEA,EN,Towers with Radar,0,0,10,63,73,0,0,1,45,46,0,0,11,108,119,0,30,30,149
01/07/2022,ADW,MD,AEA,EN,Towers with Radar,0,0,2,14,16,0,0,5,24,29,0,0,7,38,45,0,0,0,45
01/08/2022,ADW,MD,AEA,EN,Towers with Radar,2,1,0,48,51,0,0,4,14,18,2,1,4,62,69,0,18,18,87
01/09/2022,ADW,MD,AEA,EN,Towers with Radar,0,0,0,25,25,0,0,0,12,12,0,0,0,37,37,0,0,0,37
01/10/2022,ADW,MD,AEA,EN,Towers with Radar,0,0,2,54,56,0,0,0,31,31,0,0,2,85,87,0,118,118,205
01/11/2022,ADW,MD,AEA,EN,Towers with Radar,0,1,6,65,72,0,1,9,55,65,0,2,15,120,137,0,94,94,231
01/12/2022,ADW,MD,AEA,EN,Towers with Radar,1,0,5,43,49,0,0,5,43,48,1,0,10,86,97,0,84,84,181
01/13/2022,ADW,MD,AEA,EN,Towers with Radar,1,0,8,40,49,0,0,5,23,28,1,0,13,63,77,0,0,0,77
01/14/2022,ADW,MD,AEA,EN,Towers with Radar,0,0,3,21,24,0,0,2,26,28,0,0,5,47,52,0,0,0,52
01/15/2022,ADW,MD,AEA,EN,Towers with Radar,0,0,2,10,12,0,0,0,14,14,0,0,2,24,26,0,24,24,50
01/16/2022,ADW,MD,AEA,EN,Towers with Radar,0,0,0,8,8,0,0,0,2,2,0,0,0,10,10,0,0,0,10
01/17/2022,ADW,MD,AEA,EN,Towers with Radar,1,0,0,8,9,0,0,3,7,10,1,0,3,15,19,0,0,0,19
01/18/2022,ADW,MD,AEA,EN,Towers with Radar,0,2,31,46,79,0,0,4,45,49,0,2,35,91,128,0,98,98,226
01/19/2022,ADW,MD,AEA,EN,Towers with Radar,1,0,7,51,59,0,0,5,42,47,1,0,12,93,106,0,0,0,106
01/20/2022,ADW,MD,AEA,EN,Towers with Radar,0,0,4,48,52,0,0,6,28,34,0,0,10,76,86,0,26,26,112
01/21/2022,ADW,MD,AEA,EN,Towers with Radar,0,0,10,34,44,0,0,3,42,45,0,0,13,76,89,0,0,0,89
01/22/2022,ADW,MD,AEA,EN,Towers with Radar,0,0,8,3,11,0,0,7,12,19,0,0,15,15,30,0,0,0,30
01/23/2022,ADW,MD,AEA,EN,Towers with Radar,0,0,2,11,13,0,0,2,17,19,0,0,4,28,32,0,56,56,88
01/24/2022,ADW,MD,AEA,EN,Towers with Radar,0,0,27,34,61,0,0,18,53,71,0,0,45,87,132,0,118,118,250
01/25/2022,ADW,MD,AEA,EN,Towers with Radar,0,0,20,52,72,0,0,6,62,68,0,0,26,114,140,0,134,134,274
01/26/2022,ADW,MD,AEA,EN,Towers with Radar,0,0,6,67,73,0,1,7,49,57,0,1,13,116,130,0,132,132,262
01/27/2022,ADW,MD,AEA,EN,Towers with Radar,0,0,5,65,70,0,0,3,52,55,0,0,8,117,125,0,0,0,125
01/28/2022,ADW,MD,AEA,EN,Towers with Radar,0,0,4,42,46,0,0,2,27,29,0,0,6,69,75,0,50,50,125
01/29/2022,ADW,MD,AEA,EN,Towers with Radar,0,0,0,14,14,0,0,1,13,14,0,0,1,27,28,0,0,0,28
01/30/2022,ADW,MD,AEA,EN,Towers with Radar,3,0,0,16,19,0,1,3,12,16,3,1,3,28,35,0,0,0,35
01/31/2022,ADW,MD,AEA,EN,Towers with Radar,1,0,12,43,56,0,0,8,82,90,1,0,20,125,146,0,0,0,146
02/01/2022,ADW,MD,AEA,EN,Towers with Radar,0,0,6,42,48,0,0,4,71,75,0,0,10,113,123,0,160,160,283
02/02/2022,ADW,MD,AEA,EN,Towers with Radar,0,0,15,45,60,0,0,3,49,52,0,0,18,94,112,0,88,88,200
02/03/2022,ADW,MD,AEA,EN,Towers with Radar,0,0,6,39,45,0,0,0,0,0,0,0,6,39,45,0,0,0,45
02/04/2022,ADW,MD,AEA,EN,Towers with Radar,0,0,2,37,39,0,0,0,9,9,0,0,2,46,48,0,0,0,48
02/05/2022,ADW,MD,AEA,EN,Towers with Radar,0,1,4,20,25,0,1,0,15,16,0,2,4,35,41,0,0,0,41
02/06/2022,ADW,MD,AEA,EN,Towers with Radar,0,0,0,15,15,0,0,5,20,25,0,0,5,35,40,0,64,64,104
02/07/2022,ADW,MD,AEA,EN,Towers with Radar,1,0,5,47,53,0,1,2,56,59,1,1,7,103,112,0,0,0,112
02/08/2022,ADW,MD,AEA,EN,Towers with Radar,1,0,5,77,83,0,0,5,67,72,1,0,10,144,155,0,148,148,303
02/09/2022,ADW,MD,AEA,EN,Towers with Radar,0,0,6,62,68,0,0,6,52,58,0,0,12,114,126,0,0,0,126
02/10/2022,ADW,MD,AEA,EN,Towers with Radar,0,0,10,57,67,0,0,2,52,54,0,0,12,109,121,0,0,0,121
02/11/2022,ADW,MD,AEA,EN,Towers with Radar,2,0,18,31,51,0,0,5,39,44,2,0,23,70,95,0,0,0,95
02/12/2022,ADW,MD,AEA,EN,Towers with Radar,0,0,14,22,36,0,0,6,21,27,0,0,20,43,63,0,0,0,63
02/13/2022,ADW,MD,AEA,EN,Towers with Radar,0,1,0,15,16,0,1,0,0,1,0,2,0,15,17,0,0,0,17
02/14/2022,ADW,MD,AEA,EN,Towers with Radar,0,0,5,36,41,0,3,2,27,32,0,3,7,63,73,0,126,126,199
02/15/2022,ADW,MD,AEA,EN,Towers with Radar,0,0,12,59,71,0,1,4,49,54,0,1,16,108,125,0,154,154,279
02/16/2022,ADW,MD,AEA,EN,Towers with Radar,0,0,14,58,72,0,0,5,55,60,0,0,19,113,132,0,108,108,240
02/17/2022,ADW,MD,AEA,EN,Towers with Radar,0,0,0,72,72,0,0,6,42,48,0,0,6,114,120,0,0,0,120
02/18/2022,ADW,MD,AEA,EN,Towers with Radar,0,0,0,22,22,0,0,3,21,24,0,0,3,43,46,0,18,18,64
02/19/2022,ADW,MD,AEA,EN,Towers with Radar,0,0,0,18,18,0,0,5,10,15,0,0,5,28,33,0,10,10,43
02/20/2022,ADW,MD,AEA,EN,Towers with Radar,1,0,2,16,19,0,3,2,19,24,1,3,4,35,43,0,66,66,109
02/21/2022,ADW,MD,AEA,EN,Towers with Radar,1,0,1,16,18,0,0,2,10,12,1,0,3,26,30,0,0,0,30
02/22/2022,ADW,MD,AEA,EN,Towers with Radar,0,2,6,41,49,0,0,0,47,47,0,2,6,88,96,0,182,182,278
02/23/2022,ADW,MD,AEA,EN,Towers with Radar,0,2,6,50,58,0,2,3,35,40,0,4,9,85,98,0,158,158,256
02/24/2022,ADW,MD,AEA,EN,Towers with Radar,1,2,3,42,48,0,0,2,8,10,1,2,5,50,58,0,48,48,106
02/25/2022,ADW,MD,AEA,EN,Towers with Radar,1,1,4,50,56,0,0,2,23,25,1,1,6,73,81,0,38,38,119
02/26/2022,ADW,MD,AEA,EN,Towers with Radar,1,0,0,9,10,0,0,2,11,13,1,0,2,20,23,0,40,40,63
02/27/2022,ADW,MD,AEA,EN,Towers with Radar,0,0,0,29,29,0,0,3,14,17,0,0,3,43,46,0,54,54,100
02/28/2022,ADW,MD,AEA,EN,Towers with Radar,0,0,17,34,51,0,0,0,16,16,0,0,17,50,67,0,116,116,183
03/01/2022,ADW,MD,AEA,EN,Towers with Radar,0,1,5,86,92,0,1,1,11,13,0,2,6,97,105,0,94,94,199
03/02/2022,ADW,MD,AEA,EN,Towers with Radar,0,0,1,62,63,0,2,18,69,89,0,2,19,131,152,0,140,140,292
03/03/2022,ADW,MD,AEA,EN,Towers with Radar,0,0,7,51,58,0,0,2,57,59,0,0,9,108,117,0,86,86,203
03/04/2022,ADW,MD,AEA,EN,Towers with Radar,0,1,0,50,51,0,0,1,30,31,0,1,1,80,82,0,72,72,154
03/05/2022,ADW,MD,AEA,EN,Towers with Radar,4,0,0,20,24,0,2,6,36,44,4,2,6,56,68,0,138,138,206
03/06/2022,ADW,MD,AEA,EN,Towers with Radar,0,0,0,16,16,0,0,12,28,40,0,0,12,44,56,0,32,32,88
03/07/2022,ADW,MD,AEA,EN,Towers with Radar,0,0,2,32,34,0,0,2,27,29,0,0,4,59,63,0,94,94,157
03/08/2022,ADW,MD,AEA,EN,Towers with Radar,0,1,2,76,79,0,0,4,68,72,0,1,6,144,151,0,178,178,329
03/09/2022,ADW,MD,AEA,EN,Towers with Radar,1,0,6,38,45,0,2,1,18,21,1,2,7,56,66,0,22,22,88
03/10/2022,ADW,MD,AEA,EN,Towers with Radar,0,1,4,94,99,0,1,1,80,82,0,2,5,174,181,0,122,122,303
03/11/2022,ADW,MD,AEA,EN,Towers with Radar,1,0,4,36,41,0,0,4,31,35,1,0,8,67,76,0,44,44,120
03/12/2022,ADW,MD,AEA,EN,Towers with Radar,4,0,0,14,18,0,0,3,2,5,4,0,3,16,23,0,0,0,23
03/13/2022,ADW,MD,AEA,EN,Towers with Radar,0,0,6,17,23,0,0,2,12,14,0,0,8,29,37,0,0,0,37
03/14/2022,ADW,MD,AEA,EN,Towers with Radar,0,0,6,57,63,0,0,0,58,58,0,0,6,115,121,0,0,0,121
03/15/2022,ADW,MD,AEA,EN,Towers with Radar,0,0,6,77,83,0,0,7,76,83,0,0,13,153,166,0,200,200,366
03/16/2022,ADW,MD,AEA,EN,Towers with Radar,0,0,6,55,61,0,0,4,47,51,0,0,10,102,112,0,0,0,112
03/17/2022,ADW,MD,AEA,EN,Towers with Radar,0,0,0,52,52,0,0,0,18,18,0,0,0,70,70,0,0,0,70
03/18/2022,ADW,MD,AEA,EN,Towers with Radar,0,0,14,57,71,0,0,7,42,49,0,0,21,99,120,0,38,38,158
03/19/2022,ADW,MD,AEA,EN,Towers with Radar,4,2,14,39,59,0,1,4,21,26,4,3,18,60,85,0,22,22,107
03/20/2022,ADW,MD,AEA,EN,Towers with Radar,0,2,0,30,32,0,0,8,17,25,0,2,8,47,57,0,0,0,57
03/21/2022,ADW,MD,AEA,EN,Towers with Radar,0,1,8,36,45,0,0,3,48,51,0,1,11,84,96,0,0,0,96
03/22/2022,ADW,MD,AEA,EN,Towers with Radar,0,0,6,64,70,0,0,3,60,63,0,0,9,124,133,0,146,146,279
03/23/2022,ADW,MD,AEA,EN,Towers with Radar,0,0,0,55,55,0,3,5,24,32,0,3,5,79,87,0,0,0,87
03/24/2022,ADW,MD,AEA,EN,Towers with Radar,0,1,3,28,32,0,0,0,2,2,0,1,3,30,34,0,0,0,34
03/25/2022,ADW,MD,AEA,EN,Towers with Radar,0,0,2,42,44,0,0,4,42,46,0,0,6,84,90,0,50,50,140
03/26/2022,ADW,MD,AEA,EN,Towers with Radar,4,0,1,29,34,0,2,2,29,33,4,2,3,58,67,0,0,0,67
03/27/2022,ADW,MD,AEA,EN,Towers with Radar,0,0,0,43,43,0,0,2,20,22,0,0,2,63,65,0,0,0,65
03/28/2022,ADW,MD,AEA,EN,Towers with Radar,0,0,1,40,41,0,0,1,48,49,0,0,2,88,90,0,0,0,90
03/29/2022,ADW,MD,AEA,EN,Towers with Radar,0,0,4,54,58,0,1,4,60,65,0,1,8,114,123,0,106,106,229
03/30/2022,ADW,MD,AEA,EN,Towers with Radar,0,0,13,42,55,0,1,5,56,62,0,1,18,98,117,0,0,0,117
03/31/2022,ADW,MD,AEA,EN,Towers with Radar,0,2,26,65,93,0,2,1,9,12,0,4,27,74,105,0,74,74,179
04/01/2022,ADW,MD,AEA,EN,Towers with Radar,0,0,3,50,53,0,0,1,46,47,0,0,4,96,100,0,18,18,118
04/02/2022,ADW,MD,AEA,EN,Towers with Radar,2,0,2,27,31,0,1,2,13,16,2,1,4,40,47,0,14,14,61
04/03/2022,ADW,MD,AEA,EN,Towers with Radar,0,0,6,16,22,0,2,2,17,21,0,2,8,33,43,0,0,0,43
04/04/2022,ADW,MD,AEA,EN,Towers with Radar,2,0,7,41,50,0,0,0,60,60,2,0,7,101,110,0,226,226,336
04/05/2022,ADW,MD,AEA,EN,Towers with Radar,0,1,13,68,82,0,0,0,35,35,0,1,13,103,117,0,140,140,257
04/06/2022,ADW,MD,AEA,EN,Towers with Radar,0,0,7,48,55,0,0,0,20,20,0,0,7,68,75,0,0,0,75
04/07/2022,ADW,MD,AEA,EN,Towers with Radar,0,1,6,50,57,0,0,0,22,22,0,1,6,72,79,0,20,20,99
04/08/2022,ADW,MD,AEA,EN,Towers with Radar,2,0,0,73,75,0,0,2,41,43,2,0,2,114,118,0,0,0,118
04/09/2022,ADW,MD,AEA,EN,Towers with Radar,0,0,6,19,25,0,0,3,24,27,0,0,9,43,52,0,4,4,56
04/10/2022,ADW,MD,AEA,EN,Towers with Radar,0,0,0,14,14,0,0,4,12,16,0,0,4,26,30,0,0,0,30
04/11/2022,ADW,MD,AEA,EN,Towers with Radar,0,0,4,42,46,0,0,2,59,61,0,0,6,101,107,0,0,0,107
04/12/2022,ADW,MD,AEA,EN,Towers with Radar,0,1,3,82,86,0,1,11,59,71,0,2,14,141,157,0,0,0,157
04/13/2022,ADW,MD,AEA,EN,Towers with Radar,2,2,2,54,60,0,1,10,47,58,2,3,12,101,118,2,148,150,268
04/14/2022,ADW,MD,AEA,EN,Towers with Radar,0,1,4,61,66,0,1,4,47,52,0,2,8,108,118,0,0,0,118
04/15/2022,ADW,MD,AEA,EN,Towers with Radar,0,0,14,52,66,0,0,2,30,32,0,0,16,82,98,0,40,40,138
04/16/2022,ADW,MD,AEA,EN,Towers with Radar,0,0,0,9,9,0,0,0,17,17,0,0,0,26,26,0,16,16,42
04/17/2022,ADW,MD,AEA,EN,Towers with Radar,0,0,0,24,24,0,2,2,21,25,0,2,2,45,49,0,0,0,49
04/18/2022,ADW,MD,AEA,EN,Towers with Radar,0,0,0,35,35,0,0,1,29,30,0,0,1,64,65,0,138,138,203
04/19/2022,ADW,MD,AEA,EN,Towers with Radar,1,0,0,79,80,0,0,9,48,57,1,0,9,127,137,2,154,156,293
04/20/2022,ADW,MD,AEA,EN,Towers with Radar,3,1,9,75,88,0,2,4,35,41,3,3,13,110,129,0,0,0,129
04/21/2022,ADW,MD,AEA,EN,Towers with Radar,2,1,4,54,61,0,2,3,51,56,2,3,7,105,117,0,104,104,221
04/22/2022,ADW,MD,AEA,EN,Towers with Radar,1,0,0,54,55,0,0,6,33,39,1,0,6,87,94,0,76,76,170
04/23/2022,ADW,MD,AEA,EN,Towers with Radar,2,0,0,33,35,0,0,9,11,20,2,0,9,44,55,0,0,0,55
04/24/2022,ADW,MD,AEA,EN,Towers with Radar,0,0,0,15,15,0,0,3,13,16,0,0,3,28,31,0,14,14,45
04/25/2022,ADW,MD,AEA,EN,Towers with Radar,1,1,2,43,47,0,0,1,40,41,1,1,3,83,88,0,166,166,254
04/26/2022,ADW,MD,AEA,EN,Towers with Radar,1,0,20,46,67,0,0,3,38,41,1,0,23,84,108,0,150,150,258
04/27/2022,ADW,MD,AEA,EN,Towers with Radar,1,3,8,47,59,0,5,0,36,41,1,8,8,83,100,0,48,48,148
04/28/2022,ADW,MD,AEA,EN,Towers with Radar,2,1,27,57,87,0,0,4,66,70,2,1,31,123,157,0,184,184,341
04/29/2022,ADW,MD,AEA,EN,Towers with Radar,0,3,2,33,38,0,1,7,35,43,0,4,9,68,81,0,134,134,215
04/30/2022,ADW,MD,AEA,EN,Towers with Radar,6,0,0,14,20,0,0,5,10,15,6,0,5,24,35,0,22,22,57
05/01/2022,ADW,MD,AEA,EN,Towers with Radar,2,0,0,10,12,0,2,4,19,25,2,2,4,29,37,0,2,2,39
05/02/2022,ADW,MD,AEA,EN,Towers with Radar,0,0,8,47,55,0,0,8,66,74,0,0,16,113,129,0,98,98,227
05/03/2022,ADW,MD,AEA,EN,Towers with Radar,0,0,4,70,74,0,0,2,41,43,0,0,6,111,117,0,126,126,243
05/04/2022,ADW,MD,AEA,EN,Towers with Radar,0,0,10,44,54,0,0,2,41,43,0,0,12,85,97,0,100,100,197
05/05/2022,ADW,MD,AEA,EN,Towers with Radar,1,0,17,67,85,0,0,12,34,46,1,0,29,101,131,0,68,68,199
05/06/2022,ADW,MD,AEA,EN,Towers with Radar,2,3,10,49,64,0,1,0,6,7,2,4,10,55,71,0,32,32,103
05/07/2022,ADW,MD,AEA,EN,Towers with Radar,6,0,0,18,24,0,0,0,0,0,6,0,0,18,24,0,0,0,24
05/08/2022,ADW,MD,AEA,EN,Towers with Radar,3,1,0,15,19,0,0,5,13,18,3,1,5,28,37,0,38,38,75
05/09/2022,ADW,MD,AEA,EN,Towers with Radar,1,4,5,35,45,0,1,2,40,43,1,5,7,75,88,0,104,104,192
05/10/2022,ADW,MD,AEA,EN,Towers with Radar,2,2,6,57,67,0,1,1,71,73,2,3,7,128,140,0,156,156,296
05/11/2022,ADW,MD,AEA,EN,Towers with Radar,2,2,13,54,71,0,0,6,41,47,2,2,19,95,118,0,62,62,180
05/12/2022,ADW,MD,AEA,EN,Towers with Radar,0,1,10,53,64,0,0,3,42,45,0,1,13,95,109,0,110,110,219
05/13/2022,ADW,MD,AEA,EN,Towers with Radar,2,1,5,37,45,0,0,0,10,10,2,1,5,47,55,0,12,12,67
05/14/2022,ADW,MD,AEA,EN,Towers with Radar,8,0,3,20,31,0,0,0,6,6,8,0,3,26,37,0,18,18,55
05/15/2022,ADW,MD,AEA,EN,Towers with Radar,1,3,1,32,37,0,0,0,11,11,1,3,1,43,48,0,0,0,48
05/16/2022,ADW,MD,AEA,EN,Towers with Radar,1,0,0,35,36,0,1,0,32,33,1,1,0,67,69,0,0,0,69
05/17/2022,ADW,MD,AEA,EN,Towers with Radar,1,1,6,81,89,0,0,15,56,71,1,1,21,137,160,0,0,0,160
05/18/2022,ADW,MD,AEA,EN,Towers with Radar,1,0,1,66,68,1,0,8,39,48,2,0,9,105,116,0,0,0,116
05/19/2022,ADW,MD,AEA,EN,Towers with Radar,1,0,25,103,129,0,10,9,63,82,1,10,34,166,211,0,0,0,211
05/20/2022,ADW,MD,AEA,EN,Towers with Radar,1,0,8,43,52,0,1,8,22,31,1,1,16,65,83,0,24,24,107
05/21/2022,ADW,MD,AEA,EN,Towers with Radar,4,0,0,15,19,0,1,3,12,16,4,1,3,27,35,0,20,20,55
05/22/2022,ADW,MD,AEA,EN,Towers with Radar,2,0,0,19,21,0,2,2,12,16,2,2,2,31,37,0,40,40,77
05/23/2022,ADW,MD,AEA,EN,Towers with Radar,1,0,5,70,76,0,1,2,45,48,1,1,7,115,124,0,112,112,236
05/24/2022,ADW,MD,AEA,EN,Towers with Radar,0,0,4,73,77,0,0,5,24,29,0,0,9,97,106,0,42,42,148
05/25/2022,ADW,MD,AEA,EN,Towers with Radar,3,1,3,76,83,0,1,8,39,48,3,2,11,115,131,0,126,126,257
05/26/2022,ADW,MD,AEA,EN,Towers with Radar,1,0,5,37,43,0,0,3,31,34,1,0,8,68,77,0,100,100,177
05/27/2022,ADW,MD,AEA,EN,Towers with Radar,0,0,4,26,30,0,0,0,11,11,0,0,4,37,41,0,0,0,41
05/28/2022,ADW,MD,AEA,EN,Towers with Radar,4,0,0,13,17,0,0,2,23,25,4,0,2,36,42,0,30,30,72
05/29/2022,ADW,MD,AEA,EN,Towers with Radar,1,0,2,16,19,0,2,4,8,14,1,2,6,24,33,0,28,28,61
05/30/2022,ADW,MD,AEA,EN,Towers with Radar,0,0,0,13,13,0,2,5,14,21,0,2,5,27,34,0,0,0,34
05/31/2022,ADW,MD,AEA,EN,Towers with Radar,0,3,32,50,85,0,7,8,38,53,0,10,40,88,138,0,158,158,296
06/01/2022,ADW,MD,AEA,EN,Towers with Radar,0,0,10,51,61,0,0,7,38,45,0,0,17,89,106,0,160,160,266
06/02/2022,ADW,MD,AEA,EN,Towers with Radar,3,0,16,60,79,0,1,0,65,66,3,1,16,125,145,0,0,0,145
06/03/2022,ADW,MD,AEA,EN,Towers with Radar,1,0,8,87,96,0,3,5,29,37,1,3,13,116,133,0,76,76,209
06/04/2022,ADW,MD,AEA,EN,Towers with Radar,2,0,2,19,23,0,0,2,7,9,2,0,4,26,32,0,70,70,102
06/05/2022,ADW,MD,AEA,EN,Towers with Radar,1,1,0,16,18,0,0,2,25,27,1,1,2,41,45,0,0,0,45
06/06/2022,ADW,MD,AEA,EN,Towers with Radar,0,1,8,35,44,0,1,6,30,37,0,2,14,65,81,0,30,30,111
06/07/2022,ADW,MD,AEA,EN,Towers with Radar,0,2,0,65,67,0,0,8,48,56,0,2,8,113,123,0,144,144,267
06/08/2022,ADW,MD,AEA,EN,Towers with Radar,1,1,2,42,46,0,0,8,29,37,1,1,10,71,83,0,216,216,299
06/09/2022,ADW,MD,AEA,EN,Towers with Radar,0,0,11,62,73,0,0,19,57,76,0,0,30,119,149,0,128,128,277
06/10/2022,ADW,MD,AEA,EN,Towers with Radar,1,0,2,50,53,0,0,5,31,36,1,0,7,81,89,0,18,18,107
06/11/2022,ADW,MD,AEA,EN,Towers with Radar,4,0,2,42,48,0,0,2,18,20,4,0,4,60,68,0,0,0,68
06/12/2022,ADW,MD,AEA,EN,Towers with Radar,0,1,4,41,46,0,0,2,9,11,0,1,6,50,57,0,0,0,57
06/13/2022,ADW,MD,AEA,EN,Towers with Radar,0,0,5,29,34,0,3,7,32,42,0,3,12,61,76,0,106,106,182
06/14/2022,ADW,MD,AEA,EN,Towers with Radar,2,0,2,74,78,0,0,6,38,44,2,0,8,112,122,0,88,88,210
06/15/2022,ADW,MD,AEA,EN,Towers with Radar,3,1,4,56,64,0,4,4,39,47,3,5,8,95,111,0,130,130,241
06/16/2022,ADW,MD,AEA,EN,Towers with Radar,1,2,17,93,113,0,2,7,68,77,1,4,24,161,190,0,90,90,280
06/17/2022,ADW,MD,AEA,EN,Towers with Radar,0,1,4,27,32,0,2,3,22,27,0,3,7,49,59,0,0,0,59
06/18/2022,ADW,MD,AEA,EN,Towers with Radar,0,1,4,4,9,0,0,7,14,21,0,1,11,18,30,0,44,44,74
06/19/2022,ADW,MD,AEA,EN,Towers with Radar,0,0,0,7,7,0,0,2,13,15,0,0,2,20,22,0,0,0,22
06/20/2022,ADW,MD,AEA,EN,Towers with Radar,0,0,0,14,14,0,0,3,11,14,0,0,3,25,28,0,78,78,106
06/21/2022,ADW,MD,AEA,EN,Towers with Radar,0,0,2,61,63,0,1,12,57,70,0,1,14,118,133,0,40,40,173
06/22/2022,ADW,MD,AEA,EN,Towers with Radar,0,0,36,33,69,0,0,2,32,34,0,0,38,65,103,0,112,112,215
06/23/2022,ADW,MD,AEA,EN,Towers with Radar,0,0,5,47,52,0,0,0,28,28,0,0,5,75,80,0,18,18,98
06/24/2022,ADW,MD,AEA,EN,Towers with Radar,0,1,1,52,54,0,1,1,36,38,0,2,2,88,92,0,60,60,152
06/25/2022,ADW,MD,AEA,EN,Towers with Radar,4,0,2,25,31,0,1,5,19,25,4,1,7,44,56,0,72,72,128
06/26/2022,ADW,MD,AEA,EN,Towers with Radar,0,0,0,32,32,0,1,6,27,34,0,1,6,59,66,0,62,62,128
06/27/2022,ADW,MD,AEA,EN,Towers with Radar,0,0,6,24,30,0,0,4,31,35,0,0,10,55,65,2,110,112,177
06/28/2022,ADW,MD,AEA,EN,Towers with Radar,0,0,6,60,66,0,0,10,30,40,0,0,16,90,106,0,0,0,106
06/29/2022,ADW,MD,AEA,EN,Towers with Radar,1,0,0,58,59,0,1,6,40,47,1,1,6,98,106,0,38,38,144
06/30/2022,ADW,MD,AEA,EN,Towers with Radar,1,0,0,64,65,0,0,8,34,42,1,0,8,98,107,0,112,112,219
07/01/2022,ADW,MD,AEA,EN,Towers with Radar,0,0,2,45,47,0,0,2,24,26,0,0,4,69,73,0,0,0,73
07/02/2022,ADW,MD,AEA,EN,Towers with Radar,0,2,2,19,23,0,0,0,9,9,0,2,2,28,32,0,36,36,68
07/03/2022,ADW,MD,AEA,EN,Towers with Radar,0,0,2,12,14,0,0,2,12,14,0,0,4,24,28,0,0,0,28
07/04/2022,ADW,MD,AEA,EN,Towers with Radar,4,0,0,13,17,0,0,4,3,7,4,0,4,16,24,0,14,14,38
07/05/2022,ADW,MD,AEA,EN,Towers with Radar,0,0,10,29,39,0,0,4,28,32,0,0,14,57,71,0,130,130,201
07/06/2022,ADW,MD,AEA,EN,Towers with Radar,0,0,4,54,58,0,1,10,23,34,0,1,14,77,92,0,34,34,126
07/07/2022,ADW,MD,AEA,EN,Towers with Radar,0,0,41,42,83,0,0,3,17,20,0,0,44,59,103,0,16,16,119
07/08/2022,ADW,MD,AEA,EN,Towers with Radar,0,0,13,44,57,0,0,9,24,33,0,0,22,68,90,0,0,0,90
07/09/2022,ADW,MD,AEA,EN,Towers with Radar,4,0,2,21,27,0,0,0,1,1,4,0,2,22,28,0,0,0,28
07/10/2022,ADW,MD,AEA,EN,Towers with Radar,0,1,0,20,21,0,0,4,4,8,0,1,4,24,29,0,0,0,29
07/11/2022,ADW,MD,AEA,EN,Towers with Radar,0,0,4,43,47,0,0,3,40,43,0,0,7,83,90,0,80,80,170
07/12/2022,ADW,MD,AEA,EN,Towers with Radar,0,0,12,61,73,0,0,2,29,31,0,0,14,90,104,0,118,118,222
07/13/2022,ADW,MD,AEA,EN,Towers with Radar,3,4,5,52,64,0,0,3,29,32,3,4,8,81,96,0,66,66,162
07/14/2022,ADW,MD,AEA,EN,Towers with Radar,3,0,4,69,76,0,1,4,34,39,3,1,8,103,115,0,94,94,209
07/15/2022,ADW,MD,AEA,EN,Towers with Radar,0,1,4,51,56,0,2,8,40,50,0,3,12,91,106,0,98,98,204
07/16/2022,ADW,MD,AEA,EN,Towers with Radar,4,0,0,24,28,0,1,1,21,23,4,1,1,45,51,0,0,0,51
07/17/2022,ADW,MD,AEA,EN,Towers with Radar,0,0,2,31,33,0,0,1,16,17,0,0,3,47,50,0,96,96,146
07/18/2022,ADW,MD,AEA,EN,Towers with Radar,0,0,3,42,45,0,0,8,53,61,0,0,11,95,106,0,156,156,262
07/19/2022,ADW,MD,AEA,EN,Towers with Radar,0,0,33,47,80,0,0,2,26,28,0,0,35,73,108,0,22,22,130
07/20/2022,ADW,MD,AEA,EN,Towers with Radar,0,2,3,70,75,0,0,7,38,45,0,2,10,108,120,0,164,164,284
07/21/2022,ADW,MD,AEA,EN,Towers with Radar,0,0,1,41,42,0,0,5,41,46,0,0,6,82,88,0,0,0,88
07/22/2022,ADW,MD,AEA,EN,Towers with Radar,1,0,4,30,35,0,0,2,21,23,1,0,6,51,58,0,0,0,58
07/23/2022,ADW,MD,AEA,EN,Towers with Radar,5,0,0,20,25,0,0,3,7,10,5,0,3,27,35,0,0,0,35
07/24/2022,ADW,MD,AEA,EN,Towers with Radar,0,0,0,17,17,0,1,1,10,12,0,1,1,27,29,0,38,38,67
07/25/2022,ADW,MD,AEA,EN,Towers with Radar,2,0,2,33,37,0,0,4,35,39,2,0,6,68,76,0,0,0,76
07/26/2022,ADW,MD,AEA,EN,Towers with Radar,0,0,13,50,63,0,0,5,38,43,0,0,18,88,106,0,0,0,106
07/27/2022,ADW,MD,AEA,EN,Towers with Radar,0,0,13,47,60,0,0,3,37,40,0,0,16,84,100,0,114,114,214
07/28/2022,ADW,MD,AEA,EN,Towers with Radar,0,0,5,51,56,0,1,1,47,49,0,1,6,98,105,0,36,36,141
07/29/2022,ADW,MD,AEA,EN,Towers with Radar,0,0,4,36,40,0,0,1,24,25,0,0,5,60,65,0,32,32,97
07/30/2022,ADW,MD,AEA,EN,Towers with Radar,5,0,26,27,58,0,2,3,19,24,5,2,29,46,82,0,48,48,130
07/31/2022,ADW,MD,AEA,EN,Towers with Radar,1,0,0,16,17,0,6,1,10,17,1,6,1,26,34,0,12,12,46
08/01/2022,ADW,MD,AEA,EN,Towers with Radar,0,0,16,44,60,0,3,4,33,40,0,3,20,77,100,0,122,122,222
08/02/2022,ADW,MD,AEA,EN,Towers with Radar,0,0,2,76,78,0,0,8,37,45,0,0,10,113,123,0,92,92,215
08/03/2022,ADW,MD,AEA,EN,Towers with Radar,0,2,6,39,47,0,4,9,24,37,0,6,15,63,84,0,36,36,120
08/04/2022,ADW,MD,AEA,EN,Towers with Radar,0,1,0,51,52,0,0,1,26,27,0,1,1,77,79,0,46,46,125
08/05/2022,ADW,MD,AEA,EN,Towers with Radar,0,0,9,41,50,0,0,3,19,22,0,0,12,60,72,0,0,0,72
08/06/2022,ADW,MD,AEA,EN,Towers with Radar,4,0,0,40,44,0,0,2,17,19,4,0,2,57,63,0,110,110,173
08/07/2022,ADW,MD,AEA,EN,Towers with Radar,0,0,2,38,40,0,2,3,20,25,0,2,5,58,65,0,0,0,65
08/08/2022,ADW,MD,AEA,EN,Towers with Radar,0,0,0,40,40,0,0,5,50,55,0,0,5,90,95,0,206,206,301
08/09/2022,ADW,MD,AEA,EN,Towers with Radar,0,0,6,55,61,0,0,3,34,37,0,0,9,89,98,0,128,128,226
08/10/2022,ADW,MD,AEA,EN,Towers with Radar,0,0,14,48,62,0,0,0,29,29,0,0,14,77,91,0,118,118,209
08/11/2022,ADW,MD,AEA,EN,Towers with Radar,0,2,0,77,79,0,2,3,37,42,0,4,3,114,121,0,46,46,167
08/12/2022,ADW,MD,AEA,EN,Towers with Radar,0,0,6,46,52,0,0,5,20,25,0,0,11,66,77,0,0,0,77
08/13/2022,ADW,MD,AEA,EN,Towers with Radar,4,0,0,20,24,0,0,5,12,17,4,0,5,32,41,0,56,56,97
08/14/2022,ADW,MD,AEA,EN,Towers with Radar,0,0,0,18,18,0,0,0,19,19,0,0,0,37,37,0,24,24,61
08/15/2022,ADW,MD,AEA,EN,Towers with Radar,0,0,0,34,34,0,1,0,42,43,0,1,0,76,77,0,116,116,193
08/16/2022,ADW,MD,AEA,EN,Towers with Radar,0,0,2,69,71,0,2,3,43,48,0,2,5,112,119,0,146,146,265
08/17/2022,ADW,MD,AEA,EN,Towers with Radar,0,0,7,47,54,0,0,5,51,56,0,0,12,98,110,0,102,102,212
08/18/2022,ADW,MD,AEA,EN,Towers with Radar,0,0,0,108,108,0,0,4,54,58,0,0,4,162,166,0,136,136,302
08/19/2022,ADW,MD,AEA,EN,Towers with Radar,0,0,6,29,35,0,1,0,22,23,0,1,6,51,58,0,8,8,66
08/20/2022,ADW,MD,AEA,EN,Towers with Radar,4,0,0,15,19,0,0,6,25,31,4,0,6,40,50,0,66,66,116
08/21/2022,ADW,MD,AEA,EN,Towers with Radar,0,0,0,21,21,0,2,2,20,24,0,2,2,41,45,0,30,30,75
08/22/2022,ADW,MD,AEA,EN,Towers with Radar,0,0,8,20,28,0,1,5,36,42,0,1,13,56,70,0,108,108,178
08/23/2022,ADW,MD,AEA,EN,Towers with Radar,0,0,12,53,65,0,3,3,47,53,0,3,15,100,118,0,142,142,260
08/24/2022,ADW,MD,AEA,EN,Towers with Radar,0,0,19,42,61,0,1,3,38,42,0,1,22,80,103,0,150,150,253
08/25/2022,ADW,MD,AEA,EN,Towers with Radar,0,0,9,72,81,0,0,4,53,57,0,0,13,125,138,0,116,116,254
08/26/2022,ADW,MD,AEA,EN,Towers with Radar,0,1,6,31,38,0,1,5,32,38,0,2,11,63,76,0,76,76,152
08/27/2022,ADW,MD,AEA,EN,Towers with Radar,4,0,0,19,23,0,0,4,9,13,4,0,4,28,36,0,0,0,36
08/28/2022,ADW,MD,AEA,EN,Towers with Radar,0,0,0,25,25,0,1,11,14,26,0,1,11,39,51,0,30,30,81
08/29/2022,ADW,MD,AEA,EN,Towers with Radar,0,0,10,49,59,0,2,8,45,55,0,2,18,94,114,0,60,60,174
08/30/2022,ADW,MD,AEA,EN,Towers with Radar,0,2,0,66,68,0,0,2,26,28,0,2,2,92,96,0,110,110,206
08/31/2022,ADW,MD,AEA,EN,Towers with Radar,0,1,6,60,67,0,0,5,40,45,0,1,11,100,112,0,0,0,112
09/01/2022,ADW,MD,AEA,EN,Towers with Radar,0,0,5,48,53,0,1,5,48,54,0,1,10,96,107,0,60,60,167
09/02/2022,ADW,MD,AEA,EN,Towers with Radar,0,1,3,14,18,0,0,5,21,26,0,1,8,35,44,0,0,0,44
09/03/2022,ADW,MD,AEA,EN,Towers with Radar,0,0,1,7,8,0,0,7,14,21,0,0,8,21,29,0,40,40,69
09/04/2022,ADW,MD,AEA,EN,Towers with Radar,0,0,2,27,29,0,0,5,17,22,0,0,7,44,51,0,0,0,51
09/05/2022,ADW,MD,AEA,EN,Towers with Radar,0,0,0,25,25,0,1,4,25,30,0,1,4,50,55,0,38,38,93
09/06/2022,ADW,MD,AEA,EN,Towers with Radar,0,0,3,43,46,0,0,2,29,31,0,0,5,72,77,0,48,48,125
09/07/2022,ADW,MD,AEA,EN,Towers with Radar,0,0,18,40,58,0,0,0,27,27,0,0,18,67,85,0,66,66,151
09/08/2022,ADW,MD,AEA,EN,Towers with Radar,0,0,20,76,96,0,0,5,53,58,0,0,25,129,154,0,74,74,228
09/09/2022,ADW,MD,AEA,EN,Towers with Radar,2,0,2,45,49,0,0,20,33,53,2,0,22,78,102,0,26,26,128
09/10/2022,ADW,MD,AEA,EN,Towers with Radar,0,0,14,38,52,0,1,4,29,34,0,1,18,67,86,0,54,54,140
09/11/2022,ADW,MD,AEA,EN,Towers with Radar,0,0,5,28,33,0,0,0,5,5,0,0,5,33,38,0,0,0,38
09/12/2022,ADW,MD,AEA,EN,Towers with Radar,0,0,0,48,48,0,0,2,27,29,0,0,2,75,77,0,0,0,77
09/13/2022,ADW,MD,AEA,EN,Towers with Radar,0,0,0,44,44,0,1,4,51,56,0,1,4,95,100,0,48,48,148
09/14/2022,ADW,MD,AEA,EN,Towers with Radar,0,0,6,60,66,0,0,12,30,42,0,0,18,90,108,0,12,12,120
09/15/2022,ADW,MD,AEA,EN,Towers with Radar,6,3,7,41,57,0,1,9,33,43,6,4,16,74,100,0,0,0,100
09/16/2022,ADW,MD,AEA,EN,Towers with Radar,0,0,0,14,14,0,1,5,8,14,0,1,5,22,28,0,0,0,28
09/17/2022,ADW,MD,AEA,EN,Towers with Radar,0,0,3,14,17,0,0,9,20,29,0,0,12,34,46,0,0,0,46
09/18/2022,ADW,MD,AEA,EN,Towers with Radar,0,0,1,10,11,0,0,11,3,14,0,0,12,13,25,0,0,0,25
09/19/2022,ADW,MD,AEA,EN,Towers with Radar,0,3,5,68,76,0,3,12,51,66,0,6,17,119,142,0,64,64,206
09/20/2022,ADW,MD,AEA,EN,Towers with Radar,0,0,4,58,62,0,0,8,50,58,0,0,12,108,120,0,106,106,226
09/21/2022,ADW,MD,AEA,EN,Towers with Radar,2,2,2,43,49,0,0,5,42,47,2,2,7,85,96,0,50,50,146
09/22/2022,ADW,MD,AEA,EN,Towers with Radar,0,4,4,75,83,0,0,10,33,43,0,4,14,108,126,0,40,40,166
09/23/2022,ADW,MD,AEA,EN,Towers with Radar,1,0,2,48,51,0,0,8,13,21,1,0,10,61,72,0,34,34,106
09/24/2022,ADW,MD,AEA,EN,Towers with Radar,5,0,0,12,17,0,0,5,31,36,5,0,5,43,53,0,34,34,87
09/25/2022,ADW,MD,AEA,EN,Towers with Radar,0,0,2,16,18,0,1,0,8,9,0,1,2,24,27,0,0,0,27
09/26/2022,ADW,MD,AEA,EN,Towers with Radar,0,3,19,35,57,0,4,2,44,50,0,7,21,79,107,0,76,76,183
09/27/2022,ADW,MD,AEA,EN,Towers with Radar,0,3,20,51,74,0,3,8,56,67,0,6,28,107,141,6,166,172,313
09/28/2022,ADW,MD,AEA,EN,Towers with Radar,0,0,2,46,48,0,1,5,44,50,0,1,7,90,98,0,112,112,210
09/29/2022,ADW,MD,AEA,EN,Towers with Radar,0,0,5,35,40,0,2,7,22,31,0,2,12,57,71,0,0,0,71
09/30/2022,ADW,MD,AEA,EN,Towers with Radar,3,0,3,52,58,0,0,3,9,12,3,0,6,61,70,0,12,12,82
10/01/2022,ADW,MD,AEA,EN,Towers with Radar,2,0,0,18,20,0,0,0,0,0,2,0,0,18,20,0,0,0,20
10/02/2022,ADW,MD,AEA,EN,Towers with Radar,2,0,0,13,15,0,0,0,0,0,2,0,0,13,15,0,0,0,15
10/03/2022,ADW,MD,AEA,EN,Towers with Radar,4,0,5,49,58,0,0,3,62,65,4,0,8,111,123,0,104,104,227
10/04/2022,ADW,MD,AEA,EN,Towers with Radar,2,1,5,59,67,0,0,0,40,40,2,1,5,99,107,0,142,142,249
10/05/2022,ADW,MD,AEA,EN,Towers with Radar,1,0,5,65,71,0,0,4,51,55,1,0,9,116,126,0,18,18,144
10/06/2022,ADW,MD,AEA,EN,Towers with Radar,2,0,12,74,88,0,0,7,45,52,2,0,19,119,140,0,54,54,194
10/07/2022,ADW,MD,AEA,EN,Towers with Radar,1,2,3,39,45,0,0,12,35,47,1,2,15,74,92,0,56,56,148
10/08/2022,ADW,MD,AEA,EN,Towers with Radar,5,1,0,13,19,0,0,2,20,22,5,1,2,33,41,0,60,60,101
10/09/2022,ADW,MD,AEA,EN,Towers with Radar,2,0,0,14,16,0,0,2,7,9,2,0,2,21,25,0,28,28,53
10/10/2022,ADW,MD,AEA,EN,Towers with Radar,1,0,6,28,35,0,2,17,22,41,1,2,23,50,76,0,0,0,76
10/11/2022,ADW,MD,AEA,EN,Towers with Radar,1,1,2,69,73,0,0,5,64,69,1,1,7,133,142,0,116,116,258
10/12/2022,ADW,MD,AEA,EN,Towers with Radar,1,1,3,59,64,0,1,5,40,46,1,2,8,99,110,0,54,54,164
10/13/2022,ADW,MD,AEA,EN,Towers with Radar,1,2,6,50,59,0,0,2,28,30,1,2,8,78,89,0,110,110,199
10/14/2022,ADW,MD,AEA,EN,Towers with Radar,2,0,0,63,65,0,2,2,42,46,2,2,2,105,111,0,126,126,237
10/15/2022,ADW,MD,AEA,EN,Towers with Radar,2,1,1,37,41,0,0,4,21,25,2,1,5,58,66,0,52,52,118
10/16/2022,ADW,MD,AEA,EN,Towers with Radar,1,0,0,26,27,0,0,3,23,26,1,0,3,49,53,0,82,82,135
10/17/2022,ADW,MD,AEA,EN,Towers with Radar,0,1,21,48,70,0,0,12,49,61,0,1,33,97,131,0,100,100,231
10/18/2022,ADW,MD,AEA,EN,Towers with Radar,1,0,3,60,64,0,0,4,44,48,1,0,7,104,112,0,136,136,248
10/19/2022,ADW,MD,AEA,EN,Towers with Radar,1,0,2,59,62,0,1,6,68,75,1,1,8,127,137,0,26,26,163
10/20/2022,ADW,MD,AEA,EN,Towers with Radar,0,0,10,48,58,0,5,9,76,90,0,5,19,124,148,0,88,88,236
10/21/2022,ADW,MD,AEA,EN,Towers with Radar,0,0,1,36,37,0,0,7,47,54,0,0,8,83,91,0,134,134,225
10/22/2022,ADW,MD,AEA,EN,Towers with Radar,2,0,2,27,31,0,1,2,16,19,2,1,4,43,50,0,46,46,96
10/23/2022,ADW,MD,AEA,EN,Towers with Radar,0,0,0,23,23,0,4,5,14,23,0,4,5,37,46,0,0,0,46
10/24/2022,ADW,MD,AEA,EN,Towers with Radar,2,2,8,43,55,0,0,1,56,57,2,2,9,99,112,0,64,64,176
10/25/2022,ADW,MD,AEA,EN,Towers with Radar,0,1,8,67,76,0,0,0,7,7,0,1,8,74,83,0,0,0,83
10/26/2022,ADW,MD,AEA,EN,Towers with Radar,0,2,7,67,76,0,0,4,42,46,0,2,11,109,122,0,66,66,188
10/27/2022,ADW,MD,AEA,EN,Towers with Radar,0,4,3,69,76,0,0,6,61,67,0,4,9,130,143,0,88,88,231
10/28/2022,ADW,MD,AEA,EN,Towers with Radar,0,0,6,47,53,0,0,3,37,40,0,0,9,84,93,0,0,0,93
10/29/2022,ADW,MD,AEA,EN,Towers with Radar,2,0,0,35,37,0,0,4,51,55,2,0,4,86,92,0,24,24,116
10/30/2022,ADW,MD,AEA,EN,Towers with Radar,1,1,0,17,19,0,0,0,14,14,1,1,0,31,33,0,14,14,47
10/31/2022,ADW,MD,AEA,EN,Towers with Radar,0,0,5,41,46,0,0,4,34,38,0,0,9,75,84,0,176,176,260
11/01/2022,ADW,MD,AEA,EN,Towers with Radar,0,0,6,75,81,0,0,2,59,61,0,0,8,134,142,0,136,136,278
11/02/2022,ADW,MD,AEA,EN,Towers with Radar,0,1,4,51,56,0,0,2,31,33,0,1,6,82,89,0,110,110,199
11/03/2022,ADW,MD,AEA,EN,Towers with Radar,2,0,2,90,94,0,0,5,58,63,2,0,7,148,157,0,20,20,177
11/04/2022,ADW,MD,AEA,EN,Towers with Radar,2,1,4,64,71,0,0,3,29,32,2,1,7,93,103,0,24,24,127
11/05/2022,ADW,MD,AEA,EN,Towers with Radar,2,0,0,61,63,0,1,4,19,24,2,1,4,80,87,0,54,54,141
11/06/2022,ADW,MD,AEA,EN,Towers with Radar,0,0,0,41,41,0,0,10,21,31,0,0,10,62,72,0,14,14,86
11/07/2022,ADW,MD,AEA,EN,Towers with Radar,0,0,5,43,48,0,0,3,50,53,0,0,8,93,101,0,66,66,167
11/08/2022,ADW,MD,AEA,EN,Towers with Radar,0,0,8,97,105,0,0,13,59,72,0,0,21,156,177,0,182,182,359
11/09/2022,ADW,MD,AEA,EN,Towers with Radar,0,0,0,54,54,0,0,2,42,44,0,0,2,96,98,0,90,90,188
11/10/2022,ADW,MD,AEA,EN,Towers with Radar,0,0,2,51,53,0,0,6,29,35,0,0,8,80,88,0,96,96,184
11/11/2022,ADW,MD,AEA,EN,Towers with Radar,0,0,2,8,10,0,0,0,3,3,0,0,2,11,13,0,0,0,13
11/12/2022,ADW,MD,AEA,EN,Towers with Radar,4,0,0,21,25,0,0,0,15,15,4,0,0,36,40,0,44,44,84
11/13/2022,ADW,MD,AEA,EN,Towers with Radar,0,1,0,23,24,0,3,2,15,20,0,4,2,38,44,0,38,38,82
11/14/2022,ADW,MD,AEA,EN,Towers with Radar,0,0,9,29,38,0,0,4,49,53,0,0,13,78,91,0,18,18,109
11/15/2022,ADW,MD,AEA,EN,Towers with Radar,0,0,6,46,52,0,0,2,45,47,0,0,8,91,99,0,148,148,247
11/16/2022,ADW,MD,AEA,EN,Towers with Radar,1,0,7,61,69,0,0,6,45,51,1,0,13,106,120,0,16,16,136
11/17/2022,ADW,MD,AEA,EN,Towers with Radar,0,0,0,72,72,0,0,9,55,64,0,0,9,127,136,0,28,28,164
11/18/2022,ADW,MD,AEA,EN,Towers with Radar,0,0,4,62,66,0,0,2,39,41,0,0,6,101,107,0,46,46,153
11/19/2022,ADW,MD,AEA,EN,Towers with Radar,2,0,4,22,28,0,0,5,13,18,2,0,9,35,46,0,32,32,78
11/20/2022,ADW,MD,AEA,EN,Towers with Radar,0,1,2,26,29,0,1,0,24,25,0,2,2,50,54,0,52,52,106
11/21/2022,ADW,MD,AEA,EN,Towers with Radar,0,0,6,42,48,0,0,7,70,77,0,0,13,112,125,0,150,150,275
11/22/2022,ADW,MD,AEA,EN,Towers with Radar,0,0,20,63,83,0,3,21,53,77,0,3,41,116,160,0,184,184,344
11/23/2022,ADW,MD,AEA,EN,Towers with Radar,0,0,5,49,54,0,0,3,26,29,0,0,8,75,83,0,70,70,153
11/24/2022,ADW,MD,AEA,EN,Towers with Radar,0,0,0,9,9,0,2,0,4,6,0,2,0,13,15,0,0,0,15
11/25/2022,ADW,MD,AEA,EN,Towers with Radar,0,1,1,4,6,0,0,1,23,24,0,1,2,27,30,0,54,54,84
11/26/2022,ADW,MD,AEA,EN,Towers with Radar,0,0,0,5,5,0,0,4,14,18,0,0,4,19,23,0,36,36,59
11/27/2022,ADW,MD,AEA,EN,Towers with Radar,0,0,0,20,20,0,0,1,6,7,0,0,1,26,27,0,0,0,27
11/28/2022,ADW,MD,AEA,EN,Towers with Radar,1,0,6,47,54,0,0,2,49,51,1,0,8,96,105,0,68,68,173
11/29/2022,ADW,MD,AEA,EN,Towers with Radar,3,2,8,89,102,0,3,27,54,84,3,5,35,143,186,0,258,258,444
11/30/2022,ADW,MD,AEA,EN,Towers with Radar,0,2,16,27,45,0,1,2,32,35,0,3,18,59,80,0,14,14,94
12/01/2022,ADW,MD,AEA,EN,Towers with Radar,2,0,14,46,62,0,0,1,44,45,2,0,15,90,107,0,40,40,147
12/02/2022,ADW,MD,AEA,EN,Towers with Radar,2,3,0,53,58,0,2,10,48,60,2,5,10,101,118,0,160,160,278
12/03/2022,ADW,MD,AEA,EN,Towers with Radar,2,2,0,30,34,0,0,1,15,16,2,2,1,45,50,0,4,4,54
12/04/2022,ADW,MD,AEA,EN,Towers with Radar,2,0,0,28,30,0,0,8,29,37,2,0,8,57,67,0,122,122,189
12/05/2022,ADW,MD,AEA,EN,Towers with Radar,1,0,6,58,65,0,0,7,50,57,1,0,13,108,122,0,160,160,282
12/06/2022,ADW,MD,AEA,EN,Towers with Radar,0,0,6,57,63,0,1,1,10,12,0,1,7,67,75,0,84,84,159
12/07/2022,ADW,MD,AEA,EN,Towers with Radar,3,0,6,46,55,0,0,0,4,4,3,0,6,50,59,0,0,0,59
12/08/2022,ADW,MD,AEA,EN,Towers with Radar,0,1,28,89,118,0,0,8,53,61,0,1,36,142,179,0,118,118,297
12/09/2022,ADW,MD,AEA,EN,Towers with Radar,0,1,0,57,58,0,0,6,35,41,0,1,6,92,99,0,70,70,169
12/10/2022,ADW,MD,AEA,EN,Towers with Radar,8,0,4,26,38,0,0,4,17,21,8,0,8,43,59,0,90,90,149
12/11/2022,ADW,MD,AEA,EN,Towers with Radar,8,1,8,18,35,0,0,4,9,13,8,1,12,27,48,0,72,72,120
12/12/2022,ADW,MD,AEA,EN,Towers with Radar,0,3,9,41,53,0,0,4,49,53,0,3,13,90,106,0,104,104,210
12/13/2022,ADW,MD,AEA,EN,Towers with Radar,5,0,7,48,60,0,2,1,14,17,5,2,8,62,77,0,0,0,77
12/14/2022,ADW,MD,AEA,EN,Towers with Radar,0,3,4,36,43,0,0,4,10,14,0,3,8,46,57,0,16,16,73
12/15/2022,ADW,MD,AEA,EN,Towers with Radar,1,2,7,28,38,0,0,0,0,0,1,2,7,28,38,0,0,0,38
12/16/2022,ADW,MD,AEA,EN,Towers with Radar,7,4,15,32,58,0,0,1,35,36,7,4,16,67,94,0,12,12,106
12/17/2022,ADW,MD,AEA,EN,Towers with Radar,3,1,1,13,18,0,1,7,23,31,3,2,8,36,49,0,78,78,127
12/18/2022,ADW,MD,AEA,EN,Towers with Radar,0,1,0,14,15,0,0,1,21,22,0,1,1,35,37,0,0,0,37
12/19/2022,ADW,MD,AEA,EN,Towers with Radar,0,1,12,38,51,0,0,4,52,56,0,1,16,90,107,0,130,130,237
12/20/2022,ADW,MD,AEA,EN,Towers with Radar,0,0,9,69,78,0,3,6,68,77,0,3,15,137,155,0,229,229,384
12/21/2022,ADW,MD,AEA,EN,Towers with Radar,0,2,6,62,70,0,0,4,47,51,0,2,10,109,121,0,84,84,205
12/22/2022,ADW,MD,AEA,EN,Towers with Radar,0,1,2,5,8,0,0,0,7,7,0,1,2,12,15,0,34,34,49
12/23/2022,ADW,MD,AEA,EN,Towers with Radar,0,1,0,4,5,0,0,0,2,2,0,1,0,6,7,0,14,14,21
12/24/2022,ADW,MD,AEA,EN,Towers with Radar,0,0,0,6,6,0,0,0,6,6,0,0,0,12,12,0,0,0,12
12/25/2022,ADW,MD,AEA,EN,Towers with Radar,0,0,0,0,0,0,0,3,12,15,0,0,3,12,15,0,18,18,33
12/26/2022,ADW,MD,AEA,EN,Towers with Radar,0,0,0,11,11,0,1,0,10,11,0,1,0,21,22,0,20,20,42
12/27/2022,ADW,MD,AEA,EN,Towers with Radar,0,0,10,20,30,0,0,8,33,41,0,0,18,53,71,0,56,56,127
12/28/2022,ADW,MD,AEA,EN,Towers with Radar,0,0,5,52,57,0,0,1,27,28,0,0,6,79,85,0,20,20,105
12/29/2022,ADW,MD,AEA,EN,Towers with Radar,0,0,8,56,64,0,0,10,26,36,0,0,18,82,100,0,82,82,182
12/30/2022,ADW,MD,AEA,EN,Towers with Radar,0,2,3,19,24,0,3,5,20,28,0,5,8,39,52,0,58,58,110
12/31/2022,ADW,MD,AEA,EN,Towers with Radar,0,2,0,2,4,0,0,0,0,0,0,2,0,2,4,0,0,0,4
01/01/2023,ADW,MD,AEA,EN,Towers with Radar,0,0,0,10,10,0,0,1,21,22,0,0,1,31,32,0,40,40,72
01/02/2023,ADW,MD,AEA,EN,Towers with Radar,0,1,0,19,20,0,0,0,15,15,0,1,0,34,35,0,55,55,90
01/03/2023,ADW,MD,AEA,EN,Towers with Radar,0,0,14,45,59,0,0,2,41,43,0,0,16,86,102,0,61,61,163
01/04/2023,ADW,MD,AEA,EN,Towers with Radar,0,0,7,62,69,0,1,0,49,50,0,1,7,111,119,0,66,66,185
01/05/2023,ADW,MD,AEA,EN,Towers with Radar,0,0,20,82,102,0,0,3,55,58,0,0,23,137,160,0,108,108,268
01/06/2023,ADW,MD,AEA,EN,Towers with Radar,0,0,2,40,42,0,0,1,45,46,0,0,3,85,88,0,98,98,186
01/07/2023,ADW,MD,AEA,EN,Towers with Radar,0,0,2,21,23,0,0,0,32,32,0,0,2,53,55,0,96,96,151
01/08/2023,ADW,MD,AEA,EN,Towers with Radar,0,0,0,31,31,0,0,1,22,23,0,0,1,53,54,0,60,60,114
01/09/2023,ADW,MD,AEA,EN,Towers with Radar,0,0,2,42,44,0,1,2,57,60,0,1,4,99,104,0,64,64,168
01/10/2023,ADW,MD,AEA,EN,Towers with Radar,0,0,2,91,93,0,0,13,72,85,0,0,15,163,178,0,138,138,316
01/11/2023,ADW,MD,AEA,EN,Towers with Radar,0,1,4,78,83,0,0,7,29,36,0,1,11,107,119,0,62,62,181
01/12/2023,ADW,MD,AEA,EN,Towers with Radar,0,1,14,68,83,0,0,1,38,39,0,1,15,106,122,0,72,72,194
01/13/2023,ADW,MD,AEA,EN,Towers with Radar,0,0,2,48,50,0,0,7,45,52,0,0,9,93,102,0,80,80,182
01/14/2023,ADW,MD,AEA,EN,Towers with Radar,2,0,10,11,23,0,1,1,17,19,2,1,11,28,42,0,14,14,56
01/15/2023,ADW,MD,AEA,EN,Towers with Radar,0,0,0,12,12,0,0,4,12,16,0,0,4,24,28,0,6,6,34
01/16/2023,ADW,MD,AEA,EN,Towers with Radar,0,0,4,5,9,0,0,0,15,15,0,0,4,20,24,0,30,30,54
01/17/2023,ADW,MD,AEA,EN,Towers with Radar,0,0,17,41,58,0,1,2,44,47,0,1,19,85,105,0,148,148,253
01/18/2023,ADW,MD,AEA,EN,Towers with Radar,0,0,20,85,105,0,0,9,63,72,0,0,29,148,177,0,172,172,349
01/19/2023,ADW,MD,AEA,EN,Towers with Radar,0,0,2,52,54,0,0,3,27,30,0,0,5,79,84,0,68,68,152
01/20/2023,ADW,MD,AEA,EN,Towers with Radar,0,0,1,51,52,0,0,3,26,29,0,0,4,77,81,0,58,58,139
01/21/2023,ADW,MD,AEA,EN,Towers with Radar,4,0,2,30,36,0,0,1,24,25,4,0,3,54,61,0,59,59,120
01/22/2023,ADW,MD,AEA,EN,Towers with Radar,0,0,0,31,31,0,0,0,13,13,0,0,0,44,44,0,24,24,68
01/23/2023,ADW,MD,AEA,EN,Towers with Radar,0,0,22,29,51,0,0,6,54,60,0,0,28,83,111,0,194,194,305
01/24/2023,ADW,MD,AEA,EN,Towers with Radar,0,0,6,75,81,0,0,4,93,97,0,0,10,168,178,0,202,202,380
01/25/2023,ADW,MD,AEA,EN,Towers with Radar,0,0,0,38,38,0,0,0,23,23,0,0,0,61,61,0,78,78,139
01/26/2023,ADW,MD,AEA,EN,Towers with Radar,0,0,0,62,62,0,0,6,49,55,0,0,6,111,117,0,85,85,202
01/27/2023,ADW,MD,AEA,EN,Towers with Radar,0,0,16,32,48,0,0,3,43,46,0,0,19,75,94,0,54,54,148
01/28/2023,ADW,MD,AEA,EN,Towers with Radar,4,0,0,18,22,0,0,5,19,24,4,0,5,37,46,0,46,46,92
01/29/2023,ADW,MD,AEA,EN,Towers with Radar,0,1,4,17,22,0,0,1,8,9,0,1,5,25,31,0,22,22,53
01/30/2023,ADW,MD,AEA,EN,Towers with Radar,0,0,4,51,55,0,0,6,72,78,0,0,10,123,133,0,60,60,193
01/31/2023,ADW,MD,AEA,EN,Towers with Radar,0,0,2,40,42,0,0,2,38,40,0,0,4,78,82,0,38,38,120
02/01/2023,ADW,MD,AEA,EN,Towers with Radar,2,0,21,73,96,0,0,9,54,63,2,0,30,127,159,0,86,86,245
02/02/2023,ADW,MD,AEA,EN,Towers with Radar,1,1,11,67,80,0,0,2,90,92,1,1,13,157,172,0,122,122,294
02/03/2023,ADW,MD,AEA,EN,Towers with Radar,1,0,2,45,48,0,0,0,25,25,1,0,2,70,73,0,50,50,123
02/04/2023,ADW,MD,AEA,EN,Towers with Radar,2,0,2,27,31,0,1,0,21,22,2,1,2,48,53,0,104,104,157
02/05/2023,ADW,MD,AEA,EN,Towers with Radar,0,0,0,12,12,0,0,0,12,12,0,0,0,24,24,0,144,144,168
02/06/2023,ADW,MD,AEA,EN,Towers with Radar,1,0,6,43,50,0,0,7,64,71,1,0,13,107,121,0,142,142,263
02/07/2023,ADW,MD,AEA,EN,Towers with Radar,1,0,2,61,64,0,0,0,50,50,1,0,2,111,114,0,110,110,224
02/08/2023,ADW,MD,AEA,EN,Towers with Radar,0,0,5,48,53,0,1,15,54,70,0,1,20,102,123,0,62,62,185
02/09/2023,ADW,MD,AEA,EN,Towers with Radar,1,3,5,106,115,0,3,6,66,75,1,6,11,172,190,0,158,158,348
02/10/2023,ADW,MD,AEA,EN,Towers with Radar,2,0,5,50,57,0,1,3,45,49,2,1,8,95,106,0,78,78,184
02/11/2023,ADW,MD,AEA,EN,Towers with Radar,5,0,2,14,21,0,0,4,11,15,5,0,6,25,36,0,52,52,88
02/12/2023,ADW,MD,AEA,EN,Towers with Radar,3,0,0,6,9,0,0,0,1,1,3,0,0,7,10,0,0,0,10
02/13/2023,ADW,MD,AEA,EN,Towers with Radar,3,2,2,46,53,0,2,5,55,62,3,4,7,101,115,0,74,74,189
02/14/2023,ADW,MD,AEA,EN,Towers with Radar,0,1,10,67,78,0,1,6,78,85,0,2,16,145,163,0,180,180,343
02/15/2023,ADW,MD,AEA,EN,Towers with Radar,0,1,6,54,61,0,1,10,38,49,0,2,16,92,110,0,24,24,134
02/16/2023,ADW,MD,AEA,EN,Towers with Radar,0,0,5,51,56,0,0,2,46,48,0,0,7,97,104,0,46,46,150
02/17/2023,ADW,MD,AEA,EN,Towers with Radar,0,0,2,20,22,0,0,0,12,12,0,0,2,32,34,0,6,6,40
02/18/2023,ADW,MD,AEA,EN,Towers with Radar,4,0,2,37,43,0,0,6,52,58,4,0,8,89,101,0,66,66,167
02/19/2023,ADW,MD,AEA,EN,Towers with Radar,0,2,1,17,20,0,0,1,12,13,0,2,2,29,33,0,0,0,33
02/20/2023,ADW,MD,AEA,EN,Towers with Radar,0,0,0,23,23,0,3,0,21,24,0,3,0,44,47,0,6,6,53
02/21/2023,ADW,MD,AEA,EN,Towers with Radar,0,0,2,39,41,0,2,0,66,68,0,2,2,105,109,0,74,74,183
02/22/2023,ADW,MD,AEA,EN,Towers with Radar,0,0,6,44,50,0,1,6,54,61,0,1,12,98,111,0,105,105,216
02/23/2023,ADW,MD,AEA,EN,Towers with Radar,0,0,11,57,68,0,0,16,95,111,0,0,27,152,179,0,79,79,258
02/24/2023,ADW,MD,AEA,EN,Towers with Radar,1,0,2,54,57,0,0,2,37,39,1,0,4,91,96,0,0,0,96
02/25/2023,ADW,MD,AEA,EN,Towers with Radar,5,0,0,26,31,0,0,0,9,9,5,0,0,35,40,0,70,70,110
02/26/2023,ADW,MD,AEA,EN,Towers with Radar,2,0,0,23,25,0,0,2,17,19,2,0,2,40,44,0,4,4,48
02/27/2023,ADW,MD,AEA,EN,Towers with Radar,0,0,11,57,68,0,0,3,105,108,0,0,14,162,176,0,130,130,306
02/28/2023,ADW,MD,AEA,EN,Towers with Radar,0,0,4,60,64,0,0,6,68,74,0,0,10,128,138,0,60,60,198
03/01/2023,ADW,MD,AEA,EN,Towers with Radar,1,9,18,71,99,0,0,3,40,43,1,9,21,111,142,0,70,70,212
03/02/2023,ADW,MD,AEA,EN,Towers with Radar,0,0,17,53,70,0,1,9,60,70,0,1,26,113,140,0,0,0,140
03/03/2023,ADW,MD,AEA,EN,Towers with Radar,1,1,9,73,84,0,0,3,42,45,1,1,12,115,129,0,14,14,143
03/04/2023,ADW,MD,AEA,EN,Towers with Radar,1,0,2,21,24,0,1,2,14,17,1,1,4,35,41,0,6,6,47
03/05/2023,ADW,MD,AEA,EN,Towers with Radar,2,0,0,38,40,0,0,7,26,33,2,0,7,64,73,0,28,28,101
03/06/2023,ADW,MD,AEA,EN,Towers with Radar,0,0,8,58,66,0,2,8,122,132,0,2,16,180,198,0,202,202,400
03/07/2023,ADW,MD,AEA,EN,Towers with Radar,1,2,7,70,80,0,0,6,71,77,1,2,13,141,157,0,109,109,266
03/08/2023,ADW,MD,AEA,EN,Towers with Radar,1,0,2,66,69,0,1,3,65,69,1,1,5,131,138,0,60,60,198
03/09/2023,ADW,MD,AEA,EN,Towers with Radar,2,0,1,73,76,0,0,8,100,108,2,0,9,173,184,0,85,85,269
03/10/2023,ADW,MD,AEA,EN,Towers with Radar,0,0,6,62,68,0,0,1,34,35,0,0,7,96,103,0,0,0,103
03/11/2023,ADW,MD,AEA,EN,Towers with Radar,1,0,0,10,11,0,0,1,12,13,1,0,1,22,24,0,8,8,32
03/12/2023,ADW,MD,AEA,EN,Towers with Radar,1,0,0,33,34,0,0,4,21,25,1,0,4,54,59,0,40,40,99
03/13/2023,ADW,MD,AEA,EN,Towers with Radar,2,0,3,35,40,0,0,3,71,74,2,0,6,106,114,0,70,70,184
03/14/2023,ADW,MD,AEA,EN,Towers with Radar,2,0,3,17,22,0,0,3,47,50,2,0,6,64,72,0,58,58,130
03/15/2023,ADW,MD,AEA,EN,Towers with Radar,0,2,12,55,69,0,0,5,66,71,0,2,17,121,140,0,43,43,183
03/16/2023,ADW,MD,AEA,EN,Towers with Radar,0,3,0,57,60,0,2,5,75,82,0,5,5,132,142,0,84,84,226
03/17/2023,ADW,MD,AEA,EN,Towers with Radar,1,0,7,36,44,0,0,3,42,45,1,0,10,78,89,0,154,154,243
03/18/2023,ADW,MD,AEA,EN,Towers with Radar,4,0,0,17,21,0,0,1,17,18,4,0,1,34,39,0,54,54,93
03/19/2023,ADW,MD,AEA,EN,Towers with Radar,2,0,0,10,12,0,0,8,20,28,2,0,8,30,40,0,30,30,70
03/20/2023,ADW,MD,AEA,EN,Towers with Radar,1,0,24,46,71,0,2,5,51,58,1,2,29,97,129,0,82,82,211
03/21/2023,ADW,MD,AEA,EN,Towers with Radar,0,0,10,62,72,0,0,3,59,62,0,0,13,121,134,0,94,94,228
03/22/2023,ADW,MD,AEA,EN,Towers with Radar,1,2,21,51,75,0,1,1,65,67,1,3,22,116,142,0,174,174,316
03/23/2023,ADW,MD,AEA,EN,Towers with Radar,2,0,14,54,70,0,0,3,43,46,2,0,17,97,116,0,0,0,116
03/24/2023,ADW,MD,AEA,EN,Towers with Radar,0,0,2,43,45,0,0,3,17,20,0,0,5,60,65,0,0,0,65
03/25/2023,ADW,MD,AEA,EN,Towers with Radar,0,0,0,41,41,0,0,0,3,3,0,0,0,44,44,0,0,0,44
03/26/2023,ADW,MD,AEA,EN,Towers with Radar,0,0,0,20,20,0,0,5,14,19,0,0,5,34,39,0,58,58,97
03/27/2023,ADW,MD,AEA,EN,Towers with Radar,0,0,7,41,48,0,0,2,70,72,0,0,9,111,120,0,124,124,244
03/28/2023,ADW,MD,AEA,EN,Towers with Radar,0,0,9,61,70,0,0,9,100,109,0,0,18,161,179,0,96,96,275
03/29/2023,ADW,MD,AEA,EN,Towers with Radar,0,0,8,38,46,0,1,8,68,77,0,1,16,106,123,0,68,68,191
03/30/2023,ADW,MD,AEA,EN,Towers with Radar,0,0,6,76,82,0,0,6,72,78,0,0,12,148,160,0,126,126,286
03/31/2023,ADW,MD,AEA,EN,Towers with Radar,0,1,1,51,53,0,0,4,34,38,0,1,5,85,91,0,58,58,149
04/01/2023,ADW,MD,AEA,EN,Towers with Radar,0,0,2,21,23,0,0,4,12,16,0,0,6,33,39,0,26,26,65
04/02/2023,ADW,MD,AEA,EN,Towers with Radar,0,2,0,24,26,0,0,2,16,18,0,2,2,40,44,0,2,2,46
04/03/2023,ADW,MD,AEA,EN,Towers with Radar,0,1,2,44,47,0,0,6,104,110,0,1,8,148,157,0,192,192,349
04/04/2023,ADW,MD,AEA,EN,Towers with Radar,0,3,11,71,85,0,0,9,67,76,0,3,20,138,161,0,202,202,363
04/05/2023,ADW,MD,AEA,EN,Towers with Radar,1,1,10,67,79,0,0,4,74,78,1,1,14,141,157,0,100,100,257
04/06/2023,ADW,MD,AEA,EN,Towers with Radar,1,2,1,73,77,0,2,7,48,57,1,4,8,121,134,0,72,72,206
04/07/2023,ADW,MD,AEA,EN,Towers with Radar,0,0,4,38,42,0,0,0,28,28,0,0,4,66,70,0,62,62,132
04/08/2023,ADW,MD,AEA,EN,Towers with Radar,2,0,10,17,29,0,0,6,15,21,2,0,16,32,50,0,84,84,134
04/09/2023,ADW,MD,AEA,EN,Towers with Radar,0,0,0,24,24,0,0,8,12,20,0,0,8,36,44,0,0,0,44
04/10/2023,ADW,MD,AEA,EN,Towers with Radar,0,1,2,37,40,0,0,10,56,66,0,1,12,93,106,0,128,128,234
04/11/2023,ADW,MD,AEA,EN,Towers with Radar,1,1,2,88,92,0,1,4,86,91,1,2,6,174,183,0,152,152,335
04/12/2023,ADW,MD,AEA,EN,Towers with Radar,1,2,2,95,100,0,0,7,36,43,1,2,9,131,143,0,23,23,166
04/13/2023,ADW,MD,AEA,EN,Towers with Radar,0,0,2,32,34,0,0,5,34,39,0,0,7,66,73,0,64,64,137
04/14/2023,ADW,MD,AEA,EN,Towers with Radar,4,2,6,19,31,0,0,5,21,26,4,2,11,40,57,0,14,14,71
04/15/2023,ADW,MD,AEA,EN,Towers with Radar,4,0,6,30,40,0,0,2,17,19,4,0,8,47,59,0,0,0,59
04/16/2023,ADW,MD,AEA,EN,Towers with Radar,0,0,4,42,46,0,0,4,35,39,0,0,8,77,85,0,38,38,123
04/17/2023,ADW,MD,AEA,EN,Towers with Radar,0,1,8,37,46,0,0,1,51,52,0,1,9,88,98,0,98,98,196
04/18/2023,ADW,MD,AEA,EN,Towers with Radar,4,2,14,46,66,0,0,1,62,63,4,2,15,108,129,0,132,132,261
04/19/2023,ADW,MD,AEA,EN,Towers with Radar,0,0,6,51,57,0,0,0,54,54,0,0,6,105,111,0,138,138,249
04/20/2023,ADW,MD,AEA,EN,Towers with Radar,1,2,5,71,79,0,2,6,48,56,1,4,11,119,135,0,82,82,217
04/21/2023,ADW,MD,AEA,EN,Towers with Radar,3,2,6,46,57,0,2,5,47,54,3,4,11,93,111,0,14,14,125
04/22/2023,ADW,MD,AEA,EN,Towers with Radar,7,1,8,14,30,0,0,4,17,21,7,1,12,31,51,0,12,12,63
04/23/2023,ADW,MD,AEA,EN,Towers with Radar,0,2,2,19,23,0,0,5,20,25,0,2,7,39,48,0,28,28,76
04/24/2023,ADW,MD,AEA,EN,Towers with Radar,1,1,7,36,45,0,0,5,66,71,1,1,12,102,116,0,130,130,246
04/25/2023,ADW,MD,AEA,EN,Towers with Radar,0,0,5,66,71,0,0,3,68,71,0,0,8,134,142,0,136,136,278
04/26/2023,ADW,MD,AEA,EN,Towers with Radar,0,0,6,51,57,0,2,11,51,64,0,2,17,102,121,0,158,158,279
04/27/2023,ADW,MD,AEA,EN,Towers with Radar,1,0,14,74,89,2,0,7,37,46,3,0,21,111,135,0,83,83,218
04/28/2023,ADW,MD,AEA,EN,Towers with Radar,2,0,2,27,31,0,0,0,3,3,2,0,2,30,34,0,0,0,34
04/29/2023,ADW,MD,AEA,EN,Towers with Radar,6,0,2,22,30,0,0,3,13,16,6,0,5,35,46,0,0,0,46
04/30/2023,ADW,MD,AEA,EN,Towers with Radar,1,0,0,7,8,0,0,0,0,0,1,0,0,7,8,0,0,0,8
05/01/2023,ADW,MD,AEA,EN,Towers with Radar,5,1,3,32,41,0,0,6,69,75,5,1,9,101,116,0,129,129,245
05/02/2023,ADW,MD,AEA,EN,Towers with Radar,1,0,10,55,66,0,0,3,74,77,1,0,13,129,143,0,188,188,331
05/03/2023,ADW,MD,AEA,EN,Towers with Radar,2,3,0,41,46,0,0,3,51,54,2,3,3,92,100,0,32,32,132
05/04/2023,ADW,MD,AEA,EN,Towers with Radar,1,2,6,63,72,0,1,9,37,47,1,3,15,100,119,0,42,42,161
05/05/2023,ADW,MD,AEA,EN,Towers with Radar,0,1,4,77,82,0,0,6,56,62,0,1,10,133,144,0,34,34,178
05/06/2023,ADW,MD,AEA,EN,Towers with Radar,3,1,0,17,21,0,1,9,22,32,3,2,9,39,53,0,16,16,69
05/07/2023,ADW,MD,AEA,EN,Towers with Radar,3,0,0,15,18,0,0,4,12,16,3,0,4,27,34,0,0,0,34
05/08/2023,ADW,MD,AEA,EN,Towers with Radar,3,0,15,53,71,0,0,9,64,73,3,0,24,117,144,0,106,106,250
05/09/2023,ADW,MD,AEA,EN,Towers with Radar,0,0,12,93,105,0,0,11,92,103,0,0,23,185,208,0,112,112,320
05/10/2023,ADW,MD,AEA,EN,Towers with Radar,0,0,5,50,55,0,1,7,66,74,0,1,12,116,129,4,64,68,197
05/11/2023,ADW,MD,AEA,EN,Towers with Radar,3,1,5,64,73,0,0,5,57,62,3,1,10,121,135,0,26,26,161
05/12/2023,ADW,MD,AEA,EN,Towers with Radar,6,1,9,41,57,0,0,3,66,69,6,1,12,107,126,0,50,50,176
05/13/2023,ADW,MD,AEA,EN,Towers with Radar,7,1,0,22,30,0,0,5,17,22,7,1,5,39,52,0,36,36,88
05/14/2023,ADW,MD,AEA,EN,Towers with Radar,1,2,0,12,15,0,0,0,17,17,1,2,0,29,32,0,58,58,90
05/15/2023,ADW,MD,AEA,EN,Towers with Radar,2,1,2,46,51,0,1,15,80,96,2,2,17,126,147,0,200,200,347
05/16/2023,ADW,MD,AEA,EN,Towers with Radar,0,4,3,41,48,0,0,8,56,64,0,4,11,97,112,0,78,78,190
05/17/2023,ADW,MD,AEA,EN,Towers with Radar,0,1,2,65,68,0,0,8,65,73,0,1,10,130,141,0,82,82,223
05/18/2023,ADW,MD,AEA,EN,Towers with Radar,0,0,5,78,83,0,0,7,49,56,0,0,12,127,139,0,12,12,151
05/19/2023,ADW,MD,AEA,EN,Towers with Radar,0,0,3,40,43,0,0,5,50,55,0,0,8,90,98,0,150,150,248
05/20/2023,ADW,MD,AEA,EN,Towers with Radar,0,0,0,22,22,0,0,5,17,22,0,0,5,39,44,0,50,50,94
05/21/2023,ADW,MD,AEA,EN,Towers with Radar,1,0,0,44,45,0,1,8,11,20,1,1,8,55,65,0,10,10,75
05/22/2023,ADW,MD,AEA,EN,Towers with Radar,0,1,1,54,56,0,1,11,59,71,0,2,12,113,127,0,132,132,259
05/23/2023,ADW,MD,AEA,EN,Towers with Radar,3,1,6,54,64,0,0,11,81,92,3,1,17,135,156,0,138,138,294
05/24/2023,ADW,MD,AEA,EN,Towers with Radar,2,0,10,44,56,0,1,6,51,58,2,1,16,95,114,0,78,78,192
05/25/2023,ADW,MD,AEA,EN,Towers with Radar,2,0,11,71,84,0,0,16,41,57,2,0,27,112,141,0,48,48,189
05/26/2023,ADW,MD,AEA,EN,Towers with Radar,0,0,2,27,29,0,1,4,16,21,0,1,6,43,50,0,24,24,74
05/27/2023,ADW,MD,AEA,EN,Towers with Radar,2,0,0,11,13,0,0,5,21,26,2,0,5,32,39,0,44,44,83
05/28/2023,ADW,MD,AEA,EN,Towers with Radar,0,0,0,23,23,0,1,5,17,23,0,1,5,40,46,0,54,54,100
05/29/2023,ADW,MD,AEA,EN,Towers with Radar,0,0,0,24,24,0,0,4,10,14,0,0,4,34,38,0,0,0,38
05/30/2023,ADW,MD,AEA,EN,Towers with Radar,0,0,0,64,64,0,3,0,76,79,0,3,0,140,143,0,107,107,250
05/31/2023,ADW,MD,AEA,EN,Towers with Radar,0,0,17,53,70,0,0,2,66,68,0,0,19,119,138,0,80,80,218
06/01/2023,ADW,MD,AEA,EN,Towers with Radar,0,0,2,63,65,0,0,2,56,58,0,0,4,119,123,0,0,0,123
06/02/2023,ADW,MD,AEA,EN,Towers with Radar,0,0,7,42,49,0,0,12,37,49,0,0,19,79,98,0,0,0,98
06/03/2023,ADW,MD,AEA,EN,Towers with Radar,2,0,0,8,10,0,0,5,15,20,2,0,5,23,30,0,16,16,46
06/04/2023,ADW,MD,AEA,EN,Towers with Radar,0,0,0,15,15,0,0,5,11,16,0,0,5,26,31,0,0,0,31
06/05/2023,ADW,MD,AEA,EN,Towers with Radar,0,0,3,64,67,0,0,4,57,61,0,0,7,121,128,0,0,0,128
06/06/2023,ADW,MD,AEA,EN,Towers with Radar,1,0,9,60,70,0,0,4,45,49,1,0,13,105,119,0,6,6,125
06/07/2023,ADW,MD,AEA,EN,Towers with Radar,0,0,8,46,54,0,0,0,47,47,0,0,8,93,101,0,72,72,173
06/08/2023,ADW,MD,AEA,EN,Towers with Radar,2,0,14,57,73,0,0,3,18,21,2,0,17,75,94,0,0,0,94
06/09/2023,ADW,MD,AEA,EN,Towers with Radar,0,0,6,62,68,0,0,5,55,60,0,0,11,117,128,0,58,58,186
06/10/2023,ADW,MD,AEA,EN,Towers with Radar,4,0,1,21,26,0,0,8,20,28,4,0,9,41,54,0,44,44,98
06/11/2023,ADW,MD,AEA,EN,Towers with Radar,1,0,0,32,33,0,2,12,20,34,1,2,12,52,67,0,42,42,109
06/12/2023,ADW,MD,AEA,EN,Towers with Radar,1,0,7,37,45,0,0,1,49,50,1,0,8,86,95,0,46,46,141
06/13/2023,ADW,MD,AEA,EN,Towers with Radar,0,1,13,69,83,0,0,10,40,50,0,1,23,109,133,0,41,41,174
06/14/2023,ADW,MD,AEA,EN,Towers with Radar,1,1,12,55,69,0,0,6,60,66,1,1,18,115,135,0,96,96,231
06/15/2023,ADW,MD,AEA,EN,Towers with Radar,1,0,2,96,99,0,0,7,45,52,1,0,9,141,151,0,44,44,195
06/16/2023,ADW,MD,AEA,EN,Towers with Radar,0,1,4,49,54,0,0,9,19,28,0,1,13,68,82,0,0,0,82
06/17/2023,ADW,MD,AEA,EN,Towers with Radar,4,0,0,24,28,0,0,5,20,25,4,0,5,44,53,0,10,10,63
06/18/2023,ADW,MD,AEA,EN,Towers with Radar,0,1,0,17,18,0,2,5,11,18,0,3,5,28,36,0,0,0,36
06/19/2023,ADW,MD,AEA,EN,Towers with Radar,0,0,0,12,12,0,0,9,6,15,0,0,9,18,27,0,0,0,27
06/20/2023,ADW,MD,AEA,EN,Towers with Radar,0,0,2,49,51,0,0,0,58,58,0,0,2,107,109,0,112,112,221
06/21/2023,ADW,MD,AEA,EN,Towers with Radar,0,0,2,33,35,0,1,0,26,27,0,1,2,59,62,0,42,42,104
06/22/2023,ADW,MD,AEA,EN,Towers with Radar,0,1,0,48,49,0,0,0,2,2,0,1,0,50,51,0,0,0,51
06/23/2023,ADW,MD,AEA,EN,Towers with Radar,2,1,7,30,40,0,0,0,12,12,2,1,7,42,52,0,0,0,52
06/24/2023,ADW,MD,AEA,EN,Towers with Radar,4,1,0,16,21,0,0,4,17,21,4,1,4,33,42,0,0,0,42
06/25/2023,ADW,MD,AEA,EN,Towers with Radar,2,1,5,17,25,0,0,3,10,13,2,1,8,27,38,0,0,0,38
06/26/2023,ADW,MD,AEA,EN,Towers with Radar,0,0,27,25,52,0,0,4,28,32,0,0,31,53,84,0,0,0,84
06/27/2023,ADW,MD,AEA,EN,Towers with Radar,0,1,2,55,58,0,0,6,41,47,0,1,8,96,105,0,32,32,137
06/28/2023,ADW,MD,AEA,EN,Towers with Radar,0,1,5,82,88,0,0,11,55,66,0,1,16,137,154,0,32,32,186
06/29/2023,ADW,MD,AEA,EN,Towers with Radar,1,1,16,43,61,0,0,11,29,40,1,1,27,72,101,0,16,16,117
06/30/2023,ADW,MD,AEA,EN,Towers with Radar,0,0,9,39,48,0,0,11,19,30,0,0,20,58,78,0,48,48,126
07/01/2023,ADW,MD,AEA,EN,Towers with Radar,6,0,2,12,20,0,0,0,6,6,6,0,2,18,26,0,0,0,26
07/02/2023,ADW,MD,AEA,EN,Towers with Radar,0,0,0,10,10,0,0,0,15,15,0,0,0,25,25,0,0,0,25
07/03/2023,ADW,MD,AEA,EN,Towers with Radar,0,0,0,13,13,0,0,10,44,54,0,0,10,57,67,0,114,114,181
07/04/2023,ADW,MD,AEA,EN,Towers with Radar,0,0,1,6,7,0,2,3,6,11,0,2,4,12,18,0,0,0,18
07/05/2023,ADW,MD,AEA,EN,Towers with Radar,0,0,2,42,44,0,0,6,54,60,0,0,8,96,104,0,124,124,228
07/06/2023,ADW,MD,AEA,EN,Towers with Radar,0,0,3,82,85,0,2,7,70,79,0,2,10,152,164,0,114,114,278
07/07/2023,ADW,MD,AEA,EN,Towers with Radar,0,0,16,70,86,0,0,4,35,39,0,0,20,105,125,0,58,58,183
07/08/2023,ADW,MD,AEA,EN,Towers with Radar,4,2,0,16,22,0,1,3,9,13,4,3,3,25,35,0,2,2,37
07/09/2023,ADW,MD,AEA,EN,Towers with Radar,0,0,2,24,26,0,0,0,3,3,0,0,2,27,29,0,0,0,29
07/10/2023,ADW,MD,AEA,EN,Towers with Radar,0,0,9,36,45,0,1,10,63,74,0,1,19,99,119,0,158,158,277
07/11/2023,ADW,MD,AEA,EN,Towers with Radar,0,0,3,60,63,0,0,2,38,40,0,0,5,98,103,0,58,58,161
07/12/2023,ADW,MD,AEA,EN,Towers with Radar,1,0,1,33,35,0,2,5,31,38,1,2,6,64,73,0,60,60,133
07/13/2023,ADW,MD,AEA,EN,Towers with Radar,0,0,3,42,45,0,0,1,40,41,0,0,4,82,86,0,52,52,138
07/14/2023,ADW,MD,AEA,EN,Towers with Radar,1,2,4,66,73,0,1,4,33,38,1,3,8,99,111,0,134,134,245
07/15/2023,ADW,MD,AEA,EN,Towers with Radar,3,0,0,16,19,0,0,0,6,6,3,0,0,22,25,0,0,0,25
07/16/2023,ADW,MD,AEA,EN,Towers with Radar,0,0,0,24,24,0,0,1,10,11,0,0,1,34,35,0,0,0,35
07/17/2023,ADW,MD,AEA,EN,Towers with Radar,0,0,9,37,46,0,2,4,53,59,0,2,13,90,105,0,70,70,175
07/18/2023,ADW,MD,AEA,EN,Towers with Radar,0,0,8,77,85,0,3,2,65,70,0,3,10,142,155,0,68,68,223
07/19/2023,ADW,MD,AEA,EN,Towers with Radar,0,0,9,52,61,0,1,1,61,63,0,1,10,113,124,0,46,46,170
07/20/2023,ADW,MD,AEA,EN,Towers with Radar,0,0,10,95,105,0,0,11,41,52,0,0,21,136,157,0,10,10,167
07/21/2023,ADW,MD,AEA,EN,Towers with Radar,2,0,2,37,41,0,0,6,22,28,2,0,8,59,69,0,0,0,69
07/22/2023,ADW,MD,AEA,EN,Towers with Radar,2,2,4,16,24,0,0,5,18,23,2,2,9,34,47,0,12,12,59
07/23/2023,ADW,MD,AEA,EN,Towers with Radar,0,0,0,25,25,0,0,5,23,28,0,0,5,48,53,0,6,6,59
07/24/2023,ADW,MD,AEA,EN,Towers with Radar,5,0,13,45,63,0,0,2,42,44,5,0,15,87,107,0,10,10,117
07/25/2023,ADW,MD,AEA,EN,Towers with Radar,1,1,2,40,44,0,0,7,36,43,1,1,9,76,87,0,0,0,87
07/26/2023,ADW,MD,AEA,EN,Towers with Radar,1,1,5,62,69,0,0,2,49,51,1,1,7,111,120,0,0,0,120
07/27/2023,ADW,MD,AEA,EN,Towers with Radar,0,0,0,39,39,0,0,8,43,51,0,0,8,82,90,0,21,21,111
07/28/2023,ADW,MD,AEA,EN,Towers with Radar,0,0,6,45,51,0,0,7,16,23,0,0,13,61,74,0,0,0,74
07/29/2023,ADW,MD,AEA,EN,Towers with Radar,3,0,0,23,26,0,0,6,31,37,3,0,6,54,63,0,82,82,145
07/30/2023,ADW,MD,AEA,EN,Towers with Radar,0,0,0,10,10,0,0,4,13,17,0,0,4,23,27,0,24,24,51
07/31/2023,ADW,MD,AEA,EN,Towers with Radar,0,0,4,34,38,0,0,1,28,29,0,0,5,62,67,0,66,66,133
08/01/2023,ADW,MD,AEA,EN,Towers with Radar,1,0,14,71,86,0,0,11,45,56,1,0,25,116,142,0,117,117,259
08/02/2023,ADW,MD,AEA,EN,Towers with Radar,0,0,4,35,39,0,0,0,34,34,0,0,4,69,73,0,72,72,145
08/03/2023,ADW,MD,AEA,EN,Towers with Radar,1,0,4,46,51,0,0,5,25,30,1,0,9,71,81,0,18,18,99
08/04/2023,ADW,MD,AEA,EN,Towers with Radar,2,0,10,40,52,0,0,0,40,40,2,0,10,80,92,0,64,64,156
08/05/2023,ADW,MD,AEA,EN,Towers with Radar,6,0,0,29,35,0,0,10,5,15,6,0,10,34,50,0,0,0,50
08/06/2023,ADW,MD,AEA,EN,Towers with Radar,0,0,1,20,21,0,0,1,6,7,0,0,2,26,28,0,0,0,28
08/07/2023,ADW,MD,AEA,EN,Towers with Radar,1,0,8,44,53,0,0,12,31,43,1,0,20,75,96,0,103,103,199
08/08/2023,ADW,MD,AEA,EN,Towers with Radar,0,0,8,51,59,0,0,16,43,59,0,0,24,94,118,0,71,71,189
08/09/2023,ADW,MD,AEA,EN,Towers with Radar,0,0,1,61,62,0,1,2,34,37,0,1,3,95,99,0,0,0,99
08/10/2023,ADW,MD,AEA,EN,Towers with Radar,0,0,5,67,72,0,0,2,36,38,0,0,7,103,110,0,90,90,200
08/11/2023,ADW,MD,AEA,EN,Towers with Radar,0,0,5,58,63,0,2,7,59,68,0,2,12,117,131,0,78,78,209
08/12/2023,ADW,MD,AEA,EN,Towers with Radar,2,0,1,16,19,0,0,3,33,36,2,0,4,49,55,0,56,56,111
08/13/2023,ADW,MD,AEA,EN,Towers with Radar,0,0,0,14,14,0,0,5,25,30,0,0,5,39,44,0,38,38,82
08/14/2023,ADW,MD,AEA,EN,Towers with Radar,0,1,7,53,61,0,0,1,39,40,0,1,8,92,101,0,0,0,101
08/15/2023,ADW,MD,AEA,EN,Towers with Radar,0,1,2,55,58,0,1,0,35,36,0,2,2,90,94,0,46,46,140
08/16/2023,ADW,MD,AEA,EN,Towers with Radar,0,4,8,71,83,0,1,7,42,50,0,5,15,113,133,0,0,0,133
08/17/2023,ADW,MD,AEA,EN,Towers with Radar,2,0,6,67,75,0,0,2,33,35,2,0,8,100,110,0,46,46,156
08/18/2023,ADW,MD,AEA,EN,Towers with Radar,0,1,3,34,38,0,0,6,19,25,0,1,9,53,63,0,0,0,63
08/19/2023,ADW,MD,AEA,EN,Towers with Radar,0,0,0,23,23,0,0,6,15,21,0,0,6,38,44,0,22,22,66
08/20/2023,ADW,MD,AEA,EN,Towers with Radar,0,0,0,18,18,0,0,10,14,24,0,0,10,32,42,0,38,38,80
08/21/2023,ADW,MD,AEA,EN,Towers with Radar,2,0,2,30,34,0,0,4,42,46,2,0,6,72,80,0,52,52,132
08/22/2023,ADW,MD,AEA,EN,Towers with Radar,0,2,3,54,59,0,0,5,40,45,0,2,8,94,104,0,0,0,104
08/23/2023,ADW,MD,AEA,EN,Towers with Radar,0,0,2,35,37,0,0,4,38,42,0,0,6,73,79,0,0,0,79
08/24/2023,ADW,MD,AEA,EN,Towers with Radar,2,0,6,52,60,0,0,5,19,24,2,0,11,71,84,0,0,0,84
08/25/2023,ADW,MD,AEA,EN,Towers with Radar,0,0,2,40,42,0,2,5,15,22,0,2,7,55,64,0,0,0,64
08/26/2023,ADW,MD,AEA,EN,Towers with Radar,0,0,4,13,17,0,0,3,22,25,0,0,7,35,42,0,0,0,42
08/27/2023,ADW,MD,AEA,EN,Towers with Radar,0,0,6,18,24,0,1,7,20,28,0,1,13,38,52,0,2,2,54
08/28/2023,ADW,MD,AEA,EN,Towers with Radar,0,0,36,44,80,0,0,7,51,58,0,0,43,95,138,0,0,0,138
08/29/2023,ADW,MD,AEA,EN,Towers with Radar,0,2,6,79,87,0,1,2,33,36,0,3,8,112,123,0,62,62,185
08/30/2023,ADW,MD,AEA,EN,Towers with Radar,0,1,4,54,59,0,1,3,51,55,0,2,7,105,114,0,96,96,210
08/31/2023,ADW,MD,AEA,EN,Towers with Radar,0,4,33,100,137,1,0,10,50,61,1,4,43,150,198,0,150,150,348
