01/01/2020,AEG,NM,ASW,WE,Federal Contract Tower,0,0,1,0,1,0,0,63,0,63,0,0,64,0,64,138,0,138,202
01/02/2020,AEG,NM,ASW,WE,Federal Contract Tower,0,0,5,0,5,0,0,16,0,16,0,0,21,0,21,26,0,26,47
01/03/2020,AEG,NM,ASW,WE,Federal Contract Tower,0,1,2,0,3,0,1,75,0,76,0,2,77,0,79,78,0,78,157
01/04/2020,AEG,NM,ASW,WE,Federal Contract Tower,0,0,5,0,5,0,0,103,0,103,0,0,108,0,108,172,0,172,280
01/05/2020,AEG,NM,ASW,WE,Federal Contract Tower,0,0,8,0,8,0,0,81,0,81,0,0,89,0,89,108,0,108,197
01/06/2020,AEG,NM,ASW,WE,Federal Contract Tower,0,1,8,0,9,0,0,24,0,24,0,1,32,0,33,24,0,24,57
01/07/2020,AEG,NM,ASW,WE,Federal Contract Tower,0,1,6,0,7,0,0,101,8,109,0,1,107,8,116,216,0,216,332
01/08/2020,AEG,NM,ASW,WE,Federal Contract Tower,0,0,7,0,7,0,0,32,7,39,0,0,39,7,46,72,0,72,118
01/09/2020,AEG,NM,ASW,WE,Federal Contract Tower,0,1,12,2,15,0,0,72,6,78,0,1,84,8,93,90,0,90,183
01/10/2020,AEG,NM,ASW,WE,Federal Contract Tower,0,0,1,1,2,0,2,12,8,22,0,2,13,9,24,0,0,0,24
01/11/2020,AEG,NM,ASW,WE,Federal Contract Tower,0,0,7,1,8,0,0,79,11,90,0,0,86,12,98,128,0,128,226
01/12/2020,AEG,NM,ASW,WE,Federal Contract Tower,0,1,2,0,3,0,0,30,16,46,0,1,32,16,49,72,0,72,121
01/13/2020,AEG,NM,ASW,WE,Federal Contract Tower,0,2,2,0,4,0,1,42,10,53,0,3,44,10,57,52,0,52,109
01/14/2020,AEG,NM,ASW,WE,Federal Contract Tower,0,2,2,0,4,0,0,84,1,85,0,2,86,1,89,250,0,250,339
01/15/2020,AEG,NM,ASW,WE,Federal Contract Tower,0,1,8,0,9,0,0,94,11,105,0,1,102,11,114,182,30,212,326
01/16/2020,AEG,NM,ASW,WE,Federal Contract Tower,0,0,1,0,1,0,0,0,0,0,0,0,1,0,1,0,0,0,1
01/17/2020,AEG,NM,ASW,WE,Federal Contract Tower,0,1,3,6,10,0,0,11,2,13,0,1,14,8,23,26,8,34,57
01/18/2020,AEG,NM,ASW,WE,Federal Contract Tower,0,2,11,1,14,0,0,84,0,84,0,2,95,1,98,122,0,122,220
01/19/2020,AEG,NM,ASW,WE,Federal Contract Tower,0,0,6,0,6,0,0,77,0,77,0,0,83,0,83,54,0,54,137
01/20/2020,AEG,NM,ASW,WE,Federal Contract Tower,0,0,3,0,3,0,0,62,0,62,0,0,65,0,65,146,0,146,211
01/21/2020,AEG,NM,ASW,WE,Federal Contract Tower,0,0,0,0,0,0,0,8,0,8,0,0,8,0,8,0,0,0,8
01/22/2020,AEG,NM,ASW,WE,Federal Contract Tower,0,4,3,1,8,0,0,27,1,28,0,4,30,2,36,32,0,32,68
01/23/2020,AEG,NM,ASW,WE,Federal Contract Tower,0,2,2,0,4,0,0,70,0,70,0,2,72,0,74,40,0,40,114
01/24/2020,AEG,NM,ASW,WE,Federal Contract Tower,0,1,3,0,4,0,0,88,3,91,0,1,91,3,95,144,6,150,245
01/25/2020,AEG,NM,ASW,WE,Federal Contract Tower,0,1,7,0,8,0,0,70,6,76,0,1,77,6,84,108,0,108,192
01/26/2020,AEG,NM,ASW,WE,Federal Contract Tower,0,0,4,0,4,0,1,63,0,64,0,1,67,0,68,67,0,67,135
01/27/2020,AEG,NM,ASW,WE,Federal Contract Tower,0,0,3,0,3,0,1,14,0,15,0,1,17,0,18,18,0,18,36
01/28/2020,AEG,NM,ASW,WE,Federal Contract Tower,0,1,3,0,4,0,0,66,0,66,0,1,69,0,70,78,0,78,148
01/29/2020,AEG,NM,ASW,WE,Federal Contract Tower,0,0,6,2,8,0,0,57,2,59,0,0,63,4,67,146,6,152,219
01/30/2020,AEG,NM,ASW,WE,Federal Contract Tower,0,2,2,0,4,0,2,29,0,31,0,4,31,0,35,86,0,86,121
01/31/2020,AEG,NM,ASW,WE,Federal Contract Tower,0,0,7,2,9,0,0,63,0,63,0,0,70,2,72,104,0,104,176
02/01/2020,AEG,NM,ASW,CE,Federal Contract Tower,0,1,8,0,9,0,0,155,0,155,0,1,163,0,164,92,0,92,256
02/02/2020,AEG,NM,ASW,CE,Federal Contract Tower,0,2,6,0,8,0,0,60,0,60,0,2,66,0,68,116,0,116,184
02/03/2020,AEG,NM,ASW,CE,Federal Contract Tower,0,2,0,0,2,0,0,22,2,24,0,2,22,2,26,30,22,52,78
02/04/2020,AEG,NM,ASW,CE,Federal Contract Tower,0,2,1,0,3,0,0,7,0,7,0,2,8,0,10,6,0,6,16
02/05/2020,AEG,NM,ASW,CE,Federal Contract Tower,0,5,5,2,12,0,2,20,0,22,0,7,25,2,34,68,0,68,102
02/06/2020,AEG,NM,ASW,CE,Federal Contract Tower,0,0,5,0,5,0,0,34,0,34,0,0,39,0,39,18,0,18,57
02/07/2020,AEG,NM,ASW,CE,Federal Contract Tower,0,0,5,0,5,0,0,46,3,49,0,0,51,3,54,24,20,44,98
02/08/2020,AEG,NM,ASW,CE,Federal Contract Tower,0,2,6,0,8,0,0,98,0,98,0,2,104,0,106,176,0,176,282
02/09/2020,AEG,NM,ASW,CE,Federal Contract Tower,0,1,9,0,10,0,0,66,0,66,0,1,75,0,76,132,0,132,208
02/10/2020,AEG,NM,ASW,CE,Federal Contract Tower,0,1,1,0,2,0,0,1,0,1,0,1,2,0,3,0,0,0,3
02/11/2020,AEG,NM,ASW,CE,Federal Contract Tower,0,0,0,0,0,0,0,0,0,0,0,0,0,0,0,0,0,0,0
02/12/2020,AEG,NM,ASW,CE,Federal Contract Tower,0,3,9,0,12,0,2,68,1,71,0,5,77,1,83,146,12,158,241
02/13/2020,AEG,NM,ASW,CE,Federal Contract Tower,0,0,6,0,6,0,0,94,2,96,0,0,100,2,102,204,0,204,306
02/14/2020,AEG,NM,ASW,CE,Federal Contract Tower,0,4,4,0,8,0,0,53,0,53,0,4,57,0,61,140,0,140,201
02/15/2020,AEG,NM,ASW,CE,Federal Contract Tower,0,3,15,0,18,0,0,100,0,100,0,3,115,0,118,170,0,170,288
02/16/2020,AEG,NM,ASW,CE,Federal Contract Tower,0,1,7,0,8,0,0,79,0,79,0,1,86,0,87,96,0,96,183
02/17/2020,AEG,NM,ASW,CE,Federal Contract Tower,0,0,7,2,9,0,0,64,0,64,0,0,71,2,73,100,0,100,173
02/18/2020,AEG,NM,ASW,CE,Federal Contract Tower,0,1,8,0,9,0,4,63,0,67,0,5,71,0,76,106,0,106,182
02/19/2020,AEG,NM,ASW,CE,Federal Contract Tower,0,3,9,0,12,0,0,61,2,63,0,3,70,2,75,108,0,108,183
02/20/2020,AEG,NM,ASW,CE,Federal Contract Tower,0,2,4,0,6,0,0,41,6,47,0,2,45,6,53,50,26,76,129
02/21/2020,AEG,NM,ASW,CE,Federal Contract Tower,0,3,9,0,12,0,0,77,0,77,0,3,86,0,89,202,0,202,291
02/22/2020,AEG,NM,ASW,CE,Federal Contract Tower,0,3,5,0,8,0,0,27,0,27,0,3,32,0,35,74,0,74,109
02/23/2020,AEG,NM,ASW,CE,Federal Contract Tower,0,2,2,0,4,0,0,4,0,4,0,2,6,0,8,0,0,0,8
02/24/2020,AEG,NM,ASW,CE,Federal Contract Tower,0,1,2,1,4,0,0,30,2,32,0,1,32,3,36,38,0,38,74
02/25/2020,AEG,NM,ASW,CE,Federal Contract Tower,0,1,10,5,16,0,0,30,2,32,0,1,40,7,48,56,4,60,108
02/26/2020,AEG,NM,ASW,CE,Federal Contract Tower,0,4,7,0,11,0,0,76,5,81,0,4,83,5,92,100,14,114,206
02/27/2020,AEG,NM,ASW,CE,Federal Contract Tower,0,0,6,0,6,0,0,67,2,69,0,0,73,2,75,78,4,82,157
02/28/2020,AEG,NM,ASW,CE,Federal Contract Tower,0,0,2,2,4,0,3,99,4,106,0,3,101,6,110,170,0,170,280
02/29/2020,AEG,NM,ASW,CE,Federal Contract Tower,0,3,8,0,11,0,0,89,4,93,0,3,97,4,104,88,0,88,192
03/01/2020,AEG,NM,ASW,CE,Federal Contract Tower,0,2,8,0,10,0,0,33,8,41,0,2,41,8,51,84,0,84,135
03/02/2020,AEG,NM,ASW,CE,Federal Contract Tower,0,4,3,0,7,0,0,33,8,41,0,4,36,8,48,51,2,53,101
03/03/2020,AEG,NM,ASW,CE,Federal Contract Tower,0,1,6,0,7,0,0,59,3,62,0,1,65,3,69,62,0,62,131
03/04/2020,AEG,NM,ASW,CE,Federal Contract Tower,0,0,6,5,11,0,0,89,1,90,0,0,95,6,101,124,0,124,225
03/05/2020,AEG,NM,ASW,CE,Federal Contract Tower,0,0,8,0,8,0,0,100,3,103,0,0,108,3,111,68,2,70,181
03/06/2020,AEG,NM,ASW,CE,Federal Contract Tower,0,1,8,0,9,0,0,67,3,70,0,1,75,3,79,80,0,80,159
03/07/2020,AEG,NM,ASW,CE,Federal Contract Tower,0,0,8,0,8,0,0,100,1,101,0,0,108,1,109,76,0,76,185
03/08/2020,AEG,NM,ASW,CE,Federal Contract Tower,0,0,2,0,2,0,0,16,2,18,0,0,18,2,20,8,38,46,66
03/09/2020,AEG,NM,ASW,CE,Federal Contract Tower,0,4,8,0,12,0,0,103,2,105,0,4,111,2,117,150,0,150,267
03/10/2020,AEG,NM,ASW,CE,Federal Contract Tower,0,2,8,1,11,0,0,59,4,63,0,2,67,5,74,46,20,66,140
03/11/2020,AEG,NM,ASW,CE,Federal Contract Tower,0,2,8,0,10,0,0,36,0,36,0,2,44,0,46,52,0,52,98
03/12/2020,AEG,NM,ASW,CE,Federal Contract Tower,0,2,11,0,13,0,0,56,1,57,0,2,67,1,70,110,16,126,196
03/13/2020,AEG,NM,ASW,CE,Federal Contract Tower,0,1,4,0,5,0,0,3,0,3,0,1,7,0,8,0,0,0,8
03/14/2020,AEG,NM,ASW,CE,Federal Contract Tower,0,0,4,0,4,0,0,82,0,82,0,0,86,0,86,92,0,92,178
03/15/2020,AEG,NM,ASW,CE,Federal Contract Tower,0,2,4,0,6,0,1,76,0,77,0,3,80,0,83,98,0,98,181
03/16/2020,AEG,NM,ASW,CE,Federal Contract Tower,0,1,3,0,4,0,0,67,4,71,0,1,70,4,75,158,30,188,263
03/17/2020,AEG,NM,ASW,CE,Federal Contract Tower,0,1,14,0,15,0,0,88,0,88,0,1,102,0,103,146,0,146,249
03/18/2020,AEG,NM,ASW,CE,Federal Contract Tower,0,1,1,0,2,0,0,27,4,31,0,1,28,4,33,20,16,36,69
03/19/2020,AEG,NM,ASW,CE,Federal Contract Tower,0,0,2,0,2,0,0,21,0,21,0,0,23,0,23,24,0,24,47
03/20/2020,AEG,NM,ASW,CE,Federal Contract Tower,0,1,6,0,7,0,0,50,0,50,0,1,56,0,57,138,0,138,195
03/22/2020,AEG,NM,ASW,CE,Federal Contract Tower,0,0,2,0,2,0,0,77,0,77,0,0,79,0,79,69,0,69,148
03/23/2020,AEG,NM,ASW,CE,Federal Contract Tower,0,0,2,0,2,0,1,28,2,31,0,1,30,2,33,56,22,78,111
03/24/2020,AEG,NM,ASW,CE,Federal Contract Tower,0,1,8,4,13,0,0,42,2,44,0,1,50,6,57,26,8,34,91
03/25/2020,AEG,NM,ASW,CE,Federal Contract Tower,0,1,1,0,2,0,0,27,1,28,0,1,28,1,30,46,8,54,84
03/26/2020,AEG,NM,ASW,CE,Federal Contract Tower,0,0,2,0,2,0,0,3,0,3,0,0,5,0,5,0,0,0,5
03/27/2020,AEG,NM,ASW,CE,Federal Contract Tower,0,0,2,0,2,0,2,6,0,8,0,2,8,0,10,0,0,0,10
03/28/2020,AEG,NM,ASW,CE,Federal Contract Tower,0,0,2,0,2,0,0,19,0,19,0,0,21,0,21,12,0,12,33
03/29/2020,AEG,NM,ASW,CE,Federal Contract Tower,0,1,0,0,1,0,0,64,0,64,0,1,64,0,65,84,0,84,149
03/30/2020,AEG,NM,ASW,CE,Federal Contract Tower,0,2,3,0,5,0,0,15,2,17,0,2,18,2,22,6,0,6,28
03/31/2020,AEG,NM,ASW,CE,Federal Contract Tower,0,0,3,2,5,0,0,79,0,79,0,0,82,2,84,40,0,40,124
04/01/2020,AEG,NM,ASW,CE,Federal Contract Tower,0,3,6,0,9,0,0,40,2,42,0,3,46,2,51,14,14,28,79
04/02/2020,AEG,NM,ASW,CE,Federal Contract Tower,0,0,1,0,1,0,0,13,0,13,0,0,14,0,14,0,0,0,14
04/03/2020,AEG,NM,ASW,CE,Federal Contract Tower,0,0,2,0,2,0,0,36,0,36,0,0,38,0,38,58,0,58,96
04/04/2020,AEG,NM,ASW,CE,Federal Contract Tower,0,1,3,0,4,0,0,51,0,51,0,1,54,0,55,50,0,50,105
04/05/2020,AEG,NM,ASW,CE,Federal Contract Tower,0,0,2,0,2,0,0,69,0,69,0,0,71,0,71,34,0,34,105
04/06/2020,AEG,NM,ASW,CE,Federal Contract Tower,0,0,0,0,0,0,2,26,1,29,0,2,26,1,29,0,6,6,35
04/07/2020,AEG,NM,ASW,CE,Federal Contract Tower,0,1,9,0,10,0,0,41,4,45,0,1,50,4,55,36,0,36,91
04/08/2020,AEG,NM,ASW,CE,Federal Contract Tower,0,0,2,0,2,0,0,56,2,58,0,0,58,2,60,80,2,82,142
04/09/2020,AEG,NM,ASW,CE,Federal Contract Tower,0,2,4,0,6,0,0,39,4,43,0,2,43,4,49,32,26,58,107
04/10/2020,AEG,NM,ASW,CE,Federal Contract Tower,0,0,1,0,1,0,0,73,1,74,0,0,74,1,75,78,12,90,165
04/11/2020,AEG,NM,ASW,CE,Federal Contract Tower,0,1,3,0,4,0,0,79,0,79,0,1,82,0,83,74,0,74,157
04/12/2020,AEG,NM,ASW,CE,Federal Contract Tower,0,1,1,0,2,0,0,5,0,5,0,1,6,0,7,0,0,0,7
04/13/2020,AEG,NM,ASW,CE,Federal Contract Tower,0,0,0,0,0,0,0,0,0,0,0,0,0,0,0,0,0,0,0
04/14/2020,AEG,NM,ASW,CE,Federal Contract Tower,0,2,3,1,6,0,1,31,1,33,0,3,34,2,39,34,2,36,75
04/15/2020,AEG,NM,ASW,CE,Federal Contract Tower,0,0,1,0,1,0,0,47,2,49,0,0,48,2,50,46,20,66,116
04/16/2020,AEG,NM,ASW,CE,Federal Contract Tower,0,0,0,0,0,0,0,56,4,60,0,0,56,4,60,28,0,28,88
04/17/2020,AEG,NM,ASW,CE,Federal Contract Tower,0,1,2,0,3,0,0,60,0,60,0,1,62,0,63,48,0,48,111
04/18/2020,AEG,NM,ASW,CE,Federal Contract Tower,0,0,4,0,4,0,0,47,0,47,0,0,51,0,51,48,0,48,99
04/19/2020,AEG,NM,ASW,CE,Federal Contract Tower,0,1,4,0,5,0,0,66,0,66,0,1,70,0,71,54,0,54,125
04/20/2020,AEG,NM,ASW,CE,Federal Contract Tower,0,3,5,0,8,0,0,50,0,50,0,3,55,0,58,18,0,18,76
04/21/2020,AEG,NM,ASW,CE,Federal Contract Tower,0,1,5,0,6,0,0,50,0,50,0,1,55,0,56,74,0,74,130
04/22/2020,AEG,NM,ASW,CE,Federal Contract Tower,0,2,1,2,5,0,0,8,2,10,0,2,9,4,15,14,14,28,43
04/23/2020,AEG,NM,ASW,CE,Federal Contract Tower,0,2,2,0,4,0,0,20,1,21,0,2,22,1,25,0,0,0,25
04/24/2020,AEG,NM,ASW,CE,Federal Contract Tower,0,1,5,0,6,0,0,14,0,14,0,1,19,0,20,10,0,10,30
04/25/2020,AEG,NM,ASW,CE,Federal Contract Tower,0,3,11,0,14,0,0,91,0,91,0,3,102,0,105,122,0,122,227
04/26/2020,AEG,NM,ASW,CE,Federal Contract Tower,0,1,2,0,3,0,0,62,0,62,0,1,64,0,65,88,0,88,153
04/27/2020,AEG,NM,ASW,CE,Federal Contract Tower,0,4,2,0,6,0,1,35,3,39,0,5,37,3,45,34,22,56,101
04/28/2020,AEG,NM,ASW,CE,Federal Contract Tower,0,1,5,0,6,0,0,34,0,34,0,1,39,0,40,96,0,96,136
04/29/2020,AEG,NM,ASW,CE,Federal Contract Tower,0,1,7,0,8,0,0,66,2,68,0,1,73,2,76,51,8,59,135
04/30/2020,AEG,NM,ASW,CE,Federal Contract Tower,0,1,8,0,9,0,0,58,5,63,0,1,66,5,72,94,0,94,166
05/01/2020,AEG,NM,ASW,CE,Federal Contract Tower,0,0,6,0,6,0,0,74,0,74,0,0,80,0,80,32,0,32,112
05/02/2020,AEG,NM,ASW,CE,Federal Contract Tower,0,4,7,0,11,0,0,81,0,81,0,4,88,0,92,84,0,84,176
05/03/2020,AEG,NM,ASW,CE,Federal Contract Tower,0,1,2,0,3,0,0,85,0,85,0,1,87,0,88,72,0,72,160
05/04/2020,AEG,NM,ASW,CE,Federal Contract Tower,0,1,3,0,4,0,0,25,2,27,0,1,28,2,31,0,0,0,31
05/05/2020,AEG,NM,ASW,CE,Federal Contract Tower,0,7,6,0,13,0,0,32,1,33,0,7,38,1,46,22,26,48,94
05/06/2020,AEG,NM,ASW,CE,Federal Contract Tower,0,2,4,0,6,0,1,67,0,68,0,3,71,0,74,62,0,62,136
05/07/2020,AEG,NM,ASW,CE,Federal Contract Tower,0,0,7,0,7,0,0,28,0,28,0,0,35,0,35,18,0,18,53
05/08/2020,AEG,NM,ASW,CE,Federal Contract Tower,0,0,3,0,3,0,1,19,0,20,0,1,22,0,23,4,0,4,27
05/09/2020,AEG,NM,ASW,CE,Federal Contract Tower,0,2,18,0,20,0,0,103,0,103,0,2,121,0,123,104,0,104,227
05/10/2020,AEG,NM,ASW,CE,Federal Contract Tower,0,1,1,0,2,0,0,41,1,42,0,1,42,1,44,22,0,22,66
05/11/2020,AEG,NM,ASW,CE,Federal Contract Tower,0,0,1,0,1,0,2,27,6,35,0,2,28,6,36,56,2,58,94
05/12/2020,AEG,NM,ASW,CE,Federal Contract Tower,0,0,11,0,11,0,1,68,4,73,0,1,79,4,84,144,0,144,228
05/13/2020,AEG,NM,ASW,CE,Federal Contract Tower,0,1,8,6,15,0,0,34,2,36,0,1,42,8,51,24,4,28,79
05/14/2020,AEG,NM,ASW,CE,Federal Contract Tower,0,4,1,0,5,0,0,81,4,85,0,4,82,4,90,90,0,90,180
05/15/2020,AEG,NM,ASW,CE,Federal Contract Tower,0,1,6,0,7,0,0,55,2,57,0,1,61,2,64,78,38,116,180
05/16/2020,AEG,NM,ASW,CE,Federal Contract Tower,0,0,8,0,8,0,0,76,0,76,0,0,84,0,84,98,0,98,182
05/17/2020,AEG,NM,ASW,CE,Federal Contract Tower,0,3,8,0,11,0,0,41,0,41,0,3,49,0,52,54,0,54,106
05/18/2020,AEG,NM,ASW,CE,Federal Contract Tower,0,1,8,0,9,0,0,54,0,54,0,1,62,0,63,78,0,78,141
05/19/2020,AEG,NM,ASW,CE,Federal Contract Tower,0,2,9,1,12,0,0,47,2,49,0,2,56,3,61,94,12,106,167
05/20/2020,AEG,NM,ASW,CE,Federal Contract Tower,0,2,9,0,11,0,3,45,0,48,0,5,54,0,59,96,0,96,155
05/21/2020,AEG,NM,ASW,CE,Federal Contract Tower,0,7,2,0,9,0,0,56,0,56,0,7,58,0,65,42,0,42,107
05/22/2020,AEG,NM,ASW,CE,Federal Contract Tower,0,1,1,0,2,0,0,80,0,80,0,1,81,0,82,44,0,44,126
05/23/2020,AEG,NM,ASW,CE,Federal Contract Tower,0,1,5,0,6,0,0,53,0,53,0,1,58,0,59,76,0,76,135
05/24/2020,AEG,NM,ASW,CE,Federal Contract Tower,0,0,0,0,0,0,0,91,0,91,0,0,91,0,91,150,0,150,241
05/25/2020,AEG,NM,ASW,CE,Federal Contract Tower,0,1,5,0,6,0,0,30,0,30,0,1,35,0,36,22,0,22,58
05/26/2020,AEG,NM,ASW,CE,Federal Contract Tower,0,1,6,1,8,0,0,62,1,63,0,1,68,2,71,175,4,179,250
05/27/2020,AEG,NM,ASW,CE,Federal Contract Tower,0,4,4,0,8,0,0,51,0,51,0,4,55,0,59,106,0,106,165
05/28/2020,AEG,NM,ASW,CE,Federal Contract Tower,0,4,4,0,8,0,0,0,0,0,0,4,4,0,8,52,0,52,60
05/29/2020,AEG,NM,ASW,CE,Federal Contract Tower,0,5,5,0,10,0,2,48,0,50,0,7,53,0,60,46,0,46,106
05/30/2020,AEG,NM,ASW,CE,Federal Contract Tower,0,0,4,3,7,0,0,94,1,95,0,0,98,4,102,94,0,94,196
05/31/2020,AEG,NM,ASW,CE,Federal Contract Tower,0,0,4,0,4,0,0,59,0,59,0,0,63,0,63,52,0,52,115
06/01/2020,AEG,NM,ASW,CE,Federal Contract Tower,0,1,5,0,6,0,0,42,2,44,0,1,47,2,50,22,44,66,116
06/02/2020,AEG,NM,ASW,CE,Federal Contract Tower,0,0,10,1,11,0,0,63,0,63,0,0,73,1,74,366,0,366,440
06/03/2020,AEG,NM,ASW,CE,Federal Contract Tower,0,0,12,0,12,0,0,85,0,85,0,0,97,0,97,278,0,278,375
06/04/2020,AEG,NM,ASW,CE,Federal Contract Tower,0,0,7,0,7,0,0,64,1,65,0,0,71,1,72,156,0,156,228
06/05/2020,AEG,NM,ASW,CE,Federal Contract Tower,0,0,5,0,5,0,0,84,0,84,0,0,89,0,89,124,0,124,213
06/06/2020,AEG,NM,ASW,CE,Federal Contract Tower,0,1,4,0,5,0,0,28,1,29,0,1,32,1,34,26,0,26,60
06/07/2020,AEG,NM,ASW,CE,Federal Contract Tower,0,0,2,0,2,0,0,54,6,60,0,0,56,6,62,108,0,108,170
06/08/2020,AEG,NM,ASW,CE,Federal Contract Tower,0,0,0,0,0,0,8,16,7,31,0,8,16,7,31,52,0,52,83
06/09/2020,AEG,NM,ASW,CE,Federal Contract Tower,0,2,5,0,7,0,0,14,4,18,0,2,19,4,25,10,0,10,35
06/10/2020,AEG,NM,ASW,CE,Federal Contract Tower,0,0,6,0,6,0,1,85,3,89,0,1,91,3,95,140,0,140,235
06/11/2020,AEG,NM,ASW,CE,Federal Contract Tower,0,0,3,0,3,0,0,55,7,62,0,0,58,7,65,50,0,50,115
06/12/2020,AEG,NM,ASW,CE,Federal Contract Tower,0,1,3,0,4,0,0,53,1,54,0,1,56,1,58,78,0,78,136
06/13/2020,AEG,NM,ASW,CE,Federal Contract Tower,0,2,8,0,10,0,0,53,0,53,0,2,61,0,63,60,0,60,123
06/14/2020,AEG,NM,ASW,CE,Federal Contract Tower,0,1,0,0,1,0,0,49,1,50,0,1,49,1,51,54,0,54,105
06/15/2020,AEG,NM,ASW,CE,Federal Contract Tower,0,4,3,0,7,0,0,75,2,77,0,4,78,2,84,144,0,144,228
06/16/2020,AEG,NM,ASW,CE,Federal Contract Tower,0,3,4,0,7,0,1,65,0,66,0,4,69,0,73,130,0,130,203
06/17/2020,AEG,NM,ASW,CE,Federal Contract Tower,0,3,13,0,16,0,0,80,0,80,0,3,93,0,96,120,0,120,216
06/18/2020,AEG,NM,ASW,CE,Federal Contract Tower,0,1,3,0,4,0,6,61,2,69,0,7,64,2,73,86,4,90,163
06/19/2020,AEG,NM,ASW,CE,Federal Contract Tower,0,1,2,0,3,0,0,35,0,35,0,1,37,0,38,74,0,74,112
06/20/2020,AEG,NM,ASW,CE,Federal Contract Tower,0,0,2,0,2,0,0,81,0,81,0,0,83,0,83,106,0,106,189
06/21/2020,AEG,NM,ASW,CE,Federal Contract Tower,0,0,1,0,1,0,0,67,0,67,0,0,68,0,68,32,0,32,100
06/22/2020,AEG,NM,ASW,CE,Federal Contract Tower,0,1,3,0,4,0,0,61,2,63,0,1,64,2,67,82,0,82,149
06/23/2020,AEG,NM,ASW,CE,Federal Contract Tower,0,1,4,2,7,0,0,41,7,48,0,1,45,9,55,106,18,124,179
06/24/2020,AEG,NM,ASW,CE,Federal Contract Tower,0,0,11,0,11,0,0,68,4,72,0,0,79,4,83,142,0,142,225
06/25/2020,AEG,NM,ASW,CE,Federal Contract Tower,0,0,6,0,6,0,0,92,0,92,0,0,98,0,98,88,0,88,186
06/26/2020,AEG,NM,ASW,CE,Federal Contract Tower,0,1,3,0,4,0,0,82,0,82,0,1,85,0,86,148,0,148,234
06/27/2020,AEG,NM,ASW,CE,Federal Contract Tower,0,0,4,0,4,0,0,52,0,52,0,0,56,0,56,50,0,50,106
06/28/2020,AEG,NM,ASW,CE,Federal Contract Tower,0,1,5,0,6,0,0,32,0,32,0,1,37,0,38,70,0,70,108
06/29/2020,AEG,NM,ASW,CE,Federal Contract Tower,0,0,1,0,1,0,0,42,2,44,0,0,43,2,45,50,12,62,107
06/30/2020,AEG,NM,ASW,CE,Federal Contract Tower,0,1,9,0,10,0,0,45,2,47,0,1,54,2,57,14,4,18,75
07/01/2020,AEG,NM,ASW,CE,Federal Contract Tower,0,0,3,0,3,0,0,94,0,94,0,0,97,0,97,94,0,94,191
07/02/2020,AEG,NM,ASW,CE,Federal Contract Tower,0,2,4,0,6,0,0,84,2,86,0,2,88,2,92,102,0,102,194
07/03/2020,AEG,NM,ASW,CE,Federal Contract Tower,0,4,5,0,9,0,0,65,0,65,0,4,70,0,74,118,0,118,192
07/04/2020,AEG,NM,ASW,CE,Federal Contract Tower,0,0,6,0,6,0,0,33,2,35,0,0,39,2,41,48,0,48,89
07/06/2020,AEG,NM,ASW,CE,Federal Contract Tower,0,1,5,0,6,0,1,36,0,37,0,2,41,0,43,48,0,48,91
07/07/2020,AEG,NM,ASW,CE,Federal Contract Tower,0,1,5,0,6,0,0,87,5,92,0,1,92,5,98,100,0,100,198
07/08/2020,AEG,NM,ASW,CE,Federal Contract Tower,0,0,11,0,11,0,0,83,0,83,0,0,94,0,94,210,0,210,304
07/09/2020,AEG,NM,ASW,CE,Federal Contract Tower,0,3,3,0,6,0,0,88,0,88,0,3,91,0,94,78,0,78,172
07/10/2020,AEG,NM,ASW,CE,Federal Contract Tower,0,3,2,0,5,0,0,68,0,68,0,3,70,0,73,56,0,56,129
07/11/2020,AEG,NM,ASW,CE,Federal Contract Tower,0,1,7,0,8,0,0,69,0,69,0,1,76,0,77,54,0,54,131
07/12/2020,AEG,NM,ASW,CE,Federal Contract Tower,0,1,1,0,2,0,0,49,0,49,0,1,50,0,51,86,0,86,137
07/13/2020,AEG,NM,ASW,CE,Federal Contract Tower,0,1,4,0,5,0,0,41,0,41,0,1,45,0,46,46,0,46,92
07/14/2020,AEG,NM,ASW,CE,Federal Contract Tower,0,1,5,0,6,0,0,50,2,52,0,1,55,2,58,62,0,62,120
07/15/2020,AEG,NM,ASW,CE,Federal Contract Tower,0,2,3,0,5,0,1,57,0,58,0,3,60,0,63,122,0,122,185
07/16/2020,AEG,NM,ASW,CE,Federal Contract Tower,0,1,2,0,3,0,1,67,0,68,0,2,69,0,71,174,0,174,245
07/17/2020,AEG,NM,ASW,CE,Federal Contract Tower,0,0,7,0,7,0,4,75,0,79,0,4,82,0,86,120,0,120,206
07/18/2020,AEG,NM,ASW,CE,Federal Contract Tower,0,0,3,0,3,0,0,90,0,90,0,0,93,0,93,102,0,102,195
07/19/2020,AEG,NM,ASW,CE,Federal Contract Tower,0,1,5,0,6,0,0,62,0,62,0,1,67,0,68,44,0,44,112
07/20/2020,AEG,NM,ASW,CE,Federal Contract Tower,1,1,4,0,6,0,2,45,0,47,1,3,49,0,53,30,0,30,83
07/21/2020,AEG,NM,ASW,CE,Federal Contract Tower,0,2,8,0,10,0,1,84,2,87,0,3,92,2,97,166,8,174,271
07/22/2020,AEG,NM,ASW,CE,Federal Contract Tower,0,1,6,0,7,0,0,57,0,57,0,1,63,0,64,128,0,128,192
07/23/2020,AEG,NM,ASW,CE,Federal Contract Tower,0,1,6,1,8,0,1,65,4,70,0,2,71,5,78,80,26,106,184
07/24/2020,AEG,NM,ASW,CE,Federal Contract Tower,0,2,10,0,12,0,0,34,0,34,0,2,44,0,46,24,0,24,70
07/25/2020,AEG,NM,ASW,CE,Federal Contract Tower,0,2,12,0,14,0,0,55,0,55,0,2,67,0,69,86,0,86,155
07/26/2020,AEG,NM,ASW,CE,Federal Contract Tower,0,0,1,0,1,0,0,53,0,53,0,0,54,0,54,48,0,48,102
07/27/2020,AEG,NM,ASW,CE,Federal Contract Tower,0,0,0,2,2,0,0,34,5,39,0,0,34,7,41,38,4,42,83
07/28/2020,AEG,NM,ASW,CE,Federal Contract Tower,0,2,2,0,4,0,0,57,8,65,0,2,59,8,69,94,0,94,163
07/29/2020,AEG,NM,ASW,CE,Federal Contract Tower,0,0,8,0,8,0,0,63,1,64,0,0,71,1,72,140,24,164,236
07/30/2020,AEG,NM,ASW,CE,Federal Contract Tower,0,5,5,0,10,0,1,64,0,65,0,6,69,0,75,126,0,126,201
07/31/2020,AEG,NM,ASW,CE,Federal Contract Tower,0,0,4,0,4,0,0,57,5,62,0,0,61,5,66,92,0,92,158
08/01/2020,AEG,NM,ASW,CE,Federal Contract Tower,0,1,4,0,5,0,1,71,0,72,0,2,75,0,77,81,2,83,160
08/02/2020,AEG,NM,ASW,CE,Federal Contract Tower,0,0,4,0,4,0,0,55,5,60,0,0,59,5,64,66,0,66,130
08/03/2020,AEG,NM,ASW,CE,Federal Contract Tower,0,1,3,0,4,0,0,45,11,56,0,1,48,11,60,96,22,118,178
08/04/2020,AEG,NM,ASW,CE,Federal Contract Tower,0,4,8,3,15,0,2,61,15,78,0,6,69,18,93,130,14,144,237
08/05/2020,AEG,NM,ASW,CE,Federal Contract Tower,0,1,5,0,6,0,0,76,9,85,0,1,81,9,91,108,0,108,199
08/06/2020,AEG,NM,ASW,CE,Federal Contract Tower,0,1,2,0,3,0,0,88,9,97,0,1,90,9,100,130,12,142,242
08/07/2020,AEG,NM,ASW,CE,Federal Contract Tower,0,0,2,0,2,0,2,72,5,79,0,2,74,5,81,128,0,128,209
08/08/2020,AEG,NM,ASW,CE,Federal Contract Tower,0,0,1,0,1,0,1,74,0,75,0,1,75,0,76,74,0,74,150
08/09/2020,AEG,NM,ASW,CE,Federal Contract Tower,0,2,3,0,5,0,0,59,0,59,0,2,62,0,64,72,0,72,136
08/10/2020,AEG,NM,ASW,CE,Federal Contract Tower,0,1,7,0,8,0,0,41,1,42,0,1,48,1,50,78,28,106,156
08/11/2020,AEG,NM,ASW,CE,Federal Contract Tower,0,1,7,0,8,0,0,70,5,75,0,1,77,5,83,212,30,242,325
08/12/2020,AEG,NM,ASW,CE,Federal Contract Tower,0,0,5,0,5,0,0,111,4,115,0,0,116,4,120,226,4,230,350
08/13/2020,AEG,NM,ASW,CE,Federal Contract Tower,0,1,5,0,6,0,0,49,6,55,0,1,54,6,61,36,0,36,97
08/14/2020,AEG,NM,ASW,CE,Federal Contract Tower,0,1,4,0,5,0,0,73,7,80,0,1,77,7,85,90,0,90,175
08/15/2020,AEG,NM,ASW,CE,Federal Contract Tower,0,1,1,0,2,0,0,83,0,83,0,1,84,0,85,88,0,88,173
08/16/2020,AEG,NM,ASW,CE,Federal Contract Tower,0,0,1,0,1,0,0,56,4,60,0,0,57,4,61,34,0,34,95
08/17/2020,AEG,NM,ASW,CE,Federal Contract Tower,0,2,6,0,8,0,0,51,4,55,0,2,57,4,63,42,0,42,105
08/18/2020,AEG,NM,ASW,CE,Federal Contract Tower,0,0,2,2,4,0,0,57,0,57,0,0,59,2,61,118,0,118,179
08/19/2020,AEG,NM,ASW,CE,Federal Contract Tower,0,1,9,0,10,0,0,85,5,90,0,1,94,5,100,104,0,104,204
08/20/2020,AEG,NM,ASW,CE,Federal Contract Tower,0,2,3,0,5,0,2,64,0,66,0,4,67,0,71,76,0,76,147
08/21/2020,AEG,NM,ASW,CE,Federal Contract Tower,0,3,3,0,6,0,0,68,0,68,0,3,71,0,74,70,0,70,144
08/22/2020,AEG,NM,ASW,CE,Federal Contract Tower,0,0,1,0,1,0,0,65,0,65,0,0,66,0,66,28,0,28,94
08/23/2020,AEG,NM,ASW,CE,Federal Contract Tower,0,3,7,0,10,0,0,61,0,61,0,3,68,0,71,90,0,90,161
08/24/2020,AEG,NM,ASW,CE,Federal Contract Tower,0,1,1,0,2,0,0,42,0,42,0,1,43,0,44,66,0,66,110
08/25/2020,AEG,NM,ASW,CE,Federal Contract Tower,0,0,5,0,5,0,0,50,0,50,0,0,55,0,55,96,0,96,151
08/26/2020,AEG,NM,ASW,CE,Federal Contract Tower,0,1,7,0,8,0,0,46,1,47,0,1,53,1,55,34,2,36,91
08/27/2020,AEG,NM,ASW,CE,Federal Contract Tower,0,1,4,1,6,0,0,60,5,65,0,1,64,6,71,100,12,112,183
08/28/2020,AEG,NM,ASW,CE,Federal Contract Tower,0,0,2,0,2,0,1,61,2,64,0,1,63,2,66,84,0,84,150
08/29/2020,AEG,NM,ASW,CE,Federal Contract Tower,0,2,4,0,6,0,0,67,0,67,0,2,71,0,73,26,0,26,99
08/30/2020,AEG,NM,ASW,CE,Federal Contract Tower,0,2,5,0,7,0,1,69,0,70,0,3,74,0,77,94,0,94,171
08/31/2020,AEG,NM,ASW,CE,Federal Contract Tower,0,2,5,0,7,0,0,41,2,43,0,2,46,2,50,80,14,94,144
09/01/2020,AEG,NM,ASW,CE,Federal Contract Tower,0,1,2,0,3,0,0,34,0,34,0,1,36,0,37,46,0,46,83
09/02/2020,AEG,NM,ASW,CE,Federal Contract Tower,0,0,8,0,8,0,0,72,11,83,0,0,80,11,91,72,8,80,171
09/03/2020,AEG,NM,ASW,CE,Federal Contract Tower,0,0,11,2,13,0,1,94,8,103,0,1,105,10,116,78,2,80,196
09/04/2020,AEG,NM,ASW,CE,Federal Contract Tower,0,1,5,2,8,0,0,74,11,85,0,1,79,13,93,60,0,60,153
09/05/2020,AEG,NM,ASW,CE,Federal Contract Tower,0,1,5,0,6,0,0,81,5,86,0,1,86,5,92,72,44,116,208
09/06/2020,AEG,NM,ASW,CE,Federal Contract Tower,0,0,4,0,4,0,0,60,2,62,0,0,64,2,66,62,0,62,128
09/07/2020,AEG,NM,ASW,CE,Federal Contract Tower,0,1,5,0,6,0,0,69,0,69,0,1,74,0,75,98,0,98,173
09/08/2020,AEG,NM,ASW,CE,Federal Contract Tower,0,1,0,0,1,0,0,18,0,18,0,1,18,0,19,50,0,50,69
09/09/2020,AEG,NM,ASW,CE,Federal Contract Tower,0,0,3,0,3,0,0,1,0,1,0,0,4,0,4,0,0,0,4
09/10/2020,AEG,NM,ASW,CE,Federal Contract Tower,0,2,7,0,9,0,0,14,0,14,0,2,21,0,23,4,0,4,27
09/11/2020,AEG,NM,ASW,CE,Federal Contract Tower,0,0,5,0,5,0,0,92,2,94,0,0,97,2,99,160,0,160,259
09/12/2020,AEG,NM,ASW,CE,Federal Contract Tower,0,0,8,0,8,0,0,121,4,125,0,0,129,4,133,138,0,138,271
09/13/2020,AEG,NM,ASW,CE,Federal Contract Tower,0,0,7,0,7,0,0,61,3,64,0,0,68,3,71,52,0,52,123
09/14/2020,AEG,NM,ASW,CE,Federal Contract Tower,0,1,2,0,3,0,2,70,0,72,0,3,72,0,75,190,0,190,265
09/15/2020,AEG,NM,ASW,CE,Federal Contract Tower,0,0,0,2,2,0,2,87,0,89,0,2,87,2,91,208,0,208,299
09/16/2020,AEG,NM,ASW,CE,Federal Contract Tower,0,0,4,0,4,0,0,68,4,72,0,0,72,4,76,266,2,268,344
09/17/2020,AEG,NM,ASW,CE,Federal Contract Tower,0,0,7,0,7,0,0,84,6,90,0,0,91,6,97,98,0,98,195
09/18/2020,AEG,NM,ASW,CE,Federal Contract Tower,0,1,3,0,4,0,0,79,5,84,0,1,82,5,88,98,0,98,186
09/19/2020,AEG,NM,ASW,CE,Federal Contract Tower,0,2,7,0,9,0,0,70,2,72,0,2,77,2,81,66,0,66,147
09/20/2020,AEG,NM,ASW,CE,Federal Contract Tower,0,2,5,0,7,0,0,82,4,86,0,2,87,4,93,92,0,92,185
09/21/2020,AEG,NM,ASW,CE,Federal Contract Tower,0,1,2,0,3,0,0,44,5,49,0,1,46,5,52,154,44,198,250
09/22/2020,AEG,NM,ASW,CE,Federal Contract Tower,0,1,1,0,2,0,0,57,1,58,0,1,58,1,60,98,0,98,158
09/23/2020,AEG,NM,ASW,CE,Federal Contract Tower,0,0,8,0,8,0,0,70,2,72,0,0,78,2,80,92,16,108,188
09/24/2020,AEG,NM,ASW,CE,Federal Contract Tower,0,1,16,0,17,0,0,86,5,91,0,1,102,5,108,166,6,172,280
09/25/2020,AEG,NM,ASW,CE,Federal Contract Tower,0,0,6,0,6,0,0,82,3,85,0,0,88,3,91,152,0,152,243
09/26/2020,AEG,NM,ASW,CE,Federal Contract Tower,0,2,12,0,14,0,0,80,3,83,0,2,92,3,97,104,0,104,201
09/27/2020,AEG,NM,ASW,CE,Federal Contract Tower,0,0,4,0,4,0,0,46,3,49,0,0,50,3,53,58,0,58,111
09/28/2020,AEG,NM,ASW,CE,Federal Contract Tower,0,1,9,0,10,0,0,28,17,45,0,1,37,17,55,14,0,14,69
09/29/2020,AEG,NM,ASW,CE,Federal Contract Tower,0,1,13,0,14,0,0,99,2,101,0,1,112,2,115,224,24,248,363
09/30/2020,AEG,NM,ASW,CE,Federal Contract Tower,0,1,1,0,2,0,0,86,0,86,0,1,87,0,88,234,0,234,322
10/01/2020,AEG,NM,ASW,CE,Federal Contract Tower,0,0,2,0,2,0,0,69,3,72,0,0,71,3,74,110,10,120,194
10/02/2020,AEG,NM,ASW,CE,Federal Contract Tower,0,0,7,0,7,0,0,91,1,92,0,0,98,1,99,168,0,168,267
10/03/2020,AEG,NM,ASW,CE,Federal Contract Tower,0,0,6,0,6,0,0,76,0,76,0,0,82,0,82,46,0,46,128
10/04/2020,AEG,NM,ASW,CE,Federal Contract Tower,0,2,3,0,5,0,0,79,0,79,0,2,82,0,84,97,0,97,181
10/05/2020,AEG,NM,ASW,CE,Federal Contract Tower,0,1,6,0,7,0,0,60,3,63,0,1,66,3,70,150,0,150,220
10/06/2020,AEG,NM,ASW,CE,Federal Contract Tower,0,0,0,1,1,0,0,76,0,76,0,0,76,1,77,136,0,136,213
10/07/2020,AEG,NM,ASW,CE,Federal Contract Tower,0,3,2,4,9,0,0,89,2,91,0,3,91,6,100,202,0,202,302
10/08/2020,AEG,NM,ASW,CE,Federal Contract Tower,0,0,18,0,18,0,0,112,0,112,0,0,130,0,130,226,0,226,356
10/09/2020,AEG,NM,ASW,CE,Federal Contract Tower,0,1,4,0,5,0,0,101,0,101,0,1,105,0,106,282,0,282,388
10/10/2020,AEG,NM,ASW,CE,Federal Contract Tower,0,0,9,0,9,0,0,101,0,101,0,0,110,0,110,106,0,106,216
10/11/2020,AEG,NM,ASW,CE,Federal Contract Tower,0,0,4,0,4,0,0,40,0,40,0,0,44,0,44,78,0,78,122
10/12/2020,AEG,NM,ASW,CE,Federal Contract Tower,0,2,7,0,9,0,0,78,0,78,0,2,85,0,87,142,0,142,229
10/13/2020,AEG,NM,ASW,CE,Federal Contract Tower,0,0,4,0,4,0,0,71,0,71,0,0,75,0,75,162,0,162,237
10/14/2020,AEG,NM,ASW,CE,Federal Contract Tower,0,0,4,0,4,0,0,62,0,62,0,0,66,0,66,172,0,172,238
10/15/2020,AEG,NM,ASW,CE,Federal Contract Tower,0,1,7,0,8,0,0,64,5,69,0,1,71,5,77,112,34,146,223
10/16/2020,AEG,NM,ASW,CE,Federal Contract Tower,0,0,2,0,2,0,2,70,2,74,0,2,72,2,76,194,58,252,328
10/17/2020,AEG,NM,ASW,CE,Federal Contract Tower,0,0,2,0,2,0,0,68,0,68,0,0,70,0,70,94,0,94,164
10/18/2020,AEG,NM,ASW,CE,Federal Contract Tower,0,0,5,0,5,0,0,76,0,76,0,0,81,0,81,62,0,62,143
10/19/2020,AEG,NM,ASW,CE,Federal Contract Tower,0,0,6,0,6,0,0,68,0,68,0,0,74,0,74,110,0,110,184
10/20/2020,AEG,NM,ASW,CE,Federal Contract Tower,0,0,2,0,2,0,0,75,0,75,0,0,77,0,77,252,0,252,329
10/21/2020,AEG,NM,ASW,CE,Federal Contract Tower,0,1,10,3,14,0,1,91,3,95,0,2,101,6,109,166,2,168,277
10/22/2020,AEG,NM,ASW,CE,Federal Contract Tower,0,0,8,0,8,0,0,44,0,44,0,0,52,0,52,58,0,58,110
10/23/2020,AEG,NM,ASW,CE,Federal Contract Tower,0,2,2,0,4,0,1,79,0,80,0,3,81,0,84,108,0,108,192
10/24/2020,AEG,NM,ASW,CE,Federal Contract Tower,0,1,1,2,4,0,0,69,4,73,0,1,70,6,77,54,2,56,133
10/25/2020,AEG,NM,ASW,CE,Federal Contract Tower,0,0,6,0,6,0,5,37,0,42,0,5,43,0,48,116,0,116,164
10/26/2020,AEG,NM,ASW,CE,Federal Contract Tower,0,0,2,0,2,0,0,0,0,0,0,0,2,0,2,0,0,0,2
10/27/2020,AEG,NM,ASW,CE,Federal Contract Tower,0,0,0,0,0,0,0,3,0,3,0,0,3,0,3,0,0,0,3
10/28/2020,AEG,NM,ASW,CE,Federal Contract Tower,0,4,5,0,9,0,0,27,0,27,0,4,32,0,36,64,0,64,100
10/29/2020,AEG,NM,ASW,CE,Federal Contract Tower,0,1,19,0,20,0,0,82,2,84,0,1,101,2,104,132,34,166,270
10/30/2020,AEG,NM,ASW,CE,Federal Contract Tower,0,0,13,0,13,0,0,143,0,143,0,0,156,0,156,264,0,264,420
10/31/2020,AEG,NM,ASW,CE,Federal Contract Tower,0,1,10,0,11,0,0,111,0,111,0,1,121,0,122,69,0,69,191
11/01/2020,AEG,NM,ASW,CE,Federal Contract Tower,0,2,11,0,13,0,0,93,0,93,0,2,104,0,106,124,0,124,230
11/02/2020,AEG,NM,ASW,CE,Federal Contract Tower,0,0,6,0,6,0,0,62,3,65,0,0,68,3,71,162,28,190,261
11/03/2020,AEG,NM,ASW,CE,Federal Contract Tower,0,0,4,0,4,0,0,73,0,73,0,0,77,0,77,96,0,96,173
11/04/2020,AEG,NM,ASW,CE,Federal Contract Tower,0,1,8,0,9,0,0,94,2,96,0,1,102,2,105,82,10,92,197
11/05/2020,AEG,NM,ASW,CE,Federal Contract Tower,0,4,9,0,13,0,0,106,1,107,0,4,115,1,120,184,0,184,304
11/06/2020,AEG,NM,ASW,CE,Federal Contract Tower,0,0,8,0,8,0,0,71,1,72,0,0,79,1,80,154,0,154,234
11/07/2020,AEG,NM,ASW,CE,Federal Contract Tower,0,2,4,0,6,0,0,41,0,41,0,2,45,0,47,60,0,60,107
11/08/2020,AEG,NM,ASW,CE,Federal Contract Tower,0,0,3,0,3,0,2,47,0,49,0,2,50,0,52,14,0,14,66
11/09/2020,AEG,NM,ASW,CE,Federal Contract Tower,0,0,6,0,6,0,0,2,6,8,0,0,8,6,14,0,22,22,36
11/10/2020,AEG,NM,ASW,CE,Federal Contract Tower,0,0,8,0,8,0,0,91,5,96,0,0,99,5,104,126,8,134,238
11/11/2020,AEG,NM,ASW,CE,Federal Contract Tower,0,0,0,0,0,0,0,101,16,117,0,0,101,16,117,116,0,116,233
11/12/2020,AEG,NM,ASW,CE,Federal Contract Tower,0,1,16,0,17,0,0,95,16,111,0,1,111,16,128,188,0,188,316
11/13/2020,AEG,NM,ASW,CE,Federal Contract Tower,0,2,4,6,12,0,0,109,12,121,0,2,113,18,133,134,0,134,267
11/14/2020,AEG,NM,ASW,CE,Federal Contract Tower,0,1,3,0,4,0,0,19,2,21,0,1,22,2,25,24,0,24,49
11/15/2020,AEG,NM,ASW,CE,Federal Contract Tower,0,1,2,0,3,0,0,90,12,102,0,1,92,12,105,124,4,128,233
11/16/2020,AEG,NM,ASW,CE,Federal Contract Tower,0,2,3,0,5,0,0,71,5,76,0,2,74,5,81,134,0,134,215
11/17/2020,AEG,NM,ASW,CE,Federal Contract Tower,0,0,6,1,7,0,0,70,13,83,0,0,76,14,90,216,78,294,384
11/18/2020,AEG,NM,ASW,CE,Federal Contract Tower,0,0,6,0,6,0,0,73,6,79,0,0,79,6,85,48,20,68,153
11/19/2020,AEG,NM,ASW,CE,Federal Contract Tower,0,1,14,2,17,0,2,32,3,37,0,3,46,5,54,50,0,50,104
11/20/2020,AEG,NM,ASW,CE,Federal Contract Tower,0,4,5,0,9,0,0,78,3,81,0,4,83,3,90,68,46,114,204
11/21/2020,AEG,NM,ASW,CE,Federal Contract Tower,0,1,11,0,12,0,0,77,0,77,0,1,88,0,89,74,0,74,163
11/22/2020,AEG,NM,ASW,CE,Federal Contract Tower,0,0,7,0,7,0,0,20,4,24,0,0,27,4,31,20,0,20,51
11/23/2020,AEG,NM,ASW,CE,Federal Contract Tower,0,3,10,0,13,0,1,6,2,9,0,4,16,2,22,34,70,104,126
11/24/2020,AEG,NM,ASW,CE,Federal Contract Tower,0,1,11,1,13,0,0,21,1,22,0,1,32,2,35,6,24,30,65
11/25/2020,AEG,NM,ASW,CE,Federal Contract Tower,0,1,8,0,9,0,0,107,0,107,0,1,115,0,116,152,0,152,268
11/26/2020,AEG,NM,ASW,CE,Federal Contract Tower,0,0,2,0,2,0,0,22,0,22,0,0,24,0,24,26,0,26,50
11/27/2020,AEG,NM,ASW,CE,Federal Contract Tower,0,1,1,0,2,0,0,4,0,4,0,1,5,0,6,8,0,8,14
11/28/2020,AEG,NM,ASW,CE,Federal Contract Tower,0,0,3,0,3,0,0,52,0,52,0,0,55,0,55,44,0,44,99
11/29/2020,AEG,NM,ASW,CE,Federal Contract Tower,0,0,4,0,4,0,0,86,0,86,0,0,90,0,90,32,0,32,122
11/30/2020,AEG,NM,ASW,CE,Federal Contract Tower,0,0,4,0,4,0,0,62,0,62,0,0,66,0,66,56,0,56,122
12/01/2020,AEG,NM,ASW,CE,Federal Contract Tower,0,2,3,0,5,0,0,57,2,59,0,2,60,2,64,104,0,104,168
12/02/2020,AEG,NM,ASW,CE,Federal Contract Tower,0,2,2,0,4,0,1,25,2,28,0,3,27,2,32,2,0,2,34
12/03/2020,AEG,NM,ASW,CE,Federal Contract Tower,0,0,6,0,6,0,0,67,0,67,0,0,73,0,73,124,0,124,197
12/04/2020,AEG,NM,ASW,CE,Federal Contract Tower,0,2,4,0,6,0,0,62,0,62,0,2,66,0,68,90,0,90,158
12/05/2020,AEG,NM,ASW,CE,Federal Contract Tower,0,1,4,0,5,0,0,88,0,88,0,1,92,0,93,80,0,80,173
12/06/2020,AEG,NM,ASW,CE,Federal Contract Tower,0,3,3,0,6,0,0,72,0,72,0,3,75,0,78,90,0,90,168
12/07/2020,AEG,NM,ASW,CE,Federal Contract Tower,0,0,3,2,5,0,0,48,0,48,0,0,51,2,53,94,2,96,149
12/08/2020,AEG,NM,ASW,CE,Federal Contract Tower,0,1,5,2,8,0,0,78,0,78,0,1,83,2,86,254,4,258,344
12/09/2020,AEG,NM,ASW,CE,Federal Contract Tower,0,0,5,0,5,0,0,61,0,61,0,0,66,0,66,126,0,126,192
12/10/2020,AEG,NM,ASW,CE,Federal Contract Tower,0,0,2,1,3,0,0,3,0,3,0,0,5,1,6,10,2,12,18
12/11/2020,AEG,NM,ASW,CE,Federal Contract Tower,0,4,2,0,6,0,0,26,1,27,0,4,28,1,33,40,0,40,73
12/12/2020,AEG,NM,ASW,CE,Federal Contract Tower,0,0,6,0,6,0,0,44,1,45,0,0,50,1,51,45,0,45,96
12/13/2020,AEG,NM,ASW,CE,Federal Contract Tower,0,0,2,3,5,0,0,60,0,60,0,0,62,3,65,46,0,46,111
12/14/2020,AEG,NM,ASW,CE,Federal Contract Tower,0,2,6,0,8,0,2,47,0,49,0,4,53,0,57,40,0,40,97
12/15/2020,AEG,NM,ASW,CE,Federal Contract Tower,0,5,8,3,16,0,0,29,1,30,0,5,37,4,46,34,56,90,136
12/16/2020,AEG,NM,ASW,CE,Federal Contract Tower,0,1,3,2,6,0,1,46,1,48,0,2,49,3,54,68,0,68,122
12/17/2020,AEG,NM,ASW,CE,Federal Contract Tower,0,1,6,0,7,0,0,66,4,70,0,1,72,4,77,180,0,180,257
12/18/2020,AEG,NM,ASW,CE,Federal Contract Tower,0,1,7,0,8,0,0,55,0,55,0,1,62,0,63,96,0,96,159
12/19/2020,AEG,NM,ASW,CE,Federal Contract Tower,0,3,9,0,12,0,0,94,0,94,0,3,103,0,106,114,0,114,220
12/20/2020,AEG,NM,ASW,CE,Federal Contract Tower,0,2,2,0,4,0,0,49,0,49,0,2,51,0,53,46,0,46,99
12/21/2020,AEG,NM,ASW,CE,Federal Contract Tower,0,0,6,1,7,0,0,67,1,68,0,0,73,2,75,88,0,88,163
12/22/2020,AEG,NM,ASW,CE,Federal Contract Tower,0,1,6,0,7,0,0,55,1,56,0,1,61,1,63,122,0,122,185
12/23/2020,AEG,NM,ASW,CE,Federal Contract Tower,0,2,1,0,3,0,1,11,0,12,0,3,12,0,15,0,0,0,15
12/24/2020,AEG,NM,ASW,CE,Federal Contract Tower,0,1,1,0,2,0,0,24,0,24,0,1,25,0,26,12,0,12,38
12/25/2020,AEG,NM,ASW,CE,Federal Contract Tower,0,0,2,0,2,0,0,12,0,12,0,0,14,0,14,4,0,4,18
12/26/2020,AEG,NM,ASW,CE,Federal Contract Tower,0,0,8,0,8,0,0,48,0,48,0,0,56,0,56,42,0,42,98
12/27/2020,AEG,NM,ASW,CE,Federal Contract Tower,0,0,7,0,7,0,0,77,0,77,0,0,84,0,84,96,0,96,180
12/28/2020,AEG,NM,ASW,CE,Federal Contract Tower,0,0,10,0,10,0,0,36,0,36,0,0,46,0,46,128,0,128,174
12/29/2020,AEG,NM,ASW,CE,Federal Contract Tower,0,0,15,0,15,0,0,28,0,28,0,0,43,0,43,38,0,38,81
12/30/2020,AEG,NM,ASW,CE,Federal Contract Tower,0,0,8,1,9,0,0,74,0,74,0,0,82,1,83,68,0,68,151
12/31/2020,AEG,NM,ASW,CE,Federal Contract Tower,0,1,4,0,5,0,0,61,0,61,0,1,65,0,66,72,0,72,138
01/01/2021,AEG,NM,ASW,CE,Federal Contract Tower,0,0,3,0,3,0,0,27,0,27,0,0,30,0,30,28,0,28,58
01/02/2021,AEG,NM,ASW,CE,Federal Contract Tower,0,0,6,0,6,0,0,35,0,35,0,0,41,0,41,18,0,18,59
01/03/2021,AEG,NM,ASW,CE,Federal Contract Tower,0,1,5,0,6,0,0,61,0,61,0,1,66,0,67,44,0,44,111
01/04/2021,AEG,NM,ASW,CE,Federal Contract Tower,0,0,2,0,2,0,0,52,0,52,0,0,54,0,54,152,0,152,206
01/05/2021,AEG,NM,ASW,CE,Federal Contract Tower,0,0,2,0,2,0,0,36,0,36,0,0,38,0,38,26,0,26,64
01/06/2021,AEG,NM,ASW,CE,Federal Contract Tower,0,0,5,0,5,0,0,50,0,50,0,0,55,0,55,24,0,24,79
01/07/2021,AEG,NM,ASW,CE,Federal Contract Tower,0,1,10,0,11,0,0,49,0,49,0,1,59,0,60,62,0,62,122
01/08/2021,AEG,NM,ASW,CE,Federal Contract Tower,0,2,8,0,10,0,0,73,0,73,0,2,81,0,83,174,0,174,257
01/09/2021,AEG,NM,ASW,CE,Federal Contract Tower,0,2,7,0,9,0,2,33,0,35,0,4,40,0,44,4,0,4,48
01/10/2021,AEG,NM,ASW,CE,Federal Contract Tower,0,1,4,0,5,0,0,29,0,29,0,1,33,0,34,74,0,74,108
01/11/2021,AEG,NM,ASW,CE,Federal Contract Tower,0,2,3,0,5,0,0,34,6,40,0,2,37,6,45,4,48,52,97
01/12/2021,AEG,NM,ASW,CE,Federal Contract Tower,0,1,10,0,11,0,4,51,3,58,0,5,61,3,69,94,40,134,203
01/13/2021,AEG,NM,ASW,CE,Federal Contract Tower,0,0,5,0,5,0,0,57,0,57,0,0,62,0,62,72,0,72,134
01/14/2021,AEG,NM,ASW,CE,Federal Contract Tower,0,1,3,0,4,0,0,15,0,15,0,1,18,0,19,8,0,8,27
01/15/2021,AEG,NM,ASW,CE,Federal Contract Tower,0,4,2,0,6,0,0,25,2,27,0,4,27,2,33,42,38,80,113
01/16/2021,AEG,NM,ASW,CE,Federal Contract Tower,0,1,2,0,3,0,0,62,0,62,0,1,64,0,65,42,0,42,107
01/17/2021,AEG,NM,ASW,CE,Federal Contract Tower,0,3,2,0,5,0,0,85,0,85,0,3,87,0,90,196,0,196,286
01/19/2021,AEG,NM,ASW,CE,Federal Contract Tower,0,0,0,0,0,0,0,2,4,6,0,0,2,4,6,0,40,40,46
01/20/2021,AEG,NM,ASW,CE,Federal Contract Tower,0,0,7,0,7,0,0,17,0,17,0,0,24,0,24,32,0,32,56
01/21/2021,AEG,NM,ASW,CE,Federal Contract Tower,0,0,8,0,8,0,1,47,2,50,0,1,55,2,58,118,0,118,176
01/22/2021,AEG,NM,ASW,CE,Federal Contract Tower,0,0,3,0,3,0,0,61,2,63,0,0,64,2,66,228,6,234,300
01/23/2021,AEG,NM,ASW,CE,Federal Contract Tower,0,0,5,0,5,0,0,71,2,73,0,0,76,2,78,88,0,88,166
01/24/2021,AEG,NM,ASW,CE,Federal Contract Tower,0,0,2,0,2,0,0,13,0,13,0,0,15,0,15,38,0,38,53
01/25/2021,AEG,NM,ASW,CE,Federal Contract Tower,0,0,3,0,3,0,0,21,5,26,0,0,24,5,29,14,20,34,63
01/26/2021,AEG,NM,ASW,CE,Federal Contract Tower,0,0,0,0,0,0,0,1,3,4,0,0,1,3,4,0,0,0,4
01/27/2021,AEG,NM,ASW,CE,Federal Contract Tower,0,1,6,0,7,0,2,75,0,77,0,3,81,0,84,106,0,106,190
01/28/2021,AEG,NM,ASW,CE,Federal Contract Tower,0,4,5,1,10,0,0,48,1,49,0,4,53,2,59,102,0,102,161
01/29/2021,AEG,NM,ASW,CE,Federal Contract Tower,0,2,5,0,7,0,0,43,0,43,0,2,48,0,50,122,0,122,172
01/30/2021,AEG,NM,ASW,CE,Federal Contract Tower,0,0,1,0,1,0,2,17,0,19,0,2,18,0,20,36,0,36,56
01/31/2021,AEG,NM,ASW,CE,Federal Contract Tower,0,1,7,0,8,0,0,106,0,106,0,1,113,0,114,174,0,174,288
02/01/2021,AEG,NM,ASW,CE,Federal Contract Tower,0,1,3,0,4,0,0,73,0,73,0,1,76,0,77,174,0,174,251
02/02/2021,AEG,NM,ASW,CE,Federal Contract Tower,0,5,1,0,6,0,0,76,0,76,0,5,77,0,82,200,0,200,282
02/03/2021,AEG,NM,ASW,CE,Federal Contract Tower,0,1,5,0,6,0,0,26,0,26,0,1,31,0,32,138,0,138,170
02/04/2021,AEG,NM,ASW,CE,Federal Contract Tower,0,4,1,0,5,0,0,27,2,29,0,4,28,2,34,18,32,50,84
02/05/2021,AEG,NM,ASW,CE,Federal Contract Tower,0,0,5,0,5,0,0,80,2,82,0,0,85,2,87,176,34,210,297
02/06/2021,AEG,NM,ASW,CE,Federal Contract Tower,0,0,2,0,2,0,0,54,0,54,0,0,56,0,56,56,0,56,112
02/07/2021,AEG,NM,ASW,CE,Federal Contract Tower,0,3,2,0,5,0,0,56,0,56,0,3,58,0,61,150,0,150,211
02/08/2021,AEG,NM,ASW,CE,Federal Contract Tower,0,2,4,1,7,0,0,40,5,45,0,2,44,6,52,112,80,192,244
02/09/2021,AEG,NM,ASW,CE,Federal Contract Tower,0,0,7,0,7,0,0,52,3,55,0,0,59,3,62,104,0,104,166
02/10/2021,AEG,NM,ASW,CE,Federal Contract Tower,0,2,11,0,13,0,1,55,4,60,0,3,66,4,73,66,14,80,153
02/11/2021,AEG,NM,ASW,CE,Federal Contract Tower,0,0,14,0,14,0,0,71,0,71,0,0,85,0,85,88,0,88,173
02/12/2021,AEG,NM,ASW,CE,Federal Contract Tower,0,2,7,0,9,0,0,43,0,43,0,2,50,0,52,100,0,100,152
02/13/2021,AEG,NM,ASW,CE,Federal Contract Tower,0,0,3,0,3,0,0,50,0,50,0,0,53,0,53,84,0,84,137
02/14/2021,AEG,NM,ASW,CE,Federal Contract Tower,0,0,0,0,0,0,0,0,0,0,0,0,0,0,0,0,0,0,0
02/15/2021,AEG,NM,ASW,CE,Federal Contract Tower,0,0,0,0,0,0,0,12,0,12,0,0,12,0,12,20,0,20,32
02/16/2021,AEG,NM,ASW,CE,Federal Contract Tower,0,0,2,0,2,0,0,2,0,2,0,0,4,0,4,0,0,0,4
02/17/2021,AEG,NM,ASW,CE,Federal Contract Tower,0,0,0,0,0,0,0,18,0,18,0,0,18,0,18,70,0,70,88
02/18/2021,AEG,NM,ASW,CE,Federal Contract Tower,0,0,1,0,1,0,0,25,0,25,0,0,26,0,26,50,0,50,76
02/19/2021,AEG,NM,ASW,CE,Federal Contract Tower,0,2,15,0,17,0,0,71,0,71,0,2,86,0,88,104,0,104,192
02/20/2021,AEG,NM,ASW,CE,Federal Contract Tower,0,0,4,0,4,0,0,69,0,69,0,0,73,0,73,58,0,58,131
02/21/2021,AEG,NM,ASW,CE,Federal Contract Tower,0,0,5,0,5,0,0,14,0,14,0,0,19,0,19,4,0,4,23
02/22/2021,AEG,NM,ASW,CE,Federal Contract Tower,0,3,2,0,5,0,2,41,2,45,0,5,43,2,50,76,0,76,126
02/23/2021,AEG,NM,ASW,CE,Federal Contract Tower,0,0,10,0,10,0,0,86,0,86,0,0,96,0,96,160,0,160,256
02/24/2021,AEG,NM,ASW,CE,Federal Contract Tower,0,5,12,0,17,0,0,78,0,78,0,5,90,0,95,212,14,226,321
02/25/2021,AEG,NM,ASW,CE,Federal Contract Tower,0,1,10,0,11,0,0,28,0,28,0,1,38,0,39,56,0,56,95
02/26/2021,AEG,NM,ASW,CE,Federal Contract Tower,0,0,9,0,9,0,0,70,0,70,0,0,79,0,79,68,0,68,147
02/27/2021,AEG,NM,ASW,CE,Federal Contract Tower,0,0,9,0,9,0,3,31,0,34,0,3,40,0,43,32,0,32,75
02/28/2021,AEG,NM,ASW,CE,Federal Contract Tower,0,2,8,0,10,0,0,58,0,58,0,2,66,0,68,56,0,56,124
03/01/2021,AEG,NM,ASW,CE,Federal Contract Tower,0,3,8,2,13,0,0,59,2,61,0,3,67,4,74,88,0,88,162
03/02/2021,AEG,NM,ASW,CE,Federal Contract Tower,0,3,6,0,9,0,0,60,0,60,0,3,66,0,69,110,0,110,179
03/03/2021,AEG,NM,ASW,CE,Federal Contract Tower,0,2,5,0,7,0,6,75,0,81,0,8,80,0,88,158,0,158,246
03/04/2021,AEG,NM,ASW,CE,Federal Contract Tower,0,0,2,0,2,0,0,11,0,11,0,0,13,0,13,8,0,8,21
03/05/2021,AEG,NM,ASW,CE,Federal Contract Tower,0,7,8,0,15,0,0,68,0,68,0,7,76,0,83,164,0,164,247
03/06/2021,AEG,NM,ASW,CE,Federal Contract Tower,0,0,7,0,7,0,0,92,0,92,0,0,99,0,99,78,0,78,177
03/07/2021,AEG,NM,ASW,CE,Federal Contract Tower,0,0,6,0,6,0,0,70,4,74,0,0,76,4,80,104,0,104,184
03/08/2021,AEG,NM,ASW,CE,Federal Contract Tower,0,0,1,0,1,0,0,48,0,48,0,0,49,0,49,80,0,80,129
03/09/2021,AEG,NM,ASW,CE,Federal Contract Tower,1,1,10,0,12,2,0,44,2,48,3,1,54,2,60,32,0,32,92
03/10/2021,AEG,NM,ASW,CE,Federal Contract Tower,0,2,5,0,7,0,0,12,0,12,0,2,17,0,19,26,0,26,45
03/11/2021,AEG,NM,ASW,CE,Federal Contract Tower,0,1,8,0,9,0,0,56,7,63,0,1,64,7,72,52,16,68,140
03/12/2021,AEG,NM,ASW,CE,Federal Contract Tower,0,2,8,0,10,0,0,13,13,26,0,2,21,13,36,72,36,108,144
03/13/2021,AEG,NM,ASW,CE,Federal Contract Tower,0,0,1,0,1,0,0,15,4,19,0,0,16,4,20,34,0,34,54
03/14/2021,AEG,NM,ASW,CE,Federal Contract Tower,0,0,2,0,2,0,0,3,2,5,0,0,5,2,7,0,6,6,13
03/15/2021,AEG,NM,ASW,CE,Federal Contract Tower,0,2,4,0,6,0,0,69,3,72,0,2,73,3,78,154,2,156,234
03/16/2021,AEG,NM,ASW,CE,Federal Contract Tower,0,0,3,0,3,0,0,21,0,21,0,0,24,0,24,124,0,124,148
03/17/2021,AEG,NM,ASW,CE,Federal Contract Tower,0,1,0,3,4,0,0,32,3,35,0,1,32,6,39,88,16,104,143
03/18/2021,AEG,NM,ASW,CE,Federal Contract Tower,0,0,5,0,5,0,0,75,0,75,0,0,80,0,80,66,0,66,146
03/19/2021,AEG,NM,ASW,CE,Federal Contract Tower,0,0,9,0,9,0,0,87,3,90,0,0,96,3,99,106,0,106,205
03/20/2021,AEG,NM,ASW,CE,Federal Contract Tower,0,0,10,0,10,0,4,86,0,90,0,4,96,0,100,102,0,102,202
03/21/2021,AEG,NM,ASW,CE,Federal Contract Tower,0,1,9,0,10,0,0,48,0,48,0,1,57,0,58,42,0,42,100
03/22/2021,AEG,NM,ASW,CE,Federal Contract Tower,0,2,4,0,6,0,4,27,7,38,0,6,31,7,44,60,55,115,159
03/23/2021,AEG,NM,ASW,CE,Federal Contract Tower,0,0,2,0,2,0,0,71,4,75,0,0,73,4,77,144,8,152,229
03/24/2021,AEG,NM,ASW,CE,Federal Contract Tower,0,0,3,0,3,0,0,4,0,4,0,0,7,0,7,0,0,0,7
03/25/2021,AEG,NM,ASW,CE,Federal Contract Tower,0,0,5,4,9,0,0,64,5,69,0,0,69,9,78,60,0,60,138
03/26/2021,AEG,NM,ASW,CE,Federal Contract Tower,0,0,6,0,6,0,1,78,3,82,0,1,84,3,88,126,0,126,214
03/27/2021,AEG,NM,ASW,CE,Federal Contract Tower,0,1,1,0,2,0,0,68,4,72,0,1,69,4,74,102,0,102,176
03/28/2021,AEG,NM,ASW,CE,Federal Contract Tower,0,2,9,0,11,0,0,85,0,85,0,2,94,0,96,82,0,82,178
03/29/2021,AEG,NM,ASW,CE,Federal Contract Tower,0,0,26,0,26,0,0,51,5,56,0,0,77,5,82,68,10,78,160
03/30/2021,AEG,NM,ASW,CE,Federal Contract Tower,0,0,1,0,1,0,0,20,6,26,0,0,21,6,27,26,92,118,145
03/31/2021,AEG,NM,ASW,CE,Federal Contract Tower,0,1,2,0,3,0,0,81,5,86,0,1,83,5,89,152,0,152,241
04/01/2021,AEG,NM,ASW,CE,Federal Contract Tower,0,8,0,0,8,0,0,61,0,61,0,8,61,0,69,66,0,66,135
04/02/2021,AEG,NM,ASW,CE,Federal Contract Tower,0,0,0,0,0,0,0,61,2,63,0,0,61,2,63,56,0,56,119
04/03/2021,AEG,NM,ASW,CE,Federal Contract Tower,0,0,0,0,0,0,0,106,0,106,0,0,106,0,106,172,0,172,278
04/04/2021,AEG,NM,ASW,CE,Federal Contract Tower,0,0,1,1,2,0,0,94,6,100,0,0,95,7,102,94,0,94,196
04/05/2021,AEG,NM,ASW,CE,Federal Contract Tower,0,0,1,0,1,0,0,59,1,60,0,0,60,1,61,126,0,126,187
04/06/2021,AEG,NM,ASW,CE,Federal Contract Tower,0,0,9,0,9,0,0,20,2,22,0,0,29,2,31,26,28,54,85
04/07/2021,AEG,NM,ASW,CE,Federal Contract Tower,0,1,2,0,3,0,0,40,2,42,0,1,42,2,45,106,14,120,165
04/08/2021,AEG,NM,ASW,CE,Federal Contract Tower,0,1,1,0,2,0,1,44,0,45,0,2,45,0,47,100,0,100,147
04/09/2021,AEG,NM,ASW,CE,Federal Contract Tower,0,0,0,0,0,0,0,41,0,41,0,0,41,0,41,2,0,2,43
04/10/2021,AEG,NM,ASW,CE,Federal Contract Tower,0,0,2,0,2,0,0,105,0,105,0,0,107,0,107,150,0,150,257
04/11/2021,AEG,NM,ASW,CE,Federal Contract Tower,0,0,2,0,2,0,0,74,0,74,0,0,76,0,76,58,0,58,134
04/12/2021,AEG,NM,ASW,CE,Federal Contract Tower,0,2,7,0,9,0,8,27,0,35,0,10,34,0,44,12,0,12,56
04/13/2021,AEG,NM,ASW,CE,Federal Contract Tower,0,0,2,0,2,0,0,9,0,9,0,0,11,0,11,0,0,0,11
04/14/2021,AEG,NM,ASW,CE,Federal Contract Tower,0,4,2,0,6,0,0,46,0,46,0,4,48,0,52,92,0,92,144
04/15/2021,AEG,NM,ASW,CE,Federal Contract Tower,0,3,3,0,6,0,0,17,0,17,0,3,20,0,23,54,0,54,77
04/16/2021,AEG,NM,ASW,CE,Federal Contract Tower,0,0,2,0,2,0,0,59,0,59,0,0,61,0,61,92,0,92,153
04/17/2021,AEG,NM,ASW,CE,Federal Contract Tower,0,0,6,0,6,0,0,8,0,8,0,0,14,0,14,16,0,16,30
04/18/2021,AEG,NM,ASW,CE,Federal Contract Tower,0,3,6,0,9,0,0,38,0,38,0,3,44,0,47,30,0,30,77
04/19/2021,AEG,NM,ASW,CE,Federal Contract Tower,0,0,1,0,1,0,0,66,0,66,0,0,67,0,67,112,0,112,179
04/20/2021,AEG,NM,ASW,CE,Federal Contract Tower,0,1,7,0,8,0,0,55,11,66,0,1,62,11,74,76,0,76,150
04/21/2021,AEG,NM,ASW,CE,Federal Contract Tower,0,2,7,0,9,0,0,59,0,59,0,2,66,0,68,48,0,48,116
04/22/2021,AEG,NM,ASW,CE,Federal Contract Tower,0,3,0,0,3,0,0,45,0,45,0,3,45,0,48,180,0,180,228
04/23/2021,AEG,NM,ASW,CE,Federal Contract Tower,0,1,7,0,8,0,0,33,0,33,0,1,40,0,41,122,0,122,163
04/24/2021,AEG,NM,ASW,CE,Federal Contract Tower,0,0,3,0,3,0,0,116,0,116,0,0,119,0,119,103,0,103,222
04/25/2021,AEG,NM,ASW,CE,Federal Contract Tower,0,3,3,0,6,0,0,88,0,88,0,3,91,0,94,40,0,40,134
04/26/2021,AEG,NM,ASW,CE,Federal Contract Tower,0,1,3,0,4,0,0,36,0,36,0,1,39,0,40,68,0,68,108
04/27/2021,AEG,NM,ASW,CE,Federal Contract Tower,0,0,7,0,7,0,0,28,5,33,0,0,35,5,40,84,0,84,124
04/28/2021,AEG,NM,ASW,CE,Federal Contract Tower,0,1,12,0,13,0,0,30,0,30,0,1,42,0,43,50,0,50,93
04/29/2021,AEG,NM,ASW,CE,Federal Contract Tower,0,0,4,0,4,0,0,68,5,73,0,0,72,5,77,198,0,198,275
04/30/2021,AEG,NM,ASW,CE,Federal Contract Tower,0,1,4,0,5,0,0,80,5,85,0,1,84,5,90,272,0,272,362
05/01/2021,AEG,NM,ASW,CE,Federal Contract Tower,0,3,3,0,6,0,0,82,2,84,0,3,85,2,90,130,0,130,220
05/02/2021,AEG,NM,ASW,CE,Federal Contract Tower,0,2,3,1,6,0,0,28,9,37,0,2,31,10,43,18,0,18,61
05/03/2021,AEG,NM,ASW,CE,Federal Contract Tower,0,1,3,0,4,0,0,36,2,38,0,1,39,2,42,48,0,48,90
05/04/2021,AEG,NM,ASW,CE,Federal Contract Tower,0,0,3,0,3,0,2,54,3,59,0,2,57,3,62,94,2,96,158
05/05/2021,AEG,NM,ASW,CE,Federal Contract Tower,0,1,5,0,6,0,0,61,1,62,0,1,66,1,68,112,0,112,180
05/06/2021,AEG,NM,ASW,CE,Federal Contract Tower,0,0,7,0,7,0,0,59,2,61,0,0,66,2,68,140,6,146,214
05/07/2021,AEG,NM,ASW,CE,Federal Contract Tower,0,1,5,0,6,0,0,59,0,59,0,1,64,0,65,70,0,70,135
05/08/2021,AEG,NM,ASW,CE,Federal Contract Tower,0,1,1,0,2,0,0,120,2,122,0,1,121,2,124,72,0,72,196
05/09/2021,AEG,NM,ASW,CE,Federal Contract Tower,0,0,5,0,5,0,0,54,0,54,0,0,59,0,59,94,0,94,153
05/10/2021,AEG,NM,ASW,CE,Federal Contract Tower,0,2,8,0,10,0,0,50,3,53,0,2,58,3,63,86,0,86,149
05/11/2021,AEG,NM,ASW,CE,Federal Contract Tower,0,0,6,0,6,0,0,67,0,67,0,0,73,0,73,234,0,234,307
05/12/2021,AEG,NM,ASW,CE,Federal Contract Tower,0,0,6,0,6,0,0,54,1,55,0,0,60,1,61,110,0,110,171
05/13/2021,AEG,NM,ASW,CE,Federal Contract Tower,0,0,3,0,3,0,0,91,0,91,0,0,94,0,94,160,0,160,254
05/14/2021,AEG,NM,ASW,CE,Federal Contract Tower,0,1,5,0,6,0,0,66,0,66,0,1,71,0,72,92,0,92,164
05/15/2021,AEG,NM,ASW,CE,Federal Contract Tower,0,0,3,0,3,0,0,56,0,56,0,0,59,0,59,66,0,66,125
05/16/2021,AEG,NM,ASW,CE,Federal Contract Tower,0,0,8,0,8,0,0,94,0,94,0,0,102,0,102,114,0,114,216
05/17/2021,AEG,NM,ASW,CE,Federal Contract Tower,0,2,2,0,4,0,0,30,0,30,0,2,32,0,34,0,0,0,34
05/18/2021,AEG,NM,ASW,CE,Federal Contract Tower,0,2,3,0,5,0,1,38,0,39,0,3,41,0,44,70,0,70,114
05/19/2021,AEG,NM,ASW,CE,Federal Contract Tower,0,0,6,0,6,0,0,72,0,72,0,0,78,0,78,164,0,164,242
05/20/2021,AEG,NM,ASW,CE,Federal Contract Tower,0,4,5,0,9,0,0,106,0,106,0,4,111,0,115,216,0,216,331
05/21/2021,AEG,NM,ASW,CE,Federal Contract Tower,0,0,6,2,8,0,0,42,9,51,0,0,48,11,59,94,8,102,161
05/22/2021,AEG,NM,ASW,CE,Federal Contract Tower,0,0,3,0,3,0,0,41,0,41,0,0,44,0,44,96,0,96,140
05/23/2021,AEG,NM,ASW,CE,Federal Contract Tower,0,0,9,0,9,0,0,51,2,53,0,0,60,2,62,60,10,70,132
05/24/2021,AEG,NM,ASW,CE,Federal Contract Tower,0,1,12,0,13,0,0,99,12,111,0,1,111,12,124,122,74,196,320
05/25/2021,AEG,NM,ASW,CE,Federal Contract Tower,0,2,1,0,3,0,28,62,0,90,0,30,63,0,93,142,0,142,235
05/26/2021,AEG,NM,ASW,CE,Federal Contract Tower,0,0,8,0,8,0,0,76,10,86,0,0,84,10,94,146,16,162,256
05/27/2021,AEG,NM,ASW,CE,Federal Contract Tower,0,1,8,0,9,0,0,86,0,86,0,1,94,0,95,142,0,142,237
05/28/2021,AEG,NM,ASW,CE,Federal Contract Tower,0,2,5,0,7,0,0,89,0,89,0,2,94,0,96,116,0,116,212
05/29/2021,AEG,NM,ASW,CE,Federal Contract Tower,0,0,13,0,13,0,0,118,0,118,0,0,131,0,131,134,0,134,265
05/30/2021,AEG,NM,ASW,CE,Federal Contract Tower,0,3,2,0,5,0,0,34,0,34,0,3,36,0,39,52,0,52,91
05/31/2021,AEG,NM,ASW,CE,Federal Contract Tower,0,2,12,0,14,0,0,22,0,22,0,2,34,0,36,12,0,12,48
06/01/2021,AEG,NM,ASW,CE,Federal Contract Tower,0,0,7,0,7,0,0,54,0,54,0,0,61,0,61,108,0,108,169
06/02/2021,AEG,NM,ASW,CE,Federal Contract Tower,0,0,8,0,8,0,0,81,2,83,0,0,89,2,91,108,0,108,199
06/03/2021,AEG,NM,ASW,CE,Federal Contract Tower,0,0,4,0,4,0,0,56,2,58,0,0,60,2,62,94,2,96,158
06/04/2021,AEG,NM,ASW,CE,Federal Contract Tower,0,1,8,0,9,0,0,70,0,70,0,1,78,0,79,154,0,154,233
06/05/2021,AEG,NM,ASW,CE,Federal Contract Tower,0,0,5,0,5,0,0,75,0,75,0,0,80,0,80,54,0,54,134
06/06/2021,AEG,NM,ASW,CE,Federal Contract Tower,0,0,7,0,7,0,0,60,0,60,0,0,67,0,67,74,0,74,141
06/07/2021,AEG,NM,ASW,CE,Federal Contract Tower,0,1,7,0,8,0,0,54,1,55,0,1,61,1,63,40,14,54,117
06/08/2021,AEG,NM,ASW,CE,Federal Contract Tower,0,1,1,0,2,0,1,53,0,54,0,2,54,0,56,182,0,182,238
06/09/2021,AEG,NM,ASW,CE,Federal Contract Tower,0,0,2,0,2,0,0,73,0,73,0,0,75,0,75,174,0,174,249
06/10/2021,AEG,NM,ASW,CE,Federal Contract Tower,0,0,4,0,4,0,0,60,0,60,0,0,64,0,64,66,0,66,130
06/11/2021,AEG,NM,ASW,CE,Federal Contract Tower,0,0,5,0,5,0,0,71,0,71,0,0,76,0,76,152,0,152,228
06/12/2021,AEG,NM,ASW,CE,Federal Contract Tower,0,0,8,0,8,0,0,61,0,61,0,0,69,0,69,40,0,40,109
06/13/2021,AEG,NM,ASW,CE,Federal Contract Tower,0,1,8,0,9,0,0,49,0,49,0,1,57,0,58,68,0,68,126
06/14/2021,AEG,NM,ASW,CE,Federal Contract Tower,0,0,1,0,1,0,0,63,0,63,0,0,64,0,64,76,0,76,140
06/15/2021,AEG,NM,ASW,CE,Federal Contract Tower,0,0,1,0,1,0,0,80,0,80,0,0,81,0,81,264,0,264,345
06/16/2021,AEG,NM,ASW,CE,Federal Contract Tower,0,0,7,0,7,0,0,75,3,78,0,0,82,3,85,62,30,92,177
06/17/2021,AEG,NM,ASW,CE,Federal Contract Tower,0,4,8,0,12,0,0,56,0,56,0,4,64,0,68,74,0,74,142
06/18/2021,AEG,NM,ASW,CE,Federal Contract Tower,0,0,3,3,6,0,0,70,1,71,0,0,73,4,77,196,4,200,277
06/19/2021,AEG,NM,ASW,CE,Federal Contract Tower,0,1,5,0,6,0,2,101,7,110,0,3,106,7,116,80,0,80,196
06/20/2021,AEG,NM,ASW,CE,Federal Contract Tower,0,1,2,0,3,0,0,70,0,70,0,1,72,0,73,69,0,69,142
06/21/2021,AEG,NM,ASW,CE,Federal Contract Tower,0,8,6,0,14,0,0,39,4,43,0,8,45,4,57,72,0,72,129
06/22/2021,AEG,NM,ASW,CE,Federal Contract Tower,0,0,2,4,6,0,0,66,1,67,0,0,68,5,73,236,2,238,311
06/23/2021,AEG,NM,ASW,CE,Federal Contract Tower,0,0,4,1,5,0,0,41,9,50,0,0,45,10,55,90,2,92,147
06/24/2021,AEG,NM,ASW,CE,Federal Contract Tower,0,0,2,0,2,0,0,49,7,56,0,0,51,7,58,102,4,106,164
06/25/2021,AEG,NM,ASW,CE,Federal Contract Tower,0,1,12,0,13,0,0,79,7,86,0,1,91,7,99,134,2,136,235
06/26/2021,AEG,NM,ASW,CE,Federal Contract Tower,0,3,5,0,8,0,0,72,2,74,0,3,77,2,82,60,0,60,142
06/27/2021,AEG,NM,ASW,CE,Federal Contract Tower,0,2,5,0,7,0,1,27,1,29,0,3,32,1,36,12,0,12,48
06/28/2021,AEG,NM,ASW,CE,Federal Contract Tower,0,0,8,0,8,0,0,37,0,37,0,0,45,0,45,119,0,119,164
06/30/2021,AEG,NM,ASW,CE,Federal Contract Tower,0,2,13,0,15,0,0,50,5,55,0,2,63,5,70,104,0,104,174
07/01/2021,AEG,NM,ASW,CE,Federal Contract Tower,0,1,5,0,6,0,0,73,0,73,0,1,78,0,79,160,0,160,239
07/02/2021,AEG,NM,ASW,CE,Federal Contract Tower,0,0,6,0,6,0,0,67,0,67,0,0,73,0,73,148,0,148,221
07/03/2021,AEG,NM,ASW,CE,Federal Contract Tower,0,1,3,0,4,0,0,78,0,78,0,1,81,0,82,62,0,62,144
07/04/2021,AEG,NM,ASW,CE,Federal Contract Tower,0,2,3,0,5,0,0,72,0,72,0,2,75,0,77,136,0,136,213
07/05/2021,AEG,NM,ASW,CE,Federal Contract Tower,0,2,10,0,12,0,0,44,0,44,0,2,54,0,56,132,0,132,188
07/06/2021,AEG,NM,ASW,CE,Federal Contract Tower,0,0,9,0,9,0,0,51,0,51,0,0,60,0,60,119,0,119,179
07/07/2021,AEG,NM,ASW,CE,Federal Contract Tower,0,0,4,0,4,0,2,56,0,58,0,2,60,0,62,60,0,60,122
07/08/2021,AEG,NM,ASW,CE,Federal Contract Tower,0,0,6,0,6,0,0,86,0,86,0,0,92,0,92,86,0,86,178
07/09/2021,AEG,NM,ASW,CE,Federal Contract Tower,0,0,7,0,7,0,0,96,3,99,0,0,103,3,106,280,6,286,392
07/10/2021,AEG,NM,ASW,CE,Federal Contract Tower,0,1,5,0,6,0,0,78,1,79,0,1,83,1,85,84,0,84,169
07/11/2021,AEG,NM,ASW,CE,Federal Contract Tower,0,0,5,0,5,0,0,18,0,18,0,0,23,0,23,6,0,6,29
07/12/2021,AEG,NM,ASW,CE,Federal Contract Tower,0,0,9,0,9,0,0,39,0,39,0,0,48,0,48,66,0,66,114
07/13/2021,AEG,NM,ASW,CE,Federal Contract Tower,0,0,5,0,5,0,0,52,0,52,0,0,57,0,57,122,0,122,179
07/14/2021,AEG,NM,ASW,CE,Federal Contract Tower,0,0,2,0,2,0,0,39,2,41,0,0,41,2,43,32,28,60,103
07/15/2021,AEG,NM,ASW,CE,Federal Contract Tower,0,1,4,0,5,0,0,60,1,61,0,1,64,1,66,114,0,114,180
07/16/2021,AEG,NM,ASW,CE,Federal Contract Tower,0,0,5,0,5,0,0,79,0,79,0,0,84,0,84,152,0,152,236
07/17/2021,AEG,NM,ASW,CE,Federal Contract Tower,0,0,13,0,13,0,0,71,7,78,0,0,84,7,91,106,0,106,197
07/18/2021,AEG,NM,ASW,CE,Federal Contract Tower,0,2,5,0,7,0,0,62,5,67,0,2,67,5,74,164,0,164,238
07/19/2021,AEG,NM,ASW,CE,Federal Contract Tower,0,0,5,0,5,0,2,85,1,88,0,2,90,1,93,174,0,174,267
07/20/2021,AEG,NM,ASW,CE,Federal Contract Tower,0,2,5,0,7,0,0,78,1,79,0,2,83,1,86,102,0,102,188
07/21/2021,AEG,NM,ASW,CE,Federal Contract Tower,0,0,6,1,7,0,3,69,1,73,0,3,75,2,80,186,30,216,296
07/22/2021,AEG,NM,ASW,CE,Federal Contract Tower,0,10,5,2,17,0,1,61,0,62,0,11,66,2,79,136,2,138,217
07/23/2021,AEG,NM,ASW,CE,Federal Contract Tower,0,1,6,0,7,0,0,72,4,76,0,1,78,4,83,122,0,122,205
07/24/2021,AEG,NM,ASW,CE,Federal Contract Tower,0,1,3,0,4,0,2,69,0,71,0,3,72,0,75,104,0,104,179
07/25/2021,AEG,NM,ASW,CE,Federal Contract Tower,0,0,1,0,1,0,0,45,0,45,0,0,46,0,46,98,0,98,144
07/26/2021,AEG,NM,ASW,CE,Federal Contract Tower,0,0,5,2,7,0,0,53,4,57,0,0,58,6,64,92,20,112,176
07/27/2021,AEG,NM,ASW,CE,Federal Contract Tower,0,0,6,0,6,0,0,58,0,58,0,0,64,0,64,224,0,224,288
07/28/2021,AEG,NM,ASW,CE,Federal Contract Tower,0,1,13,0,14,0,0,55,0,55,0,1,68,0,69,126,0,126,195
07/29/2021,AEG,NM,ASW,CE,Federal Contract Tower,0,0,3,0,3,0,0,72,0,72,0,0,75,0,75,50,0,50,125
07/30/2021,AEG,NM,ASW,CE,Federal Contract Tower,0,0,3,0,3,0,0,60,1,61,0,0,63,1,64,148,0,148,212
07/31/2021,AEG,NM,ASW,CE,Federal Contract Tower,0,0,2,0,2,0,0,93,6,99,0,0,95,6,101,212,0,212,313
08/01/2021,AEG,NM,ASW,CE,Federal Contract Tower,0,2,2,0,4,0,0,50,1,51,0,2,52,1,55,80,0,80,135
08/02/2021,AEG,NM,ASW,CE,Federal Contract Tower,0,1,3,0,4,0,0,44,0,44,0,1,47,0,48,106,0,106,154
08/03/2021,AEG,NM,ASW,CE,Federal Contract Tower,0,0,2,0,2,0,0,49,0,49,0,0,51,0,51,114,0,114,165
08/04/2021,AEG,NM,ASW,CE,Federal Contract Tower,0,1,5,0,6,0,0,40,0,40,0,1,45,0,46,53,0,53,99
08/05/2021,AEG,NM,ASW,CE,Federal Contract Tower,0,1,13,4,18,0,0,42,2,44,0,1,55,6,62,54,0,54,116
08/06/2021,AEG,NM,ASW,CE,Federal Contract Tower,0,1,3,0,4,0,0,65,0,65,0,1,68,0,69,126,0,126,195
08/07/2021,AEG,NM,ASW,CE,Federal Contract Tower,0,0,1,0,1,0,0,62,0,62,0,0,63,0,63,78,0,78,141
08/08/2021,AEG,NM,ASW,CE,Federal Contract Tower,0,0,7,0,7,0,0,25,0,25,0,0,32,0,32,46,0,46,78
08/09/2021,AEG,NM,ASW,CE,Federal Contract Tower,0,1,5,0,6,0,0,41,2,43,0,1,46,2,49,72,0,72,121
08/10/2021,AEG,NM,ASW,CE,Federal Contract Tower,0,1,9,0,10,0,0,52,0,52,0,1,61,0,62,108,0,108,170
08/11/2021,AEG,NM,ASW,CE,Federal Contract Tower,0,0,2,0,2,0,0,76,2,78,0,0,78,2,80,120,0,120,200
08/12/2021,AEG,NM,ASW,CE,Federal Contract Tower,0,0,2,0,2,0,0,45,0,45,0,0,47,0,47,84,0,84,131
08/13/2021,AEG,NM,ASW,CE,Federal Contract Tower,0,0,3,0,3,0,0,68,0,68,0,0,71,0,71,108,0,108,179
08/14/2021,AEG,NM,ASW,CE,Federal Contract Tower,0,5,6,0,11,0,0,56,0,56,0,5,62,0,67,122,0,122,189
08/15/2021,AEG,NM,ASW,CE,Federal Contract Tower,0,0,0,0,0,0,0,56,0,56,0,0,56,0,56,166,0,166,222
08/16/2021,AEG,NM,ASW,CE,Federal Contract Tower,0,2,4,0,6,0,0,55,2,57,0,2,59,2,63,102,28,130,193
08/17/2021,AEG,NM,ASW,CE,Federal Contract Tower,0,0,12,4,16,0,1,93,1,95,0,1,105,5,111,196,6,202,313
08/18/2021,AEG,NM,ASW,CE,Federal Contract Tower,0,4,10,0,14,0,0,40,0,40,0,4,50,0,54,134,0,134,188
08/19/2021,AEG,NM,ASW,CE,Federal Contract Tower,0,1,5,3,9,0,0,62,1,63,0,1,67,4,72,136,0,136,208
08/20/2021,AEG,NM,ASW,CE,Federal Contract Tower,0,1,7,0,8,0,0,38,0,38,0,1,45,0,46,92,0,92,138
08/21/2021,AEG,NM,ASW,CE,Federal Contract Tower,0,0,3,0,3,0,0,81,0,81,0,0,84,0,84,106,0,106,190
08/22/2021,AEG,NM,ASW,CE,Federal Contract Tower,0,5,4,0,9,0,1,44,0,45,0,6,48,0,54,96,0,96,150
08/23/2021,AEG,NM,ASW,CE,Federal Contract Tower,0,0,3,0,3,0,0,50,1,51,0,0,53,1,54,154,0,154,208
08/24/2021,AEG,NM,ASW,CE,Federal Contract Tower,0,4,2,0,6,0,0,69,0,69,0,4,71,0,75,204,0,204,279
08/25/2021,AEG,NM,ASW,CE,Federal Contract Tower,0,1,5,1,7,0,0,94,1,95,0,1,99,2,102,102,0,102,204
08/26/2021,AEG,NM,ASW,CE,Federal Contract Tower,0,1,14,1,16,0,7,54,8,69,0,8,68,9,85,122,38,160,245
08/27/2021,AEG,NM,ASW,CE,Federal Contract Tower,0,11,4,0,15,0,2,66,6,74,0,13,70,6,89,154,0,154,243
08/28/2021,AEG,NM,ASW,CE,Federal Contract Tower,0,0,10,0,10,0,1,64,1,66,0,1,74,1,76,150,0,150,226
08/29/2021,AEG,NM,ASW,CE,Federal Contract Tower,0,0,4,0,4,0,0,70,6,76,0,0,74,6,80,84,10,94,174
08/30/2021,AEG,NM,ASW,CE,Federal Contract Tower,0,0,5,0,5,0,0,53,2,55,0,0,58,2,60,80,0,80,140
08/31/2021,AEG,NM,ASW,CE,Federal Contract Tower,0,0,3,0,3,0,0,64,5,69,0,0,67,5,72,98,0,98,170
09/01/2021,AEG,NM,ASW,CE,Federal Contract Tower,0,0,2,0,2,0,0,35,0,35,0,0,37,0,37,62,0,62,99
09/02/2021,AEG,NM,ASW,CE,Federal Contract Tower,0,0,6,0,6,0,0,64,3,67,0,0,70,3,73,150,0,150,223
09/03/2021,AEG,NM,ASW,CE,Federal Contract Tower,0,0,7,0,7,0,0,75,1,76,0,0,82,1,83,164,0,164,247
09/04/2021,AEG,NM,ASW,CE,Federal Contract Tower,0,0,1,0,1,0,0,72,2,74,0,0,73,2,75,122,0,122,197
09/05/2021,AEG,NM,ASW,CE,Federal Contract Tower,0,3,6,0,9,0,0,56,1,57,0,3,62,1,66,70,0,70,136
09/06/2021,AEG,NM,ASW,CE,Federal Contract Tower,0,0,3,0,3,0,0,60,0,60,0,0,63,0,63,116,0,116,179
09/07/2021,AEG,NM,ASW,CE,Federal Contract Tower,0,0,3,0,3,0,0,80,4,84,0,0,83,4,87,174,0,174,261
09/08/2021,AEG,NM,ASW,CE,Federal Contract Tower,0,0,7,1,8,0,1,64,5,70,0,1,71,6,78,154,0,154,232
09/09/2021,AEG,NM,ASW,CE,Federal Contract Tower,0,1,2,0,3,0,1,68,5,74,0,2,70,5,77,90,30,120,197
09/10/2021,AEG,NM,ASW,CE,Federal Contract Tower,0,6,1,0,7,0,0,80,0,80,0,6,81,0,87,142,4,146,233
09/11/2021,AEG,NM,ASW,CE,Federal Contract Tower,0,3,6,6,15,0,1,97,2,100,0,4,103,8,115,80,0,80,195
09/12/2021,AEG,NM,ASW,CE,Federal Contract Tower,0,0,1,0,1,0,0,68,2,70,0,0,69,2,71,98,0,98,169
09/13/2021,AEG,NM,ASW,CE,Federal Contract Tower,0,2,2,0,4,0,2,64,3,69,0,4,66,3,73,132,0,132,205
09/14/2021,AEG,NM,ASW,CE,Federal Contract Tower,0,0,3,0,3,0,1,78,0,79,0,1,81,0,82,137,0,137,219
09/15/2021,AEG,NM,ASW,CE,Federal Contract Tower,0,0,1,3,4,0,0,71,8,79,0,0,72,11,83,174,44,218,301
09/16/2021,AEG,NM,ASW,CE,Federal Contract Tower,0,0,4,0,4,0,2,89,3,94,0,2,93,3,98,152,12,164,262
09/17/2021,AEG,NM,ASW,CE,Federal Contract Tower,0,0,4,0,4,0,0,48,0,48,0,0,52,0,52,106,0,106,158
09/18/2021,AEG,NM,ASW,CE,Federal Contract Tower,0,0,1,0,1,0,0,72,0,72,0,0,73,0,73,86,0,86,159
09/19/2021,AEG,NM,ASW,CE,Federal Contract Tower,0,0,6,0,6,0,0,38,0,38,0,0,44,0,44,94,0,94,138
09/20/2021,AEG,NM,ASW,CE,Federal Contract Tower,0,0,1,0,1,0,0,41,1,42,0,0,42,1,43,29,0,29,72
09/21/2021,AEG,NM,ASW,CE,Federal Contract Tower,0,1,3,0,4,0,0,48,0,48,0,1,51,0,52,52,0,52,104
09/22/2021,AEG,NM,ASW,CE,Federal Contract Tower,0,0,3,0,3,0,0,59,0,59,0,0,62,0,62,124,0,124,186
09/23/2021,AEG,NM,ASW,CE,Federal Contract Tower,0,0,5,0,5,0,0,87,0,87,0,0,92,0,92,142,0,142,234
09/24/2021,AEG,NM,ASW,CE,Federal Contract Tower,0,1,10,0,11,0,0,73,0,73,0,1,83,0,84,166,0,166,250
09/25/2021,AEG,NM,ASW,CE,Federal Contract Tower,0,1,9,0,10,0,0,139,0,139,0,1,148,0,149,24,0,24,173
09/26/2021,AEG,NM,ASW,CE,Federal Contract Tower,0,3,6,0,9,0,0,57,0,57,0,3,63,0,66,86,0,86,152
09/27/2021,AEG,NM,ASW,CE,Federal Contract Tower,0,0,6,0,6,0,0,57,0,57,0,0,63,0,63,174,0,174,237
09/28/2021,AEG,NM,ASW,CE,Federal Contract Tower,0,0,3,0,3,0,0,52,0,52,0,0,55,0,55,102,0,102,157
09/29/2021,AEG,NM,ASW,CE,Federal Contract Tower,0,0,6,0,6,0,0,61,4,65,0,0,67,4,71,76,2,78,149
09/30/2021,AEG,NM,ASW,CE,Federal Contract Tower,0,0,5,0,5,0,0,16,1,17,0,0,21,1,22,4,0,4,26
10/01/2021,AEG,NM,ASW,CE,Federal Contract Tower,0,0,5,0,5,0,0,24,6,30,0,0,29,6,35,50,0,50,85
10/02/2021,AEG,NM,ASW,CE,Federal Contract Tower,0,2,4,0,6,0,0,72,11,83,0,2,76,11,89,71,0,71,160
10/03/2021,AEG,NM,ASW,CE,Federal Contract Tower,0,1,5,0,6,0,0,69,1,70,0,1,74,1,76,14,0,14,90
10/04/2021,AEG,NM,ASW,CE,Federal Contract Tower,0,0,6,0,6,0,0,57,9,66,0,0,63,9,72,80,0,80,152
10/05/2021,AEG,NM,ASW,CE,Federal Contract Tower,0,0,4,0,4,0,0,88,0,88,0,0,92,0,92,52,0,52,144
10/06/2021,AEG,NM,ASW,CE,Federal Contract Tower,0,0,7,0,7,0,0,68,4,72,0,0,75,4,79,56,0,56,135
10/07/2021,AEG,NM,ASW,CE,Federal Contract Tower,0,1,2,0,3,0,0,93,1,94,0,1,95,1,97,68,0,68,165
10/08/2021,AEG,NM,ASW,CE,Federal Contract Tower,0,0,9,0,9,0,0,82,0,82,0,0,91,0,91,52,0,52,143
10/09/2021,AEG,NM,ASW,CE,Federal Contract Tower,0,0,10,2,12,0,0,82,3,85,0,0,92,5,97,52,0,52,149
10/10/2021,AEG,NM,ASW,CE,Federal Contract Tower,0,0,6,0,6,0,2,23,0,25,0,2,29,0,31,8,0,8,39
10/11/2021,AEG,NM,ASW,CE,Federal Contract Tower,0,0,0,0,0,0,0,58,0,58,0,0,58,0,58,46,0,46,104
10/12/2021,AEG,NM,ASW,CE,Federal Contract Tower,0,0,5,1,6,0,0,10,1,11,0,0,15,2,17,4,2,6,23
10/13/2021,AEG,NM,ASW,CE,Federal Contract Tower,0,3,5,0,8,0,1,86,2,89,0,4,91,2,97,118,0,118,215
10/14/2021,AEG,NM,ASW,CE,Federal Contract Tower,0,0,2,3,5,0,0,63,11,74,0,0,65,14,79,14,94,108,187
10/15/2021,AEG,NM,ASW,CE,Federal Contract Tower,0,0,9,0,9,0,0,60,4,64,0,0,69,4,73,26,0,26,99
10/16/2021,AEG,NM,ASW,CE,Federal Contract Tower,0,0,8,0,8,0,0,121,8,129,0,0,129,8,137,98,0,98,235
10/17/2021,AEG,NM,ASW,CE,Federal Contract Tower,0,2,10,0,12,0,0,70,4,74,0,2,80,4,86,50,0,50,136
10/18/2021,AEG,NM,ASW,CE,Federal Contract Tower,0,0,3,0,3,0,0,59,6,65,0,0,62,6,68,34,0,34,102
10/19/2021,AEG,NM,ASW,CE,Federal Contract Tower,0,0,3,0,3,0,0,54,10,64,0,0,57,10,67,122,2,124,191
10/20/2021,AEG,NM,ASW,CE,Federal Contract Tower,0,0,3,0,3,0,0,91,2,93,0,0,94,2,96,142,6,148,244
10/21/2021,AEG,NM,ASW,CE,Federal Contract Tower,0,0,6,1,7,0,0,81,5,86,0,0,87,6,93,80,0,80,173
10/22/2021,AEG,NM,ASW,CE,Federal Contract Tower,0,0,4,0,4,0,0,72,4,76,0,0,76,4,80,84,0,84,164
10/23/2021,AEG,NM,ASW,CE,Federal Contract Tower,0,1,5,0,6,0,0,128,3,131,0,1,133,3,137,78,0,78,215
10/24/2021,AEG,NM,ASW,CE,Federal Contract Tower,0,0,5,0,5,0,0,57,4,61,0,0,62,4,66,102,0,102,168
10/25/2021,AEG,NM,ASW,CE,Federal Contract Tower,0,0,4,0,4,0,0,52,2,54,0,0,56,2,58,116,0,116,174
10/26/2021,AEG,NM,ASW,CE,Federal Contract Tower,0,0,2,0,2,0,0,6,1,7,0,0,8,1,9,6,0,6,15
10/27/2021,AEG,NM,ASW,CE,Federal Contract Tower,0,0,1,0,1,0,0,18,3,21,0,0,19,3,22,0,0,0,22
10/28/2021,AEG,NM,ASW,CE,Federal Contract Tower,0,1,11,0,12,0,0,82,0,82,0,1,93,0,94,108,0,108,202
10/29/2021,AEG,NM,ASW,CE,Federal Contract Tower,0,0,7,0,7,0,0,95,0,95,0,0,102,0,102,162,0,162,264
10/30/2021,AEG,NM,ASW,CE,Federal Contract Tower,0,1,9,0,10,0,0,72,0,72,0,1,81,0,82,54,0,54,136
10/31/2021,AEG,NM,ASW,CE,Federal Contract Tower,0,0,6,0,6,0,0,58,0,58,0,0,64,0,64,94,0,94,158
11/01/2021,AEG,NM,ASW,CE,Federal Contract Tower,0,0,3,4,7,0,0,51,2,53,0,0,54,6,60,68,6,74,134
11/02/2021,AEG,NM,ASW,CE,Federal Contract Tower,0,2,5,0,7,0,0,56,5,61,0,2,61,5,68,46,4,50,118
11/03/2021,AEG,NM,ASW,CE,Federal Contract Tower,0,0,12,0,12,0,2,65,0,67,0,2,77,0,79,74,0,74,153
11/04/2021,AEG,NM,ASW,CE,Federal Contract Tower,0,17,1,0,18,0,0,43,3,46,0,17,44,3,64,78,0,78,142
11/05/2021,AEG,NM,ASW,CE,Federal Contract Tower,0,0,8,0,8,0,0,61,0,61,0,0,69,0,69,114,0,114,183
11/06/2021,AEG,NM,ASW,CE,Federal Contract Tower,0,0,2,0,2,0,0,163,0,163,0,0,165,0,165,38,0,38,203
11/07/2021,AEG,NM,ASW,CE,Federal Contract Tower,0,0,2,0,2,0,0,92,0,92,0,0,94,0,94,90,0,90,184
11/08/2021,AEG,NM,ASW,CE,Federal Contract Tower,0,0,1,0,1,0,0,75,2,77,0,0,76,2,78,100,0,100,178
11/09/2021,AEG,NM,ASW,CE,Federal Contract Tower,0,0,4,0,4,0,1,80,1,82,0,1,84,1,86,77,0,77,163
11/10/2021,AEG,NM,ASW,CE,Federal Contract Tower,0,0,6,0,6,0,6,18,2,26,0,6,24,2,32,22,0,22,54
11/11/2021,AEG,NM,ASW,CE,Federal Contract Tower,0,7,3,1,11,0,0,46,0,46,0,7,49,1,57,48,0,48,105
11/12/2021,AEG,NM,ASW,CE,Federal Contract Tower,0,1,5,1,7,0,5,56,1,62,0,6,61,2,69,64,26,90,159
11/13/2021,AEG,NM,ASW,CE,Federal Contract Tower,0,2,5,0,7,0,0,72,0,72,0,2,77,0,79,96,0,96,175
11/14/2021,AEG,NM,ASW,CE,Federal Contract Tower,0,0,4,0,4,0,0,58,0,58,0,0,62,0,62,46,0,46,108
11/15/2021,AEG,NM,ASW,CE,Federal Contract Tower,0,0,5,2,7,0,0,56,0,56,0,0,61,2,63,104,16,120,183
11/16/2021,AEG,NM,ASW,CE,Federal Contract Tower,0,0,1,1,2,0,1,47,1,49,0,1,48,2,51,136,0,136,187
11/17/2021,AEG,NM,ASW,CE,Federal Contract Tower,0,0,8,0,8,0,0,48,2,50,0,0,56,2,58,156,12,168,226
11/18/2021,AEG,NM,ASW,CE,Federal Contract Tower,0,4,5,2,11,0,0,48,0,48,0,4,53,2,59,98,0,98,157
11/19/2021,AEG,NM,ASW,CE,Federal Contract Tower,0,0,12,0,12,0,0,72,7,79,0,0,84,7,91,212,20,232,323
11/20/2021,AEG,NM,ASW,CE,Federal Contract Tower,0,0,5,0,5,0,1,79,0,80,0,1,84,0,85,100,0,100,185
11/21/2021,AEG,NM,ASW,CE,Federal Contract Tower,0,0,5,0,5,0,0,61,0,61,0,0,66,0,66,134,0,134,200
11/22/2021,AEG,NM,ASW,CE,Federal Contract Tower,0,0,1,0,1,0,4,84,0,88,0,4,85,0,89,105,0,105,194
11/23/2021,AEG,NM,ASW,CE,Federal Contract Tower,0,0,5,0,5,0,0,48,0,48,0,0,53,0,53,116,0,116,169
11/24/2021,AEG,NM,ASW,CE,Federal Contract Tower,0,1,7,0,8,0,0,27,0,27,0,1,34,0,35,26,0,26,61
11/25/2021,AEG,NM,ASW,CE,Federal Contract Tower,0,2,0,0,2,0,0,14,0,14,0,2,14,0,16,30,0,30,46
11/26/2021,AEG,NM,ASW,CE,Federal Contract Tower,0,0,4,0,4,0,0,36,0,36,0,0,40,0,40,40,0,40,80
11/27/2021,AEG,NM,ASW,CE,Federal Contract Tower,0,0,1,0,1,0,0,51,0,51,0,0,52,0,52,44,0,44,96
11/28/2021,AEG,NM,ASW,CE,Federal Contract Tower,0,0,14,0,14,0,0,79,0,79,0,0,93,0,93,126,0,126,219
11/29/2021,AEG,NM,ASW,CE,Federal Contract Tower,0,0,3,0,3,0,0,78,0,78,0,0,81,0,81,188,0,188,269
11/30/2021,AEG,NM,ASW,CE,Federal Contract Tower,0,0,1,0,1,0,0,54,1,55,0,0,55,1,56,142,0,142,198
12/01/2021,AEG,NM,ASW,CE,Federal Contract Tower,0,0,0,2,2,0,0,65,0,65,0,0,65,2,67,110,32,142,209
12/02/2021,AEG,NM,ASW,CE,Federal Contract Tower,0,0,7,0,7,0,0,76,3,79,0,0,83,3,86,74,30,104,190
12/03/2021,AEG,NM,ASW,CE,Federal Contract Tower,0,2,11,4,17,0,0,70,0,70,0,2,81,4,87,58,0,58,145
12/04/2021,AEG,NM,ASW,CE,Federal Contract Tower,0,0,8,0,8,0,0,98,0,98,0,0,106,0,106,126,0,126,232
12/05/2021,AEG,NM,ASW,CE,Federal Contract Tower,0,2,5,0,7,0,0,39,0,39,0,2,44,0,46,14,0,14,60
12/06/2021,AEG,NM,ASW,CE,Federal Contract Tower,0,0,5,0,5,0,0,67,1,68,0,0,72,1,73,160,22,182,255
12/07/2021,AEG,NM,ASW,CE,Federal Contract Tower,0,0,4,0,4,0,0,27,0,27,0,0,31,0,31,88,0,88,119
12/08/2021,AEG,NM,ASW,CE,Federal Contract Tower,0,0,9,0,9,0,0,61,0,61,0,0,70,0,70,94,18,112,182
12/09/2021,AEG,NM,ASW,CE,Federal Contract Tower,0,0,7,0,7,0,0,37,0,37,0,0,44,0,44,36,0,36,80
12/10/2021,AEG,NM,ASW,CE,Federal Contract Tower,0,1,1,0,2,0,0,0,0,0,0,1,1,0,2,0,0,0,2
12/11/2021,AEG,NM,ASW,CE,Federal Contract Tower,0,0,3,1,4,0,0,48,3,51,0,0,51,4,55,92,2,94,149
12/12/2021,AEG,NM,ASW,CE,Federal Contract Tower,0,0,14,0,14,0,0,46,0,46,0,0,60,0,60,52,0,52,112
12/13/2021,AEG,NM,ASW,CE,Federal Contract Tower,0,0,2,7,9,0,0,45,5,50,0,0,47,12,59,74,4,78,137
12/14/2021,AEG,NM,ASW,CE,Federal Contract Tower,0,1,1,0,2,0,0,36,0,36,0,1,37,0,38,87,0,87,125
12/15/2021,AEG,NM,ASW,CE,Federal Contract Tower,0,1,3,0,4,0,0,11,0,11,0,1,14,0,15,0,0,0,15
12/16/2021,AEG,NM,ASW,CE,Federal Contract Tower,0,0,2,0,2,0,0,72,2,74,0,0,74,2,76,136,0,136,212
12/17/2021,AEG,NM,ASW,CE,Federal Contract Tower,0,0,2,0,2,0,0,45,0,45,0,0,47,0,47,52,0,52,99
12/18/2021,AEG,NM,ASW,CE,Federal Contract Tower,0,1,3,0,4,0,0,75,2,77,0,1,78,2,81,80,2,82,163
12/19/2021,AEG,NM,ASW,CE,Federal Contract Tower,0,0,2,0,2,0,0,76,0,76,0,0,78,0,78,84,0,84,162
12/20/2021,AEG,NM,ASW,CE,Federal Contract Tower,0,1,1,0,2,0,0,51,2,53,0,1,52,2,55,92,3,95,150
12/21/2021,AEG,NM,ASW,CE,Federal Contract Tower,0,0,6,0,6,0,0,60,0,60,0,0,66,0,66,192,0,192,258
12/22/2021,AEG,NM,ASW,CE,Federal Contract Tower,0,0,13,0,13,0,0,124,0,124,0,0,137,0,137,196,0,196,333
12/23/2021,AEG,NM,ASW,CE,Federal Contract Tower,0,2,7,0,9,0,0,43,0,43,0,2,50,0,52,126,0,126,178
12/24/2021,AEG,NM,ASW,CE,Federal Contract Tower,0,0,1,0,1,0,0,2,0,2,0,0,3,0,3,0,0,0,3
12/25/2021,AEG,NM,ASW,CE,Federal Contract Tower,0,0,0,0,0,0,0,10,0,10,0,0,10,0,10,34,0,34,44
12/26/2021,AEG,NM,ASW,CE,Federal Contract Tower,0,0,0,0,0,0,0,13,0,13,0,0,13,0,13,2,0,2,15
12/27/2021,AEG,NM,ASW,CE,Federal Contract Tower,0,0,3,0,3,0,0,32,0,32,0,0,35,0,35,54,0,54,89
12/28/2021,AEG,NM,ASW,CE,Federal Contract Tower,0,2,8,1,11,0,0,26,1,27,0,2,34,2,38,34,0,34,72
12/29/2021,AEG,NM,ASW,CE,Federal Contract Tower,0,0,9,0,9,0,0,24,0,24,0,0,33,0,33,36,0,36,69
12/30/2021,AEG,NM,ASW,CE,Federal Contract Tower,0,0,18,0,18,0,0,71,0,71,0,0,89,0,89,72,0,72,161
12/31/2021,AEG,NM,ASW,CE,Federal Contract Tower,0,0,0,0,0,0,0,26,0,26,0,0,26,0,26,66,0,66,92
01/01/2022,AEG,NM,ASW,CE,Federal Contract Tower,0,0,2,0,2,0,2,7,0,9,0,2,9,0,11,12,0,12,23
01/02/2022,AEG,NM,ASW,CE,Federal Contract Tower,0,0,5,0,5,0,0,34,0,34,0,0,39,0,39,72,0,72,111
01/03/2022,AEG,NM,ASW,CE,Federal Contract Tower,0,0,0,0,0,0,0,52,2,54,0,0,52,2,54,138,0,138,192
01/04/2022,AEG,NM,ASW,CE,Federal Contract Tower,0,0,4,0,4,0,0,58,0,58,0,0,62,0,62,84,0,84,146
01/05/2022,AEG,NM,ASW,CE,Federal Contract Tower,0,1,9,0,10,0,0,60,0,60,0,1,69,0,70,150,0,150,220
01/06/2022,AEG,NM,ASW,CE,Federal Contract Tower,0,0,7,2,9,0,0,38,12,50,0,0,45,14,59,94,0,94,153
01/07/2022,AEG,NM,ASW,CE,Federal Contract Tower,0,0,6,6,12,0,0,59,0,59,0,0,65,6,71,132,0,132,203
01/08/2022,AEG,NM,ASW,CE,Federal Contract Tower,0,0,1,0,1,0,0,49,0,49,0,0,50,0,50,74,0,74,124
01/09/2022,AEG,NM,ASW,CE,Federal Contract Tower,0,0,4,0,4,0,0,84,0,84,0,0,88,0,88,146,0,146,234
01/10/2022,AEG,NM,ASW,CE,Federal Contract Tower,0,0,1,0,1,0,0,58,0,58,0,0,59,0,59,128,0,128,187
01/11/2022,AEG,NM,ASW,CE,Federal Contract Tower,0,1,9,0,10,0,0,72,2,74,0,1,81,2,84,140,6,146,230
01/12/2022,AEG,NM,ASW,CE,Federal Contract Tower,0,2,1,0,3,0,0,52,0,52,0,2,53,0,55,90,0,90,145
01/13/2022,AEG,NM,ASW,CE,Federal Contract Tower,0,4,8,0,12,0,0,69,2,71,0,4,77,2,83,94,0,94,177
01/14/2022,AEG,NM,ASW,CE,Federal Contract Tower,0,0,9,0,9,0,0,36,0,36,0,0,45,0,45,68,0,68,113
01/15/2022,AEG,NM,ASW,CE,Federal Contract Tower,0,0,13,0,13,0,0,58,0,58,0,0,71,0,71,67,0,67,138
01/16/2022,AEG,NM,ASW,CE,Federal Contract Tower,0,0,3,0,3,0,0,60,0,60,0,0,63,0,63,78,0,78,141
01/17/2022,AEG,NM,ASW,CE,Federal Contract Tower,0,1,4,0,5,0,0,89,0,89,0,1,93,0,94,122,0,122,216
01/18/2022,AEG,NM,ASW,CE,Federal Contract Tower,0,0,5,0,5,0,0,52,4,56,0,0,57,4,61,54,6,60,121
01/19/2022,AEG,NM,ASW,CE,Federal Contract Tower,0,0,5,2,7,0,0,35,0,35,0,0,40,2,42,118,0,118,160
01/20/2022,AEG,NM,ASW,CE,Federal Contract Tower,0,0,11,2,13,0,0,63,2,65,0,0,74,4,78,72,0,72,150
01/21/2022,AEG,NM,ASW,CE,Federal Contract Tower,0,0,4,2,6,0,0,72,0,72,0,0,76,2,78,148,0,148,226
01/22/2022,AEG,NM,ASW,CE,Federal Contract Tower,0,0,7,0,7,0,4,30,1,35,0,4,37,1,42,36,0,36,78
01/23/2022,AEG,NM,ASW,CE,Federal Contract Tower,0,1,1,0,2,0,0,72,0,72,0,1,73,0,74,131,0,131,205
01/24/2022,AEG,NM,ASW,CE,Federal Contract Tower,0,0,5,0,5,0,0,67,0,67,0,0,72,0,72,132,0,132,204
01/25/2022,AEG,NM,ASW,CE,Federal Contract Tower,0,0,1,0,1,0,0,66,0,66,0,0,67,0,67,164,0,164,231
01/26/2022,AEG,NM,ASW,CE,Federal Contract Tower,0,2,2,0,4,0,3,20,4,27,0,5,22,4,31,20,0,20,51
01/27/2022,AEG,NM,ASW,CE,Federal Contract Tower,0,0,15,0,15,0,0,68,0,68,0,0,83,0,83,172,0,172,255
01/28/2022,AEG,NM,ASW,CE,Federal Contract Tower,0,0,4,0,4,0,2,82,2,86,0,2,86,2,90,140,52,192,282
01/29/2022,AEG,NM,ASW,CE,Federal Contract Tower,0,0,7,0,7,0,0,105,0,105,0,0,112,0,112,142,0,142,254
01/30/2022,AEG,NM,ASW,CE,Federal Contract Tower,0,1,4,0,5,0,0,57,0,57,0,1,61,0,62,132,0,132,194
01/31/2022,AEG,NM,ASW,CE,Federal Contract Tower,0,2,2,4,8,0,0,60,8,68,0,2,62,12,76,136,0,136,212
02/01/2022,AEG,NM,ASW,CE,Federal Contract Tower,0,0,5,6,11,0,0,51,16,67,0,0,56,22,78,120,0,120,198
02/02/2022,AEG,NM,ASW,CE,Federal Contract Tower,0,2,1,0,3,0,0,0,0,0,0,2,1,0,3,0,0,0,3
02/03/2022,AEG,NM,ASW,CE,Federal Contract Tower,0,0,1,0,1,0,0,13,14,27,0,0,14,14,28,6,0,6,34
02/04/2022,AEG,NM,ASW,CE,Federal Contract Tower,0,0,2,0,2,0,0,45,17,62,0,0,47,17,64,82,0,82,146
02/05/2022,AEG,NM,ASW,CE,Federal Contract Tower,0,0,3,0,3,0,0,80,4,84,0,0,83,4,87,136,0,136,223
02/06/2022,AEG,NM,ASW,CE,Federal Contract Tower,0,2,3,0,5,0,1,28,2,31,0,3,31,2,36,78,0,78,114
02/07/2022,AEG,NM,ASW,CE,Federal Contract Tower,0,0,0,0,0,0,0,76,12,88,0,0,76,12,88,204,0,204,292
02/08/2022,AEG,NM,ASW,CE,Federal Contract Tower,0,2,2,0,4,0,0,69,9,78,0,2,71,9,82,174,4,178,260
02/09/2022,AEG,NM,ASW,CE,Federal Contract Tower,0,0,8,0,8,0,0,77,18,95,0,0,85,18,103,106,0,106,209
02/10/2022,AEG,NM,ASW,CE,Federal Contract Tower,0,0,1,0,1,0,4,85,0,89,0,4,86,0,90,178,0,178,268
02/11/2022,AEG,NM,ASW,CE,Federal Contract Tower,0,2,5,0,7,0,0,63,0,63,0,2,68,0,70,98,0,98,168
02/12/2022,AEG,NM,ASW,CE,Federal Contract Tower,0,1,6,0,7,0,0,96,0,96,0,1,102,0,103,130,0,130,233
02/13/2022,AEG,NM,ASW,CE,Federal Contract Tower,0,4,2,0,6,0,0,89,0,89,0,4,91,0,95,86,0,86,181
02/14/2022,AEG,NM,ASW,CE,Federal Contract Tower,0,1,2,0,3,0,2,82,0,84,0,3,84,0,87,140,0,140,227
02/15/2022,AEG,NM,ASW,CE,Federal Contract Tower,0,1,4,0,5,0,2,77,2,81,0,3,81,2,86,196,0,196,282
02/16/2022,AEG,NM,ASW,CE,Federal Contract Tower,0,0,3,0,3,0,4,33,0,37,0,4,36,0,40,122,0,122,162
02/17/2022,AEG,NM,ASW,CE,Federal Contract Tower,0,0,8,0,8,0,0,6,0,6,0,0,14,0,14,2,0,2,16
02/18/2022,AEG,NM,ASW,CE,Federal Contract Tower,0,1,6,0,7,0,0,68,0,68,0,1,74,0,75,120,0,120,195
02/19/2022,AEG,NM,ASW,CE,Federal Contract Tower,0,1,5,0,6,0,0,107,0,107,0,1,112,0,113,130,0,130,243
02/20/2022,AEG,NM,ASW,CE,Federal Contract Tower,0,0,3,0,3,0,0,68,0,68,0,0,71,0,71,108,0,108,179
02/21/2022,AEG,NM,ASW,CE,Federal Contract Tower,0,0,5,0,5,0,0,65,0,65,0,0,70,0,70,156,0,156,226
02/22/2022,AEG,NM,ASW,CE,Federal Contract Tower,0,0,2,0,2,0,0,31,2,33,0,0,33,2,35,64,2,66,101
02/23/2022,AEG,NM,ASW,CE,Federal Contract Tower,0,0,4,0,4,0,0,2,0,2,0,0,6,0,6,0,0,0,6
02/24/2022,AEG,NM,ASW,CE,Federal Contract Tower,0,3,1,0,4,0,1,24,0,25,0,4,25,0,29,8,0,8,37
02/25/2022,AEG,NM,ASW,CE,Federal Contract Tower,0,1,6,6,13,0,0,89,0,89,0,1,95,6,102,186,0,186,288
02/26/2022,AEG,NM,ASW,CE,Federal Contract Tower,0,0,2,0,2,0,0,51,0,51,0,0,53,0,53,56,0,56,109
02/27/2022,AEG,NM,ASW,CE,Federal Contract Tower,0,0,1,0,1,0,0,77,0,77,0,0,78,0,78,142,0,142,220
02/28/2022,AEG,NM,ASW,CE,Federal Contract Tower,0,1,3,0,4,0,1,53,2,56,0,2,56,2,60,84,0,84,144
03/01/2022,AEG,NM,ASW,CE,Federal Contract Tower,0,2,1,0,3,0,1,77,0,78,0,3,78,0,81,216,0,216,297
03/02/2022,AEG,NM,ASW,CE,Federal Contract Tower,0,3,7,0,10,0,0,77,0,77,0,3,84,0,87,164,0,164,251
03/03/2022,AEG,NM,ASW,CE,Federal Contract Tower,0,0,4,0,4,0,0,74,0,74,0,0,78,0,78,190,0,190,268
03/04/2022,AEG,NM,ASW,CE,Federal Contract Tower,0,0,7,0,7,0,0,20,0,20,0,0,27,0,27,14,0,14,41
03/05/2022,AEG,NM,ASW,CE,Federal Contract Tower,0,0,4,4,8,0,2,53,0,55,0,2,57,4,63,90,0,90,153
03/06/2022,AEG,NM,ASW,CE,Federal Contract Tower,0,1,3,0,4,0,0,3,0,3,0,1,6,0,7,0,0,0,7
03/07/2022,AEG,NM,ASW,CE,Federal Contract Tower,0,0,8,0,8,0,0,46,0,46,0,0,54,0,54,74,0,74,128
03/08/2022,AEG,NM,ASW,CE,Federal Contract Tower,0,0,2,0,2,0,0,33,0,33,0,0,35,0,35,82,0,82,117
03/09/2022,AEG,NM,ASW,CE,Federal Contract Tower,0,1,8,0,9,0,0,55,0,55,0,1,63,0,64,114,0,114,178
03/10/2022,AEG,NM,ASW,CE,Federal Contract Tower,0,1,2,0,3,0,0,36,0,36,0,1,38,0,39,48,0,48,87
03/11/2022,AEG,NM,ASW,CE,Federal Contract Tower,0,5,8,0,13,0,0,29,0,29,0,5,37,0,42,72,0,72,114
03/12/2022,AEG,NM,ASW,CE,Federal Contract Tower,0,0,2,0,2,0,0,119,0,119,0,0,121,0,121,112,0,112,233
03/13/2022,AEG,NM,ASW,CE,Federal Contract Tower,0,0,3,0,3,0,0,62,0,62,0,0,65,0,65,106,0,106,171
03/14/2022,AEG,NM,ASW,CE,Federal Contract Tower,0,1,3,0,4,0,0,37,0,37,0,1,40,0,41,54,0,54,95
03/15/2022,AEG,NM,ASW,CE,Federal Contract Tower,0,1,4,0,5,0,2,96,0,98,0,3,100,0,103,314,0,314,417
03/16/2022,AEG,NM,ASW,CE,Federal Contract Tower,0,0,2,0,2,0,0,62,0,62,0,0,64,0,64,132,0,132,196
03/17/2022,AEG,NM,ASW,CE,Federal Contract Tower,0,0,2,0,2,0,0,13,0,13,0,0,15,0,15,4,0,4,19
03/18/2022,AEG,NM,ASW,CE,Federal Contract Tower,0,0,7,1,8,0,0,72,1,73,0,0,79,2,81,240,0,240,321
03/19/2022,AEG,NM,ASW,CE,Federal Contract Tower,0,0,5,0,5,0,0,166,0,166,0,0,171,0,171,152,0,152,323
03/20/2022,AEG,NM,ASW,CE,Federal Contract Tower,0,3,6,0,9,0,0,45,2,47,0,3,51,2,56,66,0,66,122
03/21/2022,AEG,NM,ASW,CE,Federal Contract Tower,0,0,8,0,8,0,0,8,2,10,0,0,16,2,18,26,0,26,44
03/22/2022,AEG,NM,ASW,CE,Federal Contract Tower,0,4,2,0,6,0,0,6,0,6,0,4,8,0,12,0,0,0,12
03/23/2022,AEG,NM,ASW,CE,Federal Contract Tower,0,4,9,0,13,0,0,30,3,33,0,4,39,3,46,70,0,70,116
03/24/2022,AEG,NM,ASW,CE,Federal Contract Tower,0,0,2,0,2,0,3,90,0,93,0,3,92,0,95,208,0,208,303
03/25/2022,AEG,NM,ASW,CE,Federal Contract Tower,0,1,8,1,10,0,1,96,2,99,0,2,104,3,109,218,0,218,327
03/26/2022,AEG,NM,ASW,CE,Federal Contract Tower,0,0,4,0,4,0,0,102,1,103,0,0,106,1,107,156,0,156,263
03/27/2022,AEG,NM,ASW,CE,Federal Contract Tower,0,0,4,0,4,0,0,108,2,110,0,0,112,2,114,180,0,180,294
03/28/2022,AEG,NM,ASW,CE,Federal Contract Tower,0,0,3,0,3,0,0,57,3,60,0,0,60,3,63,108,0,108,171
03/29/2022,AEG,NM,ASW,CE,Federal Contract Tower,0,1,3,0,4,0,0,23,2,25,0,1,26,2,29,12,2,14,43
03/30/2022,AEG,NM,ASW,CE,Federal Contract Tower,0,1,1,0,2,0,0,7,0,7,0,1,8,0,9,0,0,0,9
03/31/2022,AEG,NM,ASW,CE,Federal Contract Tower,0,0,4,0,4,0,0,78,10,88,0,0,82,10,92,166,0,166,258
04/01/2022,AEG,NM,ASW,CE,Federal Contract Tower,0,0,9,2,11,0,0,32,2,34,0,0,41,4,45,34,0,34,79
04/02/2022,AEG,NM,ASW,CE,Federal Contract Tower,0,0,1,0,1,0,0,114,0,114,0,0,115,0,115,56,0,56,171
04/03/2022,AEG,NM,ASW,CE,Federal Contract Tower,0,0,4,0,4,0,0,83,0,83,0,0,87,0,87,90,0,90,177
04/04/2022,AEG,NM,ASW,CE,Federal Contract Tower,0,0,3,0,3,0,0,47,0,47,0,0,50,0,50,54,22,76,126
04/05/2022,AEG,NM,ASW,CE,Federal Contract Tower,0,0,1,0,1,0,0,20,5,25,0,0,21,5,26,46,0,46,72
04/06/2022,AEG,NM,ASW,CE,Federal Contract Tower,0,0,3,0,3,0,0,5,1,6,0,0,8,1,9,0,0,0,9
04/07/2022,AEG,NM,ASW,CE,Federal Contract Tower,0,0,9,0,9,0,0,76,0,76,0,0,85,0,85,140,0,140,225
04/08/2022,AEG,NM,ASW,CE,Federal Contract Tower,0,1,7,0,8,0,0,98,3,101,0,1,105,3,109,156,16,172,281
04/09/2022,AEG,NM,ASW,CE,Federal Contract Tower,0,0,4,0,4,0,0,84,0,84,0,0,88,0,88,104,0,104,192
04/10/2022,AEG,NM,ASW,CE,Federal Contract Tower,0,0,1,6,7,0,1,11,0,12,0,1,12,6,19,4,0,4,23
04/11/2022,AEG,NM,ASW,CE,Federal Contract Tower,0,0,3,0,3,0,0,49,0,49,0,0,52,0,52,16,0,16,68
04/12/2022,AEG,NM,ASW,CE,Federal Contract Tower,0,0,3,0,3,0,0,10,0,10,0,0,13,0,13,0,0,0,13
04/13/2022,AEG,NM,ASW,CE,Federal Contract Tower,0,2,3,2,7,0,0,31,0,31,0,2,34,2,38,0,0,0,38
04/14/2022,AEG,NM,ASW,CE,Federal Contract Tower,0,5,4,0,9,0,1,57,0,58,0,6,61,0,67,42,0,42,109
04/15/2022,AEG,NM,ASW,CE,Federal Contract Tower,0,0,9,2,11,0,0,62,0,62,0,0,71,2,73,66,0,66,139
04/16/2022,AEG,NM,ASW,CE,Federal Contract Tower,0,0,2,0,2,0,0,78,0,78,0,0,80,0,80,122,0,122,202
04/17/2022,AEG,NM,ASW,CE,Federal Contract Tower,0,0,4,0,4,0,0,32,0,32,0,0,36,0,36,33,0,33,69
04/18/2022,AEG,NM,ASW,CE,Federal Contract Tower,0,0,3,0,3,0,0,61,1,62,0,0,64,1,65,90,0,90,155
04/19/2022,AEG,NM,ASW,CE,Federal Contract Tower,0,0,2,0,2,0,0,34,0,34,0,0,36,0,36,138,0,138,174
04/20/2022,AEG,NM,ASW,CE,Federal Contract Tower,0,0,8,1,9,0,0,56,1,57,0,0,64,2,66,26,2,28,94
04/21/2022,AEG,NM,ASW,CE,Federal Contract Tower,0,0,9,1,10,0,0,82,3,85,0,0,91,4,95,90,8,98,193
04/22/2022,AEG,NM,ASW,CE,Federal Contract Tower,0,0,0,0,0,0,0,6,0,6,0,0,6,0,6,10,0,10,16
04/23/2022,AEG,NM,ASW,CE,Federal Contract Tower,0,0,1,0,1,0,0,51,4,55,0,0,52,4,56,32,0,32,88
04/24/2022,AEG,NM,ASW,CE,Federal Contract Tower,0,1,1,0,2,0,0,79,0,79,0,1,80,0,81,124,0,124,205
04/25/2022,AEG,NM,ASW,CE,Federal Contract Tower,0,1,3,0,4,0,9,42,3,54,0,10,45,3,58,104,32,136,194
04/26/2022,AEG,NM,ASW,CE,Federal Contract Tower,0,1,0,0,1,0,1,42,5,48,0,2,42,5,49,104,2,106,155
04/27/2022,AEG,NM,ASW,CE,Federal Contract Tower,0,1,1,1,3,0,0,64,9,73,0,1,65,10,76,122,6,128,204
04/28/2022,AEG,NM,ASW,CE,Federal Contract Tower,0,0,7,3,10,0,0,49,15,64,0,0,56,18,74,172,10,182,256
04/29/2022,AEG,NM,ASW,CE,Federal Contract Tower,0,0,1,0,1,0,0,23,1,24,0,0,24,1,25,50,0,50,75
04/30/2022,AEG,NM,ASW,CE,Federal Contract Tower,0,0,1,0,1,0,0,110,0,110,0,0,111,0,111,172,0,172,283
05/01/2022,AEG,NM,ASW,CE,Federal Contract Tower,0,1,3,0,4,0,0,31,0,31,0,1,34,0,35,72,0,72,107
05/02/2022,AEG,NM,ASW,CE,Federal Contract Tower,0,3,1,0,4,0,0,18,2,20,0,3,19,2,24,16,2,18,42
05/03/2022,AEG,NM,ASW,CE,Federal Contract Tower,0,1,6,0,7,0,0,41,5,46,0,1,47,5,53,68,18,86,139
05/04/2022,AEG,NM,ASW,CE,Federal Contract Tower,0,0,5,0,5,0,0,29,0,29,0,0,34,0,34,28,0,28,62
05/05/2022,AEG,NM,ASW,CE,Federal Contract Tower,0,0,5,0,5,0,0,56,0,56,0,0,61,0,61,34,0,34,95
05/06/2022,AEG,NM,ASW,CE,Federal Contract Tower,0,3,1,0,4,0,0,61,0,61,0,3,62,0,65,100,0,100,165
05/07/2022,AEG,NM,ASW,CE,Federal Contract Tower,0,0,2,0,2,0,0,106,0,106,0,0,108,0,108,44,0,44,152
05/08/2022,AEG,NM,ASW,CE,Federal Contract Tower,0,1,1,0,2,0,0,25,2,27,0,1,26,2,29,50,4,54,83
05/09/2022,AEG,NM,ASW,CE,Federal Contract Tower,0,0,8,2,10,0,24,3,1,28,0,24,11,3,38,16,0,16,54
05/10/2022,AEG,NM,ASW,CE,Federal Contract Tower,0,0,9,0,9,0,6,75,9,90,0,6,84,9,99,112,0,112,211
05/11/2022,AEG,NM,ASW,CE,Federal Contract Tower,0,1,1,0,2,0,3,39,11,53,0,4,40,11,55,128,0,128,183
05/12/2022,AEG,NM,ASW,CE,Federal Contract Tower,0,0,2,0,2,0,0,68,8,76,0,0,70,8,78,122,0,122,200
05/13/2022,AEG,NM,ASW,CE,Federal Contract Tower,0,0,2,0,2,0,0,75,5,80,0,0,77,5,82,102,0,102,184
05/14/2022,AEG,NM,ASW,CE,Federal Contract Tower,0,1,15,0,16,0,1,99,2,102,0,2,114,2,118,114,4,118,236
05/15/2022,AEG,NM,ASW,CE,Federal Contract Tower,0,0,3,0,3,0,0,86,4,90,0,0,89,4,93,48,2,50,143
05/16/2022,AEG,NM,ASW,CE,Federal Contract Tower,0,1,8,0,9,0,1,63,4,68,0,2,71,4,77,110,0,110,187
05/17/2022,AEG,NM,ASW,CE,Federal Contract Tower,0,2,2,1,5,0,0,68,9,77,0,2,70,10,82,134,8,142,224
05/18/2022,AEG,NM,ASW,CE,Federal Contract Tower,0,1,5,0,6,0,4,79,3,86,0,5,84,3,92,178,0,178,270
05/19/2022,AEG,NM,ASW,CE,Federal Contract Tower,0,0,8,0,8,0,0,56,7,63,0,0,64,7,71,84,0,84,155
05/20/2022,AEG,NM,ASW,CE,Federal Contract Tower,0,3,5,0,8,0,2,27,0,29,0,5,32,0,37,48,0,48,85
05/21/2022,AEG,NM,ASW,CE,Federal Contract Tower,0,0,1,0,1,0,0,57,3,60,0,0,58,3,61,62,10,72,133
05/22/2022,AEG,NM,ASW,CE,Federal Contract Tower,0,0,5,0,5,0,0,19,4,23,0,0,24,4,28,16,0,16,44
05/23/2022,AEG,NM,ASW,CE,Federal Contract Tower,0,2,6,0,8,0,0,67,1,68,0,2,73,1,76,132,0,132,208
05/24/2022,AEG,NM,ASW,CE,Federal Contract Tower,0,0,7,0,7,0,0,43,2,45,0,0,50,2,52,52,0,52,104
05/25/2022,AEG,NM,ASW,CE,Federal Contract Tower,0,0,4,0,4,0,2,66,7,75,0,2,70,7,79,162,0,162,241
05/26/2022,AEG,NM,ASW,CE,Federal Contract Tower,0,1,10,0,11,0,0,83,0,83,0,1,93,0,94,108,0,108,202
05/27/2022,AEG,NM,ASW,CE,Federal Contract Tower,0,5,9,0,14,0,3,73,0,76,0,8,82,0,90,138,0,138,228
05/28/2022,AEG,NM,ASW,CE,Federal Contract Tower,0,1,3,0,4,0,0,57,0,57,0,1,60,0,61,46,0,46,107
05/29/2022,AEG,NM,ASW,CE,Federal Contract Tower,0,1,1,0,2,0,0,24,0,24,0,1,25,0,26,80,0,80,106
05/30/2022,AEG,NM,ASW,CE,Federal Contract Tower,0,0,7,0,7,0,0,24,0,24,0,0,31,0,31,36,0,36,67
05/31/2022,AEG,NM,ASW,CE,Federal Contract Tower,0,0,2,2,4,0,0,60,0,60,0,0,62,2,64,118,0,118,182
06/01/2022,AEG,NM,ASW,CE,Federal Contract Tower,0,0,3,0,3,0,0,40,2,42,0,0,43,2,45,30,0,30,75
06/02/2022,AEG,NM,ASW,CE,Federal Contract Tower,0,1,8,1,10,0,0,64,2,66,0,1,72,3,76,172,10,182,258
06/03/2022,AEG,NM,ASW,CE,Federal Contract Tower,0,1,4,0,5,0,0,58,0,58,0,1,62,0,63,134,0,134,197
06/04/2022,AEG,NM,ASW,CE,Federal Contract Tower,0,0,6,0,6,0,0,89,0,89,0,0,95,0,95,78,0,78,173
06/05/2022,AEG,NM,ASW,CE,Federal Contract Tower,0,0,7,0,7,0,0,62,1,63,0,0,69,1,70,123,0,123,193
06/06/2022,AEG,NM,ASW,CE,Federal Contract Tower,0,1,3,0,4,0,2,48,5,55,0,3,51,5,59,72,8,80,139
06/07/2022,AEG,NM,ASW,CE,Federal Contract Tower,0,0,1,0,1,0,0,46,0,46,0,0,47,0,47,166,0,166,213
06/08/2022,AEG,NM,ASW,CE,Federal Contract Tower,0,0,5,0,5,0,4,37,0,41,0,4,42,0,46,142,0,142,188
06/09/2022,AEG,NM,ASW,CE,Federal Contract Tower,0,0,6,0,6,0,0,69,0,69,0,0,75,0,75,104,0,104,179
06/10/2022,AEG,NM,ASW,CE,Federal Contract Tower,0,0,4,0,4,0,0,108,0,108,0,0,112,0,112,92,0,92,204
06/11/2022,AEG,NM,ASW,CE,Federal Contract Tower,0,0,3,0,3,0,0,96,0,96,0,0,99,0,99,54,0,54,153
06/12/2022,AEG,NM,ASW,CE,Federal Contract Tower,0,0,1,0,1,0,0,53,0,53,0,0,54,0,54,50,0,50,104
06/13/2022,AEG,NM,ASW,CE,Federal Contract Tower,0,0,1,0,1,0,0,52,2,54,0,0,53,2,55,138,0,138,193
06/14/2022,AEG,NM,ASW,CE,Federal Contract Tower,0,0,4,0,4,0,0,59,3,62,0,0,63,3,66,110,0,110,176
06/15/2022,AEG,NM,ASW,CE,Federal Contract Tower,0,1,9,0,10,0,0,54,3,57,0,1,63,3,67,104,12,116,183
06/16/2022,AEG,NM,ASW,CE,Federal Contract Tower,0,0,2,0,2,0,0,69,3,72,0,0,71,3,74,112,14,126,200
06/17/2022,AEG,NM,ASW,CE,Federal Contract Tower,0,0,8,0,8,0,0,47,1,48,0,0,55,1,56,86,0,86,142
06/18/2022,AEG,NM,ASW,CE,Federal Contract Tower,0,0,3,0,3,0,0,69,1,70,0,0,72,1,73,130,0,130,203
06/19/2022,AEG,NM,ASW,CE,Federal Contract Tower,0,0,1,0,1,0,0,17,0,17,0,0,18,0,18,48,0,48,66
06/20/2022,AEG,NM,ASW,CE,Federal Contract Tower,0,0,5,0,5,0,0,65,2,67,0,0,70,2,72,172,0,172,244
06/21/2022,AEG,NM,ASW,CE,Federal Contract Tower,0,0,0,0,0,0,0,47,1,48,0,0,47,1,48,158,0,158,206
06/22/2022,AEG,NM,ASW,CE,Federal Contract Tower,0,1,1,0,2,0,1,23,0,24,0,2,24,0,26,0,0,0,26
06/23/2022,AEG,NM,ASW,CE,Federal Contract Tower,0,0,5,2,7,0,0,49,2,51,0,0,54,4,58,53,0,53,111
06/24/2022,AEG,NM,ASW,CE,Federal Contract Tower,0,1,8,2,11,0,0,68,4,72,0,1,76,6,83,82,0,82,165
06/25/2022,AEG,NM,ASW,CE,Federal Contract Tower,0,0,3,0,3,0,0,95,1,96,0,0,98,1,99,102,0,102,201
06/26/2022,AEG,NM,ASW,CE,Federal Contract Tower,0,0,14,0,14,0,0,5,0,5,0,0,19,0,19,36,0,36,55
06/27/2022,AEG,NM,ASW,CE,Federal Contract Tower,0,0,24,0,24,0,0,5,0,5,0,0,29,0,29,2,0,2,31
06/28/2022,AEG,NM,ASW,CE,Federal Contract Tower,0,3,0,0,3,0,0,61,4,65,0,3,61,4,68,148,0,148,216
06/29/2022,AEG,NM,ASW,CE,Federal Contract Tower,0,1,2,1,4,0,5,60,3,68,0,6,62,4,72,170,0,170,242
06/30/2022,AEG,NM,ASW,CE,Federal Contract Tower,0,1,9,0,10,0,0,61,0,61,0,1,70,0,71,60,0,60,131
07/01/2022,AEG,NM,ASW,CE,Federal Contract Tower,0,1,4,0,5,0,1,78,0,79,0,2,82,0,84,130,0,130,214
07/02/2022,AEG,NM,ASW,CE,Federal Contract Tower,0,0,4,0,4,0,0,61,0,61,0,0,65,0,65,118,0,118,183
07/03/2022,AEG,NM,ASW,CE,Federal Contract Tower,0,0,4,0,4,0,0,50,0,50,0,0,54,0,54,104,0,104,158
07/04/2022,AEG,NM,ASW,CE,Federal Contract Tower,0,0,3,0,3,0,0,57,0,57,0,0,60,0,60,54,0,54,114
07/05/2022,AEG,NM,ASW,CE,Federal Contract Tower,0,0,4,3,7,0,0,49,0,49,0,0,53,3,56,37,0,37,93
07/06/2022,AEG,NM,ASW,CE,Federal Contract Tower,0,0,5,0,5,0,0,72,0,72,0,0,77,0,77,50,0,50,127
07/07/2022,AEG,NM,ASW,CE,Federal Contract Tower,0,0,1,3,4,0,2,65,1,68,0,2,66,4,72,124,0,124,196
07/08/2022,AEG,NM,ASW,CE,Federal Contract Tower,0,0,2,0,2,0,0,50,0,50,0,0,52,0,52,62,0,62,114
07/09/2022,AEG,NM,ASW,CE,Federal Contract Tower,0,0,9,0,9,0,0,70,0,70,0,0,79,0,79,116,0,116,195
07/10/2022,AEG,NM,ASW,CE,Federal Contract Tower,0,0,12,0,12,0,0,63,0,63,0,0,75,0,75,88,0,88,163
07/11/2022,AEG,NM,ASW,CE,Federal Contract Tower,0,4,0,0,4,0,0,63,0,63,0,4,63,0,67,84,0,84,151
07/12/2022,AEG,NM,ASW,CE,Federal Contract Tower,0,0,1,0,1,0,0,38,0,38,0,0,39,0,39,48,2,50,89
07/13/2022,AEG,NM,ASW,CE,Federal Contract Tower,0,1,0,2,3,0,0,70,0,70,0,1,70,2,73,120,0,120,193
07/14/2022,AEG,NM,ASW,CE,Federal Contract Tower,0,0,10,0,10,0,0,73,2,75,0,0,83,2,85,48,0,48,133
07/15/2022,AEG,NM,ASW,CE,Federal Contract Tower,0,0,1,0,1,0,0,47,3,50,0,0,48,3,51,56,0,56,107
07/16/2022,AEG,NM,ASW,CE,Federal Contract Tower,0,0,1,0,1,0,0,58,0,58,0,0,59,0,59,158,0,158,217
07/17/2022,AEG,NM,ASW,CE,Federal Contract Tower,0,0,4,0,4,0,0,72,0,72,0,0,76,0,76,84,0,84,160
07/18/2022,AEG,NM,ASW,CE,Federal Contract Tower,0,0,4,0,4,0,0,63,0,63,0,0,67,0,67,108,0,108,175
07/19/2022,AEG,NM,ASW,CE,Federal Contract Tower,0,3,1,0,4,0,0,58,6,64,0,3,59,6,68,54,56,110,178
07/20/2022,AEG,NM,ASW,CE,Federal Contract Tower,0,0,5,0,5,0,0,49,0,49,0,0,54,0,54,118,0,118,172
07/21/2022,AEG,NM,ASW,CE,Federal Contract Tower,0,2,4,0,6,0,0,83,0,83,0,2,87,0,89,92,0,92,181
07/22/2022,AEG,NM,ASW,CE,Federal Contract Tower,0,0,3,0,3,0,0,46,2,48,0,0,49,2,51,46,0,46,97
07/23/2022,AEG,NM,ASW,CE,Federal Contract Tower,0,0,4,0,4,0,0,92,0,92,0,0,96,0,96,70,0,70,166
07/24/2022,AEG,NM,ASW,CE,Federal Contract Tower,0,2,4,0,6,0,0,63,1,64,0,2,67,1,70,100,0,100,170
07/25/2022,AEG,NM,ASW,CE,Federal Contract Tower,0,0,0,0,0,0,0,43,0,43,0,0,43,0,43,110,0,110,153
07/26/2022,AEG,NM,ASW,CE,Federal Contract Tower,0,0,2,0,2,0,0,47,10,57,0,0,49,10,59,92,4,96,155
07/27/2022,AEG,NM,ASW,CE,Federal Contract Tower,0,0,4,0,4,0,0,70,0,70,0,0,74,0,74,112,0,112,186
07/28/2022,AEG,NM,ASW,CE,Federal Contract Tower,0,0,5,1,6,0,0,53,2,55,0,0,58,3,61,30,0,30,91
07/29/2022,AEG,NM,ASW,CE,Federal Contract Tower,0,2,4,0,6,0,0,52,0,52,0,2,56,0,58,90,0,90,148
07/30/2022,AEG,NM,ASW,CE,Federal Contract Tower,0,0,3,0,3,0,0,83,2,85,0,0,86,2,88,50,0,50,138
07/31/2022,AEG,NM,ASW,CE,Federal Contract Tower,0,0,9,0,9,0,0,66,2,68,0,0,75,2,77,120,0,120,197
08/01/2022,AEG,NM,ASW,CE,Federal Contract Tower,0,1,9,0,10,0,1,57,0,58,0,2,66,0,68,83,0,83,151
08/02/2022,AEG,NM,ASW,CE,Federal Contract Tower,0,0,5,0,5,0,0,64,2,66,0,0,69,2,71,120,0,120,191
08/03/2022,AEG,NM,ASW,CE,Federal Contract Tower,0,1,3,0,4,0,0,48,4,52,0,1,51,4,56,58,4,62,118
08/04/2022,AEG,NM,ASW,CE,Federal Contract Tower,0,1,7,0,8,0,4,30,4,38,0,5,37,4,46,60,0,60,106
08/05/2022,AEG,NM,ASW,CE,Federal Contract Tower,0,4,4,0,8,0,13,57,3,73,0,17,61,3,81,118,0,118,199
08/06/2022,AEG,NM,ASW,CE,Federal Contract Tower,0,0,7,0,7,0,0,81,0,81,0,0,88,0,88,100,0,100,188
08/07/2022,AEG,NM,ASW,CE,Federal Contract Tower,0,0,2,0,2,0,0,52,0,52,0,0,54,0,54,98,0,98,152
08/08/2022,AEG,NM,ASW,CE,Federal Contract Tower,0,1,3,0,4,0,0,44,1,45,0,1,47,1,49,114,0,114,163
08/09/2022,AEG,NM,ASW,CE,Federal Contract Tower,0,0,5,0,5,0,0,42,1,43,0,0,47,1,48,96,0,96,144
08/10/2022,AEG,NM,ASW,CE,Federal Contract Tower,0,0,2,0,2,0,0,45,9,54,0,0,47,9,56,66,0,66,122
08/11/2022,AEG,NM,ASW,CE,Federal Contract Tower,0,0,4,0,4,0,0,53,7,60,0,0,57,7,64,104,0,104,168
08/12/2022,AEG,NM,ASW,CE,Federal Contract Tower,0,0,5,0,5,0,0,53,5,58,0,0,58,5,63,82,0,82,145
08/13/2022,AEG,NM,ASW,CE,Federal Contract Tower,0,0,2,0,2,0,0,87,4,91,0,0,89,4,93,82,0,82,175
08/14/2022,AEG,NM,ASW,CE,Federal Contract Tower,0,0,3,0,3,0,0,69,2,71,0,0,72,2,74,92,0,92,166
08/15/2022,AEG,NM,ASW,CE,Federal Contract Tower,0,0,6,0,6,0,0,40,2,42,0,0,46,2,48,118,2,120,168
08/16/2022,AEG,NM,ASW,CE,Federal Contract Tower,0,1,4,0,5,0,0,39,4,43,0,1,43,4,48,90,6,96,144
08/17/2022,AEG,NM,ASW,CE,Federal Contract Tower,0,0,1,0,1,0,0,64,1,65,0,0,65,1,66,72,4,76,142
08/18/2022,AEG,NM,ASW,CE,Federal Contract Tower,0,3,8,0,11,0,0,56,2,58,0,3,64,2,69,78,0,78,147
08/19/2022,AEG,NM,ASW,CE,Federal Contract Tower,0,0,5,0,5,0,0,47,1,48,0,0,52,1,53,90,0,90,143
08/20/2022,AEG,NM,ASW,CE,Federal Contract Tower,0,0,1,0,1,0,0,2,0,2,0,0,3,0,3,18,0,18,21
08/21/2022,AEG,NM,ASW,CE,Federal Contract Tower,0,1,8,0,9,0,0,55,0,55,0,1,63,0,64,64,0,64,128
08/22/2022,AEG,NM,ASW,CE,Federal Contract Tower,0,3,4,0,7,0,0,34,0,34,0,3,38,0,41,104,0,104,145
08/23/2022,AEG,NM,ASW,CE,Federal Contract Tower,0,0,6,0,6,0,0,52,5,57,0,0,58,5,63,126,0,126,189
08/24/2022,AEG,NM,ASW,CE,Federal Contract Tower,0,2,3,0,5,0,0,65,3,68,0,2,68,3,73,160,0,160,233
08/25/2022,AEG,NM,ASW,CE,Federal Contract Tower,0,0,10,0,10,0,0,52,7,59,0,0,62,7,69,88,8,96,165
08/26/2022,AEG,NM,ASW,CE,Federal Contract Tower,0,0,6,0,6,0,0,56,1,57,0,0,62,1,63,90,0,90,153
08/27/2022,AEG,NM,ASW,CE,Federal Contract Tower,0,2,1,0,3,0,0,62,2,64,0,2,63,2,67,82,0,82,149
08/28/2022,AEG,NM,ASW,CE,Federal Contract Tower,0,0,5,0,5,0,0,68,2,70,0,0,73,2,75,72,0,72,147
08/29/2022,AEG,NM,ASW,CE,Federal Contract Tower,0,2,1,0,3,0,0,38,0,38,0,2,39,0,41,40,0,40,81
08/30/2022,AEG,NM,ASW,CE,Federal Contract Tower,0,0,0,0,0,0,0,42,4,46,0,0,42,4,46,102,0,102,148
08/31/2022,AEG,NM,ASW,CE,Federal Contract Tower,0,1,4,0,5,0,0,47,4,51,0,1,51,4,56,126,0,126,182
09/01/2022,AEG,NM,ASW,CE,Federal Contract Tower,0,1,2,0,3,0,0,50,0,50,0,1,52,0,53,88,0,88,141
09/02/2022,AEG,NM,ASW,CE,Federal Contract Tower,0,0,11,0,11,0,0,61,0,61,0,0,72,0,72,40,0,40,112
09/03/2022,AEG,NM,ASW,CE,Federal Contract Tower,0,3,3,0,6,0,0,35,0,35,0,3,38,0,41,26,0,26,67
09/04/2022,AEG,NM,ASW,CE,Federal Contract Tower,0,0,1,0,1,0,0,50,0,50,0,0,51,0,51,96,0,96,147
09/05/2022,AEG,NM,ASW,CE,Federal Contract Tower,0,1,5,0,6,0,0,73,1,74,0,1,78,1,80,180,0,180,260
09/06/2022,AEG,NM,ASW,CE,Federal Contract Tower,0,0,5,0,5,0,0,62,4,66,0,0,67,4,71,64,0,64,135
09/07/2022,AEG,NM,ASW,CE,Federal Contract Tower,0,0,4,0,4,0,0,74,0,74,0,0,78,0,78,104,0,104,182
09/08/2022,AEG,NM,ASW,CE,Federal Contract Tower,0,1,3,0,4,0,0,43,4,47,0,1,46,4,51,82,0,82,133
09/09/2022,AEG,NM,ASW,CE,Federal Contract Tower,0,0,7,0,7,0,0,87,0,87,0,0,94,0,94,174,0,174,268
09/10/2022,AEG,NM,ASW,CE,Federal Contract Tower,0,1,2,0,3,0,0,98,0,98,0,1,100,0,101,36,0,36,137
09/11/2022,AEG,NM,ASW,CE,Federal Contract Tower,0,0,0,0,0,0,0,67,0,67,0,0,67,0,67,28,0,28,95
09/12/2022,AEG,NM,ASW,CE,Federal Contract Tower,0,0,9,0,9,0,0,59,0,59,0,0,68,0,68,82,0,82,150
09/13/2022,AEG,NM,ASW,CE,Federal Contract Tower,0,1,11,3,15,0,0,59,4,63,0,1,70,7,78,90,6,96,174
09/14/2022,AEG,NM,ASW,CE,Federal Contract Tower,0,0,8,0,8,0,0,54,3,57,0,0,62,3,65,94,4,98,163
09/15/2022,AEG,NM,ASW,CE,Federal Contract Tower,0,2,4,2,8,0,0,76,5,81,0,2,80,7,89,88,0,88,177
09/16/2022,AEG,NM,ASW,CE,Federal Contract Tower,0,2,7,0,9,0,0,89,0,89,0,2,96,0,98,92,0,92,190
09/17/2022,AEG,NM,ASW,CE,Federal Contract Tower,0,1,8,0,9,0,0,83,0,83,0,1,91,0,92,48,0,48,140
09/18/2022,AEG,NM,ASW,CE,Federal Contract Tower,0,0,8,0,8,0,0,58,0,58,0,0,66,0,66,16,0,16,82
09/19/2022,AEG,NM,ASW,CE,Federal Contract Tower,0,1,3,0,4,0,0,66,5,71,0,1,69,5,75,94,0,94,169
09/20/2022,AEG,NM,ASW,CE,Federal Contract Tower,0,0,6,0,6,0,0,67,6,73,0,0,73,6,79,70,2,72,151
09/21/2022,AEG,NM,ASW,CE,Federal Contract Tower,0,0,3,0,3,0,0,63,2,65,0,0,66,2,68,44,0,44,112
09/22/2022,AEG,NM,ASW,CE,Federal Contract Tower,0,0,5,0,5,0,1,71,6,78,0,1,76,6,83,68,0,68,151
09/23/2022,AEG,NM,ASW,CE,Federal Contract Tower,0,0,8,2,10,0,0,83,2,85,0,0,91,4,95,66,0,66,161
09/24/2022,AEG,NM,ASW,CE,Federal Contract Tower,0,0,3,0,3,0,0,200,0,200,0,0,203,0,203,52,0,52,255
09/25/2022,AEG,NM,ASW,CE,Federal Contract Tower,0,0,1,0,1,0,0,47,0,47,0,0,48,0,48,22,0,22,70
09/26/2022,AEG,NM,ASW,CE,Federal Contract Tower,0,0,6,0,6,0,0,74,2,76,0,0,80,2,82,78,2,80,162
09/27/2022,AEG,NM,ASW,CE,Federal Contract Tower,0,0,0,0,0,0,0,48,2,50,0,0,48,2,50,86,12,98,148
09/28/2022,AEG,NM,ASW,CE,Federal Contract Tower,0,0,3,0,3,0,1,70,1,72,0,1,73,1,75,128,18,146,221
09/29/2022,AEG,NM,ASW,CE,Federal Contract Tower,0,0,1,0,1,0,2,85,2,89,0,2,86,2,90,154,0,154,244
09/30/2022,AEG,NM,ASW,CE,Federal Contract Tower,0,0,5,0,5,0,2,69,0,71,0,2,74,0,76,78,0,78,154
10/01/2022,AEG,NM,ASW,CE,Federal Contract Tower,0,0,3,0,3,0,0,71,0,71,0,0,74,0,74,44,0,44,118
10/02/2022,AEG,NM,ASW,CE,Federal Contract Tower,0,0,9,0,9,0,0,56,0,56,0,0,65,0,65,90,0,90,155
10/03/2022,AEG,NM,ASW,CE,Federal Contract Tower,0,1,4,0,5,0,0,27,0,27,0,1,31,0,32,58,0,58,90
10/04/2022,AEG,NM,ASW,CE,Federal Contract Tower,0,0,1,0,1,0,0,19,0,19,0,0,20,0,20,30,0,30,50
10/05/2022,AEG,NM,ASW,CE,Federal Contract Tower,0,1,10,0,11,0,0,3,0,3,0,1,13,0,14,0,0,0,14
10/06/2022,AEG,NM,ASW,CE,Federal Contract Tower,0,0,5,0,5,0,0,35,0,35,0,0,40,0,40,76,0,76,116
10/07/2022,AEG,NM,ASW,CE,Federal Contract Tower,0,1,10,0,11,0,0,48,0,48,0,1,58,0,59,84,0,84,143
10/08/2022,AEG,NM,ASW,CE,Federal Contract Tower,0,0,5,0,5,0,0,13,0,13,0,0,18,0,18,0,0,0,18
10/09/2022,AEG,NM,ASW,CE,Federal Contract Tower,0,0,2,0,2,0,0,69,0,69,0,0,71,0,71,116,0,116,187
10/10/2022,AEG,NM,ASW,CE,Federal Contract Tower,0,4,5,0,9,0,2,82,2,86,0,6,87,2,95,126,0,126,221
10/11/2022,AEG,NM,ASW,CE,Federal Contract Tower,0,0,0,0,0,0,0,70,0,70,0,0,70,0,70,114,0,114,184
10/12/2022,AEG,NM,ASW,CE,Federal Contract Tower,0,0,4,0,4,0,1,63,2,66,0,1,67,2,70,120,14,134,204
10/13/2022,AEG,NM,ASW,CE,Federal Contract Tower,0,0,7,1,8,0,1,64,4,69,0,1,71,5,77,78,0,78,155
10/14/2022,AEG,NM,ASW,CE,Federal Contract Tower,0,0,6,1,7,0,0,61,1,62,0,0,67,2,69,112,0,112,181
10/15/2022,AEG,NM,ASW,CE,Federal Contract Tower,0,0,6,0,6,0,2,151,6,159,0,2,157,6,165,70,2,72,237
10/16/2022,AEG,NM,ASW,CE,Federal Contract Tower,0,0,4,0,4,0,0,5,2,7,0,0,9,2,11,0,0,0,11
10/17/2022,AEG,NM,ASW,CE,Federal Contract Tower,0,0,5,0,5,0,0,32,2,34,0,0,37,2,39,48,0,48,87
10/19/2022,AEG,NM,ASW,CE,Federal Contract Tower,0,1,5,0,6,0,0,84,3,87,0,1,89,3,93,120,0,120,213
10/20/2022,AEG,NM,ASW,CE,Federal Contract Tower,0,0,13,0,13,0,2,81,0,83,0,2,94,0,96,112,0,112,208
10/21/2022,AEG,NM,ASW,CE,Federal Contract Tower,0,1,7,0,8,0,0,54,5,59,0,1,61,5,67,36,0,36,103
10/22/2022,AEG,NM,ASW,CE,Federal Contract Tower,0,0,10,0,10,0,2,90,0,92,0,2,100,0,102,80,0,80,182
10/23/2022,AEG,NM,ASW,CE,Federal Contract Tower,0,0,2,0,2,0,0,5,1,6,0,0,7,1,8,8,0,8,16
10/24/2022,AEG,NM,ASW,CE,Federal Contract Tower,0,0,1,0,1,0,0,9,0,9,0,0,10,0,10,6,0,6,16
10/25/2022,AEG,NM,ASW,CE,Federal Contract Tower,0,0,1,0,1,0,0,62,0,62,0,0,63,0,63,96,0,96,159
10/26/2022,AEG,NM,ASW,CE,Federal Contract Tower,0,0,6,0,6,0,0,59,0,59,0,0,65,0,65,90,0,90,155
10/27/2022,AEG,NM,ASW,CE,Federal Contract Tower,0,0,5,0,5,0,0,27,0,27,0,0,32,0,32,24,0,24,56
10/28/2022,AEG,NM,ASW,CE,Federal Contract Tower,0,0,3,0,3,0,0,73,0,73,0,0,76,0,76,100,0,100,176
10/29/2022,AEG,NM,ASW,CE,Federal Contract Tower,0,0,4,0,4,0,0,82,0,82,0,0,86,0,86,42,0,42,128
10/30/2022,AEG,NM,ASW,CE,Federal Contract Tower,0,0,6,0,6,0,0,60,0,60,0,0,66,0,66,60,0,60,126
10/31/2022,AEG,NM,ASW,CE,Federal Contract Tower,0,0,7,0,7,0,0,52,0,52,0,0,59,0,59,114,0,114,173
11/01/2022,AEG,NM,ASW,CE,Federal Contract Tower,0,0,10,0,10,0,0,65,4,69,0,0,75,4,79,136,0,136,215
11/02/2022,AEG,NM,ASW,CE,Federal Contract Tower,0,1,2,1,4,0,5,43,1,49,0,6,45,2,53,56,0,56,109
11/03/2022,AEG,NM,ASW,CE,Federal Contract Tower,0,0,4,0,4,0,9,6,0,15,0,9,10,0,19,8,0,8,27
11/04/2022,AEG,NM,ASW,CE,Federal Contract Tower,0,6,3,1,10,0,0,13,3,16,0,6,16,4,26,0,0,0,26
11/05/2022,AEG,NM,ASW,CE,Federal Contract Tower,0,0,8,1,9,0,0,52,1,53,0,0,60,2,62,70,6,76,138
11/06/2022,AEG,NM,ASW,CE,Federal Contract Tower,0,1,7,0,8,0,0,80,0,80,0,1,87,0,88,94,0,94,182
11/07/2022,AEG,NM,ASW,CE,Federal Contract Tower,0,2,7,0,9,0,0,45,0,45,0,2,52,0,54,94,0,94,148
11/08/2022,AEG,NM,ASW,CE,Federal Contract Tower,0,1,0,0,1,0,0,69,3,72,0,1,69,3,73,92,6,98,171
11/09/2022,AEG,NM,ASW,CE,Federal Contract Tower,0,4,5,1,10,0,0,16,11,27,0,4,21,12,37,6,22,28,65
11/10/2022,AEG,NM,ASW,CE,Federal Contract Tower,0,0,3,0,3,0,0,35,1,36,0,0,38,1,39,44,0,44,83
11/11/2022,AEG,NM,ASW,CE,Federal Contract Tower,0,0,7,0,7,0,1,46,3,50,0,1,53,3,57,76,0,76,133
11/12/2022,AEG,NM,ASW,CE,Federal Contract Tower,0,0,5,0,5,0,0,84,2,86,0,0,89,2,91,82,0,82,173
11/13/2022,AEG,NM,ASW,CE,Federal Contract Tower,0,0,5,0,5,0,0,61,0,61,0,0,66,0,66,124,0,124,190
11/14/2022,AEG,NM,ASW,CE,Federal Contract Tower,0,2,6,0,8,0,0,49,0,49,0,2,55,0,57,94,0,94,151
11/15/2022,AEG,NM,ASW,CE,Federal Contract Tower,0,0,2,0,2,0,0,50,9,59,0,0,52,9,61,42,20,62,123
11/16/2022,AEG,NM,ASW,CE,Federal Contract Tower,0,3,8,0,11,0,0,43,1,44,0,3,51,1,55,66,20,86,141
11/17/2022,AEG,NM,ASW,CE,Federal Contract Tower,0,0,6,0,6,0,2,93,2,97,0,2,99,2,103,130,4,134,237
11/18/2022,AEG,NM,ASW,CE,Federal Contract Tower,0,0,3,7,10,0,0,35,5,40,0,0,38,12,50,40,6,46,96
11/19/2022,AEG,NM,ASW,CE,Federal Contract Tower,0,0,6,0,6,0,0,77,0,77,0,0,83,0,83,124,0,124,207
11/20/2022,AEG,NM,ASW,CE,Federal Contract Tower,0,0,4,0,4,0,0,62,0,62,0,0,66,0,66,50,0,50,116
11/21/2022,AEG,NM,ASW,CE,Federal Contract Tower,0,0,1,0,1,0,0,100,0,100,0,0,101,0,101,162,0,162,263
11/22/2022,AEG,NM,ASW,CE,Federal Contract Tower,0,0,5,0,5,0,0,51,0,51,0,0,56,0,56,60,0,60,116
11/23/2022,AEG,NM,ASW,CE,Federal Contract Tower,0,0,6,0,6,0,0,62,6,68,0,0,68,6,74,100,0,100,174
11/24/2022,AEG,NM,ASW,CE,Federal Contract Tower,0,0,0,0,0,0,0,1,0,1,0,0,1,0,1,0,0,0,1
11/25/2022,AEG,NM,ASW,CE,Federal Contract Tower,0,0,1,0,1,0,1,67,0,68,0,1,68,0,69,118,0,118,187
11/26/2022,AEG,NM,ASW,CE,Federal Contract Tower,0,0,10,0,10,0,0,44,0,44,0,0,54,0,54,36,0,36,90
11/27/2022,AEG,NM,ASW,CE,Federal Contract Tower,0,0,6,0,6,0,0,54,0,54,0,0,60,0,60,22,0,22,82
11/28/2022,AEG,NM,ASW,CE,Federal Contract Tower,0,0,2,0,2,0,0,69,0,69,0,0,71,0,71,128,0,128,199
11/29/2022,AEG,NM,ASW,CE,Federal Contract Tower,0,1,2,0,3,0,0,6,0,6,0,1,8,0,9,0,0,0,9
11/30/2022,AEG,NM,ASW,CE,Federal Contract Tower,0,0,6,0,6,0,0,78,2,80,0,0,84,2,86,160,6,166,252
12/01/2022,AEG,NM,ASW,CE,Federal Contract Tower,0,0,6,1,7,0,0,72,7,79,0,0,78,8,86,118,12,130,216
12/02/2022,AEG,NM,ASW,CE,Federal Contract Tower,0,0,2,0,2,0,2,36,0,38,0,2,38,0,40,32,0,32,72
12/03/2022,AEG,NM,ASW,CE,Federal Contract Tower,0,2,2,0,4,0,0,49,2,51,0,2,51,2,55,100,0,100,155
12/04/2022,AEG,NM,ASW,CE,Federal Contract Tower,0,0,10,0,10,0,0,0,0,0,0,0,10,0,10,0,0,0,10
12/05/2022,AEG,NM,ASW,CE,Federal Contract Tower,0,2,6,2,10,0,0,61,5,66,0,2,67,7,76,147,0,147,223
12/06/2022,AEG,NM,ASW,CE,Federal Contract Tower,0,1,2,0,3,0,3,78,0,81,0,4,80,0,84,116,0,116,200
12/07/2022,AEG,NM,ASW,CE,Federal Contract Tower,0,0,0,2,2,0,0,64,7,71,0,0,64,9,73,90,4,94,167
12/08/2022,AEG,NM,ASW,CE,Federal Contract Tower,0,0,5,1,6,0,0,81,5,86,0,0,86,6,92,114,0,114,206
12/09/2022,AEG,NM,ASW,CE,Federal Contract Tower,0,0,9,0,9,0,2,46,8,56,0,2,55,8,65,100,0,100,165
12/10/2022,AEG,NM,ASW,CE,Federal Contract Tower,0,1,3,0,4,0,1,75,7,83,0,2,78,7,87,31,0,31,118
12/11/2022,AEG,NM,ASW,CE,Federal Contract Tower,0,0,6,0,6,0,0,78,4,82,0,0,84,4,88,74,0,74,162
12/12/2022,AEG,NM,ASW,CE,Federal Contract Tower,0,0,6,0,6,0,0,9,0,9,0,0,15,0,15,38,0,38,53
12/13/2022,AEG,NM,ASW,CE,Federal Contract Tower,0,0,5,0,5,0,0,24,0,24,0,0,29,0,29,40,0,40,69
12/14/2022,AEG,NM,ASW,CE,Federal Contract Tower,0,0,2,0,2,0,0,40,0,40,0,0,42,0,42,18,0,18,60
12/15/2022,AEG,NM,ASW,CE,Federal Contract Tower,0,0,13,0,13,0,0,65,3,68,0,0,78,3,81,112,10,122,203
12/16/2022,AEG,NM,ASW,CE,Federal Contract Tower,0,0,0,0,0,0,0,23,0,23,0,0,23,0,23,4,0,4,27
12/17/2022,AEG,NM,ASW,CE,Federal Contract Tower,0,0,1,0,1,0,0,65,0,65,0,0,66,0,66,62,0,62,128
12/18/2022,AEG,NM,ASW,CE,Federal Contract Tower,0,0,2,2,4,0,0,53,1,54,0,0,55,3,58,126,0,126,184
12/19/2022,AEG,NM,ASW,CE,Federal Contract Tower,0,0,2,0,2,0,0,73,6,79,0,0,75,6,81,136,20,156,237
12/20/2022,AEG,NM,ASW,CE,Federal Contract Tower,0,0,4,0,4,0,0,77,0,77,0,0,81,0,81,120,4,124,205
12/21/2022,AEG,NM,ASW,CE,Federal Contract Tower,0,0,4,2,6,0,0,70,0,70,0,0,74,2,76,58,0,58,134
12/22/2022,AEG,NM,ASW,CE,Federal Contract Tower,0,0,0,0,0,0,0,34,0,34,0,0,34,0,34,22,0,22,56
12/23/2022,AEG,NM,ASW,CE,Federal Contract Tower,0,0,0,0,0,0,0,38,0,38,0,0,38,0,38,78,0,78,116
12/24/2022,AEG,NM,ASW,CE,Federal Contract Tower,0,0,1,0,1,0,0,19,0,19,0,0,20,0,20,20,0,20,40
12/25/2022,AEG,NM,ASW,CE,Federal Contract Tower,0,0,0,0,0,0,0,4,0,4,0,0,4,0,4,6,0,6,10
12/26/2022,AEG,NM,ASW,CE,Federal Contract Tower,0,0,1,0,1,0,0,44,0,44,0,0,45,0,45,74,0,74,119
12/27/2022,AEG,NM,ASW,CE,Federal Contract Tower,0,0,5,0,5,0,0,75,2,77,0,0,80,2,82,58,4,62,144
12/28/2022,AEG,NM,ASW,CE,Federal Contract Tower,0,1,1,0,2,0,0,1,0,1,0,1,2,0,3,0,0,0,3
12/29/2022,AEG,NM,ASW,CE,Federal Contract Tower,0,0,0,0,0,0,0,67,0,67,0,0,67,0,67,94,0,94,161
12/30/2022,AEG,NM,ASW,CE,Federal Contract Tower,0,1,5,0,6,0,0,5,0,5,0,1,10,0,11,0,0,0,11
12/31/2022,AEG,NM,ASW,CE,Federal Contract Tower,0,3,10,0,13,0,0,86,0,86,0,3,96,0,99,60,0,60,159
01/01/2023,AEG,NM,ASW,CE,Federal Contract Tower,0,6,0,0,6,0,0,19,0,19,0,6,19,0,25,2,0,2,27
01/02/2023,AEG,NM,ASW,CE,Federal Contract Tower,0,2,1,0,3,0,0,11,0,11,0,2,12,0,14,0,0,0,14
01/03/2023,AEG,NM,ASW,CE,Federal Contract Tower,0,0,0,0,0,0,0,18,0,18,0,0,18,0,18,42,0,42,60
01/04/2023,AEG,NM,ASW,CE,Federal Contract Tower,0,0,9,0,9,0,0,81,2,83,0,0,90,2,92,132,0,132,224
01/05/2023,AEG,NM,ASW,CE,Federal Contract Tower,0,0,2,0,2,0,0,77,3,80,0,0,79,3,82,86,0,86,168
01/06/2023,AEG,NM,ASW,CE,Federal Contract Tower,0,0,7,0,7,0,0,38,4,42,0,0,45,4,49,50,0,50,99
01/07/2023,AEG,NM,ASW,CE,Federal Contract Tower,0,0,6,0,6,0,0,79,6,85,0,0,85,6,91,61,0,61,152
01/08/2023,AEG,NM,ASW,CE,Federal Contract Tower,0,0,5,0,5,0,0,55,6,61,0,0,60,6,66,68,0,68,134
01/09/2023,AEG,NM,ASW,CE,Federal Contract Tower,0,0,3,0,3,0,0,67,0,67,0,0,70,0,70,48,0,48,118
01/10/2023,AEG,NM,ASW,CE,Federal Contract Tower,0,1,6,0,7,0,0,55,2,57,0,1,61,2,64,78,0,78,142
01/11/2023,AEG,NM,ASW,CE,Federal Contract Tower,0,0,0,0,0,0,0,2,0,2,0,0,2,0,2,0,0,0,2
01/12/2023,AEG,NM,ASW,CE,Federal Contract Tower,0,0,8,0,8,0,1,81,3,85,0,1,89,3,93,138,0,138,231
01/13/2023,AEG,NM,ASW,CE,Federal Contract Tower,0,0,5,0,5,0,0,86,0,86,0,0,91,0,91,160,0,160,251
01/14/2023,AEG,NM,ASW,CE,Federal Contract Tower,0,0,0,0,0,0,0,95,0,95,0,0,95,0,95,68,0,68,163
01/15/2023,AEG,NM,ASW,CE,Federal Contract Tower,0,0,9,0,9,0,0,3,0,3,0,0,12,0,12,6,0,6,18
01/16/2023,AEG,NM,ASW,CE,Federal Contract Tower,0,0,4,0,4,0,0,18,0,18,0,0,22,0,22,74,0,74,96
01/17/2023,AEG,NM,ASW,CE,Federal Contract Tower,0,0,1,0,1,0,0,7,0,7,0,0,8,0,8,6,0,6,14
01/18/2023,AEG,NM,ASW,CE,Federal Contract Tower,0,0,2,1,3,0,0,9,2,11,0,0,11,3,14,2,16,18,32
01/19/2023,AEG,NM,ASW,CE,Federal Contract Tower,0,0,5,0,5,0,0,84,2,86,0,0,89,2,91,184,6,190,281
01/20/2023,AEG,NM,ASW,CE,Federal Contract Tower,0,0,8,1,9,0,0,37,5,42,0,0,45,6,51,54,28,82,133
01/21/2023,AEG,NM,ASW,CE,Federal Contract Tower,0,0,2,0,2,0,0,38,0,38,0,0,40,0,40,98,0,98,138
01/22/2023,AEG,NM,ASW,CE,Federal Contract Tower,0,3,0,0,3,0,0,79,0,79,0,3,79,0,82,84,0,84,166
01/23/2023,AEG,NM,ASW,CE,Federal Contract Tower,0,0,1,0,1,0,0,3,0,3,0,0,4,0,4,0,0,0,4
01/24/2023,AEG,NM,ASW,CE,Federal Contract Tower,0,0,2,0,2,0,0,12,0,12,0,0,14,0,14,20,0,20,34
01/25/2023,AEG,NM,ASW,CE,Federal Contract Tower,0,0,6,3,9,0,0,24,3,27,0,0,30,6,36,26,10,36,72
01/26/2023,AEG,NM,ASW,CE,Federal Contract Tower,0,0,9,0,9,0,1,60,2,63,0,1,69,2,72,108,0,108,180
01/27/2023,AEG,NM,ASW,CE,Federal Contract Tower,0,1,4,0,5,0,1,76,1,78,0,2,80,1,83,144,0,144,227
01/28/2023,AEG,NM,ASW,CE,Federal Contract Tower,0,4,6,0,10,0,0,78,3,81,0,4,84,3,91,38,0,38,129
01/29/2023,AEG,NM,ASW,CE,Federal Contract Tower,0,0,4,0,4,0,0,86,4,90,0,0,90,4,94,52,2,54,148
01/30/2023,AEG,NM,ASW,CE,Federal Contract Tower,0,0,3,0,3,0,0,65,0,65,0,0,68,0,68,78,0,78,146
01/31/2023,AEG,NM,ASW,CE,Federal Contract Tower,0,0,3,0,3,0,0,60,2,62,0,0,63,2,65,132,2,134,199
02/01/2023,AEG,NM,ASW,CE,Federal Contract Tower,0,6,5,0,11,0,0,60,0,60,0,6,65,0,71,92,0,92,163
02/02/2023,AEG,NM,ASW,CE,Federal Contract Tower,0,0,14,1,15,0,0,125,1,126,0,0,139,2,141,128,0,128,269
02/03/2023,AEG,NM,ASW,CE,Federal Contract Tower,0,1,6,0,7,0,0,97,0,97,0,1,103,0,104,76,0,76,180
02/04/2023,AEG,NM,ASW,CE,Federal Contract Tower,0,0,2,0,2,0,0,135,0,135,0,0,137,0,137,72,0,72,209
02/05/2023,AEG,NM,ASW,CE,Federal Contract Tower,0,0,6,0,6,0,0,68,0,68,0,0,74,0,74,58,0,58,132
02/06/2023,AEG,NM,ASW,CE,Federal Contract Tower,0,2,5,0,7,0,0,24,0,24,0,2,29,0,31,52,0,52,83
02/07/2023,AEG,NM,ASW,CE,Federal Contract Tower,0,0,1,0,1,0,0,4,0,4,0,0,5,0,5,12,0,12,17
02/08/2023,AEG,NM,ASW,CE,Federal Contract Tower,0,0,1,0,1,0,0,80,0,80,0,0,81,0,81,184,0,184,265
02/09/2023,AEG,NM,ASW,CE,Federal Contract Tower,0,0,3,0,3,0,2,34,3,39,0,2,37,3,42,44,20,64,106
02/10/2023,AEG,NM,ASW,CE,Federal Contract Tower,0,0,5,0,5,0,0,90,0,90,0,0,95,0,95,104,0,104,199
02/12/2023,AEG,NM,ASW,CE,Federal Contract Tower,0,0,4,0,4,0,0,71,0,71,0,0,75,0,75,44,0,44,119
02/13/2023,AEG,NM,ASW,CE,Federal Contract Tower,0,0,3,0,3,0,0,19,0,19,0,0,22,0,22,18,0,18,40
02/14/2023,AEG,NM,ASW,CE,Federal Contract Tower,0,1,2,0,3,0,0,10,3,13,0,1,12,3,16,0,0,0,16
02/15/2023,AEG,NM,ASW,CE,Federal Contract Tower,0,0,6,0,6,0,0,17,0,17,0,0,23,0,23,0,0,0,23
02/16/2023,AEG,NM,ASW,CE,Federal Contract Tower,0,1,4,0,5,0,0,73,6,79,0,1,77,6,84,130,14,144,228
02/17/2023,AEG,NM,ASW,CE,Federal Contract Tower,0,2,10,0,12,0,0,61,1,62,0,2,71,1,74,88,0,88,162
02/18/2023,AEG,NM,ASW,CE,Federal Contract Tower,0,4,0,0,4,0,0,72,4,76,0,4,72,4,80,106,0,106,186
02/19/2023,AEG,NM,ASW,CE,Federal Contract Tower,0,0,6,0,6,0,0,73,3,76,0,0,79,3,82,32,0,32,114
02/20/2023,AEG,NM,ASW,CE,Federal Contract Tower,0,0,0,0,0,0,0,64,0,64,0,0,64,0,64,82,0,82,146
02/21/2023,AEG,NM,ASW,CE,Federal Contract Tower,0,0,12,2,14,0,0,39,2,41,0,0,51,4,55,52,4,56,111
02/22/2023,AEG,NM,ASW,CE,Federal Contract Tower,0,0,1,0,1,0,0,0,0,0,0,0,1,0,1,0,0,0,1
02/23/2023,AEG,NM,ASW,CE,Federal Contract Tower,0,0,5,0,5,0,1,33,4,38,0,1,38,4,43,100,50,150,193
02/24/2023,AEG,NM,ASW,CE,Federal Contract Tower,0,1,13,0,14,0,5,77,1,83,0,6,90,1,97,66,0,66,163
02/25/2023,AEG,NM,ASW,CE,Federal Contract Tower,0,0,5,0,5,0,0,69,0,69,0,0,74,0,74,54,0,54,128
02/26/2023,AEG,NM,ASW,CE,Federal Contract Tower,0,0,5,0,5,0,0,5,0,5,0,0,10,0,10,8,0,8,18
02/27/2023,AEG,NM,ASW,CE,Federal Contract Tower,0,0,1,0,1,0,0,77,0,77,0,0,78,0,78,52,0,52,130
02/28/2023,AEG,NM,ASW,CE,Federal Contract Tower,0,0,4,0,4,0,0,31,6,37,0,0,35,6,41,26,24,50,91
03/01/2023,AEG,NM,ASW,CE,Federal Contract Tower,0,0,8,0,8,0,8,21,7,36,0,8,29,7,44,6,30,36,80
03/02/2023,AEG,NM,ASW,CE,Federal Contract Tower,0,0,2,0,2,0,0,6,0,6,0,0,8,0,8,10,0,10,18
03/03/2023,AEG,NM,ASW,CE,Federal Contract Tower,0,0,0,0,0,0,0,53,5,58,0,0,53,5,58,90,4,94,152
03/04/2023,AEG,NM,ASW,CE,Federal Contract Tower,0,0,2,0,2,0,0,164,0,164,0,0,166,0,166,32,0,32,198
03/05/2023,AEG,NM,ASW,CE,Federal Contract Tower,0,0,3,0,3,0,0,26,0,26,0,0,29,0,29,12,0,12,41
03/06/2023,AEG,NM,ASW,CE,Federal Contract Tower,0,0,0,0,0,0,0,62,2,64,0,0,62,2,64,56,8,64,128
03/07/2023,AEG,NM,ASW,CE,Federal Contract Tower,0,0,4,0,4,0,0,55,2,57,0,0,59,2,61,92,10,102,163
03/08/2023,AEG,NM,ASW,CE,Federal Contract Tower,0,0,9,0,9,0,0,64,2,66,0,0,73,2,75,128,0,128,203
03/09/2023,AEG,NM,ASW,CE,Federal Contract Tower,0,0,10,0,10,0,2,76,0,78,0,2,86,0,88,88,0,88,176
03/10/2023,AEG,NM,ASW,CE,Federal Contract Tower,0,2,8,0,10,0,0,65,0,65,0,2,73,0,75,122,0,122,197
03/11/2023,AEG,NM,ASW,CE,Federal Contract Tower,0,0,4,0,4,0,0,2,0,2,0,0,6,0,6,0,0,0,6
03/12/2023,AEG,NM,ASW,CE,Federal Contract Tower,0,0,7,0,7,0,0,65,0,65,0,0,72,0,72,38,0,38,110
03/13/2023,AEG,NM,ASW,CE,Federal Contract Tower,0,2,2,0,4,0,0,64,2,66,0,2,66,2,70,98,0,98,168
03/14/2023,AEG,NM,ASW,CE,Federal Contract Tower,0,2,5,0,7,0,1,112,5,118,0,3,117,5,125,106,0,106,231
03/15/2023,AEG,NM,ASW,CE,Federal Contract Tower,0,5,2,2,9,0,1,60,4,65,0,6,62,6,74,162,0,162,236
03/16/2023,AEG,NM,ASW,CE,Federal Contract Tower,0,0,3,0,3,0,0,6,4,10,0,0,9,4,13,8,0,8,21
03/17/2023,AEG,NM,ASW,CE,Federal Contract Tower,0,0,1,0,1,0,0,5,0,5,0,0,6,0,6,6,0,6,12
03/18/2023,AEG,NM,ASW,CE,Federal Contract Tower,0,1,7,0,8,0,0,52,0,52,0,1,59,0,60,98,0,98,158
03/19/2023,AEG,NM,ASW,CE,Federal Contract Tower,0,0,5,0,5,0,0,61,0,61,0,0,66,0,66,78,0,78,144
03/20/2023,AEG,NM,ASW,CE,Federal Contract Tower,0,0,6,0,6,0,0,19,2,21,0,0,25,2,27,18,32,50,77
03/21/2023,AEG,NM,ASW,CE,Federal Contract Tower,0,0,0,0,0,0,0,13,0,13,0,0,13,0,13,38,0,38,51
03/22/2023,AEG,NM,ASW,CE,Federal Contract Tower,0,0,5,0,5,0,0,15,0,15,0,0,20,0,20,10,0,10,30
03/23/2023,AEG,NM,ASW,CE,Federal Contract Tower,0,0,5,4,9,0,0,48,0,48,0,0,53,4,57,152,0,152,209
03/24/2023,AEG,NM,ASW,CE,Federal Contract Tower,0,0,6,0,6,0,0,19,0,19,0,0,25,0,25,34,0,34,59
03/25/2023,AEG,NM,ASW,CE,Federal Contract Tower,0,8,0,0,8,0,0,52,0,52,0,8,52,0,60,24,0,24,84
03/26/2023,AEG,NM,ASW,CE,Federal Contract Tower,0,0,5,0,5,0,0,18,0,18,0,0,23,0,23,24,0,24,47
03/27/2023,AEG,NM,ASW,CE,Federal Contract Tower,0,0,3,1,4,0,0,38,0,38,0,0,41,1,42,30,0,30,72
03/28/2023,AEG,NM,ASW,CE,Federal Contract Tower,0,0,2,0,2,0,0,91,2,93,0,0,93,2,95,68,0,68,163
03/29/2023,AEG,NM,ASW,CE,Federal Contract Tower,0,2,12,0,14,0,0,90,0,90,0,2,102,0,104,100,0,100,204
03/30/2023,AEG,NM,ASW,CE,Federal Contract Tower,0,0,4,1,5,0,1,15,0,16,0,1,19,1,21,16,0,16,37
03/31/2023,AEG,NM,ASW,CE,Federal Contract Tower,0,0,4,0,4,0,0,4,4,8,0,0,8,4,12,6,0,6,18
04/01/2023,AEG,NM,ASW,CE,Federal Contract Tower,0,0,2,0,2,0,0,168,0,168,0,0,170,0,170,92,0,92,262
04/02/2023,AEG,NM,ASW,CE,Federal Contract Tower,0,0,0,0,0,0,0,78,0,78,0,0,78,0,78,88,0,88,166
04/03/2023,AEG,NM,ASW,CE,Federal Contract Tower,0,0,1,0,1,0,0,25,4,29,0,0,26,4,30,30,0,30,60
04/04/2023,AEG,NM,ASW,CE,Federal Contract Tower,0,0,2,0,2,0,0,0,2,2,0,0,2,2,4,0,0,0,4
04/05/2023,AEG,NM,ASW,CE,Federal Contract Tower,0,0,5,0,5,0,2,82,15,99,0,2,87,15,104,124,14,138,242
04/06/2023,AEG,NM,ASW,CE,Federal Contract Tower,0,0,3,0,3,0,4,111,10,125,0,4,114,10,128,188,0,188,316
04/07/2023,AEG,NM,ASW,CE,Federal Contract Tower,0,0,2,0,2,0,0,96,8,104,0,0,98,8,106,138,0,138,244
04/08/2023,AEG,NM,ASW,CE,Federal Contract Tower,0,0,2,0,2,0,2,69,4,75,0,2,71,4,77,58,0,58,135
04/09/2023,AEG,NM,ASW,CE,Federal Contract Tower,0,0,1,0,1,0,0,59,1,60,0,0,60,1,61,48,0,48,109
04/10/2023,AEG,NM,ASW,CE,Federal Contract Tower,0,0,3,0,3,0,0,58,7,65,0,0,61,7,68,90,2,92,160
04/11/2023,AEG,NM,ASW,CE,Federal Contract Tower,0,1,2,0,3,0,0,98,8,106,0,1,100,8,109,106,0,106,215
04/12/2023,AEG,NM,ASW,CE,Federal Contract Tower,0,0,4,0,4,0,0,73,7,80,0,0,77,7,84,80,0,80,164
04/13/2023,AEG,NM,ASW,CE,Federal Contract Tower,0,0,3,1,4,0,0,39,2,41,0,0,42,3,45,94,0,94,139
04/14/2023,AEG,NM,ASW,CE,Federal Contract Tower,0,0,8,0,8,0,0,21,0,21,0,0,29,0,29,10,0,10,39
04/15/2023,AEG,NM,ASW,CE,Federal Contract Tower,0,0,2,0,2,0,0,36,0,36,0,0,38,0,38,2,0,2,40
04/16/2023,AEG,NM,ASW,CE,Federal Contract Tower,0,0,2,0,2,0,0,99,0,99,0,0,101,0,101,113,0,113,214
04/17/2023,AEG,NM,ASW,CE,Federal Contract Tower,0,2,5,0,7,0,0,69,0,69,0,2,74,0,76,84,0,84,160
04/18/2023,AEG,NM,ASW,CE,Federal Contract Tower,0,0,3,1,4,0,0,56,1,57,0,0,59,2,61,50,6,56,117
04/19/2023,AEG,NM,ASW,CE,Federal Contract Tower,0,1,5,0,6,0,0,27,0,27,0,1,32,0,33,34,0,34,67
04/20/2023,AEG,NM,ASW,CE,Federal Contract Tower,0,0,6,0,6,0,0,29,0,29,0,0,35,0,35,62,0,62,97
04/21/2023,AEG,NM,ASW,CE,Federal Contract Tower,0,0,9,0,9,0,0,35,1,36,0,0,44,1,45,64,0,64,109
04/22/2023,AEG,NM,ASW,CE,Federal Contract Tower,0,0,1,0,1,0,0,93,0,93,0,0,94,0,94,72,0,72,166
04/23/2023,AEG,NM,ASW,CE,Federal Contract Tower,0,0,5,0,5,0,0,63,0,63,0,0,68,0,68,102,0,102,170
04/24/2023,AEG,NM,ASW,CE,Federal Contract Tower,0,0,2,0,2,0,0,40,0,40,0,0,42,0,42,150,0,150,192
04/25/2023,AEG,NM,ASW,CE,Federal Contract Tower,0,0,1,0,1,0,0,42,1,43,0,0,43,1,44,56,0,56,100
04/26/2023,AEG,NM,ASW,CE,Federal Contract Tower,0,0,6,0,6,0,0,51,0,51,0,0,57,0,57,74,0,74,131
04/27/2023,AEG,NM,ASW,CE,Federal Contract Tower,0,0,4,0,4,0,0,92,2,94,0,0,96,2,98,138,8,146,244
04/28/2023,AEG,NM,ASW,CE,Federal Contract Tower,0,0,3,0,3,0,2,23,0,25,0,2,26,0,28,12,0,12,40
04/29/2023,AEG,NM,ASW,CE,Federal Contract Tower,0,0,5,0,5,0,0,135,0,135,0,0,140,0,140,122,0,122,262
04/30/2023,AEG,NM,ASW,CE,Federal Contract Tower,0,0,1,0,1,0,0,57,0,57,0,0,58,0,58,38,0,38,96
05/01/2023,AEG,NM,ASW,CE,Federal Contract Tower,0,0,5,0,5,0,1,65,2,68,0,1,70,2,73,108,2,110,183
05/02/2023,AEG,NM,ASW,CE,Federal Contract Tower,0,0,2,0,2,0,0,52,1,53,0,0,54,1,55,168,0,168,223
05/03/2023,AEG,NM,ASW,CE,Federal Contract Tower,0,0,2,0,2,0,0,54,2,56,0,0,56,2,58,116,0,116,174
05/04/2023,AEG,NM,ASW,CE,Federal Contract Tower,0,0,7,0,7,0,0,29,0,29,0,0,36,0,36,76,0,76,112
05/05/2023,AEG,NM,ASW,CE,Federal Contract Tower,0,1,6,0,7,0,1,49,0,50,0,2,55,0,57,52,0,52,109
05/06/2023,AEG,NM,ASW,CE,Federal Contract Tower,0,0,2,0,2,0,0,130,0,130,0,0,132,0,132,68,0,68,200
05/07/2023,AEG,NM,ASW,CE,Federal Contract Tower,0,0,0,0,0,0,0,63,0,63,0,0,63,0,63,76,0,76,139
05/08/2023,AEG,NM,ASW,CE,Federal Contract Tower,0,1,2,0,3,0,0,90,3,93,0,1,92,3,96,124,10,134,230
05/09/2023,AEG,NM,ASW,CE,Federal Contract Tower,0,0,5,0,5,0,0,60,3,63,0,0,65,3,68,104,2,106,174
05/10/2023,AEG,NM,ASW,CE,Federal Contract Tower,0,0,3,0,3,0,0,33,4,37,0,0,36,4,40,74,0,74,114
05/11/2023,AEG,NM,ASW,CE,Federal Contract Tower,0,0,4,0,4,0,0,40,0,40,0,0,44,0,44,44,0,44,88
05/12/2023,AEG,NM,ASW,CE,Federal Contract Tower,0,1,4,0,5,0,0,84,2,86,0,1,88,2,91,150,0,150,241
05/13/2023,AEG,NM,ASW,CE,Federal Contract Tower,0,1,4,0,5,0,0,5,2,7,0,1,9,2,12,0,0,0,12
05/14/2023,AEG,NM,ASW,CE,Federal Contract Tower,0,0,3,0,3,0,0,52,2,54,0,0,55,2,57,106,0,106,163
05/15/2023,AEG,NM,ASW,CE,Federal Contract Tower,0,0,11,0,11,0,0,63,1,64,0,0,74,1,75,140,10,150,225
05/16/2023,AEG,NM,ASW,CE,Federal Contract Tower,0,0,6,0,6,0,0,80,1,81,0,0,86,1,87,112,0,112,199
05/17/2023,AEG,NM,ASW,CE,Federal Contract Tower,0,0,5,0,5,0,2,74,0,76,0,2,79,0,81,46,0,46,127
05/18/2023,AEG,NM,ASW,CE,Federal Contract Tower,0,0,6,0,6,0,0,66,0,66,0,0,72,0,72,84,0,84,156
05/19/2023,AEG,NM,ASW,CE,Federal Contract Tower,0,0,5,0,5,0,0,32,0,32,0,0,37,0,37,30,0,30,67
05/20/2023,AEG,NM,ASW,CE,Federal Contract Tower,0,0,3,0,3,0,0,59,0,59,0,0,62,0,62,94,0,94,156
05/21/2023,AEG,NM,ASW,CE,Federal Contract Tower,0,0,5,0,5,0,0,69,0,69,0,0,74,0,74,102,0,102,176
05/22/2023,AEG,NM,ASW,CE,Federal Contract Tower,0,0,2,0,2,0,0,77,0,77,0,0,79,0,79,94,0,94,173
05/23/2023,AEG,NM,ASW,CE,Federal Contract Tower,0,0,2,0,2,0,0,82,0,82,0,0,84,0,84,112,0,112,196
05/24/2023,AEG,NM,ASW,CE,Federal Contract Tower,0,0,7,0,7,0,0,78,0,78,0,0,85,0,85,142,0,142,227
05/25/2023,AEG,NM,ASW,CE,Federal Contract Tower,0,0,7,0,7,0,0,91,0,91,0,0,98,0,98,98,0,98,196
05/26/2023,AEG,NM,ASW,CE,Federal Contract Tower,0,0,3,0,3,0,0,58,0,58,0,0,61,0,61,44,0,44,105
05/27/2023,AEG,NM,ASW,CE,Federal Contract Tower,0,0,5,0,5,0,0,59,2,61,0,0,64,2,66,112,6,118,184
05/28/2023,AEG,NM,ASW,CE,Federal Contract Tower,0,1,5,0,6,0,2,65,0,67,0,3,70,0,73,88,0,88,161
05/29/2023,AEG,NM,ASW,CE,Federal Contract Tower,0,0,9,0,9,0,0,81,0,81,0,0,90,0,90,74,0,74,164
05/30/2023,AEG,NM,ASW,CE,Federal Contract Tower,0,0,4,0,4,0,0,76,1,77,0,0,80,1,81,108,0,108,189
05/31/2023,AEG,NM,ASW,CE,Federal Contract Tower,0,0,3,0,3,0,0,25,1,26,0,0,28,1,29,42,0,42,71
06/01/2023,AEG,NM,ASW,CE,Federal Contract Tower,0,0,3,0,3,0,0,65,3,68,0,0,68,3,71,158,12,170,241
06/02/2023,AEG,NM,ASW,CE,Federal Contract Tower,0,0,7,0,7,0,0,55,2,57,0,0,62,2,64,106,0,106,170
06/03/2023,AEG,NM,ASW,CE,Federal Contract Tower,0,0,5,0,5,0,0,92,0,92,0,0,97,0,97,108,0,108,205
06/04/2023,AEG,NM,ASW,CE,Federal Contract Tower,0,0,7,0,7,0,0,61,0,61,0,0,68,0,68,112,0,112,180
06/05/2023,AEG,NM,ASW,CE,Federal Contract Tower,0,1,6,0,7,0,0,53,0,53,0,1,59,0,60,66,0,66,126
06/06/2023,AEG,NM,ASW,CE,Federal Contract Tower,0,0,5,0,5,0,0,61,0,61,0,0,66,0,66,93,0,93,159
06/07/2023,AEG,NM,ASW,CE,Federal Contract Tower,0,2,2,0,4,0,0,97,2,99,0,2,99,2,103,112,12,124,227
06/08/2023,AEG,NM,ASW,CE,Federal Contract Tower,0,0,8,0,8,0,0,88,0,88,0,0,96,0,96,164,0,164,260
06/09/2023,AEG,NM,ASW,CE,Federal Contract Tower,0,2,2,0,4,0,0,80,0,80,0,2,82,0,84,100,0,100,184
06/10/2023,AEG,NM,ASW,CE,Federal Contract Tower,0,0,5,0,5,0,0,124,1,125,0,0,129,1,130,62,0,62,192
06/11/2023,AEG,NM,ASW,CE,Federal Contract Tower,0,2,4,0,6,0,0,43,8,51,0,2,47,8,57,98,6,104,161
06/12/2023,AEG,NM,ASW,CE,Federal Contract Tower,0,2,6,0,8,0,0,51,10,61,0,2,57,10,69,78,10,88,157
06/13/2023,AEG,NM,ASW,CE,Federal Contract Tower,0,0,0,0,0,0,0,94,0,94,0,0,94,0,94,130,12,142,236
06/14/2023,AEG,NM,ASW,CE,Federal Contract Tower,0,0,3,0,3,0,0,94,0,94,0,0,97,0,97,172,0,172,269
06/15/2023,AEG,NM,ASW,CE,Federal Contract Tower,0,0,7,0,7,0,0,93,0,93,0,0,100,0,100,154,0,154,254
06/16/2023,AEG,NM,ASW,CE,Federal Contract Tower,0,0,8,0,8,0,0,98,0,98,0,0,106,0,106,98,0,98,204
06/17/2023,AEG,NM,ASW,CE,Federal Contract Tower,0,2,8,0,10,0,0,73,0,73,0,2,81,0,83,62,0,62,145
06/18/2023,AEG,NM,ASW,CE,Federal Contract Tower,0,2,7,0,9,0,0,74,0,74,0,2,81,0,83,50,0,50,133
06/19/2023,AEG,NM,ASW,CE,Federal Contract Tower,0,0,5,0,5,0,0,74,0,74,0,0,79,0,79,78,0,78,157
06/20/2023,AEG,NM,ASW,CE,Federal Contract Tower,0,0,3,0,3,0,0,60,0,60,0,0,63,0,63,102,0,102,165
06/21/2023,AEG,NM,ASW,CE,Federal Contract Tower,0,0,8,0,8,0,0,94,0,94,0,0,102,0,102,142,0,142,244
06/22/2023,AEG,NM,ASW,CE,Federal Contract Tower,0,1,6,0,7,0,0,66,2,68,0,1,72,2,75,100,0,100,175
06/23/2023,AEG,NM,ASW,CE,Federal Contract Tower,0,0,5,0,5,0,0,45,0,45,0,0,50,0,50,82,0,82,132
06/24/2023,AEG,NM,ASW,CE,Federal Contract Tower,0,0,3,0,3,0,0,84,0,84,0,0,87,0,87,86,0,86,173
06/25/2023,AEG,NM,ASW,CE,Federal Contract Tower,0,0,7,0,7,0,0,78,0,78,0,0,85,0,85,146,0,146,231
06/26/2023,AEG,NM,ASW,CE,Federal Contract Tower,0,0,4,0,4,0,0,60,0,60,0,0,64,0,64,87,0,87,151
06/27/2023,AEG,NM,ASW,CE,Federal Contract Tower,0,0,5,0,5,0,0,47,3,50,0,0,52,3,55,84,38,122,177
06/28/2023,AEG,NM,ASW,CE,Federal Contract Tower,0,0,3,0,3,0,0,80,0,80,0,0,83,0,83,158,0,158,241
06/29/2023,AEG,NM,ASW,CE,Federal Contract Tower,0,1,2,0,3,0,1,56,2,59,0,2,58,2,62,178,0,178,240
06/30/2023,AEG,NM,ASW,CE,Federal Contract Tower,0,0,4,0,4,0,8,90,0,98,0,8,94,0,102,152,0,152,254
07/01/2023,AEG,NM,ASW,CE,Federal Contract Tower,0,0,2,0,2,0,0,75,0,75,0,0,77,0,77,74,0,74,151
07/02/2023,AEG,NM,ASW,CE,Federal Contract Tower,0,0,2,0,2,0,0,60,0,60,0,0,62,0,62,108,0,108,170
07/03/2023,AEG,NM,ASW,CE,Federal Contract Tower,0,0,4,0,4,0,0,77,0,77,0,0,81,0,81,122,0,122,203
07/04/2023,AEG,NM,ASW,CE,Federal Contract Tower,0,0,1,0,1,0,0,67,0,67,0,0,68,0,68,130,0,130,198
07/05/2023,AEG,NM,ASW,CE,Federal Contract Tower,0,0,3,0,3,0,0,51,5,56,0,0,54,5,59,104,22,126,185
07/06/2023,AEG,NM,ASW,CE,Federal Contract Tower,0,0,1,0,1,0,0,74,0,74,0,0,75,0,75,124,0,124,199
07/07/2023,AEG,NM,ASW,CE,Federal Contract Tower,0,0,11,0,11,0,0,42,5,47,0,0,53,5,58,90,0,90,148
07/08/2023,AEG,NM,ASW,CE,Federal Contract Tower,0,0,1,0,1,0,0,50,0,50,0,0,51,0,51,58,0,58,109
07/09/2023,AEG,NM,ASW,CE,Federal Contract Tower,0,0,3,0,3,0,0,56,0,56,0,0,59,0,59,126,0,126,185
07/10/2023,AEG,NM,ASW,CE,Federal Contract Tower,0,1,1,0,2,0,0,58,0,58,0,1,59,0,60,86,0,86,146
07/11/2023,AEG,NM,ASW,CE,Federal Contract Tower,0,0,2,0,2,0,38,1,0,39,0,38,3,0,41,66,0,66,107
07/12/2023,AEG,NM,ASW,CE,Federal Contract Tower,0,0,5,0,5,0,0,49,0,49,0,0,54,0,54,50,0,50,104
07/13/2023,AEG,NM,ASW,CE,Federal Contract Tower,0,0,6,0,6,0,0,56,2,58,0,0,62,2,64,206,0,206,270
07/14/2023,AEG,NM,ASW,CE,Federal Contract Tower,0,0,4,0,4,0,0,35,0,35,0,0,39,0,39,76,0,76,115
07/15/2023,AEG,NM,ASW,CE,Federal Contract Tower,0,0,0,0,0,0,0,64,0,64,0,0,64,0,64,88,0,88,152
07/16/2023,AEG,NM,ASW,CE,Federal Contract Tower,0,0,1,0,1,0,0,74,0,74,0,0,75,0,75,156,0,156,231
07/17/2023,AEG,NM,ASW,CE,Federal Contract Tower,0,0,3,0,3,0,0,51,9,60,0,0,54,9,63,76,0,76,139
07/18/2023,AEG,NM,ASW,CE,Federal Contract Tower,0,0,2,0,2,0,2,48,1,51,0,2,50,1,53,84,2,86,139
07/19/2023,AEG,NM,ASW,CE,Federal Contract Tower,0,0,2,0,2,0,0,58,11,69,0,0,60,11,71,42,2,44,115
07/20/2023,AEG,NM,ASW,CE,Federal Contract Tower,0,0,5,0,5,0,1,70,10,81,0,1,75,10,86,140,0,140,226
07/21/2023,AEG,NM,ASW,CE,Federal Contract Tower,0,0,5,0,5,0,0,39,0,39,0,0,44,0,44,68,0,68,112
07/22/2023,AEG,NM,ASW,CE,Federal Contract Tower,0,0,3,0,3,0,0,81,3,84,0,0,84,3,87,90,0,90,177
07/23/2023,AEG,NM,ASW,CE,Federal Contract Tower,0,0,2,0,2,0,0,50,3,53,0,0,52,3,55,52,0,52,107
07/24/2023,AEG,NM,ASW,CE,Federal Contract Tower,0,0,4,0,4,0,0,64,4,68,0,0,68,4,72,96,0,96,168
07/25/2023,AEG,NM,ASW,CE,Federal Contract Tower,0,0,2,0,2,0,0,43,11,54,0,0,45,11,56,46,10,56,112
07/26/2023,AEG,NM,ASW,CE,Federal Contract Tower,0,0,5,0,5,0,0,43,7,50,0,0,48,7,55,80,0,80,135
07/27/2023,AEG,NM,ASW,CE,Federal Contract Tower,0,0,3,0,3,0,0,71,5,76,0,0,74,5,79,112,0,112,191
07/28/2023,AEG,NM,ASW,CE,Federal Contract Tower,0,0,0,0,0,0,0,59,2,61,0,0,59,2,61,112,0,112,173
07/29/2023,AEG,NM,ASW,CE,Federal Contract Tower,0,0,0,0,0,0,0,89,0,89,0,0,89,0,89,130,0,130,219
07/30/2023,AEG,NM,ASW,CE,Federal Contract Tower,0,0,2,0,2,0,0,53,4,57,0,0,55,4,59,148,0,148,207
07/31/2023,AEG,NM,ASW,CE,Federal Contract Tower,0,0,2,0,2,0,0,76,5,81,0,0,78,5,83,61,0,61,144
08/01/2023,AEG,NM,ASW,CE,Federal Contract Tower,0,0,0,0,0,0,0,60,2,62,0,0,60,2,62,78,0,78,140
08/02/2023,AEG,NM,ASW,CE,Federal Contract Tower,0,0,3,0,3,0,0,52,1,53,0,0,55,1,56,126,0,126,182
08/03/2023,AEG,NM,ASW,CE,Federal Contract Tower,0,0,3,0,3,0,0,56,2,58,0,0,59,2,61,118,40,158,219
08/04/2023,AEG,NM,ASW,CE,Federal Contract Tower,0,0,2,1,3,0,0,41,0,41,0,0,43,1,44,68,0,68,112
08/05/2023,AEG,NM,ASW,CE,Federal Contract Tower,0,0,0,0,0,0,0,73,0,73,0,0,73,0,73,106,0,106,179
08/06/2023,AEG,NM,ASW,CE,Federal Contract Tower,0,0,5,0,5,0,0,44,4,48,0,0,49,4,53,62,0,62,115
08/07/2023,AEG,NM,ASW,CE,Federal Contract Tower,0,0,2,0,2,0,0,44,0,44,0,0,46,0,46,23,0,23,69
08/08/2023,AEG,NM,ASW,CE,Federal Contract Tower,0,0,3,0,3,0,0,44,0,44,0,0,47,0,47,28,0,28,75
08/09/2023,AEG,NM,ASW,CE,Federal Contract Tower,0,0,1,0,1,0,0,10,4,14,0,0,11,4,15,18,0,18,33
08/10/2023,AEG,NM,ASW,CE,Federal Contract Tower,0,0,6,0,6,0,0,66,0,66,0,0,72,0,72,98,0,98,170
08/11/2023,AEG,NM,ASW,CE,Federal Contract Tower,0,0,9,0,9,0,0,65,0,65,0,0,74,0,74,94,0,94,168
08/12/2023,AEG,NM,ASW,CE,Federal Contract Tower,0,0,3,0,3,0,0,61,0,61,0,0,64,0,64,44,0,44,108
08/13/2023,AEG,NM,ASW,CE,Federal Contract Tower,0,0,6,0,6,0,1,78,0,79,0,1,84,0,85,54,0,54,139
08/14/2023,AEG,NM,ASW,CE,Federal Contract Tower,0,0,7,0,7,0,0,14,0,14,0,0,21,0,21,6,0,6,27
08/15/2023,AEG,NM,ASW,CE,Federal Contract Tower,0,0,2,0,2,0,0,80,2,82,0,0,82,2,84,64,10,74,158
08/16/2023,AEG,NM,ASW,CE,Federal Contract Tower,0,0,3,0,3,0,0,58,0,58,0,0,61,0,61,88,0,88,149
08/17/2023,AEG,NM,ASW,CE,Federal Contract Tower,0,0,1,0,1,0,0,68,2,70,0,0,69,2,71,186,0,186,257
08/18/2023,AEG,NM,ASW,CE,Federal Contract Tower,0,1,5,0,6,0,0,90,0,90,0,1,95,0,96,138,0,138,234
08/19/2023,AEG,NM,ASW,CE,Federal Contract Tower,0,0,3,0,3,0,0,54,0,54,0,0,57,0,57,102,0,102,159
08/20/2023,AEG,NM,ASW,CE,Federal Contract Tower,0,0,2,0,2,0,0,43,20,63,0,0,45,20,65,34,0,34,99
08/21/2023,AEG,NM,ASW,CE,Federal Contract Tower,0,0,8,0,8,0,0,40,1,41,0,0,48,1,49,50,4,54,103
08/22/2023,AEG,NM,ASW,CE,Federal Contract Tower,0,0,4,0,4,0,0,53,5,58,0,0,57,5,62,90,0,90,152
08/23/2023,AEG,NM,ASW,CE,Federal Contract Tower,0,0,6,0,6,0,35,6,0,41,0,35,12,0,47,54,2,56,103
08/24/2023,AEG,NM,ASW,CE,Federal Contract Tower,0,0,14,2,16,0,0,25,1,26,0,0,39,3,42,82,6,88,130
08/25/2023,AEG,NM,ASW,CE,Federal Contract Tower,0,0,6,0,6,0,0,95,0,95,0,0,101,0,101,176,0,176,277
08/26/2023,AEG,NM,ASW,CE,Federal Contract Tower,0,0,6,1,7,0,0,84,0,84,0,0,90,1,91,146,0,146,237
08/27/2023,AEG,NM,ASW,CE,Federal Contract Tower,0,1,5,0,6,0,0,69,0,69,0,1,74,0,75,84,0,84,159
08/28/2023,AEG,NM,ASW,CE,Federal Contract Tower,0,0,7,0,7,0,0,54,0,54,0,0,61,0,61,82,0,82,143
08/29/2023,AEG,NM,ASW,CE,Federal Contract Tower,0,0,4,0,4,0,0,67,5,72,0,0,71,5,76,156,8,164,240
08/30/2023,AEG,NM,ASW,CE,Federal Contract Tower,0,0,6,0,6,0,0,76,2,78,0,0,82,2,84,92,10,102,186
08/31/2023,AEG,NM,ASW,CE,Federal Contract Tower,0,0,3,0,3,0,0,70,2,72,0,0,73,2,75,128,0,128,203
01/01/2020,AEG,NM,ASW,WE,Federal Contract Tower,0,0,1,0,1,0,0,63,0,63,0,0,64,0,64,138,0,138,202
01/02/2020,AEG,NM,ASW,WE,Federal Contract Tower,0,0,5,0,5,0,0,16,0,16,0,0,21,0,21,26,0,26,47
01/03/2020,AEG,NM,ASW,WE,Federal Contract Tower,0,1,2,0,3,0,1,75,0,76,0,2,77,0,79,78,0,78,157
01/04/2020,AEG,NM,ASW,WE,Federal Contract Tower,0,0,5,0,5,0,0,103,0,103,0,0,108,0,108,172,0,172,280
01/05/2020,AEG,NM,ASW,WE,Federal Contract Tower,0,0,8,0,8,0,0,81,0,81,0,0,89,0,89,108,0,108,197
01/06/2020,AEG,NM,ASW,WE,Federal Contract Tower,0,1,8,0,9,0,0,24,0,24,0,1,32,0,33,24,0,24,57
01/07/2020,AEG,NM,ASW,WE,Federal Contract Tower,0,1,6,0,7,0,0,101,8,109,0,1,107,8,116,216,0,216,332
01/08/2020,AEG,NM,ASW,WE,Federal Contract Tower,0,0,7,0,7,0,0,32,7,39,0,0,39,7,46,72,0,72,118
01/09/2020,AEG,NM,ASW,WE,Federal Contract Tower,0,1,12,2,15,0,0,72,6,78,0,1,84,8,93,90,0,90,183
01/10/2020,AEG,NM,ASW,WE,Federal Contract Tower,0,0,1,1,2,0,2,12,8,22,0,2,13,9,24,0,0,0,24
01/11/2020,AEG,NM,ASW,WE,Federal Contract Tower,0,0,7,1,8,0,0,79,11,90,0,0,86,12,98,128,0,128,226
01/12/2020,AEG,NM,ASW,WE,Federal Contract Tower,0,1,2,0,3,0,0,30,16,46,0,1,32,16,49,72,0,72,121
01/13/2020,AEG,NM,ASW,WE,Federal Contract Tower,0,2,2,0,4,0,1,42,10,53,0,3,44,10,57,52,0,52,109
01/14/2020,AEG,NM,ASW,WE,Federal Contract Tower,0,2,2,0,4,0,0,84,1,85,0,2,86,1,89,250,0,250,339
01/15/2020,AEG,NM,ASW,WE,Federal Contract Tower,0,1,8,0,9,0,0,94,11,105,0,1,102,11,114,182,30,212,326
01/16/2020,AEG,NM,ASW,WE,Federal Contract Tower,0,0,1,0,1,0,0,0,0,0,0,0,1,0,1,0,0,0,1
01/17/2020,AEG,NM,ASW,WE,Federal Contract Tower,0,1,3,6,10,0,0,11,2,13,0,1,14,8,23,26,8,34,57
01/18/2020,AEG,NM,ASW,WE,Federal Contract Tower,0,2,11,1,14,0,0,84,0,84,0,2,95,1,98,122,0,122,220
01/19/2020,AEG,NM,ASW,WE,Federal Contract Tower,0,0,6,0,6,0,0,77,0,77,0,0,83,0,83,54,0,54,137
01/20/2020,AEG,NM,ASW,WE,Federal Contract Tower,0,0,3,0,3,0,0,62,0,62,0,0,65,0,65,146,0,146,211
01/21/2020,AEG,NM,ASW,WE,Federal Contract Tower,0,0,0,0,0,0,0,8,0,8,0,0,8,0,8,0,0,0,8
01/22/2020,AEG,NM,ASW,WE,Federal Contract Tower,0,4,3,1,8,0,0,27,1,28,0,4,30,2,36,32,0,32,68
01/23/2020,AEG,NM,ASW,WE,Federal Contract Tower,0,2,2,0,4,0,0,70,0,70,0,2,72,0,74,40,0,40,114
01/24/2020,AEG,NM,ASW,WE,Federal Contract Tower,0,1,3,0,4,0,0,88,3,91,0,1,91,3,95,144,6,150,245
01/25/2020,AEG,NM,ASW,WE,Federal Contract Tower,0,1,7,0,8,0,0,70,6,76,0,1,77,6,84,108,0,108,192
01/26/2020,AEG,NM,ASW,WE,Federal Contract Tower,0,0,4,0,4,0,1,63,0,64,0,1,67,0,68,67,0,67,135
01/27/2020,AEG,NM,ASW,WE,Federal Contract Tower,0,0,3,0,3,0,1,14,0,15,0,1,17,0,18,18,0,18,36
01/28/2020,AEG,NM,ASW,WE,Federal Contract Tower,0,1,3,0,4,0,0,66,0,66,0,1,69,0,70,78,0,78,148
01/29/2020,AEG,NM,ASW,WE,Federal Contract Tower,0,0,6,2,8,0,0,57,2,59,0,0,63,4,67,146,6,152,219
01/30/2020,AEG,NM,ASW,WE,Federal Contract Tower,0,2,2,0,4,0,2,29,0,31,0,4,31,0,35,86,0,86,121
01/31/2020,AEG,NM,ASW,WE,Federal Contract Tower,0,0,7,2,9,0,0,63,0,63,0,0,70,2,72,104,0,104,176
02/01/2020,AEG,NM,ASW,CE,Federal Contract Tower,0,1,8,0,9,0,0,155,0,155,0,1,163,0,164,92,0,92,256
02/02/2020,AEG,NM,ASW,CE,Federal Contract Tower,0,2,6,0,8,0,0,60,0,60,0,2,66,0,68,116,0,116,184
02/03/2020,AEG,NM,ASW,CE,Federal Contract Tower,0,2,0,0,2,0,0,22,2,24,0,2,22,2,26,30,22,52,78
02/04/2020,AEG,NM,ASW,CE,Federal Contract Tower,0,2,1,0,3,0,0,7,0,7,0,2,8,0,10,6,0,6,16
02/05/2020,AEG,NM,ASW,CE,Federal Contract Tower,0,5,5,2,12,0,2,20,0,22,0,7,25,2,34,68,0,68,102
02/06/2020,AEG,NM,ASW,CE,Federal Contract Tower,0,0,5,0,5,0,0,34,0,34,0,0,39,0,39,18,0,18,57
02/07/2020,AEG,NM,ASW,CE,Federal Contract Tower,0,0,5,0,5,0,0,46,3,49,0,0,51,3,54,24,20,44,98
02/08/2020,AEG,NM,ASW,CE,Federal Contract Tower,0,2,6,0,8,0,0,98,0,98,0,2,104,0,106,176,0,176,282
02/09/2020,AEG,NM,ASW,CE,Federal Contract Tower,0,1,9,0,10,0,0,66,0,66,0,1,75,0,76,132,0,132,208
02/10/2020,AEG,NM,ASW,CE,Federal Contract Tower,0,1,1,0,2,0,0,1,0,1,0,1,2,0,3,0,0,0,3
02/11/2020,AEG,NM,ASW,CE,Federal Contract Tower,0,0,0,0,0,0,0,0,0,0,0,0,0,0,0,0,0,0,0
02/12/2020,AEG,NM,ASW,CE,Federal Contract Tower,0,3,9,0,12,0,2,68,1,71,0,5,77,1,83,146,12,158,241
02/13/2020,AEG,NM,ASW,CE,Federal Contract Tower,0,0,6,0,6,0,0,94,2,96,0,0,100,2,102,204,0,204,306
02/14/2020,AEG,NM,ASW,CE,Federal Contract Tower,0,4,4,0,8,0,0,53,0,53,0,4,57,0,61,140,0,140,201
02/15/2020,AEG,NM,ASW,CE,Federal Contract Tower,0,3,15,0,18,0,0,100,0,100,0,3,115,0,118,170,0,170,288
02/16/2020,AEG,NM,ASW,CE,Federal Contract Tower,0,1,7,0,8,0,0,79,0,79,0,1,86,0,87,96,0,96,183
02/17/2020,AEG,NM,ASW,CE,Federal Contract Tower,0,0,7,2,9,0,0,64,0,64,0,0,71,2,73,100,0,100,173
02/18/2020,AEG,NM,ASW,CE,Federal Contract Tower,0,1,8,0,9,0,4,63,0,67,0,5,71,0,76,106,0,106,182
02/19/2020,AEG,NM,ASW,CE,Federal Contract Tower,0,3,9,0,12,0,0,61,2,63,0,3,70,2,75,108,0,108,183
02/20/2020,AEG,NM,ASW,CE,Federal Contract Tower,0,2,4,0,6,0,0,41,6,47,0,2,45,6,53,50,26,76,129
02/21/2020,AEG,NM,ASW,CE,Federal Contract Tower,0,3,9,0,12,0,0,77,0,77,0,3,86,0,89,202,0,202,291
02/22/2020,AEG,NM,ASW,CE,Federal Contract Tower,0,3,5,0,8,0,0,27,0,27,0,3,32,0,35,74,0,74,109
02/23/2020,AEG,NM,ASW,CE,Federal Contract Tower,0,2,2,0,4,0,0,4,0,4,0,2,6,0,8,0,0,0,8
02/24/2020,AEG,NM,ASW,CE,Federal Contract Tower,0,1,2,1,4,0,0,30,2,32,0,1,32,3,36,38,0,38,74
02/25/2020,AEG,NM,ASW,CE,Federal Contract Tower,0,1,10,5,16,0,0,30,2,32,0,1,40,7,48,56,4,60,108
02/26/2020,AEG,NM,ASW,CE,Federal Contract Tower,0,4,7,0,11,0,0,76,5,81,0,4,83,5,92,100,14,114,206
02/27/2020,AEG,NM,ASW,CE,Federal Contract Tower,0,0,6,0,6,0,0,67,2,69,0,0,73,2,75,78,4,82,157
02/28/2020,AEG,NM,ASW,CE,Federal Contract Tower,0,0,2,2,4,0,3,99,4,106,0,3,101,6,110,170,0,170,280
02/29/2020,AEG,NM,ASW,CE,Federal Contract Tower,0,3,8,0,11,0,0,89,4,93,0,3,97,4,104,88,0,88,192
03/01/2020,AEG,NM,ASW,CE,Federal Contract Tower,0,2,8,0,10,0,0,33,8,41,0,2,41,8,51,84,0,84,135
03/02/2020,AEG,NM,ASW,CE,Federal Contract Tower,0,4,3,0,7,0,0,33,8,41,0,4,36,8,48,51,2,53,101
03/03/2020,AEG,NM,ASW,CE,Federal Contract Tower,0,1,6,0,7,0,0,59,3,62,0,1,65,3,69,62,0,62,131
03/04/2020,AEG,NM,ASW,CE,Federal Contract Tower,0,0,6,5,11,0,0,89,1,90,0,0,95,6,101,124,0,124,225
03/05/2020,AEG,NM,ASW,CE,Federal Contract Tower,0,0,8,0,8,0,0,100,3,103,0,0,108,3,111,68,2,70,181
03/06/2020,AEG,NM,ASW,CE,Federal Contract Tower,0,1,8,0,9,0,0,67,3,70,0,1,75,3,79,80,0,80,159
03/07/2020,AEG,NM,ASW,CE,Federal Contract Tower,0,0,8,0,8,0,0,100,1,101,0,0,108,1,109,76,0,76,185
03/08/2020,AEG,NM,ASW,CE,Federal Contract Tower,0,0,2,0,2,0,0,16,2,18,0,0,18,2,20,8,38,46,66
03/09/2020,AEG,NM,ASW,CE,Federal Contract Tower,0,4,8,0,12,0,0,103,2,105,0,4,111,2,117,150,0,150,267
03/10/2020,AEG,NM,ASW,CE,Federal Contract Tower,0,2,8,1,11,0,0,59,4,63,0,2,67,5,74,46,20,66,140
03/11/2020,AEG,NM,ASW,CE,Federal Contract Tower,0,2,8,0,10,0,0,36,0,36,0,2,44,0,46,52,0,52,98
03/12/2020,AEG,NM,ASW,CE,Federal Contract Tower,0,2,11,0,13,0,0,56,1,57,0,2,67,1,70,110,16,126,196
03/13/2020,AEG,NM,ASW,CE,Federal Contract Tower,0,1,4,0,5,0,0,3,0,3,0,1,7,0,8,0,0,0,8
03/14/2020,AEG,NM,ASW,CE,Federal Contract Tower,0,0,4,0,4,0,0,82,0,82,0,0,86,0,86,92,0,92,178
03/15/2020,AEG,NM,ASW,CE,Federal Contract Tower,0,2,4,0,6,0,1,76,0,77,0,3,80,0,83,98,0,98,181
03/16/2020,AEG,NM,ASW,CE,Federal Contract Tower,0,1,3,0,4,0,0,67,4,71,0,1,70,4,75,158,30,188,263
03/17/2020,AEG,NM,ASW,CE,Federal Contract Tower,0,1,14,0,15,0,0,88,0,88,0,1,102,0,103,146,0,146,249
03/18/2020,AEG,NM,ASW,CE,Federal Contract Tower,0,1,1,0,2,0,0,27,4,31,0,1,28,4,33,20,16,36,69
03/19/2020,AEG,NM,ASW,CE,Federal Contract Tower,0,0,2,0,2,0,0,21,0,21,0,0,23,0,23,24,0,24,47
03/20/2020,AEG,NM,ASW,CE,Federal Contract Tower,0,1,6,0,7,0,0,50,0,50,0,1,56,0,57,138,0,138,195
03/22/2020,AEG,NM,ASW,CE,Federal Contract Tower,0,0,2,0,2,0,0,77,0,77,0,0,79,0,79,69,0,69,148
03/23/2020,AEG,NM,ASW,CE,Federal Contract Tower,0,0,2,0,2,0,1,28,2,31,0,1,30,2,33,56,22,78,111
03/24/2020,AEG,NM,ASW,CE,Federal Contract Tower,0,1,8,4,13,0,0,42,2,44,0,1,50,6,57,26,8,34,91
03/25/2020,AEG,NM,ASW,CE,Federal Contract Tower,0,1,1,0,2,0,0,27,1,28,0,1,28,1,30,46,8,54,84
03/26/2020,AEG,NM,ASW,CE,Federal Contract Tower,0,0,2,0,2,0,0,3,0,3,0,0,5,0,5,0,0,0,5
03/27/2020,AEG,NM,ASW,CE,Federal Contract Tower,0,0,2,0,2,0,2,6,0,8,0,2,8,0,10,0,0,0,10
03/28/2020,AEG,NM,ASW,CE,Federal Contract Tower,0,0,2,0,2,0,0,19,0,19,0,0,21,0,21,12,0,12,33
03/29/2020,AEG,NM,ASW,CE,Federal Contract Tower,0,1,0,0,1,0,0,64,0,64,0,1,64,0,65,84,0,84,149
03/30/2020,AEG,NM,ASW,CE,Federal Contract Tower,0,2,3,0,5,0,0,15,2,17,0,2,18,2,22,6,0,6,28
03/31/2020,AEG,NM,ASW,CE,Federal Contract Tower,0,0,3,2,5,0,0,79,0,79,0,0,82,2,84,40,0,40,124
04/01/2020,AEG,NM,ASW,CE,Federal Contract Tower,0,3,6,0,9,0,0,40,2,42,0,3,46,2,51,14,14,28,79
04/02/2020,AEG,NM,ASW,CE,Federal Contract Tower,0,0,1,0,1,0,0,13,0,13,0,0,14,0,14,0,0,0,14
04/03/2020,AEG,NM,ASW,CE,Federal Contract Tower,0,0,2,0,2,0,0,36,0,36,0,0,38,0,38,58,0,58,96
04/04/2020,AEG,NM,ASW,CE,Federal Contract Tower,0,1,3,0,4,0,0,51,0,51,0,1,54,0,55,50,0,50,105
04/05/2020,AEG,NM,ASW,CE,Federal Contract Tower,0,0,2,0,2,0,0,69,0,69,0,0,71,0,71,34,0,34,105
04/06/2020,AEG,NM,ASW,CE,Federal Contract Tower,0,0,0,0,0,0,2,26,1,29,0,2,26,1,29,0,6,6,35
04/07/2020,AEG,NM,ASW,CE,Federal Contract Tower,0,1,9,0,10,0,0,41,4,45,0,1,50,4,55,36,0,36,91
04/08/2020,AEG,NM,ASW,CE,Federal Contract Tower,0,0,2,0,2,0,0,56,2,58,0,0,58,2,60,80,2,82,142
04/09/2020,AEG,NM,ASW,CE,Federal Contract Tower,0,2,4,0,6,0,0,39,4,43,0,2,43,4,49,32,26,58,107
04/10/2020,AEG,NM,ASW,CE,Federal Contract Tower,0,0,1,0,1,0,0,73,1,74,0,0,74,1,75,78,12,90,165
04/11/2020,AEG,NM,ASW,CE,Federal Contract Tower,0,1,3,0,4,0,0,79,0,79,0,1,82,0,83,74,0,74,157
04/12/2020,AEG,NM,ASW,CE,Federal Contract Tower,0,1,1,0,2,0,0,5,0,5,0,1,6,0,7,0,0,0,7
04/13/2020,AEG,NM,ASW,CE,Federal Contract Tower,0,0,0,0,0,0,0,0,0,0,0,0,0,0,0,0,0,0,0
04/14/2020,AEG,NM,ASW,CE,Federal Contract Tower,0,2,3,1,6,0,1,31,1,33,0,3,34,2,39,34,2,36,75
04/15/2020,AEG,NM,ASW,CE,Federal Contract Tower,0,0,1,0,1,0,0,47,2,49,0,0,48,2,50,46,20,66,116
04/16/2020,AEG,NM,ASW,CE,Federal Contract Tower,0,0,0,0,0,0,0,56,4,60,0,0,56,4,60,28,0,28,88
04/17/2020,AEG,NM,ASW,CE,Federal Contract Tower,0,1,2,0,3,0,0,60,0,60,0,1,62,0,63,48,0,48,111
04/18/2020,AEG,NM,ASW,CE,Federal Contract Tower,0,0,4,0,4,0,0,47,0,47,0,0,51,0,51,48,0,48,99
04/19/2020,AEG,NM,ASW,CE,Federal Contract Tower,0,1,4,0,5,0,0,66,0,66,0,1,70,0,71,54,0,54,125
04/20/2020,AEG,NM,ASW,CE,Federal Contract Tower,0,3,5,0,8,0,0,50,0,50,0,3,55,0,58,18,0,18,76
04/21/2020,AEG,NM,ASW,CE,Federal Contract Tower,0,1,5,0,6,0,0,50,0,50,0,1,55,0,56,74,0,74,130
04/22/2020,AEG,NM,ASW,CE,Federal Contract Tower,0,2,1,2,5,0,0,8,2,10,0,2,9,4,15,14,14,28,43
04/23/2020,AEG,NM,ASW,CE,Federal Contract Tower,0,2,2,0,4,0,0,20,1,21,0,2,22,1,25,0,0,0,25
04/24/2020,AEG,NM,ASW,CE,Federal Contract Tower,0,1,5,0,6,0,0,14,0,14,0,1,19,0,20,10,0,10,30
04/25/2020,AEG,NM,ASW,CE,Federal Contract Tower,0,3,11,0,14,0,0,91,0,91,0,3,102,0,105,122,0,122,227
04/26/2020,AEG,NM,ASW,CE,Federal Contract Tower,0,1,2,0,3,0,0,62,0,62,0,1,64,0,65,88,0,88,153
04/27/2020,AEG,NM,ASW,CE,Federal Contract Tower,0,4,2,0,6,0,1,35,3,39,0,5,37,3,45,34,22,56,101
04/28/2020,AEG,NM,ASW,CE,Federal Contract Tower,0,1,5,0,6,0,0,34,0,34,0,1,39,0,40,96,0,96,136
04/29/2020,AEG,NM,ASW,CE,Federal Contract Tower,0,1,7,0,8,0,0,66,2,68,0,1,73,2,76,51,8,59,135
04/30/2020,AEG,NM,ASW,CE,Federal Contract Tower,0,1,8,0,9,0,0,58,5,63,0,1,66,5,72,94,0,94,166
05/01/2020,AEG,NM,ASW,CE,Federal Contract Tower,0,0,6,0,6,0,0,74,0,74,0,0,80,0,80,32,0,32,112
05/02/2020,AEG,NM,ASW,CE,Federal Contract Tower,0,4,7,0,11,0,0,81,0,81,0,4,88,0,92,84,0,84,176
05/03/2020,AEG,NM,ASW,CE,Federal Contract Tower,0,1,2,0,3,0,0,85,0,85,0,1,87,0,88,72,0,72,160
05/04/2020,AEG,NM,ASW,CE,Federal Contract Tower,0,1,3,0,4,0,0,25,2,27,0,1,28,2,31,0,0,0,31
05/05/2020,AEG,NM,ASW,CE,Federal Contract Tower,0,7,6,0,13,0,0,32,1,33,0,7,38,1,46,22,26,48,94
05/06/2020,AEG,NM,ASW,CE,Federal Contract Tower,0,2,4,0,6,0,1,67,0,68,0,3,71,0,74,62,0,62,136
05/07/2020,AEG,NM,ASW,CE,Federal Contract Tower,0,0,7,0,7,0,0,28,0,28,0,0,35,0,35,18,0,18,53
05/08/2020,AEG,NM,ASW,CE,Federal Contract Tower,0,0,3,0,3,0,1,19,0,20,0,1,22,0,23,4,0,4,27
05/09/2020,AEG,NM,ASW,CE,Federal Contract Tower,0,2,18,0,20,0,0,103,0,103,0,2,121,0,123,104,0,104,227
05/10/2020,AEG,NM,ASW,CE,Federal Contract Tower,0,1,1,0,2,0,0,41,1,42,0,1,42,1,44,22,0,22,66
05/11/2020,AEG,NM,ASW,CE,Federal Contract Tower,0,0,1,0,1,0,2,27,6,35,0,2,28,6,36,56,2,58,94
05/12/2020,AEG,NM,ASW,CE,Federal Contract Tower,0,0,11,0,11,0,1,68,4,73,0,1,79,4,84,144,0,144,228
05/13/2020,AEG,NM,ASW,CE,Federal Contract Tower,0,1,8,6,15,0,0,34,2,36,0,1,42,8,51,24,4,28,79
05/14/2020,AEG,NM,ASW,CE,Federal Contract Tower,0,4,1,0,5,0,0,81,4,85,0,4,82,4,90,90,0,90,180
05/15/2020,AEG,NM,ASW,CE,Federal Contract Tower,0,1,6,0,7,0,0,55,2,57,0,1,61,2,64,78,38,116,180
05/16/2020,AEG,NM,ASW,CE,Federal Contract Tower,0,0,8,0,8,0,0,76,0,76,0,0,84,0,84,98,0,98,182
05/17/2020,AEG,NM,ASW,CE,Federal Contract Tower,0,3,8,0,11,0,0,41,0,41,0,3,49,0,52,54,0,54,106
05/18/2020,AEG,NM,ASW,CE,Federal Contract Tower,0,1,8,0,9,0,0,54,0,54,0,1,62,0,63,78,0,78,141
05/19/2020,AEG,NM,ASW,CE,Federal Contract Tower,0,2,9,1,12,0,0,47,2,49,0,2,56,3,61,94,12,106,167
05/20/2020,AEG,NM,ASW,CE,Federal Contract Tower,0,2,9,0,11,0,3,45,0,48,0,5,54,0,59,96,0,96,155
05/21/2020,AEG,NM,ASW,CE,Federal Contract Tower,0,7,2,0,9,0,0,56,0,56,0,7,58,0,65,42,0,42,107
05/22/2020,AEG,NM,ASW,CE,Federal Contract Tower,0,1,1,0,2,0,0,80,0,80,0,1,81,0,82,44,0,44,126
05/23/2020,AEG,NM,ASW,CE,Federal Contract Tower,0,1,5,0,6,0,0,53,0,53,0,1,58,0,59,76,0,76,135
05/24/2020,AEG,NM,ASW,CE,Federal Contract Tower,0,0,0,0,0,0,0,91,0,91,0,0,91,0,91,150,0,150,241
05/25/2020,AEG,NM,ASW,CE,Federal Contract Tower,0,1,5,0,6,0,0,30,0,30,0,1,35,0,36,22,0,22,58
05/26/2020,AEG,NM,ASW,CE,Federal Contract Tower,0,1,6,1,8,0,0,62,1,63,0,1,68,2,71,175,4,179,250
05/27/2020,AEG,NM,ASW,CE,Federal Contract Tower,0,4,4,0,8,0,0,51,0,51,0,4,55,0,59,106,0,106,165
05/28/2020,AEG,NM,ASW,CE,Federal Contract Tower,0,4,4,0,8,0,0,0,0,0,0,4,4,0,8,52,0,52,60
05/29/2020,AEG,NM,ASW,CE,Federal Contract Tower,0,5,5,0,10,0,2,48,0,50,0,7,53,0,60,46,0,46,106
05/30/2020,AEG,NM,ASW,CE,Federal Contract Tower,0,0,4,3,7,0,0,94,1,95,0,0,98,4,102,94,0,94,196
05/31/2020,AEG,NM,ASW,CE,Federal Contract Tower,0,0,4,0,4,0,0,59,0,59,0,0,63,0,63,52,0,52,115
06/01/2020,AEG,NM,ASW,CE,Federal Contract Tower,0,1,5,0,6,0,0,42,2,44,0,1,47,2,50,22,44,66,116
06/02/2020,AEG,NM,ASW,CE,Federal Contract Tower,0,0,10,1,11,0,0,63,0,63,0,0,73,1,74,366,0,366,440
06/03/2020,AEG,NM,ASW,CE,Federal Contract Tower,0,0,12,0,12,0,0,85,0,85,0,0,97,0,97,278,0,278,375
06/04/2020,AEG,NM,ASW,CE,Federal Contract Tower,0,0,7,0,7,0,0,64,1,65,0,0,71,1,72,156,0,156,228
06/05/2020,AEG,NM,ASW,CE,Federal Contract Tower,0,0,5,0,5,0,0,84,0,84,0,0,89,0,89,124,0,124,213
06/06/2020,AEG,NM,ASW,CE,Federal Contract Tower,0,1,4,0,5,0,0,28,1,29,0,1,32,1,34,26,0,26,60
06/07/2020,AEG,NM,ASW,CE,Federal Contract Tower,0,0,2,0,2,0,0,54,6,60,0,0,56,6,62,108,0,108,170
06/08/2020,AEG,NM,ASW,CE,Federal Contract Tower,0,0,0,0,0,0,8,16,7,31,0,8,16,7,31,52,0,52,83
06/09/2020,AEG,NM,ASW,CE,Federal Contract Tower,0,2,5,0,7,0,0,14,4,18,0,2,19,4,25,10,0,10,35
06/10/2020,AEG,NM,ASW,CE,Federal Contract Tower,0,0,6,0,6,0,1,85,3,89,0,1,91,3,95,140,0,140,235
06/11/2020,AEG,NM,ASW,CE,Federal Contract Tower,0,0,3,0,3,0,0,55,7,62,0,0,58,7,65,50,0,50,115
06/12/2020,AEG,NM,ASW,CE,Federal Contract Tower,0,1,3,0,4,0,0,53,1,54,0,1,56,1,58,78,0,78,136
06/13/2020,AEG,NM,ASW,CE,Federal Contract Tower,0,2,8,0,10,0,0,53,0,53,0,2,61,0,63,60,0,60,123
06/14/2020,AEG,NM,ASW,CE,Federal Contract Tower,0,1,0,0,1,0,0,49,1,50,0,1,49,1,51,54,0,54,105
06/15/2020,AEG,NM,ASW,CE,Federal Contract Tower,0,4,3,0,7,0,0,75,2,77,0,4,78,2,84,144,0,144,228
06/16/2020,AEG,NM,ASW,CE,Federal Contract Tower,0,3,4,0,7,0,1,65,0,66,0,4,69,0,73,130,0,130,203
06/17/2020,AEG,NM,ASW,CE,Federal Contract Tower,0,3,13,0,16,0,0,80,0,80,0,3,93,0,96,120,0,120,216
06/18/2020,AEG,NM,ASW,CE,Federal Contract Tower,0,1,3,0,4,0,6,61,2,69,0,7,64,2,73,86,4,90,163
06/19/2020,AEG,NM,ASW,CE,Federal Contract Tower,0,1,2,0,3,0,0,35,0,35,0,1,37,0,38,74,0,74,112
06/20/2020,AEG,NM,ASW,CE,Federal Contract Tower,0,0,2,0,2,0,0,81,0,81,0,0,83,0,83,106,0,106,189
06/21/2020,AEG,NM,ASW,CE,Federal Contract Tower,0,0,1,0,1,0,0,67,0,67,0,0,68,0,68,32,0,32,100
06/22/2020,AEG,NM,ASW,CE,Federal Contract Tower,0,1,3,0,4,0,0,61,2,63,0,1,64,2,67,82,0,82,149
06/23/2020,AEG,NM,ASW,CE,Federal Contract Tower,0,1,4,2,7,0,0,41,7,48,0,1,45,9,55,106,18,124,179
06/24/2020,AEG,NM,ASW,CE,Federal Contract Tower,0,0,11,0,11,0,0,68,4,72,0,0,79,4,83,142,0,142,225
06/25/2020,AEG,NM,ASW,CE,Federal Contract Tower,0,0,6,0,6,0,0,92,0,92,0,0,98,0,98,88,0,88,186
06/26/2020,AEG,NM,ASW,CE,Federal Contract Tower,0,1,3,0,4,0,0,82,0,82,0,1,85,0,86,148,0,148,234
06/27/2020,AEG,NM,ASW,CE,Federal Contract Tower,0,0,4,0,4,0,0,52,0,52,0,0,56,0,56,50,0,50,106
06/28/2020,AEG,NM,ASW,CE,Federal Contract Tower,0,1,5,0,6,0,0,32,0,32,0,1,37,0,38,70,0,70,108
06/29/2020,AEG,NM,ASW,CE,Federal Contract Tower,0,0,1,0,1,0,0,42,2,44,0,0,43,2,45,50,12,62,107
06/30/2020,AEG,NM,ASW,CE,Federal Contract Tower,0,1,9,0,10,0,0,45,2,47,0,1,54,2,57,14,4,18,75
07/01/2020,AEG,NM,ASW,CE,Federal Contract Tower,0,0,3,0,3,0,0,94,0,94,0,0,97,0,97,94,0,94,191
07/02/2020,AEG,NM,ASW,CE,Federal Contract Tower,0,2,4,0,6,0,0,84,2,86,0,2,88,2,92,102,0,102,194
07/03/2020,AEG,NM,ASW,CE,Federal Contract Tower,0,4,5,0,9,0,0,65,0,65,0,4,70,0,74,118,0,118,192
07/04/2020,AEG,NM,ASW,CE,Federal Contract Tower,0,0,6,0,6,0,0,33,2,35,0,0,39,2,41,48,0,48,89
07/06/2020,AEG,NM,ASW,CE,Federal Contract Tower,0,1,5,0,6,0,1,36,0,37,0,2,41,0,43,48,0,48,91
07/07/2020,AEG,NM,ASW,CE,Federal Contract Tower,0,1,5,0,6,0,0,87,5,92,0,1,92,5,98,100,0,100,198
07/08/2020,AEG,NM,ASW,CE,Federal Contract Tower,0,0,11,0,11,0,0,83,0,83,0,0,94,0,94,210,0,210,304
07/09/2020,AEG,NM,ASW,CE,Federal Contract Tower,0,3,3,0,6,0,0,88,0,88,0,3,91,0,94,78,0,78,172
07/10/2020,AEG,NM,ASW,CE,Federal Contract Tower,0,3,2,0,5,0,0,68,0,68,0,3,70,0,73,56,0,56,129
07/11/2020,AEG,NM,ASW,CE,Federal Contract Tower,0,1,7,0,8,0,0,69,0,69,0,1,76,0,77,54,0,54,131
07/12/2020,AEG,NM,ASW,CE,Federal Contract Tower,0,1,1,0,2,0,0,49,0,49,0,1,50,0,51,86,0,86,137
07/13/2020,AEG,NM,ASW,CE,Federal Contract Tower,0,1,4,0,5,0,0,41,0,41,0,1,45,0,46,46,0,46,92
07/14/2020,AEG,NM,ASW,CE,Federal Contract Tower,0,1,5,0,6,0,0,50,2,52,0,1,55,2,58,62,0,62,120
07/15/2020,AEG,NM,ASW,CE,Federal Contract Tower,0,2,3,0,5,0,1,57,0,58,0,3,60,0,63,122,0,122,185
07/16/2020,AEG,NM,ASW,CE,Federal Contract Tower,0,1,2,0,3,0,1,67,0,68,0,2,69,0,71,174,0,174,245
07/17/2020,AEG,NM,ASW,CE,Federal Contract Tower,0,0,7,0,7,0,4,75,0,79,0,4,82,0,86,120,0,120,206
07/18/2020,AEG,NM,ASW,CE,Federal Contract Tower,0,0,3,0,3,0,0,90,0,90,0,0,93,0,93,102,0,102,195
07/19/2020,AEG,NM,ASW,CE,Federal Contract Tower,0,1,5,0,6,0,0,62,0,62,0,1,67,0,68,44,0,44,112
07/20/2020,AEG,NM,ASW,CE,Federal Contract Tower,1,1,4,0,6,0,2,45,0,47,1,3,49,0,53,30,0,30,83
07/21/2020,AEG,NM,ASW,CE,Federal Contract Tower,0,2,8,0,10,0,1,84,2,87,0,3,92,2,97,166,8,174,271
07/22/2020,AEG,NM,ASW,CE,Federal Contract Tower,0,1,6,0,7,0,0,57,0,57,0,1,63,0,64,128,0,128,192
07/23/2020,AEG,NM,ASW,CE,Federal Contract Tower,0,1,6,1,8,0,1,65,4,70,0,2,71,5,78,80,26,106,184
07/24/2020,AEG,NM,ASW,CE,Federal Contract Tower,0,2,10,0,12,0,0,34,0,34,0,2,44,0,46,24,0,24,70
07/25/2020,AEG,NM,ASW,CE,Federal Contract Tower,0,2,12,0,14,0,0,55,0,55,0,2,67,0,69,86,0,86,155
07/26/2020,AEG,NM,ASW,CE,Federal Contract Tower,0,0,1,0,1,0,0,53,0,53,0,0,54,0,54,48,0,48,102
07/27/2020,AEG,NM,ASW,CE,Federal Contract Tower,0,0,0,2,2,0,0,34,5,39,0,0,34,7,41,38,4,42,83
07/28/2020,AEG,NM,ASW,CE,Federal Contract Tower,0,2,2,0,4,0,0,57,8,65,0,2,59,8,69,94,0,94,163
07/29/2020,AEG,NM,ASW,CE,Federal Contract Tower,0,0,8,0,8,0,0,63,1,64,0,0,71,1,72,140,24,164,236
07/30/2020,AEG,NM,ASW,CE,Federal Contract Tower,0,5,5,0,10,0,1,64,0,65,0,6,69,0,75,126,0,126,201
07/31/2020,AEG,NM,ASW,CE,Federal Contract Tower,0,0,4,0,4,0,0,57,5,62,0,0,61,5,66,92,0,92,158
08/01/2020,AEG,NM,ASW,CE,Federal Contract Tower,0,1,4,0,5,0,1,71,0,72,0,2,75,0,77,81,2,83,160
08/02/2020,AEG,NM,ASW,CE,Federal Contract Tower,0,0,4,0,4,0,0,55,5,60,0,0,59,5,64,66,0,66,130
08/03/2020,AEG,NM,ASW,CE,Federal Contract Tower,0,1,3,0,4,0,0,45,11,56,0,1,48,11,60,96,22,118,178
08/04/2020,AEG,NM,ASW,CE,Federal Contract Tower,0,4,8,3,15,0,2,61,15,78,0,6,69,18,93,130,14,144,237
08/05/2020,AEG,NM,ASW,CE,Federal Contract Tower,0,1,5,0,6,0,0,76,9,85,0,1,81,9,91,108,0,108,199
08/06/2020,AEG,NM,ASW,CE,Federal Contract Tower,0,1,2,0,3,0,0,88,9,97,0,1,90,9,100,130,12,142,242
08/07/2020,AEG,NM,ASW,CE,Federal Contract Tower,0,0,2,0,2,0,2,72,5,79,0,2,74,5,81,128,0,128,209
08/08/2020,AEG,NM,ASW,CE,Federal Contract Tower,0,0,1,0,1,0,1,74,0,75,0,1,75,0,76,74,0,74,150
08/09/2020,AEG,NM,ASW,CE,Federal Contract Tower,0,2,3,0,5,0,0,59,0,59,0,2,62,0,64,72,0,72,136
08/10/2020,AEG,NM,ASW,CE,Federal Contract Tower,0,1,7,0,8,0,0,41,1,42,0,1,48,1,50,78,28,106,156
08/11/2020,AEG,NM,ASW,CE,Federal Contract Tower,0,1,7,0,8,0,0,70,5,75,0,1,77,5,83,212,30,242,325
08/12/2020,AEG,NM,ASW,CE,Federal Contract Tower,0,0,5,0,5,0,0,111,4,115,0,0,116,4,120,226,4,230,350
08/13/2020,AEG,NM,ASW,CE,Federal Contract Tower,0,1,5,0,6,0,0,49,6,55,0,1,54,6,61,36,0,36,97
08/14/2020,AEG,NM,ASW,CE,Federal Contract Tower,0,1,4,0,5,0,0,73,7,80,0,1,77,7,85,90,0,90,175
08/15/2020,AEG,NM,ASW,CE,Federal Contract Tower,0,1,1,0,2,0,0,83,0,83,0,1,84,0,85,88,0,88,173
08/16/2020,AEG,NM,ASW,CE,Federal Contract Tower,0,0,1,0,1,0,0,56,4,60,0,0,57,4,61,34,0,34,95
08/17/2020,AEG,NM,ASW,CE,Federal Contract Tower,0,2,6,0,8,0,0,51,4,55,0,2,57,4,63,42,0,42,105
08/18/2020,AEG,NM,ASW,CE,Federal Contract Tower,0,0,2,2,4,0,0,57,0,57,0,0,59,2,61,118,0,118,179
08/19/2020,AEG,NM,ASW,CE,Federal Contract Tower,0,1,9,0,10,0,0,85,5,90,0,1,94,5,100,104,0,104,204
08/20/2020,AEG,NM,ASW,CE,Federal Contract Tower,0,2,3,0,5,0,2,64,0,66,0,4,67,0,71,76,0,76,147
08/21/2020,AEG,NM,ASW,CE,Federal Contract Tower,0,3,3,0,6,0,0,68,0,68,0,3,71,0,74,70,0,70,144
08/22/2020,AEG,NM,ASW,CE,Federal Contract Tower,0,0,1,0,1,0,0,65,0,65,0,0,66,0,66,28,0,28,94
08/23/2020,AEG,NM,ASW,CE,Federal Contract Tower,0,3,7,0,10,0,0,61,0,61,0,3,68,0,71,90,0,90,161
08/24/2020,AEG,NM,ASW,CE,Federal Contract Tower,0,1,1,0,2,0,0,42,0,42,0,1,43,0,44,66,0,66,110
08/25/2020,AEG,NM,ASW,CE,Federal Contract Tower,0,0,5,0,5,0,0,50,0,50,0,0,55,0,55,96,0,96,151
08/26/2020,AEG,NM,ASW,CE,Federal Contract Tower,0,1,7,0,8,0,0,46,1,47,0,1,53,1,55,34,2,36,91
08/27/2020,AEG,NM,ASW,CE,Federal Contract Tower,0,1,4,1,6,0,0,60,5,65,0,1,64,6,71,100,12,112,183
08/28/2020,AEG,NM,ASW,CE,Federal Contract Tower,0,0,2,0,2,0,1,61,2,64,0,1,63,2,66,84,0,84,150
08/29/2020,AEG,NM,ASW,CE,Federal Contract Tower,0,2,4,0,6,0,0,67,0,67,0,2,71,0,73,26,0,26,99
08/30/2020,AEG,NM,ASW,CE,Federal Contract Tower,0,2,5,0,7,0,1,69,0,70,0,3,74,0,77,94,0,94,171
08/31/2020,AEG,NM,ASW,CE,Federal Contract Tower,0,2,5,0,7,0,0,41,2,43,0,2,46,2,50,80,14,94,144
09/01/2020,AEG,NM,ASW,CE,Federal Contract Tower,0,1,2,0,3,0,0,34,0,34,0,1,36,0,37,46,0,46,83
09/02/2020,AEG,NM,ASW,CE,Federal Contract Tower,0,0,8,0,8,0,0,72,11,83,0,0,80,11,91,72,8,80,171
09/03/2020,AEG,NM,ASW,CE,Federal Contract Tower,0,0,11,2,13,0,1,94,8,103,0,1,105,10,116,78,2,80,196
09/04/2020,AEG,NM,ASW,CE,Federal Contract Tower,0,1,5,2,8,0,0,74,11,85,0,1,79,13,93,60,0,60,153
09/05/2020,AEG,NM,ASW,CE,Federal Contract Tower,0,1,5,0,6,0,0,81,5,86,0,1,86,5,92,72,44,116,208
09/06/2020,AEG,NM,ASW,CE,Federal Contract Tower,0,0,4,0,4,0,0,60,2,62,0,0,64,2,66,62,0,62,128
09/07/2020,AEG,NM,ASW,CE,Federal Contract Tower,0,1,5,0,6,0,0,69,0,69,0,1,74,0,75,98,0,98,173
09/08/2020,AEG,NM,ASW,CE,Federal Contract Tower,0,1,0,0,1,0,0,18,0,18,0,1,18,0,19,50,0,50,69
09/09/2020,AEG,NM,ASW,CE,Federal Contract Tower,0,0,3,0,3,0,0,1,0,1,0,0,4,0,4,0,0,0,4
09/10/2020,AEG,NM,ASW,CE,Federal Contract Tower,0,2,7,0,9,0,0,14,0,14,0,2,21,0,23,4,0,4,27
09/11/2020,AEG,NM,ASW,CE,Federal Contract Tower,0,0,5,0,5,0,0,92,2,94,0,0,97,2,99,160,0,160,259
09/12/2020,AEG,NM,ASW,CE,Federal Contract Tower,0,0,8,0,8,0,0,121,4,125,0,0,129,4,133,138,0,138,271
09/13/2020,AEG,NM,ASW,CE,Federal Contract Tower,0,0,7,0,7,0,0,61,3,64,0,0,68,3,71,52,0,52,123
09/14/2020,AEG,NM,ASW,CE,Federal Contract Tower,0,1,2,0,3,0,2,70,0,72,0,3,72,0,75,190,0,190,265
09/15/2020,AEG,NM,ASW,CE,Federal Contract Tower,0,0,0,2,2,0,2,87,0,89,0,2,87,2,91,208,0,208,299
09/16/2020,AEG,NM,ASW,CE,Federal Contract Tower,0,0,4,0,4,0,0,68,4,72,0,0,72,4,76,266,2,268,344
09/17/2020,AEG,NM,ASW,CE,Federal Contract Tower,0,0,7,0,7,0,0,84,6,90,0,0,91,6,97,98,0,98,195
09/18/2020,AEG,NM,ASW,CE,Federal Contract Tower,0,1,3,0,4,0,0,79,5,84,0,1,82,5,88,98,0,98,186
09/19/2020,AEG,NM,ASW,CE,Federal Contract Tower,0,2,7,0,9,0,0,70,2,72,0,2,77,2,81,66,0,66,147
09/20/2020,AEG,NM,ASW,CE,Federal Contract Tower,0,2,5,0,7,0,0,82,4,86,0,2,87,4,93,92,0,92,185
09/21/2020,AEG,NM,ASW,CE,Federal Contract Tower,0,1,2,0,3,0,0,44,5,49,0,1,46,5,52,154,44,198,250
09/22/2020,AEG,NM,ASW,CE,Federal Contract Tower,0,1,1,0,2,0,0,57,1,58,0,1,58,1,60,98,0,98,158
09/23/2020,AEG,NM,ASW,CE,Federal Contract Tower,0,0,8,0,8,0,0,70,2,72,0,0,78,2,80,92,16,108,188
09/24/2020,AEG,NM,ASW,CE,Federal Contract Tower,0,1,16,0,17,0,0,86,5,91,0,1,102,5,108,166,6,172,280
09/25/2020,AEG,NM,ASW,CE,Federal Contract Tower,0,0,6,0,6,0,0,82,3,85,0,0,88,3,91,152,0,152,243
09/26/2020,AEG,NM,ASW,CE,Federal Contract Tower,0,2,12,0,14,0,0,80,3,83,0,2,92,3,97,104,0,104,201
09/27/2020,AEG,NM,ASW,CE,Federal Contract Tower,0,0,4,0,4,0,0,46,3,49,0,0,50,3,53,58,0,58,111
09/28/2020,AEG,NM,ASW,CE,Federal Contract Tower,0,1,9,0,10,0,0,28,17,45,0,1,37,17,55,14,0,14,69
09/29/2020,AEG,NM,ASW,CE,Federal Contract Tower,0,1,13,0,14,0,0,99,2,101,0,1,112,2,115,224,24,248,363
09/30/2020,AEG,NM,ASW,CE,Federal Contract Tower,0,1,1,0,2,0,0,86,0,86,0,1,87,0,88,234,0,234,322
10/01/2020,AEG,NM,ASW,CE,Federal Contract Tower,0,0,2,0,2,0,0,69,3,72,0,0,71,3,74,110,10,120,194
10/02/2020,AEG,NM,ASW,CE,Federal Contract Tower,0,0,7,0,7,0,0,91,1,92,0,0,98,1,99,168,0,168,267
10/03/2020,AEG,NM,ASW,CE,Federal Contract Tower,0,0,6,0,6,0,0,76,0,76,0,0,82,0,82,46,0,46,128
10/04/2020,AEG,NM,ASW,CE,Federal Contract Tower,0,2,3,0,5,0,0,79,0,79,0,2,82,0,84,97,0,97,181
10/05/2020,AEG,NM,ASW,CE,Federal Contract Tower,0,1,6,0,7,0,0,60,3,63,0,1,66,3,70,150,0,150,220
10/06/2020,AEG,NM,ASW,CE,Federal Contract Tower,0,0,0,1,1,0,0,76,0,76,0,0,76,1,77,136,0,136,213
10/07/2020,AEG,NM,ASW,CE,Federal Contract Tower,0,3,2,4,9,0,0,89,2,91,0,3,91,6,100,202,0,202,302
10/08/2020,AEG,NM,ASW,CE,Federal Contract Tower,0,0,18,0,18,0,0,112,0,112,0,0,130,0,130,226,0,226,356
10/09/2020,AEG,NM,ASW,CE,Federal Contract Tower,0,1,4,0,5,0,0,101,0,101,0,1,105,0,106,282,0,282,388
10/10/2020,AEG,NM,ASW,CE,Federal Contract Tower,0,0,9,0,9,0,0,101,0,101,0,0,110,0,110,106,0,106,216
10/11/2020,AEG,NM,ASW,CE,Federal Contract Tower,0,0,4,0,4,0,0,40,0,40,0,0,44,0,44,78,0,78,122
10/12/2020,AEG,NM,ASW,CE,Federal Contract Tower,0,2,7,0,9,0,0,78,0,78,0,2,85,0,87,142,0,142,229
10/13/2020,AEG,NM,ASW,CE,Federal Contract Tower,0,0,4,0,4,0,0,71,0,71,0,0,75,0,75,162,0,162,237
10/14/2020,AEG,NM,ASW,CE,Federal Contract Tower,0,0,4,0,4,0,0,62,0,62,0,0,66,0,66,172,0,172,238
10/15/2020,AEG,NM,ASW,CE,Federal Contract Tower,0,1,7,0,8,0,0,64,5,69,0,1,71,5,77,112,34,146,223
10/16/2020,AEG,NM,ASW,CE,Federal Contract Tower,0,0,2,0,2,0,2,70,2,74,0,2,72,2,76,194,58,252,328
10/17/2020,AEG,NM,ASW,CE,Federal Contract Tower,0,0,2,0,2,0,0,68,0,68,0,0,70,0,70,94,0,94,164
10/18/2020,AEG,NM,ASW,CE,Federal Contract Tower,0,0,5,0,5,0,0,76,0,76,0,0,81,0,81,62,0,62,143
10/19/2020,AEG,NM,ASW,CE,Federal Contract Tower,0,0,6,0,6,0,0,68,0,68,0,0,74,0,74,110,0,110,184
10/20/2020,AEG,NM,ASW,CE,Federal Contract Tower,0,0,2,0,2,0,0,75,0,75,0,0,77,0,77,252,0,252,329
10/21/2020,AEG,NM,ASW,CE,Federal Contract Tower,0,1,10,3,14,0,1,91,3,95,0,2,101,6,109,166,2,168,277
10/22/2020,AEG,NM,ASW,CE,Federal Contract Tower,0,0,8,0,8,0,0,44,0,44,0,0,52,0,52,58,0,58,110
10/23/2020,AEG,NM,ASW,CE,Federal Contract Tower,0,2,2,0,4,0,1,79,0,80,0,3,81,0,84,108,0,108,192
10/24/2020,AEG,NM,ASW,CE,Federal Contract Tower,0,1,1,2,4,0,0,69,4,73,0,1,70,6,77,54,2,56,133
10/25/2020,AEG,NM,ASW,CE,Federal Contract Tower,0,0,6,0,6,0,5,37,0,42,0,5,43,0,48,116,0,116,164
10/26/2020,AEG,NM,ASW,CE,Federal Contract Tower,0,0,2,0,2,0,0,0,0,0,0,0,2,0,2,0,0,0,2
10/27/2020,AEG,NM,ASW,CE,Federal Contract Tower,0,0,0,0,0,0,0,3,0,3,0,0,3,0,3,0,0,0,3
10/28/2020,AEG,NM,ASW,CE,Federal Contract Tower,0,4,5,0,9,0,0,27,0,27,0,4,32,0,36,64,0,64,100
10/29/2020,AEG,NM,ASW,CE,Federal Contract Tower,0,1,19,0,20,0,0,82,2,84,0,1,101,2,104,132,34,166,270
10/30/2020,AEG,NM,ASW,CE,Federal Contract Tower,0,0,13,0,13,0,0,143,0,143,0,0,156,0,156,264,0,264,420
10/31/2020,AEG,NM,ASW,CE,Federal Contract Tower,0,1,10,0,11,0,0,111,0,111,0,1,121,0,122,69,0,69,191
11/01/2020,AEG,NM,ASW,CE,Federal Contract Tower,0,2,11,0,13,0,0,93,0,93,0,2,104,0,106,124,0,124,230
11/02/2020,AEG,NM,ASW,CE,Federal Contract Tower,0,0,6,0,6,0,0,62,3,65,0,0,68,3,71,162,28,190,261
11/03/2020,AEG,NM,ASW,CE,Federal Contract Tower,0,0,4,0,4,0,0,73,0,73,0,0,77,0,77,96,0,96,173
11/04/2020,AEG,NM,ASW,CE,Federal Contract Tower,0,1,8,0,9,0,0,94,2,96,0,1,102,2,105,82,10,92,197
11/05/2020,AEG,NM,ASW,CE,Federal Contract Tower,0,4,9,0,13,0,0,106,1,107,0,4,115,1,120,184,0,184,304
11/06/2020,AEG,NM,ASW,CE,Federal Contract Tower,0,0,8,0,8,0,0,71,1,72,0,0,79,1,80,154,0,154,234
11/07/2020,AEG,NM,ASW,CE,Federal Contract Tower,0,2,4,0,6,0,0,41,0,41,0,2,45,0,47,60,0,60,107
11/08/2020,AEG,NM,ASW,CE,Federal Contract Tower,0,0,3,0,3,0,2,47,0,49,0,2,50,0,52,14,0,14,66
11/09/2020,AEG,NM,ASW,CE,Federal Contract Tower,0,0,6,0,6,0,0,2,6,8,0,0,8,6,14,0,22,22,36
11/10/2020,AEG,NM,ASW,CE,Federal Contract Tower,0,0,8,0,8,0,0,91,5,96,0,0,99,5,104,126,8,134,238
11/11/2020,AEG,NM,ASW,CE,Federal Contract Tower,0,0,0,0,0,0,0,101,16,117,0,0,101,16,117,116,0,116,233
11/12/2020,AEG,NM,ASW,CE,Federal Contract Tower,0,1,16,0,17,0,0,95,16,111,0,1,111,16,128,188,0,188,316
11/13/2020,AEG,NM,ASW,CE,Federal Contract Tower,0,2,4,6,12,0,0,109,12,121,0,2,113,18,133,134,0,134,267
11/14/2020,AEG,NM,ASW,CE,Federal Contract Tower,0,1,3,0,4,0,0,19,2,21,0,1,22,2,25,24,0,24,49
11/15/2020,AEG,NM,ASW,CE,Federal Contract Tower,0,1,2,0,3,0,0,90,12,102,0,1,92,12,105,124,4,128,233
11/16/2020,AEG,NM,ASW,CE,Federal Contract Tower,0,2,3,0,5,0,0,71,5,76,0,2,74,5,81,134,0,134,215
11/17/2020,AEG,NM,ASW,CE,Federal Contract Tower,0,0,6,1,7,0,0,70,13,83,0,0,76,14,90,216,78,294,384
11/18/2020,AEG,NM,ASW,CE,Federal Contract Tower,0,0,6,0,6,0,0,73,6,79,0,0,79,6,85,48,20,68,153
11/19/2020,AEG,NM,ASW,CE,Federal Contract Tower,0,1,14,2,17,0,2,32,3,37,0,3,46,5,54,50,0,50,104
11/20/2020,AEG,NM,ASW,CE,Federal Contract Tower,0,4,5,0,9,0,0,78,3,81,0,4,83,3,90,68,46,114,204
11/21/2020,AEG,NM,ASW,CE,Federal Contract Tower,0,1,11,0,12,0,0,77,0,77,0,1,88,0,89,74,0,74,163
11/22/2020,AEG,NM,ASW,CE,Federal Contract Tower,0,0,7,0,7,0,0,20,4,24,0,0,27,4,31,20,0,20,51
11/23/2020,AEG,NM,ASW,CE,Federal Contract Tower,0,3,10,0,13,0,1,6,2,9,0,4,16,2,22,34,70,104,126
11/24/2020,AEG,NM,ASW,CE,Federal Contract Tower,0,1,11,1,13,0,0,21,1,22,0,1,32,2,35,6,24,30,65
11/25/2020,AEG,NM,ASW,CE,Federal Contract Tower,0,1,8,0,9,0,0,107,0,107,0,1,115,0,116,152,0,152,268
11/26/2020,AEG,NM,ASW,CE,Federal Contract Tower,0,0,2,0,2,0,0,22,0,22,0,0,24,0,24,26,0,26,50
11/27/2020,AEG,NM,ASW,CE,Federal Contract Tower,0,1,1,0,2,0,0,4,0,4,0,1,5,0,6,8,0,8,14
11/28/2020,AEG,NM,ASW,CE,Federal Contract Tower,0,0,3,0,3,0,0,52,0,52,0,0,55,0,55,44,0,44,99
11/29/2020,AEG,NM,ASW,CE,Federal Contract Tower,0,0,4,0,4,0,0,86,0,86,0,0,90,0,90,32,0,32,122
11/30/2020,AEG,NM,ASW,CE,Federal Contract Tower,0,0,4,0,4,0,0,62,0,62,0,0,66,0,66,56,0,56,122
12/01/2020,AEG,NM,ASW,CE,Federal Contract Tower,0,2,3,0,5,0,0,57,2,59,0,2,60,2,64,104,0,104,168
12/02/2020,AEG,NM,ASW,CE,Federal Contract Tower,0,2,2,0,4,0,1,25,2,28,0,3,27,2,32,2,0,2,34
12/03/2020,AEG,NM,ASW,CE,Federal Contract Tower,0,0,6,0,6,0,0,67,0,67,0,0,73,0,73,124,0,124,197
12/04/2020,AEG,NM,ASW,CE,Federal Contract Tower,0,2,4,0,6,0,0,62,0,62,0,2,66,0,68,90,0,90,158
12/05/2020,AEG,NM,ASW,CE,Federal Contract Tower,0,1,4,0,5,0,0,88,0,88,0,1,92,0,93,80,0,80,173
12/06/2020,AEG,NM,ASW,CE,Federal Contract Tower,0,3,3,0,6,0,0,72,0,72,0,3,75,0,78,90,0,90,168
12/07/2020,AEG,NM,ASW,CE,Federal Contract Tower,0,0,3,2,5,0,0,48,0,48,0,0,51,2,53,94,2,96,149
12/08/2020,AEG,NM,ASW,CE,Federal Contract Tower,0,1,5,2,8,0,0,78,0,78,0,1,83,2,86,254,4,258,344
12/09/2020,AEG,NM,ASW,CE,Federal Contract Tower,0,0,5,0,5,0,0,61,0,61,0,0,66,0,66,126,0,126,192
12/10/2020,AEG,NM,ASW,CE,Federal Contract Tower,0,0,2,1,3,0,0,3,0,3,0,0,5,1,6,10,2,12,18
12/11/2020,AEG,NM,ASW,CE,Federal Contract Tower,0,4,2,0,6,0,0,26,1,27,0,4,28,1,33,40,0,40,73
12/12/2020,AEG,NM,ASW,CE,Federal Contract Tower,0,0,6,0,6,0,0,44,1,45,0,0,50,1,51,45,0,45,96
12/13/2020,AEG,NM,ASW,CE,Federal Contract Tower,0,0,2,3,5,0,0,60,0,60,0,0,62,3,65,46,0,46,111
12/14/2020,AEG,NM,ASW,CE,Federal Contract Tower,0,2,6,0,8,0,2,47,0,49,0,4,53,0,57,40,0,40,97
12/15/2020,AEG,NM,ASW,CE,Federal Contract Tower,0,5,8,3,16,0,0,29,1,30,0,5,37,4,46,34,56,90,136
12/16/2020,AEG,NM,ASW,CE,Federal Contract Tower,0,1,3,2,6,0,1,46,1,48,0,2,49,3,54,68,0,68,122
12/17/2020,AEG,NM,ASW,CE,Federal Contract Tower,0,1,6,0,7,0,0,66,4,70,0,1,72,4,77,180,0,180,257
12/18/2020,AEG,NM,ASW,CE,Federal Contract Tower,0,1,7,0,8,0,0,55,0,55,0,1,62,0,63,96,0,96,159
12/19/2020,AEG,NM,ASW,CE,Federal Contract Tower,0,3,9,0,12,0,0,94,0,94,0,3,103,0,106,114,0,114,220
12/20/2020,AEG,NM,ASW,CE,Federal Contract Tower,0,2,2,0,4,0,0,49,0,49,0,2,51,0,53,46,0,46,99
12/21/2020,AEG,NM,ASW,CE,Federal Contract Tower,0,0,6,1,7,0,0,67,1,68,0,0,73,2,75,88,0,88,163
12/22/2020,AEG,NM,ASW,CE,Federal Contract Tower,0,1,6,0,7,0,0,55,1,56,0,1,61,1,63,122,0,122,185
12/23/2020,AEG,NM,ASW,CE,Federal Contract Tower,0,2,1,0,3,0,1,11,0,12,0,3,12,0,15,0,0,0,15
12/24/2020,AEG,NM,ASW,CE,Federal Contract Tower,0,1,1,0,2,0,0,24,0,24,0,1,25,0,26,12,0,12,38
12/25/2020,AEG,NM,ASW,CE,Federal Contract Tower,0,0,2,0,2,0,0,12,0,12,0,0,14,0,14,4,0,4,18
12/26/2020,AEG,NM,ASW,CE,Federal Contract Tower,0,0,8,0,8,0,0,48,0,48,0,0,56,0,56,42,0,42,98
12/27/2020,AEG,NM,ASW,CE,Federal Contract Tower,0,0,7,0,7,0,0,77,0,77,0,0,84,0,84,96,0,96,180
12/28/2020,AEG,NM,ASW,CE,Federal Contract Tower,0,0,10,0,10,0,0,36,0,36,0,0,46,0,46,128,0,128,174
12/29/2020,AEG,NM,ASW,CE,Federal Contract Tower,0,0,15,0,15,0,0,28,0,28,0,0,43,0,43,38,0,38,81
12/30/2020,AEG,NM,ASW,CE,Federal Contract Tower,0,0,8,1,9,0,0,74,0,74,0,0,82,1,83,68,0,68,151
12/31/2020,AEG,NM,ASW,CE,Federal Contract Tower,0,1,4,0,5,0,0,61,0,61,0,1,65,0,66,72,0,72,138
01/01/2021,AEG,NM,ASW,CE,Federal Contract Tower,0,0,3,0,3,0,0,27,0,27,0,0,30,0,30,28,0,28,58
01/02/2021,AEG,NM,ASW,CE,Federal Contract Tower,0,0,6,0,6,0,0,35,0,35,0,0,41,0,41,18,0,18,59
01/03/2021,AEG,NM,ASW,CE,Federal Contract Tower,0,1,5,0,6,0,0,61,0,61,0,1,66,0,67,44,0,44,111
01/04/2021,AEG,NM,ASW,CE,Federal Contract Tower,0,0,2,0,2,0,0,52,0,52,0,0,54,0,54,152,0,152,206
01/05/2021,AEG,NM,ASW,CE,Federal Contract Tower,0,0,2,0,2,0,0,36,0,36,0,0,38,0,38,26,0,26,64
01/06/2021,AEG,NM,ASW,CE,Federal Contract Tower,0,0,5,0,5,0,0,50,0,50,0,0,55,0,55,24,0,24,79
01/07/2021,AEG,NM,ASW,CE,Federal Contract Tower,0,1,10,0,11,0,0,49,0,49,0,1,59,0,60,62,0,62,122
01/08/2021,AEG,NM,ASW,CE,Federal Contract Tower,0,2,8,0,10,0,0,73,0,73,0,2,81,0,83,174,0,174,257
01/09/2021,AEG,NM,ASW,CE,Federal Contract Tower,0,2,7,0,9,0,2,33,0,35,0,4,40,0,44,4,0,4,48
01/10/2021,AEG,NM,ASW,CE,Federal Contract Tower,0,1,4,0,5,0,0,29,0,29,0,1,33,0,34,74,0,74,108
01/11/2021,AEG,NM,ASW,CE,Federal Contract Tower,0,2,3,0,5,0,0,34,6,40,0,2,37,6,45,4,48,52,97
01/12/2021,AEG,NM,ASW,CE,Federal Contract Tower,0,1,10,0,11,0,4,51,3,58,0,5,61,3,69,94,40,134,203
01/13/2021,AEG,NM,ASW,CE,Federal Contract Tower,0,0,5,0,5,0,0,57,0,57,0,0,62,0,62,72,0,72,134
01/14/2021,AEG,NM,ASW,CE,Federal Contract Tower,0,1,3,0,4,0,0,15,0,15,0,1,18,0,19,8,0,8,27
01/15/2021,AEG,NM,ASW,CE,Federal Contract Tower,0,4,2,0,6,0,0,25,2,27,0,4,27,2,33,42,38,80,113
01/16/2021,AEG,NM,ASW,CE,Federal Contract Tower,0,1,2,0,3,0,0,62,0,62,0,1,64,0,65,42,0,42,107
01/17/2021,AEG,NM,ASW,CE,Federal Contract Tower,0,3,2,0,5,0,0,85,0,85,0,3,87,0,90,196,0,196,286
01/19/2021,AEG,NM,ASW,CE,Federal Contract Tower,0,0,0,0,0,0,0,2,4,6,0,0,2,4,6,0,40,40,46
01/20/2021,AEG,NM,ASW,CE,Federal Contract Tower,0,0,7,0,7,0,0,17,0,17,0,0,24,0,24,32,0,32,56
01/21/2021,AEG,NM,ASW,CE,Federal Contract Tower,0,0,8,0,8,0,1,47,2,50,0,1,55,2,58,118,0,118,176
01/22/2021,AEG,NM,ASW,CE,Federal Contract Tower,0,0,3,0,3,0,0,61,2,63,0,0,64,2,66,228,6,234,300
01/23/2021,AEG,NM,ASW,CE,Federal Contract Tower,0,0,5,0,5,0,0,71,2,73,0,0,76,2,78,88,0,88,166
01/24/2021,AEG,NM,ASW,CE,Federal Contract Tower,0,0,2,0,2,0,0,13,0,13,0,0,15,0,15,38,0,38,53
01/25/2021,AEG,NM,ASW,CE,Federal Contract Tower,0,0,3,0,3,0,0,21,5,26,0,0,24,5,29,14,20,34,63
01/26/2021,AEG,NM,ASW,CE,Federal Contract Tower,0,0,0,0,0,0,0,1,3,4,0,0,1,3,4,0,0,0,4
01/27/2021,AEG,NM,ASW,CE,Federal Contract Tower,0,1,6,0,7,0,2,75,0,77,0,3,81,0,84,106,0,106,190
01/28/2021,AEG,NM,ASW,CE,Federal Contract Tower,0,4,5,1,10,0,0,48,1,49,0,4,53,2,59,102,0,102,161
01/29/2021,AEG,NM,ASW,CE,Federal Contract Tower,0,2,5,0,7,0,0,43,0,43,0,2,48,0,50,122,0,122,172
01/30/2021,AEG,NM,ASW,CE,Federal Contract Tower,0,0,1,0,1,0,2,17,0,19,0,2,18,0,20,36,0,36,56
01/31/2021,AEG,NM,ASW,CE,Federal Contract Tower,0,1,7,0,8,0,0,106,0,106,0,1,113,0,114,174,0,174,288
02/01/2021,AEG,NM,ASW,CE,Federal Contract Tower,0,1,3,0,4,0,0,73,0,73,0,1,76,0,77,174,0,174,251
02/02/2021,AEG,NM,ASW,CE,Federal Contract Tower,0,5,1,0,6,0,0,76,0,76,0,5,77,0,82,200,0,200,282
02/03/2021,AEG,NM,ASW,CE,Federal Contract Tower,0,1,5,0,6,0,0,26,0,26,0,1,31,0,32,138,0,138,170
02/04/2021,AEG,NM,ASW,CE,Federal Contract Tower,0,4,1,0,5,0,0,27,2,29,0,4,28,2,34,18,32,50,84
02/05/2021,AEG,NM,ASW,CE,Federal Contract Tower,0,0,5,0,5,0,0,80,2,82,0,0,85,2,87,176,34,210,297
02/06/2021,AEG,NM,ASW,CE,Federal Contract Tower,0,0,2,0,2,0,0,54,0,54,0,0,56,0,56,56,0,56,112
02/07/2021,AEG,NM,ASW,CE,Federal Contract Tower,0,3,2,0,5,0,0,56,0,56,0,3,58,0,61,150,0,150,211
02/08/2021,AEG,NM,ASW,CE,Federal Contract Tower,0,2,4,1,7,0,0,40,5,45,0,2,44,6,52,112,80,192,244
02/09/2021,AEG,NM,ASW,CE,Federal Contract Tower,0,0,7,0,7,0,0,52,3,55,0,0,59,3,62,104,0,104,166
02/10/2021,AEG,NM,ASW,CE,Federal Contract Tower,0,2,11,0,13,0,1,55,4,60,0,3,66,4,73,66,14,80,153
02/11/2021,AEG,NM,ASW,CE,Federal Contract Tower,0,0,14,0,14,0,0,71,0,71,0,0,85,0,85,88,0,88,173
02/12/2021,AEG,NM,ASW,CE,Federal Contract Tower,0,2,7,0,9,0,0,43,0,43,0,2,50,0,52,100,0,100,152
02/13/2021,AEG,NM,ASW,CE,Federal Contract Tower,0,0,3,0,3,0,0,50,0,50,0,0,53,0,53,84,0,84,137
02/14/2021,AEG,NM,ASW,CE,Federal Contract Tower,0,0,0,0,0,0,0,0,0,0,0,0,0,0,0,0,0,0,0
02/15/2021,AEG,NM,ASW,CE,Federal Contract Tower,0,0,0,0,0,0,0,12,0,12,0,0,12,0,12,20,0,20,32
02/16/2021,AEG,NM,ASW,CE,Federal Contract Tower,0,0,2,0,2,0,0,2,0,2,0,0,4,0,4,0,0,0,4
02/17/2021,AEG,NM,ASW,CE,Federal Contract Tower,0,0,0,0,0,0,0,18,0,18,0,0,18,0,18,70,0,70,88
02/18/2021,AEG,NM,ASW,CE,Federal Contract Tower,0,0,1,0,1,0,0,25,0,25,0,0,26,0,26,50,0,50,76
02/19/2021,AEG,NM,ASW,CE,Federal Contract Tower,0,2,15,0,17,0,0,71,0,71,0,2,86,0,88,104,0,104,192
02/20/2021,AEG,NM,ASW,CE,Federal Contract Tower,0,0,4,0,4,0,0,69,0,69,0,0,73,0,73,58,0,58,131
02/21/2021,AEG,NM,ASW,CE,Federal Contract Tower,0,0,5,0,5,0,0,14,0,14,0,0,19,0,19,4,0,4,23
02/22/2021,AEG,NM,ASW,CE,Federal Contract Tower,0,3,2,0,5,0,2,41,2,45,0,5,43,2,50,76,0,76,126
02/23/2021,AEG,NM,ASW,CE,Federal Contract Tower,0,0,10,0,10,0,0,86,0,86,0,0,96,0,96,160,0,160,256
02/24/2021,AEG,NM,ASW,CE,Federal Contract Tower,0,5,12,0,17,0,0,78,0,78,0,5,90,0,95,212,14,226,321
02/25/2021,AEG,NM,ASW,CE,Federal Contract Tower,0,1,10,0,11,0,0,28,0,28,0,1,38,0,39,56,0,56,95
02/26/2021,AEG,NM,ASW,CE,Federal Contract Tower,0,0,9,0,9,0,0,70,0,70,0,0,79,0,79,68,0,68,147
02/27/2021,AEG,NM,ASW,CE,Federal Contract Tower,0,0,9,0,9,0,3,31,0,34,0,3,40,0,43,32,0,32,75
02/28/2021,AEG,NM,ASW,CE,Federal Contract Tower,0,2,8,0,10,0,0,58,0,58,0,2,66,0,68,56,0,56,124
03/01/2021,AEG,NM,ASW,CE,Federal Contract Tower,0,3,8,2,13,0,0,59,2,61,0,3,67,4,74,88,0,88,162
03/02/2021,AEG,NM,ASW,CE,Federal Contract Tower,0,3,6,0,9,0,0,60,0,60,0,3,66,0,69,110,0,110,179
03/03/2021,AEG,NM,ASW,CE,Federal Contract Tower,0,2,5,0,7,0,6,75,0,81,0,8,80,0,88,158,0,158,246
03/04/2021,AEG,NM,ASW,CE,Federal Contract Tower,0,0,2,0,2,0,0,11,0,11,0,0,13,0,13,8,0,8,21
03/05/2021,AEG,NM,ASW,CE,Federal Contract Tower,0,7,8,0,15,0,0,68,0,68,0,7,76,0,83,164,0,164,247
03/06/2021,AEG,NM,ASW,CE,Federal Contract Tower,0,0,7,0,7,0,0,92,0,92,0,0,99,0,99,78,0,78,177
03/07/2021,AEG,NM,ASW,CE,Federal Contract Tower,0,0,6,0,6,0,0,70,4,74,0,0,76,4,80,104,0,104,184
03/08/2021,AEG,NM,ASW,CE,Federal Contract Tower,0,0,1,0,1,0,0,48,0,48,0,0,49,0,49,80,0,80,129
03/09/2021,AEG,NM,ASW,CE,Federal Contract Tower,1,1,10,0,12,2,0,44,2,48,3,1,54,2,60,32,0,32,92
03/10/2021,AEG,NM,ASW,CE,Federal Contract Tower,0,2,5,0,7,0,0,12,0,12,0,2,17,0,19,26,0,26,45
03/11/2021,AEG,NM,ASW,CE,Federal Contract Tower,0,1,8,0,9,0,0,56,7,63,0,1,64,7,72,52,16,68,140
03/12/2021,AEG,NM,ASW,CE,Federal Contract Tower,0,2,8,0,10,0,0,13,13,26,0,2,21,13,36,72,36,108,144
03/13/2021,AEG,NM,ASW,CE,Federal Contract Tower,0,0,1,0,1,0,0,15,4,19,0,0,16,4,20,34,0,34,54
03/14/2021,AEG,NM,ASW,CE,Federal Contract Tower,0,0,2,0,2,0,0,3,2,5,0,0,5,2,7,0,6,6,13
03/15/2021,AEG,NM,ASW,CE,Federal Contract Tower,0,2,4,0,6,0,0,69,3,72,0,2,73,3,78,154,2,156,234
03/16/2021,AEG,NM,ASW,CE,Federal Contract Tower,0,0,3,0,3,0,0,21,0,21,0,0,24,0,24,124,0,124,148
03/17/2021,AEG,NM,ASW,CE,Federal Contract Tower,0,1,0,3,4,0,0,32,3,35,0,1,32,6,39,88,16,104,143
03/18/2021,AEG,NM,ASW,CE,Federal Contract Tower,0,0,5,0,5,0,0,75,0,75,0,0,80,0,80,66,0,66,146
03/19/2021,AEG,NM,ASW,CE,Federal Contract Tower,0,0,9,0,9,0,0,87,3,90,0,0,96,3,99,106,0,106,205
03/20/2021,AEG,NM,ASW,CE,Federal Contract Tower,0,0,10,0,10,0,4,86,0,90,0,4,96,0,100,102,0,102,202
03/21/2021,AEG,NM,ASW,CE,Federal Contract Tower,0,1,9,0,10,0,0,48,0,48,0,1,57,0,58,42,0,42,100
03/22/2021,AEG,NM,ASW,CE,Federal Contract Tower,0,2,4,0,6,0,4,27,7,38,0,6,31,7,44,60,55,115,159
03/23/2021,AEG,NM,ASW,CE,Federal Contract Tower,0,0,2,0,2,0,0,71,4,75,0,0,73,4,77,144,8,152,229
03/24/2021,AEG,NM,ASW,CE,Federal Contract Tower,0,0,3,0,3,0,0,4,0,4,0,0,7,0,7,0,0,0,7
03/25/2021,AEG,NM,ASW,CE,Federal Contract Tower,0,0,5,4,9,0,0,64,5,69,0,0,69,9,78,60,0,60,138
03/26/2021,AEG,NM,ASW,CE,Federal Contract Tower,0,0,6,0,6,0,1,78,3,82,0,1,84,3,88,126,0,126,214
03/27/2021,AEG,NM,ASW,CE,Federal Contract Tower,0,1,1,0,2,0,0,68,4,72,0,1,69,4,74,102,0,102,176
03/28/2021,AEG,NM,ASW,CE,Federal Contract Tower,0,2,9,0,11,0,0,85,0,85,0,2,94,0,96,82,0,82,178
03/29/2021,AEG,NM,ASW,CE,Federal Contract Tower,0,0,26,0,26,0,0,51,5,56,0,0,77,5,82,68,10,78,160
03/30/2021,AEG,NM,ASW,CE,Federal Contract Tower,0,0,1,0,1,0,0,20,6,26,0,0,21,6,27,26,92,118,145
03/31/2021,AEG,NM,ASW,CE,Federal Contract Tower,0,1,2,0,3,0,0,81,5,86,0,1,83,5,89,152,0,152,241
04/01/2021,AEG,NM,ASW,CE,Federal Contract Tower,0,8,0,0,8,0,0,61,0,61,0,8,61,0,69,66,0,66,135
04/02/2021,AEG,NM,ASW,CE,Federal Contract Tower,0,0,0,0,0,0,0,61,2,63,0,0,61,2,63,56,0,56,119
04/03/2021,AEG,NM,ASW,CE,Federal Contract Tower,0,0,0,0,0,0,0,106,0,106,0,0,106,0,106,172,0,172,278
04/04/2021,AEG,NM,ASW,CE,Federal Contract Tower,0,0,1,1,2,0,0,94,6,100,0,0,95,7,102,94,0,94,196
04/05/2021,AEG,NM,ASW,CE,Federal Contract Tower,0,0,1,0,1,0,0,59,1,60,0,0,60,1,61,126,0,126,187
04/06/2021,AEG,NM,ASW,CE,Federal Contract Tower,0,0,9,0,9,0,0,20,2,22,0,0,29,2,31,26,28,54,85
04/07/2021,AEG,NM,ASW,CE,Federal Contract Tower,0,1,2,0,3,0,0,40,2,42,0,1,42,2,45,106,14,120,165
04/08/2021,AEG,NM,ASW,CE,Federal Contract Tower,0,1,1,0,2,0,1,44,0,45,0,2,45,0,47,100,0,100,147
04/09/2021,AEG,NM,ASW,CE,Federal Contract Tower,0,0,0,0,0,0,0,41,0,41,0,0,41,0,41,2,0,2,43
04/10/2021,AEG,NM,ASW,CE,Federal Contract Tower,0,0,2,0,2,0,0,105,0,105,0,0,107,0,107,150,0,150,257
04/11/2021,AEG,NM,ASW,CE,Federal Contract Tower,0,0,2,0,2,0,0,74,0,74,0,0,76,0,76,58,0,58,134
04/12/2021,AEG,NM,ASW,CE,Federal Contract Tower,0,2,7,0,9,0,8,27,0,35,0,10,34,0,44,12,0,12,56
04/13/2021,AEG,NM,ASW,CE,Federal Contract Tower,0,0,2,0,2,0,0,9,0,9,0,0,11,0,11,0,0,0,11
04/14/2021,AEG,NM,ASW,CE,Federal Contract Tower,0,4,2,0,6,0,0,46,0,46,0,4,48,0,52,92,0,92,144
04/15/2021,AEG,NM,ASW,CE,Federal Contract Tower,0,3,3,0,6,0,0,17,0,17,0,3,20,0,23,54,0,54,77
04/16/2021,AEG,NM,ASW,CE,Federal Contract Tower,0,0,2,0,2,0,0,59,0,59,0,0,61,0,61,92,0,92,153
04/17/2021,AEG,NM,ASW,CE,Federal Contract Tower,0,0,6,0,6,0,0,8,0,8,0,0,14,0,14,16,0,16,30
04/18/2021,AEG,NM,ASW,CE,Federal Contract Tower,0,3,6,0,9,0,0,38,0,38,0,3,44,0,47,30,0,30,77
04/19/2021,AEG,NM,ASW,CE,Federal Contract Tower,0,0,1,0,1,0,0,66,0,66,0,0,67,0,67,112,0,112,179
04/20/2021,AEG,NM,ASW,CE,Federal Contract Tower,0,1,7,0,8,0,0,55,11,66,0,1,62,11,74,76,0,76,150
04/21/2021,AEG,NM,ASW,CE,Federal Contract Tower,0,2,7,0,9,0,0,59,0,59,0,2,66,0,68,48,0,48,116
04/22/2021,AEG,NM,ASW,CE,Federal Contract Tower,0,3,0,0,3,0,0,45,0,45,0,3,45,0,48,180,0,180,228
04/23/2021,AEG,NM,ASW,CE,Federal Contract Tower,0,1,7,0,8,0,0,33,0,33,0,1,40,0,41,122,0,122,163
04/24/2021,AEG,NM,ASW,CE,Federal Contract Tower,0,0,3,0,3,0,0,116,0,116,0,0,119,0,119,103,0,103,222
04/25/2021,AEG,NM,ASW,CE,Federal Contract Tower,0,3,3,0,6,0,0,88,0,88,0,3,91,0,94,40,0,40,134
04/26/2021,AEG,NM,ASW,CE,Federal Contract Tower,0,1,3,0,4,0,0,36,0,36,0,1,39,0,40,68,0,68,108
04/27/2021,AEG,NM,ASW,CE,Federal Contract Tower,0,0,7,0,7,0,0,28,5,33,0,0,35,5,40,84,0,84,124
04/28/2021,AEG,NM,ASW,CE,Federal Contract Tower,0,1,12,0,13,0,0,30,0,30,0,1,42,0,43,50,0,50,93
04/29/2021,AEG,NM,ASW,CE,Federal Contract Tower,0,0,4,0,4,0,0,68,5,73,0,0,72,5,77,198,0,198,275
04/30/2021,AEG,NM,ASW,CE,Federal Contract Tower,0,1,4,0,5,0,0,80,5,85,0,1,84,5,90,272,0,272,362
05/01/2021,AEG,NM,ASW,CE,Federal Contract Tower,0,3,3,0,6,0,0,82,2,84,0,3,85,2,90,130,0,130,220
05/02/2021,AEG,NM,ASW,CE,Federal Contract Tower,0,2,3,1,6,0,0,28,9,37,0,2,31,10,43,18,0,18,61
05/03/2021,AEG,NM,ASW,CE,Federal Contract Tower,0,1,3,0,4,0,0,36,2,38,0,1,39,2,42,48,0,48,90
05/04/2021,AEG,NM,ASW,CE,Federal Contract Tower,0,0,3,0,3,0,2,54,3,59,0,2,57,3,62,94,2,96,158
05/05/2021,AEG,NM,ASW,CE,Federal Contract Tower,0,1,5,0,6,0,0,61,1,62,0,1,66,1,68,112,0,112,180
05/06/2021,AEG,NM,ASW,CE,Federal Contract Tower,0,0,7,0,7,0,0,59,2,61,0,0,66,2,68,140,6,146,214
05/07/2021,AEG,NM,ASW,CE,Federal Contract Tower,0,1,5,0,6,0,0,59,0,59,0,1,64,0,65,70,0,70,135
05/08/2021,AEG,NM,ASW,CE,Federal Contract Tower,0,1,1,0,2,0,0,120,2,122,0,1,121,2,124,72,0,72,196
05/09/2021,AEG,NM,ASW,CE,Federal Contract Tower,0,0,5,0,5,0,0,54,0,54,0,0,59,0,59,94,0,94,153
05/10/2021,AEG,NM,ASW,CE,Federal Contract Tower,0,2,8,0,10,0,0,50,3,53,0,2,58,3,63,86,0,86,149
05/11/2021,AEG,NM,ASW,CE,Federal Contract Tower,0,0,6,0,6,0,0,67,0,67,0,0,73,0,73,234,0,234,307
05/12/2021,AEG,NM,ASW,CE,Federal Contract Tower,0,0,6,0,6,0,0,54,1,55,0,0,60,1,61,110,0,110,171
05/13/2021,AEG,NM,ASW,CE,Federal Contract Tower,0,0,3,0,3,0,0,91,0,91,0,0,94,0,94,160,0,160,254
05/14/2021,AEG,NM,ASW,CE,Federal Contract Tower,0,1,5,0,6,0,0,66,0,66,0,1,71,0,72,92,0,92,164
05/15/2021,AEG,NM,ASW,CE,Federal Contract Tower,0,0,3,0,3,0,0,56,0,56,0,0,59,0,59,66,0,66,125
05/16/2021,AEG,NM,ASW,CE,Federal Contract Tower,0,0,8,0,8,0,0,94,0,94,0,0,102,0,102,114,0,114,216
05/17/2021,AEG,NM,ASW,CE,Federal Contract Tower,0,2,2,0,4,0,0,30,0,30,0,2,32,0,34,0,0,0,34
05/18/2021,AEG,NM,ASW,CE,Federal Contract Tower,0,2,3,0,5,0,1,38,0,39,0,3,41,0,44,70,0,70,114
05/19/2021,AEG,NM,ASW,CE,Federal Contract Tower,0,0,6,0,6,0,0,72,0,72,0,0,78,0,78,164,0,164,242
05/20/2021,AEG,NM,ASW,CE,Federal Contract Tower,0,4,5,0,9,0,0,106,0,106,0,4,111,0,115,216,0,216,331
05/21/2021,AEG,NM,ASW,CE,Federal Contract Tower,0,0,6,2,8,0,0,42,9,51,0,0,48,11,59,94,8,102,161
05/22/2021,AEG,NM,ASW,CE,Federal Contract Tower,0,0,3,0,3,0,0,41,0,41,0,0,44,0,44,96,0,96,140
05/23/2021,AEG,NM,ASW,CE,Federal Contract Tower,0,0,9,0,9,0,0,51,2,53,0,0,60,2,62,60,10,70,132
05/24/2021,AEG,NM,ASW,CE,Federal Contract Tower,0,1,12,0,13,0,0,99,12,111,0,1,111,12,124,122,74,196,320
05/25/2021,AEG,NM,ASW,CE,Federal Contract Tower,0,2,1,0,3,0,28,62,0,90,0,30,63,0,93,142,0,142,235
05/26/2021,AEG,NM,ASW,CE,Federal Contract Tower,0,0,8,0,8,0,0,76,10,86,0,0,84,10,94,146,16,162,256
05/27/2021,AEG,NM,ASW,CE,Federal Contract Tower,0,1,8,0,9,0,0,86,0,86,0,1,94,0,95,142,0,142,237
05/28/2021,AEG,NM,ASW,CE,Federal Contract Tower,0,2,5,0,7,0,0,89,0,89,0,2,94,0,96,116,0,116,212
05/29/2021,AEG,NM,ASW,CE,Federal Contract Tower,0,0,13,0,13,0,0,118,0,118,0,0,131,0,131,134,0,134,265
05/30/2021,AEG,NM,ASW,CE,Federal Contract Tower,0,3,2,0,5,0,0,34,0,34,0,3,36,0,39,52,0,52,91
05/31/2021,AEG,NM,ASW,CE,Federal Contract Tower,0,2,12,0,14,0,0,22,0,22,0,2,34,0,36,12,0,12,48
06/01/2021,AEG,NM,ASW,CE,Federal Contract Tower,0,0,7,0,7,0,0,54,0,54,0,0,61,0,61,108,0,108,169
06/02/2021,AEG,NM,ASW,CE,Federal Contract Tower,0,0,8,0,8,0,0,81,2,83,0,0,89,2,91,108,0,108,199
06/03/2021,AEG,NM,ASW,CE,Federal Contract Tower,0,0,4,0,4,0,0,56,2,58,0,0,60,2,62,94,2,96,158
06/04/2021,AEG,NM,ASW,CE,Federal Contract Tower,0,1,8,0,9,0,0,70,0,70,0,1,78,0,79,154,0,154,233
06/05/2021,AEG,NM,ASW,CE,Federal Contract Tower,0,0,5,0,5,0,0,75,0,75,0,0,80,0,80,54,0,54,134
06/06/2021,AEG,NM,ASW,CE,Federal Contract Tower,0,0,7,0,7,0,0,60,0,60,0,0,67,0,67,74,0,74,141
06/07/2021,AEG,NM,ASW,CE,Federal Contract Tower,0,1,7,0,8,0,0,54,1,55,0,1,61,1,63,40,14,54,117
06/08/2021,AEG,NM,ASW,CE,Federal Contract Tower,0,1,1,0,2,0,1,53,0,54,0,2,54,0,56,182,0,182,238
06/09/2021,AEG,NM,ASW,CE,Federal Contract Tower,0,0,2,0,2,0,0,73,0,73,0,0,75,0,75,174,0,174,249
06/10/2021,AEG,NM,ASW,CE,Federal Contract Tower,0,0,4,0,4,0,0,60,0,60,0,0,64,0,64,66,0,66,130
06/11/2021,AEG,NM,ASW,CE,Federal Contract Tower,0,0,5,0,5,0,0,71,0,71,0,0,76,0,76,152,0,152,228
06/12/2021,AEG,NM,ASW,CE,Federal Contract Tower,0,0,8,0,8,0,0,61,0,61,0,0,69,0,69,40,0,40,109
06/13/2021,AEG,NM,ASW,CE,Federal Contract Tower,0,1,8,0,9,0,0,49,0,49,0,1,57,0,58,68,0,68,126
06/14/2021,AEG,NM,ASW,CE,Federal Contract Tower,0,0,1,0,1,0,0,63,0,63,0,0,64,0,64,76,0,76,140
06/15/2021,AEG,NM,ASW,CE,Federal Contract Tower,0,0,1,0,1,0,0,80,0,80,0,0,81,0,81,264,0,264,345
06/16/2021,AEG,NM,ASW,CE,Federal Contract Tower,0,0,7,0,7,0,0,75,3,78,0,0,82,3,85,62,30,92,177
06/17/2021,AEG,NM,ASW,CE,Federal Contract Tower,0,4,8,0,12,0,0,56,0,56,0,4,64,0,68,74,0,74,142
06/18/2021,AEG,NM,ASW,CE,Federal Contract Tower,0,0,3,3,6,0,0,70,1,71,0,0,73,4,77,196,4,200,277
06/19/2021,AEG,NM,ASW,CE,Federal Contract Tower,0,1,5,0,6,0,2,101,7,110,0,3,106,7,116,80,0,80,196
06/20/2021,AEG,NM,ASW,CE,Federal Contract Tower,0,1,2,0,3,0,0,70,0,70,0,1,72,0,73,69,0,69,142
06/21/2021,AEG,NM,ASW,CE,Federal Contract Tower,0,8,6,0,14,0,0,39,4,43,0,8,45,4,57,72,0,72,129
06/22/2021,AEG,NM,ASW,CE,Federal Contract Tower,0,0,2,4,6,0,0,66,1,67,0,0,68,5,73,236,2,238,311
06/23/2021,AEG,NM,ASW,CE,Federal Contract Tower,0,0,4,1,5,0,0,41,9,50,0,0,45,10,55,90,2,92,147
06/24/2021,AEG,NM,ASW,CE,Federal Contract Tower,0,0,2,0,2,0,0,49,7,56,0,0,51,7,58,102,4,106,164
06/25/2021,AEG,NM,ASW,CE,Federal Contract Tower,0,1,12,0,13,0,0,79,7,86,0,1,91,7,99,134,2,136,235
06/26/2021,AEG,NM,ASW,CE,Federal Contract Tower,0,3,5,0,8,0,0,72,2,74,0,3,77,2,82,60,0,60,142
06/27/2021,AEG,NM,ASW,CE,Federal Contract Tower,0,2,5,0,7,0,1,27,1,29,0,3,32,1,36,12,0,12,48
06/28/2021,AEG,NM,ASW,CE,Federal Contract Tower,0,0,8,0,8,0,0,37,0,37,0,0,45,0,45,119,0,119,164
06/30/2021,AEG,NM,ASW,CE,Federal Contract Tower,0,2,13,0,15,0,0,50,5,55,0,2,63,5,70,104,0,104,174
07/01/2021,AEG,NM,ASW,CE,Federal Contract Tower,0,1,5,0,6,0,0,73,0,73,0,1,78,0,79,160,0,160,239
07/02/2021,AEG,NM,ASW,CE,Federal Contract Tower,0,0,6,0,6,0,0,67,0,67,0,0,73,0,73,148,0,148,221
07/03/2021,AEG,NM,ASW,CE,Federal Contract Tower,0,1,3,0,4,0,0,78,0,78,0,1,81,0,82,62,0,62,144
07/04/2021,AEG,NM,ASW,CE,Federal Contract Tower,0,2,3,0,5,0,0,72,0,72,0,2,75,0,77,136,0,136,213
07/05/2021,AEG,NM,ASW,CE,Federal Contract Tower,0,2,10,0,12,0,0,44,0,44,0,2,54,0,56,132,0,132,188
07/06/2021,AEG,NM,ASW,CE,Federal Contract Tower,0,0,9,0,9,0,0,51,0,51,0,0,60,0,60,119,0,119,179
07/07/2021,AEG,NM,ASW,CE,Federal Contract Tower,0,0,4,0,4,0,2,56,0,58,0,2,60,0,62,60,0,60,122
07/08/2021,AEG,NM,ASW,CE,Federal Contract Tower,0,0,6,0,6,0,0,86,0,86,0,0,92,0,92,86,0,86,178
07/09/2021,AEG,NM,ASW,CE,Federal Contract Tower,0,0,7,0,7,0,0,96,3,99,0,0,103,3,106,280,6,286,392
07/10/2021,AEG,NM,ASW,CE,Federal Contract Tower,0,1,5,0,6,0,0,78,1,79,0,1,83,1,85,84,0,84,169
07/11/2021,AEG,NM,ASW,CE,Federal Contract Tower,0,0,5,0,5,0,0,18,0,18,0,0,23,0,23,6,0,6,29
07/12/2021,AEG,NM,ASW,CE,Federal Contract Tower,0,0,9,0,9,0,0,39,0,39,0,0,48,0,48,66,0,66,114
07/13/2021,AEG,NM,ASW,CE,Federal Contract Tower,0,0,5,0,5,0,0,52,0,52,0,0,57,0,57,122,0,122,179
07/14/2021,AEG,NM,ASW,CE,Federal Contract Tower,0,0,2,0,2,0,0,39,2,41,0,0,41,2,43,32,28,60,103
07/15/2021,AEG,NM,ASW,CE,Federal Contract Tower,0,1,4,0,5,0,0,60,1,61,0,1,64,1,66,114,0,114,180
07/16/2021,AEG,NM,ASW,CE,Federal Contract Tower,0,0,5,0,5,0,0,79,0,79,0,0,84,0,84,152,0,152,236
07/17/2021,AEG,NM,ASW,CE,Federal Contract Tower,0,0,13,0,13,0,0,71,7,78,0,0,84,7,91,106,0,106,197
07/18/2021,AEG,NM,ASW,CE,Federal Contract Tower,0,2,5,0,7,0,0,62,5,67,0,2,67,5,74,164,0,164,238
07/19/2021,AEG,NM,ASW,CE,Federal Contract Tower,0,0,5,0,5,0,2,85,1,88,0,2,90,1,93,174,0,174,267
07/20/2021,AEG,NM,ASW,CE,Federal Contract Tower,0,2,5,0,7,0,0,78,1,79,0,2,83,1,86,102,0,102,188
07/21/2021,AEG,NM,ASW,CE,Federal Contract Tower,0,0,6,1,7,0,3,69,1,73,0,3,75,2,80,186,30,216,296
07/22/2021,AEG,NM,ASW,CE,Federal Contract Tower,0,10,5,2,17,0,1,61,0,62,0,11,66,2,79,136,2,138,217
07/23/2021,AEG,NM,ASW,CE,Federal Contract Tower,0,1,6,0,7,0,0,72,4,76,0,1,78,4,83,122,0,122,205
07/24/2021,AEG,NM,ASW,CE,Federal Contract Tower,0,1,3,0,4,0,2,69,0,71,0,3,72,0,75,104,0,104,179
07/25/2021,AEG,NM,ASW,CE,Federal Contract Tower,0,0,1,0,1,0,0,45,0,45,0,0,46,0,46,98,0,98,144
07/26/2021,AEG,NM,ASW,CE,Federal Contract Tower,0,0,5,2,7,0,0,53,4,57,0,0,58,6,64,92,20,112,176
07/27/2021,AEG,NM,ASW,CE,Federal Contract Tower,0,0,6,0,6,0,0,58,0,58,0,0,64,0,64,224,0,224,288
07/28/2021,AEG,NM,ASW,CE,Federal Contract Tower,0,1,13,0,14,0,0,55,0,55,0,1,68,0,69,126,0,126,195
07/29/2021,AEG,NM,ASW,CE,Federal Contract Tower,0,0,3,0,3,0,0,72,0,72,0,0,75,0,75,50,0,50,125
07/30/2021,AEG,NM,ASW,CE,Federal Contract Tower,0,0,3,0,3,0,0,60,1,61,0,0,63,1,64,148,0,148,212
07/31/2021,AEG,NM,ASW,CE,Federal Contract Tower,0,0,2,0,2,0,0,93,6,99,0,0,95,6,101,212,0,212,313
08/01/2021,AEG,NM,ASW,CE,Federal Contract Tower,0,2,2,0,4,0,0,50,1,51,0,2,52,1,55,80,0,80,135
08/02/2021,AEG,NM,ASW,CE,Federal Contract Tower,0,1,3,0,4,0,0,44,0,44,0,1,47,0,48,106,0,106,154
08/03/2021,AEG,NM,ASW,CE,Federal Contract Tower,0,0,2,0,2,0,0,49,0,49,0,0,51,0,51,114,0,114,165
08/04/2021,AEG,NM,ASW,CE,Federal Contract Tower,0,1,5,0,6,0,0,40,0,40,0,1,45,0,46,53,0,53,99
08/05/2021,AEG,NM,ASW,CE,Federal Contract Tower,0,1,13,4,18,0,0,42,2,44,0,1,55,6,62,54,0,54,116
08/06/2021,AEG,NM,ASW,CE,Federal Contract Tower,0,1,3,0,4,0,0,65,0,65,0,1,68,0,69,126,0,126,195
08/07/2021,AEG,NM,ASW,CE,Federal Contract Tower,0,0,1,0,1,0,0,62,0,62,0,0,63,0,63,78,0,78,141
08/08/2021,AEG,NM,ASW,CE,Federal Contract Tower,0,0,7,0,7,0,0,25,0,25,0,0,32,0,32,46,0,46,78
08/09/2021,AEG,NM,ASW,CE,Federal Contract Tower,0,1,5,0,6,0,0,41,2,43,0,1,46,2,49,72,0,72,121
08/10/2021,AEG,NM,ASW,CE,Federal Contract Tower,0,1,9,0,10,0,0,52,0,52,0,1,61,0,62,108,0,108,170
08/11/2021,AEG,NM,ASW,CE,Federal Contract Tower,0,0,2,0,2,0,0,76,2,78,0,0,78,2,80,120,0,120,200
08/12/2021,AEG,NM,ASW,CE,Federal Contract Tower,0,0,2,0,2,0,0,45,0,45,0,0,47,0,47,84,0,84,131
08/13/2021,AEG,NM,ASW,CE,Federal Contract Tower,0,0,3,0,3,0,0,68,0,68,0,0,71,0,71,108,0,108,179
08/14/2021,AEG,NM,ASW,CE,Federal Contract Tower,0,5,6,0,11,0,0,56,0,56,0,5,62,0,67,122,0,122,189
08/15/2021,AEG,NM,ASW,CE,Federal Contract Tower,0,0,0,0,0,0,0,56,0,56,0,0,56,0,56,166,0,166,222
08/16/2021,AEG,NM,ASW,CE,Federal Contract Tower,0,2,4,0,6,0,0,55,2,57,0,2,59,2,63,102,28,130,193
08/17/2021,AEG,NM,ASW,CE,Federal Contract Tower,0,0,12,4,16,0,1,93,1,95,0,1,105,5,111,196,6,202,313
08/18/2021,AEG,NM,ASW,CE,Federal Contract Tower,0,4,10,0,14,0,0,40,0,40,0,4,50,0,54,134,0,134,188
08/19/2021,AEG,NM,ASW,CE,Federal Contract Tower,0,1,5,3,9,0,0,62,1,63,0,1,67,4,72,136,0,136,208
08/20/2021,AEG,NM,ASW,CE,Federal Contract Tower,0,1,7,0,8,0,0,38,0,38,0,1,45,0,46,92,0,92,138
08/21/2021,AEG,NM,ASW,CE,Federal Contract Tower,0,0,3,0,3,0,0,81,0,81,0,0,84,0,84,106,0,106,190
08/22/2021,AEG,NM,ASW,CE,Federal Contract Tower,0,5,4,0,9,0,1,44,0,45,0,6,48,0,54,96,0,96,150
08/23/2021,AEG,NM,ASW,CE,Federal Contract Tower,0,0,3,0,3,0,0,50,1,51,0,0,53,1,54,154,0,154,208
08/24/2021,AEG,NM,ASW,CE,Federal Contract Tower,0,4,2,0,6,0,0,69,0,69,0,4,71,0,75,204,0,204,279
08/25/2021,AEG,NM,ASW,CE,Federal Contract Tower,0,1,5,1,7,0,0,94,1,95,0,1,99,2,102,102,0,102,204
08/26/2021,AEG,NM,ASW,CE,Federal Contract Tower,0,1,14,1,16,0,7,54,8,69,0,8,68,9,85,122,38,160,245
08/27/2021,AEG,NM,ASW,CE,Federal Contract Tower,0,11,4,0,15,0,2,66,6,74,0,13,70,6,89,154,0,154,243
08/28/2021,AEG,NM,ASW,CE,Federal Contract Tower,0,0,10,0,10,0,1,64,1,66,0,1,74,1,76,150,0,150,226
08/29/2021,AEG,NM,ASW,CE,Federal Contract Tower,0,0,4,0,4,0,0,70,6,76,0,0,74,6,80,84,10,94,174
08/30/2021,AEG,NM,ASW,CE,Federal Contract Tower,0,0,5,0,5,0,0,53,2,55,0,0,58,2,60,80,0,80,140
08/31/2021,AEG,NM,ASW,CE,Federal Contract Tower,0,0,3,0,3,0,0,64,5,69,0,0,67,5,72,98,0,98,170
09/01/2021,AEG,NM,ASW,CE,Federal Contract Tower,0,0,2,0,2,0,0,35,0,35,0,0,37,0,37,62,0,62,99
09/02/2021,AEG,NM,ASW,CE,Federal Contract Tower,0,0,6,0,6,0,0,64,3,67,0,0,70,3,73,150,0,150,223
09/03/2021,AEG,NM,ASW,CE,Federal Contract Tower,0,0,7,0,7,0,0,75,1,76,0,0,82,1,83,164,0,164,247
09/04/2021,AEG,NM,ASW,CE,Federal Contract Tower,0,0,1,0,1,0,0,72,2,74,0,0,73,2,75,122,0,122,197
09/05/2021,AEG,NM,ASW,CE,Federal Contract Tower,0,3,6,0,9,0,0,56,1,57,0,3,62,1,66,70,0,70,136
09/06/2021,AEG,NM,ASW,CE,Federal Contract Tower,0,0,3,0,3,0,0,60,0,60,0,0,63,0,63,116,0,116,179
09/07/2021,AEG,NM,ASW,CE,Federal Contract Tower,0,0,3,0,3,0,0,80,4,84,0,0,83,4,87,174,0,174,261
09/08/2021,AEG,NM,ASW,CE,Federal Contract Tower,0,0,7,1,8,0,1,64,5,70,0,1,71,6,78,154,0,154,232
09/09/2021,AEG,NM,ASW,CE,Federal Contract Tower,0,1,2,0,3,0,1,68,5,74,0,2,70,5,77,90,30,120,197
09/10/2021,AEG,NM,ASW,CE,Federal Contract Tower,0,6,1,0,7,0,0,80,0,80,0,6,81,0,87,142,4,146,233
09/11/2021,AEG,NM,ASW,CE,Federal Contract Tower,0,3,6,6,15,0,1,97,2,100,0,4,103,8,115,80,0,80,195
09/12/2021,AEG,NM,ASW,CE,Federal Contract Tower,0,0,1,0,1,0,0,68,2,70,0,0,69,2,71,98,0,98,169
09/13/2021,AEG,NM,ASW,CE,Federal Contract Tower,0,2,2,0,4,0,2,64,3,69,0,4,66,3,73,132,0,132,205
09/14/2021,AEG,NM,ASW,CE,Federal Contract Tower,0,0,3,0,3,0,1,78,0,79,0,1,81,0,82,137,0,137,219
09/15/2021,AEG,NM,ASW,CE,Federal Contract Tower,0,0,1,3,4,0,0,71,8,79,0,0,72,11,83,174,44,218,301
09/16/2021,AEG,NM,ASW,CE,Federal Contract Tower,0,0,4,0,4,0,2,89,3,94,0,2,93,3,98,152,12,164,262
09/17/2021,AEG,NM,ASW,CE,Federal Contract Tower,0,0,4,0,4,0,0,48,0,48,0,0,52,0,52,106,0,106,158
09/18/2021,AEG,NM,ASW,CE,Federal Contract Tower,0,0,1,0,1,0,0,72,0,72,0,0,73,0,73,86,0,86,159
09/19/2021,AEG,NM,ASW,CE,Federal Contract Tower,0,0,6,0,6,0,0,38,0,38,0,0,44,0,44,94,0,94,138
09/20/2021,AEG,NM,ASW,CE,Federal Contract Tower,0,0,1,0,1,0,0,41,1,42,0,0,42,1,43,29,0,29,72
09/21/2021,AEG,NM,ASW,CE,Federal Contract Tower,0,1,3,0,4,0,0,48,0,48,0,1,51,0,52,52,0,52,104
09/22/2021,AEG,NM,ASW,CE,Federal Contract Tower,0,0,3,0,3,0,0,59,0,59,0,0,62,0,62,124,0,124,186
09/23/2021,AEG,NM,ASW,CE,Federal Contract Tower,0,0,5,0,5,0,0,87,0,87,0,0,92,0,92,142,0,142,234
09/24/2021,AEG,NM,ASW,CE,Federal Contract Tower,0,1,10,0,11,0,0,73,0,73,0,1,83,0,84,166,0,166,250
09/25/2021,AEG,NM,ASW,CE,Federal Contract Tower,0,1,9,0,10,0,0,139,0,139,0,1,148,0,149,24,0,24,173
09/26/2021,AEG,NM,ASW,CE,Federal Contract Tower,0,3,6,0,9,0,0,57,0,57,0,3,63,0,66,86,0,86,152
09/27/2021,AEG,NM,ASW,CE,Federal Contract Tower,0,0,6,0,6,0,0,57,0,57,0,0,63,0,63,174,0,174,237
09/28/2021,AEG,NM,ASW,CE,Federal Contract Tower,0,0,3,0,3,0,0,52,0,52,0,0,55,0,55,102,0,102,157
09/29/2021,AEG,NM,ASW,CE,Federal Contract Tower,0,0,6,0,6,0,0,61,4,65,0,0,67,4,71,76,2,78,149
09/30/2021,AEG,NM,ASW,CE,Federal Contract Tower,0,0,5,0,5,0,0,16,1,17,0,0,21,1,22,4,0,4,26
10/01/2021,AEG,NM,ASW,CE,Federal Contract Tower,0,0,5,0,5,0,0,24,6,30,0,0,29,6,35,50,0,50,85
10/02/2021,AEG,NM,ASW,CE,Federal Contract Tower,0,2,4,0,6,0,0,72,11,83,0,2,76,11,89,71,0,71,160
10/03/2021,AEG,NM,ASW,CE,Federal Contract Tower,0,1,5,0,6,0,0,69,1,70,0,1,74,1,76,14,0,14,90
10/04/2021,AEG,NM,ASW,CE,Federal Contract Tower,0,0,6,0,6,0,0,57,9,66,0,0,63,9,72,80,0,80,152
10/05/2021,AEG,NM,ASW,CE,Federal Contract Tower,0,0,4,0,4,0,0,88,0,88,0,0,92,0,92,52,0,52,144
10/06/2021,AEG,NM,ASW,CE,Federal Contract Tower,0,0,7,0,7,0,0,68,4,72,0,0,75,4,79,56,0,56,135
10/07/2021,AEG,NM,ASW,CE,Federal Contract Tower,0,1,2,0,3,0,0,93,1,94,0,1,95,1,97,68,0,68,165
10/08/2021,AEG,NM,ASW,CE,Federal Contract Tower,0,0,9,0,9,0,0,82,0,82,0,0,91,0,91,52,0,52,143
10/09/2021,AEG,NM,ASW,CE,Federal Contract Tower,0,0,10,2,12,0,0,82,3,85,0,0,92,5,97,52,0,52,149
10/10/2021,AEG,NM,ASW,CE,Federal Contract Tower,0,0,6,0,6,0,2,23,0,25,0,2,29,0,31,8,0,8,39
10/11/2021,AEG,NM,ASW,CE,Federal Contract Tower,0,0,0,0,0,0,0,58,0,58,0,0,58,0,58,46,0,46,104
10/12/2021,AEG,NM,ASW,CE,Federal Contract Tower,0,0,5,1,6,0,0,10,1,11,0,0,15,2,17,4,2,6,23
10/13/2021,AEG,NM,ASW,CE,Federal Contract Tower,0,3,5,0,8,0,1,86,2,89,0,4,91,2,97,118,0,118,215
10/14/2021,AEG,NM,ASW,CE,Federal Contract Tower,0,0,2,3,5,0,0,63,11,74,0,0,65,14,79,14,94,108,187
10/15/2021,AEG,NM,ASW,CE,Federal Contract Tower,0,0,9,0,9,0,0,60,4,64,0,0,69,4,73,26,0,26,99
10/16/2021,AEG,NM,ASW,CE,Federal Contract Tower,0,0,8,0,8,0,0,121,8,129,0,0,129,8,137,98,0,98,235
10/17/2021,AEG,NM,ASW,CE,Federal Contract Tower,0,2,10,0,12,0,0,70,4,74,0,2,80,4,86,50,0,50,136
10/18/2021,AEG,NM,ASW,CE,Federal Contract Tower,0,0,3,0,3,0,0,59,6,65,0,0,62,6,68,34,0,34,102
10/19/2021,AEG,NM,ASW,CE,Federal Contract Tower,0,0,3,0,3,0,0,54,10,64,0,0,57,10,67,122,2,124,191
10/20/2021,AEG,NM,ASW,CE,Federal Contract Tower,0,0,3,0,3,0,0,91,2,93,0,0,94,2,96,142,6,148,244
10/21/2021,AEG,NM,ASW,CE,Federal Contract Tower,0,0,6,1,7,0,0,81,5,86,0,0,87,6,93,80,0,80,173
10/22/2021,AEG,NM,ASW,CE,Federal Contract Tower,0,0,4,0,4,0,0,72,4,76,0,0,76,4,80,84,0,84,164
10/23/2021,AEG,NM,ASW,CE,Federal Contract Tower,0,1,5,0,6,0,0,128,3,131,0,1,133,3,137,78,0,78,215
10/24/2021,AEG,NM,ASW,CE,Federal Contract Tower,0,0,5,0,5,0,0,57,4,61,0,0,62,4,66,102,0,102,168
10/25/2021,AEG,NM,ASW,CE,Federal Contract Tower,0,0,4,0,4,0,0,52,2,54,0,0,56,2,58,116,0,116,174
10/26/2021,AEG,NM,ASW,CE,Federal Contract Tower,0,0,2,0,2,0,0,6,1,7,0,0,8,1,9,6,0,6,15
10/27/2021,AEG,NM,ASW,CE,Federal Contract Tower,0,0,1,0,1,0,0,18,3,21,0,0,19,3,22,0,0,0,22
10/28/2021,AEG,NM,ASW,CE,Federal Contract Tower,0,1,11,0,12,0,0,82,0,82,0,1,93,0,94,108,0,108,202
10/29/2021,AEG,NM,ASW,CE,Federal Contract Tower,0,0,7,0,7,0,0,95,0,95,0,0,102,0,102,162,0,162,264
10/30/2021,AEG,NM,ASW,CE,Federal Contract Tower,0,1,9,0,10,0,0,72,0,72,0,1,81,0,82,54,0,54,136
10/31/2021,AEG,NM,ASW,CE,Federal Contract Tower,0,0,6,0,6,0,0,58,0,58,0,0,64,0,64,94,0,94,158
11/01/2021,AEG,NM,ASW,CE,Federal Contract Tower,0,0,3,4,7,0,0,51,2,53,0,0,54,6,60,68,6,74,134
11/02/2021,AEG,NM,ASW,CE,Federal Contract Tower,0,2,5,0,7,0,0,56,5,61,0,2,61,5,68,46,4,50,118
11/03/2021,AEG,NM,ASW,CE,Federal Contract Tower,0,0,12,0,12,0,2,65,0,67,0,2,77,0,79,74,0,74,153
11/04/2021,AEG,NM,ASW,CE,Federal Contract Tower,0,17,1,0,18,0,0,43,3,46,0,17,44,3,64,78,0,78,142
11/05/2021,AEG,NM,ASW,CE,Federal Contract Tower,0,0,8,0,8,0,0,61,0,61,0,0,69,0,69,114,0,114,183
11/06/2021,AEG,NM,ASW,CE,Federal Contract Tower,0,0,2,0,2,0,0,163,0,163,0,0,165,0,165,38,0,38,203
11/07/2021,AEG,NM,ASW,CE,Federal Contract Tower,0,0,2,0,2,0,0,92,0,92,0,0,94,0,94,90,0,90,184
11/08/2021,AEG,NM,ASW,CE,Federal Contract Tower,0,0,1,0,1,0,0,75,2,77,0,0,76,2,78,100,0,100,178
11/09/2021,AEG,NM,ASW,CE,Federal Contract Tower,0,0,4,0,4,0,1,80,1,82,0,1,84,1,86,77,0,77,163
11/10/2021,AEG,NM,ASW,CE,Federal Contract Tower,0,0,6,0,6,0,6,18,2,26,0,6,24,2,32,22,0,22,54
11/11/2021,AEG,NM,ASW,CE,Federal Contract Tower,0,7,3,1,11,0,0,46,0,46,0,7,49,1,57,48,0,48,105
11/12/2021,AEG,NM,ASW,CE,Federal Contract Tower,0,1,5,1,7,0,5,56,1,62,0,6,61,2,69,64,26,90,159
11/13/2021,AEG,NM,ASW,CE,Federal Contract Tower,0,2,5,0,7,0,0,72,0,72,0,2,77,0,79,96,0,96,175
11/14/2021,AEG,NM,ASW,CE,Federal Contract Tower,0,0,4,0,4,0,0,58,0,58,0,0,62,0,62,46,0,46,108
11/15/2021,AEG,NM,ASW,CE,Federal Contract Tower,0,0,5,2,7,0,0,56,0,56,0,0,61,2,63,104,16,120,183
11/16/2021,AEG,NM,ASW,CE,Federal Contract Tower,0,0,1,1,2,0,1,47,1,49,0,1,48,2,51,136,0,136,187
11/17/2021,AEG,NM,ASW,CE,Federal Contract Tower,0,0,8,0,8,0,0,48,2,50,0,0,56,2,58,156,12,168,226
11/18/2021,AEG,NM,ASW,CE,Federal Contract Tower,0,4,5,2,11,0,0,48,0,48,0,4,53,2,59,98,0,98,157
11/19/2021,AEG,NM,ASW,CE,Federal Contract Tower,0,0,12,0,12,0,0,72,7,79,0,0,84,7,91,212,20,232,323
11/20/2021,AEG,NM,ASW,CE,Federal Contract Tower,0,0,5,0,5,0,1,79,0,80,0,1,84,0,85,100,0,100,185
11/21/2021,AEG,NM,ASW,CE,Federal Contract Tower,0,0,5,0,5,0,0,61,0,61,0,0,66,0,66,134,0,134,200
11/22/2021,AEG,NM,ASW,CE,Federal Contract Tower,0,0,1,0,1,0,4,84,0,88,0,4,85,0,89,105,0,105,194
11/23/2021,AEG,NM,ASW,CE,Federal Contract Tower,0,0,5,0,5,0,0,48,0,48,0,0,53,0,53,116,0,116,169
11/24/2021,AEG,NM,ASW,CE,Federal Contract Tower,0,1,7,0,8,0,0,27,0,27,0,1,34,0,35,26,0,26,61
11/25/2021,AEG,NM,ASW,CE,Federal Contract Tower,0,2,0,0,2,0,0,14,0,14,0,2,14,0,16,30,0,30,46
11/26/2021,AEG,NM,ASW,CE,Federal Contract Tower,0,0,4,0,4,0,0,36,0,36,0,0,40,0,40,40,0,40,80
11/27/2021,AEG,NM,ASW,CE,Federal Contract Tower,0,0,1,0,1,0,0,51,0,51,0,0,52,0,52,44,0,44,96
11/28/2021,AEG,NM,ASW,CE,Federal Contract Tower,0,0,14,0,14,0,0,79,0,79,0,0,93,0,93,126,0,126,219
11/29/2021,AEG,NM,ASW,CE,Federal Contract Tower,0,0,3,0,3,0,0,78,0,78,0,0,81,0,81,188,0,188,269
11/30/2021,AEG,NM,ASW,CE,Federal Contract Tower,0,0,1,0,1,0,0,54,1,55,0,0,55,1,56,142,0,142,198
12/01/2021,AEG,NM,ASW,CE,Federal Contract Tower,0,0,0,2,2,0,0,65,0,65,0,0,65,2,67,110,32,142,209
12/02/2021,AEG,NM,ASW,CE,Federal Contract Tower,0,0,7,0,7,0,0,76,3,79,0,0,83,3,86,74,30,104,190
12/03/2021,AEG,NM,ASW,CE,Federal Contract Tower,0,2,11,4,17,0,0,70,0,70,0,2,81,4,87,58,0,58,145
12/04/2021,AEG,NM,ASW,CE,Federal Contract Tower,0,0,8,0,8,0,0,98,0,98,0,0,106,0,106,126,0,126,232
12/05/2021,AEG,NM,ASW,CE,Federal Contract Tower,0,2,5,0,7,0,0,39,0,39,0,2,44,0,46,14,0,14,60
12/06/2021,AEG,NM,ASW,CE,Federal Contract Tower,0,0,5,0,5,0,0,67,1,68,0,0,72,1,73,160,22,182,255
12/07/2021,AEG,NM,ASW,CE,Federal Contract Tower,0,0,4,0,4,0,0,27,0,27,0,0,31,0,31,88,0,88,119
12/08/2021,AEG,NM,ASW,CE,Federal Contract Tower,0,0,9,0,9,0,0,61,0,61,0,0,70,0,70,94,18,112,182
12/09/2021,AEG,NM,ASW,CE,Federal Contract Tower,0,0,7,0,7,0,0,37,0,37,0,0,44,0,44,36,0,36,80
12/10/2021,AEG,NM,ASW,CE,Federal Contract Tower,0,1,1,0,2,0,0,0,0,0,0,1,1,0,2,0,0,0,2
12/11/2021,AEG,NM,ASW,CE,Federal Contract Tower,0,0,3,1,4,0,0,48,3,51,0,0,51,4,55,92,2,94,149
12/12/2021,AEG,NM,ASW,CE,Federal Contract Tower,0,0,14,0,14,0,0,46,0,46,0,0,60,0,60,52,0,52,112
12/13/2021,AEG,NM,ASW,CE,Federal Contract Tower,0,0,2,7,9,0,0,45,5,50,0,0,47,12,59,74,4,78,137
12/14/2021,AEG,NM,ASW,CE,Federal Contract Tower,0,1,1,0,2,0,0,36,0,36,0,1,37,0,38,87,0,87,125
12/15/2021,AEG,NM,ASW,CE,Federal Contract Tower,0,1,3,0,4,0,0,11,0,11,0,1,14,0,15,0,0,0,15
12/16/2021,AEG,NM,ASW,CE,Federal Contract Tower,0,0,2,0,2,0,0,72,2,74,0,0,74,2,76,136,0,136,212
12/17/2021,AEG,NM,ASW,CE,Federal Contract Tower,0,0,2,0,2,0,0,45,0,45,0,0,47,0,47,52,0,52,99
12/18/2021,AEG,NM,ASW,CE,Federal Contract Tower,0,1,3,0,4,0,0,75,2,77,0,1,78,2,81,80,2,82,163
12/19/2021,AEG,NM,ASW,CE,Federal Contract Tower,0,0,2,0,2,0,0,76,0,76,0,0,78,0,78,84,0,84,162
12/20/2021,AEG,NM,ASW,CE,Federal Contract Tower,0,1,1,0,2,0,0,51,2,53,0,1,52,2,55,92,3,95,150
12/21/2021,AEG,NM,ASW,CE,Federal Contract Tower,0,0,6,0,6,0,0,60,0,60,0,0,66,0,66,192,0,192,258
12/22/2021,AEG,NM,ASW,CE,Federal Contract Tower,0,0,13,0,13,0,0,124,0,124,0,0,137,0,137,196,0,196,333
12/23/2021,AEG,NM,ASW,CE,Federal Contract Tower,0,2,7,0,9,0,0,43,0,43,0,2,50,0,52,126,0,126,178
12/24/2021,AEG,NM,ASW,CE,Federal Contract Tower,0,0,1,0,1,0,0,2,0,2,0,0,3,0,3,0,0,0,3
12/25/2021,AEG,NM,ASW,CE,Federal Contract Tower,0,0,0,0,0,0,0,10,0,10,0,0,10,0,10,34,0,34,44
12/26/2021,AEG,NM,ASW,CE,Federal Contract Tower,0,0,0,0,0,0,0,13,0,13,0,0,13,0,13,2,0,2,15
12/27/2021,AEG,NM,ASW,CE,Federal Contract Tower,0,0,3,0,3,0,0,32,0,32,0,0,35,0,35,54,0,54,89
12/28/2021,AEG,NM,ASW,CE,Federal Contract Tower,0,2,8,1,11,0,0,26,1,27,0,2,34,2,38,34,0,34,72
12/29/2021,AEG,NM,ASW,CE,Federal Contract Tower,0,0,9,0,9,0,0,24,0,24,0,0,33,0,33,36,0,36,69
12/30/2021,AEG,NM,ASW,CE,Federal Contract Tower,0,0,18,0,18,0,0,71,0,71,0,0,89,0,89,72,0,72,161
12/31/2021,AEG,NM,ASW,CE,Federal Contract Tower,0,0,0,0,0,0,0,26,0,26,0,0,26,0,26,66,0,66,92
01/01/2022,AEG,NM,ASW,CE,Federal Contract Tower,0,0,2,0,2,0,2,7,0,9,0,2,9,0,11,12,0,12,23
01/02/2022,AEG,NM,ASW,CE,Federal Contract Tower,0,0,5,0,5,0,0,34,0,34,0,0,39,0,39,72,0,72,111
01/03/2022,AEG,NM,ASW,CE,Federal Contract Tower,0,0,0,0,0,0,0,52,2,54,0,0,52,2,54,138,0,138,192
01/04/2022,AEG,NM,ASW,CE,Federal Contract Tower,0,0,4,0,4,0,0,58,0,58,0,0,62,0,62,84,0,84,146
01/05/2022,AEG,NM,ASW,CE,Federal Contract Tower,0,1,9,0,10,0,0,60,0,60,0,1,69,0,70,150,0,150,220
01/06/2022,AEG,NM,ASW,CE,Federal Contract Tower,0,0,7,2,9,0,0,38,12,50,0,0,45,14,59,94,0,94,153
01/07/2022,AEG,NM,ASW,CE,Federal Contract Tower,0,0,6,6,12,0,0,59,0,59,0,0,65,6,71,132,0,132,203
01/08/2022,AEG,NM,ASW,CE,Federal Contract Tower,0,0,1,0,1,0,0,49,0,49,0,0,50,0,50,74,0,74,124
01/09/2022,AEG,NM,ASW,CE,Federal Contract Tower,0,0,4,0,4,0,0,84,0,84,0,0,88,0,88,146,0,146,234
01/10/2022,AEG,NM,ASW,CE,Federal Contract Tower,0,0,1,0,1,0,0,58,0,58,0,0,59,0,59,128,0,128,187
01/11/2022,AEG,NM,ASW,CE,Federal Contract Tower,0,1,9,0,10,0,0,72,2,74,0,1,81,2,84,140,6,146,230
01/12/2022,AEG,NM,ASW,CE,Federal Contract Tower,0,2,1,0,3,0,0,52,0,52,0,2,53,0,55,90,0,90,145
01/13/2022,AEG,NM,ASW,CE,Federal Contract Tower,0,4,8,0,12,0,0,69,2,71,0,4,77,2,83,94,0,94,177
01/14/2022,AEG,NM,ASW,CE,Federal Contract Tower,0,0,9,0,9,0,0,36,0,36,0,0,45,0,45,68,0,68,113
01/15/2022,AEG,NM,ASW,CE,Federal Contract Tower,0,0,13,0,13,0,0,58,0,58,0,0,71,0,71,67,0,67,138
01/16/2022,AEG,NM,ASW,CE,Federal Contract Tower,0,0,3,0,3,0,0,60,0,60,0,0,63,0,63,78,0,78,141
01/17/2022,AEG,NM,ASW,CE,Federal Contract Tower,0,1,4,0,5,0,0,89,0,89,0,1,93,0,94,122,0,122,216
01/18/2022,AEG,NM,ASW,CE,Federal Contract Tower,0,0,5,0,5,0,0,52,4,56,0,0,57,4,61,54,6,60,121
01/19/2022,AEG,NM,ASW,CE,Federal Contract Tower,0,0,5,2,7,0,0,35,0,35,0,0,40,2,42,118,0,118,160
01/20/2022,AEG,NM,ASW,CE,Federal Contract Tower,0,0,11,2,13,0,0,63,2,65,0,0,74,4,78,72,0,72,150
01/21/2022,AEG,NM,ASW,CE,Federal Contract Tower,0,0,4,2,6,0,0,72,0,72,0,0,76,2,78,148,0,148,226
01/22/2022,AEG,NM,ASW,CE,Federal Contract Tower,0,0,7,0,7,0,4,30,1,35,0,4,37,1,42,36,0,36,78
01/23/2022,AEG,NM,ASW,CE,Federal Contract Tower,0,1,1,0,2,0,0,72,0,72,0,1,73,0,74,131,0,131,205
01/24/2022,AEG,NM,ASW,CE,Federal Contract Tower,0,0,5,0,5,0,0,67,0,67,0,0,72,0,72,132,0,132,204
01/25/2022,AEG,NM,ASW,CE,Federal Contract Tower,0,0,1,0,1,0,0,66,0,66,0,0,67,0,67,164,0,164,231
01/26/2022,AEG,NM,ASW,CE,Federal Contract Tower,0,2,2,0,4,0,3,20,4,27,0,5,22,4,31,20,0,20,51
01/27/2022,AEG,NM,ASW,CE,Federal Contract Tower,0,0,15,0,15,0,0,68,0,68,0,0,83,0,83,172,0,172,255
01/28/2022,AEG,NM,ASW,CE,Federal Contract Tower,0,0,4,0,4,0,2,82,2,86,0,2,86,2,90,140,52,192,282
01/29/2022,AEG,NM,ASW,CE,Federal Contract Tower,0,0,7,0,7,0,0,105,0,105,0,0,112,0,112,142,0,142,254
01/30/2022,AEG,NM,ASW,CE,Federal Contract Tower,0,1,4,0,5,0,0,57,0,57,0,1,61,0,62,132,0,132,194
01/31/2022,AEG,NM,ASW,CE,Federal Contract Tower,0,2,2,4,8,0,0,60,8,68,0,2,62,12,76,136,0,136,212
02/01/2022,AEG,NM,ASW,CE,Federal Contract Tower,0,0,5,6,11,0,0,51,16,67,0,0,56,22,78,120,0,120,198
02/02/2022,AEG,NM,ASW,CE,Federal Contract Tower,0,2,1,0,3,0,0,0,0,0,0,2,1,0,3,0,0,0,3
02/03/2022,AEG,NM,ASW,CE,Federal Contract Tower,0,0,1,0,1,0,0,13,14,27,0,0,14,14,28,6,0,6,34
02/04/2022,AEG,NM,ASW,CE,Federal Contract Tower,0,0,2,0,2,0,0,45,17,62,0,0,47,17,64,82,0,82,146
02/05/2022,AEG,NM,ASW,CE,Federal Contract Tower,0,0,3,0,3,0,0,80,4,84,0,0,83,4,87,136,0,136,223
02/06/2022,AEG,NM,ASW,CE,Federal Contract Tower,0,2,3,0,5,0,1,28,2,31,0,3,31,2,36,78,0,78,114
02/07/2022,AEG,NM,ASW,CE,Federal Contract Tower,0,0,0,0,0,0,0,76,12,88,0,0,76,12,88,204,0,204,292
02/08/2022,AEG,NM,ASW,CE,Federal Contract Tower,0,2,2,0,4,0,0,69,9,78,0,2,71,9,82,174,4,178,260
02/09/2022,AEG,NM,ASW,CE,Federal Contract Tower,0,0,8,0,8,0,0,77,18,95,0,0,85,18,103,106,0,106,209
02/10/2022,AEG,NM,ASW,CE,Federal Contract Tower,0,0,1,0,1,0,4,85,0,89,0,4,86,0,90,178,0,178,268
02/11/2022,AEG,NM,ASW,CE,Federal Contract Tower,0,2,5,0,7,0,0,63,0,63,0,2,68,0,70,98,0,98,168
02/12/2022,AEG,NM,ASW,CE,Federal Contract Tower,0,1,6,0,7,0,0,96,0,96,0,1,102,0,103,130,0,130,233
02/13/2022,AEG,NM,ASW,CE,Federal Contract Tower,0,4,2,0,6,0,0,89,0,89,0,4,91,0,95,86,0,86,181
02/14/2022,AEG,NM,ASW,CE,Federal Contract Tower,0,1,2,0,3,0,2,82,0,84,0,3,84,0,87,140,0,140,227
02/15/2022,AEG,NM,ASW,CE,Federal Contract Tower,0,1,4,0,5,0,2,77,2,81,0,3,81,2,86,196,0,196,282
02/16/2022,AEG,NM,ASW,CE,Federal Contract Tower,0,0,3,0,3,0,4,33,0,37,0,4,36,0,40,122,0,122,162
02/17/2022,AEG,NM,ASW,CE,Federal Contract Tower,0,0,8,0,8,0,0,6,0,6,0,0,14,0,14,2,0,2,16
02/18/2022,AEG,NM,ASW,CE,Federal Contract Tower,0,1,6,0,7,0,0,68,0,68,0,1,74,0,75,120,0,120,195
02/19/2022,AEG,NM,ASW,CE,Federal Contract Tower,0,1,5,0,6,0,0,107,0,107,0,1,112,0,113,130,0,130,243
02/20/2022,AEG,NM,ASW,CE,Federal Contract Tower,0,0,3,0,3,0,0,68,0,68,0,0,71,0,71,108,0,108,179
02/21/2022,AEG,NM,ASW,CE,Federal Contract Tower,0,0,5,0,5,0,0,65,0,65,0,0,70,0,70,156,0,156,226
02/22/2022,AEG,NM,ASW,CE,Federal Contract Tower,0,0,2,0,2,0,0,31,2,33,0,0,33,2,35,64,2,66,101
02/23/2022,AEG,NM,ASW,CE,Federal Contract Tower,0,0,4,0,4,0,0,2,0,2,0,0,6,0,6,0,0,0,6
02/24/2022,AEG,NM,ASW,CE,Federal Contract Tower,0,3,1,0,4,0,1,24,0,25,0,4,25,0,29,8,0,8,37
02/25/2022,AEG,NM,ASW,CE,Federal Contract Tower,0,1,6,6,13,0,0,89,0,89,0,1,95,6,102,186,0,186,288
02/26/2022,AEG,NM,ASW,CE,Federal Contract Tower,0,0,2,0,2,0,0,51,0,51,0,0,53,0,53,56,0,56,109
02/27/2022,AEG,NM,ASW,CE,Federal Contract Tower,0,0,1,0,1,0,0,77,0,77,0,0,78,0,78,142,0,142,220
02/28/2022,AEG,NM,ASW,CE,Federal Contract Tower,0,1,3,0,4,0,1,53,2,56,0,2,56,2,60,84,0,84,144
03/01/2022,AEG,NM,ASW,CE,Federal Contract Tower,0,2,1,0,3,0,1,77,0,78,0,3,78,0,81,216,0,216,297
03/02/2022,AEG,NM,ASW,CE,Federal Contract Tower,0,3,7,0,10,0,0,77,0,77,0,3,84,0,87,164,0,164,251
03/03/2022,AEG,NM,ASW,CE,Federal Contract Tower,0,0,4,0,4,0,0,74,0,74,0,0,78,0,78,190,0,190,268
03/04/2022,AEG,NM,ASW,CE,Federal Contract Tower,0,0,7,0,7,0,0,20,0,20,0,0,27,0,27,14,0,14,41
03/05/2022,AEG,NM,ASW,CE,Federal Contract Tower,0,0,4,4,8,0,2,53,0,55,0,2,57,4,63,90,0,90,153
03/06/2022,AEG,NM,ASW,CE,Federal Contract Tower,0,1,3,0,4,0,0,3,0,3,0,1,6,0,7,0,0,0,7
03/07/2022,AEG,NM,ASW,CE,Federal Contract Tower,0,0,8,0,8,0,0,46,0,46,0,0,54,0,54,74,0,74,128
03/08/2022,AEG,NM,ASW,CE,Federal Contract Tower,0,0,2,0,2,0,0,33,0,33,0,0,35,0,35,82,0,82,117
03/09/2022,AEG,NM,ASW,CE,Federal Contract Tower,0,1,8,0,9,0,0,55,0,55,0,1,63,0,64,114,0,114,178
03/10/2022,AEG,NM,ASW,CE,Federal Contract Tower,0,1,2,0,3,0,0,36,0,36,0,1,38,0,39,48,0,48,87
03/11/2022,AEG,NM,ASW,CE,Federal Contract Tower,0,5,8,0,13,0,0,29,0,29,0,5,37,0,42,72,0,72,114
03/12/2022,AEG,NM,ASW,CE,Federal Contract Tower,0,0,2,0,2,0,0,119,0,119,0,0,121,0,121,112,0,112,233
03/13/2022,AEG,NM,ASW,CE,Federal Contract Tower,0,0,3,0,3,0,0,62,0,62,0,0,65,0,65,106,0,106,171
03/14/2022,AEG,NM,ASW,CE,Federal Contract Tower,0,1,3,0,4,0,0,37,0,37,0,1,40,0,41,54,0,54,95
03/15/2022,AEG,NM,ASW,CE,Federal Contract Tower,0,1,4,0,5,0,2,96,0,98,0,3,100,0,103,314,0,314,417
03/16/2022,AEG,NM,ASW,CE,Federal Contract Tower,0,0,2,0,2,0,0,62,0,62,0,0,64,0,64,132,0,132,196
03/17/2022,AEG,NM,ASW,CE,Federal Contract Tower,0,0,2,0,2,0,0,13,0,13,0,0,15,0,15,4,0,4,19
03/18/2022,AEG,NM,ASW,CE,Federal Contract Tower,0,0,7,1,8,0,0,72,1,73,0,0,79,2,81,240,0,240,321
03/19/2022,AEG,NM,ASW,CE,Federal Contract Tower,0,0,5,0,5,0,0,166,0,166,0,0,171,0,171,152,0,152,323
03/20/2022,AEG,NM,ASW,CE,Federal Contract Tower,0,3,6,0,9,0,0,45,2,47,0,3,51,2,56,66,0,66,122
03/21/2022,AEG,NM,ASW,CE,Federal Contract Tower,0,0,8,0,8,0,0,8,2,10,0,0,16,2,18,26,0,26,44
03/22/2022,AEG,NM,ASW,CE,Federal Contract Tower,0,4,2,0,6,0,0,6,0,6,0,4,8,0,12,0,0,0,12
03/23/2022,AEG,NM,ASW,CE,Federal Contract Tower,0,4,9,0,13,0,0,30,3,33,0,4,39,3,46,70,0,70,116
03/24/2022,AEG,NM,ASW,CE,Federal Contract Tower,0,0,2,0,2,0,3,90,0,93,0,3,92,0,95,208,0,208,303
03/25/2022,AEG,NM,ASW,CE,Federal Contract Tower,0,1,8,1,10,0,1,96,2,99,0,2,104,3,109,218,0,218,327
03/26/2022,AEG,NM,ASW,CE,Federal Contract Tower,0,0,4,0,4,0,0,102,1,103,0,0,106,1,107,156,0,156,263
03/27/2022,AEG,NM,ASW,CE,Federal Contract Tower,0,0,4,0,4,0,0,108,2,110,0,0,112,2,114,180,0,180,294
03/28/2022,AEG,NM,ASW,CE,Federal Contract Tower,0,0,3,0,3,0,0,57,3,60,0,0,60,3,63,108,0,108,171
03/29/2022,AEG,NM,ASW,CE,Federal Contract Tower,0,1,3,0,4,0,0,23,2,25,0,1,26,2,29,12,2,14,43
03/30/2022,AEG,NM,ASW,CE,Federal Contract Tower,0,1,1,0,2,0,0,7,0,7,0,1,8,0,9,0,0,0,9
03/31/2022,AEG,NM,ASW,CE,Federal Contract Tower,0,0,4,0,4,0,0,78,10,88,0,0,82,10,92,166,0,166,258
04/01/2022,AEG,NM,ASW,CE,Federal Contract Tower,0,0,9,2,11,0,0,32,2,34,0,0,41,4,45,34,0,34,79
04/02/2022,AEG,NM,ASW,CE,Federal Contract Tower,0,0,1,0,1,0,0,114,0,114,0,0,115,0,115,56,0,56,171
04/03/2022,AEG,NM,ASW,CE,Federal Contract Tower,0,0,4,0,4,0,0,83,0,83,0,0,87,0,87,90,0,90,177
04/04/2022,AEG,NM,ASW,CE,Federal Contract Tower,0,0,3,0,3,0,0,47,0,47,0,0,50,0,50,54,22,76,126
04/05/2022,AEG,NM,ASW,CE,Federal Contract Tower,0,0,1,0,1,0,0,20,5,25,0,0,21,5,26,46,0,46,72
04/06/2022,AEG,NM,ASW,CE,Federal Contract Tower,0,0,3,0,3,0,0,5,1,6,0,0,8,1,9,0,0,0,9
04/07/2022,AEG,NM,ASW,CE,Federal Contract Tower,0,0,9,0,9,0,0,76,0,76,0,0,85,0,85,140,0,140,225
04/08/2022,AEG,NM,ASW,CE,Federal Contract Tower,0,1,7,0,8,0,0,98,3,101,0,1,105,3,109,156,16,172,281
04/09/2022,AEG,NM,ASW,CE,Federal Contract Tower,0,0,4,0,4,0,0,84,0,84,0,0,88,0,88,104,0,104,192
04/10/2022,AEG,NM,ASW,CE,Federal Contract Tower,0,0,1,6,7,0,1,11,0,12,0,1,12,6,19,4,0,4,23
04/11/2022,AEG,NM,ASW,CE,Federal Contract Tower,0,0,3,0,3,0,0,49,0,49,0,0,52,0,52,16,0,16,68
04/12/2022,AEG,NM,ASW,CE,Federal Contract Tower,0,0,3,0,3,0,0,10,0,10,0,0,13,0,13,0,0,0,13
04/13/2022,AEG,NM,ASW,CE,Federal Contract Tower,0,2,3,2,7,0,0,31,0,31,0,2,34,2,38,0,0,0,38
04/14/2022,AEG,NM,ASW,CE,Federal Contract Tower,0,5,4,0,9,0,1,57,0,58,0,6,61,0,67,42,0,42,109
04/15/2022,AEG,NM,ASW,CE,Federal Contract Tower,0,0,9,2,11,0,0,62,0,62,0,0,71,2,73,66,0,66,139
04/16/2022,AEG,NM,ASW,CE,Federal Contract Tower,0,0,2,0,2,0,0,78,0,78,0,0,80,0,80,122,0,122,202
04/17/2022,AEG,NM,ASW,CE,Federal Contract Tower,0,0,4,0,4,0,0,32,0,32,0,0,36,0,36,33,0,33,69
04/18/2022,AEG,NM,ASW,CE,Federal Contract Tower,0,0,3,0,3,0,0,61,1,62,0,0,64,1,65,90,0,90,155
04/19/2022,AEG,NM,ASW,CE,Federal Contract Tower,0,0,2,0,2,0,0,34,0,34,0,0,36,0,36,138,0,138,174
04/20/2022,AEG,NM,ASW,CE,Federal Contract Tower,0,0,8,1,9,0,0,56,1,57,0,0,64,2,66,26,2,28,94
04/21/2022,AEG,NM,ASW,CE,Federal Contract Tower,0,0,9,1,10,0,0,82,3,85,0,0,91,4,95,90,8,98,193
04/22/2022,AEG,NM,ASW,CE,Federal Contract Tower,0,0,0,0,0,0,0,6,0,6,0,0,6,0,6,10,0,10,16
04/23/2022,AEG,NM,ASW,CE,Federal Contract Tower,0,0,1,0,1,0,0,51,4,55,0,0,52,4,56,32,0,32,88
04/24/2022,AEG,NM,ASW,CE,Federal Contract Tower,0,1,1,0,2,0,0,79,0,79,0,1,80,0,81,124,0,124,205
04/25/2022,AEG,NM,ASW,CE,Federal Contract Tower,0,1,3,0,4,0,9,42,3,54,0,10,45,3,58,104,32,136,194
04/26/2022,AEG,NM,ASW,CE,Federal Contract Tower,0,1,0,0,1,0,1,42,5,48,0,2,42,5,49,104,2,106,155
04/27/2022,AEG,NM,ASW,CE,Federal Contract Tower,0,1,1,1,3,0,0,64,9,73,0,1,65,10,76,122,6,128,204
04/28/2022,AEG,NM,ASW,CE,Federal Contract Tower,0,0,7,3,10,0,0,49,15,64,0,0,56,18,74,172,10,182,256
04/29/2022,AEG,NM,ASW,CE,Federal Contract Tower,0,0,1,0,1,0,0,23,1,24,0,0,24,1,25,50,0,50,75
04/30/2022,AEG,NM,ASW,CE,Federal Contract Tower,0,0,1,0,1,0,0,110,0,110,0,0,111,0,111,172,0,172,283
05/01/2022,AEG,NM,ASW,CE,Federal Contract Tower,0,1,3,0,4,0,0,31,0,31,0,1,34,0,35,72,0,72,107
05/02/2022,AEG,NM,ASW,CE,Federal Contract Tower,0,3,1,0,4,0,0,18,2,20,0,3,19,2,24,16,2,18,42
05/03/2022,AEG,NM,ASW,CE,Federal Contract Tower,0,1,6,0,7,0,0,41,5,46,0,1,47,5,53,68,18,86,139
05/04/2022,AEG,NM,ASW,CE,Federal Contract Tower,0,0,5,0,5,0,0,29,0,29,0,0,34,0,34,28,0,28,62
05/05/2022,AEG,NM,ASW,CE,Federal Contract Tower,0,0,5,0,5,0,0,56,0,56,0,0,61,0,61,34,0,34,95
05/06/2022,AEG,NM,ASW,CE,Federal Contract Tower,0,3,1,0,4,0,0,61,0,61,0,3,62,0,65,100,0,100,165
05/07/2022,AEG,NM,ASW,CE,Federal Contract Tower,0,0,2,0,2,0,0,106,0,106,0,0,108,0,108,44,0,44,152
05/08/2022,AEG,NM,ASW,CE,Federal Contract Tower,0,1,1,0,2,0,0,25,2,27,0,1,26,2,29,50,4,54,83
05/09/2022,AEG,NM,ASW,CE,Federal Contract Tower,0,0,8,2,10,0,24,3,1,28,0,24,11,3,38,16,0,16,54
05/10/2022,AEG,NM,ASW,CE,Federal Contract Tower,0,0,9,0,9,0,6,75,9,90,0,6,84,9,99,112,0,112,211
05/11/2022,AEG,NM,ASW,CE,Federal Contract Tower,0,1,1,0,2,0,3,39,11,53,0,4,40,11,55,128,0,128,183
05/12/2022,AEG,NM,ASW,CE,Federal Contract Tower,0,0,2,0,2,0,0,68,8,76,0,0,70,8,78,122,0,122,200
05/13/2022,AEG,NM,ASW,CE,Federal Contract Tower,0,0,2,0,2,0,0,75,5,80,0,0,77,5,82,102,0,102,184
05/14/2022,AEG,NM,ASW,CE,Federal Contract Tower,0,1,15,0,16,0,1,99,2,102,0,2,114,2,118,114,4,118,236
05/15/2022,AEG,NM,ASW,CE,Federal Contract Tower,0,0,3,0,3,0,0,86,4,90,0,0,89,4,93,48,2,50,143
05/16/2022,AEG,NM,ASW,CE,Federal Contract Tower,0,1,8,0,9,0,1,63,4,68,0,2,71,4,77,110,0,110,187
05/17/2022,AEG,NM,ASW,CE,Federal Contract Tower,0,2,2,1,5,0,0,68,9,77,0,2,70,10,82,134,8,142,224
05/18/2022,AEG,NM,ASW,CE,Federal Contract Tower,0,1,5,0,6,0,4,79,3,86,0,5,84,3,92,178,0,178,270
05/19/2022,AEG,NM,ASW,CE,Federal Contract Tower,0,0,8,0,8,0,0,56,7,63,0,0,64,7,71,84,0,84,155
05/20/2022,AEG,NM,ASW,CE,Federal Contract Tower,0,3,5,0,8,0,2,27,0,29,0,5,32,0,37,48,0,48,85
05/21/2022,AEG,NM,ASW,CE,Federal Contract Tower,0,0,1,0,1,0,0,57,3,60,0,0,58,3,61,62,10,72,133
05/22/2022,AEG,NM,ASW,CE,Federal Contract Tower,0,0,5,0,5,0,0,19,4,23,0,0,24,4,28,16,0,16,44
05/23/2022,AEG,NM,ASW,CE,Federal Contract Tower,0,2,6,0,8,0,0,67,1,68,0,2,73,1,76,132,0,132,208
05/24/2022,AEG,NM,ASW,CE,Federal Contract Tower,0,0,7,0,7,0,0,43,2,45,0,0,50,2,52,52,0,52,104
05/25/2022,AEG,NM,ASW,CE,Federal Contract Tower,0,0,4,0,4,0,2,66,7,75,0,2,70,7,79,162,0,162,241
05/26/2022,AEG,NM,ASW,CE,Federal Contract Tower,0,1,10,0,11,0,0,83,0,83,0,1,93,0,94,108,0,108,202
05/27/2022,AEG,NM,ASW,CE,Federal Contract Tower,0,5,9,0,14,0,3,73,0,76,0,8,82,0,90,138,0,138,228
05/28/2022,AEG,NM,ASW,CE,Federal Contract Tower,0,1,3,0,4,0,0,57,0,57,0,1,60,0,61,46,0,46,107
05/29/2022,AEG,NM,ASW,CE,Federal Contract Tower,0,1,1,0,2,0,0,24,0,24,0,1,25,0,26,80,0,80,106
05/30/2022,AEG,NM,ASW,CE,Federal Contract Tower,0,0,7,0,7,0,0,24,0,24,0,0,31,0,31,36,0,36,67
05/31/2022,AEG,NM,ASW,CE,Federal Contract Tower,0,0,2,2,4,0,0,60,0,60,0,0,62,2,64,118,0,118,182
06/01/2022,AEG,NM,ASW,CE,Federal Contract Tower,0,0,3,0,3,0,0,40,2,42,0,0,43,2,45,30,0,30,75
06/02/2022,AEG,NM,ASW,CE,Federal Contract Tower,0,1,8,1,10,0,0,64,2,66,0,1,72,3,76,172,10,182,258
06/03/2022,AEG,NM,ASW,CE,Federal Contract Tower,0,1,4,0,5,0,0,58,0,58,0,1,62,0,63,134,0,134,197
06/04/2022,AEG,NM,ASW,CE,Federal Contract Tower,0,0,6,0,6,0,0,89,0,89,0,0,95,0,95,78,0,78,173
06/05/2022,AEG,NM,ASW,CE,Federal Contract Tower,0,0,7,0,7,0,0,62,1,63,0,0,69,1,70,123,0,123,193
06/06/2022,AEG,NM,ASW,CE,Federal Contract Tower,0,1,3,0,4,0,2,48,5,55,0,3,51,5,59,72,8,80,139
06/07/2022,AEG,NM,ASW,CE,Federal Contract Tower,0,0,1,0,1,0,0,46,0,46,0,0,47,0,47,166,0,166,213
06/08/2022,AEG,NM,ASW,CE,Federal Contract Tower,0,0,5,0,5,0,4,37,0,41,0,4,42,0,46,142,0,142,188
06/09/2022,AEG,NM,ASW,CE,Federal Contract Tower,0,0,6,0,6,0,0,69,0,69,0,0,75,0,75,104,0,104,179
06/10/2022,AEG,NM,ASW,CE,Federal Contract Tower,0,0,4,0,4,0,0,108,0,108,0,0,112,0,112,92,0,92,204
06/11/2022,AEG,NM,ASW,CE,Federal Contract Tower,0,0,3,0,3,0,0,96,0,96,0,0,99,0,99,54,0,54,153
06/12/2022,AEG,NM,ASW,CE,Federal Contract Tower,0,0,1,0,1,0,0,53,0,53,0,0,54,0,54,50,0,50,104
06/13/2022,AEG,NM,ASW,CE,Federal Contract Tower,0,0,1,0,1,0,0,52,2,54,0,0,53,2,55,138,0,138,193
06/14/2022,AEG,NM,ASW,CE,Federal Contract Tower,0,0,4,0,4,0,0,59,3,62,0,0,63,3,66,110,0,110,176
06/15/2022,AEG,NM,ASW,CE,Federal Contract Tower,0,1,9,0,10,0,0,54,3,57,0,1,63,3,67,104,12,116,183
06/16/2022,AEG,NM,ASW,CE,Federal Contract Tower,0,0,2,0,2,0,0,69,3,72,0,0,71,3,74,112,14,126,200
06/17/2022,AEG,NM,ASW,CE,Federal Contract Tower,0,0,8,0,8,0,0,47,1,48,0,0,55,1,56,86,0,86,142
06/18/2022,AEG,NM,ASW,CE,Federal Contract Tower,0,0,3,0,3,0,0,69,1,70,0,0,72,1,73,130,0,130,203
06/19/2022,AEG,NM,ASW,CE,Federal Contract Tower,0,0,1,0,1,0,0,17,0,17,0,0,18,0,18,48,0,48,66
06/20/2022,AEG,NM,ASW,CE,Federal Contract Tower,0,0,5,0,5,0,0,65,2,67,0,0,70,2,72,172,0,172,244
06/21/2022,AEG,NM,ASW,CE,Federal Contract Tower,0,0,0,0,0,0,0,47,1,48,0,0,47,1,48,158,0,158,206
06/22/2022,AEG,NM,ASW,CE,Federal Contract Tower,0,1,1,0,2,0,1,23,0,24,0,2,24,0,26,0,0,0,26
06/23/2022,AEG,NM,ASW,CE,Federal Contract Tower,0,0,5,2,7,0,0,49,2,51,0,0,54,4,58,53,0,53,111
06/24/2022,AEG,NM,ASW,CE,Federal Contract Tower,0,1,8,2,11,0,0,68,4,72,0,1,76,6,83,82,0,82,165
06/25/2022,AEG,NM,ASW,CE,Federal Contract Tower,0,0,3,0,3,0,0,95,1,96,0,0,98,1,99,102,0,102,201
06/26/2022,AEG,NM,ASW,CE,Federal Contract Tower,0,0,14,0,14,0,0,5,0,5,0,0,19,0,19,36,0,36,55
06/27/2022,AEG,NM,ASW,CE,Federal Contract Tower,0,0,24,0,24,0,0,5,0,5,0,0,29,0,29,2,0,2,31
06/28/2022,AEG,NM,ASW,CE,Federal Contract Tower,0,3,0,0,3,0,0,61,4,65,0,3,61,4,68,148,0,148,216
06/29/2022,AEG,NM,ASW,CE,Federal Contract Tower,0,1,2,1,4,0,5,60,3,68,0,6,62,4,72,170,0,170,242
06/30/2022,AEG,NM,ASW,CE,Federal Contract Tower,0,1,9,0,10,0,0,61,0,61,0,1,70,0,71,60,0,60,131
07/01/2022,AEG,NM,ASW,CE,Federal Contract Tower,0,1,4,0,5,0,1,78,0,79,0,2,82,0,84,130,0,130,214
07/02/2022,AEG,NM,ASW,CE,Federal Contract Tower,0,0,4,0,4,0,0,61,0,61,0,0,65,0,65,118,0,118,183
07/03/2022,AEG,NM,ASW,CE,Federal Contract Tower,0,0,4,0,4,0,0,50,0,50,0,0,54,0,54,104,0,104,158
07/04/2022,AEG,NM,ASW,CE,Federal Contract Tower,0,0,3,0,3,0,0,57,0,57,0,0,60,0,60,54,0,54,114
07/05/2022,AEG,NM,ASW,CE,Federal Contract Tower,0,0,4,3,7,0,0,49,0,49,0,0,53,3,56,37,0,37,93
07/06/2022,AEG,NM,ASW,CE,Federal Contract Tower,0,0,5,0,5,0,0,72,0,72,0,0,77,0,77,50,0,50,127
07/07/2022,AEG,NM,ASW,CE,Federal Contract Tower,0,0,1,3,4,0,2,65,1,68,0,2,66,4,72,124,0,124,196
07/08/2022,AEG,NM,ASW,CE,Federal Contract Tower,0,0,2,0,2,0,0,50,0,50,0,0,52,0,52,62,0,62,114
07/09/2022,AEG,NM,ASW,CE,Federal Contract Tower,0,0,9,0,9,0,0,70,0,70,0,0,79,0,79,116,0,116,195
07/10/2022,AEG,NM,ASW,CE,Federal Contract Tower,0,0,12,0,12,0,0,63,0,63,0,0,75,0,75,88,0,88,163
07/11/2022,AEG,NM,ASW,CE,Federal Contract Tower,0,4,0,0,4,0,0,63,0,63,0,4,63,0,67,84,0,84,151
07/12/2022,AEG,NM,ASW,CE,Federal Contract Tower,0,0,1,0,1,0,0,38,0,38,0,0,39,0,39,48,2,50,89
07/13/2022,AEG,NM,ASW,CE,Federal Contract Tower,0,1,0,2,3,0,0,70,0,70,0,1,70,2,73,120,0,120,193
07/14/2022,AEG,NM,ASW,CE,Federal Contract Tower,0,0,10,0,10,0,0,73,2,75,0,0,83,2,85,48,0,48,133
07/15/2022,AEG,NM,ASW,CE,Federal Contract Tower,0,0,1,0,1,0,0,47,3,50,0,0,48,3,51,56,0,56,107
07/16/2022,AEG,NM,ASW,CE,Federal Contract Tower,0,0,1,0,1,0,0,58,0,58,0,0,59,0,59,158,0,158,217
07/17/2022,AEG,NM,ASW,CE,Federal Contract Tower,0,0,4,0,4,0,0,72,0,72,0,0,76,0,76,84,0,84,160
07/18/2022,AEG,NM,ASW,CE,Federal Contract Tower,0,0,4,0,4,0,0,63,0,63,0,0,67,0,67,108,0,108,175
07/19/2022,AEG,NM,ASW,CE,Federal Contract Tower,0,3,1,0,4,0,0,58,6,64,0,3,59,6,68,54,56,110,178
07/20/2022,AEG,NM,ASW,CE,Federal Contract Tower,0,0,5,0,5,0,0,49,0,49,0,0,54,0,54,118,0,118,172
07/21/2022,AEG,NM,ASW,CE,Federal Contract Tower,0,2,4,0,6,0,0,83,0,83,0,2,87,0,89,92,0,92,181
07/22/2022,AEG,NM,ASW,CE,Federal Contract Tower,0,0,3,0,3,0,0,46,2,48,0,0,49,2,51,46,0,46,97
07/23/2022,AEG,NM,ASW,CE,Federal Contract Tower,0,0,4,0,4,0,0,92,0,92,0,0,96,0,96,70,0,70,166
07/24/2022,AEG,NM,ASW,CE,Federal Contract Tower,0,2,4,0,6,0,0,63,1,64,0,2,67,1,70,100,0,100,170
07/25/2022,AEG,NM,ASW,CE,Federal Contract Tower,0,0,0,0,0,0,0,43,0,43,0,0,43,0,43,110,0,110,153
07/26/2022,AEG,NM,ASW,CE,Federal Contract Tower,0,0,2,0,2,0,0,47,10,57,0,0,49,10,59,92,4,96,155
07/27/2022,AEG,NM,ASW,CE,Federal Contract Tower,0,0,4,0,4,0,0,70,0,70,0,0,74,0,74,112,0,112,186
07/28/2022,AEG,NM,ASW,CE,Federal Contract Tower,0,0,5,1,6,0,0,53,2,55,0,0,58,3,61,30,0,30,91
07/29/2022,AEG,NM,ASW,CE,Federal Contract Tower,0,2,4,0,6,0,0,52,0,52,0,2,56,0,58,90,0,90,148
07/30/2022,AEG,NM,ASW,CE,Federal Contract Tower,0,0,3,0,3,0,0,83,2,85,0,0,86,2,88,50,0,50,138
07/31/2022,AEG,NM,ASW,CE,Federal Contract Tower,0,0,9,0,9,0,0,66,2,68,0,0,75,2,77,120,0,120,197
08/01/2022,AEG,NM,ASW,CE,Federal Contract Tower,0,1,9,0,10,0,1,57,0,58,0,2,66,0,68,83,0,83,151
08/02/2022,AEG,NM,ASW,CE,Federal Contract Tower,0,0,5,0,5,0,0,64,2,66,0,0,69,2,71,120,0,120,191
08/03/2022,AEG,NM,ASW,CE,Federal Contract Tower,0,1,3,0,4,0,0,48,4,52,0,1,51,4,56,58,4,62,118
08/04/2022,AEG,NM,ASW,CE,Federal Contract Tower,0,1,7,0,8,0,4,30,4,38,0,5,37,4,46,60,0,60,106
08/05/2022,AEG,NM,ASW,CE,Federal Contract Tower,0,4,4,0,8,0,13,57,3,73,0,17,61,3,81,118,0,118,199
08/06/2022,AEG,NM,ASW,CE,Federal Contract Tower,0,0,7,0,7,0,0,81,0,81,0,0,88,0,88,100,0,100,188
08/07/2022,AEG,NM,ASW,CE,Federal Contract Tower,0,0,2,0,2,0,0,52,0,52,0,0,54,0,54,98,0,98,152
08/08/2022,AEG,NM,ASW,CE,Federal Contract Tower,0,1,3,0,4,0,0,44,1,45,0,1,47,1,49,114,0,114,163
08/09/2022,AEG,NM,ASW,CE,Federal Contract Tower,0,0,5,0,5,0,0,42,1,43,0,0,47,1,48,96,0,96,144
08/10/2022,AEG,NM,ASW,CE,Federal Contract Tower,0,0,2,0,2,0,0,45,9,54,0,0,47,9,56,66,0,66,122
08/11/2022,AEG,NM,ASW,CE,Federal Contract Tower,0,0,4,0,4,0,0,53,7,60,0,0,57,7,64,104,0,104,168
08/12/2022,AEG,NM,ASW,CE,Federal Contract Tower,0,0,5,0,5,0,0,53,5,58,0,0,58,5,63,82,0,82,145
08/13/2022,AEG,NM,ASW,CE,Federal Contract Tower,0,0,2,0,2,0,0,87,4,91,0,0,89,4,93,82,0,82,175
08/14/2022,AEG,NM,ASW,CE,Federal Contract Tower,0,0,3,0,3,0,0,69,2,71,0,0,72,2,74,92,0,92,166
08/15/2022,AEG,NM,ASW,CE,Federal Contract Tower,0,0,6,0,6,0,0,40,2,42,0,0,46,2,48,118,2,120,168
08/16/2022,AEG,NM,ASW,CE,Federal Contract Tower,0,1,4,0,5,0,0,39,4,43,0,1,43,4,48,90,6,96,144
08/17/2022,AEG,NM,ASW,CE,Federal Contract Tower,0,0,1,0,1,0,0,64,1,65,0,0,65,1,66,72,4,76,142
08/18/2022,AEG,NM,ASW,CE,Federal Contract Tower,0,3,8,0,11,0,0,56,2,58,0,3,64,2,69,78,0,78,147
08/19/2022,AEG,NM,ASW,CE,Federal Contract Tower,0,0,5,0,5,0,0,47,1,48,0,0,52,1,53,90,0,90,143
08/20/2022,AEG,NM,ASW,CE,Federal Contract Tower,0,0,1,0,1,0,0,2,0,2,0,0,3,0,3,18,0,18,21
08/21/2022,AEG,NM,ASW,CE,Federal Contract Tower,0,1,8,0,9,0,0,55,0,55,0,1,63,0,64,64,0,64,128
08/22/2022,AEG,NM,ASW,CE,Federal Contract Tower,0,3,4,0,7,0,0,34,0,34,0,3,38,0,41,104,0,104,145
08/23/2022,AEG,NM,ASW,CE,Federal Contract Tower,0,0,6,0,6,0,0,52,5,57,0,0,58,5,63,126,0,126,189
08/24/2022,AEG,NM,ASW,CE,Federal Contract Tower,0,2,3,0,5,0,0,65,3,68,0,2,68,3,73,160,0,160,233
08/25/2022,AEG,NM,ASW,CE,Federal Contract Tower,0,0,10,0,10,0,0,52,7,59,0,0,62,7,69,88,8,96,165
08/26/2022,AEG,NM,ASW,CE,Federal Contract Tower,0,0,6,0,6,0,0,56,1,57,0,0,62,1,63,90,0,90,153
08/27/2022,AEG,NM,ASW,CE,Federal Contract Tower,0,2,1,0,3,0,0,62,2,64,0,2,63,2,67,82,0,82,149
08/28/2022,AEG,NM,ASW,CE,Federal Contract Tower,0,0,5,0,5,0,0,68,2,70,0,0,73,2,75,72,0,72,147
08/29/2022,AEG,NM,ASW,CE,Federal Contract Tower,0,2,1,0,3,0,0,38,0,38,0,2,39,0,41,40,0,40,81
08/30/2022,AEG,NM,ASW,CE,Federal Contract Tower,0,0,0,0,0,0,0,42,4,46,0,0,42,4,46,102,0,102,148
08/31/2022,AEG,NM,ASW,CE,Federal Contract Tower,0,1,4,0,5,0,0,47,4,51,0,1,51,4,56,126,0,126,182
09/01/2022,AEG,NM,ASW,CE,Federal Contract Tower,0,1,2,0,3,0,0,50,0,50,0,1,52,0,53,88,0,88,141
09/02/2022,AEG,NM,ASW,CE,Federal Contract Tower,0,0,11,0,11,0,0,61,0,61,0,0,72,0,72,40,0,40,112
09/03/2022,AEG,NM,ASW,CE,Federal Contract Tower,0,3,3,0,6,0,0,35,0,35,0,3,38,0,41,26,0,26,67
09/04/2022,AEG,NM,ASW,CE,Federal Contract Tower,0,0,1,0,1,0,0,50,0,50,0,0,51,0,51,96,0,96,147
09/05/2022,AEG,NM,ASW,CE,Federal Contract Tower,0,1,5,0,6,0,0,73,1,74,0,1,78,1,80,180,0,180,260
09/06/2022,AEG,NM,ASW,CE,Federal Contract Tower,0,0,5,0,5,0,0,62,4,66,0,0,67,4,71,64,0,64,135
09/07/2022,AEG,NM,ASW,CE,Federal Contract Tower,0,0,4,0,4,0,0,74,0,74,0,0,78,0,78,104,0,104,182
09/08/2022,AEG,NM,ASW,CE,Federal Contract Tower,0,1,3,0,4,0,0,43,4,47,0,1,46,4,51,82,0,82,133
09/09/2022,AEG,NM,ASW,CE,Federal Contract Tower,0,0,7,0,7,0,0,87,0,87,0,0,94,0,94,174,0,174,268
09/10/2022,AEG,NM,ASW,CE,Federal Contract Tower,0,1,2,0,3,0,0,98,0,98,0,1,100,0,101,36,0,36,137
09/11/2022,AEG,NM,ASW,CE,Federal Contract Tower,0,0,0,0,0,0,0,67,0,67,0,0,67,0,67,28,0,28,95
09/12/2022,AEG,NM,ASW,CE,Federal Contract Tower,0,0,9,0,9,0,0,59,0,59,0,0,68,0,68,82,0,82,150
09/13/2022,AEG,NM,ASW,CE,Federal Contract Tower,0,1,11,3,15,0,0,59,4,63,0,1,70,7,78,90,6,96,174
09/14/2022,AEG,NM,ASW,CE,Federal Contract Tower,0,0,8,0,8,0,0,54,3,57,0,0,62,3,65,94,4,98,163
09/15/2022,AEG,NM,ASW,CE,Federal Contract Tower,0,2,4,2,8,0,0,76,5,81,0,2,80,7,89,88,0,88,177
09/16/2022,AEG,NM,ASW,CE,Federal Contract Tower,0,2,7,0,9,0,0,89,0,89,0,2,96,0,98,92,0,92,190
09/17/2022,AEG,NM,ASW,CE,Federal Contract Tower,0,1,8,0,9,0,0,83,0,83,0,1,91,0,92,48,0,48,140
09/18/2022,AEG,NM,ASW,CE,Federal Contract Tower,0,0,8,0,8,0,0,58,0,58,0,0,66,0,66,16,0,16,82
09/19/2022,AEG,NM,ASW,CE,Federal Contract Tower,0,1,3,0,4,0,0,66,5,71,0,1,69,5,75,94,0,94,169
09/20/2022,AEG,NM,ASW,CE,Federal Contract Tower,0,0,6,0,6,0,0,67,6,73,0,0,73,6,79,70,2,72,151
09/21/2022,AEG,NM,ASW,CE,Federal Contract Tower,0,0,3,0,3,0,0,63,2,65,0,0,66,2,68,44,0,44,112
09/22/2022,AEG,NM,ASW,CE,Federal Contract Tower,0,0,5,0,5,0,1,71,6,78,0,1,76,6,83,68,0,68,151
09/23/2022,AEG,NM,ASW,CE,Federal Contract Tower,0,0,8,2,10,0,0,83,2,85,0,0,91,4,95,66,0,66,161
09/24/2022,AEG,NM,ASW,CE,Federal Contract Tower,0,0,3,0,3,0,0,200,0,200,0,0,203,0,203,52,0,52,255
09/25/2022,AEG,NM,ASW,CE,Federal Contract Tower,0,0,1,0,1,0,0,47,0,47,0,0,48,0,48,22,0,22,70
09/26/2022,AEG,NM,ASW,CE,Federal Contract Tower,0,0,6,0,6,0,0,74,2,76,0,0,80,2,82,78,2,80,162
09/27/2022,AEG,NM,ASW,CE,Federal Contract Tower,0,0,0,0,0,0,0,48,2,50,0,0,48,2,50,86,12,98,148
09/28/2022,AEG,NM,ASW,CE,Federal Contract Tower,0,0,3,0,3,0,1,70,1,72,0,1,73,1,75,128,18,146,221
09/29/2022,AEG,NM,ASW,CE,Federal Contract Tower,0,0,1,0,1,0,2,85,2,89,0,2,86,2,90,154,0,154,244
09/30/2022,AEG,NM,ASW,CE,Federal Contract Tower,0,0,5,0,5,0,2,69,0,71,0,2,74,0,76,78,0,78,154
10/01/2022,AEG,NM,ASW,CE,Federal Contract Tower,0,0,3,0,3,0,0,71,0,71,0,0,74,0,74,44,0,44,118
10/02/2022,AEG,NM,ASW,CE,Federal Contract Tower,0,0,9,0,9,0,0,56,0,56,0,0,65,0,65,90,0,90,155
10/03/2022,AEG,NM,ASW,CE,Federal Contract Tower,0,1,4,0,5,0,0,27,0,27,0,1,31,0,32,58,0,58,90
10/04/2022,AEG,NM,ASW,CE,Federal Contract Tower,0,0,1,0,1,0,0,19,0,19,0,0,20,0,20,30,0,30,50
10/05/2022,AEG,NM,ASW,CE,Federal Contract Tower,0,1,10,0,11,0,0,3,0,3,0,1,13,0,14,0,0,0,14
10/06/2022,AEG,NM,ASW,CE,Federal Contract Tower,0,0,5,0,5,0,0,35,0,35,0,0,40,0,40,76,0,76,116
10/07/2022,AEG,NM,ASW,CE,Federal Contract Tower,0,1,10,0,11,0,0,48,0,48,0,1,58,0,59,84,0,84,143
10/08/2022,AEG,NM,ASW,CE,Federal Contract Tower,0,0,5,0,5,0,0,13,0,13,0,0,18,0,18,0,0,0,18
10/09/2022,AEG,NM,ASW,CE,Federal Contract Tower,0,0,2,0,2,0,0,69,0,69,0,0,71,0,71,116,0,116,187
10/10/2022,AEG,NM,ASW,CE,Federal Contract Tower,0,4,5,0,9,0,2,82,2,86,0,6,87,2,95,126,0,126,221
10/11/2022,AEG,NM,ASW,CE,Federal Contract Tower,0,0,0,0,0,0,0,70,0,70,0,0,70,0,70,114,0,114,184
10/12/2022,AEG,NM,ASW,CE,Federal Contract Tower,0,0,4,0,4,0,1,63,2,66,0,1,67,2,70,120,14,134,204
10/13/2022,AEG,NM,ASW,CE,Federal Contract Tower,0,0,7,1,8,0,1,64,4,69,0,1,71,5,77,78,0,78,155
10/14/2022,AEG,NM,ASW,CE,Federal Contract Tower,0,0,6,1,7,0,0,61,1,62,0,0,67,2,69,112,0,112,181
10/15/2022,AEG,NM,ASW,CE,Federal Contract Tower,0,0,6,0,6,0,2,151,6,159,0,2,157,6,165,70,2,72,237
10/16/2022,AEG,NM,ASW,CE,Federal Contract Tower,0,0,4,0,4,0,0,5,2,7,0,0,9,2,11,0,0,0,11
10/17/2022,AEG,NM,ASW,CE,Federal Contract Tower,0,0,5,0,5,0,0,32,2,34,0,0,37,2,39,48,0,48,87
10/19/2022,AEG,NM,ASW,CE,Federal Contract Tower,0,1,5,0,6,0,0,84,3,87,0,1,89,3,93,120,0,120,213
10/20/2022,AEG,NM,ASW,CE,Federal Contract Tower,0,0,13,0,13,0,2,81,0,83,0,2,94,0,96,112,0,112,208
10/21/2022,AEG,NM,ASW,CE,Federal Contract Tower,0,1,7,0,8,0,0,54,5,59,0,1,61,5,67,36,0,36,103
10/22/2022,AEG,NM,ASW,CE,Federal Contract Tower,0,0,10,0,10,0,2,90,0,92,0,2,100,0,102,80,0,80,182
10/23/2022,AEG,NM,ASW,CE,Federal Contract Tower,0,0,2,0,2,0,0,5,1,6,0,0,7,1,8,8,0,8,16
10/24/2022,AEG,NM,ASW,CE,Federal Contract Tower,0,0,1,0,1,0,0,9,0,9,0,0,10,0,10,6,0,6,16
10/25/2022,AEG,NM,ASW,CE,Federal Contract Tower,0,0,1,0,1,0,0,62,0,62,0,0,63,0,63,96,0,96,159
10/26/2022,AEG,NM,ASW,CE,Federal Contract Tower,0,0,6,0,6,0,0,59,0,59,0,0,65,0,65,90,0,90,155
10/27/2022,AEG,NM,ASW,CE,Federal Contract Tower,0,0,5,0,5,0,0,27,0,27,0,0,32,0,32,24,0,24,56
10/28/2022,AEG,NM,ASW,CE,Federal Contract Tower,0,0,3,0,3,0,0,73,0,73,0,0,76,0,76,100,0,100,176
10/29/2022,AEG,NM,ASW,CE,Federal Contract Tower,0,0,4,0,4,0,0,82,0,82,0,0,86,0,86,42,0,42,128
10/30/2022,AEG,NM,ASW,CE,Federal Contract Tower,0,0,6,0,6,0,0,60,0,60,0,0,66,0,66,60,0,60,126
10/31/2022,AEG,NM,ASW,CE,Federal Contract Tower,0,0,7,0,7,0,0,52,0,52,0,0,59,0,59,114,0,114,173
11/01/2022,AEG,NM,ASW,CE,Federal Contract Tower,0,0,10,0,10,0,0,65,4,69,0,0,75,4,79,136,0,136,215
11/02/2022,AEG,NM,ASW,CE,Federal Contract Tower,0,1,2,1,4,0,5,43,1,49,0,6,45,2,53,56,0,56,109
11/03/2022,AEG,NM,ASW,CE,Federal Contract Tower,0,0,4,0,4,0,9,6,0,15,0,9,10,0,19,8,0,8,27
11/04/2022,AEG,NM,ASW,CE,Federal Contract Tower,0,6,3,1,10,0,0,13,3,16,0,6,16,4,26,0,0,0,26
11/05/2022,AEG,NM,ASW,CE,Federal Contract Tower,0,0,8,1,9,0,0,52,1,53,0,0,60,2,62,70,6,76,138
11/06/2022,AEG,NM,ASW,CE,Federal Contract Tower,0,1,7,0,8,0,0,80,0,80,0,1,87,0,88,94,0,94,182
11/07/2022,AEG,NM,ASW,CE,Federal Contract Tower,0,2,7,0,9,0,0,45,0,45,0,2,52,0,54,94,0,94,148
11/08/2022,AEG,NM,ASW,CE,Federal Contract Tower,0,1,0,0,1,0,0,69,3,72,0,1,69,3,73,92,6,98,171
11/09/2022,AEG,NM,ASW,CE,Federal Contract Tower,0,4,5,1,10,0,0,16,11,27,0,4,21,12,37,6,22,28,65
11/10/2022,AEG,NM,ASW,CE,Federal Contract Tower,0,0,3,0,3,0,0,35,1,36,0,0,38,1,39,44,0,44,83
11/11/2022,AEG,NM,ASW,CE,Federal Contract Tower,0,0,7,0,7,0,1,46,3,50,0,1,53,3,57,76,0,76,133
11/12/2022,AEG,NM,ASW,CE,Federal Contract Tower,0,0,5,0,5,0,0,84,2,86,0,0,89,2,91,82,0,82,173
11/13/2022,AEG,NM,ASW,CE,Federal Contract Tower,0,0,5,0,5,0,0,61,0,61,0,0,66,0,66,124,0,124,190
11/14/2022,AEG,NM,ASW,CE,Federal Contract Tower,0,2,6,0,8,0,0,49,0,49,0,2,55,0,57,94,0,94,151
11/15/2022,AEG,NM,ASW,CE,Federal Contract Tower,0,0,2,0,2,0,0,50,9,59,0,0,52,9,61,42,20,62,123
11/16/2022,AEG,NM,ASW,CE,Federal Contract Tower,0,3,8,0,11,0,0,43,1,44,0,3,51,1,55,66,20,86,141
11/17/2022,AEG,NM,ASW,CE,Federal Contract Tower,0,0,6,0,6,0,2,93,2,97,0,2,99,2,103,130,4,134,237
11/18/2022,AEG,NM,ASW,CE,Federal Contract Tower,0,0,3,7,10,0,0,35,5,40,0,0,38,12,50,40,6,46,96
11/19/2022,AEG,NM,ASW,CE,Federal Contract Tower,0,0,6,0,6,0,0,77,0,77,0,0,83,0,83,124,0,124,207
11/20/2022,AEG,NM,ASW,CE,Federal Contract Tower,0,0,4,0,4,0,0,62,0,62,0,0,66,0,66,50,0,50,116
11/21/2022,AEG,NM,ASW,CE,Federal Contract Tower,0,0,1,0,1,0,0,100,0,100,0,0,101,0,101,162,0,162,263
11/22/2022,AEG,NM,ASW,CE,Federal Contract Tower,0,0,5,0,5,0,0,51,0,51,0,0,56,0,56,60,0,60,116
11/23/2022,AEG,NM,ASW,CE,Federal Contract Tower,0,0,6,0,6,0,0,62,6,68,0,0,68,6,74,100,0,100,174
11/24/2022,AEG,NM,ASW,CE,Federal Contract Tower,0,0,0,0,0,0,0,1,0,1,0,0,1,0,1,0,0,0,1
11/25/2022,AEG,NM,ASW,CE,Federal Contract Tower,0,0,1,0,1,0,1,67,0,68,0,1,68,0,69,118,0,118,187
11/26/2022,AEG,NM,ASW,CE,Federal Contract Tower,0,0,10,0,10,0,0,44,0,44,0,0,54,0,54,36,0,36,90
11/27/2022,AEG,NM,ASW,CE,Federal Contract Tower,0,0,6,0,6,0,0,54,0,54,0,0,60,0,60,22,0,22,82
11/28/2022,AEG,NM,ASW,CE,Federal Contract Tower,0,0,2,0,2,0,0,69,0,69,0,0,71,0,71,128,0,128,199
11/29/2022,AEG,NM,ASW,CE,Federal Contract Tower,0,1,2,0,3,0,0,6,0,6,0,1,8,0,9,0,0,0,9
11/30/2022,AEG,NM,ASW,CE,Federal Contract Tower,0,0,6,0,6,0,0,78,2,80,0,0,84,2,86,160,6,166,252
12/01/2022,AEG,NM,ASW,CE,Federal Contract Tower,0,0,6,1,7,0,0,72,7,79,0,0,78,8,86,118,12,130,216
12/02/2022,AEG,NM,ASW,CE,Federal Contract Tower,0,0,2,0,2,0,2,36,0,38,0,2,38,0,40,32,0,32,72
12/03/2022,AEG,NM,ASW,CE,Federal Contract Tower,0,2,2,0,4,0,0,49,2,51,0,2,51,2,55,100,0,100,155
12/04/2022,AEG,NM,ASW,CE,Federal Contract Tower,0,0,10,0,10,0,0,0,0,0,0,0,10,0,10,0,0,0,10
12/05/2022,AEG,NM,ASW,CE,Federal Contract Tower,0,2,6,2,10,0,0,61,5,66,0,2,67,7,76,147,0,147,223
12/06/2022,AEG,NM,ASW,CE,Federal Contract Tower,0,1,2,0,3,0,3,78,0,81,0,4,80,0,84,116,0,116,200
12/07/2022,AEG,NM,ASW,CE,Federal Contract Tower,0,0,0,2,2,0,0,64,7,71,0,0,64,9,73,90,4,94,167
12/08/2022,AEG,NM,ASW,CE,Federal Contract Tower,0,0,5,1,6,0,0,81,5,86,0,0,86,6,92,114,0,114,206
12/09/2022,AEG,NM,ASW,CE,Federal Contract Tower,0,0,9,0,9,0,2,46,8,56,0,2,55,8,65,100,0,100,165
12/10/2022,AEG,NM,ASW,CE,Federal Contract Tower,0,1,3,0,4,0,1,75,7,83,0,2,78,7,87,31,0,31,118
12/11/2022,AEG,NM,ASW,CE,Federal Contract Tower,0,0,6,0,6,0,0,78,4,82,0,0,84,4,88,74,0,74,162
12/12/2022,AEG,NM,ASW,CE,Federal Contract Tower,0,0,6,0,6,0,0,9,0,9,0,0,15,0,15,38,0,38,53
12/13/2022,AEG,NM,ASW,CE,Federal Contract Tower,0,0,5,0,5,0,0,24,0,24,0,0,29,0,29,40,0,40,69
12/14/2022,AEG,NM,ASW,CE,Federal Contract Tower,0,0,2,0,2,0,0,40,0,40,0,0,42,0,42,18,0,18,60
12/15/2022,AEG,NM,ASW,CE,Federal Contract Tower,0,0,13,0,13,0,0,65,3,68,0,0,78,3,81,112,10,122,203
12/16/2022,AEG,NM,ASW,CE,Federal Contract Tower,0,0,0,0,0,0,0,23,0,23,0,0,23,0,23,4,0,4,27
12/17/2022,AEG,NM,ASW,CE,Federal Contract Tower,0,0,1,0,1,0,0,65,0,65,0,0,66,0,66,62,0,62,128
12/18/2022,AEG,NM,ASW,CE,Federal Contract Tower,0,0,2,2,4,0,0,53,1,54,0,0,55,3,58,126,0,126,184
12/19/2022,AEG,NM,ASW,CE,Federal Contract Tower,0,0,2,0,2,0,0,73,6,79,0,0,75,6,81,136,20,156,237
12/20/2022,AEG,NM,ASW,CE,Federal Contract Tower,0,0,4,0,4,0,0,77,0,77,0,0,81,0,81,120,4,124,205
12/21/2022,AEG,NM,ASW,CE,Federal Contract Tower,0,0,4,2,6,0,0,70,0,70,0,0,74,2,76,58,0,58,134
12/22/2022,AEG,NM,ASW,CE,Federal Contract Tower,0,0,0,0,0,0,0,34,0,34,0,0,34,0,34,22,0,22,56
12/23/2022,AEG,NM,ASW,CE,Federal Contract Tower,0,0,0,0,0,0,0,38,0,38,0,0,38,0,38,78,0,78,116
12/24/2022,AEG,NM,ASW,CE,Federal Contract Tower,0,0,1,0,1,0,0,19,0,19,0,0,20,0,20,20,0,20,40
12/25/2022,AEG,NM,ASW,CE,Federal Contract Tower,0,0,0,0,0,0,0,4,0,4,0,0,4,0,4,6,0,6,10
12/26/2022,AEG,NM,ASW,CE,Federal Contract Tower,0,0,1,0,1,0,0,44,0,44,0,0,45,0,45,74,0,74,119
12/27/2022,AEG,NM,ASW,CE,Federal Contract Tower,0,0,5,0,5,0,0,75,2,77,0,0,80,2,82,58,4,62,144
12/28/2022,AEG,NM,ASW,CE,Federal Contract Tower,0,1,1,0,2,0,0,1,0,1,0,1,2,0,3,0,0,0,3
12/29/2022,AEG,NM,ASW,CE,Federal Contract Tower,0,0,0,0,0,0,0,67,0,67,0,0,67,0,67,94,0,94,161
12/30/2022,AEG,NM,ASW,CE,Federal Contract Tower,0,1,5,0,6,0,0,5,0,5,0,1,10,0,11,0,0,0,11
12/31/2022,AEG,NM,ASW,CE,Federal Contract Tower,0,3,10,0,13,0,0,86,0,86,0,3,96,0,99,60,0,60,159
01/01/2023,AEG,NM,ASW,CE,Federal Contract Tower,0,6,0,0,6,0,0,19,0,19,0,6,19,0,25,2,0,2,27
01/02/2023,AEG,NM,ASW,CE,Federal Contract Tower,0,2,1,0,3,0,0,11,0,11,0,2,12,0,14,0,0,0,14
01/03/2023,AEG,NM,ASW,CE,Federal Contract Tower,0,0,0,0,0,0,0,18,0,18,0,0,18,0,18,42,0,42,60
01/04/2023,AEG,NM,ASW,CE,Federal Contract Tower,0,0,9,0,9,0,0,81,2,83,0,0,90,2,92,132,0,132,224
01/05/2023,AEG,NM,ASW,CE,Federal Contract Tower,0,0,2,0,2,0,0,77,3,80,0,0,79,3,82,86,0,86,168
01/06/2023,AEG,NM,ASW,CE,Federal Contract Tower,0,0,7,0,7,0,0,38,4,42,0,0,45,4,49,50,0,50,99
01/07/2023,AEG,NM,ASW,CE,Federal Contract Tower,0,0,6,0,6,0,0,79,6,85,0,0,85,6,91,61,0,61,152
01/08/2023,AEG,NM,ASW,CE,Federal Contract Tower,0,0,5,0,5,0,0,55,6,61,0,0,60,6,66,68,0,68,134
01/09/2023,AEG,NM,ASW,CE,Federal Contract Tower,0,0,3,0,3,0,0,67,0,67,0,0,70,0,70,48,0,48,118
01/10/2023,AEG,NM,ASW,CE,Federal Contract Tower,0,1,6,0,7,0,0,55,2,57,0,1,61,2,64,78,0,78,142
01/11/2023,AEG,NM,ASW,CE,Federal Contract Tower,0,0,0,0,0,0,0,2,0,2,0,0,2,0,2,0,0,0,2
01/12/2023,AEG,NM,ASW,CE,Federal Contract Tower,0,0,8,0,8,0,1,81,3,85,0,1,89,3,93,138,0,138,231
01/13/2023,AEG,NM,ASW,CE,Federal Contract Tower,0,0,5,0,5,0,0,86,0,86,0,0,91,0,91,160,0,160,251
01/14/2023,AEG,NM,ASW,CE,Federal Contract Tower,0,0,0,0,0,0,0,95,0,95,0,0,95,0,95,68,0,68,163
01/15/2023,AEG,NM,ASW,CE,Federal Contract Tower,0,0,9,0,9,0,0,3,0,3,0,0,12,0,12,6,0,6,18
01/16/2023,AEG,NM,ASW,CE,Federal Contract Tower,0,0,4,0,4,0,0,18,0,18,0,0,22,0,22,74,0,74,96
01/17/2023,AEG,NM,ASW,CE,Federal Contract Tower,0,0,1,0,1,0,0,7,0,7,0,0,8,0,8,6,0,6,14
01/18/2023,AEG,NM,ASW,CE,Federal Contract Tower,0,0,2,1,3,0,0,9,2,11,0,0,11,3,14,2,16,18,32
01/19/2023,AEG,NM,ASW,CE,Federal Contract Tower,0,0,5,0,5,0,0,84,2,86,0,0,89,2,91,184,6,190,281
01/20/2023,AEG,NM,ASW,CE,Federal Contract Tower,0,0,8,1,9,0,0,37,5,42,0,0,45,6,51,54,28,82,133
01/21/2023,AEG,NM,ASW,CE,Federal Contract Tower,0,0,2,0,2,0,0,38,0,38,0,0,40,0,40,98,0,98,138
01/22/2023,AEG,NM,ASW,CE,Federal Contract Tower,0,3,0,0,3,0,0,79,0,79,0,3,79,0,82,84,0,84,166
01/23/2023,AEG,NM,ASW,CE,Federal Contract Tower,0,0,1,0,1,0,0,3,0,3,0,0,4,0,4,0,0,0,4
01/24/2023,AEG,NM,ASW,CE,Federal Contract Tower,0,0,2,0,2,0,0,12,0,12,0,0,14,0,14,20,0,20,34
01/25/2023,AEG,NM,ASW,CE,Federal Contract Tower,0,0,6,3,9,0,0,24,3,27,0,0,30,6,36,26,10,36,72
01/26/2023,AEG,NM,ASW,CE,Federal Contract Tower,0,0,9,0,9,0,1,60,2,63,0,1,69,2,72,108,0,108,180
01/27/2023,AEG,NM,ASW,CE,Federal Contract Tower,0,1,4,0,5,0,1,76,1,78,0,2,80,1,83,144,0,144,227
01/28/2023,AEG,NM,ASW,CE,Federal Contract Tower,0,4,6,0,10,0,0,78,3,81,0,4,84,3,91,38,0,38,129
01/29/2023,AEG,NM,ASW,CE,Federal Contract Tower,0,0,4,0,4,0,0,86,4,90,0,0,90,4,94,52,2,54,148
01/30/2023,AEG,NM,ASW,CE,Federal Contract Tower,0,0,3,0,3,0,0,65,0,65,0,0,68,0,68,78,0,78,146
01/31/2023,AEG,NM,ASW,CE,Federal Contract Tower,0,0,3,0,3,0,0,60,2,62,0,0,63,2,65,132,2,134,199
02/01/2023,AEG,NM,ASW,CE,Federal Contract Tower,0,6,5,0,11,0,0,60,0,60,0,6,65,0,71,92,0,92,163
02/02/2023,AEG,NM,ASW,CE,Federal Contract Tower,0,0,14,1,15,0,0,125,1,126,0,0,139,2,141,128,0,128,269
02/03/2023,AEG,NM,ASW,CE,Federal Contract Tower,0,1,6,0,7,0,0,97,0,97,0,1,103,0,104,76,0,76,180
02/04/2023,AEG,NM,ASW,CE,Federal Contract Tower,0,0,2,0,2,0,0,135,0,135,0,0,137,0,137,72,0,72,209
02/05/2023,AEG,NM,ASW,CE,Federal Contract Tower,0,0,6,0,6,0,0,68,0,68,0,0,74,0,74,58,0,58,132
02/06/2023,AEG,NM,ASW,CE,Federal Contract Tower,0,2,5,0,7,0,0,24,0,24,0,2,29,0,31,52,0,52,83
02/07/2023,AEG,NM,ASW,CE,Federal Contract Tower,0,0,1,0,1,0,0,4,0,4,0,0,5,0,5,12,0,12,17
02/08/2023,AEG,NM,ASW,CE,Federal Contract Tower,0,0,1,0,1,0,0,80,0,80,0,0,81,0,81,184,0,184,265
02/09/2023,AEG,NM,ASW,CE,Federal Contract Tower,0,0,3,0,3,0,2,34,3,39,0,2,37,3,42,44,20,64,106
02/10/2023,AEG,NM,ASW,CE,Federal Contract Tower,0,0,5,0,5,0,0,90,0,90,0,0,95,0,95,104,0,104,199
02/12/2023,AEG,NM,ASW,CE,Federal Contract Tower,0,0,4,0,4,0,0,71,0,71,0,0,75,0,75,44,0,44,119
02/13/2023,AEG,NM,ASW,CE,Federal Contract Tower,0,0,3,0,3,0,0,19,0,19,0,0,22,0,22,18,0,18,40
02/14/2023,AEG,NM,ASW,CE,Federal Contract Tower,0,1,2,0,3,0,0,10,3,13,0,1,12,3,16,0,0,0,16
02/15/2023,AEG,NM,ASW,CE,Federal Contract Tower,0,0,6,0,6,0,0,17,0,17,0,0,23,0,23,0,0,0,23
02/16/2023,AEG,NM,ASW,CE,Federal Contract Tower,0,1,4,0,5,0,0,73,6,79,0,1,77,6,84,130,14,144,228
02/17/2023,AEG,NM,ASW,CE,Federal Contract Tower,0,2,10,0,12,0,0,61,1,62,0,2,71,1,74,88,0,88,162
02/18/2023,AEG,NM,ASW,CE,Federal Contract Tower,0,4,0,0,4,0,0,72,4,76,0,4,72,4,80,106,0,106,186
02/19/2023,AEG,NM,ASW,CE,Federal Contract Tower,0,0,6,0,6,0,0,73,3,76,0,0,79,3,82,32,0,32,114
02/20/2023,AEG,NM,ASW,CE,Federal Contract Tower,0,0,0,0,0,0,0,64,0,64,0,0,64,0,64,82,0,82,146
02/21/2023,AEG,NM,ASW,CE,Federal Contract Tower,0,0,12,2,14,0,0,39,2,41,0,0,51,4,55,52,4,56,111
02/22/2023,AEG,NM,ASW,CE,Federal Contract Tower,0,0,1,0,1,0,0,0,0,0,0,0,1,0,1,0,0,0,1
02/23/2023,AEG,NM,ASW,CE,Federal Contract Tower,0,0,5,0,5,0,1,33,4,38,0,1,38,4,43,100,50,150,193
02/24/2023,AEG,NM,ASW,CE,Federal Contract Tower,0,1,13,0,14,0,5,77,1,83,0,6,90,1,97,66,0,66,163
02/25/2023,AEG,NM,ASW,CE,Federal Contract Tower,0,0,5,0,5,0,0,69,0,69,0,0,74,0,74,54,0,54,128
02/26/2023,AEG,NM,ASW,CE,Federal Contract Tower,0,0,5,0,5,0,0,5,0,5,0,0,10,0,10,8,0,8,18
02/27/2023,AEG,NM,ASW,CE,Federal Contract Tower,0,0,1,0,1,0,0,77,0,77,0,0,78,0,78,52,0,52,130
02/28/2023,AEG,NM,ASW,CE,Federal Contract Tower,0,0,4,0,4,0,0,31,6,37,0,0,35,6,41,26,24,50,91
03/01/2023,AEG,NM,ASW,CE,Federal Contract Tower,0,0,8,0,8,0,8,21,7,36,0,8,29,7,44,6,30,36,80
03/02/2023,AEG,NM,ASW,CE,Federal Contract Tower,0,0,2,0,2,0,0,6,0,6,0,0,8,0,8,10,0,10,18
03/03/2023,AEG,NM,ASW,CE,Federal Contract Tower,0,0,0,0,0,0,0,53,5,58,0,0,53,5,58,90,4,94,152
03/04/2023,AEG,NM,ASW,CE,Federal Contract Tower,0,0,2,0,2,0,0,164,0,164,0,0,166,0,166,32,0,32,198
03/05/2023,AEG,NM,ASW,CE,Federal Contract Tower,0,0,3,0,3,0,0,26,0,26,0,0,29,0,29,12,0,12,41
03/06/2023,AEG,NM,ASW,CE,Federal Contract Tower,0,0,0,0,0,0,0,62,2,64,0,0,62,2,64,56,8,64,128
03/07/2023,AEG,NM,ASW,CE,Federal Contract Tower,0,0,4,0,4,0,0,55,2,57,0,0,59,2,61,92,10,102,163
03/08/2023,AEG,NM,ASW,CE,Federal Contract Tower,0,0,9,0,9,0,0,64,2,66,0,0,73,2,75,128,0,128,203
03/09/2023,AEG,NM,ASW,CE,Federal Contract Tower,0,0,10,0,10,0,2,76,0,78,0,2,86,0,88,88,0,88,176
03/10/2023,AEG,NM,ASW,CE,Federal Contract Tower,0,2,8,0,10,0,0,65,0,65,0,2,73,0,75,122,0,122,197
03/11/2023,AEG,NM,ASW,CE,Federal Contract Tower,0,0,4,0,4,0,0,2,0,2,0,0,6,0,6,0,0,0,6
03/12/2023,AEG,NM,ASW,CE,Federal Contract Tower,0,0,7,0,7,0,0,65,0,65,0,0,72,0,72,38,0,38,110
03/13/2023,AEG,NM,ASW,CE,Federal Contract Tower,0,2,2,0,4,0,0,64,2,66,0,2,66,2,70,98,0,98,168
03/14/2023,AEG,NM,ASW,CE,Federal Contract Tower,0,2,5,0,7,0,1,112,5,118,0,3,117,5,125,106,0,106,231
03/15/2023,AEG,NM,ASW,CE,Federal Contract Tower,0,5,2,2,9,0,1,60,4,65,0,6,62,6,74,162,0,162,236
03/16/2023,AEG,NM,ASW,CE,Federal Contract Tower,0,0,3,0,3,0,0,6,4,10,0,0,9,4,13,8,0,8,21
03/17/2023,AEG,NM,ASW,CE,Federal Contract Tower,0,0,1,0,1,0,0,5,0,5,0,0,6,0,6,6,0,6,12
03/18/2023,AEG,NM,ASW,CE,Federal Contract Tower,0,1,7,0,8,0,0,52,0,52,0,1,59,0,60,98,0,98,158
03/19/2023,AEG,NM,ASW,CE,Federal Contract Tower,0,0,5,0,5,0,0,61,0,61,0,0,66,0,66,78,0,78,144
03/20/2023,AEG,NM,ASW,CE,Federal Contract Tower,0,0,6,0,6,0,0,19,2,21,0,0,25,2,27,18,32,50,77
03/21/2023,AEG,NM,ASW,CE,Federal Contract Tower,0,0,0,0,0,0,0,13,0,13,0,0,13,0,13,38,0,38,51
03/22/2023,AEG,NM,ASW,CE,Federal Contract Tower,0,0,5,0,5,0,0,15,0,15,0,0,20,0,20,10,0,10,30
03/23/2023,AEG,NM,ASW,CE,Federal Contract Tower,0,0,5,4,9,0,0,48,0,48,0,0,53,4,57,152,0,152,209
03/24/2023,AEG,NM,ASW,CE,Federal Contract Tower,0,0,6,0,6,0,0,19,0,19,0,0,25,0,25,34,0,34,59
03/25/2023,AEG,NM,ASW,CE,Federal Contract Tower,0,8,0,0,8,0,0,52,0,52,0,8,52,0,60,24,0,24,84
03/26/2023,AEG,NM,ASW,CE,Federal Contract Tower,0,0,5,0,5,0,0,18,0,18,0,0,23,0,23,24,0,24,47
03/27/2023,AEG,NM,ASW,CE,Federal Contract Tower,0,0,3,1,4,0,0,38,0,38,0,0,41,1,42,30,0,30,72
03/28/2023,AEG,NM,ASW,CE,Federal Contract Tower,0,0,2,0,2,0,0,91,2,93,0,0,93,2,95,68,0,68,163
03/29/2023,AEG,NM,ASW,CE,Federal Contract Tower,0,2,12,0,14,0,0,90,0,90,0,2,102,0,104,100,0,100,204
03/30/2023,AEG,NM,ASW,CE,Federal Contract Tower,0,0,4,1,5,0,1,15,0,16,0,1,19,1,21,16,0,16,37
03/31/2023,AEG,NM,ASW,CE,Federal Contract Tower,0,0,4,0,4,0,0,4,4,8,0,0,8,4,12,6,0,6,18
04/01/2023,AEG,NM,ASW,CE,Federal Contract Tower,0,0,2,0,2,0,0,168,0,168,0,0,170,0,170,92,0,92,262
04/02/2023,AEG,NM,ASW,CE,Federal Contract Tower,0,0,0,0,0,0,0,78,0,78,0,0,78,0,78,88,0,88,166
04/03/2023,AEG,NM,ASW,CE,Federal Contract Tower,0,0,1,0,1,0,0,25,4,29,0,0,26,4,30,30,0,30,60
04/04/2023,AEG,NM,ASW,CE,Federal Contract Tower,0,0,2,0,2,0,0,0,2,2,0,0,2,2,4,0,0,0,4
04/05/2023,AEG,NM,ASW,CE,Federal Contract Tower,0,0,5,0,5,0,2,82,15,99,0,2,87,15,104,124,14,138,242
04/06/2023,AEG,NM,ASW,CE,Federal Contract Tower,0,0,3,0,3,0,4,111,10,125,0,4,114,10,128,188,0,188,316
04/07/2023,AEG,NM,ASW,CE,Federal Contract Tower,0,0,2,0,2,0,0,96,8,104,0,0,98,8,106,138,0,138,244
04/08/2023,AEG,NM,ASW,CE,Federal Contract Tower,0,0,2,0,2,0,2,69,4,75,0,2,71,4,77,58,0,58,135
04/09/2023,AEG,NM,ASW,CE,Federal Contract Tower,0,0,1,0,1,0,0,59,1,60,0,0,60,1,61,48,0,48,109
04/10/2023,AEG,NM,ASW,CE,Federal Contract Tower,0,0,3,0,3,0,0,58,7,65,0,0,61,7,68,90,2,92,160
04/11/2023,AEG,NM,ASW,CE,Federal Contract Tower,0,1,2,0,3,0,0,98,8,106,0,1,100,8,109,106,0,106,215
04/12/2023,AEG,NM,ASW,CE,Federal Contract Tower,0,0,4,0,4,0,0,73,7,80,0,0,77,7,84,80,0,80,164
04/13/2023,AEG,NM,ASW,CE,Federal Contract Tower,0,0,3,1,4,0,0,39,2,41,0,0,42,3,45,94,0,94,139
04/14/2023,AEG,NM,ASW,CE,Federal Contract Tower,0,0,8,0,8,0,0,21,0,21,0,0,29,0,29,10,0,10,39
04/15/2023,AEG,NM,ASW,CE,Federal Contract Tower,0,0,2,0,2,0,0,36,0,36,0,0,38,0,38,2,0,2,40
04/16/2023,AEG,NM,ASW,CE,Federal Contract Tower,0,0,2,0,2,0,0,99,0,99,0,0,101,0,101,113,0,113,214
04/17/2023,AEG,NM,ASW,CE,Federal Contract Tower,0,2,5,0,7,0,0,69,0,69,0,2,74,0,76,84,0,84,160
04/18/2023,AEG,NM,ASW,CE,Federal Contract Tower,0,0,3,1,4,0,0,56,1,57,0,0,59,2,61,50,6,56,117
04/19/2023,AEG,NM,ASW,CE,Federal Contract Tower,0,1,5,0,6,0,0,27,0,27,0,1,32,0,33,34,0,34,67
04/20/2023,AEG,NM,ASW,CE,Federal Contract Tower,0,0,6,0,6,0,0,29,0,29,0,0,35,0,35,62,0,62,97
04/21/2023,AEG,NM,ASW,CE,Federal Contract Tower,0,0,9,0,9,0,0,35,1,36,0,0,44,1,45,64,0,64,109
04/22/2023,AEG,NM,ASW,CE,Federal Contract Tower,0,0,1,0,1,0,0,93,0,93,0,0,94,0,94,72,0,72,166
04/23/2023,AEG,NM,ASW,CE,Federal Contract Tower,0,0,5,0,5,0,0,63,0,63,0,0,68,0,68,102,0,102,170
04/24/2023,AEG,NM,ASW,CE,Federal Contract Tower,0,0,2,0,2,0,0,40,0,40,0,0,42,0,42,150,0,150,192
04/25/2023,AEG,NM,ASW,CE,Federal Contract Tower,0,0,1,0,1,0,0,42,1,43,0,0,43,1,44,56,0,56,100
04/26/2023,AEG,NM,ASW,CE,Federal Contract Tower,0,0,6,0,6,0,0,51,0,51,0,0,57,0,57,74,0,74,131
04/27/2023,AEG,NM,ASW,CE,Federal Contract Tower,0,0,4,0,4,0,0,92,2,94,0,0,96,2,98,138,8,146,244
04/28/2023,AEG,NM,ASW,CE,Federal Contract Tower,0,0,3,0,3,0,2,23,0,25,0,2,26,0,28,12,0,12,40
04/29/2023,AEG,NM,ASW,CE,Federal Contract Tower,0,0,5,0,5,0,0,135,0,135,0,0,140,0,140,122,0,122,262
04/30/2023,AEG,NM,ASW,CE,Federal Contract Tower,0,0,1,0,1,0,0,57,0,57,0,0,58,0,58,38,0,38,96
05/01/2023,AEG,NM,ASW,CE,Federal Contract Tower,0,0,5,0,5,0,1,65,2,68,0,1,70,2,73,108,2,110,183
05/02/2023,AEG,NM,ASW,CE,Federal Contract Tower,0,0,2,0,2,0,0,52,1,53,0,0,54,1,55,168,0,168,223
05/03/2023,AEG,NM,ASW,CE,Federal Contract Tower,0,0,2,0,2,0,0,54,2,56,0,0,56,2,58,116,0,116,174
05/04/2023,AEG,NM,ASW,CE,Federal Contract Tower,0,0,7,0,7,0,0,29,0,29,0,0,36,0,36,76,0,76,112
05/05/2023,AEG,NM,ASW,CE,Federal Contract Tower,0,1,6,0,7,0,1,49,0,50,0,2,55,0,57,52,0,52,109
05/06/2023,AEG,NM,ASW,CE,Federal Contract Tower,0,0,2,0,2,0,0,130,0,130,0,0,132,0,132,68,0,68,200
05/07/2023,AEG,NM,ASW,CE,Federal Contract Tower,0,0,0,0,0,0,0,63,0,63,0,0,63,0,63,76,0,76,139
05/08/2023,AEG,NM,ASW,CE,Federal Contract Tower,0,1,2,0,3,0,0,90,3,93,0,1,92,3,96,124,10,134,230
05/09/2023,AEG,NM,ASW,CE,Federal Contract Tower,0,0,5,0,5,0,0,60,3,63,0,0,65,3,68,104,2,106,174
05/10/2023,AEG,NM,ASW,CE,Federal Contract Tower,0,0,3,0,3,0,0,33,4,37,0,0,36,4,40,74,0,74,114
05/11/2023,AEG,NM,ASW,CE,Federal Contract Tower,0,0,4,0,4,0,0,40,0,40,0,0,44,0,44,44,0,44,88
05/12/2023,AEG,NM,ASW,CE,Federal Contract Tower,0,1,4,0,5,0,0,84,2,86,0,1,88,2,91,150,0,150,241
05/13/2023,AEG,NM,ASW,CE,Federal Contract Tower,0,1,4,0,5,0,0,5,2,7,0,1,9,2,12,0,0,0,12
05/14/2023,AEG,NM,ASW,CE,Federal Contract Tower,0,0,3,0,3,0,0,52,2,54,0,0,55,2,57,106,0,106,163
05/15/2023,AEG,NM,ASW,CE,Federal Contract Tower,0,0,11,0,11,0,0,63,1,64,0,0,74,1,75,140,10,150,225
05/16/2023,AEG,NM,ASW,CE,Federal Contract Tower,0,0,6,0,6,0,0,80,1,81,0,0,86,1,87,112,0,112,199
05/17/2023,AEG,NM,ASW,CE,Federal Contract Tower,0,0,5,0,5,0,2,74,0,76,0,2,79,0,81,46,0,46,127
05/18/2023,AEG,NM,ASW,CE,Federal Contract Tower,0,0,6,0,6,0,0,66,0,66,0,0,72,0,72,84,0,84,156
05/19/2023,AEG,NM,ASW,CE,Federal Contract Tower,0,0,5,0,5,0,0,32,0,32,0,0,37,0,37,30,0,30,67
05/20/2023,AEG,NM,ASW,CE,Federal Contract Tower,0,0,3,0,3,0,0,59,0,59,0,0,62,0,62,94,0,94,156
05/21/2023,AEG,NM,ASW,CE,Federal Contract Tower,0,0,5,0,5,0,0,69,0,69,0,0,74,0,74,102,0,102,176
05/22/2023,AEG,NM,ASW,CE,Federal Contract Tower,0,0,2,0,2,0,0,77,0,77,0,0,79,0,79,94,0,94,173
05/23/2023,AEG,NM,ASW,CE,Federal Contract Tower,0,0,2,0,2,0,0,82,0,82,0,0,84,0,84,112,0,112,196
05/24/2023,AEG,NM,ASW,CE,Federal Contract Tower,0,0,7,0,7,0,0,78,0,78,0,0,85,0,85,142,0,142,227
05/25/2023,AEG,NM,ASW,CE,Federal Contract Tower,0,0,7,0,7,0,0,91,0,91,0,0,98,0,98,98,0,98,196
05/26/2023,AEG,NM,ASW,CE,Federal Contract Tower,0,0,3,0,3,0,0,58,0,58,0,0,61,0,61,44,0,44,105
05/27/2023,AEG,NM,ASW,CE,Federal Contract Tower,0,0,5,0,5,0,0,59,2,61,0,0,64,2,66,112,6,118,184
05/28/2023,AEG,NM,ASW,CE,Federal Contract Tower,0,1,5,0,6,0,2,65,0,67,0,3,70,0,73,88,0,88,161
05/29/2023,AEG,NM,ASW,CE,Federal Contract Tower,0,0,9,0,9,0,0,81,0,81,0,0,90,0,90,74,0,74,164
05/30/2023,AEG,NM,ASW,CE,Federal Contract Tower,0,0,4,0,4,0,0,76,1,77,0,0,80,1,81,108,0,108,189
05/31/2023,AEG,NM,ASW,CE,Federal Contract Tower,0,0,3,0,3,0,0,25,1,26,0,0,28,1,29,42,0,42,71
06/01/2023,AEG,NM,ASW,CE,Federal Contract Tower,0,0,3,0,3,0,0,65,3,68,0,0,68,3,71,158,12,170,241
06/02/2023,AEG,NM,ASW,CE,Federal Contract Tower,0,0,7,0,7,0,0,55,2,57,0,0,62,2,64,106,0,106,170
06/03/2023,AEG,NM,ASW,CE,Federal Contract Tower,0,0,5,0,5,0,0,92,0,92,0,0,97,0,97,108,0,108,205
06/04/2023,AEG,NM,ASW,CE,Federal Contract Tower,0,0,7,0,7,0,0,61,0,61,0,0,68,0,68,112,0,112,180
06/05/2023,AEG,NM,ASW,CE,Federal Contract Tower,0,1,6,0,7,0,0,53,0,53,0,1,59,0,60,66,0,66,126
06/06/2023,AEG,NM,ASW,CE,Federal Contract Tower,0,0,5,0,5,0,0,61,0,61,0,0,66,0,66,93,0,93,159
06/07/2023,AEG,NM,ASW,CE,Federal Contract Tower,0,2,2,0,4,0,0,97,2,99,0,2,99,2,103,112,12,124,227
06/08/2023,AEG,NM,ASW,CE,Federal Contract Tower,0,0,8,0,8,0,0,88,0,88,0,0,96,0,96,164,0,164,260
06/09/2023,AEG,NM,ASW,CE,Federal Contract Tower,0,2,2,0,4,0,0,80,0,80,0,2,82,0,84,100,0,100,184
06/10/2023,AEG,NM,ASW,CE,Federal Contract Tower,0,0,5,0,5,0,0,124,1,125,0,0,129,1,130,62,0,62,192
06/11/2023,AEG,NM,ASW,CE,Federal Contract Tower,0,2,4,0,6,0,0,43,8,51,0,2,47,8,57,98,6,104,161
06/12/2023,AEG,NM,ASW,CE,Federal Contract Tower,0,2,6,0,8,0,0,51,10,61,0,2,57,10,69,78,10,88,157
06/13/2023,AEG,NM,ASW,CE,Federal Contract Tower,0,0,0,0,0,0,0,94,0,94,0,0,94,0,94,130,12,142,236
06/14/2023,AEG,NM,ASW,CE,Federal Contract Tower,0,0,3,0,3,0,0,94,0,94,0,0,97,0,97,172,0,172,269
06/15/2023,AEG,NM,ASW,CE,Federal Contract Tower,0,0,7,0,7,0,0,93,0,93,0,0,100,0,100,154,0,154,254
06/16/2023,AEG,NM,ASW,CE,Federal Contract Tower,0,0,8,0,8,0,0,98,0,98,0,0,106,0,106,98,0,98,204
06/17/2023,AEG,NM,ASW,CE,Federal Contract Tower,0,2,8,0,10,0,0,73,0,73,0,2,81,0,83,62,0,62,145
06/18/2023,AEG,NM,ASW,CE,Federal Contract Tower,0,2,7,0,9,0,0,74,0,74,0,2,81,0,83,50,0,50,133
06/19/2023,AEG,NM,ASW,CE,Federal Contract Tower,0,0,5,0,5,0,0,74,0,74,0,0,79,0,79,78,0,78,157
06/20/2023,AEG,NM,ASW,CE,Federal Contract Tower,0,0,3,0,3,0,0,60,0,60,0,0,63,0,63,102,0,102,165
06/21/2023,AEG,NM,ASW,CE,Federal Contract Tower,0,0,8,0,8,0,0,94,0,94,0,0,102,0,102,142,0,142,244
06/22/2023,AEG,NM,ASW,CE,Federal Contract Tower,0,1,6,0,7,0,0,66,2,68,0,1,72,2,75,100,0,100,175
06/23/2023,AEG,NM,ASW,CE,Federal Contract Tower,0,0,5,0,5,0,0,45,0,45,0,0,50,0,50,82,0,82,132
06/24/2023,AEG,NM,ASW,CE,Federal Contract Tower,0,0,3,0,3,0,0,84,0,84,0,0,87,0,87,86,0,86,173
06/25/2023,AEG,NM,ASW,CE,Federal Contract Tower,0,0,7,0,7,0,0,78,0,78,0,0,85,0,85,146,0,146,231
06/26/2023,AEG,NM,ASW,CE,Federal Contract Tower,0,0,4,0,4,0,0,60,0,60,0,0,64,0,64,87,0,87,151
06/27/2023,AEG,NM,ASW,CE,Federal Contract Tower,0,0,5,0,5,0,0,47,3,50,0,0,52,3,55,84,38,122,177
06/28/2023,AEG,NM,ASW,CE,Federal Contract Tower,0,0,3,0,3,0,0,80,0,80,0,0,83,0,83,158,0,158,241
06/29/2023,AEG,NM,ASW,CE,Federal Contract Tower,0,1,2,0,3,0,1,56,2,59,0,2,58,2,62,178,0,178,240
06/30/2023,AEG,NM,ASW,CE,Federal Contract Tower,0,0,4,0,4,0,8,90,0,98,0,8,94,0,102,152,0,152,254
07/01/2023,AEG,NM,ASW,CE,Federal Contract Tower,0,0,2,0,2,0,0,75,0,75,0,0,77,0,77,74,0,74,151
07/02/2023,AEG,NM,ASW,CE,Federal Contract Tower,0,0,2,0,2,0,0,60,0,60,0,0,62,0,62,108,0,108,170
07/03/2023,AEG,NM,ASW,CE,Federal Contract Tower,0,0,4,0,4,0,0,77,0,77,0,0,81,0,81,122,0,122,203
07/04/2023,AEG,NM,ASW,CE,Federal Contract Tower,0,0,1,0,1,0,0,67,0,67,0,0,68,0,68,130,0,130,198
07/05/2023,AEG,NM,ASW,CE,Federal Contract Tower,0,0,3,0,3,0,0,51,5,56,0,0,54,5,59,104,22,126,185
07/06/2023,AEG,NM,ASW,CE,Federal Contract Tower,0,0,1,0,1,0,0,74,0,74,0,0,75,0,75,124,0,124,199
07/07/2023,AEG,NM,ASW,CE,Federal Contract Tower,0,0,11,0,11,0,0,42,5,47,0,0,53,5,58,90,0,90,148
07/08/2023,AEG,NM,ASW,CE,Federal Contract Tower,0,0,1,0,1,0,0,50,0,50,0,0,51,0,51,58,0,58,109
07/09/2023,AEG,NM,ASW,CE,Federal Contract Tower,0,0,3,0,3,0,0,56,0,56,0,0,59,0,59,126,0,126,185
07/10/2023,AEG,NM,ASW,CE,Federal Contract Tower,0,1,1,0,2,0,0,58,0,58,0,1,59,0,60,86,0,86,146
07/11/2023,AEG,NM,ASW,CE,Federal Contract Tower,0,0,2,0,2,0,38,1,0,39,0,38,3,0,41,66,0,66,107
07/12/2023,AEG,NM,ASW,CE,Federal Contract Tower,0,0,5,0,5,0,0,49,0,49,0,0,54,0,54,50,0,50,104
07/13/2023,AEG,NM,ASW,CE,Federal Contract Tower,0,0,6,0,6,0,0,56,2,58,0,0,62,2,64,206,0,206,270
07/14/2023,AEG,NM,ASW,CE,Federal Contract Tower,0,0,4,0,4,0,0,35,0,35,0,0,39,0,39,76,0,76,115
07/15/2023,AEG,NM,ASW,CE,Federal Contract Tower,0,0,0,0,0,0,0,64,0,64,0,0,64,0,64,88,0,88,152
07/16/2023,AEG,NM,ASW,CE,Federal Contract Tower,0,0,1,0,1,0,0,74,0,74,0,0,75,0,75,156,0,156,231
07/17/2023,AEG,NM,ASW,CE,Federal Contract Tower,0,0,3,0,3,0,0,51,9,60,0,0,54,9,63,76,0,76,139
07/18/2023,AEG,NM,ASW,CE,Federal Contract Tower,0,0,2,0,2,0,2,48,1,51,0,2,50,1,53,84,2,86,139
07/19/2023,AEG,NM,ASW,CE,Federal Contract Tower,0,0,2,0,2,0,0,58,11,69,0,0,60,11,71,42,2,44,115
07/20/2023,AEG,NM,ASW,CE,Federal Contract Tower,0,0,5,0,5,0,1,70,10,81,0,1,75,10,86,140,0,140,226
07/21/2023,AEG,NM,ASW,CE,Federal Contract Tower,0,0,5,0,5,0,0,39,0,39,0,0,44,0,44,68,0,68,112
07/22/2023,AEG,NM,ASW,CE,Federal Contract Tower,0,0,3,0,3,0,0,81,3,84,0,0,84,3,87,90,0,90,177
07/23/2023,AEG,NM,ASW,CE,Federal Contract Tower,0,0,2,0,2,0,0,50,3,53,0,0,52,3,55,52,0,52,107
07/24/2023,AEG,NM,ASW,CE,Federal Contract Tower,0,0,4,0,4,0,0,64,4,68,0,0,68,4,72,96,0,96,168
07/25/2023,AEG,NM,ASW,CE,Federal Contract Tower,0,0,2,0,2,0,0,43,11,54,0,0,45,11,56,46,10,56,112
07/26/2023,AEG,NM,ASW,CE,Federal Contract Tower,0,0,5,0,5,0,0,43,7,50,0,0,48,7,55,80,0,80,135
07/27/2023,AEG,NM,ASW,CE,Federal Contract Tower,0,0,3,0,3,0,0,71,5,76,0,0,74,5,79,112,0,112,191
07/28/2023,AEG,NM,ASW,CE,Federal Contract Tower,0,0,0,0,0,0,0,59,2,61,0,0,59,2,61,112,0,112,173
07/29/2023,AEG,NM,ASW,CE,Federal Contract Tower,0,0,0,0,0,0,0,89,0,89,0,0,89,0,89,130,0,130,219
07/30/2023,AEG,NM,ASW,CE,Federal Contract Tower,0,0,2,0,2,0,0,53,4,57,0,0,55,4,59,148,0,148,207
07/31/2023,AEG,NM,ASW,CE,Federal Contract Tower,0,0,2,0,2,0,0,76,5,81,0,0,78,5,83,61,0,61,144
08/01/2023,AEG,NM,ASW,CE,Federal Contract Tower,0,0,0,0,0,0,0,60,2,62,0,0,60,2,62,78,0,78,140
08/02/2023,AEG,NM,ASW,CE,Federal Contract Tower,0,0,3,0,3,0,0,52,1,53,0,0,55,1,56,126,0,126,182
08/03/2023,AEG,NM,ASW,CE,Federal Contract Tower,0,0,3,0,3,0,0,56,2,58,0,0,59,2,61,118,40,158,219
08/04/2023,AEG,NM,ASW,CE,Federal Contract Tower,0,0,2,1,3,0,0,41,0,41,0,0,43,1,44,68,0,68,112
08/05/2023,AEG,NM,ASW,CE,Federal Contract Tower,0,0,0,0,0,0,0,73,0,73,0,0,73,0,73,106,0,106,179
08/06/2023,AEG,NM,ASW,CE,Federal Contract Tower,0,0,5,0,5,0,0,44,4,48,0,0,49,4,53,62,0,62,115
08/07/2023,AEG,NM,ASW,CE,Federal Contract Tower,0,0,2,0,2,0,0,44,0,44,0,0,46,0,46,23,0,23,69
08/08/2023,AEG,NM,ASW,CE,Federal Contract Tower,0,0,3,0,3,0,0,44,0,44,0,0,47,0,47,28,0,28,75
08/09/2023,AEG,NM,ASW,CE,Federal Contract Tower,0,0,1,0,1,0,0,10,4,14,0,0,11,4,15,18,0,18,33
08/10/2023,AEG,NM,ASW,CE,Federal Contract Tower,0,0,6,0,6,0,0,66,0,66,0,0,72,0,72,98,0,98,170
08/11/2023,AEG,NM,ASW,CE,Federal Contract Tower,0,0,9,0,9,0,0,65,0,65,0,0,74,0,74,94,0,94,168
08/12/2023,AEG,NM,ASW,CE,Federal Contract Tower,0,0,3,0,3,0,0,61,0,61,0,0,64,0,64,44,0,44,108
08/13/2023,AEG,NM,ASW,CE,Federal Contract Tower,0,0,6,0,6,0,1,78,0,79,0,1,84,0,85,54,0,54,139
08/14/2023,AEG,NM,ASW,CE,Federal Contract Tower,0,0,7,0,7,0,0,14,0,14,0,0,21,0,21,6,0,6,27
08/15/2023,AEG,NM,ASW,CE,Federal Contract Tower,0,0,2,0,2,0,0,80,2,82,0,0,82,2,84,64,10,74,158
08/16/2023,AEG,NM,ASW,CE,Federal Contract Tower,0,0,3,0,3,0,0,58,0,58,0,0,61,0,61,88,0,88,149
08/17/2023,AEG,NM,ASW,CE,Federal Contract Tower,0,0,1,0,1,0,0,68,2,70,0,0,69,2,71,186,0,186,257
08/18/2023,AEG,NM,ASW,CE,Federal Contract Tower,0,1,5,0,6,0,0,90,0,90,0,1,95,0,96,138,0,138,234
08/19/2023,AEG,NM,ASW,CE,Federal Contract Tower,0,0,3,0,3,0,0,54,0,54,0,0,57,0,57,102,0,102,159
08/20/2023,AEG,NM,ASW,CE,Federal Contract Tower,0,0,2,0,2,0,0,43,20,63,0,0,45,20,65,34,0,34,99
08/21/2023,AEG,NM,ASW,CE,Federal Contract Tower,0,0,8,0,8,0,0,40,1,41,0,0,48,1,49,50,4,54,103
08/22/2023,AEG,NM,ASW,CE,Federal Contract Tower,0,0,4,0,4,0,0,53,5,58,0,0,57,5,62,90,0,90,152
08/23/2023,AEG,NM,ASW,CE,Federal Contract Tower,0,0,6,0,6,0,35,6,0,41,0,35,12,0,47,54,2,56,103
08/24/2023,AEG,NM,ASW,CE,Federal Contract Tower,0,0,14,2,16,0,0,25,1,26,0,0,39,3,42,82,6,88,130
08/25/2023,AEG,NM,ASW,CE,Federal Contract Tower,0,0,6,0,6,0,0,95,0,95,0,0,101,0,101,176,0,176,277
08/26/2023,AEG,NM,ASW,CE,Federal Contract Tower,0,0,6,1,7,0,0,84,0,84,0,0,90,1,91,146,0,146,237
08/27/2023,AEG,NM,ASW,CE,Federal Contract Tower,0,1,5,0,6,0,0,69,0,69,0,1,74,0,75,84,0,84,159
08/28/2023,AEG,NM,ASW,CE,Federal Contract Tower,0,0,7,0,7,0,0,54,0,54,0,0,61,0,61,82,0,82,143
08/29/2023,AEG,NM,ASW,CE,Federal Contract Tower,0,0,4,0,4,0,0,67,5,72,0,0,71,5,76,156,8,164,240
08/30/2023,AEG,NM,ASW,CE,Federal Contract Tower,0,0,6,0,6,0,0,76,2,78,0,0,82,2,84,92,10,102,186
08/31/2023,AEG,NM,ASW,CE,Federal Contract Tower,0,0,3,0,3,0,0,70,2,72,0,0,73,2,75,128,0,128,203
