01/01/2020,AFW,TX,ASW,CE,Towers with Radar,1,0,8,0,9,0,0,10,0,10,1,0,18,0,19,4,0,4,23
01/02/2020,AFW,TX,ASW,CE,Towers with Radar,12,5,14,1,32,0,0,107,4,111,12,5,121,5,143,142,26,168,311
01/03/2020,AFW,TX,ASW,CE,Towers with Radar,40,14,26,7,87,0,0,84,4,88,40,14,110,11,175,96,24,120,295
01/04/2020,AFW,TX,ASW,CE,Towers with Radar,18,1,5,5,29,0,1,81,0,82,18,2,86,5,111,82,0,82,193
01/05/2020,AFW,TX,ASW,CE,Towers with Radar,11,5,15,11,42,0,0,68,0,68,11,5,83,11,110,86,0,86,196
01/06/2020,AFW,TX,ASW,CE,Towers with Radar,24,4,36,19,83,0,0,100,0,100,24,4,136,19,183,124,10,134,317
01/07/2020,AFW,TX,ASW,CE,Towers with Radar,53,13,33,34,133,0,0,173,0,173,53,13,206,34,306,226,0,226,532
01/08/2020,AFW,TX,ASW,CE,Towers with Radar,39,15,56,16,126,0,0,140,2,142,39,15,196,18,268,138,2,140,408
01/09/2020,AFW,TX,ASW,CE,Towers with Radar,39,15,55,21,130,0,0,30,1,31,39,15,85,22,161,48,6,54,215
01/10/2020,AFW,TX,ASW,CE,Towers with Radar,26,7,30,6,69,0,0,8,0,8,26,7,38,6,77,6,0,6,83
01/11/2020,AFW,TX,ASW,CE,Towers with Radar,12,0,6,6,24,0,0,21,1,22,12,0,27,7,46,60,8,68,114
01/12/2020,AFW,TX,ASW,CE,Towers with Radar,14,1,14,13,42,0,0,46,9,55,14,1,60,22,97,94,72,166,263
01/13/2020,AFW,TX,ASW,CE,Towers with Radar,15,7,14,40,76,0,0,4,0,4,15,7,18,40,80,4,0,4,84
01/14/2020,AFW,TX,ASW,CE,Towers with Radar,52,14,68,73,207,0,0,91,5,96,52,14,159,78,303,78,22,100,403
01/15/2020,AFW,TX,ASW,CE,Towers with Radar,38,18,66,72,194,0,0,55,3,58,38,18,121,75,252,50,20,70,322
01/16/2020,AFW,TX,ASW,CE,Towers with Radar,32,18,18,2,70,0,0,0,0,0,32,18,18,2,70,0,0,0,70
01/17/2020,AFW,TX,ASW,CE,Towers with Radar,31,11,16,11,69,0,0,0,0,0,31,11,16,11,69,0,0,0,69
01/18/2020,AFW,TX,ASW,CE,Towers with Radar,8,1,19,23,51,0,0,109,16,125,8,1,128,39,176,96,18,114,290
01/19/2020,AFW,TX,ASW,CE,Towers with Radar,9,4,18,2,33,0,0,57,1,58,9,4,75,3,91,100,0,100,191
01/20/2020,AFW,TX,ASW,CE,Towers with Radar,19,9,30,1,59,0,1,56,0,57,19,10,86,1,116,68,0,68,184
01/21/2020,AFW,TX,ASW,CE,Towers with Radar,42,16,21,64,143,0,0,139,11,150,42,16,160,75,293,174,46,220,513
01/22/2020,AFW,TX,ASW,CE,Towers with Radar,39,12,15,3,69,0,0,0,0,0,39,12,15,3,69,0,0,0,69
01/23/2020,AFW,TX,ASW,CE,Towers with Radar,34,15,51,57,157,0,0,124,7,131,34,15,175,64,288,53,20,73,361
01/24/2020,AFW,TX,ASW,CE,Towers with Radar,30,14,83,36,163,0,1,217,7,225,30,15,300,43,388,224,34,258,646
01/25/2020,AFW,TX,ASW,CE,Towers with Radar,11,2,19,33,65,0,3,156,8,167,11,5,175,41,232,150,16,166,398
01/26/2020,AFW,TX,ASW,CE,Towers with Radar,9,3,17,23,52,0,0,19,0,19,9,3,36,23,71,108,0,108,179
01/27/2020,AFW,TX,ASW,CE,Towers with Radar,18,7,20,10,55,0,0,76,4,80,18,7,96,14,135,150,0,150,285
01/28/2020,AFW,TX,ASW,CE,Towers with Radar,45,15,41,16,117,0,0,5,1,6,45,15,46,17,123,22,0,22,145
01/29/2020,AFW,TX,ASW,CE,Towers with Radar,36,22,78,35,171,0,0,24,1,25,36,22,102,36,196,74,4,78,274
01/30/2020,AFW,TX,ASW,CE,Towers with Radar,39,19,47,47,152,0,0,11,0,11,39,19,58,47,163,46,0,46,209
01/31/2020,AFW,TX,ASW,CE,Towers with Radar,34,13,64,52,163,0,3,167,3,173,34,16,231,55,336,210,12,222,558
02/01/2020,AFW,TX,ASW,CE,Towers with Radar,14,3,15,13,45,0,0,134,6,140,14,3,149,19,185,300,2,302,487
02/02/2020,AFW,TX,ASW,CE,Towers with Radar,12,7,6,2,27,0,0,68,2,70,12,7,74,4,97,104,0,104,201
02/03/2020,AFW,TX,ASW,CE,Towers with Radar,15,10,73,17,115,0,0,104,0,104,15,10,177,17,219,142,2,144,363
02/04/2020,AFW,TX,ASW,CE,Towers with Radar,45,17,42,0,104,0,0,2,0,2,45,17,44,0,106,0,0,0,106
02/05/2020,AFW,TX,ASW,CE,Towers with Radar,36,9,13,0,58,0,0,2,0,2,36,9,15,0,60,0,0,0,60
02/06/2020,AFW,TX,ASW,CE,Towers with Radar,43,12,80,9,144,0,0,166,10,176,43,12,246,19,320,196,0,196,516
02/07/2020,AFW,TX,ASW,CE,Towers with Radar,30,14,47,94,185,0,0,194,13,207,30,14,241,107,392,210,50,260,652
02/08/2020,AFW,TX,ASW,CE,Towers with Radar,10,0,22,67,99,0,0,147,4,151,10,0,169,71,250,116,30,146,396
02/09/2020,AFW,TX,ASW,CE,Towers with Radar,15,0,8,59,82,0,0,2,0,2,15,0,10,59,84,0,0,0,84
02/10/2020,AFW,TX,ASW,CE,Towers with Radar,18,6,33,6,63,0,0,28,0,28,18,6,61,6,91,192,0,192,283
02/11/2020,AFW,TX,ASW,CE,Towers with Radar,42,14,7,37,100,0,0,2,0,2,42,14,9,37,102,0,0,0,102
02/12/2020,AFW,TX,ASW,CE,Towers with Radar,38,15,32,39,124,0,1,24,2,27,38,16,56,41,151,150,6,156,307
02/13/2020,AFW,TX,ASW,CE,Towers with Radar,39,22,56,32,149,0,0,118,9,127,39,22,174,41,276,174,0,174,450
02/14/2020,AFW,TX,ASW,CE,Towers with Radar,30,10,48,53,141,0,0,187,7,194,30,10,235,60,335,120,32,152,487
02/15/2020,AFW,TX,ASW,CE,Towers with Radar,15,5,23,20,63,0,0,123,15,138,15,5,146,35,201,130,34,164,365
02/16/2020,AFW,TX,ASW,CE,Towers with Radar,11,7,8,4,30,0,0,48,7,55,11,7,56,11,85,106,12,118,203
02/17/2020,AFW,TX,ASW,CE,Towers with Radar,21,7,25,10,63,0,0,94,3,97,21,7,119,13,160,196,10,206,366
02/18/2020,AFW,TX,ASW,CE,Towers with Radar,41,16,18,43,118,0,0,38,4,42,41,16,56,47,160,94,0,94,254
02/19/2020,AFW,TX,ASW,CE,Towers with Radar,37,11,72,50,170,0,3,80,1,84,37,14,152,51,254,176,8,184,438
02/20/2020,AFW,TX,ASW,CE,Towers with Radar,39,14,60,68,181,0,3,106,16,125,39,17,166,84,306,110,36,146,452
02/21/2020,AFW,TX,ASW,CE,Towers with Radar,31,12,72,82,197,0,2,178,7,187,31,14,250,89,384,276,26,302,686
02/22/2020,AFW,TX,ASW,CE,Towers with Radar,15,2,25,17,59,0,0,160,3,163,15,2,185,20,222,204,12,216,438
02/23/2020,AFW,TX,ASW,CE,Towers with Radar,11,2,21,36,70,0,0,10,0,10,11,2,31,36,80,26,0,26,106
02/24/2020,AFW,TX,ASW,CE,Towers with Radar,17,5,15,50,87,0,0,46,0,46,17,5,61,50,133,52,0,52,185
02/25/2020,AFW,TX,ASW,CE,Towers with Radar,42,14,46,66,168,0,0,161,3,164,42,14,207,69,332,130,14,144,476
02/26/2020,AFW,TX,ASW,CE,Towers with Radar,40,17,52,22,131,0,2,93,11,106,40,19,145,33,237,56,24,80,317
02/27/2020,AFW,TX,ASW,CE,Towers with Radar,38,12,60,59,169,0,0,220,10,230,38,12,280,69,399,242,12,254,653
02/28/2020,AFW,TX,ASW,CE,Towers with Radar,31,12,67,61,171,0,0,163,10,173,31,12,230,71,344,226,20,246,590
02/29/2020,AFW,TX,ASW,CE,Towers with Radar,13,2,26,3,44,0,0,127,4,131,13,2,153,7,175,230,0,230,405
03/01/2020,AFW,TX,ASW,CE,Towers with Radar,10,0,8,23,41,0,0,16,1,17,10,0,24,24,58,20,0,20,78
03/02/2020,AFW,TX,ASW,CE,Towers with Radar,20,3,27,20,70,0,0,130,3,133,20,3,157,23,203,134,4,138,341
03/03/2020,AFW,TX,ASW,CE,Towers with Radar,42,16,45,22,125,0,0,155,0,155,42,16,200,22,280,216,0,216,496
03/04/2020,AFW,TX,ASW,CE,Towers with Radar,42,16,14,5,77,0,0,4,1,5,42,16,18,6,82,0,0,0,82
03/05/2020,AFW,TX,ASW,CE,Towers with Radar,40,20,44,16,120,0,1,224,6,231,40,21,268,22,351,352,8,360,711
03/06/2020,AFW,TX,ASW,CE,Towers with Radar,29,11,44,34,118,0,0,208,7,215,29,11,252,41,333,272,13,285,618
03/07/2020,AFW,TX,ASW,CE,Towers with Radar,12,4,26,17,59,0,0,129,3,132,12,4,155,20,191,132,6,138,329
03/08/2020,AFW,TX,ASW,CE,Towers with Radar,12,2,6,32,52,0,0,14,0,14,12,2,20,32,66,24,0,24,90
03/09/2020,AFW,TX,ASW,CE,Towers with Radar,19,9,14,36,78,0,0,40,0,40,19,9,54,36,118,68,0,68,186
03/10/2020,AFW,TX,ASW,CE,Towers with Radar,43,15,59,27,144,0,0,149,0,149,43,15,208,27,293,158,6,164,457
03/11/2020,AFW,TX,ASW,CE,Towers with Radar,36,23,47,29,135,0,0,94,3,97,36,23,141,32,232,108,18,126,358
03/12/2020,AFW,TX,ASW,CE,Towers with Radar,43,16,38,10,107,0,0,71,7,78,43,16,109,17,185,72,18,90,275
03/13/2020,AFW,TX,ASW,CE,Towers with Radar,35,14,9,11,69,0,0,0,0,0,35,14,9,11,69,0,0,0,69
03/14/2020,AFW,TX,ASW,CE,Towers with Radar,18,0,8,16,42,0,0,0,0,0,18,0,8,16,42,0,0,0,42
03/15/2020,AFW,TX,ASW,CE,Towers with Radar,12,5,8,7,32,0,0,0,0,0,12,5,8,7,32,0,0,0,32
03/16/2020,AFW,TX,ASW,CE,Towers with Radar,22,8,37,1,68,0,0,9,0,9,22,8,46,1,77,12,0,12,89
03/17/2020,AFW,TX,ASW,CE,Towers with Radar,48,14,10,0,72,0,0,0,0,0,48,14,10,0,72,0,0,0,72
03/18/2020,AFW,TX,ASW,CE,Towers with Radar,43,14,32,9,98,0,0,33,1,34,43,14,65,10,132,82,0,82,214
03/19/2020,AFW,TX,ASW,CE,Towers with Radar,41,12,14,2,69,0,0,19,0,19,41,12,33,2,88,30,0,30,118
03/20/2020,AFW,TX,ASW,CE,Towers with Radar,34,11,31,2,78,0,0,94,4,98,34,11,125,6,176,184,4,188,364
03/21/2020,AFW,TX,ASW,CE,Towers with Radar,13,0,10,0,23,0,0,36,6,42,13,0,46,6,65,68,0,68,133
03/22/2020,AFW,TX,ASW,CE,Towers with Radar,18,3,11,1,33,0,0,2,0,2,18,3,13,1,35,0,0,0,35
03/23/2020,AFW,TX,ASW,CE,Towers with Radar,23,7,25,4,59,0,0,7,0,7,23,7,32,4,66,16,0,16,82
03/24/2020,AFW,TX,ASW,CE,Towers with Radar,47,14,13,0,74,0,1,79,3,83,47,15,92,3,157,44,0,44,201
03/25/2020,AFW,TX,ASW,CE,Towers with Radar,43,14,17,0,74,0,0,54,6,60,43,14,71,6,134,96,0,96,230
03/26/2020,AFW,TX,ASW,CE,Towers with Radar,46,11,28,2,87,0,1,79,3,83,46,12,107,5,170,118,2,120,290
03/27/2020,AFW,TX,ASW,CE,Towers with Radar,39,8,25,8,80,0,0,34,2,36,39,8,59,10,116,34,0,34,150
03/28/2020,AFW,TX,ASW,CE,Towers with Radar,13,2,4,1,20,0,0,16,6,22,13,2,20,7,42,28,8,36,78
03/29/2020,AFW,TX,ASW,CE,Towers with Radar,17,4,6,0,27,0,1,42,0,43,17,5,48,0,70,74,0,74,144
03/30/2020,AFW,TX,ASW,CE,Towers with Radar,20,4,13,0,37,0,0,10,0,10,20,4,23,0,47,12,0,12,59
03/31/2020,AFW,TX,ASW,CE,Towers with Radar,42,10,24,8,84,0,0,58,7,65,42,10,82,15,149,200,0,200,349
04/01/2020,AFW,TX,ASW,CE,Towers with Radar,38,14,19,4,75,0,1,75,3,79,38,15,94,7,154,136,0,136,290
04/02/2020,AFW,TX,ASW,CE,Towers with Radar,37,11,19,6,73,0,0,20,0,20,37,11,39,6,93,62,0,62,155
04/03/2020,AFW,TX,ASW,CE,Towers with Radar,29,8,18,3,58,0,0,0,0,0,29,8,18,3,58,0,0,0,58
04/04/2020,AFW,TX,ASW,CE,Towers with Radar,17,3,9,7,36,0,0,0,0,0,17,3,9,7,36,0,0,0,36
04/05/2020,AFW,TX,ASW,CE,Towers with Radar,14,4,7,0,25,0,0,4,0,4,14,4,11,0,29,26,0,26,55
04/06/2020,AFW,TX,ASW,CE,Towers with Radar,20,13,39,4,76,0,0,26,0,26,20,13,65,4,102,64,0,64,166
04/07/2020,AFW,TX,ASW,CE,Towers with Radar,52,12,25,8,97,0,0,83,7,90,52,12,108,15,187,242,8,250,437
04/08/2020,AFW,TX,ASW,CE,Towers with Radar,40,12,18,12,82,0,0,52,7,59,40,12,70,19,141,126,0,126,267
04/09/2020,AFW,TX,ASW,CE,Towers with Radar,39,12,20,21,92,0,0,44,3,47,39,12,64,24,139,110,8,118,257
04/10/2020,AFW,TX,ASW,CE,Towers with Radar,33,5,22,15,75,0,1,88,6,95,33,6,110,21,170,342,2,344,514
04/11/2020,AFW,TX,ASW,CE,Towers with Radar,19,2,4,0,25,0,0,9,1,10,19,2,13,1,35,6,0,6,41
04/12/2020,AFW,TX,ASW,CE,Towers with Radar,14,0,4,0,18,0,0,9,0,9,14,0,13,0,27,18,0,18,45
04/13/2020,AFW,TX,ASW,CE,Towers with Radar,22,11,24,12,69,0,0,58,5,63,22,11,82,17,132,154,8,162,294
04/14/2020,AFW,TX,ASW,CE,Towers with Radar,40,15,27,0,82,2,0,56,5,63,42,15,83,5,145,164,0,164,309
04/15/2020,AFW,TX,ASW,CE,Towers with Radar,39,9,18,4,70,0,0,68,3,71,39,9,86,7,141,178,0,178,319
04/16/2020,AFW,TX,ASW,CE,Towers with Radar,38,8,21,16,83,0,0,73,0,73,38,8,94,16,156,40,2,42,198
04/17/2020,AFW,TX,ASW,CE,Towers with Radar,31,5,16,15,67,0,0,31,1,32,31,5,47,16,99,54,6,60,159
04/18/2020,AFW,TX,ASW,CE,Towers with Radar,14,2,14,4,34,0,0,30,0,30,14,2,44,4,64,62,0,62,126
04/19/2020,AFW,TX,ASW,CE,Towers with Radar,16,3,10,0,29,0,1,16,0,17,16,4,26,0,46,54,0,54,100
04/20/2020,AFW,TX,ASW,CE,Towers with Radar,25,2,23,20,70,0,0,49,1,50,25,2,72,21,120,122,0,122,242
04/21/2020,AFW,TX,ASW,CE,Towers with Radar,38,10,26,23,97,0,2,64,3,69,38,12,90,26,166,164,2,166,332
04/22/2020,AFW,TX,ASW,CE,Towers with Radar,40,9,4,24,77,0,0,3,4,7,40,9,7,28,84,6,2,8,92
04/23/2020,AFW,TX,ASW,CE,Towers with Radar,40,12,33,19,104,0,0,90,3,93,40,12,123,22,197,126,8,134,331
04/24/2020,AFW,TX,ASW,CE,Towers with Radar,30,5,17,31,83,0,0,65,2,67,30,5,82,33,150,100,0,100,250
04/25/2020,AFW,TX,ASW,CE,Towers with Radar,15,5,12,2,34,0,1,47,5,53,15,6,59,7,87,110,2,112,199
04/26/2020,AFW,TX,ASW,CE,Towers with Radar,13,3,12,0,28,0,0,51,0,51,13,3,63,0,79,112,0,112,191
04/27/2020,AFW,TX,ASW,CE,Towers with Radar,21,4,14,19,58,0,1,41,0,42,21,5,55,19,100,62,0,62,162
04/28/2020,AFW,TX,ASW,CE,Towers with Radar,32,5,23,8,68,0,0,45,0,45,32,5,68,8,113,32,0,32,145
04/29/2020,AFW,TX,ASW,CE,Towers with Radar,42,10,20,4,76,0,1,55,2,58,42,11,75,6,134,124,0,124,258
04/30/2020,AFW,TX,ASW,CE,Towers with Radar,42,10,19,4,75,0,2,84,0,86,42,12,103,4,161,134,0,134,295
05/01/2020,AFW,TX,ASW,CE,Towers with Radar,30,8,20,1,59,0,0,44,1,45,30,8,64,2,104,52,0,52,156
05/02/2020,AFW,TX,ASW,CE,Towers with Radar,16,2,6,1,25,0,0,22,3,25,16,2,28,4,50,40,0,40,90
05/03/2020,AFW,TX,ASW,CE,Towers with Radar,15,2,11,0,28,0,0,52,0,52,15,2,63,0,80,166,0,166,246
05/04/2020,AFW,TX,ASW,CE,Towers with Radar,20,4,18,33,75,0,0,46,0,46,20,4,64,33,121,82,0,82,203
05/05/2020,AFW,TX,ASW,CE,Towers with Radar,42,11,22,27,102,0,1,50,5,56,42,12,72,32,158,122,0,122,280
05/06/2020,AFW,TX,ASW,CE,Towers with Radar,42,15,15,31,103,0,0,119,8,127,42,15,134,39,230,184,10,194,424
05/07/2020,AFW,TX,ASW,CE,Towers with Radar,40,15,24,20,99,0,0,68,0,68,40,15,92,20,167,114,0,114,281
05/08/2020,AFW,TX,ASW,CE,Towers with Radar,35,5,12,17,69,0,0,28,4,32,35,5,40,21,101,72,6,78,179
05/09/2020,AFW,TX,ASW,CE,Towers with Radar,17,5,8,0,30,0,0,78,7,85,17,5,86,7,115,122,0,122,237
05/10/2020,AFW,TX,ASW,CE,Towers with Radar,14,4,8,2,28,0,1,31,0,32,14,5,39,2,60,92,0,92,152
05/11/2020,AFW,TX,ASW,CE,Towers with Radar,21,7,19,14,61,0,1,71,0,72,21,8,90,14,133,136,6,142,275
05/12/2020,AFW,TX,ASW,CE,Towers with Radar,45,13,16,9,83,1,2,24,5,32,46,15,40,14,115,76,10,86,201
05/13/2020,AFW,TX,ASW,CE,Towers with Radar,40,13,15,21,89,0,0,36,2,38,40,13,51,23,127,132,0,132,259
05/14/2020,AFW,TX,ASW,CE,Towers with Radar,37,13,17,19,86,0,0,51,0,51,37,13,68,19,137,112,0,112,249
05/15/2020,AFW,TX,ASW,CE,Towers with Radar,22,12,20,13,67,0,0,38,3,41,22,12,58,16,108,46,4,50,158
05/16/2020,AFW,TX,ASW,CE,Towers with Radar,17,1,12,0,30,0,0,0,0,0,17,1,12,0,30,0,0,0,30
05/17/2020,AFW,TX,ASW,CE,Towers with Radar,14,2,11,2,29,0,0,47,5,52,14,2,58,7,81,164,2,166,247
05/18/2020,AFW,TX,ASW,CE,Towers with Radar,23,6,16,12,57,0,1,92,0,93,23,7,108,12,150,114,0,114,264
05/19/2020,AFW,TX,ASW,CE,Towers with Radar,40,20,33,19,112,0,3,60,4,67,40,23,93,23,179,76,46,122,301
05/20/2020,AFW,TX,ASW,CE,Towers with Radar,39,11,32,22,104,0,1,41,0,42,39,12,73,22,146,124,0,124,270
05/21/2020,AFW,TX,ASW,CE,Towers with Radar,39,14,34,31,118,0,0,48,0,48,39,14,82,31,166,174,6,180,346
05/22/2020,AFW,TX,ASW,CE,Towers with Radar,30,6,11,23,70,0,2,47,5,54,30,8,58,28,124,92,6,98,222
05/23/2020,AFW,TX,ASW,CE,Towers with Radar,15,3,6,2,26,0,0,47,3,50,15,3,53,5,76,96,2,98,174
05/24/2020,AFW,TX,ASW,CE,Towers with Radar,16,5,5,0,26,0,1,9,0,10,16,6,14,0,36,36,0,36,72
05/25/2020,AFW,TX,ASW,CE,Towers with Radar,20,0,9,0,29,0,0,14,0,14,20,0,23,0,43,98,0,98,141
05/26/2020,AFW,TX,ASW,CE,Towers with Radar,21,9,21,22,73,0,4,35,0,39,21,13,56,22,112,96,2,98,210
05/27/2020,AFW,TX,ASW,CE,Towers with Radar,38,14,14,0,66,0,1,74,2,77,38,15,88,2,143,124,6,130,273
05/28/2020,AFW,TX,ASW,CE,Towers with Radar,45,18,24,24,111,0,3,103,3,109,45,21,127,27,220,188,4,192,412
05/29/2020,AFW,TX,ASW,CE,Towers with Radar,29,11,19,24,83,0,4,95,10,109,29,15,114,34,192,114,14,128,320
05/30/2020,AFW,TX,ASW,CE,Towers with Radar,19,2,12,10,43,0,2,45,12,59,19,4,57,22,102,102,0,102,204
05/31/2020,AFW,TX,ASW,CE,Towers with Radar,16,1,11,0,28,0,0,51,0,51,16,1,62,0,79,72,0,72,151
06/01/2020,AFW,TX,ASW,CE,Towers with Radar,25,9,14,11,59,0,0,55,1,56,25,9,69,12,115,68,0,68,183
06/02/2020,AFW,TX,ASW,CE,Towers with Radar,49,15,44,32,140,0,0,166,4,170,49,15,210,36,310,100,0,100,410
06/03/2020,AFW,TX,ASW,CE,Towers with Radar,42,13,24,23,102,0,0,242,3,245,42,13,266,26,347,222,0,222,569
06/04/2020,AFW,TX,ASW,CE,Towers with Radar,44,16,41,11,112,0,1,219,0,220,44,17,260,11,332,224,0,224,556
06/05/2020,AFW,TX,ASW,CE,Towers with Radar,35,14,25,10,84,0,0,197,5,202,35,14,222,15,286,166,4,170,456
06/06/2020,AFW,TX,ASW,CE,Towers with Radar,24,12,34,4,74,0,2,101,7,110,24,14,135,11,184,138,2,140,324
06/07/2020,AFW,TX,ASW,CE,Towers with Radar,17,3,18,6,44,0,2,35,0,37,17,5,53,6,81,120,0,120,201
06/08/2020,AFW,TX,ASW,CE,Towers with Radar,27,4,24,27,82,0,1,141,0,142,27,5,165,27,224,186,0,186,410
06/09/2020,AFW,TX,ASW,CE,Towers with Radar,45,13,20,41,119,0,0,42,1,43,45,13,62,42,162,34,0,34,196
06/10/2020,AFW,TX,ASW,CE,Towers with Radar,47,19,36,46,148,0,6,135,3,144,47,25,171,49,292,270,0,270,562
06/11/2020,AFW,TX,ASW,CE,Towers with Radar,38,16,38,29,121,0,2,130,2,134,38,18,168,31,255,178,0,178,433
06/12/2020,AFW,TX,ASW,CE,Towers with Radar,31,12,36,10,89,0,1,165,4,170,31,13,201,14,259,215,8,223,482
06/13/2020,AFW,TX,ASW,CE,Towers with Radar,20,3,11,5,39,0,0,73,2,75,20,3,84,7,114,154,0,154,268
06/14/2020,AFW,TX,ASW,CE,Towers with Radar,21,0,24,0,45,0,0,51,2,53,21,0,75,2,98,162,0,162,260
06/15/2020,AFW,TX,ASW,CE,Towers with Radar,30,7,33,8,78,0,1,147,4,152,30,8,180,12,230,210,8,218,448
06/16/2020,AFW,TX,ASW,CE,Towers with Radar,49,12,48,14,123,0,0,155,1,156,49,12,203,15,279,238,0,238,517
06/17/2020,AFW,TX,ASW,CE,Towers with Radar,43,15,43,15,116,0,0,140,5,145,43,15,183,20,261,194,0,194,455
06/18/2020,AFW,TX,ASW,CE,Towers with Radar,39,14,36,18,107,0,2,140,2,144,39,16,176,20,251,160,0,160,411
06/19/2020,AFW,TX,ASW,CE,Towers with Radar,29,10,37,10,86,0,0,57,6,63,29,10,94,16,149,188,8,196,345
06/20/2020,AFW,TX,ASW,CE,Towers with Radar,27,5,26,4,62,0,0,42,5,47,27,5,68,9,109,88,6,94,203
06/21/2020,AFW,TX,ASW,CE,Towers with Radar,24,1,6,1,32,0,0,28,0,28,24,1,34,1,60,24,0,24,84
06/22/2020,AFW,TX,ASW,CE,Towers with Radar,30,10,20,16,76,0,1,92,0,93,30,11,112,16,169,166,0,166,335
06/23/2020,AFW,TX,ASW,CE,Towers with Radar,46,14,12,2,74,0,0,34,0,34,46,14,46,2,108,138,0,138,246
06/24/2020,AFW,TX,ASW,CE,Towers with Radar,44,14,40,2,100,0,0,176,4,180,44,14,216,6,280,282,0,282,562
06/25/2020,AFW,TX,ASW,CE,Towers with Radar,44,14,51,11,120,0,0,207,5,212,44,14,258,16,332,330,6,336,668
06/26/2020,AFW,TX,ASW,CE,Towers with Radar,41,11,40,11,103,0,0,114,6,120,41,11,154,17,223,191,0,191,414
06/27/2020,AFW,TX,ASW,CE,Towers with Radar,26,10,19,27,82,0,0,32,8,40,26,10,51,35,122,80,22,102,224
06/28/2020,AFW,TX,ASW,CE,Towers with Radar,21,1,14,14,50,0,0,5,0,5,21,1,19,14,55,28,0,28,83
06/29/2020,AFW,TX,ASW,CE,Towers with Radar,32,7,41,7,87,0,1,33,4,38,32,8,74,11,125,66,0,66,191
06/30/2020,AFW,TX,ASW,CE,Towers with Radar,49,13,41,7,110,0,1,78,4,83,49,14,119,11,193,192,2,194,387
07/01/2020,AFW,TX,ASW,CE,Towers with Radar,50,19,49,20,138,0,4,87,7,98,50,23,136,27,236,180,16,196,432
07/02/2020,AFW,TX,ASW,CE,Towers with Radar,44,14,34,10,102,0,0,61,3,64,44,14,95,13,166,144,2,146,312
07/03/2020,AFW,TX,ASW,CE,Towers with Radar,29,11,20,0,60,0,2,122,6,130,29,13,142,6,190,268,6,274,464
07/04/2020,AFW,TX,ASW,CE,Towers with Radar,4,2,10,0,16,0,1,29,10,40,4,3,39,10,56,58,4,62,118
07/05/2020,AFW,TX,ASW,CE,Towers with Radar,22,5,9,0,36,0,0,14,1,15,22,5,23,1,51,16,0,16,67
07/06/2020,AFW,TX,ASW,CE,Towers with Radar,33,10,26,0,69,0,0,13,1,14,33,10,39,1,83,18,0,18,101
07/07/2020,AFW,TX,ASW,CE,Towers with Radar,51,11,32,0,94,0,0,21,2,23,51,11,53,2,117,78,2,80,197
07/08/2020,AFW,TX,ASW,CE,Towers with Radar,49,19,40,6,114,0,6,151,6,163,49,25,191,12,277,204,2,206,483
07/09/2020,AFW,TX,ASW,CE,Towers with Radar,47,18,44,16,125,0,4,142,6,152,47,22,186,22,277,368,6,374,651
07/10/2020,AFW,TX,ASW,CE,Towers with Radar,40,9,33,1,83,0,4,126,2,132,40,13,159,3,215,146,0,146,361
07/11/2020,AFW,TX,ASW,CE,Towers with Radar,24,1,13,0,38,0,0,74,0,74,24,1,87,0,112,104,0,104,216
07/12/2020,AFW,TX,ASW,CE,Towers with Radar,28,2,8,2,40,0,0,22,0,22,28,2,30,2,62,80,0,80,142
07/13/2020,AFW,TX,ASW,CE,Towers with Radar,29,6,36,16,87,0,0,125,1,126,29,6,161,17,213,298,6,304,517
07/14/2020,AFW,TX,ASW,CE,Towers with Radar,47,17,32,8,104,0,0,99,0,99,47,17,131,8,203,164,0,164,367
07/15/2020,AFW,TX,ASW,CE,Towers with Radar,53,15,33,23,124,0,0,121,2,123,53,15,154,25,247,274,0,274,521
07/16/2020,AFW,TX,ASW,CE,Towers with Radar,45,21,36,30,132,0,1,131,2,134,45,22,167,32,266,224,2,226,492
07/17/2020,AFW,TX,ASW,CE,Towers with Radar,41,15,34,40,130,0,0,126,2,128,41,15,160,42,258,210,10,220,478
07/18/2020,AFW,TX,ASW,CE,Towers with Radar,25,2,42,4,73,0,0,37,0,37,25,2,79,4,110,92,0,92,202
07/19/2020,AFW,TX,ASW,CE,Towers with Radar,22,3,63,0,88,0,1,43,0,44,22,4,106,0,132,18,0,18,150
07/20/2020,AFW,TX,ASW,CE,Towers with Radar,28,8,18,14,68,0,1,107,0,108,28,9,125,14,176,216,0,216,392
07/21/2020,AFW,TX,ASW,CE,Towers with Radar,54,16,25,12,107,0,0,98,0,98,54,16,123,12,205,262,8,270,475
07/22/2020,AFW,TX,ASW,CE,Towers with Radar,46,20,34,34,134,0,0,110,0,110,46,20,144,34,244,306,2,308,552
07/23/2020,AFW,TX,ASW,CE,Towers with Radar,48,18,29,42,137,0,0,145,1,146,48,18,174,43,283,192,2,194,477
07/24/2020,AFW,TX,ASW,CE,Towers with Radar,44,7,20,34,105,0,2,122,2,126,44,9,142,36,231,128,24,152,383
07/25/2020,AFW,TX,ASW,CE,Towers with Radar,26,6,17,0,49,0,2,38,0,40,26,8,55,0,89,58,0,58,147
07/26/2020,AFW,TX,ASW,CE,Towers with Radar,21,6,11,7,45,0,1,29,0,30,21,7,40,7,75,94,0,94,169
07/27/2020,AFW,TX,ASW,CE,Towers with Radar,33,10,39,46,128,0,3,72,0,75,33,13,111,46,203,134,0,134,337
07/28/2020,AFW,TX,ASW,CE,Towers with Radar,50,13,32,18,113,0,0,38,0,38,50,13,70,18,151,68,0,68,219
07/29/2020,AFW,TX,ASW,CE,Towers with Radar,49,15,34,12,110,0,0,125,5,130,49,15,159,17,240,258,0,258,498
07/30/2020,AFW,TX,ASW,CE,Towers with Radar,46,18,24,25,113,0,0,117,4,121,46,18,141,29,234,180,48,228,462
07/31/2020,AFW,TX,ASW,CE,Towers with Radar,38,12,32,18,100,0,0,82,4,86,38,12,114,22,186,200,8,208,394
08/01/2020,AFW,TX,ASW,CE,Towers with Radar,25,1,11,1,38,0,0,63,0,63,25,1,74,1,101,70,0,70,171
08/02/2020,AFW,TX,ASW,CE,Towers with Radar,25,2,15,1,43,0,0,41,0,41,25,2,56,1,84,114,0,114,198
08/03/2020,AFW,TX,ASW,CE,Towers with Radar,28,8,29,25,90,0,2,106,0,108,28,10,135,25,198,240,16,256,454
08/04/2020,AFW,TX,ASW,CE,Towers with Radar,60,24,48,31,163,0,0,103,7,110,60,24,151,38,273,238,6,244,517
08/05/2020,AFW,TX,ASW,CE,Towers with Radar,46,17,27,9,99,0,0,135,8,143,46,17,162,17,242,174,10,184,426
08/06/2020,AFW,TX,ASW,CE,Towers with Radar,53,21,15,31,120,0,3,130,0,133,53,24,145,31,253,128,0,128,381
08/07/2020,AFW,TX,ASW,CE,Towers with Radar,42,16,31,21,110,0,3,107,11,121,42,19,138,32,231,156,10,166,397
08/08/2020,AFW,TX,ASW,CE,Towers with Radar,27,10,7,8,52,0,2,66,6,74,27,12,73,14,126,74,4,78,204
08/09/2020,AFW,TX,ASW,CE,Towers with Radar,25,6,16,6,53,0,1,33,1,35,25,7,49,7,88,50,0,50,138
08/10/2020,AFW,TX,ASW,CE,Towers with Radar,32,9,24,25,90,0,2,100,1,103,32,11,124,26,193,136,0,136,329
08/11/2020,AFW,TX,ASW,CE,Towers with Radar,57,21,30,13,121,0,0,104,3,107,57,21,134,16,228,134,4,138,366
08/12/2020,AFW,TX,ASW,CE,Towers with Radar,53,17,25,13,108,0,0,148,0,148,53,17,173,13,256,176,2,178,434
08/13/2020,AFW,TX,ASW,CE,Towers with Radar,53,20,27,22,122,0,0,146,4,150,53,20,173,26,272,232,14,246,518
08/14/2020,AFW,TX,ASW,CE,Towers with Radar,45,9,24,10,88,0,0,98,5,103,45,9,122,15,191,184,14,198,389
08/15/2020,AFW,TX,ASW,CE,Towers with Radar,24,4,6,4,38,0,0,49,9,58,24,4,55,13,96,80,4,84,180
08/16/2020,AFW,TX,ASW,CE,Towers with Radar,18,3,9,4,34,0,0,20,0,20,18,3,29,4,54,64,0,64,118
08/17/2020,AFW,TX,ASW,CE,Towers with Radar,35,5,21,15,76,0,0,116,0,116,35,5,137,15,192,226,0,226,418
08/18/2020,AFW,TX,ASW,CE,Towers with Radar,52,12,34,10,108,0,1,126,6,133,52,13,160,16,241,180,16,196,437
08/19/2020,AFW,TX,ASW,CE,Towers with Radar,58,16,22,18,114,0,3,114,7,124,58,19,136,25,238,200,8,208,446
08/20/2020,AFW,TX,ASW,CE,Towers with Radar,42,17,32,20,111,0,1,112,2,115,42,18,144,22,226,212,0,212,438
08/21/2020,AFW,TX,ASW,CE,Towers with Radar,49,9,23,37,118,0,0,108,5,113,49,9,131,42,231,184,38,222,453
08/22/2020,AFW,TX,ASW,CE,Towers with Radar,28,0,16,4,48,0,0,78,4,82,28,0,94,8,130,174,2,176,306
08/23/2020,AFW,TX,ASW,CE,Towers with Radar,28,5,19,31,83,0,0,29,3,32,28,5,48,34,115,70,0,70,185
08/24/2020,AFW,TX,ASW,CE,Towers with Radar,35,7,20,47,109,0,0,97,16,113,35,7,117,63,222,146,56,202,424
08/25/2020,AFW,TX,ASW,CE,Towers with Radar,54,16,25,63,158,0,3,117,11,131,54,19,142,74,289,128,24,152,441
08/26/2020,AFW,TX,ASW,CE,Towers with Radar,58,16,23,8,105,0,0,86,11,97,58,16,109,19,202,116,34,150,352
08/27/2020,AFW,TX,ASW,CE,Towers with Radar,64,22,22,16,124,0,0,92,14,106,64,22,114,30,230,90,32,122,352
08/28/2020,AFW,TX,ASW,CE,Towers with Radar,53,9,19,58,139,0,2,153,12,167,53,11,172,70,306,162,38,200,506
08/29/2020,AFW,TX,ASW,CE,Towers with Radar,34,2,2,18,56,0,0,51,0,51,34,2,53,18,107,50,2,52,159
08/30/2020,AFW,TX,ASW,CE,Towers with Radar,30,4,9,29,72,0,0,71,3,74,30,4,80,32,146,112,0,112,258
08/31/2020,AFW,TX,ASW,CE,Towers with Radar,33,10,20,74,137,0,1,128,6,135,33,11,148,80,272,204,24,228,500
09/01/2020,AFW,TX,ASW,CE,Towers with Radar,64,13,19,0,96,0,0,14,0,14,64,13,33,0,110,26,0,26,136
09/02/2020,AFW,TX,ASW,CE,Towers with Radar,73,22,27,12,134,0,1,27,10,38,73,23,54,22,172,106,18,124,296
09/03/2020,AFW,TX,ASW,CE,Towers with Radar,63,15,26,40,144,0,5,53,8,66,63,20,79,48,210,204,6,210,420
09/04/2020,AFW,TX,ASW,CE,Towers with Radar,52,15,57,10,134,0,2,58,6,66,52,17,115,16,200,158,10,168,368
09/05/2020,AFW,TX,ASW,CE,Towers with Radar,31,2,13,0,46,0,0,101,0,101,31,2,114,0,147,114,0,114,261
09/06/2020,AFW,TX,ASW,CE,Towers with Radar,29,4,5,0,38,0,0,25,0,25,29,4,30,0,63,58,0,58,121
09/07/2020,AFW,TX,ASW,CE,Towers with Radar,27,5,11,0,43,0,0,40,0,40,27,5,51,0,83,74,0,74,157
09/08/2020,AFW,TX,ASW,CE,Towers with Radar,33,14,19,26,92,0,0,113,5,118,33,14,132,31,210,200,2,202,412
09/09/2020,AFW,TX,ASW,CE,Towers with Radar,63,13,24,0,100,0,0,4,0,4,63,13,28,0,104,50,0,50,154
09/10/2020,AFW,TX,ASW,CE,Towers with Radar,68,16,39,20,143,0,0,10,1,11,68,16,49,21,154,52,0,52,206
09/11/2020,AFW,TX,ASW,CE,Towers with Radar,49,12,36,92,189,0,1,75,1,77,49,13,111,93,266,330,48,378,644
09/12/2020,AFW,TX,ASW,CE,Towers with Radar,27,4,7,46,84,0,0,135,3,138,27,4,142,49,222,170,24,194,416
09/13/2020,AFW,TX,ASW,CE,Towers with Radar,31,7,12,22,72,0,0,22,0,22,31,7,34,22,94,40,0,40,134
09/14/2020,AFW,TX,ASW,CE,Towers with Radar,36,10,27,9,82,0,1,154,7,162,36,11,181,16,244,198,2,200,444
09/15/2020,AFW,TX,ASW,CE,Towers with Radar,66,14,31,18,129,0,0,130,9,139,66,14,161,27,268,170,12,182,450
09/16/2020,AFW,TX,ASW,CE,Towers with Radar,69,14,42,8,133,0,2,135,12,149,69,16,177,20,282,210,16,226,508
09/17/2020,AFW,TX,ASW,CE,Towers with Radar,61,18,46,18,143,0,0,175,11,186,61,18,221,29,329,184,10,194,523
09/18/2020,AFW,TX,ASW,CE,Towers with Radar,55,14,23,39,131,0,0,157,13,170,55,14,180,52,301,184,22,206,507
09/19/2020,AFW,TX,ASW,CE,Towers with Radar,35,2,12,59,108,0,1,86,11,98,35,3,98,70,206,84,28,112,318
09/20/2020,AFW,TX,ASW,CE,Towers with Radar,27,8,11,4,50,0,2,25,2,29,27,10,36,6,79,60,18,78,157
09/21/2020,AFW,TX,ASW,CE,Towers with Radar,38,15,13,39,105,0,1,71,4,76,38,16,84,43,181,58,4,62,243
09/22/2020,AFW,TX,ASW,CE,Towers with Radar,69,17,22,32,140,0,0,0,0,0,69,17,22,32,140,0,0,0,140
09/23/2020,AFW,TX,ASW,CE,Towers with Radar,70,26,54,37,187,0,0,14,0,14,70,26,68,37,201,98,16,114,315
09/24/2020,AFW,TX,ASW,CE,Towers with Radar,70,25,45,23,163,0,1,95,9,105,70,26,140,32,268,298,12,310,578
09/25/2020,AFW,TX,ASW,CE,Towers with Radar,65,13,17,40,135,0,2,129,16,147,65,15,146,56,282,236,38,274,556
09/26/2020,AFW,TX,ASW,CE,Towers with Radar,29,6,13,17,65,0,0,86,0,86,29,6,99,17,151,98,4,102,253
09/27/2020,AFW,TX,ASW,CE,Towers with Radar,32,1,9,5,47,0,0,14,1,15,32,1,23,6,62,0,0,0,62
09/28/2020,AFW,TX,ASW,CE,Towers with Radar,41,6,23,38,108,0,0,79,7,86,41,6,102,45,194,96,24,120,314
09/29/2020,AFW,TX,ASW,CE,Towers with Radar,80,15,34,26,155,0,0,121,8,129,80,15,155,34,284,158,36,194,478
09/30/2020,AFW,TX,ASW,CE,Towers with Radar,84,11,45,54,194,0,0,155,14,169,84,11,200,68,363,130,50,180,543
10/01/2020,AFW,TX,ASW,CE,Towers with Radar,81,18,30,46,175,0,2,131,15,148,81,20,161,61,323,208,26,234,557
10/02/2020,AFW,TX,ASW,CE,Towers with Radar,64,19,41,60,184,0,1,170,20,191,64,20,211,80,375,192,64,256,631
10/03/2020,AFW,TX,ASW,CE,Towers with Radar,35,1,12,24,72,0,0,87,10,97,35,1,99,34,169,198,30,228,397
10/04/2020,AFW,TX,ASW,CE,Towers with Radar,34,7,9,10,60,0,0,31,12,43,34,7,40,22,103,50,12,62,165
10/05/2020,AFW,TX,ASW,CE,Towers with Radar,37,9,25,27,98,0,1,139,3,143,37,10,164,30,241,210,6,216,457
10/06/2020,AFW,TX,ASW,CE,Towers with Radar,77,19,21,36,153,0,0,142,3,145,77,19,163,39,298,222,8,230,528
10/07/2020,AFW,TX,ASW,CE,Towers with Radar,77,15,38,62,192,0,1,138,5,144,77,16,176,67,336,236,14,250,586
10/08/2020,AFW,TX,ASW,CE,Towers with Radar,84,20,36,43,183,0,1,132,4,137,84,21,168,47,320,192,8,200,520
10/09/2020,AFW,TX,ASW,CE,Towers with Radar,60,15,30,45,150,0,3,63,6,72,60,18,93,51,222,124,70,194,416
10/10/2020,AFW,TX,ASW,CE,Towers with Radar,31,7,14,40,92,0,0,42,0,42,31,7,56,40,134,16,0,16,150
10/11/2020,AFW,TX,ASW,CE,Towers with Radar,40,4,18,41,103,0,3,26,0,29,40,7,44,41,132,0,0,0,132
10/12/2020,AFW,TX,ASW,CE,Towers with Radar,35,13,9,0,57,0,0,51,0,51,35,13,60,0,108,0,0,0,108
10/13/2020,AFW,TX,ASW,CE,Towers with Radar,77,11,21,5,114,0,0,131,3,134,77,11,152,8,248,4,0,4,252
10/14/2020,AFW,TX,ASW,CE,Towers with Radar,70,19,15,17,121,0,1,143,2,146,70,20,158,19,267,6,0,6,273
10/15/2020,AFW,TX,ASW,CE,Towers with Radar,68,17,15,13,113,0,1,38,4,43,68,18,53,17,156,0,8,8,164
10/16/2020,AFW,TX,ASW,CE,Towers with Radar,50,13,11,4,78,0,0,38,13,51,50,13,49,17,129,0,2,2,131
10/17/2020,AFW,TX,ASW,CE,Towers with Radar,26,2,1,1,30,0,0,15,15,30,26,2,16,16,60,0,0,0,60
10/18/2020,AFW,TX,ASW,CE,Towers with Radar,30,0,4,2,36,0,0,16,19,35,30,0,20,21,71,2,0,2,73
10/19/2020,AFW,TX,ASW,CE,Towers with Radar,35,11,29,11,86,0,0,15,0,15,35,11,44,11,101,0,0,0,101
10/20/2020,AFW,TX,ASW,CE,Towers with Radar,67,21,45,23,156,0,0,62,4,66,67,21,107,27,222,50,0,50,272
10/21/2020,AFW,TX,ASW,CE,Towers with Radar,69,13,50,6,138,0,0,120,9,129,69,13,170,15,267,134,0,134,401
10/22/2020,AFW,TX,ASW,CE,Towers with Radar,72,24,47,8,151,0,0,97,9,106,72,24,144,17,257,102,2,104,361
10/23/2020,AFW,TX,ASW,CE,Towers with Radar,59,12,29,8,108,0,0,9,1,10,59,12,38,9,118,0,2,2,120
10/24/2020,AFW,TX,ASW,CE,Towers with Radar,28,5,47,10,90,0,0,83,8,91,28,5,130,18,181,118,2,120,301
10/25/2020,AFW,TX,ASW,CE,Towers with Radar,30,7,48,1,86,0,0,0,0,0,30,7,48,1,86,0,0,0,86
10/26/2020,AFW,TX,ASW,CE,Towers with Radar,33,6,15,2,56,0,0,0,0,0,33,6,15,2,56,0,0,0,56
10/27/2020,AFW,TX,ASW,CE,Towers with Radar,69,13,19,1,102,0,0,0,0,0,69,13,19,1,102,0,0,0,102
10/28/2020,AFW,TX,ASW,CE,Towers with Radar,72,12,64,5,153,0,0,6,2,8,72,12,70,7,161,14,0,14,175
10/29/2020,AFW,TX,ASW,CE,Towers with Radar,63,18,42,45,168,0,0,67,0,67,63,18,109,45,235,120,4,124,359
10/30/2020,AFW,TX,ASW,CE,Towers with Radar,52,15,22,20,109,0,0,160,12,172,52,15,182,32,281,314,14,328,609
10/31/2020,AFW,TX,ASW,CE,Towers with Radar,24,1,8,4,37,0,1,117,3,121,24,2,125,7,158,162,4,166,324
11/01/2020,AFW,TX,ASW,CE,Towers with Radar,32,2,16,13,63,0,0,39,1,40,32,2,55,14,103,66,8,74,177
11/02/2020,AFW,TX,ASW,CE,Towers with Radar,37,14,18,21,90,0,5,112,9,126,37,19,130,30,216,248,0,248,464
11/03/2020,AFW,TX,ASW,CE,Towers with Radar,68,14,31,29,142,0,0,116,11,127,68,14,147,40,269,226,8,234,503
11/04/2020,AFW,TX,ASW,CE,Towers with Radar,63,23,29,30,145,0,3,126,7,136,63,26,155,37,281,214,20,234,515
11/05/2020,AFW,TX,ASW,CE,Towers with Radar,67,24,37,25,153,0,2,122,10,134,67,26,159,35,287,152,22,174,461
11/06/2020,AFW,TX,ASW,CE,Towers with Radar,55,11,26,30,122,0,1,54,5,60,55,12,80,35,182,96,26,122,304
11/07/2020,AFW,TX,ASW,CE,Towers with Radar,28,1,13,5,47,0,3,71,0,74,28,4,84,5,121,108,28,136,257
11/08/2020,AFW,TX,ASW,CE,Towers with Radar,28,10,9,14,61,0,0,19,1,20,28,10,28,15,81,20,0,20,101
11/09/2020,AFW,TX,ASW,CE,Towers with Radar,33,11,19,32,95,0,0,39,16,55,33,11,58,48,150,110,22,132,282
11/10/2020,AFW,TX,ASW,CE,Towers with Radar,76,10,24,56,166,0,2,92,15,109,76,12,116,71,275,208,32,240,515
11/11/2020,AFW,TX,ASW,CE,Towers with Radar,78,14,8,5,105,0,2,111,13,126,78,16,119,18,231,274,30,304,535
11/12/2020,AFW,TX,ASW,CE,Towers with Radar,68,12,23,63,166,0,0,95,13,108,68,12,118,76,274,148,34,182,456
11/13/2020,AFW,TX,ASW,CE,Towers with Radar,55,9,19,17,100,0,4,132,8,144,55,13,151,25,244,152,12,164,408
11/14/2020,AFW,TX,ASW,CE,Towers with Radar,29,5,9,12,55,0,0,8,5,13,29,5,17,17,68,36,6,42,110
11/15/2020,AFW,TX,ASW,CE,Towers with Radar,24,5,7,10,46,0,2,49,5,56,24,7,56,15,102,110,30,140,242
11/16/2020,AFW,TX,ASW,CE,Towers with Radar,38,6,19,38,101,0,0,131,11,142,38,6,150,49,243,112,8,120,363
11/17/2020,AFW,TX,ASW,CE,Towers with Radar,73,20,31,31,155,0,0,124,14,138,73,20,155,45,293,212,6,218,511
11/18/2020,AFW,TX,ASW,CE,Towers with Radar,73,22,27,26,148,0,2,119,5,126,73,24,146,31,274,140,2,142,416
11/19/2020,AFW,TX,ASW,CE,Towers with Radar,68,27,40,21,156,0,3,72,5,80,68,30,112,26,236,76,10,86,322
11/20/2020,AFW,TX,ASW,CE,Towers with Radar,62,24,33,27,146,0,0,66,9,75,62,24,99,36,221,78,24,102,323
11/21/2020,AFW,TX,ASW,CE,Towers with Radar,29,2,20,11,62,0,2,51,6,59,29,4,71,17,121,64,6,70,191
11/22/2020,AFW,TX,ASW,CE,Towers with Radar,33,7,20,8,68,0,0,0,0,0,33,7,20,8,68,0,0,0,68
11/23/2020,AFW,TX,ASW,CE,Towers with Radar,39,11,65,10,125,0,0,29,0,29,39,11,94,10,154,68,0,68,222
11/24/2020,AFW,TX,ASW,CE,Towers with Radar,78,15,32,3,128,0,0,10,2,12,78,15,42,5,140,2,4,6,146
11/25/2020,AFW,TX,ASW,CE,Towers with Radar,81,19,16,7,123,0,0,119,6,125,81,19,135,13,248,246,4,250,498
11/26/2020,AFW,TX,ASW,CE,Towers with Radar,25,1,8,0,34,0,0,10,0,10,25,1,18,0,44,12,0,12,56
11/27/2020,AFW,TX,ASW,CE,Towers with Radar,29,7,6,0,42,0,0,49,0,49,29,7,55,0,91,62,0,62,153
11/28/2020,AFW,TX,ASW,CE,Towers with Radar,27,7,12,0,46,0,0,3,0,3,27,7,15,0,49,0,0,0,49
11/29/2020,AFW,TX,ASW,CE,Towers with Radar,27,9,16,2,54,0,0,4,0,4,27,9,20,2,58,10,0,10,68
11/30/2020,AFW,TX,ASW,CE,Towers with Radar,42,7,27,16,92,0,0,106,4,110,42,7,133,20,202,122,2,124,326
12/01/2020,AFW,TX,ASW,CE,Towers with Radar,74,17,30,21,142,0,2,99,0,101,74,19,129,21,243,68,2,70,313
12/02/2020,AFW,TX,ASW,CE,Towers with Radar,80,14,22,8,124,0,1,54,3,58,80,15,76,11,182,80,6,86,268
12/03/2020,AFW,TX,ASW,CE,Towers with Radar,79,15,34,36,164,0,0,11,1,12,79,15,45,37,176,92,0,92,268
12/04/2020,AFW,TX,ASW,CE,Towers with Radar,61,15,27,23,126,0,2,120,2,124,61,17,147,25,250,122,16,138,388
12/05/2020,AFW,TX,ASW,CE,Towers with Radar,77,8,19,8,112,0,0,99,1,100,77,8,118,9,212,252,12,264,476
12/06/2020,AFW,TX,ASW,CE,Towers with Radar,24,5,12,21,62,0,0,35,2,37,24,5,47,23,99,96,16,112,211
12/07/2020,AFW,TX,ASW,CE,Towers with Radar,38,7,22,25,92,0,0,91,4,95,38,7,113,29,187,108,20,128,315
12/08/2020,AFW,TX,ASW,CE,Towers with Radar,84,23,27,48,182,0,2,109,3,114,84,25,136,51,296,222,12,234,530
12/09/2020,AFW,TX,ASW,CE,Towers with Radar,79,17,33,31,160,0,0,181,1,182,79,17,214,32,342,270,2,272,614
12/10/2020,AFW,TX,ASW,CE,Towers with Radar,78,23,30,25,156,0,0,159,19,178,78,23,189,44,334,188,36,224,558
12/11/2020,AFW,TX,ASW,CE,Towers with Radar,61,20,30,9,120,0,0,26,11,37,61,20,56,20,157,26,26,52,209
12/12/2020,AFW,TX,ASW,CE,Towers with Radar,77,12,14,22,125,0,4,81,27,112,77,16,95,49,237,180,78,258,495
12/13/2020,AFW,TX,ASW,CE,Towers with Radar,31,2,7,9,49,0,0,1,0,1,31,2,8,9,50,2,0,2,52
12/14/2020,AFW,TX,ASW,CE,Towers with Radar,36,6,24,27,93,0,1,81,14,96,36,7,105,41,189,284,38,322,511
12/15/2020,AFW,TX,ASW,CE,Towers with Radar,74,20,12,8,114,0,2,2,0,4,74,22,14,8,118,0,0,0,118
12/16/2020,AFW,TX,ASW,CE,Towers with Radar,80,12,31,22,145,0,0,86,11,97,80,12,117,33,242,192,12,204,446
12/17/2020,AFW,TX,ASW,CE,Towers with Radar,79,16,20,17,132,0,0,136,13,149,79,16,156,30,281,160,40,200,481
12/18/2020,AFW,TX,ASW,CE,Towers with Radar,72,22,30,16,140,0,1,42,4,47,72,23,72,20,187,48,54,102,289
12/19/2020,AFW,TX,ASW,CE,Towers with Radar,79,10,18,7,114,0,0,27,2,29,79,10,45,9,143,62,12,74,217
12/20/2020,AFW,TX,ASW,CE,Towers with Radar,29,4,18,6,57,0,0,25,2,27,29,4,43,8,84,40,0,40,124
12/21/2020,AFW,TX,ASW,CE,Towers with Radar,39,11,20,13,83,0,0,94,2,96,39,11,114,15,179,142,0,142,321
12/22/2020,AFW,TX,ASW,CE,Towers with Radar,84,17,26,25,152,0,0,78,8,86,84,17,104,33,238,80,20,100,338
12/23/2020,AFW,TX,ASW,CE,Towers with Radar,74,15,18,1,108,0,0,24,6,30,74,15,42,7,138,44,2,46,184
12/24/2020,AFW,TX,ASW,CE,Towers with Radar,55,12,9,0,76,0,0,7,0,7,55,12,16,0,83,12,0,12,95
12/25/2020,AFW,TX,ASW,CE,Towers with Radar,0,5,3,0,8,0,0,4,0,4,0,5,7,0,12,2,0,2,14
12/26/2020,AFW,TX,ASW,CE,Towers with Radar,8,6,11,0,25,0,0,30,0,30,8,6,41,0,55,44,0,44,99
12/27/2020,AFW,TX,ASW,CE,Towers with Radar,23,2,8,0,33,0,0,12,0,12,23,2,20,0,45,20,0,20,65
12/28/2020,AFW,TX,ASW,CE,Towers with Radar,30,17,33,1,81,0,0,41,0,41,30,17,74,1,122,136,0,136,258
12/29/2020,AFW,TX,ASW,CE,Towers with Radar,77,17,14,13,121,0,0,9,0,9,77,17,23,13,130,0,0,0,130
12/30/2020,AFW,TX,ASW,CE,Towers with Radar,75,19,6,0,100,0,0,0,0,0,75,19,6,0,100,0,0,0,100
12/31/2020,AFW,TX,ASW,CE,Towers with Radar,59,10,1,0,70,0,0,0,0,0,59,10,1,0,70,0,0,0,70
01/01/2021,AFW,TX,ASW,CE,Towers with Radar,4,4,6,0,14,0,0,3,0,3,4,4,9,0,17,4,0,4,21
01/02/2021,AFW,TX,ASW,CE,Towers with Radar,9,6,12,0,27,0,0,44,0,44,9,6,56,0,71,60,0,60,131
01/03/2021,AFW,TX,ASW,CE,Towers with Radar,30,5,7,7,49,0,0,22,0,22,30,5,29,7,71,32,0,32,103
01/04/2021,AFW,TX,ASW,CE,Towers with Radar,32,8,26,4,70,0,1,99,0,100,32,9,125,4,170,190,2,192,362
01/05/2021,AFW,TX,ASW,CE,Towers with Radar,62,20,26,7,115,0,0,111,0,111,62,20,137,7,226,158,0,158,384
01/06/2021,AFW,TX,ASW,CE,Towers with Radar,69,15,25,22,131,0,0,21,3,24,69,15,46,25,155,16,4,20,175
01/07/2021,AFW,TX,ASW,CE,Towers with Radar,61,17,28,33,139,0,4,49,7,60,61,21,77,40,199,160,0,160,359
01/08/2021,AFW,TX,ASW,CE,Towers with Radar,52,12,22,14,100,0,0,82,4,86,52,12,104,18,186,136,24,160,346
01/09/2021,AFW,TX,ASW,CE,Towers with Radar,28,1,12,11,52,0,0,59,2,61,28,1,71,13,113,92,0,92,205
01/10/2021,AFW,TX,ASW,CE,Towers with Radar,26,2,3,4,35,0,0,2,0,2,26,2,5,4,37,0,0,0,37
01/11/2021,AFW,TX,ASW,CE,Towers with Radar,32,6,16,46,100,0,0,75,4,79,32,6,91,50,179,98,34,132,311
01/12/2021,AFW,TX,ASW,CE,Towers with Radar,72,17,25,28,142,0,0,95,5,100,72,17,120,33,242,200,16,216,458
01/13/2021,AFW,TX,ASW,CE,Towers with Radar,67,10,17,34,128,0,2,115,1,118,67,12,132,35,246,252,12,264,510
01/14/2021,AFW,TX,ASW,CE,Towers with Radar,64,12,19,25,120,0,1,41,6,48,64,13,60,31,168,40,18,58,226
01/15/2021,AFW,TX,ASW,CE,Towers with Radar,51,11,13,49,124,0,0,16,2,18,51,11,29,51,142,4,18,22,164
01/16/2021,AFW,TX,ASW,CE,Towers with Radar,27,2,15,3,47,0,0,96,1,97,27,2,111,4,144,120,12,132,276
01/17/2021,AFW,TX,ASW,CE,Towers with Radar,25,4,11,13,53,0,2,28,2,32,25,6,39,15,85,50,0,50,135
01/18/2021,AFW,TX,ASW,CE,Towers with Radar,35,11,10,1,57,0,3,31,0,34,35,14,41,1,91,82,0,82,173
01/19/2021,AFW,TX,ASW,CE,Towers with Radar,66,16,27,42,151,0,0,53,0,53,66,16,80,42,204,90,2,92,296
01/20/2021,AFW,TX,ASW,CE,Towers with Radar,72,12,22,30,136,0,0,8,0,8,72,12,30,30,144,0,0,0,144
01/21/2021,AFW,TX,ASW,CE,Towers with Radar,62,12,39,36,149,0,0,79,1,80,62,12,118,37,229,100,2,102,331
01/22/2021,AFW,TX,ASW,CE,Towers with Radar,55,15,43,48,161,0,0,5,0,5,55,15,48,48,166,0,0,0,166
01/23/2021,AFW,TX,ASW,CE,Towers with Radar,25,2,5,3,35,0,0,0,0,0,25,2,5,3,35,0,0,0,35
01/24/2021,AFW,TX,ASW,CE,Towers with Radar,28,7,8,7,50,0,0,0,0,0,28,7,8,7,50,0,0,0,50
01/25/2021,AFW,TX,ASW,CE,Towers with Radar,34,6,15,33,88,0,0,59,5,64,34,6,74,38,152,96,8,104,256
01/26/2021,AFW,TX,ASW,CE,Towers with Radar,70,14,35,17,136,0,3,154,3,160,70,17,189,20,296,232,50,282,578
01/27/2021,AFW,TX,ASW,CE,Towers with Radar,72,19,35,71,197,0,4,163,12,179,72,23,198,83,376,240,18,258,634
01/28/2021,AFW,TX,ASW,CE,Towers with Radar,65,19,24,56,164,0,1,161,0,162,65,20,185,56,326,192,4,196,522
01/29/2021,AFW,TX,ASW,CE,Towers with Radar,49,16,18,35,118,0,4,147,5,156,49,20,165,40,274,262,6,268,542
01/30/2021,AFW,TX,ASW,CE,Towers with Radar,30,0,7,1,38,0,0,0,0,0,30,0,7,1,38,0,0,0,38
01/31/2021,AFW,TX,ASW,CE,Towers with Radar,26,2,12,3,43,0,0,38,1,39,26,2,50,4,82,56,0,56,138
02/01/2021,AFW,TX,ASW,CE,Towers with Radar,32,5,30,16,83,0,2,133,3,138,32,7,163,19,221,172,16,188,409
02/02/2021,AFW,TX,ASW,CE,Towers with Radar,66,18,22,17,123,0,7,129,3,139,66,25,151,20,262,158,4,162,424
02/03/2021,AFW,TX,ASW,CE,Towers with Radar,66,20,28,12,126,0,3,137,1,141,66,23,165,13,267,128,2,130,397
02/04/2021,AFW,TX,ASW,CE,Towers with Radar,70,15,29,67,181,0,2,80,1,83,70,17,109,68,264,66,8,74,338
02/05/2021,AFW,TX,ASW,CE,Towers with Radar,48,15,10,41,114,0,0,138,0,138,48,15,148,41,252,118,14,132,384
02/06/2021,AFW,TX,ASW,CE,Towers with Radar,28,4,8,98,138,0,0,43,2,45,28,4,51,100,183,130,60,190,373
02/07/2021,AFW,TX,ASW,CE,Towers with Radar,27,6,7,48,88,0,0,15,0,15,27,6,22,48,103,44,24,68,171
02/08/2021,AFW,TX,ASW,CE,Towers with Radar,32,15,21,69,137,0,0,13,1,14,32,15,34,70,151,14,26,40,191
02/09/2021,AFW,TX,ASW,CE,Towers with Radar,68,14,23,6,111,0,0,1,0,1,68,14,24,6,112,2,0,2,114
02/10/2021,AFW,TX,ASW,CE,Towers with Radar,60,6,23,0,89,0,0,0,0,0,60,6,23,0,89,0,0,0,89
02/11/2021,AFW,TX,ASW,CE,Towers with Radar,71,3,14,4,92,0,0,3,0,3,71,3,17,4,95,32,0,32,127
02/12/2021,AFW,TX,ASW,CE,Towers with Radar,57,10,25,7,99,0,0,1,0,1,57,10,26,7,100,0,0,0,100
02/13/2021,AFW,TX,ASW,CE,Towers with Radar,23,4,5,2,34,0,0,4,0,4,23,4,9,2,38,20,0,20,58
02/14/2021,AFW,TX,ASW,CE,Towers with Radar,6,0,4,0,10,0,0,0,0,0,6,0,4,0,10,0,0,0,10
02/15/2021,AFW,TX,ASW,CE,Towers with Radar,9,0,5,0,14,0,0,0,0,0,9,0,5,0,14,0,0,0,14
02/16/2021,AFW,TX,ASW,CE,Towers with Radar,41,1,13,0,55,0,0,1,0,1,41,1,14,0,56,0,0,0,56
02/17/2021,AFW,TX,ASW,CE,Towers with Radar,38,1,5,0,44,0,0,0,0,0,38,1,5,0,44,0,0,0,44
02/18/2021,AFW,TX,ASW,CE,Towers with Radar,49,13,4,0,66,0,0,0,0,0,49,13,4,0,66,0,0,0,66
02/19/2021,AFW,TX,ASW,CE,Towers with Radar,50,8,12,25,95,0,0,18,3,21,50,8,30,28,116,18,10,28,144
02/20/2021,AFW,TX,ASW,CE,Towers with Radar,40,9,14,3,66,0,0,33,1,34,40,9,47,4,100,42,6,48,148
02/21/2021,AFW,TX,ASW,CE,Towers with Radar,25,2,15,2,44,0,0,14,0,14,25,2,29,2,58,12,0,12,70
02/22/2021,AFW,TX,ASW,CE,Towers with Radar,39,9,23,52,123,0,2,127,5,134,39,11,150,57,257,148,36,184,441
02/23/2021,AFW,TX,ASW,CE,Towers with Radar,70,26,29,44,169,0,14,136,9,159,70,40,165,53,328,138,2,140,468
02/24/2021,AFW,TX,ASW,CE,Towers with Radar,63,25,32,42,162,0,6,140,8,154,63,31,172,50,316,214,4,218,534
02/25/2021,AFW,TX,ASW,CE,Towers with Radar,64,37,36,15,152,0,4,70,0,74,64,41,106,15,226,108,0,108,334
02/26/2021,AFW,TX,ASW,CE,Towers with Radar,57,24,21,25,127,0,0,5,11,16,57,24,26,36,143,8,24,32,175
02/27/2021,AFW,TX,ASW,CE,Towers with Radar,29,0,22,6,57,0,0,0,0,0,29,0,22,6,57,0,0,0,57
02/28/2021,AFW,TX,ASW,CE,Towers with Radar,29,3,10,11,53,0,0,4,0,4,29,3,14,11,57,0,0,0,57
03/01/2021,AFW,TX,ASW,CE,Towers with Radar,38,10,14,19,81,0,8,81,5,94,38,18,95,24,175,156,24,180,355
03/02/2021,AFW,TX,ASW,CE,Towers with Radar,68,20,53,23,164,0,13,164,2,179,68,33,217,25,343,232,8,240,583
03/03/2021,AFW,TX,ASW,CE,Towers with Radar,71,31,35,13,150,0,12,135,10,157,71,43,170,23,307,212,16,228,535
03/04/2021,AFW,TX,ASW,CE,Towers with Radar,72,28,49,20,169,0,5,104,1,110,72,33,153,21,279,114,4,118,397
03/05/2021,AFW,TX,ASW,CE,Towers with Radar,53,18,29,55,155,0,6,61,4,71,53,24,90,59,226,168,10,178,404
03/06/2021,AFW,TX,ASW,CE,Towers with Radar,34,5,11,18,68,0,0,125,2,127,34,5,136,20,195,166,32,198,393
03/07/2021,AFW,TX,ASW,CE,Towers with Radar,27,5,13,18,63,0,0,34,2,36,27,5,47,20,99,46,18,64,163
03/08/2021,AFW,TX,ASW,CE,Towers with Radar,36,11,39,43,129,0,12,119,4,135,36,23,158,47,264,154,12,166,430
03/09/2021,AFW,TX,ASW,CE,Towers with Radar,67,32,48,44,191,0,0,25,5,30,67,32,73,49,221,34,6,40,261
03/10/2021,AFW,TX,ASW,CE,Towers with Radar,68,44,37,31,180,0,13,28,3,44,68,57,65,34,224,38,0,38,262
03/11/2021,AFW,TX,ASW,CE,Towers with Radar,67,37,37,91,232,0,5,76,1,82,67,42,113,92,314,68,10,78,392
03/12/2021,AFW,TX,ASW,CE,Towers with Radar,57,19,35,98,209,0,4,37,0,41,57,23,72,98,250,86,18,104,354
03/13/2021,AFW,TX,ASW,CE,Towers with Radar,28,3,19,25,75,0,0,20,0,20,28,3,39,25,95,86,6,92,187
03/14/2021,AFW,TX,ASW,CE,Towers with Radar,30,2,11,33,76,0,1,15,5,21,30,3,26,38,97,8,26,34,131
03/15/2021,AFW,TX,ASW,CE,Towers with Radar,37,10,12,21,80,0,5,51,8,64,37,15,63,29,144,30,22,52,196
03/16/2021,AFW,TX,ASW,CE,Towers with Radar,70,33,33,18,154,0,17,110,6,133,70,50,143,24,287,156,0,156,443
03/17/2021,AFW,TX,ASW,CE,Towers with Radar,62,16,19,45,142,0,13,17,5,35,62,29,36,50,177,6,2,8,185
03/18/2021,AFW,TX,ASW,CE,Towers with Radar,73,24,19,52,168,0,19,78,0,97,73,43,97,52,265,72,0,72,337
03/19/2021,AFW,TX,ASW,CE,Towers with Radar,66,13,15,68,162,2,13,88,19,122,68,26,103,87,284,248,54,302,586
03/20/2021,AFW,TX,ASW,CE,Towers with Radar,29,4,22,14,69,0,0,64,14,78,29,4,86,28,147,104,2,106,253
03/21/2021,AFW,TX,ASW,CE,Towers with Radar,39,7,13,8,67,0,0,18,2,20,39,7,31,10,87,42,0,42,129
03/22/2021,AFW,TX,ASW,CE,Towers with Radar,35,6,19,24,84,0,0,2,0,2,35,6,21,24,86,10,0,10,96
03/23/2021,AFW,TX,ASW,CE,Towers with Radar,82,24,38,44,188,0,12,69,9,90,82,36,107,53,278,158,0,158,436
03/24/2021,AFW,TX,ASW,CE,Towers with Radar,73,24,40,37,174,0,6,51,11,68,73,30,91,48,242,74,32,106,348
03/25/2021,AFW,TX,ASW,CE,Towers with Radar,73,20,30,59,182,0,4,46,5,55,73,24,76,64,237,90,6,96,333
03/26/2021,AFW,TX,ASW,CE,Towers with Radar,60,15,27,51,153,0,15,143,16,174,60,30,170,67,327,258,20,278,605
03/27/2021,AFW,TX,ASW,CE,Towers with Radar,33,0,16,15,64,0,0,57,8,65,33,0,73,23,129,78,20,98,227
03/28/2021,AFW,TX,ASW,CE,Towers with Radar,29,3,20,15,67,0,0,56,7,63,29,3,76,22,130,31,12,43,173
03/29/2021,AFW,TX,ASW,CE,Towers with Radar,40,12,33,59,144,0,3,113,2,118,40,15,146,61,262,128,20,148,410
03/30/2021,AFW,TX,ASW,CE,Towers with Radar,61,17,46,36,160,0,3,74,7,84,61,20,120,43,244,178,0,178,422
03/31/2021,AFW,TX,ASW,CE,Towers with Radar,64,20,31,13,128,0,8,40,5,53,64,28,71,18,181,50,12,62,243
04/01/2021,AFW,TX,ASW,CE,Towers with Radar,64,21,33,16,134,0,12,196,5,213,64,33,229,21,347,204,2,206,553
04/02/2021,AFW,TX,ASW,CE,Towers with Radar,54,18,41,11,124,0,7,130,9,146,54,25,171,20,270,226,12,238,508
04/03/2021,AFW,TX,ASW,CE,Towers with Radar,31,4,10,2,47,0,0,90,8,98,31,4,100,10,145,154,20,174,319
04/04/2021,AFW,TX,ASW,CE,Towers with Radar,34,5,16,1,56,0,0,9,0,9,34,5,25,1,65,30,0,30,95
04/05/2021,AFW,TX,ASW,CE,Towers with Radar,38,8,26,30,102,0,2,115,0,117,38,10,141,30,219,96,0,96,315
04/06/2021,AFW,TX,ASW,CE,Towers with Radar,57,19,42,13,131,0,0,14,3,17,57,19,56,16,148,24,0,24,172
04/07/2021,AFW,TX,ASW,CE,Towers with Radar,64,11,49,20,144,0,2,60,3,65,64,13,109,23,209,134,4,138,347
04/08/2021,AFW,TX,ASW,CE,Towers with Radar,60,25,41,15,141,0,21,146,5,172,60,46,187,20,313,210,18,228,541
04/09/2021,AFW,TX,ASW,CE,Towers with Radar,56,32,38,73,199,0,12,60,12,84,56,44,98,85,283,130,16,146,429
04/10/2021,AFW,TX,ASW,CE,Towers with Radar,33,7,13,18,71,0,2,84,4,90,33,9,97,22,161,146,16,162,323
04/11/2021,AFW,TX,ASW,CE,Towers with Radar,32,7,21,12,72,0,0,57,7,64,32,7,78,19,136,114,24,138,274
04/12/2021,AFW,TX,ASW,CE,Towers with Radar,39,22,40,55,156,0,6,123,1,130,39,28,163,56,286,118,0,118,404
04/13/2021,AFW,TX,ASW,CE,Towers with Radar,59,21,22,30,132,0,11,88,4,103,59,32,110,34,235,164,8,172,407
04/14/2021,AFW,TX,ASW,CE,Towers with Radar,65,36,47,18,166,0,9,46,0,55,65,45,93,18,221,128,0,128,349
04/15/2021,AFW,TX,ASW,CE,Towers with Radar,62,22,26,1,111,0,2,3,0,5,62,24,29,1,116,0,0,0,116
04/16/2021,AFW,TX,ASW,CE,Towers with Radar,53,16,22,15,106,0,0,0,0,0,53,16,22,15,106,0,0,0,106
04/17/2021,AFW,TX,ASW,CE,Towers with Radar,38,5,22,31,96,0,4,90,5,99,38,9,112,36,195,114,24,138,333
04/18/2021,AFW,TX,ASW,CE,Towers with Radar,28,10,13,16,67,0,0,40,4,44,28,10,53,20,111,96,6,102,213
04/19/2021,AFW,TX,ASW,CE,Towers with Radar,36,18,23,87,164,0,10,115,2,127,36,28,138,89,291,238,12,250,541
04/20/2021,AFW,TX,ASW,CE,Towers with Radar,65,23,38,80,206,0,21,90,3,114,65,44,128,83,320,136,18,154,474
04/21/2021,AFW,TX,ASW,CE,Towers with Radar,66,27,36,81,210,0,23,127,6,156,66,50,163,87,366,180,12,192,558
04/22/2021,AFW,TX,ASW,CE,Towers with Radar,65,20,50,53,188,0,17,127,0,144,65,37,177,53,332,118,6,124,456
04/23/2021,AFW,TX,ASW,CE,Towers with Radar,51,18,23,8,100,0,0,0,0,0,51,18,23,8,100,0,0,0,100
04/24/2021,AFW,TX,ASW,CE,Towers with Radar,30,9,16,18,73,0,9,29,5,43,30,18,45,23,116,68,34,102,218
04/25/2021,AFW,TX,ASW,CE,Towers with Radar,28,4,31,11,74,0,2,46,6,54,28,6,77,17,128,90,16,106,234
04/26/2021,AFW,TX,ASW,CE,Towers with Radar,32,9,38,27,106,0,6,96,0,102,32,15,134,27,208,136,0,136,344
04/27/2021,AFW,TX,ASW,CE,Towers with Radar,63,19,48,39,169,0,0,13,0,13,63,19,61,39,182,14,6,20,202
04/28/2021,AFW,TX,ASW,CE,Towers with Radar,75,16,23,2,116,0,0,6,0,6,75,16,29,2,122,10,0,10,132
04/29/2021,AFW,TX,ASW,CE,Towers with Radar,71,8,27,4,110,0,0,0,0,0,71,8,27,4,110,42,0,42,152
04/30/2021,AFW,TX,ASW,CE,Towers with Radar,52,20,39,9,120,0,17,24,1,42,52,37,63,10,162,16,0,16,178
05/01/2021,AFW,TX,ASW,CE,Towers with Radar,24,12,20,6,62,0,0,2,0,2,24,12,22,6,64,0,0,0,64
05/02/2021,AFW,TX,ASW,CE,Towers with Radar,15,16,33,22,86,0,0,20,2,22,15,16,53,24,108,48,8,56,164
05/03/2021,AFW,TX,ASW,CE,Towers with Radar,29,24,29,34,116,0,23,108,0,131,29,47,137,34,247,158,4,162,409
05/04/2021,AFW,TX,ASW,CE,Towers with Radar,76,38,51,15,180,0,12,114,1,127,76,50,165,16,307,186,4,190,497
05/05/2021,AFW,TX,ASW,CE,Towers with Radar,68,25,43,14,150,0,27,155,2,184,68,52,198,16,334,248,0,248,582
05/06/2021,AFW,TX,ASW,CE,Towers with Radar,74,22,30,23,149,0,19,165,2,186,74,41,195,25,335,304,6,310,645
05/07/2021,AFW,TX,ASW,CE,Towers with Radar,61,17,23,15,116,0,13,98,5,116,61,30,121,20,232,166,4,170,402
05/08/2021,AFW,TX,ASW,CE,Towers with Radar,46,9,11,14,80,0,0,24,9,33,46,9,35,23,113,48,4,52,165
05/09/2021,AFW,TX,ASW,CE,Towers with Radar,25,4,13,27,69,0,0,22,0,22,25,4,35,27,91,38,4,42,133
05/10/2021,AFW,TX,ASW,CE,Towers with Radar,33,14,23,17,87,0,0,0,0,0,33,14,23,17,87,0,0,0,87
05/11/2021,AFW,TX,ASW,CE,Towers with Radar,71,15,14,0,100,0,0,0,0,0,71,15,14,0,100,0,0,0,100
05/12/2021,AFW,TX,ASW,CE,Towers with Radar,69,27,65,21,182,0,0,15,1,16,69,27,80,22,198,122,0,122,320
05/13/2021,AFW,TX,ASW,CE,Towers with Radar,70,22,41,26,159,0,24,159,0,183,70,46,200,26,342,198,4,202,544
05/14/2021,AFW,TX,ASW,CE,Towers with Radar,56,22,26,35,139,0,21,94,1,116,56,43,120,36,255,189,12,201,456
05/15/2021,AFW,TX,ASW,CE,Towers with Radar,33,2,20,11,66,0,1,69,3,73,33,3,89,14,139,118,0,118,257
05/16/2021,AFW,TX,ASW,CE,Towers with Radar,32,11,15,0,58,0,0,0,0,0,32,11,15,0,58,0,0,0,58
05/17/2021,AFW,TX,ASW,CE,Towers with Radar,40,12,20,3,75,0,15,43,0,58,40,27,63,3,133,58,0,58,191
05/18/2021,AFW,TX,ASW,CE,Towers with Radar,69,20,9,5,103,1,4,8,0,13,70,24,17,5,116,12,0,12,128
05/19/2021,AFW,TX,ASW,CE,Towers with Radar,76,26,23,34,159,0,22,78,5,105,76,48,101,39,264,152,22,174,438
05/20/2021,AFW,TX,ASW,CE,Towers with Radar,75,29,33,35,172,0,3,62,0,65,75,32,95,35,237,158,0,158,395
05/21/2021,AFW,TX,ASW,CE,Towers with Radar,62,35,30,56,183,0,5,45,4,54,62,40,75,60,237,60,78,138,375
05/22/2021,AFW,TX,ASW,CE,Towers with Radar,34,6,21,1,62,0,0,5,0,5,34,6,26,1,67,0,0,0,67
05/23/2021,AFW,TX,ASW,CE,Towers with Radar,31,12,21,17,81,0,0,11,0,11,31,12,32,17,92,78,0,78,170
05/24/2021,AFW,TX,ASW,CE,Towers with Radar,38,12,21,9,80,0,0,2,0,2,38,12,23,9,82,0,0,0,82
05/25/2021,AFW,TX,ASW,CE,Towers with Radar,71,18,23,25,137,0,3,49,0,52,71,21,72,25,189,150,12,162,351
05/26/2021,AFW,TX,ASW,CE,Towers with Radar,71,23,55,44,193,0,11,116,4,131,71,34,171,48,324,158,10,168,492
05/27/2021,AFW,TX,ASW,CE,Towers with Radar,68,23,64,21,176,0,4,60,10,74,68,27,124,31,250,80,18,98,348
05/28/2021,AFW,TX,ASW,CE,Towers with Radar,59,16,35,2,112,0,0,20,2,22,59,16,55,4,134,112,0,112,246
05/29/2021,AFW,TX,ASW,CE,Towers with Radar,36,2,20,1,59,0,0,34,0,34,36,2,54,1,93,100,0,100,193
05/30/2021,AFW,TX,ASW,CE,Towers with Radar,35,2,16,3,56,0,0,16,2,18,35,2,32,5,74,28,0,28,102
05/31/2021,AFW,TX,ASW,CE,Towers with Radar,33,3,12,9,57,0,0,2,0,2,33,3,14,9,59,0,0,0,59
06/01/2021,AFW,TX,ASW,CE,Towers with Radar,42,11,29,56,138,0,0,26,1,27,42,11,55,57,165,101,0,101,266
06/02/2021,AFW,TX,ASW,CE,Towers with Radar,88,23,34,56,201,0,5,107,3,115,88,28,141,59,316,130,76,206,522
06/03/2021,AFW,TX,ASW,CE,Towers with Radar,84,22,31,29,166,0,11,138,0,149,84,33,169,29,315,236,4,240,555
06/04/2021,AFW,TX,ASW,CE,Towers with Radar,61,15,23,16,115,0,2,57,0,59,61,17,80,16,174,102,4,106,280
06/05/2021,AFW,TX,ASW,CE,Towers with Radar,36,11,10,4,61,0,0,9,0,9,36,11,19,4,70,46,0,46,116
06/06/2021,AFW,TX,ASW,CE,Towers with Radar,35,4,13,5,57,0,0,14,1,15,35,4,27,6,72,56,8,64,136
06/07/2021,AFW,TX,ASW,CE,Towers with Radar,43,10,16,0,69,0,0,16,0,16,43,10,32,0,85,6,0,6,91
06/08/2021,AFW,TX,ASW,CE,Towers with Radar,76,35,27,25,163,0,9,128,4,141,76,44,155,29,304,134,10,144,448
06/09/2021,AFW,TX,ASW,CE,Towers with Radar,89,28,53,36,206,0,7,73,0,80,89,35,126,36,286,164,0,164,450
06/10/2021,AFW,TX,ASW,CE,Towers with Radar,78,27,46,19,170,0,11,101,2,114,78,38,147,21,284,162,0,162,446
06/11/2021,AFW,TX,ASW,CE,Towers with Radar,57,22,46,55,180,0,11,96,0,107,57,33,142,55,287,136,6,142,429
06/12/2021,AFW,TX,ASW,CE,Towers with Radar,33,11,40,3,87,0,0,32,1,33,33,11,72,4,120,20,0,20,140
06/13/2021,AFW,TX,ASW,CE,Towers with Radar,30,15,58,12,115,0,0,50,2,52,30,15,108,14,167,24,0,24,191
06/14/2021,AFW,TX,ASW,CE,Towers with Radar,48,20,22,18,108,0,12,86,0,98,48,32,108,18,206,80,0,80,286
06/15/2021,AFW,TX,ASW,CE,Towers with Radar,77,28,33,40,178,0,12,149,2,163,77,40,182,42,341,160,4,164,505
06/16/2021,AFW,TX,ASW,CE,Towers with Radar,77,28,44,20,169,0,15,128,1,144,77,43,172,21,313,200,2,202,515
06/17/2021,AFW,TX,ASW,CE,Towers with Radar,87,32,42,26,187,0,20,185,8,213,87,52,227,34,400,182,24,206,606
06/18/2021,AFW,TX,ASW,CE,Towers with Radar,59,27,30,8,124,0,13,87,5,105,59,40,117,13,229,102,0,102,331
06/19/2021,AFW,TX,ASW,CE,Towers with Radar,35,3,20,0,58,0,0,78,2,80,35,3,98,2,138,26,0,26,164
06/20/2021,AFW,TX,ASW,CE,Towers with Radar,32,9,19,17,77,0,6,27,1,34,32,15,46,18,111,58,4,62,173
06/21/2021,AFW,TX,ASW,CE,Towers with Radar,42,26,23,20,111,0,1,23,0,24,42,27,46,20,135,36,0,36,171
06/22/2021,AFW,TX,ASW,CE,Towers with Radar,79,22,41,23,165,0,19,115,6,140,79,41,156,29,305,102,4,106,411
06/23/2021,AFW,TX,ASW,CE,Towers with Radar,87,53,52,26,218,0,11,66,1,78,87,64,118,27,296,88,8,96,392
06/24/2021,AFW,TX,ASW,CE,Towers with Radar,83,30,48,11,172,0,35,122,1,158,83,65,170,12,330,182,0,182,512
06/25/2021,AFW,TX,ASW,CE,Towers with Radar,66,32,49,62,209,0,31,109,8,148,66,63,158,70,357,124,30,154,511
06/26/2021,AFW,TX,ASW,CE,Towers with Radar,41,14,16,47,118,0,3,27,12,42,41,17,43,59,160,32,74,106,266
06/27/2021,AFW,TX,ASW,CE,Towers with Radar,31,12,27,52,122,0,0,21,11,32,31,12,48,63,154,32,28,60,214
06/28/2021,AFW,TX,ASW,CE,Towers with Radar,45,21,22,18,106,0,12,17,14,43,45,33,39,32,149,52,22,74,223
06/29/2021,AFW,TX,ASW,CE,Towers with Radar,83,31,42,26,182,0,12,33,5,50,83,43,75,31,232,114,20,134,366
06/30/2021,AFW,TX,ASW,CE,Towers with Radar,90,39,49,41,219,0,15,85,7,107,90,54,134,48,326,180,12,192,518
07/01/2021,AFW,TX,ASW,CE,Towers with Radar,90,27,38,33,188,0,17,100,4,121,90,44,138,37,309,96,0,96,405
07/02/2021,AFW,TX,ASW,CE,Towers with Radar,58,20,32,6,116,0,3,38,0,41,58,23,70,6,157,78,0,78,235
07/03/2021,AFW,TX,ASW,CE,Towers with Radar,33,3,10,0,46,0,0,13,0,13,33,3,23,0,59,32,0,32,91
07/04/2021,AFW,TX,ASW,CE,Towers with Radar,4,3,6,0,13,0,0,16,2,18,4,3,22,2,31,30,0,30,61
07/05/2021,AFW,TX,ASW,CE,Towers with Radar,12,14,16,0,42,0,0,66,0,66,12,14,82,0,108,100,0,100,208
07/06/2021,AFW,TX,ASW,CE,Towers with Radar,46,10,12,6,74,0,3,65,0,68,46,13,77,6,142,116,10,126,268
07/07/2021,AFW,TX,ASW,CE,Towers with Radar,80,21,27,19,147,0,9,134,2,145,80,30,161,21,292,210,10,220,512
07/08/2021,AFW,TX,ASW,CE,Towers with Radar,91,21,34,17,163,0,10,128,1,139,91,31,162,18,302,128,0,128,430
07/09/2021,AFW,TX,ASW,CE,Towers with Radar,68,15,31,75,189,0,2,30,5,37,68,17,61,80,226,26,30,56,282
07/10/2021,AFW,TX,ASW,CE,Towers with Radar,38,2,21,42,103,0,0,20,6,26,38,2,41,48,129,40,20,60,189
07/11/2021,AFW,TX,ASW,CE,Towers with Radar,34,9,22,31,96,0,0,19,1,20,34,9,41,32,116,28,0,28,144
07/12/2021,AFW,TX,ASW,CE,Towers with Radar,46,14,34,23,117,0,18,102,1,121,46,32,136,24,238,48,2,50,288
07/13/2021,AFW,TX,ASW,CE,Towers with Radar,88,21,47,28,184,0,23,126,4,153,88,44,173,32,337,230,0,230,567
07/14/2021,AFW,TX,ASW,CE,Towers with Radar,96,30,45,48,219,0,6,95,8,109,96,36,140,56,328,48,14,62,390
07/15/2021,AFW,TX,ASW,CE,Towers with Radar,88,16,41,47,192,0,19,98,3,120,88,35,139,50,312,208,12,220,532
07/16/2021,AFW,TX,ASW,CE,Towers with Radar,55,17,47,19,138,0,11,111,8,130,55,28,158,27,268,208,23,231,499
07/17/2021,AFW,TX,ASW,CE,Towers with Radar,38,13,9,3,63,0,2,35,7,44,38,15,44,10,107,46,0,46,153
07/18/2021,AFW,TX,ASW,CE,Towers with Radar,34,10,19,12,75,0,0,35,3,38,34,10,54,15,113,72,0,72,185
07/19/2021,AFW,TX,ASW,CE,Towers with Radar,43,18,30,23,114,0,23,37,0,60,43,41,67,23,174,82,0,82,256
07/20/2021,AFW,TX,ASW,CE,Towers with Radar,85,29,35,46,195,0,24,97,5,126,85,53,132,51,321,116,8,124,445
07/21/2021,AFW,TX,ASW,CE,Towers with Radar,89,27,37,26,179,0,13,101,5,119,89,40,138,31,298,124,6,130,428
07/22/2021,AFW,TX,ASW,CE,Towers with Radar,91,20,33,27,171,0,15,115,3,133,91,35,148,30,304,158,20,178,482
07/23/2021,AFW,TX,ASW,CE,Towers with Radar,61,34,34,31,160,0,9,38,4,51,61,43,72,35,211,66,12,78,289
07/24/2021,AFW,TX,ASW,CE,Towers with Radar,35,7,9,13,64,0,0,29,3,32,35,7,38,16,96,86,14,100,196
07/25/2021,AFW,TX,ASW,CE,Towers with Radar,32,8,14,19,73,0,1,33,1,35,32,9,47,20,108,6,0,6,114
07/26/2021,AFW,TX,ASW,CE,Towers with Radar,42,17,16,31,106,0,23,118,3,144,42,40,134,34,250,222,2,224,474
07/27/2021,AFW,TX,ASW,CE,Towers with Radar,86,25,39,27,177,0,19,85,0,104,86,44,124,27,281,52,4,56,337
07/28/2021,AFW,TX,ASW,CE,Towers with Radar,89,32,29,35,185,0,14,120,1,135,89,46,149,36,320,64,12,76,396
07/29/2021,AFW,TX,ASW,CE,Towers with Radar,92,28,37,52,209,0,21,110,5,136,92,49,147,57,345,90,6,96,441
07/30/2021,AFW,TX,ASW,CE,Towers with Radar,56,17,21,47,141,0,11,109,6,126,56,28,130,53,267,80,18,98,365
07/31/2021,AFW,TX,ASW,CE,Towers with Radar,40,9,10,9,68,0,0,21,0,21,40,9,31,9,89,22,0,22,111
08/01/2021,AFW,TX,ASW,CE,Towers with Radar,35,5,14,3,57,0,0,20,0,20,35,5,34,3,77,8,0,8,85
08/02/2021,AFW,TX,ASW,CE,Towers with Radar,45,19,24,20,108,0,6,23,0,29,45,25,47,20,137,20,4,24,161
08/03/2021,AFW,TX,ASW,CE,Towers with Radar,89,21,52,55,217,0,6,129,0,135,89,27,181,55,352,124,6,130,482
08/04/2021,AFW,TX,ASW,CE,Towers with Radar,91,29,36,35,191,0,9,128,1,138,91,38,164,36,329,148,0,148,477
08/05/2021,AFW,TX,ASW,CE,Towers with Radar,92,33,33,61,219,0,11,96,2,109,92,44,129,63,328,60,12,72,400
08/06/2021,AFW,TX,ASW,CE,Towers with Radar,55,31,31,75,192,0,12,87,5,104,55,43,118,80,296,92,12,104,400
08/07/2021,AFW,TX,ASW,CE,Towers with Radar,38,9,12,26,85,0,0,34,5,39,38,9,46,31,124,44,36,80,204
08/08/2021,AFW,TX,ASW,CE,Towers with Radar,36,7,8,28,79,0,0,29,5,34,36,7,37,33,113,8,0,8,121
08/09/2021,AFW,TX,ASW,CE,Towers with Radar,36,12,35,46,129,0,23,94,4,121,36,35,129,50,250,86,18,104,354
08/10/2021,AFW,TX,ASW,CE,Towers with Radar,93,34,42,42,211,0,19,98,2,119,93,53,140,44,330,86,2,88,418
08/11/2021,AFW,TX,ASW,CE,Towers with Radar,86,26,40,54,206,0,9,105,3,117,86,35,145,57,323,72,28,100,423
08/12/2021,AFW,TX,ASW,CE,Towers with Radar,88,28,38,41,195,0,14,121,1,136,88,42,159,42,331,170,22,192,523
08/13/2021,AFW,TX,ASW,CE,Towers with Radar,58,28,29,48,163,0,10,100,7,117,58,38,129,55,280,164,18,182,462
08/14/2021,AFW,TX,ASW,CE,Towers with Radar,36,7,9,6,58,0,0,25,0,25,36,7,34,6,83,18,0,18,101
08/15/2021,AFW,TX,ASW,CE,Towers with Radar,35,6,9,12,62,0,0,26,0,26,35,6,35,12,88,70,2,72,160
08/16/2021,AFW,TX,ASW,CE,Towers with Radar,39,15,24,20,98,0,8,40,3,51,39,23,64,23,149,148,8,156,305
08/17/2021,AFW,TX,ASW,CE,Towers with Radar,89,21,12,0,122,0,12,23,0,35,89,33,35,0,157,78,0,78,235
08/18/2021,AFW,TX,ASW,CE,Towers with Radar,89,20,19,1,129,0,6,6,0,12,89,26,25,1,141,2,0,2,143
08/19/2021,AFW,TX,ASW,CE,Towers with Radar,88,32,21,28,169,0,22,81,0,103,88,54,102,28,272,60,4,64,336
08/20/2021,AFW,TX,ASW,CE,Towers with Radar,61,33,22,42,158,0,19,81,2,102,61,52,103,44,260,44,4,48,308
08/21/2021,AFW,TX,ASW,CE,Towers with Radar,35,3,11,15,64,0,0,30,0,30,35,3,41,15,94,32,0,32,126
08/22/2021,AFW,TX,ASW,CE,Towers with Radar,29,6,12,7,54,0,0,11,0,11,29,6,23,7,65,22,0,22,87
08/23/2021,AFW,TX,ASW,CE,Towers with Radar,40,17,37,18,112,0,10,100,2,112,40,27,137,20,224,46,6,52,276
08/24/2021,AFW,TX,ASW,CE,Towers with Radar,84,21,33,34,172,0,11,82,8,101,84,32,115,42,273,12,6,18,291
08/25/2021,AFW,TX,ASW,CE,Towers with Radar,93,19,38,29,179,0,10,107,5,122,93,29,145,34,301,68,2,70,371
08/26/2021,AFW,TX,ASW,CE,Towers with Radar,86,22,35,49,192,0,14,104,1,119,86,36,139,50,311,56,0,56,367
08/27/2021,AFW,TX,ASW,CE,Towers with Radar,60,13,39,24,136,0,9,99,5,113,60,22,138,29,249,12,10,22,271
08/28/2021,AFW,TX,ASW,CE,Towers with Radar,36,8,18,7,69,0,1,102,7,110,36,9,120,14,179,54,4,58,237
08/29/2021,AFW,TX,ASW,CE,Towers with Radar,32,5,16,13,66,0,0,22,5,27,32,5,38,18,93,28,10,38,131
08/30/2021,AFW,TX,ASW,CE,Towers with Radar,43,4,27,41,115,0,5,107,2,114,43,9,134,43,229,66,8,74,303
08/31/2021,AFW,TX,ASW,CE,Towers with Radar,86,20,43,46,195,0,7,135,0,142,86,27,178,46,337,28,4,32,369
09/01/2021,AFW,TX,ASW,CE,Towers with Radar,86,28,42,48,204,0,13,125,3,141,86,41,167,51,345,54,6,60,405
09/02/2021,AFW,TX,ASW,CE,Towers with Radar,91,30,38,27,186,0,12,110,3,125,91,42,148,30,311,24,0,24,335
09/03/2021,AFW,TX,ASW,CE,Towers with Radar,57,20,31,4,112,0,2,99,2,103,57,22,130,6,215,16,0,16,231
09/04/2021,AFW,TX,ASW,CE,Towers with Radar,35,11,9,5,60,0,0,89,0,89,35,11,98,5,149,54,0,54,203
09/05/2021,AFW,TX,ASW,CE,Towers with Radar,36,7,23,1,67,0,0,7,0,7,36,7,30,1,74,4,0,4,78
09/06/2021,AFW,TX,ASW,CE,Towers with Radar,33,15,12,1,61,0,0,28,0,28,33,15,40,1,89,12,0,12,101
09/07/2021,AFW,TX,ASW,CE,Towers with Radar,42,5,27,41,115,0,5,128,3,136,42,10,155,44,251,62,6,68,319
09/08/2021,AFW,TX,ASW,CE,Towers with Radar,90,24,41,20,175,0,14,74,1,89,90,38,115,21,264,24,0,24,288
09/09/2021,AFW,TX,ASW,CE,Towers with Radar,89,24,36,33,182,0,19,122,0,141,89,43,158,33,323,26,0,26,349
09/10/2021,AFW,TX,ASW,CE,Towers with Radar,63,19,27,22,131,0,4,136,3,143,63,23,163,25,274,64,10,74,348
09/11/2021,AFW,TX,ASW,CE,Towers with Radar,38,8,16,3,65,0,0,66,5,71,38,8,82,8,136,40,16,56,192
09/12/2021,AFW,TX,ASW,CE,Towers with Radar,34,2,18,12,66,0,0,50,3,53,34,2,68,15,119,22,0,22,141
09/13/2021,AFW,TX,ASW,CE,Towers with Radar,43,16,35,23,117,0,15,111,0,126,43,31,146,23,243,70,0,70,313
09/14/2021,AFW,TX,ASW,CE,Towers with Radar,88,24,33,10,155,0,22,92,0,114,88,46,125,10,269,48,0,48,317
09/15/2021,AFW,TX,ASW,CE,Towers with Radar,87,26,30,39,182,0,10,84,1,95,87,36,114,40,277,50,2,52,329
09/16/2021,AFW,TX,ASW,CE,Towers with Radar,90,26,24,37,177,0,29,124,1,154,90,55,148,38,331,32,0,32,363
09/17/2021,AFW,TX,ASW,CE,Towers with Radar,57,28,25,37,147,0,26,90,7,123,57,54,115,44,270,14,12,26,296
09/18/2021,AFW,TX,ASW,CE,Towers with Radar,43,2,17,12,74,0,0,82,16,98,43,2,99,28,172,42,10,52,224
09/19/2021,AFW,TX,ASW,CE,Towers with Radar,33,9,11,11,64,0,1,26,6,33,33,10,37,17,97,6,8,14,111
09/20/2021,AFW,TX,ASW,CE,Towers with Radar,42,8,14,25,89,0,10,73,3,86,42,18,87,28,175,28,0,28,203
09/21/2021,AFW,TX,ASW,CE,Towers with Radar,87,20,32,19,158,0,22,100,0,122,87,42,132,19,280,24,6,30,310
09/22/2021,AFW,TX,ASW,CE,Towers with Radar,90,21,45,12,168,0,9,119,0,128,90,30,164,12,296,48,0,48,344
09/23/2021,AFW,TX,ASW,CE,Towers with Radar,87,34,22,15,158,0,16,146,0,162,87,50,168,15,320,32,0,32,352
09/24/2021,AFW,TX,ASW,CE,Towers with Radar,63,24,33,16,136,0,17,107,1,125,63,41,140,17,261,32,0,32,293
09/25/2021,AFW,TX,ASW,CE,Towers with Radar,35,6,24,11,76,0,0,133,0,133,35,6,157,11,209,38,0,38,247
09/26/2021,AFW,TX,ASW,CE,Towers with Radar,34,9,14,11,68,0,0,35,0,35,34,9,49,11,103,22,4,26,129
09/27/2021,AFW,TX,ASW,CE,Towers with Radar,39,15,19,41,114,0,16,109,2,127,39,31,128,43,241,34,6,40,281
09/28/2021,AFW,TX,ASW,CE,Towers with Radar,90,30,33,50,203,0,20,92,1,113,90,50,125,51,316,34,12,46,362
09/29/2021,AFW,TX,ASW,CE,Towers with Radar,87,38,44,24,193,0,5,63,2,70,87,43,107,26,263,30,8,38,301
09/30/2021,AFW,TX,ASW,CE,Towers with Radar,89,26,59,23,197,0,1,50,0,51,89,27,109,23,248,62,0,62,310
10/01/2021,AFW,TX,ASW,CE,Towers with Radar,56,15,62,4,137,0,1,66,0,67,56,16,128,4,204,14,0,14,218
10/02/2021,AFW,TX,ASW,CE,Towers with Radar,41,0,25,4,70,0,0,27,0,27,41,0,52,4,97,66,0,66,163
10/03/2021,AFW,TX,ASW,CE,Towers with Radar,35,10,30,6,81,0,2,40,2,44,35,12,70,8,125,88,0,88,213
10/04/2021,AFW,TX,ASW,CE,Towers with Radar,42,18,28,70,158,0,16,97,0,113,42,34,125,70,271,26,0,26,297
10/05/2021,AFW,TX,ASW,CE,Towers with Radar,83,27,31,65,206,0,16,136,3,155,83,43,167,68,361,58,6,64,425
10/06/2021,AFW,TX,ASW,CE,Towers with Radar,92,25,39,63,219,0,17,114,7,138,92,42,153,70,357,16,0,16,373
10/07/2021,AFW,TX,ASW,CE,Towers with Radar,91,18,47,35,191,0,16,113,6,135,91,34,160,41,326,84,10,94,420
10/08/2021,AFW,TX,ASW,CE,Towers with Radar,64,21,47,19,151,0,14,114,0,128,64,35,161,19,279,82,0,82,361
10/09/2021,AFW,TX,ASW,CE,Towers with Radar,40,7,20,0,67,0,2,90,1,93,40,9,110,1,160,70,0,70,230
10/10/2021,AFW,TX,ASW,CE,Towers with Radar,39,11,38,6,94,0,0,20,5,25,39,11,58,11,119,6,0,6,125
10/11/2021,AFW,TX,ASW,CE,Towers with Radar,49,5,15,5,74,0,2,108,1,111,49,7,123,6,185,116,2,118,303
10/12/2021,AFW,TX,ASW,CE,Towers with Radar,90,16,35,47,188,0,3,25,0,28,90,19,60,47,216,72,4,76,292
10/13/2021,AFW,TX,ASW,CE,Towers with Radar,88,17,18,5,128,0,0,20,0,20,88,17,38,5,148,2,0,2,150
10/14/2021,AFW,TX,ASW,CE,Towers with Radar,88,17,47,34,186,0,14,46,0,60,88,31,93,34,246,46,2,48,294
10/15/2021,AFW,TX,ASW,CE,Towers with Radar,65,18,67,50,200,0,2,45,0,47,65,20,112,50,247,40,10,50,297
10/16/2021,AFW,TX,ASW,CE,Towers with Radar,41,5,53,12,111,0,2,162,0,164,41,7,215,12,275,88,0,88,363
10/17/2021,AFW,TX,ASW,CE,Towers with Radar,41,13,81,3,138,0,0,45,2,47,41,13,126,5,185,7,0,7,192
10/18/2021,AFW,TX,ASW,CE,Towers with Radar,47,35,47,33,162,0,25,135,0,160,47,60,182,33,322,116,0,116,438
10/19/2021,AFW,TX,ASW,CE,Towers with Radar,89,26,32,26,173,0,23,101,3,127,89,49,133,29,300,104,0,104,404
10/20/2021,AFW,TX,ASW,CE,Towers with Radar,90,15,34,34,173,0,2,87,3,92,90,17,121,37,265,148,14,162,427
10/21/2021,AFW,TX,ASW,CE,Towers with Radar,87,19,17,3,126,0,1,51,2,54,87,20,68,5,180,16,2,18,198
10/22/2021,AFW,TX,ASW,CE,Towers with Radar,59,10,15,3,87,0,0,36,29,65,59,10,51,32,152,46,0,46,198
10/23/2021,AFW,TX,ASW,CE,Towers with Radar,38,1,11,1,51,0,1,7,20,28,38,2,18,21,79,18,0,18,97
10/24/2021,AFW,TX,ASW,CE,Towers with Radar,34,5,4,6,49,0,0,10,21,31,34,5,14,27,80,16,0,16,96
10/25/2021,AFW,TX,ASW,CE,Towers with Radar,42,15,19,16,92,0,9,103,0,112,42,24,122,16,204,114,0,114,318
10/26/2021,AFW,TX,ASW,CE,Towers with Radar,87,35,52,15,189,0,5,36,2,43,87,40,88,17,232,50,8,58,290
10/27/2021,AFW,TX,ASW,CE,Towers with Radar,87,25,39,7,158,0,0,28,1,29,87,25,67,8,187,8,0,8,195
10/28/2021,AFW,TX,ASW,CE,Towers with Radar,93,21,28,1,143,0,2,7,0,9,93,23,35,1,152,0,0,0,152
10/29/2021,AFW,TX,ASW,CE,Towers with Radar,65,29,38,3,135,0,1,19,0,20,65,30,57,3,155,0,2,2,157
10/30/2021,AFW,TX,ASW,CE,Towers with Radar,8,5,20,3,36,0,0,153,2,155,8,5,173,5,191,158,8,166,357
10/31/2021,AFW,TX,ASW,CE,Towers with Radar,39,6,16,1,62,0,0,24,0,24,39,6,40,1,86,0,0,0,86
11/01/2021,AFW,TX,ASW,CE,Towers with Radar,42,30,41,4,117,0,20,122,5,147,42,50,163,9,264,172,2,174,438
11/02/2021,AFW,TX,ASW,CE,Towers with Radar,87,35,46,20,188,0,7,19,0,26,87,42,65,20,214,22,0,22,236
11/03/2021,AFW,TX,ASW,CE,Towers with Radar,93,15,25,1,134,0,0,0,0,0,93,15,25,1,134,0,0,0,134
11/04/2021,AFW,TX,ASW,CE,Towers with Radar,94,46,47,48,235,0,21,77,6,104,94,67,124,54,339,124,2,126,465
11/05/2021,AFW,TX,ASW,CE,Towers with Radar,65,41,42,29,177,0,27,144,9,180,65,68,186,38,357,144,20,164,521
11/06/2021,AFW,TX,ASW,CE,Towers with Radar,48,21,18,27,114,1,0,133,6,140,49,21,151,33,254,116,18,134,388
11/07/2021,AFW,TX,ASW,CE,Towers with Radar,37,15,13,16,81,0,8,36,2,46,37,23,49,18,127,38,0,38,165
11/08/2021,AFW,TX,ASW,CE,Towers with Radar,56,22,33,11,122,0,12,94,2,108,56,34,127,13,230,128,2,130,360
11/09/2021,AFW,TX,ASW,CE,Towers with Radar,96,29,34,37,196,0,19,116,3,138,96,48,150,40,334,128,8,136,470
11/10/2021,AFW,TX,ASW,CE,Towers with Radar,94,39,53,43,229,0,5,24,0,29,94,44,77,43,258,60,0,60,318
11/11/2021,AFW,TX,ASW,CE,Towers with Radar,94,20,26,0,140,0,2,127,4,133,94,22,153,4,273,176,0,176,449
11/12/2021,AFW,TX,ASW,CE,Towers with Radar,70,26,27,36,159,0,8,106,3,117,70,34,133,39,276,128,12,140,416
11/13/2021,AFW,TX,ASW,CE,Towers with Radar,43,7,16,20,86,0,0,121,6,127,43,7,137,26,213,162,26,188,401
11/14/2021,AFW,TX,ASW,CE,Towers with Radar,38,17,16,4,75,0,0,42,2,44,38,17,58,6,119,50,6,56,175
11/15/2021,AFW,TX,ASW,CE,Towers with Radar,44,19,64,19,146,0,18,91,4,113,44,37,155,23,259,128,0,128,387
11/16/2021,AFW,TX,ASW,CE,Towers with Radar,90,34,36,28,188,0,26,92,4,122,90,60,128,32,310,76,6,82,392
11/17/2021,AFW,TX,ASW,CE,Towers with Radar,88,20,41,39,188,0,13,63,0,76,88,33,104,39,264,28,18,46,310
11/18/2021,AFW,TX,ASW,CE,Towers with Radar,94,39,48,43,224,0,35,74,2,111,94,74,122,45,335,72,6,78,413
11/19/2021,AFW,TX,ASW,CE,Towers with Radar,61,36,35,47,179,0,31,133,6,170,61,67,168,53,349,114,20,134,483
11/20/2021,AFW,TX,ASW,CE,Towers with Radar,45,9,12,10,76,0,0,82,2,84,45,9,94,12,160,120,2,122,282
11/21/2021,AFW,TX,ASW,CE,Towers with Radar,41,9,14,17,81,0,0,17,0,17,41,9,31,17,98,36,0,36,134
11/22/2021,AFW,TX,ASW,CE,Towers with Radar,45,18,38,51,152,0,18,112,1,131,45,36,150,52,283,160,8,168,451
11/23/2021,AFW,TX,ASW,CE,Towers with Radar,92,31,26,39,188,0,19,93,1,113,92,50,119,40,301,116,2,118,419
11/24/2021,AFW,TX,ASW,CE,Towers with Radar,86,23,29,24,162,0,2,36,0,38,86,25,65,24,200,26,0,26,226
11/25/2021,AFW,TX,ASW,CE,Towers with Radar,13,6,2,0,21,0,0,6,0,6,13,6,8,0,27,6,0,6,33
11/26/2021,AFW,TX,ASW,CE,Towers with Radar,32,10,17,0,59,0,0,48,0,48,32,10,65,0,107,24,0,24,131
11/27/2021,AFW,TX,ASW,CE,Towers with Radar,46,19,17,0,82,0,0,10,0,10,46,19,27,0,92,78,0,78,170
11/28/2021,AFW,TX,ASW,CE,Towers with Radar,38,19,19,1,77,0,3,42,0,45,38,22,61,1,122,80,0,80,202
11/29/2021,AFW,TX,ASW,CE,Towers with Radar,47,24,33,58,162,0,12,99,3,114,47,36,132,61,276,108,18,126,402
11/30/2021,AFW,TX,ASW,CE,Towers with Radar,99,29,40,50,218,0,31,115,12,158,99,60,155,62,376,120,24,144,520
12/01/2021,AFW,TX,ASW,CE,Towers with Radar,104,30,46,52,232,0,32,94,5,131,104,62,140,57,363,108,15,123,486
12/02/2021,AFW,TX,ASW,CE,Towers with Radar,101,31,42,62,236,0,33,107,6,146,101,64,149,68,382,166,17,183,565
12/03/2021,AFW,TX,ASW,CE,Towers with Radar,74,29,33,25,161,0,18,52,7,77,74,47,85,32,238,50,22,72,310
12/04/2021,AFW,TX,ASW,CE,Towers with Radar,81,14,19,41,155,0,0,49,7,56,81,14,68,48,211,116,10,126,337
12/05/2021,AFW,TX,ASW,CE,Towers with Radar,40,8,13,21,82,0,0,23,0,23,40,8,36,21,105,50,0,50,155
12/06/2021,AFW,TX,ASW,CE,Towers with Radar,46,20,42,31,139,0,18,35,7,60,46,38,77,38,199,50,24,74,273
12/07/2021,AFW,TX,ASW,CE,Towers with Radar,101,27,34,43,205,0,30,114,5,149,101,57,148,48,354,140,8,148,502
12/08/2021,AFW,TX,ASW,CE,Towers with Radar,104,22,49,9,184,0,4,45,3,52,104,26,94,12,236,62,4,66,302
12/09/2021,AFW,TX,ASW,CE,Towers with Radar,112,27,49,46,234,0,36,135,9,180,112,63,184,55,414,86,2,88,502
12/10/2021,AFW,TX,ASW,CE,Towers with Radar,79,33,45,54,211,0,13,45,1,59,79,46,90,55,270,56,4,60,330
12/11/2021,AFW,TX,ASW,CE,Towers with Radar,89,19,24,19,151,0,2,72,2,76,89,21,96,21,227,130,22,152,379
12/12/2021,AFW,TX,ASW,CE,Towers with Radar,40,13,16,7,76,0,0,39,6,45,40,13,55,13,121,30,6,36,157
12/13/2021,AFW,TX,ASW,CE,Towers with Radar,47,15,36,20,118,0,23,107,6,136,47,38,143,26,254,54,2,56,310
12/14/2021,AFW,TX,ASW,CE,Towers with Radar,107,21,40,24,192,0,29,62,5,96,107,50,102,29,288,88,2,90,378
12/15/2021,AFW,TX,ASW,CE,Towers with Radar,94,21,42,5,162,0,6,22,6,34,94,27,64,11,196,6,0,6,202
12/16/2021,AFW,TX,ASW,CE,Towers with Radar,98,47,55,36,236,0,19,50,3,72,98,66,105,39,308,30,4,34,342
12/17/2021,AFW,TX,ASW,CE,Towers with Radar,79,35,34,40,188,0,16,17,1,34,79,51,51,41,222,2,0,2,224
12/18/2021,AFW,TX,ASW,CE,Towers with Radar,89,19,12,10,130,0,0,28,1,29,89,19,40,11,159,50,0,50,209
12/19/2021,AFW,TX,ASW,CE,Towers with Radar,43,8,13,12,76,0,0,36,0,36,43,8,49,12,112,32,0,32,144
12/20/2021,AFW,TX,ASW,CE,Towers with Radar,51,23,26,16,116,0,15,50,3,68,51,38,76,19,184,58,8,66,250
12/21/2021,AFW,TX,ASW,CE,Towers with Radar,98,31,31,17,177,0,9,57,4,70,98,40,88,21,247,74,2,76,323
12/22/2021,AFW,TX,ASW,CE,Towers with Radar,104,30,30,4,168,1,4,45,0,50,105,34,75,4,218,40,0,40,258
12/23/2021,AFW,TX,ASW,CE,Towers with Radar,99,22,17,1,139,0,0,36,0,36,99,22,53,1,175,36,0,36,211
12/24/2021,AFW,TX,ASW,CE,Towers with Radar,34,14,7,2,57,0,0,8,1,9,34,14,15,3,66,52,0,52,118
12/25/2021,AFW,TX,ASW,CE,Towers with Radar,3,3,3,0,9,0,0,5,0,5,3,3,8,0,14,4,0,4,18
12/26/2021,AFW,TX,ASW,CE,Towers with Radar,7,5,11,0,23,0,0,5,0,5,7,5,16,0,28,6,0,6,34
12/27/2021,AFW,TX,ASW,CE,Towers with Radar,48,18,14,3,83,0,4,49,0,53,48,22,63,3,136,82,0,82,218
12/28/2021,AFW,TX,ASW,CE,Towers with Radar,98,15,26,16,155,0,7,43,3,53,98,22,69,19,208,44,0,44,252
12/29/2021,AFW,TX,ASW,CE,Towers with Radar,98,19,22,2,141,0,6,50,0,56,98,25,72,2,197,64,0,64,261
12/30/2021,AFW,TX,ASW,CE,Towers with Radar,101,17,18,0,136,0,1,70,0,71,101,18,88,0,207,158,0,158,365
12/31/2021,AFW,TX,ASW,CE,Towers with Radar,39,9,15,0,63,0,0,23,0,23,39,9,38,0,86,32,0,32,118
01/01/2022,AFW,TX,ASW,CE,Towers with Radar,6,8,4,0,18,0,0,0,0,0,6,8,4,0,18,0,0,0,18
01/02/2022,AFW,TX,ASW,CE,Towers with Radar,40,9,12,0,61,0,0,10,0,10,40,9,22,0,71,16,0,16,87
01/03/2022,AFW,TX,ASW,CE,Towers with Radar,44,11,20,0,75,0,13,43,0,56,44,24,63,0,131,46,0,46,177
01/04/2022,AFW,TX,ASW,CE,Towers with Radar,85,14,22,8,129,0,4,66,0,70,85,18,88,8,199,102,0,102,301
01/05/2022,AFW,TX,ASW,CE,Towers with Radar,88,18,24,17,147,0,8,69,0,77,88,26,93,17,224,88,0,88,312
01/06/2022,AFW,TX,ASW,CE,Towers with Radar,89,19,26,56,190,0,9,92,0,101,89,28,118,56,291,88,0,88,379
01/07/2022,AFW,TX,ASW,CE,Towers with Radar,64,24,28,32,148,0,11,63,1,75,64,35,91,33,223,50,2,52,275
01/08/2022,AFW,TX,ASW,CE,Towers with Radar,43,6,14,14,77,0,0,0,0,0,43,6,14,14,77,0,0,0,77
01/09/2022,AFW,TX,ASW,CE,Towers with Radar,42,7,23,3,75,0,1,9,0,10,42,8,32,3,85,18,0,18,103
01/10/2022,AFW,TX,ASW,CE,Towers with Radar,49,13,33,23,118,0,8,69,3,80,49,21,102,26,198,45,4,49,247
01/11/2022,AFW,TX,ASW,CE,Towers with Radar,95,25,27,42,189,0,18,78,0,96,95,43,105,42,285,68,4,72,357
01/12/2022,AFW,TX,ASW,CE,Towers with Radar,86,16,47,28,177,3,18,109,1,131,89,34,156,29,308,141,0,141,449
01/13/2022,AFW,TX,ASW,CE,Towers with Radar,89,28,27,34,178,0,16,108,2,126,89,44,135,36,304,122,0,122,426
01/14/2022,AFW,TX,ASW,CE,Towers with Radar,67,23,29,59,178,0,6,103,5,114,67,29,132,64,292,102,32,134,426
01/15/2022,AFW,TX,ASW,CE,Towers with Radar,39,4,8,2,53,0,0,3,0,3,39,4,11,2,56,0,0,0,56
01/16/2022,AFW,TX,ASW,CE,Towers with Radar,28,6,14,5,53,0,0,56,3,59,28,6,70,8,112,82,4,86,198
01/17/2022,AFW,TX,ASW,CE,Towers with Radar,42,16,27,2,87,0,3,56,3,62,42,19,83,5,149,120,0,120,269
01/18/2022,AFW,TX,ASW,CE,Towers with Radar,84,28,30,32,174,0,0,74,5,79,84,28,104,37,253,96,10,106,359
01/19/2022,AFW,TX,ASW,CE,Towers with Radar,86,34,29,87,236,0,12,78,12,102,86,46,107,99,338,68,36,104,442
01/20/2022,AFW,TX,ASW,CE,Towers with Radar,88,23,28,48,187,0,18,61,10,89,88,41,89,58,276,110,14,124,400
01/21/2022,AFW,TX,ASW,CE,Towers with Radar,64,20,30,52,166,0,5,124,4,133,64,25,154,56,299,100,24,124,423
01/22/2022,AFW,TX,ASW,CE,Towers with Radar,32,5,22,43,102,0,0,131,5,136,32,5,153,48,238,146,18,164,402
01/23/2022,AFW,TX,ASW,CE,Towers with Radar,30,12,12,18,72,0,0,50,1,51,30,12,62,19,123,36,6,42,165
01/24/2022,AFW,TX,ASW,CE,Towers with Radar,38,22,31,23,114,0,11,102,2,115,38,33,133,25,229,94,0,94,323
01/25/2022,AFW,TX,ASW,CE,Towers with Radar,88,30,34,38,190,0,20,89,1,110,88,50,123,39,300,40,0,40,340
01/26/2022,AFW,TX,ASW,CE,Towers with Radar,82,31,34,31,178,0,22,109,1,132,82,53,143,32,310,150,0,150,460
01/27/2022,AFW,TX,ASW,CE,Towers with Radar,91,25,41,66,223,0,18,65,0,83,91,43,106,66,306,106,8,114,420
01/28/2022,AFW,TX,ASW,CE,Towers with Radar,55,19,34,45,153,0,7,80,7,94,55,26,114,52,247,60,10,70,317
01/29/2022,AFW,TX,ASW,CE,Towers with Radar,38,2,17,20,77,0,0,88,0,88,38,2,105,20,165,97,0,97,262
01/30/2022,AFW,TX,ASW,CE,Towers with Radar,31,7,12,19,69,0,0,66,4,70,31,7,78,23,139,76,0,76,215
01/31/2022,AFW,TX,ASW,CE,Towers with Radar,39,24,36,43,142,0,15,121,0,136,39,39,157,43,278,102,0,102,380
02/01/2022,AFW,TX,ASW,CE,Towers with Radar,92,41,37,54,224,0,14,69,2,85,92,55,106,56,309,144,14,158,467
02/02/2022,AFW,TX,ASW,CE,Towers with Radar,71,18,23,0,112,0,0,8,0,8,71,18,31,0,120,4,0,4,124
02/03/2022,AFW,TX,ASW,CE,Towers with Radar,0,0,3,0,3,0,0,0,0,0,0,0,3,0,3,0,0,0,3
02/04/2022,AFW,TX,ASW,CE,Towers with Radar,26,1,10,0,37,0,0,10,0,10,26,1,20,0,47,0,0,0,47
02/05/2022,AFW,TX,ASW,CE,Towers with Radar,35,3,14,9,61,0,0,21,7,28,35,3,35,16,89,48,18,66,155
02/06/2022,AFW,TX,ASW,CE,Towers with Radar,28,12,10,4,54,0,4,42,0,46,28,16,52,4,100,20,0,20,120
02/07/2022,AFW,TX,ASW,CE,Towers with Radar,42,29,17,5,93,0,36,135,0,171,42,65,152,5,264,48,0,48,312
02/08/2022,AFW,TX,ASW,CE,Towers with Radar,91,42,40,29,202,0,20,115,0,135,91,62,155,29,337,124,0,124,461
02/09/2022,AFW,TX,ASW,CE,Towers with Radar,95,42,41,9,187,0,19,158,0,177,95,61,199,9,364,162,0,162,526
02/10/2022,AFW,TX,ASW,CE,Towers with Radar,87,31,53,29,200,0,20,150,2,172,87,51,203,31,372,206,14,220,592
02/11/2022,AFW,TX,ASW,CE,Towers with Radar,55,29,23,19,126,0,21,82,4,107,55,50,105,23,233,110,12,122,355
02/12/2022,AFW,TX,ASW,CE,Towers with Radar,38,12,9,29,88,0,0,32,6,38,38,12,41,35,126,54,14,68,194
02/13/2022,AFW,TX,ASW,CE,Towers with Radar,35,13,15,32,95,0,0,27,14,41,35,13,42,46,136,40,0,40,176
02/14/2022,AFW,TX,ASW,CE,Towers with Radar,43,23,25,1,92,0,11,153,0,164,43,34,178,1,256,120,0,120,376
02/15/2022,AFW,TX,ASW,CE,Towers with Radar,87,31,17,21,156,0,18,109,1,128,87,49,126,22,284,54,4,58,342
02/16/2022,AFW,TX,ASW,CE,Towers with Radar,89,34,28,14,165,0,18,27,0,45,89,52,55,14,210,18,6,24,234
02/17/2022,AFW,TX,ASW,CE,Towers with Radar,82,34,30,3,149,0,5,8,0,13,82,39,38,3,162,14,0,14,176
02/18/2022,AFW,TX,ASW,CE,Towers with Radar,58,35,26,33,152,0,34,130,12,176,58,69,156,45,328,200,30,230,558
02/19/2022,AFW,TX,ASW,CE,Towers with Radar,39,14,18,1,72,0,4,120,6,130,39,18,138,7,202,102,40,142,344
02/20/2022,AFW,TX,ASW,CE,Towers with Radar,30,23,16,27,96,0,2,39,4,45,30,25,55,31,141,62,24,86,227
02/21/2022,AFW,TX,ASW,CE,Towers with Radar,23,12,12,11,58,0,0,27,3,30,23,12,39,14,88,34,2,36,124
02/22/2022,AFW,TX,ASW,CE,Towers with Radar,69,33,18,20,140,0,5,110,6,121,69,38,128,26,261,112,2,114,375
02/23/2022,AFW,TX,ASW,CE,Towers with Radar,64,13,3,0,80,0,2,0,0,2,64,15,3,0,82,0,0,0,82
02/24/2022,AFW,TX,ASW,CE,Towers with Radar,29,1,8,0,38,0,0,1,0,1,29,1,9,0,39,0,0,0,39
02/25/2022,AFW,TX,ASW,CE,Towers with Radar,34,28,12,22,96,0,32,90,1,123,34,60,102,23,219,94,4,98,317
02/26/2022,AFW,TX,ASW,CE,Towers with Radar,37,11,2,5,55,0,0,1,0,1,37,11,3,5,56,24,0,24,80
02/27/2022,AFW,TX,ASW,CE,Towers with Radar,34,12,10,7,63,0,1,44,5,50,34,13,54,12,113,36,4,40,153
02/28/2022,AFW,TX,ASW,CE,Towers with Radar,42,35,45,35,157,0,21,159,2,182,42,56,204,37,339,50,4,54,393
03/01/2022,AFW,TX,ASW,CE,Towers with Radar,94,29,57,39,219,0,26,160,1,187,94,55,217,40,406,70,0,70,476
03/02/2022,AFW,TX,ASW,CE,Towers with Radar,91,27,38,29,185,0,21,108,2,131,91,48,146,31,316,86,6,92,408
03/03/2022,AFW,TX,ASW,CE,Towers with Radar,92,33,41,36,202,0,38,115,2,155,92,71,156,38,357,26,8,34,391
03/04/2022,AFW,TX,ASW,CE,Towers with Radar,56,34,56,47,193,0,10,27,0,37,56,44,83,47,230,2,6,8,238
03/05/2022,AFW,TX,ASW,CE,Towers with Radar,36,15,18,58,127,0,1,12,2,15,36,16,30,60,142,10,14,24,166
03/06/2022,AFW,TX,ASW,CE,Towers with Radar,37,15,23,5,80,0,0,6,1,7,37,15,29,6,87,14,8,22,109
03/07/2022,AFW,TX,ASW,CE,Towers with Radar,38,23,38,28,127,0,22,90,1,113,38,45,128,29,240,60,0,60,300
03/08/2022,AFW,TX,ASW,CE,Towers with Radar,88,43,45,9,185,0,9,15,0,24,88,52,60,9,209,16,0,16,225
03/09/2022,AFW,TX,ASW,CE,Towers with Radar,88,34,35,51,208,0,44,147,2,193,88,78,182,53,401,46,10,56,457
03/10/2022,AFW,TX,ASW,CE,Towers with Radar,84,42,52,32,210,0,38,148,6,192,84,80,200,38,402,68,2,70,472
03/11/2022,AFW,TX,ASW,CE,Towers with Radar,51,24,19,12,106,0,0,0,1,1,51,24,19,13,107,0,16,16,123
03/12/2022,AFW,TX,ASW,CE,Towers with Radar,30,17,17,3,67,0,0,118,1,119,30,17,135,4,186,82,0,82,268
03/13/2022,AFW,TX,ASW,CE,Towers with Radar,34,13,26,21,94,0,1,28,2,31,34,14,54,23,125,6,0,6,131
03/14/2022,AFW,TX,ASW,CE,Towers with Radar,39,27,23,39,128,0,3,34,0,37,39,30,57,39,165,0,4,4,169
03/15/2022,AFW,TX,ASW,CE,Towers with Radar,83,40,27,43,193,0,13,86,2,101,83,53,113,45,294,48,6,54,348
03/16/2022,AFW,TX,ASW,CE,Towers with Radar,82,32,21,108,243,0,14,118,4,136,82,46,139,112,379,46,24,70,449
03/17/2022,AFW,TX,ASW,CE,Towers with Radar,81,26,33,49,189,0,20,37,5,62,81,46,70,54,251,6,0,6,257
03/18/2022,AFW,TX,ASW,CE,Towers with Radar,49,29,25,75,178,0,0,13,4,17,49,29,38,79,195,0,20,20,215
03/19/2022,AFW,TX,ASW,CE,Towers with Radar,32,37,26,26,121,0,2,82,1,85,32,39,108,27,206,84,16,100,306
03/20/2022,AFW,TX,ASW,CE,Towers with Radar,32,35,37,23,127,0,0,23,1,24,32,35,60,24,151,0,6,6,157
03/21/2022,AFW,TX,ASW,CE,Towers with Radar,33,15,20,5,73,0,0,0,0,0,33,15,20,5,73,0,0,0,73
03/22/2022,AFW,TX,ASW,CE,Towers with Radar,81,28,47,61,217,0,0,25,1,26,81,28,72,62,243,32,0,32,275
03/23/2022,AFW,TX,ASW,CE,Towers with Radar,86,33,51,39,209,0,20,82,0,102,86,53,133,39,311,44,0,44,355
03/24/2022,AFW,TX,ASW,CE,Towers with Radar,79,39,46,39,203,0,30,78,0,108,79,69,124,39,311,46,10,56,367
03/25/2022,AFW,TX,ASW,CE,Towers with Radar,51,27,40,30,148,0,18,123,8,149,51,45,163,38,297,78,28,106,403
03/26/2022,AFW,TX,ASW,CE,Towers with Radar,30,17,16,36,99,0,3,82,5,90,30,20,98,41,189,68,10,78,267
03/27/2022,AFW,TX,ASW,CE,Towers with Radar,31,14,19,14,78,0,4,25,2,31,31,18,44,16,109,18,0,18,127
03/28/2022,AFW,TX,ASW,CE,Towers with Radar,36,26,13,26,101,0,9,90,5,104,36,35,103,31,205,54,2,56,261
03/29/2022,AFW,TX,ASW,CE,Towers with Radar,77,37,26,6,146,0,14,23,0,37,77,51,49,6,183,0,0,0,183
03/30/2022,AFW,TX,ASW,CE,Towers with Radar,84,26,31,19,160,0,2,21,0,23,84,28,52,19,183,32,4,36,219
03/31/2022,AFW,TX,ASW,CE,Towers with Radar,90,32,56,15,193,0,18,80,8,106,90,50,136,23,299,150,0,150,449
04/01/2022,AFW,TX,ASW,CE,Towers with Radar,51,39,33,35,158,0,22,90,8,120,51,61,123,43,278,60,18,78,356
04/02/2022,AFW,TX,ASW,CE,Towers with Radar,36,15,10,35,96,0,0,72,9,81,36,15,82,44,177,86,8,94,271
04/03/2022,AFW,TX,ASW,CE,Towers with Radar,34,8,20,39,101,0,0,18,5,23,34,8,38,44,124,0,6,6,130
04/04/2022,AFW,TX,ASW,CE,Towers with Radar,34,27,33,22,116,0,12,51,0,63,34,39,84,22,179,56,0,56,235
04/05/2022,AFW,TX,ASW,CE,Towers with Radar,96,32,24,33,185,0,20,89,1,110,96,52,113,34,295,66,8,74,369
04/06/2022,AFW,TX,ASW,CE,Towers with Radar,87,35,33,13,168,0,20,79,0,99,87,55,112,13,267,92,4,96,363
04/07/2022,AFW,TX,ASW,CE,Towers with Radar,81,25,38,21,165,0,23,43,0,66,81,48,81,21,231,32,10,42,273
04/08/2022,AFW,TX,ASW,CE,Towers with Radar,64,34,38,11,147,0,19,45,2,66,64,53,83,13,213,58,12,70,283
04/09/2022,AFW,TX,ASW,CE,Towers with Radar,32,14,20,5,71,0,0,72,3,75,32,14,92,8,146,158,4,162,308
04/10/2022,AFW,TX,ASW,CE,Towers with Radar,33,9,15,4,61,0,2,7,0,9,33,11,22,4,70,14,0,14,84
04/11/2022,AFW,TX,ASW,CE,Towers with Radar,35,31,39,33,138,0,11,38,0,49,35,42,77,33,187,0,2,2,189
04/12/2022,AFW,TX,ASW,CE,Towers with Radar,78,24,33,18,153,0,5,32,2,39,78,29,65,20,192,38,4,42,234
04/13/2022,AFW,TX,ASW,CE,Towers with Radar,84,23,36,61,204,0,4,62,2,68,84,27,98,63,272,28,4,32,304
04/14/2022,AFW,TX,ASW,CE,Towers with Radar,83,30,41,26,180,0,44,154,1,199,83,74,195,27,379,102,0,102,481
04/15/2022,AFW,TX,ASW,CE,Towers with Radar,52,32,54,24,162,0,21,44,5,70,52,53,98,29,232,54,4,58,290
04/16/2022,AFW,TX,ASW,CE,Towers with Radar,32,11,21,4,68,0,0,32,0,32,32,11,53,4,100,56,0,56,156
04/17/2022,AFW,TX,ASW,CE,Towers with Radar,29,15,21,1,66,0,0,17,1,18,29,15,38,2,84,40,0,40,124
04/18/2022,AFW,TX,ASW,CE,Towers with Radar,39,34,39,75,187,0,10,63,1,74,39,44,102,76,261,24,6,30,291
04/19/2022,AFW,TX,ASW,CE,Towers with Radar,83,35,52,41,211,0,14,88,8,110,83,49,140,49,321,76,4,80,401
04/20/2022,AFW,TX,ASW,CE,Towers with Radar,82,25,34,68,209,0,3,17,4,24,82,28,51,72,233,10,2,12,245
04/21/2022,AFW,TX,ASW,CE,Towers with Radar,85,44,54,35,218,0,10,51,5,66,85,54,105,40,284,78,0,78,362
04/22/2022,AFW,TX,ASW,CE,Towers with Radar,49,42,50,75,216,0,11,34,5,50,49,53,84,80,266,64,6,70,336
04/23/2022,AFW,TX,ASW,CE,Towers with Radar,19,11,12,24,66,0,0,19,5,24,19,11,31,29,90,40,12,52,142
04/24/2022,AFW,TX,ASW,CE,Towers with Radar,17,8,10,1,36,0,0,3,0,3,17,8,13,1,39,6,0,6,45
04/25/2022,AFW,TX,ASW,CE,Towers with Radar,37,24,35,24,120,0,16,50,2,68,37,40,85,26,188,98,0,98,286
04/26/2022,AFW,TX,ASW,CE,Towers with Radar,85,35,56,24,200,0,23,171,9,203,85,58,227,33,403,238,6,244,647
04/27/2022,AFW,TX,ASW,CE,Towers with Radar,84,35,50,30,199,0,20,126,0,146,84,55,176,30,345,212,0,212,557
04/28/2022,AFW,TX,ASW,CE,Towers with Radar,83,46,51,27,207,0,18,50,0,68,83,64,101,27,275,148,6,154,429
04/29/2022,AFW,TX,ASW,CE,Towers with Radar,58,32,69,12,171,0,7,37,7,51,58,39,106,19,222,60,0,60,282
04/30/2022,AFW,TX,ASW,CE,Towers with Radar,34,15,17,0,66,0,0,91,0,91,34,15,108,0,157,138,0,138,295
05/01/2022,AFW,TX,ASW,CE,Towers with Radar,29,12,13,1,55,0,0,36,0,36,29,12,49,1,91,40,0,40,131
05/02/2022,AFW,TX,ASW,CE,Towers with Radar,39,20,24,25,108,0,9,38,3,50,39,29,62,28,158,58,2,60,218
05/03/2022,AFW,TX,ASW,CE,Towers with Radar,85,29,28,16,158,0,2,23,0,25,85,31,51,16,183,58,0,58,241
05/04/2022,AFW,TX,ASW,CE,Towers with Radar,84,25,40,17,166,0,5,15,0,20,84,30,55,17,186,30,0,30,216
05/05/2022,AFW,TX,ASW,CE,Towers with Radar,90,28,43,8,169,0,11,38,6,55,90,39,81,14,224,50,0,50,274
05/06/2022,AFW,TX,ASW,CE,Towers with Radar,58,27,33,14,132,0,30,91,12,133,58,57,124,26,265,152,18,170,435
05/07/2022,AFW,TX,ASW,CE,Towers with Radar,35,18,13,0,66,0,0,33,0,33,35,18,46,0,99,140,0,140,239
05/08/2022,AFW,TX,ASW,CE,Towers with Radar,30,13,8,40,91,0,1,17,2,20,30,14,25,42,111,14,2,16,127
05/09/2022,AFW,TX,ASW,CE,Towers with Radar,35,27,26,27,115,0,9,44,8,61,35,36,70,35,176,14,16,30,206
05/10/2022,AFW,TX,ASW,CE,Towers with Radar,83,37,40,18,178,0,8,110,3,121,83,45,150,21,299,130,10,140,439
05/11/2022,AFW,TX,ASW,CE,Towers with Radar,80,32,63,20,195,0,23,128,2,153,80,55,191,22,348,154,0,154,502
05/12/2022,AFW,TX,ASW,CE,Towers with Radar,82,36,37,53,208,0,27,93,11,131,82,63,130,64,339,214,28,242,581
05/13/2022,AFW,TX,ASW,CE,Towers with Radar,51,25,30,24,130,0,25,96,9,130,51,50,126,33,260,166,28,194,454
05/14/2022,AFW,TX,ASW,CE,Towers with Radar,28,15,8,45,96,0,0,90,11,101,28,15,98,56,197,272,6,278,475
05/15/2022,AFW,TX,ASW,CE,Towers with Radar,31,18,21,49,119,0,0,41,11,52,31,18,62,60,171,43,16,59,230
05/16/2022,AFW,TX,ASW,CE,Towers with Radar,41,22,44,19,126,0,10,91,4,105,41,32,135,23,231,138,0,138,369
05/17/2022,AFW,TX,ASW,CE,Towers with Radar,80,33,44,8,165,0,20,115,3,138,80,53,159,11,303,66,4,70,373
05/18/2022,AFW,TX,ASW,CE,Towers with Radar,82,32,44,15,173,0,14,79,1,94,82,46,123,16,267,162,6,168,435
05/19/2022,AFW,TX,ASW,CE,Towers with Radar,81,36,47,19,183,0,22,77,11,110,81,58,124,30,293,32,6,38,331
05/20/2022,AFW,TX,ASW,CE,Towers with Radar,55,41,57,20,173,0,13,42,8,63,55,54,99,28,236,6,2,8,244
05/21/2022,AFW,TX,ASW,CE,Towers with Radar,29,35,40,10,114,0,2,29,5,36,29,37,69,15,150,52,6,58,208
05/22/2022,AFW,TX,ASW,CE,Towers with Radar,38,25,41,10,114,0,2,14,0,16,38,27,55,10,130,12,0,12,142
05/23/2022,AFW,TX,ASW,CE,Towers with Radar,33,21,43,16,113,0,3,14,0,17,33,24,57,16,130,14,0,14,144
05/24/2022,AFW,TX,ASW,CE,Towers with Radar,84,17,22,0,123,0,0,2,0,2,84,17,24,0,125,8,0,8,133
05/25/2022,AFW,TX,ASW,CE,Towers with Radar,84,33,52,74,243,0,1,30,7,38,84,34,82,81,281,116,4,120,401
05/26/2022,AFW,TX,ASW,CE,Towers with Radar,83,22,51,34,190,0,19,106,11,136,83,41,157,45,326,210,4,214,540
05/27/2022,AFW,TX,ASW,CE,Towers with Radar,49,27,42,10,128,0,22,98,10,130,49,49,140,20,258,140,14,154,412
05/28/2022,AFW,TX,ASW,CE,Towers with Radar,32,11,7,2,52,0,0,45,4,49,32,11,52,6,101,78,6,84,185
05/29/2022,AFW,TX,ASW,CE,Towers with Radar,29,6,8,0,43,0,0,21,0,21,29,6,29,0,64,0,0,0,64
05/30/2022,AFW,TX,ASW,CE,Towers with Radar,35,13,11,1,60,0,1,18,1,20,35,14,29,2,80,16,0,16,96
05/31/2022,AFW,TX,ASW,CE,Towers with Radar,32,9,31,17,89,0,0,63,6,69,32,9,94,23,158,188,0,188,346
06/01/2022,AFW,TX,ASW,CE,Towers with Radar,89,38,38,17,182,0,16,63,0,79,89,54,101,17,261,162,4,166,427
06/02/2022,AFW,TX,ASW,CE,Towers with Radar,83,29,37,85,234,0,17,95,7,119,83,46,132,92,353,114,10,124,477
06/03/2022,AFW,TX,ASW,CE,Towers with Radar,52,19,22,16,109,0,6,43,2,51,52,25,65,18,160,152,0,152,312
06/04/2022,AFW,TX,ASW,CE,Towers with Radar,34,7,11,10,62,0,0,28,1,29,34,7,39,11,91,46,0,46,137
06/05/2022,AFW,TX,ASW,CE,Towers with Radar,32,12,14,38,96,0,0,27,5,32,32,12,41,43,128,36,8,44,172
06/06/2022,AFW,TX,ASW,CE,Towers with Radar,37,23,18,24,102,0,16,118,2,136,37,39,136,26,238,132,4,136,374
06/07/2022,AFW,TX,ASW,CE,Towers with Radar,84,27,59,68,238,0,20,96,2,118,84,47,155,70,356,136,6,142,498
06/08/2022,AFW,TX,ASW,CE,Towers with Radar,84,27,36,10,157,0,13,78,3,94,84,40,114,13,251,132,4,136,387
06/09/2022,AFW,TX,ASW,CE,Towers with Radar,85,31,37,34,187,0,13,90,0,103,85,44,127,34,290,136,8,144,434
06/10/2022,AFW,TX,ASW,CE,Towers with Radar,55,22,34,52,163,0,8,90,7,105,55,30,124,59,268,128,28,156,424
06/11/2022,AFW,TX,ASW,CE,Towers with Radar,32,8,7,7,54,0,0,21,1,22,32,8,28,8,76,76,0,76,152
06/12/2022,AFW,TX,ASW,CE,Towers with Radar,32,14,18,14,78,0,0,18,3,21,32,14,36,17,99,8,2,10,109
06/13/2022,AFW,TX,ASW,CE,Towers with Radar,35,14,20,6,75,0,10,95,2,107,35,24,115,8,182,142,8,150,332
06/14/2022,AFW,TX,ASW,CE,Towers with Radar,85,38,23,16,162,0,21,56,3,80,85,59,79,19,242,24,2,26,268
06/15/2022,AFW,TX,ASW,CE,Towers with Radar,86,28,33,20,167,0,17,115,4,136,86,45,148,24,303,154,22,176,479
06/16/2022,AFW,TX,ASW,CE,Towers with Radar,83,31,36,21,171,0,19,156,3,178,83,50,192,24,349,132,8,140,489
06/17/2022,AFW,TX,ASW,CE,Towers with Radar,59,32,30,15,136,0,15,113,5,133,59,47,143,20,269,82,12,94,363
06/18/2022,AFW,TX,ASW,CE,Towers with Radar,31,9,17,2,59,0,1,22,2,25,31,10,39,4,84,60,4,64,148
06/19/2022,AFW,TX,ASW,CE,Towers with Radar,30,12,6,0,48,0,1,18,1,20,30,13,24,1,68,52,0,52,120
06/20/2022,AFW,TX,ASW,CE,Towers with Radar,35,18,21,6,80,0,2,92,3,97,35,20,113,9,177,108,0,108,285
06/21/2022,AFW,TX,ASW,CE,Towers with Radar,76,23,37,18,154,0,10,170,2,182,76,33,207,20,336,186,16,202,538
06/22/2022,AFW,TX,ASW,CE,Towers with Radar,81,29,35,6,151,0,22,147,2,171,81,51,182,8,322,236,2,238,560
06/23/2022,AFW,TX,ASW,CE,Towers with Radar,85,38,44,23,190,0,19,97,2,118,85,57,141,25,308,102,26,128,436
06/24/2022,AFW,TX,ASW,CE,Towers with Radar,45,27,29,33,134,0,17,70,5,92,45,44,99,38,226,100,18,118,344
06/25/2022,AFW,TX,ASW,CE,Towers with Radar,35,9,10,31,85,0,4,38,5,47,35,13,48,36,132,46,28,74,206
06/26/2022,AFW,TX,ASW,CE,Towers with Radar,25,13,20,14,72,0,0,23,5,28,25,13,43,19,100,30,0,30,130
06/27/2022,AFW,TX,ASW,CE,Towers with Radar,38,16,21,11,86,0,12,77,2,91,38,28,98,13,177,166,0,166,343
06/28/2022,AFW,TX,ASW,CE,Towers with Radar,82,26,57,10,175,0,10,105,1,116,82,36,162,11,291,146,0,146,437
06/29/2022,AFW,TX,ASW,CE,Towers with Radar,78,34,64,17,193,0,26,150,1,177,78,60,214,18,370,148,14,162,532
06/30/2022,AFW,TX,ASW,CE,Towers with Radar,86,25,49,13,173,0,27,136,0,163,86,52,185,13,336,230,6,236,572
07/01/2022,AFW,TX,ASW,CE,Towers with Radar,51,27,54,4,136,0,20,92,1,113,51,47,146,5,249,152,0,152,401
07/02/2022,AFW,TX,ASW,CE,Towers with Radar,34,9,18,2,63,0,0,25,0,25,34,9,43,2,88,8,0,8,96
07/03/2022,AFW,TX,ASW,CE,Towers with Radar,23,5,3,4,35,0,0,14,2,16,23,5,17,6,51,34,8,42,93
07/04/2022,AFW,TX,ASW,CE,Towers with Radar,5,2,4,3,14,0,1,13,0,14,5,3,17,3,28,30,10,40,68
07/05/2022,AFW,TX,ASW,CE,Towers with Radar,22,8,22,34,86,0,2,103,0,105,22,10,125,34,191,222,12,234,425
07/06/2022,AFW,TX,ASW,CE,Towers with Radar,81,29,43,25,178,0,13,117,2,132,81,42,160,27,310,182,6,188,498
07/07/2022,AFW,TX,ASW,CE,Towers with Radar,84,35,46,30,195,0,19,107,5,131,84,54,153,35,326,100,8,108,434
07/08/2022,AFW,TX,ASW,CE,Towers with Radar,52,31,30,24,137,0,13,95,11,119,52,44,125,35,256,170,64,234,490
07/09/2022,AFW,TX,ASW,CE,Towers with Radar,30,14,8,3,55,0,1,31,21,53,30,15,39,24,108,96,20,116,224
07/10/2022,AFW,TX,ASW,CE,Towers with Radar,29,11,13,9,62,0,1,20,22,43,29,12,33,31,105,56,26,82,187
07/11/2022,AFW,TX,ASW,CE,Towers with Radar,36,19,26,6,87,0,6,82,4,92,36,25,108,10,179,60,10,70,249
07/12/2022,AFW,TX,ASW,CE,Towers with Radar,79,33,39,63,214,0,15,86,5,106,79,48,125,68,320,172,2,174,494
07/13/2022,AFW,TX,ASW,CE,Towers with Radar,86,35,51,32,204,0,23,119,2,144,86,58,170,34,348,120,10,130,478
07/14/2022,AFW,TX,ASW,CE,Towers with Radar,82,38,40,20,180,0,19,83,2,104,82,57,123,22,284,118,0,118,402
07/15/2022,AFW,TX,ASW,CE,Towers with Radar,57,42,32,65,196,0,26,72,5,103,57,68,104,70,299,108,16,124,423
07/16/2022,AFW,TX,ASW,CE,Towers with Radar,34,11,2,41,88,0,1,41,6,48,34,12,43,47,136,103,24,127,263
07/17/2022,AFW,TX,ASW,CE,Towers with Radar,34,11,19,25,89,0,0,30,3,33,34,11,49,28,122,42,0,42,164
07/18/2022,AFW,TX,ASW,CE,Towers with Radar,37,16,29,24,106,0,5,73,2,80,37,21,102,26,186,80,2,82,268
07/19/2022,AFW,TX,ASW,CE,Towers with Radar,82,21,30,9,142,0,16,98,0,114,82,37,128,9,256,142,0,142,398
07/20/2022,AFW,TX,ASW,CE,Towers with Radar,86,25,36,23,170,0,25,93,6,124,86,50,129,29,294,112,10,122,416
07/21/2022,AFW,TX,ASW,CE,Towers with Radar,85,18,31,30,164,0,3,66,4,73,85,21,97,34,237,96,8,104,341
07/22/2022,AFW,TX,ASW,CE,Towers with Radar,56,28,30,70,184,0,26,75,4,105,56,54,105,74,289,124,6,130,419
07/23/2022,AFW,TX,ASW,CE,Towers with Radar,34,9,15,17,75,0,0,45,3,48,34,9,60,20,123,68,20,88,211
07/24/2022,AFW,TX,ASW,CE,Towers with Radar,28,15,17,25,85,0,0,24,6,30,28,15,41,31,115,26,8,34,149
07/25/2022,AFW,TX,ASW,CE,Towers with Radar,37,21,36,26,120,0,8,97,3,108,37,29,133,29,228,104,20,124,352
07/26/2022,AFW,TX,ASW,CE,Towers with Radar,80,28,44,45,197,0,10,119,3,132,80,38,163,48,329,92,2,94,423
07/27/2022,AFW,TX,ASW,CE,Towers with Radar,81,36,52,15,184,0,22,110,2,134,81,58,162,17,318,110,4,114,432
07/28/2022,AFW,TX,ASW,CE,Towers with Radar,83,37,31,20,171,0,11,92,2,105,83,48,123,22,276,94,0,94,370
07/29/2022,AFW,TX,ASW,CE,Towers with Radar,52,26,28,27,133,0,15,75,1,91,52,41,103,28,224,112,2,114,338
07/30/2022,AFW,TX,ASW,CE,Towers with Radar,37,11,13,10,71,0,2,28,1,31,37,13,41,11,102,100,4,104,206
07/31/2022,AFW,TX,ASW,CE,Towers with Radar,26,7,14,39,86,0,2,22,1,25,26,9,36,40,111,64,2,66,177
08/01/2022,AFW,TX,ASW,CE,Towers with Radar,38,18,39,11,106,0,7,100,4,111,38,25,139,15,217,142,0,142,359
08/02/2022,AFW,TX,ASW,CE,Towers with Radar,81,34,35,19,169,0,15,90,1,106,81,49,125,20,275,113,4,117,392
08/03/2022,AFW,TX,ASW,CE,Towers with Radar,83,45,43,31,202,0,20,95,4,119,83,65,138,35,321,94,10,104,425
08/04/2022,AFW,TX,ASW,CE,Towers with Radar,83,30,40,16,169,0,10,81,9,100,83,40,121,25,269,56,8,64,333
08/05/2022,AFW,TX,ASW,CE,Towers with Radar,50,27,24,26,127,0,10,73,26,109,50,37,97,52,236,60,44,104,340
08/06/2022,AFW,TX,ASW,CE,Towers with Radar,34,7,10,10,61,0,0,30,14,44,34,7,40,24,105,52,0,52,157
08/07/2022,AFW,TX,ASW,CE,Towers with Radar,23,15,9,7,54,0,0,15,8,23,23,15,24,15,77,6,12,18,95
08/08/2022,AFW,TX,ASW,CE,Towers with Radar,33,25,35,16,109,0,10,78,1,89,33,35,113,17,198,88,0,88,286
08/09/2022,AFW,TX,ASW,CE,Towers with Radar,78,30,44,20,172,0,24,53,0,77,78,54,97,20,249,88,0,88,337
08/10/2022,AFW,TX,ASW,CE,Towers with Radar,77,36,46,13,172,0,18,86,2,106,77,54,132,15,278,136,0,136,414
08/11/2022,AFW,TX,ASW,CE,Towers with Radar,86,36,53,42,217,0,13,75,3,91,86,49,128,45,308,116,2,118,426
08/12/2022,AFW,TX,ASW,CE,Towers with Radar,49,29,46,40,164,0,13,74,6,93,49,42,120,46,257,122,34,156,413
08/13/2022,AFW,TX,ASW,CE,Towers with Radar,35,11,8,33,87,0,5,29,6,40,35,16,37,39,127,62,28,90,217
08/14/2022,AFW,TX,ASW,CE,Towers with Radar,26,14,14,9,63,0,6,26,3,35,26,20,40,12,98,14,28,42,140
08/15/2022,AFW,TX,ASW,CE,Towers with Radar,36,16,27,77,156,1,19,78,7,105,37,35,105,84,261,116,32,148,409
08/16/2022,AFW,TX,ASW,CE,Towers with Radar,88,29,36,92,245,0,18,111,7,136,88,47,147,99,381,112,6,118,499
08/17/2022,AFW,TX,ASW,CE,Towers with Radar,82,28,36,45,191,0,24,70,7,101,82,52,106,52,292,20,18,38,330
08/18/2022,AFW,TX,ASW,CE,Towers with Radar,77,37,33,18,165,0,5,29,2,36,77,42,62,20,201,6,2,8,209
08/19/2022,AFW,TX,ASW,CE,Towers with Radar,53,29,38,52,172,0,1,27,9,37,53,30,65,61,209,28,34,62,271
08/20/2022,AFW,TX,ASW,CE,Towers with Radar,28,12,13,21,74,0,0,26,6,32,28,12,39,27,106,54,2,56,162
08/21/2022,AFW,TX,ASW,CE,Towers with Radar,33,18,30,4,85,0,0,5,0,5,33,18,35,4,90,28,0,28,118
08/22/2022,AFW,TX,ASW,CE,Towers with Radar,36,14,15,7,72,0,0,2,0,2,36,14,17,7,74,4,0,4,78
08/23/2022,AFW,TX,ASW,CE,Towers with Radar,90,24,24,24,162,0,2,9,0,11,90,26,33,24,173,2,0,2,175
08/24/2022,AFW,TX,ASW,CE,Towers with Radar,88,44,46,49,227,0,3,52,14,69,88,47,98,63,296,74,30,104,400
08/25/2022,AFW,TX,ASW,CE,Towers with Radar,84,34,37,41,196,0,35,117,18,170,84,69,154,59,366,114,12,126,492
08/26/2022,AFW,TX,ASW,CE,Towers with Radar,52,33,30,40,155,0,26,129,10,165,52,59,159,50,320,96,16,112,432
08/27/2022,AFW,TX,ASW,CE,Towers with Radar,34,9,14,41,98,0,0,94,3,97,34,9,108,44,195,158,18,176,371
08/28/2022,AFW,TX,ASW,CE,Towers with Radar,32,13,12,23,80,0,0,18,6,24,32,13,30,29,104,10,20,30,134
08/29/2022,AFW,TX,ASW,CE,Towers with Radar,32,26,49,13,120,0,14,117,2,133,32,40,166,15,253,96,10,106,359
08/30/2022,AFW,TX,ASW,CE,Towers with Radar,81,43,23,6,153,0,3,21,0,24,81,46,44,6,177,30,0,30,207
08/31/2022,AFW,TX,ASW,CE,Towers with Radar,83,39,57,26,205,0,9,65,0,74,83,48,122,26,279,148,0,148,427
09/01/2022,AFW,TX,ASW,CE,Towers with Radar,83,32,42,17,174,0,19,51,5,75,83,51,93,22,249,40,0,40,289
09/02/2022,AFW,TX,ASW,CE,Towers with Radar,51,32,32,1,116,0,19,73,1,93,51,51,105,2,209,80,0,80,289
09/03/2022,AFW,TX,ASW,CE,Towers with Radar,35,14,15,0,64,0,0,101,0,101,35,14,116,0,165,102,0,102,267
09/04/2022,AFW,TX,ASW,CE,Towers with Radar,28,18,11,0,57,0,4,16,0,20,28,22,27,0,77,34,0,34,111
09/05/2022,AFW,TX,ASW,CE,Towers with Radar,30,6,9,14,59,0,0,30,0,30,30,6,39,14,89,58,0,58,147
09/06/2022,AFW,TX,ASW,CE,Towers with Radar,36,14,37,14,101,0,0,138,10,148,36,14,175,24,249,152,8,160,409
09/07/2022,AFW,TX,ASW,CE,Towers with Radar,80,29,50,19,178,0,9,140,8,157,80,38,190,27,335,116,8,124,459
09/08/2022,AFW,TX,ASW,CE,Towers with Radar,76,34,47,24,181,0,13,138,2,153,76,47,185,26,334,128,0,128,462
09/09/2022,AFW,TX,ASW,CE,Towers with Radar,49,33,52,37,171,0,23,120,4,147,49,56,172,41,318,110,14,124,442
09/10/2022,AFW,TX,ASW,CE,Towers with Radar,32,14,18,22,86,0,1,109,2,112,32,15,127,24,198,138,8,146,344
09/11/2022,AFW,TX,ASW,CE,Towers with Radar,27,19,28,18,92,0,0,32,1,33,27,19,60,19,125,90,2,92,217
09/12/2022,AFW,TX,ASW,CE,Towers with Radar,36,15,36,12,99,0,14,137,0,151,36,29,173,12,250,126,0,126,376
09/13/2022,AFW,TX,ASW,CE,Towers with Radar,77,38,37,16,168,0,23,123,1,147,77,61,160,17,315,118,6,124,439
09/14/2022,AFW,TX,ASW,CE,Towers with Radar,78,38,46,31,193,0,20,166,3,189,78,58,212,34,382,110,4,114,496
09/15/2022,AFW,TX,ASW,CE,Towers with Radar,81,39,30,30,180,0,22,108,5,135,81,61,138,35,315,116,6,122,437
09/16/2022,AFW,TX,ASW,CE,Towers with Radar,57,30,32,55,174,0,15,120,1,136,57,45,152,56,310,92,14,106,416
09/17/2022,AFW,TX,ASW,CE,Towers with Radar,31,11,11,2,55,0,0,74,0,74,31,11,85,2,129,148,0,148,277
09/18/2022,AFW,TX,ASW,CE,Towers with Radar,24,15,27,10,76,0,1,17,1,19,24,16,44,11,95,22,8,30,125
09/19/2022,AFW,TX,ASW,CE,Towers with Radar,35,33,42,7,117,0,22,150,4,176,35,55,192,11,293,156,12,168,461
09/20/2022,AFW,TX,ASW,CE,Towers with Radar,76,41,42,26,185,0,16,108,3,127,76,57,150,29,312,124,2,126,438
09/21/2022,AFW,TX,ASW,CE,Towers with Radar,82,33,43,45,203,0,12,150,2,164,82,45,193,47,367,220,12,232,599
09/22/2022,AFW,TX,ASW,CE,Towers with Radar,78,32,50,48,208,0,18,118,3,139,78,50,168,51,347,213,16,229,576
09/23/2022,AFW,TX,ASW,CE,Towers with Radar,54,41,57,31,183,0,13,110,6,129,54,54,167,37,312,192,16,208,520
09/24/2022,AFW,TX,ASW,CE,Towers with Radar,38,27,25,10,100,0,0,87,4,91,38,27,112,14,191,72,2,74,265
09/25/2022,AFW,TX,ASW,CE,Towers with Radar,27,36,48,13,124,0,0,30,5,35,27,36,78,18,159,18,10,28,187
09/26/2022,AFW,TX,ASW,CE,Towers with Radar,36,22,39,44,141,0,18,113,3,134,36,40,152,47,275,160,14,174,449
09/27/2022,AFW,TX,ASW,CE,Towers with Radar,81,34,31,47,193,0,16,91,7,114,81,50,122,54,307,156,0,156,463
09/28/2022,AFW,TX,ASW,CE,Towers with Radar,79,31,30,65,205,0,17,146,7,170,79,48,176,72,375,194,4,198,573
09/29/2022,AFW,TX,ASW,CE,Towers with Radar,82,38,55,43,218,0,14,126,7,147,82,52,181,50,365,164,4,168,533
09/30/2022,AFW,TX,ASW,CE,Towers with Radar,52,27,45,34,158,0,18,125,12,155,52,45,170,46,313,174,22,196,509
10/01/2022,AFW,TX,ASW,CE,Towers with Radar,32,10,23,1,66,0,1,289,9,299,32,11,312,10,365,121,12,133,498
10/02/2022,AFW,TX,ASW,CE,Towers with Radar,31,21,14,0,66,0,0,26,0,26,31,21,40,0,92,6,0,6,98
10/03/2022,AFW,TX,ASW,CE,Towers with Radar,38,20,20,6,84,0,19,131,3,153,38,39,151,9,237,176,6,182,419
10/04/2022,AFW,TX,ASW,CE,Towers with Radar,74,35,49,19,177,0,16,130,7,153,74,51,179,26,330,170,4,174,504
10/05/2022,AFW,TX,ASW,CE,Towers with Radar,74,28,49,18,169,0,15,129,4,148,74,43,178,22,317,202,0,202,519
10/06/2022,AFW,TX,ASW,CE,Towers with Radar,78,34,45,16,173,0,16,95,1,112,78,50,140,17,285,120,4,124,409
10/07/2022,AFW,TX,ASW,CE,Towers with Radar,55,37,38,6,136,1,21,94,1,117,56,58,132,7,253,154,0,154,407
10/08/2022,AFW,TX,ASW,CE,Towers with Radar,31,16,20,2,69,0,1,118,2,121,31,17,138,4,190,167,10,177,367
10/09/2022,AFW,TX,ASW,CE,Towers with Radar,26,9,18,2,55,0,0,54,0,54,26,9,72,2,109,84,0,84,193
10/10/2022,AFW,TX,ASW,CE,Towers with Radar,40,26,30,1,97,0,0,105,0,105,40,26,135,1,202,216,0,216,418
10/11/2022,AFW,TX,ASW,CE,Towers with Radar,77,27,27,4,135,0,14,67,5,86,77,41,94,9,221,204,0,204,425
10/12/2022,AFW,TX,ASW,CE,Towers with Radar,80,24,44,13,161,0,11,93,4,108,80,35,137,17,269,96,4,100,369
10/13/2022,AFW,TX,ASW,CE,Towers with Radar,76,27,42,8,153,0,17,70,12,99,76,44,112,20,252,94,0,94,346
10/14/2022,AFW,TX,ASW,CE,Towers with Radar,53,29,33,38,153,0,25,89,6,120,53,54,122,44,273,168,22,190,463
10/15/2022,AFW,TX,ASW,CE,Towers with Radar,37,17,11,13,78,0,2,64,1,67,37,19,75,14,145,88,4,92,237
10/16/2022,AFW,TX,ASW,CE,Towers with Radar,30,15,13,13,71,0,2,0,0,2,30,17,13,13,73,8,0,8,81
10/17/2022,AFW,TX,ASW,CE,Towers with Radar,35,23,35,15,108,0,23,91,1,115,35,46,126,16,223,125,2,127,350
10/18/2022,AFW,TX,ASW,CE,Towers with Radar,76,30,50,48,204,0,25,114,4,143,76,55,164,52,347,88,2,90,437
10/19/2022,AFW,TX,ASW,CE,Towers with Radar,76,34,23,5,138,0,13,108,2,123,76,47,131,7,261,54,0,54,315
10/20/2022,AFW,TX,ASW,CE,Towers with Radar,76,23,16,8,123,0,6,47,5,58,76,29,63,13,181,18,0,18,199
10/21/2022,AFW,TX,ASW,CE,Towers with Radar,56,13,9,7,85,0,1,19,17,37,56,14,28,24,122,0,0,0,122
10/22/2022,AFW,TX,ASW,CE,Towers with Radar,9,0,3,0,12,0,1,17,20,38,9,1,20,20,50,0,0,0,50
10/23/2022,AFW,TX,ASW,CE,Towers with Radar,33,5,12,7,57,0,0,10,2,12,33,5,22,9,69,16,2,18,87
10/24/2022,AFW,TX,ASW,CE,Towers with Radar,29,14,23,7,73,0,0,0,0,0,29,14,23,7,73,0,0,0,73
10/25/2022,AFW,TX,ASW,CE,Towers with Radar,76,40,38,11,165,0,12,76,0,88,76,52,114,11,253,60,0,60,313
10/26/2022,AFW,TX,ASW,CE,Towers with Radar,76,39,41,31,187,0,32,128,4,164,76,71,169,35,351,128,14,142,493
10/27/2022,AFW,TX,ASW,CE,Towers with Radar,77,36,26,42,181,0,40,99,6,145,77,76,125,48,326,150,2,152,478
10/28/2022,AFW,TX,ASW,CE,Towers with Radar,60,19,15,11,105,0,0,0,0,0,60,19,15,11,105,0,0,0,105
10/29/2022,AFW,TX,ASW,CE,Towers with Radar,30,10,25,13,78,0,0,4,0,4,30,10,29,13,82,4,0,4,86
10/30/2022,AFW,TX,ASW,CE,Towers with Radar,31,15,14,27,87,0,0,39,6,45,31,15,53,33,132,64,14,78,210
10/31/2022,AFW,TX,ASW,CE,Towers with Radar,35,28,42,59,164,0,21,103,4,128,35,49,145,63,292,150,6,156,448
11/01/2022,AFW,TX,ASW,CE,Towers with Radar,73,31,66,55,225,0,30,114,6,150,73,61,180,61,375,82,0,82,457
11/02/2022,AFW,TX,ASW,CE,Towers with Radar,78,44,58,33,213,0,10,65,0,75,78,54,123,33,288,110,0,110,398
11/03/2022,AFW,TX,ASW,CE,Towers with Radar,81,42,53,3,179,0,5,41,2,48,81,47,94,5,227,36,8,44,271
11/04/2022,AFW,TX,ASW,CE,Towers with Radar,56,23,12,8,99,0,0,0,0,0,56,23,12,8,99,10,0,10,109
11/05/2022,AFW,TX,ASW,CE,Towers with Radar,40,12,15,12,79,0,0,92,0,92,40,12,107,12,171,178,8,186,357
11/06/2022,AFW,TX,ASW,CE,Towers with Radar,27,16,13,11,67,0,0,38,3,41,27,16,51,14,108,34,8,42,150
11/07/2022,AFW,TX,ASW,CE,Towers with Radar,37,12,20,6,75,0,1,6,0,7,37,13,26,6,82,2,0,2,84
11/08/2022,AFW,TX,ASW,CE,Towers with Radar,79,41,45,44,209,0,6,32,1,39,79,47,77,45,248,124,0,124,372
11/09/2022,AFW,TX,ASW,CE,Towers with Radar,81,39,65,6,191,0,14,70,8,92,81,53,135,14,283,68,12,80,363
11/10/2022,AFW,TX,ASW,CE,Towers with Radar,81,39,58,14,192,0,13,50,0,63,81,52,108,14,255,130,2,132,387
11/11/2022,AFW,TX,ASW,CE,Towers with Radar,56,18,17,7,98,0,0,3,1,4,56,18,20,8,102,0,2,2,104
11/12/2022,AFW,TX,ASW,CE,Towers with Radar,38,9,12,2,61,0,4,80,4,88,38,13,92,6,149,136,0,136,285
11/13/2022,AFW,TX,ASW,CE,Towers with Radar,28,9,16,4,57,0,0,41,4,45,28,9,57,8,102,152,4,156,258
11/14/2022,AFW,TX,ASW,CE,Towers with Radar,38,18,21,0,77,0,1,3,0,4,38,19,24,0,81,24,0,24,105
11/15/2022,AFW,TX,ASW,CE,Towers with Radar,76,21,45,15,157,0,12,60,4,76,76,33,105,19,233,56,0,56,289
11/16/2022,AFW,TX,ASW,CE,Towers with Radar,78,35,63,12,188,0,28,117,6,151,78,63,180,18,339,142,4,146,485
11/17/2022,AFW,TX,ASW,CE,Towers with Radar,86,35,52,5,178,0,32,187,2,221,86,67,239,7,399,44,0,44,443
11/18/2022,AFW,TX,ASW,CE,Towers with Radar,66,41,58,16,181,0,27,151,6,184,66,68,209,22,365,62,6,68,433
11/19/2022,AFW,TX,ASW,CE,Towers with Radar,40,17,24,11,92,0,0,57,6,63,40,17,81,17,155,144,0,144,299
11/20/2022,AFW,TX,ASW,CE,Towers with Radar,36,19,12,12,79,0,0,33,1,34,36,19,45,13,113,56,0,56,169
11/21/2022,AFW,TX,ASW,CE,Towers with Radar,46,25,23,3,97,0,16,68,1,85,46,41,91,4,182,110,10,120,302
11/22/2022,AFW,TX,ASW,CE,Towers with Radar,82,50,35,20,187,0,13,53,4,70,82,63,88,24,257,174,6,180,437
11/23/2022,AFW,TX,ASW,CE,Towers with Radar,83,17,18,17,135,0,1,0,0,1,83,18,18,17,136,0,0,0,136
11/24/2022,AFW,TX,ASW,CE,Towers with Radar,17,1,4,0,22,0,0,0,0,0,17,1,4,0,22,0,0,0,22
11/25/2022,AFW,TX,ASW,CE,Towers with Radar,30,16,30,1,77,0,0,1,0,1,30,16,31,1,78,4,0,4,82
11/26/2022,AFW,TX,ASW,CE,Towers with Radar,45,20,22,1,88,0,0,1,0,1,45,20,23,1,89,0,0,0,89
11/27/2022,AFW,TX,ASW,CE,Towers with Radar,39,16,10,0,65,0,0,45,0,45,39,16,55,0,110,32,0,32,142
11/28/2022,AFW,TX,ASW,CE,Towers with Radar,43,19,47,13,122,0,13,125,12,150,43,32,172,25,272,98,14,112,384
11/29/2022,AFW,TX,ASW,CE,Towers with Radar,93,24,27,14,158,0,18,97,3,118,93,42,124,17,276,90,14,104,380
11/30/2022,AFW,TX,ASW,CE,Towers with Radar,97,31,51,26,205,0,29,130,1,160,97,60,181,27,365,124,4,128,493
12/01/2022,AFW,TX,ASW,CE,Towers with Radar,104,34,41,18,197,0,22,78,2,102,104,56,119,20,299,92,12,104,403
12/02/2022,AFW,TX,ASW,CE,Towers with Radar,69,26,55,48,198,0,2,19,4,25,69,28,74,52,223,10,10,20,243
12/03/2022,AFW,TX,ASW,CE,Towers with Radar,44,16,19,6,85,0,0,71,0,71,44,16,90,6,156,118,2,120,276
12/04/2022,AFW,TX,ASW,CE,Towers with Radar,37,13,17,7,74,0,0,19,2,21,37,13,36,9,95,40,8,48,143
12/05/2022,AFW,TX,ASW,CE,Towers with Radar,45,23,45,1,114,0,13,54,5,72,45,36,99,6,186,84,0,84,270
12/06/2022,AFW,TX,ASW,CE,Towers with Radar,93,39,47,27,206,0,29,69,8,106,93,68,116,35,312,120,2,122,434
12/07/2022,AFW,TX,ASW,CE,Towers with Radar,101,17,22,5,145,0,0,0,0,0,101,17,22,5,145,0,0,0,145
12/08/2022,AFW,TX,ASW,CE,Towers with Radar,91,31,52,22,196,0,6,24,2,32,91,37,76,24,228,102,2,104,332
12/09/2022,AFW,TX,ASW,CE,Towers with Radar,64,29,52,12,157,0,2,8,0,10,64,31,60,12,167,8,0,8,175
12/10/2022,AFW,TX,ASW,CE,Towers with Radar,39,8,5,1,53,0,0,0,0,0,39,8,5,1,53,0,0,0,53
12/11/2022,AFW,TX,ASW,CE,Towers with Radar,34,10,19,5,68,0,0,6,0,6,34,10,25,5,74,0,0,0,74
12/12/2022,AFW,TX,ASW,CE,Towers with Radar,41,21,33,11,106,0,0,0,0,0,41,21,33,11,106,0,0,0,106
12/13/2022,AFW,TX,ASW,CE,Towers with Radar,113,56,49,12,230,0,22,44,7,73,113,78,93,19,303,98,2,100,403
12/14/2022,AFW,TX,ASW,CE,Towers with Radar,99,35,52,21,207,0,33,89,3,125,99,68,141,24,332,94,6,100,432
12/15/2022,AFW,TX,ASW,CE,Towers with Radar,87,38,72,23,220,0,22,124,9,155,87,60,196,32,375,258,20,278,653
12/16/2022,AFW,TX,ASW,CE,Towers with Radar,69,30,42,16,157,0,15,111,2,128,69,45,153,18,285,200,0,200,485
12/17/2022,AFW,TX,ASW,CE,Towers with Radar,37,11,20,1,69,0,0,71,2,73,37,11,91,3,142,128,4,132,274
12/18/2022,AFW,TX,ASW,CE,Towers with Radar,37,10,15,2,64,0,0,11,0,11,37,10,26,2,75,4,4,8,83
12/19/2022,AFW,TX,ASW,CE,Towers with Radar,43,27,41,5,116,0,8,27,0,35,43,35,68,5,151,90,0,90,241
12/20/2022,AFW,TX,ASW,CE,Towers with Radar,101,31,35,36,203,0,7,44,0,51,101,38,79,36,254,36,0,36,290
12/21/2022,AFW,TX,ASW,CE,Towers with Radar,97,26,24,26,173,0,5,66,5,76,97,31,90,31,249,140,6,146,395
12/22/2022,AFW,TX,ASW,CE,Towers with Radar,91,20,7,0,118,0,0,0,0,0,91,20,7,0,118,0,0,0,118
12/23/2022,AFW,TX,ASW,CE,Towers with Radar,55,18,9,0,82,0,0,20,0,20,55,18,29,0,102,56,0,56,158
12/24/2022,AFW,TX,ASW,CE,Towers with Radar,8,0,2,1,11,0,0,17,1,18,8,0,19,2,29,8,6,14,43
12/25/2022,AFW,TX,ASW,CE,Towers with Radar,3,6,2,0,11,0,0,5,0,5,3,6,7,0,16,20,0,20,36
12/26/2022,AFW,TX,ASW,CE,Towers with Radar,9,14,13,0,36,0,0,28,2,30,9,14,41,2,66,46,2,48,114
12/27/2022,AFW,TX,ASW,CE,Towers with Radar,41,20,15,8,84,0,0,53,0,53,41,20,68,8,137,38,4,42,179
12/28/2022,AFW,TX,ASW,CE,Towers with Radar,90,26,17,0,133,0,16,50,8,74,90,42,67,8,207,42,8,50,257
12/29/2022,AFW,TX,ASW,CE,Towers with Radar,84,27,31,2,144,0,15,76,5,96,84,42,107,7,240,168,0,168,408
12/30/2022,AFW,TX,ASW,CE,Towers with Radar,62,22,14,4,102,0,16,57,0,73,62,38,71,4,175,50,0,50,225
12/31/2022,AFW,TX,ASW,CE,Towers with Radar,3,2,9,0,14,0,0,19,5,24,3,2,28,5,38,12,6,18,56
01/01/2023,AFW,TX,ASW,CE,Towers with Radar,5,4,9,0,18,0,0,23,2,25,5,4,32,2,43,26,2,28,71
01/02/2023,AFW,TX,ASW,CE,Towers with Radar,31,10,16,0,57,0,0,3,0,3,31,10,19,0,60,26,0,26,86
01/03/2023,AFW,TX,ASW,CE,Towers with Radar,42,13,22,5,82,0,2,45,0,47,42,15,67,5,129,46,0,46,175
01/04/2023,AFW,TX,ASW,CE,Towers with Radar,74,23,23,15,135,0,4,83,0,87,74,27,106,15,222,114,0,114,336
01/05/2023,AFW,TX,ASW,CE,Towers with Radar,77,25,25,34,161,0,23,91,3,117,77,48,116,37,278,188,4,192,470
01/06/2023,AFW,TX,ASW,CE,Towers with Radar,60,23,33,38,154,0,5,67,1,73,60,28,100,39,227,90,2,92,319
01/07/2023,AFW,TX,ASW,CE,Towers with Radar,36,13,11,12,72,0,1,56,3,60,36,14,67,15,132,94,0,94,226
01/08/2023,AFW,TX,ASW,CE,Towers with Radar,38,15,9,0,62,0,0,30,1,31,38,15,39,1,93,14,0,14,107
01/09/2023,AFW,TX,ASW,CE,Towers with Radar,42,21,28,19,110,0,15,100,7,122,42,36,128,26,232,144,4,148,380
01/10/2023,AFW,TX,ASW,CE,Towers with Radar,82,31,44,10,167,0,18,64,3,85,82,49,108,13,252,108,4,112,364
01/11/2023,AFW,TX,ASW,CE,Towers with Radar,78,34,27,28,167,0,13,71,1,85,78,47,98,29,252,66,0,66,318
01/12/2023,AFW,TX,ASW,CE,Towers with Radar,80,30,43,19,172,0,35,47,1,83,80,65,90,20,255,82,0,82,337
01/13/2023,AFW,TX,ASW,CE,Towers with Radar,59,29,32,4,124,0,22,152,5,179,59,51,184,9,303,216,6,222,525
01/14/2023,AFW,TX,ASW,CE,Towers with Radar,41,10,8,6,65,0,0,64,11,75,41,10,72,17,140,32,8,40,180
01/15/2023,AFW,TX,ASW,CE,Towers with Radar,39,11,7,0,57,0,0,12,8,20,39,11,19,8,77,4,4,8,85
01/16/2023,AFW,TX,ASW,CE,Towers with Radar,44,16,11,1,72,0,0,23,4,27,44,16,34,5,99,40,0,40,139
01/17/2023,AFW,TX,ASW,CE,Towers with Radar,82,26,13,17,138,0,10,100,3,113,82,36,113,20,251,78,4,82,333
01/18/2023,AFW,TX,ASW,CE,Towers with Radar,88,17,35,25,165,0,3,37,2,42,88,20,72,27,207,24,0,24,231
01/19/2023,AFW,TX,ASW,CE,Towers with Radar,82,23,58,13,176,0,21,133,5,159,82,44,191,18,335,177,14,191,526
01/20/2023,AFW,TX,ASW,CE,Towers with Radar,61,31,30,35,157,0,17,132,7,156,61,48,162,42,313,92,12,104,417
01/21/2023,AFW,TX,ASW,CE,Towers with Radar,35,9,31,12,87,0,0,76,22,98,35,9,107,34,185,62,26,88,273
01/22/2023,AFW,TX,ASW,CE,Towers with Radar,35,9,13,13,70,0,0,23,8,31,35,9,36,21,101,48,36,84,185
01/23/2023,AFW,TX,ASW,CE,Towers with Radar,41,24,25,14,104,0,17,123,6,146,41,41,148,20,250,144,24,168,418
01/24/2023,AFW,TX,ASW,CE,Towers with Radar,76,15,11,0,102,0,0,0,0,0,76,15,11,0,102,0,0,0,102
01/25/2023,AFW,TX,ASW,CE,Towers with Radar,74,26,36,30,166,0,10,61,1,72,74,36,97,31,238,40,0,40,278
01/26/2023,AFW,TX,ASW,CE,Towers with Radar,69,28,38,43,178,0,26,135,13,174,69,54,173,56,352,102,10,112,464
01/27/2023,AFW,TX,ASW,CE,Towers with Radar,48,26,37,27,138,0,26,109,7,142,48,52,146,34,280,44,0,44,324
01/28/2023,AFW,TX,ASW,CE,Towers with Radar,33,9,22,3,67,0,2,26,0,28,33,11,48,3,95,44,6,50,145
01/29/2023,AFW,TX,ASW,CE,Towers with Radar,37,14,11,8,70,0,0,0,0,0,37,14,11,8,70,0,0,0,70
01/30/2023,AFW,TX,ASW,CE,Towers with Radar,31,8,8,1,48,0,0,0,0,0,31,8,8,1,48,0,0,0,48
01/31/2023,AFW,TX,ASW,CE,Towers with Radar,38,0,9,0,47,0,0,0,0,0,38,0,9,0,47,0,0,0,47
02/01/2023,AFW,TX,ASW,CE,Towers with Radar,2,3,8,0,13,0,0,0,0,0,2,3,8,0,13,0,0,0,13
02/02/2023,AFW,TX,ASW,CE,Towers with Radar,9,9,13,0,31,0,0,0,0,0,9,9,13,0,31,0,0,0,31
02/03/2023,AFW,TX,ASW,CE,Towers with Radar,51,19,23,37,130,0,13,98,9,120,51,32,121,46,250,146,14,160,410
02/04/2023,AFW,TX,ASW,CE,Towers with Radar,32,14,16,7,69,0,2,75,5,82,32,16,91,12,151,60,10,70,221
02/05/2023,AFW,TX,ASW,CE,Towers with Radar,34,19,15,17,85,0,0,35,4,39,34,19,50,21,124,92,8,100,224
02/06/2023,AFW,TX,ASW,CE,Towers with Radar,36,20,38,28,122,0,8,46,2,56,36,28,84,30,178,50,0,50,228
02/07/2023,AFW,TX,ASW,CE,Towers with Radar,61,23,32,4,120,0,0,6,0,6,61,23,38,4,126,32,0,32,158
02/08/2023,AFW,TX,ASW,CE,Towers with Radar,61,26,25,9,121,0,0,4,1,5,61,26,29,10,126,22,0,22,148
02/09/2023,AFW,TX,ASW,CE,Towers with Radar,62,31,38,27,158,0,26,191,6,223,62,57,229,33,381,176,2,178,559
02/10/2023,AFW,TX,ASW,CE,Towers with Radar,54,24,31,34,143,0,10,76,2,88,54,34,107,36,231,152,4,156,387
02/11/2023,AFW,TX,ASW,CE,Towers with Radar,28,13,13,17,71,0,1,104,6,111,28,14,117,23,182,78,4,82,264
02/12/2023,AFW,TX,ASW,CE,Towers with Radar,33,15,10,16,74,0,2,20,3,25,33,17,30,19,99,44,8,52,151
02/13/2023,AFW,TX,ASW,CE,Towers with Radar,36,20,40,30,126,0,11,162,2,175,36,31,202,32,301,78,0,78,379
02/14/2023,AFW,TX,ASW,CE,Towers with Radar,66,14,21,0,101,0,0,13,4,17,66,14,34,4,118,2,0,2,120
02/15/2023,AFW,TX,ASW,CE,Towers with Radar,66,35,46,42,189,0,20,127,15,162,66,55,173,57,351,37,14,51,402
02/16/2023,AFW,TX,ASW,CE,Towers with Radar,66,32,30,37,165,0,20,63,2,85,66,52,93,39,250,76,46,122,372
02/17/2023,AFW,TX,ASW,CE,Towers with Radar,54,21,32,59,166,0,21,160,8,189,54,42,192,67,355,200,16,216,571
02/18/2023,AFW,TX,ASW,CE,Towers with Radar,36,11,23,6,76,0,3,100,4,107,36,14,123,10,183,80,0,80,263
02/19/2023,AFW,TX,ASW,CE,Towers with Radar,36,8,7,19,70,0,0,18,11,29,36,8,25,30,99,14,8,22,121
02/20/2023,AFW,TX,ASW,CE,Towers with Radar,35,13,21,30,99,3,0,26,12,41,38,13,47,42,140,20,10,30,170
02/21/2023,AFW,TX,ASW,CE,Towers with Radar,67,19,31,59,176,0,8,125,12,145,67,27,156,71,321,132,2,134,455
02/22/2023,AFW,TX,ASW,CE,Towers with Radar,66,19,24,10,119,0,1,24,2,27,66,20,48,12,146,30,0,30,176
02/23/2023,AFW,TX,ASW,CE,Towers with Radar,56,31,52,29,168,0,31,127,14,172,56,62,179,43,340,84,6,90,430
02/24/2023,AFW,TX,ASW,CE,Towers with Radar,50,17,45,42,154,0,0,21,2,23,50,17,66,44,177,120,10,130,307
02/25/2023,AFW,TX,ASW,CE,Towers with Radar,39,6,23,17,85,0,0,0,0,0,39,6,23,17,85,0,0,0,85
02/26/2023,AFW,TX,ASW,CE,Towers with Radar,29,12,19,9,69,0,0,0,0,0,29,12,19,9,69,0,0,0,69
02/27/2023,AFW,TX,ASW,CE,Towers with Radar,40,23,51,45,159,0,12,136,5,153,40,35,187,50,312,156,6,162,474
02/28/2023,AFW,TX,ASW,CE,Towers with Radar,66,29,47,27,169,0,28,140,1,169,66,57,187,28,338,184,2,186,524
03/01/2023,AFW,TX,ASW,CE,Towers with Radar,59,36,44,3,142,0,15,73,1,89,59,51,117,4,231,150,0,150,381
03/02/2023,AFW,TX,ASW,CE,Towers with Radar,57,14,20,8,99,0,9,16,1,26,57,23,36,9,125,70,0,70,195
03/03/2023,AFW,TX,ASW,CE,Towers with Radar,54,28,28,54,164,0,15,70,7,92,54,43,98,61,256,82,18,100,356
03/04/2023,AFW,TX,ASW,CE,Towers with Radar,35,10,14,24,83,1,0,99,11,111,36,10,113,35,194,64,14,78,272
03/05/2023,AFW,TX,ASW,CE,Towers with Radar,31,18,19,17,85,0,0,27,5,32,31,18,46,22,117,6,0,6,123
03/06/2023,AFW,TX,ASW,CE,Towers with Radar,42,20,46,48,156,0,26,179,3,208,42,46,225,51,364,112,20,132,496
03/07/2023,AFW,TX,ASW,CE,Towers with Radar,65,48,28,54,195,0,12,55,0,67,65,60,83,54,262,124,0,124,386
03/08/2023,AFW,TX,ASW,CE,Towers with Radar,67,30,28,1,126,0,0,0,0,0,67,30,28,1,126,14,0,14,140
03/09/2023,AFW,TX,ASW,CE,Towers with Radar,64,17,21,0,102,0,0,0,0,0,64,17,21,0,102,0,0,0,102
03/10/2023,AFW,TX,ASW,CE,Towers with Radar,49,56,37,44,186,0,16,124,9,149,49,72,161,53,335,172,6,178,513
03/11/2023,AFW,TX,ASW,CE,Towers with Radar,34,18,18,18,88,0,0,16,1,17,34,18,34,19,105,42,4,46,151
03/12/2023,AFW,TX,ASW,CE,Towers with Radar,34,10,17,11,72,0,2,24,8,34,34,12,41,19,106,72,2,74,180
03/13/2023,AFW,TX,ASW,CE,Towers with Radar,40,22,36,12,110,0,16,104,1,121,40,38,140,13,231,94,0,94,325
03/14/2023,AFW,TX,ASW,CE,Towers with Radar,62,26,39,20,147,0,26,128,3,157,62,52,167,23,304,132,0,132,436
03/15/2023,AFW,TX,ASW,CE,Towers with Radar,61,41,52,28,182,0,29,79,5,113,61,70,131,33,295,112,6,118,413
03/16/2023,AFW,TX,ASW,CE,Towers with Radar,63,23,25,3,114,0,8,0,0,8,63,31,25,3,122,8,0,8,130
03/17/2023,AFW,TX,ASW,CE,Towers with Radar,52,30,31,21,134,0,22,70,8,100,52,52,101,29,234,86,12,98,332
03/18/2023,AFW,TX,ASW,CE,Towers with Radar,33,13,9,6,61,0,2,40,4,46,33,15,49,10,107,108,6,114,221
03/19/2023,AFW,TX,ASW,CE,Towers with Radar,32,10,15,5,62,0,0,31,0,31,32,10,46,5,93,60,0,60,153
03/20/2023,AFW,TX,ASW,CE,Towers with Radar,37,23,22,17,99,0,17,96,1,114,37,40,118,18,213,188,2,190,403
03/21/2023,AFW,TX,ASW,CE,Towers with Radar,69,20,47,18,154,0,4,19,0,23,69,24,66,18,177,48,0,48,225
03/22/2023,AFW,TX,ASW,CE,Towers with Radar,62,51,50,11,174,0,12,50,2,64,62,63,100,13,238,98,10,108,346
03/23/2023,AFW,TX,ASW,CE,Towers with Radar,65,34,35,55,189,0,16,26,3,45,65,50,61,58,234,99,4,103,337
03/24/2023,AFW,TX,ASW,CE,Towers with Radar,48,23,21,24,116,0,2,29,5,36,48,25,50,29,152,68,22,90,242
03/25/2023,AFW,TX,ASW,CE,Towers with Radar,28,12,9,42,91,0,0,65,9,74,28,12,74,51,165,72,0,72,237
03/26/2023,AFW,TX,ASW,CE,Towers with Radar,36,10,14,29,89,0,2,37,9,48,36,12,51,38,137,148,16,164,301
03/27/2023,AFW,TX,ASW,CE,Towers with Radar,37,17,33,49,136,0,10,132,0,142,37,27,165,49,278,143,10,153,431
03/28/2023,AFW,TX,ASW,CE,Towers with Radar,59,21,24,33,137,0,21,130,6,157,59,42,154,39,294,216,16,232,526
03/29/2023,AFW,TX,ASW,CE,Towers with Radar,70,30,42,28,170,0,27,141,2,170,70,57,183,30,340,264,4,268,608
03/30/2023,AFW,TX,ASW,CE,Towers with Radar,60,23,22,21,126,0,4,6,0,10,60,27,28,21,136,66,0,66,202
03/31/2023,AFW,TX,ASW,CE,Towers with Radar,53,36,40,10,139,0,1,10,3,14,53,37,50,13,153,22,0,22,175
04/01/2023,AFW,TX,ASW,CE,Towers with Radar,26,16,36,6,84,0,4,119,1,124,26,20,155,7,208,132,0,132,340
04/02/2023,AFW,TX,ASW,CE,Towers with Radar,16,17,35,30,98,0,0,24,1,25,16,17,59,31,123,48,6,54,177
04/03/2023,AFW,TX,ASW,CE,Towers with Radar,42,16,33,41,132,0,10,75,0,85,42,26,108,41,217,126,8,134,351
04/04/2023,AFW,TX,ASW,CE,Towers with Radar,63,35,43,49,190,0,4,53,4,61,63,39,96,53,251,60,2,62,313
04/05/2023,AFW,TX,ASW,CE,Towers with Radar,64,30,53,10,157,0,44,113,3,160,64,74,166,13,317,214,10,224,541
04/06/2023,AFW,TX,ASW,CE,Towers with Radar,64,29,44,26,163,0,33,99,0,132,64,62,143,26,295,170,2,172,467
04/07/2023,AFW,TX,ASW,CE,Towers with Radar,50,21,16,29,116,0,27,96,1,124,50,48,112,30,240,230,10,240,480
04/08/2023,AFW,TX,ASW,CE,Towers with Radar,31,8,22,1,62,0,2,57,0,59,31,10,79,1,121,128,0,128,249
04/09/2023,AFW,TX,ASW,CE,Towers with Radar,33,14,10,8,65,0,3,17,0,20,33,17,27,8,85,84,0,84,169
04/10/2023,AFW,TX,ASW,CE,Towers with Radar,41,19,40,51,151,0,19,147,1,167,41,38,187,52,318,147,0,147,465
04/11/2023,AFW,TX,ASW,CE,Towers with Radar,62,35,58,43,198,0,26,158,1,185,62,61,216,44,383,212,2,214,597
04/12/2023,AFW,TX,ASW,CE,Towers with Radar,61,22,53,33,169,0,44,157,5,206,61,66,210,38,375,242,6,248,623
04/13/2023,AFW,TX,ASW,CE,Towers with Radar,61,30,53,18,162,0,19,147,0,166,61,49,200,18,328,120,2,122,450
04/14/2023,AFW,TX,ASW,CE,Towers with Radar,48,27,31,9,115,0,13,61,4,78,48,40,92,13,193,66,6,72,265
04/15/2023,AFW,TX,ASW,CE,Towers with Radar,36,14,19,12,81,0,0,34,5,39,36,14,53,17,120,22,12,34,154
04/16/2023,AFW,TX,ASW,CE,Towers with Radar,37,17,23,22,99,0,1,36,0,37,37,18,59,22,136,74,6,80,216
04/17/2023,AFW,TX,ASW,CE,Towers with Radar,45,33,35,42,155,0,22,115,0,137,45,55,150,42,292,108,6,114,406
04/18/2023,AFW,TX,ASW,CE,Towers with Radar,62,30,55,70,217,0,23,66,1,90,62,53,121,71,307,86,10,96,403
04/19/2023,AFW,TX,ASW,CE,Towers with Radar,58,45,44,28,175,0,17,28,3,48,58,62,72,31,223,74,12,86,309
04/20/2023,AFW,TX,ASW,CE,Towers with Radar,62,30,30,17,139,0,20,24,2,46,62,50,54,19,185,74,0,74,259
04/21/2023,AFW,TX,ASW,CE,Towers with Radar,49,27,40,18,134,0,20,95,7,122,49,47,135,25,256,102,16,118,374
04/22/2023,AFW,TX,ASW,CE,Towers with Radar,30,11,27,0,68,0,1,72,3,76,30,12,99,3,144,68,2,70,214
04/23/2023,AFW,TX,ASW,CE,Towers with Radar,35,15,12,3,65,0,2,1,0,3,35,17,13,3,68,20,0,20,88
04/24/2023,AFW,TX,ASW,CE,Towers with Radar,44,25,40,35,144,0,13,113,2,128,44,38,153,37,272,136,0,136,408
04/25/2023,AFW,TX,ASW,CE,Towers with Radar,62,31,48,60,201,0,9,42,0,51,62,40,90,60,252,118,4,122,374
04/26/2023,AFW,TX,ASW,CE,Towers with Radar,61,24,22,0,107,0,0,2,0,2,61,24,24,0,109,0,0,0,109
04/27/2023,AFW,TX,ASW,CE,Towers with Radar,62,41,65,33,201,0,13,81,2,96,62,54,146,35,297,111,0,111,408
04/28/2023,AFW,TX,ASW,CE,Towers with Radar,50,21,41,16,128,0,22,65,1,88,50,43,106,17,216,30,0,30,246
04/29/2023,AFW,TX,ASW,CE,Towers with Radar,32,8,13,2,55,0,0,49,2,51,32,8,62,4,106,62,2,64,170
04/30/2023,AFW,TX,ASW,CE,Towers with Radar,35,13,19,6,73,0,2,34,2,38,35,15,53,8,111,60,0,60,171
05/01/2023,AFW,TX,ASW,CE,Towers with Radar,35,21,30,16,102,0,11,184,8,203,35,32,214,24,305,158,16,174,479
05/02/2023,AFW,TX,ASW,CE,Towers with Radar,63,28,53,40,184,0,14,159,4,177,63,42,212,44,361,168,4,172,533
05/03/2023,AFW,TX,ASW,CE,Towers with Radar,58,30,50,21,159,0,20,126,3,149,58,50,176,24,308,230,4,234,542
05/04/2023,AFW,TX,ASW,CE,Towers with Radar,62,28,64,47,201,0,17,92,1,110,62,45,156,48,311,84,10,94,405
05/05/2023,AFW,TX,ASW,CE,Towers with Radar,51,27,48,44,170,0,15,27,1,43,51,42,75,45,213,20,2,22,235
05/06/2023,AFW,TX,ASW,CE,Towers with Radar,33,12,20,13,78,0,0,8,7,15,33,12,28,20,93,0,0,0,93
05/07/2023,AFW,TX,ASW,CE,Towers with Radar,34,13,22,16,85,0,0,15,0,15,34,13,37,16,100,30,0,30,130
05/08/2023,AFW,TX,ASW,CE,Towers with Radar,39,24,36,40,139,0,11,129,0,140,39,35,165,40,279,90,2,92,371
05/09/2023,AFW,TX,ASW,CE,Towers with Radar,62,37,62,39,200,0,24,61,3,88,62,61,123,42,288,48,16,64,352
05/10/2023,AFW,TX,ASW,CE,Towers with Radar,56,32,56,8,152,0,14,34,1,49,56,46,90,9,201,96,0,96,297
05/11/2023,AFW,TX,ASW,CE,Towers with Radar,55,31,43,16,145,0,9,18,2,29,55,40,61,18,174,4,14,18,192
05/12/2023,AFW,TX,ASW,CE,Towers with Radar,49,27,43,14,133,0,2,24,1,27,49,29,67,15,160,104,8,112,272
05/13/2023,AFW,TX,ASW,CE,Towers with Radar,30,9,27,10,76,0,0,9,0,9,30,9,36,10,85,16,0,16,101
05/14/2023,AFW,TX,ASW,CE,Towers with Radar,30,13,10,5,58,0,0,0,0,0,30,13,10,5,58,0,0,0,58
05/15/2023,AFW,TX,ASW,CE,Towers with Radar,35,19,44,39,137,0,8,54,2,64,35,27,98,41,201,46,16,62,263
05/16/2023,AFW,TX,ASW,CE,Towers with Radar,58,35,47,64,204,0,28,98,4,130,58,63,145,68,334,176,14,190,524
05/17/2023,AFW,TX,ASW,CE,Towers with Radar,57,31,52,21,161,0,42,109,6,157,57,73,161,27,318,180,16,196,514
05/18/2023,AFW,TX,ASW,CE,Towers with Radar,54,32,49,53,188,0,21,112,5,138,54,53,161,58,326,174,4,178,504
05/19/2023,AFW,TX,ASW,CE,Towers with Radar,44,31,33,93,201,0,15,61,1,77,44,46,94,94,278,106,14,120,398
05/20/2023,AFW,TX,ASW,CE,Towers with Radar,29,10,29,24,92,0,1,50,13,64,29,11,79,37,156,48,30,78,234
05/21/2023,AFW,TX,ASW,CE,Towers with Radar,37,17,12,19,85,0,2,27,2,31,37,19,39,21,116,56,0,56,172
05/22/2023,AFW,TX,ASW,CE,Towers with Radar,37,29,30,39,135,0,18,76,0,94,37,47,106,39,229,146,16,162,391
05/23/2023,AFW,TX,ASW,CE,Towers with Radar,64,30,41,13,148,0,23,93,2,118,64,53,134,15,266,66,32,98,364
05/24/2023,AFW,TX,ASW,CE,Towers with Radar,57,32,59,22,170,0,23,60,1,84,57,55,119,23,254,98,0,98,352
05/25/2023,AFW,TX,ASW,CE,Towers with Radar,56,30,34,26,146,0,28,46,3,77,56,58,80,29,223,90,0,90,313
05/26/2023,AFW,TX,ASW,CE,Towers with Radar,57,23,28,1,109,0,12,51,4,67,57,35,79,5,176,112,0,112,288
05/27/2023,AFW,TX,ASW,CE,Towers with Radar,32,14,19,2,67,0,0,28,5,33,32,14,47,7,100,20,2,22,122
05/28/2023,AFW,TX,ASW,CE,Towers with Radar,31,11,13,0,55,0,0,18,3,21,31,11,31,3,76,28,0,28,104
05/29/2023,AFW,TX,ASW,CE,Towers with Radar,31,14,5,0,50,0,0,17,1,18,31,14,22,1,68,18,0,18,86
05/30/2023,AFW,TX,ASW,CE,Towers with Radar,38,14,29,0,81,0,0,76,0,76,38,14,105,0,157,128,0,128,285
05/31/2023,AFW,TX,ASW,CE,Towers with Radar,63,24,44,10,141,0,19,180,3,202,63,43,224,13,343,153,0,153,496
06/01/2023,AFW,TX,ASW,CE,Towers with Radar,58,28,37,34,157,0,29,150,6,185,58,57,187,40,342,78,14,92,434
06/02/2023,AFW,TX,ASW,CE,Towers with Radar,54,24,31,45,154,0,5,106,13,124,54,29,137,58,278,188,4,192,470
06/03/2023,AFW,TX,ASW,CE,Towers with Radar,31,13,10,3,57,0,1,18,2,21,31,14,28,5,78,48,4,52,130
06/04/2023,AFW,TX,ASW,CE,Towers with Radar,35,11,16,3,65,0,0,19,0,19,35,11,35,3,84,16,0,16,100
06/05/2023,AFW,TX,ASW,CE,Towers with Radar,41,19,23,38,121,0,13,77,2,92,41,32,100,40,213,98,14,112,325
06/06/2023,AFW,TX,ASW,CE,Towers with Radar,62,27,24,7,120,0,17,91,3,111,62,44,115,10,231,94,8,102,333
06/07/2023,AFW,TX,ASW,CE,Towers with Radar,54,35,47,4,140,0,23,141,4,168,54,58,188,8,308,150,6,156,464
06/08/2023,AFW,TX,ASW,CE,Towers with Radar,57,38,23,15,133,0,19,112,0,131,57,57,135,15,264,200,8,208,472
06/09/2023,AFW,TX,ASW,CE,Towers with Radar,51,20,37,9,117,0,6,169,1,176,51,26,206,10,293,240,8,248,541
06/10/2023,AFW,TX,ASW,CE,Towers with Radar,36,9,7,2,54,0,0,30,0,30,36,9,37,2,84,26,0,26,110
06/11/2023,AFW,TX,ASW,CE,Towers with Radar,30,11,20,20,81,0,1,25,0,26,30,12,45,20,107,66,0,66,173
06/12/2023,AFW,TX,ASW,CE,Towers with Radar,36,25,20,2,83,0,2,57,0,59,36,27,77,2,142,124,0,124,266
06/13/2023,AFW,TX,ASW,CE,Towers with Radar,57,27,51,6,141,0,0,2,1,3,57,27,53,7,144,0,0,0,144
06/14/2023,AFW,TX,ASW,CE,Towers with Radar,69,25,45,4,143,0,7,44,0,51,69,32,89,4,194,166,0,166,360
06/15/2023,AFW,TX,ASW,CE,Towers with Radar,53,32,48,15,148,0,19,103,2,124,53,51,151,17,272,192,0,192,464
06/16/2023,AFW,TX,ASW,CE,Towers with Radar,51,35,44,26,156,0,19,53,0,72,51,54,97,26,228,170,4,174,402
06/17/2023,AFW,TX,ASW,CE,Towers with Radar,36,12,12,4,64,0,4,11,0,15,36,16,23,4,79,54,0,54,133
06/18/2023,AFW,TX,ASW,CE,Towers with Radar,31,14,12,3,60,0,3,21,0,24,31,17,33,3,84,70,0,70,154
06/19/2023,AFW,TX,ASW,CE,Towers with Radar,34,13,19,0,66,0,6,26,0,32,34,19,45,0,98,104,0,104,202
06/20/2023,AFW,TX,ASW,CE,Towers with Radar,59,21,44,56,180,0,5,117,3,125,59,26,161,59,305,144,8,152,457
06/21/2023,AFW,TX,ASW,CE,Towers with Radar,59,28,47,31,165,0,23,54,3,80,59,51,101,34,245,80,4,84,329
06/22/2023,AFW,TX,ASW,CE,Towers with Radar,61,36,37,16,150,0,28,116,2,146,61,64,153,18,296,184,4,188,484
06/23/2023,AFW,TX,ASW,CE,Towers with Radar,46,23,17,46,132,0,9,33,2,44,46,32,50,48,176,98,26,124,300
06/24/2023,AFW,TX,ASW,CE,Towers with Radar,35,13,14,12,74,0,0,27,3,30,35,13,41,15,104,8,12,20,124
06/25/2023,AFW,TX,ASW,CE,Towers with Radar,30,8,19,13,70,0,0,17,1,18,30,8,36,14,88,74,2,76,164
06/26/2023,AFW,TX,ASW,CE,Towers with Radar,37,21,17,0,75,0,20,107,2,129,37,41,124,2,204,176,4,180,384
06/27/2023,AFW,TX,ASW,CE,Towers with Radar,58,38,30,12,138,0,17,94,2,113,58,55,124,14,251,126,4,130,381
06/28/2023,AFW,TX,ASW,CE,Towers with Radar,64,32,46,11,153,0,24,102,5,131,64,56,148,16,284,134,4,138,422
06/29/2023,AFW,TX,ASW,CE,Towers with Radar,59,33,33,12,137,0,21,77,2,100,59,54,110,14,237,168,0,168,405
06/30/2023,AFW,TX,ASW,CE,Towers with Radar,49,33,33,16,131,0,19,65,3,87,49,52,98,19,218,28,8,36,254
07/01/2023,AFW,TX,ASW,CE,Towers with Radar,31,19,10,0,60,0,0,20,1,21,31,19,30,1,81,34,0,34,115
07/02/2023,AFW,TX,ASW,CE,Towers with Radar,30,14,4,1,49,0,0,27,1,28,30,14,31,2,77,58,4,62,139
07/03/2023,AFW,TX,ASW,CE,Towers with Radar,31,15,22,3,71,0,0,57,0,57,31,15,79,3,128,54,0,54,182
07/04/2023,AFW,TX,ASW,CE,Towers with Radar,4,3,10,1,18,0,0,30,1,31,4,3,40,2,49,110,0,110,159
07/05/2023,AFW,TX,ASW,CE,Towers with Radar,27,4,24,35,90,0,3,88,5,96,27,7,112,40,186,108,10,118,304
07/06/2023,AFW,TX,ASW,CE,Towers with Radar,64,21,29,22,136,0,18,80,0,98,64,39,109,22,234,72,2,74,308
07/07/2023,AFW,TX,ASW,CE,Towers with Radar,45,21,37,58,161,0,15,91,3,109,45,36,128,61,270,120,20,140,410
07/08/2023,AFW,TX,ASW,CE,Towers with Radar,35,2,16,13,66,0,0,39,12,51,35,2,55,25,117,72,18,90,207
07/09/2023,AFW,TX,ASW,CE,Towers with Radar,30,4,13,16,63,0,0,21,8,29,30,4,34,24,92,74,2,76,168
07/10/2023,AFW,TX,ASW,CE,Towers with Radar,38,10,34,15,97,0,11,57,7,75,38,21,91,22,172,116,6,122,294
07/11/2023,AFW,TX,ASW,CE,Towers with Radar,58,31,53,16,158,0,20,76,4,100,58,51,129,20,258,100,0,100,358
07/12/2023,AFW,TX,ASW,CE,Towers with Radar,58,29,67,23,177,0,24,96,1,121,58,53,163,24,298,140,0,140,438
07/13/2023,AFW,TX,ASW,CE,Towers with Radar,57,21,55,35,168,0,22,83,1,106,57,43,138,36,274,68,14,82,356
07/14/2023,AFW,TX,ASW,CE,Towers with Radar,43,24,22,45,134,0,17,88,5,110,43,41,110,50,244,88,2,90,334
07/15/2023,AFW,TX,ASW,CE,Towers with Radar,28,6,15,17,66,0,0,31,0,31,28,6,46,17,97,72,0,72,169
07/16/2023,AFW,TX,ASW,CE,Towers with Radar,35,2,11,10,58,0,0,17,0,17,35,2,28,10,75,46,0,46,121
07/17/2023,AFW,TX,ASW,CE,Towers with Radar,39,11,25,39,114,0,8,101,2,111,39,19,126,41,225,86,8,94,319
07/18/2023,AFW,TX,ASW,CE,Towers with Radar,61,28,50,55,194,0,20,87,2,109,61,48,137,57,303,86,8,94,397
07/19/2023,AFW,TX,ASW,CE,Towers with Radar,58,26,48,36,168,0,21,95,2,118,58,47,143,38,286,71,4,75,361
07/20/2023,AFW,TX,ASW,CE,Towers with Radar,56,26,36,45,163,0,17,112,3,132,56,43,148,48,295,236,4,240,535
07/21/2023,AFW,TX,ASW,CE,Towers with Radar,51,15,23,26,115,0,13,103,2,118,51,28,126,28,233,82,2,84,317
07/22/2023,AFW,TX,ASW,CE,Towers with Radar,30,3,13,4,50,0,1,40,0,41,30,4,53,4,91,68,2,70,161
07/23/2023,AFW,TX,ASW,CE,Towers with Radar,30,8,8,12,58,0,1,25,4,30,30,9,33,16,88,28,0,28,116
07/24/2023,AFW,TX,ASW,CE,Towers with Radar,36,10,39,16,101,0,6,98,3,107,36,16,137,19,208,122,4,126,334
07/25/2023,AFW,TX,ASW,CE,Towers with Radar,62,23,45,19,149,0,14,117,1,132,62,37,162,20,281,84,0,84,365
07/26/2023,AFW,TX,ASW,CE,Towers with Radar,62,31,53,40,186,0,24,120,2,146,62,55,173,42,332,135,4,139,471
07/27/2023,AFW,TX,ASW,CE,Towers with Radar,57,26,65,25,173,0,19,95,2,116,57,45,160,27,289,192,4,196,485
07/28/2023,AFW,TX,ASW,CE,Towers with Radar,53,15,23,14,105,0,11,79,2,92,53,26,102,16,197,62,2,64,261
07/29/2023,AFW,TX,ASW,CE,Towers with Radar,33,6,16,15,70,0,4,40,1,45,33,10,56,16,115,102,6,108,223
07/30/2023,AFW,TX,ASW,CE,Towers with Radar,28,5,16,17,66,0,0,20,3,23,28,5,36,20,89,56,4,60,149
07/31/2023,AFW,TX,ASW,CE,Towers with Radar,48,10,27,71,156,0,15,104,4,123,48,25,131,75,279,104,4,108,387
08/01/2023,AFW,TX,ASW,CE,Towers with Radar,64,23,41,25,153,0,19,125,1,145,64,42,166,26,298,126,4,130,428
08/02/2023,AFW,TX,ASW,CE,Towers with Radar,59,23,31,19,132,0,24,97,1,122,59,47,128,20,254,166,0,166,420
08/03/2023,AFW,TX,ASW,CE,Towers with Radar,64,22,39,24,149,0,36,95,5,136,64,58,134,29,285,62,6,68,353
08/04/2023,AFW,TX,ASW,CE,Towers with Radar,46,21,33,21,121,0,18,62,2,82,46,39,95,23,203,88,40,128,331
08/05/2023,AFW,TX,ASW,CE,Towers with Radar,37,3,20,19,79,0,0,41,1,42,37,3,61,20,121,72,10,82,203
08/06/2023,AFW,TX,ASW,CE,Towers with Radar,36,3,15,18,72,0,0,14,1,15,36,3,29,19,87,24,0,24,111
08/07/2023,AFW,TX,ASW,CE,Towers with Radar,36,8,46,40,130,0,17,88,1,106,36,25,134,41,236,112,2,114,350
08/08/2023,AFW,TX,ASW,CE,Towers with Radar,60,27,36,65,188,0,16,136,2,154,60,43,172,67,342,156,12,168,510
08/09/2023,AFW,TX,ASW,CE,Towers with Radar,67,22,39,40,168,0,26,31,3,60,67,48,70,43,228,12,14,26,254
08/10/2023,AFW,TX,ASW,CE,Towers with Radar,56,14,53,68,191,0,16,121,4,141,56,30,174,72,332,176,22,198,530
08/11/2023,AFW,TX,ASW,CE,Towers with Radar,46,20,34,15,115,0,7,73,5,85,46,27,107,20,200,149,38,187,387
08/12/2023,AFW,TX,ASW,CE,Towers with Radar,34,1,15,15,65,0,0,41,2,43,34,1,56,17,108,68,6,74,182
08/13/2023,AFW,TX,ASW,CE,Towers with Radar,31,8,20,24,83,0,0,30,5,35,31,8,50,29,118,128,20,148,266
08/14/2023,AFW,TX,ASW,CE,Towers with Radar,34,6,25,53,118,0,9,74,4,87,34,15,99,57,205,90,8,98,303
08/15/2023,AFW,TX,ASW,CE,Towers with Radar,68,20,51,57,196,0,28,93,1,122,68,48,144,58,318,128,18,146,464
08/16/2023,AFW,TX,ASW,CE,Towers with Radar,60,23,45,37,165,0,31,125,4,160,60,54,170,41,325,134,8,142,467
08/17/2023,AFW,TX,ASW,CE,Towers with Radar,60,27,56,21,164,0,18,91,2,111,60,45,147,23,275,137,0,137,412
08/18/2023,AFW,TX,ASW,CE,Towers with Radar,48,16,47,27,138,0,10,95,2,107,48,26,142,29,245,83,8,91,336
08/19/2023,AFW,TX,ASW,CE,Towers with Radar,33,1,7,27,68,0,1,12,2,15,33,2,19,29,83,68,0,68,151
08/20/2023,AFW,TX,ASW,CE,Towers with Radar,37,3,14,7,61,0,1,18,3,22,37,4,32,10,83,32,0,32,115
08/21/2023,AFW,TX,ASW,CE,Towers with Radar,39,8,28,42,117,0,9,64,2,75,39,17,92,44,192,112,8,120,312
08/22/2023,AFW,TX,ASW,CE,Towers with Radar,57,22,43,44,166,0,16,60,5,81,57,38,103,49,247,88,8,96,343
08/23/2023,AFW,TX,ASW,CE,Towers with Radar,57,38,37,53,185,0,27,133,1,161,57,65,170,54,346,148,0,148,494
08/24/2023,AFW,TX,ASW,CE,Towers with Radar,60,25,48,16,149,0,22,133,5,160,60,47,181,21,309,124,0,124,433
08/25/2023,AFW,TX,ASW,CE,Towers with Radar,45,14,29,63,151,0,17,112,9,138,45,31,141,72,289,156,20,176,465
08/26/2023,AFW,TX,ASW,CE,Towers with Radar,34,3,23,10,70,0,2,67,2,71,34,5,90,12,141,74,4,78,219
08/27/2023,AFW,TX,ASW,CE,Towers with Radar,29,7,15,45,96,0,0,32,5,37,29,7,47,50,133,100,12,112,245
08/28/2023,AFW,TX,ASW,CE,Towers with Radar,34,15,27,37,113,0,10,82,4,96,34,25,109,41,209,58,2,60,269
08/29/2023,AFW,TX,ASW,CE,Towers with Radar,60,24,50,54,188,0,17,122,5,144,60,41,172,59,332,106,12,118,450
08/30/2023,AFW,TX,ASW,CE,Towers with Radar,56,28,45,43,172,0,29,139,8,176,56,57,184,51,348,176,18,194,542
08/31/2023,AFW,TX,ASW,CE,Towers with Radar,58,23,39,29,149,0,22,123,4,149,58,45,162,33,298,137,0,137,435
01/01/2020,AFW,TX,ASW,CE,Towers with Radar,1,0,8,0,9,0,0,10,0,10,1,0,18,0,19,4,0,4,23
01/02/2020,AFW,TX,ASW,CE,Towers with Radar,12,5,14,1,32,0,0,107,4,111,12,5,121,5,143,142,26,168,311
01/03/2020,AFW,TX,ASW,CE,Towers with Radar,40,14,26,7,87,0,0,84,4,88,40,14,110,11,175,96,24,120,295
01/04/2020,AFW,TX,ASW,CE,Towers with Radar,18,1,5,5,29,0,1,81,0,82,18,2,86,5,111,82,0,82,193
01/05/2020,AFW,TX,ASW,CE,Towers with Radar,11,5,15,11,42,0,0,68,0,68,11,5,83,11,110,86,0,86,196
01/06/2020,AFW,TX,ASW,CE,Towers with Radar,24,4,36,19,83,0,0,100,0,100,24,4,136,19,183,124,10,134,317
01/07/2020,AFW,TX,ASW,CE,Towers with Radar,53,13,33,34,133,0,0,173,0,173,53,13,206,34,306,226,0,226,532
01/08/2020,AFW,TX,ASW,CE,Towers with Radar,39,15,56,16,126,0,0,140,2,142,39,15,196,18,268,138,2,140,408
01/09/2020,AFW,TX,ASW,CE,Towers with Radar,39,15,55,21,130,0,0,30,1,31,39,15,85,22,161,48,6,54,215
01/10/2020,AFW,TX,ASW,CE,Towers with Radar,26,7,30,6,69,0,0,8,0,8,26,7,38,6,77,6,0,6,83
01/11/2020,AFW,TX,ASW,CE,Towers with Radar,12,0,6,6,24,0,0,21,1,22,12,0,27,7,46,60,8,68,114
01/12/2020,AFW,TX,ASW,CE,Towers with Radar,14,1,14,13,42,0,0,46,9,55,14,1,60,22,97,94,72,166,263
01/13/2020,AFW,TX,ASW,CE,Towers with Radar,15,7,14,40,76,0,0,4,0,4,15,7,18,40,80,4,0,4,84
01/14/2020,AFW,TX,ASW,CE,Towers with Radar,52,14,68,73,207,0,0,91,5,96,52,14,159,78,303,78,22,100,403
01/15/2020,AFW,TX,ASW,CE,Towers with Radar,38,18,66,72,194,0,0,55,3,58,38,18,121,75,252,50,20,70,322
01/16/2020,AFW,TX,ASW,CE,Towers with Radar,32,18,18,2,70,0,0,0,0,0,32,18,18,2,70,0,0,0,70
01/17/2020,AFW,TX,ASW,CE,Towers with Radar,31,11,16,11,69,0,0,0,0,0,31,11,16,11,69,0,0,0,69
01/18/2020,AFW,TX,ASW,CE,Towers with Radar,8,1,19,23,51,0,0,109,16,125,8,1,128,39,176,96,18,114,290
01/19/2020,AFW,TX,ASW,CE,Towers with Radar,9,4,18,2,33,0,0,57,1,58,9,4,75,3,91,100,0,100,191
01/20/2020,AFW,TX,ASW,CE,Towers with Radar,19,9,30,1,59,0,1,56,0,57,19,10,86,1,116,68,0,68,184
01/21/2020,AFW,TX,ASW,CE,Towers with Radar,42,16,21,64,143,0,0,139,11,150,42,16,160,75,293,174,46,220,513
01/22/2020,AFW,TX,ASW,CE,Towers with Radar,39,12,15,3,69,0,0,0,0,0,39,12,15,3,69,0,0,0,69
01/23/2020,AFW,TX,ASW,CE,Towers with Radar,34,15,51,57,157,0,0,124,7,131,34,15,175,64,288,53,20,73,361
01/24/2020,AFW,TX,ASW,CE,Towers with Radar,30,14,83,36,163,0,1,217,7,225,30,15,300,43,388,224,34,258,646
01/25/2020,AFW,TX,ASW,CE,Towers with Radar,11,2,19,33,65,0,3,156,8,167,11,5,175,41,232,150,16,166,398
01/26/2020,AFW,TX,ASW,CE,Towers with Radar,9,3,17,23,52,0,0,19,0,19,9,3,36,23,71,108,0,108,179
01/27/2020,AFW,TX,ASW,CE,Towers with Radar,18,7,20,10,55,0,0,76,4,80,18,7,96,14,135,150,0,150,285
01/28/2020,AFW,TX,ASW,CE,Towers with Radar,45,15,41,16,117,0,0,5,1,6,45,15,46,17,123,22,0,22,145
01/29/2020,AFW,TX,ASW,CE,Towers with Radar,36,22,78,35,171,0,0,24,1,25,36,22,102,36,196,74,4,78,274
01/30/2020,AFW,TX,ASW,CE,Towers with Radar,39,19,47,47,152,0,0,11,0,11,39,19,58,47,163,46,0,46,209
01/31/2020,AFW,TX,ASW,CE,Towers with Radar,34,13,64,52,163,0,3,167,3,173,34,16,231,55,336,210,12,222,558
02/01/2020,AFW,TX,ASW,CE,Towers with Radar,14,3,15,13,45,0,0,134,6,140,14,3,149,19,185,300,2,302,487
02/02/2020,AFW,TX,ASW,CE,Towers with Radar,12,7,6,2,27,0,0,68,2,70,12,7,74,4,97,104,0,104,201
02/03/2020,AFW,TX,ASW,CE,Towers with Radar,15,10,73,17,115,0,0,104,0,104,15,10,177,17,219,142,2,144,363
02/04/2020,AFW,TX,ASW,CE,Towers with Radar,45,17,42,0,104,0,0,2,0,2,45,17,44,0,106,0,0,0,106
02/05/2020,AFW,TX,ASW,CE,Towers with Radar,36,9,13,0,58,0,0,2,0,2,36,9,15,0,60,0,0,0,60
02/06/2020,AFW,TX,ASW,CE,Towers with Radar,43,12,80,9,144,0,0,166,10,176,43,12,246,19,320,196,0,196,516
02/07/2020,AFW,TX,ASW,CE,Towers with Radar,30,14,47,94,185,0,0,194,13,207,30,14,241,107,392,210,50,260,652
02/08/2020,AFW,TX,ASW,CE,Towers with Radar,10,0,22,67,99,0,0,147,4,151,10,0,169,71,250,116,30,146,396
02/09/2020,AFW,TX,ASW,CE,Towers with Radar,15,0,8,59,82,0,0,2,0,2,15,0,10,59,84,0,0,0,84
02/10/2020,AFW,TX,ASW,CE,Towers with Radar,18,6,33,6,63,0,0,28,0,28,18,6,61,6,91,192,0,192,283
02/11/2020,AFW,TX,ASW,CE,Towers with Radar,42,14,7,37,100,0,0,2,0,2,42,14,9,37,102,0,0,0,102
02/12/2020,AFW,TX,ASW,CE,Towers with Radar,38,15,32,39,124,0,1,24,2,27,38,16,56,41,151,150,6,156,307
02/13/2020,AFW,TX,ASW,CE,Towers with Radar,39,22,56,32,149,0,0,118,9,127,39,22,174,41,276,174,0,174,450
02/14/2020,AFW,TX,ASW,CE,Towers with Radar,30,10,48,53,141,0,0,187,7,194,30,10,235,60,335,120,32,152,487
02/15/2020,AFW,TX,ASW,CE,Towers with Radar,15,5,23,20,63,0,0,123,15,138,15,5,146,35,201,130,34,164,365
02/16/2020,AFW,TX,ASW,CE,Towers with Radar,11,7,8,4,30,0,0,48,7,55,11,7,56,11,85,106,12,118,203
02/17/2020,AFW,TX,ASW,CE,Towers with Radar,21,7,25,10,63,0,0,94,3,97,21,7,119,13,160,196,10,206,366
02/18/2020,AFW,TX,ASW,CE,Towers with Radar,41,16,18,43,118,0,0,38,4,42,41,16,56,47,160,94,0,94,254
02/19/2020,AFW,TX,ASW,CE,Towers with Radar,37,11,72,50,170,0,3,80,1,84,37,14,152,51,254,176,8,184,438
02/20/2020,AFW,TX,ASW,CE,Towers with Radar,39,14,60,68,181,0,3,106,16,125,39,17,166,84,306,110,36,146,452
02/21/2020,AFW,TX,ASW,CE,Towers with Radar,31,12,72,82,197,0,2,178,7,187,31,14,250,89,384,276,26,302,686
02/22/2020,AFW,TX,ASW,CE,Towers with Radar,15,2,25,17,59,0,0,160,3,163,15,2,185,20,222,204,12,216,438
02/23/2020,AFW,TX,ASW,CE,Towers with Radar,11,2,21,36,70,0,0,10,0,10,11,2,31,36,80,26,0,26,106
02/24/2020,AFW,TX,ASW,CE,Towers with Radar,17,5,15,50,87,0,0,46,0,46,17,5,61,50,133,52,0,52,185
02/25/2020,AFW,TX,ASW,CE,Towers with Radar,42,14,46,66,168,0,0,161,3,164,42,14,207,69,332,130,14,144,476
02/26/2020,AFW,TX,ASW,CE,Towers with Radar,40,17,52,22,131,0,2,93,11,106,40,19,145,33,237,56,24,80,317
02/27/2020,AFW,TX,ASW,CE,Towers with Radar,38,12,60,59,169,0,0,220,10,230,38,12,280,69,399,242,12,254,653
02/28/2020,AFW,TX,ASW,CE,Towers with Radar,31,12,67,61,171,0,0,163,10,173,31,12,230,71,344,226,20,246,590
02/29/2020,AFW,TX,ASW,CE,Towers with Radar,13,2,26,3,44,0,0,127,4,131,13,2,153,7,175,230,0,230,405
03/01/2020,AFW,TX,ASW,CE,Towers with Radar,10,0,8,23,41,0,0,16,1,17,10,0,24,24,58,20,0,20,78
03/02/2020,AFW,TX,ASW,CE,Towers with Radar,20,3,27,20,70,0,0,130,3,133,20,3,157,23,203,134,4,138,341
03/03/2020,AFW,TX,ASW,CE,Towers with Radar,42,16,45,22,125,0,0,155,0,155,42,16,200,22,280,216,0,216,496
03/04/2020,AFW,TX,ASW,CE,Towers with Radar,42,16,14,5,77,0,0,4,1,5,42,16,18,6,82,0,0,0,82
03/05/2020,AFW,TX,ASW,CE,Towers with Radar,40,20,44,16,120,0,1,224,6,231,40,21,268,22,351,352,8,360,711
03/06/2020,AFW,TX,ASW,CE,Towers with Radar,29,11,44,34,118,0,0,208,7,215,29,11,252,41,333,272,13,285,618
03/07/2020,AFW,TX,ASW,CE,Towers with Radar,12,4,26,17,59,0,0,129,3,132,12,4,155,20,191,132,6,138,329
03/08/2020,AFW,TX,ASW,CE,Towers with Radar,12,2,6,32,52,0,0,14,0,14,12,2,20,32,66,24,0,24,90
03/09/2020,AFW,TX,ASW,CE,Towers with Radar,19,9,14,36,78,0,0,40,0,40,19,9,54,36,118,68,0,68,186
03/10/2020,AFW,TX,ASW,CE,Towers with Radar,43,15,59,27,144,0,0,149,0,149,43,15,208,27,293,158,6,164,457
03/11/2020,AFW,TX,ASW,CE,Towers with Radar,36,23,47,29,135,0,0,94,3,97,36,23,141,32,232,108,18,126,358
03/12/2020,AFW,TX,ASW,CE,Towers with Radar,43,16,38,10,107,0,0,71,7,78,43,16,109,17,185,72,18,90,275
03/13/2020,AFW,TX,ASW,CE,Towers with Radar,35,14,9,11,69,0,0,0,0,0,35,14,9,11,69,0,0,0,69
03/14/2020,AFW,TX,ASW,CE,Towers with Radar,18,0,8,16,42,0,0,0,0,0,18,0,8,16,42,0,0,0,42
03/15/2020,AFW,TX,ASW,CE,Towers with Radar,12,5,8,7,32,0,0,0,0,0,12,5,8,7,32,0,0,0,32
03/16/2020,AFW,TX,ASW,CE,Towers with Radar,22,8,37,1,68,0,0,9,0,9,22,8,46,1,77,12,0,12,89
03/17/2020,AFW,TX,ASW,CE,Towers with Radar,48,14,10,0,72,0,0,0,0,0,48,14,10,0,72,0,0,0,72
03/18/2020,AFW,TX,ASW,CE,Towers with Radar,43,14,32,9,98,0,0,33,1,34,43,14,65,10,132,82,0,82,214
03/19/2020,AFW,TX,ASW,CE,Towers with Radar,41,12,14,2,69,0,0,19,0,19,41,12,33,2,88,30,0,30,118
03/20/2020,AFW,TX,ASW,CE,Towers with Radar,34,11,31,2,78,0,0,94,4,98,34,11,125,6,176,184,4,188,364
03/21/2020,AFW,TX,ASW,CE,Towers with Radar,13,0,10,0,23,0,0,36,6,42,13,0,46,6,65,68,0,68,133
03/22/2020,AFW,TX,ASW,CE,Towers with Radar,18,3,11,1,33,0,0,2,0,2,18,3,13,1,35,0,0,0,35
03/23/2020,AFW,TX,ASW,CE,Towers with Radar,23,7,25,4,59,0,0,7,0,7,23,7,32,4,66,16,0,16,82
03/24/2020,AFW,TX,ASW,CE,Towers with Radar,47,14,13,0,74,0,1,79,3,83,47,15,92,3,157,44,0,44,201
03/25/2020,AFW,TX,ASW,CE,Towers with Radar,43,14,17,0,74,0,0,54,6,60,43,14,71,6,134,96,0,96,230
03/26/2020,AFW,TX,ASW,CE,Towers with Radar,46,11,28,2,87,0,1,79,3,83,46,12,107,5,170,118,2,120,290
03/27/2020,AFW,TX,ASW,CE,Towers with Radar,39,8,25,8,80,0,0,34,2,36,39,8,59,10,116,34,0,34,150
03/28/2020,AFW,TX,ASW,CE,Towers with Radar,13,2,4,1,20,0,0,16,6,22,13,2,20,7,42,28,8,36,78
03/29/2020,AFW,TX,ASW,CE,Towers with Radar,17,4,6,0,27,0,1,42,0,43,17,5,48,0,70,74,0,74,144
03/30/2020,AFW,TX,ASW,CE,Towers with Radar,20,4,13,0,37,0,0,10,0,10,20,4,23,0,47,12,0,12,59
03/31/2020,AFW,TX,ASW,CE,Towers with Radar,42,10,24,8,84,0,0,58,7,65,42,10,82,15,149,200,0,200,349
04/01/2020,AFW,TX,ASW,CE,Towers with Radar,38,14,19,4,75,0,1,75,3,79,38,15,94,7,154,136,0,136,290
04/02/2020,AFW,TX,ASW,CE,Towers with Radar,37,11,19,6,73,0,0,20,0,20,37,11,39,6,93,62,0,62,155
04/03/2020,AFW,TX,ASW,CE,Towers with Radar,29,8,18,3,58,0,0,0,0,0,29,8,18,3,58,0,0,0,58
04/04/2020,AFW,TX,ASW,CE,Towers with Radar,17,3,9,7,36,0,0,0,0,0,17,3,9,7,36,0,0,0,36
04/05/2020,AFW,TX,ASW,CE,Towers with Radar,14,4,7,0,25,0,0,4,0,4,14,4,11,0,29,26,0,26,55
04/06/2020,AFW,TX,ASW,CE,Towers with Radar,20,13,39,4,76,0,0,26,0,26,20,13,65,4,102,64,0,64,166
04/07/2020,AFW,TX,ASW,CE,Towers with Radar,52,12,25,8,97,0,0,83,7,90,52,12,108,15,187,242,8,250,437
04/08/2020,AFW,TX,ASW,CE,Towers with Radar,40,12,18,12,82,0,0,52,7,59,40,12,70,19,141,126,0,126,267
04/09/2020,AFW,TX,ASW,CE,Towers with Radar,39,12,20,21,92,0,0,44,3,47,39,12,64,24,139,110,8,118,257
04/10/2020,AFW,TX,ASW,CE,Towers with Radar,33,5,22,15,75,0,1,88,6,95,33,6,110,21,170,342,2,344,514
04/11/2020,AFW,TX,ASW,CE,Towers with Radar,19,2,4,0,25,0,0,9,1,10,19,2,13,1,35,6,0,6,41
04/12/2020,AFW,TX,ASW,CE,Towers with Radar,14,0,4,0,18,0,0,9,0,9,14,0,13,0,27,18,0,18,45
04/13/2020,AFW,TX,ASW,CE,Towers with Radar,22,11,24,12,69,0,0,58,5,63,22,11,82,17,132,154,8,162,294
04/14/2020,AFW,TX,ASW,CE,Towers with Radar,40,15,27,0,82,2,0,56,5,63,42,15,83,5,145,164,0,164,309
04/15/2020,AFW,TX,ASW,CE,Towers with Radar,39,9,18,4,70,0,0,68,3,71,39,9,86,7,141,178,0,178,319
04/16/2020,AFW,TX,ASW,CE,Towers with Radar,38,8,21,16,83,0,0,73,0,73,38,8,94,16,156,40,2,42,198
04/17/2020,AFW,TX,ASW,CE,Towers with Radar,31,5,16,15,67,0,0,31,1,32,31,5,47,16,99,54,6,60,159
04/18/2020,AFW,TX,ASW,CE,Towers with Radar,14,2,14,4,34,0,0,30,0,30,14,2,44,4,64,62,0,62,126
04/19/2020,AFW,TX,ASW,CE,Towers with Radar,16,3,10,0,29,0,1,16,0,17,16,4,26,0,46,54,0,54,100
04/20/2020,AFW,TX,ASW,CE,Towers with Radar,25,2,23,20,70,0,0,49,1,50,25,2,72,21,120,122,0,122,242
04/21/2020,AFW,TX,ASW,CE,Towers with Radar,38,10,26,23,97,0,2,64,3,69,38,12,90,26,166,164,2,166,332
04/22/2020,AFW,TX,ASW,CE,Towers with Radar,40,9,4,24,77,0,0,3,4,7,40,9,7,28,84,6,2,8,92
04/23/2020,AFW,TX,ASW,CE,Towers with Radar,40,12,33,19,104,0,0,90,3,93,40,12,123,22,197,126,8,134,331
04/24/2020,AFW,TX,ASW,CE,Towers with Radar,30,5,17,31,83,0,0,65,2,67,30,5,82,33,150,100,0,100,250
04/25/2020,AFW,TX,ASW,CE,Towers with Radar,15,5,12,2,34,0,1,47,5,53,15,6,59,7,87,110,2,112,199
04/26/2020,AFW,TX,ASW,CE,Towers with Radar,13,3,12,0,28,0,0,51,0,51,13,3,63,0,79,112,0,112,191
04/27/2020,AFW,TX,ASW,CE,Towers with Radar,21,4,14,19,58,0,1,41,0,42,21,5,55,19,100,62,0,62,162
04/28/2020,AFW,TX,ASW,CE,Towers with Radar,32,5,23,8,68,0,0,45,0,45,32,5,68,8,113,32,0,32,145
04/29/2020,AFW,TX,ASW,CE,Towers with Radar,42,10,20,4,76,0,1,55,2,58,42,11,75,6,134,124,0,124,258
04/30/2020,AFW,TX,ASW,CE,Towers with Radar,42,10,19,4,75,0,2,84,0,86,42,12,103,4,161,134,0,134,295
05/01/2020,AFW,TX,ASW,CE,Towers with Radar,30,8,20,1,59,0,0,44,1,45,30,8,64,2,104,52,0,52,156
05/02/2020,AFW,TX,ASW,CE,Towers with Radar,16,2,6,1,25,0,0,22,3,25,16,2,28,4,50,40,0,40,90
05/03/2020,AFW,TX,ASW,CE,Towers with Radar,15,2,11,0,28,0,0,52,0,52,15,2,63,0,80,166,0,166,246
05/04/2020,AFW,TX,ASW,CE,Towers with Radar,20,4,18,33,75,0,0,46,0,46,20,4,64,33,121,82,0,82,203
05/05/2020,AFW,TX,ASW,CE,Towers with Radar,42,11,22,27,102,0,1,50,5,56,42,12,72,32,158,122,0,122,280
05/06/2020,AFW,TX,ASW,CE,Towers with Radar,42,15,15,31,103,0,0,119,8,127,42,15,134,39,230,184,10,194,424
05/07/2020,AFW,TX,ASW,CE,Towers with Radar,40,15,24,20,99,0,0,68,0,68,40,15,92,20,167,114,0,114,281
05/08/2020,AFW,TX,ASW,CE,Towers with Radar,35,5,12,17,69,0,0,28,4,32,35,5,40,21,101,72,6,78,179
05/09/2020,AFW,TX,ASW,CE,Towers with Radar,17,5,8,0,30,0,0,78,7,85,17,5,86,7,115,122,0,122,237
05/10/2020,AFW,TX,ASW,CE,Towers with Radar,14,4,8,2,28,0,1,31,0,32,14,5,39,2,60,92,0,92,152
05/11/2020,AFW,TX,ASW,CE,Towers with Radar,21,7,19,14,61,0,1,71,0,72,21,8,90,14,133,136,6,142,275
05/12/2020,AFW,TX,ASW,CE,Towers with Radar,45,13,16,9,83,1,2,24,5,32,46,15,40,14,115,76,10,86,201
05/13/2020,AFW,TX,ASW,CE,Towers with Radar,40,13,15,21,89,0,0,36,2,38,40,13,51,23,127,132,0,132,259
05/14/2020,AFW,TX,ASW,CE,Towers with Radar,37,13,17,19,86,0,0,51,0,51,37,13,68,19,137,112,0,112,249
05/15/2020,AFW,TX,ASW,CE,Towers with Radar,22,12,20,13,67,0,0,38,3,41,22,12,58,16,108,46,4,50,158
05/16/2020,AFW,TX,ASW,CE,Towers with Radar,17,1,12,0,30,0,0,0,0,0,17,1,12,0,30,0,0,0,30
05/17/2020,AFW,TX,ASW,CE,Towers with Radar,14,2,11,2,29,0,0,47,5,52,14,2,58,7,81,164,2,166,247
05/18/2020,AFW,TX,ASW,CE,Towers with Radar,23,6,16,12,57,0,1,92,0,93,23,7,108,12,150,114,0,114,264
05/19/2020,AFW,TX,ASW,CE,Towers with Radar,40,20,33,19,112,0,3,60,4,67,40,23,93,23,179,76,46,122,301
05/20/2020,AFW,TX,ASW,CE,Towers with Radar,39,11,32,22,104,0,1,41,0,42,39,12,73,22,146,124,0,124,270
05/21/2020,AFW,TX,ASW,CE,Towers with Radar,39,14,34,31,118,0,0,48,0,48,39,14,82,31,166,174,6,180,346
05/22/2020,AFW,TX,ASW,CE,Towers with Radar,30,6,11,23,70,0,2,47,5,54,30,8,58,28,124,92,6,98,222
05/23/2020,AFW,TX,ASW,CE,Towers with Radar,15,3,6,2,26,0,0,47,3,50,15,3,53,5,76,96,2,98,174
05/24/2020,AFW,TX,ASW,CE,Towers with Radar,16,5,5,0,26,0,1,9,0,10,16,6,14,0,36,36,0,36,72
05/25/2020,AFW,TX,ASW,CE,Towers with Radar,20,0,9,0,29,0,0,14,0,14,20,0,23,0,43,98,0,98,141
05/26/2020,AFW,TX,ASW,CE,Towers with Radar,21,9,21,22,73,0,4,35,0,39,21,13,56,22,112,96,2,98,210
05/27/2020,AFW,TX,ASW,CE,Towers with Radar,38,14,14,0,66,0,1,74,2,77,38,15,88,2,143,124,6,130,273
05/28/2020,AFW,TX,ASW,CE,Towers with Radar,45,18,24,24,111,0,3,103,3,109,45,21,127,27,220,188,4,192,412
05/29/2020,AFW,TX,ASW,CE,Towers with Radar,29,11,19,24,83,0,4,95,10,109,29,15,114,34,192,114,14,128,320
05/30/2020,AFW,TX,ASW,CE,Towers with Radar,19,2,12,10,43,0,2,45,12,59,19,4,57,22,102,102,0,102,204
05/31/2020,AFW,TX,ASW,CE,Towers with Radar,16,1,11,0,28,0,0,51,0,51,16,1,62,0,79,72,0,72,151
06/01/2020,AFW,TX,ASW,CE,Towers with Radar,25,9,14,11,59,0,0,55,1,56,25,9,69,12,115,68,0,68,183
06/02/2020,AFW,TX,ASW,CE,Towers with Radar,49,15,44,32,140,0,0,166,4,170,49,15,210,36,310,100,0,100,410
06/03/2020,AFW,TX,ASW,CE,Towers with Radar,42,13,24,23,102,0,0,242,3,245,42,13,266,26,347,222,0,222,569
06/04/2020,AFW,TX,ASW,CE,Towers with Radar,44,16,41,11,112,0,1,219,0,220,44,17,260,11,332,224,0,224,556
06/05/2020,AFW,TX,ASW,CE,Towers with Radar,35,14,25,10,84,0,0,197,5,202,35,14,222,15,286,166,4,170,456
06/06/2020,AFW,TX,ASW,CE,Towers with Radar,24,12,34,4,74,0,2,101,7,110,24,14,135,11,184,138,2,140,324
06/07/2020,AFW,TX,ASW,CE,Towers with Radar,17,3,18,6,44,0,2,35,0,37,17,5,53,6,81,120,0,120,201
06/08/2020,AFW,TX,ASW,CE,Towers with Radar,27,4,24,27,82,0,1,141,0,142,27,5,165,27,224,186,0,186,410
06/09/2020,AFW,TX,ASW,CE,Towers with Radar,45,13,20,41,119,0,0,42,1,43,45,13,62,42,162,34,0,34,196
06/10/2020,AFW,TX,ASW,CE,Towers with Radar,47,19,36,46,148,0,6,135,3,144,47,25,171,49,292,270,0,270,562
06/11/2020,AFW,TX,ASW,CE,Towers with Radar,38,16,38,29,121,0,2,130,2,134,38,18,168,31,255,178,0,178,433
06/12/2020,AFW,TX,ASW,CE,Towers with Radar,31,12,36,10,89,0,1,165,4,170,31,13,201,14,259,215,8,223,482
06/13/2020,AFW,TX,ASW,CE,Towers with Radar,20,3,11,5,39,0,0,73,2,75,20,3,84,7,114,154,0,154,268
06/14/2020,AFW,TX,ASW,CE,Towers with Radar,21,0,24,0,45,0,0,51,2,53,21,0,75,2,98,162,0,162,260
06/15/2020,AFW,TX,ASW,CE,Towers with Radar,30,7,33,8,78,0,1,147,4,152,30,8,180,12,230,210,8,218,448
06/16/2020,AFW,TX,ASW,CE,Towers with Radar,49,12,48,14,123,0,0,155,1,156,49,12,203,15,279,238,0,238,517
06/17/2020,AFW,TX,ASW,CE,Towers with Radar,43,15,43,15,116,0,0,140,5,145,43,15,183,20,261,194,0,194,455
06/18/2020,AFW,TX,ASW,CE,Towers with Radar,39,14,36,18,107,0,2,140,2,144,39,16,176,20,251,160,0,160,411
06/19/2020,AFW,TX,ASW,CE,Towers with Radar,29,10,37,10,86,0,0,57,6,63,29,10,94,16,149,188,8,196,345
06/20/2020,AFW,TX,ASW,CE,Towers with Radar,27,5,26,4,62,0,0,42,5,47,27,5,68,9,109,88,6,94,203
06/21/2020,AFW,TX,ASW,CE,Towers with Radar,24,1,6,1,32,0,0,28,0,28,24,1,34,1,60,24,0,24,84
06/22/2020,AFW,TX,ASW,CE,Towers with Radar,30,10,20,16,76,0,1,92,0,93,30,11,112,16,169,166,0,166,335
06/23/2020,AFW,TX,ASW,CE,Towers with Radar,46,14,12,2,74,0,0,34,0,34,46,14,46,2,108,138,0,138,246
06/24/2020,AFW,TX,ASW,CE,Towers with Radar,44,14,40,2,100,0,0,176,4,180,44,14,216,6,280,282,0,282,562
06/25/2020,AFW,TX,ASW,CE,Towers with Radar,44,14,51,11,120,0,0,207,5,212,44,14,258,16,332,330,6,336,668
06/26/2020,AFW,TX,ASW,CE,Towers with Radar,41,11,40,11,103,0,0,114,6,120,41,11,154,17,223,191,0,191,414
06/27/2020,AFW,TX,ASW,CE,Towers with Radar,26,10,19,27,82,0,0,32,8,40,26,10,51,35,122,80,22,102,224
06/28/2020,AFW,TX,ASW,CE,Towers with Radar,21,1,14,14,50,0,0,5,0,5,21,1,19,14,55,28,0,28,83
06/29/2020,AFW,TX,ASW,CE,Towers with Radar,32,7,41,7,87,0,1,33,4,38,32,8,74,11,125,66,0,66,191
06/30/2020,AFW,TX,ASW,CE,Towers with Radar,49,13,41,7,110,0,1,78,4,83,49,14,119,11,193,192,2,194,387
07/01/2020,AFW,TX,ASW,CE,Towers with Radar,50,19,49,20,138,0,4,87,7,98,50,23,136,27,236,180,16,196,432
07/02/2020,AFW,TX,ASW,CE,Towers with Radar,44,14,34,10,102,0,0,61,3,64,44,14,95,13,166,144,2,146,312
07/03/2020,AFW,TX,ASW,CE,Towers with Radar,29,11,20,0,60,0,2,122,6,130,29,13,142,6,190,268,6,274,464
07/04/2020,AFW,TX,ASW,CE,Towers with Radar,4,2,10,0,16,0,1,29,10,40,4,3,39,10,56,58,4,62,118
07/05/2020,AFW,TX,ASW,CE,Towers with Radar,22,5,9,0,36,0,0,14,1,15,22,5,23,1,51,16,0,16,67
07/06/2020,AFW,TX,ASW,CE,Towers with Radar,33,10,26,0,69,0,0,13,1,14,33,10,39,1,83,18,0,18,101
07/07/2020,AFW,TX,ASW,CE,Towers with Radar,51,11,32,0,94,0,0,21,2,23,51,11,53,2,117,78,2,80,197
07/08/2020,AFW,TX,ASW,CE,Towers with Radar,49,19,40,6,114,0,6,151,6,163,49,25,191,12,277,204,2,206,483
07/09/2020,AFW,TX,ASW,CE,Towers with Radar,47,18,44,16,125,0,4,142,6,152,47,22,186,22,277,368,6,374,651
07/10/2020,AFW,TX,ASW,CE,Towers with Radar,40,9,33,1,83,0,4,126,2,132,40,13,159,3,215,146,0,146,361
07/11/2020,AFW,TX,ASW,CE,Towers with Radar,24,1,13,0,38,0,0,74,0,74,24,1,87,0,112,104,0,104,216
07/12/2020,AFW,TX,ASW,CE,Towers with Radar,28,2,8,2,40,0,0,22,0,22,28,2,30,2,62,80,0,80,142
07/13/2020,AFW,TX,ASW,CE,Towers with Radar,29,6,36,16,87,0,0,125,1,126,29,6,161,17,213,298,6,304,517
07/14/2020,AFW,TX,ASW,CE,Towers with Radar,47,17,32,8,104,0,0,99,0,99,47,17,131,8,203,164,0,164,367
07/15/2020,AFW,TX,ASW,CE,Towers with Radar,53,15,33,23,124,0,0,121,2,123,53,15,154,25,247,274,0,274,521
07/16/2020,AFW,TX,ASW,CE,Towers with Radar,45,21,36,30,132,0,1,131,2,134,45,22,167,32,266,224,2,226,492
07/17/2020,AFW,TX,ASW,CE,Towers with Radar,41,15,34,40,130,0,0,126,2,128,41,15,160,42,258,210,10,220,478
07/18/2020,AFW,TX,ASW,CE,Towers with Radar,25,2,42,4,73,0,0,37,0,37,25,2,79,4,110,92,0,92,202
07/19/2020,AFW,TX,ASW,CE,Towers with Radar,22,3,63,0,88,0,1,43,0,44,22,4,106,0,132,18,0,18,150
07/20/2020,AFW,TX,ASW,CE,Towers with Radar,28,8,18,14,68,0,1,107,0,108,28,9,125,14,176,216,0,216,392
07/21/2020,AFW,TX,ASW,CE,Towers with Radar,54,16,25,12,107,0,0,98,0,98,54,16,123,12,205,262,8,270,475
07/22/2020,AFW,TX,ASW,CE,Towers with Radar,46,20,34,34,134,0,0,110,0,110,46,20,144,34,244,306,2,308,552
07/23/2020,AFW,TX,ASW,CE,Towers with Radar,48,18,29,42,137,0,0,145,1,146,48,18,174,43,283,192,2,194,477
07/24/2020,AFW,TX,ASW,CE,Towers with Radar,44,7,20,34,105,0,2,122,2,126,44,9,142,36,231,128,24,152,383
07/25/2020,AFW,TX,ASW,CE,Towers with Radar,26,6,17,0,49,0,2,38,0,40,26,8,55,0,89,58,0,58,147
07/26/2020,AFW,TX,ASW,CE,Towers with Radar,21,6,11,7,45,0,1,29,0,30,21,7,40,7,75,94,0,94,169
07/27/2020,AFW,TX,ASW,CE,Towers with Radar,33,10,39,46,128,0,3,72,0,75,33,13,111,46,203,134,0,134,337
07/28/2020,AFW,TX,ASW,CE,Towers with Radar,50,13,32,18,113,0,0,38,0,38,50,13,70,18,151,68,0,68,219
07/29/2020,AFW,TX,ASW,CE,Towers with Radar,49,15,34,12,110,0,0,125,5,130,49,15,159,17,240,258,0,258,498
07/30/2020,AFW,TX,ASW,CE,Towers with Radar,46,18,24,25,113,0,0,117,4,121,46,18,141,29,234,180,48,228,462
07/31/2020,AFW,TX,ASW,CE,Towers with Radar,38,12,32,18,100,0,0,82,4,86,38,12,114,22,186,200,8,208,394
08/01/2020,AFW,TX,ASW,CE,Towers with Radar,25,1,11,1,38,0,0,63,0,63,25,1,74,1,101,70,0,70,171
08/02/2020,AFW,TX,ASW,CE,Towers with Radar,25,2,15,1,43,0,0,41,0,41,25,2,56,1,84,114,0,114,198
08/03/2020,AFW,TX,ASW,CE,Towers with Radar,28,8,29,25,90,0,2,106,0,108,28,10,135,25,198,240,16,256,454
08/04/2020,AFW,TX,ASW,CE,Towers with Radar,60,24,48,31,163,0,0,103,7,110,60,24,151,38,273,238,6,244,517
08/05/2020,AFW,TX,ASW,CE,Towers with Radar,46,17,27,9,99,0,0,135,8,143,46,17,162,17,242,174,10,184,426
08/06/2020,AFW,TX,ASW,CE,Towers with Radar,53,21,15,31,120,0,3,130,0,133,53,24,145,31,253,128,0,128,381
08/07/2020,AFW,TX,ASW,CE,Towers with Radar,42,16,31,21,110,0,3,107,11,121,42,19,138,32,231,156,10,166,397
08/08/2020,AFW,TX,ASW,CE,Towers with Radar,27,10,7,8,52,0,2,66,6,74,27,12,73,14,126,74,4,78,204
08/09/2020,AFW,TX,ASW,CE,Towers with Radar,25,6,16,6,53,0,1,33,1,35,25,7,49,7,88,50,0,50,138
08/10/2020,AFW,TX,ASW,CE,Towers with Radar,32,9,24,25,90,0,2,100,1,103,32,11,124,26,193,136,0,136,329
08/11/2020,AFW,TX,ASW,CE,Towers with Radar,57,21,30,13,121,0,0,104,3,107,57,21,134,16,228,134,4,138,366
08/12/2020,AFW,TX,ASW,CE,Towers with Radar,53,17,25,13,108,0,0,148,0,148,53,17,173,13,256,176,2,178,434
08/13/2020,AFW,TX,ASW,CE,Towers with Radar,53,20,27,22,122,0,0,146,4,150,53,20,173,26,272,232,14,246,518
08/14/2020,AFW,TX,ASW,CE,Towers with Radar,45,9,24,10,88,0,0,98,5,103,45,9,122,15,191,184,14,198,389
08/15/2020,AFW,TX,ASW,CE,Towers with Radar,24,4,6,4,38,0,0,49,9,58,24,4,55,13,96,80,4,84,180
08/16/2020,AFW,TX,ASW,CE,Towers with Radar,18,3,9,4,34,0,0,20,0,20,18,3,29,4,54,64,0,64,118
08/17/2020,AFW,TX,ASW,CE,Towers with Radar,35,5,21,15,76,0,0,116,0,116,35,5,137,15,192,226,0,226,418
08/18/2020,AFW,TX,ASW,CE,Towers with Radar,52,12,34,10,108,0,1,126,6,133,52,13,160,16,241,180,16,196,437
08/19/2020,AFW,TX,ASW,CE,Towers with Radar,58,16,22,18,114,0,3,114,7,124,58,19,136,25,238,200,8,208,446
08/20/2020,AFW,TX,ASW,CE,Towers with Radar,42,17,32,20,111,0,1,112,2,115,42,18,144,22,226,212,0,212,438
08/21/2020,AFW,TX,ASW,CE,Towers with Radar,49,9,23,37,118,0,0,108,5,113,49,9,131,42,231,184,38,222,453
08/22/2020,AFW,TX,ASW,CE,Towers with Radar,28,0,16,4,48,0,0,78,4,82,28,0,94,8,130,174,2,176,306
08/23/2020,AFW,TX,ASW,CE,Towers with Radar,28,5,19,31,83,0,0,29,3,32,28,5,48,34,115,70,0,70,185
08/24/2020,AFW,TX,ASW,CE,Towers with Radar,35,7,20,47,109,0,0,97,16,113,35,7,117,63,222,146,56,202,424
08/25/2020,AFW,TX,ASW,CE,Towers with Radar,54,16,25,63,158,0,3,117,11,131,54,19,142,74,289,128,24,152,441
08/26/2020,AFW,TX,ASW,CE,Towers with Radar,58,16,23,8,105,0,0,86,11,97,58,16,109,19,202,116,34,150,352
08/27/2020,AFW,TX,ASW,CE,Towers with Radar,64,22,22,16,124,0,0,92,14,106,64,22,114,30,230,90,32,122,352
08/28/2020,AFW,TX,ASW,CE,Towers with Radar,53,9,19,58,139,0,2,153,12,167,53,11,172,70,306,162,38,200,506
08/29/2020,AFW,TX,ASW,CE,Towers with Radar,34,2,2,18,56,0,0,51,0,51,34,2,53,18,107,50,2,52,159
08/30/2020,AFW,TX,ASW,CE,Towers with Radar,30,4,9,29,72,0,0,71,3,74,30,4,80,32,146,112,0,112,258
08/31/2020,AFW,TX,ASW,CE,Towers with Radar,33,10,20,74,137,0,1,128,6,135,33,11,148,80,272,204,24,228,500
09/01/2020,AFW,TX,ASW,CE,Towers with Radar,64,13,19,0,96,0,0,14,0,14,64,13,33,0,110,26,0,26,136
09/02/2020,AFW,TX,ASW,CE,Towers with Radar,73,22,27,12,134,0,1,27,10,38,73,23,54,22,172,106,18,124,296
09/03/2020,AFW,TX,ASW,CE,Towers with Radar,63,15,26,40,144,0,5,53,8,66,63,20,79,48,210,204,6,210,420
09/04/2020,AFW,TX,ASW,CE,Towers with Radar,52,15,57,10,134,0,2,58,6,66,52,17,115,16,200,158,10,168,368
09/05/2020,AFW,TX,ASW,CE,Towers with Radar,31,2,13,0,46,0,0,101,0,101,31,2,114,0,147,114,0,114,261
09/06/2020,AFW,TX,ASW,CE,Towers with Radar,29,4,5,0,38,0,0,25,0,25,29,4,30,0,63,58,0,58,121
09/07/2020,AFW,TX,ASW,CE,Towers with Radar,27,5,11,0,43,0,0,40,0,40,27,5,51,0,83,74,0,74,157
09/08/2020,AFW,TX,ASW,CE,Towers with Radar,33,14,19,26,92,0,0,113,5,118,33,14,132,31,210,200,2,202,412
09/09/2020,AFW,TX,ASW,CE,Towers with Radar,63,13,24,0,100,0,0,4,0,4,63,13,28,0,104,50,0,50,154
09/10/2020,AFW,TX,ASW,CE,Towers with Radar,68,16,39,20,143,0,0,10,1,11,68,16,49,21,154,52,0,52,206
09/11/2020,AFW,TX,ASW,CE,Towers with Radar,49,12,36,92,189,0,1,75,1,77,49,13,111,93,266,330,48,378,644
09/12/2020,AFW,TX,ASW,CE,Towers with Radar,27,4,7,46,84,0,0,135,3,138,27,4,142,49,222,170,24,194,416
09/13/2020,AFW,TX,ASW,CE,Towers with Radar,31,7,12,22,72,0,0,22,0,22,31,7,34,22,94,40,0,40,134
09/14/2020,AFW,TX,ASW,CE,Towers with Radar,36,10,27,9,82,0,1,154,7,162,36,11,181,16,244,198,2,200,444
09/15/2020,AFW,TX,ASW,CE,Towers with Radar,66,14,31,18,129,0,0,130,9,139,66,14,161,27,268,170,12,182,450
09/16/2020,AFW,TX,ASW,CE,Towers with Radar,69,14,42,8,133,0,2,135,12,149,69,16,177,20,282,210,16,226,508
09/17/2020,AFW,TX,ASW,CE,Towers with Radar,61,18,46,18,143,0,0,175,11,186,61,18,221,29,329,184,10,194,523
09/18/2020,AFW,TX,ASW,CE,Towers with Radar,55,14,23,39,131,0,0,157,13,170,55,14,180,52,301,184,22,206,507
09/19/2020,AFW,TX,ASW,CE,Towers with Radar,35,2,12,59,108,0,1,86,11,98,35,3,98,70,206,84,28,112,318
09/20/2020,AFW,TX,ASW,CE,Towers with Radar,27,8,11,4,50,0,2,25,2,29,27,10,36,6,79,60,18,78,157
09/21/2020,AFW,TX,ASW,CE,Towers with Radar,38,15,13,39,105,0,1,71,4,76,38,16,84,43,181,58,4,62,243
09/22/2020,AFW,TX,ASW,CE,Towers with Radar,69,17,22,32,140,0,0,0,0,0,69,17,22,32,140,0,0,0,140
09/23/2020,AFW,TX,ASW,CE,Towers with Radar,70,26,54,37,187,0,0,14,0,14,70,26,68,37,201,98,16,114,315
09/24/2020,AFW,TX,ASW,CE,Towers with Radar,70,25,45,23,163,0,1,95,9,105,70,26,140,32,268,298,12,310,578
09/25/2020,AFW,TX,ASW,CE,Towers with Radar,65,13,17,40,135,0,2,129,16,147,65,15,146,56,282,236,38,274,556
09/26/2020,AFW,TX,ASW,CE,Towers with Radar,29,6,13,17,65,0,0,86,0,86,29,6,99,17,151,98,4,102,253
09/27/2020,AFW,TX,ASW,CE,Towers with Radar,32,1,9,5,47,0,0,14,1,15,32,1,23,6,62,0,0,0,62
09/28/2020,AFW,TX,ASW,CE,Towers with Radar,41,6,23,38,108,0,0,79,7,86,41,6,102,45,194,96,24,120,314
09/29/2020,AFW,TX,ASW,CE,Towers with Radar,80,15,34,26,155,0,0,121,8,129,80,15,155,34,284,158,36,194,478
09/30/2020,AFW,TX,ASW,CE,Towers with Radar,84,11,45,54,194,0,0,155,14,169,84,11,200,68,363,130,50,180,543
10/01/2020,AFW,TX,ASW,CE,Towers with Radar,81,18,30,46,175,0,2,131,15,148,81,20,161,61,323,208,26,234,557
10/02/2020,AFW,TX,ASW,CE,Towers with Radar,64,19,41,60,184,0,1,170,20,191,64,20,211,80,375,192,64,256,631
10/03/2020,AFW,TX,ASW,CE,Towers with Radar,35,1,12,24,72,0,0,87,10,97,35,1,99,34,169,198,30,228,397
10/04/2020,AFW,TX,ASW,CE,Towers with Radar,34,7,9,10,60,0,0,31,12,43,34,7,40,22,103,50,12,62,165
10/05/2020,AFW,TX,ASW,CE,Towers with Radar,37,9,25,27,98,0,1,139,3,143,37,10,164,30,241,210,6,216,457
10/06/2020,AFW,TX,ASW,CE,Towers with Radar,77,19,21,36,153,0,0,142,3,145,77,19,163,39,298,222,8,230,528
10/07/2020,AFW,TX,ASW,CE,Towers with Radar,77,15,38,62,192,0,1,138,5,144,77,16,176,67,336,236,14,250,586
10/08/2020,AFW,TX,ASW,CE,Towers with Radar,84,20,36,43,183,0,1,132,4,137,84,21,168,47,320,192,8,200,520
10/09/2020,AFW,TX,ASW,CE,Towers with Radar,60,15,30,45,150,0,3,63,6,72,60,18,93,51,222,124,70,194,416
10/10/2020,AFW,TX,ASW,CE,Towers with Radar,31,7,14,40,92,0,0,42,0,42,31,7,56,40,134,16,0,16,150
10/11/2020,AFW,TX,ASW,CE,Towers with Radar,40,4,18,41,103,0,3,26,0,29,40,7,44,41,132,0,0,0,132
10/12/2020,AFW,TX,ASW,CE,Towers with Radar,35,13,9,0,57,0,0,51,0,51,35,13,60,0,108,0,0,0,108
10/13/2020,AFW,TX,ASW,CE,Towers with Radar,77,11,21,5,114,0,0,131,3,134,77,11,152,8,248,4,0,4,252
10/14/2020,AFW,TX,ASW,CE,Towers with Radar,70,19,15,17,121,0,1,143,2,146,70,20,158,19,267,6,0,6,273
10/15/2020,AFW,TX,ASW,CE,Towers with Radar,68,17,15,13,113,0,1,38,4,43,68,18,53,17,156,0,8,8,164
10/16/2020,AFW,TX,ASW,CE,Towers with Radar,50,13,11,4,78,0,0,38,13,51,50,13,49,17,129,0,2,2,131
10/17/2020,AFW,TX,ASW,CE,Towers with Radar,26,2,1,1,30,0,0,15,15,30,26,2,16,16,60,0,0,0,60
10/18/2020,AFW,TX,ASW,CE,Towers with Radar,30,0,4,2,36,0,0,16,19,35,30,0,20,21,71,2,0,2,73
10/19/2020,AFW,TX,ASW,CE,Towers with Radar,35,11,29,11,86,0,0,15,0,15,35,11,44,11,101,0,0,0,101
10/20/2020,AFW,TX,ASW,CE,Towers with Radar,67,21,45,23,156,0,0,62,4,66,67,21,107,27,222,50,0,50,272
10/21/2020,AFW,TX,ASW,CE,Towers with Radar,69,13,50,6,138,0,0,120,9,129,69,13,170,15,267,134,0,134,401
10/22/2020,AFW,TX,ASW,CE,Towers with Radar,72,24,47,8,151,0,0,97,9,106,72,24,144,17,257,102,2,104,361
10/23/2020,AFW,TX,ASW,CE,Towers with Radar,59,12,29,8,108,0,0,9,1,10,59,12,38,9,118,0,2,2,120
10/24/2020,AFW,TX,ASW,CE,Towers with Radar,28,5,47,10,90,0,0,83,8,91,28,5,130,18,181,118,2,120,301
10/25/2020,AFW,TX,ASW,CE,Towers with Radar,30,7,48,1,86,0,0,0,0,0,30,7,48,1,86,0,0,0,86
10/26/2020,AFW,TX,ASW,CE,Towers with Radar,33,6,15,2,56,0,0,0,0,0,33,6,15,2,56,0,0,0,56
10/27/2020,AFW,TX,ASW,CE,Towers with Radar,69,13,19,1,102,0,0,0,0,0,69,13,19,1,102,0,0,0,102
10/28/2020,AFW,TX,ASW,CE,Towers with Radar,72,12,64,5,153,0,0,6,2,8,72,12,70,7,161,14,0,14,175
10/29/2020,AFW,TX,ASW,CE,Towers with Radar,63,18,42,45,168,0,0,67,0,67,63,18,109,45,235,120,4,124,359
10/30/2020,AFW,TX,ASW,CE,Towers with Radar,52,15,22,20,109,0,0,160,12,172,52,15,182,32,281,314,14,328,609
10/31/2020,AFW,TX,ASW,CE,Towers with Radar,24,1,8,4,37,0,1,117,3,121,24,2,125,7,158,162,4,166,324
11/01/2020,AFW,TX,ASW,CE,Towers with Radar,32,2,16,13,63,0,0,39,1,40,32,2,55,14,103,66,8,74,177
11/02/2020,AFW,TX,ASW,CE,Towers with Radar,37,14,18,21,90,0,5,112,9,126,37,19,130,30,216,248,0,248,464
11/03/2020,AFW,TX,ASW,CE,Towers with Radar,68,14,31,29,142,0,0,116,11,127,68,14,147,40,269,226,8,234,503
11/04/2020,AFW,TX,ASW,CE,Towers with Radar,63,23,29,30,145,0,3,126,7,136,63,26,155,37,281,214,20,234,515
11/05/2020,AFW,TX,ASW,CE,Towers with Radar,67,24,37,25,153,0,2,122,10,134,67,26,159,35,287,152,22,174,461
11/06/2020,AFW,TX,ASW,CE,Towers with Radar,55,11,26,30,122,0,1,54,5,60,55,12,80,35,182,96,26,122,304
11/07/2020,AFW,TX,ASW,CE,Towers with Radar,28,1,13,5,47,0,3,71,0,74,28,4,84,5,121,108,28,136,257
11/08/2020,AFW,TX,ASW,CE,Towers with Radar,28,10,9,14,61,0,0,19,1,20,28,10,28,15,81,20,0,20,101
11/09/2020,AFW,TX,ASW,CE,Towers with Radar,33,11,19,32,95,0,0,39,16,55,33,11,58,48,150,110,22,132,282
11/10/2020,AFW,TX,ASW,CE,Towers with Radar,76,10,24,56,166,0,2,92,15,109,76,12,116,71,275,208,32,240,515
11/11/2020,AFW,TX,ASW,CE,Towers with Radar,78,14,8,5,105,0,2,111,13,126,78,16,119,18,231,274,30,304,535
11/12/2020,AFW,TX,ASW,CE,Towers with Radar,68,12,23,63,166,0,0,95,13,108,68,12,118,76,274,148,34,182,456
11/13/2020,AFW,TX,ASW,CE,Towers with Radar,55,9,19,17,100,0,4,132,8,144,55,13,151,25,244,152,12,164,408
11/14/2020,AFW,TX,ASW,CE,Towers with Radar,29,5,9,12,55,0,0,8,5,13,29,5,17,17,68,36,6,42,110
11/15/2020,AFW,TX,ASW,CE,Towers with Radar,24,5,7,10,46,0,2,49,5,56,24,7,56,15,102,110,30,140,242
11/16/2020,AFW,TX,ASW,CE,Towers with Radar,38,6,19,38,101,0,0,131,11,142,38,6,150,49,243,112,8,120,363
11/17/2020,AFW,TX,ASW,CE,Towers with Radar,73,20,31,31,155,0,0,124,14,138,73,20,155,45,293,212,6,218,511
11/18/2020,AFW,TX,ASW,CE,Towers with Radar,73,22,27,26,148,0,2,119,5,126,73,24,146,31,274,140,2,142,416
11/19/2020,AFW,TX,ASW,CE,Towers with Radar,68,27,40,21,156,0,3,72,5,80,68,30,112,26,236,76,10,86,322
11/20/2020,AFW,TX,ASW,CE,Towers with Radar,62,24,33,27,146,0,0,66,9,75,62,24,99,36,221,78,24,102,323
11/21/2020,AFW,TX,ASW,CE,Towers with Radar,29,2,20,11,62,0,2,51,6,59,29,4,71,17,121,64,6,70,191
11/22/2020,AFW,TX,ASW,CE,Towers with Radar,33,7,20,8,68,0,0,0,0,0,33,7,20,8,68,0,0,0,68
11/23/2020,AFW,TX,ASW,CE,Towers with Radar,39,11,65,10,125,0,0,29,0,29,39,11,94,10,154,68,0,68,222
11/24/2020,AFW,TX,ASW,CE,Towers with Radar,78,15,32,3,128,0,0,10,2,12,78,15,42,5,140,2,4,6,146
11/25/2020,AFW,TX,ASW,CE,Towers with Radar,81,19,16,7,123,0,0,119,6,125,81,19,135,13,248,246,4,250,498
11/26/2020,AFW,TX,ASW,CE,Towers with Radar,25,1,8,0,34,0,0,10,0,10,25,1,18,0,44,12,0,12,56
11/27/2020,AFW,TX,ASW,CE,Towers with Radar,29,7,6,0,42,0,0,49,0,49,29,7,55,0,91,62,0,62,153
11/28/2020,AFW,TX,ASW,CE,Towers with Radar,27,7,12,0,46,0,0,3,0,3,27,7,15,0,49,0,0,0,49
11/29/2020,AFW,TX,ASW,CE,Towers with Radar,27,9,16,2,54,0,0,4,0,4,27,9,20,2,58,10,0,10,68
11/30/2020,AFW,TX,ASW,CE,Towers with Radar,42,7,27,16,92,0,0,106,4,110,42,7,133,20,202,122,2,124,326
12/01/2020,AFW,TX,ASW,CE,Towers with Radar,74,17,30,21,142,0,2,99,0,101,74,19,129,21,243,68,2,70,313
12/02/2020,AFW,TX,ASW,CE,Towers with Radar,80,14,22,8,124,0,1,54,3,58,80,15,76,11,182,80,6,86,268
12/03/2020,AFW,TX,ASW,CE,Towers with Radar,79,15,34,36,164,0,0,11,1,12,79,15,45,37,176,92,0,92,268
12/04/2020,AFW,TX,ASW,CE,Towers with Radar,61,15,27,23,126,0,2,120,2,124,61,17,147,25,250,122,16,138,388
12/05/2020,AFW,TX,ASW,CE,Towers with Radar,77,8,19,8,112,0,0,99,1,100,77,8,118,9,212,252,12,264,476
12/06/2020,AFW,TX,ASW,CE,Towers with Radar,24,5,12,21,62,0,0,35,2,37,24,5,47,23,99,96,16,112,211
12/07/2020,AFW,TX,ASW,CE,Towers with Radar,38,7,22,25,92,0,0,91,4,95,38,7,113,29,187,108,20,128,315
12/08/2020,AFW,TX,ASW,CE,Towers with Radar,84,23,27,48,182,0,2,109,3,114,84,25,136,51,296,222,12,234,530
12/09/2020,AFW,TX,ASW,CE,Towers with Radar,79,17,33,31,160,0,0,181,1,182,79,17,214,32,342,270,2,272,614
12/10/2020,AFW,TX,ASW,CE,Towers with Radar,78,23,30,25,156,0,0,159,19,178,78,23,189,44,334,188,36,224,558
12/11/2020,AFW,TX,ASW,CE,Towers with Radar,61,20,30,9,120,0,0,26,11,37,61,20,56,20,157,26,26,52,209
12/12/2020,AFW,TX,ASW,CE,Towers with Radar,77,12,14,22,125,0,4,81,27,112,77,16,95,49,237,180,78,258,495
12/13/2020,AFW,TX,ASW,CE,Towers with Radar,31,2,7,9,49,0,0,1,0,1,31,2,8,9,50,2,0,2,52
12/14/2020,AFW,TX,ASW,CE,Towers with Radar,36,6,24,27,93,0,1,81,14,96,36,7,105,41,189,284,38,322,511
12/15/2020,AFW,TX,ASW,CE,Towers with Radar,74,20,12,8,114,0,2,2,0,4,74,22,14,8,118,0,0,0,118
12/16/2020,AFW,TX,ASW,CE,Towers with Radar,80,12,31,22,145,0,0,86,11,97,80,12,117,33,242,192,12,204,446
12/17/2020,AFW,TX,ASW,CE,Towers with Radar,79,16,20,17,132,0,0,136,13,149,79,16,156,30,281,160,40,200,481
12/18/2020,AFW,TX,ASW,CE,Towers with Radar,72,22,30,16,140,0,1,42,4,47,72,23,72,20,187,48,54,102,289
12/19/2020,AFW,TX,ASW,CE,Towers with Radar,79,10,18,7,114,0,0,27,2,29,79,10,45,9,143,62,12,74,217
12/20/2020,AFW,TX,ASW,CE,Towers with Radar,29,4,18,6,57,0,0,25,2,27,29,4,43,8,84,40,0,40,124
12/21/2020,AFW,TX,ASW,CE,Towers with Radar,39,11,20,13,83,0,0,94,2,96,39,11,114,15,179,142,0,142,321
12/22/2020,AFW,TX,ASW,CE,Towers with Radar,84,17,26,25,152,0,0,78,8,86,84,17,104,33,238,80,20,100,338
12/23/2020,AFW,TX,ASW,CE,Towers with Radar,74,15,18,1,108,0,0,24,6,30,74,15,42,7,138,44,2,46,184
12/24/2020,AFW,TX,ASW,CE,Towers with Radar,55,12,9,0,76,0,0,7,0,7,55,12,16,0,83,12,0,12,95
12/25/2020,AFW,TX,ASW,CE,Towers with Radar,0,5,3,0,8,0,0,4,0,4,0,5,7,0,12,2,0,2,14
12/26/2020,AFW,TX,ASW,CE,Towers with Radar,8,6,11,0,25,0,0,30,0,30,8,6,41,0,55,44,0,44,99
12/27/2020,AFW,TX,ASW,CE,Towers with Radar,23,2,8,0,33,0,0,12,0,12,23,2,20,0,45,20,0,20,65
12/28/2020,AFW,TX,ASW,CE,Towers with Radar,30,17,33,1,81,0,0,41,0,41,30,17,74,1,122,136,0,136,258
12/29/2020,AFW,TX,ASW,CE,Towers with Radar,77,17,14,13,121,0,0,9,0,9,77,17,23,13,130,0,0,0,130
12/30/2020,AFW,TX,ASW,CE,Towers with Radar,75,19,6,0,100,0,0,0,0,0,75,19,6,0,100,0,0,0,100
12/31/2020,AFW,TX,ASW,CE,Towers with Radar,59,10,1,0,70,0,0,0,0,0,59,10,1,0,70,0,0,0,70
01/01/2021,AFW,TX,ASW,CE,Towers with Radar,4,4,6,0,14,0,0,3,0,3,4,4,9,0,17,4,0,4,21
01/02/2021,AFW,TX,ASW,CE,Towers with Radar,9,6,12,0,27,0,0,44,0,44,9,6,56,0,71,60,0,60,131
01/03/2021,AFW,TX,ASW,CE,Towers with Radar,30,5,7,7,49,0,0,22,0,22,30,5,29,7,71,32,0,32,103
01/04/2021,AFW,TX,ASW,CE,Towers with Radar,32,8,26,4,70,0,1,99,0,100,32,9,125,4,170,190,2,192,362
01/05/2021,AFW,TX,ASW,CE,Towers with Radar,62,20,26,7,115,0,0,111,0,111,62,20,137,7,226,158,0,158,384
01/06/2021,AFW,TX,ASW,CE,Towers with Radar,69,15,25,22,131,0,0,21,3,24,69,15,46,25,155,16,4,20,175
01/07/2021,AFW,TX,ASW,CE,Towers with Radar,61,17,28,33,139,0,4,49,7,60,61,21,77,40,199,160,0,160,359
01/08/2021,AFW,TX,ASW,CE,Towers with Radar,52,12,22,14,100,0,0,82,4,86,52,12,104,18,186,136,24,160,346
01/09/2021,AFW,TX,ASW,CE,Towers with Radar,28,1,12,11,52,0,0,59,2,61,28,1,71,13,113,92,0,92,205
01/10/2021,AFW,TX,ASW,CE,Towers with Radar,26,2,3,4,35,0,0,2,0,2,26,2,5,4,37,0,0,0,37
01/11/2021,AFW,TX,ASW,CE,Towers with Radar,32,6,16,46,100,0,0,75,4,79,32,6,91,50,179,98,34,132,311
01/12/2021,AFW,TX,ASW,CE,Towers with Radar,72,17,25,28,142,0,0,95,5,100,72,17,120,33,242,200,16,216,458
01/13/2021,AFW,TX,ASW,CE,Towers with Radar,67,10,17,34,128,0,2,115,1,118,67,12,132,35,246,252,12,264,510
01/14/2021,AFW,TX,ASW,CE,Towers with Radar,64,12,19,25,120,0,1,41,6,48,64,13,60,31,168,40,18,58,226
01/15/2021,AFW,TX,ASW,CE,Towers with Radar,51,11,13,49,124,0,0,16,2,18,51,11,29,51,142,4,18,22,164
01/16/2021,AFW,TX,ASW,CE,Towers with Radar,27,2,15,3,47,0,0,96,1,97,27,2,111,4,144,120,12,132,276
01/17/2021,AFW,TX,ASW,CE,Towers with Radar,25,4,11,13,53,0,2,28,2,32,25,6,39,15,85,50,0,50,135
01/18/2021,AFW,TX,ASW,CE,Towers with Radar,35,11,10,1,57,0,3,31,0,34,35,14,41,1,91,82,0,82,173
01/19/2021,AFW,TX,ASW,CE,Towers with Radar,66,16,27,42,151,0,0,53,0,53,66,16,80,42,204,90,2,92,296
01/20/2021,AFW,TX,ASW,CE,Towers with Radar,72,12,22,30,136,0,0,8,0,8,72,12,30,30,144,0,0,0,144
01/21/2021,AFW,TX,ASW,CE,Towers with Radar,62,12,39,36,149,0,0,79,1,80,62,12,118,37,229,100,2,102,331
01/22/2021,AFW,TX,ASW,CE,Towers with Radar,55,15,43,48,161,0,0,5,0,5,55,15,48,48,166,0,0,0,166
01/23/2021,AFW,TX,ASW,CE,Towers with Radar,25,2,5,3,35,0,0,0,0,0,25,2,5,3,35,0,0,0,35
01/24/2021,AFW,TX,ASW,CE,Towers with Radar,28,7,8,7,50,0,0,0,0,0,28,7,8,7,50,0,0,0,50
01/25/2021,AFW,TX,ASW,CE,Towers with Radar,34,6,15,33,88,0,0,59,5,64,34,6,74,38,152,96,8,104,256
01/26/2021,AFW,TX,ASW,CE,Towers with Radar,70,14,35,17,136,0,3,154,3,160,70,17,189,20,296,232,50,282,578
01/27/2021,AFW,TX,ASW,CE,Towers with Radar,72,19,35,71,197,0,4,163,12,179,72,23,198,83,376,240,18,258,634
01/28/2021,AFW,TX,ASW,CE,Towers with Radar,65,19,24,56,164,0,1,161,0,162,65,20,185,56,326,192,4,196,522
01/29/2021,AFW,TX,ASW,CE,Towers with Radar,49,16,18,35,118,0,4,147,5,156,49,20,165,40,274,262,6,268,542
01/30/2021,AFW,TX,ASW,CE,Towers with Radar,30,0,7,1,38,0,0,0,0,0,30,0,7,1,38,0,0,0,38
01/31/2021,AFW,TX,ASW,CE,Towers with Radar,26,2,12,3,43,0,0,38,1,39,26,2,50,4,82,56,0,56,138
02/01/2021,AFW,TX,ASW,CE,Towers with Radar,32,5,30,16,83,0,2,133,3,138,32,7,163,19,221,172,16,188,409
02/02/2021,AFW,TX,ASW,CE,Towers with Radar,66,18,22,17,123,0,7,129,3,139,66,25,151,20,262,158,4,162,424
02/03/2021,AFW,TX,ASW,CE,Towers with Radar,66,20,28,12,126,0,3,137,1,141,66,23,165,13,267,128,2,130,397
02/04/2021,AFW,TX,ASW,CE,Towers with Radar,70,15,29,67,181,0,2,80,1,83,70,17,109,68,264,66,8,74,338
02/05/2021,AFW,TX,ASW,CE,Towers with Radar,48,15,10,41,114,0,0,138,0,138,48,15,148,41,252,118,14,132,384
02/06/2021,AFW,TX,ASW,CE,Towers with Radar,28,4,8,98,138,0,0,43,2,45,28,4,51,100,183,130,60,190,373
02/07/2021,AFW,TX,ASW,CE,Towers with Radar,27,6,7,48,88,0,0,15,0,15,27,6,22,48,103,44,24,68,171
02/08/2021,AFW,TX,ASW,CE,Towers with Radar,32,15,21,69,137,0,0,13,1,14,32,15,34,70,151,14,26,40,191
02/09/2021,AFW,TX,ASW,CE,Towers with Radar,68,14,23,6,111,0,0,1,0,1,68,14,24,6,112,2,0,2,114
02/10/2021,AFW,TX,ASW,CE,Towers with Radar,60,6,23,0,89,0,0,0,0,0,60,6,23,0,89,0,0,0,89
02/11/2021,AFW,TX,ASW,CE,Towers with Radar,71,3,14,4,92,0,0,3,0,3,71,3,17,4,95,32,0,32,127
02/12/2021,AFW,TX,ASW,CE,Towers with Radar,57,10,25,7,99,0,0,1,0,1,57,10,26,7,100,0,0,0,100
02/13/2021,AFW,TX,ASW,CE,Towers with Radar,23,4,5,2,34,0,0,4,0,4,23,4,9,2,38,20,0,20,58
02/14/2021,AFW,TX,ASW,CE,Towers with Radar,6,0,4,0,10,0,0,0,0,0,6,0,4,0,10,0,0,0,10
02/15/2021,AFW,TX,ASW,CE,Towers with Radar,9,0,5,0,14,0,0,0,0,0,9,0,5,0,14,0,0,0,14
02/16/2021,AFW,TX,ASW,CE,Towers with Radar,41,1,13,0,55,0,0,1,0,1,41,1,14,0,56,0,0,0,56
02/17/2021,AFW,TX,ASW,CE,Towers with Radar,38,1,5,0,44,0,0,0,0,0,38,1,5,0,44,0,0,0,44
02/18/2021,AFW,TX,ASW,CE,Towers with Radar,49,13,4,0,66,0,0,0,0,0,49,13,4,0,66,0,0,0,66
02/19/2021,AFW,TX,ASW,CE,Towers with Radar,50,8,12,25,95,0,0,18,3,21,50,8,30,28,116,18,10,28,144
02/20/2021,AFW,TX,ASW,CE,Towers with Radar,40,9,14,3,66,0,0,33,1,34,40,9,47,4,100,42,6,48,148
02/21/2021,AFW,TX,ASW,CE,Towers with Radar,25,2,15,2,44,0,0,14,0,14,25,2,29,2,58,12,0,12,70
02/22/2021,AFW,TX,ASW,CE,Towers with Radar,39,9,23,52,123,0,2,127,5,134,39,11,150,57,257,148,36,184,441
02/23/2021,AFW,TX,ASW,CE,Towers with Radar,70,26,29,44,169,0,14,136,9,159,70,40,165,53,328,138,2,140,468
02/24/2021,AFW,TX,ASW,CE,Towers with Radar,63,25,32,42,162,0,6,140,8,154,63,31,172,50,316,214,4,218,534
02/25/2021,AFW,TX,ASW,CE,Towers with Radar,64,37,36,15,152,0,4,70,0,74,64,41,106,15,226,108,0,108,334
02/26/2021,AFW,TX,ASW,CE,Towers with Radar,57,24,21,25,127,0,0,5,11,16,57,24,26,36,143,8,24,32,175
02/27/2021,AFW,TX,ASW,CE,Towers with Radar,29,0,22,6,57,0,0,0,0,0,29,0,22,6,57,0,0,0,57
02/28/2021,AFW,TX,ASW,CE,Towers with Radar,29,3,10,11,53,0,0,4,0,4,29,3,14,11,57,0,0,0,57
03/01/2021,AFW,TX,ASW,CE,Towers with Radar,38,10,14,19,81,0,8,81,5,94,38,18,95,24,175,156,24,180,355
03/02/2021,AFW,TX,ASW,CE,Towers with Radar,68,20,53,23,164,0,13,164,2,179,68,33,217,25,343,232,8,240,583
03/03/2021,AFW,TX,ASW,CE,Towers with Radar,71,31,35,13,150,0,12,135,10,157,71,43,170,23,307,212,16,228,535
03/04/2021,AFW,TX,ASW,CE,Towers with Radar,72,28,49,20,169,0,5,104,1,110,72,33,153,21,279,114,4,118,397
03/05/2021,AFW,TX,ASW,CE,Towers with Radar,53,18,29,55,155,0,6,61,4,71,53,24,90,59,226,168,10,178,404
03/06/2021,AFW,TX,ASW,CE,Towers with Radar,34,5,11,18,68,0,0,125,2,127,34,5,136,20,195,166,32,198,393
03/07/2021,AFW,TX,ASW,CE,Towers with Radar,27,5,13,18,63,0,0,34,2,36,27,5,47,20,99,46,18,64,163
03/08/2021,AFW,TX,ASW,CE,Towers with Radar,36,11,39,43,129,0,12,119,4,135,36,23,158,47,264,154,12,166,430
03/09/2021,AFW,TX,ASW,CE,Towers with Radar,67,32,48,44,191,0,0,25,5,30,67,32,73,49,221,34,6,40,261
03/10/2021,AFW,TX,ASW,CE,Towers with Radar,68,44,37,31,180,0,13,28,3,44,68,57,65,34,224,38,0,38,262
03/11/2021,AFW,TX,ASW,CE,Towers with Radar,67,37,37,91,232,0,5,76,1,82,67,42,113,92,314,68,10,78,392
03/12/2021,AFW,TX,ASW,CE,Towers with Radar,57,19,35,98,209,0,4,37,0,41,57,23,72,98,250,86,18,104,354
03/13/2021,AFW,TX,ASW,CE,Towers with Radar,28,3,19,25,75,0,0,20,0,20,28,3,39,25,95,86,6,92,187
03/14/2021,AFW,TX,ASW,CE,Towers with Radar,30,2,11,33,76,0,1,15,5,21,30,3,26,38,97,8,26,34,131
03/15/2021,AFW,TX,ASW,CE,Towers with Radar,37,10,12,21,80,0,5,51,8,64,37,15,63,29,144,30,22,52,196
03/16/2021,AFW,TX,ASW,CE,Towers with Radar,70,33,33,18,154,0,17,110,6,133,70,50,143,24,287,156,0,156,443
03/17/2021,AFW,TX,ASW,CE,Towers with Radar,62,16,19,45,142,0,13,17,5,35,62,29,36,50,177,6,2,8,185
03/18/2021,AFW,TX,ASW,CE,Towers with Radar,73,24,19,52,168,0,19,78,0,97,73,43,97,52,265,72,0,72,337
03/19/2021,AFW,TX,ASW,CE,Towers with Radar,66,13,15,68,162,2,13,88,19,122,68,26,103,87,284,248,54,302,586
03/20/2021,AFW,TX,ASW,CE,Towers with Radar,29,4,22,14,69,0,0,64,14,78,29,4,86,28,147,104,2,106,253
03/21/2021,AFW,TX,ASW,CE,Towers with Radar,39,7,13,8,67,0,0,18,2,20,39,7,31,10,87,42,0,42,129
03/22/2021,AFW,TX,ASW,CE,Towers with Radar,35,6,19,24,84,0,0,2,0,2,35,6,21,24,86,10,0,10,96
03/23/2021,AFW,TX,ASW,CE,Towers with Radar,82,24,38,44,188,0,12,69,9,90,82,36,107,53,278,158,0,158,436
03/24/2021,AFW,TX,ASW,CE,Towers with Radar,73,24,40,37,174,0,6,51,11,68,73,30,91,48,242,74,32,106,348
03/25/2021,AFW,TX,ASW,CE,Towers with Radar,73,20,30,59,182,0,4,46,5,55,73,24,76,64,237,90,6,96,333
03/26/2021,AFW,TX,ASW,CE,Towers with Radar,60,15,27,51,153,0,15,143,16,174,60,30,170,67,327,258,20,278,605
03/27/2021,AFW,TX,ASW,CE,Towers with Radar,33,0,16,15,64,0,0,57,8,65,33,0,73,23,129,78,20,98,227
03/28/2021,AFW,TX,ASW,CE,Towers with Radar,29,3,20,15,67,0,0,56,7,63,29,3,76,22,130,31,12,43,173
03/29/2021,AFW,TX,ASW,CE,Towers with Radar,40,12,33,59,144,0,3,113,2,118,40,15,146,61,262,128,20,148,410
03/30/2021,AFW,TX,ASW,CE,Towers with Radar,61,17,46,36,160,0,3,74,7,84,61,20,120,43,244,178,0,178,422
03/31/2021,AFW,TX,ASW,CE,Towers with Radar,64,20,31,13,128,0,8,40,5,53,64,28,71,18,181,50,12,62,243
04/01/2021,AFW,TX,ASW,CE,Towers with Radar,64,21,33,16,134,0,12,196,5,213,64,33,229,21,347,204,2,206,553
04/02/2021,AFW,TX,ASW,CE,Towers with Radar,54,18,41,11,124,0,7,130,9,146,54,25,171,20,270,226,12,238,508
04/03/2021,AFW,TX,ASW,CE,Towers with Radar,31,4,10,2,47,0,0,90,8,98,31,4,100,10,145,154,20,174,319
04/04/2021,AFW,TX,ASW,CE,Towers with Radar,34,5,16,1,56,0,0,9,0,9,34,5,25,1,65,30,0,30,95
04/05/2021,AFW,TX,ASW,CE,Towers with Radar,38,8,26,30,102,0,2,115,0,117,38,10,141,30,219,96,0,96,315
04/06/2021,AFW,TX,ASW,CE,Towers with Radar,57,19,42,13,131,0,0,14,3,17,57,19,56,16,148,24,0,24,172
04/07/2021,AFW,TX,ASW,CE,Towers with Radar,64,11,49,20,144,0,2,60,3,65,64,13,109,23,209,134,4,138,347
04/08/2021,AFW,TX,ASW,CE,Towers with Radar,60,25,41,15,141,0,21,146,5,172,60,46,187,20,313,210,18,228,541
04/09/2021,AFW,TX,ASW,CE,Towers with Radar,56,32,38,73,199,0,12,60,12,84,56,44,98,85,283,130,16,146,429
04/10/2021,AFW,TX,ASW,CE,Towers with Radar,33,7,13,18,71,0,2,84,4,90,33,9,97,22,161,146,16,162,323
04/11/2021,AFW,TX,ASW,CE,Towers with Radar,32,7,21,12,72,0,0,57,7,64,32,7,78,19,136,114,24,138,274
04/12/2021,AFW,TX,ASW,CE,Towers with Radar,39,22,40,55,156,0,6,123,1,130,39,28,163,56,286,118,0,118,404
04/13/2021,AFW,TX,ASW,CE,Towers with Radar,59,21,22,30,132,0,11,88,4,103,59,32,110,34,235,164,8,172,407
04/14/2021,AFW,TX,ASW,CE,Towers with Radar,65,36,47,18,166,0,9,46,0,55,65,45,93,18,221,128,0,128,349
04/15/2021,AFW,TX,ASW,CE,Towers with Radar,62,22,26,1,111,0,2,3,0,5,62,24,29,1,116,0,0,0,116
04/16/2021,AFW,TX,ASW,CE,Towers with Radar,53,16,22,15,106,0,0,0,0,0,53,16,22,15,106,0,0,0,106
04/17/2021,AFW,TX,ASW,CE,Towers with Radar,38,5,22,31,96,0,4,90,5,99,38,9,112,36,195,114,24,138,333
04/18/2021,AFW,TX,ASW,CE,Towers with Radar,28,10,13,16,67,0,0,40,4,44,28,10,53,20,111,96,6,102,213
04/19/2021,AFW,TX,ASW,CE,Towers with Radar,36,18,23,87,164,0,10,115,2,127,36,28,138,89,291,238,12,250,541
04/20/2021,AFW,TX,ASW,CE,Towers with Radar,65,23,38,80,206,0,21,90,3,114,65,44,128,83,320,136,18,154,474
04/21/2021,AFW,TX,ASW,CE,Towers with Radar,66,27,36,81,210,0,23,127,6,156,66,50,163,87,366,180,12,192,558
04/22/2021,AFW,TX,ASW,CE,Towers with Radar,65,20,50,53,188,0,17,127,0,144,65,37,177,53,332,118,6,124,456
04/23/2021,AFW,TX,ASW,CE,Towers with Radar,51,18,23,8,100,0,0,0,0,0,51,18,23,8,100,0,0,0,100
04/24/2021,AFW,TX,ASW,CE,Towers with Radar,30,9,16,18,73,0,9,29,5,43,30,18,45,23,116,68,34,102,218
04/25/2021,AFW,TX,ASW,CE,Towers with Radar,28,4,31,11,74,0,2,46,6,54,28,6,77,17,128,90,16,106,234
04/26/2021,AFW,TX,ASW,CE,Towers with Radar,32,9,38,27,106,0,6,96,0,102,32,15,134,27,208,136,0,136,344
04/27/2021,AFW,TX,ASW,CE,Towers with Radar,63,19,48,39,169,0,0,13,0,13,63,19,61,39,182,14,6,20,202
04/28/2021,AFW,TX,ASW,CE,Towers with Radar,75,16,23,2,116,0,0,6,0,6,75,16,29,2,122,10,0,10,132
04/29/2021,AFW,TX,ASW,CE,Towers with Radar,71,8,27,4,110,0,0,0,0,0,71,8,27,4,110,42,0,42,152
04/30/2021,AFW,TX,ASW,CE,Towers with Radar,52,20,39,9,120,0,17,24,1,42,52,37,63,10,162,16,0,16,178
05/01/2021,AFW,TX,ASW,CE,Towers with Radar,24,12,20,6,62,0,0,2,0,2,24,12,22,6,64,0,0,0,64
05/02/2021,AFW,TX,ASW,CE,Towers with Radar,15,16,33,22,86,0,0,20,2,22,15,16,53,24,108,48,8,56,164
05/03/2021,AFW,TX,ASW,CE,Towers with Radar,29,24,29,34,116,0,23,108,0,131,29,47,137,34,247,158,4,162,409
05/04/2021,AFW,TX,ASW,CE,Towers with Radar,76,38,51,15,180,0,12,114,1,127,76,50,165,16,307,186,4,190,497
05/05/2021,AFW,TX,ASW,CE,Towers with Radar,68,25,43,14,150,0,27,155,2,184,68,52,198,16,334,248,0,248,582
05/06/2021,AFW,TX,ASW,CE,Towers with Radar,74,22,30,23,149,0,19,165,2,186,74,41,195,25,335,304,6,310,645
05/07/2021,AFW,TX,ASW,CE,Towers with Radar,61,17,23,15,116,0,13,98,5,116,61,30,121,20,232,166,4,170,402
05/08/2021,AFW,TX,ASW,CE,Towers with Radar,46,9,11,14,80,0,0,24,9,33,46,9,35,23,113,48,4,52,165
05/09/2021,AFW,TX,ASW,CE,Towers with Radar,25,4,13,27,69,0,0,22,0,22,25,4,35,27,91,38,4,42,133
05/10/2021,AFW,TX,ASW,CE,Towers with Radar,33,14,23,17,87,0,0,0,0,0,33,14,23,17,87,0,0,0,87
05/11/2021,AFW,TX,ASW,CE,Towers with Radar,71,15,14,0,100,0,0,0,0,0,71,15,14,0,100,0,0,0,100
05/12/2021,AFW,TX,ASW,CE,Towers with Radar,69,27,65,21,182,0,0,15,1,16,69,27,80,22,198,122,0,122,320
05/13/2021,AFW,TX,ASW,CE,Towers with Radar,70,22,41,26,159,0,24,159,0,183,70,46,200,26,342,198,4,202,544
05/14/2021,AFW,TX,ASW,CE,Towers with Radar,56,22,26,35,139,0,21,94,1,116,56,43,120,36,255,189,12,201,456
05/15/2021,AFW,TX,ASW,CE,Towers with Radar,33,2,20,11,66,0,1,69,3,73,33,3,89,14,139,118,0,118,257
05/16/2021,AFW,TX,ASW,CE,Towers with Radar,32,11,15,0,58,0,0,0,0,0,32,11,15,0,58,0,0,0,58
05/17/2021,AFW,TX,ASW,CE,Towers with Radar,40,12,20,3,75,0,15,43,0,58,40,27,63,3,133,58,0,58,191
05/18/2021,AFW,TX,ASW,CE,Towers with Radar,69,20,9,5,103,1,4,8,0,13,70,24,17,5,116,12,0,12,128
05/19/2021,AFW,TX,ASW,CE,Towers with Radar,76,26,23,34,159,0,22,78,5,105,76,48,101,39,264,152,22,174,438
05/20/2021,AFW,TX,ASW,CE,Towers with Radar,75,29,33,35,172,0,3,62,0,65,75,32,95,35,237,158,0,158,395
05/21/2021,AFW,TX,ASW,CE,Towers with Radar,62,35,30,56,183,0,5,45,4,54,62,40,75,60,237,60,78,138,375
05/22/2021,AFW,TX,ASW,CE,Towers with Radar,34,6,21,1,62,0,0,5,0,5,34,6,26,1,67,0,0,0,67
05/23/2021,AFW,TX,ASW,CE,Towers with Radar,31,12,21,17,81,0,0,11,0,11,31,12,32,17,92,78,0,78,170
05/24/2021,AFW,TX,ASW,CE,Towers with Radar,38,12,21,9,80,0,0,2,0,2,38,12,23,9,82,0,0,0,82
05/25/2021,AFW,TX,ASW,CE,Towers with Radar,71,18,23,25,137,0,3,49,0,52,71,21,72,25,189,150,12,162,351
05/26/2021,AFW,TX,ASW,CE,Towers with Radar,71,23,55,44,193,0,11,116,4,131,71,34,171,48,324,158,10,168,492
05/27/2021,AFW,TX,ASW,CE,Towers with Radar,68,23,64,21,176,0,4,60,10,74,68,27,124,31,250,80,18,98,348
05/28/2021,AFW,TX,ASW,CE,Towers with Radar,59,16,35,2,112,0,0,20,2,22,59,16,55,4,134,112,0,112,246
05/29/2021,AFW,TX,ASW,CE,Towers with Radar,36,2,20,1,59,0,0,34,0,34,36,2,54,1,93,100,0,100,193
05/30/2021,AFW,TX,ASW,CE,Towers with Radar,35,2,16,3,56,0,0,16,2,18,35,2,32,5,74,28,0,28,102
05/31/2021,AFW,TX,ASW,CE,Towers with Radar,33,3,12,9,57,0,0,2,0,2,33,3,14,9,59,0,0,0,59
06/01/2021,AFW,TX,ASW,CE,Towers with Radar,42,11,29,56,138,0,0,26,1,27,42,11,55,57,165,101,0,101,266
06/02/2021,AFW,TX,ASW,CE,Towers with Radar,88,23,34,56,201,0,5,107,3,115,88,28,141,59,316,130,76,206,522
06/03/2021,AFW,TX,ASW,CE,Towers with Radar,84,22,31,29,166,0,11,138,0,149,84,33,169,29,315,236,4,240,555
06/04/2021,AFW,TX,ASW,CE,Towers with Radar,61,15,23,16,115,0,2,57,0,59,61,17,80,16,174,102,4,106,280
06/05/2021,AFW,TX,ASW,CE,Towers with Radar,36,11,10,4,61,0,0,9,0,9,36,11,19,4,70,46,0,46,116
06/06/2021,AFW,TX,ASW,CE,Towers with Radar,35,4,13,5,57,0,0,14,1,15,35,4,27,6,72,56,8,64,136
06/07/2021,AFW,TX,ASW,CE,Towers with Radar,43,10,16,0,69,0,0,16,0,16,43,10,32,0,85,6,0,6,91
06/08/2021,AFW,TX,ASW,CE,Towers with Radar,76,35,27,25,163,0,9,128,4,141,76,44,155,29,304,134,10,144,448
06/09/2021,AFW,TX,ASW,CE,Towers with Radar,89,28,53,36,206,0,7,73,0,80,89,35,126,36,286,164,0,164,450
06/10/2021,AFW,TX,ASW,CE,Towers with Radar,78,27,46,19,170,0,11,101,2,114,78,38,147,21,284,162,0,162,446
06/11/2021,AFW,TX,ASW,CE,Towers with Radar,57,22,46,55,180,0,11,96,0,107,57,33,142,55,287,136,6,142,429
06/12/2021,AFW,TX,ASW,CE,Towers with Radar,33,11,40,3,87,0,0,32,1,33,33,11,72,4,120,20,0,20,140
06/13/2021,AFW,TX,ASW,CE,Towers with Radar,30,15,58,12,115,0,0,50,2,52,30,15,108,14,167,24,0,24,191
06/14/2021,AFW,TX,ASW,CE,Towers with Radar,48,20,22,18,108,0,12,86,0,98,48,32,108,18,206,80,0,80,286
06/15/2021,AFW,TX,ASW,CE,Towers with Radar,77,28,33,40,178,0,12,149,2,163,77,40,182,42,341,160,4,164,505
06/16/2021,AFW,TX,ASW,CE,Towers with Radar,77,28,44,20,169,0,15,128,1,144,77,43,172,21,313,200,2,202,515
06/17/2021,AFW,TX,ASW,CE,Towers with Radar,87,32,42,26,187,0,20,185,8,213,87,52,227,34,400,182,24,206,606
06/18/2021,AFW,TX,ASW,CE,Towers with Radar,59,27,30,8,124,0,13,87,5,105,59,40,117,13,229,102,0,102,331
06/19/2021,AFW,TX,ASW,CE,Towers with Radar,35,3,20,0,58,0,0,78,2,80,35,3,98,2,138,26,0,26,164
06/20/2021,AFW,TX,ASW,CE,Towers with Radar,32,9,19,17,77,0,6,27,1,34,32,15,46,18,111,58,4,62,173
06/21/2021,AFW,TX,ASW,CE,Towers with Radar,42,26,23,20,111,0,1,23,0,24,42,27,46,20,135,36,0,36,171
06/22/2021,AFW,TX,ASW,CE,Towers with Radar,79,22,41,23,165,0,19,115,6,140,79,41,156,29,305,102,4,106,411
06/23/2021,AFW,TX,ASW,CE,Towers with Radar,87,53,52,26,218,0,11,66,1,78,87,64,118,27,296,88,8,96,392
06/24/2021,AFW,TX,ASW,CE,Towers with Radar,83,30,48,11,172,0,35,122,1,158,83,65,170,12,330,182,0,182,512
06/25/2021,AFW,TX,ASW,CE,Towers with Radar,66,32,49,62,209,0,31,109,8,148,66,63,158,70,357,124,30,154,511
06/26/2021,AFW,TX,ASW,CE,Towers with Radar,41,14,16,47,118,0,3,27,12,42,41,17,43,59,160,32,74,106,266
06/27/2021,AFW,TX,ASW,CE,Towers with Radar,31,12,27,52,122,0,0,21,11,32,31,12,48,63,154,32,28,60,214
06/28/2021,AFW,TX,ASW,CE,Towers with Radar,45,21,22,18,106,0,12,17,14,43,45,33,39,32,149,52,22,74,223
06/29/2021,AFW,TX,ASW,CE,Towers with Radar,83,31,42,26,182,0,12,33,5,50,83,43,75,31,232,114,20,134,366
06/30/2021,AFW,TX,ASW,CE,Towers with Radar,90,39,49,41,219,0,15,85,7,107,90,54,134,48,326,180,12,192,518
07/01/2021,AFW,TX,ASW,CE,Towers with Radar,90,27,38,33,188,0,17,100,4,121,90,44,138,37,309,96,0,96,405
07/02/2021,AFW,TX,ASW,CE,Towers with Radar,58,20,32,6,116,0,3,38,0,41,58,23,70,6,157,78,0,78,235
07/03/2021,AFW,TX,ASW,CE,Towers with Radar,33,3,10,0,46,0,0,13,0,13,33,3,23,0,59,32,0,32,91
07/04/2021,AFW,TX,ASW,CE,Towers with Radar,4,3,6,0,13,0,0,16,2,18,4,3,22,2,31,30,0,30,61
07/05/2021,AFW,TX,ASW,CE,Towers with Radar,12,14,16,0,42,0,0,66,0,66,12,14,82,0,108,100,0,100,208
07/06/2021,AFW,TX,ASW,CE,Towers with Radar,46,10,12,6,74,0,3,65,0,68,46,13,77,6,142,116,10,126,268
07/07/2021,AFW,TX,ASW,CE,Towers with Radar,80,21,27,19,147,0,9,134,2,145,80,30,161,21,292,210,10,220,512
07/08/2021,AFW,TX,ASW,CE,Towers with Radar,91,21,34,17,163,0,10,128,1,139,91,31,162,18,302,128,0,128,430
07/09/2021,AFW,TX,ASW,CE,Towers with Radar,68,15,31,75,189,0,2,30,5,37,68,17,61,80,226,26,30,56,282
07/10/2021,AFW,TX,ASW,CE,Towers with Radar,38,2,21,42,103,0,0,20,6,26,38,2,41,48,129,40,20,60,189
07/11/2021,AFW,TX,ASW,CE,Towers with Radar,34,9,22,31,96,0,0,19,1,20,34,9,41,32,116,28,0,28,144
07/12/2021,AFW,TX,ASW,CE,Towers with Radar,46,14,34,23,117,0,18,102,1,121,46,32,136,24,238,48,2,50,288
07/13/2021,AFW,TX,ASW,CE,Towers with Radar,88,21,47,28,184,0,23,126,4,153,88,44,173,32,337,230,0,230,567
07/14/2021,AFW,TX,ASW,CE,Towers with Radar,96,30,45,48,219,0,6,95,8,109,96,36,140,56,328,48,14,62,390
07/15/2021,AFW,TX,ASW,CE,Towers with Radar,88,16,41,47,192,0,19,98,3,120,88,35,139,50,312,208,12,220,532
07/16/2021,AFW,TX,ASW,CE,Towers with Radar,55,17,47,19,138,0,11,111,8,130,55,28,158,27,268,208,23,231,499
07/17/2021,AFW,TX,ASW,CE,Towers with Radar,38,13,9,3,63,0,2,35,7,44,38,15,44,10,107,46,0,46,153
07/18/2021,AFW,TX,ASW,CE,Towers with Radar,34,10,19,12,75,0,0,35,3,38,34,10,54,15,113,72,0,72,185
07/19/2021,AFW,TX,ASW,CE,Towers with Radar,43,18,30,23,114,0,23,37,0,60,43,41,67,23,174,82,0,82,256
07/20/2021,AFW,TX,ASW,CE,Towers with Radar,85,29,35,46,195,0,24,97,5,126,85,53,132,51,321,116,8,124,445
07/21/2021,AFW,TX,ASW,CE,Towers with Radar,89,27,37,26,179,0,13,101,5,119,89,40,138,31,298,124,6,130,428
07/22/2021,AFW,TX,ASW,CE,Towers with Radar,91,20,33,27,171,0,15,115,3,133,91,35,148,30,304,158,20,178,482
07/23/2021,AFW,TX,ASW,CE,Towers with Radar,61,34,34,31,160,0,9,38,4,51,61,43,72,35,211,66,12,78,289
07/24/2021,AFW,TX,ASW,CE,Towers with Radar,35,7,9,13,64,0,0,29,3,32,35,7,38,16,96,86,14,100,196
07/25/2021,AFW,TX,ASW,CE,Towers with Radar,32,8,14,19,73,0,1,33,1,35,32,9,47,20,108,6,0,6,114
07/26/2021,AFW,TX,ASW,CE,Towers with Radar,42,17,16,31,106,0,23,118,3,144,42,40,134,34,250,222,2,224,474
07/27/2021,AFW,TX,ASW,CE,Towers with Radar,86,25,39,27,177,0,19,85,0,104,86,44,124,27,281,52,4,56,337
07/28/2021,AFW,TX,ASW,CE,Towers with Radar,89,32,29,35,185,0,14,120,1,135,89,46,149,36,320,64,12,76,396
07/29/2021,AFW,TX,ASW,CE,Towers with Radar,92,28,37,52,209,0,21,110,5,136,92,49,147,57,345,90,6,96,441
07/30/2021,AFW,TX,ASW,CE,Towers with Radar,56,17,21,47,141,0,11,109,6,126,56,28,130,53,267,80,18,98,365
07/31/2021,AFW,TX,ASW,CE,Towers with Radar,40,9,10,9,68,0,0,21,0,21,40,9,31,9,89,22,0,22,111
08/01/2021,AFW,TX,ASW,CE,Towers with Radar,35,5,14,3,57,0,0,20,0,20,35,5,34,3,77,8,0,8,85
08/02/2021,AFW,TX,ASW,CE,Towers with Radar,45,19,24,20,108,0,6,23,0,29,45,25,47,20,137,20,4,24,161
08/03/2021,AFW,TX,ASW,CE,Towers with Radar,89,21,52,55,217,0,6,129,0,135,89,27,181,55,352,124,6,130,482
08/04/2021,AFW,TX,ASW,CE,Towers with Radar,91,29,36,35,191,0,9,128,1,138,91,38,164,36,329,148,0,148,477
08/05/2021,AFW,TX,ASW,CE,Towers with Radar,92,33,33,61,219,0,11,96,2,109,92,44,129,63,328,60,12,72,400
08/06/2021,AFW,TX,ASW,CE,Towers with Radar,55,31,31,75,192,0,12,87,5,104,55,43,118,80,296,92,12,104,400
08/07/2021,AFW,TX,ASW,CE,Towers with Radar,38,9,12,26,85,0,0,34,5,39,38,9,46,31,124,44,36,80,204
08/08/2021,AFW,TX,ASW,CE,Towers with Radar,36,7,8,28,79,0,0,29,5,34,36,7,37,33,113,8,0,8,121
08/09/2021,AFW,TX,ASW,CE,Towers with Radar,36,12,35,46,129,0,23,94,4,121,36,35,129,50,250,86,18,104,354
08/10/2021,AFW,TX,ASW,CE,Towers with Radar,93,34,42,42,211,0,19,98,2,119,93,53,140,44,330,86,2,88,418
08/11/2021,AFW,TX,ASW,CE,Towers with Radar,86,26,40,54,206,0,9,105,3,117,86,35,145,57,323,72,28,100,423
08/12/2021,AFW,TX,ASW,CE,Towers with Radar,88,28,38,41,195,0,14,121,1,136,88,42,159,42,331,170,22,192,523
08/13/2021,AFW,TX,ASW,CE,Towers with Radar,58,28,29,48,163,0,10,100,7,117,58,38,129,55,280,164,18,182,462
08/14/2021,AFW,TX,ASW,CE,Towers with Radar,36,7,9,6,58,0,0,25,0,25,36,7,34,6,83,18,0,18,101
08/15/2021,AFW,TX,ASW,CE,Towers with Radar,35,6,9,12,62,0,0,26,0,26,35,6,35,12,88,70,2,72,160
08/16/2021,AFW,TX,ASW,CE,Towers with Radar,39,15,24,20,98,0,8,40,3,51,39,23,64,23,149,148,8,156,305
08/17/2021,AFW,TX,ASW,CE,Towers with Radar,89,21,12,0,122,0,12,23,0,35,89,33,35,0,157,78,0,78,235
08/18/2021,AFW,TX,ASW,CE,Towers with Radar,89,20,19,1,129,0,6,6,0,12,89,26,25,1,141,2,0,2,143
08/19/2021,AFW,TX,ASW,CE,Towers with Radar,88,32,21,28,169,0,22,81,0,103,88,54,102,28,272,60,4,64,336
08/20/2021,AFW,TX,ASW,CE,Towers with Radar,61,33,22,42,158,0,19,81,2,102,61,52,103,44,260,44,4,48,308
08/21/2021,AFW,TX,ASW,CE,Towers with Radar,35,3,11,15,64,0,0,30,0,30,35,3,41,15,94,32,0,32,126
08/22/2021,AFW,TX,ASW,CE,Towers with Radar,29,6,12,7,54,0,0,11,0,11,29,6,23,7,65,22,0,22,87
08/23/2021,AFW,TX,ASW,CE,Towers with Radar,40,17,37,18,112,0,10,100,2,112,40,27,137,20,224,46,6,52,276
08/24/2021,AFW,TX,ASW,CE,Towers with Radar,84,21,33,34,172,0,11,82,8,101,84,32,115,42,273,12,6,18,291
08/25/2021,AFW,TX,ASW,CE,Towers with Radar,93,19,38,29,179,0,10,107,5,122,93,29,145,34,301,68,2,70,371
08/26/2021,AFW,TX,ASW,CE,Towers with Radar,86,22,35,49,192,0,14,104,1,119,86,36,139,50,311,56,0,56,367
08/27/2021,AFW,TX,ASW,CE,Towers with Radar,60,13,39,24,136,0,9,99,5,113,60,22,138,29,249,12,10,22,271
08/28/2021,AFW,TX,ASW,CE,Towers with Radar,36,8,18,7,69,0,1,102,7,110,36,9,120,14,179,54,4,58,237
08/29/2021,AFW,TX,ASW,CE,Towers with Radar,32,5,16,13,66,0,0,22,5,27,32,5,38,18,93,28,10,38,131
08/30/2021,AFW,TX,ASW,CE,Towers with Radar,43,4,27,41,115,0,5,107,2,114,43,9,134,43,229,66,8,74,303
08/31/2021,AFW,TX,ASW,CE,Towers with Radar,86,20,43,46,195,0,7,135,0,142,86,27,178,46,337,28,4,32,369
09/01/2021,AFW,TX,ASW,CE,Towers with Radar,86,28,42,48,204,0,13,125,3,141,86,41,167,51,345,54,6,60,405
09/02/2021,AFW,TX,ASW,CE,Towers with Radar,91,30,38,27,186,0,12,110,3,125,91,42,148,30,311,24,0,24,335
09/03/2021,AFW,TX,ASW,CE,Towers with Radar,57,20,31,4,112,0,2,99,2,103,57,22,130,6,215,16,0,16,231
09/04/2021,AFW,TX,ASW,CE,Towers with Radar,35,11,9,5,60,0,0,89,0,89,35,11,98,5,149,54,0,54,203
09/05/2021,AFW,TX,ASW,CE,Towers with Radar,36,7,23,1,67,0,0,7,0,7,36,7,30,1,74,4,0,4,78
09/06/2021,AFW,TX,ASW,CE,Towers with Radar,33,15,12,1,61,0,0,28,0,28,33,15,40,1,89,12,0,12,101
09/07/2021,AFW,TX,ASW,CE,Towers with Radar,42,5,27,41,115,0,5,128,3,136,42,10,155,44,251,62,6,68,319
09/08/2021,AFW,TX,ASW,CE,Towers with Radar,90,24,41,20,175,0,14,74,1,89,90,38,115,21,264,24,0,24,288
09/09/2021,AFW,TX,ASW,CE,Towers with Radar,89,24,36,33,182,0,19,122,0,141,89,43,158,33,323,26,0,26,349
09/10/2021,AFW,TX,ASW,CE,Towers with Radar,63,19,27,22,131,0,4,136,3,143,63,23,163,25,274,64,10,74,348
09/11/2021,AFW,TX,ASW,CE,Towers with Radar,38,8,16,3,65,0,0,66,5,71,38,8,82,8,136,40,16,56,192
09/12/2021,AFW,TX,ASW,CE,Towers with Radar,34,2,18,12,66,0,0,50,3,53,34,2,68,15,119,22,0,22,141
09/13/2021,AFW,TX,ASW,CE,Towers with Radar,43,16,35,23,117,0,15,111,0,126,43,31,146,23,243,70,0,70,313
09/14/2021,AFW,TX,ASW,CE,Towers with Radar,88,24,33,10,155,0,22,92,0,114,88,46,125,10,269,48,0,48,317
09/15/2021,AFW,TX,ASW,CE,Towers with Radar,87,26,30,39,182,0,10,84,1,95,87,36,114,40,277,50,2,52,329
09/16/2021,AFW,TX,ASW,CE,Towers with Radar,90,26,24,37,177,0,29,124,1,154,90,55,148,38,331,32,0,32,363
09/17/2021,AFW,TX,ASW,CE,Towers with Radar,57,28,25,37,147,0,26,90,7,123,57,54,115,44,270,14,12,26,296
09/18/2021,AFW,TX,ASW,CE,Towers with Radar,43,2,17,12,74,0,0,82,16,98,43,2,99,28,172,42,10,52,224
09/19/2021,AFW,TX,ASW,CE,Towers with Radar,33,9,11,11,64,0,1,26,6,33,33,10,37,17,97,6,8,14,111
09/20/2021,AFW,TX,ASW,CE,Towers with Radar,42,8,14,25,89,0,10,73,3,86,42,18,87,28,175,28,0,28,203
09/21/2021,AFW,TX,ASW,CE,Towers with Radar,87,20,32,19,158,0,22,100,0,122,87,42,132,19,280,24,6,30,310
09/22/2021,AFW,TX,ASW,CE,Towers with Radar,90,21,45,12,168,0,9,119,0,128,90,30,164,12,296,48,0,48,344
09/23/2021,AFW,TX,ASW,CE,Towers with Radar,87,34,22,15,158,0,16,146,0,162,87,50,168,15,320,32,0,32,352
09/24/2021,AFW,TX,ASW,CE,Towers with Radar,63,24,33,16,136,0,17,107,1,125,63,41,140,17,261,32,0,32,293
09/25/2021,AFW,TX,ASW,CE,Towers with Radar,35,6,24,11,76,0,0,133,0,133,35,6,157,11,209,38,0,38,247
09/26/2021,AFW,TX,ASW,CE,Towers with Radar,34,9,14,11,68,0,0,35,0,35,34,9,49,11,103,22,4,26,129
09/27/2021,AFW,TX,ASW,CE,Towers with Radar,39,15,19,41,114,0,16,109,2,127,39,31,128,43,241,34,6,40,281
09/28/2021,AFW,TX,ASW,CE,Towers with Radar,90,30,33,50,203,0,20,92,1,113,90,50,125,51,316,34,12,46,362
09/29/2021,AFW,TX,ASW,CE,Towers with Radar,87,38,44,24,193,0,5,63,2,70,87,43,107,26,263,30,8,38,301
09/30/2021,AFW,TX,ASW,CE,Towers with Radar,89,26,59,23,197,0,1,50,0,51,89,27,109,23,248,62,0,62,310
10/01/2021,AFW,TX,ASW,CE,Towers with Radar,56,15,62,4,137,0,1,66,0,67,56,16,128,4,204,14,0,14,218
10/02/2021,AFW,TX,ASW,CE,Towers with Radar,41,0,25,4,70,0,0,27,0,27,41,0,52,4,97,66,0,66,163
10/03/2021,AFW,TX,ASW,CE,Towers with Radar,35,10,30,6,81,0,2,40,2,44,35,12,70,8,125,88,0,88,213
10/04/2021,AFW,TX,ASW,CE,Towers with Radar,42,18,28,70,158,0,16,97,0,113,42,34,125,70,271,26,0,26,297
10/05/2021,AFW,TX,ASW,CE,Towers with Radar,83,27,31,65,206,0,16,136,3,155,83,43,167,68,361,58,6,64,425
10/06/2021,AFW,TX,ASW,CE,Towers with Radar,92,25,39,63,219,0,17,114,7,138,92,42,153,70,357,16,0,16,373
10/07/2021,AFW,TX,ASW,CE,Towers with Radar,91,18,47,35,191,0,16,113,6,135,91,34,160,41,326,84,10,94,420
10/08/2021,AFW,TX,ASW,CE,Towers with Radar,64,21,47,19,151,0,14,114,0,128,64,35,161,19,279,82,0,82,361
10/09/2021,AFW,TX,ASW,CE,Towers with Radar,40,7,20,0,67,0,2,90,1,93,40,9,110,1,160,70,0,70,230
10/10/2021,AFW,TX,ASW,CE,Towers with Radar,39,11,38,6,94,0,0,20,5,25,39,11,58,11,119,6,0,6,125
10/11/2021,AFW,TX,ASW,CE,Towers with Radar,49,5,15,5,74,0,2,108,1,111,49,7,123,6,185,116,2,118,303
10/12/2021,AFW,TX,ASW,CE,Towers with Radar,90,16,35,47,188,0,3,25,0,28,90,19,60,47,216,72,4,76,292
10/13/2021,AFW,TX,ASW,CE,Towers with Radar,88,17,18,5,128,0,0,20,0,20,88,17,38,5,148,2,0,2,150
10/14/2021,AFW,TX,ASW,CE,Towers with Radar,88,17,47,34,186,0,14,46,0,60,88,31,93,34,246,46,2,48,294
10/15/2021,AFW,TX,ASW,CE,Towers with Radar,65,18,67,50,200,0,2,45,0,47,65,20,112,50,247,40,10,50,297
10/16/2021,AFW,TX,ASW,CE,Towers with Radar,41,5,53,12,111,0,2,162,0,164,41,7,215,12,275,88,0,88,363
10/17/2021,AFW,TX,ASW,CE,Towers with Radar,41,13,81,3,138,0,0,45,2,47,41,13,126,5,185,7,0,7,192
10/18/2021,AFW,TX,ASW,CE,Towers with Radar,47,35,47,33,162,0,25,135,0,160,47,60,182,33,322,116,0,116,438
10/19/2021,AFW,TX,ASW,CE,Towers with Radar,89,26,32,26,173,0,23,101,3,127,89,49,133,29,300,104,0,104,404
10/20/2021,AFW,TX,ASW,CE,Towers with Radar,90,15,34,34,173,0,2,87,3,92,90,17,121,37,265,148,14,162,427
10/21/2021,AFW,TX,ASW,CE,Towers with Radar,87,19,17,3,126,0,1,51,2,54,87,20,68,5,180,16,2,18,198
10/22/2021,AFW,TX,ASW,CE,Towers with Radar,59,10,15,3,87,0,0,36,29,65,59,10,51,32,152,46,0,46,198
10/23/2021,AFW,TX,ASW,CE,Towers with Radar,38,1,11,1,51,0,1,7,20,28,38,2,18,21,79,18,0,18,97
10/24/2021,AFW,TX,ASW,CE,Towers with Radar,34,5,4,6,49,0,0,10,21,31,34,5,14,27,80,16,0,16,96
10/25/2021,AFW,TX,ASW,CE,Towers with Radar,42,15,19,16,92,0,9,103,0,112,42,24,122,16,204,114,0,114,318
10/26/2021,AFW,TX,ASW,CE,Towers with Radar,87,35,52,15,189,0,5,36,2,43,87,40,88,17,232,50,8,58,290
10/27/2021,AFW,TX,ASW,CE,Towers with Radar,87,25,39,7,158,0,0,28,1,29,87,25,67,8,187,8,0,8,195
10/28/2021,AFW,TX,ASW,CE,Towers with Radar,93,21,28,1,143,0,2,7,0,9,93,23,35,1,152,0,0,0,152
10/29/2021,AFW,TX,ASW,CE,Towers with Radar,65,29,38,3,135,0,1,19,0,20,65,30,57,3,155,0,2,2,157
10/30/2021,AFW,TX,ASW,CE,Towers with Radar,8,5,20,3,36,0,0,153,2,155,8,5,173,5,191,158,8,166,357
10/31/2021,AFW,TX,ASW,CE,Towers with Radar,39,6,16,1,62,0,0,24,0,24,39,6,40,1,86,0,0,0,86
11/01/2021,AFW,TX,ASW,CE,Towers with Radar,42,30,41,4,117,0,20,122,5,147,42,50,163,9,264,172,2,174,438
11/02/2021,AFW,TX,ASW,CE,Towers with Radar,87,35,46,20,188,0,7,19,0,26,87,42,65,20,214,22,0,22,236
11/03/2021,AFW,TX,ASW,CE,Towers with Radar,93,15,25,1,134,0,0,0,0,0,93,15,25,1,134,0,0,0,134
11/04/2021,AFW,TX,ASW,CE,Towers with Radar,94,46,47,48,235,0,21,77,6,104,94,67,124,54,339,124,2,126,465
11/05/2021,AFW,TX,ASW,CE,Towers with Radar,65,41,42,29,177,0,27,144,9,180,65,68,186,38,357,144,20,164,521
11/06/2021,AFW,TX,ASW,CE,Towers with Radar,48,21,18,27,114,1,0,133,6,140,49,21,151,33,254,116,18,134,388
11/07/2021,AFW,TX,ASW,CE,Towers with Radar,37,15,13,16,81,0,8,36,2,46,37,23,49,18,127,38,0,38,165
11/08/2021,AFW,TX,ASW,CE,Towers with Radar,56,22,33,11,122,0,12,94,2,108,56,34,127,13,230,128,2,130,360
11/09/2021,AFW,TX,ASW,CE,Towers with Radar,96,29,34,37,196,0,19,116,3,138,96,48,150,40,334,128,8,136,470
11/10/2021,AFW,TX,ASW,CE,Towers with Radar,94,39,53,43,229,0,5,24,0,29,94,44,77,43,258,60,0,60,318
11/11/2021,AFW,TX,ASW,CE,Towers with Radar,94,20,26,0,140,0,2,127,4,133,94,22,153,4,273,176,0,176,449
11/12/2021,AFW,TX,ASW,CE,Towers with Radar,70,26,27,36,159,0,8,106,3,117,70,34,133,39,276,128,12,140,416
11/13/2021,AFW,TX,ASW,CE,Towers with Radar,43,7,16,20,86,0,0,121,6,127,43,7,137,26,213,162,26,188,401
11/14/2021,AFW,TX,ASW,CE,Towers with Radar,38,17,16,4,75,0,0,42,2,44,38,17,58,6,119,50,6,56,175
11/15/2021,AFW,TX,ASW,CE,Towers with Radar,44,19,64,19,146,0,18,91,4,113,44,37,155,23,259,128,0,128,387
11/16/2021,AFW,TX,ASW,CE,Towers with Radar,90,34,36,28,188,0,26,92,4,122,90,60,128,32,310,76,6,82,392
11/17/2021,AFW,TX,ASW,CE,Towers with Radar,88,20,41,39,188,0,13,63,0,76,88,33,104,39,264,28,18,46,310
11/18/2021,AFW,TX,ASW,CE,Towers with Radar,94,39,48,43,224,0,35,74,2,111,94,74,122,45,335,72,6,78,413
11/19/2021,AFW,TX,ASW,CE,Towers with Radar,61,36,35,47,179,0,31,133,6,170,61,67,168,53,349,114,20,134,483
11/20/2021,AFW,TX,ASW,CE,Towers with Radar,45,9,12,10,76,0,0,82,2,84,45,9,94,12,160,120,2,122,282
11/21/2021,AFW,TX,ASW,CE,Towers with Radar,41,9,14,17,81,0,0,17,0,17,41,9,31,17,98,36,0,36,134
11/22/2021,AFW,TX,ASW,CE,Towers with Radar,45,18,38,51,152,0,18,112,1,131,45,36,150,52,283,160,8,168,451
11/23/2021,AFW,TX,ASW,CE,Towers with Radar,92,31,26,39,188,0,19,93,1,113,92,50,119,40,301,116,2,118,419
11/24/2021,AFW,TX,ASW,CE,Towers with Radar,86,23,29,24,162,0,2,36,0,38,86,25,65,24,200,26,0,26,226
11/25/2021,AFW,TX,ASW,CE,Towers with Radar,13,6,2,0,21,0,0,6,0,6,13,6,8,0,27,6,0,6,33
11/26/2021,AFW,TX,ASW,CE,Towers with Radar,32,10,17,0,59,0,0,48,0,48,32,10,65,0,107,24,0,24,131
11/27/2021,AFW,TX,ASW,CE,Towers with Radar,46,19,17,0,82,0,0,10,0,10,46,19,27,0,92,78,0,78,170
11/28/2021,AFW,TX,ASW,CE,Towers with Radar,38,19,19,1,77,0,3,42,0,45,38,22,61,1,122,80,0,80,202
11/29/2021,AFW,TX,ASW,CE,Towers with Radar,47,24,33,58,162,0,12,99,3,114,47,36,132,61,276,108,18,126,402
11/30/2021,AFW,TX,ASW,CE,Towers with Radar,99,29,40,50,218,0,31,115,12,158,99,60,155,62,376,120,24,144,520
12/01/2021,AFW,TX,ASW,CE,Towers with Radar,104,30,46,52,232,0,32,94,5,131,104,62,140,57,363,108,15,123,486
12/02/2021,AFW,TX,ASW,CE,Towers with Radar,101,31,42,62,236,0,33,107,6,146,101,64,149,68,382,166,17,183,565
12/03/2021,AFW,TX,ASW,CE,Towers with Radar,74,29,33,25,161,0,18,52,7,77,74,47,85,32,238,50,22,72,310
12/04/2021,AFW,TX,ASW,CE,Towers with Radar,81,14,19,41,155,0,0,49,7,56,81,14,68,48,211,116,10,126,337
12/05/2021,AFW,TX,ASW,CE,Towers with Radar,40,8,13,21,82,0,0,23,0,23,40,8,36,21,105,50,0,50,155
12/06/2021,AFW,TX,ASW,CE,Towers with Radar,46,20,42,31,139,0,18,35,7,60,46,38,77,38,199,50,24,74,273
12/07/2021,AFW,TX,ASW,CE,Towers with Radar,101,27,34,43,205,0,30,114,5,149,101,57,148,48,354,140,8,148,502
12/08/2021,AFW,TX,ASW,CE,Towers with Radar,104,22,49,9,184,0,4,45,3,52,104,26,94,12,236,62,4,66,302
12/09/2021,AFW,TX,ASW,CE,Towers with Radar,112,27,49,46,234,0,36,135,9,180,112,63,184,55,414,86,2,88,502
12/10/2021,AFW,TX,ASW,CE,Towers with Radar,79,33,45,54,211,0,13,45,1,59,79,46,90,55,270,56,4,60,330
12/11/2021,AFW,TX,ASW,CE,Towers with Radar,89,19,24,19,151,0,2,72,2,76,89,21,96,21,227,130,22,152,379
12/12/2021,AFW,TX,ASW,CE,Towers with Radar,40,13,16,7,76,0,0,39,6,45,40,13,55,13,121,30,6,36,157
12/13/2021,AFW,TX,ASW,CE,Towers with Radar,47,15,36,20,118,0,23,107,6,136,47,38,143,26,254,54,2,56,310
12/14/2021,AFW,TX,ASW,CE,Towers with Radar,107,21,40,24,192,0,29,62,5,96,107,50,102,29,288,88,2,90,378
12/15/2021,AFW,TX,ASW,CE,Towers with Radar,94,21,42,5,162,0,6,22,6,34,94,27,64,11,196,6,0,6,202
12/16/2021,AFW,TX,ASW,CE,Towers with Radar,98,47,55,36,236,0,19,50,3,72,98,66,105,39,308,30,4,34,342
12/17/2021,AFW,TX,ASW,CE,Towers with Radar,79,35,34,40,188,0,16,17,1,34,79,51,51,41,222,2,0,2,224
12/18/2021,AFW,TX,ASW,CE,Towers with Radar,89,19,12,10,130,0,0,28,1,29,89,19,40,11,159,50,0,50,209
12/19/2021,AFW,TX,ASW,CE,Towers with Radar,43,8,13,12,76,0,0,36,0,36,43,8,49,12,112,32,0,32,144
12/20/2021,AFW,TX,ASW,CE,Towers with Radar,51,23,26,16,116,0,15,50,3,68,51,38,76,19,184,58,8,66,250
12/21/2021,AFW,TX,ASW,CE,Towers with Radar,98,31,31,17,177,0,9,57,4,70,98,40,88,21,247,74,2,76,323
12/22/2021,AFW,TX,ASW,CE,Towers with Radar,104,30,30,4,168,1,4,45,0,50,105,34,75,4,218,40,0,40,258
12/23/2021,AFW,TX,ASW,CE,Towers with Radar,99,22,17,1,139,0,0,36,0,36,99,22,53,1,175,36,0,36,211
12/24/2021,AFW,TX,ASW,CE,Towers with Radar,34,14,7,2,57,0,0,8,1,9,34,14,15,3,66,52,0,52,118
12/25/2021,AFW,TX,ASW,CE,Towers with Radar,3,3,3,0,9,0,0,5,0,5,3,3,8,0,14,4,0,4,18
12/26/2021,AFW,TX,ASW,CE,Towers with Radar,7,5,11,0,23,0,0,5,0,5,7,5,16,0,28,6,0,6,34
12/27/2021,AFW,TX,ASW,CE,Towers with Radar,48,18,14,3,83,0,4,49,0,53,48,22,63,3,136,82,0,82,218
12/28/2021,AFW,TX,ASW,CE,Towers with Radar,98,15,26,16,155,0,7,43,3,53,98,22,69,19,208,44,0,44,252
12/29/2021,AFW,TX,ASW,CE,Towers with Radar,98,19,22,2,141,0,6,50,0,56,98,25,72,2,197,64,0,64,261
12/30/2021,AFW,TX,ASW,CE,Towers with Radar,101,17,18,0,136,0,1,70,0,71,101,18,88,0,207,158,0,158,365
12/31/2021,AFW,TX,ASW,CE,Towers with Radar,39,9,15,0,63,0,0,23,0,23,39,9,38,0,86,32,0,32,118
01/01/2022,AFW,TX,ASW,CE,Towers with Radar,6,8,4,0,18,0,0,0,0,0,6,8,4,0,18,0,0,0,18
01/02/2022,AFW,TX,ASW,CE,Towers with Radar,40,9,12,0,61,0,0,10,0,10,40,9,22,0,71,16,0,16,87
01/03/2022,AFW,TX,ASW,CE,Towers with Radar,44,11,20,0,75,0,13,43,0,56,44,24,63,0,131,46,0,46,177
01/04/2022,AFW,TX,ASW,CE,Towers with Radar,85,14,22,8,129,0,4,66,0,70,85,18,88,8,199,102,0,102,301
01/05/2022,AFW,TX,ASW,CE,Towers with Radar,88,18,24,17,147,0,8,69,0,77,88,26,93,17,224,88,0,88,312
01/06/2022,AFW,TX,ASW,CE,Towers with Radar,89,19,26,56,190,0,9,92,0,101,89,28,118,56,291,88,0,88,379
01/07/2022,AFW,TX,ASW,CE,Towers with Radar,64,24,28,32,148,0,11,63,1,75,64,35,91,33,223,50,2,52,275
01/08/2022,AFW,TX,ASW,CE,Towers with Radar,43,6,14,14,77,0,0,0,0,0,43,6,14,14,77,0,0,0,77
01/09/2022,AFW,TX,ASW,CE,Towers with Radar,42,7,23,3,75,0,1,9,0,10,42,8,32,3,85,18,0,18,103
01/10/2022,AFW,TX,ASW,CE,Towers with Radar,49,13,33,23,118,0,8,69,3,80,49,21,102,26,198,45,4,49,247
01/11/2022,AFW,TX,ASW,CE,Towers with Radar,95,25,27,42,189,0,18,78,0,96,95,43,105,42,285,68,4,72,357
01/12/2022,AFW,TX,ASW,CE,Towers with Radar,86,16,47,28,177,3,18,109,1,131,89,34,156,29,308,141,0,141,449
01/13/2022,AFW,TX,ASW,CE,Towers with Radar,89,28,27,34,178,0,16,108,2,126,89,44,135,36,304,122,0,122,426
01/14/2022,AFW,TX,ASW,CE,Towers with Radar,67,23,29,59,178,0,6,103,5,114,67,29,132,64,292,102,32,134,426
01/15/2022,AFW,TX,ASW,CE,Towers with Radar,39,4,8,2,53,0,0,3,0,3,39,4,11,2,56,0,0,0,56
01/16/2022,AFW,TX,ASW,CE,Towers with Radar,28,6,14,5,53,0,0,56,3,59,28,6,70,8,112,82,4,86,198
01/17/2022,AFW,TX,ASW,CE,Towers with Radar,42,16,27,2,87,0,3,56,3,62,42,19,83,5,149,120,0,120,269
01/18/2022,AFW,TX,ASW,CE,Towers with Radar,84,28,30,32,174,0,0,74,5,79,84,28,104,37,253,96,10,106,359
01/19/2022,AFW,TX,ASW,CE,Towers with Radar,86,34,29,87,236,0,12,78,12,102,86,46,107,99,338,68,36,104,442
01/20/2022,AFW,TX,ASW,CE,Towers with Radar,88,23,28,48,187,0,18,61,10,89,88,41,89,58,276,110,14,124,400
01/21/2022,AFW,TX,ASW,CE,Towers with Radar,64,20,30,52,166,0,5,124,4,133,64,25,154,56,299,100,24,124,423
01/22/2022,AFW,TX,ASW,CE,Towers with Radar,32,5,22,43,102,0,0,131,5,136,32,5,153,48,238,146,18,164,402
01/23/2022,AFW,TX,ASW,CE,Towers with Radar,30,12,12,18,72,0,0,50,1,51,30,12,62,19,123,36,6,42,165
01/24/2022,AFW,TX,ASW,CE,Towers with Radar,38,22,31,23,114,0,11,102,2,115,38,33,133,25,229,94,0,94,323
01/25/2022,AFW,TX,ASW,CE,Towers with Radar,88,30,34,38,190,0,20,89,1,110,88,50,123,39,300,40,0,40,340
01/26/2022,AFW,TX,ASW,CE,Towers with Radar,82,31,34,31,178,0,22,109,1,132,82,53,143,32,310,150,0,150,460
01/27/2022,AFW,TX,ASW,CE,Towers with Radar,91,25,41,66,223,0,18,65,0,83,91,43,106,66,306,106,8,114,420
01/28/2022,AFW,TX,ASW,CE,Towers with Radar,55,19,34,45,153,0,7,80,7,94,55,26,114,52,247,60,10,70,317
01/29/2022,AFW,TX,ASW,CE,Towers with Radar,38,2,17,20,77,0,0,88,0,88,38,2,105,20,165,97,0,97,262
01/30/2022,AFW,TX,ASW,CE,Towers with Radar,31,7,12,19,69,0,0,66,4,70,31,7,78,23,139,76,0,76,215
01/31/2022,AFW,TX,ASW,CE,Towers with Radar,39,24,36,43,142,0,15,121,0,136,39,39,157,43,278,102,0,102,380
02/01/2022,AFW,TX,ASW,CE,Towers with Radar,92,41,37,54,224,0,14,69,2,85,92,55,106,56,309,144,14,158,467
02/02/2022,AFW,TX,ASW,CE,Towers with Radar,71,18,23,0,112,0,0,8,0,8,71,18,31,0,120,4,0,4,124
02/03/2022,AFW,TX,ASW,CE,Towers with Radar,0,0,3,0,3,0,0,0,0,0,0,0,3,0,3,0,0,0,3
02/04/2022,AFW,TX,ASW,CE,Towers with Radar,26,1,10,0,37,0,0,10,0,10,26,1,20,0,47,0,0,0,47
02/05/2022,AFW,TX,ASW,CE,Towers with Radar,35,3,14,9,61,0,0,21,7,28,35,3,35,16,89,48,18,66,155
02/06/2022,AFW,TX,ASW,CE,Towers with Radar,28,12,10,4,54,0,4,42,0,46,28,16,52,4,100,20,0,20,120
02/07/2022,AFW,TX,ASW,CE,Towers with Radar,42,29,17,5,93,0,36,135,0,171,42,65,152,5,264,48,0,48,312
02/08/2022,AFW,TX,ASW,CE,Towers with Radar,91,42,40,29,202,0,20,115,0,135,91,62,155,29,337,124,0,124,461
02/09/2022,AFW,TX,ASW,CE,Towers with Radar,95,42,41,9,187,0,19,158,0,177,95,61,199,9,364,162,0,162,526
02/10/2022,AFW,TX,ASW,CE,Towers with Radar,87,31,53,29,200,0,20,150,2,172,87,51,203,31,372,206,14,220,592
02/11/2022,AFW,TX,ASW,CE,Towers with Radar,55,29,23,19,126,0,21,82,4,107,55,50,105,23,233,110,12,122,355
02/12/2022,AFW,TX,ASW,CE,Towers with Radar,38,12,9,29,88,0,0,32,6,38,38,12,41,35,126,54,14,68,194
02/13/2022,AFW,TX,ASW,CE,Towers with Radar,35,13,15,32,95,0,0,27,14,41,35,13,42,46,136,40,0,40,176
02/14/2022,AFW,TX,ASW,CE,Towers with Radar,43,23,25,1,92,0,11,153,0,164,43,34,178,1,256,120,0,120,376
02/15/2022,AFW,TX,ASW,CE,Towers with Radar,87,31,17,21,156,0,18,109,1,128,87,49,126,22,284,54,4,58,342
02/16/2022,AFW,TX,ASW,CE,Towers with Radar,89,34,28,14,165,0,18,27,0,45,89,52,55,14,210,18,6,24,234
02/17/2022,AFW,TX,ASW,CE,Towers with Radar,82,34,30,3,149,0,5,8,0,13,82,39,38,3,162,14,0,14,176
02/18/2022,AFW,TX,ASW,CE,Towers with Radar,58,35,26,33,152,0,34,130,12,176,58,69,156,45,328,200,30,230,558
02/19/2022,AFW,TX,ASW,CE,Towers with Radar,39,14,18,1,72,0,4,120,6,130,39,18,138,7,202,102,40,142,344
02/20/2022,AFW,TX,ASW,CE,Towers with Radar,30,23,16,27,96,0,2,39,4,45,30,25,55,31,141,62,24,86,227
02/21/2022,AFW,TX,ASW,CE,Towers with Radar,23,12,12,11,58,0,0,27,3,30,23,12,39,14,88,34,2,36,124
02/22/2022,AFW,TX,ASW,CE,Towers with Radar,69,33,18,20,140,0,5,110,6,121,69,38,128,26,261,112,2,114,375
02/23/2022,AFW,TX,ASW,CE,Towers with Radar,64,13,3,0,80,0,2,0,0,2,64,15,3,0,82,0,0,0,82
02/24/2022,AFW,TX,ASW,CE,Towers with Radar,29,1,8,0,38,0,0,1,0,1,29,1,9,0,39,0,0,0,39
02/25/2022,AFW,TX,ASW,CE,Towers with Radar,34,28,12,22,96,0,32,90,1,123,34,60,102,23,219,94,4,98,317
02/26/2022,AFW,TX,ASW,CE,Towers with Radar,37,11,2,5,55,0,0,1,0,1,37,11,3,5,56,24,0,24,80
02/27/2022,AFW,TX,ASW,CE,Towers with Radar,34,12,10,7,63,0,1,44,5,50,34,13,54,12,113,36,4,40,153
02/28/2022,AFW,TX,ASW,CE,Towers with Radar,42,35,45,35,157,0,21,159,2,182,42,56,204,37,339,50,4,54,393
03/01/2022,AFW,TX,ASW,CE,Towers with Radar,94,29,57,39,219,0,26,160,1,187,94,55,217,40,406,70,0,70,476
03/02/2022,AFW,TX,ASW,CE,Towers with Radar,91,27,38,29,185,0,21,108,2,131,91,48,146,31,316,86,6,92,408
03/03/2022,AFW,TX,ASW,CE,Towers with Radar,92,33,41,36,202,0,38,115,2,155,92,71,156,38,357,26,8,34,391
03/04/2022,AFW,TX,ASW,CE,Towers with Radar,56,34,56,47,193,0,10,27,0,37,56,44,83,47,230,2,6,8,238
03/05/2022,AFW,TX,ASW,CE,Towers with Radar,36,15,18,58,127,0,1,12,2,15,36,16,30,60,142,10,14,24,166
03/06/2022,AFW,TX,ASW,CE,Towers with Radar,37,15,23,5,80,0,0,6,1,7,37,15,29,6,87,14,8,22,109
03/07/2022,AFW,TX,ASW,CE,Towers with Radar,38,23,38,28,127,0,22,90,1,113,38,45,128,29,240,60,0,60,300
03/08/2022,AFW,TX,ASW,CE,Towers with Radar,88,43,45,9,185,0,9,15,0,24,88,52,60,9,209,16,0,16,225
03/09/2022,AFW,TX,ASW,CE,Towers with Radar,88,34,35,51,208,0,44,147,2,193,88,78,182,53,401,46,10,56,457
03/10/2022,AFW,TX,ASW,CE,Towers with Radar,84,42,52,32,210,0,38,148,6,192,84,80,200,38,402,68,2,70,472
03/11/2022,AFW,TX,ASW,CE,Towers with Radar,51,24,19,12,106,0,0,0,1,1,51,24,19,13,107,0,16,16,123
03/12/2022,AFW,TX,ASW,CE,Towers with Radar,30,17,17,3,67,0,0,118,1,119,30,17,135,4,186,82,0,82,268
03/13/2022,AFW,TX,ASW,CE,Towers with Radar,34,13,26,21,94,0,1,28,2,31,34,14,54,23,125,6,0,6,131
03/14/2022,AFW,TX,ASW,CE,Towers with Radar,39,27,23,39,128,0,3,34,0,37,39,30,57,39,165,0,4,4,169
03/15/2022,AFW,TX,ASW,CE,Towers with Radar,83,40,27,43,193,0,13,86,2,101,83,53,113,45,294,48,6,54,348
03/16/2022,AFW,TX,ASW,CE,Towers with Radar,82,32,21,108,243,0,14,118,4,136,82,46,139,112,379,46,24,70,449
03/17/2022,AFW,TX,ASW,CE,Towers with Radar,81,26,33,49,189,0,20,37,5,62,81,46,70,54,251,6,0,6,257
03/18/2022,AFW,TX,ASW,CE,Towers with Radar,49,29,25,75,178,0,0,13,4,17,49,29,38,79,195,0,20,20,215
03/19/2022,AFW,TX,ASW,CE,Towers with Radar,32,37,26,26,121,0,2,82,1,85,32,39,108,27,206,84,16,100,306
03/20/2022,AFW,TX,ASW,CE,Towers with Radar,32,35,37,23,127,0,0,23,1,24,32,35,60,24,151,0,6,6,157
03/21/2022,AFW,TX,ASW,CE,Towers with Radar,33,15,20,5,73,0,0,0,0,0,33,15,20,5,73,0,0,0,73
03/22/2022,AFW,TX,ASW,CE,Towers with Radar,81,28,47,61,217,0,0,25,1,26,81,28,72,62,243,32,0,32,275
03/23/2022,AFW,TX,ASW,CE,Towers with Radar,86,33,51,39,209,0,20,82,0,102,86,53,133,39,311,44,0,44,355
03/24/2022,AFW,TX,ASW,CE,Towers with Radar,79,39,46,39,203,0,30,78,0,108,79,69,124,39,311,46,10,56,367
03/25/2022,AFW,TX,ASW,CE,Towers with Radar,51,27,40,30,148,0,18,123,8,149,51,45,163,38,297,78,28,106,403
03/26/2022,AFW,TX,ASW,CE,Towers with Radar,30,17,16,36,99,0,3,82,5,90,30,20,98,41,189,68,10,78,267
03/27/2022,AFW,TX,ASW,CE,Towers with Radar,31,14,19,14,78,0,4,25,2,31,31,18,44,16,109,18,0,18,127
03/28/2022,AFW,TX,ASW,CE,Towers with Radar,36,26,13,26,101,0,9,90,5,104,36,35,103,31,205,54,2,56,261
03/29/2022,AFW,TX,ASW,CE,Towers with Radar,77,37,26,6,146,0,14,23,0,37,77,51,49,6,183,0,0,0,183
03/30/2022,AFW,TX,ASW,CE,Towers with Radar,84,26,31,19,160,0,2,21,0,23,84,28,52,19,183,32,4,36,219
03/31/2022,AFW,TX,ASW,CE,Towers with Radar,90,32,56,15,193,0,18,80,8,106,90,50,136,23,299,150,0,150,449
04/01/2022,AFW,TX,ASW,CE,Towers with Radar,51,39,33,35,158,0,22,90,8,120,51,61,123,43,278,60,18,78,356
04/02/2022,AFW,TX,ASW,CE,Towers with Radar,36,15,10,35,96,0,0,72,9,81,36,15,82,44,177,86,8,94,271
04/03/2022,AFW,TX,ASW,CE,Towers with Radar,34,8,20,39,101,0,0,18,5,23,34,8,38,44,124,0,6,6,130
04/04/2022,AFW,TX,ASW,CE,Towers with Radar,34,27,33,22,116,0,12,51,0,63,34,39,84,22,179,56,0,56,235
04/05/2022,AFW,TX,ASW,CE,Towers with Radar,96,32,24,33,185,0,20,89,1,110,96,52,113,34,295,66,8,74,369
04/06/2022,AFW,TX,ASW,CE,Towers with Radar,87,35,33,13,168,0,20,79,0,99,87,55,112,13,267,92,4,96,363
04/07/2022,AFW,TX,ASW,CE,Towers with Radar,81,25,38,21,165,0,23,43,0,66,81,48,81,21,231,32,10,42,273
04/08/2022,AFW,TX,ASW,CE,Towers with Radar,64,34,38,11,147,0,19,45,2,66,64,53,83,13,213,58,12,70,283
04/09/2022,AFW,TX,ASW,CE,Towers with Radar,32,14,20,5,71,0,0,72,3,75,32,14,92,8,146,158,4,162,308
04/10/2022,AFW,TX,ASW,CE,Towers with Radar,33,9,15,4,61,0,2,7,0,9,33,11,22,4,70,14,0,14,84
04/11/2022,AFW,TX,ASW,CE,Towers with Radar,35,31,39,33,138,0,11,38,0,49,35,42,77,33,187,0,2,2,189
04/12/2022,AFW,TX,ASW,CE,Towers with Radar,78,24,33,18,153,0,5,32,2,39,78,29,65,20,192,38,4,42,234
04/13/2022,AFW,TX,ASW,CE,Towers with Radar,84,23,36,61,204,0,4,62,2,68,84,27,98,63,272,28,4,32,304
04/14/2022,AFW,TX,ASW,CE,Towers with Radar,83,30,41,26,180,0,44,154,1,199,83,74,195,27,379,102,0,102,481
04/15/2022,AFW,TX,ASW,CE,Towers with Radar,52,32,54,24,162,0,21,44,5,70,52,53,98,29,232,54,4,58,290
04/16/2022,AFW,TX,ASW,CE,Towers with Radar,32,11,21,4,68,0,0,32,0,32,32,11,53,4,100,56,0,56,156
04/17/2022,AFW,TX,ASW,CE,Towers with Radar,29,15,21,1,66,0,0,17,1,18,29,15,38,2,84,40,0,40,124
04/18/2022,AFW,TX,ASW,CE,Towers with Radar,39,34,39,75,187,0,10,63,1,74,39,44,102,76,261,24,6,30,291
04/19/2022,AFW,TX,ASW,CE,Towers with Radar,83,35,52,41,211,0,14,88,8,110,83,49,140,49,321,76,4,80,401
04/20/2022,AFW,TX,ASW,CE,Towers with Radar,82,25,34,68,209,0,3,17,4,24,82,28,51,72,233,10,2,12,245
04/21/2022,AFW,TX,ASW,CE,Towers with Radar,85,44,54,35,218,0,10,51,5,66,85,54,105,40,284,78,0,78,362
04/22/2022,AFW,TX,ASW,CE,Towers with Radar,49,42,50,75,216,0,11,34,5,50,49,53,84,80,266,64,6,70,336
04/23/2022,AFW,TX,ASW,CE,Towers with Radar,19,11,12,24,66,0,0,19,5,24,19,11,31,29,90,40,12,52,142
04/24/2022,AFW,TX,ASW,CE,Towers with Radar,17,8,10,1,36,0,0,3,0,3,17,8,13,1,39,6,0,6,45
04/25/2022,AFW,TX,ASW,CE,Towers with Radar,37,24,35,24,120,0,16,50,2,68,37,40,85,26,188,98,0,98,286
04/26/2022,AFW,TX,ASW,CE,Towers with Radar,85,35,56,24,200,0,23,171,9,203,85,58,227,33,403,238,6,244,647
04/27/2022,AFW,TX,ASW,CE,Towers with Radar,84,35,50,30,199,0,20,126,0,146,84,55,176,30,345,212,0,212,557
04/28/2022,AFW,TX,ASW,CE,Towers with Radar,83,46,51,27,207,0,18,50,0,68,83,64,101,27,275,148,6,154,429
04/29/2022,AFW,TX,ASW,CE,Towers with Radar,58,32,69,12,171,0,7,37,7,51,58,39,106,19,222,60,0,60,282
04/30/2022,AFW,TX,ASW,CE,Towers with Radar,34,15,17,0,66,0,0,91,0,91,34,15,108,0,157,138,0,138,295
05/01/2022,AFW,TX,ASW,CE,Towers with Radar,29,12,13,1,55,0,0,36,0,36,29,12,49,1,91,40,0,40,131
05/02/2022,AFW,TX,ASW,CE,Towers with Radar,39,20,24,25,108,0,9,38,3,50,39,29,62,28,158,58,2,60,218
05/03/2022,AFW,TX,ASW,CE,Towers with Radar,85,29,28,16,158,0,2,23,0,25,85,31,51,16,183,58,0,58,241
05/04/2022,AFW,TX,ASW,CE,Towers with Radar,84,25,40,17,166,0,5,15,0,20,84,30,55,17,186,30,0,30,216
05/05/2022,AFW,TX,ASW,CE,Towers with Radar,90,28,43,8,169,0,11,38,6,55,90,39,81,14,224,50,0,50,274
05/06/2022,AFW,TX,ASW,CE,Towers with Radar,58,27,33,14,132,0,30,91,12,133,58,57,124,26,265,152,18,170,435
05/07/2022,AFW,TX,ASW,CE,Towers with Radar,35,18,13,0,66,0,0,33,0,33,35,18,46,0,99,140,0,140,239
05/08/2022,AFW,TX,ASW,CE,Towers with Radar,30,13,8,40,91,0,1,17,2,20,30,14,25,42,111,14,2,16,127
05/09/2022,AFW,TX,ASW,CE,Towers with Radar,35,27,26,27,115,0,9,44,8,61,35,36,70,35,176,14,16,30,206
05/10/2022,AFW,TX,ASW,CE,Towers with Radar,83,37,40,18,178,0,8,110,3,121,83,45,150,21,299,130,10,140,439
05/11/2022,AFW,TX,ASW,CE,Towers with Radar,80,32,63,20,195,0,23,128,2,153,80,55,191,22,348,154,0,154,502
05/12/2022,AFW,TX,ASW,CE,Towers with Radar,82,36,37,53,208,0,27,93,11,131,82,63,130,64,339,214,28,242,581
05/13/2022,AFW,TX,ASW,CE,Towers with Radar,51,25,30,24,130,0,25,96,9,130,51,50,126,33,260,166,28,194,454
05/14/2022,AFW,TX,ASW,CE,Towers with Radar,28,15,8,45,96,0,0,90,11,101,28,15,98,56,197,272,6,278,475
05/15/2022,AFW,TX,ASW,CE,Towers with Radar,31,18,21,49,119,0,0,41,11,52,31,18,62,60,171,43,16,59,230
05/16/2022,AFW,TX,ASW,CE,Towers with Radar,41,22,44,19,126,0,10,91,4,105,41,32,135,23,231,138,0,138,369
05/17/2022,AFW,TX,ASW,CE,Towers with Radar,80,33,44,8,165,0,20,115,3,138,80,53,159,11,303,66,4,70,373
05/18/2022,AFW,TX,ASW,CE,Towers with Radar,82,32,44,15,173,0,14,79,1,94,82,46,123,16,267,162,6,168,435
05/19/2022,AFW,TX,ASW,CE,Towers with Radar,81,36,47,19,183,0,22,77,11,110,81,58,124,30,293,32,6,38,331
05/20/2022,AFW,TX,ASW,CE,Towers with Radar,55,41,57,20,173,0,13,42,8,63,55,54,99,28,236,6,2,8,244
05/21/2022,AFW,TX,ASW,CE,Towers with Radar,29,35,40,10,114,0,2,29,5,36,29,37,69,15,150,52,6,58,208
05/22/2022,AFW,TX,ASW,CE,Towers with Radar,38,25,41,10,114,0,2,14,0,16,38,27,55,10,130,12,0,12,142
05/23/2022,AFW,TX,ASW,CE,Towers with Radar,33,21,43,16,113,0,3,14,0,17,33,24,57,16,130,14,0,14,144
05/24/2022,AFW,TX,ASW,CE,Towers with Radar,84,17,22,0,123,0,0,2,0,2,84,17,24,0,125,8,0,8,133
05/25/2022,AFW,TX,ASW,CE,Towers with Radar,84,33,52,74,243,0,1,30,7,38,84,34,82,81,281,116,4,120,401
05/26/2022,AFW,TX,ASW,CE,Towers with Radar,83,22,51,34,190,0,19,106,11,136,83,41,157,45,326,210,4,214,540
05/27/2022,AFW,TX,ASW,CE,Towers with Radar,49,27,42,10,128,0,22,98,10,130,49,49,140,20,258,140,14,154,412
05/28/2022,AFW,TX,ASW,CE,Towers with Radar,32,11,7,2,52,0,0,45,4,49,32,11,52,6,101,78,6,84,185
05/29/2022,AFW,TX,ASW,CE,Towers with Radar,29,6,8,0,43,0,0,21,0,21,29,6,29,0,64,0,0,0,64
05/30/2022,AFW,TX,ASW,CE,Towers with Radar,35,13,11,1,60,0,1,18,1,20,35,14,29,2,80,16,0,16,96
05/31/2022,AFW,TX,ASW,CE,Towers with Radar,32,9,31,17,89,0,0,63,6,69,32,9,94,23,158,188,0,188,346
06/01/2022,AFW,TX,ASW,CE,Towers with Radar,89,38,38,17,182,0,16,63,0,79,89,54,101,17,261,162,4,166,427
06/02/2022,AFW,TX,ASW,CE,Towers with Radar,83,29,37,85,234,0,17,95,7,119,83,46,132,92,353,114,10,124,477
06/03/2022,AFW,TX,ASW,CE,Towers with Radar,52,19,22,16,109,0,6,43,2,51,52,25,65,18,160,152,0,152,312
06/04/2022,AFW,TX,ASW,CE,Towers with Radar,34,7,11,10,62,0,0,28,1,29,34,7,39,11,91,46,0,46,137
06/05/2022,AFW,TX,ASW,CE,Towers with Radar,32,12,14,38,96,0,0,27,5,32,32,12,41,43,128,36,8,44,172
06/06/2022,AFW,TX,ASW,CE,Towers with Radar,37,23,18,24,102,0,16,118,2,136,37,39,136,26,238,132,4,136,374
06/07/2022,AFW,TX,ASW,CE,Towers with Radar,84,27,59,68,238,0,20,96,2,118,84,47,155,70,356,136,6,142,498
06/08/2022,AFW,TX,ASW,CE,Towers with Radar,84,27,36,10,157,0,13,78,3,94,84,40,114,13,251,132,4,136,387
06/09/2022,AFW,TX,ASW,CE,Towers with Radar,85,31,37,34,187,0,13,90,0,103,85,44,127,34,290,136,8,144,434
06/10/2022,AFW,TX,ASW,CE,Towers with Radar,55,22,34,52,163,0,8,90,7,105,55,30,124,59,268,128,28,156,424
06/11/2022,AFW,TX,ASW,CE,Towers with Radar,32,8,7,7,54,0,0,21,1,22,32,8,28,8,76,76,0,76,152
06/12/2022,AFW,TX,ASW,CE,Towers with Radar,32,14,18,14,78,0,0,18,3,21,32,14,36,17,99,8,2,10,109
06/13/2022,AFW,TX,ASW,CE,Towers with Radar,35,14,20,6,75,0,10,95,2,107,35,24,115,8,182,142,8,150,332
06/14/2022,AFW,TX,ASW,CE,Towers with Radar,85,38,23,16,162,0,21,56,3,80,85,59,79,19,242,24,2,26,268
06/15/2022,AFW,TX,ASW,CE,Towers with Radar,86,28,33,20,167,0,17,115,4,136,86,45,148,24,303,154,22,176,479
06/16/2022,AFW,TX,ASW,CE,Towers with Radar,83,31,36,21,171,0,19,156,3,178,83,50,192,24,349,132,8,140,489
06/17/2022,AFW,TX,ASW,CE,Towers with Radar,59,32,30,15,136,0,15,113,5,133,59,47,143,20,269,82,12,94,363
06/18/2022,AFW,TX,ASW,CE,Towers with Radar,31,9,17,2,59,0,1,22,2,25,31,10,39,4,84,60,4,64,148
06/19/2022,AFW,TX,ASW,CE,Towers with Radar,30,12,6,0,48,0,1,18,1,20,30,13,24,1,68,52,0,52,120
06/20/2022,AFW,TX,ASW,CE,Towers with Radar,35,18,21,6,80,0,2,92,3,97,35,20,113,9,177,108,0,108,285
06/21/2022,AFW,TX,ASW,CE,Towers with Radar,76,23,37,18,154,0,10,170,2,182,76,33,207,20,336,186,16,202,538
06/22/2022,AFW,TX,ASW,CE,Towers with Radar,81,29,35,6,151,0,22,147,2,171,81,51,182,8,322,236,2,238,560
06/23/2022,AFW,TX,ASW,CE,Towers with Radar,85,38,44,23,190,0,19,97,2,118,85,57,141,25,308,102,26,128,436
06/24/2022,AFW,TX,ASW,CE,Towers with Radar,45,27,29,33,134,0,17,70,5,92,45,44,99,38,226,100,18,118,344
06/25/2022,AFW,TX,ASW,CE,Towers with Radar,35,9,10,31,85,0,4,38,5,47,35,13,48,36,132,46,28,74,206
06/26/2022,AFW,TX,ASW,CE,Towers with Radar,25,13,20,14,72,0,0,23,5,28,25,13,43,19,100,30,0,30,130
06/27/2022,AFW,TX,ASW,CE,Towers with Radar,38,16,21,11,86,0,12,77,2,91,38,28,98,13,177,166,0,166,343
06/28/2022,AFW,TX,ASW,CE,Towers with Radar,82,26,57,10,175,0,10,105,1,116,82,36,162,11,291,146,0,146,437
06/29/2022,AFW,TX,ASW,CE,Towers with Radar,78,34,64,17,193,0,26,150,1,177,78,60,214,18,370,148,14,162,532
06/30/2022,AFW,TX,ASW,CE,Towers with Radar,86,25,49,13,173,0,27,136,0,163,86,52,185,13,336,230,6,236,572
07/01/2022,AFW,TX,ASW,CE,Towers with Radar,51,27,54,4,136,0,20,92,1,113,51,47,146,5,249,152,0,152,401
07/02/2022,AFW,TX,ASW,CE,Towers with Radar,34,9,18,2,63,0,0,25,0,25,34,9,43,2,88,8,0,8,96
07/03/2022,AFW,TX,ASW,CE,Towers with Radar,23,5,3,4,35,0,0,14,2,16,23,5,17,6,51,34,8,42,93
07/04/2022,AFW,TX,ASW,CE,Towers with Radar,5,2,4,3,14,0,1,13,0,14,5,3,17,3,28,30,10,40,68
07/05/2022,AFW,TX,ASW,CE,Towers with Radar,22,8,22,34,86,0,2,103,0,105,22,10,125,34,191,222,12,234,425
07/06/2022,AFW,TX,ASW,CE,Towers with Radar,81,29,43,25,178,0,13,117,2,132,81,42,160,27,310,182,6,188,498
07/07/2022,AFW,TX,ASW,CE,Towers with Radar,84,35,46,30,195,0,19,107,5,131,84,54,153,35,326,100,8,108,434
07/08/2022,AFW,TX,ASW,CE,Towers with Radar,52,31,30,24,137,0,13,95,11,119,52,44,125,35,256,170,64,234,490
07/09/2022,AFW,TX,ASW,CE,Towers with Radar,30,14,8,3,55,0,1,31,21,53,30,15,39,24,108,96,20,116,224
07/10/2022,AFW,TX,ASW,CE,Towers with Radar,29,11,13,9,62,0,1,20,22,43,29,12,33,31,105,56,26,82,187
07/11/2022,AFW,TX,ASW,CE,Towers with Radar,36,19,26,6,87,0,6,82,4,92,36,25,108,10,179,60,10,70,249
07/12/2022,AFW,TX,ASW,CE,Towers with Radar,79,33,39,63,214,0,15,86,5,106,79,48,125,68,320,172,2,174,494
07/13/2022,AFW,TX,ASW,CE,Towers with Radar,86,35,51,32,204,0,23,119,2,144,86,58,170,34,348,120,10,130,478
07/14/2022,AFW,TX,ASW,CE,Towers with Radar,82,38,40,20,180,0,19,83,2,104,82,57,123,22,284,118,0,118,402
07/15/2022,AFW,TX,ASW,CE,Towers with Radar,57,42,32,65,196,0,26,72,5,103,57,68,104,70,299,108,16,124,423
07/16/2022,AFW,TX,ASW,CE,Towers with Radar,34,11,2,41,88,0,1,41,6,48,34,12,43,47,136,103,24,127,263
07/17/2022,AFW,TX,ASW,CE,Towers with Radar,34,11,19,25,89,0,0,30,3,33,34,11,49,28,122,42,0,42,164
07/18/2022,AFW,TX,ASW,CE,Towers with Radar,37,16,29,24,106,0,5,73,2,80,37,21,102,26,186,80,2,82,268
07/19/2022,AFW,TX,ASW,CE,Towers with Radar,82,21,30,9,142,0,16,98,0,114,82,37,128,9,256,142,0,142,398
07/20/2022,AFW,TX,ASW,CE,Towers with Radar,86,25,36,23,170,0,25,93,6,124,86,50,129,29,294,112,10,122,416
07/21/2022,AFW,TX,ASW,CE,Towers with Radar,85,18,31,30,164,0,3,66,4,73,85,21,97,34,237,96,8,104,341
07/22/2022,AFW,TX,ASW,CE,Towers with Radar,56,28,30,70,184,0,26,75,4,105,56,54,105,74,289,124,6,130,419
07/23/2022,AFW,TX,ASW,CE,Towers with Radar,34,9,15,17,75,0,0,45,3,48,34,9,60,20,123,68,20,88,211
07/24/2022,AFW,TX,ASW,CE,Towers with Radar,28,15,17,25,85,0,0,24,6,30,28,15,41,31,115,26,8,34,149
07/25/2022,AFW,TX,ASW,CE,Towers with Radar,37,21,36,26,120,0,8,97,3,108,37,29,133,29,228,104,20,124,352
07/26/2022,AFW,TX,ASW,CE,Towers with Radar,80,28,44,45,197,0,10,119,3,132,80,38,163,48,329,92,2,94,423
07/27/2022,AFW,TX,ASW,CE,Towers with Radar,81,36,52,15,184,0,22,110,2,134,81,58,162,17,318,110,4,114,432
07/28/2022,AFW,TX,ASW,CE,Towers with Radar,83,37,31,20,171,0,11,92,2,105,83,48,123,22,276,94,0,94,370
07/29/2022,AFW,TX,ASW,CE,Towers with Radar,52,26,28,27,133,0,15,75,1,91,52,41,103,28,224,112,2,114,338
07/30/2022,AFW,TX,ASW,CE,Towers with Radar,37,11,13,10,71,0,2,28,1,31,37,13,41,11,102,100,4,104,206
07/31/2022,AFW,TX,ASW,CE,Towers with Radar,26,7,14,39,86,0,2,22,1,25,26,9,36,40,111,64,2,66,177
08/01/2022,AFW,TX,ASW,CE,Towers with Radar,38,18,39,11,106,0,7,100,4,111,38,25,139,15,217,142,0,142,359
08/02/2022,AFW,TX,ASW,CE,Towers with Radar,81,34,35,19,169,0,15,90,1,106,81,49,125,20,275,113,4,117,392
08/03/2022,AFW,TX,ASW,CE,Towers with Radar,83,45,43,31,202,0,20,95,4,119,83,65,138,35,321,94,10,104,425
08/04/2022,AFW,TX,ASW,CE,Towers with Radar,83,30,40,16,169,0,10,81,9,100,83,40,121,25,269,56,8,64,333
08/05/2022,AFW,TX,ASW,CE,Towers with Radar,50,27,24,26,127,0,10,73,26,109,50,37,97,52,236,60,44,104,340
08/06/2022,AFW,TX,ASW,CE,Towers with Radar,34,7,10,10,61,0,0,30,14,44,34,7,40,24,105,52,0,52,157
08/07/2022,AFW,TX,ASW,CE,Towers with Radar,23,15,9,7,54,0,0,15,8,23,23,15,24,15,77,6,12,18,95
08/08/2022,AFW,TX,ASW,CE,Towers with Radar,33,25,35,16,109,0,10,78,1,89,33,35,113,17,198,88,0,88,286
08/09/2022,AFW,TX,ASW,CE,Towers with Radar,78,30,44,20,172,0,24,53,0,77,78,54,97,20,249,88,0,88,337
08/10/2022,AFW,TX,ASW,CE,Towers with Radar,77,36,46,13,172,0,18,86,2,106,77,54,132,15,278,136,0,136,414
08/11/2022,AFW,TX,ASW,CE,Towers with Radar,86,36,53,42,217,0,13,75,3,91,86,49,128,45,308,116,2,118,426
08/12/2022,AFW,TX,ASW,CE,Towers with Radar,49,29,46,40,164,0,13,74,6,93,49,42,120,46,257,122,34,156,413
08/13/2022,AFW,TX,ASW,CE,Towers with Radar,35,11,8,33,87,0,5,29,6,40,35,16,37,39,127,62,28,90,217
08/14/2022,AFW,TX,ASW,CE,Towers with Radar,26,14,14,9,63,0,6,26,3,35,26,20,40,12,98,14,28,42,140
08/15/2022,AFW,TX,ASW,CE,Towers with Radar,36,16,27,77,156,1,19,78,7,105,37,35,105,84,261,116,32,148,409
08/16/2022,AFW,TX,ASW,CE,Towers with Radar,88,29,36,92,245,0,18,111,7,136,88,47,147,99,381,112,6,118,499
08/17/2022,AFW,TX,ASW,CE,Towers with Radar,82,28,36,45,191,0,24,70,7,101,82,52,106,52,292,20,18,38,330
08/18/2022,AFW,TX,ASW,CE,Towers with Radar,77,37,33,18,165,0,5,29,2,36,77,42,62,20,201,6,2,8,209
08/19/2022,AFW,TX,ASW,CE,Towers with Radar,53,29,38,52,172,0,1,27,9,37,53,30,65,61,209,28,34,62,271
08/20/2022,AFW,TX,ASW,CE,Towers with Radar,28,12,13,21,74,0,0,26,6,32,28,12,39,27,106,54,2,56,162
08/21/2022,AFW,TX,ASW,CE,Towers with Radar,33,18,30,4,85,0,0,5,0,5,33,18,35,4,90,28,0,28,118
08/22/2022,AFW,TX,ASW,CE,Towers with Radar,36,14,15,7,72,0,0,2,0,2,36,14,17,7,74,4,0,4,78
08/23/2022,AFW,TX,ASW,CE,Towers with Radar,90,24,24,24,162,0,2,9,0,11,90,26,33,24,173,2,0,2,175
08/24/2022,AFW,TX,ASW,CE,Towers with Radar,88,44,46,49,227,0,3,52,14,69,88,47,98,63,296,74,30,104,400
08/25/2022,AFW,TX,ASW,CE,Towers with Radar,84,34,37,41,196,0,35,117,18,170,84,69,154,59,366,114,12,126,492
08/26/2022,AFW,TX,ASW,CE,Towers with Radar,52,33,30,40,155,0,26,129,10,165,52,59,159,50,320,96,16,112,432
08/27/2022,AFW,TX,ASW,CE,Towers with Radar,34,9,14,41,98,0,0,94,3,97,34,9,108,44,195,158,18,176,371
08/28/2022,AFW,TX,ASW,CE,Towers with Radar,32,13,12,23,80,0,0,18,6,24,32,13,30,29,104,10,20,30,134
08/29/2022,AFW,TX,ASW,CE,Towers with Radar,32,26,49,13,120,0,14,117,2,133,32,40,166,15,253,96,10,106,359
08/30/2022,AFW,TX,ASW,CE,Towers with Radar,81,43,23,6,153,0,3,21,0,24,81,46,44,6,177,30,0,30,207
08/31/2022,AFW,TX,ASW,CE,Towers with Radar,83,39,57,26,205,0,9,65,0,74,83,48,122,26,279,148,0,148,427
09/01/2022,AFW,TX,ASW,CE,Towers with Radar,83,32,42,17,174,0,19,51,5,75,83,51,93,22,249,40,0,40,289
09/02/2022,AFW,TX,ASW,CE,Towers with Radar,51,32,32,1,116,0,19,73,1,93,51,51,105,2,209,80,0,80,289
09/03/2022,AFW,TX,ASW,CE,Towers with Radar,35,14,15,0,64,0,0,101,0,101,35,14,116,0,165,102,0,102,267
09/04/2022,AFW,TX,ASW,CE,Towers with Radar,28,18,11,0,57,0,4,16,0,20,28,22,27,0,77,34,0,34,111
09/05/2022,AFW,TX,ASW,CE,Towers with Radar,30,6,9,14,59,0,0,30,0,30,30,6,39,14,89,58,0,58,147
09/06/2022,AFW,TX,ASW,CE,Towers with Radar,36,14,37,14,101,0,0,138,10,148,36,14,175,24,249,152,8,160,409
09/07/2022,AFW,TX,ASW,CE,Towers with Radar,80,29,50,19,178,0,9,140,8,157,80,38,190,27,335,116,8,124,459
09/08/2022,AFW,TX,ASW,CE,Towers with Radar,76,34,47,24,181,0,13,138,2,153,76,47,185,26,334,128,0,128,462
09/09/2022,AFW,TX,ASW,CE,Towers with Radar,49,33,52,37,171,0,23,120,4,147,49,56,172,41,318,110,14,124,442
09/10/2022,AFW,TX,ASW,CE,Towers with Radar,32,14,18,22,86,0,1,109,2,112,32,15,127,24,198,138,8,146,344
09/11/2022,AFW,TX,ASW,CE,Towers with Radar,27,19,28,18,92,0,0,32,1,33,27,19,60,19,125,90,2,92,217
09/12/2022,AFW,TX,ASW,CE,Towers with Radar,36,15,36,12,99,0,14,137,0,151,36,29,173,12,250,126,0,126,376
09/13/2022,AFW,TX,ASW,CE,Towers with Radar,77,38,37,16,168,0,23,123,1,147,77,61,160,17,315,118,6,124,439
09/14/2022,AFW,TX,ASW,CE,Towers with Radar,78,38,46,31,193,0,20,166,3,189,78,58,212,34,382,110,4,114,496
09/15/2022,AFW,TX,ASW,CE,Towers with Radar,81,39,30,30,180,0,22,108,5,135,81,61,138,35,315,116,6,122,437
09/16/2022,AFW,TX,ASW,CE,Towers with Radar,57,30,32,55,174,0,15,120,1,136,57,45,152,56,310,92,14,106,416
09/17/2022,AFW,TX,ASW,CE,Towers with Radar,31,11,11,2,55,0,0,74,0,74,31,11,85,2,129,148,0,148,277
09/18/2022,AFW,TX,ASW,CE,Towers with Radar,24,15,27,10,76,0,1,17,1,19,24,16,44,11,95,22,8,30,125
09/19/2022,AFW,TX,ASW,CE,Towers with Radar,35,33,42,7,117,0,22,150,4,176,35,55,192,11,293,156,12,168,461
09/20/2022,AFW,TX,ASW,CE,Towers with Radar,76,41,42,26,185,0,16,108,3,127,76,57,150,29,312,124,2,126,438
09/21/2022,AFW,TX,ASW,CE,Towers with Radar,82,33,43,45,203,0,12,150,2,164,82,45,193,47,367,220,12,232,599
09/22/2022,AFW,TX,ASW,CE,Towers with Radar,78,32,50,48,208,0,18,118,3,139,78,50,168,51,347,213,16,229,576
09/23/2022,AFW,TX,ASW,CE,Towers with Radar,54,41,57,31,183,0,13,110,6,129,54,54,167,37,312,192,16,208,520
09/24/2022,AFW,TX,ASW,CE,Towers with Radar,38,27,25,10,100,0,0,87,4,91,38,27,112,14,191,72,2,74,265
09/25/2022,AFW,TX,ASW,CE,Towers with Radar,27,36,48,13,124,0,0,30,5,35,27,36,78,18,159,18,10,28,187
09/26/2022,AFW,TX,ASW,CE,Towers with Radar,36,22,39,44,141,0,18,113,3,134,36,40,152,47,275,160,14,174,449
09/27/2022,AFW,TX,ASW,CE,Towers with Radar,81,34,31,47,193,0,16,91,7,114,81,50,122,54,307,156,0,156,463
09/28/2022,AFW,TX,ASW,CE,Towers with Radar,79,31,30,65,205,0,17,146,7,170,79,48,176,72,375,194,4,198,573
09/29/2022,AFW,TX,ASW,CE,Towers with Radar,82,38,55,43,218,0,14,126,7,147,82,52,181,50,365,164,4,168,533
09/30/2022,AFW,TX,ASW,CE,Towers with Radar,52,27,45,34,158,0,18,125,12,155,52,45,170,46,313,174,22,196,509
10/01/2022,AFW,TX,ASW,CE,Towers with Radar,32,10,23,1,66,0,1,289,9,299,32,11,312,10,365,121,12,133,498
10/02/2022,AFW,TX,ASW,CE,Towers with Radar,31,21,14,0,66,0,0,26,0,26,31,21,40,0,92,6,0,6,98
10/03/2022,AFW,TX,ASW,CE,Towers with Radar,38,20,20,6,84,0,19,131,3,153,38,39,151,9,237,176,6,182,419
10/04/2022,AFW,TX,ASW,CE,Towers with Radar,74,35,49,19,177,0,16,130,7,153,74,51,179,26,330,170,4,174,504
10/05/2022,AFW,TX,ASW,CE,Towers with Radar,74,28,49,18,169,0,15,129,4,148,74,43,178,22,317,202,0,202,519
10/06/2022,AFW,TX,ASW,CE,Towers with Radar,78,34,45,16,173,0,16,95,1,112,78,50,140,17,285,120,4,124,409
10/07/2022,AFW,TX,ASW,CE,Towers with Radar,55,37,38,6,136,1,21,94,1,117,56,58,132,7,253,154,0,154,407
10/08/2022,AFW,TX,ASW,CE,Towers with Radar,31,16,20,2,69,0,1,118,2,121,31,17,138,4,190,167,10,177,367
10/09/2022,AFW,TX,ASW,CE,Towers with Radar,26,9,18,2,55,0,0,54,0,54,26,9,72,2,109,84,0,84,193
10/10/2022,AFW,TX,ASW,CE,Towers with Radar,40,26,30,1,97,0,0,105,0,105,40,26,135,1,202,216,0,216,418
10/11/2022,AFW,TX,ASW,CE,Towers with Radar,77,27,27,4,135,0,14,67,5,86,77,41,94,9,221,204,0,204,425
10/12/2022,AFW,TX,ASW,CE,Towers with Radar,80,24,44,13,161,0,11,93,4,108,80,35,137,17,269,96,4,100,369
10/13/2022,AFW,TX,ASW,CE,Towers with Radar,76,27,42,8,153,0,17,70,12,99,76,44,112,20,252,94,0,94,346
10/14/2022,AFW,TX,ASW,CE,Towers with Radar,53,29,33,38,153,0,25,89,6,120,53,54,122,44,273,168,22,190,463
10/15/2022,AFW,TX,ASW,CE,Towers with Radar,37,17,11,13,78,0,2,64,1,67,37,19,75,14,145,88,4,92,237
10/16/2022,AFW,TX,ASW,CE,Towers with Radar,30,15,13,13,71,0,2,0,0,2,30,17,13,13,73,8,0,8,81
10/17/2022,AFW,TX,ASW,CE,Towers with Radar,35,23,35,15,108,0,23,91,1,115,35,46,126,16,223,125,2,127,350
10/18/2022,AFW,TX,ASW,CE,Towers with Radar,76,30,50,48,204,0,25,114,4,143,76,55,164,52,347,88,2,90,437
10/19/2022,AFW,TX,ASW,CE,Towers with Radar,76,34,23,5,138,0,13,108,2,123,76,47,131,7,261,54,0,54,315
10/20/2022,AFW,TX,ASW,CE,Towers with Radar,76,23,16,8,123,0,6,47,5,58,76,29,63,13,181,18,0,18,199
10/21/2022,AFW,TX,ASW,CE,Towers with Radar,56,13,9,7,85,0,1,19,17,37,56,14,28,24,122,0,0,0,122
10/22/2022,AFW,TX,ASW,CE,Towers with Radar,9,0,3,0,12,0,1,17,20,38,9,1,20,20,50,0,0,0,50
10/23/2022,AFW,TX,ASW,CE,Towers with Radar,33,5,12,7,57,0,0,10,2,12,33,5,22,9,69,16,2,18,87
10/24/2022,AFW,TX,ASW,CE,Towers with Radar,29,14,23,7,73,0,0,0,0,0,29,14,23,7,73,0,0,0,73
10/25/2022,AFW,TX,ASW,CE,Towers with Radar,76,40,38,11,165,0,12,76,0,88,76,52,114,11,253,60,0,60,313
10/26/2022,AFW,TX,ASW,CE,Towers with Radar,76,39,41,31,187,0,32,128,4,164,76,71,169,35,351,128,14,142,493
10/27/2022,AFW,TX,ASW,CE,Towers with Radar,77,36,26,42,181,0,40,99,6,145,77,76,125,48,326,150,2,152,478
10/28/2022,AFW,TX,ASW,CE,Towers with Radar,60,19,15,11,105,0,0,0,0,0,60,19,15,11,105,0,0,0,105
10/29/2022,AFW,TX,ASW,CE,Towers with Radar,30,10,25,13,78,0,0,4,0,4,30,10,29,13,82,4,0,4,86
10/30/2022,AFW,TX,ASW,CE,Towers with Radar,31,15,14,27,87,0,0,39,6,45,31,15,53,33,132,64,14,78,210
10/31/2022,AFW,TX,ASW,CE,Towers with Radar,35,28,42,59,164,0,21,103,4,128,35,49,145,63,292,150,6,156,448
11/01/2022,AFW,TX,ASW,CE,Towers with Radar,73,31,66,55,225,0,30,114,6,150,73,61,180,61,375,82,0,82,457
11/02/2022,AFW,TX,ASW,CE,Towers with Radar,78,44,58,33,213,0,10,65,0,75,78,54,123,33,288,110,0,110,398
11/03/2022,AFW,TX,ASW,CE,Towers with Radar,81,42,53,3,179,0,5,41,2,48,81,47,94,5,227,36,8,44,271
11/04/2022,AFW,TX,ASW,CE,Towers with Radar,56,23,12,8,99,0,0,0,0,0,56,23,12,8,99,10,0,10,109
11/05/2022,AFW,TX,ASW,CE,Towers with Radar,40,12,15,12,79,0,0,92,0,92,40,12,107,12,171,178,8,186,357
11/06/2022,AFW,TX,ASW,CE,Towers with Radar,27,16,13,11,67,0,0,38,3,41,27,16,51,14,108,34,8,42,150
11/07/2022,AFW,TX,ASW,CE,Towers with Radar,37,12,20,6,75,0,1,6,0,7,37,13,26,6,82,2,0,2,84
11/08/2022,AFW,TX,ASW,CE,Towers with Radar,79,41,45,44,209,0,6,32,1,39,79,47,77,45,248,124,0,124,372
11/09/2022,AFW,TX,ASW,CE,Towers with Radar,81,39,65,6,191,0,14,70,8,92,81,53,135,14,283,68,12,80,363
11/10/2022,AFW,TX,ASW,CE,Towers with Radar,81,39,58,14,192,0,13,50,0,63,81,52,108,14,255,130,2,132,387
11/11/2022,AFW,TX,ASW,CE,Towers with Radar,56,18,17,7,98,0,0,3,1,4,56,18,20,8,102,0,2,2,104
11/12/2022,AFW,TX,ASW,CE,Towers with Radar,38,9,12,2,61,0,4,80,4,88,38,13,92,6,149,136,0,136,285
11/13/2022,AFW,TX,ASW,CE,Towers with Radar,28,9,16,4,57,0,0,41,4,45,28,9,57,8,102,152,4,156,258
11/14/2022,AFW,TX,ASW,CE,Towers with Radar,38,18,21,0,77,0,1,3,0,4,38,19,24,0,81,24,0,24,105
11/15/2022,AFW,TX,ASW,CE,Towers with Radar,76,21,45,15,157,0,12,60,4,76,76,33,105,19,233,56,0,56,289
11/16/2022,AFW,TX,ASW,CE,Towers with Radar,78,35,63,12,188,0,28,117,6,151,78,63,180,18,339,142,4,146,485
11/17/2022,AFW,TX,ASW,CE,Towers with Radar,86,35,52,5,178,0,32,187,2,221,86,67,239,7,399,44,0,44,443
11/18/2022,AFW,TX,ASW,CE,Towers with Radar,66,41,58,16,181,0,27,151,6,184,66,68,209,22,365,62,6,68,433
11/19/2022,AFW,TX,ASW,CE,Towers with Radar,40,17,24,11,92,0,0,57,6,63,40,17,81,17,155,144,0,144,299
11/20/2022,AFW,TX,ASW,CE,Towers with Radar,36,19,12,12,79,0,0,33,1,34,36,19,45,13,113,56,0,56,169
11/21/2022,AFW,TX,ASW,CE,Towers with Radar,46,25,23,3,97,0,16,68,1,85,46,41,91,4,182,110,10,120,302
11/22/2022,AFW,TX,ASW,CE,Towers with Radar,82,50,35,20,187,0,13,53,4,70,82,63,88,24,257,174,6,180,437
11/23/2022,AFW,TX,ASW,CE,Towers with Radar,83,17,18,17,135,0,1,0,0,1,83,18,18,17,136,0,0,0,136
11/24/2022,AFW,TX,ASW,CE,Towers with Radar,17,1,4,0,22,0,0,0,0,0,17,1,4,0,22,0,0,0,22
11/25/2022,AFW,TX,ASW,CE,Towers with Radar,30,16,30,1,77,0,0,1,0,1,30,16,31,1,78,4,0,4,82
11/26/2022,AFW,TX,ASW,CE,Towers with Radar,45,20,22,1,88,0,0,1,0,1,45,20,23,1,89,0,0,0,89
11/27/2022,AFW,TX,ASW,CE,Towers with Radar,39,16,10,0,65,0,0,45,0,45,39,16,55,0,110,32,0,32,142
11/28/2022,AFW,TX,ASW,CE,Towers with Radar,43,19,47,13,122,0,13,125,12,150,43,32,172,25,272,98,14,112,384
11/29/2022,AFW,TX,ASW,CE,Towers with Radar,93,24,27,14,158,0,18,97,3,118,93,42,124,17,276,90,14,104,380
11/30/2022,AFW,TX,ASW,CE,Towers with Radar,97,31,51,26,205,0,29,130,1,160,97,60,181,27,365,124,4,128,493
12/01/2022,AFW,TX,ASW,CE,Towers with Radar,104,34,41,18,197,0,22,78,2,102,104,56,119,20,299,92,12,104,403
12/02/2022,AFW,TX,ASW,CE,Towers with Radar,69,26,55,48,198,0,2,19,4,25,69,28,74,52,223,10,10,20,243
12/03/2022,AFW,TX,ASW,CE,Towers with Radar,44,16,19,6,85,0,0,71,0,71,44,16,90,6,156,118,2,120,276
12/04/2022,AFW,TX,ASW,CE,Towers with Radar,37,13,17,7,74,0,0,19,2,21,37,13,36,9,95,40,8,48,143
12/05/2022,AFW,TX,ASW,CE,Towers with Radar,45,23,45,1,114,0,13,54,5,72,45,36,99,6,186,84,0,84,270
12/06/2022,AFW,TX,ASW,CE,Towers with Radar,93,39,47,27,206,0,29,69,8,106,93,68,116,35,312,120,2,122,434
12/07/2022,AFW,TX,ASW,CE,Towers with Radar,101,17,22,5,145,0,0,0,0,0,101,17,22,5,145,0,0,0,145
12/08/2022,AFW,TX,ASW,CE,Towers with Radar,91,31,52,22,196,0,6,24,2,32,91,37,76,24,228,102,2,104,332
12/09/2022,AFW,TX,ASW,CE,Towers with Radar,64,29,52,12,157,0,2,8,0,10,64,31,60,12,167,8,0,8,175
12/10/2022,AFW,TX,ASW,CE,Towers with Radar,39,8,5,1,53,0,0,0,0,0,39,8,5,1,53,0,0,0,53
12/11/2022,AFW,TX,ASW,CE,Towers with Radar,34,10,19,5,68,0,0,6,0,6,34,10,25,5,74,0,0,0,74
12/12/2022,AFW,TX,ASW,CE,Towers with Radar,41,21,33,11,106,0,0,0,0,0,41,21,33,11,106,0,0,0,106
12/13/2022,AFW,TX,ASW,CE,Towers with Radar,113,56,49,12,230,0,22,44,7,73,113,78,93,19,303,98,2,100,403
12/14/2022,AFW,TX,ASW,CE,Towers with Radar,99,35,52,21,207,0,33,89,3,125,99,68,141,24,332,94,6,100,432
12/15/2022,AFW,TX,ASW,CE,Towers with Radar,87,38,72,23,220,0,22,124,9,155,87,60,196,32,375,258,20,278,653
12/16/2022,AFW,TX,ASW,CE,Towers with Radar,69,30,42,16,157,0,15,111,2,128,69,45,153,18,285,200,0,200,485
12/17/2022,AFW,TX,ASW,CE,Towers with Radar,37,11,20,1,69,0,0,71,2,73,37,11,91,3,142,128,4,132,274
12/18/2022,AFW,TX,ASW,CE,Towers with Radar,37,10,15,2,64,0,0,11,0,11,37,10,26,2,75,4,4,8,83
12/19/2022,AFW,TX,ASW,CE,Towers with Radar,43,27,41,5,116,0,8,27,0,35,43,35,68,5,151,90,0,90,241
12/20/2022,AFW,TX,ASW,CE,Towers with Radar,101,31,35,36,203,0,7,44,0,51,101,38,79,36,254,36,0,36,290
12/21/2022,AFW,TX,ASW,CE,Towers with Radar,97,26,24,26,173,0,5,66,5,76,97,31,90,31,249,140,6,146,395
12/22/2022,AFW,TX,ASW,CE,Towers with Radar,91,20,7,0,118,0,0,0,0,0,91,20,7,0,118,0,0,0,118
12/23/2022,AFW,TX,ASW,CE,Towers with Radar,55,18,9,0,82,0,0,20,0,20,55,18,29,0,102,56,0,56,158
12/24/2022,AFW,TX,ASW,CE,Towers with Radar,8,0,2,1,11,0,0,17,1,18,8,0,19,2,29,8,6,14,43
12/25/2022,AFW,TX,ASW,CE,Towers with Radar,3,6,2,0,11,0,0,5,0,5,3,6,7,0,16,20,0,20,36
12/26/2022,AFW,TX,ASW,CE,Towers with Radar,9,14,13,0,36,0,0,28,2,30,9,14,41,2,66,46,2,48,114
12/27/2022,AFW,TX,ASW,CE,Towers with Radar,41,20,15,8,84,0,0,53,0,53,41,20,68,8,137,38,4,42,179
12/28/2022,AFW,TX,ASW,CE,Towers with Radar,90,26,17,0,133,0,16,50,8,74,90,42,67,8,207,42,8,50,257
12/29/2022,AFW,TX,ASW,CE,Towers with Radar,84,27,31,2,144,0,15,76,5,96,84,42,107,7,240,168,0,168,408
12/30/2022,AFW,TX,ASW,CE,Towers with Radar,62,22,14,4,102,0,16,57,0,73,62,38,71,4,175,50,0,50,225
12/31/2022,AFW,TX,ASW,CE,Towers with Radar,3,2,9,0,14,0,0,19,5,24,3,2,28,5,38,12,6,18,56
01/01/2023,AFW,TX,ASW,CE,Towers with Radar,5,4,9,0,18,0,0,23,2,25,5,4,32,2,43,26,2,28,71
01/02/2023,AFW,TX,ASW,CE,Towers with Radar,31,10,16,0,57,0,0,3,0,3,31,10,19,0,60,26,0,26,86
01/03/2023,AFW,TX,ASW,CE,Towers with Radar,42,13,22,5,82,0,2,45,0,47,42,15,67,5,129,46,0,46,175
01/04/2023,AFW,TX,ASW,CE,Towers with Radar,74,23,23,15,135,0,4,83,0,87,74,27,106,15,222,114,0,114,336
01/05/2023,AFW,TX,ASW,CE,Towers with Radar,77,25,25,34,161,0,23,91,3,117,77,48,116,37,278,188,4,192,470
01/06/2023,AFW,TX,ASW,CE,Towers with Radar,60,23,33,38,154,0,5,67,1,73,60,28,100,39,227,90,2,92,319
01/07/2023,AFW,TX,ASW,CE,Towers with Radar,36,13,11,12,72,0,1,56,3,60,36,14,67,15,132,94,0,94,226
01/08/2023,AFW,TX,ASW,CE,Towers with Radar,38,15,9,0,62,0,0,30,1,31,38,15,39,1,93,14,0,14,107
01/09/2023,AFW,TX,ASW,CE,Towers with Radar,42,21,28,19,110,0,15,100,7,122,42,36,128,26,232,144,4,148,380
01/10/2023,AFW,TX,ASW,CE,Towers with Radar,82,31,44,10,167,0,18,64,3,85,82,49,108,13,252,108,4,112,364
01/11/2023,AFW,TX,ASW,CE,Towers with Radar,78,34,27,28,167,0,13,71,1,85,78,47,98,29,252,66,0,66,318
01/12/2023,AFW,TX,ASW,CE,Towers with Radar,80,30,43,19,172,0,35,47,1,83,80,65,90,20,255,82,0,82,337
01/13/2023,AFW,TX,ASW,CE,Towers with Radar,59,29,32,4,124,0,22,152,5,179,59,51,184,9,303,216,6,222,525
01/14/2023,AFW,TX,ASW,CE,Towers with Radar,41,10,8,6,65,0,0,64,11,75,41,10,72,17,140,32,8,40,180
01/15/2023,AFW,TX,ASW,CE,Towers with Radar,39,11,7,0,57,0,0,12,8,20,39,11,19,8,77,4,4,8,85
01/16/2023,AFW,TX,ASW,CE,Towers with Radar,44,16,11,1,72,0,0,23,4,27,44,16,34,5,99,40,0,40,139
01/17/2023,AFW,TX,ASW,CE,Towers with Radar,82,26,13,17,138,0,10,100,3,113,82,36,113,20,251,78,4,82,333
01/18/2023,AFW,TX,ASW,CE,Towers with Radar,88,17,35,25,165,0,3,37,2,42,88,20,72,27,207,24,0,24,231
01/19/2023,AFW,TX,ASW,CE,Towers with Radar,82,23,58,13,176,0,21,133,5,159,82,44,191,18,335,177,14,191,526
01/20/2023,AFW,TX,ASW,CE,Towers with Radar,61,31,30,35,157,0,17,132,7,156,61,48,162,42,313,92,12,104,417
01/21/2023,AFW,TX,ASW,CE,Towers with Radar,35,9,31,12,87,0,0,76,22,98,35,9,107,34,185,62,26,88,273
01/22/2023,AFW,TX,ASW,CE,Towers with Radar,35,9,13,13,70,0,0,23,8,31,35,9,36,21,101,48,36,84,185
01/23/2023,AFW,TX,ASW,CE,Towers with Radar,41,24,25,14,104,0,17,123,6,146,41,41,148,20,250,144,24,168,418
01/24/2023,AFW,TX,ASW,CE,Towers with Radar,76,15,11,0,102,0,0,0,0,0,76,15,11,0,102,0,0,0,102
01/25/2023,AFW,TX,ASW,CE,Towers with Radar,74,26,36,30,166,0,10,61,1,72,74,36,97,31,238,40,0,40,278
01/26/2023,AFW,TX,ASW,CE,Towers with Radar,69,28,38,43,178,0,26,135,13,174,69,54,173,56,352,102,10,112,464
01/27/2023,AFW,TX,ASW,CE,Towers with Radar,48,26,37,27,138,0,26,109,7,142,48,52,146,34,280,44,0,44,324
01/28/2023,AFW,TX,ASW,CE,Towers with Radar,33,9,22,3,67,0,2,26,0,28,33,11,48,3,95,44,6,50,145
01/29/2023,AFW,TX,ASW,CE,Towers with Radar,37,14,11,8,70,0,0,0,0,0,37,14,11,8,70,0,0,0,70
01/30/2023,AFW,TX,ASW,CE,Towers with Radar,31,8,8,1,48,0,0,0,0,0,31,8,8,1,48,0,0,0,48
01/31/2023,AFW,TX,ASW,CE,Towers with Radar,38,0,9,0,47,0,0,0,0,0,38,0,9,0,47,0,0,0,47
02/01/2023,AFW,TX,ASW,CE,Towers with Radar,2,3,8,0,13,0,0,0,0,0,2,3,8,0,13,0,0,0,13
02/02/2023,AFW,TX,ASW,CE,Towers with Radar,9,9,13,0,31,0,0,0,0,0,9,9,13,0,31,0,0,0,31
02/03/2023,AFW,TX,ASW,CE,Towers with Radar,51,19,23,37,130,0,13,98,9,120,51,32,121,46,250,146,14,160,410
02/04/2023,AFW,TX,ASW,CE,Towers with Radar,32,14,16,7,69,0,2,75,5,82,32,16,91,12,151,60,10,70,221
02/05/2023,AFW,TX,ASW,CE,Towers with Radar,34,19,15,17,85,0,0,35,4,39,34,19,50,21,124,92,8,100,224
02/06/2023,AFW,TX,ASW,CE,Towers with Radar,36,20,38,28,122,0,8,46,2,56,36,28,84,30,178,50,0,50,228
02/07/2023,AFW,TX,ASW,CE,Towers with Radar,61,23,32,4,120,0,0,6,0,6,61,23,38,4,126,32,0,32,158
02/08/2023,AFW,TX,ASW,CE,Towers with Radar,61,26,25,9,121,0,0,4,1,5,61,26,29,10,126,22,0,22,148
02/09/2023,AFW,TX,ASW,CE,Towers with Radar,62,31,38,27,158,0,26,191,6,223,62,57,229,33,381,176,2,178,559
02/10/2023,AFW,TX,ASW,CE,Towers with Radar,54,24,31,34,143,0,10,76,2,88,54,34,107,36,231,152,4,156,387
02/11/2023,AFW,TX,ASW,CE,Towers with Radar,28,13,13,17,71,0,1,104,6,111,28,14,117,23,182,78,4,82,264
02/12/2023,AFW,TX,ASW,CE,Towers with Radar,33,15,10,16,74,0,2,20,3,25,33,17,30,19,99,44,8,52,151
02/13/2023,AFW,TX,ASW,CE,Towers with Radar,36,20,40,30,126,0,11,162,2,175,36,31,202,32,301,78,0,78,379
02/14/2023,AFW,TX,ASW,CE,Towers with Radar,66,14,21,0,101,0,0,13,4,17,66,14,34,4,118,2,0,2,120
02/15/2023,AFW,TX,ASW,CE,Towers with Radar,66,35,46,42,189,0,20,127,15,162,66,55,173,57,351,37,14,51,402
02/16/2023,AFW,TX,ASW,CE,Towers with Radar,66,32,30,37,165,0,20,63,2,85,66,52,93,39,250,76,46,122,372
02/17/2023,AFW,TX,ASW,CE,Towers with Radar,54,21,32,59,166,0,21,160,8,189,54,42,192,67,355,200,16,216,571
02/18/2023,AFW,TX,ASW,CE,Towers with Radar,36,11,23,6,76,0,3,100,4,107,36,14,123,10,183,80,0,80,263
02/19/2023,AFW,TX,ASW,CE,Towers with Radar,36,8,7,19,70,0,0,18,11,29,36,8,25,30,99,14,8,22,121
02/20/2023,AFW,TX,ASW,CE,Towers with Radar,35,13,21,30,99,3,0,26,12,41,38,13,47,42,140,20,10,30,170
02/21/2023,AFW,TX,ASW,CE,Towers with Radar,67,19,31,59,176,0,8,125,12,145,67,27,156,71,321,132,2,134,455
02/22/2023,AFW,TX,ASW,CE,Towers with Radar,66,19,24,10,119,0,1,24,2,27,66,20,48,12,146,30,0,30,176
02/23/2023,AFW,TX,ASW,CE,Towers with Radar,56,31,52,29,168,0,31,127,14,172,56,62,179,43,340,84,6,90,430
02/24/2023,AFW,TX,ASW,CE,Towers with Radar,50,17,45,42,154,0,0,21,2,23,50,17,66,44,177,120,10,130,307
02/25/2023,AFW,TX,ASW,CE,Towers with Radar,39,6,23,17,85,0,0,0,0,0,39,6,23,17,85,0,0,0,85
02/26/2023,AFW,TX,ASW,CE,Towers with Radar,29,12,19,9,69,0,0,0,0,0,29,12,19,9,69,0,0,0,69
02/27/2023,AFW,TX,ASW,CE,Towers with Radar,40,23,51,45,159,0,12,136,5,153,40,35,187,50,312,156,6,162,474
02/28/2023,AFW,TX,ASW,CE,Towers with Radar,66,29,47,27,169,0,28,140,1,169,66,57,187,28,338,184,2,186,524
03/01/2023,AFW,TX,ASW,CE,Towers with Radar,59,36,44,3,142,0,15,73,1,89,59,51,117,4,231,150,0,150,381
03/02/2023,AFW,TX,ASW,CE,Towers with Radar,57,14,20,8,99,0,9,16,1,26,57,23,36,9,125,70,0,70,195
03/03/2023,AFW,TX,ASW,CE,Towers with Radar,54,28,28,54,164,0,15,70,7,92,54,43,98,61,256,82,18,100,356
03/04/2023,AFW,TX,ASW,CE,Towers with Radar,35,10,14,24,83,1,0,99,11,111,36,10,113,35,194,64,14,78,272
03/05/2023,AFW,TX,ASW,CE,Towers with Radar,31,18,19,17,85,0,0,27,5,32,31,18,46,22,117,6,0,6,123
03/06/2023,AFW,TX,ASW,CE,Towers with Radar,42,20,46,48,156,0,26,179,3,208,42,46,225,51,364,112,20,132,496
03/07/2023,AFW,TX,ASW,CE,Towers with Radar,65,48,28,54,195,0,12,55,0,67,65,60,83,54,262,124,0,124,386
03/08/2023,AFW,TX,ASW,CE,Towers with Radar,67,30,28,1,126,0,0,0,0,0,67,30,28,1,126,14,0,14,140
03/09/2023,AFW,TX,ASW,CE,Towers with Radar,64,17,21,0,102,0,0,0,0,0,64,17,21,0,102,0,0,0,102
03/10/2023,AFW,TX,ASW,CE,Towers with Radar,49,56,37,44,186,0,16,124,9,149,49,72,161,53,335,172,6,178,513
03/11/2023,AFW,TX,ASW,CE,Towers with Radar,34,18,18,18,88,0,0,16,1,17,34,18,34,19,105,42,4,46,151
03/12/2023,AFW,TX,ASW,CE,Towers with Radar,34,10,17,11,72,0,2,24,8,34,34,12,41,19,106,72,2,74,180
03/13/2023,AFW,TX,ASW,CE,Towers with Radar,40,22,36,12,110,0,16,104,1,121,40,38,140,13,231,94,0,94,325
03/14/2023,AFW,TX,ASW,CE,Towers with Radar,62,26,39,20,147,0,26,128,3,157,62,52,167,23,304,132,0,132,436
03/15/2023,AFW,TX,ASW,CE,Towers with Radar,61,41,52,28,182,0,29,79,5,113,61,70,131,33,295,112,6,118,413
03/16/2023,AFW,TX,ASW,CE,Towers with Radar,63,23,25,3,114,0,8,0,0,8,63,31,25,3,122,8,0,8,130
03/17/2023,AFW,TX,ASW,CE,Towers with Radar,52,30,31,21,134,0,22,70,8,100,52,52,101,29,234,86,12,98,332
03/18/2023,AFW,TX,ASW,CE,Towers with Radar,33,13,9,6,61,0,2,40,4,46,33,15,49,10,107,108,6,114,221
03/19/2023,AFW,TX,ASW,CE,Towers with Radar,32,10,15,5,62,0,0,31,0,31,32,10,46,5,93,60,0,60,153
03/20/2023,AFW,TX,ASW,CE,Towers with Radar,37,23,22,17,99,0,17,96,1,114,37,40,118,18,213,188,2,190,403
03/21/2023,AFW,TX,ASW,CE,Towers with Radar,69,20,47,18,154,0,4,19,0,23,69,24,66,18,177,48,0,48,225
03/22/2023,AFW,TX,ASW,CE,Towers with Radar,62,51,50,11,174,0,12,50,2,64,62,63,100,13,238,98,10,108,346
03/23/2023,AFW,TX,ASW,CE,Towers with Radar,65,34,35,55,189,0,16,26,3,45,65,50,61,58,234,99,4,103,337
03/24/2023,AFW,TX,ASW,CE,Towers with Radar,48,23,21,24,116,0,2,29,5,36,48,25,50,29,152,68,22,90,242
03/25/2023,AFW,TX,ASW,CE,Towers with Radar,28,12,9,42,91,0,0,65,9,74,28,12,74,51,165,72,0,72,237
03/26/2023,AFW,TX,ASW,CE,Towers with Radar,36,10,14,29,89,0,2,37,9,48,36,12,51,38,137,148,16,164,301
03/27/2023,AFW,TX,ASW,CE,Towers with Radar,37,17,33,49,136,0,10,132,0,142,37,27,165,49,278,143,10,153,431
03/28/2023,AFW,TX,ASW,CE,Towers with Radar,59,21,24,33,137,0,21,130,6,157,59,42,154,39,294,216,16,232,526
03/29/2023,AFW,TX,ASW,CE,Towers with Radar,70,30,42,28,170,0,27,141,2,170,70,57,183,30,340,264,4,268,608
03/30/2023,AFW,TX,ASW,CE,Towers with Radar,60,23,22,21,126,0,4,6,0,10,60,27,28,21,136,66,0,66,202
03/31/2023,AFW,TX,ASW,CE,Towers with Radar,53,36,40,10,139,0,1,10,3,14,53,37,50,13,153,22,0,22,175
04/01/2023,AFW,TX,ASW,CE,Towers with Radar,26,16,36,6,84,0,4,119,1,124,26,20,155,7,208,132,0,132,340
04/02/2023,AFW,TX,ASW,CE,Towers with Radar,16,17,35,30,98,0,0,24,1,25,16,17,59,31,123,48,6,54,177
04/03/2023,AFW,TX,ASW,CE,Towers with Radar,42,16,33,41,132,0,10,75,0,85,42,26,108,41,217,126,8,134,351
04/04/2023,AFW,TX,ASW,CE,Towers with Radar,63,35,43,49,190,0,4,53,4,61,63,39,96,53,251,60,2,62,313
04/05/2023,AFW,TX,ASW,CE,Towers with Radar,64,30,53,10,157,0,44,113,3,160,64,74,166,13,317,214,10,224,541
04/06/2023,AFW,TX,ASW,CE,Towers with Radar,64,29,44,26,163,0,33,99,0,132,64,62,143,26,295,170,2,172,467
04/07/2023,AFW,TX,ASW,CE,Towers with Radar,50,21,16,29,116,0,27,96,1,124,50,48,112,30,240,230,10,240,480
04/08/2023,AFW,TX,ASW,CE,Towers with Radar,31,8,22,1,62,0,2,57,0,59,31,10,79,1,121,128,0,128,249
04/09/2023,AFW,TX,ASW,CE,Towers with Radar,33,14,10,8,65,0,3,17,0,20,33,17,27,8,85,84,0,84,169
04/10/2023,AFW,TX,ASW,CE,Towers with Radar,41,19,40,51,151,0,19,147,1,167,41,38,187,52,318,147,0,147,465
04/11/2023,AFW,TX,ASW,CE,Towers with Radar,62,35,58,43,198,0,26,158,1,185,62,61,216,44,383,212,2,214,597
04/12/2023,AFW,TX,ASW,CE,Towers with Radar,61,22,53,33,169,0,44,157,5,206,61,66,210,38,375,242,6,248,623
04/13/2023,AFW,TX,ASW,CE,Towers with Radar,61,30,53,18,162,0,19,147,0,166,61,49,200,18,328,120,2,122,450
04/14/2023,AFW,TX,ASW,CE,Towers with Radar,48,27,31,9,115,0,13,61,4,78,48,40,92,13,193,66,6,72,265
04/15/2023,AFW,TX,ASW,CE,Towers with Radar,36,14,19,12,81,0,0,34,5,39,36,14,53,17,120,22,12,34,154
04/16/2023,AFW,TX,ASW,CE,Towers with Radar,37,17,23,22,99,0,1,36,0,37,37,18,59,22,136,74,6,80,216
04/17/2023,AFW,TX,ASW,CE,Towers with Radar,45,33,35,42,155,0,22,115,0,137,45,55,150,42,292,108,6,114,406
04/18/2023,AFW,TX,ASW,CE,Towers with Radar,62,30,55,70,217,0,23,66,1,90,62,53,121,71,307,86,10,96,403
04/19/2023,AFW,TX,ASW,CE,Towers with Radar,58,45,44,28,175,0,17,28,3,48,58,62,72,31,223,74,12,86,309
04/20/2023,AFW,TX,ASW,CE,Towers with Radar,62,30,30,17,139,0,20,24,2,46,62,50,54,19,185,74,0,74,259
04/21/2023,AFW,TX,ASW,CE,Towers with Radar,49,27,40,18,134,0,20,95,7,122,49,47,135,25,256,102,16,118,374
04/22/2023,AFW,TX,ASW,CE,Towers with Radar,30,11,27,0,68,0,1,72,3,76,30,12,99,3,144,68,2,70,214
04/23/2023,AFW,TX,ASW,CE,Towers with Radar,35,15,12,3,65,0,2,1,0,3,35,17,13,3,68,20,0,20,88
04/24/2023,AFW,TX,ASW,CE,Towers with Radar,44,25,40,35,144,0,13,113,2,128,44,38,153,37,272,136,0,136,408
04/25/2023,AFW,TX,ASW,CE,Towers with Radar,62,31,48,60,201,0,9,42,0,51,62,40,90,60,252,118,4,122,374
04/26/2023,AFW,TX,ASW,CE,Towers with Radar,61,24,22,0,107,0,0,2,0,2,61,24,24,0,109,0,0,0,109
04/27/2023,AFW,TX,ASW,CE,Towers with Radar,62,41,65,33,201,0,13,81,2,96,62,54,146,35,297,111,0,111,408
04/28/2023,AFW,TX,ASW,CE,Towers with Radar,50,21,41,16,128,0,22,65,1,88,50,43,106,17,216,30,0,30,246
04/29/2023,AFW,TX,ASW,CE,Towers with Radar,32,8,13,2,55,0,0,49,2,51,32,8,62,4,106,62,2,64,170
04/30/2023,AFW,TX,ASW,CE,Towers with Radar,35,13,19,6,73,0,2,34,2,38,35,15,53,8,111,60,0,60,171
05/01/2023,AFW,TX,ASW,CE,Towers with Radar,35,21,30,16,102,0,11,184,8,203,35,32,214,24,305,158,16,174,479
05/02/2023,AFW,TX,ASW,CE,Towers with Radar,63,28,53,40,184,0,14,159,4,177,63,42,212,44,361,168,4,172,533
05/03/2023,AFW,TX,ASW,CE,Towers with Radar,58,30,50,21,159,0,20,126,3,149,58,50,176,24,308,230,4,234,542
05/04/2023,AFW,TX,ASW,CE,Towers with Radar,62,28,64,47,201,0,17,92,1,110,62,45,156,48,311,84,10,94,405
05/05/2023,AFW,TX,ASW,CE,Towers with Radar,51,27,48,44,170,0,15,27,1,43,51,42,75,45,213,20,2,22,235
05/06/2023,AFW,TX,ASW,CE,Towers with Radar,33,12,20,13,78,0,0,8,7,15,33,12,28,20,93,0,0,0,93
05/07/2023,AFW,TX,ASW,CE,Towers with Radar,34,13,22,16,85,0,0,15,0,15,34,13,37,16,100,30,0,30,130
05/08/2023,AFW,TX,ASW,CE,Towers with Radar,39,24,36,40,139,0,11,129,0,140,39,35,165,40,279,90,2,92,371
05/09/2023,AFW,TX,ASW,CE,Towers with Radar,62,37,62,39,200,0,24,61,3,88,62,61,123,42,288,48,16,64,352
05/10/2023,AFW,TX,ASW,CE,Towers with Radar,56,32,56,8,152,0,14,34,1,49,56,46,90,9,201,96,0,96,297
05/11/2023,AFW,TX,ASW,CE,Towers with Radar,55,31,43,16,145,0,9,18,2,29,55,40,61,18,174,4,14,18,192
05/12/2023,AFW,TX,ASW,CE,Towers with Radar,49,27,43,14,133,0,2,24,1,27,49,29,67,15,160,104,8,112,272
05/13/2023,AFW,TX,ASW,CE,Towers with Radar,30,9,27,10,76,0,0,9,0,9,30,9,36,10,85,16,0,16,101
05/14/2023,AFW,TX,ASW,CE,Towers with Radar,30,13,10,5,58,0,0,0,0,0,30,13,10,5,58,0,0,0,58
05/15/2023,AFW,TX,ASW,CE,Towers with Radar,35,19,44,39,137,0,8,54,2,64,35,27,98,41,201,46,16,62,263
05/16/2023,AFW,TX,ASW,CE,Towers with Radar,58,35,47,64,204,0,28,98,4,130,58,63,145,68,334,176,14,190,524
05/17/2023,AFW,TX,ASW,CE,Towers with Radar,57,31,52,21,161,0,42,109,6,157,57,73,161,27,318,180,16,196,514
05/18/2023,AFW,TX,ASW,CE,Towers with Radar,54,32,49,53,188,0,21,112,5,138,54,53,161,58,326,174,4,178,504
05/19/2023,AFW,TX,ASW,CE,Towers with Radar,44,31,33,93,201,0,15,61,1,77,44,46,94,94,278,106,14,120,398
05/20/2023,AFW,TX,ASW,CE,Towers with Radar,29,10,29,24,92,0,1,50,13,64,29,11,79,37,156,48,30,78,234
05/21/2023,AFW,TX,ASW,CE,Towers with Radar,37,17,12,19,85,0,2,27,2,31,37,19,39,21,116,56,0,56,172
05/22/2023,AFW,TX,ASW,CE,Towers with Radar,37,29,30,39,135,0,18,76,0,94,37,47,106,39,229,146,16,162,391
05/23/2023,AFW,TX,ASW,CE,Towers with Radar,64,30,41,13,148,0,23,93,2,118,64,53,134,15,266,66,32,98,364
05/24/2023,AFW,TX,ASW,CE,Towers with Radar,57,32,59,22,170,0,23,60,1,84,57,55,119,23,254,98,0,98,352
05/25/2023,AFW,TX,ASW,CE,Towers with Radar,56,30,34,26,146,0,28,46,3,77,56,58,80,29,223,90,0,90,313
05/26/2023,AFW,TX,ASW,CE,Towers with Radar,57,23,28,1,109,0,12,51,4,67,57,35,79,5,176,112,0,112,288
05/27/2023,AFW,TX,ASW,CE,Towers with Radar,32,14,19,2,67,0,0,28,5,33,32,14,47,7,100,20,2,22,122
05/28/2023,AFW,TX,ASW,CE,Towers with Radar,31,11,13,0,55,0,0,18,3,21,31,11,31,3,76,28,0,28,104
05/29/2023,AFW,TX,ASW,CE,Towers with Radar,31,14,5,0,50,0,0,17,1,18,31,14,22,1,68,18,0,18,86
05/30/2023,AFW,TX,ASW,CE,Towers with Radar,38,14,29,0,81,0,0,76,0,76,38,14,105,0,157,128,0,128,285
05/31/2023,AFW,TX,ASW,CE,Towers with Radar,63,24,44,10,141,0,19,180,3,202,63,43,224,13,343,153,0,153,496
06/01/2023,AFW,TX,ASW,CE,Towers with Radar,58,28,37,34,157,0,29,150,6,185,58,57,187,40,342,78,14,92,434
06/02/2023,AFW,TX,ASW,CE,Towers with Radar,54,24,31,45,154,0,5,106,13,124,54,29,137,58,278,188,4,192,470
06/03/2023,AFW,TX,ASW,CE,Towers with Radar,31,13,10,3,57,0,1,18,2,21,31,14,28,5,78,48,4,52,130
06/04/2023,AFW,TX,ASW,CE,Towers with Radar,35,11,16,3,65,0,0,19,0,19,35,11,35,3,84,16,0,16,100
06/05/2023,AFW,TX,ASW,CE,Towers with Radar,41,19,23,38,121,0,13,77,2,92,41,32,100,40,213,98,14,112,325
06/06/2023,AFW,TX,ASW,CE,Towers with Radar,62,27,24,7,120,0,17,91,3,111,62,44,115,10,231,94,8,102,333
06/07/2023,AFW,TX,ASW,CE,Towers with Radar,54,35,47,4,140,0,23,141,4,168,54,58,188,8,308,150,6,156,464
06/08/2023,AFW,TX,ASW,CE,Towers with Radar,57,38,23,15,133,0,19,112,0,131,57,57,135,15,264,200,8,208,472
06/09/2023,AFW,TX,ASW,CE,Towers with Radar,51,20,37,9,117,0,6,169,1,176,51,26,206,10,293,240,8,248,541
06/10/2023,AFW,TX,ASW,CE,Towers with Radar,36,9,7,2,54,0,0,30,0,30,36,9,37,2,84,26,0,26,110
06/11/2023,AFW,TX,ASW,CE,Towers with Radar,30,11,20,20,81,0,1,25,0,26,30,12,45,20,107,66,0,66,173
06/12/2023,AFW,TX,ASW,CE,Towers with Radar,36,25,20,2,83,0,2,57,0,59,36,27,77,2,142,124,0,124,266
06/13/2023,AFW,TX,ASW,CE,Towers with Radar,57,27,51,6,141,0,0,2,1,3,57,27,53,7,144,0,0,0,144
06/14/2023,AFW,TX,ASW,CE,Towers with Radar,69,25,45,4,143,0,7,44,0,51,69,32,89,4,194,166,0,166,360
06/15/2023,AFW,TX,ASW,CE,Towers with Radar,53,32,48,15,148,0,19,103,2,124,53,51,151,17,272,192,0,192,464
06/16/2023,AFW,TX,ASW,CE,Towers with Radar,51,35,44,26,156,0,19,53,0,72,51,54,97,26,228,170,4,174,402
06/17/2023,AFW,TX,ASW,CE,Towers with Radar,36,12,12,4,64,0,4,11,0,15,36,16,23,4,79,54,0,54,133
06/18/2023,AFW,TX,ASW,CE,Towers with Radar,31,14,12,3,60,0,3,21,0,24,31,17,33,3,84,70,0,70,154
06/19/2023,AFW,TX,ASW,CE,Towers with Radar,34,13,19,0,66,0,6,26,0,32,34,19,45,0,98,104,0,104,202
06/20/2023,AFW,TX,ASW,CE,Towers with Radar,59,21,44,56,180,0,5,117,3,125,59,26,161,59,305,144,8,152,457
06/21/2023,AFW,TX,ASW,CE,Towers with Radar,59,28,47,31,165,0,23,54,3,80,59,51,101,34,245,80,4,84,329
06/22/2023,AFW,TX,ASW,CE,Towers with Radar,61,36,37,16,150,0,28,116,2,146,61,64,153,18,296,184,4,188,484
06/23/2023,AFW,TX,ASW,CE,Towers with Radar,46,23,17,46,132,0,9,33,2,44,46,32,50,48,176,98,26,124,300
06/24/2023,AFW,TX,ASW,CE,Towers with Radar,35,13,14,12,74,0,0,27,3,30,35,13,41,15,104,8,12,20,124
06/25/2023,AFW,TX,ASW,CE,Towers with Radar,30,8,19,13,70,0,0,17,1,18,30,8,36,14,88,74,2,76,164
06/26/2023,AFW,TX,ASW,CE,Towers with Radar,37,21,17,0,75,0,20,107,2,129,37,41,124,2,204,176,4,180,384
06/27/2023,AFW,TX,ASW,CE,Towers with Radar,58,38,30,12,138,0,17,94,2,113,58,55,124,14,251,126,4,130,381
06/28/2023,AFW,TX,ASW,CE,Towers with Radar,64,32,46,11,153,0,24,102,5,131,64,56,148,16,284,134,4,138,422
06/29/2023,AFW,TX,ASW,CE,Towers with Radar,59,33,33,12,137,0,21,77,2,100,59,54,110,14,237,168,0,168,405
06/30/2023,AFW,TX,ASW,CE,Towers with Radar,49,33,33,16,131,0,19,65,3,87,49,52,98,19,218,28,8,36,254
07/01/2023,AFW,TX,ASW,CE,Towers with Radar,31,19,10,0,60,0,0,20,1,21,31,19,30,1,81,34,0,34,115
07/02/2023,AFW,TX,ASW,CE,Towers with Radar,30,14,4,1,49,0,0,27,1,28,30,14,31,2,77,58,4,62,139
07/03/2023,AFW,TX,ASW,CE,Towers with Radar,31,15,22,3,71,0,0,57,0,57,31,15,79,3,128,54,0,54,182
07/04/2023,AFW,TX,ASW,CE,Towers with Radar,4,3,10,1,18,0,0,30,1,31,4,3,40,2,49,110,0,110,159
07/05/2023,AFW,TX,ASW,CE,Towers with Radar,27,4,24,35,90,0,3,88,5,96,27,7,112,40,186,108,10,118,304
07/06/2023,AFW,TX,ASW,CE,Towers with Radar,64,21,29,22,136,0,18,80,0,98,64,39,109,22,234,72,2,74,308
07/07/2023,AFW,TX,ASW,CE,Towers with Radar,45,21,37,58,161,0,15,91,3,109,45,36,128,61,270,120,20,140,410
07/08/2023,AFW,TX,ASW,CE,Towers with Radar,35,2,16,13,66,0,0,39,12,51,35,2,55,25,117,72,18,90,207
07/09/2023,AFW,TX,ASW,CE,Towers with Radar,30,4,13,16,63,0,0,21,8,29,30,4,34,24,92,74,2,76,168
07/10/2023,AFW,TX,ASW,CE,Towers with Radar,38,10,34,15,97,0,11,57,7,75,38,21,91,22,172,116,6,122,294
07/11/2023,AFW,TX,ASW,CE,Towers with Radar,58,31,53,16,158,0,20,76,4,100,58,51,129,20,258,100,0,100,358
07/12/2023,AFW,TX,ASW,CE,Towers with Radar,58,29,67,23,177,0,24,96,1,121,58,53,163,24,298,140,0,140,438
07/13/2023,AFW,TX,ASW,CE,Towers with Radar,57,21,55,35,168,0,22,83,1,106,57,43,138,36,274,68,14,82,356
07/14/2023,AFW,TX,ASW,CE,Towers with Radar,43,24,22,45,134,0,17,88,5,110,43,41,110,50,244,88,2,90,334
07/15/2023,AFW,TX,ASW,CE,Towers with Radar,28,6,15,17,66,0,0,31,0,31,28,6,46,17,97,72,0,72,169
07/16/2023,AFW,TX,ASW,CE,Towers with Radar,35,2,11,10,58,0,0,17,0,17,35,2,28,10,75,46,0,46,121
07/17/2023,AFW,TX,ASW,CE,Towers with Radar,39,11,25,39,114,0,8,101,2,111,39,19,126,41,225,86,8,94,319
07/18/2023,AFW,TX,ASW,CE,Towers with Radar,61,28,50,55,194,0,20,87,2,109,61,48,137,57,303,86,8,94,397
07/19/2023,AFW,TX,ASW,CE,Towers with Radar,58,26,48,36,168,0,21,95,2,118,58,47,143,38,286,71,4,75,361
07/20/2023,AFW,TX,ASW,CE,Towers with Radar,56,26,36,45,163,0,17,112,3,132,56,43,148,48,295,236,4,240,535
07/21/2023,AFW,TX,ASW,CE,Towers with Radar,51,15,23,26,115,0,13,103,2,118,51,28,126,28,233,82,2,84,317
07/22/2023,AFW,TX,ASW,CE,Towers with Radar,30,3,13,4,50,0,1,40,0,41,30,4,53,4,91,68,2,70,161
07/23/2023,AFW,TX,ASW,CE,Towers with Radar,30,8,8,12,58,0,1,25,4,30,30,9,33,16,88,28,0,28,116
07/24/2023,AFW,TX,ASW,CE,Towers with Radar,36,10,39,16,101,0,6,98,3,107,36,16,137,19,208,122,4,126,334
07/25/2023,AFW,TX,ASW,CE,Towers with Radar,62,23,45,19,149,0,14,117,1,132,62,37,162,20,281,84,0,84,365
07/26/2023,AFW,TX,ASW,CE,Towers with Radar,62,31,53,40,186,0,24,120,2,146,62,55,173,42,332,135,4,139,471
07/27/2023,AFW,TX,ASW,CE,Towers with Radar,57,26,65,25,173,0,19,95,2,116,57,45,160,27,289,192,4,196,485
07/28/2023,AFW,TX,ASW,CE,Towers with Radar,53,15,23,14,105,0,11,79,2,92,53,26,102,16,197,62,2,64,261
07/29/2023,AFW,TX,ASW,CE,Towers with Radar,33,6,16,15,70,0,4,40,1,45,33,10,56,16,115,102,6,108,223
07/30/2023,AFW,TX,ASW,CE,Towers with Radar,28,5,16,17,66,0,0,20,3,23,28,5,36,20,89,56,4,60,149
07/31/2023,AFW,TX,ASW,CE,Towers with Radar,48,10,27,71,156,0,15,104,4,123,48,25,131,75,279,104,4,108,387
08/01/2023,AFW,TX,ASW,CE,Towers with Radar,64,23,41,25,153,0,19,125,1,145,64,42,166,26,298,126,4,130,428
08/02/2023,AFW,TX,ASW,CE,Towers with Radar,59,23,31,19,132,0,24,97,1,122,59,47,128,20,254,166,0,166,420
08/03/2023,AFW,TX,ASW,CE,Towers with Radar,64,22,39,24,149,0,36,95,5,136,64,58,134,29,285,62,6,68,353
08/04/2023,AFW,TX,ASW,CE,Towers with Radar,46,21,33,21,121,0,18,62,2,82,46,39,95,23,203,88,40,128,331
08/05/2023,AFW,TX,ASW,CE,Towers with Radar,37,3,20,19,79,0,0,41,1,42,37,3,61,20,121,72,10,82,203
08/06/2023,AFW,TX,ASW,CE,Towers with Radar,36,3,15,18,72,0,0,14,1,15,36,3,29,19,87,24,0,24,111
08/07/2023,AFW,TX,ASW,CE,Towers with Radar,36,8,46,40,130,0,17,88,1,106,36,25,134,41,236,112,2,114,350
08/08/2023,AFW,TX,ASW,CE,Towers with Radar,60,27,36,65,188,0,16,136,2,154,60,43,172,67,342,156,12,168,510
08/09/2023,AFW,TX,ASW,CE,Towers with Radar,67,22,39,40,168,0,26,31,3,60,67,48,70,43,228,12,14,26,254
08/10/2023,AFW,TX,ASW,CE,Towers with Radar,56,14,53,68,191,0,16,121,4,141,56,30,174,72,332,176,22,198,530
08/11/2023,AFW,TX,ASW,CE,Towers with Radar,46,20,34,15,115,0,7,73,5,85,46,27,107,20,200,149,38,187,387
08/12/2023,AFW,TX,ASW,CE,Towers with Radar,34,1,15,15,65,0,0,41,2,43,34,1,56,17,108,68,6,74,182
08/13/2023,AFW,TX,ASW,CE,Towers with Radar,31,8,20,24,83,0,0,30,5,35,31,8,50,29,118,128,20,148,266
08/14/2023,AFW,TX,ASW,CE,Towers with Radar,34,6,25,53,118,0,9,74,4,87,34,15,99,57,205,90,8,98,303
08/15/2023,AFW,TX,ASW,CE,Towers with Radar,68,20,51,57,196,0,28,93,1,122,68,48,144,58,318,128,18,146,464
08/16/2023,AFW,TX,ASW,CE,Towers with Radar,60,23,45,37,165,0,31,125,4,160,60,54,170,41,325,134,8,142,467
08/17/2023,AFW,TX,ASW,CE,Towers with Radar,60,27,56,21,164,0,18,91,2,111,60,45,147,23,275,137,0,137,412
08/18/2023,AFW,TX,ASW,CE,Towers with Radar,48,16,47,27,138,0,10,95,2,107,48,26,142,29,245,83,8,91,336
08/19/2023,AFW,TX,ASW,CE,Towers with Radar,33,1,7,27,68,0,1,12,2,15,33,2,19,29,83,68,0,68,151
08/20/2023,AFW,TX,ASW,CE,Towers with Radar,37,3,14,7,61,0,1,18,3,22,37,4,32,10,83,32,0,32,115
08/21/2023,AFW,TX,ASW,CE,Towers with Radar,39,8,28,42,117,0,9,64,2,75,39,17,92,44,192,112,8,120,312
08/22/2023,AFW,TX,ASW,CE,Towers with Radar,57,22,43,44,166,0,16,60,5,81,57,38,103,49,247,88,8,96,343
08/23/2023,AFW,TX,ASW,CE,Towers with Radar,57,38,37,53,185,0,27,133,1,161,57,65,170,54,346,148,0,148,494
08/24/2023,AFW,TX,ASW,CE,Towers with Radar,60,25,48,16,149,0,22,133,5,160,60,47,181,21,309,124,0,124,433
08/25/2023,AFW,TX,ASW,CE,Towers with Radar,45,14,29,63,151,0,17,112,9,138,45,31,141,72,289,156,20,176,465
08/26/2023,AFW,TX,ASW,CE,Towers with Radar,34,3,23,10,70,0,2,67,2,71,34,5,90,12,141,74,4,78,219
08/27/2023,AFW,TX,ASW,CE,Towers with Radar,29,7,15,45,96,0,0,32,5,37,29,7,47,50,133,100,12,112,245
08/28/2023,AFW,TX,ASW,CE,Towers with Radar,34,15,27,37,113,0,10,82,4,96,34,25,109,41,209,58,2,60,269
08/29/2023,AFW,TX,ASW,CE,Towers with Radar,60,24,50,54,188,0,17,122,5,144,60,41,172,59,332,106,12,118,450
08/30/2023,AFW,TX,ASW,CE,Towers with Radar,56,28,45,43,172,0,29,139,8,176,56,57,184,51,348,176,18,194,542
08/31/2023,AFW,TX,ASW,CE,Towers with Radar,58,23,39,29,149,0,22,123,4,149,58,45,162,33,298,137,0,137,435
