01/01/2020,AGC,PA,AEA,CE,Towers with Radar,0,14,11,0,25,0,31,16,0,47,0,45,27,0,72,0,0,0,72
01/02/2020,AGC,PA,AEA,CE,Towers with Radar,0,10,10,0,20,0,36,16,0,52,0,46,26,0,72,12,0,12,84
01/03/2020,AGC,PA,AEA,CE,Towers with Radar,0,18,7,0,25,0,0,0,0,0,0,18,7,0,25,0,0,0,25
01/04/2020,AGC,PA,AEA,CE,Towers with Radar,0,19,11,0,30,0,1,0,0,1,0,20,11,0,31,0,0,0,31
01/05/2020,AGC,PA,AEA,CE,Towers with Radar,0,7,29,0,36,0,32,8,0,40,0,39,37,0,76,12,0,12,88
01/06/2020,AGC,PA,AEA,CE,Towers with Radar,0,19,15,0,34,0,65,19,0,84,0,84,34,0,118,12,0,12,130
01/07/2020,AGC,PA,AEA,CE,Towers with Radar,0,19,15,0,34,0,61,39,0,100,0,80,54,0,134,60,0,60,194
01/08/2020,AGC,PA,AEA,CE,Towers with Radar,0,22,20,0,42,0,31,13,0,44,0,53,33,0,86,4,0,4,90
01/09/2020,AGC,PA,AEA,CE,Towers with Radar,0,20,31,0,51,0,36,56,0,92,0,56,87,0,143,26,0,26,169
01/10/2020,AGC,PA,AEA,CE,Towers with Radar,0,18,12,0,30,0,30,30,0,60,0,48,42,0,90,48,0,48,138
01/11/2020,AGC,PA,AEA,CE,Towers with Radar,0,11,15,0,26,0,23,13,0,36,0,34,28,0,62,8,0,8,70
01/12/2020,AGC,PA,AEA,CE,Towers with Radar,0,20,38,0,58,0,24,14,0,38,0,44,52,0,96,22,0,22,118
01/13/2020,AGC,PA,AEA,CE,Towers with Radar,0,13,24,0,37,0,51,53,0,104,0,64,77,0,141,74,0,74,215
01/14/2020,AGC,PA,AEA,CE,Towers with Radar,0,29,29,0,58,0,24,5,0,29,0,53,34,0,87,4,0,4,91
01/15/2020,AGC,PA,AEA,CE,Towers with Radar,0,23,30,0,53,0,19,27,0,46,0,42,57,0,99,34,0,34,133
01/16/2020,AGC,PA,AEA,CE,Towers with Radar,0,20,28,1,49,0,42,10,0,52,0,62,38,1,101,6,0,6,107
01/17/2020,AGC,PA,AEA,CE,Towers with Radar,0,34,43,1,78,0,54,36,0,90,0,88,79,1,168,32,0,32,200
01/18/2020,AGC,PA,AEA,CE,Towers with Radar,0,13,12,0,25,0,0,0,0,0,0,13,12,0,25,0,0,0,25
01/19/2020,AGC,PA,AEA,CE,Towers with Radar,0,13,15,0,28,0,6,0,0,6,0,19,15,0,34,0,0,0,34
01/20/2020,AGC,PA,AEA,CE,Towers with Radar,0,19,28,0,47,0,34,44,1,79,0,53,72,1,126,52,0,52,178
01/21/2020,AGC,PA,AEA,CE,Towers with Radar,0,25,42,0,67,0,34,40,0,74,0,59,82,0,141,36,0,36,177
01/22/2020,AGC,PA,AEA,CE,Towers with Radar,0,19,31,2,52,0,65,55,0,120,0,84,86,2,172,20,0,20,192
01/23/2020,AGC,PA,AEA,CE,Towers with Radar,0,36,71,2,109,0,33,32,0,65,0,69,103,2,174,54,0,54,228
01/24/2020,AGC,PA,AEA,CE,Towers with Radar,0,18,26,0,44,0,39,20,0,59,0,57,46,0,103,24,0,24,127
01/25/2020,AGC,PA,AEA,CE,Towers with Radar,0,18,6,0,24,0,6,2,0,8,0,24,8,0,32,0,0,0,32
01/26/2020,AGC,PA,AEA,CE,Towers with Radar,0,15,20,0,35,1,2,10,0,13,1,17,30,0,48,2,0,2,50
01/27/2020,AGC,PA,AEA,CE,Towers with Radar,0,11,20,0,31,0,8,0,0,8,0,19,20,0,39,0,0,0,39
01/28/2020,AGC,PA,AEA,CE,Towers with Radar,0,14,13,0,27,0,4,0,0,4,0,18,13,0,31,0,0,0,31
01/29/2020,AGC,PA,AEA,CE,Towers with Radar,0,26,34,0,60,0,27,38,0,65,0,53,72,0,125,30,0,30,155
01/30/2020,AGC,PA,AEA,CE,Towers with Radar,0,26,37,0,63,0,48,17,0,65,0,74,54,0,128,16,4,20,148
01/31/2020,AGC,PA,AEA,CE,Towers with Radar,0,18,28,0,46,0,17,28,0,45,0,35,56,0,91,44,0,44,135
02/01/2020,AGC,PA,AEA,CE,Towers with Radar,0,15,10,0,25,0,5,0,0,5,0,20,10,0,30,0,0,0,30
02/02/2020,AGC,PA,AEA,CE,Towers with Radar,0,10,17,0,27,0,6,10,0,16,0,16,27,0,43,0,0,0,43
02/03/2020,AGC,PA,AEA,CE,Towers with Radar,0,19,34,0,53,0,40,41,0,81,0,59,75,0,134,52,0,52,186
02/04/2020,AGC,PA,AEA,CE,Towers with Radar,0,14,30,0,44,0,22,5,0,27,0,36,35,0,71,2,0,2,73
02/05/2020,AGC,PA,AEA,CE,Towers with Radar,0,18,31,0,49,0,33,35,0,68,0,51,66,0,117,42,0,42,159
02/06/2020,AGC,PA,AEA,CE,Towers with Radar,0,24,34,0,58,0,0,0,0,0,0,24,34,0,58,0,0,0,58
02/07/2020,AGC,PA,AEA,CE,Towers with Radar,0,12,21,0,33,0,0,1,0,1,0,12,22,0,34,0,0,0,34
02/08/2020,AGC,PA,AEA,CE,Towers with Radar,0,23,16,0,39,0,19,16,0,35,0,42,32,0,74,34,0,34,108
02/09/2020,AGC,PA,AEA,CE,Towers with Radar,0,7,11,0,18,0,21,33,0,54,0,28,44,0,72,76,0,76,148
02/10/2020,AGC,PA,AEA,CE,Towers with Radar,0,15,49,0,64,0,0,2,0,2,0,15,51,0,66,0,0,0,66
02/11/2020,AGC,PA,AEA,CE,Towers with Radar,0,21,20,0,41,0,7,3,0,10,0,28,23,0,51,16,0,16,67
02/12/2020,AGC,PA,AEA,CE,Towers with Radar,0,24,34,0,58,0,39,37,0,76,0,63,71,0,134,64,0,64,198
02/13/2020,AGC,PA,AEA,CE,Towers with Radar,0,23,32,0,55,0,11,2,0,13,0,34,34,0,68,0,0,0,68
02/14/2020,AGC,PA,AEA,CE,Towers with Radar,0,22,27,0,49,0,42,42,0,84,0,64,69,0,133,0,0,0,133
02/15/2020,AGC,PA,AEA,CE,Towers with Radar,0,25,23,0,48,0,41,49,0,90,0,66,72,0,138,42,0,42,180
02/16/2020,AGC,PA,AEA,CE,Towers with Radar,0,10,12,0,22,0,20,46,0,66,0,30,58,0,88,74,0,74,162
02/17/2020,AGC,PA,AEA,CE,Towers with Radar,0,16,31,0,47,0,25,57,0,82,0,41,88,0,129,58,0,58,187
02/18/2020,AGC,PA,AEA,CE,Towers with Radar,0,21,28,0,49,0,35,0,0,35,0,56,28,0,84,0,0,0,84
02/19/2020,AGC,PA,AEA,CE,Towers with Radar,0,26,38,0,64,0,41,39,0,80,0,67,77,0,144,32,0,32,176
02/20/2020,AGC,PA,AEA,CE,Towers with Radar,0,21,20,0,41,0,55,57,0,112,0,76,77,0,153,74,0,74,227
02/21/2020,AGC,PA,AEA,CE,Towers with Radar,0,21,30,0,51,0,51,73,1,125,0,72,103,1,176,88,0,88,264
02/22/2020,AGC,PA,AEA,CE,Towers with Radar,0,12,30,0,42,0,30,67,0,97,0,42,97,0,139,88,0,88,227
02/23/2020,AGC,PA,AEA,CE,Towers with Radar,0,11,31,0,42,0,34,59,0,93,0,45,90,0,135,72,0,72,207
02/24/2020,AGC,PA,AEA,CE,Towers with Radar,0,19,34,0,53,0,32,45,0,77,0,51,79,0,130,100,0,100,230
02/25/2020,AGC,PA,AEA,CE,Towers with Radar,0,8,26,0,34,0,20,10,0,30,0,28,36,0,64,0,0,0,64
02/26/2020,AGC,PA,AEA,CE,Towers with Radar,0,21,27,0,48,0,8,0,0,8,0,29,27,0,56,2,0,2,58
02/27/2020,AGC,PA,AEA,CE,Towers with Radar,0,25,31,0,56,0,9,7,0,16,0,34,38,0,72,0,0,0,72
02/28/2020,AGC,PA,AEA,CE,Towers with Radar,0,21,22,0,43,0,21,15,0,36,0,42,37,0,79,2,0,2,81
02/29/2020,AGC,PA,AEA,CE,Towers with Radar,0,27,14,0,41,0,19,14,0,33,0,46,28,0,74,0,0,0,74
03/01/2020,AGC,PA,AEA,CE,Towers with Radar,0,18,47,0,65,0,36,71,1,108,0,54,118,1,173,140,0,140,313
03/02/2020,AGC,PA,AEA,CE,Towers with Radar,0,17,25,0,42,0,14,6,0,20,0,31,31,0,62,0,4,4,66
03/03/2020,AGC,PA,AEA,CE,Towers with Radar,0,26,24,0,50,0,4,2,0,6,0,30,26,0,56,0,0,0,56
03/04/2020,AGC,PA,AEA,CE,Towers with Radar,0,16,25,0,41,0,44,37,0,81,0,60,62,0,122,18,0,18,140
03/05/2020,AGC,PA,AEA,CE,Towers with Radar,0,24,56,0,80,0,61,80,0,141,0,85,136,0,221,36,0,36,257
03/06/2020,AGC,PA,AEA,CE,Towers with Radar,0,24,19,0,43,0,18,7,0,25,0,42,26,0,68,0,0,0,68
03/07/2020,AGC,PA,AEA,CE,Towers with Radar,0,17,38,0,55,0,37,56,0,93,0,54,94,0,148,100,0,100,248
03/08/2020,AGC,PA,AEA,CE,Towers with Radar,0,9,29,0,38,0,37,65,0,102,0,46,94,0,140,46,0,46,186
03/09/2020,AGC,PA,AEA,CE,Towers with Radar,0,15,31,0,46,0,42,42,0,84,0,57,73,0,130,39,0,39,169
03/10/2020,AGC,PA,AEA,CE,Towers with Radar,0,34,19,0,53,0,49,6,0,55,0,83,25,0,108,0,0,0,108
03/11/2020,AGC,PA,AEA,CE,Towers with Radar,0,31,28,0,59,0,12,5,0,17,0,43,33,0,76,4,0,4,80
03/12/2020,AGC,PA,AEA,CE,Towers with Radar,0,31,37,0,68,0,34,54,0,88,0,65,91,0,156,80,0,80,236
03/13/2020,AGC,PA,AEA,CE,Towers with Radar,0,19,25,2,46,0,31,18,0,49,0,50,43,2,95,0,0,0,95
03/14/2020,AGC,PA,AEA,CE,Towers with Radar,0,18,36,0,54,0,14,55,0,69,0,32,91,0,123,92,0,92,215
03/15/2020,AGC,PA,AEA,CE,Towers with Radar,0,15,22,0,37,0,19,47,0,66,0,34,69,0,103,78,0,78,181
03/16/2020,AGC,PA,AEA,CE,Towers with Radar,0,14,16,0,30,0,34,50,0,84,0,48,66,0,114,82,0,82,196
03/17/2020,AGC,PA,AEA,CE,Towers with Radar,0,13,15,0,28,0,31,3,0,34,0,44,18,0,62,0,0,0,62
03/18/2020,AGC,PA,AEA,CE,Towers with Radar,0,11,23,0,34,0,19,53,0,72,0,30,76,0,106,20,0,20,126
03/19/2020,AGC,PA,AEA,CE,Towers with Radar,0,26,31,0,57,0,26,2,0,28,0,52,33,0,85,14,0,14,99
03/20/2020,AGC,PA,AEA,CE,Towers with Radar,0,11,13,0,24,0,12,12,0,24,0,23,25,0,48,4,0,4,52
03/21/2020,AGC,PA,AEA,CE,Towers with Radar,0,12,13,0,25,0,38,28,0,66,0,50,41,0,91,42,0,42,133
03/22/2020,AGC,PA,AEA,CE,Towers with Radar,0,17,22,0,39,0,30,65,0,95,0,47,87,0,134,62,0,62,196
03/23/2020,AGC,PA,AEA,CE,Towers with Radar,0,4,12,0,16,0,1,2,0,3,0,5,14,0,19,0,0,0,19
03/24/2020,AGC,PA,AEA,CE,Towers with Radar,0,13,11,0,24,0,28,10,0,38,0,41,21,0,62,34,0,34,96
03/25/2020,AGC,PA,AEA,CE,Towers with Radar,0,13,9,0,22,0,14,15,0,29,0,27,24,0,51,16,0,16,67
03/26/2020,AGC,PA,AEA,CE,Towers with Radar,0,13,29,0,42,0,52,51,0,103,0,65,80,0,145,26,0,26,171
03/27/2020,AGC,PA,AEA,CE,Towers with Radar,0,11,8,0,19,0,21,15,0,36,0,32,23,0,55,0,0,0,55
03/28/2020,AGC,PA,AEA,CE,Towers with Radar,0,11,9,0,20,0,5,4,0,9,0,16,13,0,29,0,0,0,29
03/29/2020,AGC,PA,AEA,CE,Towers with Radar,0,1,5,0,6,0,11,9,0,20,0,12,14,0,26,4,0,4,30
03/30/2020,AGC,PA,AEA,CE,Towers with Radar,0,4,4,0,8,0,26,6,0,32,0,30,10,0,40,0,0,0,40
03/31/2020,AGC,PA,AEA,CE,Towers with Radar,0,9,10,0,19,0,30,22,0,52,0,39,32,0,71,52,4,56,127
04/01/2020,AGC,PA,AEA,CE,Towers with Radar,0,13,4,0,17,0,12,21,0,33,0,25,25,0,50,20,0,20,70
04/02/2020,AGC,PA,AEA,CE,Towers with Radar,0,10,26,0,36,0,25,26,0,51,0,35,52,0,87,16,0,16,103
04/03/2020,AGC,PA,AEA,CE,Towers with Radar,0,16,17,0,33,0,29,33,0,62,0,45,50,0,95,6,0,6,101
04/04/2020,AGC,PA,AEA,CE,Towers with Radar,0,15,23,0,38,0,30,56,0,86,0,45,79,0,124,86,0,86,210
04/05/2020,AGC,PA,AEA,CE,Towers with Radar,0,4,13,0,17,0,34,56,0,90,0,38,69,0,107,42,0,42,149
04/06/2020,AGC,PA,AEA,CE,Towers with Radar,0,6,10,0,16,0,19,53,0,72,0,25,63,0,88,56,0,56,144
04/07/2020,AGC,PA,AEA,CE,Towers with Radar,0,8,4,0,12,0,16,1,0,17,0,24,5,0,29,4,0,4,33
04/08/2020,AGC,PA,AEA,CE,Towers with Radar,0,9,24,0,33,0,28,44,0,72,0,37,68,0,105,66,0,66,171
04/09/2020,AGC,PA,AEA,CE,Towers with Radar,0,7,9,0,16,0,24,2,0,26,0,31,11,0,42,0,0,0,42
04/10/2020,AGC,PA,AEA,CE,Towers with Radar,0,11,4,0,15,0,22,3,0,25,0,33,7,0,40,4,0,4,44
04/11/2020,AGC,PA,AEA,CE,Towers with Radar,0,14,10,0,24,0,24,56,0,80,0,38,66,0,104,36,0,36,140
04/12/2020,AGC,PA,AEA,CE,Towers with Radar,0,3,11,0,14,0,10,18,0,28,0,13,29,0,42,28,0,28,70
04/13/2020,AGC,PA,AEA,CE,Towers with Radar,0,4,4,0,8,0,17,2,0,19,0,21,6,0,27,0,0,0,27
04/14/2020,AGC,PA,AEA,CE,Towers with Radar,0,12,8,0,20,0,25,46,0,71,0,37,54,0,91,64,0,64,155
04/15/2020,AGC,PA,AEA,CE,Towers with Radar,0,17,11,0,28,0,23,58,1,82,0,40,69,1,110,66,0,66,176
04/16/2020,AGC,PA,AEA,CE,Towers with Radar,0,19,24,1,44,0,22,34,1,57,0,41,58,2,101,2,0,2,103
04/17/2020,AGC,PA,AEA,CE,Towers with Radar,0,6,9,0,15,0,11,14,0,25,0,17,23,0,40,42,0,42,82
04/18/2020,AGC,PA,AEA,CE,Towers with Radar,0,16,13,0,29,0,15,17,0,32,0,31,30,0,61,20,0,20,81
04/19/2020,AGC,PA,AEA,CE,Towers with Radar,0,8,13,0,21,0,12,30,0,42,0,20,43,0,63,52,0,52,115
04/20/2020,AGC,PA,AEA,CE,Towers with Radar,0,14,19,0,33,0,48,50,0,98,0,62,69,0,131,46,0,46,177
04/21/2020,AGC,PA,AEA,CE,Towers with Radar,0,8,5,0,13,0,8,2,0,10,0,16,7,0,23,20,0,20,43
04/22/2020,AGC,PA,AEA,CE,Towers with Radar,0,34,24,0,58,0,27,44,0,71,0,61,68,0,129,24,0,24,153
04/23/2020,AGC,PA,AEA,CE,Towers with Radar,0,15,17,0,32,0,15,20,0,35,0,30,37,0,67,28,0,28,95
04/24/2020,AGC,PA,AEA,CE,Towers with Radar,0,11,19,0,30,0,11,3,0,14,0,22,22,0,44,2,0,2,46
04/25/2020,AGC,PA,AEA,CE,Towers with Radar,0,13,18,0,31,0,17,47,0,64,0,30,65,0,95,76,0,76,171
04/26/2020,AGC,PA,AEA,CE,Towers with Radar,0,2,17,0,19,0,1,0,0,1,0,3,17,0,20,0,0,0,20
04/27/2020,AGC,PA,AEA,CE,Towers with Radar,0,8,10,0,18,0,23,29,0,52,0,31,39,0,70,26,0,26,96
04/28/2020,AGC,PA,AEA,CE,Towers with Radar,0,10,17,0,27,0,31,23,0,54,0,41,40,0,81,58,0,58,139
04/29/2020,AGC,PA,AEA,CE,Towers with Radar,0,11,14,4,29,0,36,17,1,54,0,47,31,5,83,8,0,8,91
04/30/2020,AGC,PA,AEA,CE,Towers with Radar,0,16,13,0,29,0,6,0,0,6,0,22,13,0,35,0,0,0,35
05/01/2020,AGC,PA,AEA,CE,Towers with Radar,0,14,38,0,52,0,38,19,0,57,0,52,57,0,109,24,0,24,133
05/02/2020,AGC,PA,AEA,CE,Towers with Radar,0,26,33,0,59,0,34,67,0,101,0,60,100,0,160,38,0,38,198
05/03/2020,AGC,PA,AEA,CE,Towers with Radar,0,12,28,0,40,0,23,48,0,71,0,35,76,0,111,56,0,56,167
05/04/2020,AGC,PA,AEA,CE,Towers with Radar,0,11,15,0,26,0,36,65,0,101,0,47,80,0,127,18,0,18,145
05/05/2020,AGC,PA,AEA,CE,Towers with Radar,0,17,21,0,38,0,42,35,0,77,0,59,56,0,115,28,0,28,143
05/06/2020,AGC,PA,AEA,CE,Towers with Radar,0,16,16,0,32,0,14,11,0,25,0,30,27,0,57,22,0,22,79
05/07/2020,AGC,PA,AEA,CE,Towers with Radar,0,23,31,0,54,0,25,48,2,75,0,48,79,2,129,30,0,30,159
05/08/2020,AGC,PA,AEA,CE,Towers with Radar,0,11,21,0,32,0,10,10,0,20,0,21,31,0,52,6,0,6,58
05/09/2020,AGC,PA,AEA,CE,Towers with Radar,0,21,15,0,36,0,23,13,0,36,0,44,28,0,72,0,0,0,72
05/10/2020,AGC,PA,AEA,CE,Towers with Radar,0,3,15,0,18,0,23,40,1,64,0,26,55,1,82,28,0,28,110
05/11/2020,AGC,PA,AEA,CE,Towers with Radar,0,15,24,2,41,0,18,5,0,23,0,33,29,2,64,0,0,0,64
05/12/2020,AGC,PA,AEA,CE,Towers with Radar,0,14,27,2,43,0,26,42,0,68,0,40,69,2,111,24,0,24,135
05/13/2020,AGC,PA,AEA,CE,Towers with Radar,0,18,24,0,42,0,48,100,6,154,0,66,124,6,196,80,0,80,276
05/14/2020,AGC,PA,AEA,CE,Towers with Radar,0,17,36,1,54,0,42,32,2,76,0,59,68,3,130,22,0,22,152
05/15/2020,AGC,PA,AEA,CE,Towers with Radar,0,16,17,0,33,0,48,14,0,62,0,64,31,0,95,0,0,0,95
05/16/2020,AGC,PA,AEA,CE,Towers with Radar,0,13,17,0,30,0,11,49,0,60,0,24,66,0,90,32,0,32,122
05/17/2020,AGC,PA,AEA,CE,Towers with Radar,0,8,14,0,22,0,17,49,0,66,0,25,63,0,88,80,0,80,168
05/18/2020,AGC,PA,AEA,CE,Towers with Radar,0,7,20,0,27,0,55,42,0,97,0,62,62,0,124,72,0,72,196
05/19/2020,AGC,PA,AEA,CE,Towers with Radar,0,17,14,2,33,0,52,7,0,59,0,69,21,2,92,6,0,6,98
05/20/2020,AGC,PA,AEA,CE,Towers with Radar,0,17,16,0,33,0,44,27,0,71,0,61,43,0,104,14,0,14,118
05/21/2020,AGC,PA,AEA,CE,Towers with Radar,0,13,32,0,45,0,39,61,0,100,0,52,93,0,145,48,0,48,193
05/22/2020,AGC,PA,AEA,CE,Towers with Radar,0,23,23,0,46,0,17,14,0,31,0,40,37,0,77,0,0,0,77
05/23/2020,AGC,PA,AEA,CE,Towers with Radar,0,21,32,0,53,0,37,42,0,79,0,58,74,0,132,38,0,38,170
05/24/2020,AGC,PA,AEA,CE,Towers with Radar,0,17,19,0,36,0,28,54,0,82,0,45,73,0,118,106,0,106,224
05/25/2020,AGC,PA,AEA,CE,Towers with Radar,0,5,16,0,21,0,30,43,0,73,0,35,59,0,94,62,2,64,158
05/26/2020,AGC,PA,AEA,CE,Towers with Radar,0,27,35,0,62,0,36,67,4,107,0,63,102,4,169,110,0,110,279
05/27/2020,AGC,PA,AEA,CE,Towers with Radar,0,22,18,0,40,0,38,57,2,97,0,60,75,2,137,44,0,44,181
05/28/2020,AGC,PA,AEA,CE,Towers with Radar,0,13,19,0,32,0,32,20,0,52,0,45,39,0,84,30,0,30,114
05/29/2020,AGC,PA,AEA,CE,Towers with Radar,0,18,14,0,32,0,24,24,0,48,0,42,38,0,80,0,0,0,80
05/30/2020,AGC,PA,AEA,CE,Towers with Radar,0,16,16,0,32,0,45,29,3,77,0,61,45,3,109,24,0,24,133
05/31/2020,AGC,PA,AEA,CE,Towers with Radar,0,6,30,0,36,0,33,58,4,95,0,39,88,4,131,106,0,106,237
06/01/2020,AGC,PA,AEA,CE,Towers with Radar,0,9,24,0,33,0,50,54,5,109,0,59,78,5,142,76,0,76,218
06/02/2020,AGC,PA,AEA,CE,Towers with Radar,0,19,29,0,48,0,38,31,0,69,0,57,60,0,117,40,0,40,157
06/03/2020,AGC,PA,AEA,CE,Towers with Radar,0,14,19,0,33,0,48,11,0,59,0,62,30,0,92,0,10,10,102
06/04/2020,AGC,PA,AEA,CE,Towers with Radar,0,20,22,0,42,0,26,25,0,51,0,46,47,0,93,68,0,68,161
06/05/2020,AGC,PA,AEA,CE,Towers with Radar,0,11,45,0,56,0,35,25,0,60,0,46,70,0,116,26,0,26,142
06/06/2020,AGC,PA,AEA,CE,Towers with Radar,0,24,43,1,68,0,49,76,0,125,0,73,119,1,193,40,0,40,233
06/07/2020,AGC,PA,AEA,CE,Towers with Radar,0,15,33,0,48,0,36,68,0,104,0,51,101,0,152,112,0,112,264
06/08/2020,AGC,PA,AEA,CE,Towers with Radar,0,13,29,0,42,0,36,51,2,89,0,49,80,2,131,72,0,72,203
06/09/2020,AGC,PA,AEA,CE,Towers with Radar,0,22,25,2,49,0,33,65,0,98,0,55,90,2,147,52,0,52,199
06/10/2020,AGC,PA,AEA,CE,Towers with Radar,0,16,16,2,34,0,27,25,0,52,0,43,41,2,86,14,0,14,100
06/11/2020,AGC,PA,AEA,CE,Towers with Radar,0,18,25,0,43,0,53,63,0,116,0,71,88,0,159,96,0,96,255
06/12/2020,AGC,PA,AEA,CE,Towers with Radar,0,12,19,0,31,0,54,54,2,110,0,66,73,2,141,10,0,10,151
06/13/2020,AGC,PA,AEA,CE,Towers with Radar,0,19,28,0,47,0,57,76,0,133,0,76,104,0,180,64,0,64,244
06/14/2020,AGC,PA,AEA,CE,Towers with Radar,0,5,24,0,29,0,33,61,0,94,0,38,85,0,123,92,0,92,215
06/15/2020,AGC,PA,AEA,CE,Towers with Radar,0,9,31,4,44,0,28,66,0,94,0,37,97,4,138,60,0,60,198
06/16/2020,AGC,PA,AEA,CE,Towers with Radar,0,11,27,0,38,0,54,55,0,109,0,65,82,0,147,60,0,60,207
06/17/2020,AGC,PA,AEA,CE,Towers with Radar,0,16,22,2,40,0,46,38,1,85,0,62,60,3,125,32,0,32,157
06/18/2020,AGC,PA,AEA,CE,Towers with Radar,0,21,44,1,66,0,60,36,0,96,0,81,80,1,162,64,0,64,226
06/19/2020,AGC,PA,AEA,CE,Towers with Radar,0,16,16,0,32,0,45,19,0,64,0,61,35,0,96,50,0,50,146
06/20/2020,AGC,PA,AEA,CE,Towers with Radar,0,19,11,0,30,0,21,44,0,65,0,40,55,0,95,88,0,88,183
06/21/2020,AGC,PA,AEA,CE,Towers with Radar,0,16,20,0,36,0,22,39,0,61,0,38,59,0,97,60,0,60,157
06/22/2020,AGC,PA,AEA,CE,Towers with Radar,0,10,39,0,49,0,20,21,1,42,0,30,60,1,91,2,0,2,93
06/23/2020,AGC,PA,AEA,CE,Towers with Radar,0,16,27,2,45,0,24,10,1,35,0,40,37,3,80,20,0,20,100
06/24/2020,AGC,PA,AEA,CE,Towers with Radar,0,27,31,0,58,0,45,52,1,98,0,72,83,1,156,16,0,16,172
06/25/2020,AGC,PA,AEA,CE,Towers with Radar,0,16,32,0,48,0,51,37,3,91,0,67,69,3,139,28,0,28,167
06/26/2020,AGC,PA,AEA,CE,Towers with Radar,0,8,32,2,42,0,30,51,0,81,0,38,83,2,123,38,0,38,161
06/27/2020,AGC,PA,AEA,CE,Towers with Radar,0,24,24,0,48,0,44,2,0,46,0,68,26,0,94,6,0,6,100
06/28/2020,AGC,PA,AEA,CE,Towers with Radar,0,9,29,0,38,0,43,36,0,79,0,52,65,0,117,78,0,78,195
06/29/2020,AGC,PA,AEA,CE,Towers with Radar,0,23,32,1,56,0,44,60,0,104,0,67,92,1,160,40,0,40,200
06/30/2020,AGC,PA,AEA,CE,Towers with Radar,0,26,28,0,54,0,59,61,0,120,0,85,89,0,174,78,0,78,252
07/01/2020,AGC,PA,AEA,CE,Towers with Radar,0,22,35,0,57,0,46,79,0,125,0,68,114,0,182,58,0,58,240
07/02/2020,AGC,PA,AEA,CE,Towers with Radar,0,24,41,0,65,0,18,96,0,114,0,42,137,0,179,58,0,58,237
07/03/2020,AGC,PA,AEA,CE,Towers with Radar,0,9,25,0,34,0,28,44,0,72,0,37,69,0,106,26,0,26,132
07/04/2020,AGC,PA,AEA,CE,Towers with Radar,0,16,10,0,26,0,31,24,1,56,0,47,34,1,82,16,0,16,98
07/05/2020,AGC,PA,AEA,CE,Towers with Radar,0,9,23,0,32,0,26,50,0,76,0,35,73,0,108,54,0,54,162
07/06/2020,AGC,PA,AEA,CE,Towers with Radar,0,27,26,0,53,0,39,66,0,105,0,66,92,0,158,20,0,20,178
07/07/2020,AGC,PA,AEA,CE,Towers with Radar,0,23,37,0,60,0,54,39,0,93,0,77,76,0,153,36,0,36,189
07/08/2020,AGC,PA,AEA,CE,Towers with Radar,0,17,18,0,35,0,46,49,0,95,0,63,67,0,130,40,0,40,170
07/09/2020,AGC,PA,AEA,CE,Towers with Radar,0,10,23,0,33,0,44,42,0,86,0,54,65,0,119,48,0,48,167
07/10/2020,AGC,PA,AEA,CE,Towers with Radar,0,20,19,0,39,0,37,23,1,61,0,57,42,1,100,16,6,22,122
07/11/2020,AGC,PA,AEA,CE,Towers with Radar,0,27,30,0,57,0,32,16,0,48,0,59,46,0,105,22,0,22,127
07/12/2020,AGC,PA,AEA,CE,Towers with Radar,0,3,21,0,24,0,26,18,0,44,0,29,39,0,68,32,0,32,100
07/13/2020,AGC,PA,AEA,CE,Towers with Radar,0,5,14,3,22,0,53,43,8,104,0,58,57,11,126,48,2,50,176
07/14/2020,AGC,PA,AEA,CE,Towers with Radar,0,24,29,0,53,0,44,62,0,106,0,68,91,0,159,62,0,62,221
07/15/2020,AGC,PA,AEA,CE,Towers with Radar,0,16,35,1,52,0,47,63,2,112,0,63,98,3,164,44,0,44,208
07/16/2020,AGC,PA,AEA,CE,Towers with Radar,0,37,36,1,74,0,39,31,0,70,0,76,67,1,144,28,0,28,172
07/17/2020,AGC,PA,AEA,CE,Towers with Radar,0,16,20,0,36,0,55,30,0,85,0,71,50,0,121,60,0,60,181
07/18/2020,AGC,PA,AEA,CE,Towers with Radar,0,17,18,0,35,0,29,52,0,81,0,46,70,0,116,150,0,150,266
07/19/2020,AGC,PA,AEA,CE,Towers with Radar,0,15,17,0,32,0,35,25,0,60,0,50,42,0,92,20,0,20,112
07/20/2020,AGC,PA,AEA,CE,Towers with Radar,0,19,29,1,49,0,28,44,0,72,0,47,73,1,121,88,0,88,209
07/21/2020,AGC,PA,AEA,CE,Towers with Radar,0,10,17,0,27,0,43,32,0,75,0,53,49,0,102,44,0,44,146
07/22/2020,AGC,PA,AEA,CE,Towers with Radar,0,22,21,2,45,0,39,20,2,61,0,61,41,4,106,40,0,40,146
07/23/2020,AGC,PA,AEA,CE,Towers with Radar,0,21,38,0,59,0,21,32,0,53,0,42,70,0,112,12,0,12,124
07/24/2020,AGC,PA,AEA,CE,Towers with Radar,0,9,21,1,31,0,37,30,0,67,0,46,51,1,98,64,0,64,162
07/25/2020,AGC,PA,AEA,CE,Towers with Radar,0,11,23,0,34,0,42,60,0,102,0,53,83,0,136,82,0,82,218
07/26/2020,AGC,PA,AEA,CE,Towers with Radar,0,11,19,0,30,0,32,55,0,87,0,43,74,0,117,72,0,72,189
07/27/2020,AGC,PA,AEA,CE,Towers with Radar,0,24,30,0,54,0,31,35,0,66,0,55,65,0,120,10,0,10,130
07/28/2020,AGC,PA,AEA,CE,Towers with Radar,0,30,28,2,60,0,39,31,0,70,0,69,59,2,130,28,0,28,158
07/29/2020,AGC,PA,AEA,CE,Towers with Radar,0,37,22,1,60,0,48,59,0,107,0,85,81,1,167,48,0,48,215
07/30/2020,AGC,PA,AEA,CE,Towers with Radar,0,24,20,3,47,0,24,24,0,48,0,48,44,3,95,62,0,62,157
07/31/2020,AGC,PA,AEA,CE,Towers with Radar,0,28,22,9,59,0,20,34,2,56,0,48,56,11,115,84,2,86,201
08/01/2020,AGC,PA,AEA,CE,Towers with Radar,0,18,14,0,32,0,5,20,0,25,0,23,34,0,57,68,0,68,125
08/02/2020,AGC,PA,AEA,CE,Towers with Radar,0,8,20,0,28,0,18,10,0,28,0,26,30,0,56,2,0,2,58
08/03/2020,AGC,PA,AEA,CE,Towers with Radar,0,8,27,3,38,0,39,53,1,93,0,47,80,4,131,52,0,52,183
08/04/2020,AGC,PA,AEA,CE,Towers with Radar,0,18,8,0,26,0,21,28,0,49,0,39,36,0,75,44,0,44,119
08/05/2020,AGC,PA,AEA,CE,Towers with Radar,0,20,35,1,56,0,28,61,3,92,0,48,96,4,148,76,0,76,224
08/06/2020,AGC,PA,AEA,CE,Towers with Radar,0,28,29,2,59,0,33,54,0,87,0,61,83,2,146,80,0,80,226
08/07/2020,AGC,PA,AEA,CE,Towers with Radar,0,23,39,0,62,0,49,50,0,99,0,72,89,0,161,56,0,56,217
08/08/2020,AGC,PA,AEA,CE,Towers with Radar,0,22,28,0,50,0,36,56,0,92,0,58,84,0,142,40,0,40,182
08/09/2020,AGC,PA,AEA,CE,Towers with Radar,0,14,32,1,47,0,28,54,0,82,0,42,86,1,129,96,0,96,225
08/10/2020,AGC,PA,AEA,CE,Towers with Radar,0,22,26,0,48,0,38,41,0,79,0,60,67,0,127,72,0,72,199
08/11/2020,AGC,PA,AEA,CE,Towers with Radar,0,28,32,2,62,0,58,40,4,102,0,86,72,6,164,68,2,70,234
08/12/2020,AGC,PA,AEA,CE,Towers with Radar,0,29,35,1,65,0,28,57,2,87,0,57,92,3,152,84,0,84,236
08/13/2020,AGC,PA,AEA,CE,Towers with Radar,0,30,29,0,59,0,53,58,2,113,0,83,87,2,172,58,0,58,230
08/14/2020,AGC,PA,AEA,CE,Towers with Radar,0,21,28,0,49,0,17,49,0,66,0,38,77,0,115,36,0,36,151
08/15/2020,AGC,PA,AEA,CE,Towers with Radar,0,17,19,0,36,0,21,19,0,40,0,38,38,0,76,42,0,42,118
08/16/2020,AGC,PA,AEA,CE,Towers with Radar,0,11,26,0,37,0,39,47,0,86,0,50,73,0,123,84,0,84,207
08/17/2020,AGC,PA,AEA,CE,Towers with Radar,0,13,37,0,50,0,31,72,2,105,0,44,109,2,155,54,0,54,209
08/18/2020,AGC,PA,AEA,CE,Towers with Radar,0,29,31,0,60,0,40,66,0,106,0,69,97,0,166,36,0,36,202
08/19/2020,AGC,PA,AEA,CE,Towers with Radar,0,32,36,1,69,0,39,57,0,96,0,71,93,1,165,38,0,38,203
08/20/2020,AGC,PA,AEA,CE,Towers with Radar,0,26,36,0,62,0,38,72,0,110,0,64,108,0,172,98,0,98,270
08/21/2020,AGC,PA,AEA,CE,Towers with Radar,0,14,38,1,53,0,38,33,1,72,0,52,71,2,125,24,0,24,149
08/22/2020,AGC,PA,AEA,CE,Towers with Radar,0,21,16,0,37,0,64,58,0,122,0,85,74,0,159,80,0,80,239
08/23/2020,AGC,PA,AEA,CE,Towers with Radar,0,12,35,0,47,0,31,16,0,47,0,43,51,0,94,44,0,44,138
08/24/2020,AGC,PA,AEA,CE,Towers with Radar,0,9,22,2,33,0,36,35,0,71,0,45,57,2,104,78,4,82,186
08/25/2020,AGC,PA,AEA,CE,Towers with Radar,0,19,19,1,39,0,34,22,0,56,0,53,41,1,95,54,0,54,149
08/26/2020,AGC,PA,AEA,CE,Towers with Radar,0,22,37,0,59,0,39,41,0,80,0,61,78,0,139,56,0,56,195
08/27/2020,AGC,PA,AEA,CE,Towers with Radar,0,19,29,0,48,0,0,0,0,0,0,19,29,0,48,0,0,0,48
08/28/2020,AGC,PA,AEA,CE,Towers with Radar,0,17,32,0,49,0,3,8,0,11,0,20,40,0,60,0,0,0,60
08/29/2020,AGC,PA,AEA,CE,Towers with Radar,0,11,16,0,27,0,24,9,0,33,0,35,25,0,60,4,0,4,64
08/30/2020,AGC,PA,AEA,CE,Towers with Radar,0,12,37,0,49,0,30,55,0,85,0,42,92,0,134,98,0,98,232
08/31/2020,AGC,PA,AEA,CE,Towers with Radar,0,12,44,0,56,0,32,24,0,56,0,44,68,0,112,36,0,36,148
09/01/2020,AGC,PA,AEA,CE,Towers with Radar,0,20,36,0,56,0,23,29,0,52,0,43,65,0,108,36,0,36,144
09/02/2020,AGC,PA,AEA,CE,Towers with Radar,0,36,26,0,62,0,18,7,0,25,0,54,33,0,87,20,0,20,107
09/03/2020,AGC,PA,AEA,CE,Towers with Radar,0,21,32,0,53,0,17,14,1,32,0,38,46,1,85,34,0,34,119
09/04/2020,AGC,PA,AEA,CE,Towers with Radar,0,15,27,0,42,0,31,57,0,88,0,46,84,0,130,42,0,42,172
09/05/2020,AGC,PA,AEA,CE,Towers with Radar,0,15,41,0,56,0,49,61,0,110,0,64,102,0,166,86,0,86,252
09/06/2020,AGC,PA,AEA,CE,Towers with Radar,0,19,22,0,41,0,39,52,0,91,0,58,74,0,132,48,0,48,180
09/07/2020,AGC,PA,AEA,CE,Towers with Radar,0,10,24,0,34,0,30,21,0,51,0,40,45,0,85,22,0,22,107
09/08/2020,AGC,PA,AEA,CE,Towers with Radar,0,16,48,1,65,0,29,52,0,81,0,45,100,1,146,80,0,80,226
09/09/2020,AGC,PA,AEA,CE,Towers with Radar,0,24,38,2,64,0,63,74,2,139,0,87,112,4,203,66,0,66,269
09/10/2020,AGC,PA,AEA,CE,Towers with Radar,0,17,42,0,59,0,33,50,0,83,0,50,92,0,142,40,0,40,182
09/11/2020,AGC,PA,AEA,CE,Towers with Radar,0,30,49,9,88,0,29,20,3,52,0,59,69,12,140,8,0,8,148
09/12/2020,AGC,PA,AEA,CE,Towers with Radar,0,18,30,0,48,0,38,44,0,82,0,56,74,0,130,30,0,30,160
09/13/2020,AGC,PA,AEA,CE,Towers with Radar,0,11,28,0,39,0,30,6,0,36,0,41,34,0,75,0,0,0,75
09/14/2020,AGC,PA,AEA,CE,Towers with Radar,0,12,26,1,39,0,34,50,0,84,0,46,76,1,123,44,0,44,167
09/15/2020,AGC,PA,AEA,CE,Towers with Radar,0,14,40,0,54,0,28,50,0,78,0,42,90,0,132,22,0,22,154
09/16/2020,AGC,PA,AEA,CE,Towers with Radar,0,21,47,0,68,0,42,47,2,91,0,63,94,2,159,18,0,18,177
09/17/2020,AGC,PA,AEA,CE,Towers with Radar,0,18,31,0,49,0,48,57,0,105,0,66,88,0,154,32,0,32,186
09/18/2020,AGC,PA,AEA,CE,Towers with Radar,0,18,35,0,53,0,40,36,0,76,0,58,71,0,129,6,0,6,135
09/19/2020,AGC,PA,AEA,CE,Towers with Radar,0,19,22,0,41,0,22,63,0,85,0,41,85,0,126,24,0,24,150
09/20/2020,AGC,PA,AEA,CE,Towers with Radar,0,19,32,0,51,0,38,77,0,115,0,57,109,0,166,64,0,64,230
09/21/2020,AGC,PA,AEA,CE,Towers with Radar,0,12,27,1,40,0,48,63,2,113,0,60,90,3,153,54,0,54,207
09/22/2020,AGC,PA,AEA,CE,Towers with Radar,0,18,39,0,57,0,44,40,3,87,0,62,79,3,144,72,0,72,216
09/23/2020,AGC,PA,AEA,CE,Towers with Radar,0,25,48,3,76,0,47,81,0,128,0,72,129,3,204,84,0,84,288
09/24/2020,AGC,PA,AEA,CE,Towers with Radar,0,19,37,0,56,0,65,52,1,118,0,84,89,1,174,68,0,68,242
09/25/2020,AGC,PA,AEA,CE,Towers with Radar,0,19,30,2,51,0,42,47,0,89,0,61,77,2,140,36,0,36,176
09/26/2020,AGC,PA,AEA,CE,Towers with Radar,0,14,12,0,26,0,55,46,0,101,0,69,58,0,127,52,0,52,179
09/27/2020,AGC,PA,AEA,CE,Towers with Radar,0,15,40,0,55,0,38,57,0,95,0,53,97,0,150,52,0,52,202
09/28/2020,AGC,PA,AEA,CE,Towers with Radar,0,12,20,0,32,0,42,39,0,81,0,54,59,0,113,34,0,34,147
09/29/2020,AGC,PA,AEA,CE,Towers with Radar,0,23,37,1,61,0,22,29,0,51,0,45,66,1,112,24,0,24,136
09/30/2020,AGC,PA,AEA,CE,Towers with Radar,0,22,40,1,63,0,37,16,1,54,0,59,56,2,117,12,0,12,129
10/01/2020,AGC,PA,AEA,CE,Towers with Radar,0,22,30,1,53,0,27,55,0,82,0,49,85,1,135,26,0,26,161
10/02/2020,AGC,PA,AEA,CE,Towers with Radar,0,18,31,0,49,0,30,36,0,66,0,48,67,0,115,62,0,62,177
10/03/2020,AGC,PA,AEA,CE,Towers with Radar,0,19,23,0,42,0,40,57,0,97,0,59,80,0,139,40,0,40,179
10/04/2020,AGC,PA,AEA,CE,Towers with Radar,0,22,25,0,47,0,24,33,0,57,0,46,58,0,104,28,0,28,132
10/05/2020,AGC,PA,AEA,CE,Towers with Radar,0,7,39,0,46,0,33,33,0,66,0,40,72,0,112,28,0,28,140
10/06/2020,AGC,PA,AEA,CE,Towers with Radar,0,23,42,0,65,0,34,48,0,82,0,57,90,0,147,40,0,40,187
10/07/2020,AGC,PA,AEA,CE,Towers with Radar,0,26,38,0,64,0,39,10,0,49,0,65,48,0,113,2,0,2,115
10/08/2020,AGC,PA,AEA,CE,Towers with Radar,0,23,18,1,42,0,55,75,3,133,0,78,93,4,175,80,0,80,255
10/09/2020,AGC,PA,AEA,CE,Towers with Radar,0,34,58,0,92,0,32,63,0,95,0,66,121,0,187,30,0,30,217
10/10/2020,AGC,PA,AEA,CE,Towers with Radar,0,18,26,0,44,0,29,44,0,73,0,47,70,0,117,50,0,50,167
10/11/2020,AGC,PA,AEA,CE,Towers with Radar,0,22,46,0,68,0,30,10,0,40,0,52,56,0,108,0,0,0,108
10/12/2020,AGC,PA,AEA,CE,Towers with Radar,0,17,22,0,39,0,36,31,0,67,0,53,53,0,106,32,6,38,144
10/13/2020,AGC,PA,AEA,CE,Towers with Radar,0,26,34,0,60,0,54,36,0,90,0,80,70,0,150,50,0,50,200
10/14/2020,AGC,PA,AEA,CE,Towers with Radar,0,16,44,1,61,0,50,49,0,99,0,66,93,1,160,40,0,40,200
10/15/2020,AGC,PA,AEA,CE,Towers with Radar,0,17,24,0,41,0,40,8,0,48,0,57,32,0,89,4,0,4,93
10/16/2020,AGC,PA,AEA,CE,Towers with Radar,0,19,34,3,56,0,28,38,3,69,0,47,72,6,125,36,0,36,161
10/17/2020,AGC,PA,AEA,CE,Towers with Radar,0,25,24,0,49,0,38,74,0,112,0,63,98,0,161,46,0,46,207
10/18/2020,AGC,PA,AEA,CE,Towers with Radar,0,28,50,0,78,0,24,62,0,86,0,52,112,0,164,36,0,36,200
10/19/2020,AGC,PA,AEA,CE,Towers with Radar,0,16,36,0,52,0,23,5,0,28,0,39,41,0,80,0,0,0,80
10/20/2020,AGC,PA,AEA,CE,Towers with Radar,0,28,30,0,58,0,12,18,0,30,0,40,48,0,88,10,0,10,98
10/21/2020,AGC,PA,AEA,CE,Towers with Radar,0,28,29,1,58,0,62,49,0,111,0,90,78,1,169,48,0,48,217
10/22/2020,AGC,PA,AEA,CE,Towers with Radar,0,20,43,5,68,0,54,54,0,108,0,74,97,5,176,118,0,118,294
10/23/2020,AGC,PA,AEA,CE,Towers with Radar,0,20,21,2,43,0,40,20,0,60,0,60,41,2,103,34,0,34,137
10/24/2020,AGC,PA,AEA,CE,Towers with Radar,0,15,21,3,39,1,21,10,0,32,1,36,31,3,71,44,0,44,115
10/25/2020,AGC,PA,AEA,CE,Towers with Radar,0,18,35,0,53,0,12,67,0,79,0,30,102,0,132,50,0,50,182
10/26/2020,AGC,PA,AEA,CE,Towers with Radar,0,16,24,0,40,0,6,2,0,8,0,22,26,0,48,2,0,2,50
10/27/2020,AGC,PA,AEA,CE,Towers with Radar,0,24,31,0,55,0,12,14,0,26,0,36,45,0,81,62,0,62,143
10/28/2020,AGC,PA,AEA,CE,Towers with Radar,0,16,39,0,55,0,24,4,0,28,0,40,43,0,83,0,0,0,83
10/29/2020,AGC,PA,AEA,CE,Towers with Radar,0,14,16,0,30,0,6,0,0,6,0,20,16,0,36,0,0,0,36
10/30/2020,AGC,PA,AEA,CE,Towers with Radar,0,24,20,0,44,0,43,8,0,51,0,67,28,0,95,0,0,0,95
10/31/2020,AGC,PA,AEA,CE,Towers with Radar,0,12,22,0,34,0,59,34,0,93,0,71,56,0,127,26,0,26,153
11/01/2020,AGC,PA,AEA,CE,Towers with Radar,0,11,10,0,21,0,48,6,0,54,0,59,16,0,75,0,0,0,75
11/02/2020,AGC,PA,AEA,CE,Towers with Radar,0,11,26,0,37,0,36,35,0,71,0,47,61,0,108,0,0,0,108
11/03/2020,AGC,PA,AEA,CE,Towers with Radar,0,19,43,2,64,0,44,57,2,103,0,63,100,4,167,40,0,40,207
11/04/2020,AGC,PA,AEA,CE,Towers with Radar,0,19,22,0,41,0,42,61,1,104,0,61,83,1,145,38,0,38,183
11/05/2020,AGC,PA,AEA,CE,Towers with Radar,0,18,20,1,39,0,36,57,0,93,0,54,77,1,132,56,0,56,188
11/06/2020,AGC,PA,AEA,CE,Towers with Radar,0,19,27,0,46,0,47,53,0,100,0,66,80,0,146,64,0,64,210
11/07/2020,AGC,PA,AEA,CE,Towers with Radar,0,16,13,0,29,0,54,69,0,123,0,70,82,0,152,76,0,76,228
11/08/2020,AGC,PA,AEA,CE,Towers with Radar,0,15,22,0,37,0,40,60,0,100,0,55,82,0,137,66,0,66,203
11/09/2020,AGC,PA,AEA,CE,Towers with Radar,0,10,15,1,26,0,54,30,1,85,0,64,45,2,111,50,0,50,161
11/10/2020,AGC,PA,AEA,CE,Towers with Radar,0,16,31,1,48,0,66,39,0,105,0,82,70,1,153,42,0,42,195
11/11/2020,AGC,PA,AEA,CE,Towers with Radar,0,13,12,0,25,0,9,3,0,12,0,22,15,0,37,0,0,0,37
11/12/2020,AGC,PA,AEA,CE,Towers with Radar,0,20,35,2,57,0,60,54,0,114,0,80,89,2,171,116,0,116,287
11/13/2020,AGC,PA,AEA,CE,Towers with Radar,0,22,26,1,49,0,44,47,0,91,0,66,73,1,140,64,0,64,204
11/14/2020,AGC,PA,AEA,CE,Towers with Radar,0,19,21,0,40,0,43,76,0,119,0,62,97,0,159,120,0,120,279
11/15/2020,AGC,PA,AEA,CE,Towers with Radar,0,16,18,0,34,0,30,2,0,32,0,46,20,0,66,0,0,0,66
11/16/2020,AGC,PA,AEA,CE,Towers with Radar,0,13,17,0,30,0,25,5,0,30,0,38,22,0,60,0,0,0,60
11/17/2020,AGC,PA,AEA,CE,Towers with Radar,0,14,23,0,37,0,23,3,0,26,0,37,26,0,63,0,0,0,63
11/18/2020,AGC,PA,AEA,CE,Towers with Radar,0,20,30,0,50,0,32,39,0,71,0,52,69,0,121,122,0,122,243
11/19/2020,AGC,PA,AEA,CE,Towers with Radar,0,19,12,0,31,0,31,45,0,76,0,50,57,0,107,6,0,6,113
11/20/2020,AGC,PA,AEA,CE,Towers with Radar,0,15,32,0,47,0,61,49,0,110,0,76,81,0,157,18,0,18,175
11/21/2020,AGC,PA,AEA,CE,Towers with Radar,0,21,18,0,39,0,23,19,0,42,0,44,37,0,81,50,0,50,131
11/22/2020,AGC,PA,AEA,CE,Towers with Radar,0,11,9,0,20,0,8,21,0,29,0,19,30,0,49,14,0,14,63
11/23/2020,AGC,PA,AEA,CE,Towers with Radar,0,3,12,0,15,0,43,7,0,50,0,46,19,0,65,16,0,16,81
11/24/2020,AGC,PA,AEA,CE,Towers with Radar,0,16,37,0,53,0,30,64,0,94,0,46,101,0,147,82,4,86,233
11/25/2020,AGC,PA,AEA,CE,Towers with Radar,0,15,26,0,41,0,56,18,0,74,0,71,44,0,115,56,0,56,171
11/26/2020,AGC,PA,AEA,CE,Towers with Radar,0,8,7,0,15,0,28,2,0,30,0,36,9,0,45,0,0,0,45
11/27/2020,AGC,PA,AEA,CE,Towers with Radar,0,9,29,0,38,0,19,30,0,49,0,28,59,0,87,48,0,48,135
11/28/2020,AGC,PA,AEA,CE,Towers with Radar,0,22,15,1,38,0,46,51,0,97,0,68,66,1,135,70,0,70,205
11/29/2020,AGC,PA,AEA,CE,Towers with Radar,0,13,31,0,44,0,31,71,0,102,0,44,102,0,146,88,0,88,234
11/30/2020,AGC,PA,AEA,CE,Towers with Radar,0,8,14,0,22,0,0,1,0,1,0,8,15,0,23,0,0,0,23
12/01/2020,AGC,PA,AEA,CE,Towers with Radar,0,9,9,0,18,0,0,0,0,0,0,9,9,0,18,0,0,0,18
12/02/2020,AGC,PA,AEA,CE,Towers with Radar,0,21,19,0,40,0,34,30,0,64,0,55,49,0,104,30,0,30,134
12/03/2020,AGC,PA,AEA,CE,Towers with Radar,0,27,41,0,68,0,23,71,0,94,0,50,112,0,162,82,0,82,244
12/04/2020,AGC,PA,AEA,CE,Towers with Radar,0,24,16,0,40,0,25,19,2,46,0,49,35,2,86,34,0,34,120
12/05/2020,AGC,PA,AEA,CE,Towers with Radar,0,20,11,0,31,0,18,5,0,23,0,38,16,0,54,18,0,18,72
12/06/2020,AGC,PA,AEA,CE,Towers with Radar,0,12,8,0,20,0,24,30,0,54,0,36,38,0,74,92,0,92,166
12/07/2020,AGC,PA,AEA,CE,Towers with Radar,0,8,9,0,17,0,21,18,0,39,0,29,27,0,56,28,0,28,84
12/08/2020,AGC,PA,AEA,CE,Towers with Radar,0,17,23,0,40,0,27,40,0,67,0,44,63,0,107,78,2,80,187
12/09/2020,AGC,PA,AEA,CE,Towers with Radar,0,12,16,0,28,0,34,13,0,47,0,46,29,0,75,30,0,30,105
12/10/2020,AGC,PA,AEA,CE,Towers with Radar,0,25,28,0,53,0,25,50,0,75,0,50,78,0,128,94,0,94,222
12/11/2020,AGC,PA,AEA,CE,Towers with Radar,0,19,37,0,56,0,47,50,1,98,0,66,87,1,154,64,0,64,218
12/12/2020,AGC,PA,AEA,CE,Towers with Radar,0,17,14,0,31,0,16,26,0,42,0,33,40,0,73,46,0,46,119
12/13/2020,AGC,PA,AEA,CE,Towers with Radar,0,12,11,0,23,0,21,7,0,28,0,33,18,0,51,58,0,58,109
12/14/2020,AGC,PA,AEA,CE,Towers with Radar,0,12,16,0,28,0,12,13,0,25,0,24,29,0,53,12,0,12,65
12/15/2020,AGC,PA,AEA,CE,Towers with Radar,0,14,28,0,42,0,38,51,0,89,0,52,79,0,131,102,0,102,233
12/16/2020,AGC,PA,AEA,CE,Towers with Radar,0,12,10,1,23,0,8,4,0,12,0,20,14,1,35,26,0,26,61
12/17/2020,AGC,PA,AEA,CE,Towers with Radar,0,11,7,0,18,0,3,0,0,3,0,14,7,0,21,0,0,0,21
12/18/2020,AGC,PA,AEA,CE,Towers with Radar,0,15,23,1,39,0,8,9,0,17,0,23,32,1,56,14,0,14,70
12/19/2020,AGC,PA,AEA,CE,Towers with Radar,0,25,30,0,55,0,31,64,0,95,0,56,94,0,150,84,0,84,234
12/20/2020,AGC,PA,AEA,CE,Towers with Radar,0,6,8,0,14,0,2,1,0,3,0,8,9,0,17,0,0,0,17
12/21/2020,AGC,PA,AEA,CE,Towers with Radar,0,16,26,0,42,0,1,5,0,6,0,17,31,0,48,20,0,20,68
12/22/2020,AGC,PA,AEA,CE,Towers with Radar,0,18,13,0,31,0,27,23,0,50,0,45,36,0,81,16,0,16,97
12/23/2020,AGC,PA,AEA,CE,Towers with Radar,0,19,27,0,46,0,57,62,0,119,0,76,89,0,165,36,0,36,201
12/24/2020,AGC,PA,AEA,CE,Towers with Radar,0,14,6,0,20,0,15,0,0,15,0,29,6,0,35,0,0,0,35
12/25/2020,AGC,PA,AEA,CE,Towers with Radar,0,13,2,0,15,0,0,0,0,0,0,13,2,0,15,0,0,0,15
12/26/2020,AGC,PA,AEA,CE,Towers with Radar,0,16,23,0,39,0,36,22,0,58,0,52,45,0,97,34,0,34,131
12/27/2020,AGC,PA,AEA,CE,Towers with Radar,0,21,25,0,46,0,46,56,0,102,0,67,81,0,148,90,0,90,238
12/28/2020,AGC,PA,AEA,CE,Towers with Radar,0,14,11,0,25,0,43,34,0,77,0,57,45,0,102,52,0,52,154
12/29/2020,AGC,PA,AEA,CE,Towers with Radar,0,21,38,1,60,0,32,58,0,90,0,53,96,1,150,106,0,106,256
12/30/2020,AGC,PA,AEA,CE,Towers with Radar,0,17,15,0,32,0,18,9,0,27,0,35,24,0,59,2,0,2,61
12/31/2020,AGC,PA,AEA,CE,Towers with Radar,0,22,8,0,30,0,16,21,0,37,0,38,29,0,67,70,0,70,137
01/01/2021,AGC,PA,AEA,CE,Towers with Radar,0,11,7,0,18,0,4,0,0,4,0,15,7,0,22,0,0,0,22
01/02/2021,AGC,PA,AEA,CE,Towers with Radar,0,10,18,0,28,0,12,14,0,26,0,22,32,0,54,0,0,0,54
01/03/2021,AGC,PA,AEA,CE,Towers with Radar,0,20,17,0,37,0,5,0,0,5,0,25,17,0,42,0,0,0,42
01/04/2021,AGC,PA,AEA,CE,Towers with Radar,0,10,9,0,19,0,4,1,0,5,0,14,10,0,24,2,0,2,26
01/05/2021,AGC,PA,AEA,CE,Towers with Radar,0,18,19,0,37,0,20,1,0,21,0,38,20,0,58,2,0,2,60
01/06/2021,AGC,PA,AEA,CE,Towers with Radar,0,20,25,0,45,0,37,16,0,53,0,57,41,0,98,84,0,84,182
01/07/2021,AGC,PA,AEA,CE,Towers with Radar,0,21,32,1,54,0,23,51,0,74,0,44,83,1,128,84,0,84,212
01/08/2021,AGC,PA,AEA,CE,Towers with Radar,0,32,26,0,58,0,52,18,2,72,0,84,44,2,130,26,0,26,156
01/09/2021,AGC,PA,AEA,CE,Towers with Radar,0,20,29,0,49,0,52,61,0,113,0,72,90,0,162,106,0,106,268
01/10/2021,AGC,PA,AEA,CE,Towers with Radar,0,11,28,0,39,0,32,29,0,61,0,43,57,0,100,44,0,44,144
01/11/2021,AGC,PA,AEA,CE,Towers with Radar,0,18,28,0,46,0,34,27,0,61,0,52,55,0,107,90,0,90,197
01/12/2021,AGC,PA,AEA,CE,Towers with Radar,0,17,10,0,27,0,36,20,0,56,0,53,30,0,83,56,0,56,139
01/13/2021,AGC,PA,AEA,CE,Towers with Radar,0,18,23,0,41,0,25,43,0,68,0,43,66,0,109,36,0,36,145
01/14/2021,AGC,PA,AEA,CE,Towers with Radar,0,21,33,0,54,0,48,63,2,113,0,69,96,2,167,104,0,104,271
01/15/2021,AGC,PA,AEA,CE,Towers with Radar,0,26,25,0,51,0,18,16,0,34,0,44,41,0,85,10,0,10,95
01/16/2021,AGC,PA,AEA,CE,Towers with Radar,0,18,5,0,23,0,8,0,0,8,0,26,5,0,31,0,0,0,31
01/17/2021,AGC,PA,AEA,CE,Towers with Radar,0,11,8,0,19,0,0,0,0,0,0,11,8,0,19,0,0,0,19
01/18/2021,AGC,PA,AEA,CE,Towers with Radar,0,5,7,2,14,0,11,11,0,22,0,16,18,2,36,80,0,80,116
01/19/2021,AGC,PA,AEA,CE,Towers with Radar,0,27,23,0,50,0,35,43,0,78,0,62,66,0,128,72,0,72,200
01/20/2021,AGC,PA,AEA,CE,Towers with Radar,0,20,15,0,35,0,24,40,0,64,0,44,55,0,99,22,0,22,121
01/21/2021,AGC,PA,AEA,CE,Towers with Radar,0,15,16,0,31,0,38,18,0,56,0,53,34,0,87,14,0,14,101
01/22/2021,AGC,PA,AEA,CE,Towers with Radar,0,30,23,0,53,0,24,45,0,69,0,54,68,0,122,54,0,54,176
01/23/2021,AGC,PA,AEA,CE,Towers with Radar,2,24,15,2,43,0,24,52,0,76,2,48,67,2,119,56,0,56,175
01/24/2021,AGC,PA,AEA,CE,Towers with Radar,0,13,22,0,35,0,31,40,0,71,0,44,62,0,106,66,0,66,172
01/25/2021,AGC,PA,AEA,CE,Towers with Radar,0,11,18,0,29,0,0,0,0,0,0,11,18,0,29,0,0,0,29
01/26/2021,AGC,PA,AEA,CE,Towers with Radar,0,20,8,0,28,0,7,0,0,7,0,27,8,0,35,2,0,2,37
01/27/2021,AGC,PA,AEA,CE,Towers with Radar,0,30,25,0,55,2,32,15,0,49,2,62,40,0,104,60,0,60,164
01/28/2021,AGC,PA,AEA,CE,Towers with Radar,0,20,27,2,49,0,15,8,0,23,0,35,35,2,72,10,0,10,82
01/29/2021,AGC,PA,AEA,CE,Towers with Radar,2,24,18,0,44,0,19,35,0,54,2,43,53,0,98,50,0,50,148
01/30/2021,AGC,PA,AEA,CE,Towers with Radar,0,20,20,3,43,0,45,76,0,121,0,65,96,3,164,112,0,112,276
01/31/2021,AGC,PA,AEA,CE,Towers with Radar,0,12,3,0,15,0,1,0,0,1,0,13,3,0,16,0,0,0,16
02/01/2021,AGC,PA,AEA,CE,Towers with Radar,0,9,3,0,12,0,0,0,0,0,0,9,3,0,12,0,0,0,12
02/02/2021,AGC,PA,AEA,CE,Towers with Radar,0,17,12,0,29,0,19,10,7,36,0,36,22,7,65,24,0,24,89
02/03/2021,AGC,PA,AEA,CE,Towers with Radar,0,14,13,0,27,0,32,7,8,47,0,46,20,8,74,4,0,4,78
02/04/2021,AGC,PA,AEA,CE,Towers with Radar,0,18,22,0,40,0,36,63,5,104,0,54,85,5,144,92,6,98,242
02/05/2021,AGC,PA,AEA,CE,Towers with Radar,0,24,14,2,40,0,22,19,0,41,0,46,33,2,81,16,0,16,97
02/06/2021,AGC,PA,AEA,CE,Towers with Radar,0,20,27,0,47,0,35,70,2,107,0,55,97,2,154,24,0,24,178
02/07/2021,AGC,PA,AEA,CE,Towers with Radar,0,16,11,0,27,0,17,17,0,34,0,33,28,0,61,16,0,16,77
02/08/2021,AGC,PA,AEA,CE,Towers with Radar,0,17,43,1,61,0,35,52,0,87,0,52,95,1,148,90,0,90,238
02/09/2021,AGC,PA,AEA,CE,Towers with Radar,0,9,20,0,29,0,15,1,0,16,0,24,21,0,45,0,0,0,45
02/10/2021,AGC,PA,AEA,CE,Towers with Radar,0,21,20,0,41,0,13,19,0,32,0,34,39,0,73,100,0,100,173
02/11/2021,AGC,PA,AEA,CE,Towers with Radar,0,24,20,0,44,0,27,18,0,45,0,51,38,0,89,44,0,44,133
02/12/2021,AGC,PA,AEA,CE,Towers with Radar,0,27,24,0,51,0,19,9,0,28,0,46,33,0,79,42,0,42,121
02/13/2021,AGC,PA,AEA,CE,Towers with Radar,0,23,8,0,31,0,5,4,0,9,0,28,12,0,40,0,0,0,40
02/14/2021,AGC,PA,AEA,CE,Towers with Radar,0,12,20,0,32,0,7,9,0,16,0,19,29,0,48,0,0,0,48
02/15/2021,AGC,PA,AEA,CE,Towers with Radar,0,3,7,0,10,0,16,0,0,16,0,19,7,0,26,0,0,0,26
02/16/2021,AGC,PA,AEA,CE,Towers with Radar,0,13,7,0,20,0,1,0,0,1,0,14,7,0,21,0,0,0,21
02/17/2021,AGC,PA,AEA,CE,Towers with Radar,0,46,33,1,80,0,23,59,6,88,0,69,92,7,168,84,0,84,252
02/18/2021,AGC,PA,AEA,CE,Towers with Radar,0,12,11,0,23,0,4,4,0,8,0,16,15,0,31,0,0,0,31
02/19/2021,AGC,PA,AEA,CE,Towers with Radar,0,17,17,0,34,0,9,3,0,12,0,26,20,0,46,4,0,4,50
02/20/2021,AGC,PA,AEA,CE,Towers with Radar,0,17,14,0,31,0,14,12,0,26,0,31,26,0,57,30,0,30,87
02/21/2021,AGC,PA,AEA,CE,Towers with Radar,0,15,18,0,33,0,34,58,0,92,0,49,76,0,125,62,0,62,187
02/22/2021,AGC,PA,AEA,CE,Towers with Radar,0,8,10,0,18,0,7,2,0,9,0,15,12,0,27,0,0,0,27
02/23/2021,AGC,PA,AEA,CE,Towers with Radar,0,28,23,0,51,0,26,8,0,34,0,54,31,0,85,0,0,0,85
02/24/2021,AGC,PA,AEA,CE,Towers with Radar,0,32,19,0,51,0,45,27,0,72,0,77,46,0,123,16,0,16,139
02/25/2021,AGC,PA,AEA,CE,Towers with Radar,0,20,28,0,48,0,41,57,1,99,0,61,85,1,147,112,0,112,259
02/26/2021,AGC,PA,AEA,CE,Towers with Radar,0,26,19,0,45,0,37,73,3,113,0,63,92,3,158,62,0,62,220
02/27/2021,AGC,PA,AEA,CE,Towers with Radar,0,25,23,0,48,0,15,14,0,29,0,40,37,0,77,10,0,10,87
02/28/2021,AGC,PA,AEA,CE,Towers with Radar,0,17,33,0,50,0,6,0,0,6,0,23,33,0,56,0,0,0,56
03/01/2021,AGC,PA,AEA,CE,Towers with Radar,0,7,13,0,20,0,10,0,0,10,0,17,13,0,30,0,0,0,30
03/02/2021,AGC,PA,AEA,CE,Towers with Radar,0,23,32,0,55,0,34,66,0,100,0,57,98,0,155,130,0,130,285
03/03/2021,AGC,PA,AEA,CE,Towers with Radar,0,27,24,0,51,0,49,51,0,100,0,76,75,0,151,50,0,50,201
03/04/2021,AGC,PA,AEA,CE,Towers with Radar,0,19,25,0,44,0,43,39,0,82,0,62,64,0,126,56,0,56,182
03/05/2021,AGC,PA,AEA,CE,Towers with Radar,0,18,23,0,41,0,30,16,0,46,0,48,39,0,87,48,0,48,135
03/06/2021,AGC,PA,AEA,CE,Towers with Radar,0,20,16,1,37,0,23,46,0,69,0,43,62,1,106,54,0,54,160
03/07/2021,AGC,PA,AEA,CE,Towers with Radar,0,25,40,0,65,0,21,75,0,96,0,46,115,0,161,76,0,76,237
03/08/2021,AGC,PA,AEA,CE,Towers with Radar,0,8,36,1,45,0,26,61,3,90,0,34,97,4,135,82,0,82,217
03/09/2021,AGC,PA,AEA,CE,Towers with Radar,0,26,25,0,51,0,31,65,0,96,0,57,90,0,147,44,0,44,191
03/10/2021,AGC,PA,AEA,CE,Towers with Radar,0,28,21,1,50,0,40,55,3,98,0,68,76,4,148,32,0,32,180
03/11/2021,AGC,PA,AEA,CE,Towers with Radar,0,29,22,0,51,0,31,9,0,40,0,60,31,0,91,10,0,10,101
03/12/2021,AGC,PA,AEA,CE,Towers with Radar,0,22,16,0,38,0,34,54,0,88,0,56,70,0,126,64,0,64,190
03/13/2021,AGC,PA,AEA,CE,Towers with Radar,0,16,11,0,27,0,27,73,0,100,0,43,84,0,127,108,0,108,235
03/14/2021,AGC,PA,AEA,CE,Towers with Radar,0,15,23,0,38,0,31,27,0,58,0,46,50,0,96,22,0,22,118
03/15/2021,AGC,PA,AEA,CE,Towers with Radar,0,11,26,0,37,0,11,34,0,45,0,22,60,0,82,146,0,146,228
03/16/2021,AGC,PA,AEA,CE,Towers with Radar,0,11,12,0,23,0,35,36,0,71,0,46,48,0,94,30,0,30,124
03/17/2021,AGC,PA,AEA,CE,Towers with Radar,0,23,33,0,56,0,48,58,2,108,0,71,91,2,164,62,0,62,226
03/18/2021,AGC,PA,AEA,CE,Towers with Radar,0,22,13,0,35,0,5,0,0,5,0,27,13,0,40,0,0,0,40
03/19/2021,AGC,PA,AEA,CE,Towers with Radar,0,24,23,0,47,0,36,41,0,77,0,60,64,0,124,24,0,24,148
03/20/2021,AGC,PA,AEA,CE,Towers with Radar,0,22,23,0,45,0,33,82,0,115,0,55,105,0,160,82,0,82,242
03/21/2021,AGC,PA,AEA,CE,Towers with Radar,0,12,35,4,51,0,31,67,0,98,0,43,102,4,149,78,0,78,227
03/22/2021,AGC,PA,AEA,CE,Towers with Radar,0,18,40,0,58,0,50,76,1,127,0,68,116,1,185,94,0,94,279
03/23/2021,AGC,PA,AEA,CE,Towers with Radar,0,19,25,0,44,0,37,75,0,112,0,56,100,0,156,106,0,106,262
03/24/2021,AGC,PA,AEA,CE,Towers with Radar,0,21,52,0,73,0,57,59,0,116,0,78,111,0,189,66,0,66,255
03/25/2021,AGC,PA,AEA,CE,Towers with Radar,0,18,18,0,36,0,31,44,0,75,0,49,62,0,111,66,0,66,177
03/26/2021,AGC,PA,AEA,CE,Towers with Radar,0,27,20,0,47,0,15,4,2,21,0,42,24,2,68,0,0,0,68
03/27/2021,AGC,PA,AEA,CE,Towers with Radar,0,21,30,0,51,0,55,67,1,123,0,76,97,1,174,108,0,108,282
03/28/2021,AGC,PA,AEA,CE,Towers with Radar,0,24,22,0,46,0,18,0,0,18,0,42,22,0,64,0,0,0,64
03/29/2021,AGC,PA,AEA,CE,Towers with Radar,0,25,33,0,58,0,38,65,1,104,0,63,98,1,162,86,0,86,248
03/30/2021,AGC,PA,AEA,CE,Towers with Radar,0,21,26,0,47,0,45,52,0,97,0,66,78,0,144,48,0,48,192
03/31/2021,AGC,PA,AEA,CE,Towers with Radar,0,19,33,0,52,0,24,0,0,24,0,43,33,0,76,0,0,0,76
04/01/2021,AGC,PA,AEA,CE,Towers with Radar,0,13,15,0,28,0,2,3,0,5,0,15,18,0,33,2,0,2,35
04/02/2021,AGC,PA,AEA,CE,Towers with Radar,0,31,21,3,55,0,33,45,1,79,0,64,66,4,134,24,0,24,158
04/03/2021,AGC,PA,AEA,CE,Towers with Radar,0,17,32,0,49,0,16,68,0,84,0,33,100,0,133,74,0,74,207
04/04/2021,AGC,PA,AEA,CE,Towers with Radar,0,18,15,0,33,0,37,24,0,61,0,55,39,0,94,12,0,12,106
04/05/2021,AGC,PA,AEA,CE,Towers with Radar,0,23,28,0,51,0,44,53,0,97,0,67,81,0,148,72,0,72,220
04/06/2021,AGC,PA,AEA,CE,Towers with Radar,0,33,31,0,64,0,39,63,0,102,0,72,94,0,166,68,0,68,234
04/07/2021,AGC,PA,AEA,CE,Towers with Radar,0,29,26,0,55,0,49,58,0,107,0,78,84,0,162,148,0,148,310
04/08/2021,AGC,PA,AEA,CE,Towers with Radar,0,28,23,0,51,0,27,33,0,60,0,55,56,0,111,32,0,32,143
04/09/2021,AGC,PA,AEA,CE,Towers with Radar,0,21,29,0,50,0,50,42,1,93,0,71,71,1,143,64,3,67,210
04/10/2021,AGC,PA,AEA,CE,Towers with Radar,0,15,13,1,29,0,30,51,0,81,0,45,64,1,110,52,0,52,162
04/11/2021,AGC,PA,AEA,CE,Towers with Radar,0,11,23,0,34,0,20,41,0,61,0,31,64,0,95,44,0,44,139
04/12/2021,AGC,PA,AEA,CE,Towers with Radar,0,19,24,0,43,0,29,20,0,49,0,48,44,0,92,12,0,12,104
04/13/2021,AGC,PA,AEA,CE,Towers with Radar,0,24,40,0,64,0,30,53,0,83,0,54,93,0,147,52,0,52,199
04/14/2021,AGC,PA,AEA,CE,Towers with Radar,0,26,38,0,64,0,47,48,0,95,0,73,86,0,159,66,0,66,225
04/15/2021,AGC,PA,AEA,CE,Towers with Radar,0,29,20,0,49,0,39,38,2,79,0,68,58,2,128,102,0,102,230
04/16/2021,AGC,PA,AEA,CE,Towers with Radar,0,15,27,0,42,0,25,8,0,33,0,40,35,0,75,0,0,0,75
04/17/2021,AGC,PA,AEA,CE,Towers with Radar,0,19,25,0,44,0,14,50,2,66,0,33,75,2,110,100,0,100,210
04/18/2021,AGC,PA,AEA,CE,Towers with Radar,0,8,36,0,44,0,35,66,0,101,0,43,102,0,145,80,0,80,225
04/19/2021,AGC,PA,AEA,CE,Towers with Radar,0,11,20,0,31,0,41,44,0,85,0,52,64,0,116,68,0,68,184
04/20/2021,AGC,PA,AEA,CE,Towers with Radar,0,31,22,0,53,0,39,38,0,77,0,70,60,0,130,48,0,48,178
04/21/2021,AGC,PA,AEA,CE,Towers with Radar,0,16,14,0,30,0,23,8,0,31,0,39,22,0,61,10,0,10,71
04/22/2021,AGC,PA,AEA,CE,Towers with Radar,0,32,31,1,64,0,38,27,0,65,0,70,58,1,129,26,4,30,159
04/23/2021,AGC,PA,AEA,CE,Towers with Radar,0,19,42,0,61,0,46,44,0,90,0,65,86,0,151,76,0,76,227
04/24/2021,AGC,PA,AEA,CE,Towers with Radar,0,17,5,0,22,0,34,52,1,87,0,51,57,1,109,108,0,108,217
04/25/2021,AGC,PA,AEA,CE,Towers with Radar,0,12,28,0,40,0,26,33,0,59,0,38,61,0,99,0,0,0,99
04/26/2021,AGC,PA,AEA,CE,Towers with Radar,0,14,30,0,44,0,53,66,1,120,0,67,96,1,164,64,0,64,228
04/27/2021,AGC,PA,AEA,CE,Towers with Radar,0,30,26,0,56,0,55,43,3,101,0,85,69,3,157,22,0,22,179
04/28/2021,AGC,PA,AEA,CE,Towers with Radar,0,29,24,1,54,0,61,46,5,112,0,90,70,6,166,38,4,42,208
04/29/2021,AGC,PA,AEA,CE,Towers with Radar,0,29,16,0,45,0,8,2,0,10,0,37,18,0,55,0,0,0,55
04/30/2021,AGC,PA,AEA,CE,Towers with Radar,0,26,40,2,68,0,28,18,0,46,0,54,58,2,114,2,0,2,116
05/01/2021,AGC,PA,AEA,CE,Towers with Radar,0,25,22,0,47,0,47,68,0,115,0,72,90,0,162,108,0,108,270
05/02/2021,AGC,PA,AEA,CE,Towers with Radar,0,16,22,2,40,0,38,16,0,54,0,54,38,2,94,0,0,0,94
05/03/2021,AGC,PA,AEA,CE,Towers with Radar,0,21,32,0,53,0,31,2,0,33,0,52,34,0,86,0,0,0,86
05/04/2021,AGC,PA,AEA,CE,Towers with Radar,0,21,35,0,56,0,24,15,0,39,0,45,50,0,95,0,0,0,95
05/05/2021,AGC,PA,AEA,CE,Towers with Radar,0,29,49,0,78,0,30,8,0,38,0,59,57,0,116,0,0,0,116
05/06/2021,AGC,PA,AEA,CE,Towers with Radar,0,31,31,0,62,0,21,74,0,95,0,52,105,0,157,62,0,62,219
05/07/2021,AGC,PA,AEA,CE,Towers with Radar,0,24,18,0,42,0,41,9,0,50,0,65,27,0,92,2,0,2,94
05/08/2021,AGC,PA,AEA,CE,Towers with Radar,0,25,30,0,55,0,42,26,0,68,0,67,56,0,123,48,0,48,171
05/09/2021,AGC,PA,AEA,CE,Towers with Radar,0,17,22,0,39,0,7,2,0,9,0,24,24,0,48,0,0,0,48
05/10/2021,AGC,PA,AEA,CE,Towers with Radar,0,19,37,0,56,0,39,37,0,76,0,58,74,0,132,52,0,52,184
05/11/2021,AGC,PA,AEA,CE,Towers with Radar,0,27,33,0,60,0,40,37,0,77,0,67,70,0,137,26,0,26,163
05/12/2021,AGC,PA,AEA,CE,Towers with Radar,0,34,25,0,59,0,45,77,1,123,0,79,102,1,182,82,0,82,264
05/13/2021,AGC,PA,AEA,CE,Towers with Radar,0,25,41,0,66,0,56,81,0,137,0,81,122,0,203,106,0,106,309
05/14/2021,AGC,PA,AEA,CE,Towers with Radar,0,17,32,0,49,0,43,68,1,112,0,60,100,1,161,56,0,56,217
05/15/2021,AGC,PA,AEA,CE,Towers with Radar,0,23,29,0,52,0,37,98,1,136,0,60,127,1,188,102,0,102,290
05/16/2021,AGC,PA,AEA,CE,Towers with Radar,0,21,48,0,69,0,44,73,0,117,0,65,121,0,186,76,0,76,262
05/17/2021,AGC,PA,AEA,CE,Towers with Radar,0,31,30,0,61,0,65,77,0,142,0,96,107,0,203,100,0,100,303
05/18/2021,AGC,PA,AEA,CE,Towers with Radar,0,26,31,0,57,0,44,57,4,105,0,70,88,4,162,122,0,122,284
05/19/2021,AGC,PA,AEA,CE,Towers with Radar,0,23,30,0,53,0,53,59,0,112,0,76,89,0,165,76,0,76,241
05/20/2021,AGC,PA,AEA,CE,Towers with Radar,0,20,30,1,51,0,49,57,5,111,0,69,87,6,162,130,0,130,292
05/21/2021,AGC,PA,AEA,CE,Towers with Radar,0,27,25,0,52,0,38,60,6,104,0,65,85,6,156,36,0,36,192
05/22/2021,AGC,PA,AEA,CE,Towers with Radar,0,29,16,0,45,0,44,78,0,122,0,73,94,0,167,84,0,84,251
05/23/2021,AGC,PA,AEA,CE,Towers with Radar,0,27,23,0,50,0,42,52,1,95,0,69,75,1,145,24,0,24,169
05/24/2021,AGC,PA,AEA,CE,Towers with Radar,0,15,37,0,52,0,34,7,0,41,0,49,44,0,93,2,0,2,95
05/25/2021,AGC,PA,AEA,CE,Towers with Radar,0,25,40,0,65,0,44,64,0,108,0,69,104,0,173,62,0,62,235
05/26/2021,AGC,PA,AEA,CE,Towers with Radar,0,48,23,0,71,0,30,18,0,48,0,78,41,0,119,34,0,34,153
05/27/2021,AGC,PA,AEA,CE,Towers with Radar,0,32,55,0,87,0,55,75,0,130,0,87,130,0,217,80,0,80,297
05/28/2021,AGC,PA,AEA,CE,Towers with Radar,0,22,23,1,46,0,19,10,2,31,0,41,33,3,77,18,0,18,95
05/29/2021,AGC,PA,AEA,CE,Towers with Radar,0,18,27,0,45,0,1,0,0,1,0,19,27,0,46,0,0,0,46
05/30/2021,AGC,PA,AEA,CE,Towers with Radar,0,18,43,0,61,0,20,37,0,57,0,38,80,0,118,28,0,28,146
05/31/2021,AGC,PA,AEA,CE,Towers with Radar,0,17,15,0,32,0,46,56,0,102,0,63,71,0,134,70,0,70,204
06/01/2021,AGC,PA,AEA,CE,Towers with Radar,0,27,31,0,58,0,41,51,0,92,0,68,82,0,150,70,0,70,220
06/02/2021,AGC,PA,AEA,CE,Towers with Radar,0,38,24,2,64,0,47,23,3,73,0,85,47,5,137,42,0,42,179
06/03/2021,AGC,PA,AEA,CE,Towers with Radar,0,38,39,0,77,0,18,6,0,24,0,56,45,0,101,6,0,6,107
06/04/2021,AGC,PA,AEA,CE,Towers with Radar,0,29,35,0,64,0,37,57,3,97,0,66,92,3,161,62,0,62,223
06/05/2021,AGC,PA,AEA,CE,Towers with Radar,0,23,29,0,52,0,27,79,0,106,0,50,108,0,158,84,0,84,242
06/06/2021,AGC,PA,AEA,CE,Towers with Radar,0,28,39,0,67,0,52,63,0,115,0,80,102,0,182,82,0,82,264
06/07/2021,AGC,PA,AEA,CE,Towers with Radar,0,19,23,0,42,0,36,47,0,83,0,55,70,0,125,100,10,110,235
06/08/2021,AGC,PA,AEA,CE,Towers with Radar,0,36,48,0,84,0,49,11,0,60,0,85,59,0,144,38,0,38,182
06/09/2021,AGC,PA,AEA,CE,Towers with Radar,0,29,31,0,60,0,44,10,0,54,0,73,41,0,114,24,0,24,138
06/10/2021,AGC,PA,AEA,CE,Towers with Radar,0,21,53,0,74,0,29,18,0,47,0,50,71,0,121,70,0,70,191
06/11/2021,AGC,PA,AEA,CE,Towers with Radar,0,25,35,0,60,0,24,20,0,44,0,49,55,0,104,30,0,30,134
06/12/2021,AGC,PA,AEA,CE,Towers with Radar,0,18,32,0,50,0,39,36,0,75,0,57,68,0,125,68,0,68,193
06/13/2021,AGC,PA,AEA,CE,Towers with Radar,0,28,18,0,46,0,43,22,0,65,0,71,40,0,111,28,0,28,139
06/14/2021,AGC,PA,AEA,CE,Towers with Radar,0,20,30,0,50,0,42,39,0,81,0,62,69,0,131,54,0,54,185
06/15/2021,AGC,PA,AEA,CE,Towers with Radar,0,24,35,0,59,0,45,59,0,104,0,69,94,0,163,84,0,84,247
06/16/2021,AGC,PA,AEA,CE,Towers with Radar,0,30,36,0,66,0,63,61,0,124,0,93,97,0,190,62,0,62,252
06/17/2021,AGC,PA,AEA,CE,Towers with Radar,0,24,41,0,65,0,42,79,0,121,0,66,120,0,186,114,0,114,300
06/18/2021,AGC,PA,AEA,CE,Towers with Radar,0,28,26,0,54,0,45,48,0,93,0,73,74,0,147,14,0,14,161
06/19/2021,AGC,PA,AEA,CE,Towers with Radar,0,18,11,0,29,0,43,22,2,67,0,61,33,2,96,20,0,20,116
06/20/2021,AGC,PA,AEA,CE,Towers with Radar,0,27,25,0,52,0,37,54,0,91,0,64,79,0,143,20,0,20,163
06/21/2021,AGC,PA,AEA,CE,Towers with Radar,0,15,29,0,44,0,10,16,0,26,0,25,45,0,70,6,0,6,76
06/22/2021,AGC,PA,AEA,CE,Towers with Radar,0,30,44,0,74,0,26,40,0,66,0,56,84,0,140,104,0,104,244
06/23/2021,AGC,PA,AEA,CE,Towers with Radar,0,21,44,0,65,0,43,94,0,137,0,64,138,0,202,116,0,116,318
06/24/2021,AGC,PA,AEA,CE,Towers with Radar,0,29,40,0,69,0,63,77,0,140,0,92,117,0,209,94,0,94,303
06/25/2021,AGC,PA,AEA,CE,Towers with Radar,0,28,42,0,70,0,62,83,0,145,0,90,125,0,215,74,0,74,289
06/26/2021,AGC,PA,AEA,CE,Towers with Radar,0,27,20,2,49,0,38,44,1,83,0,65,64,3,132,18,0,18,150
06/27/2021,AGC,PA,AEA,CE,Towers with Radar,0,28,29,0,57,0,64,60,0,124,0,92,89,0,181,27,0,27,208
06/28/2021,AGC,PA,AEA,CE,Towers with Radar,0,20,22,0,42,0,30,76,0,106,0,50,98,0,148,148,0,148,296
06/29/2021,AGC,PA,AEA,CE,Towers with Radar,0,26,26,0,52,0,52,80,0,132,0,78,106,0,184,110,0,110,294
06/30/2021,AGC,PA,AEA,CE,Towers with Radar,0,32,25,0,57,0,22,28,0,50,0,54,53,0,107,36,0,36,143
07/01/2021,AGC,PA,AEA,CE,Towers with Radar,0,32,29,0,61,0,24,5,0,29,0,56,34,0,90,0,0,0,90
07/02/2021,AGC,PA,AEA,CE,Towers with Radar,0,27,39,0,66,0,41,30,0,71,0,68,69,0,137,26,0,26,163
07/03/2021,AGC,PA,AEA,CE,Towers with Radar,0,23,22,0,45,0,36,23,0,59,0,59,45,0,104,62,0,62,166
07/04/2021,AGC,PA,AEA,CE,Towers with Radar,0,9,13,0,22,0,66,103,0,169,0,75,116,0,191,8,0,8,199
07/05/2021,AGC,PA,AEA,CE,Towers with Radar,0,16,26,0,42,0,62,67,0,129,0,78,93,0,171,86,0,86,257
07/06/2021,AGC,PA,AEA,CE,Towers with Radar,0,27,47,0,74,0,46,72,0,118,0,73,119,0,192,94,0,94,286
07/07/2021,AGC,PA,AEA,CE,Towers with Radar,0,28,27,0,55,0,21,35,0,56,0,49,62,0,111,70,0,70,181
07/08/2021,AGC,PA,AEA,CE,Towers with Radar,0,32,33,0,65,0,16,5,0,21,0,48,38,0,86,0,0,0,86
07/09/2021,AGC,PA,AEA,CE,Towers with Radar,0,29,32,0,61,0,33,27,0,60,0,62,59,0,121,0,0,0,121
07/10/2021,AGC,PA,AEA,CE,Towers with Radar,0,21,31,0,52,0,74,72,0,146,0,95,103,0,198,120,0,120,318
07/11/2021,AGC,PA,AEA,CE,Towers with Radar,0,25,26,0,51,0,24,25,0,49,0,49,51,0,100,40,0,40,140
07/12/2021,AGC,PA,AEA,CE,Towers with Radar,0,22,45,0,67,0,32,13,0,45,0,54,58,0,112,6,0,6,118
07/13/2021,AGC,PA,AEA,CE,Towers with Radar,0,42,44,0,86,0,31,34,0,65,0,73,78,0,151,36,0,36,187
07/14/2021,AGC,PA,AEA,CE,Towers with Radar,0,30,54,0,84,0,55,22,0,77,0,85,76,0,161,34,0,34,195
07/15/2021,AGC,PA,AEA,CE,Towers with Radar,0,35,42,0,77,0,50,45,2,97,0,85,87,2,174,60,0,60,234
07/16/2021,AGC,PA,AEA,CE,Towers with Radar,0,32,21,0,53,0,25,17,0,42,0,57,38,0,95,16,0,16,111
07/17/2021,AGC,PA,AEA,CE,Towers with Radar,0,18,19,0,37,0,31,8,0,39,0,49,27,0,76,30,0,30,106
07/18/2021,AGC,PA,AEA,CE,Towers with Radar,0,28,38,0,66,0,100,45,0,145,0,128,83,0,211,56,0,56,267
07/19/2021,AGC,PA,AEA,CE,Towers with Radar,0,30,33,0,63,0,46,60,0,106,0,76,93,0,169,88,0,88,257
07/20/2021,AGC,PA,AEA,CE,Towers with Radar,0,34,32,4,70,0,37,50,1,88,0,71,82,5,158,62,0,62,220
07/21/2021,AGC,PA,AEA,CE,Towers with Radar,0,27,39,0,66,0,67,31,0,98,0,94,70,0,164,36,0,36,200
07/22/2021,AGC,PA,AEA,CE,Towers with Radar,0,20,51,0,71,0,47,49,3,99,0,67,100,3,170,84,0,84,254
07/23/2021,AGC,PA,AEA,CE,Towers with Radar,0,24,47,0,71,0,53,37,0,90,0,77,84,0,161,42,0,42,203
07/24/2021,AGC,PA,AEA,CE,Towers with Radar,0,17,20,0,37,0,84,36,0,120,0,101,56,0,157,74,0,74,231
07/25/2021,AGC,PA,AEA,CE,Towers with Radar,0,18,41,0,59,0,76,11,0,87,0,94,52,0,146,20,0,20,166
07/26/2021,AGC,PA,AEA,CE,Towers with Radar,0,22,24,0,46,0,30,43,0,73,0,52,67,0,119,30,0,30,149
07/27/2021,AGC,PA,AEA,CE,Towers with Radar,0,28,39,0,67,0,51,54,0,105,0,79,93,0,172,122,0,122,294
07/28/2021,AGC,PA,AEA,CE,Towers with Radar,0,36,37,0,73,0,72,48,0,120,0,108,85,0,193,40,0,40,233
07/29/2021,AGC,PA,AEA,CE,Towers with Radar,0,28,25,0,53,0,40,14,0,54,0,68,39,0,107,12,0,12,119
07/30/2021,AGC,PA,AEA,CE,Towers with Radar,0,42,35,0,77,0,79,63,0,142,0,121,98,0,219,88,0,88,307
07/31/2021,AGC,PA,AEA,CE,Towers with Radar,0,24,44,0,68,0,80,66,0,146,0,104,110,0,214,114,0,114,328
08/01/2021,AGC,PA,AEA,CE,Towers with Radar,0,17,30,0,47,0,54,24,0,78,0,71,54,0,125,34,0,34,159
08/02/2021,AGC,PA,AEA,CE,Towers with Radar,0,21,34,0,55,0,47,46,0,93,0,68,80,0,148,72,0,72,220
08/03/2021,AGC,PA,AEA,CE,Towers with Radar,0,19,24,1,44,0,31,43,0,74,0,50,67,1,118,78,0,78,196
08/04/2021,AGC,PA,AEA,CE,Towers with Radar,0,29,31,0,60,0,65,41,0,106,0,94,72,0,166,22,0,22,188
08/05/2021,AGC,PA,AEA,CE,Towers with Radar,0,24,37,0,61,0,33,46,0,79,0,57,83,0,140,66,2,68,208
08/06/2021,AGC,PA,AEA,CE,Towers with Radar,0,34,31,0,65,0,90,62,0,152,0,124,93,0,217,50,0,50,267
08/07/2021,AGC,PA,AEA,CE,Towers with Radar,0,26,32,0,58,0,65,60,2,127,0,91,92,2,185,48,0,48,233
08/08/2021,AGC,PA,AEA,CE,Towers with Radar,0,29,34,0,63,0,70,25,0,95,0,99,59,0,158,50,0,50,208
08/09/2021,AGC,PA,AEA,CE,Towers with Radar,0,23,55,0,78,0,27,45,1,73,0,50,100,1,151,40,0,40,191
08/10/2021,AGC,PA,AEA,CE,Towers with Radar,0,35,35,1,71,0,32,16,1,49,0,67,51,2,120,18,0,18,138
08/11/2021,AGC,PA,AEA,CE,Towers with Radar,0,28,27,0,55,0,21,36,0,57,0,49,63,0,112,36,0,36,148
08/12/2021,AGC,PA,AEA,CE,Towers with Radar,0,20,27,0,47,0,57,39,1,97,0,77,66,1,144,18,0,18,162
08/13/2021,AGC,PA,AEA,CE,Towers with Radar,0,33,31,0,64,0,54,67,1,122,0,87,98,1,186,74,0,74,260
08/14/2021,AGC,PA,AEA,CE,Towers with Radar,0,32,51,0,83,0,37,39,0,76,0,69,90,0,159,36,0,36,195
08/15/2021,AGC,PA,AEA,CE,Towers with Radar,0,16,36,0,52,0,40,57,3,100,0,56,93,3,152,84,0,84,236
08/16/2021,AGC,PA,AEA,CE,Towers with Radar,0,25,35,0,60,0,17,8,0,25,0,42,43,0,85,4,0,4,89
08/17/2021,AGC,PA,AEA,CE,Towers with Radar,0,19,29,2,50,0,22,20,0,42,0,41,49,2,92,32,0,32,124
08/18/2021,AGC,PA,AEA,CE,Towers with Radar,0,19,23,0,42,0,11,0,0,11,0,30,23,0,53,0,0,0,53
08/19/2021,AGC,PA,AEA,CE,Towers with Radar,0,37,47,0,84,0,39,12,0,51,0,76,59,0,135,26,0,26,161
08/20/2021,AGC,PA,AEA,CE,Towers with Radar,0,26,49,0,75,0,26,41,0,67,0,52,90,0,142,26,0,26,168
08/21/2021,AGC,PA,AEA,CE,Towers with Radar,0,28,33,0,61,0,50,47,0,97,0,78,80,0,158,50,0,50,208
08/22/2021,AGC,PA,AEA,CE,Towers with Radar,0,25,32,0,57,0,53,42,0,95,0,78,74,0,152,72,0,72,224
08/23/2021,AGC,PA,AEA,CE,Towers with Radar,0,26,38,0,64,0,42,36,0,78,0,68,74,0,142,58,0,58,200
08/24/2021,AGC,PA,AEA,CE,Towers with Radar,0,33,38,0,71,0,52,82,1,135,0,85,120,1,206,60,0,60,266
08/25/2021,AGC,PA,AEA,CE,Towers with Radar,0,21,33,0,54,0,35,29,0,64,0,56,62,0,118,22,0,22,140
08/26/2021,AGC,PA,AEA,CE,Towers with Radar,0,33,46,0,79,0,35,27,0,62,0,68,73,0,141,64,0,64,205
08/27/2021,AGC,PA,AEA,CE,Towers with Radar,0,37,37,0,74,0,36,42,0,78,0,73,79,0,152,106,0,106,258
08/28/2021,AGC,PA,AEA,CE,Towers with Radar,0,30,20,0,50,0,34,72,4,110,0,64,92,4,160,48,0,48,208
08/29/2021,AGC,PA,AEA,CE,Towers with Radar,0,22,41,0,63,0,22,27,0,49,0,44,68,0,112,32,0,32,144
08/30/2021,AGC,PA,AEA,CE,Towers with Radar,0,15,30,0,45,0,45,22,0,67,0,60,52,0,112,30,0,30,142
08/31/2021,AGC,PA,AEA,CE,Towers with Radar,0,24,45,0,69,0,4,0,0,4,0,28,45,0,73,0,0,0,73
09/01/2021,AGC,PA,AEA,CE,Towers with Radar,0,28,23,0,51,0,10,0,0,10,0,38,23,0,61,0,0,0,61
09/02/2021,AGC,PA,AEA,CE,Towers with Radar,0,26,56,0,82,0,32,54,0,86,0,58,110,0,168,66,0,66,234
09/03/2021,AGC,PA,AEA,CE,Towers with Radar,0,26,34,0,60,0,45,60,0,105,0,71,94,0,165,34,0,34,199
09/04/2021,AGC,PA,AEA,CE,Towers with Radar,0,17,22,0,39,0,60,77,2,139,0,77,99,2,178,42,0,42,220
09/05/2021,AGC,PA,AEA,CE,Towers with Radar,0,13,13,0,26,0,20,2,0,22,0,33,15,0,48,0,0,0,48
09/06/2021,AGC,PA,AEA,CE,Towers with Radar,0,11,24,0,35,1,32,26,0,59,1,43,50,0,94,6,0,6,100
09/07/2021,AGC,PA,AEA,CE,Towers with Radar,0,23,34,0,57,0,35,43,0,78,0,58,77,0,135,58,8,66,201
09/08/2021,AGC,PA,AEA,CE,Towers with Radar,0,20,21,0,41,0,37,4,0,41,0,57,25,0,82,10,0,10,92
09/09/2021,AGC,PA,AEA,CE,Towers with Radar,0,28,61,0,89,0,20,25,0,45,0,48,86,0,134,102,0,102,236
09/10/2021,AGC,PA,AEA,CE,Towers with Radar,0,31,37,0,68,0,51,44,0,95,0,82,81,0,163,44,0,44,207
09/11/2021,AGC,PA,AEA,CE,Towers with Radar,0,24,38,0,62,0,75,50,3,128,0,99,88,3,190,40,0,40,230
09/12/2021,AGC,PA,AEA,CE,Towers with Radar,0,16,33,0,49,0,48,35,0,83,0,64,68,0,132,56,0,56,188
09/13/2021,AGC,PA,AEA,CE,Towers with Radar,0,21,40,0,61,0,51,28,0,79,0,72,68,0,140,36,0,36,176
09/14/2021,AGC,PA,AEA,CE,Towers with Radar,0,29,30,0,59,0,29,60,3,92,0,58,90,3,151,64,0,64,215
09/15/2021,AGC,PA,AEA,CE,Towers with Radar,0,26,24,0,50,0,33,8,0,41,0,59,32,0,91,0,0,0,91
09/16/2021,AGC,PA,AEA,CE,Towers with Radar,0,31,49,0,80,0,49,35,0,84,0,80,84,0,164,32,0,32,196
09/17/2021,AGC,PA,AEA,CE,Towers with Radar,0,47,37,0,84,0,76,76,1,153,0,123,113,1,237,46,0,46,283
09/18/2021,AGC,PA,AEA,CE,Towers with Radar,0,28,39,0,67,0,58,57,0,115,0,86,96,0,182,46,0,46,228
09/19/2021,AGC,PA,AEA,CE,Towers with Radar,0,37,46,2,85,0,31,54,0,85,0,68,100,2,170,110,0,110,280
09/20/2021,AGC,PA,AEA,CE,Towers with Radar,0,15,34,0,49,0,53,32,0,85,0,68,66,0,134,36,0,36,170
09/21/2021,AGC,PA,AEA,CE,Towers with Radar,0,37,44,0,81,0,53,53,0,106,0,90,97,0,187,66,0,66,253
09/22/2021,AGC,PA,AEA,CE,Towers with Radar,0,24,27,0,51,0,24,6,0,30,0,48,33,0,81,32,0,32,113
09/23/2021,AGC,PA,AEA,CE,Towers with Radar,0,20,23,0,43,0,37,14,0,51,0,57,37,0,94,4,0,4,98
09/24/2021,AGC,PA,AEA,CE,Towers with Radar,0,20,48,0,68,0,51,54,2,107,0,71,102,2,175,23,0,23,198
09/25/2021,AGC,PA,AEA,CE,Towers with Radar,0,33,23,0,56,0,75,48,0,123,0,108,71,0,179,34,0,34,213
09/26/2021,AGC,PA,AEA,CE,Towers with Radar,0,23,44,0,67,0,64,70,1,135,0,87,114,1,202,58,10,68,270
09/27/2021,AGC,PA,AEA,CE,Towers with Radar,0,26,28,0,54,0,75,26,0,101,0,101,54,0,155,28,0,28,183
09/28/2021,AGC,PA,AEA,CE,Towers with Radar,0,15,29,0,44,0,25,30,0,55,0,40,59,0,99,44,0,44,143
09/29/2021,AGC,PA,AEA,CE,Towers with Radar,0,26,48,0,74,0,60,68,1,129,0,86,116,1,203,66,0,66,269
09/30/2021,AGC,PA,AEA,CE,Towers with Radar,0,32,23,0,55,0,51,64,0,115,0,83,87,0,170,60,0,60,230
10/01/2021,AGC,PA,AEA,CE,Towers with Radar,0,39,47,0,86,0,47,76,2,125,0,86,123,2,211,50,0,50,261
10/02/2021,AGC,PA,AEA,CE,Towers with Radar,0,33,34,2,69,0,68,49,1,118,0,101,83,3,187,96,0,96,283
10/03/2021,AGC,PA,AEA,CE,Towers with Radar,0,41,31,0,72,0,31,9,0,40,0,72,40,0,112,24,0,24,136
10/04/2021,AGC,PA,AEA,CE,Towers with Radar,0,20,36,0,56,0,10,12,0,22,0,30,48,0,78,6,0,6,84
10/05/2021,AGC,PA,AEA,CE,Towers with Radar,0,25,36,0,61,0,37,42,0,79,0,62,78,0,140,42,0,42,182
10/06/2021,AGC,PA,AEA,CE,Towers with Radar,0,30,50,1,81,0,57,36,2,95,0,87,86,3,176,48,2,50,226
10/07/2021,AGC,PA,AEA,CE,Towers with Radar,0,27,37,0,64,0,31,46,0,77,0,58,83,0,141,88,0,88,229
10/08/2021,AGC,PA,AEA,CE,Towers with Radar,0,32,48,0,80,0,43,52,0,95,0,75,100,0,175,78,0,78,253
10/09/2021,AGC,PA,AEA,CE,Towers with Radar,0,16,44,0,60,0,42,3,0,45,0,58,47,0,105,0,0,0,105
10/10/2021,AGC,PA,AEA,CE,Towers with Radar,3,34,46,0,83,0,59,64,0,123,3,93,110,0,206,54,0,54,260
10/11/2021,AGC,PA,AEA,CE,Towers with Radar,0,19,50,0,69,0,39,52,0,91,0,58,102,0,160,96,0,96,256
10/12/2021,AGC,PA,AEA,CE,Towers with Radar,0,41,45,0,86,0,52,53,0,105,0,93,98,0,191,80,0,80,271
10/13/2021,AGC,PA,AEA,CE,Towers with Radar,0,26,36,0,62,0,59,34,0,93,0,85,70,0,155,76,0,76,231
10/14/2021,AGC,PA,AEA,CE,Towers with Radar,0,42,49,1,92,0,45,63,0,108,0,87,112,1,200,70,2,72,272
10/15/2021,AGC,PA,AEA,CE,Towers with Radar,0,41,41,0,82,0,37,31,0,68,0,78,72,0,150,20,0,20,170
10/16/2021,AGC,PA,AEA,CE,Towers with Radar,0,20,31,0,51,0,52,8,0,60,0,72,39,0,111,2,0,2,113
10/17/2021,AGC,PA,AEA,CE,Towers with Radar,0,15,47,0,62,0,73,40,0,113,0,88,87,0,175,6,0,6,181
10/18/2021,AGC,PA,AEA,CE,Towers with Radar,0,25,43,0,68,0,49,27,0,76,0,74,70,0,144,38,0,38,182
10/19/2021,AGC,PA,AEA,CE,Towers with Radar,0,30,42,0,72,0,40,63,0,103,0,70,105,0,175,110,0,110,285
10/20/2021,AGC,PA,AEA,CE,Towers with Radar,0,34,48,0,82,0,42,64,0,106,0,76,112,0,188,52,0,52,240
10/21/2021,AGC,PA,AEA,CE,Towers with Radar,0,29,45,0,74,0,24,17,0,41,0,53,62,0,115,38,0,38,153
10/22/2021,AGC,PA,AEA,CE,Towers with Radar,0,35,55,0,90,0,4,3,0,7,0,39,58,0,97,10,0,10,107
10/23/2021,AGC,PA,AEA,CE,Towers with Radar,0,28,32,0,60,0,29,0,0,29,0,57,32,0,89,4,0,4,93
10/24/2021,AGC,PA,AEA,CE,Towers with Radar,0,25,29,0,54,0,31,27,0,58,0,56,56,0,112,42,0,42,154
10/25/2021,AGC,PA,AEA,CE,Towers with Radar,0,18,24,0,42,0,44,23,0,67,0,62,47,0,109,24,0,24,133
10/26/2021,AGC,PA,AEA,CE,Towers with Radar,0,16,18,2,36,0,8,0,0,8,0,24,18,2,44,0,0,0,44
10/27/2021,AGC,PA,AEA,CE,Towers with Radar,0,40,42,0,82,0,18,6,0,24,0,58,48,0,106,4,0,4,110
10/28/2021,AGC,PA,AEA,CE,Towers with Radar,0,27,27,0,54,0,65,38,0,103,0,92,65,0,157,24,0,24,181
10/29/2021,AGC,PA,AEA,CE,Towers with Radar,0,27,16,0,43,0,16,0,0,16,0,43,16,0,59,0,0,0,59
10/30/2021,AGC,PA,AEA,CE,Towers with Radar,0,31,22,0,53,0,20,2,0,22,0,51,24,0,75,14,0,14,89
10/31/2021,AGC,PA,AEA,CE,Towers with Radar,0,17,26,0,43,0,18,9,0,27,0,35,35,0,70,26,0,26,96
11/01/2021,AGC,PA,AEA,CE,Towers with Radar,0,16,26,2,44,0,32,43,0,75,0,48,69,2,119,58,8,66,185
11/02/2021,AGC,PA,AEA,CE,Towers with Radar,0,27,31,0,58,0,43,42,0,85,0,70,73,0,143,78,0,78,221
11/03/2021,AGC,PA,AEA,CE,Towers with Radar,0,33,47,0,80,0,47,37,0,84,0,80,84,0,164,86,0,86,250
11/04/2021,AGC,PA,AEA,CE,Towers with Radar,0,34,60,1,95,0,62,54,1,117,0,96,114,2,212,78,0,78,290
11/05/2021,AGC,PA,AEA,CE,Towers with Radar,0,23,27,0,50,0,60,55,0,115,0,83,82,0,165,158,0,158,323
11/06/2021,AGC,PA,AEA,CE,Towers with Radar,0,30,31,2,63,0,41,72,0,113,0,71,103,2,176,74,0,74,250
11/07/2021,AGC,PA,AEA,CE,Towers with Radar,0,22,34,0,56,0,32,43,0,75,0,54,77,0,131,54,0,54,185
11/08/2021,AGC,PA,AEA,CE,Towers with Radar,0,30,55,0,85,0,44,51,0,95,0,74,106,0,180,44,0,44,224
11/09/2021,AGC,PA,AEA,CE,Towers with Radar,0,29,25,0,54,0,51,62,0,113,0,80,87,0,167,64,0,64,231
11/10/2021,AGC,PA,AEA,CE,Towers with Radar,1,35,63,0,99,0,28,43,1,72,1,63,106,1,171,78,0,78,249
11/11/2021,AGC,PA,AEA,CE,Towers with Radar,0,20,29,0,49,0,50,35,0,85,0,70,64,0,134,14,0,14,148
11/12/2021,AGC,PA,AEA,CE,Towers with Radar,0,29,39,0,68,0,46,29,0,75,0,75,68,0,143,26,0,26,169
11/13/2021,AGC,PA,AEA,CE,Towers with Radar,0,25,18,0,43,0,26,10,0,36,0,51,28,0,79,0,0,0,79
11/14/2021,AGC,PA,AEA,CE,Towers with Radar,0,14,36,0,50,0,17,7,0,24,0,31,43,0,74,38,0,38,112
11/15/2021,AGC,PA,AEA,CE,Towers with Radar,0,19,28,0,47,0,30,7,0,37,0,49,35,0,84,26,0,26,110
11/16/2021,AGC,PA,AEA,CE,Towers with Radar,0,28,33,0,61,0,41,41,2,84,0,69,74,2,145,64,0,64,209
11/17/2021,AGC,PA,AEA,CE,Towers with Radar,0,22,37,0,59,0,49,17,0,66,0,71,54,0,125,22,0,22,147
11/18/2021,AGC,PA,AEA,CE,Towers with Radar,0,37,42,0,79,0,30,2,0,32,0,67,44,0,111,0,0,0,111
11/19/2021,AGC,PA,AEA,CE,Towers with Radar,0,43,29,0,72,0,35,53,0,88,0,78,82,0,160,38,0,38,198
11/20/2021,AGC,PA,AEA,CE,Towers with Radar,0,51,20,0,71,0,24,68,4,96,0,75,88,4,167,40,0,40,207
11/21/2021,AGC,PA,AEA,CE,Towers with Radar,0,22,27,0,49,0,18,22,3,43,0,40,49,3,92,22,0,22,114
11/22/2021,AGC,PA,AEA,CE,Towers with Radar,0,37,18,0,55,0,40,35,0,75,0,77,53,0,130,34,0,34,164
11/23/2021,AGC,PA,AEA,CE,Towers with Radar,0,24,35,0,59,0,39,53,0,92,0,63,88,0,151,78,0,78,229
11/24/2021,AGC,PA,AEA,CE,Towers with Radar,0,26,35,0,61,0,37,56,0,93,0,63,91,0,154,28,0,28,182
11/25/2021,AGC,PA,AEA,CE,Towers with Radar,0,22,4,0,26,0,19,3,0,22,0,41,7,0,48,0,0,0,48
11/26/2021,AGC,PA,AEA,CE,Towers with Radar,0,24,7,0,31,0,10,1,0,11,0,34,8,0,42,0,0,0,42
11/27/2021,AGC,PA,AEA,CE,Towers with Radar,0,28,26,0,54,0,29,42,1,72,0,57,68,1,126,64,0,64,190
11/28/2021,AGC,PA,AEA,CE,Towers with Radar,0,18,30,0,48,0,21,10,0,31,0,39,40,0,79,40,0,40,119
11/29/2021,AGC,PA,AEA,CE,Towers with Radar,0,26,33,2,61,0,19,20,4,43,0,45,53,6,104,52,0,52,156
11/30/2021,AGC,PA,AEA,CE,Towers with Radar,0,27,35,0,62,0,22,44,0,66,0,49,79,0,128,78,0,78,206
12/01/2021,AGC,PA,AEA,CE,Towers with Radar,0,36,27,0,63,0,20,23,0,43,0,56,50,0,106,92,0,92,198
12/02/2021,AGC,PA,AEA,CE,Towers with Radar,0,27,21,0,48,0,33,4,0,37,0,60,25,0,85,2,0,2,87
12/03/2021,AGC,PA,AEA,CE,Towers with Radar,0,23,27,0,50,0,36,36,2,74,0,59,63,2,124,62,0,62,186
12/04/2021,AGC,PA,AEA,CE,Towers with Radar,0,31,29,1,61,0,53,73,11,137,0,84,102,12,198,106,0,106,304
12/05/2021,AGC,PA,AEA,CE,Towers with Radar,0,31,28,0,59,0,31,48,0,79,0,62,76,0,138,34,0,34,172
12/06/2021,AGC,PA,AEA,CE,Towers with Radar,0,22,26,0,48,0,25,2,0,27,0,47,28,0,75,0,0,0,75
12/07/2021,AGC,PA,AEA,CE,Towers with Radar,0,26,31,0,57,0,44,40,1,85,0,70,71,1,142,104,0,104,246
12/08/2021,AGC,PA,AEA,CE,Towers with Radar,0,24,26,0,50,0,25,8,1,34,0,49,34,1,84,2,0,2,86
12/09/2021,AGC,PA,AEA,CE,Towers with Radar,0,39,38,0,77,0,31,52,2,85,0,70,90,2,162,92,0,92,254
12/10/2021,AGC,PA,AEA,CE,Towers with Radar,0,20,20,0,40,0,21,44,0,65,0,41,64,0,105,102,0,102,207
12/11/2021,AGC,PA,AEA,CE,Towers with Radar,0,17,9,0,26,0,11,0,0,11,0,28,9,0,37,0,0,0,37
12/12/2021,AGC,PA,AEA,CE,Towers with Radar,0,27,19,0,46,0,33,27,0,60,0,60,46,0,106,46,0,46,152
12/13/2021,AGC,PA,AEA,CE,Towers with Radar,0,27,34,3,64,0,31,48,2,81,0,58,82,5,145,94,0,94,239
12/14/2021,AGC,PA,AEA,CE,Towers with Radar,0,27,50,0,77,0,59,47,0,106,0,86,97,0,183,50,0,50,233
12/15/2021,AGC,PA,AEA,CE,Towers with Radar,0,23,33,1,57,0,41,28,0,69,0,64,61,1,126,78,0,78,204
12/16/2021,AGC,PA,AEA,CE,Towers with Radar,0,32,27,0,59,0,41,5,0,46,0,73,32,0,105,4,0,4,109
12/17/2021,AGC,PA,AEA,CE,Towers with Radar,0,28,33,0,61,0,32,47,0,79,0,60,80,0,140,46,0,46,186
12/18/2021,AGC,PA,AEA,CE,Towers with Radar,0,14,32,1,47,0,0,0,0,0,0,14,32,1,47,0,0,0,47
12/19/2021,AGC,PA,AEA,CE,Towers with Radar,0,19,38,1,58,0,23,26,1,50,0,42,64,2,108,38,0,38,146
12/20/2021,AGC,PA,AEA,CE,Towers with Radar,0,22,34,0,56,0,33,47,2,82,0,55,81,2,138,54,2,56,194
12/21/2021,AGC,PA,AEA,CE,Towers with Radar,0,29,27,0,56,0,33,57,0,90,0,62,84,0,146,130,0,130,276
12/22/2021,AGC,PA,AEA,CE,Towers with Radar,0,21,18,0,39,0,41,12,0,53,0,62,30,0,92,44,0,44,136
12/23/2021,AGC,PA,AEA,CE,Towers with Radar,0,28,23,0,51,0,48,42,3,93,0,76,65,3,144,50,0,50,194
12/24/2021,AGC,PA,AEA,CE,Towers with Radar,0,18,10,0,28,0,28,19,0,47,0,46,29,0,75,40,0,40,115
12/25/2021,AGC,PA,AEA,CE,Towers with Radar,0,14,14,0,28,0,13,0,0,13,0,27,14,0,41,0,0,0,41
12/26/2021,AGC,PA,AEA,CE,Towers with Radar,0,18,22,0,40,0,22,30,0,52,0,40,52,0,92,112,0,112,204
12/27/2021,AGC,PA,AEA,CE,Towers with Radar,0,26,9,0,35,0,21,1,0,22,0,47,10,0,57,0,0,0,57
12/28/2021,AGC,PA,AEA,CE,Towers with Radar,0,27,17,0,44,0,25,18,0,43,0,52,35,0,87,42,0,42,129
12/29/2021,AGC,PA,AEA,CE,Towers with Radar,0,17,9,2,28,0,6,4,0,10,0,23,13,2,38,0,0,0,38
12/30/2021,AGC,PA,AEA,CE,Towers with Radar,0,28,28,0,56,0,26,7,0,33,0,54,35,0,89,8,0,8,97
12/31/2021,AGC,PA,AEA,CE,Towers with Radar,0,27,22,0,49,0,27,23,0,50,0,54,45,0,99,18,0,18,117
01/01/2022,AGC,PA,AEA,CE,Towers with Radar,0,18,8,0,26,0,7,0,1,8,0,25,8,1,34,0,0,0,34
01/02/2022,AGC,PA,AEA,CE,Towers with Radar,0,19,13,0,32,0,9,0,0,9,0,28,13,0,41,0,0,0,41
01/03/2022,AGC,PA,AEA,CE,Towers with Radar,0,26,21,1,48,0,46,28,1,75,0,72,49,2,123,54,0,54,177
01/04/2022,AGC,PA,AEA,CE,Towers with Radar,0,22,32,0,54,0,40,42,2,84,0,62,74,2,138,82,0,82,220
01/05/2022,AGC,PA,AEA,CE,Towers with Radar,0,23,16,2,41,0,20,8,4,32,0,43,24,6,73,0,0,0,73
01/06/2022,AGC,PA,AEA,CE,Towers with Radar,0,28,13,1,42,0,19,24,1,44,0,47,37,2,86,82,0,82,168
01/07/2022,AGC,PA,AEA,CE,Towers with Radar,0,29,9,0,38,0,6,6,0,12,0,35,15,0,50,0,0,0,50
01/08/2022,AGC,PA,AEA,CE,Towers with Radar,0,25,16,0,41,0,29,58,0,87,0,54,74,0,128,78,0,78,206
01/09/2022,AGC,PA,AEA,CE,Towers with Radar,0,10,13,0,23,0,5,2,0,7,0,15,15,0,30,4,0,4,34
01/10/2022,AGC,PA,AEA,CE,Towers with Radar,0,15,21,0,36,0,22,9,0,31,0,37,30,0,67,30,0,30,97
01/11/2022,AGC,PA,AEA,CE,Towers with Radar,0,21,26,0,47,0,26,46,4,76,0,47,72,4,123,86,0,86,209
01/12/2022,AGC,PA,AEA,CE,Towers with Radar,0,21,23,2,46,0,46,34,0,80,0,67,57,2,126,54,0,54,180
01/13/2022,AGC,PA,AEA,CE,Towers with Radar,0,26,23,0,49,0,14,18,7,39,0,40,41,7,88,30,0,30,118
01/14/2022,AGC,PA,AEA,CE,Towers with Radar,0,22,23,2,47,0,7,3,0,10,0,29,26,2,57,0,0,0,57
01/15/2022,AGC,PA,AEA,CE,Towers with Radar,0,24,19,0,43,0,26,65,0,91,0,50,84,0,134,86,0,86,220
01/16/2022,AGC,PA,AEA,CE,Towers with Radar,0,11,14,0,25,0,16,15,0,31,0,27,29,0,56,50,0,50,106
01/17/2022,AGC,PA,AEA,CE,Towers with Radar,0,12,4,0,16,0,13,0,0,13,0,25,4,0,29,0,0,0,29
01/18/2022,AGC,PA,AEA,CE,Towers with Radar,0,33,34,0,67,0,21,7,6,34,0,54,41,6,101,14,0,14,115
01/19/2022,AGC,PA,AEA,CE,Towers with Radar,0,26,14,0,40,0,35,7,3,45,0,61,21,3,85,0,0,0,85
01/20/2022,AGC,PA,AEA,CE,Towers with Radar,0,22,11,0,33,0,28,5,2,35,0,50,16,2,68,0,0,0,68
01/21/2022,AGC,PA,AEA,CE,Towers with Radar,0,22,29,0,51,0,34,40,0,74,0,56,69,0,125,54,0,54,179
01/22/2022,AGC,PA,AEA,CE,Towers with Radar,0,18,13,0,31,0,39,53,0,92,0,57,66,0,123,62,0,62,185
01/23/2022,AGC,PA,AEA,CE,Towers with Radar,0,13,11,0,24,0,11,3,0,14,0,24,14,0,38,22,0,22,60
01/24/2022,AGC,PA,AEA,CE,Towers with Radar,0,14,30,0,44,0,18,6,0,24,0,32,36,0,68,20,0,20,88
01/25/2022,AGC,PA,AEA,CE,Towers with Radar,0,26,24,0,50,0,22,19,4,45,0,48,43,4,95,48,2,50,145
01/26/2022,AGC,PA,AEA,CE,Towers with Radar,0,20,32,0,52,0,31,38,0,69,0,51,70,0,121,78,0,78,199
01/27/2022,AGC,PA,AEA,CE,Towers with Radar,0,21,20,2,43,0,33,48,0,81,0,54,68,2,124,48,0,48,172
01/28/2022,AGC,PA,AEA,CE,Towers with Radar,0,21,8,4,33,0,1,0,0,1,0,22,8,4,34,0,0,0,34
01/29/2022,AGC,PA,AEA,CE,Towers with Radar,0,20,13,0,33,0,39,18,0,57,0,59,31,0,90,30,0,30,120
01/30/2022,AGC,PA,AEA,CE,Towers with Radar,0,15,20,0,35,0,13,25,0,38,0,28,45,0,73,100,0,100,173
01/31/2022,AGC,PA,AEA,CE,Towers with Radar,0,49,20,2,71,0,30,36,0,66,0,79,56,2,137,38,0,38,175
02/01/2022,AGC,PA,AEA,CE,Towers with Radar,0,14,18,0,32,0,26,26,0,52,0,40,44,0,84,78,0,78,162
02/02/2022,AGC,PA,AEA,CE,Towers with Radar,0,31,16,0,47,0,43,26,2,71,0,74,42,2,118,40,0,40,158
02/03/2022,AGC,PA,AEA,CE,Towers with Radar,0,10,6,0,16,0,0,0,0,0,0,10,6,0,16,0,0,0,16
02/04/2022,AGC,PA,AEA,CE,Towers with Radar,0,16,7,0,23,0,0,0,0,0,0,16,7,0,23,0,0,0,23
02/05/2022,AGC,PA,AEA,CE,Towers with Radar,0,17,5,0,22,0,13,2,0,15,0,30,7,0,37,12,0,12,49
02/06/2022,AGC,PA,AEA,CE,Towers with Radar,0,18,30,0,48,0,28,47,0,75,0,46,77,0,123,50,0,50,173
02/07/2022,AGC,PA,AEA,CE,Towers with Radar,0,27,22,2,51,0,25,51,1,77,0,52,73,3,128,88,0,88,216
02/08/2022,AGC,PA,AEA,CE,Towers with Radar,0,29,19,0,48,0,17,24,3,44,0,46,43,3,92,38,2,40,132
02/09/2022,AGC,PA,AEA,CE,Towers with Radar,0,38,29,0,67,0,35,35,0,70,0,73,64,0,137,36,0,36,173
02/10/2022,AGC,PA,AEA,CE,Towers with Radar,0,28,27,1,56,0,22,24,1,47,0,50,51,2,103,26,0,26,129
02/11/2022,AGC,PA,AEA,CE,Towers with Radar,0,28,24,0,52,0,15,7,0,22,0,43,31,0,74,14,0,14,88
02/12/2022,AGC,PA,AEA,CE,Towers with Radar,0,18,19,0,37,0,17,7,0,24,0,35,26,0,61,20,0,20,81
02/13/2022,AGC,PA,AEA,CE,Towers with Radar,0,16,21,0,37,0,9,35,0,44,0,25,56,0,81,150,0,150,231
02/14/2022,AGC,PA,AEA,CE,Towers with Radar,0,21,18,0,39,0,19,20,0,39,0,40,38,0,78,38,0,38,116
02/15/2022,AGC,PA,AEA,CE,Towers with Radar,0,29,36,1,66,0,49,44,0,93,0,78,80,1,159,72,0,72,231
02/16/2022,AGC,PA,AEA,CE,Towers with Radar,0,39,28,0,67,0,42,22,2,66,0,81,50,2,133,0,0,0,133
02/17/2022,AGC,PA,AEA,CE,Towers with Radar,0,29,29,0,58,0,8,1,0,9,0,37,30,0,67,0,0,0,67
02/18/2022,AGC,PA,AEA,CE,Towers with Radar,0,27,15,0,42,0,18,20,0,38,0,45,35,0,80,24,0,24,104
02/19/2022,AGC,PA,AEA,CE,Towers with Radar,0,23,9,0,32,0,18,4,0,22,0,41,13,0,54,0,0,0,54
02/20/2022,AGC,PA,AEA,CE,Towers with Radar,0,14,17,0,31,0,24,62,0,86,0,38,79,0,117,28,0,28,145
02/21/2022,AGC,PA,AEA,CE,Towers with Radar,0,14,43,0,57,0,40,66,0,106,0,54,109,0,163,52,0,52,215
02/22/2022,AGC,PA,AEA,CE,Towers with Radar,0,23,15,0,38,0,14,1,0,15,0,37,16,0,53,6,0,6,59
02/23/2022,AGC,PA,AEA,CE,Towers with Radar,0,29,31,0,60,0,17,9,0,26,0,46,40,0,86,2,0,2,88
02/24/2022,AGC,PA,AEA,CE,Towers with Radar,0,28,16,2,46,0,21,37,0,58,0,49,53,2,104,112,0,112,216
02/25/2022,AGC,PA,AEA,CE,Towers with Radar,0,23,27,0,50,0,18,17,0,35,0,41,44,0,85,20,0,20,105
02/26/2022,AGC,PA,AEA,CE,Towers with Radar,0,17,20,0,37,0,14,38,0,52,0,31,58,0,89,44,0,44,133
02/27/2022,AGC,PA,AEA,CE,Towers with Radar,0,11,25,0,36,0,10,32,0,42,0,21,57,0,78,12,0,12,90
02/28/2022,AGC,PA,AEA,CE,Towers with Radar,0,16,25,1,42,0,47,57,2,106,0,63,82,3,148,144,0,144,292
03/01/2022,AGC,PA,AEA,CE,Towers with Radar,0,24,36,0,60,0,36,21,0,57,0,60,57,0,117,18,0,18,135
03/02/2022,AGC,PA,AEA,CE,Towers with Radar,0,18,35,1,54,0,21,54,0,75,0,39,89,1,129,74,2,76,205
03/03/2022,AGC,PA,AEA,CE,Towers with Radar,0,26,34,0,60,0,36,26,0,62,0,62,60,0,122,50,0,50,172
03/04/2022,AGC,PA,AEA,CE,Towers with Radar,0,32,49,0,81,0,34,59,0,93,0,66,108,0,174,118,0,118,292
03/05/2022,AGC,PA,AEA,CE,Towers with Radar,0,30,29,0,59,0,37,82,2,121,0,67,111,2,180,76,0,76,256
03/06/2022,AGC,PA,AEA,CE,Towers with Radar,0,22,15,0,37,0,29,6,0,35,0,51,21,0,72,10,0,10,82
03/07/2022,AGC,PA,AEA,CE,Towers with Radar,0,13,13,0,26,0,23,0,0,23,0,36,13,0,49,0,0,0,49
03/08/2022,AGC,PA,AEA,CE,Towers with Radar,0,32,29,0,61,0,33,38,0,71,0,65,67,0,132,114,0,114,246
03/09/2022,AGC,PA,AEA,CE,Towers with Radar,0,10,1,0,11,0,14,0,0,14,0,24,1,0,25,0,0,0,25
03/10/2022,AGC,PA,AEA,CE,Towers with Radar,0,33,55,2,90,0,43,42,1,86,0,76,97,3,176,108,0,108,284
03/11/2022,AGC,PA,AEA,CE,Towers with Radar,0,28,25,1,54,0,38,48,1,87,0,66,73,2,141,68,0,68,209
03/12/2022,AGC,PA,AEA,CE,Towers with Radar,0,11,1,0,12,0,13,1,0,14,0,24,2,0,26,0,0,0,26
03/13/2022,AGC,PA,AEA,CE,Towers with Radar,0,21,31,0,52,0,23,27,0,50,0,44,58,0,102,6,0,6,108
03/14/2022,AGC,PA,AEA,CE,Towers with Radar,0,19,24,0,43,0,27,54,0,81,0,46,78,0,124,102,0,102,226
03/15/2022,AGC,PA,AEA,CE,Towers with Radar,0,29,22,0,51,0,22,62,0,84,0,51,84,0,135,136,0,136,271
03/16/2022,AGC,PA,AEA,CE,Towers with Radar,0,27,28,2,57,0,48,42,2,92,0,75,70,4,149,34,0,34,183
03/17/2022,AGC,PA,AEA,CE,Towers with Radar,0,35,36,0,71,0,34,46,1,81,0,69,82,1,152,96,0,96,248
03/18/2022,AGC,PA,AEA,CE,Towers with Radar,0,36,35,0,71,0,32,68,0,100,0,68,103,0,171,116,0,116,287
03/19/2022,AGC,PA,AEA,CE,Towers with Radar,0,23,17,0,40,0,16,15,0,31,0,39,32,0,71,14,0,14,85
03/20/2022,AGC,PA,AEA,CE,Towers with Radar,0,33,19,0,52,0,9,10,0,19,0,42,29,0,71,0,0,0,71
03/21/2022,AGC,PA,AEA,CE,Towers with Radar,0,17,36,0,53,0,36,56,0,92,0,53,92,0,145,70,0,70,215
03/22/2022,AGC,PA,AEA,CE,Towers with Radar,0,34,37,2,73,0,28,56,0,84,0,62,93,2,157,134,0,134,291
03/23/2022,AGC,PA,AEA,CE,Towers with Radar,0,12,23,0,35,0,12,5,0,17,0,24,28,0,52,0,0,0,52
03/24/2022,AGC,PA,AEA,CE,Towers with Radar,0,31,22,0,53,0,35,44,0,79,0,66,66,0,132,22,0,22,154
03/25/2022,AGC,PA,AEA,CE,Towers with Radar,0,23,22,0,45,0,23,23,0,46,0,46,45,0,91,36,0,36,127
03/26/2022,AGC,PA,AEA,CE,Towers with Radar,0,17,9,0,26,0,3,0,0,3,0,20,9,0,29,0,0,0,29
03/27/2022,AGC,PA,AEA,CE,Towers with Radar,0,16,16,0,32,0,4,3,0,7,0,20,19,0,39,2,0,2,41
03/28/2022,AGC,PA,AEA,CE,Towers with Radar,0,19,22,0,41,0,14,1,0,15,0,33,23,0,56,0,0,0,56
03/29/2022,AGC,PA,AEA,CE,Towers with Radar,0,25,42,0,67,0,43,54,2,99,0,68,96,2,166,88,0,88,254
03/30/2022,AGC,PA,AEA,CE,Towers with Radar,0,35,29,0,64,0,26,41,0,67,0,61,70,0,131,34,0,34,165
03/31/2022,AGC,PA,AEA,CE,Towers with Radar,0,22,17,0,39,0,45,5,0,50,0,67,22,0,89,2,0,2,91
04/01/2022,AGC,PA,AEA,CE,Towers with Radar,0,25,17,0,42,0,18,3,0,21,0,43,20,0,63,0,0,0,63
04/02/2022,AGC,PA,AEA,CE,Towers with Radar,0,32,16,0,48,0,37,62,0,99,0,69,78,0,147,136,0,136,283
04/03/2022,AGC,PA,AEA,CE,Towers with Radar,0,22,24,0,46,0,9,5,0,14,0,31,29,0,60,0,0,0,60
04/04/2022,AGC,PA,AEA,CE,Towers with Radar,0,25,26,0,51,0,23,32,0,55,0,48,58,0,106,128,0,128,234
04/05/2022,AGC,PA,AEA,CE,Towers with Radar,0,22,30,3,55,0,24,43,1,68,0,46,73,4,123,110,0,110,233
04/06/2022,AGC,PA,AEA,CE,Towers with Radar,0,24,43,0,67,0,29,11,0,40,0,53,54,0,107,14,0,14,121
04/07/2022,AGC,PA,AEA,CE,Towers with Radar,0,23,20,0,43,0,15,8,0,23,0,38,28,0,66,0,0,0,66
04/08/2022,AGC,PA,AEA,CE,Towers with Radar,0,36,41,0,77,0,17,22,0,39,0,53,63,0,116,70,0,70,186
04/09/2022,AGC,PA,AEA,CE,Towers with Radar,0,27,12,0,39,0,4,5,0,9,0,31,17,0,48,34,0,34,82
04/10/2022,AGC,PA,AEA,CE,Towers with Radar,0,19,34,0,53,0,20,45,0,65,0,39,79,0,118,50,0,50,168
04/11/2022,AGC,PA,AEA,CE,Towers with Radar,0,15,34,0,49,0,19,42,0,61,0,34,76,0,110,52,0,52,162
04/12/2022,AGC,PA,AEA,CE,Towers with Radar,0,27,34,2,63,0,33,30,0,63,0,60,64,2,126,44,0,44,170
04/13/2022,AGC,PA,AEA,CE,Towers with Radar,0,35,18,0,53,0,47,36,0,83,0,82,54,0,136,22,2,24,160
04/14/2022,AGC,PA,AEA,CE,Towers with Radar,0,34,36,2,72,0,43,39,0,82,0,77,75,2,154,24,0,24,178
04/15/2022,AGC,PA,AEA,CE,Towers with Radar,0,24,17,2,43,0,41,31,0,72,0,65,48,2,115,16,0,16,131
04/16/2022,AGC,PA,AEA,CE,Towers with Radar,0,30,13,0,43,0,18,10,0,28,0,48,23,0,71,14,0,14,85
04/17/2022,AGC,PA,AEA,CE,Towers with Radar,0,22,17,0,39,0,40,29,0,69,0,62,46,0,108,0,0,0,108
04/18/2022,AGC,PA,AEA,CE,Towers with Radar,0,40,16,0,56,0,5,5,0,10,0,45,21,0,66,0,0,0,66
04/19/2022,AGC,PA,AEA,CE,Towers with Radar,0,22,27,0,49,0,7,1,0,8,0,29,28,0,57,0,0,0,57
04/20/2022,AGC,PA,AEA,CE,Towers with Radar,0,42,44,0,86,0,35,61,0,96,0,77,105,0,182,148,0,148,330
04/21/2022,AGC,PA,AEA,CE,Towers with Radar,0,26,40,0,66,0,19,11,0,30,0,45,51,0,96,0,0,0,96
04/22/2022,AGC,PA,AEA,CE,Towers with Radar,0,22,26,0,48,0,41,76,3,120,0,63,102,3,168,118,0,118,286
04/23/2022,AGC,PA,AEA,CE,Towers with Radar,0,25,22,0,47,0,42,75,0,117,0,67,97,0,164,60,0,60,224
04/24/2022,AGC,PA,AEA,CE,Towers with Radar,0,26,24,0,50,0,41,88,0,129,0,67,112,0,179,74,0,74,253
04/25/2022,AGC,PA,AEA,CE,Towers with Radar,0,32,25,2,59,0,33,86,0,119,0,65,111,2,178,74,2,76,254
04/26/2022,AGC,PA,AEA,CE,Towers with Radar,0,28,31,0,59,0,38,60,0,98,0,66,91,0,157,90,6,96,253
04/27/2022,AGC,PA,AEA,CE,Towers with Radar,0,34,34,0,68,0,42,21,0,63,0,76,55,0,131,6,0,6,137
04/28/2022,AGC,PA,AEA,CE,Towers with Radar,0,33,29,0,62,0,43,56,0,99,0,76,85,0,161,58,0,58,219
04/29/2022,AGC,PA,AEA,CE,Towers with Radar,0,43,40,0,83,0,42,66,0,108,0,85,106,0,191,98,0,98,289
04/30/2022,AGC,PA,AEA,CE,Towers with Radar,0,28,12,1,41,0,31,73,0,104,0,59,85,1,145,92,0,92,237
05/01/2022,AGC,PA,AEA,CE,Towers with Radar,0,13,18,0,31,0,10,10,0,20,0,23,28,0,51,10,0,10,61
05/02/2022,AGC,PA,AEA,CE,Towers with Radar,0,19,33,0,52,0,29,27,1,57,0,48,60,1,109,76,0,76,185
05/03/2022,AGC,PA,AEA,CE,Towers with Radar,0,29,21,0,50,0,14,13,0,27,0,43,34,0,77,8,0,8,85
05/04/2022,AGC,PA,AEA,CE,Towers with Radar,0,37,41,0,78,0,25,15,0,40,0,62,56,0,118,0,0,0,118
05/05/2022,AGC,PA,AEA,CE,Towers with Radar,0,27,52,3,82,0,24,48,1,73,0,51,100,4,155,118,0,118,273
05/06/2022,AGC,PA,AEA,CE,Towers with Radar,0,29,17,0,46,0,6,1,0,7,0,35,18,0,53,0,0,0,53
05/07/2022,AGC,PA,AEA,CE,Towers with Radar,0,17,17,0,34,0,18,0,0,18,0,35,17,0,52,0,0,0,52
05/08/2022,AGC,PA,AEA,CE,Towers with Radar,0,14,37,2,53,0,16,39,0,55,0,30,76,2,108,40,0,40,148
05/09/2022,AGC,PA,AEA,CE,Towers with Radar,0,28,32,0,60,0,35,50,0,85,0,63,82,0,145,60,0,60,205
05/10/2022,AGC,PA,AEA,CE,Towers with Radar,0,26,42,0,68,0,49,53,3,105,0,75,95,3,173,102,0,102,275
05/11/2022,AGC,PA,AEA,CE,Towers with Radar,0,32,37,3,72,0,43,69,4,116,0,75,106,7,188,54,0,54,242
05/12/2022,AGC,PA,AEA,CE,Towers with Radar,0,39,32,0,71,0,31,67,3,101,0,70,99,3,172,72,2,74,246
05/13/2022,AGC,PA,AEA,CE,Towers with Radar,0,32,41,0,73,0,31,51,0,82,0,63,92,0,155,86,0,86,241
05/14/2022,AGC,PA,AEA,CE,Towers with Radar,0,23,11,0,34,0,28,70,0,98,0,51,81,0,132,34,0,34,166
05/15/2022,AGC,PA,AEA,CE,Towers with Radar,0,28,29,0,57,0,57,45,0,102,0,85,74,0,159,38,0,38,197
05/16/2022,AGC,PA,AEA,CE,Towers with Radar,0,22,25,0,47,0,14,16,0,30,0,36,41,0,77,62,0,62,139
05/17/2022,AGC,PA,AEA,CE,Towers with Radar,0,30,38,1,69,0,37,39,0,76,0,67,77,1,145,44,6,50,195
05/18/2022,AGC,PA,AEA,CE,Towers with Radar,0,30,45,0,75,0,41,67,0,108,0,71,112,0,183,106,0,106,289
05/19/2022,AGC,PA,AEA,CE,Towers with Radar,0,38,42,1,81,0,33,20,4,57,0,71,62,5,138,18,0,18,156
05/20/2022,AGC,PA,AEA,CE,Towers with Radar,0,22,29,0,51,0,38,22,1,61,0,60,51,1,112,20,0,20,132
05/21/2022,AGC,PA,AEA,CE,Towers with Radar,0,27,20,2,49,0,33,40,0,73,0,60,60,2,122,52,0,52,174
05/22/2022,AGC,PA,AEA,CE,Towers with Radar,0,26,24,0,50,0,36,29,0,65,0,62,53,0,115,16,0,16,131
05/23/2022,AGC,PA,AEA,CE,Towers with Radar,0,27,46,0,73,0,34,71,1,106,0,61,117,1,179,72,0,72,251
05/24/2022,AGC,PA,AEA,CE,Towers with Radar,0,44,54,0,98,0,45,41,0,86,0,89,95,0,184,156,0,156,340
05/25/2022,AGC,PA,AEA,CE,Towers with Radar,0,22,46,0,68,0,60,68,0,128,0,82,114,0,196,56,0,56,252
05/26/2022,AGC,PA,AEA,CE,Towers with Radar,0,32,35,1,68,0,30,51,1,82,0,62,86,2,150,48,0,48,198
05/27/2022,AGC,PA,AEA,CE,Towers with Radar,0,20,31,0,51,0,29,17,0,46,0,49,48,0,97,40,0,40,137
05/28/2022,AGC,PA,AEA,CE,Towers with Radar,0,20,22,0,42,0,22,40,0,62,0,42,62,0,104,18,0,18,122
05/29/2022,AGC,PA,AEA,CE,Towers with Radar,0,11,23,0,34,0,37,61,0,98,0,48,84,0,132,80,0,80,212
05/30/2022,AGC,PA,AEA,CE,Towers with Radar,0,22,22,1,45,0,25,29,0,54,0,47,51,1,99,6,0,6,105
05/31/2022,AGC,PA,AEA,CE,Towers with Radar,0,23,37,0,60,0,48,63,2,113,0,71,100,2,173,100,0,100,273
06/01/2022,AGC,PA,AEA,CE,Towers with Radar,0,33,33,0,66,0,44,40,0,84,0,77,73,0,150,2,0,2,152
06/02/2022,AGC,PA,AEA,CE,Towers with Radar,0,26,19,0,45,0,7,1,0,8,0,33,20,0,53,0,0,0,53
06/03/2022,AGC,PA,AEA,CE,Towers with Radar,0,20,31,0,51,0,37,89,0,126,0,57,120,0,177,84,0,84,261
06/04/2022,AGC,PA,AEA,CE,Towers with Radar,0,20,29,0,49,0,29,110,0,139,0,49,139,0,188,80,0,80,268
06/05/2022,AGC,PA,AEA,CE,Towers with Radar,0,15,30,0,45,0,53,37,0,90,0,68,67,0,135,64,0,64,199
06/06/2022,AGC,PA,AEA,CE,Towers with Radar,0,10,26,0,36,0,33,30,1,64,0,43,56,1,100,44,0,44,144
06/07/2022,AGC,PA,AEA,CE,Towers with Radar,0,16,35,0,51,0,15,7,0,22,0,31,42,0,73,10,0,10,83
06/08/2022,AGC,PA,AEA,CE,Towers with Radar,0,15,30,0,45,0,21,54,0,75,0,36,84,0,120,88,0,88,208
06/09/2022,AGC,PA,AEA,CE,Towers with Radar,0,20,35,1,56,0,42,37,4,83,0,62,72,5,139,14,0,14,153
06/10/2022,AGC,PA,AEA,CE,Towers with Radar,0,21,23,4,48,0,38,75,0,113,0,59,98,4,161,96,0,96,257
06/11/2022,AGC,PA,AEA,CE,Towers with Radar,0,15,17,0,32,0,41,71,5,117,0,56,88,5,149,78,0,78,227
06/12/2022,AGC,PA,AEA,CE,Towers with Radar,0,13,16,0,29,0,26,29,0,55,0,39,45,0,84,32,0,32,116
06/13/2022,AGC,PA,AEA,CE,Towers with Radar,0,27,29,0,56,0,41,27,3,71,0,68,56,3,127,58,0,58,185
06/14/2022,AGC,PA,AEA,CE,Towers with Radar,0,23,28,0,51,0,22,18,0,40,0,45,46,0,91,34,0,34,125
06/15/2022,AGC,PA,AEA,CE,Towers with Radar,0,22,30,0,52,0,46,62,0,108,0,68,92,0,160,86,0,86,246
06/16/2022,AGC,PA,AEA,CE,Towers with Radar,0,25,24,2,51,0,27,27,0,54,0,52,51,2,105,14,2,16,121
06/17/2022,AGC,PA,AEA,CE,Towers with Radar,0,22,24,7,53,0,29,13,0,42,0,51,37,7,95,0,0,0,95
06/18/2022,AGC,PA,AEA,CE,Towers with Radar,0,19,24,0,43,0,35,15,0,50,0,54,39,0,93,0,0,0,93
06/19/2022,AGC,PA,AEA,CE,Towers with Radar,0,15,31,0,46,0,28,48,0,76,0,43,79,0,122,4,0,4,126
06/20/2022,AGC,PA,AEA,CE,Towers with Radar,0,21,31,0,52,0,42,61,0,103,0,63,92,0,155,86,0,86,241
06/21/2022,AGC,PA,AEA,CE,Towers with Radar,0,28,28,0,56,0,32,88,0,120,0,60,116,0,176,50,4,54,230
06/22/2022,AGC,PA,AEA,CE,Towers with Radar,0,41,36,2,79,0,42,68,1,111,0,83,104,3,190,44,0,44,234
06/23/2022,AGC,PA,AEA,CE,Towers with Radar,0,36,36,2,74,0,37,54,0,91,0,73,90,2,165,12,0,12,177
06/24/2022,AGC,PA,AEA,CE,Towers with Radar,0,33,27,1,61,0,34,71,1,106,0,67,98,2,167,112,0,112,279
06/25/2022,AGC,PA,AEA,CE,Towers with Radar,0,31,34,0,65,0,35,75,1,111,0,66,109,1,176,70,0,70,246
06/26/2022,AGC,PA,AEA,CE,Towers with Radar,0,22,19,0,41,0,27,13,0,40,0,49,32,0,81,12,0,12,93
06/27/2022,AGC,PA,AEA,CE,Towers with Radar,0,22,40,0,62,0,35,32,0,67,0,57,72,0,129,50,0,50,179
06/28/2022,AGC,PA,AEA,CE,Towers with Radar,0,29,28,0,57,0,35,54,0,89,0,64,82,0,146,148,0,148,294
06/29/2022,AGC,PA,AEA,CE,Towers with Radar,0,23,57,0,80,0,29,68,1,98,0,52,125,1,178,134,0,134,312
06/30/2022,AGC,PA,AEA,CE,Towers with Radar,1,25,35,0,61,0,38,53,1,92,1,63,88,1,153,96,0,96,249
07/01/2022,AGC,PA,AEA,CE,Towers with Radar,0,29,32,0,61,0,40,30,1,71,0,69,62,1,132,30,0,30,162
07/02/2022,AGC,PA,AEA,CE,Towers with Radar,0,24,21,0,45,0,29,22,0,51,0,53,43,0,96,34,0,34,130
07/03/2022,AGC,PA,AEA,CE,Towers with Radar,0,5,22,0,27,0,19,24,0,43,0,24,46,0,70,56,0,56,126
07/04/2022,AGC,PA,AEA,CE,Towers with Radar,0,14,15,0,29,0,43,37,2,82,0,57,52,2,111,56,0,56,167
07/05/2022,AGC,PA,AEA,CE,Towers with Radar,0,11,12,0,23,0,19,27,0,46,0,30,39,0,69,20,0,20,89
07/06/2022,AGC,PA,AEA,CE,Towers with Radar,0,19,27,0,46,0,33,27,0,60,0,52,54,0,106,70,0,70,176
07/07/2022,AGC,PA,AEA,CE,Towers with Radar,0,36,38,0,74,0,50,47,0,97,0,86,85,0,171,126,0,126,297
07/08/2022,AGC,PA,AEA,CE,Towers with Radar,0,24,33,0,57,0,35,52,0,87,0,59,85,0,144,72,0,72,216
07/09/2022,AGC,PA,AEA,CE,Towers with Radar,0,29,46,0,75,0,32,56,2,90,0,61,102,2,165,88,0,88,253
07/10/2022,AGC,PA,AEA,CE,Towers with Radar,0,19,32,0,51,0,27,76,0,103,0,46,108,0,154,106,0,106,260
07/11/2022,AGC,PA,AEA,CE,Towers with Radar,0,12,26,0,38,0,44,72,0,116,0,56,98,0,154,96,0,96,250
07/12/2022,AGC,PA,AEA,CE,Towers with Radar,0,22,15,0,37,0,34,27,1,62,0,56,42,1,99,32,0,32,131
07/13/2022,AGC,PA,AEA,CE,Towers with Radar,0,24,37,1,62,0,33,42,0,75,0,57,79,1,137,38,0,38,175
07/14/2022,AGC,PA,AEA,CE,Towers with Radar,0,33,48,0,81,0,30,41,0,71,0,63,89,0,152,54,0,54,206
07/15/2022,AGC,PA,AEA,CE,Towers with Radar,0,30,48,0,78,0,57,63,1,121,0,87,111,1,199,94,0,94,293
07/16/2022,AGC,PA,AEA,CE,Towers with Radar,0,26,29,0,55,0,34,21,2,57,0,60,50,2,112,128,0,128,240
07/17/2022,AGC,PA,AEA,CE,Towers with Radar,0,16,26,0,42,0,26,7,0,33,0,42,33,0,75,34,0,34,109
07/18/2022,AGC,PA,AEA,CE,Towers with Radar,0,30,37,0,67,0,18,4,0,22,0,48,41,0,89,36,0,36,125
07/19/2022,AGC,PA,AEA,CE,Towers with Radar,0,26,44,0,70,0,21,42,0,63,0,47,86,0,133,52,0,52,185
07/20/2022,AGC,PA,AEA,CE,Towers with Radar,0,35,36,0,71,0,37,70,0,107,0,72,106,0,178,36,0,36,214
07/21/2022,AGC,PA,AEA,CE,Towers with Radar,0,39,45,0,84,0,35,24,0,59,0,74,69,0,143,34,0,34,177
07/22/2022,AGC,PA,AEA,CE,Towers with Radar,0,31,55,1,87,0,19,52,0,71,0,50,107,1,158,50,0,50,208
07/23/2022,AGC,PA,AEA,CE,Towers with Radar,0,22,13,0,35,0,20,66,0,86,0,42,79,0,121,24,0,24,145
07/24/2022,AGC,PA,AEA,CE,Towers with Radar,0,11,31,0,42,0,41,34,0,75,0,52,65,0,117,32,0,32,149
07/25/2022,AGC,PA,AEA,CE,Towers with Radar,0,14,51,0,65,0,25,44,1,70,0,39,95,1,135,78,0,78,213
07/26/2022,AGC,PA,AEA,CE,Towers with Radar,0,20,37,0,57,0,26,73,0,99,0,46,110,0,156,68,0,68,224
07/27/2022,AGC,PA,AEA,CE,Towers with Radar,0,19,37,0,56,0,24,5,0,29,0,43,42,0,85,0,0,0,85
07/28/2022,AGC,PA,AEA,CE,Towers with Radar,0,19,38,0,57,0,16,20,0,36,0,35,58,0,93,0,0,0,93
07/29/2022,AGC,PA,AEA,CE,Towers with Radar,0,31,26,1,58,0,28,67,1,96,0,59,93,2,154,86,0,86,240
07/30/2022,AGC,PA,AEA,CE,Towers with Radar,0,13,31,0,44,0,34,64,0,98,0,47,95,0,142,128,0,128,270
07/31/2022,AGC,PA,AEA,CE,Towers with Radar,0,11,42,1,54,0,40,44,0,84,0,51,86,1,138,48,0,48,186
08/01/2022,AGC,PA,AEA,CE,Towers with Radar,0,14,35,0,49,0,12,29,0,41,0,26,64,0,90,30,0,30,120
08/02/2022,AGC,PA,AEA,CE,Towers with Radar,0,26,37,1,64,0,36,46,3,85,0,62,83,4,149,100,0,100,249
08/03/2022,AGC,PA,AEA,CE,Towers with Radar,0,20,35,0,55,0,31,49,0,80,0,51,84,0,135,86,0,86,221
08/04/2022,AGC,PA,AEA,CE,Towers with Radar,0,25,33,0,58,0,16,32,3,51,0,41,65,3,109,38,0,38,147
08/05/2022,AGC,PA,AEA,CE,Towers with Radar,0,28,27,0,55,0,18,13,0,31,0,46,40,0,86,12,0,12,98
08/06/2022,AGC,PA,AEA,CE,Towers with Radar,0,22,29,0,51,0,49,25,0,74,0,71,54,0,125,26,0,26,151
08/07/2022,AGC,PA,AEA,CE,Towers with Radar,0,16,29,0,45,0,27,37,0,64,0,43,66,0,109,2,0,2,111
08/08/2022,AGC,PA,AEA,CE,Towers with Radar,0,23,45,0,68,0,32,20,2,54,0,55,65,2,122,20,0,20,142
08/09/2022,AGC,PA,AEA,CE,Towers with Radar,0,37,29,0,66,0,30,24,0,54,0,67,53,0,120,40,0,40,160
08/10/2022,AGC,PA,AEA,CE,Towers with Radar,0,24,50,0,74,0,37,43,0,80,0,61,93,0,154,122,0,122,276
08/11/2022,AGC,PA,AEA,CE,Towers with Radar,0,28,27,1,56,0,33,55,0,88,0,61,82,1,144,56,0,56,200
08/12/2022,AGC,PA,AEA,CE,Towers with Radar,0,30,33,0,63,0,37,90,0,127,0,67,123,0,190,116,0,116,306
08/13/2022,AGC,PA,AEA,CE,Towers with Radar,0,26,34,0,60,0,31,70,1,102,0,57,104,1,162,148,0,148,310
08/14/2022,AGC,PA,AEA,CE,Towers with Radar,0,11,35,0,46,0,23,66,0,89,0,34,101,0,135,80,0,80,215
08/15/2022,AGC,PA,AEA,CE,Towers with Radar,0,15,49,0,64,0,28,41,0,69,0,43,90,0,133,72,0,72,205
08/16/2022,AGC,PA,AEA,CE,Towers with Radar,0,20,33,1,54,0,30,71,0,101,0,50,104,1,155,96,0,96,251
08/17/2022,AGC,PA,AEA,CE,Towers with Radar,0,19,30,4,53,0,47,55,0,102,0,66,85,4,155,82,0,82,237
08/18/2022,AGC,PA,AEA,CE,Towers with Radar,0,29,19,0,48,0,45,84,0,129,0,74,103,0,177,108,0,108,285
08/19/2022,AGC,PA,AEA,CE,Towers with Radar,0,24,38,0,62,0,35,69,2,106,0,59,107,2,168,56,0,56,224
08/20/2022,AGC,PA,AEA,CE,Towers with Radar,0,25,22,0,47,0,34,95,1,130,0,59,117,1,177,58,0,58,235
08/21/2022,AGC,PA,AEA,CE,Towers with Radar,0,15,20,0,35,0,10,3,0,13,0,25,23,0,48,0,0,0,48
08/22/2022,AGC,PA,AEA,CE,Towers with Radar,0,13,23,0,36,0,19,10,0,29,0,32,33,0,65,0,0,0,65
08/23/2022,AGC,PA,AEA,CE,Towers with Radar,0,26,31,0,57,0,43,49,0,92,0,69,80,0,149,12,0,12,161
08/24/2022,AGC,PA,AEA,CE,Towers with Radar,0,21,37,4,62,0,47,115,1,163,0,68,152,5,225,84,0,84,309
08/25/2022,AGC,PA,AEA,CE,Towers with Radar,0,18,38,0,56,0,26,123,1,150,0,44,161,1,206,86,0,86,292
08/26/2022,AGC,PA,AEA,CE,Towers with Radar,0,22,35,0,57,0,32,44,0,76,0,54,79,0,133,56,0,56,189
08/27/2022,AGC,PA,AEA,CE,Towers with Radar,0,25,28,0,53,0,54,108,0,162,0,79,136,0,215,12,14,26,241
08/28/2022,AGC,PA,AEA,CE,Towers with Radar,0,22,27,0,49,0,27,76,0,103,0,49,103,0,152,64,0,64,216
08/29/2022,AGC,PA,AEA,CE,Towers with Radar,0,21,33,0,54,0,29,57,0,86,0,50,90,0,140,30,0,30,170
08/30/2022,AGC,PA,AEA,CE,Towers with Radar,0,30,23,0,53,0,18,10,0,28,0,48,33,0,81,42,0,42,123
08/31/2022,AGC,PA,AEA,CE,Towers with Radar,0,36,54,2,92,0,38,93,2,133,0,74,147,4,225,66,0,66,291
09/01/2022,AGC,PA,AEA,CE,Towers with Radar,0,32,44,0,76,0,40,94,0,134,0,72,138,0,210,94,0,94,304
09/02/2022,AGC,PA,AEA,CE,Towers with Radar,0,31,44,0,75,0,28,81,4,113,0,59,125,4,188,56,0,56,244
09/03/2022,AGC,PA,AEA,CE,Towers with Radar,0,23,16,1,40,0,30,64,4,98,0,53,80,5,138,102,0,102,240
09/04/2022,AGC,PA,AEA,CE,Towers with Radar,0,16,13,0,29,0,35,5,0,40,0,51,18,0,69,0,0,0,69
09/05/2022,AGC,PA,AEA,CE,Towers with Radar,0,24,14,5,43,0,2,0,2,4,0,26,14,7,47,0,0,0,47
09/06/2022,AGC,PA,AEA,CE,Towers with Radar,0,25,22,0,47,0,18,12,0,30,0,43,34,0,77,56,0,56,133
09/07/2022,AGC,PA,AEA,CE,Towers with Radar,0,16,37,2,55,0,12,32,0,44,0,28,69,2,99,40,0,40,139
09/08/2022,AGC,PA,AEA,CE,Towers with Radar,0,23,34,0,57,0,31,60,0,91,0,54,94,0,148,104,0,104,252
09/09/2022,AGC,PA,AEA,CE,Towers with Radar,0,22,52,0,74,0,38,94,3,135,0,60,146,3,209,157,0,157,366
09/10/2022,AGC,PA,AEA,CE,Towers with Radar,0,15,23,1,39,0,46,101,0,147,0,61,124,1,186,49,0,49,235
09/11/2022,AGC,PA,AEA,CE,Towers with Radar,0,20,32,0,52,0,9,6,0,15,0,29,38,0,67,6,0,6,73
09/12/2022,AGC,PA,AEA,CE,Towers with Radar,0,19,39,0,58,0,17,14,0,31,0,36,53,0,89,16,0,16,105
09/13/2022,AGC,PA,AEA,CE,Towers with Radar,0,22,44,0,66,0,30,60,0,90,0,52,104,0,156,35,0,35,191
09/14/2022,AGC,PA,AEA,CE,Towers with Radar,0,25,36,0,61,0,35,68,0,103,0,60,104,0,164,127,0,127,291
09/15/2022,AGC,PA,AEA,CE,Towers with Radar,0,24,38,0,62,0,48,66,0,114,0,72,104,0,176,126,0,126,302
09/16/2022,AGC,PA,AEA,CE,Towers with Radar,0,19,46,0,65,0,44,52,0,96,0,63,98,0,161,99,0,99,260
09/17/2022,AGC,PA,AEA,CE,Towers with Radar,0,8,14,0,22,0,27,56,0,83,0,35,70,0,105,38,0,38,143
09/18/2022,AGC,PA,AEA,CE,Towers with Radar,0,21,43,0,64,0,15,18,0,33,0,36,61,0,97,58,0,58,155
09/19/2022,AGC,PA,AEA,CE,Towers with Radar,0,14,19,0,33,0,31,1,0,32,0,45,20,0,65,26,0,26,91
09/20/2022,AGC,PA,AEA,CE,Towers with Radar,0,26,35,0,61,0,22,68,0,90,0,48,103,0,151,108,0,108,259
09/21/2022,AGC,PA,AEA,CE,Towers with Radar,0,21,34,0,55,0,21,40,0,61,0,42,74,0,116,101,0,101,217
09/22/2022,AGC,PA,AEA,CE,Towers with Radar,0,34,33,0,67,0,32,9,0,41,0,66,42,0,108,18,0,18,126
09/23/2022,AGC,PA,AEA,CE,Towers with Radar,0,31,23,0,54,0,40,44,0,84,0,71,67,0,138,129,0,129,267
09/24/2022,AGC,PA,AEA,CE,Towers with Radar,0,16,39,0,55,0,15,66,0,81,0,31,105,0,136,98,0,98,234
09/25/2022,AGC,PA,AEA,CE,Towers with Radar,0,9,21,0,30,0,40,8,0,48,0,49,29,0,78,0,0,0,78
09/26/2022,AGC,PA,AEA,CE,Towers with Radar,0,14,21,0,35,0,24,7,0,31,0,38,28,0,66,30,0,30,96
09/27/2022,AGC,PA,AEA,CE,Towers with Radar,0,23,29,0,52,0,34,23,0,57,0,57,52,0,109,250,0,250,359
09/28/2022,AGC,PA,AEA,CE,Towers with Radar,0,26,33,0,59,0,30,7,0,37,0,56,40,0,96,31,0,31,127
09/29/2022,AGC,PA,AEA,CE,Towers with Radar,0,13,31,2,46,0,26,27,0,53,0,39,58,2,99,87,0,87,186
09/30/2022,AGC,PA,AEA,CE,Towers with Radar,0,20,39,0,59,0,31,62,0,93,0,51,101,0,152,111,0,111,263
10/01/2022,AGC,PA,AEA,CE,Towers with Radar,0,29,17,0,46,0,13,0,0,13,0,42,17,0,59,0,0,0,59
10/02/2022,AGC,PA,AEA,CE,Towers with Radar,0,17,32,0,49,0,19,24,0,43,0,36,56,0,92,51,0,51,143
10/03/2022,AGC,PA,AEA,CE,Towers with Radar,0,16,43,0,59,0,21,41,0,62,0,37,84,0,121,178,0,178,299
10/04/2022,AGC,PA,AEA,CE,Towers with Radar,0,29,43,0,72,0,25,56,1,82,0,54,99,1,154,123,0,123,277
10/05/2022,AGC,PA,AEA,CE,Towers with Radar,0,27,39,0,66,0,29,77,0,106,0,56,116,0,172,68,0,68,240
10/06/2022,AGC,PA,AEA,CE,Towers with Radar,0,33,33,0,66,0,44,90,0,134,0,77,123,0,200,145,0,145,345
10/07/2022,AGC,PA,AEA,CE,Towers with Radar,0,27,45,0,72,0,31,1,0,32,0,58,46,0,104,21,0,21,125
10/08/2022,AGC,PA,AEA,CE,Towers with Radar,0,18,21,0,39,0,30,46,0,76,0,48,67,0,115,28,0,28,143
10/09/2022,AGC,PA,AEA,CE,Towers with Radar,0,15,28,0,43,0,30,47,0,77,0,45,75,0,120,93,0,93,213
10/10/2022,AGC,PA,AEA,CE,Towers with Radar,0,14,37,0,51,0,39,83,0,122,0,53,120,0,173,134,0,134,307
10/11/2022,AGC,PA,AEA,CE,Towers with Radar,0,21,31,0,52,0,53,85,0,138,0,74,116,0,190,152,0,152,342
10/12/2022,AGC,PA,AEA,CE,Towers with Radar,0,40,49,0,89,0,47,28,0,75,0,87,77,0,164,68,0,68,232
10/13/2022,AGC,PA,AEA,CE,Towers with Radar,0,22,29,0,51,0,20,28,0,48,0,42,57,0,99,39,0,39,138
10/14/2022,AGC,PA,AEA,CE,Towers with Radar,0,23,44,2,69,0,38,58,1,97,0,61,102,3,166,55,0,55,221
10/15/2022,AGC,PA,AEA,CE,Towers with Radar,0,23,33,0,56,0,28,22,0,50,0,51,55,0,106,18,0,18,124
10/16/2022,AGC,PA,AEA,CE,Towers with Radar,0,30,47,0,77,0,33,77,0,110,0,63,124,0,187,88,0,88,275
10/17/2022,AGC,PA,AEA,CE,Towers with Radar,0,21,30,0,51,0,30,17,2,49,0,51,47,2,100,29,0,29,129
10/18/2022,AGC,PA,AEA,CE,Towers with Radar,0,15,19,0,34,0,25,7,0,32,0,40,26,0,66,37,0,37,103
10/19/2022,AGC,PA,AEA,CE,Towers with Radar,0,15,19,0,34,0,15,5,0,20,0,30,24,0,54,0,0,0,54
10/20/2022,AGC,PA,AEA,CE,Towers with Radar,0,20,25,0,45,0,20,25,1,46,0,40,50,1,91,73,0,73,164
10/21/2022,AGC,PA,AEA,CE,Towers with Radar,0,31,43,2,76,0,45,86,0,131,0,76,129,2,207,58,0,58,265
10/22/2022,AGC,PA,AEA,CE,Towers with Radar,0,23,16,0,39,0,28,103,0,131,0,51,119,0,170,52,0,52,222
10/23/2022,AGC,PA,AEA,CE,Towers with Radar,0,8,35,0,43,0,27,68,0,95,0,35,103,0,138,71,0,71,209
10/24/2022,AGC,PA,AEA,CE,Towers with Radar,0,17,41,0,58,0,20,77,0,97,0,37,118,0,155,158,0,158,313
10/25/2022,AGC,PA,AEA,CE,Towers with Radar,0,28,24,0,52,0,48,50,0,98,0,76,74,0,150,172,0,172,322
10/26/2022,AGC,PA,AEA,CE,Towers with Radar,0,23,25,0,48,0,20,3,0,23,0,43,28,0,71,0,0,0,71
10/27/2022,AGC,PA,AEA,CE,Towers with Radar,0,25,47,0,72,0,29,59,0,88,0,54,106,0,160,129,0,129,289
10/28/2022,AGC,PA,AEA,CE,Towers with Radar,0,17,33,0,50,0,42,56,7,105,0,59,89,7,155,139,0,139,294
10/29/2022,AGC,PA,AEA,CE,Towers with Radar,0,21,27,0,48,0,34,75,2,111,0,55,102,2,159,29,0,29,188
10/30/2022,AGC,PA,AEA,CE,Towers with Radar,0,15,28,0,43,0,48,45,0,93,0,63,73,0,136,100,0,100,236
10/31/2022,AGC,PA,AEA,CE,Towers with Radar,0,26,28,0,54,0,23,0,0,23,0,49,28,0,77,0,0,0,77
11/01/2022,AGC,PA,AEA,CE,Towers with Radar,0,21,37,0,58,1,20,14,0,35,1,41,51,0,93,0,0,0,93
11/02/2022,AGC,PA,AEA,CE,Towers with Radar,0,20,29,0,49,0,12,32,0,44,0,32,61,0,93,21,0,21,114
11/03/2022,AGC,PA,AEA,CE,Towers with Radar,0,33,40,0,73,0,25,62,0,87,0,58,102,0,160,114,0,114,274
11/04/2022,AGC,PA,AEA,CE,Towers with Radar,0,19,21,0,40,0,50,71,0,121,0,69,92,0,161,102,0,102,263
11/05/2022,AGC,PA,AEA,CE,Towers with Radar,0,26,19,0,45,0,36,16,0,52,0,62,35,0,97,34,0,34,131
11/06/2022,AGC,PA,AEA,CE,Towers with Radar,0,15,22,0,37,0,37,32,0,69,0,52,54,0,106,81,0,81,187
11/07/2022,AGC,PA,AEA,CE,Towers with Radar,0,11,21,0,32,0,33,76,0,109,0,44,97,0,141,132,0,132,273
11/08/2022,AGC,PA,AEA,CE,Towers with Radar,0,31,34,0,65,0,45,68,0,113,0,76,102,0,178,105,0,105,283
11/09/2022,AGC,PA,AEA,CE,Towers with Radar,0,32,46,0,78,0,51,72,0,123,0,83,118,0,201,84,0,84,285
11/10/2022,AGC,PA,AEA,CE,Towers with Radar,0,26,56,1,83,0,60,87,0,147,0,86,143,1,230,119,0,119,349
11/11/2022,AGC,PA,AEA,CE,Towers with Radar,0,26,19,0,45,0,10,4,0,14,0,36,23,0,59,0,0,0,59
11/12/2022,AGC,PA,AEA,CE,Towers with Radar,0,20,12,0,32,0,4,2,0,6,0,24,14,0,38,5,0,5,43
11/13/2022,AGC,PA,AEA,CE,Towers with Radar,0,21,25,0,46,0,15,17,0,32,0,36,42,0,78,94,0,94,172
11/14/2022,AGC,PA,AEA,CE,Towers with Radar,0,20,20,0,40,0,26,61,0,87,0,46,81,0,127,112,0,112,239
11/15/2022,AGC,PA,AEA,CE,Towers with Radar,0,28,18,0,46,0,17,24,0,41,0,45,42,0,87,38,0,38,125
11/16/2022,AGC,PA,AEA,CE,Towers with Radar,0,31,14,0,45,0,16,19,0,35,0,47,33,0,80,59,0,59,139
11/17/2022,AGC,PA,AEA,CE,Towers with Radar,0,25,18,0,43,0,15,16,1,32,0,40,34,1,75,53,0,53,128
11/18/2022,AGC,PA,AEA,CE,Towers with Radar,0,25,20,0,45,0,20,2,0,22,0,45,22,0,67,18,0,18,85
11/19/2022,AGC,PA,AEA,CE,Towers with Radar,0,24,19,0,43,0,39,29,0,68,0,63,48,0,111,20,0,20,131
11/20/2022,AGC,PA,AEA,CE,Towers with Radar,0,17,19,0,36,0,30,17,0,47,0,47,36,0,83,3,0,3,86
11/21/2022,AGC,PA,AEA,CE,Towers with Radar,0,15,39,0,54,0,39,54,2,95,0,54,93,2,149,57,0,57,206
11/22/2022,AGC,PA,AEA,CE,Towers with Radar,0,20,44,0,64,0,47,77,0,124,0,67,121,0,188,91,0,91,279
11/23/2022,AGC,PA,AEA,CE,Towers with Radar,0,29,29,0,58,0,42,63,0,105,0,71,92,0,163,126,0,126,289
11/24/2022,AGC,PA,AEA,CE,Towers with Radar,0,24,1,0,25,0,45,24,0,69,0,69,25,0,94,38,0,38,132
11/25/2022,AGC,PA,AEA,CE,Towers with Radar,0,24,21,0,45,0,28,2,0,30,0,52,23,0,75,0,0,0,75
11/26/2022,AGC,PA,AEA,CE,Towers with Radar,0,32,20,0,52,0,54,62,0,116,0,86,82,0,168,144,0,144,312
11/27/2022,AGC,PA,AEA,CE,Towers with Radar,0,17,26,0,43,0,14,3,0,17,0,31,29,0,60,52,0,52,112
11/28/2022,AGC,PA,AEA,CE,Towers with Radar,0,14,36,0,50,0,16,9,0,25,0,30,45,0,75,16,0,16,91
11/29/2022,AGC,PA,AEA,CE,Towers with Radar,0,19,23,0,42,0,38,35,0,73,0,57,58,0,115,152,0,152,267
11/30/2022,AGC,PA,AEA,CE,Towers with Radar,0,25,16,0,41,0,21,1,0,22,0,46,17,0,63,0,0,0,63
12/01/2022,AGC,PA,AEA,CE,Towers with Radar,0,15,28,0,43,0,33,35,0,68,0,48,63,0,111,77,0,77,188
12/02/2022,AGC,PA,AEA,CE,Towers with Radar,0,24,32,0,56,0,46,57,0,103,0,70,89,0,159,60,0,60,219
12/03/2022,AGC,PA,AEA,CE,Towers with Radar,0,19,12,0,31,0,31,3,0,34,0,50,15,0,65,0,0,0,65
12/04/2022,AGC,PA,AEA,CE,Towers with Radar,0,17,19,0,36,0,19,40,0,59,0,36,59,0,95,76,0,76,171
12/05/2022,AGC,PA,AEA,CE,Towers with Radar,0,20,28,0,48,0,20,37,0,57,0,40,65,0,105,80,0,80,185
12/06/2022,AGC,PA,AEA,CE,Towers with Radar,0,16,16,0,32,0,10,0,0,10,0,26,16,0,42,0,0,0,42
12/07/2022,AGC,PA,AEA,CE,Towers with Radar,0,19,37,0,56,0,4,1,0,5,0,23,38,0,61,10,0,10,71
12/08/2022,AGC,PA,AEA,CE,Towers with Radar,0,23,29,1,53,0,20,54,1,75,0,43,83,2,128,116,0,116,244
12/09/2022,AGC,PA,AEA,CE,Towers with Radar,0,28,27,0,55,0,23,35,0,58,0,51,62,0,113,56,0,56,169
12/10/2022,AGC,PA,AEA,CE,Towers with Radar,0,23,11,0,34,0,6,1,0,7,0,29,12,0,41,5,0,5,46
12/11/2022,AGC,PA,AEA,CE,Towers with Radar,0,17,28,2,47,0,14,1,1,16,0,31,29,3,63,14,0,14,77
12/12/2022,AGC,PA,AEA,CE,Towers with Radar,0,19,19,0,38,0,34,8,0,42,0,53,27,0,80,67,0,67,147
12/13/2022,AGC,PA,AEA,CE,Towers with Radar,0,32,50,0,82,0,28,66,1,95,0,60,116,1,177,127,0,127,304
12/14/2022,AGC,PA,AEA,CE,Towers with Radar,0,19,24,0,43,0,29,34,0,63,0,48,58,0,106,209,0,209,315
12/15/2022,AGC,PA,AEA,CE,Towers with Radar,0,22,20,0,42,0,12,0,0,12,0,34,20,0,54,0,0,0,54
12/16/2022,AGC,PA,AEA,CE,Towers with Radar,0,16,26,0,42,0,18,29,0,47,0,34,55,0,89,63,0,63,152
12/17/2022,AGC,PA,AEA,CE,Towers with Radar,0,21,14,0,35,0,15,6,0,21,0,36,20,0,56,5,0,5,61
12/18/2022,AGC,PA,AEA,CE,Towers with Radar,0,14,15,0,29,0,21,12,0,33,0,35,27,0,62,66,0,66,128
12/19/2022,AGC,PA,AEA,CE,Towers with Radar,0,24,9,0,33,0,25,8,0,33,0,49,17,0,66,76,0,76,142
12/20/2022,AGC,PA,AEA,CE,Towers with Radar,0,22,26,0,48,0,44,44,0,88,0,66,70,0,136,117,0,117,253
12/21/2022,AGC,PA,AEA,CE,Towers with Radar,0,22,35,0,57,0,33,82,0,115,0,55,117,0,172,202,0,202,374
12/22/2022,AGC,PA,AEA,CE,Towers with Radar,0,13,14,0,27,0,14,1,0,15,0,27,15,0,42,0,0,0,42
12/23/2022,AGC,PA,AEA,CE,Towers with Radar,0,15,3,0,18,0,0,0,0,0,0,15,3,0,18,0,0,0,18
12/24/2022,AGC,PA,AEA,CE,Towers with Radar,0,25,2,0,27,0,0,0,0,0,0,25,2,0,27,0,0,0,27
12/25/2022,AGC,PA,AEA,CE,Towers with Radar,0,4,5,0,9,0,15,1,0,16,0,19,6,0,25,0,0,0,25
12/26/2022,AGC,PA,AEA,CE,Towers with Radar,0,16,23,0,39,0,10,24,0,34,0,26,47,0,73,28,0,28,101
12/27/2022,AGC,PA,AEA,CE,Towers with Radar,0,18,17,0,35,0,27,5,0,32,0,45,22,0,67,0,0,0,67
12/28/2022,AGC,PA,AEA,CE,Towers with Radar,0,15,24,0,39,0,55,42,0,97,0,70,66,0,136,43,0,43,179
12/29/2022,AGC,PA,AEA,CE,Towers with Radar,0,18,16,0,34,0,26,56,0,82,0,44,72,0,116,87,0,87,203
12/30/2022,AGC,PA,AEA,CE,Towers with Radar,0,18,15,1,34,0,26,47,0,73,0,44,62,1,107,139,0,139,246
12/31/2022,AGC,PA,AEA,CE,Towers with Radar,0,15,6,0,21,0,11,6,0,17,0,26,12,0,38,18,0,18,56
01/01/2023,AGC,PA,AEA,CE,Towers with Radar,0,7,11,0,18,0,19,3,0,22,0,26,14,0,40,0,0,0,40
01/02/2023,AGC,PA,AEA,CE,Towers with Radar,0,9,19,0,28,0,7,1,0,8,0,16,20,0,36,40,0,40,76
01/03/2023,AGC,PA,AEA,CE,Towers with Radar,0,18,20,0,38,0,3,3,0,6,0,21,23,0,44,12,0,12,56
01/04/2023,AGC,PA,AEA,CE,Towers with Radar,0,14,15,0,29,0,21,16,0,37,0,35,31,0,66,97,0,97,163
01/05/2023,AGC,PA,AEA,CE,Towers with Radar,0,24,21,0,45,0,32,53,0,85,0,56,74,0,130,195,0,195,325
01/06/2023,AGC,PA,AEA,CE,Towers with Radar,0,22,10,0,32,0,12,12,0,24,0,34,22,0,56,99,0,99,155
01/07/2023,AGC,PA,AEA,CE,Towers with Radar,0,19,12,2,33,0,26,13,0,39,0,45,25,2,72,143,0,143,215
01/08/2023,AGC,PA,AEA,CE,Towers with Radar,0,32,36,0,68,0,15,43,0,58,0,47,79,0,126,132,0,132,258
01/09/2023,AGC,PA,AEA,CE,Towers with Radar,0,11,28,1,40,0,28,37,1,66,0,39,65,2,106,137,0,137,243
01/10/2023,AGC,PA,AEA,CE,Towers with Radar,0,21,32,0,53,0,17,45,0,62,0,38,77,0,115,65,0,65,180
01/11/2023,AGC,PA,AEA,CE,Towers with Radar,0,32,38,2,72,0,30,67,0,97,0,62,105,2,169,140,0,140,309
01/12/2023,AGC,PA,AEA,CE,Towers with Radar,0,22,14,0,36,0,0,1,0,1,0,22,15,0,37,6,0,6,43
01/13/2023,AGC,PA,AEA,CE,Towers with Radar,0,16,15,0,31,0,2,0,0,2,0,18,15,0,33,0,0,0,33
01/14/2023,AGC,PA,AEA,CE,Towers with Radar,0,23,11,0,34,0,9,11,0,20,0,32,22,0,54,22,0,22,76
01/15/2023,AGC,PA,AEA,CE,Towers with Radar,0,10,27,0,37,0,28,42,0,70,0,38,69,0,107,62,0,62,169
01/16/2023,AGC,PA,AEA,CE,Towers with Radar,0,6,21,0,27,0,31,58,0,89,0,37,79,0,116,141,0,141,257
01/17/2023,AGC,PA,AEA,CE,Towers with Radar,0,35,19,0,54,0,6,0,0,6,0,41,19,0,60,0,0,0,60
01/18/2023,AGC,PA,AEA,CE,Towers with Radar,0,34,21,0,55,0,25,3,0,28,0,59,24,0,83,0,0,0,83
01/19/2023,AGC,PA,AEA,CE,Towers with Radar,0,22,16,0,38,0,14,21,0,35,0,36,37,0,73,10,0,10,83
01/20/2023,AGC,PA,AEA,CE,Towers with Radar,0,16,7,0,23,0,11,1,0,12,0,27,8,0,35,22,0,22,57
01/21/2023,AGC,PA,AEA,CE,Towers with Radar,0,21,17,0,38,0,14,17,0,31,0,35,34,0,69,192,0,192,261
01/22/2023,AGC,PA,AEA,CE,Towers with Radar,0,10,12,0,22,0,2,37,0,39,0,12,49,0,61,35,0,35,96
01/23/2023,AGC,PA,AEA,CE,Towers with Radar,0,18,19,0,37,0,0,3,0,3,0,18,22,0,40,0,0,0,40
01/24/2023,AGC,PA,AEA,CE,Towers with Radar,0,28,34,0,62,1,26,12,0,39,1,54,46,0,101,0,0,0,101
01/25/2023,AGC,PA,AEA,CE,Towers with Radar,0,36,14,0,50,0,8,1,0,9,0,44,15,0,59,2,0,2,61
01/26/2023,AGC,PA,AEA,CE,Towers with Radar,0,18,13,0,31,0,0,3,0,3,0,18,16,0,34,0,0,0,34
01/27/2023,AGC,PA,AEA,CE,Towers with Radar,0,27,34,0,61,0,23,44,0,67,0,50,78,0,128,103,0,103,231
01/28/2023,AGC,PA,AEA,CE,Towers with Radar,0,26,17,0,43,0,26,56,0,82,0,52,73,0,125,37,0,37,162
01/29/2023,AGC,PA,AEA,CE,Towers with Radar,0,16,20,0,36,0,4,1,0,5,0,20,21,0,41,0,0,0,41
01/30/2023,AGC,PA,AEA,CE,Towers with Radar,0,7,23,0,30,0,0,0,0,0,0,7,23,0,30,0,0,0,30
01/31/2023,AGC,PA,AEA,CE,Towers with Radar,0,20,25,0,45,0,9,14,0,23,0,29,39,0,68,80,0,80,148
02/01/2023,AGC,PA,AEA,CE,Towers with Radar,0,32,35,0,67,0,21,65,3,89,0,53,100,3,156,174,0,174,330
02/02/2023,AGC,PA,AEA,CE,Towers with Radar,0,24,45,0,69,0,29,49,0,78,0,53,94,0,147,78,0,78,225
02/03/2023,AGC,PA,AEA,CE,Towers with Radar,0,23,18,0,41,0,8,6,0,14,0,31,24,0,55,0,0,0,55
02/04/2023,AGC,PA,AEA,CE,Towers with Radar,0,18,16,0,34,0,26,58,0,84,0,44,74,0,118,95,0,95,213
02/05/2023,AGC,PA,AEA,CE,Towers with Radar,0,24,16,0,40,0,31,11,0,42,0,55,27,0,82,0,0,0,82
02/06/2023,AGC,PA,AEA,CE,Towers with Radar,0,19,22,0,41,0,28,12,0,40,0,47,34,0,81,128,0,128,209
02/07/2023,AGC,PA,AEA,CE,Towers with Radar,0,22,27,0,49,0,17,21,1,39,0,39,48,1,88,19,0,19,107
02/08/2023,AGC,PA,AEA,CE,Towers with Radar,0,31,30,4,65,0,21,40,0,61,0,52,70,4,126,81,0,81,207
02/09/2023,AGC,PA,AEA,CE,Towers with Radar,0,28,12,0,40,0,30,19,0,49,0,58,31,0,89,24,0,24,113
02/10/2023,AGC,PA,AEA,CE,Towers with Radar,0,15,18,0,33,0,35,21,0,56,0,50,39,0,89,82,0,82,171
02/11/2023,AGC,PA,AEA,CE,Towers with Radar,0,17,21,0,38,0,27,71,0,98,0,44,92,0,136,73,0,73,209
02/12/2023,AGC,PA,AEA,CE,Towers with Radar,0,11,15,0,26,0,23,49,0,72,0,34,64,0,98,74,0,74,172
02/13/2023,AGC,PA,AEA,CE,Towers with Radar,0,21,20,0,41,0,16,20,0,36,0,37,40,0,77,73,0,73,150
02/14/2023,AGC,PA,AEA,CE,Towers with Radar,0,25,23,0,48,0,33,50,0,83,0,58,73,0,131,104,0,104,235
02/15/2023,AGC,PA,AEA,CE,Towers with Radar,0,34,12,1,47,0,25,13,1,39,0,59,25,2,86,4,0,4,90
02/16/2023,AGC,PA,AEA,CE,Towers with Radar,0,27,21,0,48,0,18,5,0,23,0,45,26,0,71,37,0,37,108
02/17/2023,AGC,PA,AEA,CE,Towers with Radar,0,25,18,0,43,0,13,6,0,19,0,38,24,0,62,37,0,37,99
02/18/2023,AGC,PA,AEA,CE,Towers with Radar,0,31,15,0,46,0,13,32,0,45,0,44,47,0,91,29,0,29,120
02/19/2023,AGC,PA,AEA,CE,Towers with Radar,0,20,17,0,37,0,29,21,0,50,0,49,38,0,87,19,0,19,106
02/20/2023,AGC,PA,AEA,CE,Towers with Radar,0,18,22,0,40,0,30,30,0,60,0,48,52,0,100,151,0,151,251
02/21/2023,AGC,PA,AEA,CE,Towers with Radar,0,33,25,0,58,0,22,9,0,31,0,55,34,0,89,4,0,4,93
02/22/2023,AGC,PA,AEA,CE,Towers with Radar,0,27,11,0,38,0,33,1,0,34,0,60,12,0,72,0,0,0,72
02/23/2023,AGC,PA,AEA,CE,Towers with Radar,0,26,28,0,54,0,20,23,0,43,0,46,51,0,97,71,0,71,168
02/24/2023,AGC,PA,AEA,CE,Towers with Radar,0,30,15,0,45,0,37,31,0,68,0,67,46,0,113,238,0,238,351
02/25/2023,AGC,PA,AEA,CE,Towers with Radar,0,22,32,0,54,0,36,40,0,76,0,58,72,0,130,138,0,138,268
02/26/2023,AGC,PA,AEA,CE,Towers with Radar,0,21,28,0,49,0,26,37,0,63,0,47,65,0,112,68,0,68,180
02/27/2023,AGC,PA,AEA,CE,Towers with Radar,0,15,12,0,27,0,12,11,0,23,0,27,23,0,50,40,0,40,90
02/28/2023,AGC,PA,AEA,CE,Towers with Radar,0,28,18,0,46,0,28,7,5,40,0,56,25,5,86,83,0,83,169
03/01/2023,AGC,PA,AEA,CE,Towers with Radar,0,23,33,0,56,0,33,42,4,79,0,56,75,4,135,16,0,16,151
03/02/2023,AGC,PA,AEA,CE,Towers with Radar,0,20,28,0,48,0,29,73,0,102,0,49,101,0,150,152,0,152,302
03/03/2023,AGC,PA,AEA,CE,Towers with Radar,0,36,12,0,48,0,13,11,0,24,0,49,23,0,72,50,0,50,122
03/04/2023,AGC,PA,AEA,CE,Towers with Radar,0,35,4,0,39,0,19,8,0,27,0,54,12,0,66,96,0,96,162
03/05/2023,AGC,PA,AEA,CE,Towers with Radar,0,23,29,0,52,0,34,64,0,98,0,57,93,0,150,71,0,71,221
03/06/2023,AGC,PA,AEA,CE,Towers with Radar,0,20,25,0,45,0,19,65,0,84,0,39,90,0,129,141,0,141,270
03/07/2023,AGC,PA,AEA,CE,Towers with Radar,0,33,20,0,53,0,35,25,0,60,0,68,45,0,113,4,0,4,117
03/08/2023,AGC,PA,AEA,CE,Towers with Radar,0,29,40,0,69,0,36,53,0,89,0,65,93,0,158,140,0,140,298
03/09/2023,AGC,PA,AEA,CE,Towers with Radar,0,39,34,0,73,0,34,64,0,98,0,73,98,0,171,147,0,147,318
03/10/2023,AGC,PA,AEA,CE,Towers with Radar,0,26,19,0,45,0,13,0,0,13,0,39,19,0,58,0,0,0,58
03/11/2023,AGC,PA,AEA,CE,Towers with Radar,0,28,8,0,36,0,13,6,0,19,0,41,14,0,55,13,0,13,68
03/12/2023,AGC,PA,AEA,CE,Towers with Radar,0,31,16,0,47,0,11,14,0,25,0,42,30,0,72,61,0,61,133
03/13/2023,AGC,PA,AEA,CE,Towers with Radar,0,7,9,0,16,0,2,8,0,10,0,9,17,0,26,0,0,0,26
03/14/2023,AGC,PA,AEA,CE,Towers with Radar,0,24,29,0,53,0,4,5,0,9,0,28,34,0,62,3,0,3,65
03/15/2023,AGC,PA,AEA,CE,Towers with Radar,0,33,40,0,73,0,45,44,4,93,0,78,84,4,166,130,12,142,308
03/16/2023,AGC,PA,AEA,CE,Towers with Radar,0,36,25,0,61,0,36,57,4,97,0,72,82,4,158,190,0,190,348
03/17/2023,AGC,PA,AEA,CE,Towers with Radar,0,27,13,0,40,0,17,7,0,24,0,44,20,0,64,44,0,44,108
03/18/2023,AGC,PA,AEA,CE,Towers with Radar,0,25,15,0,40,0,18,10,0,28,0,43,25,0,68,16,0,16,84
03/19/2023,AGC,PA,AEA,CE,Towers with Radar,0,13,18,0,31,0,23,20,0,43,0,36,38,0,74,81,0,81,155
03/20/2023,AGC,PA,AEA,CE,Towers with Radar,0,24,29,0,53,0,46,92,0,138,0,70,121,0,191,101,0,101,292
03/21/2023,AGC,PA,AEA,CE,Towers with Radar,0,31,26,4,61,0,44,64,1,109,0,75,90,5,170,228,0,228,398
03/22/2023,AGC,PA,AEA,CE,Towers with Radar,0,25,24,0,49,0,31,28,1,60,0,56,52,1,109,73,0,73,182
03/23/2023,AGC,PA,AEA,CE,Towers with Radar,0,33,14,0,47,0,0,0,0,0,0,33,14,0,47,0,0,0,47
03/24/2023,AGC,PA,AEA,CE,Towers with Radar,0,24,13,0,37,0,20,12,0,32,0,44,25,0,69,149,0,149,218
03/25/2023,AGC,PA,AEA,CE,Towers with Radar,0,27,4,0,31,0,9,0,0,9,0,36,4,0,40,0,0,0,40
03/26/2023,AGC,PA,AEA,CE,Towers with Radar,0,21,38,0,59,0,22,70,0,92,0,43,108,0,151,106,0,106,257
03/27/2023,AGC,PA,AEA,CE,Towers with Radar,0,10,23,0,33,0,19,27,0,46,0,29,50,0,79,125,0,125,204
03/28/2023,AGC,PA,AEA,CE,Towers with Radar,0,38,21,2,61,0,37,41,0,78,0,75,62,2,139,213,0,213,352
03/29/2023,AGC,PA,AEA,CE,Towers with Radar,0,30,25,0,55,0,34,27,0,61,0,64,52,0,116,98,0,98,214
03/30/2023,AGC,PA,AEA,CE,Towers with Radar,0,39,29,2,70,0,33,64,0,97,0,72,93,2,167,174,0,174,341
03/31/2023,AGC,PA,AEA,CE,Towers with Radar,0,32,26,0,58,0,18,2,0,20,0,50,28,0,78,16,0,16,94
04/01/2023,AGC,PA,AEA,CE,Towers with Radar,0,18,9,0,27,0,11,0,0,11,0,29,9,0,38,10,0,10,48
04/02/2023,AGC,PA,AEA,CE,Towers with Radar,0,27,26,0,53,0,31,34,0,65,0,58,60,0,118,111,0,111,229
04/03/2023,AGC,PA,AEA,CE,Towers with Radar,0,26,13,0,39,0,35,54,0,89,0,61,67,0,128,76,0,76,204
04/04/2023,AGC,PA,AEA,CE,Towers with Radar,0,27,31,0,58,0,39,38,0,77,0,66,69,0,135,182,0,182,317
04/05/2023,AGC,PA,AEA,CE,Towers with Radar,0,30,23,0,53,0,29,19,0,48,0,59,42,0,101,4,0,4,105
04/06/2023,AGC,PA,AEA,CE,Towers with Radar,0,25,28,0,53,0,26,13,0,39,0,51,41,0,92,111,0,111,203
04/07/2023,AGC,PA,AEA,CE,Towers with Radar,0,45,31,0,76,0,28,53,0,81,0,73,84,0,157,181,0,181,338
04/08/2023,AGC,PA,AEA,CE,Towers with Radar,0,21,24,0,45,0,37,63,0,100,0,58,87,0,145,291,0,291,436
04/09/2023,AGC,PA,AEA,CE,Towers with Radar,0,19,19,0,38,0,25,28,0,53,0,44,47,0,91,45,0,45,136
04/10/2023,AGC,PA,AEA,CE,Towers with Radar,0,13,32,0,45,0,44,88,0,132,0,57,120,0,177,100,0,100,277
04/11/2023,AGC,PA,AEA,CE,Towers with Radar,0,27,26,0,53,0,35,31,0,66,0,62,57,0,119,125,0,125,244
04/12/2023,AGC,PA,AEA,CE,Towers with Radar,0,24,38,0,62,0,29,35,0,64,0,53,73,0,126,75,0,75,201
04/13/2023,AGC,PA,AEA,CE,Towers with Radar,0,45,23,2,70,0,40,60,0,100,0,85,83,2,170,211,0,211,381
04/14/2023,AGC,PA,AEA,CE,Towers with Radar,0,29,22,0,51,0,30,88,0,118,0,59,110,0,169,167,0,167,336
04/15/2023,AGC,PA,AEA,CE,Towers with Radar,0,33,21,0,54,0,45,24,0,69,0,78,45,0,123,59,0,59,182
04/16/2023,AGC,PA,AEA,CE,Towers with Radar,0,16,25,0,41,0,12,27,0,39,0,28,52,0,80,78,0,78,158
04/17/2023,AGC,PA,AEA,CE,Towers with Radar,0,12,12,0,24,0,11,7,0,18,0,23,19,0,42,46,0,46,88
04/18/2023,AGC,PA,AEA,CE,Towers with Radar,0,17,26,0,43,0,28,19,0,47,0,45,45,0,90,62,0,62,152
04/19/2023,AGC,PA,AEA,CE,Towers with Radar,0,39,39,0,78,0,44,62,0,106,0,83,101,0,184,183,0,183,367
04/20/2023,AGC,PA,AEA,CE,Towers with Radar,0,33,40,1,74,0,46,40,0,86,0,79,80,1,160,79,0,79,239
04/21/2023,AGC,PA,AEA,CE,Towers with Radar,0,39,24,0,63,0,49,37,0,86,0,88,61,0,149,97,0,97,246
04/22/2023,AGC,PA,AEA,CE,Towers with Radar,0,22,6,0,28,0,6,7,0,13,0,28,13,0,41,43,0,43,84
04/23/2023,AGC,PA,AEA,CE,Towers with Radar,0,16,27,0,43,0,29,38,0,67,0,45,65,0,110,193,0,193,303
04/24/2023,AGC,PA,AEA,CE,Towers with Radar,0,17,33,0,50,0,34,20,0,54,0,51,53,0,104,97,0,97,201
04/25/2023,AGC,PA,AEA,CE,Towers with Radar,0,19,16,0,35,0,34,48,4,86,0,53,64,4,121,216,0,216,337
04/26/2023,AGC,PA,AEA,CE,Towers with Radar,0,24,34,0,58,0,77,37,0,114,0,101,71,0,172,166,0,166,338
04/27/2023,AGC,PA,AEA,CE,Towers with Radar,0,37,38,0,75,0,31,61,0,92,0,68,99,0,167,151,0,151,318
04/28/2023,AGC,PA,AEA,CE,Towers with Radar,0,40,8,0,48,0,9,3,0,12,0,49,11,0,60,0,0,0,60
04/29/2023,AGC,PA,AEA,CE,Towers with Radar,0,26,28,0,54,0,20,11,0,31,0,46,39,0,85,86,0,86,171
04/30/2023,AGC,PA,AEA,CE,Towers with Radar,0,23,28,0,51,0,26,6,0,32,0,49,34,0,83,17,0,17,100
05/01/2023,AGC,PA,AEA,CE,Towers with Radar,0,7,22,0,29,0,9,5,0,14,0,16,27,0,43,2,0,2,45
05/02/2023,AGC,PA,AEA,CE,Towers with Radar,0,16,13,0,29,0,6,4,0,10,0,22,17,0,39,8,0,8,47
05/03/2023,AGC,PA,AEA,CE,Towers with Radar,0,32,13,0,45,0,5,5,0,10,0,37,18,0,55,0,0,0,55
05/04/2023,AGC,PA,AEA,CE,Towers with Radar,0,35,30,0,65,0,33,19,0,52,0,68,49,0,117,73,0,73,190
05/05/2023,AGC,PA,AEA,CE,Towers with Radar,0,40,33,0,73,0,33,55,0,88,0,73,88,0,161,117,0,117,278
05/06/2023,AGC,PA,AEA,CE,Towers with Radar,0,26,20,0,46,0,39,52,3,94,0,65,72,3,140,127,0,127,267
05/07/2023,AGC,PA,AEA,CE,Towers with Radar,0,17,36,0,53,0,20,13,0,33,0,37,49,0,86,36,0,36,122
05/08/2023,AGC,PA,AEA,CE,Towers with Radar,0,25,30,0,55,0,24,33,0,57,0,49,63,0,112,113,0,113,225
05/09/2023,AGC,PA,AEA,CE,Towers with Radar,0,33,35,0,68,0,48,29,0,77,0,81,64,0,145,44,0,44,189
05/10/2023,AGC,PA,AEA,CE,Towers with Radar,0,27,46,0,73,0,58,38,1,97,0,85,84,1,170,87,0,87,257
05/11/2023,AGC,PA,AEA,CE,Towers with Radar,0,27,40,0,67,0,63,50,5,118,0,90,90,5,185,52,0,52,237
05/12/2023,AGC,PA,AEA,CE,Towers with Radar,0,22,29,0,51,0,42,59,0,101,0,64,88,0,152,216,0,216,368
05/13/2023,AGC,PA,AEA,CE,Towers with Radar,0,25,28,0,53,0,14,8,0,22,0,39,36,0,75,4,0,4,79
05/14/2023,AGC,PA,AEA,CE,Towers with Radar,0,31,23,0,54,0,53,55,0,108,0,84,78,0,162,67,0,67,229
05/15/2023,AGC,PA,AEA,CE,Towers with Radar,0,21,43,0,64,0,75,72,0,147,0,96,115,0,211,161,0,161,372
05/16/2023,AGC,PA,AEA,CE,Towers with Radar,0,24,26,0,50,0,62,43,0,105,0,86,69,0,155,99,0,99,254
05/17/2023,AGC,PA,AEA,CE,Towers with Radar,0,32,37,0,69,0,77,32,0,109,0,109,69,0,178,47,0,47,225
05/18/2023,AGC,PA,AEA,CE,Towers with Radar,0,22,17,0,39,0,66,72,0,138,0,88,89,0,177,133,0,133,310
05/19/2023,AGC,PA,AEA,CE,Towers with Radar,0,31,39,0,70,0,41,26,0,67,0,72,65,0,137,153,0,153,290
05/20/2023,AGC,PA,AEA,CE,Towers with Radar,0,37,13,0,50,0,30,1,0,31,0,67,14,0,81,41,0,41,122
05/21/2023,AGC,PA,AEA,CE,Towers with Radar,0,25,44,0,69,0,48,68,0,116,0,73,112,0,185,82,0,82,267
05/22/2023,AGC,PA,AEA,CE,Towers with Radar,0,25,32,6,63,0,37,43,0,80,0,62,75,6,143,219,8,227,370
05/23/2023,AGC,PA,AEA,CE,Towers with Radar,0,27,43,0,70,0,60,45,2,107,0,87,88,2,177,177,0,177,354
05/24/2023,AGC,PA,AEA,CE,Towers with Radar,0,39,38,2,79,0,94,53,3,150,0,133,91,5,229,109,0,109,338
05/25/2023,AGC,PA,AEA,CE,Towers with Radar,0,42,44,0,86,0,50,47,0,97,0,92,91,0,183,74,0,74,257
05/26/2023,AGC,PA,AEA,CE,Towers with Radar,0,20,26,0,46,0,32,55,0,87,0,52,81,0,133,121,0,121,254
05/27/2023,AGC,PA,AEA,CE,Towers with Radar,0,28,19,0,47,0,49,32,0,81,0,77,51,0,128,130,0,130,258
05/28/2023,AGC,PA,AEA,CE,Towers with Radar,0,9,15,0,24,0,104,31,0,135,0,113,46,0,159,153,0,153,312
05/29/2023,AGC,PA,AEA,CE,Towers with Radar,0,18,17,0,35,0,129,45,0,174,0,147,62,0,209,131,0,131,340
05/30/2023,AGC,PA,AEA,CE,Towers with Radar,0,23,11,1,35,0,58,39,0,97,0,81,50,1,132,69,0,69,201
05/31/2023,AGC,PA,AEA,CE,Towers with Radar,0,29,30,0,59,0,133,57,2,192,0,162,87,2,251,122,0,122,373
06/01/2023,AGC,PA,AEA,CE,Towers with Radar,0,33,27,0,60,0,73,63,0,136,0,106,90,0,196,180,0,180,376
06/02/2023,AGC,PA,AEA,CE,Towers with Radar,0,27,47,0,74,0,60,48,0,108,0,87,95,0,182,144,0,144,326
06/03/2023,AGC,PA,AEA,CE,Towers with Radar,0,32,16,0,48,0,51,30,3,84,0,83,46,3,132,112,0,112,244
06/04/2023,AGC,PA,AEA,CE,Towers with Radar,0,25,32,0,57,0,24,23,0,47,0,49,55,0,104,73,0,73,177
06/05/2023,AGC,PA,AEA,CE,Towers with Radar,0,15,25,0,40,0,56,58,0,114,0,71,83,0,154,79,0,79,233
06/06/2023,AGC,PA,AEA,CE,Towers with Radar,0,30,34,0,64,0,112,34,0,146,0,142,68,0,210,60,0,60,270
06/07/2023,AGC,PA,AEA,CE,Towers with Radar,0,30,42,0,72,0,65,38,0,103,0,95,80,0,175,182,0,182,357
06/08/2023,AGC,PA,AEA,CE,Towers with Radar,0,34,46,0,80,0,89,49,0,138,0,123,95,0,218,98,0,98,316
06/09/2023,AGC,PA,AEA,CE,Towers with Radar,0,27,24,0,51,0,21,48,0,69,0,48,72,0,120,156,0,156,276
06/10/2023,AGC,PA,AEA,CE,Towers with Radar,0,21,26,0,47,0,43,53,0,96,0,64,79,0,143,108,0,108,251
06/11/2023,AGC,PA,AEA,CE,Towers with Radar,0,25,27,0,52,0,33,35,1,69,0,58,62,1,121,78,0,78,199
06/12/2023,AGC,PA,AEA,CE,Towers with Radar,0,16,22,0,38,0,16,1,0,17,0,32,23,0,55,0,0,0,55
06/13/2023,AGC,PA,AEA,CE,Towers with Radar,0,29,31,0,60,0,65,32,0,97,0,94,63,0,157,4,0,4,161
06/14/2023,AGC,PA,AEA,CE,Towers with Radar,0,26,54,0,80,0,21,10,0,31,0,47,64,0,111,62,0,62,173
06/15/2023,AGC,PA,AEA,CE,Towers with Radar,0,25,42,0,67,0,52,77,0,129,0,77,119,0,196,183,0,183,379
06/16/2023,AGC,PA,AEA,CE,Towers with Radar,0,34,25,0,59,0,14,4,0,18,0,48,29,0,77,50,0,50,127
06/17/2023,AGC,PA,AEA,CE,Towers with Radar,0,38,38,0,76,0,26,34,0,60,0,64,72,0,136,64,0,64,200
06/18/2023,AGC,PA,AEA,CE,Towers with Radar,0,29,39,1,69,0,66,53,0,119,0,95,92,1,188,96,0,96,284
06/19/2023,AGC,PA,AEA,CE,Towers with Radar,0,14,19,0,33,0,67,66,0,133,0,81,85,0,166,183,0,183,349
06/20/2023,AGC,PA,AEA,CE,Towers with Radar,0,23,26,0,49,0,81,59,0,140,0,104,85,0,189,192,0,192,381
06/21/2023,AGC,PA,AEA,CE,Towers with Radar,0,28,30,0,58,0,50,41,0,91,0,78,71,0,149,42,0,42,191
06/22/2023,AGC,PA,AEA,CE,Towers with Radar,0,33,30,0,63,0,16,26,0,42,0,49,56,0,105,105,0,105,210
06/23/2023,AGC,PA,AEA,CE,Towers with Radar,0,38,29,0,67,0,17,21,0,38,0,55,50,0,105,24,0,24,129
06/24/2023,AGC,PA,AEA,CE,Towers with Radar,0,28,6,0,34,0,16,8,0,24,0,44,14,0,58,10,0,10,68
06/25/2023,AGC,PA,AEA,CE,Towers with Radar,0,14,33,0,47,0,35,29,0,64,0,49,62,0,111,135,0,135,246
06/26/2023,AGC,PA,AEA,CE,Towers with Radar,0,23,24,0,47,0,35,20,0,55,0,58,44,0,102,18,0,18,120
06/27/2023,AGC,PA,AEA,CE,Towers with Radar,0,17,34,2,53,0,8,2,0,10,0,25,36,2,63,0,0,0,63
06/28/2023,AGC,PA,AEA,CE,Towers with Radar,0,32,33,2,67,0,4,7,0,11,0,36,40,2,78,57,0,57,135
06/29/2023,AGC,PA,AEA,CE,Towers with Radar,0,22,51,0,73,0,1,1,0,2,0,23,52,0,75,0,0,0,75
06/30/2023,AGC,PA,AEA,CE,Towers with Radar,0,39,31,0,70,0,23,81,0,104,0,62,112,0,174,170,0,170,344
07/01/2023,AGC,PA,AEA,CE,Towers with Radar,0,31,18,0,49,0,9,57,0,66,0,40,75,0,115,0,0,0,115
07/02/2023,AGC,PA,AEA,CE,Towers with Radar,0,20,11,0,31,0,16,3,0,19,0,36,14,0,50,34,0,34,84
07/03/2023,AGC,PA,AEA,CE,Towers with Radar,0,24,23,0,47,0,12,7,0,19,0,36,30,0,66,35,0,35,101
07/04/2023,AGC,PA,AEA,CE,Towers with Radar,0,24,18,0,42,0,27,32,0,59,0,51,50,0,101,78,0,78,179
07/05/2023,AGC,PA,AEA,CE,Towers with Radar,0,14,30,0,44,0,25,52,1,78,0,39,82,1,122,108,0,108,230
07/06/2023,AGC,PA,AEA,CE,Towers with Radar,0,19,22,0,41,0,37,43,0,80,0,56,65,0,121,133,0,133,254
07/07/2023,AGC,PA,AEA,CE,Towers with Radar,0,28,31,0,59,0,35,27,0,62,0,63,58,0,121,69,0,69,190
07/08/2023,AGC,PA,AEA,CE,Towers with Radar,0,23,30,0,53,0,30,57,0,87,0,53,87,0,140,127,0,127,267
07/09/2023,AGC,PA,AEA,CE,Towers with Radar,0,11,24,0,35,0,12,2,0,14,0,23,26,0,49,34,0,34,83
07/10/2023,AGC,PA,AEA,CE,Towers with Radar,0,14,37,0,51,0,19,42,0,61,0,33,79,0,112,93,0,93,205
07/11/2023,AGC,PA,AEA,CE,Towers with Radar,0,29,43,0,72,0,28,57,0,85,0,57,100,0,157,124,0,124,281
07/12/2023,AGC,PA,AEA,CE,Towers with Radar,0,36,30,0,66,0,29,43,0,72,0,65,73,0,138,68,0,68,206
07/13/2023,AGC,PA,AEA,CE,Towers with Radar,0,35,42,0,77,0,31,44,0,75,0,66,86,0,152,99,0,99,251
07/14/2023,AGC,PA,AEA,CE,Towers with Radar,0,36,36,0,72,0,29,34,0,63,0,65,70,0,135,124,0,124,259
07/15/2023,AGC,PA,AEA,CE,Towers with Radar,0,25,20,0,45,0,28,32,0,60,0,53,52,0,105,103,0,103,208
07/16/2023,AGC,PA,AEA,CE,Towers with Radar,0,24,33,0,57,0,12,31,0,43,0,36,64,0,100,75,0,75,175
07/17/2023,AGC,PA,AEA,CE,Towers with Radar,0,21,22,0,43,0,21,15,0,36,0,42,37,0,79,54,0,54,133
07/18/2023,AGC,PA,AEA,CE,Towers with Radar,0,28,28,0,56,0,17,16,0,33,0,45,44,0,89,18,0,18,107
07/19/2023,AGC,PA,AEA,CE,Towers with Radar,0,26,35,1,62,0,25,25,0,50,0,51,60,1,112,20,0,20,132
07/20/2023,AGC,PA,AEA,CE,Towers with Radar,0,48,28,1,77,0,19,22,1,42,0,67,50,2,119,135,0,135,254
07/21/2023,AGC,PA,AEA,CE,Towers with Radar,0,25,38,0,63,0,30,29,0,59,0,55,67,0,122,107,0,107,229
07/22/2023,AGC,PA,AEA,CE,Towers with Radar,0,43,29,0,72,0,24,41,0,65,0,67,70,0,137,149,0,149,286
07/23/2023,AGC,PA,AEA,CE,Towers with Radar,0,24,46,0,70,0,13,69,0,82,0,37,115,0,152,158,0,158,310
07/24/2023,AGC,PA,AEA,CE,Towers with Radar,0,8,21,0,29,0,36,73,0,109,0,44,94,0,138,91,0,91,229
07/25/2023,AGC,PA,AEA,CE,Towers with Radar,0,32,25,2,59,0,19,57,0,76,0,51,82,2,135,141,0,141,276
07/26/2023,AGC,PA,AEA,CE,Towers with Radar,0,36,26,0,62,0,27,47,0,74,0,63,73,0,136,96,0,96,232
07/27/2023,AGC,PA,AEA,CE,Towers with Radar,0,27,23,0,50,0,33,16,0,49,0,60,39,0,99,43,2,45,144
07/28/2023,AGC,PA,AEA,CE,Towers with Radar,0,32,34,0,66,0,27,14,0,41,0,59,48,0,107,124,0,124,231
07/29/2023,AGC,PA,AEA,CE,Towers with Radar,0,32,22,0,54,0,20,6,0,26,0,52,28,0,80,18,0,18,98
07/30/2023,AGC,PA,AEA,CE,Towers with Radar,0,18,48,0,66,0,8,35,0,43,0,26,83,0,109,43,0,43,152
07/31/2023,AGC,PA,AEA,CE,Towers with Radar,0,8,25,0,33,0,30,88,0,118,0,38,113,0,151,203,0,203,354
08/01/2023,AGC,PA,AEA,CE,Towers with Radar,0,26,25,0,51,0,41,61,0,102,0,67,86,0,153,226,0,226,379
08/02/2023,AGC,PA,AEA,CE,Towers with Radar,0,29,43,0,72,0,31,42,0,73,0,60,85,0,145,187,0,187,332
08/03/2023,AGC,PA,AEA,CE,Towers with Radar,0,22,27,0,49,0,40,56,2,98,0,62,83,2,147,166,0,166,313
08/04/2023,AGC,PA,AEA,CE,Towers with Radar,0,31,23,0,54,0,38,75,0,113,0,69,98,0,167,102,0,102,269
08/05/2023,AGC,PA,AEA,CE,Towers with Radar,0,24,31,0,55,0,49,51,0,100,0,73,82,0,155,81,0,81,236
08/06/2023,AGC,PA,AEA,CE,Towers with Radar,0,29,36,0,65,0,27,42,2,71,0,56,78,2,136,43,0,43,179
08/07/2023,AGC,PA,AEA,CE,Towers with Radar,0,8,32,0,40,0,11,11,0,22,0,19,43,0,62,4,0,4,66
08/08/2023,AGC,PA,AEA,CE,Towers with Radar,0,29,39,0,68,0,28,57,0,85,0,57,96,0,153,71,0,71,224
08/09/2023,AGC,PA,AEA,CE,Towers with Radar,0,28,59,0,87,0,33,56,0,89,0,61,115,0,176,64,0,64,240
08/10/2023,AGC,PA,AEA,CE,Towers with Radar,0,22,34,0,56,0,16,24,0,40,0,38,58,0,96,96,0,96,192
08/11/2023,AGC,PA,AEA,CE,Towers with Radar,0,30,37,0,67,0,20,86,0,106,0,50,123,0,173,164,0,164,337
08/12/2023,AGC,PA,AEA,CE,Towers with Radar,0,30,27,0,57,0,12,30,0,42,0,42,57,0,99,100,0,100,199
08/13/2023,AGC,PA,AEA,CE,Towers with Radar,0,25,34,0,59,0,41,36,0,77,0,66,70,0,136,113,0,113,249
08/14/2023,AGC,PA,AEA,CE,Towers with Radar,0,26,20,0,46,0,11,23,0,34,0,37,43,0,80,92,0,92,172
08/15/2023,AGC,PA,AEA,CE,Towers with Radar,0,24,25,0,49,0,15,26,0,41,0,39,51,0,90,56,0,56,146
08/16/2023,AGC,PA,AEA,CE,Towers with Radar,0,28,34,0,62,0,27,26,0,53,0,55,60,0,115,164,0,164,279
08/17/2023,AGC,PA,AEA,CE,Towers with Radar,0,33,28,0,61,0,30,40,0,70,0,63,68,0,131,123,0,123,254
08/18/2023,AGC,PA,AEA,CE,Towers with Radar,0,22,34,0,56,0,22,23,0,45,0,44,57,0,101,33,0,33,134
08/19/2023,AGC,PA,AEA,CE,Towers with Radar,0,24,34,0,58,0,35,48,0,83,0,59,82,0,141,115,0,115,256
08/20/2023,AGC,PA,AEA,CE,Towers with Radar,0,18,34,0,52,0,22,47,0,69,0,40,81,0,121,143,0,143,264
08/21/2023,AGC,PA,AEA,CE,Towers with Radar,0,19,23,0,42,0,18,27,0,45,0,37,50,0,87,182,0,182,269
08/22/2023,AGC,PA,AEA,CE,Towers with Radar,0,29,30,0,59,0,37,57,4,98,0,66,87,4,157,145,0,145,302
08/23/2023,AGC,PA,AEA,CE,Towers with Radar,0,25,30,0,55,0,44,20,0,64,0,69,50,0,119,81,0,81,200
08/24/2023,AGC,PA,AEA,CE,Towers with Radar,0,24,20,0,44,0,39,22,0,61,0,63,42,0,105,83,0,83,188
08/25/2023,AGC,PA,AEA,CE,Towers with Radar,0,31,23,0,54,0,11,16,2,29,0,42,39,2,83,117,0,117,200
08/26/2023,AGC,PA,AEA,CE,Towers with Radar,0,25,34,0,59,0,15,52,0,67,0,40,86,0,126,157,0,157,283
08/27/2023,AGC,PA,AEA,CE,Towers with Radar,0,9,34,0,43,0,31,27,0,58,0,40,61,0,101,126,0,126,227
08/28/2023,AGC,PA,AEA,CE,Towers with Radar,0,19,29,0,48,0,33,39,0,72,0,52,68,0,120,188,0,188,308
08/29/2023,AGC,PA,AEA,CE,Towers with Radar,0,46,20,0,66,0,31,13,0,44,0,77,33,0,110,88,0,88,198
08/30/2023,AGC,PA,AEA,CE,Towers with Radar,0,28,42,0,70,0,38,23,1,62,0,66,65,1,132,50,0,50,182
08/31/2023,AGC,PA,AEA,CE,Towers with Radar,0,62,39,0,101,0,55,54,1,110,0,117,93,1,211,207,0,207,418
01/01/2020,AGC,PA,AEA,CE,Towers with Radar,0,14,11,0,25,0,31,16,0,47,0,45,27,0,72,0,0,0,72
01/02/2020,AGC,PA,AEA,CE,Towers with Radar,0,10,10,0,20,0,36,16,0,52,0,46,26,0,72,12,0,12,84
01/03/2020,AGC,PA,AEA,CE,Towers with Radar,0,18,7,0,25,0,0,0,0,0,0,18,7,0,25,0,0,0,25
01/04/2020,AGC,PA,AEA,CE,Towers with Radar,0,19,11,0,30,0,1,0,0,1,0,20,11,0,31,0,0,0,31
01/05/2020,AGC,PA,AEA,CE,Towers with Radar,0,7,29,0,36,0,32,8,0,40,0,39,37,0,76,12,0,12,88
01/06/2020,AGC,PA,AEA,CE,Towers with Radar,0,19,15,0,34,0,65,19,0,84,0,84,34,0,118,12,0,12,130
01/07/2020,AGC,PA,AEA,CE,Towers with Radar,0,19,15,0,34,0,61,39,0,100,0,80,54,0,134,60,0,60,194
01/08/2020,AGC,PA,AEA,CE,Towers with Radar,0,22,20,0,42,0,31,13,0,44,0,53,33,0,86,4,0,4,90
01/09/2020,AGC,PA,AEA,CE,Towers with Radar,0,20,31,0,51,0,36,56,0,92,0,56,87,0,143,26,0,26,169
01/10/2020,AGC,PA,AEA,CE,Towers with Radar,0,18,12,0,30,0,30,30,0,60,0,48,42,0,90,48,0,48,138
01/11/2020,AGC,PA,AEA,CE,Towers with Radar,0,11,15,0,26,0,23,13,0,36,0,34,28,0,62,8,0,8,70
01/12/2020,AGC,PA,AEA,CE,Towers with Radar,0,20,38,0,58,0,24,14,0,38,0,44,52,0,96,22,0,22,118
01/13/2020,AGC,PA,AEA,CE,Towers with Radar,0,13,24,0,37,0,51,53,0,104,0,64,77,0,141,74,0,74,215
01/14/2020,AGC,PA,AEA,CE,Towers with Radar,0,29,29,0,58,0,24,5,0,29,0,53,34,0,87,4,0,4,91
01/15/2020,AGC,PA,AEA,CE,Towers with Radar,0,23,30,0,53,0,19,27,0,46,0,42,57,0,99,34,0,34,133
01/16/2020,AGC,PA,AEA,CE,Towers with Radar,0,20,28,1,49,0,42,10,0,52,0,62,38,1,101,6,0,6,107
01/17/2020,AGC,PA,AEA,CE,Towers with Radar,0,34,43,1,78,0,54,36,0,90,0,88,79,1,168,32,0,32,200
01/18/2020,AGC,PA,AEA,CE,Towers with Radar,0,13,12,0,25,0,0,0,0,0,0,13,12,0,25,0,0,0,25
01/19/2020,AGC,PA,AEA,CE,Towers with Radar,0,13,15,0,28,0,6,0,0,6,0,19,15,0,34,0,0,0,34
01/20/2020,AGC,PA,AEA,CE,Towers with Radar,0,19,28,0,47,0,34,44,1,79,0,53,72,1,126,52,0,52,178
01/21/2020,AGC,PA,AEA,CE,Towers with Radar,0,25,42,0,67,0,34,40,0,74,0,59,82,0,141,36,0,36,177
01/22/2020,AGC,PA,AEA,CE,Towers with Radar,0,19,31,2,52,0,65,55,0,120,0,84,86,2,172,20,0,20,192
01/23/2020,AGC,PA,AEA,CE,Towers with Radar,0,36,71,2,109,0,33,32,0,65,0,69,103,2,174,54,0,54,228
01/24/2020,AGC,PA,AEA,CE,Towers with Radar,0,18,26,0,44,0,39,20,0,59,0,57,46,0,103,24,0,24,127
01/25/2020,AGC,PA,AEA,CE,Towers with Radar,0,18,6,0,24,0,6,2,0,8,0,24,8,0,32,0,0,0,32
01/26/2020,AGC,PA,AEA,CE,Towers with Radar,0,15,20,0,35,1,2,10,0,13,1,17,30,0,48,2,0,2,50
01/27/2020,AGC,PA,AEA,CE,Towers with Radar,0,11,20,0,31,0,8,0,0,8,0,19,20,0,39,0,0,0,39
01/28/2020,AGC,PA,AEA,CE,Towers with Radar,0,14,13,0,27,0,4,0,0,4,0,18,13,0,31,0,0,0,31
01/29/2020,AGC,PA,AEA,CE,Towers with Radar,0,26,34,0,60,0,27,38,0,65,0,53,72,0,125,30,0,30,155
01/30/2020,AGC,PA,AEA,CE,Towers with Radar,0,26,37,0,63,0,48,17,0,65,0,74,54,0,128,16,4,20,148
01/31/2020,AGC,PA,AEA,CE,Towers with Radar,0,18,28,0,46,0,17,28,0,45,0,35,56,0,91,44,0,44,135
02/01/2020,AGC,PA,AEA,CE,Towers with Radar,0,15,10,0,25,0,5,0,0,5,0,20,10,0,30,0,0,0,30
02/02/2020,AGC,PA,AEA,CE,Towers with Radar,0,10,17,0,27,0,6,10,0,16,0,16,27,0,43,0,0,0,43
02/03/2020,AGC,PA,AEA,CE,Towers with Radar,0,19,34,0,53,0,40,41,0,81,0,59,75,0,134,52,0,52,186
02/04/2020,AGC,PA,AEA,CE,Towers with Radar,0,14,30,0,44,0,22,5,0,27,0,36,35,0,71,2,0,2,73
02/05/2020,AGC,PA,AEA,CE,Towers with Radar,0,18,31,0,49,0,33,35,0,68,0,51,66,0,117,42,0,42,159
02/06/2020,AGC,PA,AEA,CE,Towers with Radar,0,24,34,0,58,0,0,0,0,0,0,24,34,0,58,0,0,0,58
02/07/2020,AGC,PA,AEA,CE,Towers with Radar,0,12,21,0,33,0,0,1,0,1,0,12,22,0,34,0,0,0,34
02/08/2020,AGC,PA,AEA,CE,Towers with Radar,0,23,16,0,39,0,19,16,0,35,0,42,32,0,74,34,0,34,108
02/09/2020,AGC,PA,AEA,CE,Towers with Radar,0,7,11,0,18,0,21,33,0,54,0,28,44,0,72,76,0,76,148
02/10/2020,AGC,PA,AEA,CE,Towers with Radar,0,15,49,0,64,0,0,2,0,2,0,15,51,0,66,0,0,0,66
02/11/2020,AGC,PA,AEA,CE,Towers with Radar,0,21,20,0,41,0,7,3,0,10,0,28,23,0,51,16,0,16,67
02/12/2020,AGC,PA,AEA,CE,Towers with Radar,0,24,34,0,58,0,39,37,0,76,0,63,71,0,134,64,0,64,198
02/13/2020,AGC,PA,AEA,CE,Towers with Radar,0,23,32,0,55,0,11,2,0,13,0,34,34,0,68,0,0,0,68
02/14/2020,AGC,PA,AEA,CE,Towers with Radar,0,22,27,0,49,0,42,42,0,84,0,64,69,0,133,0,0,0,133
02/15/2020,AGC,PA,AEA,CE,Towers with Radar,0,25,23,0,48,0,41,49,0,90,0,66,72,0,138,42,0,42,180
02/16/2020,AGC,PA,AEA,CE,Towers with Radar,0,10,12,0,22,0,20,46,0,66,0,30,58,0,88,74,0,74,162
02/17/2020,AGC,PA,AEA,CE,Towers with Radar,0,16,31,0,47,0,25,57,0,82,0,41,88,0,129,58,0,58,187
02/18/2020,AGC,PA,AEA,CE,Towers with Radar,0,21,28,0,49,0,35,0,0,35,0,56,28,0,84,0,0,0,84
02/19/2020,AGC,PA,AEA,CE,Towers with Radar,0,26,38,0,64,0,41,39,0,80,0,67,77,0,144,32,0,32,176
02/20/2020,AGC,PA,AEA,CE,Towers with Radar,0,21,20,0,41,0,55,57,0,112,0,76,77,0,153,74,0,74,227
02/21/2020,AGC,PA,AEA,CE,Towers with Radar,0,21,30,0,51,0,51,73,1,125,0,72,103,1,176,88,0,88,264
02/22/2020,AGC,PA,AEA,CE,Towers with Radar,0,12,30,0,42,0,30,67,0,97,0,42,97,0,139,88,0,88,227
02/23/2020,AGC,PA,AEA,CE,Towers with Radar,0,11,31,0,42,0,34,59,0,93,0,45,90,0,135,72,0,72,207
02/24/2020,AGC,PA,AEA,CE,Towers with Radar,0,19,34,0,53,0,32,45,0,77,0,51,79,0,130,100,0,100,230
02/25/2020,AGC,PA,AEA,CE,Towers with Radar,0,8,26,0,34,0,20,10,0,30,0,28,36,0,64,0,0,0,64
02/26/2020,AGC,PA,AEA,CE,Towers with Radar,0,21,27,0,48,0,8,0,0,8,0,29,27,0,56,2,0,2,58
02/27/2020,AGC,PA,AEA,CE,Towers with Radar,0,25,31,0,56,0,9,7,0,16,0,34,38,0,72,0,0,0,72
02/28/2020,AGC,PA,AEA,CE,Towers with Radar,0,21,22,0,43,0,21,15,0,36,0,42,37,0,79,2,0,2,81
02/29/2020,AGC,PA,AEA,CE,Towers with Radar,0,27,14,0,41,0,19,14,0,33,0,46,28,0,74,0,0,0,74
03/01/2020,AGC,PA,AEA,CE,Towers with Radar,0,18,47,0,65,0,36,71,1,108,0,54,118,1,173,140,0,140,313
03/02/2020,AGC,PA,AEA,CE,Towers with Radar,0,17,25,0,42,0,14,6,0,20,0,31,31,0,62,0,4,4,66
03/03/2020,AGC,PA,AEA,CE,Towers with Radar,0,26,24,0,50,0,4,2,0,6,0,30,26,0,56,0,0,0,56
03/04/2020,AGC,PA,AEA,CE,Towers with Radar,0,16,25,0,41,0,44,37,0,81,0,60,62,0,122,18,0,18,140
03/05/2020,AGC,PA,AEA,CE,Towers with Radar,0,24,56,0,80,0,61,80,0,141,0,85,136,0,221,36,0,36,257
03/06/2020,AGC,PA,AEA,CE,Towers with Radar,0,24,19,0,43,0,18,7,0,25,0,42,26,0,68,0,0,0,68
03/07/2020,AGC,PA,AEA,CE,Towers with Radar,0,17,38,0,55,0,37,56,0,93,0,54,94,0,148,100,0,100,248
03/08/2020,AGC,PA,AEA,CE,Towers with Radar,0,9,29,0,38,0,37,65,0,102,0,46,94,0,140,46,0,46,186
03/09/2020,AGC,PA,AEA,CE,Towers with Radar,0,15,31,0,46,0,42,42,0,84,0,57,73,0,130,39,0,39,169
03/10/2020,AGC,PA,AEA,CE,Towers with Radar,0,34,19,0,53,0,49,6,0,55,0,83,25,0,108,0,0,0,108
03/11/2020,AGC,PA,AEA,CE,Towers with Radar,0,31,28,0,59,0,12,5,0,17,0,43,33,0,76,4,0,4,80
03/12/2020,AGC,PA,AEA,CE,Towers with Radar,0,31,37,0,68,0,34,54,0,88,0,65,91,0,156,80,0,80,236
03/13/2020,AGC,PA,AEA,CE,Towers with Radar,0,19,25,2,46,0,31,18,0,49,0,50,43,2,95,0,0,0,95
03/14/2020,AGC,PA,AEA,CE,Towers with Radar,0,18,36,0,54,0,14,55,0,69,0,32,91,0,123,92,0,92,215
03/15/2020,AGC,PA,AEA,CE,Towers with Radar,0,15,22,0,37,0,19,47,0,66,0,34,69,0,103,78,0,78,181
03/16/2020,AGC,PA,AEA,CE,Towers with Radar,0,14,16,0,30,0,34,50,0,84,0,48,66,0,114,82,0,82,196
03/17/2020,AGC,PA,AEA,CE,Towers with Radar,0,13,15,0,28,0,31,3,0,34,0,44,18,0,62,0,0,0,62
03/18/2020,AGC,PA,AEA,CE,Towers with Radar,0,11,23,0,34,0,19,53,0,72,0,30,76,0,106,20,0,20,126
03/19/2020,AGC,PA,AEA,CE,Towers with Radar,0,26,31,0,57,0,26,2,0,28,0,52,33,0,85,14,0,14,99
03/20/2020,AGC,PA,AEA,CE,Towers with Radar,0,11,13,0,24,0,12,12,0,24,0,23,25,0,48,4,0,4,52
03/21/2020,AGC,PA,AEA,CE,Towers with Radar,0,12,13,0,25,0,38,28,0,66,0,50,41,0,91,42,0,42,133
03/22/2020,AGC,PA,AEA,CE,Towers with Radar,0,17,22,0,39,0,30,65,0,95,0,47,87,0,134,62,0,62,196
03/23/2020,AGC,PA,AEA,CE,Towers with Radar,0,4,12,0,16,0,1,2,0,3,0,5,14,0,19,0,0,0,19
03/24/2020,AGC,PA,AEA,CE,Towers with Radar,0,13,11,0,24,0,28,10,0,38,0,41,21,0,62,34,0,34,96
03/25/2020,AGC,PA,AEA,CE,Towers with Radar,0,13,9,0,22,0,14,15,0,29,0,27,24,0,51,16,0,16,67
03/26/2020,AGC,PA,AEA,CE,Towers with Radar,0,13,29,0,42,0,52,51,0,103,0,65,80,0,145,26,0,26,171
03/27/2020,AGC,PA,AEA,CE,Towers with Radar,0,11,8,0,19,0,21,15,0,36,0,32,23,0,55,0,0,0,55
03/28/2020,AGC,PA,AEA,CE,Towers with Radar,0,11,9,0,20,0,5,4,0,9,0,16,13,0,29,0,0,0,29
03/29/2020,AGC,PA,AEA,CE,Towers with Radar,0,1,5,0,6,0,11,9,0,20,0,12,14,0,26,4,0,4,30
03/30/2020,AGC,PA,AEA,CE,Towers with Radar,0,4,4,0,8,0,26,6,0,32,0,30,10,0,40,0,0,0,40
03/31/2020,AGC,PA,AEA,CE,Towers with Radar,0,9,10,0,19,0,30,22,0,52,0,39,32,0,71,52,4,56,127
04/01/2020,AGC,PA,AEA,CE,Towers with Radar,0,13,4,0,17,0,12,21,0,33,0,25,25,0,50,20,0,20,70
04/02/2020,AGC,PA,AEA,CE,Towers with Radar,0,10,26,0,36,0,25,26,0,51,0,35,52,0,87,16,0,16,103
04/03/2020,AGC,PA,AEA,CE,Towers with Radar,0,16,17,0,33,0,29,33,0,62,0,45,50,0,95,6,0,6,101
04/04/2020,AGC,PA,AEA,CE,Towers with Radar,0,15,23,0,38,0,30,56,0,86,0,45,79,0,124,86,0,86,210
04/05/2020,AGC,PA,AEA,CE,Towers with Radar,0,4,13,0,17,0,34,56,0,90,0,38,69,0,107,42,0,42,149
04/06/2020,AGC,PA,AEA,CE,Towers with Radar,0,6,10,0,16,0,19,53,0,72,0,25,63,0,88,56,0,56,144
04/07/2020,AGC,PA,AEA,CE,Towers with Radar,0,8,4,0,12,0,16,1,0,17,0,24,5,0,29,4,0,4,33
04/08/2020,AGC,PA,AEA,CE,Towers with Radar,0,9,24,0,33,0,28,44,0,72,0,37,68,0,105,66,0,66,171
04/09/2020,AGC,PA,AEA,CE,Towers with Radar,0,7,9,0,16,0,24,2,0,26,0,31,11,0,42,0,0,0,42
04/10/2020,AGC,PA,AEA,CE,Towers with Radar,0,11,4,0,15,0,22,3,0,25,0,33,7,0,40,4,0,4,44
04/11/2020,AGC,PA,AEA,CE,Towers with Radar,0,14,10,0,24,0,24,56,0,80,0,38,66,0,104,36,0,36,140
04/12/2020,AGC,PA,AEA,CE,Towers with Radar,0,3,11,0,14,0,10,18,0,28,0,13,29,0,42,28,0,28,70
04/13/2020,AGC,PA,AEA,CE,Towers with Radar,0,4,4,0,8,0,17,2,0,19,0,21,6,0,27,0,0,0,27
04/14/2020,AGC,PA,AEA,CE,Towers with Radar,0,12,8,0,20,0,25,46,0,71,0,37,54,0,91,64,0,64,155
04/15/2020,AGC,PA,AEA,CE,Towers with Radar,0,17,11,0,28,0,23,58,1,82,0,40,69,1,110,66,0,66,176
04/16/2020,AGC,PA,AEA,CE,Towers with Radar,0,19,24,1,44,0,22,34,1,57,0,41,58,2,101,2,0,2,103
04/17/2020,AGC,PA,AEA,CE,Towers with Radar,0,6,9,0,15,0,11,14,0,25,0,17,23,0,40,42,0,42,82
04/18/2020,AGC,PA,AEA,CE,Towers with Radar,0,16,13,0,29,0,15,17,0,32,0,31,30,0,61,20,0,20,81
04/19/2020,AGC,PA,AEA,CE,Towers with Radar,0,8,13,0,21,0,12,30,0,42,0,20,43,0,63,52,0,52,115
04/20/2020,AGC,PA,AEA,CE,Towers with Radar,0,14,19,0,33,0,48,50,0,98,0,62,69,0,131,46,0,46,177
04/21/2020,AGC,PA,AEA,CE,Towers with Radar,0,8,5,0,13,0,8,2,0,10,0,16,7,0,23,20,0,20,43
04/22/2020,AGC,PA,AEA,CE,Towers with Radar,0,34,24,0,58,0,27,44,0,71,0,61,68,0,129,24,0,24,153
04/23/2020,AGC,PA,AEA,CE,Towers with Radar,0,15,17,0,32,0,15,20,0,35,0,30,37,0,67,28,0,28,95
04/24/2020,AGC,PA,AEA,CE,Towers with Radar,0,11,19,0,30,0,11,3,0,14,0,22,22,0,44,2,0,2,46
04/25/2020,AGC,PA,AEA,CE,Towers with Radar,0,13,18,0,31,0,17,47,0,64,0,30,65,0,95,76,0,76,171
04/26/2020,AGC,PA,AEA,CE,Towers with Radar,0,2,17,0,19,0,1,0,0,1,0,3,17,0,20,0,0,0,20
04/27/2020,AGC,PA,AEA,CE,Towers with Radar,0,8,10,0,18,0,23,29,0,52,0,31,39,0,70,26,0,26,96
04/28/2020,AGC,PA,AEA,CE,Towers with Radar,0,10,17,0,27,0,31,23,0,54,0,41,40,0,81,58,0,58,139
04/29/2020,AGC,PA,AEA,CE,Towers with Radar,0,11,14,4,29,0,36,17,1,54,0,47,31,5,83,8,0,8,91
04/30/2020,AGC,PA,AEA,CE,Towers with Radar,0,16,13,0,29,0,6,0,0,6,0,22,13,0,35,0,0,0,35
05/01/2020,AGC,PA,AEA,CE,Towers with Radar,0,14,38,0,52,0,38,19,0,57,0,52,57,0,109,24,0,24,133
05/02/2020,AGC,PA,AEA,CE,Towers with Radar,0,26,33,0,59,0,34,67,0,101,0,60,100,0,160,38,0,38,198
05/03/2020,AGC,PA,AEA,CE,Towers with Radar,0,12,28,0,40,0,23,48,0,71,0,35,76,0,111,56,0,56,167
05/04/2020,AGC,PA,AEA,CE,Towers with Radar,0,11,15,0,26,0,36,65,0,101,0,47,80,0,127,18,0,18,145
05/05/2020,AGC,PA,AEA,CE,Towers with Radar,0,17,21,0,38,0,42,35,0,77,0,59,56,0,115,28,0,28,143
05/06/2020,AGC,PA,AEA,CE,Towers with Radar,0,16,16,0,32,0,14,11,0,25,0,30,27,0,57,22,0,22,79
05/07/2020,AGC,PA,AEA,CE,Towers with Radar,0,23,31,0,54,0,25,48,2,75,0,48,79,2,129,30,0,30,159
05/08/2020,AGC,PA,AEA,CE,Towers with Radar,0,11,21,0,32,0,10,10,0,20,0,21,31,0,52,6,0,6,58
05/09/2020,AGC,PA,AEA,CE,Towers with Radar,0,21,15,0,36,0,23,13,0,36,0,44,28,0,72,0,0,0,72
05/10/2020,AGC,PA,AEA,CE,Towers with Radar,0,3,15,0,18,0,23,40,1,64,0,26,55,1,82,28,0,28,110
05/11/2020,AGC,PA,AEA,CE,Towers with Radar,0,15,24,2,41,0,18,5,0,23,0,33,29,2,64,0,0,0,64
05/12/2020,AGC,PA,AEA,CE,Towers with Radar,0,14,27,2,43,0,26,42,0,68,0,40,69,2,111,24,0,24,135
05/13/2020,AGC,PA,AEA,CE,Towers with Radar,0,18,24,0,42,0,48,100,6,154,0,66,124,6,196,80,0,80,276
05/14/2020,AGC,PA,AEA,CE,Towers with Radar,0,17,36,1,54,0,42,32,2,76,0,59,68,3,130,22,0,22,152
05/15/2020,AGC,PA,AEA,CE,Towers with Radar,0,16,17,0,33,0,48,14,0,62,0,64,31,0,95,0,0,0,95
05/16/2020,AGC,PA,AEA,CE,Towers with Radar,0,13,17,0,30,0,11,49,0,60,0,24,66,0,90,32,0,32,122
05/17/2020,AGC,PA,AEA,CE,Towers with Radar,0,8,14,0,22,0,17,49,0,66,0,25,63,0,88,80,0,80,168
05/18/2020,AGC,PA,AEA,CE,Towers with Radar,0,7,20,0,27,0,55,42,0,97,0,62,62,0,124,72,0,72,196
05/19/2020,AGC,PA,AEA,CE,Towers with Radar,0,17,14,2,33,0,52,7,0,59,0,69,21,2,92,6,0,6,98
05/20/2020,AGC,PA,AEA,CE,Towers with Radar,0,17,16,0,33,0,44,27,0,71,0,61,43,0,104,14,0,14,118
05/21/2020,AGC,PA,AEA,CE,Towers with Radar,0,13,32,0,45,0,39,61,0,100,0,52,93,0,145,48,0,48,193
05/22/2020,AGC,PA,AEA,CE,Towers with Radar,0,23,23,0,46,0,17,14,0,31,0,40,37,0,77,0,0,0,77
05/23/2020,AGC,PA,AEA,CE,Towers with Radar,0,21,32,0,53,0,37,42,0,79,0,58,74,0,132,38,0,38,170
05/24/2020,AGC,PA,AEA,CE,Towers with Radar,0,17,19,0,36,0,28,54,0,82,0,45,73,0,118,106,0,106,224
05/25/2020,AGC,PA,AEA,CE,Towers with Radar,0,5,16,0,21,0,30,43,0,73,0,35,59,0,94,62,2,64,158
05/26/2020,AGC,PA,AEA,CE,Towers with Radar,0,27,35,0,62,0,36,67,4,107,0,63,102,4,169,110,0,110,279
05/27/2020,AGC,PA,AEA,CE,Towers with Radar,0,22,18,0,40,0,38,57,2,97,0,60,75,2,137,44,0,44,181
05/28/2020,AGC,PA,AEA,CE,Towers with Radar,0,13,19,0,32,0,32,20,0,52,0,45,39,0,84,30,0,30,114
05/29/2020,AGC,PA,AEA,CE,Towers with Radar,0,18,14,0,32,0,24,24,0,48,0,42,38,0,80,0,0,0,80
05/30/2020,AGC,PA,AEA,CE,Towers with Radar,0,16,16,0,32,0,45,29,3,77,0,61,45,3,109,24,0,24,133
05/31/2020,AGC,PA,AEA,CE,Towers with Radar,0,6,30,0,36,0,33,58,4,95,0,39,88,4,131,106,0,106,237
06/01/2020,AGC,PA,AEA,CE,Towers with Radar,0,9,24,0,33,0,50,54,5,109,0,59,78,5,142,76,0,76,218
06/02/2020,AGC,PA,AEA,CE,Towers with Radar,0,19,29,0,48,0,38,31,0,69,0,57,60,0,117,40,0,40,157
06/03/2020,AGC,PA,AEA,CE,Towers with Radar,0,14,19,0,33,0,48,11,0,59,0,62,30,0,92,0,10,10,102
06/04/2020,AGC,PA,AEA,CE,Towers with Radar,0,20,22,0,42,0,26,25,0,51,0,46,47,0,93,68,0,68,161
06/05/2020,AGC,PA,AEA,CE,Towers with Radar,0,11,45,0,56,0,35,25,0,60,0,46,70,0,116,26,0,26,142
06/06/2020,AGC,PA,AEA,CE,Towers with Radar,0,24,43,1,68,0,49,76,0,125,0,73,119,1,193,40,0,40,233
06/07/2020,AGC,PA,AEA,CE,Towers with Radar,0,15,33,0,48,0,36,68,0,104,0,51,101,0,152,112,0,112,264
06/08/2020,AGC,PA,AEA,CE,Towers with Radar,0,13,29,0,42,0,36,51,2,89,0,49,80,2,131,72,0,72,203
06/09/2020,AGC,PA,AEA,CE,Towers with Radar,0,22,25,2,49,0,33,65,0,98,0,55,90,2,147,52,0,52,199
06/10/2020,AGC,PA,AEA,CE,Towers with Radar,0,16,16,2,34,0,27,25,0,52,0,43,41,2,86,14,0,14,100
06/11/2020,AGC,PA,AEA,CE,Towers with Radar,0,18,25,0,43,0,53,63,0,116,0,71,88,0,159,96,0,96,255
06/12/2020,AGC,PA,AEA,CE,Towers with Radar,0,12,19,0,31,0,54,54,2,110,0,66,73,2,141,10,0,10,151
06/13/2020,AGC,PA,AEA,CE,Towers with Radar,0,19,28,0,47,0,57,76,0,133,0,76,104,0,180,64,0,64,244
06/14/2020,AGC,PA,AEA,CE,Towers with Radar,0,5,24,0,29,0,33,61,0,94,0,38,85,0,123,92,0,92,215
06/15/2020,AGC,PA,AEA,CE,Towers with Radar,0,9,31,4,44,0,28,66,0,94,0,37,97,4,138,60,0,60,198
06/16/2020,AGC,PA,AEA,CE,Towers with Radar,0,11,27,0,38,0,54,55,0,109,0,65,82,0,147,60,0,60,207
06/17/2020,AGC,PA,AEA,CE,Towers with Radar,0,16,22,2,40,0,46,38,1,85,0,62,60,3,125,32,0,32,157
06/18/2020,AGC,PA,AEA,CE,Towers with Radar,0,21,44,1,66,0,60,36,0,96,0,81,80,1,162,64,0,64,226
06/19/2020,AGC,PA,AEA,CE,Towers with Radar,0,16,16,0,32,0,45,19,0,64,0,61,35,0,96,50,0,50,146
06/20/2020,AGC,PA,AEA,CE,Towers with Radar,0,19,11,0,30,0,21,44,0,65,0,40,55,0,95,88,0,88,183
06/21/2020,AGC,PA,AEA,CE,Towers with Radar,0,16,20,0,36,0,22,39,0,61,0,38,59,0,97,60,0,60,157
06/22/2020,AGC,PA,AEA,CE,Towers with Radar,0,10,39,0,49,0,20,21,1,42,0,30,60,1,91,2,0,2,93
06/23/2020,AGC,PA,AEA,CE,Towers with Radar,0,16,27,2,45,0,24,10,1,35,0,40,37,3,80,20,0,20,100
06/24/2020,AGC,PA,AEA,CE,Towers with Radar,0,27,31,0,58,0,45,52,1,98,0,72,83,1,156,16,0,16,172
06/25/2020,AGC,PA,AEA,CE,Towers with Radar,0,16,32,0,48,0,51,37,3,91,0,67,69,3,139,28,0,28,167
06/26/2020,AGC,PA,AEA,CE,Towers with Radar,0,8,32,2,42,0,30,51,0,81,0,38,83,2,123,38,0,38,161
06/27/2020,AGC,PA,AEA,CE,Towers with Radar,0,24,24,0,48,0,44,2,0,46,0,68,26,0,94,6,0,6,100
06/28/2020,AGC,PA,AEA,CE,Towers with Radar,0,9,29,0,38,0,43,36,0,79,0,52,65,0,117,78,0,78,195
06/29/2020,AGC,PA,AEA,CE,Towers with Radar,0,23,32,1,56,0,44,60,0,104,0,67,92,1,160,40,0,40,200
06/30/2020,AGC,PA,AEA,CE,Towers with Radar,0,26,28,0,54,0,59,61,0,120,0,85,89,0,174,78,0,78,252
07/01/2020,AGC,PA,AEA,CE,Towers with Radar,0,22,35,0,57,0,46,79,0,125,0,68,114,0,182,58,0,58,240
07/02/2020,AGC,PA,AEA,CE,Towers with Radar,0,24,41,0,65,0,18,96,0,114,0,42,137,0,179,58,0,58,237
07/03/2020,AGC,PA,AEA,CE,Towers with Radar,0,9,25,0,34,0,28,44,0,72,0,37,69,0,106,26,0,26,132
07/04/2020,AGC,PA,AEA,CE,Towers with Radar,0,16,10,0,26,0,31,24,1,56,0,47,34,1,82,16,0,16,98
07/05/2020,AGC,PA,AEA,CE,Towers with Radar,0,9,23,0,32,0,26,50,0,76,0,35,73,0,108,54,0,54,162
07/06/2020,AGC,PA,AEA,CE,Towers with Radar,0,27,26,0,53,0,39,66,0,105,0,66,92,0,158,20,0,20,178
07/07/2020,AGC,PA,AEA,CE,Towers with Radar,0,23,37,0,60,0,54,39,0,93,0,77,76,0,153,36,0,36,189
07/08/2020,AGC,PA,AEA,CE,Towers with Radar,0,17,18,0,35,0,46,49,0,95,0,63,67,0,130,40,0,40,170
07/09/2020,AGC,PA,AEA,CE,Towers with Radar,0,10,23,0,33,0,44,42,0,86,0,54,65,0,119,48,0,48,167
07/10/2020,AGC,PA,AEA,CE,Towers with Radar,0,20,19,0,39,0,37,23,1,61,0,57,42,1,100,16,6,22,122
07/11/2020,AGC,PA,AEA,CE,Towers with Radar,0,27,30,0,57,0,32,16,0,48,0,59,46,0,105,22,0,22,127
07/12/2020,AGC,PA,AEA,CE,Towers with Radar,0,3,21,0,24,0,26,18,0,44,0,29,39,0,68,32,0,32,100
07/13/2020,AGC,PA,AEA,CE,Towers with Radar,0,5,14,3,22,0,53,43,8,104,0,58,57,11,126,48,2,50,176
07/14/2020,AGC,PA,AEA,CE,Towers with Radar,0,24,29,0,53,0,44,62,0,106,0,68,91,0,159,62,0,62,221
07/15/2020,AGC,PA,AEA,CE,Towers with Radar,0,16,35,1,52,0,47,63,2,112,0,63,98,3,164,44,0,44,208
07/16/2020,AGC,PA,AEA,CE,Towers with Radar,0,37,36,1,74,0,39,31,0,70,0,76,67,1,144,28,0,28,172
07/17/2020,AGC,PA,AEA,CE,Towers with Radar,0,16,20,0,36,0,55,30,0,85,0,71,50,0,121,60,0,60,181
07/18/2020,AGC,PA,AEA,CE,Towers with Radar,0,17,18,0,35,0,29,52,0,81,0,46,70,0,116,150,0,150,266
07/19/2020,AGC,PA,AEA,CE,Towers with Radar,0,15,17,0,32,0,35,25,0,60,0,50,42,0,92,20,0,20,112
07/20/2020,AGC,PA,AEA,CE,Towers with Radar,0,19,29,1,49,0,28,44,0,72,0,47,73,1,121,88,0,88,209
07/21/2020,AGC,PA,AEA,CE,Towers with Radar,0,10,17,0,27,0,43,32,0,75,0,53,49,0,102,44,0,44,146
07/22/2020,AGC,PA,AEA,CE,Towers with Radar,0,22,21,2,45,0,39,20,2,61,0,61,41,4,106,40,0,40,146
07/23/2020,AGC,PA,AEA,CE,Towers with Radar,0,21,38,0,59,0,21,32,0,53,0,42,70,0,112,12,0,12,124
07/24/2020,AGC,PA,AEA,CE,Towers with Radar,0,9,21,1,31,0,37,30,0,67,0,46,51,1,98,64,0,64,162
07/25/2020,AGC,PA,AEA,CE,Towers with Radar,0,11,23,0,34,0,42,60,0,102,0,53,83,0,136,82,0,82,218
07/26/2020,AGC,PA,AEA,CE,Towers with Radar,0,11,19,0,30,0,32,55,0,87,0,43,74,0,117,72,0,72,189
07/27/2020,AGC,PA,AEA,CE,Towers with Radar,0,24,30,0,54,0,31,35,0,66,0,55,65,0,120,10,0,10,130
07/28/2020,AGC,PA,AEA,CE,Towers with Radar,0,30,28,2,60,0,39,31,0,70,0,69,59,2,130,28,0,28,158
07/29/2020,AGC,PA,AEA,CE,Towers with Radar,0,37,22,1,60,0,48,59,0,107,0,85,81,1,167,48,0,48,215
07/30/2020,AGC,PA,AEA,CE,Towers with Radar,0,24,20,3,47,0,24,24,0,48,0,48,44,3,95,62,0,62,157
07/31/2020,AGC,PA,AEA,CE,Towers with Radar,0,28,22,9,59,0,20,34,2,56,0,48,56,11,115,84,2,86,201
08/01/2020,AGC,PA,AEA,CE,Towers with Radar,0,18,14,0,32,0,5,20,0,25,0,23,34,0,57,68,0,68,125
08/02/2020,AGC,PA,AEA,CE,Towers with Radar,0,8,20,0,28,0,18,10,0,28,0,26,30,0,56,2,0,2,58
08/03/2020,AGC,PA,AEA,CE,Towers with Radar,0,8,27,3,38,0,39,53,1,93,0,47,80,4,131,52,0,52,183
08/04/2020,AGC,PA,AEA,CE,Towers with Radar,0,18,8,0,26,0,21,28,0,49,0,39,36,0,75,44,0,44,119
08/05/2020,AGC,PA,AEA,CE,Towers with Radar,0,20,35,1,56,0,28,61,3,92,0,48,96,4,148,76,0,76,224
08/06/2020,AGC,PA,AEA,CE,Towers with Radar,0,28,29,2,59,0,33,54,0,87,0,61,83,2,146,80,0,80,226
08/07/2020,AGC,PA,AEA,CE,Towers with Radar,0,23,39,0,62,0,49,50,0,99,0,72,89,0,161,56,0,56,217
08/08/2020,AGC,PA,AEA,CE,Towers with Radar,0,22,28,0,50,0,36,56,0,92,0,58,84,0,142,40,0,40,182
08/09/2020,AGC,PA,AEA,CE,Towers with Radar,0,14,32,1,47,0,28,54,0,82,0,42,86,1,129,96,0,96,225
08/10/2020,AGC,PA,AEA,CE,Towers with Radar,0,22,26,0,48,0,38,41,0,79,0,60,67,0,127,72,0,72,199
08/11/2020,AGC,PA,AEA,CE,Towers with Radar,0,28,32,2,62,0,58,40,4,102,0,86,72,6,164,68,2,70,234
08/12/2020,AGC,PA,AEA,CE,Towers with Radar,0,29,35,1,65,0,28,57,2,87,0,57,92,3,152,84,0,84,236
08/13/2020,AGC,PA,AEA,CE,Towers with Radar,0,30,29,0,59,0,53,58,2,113,0,83,87,2,172,58,0,58,230
08/14/2020,AGC,PA,AEA,CE,Towers with Radar,0,21,28,0,49,0,17,49,0,66,0,38,77,0,115,36,0,36,151
08/15/2020,AGC,PA,AEA,CE,Towers with Radar,0,17,19,0,36,0,21,19,0,40,0,38,38,0,76,42,0,42,118
08/16/2020,AGC,PA,AEA,CE,Towers with Radar,0,11,26,0,37,0,39,47,0,86,0,50,73,0,123,84,0,84,207
08/17/2020,AGC,PA,AEA,CE,Towers with Radar,0,13,37,0,50,0,31,72,2,105,0,44,109,2,155,54,0,54,209
08/18/2020,AGC,PA,AEA,CE,Towers with Radar,0,29,31,0,60,0,40,66,0,106,0,69,97,0,166,36,0,36,202
08/19/2020,AGC,PA,AEA,CE,Towers with Radar,0,32,36,1,69,0,39,57,0,96,0,71,93,1,165,38,0,38,203
08/20/2020,AGC,PA,AEA,CE,Towers with Radar,0,26,36,0,62,0,38,72,0,110,0,64,108,0,172,98,0,98,270
08/21/2020,AGC,PA,AEA,CE,Towers with Radar,0,14,38,1,53,0,38,33,1,72,0,52,71,2,125,24,0,24,149
08/22/2020,AGC,PA,AEA,CE,Towers with Radar,0,21,16,0,37,0,64,58,0,122,0,85,74,0,159,80,0,80,239
08/23/2020,AGC,PA,AEA,CE,Towers with Radar,0,12,35,0,47,0,31,16,0,47,0,43,51,0,94,44,0,44,138
08/24/2020,AGC,PA,AEA,CE,Towers with Radar,0,9,22,2,33,0,36,35,0,71,0,45,57,2,104,78,4,82,186
08/25/2020,AGC,PA,AEA,CE,Towers with Radar,0,19,19,1,39,0,34,22,0,56,0,53,41,1,95,54,0,54,149
08/26/2020,AGC,PA,AEA,CE,Towers with Radar,0,22,37,0,59,0,39,41,0,80,0,61,78,0,139,56,0,56,195
08/27/2020,AGC,PA,AEA,CE,Towers with Radar,0,19,29,0,48,0,0,0,0,0,0,19,29,0,48,0,0,0,48
08/28/2020,AGC,PA,AEA,CE,Towers with Radar,0,17,32,0,49,0,3,8,0,11,0,20,40,0,60,0,0,0,60
08/29/2020,AGC,PA,AEA,CE,Towers with Radar,0,11,16,0,27,0,24,9,0,33,0,35,25,0,60,4,0,4,64
08/30/2020,AGC,PA,AEA,CE,Towers with Radar,0,12,37,0,49,0,30,55,0,85,0,42,92,0,134,98,0,98,232
08/31/2020,AGC,PA,AEA,CE,Towers with Radar,0,12,44,0,56,0,32,24,0,56,0,44,68,0,112,36,0,36,148
09/01/2020,AGC,PA,AEA,CE,Towers with Radar,0,20,36,0,56,0,23,29,0,52,0,43,65,0,108,36,0,36,144
09/02/2020,AGC,PA,AEA,CE,Towers with Radar,0,36,26,0,62,0,18,7,0,25,0,54,33,0,87,20,0,20,107
09/03/2020,AGC,PA,AEA,CE,Towers with Radar,0,21,32,0,53,0,17,14,1,32,0,38,46,1,85,34,0,34,119
09/04/2020,AGC,PA,AEA,CE,Towers with Radar,0,15,27,0,42,0,31,57,0,88,0,46,84,0,130,42,0,42,172
09/05/2020,AGC,PA,AEA,CE,Towers with Radar,0,15,41,0,56,0,49,61,0,110,0,64,102,0,166,86,0,86,252
09/06/2020,AGC,PA,AEA,CE,Towers with Radar,0,19,22,0,41,0,39,52,0,91,0,58,74,0,132,48,0,48,180
09/07/2020,AGC,PA,AEA,CE,Towers with Radar,0,10,24,0,34,0,30,21,0,51,0,40,45,0,85,22,0,22,107
09/08/2020,AGC,PA,AEA,CE,Towers with Radar,0,16,48,1,65,0,29,52,0,81,0,45,100,1,146,80,0,80,226
09/09/2020,AGC,PA,AEA,CE,Towers with Radar,0,24,38,2,64,0,63,74,2,139,0,87,112,4,203,66,0,66,269
09/10/2020,AGC,PA,AEA,CE,Towers with Radar,0,17,42,0,59,0,33,50,0,83,0,50,92,0,142,40,0,40,182
09/11/2020,AGC,PA,AEA,CE,Towers with Radar,0,30,49,9,88,0,29,20,3,52,0,59,69,12,140,8,0,8,148
09/12/2020,AGC,PA,AEA,CE,Towers with Radar,0,18,30,0,48,0,38,44,0,82,0,56,74,0,130,30,0,30,160
09/13/2020,AGC,PA,AEA,CE,Towers with Radar,0,11,28,0,39,0,30,6,0,36,0,41,34,0,75,0,0,0,75
09/14/2020,AGC,PA,AEA,CE,Towers with Radar,0,12,26,1,39,0,34,50,0,84,0,46,76,1,123,44,0,44,167
09/15/2020,AGC,PA,AEA,CE,Towers with Radar,0,14,40,0,54,0,28,50,0,78,0,42,90,0,132,22,0,22,154
09/16/2020,AGC,PA,AEA,CE,Towers with Radar,0,21,47,0,68,0,42,47,2,91,0,63,94,2,159,18,0,18,177
09/17/2020,AGC,PA,AEA,CE,Towers with Radar,0,18,31,0,49,0,48,57,0,105,0,66,88,0,154,32,0,32,186
09/18/2020,AGC,PA,AEA,CE,Towers with Radar,0,18,35,0,53,0,40,36,0,76,0,58,71,0,129,6,0,6,135
09/19/2020,AGC,PA,AEA,CE,Towers with Radar,0,19,22,0,41,0,22,63,0,85,0,41,85,0,126,24,0,24,150
09/20/2020,AGC,PA,AEA,CE,Towers with Radar,0,19,32,0,51,0,38,77,0,115,0,57,109,0,166,64,0,64,230
09/21/2020,AGC,PA,AEA,CE,Towers with Radar,0,12,27,1,40,0,48,63,2,113,0,60,90,3,153,54,0,54,207
09/22/2020,AGC,PA,AEA,CE,Towers with Radar,0,18,39,0,57,0,44,40,3,87,0,62,79,3,144,72,0,72,216
09/23/2020,AGC,PA,AEA,CE,Towers with Radar,0,25,48,3,76,0,47,81,0,128,0,72,129,3,204,84,0,84,288
09/24/2020,AGC,PA,AEA,CE,Towers with Radar,0,19,37,0,56,0,65,52,1,118,0,84,89,1,174,68,0,68,242
09/25/2020,AGC,PA,AEA,CE,Towers with Radar,0,19,30,2,51,0,42,47,0,89,0,61,77,2,140,36,0,36,176
09/26/2020,AGC,PA,AEA,CE,Towers with Radar,0,14,12,0,26,0,55,46,0,101,0,69,58,0,127,52,0,52,179
09/27/2020,AGC,PA,AEA,CE,Towers with Radar,0,15,40,0,55,0,38,57,0,95,0,53,97,0,150,52,0,52,202
09/28/2020,AGC,PA,AEA,CE,Towers with Radar,0,12,20,0,32,0,42,39,0,81,0,54,59,0,113,34,0,34,147
09/29/2020,AGC,PA,AEA,CE,Towers with Radar,0,23,37,1,61,0,22,29,0,51,0,45,66,1,112,24,0,24,136
09/30/2020,AGC,PA,AEA,CE,Towers with Radar,0,22,40,1,63,0,37,16,1,54,0,59,56,2,117,12,0,12,129
10/01/2020,AGC,PA,AEA,CE,Towers with Radar,0,22,30,1,53,0,27,55,0,82,0,49,85,1,135,26,0,26,161
10/02/2020,AGC,PA,AEA,CE,Towers with Radar,0,18,31,0,49,0,30,36,0,66,0,48,67,0,115,62,0,62,177
10/03/2020,AGC,PA,AEA,CE,Towers with Radar,0,19,23,0,42,0,40,57,0,97,0,59,80,0,139,40,0,40,179
10/04/2020,AGC,PA,AEA,CE,Towers with Radar,0,22,25,0,47,0,24,33,0,57,0,46,58,0,104,28,0,28,132
10/05/2020,AGC,PA,AEA,CE,Towers with Radar,0,7,39,0,46,0,33,33,0,66,0,40,72,0,112,28,0,28,140
10/06/2020,AGC,PA,AEA,CE,Towers with Radar,0,23,42,0,65,0,34,48,0,82,0,57,90,0,147,40,0,40,187
10/07/2020,AGC,PA,AEA,CE,Towers with Radar,0,26,38,0,64,0,39,10,0,49,0,65,48,0,113,2,0,2,115
10/08/2020,AGC,PA,AEA,CE,Towers with Radar,0,23,18,1,42,0,55,75,3,133,0,78,93,4,175,80,0,80,255
10/09/2020,AGC,PA,AEA,CE,Towers with Radar,0,34,58,0,92,0,32,63,0,95,0,66,121,0,187,30,0,30,217
10/10/2020,AGC,PA,AEA,CE,Towers with Radar,0,18,26,0,44,0,29,44,0,73,0,47,70,0,117,50,0,50,167
10/11/2020,AGC,PA,AEA,CE,Towers with Radar,0,22,46,0,68,0,30,10,0,40,0,52,56,0,108,0,0,0,108
10/12/2020,AGC,PA,AEA,CE,Towers with Radar,0,17,22,0,39,0,36,31,0,67,0,53,53,0,106,32,6,38,144
10/13/2020,AGC,PA,AEA,CE,Towers with Radar,0,26,34,0,60,0,54,36,0,90,0,80,70,0,150,50,0,50,200
10/14/2020,AGC,PA,AEA,CE,Towers with Radar,0,16,44,1,61,0,50,49,0,99,0,66,93,1,160,40,0,40,200
10/15/2020,AGC,PA,AEA,CE,Towers with Radar,0,17,24,0,41,0,40,8,0,48,0,57,32,0,89,4,0,4,93
10/16/2020,AGC,PA,AEA,CE,Towers with Radar,0,19,34,3,56,0,28,38,3,69,0,47,72,6,125,36,0,36,161
10/17/2020,AGC,PA,AEA,CE,Towers with Radar,0,25,24,0,49,0,38,74,0,112,0,63,98,0,161,46,0,46,207
10/18/2020,AGC,PA,AEA,CE,Towers with Radar,0,28,50,0,78,0,24,62,0,86,0,52,112,0,164,36,0,36,200
10/19/2020,AGC,PA,AEA,CE,Towers with Radar,0,16,36,0,52,0,23,5,0,28,0,39,41,0,80,0,0,0,80
10/20/2020,AGC,PA,AEA,CE,Towers with Radar,0,28,30,0,58,0,12,18,0,30,0,40,48,0,88,10,0,10,98
10/21/2020,AGC,PA,AEA,CE,Towers with Radar,0,28,29,1,58,0,62,49,0,111,0,90,78,1,169,48,0,48,217
10/22/2020,AGC,PA,AEA,CE,Towers with Radar,0,20,43,5,68,0,54,54,0,108,0,74,97,5,176,118,0,118,294
10/23/2020,AGC,PA,AEA,CE,Towers with Radar,0,20,21,2,43,0,40,20,0,60,0,60,41,2,103,34,0,34,137
10/24/2020,AGC,PA,AEA,CE,Towers with Radar,0,15,21,3,39,1,21,10,0,32,1,36,31,3,71,44,0,44,115
10/25/2020,AGC,PA,AEA,CE,Towers with Radar,0,18,35,0,53,0,12,67,0,79,0,30,102,0,132,50,0,50,182
10/26/2020,AGC,PA,AEA,CE,Towers with Radar,0,16,24,0,40,0,6,2,0,8,0,22,26,0,48,2,0,2,50
10/27/2020,AGC,PA,AEA,CE,Towers with Radar,0,24,31,0,55,0,12,14,0,26,0,36,45,0,81,62,0,62,143
10/28/2020,AGC,PA,AEA,CE,Towers with Radar,0,16,39,0,55,0,24,4,0,28,0,40,43,0,83,0,0,0,83
10/29/2020,AGC,PA,AEA,CE,Towers with Radar,0,14,16,0,30,0,6,0,0,6,0,20,16,0,36,0,0,0,36
10/30/2020,AGC,PA,AEA,CE,Towers with Radar,0,24,20,0,44,0,43,8,0,51,0,67,28,0,95,0,0,0,95
10/31/2020,AGC,PA,AEA,CE,Towers with Radar,0,12,22,0,34,0,59,34,0,93,0,71,56,0,127,26,0,26,153
11/01/2020,AGC,PA,AEA,CE,Towers with Radar,0,11,10,0,21,0,48,6,0,54,0,59,16,0,75,0,0,0,75
11/02/2020,AGC,PA,AEA,CE,Towers with Radar,0,11,26,0,37,0,36,35,0,71,0,47,61,0,108,0,0,0,108
11/03/2020,AGC,PA,AEA,CE,Towers with Radar,0,19,43,2,64,0,44,57,2,103,0,63,100,4,167,40,0,40,207
11/04/2020,AGC,PA,AEA,CE,Towers with Radar,0,19,22,0,41,0,42,61,1,104,0,61,83,1,145,38,0,38,183
11/05/2020,AGC,PA,AEA,CE,Towers with Radar,0,18,20,1,39,0,36,57,0,93,0,54,77,1,132,56,0,56,188
11/06/2020,AGC,PA,AEA,CE,Towers with Radar,0,19,27,0,46,0,47,53,0,100,0,66,80,0,146,64,0,64,210
11/07/2020,AGC,PA,AEA,CE,Towers with Radar,0,16,13,0,29,0,54,69,0,123,0,70,82,0,152,76,0,76,228
11/08/2020,AGC,PA,AEA,CE,Towers with Radar,0,15,22,0,37,0,40,60,0,100,0,55,82,0,137,66,0,66,203
11/09/2020,AGC,PA,AEA,CE,Towers with Radar,0,10,15,1,26,0,54,30,1,85,0,64,45,2,111,50,0,50,161
11/10/2020,AGC,PA,AEA,CE,Towers with Radar,0,16,31,1,48,0,66,39,0,105,0,82,70,1,153,42,0,42,195
11/11/2020,AGC,PA,AEA,CE,Towers with Radar,0,13,12,0,25,0,9,3,0,12,0,22,15,0,37,0,0,0,37
11/12/2020,AGC,PA,AEA,CE,Towers with Radar,0,20,35,2,57,0,60,54,0,114,0,80,89,2,171,116,0,116,287
11/13/2020,AGC,PA,AEA,CE,Towers with Radar,0,22,26,1,49,0,44,47,0,91,0,66,73,1,140,64,0,64,204
11/14/2020,AGC,PA,AEA,CE,Towers with Radar,0,19,21,0,40,0,43,76,0,119,0,62,97,0,159,120,0,120,279
11/15/2020,AGC,PA,AEA,CE,Towers with Radar,0,16,18,0,34,0,30,2,0,32,0,46,20,0,66,0,0,0,66
11/16/2020,AGC,PA,AEA,CE,Towers with Radar,0,13,17,0,30,0,25,5,0,30,0,38,22,0,60,0,0,0,60
11/17/2020,AGC,PA,AEA,CE,Towers with Radar,0,14,23,0,37,0,23,3,0,26,0,37,26,0,63,0,0,0,63
11/18/2020,AGC,PA,AEA,CE,Towers with Radar,0,20,30,0,50,0,32,39,0,71,0,52,69,0,121,122,0,122,243
11/19/2020,AGC,PA,AEA,CE,Towers with Radar,0,19,12,0,31,0,31,45,0,76,0,50,57,0,107,6,0,6,113
11/20/2020,AGC,PA,AEA,CE,Towers with Radar,0,15,32,0,47,0,61,49,0,110,0,76,81,0,157,18,0,18,175
11/21/2020,AGC,PA,AEA,CE,Towers with Radar,0,21,18,0,39,0,23,19,0,42,0,44,37,0,81,50,0,50,131
11/22/2020,AGC,PA,AEA,CE,Towers with Radar,0,11,9,0,20,0,8,21,0,29,0,19,30,0,49,14,0,14,63
11/23/2020,AGC,PA,AEA,CE,Towers with Radar,0,3,12,0,15,0,43,7,0,50,0,46,19,0,65,16,0,16,81
11/24/2020,AGC,PA,AEA,CE,Towers with Radar,0,16,37,0,53,0,30,64,0,94,0,46,101,0,147,82,4,86,233
11/25/2020,AGC,PA,AEA,CE,Towers with Radar,0,15,26,0,41,0,56,18,0,74,0,71,44,0,115,56,0,56,171
11/26/2020,AGC,PA,AEA,CE,Towers with Radar,0,8,7,0,15,0,28,2,0,30,0,36,9,0,45,0,0,0,45
11/27/2020,AGC,PA,AEA,CE,Towers with Radar,0,9,29,0,38,0,19,30,0,49,0,28,59,0,87,48,0,48,135
11/28/2020,AGC,PA,AEA,CE,Towers with Radar,0,22,15,1,38,0,46,51,0,97,0,68,66,1,135,70,0,70,205
11/29/2020,AGC,PA,AEA,CE,Towers with Radar,0,13,31,0,44,0,31,71,0,102,0,44,102,0,146,88,0,88,234
11/30/2020,AGC,PA,AEA,CE,Towers with Radar,0,8,14,0,22,0,0,1,0,1,0,8,15,0,23,0,0,0,23
12/01/2020,AGC,PA,AEA,CE,Towers with Radar,0,9,9,0,18,0,0,0,0,0,0,9,9,0,18,0,0,0,18
12/02/2020,AGC,PA,AEA,CE,Towers with Radar,0,21,19,0,40,0,34,30,0,64,0,55,49,0,104,30,0,30,134
12/03/2020,AGC,PA,AEA,CE,Towers with Radar,0,27,41,0,68,0,23,71,0,94,0,50,112,0,162,82,0,82,244
12/04/2020,AGC,PA,AEA,CE,Towers with Radar,0,24,16,0,40,0,25,19,2,46,0,49,35,2,86,34,0,34,120
12/05/2020,AGC,PA,AEA,CE,Towers with Radar,0,20,11,0,31,0,18,5,0,23,0,38,16,0,54,18,0,18,72
12/06/2020,AGC,PA,AEA,CE,Towers with Radar,0,12,8,0,20,0,24,30,0,54,0,36,38,0,74,92,0,92,166
12/07/2020,AGC,PA,AEA,CE,Towers with Radar,0,8,9,0,17,0,21,18,0,39,0,29,27,0,56,28,0,28,84
12/08/2020,AGC,PA,AEA,CE,Towers with Radar,0,17,23,0,40,0,27,40,0,67,0,44,63,0,107,78,2,80,187
12/09/2020,AGC,PA,AEA,CE,Towers with Radar,0,12,16,0,28,0,34,13,0,47,0,46,29,0,75,30,0,30,105
12/10/2020,AGC,PA,AEA,CE,Towers with Radar,0,25,28,0,53,0,25,50,0,75,0,50,78,0,128,94,0,94,222
12/11/2020,AGC,PA,AEA,CE,Towers with Radar,0,19,37,0,56,0,47,50,1,98,0,66,87,1,154,64,0,64,218
12/12/2020,AGC,PA,AEA,CE,Towers with Radar,0,17,14,0,31,0,16,26,0,42,0,33,40,0,73,46,0,46,119
12/13/2020,AGC,PA,AEA,CE,Towers with Radar,0,12,11,0,23,0,21,7,0,28,0,33,18,0,51,58,0,58,109
12/14/2020,AGC,PA,AEA,CE,Towers with Radar,0,12,16,0,28,0,12,13,0,25,0,24,29,0,53,12,0,12,65
12/15/2020,AGC,PA,AEA,CE,Towers with Radar,0,14,28,0,42,0,38,51,0,89,0,52,79,0,131,102,0,102,233
12/16/2020,AGC,PA,AEA,CE,Towers with Radar,0,12,10,1,23,0,8,4,0,12,0,20,14,1,35,26,0,26,61
12/17/2020,AGC,PA,AEA,CE,Towers with Radar,0,11,7,0,18,0,3,0,0,3,0,14,7,0,21,0,0,0,21
12/18/2020,AGC,PA,AEA,CE,Towers with Radar,0,15,23,1,39,0,8,9,0,17,0,23,32,1,56,14,0,14,70
12/19/2020,AGC,PA,AEA,CE,Towers with Radar,0,25,30,0,55,0,31,64,0,95,0,56,94,0,150,84,0,84,234
12/20/2020,AGC,PA,AEA,CE,Towers with Radar,0,6,8,0,14,0,2,1,0,3,0,8,9,0,17,0,0,0,17
12/21/2020,AGC,PA,AEA,CE,Towers with Radar,0,16,26,0,42,0,1,5,0,6,0,17,31,0,48,20,0,20,68
12/22/2020,AGC,PA,AEA,CE,Towers with Radar,0,18,13,0,31,0,27,23,0,50,0,45,36,0,81,16,0,16,97
12/23/2020,AGC,PA,AEA,CE,Towers with Radar,0,19,27,0,46,0,57,62,0,119,0,76,89,0,165,36,0,36,201
12/24/2020,AGC,PA,AEA,CE,Towers with Radar,0,14,6,0,20,0,15,0,0,15,0,29,6,0,35,0,0,0,35
12/25/2020,AGC,PA,AEA,CE,Towers with Radar,0,13,2,0,15,0,0,0,0,0,0,13,2,0,15,0,0,0,15
12/26/2020,AGC,PA,AEA,CE,Towers with Radar,0,16,23,0,39,0,36,22,0,58,0,52,45,0,97,34,0,34,131
12/27/2020,AGC,PA,AEA,CE,Towers with Radar,0,21,25,0,46,0,46,56,0,102,0,67,81,0,148,90,0,90,238
12/28/2020,AGC,PA,AEA,CE,Towers with Radar,0,14,11,0,25,0,43,34,0,77,0,57,45,0,102,52,0,52,154
12/29/2020,AGC,PA,AEA,CE,Towers with Radar,0,21,38,1,60,0,32,58,0,90,0,53,96,1,150,106,0,106,256
12/30/2020,AGC,PA,AEA,CE,Towers with Radar,0,17,15,0,32,0,18,9,0,27,0,35,24,0,59,2,0,2,61
12/31/2020,AGC,PA,AEA,CE,Towers with Radar,0,22,8,0,30,0,16,21,0,37,0,38,29,0,67,70,0,70,137
01/01/2021,AGC,PA,AEA,CE,Towers with Radar,0,11,7,0,18,0,4,0,0,4,0,15,7,0,22,0,0,0,22
01/02/2021,AGC,PA,AEA,CE,Towers with Radar,0,10,18,0,28,0,12,14,0,26,0,22,32,0,54,0,0,0,54
01/03/2021,AGC,PA,AEA,CE,Towers with Radar,0,20,17,0,37,0,5,0,0,5,0,25,17,0,42,0,0,0,42
01/04/2021,AGC,PA,AEA,CE,Towers with Radar,0,10,9,0,19,0,4,1,0,5,0,14,10,0,24,2,0,2,26
01/05/2021,AGC,PA,AEA,CE,Towers with Radar,0,18,19,0,37,0,20,1,0,21,0,38,20,0,58,2,0,2,60
01/06/2021,AGC,PA,AEA,CE,Towers with Radar,0,20,25,0,45,0,37,16,0,53,0,57,41,0,98,84,0,84,182
01/07/2021,AGC,PA,AEA,CE,Towers with Radar,0,21,32,1,54,0,23,51,0,74,0,44,83,1,128,84,0,84,212
01/08/2021,AGC,PA,AEA,CE,Towers with Radar,0,32,26,0,58,0,52,18,2,72,0,84,44,2,130,26,0,26,156
01/09/2021,AGC,PA,AEA,CE,Towers with Radar,0,20,29,0,49,0,52,61,0,113,0,72,90,0,162,106,0,106,268
01/10/2021,AGC,PA,AEA,CE,Towers with Radar,0,11,28,0,39,0,32,29,0,61,0,43,57,0,100,44,0,44,144
01/11/2021,AGC,PA,AEA,CE,Towers with Radar,0,18,28,0,46,0,34,27,0,61,0,52,55,0,107,90,0,90,197
01/12/2021,AGC,PA,AEA,CE,Towers with Radar,0,17,10,0,27,0,36,20,0,56,0,53,30,0,83,56,0,56,139
01/13/2021,AGC,PA,AEA,CE,Towers with Radar,0,18,23,0,41,0,25,43,0,68,0,43,66,0,109,36,0,36,145
01/14/2021,AGC,PA,AEA,CE,Towers with Radar,0,21,33,0,54,0,48,63,2,113,0,69,96,2,167,104,0,104,271
01/15/2021,AGC,PA,AEA,CE,Towers with Radar,0,26,25,0,51,0,18,16,0,34,0,44,41,0,85,10,0,10,95
01/16/2021,AGC,PA,AEA,CE,Towers with Radar,0,18,5,0,23,0,8,0,0,8,0,26,5,0,31,0,0,0,31
01/17/2021,AGC,PA,AEA,CE,Towers with Radar,0,11,8,0,19,0,0,0,0,0,0,11,8,0,19,0,0,0,19
01/18/2021,AGC,PA,AEA,CE,Towers with Radar,0,5,7,2,14,0,11,11,0,22,0,16,18,2,36,80,0,80,116
01/19/2021,AGC,PA,AEA,CE,Towers with Radar,0,27,23,0,50,0,35,43,0,78,0,62,66,0,128,72,0,72,200
01/20/2021,AGC,PA,AEA,CE,Towers with Radar,0,20,15,0,35,0,24,40,0,64,0,44,55,0,99,22,0,22,121
01/21/2021,AGC,PA,AEA,CE,Towers with Radar,0,15,16,0,31,0,38,18,0,56,0,53,34,0,87,14,0,14,101
01/22/2021,AGC,PA,AEA,CE,Towers with Radar,0,30,23,0,53,0,24,45,0,69,0,54,68,0,122,54,0,54,176
01/23/2021,AGC,PA,AEA,CE,Towers with Radar,2,24,15,2,43,0,24,52,0,76,2,48,67,2,119,56,0,56,175
01/24/2021,AGC,PA,AEA,CE,Towers with Radar,0,13,22,0,35,0,31,40,0,71,0,44,62,0,106,66,0,66,172
01/25/2021,AGC,PA,AEA,CE,Towers with Radar,0,11,18,0,29,0,0,0,0,0,0,11,18,0,29,0,0,0,29
01/26/2021,AGC,PA,AEA,CE,Towers with Radar,0,20,8,0,28,0,7,0,0,7,0,27,8,0,35,2,0,2,37
01/27/2021,AGC,PA,AEA,CE,Towers with Radar,0,30,25,0,55,2,32,15,0,49,2,62,40,0,104,60,0,60,164
01/28/2021,AGC,PA,AEA,CE,Towers with Radar,0,20,27,2,49,0,15,8,0,23,0,35,35,2,72,10,0,10,82
01/29/2021,AGC,PA,AEA,CE,Towers with Radar,2,24,18,0,44,0,19,35,0,54,2,43,53,0,98,50,0,50,148
01/30/2021,AGC,PA,AEA,CE,Towers with Radar,0,20,20,3,43,0,45,76,0,121,0,65,96,3,164,112,0,112,276
01/31/2021,AGC,PA,AEA,CE,Towers with Radar,0,12,3,0,15,0,1,0,0,1,0,13,3,0,16,0,0,0,16
02/01/2021,AGC,PA,AEA,CE,Towers with Radar,0,9,3,0,12,0,0,0,0,0,0,9,3,0,12,0,0,0,12
02/02/2021,AGC,PA,AEA,CE,Towers with Radar,0,17,12,0,29,0,19,10,7,36,0,36,22,7,65,24,0,24,89
02/03/2021,AGC,PA,AEA,CE,Towers with Radar,0,14,13,0,27,0,32,7,8,47,0,46,20,8,74,4,0,4,78
02/04/2021,AGC,PA,AEA,CE,Towers with Radar,0,18,22,0,40,0,36,63,5,104,0,54,85,5,144,92,6,98,242
02/05/2021,AGC,PA,AEA,CE,Towers with Radar,0,24,14,2,40,0,22,19,0,41,0,46,33,2,81,16,0,16,97
02/06/2021,AGC,PA,AEA,CE,Towers with Radar,0,20,27,0,47,0,35,70,2,107,0,55,97,2,154,24,0,24,178
02/07/2021,AGC,PA,AEA,CE,Towers with Radar,0,16,11,0,27,0,17,17,0,34,0,33,28,0,61,16,0,16,77
02/08/2021,AGC,PA,AEA,CE,Towers with Radar,0,17,43,1,61,0,35,52,0,87,0,52,95,1,148,90,0,90,238
02/09/2021,AGC,PA,AEA,CE,Towers with Radar,0,9,20,0,29,0,15,1,0,16,0,24,21,0,45,0,0,0,45
02/10/2021,AGC,PA,AEA,CE,Towers with Radar,0,21,20,0,41,0,13,19,0,32,0,34,39,0,73,100,0,100,173
02/11/2021,AGC,PA,AEA,CE,Towers with Radar,0,24,20,0,44,0,27,18,0,45,0,51,38,0,89,44,0,44,133
02/12/2021,AGC,PA,AEA,CE,Towers with Radar,0,27,24,0,51,0,19,9,0,28,0,46,33,0,79,42,0,42,121
02/13/2021,AGC,PA,AEA,CE,Towers with Radar,0,23,8,0,31,0,5,4,0,9,0,28,12,0,40,0,0,0,40
02/14/2021,AGC,PA,AEA,CE,Towers with Radar,0,12,20,0,32,0,7,9,0,16,0,19,29,0,48,0,0,0,48
02/15/2021,AGC,PA,AEA,CE,Towers with Radar,0,3,7,0,10,0,16,0,0,16,0,19,7,0,26,0,0,0,26
02/16/2021,AGC,PA,AEA,CE,Towers with Radar,0,13,7,0,20,0,1,0,0,1,0,14,7,0,21,0,0,0,21
02/17/2021,AGC,PA,AEA,CE,Towers with Radar,0,46,33,1,80,0,23,59,6,88,0,69,92,7,168,84,0,84,252
02/18/2021,AGC,PA,AEA,CE,Towers with Radar,0,12,11,0,23,0,4,4,0,8,0,16,15,0,31,0,0,0,31
02/19/2021,AGC,PA,AEA,CE,Towers with Radar,0,17,17,0,34,0,9,3,0,12,0,26,20,0,46,4,0,4,50
02/20/2021,AGC,PA,AEA,CE,Towers with Radar,0,17,14,0,31,0,14,12,0,26,0,31,26,0,57,30,0,30,87
02/21/2021,AGC,PA,AEA,CE,Towers with Radar,0,15,18,0,33,0,34,58,0,92,0,49,76,0,125,62,0,62,187
02/22/2021,AGC,PA,AEA,CE,Towers with Radar,0,8,10,0,18,0,7,2,0,9,0,15,12,0,27,0,0,0,27
02/23/2021,AGC,PA,AEA,CE,Towers with Radar,0,28,23,0,51,0,26,8,0,34,0,54,31,0,85,0,0,0,85
02/24/2021,AGC,PA,AEA,CE,Towers with Radar,0,32,19,0,51,0,45,27,0,72,0,77,46,0,123,16,0,16,139
02/25/2021,AGC,PA,AEA,CE,Towers with Radar,0,20,28,0,48,0,41,57,1,99,0,61,85,1,147,112,0,112,259
02/26/2021,AGC,PA,AEA,CE,Towers with Radar,0,26,19,0,45,0,37,73,3,113,0,63,92,3,158,62,0,62,220
02/27/2021,AGC,PA,AEA,CE,Towers with Radar,0,25,23,0,48,0,15,14,0,29,0,40,37,0,77,10,0,10,87
02/28/2021,AGC,PA,AEA,CE,Towers with Radar,0,17,33,0,50,0,6,0,0,6,0,23,33,0,56,0,0,0,56
03/01/2021,AGC,PA,AEA,CE,Towers with Radar,0,7,13,0,20,0,10,0,0,10,0,17,13,0,30,0,0,0,30
03/02/2021,AGC,PA,AEA,CE,Towers with Radar,0,23,32,0,55,0,34,66,0,100,0,57,98,0,155,130,0,130,285
03/03/2021,AGC,PA,AEA,CE,Towers with Radar,0,27,24,0,51,0,49,51,0,100,0,76,75,0,151,50,0,50,201
03/04/2021,AGC,PA,AEA,CE,Towers with Radar,0,19,25,0,44,0,43,39,0,82,0,62,64,0,126,56,0,56,182
03/05/2021,AGC,PA,AEA,CE,Towers with Radar,0,18,23,0,41,0,30,16,0,46,0,48,39,0,87,48,0,48,135
03/06/2021,AGC,PA,AEA,CE,Towers with Radar,0,20,16,1,37,0,23,46,0,69,0,43,62,1,106,54,0,54,160
03/07/2021,AGC,PA,AEA,CE,Towers with Radar,0,25,40,0,65,0,21,75,0,96,0,46,115,0,161,76,0,76,237
03/08/2021,AGC,PA,AEA,CE,Towers with Radar,0,8,36,1,45,0,26,61,3,90,0,34,97,4,135,82,0,82,217
03/09/2021,AGC,PA,AEA,CE,Towers with Radar,0,26,25,0,51,0,31,65,0,96,0,57,90,0,147,44,0,44,191
03/10/2021,AGC,PA,AEA,CE,Towers with Radar,0,28,21,1,50,0,40,55,3,98,0,68,76,4,148,32,0,32,180
03/11/2021,AGC,PA,AEA,CE,Towers with Radar,0,29,22,0,51,0,31,9,0,40,0,60,31,0,91,10,0,10,101
03/12/2021,AGC,PA,AEA,CE,Towers with Radar,0,22,16,0,38,0,34,54,0,88,0,56,70,0,126,64,0,64,190
03/13/2021,AGC,PA,AEA,CE,Towers with Radar,0,16,11,0,27,0,27,73,0,100,0,43,84,0,127,108,0,108,235
03/14/2021,AGC,PA,AEA,CE,Towers with Radar,0,15,23,0,38,0,31,27,0,58,0,46,50,0,96,22,0,22,118
03/15/2021,AGC,PA,AEA,CE,Towers with Radar,0,11,26,0,37,0,11,34,0,45,0,22,60,0,82,146,0,146,228
03/16/2021,AGC,PA,AEA,CE,Towers with Radar,0,11,12,0,23,0,35,36,0,71,0,46,48,0,94,30,0,30,124
03/17/2021,AGC,PA,AEA,CE,Towers with Radar,0,23,33,0,56,0,48,58,2,108,0,71,91,2,164,62,0,62,226
03/18/2021,AGC,PA,AEA,CE,Towers with Radar,0,22,13,0,35,0,5,0,0,5,0,27,13,0,40,0,0,0,40
03/19/2021,AGC,PA,AEA,CE,Towers with Radar,0,24,23,0,47,0,36,41,0,77,0,60,64,0,124,24,0,24,148
03/20/2021,AGC,PA,AEA,CE,Towers with Radar,0,22,23,0,45,0,33,82,0,115,0,55,105,0,160,82,0,82,242
03/21/2021,AGC,PA,AEA,CE,Towers with Radar,0,12,35,4,51,0,31,67,0,98,0,43,102,4,149,78,0,78,227
03/22/2021,AGC,PA,AEA,CE,Towers with Radar,0,18,40,0,58,0,50,76,1,127,0,68,116,1,185,94,0,94,279
03/23/2021,AGC,PA,AEA,CE,Towers with Radar,0,19,25,0,44,0,37,75,0,112,0,56,100,0,156,106,0,106,262
03/24/2021,AGC,PA,AEA,CE,Towers with Radar,0,21,52,0,73,0,57,59,0,116,0,78,111,0,189,66,0,66,255
03/25/2021,AGC,PA,AEA,CE,Towers with Radar,0,18,18,0,36,0,31,44,0,75,0,49,62,0,111,66,0,66,177
03/26/2021,AGC,PA,AEA,CE,Towers with Radar,0,27,20,0,47,0,15,4,2,21,0,42,24,2,68,0,0,0,68
03/27/2021,AGC,PA,AEA,CE,Towers with Radar,0,21,30,0,51,0,55,67,1,123,0,76,97,1,174,108,0,108,282
03/28/2021,AGC,PA,AEA,CE,Towers with Radar,0,24,22,0,46,0,18,0,0,18,0,42,22,0,64,0,0,0,64
03/29/2021,AGC,PA,AEA,CE,Towers with Radar,0,25,33,0,58,0,38,65,1,104,0,63,98,1,162,86,0,86,248
03/30/2021,AGC,PA,AEA,CE,Towers with Radar,0,21,26,0,47,0,45,52,0,97,0,66,78,0,144,48,0,48,192
03/31/2021,AGC,PA,AEA,CE,Towers with Radar,0,19,33,0,52,0,24,0,0,24,0,43,33,0,76,0,0,0,76
04/01/2021,AGC,PA,AEA,CE,Towers with Radar,0,13,15,0,28,0,2,3,0,5,0,15,18,0,33,2,0,2,35
04/02/2021,AGC,PA,AEA,CE,Towers with Radar,0,31,21,3,55,0,33,45,1,79,0,64,66,4,134,24,0,24,158
04/03/2021,AGC,PA,AEA,CE,Towers with Radar,0,17,32,0,49,0,16,68,0,84,0,33,100,0,133,74,0,74,207
04/04/2021,AGC,PA,AEA,CE,Towers with Radar,0,18,15,0,33,0,37,24,0,61,0,55,39,0,94,12,0,12,106
04/05/2021,AGC,PA,AEA,CE,Towers with Radar,0,23,28,0,51,0,44,53,0,97,0,67,81,0,148,72,0,72,220
04/06/2021,AGC,PA,AEA,CE,Towers with Radar,0,33,31,0,64,0,39,63,0,102,0,72,94,0,166,68,0,68,234
04/07/2021,AGC,PA,AEA,CE,Towers with Radar,0,29,26,0,55,0,49,58,0,107,0,78,84,0,162,148,0,148,310
04/08/2021,AGC,PA,AEA,CE,Towers with Radar,0,28,23,0,51,0,27,33,0,60,0,55,56,0,111,32,0,32,143
04/09/2021,AGC,PA,AEA,CE,Towers with Radar,0,21,29,0,50,0,50,42,1,93,0,71,71,1,143,64,3,67,210
04/10/2021,AGC,PA,AEA,CE,Towers with Radar,0,15,13,1,29,0,30,51,0,81,0,45,64,1,110,52,0,52,162
04/11/2021,AGC,PA,AEA,CE,Towers with Radar,0,11,23,0,34,0,20,41,0,61,0,31,64,0,95,44,0,44,139
04/12/2021,AGC,PA,AEA,CE,Towers with Radar,0,19,24,0,43,0,29,20,0,49,0,48,44,0,92,12,0,12,104
04/13/2021,AGC,PA,AEA,CE,Towers with Radar,0,24,40,0,64,0,30,53,0,83,0,54,93,0,147,52,0,52,199
04/14/2021,AGC,PA,AEA,CE,Towers with Radar,0,26,38,0,64,0,47,48,0,95,0,73,86,0,159,66,0,66,225
04/15/2021,AGC,PA,AEA,CE,Towers with Radar,0,29,20,0,49,0,39,38,2,79,0,68,58,2,128,102,0,102,230
04/16/2021,AGC,PA,AEA,CE,Towers with Radar,0,15,27,0,42,0,25,8,0,33,0,40,35,0,75,0,0,0,75
04/17/2021,AGC,PA,AEA,CE,Towers with Radar,0,19,25,0,44,0,14,50,2,66,0,33,75,2,110,100,0,100,210
04/18/2021,AGC,PA,AEA,CE,Towers with Radar,0,8,36,0,44,0,35,66,0,101,0,43,102,0,145,80,0,80,225
04/19/2021,AGC,PA,AEA,CE,Towers with Radar,0,11,20,0,31,0,41,44,0,85,0,52,64,0,116,68,0,68,184
04/20/2021,AGC,PA,AEA,CE,Towers with Radar,0,31,22,0,53,0,39,38,0,77,0,70,60,0,130,48,0,48,178
04/21/2021,AGC,PA,AEA,CE,Towers with Radar,0,16,14,0,30,0,23,8,0,31,0,39,22,0,61,10,0,10,71
04/22/2021,AGC,PA,AEA,CE,Towers with Radar,0,32,31,1,64,0,38,27,0,65,0,70,58,1,129,26,4,30,159
04/23/2021,AGC,PA,AEA,CE,Towers with Radar,0,19,42,0,61,0,46,44,0,90,0,65,86,0,151,76,0,76,227
04/24/2021,AGC,PA,AEA,CE,Towers with Radar,0,17,5,0,22,0,34,52,1,87,0,51,57,1,109,108,0,108,217
04/25/2021,AGC,PA,AEA,CE,Towers with Radar,0,12,28,0,40,0,26,33,0,59,0,38,61,0,99,0,0,0,99
04/26/2021,AGC,PA,AEA,CE,Towers with Radar,0,14,30,0,44,0,53,66,1,120,0,67,96,1,164,64,0,64,228
04/27/2021,AGC,PA,AEA,CE,Towers with Radar,0,30,26,0,56,0,55,43,3,101,0,85,69,3,157,22,0,22,179
04/28/2021,AGC,PA,AEA,CE,Towers with Radar,0,29,24,1,54,0,61,46,5,112,0,90,70,6,166,38,4,42,208
04/29/2021,AGC,PA,AEA,CE,Towers with Radar,0,29,16,0,45,0,8,2,0,10,0,37,18,0,55,0,0,0,55
04/30/2021,AGC,PA,AEA,CE,Towers with Radar,0,26,40,2,68,0,28,18,0,46,0,54,58,2,114,2,0,2,116
05/01/2021,AGC,PA,AEA,CE,Towers with Radar,0,25,22,0,47,0,47,68,0,115,0,72,90,0,162,108,0,108,270
05/02/2021,AGC,PA,AEA,CE,Towers with Radar,0,16,22,2,40,0,38,16,0,54,0,54,38,2,94,0,0,0,94
05/03/2021,AGC,PA,AEA,CE,Towers with Radar,0,21,32,0,53,0,31,2,0,33,0,52,34,0,86,0,0,0,86
05/04/2021,AGC,PA,AEA,CE,Towers with Radar,0,21,35,0,56,0,24,15,0,39,0,45,50,0,95,0,0,0,95
05/05/2021,AGC,PA,AEA,CE,Towers with Radar,0,29,49,0,78,0,30,8,0,38,0,59,57,0,116,0,0,0,116
05/06/2021,AGC,PA,AEA,CE,Towers with Radar,0,31,31,0,62,0,21,74,0,95,0,52,105,0,157,62,0,62,219
05/07/2021,AGC,PA,AEA,CE,Towers with Radar,0,24,18,0,42,0,41,9,0,50,0,65,27,0,92,2,0,2,94
05/08/2021,AGC,PA,AEA,CE,Towers with Radar,0,25,30,0,55,0,42,26,0,68,0,67,56,0,123,48,0,48,171
05/09/2021,AGC,PA,AEA,CE,Towers with Radar,0,17,22,0,39,0,7,2,0,9,0,24,24,0,48,0,0,0,48
05/10/2021,AGC,PA,AEA,CE,Towers with Radar,0,19,37,0,56,0,39,37,0,76,0,58,74,0,132,52,0,52,184
05/11/2021,AGC,PA,AEA,CE,Towers with Radar,0,27,33,0,60,0,40,37,0,77,0,67,70,0,137,26,0,26,163
05/12/2021,AGC,PA,AEA,CE,Towers with Radar,0,34,25,0,59,0,45,77,1,123,0,79,102,1,182,82,0,82,264
05/13/2021,AGC,PA,AEA,CE,Towers with Radar,0,25,41,0,66,0,56,81,0,137,0,81,122,0,203,106,0,106,309
05/14/2021,AGC,PA,AEA,CE,Towers with Radar,0,17,32,0,49,0,43,68,1,112,0,60,100,1,161,56,0,56,217
05/15/2021,AGC,PA,AEA,CE,Towers with Radar,0,23,29,0,52,0,37,98,1,136,0,60,127,1,188,102,0,102,290
05/16/2021,AGC,PA,AEA,CE,Towers with Radar,0,21,48,0,69,0,44,73,0,117,0,65,121,0,186,76,0,76,262
05/17/2021,AGC,PA,AEA,CE,Towers with Radar,0,31,30,0,61,0,65,77,0,142,0,96,107,0,203,100,0,100,303
05/18/2021,AGC,PA,AEA,CE,Towers with Radar,0,26,31,0,57,0,44,57,4,105,0,70,88,4,162,122,0,122,284
05/19/2021,AGC,PA,AEA,CE,Towers with Radar,0,23,30,0,53,0,53,59,0,112,0,76,89,0,165,76,0,76,241
05/20/2021,AGC,PA,AEA,CE,Towers with Radar,0,20,30,1,51,0,49,57,5,111,0,69,87,6,162,130,0,130,292
05/21/2021,AGC,PA,AEA,CE,Towers with Radar,0,27,25,0,52,0,38,60,6,104,0,65,85,6,156,36,0,36,192
05/22/2021,AGC,PA,AEA,CE,Towers with Radar,0,29,16,0,45,0,44,78,0,122,0,73,94,0,167,84,0,84,251
05/23/2021,AGC,PA,AEA,CE,Towers with Radar,0,27,23,0,50,0,42,52,1,95,0,69,75,1,145,24,0,24,169
05/24/2021,AGC,PA,AEA,CE,Towers with Radar,0,15,37,0,52,0,34,7,0,41,0,49,44,0,93,2,0,2,95
05/25/2021,AGC,PA,AEA,CE,Towers with Radar,0,25,40,0,65,0,44,64,0,108,0,69,104,0,173,62,0,62,235
05/26/2021,AGC,PA,AEA,CE,Towers with Radar,0,48,23,0,71,0,30,18,0,48,0,78,41,0,119,34,0,34,153
05/27/2021,AGC,PA,AEA,CE,Towers with Radar,0,32,55,0,87,0,55,75,0,130,0,87,130,0,217,80,0,80,297
05/28/2021,AGC,PA,AEA,CE,Towers with Radar,0,22,23,1,46,0,19,10,2,31,0,41,33,3,77,18,0,18,95
05/29/2021,AGC,PA,AEA,CE,Towers with Radar,0,18,27,0,45,0,1,0,0,1,0,19,27,0,46,0,0,0,46
05/30/2021,AGC,PA,AEA,CE,Towers with Radar,0,18,43,0,61,0,20,37,0,57,0,38,80,0,118,28,0,28,146
05/31/2021,AGC,PA,AEA,CE,Towers with Radar,0,17,15,0,32,0,46,56,0,102,0,63,71,0,134,70,0,70,204
06/01/2021,AGC,PA,AEA,CE,Towers with Radar,0,27,31,0,58,0,41,51,0,92,0,68,82,0,150,70,0,70,220
06/02/2021,AGC,PA,AEA,CE,Towers with Radar,0,38,24,2,64,0,47,23,3,73,0,85,47,5,137,42,0,42,179
06/03/2021,AGC,PA,AEA,CE,Towers with Radar,0,38,39,0,77,0,18,6,0,24,0,56,45,0,101,6,0,6,107
06/04/2021,AGC,PA,AEA,CE,Towers with Radar,0,29,35,0,64,0,37,57,3,97,0,66,92,3,161,62,0,62,223
06/05/2021,AGC,PA,AEA,CE,Towers with Radar,0,23,29,0,52,0,27,79,0,106,0,50,108,0,158,84,0,84,242
06/06/2021,AGC,PA,AEA,CE,Towers with Radar,0,28,39,0,67,0,52,63,0,115,0,80,102,0,182,82,0,82,264
06/07/2021,AGC,PA,AEA,CE,Towers with Radar,0,19,23,0,42,0,36,47,0,83,0,55,70,0,125,100,10,110,235
06/08/2021,AGC,PA,AEA,CE,Towers with Radar,0,36,48,0,84,0,49,11,0,60,0,85,59,0,144,38,0,38,182
06/09/2021,AGC,PA,AEA,CE,Towers with Radar,0,29,31,0,60,0,44,10,0,54,0,73,41,0,114,24,0,24,138
06/10/2021,AGC,PA,AEA,CE,Towers with Radar,0,21,53,0,74,0,29,18,0,47,0,50,71,0,121,70,0,70,191
06/11/2021,AGC,PA,AEA,CE,Towers with Radar,0,25,35,0,60,0,24,20,0,44,0,49,55,0,104,30,0,30,134
06/12/2021,AGC,PA,AEA,CE,Towers with Radar,0,18,32,0,50,0,39,36,0,75,0,57,68,0,125,68,0,68,193
06/13/2021,AGC,PA,AEA,CE,Towers with Radar,0,28,18,0,46,0,43,22,0,65,0,71,40,0,111,28,0,28,139
06/14/2021,AGC,PA,AEA,CE,Towers with Radar,0,20,30,0,50,0,42,39,0,81,0,62,69,0,131,54,0,54,185
06/15/2021,AGC,PA,AEA,CE,Towers with Radar,0,24,35,0,59,0,45,59,0,104,0,69,94,0,163,84,0,84,247
06/16/2021,AGC,PA,AEA,CE,Towers with Radar,0,30,36,0,66,0,63,61,0,124,0,93,97,0,190,62,0,62,252
06/17/2021,AGC,PA,AEA,CE,Towers with Radar,0,24,41,0,65,0,42,79,0,121,0,66,120,0,186,114,0,114,300
06/18/2021,AGC,PA,AEA,CE,Towers with Radar,0,28,26,0,54,0,45,48,0,93,0,73,74,0,147,14,0,14,161
06/19/2021,AGC,PA,AEA,CE,Towers with Radar,0,18,11,0,29,0,43,22,2,67,0,61,33,2,96,20,0,20,116
06/20/2021,AGC,PA,AEA,CE,Towers with Radar,0,27,25,0,52,0,37,54,0,91,0,64,79,0,143,20,0,20,163
06/21/2021,AGC,PA,AEA,CE,Towers with Radar,0,15,29,0,44,0,10,16,0,26,0,25,45,0,70,6,0,6,76
06/22/2021,AGC,PA,AEA,CE,Towers with Radar,0,30,44,0,74,0,26,40,0,66,0,56,84,0,140,104,0,104,244
06/23/2021,AGC,PA,AEA,CE,Towers with Radar,0,21,44,0,65,0,43,94,0,137,0,64,138,0,202,116,0,116,318
06/24/2021,AGC,PA,AEA,CE,Towers with Radar,0,29,40,0,69,0,63,77,0,140,0,92,117,0,209,94,0,94,303
06/25/2021,AGC,PA,AEA,CE,Towers with Radar,0,28,42,0,70,0,62,83,0,145,0,90,125,0,215,74,0,74,289
06/26/2021,AGC,PA,AEA,CE,Towers with Radar,0,27,20,2,49,0,38,44,1,83,0,65,64,3,132,18,0,18,150
06/27/2021,AGC,PA,AEA,CE,Towers with Radar,0,28,29,0,57,0,64,60,0,124,0,92,89,0,181,27,0,27,208
06/28/2021,AGC,PA,AEA,CE,Towers with Radar,0,20,22,0,42,0,30,76,0,106,0,50,98,0,148,148,0,148,296
06/29/2021,AGC,PA,AEA,CE,Towers with Radar,0,26,26,0,52,0,52,80,0,132,0,78,106,0,184,110,0,110,294
06/30/2021,AGC,PA,AEA,CE,Towers with Radar,0,32,25,0,57,0,22,28,0,50,0,54,53,0,107,36,0,36,143
07/01/2021,AGC,PA,AEA,CE,Towers with Radar,0,32,29,0,61,0,24,5,0,29,0,56,34,0,90,0,0,0,90
07/02/2021,AGC,PA,AEA,CE,Towers with Radar,0,27,39,0,66,0,41,30,0,71,0,68,69,0,137,26,0,26,163
07/03/2021,AGC,PA,AEA,CE,Towers with Radar,0,23,22,0,45,0,36,23,0,59,0,59,45,0,104,62,0,62,166
07/04/2021,AGC,PA,AEA,CE,Towers with Radar,0,9,13,0,22,0,66,103,0,169,0,75,116,0,191,8,0,8,199
07/05/2021,AGC,PA,AEA,CE,Towers with Radar,0,16,26,0,42,0,62,67,0,129,0,78,93,0,171,86,0,86,257
07/06/2021,AGC,PA,AEA,CE,Towers with Radar,0,27,47,0,74,0,46,72,0,118,0,73,119,0,192,94,0,94,286
07/07/2021,AGC,PA,AEA,CE,Towers with Radar,0,28,27,0,55,0,21,35,0,56,0,49,62,0,111,70,0,70,181
07/08/2021,AGC,PA,AEA,CE,Towers with Radar,0,32,33,0,65,0,16,5,0,21,0,48,38,0,86,0,0,0,86
07/09/2021,AGC,PA,AEA,CE,Towers with Radar,0,29,32,0,61,0,33,27,0,60,0,62,59,0,121,0,0,0,121
07/10/2021,AGC,PA,AEA,CE,Towers with Radar,0,21,31,0,52,0,74,72,0,146,0,95,103,0,198,120,0,120,318
07/11/2021,AGC,PA,AEA,CE,Towers with Radar,0,25,26,0,51,0,24,25,0,49,0,49,51,0,100,40,0,40,140
07/12/2021,AGC,PA,AEA,CE,Towers with Radar,0,22,45,0,67,0,32,13,0,45,0,54,58,0,112,6,0,6,118
07/13/2021,AGC,PA,AEA,CE,Towers with Radar,0,42,44,0,86,0,31,34,0,65,0,73,78,0,151,36,0,36,187
07/14/2021,AGC,PA,AEA,CE,Towers with Radar,0,30,54,0,84,0,55,22,0,77,0,85,76,0,161,34,0,34,195
07/15/2021,AGC,PA,AEA,CE,Towers with Radar,0,35,42,0,77,0,50,45,2,97,0,85,87,2,174,60,0,60,234
07/16/2021,AGC,PA,AEA,CE,Towers with Radar,0,32,21,0,53,0,25,17,0,42,0,57,38,0,95,16,0,16,111
07/17/2021,AGC,PA,AEA,CE,Towers with Radar,0,18,19,0,37,0,31,8,0,39,0,49,27,0,76,30,0,30,106
07/18/2021,AGC,PA,AEA,CE,Towers with Radar,0,28,38,0,66,0,100,45,0,145,0,128,83,0,211,56,0,56,267
07/19/2021,AGC,PA,AEA,CE,Towers with Radar,0,30,33,0,63,0,46,60,0,106,0,76,93,0,169,88,0,88,257
07/20/2021,AGC,PA,AEA,CE,Towers with Radar,0,34,32,4,70,0,37,50,1,88,0,71,82,5,158,62,0,62,220
07/21/2021,AGC,PA,AEA,CE,Towers with Radar,0,27,39,0,66,0,67,31,0,98,0,94,70,0,164,36,0,36,200
07/22/2021,AGC,PA,AEA,CE,Towers with Radar,0,20,51,0,71,0,47,49,3,99,0,67,100,3,170,84,0,84,254
07/23/2021,AGC,PA,AEA,CE,Towers with Radar,0,24,47,0,71,0,53,37,0,90,0,77,84,0,161,42,0,42,203
07/24/2021,AGC,PA,AEA,CE,Towers with Radar,0,17,20,0,37,0,84,36,0,120,0,101,56,0,157,74,0,74,231
07/25/2021,AGC,PA,AEA,CE,Towers with Radar,0,18,41,0,59,0,76,11,0,87,0,94,52,0,146,20,0,20,166
07/26/2021,AGC,PA,AEA,CE,Towers with Radar,0,22,24,0,46,0,30,43,0,73,0,52,67,0,119,30,0,30,149
07/27/2021,AGC,PA,AEA,CE,Towers with Radar,0,28,39,0,67,0,51,54,0,105,0,79,93,0,172,122,0,122,294
07/28/2021,AGC,PA,AEA,CE,Towers with Radar,0,36,37,0,73,0,72,48,0,120,0,108,85,0,193,40,0,40,233
07/29/2021,AGC,PA,AEA,CE,Towers with Radar,0,28,25,0,53,0,40,14,0,54,0,68,39,0,107,12,0,12,119
07/30/2021,AGC,PA,AEA,CE,Towers with Radar,0,42,35,0,77,0,79,63,0,142,0,121,98,0,219,88,0,88,307
07/31/2021,AGC,PA,AEA,CE,Towers with Radar,0,24,44,0,68,0,80,66,0,146,0,104,110,0,214,114,0,114,328
08/01/2021,AGC,PA,AEA,CE,Towers with Radar,0,17,30,0,47,0,54,24,0,78,0,71,54,0,125,34,0,34,159
08/02/2021,AGC,PA,AEA,CE,Towers with Radar,0,21,34,0,55,0,47,46,0,93,0,68,80,0,148,72,0,72,220
08/03/2021,AGC,PA,AEA,CE,Towers with Radar,0,19,24,1,44,0,31,43,0,74,0,50,67,1,118,78,0,78,196
08/04/2021,AGC,PA,AEA,CE,Towers with Radar,0,29,31,0,60,0,65,41,0,106,0,94,72,0,166,22,0,22,188
08/05/2021,AGC,PA,AEA,CE,Towers with Radar,0,24,37,0,61,0,33,46,0,79,0,57,83,0,140,66,2,68,208
08/06/2021,AGC,PA,AEA,CE,Towers with Radar,0,34,31,0,65,0,90,62,0,152,0,124,93,0,217,50,0,50,267
08/07/2021,AGC,PA,AEA,CE,Towers with Radar,0,26,32,0,58,0,65,60,2,127,0,91,92,2,185,48,0,48,233
08/08/2021,AGC,PA,AEA,CE,Towers with Radar,0,29,34,0,63,0,70,25,0,95,0,99,59,0,158,50,0,50,208
08/09/2021,AGC,PA,AEA,CE,Towers with Radar,0,23,55,0,78,0,27,45,1,73,0,50,100,1,151,40,0,40,191
08/10/2021,AGC,PA,AEA,CE,Towers with Radar,0,35,35,1,71,0,32,16,1,49,0,67,51,2,120,18,0,18,138
08/11/2021,AGC,PA,AEA,CE,Towers with Radar,0,28,27,0,55,0,21,36,0,57,0,49,63,0,112,36,0,36,148
08/12/2021,AGC,PA,AEA,CE,Towers with Radar,0,20,27,0,47,0,57,39,1,97,0,77,66,1,144,18,0,18,162
08/13/2021,AGC,PA,AEA,CE,Towers with Radar,0,33,31,0,64,0,54,67,1,122,0,87,98,1,186,74,0,74,260
08/14/2021,AGC,PA,AEA,CE,Towers with Radar,0,32,51,0,83,0,37,39,0,76,0,69,90,0,159,36,0,36,195
08/15/2021,AGC,PA,AEA,CE,Towers with Radar,0,16,36,0,52,0,40,57,3,100,0,56,93,3,152,84,0,84,236
08/16/2021,AGC,PA,AEA,CE,Towers with Radar,0,25,35,0,60,0,17,8,0,25,0,42,43,0,85,4,0,4,89
08/17/2021,AGC,PA,AEA,CE,Towers with Radar,0,19,29,2,50,0,22,20,0,42,0,41,49,2,92,32,0,32,124
08/18/2021,AGC,PA,AEA,CE,Towers with Radar,0,19,23,0,42,0,11,0,0,11,0,30,23,0,53,0,0,0,53
08/19/2021,AGC,PA,AEA,CE,Towers with Radar,0,37,47,0,84,0,39,12,0,51,0,76,59,0,135,26,0,26,161
08/20/2021,AGC,PA,AEA,CE,Towers with Radar,0,26,49,0,75,0,26,41,0,67,0,52,90,0,142,26,0,26,168
08/21/2021,AGC,PA,AEA,CE,Towers with Radar,0,28,33,0,61,0,50,47,0,97,0,78,80,0,158,50,0,50,208
08/22/2021,AGC,PA,AEA,CE,Towers with Radar,0,25,32,0,57,0,53,42,0,95,0,78,74,0,152,72,0,72,224
08/23/2021,AGC,PA,AEA,CE,Towers with Radar,0,26,38,0,64,0,42,36,0,78,0,68,74,0,142,58,0,58,200
08/24/2021,AGC,PA,AEA,CE,Towers with Radar,0,33,38,0,71,0,52,82,1,135,0,85,120,1,206,60,0,60,266
08/25/2021,AGC,PA,AEA,CE,Towers with Radar,0,21,33,0,54,0,35,29,0,64,0,56,62,0,118,22,0,22,140
08/26/2021,AGC,PA,AEA,CE,Towers with Radar,0,33,46,0,79,0,35,27,0,62,0,68,73,0,141,64,0,64,205
08/27/2021,AGC,PA,AEA,CE,Towers with Radar,0,37,37,0,74,0,36,42,0,78,0,73,79,0,152,106,0,106,258
08/28/2021,AGC,PA,AEA,CE,Towers with Radar,0,30,20,0,50,0,34,72,4,110,0,64,92,4,160,48,0,48,208
08/29/2021,AGC,PA,AEA,CE,Towers with Radar,0,22,41,0,63,0,22,27,0,49,0,44,68,0,112,32,0,32,144
08/30/2021,AGC,PA,AEA,CE,Towers with Radar,0,15,30,0,45,0,45,22,0,67,0,60,52,0,112,30,0,30,142
08/31/2021,AGC,PA,AEA,CE,Towers with Radar,0,24,45,0,69,0,4,0,0,4,0,28,45,0,73,0,0,0,73
09/01/2021,AGC,PA,AEA,CE,Towers with Radar,0,28,23,0,51,0,10,0,0,10,0,38,23,0,61,0,0,0,61
09/02/2021,AGC,PA,AEA,CE,Towers with Radar,0,26,56,0,82,0,32,54,0,86,0,58,110,0,168,66,0,66,234
09/03/2021,AGC,PA,AEA,CE,Towers with Radar,0,26,34,0,60,0,45,60,0,105,0,71,94,0,165,34,0,34,199
09/04/2021,AGC,PA,AEA,CE,Towers with Radar,0,17,22,0,39,0,60,77,2,139,0,77,99,2,178,42,0,42,220
09/05/2021,AGC,PA,AEA,CE,Towers with Radar,0,13,13,0,26,0,20,2,0,22,0,33,15,0,48,0,0,0,48
09/06/2021,AGC,PA,AEA,CE,Towers with Radar,0,11,24,0,35,1,32,26,0,59,1,43,50,0,94,6,0,6,100
09/07/2021,AGC,PA,AEA,CE,Towers with Radar,0,23,34,0,57,0,35,43,0,78,0,58,77,0,135,58,8,66,201
09/08/2021,AGC,PA,AEA,CE,Towers with Radar,0,20,21,0,41,0,37,4,0,41,0,57,25,0,82,10,0,10,92
09/09/2021,AGC,PA,AEA,CE,Towers with Radar,0,28,61,0,89,0,20,25,0,45,0,48,86,0,134,102,0,102,236
09/10/2021,AGC,PA,AEA,CE,Towers with Radar,0,31,37,0,68,0,51,44,0,95,0,82,81,0,163,44,0,44,207
09/11/2021,AGC,PA,AEA,CE,Towers with Radar,0,24,38,0,62,0,75,50,3,128,0,99,88,3,190,40,0,40,230
09/12/2021,AGC,PA,AEA,CE,Towers with Radar,0,16,33,0,49,0,48,35,0,83,0,64,68,0,132,56,0,56,188
09/13/2021,AGC,PA,AEA,CE,Towers with Radar,0,21,40,0,61,0,51,28,0,79,0,72,68,0,140,36,0,36,176
09/14/2021,AGC,PA,AEA,CE,Towers with Radar,0,29,30,0,59,0,29,60,3,92,0,58,90,3,151,64,0,64,215
09/15/2021,AGC,PA,AEA,CE,Towers with Radar,0,26,24,0,50,0,33,8,0,41,0,59,32,0,91,0,0,0,91
09/16/2021,AGC,PA,AEA,CE,Towers with Radar,0,31,49,0,80,0,49,35,0,84,0,80,84,0,164,32,0,32,196
09/17/2021,AGC,PA,AEA,CE,Towers with Radar,0,47,37,0,84,0,76,76,1,153,0,123,113,1,237,46,0,46,283
09/18/2021,AGC,PA,AEA,CE,Towers with Radar,0,28,39,0,67,0,58,57,0,115,0,86,96,0,182,46,0,46,228
09/19/2021,AGC,PA,AEA,CE,Towers with Radar,0,37,46,2,85,0,31,54,0,85,0,68,100,2,170,110,0,110,280
09/20/2021,AGC,PA,AEA,CE,Towers with Radar,0,15,34,0,49,0,53,32,0,85,0,68,66,0,134,36,0,36,170
09/21/2021,AGC,PA,AEA,CE,Towers with Radar,0,37,44,0,81,0,53,53,0,106,0,90,97,0,187,66,0,66,253
09/22/2021,AGC,PA,AEA,CE,Towers with Radar,0,24,27,0,51,0,24,6,0,30,0,48,33,0,81,32,0,32,113
09/23/2021,AGC,PA,AEA,CE,Towers with Radar,0,20,23,0,43,0,37,14,0,51,0,57,37,0,94,4,0,4,98
09/24/2021,AGC,PA,AEA,CE,Towers with Radar,0,20,48,0,68,0,51,54,2,107,0,71,102,2,175,23,0,23,198
09/25/2021,AGC,PA,AEA,CE,Towers with Radar,0,33,23,0,56,0,75,48,0,123,0,108,71,0,179,34,0,34,213
09/26/2021,AGC,PA,AEA,CE,Towers with Radar,0,23,44,0,67,0,64,70,1,135,0,87,114,1,202,58,10,68,270
09/27/2021,AGC,PA,AEA,CE,Towers with Radar,0,26,28,0,54,0,75,26,0,101,0,101,54,0,155,28,0,28,183
09/28/2021,AGC,PA,AEA,CE,Towers with Radar,0,15,29,0,44,0,25,30,0,55,0,40,59,0,99,44,0,44,143
09/29/2021,AGC,PA,AEA,CE,Towers with Radar,0,26,48,0,74,0,60,68,1,129,0,86,116,1,203,66,0,66,269
09/30/2021,AGC,PA,AEA,CE,Towers with Radar,0,32,23,0,55,0,51,64,0,115,0,83,87,0,170,60,0,60,230
10/01/2021,AGC,PA,AEA,CE,Towers with Radar,0,39,47,0,86,0,47,76,2,125,0,86,123,2,211,50,0,50,261
10/02/2021,AGC,PA,AEA,CE,Towers with Radar,0,33,34,2,69,0,68,49,1,118,0,101,83,3,187,96,0,96,283
10/03/2021,AGC,PA,AEA,CE,Towers with Radar,0,41,31,0,72,0,31,9,0,40,0,72,40,0,112,24,0,24,136
10/04/2021,AGC,PA,AEA,CE,Towers with Radar,0,20,36,0,56,0,10,12,0,22,0,30,48,0,78,6,0,6,84
10/05/2021,AGC,PA,AEA,CE,Towers with Radar,0,25,36,0,61,0,37,42,0,79,0,62,78,0,140,42,0,42,182
10/06/2021,AGC,PA,AEA,CE,Towers with Radar,0,30,50,1,81,0,57,36,2,95,0,87,86,3,176,48,2,50,226
10/07/2021,AGC,PA,AEA,CE,Towers with Radar,0,27,37,0,64,0,31,46,0,77,0,58,83,0,141,88,0,88,229
10/08/2021,AGC,PA,AEA,CE,Towers with Radar,0,32,48,0,80,0,43,52,0,95,0,75,100,0,175,78,0,78,253
10/09/2021,AGC,PA,AEA,CE,Towers with Radar,0,16,44,0,60,0,42,3,0,45,0,58,47,0,105,0,0,0,105
10/10/2021,AGC,PA,AEA,CE,Towers with Radar,3,34,46,0,83,0,59,64,0,123,3,93,110,0,206,54,0,54,260
10/11/2021,AGC,PA,AEA,CE,Towers with Radar,0,19,50,0,69,0,39,52,0,91,0,58,102,0,160,96,0,96,256
10/12/2021,AGC,PA,AEA,CE,Towers with Radar,0,41,45,0,86,0,52,53,0,105,0,93,98,0,191,80,0,80,271
10/13/2021,AGC,PA,AEA,CE,Towers with Radar,0,26,36,0,62,0,59,34,0,93,0,85,70,0,155,76,0,76,231
10/14/2021,AGC,PA,AEA,CE,Towers with Radar,0,42,49,1,92,0,45,63,0,108,0,87,112,1,200,70,2,72,272
10/15/2021,AGC,PA,AEA,CE,Towers with Radar,0,41,41,0,82,0,37,31,0,68,0,78,72,0,150,20,0,20,170
10/16/2021,AGC,PA,AEA,CE,Towers with Radar,0,20,31,0,51,0,52,8,0,60,0,72,39,0,111,2,0,2,113
10/17/2021,AGC,PA,AEA,CE,Towers with Radar,0,15,47,0,62,0,73,40,0,113,0,88,87,0,175,6,0,6,181
10/18/2021,AGC,PA,AEA,CE,Towers with Radar,0,25,43,0,68,0,49,27,0,76,0,74,70,0,144,38,0,38,182
10/19/2021,AGC,PA,AEA,CE,Towers with Radar,0,30,42,0,72,0,40,63,0,103,0,70,105,0,175,110,0,110,285
10/20/2021,AGC,PA,AEA,CE,Towers with Radar,0,34,48,0,82,0,42,64,0,106,0,76,112,0,188,52,0,52,240
10/21/2021,AGC,PA,AEA,CE,Towers with Radar,0,29,45,0,74,0,24,17,0,41,0,53,62,0,115,38,0,38,153
10/22/2021,AGC,PA,AEA,CE,Towers with Radar,0,35,55,0,90,0,4,3,0,7,0,39,58,0,97,10,0,10,107
10/23/2021,AGC,PA,AEA,CE,Towers with Radar,0,28,32,0,60,0,29,0,0,29,0,57,32,0,89,4,0,4,93
10/24/2021,AGC,PA,AEA,CE,Towers with Radar,0,25,29,0,54,0,31,27,0,58,0,56,56,0,112,42,0,42,154
10/25/2021,AGC,PA,AEA,CE,Towers with Radar,0,18,24,0,42,0,44,23,0,67,0,62,47,0,109,24,0,24,133
10/26/2021,AGC,PA,AEA,CE,Towers with Radar,0,16,18,2,36,0,8,0,0,8,0,24,18,2,44,0,0,0,44
10/27/2021,AGC,PA,AEA,CE,Towers with Radar,0,40,42,0,82,0,18,6,0,24,0,58,48,0,106,4,0,4,110
10/28/2021,AGC,PA,AEA,CE,Towers with Radar,0,27,27,0,54,0,65,38,0,103,0,92,65,0,157,24,0,24,181
10/29/2021,AGC,PA,AEA,CE,Towers with Radar,0,27,16,0,43,0,16,0,0,16,0,43,16,0,59,0,0,0,59
10/30/2021,AGC,PA,AEA,CE,Towers with Radar,0,31,22,0,53,0,20,2,0,22,0,51,24,0,75,14,0,14,89
10/31/2021,AGC,PA,AEA,CE,Towers with Radar,0,17,26,0,43,0,18,9,0,27,0,35,35,0,70,26,0,26,96
11/01/2021,AGC,PA,AEA,CE,Towers with Radar,0,16,26,2,44,0,32,43,0,75,0,48,69,2,119,58,8,66,185
11/02/2021,AGC,PA,AEA,CE,Towers with Radar,0,27,31,0,58,0,43,42,0,85,0,70,73,0,143,78,0,78,221
11/03/2021,AGC,PA,AEA,CE,Towers with Radar,0,33,47,0,80,0,47,37,0,84,0,80,84,0,164,86,0,86,250
11/04/2021,AGC,PA,AEA,CE,Towers with Radar,0,34,60,1,95,0,62,54,1,117,0,96,114,2,212,78,0,78,290
11/05/2021,AGC,PA,AEA,CE,Towers with Radar,0,23,27,0,50,0,60,55,0,115,0,83,82,0,165,158,0,158,323
11/06/2021,AGC,PA,AEA,CE,Towers with Radar,0,30,31,2,63,0,41,72,0,113,0,71,103,2,176,74,0,74,250
11/07/2021,AGC,PA,AEA,CE,Towers with Radar,0,22,34,0,56,0,32,43,0,75,0,54,77,0,131,54,0,54,185
11/08/2021,AGC,PA,AEA,CE,Towers with Radar,0,30,55,0,85,0,44,51,0,95,0,74,106,0,180,44,0,44,224
11/09/2021,AGC,PA,AEA,CE,Towers with Radar,0,29,25,0,54,0,51,62,0,113,0,80,87,0,167,64,0,64,231
11/10/2021,AGC,PA,AEA,CE,Towers with Radar,1,35,63,0,99,0,28,43,1,72,1,63,106,1,171,78,0,78,249
11/11/2021,AGC,PA,AEA,CE,Towers with Radar,0,20,29,0,49,0,50,35,0,85,0,70,64,0,134,14,0,14,148
11/12/2021,AGC,PA,AEA,CE,Towers with Radar,0,29,39,0,68,0,46,29,0,75,0,75,68,0,143,26,0,26,169
11/13/2021,AGC,PA,AEA,CE,Towers with Radar,0,25,18,0,43,0,26,10,0,36,0,51,28,0,79,0,0,0,79
11/14/2021,AGC,PA,AEA,CE,Towers with Radar,0,14,36,0,50,0,17,7,0,24,0,31,43,0,74,38,0,38,112
11/15/2021,AGC,PA,AEA,CE,Towers with Radar,0,19,28,0,47,0,30,7,0,37,0,49,35,0,84,26,0,26,110
11/16/2021,AGC,PA,AEA,CE,Towers with Radar,0,28,33,0,61,0,41,41,2,84,0,69,74,2,145,64,0,64,209
11/17/2021,AGC,PA,AEA,CE,Towers with Radar,0,22,37,0,59,0,49,17,0,66,0,71,54,0,125,22,0,22,147
11/18/2021,AGC,PA,AEA,CE,Towers with Radar,0,37,42,0,79,0,30,2,0,32,0,67,44,0,111,0,0,0,111
11/19/2021,AGC,PA,AEA,CE,Towers with Radar,0,43,29,0,72,0,35,53,0,88,0,78,82,0,160,38,0,38,198
11/20/2021,AGC,PA,AEA,CE,Towers with Radar,0,51,20,0,71,0,24,68,4,96,0,75,88,4,167,40,0,40,207
11/21/2021,AGC,PA,AEA,CE,Towers with Radar,0,22,27,0,49,0,18,22,3,43,0,40,49,3,92,22,0,22,114
11/22/2021,AGC,PA,AEA,CE,Towers with Radar,0,37,18,0,55,0,40,35,0,75,0,77,53,0,130,34,0,34,164
11/23/2021,AGC,PA,AEA,CE,Towers with Radar,0,24,35,0,59,0,39,53,0,92,0,63,88,0,151,78,0,78,229
11/24/2021,AGC,PA,AEA,CE,Towers with Radar,0,26,35,0,61,0,37,56,0,93,0,63,91,0,154,28,0,28,182
11/25/2021,AGC,PA,AEA,CE,Towers with Radar,0,22,4,0,26,0,19,3,0,22,0,41,7,0,48,0,0,0,48
11/26/2021,AGC,PA,AEA,CE,Towers with Radar,0,24,7,0,31,0,10,1,0,11,0,34,8,0,42,0,0,0,42
11/27/2021,AGC,PA,AEA,CE,Towers with Radar,0,28,26,0,54,0,29,42,1,72,0,57,68,1,126,64,0,64,190
11/28/2021,AGC,PA,AEA,CE,Towers with Radar,0,18,30,0,48,0,21,10,0,31,0,39,40,0,79,40,0,40,119
11/29/2021,AGC,PA,AEA,CE,Towers with Radar,0,26,33,2,61,0,19,20,4,43,0,45,53,6,104,52,0,52,156
11/30/2021,AGC,PA,AEA,CE,Towers with Radar,0,27,35,0,62,0,22,44,0,66,0,49,79,0,128,78,0,78,206
12/01/2021,AGC,PA,AEA,CE,Towers with Radar,0,36,27,0,63,0,20,23,0,43,0,56,50,0,106,92,0,92,198
12/02/2021,AGC,PA,AEA,CE,Towers with Radar,0,27,21,0,48,0,33,4,0,37,0,60,25,0,85,2,0,2,87
12/03/2021,AGC,PA,AEA,CE,Towers with Radar,0,23,27,0,50,0,36,36,2,74,0,59,63,2,124,62,0,62,186
12/04/2021,AGC,PA,AEA,CE,Towers with Radar,0,31,29,1,61,0,53,73,11,137,0,84,102,12,198,106,0,106,304
12/05/2021,AGC,PA,AEA,CE,Towers with Radar,0,31,28,0,59,0,31,48,0,79,0,62,76,0,138,34,0,34,172
12/06/2021,AGC,PA,AEA,CE,Towers with Radar,0,22,26,0,48,0,25,2,0,27,0,47,28,0,75,0,0,0,75
12/07/2021,AGC,PA,AEA,CE,Towers with Radar,0,26,31,0,57,0,44,40,1,85,0,70,71,1,142,104,0,104,246
12/08/2021,AGC,PA,AEA,CE,Towers with Radar,0,24,26,0,50,0,25,8,1,34,0,49,34,1,84,2,0,2,86
12/09/2021,AGC,PA,AEA,CE,Towers with Radar,0,39,38,0,77,0,31,52,2,85,0,70,90,2,162,92,0,92,254
12/10/2021,AGC,PA,AEA,CE,Towers with Radar,0,20,20,0,40,0,21,44,0,65,0,41,64,0,105,102,0,102,207
12/11/2021,AGC,PA,AEA,CE,Towers with Radar,0,17,9,0,26,0,11,0,0,11,0,28,9,0,37,0,0,0,37
12/12/2021,AGC,PA,AEA,CE,Towers with Radar,0,27,19,0,46,0,33,27,0,60,0,60,46,0,106,46,0,46,152
12/13/2021,AGC,PA,AEA,CE,Towers with Radar,0,27,34,3,64,0,31,48,2,81,0,58,82,5,145,94,0,94,239
12/14/2021,AGC,PA,AEA,CE,Towers with Radar,0,27,50,0,77,0,59,47,0,106,0,86,97,0,183,50,0,50,233
12/15/2021,AGC,PA,AEA,CE,Towers with Radar,0,23,33,1,57,0,41,28,0,69,0,64,61,1,126,78,0,78,204
12/16/2021,AGC,PA,AEA,CE,Towers with Radar,0,32,27,0,59,0,41,5,0,46,0,73,32,0,105,4,0,4,109
12/17/2021,AGC,PA,AEA,CE,Towers with Radar,0,28,33,0,61,0,32,47,0,79,0,60,80,0,140,46,0,46,186
12/18/2021,AGC,PA,AEA,CE,Towers with Radar,0,14,32,1,47,0,0,0,0,0,0,14,32,1,47,0,0,0,47
12/19/2021,AGC,PA,AEA,CE,Towers with Radar,0,19,38,1,58,0,23,26,1,50,0,42,64,2,108,38,0,38,146
12/20/2021,AGC,PA,AEA,CE,Towers with Radar,0,22,34,0,56,0,33,47,2,82,0,55,81,2,138,54,2,56,194
12/21/2021,AGC,PA,AEA,CE,Towers with Radar,0,29,27,0,56,0,33,57,0,90,0,62,84,0,146,130,0,130,276
12/22/2021,AGC,PA,AEA,CE,Towers with Radar,0,21,18,0,39,0,41,12,0,53,0,62,30,0,92,44,0,44,136
12/23/2021,AGC,PA,AEA,CE,Towers with Radar,0,28,23,0,51,0,48,42,3,93,0,76,65,3,144,50,0,50,194
12/24/2021,AGC,PA,AEA,CE,Towers with Radar,0,18,10,0,28,0,28,19,0,47,0,46,29,0,75,40,0,40,115
12/25/2021,AGC,PA,AEA,CE,Towers with Radar,0,14,14,0,28,0,13,0,0,13,0,27,14,0,41,0,0,0,41
12/26/2021,AGC,PA,AEA,CE,Towers with Radar,0,18,22,0,40,0,22,30,0,52,0,40,52,0,92,112,0,112,204
12/27/2021,AGC,PA,AEA,CE,Towers with Radar,0,26,9,0,35,0,21,1,0,22,0,47,10,0,57,0,0,0,57
12/28/2021,AGC,PA,AEA,CE,Towers with Radar,0,27,17,0,44,0,25,18,0,43,0,52,35,0,87,42,0,42,129
12/29/2021,AGC,PA,AEA,CE,Towers with Radar,0,17,9,2,28,0,6,4,0,10,0,23,13,2,38,0,0,0,38
12/30/2021,AGC,PA,AEA,CE,Towers with Radar,0,28,28,0,56,0,26,7,0,33,0,54,35,0,89,8,0,8,97
12/31/2021,AGC,PA,AEA,CE,Towers with Radar,0,27,22,0,49,0,27,23,0,50,0,54,45,0,99,18,0,18,117
01/01/2022,AGC,PA,AEA,CE,Towers with Radar,0,18,8,0,26,0,7,0,1,8,0,25,8,1,34,0,0,0,34
01/02/2022,AGC,PA,AEA,CE,Towers with Radar,0,19,13,0,32,0,9,0,0,9,0,28,13,0,41,0,0,0,41
01/03/2022,AGC,PA,AEA,CE,Towers with Radar,0,26,21,1,48,0,46,28,1,75,0,72,49,2,123,54,0,54,177
01/04/2022,AGC,PA,AEA,CE,Towers with Radar,0,22,32,0,54,0,40,42,2,84,0,62,74,2,138,82,0,82,220
01/05/2022,AGC,PA,AEA,CE,Towers with Radar,0,23,16,2,41,0,20,8,4,32,0,43,24,6,73,0,0,0,73
01/06/2022,AGC,PA,AEA,CE,Towers with Radar,0,28,13,1,42,0,19,24,1,44,0,47,37,2,86,82,0,82,168
01/07/2022,AGC,PA,AEA,CE,Towers with Radar,0,29,9,0,38,0,6,6,0,12,0,35,15,0,50,0,0,0,50
01/08/2022,AGC,PA,AEA,CE,Towers with Radar,0,25,16,0,41,0,29,58,0,87,0,54,74,0,128,78,0,78,206
01/09/2022,AGC,PA,AEA,CE,Towers with Radar,0,10,13,0,23,0,5,2,0,7,0,15,15,0,30,4,0,4,34
01/10/2022,AGC,PA,AEA,CE,Towers with Radar,0,15,21,0,36,0,22,9,0,31,0,37,30,0,67,30,0,30,97
01/11/2022,AGC,PA,AEA,CE,Towers with Radar,0,21,26,0,47,0,26,46,4,76,0,47,72,4,123,86,0,86,209
01/12/2022,AGC,PA,AEA,CE,Towers with Radar,0,21,23,2,46,0,46,34,0,80,0,67,57,2,126,54,0,54,180
01/13/2022,AGC,PA,AEA,CE,Towers with Radar,0,26,23,0,49,0,14,18,7,39,0,40,41,7,88,30,0,30,118
01/14/2022,AGC,PA,AEA,CE,Towers with Radar,0,22,23,2,47,0,7,3,0,10,0,29,26,2,57,0,0,0,57
01/15/2022,AGC,PA,AEA,CE,Towers with Radar,0,24,19,0,43,0,26,65,0,91,0,50,84,0,134,86,0,86,220
01/16/2022,AGC,PA,AEA,CE,Towers with Radar,0,11,14,0,25,0,16,15,0,31,0,27,29,0,56,50,0,50,106
01/17/2022,AGC,PA,AEA,CE,Towers with Radar,0,12,4,0,16,0,13,0,0,13,0,25,4,0,29,0,0,0,29
01/18/2022,AGC,PA,AEA,CE,Towers with Radar,0,33,34,0,67,0,21,7,6,34,0,54,41,6,101,14,0,14,115
01/19/2022,AGC,PA,AEA,CE,Towers with Radar,0,26,14,0,40,0,35,7,3,45,0,61,21,3,85,0,0,0,85
01/20/2022,AGC,PA,AEA,CE,Towers with Radar,0,22,11,0,33,0,28,5,2,35,0,50,16,2,68,0,0,0,68
01/21/2022,AGC,PA,AEA,CE,Towers with Radar,0,22,29,0,51,0,34,40,0,74,0,56,69,0,125,54,0,54,179
01/22/2022,AGC,PA,AEA,CE,Towers with Radar,0,18,13,0,31,0,39,53,0,92,0,57,66,0,123,62,0,62,185
01/23/2022,AGC,PA,AEA,CE,Towers with Radar,0,13,11,0,24,0,11,3,0,14,0,24,14,0,38,22,0,22,60
01/24/2022,AGC,PA,AEA,CE,Towers with Radar,0,14,30,0,44,0,18,6,0,24,0,32,36,0,68,20,0,20,88
01/25/2022,AGC,PA,AEA,CE,Towers with Radar,0,26,24,0,50,0,22,19,4,45,0,48,43,4,95,48,2,50,145
01/26/2022,AGC,PA,AEA,CE,Towers with Radar,0,20,32,0,52,0,31,38,0,69,0,51,70,0,121,78,0,78,199
01/27/2022,AGC,PA,AEA,CE,Towers with Radar,0,21,20,2,43,0,33,48,0,81,0,54,68,2,124,48,0,48,172
01/28/2022,AGC,PA,AEA,CE,Towers with Radar,0,21,8,4,33,0,1,0,0,1,0,22,8,4,34,0,0,0,34
01/29/2022,AGC,PA,AEA,CE,Towers with Radar,0,20,13,0,33,0,39,18,0,57,0,59,31,0,90,30,0,30,120
01/30/2022,AGC,PA,AEA,CE,Towers with Radar,0,15,20,0,35,0,13,25,0,38,0,28,45,0,73,100,0,100,173
01/31/2022,AGC,PA,AEA,CE,Towers with Radar,0,49,20,2,71,0,30,36,0,66,0,79,56,2,137,38,0,38,175
02/01/2022,AGC,PA,AEA,CE,Towers with Radar,0,14,18,0,32,0,26,26,0,52,0,40,44,0,84,78,0,78,162
02/02/2022,AGC,PA,AEA,CE,Towers with Radar,0,31,16,0,47,0,43,26,2,71,0,74,42,2,118,40,0,40,158
02/03/2022,AGC,PA,AEA,CE,Towers with Radar,0,10,6,0,16,0,0,0,0,0,0,10,6,0,16,0,0,0,16
02/04/2022,AGC,PA,AEA,CE,Towers with Radar,0,16,7,0,23,0,0,0,0,0,0,16,7,0,23,0,0,0,23
02/05/2022,AGC,PA,AEA,CE,Towers with Radar,0,17,5,0,22,0,13,2,0,15,0,30,7,0,37,12,0,12,49
02/06/2022,AGC,PA,AEA,CE,Towers with Radar,0,18,30,0,48,0,28,47,0,75,0,46,77,0,123,50,0,50,173
02/07/2022,AGC,PA,AEA,CE,Towers with Radar,0,27,22,2,51,0,25,51,1,77,0,52,73,3,128,88,0,88,216
02/08/2022,AGC,PA,AEA,CE,Towers with Radar,0,29,19,0,48,0,17,24,3,44,0,46,43,3,92,38,2,40,132
02/09/2022,AGC,PA,AEA,CE,Towers with Radar,0,38,29,0,67,0,35,35,0,70,0,73,64,0,137,36,0,36,173
02/10/2022,AGC,PA,AEA,CE,Towers with Radar,0,28,27,1,56,0,22,24,1,47,0,50,51,2,103,26,0,26,129
02/11/2022,AGC,PA,AEA,CE,Towers with Radar,0,28,24,0,52,0,15,7,0,22,0,43,31,0,74,14,0,14,88
02/12/2022,AGC,PA,AEA,CE,Towers with Radar,0,18,19,0,37,0,17,7,0,24,0,35,26,0,61,20,0,20,81
02/13/2022,AGC,PA,AEA,CE,Towers with Radar,0,16,21,0,37,0,9,35,0,44,0,25,56,0,81,150,0,150,231
02/14/2022,AGC,PA,AEA,CE,Towers with Radar,0,21,18,0,39,0,19,20,0,39,0,40,38,0,78,38,0,38,116
02/15/2022,AGC,PA,AEA,CE,Towers with Radar,0,29,36,1,66,0,49,44,0,93,0,78,80,1,159,72,0,72,231
02/16/2022,AGC,PA,AEA,CE,Towers with Radar,0,39,28,0,67,0,42,22,2,66,0,81,50,2,133,0,0,0,133
02/17/2022,AGC,PA,AEA,CE,Towers with Radar,0,29,29,0,58,0,8,1,0,9,0,37,30,0,67,0,0,0,67
02/18/2022,AGC,PA,AEA,CE,Towers with Radar,0,27,15,0,42,0,18,20,0,38,0,45,35,0,80,24,0,24,104
02/19/2022,AGC,PA,AEA,CE,Towers with Radar,0,23,9,0,32,0,18,4,0,22,0,41,13,0,54,0,0,0,54
02/20/2022,AGC,PA,AEA,CE,Towers with Radar,0,14,17,0,31,0,24,62,0,86,0,38,79,0,117,28,0,28,145
02/21/2022,AGC,PA,AEA,CE,Towers with Radar,0,14,43,0,57,0,40,66,0,106,0,54,109,0,163,52,0,52,215
02/22/2022,AGC,PA,AEA,CE,Towers with Radar,0,23,15,0,38,0,14,1,0,15,0,37,16,0,53,6,0,6,59
02/23/2022,AGC,PA,AEA,CE,Towers with Radar,0,29,31,0,60,0,17,9,0,26,0,46,40,0,86,2,0,2,88
02/24/2022,AGC,PA,AEA,CE,Towers with Radar,0,28,16,2,46,0,21,37,0,58,0,49,53,2,104,112,0,112,216
02/25/2022,AGC,PA,AEA,CE,Towers with Radar,0,23,27,0,50,0,18,17,0,35,0,41,44,0,85,20,0,20,105
02/26/2022,AGC,PA,AEA,CE,Towers with Radar,0,17,20,0,37,0,14,38,0,52,0,31,58,0,89,44,0,44,133
02/27/2022,AGC,PA,AEA,CE,Towers with Radar,0,11,25,0,36,0,10,32,0,42,0,21,57,0,78,12,0,12,90
02/28/2022,AGC,PA,AEA,CE,Towers with Radar,0,16,25,1,42,0,47,57,2,106,0,63,82,3,148,144,0,144,292
03/01/2022,AGC,PA,AEA,CE,Towers with Radar,0,24,36,0,60,0,36,21,0,57,0,60,57,0,117,18,0,18,135
03/02/2022,AGC,PA,AEA,CE,Towers with Radar,0,18,35,1,54,0,21,54,0,75,0,39,89,1,129,74,2,76,205
03/03/2022,AGC,PA,AEA,CE,Towers with Radar,0,26,34,0,60,0,36,26,0,62,0,62,60,0,122,50,0,50,172
03/04/2022,AGC,PA,AEA,CE,Towers with Radar,0,32,49,0,81,0,34,59,0,93,0,66,108,0,174,118,0,118,292
03/05/2022,AGC,PA,AEA,CE,Towers with Radar,0,30,29,0,59,0,37,82,2,121,0,67,111,2,180,76,0,76,256
03/06/2022,AGC,PA,AEA,CE,Towers with Radar,0,22,15,0,37,0,29,6,0,35,0,51,21,0,72,10,0,10,82
03/07/2022,AGC,PA,AEA,CE,Towers with Radar,0,13,13,0,26,0,23,0,0,23,0,36,13,0,49,0,0,0,49
03/08/2022,AGC,PA,AEA,CE,Towers with Radar,0,32,29,0,61,0,33,38,0,71,0,65,67,0,132,114,0,114,246
03/09/2022,AGC,PA,AEA,CE,Towers with Radar,0,10,1,0,11,0,14,0,0,14,0,24,1,0,25,0,0,0,25
03/10/2022,AGC,PA,AEA,CE,Towers with Radar,0,33,55,2,90,0,43,42,1,86,0,76,97,3,176,108,0,108,284
03/11/2022,AGC,PA,AEA,CE,Towers with Radar,0,28,25,1,54,0,38,48,1,87,0,66,73,2,141,68,0,68,209
03/12/2022,AGC,PA,AEA,CE,Towers with Radar,0,11,1,0,12,0,13,1,0,14,0,24,2,0,26,0,0,0,26
03/13/2022,AGC,PA,AEA,CE,Towers with Radar,0,21,31,0,52,0,23,27,0,50,0,44,58,0,102,6,0,6,108
03/14/2022,AGC,PA,AEA,CE,Towers with Radar,0,19,24,0,43,0,27,54,0,81,0,46,78,0,124,102,0,102,226
03/15/2022,AGC,PA,AEA,CE,Towers with Radar,0,29,22,0,51,0,22,62,0,84,0,51,84,0,135,136,0,136,271
03/16/2022,AGC,PA,AEA,CE,Towers with Radar,0,27,28,2,57,0,48,42,2,92,0,75,70,4,149,34,0,34,183
03/17/2022,AGC,PA,AEA,CE,Towers with Radar,0,35,36,0,71,0,34,46,1,81,0,69,82,1,152,96,0,96,248
03/18/2022,AGC,PA,AEA,CE,Towers with Radar,0,36,35,0,71,0,32,68,0,100,0,68,103,0,171,116,0,116,287
03/19/2022,AGC,PA,AEA,CE,Towers with Radar,0,23,17,0,40,0,16,15,0,31,0,39,32,0,71,14,0,14,85
03/20/2022,AGC,PA,AEA,CE,Towers with Radar,0,33,19,0,52,0,9,10,0,19,0,42,29,0,71,0,0,0,71
03/21/2022,AGC,PA,AEA,CE,Towers with Radar,0,17,36,0,53,0,36,56,0,92,0,53,92,0,145,70,0,70,215
03/22/2022,AGC,PA,AEA,CE,Towers with Radar,0,34,37,2,73,0,28,56,0,84,0,62,93,2,157,134,0,134,291
03/23/2022,AGC,PA,AEA,CE,Towers with Radar,0,12,23,0,35,0,12,5,0,17,0,24,28,0,52,0,0,0,52
03/24/2022,AGC,PA,AEA,CE,Towers with Radar,0,31,22,0,53,0,35,44,0,79,0,66,66,0,132,22,0,22,154
03/25/2022,AGC,PA,AEA,CE,Towers with Radar,0,23,22,0,45,0,23,23,0,46,0,46,45,0,91,36,0,36,127
03/26/2022,AGC,PA,AEA,CE,Towers with Radar,0,17,9,0,26,0,3,0,0,3,0,20,9,0,29,0,0,0,29
03/27/2022,AGC,PA,AEA,CE,Towers with Radar,0,16,16,0,32,0,4,3,0,7,0,20,19,0,39,2,0,2,41
03/28/2022,AGC,PA,AEA,CE,Towers with Radar,0,19,22,0,41,0,14,1,0,15,0,33,23,0,56,0,0,0,56
03/29/2022,AGC,PA,AEA,CE,Towers with Radar,0,25,42,0,67,0,43,54,2,99,0,68,96,2,166,88,0,88,254
03/30/2022,AGC,PA,AEA,CE,Towers with Radar,0,35,29,0,64,0,26,41,0,67,0,61,70,0,131,34,0,34,165
03/31/2022,AGC,PA,AEA,CE,Towers with Radar,0,22,17,0,39,0,45,5,0,50,0,67,22,0,89,2,0,2,91
04/01/2022,AGC,PA,AEA,CE,Towers with Radar,0,25,17,0,42,0,18,3,0,21,0,43,20,0,63,0,0,0,63
04/02/2022,AGC,PA,AEA,CE,Towers with Radar,0,32,16,0,48,0,37,62,0,99,0,69,78,0,147,136,0,136,283
04/03/2022,AGC,PA,AEA,CE,Towers with Radar,0,22,24,0,46,0,9,5,0,14,0,31,29,0,60,0,0,0,60
04/04/2022,AGC,PA,AEA,CE,Towers with Radar,0,25,26,0,51,0,23,32,0,55,0,48,58,0,106,128,0,128,234
04/05/2022,AGC,PA,AEA,CE,Towers with Radar,0,22,30,3,55,0,24,43,1,68,0,46,73,4,123,110,0,110,233
04/06/2022,AGC,PA,AEA,CE,Towers with Radar,0,24,43,0,67,0,29,11,0,40,0,53,54,0,107,14,0,14,121
04/07/2022,AGC,PA,AEA,CE,Towers with Radar,0,23,20,0,43,0,15,8,0,23,0,38,28,0,66,0,0,0,66
04/08/2022,AGC,PA,AEA,CE,Towers with Radar,0,36,41,0,77,0,17,22,0,39,0,53,63,0,116,70,0,70,186
04/09/2022,AGC,PA,AEA,CE,Towers with Radar,0,27,12,0,39,0,4,5,0,9,0,31,17,0,48,34,0,34,82
04/10/2022,AGC,PA,AEA,CE,Towers with Radar,0,19,34,0,53,0,20,45,0,65,0,39,79,0,118,50,0,50,168
04/11/2022,AGC,PA,AEA,CE,Towers with Radar,0,15,34,0,49,0,19,42,0,61,0,34,76,0,110,52,0,52,162
04/12/2022,AGC,PA,AEA,CE,Towers with Radar,0,27,34,2,63,0,33,30,0,63,0,60,64,2,126,44,0,44,170
04/13/2022,AGC,PA,AEA,CE,Towers with Radar,0,35,18,0,53,0,47,36,0,83,0,82,54,0,136,22,2,24,160
04/14/2022,AGC,PA,AEA,CE,Towers with Radar,0,34,36,2,72,0,43,39,0,82,0,77,75,2,154,24,0,24,178
04/15/2022,AGC,PA,AEA,CE,Towers with Radar,0,24,17,2,43,0,41,31,0,72,0,65,48,2,115,16,0,16,131
04/16/2022,AGC,PA,AEA,CE,Towers with Radar,0,30,13,0,43,0,18,10,0,28,0,48,23,0,71,14,0,14,85
04/17/2022,AGC,PA,AEA,CE,Towers with Radar,0,22,17,0,39,0,40,29,0,69,0,62,46,0,108,0,0,0,108
04/18/2022,AGC,PA,AEA,CE,Towers with Radar,0,40,16,0,56,0,5,5,0,10,0,45,21,0,66,0,0,0,66
04/19/2022,AGC,PA,AEA,CE,Towers with Radar,0,22,27,0,49,0,7,1,0,8,0,29,28,0,57,0,0,0,57
04/20/2022,AGC,PA,AEA,CE,Towers with Radar,0,42,44,0,86,0,35,61,0,96,0,77,105,0,182,148,0,148,330
04/21/2022,AGC,PA,AEA,CE,Towers with Radar,0,26,40,0,66,0,19,11,0,30,0,45,51,0,96,0,0,0,96
04/22/2022,AGC,PA,AEA,CE,Towers with Radar,0,22,26,0,48,0,41,76,3,120,0,63,102,3,168,118,0,118,286
04/23/2022,AGC,PA,AEA,CE,Towers with Radar,0,25,22,0,47,0,42,75,0,117,0,67,97,0,164,60,0,60,224
04/24/2022,AGC,PA,AEA,CE,Towers with Radar,0,26,24,0,50,0,41,88,0,129,0,67,112,0,179,74,0,74,253
04/25/2022,AGC,PA,AEA,CE,Towers with Radar,0,32,25,2,59,0,33,86,0,119,0,65,111,2,178,74,2,76,254
04/26/2022,AGC,PA,AEA,CE,Towers with Radar,0,28,31,0,59,0,38,60,0,98,0,66,91,0,157,90,6,96,253
04/27/2022,AGC,PA,AEA,CE,Towers with Radar,0,34,34,0,68,0,42,21,0,63,0,76,55,0,131,6,0,6,137
04/28/2022,AGC,PA,AEA,CE,Towers with Radar,0,33,29,0,62,0,43,56,0,99,0,76,85,0,161,58,0,58,219
04/29/2022,AGC,PA,AEA,CE,Towers with Radar,0,43,40,0,83,0,42,66,0,108,0,85,106,0,191,98,0,98,289
04/30/2022,AGC,PA,AEA,CE,Towers with Radar,0,28,12,1,41,0,31,73,0,104,0,59,85,1,145,92,0,92,237
05/01/2022,AGC,PA,AEA,CE,Towers with Radar,0,13,18,0,31,0,10,10,0,20,0,23,28,0,51,10,0,10,61
05/02/2022,AGC,PA,AEA,CE,Towers with Radar,0,19,33,0,52,0,29,27,1,57,0,48,60,1,109,76,0,76,185
05/03/2022,AGC,PA,AEA,CE,Towers with Radar,0,29,21,0,50,0,14,13,0,27,0,43,34,0,77,8,0,8,85
05/04/2022,AGC,PA,AEA,CE,Towers with Radar,0,37,41,0,78,0,25,15,0,40,0,62,56,0,118,0,0,0,118
05/05/2022,AGC,PA,AEA,CE,Towers with Radar,0,27,52,3,82,0,24,48,1,73,0,51,100,4,155,118,0,118,273
05/06/2022,AGC,PA,AEA,CE,Towers with Radar,0,29,17,0,46,0,6,1,0,7,0,35,18,0,53,0,0,0,53
05/07/2022,AGC,PA,AEA,CE,Towers with Radar,0,17,17,0,34,0,18,0,0,18,0,35,17,0,52,0,0,0,52
05/08/2022,AGC,PA,AEA,CE,Towers with Radar,0,14,37,2,53,0,16,39,0,55,0,30,76,2,108,40,0,40,148
05/09/2022,AGC,PA,AEA,CE,Towers with Radar,0,28,32,0,60,0,35,50,0,85,0,63,82,0,145,60,0,60,205
05/10/2022,AGC,PA,AEA,CE,Towers with Radar,0,26,42,0,68,0,49,53,3,105,0,75,95,3,173,102,0,102,275
05/11/2022,AGC,PA,AEA,CE,Towers with Radar,0,32,37,3,72,0,43,69,4,116,0,75,106,7,188,54,0,54,242
05/12/2022,AGC,PA,AEA,CE,Towers with Radar,0,39,32,0,71,0,31,67,3,101,0,70,99,3,172,72,2,74,246
05/13/2022,AGC,PA,AEA,CE,Towers with Radar,0,32,41,0,73,0,31,51,0,82,0,63,92,0,155,86,0,86,241
05/14/2022,AGC,PA,AEA,CE,Towers with Radar,0,23,11,0,34,0,28,70,0,98,0,51,81,0,132,34,0,34,166
05/15/2022,AGC,PA,AEA,CE,Towers with Radar,0,28,29,0,57,0,57,45,0,102,0,85,74,0,159,38,0,38,197
05/16/2022,AGC,PA,AEA,CE,Towers with Radar,0,22,25,0,47,0,14,16,0,30,0,36,41,0,77,62,0,62,139
05/17/2022,AGC,PA,AEA,CE,Towers with Radar,0,30,38,1,69,0,37,39,0,76,0,67,77,1,145,44,6,50,195
05/18/2022,AGC,PA,AEA,CE,Towers with Radar,0,30,45,0,75,0,41,67,0,108,0,71,112,0,183,106,0,106,289
05/19/2022,AGC,PA,AEA,CE,Towers with Radar,0,38,42,1,81,0,33,20,4,57,0,71,62,5,138,18,0,18,156
05/20/2022,AGC,PA,AEA,CE,Towers with Radar,0,22,29,0,51,0,38,22,1,61,0,60,51,1,112,20,0,20,132
05/21/2022,AGC,PA,AEA,CE,Towers with Radar,0,27,20,2,49,0,33,40,0,73,0,60,60,2,122,52,0,52,174
05/22/2022,AGC,PA,AEA,CE,Towers with Radar,0,26,24,0,50,0,36,29,0,65,0,62,53,0,115,16,0,16,131
05/23/2022,AGC,PA,AEA,CE,Towers with Radar,0,27,46,0,73,0,34,71,1,106,0,61,117,1,179,72,0,72,251
05/24/2022,AGC,PA,AEA,CE,Towers with Radar,0,44,54,0,98,0,45,41,0,86,0,89,95,0,184,156,0,156,340
05/25/2022,AGC,PA,AEA,CE,Towers with Radar,0,22,46,0,68,0,60,68,0,128,0,82,114,0,196,56,0,56,252
05/26/2022,AGC,PA,AEA,CE,Towers with Radar,0,32,35,1,68,0,30,51,1,82,0,62,86,2,150,48,0,48,198
05/27/2022,AGC,PA,AEA,CE,Towers with Radar,0,20,31,0,51,0,29,17,0,46,0,49,48,0,97,40,0,40,137
05/28/2022,AGC,PA,AEA,CE,Towers with Radar,0,20,22,0,42,0,22,40,0,62,0,42,62,0,104,18,0,18,122
05/29/2022,AGC,PA,AEA,CE,Towers with Radar,0,11,23,0,34,0,37,61,0,98,0,48,84,0,132,80,0,80,212
05/30/2022,AGC,PA,AEA,CE,Towers with Radar,0,22,22,1,45,0,25,29,0,54,0,47,51,1,99,6,0,6,105
05/31/2022,AGC,PA,AEA,CE,Towers with Radar,0,23,37,0,60,0,48,63,2,113,0,71,100,2,173,100,0,100,273
06/01/2022,AGC,PA,AEA,CE,Towers with Radar,0,33,33,0,66,0,44,40,0,84,0,77,73,0,150,2,0,2,152
06/02/2022,AGC,PA,AEA,CE,Towers with Radar,0,26,19,0,45,0,7,1,0,8,0,33,20,0,53,0,0,0,53
06/03/2022,AGC,PA,AEA,CE,Towers with Radar,0,20,31,0,51,0,37,89,0,126,0,57,120,0,177,84,0,84,261
06/04/2022,AGC,PA,AEA,CE,Towers with Radar,0,20,29,0,49,0,29,110,0,139,0,49,139,0,188,80,0,80,268
06/05/2022,AGC,PA,AEA,CE,Towers with Radar,0,15,30,0,45,0,53,37,0,90,0,68,67,0,135,64,0,64,199
06/06/2022,AGC,PA,AEA,CE,Towers with Radar,0,10,26,0,36,0,33,30,1,64,0,43,56,1,100,44,0,44,144
06/07/2022,AGC,PA,AEA,CE,Towers with Radar,0,16,35,0,51,0,15,7,0,22,0,31,42,0,73,10,0,10,83
06/08/2022,AGC,PA,AEA,CE,Towers with Radar,0,15,30,0,45,0,21,54,0,75,0,36,84,0,120,88,0,88,208
06/09/2022,AGC,PA,AEA,CE,Towers with Radar,0,20,35,1,56,0,42,37,4,83,0,62,72,5,139,14,0,14,153
06/10/2022,AGC,PA,AEA,CE,Towers with Radar,0,21,23,4,48,0,38,75,0,113,0,59,98,4,161,96,0,96,257
06/11/2022,AGC,PA,AEA,CE,Towers with Radar,0,15,17,0,32,0,41,71,5,117,0,56,88,5,149,78,0,78,227
06/12/2022,AGC,PA,AEA,CE,Towers with Radar,0,13,16,0,29,0,26,29,0,55,0,39,45,0,84,32,0,32,116
06/13/2022,AGC,PA,AEA,CE,Towers with Radar,0,27,29,0,56,0,41,27,3,71,0,68,56,3,127,58,0,58,185
06/14/2022,AGC,PA,AEA,CE,Towers with Radar,0,23,28,0,51,0,22,18,0,40,0,45,46,0,91,34,0,34,125
06/15/2022,AGC,PA,AEA,CE,Towers with Radar,0,22,30,0,52,0,46,62,0,108,0,68,92,0,160,86,0,86,246
06/16/2022,AGC,PA,AEA,CE,Towers with Radar,0,25,24,2,51,0,27,27,0,54,0,52,51,2,105,14,2,16,121
06/17/2022,AGC,PA,AEA,CE,Towers with Radar,0,22,24,7,53,0,29,13,0,42,0,51,37,7,95,0,0,0,95
06/18/2022,AGC,PA,AEA,CE,Towers with Radar,0,19,24,0,43,0,35,15,0,50,0,54,39,0,93,0,0,0,93
06/19/2022,AGC,PA,AEA,CE,Towers with Radar,0,15,31,0,46,0,28,48,0,76,0,43,79,0,122,4,0,4,126
06/20/2022,AGC,PA,AEA,CE,Towers with Radar,0,21,31,0,52,0,42,61,0,103,0,63,92,0,155,86,0,86,241
06/21/2022,AGC,PA,AEA,CE,Towers with Radar,0,28,28,0,56,0,32,88,0,120,0,60,116,0,176,50,4,54,230
06/22/2022,AGC,PA,AEA,CE,Towers with Radar,0,41,36,2,79,0,42,68,1,111,0,83,104,3,190,44,0,44,234
06/23/2022,AGC,PA,AEA,CE,Towers with Radar,0,36,36,2,74,0,37,54,0,91,0,73,90,2,165,12,0,12,177
06/24/2022,AGC,PA,AEA,CE,Towers with Radar,0,33,27,1,61,0,34,71,1,106,0,67,98,2,167,112,0,112,279
06/25/2022,AGC,PA,AEA,CE,Towers with Radar,0,31,34,0,65,0,35,75,1,111,0,66,109,1,176,70,0,70,246
06/26/2022,AGC,PA,AEA,CE,Towers with Radar,0,22,19,0,41,0,27,13,0,40,0,49,32,0,81,12,0,12,93
06/27/2022,AGC,PA,AEA,CE,Towers with Radar,0,22,40,0,62,0,35,32,0,67,0,57,72,0,129,50,0,50,179
06/28/2022,AGC,PA,AEA,CE,Towers with Radar,0,29,28,0,57,0,35,54,0,89,0,64,82,0,146,148,0,148,294
06/29/2022,AGC,PA,AEA,CE,Towers with Radar,0,23,57,0,80,0,29,68,1,98,0,52,125,1,178,134,0,134,312
06/30/2022,AGC,PA,AEA,CE,Towers with Radar,1,25,35,0,61,0,38,53,1,92,1,63,88,1,153,96,0,96,249
07/01/2022,AGC,PA,AEA,CE,Towers with Radar,0,29,32,0,61,0,40,30,1,71,0,69,62,1,132,30,0,30,162
07/02/2022,AGC,PA,AEA,CE,Towers with Radar,0,24,21,0,45,0,29,22,0,51,0,53,43,0,96,34,0,34,130
07/03/2022,AGC,PA,AEA,CE,Towers with Radar,0,5,22,0,27,0,19,24,0,43,0,24,46,0,70,56,0,56,126
07/04/2022,AGC,PA,AEA,CE,Towers with Radar,0,14,15,0,29,0,43,37,2,82,0,57,52,2,111,56,0,56,167
07/05/2022,AGC,PA,AEA,CE,Towers with Radar,0,11,12,0,23,0,19,27,0,46,0,30,39,0,69,20,0,20,89
07/06/2022,AGC,PA,AEA,CE,Towers with Radar,0,19,27,0,46,0,33,27,0,60,0,52,54,0,106,70,0,70,176
07/07/2022,AGC,PA,AEA,CE,Towers with Radar,0,36,38,0,74,0,50,47,0,97,0,86,85,0,171,126,0,126,297
07/08/2022,AGC,PA,AEA,CE,Towers with Radar,0,24,33,0,57,0,35,52,0,87,0,59,85,0,144,72,0,72,216
07/09/2022,AGC,PA,AEA,CE,Towers with Radar,0,29,46,0,75,0,32,56,2,90,0,61,102,2,165,88,0,88,253
07/10/2022,AGC,PA,AEA,CE,Towers with Radar,0,19,32,0,51,0,27,76,0,103,0,46,108,0,154,106,0,106,260
07/11/2022,AGC,PA,AEA,CE,Towers with Radar,0,12,26,0,38,0,44,72,0,116,0,56,98,0,154,96,0,96,250
07/12/2022,AGC,PA,AEA,CE,Towers with Radar,0,22,15,0,37,0,34,27,1,62,0,56,42,1,99,32,0,32,131
07/13/2022,AGC,PA,AEA,CE,Towers with Radar,0,24,37,1,62,0,33,42,0,75,0,57,79,1,137,38,0,38,175
07/14/2022,AGC,PA,AEA,CE,Towers with Radar,0,33,48,0,81,0,30,41,0,71,0,63,89,0,152,54,0,54,206
07/15/2022,AGC,PA,AEA,CE,Towers with Radar,0,30,48,0,78,0,57,63,1,121,0,87,111,1,199,94,0,94,293
07/16/2022,AGC,PA,AEA,CE,Towers with Radar,0,26,29,0,55,0,34,21,2,57,0,60,50,2,112,128,0,128,240
07/17/2022,AGC,PA,AEA,CE,Towers with Radar,0,16,26,0,42,0,26,7,0,33,0,42,33,0,75,34,0,34,109
07/18/2022,AGC,PA,AEA,CE,Towers with Radar,0,30,37,0,67,0,18,4,0,22,0,48,41,0,89,36,0,36,125
07/19/2022,AGC,PA,AEA,CE,Towers with Radar,0,26,44,0,70,0,21,42,0,63,0,47,86,0,133,52,0,52,185
07/20/2022,AGC,PA,AEA,CE,Towers with Radar,0,35,36,0,71,0,37,70,0,107,0,72,106,0,178,36,0,36,214
07/21/2022,AGC,PA,AEA,CE,Towers with Radar,0,39,45,0,84,0,35,24,0,59,0,74,69,0,143,34,0,34,177
07/22/2022,AGC,PA,AEA,CE,Towers with Radar,0,31,55,1,87,0,19,52,0,71,0,50,107,1,158,50,0,50,208
07/23/2022,AGC,PA,AEA,CE,Towers with Radar,0,22,13,0,35,0,20,66,0,86,0,42,79,0,121,24,0,24,145
07/24/2022,AGC,PA,AEA,CE,Towers with Radar,0,11,31,0,42,0,41,34,0,75,0,52,65,0,117,32,0,32,149
07/25/2022,AGC,PA,AEA,CE,Towers with Radar,0,14,51,0,65,0,25,44,1,70,0,39,95,1,135,78,0,78,213
07/26/2022,AGC,PA,AEA,CE,Towers with Radar,0,20,37,0,57,0,26,73,0,99,0,46,110,0,156,68,0,68,224
07/27/2022,AGC,PA,AEA,CE,Towers with Radar,0,19,37,0,56,0,24,5,0,29,0,43,42,0,85,0,0,0,85
07/28/2022,AGC,PA,AEA,CE,Towers with Radar,0,19,38,0,57,0,16,20,0,36,0,35,58,0,93,0,0,0,93
07/29/2022,AGC,PA,AEA,CE,Towers with Radar,0,31,26,1,58,0,28,67,1,96,0,59,93,2,154,86,0,86,240
07/30/2022,AGC,PA,AEA,CE,Towers with Radar,0,13,31,0,44,0,34,64,0,98,0,47,95,0,142,128,0,128,270
07/31/2022,AGC,PA,AEA,CE,Towers with Radar,0,11,42,1,54,0,40,44,0,84,0,51,86,1,138,48,0,48,186
08/01/2022,AGC,PA,AEA,CE,Towers with Radar,0,14,35,0,49,0,12,29,0,41,0,26,64,0,90,30,0,30,120
08/02/2022,AGC,PA,AEA,CE,Towers with Radar,0,26,37,1,64,0,36,46,3,85,0,62,83,4,149,100,0,100,249
08/03/2022,AGC,PA,AEA,CE,Towers with Radar,0,20,35,0,55,0,31,49,0,80,0,51,84,0,135,86,0,86,221
08/04/2022,AGC,PA,AEA,CE,Towers with Radar,0,25,33,0,58,0,16,32,3,51,0,41,65,3,109,38,0,38,147
08/05/2022,AGC,PA,AEA,CE,Towers with Radar,0,28,27,0,55,0,18,13,0,31,0,46,40,0,86,12,0,12,98
08/06/2022,AGC,PA,AEA,CE,Towers with Radar,0,22,29,0,51,0,49,25,0,74,0,71,54,0,125,26,0,26,151
08/07/2022,AGC,PA,AEA,CE,Towers with Radar,0,16,29,0,45,0,27,37,0,64,0,43,66,0,109,2,0,2,111
08/08/2022,AGC,PA,AEA,CE,Towers with Radar,0,23,45,0,68,0,32,20,2,54,0,55,65,2,122,20,0,20,142
08/09/2022,AGC,PA,AEA,CE,Towers with Radar,0,37,29,0,66,0,30,24,0,54,0,67,53,0,120,40,0,40,160
08/10/2022,AGC,PA,AEA,CE,Towers with Radar,0,24,50,0,74,0,37,43,0,80,0,61,93,0,154,122,0,122,276
08/11/2022,AGC,PA,AEA,CE,Towers with Radar,0,28,27,1,56,0,33,55,0,88,0,61,82,1,144,56,0,56,200
08/12/2022,AGC,PA,AEA,CE,Towers with Radar,0,30,33,0,63,0,37,90,0,127,0,67,123,0,190,116,0,116,306
08/13/2022,AGC,PA,AEA,CE,Towers with Radar,0,26,34,0,60,0,31,70,1,102,0,57,104,1,162,148,0,148,310
08/14/2022,AGC,PA,AEA,CE,Towers with Radar,0,11,35,0,46,0,23,66,0,89,0,34,101,0,135,80,0,80,215
08/15/2022,AGC,PA,AEA,CE,Towers with Radar,0,15,49,0,64,0,28,41,0,69,0,43,90,0,133,72,0,72,205
08/16/2022,AGC,PA,AEA,CE,Towers with Radar,0,20,33,1,54,0,30,71,0,101,0,50,104,1,155,96,0,96,251
08/17/2022,AGC,PA,AEA,CE,Towers with Radar,0,19,30,4,53,0,47,55,0,102,0,66,85,4,155,82,0,82,237
08/18/2022,AGC,PA,AEA,CE,Towers with Radar,0,29,19,0,48,0,45,84,0,129,0,74,103,0,177,108,0,108,285
08/19/2022,AGC,PA,AEA,CE,Towers with Radar,0,24,38,0,62,0,35,69,2,106,0,59,107,2,168,56,0,56,224
08/20/2022,AGC,PA,AEA,CE,Towers with Radar,0,25,22,0,47,0,34,95,1,130,0,59,117,1,177,58,0,58,235
08/21/2022,AGC,PA,AEA,CE,Towers with Radar,0,15,20,0,35,0,10,3,0,13,0,25,23,0,48,0,0,0,48
08/22/2022,AGC,PA,AEA,CE,Towers with Radar,0,13,23,0,36,0,19,10,0,29,0,32,33,0,65,0,0,0,65
08/23/2022,AGC,PA,AEA,CE,Towers with Radar,0,26,31,0,57,0,43,49,0,92,0,69,80,0,149,12,0,12,161
08/24/2022,AGC,PA,AEA,CE,Towers with Radar,0,21,37,4,62,0,47,115,1,163,0,68,152,5,225,84,0,84,309
08/25/2022,AGC,PA,AEA,CE,Towers with Radar,0,18,38,0,56,0,26,123,1,150,0,44,161,1,206,86,0,86,292
08/26/2022,AGC,PA,AEA,CE,Towers with Radar,0,22,35,0,57,0,32,44,0,76,0,54,79,0,133,56,0,56,189
08/27/2022,AGC,PA,AEA,CE,Towers with Radar,0,25,28,0,53,0,54,108,0,162,0,79,136,0,215,12,14,26,241
08/28/2022,AGC,PA,AEA,CE,Towers with Radar,0,22,27,0,49,0,27,76,0,103,0,49,103,0,152,64,0,64,216
08/29/2022,AGC,PA,AEA,CE,Towers with Radar,0,21,33,0,54,0,29,57,0,86,0,50,90,0,140,30,0,30,170
08/30/2022,AGC,PA,AEA,CE,Towers with Radar,0,30,23,0,53,0,18,10,0,28,0,48,33,0,81,42,0,42,123
08/31/2022,AGC,PA,AEA,CE,Towers with Radar,0,36,54,2,92,0,38,93,2,133,0,74,147,4,225,66,0,66,291
09/01/2022,AGC,PA,AEA,CE,Towers with Radar,0,32,44,0,76,0,40,94,0,134,0,72,138,0,210,94,0,94,304
09/02/2022,AGC,PA,AEA,CE,Towers with Radar,0,31,44,0,75,0,28,81,4,113,0,59,125,4,188,56,0,56,244
09/03/2022,AGC,PA,AEA,CE,Towers with Radar,0,23,16,1,40,0,30,64,4,98,0,53,80,5,138,102,0,102,240
09/04/2022,AGC,PA,AEA,CE,Towers with Radar,0,16,13,0,29,0,35,5,0,40,0,51,18,0,69,0,0,0,69
09/05/2022,AGC,PA,AEA,CE,Towers with Radar,0,24,14,5,43,0,2,0,2,4,0,26,14,7,47,0,0,0,47
09/06/2022,AGC,PA,AEA,CE,Towers with Radar,0,25,22,0,47,0,18,12,0,30,0,43,34,0,77,56,0,56,133
09/07/2022,AGC,PA,AEA,CE,Towers with Radar,0,16,37,2,55,0,12,32,0,44,0,28,69,2,99,40,0,40,139
09/08/2022,AGC,PA,AEA,CE,Towers with Radar,0,23,34,0,57,0,31,60,0,91,0,54,94,0,148,104,0,104,252
09/09/2022,AGC,PA,AEA,CE,Towers with Radar,0,22,52,0,74,0,38,94,3,135,0,60,146,3,209,157,0,157,366
09/10/2022,AGC,PA,AEA,CE,Towers with Radar,0,15,23,1,39,0,46,101,0,147,0,61,124,1,186,49,0,49,235
09/11/2022,AGC,PA,AEA,CE,Towers with Radar,0,20,32,0,52,0,9,6,0,15,0,29,38,0,67,6,0,6,73
09/12/2022,AGC,PA,AEA,CE,Towers with Radar,0,19,39,0,58,0,17,14,0,31,0,36,53,0,89,16,0,16,105
09/13/2022,AGC,PA,AEA,CE,Towers with Radar,0,22,44,0,66,0,30,60,0,90,0,52,104,0,156,35,0,35,191
09/14/2022,AGC,PA,AEA,CE,Towers with Radar,0,25,36,0,61,0,35,68,0,103,0,60,104,0,164,127,0,127,291
09/15/2022,AGC,PA,AEA,CE,Towers with Radar,0,24,38,0,62,0,48,66,0,114,0,72,104,0,176,126,0,126,302
09/16/2022,AGC,PA,AEA,CE,Towers with Radar,0,19,46,0,65,0,44,52,0,96,0,63,98,0,161,99,0,99,260
09/17/2022,AGC,PA,AEA,CE,Towers with Radar,0,8,14,0,22,0,27,56,0,83,0,35,70,0,105,38,0,38,143
09/18/2022,AGC,PA,AEA,CE,Towers with Radar,0,21,43,0,64,0,15,18,0,33,0,36,61,0,97,58,0,58,155
09/19/2022,AGC,PA,AEA,CE,Towers with Radar,0,14,19,0,33,0,31,1,0,32,0,45,20,0,65,26,0,26,91
09/20/2022,AGC,PA,AEA,CE,Towers with Radar,0,26,35,0,61,0,22,68,0,90,0,48,103,0,151,108,0,108,259
09/21/2022,AGC,PA,AEA,CE,Towers with Radar,0,21,34,0,55,0,21,40,0,61,0,42,74,0,116,101,0,101,217
09/22/2022,AGC,PA,AEA,CE,Towers with Radar,0,34,33,0,67,0,32,9,0,41,0,66,42,0,108,18,0,18,126
09/23/2022,AGC,PA,AEA,CE,Towers with Radar,0,31,23,0,54,0,40,44,0,84,0,71,67,0,138,129,0,129,267
09/24/2022,AGC,PA,AEA,CE,Towers with Radar,0,16,39,0,55,0,15,66,0,81,0,31,105,0,136,98,0,98,234
09/25/2022,AGC,PA,AEA,CE,Towers with Radar,0,9,21,0,30,0,40,8,0,48,0,49,29,0,78,0,0,0,78
09/26/2022,AGC,PA,AEA,CE,Towers with Radar,0,14,21,0,35,0,24,7,0,31,0,38,28,0,66,30,0,30,96
09/27/2022,AGC,PA,AEA,CE,Towers with Radar,0,23,29,0,52,0,34,23,0,57,0,57,52,0,109,250,0,250,359
09/28/2022,AGC,PA,AEA,CE,Towers with Radar,0,26,33,0,59,0,30,7,0,37,0,56,40,0,96,31,0,31,127
09/29/2022,AGC,PA,AEA,CE,Towers with Radar,0,13,31,2,46,0,26,27,0,53,0,39,58,2,99,87,0,87,186
09/30/2022,AGC,PA,AEA,CE,Towers with Radar,0,20,39,0,59,0,31,62,0,93,0,51,101,0,152,111,0,111,263
10/01/2022,AGC,PA,AEA,CE,Towers with Radar,0,29,17,0,46,0,13,0,0,13,0,42,17,0,59,0,0,0,59
10/02/2022,AGC,PA,AEA,CE,Towers with Radar,0,17,32,0,49,0,19,24,0,43,0,36,56,0,92,51,0,51,143
10/03/2022,AGC,PA,AEA,CE,Towers with Radar,0,16,43,0,59,0,21,41,0,62,0,37,84,0,121,178,0,178,299
10/04/2022,AGC,PA,AEA,CE,Towers with Radar,0,29,43,0,72,0,25,56,1,82,0,54,99,1,154,123,0,123,277
10/05/2022,AGC,PA,AEA,CE,Towers with Radar,0,27,39,0,66,0,29,77,0,106,0,56,116,0,172,68,0,68,240
10/06/2022,AGC,PA,AEA,CE,Towers with Radar,0,33,33,0,66,0,44,90,0,134,0,77,123,0,200,145,0,145,345
10/07/2022,AGC,PA,AEA,CE,Towers with Radar,0,27,45,0,72,0,31,1,0,32,0,58,46,0,104,21,0,21,125
10/08/2022,AGC,PA,AEA,CE,Towers with Radar,0,18,21,0,39,0,30,46,0,76,0,48,67,0,115,28,0,28,143
10/09/2022,AGC,PA,AEA,CE,Towers with Radar,0,15,28,0,43,0,30,47,0,77,0,45,75,0,120,93,0,93,213
10/10/2022,AGC,PA,AEA,CE,Towers with Radar,0,14,37,0,51,0,39,83,0,122,0,53,120,0,173,134,0,134,307
10/11/2022,AGC,PA,AEA,CE,Towers with Radar,0,21,31,0,52,0,53,85,0,138,0,74,116,0,190,152,0,152,342
10/12/2022,AGC,PA,AEA,CE,Towers with Radar,0,40,49,0,89,0,47,28,0,75,0,87,77,0,164,68,0,68,232
10/13/2022,AGC,PA,AEA,CE,Towers with Radar,0,22,29,0,51,0,20,28,0,48,0,42,57,0,99,39,0,39,138
10/14/2022,AGC,PA,AEA,CE,Towers with Radar,0,23,44,2,69,0,38,58,1,97,0,61,102,3,166,55,0,55,221
10/15/2022,AGC,PA,AEA,CE,Towers with Radar,0,23,33,0,56,0,28,22,0,50,0,51,55,0,106,18,0,18,124
10/16/2022,AGC,PA,AEA,CE,Towers with Radar,0,30,47,0,77,0,33,77,0,110,0,63,124,0,187,88,0,88,275
10/17/2022,AGC,PA,AEA,CE,Towers with Radar,0,21,30,0,51,0,30,17,2,49,0,51,47,2,100,29,0,29,129
10/18/2022,AGC,PA,AEA,CE,Towers with Radar,0,15,19,0,34,0,25,7,0,32,0,40,26,0,66,37,0,37,103
10/19/2022,AGC,PA,AEA,CE,Towers with Radar,0,15,19,0,34,0,15,5,0,20,0,30,24,0,54,0,0,0,54
10/20/2022,AGC,PA,AEA,CE,Towers with Radar,0,20,25,0,45,0,20,25,1,46,0,40,50,1,91,73,0,73,164
10/21/2022,AGC,PA,AEA,CE,Towers with Radar,0,31,43,2,76,0,45,86,0,131,0,76,129,2,207,58,0,58,265
10/22/2022,AGC,PA,AEA,CE,Towers with Radar,0,23,16,0,39,0,28,103,0,131,0,51,119,0,170,52,0,52,222
10/23/2022,AGC,PA,AEA,CE,Towers with Radar,0,8,35,0,43,0,27,68,0,95,0,35,103,0,138,71,0,71,209
10/24/2022,AGC,PA,AEA,CE,Towers with Radar,0,17,41,0,58,0,20,77,0,97,0,37,118,0,155,158,0,158,313
10/25/2022,AGC,PA,AEA,CE,Towers with Radar,0,28,24,0,52,0,48,50,0,98,0,76,74,0,150,172,0,172,322
10/26/2022,AGC,PA,AEA,CE,Towers with Radar,0,23,25,0,48,0,20,3,0,23,0,43,28,0,71,0,0,0,71
10/27/2022,AGC,PA,AEA,CE,Towers with Radar,0,25,47,0,72,0,29,59,0,88,0,54,106,0,160,129,0,129,289
10/28/2022,AGC,PA,AEA,CE,Towers with Radar,0,17,33,0,50,0,42,56,7,105,0,59,89,7,155,139,0,139,294
10/29/2022,AGC,PA,AEA,CE,Towers with Radar,0,21,27,0,48,0,34,75,2,111,0,55,102,2,159,29,0,29,188
10/30/2022,AGC,PA,AEA,CE,Towers with Radar,0,15,28,0,43,0,48,45,0,93,0,63,73,0,136,100,0,100,236
10/31/2022,AGC,PA,AEA,CE,Towers with Radar,0,26,28,0,54,0,23,0,0,23,0,49,28,0,77,0,0,0,77
11/01/2022,AGC,PA,AEA,CE,Towers with Radar,0,21,37,0,58,1,20,14,0,35,1,41,51,0,93,0,0,0,93
11/02/2022,AGC,PA,AEA,CE,Towers with Radar,0,20,29,0,49,0,12,32,0,44,0,32,61,0,93,21,0,21,114
11/03/2022,AGC,PA,AEA,CE,Towers with Radar,0,33,40,0,73,0,25,62,0,87,0,58,102,0,160,114,0,114,274
11/04/2022,AGC,PA,AEA,CE,Towers with Radar,0,19,21,0,40,0,50,71,0,121,0,69,92,0,161,102,0,102,263
11/05/2022,AGC,PA,AEA,CE,Towers with Radar,0,26,19,0,45,0,36,16,0,52,0,62,35,0,97,34,0,34,131
11/06/2022,AGC,PA,AEA,CE,Towers with Radar,0,15,22,0,37,0,37,32,0,69,0,52,54,0,106,81,0,81,187
11/07/2022,AGC,PA,AEA,CE,Towers with Radar,0,11,21,0,32,0,33,76,0,109,0,44,97,0,141,132,0,132,273
11/08/2022,AGC,PA,AEA,CE,Towers with Radar,0,31,34,0,65,0,45,68,0,113,0,76,102,0,178,105,0,105,283
11/09/2022,AGC,PA,AEA,CE,Towers with Radar,0,32,46,0,78,0,51,72,0,123,0,83,118,0,201,84,0,84,285
11/10/2022,AGC,PA,AEA,CE,Towers with Radar,0,26,56,1,83,0,60,87,0,147,0,86,143,1,230,119,0,119,349
11/11/2022,AGC,PA,AEA,CE,Towers with Radar,0,26,19,0,45,0,10,4,0,14,0,36,23,0,59,0,0,0,59
11/12/2022,AGC,PA,AEA,CE,Towers with Radar,0,20,12,0,32,0,4,2,0,6,0,24,14,0,38,5,0,5,43
11/13/2022,AGC,PA,AEA,CE,Towers with Radar,0,21,25,0,46,0,15,17,0,32,0,36,42,0,78,94,0,94,172
11/14/2022,AGC,PA,AEA,CE,Towers with Radar,0,20,20,0,40,0,26,61,0,87,0,46,81,0,127,112,0,112,239
11/15/2022,AGC,PA,AEA,CE,Towers with Radar,0,28,18,0,46,0,17,24,0,41,0,45,42,0,87,38,0,38,125
11/16/2022,AGC,PA,AEA,CE,Towers with Radar,0,31,14,0,45,0,16,19,0,35,0,47,33,0,80,59,0,59,139
11/17/2022,AGC,PA,AEA,CE,Towers with Radar,0,25,18,0,43,0,15,16,1,32,0,40,34,1,75,53,0,53,128
11/18/2022,AGC,PA,AEA,CE,Towers with Radar,0,25,20,0,45,0,20,2,0,22,0,45,22,0,67,18,0,18,85
11/19/2022,AGC,PA,AEA,CE,Towers with Radar,0,24,19,0,43,0,39,29,0,68,0,63,48,0,111,20,0,20,131
11/20/2022,AGC,PA,AEA,CE,Towers with Radar,0,17,19,0,36,0,30,17,0,47,0,47,36,0,83,3,0,3,86
11/21/2022,AGC,PA,AEA,CE,Towers with Radar,0,15,39,0,54,0,39,54,2,95,0,54,93,2,149,57,0,57,206
11/22/2022,AGC,PA,AEA,CE,Towers with Radar,0,20,44,0,64,0,47,77,0,124,0,67,121,0,188,91,0,91,279
11/23/2022,AGC,PA,AEA,CE,Towers with Radar,0,29,29,0,58,0,42,63,0,105,0,71,92,0,163,126,0,126,289
11/24/2022,AGC,PA,AEA,CE,Towers with Radar,0,24,1,0,25,0,45,24,0,69,0,69,25,0,94,38,0,38,132
11/25/2022,AGC,PA,AEA,CE,Towers with Radar,0,24,21,0,45,0,28,2,0,30,0,52,23,0,75,0,0,0,75
11/26/2022,AGC,PA,AEA,CE,Towers with Radar,0,32,20,0,52,0,54,62,0,116,0,86,82,0,168,144,0,144,312
11/27/2022,AGC,PA,AEA,CE,Towers with Radar,0,17,26,0,43,0,14,3,0,17,0,31,29,0,60,52,0,52,112
11/28/2022,AGC,PA,AEA,CE,Towers with Radar,0,14,36,0,50,0,16,9,0,25,0,30,45,0,75,16,0,16,91
11/29/2022,AGC,PA,AEA,CE,Towers with Radar,0,19,23,0,42,0,38,35,0,73,0,57,58,0,115,152,0,152,267
11/30/2022,AGC,PA,AEA,CE,Towers with Radar,0,25,16,0,41,0,21,1,0,22,0,46,17,0,63,0,0,0,63
12/01/2022,AGC,PA,AEA,CE,Towers with Radar,0,15,28,0,43,0,33,35,0,68,0,48,63,0,111,77,0,77,188
12/02/2022,AGC,PA,AEA,CE,Towers with Radar,0,24,32,0,56,0,46,57,0,103,0,70,89,0,159,60,0,60,219
12/03/2022,AGC,PA,AEA,CE,Towers with Radar,0,19,12,0,31,0,31,3,0,34,0,50,15,0,65,0,0,0,65
12/04/2022,AGC,PA,AEA,CE,Towers with Radar,0,17,19,0,36,0,19,40,0,59,0,36,59,0,95,76,0,76,171
12/05/2022,AGC,PA,AEA,CE,Towers with Radar,0,20,28,0,48,0,20,37,0,57,0,40,65,0,105,80,0,80,185
12/06/2022,AGC,PA,AEA,CE,Towers with Radar,0,16,16,0,32,0,10,0,0,10,0,26,16,0,42,0,0,0,42
12/07/2022,AGC,PA,AEA,CE,Towers with Radar,0,19,37,0,56,0,4,1,0,5,0,23,38,0,61,10,0,10,71
12/08/2022,AGC,PA,AEA,CE,Towers with Radar,0,23,29,1,53,0,20,54,1,75,0,43,83,2,128,116,0,116,244
12/09/2022,AGC,PA,AEA,CE,Towers with Radar,0,28,27,0,55,0,23,35,0,58,0,51,62,0,113,56,0,56,169
12/10/2022,AGC,PA,AEA,CE,Towers with Radar,0,23,11,0,34,0,6,1,0,7,0,29,12,0,41,5,0,5,46
12/11/2022,AGC,PA,AEA,CE,Towers with Radar,0,17,28,2,47,0,14,1,1,16,0,31,29,3,63,14,0,14,77
12/12/2022,AGC,PA,AEA,CE,Towers with Radar,0,19,19,0,38,0,34,8,0,42,0,53,27,0,80,67,0,67,147
12/13/2022,AGC,PA,AEA,CE,Towers with Radar,0,32,50,0,82,0,28,66,1,95,0,60,116,1,177,127,0,127,304
12/14/2022,AGC,PA,AEA,CE,Towers with Radar,0,19,24,0,43,0,29,34,0,63,0,48,58,0,106,209,0,209,315
12/15/2022,AGC,PA,AEA,CE,Towers with Radar,0,22,20,0,42,0,12,0,0,12,0,34,20,0,54,0,0,0,54
12/16/2022,AGC,PA,AEA,CE,Towers with Radar,0,16,26,0,42,0,18,29,0,47,0,34,55,0,89,63,0,63,152
12/17/2022,AGC,PA,AEA,CE,Towers with Radar,0,21,14,0,35,0,15,6,0,21,0,36,20,0,56,5,0,5,61
12/18/2022,AGC,PA,AEA,CE,Towers with Radar,0,14,15,0,29,0,21,12,0,33,0,35,27,0,62,66,0,66,128
12/19/2022,AGC,PA,AEA,CE,Towers with Radar,0,24,9,0,33,0,25,8,0,33,0,49,17,0,66,76,0,76,142
12/20/2022,AGC,PA,AEA,CE,Towers with Radar,0,22,26,0,48,0,44,44,0,88,0,66,70,0,136,117,0,117,253
12/21/2022,AGC,PA,AEA,CE,Towers with Radar,0,22,35,0,57,0,33,82,0,115,0,55,117,0,172,202,0,202,374
12/22/2022,AGC,PA,AEA,CE,Towers with Radar,0,13,14,0,27,0,14,1,0,15,0,27,15,0,42,0,0,0,42
12/23/2022,AGC,PA,AEA,CE,Towers with Radar,0,15,3,0,18,0,0,0,0,0,0,15,3,0,18,0,0,0,18
12/24/2022,AGC,PA,AEA,CE,Towers with Radar,0,25,2,0,27,0,0,0,0,0,0,25,2,0,27,0,0,0,27
12/25/2022,AGC,PA,AEA,CE,Towers with Radar,0,4,5,0,9,0,15,1,0,16,0,19,6,0,25,0,0,0,25
12/26/2022,AGC,PA,AEA,CE,Towers with Radar,0,16,23,0,39,0,10,24,0,34,0,26,47,0,73,28,0,28,101
12/27/2022,AGC,PA,AEA,CE,Towers with Radar,0,18,17,0,35,0,27,5,0,32,0,45,22,0,67,0,0,0,67
12/28/2022,AGC,PA,AEA,CE,Towers with Radar,0,15,24,0,39,0,55,42,0,97,0,70,66,0,136,43,0,43,179
12/29/2022,AGC,PA,AEA,CE,Towers with Radar,0,18,16,0,34,0,26,56,0,82,0,44,72,0,116,87,0,87,203
12/30/2022,AGC,PA,AEA,CE,Towers with Radar,0,18,15,1,34,0,26,47,0,73,0,44,62,1,107,139,0,139,246
12/31/2022,AGC,PA,AEA,CE,Towers with Radar,0,15,6,0,21,0,11,6,0,17,0,26,12,0,38,18,0,18,56
01/01/2023,AGC,PA,AEA,CE,Towers with Radar,0,7,11,0,18,0,19,3,0,22,0,26,14,0,40,0,0,0,40
01/02/2023,AGC,PA,AEA,CE,Towers with Radar,0,9,19,0,28,0,7,1,0,8,0,16,20,0,36,40,0,40,76
01/03/2023,AGC,PA,AEA,CE,Towers with Radar,0,18,20,0,38,0,3,3,0,6,0,21,23,0,44,12,0,12,56
01/04/2023,AGC,PA,AEA,CE,Towers with Radar,0,14,15,0,29,0,21,16,0,37,0,35,31,0,66,97,0,97,163
01/05/2023,AGC,PA,AEA,CE,Towers with Radar,0,24,21,0,45,0,32,53,0,85,0,56,74,0,130,195,0,195,325
01/06/2023,AGC,PA,AEA,CE,Towers with Radar,0,22,10,0,32,0,12,12,0,24,0,34,22,0,56,99,0,99,155
01/07/2023,AGC,PA,AEA,CE,Towers with Radar,0,19,12,2,33,0,26,13,0,39,0,45,25,2,72,143,0,143,215
01/08/2023,AGC,PA,AEA,CE,Towers with Radar,0,32,36,0,68,0,15,43,0,58,0,47,79,0,126,132,0,132,258
01/09/2023,AGC,PA,AEA,CE,Towers with Radar,0,11,28,1,40,0,28,37,1,66,0,39,65,2,106,137,0,137,243
01/10/2023,AGC,PA,AEA,CE,Towers with Radar,0,21,32,0,53,0,17,45,0,62,0,38,77,0,115,65,0,65,180
01/11/2023,AGC,PA,AEA,CE,Towers with Radar,0,32,38,2,72,0,30,67,0,97,0,62,105,2,169,140,0,140,309
01/12/2023,AGC,PA,AEA,CE,Towers with Radar,0,22,14,0,36,0,0,1,0,1,0,22,15,0,37,6,0,6,43
01/13/2023,AGC,PA,AEA,CE,Towers with Radar,0,16,15,0,31,0,2,0,0,2,0,18,15,0,33,0,0,0,33
01/14/2023,AGC,PA,AEA,CE,Towers with Radar,0,23,11,0,34,0,9,11,0,20,0,32,22,0,54,22,0,22,76
01/15/2023,AGC,PA,AEA,CE,Towers with Radar,0,10,27,0,37,0,28,42,0,70,0,38,69,0,107,62,0,62,169
01/16/2023,AGC,PA,AEA,CE,Towers with Radar,0,6,21,0,27,0,31,58,0,89,0,37,79,0,116,141,0,141,257
01/17/2023,AGC,PA,AEA,CE,Towers with Radar,0,35,19,0,54,0,6,0,0,6,0,41,19,0,60,0,0,0,60
01/18/2023,AGC,PA,AEA,CE,Towers with Radar,0,34,21,0,55,0,25,3,0,28,0,59,24,0,83,0,0,0,83
01/19/2023,AGC,PA,AEA,CE,Towers with Radar,0,22,16,0,38,0,14,21,0,35,0,36,37,0,73,10,0,10,83
01/20/2023,AGC,PA,AEA,CE,Towers with Radar,0,16,7,0,23,0,11,1,0,12,0,27,8,0,35,22,0,22,57
01/21/2023,AGC,PA,AEA,CE,Towers with Radar,0,21,17,0,38,0,14,17,0,31,0,35,34,0,69,192,0,192,261
01/22/2023,AGC,PA,AEA,CE,Towers with Radar,0,10,12,0,22,0,2,37,0,39,0,12,49,0,61,35,0,35,96
01/23/2023,AGC,PA,AEA,CE,Towers with Radar,0,18,19,0,37,0,0,3,0,3,0,18,22,0,40,0,0,0,40
01/24/2023,AGC,PA,AEA,CE,Towers with Radar,0,28,34,0,62,1,26,12,0,39,1,54,46,0,101,0,0,0,101
01/25/2023,AGC,PA,AEA,CE,Towers with Radar,0,36,14,0,50,0,8,1,0,9,0,44,15,0,59,2,0,2,61
01/26/2023,AGC,PA,AEA,CE,Towers with Radar,0,18,13,0,31,0,0,3,0,3,0,18,16,0,34,0,0,0,34
01/27/2023,AGC,PA,AEA,CE,Towers with Radar,0,27,34,0,61,0,23,44,0,67,0,50,78,0,128,103,0,103,231
01/28/2023,AGC,PA,AEA,CE,Towers with Radar,0,26,17,0,43,0,26,56,0,82,0,52,73,0,125,37,0,37,162
01/29/2023,AGC,PA,AEA,CE,Towers with Radar,0,16,20,0,36,0,4,1,0,5,0,20,21,0,41,0,0,0,41
01/30/2023,AGC,PA,AEA,CE,Towers with Radar,0,7,23,0,30,0,0,0,0,0,0,7,23,0,30,0,0,0,30
01/31/2023,AGC,PA,AEA,CE,Towers with Radar,0,20,25,0,45,0,9,14,0,23,0,29,39,0,68,80,0,80,148
02/01/2023,AGC,PA,AEA,CE,Towers with Radar,0,32,35,0,67,0,21,65,3,89,0,53,100,3,156,174,0,174,330
02/02/2023,AGC,PA,AEA,CE,Towers with Radar,0,24,45,0,69,0,29,49,0,78,0,53,94,0,147,78,0,78,225
02/03/2023,AGC,PA,AEA,CE,Towers with Radar,0,23,18,0,41,0,8,6,0,14,0,31,24,0,55,0,0,0,55
02/04/2023,AGC,PA,AEA,CE,Towers with Radar,0,18,16,0,34,0,26,58,0,84,0,44,74,0,118,95,0,95,213
02/05/2023,AGC,PA,AEA,CE,Towers with Radar,0,24,16,0,40,0,31,11,0,42,0,55,27,0,82,0,0,0,82
02/06/2023,AGC,PA,AEA,CE,Towers with Radar,0,19,22,0,41,0,28,12,0,40,0,47,34,0,81,128,0,128,209
02/07/2023,AGC,PA,AEA,CE,Towers with Radar,0,22,27,0,49,0,17,21,1,39,0,39,48,1,88,19,0,19,107
02/08/2023,AGC,PA,AEA,CE,Towers with Radar,0,31,30,4,65,0,21,40,0,61,0,52,70,4,126,81,0,81,207
02/09/2023,AGC,PA,AEA,CE,Towers with Radar,0,28,12,0,40,0,30,19,0,49,0,58,31,0,89,24,0,24,113
02/10/2023,AGC,PA,AEA,CE,Towers with Radar,0,15,18,0,33,0,35,21,0,56,0,50,39,0,89,82,0,82,171
02/11/2023,AGC,PA,AEA,CE,Towers with Radar,0,17,21,0,38,0,27,71,0,98,0,44,92,0,136,73,0,73,209
02/12/2023,AGC,PA,AEA,CE,Towers with Radar,0,11,15,0,26,0,23,49,0,72,0,34,64,0,98,74,0,74,172
02/13/2023,AGC,PA,AEA,CE,Towers with Radar,0,21,20,0,41,0,16,20,0,36,0,37,40,0,77,73,0,73,150
02/14/2023,AGC,PA,AEA,CE,Towers with Radar,0,25,23,0,48,0,33,50,0,83,0,58,73,0,131,104,0,104,235
02/15/2023,AGC,PA,AEA,CE,Towers with Radar,0,34,12,1,47,0,25,13,1,39,0,59,25,2,86,4,0,4,90
02/16/2023,AGC,PA,AEA,CE,Towers with Radar,0,27,21,0,48,0,18,5,0,23,0,45,26,0,71,37,0,37,108
02/17/2023,AGC,PA,AEA,CE,Towers with Radar,0,25,18,0,43,0,13,6,0,19,0,38,24,0,62,37,0,37,99
02/18/2023,AGC,PA,AEA,CE,Towers with Radar,0,31,15,0,46,0,13,32,0,45,0,44,47,0,91,29,0,29,120
02/19/2023,AGC,PA,AEA,CE,Towers with Radar,0,20,17,0,37,0,29,21,0,50,0,49,38,0,87,19,0,19,106
02/20/2023,AGC,PA,AEA,CE,Towers with Radar,0,18,22,0,40,0,30,30,0,60,0,48,52,0,100,151,0,151,251
02/21/2023,AGC,PA,AEA,CE,Towers with Radar,0,33,25,0,58,0,22,9,0,31,0,55,34,0,89,4,0,4,93
02/22/2023,AGC,PA,AEA,CE,Towers with Radar,0,27,11,0,38,0,33,1,0,34,0,60,12,0,72,0,0,0,72
02/23/2023,AGC,PA,AEA,CE,Towers with Radar,0,26,28,0,54,0,20,23,0,43,0,46,51,0,97,71,0,71,168
02/24/2023,AGC,PA,AEA,CE,Towers with Radar,0,30,15,0,45,0,37,31,0,68,0,67,46,0,113,238,0,238,351
02/25/2023,AGC,PA,AEA,CE,Towers with Radar,0,22,32,0,54,0,36,40,0,76,0,58,72,0,130,138,0,138,268
02/26/2023,AGC,PA,AEA,CE,Towers with Radar,0,21,28,0,49,0,26,37,0,63,0,47,65,0,112,68,0,68,180
02/27/2023,AGC,PA,AEA,CE,Towers with Radar,0,15,12,0,27,0,12,11,0,23,0,27,23,0,50,40,0,40,90
02/28/2023,AGC,PA,AEA,CE,Towers with Radar,0,28,18,0,46,0,28,7,5,40,0,56,25,5,86,83,0,83,169
03/01/2023,AGC,PA,AEA,CE,Towers with Radar,0,23,33,0,56,0,33,42,4,79,0,56,75,4,135,16,0,16,151
03/02/2023,AGC,PA,AEA,CE,Towers with Radar,0,20,28,0,48,0,29,73,0,102,0,49,101,0,150,152,0,152,302
03/03/2023,AGC,PA,AEA,CE,Towers with Radar,0,36,12,0,48,0,13,11,0,24,0,49,23,0,72,50,0,50,122
03/04/2023,AGC,PA,AEA,CE,Towers with Radar,0,35,4,0,39,0,19,8,0,27,0,54,12,0,66,96,0,96,162
03/05/2023,AGC,PA,AEA,CE,Towers with Radar,0,23,29,0,52,0,34,64,0,98,0,57,93,0,150,71,0,71,221
03/06/2023,AGC,PA,AEA,CE,Towers with Radar,0,20,25,0,45,0,19,65,0,84,0,39,90,0,129,141,0,141,270
03/07/2023,AGC,PA,AEA,CE,Towers with Radar,0,33,20,0,53,0,35,25,0,60,0,68,45,0,113,4,0,4,117
03/08/2023,AGC,PA,AEA,CE,Towers with Radar,0,29,40,0,69,0,36,53,0,89,0,65,93,0,158,140,0,140,298
03/09/2023,AGC,PA,AEA,CE,Towers with Radar,0,39,34,0,73,0,34,64,0,98,0,73,98,0,171,147,0,147,318
03/10/2023,AGC,PA,AEA,CE,Towers with Radar,0,26,19,0,45,0,13,0,0,13,0,39,19,0,58,0,0,0,58
03/11/2023,AGC,PA,AEA,CE,Towers with Radar,0,28,8,0,36,0,13,6,0,19,0,41,14,0,55,13,0,13,68
03/12/2023,AGC,PA,AEA,CE,Towers with Radar,0,31,16,0,47,0,11,14,0,25,0,42,30,0,72,61,0,61,133
03/13/2023,AGC,PA,AEA,CE,Towers with Radar,0,7,9,0,16,0,2,8,0,10,0,9,17,0,26,0,0,0,26
03/14/2023,AGC,PA,AEA,CE,Towers with Radar,0,24,29,0,53,0,4,5,0,9,0,28,34,0,62,3,0,3,65
03/15/2023,AGC,PA,AEA,CE,Towers with Radar,0,33,40,0,73,0,45,44,4,93,0,78,84,4,166,130,12,142,308
03/16/2023,AGC,PA,AEA,CE,Towers with Radar,0,36,25,0,61,0,36,57,4,97,0,72,82,4,158,190,0,190,348
03/17/2023,AGC,PA,AEA,CE,Towers with Radar,0,27,13,0,40,0,17,7,0,24,0,44,20,0,64,44,0,44,108
03/18/2023,AGC,PA,AEA,CE,Towers with Radar,0,25,15,0,40,0,18,10,0,28,0,43,25,0,68,16,0,16,84
03/19/2023,AGC,PA,AEA,CE,Towers with Radar,0,13,18,0,31,0,23,20,0,43,0,36,38,0,74,81,0,81,155
03/20/2023,AGC,PA,AEA,CE,Towers with Radar,0,24,29,0,53,0,46,92,0,138,0,70,121,0,191,101,0,101,292
03/21/2023,AGC,PA,AEA,CE,Towers with Radar,0,31,26,4,61,0,44,64,1,109,0,75,90,5,170,228,0,228,398
03/22/2023,AGC,PA,AEA,CE,Towers with Radar,0,25,24,0,49,0,31,28,1,60,0,56,52,1,109,73,0,73,182
03/23/2023,AGC,PA,AEA,CE,Towers with Radar,0,33,14,0,47,0,0,0,0,0,0,33,14,0,47,0,0,0,47
03/24/2023,AGC,PA,AEA,CE,Towers with Radar,0,24,13,0,37,0,20,12,0,32,0,44,25,0,69,149,0,149,218
03/25/2023,AGC,PA,AEA,CE,Towers with Radar,0,27,4,0,31,0,9,0,0,9,0,36,4,0,40,0,0,0,40
03/26/2023,AGC,PA,AEA,CE,Towers with Radar,0,21,38,0,59,0,22,70,0,92,0,43,108,0,151,106,0,106,257
03/27/2023,AGC,PA,AEA,CE,Towers with Radar,0,10,23,0,33,0,19,27,0,46,0,29,50,0,79,125,0,125,204
03/28/2023,AGC,PA,AEA,CE,Towers with Radar,0,38,21,2,61,0,37,41,0,78,0,75,62,2,139,213,0,213,352
03/29/2023,AGC,PA,AEA,CE,Towers with Radar,0,30,25,0,55,0,34,27,0,61,0,64,52,0,116,98,0,98,214
03/30/2023,AGC,PA,AEA,CE,Towers with Radar,0,39,29,2,70,0,33,64,0,97,0,72,93,2,167,174,0,174,341
03/31/2023,AGC,PA,AEA,CE,Towers with Radar,0,32,26,0,58,0,18,2,0,20,0,50,28,0,78,16,0,16,94
04/01/2023,AGC,PA,AEA,CE,Towers with Radar,0,18,9,0,27,0,11,0,0,11,0,29,9,0,38,10,0,10,48
04/02/2023,AGC,PA,AEA,CE,Towers with Radar,0,27,26,0,53,0,31,34,0,65,0,58,60,0,118,111,0,111,229
04/03/2023,AGC,PA,AEA,CE,Towers with Radar,0,26,13,0,39,0,35,54,0,89,0,61,67,0,128,76,0,76,204
04/04/2023,AGC,PA,AEA,CE,Towers with Radar,0,27,31,0,58,0,39,38,0,77,0,66,69,0,135,182,0,182,317
04/05/2023,AGC,PA,AEA,CE,Towers with Radar,0,30,23,0,53,0,29,19,0,48,0,59,42,0,101,4,0,4,105
04/06/2023,AGC,PA,AEA,CE,Towers with Radar,0,25,28,0,53,0,26,13,0,39,0,51,41,0,92,111,0,111,203
04/07/2023,AGC,PA,AEA,CE,Towers with Radar,0,45,31,0,76,0,28,53,0,81,0,73,84,0,157,181,0,181,338
04/08/2023,AGC,PA,AEA,CE,Towers with Radar,0,21,24,0,45,0,37,63,0,100,0,58,87,0,145,291,0,291,436
04/09/2023,AGC,PA,AEA,CE,Towers with Radar,0,19,19,0,38,0,25,28,0,53,0,44,47,0,91,45,0,45,136
04/10/2023,AGC,PA,AEA,CE,Towers with Radar,0,13,32,0,45,0,44,88,0,132,0,57,120,0,177,100,0,100,277
04/11/2023,AGC,PA,AEA,CE,Towers with Radar,0,27,26,0,53,0,35,31,0,66,0,62,57,0,119,125,0,125,244
04/12/2023,AGC,PA,AEA,CE,Towers with Radar,0,24,38,0,62,0,29,35,0,64,0,53,73,0,126,75,0,75,201
04/13/2023,AGC,PA,AEA,CE,Towers with Radar,0,45,23,2,70,0,40,60,0,100,0,85,83,2,170,211,0,211,381
04/14/2023,AGC,PA,AEA,CE,Towers with Radar,0,29,22,0,51,0,30,88,0,118,0,59,110,0,169,167,0,167,336
04/15/2023,AGC,PA,AEA,CE,Towers with Radar,0,33,21,0,54,0,45,24,0,69,0,78,45,0,123,59,0,59,182
04/16/2023,AGC,PA,AEA,CE,Towers with Radar,0,16,25,0,41,0,12,27,0,39,0,28,52,0,80,78,0,78,158
04/17/2023,AGC,PA,AEA,CE,Towers with Radar,0,12,12,0,24,0,11,7,0,18,0,23,19,0,42,46,0,46,88
04/18/2023,AGC,PA,AEA,CE,Towers with Radar,0,17,26,0,43,0,28,19,0,47,0,45,45,0,90,62,0,62,152
04/19/2023,AGC,PA,AEA,CE,Towers with Radar,0,39,39,0,78,0,44,62,0,106,0,83,101,0,184,183,0,183,367
04/20/2023,AGC,PA,AEA,CE,Towers with Radar,0,33,40,1,74,0,46,40,0,86,0,79,80,1,160,79,0,79,239
04/21/2023,AGC,PA,AEA,CE,Towers with Radar,0,39,24,0,63,0,49,37,0,86,0,88,61,0,149,97,0,97,246
04/22/2023,AGC,PA,AEA,CE,Towers with Radar,0,22,6,0,28,0,6,7,0,13,0,28,13,0,41,43,0,43,84
04/23/2023,AGC,PA,AEA,CE,Towers with Radar,0,16,27,0,43,0,29,38,0,67,0,45,65,0,110,193,0,193,303
04/24/2023,AGC,PA,AEA,CE,Towers with Radar,0,17,33,0,50,0,34,20,0,54,0,51,53,0,104,97,0,97,201
04/25/2023,AGC,PA,AEA,CE,Towers with Radar,0,19,16,0,35,0,34,48,4,86,0,53,64,4,121,216,0,216,337
04/26/2023,AGC,PA,AEA,CE,Towers with Radar,0,24,34,0,58,0,77,37,0,114,0,101,71,0,172,166,0,166,338
04/27/2023,AGC,PA,AEA,CE,Towers with Radar,0,37,38,0,75,0,31,61,0,92,0,68,99,0,167,151,0,151,318
04/28/2023,AGC,PA,AEA,CE,Towers with Radar,0,40,8,0,48,0,9,3,0,12,0,49,11,0,60,0,0,0,60
04/29/2023,AGC,PA,AEA,CE,Towers with Radar,0,26,28,0,54,0,20,11,0,31,0,46,39,0,85,86,0,86,171
04/30/2023,AGC,PA,AEA,CE,Towers with Radar,0,23,28,0,51,0,26,6,0,32,0,49,34,0,83,17,0,17,100
05/01/2023,AGC,PA,AEA,CE,Towers with Radar,0,7,22,0,29,0,9,5,0,14,0,16,27,0,43,2,0,2,45
05/02/2023,AGC,PA,AEA,CE,Towers with Radar,0,16,13,0,29,0,6,4,0,10,0,22,17,0,39,8,0,8,47
05/03/2023,AGC,PA,AEA,CE,Towers with Radar,0,32,13,0,45,0,5,5,0,10,0,37,18,0,55,0,0,0,55
05/04/2023,AGC,PA,AEA,CE,Towers with Radar,0,35,30,0,65,0,33,19,0,52,0,68,49,0,117,73,0,73,190
05/05/2023,AGC,PA,AEA,CE,Towers with Radar,0,40,33,0,73,0,33,55,0,88,0,73,88,0,161,117,0,117,278
05/06/2023,AGC,PA,AEA,CE,Towers with Radar,0,26,20,0,46,0,39,52,3,94,0,65,72,3,140,127,0,127,267
05/07/2023,AGC,PA,AEA,CE,Towers with Radar,0,17,36,0,53,0,20,13,0,33,0,37,49,0,86,36,0,36,122
05/08/2023,AGC,PA,AEA,CE,Towers with Radar,0,25,30,0,55,0,24,33,0,57,0,49,63,0,112,113,0,113,225
05/09/2023,AGC,PA,AEA,CE,Towers with Radar,0,33,35,0,68,0,48,29,0,77,0,81,64,0,145,44,0,44,189
05/10/2023,AGC,PA,AEA,CE,Towers with Radar,0,27,46,0,73,0,58,38,1,97,0,85,84,1,170,87,0,87,257
05/11/2023,AGC,PA,AEA,CE,Towers with Radar,0,27,40,0,67,0,63,50,5,118,0,90,90,5,185,52,0,52,237
05/12/2023,AGC,PA,AEA,CE,Towers with Radar,0,22,29,0,51,0,42,59,0,101,0,64,88,0,152,216,0,216,368
05/13/2023,AGC,PA,AEA,CE,Towers with Radar,0,25,28,0,53,0,14,8,0,22,0,39,36,0,75,4,0,4,79
05/14/2023,AGC,PA,AEA,CE,Towers with Radar,0,31,23,0,54,0,53,55,0,108,0,84,78,0,162,67,0,67,229
05/15/2023,AGC,PA,AEA,CE,Towers with Radar,0,21,43,0,64,0,75,72,0,147,0,96,115,0,211,161,0,161,372
05/16/2023,AGC,PA,AEA,CE,Towers with Radar,0,24,26,0,50,0,62,43,0,105,0,86,69,0,155,99,0,99,254
05/17/2023,AGC,PA,AEA,CE,Towers with Radar,0,32,37,0,69,0,77,32,0,109,0,109,69,0,178,47,0,47,225
05/18/2023,AGC,PA,AEA,CE,Towers with Radar,0,22,17,0,39,0,66,72,0,138,0,88,89,0,177,133,0,133,310
05/19/2023,AGC,PA,AEA,CE,Towers with Radar,0,31,39,0,70,0,41,26,0,67,0,72,65,0,137,153,0,153,290
05/20/2023,AGC,PA,AEA,CE,Towers with Radar,0,37,13,0,50,0,30,1,0,31,0,67,14,0,81,41,0,41,122
05/21/2023,AGC,PA,AEA,CE,Towers with Radar,0,25,44,0,69,0,48,68,0,116,0,73,112,0,185,82,0,82,267
05/22/2023,AGC,PA,AEA,CE,Towers with Radar,0,25,32,6,63,0,37,43,0,80,0,62,75,6,143,219,8,227,370
05/23/2023,AGC,PA,AEA,CE,Towers with Radar,0,27,43,0,70,0,60,45,2,107,0,87,88,2,177,177,0,177,354
05/24/2023,AGC,PA,AEA,CE,Towers with Radar,0,39,38,2,79,0,94,53,3,150,0,133,91,5,229,109,0,109,338
05/25/2023,AGC,PA,AEA,CE,Towers with Radar,0,42,44,0,86,0,50,47,0,97,0,92,91,0,183,74,0,74,257
05/26/2023,AGC,PA,AEA,CE,Towers with Radar,0,20,26,0,46,0,32,55,0,87,0,52,81,0,133,121,0,121,254
05/27/2023,AGC,PA,AEA,CE,Towers with Radar,0,28,19,0,47,0,49,32,0,81,0,77,51,0,128,130,0,130,258
05/28/2023,AGC,PA,AEA,CE,Towers with Radar,0,9,15,0,24,0,104,31,0,135,0,113,46,0,159,153,0,153,312
05/29/2023,AGC,PA,AEA,CE,Towers with Radar,0,18,17,0,35,0,129,45,0,174,0,147,62,0,209,131,0,131,340
05/30/2023,AGC,PA,AEA,CE,Towers with Radar,0,23,11,1,35,0,58,39,0,97,0,81,50,1,132,69,0,69,201
05/31/2023,AGC,PA,AEA,CE,Towers with Radar,0,29,30,0,59,0,133,57,2,192,0,162,87,2,251,122,0,122,373
06/01/2023,AGC,PA,AEA,CE,Towers with Radar,0,33,27,0,60,0,73,63,0,136,0,106,90,0,196,180,0,180,376
06/02/2023,AGC,PA,AEA,CE,Towers with Radar,0,27,47,0,74,0,60,48,0,108,0,87,95,0,182,144,0,144,326
06/03/2023,AGC,PA,AEA,CE,Towers with Radar,0,32,16,0,48,0,51,30,3,84,0,83,46,3,132,112,0,112,244
06/04/2023,AGC,PA,AEA,CE,Towers with Radar,0,25,32,0,57,0,24,23,0,47,0,49,55,0,104,73,0,73,177
06/05/2023,AGC,PA,AEA,CE,Towers with Radar,0,15,25,0,40,0,56,58,0,114,0,71,83,0,154,79,0,79,233
06/06/2023,AGC,PA,AEA,CE,Towers with Radar,0,30,34,0,64,0,112,34,0,146,0,142,68,0,210,60,0,60,270
06/07/2023,AGC,PA,AEA,CE,Towers with Radar,0,30,42,0,72,0,65,38,0,103,0,95,80,0,175,182,0,182,357
06/08/2023,AGC,PA,AEA,CE,Towers with Radar,0,34,46,0,80,0,89,49,0,138,0,123,95,0,218,98,0,98,316
06/09/2023,AGC,PA,AEA,CE,Towers with Radar,0,27,24,0,51,0,21,48,0,69,0,48,72,0,120,156,0,156,276
06/10/2023,AGC,PA,AEA,CE,Towers with Radar,0,21,26,0,47,0,43,53,0,96,0,64,79,0,143,108,0,108,251
06/11/2023,AGC,PA,AEA,CE,Towers with Radar,0,25,27,0,52,0,33,35,1,69,0,58,62,1,121,78,0,78,199
06/12/2023,AGC,PA,AEA,CE,Towers with Radar,0,16,22,0,38,0,16,1,0,17,0,32,23,0,55,0,0,0,55
06/13/2023,AGC,PA,AEA,CE,Towers with Radar,0,29,31,0,60,0,65,32,0,97,0,94,63,0,157,4,0,4,161
06/14/2023,AGC,PA,AEA,CE,Towers with Radar,0,26,54,0,80,0,21,10,0,31,0,47,64,0,111,62,0,62,173
06/15/2023,AGC,PA,AEA,CE,Towers with Radar,0,25,42,0,67,0,52,77,0,129,0,77,119,0,196,183,0,183,379
06/16/2023,AGC,PA,AEA,CE,Towers with Radar,0,34,25,0,59,0,14,4,0,18,0,48,29,0,77,50,0,50,127
06/17/2023,AGC,PA,AEA,CE,Towers with Radar,0,38,38,0,76,0,26,34,0,60,0,64,72,0,136,64,0,64,200
06/18/2023,AGC,PA,AEA,CE,Towers with Radar,0,29,39,1,69,0,66,53,0,119,0,95,92,1,188,96,0,96,284
06/19/2023,AGC,PA,AEA,CE,Towers with Radar,0,14,19,0,33,0,67,66,0,133,0,81,85,0,166,183,0,183,349
06/20/2023,AGC,PA,AEA,CE,Towers with Radar,0,23,26,0,49,0,81,59,0,140,0,104,85,0,189,192,0,192,381
06/21/2023,AGC,PA,AEA,CE,Towers with Radar,0,28,30,0,58,0,50,41,0,91,0,78,71,0,149,42,0,42,191
06/22/2023,AGC,PA,AEA,CE,Towers with Radar,0,33,30,0,63,0,16,26,0,42,0,49,56,0,105,105,0,105,210
06/23/2023,AGC,PA,AEA,CE,Towers with Radar,0,38,29,0,67,0,17,21,0,38,0,55,50,0,105,24,0,24,129
06/24/2023,AGC,PA,AEA,CE,Towers with Radar,0,28,6,0,34,0,16,8,0,24,0,44,14,0,58,10,0,10,68
06/25/2023,AGC,PA,AEA,CE,Towers with Radar,0,14,33,0,47,0,35,29,0,64,0,49,62,0,111,135,0,135,246
06/26/2023,AGC,PA,AEA,CE,Towers with Radar,0,23,24,0,47,0,35,20,0,55,0,58,44,0,102,18,0,18,120
06/27/2023,AGC,PA,AEA,CE,Towers with Radar,0,17,34,2,53,0,8,2,0,10,0,25,36,2,63,0,0,0,63
06/28/2023,AGC,PA,AEA,CE,Towers with Radar,0,32,33,2,67,0,4,7,0,11,0,36,40,2,78,57,0,57,135
06/29/2023,AGC,PA,AEA,CE,Towers with Radar,0,22,51,0,73,0,1,1,0,2,0,23,52,0,75,0,0,0,75
06/30/2023,AGC,PA,AEA,CE,Towers with Radar,0,39,31,0,70,0,23,81,0,104,0,62,112,0,174,170,0,170,344
07/01/2023,AGC,PA,AEA,CE,Towers with Radar,0,31,18,0,49,0,9,57,0,66,0,40,75,0,115,0,0,0,115
07/02/2023,AGC,PA,AEA,CE,Towers with Radar,0,20,11,0,31,0,16,3,0,19,0,36,14,0,50,34,0,34,84
07/03/2023,AGC,PA,AEA,CE,Towers with Radar,0,24,23,0,47,0,12,7,0,19,0,36,30,0,66,35,0,35,101
07/04/2023,AGC,PA,AEA,CE,Towers with Radar,0,24,18,0,42,0,27,32,0,59,0,51,50,0,101,78,0,78,179
07/05/2023,AGC,PA,AEA,CE,Towers with Radar,0,14,30,0,44,0,25,52,1,78,0,39,82,1,122,108,0,108,230
07/06/2023,AGC,PA,AEA,CE,Towers with Radar,0,19,22,0,41,0,37,43,0,80,0,56,65,0,121,133,0,133,254
07/07/2023,AGC,PA,AEA,CE,Towers with Radar,0,28,31,0,59,0,35,27,0,62,0,63,58,0,121,69,0,69,190
07/08/2023,AGC,PA,AEA,CE,Towers with Radar,0,23,30,0,53,0,30,57,0,87,0,53,87,0,140,127,0,127,267
07/09/2023,AGC,PA,AEA,CE,Towers with Radar,0,11,24,0,35,0,12,2,0,14,0,23,26,0,49,34,0,34,83
07/10/2023,AGC,PA,AEA,CE,Towers with Radar,0,14,37,0,51,0,19,42,0,61,0,33,79,0,112,93,0,93,205
07/11/2023,AGC,PA,AEA,CE,Towers with Radar,0,29,43,0,72,0,28,57,0,85,0,57,100,0,157,124,0,124,281
07/12/2023,AGC,PA,AEA,CE,Towers with Radar,0,36,30,0,66,0,29,43,0,72,0,65,73,0,138,68,0,68,206
07/13/2023,AGC,PA,AEA,CE,Towers with Radar,0,35,42,0,77,0,31,44,0,75,0,66,86,0,152,99,0,99,251
07/14/2023,AGC,PA,AEA,CE,Towers with Radar,0,36,36,0,72,0,29,34,0,63,0,65,70,0,135,124,0,124,259
07/15/2023,AGC,PA,AEA,CE,Towers with Radar,0,25,20,0,45,0,28,32,0,60,0,53,52,0,105,103,0,103,208
07/16/2023,AGC,PA,AEA,CE,Towers with Radar,0,24,33,0,57,0,12,31,0,43,0,36,64,0,100,75,0,75,175
07/17/2023,AGC,PA,AEA,CE,Towers with Radar,0,21,22,0,43,0,21,15,0,36,0,42,37,0,79,54,0,54,133
07/18/2023,AGC,PA,AEA,CE,Towers with Radar,0,28,28,0,56,0,17,16,0,33,0,45,44,0,89,18,0,18,107
07/19/2023,AGC,PA,AEA,CE,Towers with Radar,0,26,35,1,62,0,25,25,0,50,0,51,60,1,112,20,0,20,132
07/20/2023,AGC,PA,AEA,CE,Towers with Radar,0,48,28,1,77,0,19,22,1,42,0,67,50,2,119,135,0,135,254
07/21/2023,AGC,PA,AEA,CE,Towers with Radar,0,25,38,0,63,0,30,29,0,59,0,55,67,0,122,107,0,107,229
07/22/2023,AGC,PA,AEA,CE,Towers with Radar,0,43,29,0,72,0,24,41,0,65,0,67,70,0,137,149,0,149,286
07/23/2023,AGC,PA,AEA,CE,Towers with Radar,0,24,46,0,70,0,13,69,0,82,0,37,115,0,152,158,0,158,310
07/24/2023,AGC,PA,AEA,CE,Towers with Radar,0,8,21,0,29,0,36,73,0,109,0,44,94,0,138,91,0,91,229
07/25/2023,AGC,PA,AEA,CE,Towers with Radar,0,32,25,2,59,0,19,57,0,76,0,51,82,2,135,141,0,141,276
07/26/2023,AGC,PA,AEA,CE,Towers with Radar,0,36,26,0,62,0,27,47,0,74,0,63,73,0,136,96,0,96,232
07/27/2023,AGC,PA,AEA,CE,Towers with Radar,0,27,23,0,50,0,33,16,0,49,0,60,39,0,99,43,2,45,144
07/28/2023,AGC,PA,AEA,CE,Towers with Radar,0,32,34,0,66,0,27,14,0,41,0,59,48,0,107,124,0,124,231
07/29/2023,AGC,PA,AEA,CE,Towers with Radar,0,32,22,0,54,0,20,6,0,26,0,52,28,0,80,18,0,18,98
07/30/2023,AGC,PA,AEA,CE,Towers with Radar,0,18,48,0,66,0,8,35,0,43,0,26,83,0,109,43,0,43,152
07/31/2023,AGC,PA,AEA,CE,Towers with Radar,0,8,25,0,33,0,30,88,0,118,0,38,113,0,151,203,0,203,354
08/01/2023,AGC,PA,AEA,CE,Towers with Radar,0,26,25,0,51,0,41,61,0,102,0,67,86,0,153,226,0,226,379
08/02/2023,AGC,PA,AEA,CE,Towers with Radar,0,29,43,0,72,0,31,42,0,73,0,60,85,0,145,187,0,187,332
08/03/2023,AGC,PA,AEA,CE,Towers with Radar,0,22,27,0,49,0,40,56,2,98,0,62,83,2,147,166,0,166,313
08/04/2023,AGC,PA,AEA,CE,Towers with Radar,0,31,23,0,54,0,38,75,0,113,0,69,98,0,167,102,0,102,269
08/05/2023,AGC,PA,AEA,CE,Towers with Radar,0,24,31,0,55,0,49,51,0,100,0,73,82,0,155,81,0,81,236
08/06/2023,AGC,PA,AEA,CE,Towers with Radar,0,29,36,0,65,0,27,42,2,71,0,56,78,2,136,43,0,43,179
08/07/2023,AGC,PA,AEA,CE,Towers with Radar,0,8,32,0,40,0,11,11,0,22,0,19,43,0,62,4,0,4,66
08/08/2023,AGC,PA,AEA,CE,Towers with Radar,0,29,39,0,68,0,28,57,0,85,0,57,96,0,153,71,0,71,224
08/09/2023,AGC,PA,AEA,CE,Towers with Radar,0,28,59,0,87,0,33,56,0,89,0,61,115,0,176,64,0,64,240
08/10/2023,AGC,PA,AEA,CE,Towers with Radar,0,22,34,0,56,0,16,24,0,40,0,38,58,0,96,96,0,96,192
08/11/2023,AGC,PA,AEA,CE,Towers with Radar,0,30,37,0,67,0,20,86,0,106,0,50,123,0,173,164,0,164,337
08/12/2023,AGC,PA,AEA,CE,Towers with Radar,0,30,27,0,57,0,12,30,0,42,0,42,57,0,99,100,0,100,199
08/13/2023,AGC,PA,AEA,CE,Towers with Radar,0,25,34,0,59,0,41,36,0,77,0,66,70,0,136,113,0,113,249
08/14/2023,AGC,PA,AEA,CE,Towers with Radar,0,26,20,0,46,0,11,23,0,34,0,37,43,0,80,92,0,92,172
08/15/2023,AGC,PA,AEA,CE,Towers with Radar,0,24,25,0,49,0,15,26,0,41,0,39,51,0,90,56,0,56,146
08/16/2023,AGC,PA,AEA,CE,Towers with Radar,0,28,34,0,62,0,27,26,0,53,0,55,60,0,115,164,0,164,279
08/17/2023,AGC,PA,AEA,CE,Towers with Radar,0,33,28,0,61,0,30,40,0,70,0,63,68,0,131,123,0,123,254
08/18/2023,AGC,PA,AEA,CE,Towers with Radar,0,22,34,0,56,0,22,23,0,45,0,44,57,0,101,33,0,33,134
08/19/2023,AGC,PA,AEA,CE,Towers with Radar,0,24,34,0,58,0,35,48,0,83,0,59,82,0,141,115,0,115,256
08/20/2023,AGC,PA,AEA,CE,Towers with Radar,0,18,34,0,52,0,22,47,0,69,0,40,81,0,121,143,0,143,264
08/21/2023,AGC,PA,AEA,CE,Towers with Radar,0,19,23,0,42,0,18,27,0,45,0,37,50,0,87,182,0,182,269
08/22/2023,AGC,PA,AEA,CE,Towers with Radar,0,29,30,0,59,0,37,57,4,98,0,66,87,4,157,145,0,145,302
08/23/2023,AGC,PA,AEA,CE,Towers with Radar,0,25,30,0,55,0,44,20,0,64,0,69,50,0,119,81,0,81,200
08/24/2023,AGC,PA,AEA,CE,Towers with Radar,0,24,20,0,44,0,39,22,0,61,0,63,42,0,105,83,0,83,188
08/25/2023,AGC,PA,AEA,CE,Towers with Radar,0,31,23,0,54,0,11,16,2,29,0,42,39,2,83,117,0,117,200
08/26/2023,AGC,PA,AEA,CE,Towers with Radar,0,25,34,0,59,0,15,52,0,67,0,40,86,0,126,157,0,157,283
08/27/2023,AGC,PA,AEA,CE,Towers with Radar,0,9,34,0,43,0,31,27,0,58,0,40,61,0,101,126,0,126,227
08/28/2023,AGC,PA,AEA,CE,Towers with Radar,0,19,29,0,48,0,33,39,0,72,0,52,68,0,120,188,0,188,308
08/29/2023,AGC,PA,AEA,CE,Towers with Radar,0,46,20,0,66,0,31,13,0,44,0,77,33,0,110,88,0,88,198
08/30/2023,AGC,PA,AEA,CE,Towers with Radar,0,28,42,0,70,0,38,23,1,62,0,66,65,1,132,50,0,50,182
08/31/2023,AGC,PA,AEA,CE,Towers with Radar,0,62,39,0,101,0,55,54,1,110,0,117,93,1,211,207,0,207,418
