01/01/2020,AGS,GA,ASO,ES,Combined TRACON& Tower with Radar,12,15,11,0,38,0,0,4,0,4,12,15,15,0,42,8,0,8,50
01/02/2020,AGS,GA,ASO,ES,Combined TRACON& Tower with Radar,13,14,14,2,43,0,1,7,0,8,13,15,21,2,51,4,0,4,55
01/03/2020,AGS,GA,ASO,ES,Combined TRACON& Tower with Radar,15,16,13,5,49,0,0,4,0,4,15,16,17,5,53,26,0,26,79
01/04/2020,AGS,GA,ASO,ES,Combined TRACON& Tower with Radar,11,12,5,2,30,0,0,6,0,6,11,12,11,2,36,30,0,30,66
01/05/2020,AGS,GA,ASO,ES,Combined TRACON& Tower with Radar,12,16,7,0,35,0,6,23,0,29,12,22,30,0,64,28,0,28,92
01/06/2020,AGS,GA,ASO,ES,Combined TRACON& Tower with Radar,18,16,24,11,69,0,4,10,3,17,18,20,34,14,86,6,0,6,92
01/07/2020,AGS,GA,ASO,ES,Combined TRACON& Tower with Radar,20,14,24,8,66,0,2,14,0,16,20,16,38,8,82,16,4,20,102
01/08/2020,AGS,GA,ASO,ES,Combined TRACON& Tower with Radar,20,18,18,24,80,0,6,14,0,20,20,24,32,24,100,8,16,24,124
01/09/2020,AGS,GA,ASO,ES,Combined TRACON& Tower with Radar,18,17,18,0,53,0,1,17,0,18,18,18,35,0,71,0,0,0,71
01/10/2020,AGS,GA,ASO,ES,Combined TRACON& Tower with Radar,22,26,14,12,74,0,0,12,0,12,22,26,26,12,86,16,0,16,102
01/11/2020,AGS,GA,ASO,ES,Combined TRACON& Tower with Radar,14,15,6,0,35,0,0,0,0,0,14,15,6,0,35,10,0,10,45
01/12/2020,AGS,GA,ASO,ES,Combined TRACON& Tower with Radar,19,38,6,0,63,0,0,0,1,1,19,38,6,1,64,0,0,0,64
01/13/2020,AGS,GA,ASO,ES,Combined TRACON& Tower with Radar,18,26,8,0,52,0,0,0,0,0,18,26,8,0,52,0,0,0,52
01/14/2020,AGS,GA,ASO,ES,Combined TRACON& Tower with Radar,22,14,14,0,50,0,0,1,0,1,22,14,15,0,51,12,0,12,63
01/15/2020,AGS,GA,ASO,ES,Combined TRACON& Tower with Radar,16,26,23,5,70,0,2,5,0,7,16,28,28,5,77,22,0,22,99
01/16/2020,AGS,GA,ASO,ES,Combined TRACON& Tower with Radar,17,29,37,5,88,0,2,8,5,15,17,31,45,10,103,42,6,48,151
01/17/2020,AGS,GA,ASO,ES,Combined TRACON& Tower with Radar,17,25,15,6,63,0,2,15,2,19,17,27,30,8,82,6,12,18,100
01/18/2020,AGS,GA,ASO,ES,Combined TRACON& Tower with Radar,11,13,15,0,39,0,2,6,0,8,11,15,21,0,47,16,0,16,63
01/19/2020,AGS,GA,ASO,ES,Combined TRACON& Tower with Radar,16,16,10,11,53,0,0,5,5,10,16,16,15,16,63,0,0,0,63
01/20/2020,AGS,GA,ASO,ES,Combined TRACON& Tower with Radar,17,21,20,3,61,0,2,13,1,16,17,23,33,4,77,0,0,0,77
01/21/2020,AGS,GA,ASO,ES,Combined TRACON& Tower with Radar,16,19,23,13,71,0,0,11,0,11,16,19,34,13,82,10,0,10,92
01/22/2020,AGS,GA,ASO,ES,Combined TRACON& Tower with Radar,18,19,30,11,78,0,1,15,0,16,18,20,45,11,94,14,0,14,108
01/23/2020,AGS,GA,ASO,ES,Combined TRACON& Tower with Radar,22,29,28,6,85,0,1,9,1,11,22,30,37,7,96,0,10,10,106
01/24/2020,AGS,GA,ASO,ES,Combined TRACON& Tower with Radar,18,23,8,1,50,0,0,0,0,0,18,23,8,1,50,0,0,0,50
01/25/2020,AGS,GA,ASO,ES,Combined TRACON& Tower with Radar,14,15,19,0,48,0,4,14,2,20,14,19,33,2,68,14,0,14,82
01/26/2020,AGS,GA,ASO,ES,Combined TRACON& Tower with Radar,20,24,9,0,53,0,1,7,0,8,20,25,16,0,61,0,0,0,61
01/27/2020,AGS,GA,ASO,ES,Combined TRACON& Tower with Radar,20,23,18,8,69,0,1,7,2,10,20,24,25,10,79,22,22,44,123
01/28/2020,AGS,GA,ASO,ES,Combined TRACON& Tower with Radar,16,21,22,14,73,0,2,9,6,17,16,23,31,20,90,8,24,32,122
01/29/2020,AGS,GA,ASO,ES,Combined TRACON& Tower with Radar,18,21,14,35,88,0,1,7,18,26,18,22,21,53,114,0,46,46,160
01/30/2020,AGS,GA,ASO,ES,Combined TRACON& Tower with Radar,18,14,21,14,67,0,1,7,0,8,18,15,28,14,75,14,14,28,103
01/31/2020,AGS,GA,ASO,ES,Combined TRACON& Tower with Radar,18,20,16,0,54,0,0,1,0,1,18,20,17,0,55,0,0,0,55
02/01/2020,AGS,GA,ASO,ES,Combined TRACON& Tower with Radar,18,7,4,0,29,0,0,2,0,2,18,7,6,0,31,0,0,0,31
02/02/2020,AGS,GA,ASO,ES,Combined TRACON& Tower with Radar,18,12,9,2,41,0,0,12,0,12,18,12,21,2,53,30,0,30,83
02/03/2020,AGS,GA,ASO,ES,Combined TRACON& Tower with Radar,15,28,18,0,61,0,2,6,0,8,15,30,24,0,69,2,0,2,71
02/04/2020,AGS,GA,ASO,ES,Combined TRACON& Tower with Radar,16,20,10,3,49,0,3,7,12,22,16,23,17,15,71,8,38,46,117
02/05/2020,AGS,GA,ASO,ES,Combined TRACON& Tower with Radar,18,14,15,15,62,0,0,2,2,4,18,14,17,17,66,8,16,24,90
02/06/2020,AGS,GA,ASO,ES,Combined TRACON& Tower with Radar,17,8,5,1,31,0,0,0,0,0,17,8,5,1,31,0,0,0,31
02/07/2020,AGS,GA,ASO,ES,Combined TRACON& Tower with Radar,18,15,8,5,46,0,0,6,0,6,18,15,14,5,52,0,0,0,52
02/08/2020,AGS,GA,ASO,ES,Combined TRACON& Tower with Radar,14,13,3,6,36,0,8,8,0,16,14,21,11,6,52,0,0,0,52
02/09/2020,AGS,GA,ASO,ES,Combined TRACON& Tower with Radar,16,22,6,6,50,0,0,10,0,10,16,22,16,6,60,2,0,2,62
02/10/2020,AGS,GA,ASO,ES,Combined TRACON& Tower with Radar,15,24,17,14,70,0,0,5,8,13,15,24,22,22,83,0,38,38,121
02/11/2020,AGS,GA,ASO,ES,Combined TRACON& Tower with Radar,15,16,24,4,59,0,0,0,0,0,15,16,24,4,59,0,0,0,59
02/12/2020,AGS,GA,ASO,ES,Combined TRACON& Tower with Radar,18,18,31,5,72,0,0,1,0,1,18,18,32,5,73,0,0,0,73
02/13/2020,AGS,GA,ASO,ES,Combined TRACON& Tower with Radar,20,25,24,0,69,0,0,0,0,0,20,25,24,0,69,0,0,0,69
02/14/2020,AGS,GA,ASO,ES,Combined TRACON& Tower with Radar,18,16,22,0,56,0,1,13,1,15,18,17,35,1,71,8,0,8,79
02/15/2020,AGS,GA,ASO,ES,Combined TRACON& Tower with Radar,16,9,11,0,36,0,1,11,0,12,16,10,22,0,48,0,0,0,48
02/16/2020,AGS,GA,ASO,ES,Combined TRACON& Tower with Radar,16,15,17,0,48,0,0,1,0,1,16,15,18,0,49,0,0,0,49
02/17/2020,AGS,GA,ASO,ES,Combined TRACON& Tower with Radar,18,20,24,0,62,0,0,0,0,0,18,20,24,0,62,0,0,0,62
02/18/2020,AGS,GA,ASO,ES,Combined TRACON& Tower with Radar,18,20,19,1,58,0,0,0,0,0,18,20,19,1,58,0,0,0,58
02/19/2020,AGS,GA,ASO,ES,Combined TRACON& Tower with Radar,18,20,16,1,55,0,0,0,0,0,18,20,16,1,55,0,0,0,55
02/20/2020,AGS,GA,ASO,ES,Combined TRACON& Tower with Radar,19,22,15,1,57,0,0,0,0,0,19,22,15,1,57,0,0,0,57
02/21/2020,AGS,GA,ASO,ES,Combined TRACON& Tower with Radar,18,29,23,9,79,0,3,6,0,9,18,32,29,9,88,12,0,12,100
02/22/2020,AGS,GA,ASO,ES,Combined TRACON& Tower with Radar,18,15,12,0,45,0,4,12,0,16,18,19,24,0,61,2,0,2,63
02/23/2020,AGS,GA,ASO,ES,Combined TRACON& Tower with Radar,16,17,21,0,54,0,0,7,1,8,16,17,28,1,62,2,0,2,64
02/24/2020,AGS,GA,ASO,ES,Combined TRACON& Tower with Radar,18,24,21,0,63,0,0,2,0,2,18,24,23,0,65,0,0,0,65
02/25/2020,AGS,GA,ASO,ES,Combined TRACON& Tower with Radar,16,27,26,2,71,0,0,0,0,0,16,27,26,2,71,0,0,0,71
02/26/2020,AGS,GA,ASO,ES,Combined TRACON& Tower with Radar,18,22,18,29,87,0,0,3,3,6,18,22,21,32,93,0,0,0,93
02/27/2020,AGS,GA,ASO,ES,Combined TRACON& Tower with Radar,20,29,41,3,93,0,2,6,2,10,20,31,47,5,103,28,0,28,131
02/28/2020,AGS,GA,ASO,ES,Combined TRACON& Tower with Radar,18,28,18,0,64,0,0,14,0,14,18,28,32,0,78,0,0,0,78
02/29/2020,AGS,GA,ASO,ES,Combined TRACON& Tower with Radar,14,29,17,11,71,0,0,11,4,15,14,29,28,15,86,0,20,20,106
03/01/2020,AGS,GA,ASO,ES,Combined TRACON& Tower with Radar,16,19,34,0,69,0,9,9,0,18,16,28,43,0,87,2,0,2,89
03/02/2020,AGS,GA,ASO,ES,Combined TRACON& Tower with Radar,17,28,16,4,65,0,0,6,18,24,17,28,22,22,89,0,40,40,129
03/03/2020,AGS,GA,ASO,ES,Combined TRACON& Tower with Radar,17,23,16,0,56,0,0,0,1,1,17,23,16,1,57,6,0,6,63
03/04/2020,AGS,GA,ASO,ES,Combined TRACON& Tower with Radar,19,21,20,0,60,0,0,0,0,0,19,21,20,0,60,0,0,0,60
03/05/2020,AGS,GA,ASO,ES,Combined TRACON& Tower with Radar,23,31,19,0,73,0,0,0,1,1,23,31,19,1,74,0,0,0,74
03/06/2020,AGS,GA,ASO,ES,Combined TRACON& Tower with Radar,25,29,21,0,75,0,0,4,0,4,25,29,25,0,79,0,0,0,79
03/07/2020,AGS,GA,ASO,ES,Combined TRACON& Tower with Radar,19,21,15,2,57,0,2,6,0,8,19,23,21,2,65,0,0,0,65
03/08/2020,AGS,GA,ASO,ES,Combined TRACON& Tower with Radar,19,29,13,0,61,0,2,5,0,7,19,31,18,0,68,12,0,12,80
03/09/2020,AGS,GA,ASO,ES,Combined TRACON& Tower with Radar,20,19,24,10,73,0,4,13,6,23,20,23,37,16,96,6,24,30,126
03/10/2020,AGS,GA,ASO,ES,Combined TRACON& Tower with Radar,20,22,27,9,78,0,1,4,1,6,20,23,31,10,84,4,18,22,106
03/11/2020,AGS,GA,ASO,ES,Combined TRACON& Tower with Radar,20,19,23,21,83,0,1,6,4,11,20,20,29,25,94,0,32,32,126
03/12/2020,AGS,GA,ASO,ES,Combined TRACON& Tower with Radar,22,24,31,13,90,0,1,8,15,24,22,25,39,28,114,6,36,42,156
03/13/2020,AGS,GA,ASO,ES,Combined TRACON& Tower with Radar,21,36,18,20,95,0,2,8,20,30,21,38,26,40,125,8,60,68,193
03/14/2020,AGS,GA,ASO,ES,Combined TRACON& Tower with Radar,16,19,17,0,52,0,2,6,0,8,16,21,23,0,60,22,0,22,82
03/15/2020,AGS,GA,ASO,ES,Combined TRACON& Tower with Radar,21,21,14,0,56,0,0,2,0,2,21,21,16,0,58,12,0,12,70
03/16/2020,AGS,GA,ASO,ES,Combined TRACON& Tower with Radar,19,24,9,1,53,0,1,1,0,2,19,25,10,1,55,0,0,0,55
03/17/2020,AGS,GA,ASO,ES,Combined TRACON& Tower with Radar,22,17,10,1,50,0,0,2,0,2,22,17,12,1,52,0,0,0,52
03/18/2020,AGS,GA,ASO,ES,Combined TRACON& Tower with Radar,22,15,13,9,59,0,1,2,1,4,22,16,15,10,63,0,0,0,63
03/19/2020,AGS,GA,ASO,ES,Combined TRACON& Tower with Radar,21,11,11,12,55,0,0,7,4,11,21,11,18,16,66,0,16,16,82
03/20/2020,AGS,GA,ASO,ES,Combined TRACON& Tower with Radar,18,19,9,1,47,0,1,14,0,15,18,20,23,1,62,8,10,18,80
03/21/2020,AGS,GA,ASO,ES,Combined TRACON& Tower with Radar,14,11,8,0,33,0,2,2,0,4,14,13,10,0,37,14,0,14,51
03/22/2020,AGS,GA,ASO,ES,Combined TRACON& Tower with Radar,18,9,7,0,34,0,0,1,0,1,18,9,8,0,35,0,0,0,35
03/23/2020,AGS,GA,ASO,ES,Combined TRACON& Tower with Radar,15,10,6,0,31,0,0,0,0,0,15,10,6,0,31,0,0,0,31
03/24/2020,AGS,GA,ASO,ES,Combined TRACON& Tower with Radar,12,9,4,0,25,0,0,0,0,0,12,9,4,0,25,0,0,0,25
03/25/2020,AGS,GA,ASO,ES,Combined TRACON& Tower with Radar,9,7,21,5,42,0,0,8,3,11,9,7,29,8,53,2,2,4,57
03/26/2020,AGS,GA,ASO,ES,Combined TRACON& Tower with Radar,10,9,11,7,37,0,0,11,3,14,10,9,22,10,51,0,10,10,61
03/27/2020,AGS,GA,ASO,ES,Combined TRACON& Tower with Radar,9,9,15,2,35,0,1,2,0,3,9,10,17,2,38,12,0,12,50
03/28/2020,AGS,GA,ASO,ES,Combined TRACON& Tower with Radar,10,4,7,0,21,0,0,3,0,3,10,4,10,0,24,0,0,0,24
03/29/2020,AGS,GA,ASO,ES,Combined TRACON& Tower with Radar,10,16,6,0,32,0,0,2,2,4,10,16,8,2,36,0,0,0,36
03/30/2020,AGS,GA,ASO,ES,Combined TRACON& Tower with Radar,9,8,10,8,35,0,2,11,0,13,9,10,21,8,48,0,4,4,52
03/31/2020,AGS,GA,ASO,ES,Combined TRACON& Tower with Radar,8,10,4,0,22,0,0,1,0,1,8,10,5,0,23,0,0,0,23
04/01/2020,AGS,GA,ASO,ES,Combined TRACON& Tower with Radar,3,7,11,2,23,0,1,12,3,16,3,8,23,5,39,0,0,0,39
04/02/2020,AGS,GA,ASO,ES,Combined TRACON& Tower with Radar,9,7,21,8,45,0,3,15,2,20,9,10,36,10,65,0,0,0,65
04/03/2020,AGS,GA,ASO,ES,Combined TRACON& Tower with Radar,8,8,10,6,32,0,0,6,4,10,8,8,16,10,42,6,16,22,64
04/04/2020,AGS,GA,ASO,ES,Combined TRACON& Tower with Radar,12,5,9,13,39,0,0,8,1,9,12,5,17,14,48,2,18,20,68
04/05/2020,AGS,GA,ASO,ES,Combined TRACON& Tower with Radar,7,12,12,0,31,0,0,3,0,3,7,12,15,0,34,0,0,0,34
04/06/2020,AGS,GA,ASO,ES,Combined TRACON& Tower with Radar,9,8,8,2,27,0,0,8,2,10,9,8,16,4,37,2,20,22,59
04/07/2020,AGS,GA,ASO,ES,Combined TRACON& Tower with Radar,6,3,13,2,24,0,0,5,5,10,6,3,18,7,34,0,0,0,34
04/08/2020,AGS,GA,ASO,ES,Combined TRACON& Tower with Radar,8,4,9,13,34,0,0,10,1,11,8,4,19,14,45,8,6,14,59
04/09/2020,AGS,GA,ASO,ES,Combined TRACON& Tower with Radar,6,7,13,2,28,0,0,6,0,6,6,7,19,2,34,8,4,12,46
04/10/2020,AGS,GA,ASO,ES,Combined TRACON& Tower with Radar,8,3,15,0,26,0,1,9,0,10,8,4,24,0,36,0,0,0,36
04/11/2020,AGS,GA,ASO,ES,Combined TRACON& Tower with Radar,9,2,6,0,17,0,4,18,0,22,9,6,24,0,39,0,0,0,39
04/12/2020,AGS,GA,ASO,ES,Combined TRACON& Tower with Radar,7,7,2,0,16,0,0,3,0,3,7,7,5,0,19,0,0,0,19
04/13/2020,AGS,GA,ASO,ES,Combined TRACON& Tower with Radar,6,7,12,0,25,0,0,1,0,1,6,7,13,0,26,0,0,0,26
04/14/2020,AGS,GA,ASO,ES,Combined TRACON& Tower with Radar,7,3,15,37,62,0,0,11,3,14,7,3,26,40,76,8,16,24,100
04/15/2020,AGS,GA,ASO,ES,Combined TRACON& Tower with Radar,10,7,8,2,27,0,0,7,0,7,10,7,15,2,34,10,0,10,44
04/16/2020,AGS,GA,ASO,ES,Combined TRACON& Tower with Radar,11,4,14,15,44,0,0,19,1,20,11,4,33,16,64,6,14,20,84
04/17/2020,AGS,GA,ASO,ES,Combined TRACON& Tower with Radar,7,5,11,14,37,0,0,1,0,1,7,5,12,14,38,0,0,0,38
04/18/2020,AGS,GA,ASO,ES,Combined TRACON& Tower with Radar,9,0,7,0,16,0,0,2,0,2,9,0,9,0,18,2,0,2,20
04/19/2020,AGS,GA,ASO,ES,Combined TRACON& Tower with Radar,7,7,5,0,19,0,2,0,0,2,7,9,5,0,21,0,0,0,21
04/20/2020,AGS,GA,ASO,ES,Combined TRACON& Tower with Radar,7,4,2,15,28,0,0,1,8,9,7,4,3,23,37,0,20,20,57
04/21/2020,AGS,GA,ASO,ES,Combined TRACON& Tower with Radar,7,4,15,8,34,0,2,12,1,15,7,6,27,9,49,2,2,4,53
04/22/2020,AGS,GA,ASO,ES,Combined TRACON& Tower with Radar,7,2,30,3,42,0,0,7,0,7,7,2,37,3,49,14,0,14,63
04/23/2020,AGS,GA,ASO,ES,Combined TRACON& Tower with Radar,9,3,5,7,24,0,0,0,0,0,9,3,5,7,24,0,0,0,24
04/24/2020,AGS,GA,ASO,ES,Combined TRACON& Tower with Radar,9,7,17,0,33,0,0,3,0,3,9,7,20,0,36,0,0,0,36
04/25/2020,AGS,GA,ASO,ES,Combined TRACON& Tower with Radar,7,0,11,8,26,0,0,8,2,10,7,0,19,10,36,18,4,22,58
04/26/2020,AGS,GA,ASO,ES,Combined TRACON& Tower with Radar,7,3,6,0,16,0,0,12,0,12,7,3,18,0,28,0,0,0,28
04/27/2020,AGS,GA,ASO,ES,Combined TRACON& Tower with Radar,7,3,19,26,55,0,0,8,5,13,7,3,27,31,68,0,24,24,92
04/28/2020,AGS,GA,ASO,ES,Combined TRACON& Tower with Radar,5,6,11,2,24,0,0,13,6,19,5,6,24,8,43,2,22,24,67
04/29/2020,AGS,GA,ASO,ES,Combined TRACON& Tower with Radar,7,3,13,18,41,0,1,5,3,9,7,4,18,21,50,0,4,4,54
04/30/2020,AGS,GA,ASO,ES,Combined TRACON& Tower with Radar,7,2,11,17,37,0,0,5,0,5,7,2,16,17,42,6,0,6,48
05/01/2020,AGS,GA,ASO,ES,Combined TRACON& Tower with Radar,8,6,15,7,36,0,3,13,1,17,8,9,28,8,53,6,8,14,67
05/02/2020,AGS,GA,ASO,ES,Combined TRACON& Tower with Radar,7,4,16,0,27,0,0,15,0,15,7,4,31,0,42,12,0,12,54
05/03/2020,AGS,GA,ASO,ES,Combined TRACON& Tower with Radar,7,3,7,0,17,0,0,6,0,6,7,3,13,0,23,12,0,12,35
05/04/2020,AGS,GA,ASO,ES,Combined TRACON& Tower with Radar,1,0,9,8,18,0,0,9,0,9,1,0,18,8,27,0,0,0,27
05/05/2020,AGS,GA,ASO,ES,Combined TRACON& Tower with Radar,0,3,7,11,21,0,1,7,0,8,0,4,14,11,29,6,14,20,49
05/06/2020,AGS,GA,ASO,ES,Combined TRACON& Tower with Radar,1,1,18,2,22,0,0,5,0,5,1,1,23,2,27,6,12,18,45
05/07/2020,AGS,GA,ASO,ES,Combined TRACON& Tower with Radar,4,3,15,5,27,0,0,6,0,6,4,3,21,5,33,12,0,12,45
05/08/2020,AGS,GA,ASO,ES,Combined TRACON& Tower with Radar,4,5,15,0,24,0,0,7,0,7,4,5,22,0,31,0,0,0,31
05/09/2020,AGS,GA,ASO,ES,Combined TRACON& Tower with Radar,4,2,10,0,16,0,0,3,0,3,4,2,13,0,19,6,0,6,25
05/10/2020,AGS,GA,ASO,ES,Combined TRACON& Tower with Radar,4,4,5,0,13,0,2,8,0,10,4,6,13,0,23,0,0,0,23
05/11/2020,AGS,GA,ASO,ES,Combined TRACON& Tower with Radar,4,6,7,2,19,0,0,9,0,9,4,6,16,2,28,0,0,0,28
05/12/2020,AGS,GA,ASO,ES,Combined TRACON& Tower with Radar,4,3,18,9,34,0,6,10,3,19,4,9,28,12,53,0,6,6,59
05/13/2020,AGS,GA,ASO,ES,Combined TRACON& Tower with Radar,5,5,12,5,27,0,0,6,0,6,5,5,18,5,33,0,0,0,33
05/14/2020,AGS,GA,ASO,ES,Combined TRACON& Tower with Radar,6,6,19,2,33,0,2,5,0,7,6,8,24,2,40,0,0,0,40
05/15/2020,AGS,GA,ASO,ES,Combined TRACON& Tower with Radar,4,3,4,2,13,0,0,5,0,5,4,3,9,2,18,12,0,12,30
05/16/2020,AGS,GA,ASO,ES,Combined TRACON& Tower with Radar,4,2,13,4,23,0,0,6,0,6,4,2,19,4,29,2,0,2,31
05/17/2020,AGS,GA,ASO,ES,Combined TRACON& Tower with Radar,4,3,7,0,14,0,0,4,0,4,4,3,11,0,18,0,0,0,18
05/18/2020,AGS,GA,ASO,ES,Combined TRACON& Tower with Radar,4,3,10,1,18,0,0,5,0,5,4,3,15,1,23,10,0,10,33
05/19/2020,AGS,GA,ASO,ES,Combined TRACON& Tower with Radar,4,3,10,1,18,0,0,3,0,3,4,3,13,1,21,0,0,0,21
05/20/2020,AGS,GA,ASO,ES,Combined TRACON& Tower with Radar,6,7,11,1,25,0,0,0,0,0,6,7,11,1,25,0,0,0,25
05/21/2020,AGS,GA,ASO,ES,Combined TRACON& Tower with Radar,8,3,10,5,26,0,0,4,0,4,8,3,14,5,30,0,0,0,30
05/22/2020,AGS,GA,ASO,ES,Combined TRACON& Tower with Radar,4,13,9,1,27,0,4,3,1,8,4,17,12,2,35,10,4,14,49
05/23/2020,AGS,GA,ASO,ES,Combined TRACON& Tower with Radar,2,2,13,0,17,0,0,7,0,7,2,2,20,0,24,6,0,6,30
05/24/2020,AGS,GA,ASO,ES,Combined TRACON& Tower with Radar,5,4,0,0,9,0,0,2,0,2,5,4,2,0,11,0,0,0,11
05/25/2020,AGS,GA,ASO,ES,Combined TRACON& Tower with Radar,4,2,6,0,12,0,0,0,0,0,4,2,6,0,12,0,0,0,12
05/26/2020,AGS,GA,ASO,ES,Combined TRACON& Tower with Radar,4,3,5,1,13,0,0,1,1,2,4,3,6,2,15,0,10,10,25
05/27/2020,AGS,GA,ASO,ES,Combined TRACON& Tower with Radar,6,11,23,5,45,0,0,4,0,4,6,11,27,5,49,24,0,24,73
05/28/2020,AGS,GA,ASO,ES,Combined TRACON& Tower with Radar,7,6,14,2,29,0,0,2,2,4,7,6,16,4,33,20,0,20,53
05/29/2020,AGS,GA,ASO,ES,Combined TRACON& Tower with Radar,5,6,7,2,20,0,0,7,0,7,5,6,14,2,27,6,0,6,33
05/30/2020,AGS,GA,ASO,ES,Combined TRACON& Tower with Radar,4,2,10,2,18,0,0,8,0,8,4,2,18,2,26,16,0,16,42
05/31/2020,AGS,GA,ASO,ES,Combined TRACON& Tower with Radar,4,3,12,0,19,0,2,2,0,4,4,5,14,0,23,0,0,0,23
06/01/2020,AGS,GA,ASO,ES,Combined TRACON& Tower with Radar,4,4,15,8,31,0,3,13,2,18,4,7,28,10,49,4,10,14,63
06/02/2020,AGS,GA,ASO,ES,Combined TRACON& Tower with Radar,4,11,15,1,31,0,0,15,0,15,4,11,30,1,46,38,0,38,84
06/03/2020,AGS,GA,ASO,ES,Combined TRACON& Tower with Radar,4,2,18,2,26,0,2,12,0,14,4,4,30,2,40,18,0,18,58
06/04/2020,AGS,GA,ASO,ES,Combined TRACON& Tower with Radar,6,10,15,6,37,0,4,1,0,5,6,14,16,6,42,0,0,0,42
06/05/2020,AGS,GA,ASO,ES,Combined TRACON& Tower with Radar,6,2,8,11,27,0,0,4,1,5,6,2,12,12,32,6,24,30,62
06/06/2020,AGS,GA,ASO,ES,Combined TRACON& Tower with Radar,4,6,2,0,12,0,1,14,0,15,4,7,16,0,27,0,0,0,27
06/07/2020,AGS,GA,ASO,ES,Combined TRACON& Tower with Radar,4,2,10,0,16,0,2,4,0,6,4,4,14,0,22,6,0,6,28
06/08/2020,AGS,GA,ASO,ES,Combined TRACON& Tower with Radar,4,3,10,6,23,0,0,4,0,4,4,3,14,6,27,32,0,32,59
06/09/2020,AGS,GA,ASO,ES,Combined TRACON& Tower with Radar,4,9,10,2,25,0,4,6,0,10,4,13,16,2,35,0,2,2,37
06/10/2020,AGS,GA,ASO,ES,Combined TRACON& Tower with Radar,4,4,14,0,22,0,0,1,0,1,4,4,15,0,23,0,0,0,23
06/11/2020,AGS,GA,ASO,ES,Combined TRACON& Tower with Radar,5,6,9,10,30,0,2,5,0,7,5,8,14,10,37,4,4,8,45
06/12/2020,AGS,GA,ASO,ES,Combined TRACON& Tower with Radar,5,3,6,0,14,0,0,0,2,2,5,3,6,2,16,32,0,32,48
06/13/2020,AGS,GA,ASO,ES,Combined TRACON& Tower with Radar,4,2,13,2,21,0,2,9,1,12,4,4,22,3,33,32,0,32,65
06/14/2020,AGS,GA,ASO,ES,Combined TRACON& Tower with Radar,4,2,7,0,13,0,1,5,0,6,4,3,12,0,19,8,0,8,27
06/15/2020,AGS,GA,ASO,ES,Combined TRACON& Tower with Radar,4,4,9,10,27,0,0,0,1,1,4,4,9,11,28,0,24,24,52
06/16/2020,AGS,GA,ASO,ES,Combined TRACON& Tower with Radar,4,4,17,22,47,0,0,2,1,3,4,4,19,23,50,0,12,12,62
06/17/2020,AGS,GA,ASO,ES,Combined TRACON& Tower with Radar,5,2,17,9,33,0,2,2,0,4,5,4,19,9,37,0,0,0,37
06/18/2020,AGS,GA,ASO,ES,Combined TRACON& Tower with Radar,6,7,17,8,38,0,0,2,1,3,6,7,19,9,41,4,28,32,73
06/19/2020,AGS,GA,ASO,ES,Combined TRACON& Tower with Radar,4,5,8,0,17,0,0,7,0,7,4,5,15,0,24,10,0,10,34
06/20/2020,AGS,GA,ASO,ES,Combined TRACON& Tower with Radar,4,3,6,0,13,0,4,8,0,12,4,7,14,0,25,0,0,0,25
06/21/2020,AGS,GA,ASO,ES,Combined TRACON& Tower with Radar,4,7,11,0,22,0,1,11,0,12,4,8,22,0,34,10,0,10,44
06/22/2020,AGS,GA,ASO,ES,Combined TRACON& Tower with Radar,4,5,17,8,34,0,5,7,4,16,4,10,24,12,50,0,12,12,62
06/23/2020,AGS,GA,ASO,ES,Combined TRACON& Tower with Radar,4,8,4,6,22,0,0,6,2,8,4,8,10,8,30,2,14,16,46
06/24/2020,AGS,GA,ASO,ES,Combined TRACON& Tower with Radar,4,5,16,3,28,0,1,12,15,28,4,6,28,18,56,0,40,40,96
06/25/2020,AGS,GA,ASO,ES,Combined TRACON& Tower with Radar,6,3,21,0,30,0,0,2,0,2,6,3,23,0,32,0,0,0,32
06/26/2020,AGS,GA,ASO,ES,Combined TRACON& Tower with Radar,4,6,15,6,31,0,1,10,4,15,4,7,25,10,46,16,10,26,72
06/27/2020,AGS,GA,ASO,ES,Combined TRACON& Tower with Radar,4,6,4,1,15,0,1,2,1,4,4,7,6,2,19,6,10,16,35
06/28/2020,AGS,GA,ASO,ES,Combined TRACON& Tower with Radar,4,4,5,0,13,0,1,1,0,2,4,5,6,0,15,0,0,0,15
06/29/2020,AGS,GA,ASO,ES,Combined TRACON& Tower with Radar,4,7,13,2,26,0,0,11,0,11,4,7,24,2,37,14,0,14,51
06/30/2020,AGS,GA,ASO,ES,Combined TRACON& Tower with Radar,4,5,8,1,18,0,0,5,3,8,4,5,13,4,26,16,8,24,50
07/01/2020,AGS,GA,ASO,ES,Combined TRACON& Tower with Radar,4,5,17,3,29,0,1,10,5,16,4,6,27,8,45,0,0,0,45
07/02/2020,AGS,GA,ASO,ES,Combined TRACON& Tower with Radar,8,7,22,0,37,0,4,15,0,19,8,11,37,0,56,12,0,12,68
07/03/2020,AGS,GA,ASO,ES,Combined TRACON& Tower with Radar,8,3,12,0,23,0,0,11,0,11,8,3,23,0,34,24,0,24,58
07/04/2020,AGS,GA,ASO,ES,Combined TRACON& Tower with Radar,10,6,6,0,22,0,2,4,0,6,10,8,10,0,28,20,2,22,50
07/05/2020,AGS,GA,ASO,ES,Combined TRACON& Tower with Radar,8,5,2,0,15,0,0,2,0,2,8,5,4,0,17,26,0,26,43
07/06/2020,AGS,GA,ASO,ES,Combined TRACON& Tower with Radar,8,6,20,4,38,0,0,0,0,0,8,6,20,4,38,28,0,28,66
07/07/2020,AGS,GA,ASO,ES,Combined TRACON& Tower with Radar,11,4,14,2,31,0,0,0,0,0,11,4,14,2,31,0,0,0,31
07/08/2020,AGS,GA,ASO,ES,Combined TRACON& Tower with Radar,13,0,11,0,24,0,0,2,0,2,13,0,13,0,26,0,0,0,26
07/09/2020,AGS,GA,ASO,ES,Combined TRACON& Tower with Radar,14,1,25,4,44,0,0,10,0,10,14,1,35,4,54,20,0,20,74
07/10/2020,AGS,GA,ASO,ES,Combined TRACON& Tower with Radar,14,4,13,4,35,0,1,26,2,29,14,5,39,6,64,42,0,42,106
07/11/2020,AGS,GA,ASO,ES,Combined TRACON& Tower with Radar,14,3,7,0,24,0,0,6,0,6,14,3,13,0,30,0,0,0,30
07/12/2020,AGS,GA,ASO,ES,Combined TRACON& Tower with Radar,14,1,7,0,22,0,0,5,0,5,14,1,12,0,27,6,0,6,33
07/13/2020,AGS,GA,ASO,ES,Combined TRACON& Tower with Radar,14,3,28,2,47,0,2,12,0,14,14,5,40,2,61,2,0,2,63
07/14/2020,AGS,GA,ASO,ES,Combined TRACON& Tower with Radar,13,5,20,6,44,0,0,11,0,11,13,5,31,6,55,36,0,36,91
07/15/2020,AGS,GA,ASO,ES,Combined TRACON& Tower with Radar,13,7,16,0,36,0,1,13,0,14,13,8,29,0,50,12,0,12,62
07/16/2020,AGS,GA,ASO,ES,Combined TRACON& Tower with Radar,18,6,23,10,57,0,0,8,0,8,18,6,31,10,65,22,0,22,87
07/17/2020,AGS,GA,ASO,ES,Combined TRACON& Tower with Radar,14,1,9,2,26,0,2,6,0,8,14,3,15,2,34,0,0,0,34
07/18/2020,AGS,GA,ASO,ES,Combined TRACON& Tower with Radar,13,3,4,0,20,0,2,14,0,16,13,5,18,0,36,28,0,28,64
07/19/2020,AGS,GA,ASO,ES,Combined TRACON& Tower with Radar,14,3,6,1,24,0,4,7,3,14,14,7,13,4,38,34,0,34,72
07/20/2020,AGS,GA,ASO,ES,Combined TRACON& Tower with Radar,16,5,9,1,31,0,11,5,2,18,16,16,14,3,49,0,0,0,49
07/21/2020,AGS,GA,ASO,ES,Combined TRACON& Tower with Radar,14,4,6,22,46,0,2,7,3,12,14,6,13,25,58,20,12,32,90
07/22/2020,AGS,GA,ASO,ES,Combined TRACON& Tower with Radar,13,1,13,3,30,1,0,2,1,4,14,1,15,4,34,14,0,14,48
07/23/2020,AGS,GA,ASO,ES,Combined TRACON& Tower with Radar,16,3,12,1,32,0,0,0,0,0,16,3,12,1,32,0,0,0,32
07/24/2020,AGS,GA,ASO,ES,Combined TRACON& Tower with Radar,13,1,16,0,30,0,0,15,2,17,13,1,31,2,47,6,0,6,53
07/25/2020,AGS,GA,ASO,ES,Combined TRACON& Tower with Radar,14,3,11,0,28,0,1,6,0,7,14,4,17,0,35,24,0,24,59
07/26/2020,AGS,GA,ASO,ES,Combined TRACON& Tower with Radar,15,0,12,0,27,0,0,3,0,3,15,0,15,0,30,0,0,0,30
07/27/2020,AGS,GA,ASO,ES,Combined TRACON& Tower with Radar,15,3,19,18,55,0,0,9,8,17,15,3,28,26,72,0,24,24,96
07/28/2020,AGS,GA,ASO,ES,Combined TRACON& Tower with Radar,13,10,15,7,45,0,5,9,1,15,13,15,24,8,60,16,26,42,102
07/29/2020,AGS,GA,ASO,ES,Combined TRACON& Tower with Radar,13,1,20,3,37,0,0,3,1,4,13,1,23,4,41,6,0,6,47
07/30/2020,AGS,GA,ASO,ES,Combined TRACON& Tower with Radar,14,1,24,2,41,0,0,6,0,6,14,1,30,2,47,20,0,20,67
07/31/2020,AGS,GA,ASO,ES,Combined TRACON& Tower with Radar,16,8,16,9,49,0,8,3,1,12,16,16,19,10,61,0,0,0,61
08/01/2020,AGS,GA,ASO,ES,Combined TRACON& Tower with Radar,17,0,8,0,25,0,2,13,0,15,17,2,21,0,40,24,0,24,64
08/02/2020,AGS,GA,ASO,ES,Combined TRACON& Tower with Radar,17,1,8,2,28,0,0,5,0,5,17,1,13,2,33,0,0,0,33
08/03/2020,AGS,GA,ASO,ES,Combined TRACON& Tower with Radar,29,2,19,3,53,0,1,2,2,5,29,3,21,5,58,12,4,16,74
08/04/2020,AGS,GA,ASO,ES,Combined TRACON& Tower with Radar,17,0,21,2,40,0,1,4,2,7,17,1,25,4,47,0,0,0,47
08/05/2020,AGS,GA,ASO,ES,Combined TRACON& Tower with Radar,16,0,12,0,28,0,0,5,0,5,16,0,17,0,33,10,0,10,43
08/06/2020,AGS,GA,ASO,ES,Combined TRACON& Tower with Radar,17,0,17,0,34,0,0,3,2,5,17,0,20,2,39,0,0,0,39
08/07/2020,AGS,GA,ASO,ES,Combined TRACON& Tower with Radar,19,5,10,8,42,0,0,2,0,2,19,5,12,8,44,10,0,10,54
08/08/2020,AGS,GA,ASO,ES,Combined TRACON& Tower with Radar,17,8,15,0,40,0,2,2,0,4,17,10,17,0,44,0,0,0,44
08/09/2020,AGS,GA,ASO,ES,Combined TRACON& Tower with Radar,17,2,5,0,24,0,0,5,0,5,17,2,10,0,29,18,0,18,47
08/10/2020,AGS,GA,ASO,ES,Combined TRACON& Tower with Radar,23,3,10,0,36,0,3,2,0,5,23,6,12,0,41,28,0,28,69
08/11/2020,AGS,GA,ASO,ES,Combined TRACON& Tower with Radar,16,2,19,6,43,0,0,5,4,9,16,2,24,10,52,0,24,24,76
08/12/2020,AGS,GA,ASO,ES,Combined TRACON& Tower with Radar,16,7,13,18,54,0,0,2,0,2,16,7,15,18,56,0,16,16,72
08/13/2020,AGS,GA,ASO,ES,Combined TRACON& Tower with Radar,18,4,19,15,56,0,1,7,1,9,18,5,26,16,65,4,0,4,69
08/14/2020,AGS,GA,ASO,ES,Combined TRACON& Tower with Radar,20,3,16,8,47,0,2,2,0,4,20,5,18,8,51,0,4,4,55
08/15/2020,AGS,GA,ASO,ES,Combined TRACON& Tower with Radar,21,4,9,1,35,0,0,7,0,7,21,4,16,1,42,0,0,0,42
08/16/2020,AGS,GA,ASO,ES,Combined TRACON& Tower with Radar,17,2,3,1,23,0,0,5,0,5,17,2,8,1,28,0,0,0,28
08/17/2020,AGS,GA,ASO,ES,Combined TRACON& Tower with Radar,17,3,10,5,35,0,0,15,6,21,17,3,25,11,56,6,12,18,74
08/18/2020,AGS,GA,ASO,ES,Combined TRACON& Tower with Radar,16,2,22,1,41,0,0,6,0,6,16,2,28,1,47,0,0,0,47
08/19/2020,AGS,GA,ASO,ES,Combined TRACON& Tower with Radar,16,1,14,16,47,0,0,3,1,4,16,1,17,17,51,20,4,24,75
08/20/2020,AGS,GA,ASO,ES,Combined TRACON& Tower with Radar,17,0,14,9,40,0,0,8,3,11,17,0,22,12,51,0,4,4,55
08/21/2020,AGS,GA,ASO,ES,Combined TRACON& Tower with Radar,17,5,12,4,38,0,0,3,1,4,17,5,15,5,42,4,8,12,54
08/22/2020,AGS,GA,ASO,ES,Combined TRACON& Tower with Radar,17,2,12,0,31,0,1,6,0,7,17,3,18,0,38,0,0,0,38
08/23/2020,AGS,GA,ASO,ES,Combined TRACON& Tower with Radar,18,2,8,0,28,0,0,2,0,2,18,2,10,0,30,0,0,0,30
08/24/2020,AGS,GA,ASO,ES,Combined TRACON& Tower with Radar,17,0,7,0,24,0,0,0,0,0,17,0,7,0,24,0,0,0,24
08/25/2020,AGS,GA,ASO,ES,Combined TRACON& Tower with Radar,20,0,11,9,40,0,0,2,2,4,20,0,13,11,44,16,0,16,60
08/26/2020,AGS,GA,ASO,ES,Combined TRACON& Tower with Radar,16,2,8,13,39,0,0,2,3,5,16,2,10,16,44,0,8,8,52
08/27/2020,AGS,GA,ASO,ES,Combined TRACON& Tower with Radar,19,3,19,11,52,0,3,8,6,17,19,6,27,17,69,12,8,20,89
08/28/2020,AGS,GA,ASO,ES,Combined TRACON& Tower with Radar,17,8,16,17,58,0,0,9,0,9,17,8,25,17,67,0,20,20,87
08/29/2020,AGS,GA,ASO,ES,Combined TRACON& Tower with Radar,17,2,3,0,22,0,0,2,0,2,17,2,5,0,24,8,0,8,32
08/30/2020,AGS,GA,ASO,ES,Combined TRACON& Tower with Radar,14,2,6,1,23,0,0,9,0,9,14,2,15,1,32,20,0,20,52
08/31/2020,AGS,GA,ASO,ES,Combined TRACON& Tower with Radar,17,1,13,5,36,0,0,7,0,7,17,1,20,5,43,6,0,6,49
09/01/2020,AGS,GA,ASO,ES,Combined TRACON& Tower with Radar,18,4,28,20,70,0,0,15,2,17,18,4,43,22,87,0,12,12,99
09/02/2020,AGS,GA,ASO,ES,Combined TRACON& Tower with Radar,16,0,24,21,61,0,10,11,7,28,16,10,35,28,89,16,18,34,123
09/03/2020,AGS,GA,ASO,ES,Combined TRACON& Tower with Radar,17,5,22,16,60,0,0,17,8,25,17,5,39,24,85,0,18,18,103
09/04/2020,AGS,GA,ASO,ES,Combined TRACON& Tower with Radar,17,2,14,7,40,0,4,7,3,14,17,6,21,10,54,20,6,26,80
09/05/2020,AGS,GA,ASO,ES,Combined TRACON& Tower with Radar,19,0,3,2,24,0,6,11,0,17,19,6,14,2,41,4,0,4,45
09/06/2020,AGS,GA,ASO,ES,Combined TRACON& Tower with Radar,16,0,1,0,17,0,2,3,1,6,16,2,4,1,23,2,0,2,25
09/07/2020,AGS,GA,ASO,ES,Combined TRACON& Tower with Radar,17,1,4,0,22,0,1,16,0,17,17,2,20,0,39,12,0,12,51
09/08/2020,AGS,GA,ASO,ES,Combined TRACON& Tower with Radar,16,2,18,2,38,0,0,5,0,5,16,2,23,2,43,10,0,10,53
09/09/2020,AGS,GA,ASO,ES,Combined TRACON& Tower with Radar,15,3,12,2,32,1,0,0,0,1,16,3,12,2,33,0,0,0,33
09/10/2020,AGS,GA,ASO,ES,Combined TRACON& Tower with Radar,14,0,15,0,29,0,0,5,0,5,14,0,20,0,34,4,0,4,38
09/11/2020,AGS,GA,ASO,ES,Combined TRACON& Tower with Radar,17,1,17,0,35,0,5,7,1,13,17,6,24,1,48,4,0,4,52
09/12/2020,AGS,GA,ASO,ES,Combined TRACON& Tower with Radar,18,1,7,2,28,1,2,5,1,9,19,3,12,3,37,30,0,30,67
09/13/2020,AGS,GA,ASO,ES,Combined TRACON& Tower with Radar,20,7,15,0,42,0,0,6,0,6,20,7,21,0,48,12,0,12,60
09/14/2020,AGS,GA,ASO,ES,Combined TRACON& Tower with Radar,18,5,15,2,40,0,3,22,0,25,18,8,37,2,65,54,0,54,119
09/15/2020,AGS,GA,ASO,ES,Combined TRACON& Tower with Radar,18,3,16,6,43,0,0,3,0,3,18,3,19,6,46,32,0,32,78
09/16/2020,AGS,GA,ASO,ES,Combined TRACON& Tower with Radar,18,3,8,0,29,0,0,6,0,6,18,3,14,0,35,0,0,0,35
09/17/2020,AGS,GA,ASO,ES,Combined TRACON& Tower with Radar,18,5,5,0,28,0,0,1,1,2,18,5,6,1,30,0,0,0,30
09/18/2020,AGS,GA,ASO,ES,Combined TRACON& Tower with Radar,20,1,15,10,46,0,1,5,0,6,20,2,20,10,52,10,0,10,62
09/19/2020,AGS,GA,ASO,ES,Combined TRACON& Tower with Radar,18,1,6,0,25,0,2,13,2,17,18,3,19,2,42,48,0,48,90
09/20/2020,AGS,GA,ASO,ES,Combined TRACON& Tower with Radar,18,1,3,0,22,0,4,9,0,13,18,5,12,0,35,8,0,8,43
09/21/2020,AGS,GA,ASO,ES,Combined TRACON& Tower with Radar,18,1,17,6,42,0,0,10,7,17,18,1,27,13,59,24,4,28,87
09/22/2020,AGS,GA,ASO,ES,Combined TRACON& Tower with Radar,17,3,13,16,49,0,1,13,12,26,17,4,26,28,75,14,48,62,137
09/23/2020,AGS,GA,ASO,ES,Combined TRACON& Tower with Radar,20,5,30,4,59,0,11,17,2,30,20,16,47,6,89,52,16,68,157
09/24/2020,AGS,GA,ASO,ES,Combined TRACON& Tower with Radar,20,3,14,3,40,0,2,12,4,18,20,5,26,7,58,24,18,42,100
09/25/2020,AGS,GA,ASO,ES,Combined TRACON& Tower with Radar,20,6,12,4,42,0,0,6,2,8,20,6,18,6,50,4,0,4,54
09/26/2020,AGS,GA,ASO,ES,Combined TRACON& Tower with Radar,18,6,13,0,37,0,5,3,0,8,18,11,16,0,45,0,0,0,45
09/27/2020,AGS,GA,ASO,ES,Combined TRACON& Tower with Radar,20,4,8,0,32,0,0,0,0,0,20,4,8,0,32,0,0,0,32
09/28/2020,AGS,GA,ASO,ES,Combined TRACON& Tower with Radar,20,6,16,6,48,0,0,5,0,5,20,6,21,6,53,0,0,0,53
09/29/2020,AGS,GA,ASO,ES,Combined TRACON& Tower with Radar,18,3,19,0,40,0,0,0,0,0,18,3,19,0,40,0,0,0,40
09/30/2020,AGS,GA,ASO,ES,Combined TRACON& Tower with Radar,18,8,24,3,53,0,4,5,5,14,18,12,29,8,67,36,8,44,111
10/01/2020,AGS,GA,ASO,ES,Combined TRACON& Tower with Radar,20,0,14,2,36,0,0,9,2,11,20,0,23,4,47,6,2,8,55
10/02/2020,AGS,GA,ASO,ES,Combined TRACON& Tower with Radar,18,2,13,15,48,0,9,10,1,20,18,11,23,16,68,28,26,54,122
10/03/2020,AGS,GA,ASO,ES,Combined TRACON& Tower with Radar,18,3,7,3,31,0,12,7,3,22,18,15,14,6,53,6,0,6,59
10/04/2020,AGS,GA,ASO,ES,Combined TRACON& Tower with Radar,18,0,4,6,28,0,8,5,4,17,18,8,9,10,45,14,14,28,73
10/05/2020,AGS,GA,ASO,ES,Combined TRACON& Tower with Radar,18,1,6,21,46,0,0,12,11,23,18,1,18,32,69,30,56,86,155
10/06/2020,AGS,GA,ASO,ES,Combined TRACON& Tower with Radar,18,2,11,20,51,0,1,12,3,16,18,3,23,23,67,42,14,56,123
10/07/2020,AGS,GA,ASO,ES,Combined TRACON& Tower with Radar,16,12,18,7,53,0,2,17,0,19,16,14,35,7,72,16,0,16,88
10/08/2020,AGS,GA,ASO,ES,Combined TRACON& Tower with Radar,18,2,15,9,44,0,4,18,0,22,18,6,33,9,66,0,0,0,66
10/09/2020,AGS,GA,ASO,ES,Combined TRACON& Tower with Radar,19,5,10,3,37,0,1,7,2,10,19,6,17,5,47,0,16,16,63
10/10/2020,AGS,GA,ASO,ES,Combined TRACON& Tower with Radar,22,4,9,0,35,0,0,4,0,4,22,4,13,0,39,10,0,10,49
10/11/2020,AGS,GA,ASO,ES,Combined TRACON& Tower with Radar,19,7,9,0,35,0,0,7,0,7,19,7,16,0,42,0,0,0,42
10/12/2020,AGS,GA,ASO,ES,Combined TRACON& Tower with Radar,18,7,16,0,41,0,0,4,0,4,18,7,20,0,45,0,0,0,45
10/13/2020,AGS,GA,ASO,ES,Combined TRACON& Tower with Radar,16,9,19,13,57,0,6,16,6,28,16,15,35,19,85,18,28,46,131
10/14/2020,AGS,GA,ASO,ES,Combined TRACON& Tower with Radar,16,11,22,16,65,0,0,6,4,10,16,11,28,20,75,2,8,10,85
10/15/2020,AGS,GA,ASO,ES,Combined TRACON& Tower with Radar,18,10,20,7,55,0,2,7,6,15,18,12,27,13,70,12,4,16,86
10/16/2020,AGS,GA,ASO,ES,Combined TRACON& Tower with Radar,18,17,28,4,67,0,6,10,1,17,18,23,38,5,84,8,8,16,100
10/17/2020,AGS,GA,ASO,ES,Combined TRACON& Tower with Radar,19,15,18,9,61,0,9,4,2,15,19,24,22,11,76,4,8,12,88
10/18/2020,AGS,GA,ASO,ES,Combined TRACON& Tower with Radar,18,6,18,0,42,0,6,9,0,15,18,12,27,0,57,18,0,18,75
10/19/2020,AGS,GA,ASO,ES,Combined TRACON& Tower with Radar,20,14,19,14,67,0,0,9,8,17,20,14,28,22,84,21,46,67,151
10/20/2020,AGS,GA,ASO,ES,Combined TRACON& Tower with Radar,18,9,25,22,74,0,0,12,6,18,18,9,37,28,92,16,36,52,144
10/21/2020,AGS,GA,ASO,ES,Combined TRACON& Tower with Radar,16,19,46,8,89,0,2,13,0,15,16,21,59,8,104,0,0,0,104
10/22/2020,AGS,GA,ASO,ES,Combined TRACON& Tower with Radar,18,22,46,13,99,0,0,8,3,11,18,22,54,16,110,24,22,46,156
10/23/2020,AGS,GA,ASO,ES,Combined TRACON& Tower with Radar,20,16,32,6,74,0,0,7,0,7,20,16,39,6,81,12,0,12,93
10/24/2020,AGS,GA,ASO,ES,Combined TRACON& Tower with Radar,17,22,27,0,66,0,0,14,0,14,17,22,41,0,80,24,0,24,104
10/25/2020,AGS,GA,ASO,ES,Combined TRACON& Tower with Radar,17,12,19,0,48,0,0,0,0,0,17,12,19,0,48,0,0,0,48
10/26/2020,AGS,GA,ASO,ES,Combined TRACON& Tower with Radar,17,17,28,4,66,0,0,2,0,2,17,17,30,4,68,0,0,0,68
10/27/2020,AGS,GA,ASO,ES,Combined TRACON& Tower with Radar,15,11,37,30,93,0,1,4,2,7,15,12,41,32,100,0,10,10,110
10/28/2020,AGS,GA,ASO,ES,Combined TRACON& Tower with Radar,15,22,23,2,62,0,1,2,0,3,15,23,25,2,65,16,0,16,81
10/29/2020,AGS,GA,ASO,ES,Combined TRACON& Tower with Radar,17,23,27,11,78,0,0,2,1,3,17,23,29,12,81,14,0,14,95
10/30/2020,AGS,GA,ASO,ES,Combined TRACON& Tower with Radar,19,17,30,2,68,0,10,14,0,24,19,27,44,2,92,0,0,0,92
10/31/2020,AGS,GA,ASO,ES,Combined TRACON& Tower with Radar,15,11,13,1,40,0,0,11,0,11,15,11,24,1,51,28,0,28,79
11/01/2020,AGS,GA,ASO,ES,Combined TRACON& Tower with Radar,15,4,7,0,26,0,0,3,0,3,15,4,10,0,29,0,0,0,29
11/02/2020,AGS,GA,ASO,ES,Combined TRACON& Tower with Radar,17,4,21,4,46,0,0,6,2,8,17,4,27,6,54,34,12,46,100
11/03/2020,AGS,GA,ASO,ES,Combined TRACON& Tower with Radar,16,5,7,11,39,0,6,6,3,15,16,11,13,14,54,8,12,20,74
11/04/2020,AGS,GA,ASO,ES,Combined TRACON& Tower with Radar,15,17,27,16,75,0,0,9,0,9,15,17,36,16,84,2,0,2,86
11/05/2020,AGS,GA,ASO,ES,Combined TRACON& Tower with Radar,15,8,28,10,61,0,0,11,3,14,15,8,39,13,75,6,22,28,103
11/06/2020,AGS,GA,ASO,ES,Combined TRACON& Tower with Radar,16,9,14,9,48,0,3,4,1,8,16,12,18,10,56,30,18,48,104
11/07/2020,AGS,GA,ASO,ES,Combined TRACON& Tower with Radar,15,22,19,1,57,0,1,10,1,12,15,23,29,2,69,12,0,12,81
11/08/2020,AGS,GA,ASO,ES,Combined TRACON& Tower with Radar,19,40,34,0,93,0,0,2,0,2,19,40,36,0,95,16,0,16,111
11/09/2020,AGS,GA,ASO,ES,Combined TRACON& Tower with Radar,20,19,34,3,76,0,0,14,1,15,20,19,48,4,91,4,0,4,95
11/10/2020,AGS,GA,ASO,ES,Combined TRACON& Tower with Radar,16,12,16,0,44,0,0,3,0,3,16,12,19,0,47,0,0,0,47
11/11/2020,AGS,GA,ASO,ES,Combined TRACON& Tower with Radar,16,26,30,0,72,0,0,1,0,1,16,26,31,0,73,0,0,0,73
11/12/2020,AGS,GA,ASO,ES,Combined TRACON& Tower with Radar,23,36,23,0,82,0,0,6,0,6,23,36,29,0,88,0,0,0,88
11/13/2020,AGS,GA,ASO,ES,Combined TRACON& Tower with Radar,19,25,32,0,76,0,1,11,0,12,19,26,43,0,88,0,0,0,88
11/14/2020,AGS,GA,ASO,ES,Combined TRACON& Tower with Radar,19,34,26,0,79,0,4,12,1,17,19,38,38,1,96,0,0,0,96
11/15/2020,AGS,GA,ASO,ES,Combined TRACON& Tower with Radar,21,67,52,0,140,0,2,7,0,9,21,69,59,0,149,0,0,0,149
11/16/2020,AGS,GA,ASO,ES,Combined TRACON& Tower with Radar,21,15,20,0,56,0,2,0,0,2,21,17,20,0,58,0,0,0,58
11/17/2020,AGS,GA,ASO,ES,Combined TRACON& Tower with Radar,14,5,20,8,47,0,0,14,5,19,14,5,34,13,66,4,8,12,78
11/18/2020,AGS,GA,ASO,ES,Combined TRACON& Tower with Radar,15,10,16,22,63,0,0,11,5,16,15,10,27,27,79,26,4,30,109
11/19/2020,AGS,GA,ASO,ES,Combined TRACON& Tower with Radar,18,9,19,1,47,0,1,18,4,23,18,10,37,5,70,6,6,12,82
11/20/2020,AGS,GA,ASO,ES,Combined TRACON& Tower with Radar,18,17,21,6,62,1,0,10,1,12,19,17,31,7,74,0,0,0,74
11/21/2020,AGS,GA,ASO,ES,Combined TRACON& Tower with Radar,18,9,11,0,38,0,0,10,0,10,18,9,21,0,48,4,0,4,52
11/22/2020,AGS,GA,ASO,ES,Combined TRACON& Tower with Radar,17,19,27,2,65,0,0,9,0,9,17,19,36,2,74,0,0,0,74
11/23/2020,AGS,GA,ASO,ES,Combined TRACON& Tower with Radar,15,26,13,10,64,0,4,12,0,16,15,30,25,10,80,8,0,8,88
11/24/2020,AGS,GA,ASO,ES,Combined TRACON& Tower with Radar,17,15,20,23,75,0,4,10,1,15,17,19,30,24,90,10,14,24,114
11/25/2020,AGS,GA,ASO,ES,Combined TRACON& Tower with Radar,16,18,17,0,51,1,2,9,0,12,17,20,26,0,63,18,0,18,81
11/26/2020,AGS,GA,ASO,ES,Combined TRACON& Tower with Radar,10,4,1,0,15,0,0,0,0,0,10,4,1,0,15,0,0,0,15
11/27/2020,AGS,GA,ASO,ES,Combined TRACON& Tower with Radar,15,16,9,0,40,0,0,10,0,10,15,16,19,0,50,20,6,26,76
11/28/2020,AGS,GA,ASO,ES,Combined TRACON& Tower with Radar,19,15,44,0,78,0,0,0,0,0,19,15,44,0,78,0,0,0,78
11/29/2020,AGS,GA,ASO,ES,Combined TRACON& Tower with Radar,18,11,14,0,43,0,0,1,0,1,18,11,15,0,44,14,0,14,58
11/30/2020,AGS,GA,ASO,ES,Combined TRACON& Tower with Radar,18,8,14,0,40,0,0,0,0,0,18,8,14,0,40,0,0,0,40
12/01/2020,AGS,GA,ASO,ES,Combined TRACON& Tower with Radar,17,12,14,10,53,0,0,3,5,8,17,12,17,15,61,4,0,4,65
12/02/2020,AGS,GA,ASO,ES,Combined TRACON& Tower with Radar,15,10,26,19,70,1,6,12,8,27,16,16,38,27,97,11,50,61,158
12/03/2020,AGS,GA,ASO,ES,Combined TRACON& Tower with Radar,19,10,27,8,64,0,2,8,2,12,19,12,35,10,76,0,0,0,76
12/04/2020,AGS,GA,ASO,ES,Combined TRACON& Tower with Radar,17,12,17,11,57,0,0,0,2,2,17,12,17,13,59,0,8,8,67
12/05/2020,AGS,GA,ASO,ES,Combined TRACON& Tower with Radar,14,18,11,0,43,1,2,6,0,9,15,20,17,0,52,6,0,6,58
12/06/2020,AGS,GA,ASO,ES,Combined TRACON& Tower with Radar,20,10,12,0,42,0,3,14,0,17,20,13,26,0,59,2,0,2,61
12/07/2020,AGS,GA,ASO,ES,Combined TRACON& Tower with Radar,19,10,23,15,67,0,1,7,0,8,19,11,30,15,75,22,0,22,97
12/08/2020,AGS,GA,ASO,ES,Combined TRACON& Tower with Radar,14,9,12,32,67,1,6,9,5,21,15,15,21,37,88,70,60,130,218
12/09/2020,AGS,GA,ASO,ES,Combined TRACON& Tower with Radar,15,10,10,15,50,0,1,7,11,19,15,11,17,26,69,10,30,40,109
12/10/2020,AGS,GA,ASO,ES,Combined TRACON& Tower with Radar,17,15,13,13,58,0,2,8,3,13,17,17,21,16,71,0,18,18,89
12/11/2020,AGS,GA,ASO,ES,Combined TRACON& Tower with Radar,20,20,20,0,60,0,0,11,0,11,20,20,31,0,71,22,0,22,93
12/12/2020,AGS,GA,ASO,ES,Combined TRACON& Tower with Radar,14,11,14,0,39,0,0,11,0,11,14,11,25,0,50,26,0,26,76
12/13/2020,AGS,GA,ASO,ES,Combined TRACON& Tower with Radar,16,8,13,0,37,0,0,2,0,2,16,8,15,0,39,0,0,0,39
12/14/2020,AGS,GA,ASO,ES,Combined TRACON& Tower with Radar,16,15,26,1,58,0,0,6,3,9,16,15,32,4,67,0,0,0,67
12/15/2020,AGS,GA,ASO,ES,Combined TRACON& Tower with Radar,16,10,21,31,78,0,0,5,5,10,16,10,26,36,88,22,18,40,128
12/16/2020,AGS,GA,ASO,ES,Combined TRACON& Tower with Radar,15,14,19,1,49,0,0,0,0,0,15,14,19,1,49,0,0,0,49
12/17/2020,AGS,GA,ASO,ES,Combined TRACON& Tower with Radar,16,16,23,23,78,1,0,4,0,5,17,16,27,23,83,0,10,10,93
12/18/2020,AGS,GA,ASO,ES,Combined TRACON& Tower with Radar,16,15,33,5,69,0,2,23,5,30,16,17,56,10,99,20,2,22,121
12/19/2020,AGS,GA,ASO,ES,Combined TRACON& Tower with Radar,17,12,23,0,52,0,0,14,0,14,17,12,37,0,66,10,0,10,76
12/20/2020,AGS,GA,ASO,ES,Combined TRACON& Tower with Radar,17,9,17,0,43,0,0,0,0,0,17,9,17,0,43,0,0,0,43
12/21/2020,AGS,GA,ASO,ES,Combined TRACON& Tower with Radar,17,13,7,2,39,0,0,4,0,4,17,13,11,2,43,4,0,4,47
12/22/2020,AGS,GA,ASO,ES,Combined TRACON& Tower with Radar,16,10,17,2,45,0,1,8,2,11,16,11,25,4,56,20,0,20,76
12/23/2020,AGS,GA,ASO,ES,Combined TRACON& Tower with Radar,16,8,13,2,39,1,0,14,0,15,17,8,27,2,54,12,0,12,66
12/24/2020,AGS,GA,ASO,ES,Combined TRACON& Tower with Radar,12,5,1,0,18,0,0,2,0,2,12,5,3,0,20,0,0,0,20
12/25/2020,AGS,GA,ASO,ES,Combined TRACON& Tower with Radar,11,5,4,0,20,0,0,0,0,0,11,5,4,0,20,0,0,0,20
12/26/2020,AGS,GA,ASO,ES,Combined TRACON& Tower with Radar,17,8,23,0,48,0,2,8,2,12,17,10,31,2,60,26,0,26,86
12/27/2020,AGS,GA,ASO,ES,Combined TRACON& Tower with Radar,17,6,8,0,31,0,0,11,2,13,17,6,19,2,44,10,0,10,54
12/28/2020,AGS,GA,ASO,ES,Combined TRACON& Tower with Radar,17,5,7,12,41,0,0,17,3,20,17,5,24,15,61,0,0,0,61
12/29/2020,AGS,GA,ASO,ES,Combined TRACON& Tower with Radar,15,5,11,0,31,1,1,19,0,21,16,6,30,0,52,12,0,12,64
12/30/2020,AGS,GA,ASO,ES,Combined TRACON& Tower with Radar,17,11,8,0,36,0,0,1,0,1,17,11,9,0,37,14,0,14,51
12/31/2020,AGS,GA,ASO,ES,Combined TRACON& Tower with Radar,11,6,7,0,24,0,0,0,0,0,11,6,7,0,24,0,0,0,24
01/01/2021,AGS,GA,ASO,ES,Combined TRACON& Tower with Radar,15,8,8,0,31,0,0,0,0,0,15,8,8,0,31,0,0,0,31
01/02/2021,AGS,GA,ASO,ES,Combined TRACON& Tower with Radar,20,9,9,0,38,0,0,0,0,0,20,9,9,0,38,0,0,0,38
01/03/2021,AGS,GA,ASO,ES,Combined TRACON& Tower with Radar,16,8,8,0,32,1,3,4,0,8,17,11,12,0,40,0,0,0,40
01/04/2021,AGS,GA,ASO,ES,Combined TRACON& Tower with Radar,16,7,16,0,39,0,2,11,2,15,16,9,27,2,54,22,0,22,76
01/05/2021,AGS,GA,ASO,ES,Combined TRACON& Tower with Radar,15,7,25,3,50,0,3,13,3,19,15,10,38,6,69,4,8,12,81
01/06/2021,AGS,GA,ASO,ES,Combined TRACON& Tower with Radar,16,8,23,2,49,0,3,8,0,11,16,11,31,2,60,24,0,24,84
01/07/2021,AGS,GA,ASO,ES,Combined TRACON& Tower with Radar,15,9,19,0,43,0,1,2,0,3,15,10,21,0,46,0,0,0,46
01/08/2021,AGS,GA,ASO,ES,Combined TRACON& Tower with Radar,15,9,8,4,36,0,0,0,0,0,15,9,8,4,36,0,0,0,36
01/09/2021,AGS,GA,ASO,ES,Combined TRACON& Tower with Radar,14,4,8,0,26,0,0,12,2,14,14,4,20,2,40,8,0,8,48
01/10/2021,AGS,GA,ASO,ES,Combined TRACON& Tower with Radar,16,6,24,0,46,0,2,11,0,13,16,8,35,0,59,24,0,24,83
01/11/2021,AGS,GA,ASO,ES,Combined TRACON& Tower with Radar,18,15,15,11,59,0,0,4,0,4,18,15,19,11,63,0,0,0,63
01/12/2021,AGS,GA,ASO,ES,Combined TRACON& Tower with Radar,16,15,15,30,76,0,2,0,0,2,16,17,15,30,78,6,4,10,88
01/13/2021,AGS,GA,ASO,ES,Combined TRACON& Tower with Radar,15,4,21,16,56,0,0,1,2,3,15,4,22,18,59,24,0,24,83
01/14/2021,AGS,GA,ASO,ES,Combined TRACON& Tower with Radar,17,11,23,8,59,0,3,19,0,22,17,14,42,8,81,14,12,26,107
01/15/2021,AGS,GA,ASO,ES,Combined TRACON& Tower with Radar,17,6,14,10,47,0,0,2,0,2,17,6,16,10,49,0,0,0,49
01/16/2021,AGS,GA,ASO,ES,Combined TRACON& Tower with Radar,15,4,9,0,28,0,0,2,0,2,15,4,11,0,30,0,0,0,30
01/17/2021,AGS,GA,ASO,ES,Combined TRACON& Tower with Radar,14,7,11,0,32,0,0,11,0,11,14,7,22,0,43,6,0,6,49
01/18/2021,AGS,GA,ASO,ES,Combined TRACON& Tower with Radar,14,11,17,0,42,1,2,10,0,13,15,13,27,0,55,18,0,18,73
01/19/2021,AGS,GA,ASO,ES,Combined TRACON& Tower with Radar,17,8,21,12,58,1,0,20,5,26,18,8,41,17,84,0,20,20,104
01/20/2021,AGS,GA,ASO,ES,Combined TRACON& Tower with Radar,15,4,16,4,39,0,2,3,3,8,15,6,19,7,47,6,0,6,53
01/21/2021,AGS,GA,ASO,ES,Combined TRACON& Tower with Radar,14,14,16,4,48,1,0,0,0,1,15,14,16,4,49,20,16,36,85
01/22/2021,AGS,GA,ASO,ES,Combined TRACON& Tower with Radar,16,7,13,2,38,0,0,6,0,6,16,7,19,2,44,50,0,50,94
01/23/2021,AGS,GA,ASO,ES,Combined TRACON& Tower with Radar,14,8,17,0,39,0,1,27,0,28,14,9,44,0,67,38,0,38,105
01/24/2021,AGS,GA,ASO,ES,Combined TRACON& Tower with Radar,16,12,16,12,56,0,1,14,0,15,16,13,30,12,71,2,0,2,73
01/25/2021,AGS,GA,ASO,ES,Combined TRACON& Tower with Radar,15,19,7,3,44,1,0,1,1,3,16,19,8,4,47,0,0,0,47
01/26/2021,AGS,GA,ASO,ES,Combined TRACON& Tower with Radar,16,14,18,0,48,0,0,0,0,0,16,14,18,0,48,12,0,12,60
01/27/2021,AGS,GA,ASO,ES,Combined TRACON& Tower with Radar,15,7,11,0,33,0,0,0,0,0,15,7,11,0,33,0,0,0,33
01/28/2021,AGS,GA,ASO,ES,Combined TRACON& Tower with Radar,13,14,20,13,60,0,0,9,11,20,13,14,29,24,80,0,0,0,80
01/29/2021,AGS,GA,ASO,ES,Combined TRACON& Tower with Radar,17,9,25,0,51,1,3,23,2,29,18,12,48,2,80,0,0,0,80
01/30/2021,AGS,GA,ASO,ES,Combined TRACON& Tower with Radar,14,8,13,0,35,0,2,17,0,19,14,10,30,0,54,0,0,0,54
01/31/2021,AGS,GA,ASO,ES,Combined TRACON& Tower with Radar,21,8,6,0,35,0,0,0,0,0,21,8,6,0,35,0,0,0,35
02/01/2021,AGS,GA,ASO,ES,Combined TRACON& Tower with Radar,15,4,14,36,69,0,0,1,1,2,15,4,15,37,71,0,26,26,97
02/02/2021,AGS,GA,ASO,ES,Combined TRACON& Tower with Radar,18,4,9,22,53,0,1,4,2,7,18,5,13,24,60,0,12,12,72
02/03/2021,AGS,GA,ASO,ES,Combined TRACON& Tower with Radar,17,3,15,12,47,1,1,20,9,31,18,4,35,21,78,46,6,52,130
02/04/2021,AGS,GA,ASO,ES,Combined TRACON& Tower with Radar,18,5,15,16,54,0,1,12,3,16,18,6,27,19,70,0,16,16,86
02/05/2021,AGS,GA,ASO,ES,Combined TRACON& Tower with Radar,18,10,17,10,55,0,1,6,0,7,18,11,23,10,62,0,0,0,62
02/06/2021,AGS,GA,ASO,ES,Combined TRACON& Tower with Radar,15,3,7,0,25,0,0,8,0,8,15,3,15,0,33,44,0,44,77
02/07/2021,AGS,GA,ASO,ES,Combined TRACON& Tower with Radar,14,6,11,0,31,0,0,5,0,5,14,6,16,0,36,22,0,22,58
02/08/2021,AGS,GA,ASO,ES,Combined TRACON& Tower with Radar,17,15,15,0,47,0,0,7,0,7,17,15,22,0,54,12,0,12,66
02/09/2021,AGS,GA,ASO,ES,Combined TRACON& Tower with Radar,17,5,27,6,55,1,3,4,0,8,18,8,31,6,63,0,12,12,75
02/10/2021,AGS,GA,ASO,ES,Combined TRACON& Tower with Radar,15,4,22,6,47,0,0,8,2,10,15,4,30,8,57,20,6,26,83
02/11/2021,AGS,GA,ASO,ES,Combined TRACON& Tower with Radar,9,15,16,1,41,0,0,0,0,0,9,15,16,1,41,0,0,0,41
02/12/2021,AGS,GA,ASO,ES,Combined TRACON& Tower with Radar,17,10,10,10,47,0,0,0,0,0,17,10,10,10,47,0,0,0,47
02/13/2021,AGS,GA,ASO,ES,Combined TRACON& Tower with Radar,13,7,7,0,27,0,0,0,0,0,13,7,7,0,27,0,0,0,27
02/14/2021,AGS,GA,ASO,ES,Combined TRACON& Tower with Radar,11,7,5,0,23,0,0,0,0,0,11,7,5,0,23,0,0,0,23
02/15/2021,AGS,GA,ASO,ES,Combined TRACON& Tower with Radar,13,8,9,1,31,0,0,0,0,0,13,8,9,1,31,0,0,0,31
02/16/2021,AGS,GA,ASO,ES,Combined TRACON& Tower with Radar,15,13,15,0,43,0,3,2,2,7,15,16,17,2,50,20,0,20,70
02/17/2021,AGS,GA,ASO,ES,Combined TRACON& Tower with Radar,15,17,26,3,61,0,0,26,0,26,15,17,52,3,87,0,0,0,87
02/18/2021,AGS,GA,ASO,ES,Combined TRACON& Tower with Radar,16,10,12,1,39,0,0,0,0,0,16,10,12,1,39,0,0,0,39
02/19/2021,AGS,GA,ASO,ES,Combined TRACON& Tower with Radar,15,12,11,2,40,0,0,0,0,0,15,12,11,2,40,36,0,36,76
02/20/2021,AGS,GA,ASO,ES,Combined TRACON& Tower with Radar,14,6,13,1,34,0,4,30,1,35,14,10,43,2,69,22,0,22,91
02/21/2021,AGS,GA,ASO,ES,Combined TRACON& Tower with Radar,15,16,21,2,54,0,0,23,1,24,15,16,44,3,78,0,0,0,78
02/22/2021,AGS,GA,ASO,ES,Combined TRACON& Tower with Radar,14,8,23,1,46,0,0,1,3,4,14,8,24,4,50,0,2,2,52
02/23/2021,AGS,GA,ASO,ES,Combined TRACON& Tower with Radar,15,16,24,7,62,0,2,20,6,28,15,18,44,13,90,14,0,14,104
02/24/2021,AGS,GA,ASO,ES,Combined TRACON& Tower with Radar,15,17,34,6,72,0,9,32,7,48,15,26,66,13,120,48,6,54,174
02/25/2021,AGS,GA,ASO,ES,Combined TRACON& Tower with Radar,16,15,48,1,80,0,0,27,5,32,16,15,75,6,112,6,4,10,122
02/26/2021,AGS,GA,ASO,ES,Combined TRACON& Tower with Radar,15,20,13,21,69,0,1,6,3,10,15,21,19,24,79,0,4,4,83
02/27/2021,AGS,GA,ASO,ES,Combined TRACON& Tower with Radar,14,11,10,2,37,1,5,16,1,23,15,16,26,3,60,40,0,40,100
02/28/2021,AGS,GA,ASO,ES,Combined TRACON& Tower with Radar,14,19,29,5,67,0,2,3,0,5,14,21,32,5,72,17,0,17,89
03/01/2021,AGS,GA,ASO,ES,Combined TRACON& Tower with Radar,15,14,31,1,61,0,0,2,4,6,15,14,33,5,67,0,0,0,67
03/02/2021,AGS,GA,ASO,ES,Combined TRACON& Tower with Radar,16,13,19,4,52,0,2,4,4,10,16,15,23,8,62,0,4,4,66
03/03/2021,AGS,GA,ASO,ES,Combined TRACON& Tower with Radar,17,37,13,10,77,0,1,8,4,13,17,38,21,14,90,54,6,60,150
03/04/2021,AGS,GA,ASO,ES,Combined TRACON& Tower with Radar,14,16,15,11,56,1,3,26,7,37,15,19,41,18,93,45,14,59,152
03/05/2021,AGS,GA,ASO,ES,Combined TRACON& Tower with Radar,16,20,30,14,80,0,0,26,10,36,16,20,56,24,116,36,20,56,172
03/06/2021,AGS,GA,ASO,ES,Combined TRACON& Tower with Radar,14,20,11,6,51,0,2,9,1,12,14,22,20,7,63,8,0,8,71
03/07/2021,AGS,GA,ASO,ES,Combined TRACON& Tower with Radar,16,22,25,4,67,0,2,17,0,19,16,24,42,4,86,24,0,24,110
03/08/2021,AGS,GA,ASO,ES,Combined TRACON& Tower with Radar,16,20,19,0,55,0,1,14,0,15,16,21,33,0,70,14,0,14,84
03/09/2021,AGS,GA,ASO,ES,Combined TRACON& Tower with Radar,17,19,8,1,45,0,3,4,0,7,17,22,12,1,52,24,0,24,76
03/10/2021,AGS,GA,ASO,ES,Combined TRACON& Tower with Radar,15,20,18,12,65,0,0,16,0,16,15,20,34,12,81,10,0,10,91
03/11/2021,AGS,GA,ASO,ES,Combined TRACON& Tower with Radar,15,31,26,0,72,1,3,12,0,16,16,34,38,0,88,14,0,14,102
03/12/2021,AGS,GA,ASO,ES,Combined TRACON& Tower with Radar,18,36,16,4,74,0,3,8,3,14,18,39,24,7,88,0,0,0,88
03/13/2021,AGS,GA,ASO,ES,Combined TRACON& Tower with Radar,14,25,16,4,59,1,1,12,0,14,15,26,28,4,73,12,0,12,85
03/14/2021,AGS,GA,ASO,ES,Combined TRACON& Tower with Radar,16,29,19,0,64,0,3,8,5,16,16,32,27,5,80,40,0,40,120
03/15/2021,AGS,GA,ASO,ES,Combined TRACON& Tower with Radar,16,21,13,3,53,0,1,6,0,7,16,22,19,3,60,0,0,0,60
03/16/2021,AGS,GA,ASO,ES,Combined TRACON& Tower with Radar,15,20,21,7,63,0,0,0,0,0,15,20,21,7,63,0,0,0,63
03/17/2021,AGS,GA,ASO,ES,Combined TRACON& Tower with Radar,14,29,44,4,91,0,0,1,0,1,14,29,45,4,92,0,0,0,92
03/18/2021,AGS,GA,ASO,ES,Combined TRACON& Tower with Radar,16,31,54,1,102,0,2,0,0,2,16,33,54,1,104,0,0,0,104
03/19/2021,AGS,GA,ASO,ES,Combined TRACON& Tower with Radar,18,29,41,23,111,0,0,2,3,5,18,29,43,26,116,0,12,12,128
03/20/2021,AGS,GA,ASO,ES,Combined TRACON& Tower with Radar,15,23,25,0,63,0,0,3,0,3,15,23,28,0,66,0,0,0,66
03/21/2021,AGS,GA,ASO,ES,Combined TRACON& Tower with Radar,15,24,12,0,51,1,0,3,2,6,16,24,15,2,57,0,0,0,57
03/22/2021,AGS,GA,ASO,ES,Combined TRACON& Tower with Radar,16,17,36,7,76,0,0,17,1,18,16,17,53,8,94,10,0,10,104
03/23/2021,AGS,GA,ASO,ES,Combined TRACON& Tower with Radar,17,16,27,9,69,0,4,20,3,27,17,20,47,12,96,18,0,18,114
03/24/2021,AGS,GA,ASO,ES,Combined TRACON& Tower with Radar,15,12,37,11,75,0,1,10,2,13,15,13,47,13,88,54,0,54,142
03/25/2021,AGS,GA,ASO,ES,Combined TRACON& Tower with Radar,17,13,28,43,101,0,1,15,3,19,17,14,43,46,120,52,6,58,178
03/26/2021,AGS,GA,ASO,ES,Combined TRACON& Tower with Radar,17,21,11,0,49,0,2,2,0,4,17,23,13,0,53,18,0,18,71
03/27/2021,AGS,GA,ASO,ES,Combined TRACON& Tower with Radar,18,16,9,0,43,0,0,2,0,2,18,16,11,0,45,0,0,0,45
03/28/2021,AGS,GA,ASO,ES,Combined TRACON& Tower with Radar,19,26,20,0,65,0,2,1,2,5,19,28,21,2,70,0,0,0,70
03/29/2021,AGS,GA,ASO,ES,Combined TRACON& Tower with Radar,21,17,16,9,63,0,7,15,4,26,21,24,31,13,89,38,10,48,137
03/30/2021,AGS,GA,ASO,ES,Combined TRACON& Tower with Radar,17,20,21,24,82,0,0,6,22,28,17,20,27,46,110,18,28,46,156
03/31/2021,AGS,GA,ASO,ES,Combined TRACON& Tower with Radar,15,22,19,20,76,0,1,0,2,3,15,23,19,22,79,0,16,16,95
04/01/2021,AGS,GA,ASO,ES,Combined TRACON& Tower with Radar,18,20,26,6,70,0,0,11,3,14,18,20,37,9,84,0,16,16,100
04/02/2021,AGS,GA,ASO,ES,Combined TRACON& Tower with Radar,20,21,34,0,75,0,0,24,0,24,20,21,58,0,99,40,0,40,139
04/03/2021,AGS,GA,ASO,ES,Combined TRACON& Tower with Radar,17,24,44,2,87,0,5,7,0,12,17,29,51,2,99,0,0,0,99
04/04/2021,AGS,GA,ASO,ES,Combined TRACON& Tower with Radar,19,55,33,0,107,0,3,12,0,15,19,58,45,0,122,0,0,0,122
04/05/2021,AGS,GA,ASO,ES,Combined TRACON& Tower with Radar,20,51,63,0,134,0,2,9,0,11,20,53,72,0,145,0,0,0,145
04/06/2021,AGS,GA,ASO,ES,Combined TRACON& Tower with Radar,19,54,70,2,145,0,0,13,0,13,19,54,83,2,158,0,0,0,158
04/07/2021,AGS,GA,ASO,ES,Combined TRACON& Tower with Radar,21,95,108,0,224,0,1,5,0,6,21,96,113,0,230,0,0,0,230
04/08/2021,AGS,GA,ASO,ES,Combined TRACON& Tower with Radar,18,117,116,0,251,0,2,5,0,7,18,119,121,0,258,0,0,0,258
04/09/2021,AGS,GA,ASO,ES,Combined TRACON& Tower with Radar,21,129,146,0,296,0,0,5,0,5,21,129,151,0,301,0,0,0,301
04/10/2021,AGS,GA,ASO,ES,Combined TRACON& Tower with Radar,17,98,97,0,212,0,0,7,0,7,17,98,104,0,219,0,0,0,219
04/11/2021,AGS,GA,ASO,ES,Combined TRACON& Tower with Radar,24,157,133,0,314,0,0,4,0,4,24,157,137,0,318,0,0,0,318
04/12/2021,AGS,GA,ASO,ES,Combined TRACON& Tower with Radar,20,76,62,0,158,0,0,6,0,6,20,76,68,0,164,24,0,24,188
04/13/2021,AGS,GA,ASO,ES,Combined TRACON& Tower with Radar,16,16,26,0,58,0,4,15,1,20,16,20,41,1,78,48,0,48,126
04/14/2021,AGS,GA,ASO,ES,Combined TRACON& Tower with Radar,17,8,19,11,55,0,6,11,3,20,17,14,30,14,75,18,8,26,101
04/15/2021,AGS,GA,ASO,ES,Combined TRACON& Tower with Radar,17,12,25,5,59,0,0,6,3,9,17,12,31,8,68,26,14,40,108
04/16/2021,AGS,GA,ASO,ES,Combined TRACON& Tower with Radar,19,16,17,26,78,0,2,11,6,19,19,18,28,32,97,0,18,18,115
04/17/2021,AGS,GA,ASO,ES,Combined TRACON& Tower with Radar,19,17,14,0,50,0,2,16,0,18,19,19,30,0,68,8,0,8,76
04/18/2021,AGS,GA,ASO,ES,Combined TRACON& Tower with Radar,18,25,15,3,61,0,6,15,1,22,18,31,30,4,83,45,20,65,148
04/19/2021,AGS,GA,ASO,ES,Combined TRACON& Tower with Radar,20,21,19,12,72,0,4,10,5,19,20,25,29,17,91,0,10,10,101
04/20/2021,AGS,GA,ASO,ES,Combined TRACON& Tower with Radar,18,22,23,12,75,0,0,12,1,13,18,22,35,13,88,44,16,60,148
04/21/2021,AGS,GA,ASO,ES,Combined TRACON& Tower with Radar,19,20,27,17,83,0,0,5,6,11,19,20,32,23,94,8,24,32,126
04/22/2021,AGS,GA,ASO,ES,Combined TRACON& Tower with Radar,18,19,35,35,107,0,10,12,5,27,18,29,47,40,134,42,46,88,222
04/23/2021,AGS,GA,ASO,ES,Combined TRACON& Tower with Radar,18,31,16,6,71,0,3,11,4,18,18,34,27,10,89,62,0,62,151
04/24/2021,AGS,GA,ASO,ES,Combined TRACON& Tower with Radar,16,22,15,0,53,0,0,0,0,0,16,22,15,0,53,0,0,0,53
04/25/2021,AGS,GA,ASO,ES,Combined TRACON& Tower with Radar,20,26,28,0,74,0,2,5,0,7,20,28,33,0,81,18,0,18,99
04/26/2021,AGS,GA,ASO,ES,Combined TRACON& Tower with Radar,20,23,28,10,81,0,4,7,6,17,20,27,35,16,98,36,12,48,146
04/27/2021,AGS,GA,ASO,ES,Combined TRACON& Tower with Radar,18,15,27,6,66,0,3,12,3,18,18,18,39,9,84,0,0,0,84
04/28/2021,AGS,GA,ASO,ES,Combined TRACON& Tower with Radar,19,29,21,9,78,0,1,14,4,19,19,30,35,13,97,30,16,46,143
04/29/2021,AGS,GA,ASO,ES,Combined TRACON& Tower with Radar,22,33,31,4,90,0,0,6,8,14,22,33,37,12,104,4,8,12,116
04/30/2021,AGS,GA,ASO,ES,Combined TRACON& Tower with Radar,20,18,14,4,56,0,8,13,0,21,20,26,27,4,77,40,0,40,117
05/01/2021,AGS,GA,ASO,ES,Combined TRACON& Tower with Radar,18,31,12,0,61,0,2,18,0,20,18,33,30,0,81,0,0,0,81
05/02/2021,AGS,GA,ASO,ES,Combined TRACON& Tower with Radar,20,24,14,5,63,0,2,15,9,26,20,26,29,14,89,28,0,28,117
05/03/2021,AGS,GA,ASO,ES,Combined TRACON& Tower with Radar,22,30,29,4,85,0,0,1,0,1,22,30,30,4,86,0,0,0,86
05/04/2021,AGS,GA,ASO,ES,Combined TRACON& Tower with Radar,17,21,31,4,73,0,0,2,0,2,17,21,33,4,75,20,0,20,95
05/05/2021,AGS,GA,ASO,ES,Combined TRACON& Tower with Radar,17,35,36,0,88,0,0,10,0,10,17,35,46,0,98,10,0,10,108
05/06/2021,AGS,GA,ASO,ES,Combined TRACON& Tower with Radar,20,38,36,7,101,0,4,25,2,31,20,42,61,9,132,4,0,4,136
05/07/2021,AGS,GA,ASO,ES,Combined TRACON& Tower with Radar,22,20,30,11,83,0,3,7,0,10,22,23,37,11,93,0,10,10,103
05/08/2021,AGS,GA,ASO,ES,Combined TRACON& Tower with Radar,16,23,26,0,65,0,2,11,0,13,16,25,37,0,78,0,0,0,78
05/09/2021,AGS,GA,ASO,ES,Combined TRACON& Tower with Radar,19,9,15,0,43,0,3,8,0,11,19,12,23,0,54,0,0,0,54
05/10/2021,AGS,GA,ASO,ES,Combined TRACON& Tower with Radar,19,20,26,4,69,0,2,10,0,12,19,22,36,4,81,26,0,26,107
05/11/2021,AGS,GA,ASO,ES,Combined TRACON& Tower with Radar,20,22,24,16,82,0,0,4,6,10,20,22,28,22,92,6,14,20,112
05/12/2021,AGS,GA,ASO,ES,Combined TRACON& Tower with Radar,18,16,27,10,71,0,0,0,0,0,18,16,27,10,71,0,14,14,85
05/13/2021,AGS,GA,ASO,ES,Combined TRACON& Tower with Radar,19,15,24,2,60,0,5,14,0,19,19,20,38,2,79,0,0,0,79
05/14/2021,AGS,GA,ASO,ES,Combined TRACON& Tower with Radar,20,17,25,2,64,0,2,8,0,10,20,19,33,2,74,0,0,0,74
05/15/2021,AGS,GA,ASO,ES,Combined TRACON& Tower with Radar,16,15,19,0,50,0,0,7,0,7,16,15,26,0,57,14,0,14,71
05/16/2021,AGS,GA,ASO,ES,Combined TRACON& Tower with Radar,19,26,27,1,73,0,0,10,3,13,19,26,37,4,86,4,0,4,90
05/17/2021,AGS,GA,ASO,ES,Combined TRACON& Tower with Radar,19,9,23,9,60,0,11,7,0,18,19,20,30,9,78,16,0,16,94
05/18/2021,AGS,GA,ASO,ES,Combined TRACON& Tower with Radar,20,5,27,13,65,0,0,12,6,18,20,5,39,19,83,0,30,30,113
05/19/2021,AGS,GA,ASO,ES,Combined TRACON& Tower with Radar,18,6,28,5,57,0,4,14,4,22,18,10,42,9,79,20,10,30,109
05/20/2021,AGS,GA,ASO,ES,Combined TRACON& Tower with Radar,19,9,21,3,52,0,3,12,2,17,19,12,33,5,69,0,0,0,69
05/21/2021,AGS,GA,ASO,ES,Combined TRACON& Tower with Radar,19,9,38,5,71,0,6,22,1,29,19,15,60,6,100,22,14,36,136
05/22/2021,AGS,GA,ASO,ES,Combined TRACON& Tower with Radar,16,8,9,0,33,0,5,7,2,14,16,13,16,2,47,38,0,38,85
05/23/2021,AGS,GA,ASO,ES,Combined TRACON& Tower with Radar,19,12,7,0,38,0,7,3,2,12,19,19,10,2,50,0,0,0,50
05/24/2021,AGS,GA,ASO,ES,Combined TRACON& Tower with Radar,19,10,19,4,52,0,0,13,0,13,19,10,32,4,65,18,0,18,83
05/25/2021,AGS,GA,ASO,ES,Combined TRACON& Tower with Radar,15,7,20,5,47,0,2,11,1,14,15,9,31,6,61,0,0,0,61
05/26/2021,AGS,GA,ASO,ES,Combined TRACON& Tower with Radar,15,11,16,20,62,0,3,17,15,35,15,14,33,35,97,6,52,58,155
05/27/2021,AGS,GA,ASO,ES,Combined TRACON& Tower with Radar,19,12,24,8,63,0,2,23,6,31,19,14,47,14,94,56,0,56,150
05/28/2021,AGS,GA,ASO,ES,Combined TRACON& Tower with Radar,22,6,11,0,39,0,5,9,0,14,22,11,20,0,53,0,0,0,53
05/29/2021,AGS,GA,ASO,ES,Combined TRACON& Tower with Radar,20,5,5,0,30,0,0,21,0,21,20,5,26,0,51,16,0,16,67
05/30/2021,AGS,GA,ASO,ES,Combined TRACON& Tower with Radar,20,6,7,0,33,0,0,10,2,12,20,6,17,2,45,4,0,4,49
05/31/2021,AGS,GA,ASO,ES,Combined TRACON& Tower with Radar,21,7,21,0,49,0,6,10,0,16,21,13,31,0,65,6,0,6,71
06/01/2021,AGS,GA,ASO,ES,Combined TRACON& Tower with Radar,18,9,26,8,61,0,3,7,9,19,18,12,33,17,80,38,10,48,128
06/02/2021,AGS,GA,ASO,ES,Combined TRACON& Tower with Radar,20,13,20,50,103,0,0,3,0,3,20,13,23,50,106,10,0,10,116
06/03/2021,AGS,GA,ASO,ES,Combined TRACON& Tower with Radar,15,11,19,12,57,0,6,4,0,10,15,17,23,12,67,8,10,18,85
06/04/2021,AGS,GA,ASO,ES,Combined TRACON& Tower with Radar,17,10,24,0,51,0,6,5,6,17,17,16,29,6,68,8,0,8,76
06/05/2021,AGS,GA,ASO,ES,Combined TRACON& Tower with Radar,11,23,9,2,45,0,0,2,0,2,11,23,11,2,47,0,0,0,47
06/06/2021,AGS,GA,ASO,ES,Combined TRACON& Tower with Radar,11,20,6,0,37,0,1,0,0,1,11,21,6,0,38,0,0,0,38
06/07/2021,AGS,GA,ASO,ES,Combined TRACON& Tower with Radar,14,9,16,3,42,0,0,0,1,1,14,9,16,4,43,0,8,8,51
06/08/2021,AGS,GA,ASO,ES,Combined TRACON& Tower with Radar,9,18,18,0,45,0,0,2,0,2,9,18,20,0,47,10,0,10,57
06/09/2021,AGS,GA,ASO,ES,Combined TRACON& Tower with Radar,14,28,18,10,70,0,0,6,4,10,14,28,24,14,80,14,10,24,104
06/10/2021,AGS,GA,ASO,ES,Combined TRACON& Tower with Radar,12,21,22,6,61,0,3,12,1,16,12,24,34,7,77,8,6,14,91
06/11/2021,AGS,GA,ASO,ES,Combined TRACON& Tower with Radar,13,16,13,2,44,0,0,1,7,8,13,16,14,9,52,0,2,2,54
06/12/2021,AGS,GA,ASO,ES,Combined TRACON& Tower with Radar,8,16,7,2,33,0,0,0,0,0,8,16,7,2,33,0,0,0,33
06/13/2021,AGS,GA,ASO,ES,Combined TRACON& Tower with Radar,12,13,13,0,38,0,1,7,0,8,12,14,20,0,46,10,0,10,56
06/14/2021,AGS,GA,ASO,ES,Combined TRACON& Tower with Radar,12,19,13,15,59,0,0,11,6,17,12,19,24,21,76,28,10,38,114
06/15/2021,AGS,GA,ASO,ES,Combined TRACON& Tower with Radar,10,23,15,9,57,0,15,16,1,32,10,38,31,10,89,58,0,58,147
06/16/2021,AGS,GA,ASO,ES,Combined TRACON& Tower with Radar,10,24,15,13,62,0,0,15,10,25,10,24,30,23,87,10,10,20,107
06/17/2021,AGS,GA,ASO,ES,Combined TRACON& Tower with Radar,11,16,18,4,49,0,1,14,4,19,11,17,32,8,68,28,0,28,96
06/18/2021,AGS,GA,ASO,ES,Combined TRACON& Tower with Radar,15,16,16,0,47,0,0,16,0,16,15,16,32,0,63,34,0,34,97
06/19/2021,AGS,GA,ASO,ES,Combined TRACON& Tower with Radar,8,16,9,0,33,0,0,13,0,13,8,16,22,0,46,36,0,36,82
06/20/2021,AGS,GA,ASO,ES,Combined TRACON& Tower with Radar,11,17,1,0,29,0,0,0,0,0,11,17,1,0,29,0,0,0,29
06/21/2021,AGS,GA,ASO,ES,Combined TRACON& Tower with Radar,12,15,9,5,41,0,1,7,1,9,12,16,16,6,50,12,0,12,62
06/22/2021,AGS,GA,ASO,ES,Combined TRACON& Tower with Radar,10,19,19,3,51,0,0,1,0,1,10,19,20,3,52,0,0,0,52
06/23/2021,AGS,GA,ASO,ES,Combined TRACON& Tower with Radar,10,21,16,10,57,0,0,14,1,15,10,21,30,11,72,48,12,60,132
06/24/2021,AGS,GA,ASO,ES,Combined TRACON& Tower with Radar,12,15,18,6,51,0,0,21,3,24,12,15,39,9,75,16,0,16,91
06/25/2021,AGS,GA,ASO,ES,Combined TRACON& Tower with Radar,11,20,16,13,60,0,0,17,4,21,11,20,33,17,81,34,28,62,143
06/26/2021,AGS,GA,ASO,ES,Combined TRACON& Tower with Radar,7,17,9,0,33,0,1,13,4,18,7,18,22,4,51,100,0,100,151
06/27/2021,AGS,GA,ASO,ES,Combined TRACON& Tower with Radar,14,17,4,0,35,0,0,10,1,11,14,17,14,1,46,20,0,20,66
06/28/2021,AGS,GA,ASO,ES,Combined TRACON& Tower with Radar,11,16,4,0,31,0,0,5,2,7,11,16,9,2,38,0,0,0,38
06/29/2021,AGS,GA,ASO,ES,Combined TRACON& Tower with Radar,9,14,14,13,50,0,1,10,1,12,9,15,24,14,62,52,10,62,124
06/30/2021,AGS,GA,ASO,ES,Combined TRACON& Tower with Radar,10,16,17,15,58,0,0,8,4,12,10,16,25,19,70,70,20,90,160
07/01/2021,AGS,GA,ASO,ES,Combined TRACON& Tower with Radar,13,17,16,5,51,0,0,6,3,9,13,17,22,8,60,10,12,22,82
07/02/2021,AGS,GA,ASO,ES,Combined TRACON& Tower with Radar,12,14,19,0,45,0,0,0,0,0,12,14,19,0,45,28,0,28,73
07/03/2021,AGS,GA,ASO,ES,Combined TRACON& Tower with Radar,8,17,11,0,36,0,1,16,2,19,8,18,27,2,55,56,0,56,111
07/04/2021,AGS,GA,ASO,ES,Combined TRACON& Tower with Radar,8,12,2,0,22,0,3,9,3,15,8,15,11,3,37,38,0,38,75
07/05/2021,AGS,GA,ASO,ES,Combined TRACON& Tower with Radar,12,15,4,0,31,0,0,19,5,24,12,15,23,5,55,102,0,102,157
07/06/2021,AGS,GA,ASO,ES,Combined TRACON& Tower with Radar,10,14,13,4,41,0,2,16,6,24,10,16,29,10,65,56,2,58,123
07/07/2021,AGS,GA,ASO,ES,Combined TRACON& Tower with Radar,14,13,8,1,36,0,0,3,3,6,14,13,11,4,42,12,2,14,56
07/08/2021,AGS,GA,ASO,ES,Combined TRACON& Tower with Radar,16,11,16,0,43,0,0,0,1,1,16,11,16,1,44,0,0,0,44
07/09/2021,AGS,GA,ASO,ES,Combined TRACON& Tower with Radar,21,14,13,20,68,0,3,3,8,14,21,17,16,28,82,8,2,10,92
07/10/2021,AGS,GA,ASO,ES,Combined TRACON& Tower with Radar,17,13,6,0,36,0,0,6,0,6,17,13,12,0,42,18,0,18,60
07/11/2021,AGS,GA,ASO,ES,Combined TRACON& Tower with Radar,16,12,10,0,38,0,1,1,0,2,16,13,11,0,40,0,0,0,40
07/12/2021,AGS,GA,ASO,ES,Combined TRACON& Tower with Radar,17,16,18,18,69,0,8,6,12,26,17,24,24,30,95,14,28,42,137
07/13/2021,AGS,GA,ASO,ES,Combined TRACON& Tower with Radar,15,20,23,3,61,0,14,6,2,22,15,34,29,5,83,70,0,70,153
07/14/2021,AGS,GA,ASO,ES,Combined TRACON& Tower with Radar,15,15,14,1,45,0,2,6,3,11,15,17,20,4,56,36,0,36,92
07/15/2021,AGS,GA,ASO,ES,Combined TRACON& Tower with Radar,17,27,38,21,103,0,8,16,6,30,17,35,54,27,133,44,2,46,179
07/16/2021,AGS,GA,ASO,ES,Combined TRACON& Tower with Radar,16,29,41,0,86,0,2,8,2,12,16,31,49,2,98,10,0,10,108
07/17/2021,AGS,GA,ASO,ES,Combined TRACON& Tower with Radar,11,33,31,0,75,0,2,16,2,20,11,35,47,2,95,28,0,28,123
07/18/2021,AGS,GA,ASO,ES,Combined TRACON& Tower with Radar,16,34,58,0,108,0,1,7,0,8,16,35,65,0,116,0,0,0,116
07/19/2021,AGS,GA,ASO,ES,Combined TRACON& Tower with Radar,16,17,10,3,46,0,0,2,0,2,16,17,12,3,48,12,0,12,60
07/20/2021,AGS,GA,ASO,ES,Combined TRACON& Tower with Radar,14,15,19,1,49,0,0,4,0,4,14,15,23,1,53,0,0,0,53
07/21/2021,AGS,GA,ASO,ES,Combined TRACON& Tower with Radar,15,20,36,3,74,0,0,15,3,18,15,20,51,6,92,26,0,26,118
07/22/2021,AGS,GA,ASO,ES,Combined TRACON& Tower with Radar,17,26,46,10,99,0,6,8,7,21,17,32,54,17,120,38,8,46,166
07/23/2021,AGS,GA,ASO,ES,Combined TRACON& Tower with Radar,16,47,63,0,126,0,0,14,0,14,16,47,77,0,140,10,0,10,150
07/24/2021,AGS,GA,ASO,ES,Combined TRACON& Tower with Radar,11,32,40,2,85,0,0,4,4,8,11,32,44,6,93,6,0,6,99
07/25/2021,AGS,GA,ASO,ES,Combined TRACON& Tower with Radar,18,29,32,1,80,0,4,8,11,23,18,33,40,12,103,10,2,12,115
07/26/2021,AGS,GA,ASO,ES,Combined TRACON& Tower with Radar,28,12,20,5,65,0,0,13,7,20,28,12,33,12,85,45,0,45,130
07/27/2021,AGS,GA,ASO,ES,Combined TRACON& Tower with Radar,21,13,16,7,57,0,4,7,7,18,21,17,23,14,75,12,0,12,87
07/28/2021,AGS,GA,ASO,ES,Combined TRACON& Tower with Radar,15,9,29,22,75,0,2,6,5,13,15,11,35,27,88,24,20,44,132
07/29/2021,AGS,GA,ASO,ES,Combined TRACON& Tower with Radar,22,20,22,2,66,0,1,6,5,12,22,21,28,7,78,26,10,36,114
07/30/2021,AGS,GA,ASO,ES,Combined TRACON& Tower with Radar,16,21,16,5,58,0,5,10,6,21,16,26,26,11,79,0,0,0,79
07/31/2021,AGS,GA,ASO,ES,Combined TRACON& Tower with Radar,12,17,5,0,34,0,0,9,2,11,12,17,14,2,45,13,0,13,58
08/01/2021,AGS,GA,ASO,ES,Combined TRACON& Tower with Radar,14,9,11,18,52,0,0,13,8,21,14,9,24,26,73,10,0,10,83
08/02/2021,AGS,GA,ASO,ES,Combined TRACON& Tower with Radar,15,21,16,7,59,0,1,4,2,7,15,22,20,9,66,6,0,6,72
08/03/2021,AGS,GA,ASO,ES,Combined TRACON& Tower with Radar,23,15,22,3,63,0,0,2,1,3,23,15,24,4,66,0,0,0,66
08/04/2021,AGS,GA,ASO,ES,Combined TRACON& Tower with Radar,15,13,26,29,83,0,0,2,9,11,15,13,28,38,94,10,32,42,136
08/05/2021,AGS,GA,ASO,ES,Combined TRACON& Tower with Radar,15,9,21,10,55,0,4,11,6,21,15,13,32,16,76,0,0,0,76
08/06/2021,AGS,GA,ASO,ES,Combined TRACON& Tower with Radar,15,9,8,27,59,0,0,9,1,10,15,9,17,28,69,62,6,68,137
08/07/2021,AGS,GA,ASO,ES,Combined TRACON& Tower with Radar,14,14,18,0,46,0,0,12,4,16,14,14,30,4,62,60,0,60,122
08/08/2021,AGS,GA,ASO,ES,Combined TRACON& Tower with Radar,14,14,11,0,39,0,3,19,0,22,14,17,30,0,61,42,0,42,103
08/09/2021,AGS,GA,ASO,ES,Combined TRACON& Tower with Radar,15,9,16,2,42,0,2,11,5,18,15,11,27,7,60,8,0,8,68
08/10/2021,AGS,GA,ASO,ES,Combined TRACON& Tower with Radar,14,7,28,5,54,0,0,15,8,23,14,7,43,13,77,22,16,38,115
08/11/2021,AGS,GA,ASO,ES,Combined TRACON& Tower with Radar,16,11,8,11,46,0,0,5,6,11,16,11,13,17,57,34,12,46,103
08/12/2021,AGS,GA,ASO,ES,Combined TRACON& Tower with Radar,15,13,20,7,55,0,5,19,8,32,15,18,39,15,87,18,0,18,105
08/13/2021,AGS,GA,ASO,ES,Combined TRACON& Tower with Radar,19,21,13,2,55,0,2,12,5,19,19,23,25,7,74,20,0,20,94
08/14/2021,AGS,GA,ASO,ES,Combined TRACON& Tower with Radar,14,8,4,1,27,0,2,14,0,16,14,10,18,1,43,16,0,16,59
08/15/2021,AGS,GA,ASO,ES,Combined TRACON& Tower with Radar,17,14,3,2,36,0,0,4,0,4,17,14,7,2,40,8,0,8,48
08/16/2021,AGS,GA,ASO,ES,Combined TRACON& Tower with Radar,16,11,10,3,40,0,0,0,0,0,16,11,10,3,40,0,0,0,40
08/17/2021,AGS,GA,ASO,ES,Combined TRACON& Tower with Radar,19,5,14,3,41,0,0,0,0,0,19,5,14,3,41,0,0,0,41
08/18/2021,AGS,GA,ASO,ES,Combined TRACON& Tower with Radar,20,6,26,14,66,0,6,11,4,21,20,12,37,18,87,26,10,36,123
08/19/2021,AGS,GA,ASO,ES,Combined TRACON& Tower with Radar,20,7,19,8,54,0,0,13,8,21,20,7,32,16,75,18,6,24,99
08/20/2021,AGS,GA,ASO,ES,Combined TRACON& Tower with Radar,18,6,10,6,40,0,0,7,1,8,18,6,17,7,48,8,0,8,56
08/21/2021,AGS,GA,ASO,ES,Combined TRACON& Tower with Radar,19,7,10,0,36,0,0,5,0,5,19,7,15,0,41,2,0,2,43
08/22/2021,AGS,GA,ASO,ES,Combined TRACON& Tower with Radar,18,8,15,0,41,0,0,0,0,0,18,8,15,0,41,0,0,0,41
08/23/2021,AGS,GA,ASO,ES,Combined TRACON& Tower with Radar,19,3,24,5,51,0,0,6,6,12,19,3,30,11,63,18,18,36,99
08/24/2021,AGS,GA,ASO,ES,Combined TRACON& Tower with Radar,18,8,24,4,54,0,0,12,3,15,18,8,36,7,69,0,0,0,69
08/25/2021,AGS,GA,ASO,ES,Combined TRACON& Tower with Radar,18,10,13,3,44,0,0,7,1,8,18,10,20,4,52,18,10,28,80
08/26/2021,AGS,GA,ASO,ES,Combined TRACON& Tower with Radar,22,5,22,2,51,0,0,13,8,21,22,5,35,10,72,42,0,42,114
08/27/2021,AGS,GA,ASO,ES,Combined TRACON& Tower with Radar,21,7,13,0,41,0,0,12,1,13,21,7,25,1,54,16,0,16,70
08/28/2021,AGS,GA,ASO,ES,Combined TRACON& Tower with Radar,19,11,9,0,39,0,3,4,2,9,19,14,13,2,48,20,0,20,68
08/29/2021,AGS,GA,ASO,ES,Combined TRACON& Tower with Radar,18,14,8,4,44,0,2,15,3,20,18,16,23,7,64,12,0,12,76
08/30/2021,AGS,GA,ASO,ES,Combined TRACON& Tower with Radar,21,8,22,6,57,0,11,16,13,40,21,19,38,19,97,42,18,60,157
08/31/2021,AGS,GA,ASO,ES,Combined TRACON& Tower with Radar,19,8,10,4,41,0,0,13,1,14,19,8,23,5,55,2,2,4,59
09/01/2021,AGS,GA,ASO,ES,Combined TRACON& Tower with Radar,18,8,12,1,39,0,0,12,7,19,18,8,24,8,58,0,0,0,58
09/02/2021,AGS,GA,ASO,ES,Combined TRACON& Tower with Radar,21,11,14,8,54,0,3,23,7,33,21,14,37,15,87,58,0,58,145
09/03/2021,AGS,GA,ASO,ES,Combined TRACON& Tower with Radar,18,11,15,2,46,0,0,17,3,20,18,11,32,5,66,24,0,24,90
09/04/2021,AGS,GA,ASO,ES,Combined TRACON& Tower with Radar,20,7,9,0,36,0,4,15,9,28,20,11,24,9,64,14,0,14,78
09/05/2021,AGS,GA,ASO,ES,Combined TRACON& Tower with Radar,22,8,10,1,41,0,0,5,1,6,22,8,15,2,47,0,0,0,47
09/06/2021,AGS,GA,ASO,ES,Combined TRACON& Tower with Radar,20,5,6,0,31,0,0,4,4,8,20,5,10,4,39,0,0,0,39
09/07/2021,AGS,GA,ASO,ES,Combined TRACON& Tower with Radar,18,13,21,11,63,0,4,13,8,25,18,17,34,19,88,0,10,10,98
09/08/2021,AGS,GA,ASO,ES,Combined TRACON& Tower with Radar,20,10,12,0,42,0,0,1,3,4,20,10,13,3,46,6,2,8,54
09/09/2021,AGS,GA,ASO,ES,Combined TRACON& Tower with Radar,20,8,11,4,43,0,4,7,9,20,20,12,18,13,63,18,4,22,85
09/10/2021,AGS,GA,ASO,ES,Combined TRACON& Tower with Radar,21,8,10,9,48,0,0,15,2,17,21,8,25,11,65,14,2,16,81
09/11/2021,AGS,GA,ASO,ES,Combined TRACON& Tower with Radar,19,5,9,1,34,0,2,11,0,13,19,7,20,1,47,24,0,24,71
09/12/2021,AGS,GA,ASO,ES,Combined TRACON& Tower with Radar,21,8,13,1,43,0,0,15,1,16,21,8,28,2,59,0,0,0,59
09/13/2021,AGS,GA,ASO,ES,Combined TRACON& Tower with Radar,18,11,13,23,65,0,7,11,4,22,18,18,24,27,87,16,16,32,119
09/14/2021,AGS,GA,ASO,ES,Combined TRACON& Tower with Radar,19,9,25,6,59,0,2,13,7,22,19,11,38,13,81,38,6,44,125
09/15/2021,AGS,GA,ASO,ES,Combined TRACON& Tower with Radar,19,10,27,6,62,0,0,0,1,1,19,10,27,7,63,0,16,16,79
09/16/2021,AGS,GA,ASO,ES,Combined TRACON& Tower with Radar,19,16,33,0,68,0,0,0,0,0,19,16,33,0,68,36,16,52,120
09/17/2021,AGS,GA,ASO,ES,Combined TRACON& Tower with Radar,20,13,13,16,62,0,2,17,9,28,20,15,30,25,90,0,0,0,90
09/18/2021,AGS,GA,ASO,ES,Combined TRACON& Tower with Radar,18,6,7,0,31,0,0,3,4,7,18,6,10,4,38,12,0,12,50
09/19/2021,AGS,GA,ASO,ES,Combined TRACON& Tower with Radar,17,15,3,7,42,0,1,5,1,7,17,16,8,8,49,14,0,14,63
09/20/2021,AGS,GA,ASO,ES,Combined TRACON& Tower with Radar,20,10,16,1,47,0,0,0,0,0,20,10,16,1,47,0,0,0,47
09/21/2021,AGS,GA,ASO,ES,Combined TRACON& Tower with Radar,18,16,12,7,53,0,0,9,0,9,18,16,21,7,62,0,26,26,88
09/22/2021,AGS,GA,ASO,ES,Combined TRACON& Tower with Radar,19,15,25,2,61,0,0,2,0,2,19,15,27,2,63,16,0,16,79
09/23/2021,AGS,GA,ASO,ES,Combined TRACON& Tower with Radar,20,16,20,22,78,0,7,20,16,43,20,23,40,38,121,40,20,60,181
09/24/2021,AGS,GA,ASO,ES,Combined TRACON& Tower with Radar,20,15,21,10,66,0,12,16,3,31,20,27,37,13,97,26,6,32,129
09/25/2021,AGS,GA,ASO,ES,Combined TRACON& Tower with Radar,18,9,12,4,43,0,14,19,0,33,18,23,31,4,76,31,0,31,107
09/26/2021,AGS,GA,ASO,ES,Combined TRACON& Tower with Radar,19,8,13,0,40,0,1,8,0,9,19,9,21,0,49,4,0,4,53
09/27/2021,AGS,GA,ASO,ES,Combined TRACON& Tower with Radar,18,7,17,16,58,0,2,9,1,12,18,9,26,17,70,20,0,20,90
09/28/2021,AGS,GA,ASO,ES,Combined TRACON& Tower with Radar,19,6,21,38,84,0,0,22,6,28,19,6,43,44,112,137,8,145,257
09/29/2021,AGS,GA,ASO,ES,Combined TRACON& Tower with Radar,19,13,23,22,77,0,3,11,6,20,19,16,34,28,97,24,34,58,155
09/30/2021,AGS,GA,ASO,ES,Combined TRACON& Tower with Radar,18,9,13,30,70,0,6,16,7,29,18,15,29,37,99,70,12,82,181
10/01/2021,AGS,GA,ASO,ES,Combined TRACON& Tower with Radar,20,11,34,3,68,0,3,12,3,18,20,14,46,6,86,66,0,66,152
10/02/2021,AGS,GA,ASO,ES,Combined TRACON& Tower with Radar,19,8,11,0,38,0,0,13,3,16,19,8,24,3,54,24,0,24,78
10/03/2021,AGS,GA,ASO,ES,Combined TRACON& Tower with Radar,19,7,14,0,40,0,0,3,0,3,19,7,17,0,43,40,0,40,83
10/04/2021,AGS,GA,ASO,ES,Combined TRACON& Tower with Radar,18,6,23,3,50,0,0,5,3,8,18,6,28,6,58,30,8,38,96
10/05/2021,AGS,GA,ASO,ES,Combined TRACON& Tower with Radar,18,7,12,2,39,0,0,3,0,3,18,7,15,2,42,0,0,0,42
10/06/2021,AGS,GA,ASO,ES,Combined TRACON& Tower with Radar,19,10,23,12,64,0,0,0,0,0,19,10,23,12,64,4,0,4,68
10/07/2021,AGS,GA,ASO,ES,Combined TRACON& Tower with Radar,17,19,11,8,55,0,0,1,0,1,17,19,12,8,56,0,0,0,56
10/08/2021,AGS,GA,ASO,ES,Combined TRACON& Tower with Radar,16,13,17,0,46,0,0,0,0,0,16,13,17,0,46,28,0,28,74
10/09/2021,AGS,GA,ASO,ES,Combined TRACON& Tower with Radar,17,8,13,0,38,0,1,3,4,8,17,9,16,4,46,0,0,0,46
10/10/2021,AGS,GA,ASO,ES,Combined TRACON& Tower with Radar,16,18,11,0,45,0,10,14,4,28,16,28,25,4,73,52,0,52,125
10/11/2021,AGS,GA,ASO,ES,Combined TRACON& Tower with Radar,20,7,20,0,47,0,5,13,2,20,20,12,33,2,67,68,0,68,135
10/12/2021,AGS,GA,ASO,ES,Combined TRACON& Tower with Radar,20,9,20,3,52,0,0,5,0,5,20,9,25,3,57,18,0,18,75
10/13/2021,AGS,GA,ASO,ES,Combined TRACON& Tower with Radar,19,8,23,18,68,0,0,26,9,35,19,8,49,27,103,38,36,74,177
10/14/2021,AGS,GA,ASO,ES,Combined TRACON& Tower with Radar,19,10,15,0,44,0,1,4,2,7,19,11,19,2,51,10,0,10,61
10/15/2021,AGS,GA,ASO,ES,Combined TRACON& Tower with Radar,19,19,20,9,67,0,1,19,2,22,19,20,39,11,89,35,9,44,133
10/16/2021,AGS,GA,ASO,ES,Combined TRACON& Tower with Radar,14,14,18,1,47,0,2,15,3,20,14,16,33,4,67,20,0,20,87
10/17/2021,AGS,GA,ASO,ES,Combined TRACON& Tower with Radar,19,22,26,0,67,0,3,18,4,25,19,25,44,4,92,0,0,0,92
10/18/2021,AGS,GA,ASO,ES,Combined TRACON& Tower with Radar,22,26,35,22,105,0,2,10,10,22,22,28,45,32,127,20,10,30,157
10/19/2021,AGS,GA,ASO,ES,Combined TRACON& Tower with Radar,20,20,26,27,93,0,2,10,5,17,20,22,36,32,110,50,34,84,194
10/20/2021,AGS,GA,ASO,ES,Combined TRACON& Tower with Radar,20,16,26,15,77,0,0,13,10,23,20,16,39,25,100,12,18,30,130
10/21/2021,AGS,GA,ASO,ES,Combined TRACON& Tower with Radar,20,30,34,10,94,0,0,11,10,21,20,30,45,20,115,8,30,38,153
10/22/2021,AGS,GA,ASO,ES,Combined TRACON& Tower with Radar,21,38,38,10,107,0,5,19,9,33,21,43,57,19,140,14,28,42,182
10/23/2021,AGS,GA,ASO,ES,Combined TRACON& Tower with Radar,15,23,20,0,58,0,12,15,2,29,15,35,35,2,87,56,0,56,143
10/24/2021,AGS,GA,ASO,ES,Combined TRACON& Tower with Radar,19,24,15,0,58,0,6,4,2,12,19,30,19,2,70,0,0,0,70
10/25/2021,AGS,GA,ASO,ES,Combined TRACON& Tower with Radar,19,31,23,0,73,0,1,6,0,7,19,32,29,0,80,0,0,0,80
10/26/2021,AGS,GA,ASO,ES,Combined TRACON& Tower with Radar,20,16,31,0,67,0,0,21,2,23,20,16,52,2,90,38,0,38,128
10/27/2021,AGS,GA,ASO,ES,Combined TRACON& Tower with Radar,19,15,24,17,75,0,0,12,12,24,19,15,36,29,99,34,8,42,141
10/28/2021,AGS,GA,ASO,ES,Combined TRACON& Tower with Radar,19,13,16,0,48,0,0,1,0,1,19,13,17,0,49,0,0,0,49
10/29/2021,AGS,GA,ASO,ES,Combined TRACON& Tower with Radar,20,14,20,3,57,0,1,0,0,1,20,15,20,3,58,0,0,0,58
10/30/2021,AGS,GA,ASO,ES,Combined TRACON& Tower with Radar,14,15,10,1,40,0,0,7,2,9,14,15,17,3,49,10,0,10,59
10/31/2021,AGS,GA,ASO,ES,Combined TRACON& Tower with Radar,17,16,8,0,41,0,1,11,3,15,17,17,19,3,56,2,0,2,58
11/01/2021,AGS,GA,ASO,ES,Combined TRACON& Tower with Radar,18,25,26,39,108,0,3,20,4,27,18,28,46,43,135,12,36,48,183
11/02/2021,AGS,GA,ASO,ES,Combined TRACON& Tower with Radar,22,19,31,35,107,0,0,21,1,22,22,19,52,36,129,8,18,26,155
11/03/2021,AGS,GA,ASO,ES,Combined TRACON& Tower with Radar,20,28,21,24,93,0,0,12,6,18,20,28,33,30,111,22,44,66,177
11/04/2021,AGS,GA,ASO,ES,Combined TRACON& Tower with Radar,18,36,32,2,88,0,0,4,6,10,18,36,36,8,98,34,0,34,132
11/05/2021,AGS,GA,ASO,ES,Combined TRACON& Tower with Radar,18,29,36,18,101,0,6,4,10,20,18,35,40,28,121,0,12,12,133
11/06/2021,AGS,GA,ASO,ES,Combined TRACON& Tower with Radar,16,9,16,7,48,0,2,3,4,9,16,11,19,11,57,36,8,44,101
11/07/2021,AGS,GA,ASO,ES,Combined TRACON& Tower with Radar,13,22,22,5,62,0,1,8,0,9,13,23,30,5,71,32,2,34,105
11/08/2021,AGS,GA,ASO,ES,Combined TRACON& Tower with Radar,18,20,23,16,77,0,2,15,4,21,18,22,38,20,98,12,16,28,126
11/09/2021,AGS,GA,ASO,ES,Combined TRACON& Tower with Radar,21,19,15,9,64,0,2,19,12,33,21,21,34,21,97,32,28,60,157
11/10/2021,AGS,GA,ASO,ES,Combined TRACON& Tower with Radar,18,25,45,2,90,0,2,15,5,22,18,27,60,7,112,10,0,10,122
11/11/2021,AGS,GA,ASO,ES,Combined TRACON& Tower with Radar,19,37,52,0,108,0,0,4,3,7,19,37,56,3,115,0,0,0,115
11/12/2021,AGS,GA,ASO,ES,Combined TRACON& Tower with Radar,17,51,50,0,118,0,6,10,2,18,17,57,60,2,136,32,0,32,168
11/13/2021,AGS,GA,ASO,ES,Combined TRACON& Tower with Radar,14,31,30,0,75,0,0,11,3,14,14,31,41,3,89,62,0,62,151
11/14/2021,AGS,GA,ASO,ES,Combined TRACON& Tower with Radar,17,31,22,0,70,0,4,4,5,13,17,35,26,5,83,18,0,18,101
11/15/2021,AGS,GA,ASO,ES,Combined TRACON& Tower with Radar,18,23,13,1,55,0,0,10,1,11,18,23,23,2,66,20,0,20,86
11/16/2021,AGS,GA,ASO,ES,Combined TRACON& Tower with Radar,19,25,22,14,80,0,1,13,8,22,19,26,35,22,102,0,22,22,124
11/17/2021,AGS,GA,ASO,ES,Combined TRACON& Tower with Radar,19,26,29,6,80,0,3,23,7,33,19,29,52,13,113,0,0,0,113
11/18/2021,AGS,GA,ASO,ES,Combined TRACON& Tower with Radar,16,20,25,14,75,0,3,13,5,21,16,23,38,19,96,0,4,4,100
11/19/2021,AGS,GA,ASO,ES,Combined TRACON& Tower with Radar,17,25,48,2,92,0,2,22,9,33,17,27,70,11,125,93,0,93,218
11/20/2021,AGS,GA,ASO,ES,Combined TRACON& Tower with Radar,11,14,14,2,41,0,0,12,0,12,11,14,26,2,53,24,0,24,77
11/21/2021,AGS,GA,ASO,ES,Combined TRACON& Tower with Radar,9,26,13,0,48,0,0,3,6,9,9,26,16,6,57,24,0,24,81
11/22/2021,AGS,GA,ASO,ES,Combined TRACON& Tower with Radar,14,21,20,18,73,0,2,2,10,14,14,23,22,28,87,0,18,18,105
11/23/2021,AGS,GA,ASO,ES,Combined TRACON& Tower with Radar,16,18,17,2,53,0,0,15,2,17,16,18,32,4,70,0,0,0,70
11/24/2021,AGS,GA,ASO,ES,Combined TRACON& Tower with Radar,19,23,29,2,73,0,2,11,6,19,19,25,40,8,92,12,0,12,104
11/25/2021,AGS,GA,ASO,ES,Combined TRACON& Tower with Radar,8,9,6,0,23,0,1,1,5,7,8,10,7,5,30,10,0,10,40
11/26/2021,AGS,GA,ASO,ES,Combined TRACON& Tower with Radar,11,26,4,0,41,0,0,11,0,11,11,26,15,0,52,0,0,0,52
11/27/2021,AGS,GA,ASO,ES,Combined TRACON& Tower with Radar,15,30,14,0,59,0,0,14,5,19,15,30,28,5,78,0,0,0,78
11/28/2021,AGS,GA,ASO,ES,Combined TRACON& Tower with Radar,14,20,14,0,48,0,0,10,0,10,14,20,24,0,58,12,0,12,70
11/29/2021,AGS,GA,ASO,ES,Combined TRACON& Tower with Radar,15,26,27,37,105,0,0,19,4,23,15,26,46,41,128,16,10,26,154
11/30/2021,AGS,GA,ASO,ES,Combined TRACON& Tower with Radar,14,25,27,11,77,0,11,12,11,34,14,36,39,22,111,50,0,50,161
12/01/2021,AGS,GA,ASO,ES,Combined TRACON& Tower with Radar,16,10,30,24,80,0,0,15,26,41,16,10,45,50,121,30,30,60,181
12/02/2021,AGS,GA,ASO,ES,Combined TRACON& Tower with Radar,16,15,26,9,66,0,1,16,19,36,16,16,42,28,102,2,0,2,104
12/03/2021,AGS,GA,ASO,ES,Combined TRACON& Tower with Radar,17,17,34,15,83,0,0,19,4,23,17,17,53,19,106,14,0,14,120
12/04/2021,AGS,GA,ASO,ES,Combined TRACON& Tower with Radar,14,14,17,0,45,0,0,15,8,23,14,14,32,8,68,46,0,46,114
12/05/2021,AGS,GA,ASO,ES,Combined TRACON& Tower with Radar,16,15,15,0,46,0,0,7,0,7,16,15,22,0,53,0,0,0,53
12/06/2021,AGS,GA,ASO,ES,Combined TRACON& Tower with Radar,18,14,18,19,69,0,2,4,13,19,18,16,22,32,88,0,44,44,132
12/07/2021,AGS,GA,ASO,ES,Combined TRACON& Tower with Radar,16,24,20,4,64,0,1,8,6,15,16,25,28,10,79,66,34,100,179
12/08/2021,AGS,GA,ASO,ES,Combined TRACON& Tower with Radar,19,15,7,2,43,0,0,0,0,0,19,15,7,2,43,0,0,0,43
12/09/2021,AGS,GA,ASO,ES,Combined TRACON& Tower with Radar,19,16,21,3,59,0,0,6,0,6,19,16,27,3,65,16,0,16,81
12/10/2021,AGS,GA,ASO,ES,Combined TRACON& Tower with Radar,16,18,29,1,64,0,0,0,0,0,16,18,29,1,64,0,0,0,64
12/11/2021,AGS,GA,ASO,ES,Combined TRACON& Tower with Radar,15,14,8,0,37,0,0,1,0,1,15,14,9,0,38,0,0,0,38
12/12/2021,AGS,GA,ASO,ES,Combined TRACON& Tower with Radar,17,14,13,7,51,0,0,10,0,10,17,14,23,7,61,24,0,24,85
12/13/2021,AGS,GA,ASO,ES,Combined TRACON& Tower with Radar,18,12,19,13,62,0,4,14,3,21,18,16,33,16,83,54,0,54,137
12/14/2021,AGS,GA,ASO,ES,Combined TRACON& Tower with Radar,18,9,35,23,85,0,1,14,4,19,18,10,49,27,104,22,26,48,152
12/15/2021,AGS,GA,ASO,ES,Combined TRACON& Tower with Radar,17,19,23,3,62,0,0,17,0,17,17,19,40,3,79,24,0,24,103
12/16/2021,AGS,GA,ASO,ES,Combined TRACON& Tower with Radar,12,21,25,1,59,0,0,1,0,1,12,21,26,1,60,0,0,0,60
12/17/2021,AGS,GA,ASO,ES,Combined TRACON& Tower with Radar,11,20,23,2,56,0,0,1,0,1,11,20,24,2,57,0,0,0,57
12/18/2021,AGS,GA,ASO,ES,Combined TRACON& Tower with Radar,14,19,16,0,49,0,1,8,0,9,14,20,24,0,58,0,0,0,58
12/19/2021,AGS,GA,ASO,ES,Combined TRACON& Tower with Radar,10,17,10,2,39,0,0,3,0,3,10,17,13,2,42,0,0,0,42
12/20/2021,AGS,GA,ASO,ES,Combined TRACON& Tower with Radar,10,20,18,1,49,0,5,22,9,36,10,25,40,10,85,26,0,26,111
12/21/2021,AGS,GA,ASO,ES,Combined TRACON& Tower with Radar,12,21,17,0,50,0,0,2,0,2,12,21,19,0,52,10,0,10,62
12/22/2021,AGS,GA,ASO,ES,Combined TRACON& Tower with Radar,10,10,22,2,44,0,0,21,3,24,10,10,43,5,68,66,4,70,138
12/23/2021,AGS,GA,ASO,ES,Combined TRACON& Tower with Radar,11,13,7,0,31,0,0,19,2,21,11,13,26,2,52,80,0,80,132
12/24/2021,AGS,GA,ASO,ES,Combined TRACON& Tower with Radar,8,7,6,0,21,0,0,4,2,6,8,7,10,2,27,0,0,0,27
12/25/2021,AGS,GA,ASO,ES,Combined TRACON& Tower with Radar,11,11,0,0,22,0,0,6,2,8,11,11,6,2,30,0,0,0,30
12/26/2021,AGS,GA,ASO,ES,Combined TRACON& Tower with Radar,11,10,13,0,34,0,0,1,3,4,11,10,14,3,38,0,0,0,38
12/27/2021,AGS,GA,ASO,ES,Combined TRACON& Tower with Radar,10,12,11,0,33,0,0,2,2,4,10,12,13,2,37,0,0,0,37
12/28/2021,AGS,GA,ASO,ES,Combined TRACON& Tower with Radar,10,13,14,0,37,0,0,5,0,5,10,13,19,0,42,22,0,22,64
12/29/2021,AGS,GA,ASO,ES,Combined TRACON& Tower with Radar,10,11,14,2,37,0,0,3,1,4,10,11,17,3,41,8,0,8,49
12/30/2021,AGS,GA,ASO,ES,Combined TRACON& Tower with Radar,12,17,8,0,37,0,0,0,0,0,12,17,8,0,37,0,0,0,37
12/31/2021,AGS,GA,ASO,ES,Combined TRACON& Tower with Radar,8,10,14,0,32,0,0,0,2,2,8,10,14,2,34,0,0,0,34
01/01/2022,AGS,GA,ASO,ES,Combined TRACON& Tower with Radar,10,12,8,0,30,0,0,3,4,7,10,12,11,4,37,8,0,8,45
01/02/2022,AGS,GA,ASO,ES,Combined TRACON& Tower with Radar,9,15,4,0,28,0,0,0,0,0,9,15,4,0,28,0,0,0,28
01/03/2022,AGS,GA,ASO,ES,Combined TRACON& Tower with Radar,8,19,19,0,46,0,0,5,2,7,8,19,24,2,53,0,0,0,53
01/04/2022,AGS,GA,ASO,ES,Combined TRACON& Tower with Radar,16,6,10,10,42,0,0,9,4,13,16,6,19,14,55,12,8,20,75
01/05/2022,AGS,GA,ASO,ES,Combined TRACON& Tower with Radar,15,23,18,17,73,0,0,4,0,4,15,23,22,17,77,2,29,31,108
01/06/2022,AGS,GA,ASO,ES,Combined TRACON& Tower with Radar,18,12,28,19,77,0,0,7,3,10,18,12,35,22,87,12,16,28,115
01/07/2022,AGS,GA,ASO,ES,Combined TRACON& Tower with Radar,16,18,23,14,71,0,0,11,5,16,16,18,34,19,87,2,6,8,95
01/08/2022,AGS,GA,ASO,ES,Combined TRACON& Tower with Radar,14,13,3,4,34,0,0,13,4,17,14,13,16,8,51,0,0,0,51
01/09/2022,AGS,GA,ASO,ES,Combined TRACON& Tower with Radar,15,15,18,4,52,0,0,2,1,3,15,15,20,5,55,0,0,0,55
01/10/2022,AGS,GA,ASO,ES,Combined TRACON& Tower with Radar,17,15,20,20,72,0,0,10,16,26,17,15,30,36,98,6,34,40,138
01/11/2022,AGS,GA,ASO,ES,Combined TRACON& Tower with Radar,18,17,23,8,66,0,4,16,0,20,18,21,39,8,86,28,0,28,114
01/12/2022,AGS,GA,ASO,ES,Combined TRACON& Tower with Radar,18,13,15,5,51,0,4,17,17,38,18,17,32,22,89,16,22,38,127
01/13/2022,AGS,GA,ASO,ES,Combined TRACON& Tower with Radar,18,12,25,21,76,0,0,18,6,24,18,12,43,27,100,38,28,66,166
01/14/2022,AGS,GA,ASO,ES,Combined TRACON& Tower with Radar,18,10,22,0,50,0,4,13,3,20,18,14,35,3,70,40,0,40,110
01/15/2022,AGS,GA,ASO,ES,Combined TRACON& Tower with Radar,16,8,15,0,39,0,0,13,2,15,16,8,28,2,54,24,0,24,78
01/16/2022,AGS,GA,ASO,ES,Combined TRACON& Tower with Radar,8,3,6,0,17,0,0,1,0,1,8,3,7,0,18,0,0,0,18
01/17/2022,AGS,GA,ASO,ES,Combined TRACON& Tower with Radar,16,8,9,0,33,0,1,3,0,4,16,9,12,0,37,0,0,0,37
01/18/2022,AGS,GA,ASO,ES,Combined TRACON& Tower with Radar,18,10,27,8,63,0,2,10,7,19,18,12,37,15,82,10,0,10,92
01/19/2022,AGS,GA,ASO,ES,Combined TRACON& Tower with Radar,18,10,40,48,116,0,8,26,4,38,18,18,66,52,154,46,28,74,228
01/20/2022,AGS,GA,ASO,ES,Combined TRACON& Tower with Radar,18,13,20,5,56,0,0,0,1,1,18,13,20,6,57,0,0,0,57
01/21/2022,AGS,GA,ASO,ES,Combined TRACON& Tower with Radar,17,13,12,7,49,0,0,0,0,0,17,13,12,7,49,0,0,0,49
01/22/2022,AGS,GA,ASO,ES,Combined TRACON& Tower with Radar,14,5,10,0,29,0,1,11,4,16,14,6,21,4,45,0,0,0,45
01/23/2022,AGS,GA,ASO,ES,Combined TRACON& Tower with Radar,18,8,12,0,38,0,0,12,2,14,18,8,24,2,52,2,0,2,54
01/24/2022,AGS,GA,ASO,ES,Combined TRACON& Tower with Radar,18,10,10,16,54,0,0,18,3,21,18,10,28,19,75,46,28,74,149
01/25/2022,AGS,GA,ASO,ES,Combined TRACON& Tower with Radar,18,13,21,21,73,0,1,8,9,18,18,14,29,30,91,18,18,36,127
01/26/2022,AGS,GA,ASO,ES,Combined TRACON& Tower with Radar,17,18,19,20,74,0,0,17,15,32,17,18,36,35,106,58,40,98,204
01/27/2022,AGS,GA,ASO,ES,Combined TRACON& Tower with Radar,18,13,34,6,71,0,3,12,0,15,18,16,46,6,86,20,0,20,106
01/28/2022,AGS,GA,ASO,ES,Combined TRACON& Tower with Radar,27,14,24,0,65,0,0,23,0,23,27,14,47,0,88,20,0,20,108
01/29/2022,AGS,GA,ASO,ES,Combined TRACON& Tower with Radar,16,7,6,0,29,0,0,8,2,10,16,7,14,2,39,2,0,2,41
01/30/2022,AGS,GA,ASO,ES,Combined TRACON& Tower with Radar,18,8,17,0,43,0,1,18,1,20,18,9,35,1,63,8,0,8,71
01/31/2022,AGS,GA,ASO,ES,Combined TRACON& Tower with Radar,19,7,20,37,83,0,5,20,11,36,19,12,40,48,119,10,62,72,191
02/01/2022,AGS,GA,ASO,ES,Combined TRACON& Tower with Radar,18,6,9,14,47,0,0,19,4,23,18,6,28,18,70,8,12,20,90
02/02/2022,AGS,GA,ASO,ES,Combined TRACON& Tower with Radar,19,14,20,32,85,0,1,9,6,16,19,15,29,38,101,8,18,26,127
02/03/2022,AGS,GA,ASO,ES,Combined TRACON& Tower with Radar,14,19,18,4,55,0,0,3,2,5,14,19,21,6,60,0,0,0,60
02/04/2022,AGS,GA,ASO,ES,Combined TRACON& Tower with Radar,14,16,22,0,52,0,0,0,0,0,14,16,22,0,52,0,0,0,52
02/05/2022,AGS,GA,ASO,ES,Combined TRACON& Tower with Radar,15,8,18,1,42,0,4,19,4,27,15,12,37,5,69,16,6,22,91
02/06/2022,AGS,GA,ASO,ES,Combined TRACON& Tower with Radar,18,10,11,4,43,0,2,7,2,11,18,12,18,6,54,0,8,8,62
02/07/2022,AGS,GA,ASO,ES,Combined TRACON& Tower with Radar,17,16,19,26,78,0,0,0,0,0,17,16,19,26,78,0,0,0,78
02/08/2022,AGS,GA,ASO,ES,Combined TRACON& Tower with Radar,18,10,25,2,55,0,0,6,7,13,18,10,31,9,68,18,0,18,86
02/09/2022,AGS,GA,ASO,ES,Combined TRACON& Tower with Radar,18,13,21,1,53,0,0,14,5,19,18,13,35,6,72,14,0,14,86
02/10/2022,AGS,GA,ASO,ES,Combined TRACON& Tower with Radar,18,18,23,10,69,0,2,8,9,19,18,20,31,19,88,14,16,30,118
02/11/2022,AGS,GA,ASO,ES,Combined TRACON& Tower with Radar,18,17,27,18,80,0,3,12,1,16,18,20,39,19,96,6,0,6,102
02/12/2022,AGS,GA,ASO,ES,Combined TRACON& Tower with Radar,15,9,6,0,30,0,0,15,2,17,15,9,21,2,47,18,0,18,65
02/13/2022,AGS,GA,ASO,ES,Combined TRACON& Tower with Radar,14,15,13,0,42,0,2,14,1,17,14,17,27,1,59,22,0,22,81
02/14/2022,AGS,GA,ASO,ES,Combined TRACON& Tower with Radar,18,14,24,7,63,0,8,18,3,29,18,22,42,10,92,22,6,28,120
02/15/2022,AGS,GA,ASO,ES,Combined TRACON& Tower with Radar,18,12,23,24,77,0,2,23,10,35,18,14,46,34,112,92,0,92,204
02/16/2022,AGS,GA,ASO,ES,Combined TRACON& Tower with Radar,18,25,37,24,104,0,2,9,11,22,18,27,46,35,126,18,4,22,148
02/17/2022,AGS,GA,ASO,ES,Combined TRACON& Tower with Radar,19,27,23,9,78,0,0,5,3,8,19,27,28,12,86,6,6,12,98
02/18/2022,AGS,GA,ASO,ES,Combined TRACON& Tower with Radar,18,15,15,7,55,0,0,4,3,7,18,15,19,10,62,18,4,22,84
02/19/2022,AGS,GA,ASO,ES,Combined TRACON& Tower with Radar,17,20,9,0,46,0,22,17,2,41,17,42,26,2,87,52,0,52,139
02/20/2022,AGS,GA,ASO,ES,Combined TRACON& Tower with Radar,17,15,15,0,47,0,14,9,2,25,17,29,24,2,72,10,0,10,82
02/21/2022,AGS,GA,ASO,ES,Combined TRACON& Tower with Radar,18,17,35,0,70,0,2,5,0,7,18,19,40,0,77,0,0,0,77
02/22/2022,AGS,GA,ASO,ES,Combined TRACON& Tower with Radar,18,18,32,8,76,0,2,6,8,16,18,20,38,16,92,6,0,6,98
02/23/2022,AGS,GA,ASO,ES,Combined TRACON& Tower with Radar,17,21,34,44,116,0,7,3,14,24,17,28,37,58,140,48,56,104,244
02/24/2022,AGS,GA,ASO,ES,Combined TRACON& Tower with Radar,18,27,28,24,97,0,1,11,12,24,18,28,39,36,121,0,36,36,157
02/25/2022,AGS,GA,ASO,ES,Combined TRACON& Tower with Radar,18,29,20,5,72,0,1,7,0,8,18,30,27,5,80,6,0,6,86
02/26/2022,AGS,GA,ASO,ES,Combined TRACON& Tower with Radar,15,15,14,0,44,0,0,17,5,22,15,15,31,5,66,18,0,18,84
02/27/2022,AGS,GA,ASO,ES,Combined TRACON& Tower with Radar,17,28,17,4,66,0,0,0,0,0,17,28,17,4,66,0,0,0,66
02/28/2022,AGS,GA,ASO,ES,Combined TRACON& Tower with Radar,18,16,33,10,77,0,4,18,6,28,18,20,51,16,105,12,24,36,141
03/01/2022,AGS,GA,ASO,ES,Combined TRACON& Tower with Radar,18,22,17,8,65,0,7,12,2,21,18,29,29,10,86,68,0,68,154
03/02/2022,AGS,GA,ASO,ES,Combined TRACON& Tower with Radar,18,17,32,6,73,0,4,24,4,32,18,21,56,10,105,38,0,38,143
03/03/2022,AGS,GA,ASO,ES,Combined TRACON& Tower with Radar,17,16,26,0,59,0,6,19,8,33,17,22,45,8,92,6,0,6,98
03/04/2022,AGS,GA,ASO,ES,Combined TRACON& Tower with Radar,17,20,23,14,74,0,2,19,7,28,17,22,42,21,102,0,0,0,102
03/05/2022,AGS,GA,ASO,ES,Combined TRACON& Tower with Radar,15,24,20,0,59,0,1,3,2,6,15,25,23,2,65,0,0,0,65
03/06/2022,AGS,GA,ASO,ES,Combined TRACON& Tower with Radar,18,11,15,0,44,0,6,10,0,16,18,17,25,0,60,10,0,10,70
03/07/2022,AGS,GA,ASO,ES,Combined TRACON& Tower with Radar,16,14,19,1,50,0,4,1,3,8,16,18,20,4,58,10,0,10,68
03/08/2022,AGS,GA,ASO,ES,Combined TRACON& Tower with Radar,18,19,38,8,83,0,0,7,2,9,18,19,45,10,92,26,4,30,122
03/09/2022,AGS,GA,ASO,ES,Combined TRACON& Tower with Radar,18,22,21,0,61,0,0,0,2,2,18,22,21,2,63,0,0,0,63
03/10/2022,AGS,GA,ASO,ES,Combined TRACON& Tower with Radar,16,25,20,4,65,0,0,0,0,0,16,25,20,4,65,0,0,0,65
03/11/2022,AGS,GA,ASO,ES,Combined TRACON& Tower with Radar,18,23,36,9,86,0,0,0,0,0,18,23,36,9,86,0,0,0,86
03/12/2022,AGS,GA,ASO,ES,Combined TRACON& Tower with Radar,15,10,7,1,33,0,0,3,4,7,15,10,10,5,40,0,0,0,40
03/13/2022,AGS,GA,ASO,ES,Combined TRACON& Tower with Radar,16,13,14,0,43,0,1,20,5,26,16,14,34,5,69,18,0,18,87
03/14/2022,AGS,GA,ASO,ES,Combined TRACON& Tower with Radar,16,15,21,12,64,0,6,23,2,31,16,21,44,14,95,28,0,28,123
03/15/2022,AGS,GA,ASO,ES,Combined TRACON& Tower with Radar,18,19,38,5,80,0,2,14,7,23,18,21,52,12,103,18,0,18,121
03/16/2022,AGS,GA,ASO,ES,Combined TRACON& Tower with Radar,18,27,42,1,88,0,0,2,1,3,18,27,44,2,91,0,0,0,91
03/17/2022,AGS,GA,ASO,ES,Combined TRACON& Tower with Radar,19,37,53,2,111,0,3,12,3,18,19,40,65,5,129,6,0,6,135
03/18/2022,AGS,GA,ASO,ES,Combined TRACON& Tower with Radar,17,28,40,13,98,0,0,4,4,8,17,28,44,17,106,10,14,24,130
03/19/2022,AGS,GA,ASO,ES,Combined TRACON& Tower with Radar,15,33,26,2,76,0,0,4,3,7,15,33,30,5,83,0,0,0,83
03/20/2022,AGS,GA,ASO,ES,Combined TRACON& Tower with Radar,19,22,23,0,64,0,16,17,2,35,19,38,40,2,99,2,0,2,101
03/21/2022,AGS,GA,ASO,ES,Combined TRACON& Tower with Radar,13,27,14,13,67,0,6,10,9,25,13,33,24,22,92,16,4,20,112
03/22/2022,AGS,GA,ASO,ES,Combined TRACON& Tower with Radar,21,17,29,29,96,0,1,7,22,30,21,18,36,51,126,28,40,68,194
03/23/2022,AGS,GA,ASO,ES,Combined TRACON& Tower with Radar,17,15,26,2,60,0,0,1,4,5,17,15,27,6,65,0,6,6,71
03/24/2022,AGS,GA,ASO,ES,Combined TRACON& Tower with Radar,16,24,22,15,77,0,3,16,4,23,16,27,38,19,100,40,12,52,152
03/25/2022,AGS,GA,ASO,ES,Combined TRACON& Tower with Radar,17,25,27,8,77,0,0,6,4,10,17,25,33,12,87,14,0,14,101
03/26/2022,AGS,GA,ASO,ES,Combined TRACON& Tower with Radar,22,34,15,0,71,0,0,10,9,19,22,34,25,9,90,4,0,4,94
03/27/2022,AGS,GA,ASO,ES,Combined TRACON& Tower with Radar,16,27,18,0,61,0,4,8,7,19,16,31,26,7,80,10,0,10,90
03/28/2022,AGS,GA,ASO,ES,Combined TRACON& Tower with Radar,16,17,16,8,57,0,3,11,5,19,16,20,27,13,76,22,8,30,106
03/29/2022,AGS,GA,ASO,ES,Combined TRACON& Tower with Radar,18,29,25,13,85,0,3,26,6,35,18,32,51,19,120,34,0,34,154
03/30/2022,AGS,GA,ASO,ES,Combined TRACON& Tower with Radar,19,23,27,12,81,0,2,5,4,11,19,25,32,16,92,0,10,10,102
03/31/2022,AGS,GA,ASO,ES,Combined TRACON& Tower with Radar,17,23,21,1,62,0,1,1,0,2,17,24,22,1,64,0,0,0,64
04/01/2022,AGS,GA,ASO,ES,Combined TRACON& Tower with Radar,17,18,44,15,94,0,0,10,5,15,17,18,54,20,109,0,4,4,113
04/02/2022,AGS,GA,ASO,ES,Combined TRACON& Tower with Radar,17,34,34,0,85,0,2,13,1,16,17,36,47,1,101,0,0,0,101
04/03/2022,AGS,GA,ASO,ES,Combined TRACON& Tower with Radar,18,91,64,0,173,0,0,11,1,12,18,91,75,1,185,0,0,0,185
04/04/2022,AGS,GA,ASO,ES,Combined TRACON& Tower with Radar,18,124,103,0,245,0,2,5,0,7,18,126,108,0,252,0,0,0,252
04/05/2022,AGS,GA,ASO,ES,Combined TRACON& Tower with Radar,41,101,172,0,314,0,0,1,0,1,41,101,173,0,315,0,0,0,315
04/06/2022,AGS,GA,ASO,ES,Combined TRACON& Tower with Radar,46,195,287,0,528,0,0,2,0,2,46,195,289,0,530,0,0,0,530
04/07/2022,AGS,GA,ASO,ES,Combined TRACON& Tower with Radar,49,228,275,0,552,0,1,5,2,8,49,229,280,2,560,0,0,0,560
04/08/2022,AGS,GA,ASO,ES,Combined TRACON& Tower with Radar,65,273,284,1,623,0,0,11,0,11,65,273,295,1,634,0,0,0,634
04/09/2022,AGS,GA,ASO,ES,Combined TRACON& Tower with Radar,39,216,176,0,431,0,0,5,1,6,39,216,181,1,437,0,0,0,437
04/10/2022,AGS,GA,ASO,ES,Combined TRACON& Tower with Radar,55,210,247,0,512,0,1,1,0,2,55,211,248,0,514,0,0,0,514
04/11/2022,AGS,GA,ASO,ES,Combined TRACON& Tower with Radar,58,133,136,0,327,0,0,7,0,7,58,133,143,0,334,0,0,0,334
04/12/2022,AGS,GA,ASO,ES,Combined TRACON& Tower with Radar,19,16,14,12,61,0,1,12,4,17,19,17,26,16,78,16,0,16,94
04/13/2022,AGS,GA,ASO,ES,Combined TRACON& Tower with Radar,20,15,19,8,62,0,12,9,8,29,20,27,28,16,91,25,6,31,122
04/14/2022,AGS,GA,ASO,ES,Combined TRACON& Tower with Radar,22,6,25,13,66,0,2,4,2,8,22,8,29,15,74,42,18,60,134
04/15/2022,AGS,GA,ASO,ES,Combined TRACON& Tower with Radar,20,5,7,0,32,0,2,14,0,16,20,7,21,0,48,44,0,44,92
04/16/2022,AGS,GA,ASO,ES,Combined TRACON& Tower with Radar,18,4,1,0,23,0,0,2,1,3,18,4,3,1,26,0,0,0,26
04/17/2022,AGS,GA,ASO,ES,Combined TRACON& Tower with Radar,21,9,4,0,34,0,0,1,0,1,21,9,5,0,35,8,0,8,43
04/18/2022,AGS,GA,ASO,ES,Combined TRACON& Tower with Radar,20,8,24,3,55,0,0,4,0,4,20,8,28,3,59,23,0,23,82
04/19/2022,AGS,GA,ASO,ES,Combined TRACON& Tower with Radar,20,14,29,6,69,0,4,15,1,20,20,18,44,7,89,51,7,58,147
04/20/2022,AGS,GA,ASO,ES,Combined TRACON& Tower with Radar,24,21,42,9,96,0,5,9,6,20,24,26,51,15,116,32,0,32,148
04/21/2022,AGS,GA,ASO,ES,Combined TRACON& Tower with Radar,21,14,47,34,116,0,2,14,6,22,21,16,61,40,138,48,27,75,213
04/22/2022,AGS,GA,ASO,ES,Combined TRACON& Tower with Radar,22,11,28,1,62,0,2,18,8,28,22,13,46,9,90,28,0,28,118
04/23/2022,AGS,GA,ASO,ES,Combined TRACON& Tower with Radar,22,14,9,0,45,0,4,14,2,20,22,18,23,2,65,32,0,32,97
04/24/2022,AGS,GA,ASO,ES,Combined TRACON& Tower with Radar,22,13,17,5,57,0,2,9,8,19,22,15,26,13,76,20,18,38,114
04/25/2022,AGS,GA,ASO,ES,Combined TRACON& Tower with Radar,22,10,25,3,60,0,0,12,1,13,22,10,37,4,73,22,0,22,95
04/26/2022,AGS,GA,ASO,ES,Combined TRACON& Tower with Radar,20,15,21,9,65,0,0,10,2,12,20,15,31,11,77,20,8,28,105
04/27/2022,AGS,GA,ASO,ES,Combined TRACON& Tower with Radar,25,18,22,12,77,0,1,20,7,28,25,19,42,19,105,32,0,32,137
04/28/2022,AGS,GA,ASO,ES,Combined TRACON& Tower with Radar,20,20,35,19,94,0,2,16,3,21,20,22,51,22,115,24,16,40,155
04/29/2022,AGS,GA,ASO,ES,Combined TRACON& Tower with Radar,22,24,23,0,69,0,0,17,3,20,22,24,40,3,89,30,0,30,119
04/30/2022,AGS,GA,ASO,ES,Combined TRACON& Tower with Radar,19,11,17,0,47,0,3,10,3,16,19,14,27,3,63,10,0,10,73
05/01/2022,AGS,GA,ASO,ES,Combined TRACON& Tower with Radar,22,2,23,2,49,0,0,12,2,14,22,2,35,4,63,2,0,2,65
05/02/2022,AGS,GA,ASO,ES,Combined TRACON& Tower with Radar,22,11,29,20,82,0,1,19,4,24,22,12,48,24,106,16,12,28,134
05/03/2022,AGS,GA,ASO,ES,Combined TRACON& Tower with Radar,22,14,29,12,77,0,0,4,3,7,22,14,33,15,84,6,0,6,90
05/04/2022,AGS,GA,ASO,ES,Combined TRACON& Tower with Radar,22,19,31,4,76,0,0,9,3,12,22,19,40,7,88,24,2,26,114
05/05/2022,AGS,GA,ASO,ES,Combined TRACON& Tower with Radar,16,18,43,35,112,0,0,14,3,17,16,18,57,38,129,20,0,20,149
05/06/2022,AGS,GA,ASO,ES,Combined TRACON& Tower with Radar,15,15,19,26,75,0,0,5,0,5,15,15,24,26,80,0,0,0,80
05/07/2022,AGS,GA,ASO,ES,Combined TRACON& Tower with Radar,18,16,17,0,51,0,2,4,0,6,18,18,21,0,57,0,0,0,57
05/08/2022,AGS,GA,ASO,ES,Combined TRACON& Tower with Radar,18,10,12,0,40,0,1,1,3,5,18,11,13,3,45,16,0,16,61
05/09/2022,AGS,GA,ASO,ES,Combined TRACON& Tower with Radar,17,19,36,9,81,0,2,10,11,23,17,21,46,20,104,4,16,20,124
05/10/2022,AGS,GA,ASO,ES,Combined TRACON& Tower with Radar,22,30,35,3,90,0,4,13,3,20,22,34,48,6,110,56,10,66,176
05/11/2022,AGS,GA,ASO,ES,Combined TRACON& Tower with Radar,17,21,42,6,86,0,1,9,5,15,17,22,51,11,101,14,18,32,133
05/12/2022,AGS,GA,ASO,ES,Combined TRACON& Tower with Radar,18,33,53,4,108,0,2,14,7,23,18,35,67,11,131,10,34,44,175
05/13/2022,AGS,GA,ASO,ES,Combined TRACON& Tower with Radar,17,21,29,0,67,0,0,3,0,3,17,21,32,0,70,0,12,12,82
05/14/2022,AGS,GA,ASO,ES,Combined TRACON& Tower with Radar,18,16,19,3,56,0,0,8,2,10,18,16,27,5,66,18,10,28,94
05/15/2022,AGS,GA,ASO,ES,Combined TRACON& Tower with Radar,20,20,23,4,67,0,0,6,4,10,20,20,29,8,77,32,0,32,109
05/16/2022,AGS,GA,ASO,ES,Combined TRACON& Tower with Radar,18,18,18,11,65,0,2,2,1,5,18,20,20,12,70,0,0,0,70
05/17/2022,AGS,GA,ASO,ES,Combined TRACON& Tower with Radar,18,11,41,8,78,0,3,24,4,31,18,14,65,12,109,44,0,44,153
05/18/2022,AGS,GA,ASO,ES,Combined TRACON& Tower with Radar,19,19,34,29,101,0,4,19,10,33,19,23,53,39,134,38,28,66,200
05/19/2022,AGS,GA,ASO,ES,Combined TRACON& Tower with Radar,16,26,36,16,94,0,6,12,1,19,16,32,48,17,113,0,10,10,123
05/20/2022,AGS,GA,ASO,ES,Combined TRACON& Tower with Radar,18,26,31,27,102,0,1,15,1,17,18,27,46,28,119,0,6,6,125
05/21/2022,AGS,GA,ASO,ES,Combined TRACON& Tower with Radar,19,19,15,1,54,0,0,9,0,9,19,19,24,1,63,12,0,12,75
05/22/2022,AGS,GA,ASO,ES,Combined TRACON& Tower with Radar,17,33,11,3,64,0,2,9,0,11,17,35,20,3,75,2,0,2,77
05/23/2022,AGS,GA,ASO,ES,Combined TRACON& Tower with Radar,20,12,15,15,62,0,0,3,1,4,20,12,18,16,66,0,6,6,72
05/24/2022,AGS,GA,ASO,ES,Combined TRACON& Tower with Radar,18,7,26,6,57,0,0,15,0,15,18,7,41,6,72,6,0,6,78
05/25/2022,AGS,GA,ASO,ES,Combined TRACON& Tower with Radar,21,19,19,28,87,0,2,9,31,42,21,21,28,59,129,18,56,74,203
05/26/2022,AGS,GA,ASO,ES,Combined TRACON& Tower with Radar,18,10,21,2,51,0,0,5,9,14,18,10,26,11,65,0,6,6,71
05/27/2022,AGS,GA,ASO,ES,Combined TRACON& Tower with Radar,18,12,7,0,37,0,4,25,11,40,18,16,32,11,77,26,0,26,103
05/28/2022,AGS,GA,ASO,ES,Combined TRACON& Tower with Radar,16,2,19,0,37,0,0,42,20,62,16,2,61,20,99,36,0,36,135
05/29/2022,AGS,GA,ASO,ES,Combined TRACON& Tower with Radar,16,6,5,0,27,0,4,16,0,20,16,10,21,0,47,28,0,28,75
05/30/2022,AGS,GA,ASO,ES,Combined TRACON& Tower with Radar,21,5,12,0,38,0,0,10,0,10,21,5,22,0,48,14,2,16,64
05/31/2022,AGS,GA,ASO,ES,Combined TRACON& Tower with Radar,18,5,17,7,47,0,5,9,0,14,18,10,26,7,61,116,0,116,177
06/01/2022,AGS,GA,ASO,ES,Combined TRACON& Tower with Radar,18,13,17,5,53,0,1,19,3,23,18,14,36,8,76,76,6,82,158
06/02/2022,AGS,GA,ASO,ES,Combined TRACON& Tower with Radar,18,6,14,19,57,0,2,14,7,23,18,8,28,26,80,16,18,34,114
06/03/2022,AGS,GA,ASO,ES,Combined TRACON& Tower with Radar,18,5,13,19,55,0,2,20,0,22,18,7,33,19,77,14,4,18,95
06/04/2022,AGS,GA,ASO,ES,Combined TRACON& Tower with Radar,14,6,7,9,36,1,0,10,0,11,15,6,17,9,47,22,0,22,69
06/05/2022,AGS,GA,ASO,ES,Combined TRACON& Tower with Radar,21,7,12,2,42,0,15,4,1,20,21,22,16,3,62,0,0,0,62
06/06/2022,AGS,GA,ASO,ES,Combined TRACON& Tower with Radar,26,11,19,15,71,0,0,21,4,25,26,11,40,19,96,30,10,40,136
06/07/2022,AGS,GA,ASO,ES,Combined TRACON& Tower with Radar,19,10,36,11,76,0,0,4,3,7,19,10,40,14,83,0,14,14,97
06/08/2022,AGS,GA,ASO,ES,Combined TRACON& Tower with Radar,20,7,15,4,46,0,3,14,2,19,20,10,29,6,65,32,0,32,97
06/09/2022,AGS,GA,ASO,ES,Combined TRACON& Tower with Radar,21,4,24,22,71,0,0,10,1,11,21,4,34,23,82,14,0,14,96
06/10/2022,AGS,GA,ASO,ES,Combined TRACON& Tower with Radar,22,5,26,6,59,0,1,12,2,15,22,6,38,8,74,12,0,12,86
06/11/2022,AGS,GA,ASO,ES,Combined TRACON& Tower with Radar,13,6,12,1,32,0,4,9,0,13,13,10,21,1,45,0,0,0,45
06/12/2022,AGS,GA,ASO,ES,Combined TRACON& Tower with Radar,21,3,16,1,41,0,8,6,2,16,21,11,22,3,57,6,12,18,75
06/13/2022,AGS,GA,ASO,ES,Combined TRACON& Tower with Radar,23,6,16,14,59,0,3,5,0,8,23,9,21,14,67,18,0,18,85
06/14/2022,AGS,GA,ASO,ES,Combined TRACON& Tower with Radar,18,4,24,4,50,0,1,9,1,11,18,5,33,5,61,6,0,6,67
06/15/2022,AGS,GA,ASO,ES,Combined TRACON& Tower with Radar,21,7,14,4,46,0,2,17,2,21,21,9,31,6,67,10,14,24,91
06/16/2022,AGS,GA,ASO,ES,Combined TRACON& Tower with Radar,22,10,11,25,68,0,1,8,5,14,22,11,19,30,82,4,14,18,100
06/17/2022,AGS,GA,ASO,ES,Combined TRACON& Tower with Radar,18,1,12,12,43,0,0,13,1,14,18,1,25,13,57,4,6,10,67
06/18/2022,AGS,GA,ASO,ES,Combined TRACON& Tower with Radar,13,6,5,1,25,0,6,15,0,21,13,12,20,1,46,24,0,24,70
06/19/2022,AGS,GA,ASO,ES,Combined TRACON& Tower with Radar,19,8,3,0,30,0,10,10,0,20,19,18,13,0,50,0,0,0,50
06/20/2022,AGS,GA,ASO,ES,Combined TRACON& Tower with Radar,21,7,25,0,53,0,2,21,0,23,21,9,46,0,76,26,0,26,102
06/21/2022,AGS,GA,ASO,ES,Combined TRACON& Tower with Radar,19,5,15,10,49,0,0,11,3,14,19,5,26,13,63,0,44,44,107
06/22/2022,AGS,GA,ASO,ES,Combined TRACON& Tower with Radar,21,6,25,26,78,0,2,8,9,19,21,8,33,35,97,22,44,66,163
06/23/2022,AGS,GA,ASO,ES,Combined TRACON& Tower with Radar,19,6,20,22,67,0,4,7,4,15,19,10,27,26,82,14,24,38,120
06/24/2022,AGS,GA,ASO,ES,Combined TRACON& Tower with Radar,19,2,15,3,39,0,0,13,2,15,19,2,28,5,54,18,4,22,76
06/25/2022,AGS,GA,ASO,ES,Combined TRACON& Tower with Radar,13,7,12,2,34,0,0,13,0,13,13,7,25,2,47,0,0,0,47
06/26/2022,AGS,GA,ASO,ES,Combined TRACON& Tower with Radar,21,3,6,8,38,0,2,21,0,23,21,5,27,8,61,6,0,6,67
06/27/2022,AGS,GA,ASO,ES,Combined TRACON& Tower with Radar,19,6,16,15,56,0,1,7,2,10,19,7,23,17,66,0,16,16,82
06/28/2022,AGS,GA,ASO,ES,Combined TRACON& Tower with Radar,18,2,16,5,41,0,2,7,0,9,18,4,23,5,50,10,0,10,60
06/29/2022,AGS,GA,ASO,ES,Combined TRACON& Tower with Radar,21,9,33,6,69,0,0,9,0,9,21,9,42,6,78,0,0,0,78
06/30/2022,AGS,GA,ASO,ES,Combined TRACON& Tower with Radar,21,4,37,3,65,0,1,10,6,17,21,5,47,9,82,4,10,14,96
07/01/2022,AGS,GA,ASO,ES,Combined TRACON& Tower with Radar,24,4,3,0,31,0,0,0,0,0,24,4,3,0,31,0,0,0,31
07/02/2022,AGS,GA,ASO,ES,Combined TRACON& Tower with Radar,15,5,3,0,23,0,0,9,0,9,15,5,12,0,32,24,0,24,56
07/03/2022,AGS,GA,ASO,ES,Combined TRACON& Tower with Radar,16,0,5,2,23,0,0,11,0,11,16,0,16,2,34,0,0,0,34
07/04/2022,AGS,GA,ASO,ES,Combined TRACON& Tower with Radar,16,2,4,0,22,0,0,3,0,3,16,2,7,0,25,6,0,6,31
07/05/2022,AGS,GA,ASO,ES,Combined TRACON& Tower with Radar,20,6,14,1,41,0,4,7,0,11,20,10,21,1,52,104,0,104,156
07/06/2022,AGS,GA,ASO,ES,Combined TRACON& Tower with Radar,19,2,34,3,58,0,1,11,0,12,19,3,45,3,70,6,0,6,76
07/07/2022,AGS,GA,ASO,ES,Combined TRACON& Tower with Radar,20,6,11,9,46,0,0,6,2,8,20,6,17,11,54,10,2,12,66
07/08/2022,AGS,GA,ASO,ES,Combined TRACON& Tower with Radar,17,6,8,11,42,0,1,9,1,11,17,7,17,12,53,24,6,30,83
07/09/2022,AGS,GA,ASO,ES,Combined TRACON& Tower with Radar,14,6,5,6,31,0,0,6,1,7,14,6,11,7,38,8,0,8,46
07/10/2022,AGS,GA,ASO,ES,Combined TRACON& Tower with Radar,21,5,15,0,41,0,0,2,0,2,21,5,17,0,43,0,0,0,43
07/11/2022,AGS,GA,ASO,ES,Combined TRACON& Tower with Radar,21,7,8,3,39,0,2,10,1,13,21,9,18,4,52,66,0,66,118
07/12/2022,AGS,GA,ASO,ES,Combined TRACON& Tower with Radar,19,9,28,26,82,0,0,12,2,14,19,9,40,28,96,6,8,14,110
07/13/2022,AGS,GA,ASO,ES,Combined TRACON& Tower with Radar,20,4,11,20,55,0,0,7,0,7,20,4,18,20,62,0,8,8,70
07/14/2022,AGS,GA,ASO,ES,Combined TRACON& Tower with Radar,22,3,12,6,43,0,0,7,0,7,22,3,19,6,50,0,0,0,50
07/15/2022,AGS,GA,ASO,ES,Combined TRACON& Tower with Radar,21,6,16,4,47,0,0,16,2,18,21,6,32,6,65,28,0,28,93
07/16/2022,AGS,GA,ASO,ES,Combined TRACON& Tower with Radar,16,8,12,0,36,0,0,9,2,11,16,8,21,2,47,46,0,46,93
07/17/2022,AGS,GA,ASO,ES,Combined TRACON& Tower with Radar,24,8,12,1,45,0,8,10,3,21,24,16,22,4,66,22,0,22,88
07/18/2022,AGS,GA,ASO,ES,Combined TRACON& Tower with Radar,20,3,9,20,52,0,0,10,6,16,20,3,19,26,68,10,38,48,116
07/19/2022,AGS,GA,ASO,ES,Combined TRACON& Tower with Radar,28,10,12,12,62,0,0,7,1,8,28,10,19,13,70,10,0,10,80
07/20/2022,AGS,GA,ASO,ES,Combined TRACON& Tower with Radar,20,29,41,13,103,0,0,0,1,1,20,29,41,14,104,12,10,22,126
07/21/2022,AGS,GA,ASO,ES,Combined TRACON& Tower with Radar,18,26,29,15,88,0,1,5,2,8,18,27,34,17,96,0,0,0,96
07/22/2022,AGS,GA,ASO,ES,Combined TRACON& Tower with Radar,19,34,42,20,115,0,0,9,4,13,19,34,51,24,128,16,8,24,152
07/23/2022,AGS,GA,ASO,ES,Combined TRACON& Tower with Radar,23,37,22,0,82,0,2,5,0,7,23,39,27,0,89,0,0,0,89
07/24/2022,AGS,GA,ASO,ES,Combined TRACON& Tower with Radar,18,15,14,0,47,0,0,4,0,4,18,15,18,0,51,28,0,28,79
07/25/2022,AGS,GA,ASO,ES,Combined TRACON& Tower with Radar,24,8,20,14,66,0,0,4,2,6,24,8,24,16,72,6,6,12,84
07/26/2022,AGS,GA,ASO,ES,Combined TRACON& Tower with Radar,19,3,21,24,67,0,6,26,9,41,19,9,47,33,108,70,38,108,216
07/27/2022,AGS,GA,ASO,ES,Combined TRACON& Tower with Radar,21,6,14,23,64,0,0,19,3,22,21,6,33,26,86,34,31,65,151
07/28/2022,AGS,GA,ASO,ES,Combined TRACON& Tower with Radar,21,7,18,14,60,0,5,15,2,22,21,12,33,16,82,22,10,32,114
07/29/2022,AGS,GA,ASO,ES,Combined TRACON& Tower with Radar,22,6,25,13,66,0,2,16,6,24,22,8,41,19,90,16,16,32,122
07/30/2022,AGS,GA,ASO,ES,Combined TRACON& Tower with Radar,14,3,7,0,24,0,0,11,0,11,14,3,18,0,35,2,0,2,37
07/31/2022,AGS,GA,ASO,ES,Combined TRACON& Tower with Radar,21,7,14,5,47,0,1,8,2,11,21,8,22,7,58,10,0,10,68
08/01/2022,AGS,GA,ASO,ES,Combined TRACON& Tower with Radar,22,2,19,18,61,0,0,17,3,20,22,2,36,21,81,26,12,38,119
08/02/2022,AGS,GA,ASO,ES,Combined TRACON& Tower with Radar,19,0,14,0,33,0,1,16,8,25,19,1,30,8,58,6,0,6,64
08/03/2022,AGS,GA,ASO,ES,Combined TRACON& Tower with Radar,17,1,9,2,29,0,0,5,0,5,17,1,14,2,34,0,2,2,36
08/04/2022,AGS,GA,ASO,ES,Combined TRACON& Tower with Radar,24,1,13,5,43,0,0,8,3,11,24,1,21,8,54,10,28,38,92
08/05/2022,AGS,GA,ASO,ES,Combined TRACON& Tower with Radar,25,4,17,12,58,0,7,10,7,24,25,11,27,19,82,54,0,54,136
08/06/2022,AGS,GA,ASO,ES,Combined TRACON& Tower with Radar,14,7,6,0,27,0,0,4,0,4,14,7,10,0,31,0,0,0,31
08/07/2022,AGS,GA,ASO,ES,Combined TRACON& Tower with Radar,20,4,11,0,35,0,4,10,5,19,20,8,21,5,54,18,0,18,72
08/08/2022,AGS,GA,ASO,ES,Combined TRACON& Tower with Radar,21,9,7,7,44,0,0,4,2,6,21,9,11,9,50,0,10,10,60
08/09/2022,AGS,GA,ASO,ES,Combined TRACON& Tower with Radar,20,12,29,38,99,0,3,13,1,17,20,15,42,39,116,0,10,10,126
08/10/2022,AGS,GA,ASO,ES,Combined TRACON& Tower with Radar,18,5,10,22,55,0,1,10,8,19,18,6,20,30,74,8,40,48,122
08/11/2022,AGS,GA,ASO,ES,Combined TRACON& Tower with Radar,20,9,24,10,63,0,1,6,0,7,20,10,30,10,70,2,0,2,72
08/12/2022,AGS,GA,ASO,ES,Combined TRACON& Tower with Radar,21,4,16,4,45,0,0,4,2,6,21,4,20,6,51,0,0,0,51
08/13/2022,AGS,GA,ASO,ES,Combined TRACON& Tower with Radar,15,11,12,3,41,0,0,12,1,13,15,11,24,4,54,30,0,30,84
08/14/2022,AGS,GA,ASO,ES,Combined TRACON& Tower with Radar,19,9,27,4,59,0,6,18,0,24,19,15,45,4,83,42,0,42,125
08/15/2022,AGS,GA,ASO,ES,Combined TRACON& Tower with Radar,19,6,24,9,58,0,2,13,1,16,19,8,37,10,74,12,16,28,102
08/16/2022,AGS,GA,ASO,ES,Combined TRACON& Tower with Radar,15,11,27,25,78,0,2,6,3,11,15,13,33,28,89,12,14,26,115
08/17/2022,AGS,GA,ASO,ES,Combined TRACON& Tower with Radar,16,4,25,9,54,0,2,2,3,7,16,6,27,12,61,14,23,37,98
08/18/2022,AGS,GA,ASO,ES,Combined TRACON& Tower with Radar,18,6,14,19,57,0,0,13,4,17,18,6,27,23,74,10,24,34,108
08/19/2022,AGS,GA,ASO,ES,Combined TRACON& Tower with Radar,18,8,17,12,55,0,0,2,0,2,18,8,19,12,57,0,0,0,57
08/20/2022,AGS,GA,ASO,ES,Combined TRACON& Tower with Radar,16,9,15,5,45,0,1,11,0,12,16,10,26,5,57,36,0,36,93
08/21/2022,AGS,GA,ASO,ES,Combined TRACON& Tower with Radar,19,6,10,2,37,0,0,3,2,5,19,6,13,4,42,6,0,6,48
08/22/2022,AGS,GA,ASO,ES,Combined TRACON& Tower with Radar,19,4,16,17,56,0,2,1,0,3,19,6,17,17,59,0,0,0,59
08/23/2022,AGS,GA,ASO,ES,Combined TRACON& Tower with Radar,16,5,26,14,61,0,4,10,3,17,16,9,36,17,78,92,10,102,180
08/24/2022,AGS,GA,ASO,ES,Combined TRACON& Tower with Radar,17,8,17,31,73,0,0,9,8,17,17,8,26,39,90,0,16,16,106
08/25/2022,AGS,GA,ASO,ES,Combined TRACON& Tower with Radar,18,6,16,3,43,0,0,3,0,3,18,6,19,3,46,0,0,0,46
08/26/2022,AGS,GA,ASO,ES,Combined TRACON& Tower with Radar,18,7,15,10,50,0,0,9,0,9,18,7,24,10,59,8,0,8,67
08/27/2022,AGS,GA,ASO,ES,Combined TRACON& Tower with Radar,15,4,9,0,28,0,0,8,0,8,15,4,17,0,36,16,0,16,52
08/28/2022,AGS,GA,ASO,ES,Combined TRACON& Tower with Radar,18,9,8,0,35,0,0,10,0,10,18,9,18,0,45,22,0,22,67
08/29/2022,AGS,GA,ASO,ES,Combined TRACON& Tower with Radar,17,4,23,5,49,0,0,4,0,4,17,4,27,5,53,0,0,0,53
08/30/2022,AGS,GA,ASO,ES,Combined TRACON& Tower with Radar,22,10,16,16,64,0,4,5,2,11,22,14,21,18,75,20,0,20,95
08/31/2022,AGS,GA,ASO,ES,Combined TRACON& Tower with Radar,14,5,23,9,51,0,1,16,1,18,14,6,39,10,69,10,14,24,93
09/01/2022,AGS,GA,ASO,ES,Combined TRACON& Tower with Radar,17,6,22,16,61,0,0,8,0,8,17,6,30,16,69,44,0,44,113
09/02/2022,AGS,GA,ASO,ES,Combined TRACON& Tower with Radar,17,4,20,2,43,0,2,3,0,5,17,6,23,2,48,0,0,0,48
09/03/2022,AGS,GA,ASO,ES,Combined TRACON& Tower with Radar,16,5,3,2,26,0,0,7,0,7,16,5,10,2,33,24,0,24,57
09/04/2022,AGS,GA,ASO,ES,Combined TRACON& Tower with Radar,13,4,8,4,29,0,0,5,0,5,13,4,13,4,34,10,0,10,44
09/05/2022,AGS,GA,ASO,ES,Combined TRACON& Tower with Radar,18,8,9,0,35,0,1,6,0,7,18,9,15,0,42,16,0,16,58
09/06/2022,AGS,GA,ASO,ES,Combined TRACON& Tower with Radar,18,14,16,15,63,0,8,12,1,21,18,22,28,16,84,22,12,34,118
09/07/2022,AGS,GA,ASO,ES,Combined TRACON& Tower with Radar,21,16,18,9,64,0,0,16,3,19,21,16,34,12,83,6,6,12,95
09/08/2022,AGS,GA,ASO,ES,Combined TRACON& Tower with Radar,16,15,23,12,66,0,0,19,6,25,16,15,42,18,91,12,8,20,111
09/09/2022,AGS,GA,ASO,ES,Combined TRACON& Tower with Radar,16,17,18,5,56,0,0,7,4,11,16,17,25,9,67,36,6,42,109
09/10/2022,AGS,GA,ASO,ES,Combined TRACON& Tower with Radar,15,11,7,0,33,0,0,0,0,0,15,11,7,0,33,0,0,0,33
09/11/2022,AGS,GA,ASO,ES,Combined TRACON& Tower with Radar,16,12,23,3,54,0,3,4,0,7,16,15,27,3,61,20,0,20,81
09/12/2022,AGS,GA,ASO,ES,Combined TRACON& Tower with Radar,18,16,10,24,68,0,5,8,1,14,18,21,18,25,82,106,0,106,188
09/13/2022,AGS,GA,ASO,ES,Combined TRACON& Tower with Radar,18,8,19,8,53,0,3,18,11,32,18,11,37,19,85,18,28,46,131
09/14/2022,AGS,GA,ASO,ES,Combined TRACON& Tower with Radar,18,6,19,13,56,0,4,14,1,19,18,10,33,14,75,36,8,44,119
09/15/2022,AGS,GA,ASO,ES,Combined TRACON& Tower with Radar,18,10,12,20,60,0,4,17,7,28,18,14,29,27,88,22,24,46,134
09/16/2022,AGS,GA,ASO,ES,Combined TRACON& Tower with Radar,17,11,23,2,53,0,2,16,0,18,17,13,39,2,71,12,0,12,83
09/17/2022,AGS,GA,ASO,ES,Combined TRACON& Tower with Radar,21,5,9,0,35,0,0,11,2,13,21,5,20,2,48,0,0,0,48
09/18/2022,AGS,GA,ASO,ES,Combined TRACON& Tower with Radar,16,17,25,2,60,0,12,9,0,21,16,29,34,2,81,18,0,18,99
09/19/2022,AGS,GA,ASO,ES,Combined TRACON& Tower with Radar,16,10,14,8,48,0,1,16,1,18,16,11,30,9,66,20,12,32,98
09/20/2022,AGS,GA,ASO,ES,Combined TRACON& Tower with Radar,18,7,12,26,63,0,2,11,2,15,18,9,23,28,78,6,14,20,98
09/21/2022,AGS,GA,ASO,ES,Combined TRACON& Tower with Radar,19,14,11,10,54,0,1,13,2,16,19,15,24,12,70,28,0,28,98
09/22/2022,AGS,GA,ASO,ES,Combined TRACON& Tower with Radar,16,19,37,26,98,0,4,11,3,18,16,23,48,29,116,12,0,12,128
09/23/2022,AGS,GA,ASO,ES,Combined TRACON& Tower with Radar,16,17,22,15,70,0,0,24,2,26,16,17,46,17,96,60,38,98,194
09/24/2022,AGS,GA,ASO,ES,Combined TRACON& Tower with Radar,18,12,1,0,31,0,2,17,0,19,18,14,18,0,50,20,0,20,70
09/25/2022,AGS,GA,ASO,ES,Combined TRACON& Tower with Radar,16,15,18,1,50,0,1,16,0,17,16,16,34,1,67,30,0,30,97
09/26/2022,AGS,GA,ASO,ES,Combined TRACON& Tower with Radar,16,14,11,10,51,0,2,10,3,15,16,16,21,13,66,4,20,24,90
09/27/2022,AGS,GA,ASO,ES,Combined TRACON& Tower with Radar,18,21,14,8,61,0,1,10,1,12,18,22,24,9,73,10,20,30,103
09/28/2022,AGS,GA,ASO,ES,Combined TRACON& Tower with Radar,18,12,13,8,51,0,0,5,1,6,18,12,18,9,57,2,18,20,77
09/29/2022,AGS,GA,ASO,ES,Combined TRACON& Tower with Radar,16,18,9,0,43,0,0,0,0,0,16,18,9,0,43,0,0,0,43
09/30/2022,AGS,GA,ASO,ES,Combined TRACON& Tower with Radar,8,5,2,0,15,0,0,0,0,0,8,5,2,0,15,0,0,0,15
10/01/2022,AGS,GA,ASO,ES,Combined TRACON& Tower with Radar,15,4,6,0,25,0,0,15,0,15,15,4,21,0,40,14,0,14,54
10/02/2022,AGS,GA,ASO,ES,Combined TRACON& Tower with Radar,18,14,5,0,37,0,10,13,0,23,18,24,18,0,60,0,0,0,60
10/03/2022,AGS,GA,ASO,ES,Combined TRACON& Tower with Radar,16,12,7,16,51,0,4,5,0,9,16,16,12,16,60,8,0,8,68
10/04/2022,AGS,GA,ASO,ES,Combined TRACON& Tower with Radar,18,10,10,10,48,0,3,13,0,16,18,13,23,10,64,32,0,32,96
10/05/2022,AGS,GA,ASO,ES,Combined TRACON& Tower with Radar,19,11,24,29,83,0,2,21,3,26,19,13,45,32,109,48,40,88,197
10/06/2022,AGS,GA,ASO,ES,Combined TRACON& Tower with Radar,15,17,23,13,68,0,0,18,3,21,15,17,41,16,89,13,34,47,136
10/07/2022,AGS,GA,ASO,ES,Combined TRACON& Tower with Radar,14,15,22,12,63,0,2,18,1,21,14,17,40,13,84,18,18,36,120
10/08/2022,AGS,GA,ASO,ES,Combined TRACON& Tower with Radar,12,10,13,0,35,0,1,20,0,21,12,11,33,0,56,26,0,26,82
10/09/2022,AGS,GA,ASO,ES,Combined TRACON& Tower with Radar,14,21,8,0,43,0,2,13,0,15,14,23,21,0,58,6,0,6,64
10/10/2022,AGS,GA,ASO,ES,Combined TRACON& Tower with Radar,14,17,18,0,49,0,0,17,0,17,14,17,35,0,66,10,0,10,76
10/11/2022,AGS,GA,ASO,ES,Combined TRACON& Tower with Radar,12,20,23,9,64,0,0,16,1,17,12,20,39,10,81,18,8,26,107
10/12/2022,AGS,GA,ASO,ES,Combined TRACON& Tower with Radar,14,20,22,12,68,0,0,6,0,6,14,20,28,12,74,18,0,18,92
10/13/2022,AGS,GA,ASO,ES,Combined TRACON& Tower with Radar,14,14,28,13,69,0,0,5,0,5,14,14,33,13,74,0,0,0,74
10/14/2022,AGS,GA,ASO,ES,Combined TRACON& Tower with Radar,14,13,26,6,59,0,6,23,3,32,14,19,49,9,91,62,14,76,167
10/15/2022,AGS,GA,ASO,ES,Combined TRACON& Tower with Radar,12,14,12,0,38,0,8,13,1,22,12,22,25,1,60,28,0,28,88
10/16/2022,AGS,GA,ASO,ES,Combined TRACON& Tower with Radar,15,19,13,2,49,0,1,6,0,7,15,20,19,2,56,56,0,56,112
10/17/2022,AGS,GA,ASO,ES,Combined TRACON& Tower with Radar,14,17,23,20,74,0,4,8,1,13,14,21,31,21,87,2,18,20,107
10/18/2022,AGS,GA,ASO,ES,Combined TRACON& Tower with Radar,11,22,21,23,77,0,1,17,10,28,11,23,38,33,105,12,30,42,147
10/19/2022,AGS,GA,ASO,ES,Combined TRACON& Tower with Radar,12,28,34,26,100,0,5,27,4,36,12,33,61,30,136,11,34,45,181
10/20/2022,AGS,GA,ASO,ES,Combined TRACON& Tower with Radar,14,37,42,21,114,0,5,10,1,16,14,42,52,22,130,22,12,34,164
10/21/2022,AGS,GA,ASO,ES,Combined TRACON& Tower with Radar,14,37,26,6,83,0,3,9,2,14,14,40,35,8,97,14,30,44,141
10/22/2022,AGS,GA,ASO,ES,Combined TRACON& Tower with Radar,12,32,22,0,66,0,2,8,1,11,12,34,30,1,77,20,0,20,97
10/23/2022,AGS,GA,ASO,ES,Combined TRACON& Tower with Radar,14,16,18,0,48,0,15,15,1,31,14,31,33,1,79,48,0,48,127
10/24/2022,AGS,GA,ASO,ES,Combined TRACON& Tower with Radar,14,25,27,6,72,0,6,12,4,22,14,31,39,10,94,24,8,32,126
10/25/2022,AGS,GA,ASO,ES,Combined TRACON& Tower with Radar,11,23,34,28,96,0,0,25,0,25,11,23,59,28,121,18,10,28,149
10/26/2022,AGS,GA,ASO,ES,Combined TRACON& Tower with Radar,12,24,51,22,109,0,0,18,5,23,12,24,69,27,132,10,26,36,168
10/27/2022,AGS,GA,ASO,ES,Combined TRACON& Tower with Radar,14,20,21,4,59,0,4,21,8,33,14,24,42,12,92,8,0,8,100
10/28/2022,AGS,GA,ASO,ES,Combined TRACON& Tower with Radar,14,30,30,6,80,0,2,18,0,20,14,32,48,6,100,0,0,0,100
10/29/2022,AGS,GA,ASO,ES,Combined TRACON& Tower with Radar,12,24,18,0,54,0,2,9,0,11,12,26,27,0,65,6,0,6,71
10/30/2022,AGS,GA,ASO,ES,Combined TRACON& Tower with Radar,12,28,22,1,63,0,0,1,0,1,12,28,23,1,64,0,0,0,64
10/31/2022,AGS,GA,ASO,ES,Combined TRACON& Tower with Radar,12,15,16,7,50,0,0,5,1,6,12,15,21,8,56,0,46,46,102
11/01/2022,AGS,GA,ASO,ES,Combined TRACON& Tower with Radar,12,30,23,19,84,0,1,16,5,22,12,31,39,24,106,10,42,52,158
11/02/2022,AGS,GA,ASO,ES,Combined TRACON& Tower with Radar,12,25,24,5,66,0,4,20,6,30,12,29,44,11,96,54,22,76,172
11/03/2022,AGS,GA,ASO,ES,Combined TRACON& Tower with Radar,17,30,25,17,89,0,4,16,8,28,17,34,41,25,117,16,57,73,190
11/04/2022,AGS,GA,ASO,ES,Combined TRACON& Tower with Radar,18,9,26,9,62,0,0,11,0,11,18,9,37,9,73,20,10,30,103
11/05/2022,AGS,GA,ASO,ES,Combined TRACON& Tower with Radar,18,6,13,0,37,0,0,1,0,1,18,6,14,0,38,0,0,0,38
11/06/2022,AGS,GA,ASO,ES,Combined TRACON& Tower with Radar,18,14,16,4,52,0,0,1,0,1,18,14,17,4,53,0,0,0,53
11/07/2022,AGS,GA,ASO,ES,Combined TRACON& Tower with Radar,17,13,26,9,65,0,1,11,7,19,17,14,37,16,84,2,76,78,162
11/08/2022,AGS,GA,ASO,ES,Combined TRACON& Tower with Radar,16,18,23,6,63,0,4,13,4,21,16,22,36,10,84,0,54,54,138
11/09/2022,AGS,GA,ASO,ES,Combined TRACON& Tower with Radar,15,22,25,9,71,0,0,9,11,20,15,22,34,20,91,22,50,72,163
11/10/2022,AGS,GA,ASO,ES,Combined TRACON& Tower with Radar,18,32,34,8,92,0,0,2,1,3,18,32,36,9,95,0,0,0,95
11/11/2022,AGS,GA,ASO,ES,Combined TRACON& Tower with Radar,16,23,31,0,70,0,0,0,0,0,16,23,31,0,70,0,0,0,70
11/12/2022,AGS,GA,ASO,ES,Combined TRACON& Tower with Radar,17,23,30,5,75,0,0,17,0,17,17,23,47,5,92,24,0,24,116
11/13/2022,AGS,GA,ASO,ES,Combined TRACON& Tower with Radar,19,11,17,1,48,0,0,21,0,21,19,11,38,1,69,30,0,30,99
11/14/2022,AGS,GA,ASO,ES,Combined TRACON& Tower with Radar,17,25,24,31,97,0,3,22,0,25,17,28,46,31,122,14,0,14,136
11/15/2022,AGS,GA,ASO,ES,Combined TRACON& Tower with Radar,20,25,22,36,103,0,0,0,1,1,20,25,22,37,104,0,0,0,104
11/16/2022,AGS,GA,ASO,ES,Combined TRACON& Tower with Radar,17,15,33,6,71,0,1,5,4,10,17,16,38,10,81,56,16,72,153
11/17/2022,AGS,GA,ASO,ES,Combined TRACON& Tower with Radar,18,25,33,18,94,0,15,20,2,37,18,40,53,20,131,58,106,164,295
11/18/2022,AGS,GA,ASO,ES,Combined TRACON& Tower with Radar,19,21,26,6,72,0,4,24,9,37,19,25,50,15,109,60,52,112,221
11/19/2022,AGS,GA,ASO,ES,Combined TRACON& Tower with Radar,17,10,12,1,40,0,3,26,0,29,17,13,38,1,69,24,0,24,93
11/20/2022,AGS,GA,ASO,ES,Combined TRACON& Tower with Radar,20,10,12,0,42,0,8,16,4,28,20,18,28,4,70,26,0,26,96
11/21/2022,AGS,GA,ASO,ES,Combined TRACON& Tower with Radar,17,17,30,2,66,0,2,13,6,21,17,19,43,8,87,6,36,42,129
11/22/2022,AGS,GA,ASO,ES,Combined TRACON& Tower with Radar,16,15,23,11,65,0,1,14,3,18,16,16,37,14,83,32,22,54,137
11/23/2022,AGS,GA,ASO,ES,Combined TRACON& Tower with Radar,20,16,26,6,68,0,0,19,3,22,20,16,45,9,90,36,4,40,130
11/24/2022,AGS,GA,ASO,ES,Combined TRACON& Tower with Radar,12,7,4,0,23,0,0,3,0,3,12,7,7,0,26,0,0,0,26
11/25/2022,AGS,GA,ASO,ES,Combined TRACON& Tower with Radar,17,18,10,0,45,0,0,0,0,0,17,18,10,0,45,0,0,0,45
11/26/2022,AGS,GA,ASO,ES,Combined TRACON& Tower with Radar,22,21,14,0,57,0,3,17,0,20,22,24,31,0,77,16,0,16,93
11/27/2022,AGS,GA,ASO,ES,Combined TRACON& Tower with Radar,21,14,12,1,48,0,1,6,1,8,21,15,18,2,56,0,0,0,56
11/28/2022,AGS,GA,ASO,ES,Combined TRACON& Tower with Radar,19,10,21,29,79,0,0,14,1,15,19,10,35,30,94,2,24,26,120
11/29/2022,AGS,GA,ASO,ES,Combined TRACON& Tower with Radar,16,24,28,18,86,0,3,15,3,21,16,27,43,21,107,52,40,92,199
11/30/2022,AGS,GA,ASO,ES,Combined TRACON& Tower with Radar,15,14,24,6,59,0,0,9,3,12,15,14,33,9,71,20,10,30,101
12/01/2022,AGS,GA,ASO,ES,Combined TRACON& Tower with Radar,17,20,36,17,90,0,0,5,11,16,17,20,41,28,106,18,64,82,188
12/02/2022,AGS,GA,ASO,ES,Combined TRACON& Tower with Radar,17,19,23,4,63,0,0,9,2,11,17,19,32,6,74,16,2,18,92
12/03/2022,AGS,GA,ASO,ES,Combined TRACON& Tower with Radar,15,15,18,0,48,0,0,6,4,10,15,15,24,4,58,6,0,6,64
12/04/2022,AGS,GA,ASO,ES,Combined TRACON& Tower with Radar,17,11,15,0,43,0,0,15,0,15,17,11,30,0,58,34,0,34,92
12/05/2022,AGS,GA,ASO,ES,Combined TRACON& Tower with Radar,17,8,21,4,50,0,0,0,2,2,17,8,21,6,52,14,0,14,66
12/06/2022,AGS,GA,ASO,ES,Combined TRACON& Tower with Radar,14,26,33,6,79,0,0,0,0,0,14,26,33,6,79,0,0,0,79
12/07/2022,AGS,GA,ASO,ES,Combined TRACON& Tower with Radar,14,10,16,14,54,0,0,10,2,12,14,10,26,16,66,4,40,44,110
12/08/2022,AGS,GA,ASO,ES,Combined TRACON& Tower with Radar,17,10,32,16,75,0,0,13,0,13,17,10,45,16,88,8,14,22,110
12/09/2022,AGS,GA,ASO,ES,Combined TRACON& Tower with Radar,17,18,28,8,71,0,0,0,0,0,17,18,28,8,71,0,0,0,71
12/10/2022,AGS,GA,ASO,ES,Combined TRACON& Tower with Radar,14,14,21,0,49,0,0,6,0,6,14,14,27,0,55,12,0,12,67
12/11/2022,AGS,GA,ASO,ES,Combined TRACON& Tower with Radar,16,10,24,0,50,0,0,3,0,3,16,10,27,0,53,0,0,0,53
12/12/2022,AGS,GA,ASO,ES,Combined TRACON& Tower with Radar,14,11,23,14,62,0,1,4,4,9,14,12,27,18,71,12,50,62,133
12/13/2022,AGS,GA,ASO,ES,Combined TRACON& Tower with Radar,14,10,22,11,57,0,0,26,3,29,14,10,48,14,86,26,38,64,150
12/14/2022,AGS,GA,ASO,ES,Combined TRACON& Tower with Radar,14,12,28,21,75,0,0,3,1,4,14,12,31,22,79,0,10,10,89
12/15/2022,AGS,GA,ASO,ES,Combined TRACON& Tower with Radar,15,16,19,6,56,0,0,4,11,15,15,16,23,17,71,8,12,20,91
12/16/2022,AGS,GA,ASO,ES,Combined TRACON& Tower with Radar,16,16,25,21,78,0,0,22,1,23,16,16,47,22,101,14,26,40,141
12/17/2022,AGS,GA,ASO,ES,Combined TRACON& Tower with Radar,14,7,12,0,33,0,1,17,3,21,14,8,29,3,54,32,0,32,86
12/18/2022,AGS,GA,ASO,ES,Combined TRACON& Tower with Radar,17,13,9,1,40,0,3,19,0,22,17,16,28,1,62,28,0,28,90
12/19/2022,AGS,GA,ASO,ES,Combined TRACON& Tower with Radar,15,12,8,16,51,0,1,13,6,20,15,13,21,22,71,30,34,64,135
12/20/2022,AGS,GA,ASO,ES,Combined TRACON& Tower with Radar,14,10,17,22,63,0,0,5,0,5,14,10,22,22,68,0,2,2,70
12/21/2022,AGS,GA,ASO,ES,Combined TRACON& Tower with Radar,14,11,17,0,42,0,0,2,0,2,14,11,19,0,44,22,0,22,66
12/22/2022,AGS,GA,ASO,ES,Combined TRACON& Tower with Radar,16,7,7,5,35,0,0,0,0,0,16,7,7,5,35,0,0,0,35
12/23/2022,AGS,GA,ASO,ES,Combined TRACON& Tower with Radar,14,1,3,0,18,0,1,10,0,11,14,2,13,0,29,0,0,0,29
12/24/2022,AGS,GA,ASO,ES,Combined TRACON& Tower with Radar,16,6,4,0,26,0,0,2,0,2,16,6,6,0,28,0,0,0,28
12/25/2022,AGS,GA,ASO,ES,Combined TRACON& Tower with Radar,17,5,0,0,22,0,0,0,0,0,17,5,0,0,22,0,0,0,22
12/26/2022,AGS,GA,ASO,ES,Combined TRACON& Tower with Radar,16,5,14,0,35,0,0,11,0,11,16,5,25,0,46,6,0,6,52
12/27/2022,AGS,GA,ASO,ES,Combined TRACON& Tower with Radar,15,4,13,7,39,0,1,10,2,13,15,5,23,9,52,6,10,16,68
12/28/2022,AGS,GA,ASO,ES,Combined TRACON& Tower with Radar,16,10,4,18,48,0,0,12,0,12,16,10,16,18,60,52,12,64,124
12/29/2022,AGS,GA,ASO,ES,Combined TRACON& Tower with Radar,17,8,17,7,49,0,2,29,0,31,17,10,46,7,80,34,8,42,122
12/30/2022,AGS,GA,ASO,ES,Combined TRACON& Tower with Radar,17,7,12,0,36,0,0,5,0,5,17,7,17,0,41,0,0,0,41
12/31/2022,AGS,GA,ASO,ES,Combined TRACON& Tower with Radar,15,10,11,0,36,0,0,0,0,0,15,10,11,0,36,0,0,0,36
01/01/2023,AGS,GA,ASO,ES,Combined TRACON& Tower with Radar,15,10,10,0,35,0,0,2,0,2,15,10,12,0,37,0,0,0,37
01/02/2023,AGS,GA,ASO,ES,Combined TRACON& Tower with Radar,16,7,13,0,36,0,0,12,0,12,16,7,25,0,48,0,0,0,48
01/03/2023,AGS,GA,ASO,ES,Combined TRACON& Tower with Radar,18,9,16,4,47,0,0,5,0,5,18,9,21,4,52,0,0,0,52
01/04/2023,AGS,GA,ASO,ES,Combined TRACON& Tower with Radar,15,15,13,4,47,0,0,1,8,9,15,15,14,12,56,0,15,15,71
01/05/2023,AGS,GA,ASO,ES,Combined TRACON& Tower with Radar,15,5,17,17,54,0,0,20,5,25,15,5,37,22,79,0,0,0,79
01/06/2023,AGS,GA,ASO,ES,Combined TRACON& Tower with Radar,15,16,24,21,76,0,3,20,7,30,15,19,44,28,106,12,16,28,134
01/07/2023,AGS,GA,ASO,ES,Combined TRACON& Tower with Radar,16,10,14,2,42,0,0,31,0,31,16,10,45,2,73,20,0,20,93
01/08/2023,AGS,GA,ASO,ES,Combined TRACON& Tower with Radar,16,8,16,5,45,0,0,18,1,19,16,8,34,6,64,0,0,0,64
01/09/2023,AGS,GA,ASO,ES,Combined TRACON& Tower with Radar,14,8,12,22,56,0,1,21,4,26,14,9,33,26,82,10,22,32,114
01/10/2023,AGS,GA,ASO,ES,Combined TRACON& Tower with Radar,22,10,8,9,49,0,2,22,3,27,22,12,30,12,76,58,14,72,148
01/11/2023,AGS,GA,ASO,ES,Combined TRACON& Tower with Radar,24,12,22,23,81,0,3,22,9,34,24,15,44,32,115,20,16,36,151
01/12/2023,AGS,GA,ASO,ES,Combined TRACON& Tower with Radar,30,9,31,7,77,0,0,1,7,8,30,9,32,14,85,0,2,2,87
01/13/2023,AGS,GA,ASO,ES,Combined TRACON& Tower with Radar,24,5,12,1,42,0,1,14,1,16,24,6,26,2,58,6,0,6,64
01/14/2023,AGS,GA,ASO,ES,Combined TRACON& Tower with Radar,22,3,7,0,32,0,0,9,0,9,22,3,16,0,41,0,0,0,41
01/15/2023,AGS,GA,ASO,ES,Combined TRACON& Tower with Radar,21,5,10,0,36,0,3,21,0,24,21,8,31,0,60,16,0,16,76
01/16/2023,AGS,GA,ASO,ES,Combined TRACON& Tower with Radar,26,1,12,0,39,0,0,28,0,28,26,1,40,0,67,28,0,28,95
01/17/2023,AGS,GA,ASO,ES,Combined TRACON& Tower with Radar,28,1,26,10,65,0,0,5,1,6,28,1,31,11,71,0,20,20,91
01/18/2023,AGS,GA,ASO,ES,Combined TRACON& Tower with Radar,26,13,37,17,93,0,0,2,0,2,26,13,39,17,95,10,0,10,105
01/19/2023,AGS,GA,ASO,ES,Combined TRACON& Tower with Radar,25,11,20,18,74,0,0,9,5,14,25,11,29,23,88,0,34,34,122
01/20/2023,AGS,GA,ASO,ES,Combined TRACON& Tower with Radar,27,6,30,16,79,0,3,29,0,32,27,9,59,16,111,12,4,16,127
01/21/2023,AGS,GA,ASO,ES,Combined TRACON& Tower with Radar,22,2,15,2,41,0,0,21,1,22,22,2,36,3,63,12,0,12,75
01/22/2023,AGS,GA,ASO,ES,Combined TRACON& Tower with Radar,25,2,7,0,34,0,0,0,0,0,25,2,7,0,34,0,0,0,34
01/23/2023,AGS,GA,ASO,ES,Combined TRACON& Tower with Radar,26,7,17,0,50,0,3,13,0,16,26,10,30,0,66,0,0,0,66
01/24/2023,AGS,GA,ASO,ES,Combined TRACON& Tower with Radar,26,15,16,6,63,0,0,12,0,12,26,15,28,6,75,0,10,10,85
01/25/2023,AGS,GA,ASO,ES,Combined TRACON& Tower with Radar,28,9,10,0,47,0,0,2,0,2,28,9,12,0,49,0,0,0,49
01/26/2023,AGS,GA,ASO,ES,Combined TRACON& Tower with Radar,25,11,22,9,67,0,0,14,5,19,25,11,36,14,86,0,4,4,90
01/27/2023,AGS,GA,ASO,ES,Combined TRACON& Tower with Radar,25,9,36,3,73,0,5,26,3,34,25,14,62,6,107,52,0,52,159
01/28/2023,AGS,GA,ASO,ES,Combined TRACON& Tower with Radar,21,9,18,5,53,0,2,26,1,29,21,11,44,6,82,78,0,78,160
01/29/2023,AGS,GA,ASO,ES,Combined TRACON& Tower with Radar,24,9,17,2,52,0,0,1,0,1,24,9,18,2,53,18,0,18,71
01/30/2023,AGS,GA,ASO,ES,Combined TRACON& Tower with Radar,26,7,11,16,60,0,0,0,0,0,26,7,11,16,60,0,0,0,60
01/31/2023,AGS,GA,ASO,ES,Combined TRACON& Tower with Radar,24,5,6,10,45,0,0,3,0,3,24,5,9,10,48,0,0,0,48
02/01/2023,AGS,GA,ASO,ES,Combined TRACON& Tower with Radar,24,13,32,11,80,0,0,10,6,16,24,13,42,17,96,20,26,46,142
02/02/2023,AGS,GA,ASO,ES,Combined TRACON& Tower with Radar,25,3,26,8,62,0,0,0,0,0,25,3,26,8,62,0,0,0,62
02/03/2023,AGS,GA,ASO,ES,Combined TRACON& Tower with Radar,20,10,19,7,56,0,1,10,1,12,20,11,29,8,68,6,0,6,74
02/04/2023,AGS,GA,ASO,ES,Combined TRACON& Tower with Radar,20,2,11,2,35,0,1,24,2,27,20,3,35,4,62,84,0,84,146
02/05/2023,AGS,GA,ASO,ES,Combined TRACON& Tower with Radar,20,5,17,6,48,0,2,16,1,19,20,7,33,7,67,18,6,24,91
02/06/2023,AGS,GA,ASO,ES,Combined TRACON& Tower with Radar,19,9,25,21,74,0,2,17,11,30,19,11,42,32,104,70,57,127,231
02/07/2023,AGS,GA,ASO,ES,Combined TRACON& Tower with Radar,21,7,19,29,76,0,1,17,2,20,21,8,36,31,96,8,74,82,178
02/08/2023,AGS,GA,ASO,ES,Combined TRACON& Tower with Radar,20,17,19,17,73,0,0,12,4,16,20,17,31,21,89,10,48,58,147
02/09/2023,AGS,GA,ASO,ES,Combined TRACON& Tower with Radar,20,11,21,30,82,0,0,9,3,12,20,11,30,33,94,20,41,61,155
02/10/2023,AGS,GA,ASO,ES,Combined TRACON& Tower with Radar,20,13,13,8,54,0,0,2,2,4,20,13,15,10,58,0,26,26,84
02/11/2023,AGS,GA,ASO,ES,Combined TRACON& Tower with Radar,18,5,4,0,27,0,0,1,0,1,18,5,5,0,28,0,0,0,28
02/12/2023,AGS,GA,ASO,ES,Combined TRACON& Tower with Radar,20,6,4,0,30,0,0,0,0,0,20,6,4,0,30,0,0,0,30
02/13/2023,AGS,GA,ASO,ES,Combined TRACON& Tower with Radar,20,9,19,15,63,0,0,21,3,24,20,9,40,18,87,0,40,40,127
02/14/2023,AGS,GA,ASO,ES,Combined TRACON& Tower with Radar,20,4,15,13,52,0,1,19,4,24,20,5,34,17,76,24,8,32,108
02/15/2023,AGS,GA,ASO,ES,Combined TRACON& Tower with Radar,20,11,24,13,68,0,2,10,2,14,20,13,34,15,82,8,16,24,106
02/16/2023,AGS,GA,ASO,ES,Combined TRACON& Tower with Radar,19,12,16,0,47,0,2,1,0,3,19,14,17,0,50,0,0,0,50
02/17/2023,AGS,GA,ASO,ES,Combined TRACON& Tower with Radar,19,16,14,2,51,0,1,8,0,9,19,17,22,2,60,0,0,0,60
02/18/2023,AGS,GA,ASO,ES,Combined TRACON& Tower with Radar,21,2,8,0,31,0,0,22,0,22,21,2,30,0,53,42,0,42,95
02/19/2023,AGS,GA,ASO,ES,Combined TRACON& Tower with Radar,20,13,18,0,51,0,6,10,0,16,20,19,28,0,67,10,0,10,77
02/20/2023,AGS,GA,ASO,ES,Combined TRACON& Tower with Radar,22,9,23,0,54,0,3,13,0,16,22,12,36,0,70,18,0,18,88
02/21/2023,AGS,GA,ASO,ES,Combined TRACON& Tower with Radar,19,18,30,19,86,0,0,15,3,18,19,18,45,22,104,4,18,22,126
02/22/2023,AGS,GA,ASO,ES,Combined TRACON& Tower with Radar,20,13,44,5,82,0,4,22,0,26,20,17,66,5,108,0,0,0,108
02/23/2023,AGS,GA,ASO,ES,Combined TRACON& Tower with Radar,22,18,27,9,76,0,2,5,0,7,22,20,32,9,83,10,8,18,101
02/24/2023,AGS,GA,ASO,ES,Combined TRACON& Tower with Radar,22,17,26,16,81,0,1,4,0,5,22,18,30,16,86,0,14,14,100
02/25/2023,AGS,GA,ASO,ES,Combined TRACON& Tower with Radar,19,9,19,2,49,0,1,0,0,1,19,10,19,2,50,0,0,0,50
02/26/2023,AGS,GA,ASO,ES,Combined TRACON& Tower with Radar,20,10,16,0,46,0,1,6,0,7,20,11,22,0,53,6,0,6,59
02/27/2023,AGS,GA,ASO,ES,Combined TRACON& Tower with Radar,19,15,28,6,68,0,0,9,3,12,19,15,37,9,80,6,20,26,106
02/28/2023,AGS,GA,ASO,ES,Combined TRACON& Tower with Radar,19,15,22,2,58,0,0,25,2,27,19,15,47,4,85,40,4,44,129
03/01/2023,AGS,GA,ASO,ES,Combined TRACON& Tower with Radar,21,14,33,11,79,0,0,6,3,9,21,14,39,14,88,72,0,72,160
03/02/2023,AGS,GA,ASO,ES,Combined TRACON& Tower with Radar,21,19,29,2,71,0,1,6,1,8,21,20,35,3,79,14,0,14,93
03/03/2023,AGS,GA,ASO,ES,Combined TRACON& Tower with Radar,36,18,17,10,81,0,0,11,4,15,36,18,28,14,96,0,16,16,112
03/04/2023,AGS,GA,ASO,ES,Combined TRACON& Tower with Radar,20,10,16,0,46,0,0,24,0,24,20,10,40,0,70,8,0,8,78
03/05/2023,AGS,GA,ASO,ES,Combined TRACON& Tower with Radar,22,14,11,0,47,0,13,17,2,32,22,27,28,2,79,46,0,46,125
03/06/2023,AGS,GA,ASO,ES,Combined TRACON& Tower with Radar,23,18,23,16,80,0,5,16,1,22,23,23,39,17,102,0,10,10,112
03/07/2023,AGS,GA,ASO,ES,Combined TRACON& Tower with Radar,20,27,25,20,92,0,2,21,8,31,20,29,46,28,123,10,10,20,143
03/08/2023,AGS,GA,ASO,ES,Combined TRACON& Tower with Radar,22,21,29,20,92,0,1,14,2,17,22,22,43,22,109,18,22,40,149
03/09/2023,AGS,GA,ASO,ES,Combined TRACON& Tower with Radar,22,10,27,11,70,0,2,18,2,22,22,12,45,13,92,24,20,44,136
03/10/2023,AGS,GA,ASO,ES,Combined TRACON& Tower with Radar,23,13,17,9,62,0,0,0,1,1,23,13,17,10,63,0,0,0,63
03/11/2023,AGS,GA,ASO,ES,Combined TRACON& Tower with Radar,22,12,12,0,46,0,2,21,1,24,22,14,33,1,70,18,0,18,88
03/12/2023,AGS,GA,ASO,ES,Combined TRACON& Tower with Radar,23,14,19,2,58,0,0,1,0,1,23,14,20,2,59,0,0,0,59
03/13/2023,AGS,GA,ASO,ES,Combined TRACON& Tower with Radar,22,24,22,14,82,0,0,8,0,8,22,24,30,14,90,38,22,60,150
03/14/2023,AGS,GA,ASO,ES,Combined TRACON& Tower with Radar,19,12,26,10,67,0,1,13,3,17,19,13,39,13,84,0,26,26,110
03/15/2023,AGS,GA,ASO,ES,Combined TRACON& Tower with Radar,21,36,28,12,97,0,2,15,2,19,21,38,43,14,116,10,2,12,128
03/16/2023,AGS,GA,ASO,ES,Combined TRACON& Tower with Radar,23,19,30,23,95,0,4,19,8,31,23,23,49,31,126,28,26,54,180
03/17/2023,AGS,GA,ASO,ES,Combined TRACON& Tower with Radar,23,34,38,19,114,0,0,7,1,8,23,34,45,20,122,0,5,5,127
03/18/2023,AGS,GA,ASO,ES,Combined TRACON& Tower with Radar,21,25,22,2,70,0,0,11,2,13,21,25,33,4,83,8,0,8,91
03/19/2023,AGS,GA,ASO,ES,Combined TRACON& Tower with Radar,22,16,20,0,58,0,0,16,2,18,22,16,36,2,76,4,0,4,80
03/20/2023,AGS,GA,ASO,ES,Combined TRACON& Tower with Radar,22,9,23,18,72,0,5,12,2,19,22,14,35,20,91,0,10,10,101
03/21/2023,AGS,GA,ASO,ES,Combined TRACON& Tower with Radar,23,16,29,28,96,0,0,23,1,24,23,16,52,29,120,0,28,28,148
03/22/2023,AGS,GA,ASO,ES,Combined TRACON& Tower with Radar,23,21,30,24,98,0,2,2,11,15,23,23,32,35,113,0,0,0,113
03/23/2023,AGS,GA,ASO,ES,Combined TRACON& Tower with Radar,22,28,17,12,79,0,1,11,4,16,22,29,28,16,95,0,27,27,122
03/24/2023,AGS,GA,ASO,ES,Combined TRACON& Tower with Radar,25,22,19,4,70,0,1,21,1,23,25,23,40,5,93,12,0,12,105
03/25/2023,AGS,GA,ASO,ES,Combined TRACON& Tower with Radar,24,13,4,3,44,0,0,6,0,6,24,13,10,3,50,0,8,8,58
03/26/2023,AGS,GA,ASO,ES,Combined TRACON& Tower with Radar,21,13,17,0,51,0,0,0,0,0,21,13,17,0,51,0,0,0,51
03/27/2023,AGS,GA,ASO,ES,Combined TRACON& Tower with Radar,22,9,23,5,59,0,0,1,0,1,22,9,24,5,60,0,0,0,60
03/28/2023,AGS,GA,ASO,ES,Combined TRACON& Tower with Radar,23,17,25,6,71,0,0,8,2,10,23,17,33,8,81,32,40,72,153
03/29/2023,AGS,GA,ASO,ES,Combined TRACON& Tower with Radar,21,5,11,44,81,0,3,28,2,33,21,8,39,46,114,18,14,32,146
03/30/2023,AGS,GA,ASO,ES,Combined TRACON& Tower with Radar,26,10,26,23,85,0,0,10,6,16,26,10,36,29,101,0,18,18,119
03/31/2023,AGS,GA,ASO,ES,Combined TRACON& Tower with Radar,22,13,32,11,78,0,2,16,2,20,22,15,48,13,98,10,0,10,108
04/01/2023,AGS,GA,ASO,ES,Combined TRACON& Tower with Radar,28,21,22,0,71,0,0,2,2,4,28,21,24,2,75,0,0,0,75
04/02/2023,AGS,GA,ASO,ES,Combined TRACON& Tower with Radar,42,93,62,0,197,0,5,19,0,24,42,98,81,0,221,0,0,0,221
04/03/2023,AGS,GA,ASO,ES,Combined TRACON& Tower with Radar,45,92,121,0,258,0,0,5,2,7,45,92,126,2,265,0,0,0,265
04/04/2023,AGS,GA,ASO,ES,Combined TRACON& Tower with Radar,42,131,142,0,315,0,0,1,0,1,42,131,143,0,316,0,0,0,316
04/05/2023,AGS,GA,ASO,ES,Combined TRACON& Tower with Radar,39,195,206,0,440,0,1,5,0,6,39,196,211,0,446,0,0,0,446
04/06/2023,AGS,GA,ASO,ES,Combined TRACON& Tower with Radar,62,178,217,0,457,0,0,3,0,3,62,178,220,0,460,0,0,0,460
04/07/2023,AGS,GA,ASO,ES,Combined TRACON& Tower with Radar,56,243,194,0,493,0,0,1,0,1,56,243,195,0,494,0,0,0,494
04/08/2023,AGS,GA,ASO,ES,Combined TRACON& Tower with Radar,38,191,119,2,350,0,0,0,0,0,38,191,119,2,350,0,0,0,350
04/09/2023,AGS,GA,ASO,ES,Combined TRACON& Tower with Radar,43,181,116,1,341,0,0,1,1,2,43,181,117,2,343,0,0,0,343
04/10/2023,AGS,GA,ASO,ES,Combined TRACON& Tower with Radar,57,94,122,2,275,0,1,7,0,8,57,95,129,2,283,0,0,0,283
04/11/2023,AGS,GA,ASO,ES,Combined TRACON& Tower with Radar,17,16,15,12,60,0,3,32,4,39,17,19,47,16,99,22,30,52,151
04/12/2023,AGS,GA,ASO,ES,Combined TRACON& Tower with Radar,17,11,27,16,71,0,4,28,1,33,17,15,55,17,104,22,0,22,126
04/13/2023,AGS,GA,ASO,ES,Combined TRACON& Tower with Radar,18,13,22,0,53,0,0,13,2,15,18,13,35,2,68,8,0,8,76
04/14/2023,AGS,GA,ASO,ES,Combined TRACON& Tower with Radar,20,10,18,3,51,0,0,2,0,2,20,10,20,3,53,0,0,0,53
04/15/2023,AGS,GA,ASO,ES,Combined TRACON& Tower with Radar,15,18,14,6,53,0,5,15,0,20,15,23,29,6,73,4,0,4,77
04/16/2023,AGS,GA,ASO,ES,Combined TRACON& Tower with Radar,18,27,16,9,70,0,0,8,0,8,18,27,24,9,78,12,0,12,90
04/17/2023,AGS,GA,ASO,ES,Combined TRACON& Tower with Radar,18,32,20,18,88,0,0,15,3,18,18,32,35,21,106,0,4,4,110
04/18/2023,AGS,GA,ASO,ES,Combined TRACON& Tower with Radar,16,19,43,11,89,0,3,22,5,30,16,22,65,16,119,35,34,69,188
04/19/2023,AGS,GA,ASO,ES,Combined TRACON& Tower with Radar,17,19,45,20,101,0,3,31,2,36,17,22,76,22,137,72,20,92,229
04/20/2023,AGS,GA,ASO,ES,Combined TRACON& Tower with Radar,18,17,32,7,74,0,0,29,0,29,18,17,61,7,103,26,2,28,131
04/21/2023,AGS,GA,ASO,ES,Combined TRACON& Tower with Radar,18,24,20,8,70,0,2,25,2,29,18,26,45,10,99,0,18,18,117
04/22/2023,AGS,GA,ASO,ES,Combined TRACON& Tower with Radar,15,10,11,5,41,0,0,9,2,11,15,10,20,7,52,2,2,4,56
04/23/2023,AGS,GA,ASO,ES,Combined TRACON& Tower with Radar,19,27,20,2,68,0,2,20,0,22,19,29,40,2,90,120,20,140,230
04/24/2023,AGS,GA,ASO,ES,Combined TRACON& Tower with Radar,19,20,38,8,85,0,2,6,7,15,19,22,44,15,100,28,22,50,150
04/25/2023,AGS,GA,ASO,ES,Combined TRACON& Tower with Radar,16,20,25,12,73,0,3,19,8,30,16,23,44,20,103,10,36,46,149
04/26/2023,AGS,GA,ASO,ES,Combined TRACON& Tower with Radar,17,22,38,13,90,0,0,12,6,18,17,22,50,19,108,24,28,52,160
04/27/2023,AGS,GA,ASO,ES,Combined TRACON& Tower with Radar,24,23,37,4,88,0,0,1,0,1,24,23,38,4,89,16,0,16,105
04/28/2023,AGS,GA,ASO,ES,Combined TRACON& Tower with Radar,18,18,23,4,63,0,2,7,4,13,18,20,30,8,76,4,16,20,96
04/29/2023,AGS,GA,ASO,ES,Combined TRACON& Tower with Radar,15,18,22,2,57,0,5,28,0,33,15,23,50,2,90,10,0,10,100
04/30/2023,AGS,GA,ASO,ES,Combined TRACON& Tower with Radar,21,14,19,0,54,0,2,6,0,8,21,16,25,0,62,0,0,0,62
05/01/2023,AGS,GA,ASO,ES,Combined TRACON& Tower with Radar,20,25,31,15,91,0,0,5,6,11,20,25,36,21,102,18,10,28,130
05/02/2023,AGS,GA,ASO,ES,Combined TRACON& Tower with Radar,18,27,36,9,90,0,0,5,3,8,18,27,41,12,98,12,18,30,128
05/03/2023,AGS,GA,ASO,ES,Combined TRACON& Tower with Radar,17,20,24,10,71,0,2,19,5,26,17,22,43,15,97,10,34,44,141
05/04/2023,AGS,GA,ASO,ES,Combined TRACON& Tower with Radar,17,15,42,0,74,0,5,31,0,36,17,20,73,0,110,58,0,58,168
05/05/2023,AGS,GA,ASO,ES,Combined TRACON& Tower with Radar,16,24,24,16,80,0,0,8,1,9,16,24,32,17,89,14,12,26,115
05/06/2023,AGS,GA,ASO,ES,Combined TRACON& Tower with Radar,15,12,10,4,41,0,2,7,0,9,15,14,17,4,50,12,0,12,62
05/07/2023,AGS,GA,ASO,ES,Combined TRACON& Tower with Radar,16,21,24,7,68,0,4,5,0,9,16,25,29,7,77,18,0,18,95
05/08/2023,AGS,GA,ASO,ES,Combined TRACON& Tower with Radar,16,26,32,7,81,0,1,7,1,9,16,27,39,8,90,4,110,114,204
05/09/2023,AGS,GA,ASO,ES,Combined TRACON& Tower with Radar,16,31,31,18,96,0,1,11,5,17,16,32,42,23,113,6,30,36,149
05/10/2023,AGS,GA,ASO,ES,Combined TRACON& Tower with Radar,15,17,41,5,78,0,2,18,0,20,15,19,59,5,98,20,0,20,118
05/11/2023,AGS,GA,ASO,ES,Combined TRACON& Tower with Radar,15,16,25,10,66,0,1,12,24,37,15,17,37,34,103,22,160,182,285
05/12/2023,AGS,GA,ASO,ES,Combined TRACON& Tower with Radar,19,24,29,5,77,0,0,2,3,5,19,24,31,8,82,56,76,132,214
05/13/2023,AGS,GA,ASO,ES,Combined TRACON& Tower with Radar,15,8,7,0,30,0,0,11,8,19,15,8,18,8,49,50,100,150,199
05/14/2023,AGS,GA,ASO,ES,Combined TRACON& Tower with Radar,17,19,4,1,41,0,0,8,13,21,17,19,12,14,62,0,0,0,62
05/15/2023,AGS,GA,ASO,ES,Combined TRACON& Tower with Radar,16,22,23,15,76,0,0,14,1,15,16,22,37,16,91,0,18,18,109
05/16/2023,AGS,GA,ASO,ES,Combined TRACON& Tower with Radar,15,16,22,8,61,0,0,13,4,17,15,16,35,12,78,8,26,34,112
05/17/2023,AGS,GA,ASO,ES,Combined TRACON& Tower with Radar,17,22,43,10,92,0,2,11,0,13,17,24,54,10,105,0,4,4,109
05/18/2023,AGS,GA,ASO,ES,Combined TRACON& Tower with Radar,15,17,36,4,72,0,0,0,0,0,15,17,36,4,72,0,0,0,72
05/19/2023,AGS,GA,ASO,ES,Combined TRACON& Tower with Radar,15,19,40,3,77,0,0,1,0,1,15,19,41,3,78,2,0,2,80
05/20/2023,AGS,GA,ASO,ES,Combined TRACON& Tower with Radar,17,9,21,0,47,0,0,14,0,14,17,9,35,0,61,42,0,42,103
05/21/2023,AGS,GA,ASO,ES,Combined TRACON& Tower with Radar,16,17,18,0,51,0,0,1,0,1,16,17,19,0,52,0,0,0,52
05/22/2023,AGS,GA,ASO,ES,Combined TRACON& Tower with Radar,17,17,27,9,70,0,4,9,0,13,17,21,36,9,83,45,0,45,128
05/23/2023,AGS,GA,ASO,ES,Combined TRACON& Tower with Radar,15,13,22,13,63,0,1,3,0,4,15,14,25,13,67,14,10,24,91
05/24/2023,AGS,GA,ASO,ES,Combined TRACON& Tower with Radar,15,13,20,14,62,0,0,13,3,16,15,13,33,17,78,28,12,40,118
05/25/2023,AGS,GA,ASO,ES,Combined TRACON& Tower with Radar,17,23,19,5,64,0,2,17,0,19,17,25,36,5,83,0,0,0,83
05/26/2023,AGS,GA,ASO,ES,Combined TRACON& Tower with Radar,16,7,9,0,32,0,2,18,0,20,16,9,27,0,52,26,0,26,78
05/27/2023,AGS,GA,ASO,ES,Combined TRACON& Tower with Radar,11,10,18,0,39,0,0,1,0,1,11,10,19,0,40,0,0,0,40
05/28/2023,AGS,GA,ASO,ES,Combined TRACON& Tower with Radar,14,8,8,0,30,0,0,2,0,2,14,8,10,0,32,6,0,6,38
05/29/2023,AGS,GA,ASO,ES,Combined TRACON& Tower with Radar,15,11,5,0,31,0,5,11,0,16,15,16,16,0,47,58,0,58,105
05/30/2023,AGS,GA,ASO,ES,Combined TRACON& Tower with Radar,15,17,11,1,44,0,3,9,1,13,15,20,20,2,57,14,0,14,71
05/31/2023,AGS,GA,ASO,ES,Combined TRACON& Tower with Radar,15,14,22,33,84,0,1,3,1,5,15,15,25,34,89,10,32,42,131
06/01/2023,AGS,GA,ASO,ES,Combined TRACON& Tower with Radar,16,17,9,30,72,0,0,16,4,20,16,17,25,34,92,22,16,38,130
06/02/2023,AGS,GA,ASO,ES,Combined TRACON& Tower with Radar,15,11,16,19,61,0,2,15,7,24,15,13,31,26,85,12,20,32,117
06/03/2023,AGS,GA,ASO,ES,Combined TRACON& Tower with Radar,19,10,13,3,45,0,0,15,6,21,19,10,28,9,66,44,0,44,110
06/04/2023,AGS,GA,ASO,ES,Combined TRACON& Tower with Radar,21,14,10,0,45,0,10,11,0,21,21,24,21,0,66,14,0,14,80
06/05/2023,AGS,GA,ASO,ES,Combined TRACON& Tower with Radar,16,12,11,28,67,0,4,11,8,23,16,16,22,36,90,56,56,112,202
06/06/2023,AGS,GA,ASO,ES,Combined TRACON& Tower with Radar,15,10,22,14,61,0,0,6,6,12,15,10,28,20,73,0,16,16,89
06/07/2023,AGS,GA,ASO,ES,Combined TRACON& Tower with Radar,15,9,19,15,58,0,1,16,15,32,15,10,35,30,90,22,0,22,112
06/08/2023,AGS,GA,ASO,ES,Combined TRACON& Tower with Radar,15,9,27,13,64,0,1,28,8,37,15,10,55,21,101,12,4,16,117
06/09/2023,AGS,GA,ASO,ES,Combined TRACON& Tower with Radar,16,10,8,7,41,0,2,12,1,15,16,12,20,8,56,22,12,34,90
06/10/2023,AGS,GA,ASO,ES,Combined TRACON& Tower with Radar,13,10,7,8,38,0,1,18,2,21,13,11,25,10,59,12,8,20,79
06/11/2023,AGS,GA,ASO,ES,Combined TRACON& Tower with Radar,15,10,5,4,34,0,0,6,1,7,15,10,11,5,41,0,0,0,41
06/12/2023,AGS,GA,ASO,ES,Combined TRACON& Tower with Radar,17,10,14,12,53,0,4,3,2,9,17,14,17,14,62,22,14,36,98
06/13/2023,AGS,GA,ASO,ES,Combined TRACON& Tower with Radar,17,14,12,8,51,0,0,16,2,18,17,14,28,10,69,24,2,26,95
06/14/2023,AGS,GA,ASO,ES,Combined TRACON& Tower with Radar,16,7,20,0,43,0,0,2,0,2,16,7,22,0,45,0,0,0,45
06/15/2023,AGS,GA,ASO,ES,Combined TRACON& Tower with Radar,18,11,9,6,44,0,3,4,0,7,18,14,13,6,51,0,0,0,51
06/16/2023,AGS,GA,ASO,ES,Combined TRACON& Tower with Radar,19,10,16,17,62,0,0,5,4,9,19,10,21,21,71,54,0,54,125
06/17/2023,AGS,GA,ASO,ES,Combined TRACON& Tower with Radar,14,12,4,0,30,0,1,16,0,17,14,13,20,0,47,18,0,18,65
06/18/2023,AGS,GA,ASO,ES,Combined TRACON& Tower with Radar,16,8,7,0,31,0,0,4,0,4,16,8,11,0,35,32,0,32,67
06/19/2023,AGS,GA,ASO,ES,Combined TRACON& Tower with Radar,16,9,5,0,30,0,1,9,0,10,16,10,14,0,40,44,0,44,84
06/20/2023,AGS,GA,ASO,ES,Combined TRACON& Tower with Radar,15,8,17,1,41,0,0,3,0,3,15,8,20,1,44,0,0,0,44
06/21/2023,AGS,GA,ASO,ES,Combined TRACON& Tower with Radar,17,10,28,12,67,0,0,0,1,1,17,10,28,13,68,0,14,14,82
06/22/2023,AGS,GA,ASO,ES,Combined TRACON& Tower with Radar,17,15,14,5,51,0,0,1,0,1,17,15,15,5,52,0,0,0,52
06/23/2023,AGS,GA,ASO,ES,Combined TRACON& Tower with Radar,16,9,7,5,37,0,0,7,0,7,16,9,14,5,44,38,0,38,82
06/24/2023,AGS,GA,ASO,ES,Combined TRACON& Tower with Radar,15,11,11,2,39,0,2,29,0,31,15,13,40,2,70,68,4,72,142
06/25/2023,AGS,GA,ASO,ES,Combined TRACON& Tower with Radar,18,9,20,10,57,0,0,20,2,22,18,9,40,12,79,0,0,0,79
06/26/2023,AGS,GA,ASO,ES,Combined TRACON& Tower with Radar,16,8,10,7,41,0,0,7,0,7,16,8,17,7,48,22,16,38,86
06/27/2023,AGS,GA,ASO,ES,Combined TRACON& Tower with Radar,16,17,18,7,58,0,1,16,4,21,16,18,34,11,79,54,2,56,135
06/28/2023,AGS,GA,ASO,ES,Combined TRACON& Tower with Radar,16,13,21,14,64,0,2,22,0,24,16,15,43,14,88,28,0,28,116
06/29/2023,AGS,GA,ASO,ES,Combined TRACON& Tower with Radar,16,27,19,11,73,0,2,11,1,14,16,29,30,12,87,52,36,88,175
06/30/2023,AGS,GA,ASO,ES,Combined TRACON& Tower with Radar,18,18,20,13,69,0,2,17,2,21,18,20,37,15,90,40,12,52,142
07/01/2023,AGS,GA,ASO,ES,Combined TRACON& Tower with Radar,16,14,10,0,40,0,0,11,0,11,16,14,21,0,51,4,0,4,55
07/02/2023,AGS,GA,ASO,ES,Combined TRACON& Tower with Radar,15,13,1,0,29,0,0,5,0,5,15,13,6,0,34,0,0,0,34
07/03/2023,AGS,GA,ASO,ES,Combined TRACON& Tower with Radar,16,13,5,0,34,0,3,13,0,16,16,16,18,0,50,23,0,23,73
07/04/2023,AGS,GA,ASO,ES,Combined TRACON& Tower with Radar,11,8,10,0,29,0,2,9,0,11,11,10,19,0,40,14,0,14,54
07/05/2023,AGS,GA,ASO,ES,Combined TRACON& Tower with Radar,13,22,15,10,60,0,3,8,2,13,13,25,23,12,73,16,8,24,97
07/06/2023,AGS,GA,ASO,ES,Combined TRACON& Tower with Radar,16,41,49,33,139,0,0,7,3,10,16,41,56,36,149,8,14,22,171
07/07/2023,AGS,GA,ASO,ES,Combined TRACON& Tower with Radar,12,38,43,12,105,0,2,16,3,21,12,40,59,15,126,8,10,18,144
07/08/2023,AGS,GA,ASO,ES,Combined TRACON& Tower with Radar,14,37,33,2,86,0,1,15,0,16,14,38,48,2,102,26,0,26,128
07/09/2023,AGS,GA,ASO,ES,Combined TRACON& Tower with Radar,16,27,28,0,71,0,1,18,0,19,16,28,46,0,90,0,0,0,90
07/10/2023,AGS,GA,ASO,ES,Combined TRACON& Tower with Radar,16,11,5,2,34,0,4,2,0,6,16,15,7,2,40,40,0,40,80
07/11/2023,AGS,GA,ASO,ES,Combined TRACON& Tower with Radar,16,15,10,14,55,0,2,18,5,25,16,17,28,19,80,8,16,24,104
07/12/2023,AGS,GA,ASO,ES,Combined TRACON& Tower with Radar,18,11,19,17,65,0,2,18,2,22,18,13,37,19,87,10,32,42,129
07/13/2023,AGS,GA,ASO,ES,Combined TRACON& Tower with Radar,16,12,15,31,74,0,0,15,14,29,16,12,30,45,103,18,40,58,161
07/14/2023,AGS,GA,ASO,ES,Combined TRACON& Tower with Radar,16,10,13,19,58,0,1,8,2,11,16,11,21,21,69,10,14,24,93
07/15/2023,AGS,GA,ASO,ES,Combined TRACON& Tower with Radar,12,8,6,0,26,0,0,4,0,4,12,8,10,0,30,0,0,0,30
07/16/2023,AGS,GA,ASO,ES,Combined TRACON& Tower with Radar,16,13,10,7,46,0,3,16,1,20,16,16,26,8,66,6,12,18,84
07/17/2023,AGS,GA,ASO,ES,Combined TRACON& Tower with Radar,18,15,12,7,52,0,0,6,0,6,18,15,18,7,58,6,0,6,64
07/18/2023,AGS,GA,ASO,ES,Combined TRACON& Tower with Radar,16,15,27,40,98,0,0,10,3,13,16,15,37,43,111,23,14,37,148
07/19/2023,AGS,GA,ASO,ES,Combined TRACON& Tower with Radar,15,10,14,34,73,0,0,12,2,14,15,10,26,36,87,50,20,70,157
07/20/2023,AGS,GA,ASO,ES,Combined TRACON& Tower with Radar,23,12,21,9,65,0,2,18,0,20,23,14,39,9,85,26,2,28,113
07/21/2023,AGS,GA,ASO,ES,Combined TRACON& Tower with Radar,16,13,11,0,40,0,0,21,0,21,16,13,32,0,61,18,0,18,79
07/22/2023,AGS,GA,ASO,ES,Combined TRACON& Tower with Radar,14,12,11,0,37,0,0,5,0,5,14,12,16,0,42,2,0,2,44
07/23/2023,AGS,GA,ASO,ES,Combined TRACON& Tower with Radar,16,7,8,0,31,0,0,7,0,7,16,7,15,0,38,36,0,36,74
07/24/2023,AGS,GA,ASO,ES,Combined TRACON& Tower with Radar,16,14,14,12,56,0,3,9,2,14,16,17,23,14,70,12,16,28,98
07/25/2023,AGS,GA,ASO,ES,Combined TRACON& Tower with Radar,16,14,13,11,54,0,1,11,1,13,16,15,24,12,67,5,10,15,82
07/26/2023,AGS,GA,ASO,ES,Combined TRACON& Tower with Radar,17,10,13,4,44,0,1,15,0,16,17,11,28,4,60,32,0,32,92
07/27/2023,AGS,GA,ASO,ES,Combined TRACON& Tower with Radar,17,16,21,18,72,0,4,12,4,20,17,20,33,22,92,52,10,62,154
07/28/2023,AGS,GA,ASO,ES,Combined TRACON& Tower with Radar,15,16,15,17,63,0,4,18,1,23,15,20,33,18,86,78,16,94,180
07/29/2023,AGS,GA,ASO,ES,Combined TRACON& Tower with Radar,17,9,4,2,32,0,1,5,0,6,17,10,9,2,38,10,0,10,48
07/30/2023,AGS,GA,ASO,ES,Combined TRACON& Tower with Radar,16,13,14,7,50,0,5,10,1,16,16,18,24,8,66,18,0,18,84
07/31/2023,AGS,GA,ASO,ES,Combined TRACON& Tower with Radar,16,12,19,12,59,0,0,12,0,12,16,12,31,12,71,12,0,12,83
08/01/2023,AGS,GA,ASO,ES,Combined TRACON& Tower with Radar,14,11,16,13,54,0,0,16,0,16,14,11,32,13,70,48,0,48,118
08/02/2023,AGS,GA,ASO,ES,Combined TRACON& Tower with Radar,14,19,12,7,52,0,3,7,1,11,14,22,19,8,63,34,0,34,97
08/03/2023,AGS,GA,ASO,ES,Combined TRACON& Tower with Radar,17,8,17,18,60,0,0,9,1,10,17,8,26,19,70,54,18,72,142
08/04/2023,AGS,GA,ASO,ES,Combined TRACON& Tower with Radar,16,12,6,11,45,0,2,11,3,16,16,14,17,14,61,34,42,76,137
08/05/2023,AGS,GA,ASO,ES,Combined TRACON& Tower with Radar,13,10,12,3,38,0,0,29,0,29,13,10,41,3,67,12,0,12,79
08/06/2023,AGS,GA,ASO,ES,Combined TRACON& Tower with Radar,21,6,4,0,31,0,0,10,0,10,21,6,14,0,41,16,0,16,57
08/07/2023,AGS,GA,ASO,ES,Combined TRACON& Tower with Radar,14,8,27,9,58,0,0,6,0,6,14,8,33,9,64,3,12,15,79
08/08/2023,AGS,GA,ASO,ES,Combined TRACON& Tower with Radar,14,10,12,18,54,0,0,14,1,15,14,10,26,19,69,10,0,10,79
08/09/2023,AGS,GA,ASO,ES,Combined TRACON& Tower with Radar,14,18,17,8,57,0,6,22,0,28,14,24,39,8,85,81,0,81,166
08/10/2023,AGS,GA,ASO,ES,Combined TRACON& Tower with Radar,16,8,10,28,62,0,5,10,8,23,16,13,20,36,85,48,14,62,147
08/11/2023,AGS,GA,ASO,ES,Combined TRACON& Tower with Radar,16,9,9,2,36,0,0,15,1,16,16,9,24,3,52,12,2,14,66
08/12/2023,AGS,GA,ASO,ES,Combined TRACON& Tower with Radar,26,11,5,0,42,0,0,13,0,13,26,11,18,0,55,26,0,26,81
08/13/2023,AGS,GA,ASO,ES,Combined TRACON& Tower with Radar,19,12,11,2,44,0,4,12,0,16,19,16,23,2,60,48,0,48,108
08/14/2023,AGS,GA,ASO,ES,Combined TRACON& Tower with Radar,16,10,18,4,48,0,1,8,1,10,16,11,26,5,58,40,0,40,98
08/15/2023,AGS,GA,ASO,ES,Combined TRACON& Tower with Radar,14,13,14,4,45,0,1,8,4,13,14,14,22,8,58,46,0,46,104
08/16/2023,AGS,GA,ASO,ES,Combined TRACON& Tower with Radar,14,12,24,56,106,0,0,14,2,16,14,12,38,58,122,4,14,18,140
08/17/2023,AGS,GA,ASO,ES,Combined TRACON& Tower with Radar,18,13,27,27,85,0,0,10,3,13,18,13,37,30,98,34,8,42,140
08/18/2023,AGS,GA,ASO,ES,Combined TRACON& Tower with Radar,16,11,12,24,63,0,3,24,4,31,16,14,36,28,94,14,38,52,146
08/19/2023,AGS,GA,ASO,ES,Combined TRACON& Tower with Radar,13,13,7,0,33,0,2,14,0,16,13,15,21,0,49,8,0,8,57
08/20/2023,AGS,GA,ASO,ES,Combined TRACON& Tower with Radar,16,8,15,0,39,0,4,8,0,12,16,12,23,0,51,14,0,14,65
08/21/2023,AGS,GA,ASO,ES,Combined TRACON& Tower with Radar,16,4,25,13,58,0,6,13,5,24,16,10,38,18,82,50,30,80,162
08/22/2023,AGS,GA,ASO,ES,Combined TRACON& Tower with Radar,14,12,21,16,63,0,6,11,0,17,14,18,32,16,80,30,12,42,122
08/23/2023,AGS,GA,ASO,ES,Combined TRACON& Tower with Radar,14,13,34,15,76,0,0,11,5,16,14,13,45,20,92,14,4,18,110
08/24/2023,AGS,GA,ASO,ES,Combined TRACON& Tower with Radar,16,9,23,20,68,0,4,19,0,23,16,13,42,20,91,34,24,58,149
08/25/2023,AGS,GA,ASO,ES,Combined TRACON& Tower with Radar,18,17,22,32,89,0,0,26,3,29,18,17,48,35,118,44,30,74,192
08/26/2023,AGS,GA,ASO,ES,Combined TRACON& Tower with Radar,14,11,6,4,35,0,2,24,2,28,14,13,30,6,63,40,0,40,103
08/27/2023,AGS,GA,ASO,ES,Combined TRACON& Tower with Radar,15,11,4,2,32,0,2,13,0,15,15,13,17,2,47,0,0,0,47
08/28/2023,AGS,GA,ASO,ES,Combined TRACON& Tower with Radar,17,9,16,25,67,0,1,11,1,13,17,10,27,26,80,26,8,34,114
08/29/2023,AGS,GA,ASO,ES,Combined TRACON& Tower with Radar,14,9,6,5,34,0,0,5,0,5,14,9,11,5,39,0,14,14,53
08/30/2023,AGS,GA,ASO,ES,Combined TRACON& Tower with Radar,14,9,3,0,26,0,0,0,0,0,14,9,3,0,26,0,0,0,26
08/31/2023,AGS,GA,ASO,ES,Combined TRACON& Tower with Radar,18,17,16,0,51,0,1,15,1,17,18,18,31,1,68,46,0,46,114
01/01/2020,AGS,GA,ASO,ES,Combined TRACON& Tower with Radar,12,15,11,0,38,0,0,4,0,4,12,15,15,0,42,8,0,8,50
01/02/2020,AGS,GA,ASO,ES,Combined TRACON& Tower with Radar,13,14,14,2,43,0,1,7,0,8,13,15,21,2,51,4,0,4,55
01/03/2020,AGS,GA,ASO,ES,Combined TRACON& Tower with Radar,15,16,13,5,49,0,0,4,0,4,15,16,17,5,53,26,0,26,79
01/04/2020,AGS,GA,ASO,ES,Combined TRACON& Tower with Radar,11,12,5,2,30,0,0,6,0,6,11,12,11,2,36,30,0,30,66
01/05/2020,AGS,GA,ASO,ES,Combined TRACON& Tower with Radar,12,16,7,0,35,0,6,23,0,29,12,22,30,0,64,28,0,28,92
01/06/2020,AGS,GA,ASO,ES,Combined TRACON& Tower with Radar,18,16,24,11,69,0,4,10,3,17,18,20,34,14,86,6,0,6,92
01/07/2020,AGS,GA,ASO,ES,Combined TRACON& Tower with Radar,20,14,24,8,66,0,2,14,0,16,20,16,38,8,82,16,4,20,102
01/08/2020,AGS,GA,ASO,ES,Combined TRACON& Tower with Radar,20,18,18,24,80,0,6,14,0,20,20,24,32,24,100,8,16,24,124
01/09/2020,AGS,GA,ASO,ES,Combined TRACON& Tower with Radar,18,17,18,0,53,0,1,17,0,18,18,18,35,0,71,0,0,0,71
01/10/2020,AGS,GA,ASO,ES,Combined TRACON& Tower with Radar,22,26,14,12,74,0,0,12,0,12,22,26,26,12,86,16,0,16,102
01/11/2020,AGS,GA,ASO,ES,Combined TRACON& Tower with Radar,14,15,6,0,35,0,0,0,0,0,14,15,6,0,35,10,0,10,45
01/12/2020,AGS,GA,ASO,ES,Combined TRACON& Tower with Radar,19,38,6,0,63,0,0,0,1,1,19,38,6,1,64,0,0,0,64
01/13/2020,AGS,GA,ASO,ES,Combined TRACON& Tower with Radar,18,26,8,0,52,0,0,0,0,0,18,26,8,0,52,0,0,0,52
01/14/2020,AGS,GA,ASO,ES,Combined TRACON& Tower with Radar,22,14,14,0,50,0,0,1,0,1,22,14,15,0,51,12,0,12,63
01/15/2020,AGS,GA,ASO,ES,Combined TRACON& Tower with Radar,16,26,23,5,70,0,2,5,0,7,16,28,28,5,77,22,0,22,99
01/16/2020,AGS,GA,ASO,ES,Combined TRACON& Tower with Radar,17,29,37,5,88,0,2,8,5,15,17,31,45,10,103,42,6,48,151
01/17/2020,AGS,GA,ASO,ES,Combined TRACON& Tower with Radar,17,25,15,6,63,0,2,15,2,19,17,27,30,8,82,6,12,18,100
01/18/2020,AGS,GA,ASO,ES,Combined TRACON& Tower with Radar,11,13,15,0,39,0,2,6,0,8,11,15,21,0,47,16,0,16,63
01/19/2020,AGS,GA,ASO,ES,Combined TRACON& Tower with Radar,16,16,10,11,53,0,0,5,5,10,16,16,15,16,63,0,0,0,63
01/20/2020,AGS,GA,ASO,ES,Combined TRACON& Tower with Radar,17,21,20,3,61,0,2,13,1,16,17,23,33,4,77,0,0,0,77
01/21/2020,AGS,GA,ASO,ES,Combined TRACON& Tower with Radar,16,19,23,13,71,0,0,11,0,11,16,19,34,13,82,10,0,10,92
01/22/2020,AGS,GA,ASO,ES,Combined TRACON& Tower with Radar,18,19,30,11,78,0,1,15,0,16,18,20,45,11,94,14,0,14,108
01/23/2020,AGS,GA,ASO,ES,Combined TRACON& Tower with Radar,22,29,28,6,85,0,1,9,1,11,22,30,37,7,96,0,10,10,106
01/24/2020,AGS,GA,ASO,ES,Combined TRACON& Tower with Radar,18,23,8,1,50,0,0,0,0,0,18,23,8,1,50,0,0,0,50
01/25/2020,AGS,GA,ASO,ES,Combined TRACON& Tower with Radar,14,15,19,0,48,0,4,14,2,20,14,19,33,2,68,14,0,14,82
01/26/2020,AGS,GA,ASO,ES,Combined TRACON& Tower with Radar,20,24,9,0,53,0,1,7,0,8,20,25,16,0,61,0,0,0,61
01/27/2020,AGS,GA,ASO,ES,Combined TRACON& Tower with Radar,20,23,18,8,69,0,1,7,2,10,20,24,25,10,79,22,22,44,123
01/28/2020,AGS,GA,ASO,ES,Combined TRACON& Tower with Radar,16,21,22,14,73,0,2,9,6,17,16,23,31,20,90,8,24,32,122
01/29/2020,AGS,GA,ASO,ES,Combined TRACON& Tower with Radar,18,21,14,35,88,0,1,7,18,26,18,22,21,53,114,0,46,46,160
01/30/2020,AGS,GA,ASO,ES,Combined TRACON& Tower with Radar,18,14,21,14,67,0,1,7,0,8,18,15,28,14,75,14,14,28,103
01/31/2020,AGS,GA,ASO,ES,Combined TRACON& Tower with Radar,18,20,16,0,54,0,0,1,0,1,18,20,17,0,55,0,0,0,55
02/01/2020,AGS,GA,ASO,ES,Combined TRACON& Tower with Radar,18,7,4,0,29,0,0,2,0,2,18,7,6,0,31,0,0,0,31
02/02/2020,AGS,GA,ASO,ES,Combined TRACON& Tower with Radar,18,12,9,2,41,0,0,12,0,12,18,12,21,2,53,30,0,30,83
02/03/2020,AGS,GA,ASO,ES,Combined TRACON& Tower with Radar,15,28,18,0,61,0,2,6,0,8,15,30,24,0,69,2,0,2,71
02/04/2020,AGS,GA,ASO,ES,Combined TRACON& Tower with Radar,16,20,10,3,49,0,3,7,12,22,16,23,17,15,71,8,38,46,117
02/05/2020,AGS,GA,ASO,ES,Combined TRACON& Tower with Radar,18,14,15,15,62,0,0,2,2,4,18,14,17,17,66,8,16,24,90
02/06/2020,AGS,GA,ASO,ES,Combined TRACON& Tower with Radar,17,8,5,1,31,0,0,0,0,0,17,8,5,1,31,0,0,0,31
02/07/2020,AGS,GA,ASO,ES,Combined TRACON& Tower with Radar,18,15,8,5,46,0,0,6,0,6,18,15,14,5,52,0,0,0,52
02/08/2020,AGS,GA,ASO,ES,Combined TRACON& Tower with Radar,14,13,3,6,36,0,8,8,0,16,14,21,11,6,52,0,0,0,52
02/09/2020,AGS,GA,ASO,ES,Combined TRACON& Tower with Radar,16,22,6,6,50,0,0,10,0,10,16,22,16,6,60,2,0,2,62
02/10/2020,AGS,GA,ASO,ES,Combined TRACON& Tower with Radar,15,24,17,14,70,0,0,5,8,13,15,24,22,22,83,0,38,38,121
02/11/2020,AGS,GA,ASO,ES,Combined TRACON& Tower with Radar,15,16,24,4,59,0,0,0,0,0,15,16,24,4,59,0,0,0,59
02/12/2020,AGS,GA,ASO,ES,Combined TRACON& Tower with Radar,18,18,31,5,72,0,0,1,0,1,18,18,32,5,73,0,0,0,73
02/13/2020,AGS,GA,ASO,ES,Combined TRACON& Tower with Radar,20,25,24,0,69,0,0,0,0,0,20,25,24,0,69,0,0,0,69
02/14/2020,AGS,GA,ASO,ES,Combined TRACON& Tower with Radar,18,16,22,0,56,0,1,13,1,15,18,17,35,1,71,8,0,8,79
02/15/2020,AGS,GA,ASO,ES,Combined TRACON& Tower with Radar,16,9,11,0,36,0,1,11,0,12,16,10,22,0,48,0,0,0,48
02/16/2020,AGS,GA,ASO,ES,Combined TRACON& Tower with Radar,16,15,17,0,48,0,0,1,0,1,16,15,18,0,49,0,0,0,49
02/17/2020,AGS,GA,ASO,ES,Combined TRACON& Tower with Radar,18,20,24,0,62,0,0,0,0,0,18,20,24,0,62,0,0,0,62
02/18/2020,AGS,GA,ASO,ES,Combined TRACON& Tower with Radar,18,20,19,1,58,0,0,0,0,0,18,20,19,1,58,0,0,0,58
02/19/2020,AGS,GA,ASO,ES,Combined TRACON& Tower with Radar,18,20,16,1,55,0,0,0,0,0,18,20,16,1,55,0,0,0,55
02/20/2020,AGS,GA,ASO,ES,Combined TRACON& Tower with Radar,19,22,15,1,57,0,0,0,0,0,19,22,15,1,57,0,0,0,57
02/21/2020,AGS,GA,ASO,ES,Combined TRACON& Tower with Radar,18,29,23,9,79,0,3,6,0,9,18,32,29,9,88,12,0,12,100
02/22/2020,AGS,GA,ASO,ES,Combined TRACON& Tower with Radar,18,15,12,0,45,0,4,12,0,16,18,19,24,0,61,2,0,2,63
02/23/2020,AGS,GA,ASO,ES,Combined TRACON& Tower with Radar,16,17,21,0,54,0,0,7,1,8,16,17,28,1,62,2,0,2,64
02/24/2020,AGS,GA,ASO,ES,Combined TRACON& Tower with Radar,18,24,21,0,63,0,0,2,0,2,18,24,23,0,65,0,0,0,65
02/25/2020,AGS,GA,ASO,ES,Combined TRACON& Tower with Radar,16,27,26,2,71,0,0,0,0,0,16,27,26,2,71,0,0,0,71
02/26/2020,AGS,GA,ASO,ES,Combined TRACON& Tower with Radar,18,22,18,29,87,0,0,3,3,6,18,22,21,32,93,0,0,0,93
02/27/2020,AGS,GA,ASO,ES,Combined TRACON& Tower with Radar,20,29,41,3,93,0,2,6,2,10,20,31,47,5,103,28,0,28,131
02/28/2020,AGS,GA,ASO,ES,Combined TRACON& Tower with Radar,18,28,18,0,64,0,0,14,0,14,18,28,32,0,78,0,0,0,78
02/29/2020,AGS,GA,ASO,ES,Combined TRACON& Tower with Radar,14,29,17,11,71,0,0,11,4,15,14,29,28,15,86,0,20,20,106
03/01/2020,AGS,GA,ASO,ES,Combined TRACON& Tower with Radar,16,19,34,0,69,0,9,9,0,18,16,28,43,0,87,2,0,2,89
03/02/2020,AGS,GA,ASO,ES,Combined TRACON& Tower with Radar,17,28,16,4,65,0,0,6,18,24,17,28,22,22,89,0,40,40,129
03/03/2020,AGS,GA,ASO,ES,Combined TRACON& Tower with Radar,17,23,16,0,56,0,0,0,1,1,17,23,16,1,57,6,0,6,63
03/04/2020,AGS,GA,ASO,ES,Combined TRACON& Tower with Radar,19,21,20,0,60,0,0,0,0,0,19,21,20,0,60,0,0,0,60
03/05/2020,AGS,GA,ASO,ES,Combined TRACON& Tower with Radar,23,31,19,0,73,0,0,0,1,1,23,31,19,1,74,0,0,0,74
03/06/2020,AGS,GA,ASO,ES,Combined TRACON& Tower with Radar,25,29,21,0,75,0,0,4,0,4,25,29,25,0,79,0,0,0,79
03/07/2020,AGS,GA,ASO,ES,Combined TRACON& Tower with Radar,19,21,15,2,57,0,2,6,0,8,19,23,21,2,65,0,0,0,65
03/08/2020,AGS,GA,ASO,ES,Combined TRACON& Tower with Radar,19,29,13,0,61,0,2,5,0,7,19,31,18,0,68,12,0,12,80
03/09/2020,AGS,GA,ASO,ES,Combined TRACON& Tower with Radar,20,19,24,10,73,0,4,13,6,23,20,23,37,16,96,6,24,30,126
03/10/2020,AGS,GA,ASO,ES,Combined TRACON& Tower with Radar,20,22,27,9,78,0,1,4,1,6,20,23,31,10,84,4,18,22,106
03/11/2020,AGS,GA,ASO,ES,Combined TRACON& Tower with Radar,20,19,23,21,83,0,1,6,4,11,20,20,29,25,94,0,32,32,126
03/12/2020,AGS,GA,ASO,ES,Combined TRACON& Tower with Radar,22,24,31,13,90,0,1,8,15,24,22,25,39,28,114,6,36,42,156
03/13/2020,AGS,GA,ASO,ES,Combined TRACON& Tower with Radar,21,36,18,20,95,0,2,8,20,30,21,38,26,40,125,8,60,68,193
03/14/2020,AGS,GA,ASO,ES,Combined TRACON& Tower with Radar,16,19,17,0,52,0,2,6,0,8,16,21,23,0,60,22,0,22,82
03/15/2020,AGS,GA,ASO,ES,Combined TRACON& Tower with Radar,21,21,14,0,56,0,0,2,0,2,21,21,16,0,58,12,0,12,70
03/16/2020,AGS,GA,ASO,ES,Combined TRACON& Tower with Radar,19,24,9,1,53,0,1,1,0,2,19,25,10,1,55,0,0,0,55
03/17/2020,AGS,GA,ASO,ES,Combined TRACON& Tower with Radar,22,17,10,1,50,0,0,2,0,2,22,17,12,1,52,0,0,0,52
03/18/2020,AGS,GA,ASO,ES,Combined TRACON& Tower with Radar,22,15,13,9,59,0,1,2,1,4,22,16,15,10,63,0,0,0,63
03/19/2020,AGS,GA,ASO,ES,Combined TRACON& Tower with Radar,21,11,11,12,55,0,0,7,4,11,21,11,18,16,66,0,16,16,82
03/20/2020,AGS,GA,ASO,ES,Combined TRACON& Tower with Radar,18,19,9,1,47,0,1,14,0,15,18,20,23,1,62,8,10,18,80
03/21/2020,AGS,GA,ASO,ES,Combined TRACON& Tower with Radar,14,11,8,0,33,0,2,2,0,4,14,13,10,0,37,14,0,14,51
03/22/2020,AGS,GA,ASO,ES,Combined TRACON& Tower with Radar,18,9,7,0,34,0,0,1,0,1,18,9,8,0,35,0,0,0,35
03/23/2020,AGS,GA,ASO,ES,Combined TRACON& Tower with Radar,15,10,6,0,31,0,0,0,0,0,15,10,6,0,31,0,0,0,31
03/24/2020,AGS,GA,ASO,ES,Combined TRACON& Tower with Radar,12,9,4,0,25,0,0,0,0,0,12,9,4,0,25,0,0,0,25
03/25/2020,AGS,GA,ASO,ES,Combined TRACON& Tower with Radar,9,7,21,5,42,0,0,8,3,11,9,7,29,8,53,2,2,4,57
03/26/2020,AGS,GA,ASO,ES,Combined TRACON& Tower with Radar,10,9,11,7,37,0,0,11,3,14,10,9,22,10,51,0,10,10,61
03/27/2020,AGS,GA,ASO,ES,Combined TRACON& Tower with Radar,9,9,15,2,35,0,1,2,0,3,9,10,17,2,38,12,0,12,50
03/28/2020,AGS,GA,ASO,ES,Combined TRACON& Tower with Radar,10,4,7,0,21,0,0,3,0,3,10,4,10,0,24,0,0,0,24
03/29/2020,AGS,GA,ASO,ES,Combined TRACON& Tower with Radar,10,16,6,0,32,0,0,2,2,4,10,16,8,2,36,0,0,0,36
03/30/2020,AGS,GA,ASO,ES,Combined TRACON& Tower with Radar,9,8,10,8,35,0,2,11,0,13,9,10,21,8,48,0,4,4,52
03/31/2020,AGS,GA,ASO,ES,Combined TRACON& Tower with Radar,8,10,4,0,22,0,0,1,0,1,8,10,5,0,23,0,0,0,23
04/01/2020,AGS,GA,ASO,ES,Combined TRACON& Tower with Radar,3,7,11,2,23,0,1,12,3,16,3,8,23,5,39,0,0,0,39
04/02/2020,AGS,GA,ASO,ES,Combined TRACON& Tower with Radar,9,7,21,8,45,0,3,15,2,20,9,10,36,10,65,0,0,0,65
04/03/2020,AGS,GA,ASO,ES,Combined TRACON& Tower with Radar,8,8,10,6,32,0,0,6,4,10,8,8,16,10,42,6,16,22,64
04/04/2020,AGS,GA,ASO,ES,Combined TRACON& Tower with Radar,12,5,9,13,39,0,0,8,1,9,12,5,17,14,48,2,18,20,68
04/05/2020,AGS,GA,ASO,ES,Combined TRACON& Tower with Radar,7,12,12,0,31,0,0,3,0,3,7,12,15,0,34,0,0,0,34
04/06/2020,AGS,GA,ASO,ES,Combined TRACON& Tower with Radar,9,8,8,2,27,0,0,8,2,10,9,8,16,4,37,2,20,22,59
04/07/2020,AGS,GA,ASO,ES,Combined TRACON& Tower with Radar,6,3,13,2,24,0,0,5,5,10,6,3,18,7,34,0,0,0,34
04/08/2020,AGS,GA,ASO,ES,Combined TRACON& Tower with Radar,8,4,9,13,34,0,0,10,1,11,8,4,19,14,45,8,6,14,59
04/09/2020,AGS,GA,ASO,ES,Combined TRACON& Tower with Radar,6,7,13,2,28,0,0,6,0,6,6,7,19,2,34,8,4,12,46
04/10/2020,AGS,GA,ASO,ES,Combined TRACON& Tower with Radar,8,3,15,0,26,0,1,9,0,10,8,4,24,0,36,0,0,0,36
04/11/2020,AGS,GA,ASO,ES,Combined TRACON& Tower with Radar,9,2,6,0,17,0,4,18,0,22,9,6,24,0,39,0,0,0,39
04/12/2020,AGS,GA,ASO,ES,Combined TRACON& Tower with Radar,7,7,2,0,16,0,0,3,0,3,7,7,5,0,19,0,0,0,19
04/13/2020,AGS,GA,ASO,ES,Combined TRACON& Tower with Radar,6,7,12,0,25,0,0,1,0,1,6,7,13,0,26,0,0,0,26
04/14/2020,AGS,GA,ASO,ES,Combined TRACON& Tower with Radar,7,3,15,37,62,0,0,11,3,14,7,3,26,40,76,8,16,24,100
04/15/2020,AGS,GA,ASO,ES,Combined TRACON& Tower with Radar,10,7,8,2,27,0,0,7,0,7,10,7,15,2,34,10,0,10,44
04/16/2020,AGS,GA,ASO,ES,Combined TRACON& Tower with Radar,11,4,14,15,44,0,0,19,1,20,11,4,33,16,64,6,14,20,84
04/17/2020,AGS,GA,ASO,ES,Combined TRACON& Tower with Radar,7,5,11,14,37,0,0,1,0,1,7,5,12,14,38,0,0,0,38
04/18/2020,AGS,GA,ASO,ES,Combined TRACON& Tower with Radar,9,0,7,0,16,0,0,2,0,2,9,0,9,0,18,2,0,2,20
04/19/2020,AGS,GA,ASO,ES,Combined TRACON& Tower with Radar,7,7,5,0,19,0,2,0,0,2,7,9,5,0,21,0,0,0,21
04/20/2020,AGS,GA,ASO,ES,Combined TRACON& Tower with Radar,7,4,2,15,28,0,0,1,8,9,7,4,3,23,37,0,20,20,57
04/21/2020,AGS,GA,ASO,ES,Combined TRACON& Tower with Radar,7,4,15,8,34,0,2,12,1,15,7,6,27,9,49,2,2,4,53
04/22/2020,AGS,GA,ASO,ES,Combined TRACON& Tower with Radar,7,2,30,3,42,0,0,7,0,7,7,2,37,3,49,14,0,14,63
04/23/2020,AGS,GA,ASO,ES,Combined TRACON& Tower with Radar,9,3,5,7,24,0,0,0,0,0,9,3,5,7,24,0,0,0,24
04/24/2020,AGS,GA,ASO,ES,Combined TRACON& Tower with Radar,9,7,17,0,33,0,0,3,0,3,9,7,20,0,36,0,0,0,36
04/25/2020,AGS,GA,ASO,ES,Combined TRACON& Tower with Radar,7,0,11,8,26,0,0,8,2,10,7,0,19,10,36,18,4,22,58
04/26/2020,AGS,GA,ASO,ES,Combined TRACON& Tower with Radar,7,3,6,0,16,0,0,12,0,12,7,3,18,0,28,0,0,0,28
04/27/2020,AGS,GA,ASO,ES,Combined TRACON& Tower with Radar,7,3,19,26,55,0,0,8,5,13,7,3,27,31,68,0,24,24,92
04/28/2020,AGS,GA,ASO,ES,Combined TRACON& Tower with Radar,5,6,11,2,24,0,0,13,6,19,5,6,24,8,43,2,22,24,67
04/29/2020,AGS,GA,ASO,ES,Combined TRACON& Tower with Radar,7,3,13,18,41,0,1,5,3,9,7,4,18,21,50,0,4,4,54
04/30/2020,AGS,GA,ASO,ES,Combined TRACON& Tower with Radar,7,2,11,17,37,0,0,5,0,5,7,2,16,17,42,6,0,6,48
05/01/2020,AGS,GA,ASO,ES,Combined TRACON& Tower with Radar,8,6,15,7,36,0,3,13,1,17,8,9,28,8,53,6,8,14,67
05/02/2020,AGS,GA,ASO,ES,Combined TRACON& Tower with Radar,7,4,16,0,27,0,0,15,0,15,7,4,31,0,42,12,0,12,54
05/03/2020,AGS,GA,ASO,ES,Combined TRACON& Tower with Radar,7,3,7,0,17,0,0,6,0,6,7,3,13,0,23,12,0,12,35
05/04/2020,AGS,GA,ASO,ES,Combined TRACON& Tower with Radar,1,0,9,8,18,0,0,9,0,9,1,0,18,8,27,0,0,0,27
05/05/2020,AGS,GA,ASO,ES,Combined TRACON& Tower with Radar,0,3,7,11,21,0,1,7,0,8,0,4,14,11,29,6,14,20,49
05/06/2020,AGS,GA,ASO,ES,Combined TRACON& Tower with Radar,1,1,18,2,22,0,0,5,0,5,1,1,23,2,27,6,12,18,45
05/07/2020,AGS,GA,ASO,ES,Combined TRACON& Tower with Radar,4,3,15,5,27,0,0,6,0,6,4,3,21,5,33,12,0,12,45
05/08/2020,AGS,GA,ASO,ES,Combined TRACON& Tower with Radar,4,5,15,0,24,0,0,7,0,7,4,5,22,0,31,0,0,0,31
05/09/2020,AGS,GA,ASO,ES,Combined TRACON& Tower with Radar,4,2,10,0,16,0,0,3,0,3,4,2,13,0,19,6,0,6,25
05/10/2020,AGS,GA,ASO,ES,Combined TRACON& Tower with Radar,4,4,5,0,13,0,2,8,0,10,4,6,13,0,23,0,0,0,23
05/11/2020,AGS,GA,ASO,ES,Combined TRACON& Tower with Radar,4,6,7,2,19,0,0,9,0,9,4,6,16,2,28,0,0,0,28
05/12/2020,AGS,GA,ASO,ES,Combined TRACON& Tower with Radar,4,3,18,9,34,0,6,10,3,19,4,9,28,12,53,0,6,6,59
05/13/2020,AGS,GA,ASO,ES,Combined TRACON& Tower with Radar,5,5,12,5,27,0,0,6,0,6,5,5,18,5,33,0,0,0,33
05/14/2020,AGS,GA,ASO,ES,Combined TRACON& Tower with Radar,6,6,19,2,33,0,2,5,0,7,6,8,24,2,40,0,0,0,40
05/15/2020,AGS,GA,ASO,ES,Combined TRACON& Tower with Radar,4,3,4,2,13,0,0,5,0,5,4,3,9,2,18,12,0,12,30
05/16/2020,AGS,GA,ASO,ES,Combined TRACON& Tower with Radar,4,2,13,4,23,0,0,6,0,6,4,2,19,4,29,2,0,2,31
05/17/2020,AGS,GA,ASO,ES,Combined TRACON& Tower with Radar,4,3,7,0,14,0,0,4,0,4,4,3,11,0,18,0,0,0,18
05/18/2020,AGS,GA,ASO,ES,Combined TRACON& Tower with Radar,4,3,10,1,18,0,0,5,0,5,4,3,15,1,23,10,0,10,33
05/19/2020,AGS,GA,ASO,ES,Combined TRACON& Tower with Radar,4,3,10,1,18,0,0,3,0,3,4,3,13,1,21,0,0,0,21
05/20/2020,AGS,GA,ASO,ES,Combined TRACON& Tower with Radar,6,7,11,1,25,0,0,0,0,0,6,7,11,1,25,0,0,0,25
05/21/2020,AGS,GA,ASO,ES,Combined TRACON& Tower with Radar,8,3,10,5,26,0,0,4,0,4,8,3,14,5,30,0,0,0,30
05/22/2020,AGS,GA,ASO,ES,Combined TRACON& Tower with Radar,4,13,9,1,27,0,4,3,1,8,4,17,12,2,35,10,4,14,49
05/23/2020,AGS,GA,ASO,ES,Combined TRACON& Tower with Radar,2,2,13,0,17,0,0,7,0,7,2,2,20,0,24,6,0,6,30
05/24/2020,AGS,GA,ASO,ES,Combined TRACON& Tower with Radar,5,4,0,0,9,0,0,2,0,2,5,4,2,0,11,0,0,0,11
05/25/2020,AGS,GA,ASO,ES,Combined TRACON& Tower with Radar,4,2,6,0,12,0,0,0,0,0,4,2,6,0,12,0,0,0,12
05/26/2020,AGS,GA,ASO,ES,Combined TRACON& Tower with Radar,4,3,5,1,13,0,0,1,1,2,4,3,6,2,15,0,10,10,25
05/27/2020,AGS,GA,ASO,ES,Combined TRACON& Tower with Radar,6,11,23,5,45,0,0,4,0,4,6,11,27,5,49,24,0,24,73
05/28/2020,AGS,GA,ASO,ES,Combined TRACON& Tower with Radar,7,6,14,2,29,0,0,2,2,4,7,6,16,4,33,20,0,20,53
05/29/2020,AGS,GA,ASO,ES,Combined TRACON& Tower with Radar,5,6,7,2,20,0,0,7,0,7,5,6,14,2,27,6,0,6,33
05/30/2020,AGS,GA,ASO,ES,Combined TRACON& Tower with Radar,4,2,10,2,18,0,0,8,0,8,4,2,18,2,26,16,0,16,42
05/31/2020,AGS,GA,ASO,ES,Combined TRACON& Tower with Radar,4,3,12,0,19,0,2,2,0,4,4,5,14,0,23,0,0,0,23
06/01/2020,AGS,GA,ASO,ES,Combined TRACON& Tower with Radar,4,4,15,8,31,0,3,13,2,18,4,7,28,10,49,4,10,14,63
06/02/2020,AGS,GA,ASO,ES,Combined TRACON& Tower with Radar,4,11,15,1,31,0,0,15,0,15,4,11,30,1,46,38,0,38,84
06/03/2020,AGS,GA,ASO,ES,Combined TRACON& Tower with Radar,4,2,18,2,26,0,2,12,0,14,4,4,30,2,40,18,0,18,58
06/04/2020,AGS,GA,ASO,ES,Combined TRACON& Tower with Radar,6,10,15,6,37,0,4,1,0,5,6,14,16,6,42,0,0,0,42
06/05/2020,AGS,GA,ASO,ES,Combined TRACON& Tower with Radar,6,2,8,11,27,0,0,4,1,5,6,2,12,12,32,6,24,30,62
06/06/2020,AGS,GA,ASO,ES,Combined TRACON& Tower with Radar,4,6,2,0,12,0,1,14,0,15,4,7,16,0,27,0,0,0,27
06/07/2020,AGS,GA,ASO,ES,Combined TRACON& Tower with Radar,4,2,10,0,16,0,2,4,0,6,4,4,14,0,22,6,0,6,28
06/08/2020,AGS,GA,ASO,ES,Combined TRACON& Tower with Radar,4,3,10,6,23,0,0,4,0,4,4,3,14,6,27,32,0,32,59
06/09/2020,AGS,GA,ASO,ES,Combined TRACON& Tower with Radar,4,9,10,2,25,0,4,6,0,10,4,13,16,2,35,0,2,2,37
06/10/2020,AGS,GA,ASO,ES,Combined TRACON& Tower with Radar,4,4,14,0,22,0,0,1,0,1,4,4,15,0,23,0,0,0,23
06/11/2020,AGS,GA,ASO,ES,Combined TRACON& Tower with Radar,5,6,9,10,30,0,2,5,0,7,5,8,14,10,37,4,4,8,45
06/12/2020,AGS,GA,ASO,ES,Combined TRACON& Tower with Radar,5,3,6,0,14,0,0,0,2,2,5,3,6,2,16,32,0,32,48
06/13/2020,AGS,GA,ASO,ES,Combined TRACON& Tower with Radar,4,2,13,2,21,0,2,9,1,12,4,4,22,3,33,32,0,32,65
06/14/2020,AGS,GA,ASO,ES,Combined TRACON& Tower with Radar,4,2,7,0,13,0,1,5,0,6,4,3,12,0,19,8,0,8,27
06/15/2020,AGS,GA,ASO,ES,Combined TRACON& Tower with Radar,4,4,9,10,27,0,0,0,1,1,4,4,9,11,28,0,24,24,52
06/16/2020,AGS,GA,ASO,ES,Combined TRACON& Tower with Radar,4,4,17,22,47,0,0,2,1,3,4,4,19,23,50,0,12,12,62
06/17/2020,AGS,GA,ASO,ES,Combined TRACON& Tower with Radar,5,2,17,9,33,0,2,2,0,4,5,4,19,9,37,0,0,0,37
06/18/2020,AGS,GA,ASO,ES,Combined TRACON& Tower with Radar,6,7,17,8,38,0,0,2,1,3,6,7,19,9,41,4,28,32,73
06/19/2020,AGS,GA,ASO,ES,Combined TRACON& Tower with Radar,4,5,8,0,17,0,0,7,0,7,4,5,15,0,24,10,0,10,34
06/20/2020,AGS,GA,ASO,ES,Combined TRACON& Tower with Radar,4,3,6,0,13,0,4,8,0,12,4,7,14,0,25,0,0,0,25
06/21/2020,AGS,GA,ASO,ES,Combined TRACON& Tower with Radar,4,7,11,0,22,0,1,11,0,12,4,8,22,0,34,10,0,10,44
06/22/2020,AGS,GA,ASO,ES,Combined TRACON& Tower with Radar,4,5,17,8,34,0,5,7,4,16,4,10,24,12,50,0,12,12,62
06/23/2020,AGS,GA,ASO,ES,Combined TRACON& Tower with Radar,4,8,4,6,22,0,0,6,2,8,4,8,10,8,30,2,14,16,46
06/24/2020,AGS,GA,ASO,ES,Combined TRACON& Tower with Radar,4,5,16,3,28,0,1,12,15,28,4,6,28,18,56,0,40,40,96
06/25/2020,AGS,GA,ASO,ES,Combined TRACON& Tower with Radar,6,3,21,0,30,0,0,2,0,2,6,3,23,0,32,0,0,0,32
06/26/2020,AGS,GA,ASO,ES,Combined TRACON& Tower with Radar,4,6,15,6,31,0,1,10,4,15,4,7,25,10,46,16,10,26,72
06/27/2020,AGS,GA,ASO,ES,Combined TRACON& Tower with Radar,4,6,4,1,15,0,1,2,1,4,4,7,6,2,19,6,10,16,35
06/28/2020,AGS,GA,ASO,ES,Combined TRACON& Tower with Radar,4,4,5,0,13,0,1,1,0,2,4,5,6,0,15,0,0,0,15
06/29/2020,AGS,GA,ASO,ES,Combined TRACON& Tower with Radar,4,7,13,2,26,0,0,11,0,11,4,7,24,2,37,14,0,14,51
06/30/2020,AGS,GA,ASO,ES,Combined TRACON& Tower with Radar,4,5,8,1,18,0,0,5,3,8,4,5,13,4,26,16,8,24,50
07/01/2020,AGS,GA,ASO,ES,Combined TRACON& Tower with Radar,4,5,17,3,29,0,1,10,5,16,4,6,27,8,45,0,0,0,45
07/02/2020,AGS,GA,ASO,ES,Combined TRACON& Tower with Radar,8,7,22,0,37,0,4,15,0,19,8,11,37,0,56,12,0,12,68
07/03/2020,AGS,GA,ASO,ES,Combined TRACON& Tower with Radar,8,3,12,0,23,0,0,11,0,11,8,3,23,0,34,24,0,24,58
07/04/2020,AGS,GA,ASO,ES,Combined TRACON& Tower with Radar,10,6,6,0,22,0,2,4,0,6,10,8,10,0,28,20,2,22,50
07/05/2020,AGS,GA,ASO,ES,Combined TRACON& Tower with Radar,8,5,2,0,15,0,0,2,0,2,8,5,4,0,17,26,0,26,43
07/06/2020,AGS,GA,ASO,ES,Combined TRACON& Tower with Radar,8,6,20,4,38,0,0,0,0,0,8,6,20,4,38,28,0,28,66
07/07/2020,AGS,GA,ASO,ES,Combined TRACON& Tower with Radar,11,4,14,2,31,0,0,0,0,0,11,4,14,2,31,0,0,0,31
07/08/2020,AGS,GA,ASO,ES,Combined TRACON& Tower with Radar,13,0,11,0,24,0,0,2,0,2,13,0,13,0,26,0,0,0,26
07/09/2020,AGS,GA,ASO,ES,Combined TRACON& Tower with Radar,14,1,25,4,44,0,0,10,0,10,14,1,35,4,54,20,0,20,74
07/10/2020,AGS,GA,ASO,ES,Combined TRACON& Tower with Radar,14,4,13,4,35,0,1,26,2,29,14,5,39,6,64,42,0,42,106
07/11/2020,AGS,GA,ASO,ES,Combined TRACON& Tower with Radar,14,3,7,0,24,0,0,6,0,6,14,3,13,0,30,0,0,0,30
07/12/2020,AGS,GA,ASO,ES,Combined TRACON& Tower with Radar,14,1,7,0,22,0,0,5,0,5,14,1,12,0,27,6,0,6,33
07/13/2020,AGS,GA,ASO,ES,Combined TRACON& Tower with Radar,14,3,28,2,47,0,2,12,0,14,14,5,40,2,61,2,0,2,63
07/14/2020,AGS,GA,ASO,ES,Combined TRACON& Tower with Radar,13,5,20,6,44,0,0,11,0,11,13,5,31,6,55,36,0,36,91
07/15/2020,AGS,GA,ASO,ES,Combined TRACON& Tower with Radar,13,7,16,0,36,0,1,13,0,14,13,8,29,0,50,12,0,12,62
07/16/2020,AGS,GA,ASO,ES,Combined TRACON& Tower with Radar,18,6,23,10,57,0,0,8,0,8,18,6,31,10,65,22,0,22,87
07/17/2020,AGS,GA,ASO,ES,Combined TRACON& Tower with Radar,14,1,9,2,26,0,2,6,0,8,14,3,15,2,34,0,0,0,34
07/18/2020,AGS,GA,ASO,ES,Combined TRACON& Tower with Radar,13,3,4,0,20,0,2,14,0,16,13,5,18,0,36,28,0,28,64
07/19/2020,AGS,GA,ASO,ES,Combined TRACON& Tower with Radar,14,3,6,1,24,0,4,7,3,14,14,7,13,4,38,34,0,34,72
07/20/2020,AGS,GA,ASO,ES,Combined TRACON& Tower with Radar,16,5,9,1,31,0,11,5,2,18,16,16,14,3,49,0,0,0,49
07/21/2020,AGS,GA,ASO,ES,Combined TRACON& Tower with Radar,14,4,6,22,46,0,2,7,3,12,14,6,13,25,58,20,12,32,90
07/22/2020,AGS,GA,ASO,ES,Combined TRACON& Tower with Radar,13,1,13,3,30,1,0,2,1,4,14,1,15,4,34,14,0,14,48
07/23/2020,AGS,GA,ASO,ES,Combined TRACON& Tower with Radar,16,3,12,1,32,0,0,0,0,0,16,3,12,1,32,0,0,0,32
07/24/2020,AGS,GA,ASO,ES,Combined TRACON& Tower with Radar,13,1,16,0,30,0,0,15,2,17,13,1,31,2,47,6,0,6,53
07/25/2020,AGS,GA,ASO,ES,Combined TRACON& Tower with Radar,14,3,11,0,28,0,1,6,0,7,14,4,17,0,35,24,0,24,59
07/26/2020,AGS,GA,ASO,ES,Combined TRACON& Tower with Radar,15,0,12,0,27,0,0,3,0,3,15,0,15,0,30,0,0,0,30
07/27/2020,AGS,GA,ASO,ES,Combined TRACON& Tower with Radar,15,3,19,18,55,0,0,9,8,17,15,3,28,26,72,0,24,24,96
07/28/2020,AGS,GA,ASO,ES,Combined TRACON& Tower with Radar,13,10,15,7,45,0,5,9,1,15,13,15,24,8,60,16,26,42,102
07/29/2020,AGS,GA,ASO,ES,Combined TRACON& Tower with Radar,13,1,20,3,37,0,0,3,1,4,13,1,23,4,41,6,0,6,47
07/30/2020,AGS,GA,ASO,ES,Combined TRACON& Tower with Radar,14,1,24,2,41,0,0,6,0,6,14,1,30,2,47,20,0,20,67
07/31/2020,AGS,GA,ASO,ES,Combined TRACON& Tower with Radar,16,8,16,9,49,0,8,3,1,12,16,16,19,10,61,0,0,0,61
08/01/2020,AGS,GA,ASO,ES,Combined TRACON& Tower with Radar,17,0,8,0,25,0,2,13,0,15,17,2,21,0,40,24,0,24,64
08/02/2020,AGS,GA,ASO,ES,Combined TRACON& Tower with Radar,17,1,8,2,28,0,0,5,0,5,17,1,13,2,33,0,0,0,33
08/03/2020,AGS,GA,ASO,ES,Combined TRACON& Tower with Radar,29,2,19,3,53,0,1,2,2,5,29,3,21,5,58,12,4,16,74
08/04/2020,AGS,GA,ASO,ES,Combined TRACON& Tower with Radar,17,0,21,2,40,0,1,4,2,7,17,1,25,4,47,0,0,0,47
08/05/2020,AGS,GA,ASO,ES,Combined TRACON& Tower with Radar,16,0,12,0,28,0,0,5,0,5,16,0,17,0,33,10,0,10,43
08/06/2020,AGS,GA,ASO,ES,Combined TRACON& Tower with Radar,17,0,17,0,34,0,0,3,2,5,17,0,20,2,39,0,0,0,39
08/07/2020,AGS,GA,ASO,ES,Combined TRACON& Tower with Radar,19,5,10,8,42,0,0,2,0,2,19,5,12,8,44,10,0,10,54
08/08/2020,AGS,GA,ASO,ES,Combined TRACON& Tower with Radar,17,8,15,0,40,0,2,2,0,4,17,10,17,0,44,0,0,0,44
08/09/2020,AGS,GA,ASO,ES,Combined TRACON& Tower with Radar,17,2,5,0,24,0,0,5,0,5,17,2,10,0,29,18,0,18,47
08/10/2020,AGS,GA,ASO,ES,Combined TRACON& Tower with Radar,23,3,10,0,36,0,3,2,0,5,23,6,12,0,41,28,0,28,69
08/11/2020,AGS,GA,ASO,ES,Combined TRACON& Tower with Radar,16,2,19,6,43,0,0,5,4,9,16,2,24,10,52,0,24,24,76
08/12/2020,AGS,GA,ASO,ES,Combined TRACON& Tower with Radar,16,7,13,18,54,0,0,2,0,2,16,7,15,18,56,0,16,16,72
08/13/2020,AGS,GA,ASO,ES,Combined TRACON& Tower with Radar,18,4,19,15,56,0,1,7,1,9,18,5,26,16,65,4,0,4,69
08/14/2020,AGS,GA,ASO,ES,Combined TRACON& Tower with Radar,20,3,16,8,47,0,2,2,0,4,20,5,18,8,51,0,4,4,55
08/15/2020,AGS,GA,ASO,ES,Combined TRACON& Tower with Radar,21,4,9,1,35,0,0,7,0,7,21,4,16,1,42,0,0,0,42
08/16/2020,AGS,GA,ASO,ES,Combined TRACON& Tower with Radar,17,2,3,1,23,0,0,5,0,5,17,2,8,1,28,0,0,0,28
08/17/2020,AGS,GA,ASO,ES,Combined TRACON& Tower with Radar,17,3,10,5,35,0,0,15,6,21,17,3,25,11,56,6,12,18,74
08/18/2020,AGS,GA,ASO,ES,Combined TRACON& Tower with Radar,16,2,22,1,41,0,0,6,0,6,16,2,28,1,47,0,0,0,47
08/19/2020,AGS,GA,ASO,ES,Combined TRACON& Tower with Radar,16,1,14,16,47,0,0,3,1,4,16,1,17,17,51,20,4,24,75
08/20/2020,AGS,GA,ASO,ES,Combined TRACON& Tower with Radar,17,0,14,9,40,0,0,8,3,11,17,0,22,12,51,0,4,4,55
08/21/2020,AGS,GA,ASO,ES,Combined TRACON& Tower with Radar,17,5,12,4,38,0,0,3,1,4,17,5,15,5,42,4,8,12,54
08/22/2020,AGS,GA,ASO,ES,Combined TRACON& Tower with Radar,17,2,12,0,31,0,1,6,0,7,17,3,18,0,38,0,0,0,38
08/23/2020,AGS,GA,ASO,ES,Combined TRACON& Tower with Radar,18,2,8,0,28,0,0,2,0,2,18,2,10,0,30,0,0,0,30
08/24/2020,AGS,GA,ASO,ES,Combined TRACON& Tower with Radar,17,0,7,0,24,0,0,0,0,0,17,0,7,0,24,0,0,0,24
08/25/2020,AGS,GA,ASO,ES,Combined TRACON& Tower with Radar,20,0,11,9,40,0,0,2,2,4,20,0,13,11,44,16,0,16,60
08/26/2020,AGS,GA,ASO,ES,Combined TRACON& Tower with Radar,16,2,8,13,39,0,0,2,3,5,16,2,10,16,44,0,8,8,52
08/27/2020,AGS,GA,ASO,ES,Combined TRACON& Tower with Radar,19,3,19,11,52,0,3,8,6,17,19,6,27,17,69,12,8,20,89
08/28/2020,AGS,GA,ASO,ES,Combined TRACON& Tower with Radar,17,8,16,17,58,0,0,9,0,9,17,8,25,17,67,0,20,20,87
08/29/2020,AGS,GA,ASO,ES,Combined TRACON& Tower with Radar,17,2,3,0,22,0,0,2,0,2,17,2,5,0,24,8,0,8,32
08/30/2020,AGS,GA,ASO,ES,Combined TRACON& Tower with Radar,14,2,6,1,23,0,0,9,0,9,14,2,15,1,32,20,0,20,52
08/31/2020,AGS,GA,ASO,ES,Combined TRACON& Tower with Radar,17,1,13,5,36,0,0,7,0,7,17,1,20,5,43,6,0,6,49
09/01/2020,AGS,GA,ASO,ES,Combined TRACON& Tower with Radar,18,4,28,20,70,0,0,15,2,17,18,4,43,22,87,0,12,12,99
09/02/2020,AGS,GA,ASO,ES,Combined TRACON& Tower with Radar,16,0,24,21,61,0,10,11,7,28,16,10,35,28,89,16,18,34,123
09/03/2020,AGS,GA,ASO,ES,Combined TRACON& Tower with Radar,17,5,22,16,60,0,0,17,8,25,17,5,39,24,85,0,18,18,103
09/04/2020,AGS,GA,ASO,ES,Combined TRACON& Tower with Radar,17,2,14,7,40,0,4,7,3,14,17,6,21,10,54,20,6,26,80
09/05/2020,AGS,GA,ASO,ES,Combined TRACON& Tower with Radar,19,0,3,2,24,0,6,11,0,17,19,6,14,2,41,4,0,4,45
09/06/2020,AGS,GA,ASO,ES,Combined TRACON& Tower with Radar,16,0,1,0,17,0,2,3,1,6,16,2,4,1,23,2,0,2,25
09/07/2020,AGS,GA,ASO,ES,Combined TRACON& Tower with Radar,17,1,4,0,22,0,1,16,0,17,17,2,20,0,39,12,0,12,51
09/08/2020,AGS,GA,ASO,ES,Combined TRACON& Tower with Radar,16,2,18,2,38,0,0,5,0,5,16,2,23,2,43,10,0,10,53
09/09/2020,AGS,GA,ASO,ES,Combined TRACON& Tower with Radar,15,3,12,2,32,1,0,0,0,1,16,3,12,2,33,0,0,0,33
09/10/2020,AGS,GA,ASO,ES,Combined TRACON& Tower with Radar,14,0,15,0,29,0,0,5,0,5,14,0,20,0,34,4,0,4,38
09/11/2020,AGS,GA,ASO,ES,Combined TRACON& Tower with Radar,17,1,17,0,35,0,5,7,1,13,17,6,24,1,48,4,0,4,52
09/12/2020,AGS,GA,ASO,ES,Combined TRACON& Tower with Radar,18,1,7,2,28,1,2,5,1,9,19,3,12,3,37,30,0,30,67
09/13/2020,AGS,GA,ASO,ES,Combined TRACON& Tower with Radar,20,7,15,0,42,0,0,6,0,6,20,7,21,0,48,12,0,12,60
09/14/2020,AGS,GA,ASO,ES,Combined TRACON& Tower with Radar,18,5,15,2,40,0,3,22,0,25,18,8,37,2,65,54,0,54,119
09/15/2020,AGS,GA,ASO,ES,Combined TRACON& Tower with Radar,18,3,16,6,43,0,0,3,0,3,18,3,19,6,46,32,0,32,78
09/16/2020,AGS,GA,ASO,ES,Combined TRACON& Tower with Radar,18,3,8,0,29,0,0,6,0,6,18,3,14,0,35,0,0,0,35
09/17/2020,AGS,GA,ASO,ES,Combined TRACON& Tower with Radar,18,5,5,0,28,0,0,1,1,2,18,5,6,1,30,0,0,0,30
09/18/2020,AGS,GA,ASO,ES,Combined TRACON& Tower with Radar,20,1,15,10,46,0,1,5,0,6,20,2,20,10,52,10,0,10,62
09/19/2020,AGS,GA,ASO,ES,Combined TRACON& Tower with Radar,18,1,6,0,25,0,2,13,2,17,18,3,19,2,42,48,0,48,90
09/20/2020,AGS,GA,ASO,ES,Combined TRACON& Tower with Radar,18,1,3,0,22,0,4,9,0,13,18,5,12,0,35,8,0,8,43
09/21/2020,AGS,GA,ASO,ES,Combined TRACON& Tower with Radar,18,1,17,6,42,0,0,10,7,17,18,1,27,13,59,24,4,28,87
09/22/2020,AGS,GA,ASO,ES,Combined TRACON& Tower with Radar,17,3,13,16,49,0,1,13,12,26,17,4,26,28,75,14,48,62,137
09/23/2020,AGS,GA,ASO,ES,Combined TRACON& Tower with Radar,20,5,30,4,59,0,11,17,2,30,20,16,47,6,89,52,16,68,157
09/24/2020,AGS,GA,ASO,ES,Combined TRACON& Tower with Radar,20,3,14,3,40,0,2,12,4,18,20,5,26,7,58,24,18,42,100
09/25/2020,AGS,GA,ASO,ES,Combined TRACON& Tower with Radar,20,6,12,4,42,0,0,6,2,8,20,6,18,6,50,4,0,4,54
09/26/2020,AGS,GA,ASO,ES,Combined TRACON& Tower with Radar,18,6,13,0,37,0,5,3,0,8,18,11,16,0,45,0,0,0,45
09/27/2020,AGS,GA,ASO,ES,Combined TRACON& Tower with Radar,20,4,8,0,32,0,0,0,0,0,20,4,8,0,32,0,0,0,32
09/28/2020,AGS,GA,ASO,ES,Combined TRACON& Tower with Radar,20,6,16,6,48,0,0,5,0,5,20,6,21,6,53,0,0,0,53
09/29/2020,AGS,GA,ASO,ES,Combined TRACON& Tower with Radar,18,3,19,0,40,0,0,0,0,0,18,3,19,0,40,0,0,0,40
09/30/2020,AGS,GA,ASO,ES,Combined TRACON& Tower with Radar,18,8,24,3,53,0,4,5,5,14,18,12,29,8,67,36,8,44,111
10/01/2020,AGS,GA,ASO,ES,Combined TRACON& Tower with Radar,20,0,14,2,36,0,0,9,2,11,20,0,23,4,47,6,2,8,55
10/02/2020,AGS,GA,ASO,ES,Combined TRACON& Tower with Radar,18,2,13,15,48,0,9,10,1,20,18,11,23,16,68,28,26,54,122
10/03/2020,AGS,GA,ASO,ES,Combined TRACON& Tower with Radar,18,3,7,3,31,0,12,7,3,22,18,15,14,6,53,6,0,6,59
10/04/2020,AGS,GA,ASO,ES,Combined TRACON& Tower with Radar,18,0,4,6,28,0,8,5,4,17,18,8,9,10,45,14,14,28,73
10/05/2020,AGS,GA,ASO,ES,Combined TRACON& Tower with Radar,18,1,6,21,46,0,0,12,11,23,18,1,18,32,69,30,56,86,155
10/06/2020,AGS,GA,ASO,ES,Combined TRACON& Tower with Radar,18,2,11,20,51,0,1,12,3,16,18,3,23,23,67,42,14,56,123
10/07/2020,AGS,GA,ASO,ES,Combined TRACON& Tower with Radar,16,12,18,7,53,0,2,17,0,19,16,14,35,7,72,16,0,16,88
10/08/2020,AGS,GA,ASO,ES,Combined TRACON& Tower with Radar,18,2,15,9,44,0,4,18,0,22,18,6,33,9,66,0,0,0,66
10/09/2020,AGS,GA,ASO,ES,Combined TRACON& Tower with Radar,19,5,10,3,37,0,1,7,2,10,19,6,17,5,47,0,16,16,63
10/10/2020,AGS,GA,ASO,ES,Combined TRACON& Tower with Radar,22,4,9,0,35,0,0,4,0,4,22,4,13,0,39,10,0,10,49
10/11/2020,AGS,GA,ASO,ES,Combined TRACON& Tower with Radar,19,7,9,0,35,0,0,7,0,7,19,7,16,0,42,0,0,0,42
10/12/2020,AGS,GA,ASO,ES,Combined TRACON& Tower with Radar,18,7,16,0,41,0,0,4,0,4,18,7,20,0,45,0,0,0,45
10/13/2020,AGS,GA,ASO,ES,Combined TRACON& Tower with Radar,16,9,19,13,57,0,6,16,6,28,16,15,35,19,85,18,28,46,131
10/14/2020,AGS,GA,ASO,ES,Combined TRACON& Tower with Radar,16,11,22,16,65,0,0,6,4,10,16,11,28,20,75,2,8,10,85
10/15/2020,AGS,GA,ASO,ES,Combined TRACON& Tower with Radar,18,10,20,7,55,0,2,7,6,15,18,12,27,13,70,12,4,16,86
10/16/2020,AGS,GA,ASO,ES,Combined TRACON& Tower with Radar,18,17,28,4,67,0,6,10,1,17,18,23,38,5,84,8,8,16,100
10/17/2020,AGS,GA,ASO,ES,Combined TRACON& Tower with Radar,19,15,18,9,61,0,9,4,2,15,19,24,22,11,76,4,8,12,88
10/18/2020,AGS,GA,ASO,ES,Combined TRACON& Tower with Radar,18,6,18,0,42,0,6,9,0,15,18,12,27,0,57,18,0,18,75
10/19/2020,AGS,GA,ASO,ES,Combined TRACON& Tower with Radar,20,14,19,14,67,0,0,9,8,17,20,14,28,22,84,21,46,67,151
10/20/2020,AGS,GA,ASO,ES,Combined TRACON& Tower with Radar,18,9,25,22,74,0,0,12,6,18,18,9,37,28,92,16,36,52,144
10/21/2020,AGS,GA,ASO,ES,Combined TRACON& Tower with Radar,16,19,46,8,89,0,2,13,0,15,16,21,59,8,104,0,0,0,104
10/22/2020,AGS,GA,ASO,ES,Combined TRACON& Tower with Radar,18,22,46,13,99,0,0,8,3,11,18,22,54,16,110,24,22,46,156
10/23/2020,AGS,GA,ASO,ES,Combined TRACON& Tower with Radar,20,16,32,6,74,0,0,7,0,7,20,16,39,6,81,12,0,12,93
10/24/2020,AGS,GA,ASO,ES,Combined TRACON& Tower with Radar,17,22,27,0,66,0,0,14,0,14,17,22,41,0,80,24,0,24,104
10/25/2020,AGS,GA,ASO,ES,Combined TRACON& Tower with Radar,17,12,19,0,48,0,0,0,0,0,17,12,19,0,48,0,0,0,48
10/26/2020,AGS,GA,ASO,ES,Combined TRACON& Tower with Radar,17,17,28,4,66,0,0,2,0,2,17,17,30,4,68,0,0,0,68
10/27/2020,AGS,GA,ASO,ES,Combined TRACON& Tower with Radar,15,11,37,30,93,0,1,4,2,7,15,12,41,32,100,0,10,10,110
10/28/2020,AGS,GA,ASO,ES,Combined TRACON& Tower with Radar,15,22,23,2,62,0,1,2,0,3,15,23,25,2,65,16,0,16,81
10/29/2020,AGS,GA,ASO,ES,Combined TRACON& Tower with Radar,17,23,27,11,78,0,0,2,1,3,17,23,29,12,81,14,0,14,95
10/30/2020,AGS,GA,ASO,ES,Combined TRACON& Tower with Radar,19,17,30,2,68,0,10,14,0,24,19,27,44,2,92,0,0,0,92
10/31/2020,AGS,GA,ASO,ES,Combined TRACON& Tower with Radar,15,11,13,1,40,0,0,11,0,11,15,11,24,1,51,28,0,28,79
11/01/2020,AGS,GA,ASO,ES,Combined TRACON& Tower with Radar,15,4,7,0,26,0,0,3,0,3,15,4,10,0,29,0,0,0,29
11/02/2020,AGS,GA,ASO,ES,Combined TRACON& Tower with Radar,17,4,21,4,46,0,0,6,2,8,17,4,27,6,54,34,12,46,100
11/03/2020,AGS,GA,ASO,ES,Combined TRACON& Tower with Radar,16,5,7,11,39,0,6,6,3,15,16,11,13,14,54,8,12,20,74
11/04/2020,AGS,GA,ASO,ES,Combined TRACON& Tower with Radar,15,17,27,16,75,0,0,9,0,9,15,17,36,16,84,2,0,2,86
11/05/2020,AGS,GA,ASO,ES,Combined TRACON& Tower with Radar,15,8,28,10,61,0,0,11,3,14,15,8,39,13,75,6,22,28,103
11/06/2020,AGS,GA,ASO,ES,Combined TRACON& Tower with Radar,16,9,14,9,48,0,3,4,1,8,16,12,18,10,56,30,18,48,104
11/07/2020,AGS,GA,ASO,ES,Combined TRACON& Tower with Radar,15,22,19,1,57,0,1,10,1,12,15,23,29,2,69,12,0,12,81
11/08/2020,AGS,GA,ASO,ES,Combined TRACON& Tower with Radar,19,40,34,0,93,0,0,2,0,2,19,40,36,0,95,16,0,16,111
11/09/2020,AGS,GA,ASO,ES,Combined TRACON& Tower with Radar,20,19,34,3,76,0,0,14,1,15,20,19,48,4,91,4,0,4,95
11/10/2020,AGS,GA,ASO,ES,Combined TRACON& Tower with Radar,16,12,16,0,44,0,0,3,0,3,16,12,19,0,47,0,0,0,47
11/11/2020,AGS,GA,ASO,ES,Combined TRACON& Tower with Radar,16,26,30,0,72,0,0,1,0,1,16,26,31,0,73,0,0,0,73
11/12/2020,AGS,GA,ASO,ES,Combined TRACON& Tower with Radar,23,36,23,0,82,0,0,6,0,6,23,36,29,0,88,0,0,0,88
11/13/2020,AGS,GA,ASO,ES,Combined TRACON& Tower with Radar,19,25,32,0,76,0,1,11,0,12,19,26,43,0,88,0,0,0,88
11/14/2020,AGS,GA,ASO,ES,Combined TRACON& Tower with Radar,19,34,26,0,79,0,4,12,1,17,19,38,38,1,96,0,0,0,96
11/15/2020,AGS,GA,ASO,ES,Combined TRACON& Tower with Radar,21,67,52,0,140,0,2,7,0,9,21,69,59,0,149,0,0,0,149
11/16/2020,AGS,GA,ASO,ES,Combined TRACON& Tower with Radar,21,15,20,0,56,0,2,0,0,2,21,17,20,0,58,0,0,0,58
11/17/2020,AGS,GA,ASO,ES,Combined TRACON& Tower with Radar,14,5,20,8,47,0,0,14,5,19,14,5,34,13,66,4,8,12,78
11/18/2020,AGS,GA,ASO,ES,Combined TRACON& Tower with Radar,15,10,16,22,63,0,0,11,5,16,15,10,27,27,79,26,4,30,109
11/19/2020,AGS,GA,ASO,ES,Combined TRACON& Tower with Radar,18,9,19,1,47,0,1,18,4,23,18,10,37,5,70,6,6,12,82
11/20/2020,AGS,GA,ASO,ES,Combined TRACON& Tower with Radar,18,17,21,6,62,1,0,10,1,12,19,17,31,7,74,0,0,0,74
11/21/2020,AGS,GA,ASO,ES,Combined TRACON& Tower with Radar,18,9,11,0,38,0,0,10,0,10,18,9,21,0,48,4,0,4,52
11/22/2020,AGS,GA,ASO,ES,Combined TRACON& Tower with Radar,17,19,27,2,65,0,0,9,0,9,17,19,36,2,74,0,0,0,74
11/23/2020,AGS,GA,ASO,ES,Combined TRACON& Tower with Radar,15,26,13,10,64,0,4,12,0,16,15,30,25,10,80,8,0,8,88
11/24/2020,AGS,GA,ASO,ES,Combined TRACON& Tower with Radar,17,15,20,23,75,0,4,10,1,15,17,19,30,24,90,10,14,24,114
11/25/2020,AGS,GA,ASO,ES,Combined TRACON& Tower with Radar,16,18,17,0,51,1,2,9,0,12,17,20,26,0,63,18,0,18,81
11/26/2020,AGS,GA,ASO,ES,Combined TRACON& Tower with Radar,10,4,1,0,15,0,0,0,0,0,10,4,1,0,15,0,0,0,15
11/27/2020,AGS,GA,ASO,ES,Combined TRACON& Tower with Radar,15,16,9,0,40,0,0,10,0,10,15,16,19,0,50,20,6,26,76
11/28/2020,AGS,GA,ASO,ES,Combined TRACON& Tower with Radar,19,15,44,0,78,0,0,0,0,0,19,15,44,0,78,0,0,0,78
11/29/2020,AGS,GA,ASO,ES,Combined TRACON& Tower with Radar,18,11,14,0,43,0,0,1,0,1,18,11,15,0,44,14,0,14,58
11/30/2020,AGS,GA,ASO,ES,Combined TRACON& Tower with Radar,18,8,14,0,40,0,0,0,0,0,18,8,14,0,40,0,0,0,40
12/01/2020,AGS,GA,ASO,ES,Combined TRACON& Tower with Radar,17,12,14,10,53,0,0,3,5,8,17,12,17,15,61,4,0,4,65
12/02/2020,AGS,GA,ASO,ES,Combined TRACON& Tower with Radar,15,10,26,19,70,1,6,12,8,27,16,16,38,27,97,11,50,61,158
12/03/2020,AGS,GA,ASO,ES,Combined TRACON& Tower with Radar,19,10,27,8,64,0,2,8,2,12,19,12,35,10,76,0,0,0,76
12/04/2020,AGS,GA,ASO,ES,Combined TRACON& Tower with Radar,17,12,17,11,57,0,0,0,2,2,17,12,17,13,59,0,8,8,67
12/05/2020,AGS,GA,ASO,ES,Combined TRACON& Tower with Radar,14,18,11,0,43,1,2,6,0,9,15,20,17,0,52,6,0,6,58
12/06/2020,AGS,GA,ASO,ES,Combined TRACON& Tower with Radar,20,10,12,0,42,0,3,14,0,17,20,13,26,0,59,2,0,2,61
12/07/2020,AGS,GA,ASO,ES,Combined TRACON& Tower with Radar,19,10,23,15,67,0,1,7,0,8,19,11,30,15,75,22,0,22,97
12/08/2020,AGS,GA,ASO,ES,Combined TRACON& Tower with Radar,14,9,12,32,67,1,6,9,5,21,15,15,21,37,88,70,60,130,218
12/09/2020,AGS,GA,ASO,ES,Combined TRACON& Tower with Radar,15,10,10,15,50,0,1,7,11,19,15,11,17,26,69,10,30,40,109
12/10/2020,AGS,GA,ASO,ES,Combined TRACON& Tower with Radar,17,15,13,13,58,0,2,8,3,13,17,17,21,16,71,0,18,18,89
12/11/2020,AGS,GA,ASO,ES,Combined TRACON& Tower with Radar,20,20,20,0,60,0,0,11,0,11,20,20,31,0,71,22,0,22,93
12/12/2020,AGS,GA,ASO,ES,Combined TRACON& Tower with Radar,14,11,14,0,39,0,0,11,0,11,14,11,25,0,50,26,0,26,76
12/13/2020,AGS,GA,ASO,ES,Combined TRACON& Tower with Radar,16,8,13,0,37,0,0,2,0,2,16,8,15,0,39,0,0,0,39
12/14/2020,AGS,GA,ASO,ES,Combined TRACON& Tower with Radar,16,15,26,1,58,0,0,6,3,9,16,15,32,4,67,0,0,0,67
12/15/2020,AGS,GA,ASO,ES,Combined TRACON& Tower with Radar,16,10,21,31,78,0,0,5,5,10,16,10,26,36,88,22,18,40,128
12/16/2020,AGS,GA,ASO,ES,Combined TRACON& Tower with Radar,15,14,19,1,49,0,0,0,0,0,15,14,19,1,49,0,0,0,49
12/17/2020,AGS,GA,ASO,ES,Combined TRACON& Tower with Radar,16,16,23,23,78,1,0,4,0,5,17,16,27,23,83,0,10,10,93
12/18/2020,AGS,GA,ASO,ES,Combined TRACON& Tower with Radar,16,15,33,5,69,0,2,23,5,30,16,17,56,10,99,20,2,22,121
12/19/2020,AGS,GA,ASO,ES,Combined TRACON& Tower with Radar,17,12,23,0,52,0,0,14,0,14,17,12,37,0,66,10,0,10,76
12/20/2020,AGS,GA,ASO,ES,Combined TRACON& Tower with Radar,17,9,17,0,43,0,0,0,0,0,17,9,17,0,43,0,0,0,43
12/21/2020,AGS,GA,ASO,ES,Combined TRACON& Tower with Radar,17,13,7,2,39,0,0,4,0,4,17,13,11,2,43,4,0,4,47
12/22/2020,AGS,GA,ASO,ES,Combined TRACON& Tower with Radar,16,10,17,2,45,0,1,8,2,11,16,11,25,4,56,20,0,20,76
12/23/2020,AGS,GA,ASO,ES,Combined TRACON& Tower with Radar,16,8,13,2,39,1,0,14,0,15,17,8,27,2,54,12,0,12,66
12/24/2020,AGS,GA,ASO,ES,Combined TRACON& Tower with Radar,12,5,1,0,18,0,0,2,0,2,12,5,3,0,20,0,0,0,20
12/25/2020,AGS,GA,ASO,ES,Combined TRACON& Tower with Radar,11,5,4,0,20,0,0,0,0,0,11,5,4,0,20,0,0,0,20
12/26/2020,AGS,GA,ASO,ES,Combined TRACON& Tower with Radar,17,8,23,0,48,0,2,8,2,12,17,10,31,2,60,26,0,26,86
12/27/2020,AGS,GA,ASO,ES,Combined TRACON& Tower with Radar,17,6,8,0,31,0,0,11,2,13,17,6,19,2,44,10,0,10,54
12/28/2020,AGS,GA,ASO,ES,Combined TRACON& Tower with Radar,17,5,7,12,41,0,0,17,3,20,17,5,24,15,61,0,0,0,61
12/29/2020,AGS,GA,ASO,ES,Combined TRACON& Tower with Radar,15,5,11,0,31,1,1,19,0,21,16,6,30,0,52,12,0,12,64
12/30/2020,AGS,GA,ASO,ES,Combined TRACON& Tower with Radar,17,11,8,0,36,0,0,1,0,1,17,11,9,0,37,14,0,14,51
12/31/2020,AGS,GA,ASO,ES,Combined TRACON& Tower with Radar,11,6,7,0,24,0,0,0,0,0,11,6,7,0,24,0,0,0,24
01/01/2021,AGS,GA,ASO,ES,Combined TRACON& Tower with Radar,15,8,8,0,31,0,0,0,0,0,15,8,8,0,31,0,0,0,31
01/02/2021,AGS,GA,ASO,ES,Combined TRACON& Tower with Radar,20,9,9,0,38,0,0,0,0,0,20,9,9,0,38,0,0,0,38
01/03/2021,AGS,GA,ASO,ES,Combined TRACON& Tower with Radar,16,8,8,0,32,1,3,4,0,8,17,11,12,0,40,0,0,0,40
01/04/2021,AGS,GA,ASO,ES,Combined TRACON& Tower with Radar,16,7,16,0,39,0,2,11,2,15,16,9,27,2,54,22,0,22,76
01/05/2021,AGS,GA,ASO,ES,Combined TRACON& Tower with Radar,15,7,25,3,50,0,3,13,3,19,15,10,38,6,69,4,8,12,81
01/06/2021,AGS,GA,ASO,ES,Combined TRACON& Tower with Radar,16,8,23,2,49,0,3,8,0,11,16,11,31,2,60,24,0,24,84
01/07/2021,AGS,GA,ASO,ES,Combined TRACON& Tower with Radar,15,9,19,0,43,0,1,2,0,3,15,10,21,0,46,0,0,0,46
01/08/2021,AGS,GA,ASO,ES,Combined TRACON& Tower with Radar,15,9,8,4,36,0,0,0,0,0,15,9,8,4,36,0,0,0,36
01/09/2021,AGS,GA,ASO,ES,Combined TRACON& Tower with Radar,14,4,8,0,26,0,0,12,2,14,14,4,20,2,40,8,0,8,48
01/10/2021,AGS,GA,ASO,ES,Combined TRACON& Tower with Radar,16,6,24,0,46,0,2,11,0,13,16,8,35,0,59,24,0,24,83
01/11/2021,AGS,GA,ASO,ES,Combined TRACON& Tower with Radar,18,15,15,11,59,0,0,4,0,4,18,15,19,11,63,0,0,0,63
01/12/2021,AGS,GA,ASO,ES,Combined TRACON& Tower with Radar,16,15,15,30,76,0,2,0,0,2,16,17,15,30,78,6,4,10,88
01/13/2021,AGS,GA,ASO,ES,Combined TRACON& Tower with Radar,15,4,21,16,56,0,0,1,2,3,15,4,22,18,59,24,0,24,83
01/14/2021,AGS,GA,ASO,ES,Combined TRACON& Tower with Radar,17,11,23,8,59,0,3,19,0,22,17,14,42,8,81,14,12,26,107
01/15/2021,AGS,GA,ASO,ES,Combined TRACON& Tower with Radar,17,6,14,10,47,0,0,2,0,2,17,6,16,10,49,0,0,0,49
01/16/2021,AGS,GA,ASO,ES,Combined TRACON& Tower with Radar,15,4,9,0,28,0,0,2,0,2,15,4,11,0,30,0,0,0,30
01/17/2021,AGS,GA,ASO,ES,Combined TRACON& Tower with Radar,14,7,11,0,32,0,0,11,0,11,14,7,22,0,43,6,0,6,49
01/18/2021,AGS,GA,ASO,ES,Combined TRACON& Tower with Radar,14,11,17,0,42,1,2,10,0,13,15,13,27,0,55,18,0,18,73
01/19/2021,AGS,GA,ASO,ES,Combined TRACON& Tower with Radar,17,8,21,12,58,1,0,20,5,26,18,8,41,17,84,0,20,20,104
01/20/2021,AGS,GA,ASO,ES,Combined TRACON& Tower with Radar,15,4,16,4,39,0,2,3,3,8,15,6,19,7,47,6,0,6,53
01/21/2021,AGS,GA,ASO,ES,Combined TRACON& Tower with Radar,14,14,16,4,48,1,0,0,0,1,15,14,16,4,49,20,16,36,85
01/22/2021,AGS,GA,ASO,ES,Combined TRACON& Tower with Radar,16,7,13,2,38,0,0,6,0,6,16,7,19,2,44,50,0,50,94
01/23/2021,AGS,GA,ASO,ES,Combined TRACON& Tower with Radar,14,8,17,0,39,0,1,27,0,28,14,9,44,0,67,38,0,38,105
01/24/2021,AGS,GA,ASO,ES,Combined TRACON& Tower with Radar,16,12,16,12,56,0,1,14,0,15,16,13,30,12,71,2,0,2,73
01/25/2021,AGS,GA,ASO,ES,Combined TRACON& Tower with Radar,15,19,7,3,44,1,0,1,1,3,16,19,8,4,47,0,0,0,47
01/26/2021,AGS,GA,ASO,ES,Combined TRACON& Tower with Radar,16,14,18,0,48,0,0,0,0,0,16,14,18,0,48,12,0,12,60
01/27/2021,AGS,GA,ASO,ES,Combined TRACON& Tower with Radar,15,7,11,0,33,0,0,0,0,0,15,7,11,0,33,0,0,0,33
01/28/2021,AGS,GA,ASO,ES,Combined TRACON& Tower with Radar,13,14,20,13,60,0,0,9,11,20,13,14,29,24,80,0,0,0,80
01/29/2021,AGS,GA,ASO,ES,Combined TRACON& Tower with Radar,17,9,25,0,51,1,3,23,2,29,18,12,48,2,80,0,0,0,80
01/30/2021,AGS,GA,ASO,ES,Combined TRACON& Tower with Radar,14,8,13,0,35,0,2,17,0,19,14,10,30,0,54,0,0,0,54
01/31/2021,AGS,GA,ASO,ES,Combined TRACON& Tower with Radar,21,8,6,0,35,0,0,0,0,0,21,8,6,0,35,0,0,0,35
02/01/2021,AGS,GA,ASO,ES,Combined TRACON& Tower with Radar,15,4,14,36,69,0,0,1,1,2,15,4,15,37,71,0,26,26,97
02/02/2021,AGS,GA,ASO,ES,Combined TRACON& Tower with Radar,18,4,9,22,53,0,1,4,2,7,18,5,13,24,60,0,12,12,72
02/03/2021,AGS,GA,ASO,ES,Combined TRACON& Tower with Radar,17,3,15,12,47,1,1,20,9,31,18,4,35,21,78,46,6,52,130
02/04/2021,AGS,GA,ASO,ES,Combined TRACON& Tower with Radar,18,5,15,16,54,0,1,12,3,16,18,6,27,19,70,0,16,16,86
02/05/2021,AGS,GA,ASO,ES,Combined TRACON& Tower with Radar,18,10,17,10,55,0,1,6,0,7,18,11,23,10,62,0,0,0,62
02/06/2021,AGS,GA,ASO,ES,Combined TRACON& Tower with Radar,15,3,7,0,25,0,0,8,0,8,15,3,15,0,33,44,0,44,77
02/07/2021,AGS,GA,ASO,ES,Combined TRACON& Tower with Radar,14,6,11,0,31,0,0,5,0,5,14,6,16,0,36,22,0,22,58
02/08/2021,AGS,GA,ASO,ES,Combined TRACON& Tower with Radar,17,15,15,0,47,0,0,7,0,7,17,15,22,0,54,12,0,12,66
02/09/2021,AGS,GA,ASO,ES,Combined TRACON& Tower with Radar,17,5,27,6,55,1,3,4,0,8,18,8,31,6,63,0,12,12,75
02/10/2021,AGS,GA,ASO,ES,Combined TRACON& Tower with Radar,15,4,22,6,47,0,0,8,2,10,15,4,30,8,57,20,6,26,83
02/11/2021,AGS,GA,ASO,ES,Combined TRACON& Tower with Radar,9,15,16,1,41,0,0,0,0,0,9,15,16,1,41,0,0,0,41
02/12/2021,AGS,GA,ASO,ES,Combined TRACON& Tower with Radar,17,10,10,10,47,0,0,0,0,0,17,10,10,10,47,0,0,0,47
02/13/2021,AGS,GA,ASO,ES,Combined TRACON& Tower with Radar,13,7,7,0,27,0,0,0,0,0,13,7,7,0,27,0,0,0,27
02/14/2021,AGS,GA,ASO,ES,Combined TRACON& Tower with Radar,11,7,5,0,23,0,0,0,0,0,11,7,5,0,23,0,0,0,23
02/15/2021,AGS,GA,ASO,ES,Combined TRACON& Tower with Radar,13,8,9,1,31,0,0,0,0,0,13,8,9,1,31,0,0,0,31
02/16/2021,AGS,GA,ASO,ES,Combined TRACON& Tower with Radar,15,13,15,0,43,0,3,2,2,7,15,16,17,2,50,20,0,20,70
02/17/2021,AGS,GA,ASO,ES,Combined TRACON& Tower with Radar,15,17,26,3,61,0,0,26,0,26,15,17,52,3,87,0,0,0,87
02/18/2021,AGS,GA,ASO,ES,Combined TRACON& Tower with Radar,16,10,12,1,39,0,0,0,0,0,16,10,12,1,39,0,0,0,39
02/19/2021,AGS,GA,ASO,ES,Combined TRACON& Tower with Radar,15,12,11,2,40,0,0,0,0,0,15,12,11,2,40,36,0,36,76
02/20/2021,AGS,GA,ASO,ES,Combined TRACON& Tower with Radar,14,6,13,1,34,0,4,30,1,35,14,10,43,2,69,22,0,22,91
02/21/2021,AGS,GA,ASO,ES,Combined TRACON& Tower with Radar,15,16,21,2,54,0,0,23,1,24,15,16,44,3,78,0,0,0,78
02/22/2021,AGS,GA,ASO,ES,Combined TRACON& Tower with Radar,14,8,23,1,46,0,0,1,3,4,14,8,24,4,50,0,2,2,52
02/23/2021,AGS,GA,ASO,ES,Combined TRACON& Tower with Radar,15,16,24,7,62,0,2,20,6,28,15,18,44,13,90,14,0,14,104
02/24/2021,AGS,GA,ASO,ES,Combined TRACON& Tower with Radar,15,17,34,6,72,0,9,32,7,48,15,26,66,13,120,48,6,54,174
02/25/2021,AGS,GA,ASO,ES,Combined TRACON& Tower with Radar,16,15,48,1,80,0,0,27,5,32,16,15,75,6,112,6,4,10,122
02/26/2021,AGS,GA,ASO,ES,Combined TRACON& Tower with Radar,15,20,13,21,69,0,1,6,3,10,15,21,19,24,79,0,4,4,83
02/27/2021,AGS,GA,ASO,ES,Combined TRACON& Tower with Radar,14,11,10,2,37,1,5,16,1,23,15,16,26,3,60,40,0,40,100
02/28/2021,AGS,GA,ASO,ES,Combined TRACON& Tower with Radar,14,19,29,5,67,0,2,3,0,5,14,21,32,5,72,17,0,17,89
03/01/2021,AGS,GA,ASO,ES,Combined TRACON& Tower with Radar,15,14,31,1,61,0,0,2,4,6,15,14,33,5,67,0,0,0,67
03/02/2021,AGS,GA,ASO,ES,Combined TRACON& Tower with Radar,16,13,19,4,52,0,2,4,4,10,16,15,23,8,62,0,4,4,66
03/03/2021,AGS,GA,ASO,ES,Combined TRACON& Tower with Radar,17,37,13,10,77,0,1,8,4,13,17,38,21,14,90,54,6,60,150
03/04/2021,AGS,GA,ASO,ES,Combined TRACON& Tower with Radar,14,16,15,11,56,1,3,26,7,37,15,19,41,18,93,45,14,59,152
03/05/2021,AGS,GA,ASO,ES,Combined TRACON& Tower with Radar,16,20,30,14,80,0,0,26,10,36,16,20,56,24,116,36,20,56,172
03/06/2021,AGS,GA,ASO,ES,Combined TRACON& Tower with Radar,14,20,11,6,51,0,2,9,1,12,14,22,20,7,63,8,0,8,71
03/07/2021,AGS,GA,ASO,ES,Combined TRACON& Tower with Radar,16,22,25,4,67,0,2,17,0,19,16,24,42,4,86,24,0,24,110
03/08/2021,AGS,GA,ASO,ES,Combined TRACON& Tower with Radar,16,20,19,0,55,0,1,14,0,15,16,21,33,0,70,14,0,14,84
03/09/2021,AGS,GA,ASO,ES,Combined TRACON& Tower with Radar,17,19,8,1,45,0,3,4,0,7,17,22,12,1,52,24,0,24,76
03/10/2021,AGS,GA,ASO,ES,Combined TRACON& Tower with Radar,15,20,18,12,65,0,0,16,0,16,15,20,34,12,81,10,0,10,91
03/11/2021,AGS,GA,ASO,ES,Combined TRACON& Tower with Radar,15,31,26,0,72,1,3,12,0,16,16,34,38,0,88,14,0,14,102
03/12/2021,AGS,GA,ASO,ES,Combined TRACON& Tower with Radar,18,36,16,4,74,0,3,8,3,14,18,39,24,7,88,0,0,0,88
03/13/2021,AGS,GA,ASO,ES,Combined TRACON& Tower with Radar,14,25,16,4,59,1,1,12,0,14,15,26,28,4,73,12,0,12,85
03/14/2021,AGS,GA,ASO,ES,Combined TRACON& Tower with Radar,16,29,19,0,64,0,3,8,5,16,16,32,27,5,80,40,0,40,120
03/15/2021,AGS,GA,ASO,ES,Combined TRACON& Tower with Radar,16,21,13,3,53,0,1,6,0,7,16,22,19,3,60,0,0,0,60
03/16/2021,AGS,GA,ASO,ES,Combined TRACON& Tower with Radar,15,20,21,7,63,0,0,0,0,0,15,20,21,7,63,0,0,0,63
03/17/2021,AGS,GA,ASO,ES,Combined TRACON& Tower with Radar,14,29,44,4,91,0,0,1,0,1,14,29,45,4,92,0,0,0,92
03/18/2021,AGS,GA,ASO,ES,Combined TRACON& Tower with Radar,16,31,54,1,102,0,2,0,0,2,16,33,54,1,104,0,0,0,104
03/19/2021,AGS,GA,ASO,ES,Combined TRACON& Tower with Radar,18,29,41,23,111,0,0,2,3,5,18,29,43,26,116,0,12,12,128
03/20/2021,AGS,GA,ASO,ES,Combined TRACON& Tower with Radar,15,23,25,0,63,0,0,3,0,3,15,23,28,0,66,0,0,0,66
03/21/2021,AGS,GA,ASO,ES,Combined TRACON& Tower with Radar,15,24,12,0,51,1,0,3,2,6,16,24,15,2,57,0,0,0,57
03/22/2021,AGS,GA,ASO,ES,Combined TRACON& Tower with Radar,16,17,36,7,76,0,0,17,1,18,16,17,53,8,94,10,0,10,104
03/23/2021,AGS,GA,ASO,ES,Combined TRACON& Tower with Radar,17,16,27,9,69,0,4,20,3,27,17,20,47,12,96,18,0,18,114
03/24/2021,AGS,GA,ASO,ES,Combined TRACON& Tower with Radar,15,12,37,11,75,0,1,10,2,13,15,13,47,13,88,54,0,54,142
03/25/2021,AGS,GA,ASO,ES,Combined TRACON& Tower with Radar,17,13,28,43,101,0,1,15,3,19,17,14,43,46,120,52,6,58,178
03/26/2021,AGS,GA,ASO,ES,Combined TRACON& Tower with Radar,17,21,11,0,49,0,2,2,0,4,17,23,13,0,53,18,0,18,71
03/27/2021,AGS,GA,ASO,ES,Combined TRACON& Tower with Radar,18,16,9,0,43,0,0,2,0,2,18,16,11,0,45,0,0,0,45
03/28/2021,AGS,GA,ASO,ES,Combined TRACON& Tower with Radar,19,26,20,0,65,0,2,1,2,5,19,28,21,2,70,0,0,0,70
03/29/2021,AGS,GA,ASO,ES,Combined TRACON& Tower with Radar,21,17,16,9,63,0,7,15,4,26,21,24,31,13,89,38,10,48,137
03/30/2021,AGS,GA,ASO,ES,Combined TRACON& Tower with Radar,17,20,21,24,82,0,0,6,22,28,17,20,27,46,110,18,28,46,156
03/31/2021,AGS,GA,ASO,ES,Combined TRACON& Tower with Radar,15,22,19,20,76,0,1,0,2,3,15,23,19,22,79,0,16,16,95
04/01/2021,AGS,GA,ASO,ES,Combined TRACON& Tower with Radar,18,20,26,6,70,0,0,11,3,14,18,20,37,9,84,0,16,16,100
04/02/2021,AGS,GA,ASO,ES,Combined TRACON& Tower with Radar,20,21,34,0,75,0,0,24,0,24,20,21,58,0,99,40,0,40,139
04/03/2021,AGS,GA,ASO,ES,Combined TRACON& Tower with Radar,17,24,44,2,87,0,5,7,0,12,17,29,51,2,99,0,0,0,99
04/04/2021,AGS,GA,ASO,ES,Combined TRACON& Tower with Radar,19,55,33,0,107,0,3,12,0,15,19,58,45,0,122,0,0,0,122
04/05/2021,AGS,GA,ASO,ES,Combined TRACON& Tower with Radar,20,51,63,0,134,0,2,9,0,11,20,53,72,0,145,0,0,0,145
04/06/2021,AGS,GA,ASO,ES,Combined TRACON& Tower with Radar,19,54,70,2,145,0,0,13,0,13,19,54,83,2,158,0,0,0,158
04/07/2021,AGS,GA,ASO,ES,Combined TRACON& Tower with Radar,21,95,108,0,224,0,1,5,0,6,21,96,113,0,230,0,0,0,230
04/08/2021,AGS,GA,ASO,ES,Combined TRACON& Tower with Radar,18,117,116,0,251,0,2,5,0,7,18,119,121,0,258,0,0,0,258
04/09/2021,AGS,GA,ASO,ES,Combined TRACON& Tower with Radar,21,129,146,0,296,0,0,5,0,5,21,129,151,0,301,0,0,0,301
04/10/2021,AGS,GA,ASO,ES,Combined TRACON& Tower with Radar,17,98,97,0,212,0,0,7,0,7,17,98,104,0,219,0,0,0,219
04/11/2021,AGS,GA,ASO,ES,Combined TRACON& Tower with Radar,24,157,133,0,314,0,0,4,0,4,24,157,137,0,318,0,0,0,318
04/12/2021,AGS,GA,ASO,ES,Combined TRACON& Tower with Radar,20,76,62,0,158,0,0,6,0,6,20,76,68,0,164,24,0,24,188
04/13/2021,AGS,GA,ASO,ES,Combined TRACON& Tower with Radar,16,16,26,0,58,0,4,15,1,20,16,20,41,1,78,48,0,48,126
04/14/2021,AGS,GA,ASO,ES,Combined TRACON& Tower with Radar,17,8,19,11,55,0,6,11,3,20,17,14,30,14,75,18,8,26,101
04/15/2021,AGS,GA,ASO,ES,Combined TRACON& Tower with Radar,17,12,25,5,59,0,0,6,3,9,17,12,31,8,68,26,14,40,108
04/16/2021,AGS,GA,ASO,ES,Combined TRACON& Tower with Radar,19,16,17,26,78,0,2,11,6,19,19,18,28,32,97,0,18,18,115
04/17/2021,AGS,GA,ASO,ES,Combined TRACON& Tower with Radar,19,17,14,0,50,0,2,16,0,18,19,19,30,0,68,8,0,8,76
04/18/2021,AGS,GA,ASO,ES,Combined TRACON& Tower with Radar,18,25,15,3,61,0,6,15,1,22,18,31,30,4,83,45,20,65,148
04/19/2021,AGS,GA,ASO,ES,Combined TRACON& Tower with Radar,20,21,19,12,72,0,4,10,5,19,20,25,29,17,91,0,10,10,101
04/20/2021,AGS,GA,ASO,ES,Combined TRACON& Tower with Radar,18,22,23,12,75,0,0,12,1,13,18,22,35,13,88,44,16,60,148
04/21/2021,AGS,GA,ASO,ES,Combined TRACON& Tower with Radar,19,20,27,17,83,0,0,5,6,11,19,20,32,23,94,8,24,32,126
04/22/2021,AGS,GA,ASO,ES,Combined TRACON& Tower with Radar,18,19,35,35,107,0,10,12,5,27,18,29,47,40,134,42,46,88,222
04/23/2021,AGS,GA,ASO,ES,Combined TRACON& Tower with Radar,18,31,16,6,71,0,3,11,4,18,18,34,27,10,89,62,0,62,151
04/24/2021,AGS,GA,ASO,ES,Combined TRACON& Tower with Radar,16,22,15,0,53,0,0,0,0,0,16,22,15,0,53,0,0,0,53
04/25/2021,AGS,GA,ASO,ES,Combined TRACON& Tower with Radar,20,26,28,0,74,0,2,5,0,7,20,28,33,0,81,18,0,18,99
04/26/2021,AGS,GA,ASO,ES,Combined TRACON& Tower with Radar,20,23,28,10,81,0,4,7,6,17,20,27,35,16,98,36,12,48,146
04/27/2021,AGS,GA,ASO,ES,Combined TRACON& Tower with Radar,18,15,27,6,66,0,3,12,3,18,18,18,39,9,84,0,0,0,84
04/28/2021,AGS,GA,ASO,ES,Combined TRACON& Tower with Radar,19,29,21,9,78,0,1,14,4,19,19,30,35,13,97,30,16,46,143
04/29/2021,AGS,GA,ASO,ES,Combined TRACON& Tower with Radar,22,33,31,4,90,0,0,6,8,14,22,33,37,12,104,4,8,12,116
04/30/2021,AGS,GA,ASO,ES,Combined TRACON& Tower with Radar,20,18,14,4,56,0,8,13,0,21,20,26,27,4,77,40,0,40,117
05/01/2021,AGS,GA,ASO,ES,Combined TRACON& Tower with Radar,18,31,12,0,61,0,2,18,0,20,18,33,30,0,81,0,0,0,81
05/02/2021,AGS,GA,ASO,ES,Combined TRACON& Tower with Radar,20,24,14,5,63,0,2,15,9,26,20,26,29,14,89,28,0,28,117
05/03/2021,AGS,GA,ASO,ES,Combined TRACON& Tower with Radar,22,30,29,4,85,0,0,1,0,1,22,30,30,4,86,0,0,0,86
05/04/2021,AGS,GA,ASO,ES,Combined TRACON& Tower with Radar,17,21,31,4,73,0,0,2,0,2,17,21,33,4,75,20,0,20,95
05/05/2021,AGS,GA,ASO,ES,Combined TRACON& Tower with Radar,17,35,36,0,88,0,0,10,0,10,17,35,46,0,98,10,0,10,108
05/06/2021,AGS,GA,ASO,ES,Combined TRACON& Tower with Radar,20,38,36,7,101,0,4,25,2,31,20,42,61,9,132,4,0,4,136
05/07/2021,AGS,GA,ASO,ES,Combined TRACON& Tower with Radar,22,20,30,11,83,0,3,7,0,10,22,23,37,11,93,0,10,10,103
05/08/2021,AGS,GA,ASO,ES,Combined TRACON& Tower with Radar,16,23,26,0,65,0,2,11,0,13,16,25,37,0,78,0,0,0,78
05/09/2021,AGS,GA,ASO,ES,Combined TRACON& Tower with Radar,19,9,15,0,43,0,3,8,0,11,19,12,23,0,54,0,0,0,54
05/10/2021,AGS,GA,ASO,ES,Combined TRACON& Tower with Radar,19,20,26,4,69,0,2,10,0,12,19,22,36,4,81,26,0,26,107
05/11/2021,AGS,GA,ASO,ES,Combined TRACON& Tower with Radar,20,22,24,16,82,0,0,4,6,10,20,22,28,22,92,6,14,20,112
05/12/2021,AGS,GA,ASO,ES,Combined TRACON& Tower with Radar,18,16,27,10,71,0,0,0,0,0,18,16,27,10,71,0,14,14,85
05/13/2021,AGS,GA,ASO,ES,Combined TRACON& Tower with Radar,19,15,24,2,60,0,5,14,0,19,19,20,38,2,79,0,0,0,79
05/14/2021,AGS,GA,ASO,ES,Combined TRACON& Tower with Radar,20,17,25,2,64,0,2,8,0,10,20,19,33,2,74,0,0,0,74
05/15/2021,AGS,GA,ASO,ES,Combined TRACON& Tower with Radar,16,15,19,0,50,0,0,7,0,7,16,15,26,0,57,14,0,14,71
05/16/2021,AGS,GA,ASO,ES,Combined TRACON& Tower with Radar,19,26,27,1,73,0,0,10,3,13,19,26,37,4,86,4,0,4,90
05/17/2021,AGS,GA,ASO,ES,Combined TRACON& Tower with Radar,19,9,23,9,60,0,11,7,0,18,19,20,30,9,78,16,0,16,94
05/18/2021,AGS,GA,ASO,ES,Combined TRACON& Tower with Radar,20,5,27,13,65,0,0,12,6,18,20,5,39,19,83,0,30,30,113
05/19/2021,AGS,GA,ASO,ES,Combined TRACON& Tower with Radar,18,6,28,5,57,0,4,14,4,22,18,10,42,9,79,20,10,30,109
05/20/2021,AGS,GA,ASO,ES,Combined TRACON& Tower with Radar,19,9,21,3,52,0,3,12,2,17,19,12,33,5,69,0,0,0,69
05/21/2021,AGS,GA,ASO,ES,Combined TRACON& Tower with Radar,19,9,38,5,71,0,6,22,1,29,19,15,60,6,100,22,14,36,136
05/22/2021,AGS,GA,ASO,ES,Combined TRACON& Tower with Radar,16,8,9,0,33,0,5,7,2,14,16,13,16,2,47,38,0,38,85
05/23/2021,AGS,GA,ASO,ES,Combined TRACON& Tower with Radar,19,12,7,0,38,0,7,3,2,12,19,19,10,2,50,0,0,0,50
05/24/2021,AGS,GA,ASO,ES,Combined TRACON& Tower with Radar,19,10,19,4,52,0,0,13,0,13,19,10,32,4,65,18,0,18,83
05/25/2021,AGS,GA,ASO,ES,Combined TRACON& Tower with Radar,15,7,20,5,47,0,2,11,1,14,15,9,31,6,61,0,0,0,61
05/26/2021,AGS,GA,ASO,ES,Combined TRACON& Tower with Radar,15,11,16,20,62,0,3,17,15,35,15,14,33,35,97,6,52,58,155
05/27/2021,AGS,GA,ASO,ES,Combined TRACON& Tower with Radar,19,12,24,8,63,0,2,23,6,31,19,14,47,14,94,56,0,56,150
05/28/2021,AGS,GA,ASO,ES,Combined TRACON& Tower with Radar,22,6,11,0,39,0,5,9,0,14,22,11,20,0,53,0,0,0,53
05/29/2021,AGS,GA,ASO,ES,Combined TRACON& Tower with Radar,20,5,5,0,30,0,0,21,0,21,20,5,26,0,51,16,0,16,67
05/30/2021,AGS,GA,ASO,ES,Combined TRACON& Tower with Radar,20,6,7,0,33,0,0,10,2,12,20,6,17,2,45,4,0,4,49
05/31/2021,AGS,GA,ASO,ES,Combined TRACON& Tower with Radar,21,7,21,0,49,0,6,10,0,16,21,13,31,0,65,6,0,6,71
06/01/2021,AGS,GA,ASO,ES,Combined TRACON& Tower with Radar,18,9,26,8,61,0,3,7,9,19,18,12,33,17,80,38,10,48,128
06/02/2021,AGS,GA,ASO,ES,Combined TRACON& Tower with Radar,20,13,20,50,103,0,0,3,0,3,20,13,23,50,106,10,0,10,116
06/03/2021,AGS,GA,ASO,ES,Combined TRACON& Tower with Radar,15,11,19,12,57,0,6,4,0,10,15,17,23,12,67,8,10,18,85
06/04/2021,AGS,GA,ASO,ES,Combined TRACON& Tower with Radar,17,10,24,0,51,0,6,5,6,17,17,16,29,6,68,8,0,8,76
06/05/2021,AGS,GA,ASO,ES,Combined TRACON& Tower with Radar,11,23,9,2,45,0,0,2,0,2,11,23,11,2,47,0,0,0,47
06/06/2021,AGS,GA,ASO,ES,Combined TRACON& Tower with Radar,11,20,6,0,37,0,1,0,0,1,11,21,6,0,38,0,0,0,38
06/07/2021,AGS,GA,ASO,ES,Combined TRACON& Tower with Radar,14,9,16,3,42,0,0,0,1,1,14,9,16,4,43,0,8,8,51
06/08/2021,AGS,GA,ASO,ES,Combined TRACON& Tower with Radar,9,18,18,0,45,0,0,2,0,2,9,18,20,0,47,10,0,10,57
06/09/2021,AGS,GA,ASO,ES,Combined TRACON& Tower with Radar,14,28,18,10,70,0,0,6,4,10,14,28,24,14,80,14,10,24,104
06/10/2021,AGS,GA,ASO,ES,Combined TRACON& Tower with Radar,12,21,22,6,61,0,3,12,1,16,12,24,34,7,77,8,6,14,91
06/11/2021,AGS,GA,ASO,ES,Combined TRACON& Tower with Radar,13,16,13,2,44,0,0,1,7,8,13,16,14,9,52,0,2,2,54
06/12/2021,AGS,GA,ASO,ES,Combined TRACON& Tower with Radar,8,16,7,2,33,0,0,0,0,0,8,16,7,2,33,0,0,0,33
06/13/2021,AGS,GA,ASO,ES,Combined TRACON& Tower with Radar,12,13,13,0,38,0,1,7,0,8,12,14,20,0,46,10,0,10,56
06/14/2021,AGS,GA,ASO,ES,Combined TRACON& Tower with Radar,12,19,13,15,59,0,0,11,6,17,12,19,24,21,76,28,10,38,114
06/15/2021,AGS,GA,ASO,ES,Combined TRACON& Tower with Radar,10,23,15,9,57,0,15,16,1,32,10,38,31,10,89,58,0,58,147
06/16/2021,AGS,GA,ASO,ES,Combined TRACON& Tower with Radar,10,24,15,13,62,0,0,15,10,25,10,24,30,23,87,10,10,20,107
06/17/2021,AGS,GA,ASO,ES,Combined TRACON& Tower with Radar,11,16,18,4,49,0,1,14,4,19,11,17,32,8,68,28,0,28,96
06/18/2021,AGS,GA,ASO,ES,Combined TRACON& Tower with Radar,15,16,16,0,47,0,0,16,0,16,15,16,32,0,63,34,0,34,97
06/19/2021,AGS,GA,ASO,ES,Combined TRACON& Tower with Radar,8,16,9,0,33,0,0,13,0,13,8,16,22,0,46,36,0,36,82
06/20/2021,AGS,GA,ASO,ES,Combined TRACON& Tower with Radar,11,17,1,0,29,0,0,0,0,0,11,17,1,0,29,0,0,0,29
06/21/2021,AGS,GA,ASO,ES,Combined TRACON& Tower with Radar,12,15,9,5,41,0,1,7,1,9,12,16,16,6,50,12,0,12,62
06/22/2021,AGS,GA,ASO,ES,Combined TRACON& Tower with Radar,10,19,19,3,51,0,0,1,0,1,10,19,20,3,52,0,0,0,52
06/23/2021,AGS,GA,ASO,ES,Combined TRACON& Tower with Radar,10,21,16,10,57,0,0,14,1,15,10,21,30,11,72,48,12,60,132
06/24/2021,AGS,GA,ASO,ES,Combined TRACON& Tower with Radar,12,15,18,6,51,0,0,21,3,24,12,15,39,9,75,16,0,16,91
06/25/2021,AGS,GA,ASO,ES,Combined TRACON& Tower with Radar,11,20,16,13,60,0,0,17,4,21,11,20,33,17,81,34,28,62,143
06/26/2021,AGS,GA,ASO,ES,Combined TRACON& Tower with Radar,7,17,9,0,33,0,1,13,4,18,7,18,22,4,51,100,0,100,151
06/27/2021,AGS,GA,ASO,ES,Combined TRACON& Tower with Radar,14,17,4,0,35,0,0,10,1,11,14,17,14,1,46,20,0,20,66
06/28/2021,AGS,GA,ASO,ES,Combined TRACON& Tower with Radar,11,16,4,0,31,0,0,5,2,7,11,16,9,2,38,0,0,0,38
06/29/2021,AGS,GA,ASO,ES,Combined TRACON& Tower with Radar,9,14,14,13,50,0,1,10,1,12,9,15,24,14,62,52,10,62,124
06/30/2021,AGS,GA,ASO,ES,Combined TRACON& Tower with Radar,10,16,17,15,58,0,0,8,4,12,10,16,25,19,70,70,20,90,160
07/01/2021,AGS,GA,ASO,ES,Combined TRACON& Tower with Radar,13,17,16,5,51,0,0,6,3,9,13,17,22,8,60,10,12,22,82
07/02/2021,AGS,GA,ASO,ES,Combined TRACON& Tower with Radar,12,14,19,0,45,0,0,0,0,0,12,14,19,0,45,28,0,28,73
07/03/2021,AGS,GA,ASO,ES,Combined TRACON& Tower with Radar,8,17,11,0,36,0,1,16,2,19,8,18,27,2,55,56,0,56,111
07/04/2021,AGS,GA,ASO,ES,Combined TRACON& Tower with Radar,8,12,2,0,22,0,3,9,3,15,8,15,11,3,37,38,0,38,75
07/05/2021,AGS,GA,ASO,ES,Combined TRACON& Tower with Radar,12,15,4,0,31,0,0,19,5,24,12,15,23,5,55,102,0,102,157
07/06/2021,AGS,GA,ASO,ES,Combined TRACON& Tower with Radar,10,14,13,4,41,0,2,16,6,24,10,16,29,10,65,56,2,58,123
07/07/2021,AGS,GA,ASO,ES,Combined TRACON& Tower with Radar,14,13,8,1,36,0,0,3,3,6,14,13,11,4,42,12,2,14,56
07/08/2021,AGS,GA,ASO,ES,Combined TRACON& Tower with Radar,16,11,16,0,43,0,0,0,1,1,16,11,16,1,44,0,0,0,44
07/09/2021,AGS,GA,ASO,ES,Combined TRACON& Tower with Radar,21,14,13,20,68,0,3,3,8,14,21,17,16,28,82,8,2,10,92
07/10/2021,AGS,GA,ASO,ES,Combined TRACON& Tower with Radar,17,13,6,0,36,0,0,6,0,6,17,13,12,0,42,18,0,18,60
07/11/2021,AGS,GA,ASO,ES,Combined TRACON& Tower with Radar,16,12,10,0,38,0,1,1,0,2,16,13,11,0,40,0,0,0,40
07/12/2021,AGS,GA,ASO,ES,Combined TRACON& Tower with Radar,17,16,18,18,69,0,8,6,12,26,17,24,24,30,95,14,28,42,137
07/13/2021,AGS,GA,ASO,ES,Combined TRACON& Tower with Radar,15,20,23,3,61,0,14,6,2,22,15,34,29,5,83,70,0,70,153
07/14/2021,AGS,GA,ASO,ES,Combined TRACON& Tower with Radar,15,15,14,1,45,0,2,6,3,11,15,17,20,4,56,36,0,36,92
07/15/2021,AGS,GA,ASO,ES,Combined TRACON& Tower with Radar,17,27,38,21,103,0,8,16,6,30,17,35,54,27,133,44,2,46,179
07/16/2021,AGS,GA,ASO,ES,Combined TRACON& Tower with Radar,16,29,41,0,86,0,2,8,2,12,16,31,49,2,98,10,0,10,108
07/17/2021,AGS,GA,ASO,ES,Combined TRACON& Tower with Radar,11,33,31,0,75,0,2,16,2,20,11,35,47,2,95,28,0,28,123
07/18/2021,AGS,GA,ASO,ES,Combined TRACON& Tower with Radar,16,34,58,0,108,0,1,7,0,8,16,35,65,0,116,0,0,0,116
07/19/2021,AGS,GA,ASO,ES,Combined TRACON& Tower with Radar,16,17,10,3,46,0,0,2,0,2,16,17,12,3,48,12,0,12,60
07/20/2021,AGS,GA,ASO,ES,Combined TRACON& Tower with Radar,14,15,19,1,49,0,0,4,0,4,14,15,23,1,53,0,0,0,53
07/21/2021,AGS,GA,ASO,ES,Combined TRACON& Tower with Radar,15,20,36,3,74,0,0,15,3,18,15,20,51,6,92,26,0,26,118
07/22/2021,AGS,GA,ASO,ES,Combined TRACON& Tower with Radar,17,26,46,10,99,0,6,8,7,21,17,32,54,17,120,38,8,46,166
07/23/2021,AGS,GA,ASO,ES,Combined TRACON& Tower with Radar,16,47,63,0,126,0,0,14,0,14,16,47,77,0,140,10,0,10,150
07/24/2021,AGS,GA,ASO,ES,Combined TRACON& Tower with Radar,11,32,40,2,85,0,0,4,4,8,11,32,44,6,93,6,0,6,99
07/25/2021,AGS,GA,ASO,ES,Combined TRACON& Tower with Radar,18,29,32,1,80,0,4,8,11,23,18,33,40,12,103,10,2,12,115
07/26/2021,AGS,GA,ASO,ES,Combined TRACON& Tower with Radar,28,12,20,5,65,0,0,13,7,20,28,12,33,12,85,45,0,45,130
07/27/2021,AGS,GA,ASO,ES,Combined TRACON& Tower with Radar,21,13,16,7,57,0,4,7,7,18,21,17,23,14,75,12,0,12,87
07/28/2021,AGS,GA,ASO,ES,Combined TRACON& Tower with Radar,15,9,29,22,75,0,2,6,5,13,15,11,35,27,88,24,20,44,132
07/29/2021,AGS,GA,ASO,ES,Combined TRACON& Tower with Radar,22,20,22,2,66,0,1,6,5,12,22,21,28,7,78,26,10,36,114
07/30/2021,AGS,GA,ASO,ES,Combined TRACON& Tower with Radar,16,21,16,5,58,0,5,10,6,21,16,26,26,11,79,0,0,0,79
07/31/2021,AGS,GA,ASO,ES,Combined TRACON& Tower with Radar,12,17,5,0,34,0,0,9,2,11,12,17,14,2,45,13,0,13,58
08/01/2021,AGS,GA,ASO,ES,Combined TRACON& Tower with Radar,14,9,11,18,52,0,0,13,8,21,14,9,24,26,73,10,0,10,83
08/02/2021,AGS,GA,ASO,ES,Combined TRACON& Tower with Radar,15,21,16,7,59,0,1,4,2,7,15,22,20,9,66,6,0,6,72
08/03/2021,AGS,GA,ASO,ES,Combined TRACON& Tower with Radar,23,15,22,3,63,0,0,2,1,3,23,15,24,4,66,0,0,0,66
08/04/2021,AGS,GA,ASO,ES,Combined TRACON& Tower with Radar,15,13,26,29,83,0,0,2,9,11,15,13,28,38,94,10,32,42,136
08/05/2021,AGS,GA,ASO,ES,Combined TRACON& Tower with Radar,15,9,21,10,55,0,4,11,6,21,15,13,32,16,76,0,0,0,76
08/06/2021,AGS,GA,ASO,ES,Combined TRACON& Tower with Radar,15,9,8,27,59,0,0,9,1,10,15,9,17,28,69,62,6,68,137
08/07/2021,AGS,GA,ASO,ES,Combined TRACON& Tower with Radar,14,14,18,0,46,0,0,12,4,16,14,14,30,4,62,60,0,60,122
08/08/2021,AGS,GA,ASO,ES,Combined TRACON& Tower with Radar,14,14,11,0,39,0,3,19,0,22,14,17,30,0,61,42,0,42,103
08/09/2021,AGS,GA,ASO,ES,Combined TRACON& Tower with Radar,15,9,16,2,42,0,2,11,5,18,15,11,27,7,60,8,0,8,68
08/10/2021,AGS,GA,ASO,ES,Combined TRACON& Tower with Radar,14,7,28,5,54,0,0,15,8,23,14,7,43,13,77,22,16,38,115
08/11/2021,AGS,GA,ASO,ES,Combined TRACON& Tower with Radar,16,11,8,11,46,0,0,5,6,11,16,11,13,17,57,34,12,46,103
08/12/2021,AGS,GA,ASO,ES,Combined TRACON& Tower with Radar,15,13,20,7,55,0,5,19,8,32,15,18,39,15,87,18,0,18,105
08/13/2021,AGS,GA,ASO,ES,Combined TRACON& Tower with Radar,19,21,13,2,55,0,2,12,5,19,19,23,25,7,74,20,0,20,94
08/14/2021,AGS,GA,ASO,ES,Combined TRACON& Tower with Radar,14,8,4,1,27,0,2,14,0,16,14,10,18,1,43,16,0,16,59
08/15/2021,AGS,GA,ASO,ES,Combined TRACON& Tower with Radar,17,14,3,2,36,0,0,4,0,4,17,14,7,2,40,8,0,8,48
08/16/2021,AGS,GA,ASO,ES,Combined TRACON& Tower with Radar,16,11,10,3,40,0,0,0,0,0,16,11,10,3,40,0,0,0,40
08/17/2021,AGS,GA,ASO,ES,Combined TRACON& Tower with Radar,19,5,14,3,41,0,0,0,0,0,19,5,14,3,41,0,0,0,41
08/18/2021,AGS,GA,ASO,ES,Combined TRACON& Tower with Radar,20,6,26,14,66,0,6,11,4,21,20,12,37,18,87,26,10,36,123
08/19/2021,AGS,GA,ASO,ES,Combined TRACON& Tower with Radar,20,7,19,8,54,0,0,13,8,21,20,7,32,16,75,18,6,24,99
08/20/2021,AGS,GA,ASO,ES,Combined TRACON& Tower with Radar,18,6,10,6,40,0,0,7,1,8,18,6,17,7,48,8,0,8,56
08/21/2021,AGS,GA,ASO,ES,Combined TRACON& Tower with Radar,19,7,10,0,36,0,0,5,0,5,19,7,15,0,41,2,0,2,43
08/22/2021,AGS,GA,ASO,ES,Combined TRACON& Tower with Radar,18,8,15,0,41,0,0,0,0,0,18,8,15,0,41,0,0,0,41
08/23/2021,AGS,GA,ASO,ES,Combined TRACON& Tower with Radar,19,3,24,5,51,0,0,6,6,12,19,3,30,11,63,18,18,36,99
08/24/2021,AGS,GA,ASO,ES,Combined TRACON& Tower with Radar,18,8,24,4,54,0,0,12,3,15,18,8,36,7,69,0,0,0,69
08/25/2021,AGS,GA,ASO,ES,Combined TRACON& Tower with Radar,18,10,13,3,44,0,0,7,1,8,18,10,20,4,52,18,10,28,80
08/26/2021,AGS,GA,ASO,ES,Combined TRACON& Tower with Radar,22,5,22,2,51,0,0,13,8,21,22,5,35,10,72,42,0,42,114
08/27/2021,AGS,GA,ASO,ES,Combined TRACON& Tower with Radar,21,7,13,0,41,0,0,12,1,13,21,7,25,1,54,16,0,16,70
08/28/2021,AGS,GA,ASO,ES,Combined TRACON& Tower with Radar,19,11,9,0,39,0,3,4,2,9,19,14,13,2,48,20,0,20,68
08/29/2021,AGS,GA,ASO,ES,Combined TRACON& Tower with Radar,18,14,8,4,44,0,2,15,3,20,18,16,23,7,64,12,0,12,76
08/30/2021,AGS,GA,ASO,ES,Combined TRACON& Tower with Radar,21,8,22,6,57,0,11,16,13,40,21,19,38,19,97,42,18,60,157
08/31/2021,AGS,GA,ASO,ES,Combined TRACON& Tower with Radar,19,8,10,4,41,0,0,13,1,14,19,8,23,5,55,2,2,4,59
09/01/2021,AGS,GA,ASO,ES,Combined TRACON& Tower with Radar,18,8,12,1,39,0,0,12,7,19,18,8,24,8,58,0,0,0,58
09/02/2021,AGS,GA,ASO,ES,Combined TRACON& Tower with Radar,21,11,14,8,54,0,3,23,7,33,21,14,37,15,87,58,0,58,145
09/03/2021,AGS,GA,ASO,ES,Combined TRACON& Tower with Radar,18,11,15,2,46,0,0,17,3,20,18,11,32,5,66,24,0,24,90
09/04/2021,AGS,GA,ASO,ES,Combined TRACON& Tower with Radar,20,7,9,0,36,0,4,15,9,28,20,11,24,9,64,14,0,14,78
09/05/2021,AGS,GA,ASO,ES,Combined TRACON& Tower with Radar,22,8,10,1,41,0,0,5,1,6,22,8,15,2,47,0,0,0,47
09/06/2021,AGS,GA,ASO,ES,Combined TRACON& Tower with Radar,20,5,6,0,31,0,0,4,4,8,20,5,10,4,39,0,0,0,39
09/07/2021,AGS,GA,ASO,ES,Combined TRACON& Tower with Radar,18,13,21,11,63,0,4,13,8,25,18,17,34,19,88,0,10,10,98
09/08/2021,AGS,GA,ASO,ES,Combined TRACON& Tower with Radar,20,10,12,0,42,0,0,1,3,4,20,10,13,3,46,6,2,8,54
09/09/2021,AGS,GA,ASO,ES,Combined TRACON& Tower with Radar,20,8,11,4,43,0,4,7,9,20,20,12,18,13,63,18,4,22,85
09/10/2021,AGS,GA,ASO,ES,Combined TRACON& Tower with Radar,21,8,10,9,48,0,0,15,2,17,21,8,25,11,65,14,2,16,81
09/11/2021,AGS,GA,ASO,ES,Combined TRACON& Tower with Radar,19,5,9,1,34,0,2,11,0,13,19,7,20,1,47,24,0,24,71
09/12/2021,AGS,GA,ASO,ES,Combined TRACON& Tower with Radar,21,8,13,1,43,0,0,15,1,16,21,8,28,2,59,0,0,0,59
09/13/2021,AGS,GA,ASO,ES,Combined TRACON& Tower with Radar,18,11,13,23,65,0,7,11,4,22,18,18,24,27,87,16,16,32,119
09/14/2021,AGS,GA,ASO,ES,Combined TRACON& Tower with Radar,19,9,25,6,59,0,2,13,7,22,19,11,38,13,81,38,6,44,125
09/15/2021,AGS,GA,ASO,ES,Combined TRACON& Tower with Radar,19,10,27,6,62,0,0,0,1,1,19,10,27,7,63,0,16,16,79
09/16/2021,AGS,GA,ASO,ES,Combined TRACON& Tower with Radar,19,16,33,0,68,0,0,0,0,0,19,16,33,0,68,36,16,52,120
09/17/2021,AGS,GA,ASO,ES,Combined TRACON& Tower with Radar,20,13,13,16,62,0,2,17,9,28,20,15,30,25,90,0,0,0,90
09/18/2021,AGS,GA,ASO,ES,Combined TRACON& Tower with Radar,18,6,7,0,31,0,0,3,4,7,18,6,10,4,38,12,0,12,50
09/19/2021,AGS,GA,ASO,ES,Combined TRACON& Tower with Radar,17,15,3,7,42,0,1,5,1,7,17,16,8,8,49,14,0,14,63
09/20/2021,AGS,GA,ASO,ES,Combined TRACON& Tower with Radar,20,10,16,1,47,0,0,0,0,0,20,10,16,1,47,0,0,0,47
09/21/2021,AGS,GA,ASO,ES,Combined TRACON& Tower with Radar,18,16,12,7,53,0,0,9,0,9,18,16,21,7,62,0,26,26,88
09/22/2021,AGS,GA,ASO,ES,Combined TRACON& Tower with Radar,19,15,25,2,61,0,0,2,0,2,19,15,27,2,63,16,0,16,79
09/23/2021,AGS,GA,ASO,ES,Combined TRACON& Tower with Radar,20,16,20,22,78,0,7,20,16,43,20,23,40,38,121,40,20,60,181
09/24/2021,AGS,GA,ASO,ES,Combined TRACON& Tower with Radar,20,15,21,10,66,0,12,16,3,31,20,27,37,13,97,26,6,32,129
09/25/2021,AGS,GA,ASO,ES,Combined TRACON& Tower with Radar,18,9,12,4,43,0,14,19,0,33,18,23,31,4,76,31,0,31,107
09/26/2021,AGS,GA,ASO,ES,Combined TRACON& Tower with Radar,19,8,13,0,40,0,1,8,0,9,19,9,21,0,49,4,0,4,53
09/27/2021,AGS,GA,ASO,ES,Combined TRACON& Tower with Radar,18,7,17,16,58,0,2,9,1,12,18,9,26,17,70,20,0,20,90
09/28/2021,AGS,GA,ASO,ES,Combined TRACON& Tower with Radar,19,6,21,38,84,0,0,22,6,28,19,6,43,44,112,137,8,145,257
09/29/2021,AGS,GA,ASO,ES,Combined TRACON& Tower with Radar,19,13,23,22,77,0,3,11,6,20,19,16,34,28,97,24,34,58,155
09/30/2021,AGS,GA,ASO,ES,Combined TRACON& Tower with Radar,18,9,13,30,70,0,6,16,7,29,18,15,29,37,99,70,12,82,181
10/01/2021,AGS,GA,ASO,ES,Combined TRACON& Tower with Radar,20,11,34,3,68,0,3,12,3,18,20,14,46,6,86,66,0,66,152
10/02/2021,AGS,GA,ASO,ES,Combined TRACON& Tower with Radar,19,8,11,0,38,0,0,13,3,16,19,8,24,3,54,24,0,24,78
10/03/2021,AGS,GA,ASO,ES,Combined TRACON& Tower with Radar,19,7,14,0,40,0,0,3,0,3,19,7,17,0,43,40,0,40,83
10/04/2021,AGS,GA,ASO,ES,Combined TRACON& Tower with Radar,18,6,23,3,50,0,0,5,3,8,18,6,28,6,58,30,8,38,96
10/05/2021,AGS,GA,ASO,ES,Combined TRACON& Tower with Radar,18,7,12,2,39,0,0,3,0,3,18,7,15,2,42,0,0,0,42
10/06/2021,AGS,GA,ASO,ES,Combined TRACON& Tower with Radar,19,10,23,12,64,0,0,0,0,0,19,10,23,12,64,4,0,4,68
10/07/2021,AGS,GA,ASO,ES,Combined TRACON& Tower with Radar,17,19,11,8,55,0,0,1,0,1,17,19,12,8,56,0,0,0,56
10/08/2021,AGS,GA,ASO,ES,Combined TRACON& Tower with Radar,16,13,17,0,46,0,0,0,0,0,16,13,17,0,46,28,0,28,74
10/09/2021,AGS,GA,ASO,ES,Combined TRACON& Tower with Radar,17,8,13,0,38,0,1,3,4,8,17,9,16,4,46,0,0,0,46
10/10/2021,AGS,GA,ASO,ES,Combined TRACON& Tower with Radar,16,18,11,0,45,0,10,14,4,28,16,28,25,4,73,52,0,52,125
10/11/2021,AGS,GA,ASO,ES,Combined TRACON& Tower with Radar,20,7,20,0,47,0,5,13,2,20,20,12,33,2,67,68,0,68,135
10/12/2021,AGS,GA,ASO,ES,Combined TRACON& Tower with Radar,20,9,20,3,52,0,0,5,0,5,20,9,25,3,57,18,0,18,75
10/13/2021,AGS,GA,ASO,ES,Combined TRACON& Tower with Radar,19,8,23,18,68,0,0,26,9,35,19,8,49,27,103,38,36,74,177
10/14/2021,AGS,GA,ASO,ES,Combined TRACON& Tower with Radar,19,10,15,0,44,0,1,4,2,7,19,11,19,2,51,10,0,10,61
10/15/2021,AGS,GA,ASO,ES,Combined TRACON& Tower with Radar,19,19,20,9,67,0,1,19,2,22,19,20,39,11,89,35,9,44,133
10/16/2021,AGS,GA,ASO,ES,Combined TRACON& Tower with Radar,14,14,18,1,47,0,2,15,3,20,14,16,33,4,67,20,0,20,87
10/17/2021,AGS,GA,ASO,ES,Combined TRACON& Tower with Radar,19,22,26,0,67,0,3,18,4,25,19,25,44,4,92,0,0,0,92
10/18/2021,AGS,GA,ASO,ES,Combined TRACON& Tower with Radar,22,26,35,22,105,0,2,10,10,22,22,28,45,32,127,20,10,30,157
10/19/2021,AGS,GA,ASO,ES,Combined TRACON& Tower with Radar,20,20,26,27,93,0,2,10,5,17,20,22,36,32,110,50,34,84,194
10/20/2021,AGS,GA,ASO,ES,Combined TRACON& Tower with Radar,20,16,26,15,77,0,0,13,10,23,20,16,39,25,100,12,18,30,130
10/21/2021,AGS,GA,ASO,ES,Combined TRACON& Tower with Radar,20,30,34,10,94,0,0,11,10,21,20,30,45,20,115,8,30,38,153
10/22/2021,AGS,GA,ASO,ES,Combined TRACON& Tower with Radar,21,38,38,10,107,0,5,19,9,33,21,43,57,19,140,14,28,42,182
10/23/2021,AGS,GA,ASO,ES,Combined TRACON& Tower with Radar,15,23,20,0,58,0,12,15,2,29,15,35,35,2,87,56,0,56,143
10/24/2021,AGS,GA,ASO,ES,Combined TRACON& Tower with Radar,19,24,15,0,58,0,6,4,2,12,19,30,19,2,70,0,0,0,70
10/25/2021,AGS,GA,ASO,ES,Combined TRACON& Tower with Radar,19,31,23,0,73,0,1,6,0,7,19,32,29,0,80,0,0,0,80
10/26/2021,AGS,GA,ASO,ES,Combined TRACON& Tower with Radar,20,16,31,0,67,0,0,21,2,23,20,16,52,2,90,38,0,38,128
10/27/2021,AGS,GA,ASO,ES,Combined TRACON& Tower with Radar,19,15,24,17,75,0,0,12,12,24,19,15,36,29,99,34,8,42,141
10/28/2021,AGS,GA,ASO,ES,Combined TRACON& Tower with Radar,19,13,16,0,48,0,0,1,0,1,19,13,17,0,49,0,0,0,49
10/29/2021,AGS,GA,ASO,ES,Combined TRACON& Tower with Radar,20,14,20,3,57,0,1,0,0,1,20,15,20,3,58,0,0,0,58
10/30/2021,AGS,GA,ASO,ES,Combined TRACON& Tower with Radar,14,15,10,1,40,0,0,7,2,9,14,15,17,3,49,10,0,10,59
10/31/2021,AGS,GA,ASO,ES,Combined TRACON& Tower with Radar,17,16,8,0,41,0,1,11,3,15,17,17,19,3,56,2,0,2,58
11/01/2021,AGS,GA,ASO,ES,Combined TRACON& Tower with Radar,18,25,26,39,108,0,3,20,4,27,18,28,46,43,135,12,36,48,183
11/02/2021,AGS,GA,ASO,ES,Combined TRACON& Tower with Radar,22,19,31,35,107,0,0,21,1,22,22,19,52,36,129,8,18,26,155
11/03/2021,AGS,GA,ASO,ES,Combined TRACON& Tower with Radar,20,28,21,24,93,0,0,12,6,18,20,28,33,30,111,22,44,66,177
11/04/2021,AGS,GA,ASO,ES,Combined TRACON& Tower with Radar,18,36,32,2,88,0,0,4,6,10,18,36,36,8,98,34,0,34,132
11/05/2021,AGS,GA,ASO,ES,Combined TRACON& Tower with Radar,18,29,36,18,101,0,6,4,10,20,18,35,40,28,121,0,12,12,133
11/06/2021,AGS,GA,ASO,ES,Combined TRACON& Tower with Radar,16,9,16,7,48,0,2,3,4,9,16,11,19,11,57,36,8,44,101
11/07/2021,AGS,GA,ASO,ES,Combined TRACON& Tower with Radar,13,22,22,5,62,0,1,8,0,9,13,23,30,5,71,32,2,34,105
11/08/2021,AGS,GA,ASO,ES,Combined TRACON& Tower with Radar,18,20,23,16,77,0,2,15,4,21,18,22,38,20,98,12,16,28,126
11/09/2021,AGS,GA,ASO,ES,Combined TRACON& Tower with Radar,21,19,15,9,64,0,2,19,12,33,21,21,34,21,97,32,28,60,157
11/10/2021,AGS,GA,ASO,ES,Combined TRACON& Tower with Radar,18,25,45,2,90,0,2,15,5,22,18,27,60,7,112,10,0,10,122
11/11/2021,AGS,GA,ASO,ES,Combined TRACON& Tower with Radar,19,37,52,0,108,0,0,4,3,7,19,37,56,3,115,0,0,0,115
11/12/2021,AGS,GA,ASO,ES,Combined TRACON& Tower with Radar,17,51,50,0,118,0,6,10,2,18,17,57,60,2,136,32,0,32,168
11/13/2021,AGS,GA,ASO,ES,Combined TRACON& Tower with Radar,14,31,30,0,75,0,0,11,3,14,14,31,41,3,89,62,0,62,151
11/14/2021,AGS,GA,ASO,ES,Combined TRACON& Tower with Radar,17,31,22,0,70,0,4,4,5,13,17,35,26,5,83,18,0,18,101
11/15/2021,AGS,GA,ASO,ES,Combined TRACON& Tower with Radar,18,23,13,1,55,0,0,10,1,11,18,23,23,2,66,20,0,20,86
11/16/2021,AGS,GA,ASO,ES,Combined TRACON& Tower with Radar,19,25,22,14,80,0,1,13,8,22,19,26,35,22,102,0,22,22,124
11/17/2021,AGS,GA,ASO,ES,Combined TRACON& Tower with Radar,19,26,29,6,80,0,3,23,7,33,19,29,52,13,113,0,0,0,113
11/18/2021,AGS,GA,ASO,ES,Combined TRACON& Tower with Radar,16,20,25,14,75,0,3,13,5,21,16,23,38,19,96,0,4,4,100
11/19/2021,AGS,GA,ASO,ES,Combined TRACON& Tower with Radar,17,25,48,2,92,0,2,22,9,33,17,27,70,11,125,93,0,93,218
11/20/2021,AGS,GA,ASO,ES,Combined TRACON& Tower with Radar,11,14,14,2,41,0,0,12,0,12,11,14,26,2,53,24,0,24,77
11/21/2021,AGS,GA,ASO,ES,Combined TRACON& Tower with Radar,9,26,13,0,48,0,0,3,6,9,9,26,16,6,57,24,0,24,81
11/22/2021,AGS,GA,ASO,ES,Combined TRACON& Tower with Radar,14,21,20,18,73,0,2,2,10,14,14,23,22,28,87,0,18,18,105
11/23/2021,AGS,GA,ASO,ES,Combined TRACON& Tower with Radar,16,18,17,2,53,0,0,15,2,17,16,18,32,4,70,0,0,0,70
11/24/2021,AGS,GA,ASO,ES,Combined TRACON& Tower with Radar,19,23,29,2,73,0,2,11,6,19,19,25,40,8,92,12,0,12,104
11/25/2021,AGS,GA,ASO,ES,Combined TRACON& Tower with Radar,8,9,6,0,23,0,1,1,5,7,8,10,7,5,30,10,0,10,40
11/26/2021,AGS,GA,ASO,ES,Combined TRACON& Tower with Radar,11,26,4,0,41,0,0,11,0,11,11,26,15,0,52,0,0,0,52
11/27/2021,AGS,GA,ASO,ES,Combined TRACON& Tower with Radar,15,30,14,0,59,0,0,14,5,19,15,30,28,5,78,0,0,0,78
11/28/2021,AGS,GA,ASO,ES,Combined TRACON& Tower with Radar,14,20,14,0,48,0,0,10,0,10,14,20,24,0,58,12,0,12,70
11/29/2021,AGS,GA,ASO,ES,Combined TRACON& Tower with Radar,15,26,27,37,105,0,0,19,4,23,15,26,46,41,128,16,10,26,154
11/30/2021,AGS,GA,ASO,ES,Combined TRACON& Tower with Radar,14,25,27,11,77,0,11,12,11,34,14,36,39,22,111,50,0,50,161
12/01/2021,AGS,GA,ASO,ES,Combined TRACON& Tower with Radar,16,10,30,24,80,0,0,15,26,41,16,10,45,50,121,30,30,60,181
12/02/2021,AGS,GA,ASO,ES,Combined TRACON& Tower with Radar,16,15,26,9,66,0,1,16,19,36,16,16,42,28,102,2,0,2,104
12/03/2021,AGS,GA,ASO,ES,Combined TRACON& Tower with Radar,17,17,34,15,83,0,0,19,4,23,17,17,53,19,106,14,0,14,120
12/04/2021,AGS,GA,ASO,ES,Combined TRACON& Tower with Radar,14,14,17,0,45,0,0,15,8,23,14,14,32,8,68,46,0,46,114
12/05/2021,AGS,GA,ASO,ES,Combined TRACON& Tower with Radar,16,15,15,0,46,0,0,7,0,7,16,15,22,0,53,0,0,0,53
12/06/2021,AGS,GA,ASO,ES,Combined TRACON& Tower with Radar,18,14,18,19,69,0,2,4,13,19,18,16,22,32,88,0,44,44,132
12/07/2021,AGS,GA,ASO,ES,Combined TRACON& Tower with Radar,16,24,20,4,64,0,1,8,6,15,16,25,28,10,79,66,34,100,179
12/08/2021,AGS,GA,ASO,ES,Combined TRACON& Tower with Radar,19,15,7,2,43,0,0,0,0,0,19,15,7,2,43,0,0,0,43
12/09/2021,AGS,GA,ASO,ES,Combined TRACON& Tower with Radar,19,16,21,3,59,0,0,6,0,6,19,16,27,3,65,16,0,16,81
12/10/2021,AGS,GA,ASO,ES,Combined TRACON& Tower with Radar,16,18,29,1,64,0,0,0,0,0,16,18,29,1,64,0,0,0,64
12/11/2021,AGS,GA,ASO,ES,Combined TRACON& Tower with Radar,15,14,8,0,37,0,0,1,0,1,15,14,9,0,38,0,0,0,38
12/12/2021,AGS,GA,ASO,ES,Combined TRACON& Tower with Radar,17,14,13,7,51,0,0,10,0,10,17,14,23,7,61,24,0,24,85
12/13/2021,AGS,GA,ASO,ES,Combined TRACON& Tower with Radar,18,12,19,13,62,0,4,14,3,21,18,16,33,16,83,54,0,54,137
12/14/2021,AGS,GA,ASO,ES,Combined TRACON& Tower with Radar,18,9,35,23,85,0,1,14,4,19,18,10,49,27,104,22,26,48,152
12/15/2021,AGS,GA,ASO,ES,Combined TRACON& Tower with Radar,17,19,23,3,62,0,0,17,0,17,17,19,40,3,79,24,0,24,103
12/16/2021,AGS,GA,ASO,ES,Combined TRACON& Tower with Radar,12,21,25,1,59,0,0,1,0,1,12,21,26,1,60,0,0,0,60
12/17/2021,AGS,GA,ASO,ES,Combined TRACON& Tower with Radar,11,20,23,2,56,0,0,1,0,1,11,20,24,2,57,0,0,0,57
12/18/2021,AGS,GA,ASO,ES,Combined TRACON& Tower with Radar,14,19,16,0,49,0,1,8,0,9,14,20,24,0,58,0,0,0,58
12/19/2021,AGS,GA,ASO,ES,Combined TRACON& Tower with Radar,10,17,10,2,39,0,0,3,0,3,10,17,13,2,42,0,0,0,42
12/20/2021,AGS,GA,ASO,ES,Combined TRACON& Tower with Radar,10,20,18,1,49,0,5,22,9,36,10,25,40,10,85,26,0,26,111
12/21/2021,AGS,GA,ASO,ES,Combined TRACON& Tower with Radar,12,21,17,0,50,0,0,2,0,2,12,21,19,0,52,10,0,10,62
12/22/2021,AGS,GA,ASO,ES,Combined TRACON& Tower with Radar,10,10,22,2,44,0,0,21,3,24,10,10,43,5,68,66,4,70,138
12/23/2021,AGS,GA,ASO,ES,Combined TRACON& Tower with Radar,11,13,7,0,31,0,0,19,2,21,11,13,26,2,52,80,0,80,132
12/24/2021,AGS,GA,ASO,ES,Combined TRACON& Tower with Radar,8,7,6,0,21,0,0,4,2,6,8,7,10,2,27,0,0,0,27
12/25/2021,AGS,GA,ASO,ES,Combined TRACON& Tower with Radar,11,11,0,0,22,0,0,6,2,8,11,11,6,2,30,0,0,0,30
12/26/2021,AGS,GA,ASO,ES,Combined TRACON& Tower with Radar,11,10,13,0,34,0,0,1,3,4,11,10,14,3,38,0,0,0,38
12/27/2021,AGS,GA,ASO,ES,Combined TRACON& Tower with Radar,10,12,11,0,33,0,0,2,2,4,10,12,13,2,37,0,0,0,37
12/28/2021,AGS,GA,ASO,ES,Combined TRACON& Tower with Radar,10,13,14,0,37,0,0,5,0,5,10,13,19,0,42,22,0,22,64
12/29/2021,AGS,GA,ASO,ES,Combined TRACON& Tower with Radar,10,11,14,2,37,0,0,3,1,4,10,11,17,3,41,8,0,8,49
12/30/2021,AGS,GA,ASO,ES,Combined TRACON& Tower with Radar,12,17,8,0,37,0,0,0,0,0,12,17,8,0,37,0,0,0,37
12/31/2021,AGS,GA,ASO,ES,Combined TRACON& Tower with Radar,8,10,14,0,32,0,0,0,2,2,8,10,14,2,34,0,0,0,34
01/01/2022,AGS,GA,ASO,ES,Combined TRACON& Tower with Radar,10,12,8,0,30,0,0,3,4,7,10,12,11,4,37,8,0,8,45
01/02/2022,AGS,GA,ASO,ES,Combined TRACON& Tower with Radar,9,15,4,0,28,0,0,0,0,0,9,15,4,0,28,0,0,0,28
01/03/2022,AGS,GA,ASO,ES,Combined TRACON& Tower with Radar,8,19,19,0,46,0,0,5,2,7,8,19,24,2,53,0,0,0,53
01/04/2022,AGS,GA,ASO,ES,Combined TRACON& Tower with Radar,16,6,10,10,42,0,0,9,4,13,16,6,19,14,55,12,8,20,75
01/05/2022,AGS,GA,ASO,ES,Combined TRACON& Tower with Radar,15,23,18,17,73,0,0,4,0,4,15,23,22,17,77,2,29,31,108
01/06/2022,AGS,GA,ASO,ES,Combined TRACON& Tower with Radar,18,12,28,19,77,0,0,7,3,10,18,12,35,22,87,12,16,28,115
01/07/2022,AGS,GA,ASO,ES,Combined TRACON& Tower with Radar,16,18,23,14,71,0,0,11,5,16,16,18,34,19,87,2,6,8,95
01/08/2022,AGS,GA,ASO,ES,Combined TRACON& Tower with Radar,14,13,3,4,34,0,0,13,4,17,14,13,16,8,51,0,0,0,51
01/09/2022,AGS,GA,ASO,ES,Combined TRACON& Tower with Radar,15,15,18,4,52,0,0,2,1,3,15,15,20,5,55,0,0,0,55
01/10/2022,AGS,GA,ASO,ES,Combined TRACON& Tower with Radar,17,15,20,20,72,0,0,10,16,26,17,15,30,36,98,6,34,40,138
01/11/2022,AGS,GA,ASO,ES,Combined TRACON& Tower with Radar,18,17,23,8,66,0,4,16,0,20,18,21,39,8,86,28,0,28,114
01/12/2022,AGS,GA,ASO,ES,Combined TRACON& Tower with Radar,18,13,15,5,51,0,4,17,17,38,18,17,32,22,89,16,22,38,127
01/13/2022,AGS,GA,ASO,ES,Combined TRACON& Tower with Radar,18,12,25,21,76,0,0,18,6,24,18,12,43,27,100,38,28,66,166
01/14/2022,AGS,GA,ASO,ES,Combined TRACON& Tower with Radar,18,10,22,0,50,0,4,13,3,20,18,14,35,3,70,40,0,40,110
01/15/2022,AGS,GA,ASO,ES,Combined TRACON& Tower with Radar,16,8,15,0,39,0,0,13,2,15,16,8,28,2,54,24,0,24,78
01/16/2022,AGS,GA,ASO,ES,Combined TRACON& Tower with Radar,8,3,6,0,17,0,0,1,0,1,8,3,7,0,18,0,0,0,18
01/17/2022,AGS,GA,ASO,ES,Combined TRACON& Tower with Radar,16,8,9,0,33,0,1,3,0,4,16,9,12,0,37,0,0,0,37
01/18/2022,AGS,GA,ASO,ES,Combined TRACON& Tower with Radar,18,10,27,8,63,0,2,10,7,19,18,12,37,15,82,10,0,10,92
01/19/2022,AGS,GA,ASO,ES,Combined TRACON& Tower with Radar,18,10,40,48,116,0,8,26,4,38,18,18,66,52,154,46,28,74,228
01/20/2022,AGS,GA,ASO,ES,Combined TRACON& Tower with Radar,18,13,20,5,56,0,0,0,1,1,18,13,20,6,57,0,0,0,57
01/21/2022,AGS,GA,ASO,ES,Combined TRACON& Tower with Radar,17,13,12,7,49,0,0,0,0,0,17,13,12,7,49,0,0,0,49
01/22/2022,AGS,GA,ASO,ES,Combined TRACON& Tower with Radar,14,5,10,0,29,0,1,11,4,16,14,6,21,4,45,0,0,0,45
01/23/2022,AGS,GA,ASO,ES,Combined TRACON& Tower with Radar,18,8,12,0,38,0,0,12,2,14,18,8,24,2,52,2,0,2,54
01/24/2022,AGS,GA,ASO,ES,Combined TRACON& Tower with Radar,18,10,10,16,54,0,0,18,3,21,18,10,28,19,75,46,28,74,149
01/25/2022,AGS,GA,ASO,ES,Combined TRACON& Tower with Radar,18,13,21,21,73,0,1,8,9,18,18,14,29,30,91,18,18,36,127
01/26/2022,AGS,GA,ASO,ES,Combined TRACON& Tower with Radar,17,18,19,20,74,0,0,17,15,32,17,18,36,35,106,58,40,98,204
01/27/2022,AGS,GA,ASO,ES,Combined TRACON& Tower with Radar,18,13,34,6,71,0,3,12,0,15,18,16,46,6,86,20,0,20,106
01/28/2022,AGS,GA,ASO,ES,Combined TRACON& Tower with Radar,27,14,24,0,65,0,0,23,0,23,27,14,47,0,88,20,0,20,108
01/29/2022,AGS,GA,ASO,ES,Combined TRACON& Tower with Radar,16,7,6,0,29,0,0,8,2,10,16,7,14,2,39,2,0,2,41
01/30/2022,AGS,GA,ASO,ES,Combined TRACON& Tower with Radar,18,8,17,0,43,0,1,18,1,20,18,9,35,1,63,8,0,8,71
01/31/2022,AGS,GA,ASO,ES,Combined TRACON& Tower with Radar,19,7,20,37,83,0,5,20,11,36,19,12,40,48,119,10,62,72,191
02/01/2022,AGS,GA,ASO,ES,Combined TRACON& Tower with Radar,18,6,9,14,47,0,0,19,4,23,18,6,28,18,70,8,12,20,90
02/02/2022,AGS,GA,ASO,ES,Combined TRACON& Tower with Radar,19,14,20,32,85,0,1,9,6,16,19,15,29,38,101,8,18,26,127
02/03/2022,AGS,GA,ASO,ES,Combined TRACON& Tower with Radar,14,19,18,4,55,0,0,3,2,5,14,19,21,6,60,0,0,0,60
02/04/2022,AGS,GA,ASO,ES,Combined TRACON& Tower with Radar,14,16,22,0,52,0,0,0,0,0,14,16,22,0,52,0,0,0,52
02/05/2022,AGS,GA,ASO,ES,Combined TRACON& Tower with Radar,15,8,18,1,42,0,4,19,4,27,15,12,37,5,69,16,6,22,91
02/06/2022,AGS,GA,ASO,ES,Combined TRACON& Tower with Radar,18,10,11,4,43,0,2,7,2,11,18,12,18,6,54,0,8,8,62
02/07/2022,AGS,GA,ASO,ES,Combined TRACON& Tower with Radar,17,16,19,26,78,0,0,0,0,0,17,16,19,26,78,0,0,0,78
02/08/2022,AGS,GA,ASO,ES,Combined TRACON& Tower with Radar,18,10,25,2,55,0,0,6,7,13,18,10,31,9,68,18,0,18,86
02/09/2022,AGS,GA,ASO,ES,Combined TRACON& Tower with Radar,18,13,21,1,53,0,0,14,5,19,18,13,35,6,72,14,0,14,86
02/10/2022,AGS,GA,ASO,ES,Combined TRACON& Tower with Radar,18,18,23,10,69,0,2,8,9,19,18,20,31,19,88,14,16,30,118
02/11/2022,AGS,GA,ASO,ES,Combined TRACON& Tower with Radar,18,17,27,18,80,0,3,12,1,16,18,20,39,19,96,6,0,6,102
02/12/2022,AGS,GA,ASO,ES,Combined TRACON& Tower with Radar,15,9,6,0,30,0,0,15,2,17,15,9,21,2,47,18,0,18,65
02/13/2022,AGS,GA,ASO,ES,Combined TRACON& Tower with Radar,14,15,13,0,42,0,2,14,1,17,14,17,27,1,59,22,0,22,81
02/14/2022,AGS,GA,ASO,ES,Combined TRACON& Tower with Radar,18,14,24,7,63,0,8,18,3,29,18,22,42,10,92,22,6,28,120
02/15/2022,AGS,GA,ASO,ES,Combined TRACON& Tower with Radar,18,12,23,24,77,0,2,23,10,35,18,14,46,34,112,92,0,92,204
02/16/2022,AGS,GA,ASO,ES,Combined TRACON& Tower with Radar,18,25,37,24,104,0,2,9,11,22,18,27,46,35,126,18,4,22,148
02/17/2022,AGS,GA,ASO,ES,Combined TRACON& Tower with Radar,19,27,23,9,78,0,0,5,3,8,19,27,28,12,86,6,6,12,98
02/18/2022,AGS,GA,ASO,ES,Combined TRACON& Tower with Radar,18,15,15,7,55,0,0,4,3,7,18,15,19,10,62,18,4,22,84
02/19/2022,AGS,GA,ASO,ES,Combined TRACON& Tower with Radar,17,20,9,0,46,0,22,17,2,41,17,42,26,2,87,52,0,52,139
02/20/2022,AGS,GA,ASO,ES,Combined TRACON& Tower with Radar,17,15,15,0,47,0,14,9,2,25,17,29,24,2,72,10,0,10,82
02/21/2022,AGS,GA,ASO,ES,Combined TRACON& Tower with Radar,18,17,35,0,70,0,2,5,0,7,18,19,40,0,77,0,0,0,77
02/22/2022,AGS,GA,ASO,ES,Combined TRACON& Tower with Radar,18,18,32,8,76,0,2,6,8,16,18,20,38,16,92,6,0,6,98
02/23/2022,AGS,GA,ASO,ES,Combined TRACON& Tower with Radar,17,21,34,44,116,0,7,3,14,24,17,28,37,58,140,48,56,104,244
02/24/2022,AGS,GA,ASO,ES,Combined TRACON& Tower with Radar,18,27,28,24,97,0,1,11,12,24,18,28,39,36,121,0,36,36,157
02/25/2022,AGS,GA,ASO,ES,Combined TRACON& Tower with Radar,18,29,20,5,72,0,1,7,0,8,18,30,27,5,80,6,0,6,86
02/26/2022,AGS,GA,ASO,ES,Combined TRACON& Tower with Radar,15,15,14,0,44,0,0,17,5,22,15,15,31,5,66,18,0,18,84
02/27/2022,AGS,GA,ASO,ES,Combined TRACON& Tower with Radar,17,28,17,4,66,0,0,0,0,0,17,28,17,4,66,0,0,0,66
02/28/2022,AGS,GA,ASO,ES,Combined TRACON& Tower with Radar,18,16,33,10,77,0,4,18,6,28,18,20,51,16,105,12,24,36,141
03/01/2022,AGS,GA,ASO,ES,Combined TRACON& Tower with Radar,18,22,17,8,65,0,7,12,2,21,18,29,29,10,86,68,0,68,154
03/02/2022,AGS,GA,ASO,ES,Combined TRACON& Tower with Radar,18,17,32,6,73,0,4,24,4,32,18,21,56,10,105,38,0,38,143
03/03/2022,AGS,GA,ASO,ES,Combined TRACON& Tower with Radar,17,16,26,0,59,0,6,19,8,33,17,22,45,8,92,6,0,6,98
03/04/2022,AGS,GA,ASO,ES,Combined TRACON& Tower with Radar,17,20,23,14,74,0,2,19,7,28,17,22,42,21,102,0,0,0,102
03/05/2022,AGS,GA,ASO,ES,Combined TRACON& Tower with Radar,15,24,20,0,59,0,1,3,2,6,15,25,23,2,65,0,0,0,65
03/06/2022,AGS,GA,ASO,ES,Combined TRACON& Tower with Radar,18,11,15,0,44,0,6,10,0,16,18,17,25,0,60,10,0,10,70
03/07/2022,AGS,GA,ASO,ES,Combined TRACON& Tower with Radar,16,14,19,1,50,0,4,1,3,8,16,18,20,4,58,10,0,10,68
03/08/2022,AGS,GA,ASO,ES,Combined TRACON& Tower with Radar,18,19,38,8,83,0,0,7,2,9,18,19,45,10,92,26,4,30,122
03/09/2022,AGS,GA,ASO,ES,Combined TRACON& Tower with Radar,18,22,21,0,61,0,0,0,2,2,18,22,21,2,63,0,0,0,63
03/10/2022,AGS,GA,ASO,ES,Combined TRACON& Tower with Radar,16,25,20,4,65,0,0,0,0,0,16,25,20,4,65,0,0,0,65
03/11/2022,AGS,GA,ASO,ES,Combined TRACON& Tower with Radar,18,23,36,9,86,0,0,0,0,0,18,23,36,9,86,0,0,0,86
03/12/2022,AGS,GA,ASO,ES,Combined TRACON& Tower with Radar,15,10,7,1,33,0,0,3,4,7,15,10,10,5,40,0,0,0,40
03/13/2022,AGS,GA,ASO,ES,Combined TRACON& Tower with Radar,16,13,14,0,43,0,1,20,5,26,16,14,34,5,69,18,0,18,87
03/14/2022,AGS,GA,ASO,ES,Combined TRACON& Tower with Radar,16,15,21,12,64,0,6,23,2,31,16,21,44,14,95,28,0,28,123
03/15/2022,AGS,GA,ASO,ES,Combined TRACON& Tower with Radar,18,19,38,5,80,0,2,14,7,23,18,21,52,12,103,18,0,18,121
03/16/2022,AGS,GA,ASO,ES,Combined TRACON& Tower with Radar,18,27,42,1,88,0,0,2,1,3,18,27,44,2,91,0,0,0,91
03/17/2022,AGS,GA,ASO,ES,Combined TRACON& Tower with Radar,19,37,53,2,111,0,3,12,3,18,19,40,65,5,129,6,0,6,135
03/18/2022,AGS,GA,ASO,ES,Combined TRACON& Tower with Radar,17,28,40,13,98,0,0,4,4,8,17,28,44,17,106,10,14,24,130
03/19/2022,AGS,GA,ASO,ES,Combined TRACON& Tower with Radar,15,33,26,2,76,0,0,4,3,7,15,33,30,5,83,0,0,0,83
03/20/2022,AGS,GA,ASO,ES,Combined TRACON& Tower with Radar,19,22,23,0,64,0,16,17,2,35,19,38,40,2,99,2,0,2,101
03/21/2022,AGS,GA,ASO,ES,Combined TRACON& Tower with Radar,13,27,14,13,67,0,6,10,9,25,13,33,24,22,92,16,4,20,112
03/22/2022,AGS,GA,ASO,ES,Combined TRACON& Tower with Radar,21,17,29,29,96,0,1,7,22,30,21,18,36,51,126,28,40,68,194
03/23/2022,AGS,GA,ASO,ES,Combined TRACON& Tower with Radar,17,15,26,2,60,0,0,1,4,5,17,15,27,6,65,0,6,6,71
03/24/2022,AGS,GA,ASO,ES,Combined TRACON& Tower with Radar,16,24,22,15,77,0,3,16,4,23,16,27,38,19,100,40,12,52,152
03/25/2022,AGS,GA,ASO,ES,Combined TRACON& Tower with Radar,17,25,27,8,77,0,0,6,4,10,17,25,33,12,87,14,0,14,101
03/26/2022,AGS,GA,ASO,ES,Combined TRACON& Tower with Radar,22,34,15,0,71,0,0,10,9,19,22,34,25,9,90,4,0,4,94
03/27/2022,AGS,GA,ASO,ES,Combined TRACON& Tower with Radar,16,27,18,0,61,0,4,8,7,19,16,31,26,7,80,10,0,10,90
03/28/2022,AGS,GA,ASO,ES,Combined TRACON& Tower with Radar,16,17,16,8,57,0,3,11,5,19,16,20,27,13,76,22,8,30,106
03/29/2022,AGS,GA,ASO,ES,Combined TRACON& Tower with Radar,18,29,25,13,85,0,3,26,6,35,18,32,51,19,120,34,0,34,154
03/30/2022,AGS,GA,ASO,ES,Combined TRACON& Tower with Radar,19,23,27,12,81,0,2,5,4,11,19,25,32,16,92,0,10,10,102
03/31/2022,AGS,GA,ASO,ES,Combined TRACON& Tower with Radar,17,23,21,1,62,0,1,1,0,2,17,24,22,1,64,0,0,0,64
04/01/2022,AGS,GA,ASO,ES,Combined TRACON& Tower with Radar,17,18,44,15,94,0,0,10,5,15,17,18,54,20,109,0,4,4,113
04/02/2022,AGS,GA,ASO,ES,Combined TRACON& Tower with Radar,17,34,34,0,85,0,2,13,1,16,17,36,47,1,101,0,0,0,101
04/03/2022,AGS,GA,ASO,ES,Combined TRACON& Tower with Radar,18,91,64,0,173,0,0,11,1,12,18,91,75,1,185,0,0,0,185
04/04/2022,AGS,GA,ASO,ES,Combined TRACON& Tower with Radar,18,124,103,0,245,0,2,5,0,7,18,126,108,0,252,0,0,0,252
04/05/2022,AGS,GA,ASO,ES,Combined TRACON& Tower with Radar,41,101,172,0,314,0,0,1,0,1,41,101,173,0,315,0,0,0,315
04/06/2022,AGS,GA,ASO,ES,Combined TRACON& Tower with Radar,46,195,287,0,528,0,0,2,0,2,46,195,289,0,530,0,0,0,530
04/07/2022,AGS,GA,ASO,ES,Combined TRACON& Tower with Radar,49,228,275,0,552,0,1,5,2,8,49,229,280,2,560,0,0,0,560
04/08/2022,AGS,GA,ASO,ES,Combined TRACON& Tower with Radar,65,273,284,1,623,0,0,11,0,11,65,273,295,1,634,0,0,0,634
04/09/2022,AGS,GA,ASO,ES,Combined TRACON& Tower with Radar,39,216,176,0,431,0,0,5,1,6,39,216,181,1,437,0,0,0,437
04/10/2022,AGS,GA,ASO,ES,Combined TRACON& Tower with Radar,55,210,247,0,512,0,1,1,0,2,55,211,248,0,514,0,0,0,514
04/11/2022,AGS,GA,ASO,ES,Combined TRACON& Tower with Radar,58,133,136,0,327,0,0,7,0,7,58,133,143,0,334,0,0,0,334
04/12/2022,AGS,GA,ASO,ES,Combined TRACON& Tower with Radar,19,16,14,12,61,0,1,12,4,17,19,17,26,16,78,16,0,16,94
04/13/2022,AGS,GA,ASO,ES,Combined TRACON& Tower with Radar,20,15,19,8,62,0,12,9,8,29,20,27,28,16,91,25,6,31,122
04/14/2022,AGS,GA,ASO,ES,Combined TRACON& Tower with Radar,22,6,25,13,66,0,2,4,2,8,22,8,29,15,74,42,18,60,134
04/15/2022,AGS,GA,ASO,ES,Combined TRACON& Tower with Radar,20,5,7,0,32,0,2,14,0,16,20,7,21,0,48,44,0,44,92
04/16/2022,AGS,GA,ASO,ES,Combined TRACON& Tower with Radar,18,4,1,0,23,0,0,2,1,3,18,4,3,1,26,0,0,0,26
04/17/2022,AGS,GA,ASO,ES,Combined TRACON& Tower with Radar,21,9,4,0,34,0,0,1,0,1,21,9,5,0,35,8,0,8,43
04/18/2022,AGS,GA,ASO,ES,Combined TRACON& Tower with Radar,20,8,24,3,55,0,0,4,0,4,20,8,28,3,59,23,0,23,82
04/19/2022,AGS,GA,ASO,ES,Combined TRACON& Tower with Radar,20,14,29,6,69,0,4,15,1,20,20,18,44,7,89,51,7,58,147
04/20/2022,AGS,GA,ASO,ES,Combined TRACON& Tower with Radar,24,21,42,9,96,0,5,9,6,20,24,26,51,15,116,32,0,32,148
04/21/2022,AGS,GA,ASO,ES,Combined TRACON& Tower with Radar,21,14,47,34,116,0,2,14,6,22,21,16,61,40,138,48,27,75,213
04/22/2022,AGS,GA,ASO,ES,Combined TRACON& Tower with Radar,22,11,28,1,62,0,2,18,8,28,22,13,46,9,90,28,0,28,118
04/23/2022,AGS,GA,ASO,ES,Combined TRACON& Tower with Radar,22,14,9,0,45,0,4,14,2,20,22,18,23,2,65,32,0,32,97
04/24/2022,AGS,GA,ASO,ES,Combined TRACON& Tower with Radar,22,13,17,5,57,0,2,9,8,19,22,15,26,13,76,20,18,38,114
04/25/2022,AGS,GA,ASO,ES,Combined TRACON& Tower with Radar,22,10,25,3,60,0,0,12,1,13,22,10,37,4,73,22,0,22,95
04/26/2022,AGS,GA,ASO,ES,Combined TRACON& Tower with Radar,20,15,21,9,65,0,0,10,2,12,20,15,31,11,77,20,8,28,105
04/27/2022,AGS,GA,ASO,ES,Combined TRACON& Tower with Radar,25,18,22,12,77,0,1,20,7,28,25,19,42,19,105,32,0,32,137
04/28/2022,AGS,GA,ASO,ES,Combined TRACON& Tower with Radar,20,20,35,19,94,0,2,16,3,21,20,22,51,22,115,24,16,40,155
04/29/2022,AGS,GA,ASO,ES,Combined TRACON& Tower with Radar,22,24,23,0,69,0,0,17,3,20,22,24,40,3,89,30,0,30,119
04/30/2022,AGS,GA,ASO,ES,Combined TRACON& Tower with Radar,19,11,17,0,47,0,3,10,3,16,19,14,27,3,63,10,0,10,73
05/01/2022,AGS,GA,ASO,ES,Combined TRACON& Tower with Radar,22,2,23,2,49,0,0,12,2,14,22,2,35,4,63,2,0,2,65
05/02/2022,AGS,GA,ASO,ES,Combined TRACON& Tower with Radar,22,11,29,20,82,0,1,19,4,24,22,12,48,24,106,16,12,28,134
05/03/2022,AGS,GA,ASO,ES,Combined TRACON& Tower with Radar,22,14,29,12,77,0,0,4,3,7,22,14,33,15,84,6,0,6,90
05/04/2022,AGS,GA,ASO,ES,Combined TRACON& Tower with Radar,22,19,31,4,76,0,0,9,3,12,22,19,40,7,88,24,2,26,114
05/05/2022,AGS,GA,ASO,ES,Combined TRACON& Tower with Radar,16,18,43,35,112,0,0,14,3,17,16,18,57,38,129,20,0,20,149
05/06/2022,AGS,GA,ASO,ES,Combined TRACON& Tower with Radar,15,15,19,26,75,0,0,5,0,5,15,15,24,26,80,0,0,0,80
05/07/2022,AGS,GA,ASO,ES,Combined TRACON& Tower with Radar,18,16,17,0,51,0,2,4,0,6,18,18,21,0,57,0,0,0,57
05/08/2022,AGS,GA,ASO,ES,Combined TRACON& Tower with Radar,18,10,12,0,40,0,1,1,3,5,18,11,13,3,45,16,0,16,61
05/09/2022,AGS,GA,ASO,ES,Combined TRACON& Tower with Radar,17,19,36,9,81,0,2,10,11,23,17,21,46,20,104,4,16,20,124
05/10/2022,AGS,GA,ASO,ES,Combined TRACON& Tower with Radar,22,30,35,3,90,0,4,13,3,20,22,34,48,6,110,56,10,66,176
05/11/2022,AGS,GA,ASO,ES,Combined TRACON& Tower with Radar,17,21,42,6,86,0,1,9,5,15,17,22,51,11,101,14,18,32,133
05/12/2022,AGS,GA,ASO,ES,Combined TRACON& Tower with Radar,18,33,53,4,108,0,2,14,7,23,18,35,67,11,131,10,34,44,175
05/13/2022,AGS,GA,ASO,ES,Combined TRACON& Tower with Radar,17,21,29,0,67,0,0,3,0,3,17,21,32,0,70,0,12,12,82
05/14/2022,AGS,GA,ASO,ES,Combined TRACON& Tower with Radar,18,16,19,3,56,0,0,8,2,10,18,16,27,5,66,18,10,28,94
05/15/2022,AGS,GA,ASO,ES,Combined TRACON& Tower with Radar,20,20,23,4,67,0,0,6,4,10,20,20,29,8,77,32,0,32,109
05/16/2022,AGS,GA,ASO,ES,Combined TRACON& Tower with Radar,18,18,18,11,65,0,2,2,1,5,18,20,20,12,70,0,0,0,70
05/17/2022,AGS,GA,ASO,ES,Combined TRACON& Tower with Radar,18,11,41,8,78,0,3,24,4,31,18,14,65,12,109,44,0,44,153
05/18/2022,AGS,GA,ASO,ES,Combined TRACON& Tower with Radar,19,19,34,29,101,0,4,19,10,33,19,23,53,39,134,38,28,66,200
05/19/2022,AGS,GA,ASO,ES,Combined TRACON& Tower with Radar,16,26,36,16,94,0,6,12,1,19,16,32,48,17,113,0,10,10,123
05/20/2022,AGS,GA,ASO,ES,Combined TRACON& Tower with Radar,18,26,31,27,102,0,1,15,1,17,18,27,46,28,119,0,6,6,125
05/21/2022,AGS,GA,ASO,ES,Combined TRACON& Tower with Radar,19,19,15,1,54,0,0,9,0,9,19,19,24,1,63,12,0,12,75
05/22/2022,AGS,GA,ASO,ES,Combined TRACON& Tower with Radar,17,33,11,3,64,0,2,9,0,11,17,35,20,3,75,2,0,2,77
05/23/2022,AGS,GA,ASO,ES,Combined TRACON& Tower with Radar,20,12,15,15,62,0,0,3,1,4,20,12,18,16,66,0,6,6,72
05/24/2022,AGS,GA,ASO,ES,Combined TRACON& Tower with Radar,18,7,26,6,57,0,0,15,0,15,18,7,41,6,72,6,0,6,78
05/25/2022,AGS,GA,ASO,ES,Combined TRACON& Tower with Radar,21,19,19,28,87,0,2,9,31,42,21,21,28,59,129,18,56,74,203
05/26/2022,AGS,GA,ASO,ES,Combined TRACON& Tower with Radar,18,10,21,2,51,0,0,5,9,14,18,10,26,11,65,0,6,6,71
05/27/2022,AGS,GA,ASO,ES,Combined TRACON& Tower with Radar,18,12,7,0,37,0,4,25,11,40,18,16,32,11,77,26,0,26,103
05/28/2022,AGS,GA,ASO,ES,Combined TRACON& Tower with Radar,16,2,19,0,37,0,0,42,20,62,16,2,61,20,99,36,0,36,135
05/29/2022,AGS,GA,ASO,ES,Combined TRACON& Tower with Radar,16,6,5,0,27,0,4,16,0,20,16,10,21,0,47,28,0,28,75
05/30/2022,AGS,GA,ASO,ES,Combined TRACON& Tower with Radar,21,5,12,0,38,0,0,10,0,10,21,5,22,0,48,14,2,16,64
05/31/2022,AGS,GA,ASO,ES,Combined TRACON& Tower with Radar,18,5,17,7,47,0,5,9,0,14,18,10,26,7,61,116,0,116,177
06/01/2022,AGS,GA,ASO,ES,Combined TRACON& Tower with Radar,18,13,17,5,53,0,1,19,3,23,18,14,36,8,76,76,6,82,158
06/02/2022,AGS,GA,ASO,ES,Combined TRACON& Tower with Radar,18,6,14,19,57,0,2,14,7,23,18,8,28,26,80,16,18,34,114
06/03/2022,AGS,GA,ASO,ES,Combined TRACON& Tower with Radar,18,5,13,19,55,0,2,20,0,22,18,7,33,19,77,14,4,18,95
06/04/2022,AGS,GA,ASO,ES,Combined TRACON& Tower with Radar,14,6,7,9,36,1,0,10,0,11,15,6,17,9,47,22,0,22,69
06/05/2022,AGS,GA,ASO,ES,Combined TRACON& Tower with Radar,21,7,12,2,42,0,15,4,1,20,21,22,16,3,62,0,0,0,62
06/06/2022,AGS,GA,ASO,ES,Combined TRACON& Tower with Radar,26,11,19,15,71,0,0,21,4,25,26,11,40,19,96,30,10,40,136
06/07/2022,AGS,GA,ASO,ES,Combined TRACON& Tower with Radar,19,10,36,11,76,0,0,4,3,7,19,10,40,14,83,0,14,14,97
06/08/2022,AGS,GA,ASO,ES,Combined TRACON& Tower with Radar,20,7,15,4,46,0,3,14,2,19,20,10,29,6,65,32,0,32,97
06/09/2022,AGS,GA,ASO,ES,Combined TRACON& Tower with Radar,21,4,24,22,71,0,0,10,1,11,21,4,34,23,82,14,0,14,96
06/10/2022,AGS,GA,ASO,ES,Combined TRACON& Tower with Radar,22,5,26,6,59,0,1,12,2,15,22,6,38,8,74,12,0,12,86
06/11/2022,AGS,GA,ASO,ES,Combined TRACON& Tower with Radar,13,6,12,1,32,0,4,9,0,13,13,10,21,1,45,0,0,0,45
06/12/2022,AGS,GA,ASO,ES,Combined TRACON& Tower with Radar,21,3,16,1,41,0,8,6,2,16,21,11,22,3,57,6,12,18,75
06/13/2022,AGS,GA,ASO,ES,Combined TRACON& Tower with Radar,23,6,16,14,59,0,3,5,0,8,23,9,21,14,67,18,0,18,85
06/14/2022,AGS,GA,ASO,ES,Combined TRACON& Tower with Radar,18,4,24,4,50,0,1,9,1,11,18,5,33,5,61,6,0,6,67
06/15/2022,AGS,GA,ASO,ES,Combined TRACON& Tower with Radar,21,7,14,4,46,0,2,17,2,21,21,9,31,6,67,10,14,24,91
06/16/2022,AGS,GA,ASO,ES,Combined TRACON& Tower with Radar,22,10,11,25,68,0,1,8,5,14,22,11,19,30,82,4,14,18,100
06/17/2022,AGS,GA,ASO,ES,Combined TRACON& Tower with Radar,18,1,12,12,43,0,0,13,1,14,18,1,25,13,57,4,6,10,67
06/18/2022,AGS,GA,ASO,ES,Combined TRACON& Tower with Radar,13,6,5,1,25,0,6,15,0,21,13,12,20,1,46,24,0,24,70
06/19/2022,AGS,GA,ASO,ES,Combined TRACON& Tower with Radar,19,8,3,0,30,0,10,10,0,20,19,18,13,0,50,0,0,0,50
06/20/2022,AGS,GA,ASO,ES,Combined TRACON& Tower with Radar,21,7,25,0,53,0,2,21,0,23,21,9,46,0,76,26,0,26,102
06/21/2022,AGS,GA,ASO,ES,Combined TRACON& Tower with Radar,19,5,15,10,49,0,0,11,3,14,19,5,26,13,63,0,44,44,107
06/22/2022,AGS,GA,ASO,ES,Combined TRACON& Tower with Radar,21,6,25,26,78,0,2,8,9,19,21,8,33,35,97,22,44,66,163
06/23/2022,AGS,GA,ASO,ES,Combined TRACON& Tower with Radar,19,6,20,22,67,0,4,7,4,15,19,10,27,26,82,14,24,38,120
06/24/2022,AGS,GA,ASO,ES,Combined TRACON& Tower with Radar,19,2,15,3,39,0,0,13,2,15,19,2,28,5,54,18,4,22,76
06/25/2022,AGS,GA,ASO,ES,Combined TRACON& Tower with Radar,13,7,12,2,34,0,0,13,0,13,13,7,25,2,47,0,0,0,47
06/26/2022,AGS,GA,ASO,ES,Combined TRACON& Tower with Radar,21,3,6,8,38,0,2,21,0,23,21,5,27,8,61,6,0,6,67
06/27/2022,AGS,GA,ASO,ES,Combined TRACON& Tower with Radar,19,6,16,15,56,0,1,7,2,10,19,7,23,17,66,0,16,16,82
06/28/2022,AGS,GA,ASO,ES,Combined TRACON& Tower with Radar,18,2,16,5,41,0,2,7,0,9,18,4,23,5,50,10,0,10,60
06/29/2022,AGS,GA,ASO,ES,Combined TRACON& Tower with Radar,21,9,33,6,69,0,0,9,0,9,21,9,42,6,78,0,0,0,78
06/30/2022,AGS,GA,ASO,ES,Combined TRACON& Tower with Radar,21,4,37,3,65,0,1,10,6,17,21,5,47,9,82,4,10,14,96
07/01/2022,AGS,GA,ASO,ES,Combined TRACON& Tower with Radar,24,4,3,0,31,0,0,0,0,0,24,4,3,0,31,0,0,0,31
07/02/2022,AGS,GA,ASO,ES,Combined TRACON& Tower with Radar,15,5,3,0,23,0,0,9,0,9,15,5,12,0,32,24,0,24,56
07/03/2022,AGS,GA,ASO,ES,Combined TRACON& Tower with Radar,16,0,5,2,23,0,0,11,0,11,16,0,16,2,34,0,0,0,34
07/04/2022,AGS,GA,ASO,ES,Combined TRACON& Tower with Radar,16,2,4,0,22,0,0,3,0,3,16,2,7,0,25,6,0,6,31
07/05/2022,AGS,GA,ASO,ES,Combined TRACON& Tower with Radar,20,6,14,1,41,0,4,7,0,11,20,10,21,1,52,104,0,104,156
07/06/2022,AGS,GA,ASO,ES,Combined TRACON& Tower with Radar,19,2,34,3,58,0,1,11,0,12,19,3,45,3,70,6,0,6,76
07/07/2022,AGS,GA,ASO,ES,Combined TRACON& Tower with Radar,20,6,11,9,46,0,0,6,2,8,20,6,17,11,54,10,2,12,66
07/08/2022,AGS,GA,ASO,ES,Combined TRACON& Tower with Radar,17,6,8,11,42,0,1,9,1,11,17,7,17,12,53,24,6,30,83
07/09/2022,AGS,GA,ASO,ES,Combined TRACON& Tower with Radar,14,6,5,6,31,0,0,6,1,7,14,6,11,7,38,8,0,8,46
07/10/2022,AGS,GA,ASO,ES,Combined TRACON& Tower with Radar,21,5,15,0,41,0,0,2,0,2,21,5,17,0,43,0,0,0,43
07/11/2022,AGS,GA,ASO,ES,Combined TRACON& Tower with Radar,21,7,8,3,39,0,2,10,1,13,21,9,18,4,52,66,0,66,118
07/12/2022,AGS,GA,ASO,ES,Combined TRACON& Tower with Radar,19,9,28,26,82,0,0,12,2,14,19,9,40,28,96,6,8,14,110
07/13/2022,AGS,GA,ASO,ES,Combined TRACON& Tower with Radar,20,4,11,20,55,0,0,7,0,7,20,4,18,20,62,0,8,8,70
07/14/2022,AGS,GA,ASO,ES,Combined TRACON& Tower with Radar,22,3,12,6,43,0,0,7,0,7,22,3,19,6,50,0,0,0,50
07/15/2022,AGS,GA,ASO,ES,Combined TRACON& Tower with Radar,21,6,16,4,47,0,0,16,2,18,21,6,32,6,65,28,0,28,93
07/16/2022,AGS,GA,ASO,ES,Combined TRACON& Tower with Radar,16,8,12,0,36,0,0,9,2,11,16,8,21,2,47,46,0,46,93
07/17/2022,AGS,GA,ASO,ES,Combined TRACON& Tower with Radar,24,8,12,1,45,0,8,10,3,21,24,16,22,4,66,22,0,22,88
07/18/2022,AGS,GA,ASO,ES,Combined TRACON& Tower with Radar,20,3,9,20,52,0,0,10,6,16,20,3,19,26,68,10,38,48,116
07/19/2022,AGS,GA,ASO,ES,Combined TRACON& Tower with Radar,28,10,12,12,62,0,0,7,1,8,28,10,19,13,70,10,0,10,80
07/20/2022,AGS,GA,ASO,ES,Combined TRACON& Tower with Radar,20,29,41,13,103,0,0,0,1,1,20,29,41,14,104,12,10,22,126
07/21/2022,AGS,GA,ASO,ES,Combined TRACON& Tower with Radar,18,26,29,15,88,0,1,5,2,8,18,27,34,17,96,0,0,0,96
07/22/2022,AGS,GA,ASO,ES,Combined TRACON& Tower with Radar,19,34,42,20,115,0,0,9,4,13,19,34,51,24,128,16,8,24,152
07/23/2022,AGS,GA,ASO,ES,Combined TRACON& Tower with Radar,23,37,22,0,82,0,2,5,0,7,23,39,27,0,89,0,0,0,89
07/24/2022,AGS,GA,ASO,ES,Combined TRACON& Tower with Radar,18,15,14,0,47,0,0,4,0,4,18,15,18,0,51,28,0,28,79
07/25/2022,AGS,GA,ASO,ES,Combined TRACON& Tower with Radar,24,8,20,14,66,0,0,4,2,6,24,8,24,16,72,6,6,12,84
07/26/2022,AGS,GA,ASO,ES,Combined TRACON& Tower with Radar,19,3,21,24,67,0,6,26,9,41,19,9,47,33,108,70,38,108,216
07/27/2022,AGS,GA,ASO,ES,Combined TRACON& Tower with Radar,21,6,14,23,64,0,0,19,3,22,21,6,33,26,86,34,31,65,151
07/28/2022,AGS,GA,ASO,ES,Combined TRACON& Tower with Radar,21,7,18,14,60,0,5,15,2,22,21,12,33,16,82,22,10,32,114
07/29/2022,AGS,GA,ASO,ES,Combined TRACON& Tower with Radar,22,6,25,13,66,0,2,16,6,24,22,8,41,19,90,16,16,32,122
07/30/2022,AGS,GA,ASO,ES,Combined TRACON& Tower with Radar,14,3,7,0,24,0,0,11,0,11,14,3,18,0,35,2,0,2,37
07/31/2022,AGS,GA,ASO,ES,Combined TRACON& Tower with Radar,21,7,14,5,47,0,1,8,2,11,21,8,22,7,58,10,0,10,68
08/01/2022,AGS,GA,ASO,ES,Combined TRACON& Tower with Radar,22,2,19,18,61,0,0,17,3,20,22,2,36,21,81,26,12,38,119
08/02/2022,AGS,GA,ASO,ES,Combined TRACON& Tower with Radar,19,0,14,0,33,0,1,16,8,25,19,1,30,8,58,6,0,6,64
08/03/2022,AGS,GA,ASO,ES,Combined TRACON& Tower with Radar,17,1,9,2,29,0,0,5,0,5,17,1,14,2,34,0,2,2,36
08/04/2022,AGS,GA,ASO,ES,Combined TRACON& Tower with Radar,24,1,13,5,43,0,0,8,3,11,24,1,21,8,54,10,28,38,92
08/05/2022,AGS,GA,ASO,ES,Combined TRACON& Tower with Radar,25,4,17,12,58,0,7,10,7,24,25,11,27,19,82,54,0,54,136
08/06/2022,AGS,GA,ASO,ES,Combined TRACON& Tower with Radar,14,7,6,0,27,0,0,4,0,4,14,7,10,0,31,0,0,0,31
08/07/2022,AGS,GA,ASO,ES,Combined TRACON& Tower with Radar,20,4,11,0,35,0,4,10,5,19,20,8,21,5,54,18,0,18,72
08/08/2022,AGS,GA,ASO,ES,Combined TRACON& Tower with Radar,21,9,7,7,44,0,0,4,2,6,21,9,11,9,50,0,10,10,60
08/09/2022,AGS,GA,ASO,ES,Combined TRACON& Tower with Radar,20,12,29,38,99,0,3,13,1,17,20,15,42,39,116,0,10,10,126
08/10/2022,AGS,GA,ASO,ES,Combined TRACON& Tower with Radar,18,5,10,22,55,0,1,10,8,19,18,6,20,30,74,8,40,48,122
08/11/2022,AGS,GA,ASO,ES,Combined TRACON& Tower with Radar,20,9,24,10,63,0,1,6,0,7,20,10,30,10,70,2,0,2,72
08/12/2022,AGS,GA,ASO,ES,Combined TRACON& Tower with Radar,21,4,16,4,45,0,0,4,2,6,21,4,20,6,51,0,0,0,51
08/13/2022,AGS,GA,ASO,ES,Combined TRACON& Tower with Radar,15,11,12,3,41,0,0,12,1,13,15,11,24,4,54,30,0,30,84
08/14/2022,AGS,GA,ASO,ES,Combined TRACON& Tower with Radar,19,9,27,4,59,0,6,18,0,24,19,15,45,4,83,42,0,42,125
08/15/2022,AGS,GA,ASO,ES,Combined TRACON& Tower with Radar,19,6,24,9,58,0,2,13,1,16,19,8,37,10,74,12,16,28,102
08/16/2022,AGS,GA,ASO,ES,Combined TRACON& Tower with Radar,15,11,27,25,78,0,2,6,3,11,15,13,33,28,89,12,14,26,115
08/17/2022,AGS,GA,ASO,ES,Combined TRACON& Tower with Radar,16,4,25,9,54,0,2,2,3,7,16,6,27,12,61,14,23,37,98
08/18/2022,AGS,GA,ASO,ES,Combined TRACON& Tower with Radar,18,6,14,19,57,0,0,13,4,17,18,6,27,23,74,10,24,34,108
08/19/2022,AGS,GA,ASO,ES,Combined TRACON& Tower with Radar,18,8,17,12,55,0,0,2,0,2,18,8,19,12,57,0,0,0,57
08/20/2022,AGS,GA,ASO,ES,Combined TRACON& Tower with Radar,16,9,15,5,45,0,1,11,0,12,16,10,26,5,57,36,0,36,93
08/21/2022,AGS,GA,ASO,ES,Combined TRACON& Tower with Radar,19,6,10,2,37,0,0,3,2,5,19,6,13,4,42,6,0,6,48
08/22/2022,AGS,GA,ASO,ES,Combined TRACON& Tower with Radar,19,4,16,17,56,0,2,1,0,3,19,6,17,17,59,0,0,0,59
08/23/2022,AGS,GA,ASO,ES,Combined TRACON& Tower with Radar,16,5,26,14,61,0,4,10,3,17,16,9,36,17,78,92,10,102,180
08/24/2022,AGS,GA,ASO,ES,Combined TRACON& Tower with Radar,17,8,17,31,73,0,0,9,8,17,17,8,26,39,90,0,16,16,106
08/25/2022,AGS,GA,ASO,ES,Combined TRACON& Tower with Radar,18,6,16,3,43,0,0,3,0,3,18,6,19,3,46,0,0,0,46
08/26/2022,AGS,GA,ASO,ES,Combined TRACON& Tower with Radar,18,7,15,10,50,0,0,9,0,9,18,7,24,10,59,8,0,8,67
08/27/2022,AGS,GA,ASO,ES,Combined TRACON& Tower with Radar,15,4,9,0,28,0,0,8,0,8,15,4,17,0,36,16,0,16,52
08/28/2022,AGS,GA,ASO,ES,Combined TRACON& Tower with Radar,18,9,8,0,35,0,0,10,0,10,18,9,18,0,45,22,0,22,67
08/29/2022,AGS,GA,ASO,ES,Combined TRACON& Tower with Radar,17,4,23,5,49,0,0,4,0,4,17,4,27,5,53,0,0,0,53
08/30/2022,AGS,GA,ASO,ES,Combined TRACON& Tower with Radar,22,10,16,16,64,0,4,5,2,11,22,14,21,18,75,20,0,20,95
08/31/2022,AGS,GA,ASO,ES,Combined TRACON& Tower with Radar,14,5,23,9,51,0,1,16,1,18,14,6,39,10,69,10,14,24,93
09/01/2022,AGS,GA,ASO,ES,Combined TRACON& Tower with Radar,17,6,22,16,61,0,0,8,0,8,17,6,30,16,69,44,0,44,113
09/02/2022,AGS,GA,ASO,ES,Combined TRACON& Tower with Radar,17,4,20,2,43,0,2,3,0,5,17,6,23,2,48,0,0,0,48
09/03/2022,AGS,GA,ASO,ES,Combined TRACON& Tower with Radar,16,5,3,2,26,0,0,7,0,7,16,5,10,2,33,24,0,24,57
09/04/2022,AGS,GA,ASO,ES,Combined TRACON& Tower with Radar,13,4,8,4,29,0,0,5,0,5,13,4,13,4,34,10,0,10,44
09/05/2022,AGS,GA,ASO,ES,Combined TRACON& Tower with Radar,18,8,9,0,35,0,1,6,0,7,18,9,15,0,42,16,0,16,58
09/06/2022,AGS,GA,ASO,ES,Combined TRACON& Tower with Radar,18,14,16,15,63,0,8,12,1,21,18,22,28,16,84,22,12,34,118
09/07/2022,AGS,GA,ASO,ES,Combined TRACON& Tower with Radar,21,16,18,9,64,0,0,16,3,19,21,16,34,12,83,6,6,12,95
09/08/2022,AGS,GA,ASO,ES,Combined TRACON& Tower with Radar,16,15,23,12,66,0,0,19,6,25,16,15,42,18,91,12,8,20,111
09/09/2022,AGS,GA,ASO,ES,Combined TRACON& Tower with Radar,16,17,18,5,56,0,0,7,4,11,16,17,25,9,67,36,6,42,109
09/10/2022,AGS,GA,ASO,ES,Combined TRACON& Tower with Radar,15,11,7,0,33,0,0,0,0,0,15,11,7,0,33,0,0,0,33
09/11/2022,AGS,GA,ASO,ES,Combined TRACON& Tower with Radar,16,12,23,3,54,0,3,4,0,7,16,15,27,3,61,20,0,20,81
09/12/2022,AGS,GA,ASO,ES,Combined TRACON& Tower with Radar,18,16,10,24,68,0,5,8,1,14,18,21,18,25,82,106,0,106,188
09/13/2022,AGS,GA,ASO,ES,Combined TRACON& Tower with Radar,18,8,19,8,53,0,3,18,11,32,18,11,37,19,85,18,28,46,131
09/14/2022,AGS,GA,ASO,ES,Combined TRACON& Tower with Radar,18,6,19,13,56,0,4,14,1,19,18,10,33,14,75,36,8,44,119
09/15/2022,AGS,GA,ASO,ES,Combined TRACON& Tower with Radar,18,10,12,20,60,0,4,17,7,28,18,14,29,27,88,22,24,46,134
09/16/2022,AGS,GA,ASO,ES,Combined TRACON& Tower with Radar,17,11,23,2,53,0,2,16,0,18,17,13,39,2,71,12,0,12,83
09/17/2022,AGS,GA,ASO,ES,Combined TRACON& Tower with Radar,21,5,9,0,35,0,0,11,2,13,21,5,20,2,48,0,0,0,48
09/18/2022,AGS,GA,ASO,ES,Combined TRACON& Tower with Radar,16,17,25,2,60,0,12,9,0,21,16,29,34,2,81,18,0,18,99
09/19/2022,AGS,GA,ASO,ES,Combined TRACON& Tower with Radar,16,10,14,8,48,0,1,16,1,18,16,11,30,9,66,20,12,32,98
09/20/2022,AGS,GA,ASO,ES,Combined TRACON& Tower with Radar,18,7,12,26,63,0,2,11,2,15,18,9,23,28,78,6,14,20,98
09/21/2022,AGS,GA,ASO,ES,Combined TRACON& Tower with Radar,19,14,11,10,54,0,1,13,2,16,19,15,24,12,70,28,0,28,98
09/22/2022,AGS,GA,ASO,ES,Combined TRACON& Tower with Radar,16,19,37,26,98,0,4,11,3,18,16,23,48,29,116,12,0,12,128
09/23/2022,AGS,GA,ASO,ES,Combined TRACON& Tower with Radar,16,17,22,15,70,0,0,24,2,26,16,17,46,17,96,60,38,98,194
09/24/2022,AGS,GA,ASO,ES,Combined TRACON& Tower with Radar,18,12,1,0,31,0,2,17,0,19,18,14,18,0,50,20,0,20,70
09/25/2022,AGS,GA,ASO,ES,Combined TRACON& Tower with Radar,16,15,18,1,50,0,1,16,0,17,16,16,34,1,67,30,0,30,97
09/26/2022,AGS,GA,ASO,ES,Combined TRACON& Tower with Radar,16,14,11,10,51,0,2,10,3,15,16,16,21,13,66,4,20,24,90
09/27/2022,AGS,GA,ASO,ES,Combined TRACON& Tower with Radar,18,21,14,8,61,0,1,10,1,12,18,22,24,9,73,10,20,30,103
09/28/2022,AGS,GA,ASO,ES,Combined TRACON& Tower with Radar,18,12,13,8,51,0,0,5,1,6,18,12,18,9,57,2,18,20,77
09/29/2022,AGS,GA,ASO,ES,Combined TRACON& Tower with Radar,16,18,9,0,43,0,0,0,0,0,16,18,9,0,43,0,0,0,43
09/30/2022,AGS,GA,ASO,ES,Combined TRACON& Tower with Radar,8,5,2,0,15,0,0,0,0,0,8,5,2,0,15,0,0,0,15
10/01/2022,AGS,GA,ASO,ES,Combined TRACON& Tower with Radar,15,4,6,0,25,0,0,15,0,15,15,4,21,0,40,14,0,14,54
10/02/2022,AGS,GA,ASO,ES,Combined TRACON& Tower with Radar,18,14,5,0,37,0,10,13,0,23,18,24,18,0,60,0,0,0,60
10/03/2022,AGS,GA,ASO,ES,Combined TRACON& Tower with Radar,16,12,7,16,51,0,4,5,0,9,16,16,12,16,60,8,0,8,68
10/04/2022,AGS,GA,ASO,ES,Combined TRACON& Tower with Radar,18,10,10,10,48,0,3,13,0,16,18,13,23,10,64,32,0,32,96
10/05/2022,AGS,GA,ASO,ES,Combined TRACON& Tower with Radar,19,11,24,29,83,0,2,21,3,26,19,13,45,32,109,48,40,88,197
10/06/2022,AGS,GA,ASO,ES,Combined TRACON& Tower with Radar,15,17,23,13,68,0,0,18,3,21,15,17,41,16,89,13,34,47,136
10/07/2022,AGS,GA,ASO,ES,Combined TRACON& Tower with Radar,14,15,22,12,63,0,2,18,1,21,14,17,40,13,84,18,18,36,120
10/08/2022,AGS,GA,ASO,ES,Combined TRACON& Tower with Radar,12,10,13,0,35,0,1,20,0,21,12,11,33,0,56,26,0,26,82
10/09/2022,AGS,GA,ASO,ES,Combined TRACON& Tower with Radar,14,21,8,0,43,0,2,13,0,15,14,23,21,0,58,6,0,6,64
10/10/2022,AGS,GA,ASO,ES,Combined TRACON& Tower with Radar,14,17,18,0,49,0,0,17,0,17,14,17,35,0,66,10,0,10,76
10/11/2022,AGS,GA,ASO,ES,Combined TRACON& Tower with Radar,12,20,23,9,64,0,0,16,1,17,12,20,39,10,81,18,8,26,107
10/12/2022,AGS,GA,ASO,ES,Combined TRACON& Tower with Radar,14,20,22,12,68,0,0,6,0,6,14,20,28,12,74,18,0,18,92
10/13/2022,AGS,GA,ASO,ES,Combined TRACON& Tower with Radar,14,14,28,13,69,0,0,5,0,5,14,14,33,13,74,0,0,0,74
10/14/2022,AGS,GA,ASO,ES,Combined TRACON& Tower with Radar,14,13,26,6,59,0,6,23,3,32,14,19,49,9,91,62,14,76,167
10/15/2022,AGS,GA,ASO,ES,Combined TRACON& Tower with Radar,12,14,12,0,38,0,8,13,1,22,12,22,25,1,60,28,0,28,88
10/16/2022,AGS,GA,ASO,ES,Combined TRACON& Tower with Radar,15,19,13,2,49,0,1,6,0,7,15,20,19,2,56,56,0,56,112
10/17/2022,AGS,GA,ASO,ES,Combined TRACON& Tower with Radar,14,17,23,20,74,0,4,8,1,13,14,21,31,21,87,2,18,20,107
10/18/2022,AGS,GA,ASO,ES,Combined TRACON& Tower with Radar,11,22,21,23,77,0,1,17,10,28,11,23,38,33,105,12,30,42,147
10/19/2022,AGS,GA,ASO,ES,Combined TRACON& Tower with Radar,12,28,34,26,100,0,5,27,4,36,12,33,61,30,136,11,34,45,181
10/20/2022,AGS,GA,ASO,ES,Combined TRACON& Tower with Radar,14,37,42,21,114,0,5,10,1,16,14,42,52,22,130,22,12,34,164
10/21/2022,AGS,GA,ASO,ES,Combined TRACON& Tower with Radar,14,37,26,6,83,0,3,9,2,14,14,40,35,8,97,14,30,44,141
10/22/2022,AGS,GA,ASO,ES,Combined TRACON& Tower with Radar,12,32,22,0,66,0,2,8,1,11,12,34,30,1,77,20,0,20,97
10/23/2022,AGS,GA,ASO,ES,Combined TRACON& Tower with Radar,14,16,18,0,48,0,15,15,1,31,14,31,33,1,79,48,0,48,127
10/24/2022,AGS,GA,ASO,ES,Combined TRACON& Tower with Radar,14,25,27,6,72,0,6,12,4,22,14,31,39,10,94,24,8,32,126
10/25/2022,AGS,GA,ASO,ES,Combined TRACON& Tower with Radar,11,23,34,28,96,0,0,25,0,25,11,23,59,28,121,18,10,28,149
10/26/2022,AGS,GA,ASO,ES,Combined TRACON& Tower with Radar,12,24,51,22,109,0,0,18,5,23,12,24,69,27,132,10,26,36,168
10/27/2022,AGS,GA,ASO,ES,Combined TRACON& Tower with Radar,14,20,21,4,59,0,4,21,8,33,14,24,42,12,92,8,0,8,100
10/28/2022,AGS,GA,ASO,ES,Combined TRACON& Tower with Radar,14,30,30,6,80,0,2,18,0,20,14,32,48,6,100,0,0,0,100
10/29/2022,AGS,GA,ASO,ES,Combined TRACON& Tower with Radar,12,24,18,0,54,0,2,9,0,11,12,26,27,0,65,6,0,6,71
10/30/2022,AGS,GA,ASO,ES,Combined TRACON& Tower with Radar,12,28,22,1,63,0,0,1,0,1,12,28,23,1,64,0,0,0,64
10/31/2022,AGS,GA,ASO,ES,Combined TRACON& Tower with Radar,12,15,16,7,50,0,0,5,1,6,12,15,21,8,56,0,46,46,102
11/01/2022,AGS,GA,ASO,ES,Combined TRACON& Tower with Radar,12,30,23,19,84,0,1,16,5,22,12,31,39,24,106,10,42,52,158
11/02/2022,AGS,GA,ASO,ES,Combined TRACON& Tower with Radar,12,25,24,5,66,0,4,20,6,30,12,29,44,11,96,54,22,76,172
11/03/2022,AGS,GA,ASO,ES,Combined TRACON& Tower with Radar,17,30,25,17,89,0,4,16,8,28,17,34,41,25,117,16,57,73,190
11/04/2022,AGS,GA,ASO,ES,Combined TRACON& Tower with Radar,18,9,26,9,62,0,0,11,0,11,18,9,37,9,73,20,10,30,103
11/05/2022,AGS,GA,ASO,ES,Combined TRACON& Tower with Radar,18,6,13,0,37,0,0,1,0,1,18,6,14,0,38,0,0,0,38
11/06/2022,AGS,GA,ASO,ES,Combined TRACON& Tower with Radar,18,14,16,4,52,0,0,1,0,1,18,14,17,4,53,0,0,0,53
11/07/2022,AGS,GA,ASO,ES,Combined TRACON& Tower with Radar,17,13,26,9,65,0,1,11,7,19,17,14,37,16,84,2,76,78,162
11/08/2022,AGS,GA,ASO,ES,Combined TRACON& Tower with Radar,16,18,23,6,63,0,4,13,4,21,16,22,36,10,84,0,54,54,138
11/09/2022,AGS,GA,ASO,ES,Combined TRACON& Tower with Radar,15,22,25,9,71,0,0,9,11,20,15,22,34,20,91,22,50,72,163
11/10/2022,AGS,GA,ASO,ES,Combined TRACON& Tower with Radar,18,32,34,8,92,0,0,2,1,3,18,32,36,9,95,0,0,0,95
11/11/2022,AGS,GA,ASO,ES,Combined TRACON& Tower with Radar,16,23,31,0,70,0,0,0,0,0,16,23,31,0,70,0,0,0,70
11/12/2022,AGS,GA,ASO,ES,Combined TRACON& Tower with Radar,17,23,30,5,75,0,0,17,0,17,17,23,47,5,92,24,0,24,116
11/13/2022,AGS,GA,ASO,ES,Combined TRACON& Tower with Radar,19,11,17,1,48,0,0,21,0,21,19,11,38,1,69,30,0,30,99
11/14/2022,AGS,GA,ASO,ES,Combined TRACON& Tower with Radar,17,25,24,31,97,0,3,22,0,25,17,28,46,31,122,14,0,14,136
11/15/2022,AGS,GA,ASO,ES,Combined TRACON& Tower with Radar,20,25,22,36,103,0,0,0,1,1,20,25,22,37,104,0,0,0,104
11/16/2022,AGS,GA,ASO,ES,Combined TRACON& Tower with Radar,17,15,33,6,71,0,1,5,4,10,17,16,38,10,81,56,16,72,153
11/17/2022,AGS,GA,ASO,ES,Combined TRACON& Tower with Radar,18,25,33,18,94,0,15,20,2,37,18,40,53,20,131,58,106,164,295
11/18/2022,AGS,GA,ASO,ES,Combined TRACON& Tower with Radar,19,21,26,6,72,0,4,24,9,37,19,25,50,15,109,60,52,112,221
11/19/2022,AGS,GA,ASO,ES,Combined TRACON& Tower with Radar,17,10,12,1,40,0,3,26,0,29,17,13,38,1,69,24,0,24,93
11/20/2022,AGS,GA,ASO,ES,Combined TRACON& Tower with Radar,20,10,12,0,42,0,8,16,4,28,20,18,28,4,70,26,0,26,96
11/21/2022,AGS,GA,ASO,ES,Combined TRACON& Tower with Radar,17,17,30,2,66,0,2,13,6,21,17,19,43,8,87,6,36,42,129
11/22/2022,AGS,GA,ASO,ES,Combined TRACON& Tower with Radar,16,15,23,11,65,0,1,14,3,18,16,16,37,14,83,32,22,54,137
11/23/2022,AGS,GA,ASO,ES,Combined TRACON& Tower with Radar,20,16,26,6,68,0,0,19,3,22,20,16,45,9,90,36,4,40,130
11/24/2022,AGS,GA,ASO,ES,Combined TRACON& Tower with Radar,12,7,4,0,23,0,0,3,0,3,12,7,7,0,26,0,0,0,26
11/25/2022,AGS,GA,ASO,ES,Combined TRACON& Tower with Radar,17,18,10,0,45,0,0,0,0,0,17,18,10,0,45,0,0,0,45
11/26/2022,AGS,GA,ASO,ES,Combined TRACON& Tower with Radar,22,21,14,0,57,0,3,17,0,20,22,24,31,0,77,16,0,16,93
11/27/2022,AGS,GA,ASO,ES,Combined TRACON& Tower with Radar,21,14,12,1,48,0,1,6,1,8,21,15,18,2,56,0,0,0,56
11/28/2022,AGS,GA,ASO,ES,Combined TRACON& Tower with Radar,19,10,21,29,79,0,0,14,1,15,19,10,35,30,94,2,24,26,120
11/29/2022,AGS,GA,ASO,ES,Combined TRACON& Tower with Radar,16,24,28,18,86,0,3,15,3,21,16,27,43,21,107,52,40,92,199
11/30/2022,AGS,GA,ASO,ES,Combined TRACON& Tower with Radar,15,14,24,6,59,0,0,9,3,12,15,14,33,9,71,20,10,30,101
12/01/2022,AGS,GA,ASO,ES,Combined TRACON& Tower with Radar,17,20,36,17,90,0,0,5,11,16,17,20,41,28,106,18,64,82,188
12/02/2022,AGS,GA,ASO,ES,Combined TRACON& Tower with Radar,17,19,23,4,63,0,0,9,2,11,17,19,32,6,74,16,2,18,92
12/03/2022,AGS,GA,ASO,ES,Combined TRACON& Tower with Radar,15,15,18,0,48,0,0,6,4,10,15,15,24,4,58,6,0,6,64
12/04/2022,AGS,GA,ASO,ES,Combined TRACON& Tower with Radar,17,11,15,0,43,0,0,15,0,15,17,11,30,0,58,34,0,34,92
12/05/2022,AGS,GA,ASO,ES,Combined TRACON& Tower with Radar,17,8,21,4,50,0,0,0,2,2,17,8,21,6,52,14,0,14,66
12/06/2022,AGS,GA,ASO,ES,Combined TRACON& Tower with Radar,14,26,33,6,79,0,0,0,0,0,14,26,33,6,79,0,0,0,79
12/07/2022,AGS,GA,ASO,ES,Combined TRACON& Tower with Radar,14,10,16,14,54,0,0,10,2,12,14,10,26,16,66,4,40,44,110
12/08/2022,AGS,GA,ASO,ES,Combined TRACON& Tower with Radar,17,10,32,16,75,0,0,13,0,13,17,10,45,16,88,8,14,22,110
12/09/2022,AGS,GA,ASO,ES,Combined TRACON& Tower with Radar,17,18,28,8,71,0,0,0,0,0,17,18,28,8,71,0,0,0,71
12/10/2022,AGS,GA,ASO,ES,Combined TRACON& Tower with Radar,14,14,21,0,49,0,0,6,0,6,14,14,27,0,55,12,0,12,67
12/11/2022,AGS,GA,ASO,ES,Combined TRACON& Tower with Radar,16,10,24,0,50,0,0,3,0,3,16,10,27,0,53,0,0,0,53
12/12/2022,AGS,GA,ASO,ES,Combined TRACON& Tower with Radar,14,11,23,14,62,0,1,4,4,9,14,12,27,18,71,12,50,62,133
12/13/2022,AGS,GA,ASO,ES,Combined TRACON& Tower with Radar,14,10,22,11,57,0,0,26,3,29,14,10,48,14,86,26,38,64,150
12/14/2022,AGS,GA,ASO,ES,Combined TRACON& Tower with Radar,14,12,28,21,75,0,0,3,1,4,14,12,31,22,79,0,10,10,89
12/15/2022,AGS,GA,ASO,ES,Combined TRACON& Tower with Radar,15,16,19,6,56,0,0,4,11,15,15,16,23,17,71,8,12,20,91
12/16/2022,AGS,GA,ASO,ES,Combined TRACON& Tower with Radar,16,16,25,21,78,0,0,22,1,23,16,16,47,22,101,14,26,40,141
12/17/2022,AGS,GA,ASO,ES,Combined TRACON& Tower with Radar,14,7,12,0,33,0,1,17,3,21,14,8,29,3,54,32,0,32,86
12/18/2022,AGS,GA,ASO,ES,Combined TRACON& Tower with Radar,17,13,9,1,40,0,3,19,0,22,17,16,28,1,62,28,0,28,90
12/19/2022,AGS,GA,ASO,ES,Combined TRACON& Tower with Radar,15,12,8,16,51,0,1,13,6,20,15,13,21,22,71,30,34,64,135
12/20/2022,AGS,GA,ASO,ES,Combined TRACON& Tower with Radar,14,10,17,22,63,0,0,5,0,5,14,10,22,22,68,0,2,2,70
12/21/2022,AGS,GA,ASO,ES,Combined TRACON& Tower with Radar,14,11,17,0,42,0,0,2,0,2,14,11,19,0,44,22,0,22,66
12/22/2022,AGS,GA,ASO,ES,Combined TRACON& Tower with Radar,16,7,7,5,35,0,0,0,0,0,16,7,7,5,35,0,0,0,35
12/23/2022,AGS,GA,ASO,ES,Combined TRACON& Tower with Radar,14,1,3,0,18,0,1,10,0,11,14,2,13,0,29,0,0,0,29
12/24/2022,AGS,GA,ASO,ES,Combined TRACON& Tower with Radar,16,6,4,0,26,0,0,2,0,2,16,6,6,0,28,0,0,0,28
12/25/2022,AGS,GA,ASO,ES,Combined TRACON& Tower with Radar,17,5,0,0,22,0,0,0,0,0,17,5,0,0,22,0,0,0,22
12/26/2022,AGS,GA,ASO,ES,Combined TRACON& Tower with Radar,16,5,14,0,35,0,0,11,0,11,16,5,25,0,46,6,0,6,52
12/27/2022,AGS,GA,ASO,ES,Combined TRACON& Tower with Radar,15,4,13,7,39,0,1,10,2,13,15,5,23,9,52,6,10,16,68
12/28/2022,AGS,GA,ASO,ES,Combined TRACON& Tower with Radar,16,10,4,18,48,0,0,12,0,12,16,10,16,18,60,52,12,64,124
12/29/2022,AGS,GA,ASO,ES,Combined TRACON& Tower with Radar,17,8,17,7,49,0,2,29,0,31,17,10,46,7,80,34,8,42,122
12/30/2022,AGS,GA,ASO,ES,Combined TRACON& Tower with Radar,17,7,12,0,36,0,0,5,0,5,17,7,17,0,41,0,0,0,41
12/31/2022,AGS,GA,ASO,ES,Combined TRACON& Tower with Radar,15,10,11,0,36,0,0,0,0,0,15,10,11,0,36,0,0,0,36
01/01/2023,AGS,GA,ASO,ES,Combined TRACON& Tower with Radar,15,10,10,0,35,0,0,2,0,2,15,10,12,0,37,0,0,0,37
01/02/2023,AGS,GA,ASO,ES,Combined TRACON& Tower with Radar,16,7,13,0,36,0,0,12,0,12,16,7,25,0,48,0,0,0,48
01/03/2023,AGS,GA,ASO,ES,Combined TRACON& Tower with Radar,18,9,16,4,47,0,0,5,0,5,18,9,21,4,52,0,0,0,52
01/04/2023,AGS,GA,ASO,ES,Combined TRACON& Tower with Radar,15,15,13,4,47,0,0,1,8,9,15,15,14,12,56,0,15,15,71
01/05/2023,AGS,GA,ASO,ES,Combined TRACON& Tower with Radar,15,5,17,17,54,0,0,20,5,25,15,5,37,22,79,0,0,0,79
01/06/2023,AGS,GA,ASO,ES,Combined TRACON& Tower with Radar,15,16,24,21,76,0,3,20,7,30,15,19,44,28,106,12,16,28,134
01/07/2023,AGS,GA,ASO,ES,Combined TRACON& Tower with Radar,16,10,14,2,42,0,0,31,0,31,16,10,45,2,73,20,0,20,93
01/08/2023,AGS,GA,ASO,ES,Combined TRACON& Tower with Radar,16,8,16,5,45,0,0,18,1,19,16,8,34,6,64,0,0,0,64
01/09/2023,AGS,GA,ASO,ES,Combined TRACON& Tower with Radar,14,8,12,22,56,0,1,21,4,26,14,9,33,26,82,10,22,32,114
01/10/2023,AGS,GA,ASO,ES,Combined TRACON& Tower with Radar,22,10,8,9,49,0,2,22,3,27,22,12,30,12,76,58,14,72,148
01/11/2023,AGS,GA,ASO,ES,Combined TRACON& Tower with Radar,24,12,22,23,81,0,3,22,9,34,24,15,44,32,115,20,16,36,151
01/12/2023,AGS,GA,ASO,ES,Combined TRACON& Tower with Radar,30,9,31,7,77,0,0,1,7,8,30,9,32,14,85,0,2,2,87
01/13/2023,AGS,GA,ASO,ES,Combined TRACON& Tower with Radar,24,5,12,1,42,0,1,14,1,16,24,6,26,2,58,6,0,6,64
01/14/2023,AGS,GA,ASO,ES,Combined TRACON& Tower with Radar,22,3,7,0,32,0,0,9,0,9,22,3,16,0,41,0,0,0,41
01/15/2023,AGS,GA,ASO,ES,Combined TRACON& Tower with Radar,21,5,10,0,36,0,3,21,0,24,21,8,31,0,60,16,0,16,76
01/16/2023,AGS,GA,ASO,ES,Combined TRACON& Tower with Radar,26,1,12,0,39,0,0,28,0,28,26,1,40,0,67,28,0,28,95
01/17/2023,AGS,GA,ASO,ES,Combined TRACON& Tower with Radar,28,1,26,10,65,0,0,5,1,6,28,1,31,11,71,0,20,20,91
01/18/2023,AGS,GA,ASO,ES,Combined TRACON& Tower with Radar,26,13,37,17,93,0,0,2,0,2,26,13,39,17,95,10,0,10,105
01/19/2023,AGS,GA,ASO,ES,Combined TRACON& Tower with Radar,25,11,20,18,74,0,0,9,5,14,25,11,29,23,88,0,34,34,122
01/20/2023,AGS,GA,ASO,ES,Combined TRACON& Tower with Radar,27,6,30,16,79,0,3,29,0,32,27,9,59,16,111,12,4,16,127
01/21/2023,AGS,GA,ASO,ES,Combined TRACON& Tower with Radar,22,2,15,2,41,0,0,21,1,22,22,2,36,3,63,12,0,12,75
01/22/2023,AGS,GA,ASO,ES,Combined TRACON& Tower with Radar,25,2,7,0,34,0,0,0,0,0,25,2,7,0,34,0,0,0,34
01/23/2023,AGS,GA,ASO,ES,Combined TRACON& Tower with Radar,26,7,17,0,50,0,3,13,0,16,26,10,30,0,66,0,0,0,66
01/24/2023,AGS,GA,ASO,ES,Combined TRACON& Tower with Radar,26,15,16,6,63,0,0,12,0,12,26,15,28,6,75,0,10,10,85
01/25/2023,AGS,GA,ASO,ES,Combined TRACON& Tower with Radar,28,9,10,0,47,0,0,2,0,2,28,9,12,0,49,0,0,0,49
01/26/2023,AGS,GA,ASO,ES,Combined TRACON& Tower with Radar,25,11,22,9,67,0,0,14,5,19,25,11,36,14,86,0,4,4,90
01/27/2023,AGS,GA,ASO,ES,Combined TRACON& Tower with Radar,25,9,36,3,73,0,5,26,3,34,25,14,62,6,107,52,0,52,159
01/28/2023,AGS,GA,ASO,ES,Combined TRACON& Tower with Radar,21,9,18,5,53,0,2,26,1,29,21,11,44,6,82,78,0,78,160
01/29/2023,AGS,GA,ASO,ES,Combined TRACON& Tower with Radar,24,9,17,2,52,0,0,1,0,1,24,9,18,2,53,18,0,18,71
01/30/2023,AGS,GA,ASO,ES,Combined TRACON& Tower with Radar,26,7,11,16,60,0,0,0,0,0,26,7,11,16,60,0,0,0,60
01/31/2023,AGS,GA,ASO,ES,Combined TRACON& Tower with Radar,24,5,6,10,45,0,0,3,0,3,24,5,9,10,48,0,0,0,48
02/01/2023,AGS,GA,ASO,ES,Combined TRACON& Tower with Radar,24,13,32,11,80,0,0,10,6,16,24,13,42,17,96,20,26,46,142
02/02/2023,AGS,GA,ASO,ES,Combined TRACON& Tower with Radar,25,3,26,8,62,0,0,0,0,0,25,3,26,8,62,0,0,0,62
02/03/2023,AGS,GA,ASO,ES,Combined TRACON& Tower with Radar,20,10,19,7,56,0,1,10,1,12,20,11,29,8,68,6,0,6,74
02/04/2023,AGS,GA,ASO,ES,Combined TRACON& Tower with Radar,20,2,11,2,35,0,1,24,2,27,20,3,35,4,62,84,0,84,146
02/05/2023,AGS,GA,ASO,ES,Combined TRACON& Tower with Radar,20,5,17,6,48,0,2,16,1,19,20,7,33,7,67,18,6,24,91
02/06/2023,AGS,GA,ASO,ES,Combined TRACON& Tower with Radar,19,9,25,21,74,0,2,17,11,30,19,11,42,32,104,70,57,127,231
02/07/2023,AGS,GA,ASO,ES,Combined TRACON& Tower with Radar,21,7,19,29,76,0,1,17,2,20,21,8,36,31,96,8,74,82,178
02/08/2023,AGS,GA,ASO,ES,Combined TRACON& Tower with Radar,20,17,19,17,73,0,0,12,4,16,20,17,31,21,89,10,48,58,147
02/09/2023,AGS,GA,ASO,ES,Combined TRACON& Tower with Radar,20,11,21,30,82,0,0,9,3,12,20,11,30,33,94,20,41,61,155
02/10/2023,AGS,GA,ASO,ES,Combined TRACON& Tower with Radar,20,13,13,8,54,0,0,2,2,4,20,13,15,10,58,0,26,26,84
02/11/2023,AGS,GA,ASO,ES,Combined TRACON& Tower with Radar,18,5,4,0,27,0,0,1,0,1,18,5,5,0,28,0,0,0,28
02/12/2023,AGS,GA,ASO,ES,Combined TRACON& Tower with Radar,20,6,4,0,30,0,0,0,0,0,20,6,4,0,30,0,0,0,30
02/13/2023,AGS,GA,ASO,ES,Combined TRACON& Tower with Radar,20,9,19,15,63,0,0,21,3,24,20,9,40,18,87,0,40,40,127
02/14/2023,AGS,GA,ASO,ES,Combined TRACON& Tower with Radar,20,4,15,13,52,0,1,19,4,24,20,5,34,17,76,24,8,32,108
02/15/2023,AGS,GA,ASO,ES,Combined TRACON& Tower with Radar,20,11,24,13,68,0,2,10,2,14,20,13,34,15,82,8,16,24,106
02/16/2023,AGS,GA,ASO,ES,Combined TRACON& Tower with Radar,19,12,16,0,47,0,2,1,0,3,19,14,17,0,50,0,0,0,50
02/17/2023,AGS,GA,ASO,ES,Combined TRACON& Tower with Radar,19,16,14,2,51,0,1,8,0,9,19,17,22,2,60,0,0,0,60
02/18/2023,AGS,GA,ASO,ES,Combined TRACON& Tower with Radar,21,2,8,0,31,0,0,22,0,22,21,2,30,0,53,42,0,42,95
02/19/2023,AGS,GA,ASO,ES,Combined TRACON& Tower with Radar,20,13,18,0,51,0,6,10,0,16,20,19,28,0,67,10,0,10,77
02/20/2023,AGS,GA,ASO,ES,Combined TRACON& Tower with Radar,22,9,23,0,54,0,3,13,0,16,22,12,36,0,70,18,0,18,88
02/21/2023,AGS,GA,ASO,ES,Combined TRACON& Tower with Radar,19,18,30,19,86,0,0,15,3,18,19,18,45,22,104,4,18,22,126
02/22/2023,AGS,GA,ASO,ES,Combined TRACON& Tower with Radar,20,13,44,5,82,0,4,22,0,26,20,17,66,5,108,0,0,0,108
02/23/2023,AGS,GA,ASO,ES,Combined TRACON& Tower with Radar,22,18,27,9,76,0,2,5,0,7,22,20,32,9,83,10,8,18,101
02/24/2023,AGS,GA,ASO,ES,Combined TRACON& Tower with Radar,22,17,26,16,81,0,1,4,0,5,22,18,30,16,86,0,14,14,100
02/25/2023,AGS,GA,ASO,ES,Combined TRACON& Tower with Radar,19,9,19,2,49,0,1,0,0,1,19,10,19,2,50,0,0,0,50
02/26/2023,AGS,GA,ASO,ES,Combined TRACON& Tower with Radar,20,10,16,0,46,0,1,6,0,7,20,11,22,0,53,6,0,6,59
02/27/2023,AGS,GA,ASO,ES,Combined TRACON& Tower with Radar,19,15,28,6,68,0,0,9,3,12,19,15,37,9,80,6,20,26,106
02/28/2023,AGS,GA,ASO,ES,Combined TRACON& Tower with Radar,19,15,22,2,58,0,0,25,2,27,19,15,47,4,85,40,4,44,129
03/01/2023,AGS,GA,ASO,ES,Combined TRACON& Tower with Radar,21,14,33,11,79,0,0,6,3,9,21,14,39,14,88,72,0,72,160
03/02/2023,AGS,GA,ASO,ES,Combined TRACON& Tower with Radar,21,19,29,2,71,0,1,6,1,8,21,20,35,3,79,14,0,14,93
03/03/2023,AGS,GA,ASO,ES,Combined TRACON& Tower with Radar,36,18,17,10,81,0,0,11,4,15,36,18,28,14,96,0,16,16,112
03/04/2023,AGS,GA,ASO,ES,Combined TRACON& Tower with Radar,20,10,16,0,46,0,0,24,0,24,20,10,40,0,70,8,0,8,78
03/05/2023,AGS,GA,ASO,ES,Combined TRACON& Tower with Radar,22,14,11,0,47,0,13,17,2,32,22,27,28,2,79,46,0,46,125
03/06/2023,AGS,GA,ASO,ES,Combined TRACON& Tower with Radar,23,18,23,16,80,0,5,16,1,22,23,23,39,17,102,0,10,10,112
03/07/2023,AGS,GA,ASO,ES,Combined TRACON& Tower with Radar,20,27,25,20,92,0,2,21,8,31,20,29,46,28,123,10,10,20,143
03/08/2023,AGS,GA,ASO,ES,Combined TRACON& Tower with Radar,22,21,29,20,92,0,1,14,2,17,22,22,43,22,109,18,22,40,149
03/09/2023,AGS,GA,ASO,ES,Combined TRACON& Tower with Radar,22,10,27,11,70,0,2,18,2,22,22,12,45,13,92,24,20,44,136
03/10/2023,AGS,GA,ASO,ES,Combined TRACON& Tower with Radar,23,13,17,9,62,0,0,0,1,1,23,13,17,10,63,0,0,0,63
03/11/2023,AGS,GA,ASO,ES,Combined TRACON& Tower with Radar,22,12,12,0,46,0,2,21,1,24,22,14,33,1,70,18,0,18,88
03/12/2023,AGS,GA,ASO,ES,Combined TRACON& Tower with Radar,23,14,19,2,58,0,0,1,0,1,23,14,20,2,59,0,0,0,59
03/13/2023,AGS,GA,ASO,ES,Combined TRACON& Tower with Radar,22,24,22,14,82,0,0,8,0,8,22,24,30,14,90,38,22,60,150
03/14/2023,AGS,GA,ASO,ES,Combined TRACON& Tower with Radar,19,12,26,10,67,0,1,13,3,17,19,13,39,13,84,0,26,26,110
03/15/2023,AGS,GA,ASO,ES,Combined TRACON& Tower with Radar,21,36,28,12,97,0,2,15,2,19,21,38,43,14,116,10,2,12,128
03/16/2023,AGS,GA,ASO,ES,Combined TRACON& Tower with Radar,23,19,30,23,95,0,4,19,8,31,23,23,49,31,126,28,26,54,180
03/17/2023,AGS,GA,ASO,ES,Combined TRACON& Tower with Radar,23,34,38,19,114,0,0,7,1,8,23,34,45,20,122,0,5,5,127
03/18/2023,AGS,GA,ASO,ES,Combined TRACON& Tower with Radar,21,25,22,2,70,0,0,11,2,13,21,25,33,4,83,8,0,8,91
03/19/2023,AGS,GA,ASO,ES,Combined TRACON& Tower with Radar,22,16,20,0,58,0,0,16,2,18,22,16,36,2,76,4,0,4,80
03/20/2023,AGS,GA,ASO,ES,Combined TRACON& Tower with Radar,22,9,23,18,72,0,5,12,2,19,22,14,35,20,91,0,10,10,101
03/21/2023,AGS,GA,ASO,ES,Combined TRACON& Tower with Radar,23,16,29,28,96,0,0,23,1,24,23,16,52,29,120,0,28,28,148
03/22/2023,AGS,GA,ASO,ES,Combined TRACON& Tower with Radar,23,21,30,24,98,0,2,2,11,15,23,23,32,35,113,0,0,0,113
03/23/2023,AGS,GA,ASO,ES,Combined TRACON& Tower with Radar,22,28,17,12,79,0,1,11,4,16,22,29,28,16,95,0,27,27,122
03/24/2023,AGS,GA,ASO,ES,Combined TRACON& Tower with Radar,25,22,19,4,70,0,1,21,1,23,25,23,40,5,93,12,0,12,105
03/25/2023,AGS,GA,ASO,ES,Combined TRACON& Tower with Radar,24,13,4,3,44,0,0,6,0,6,24,13,10,3,50,0,8,8,58
03/26/2023,AGS,GA,ASO,ES,Combined TRACON& Tower with Radar,21,13,17,0,51,0,0,0,0,0,21,13,17,0,51,0,0,0,51
03/27/2023,AGS,GA,ASO,ES,Combined TRACON& Tower with Radar,22,9,23,5,59,0,0,1,0,1,22,9,24,5,60,0,0,0,60
03/28/2023,AGS,GA,ASO,ES,Combined TRACON& Tower with Radar,23,17,25,6,71,0,0,8,2,10,23,17,33,8,81,32,40,72,153
03/29/2023,AGS,GA,ASO,ES,Combined TRACON& Tower with Radar,21,5,11,44,81,0,3,28,2,33,21,8,39,46,114,18,14,32,146
03/30/2023,AGS,GA,ASO,ES,Combined TRACON& Tower with Radar,26,10,26,23,85,0,0,10,6,16,26,10,36,29,101,0,18,18,119
03/31/2023,AGS,GA,ASO,ES,Combined TRACON& Tower with Radar,22,13,32,11,78,0,2,16,2,20,22,15,48,13,98,10,0,10,108
04/01/2023,AGS,GA,ASO,ES,Combined TRACON& Tower with Radar,28,21,22,0,71,0,0,2,2,4,28,21,24,2,75,0,0,0,75
04/02/2023,AGS,GA,ASO,ES,Combined TRACON& Tower with Radar,42,93,62,0,197,0,5,19,0,24,42,98,81,0,221,0,0,0,221
04/03/2023,AGS,GA,ASO,ES,Combined TRACON& Tower with Radar,45,92,121,0,258,0,0,5,2,7,45,92,126,2,265,0,0,0,265
04/04/2023,AGS,GA,ASO,ES,Combined TRACON& Tower with Radar,42,131,142,0,315,0,0,1,0,1,42,131,143,0,316,0,0,0,316
04/05/2023,AGS,GA,ASO,ES,Combined TRACON& Tower with Radar,39,195,206,0,440,0,1,5,0,6,39,196,211,0,446,0,0,0,446
04/06/2023,AGS,GA,ASO,ES,Combined TRACON& Tower with Radar,62,178,217,0,457,0,0,3,0,3,62,178,220,0,460,0,0,0,460
04/07/2023,AGS,GA,ASO,ES,Combined TRACON& Tower with Radar,56,243,194,0,493,0,0,1,0,1,56,243,195,0,494,0,0,0,494
04/08/2023,AGS,GA,ASO,ES,Combined TRACON& Tower with Radar,38,191,119,2,350,0,0,0,0,0,38,191,119,2,350,0,0,0,350
04/09/2023,AGS,GA,ASO,ES,Combined TRACON& Tower with Radar,43,181,116,1,341,0,0,1,1,2,43,181,117,2,343,0,0,0,343
04/10/2023,AGS,GA,ASO,ES,Combined TRACON& Tower with Radar,57,94,122,2,275,0,1,7,0,8,57,95,129,2,283,0,0,0,283
04/11/2023,AGS,GA,ASO,ES,Combined TRACON& Tower with Radar,17,16,15,12,60,0,3,32,4,39,17,19,47,16,99,22,30,52,151
04/12/2023,AGS,GA,ASO,ES,Combined TRACON& Tower with Radar,17,11,27,16,71,0,4,28,1,33,17,15,55,17,104,22,0,22,126
04/13/2023,AGS,GA,ASO,ES,Combined TRACON& Tower with Radar,18,13,22,0,53,0,0,13,2,15,18,13,35,2,68,8,0,8,76
04/14/2023,AGS,GA,ASO,ES,Combined TRACON& Tower with Radar,20,10,18,3,51,0,0,2,0,2,20,10,20,3,53,0,0,0,53
04/15/2023,AGS,GA,ASO,ES,Combined TRACON& Tower with Radar,15,18,14,6,53,0,5,15,0,20,15,23,29,6,73,4,0,4,77
04/16/2023,AGS,GA,ASO,ES,Combined TRACON& Tower with Radar,18,27,16,9,70,0,0,8,0,8,18,27,24,9,78,12,0,12,90
04/17/2023,AGS,GA,ASO,ES,Combined TRACON& Tower with Radar,18,32,20,18,88,0,0,15,3,18,18,32,35,21,106,0,4,4,110
04/18/2023,AGS,GA,ASO,ES,Combined TRACON& Tower with Radar,16,19,43,11,89,0,3,22,5,30,16,22,65,16,119,35,34,69,188
04/19/2023,AGS,GA,ASO,ES,Combined TRACON& Tower with Radar,17,19,45,20,101,0,3,31,2,36,17,22,76,22,137,72,20,92,229
04/20/2023,AGS,GA,ASO,ES,Combined TRACON& Tower with Radar,18,17,32,7,74,0,0,29,0,29,18,17,61,7,103,26,2,28,131
04/21/2023,AGS,GA,ASO,ES,Combined TRACON& Tower with Radar,18,24,20,8,70,0,2,25,2,29,18,26,45,10,99,0,18,18,117
04/22/2023,AGS,GA,ASO,ES,Combined TRACON& Tower with Radar,15,10,11,5,41,0,0,9,2,11,15,10,20,7,52,2,2,4,56
04/23/2023,AGS,GA,ASO,ES,Combined TRACON& Tower with Radar,19,27,20,2,68,0,2,20,0,22,19,29,40,2,90,120,20,140,230
04/24/2023,AGS,GA,ASO,ES,Combined TRACON& Tower with Radar,19,20,38,8,85,0,2,6,7,15,19,22,44,15,100,28,22,50,150
04/25/2023,AGS,GA,ASO,ES,Combined TRACON& Tower with Radar,16,20,25,12,73,0,3,19,8,30,16,23,44,20,103,10,36,46,149
04/26/2023,AGS,GA,ASO,ES,Combined TRACON& Tower with Radar,17,22,38,13,90,0,0,12,6,18,17,22,50,19,108,24,28,52,160
04/27/2023,AGS,GA,ASO,ES,Combined TRACON& Tower with Radar,24,23,37,4,88,0,0,1,0,1,24,23,38,4,89,16,0,16,105
04/28/2023,AGS,GA,ASO,ES,Combined TRACON& Tower with Radar,18,18,23,4,63,0,2,7,4,13,18,20,30,8,76,4,16,20,96
04/29/2023,AGS,GA,ASO,ES,Combined TRACON& Tower with Radar,15,18,22,2,57,0,5,28,0,33,15,23,50,2,90,10,0,10,100
04/30/2023,AGS,GA,ASO,ES,Combined TRACON& Tower with Radar,21,14,19,0,54,0,2,6,0,8,21,16,25,0,62,0,0,0,62
05/01/2023,AGS,GA,ASO,ES,Combined TRACON& Tower with Radar,20,25,31,15,91,0,0,5,6,11,20,25,36,21,102,18,10,28,130
05/02/2023,AGS,GA,ASO,ES,Combined TRACON& Tower with Radar,18,27,36,9,90,0,0,5,3,8,18,27,41,12,98,12,18,30,128
05/03/2023,AGS,GA,ASO,ES,Combined TRACON& Tower with Radar,17,20,24,10,71,0,2,19,5,26,17,22,43,15,97,10,34,44,141
05/04/2023,AGS,GA,ASO,ES,Combined TRACON& Tower with Radar,17,15,42,0,74,0,5,31,0,36,17,20,73,0,110,58,0,58,168
05/05/2023,AGS,GA,ASO,ES,Combined TRACON& Tower with Radar,16,24,24,16,80,0,0,8,1,9,16,24,32,17,89,14,12,26,115
05/06/2023,AGS,GA,ASO,ES,Combined TRACON& Tower with Radar,15,12,10,4,41,0,2,7,0,9,15,14,17,4,50,12,0,12,62
05/07/2023,AGS,GA,ASO,ES,Combined TRACON& Tower with Radar,16,21,24,7,68,0,4,5,0,9,16,25,29,7,77,18,0,18,95
05/08/2023,AGS,GA,ASO,ES,Combined TRACON& Tower with Radar,16,26,32,7,81,0,1,7,1,9,16,27,39,8,90,4,110,114,204
05/09/2023,AGS,GA,ASO,ES,Combined TRACON& Tower with Radar,16,31,31,18,96,0,1,11,5,17,16,32,42,23,113,6,30,36,149
05/10/2023,AGS,GA,ASO,ES,Combined TRACON& Tower with Radar,15,17,41,5,78,0,2,18,0,20,15,19,59,5,98,20,0,20,118
05/11/2023,AGS,GA,ASO,ES,Combined TRACON& Tower with Radar,15,16,25,10,66,0,1,12,24,37,15,17,37,34,103,22,160,182,285
05/12/2023,AGS,GA,ASO,ES,Combined TRACON& Tower with Radar,19,24,29,5,77,0,0,2,3,5,19,24,31,8,82,56,76,132,214
05/13/2023,AGS,GA,ASO,ES,Combined TRACON& Tower with Radar,15,8,7,0,30,0,0,11,8,19,15,8,18,8,49,50,100,150,199
05/14/2023,AGS,GA,ASO,ES,Combined TRACON& Tower with Radar,17,19,4,1,41,0,0,8,13,21,17,19,12,14,62,0,0,0,62
05/15/2023,AGS,GA,ASO,ES,Combined TRACON& Tower with Radar,16,22,23,15,76,0,0,14,1,15,16,22,37,16,91,0,18,18,109
05/16/2023,AGS,GA,ASO,ES,Combined TRACON& Tower with Radar,15,16,22,8,61,0,0,13,4,17,15,16,35,12,78,8,26,34,112
05/17/2023,AGS,GA,ASO,ES,Combined TRACON& Tower with Radar,17,22,43,10,92,0,2,11,0,13,17,24,54,10,105,0,4,4,109
05/18/2023,AGS,GA,ASO,ES,Combined TRACON& Tower with Radar,15,17,36,4,72,0,0,0,0,0,15,17,36,4,72,0,0,0,72
05/19/2023,AGS,GA,ASO,ES,Combined TRACON& Tower with Radar,15,19,40,3,77,0,0,1,0,1,15,19,41,3,78,2,0,2,80
05/20/2023,AGS,GA,ASO,ES,Combined TRACON& Tower with Radar,17,9,21,0,47,0,0,14,0,14,17,9,35,0,61,42,0,42,103
05/21/2023,AGS,GA,ASO,ES,Combined TRACON& Tower with Radar,16,17,18,0,51,0,0,1,0,1,16,17,19,0,52,0,0,0,52
05/22/2023,AGS,GA,ASO,ES,Combined TRACON& Tower with Radar,17,17,27,9,70,0,4,9,0,13,17,21,36,9,83,45,0,45,128
05/23/2023,AGS,GA,ASO,ES,Combined TRACON& Tower with Radar,15,13,22,13,63,0,1,3,0,4,15,14,25,13,67,14,10,24,91
05/24/2023,AGS,GA,ASO,ES,Combined TRACON& Tower with Radar,15,13,20,14,62,0,0,13,3,16,15,13,33,17,78,28,12,40,118
05/25/2023,AGS,GA,ASO,ES,Combined TRACON& Tower with Radar,17,23,19,5,64,0,2,17,0,19,17,25,36,5,83,0,0,0,83
05/26/2023,AGS,GA,ASO,ES,Combined TRACON& Tower with Radar,16,7,9,0,32,0,2,18,0,20,16,9,27,0,52,26,0,26,78
05/27/2023,AGS,GA,ASO,ES,Combined TRACON& Tower with Radar,11,10,18,0,39,0,0,1,0,1,11,10,19,0,40,0,0,0,40
05/28/2023,AGS,GA,ASO,ES,Combined TRACON& Tower with Radar,14,8,8,0,30,0,0,2,0,2,14,8,10,0,32,6,0,6,38
05/29/2023,AGS,GA,ASO,ES,Combined TRACON& Tower with Radar,15,11,5,0,31,0,5,11,0,16,15,16,16,0,47,58,0,58,105
05/30/2023,AGS,GA,ASO,ES,Combined TRACON& Tower with Radar,15,17,11,1,44,0,3,9,1,13,15,20,20,2,57,14,0,14,71
05/31/2023,AGS,GA,ASO,ES,Combined TRACON& Tower with Radar,15,14,22,33,84,0,1,3,1,5,15,15,25,34,89,10,32,42,131
06/01/2023,AGS,GA,ASO,ES,Combined TRACON& Tower with Radar,16,17,9,30,72,0,0,16,4,20,16,17,25,34,92,22,16,38,130
06/02/2023,AGS,GA,ASO,ES,Combined TRACON& Tower with Radar,15,11,16,19,61,0,2,15,7,24,15,13,31,26,85,12,20,32,117
06/03/2023,AGS,GA,ASO,ES,Combined TRACON& Tower with Radar,19,10,13,3,45,0,0,15,6,21,19,10,28,9,66,44,0,44,110
06/04/2023,AGS,GA,ASO,ES,Combined TRACON& Tower with Radar,21,14,10,0,45,0,10,11,0,21,21,24,21,0,66,14,0,14,80
06/05/2023,AGS,GA,ASO,ES,Combined TRACON& Tower with Radar,16,12,11,28,67,0,4,11,8,23,16,16,22,36,90,56,56,112,202
06/06/2023,AGS,GA,ASO,ES,Combined TRACON& Tower with Radar,15,10,22,14,61,0,0,6,6,12,15,10,28,20,73,0,16,16,89
06/07/2023,AGS,GA,ASO,ES,Combined TRACON& Tower with Radar,15,9,19,15,58,0,1,16,15,32,15,10,35,30,90,22,0,22,112
06/08/2023,AGS,GA,ASO,ES,Combined TRACON& Tower with Radar,15,9,27,13,64,0,1,28,8,37,15,10,55,21,101,12,4,16,117
06/09/2023,AGS,GA,ASO,ES,Combined TRACON& Tower with Radar,16,10,8,7,41,0,2,12,1,15,16,12,20,8,56,22,12,34,90
06/10/2023,AGS,GA,ASO,ES,Combined TRACON& Tower with Radar,13,10,7,8,38,0,1,18,2,21,13,11,25,10,59,12,8,20,79
06/11/2023,AGS,GA,ASO,ES,Combined TRACON& Tower with Radar,15,10,5,4,34,0,0,6,1,7,15,10,11,5,41,0,0,0,41
06/12/2023,AGS,GA,ASO,ES,Combined TRACON& Tower with Radar,17,10,14,12,53,0,4,3,2,9,17,14,17,14,62,22,14,36,98
06/13/2023,AGS,GA,ASO,ES,Combined TRACON& Tower with Radar,17,14,12,8,51,0,0,16,2,18,17,14,28,10,69,24,2,26,95
06/14/2023,AGS,GA,ASO,ES,Combined TRACON& Tower with Radar,16,7,20,0,43,0,0,2,0,2,16,7,22,0,45,0,0,0,45
06/15/2023,AGS,GA,ASO,ES,Combined TRACON& Tower with Radar,18,11,9,6,44,0,3,4,0,7,18,14,13,6,51,0,0,0,51
06/16/2023,AGS,GA,ASO,ES,Combined TRACON& Tower with Radar,19,10,16,17,62,0,0,5,4,9,19,10,21,21,71,54,0,54,125
06/17/2023,AGS,GA,ASO,ES,Combined TRACON& Tower with Radar,14,12,4,0,30,0,1,16,0,17,14,13,20,0,47,18,0,18,65
06/18/2023,AGS,GA,ASO,ES,Combined TRACON& Tower with Radar,16,8,7,0,31,0,0,4,0,4,16,8,11,0,35,32,0,32,67
06/19/2023,AGS,GA,ASO,ES,Combined TRACON& Tower with Radar,16,9,5,0,30,0,1,9,0,10,16,10,14,0,40,44,0,44,84
06/20/2023,AGS,GA,ASO,ES,Combined TRACON& Tower with Radar,15,8,17,1,41,0,0,3,0,3,15,8,20,1,44,0,0,0,44
06/21/2023,AGS,GA,ASO,ES,Combined TRACON& Tower with Radar,17,10,28,12,67,0,0,0,1,1,17,10,28,13,68,0,14,14,82
06/22/2023,AGS,GA,ASO,ES,Combined TRACON& Tower with Radar,17,15,14,5,51,0,0,1,0,1,17,15,15,5,52,0,0,0,52
06/23/2023,AGS,GA,ASO,ES,Combined TRACON& Tower with Radar,16,9,7,5,37,0,0,7,0,7,16,9,14,5,44,38,0,38,82
06/24/2023,AGS,GA,ASO,ES,Combined TRACON& Tower with Radar,15,11,11,2,39,0,2,29,0,31,15,13,40,2,70,68,4,72,142
06/25/2023,AGS,GA,ASO,ES,Combined TRACON& Tower with Radar,18,9,20,10,57,0,0,20,2,22,18,9,40,12,79,0,0,0,79
06/26/2023,AGS,GA,ASO,ES,Combined TRACON& Tower with Radar,16,8,10,7,41,0,0,7,0,7,16,8,17,7,48,22,16,38,86
06/27/2023,AGS,GA,ASO,ES,Combined TRACON& Tower with Radar,16,17,18,7,58,0,1,16,4,21,16,18,34,11,79,54,2,56,135
06/28/2023,AGS,GA,ASO,ES,Combined TRACON& Tower with Radar,16,13,21,14,64,0,2,22,0,24,16,15,43,14,88,28,0,28,116
06/29/2023,AGS,GA,ASO,ES,Combined TRACON& Tower with Radar,16,27,19,11,73,0,2,11,1,14,16,29,30,12,87,52,36,88,175
06/30/2023,AGS,GA,ASO,ES,Combined TRACON& Tower with Radar,18,18,20,13,69,0,2,17,2,21,18,20,37,15,90,40,12,52,142
07/01/2023,AGS,GA,ASO,ES,Combined TRACON& Tower with Radar,16,14,10,0,40,0,0,11,0,11,16,14,21,0,51,4,0,4,55
07/02/2023,AGS,GA,ASO,ES,Combined TRACON& Tower with Radar,15,13,1,0,29,0,0,5,0,5,15,13,6,0,34,0,0,0,34
07/03/2023,AGS,GA,ASO,ES,Combined TRACON& Tower with Radar,16,13,5,0,34,0,3,13,0,16,16,16,18,0,50,23,0,23,73
07/04/2023,AGS,GA,ASO,ES,Combined TRACON& Tower with Radar,11,8,10,0,29,0,2,9,0,11,11,10,19,0,40,14,0,14,54
07/05/2023,AGS,GA,ASO,ES,Combined TRACON& Tower with Radar,13,22,15,10,60,0,3,8,2,13,13,25,23,12,73,16,8,24,97
07/06/2023,AGS,GA,ASO,ES,Combined TRACON& Tower with Radar,16,41,49,33,139,0,0,7,3,10,16,41,56,36,149,8,14,22,171
07/07/2023,AGS,GA,ASO,ES,Combined TRACON& Tower with Radar,12,38,43,12,105,0,2,16,3,21,12,40,59,15,126,8,10,18,144
07/08/2023,AGS,GA,ASO,ES,Combined TRACON& Tower with Radar,14,37,33,2,86,0,1,15,0,16,14,38,48,2,102,26,0,26,128
07/09/2023,AGS,GA,ASO,ES,Combined TRACON& Tower with Radar,16,27,28,0,71,0,1,18,0,19,16,28,46,0,90,0,0,0,90
07/10/2023,AGS,GA,ASO,ES,Combined TRACON& Tower with Radar,16,11,5,2,34,0,4,2,0,6,16,15,7,2,40,40,0,40,80
07/11/2023,AGS,GA,ASO,ES,Combined TRACON& Tower with Radar,16,15,10,14,55,0,2,18,5,25,16,17,28,19,80,8,16,24,104
07/12/2023,AGS,GA,ASO,ES,Combined TRACON& Tower with Radar,18,11,19,17,65,0,2,18,2,22,18,13,37,19,87,10,32,42,129
07/13/2023,AGS,GA,ASO,ES,Combined TRACON& Tower with Radar,16,12,15,31,74,0,0,15,14,29,16,12,30,45,103,18,40,58,161
07/14/2023,AGS,GA,ASO,ES,Combined TRACON& Tower with Radar,16,10,13,19,58,0,1,8,2,11,16,11,21,21,69,10,14,24,93
07/15/2023,AGS,GA,ASO,ES,Combined TRACON& Tower with Radar,12,8,6,0,26,0,0,4,0,4,12,8,10,0,30,0,0,0,30
07/16/2023,AGS,GA,ASO,ES,Combined TRACON& Tower with Radar,16,13,10,7,46,0,3,16,1,20,16,16,26,8,66,6,12,18,84
07/17/2023,AGS,GA,ASO,ES,Combined TRACON& Tower with Radar,18,15,12,7,52,0,0,6,0,6,18,15,18,7,58,6,0,6,64
07/18/2023,AGS,GA,ASO,ES,Combined TRACON& Tower with Radar,16,15,27,40,98,0,0,10,3,13,16,15,37,43,111,23,14,37,148
07/19/2023,AGS,GA,ASO,ES,Combined TRACON& Tower with Radar,15,10,14,34,73,0,0,12,2,14,15,10,26,36,87,50,20,70,157
07/20/2023,AGS,GA,ASO,ES,Combined TRACON& Tower with Radar,23,12,21,9,65,0,2,18,0,20,23,14,39,9,85,26,2,28,113
07/21/2023,AGS,GA,ASO,ES,Combined TRACON& Tower with Radar,16,13,11,0,40,0,0,21,0,21,16,13,32,0,61,18,0,18,79
07/22/2023,AGS,GA,ASO,ES,Combined TRACON& Tower with Radar,14,12,11,0,37,0,0,5,0,5,14,12,16,0,42,2,0,2,44
07/23/2023,AGS,GA,ASO,ES,Combined TRACON& Tower with Radar,16,7,8,0,31,0,0,7,0,7,16,7,15,0,38,36,0,36,74
07/24/2023,AGS,GA,ASO,ES,Combined TRACON& Tower with Radar,16,14,14,12,56,0,3,9,2,14,16,17,23,14,70,12,16,28,98
07/25/2023,AGS,GA,ASO,ES,Combined TRACON& Tower with Radar,16,14,13,11,54,0,1,11,1,13,16,15,24,12,67,5,10,15,82
07/26/2023,AGS,GA,ASO,ES,Combined TRACON& Tower with Radar,17,10,13,4,44,0,1,15,0,16,17,11,28,4,60,32,0,32,92
07/27/2023,AGS,GA,ASO,ES,Combined TRACON& Tower with Radar,17,16,21,18,72,0,4,12,4,20,17,20,33,22,92,52,10,62,154
07/28/2023,AGS,GA,ASO,ES,Combined TRACON& Tower with Radar,15,16,15,17,63,0,4,18,1,23,15,20,33,18,86,78,16,94,180
07/29/2023,AGS,GA,ASO,ES,Combined TRACON& Tower with Radar,17,9,4,2,32,0,1,5,0,6,17,10,9,2,38,10,0,10,48
07/30/2023,AGS,GA,ASO,ES,Combined TRACON& Tower with Radar,16,13,14,7,50,0,5,10,1,16,16,18,24,8,66,18,0,18,84
07/31/2023,AGS,GA,ASO,ES,Combined TRACON& Tower with Radar,16,12,19,12,59,0,0,12,0,12,16,12,31,12,71,12,0,12,83
08/01/2023,AGS,GA,ASO,ES,Combined TRACON& Tower with Radar,14,11,16,13,54,0,0,16,0,16,14,11,32,13,70,48,0,48,118
08/02/2023,AGS,GA,ASO,ES,Combined TRACON& Tower with Radar,14,19,12,7,52,0,3,7,1,11,14,22,19,8,63,34,0,34,97
08/03/2023,AGS,GA,ASO,ES,Combined TRACON& Tower with Radar,17,8,17,18,60,0,0,9,1,10,17,8,26,19,70,54,18,72,142
08/04/2023,AGS,GA,ASO,ES,Combined TRACON& Tower with Radar,16,12,6,11,45,0,2,11,3,16,16,14,17,14,61,34,42,76,137
08/05/2023,AGS,GA,ASO,ES,Combined TRACON& Tower with Radar,13,10,12,3,38,0,0,29,0,29,13,10,41,3,67,12,0,12,79
08/06/2023,AGS,GA,ASO,ES,Combined TRACON& Tower with Radar,21,6,4,0,31,0,0,10,0,10,21,6,14,0,41,16,0,16,57
08/07/2023,AGS,GA,ASO,ES,Combined TRACON& Tower with Radar,14,8,27,9,58,0,0,6,0,6,14,8,33,9,64,3,12,15,79
08/08/2023,AGS,GA,ASO,ES,Combined TRACON& Tower with Radar,14,10,12,18,54,0,0,14,1,15,14,10,26,19,69,10,0,10,79
08/09/2023,AGS,GA,ASO,ES,Combined TRACON& Tower with Radar,14,18,17,8,57,0,6,22,0,28,14,24,39,8,85,81,0,81,166
08/10/2023,AGS,GA,ASO,ES,Combined TRACON& Tower with Radar,16,8,10,28,62,0,5,10,8,23,16,13,20,36,85,48,14,62,147
08/11/2023,AGS,GA,ASO,ES,Combined TRACON& Tower with Radar,16,9,9,2,36,0,0,15,1,16,16,9,24,3,52,12,2,14,66
08/12/2023,AGS,GA,ASO,ES,Combined TRACON& Tower with Radar,26,11,5,0,42,0,0,13,0,13,26,11,18,0,55,26,0,26,81
08/13/2023,AGS,GA,ASO,ES,Combined TRACON& Tower with Radar,19,12,11,2,44,0,4,12,0,16,19,16,23,2,60,48,0,48,108
08/14/2023,AGS,GA,ASO,ES,Combined TRACON& Tower with Radar,16,10,18,4,48,0,1,8,1,10,16,11,26,5,58,40,0,40,98
08/15/2023,AGS,GA,ASO,ES,Combined TRACON& Tower with Radar,14,13,14,4,45,0,1,8,4,13,14,14,22,8,58,46,0,46,104
08/16/2023,AGS,GA,ASO,ES,Combined TRACON& Tower with Radar,14,12,24,56,106,0,0,14,2,16,14,12,38,58,122,4,14,18,140
08/17/2023,AGS,GA,ASO,ES,Combined TRACON& Tower with Radar,18,13,27,27,85,0,0,10,3,13,18,13,37,30,98,34,8,42,140
08/18/2023,AGS,GA,ASO,ES,Combined TRACON& Tower with Radar,16,11,12,24,63,0,3,24,4,31,16,14,36,28,94,14,38,52,146
08/19/2023,AGS,GA,ASO,ES,Combined TRACON& Tower with Radar,13,13,7,0,33,0,2,14,0,16,13,15,21,0,49,8,0,8,57
08/20/2023,AGS,GA,ASO,ES,Combined TRACON& Tower with Radar,16,8,15,0,39,0,4,8,0,12,16,12,23,0,51,14,0,14,65
08/21/2023,AGS,GA,ASO,ES,Combined TRACON& Tower with Radar,16,4,25,13,58,0,6,13,5,24,16,10,38,18,82,50,30,80,162
08/22/2023,AGS,GA,ASO,ES,Combined TRACON& Tower with Radar,14,12,21,16,63,0,6,11,0,17,14,18,32,16,80,30,12,42,122
08/23/2023,AGS,GA,ASO,ES,Combined TRACON& Tower with Radar,14,13,34,15,76,0,0,11,5,16,14,13,45,20,92,14,4,18,110
08/24/2023,AGS,GA,ASO,ES,Combined TRACON& Tower with Radar,16,9,23,20,68,0,4,19,0,23,16,13,42,20,91,34,24,58,149
08/25/2023,AGS,GA,ASO,ES,Combined TRACON& Tower with Radar,18,17,22,32,89,0,0,26,3,29,18,17,48,35,118,44,30,74,192
08/26/2023,AGS,GA,ASO,ES,Combined TRACON& Tower with Radar,14,11,6,4,35,0,2,24,2,28,14,13,30,6,63,40,0,40,103
08/27/2023,AGS,GA,ASO,ES,Combined TRACON& Tower with Radar,15,11,4,2,32,0,2,13,0,15,15,13,17,2,47,0,0,0,47
08/28/2023,AGS,GA,ASO,ES,Combined TRACON& Tower with Radar,17,9,16,25,67,0,1,11,1,13,17,10,27,26,80,26,8,34,114
08/29/2023,AGS,GA,ASO,ES,Combined TRACON& Tower with Radar,14,9,6,5,34,0,0,5,0,5,14,9,11,5,39,0,14,14,53
08/30/2023,AGS,GA,ASO,ES,Combined TRACON& Tower with Radar,14,9,3,0,26,0,0,0,0,0,14,9,3,0,26,0,0,0,26
08/31/2023,AGS,GA,ASO,ES,Combined TRACON& Tower with Radar,18,17,16,0,51,0,1,15,1,17,18,18,31,1,68,46,0,46,114
