01/01/2020,AHN,GA,ASO,ES,Federal Contract Tower,0,0,16,0,16,0,0,38,0,38,0,0,54,0,54,26,0,26,80
01/02/2020,AHN,GA,ASO,ES,Federal Contract Tower,4,2,19,2,27,0,0,17,0,17,4,2,36,2,44,2,0,2,46
01/03/2020,AHN,GA,ASO,ES,Federal Contract Tower,0,0,13,0,13,0,0,0,0,0,0,0,13,0,13,0,0,0,13
01/04/2020,AHN,GA,ASO,ES,Federal Contract Tower,0,2,14,1,17,0,0,15,0,15,0,2,29,1,32,30,0,30,62
01/05/2020,AHN,GA,ASO,ES,Federal Contract Tower,0,4,18,1,23,0,1,98,0,99,0,5,116,1,122,64,0,64,186
01/06/2020,AHN,GA,ASO,ES,Federal Contract Tower,2,0,22,2,26,0,0,86,0,86,2,0,108,2,112,94,0,94,206
01/07/2020,AHN,GA,ASO,ES,Federal Contract Tower,0,1,21,0,22,0,0,30,0,30,0,1,51,0,52,42,0,42,94
01/08/2020,AHN,GA,ASO,ES,Federal Contract Tower,0,8,40,2,50,0,0,87,0,87,0,8,127,2,137,62,0,62,199
01/09/2020,AHN,GA,ASO,ES,Federal Contract Tower,0,1,18,0,19,0,3,102,4,109,0,4,120,4,128,12,0,12,140
01/10/2020,AHN,GA,ASO,ES,Federal Contract Tower,0,2,24,0,26,0,0,74,2,76,0,2,98,2,102,52,0,52,154
01/11/2020,AHN,GA,ASO,ES,Federal Contract Tower,0,0,6,0,6,0,0,0,0,0,0,0,6,0,6,0,0,0,6
01/12/2020,AHN,GA,ASO,ES,Federal Contract Tower,0,0,32,4,36,0,2,110,0,112,0,2,142,4,148,34,0,34,182
01/13/2020,AHN,GA,ASO,ES,Federal Contract Tower,0,0,3,0,3,0,0,2,0,2,0,0,5,0,5,0,0,0,5
01/14/2020,AHN,GA,ASO,ES,Federal Contract Tower,1,0,8,3,12,0,0,0,1,1,1,0,8,4,13,0,0,0,13
01/15/2020,AHN,GA,ASO,ES,Federal Contract Tower,1,3,13,0,17,0,0,40,0,40,1,3,53,0,57,50,0,50,107
01/16/2020,AHN,GA,ASO,ES,Federal Contract Tower,0,2,24,0,26,0,0,82,0,82,0,2,106,0,108,26,0,26,134
01/17/2020,AHN,GA,ASO,ES,Federal Contract Tower,0,1,30,6,37,0,0,102,2,104,0,1,132,8,141,46,4,50,191
01/18/2020,AHN,GA,ASO,ES,Federal Contract Tower,0,4,15,4,23,0,0,5,0,5,0,4,20,4,28,4,0,4,32
01/19/2020,AHN,GA,ASO,ES,Federal Contract Tower,0,2,34,11,47,0,59,2,0,61,0,61,36,11,108,80,0,80,188
01/20/2020,AHN,GA,ASO,ES,Federal Contract Tower,0,5,32,0,37,0,0,93,0,93,0,5,125,0,130,90,0,90,220
01/21/2020,AHN,GA,ASO,ES,Federal Contract Tower,0,4,12,0,16,0,5,82,0,87,0,9,94,0,103,38,0,38,141
01/22/2020,AHN,GA,ASO,ES,Federal Contract Tower,0,5,16,1,22,0,0,68,1,69,0,5,84,2,91,84,4,88,179
01/23/2020,AHN,GA,ASO,ES,Federal Contract Tower,0,7,27,2,36,0,1,46,0,47,0,8,73,2,83,56,0,56,139
01/24/2020,AHN,GA,ASO,ES,Federal Contract Tower,0,10,8,2,20,0,0,0,0,0,0,10,8,2,20,0,0,0,20
01/25/2020,AHN,GA,ASO,ES,Federal Contract Tower,0,5,26,0,31,0,0,71,0,71,0,5,97,0,102,68,0,68,170
01/26/2020,AHN,GA,ASO,ES,Federal Contract Tower,0,10,16,0,26,0,1,81,2,84,0,11,97,2,110,38,0,38,148
01/27/2020,AHN,GA,ASO,ES,Federal Contract Tower,0,3,22,0,25,0,0,25,0,25,0,3,47,0,50,20,0,20,70
01/28/2020,AHN,GA,ASO,ES,Federal Contract Tower,0,6,25,0,31,0,2,85,0,87,0,8,110,0,118,122,0,122,240
01/29/2020,AHN,GA,ASO,ES,Federal Contract Tower,0,8,22,0,30,0,0,57,0,57,0,8,79,0,87,106,0,106,193
01/30/2020,AHN,GA,ASO,ES,Federal Contract Tower,0,3,33,0,36,0,2,68,0,70,0,5,101,0,106,126,0,126,232
01/31/2020,AHN,GA,ASO,ES,Federal Contract Tower,1,3,5,0,9,0,0,0,0,0,1,3,5,0,9,0,0,0,9
02/01/2020,AHN,GA,ASO,ES,Federal Contract Tower,0,3,26,0,29,0,0,19,0,19,0,3,45,0,48,20,0,20,68
02/02/2020,AHN,GA,ASO,ES,Federal Contract Tower,0,1,22,4,27,0,1,62,0,63,0,2,84,4,90,34,0,34,124
02/03/2020,AHN,GA,ASO,ES,Federal Contract Tower,0,1,15,2,18,0,1,70,0,71,0,2,85,2,89,72,0,72,161
02/04/2020,AHN,GA,ASO,ES,Federal Contract Tower,0,8,29,0,37,0,0,41,0,41,0,8,70,0,78,146,0,146,224
02/05/2020,AHN,GA,ASO,ES,Federal Contract Tower,0,2,33,0,35,0,0,0,0,0,0,2,33,0,35,0,0,0,35
02/06/2020,AHN,GA,ASO,ES,Federal Contract Tower,0,2,6,0,8,0,0,0,0,0,0,2,6,0,8,0,0,0,8
02/07/2020,AHN,GA,ASO,ES,Federal Contract Tower,0,6,20,0,26,0,0,22,2,24,0,6,42,2,50,42,4,46,96
02/08/2020,AHN,GA,ASO,ES,Federal Contract Tower,0,2,5,0,7,0,0,5,0,5,0,2,10,0,12,26,0,26,38
02/09/2020,AHN,GA,ASO,ES,Federal Contract Tower,0,2,39,0,41,0,2,20,0,22,0,4,59,0,63,18,0,18,81
02/10/2020,AHN,GA,ASO,ES,Federal Contract Tower,0,27,0,0,27,0,0,20,0,20,0,27,20,0,47,100,0,100,147
02/11/2020,AHN,GA,ASO,ES,Federal Contract Tower,0,0,17,0,17,0,0,4,0,4,0,0,21,0,21,8,0,8,29
02/12/2020,AHN,GA,ASO,ES,Federal Contract Tower,0,3,30,0,33,0,0,32,0,32,0,3,62,0,65,198,0,198,263
02/13/2020,AHN,GA,ASO,ES,Federal Contract Tower,0,2,19,0,21,0,0,33,2,35,0,2,52,2,56,64,2,66,122
02/14/2020,AHN,GA,ASO,ES,Federal Contract Tower,0,8,34,0,42,0,0,109,0,109,0,8,143,0,151,156,0,156,307
02/15/2020,AHN,GA,ASO,ES,Federal Contract Tower,0,2,20,0,22,0,0,103,0,103,0,2,123,0,125,148,0,148,273
02/16/2020,AHN,GA,ASO,ES,Federal Contract Tower,0,8,26,0,34,0,1,17,0,18,0,9,43,0,52,44,0,44,96
02/17/2020,AHN,GA,ASO,ES,Federal Contract Tower,0,3,27,0,30,0,1,7,0,8,0,4,34,0,38,94,0,94,132
02/18/2020,AHN,GA,ASO,ES,Federal Contract Tower,0,2,11,0,13,0,0,0,0,0,0,2,11,0,13,0,0,0,13
02/19/2020,AHN,GA,ASO,ES,Federal Contract Tower,0,2,21,0,23,0,0,0,0,0,0,2,21,0,23,0,0,0,23
02/20/2020,AHN,GA,ASO,ES,Federal Contract Tower,0,1,12,0,13,0,0,0,0,0,0,1,12,0,13,0,0,0,13
02/21/2020,AHN,GA,ASO,ES,Federal Contract Tower,0,5,44,4,53,0,0,109,3,112,0,5,153,7,165,144,2,146,311
02/22/2020,AHN,GA,ASO,ES,Federal Contract Tower,0,3,20,0,23,0,0,114,0,114,0,3,134,0,137,224,0,224,361
02/23/2020,AHN,GA,ASO,ES,Federal Contract Tower,0,4,26,4,34,0,1,78,0,79,0,5,104,4,113,158,0,158,271
02/24/2020,AHN,GA,ASO,ES,Federal Contract Tower,0,1,10,0,11,0,0,0,0,0,0,1,10,0,11,108,0,108,119
02/25/2020,AHN,GA,ASO,ES,Federal Contract Tower,0,4,27,7,38,0,2,16,3,21,0,6,43,10,59,60,4,64,123
02/26/2020,AHN,GA,ASO,ES,Federal Contract Tower,0,6,20,0,26,0,0,69,1,70,0,6,89,1,96,128,6,134,230
02/27/2020,AHN,GA,ASO,ES,Federal Contract Tower,0,0,10,0,10,0,0,49,0,49,0,0,59,0,59,46,0,46,105
02/28/2020,AHN,GA,ASO,ES,Federal Contract Tower,2,7,16,0,25,0,0,41,4,45,2,7,57,4,70,32,0,32,102
02/29/2020,AHN,GA,ASO,ES,Federal Contract Tower,2,3,14,5,24,0,0,29,11,40,2,3,43,16,64,12,6,18,82
03/01/2020,AHN,GA,ASO,ES,Federal Contract Tower,0,8,26,0,34,0,0,47,0,47,0,8,73,0,81,54,0,54,135
03/02/2020,AHN,GA,ASO,ES,Federal Contract Tower,0,1,15,0,16,0,0,14,0,14,0,1,29,0,30,10,0,10,40
03/03/2020,AHN,GA,ASO,ES,Federal Contract Tower,1,4,14,0,19,0,0,5,0,5,1,4,19,0,24,6,0,6,30
03/04/2020,AHN,GA,ASO,ES,Federal Contract Tower,0,1,13,0,14,0,0,0,0,0,0,1,13,0,14,0,0,0,14
03/05/2020,AHN,GA,ASO,ES,Federal Contract Tower,0,1,3,0,4,0,0,0,0,0,0,1,3,0,4,0,0,0,4
03/06/2020,AHN,GA,ASO,ES,Federal Contract Tower,0,7,29,4,40,0,0,34,0,34,0,7,63,4,74,14,0,14,88
03/07/2020,AHN,GA,ASO,ES,Federal Contract Tower,0,3,25,6,34,0,0,54,2,56,0,3,79,8,90,50,0,50,140
03/08/2020,AHN,GA,ASO,ES,Federal Contract Tower,0,3,19,0,22,0,0,35,0,35,0,3,54,0,57,22,0,22,79
03/09/2020,AHN,GA,ASO,ES,Federal Contract Tower,0,4,21,0,25,0,2,0,36,38,0,6,21,36,63,12,0,12,75
03/10/2020,AHN,GA,ASO,ES,Federal Contract Tower,0,10,16,0,26,0,0,9,1,10,0,10,25,1,36,0,2,2,38
03/11/2020,AHN,GA,ASO,ES,Federal Contract Tower,0,0,30,0,30,0,0,15,0,15,0,0,45,0,45,22,0,22,67
03/12/2020,AHN,GA,ASO,ES,Federal Contract Tower,0,1,18,2,21,0,0,10,0,10,0,1,28,2,31,30,0,30,61
03/13/2020,AHN,GA,ASO,ES,Federal Contract Tower,0,1,36,15,52,0,1,17,0,18,0,2,53,15,70,4,2,6,76
03/14/2020,AHN,GA,ASO,ES,Federal Contract Tower,0,1,20,0,21,0,0,34,0,34,0,1,54,0,55,36,0,36,91
03/15/2020,AHN,GA,ASO,ES,Federal Contract Tower,0,2,22,0,24,0,0,11,0,11,0,2,33,0,35,12,0,12,47
03/16/2020,AHN,GA,ASO,ES,Federal Contract Tower,0,2,6,0,8,0,0,0,0,0,0,2,6,0,8,0,0,0,8
03/17/2020,AHN,GA,ASO,ES,Federal Contract Tower,0,1,18,2,21,0,0,8,0,8,0,1,26,2,29,0,0,0,29
03/18/2020,AHN,GA,ASO,ES,Federal Contract Tower,0,0,11,0,11,0,1,3,0,4,0,1,14,0,15,0,0,0,15
03/19/2020,AHN,GA,ASO,ES,Federal Contract Tower,0,2,23,0,25,0,0,17,0,17,0,2,40,0,42,18,0,18,60
03/20/2020,AHN,GA,ASO,ES,Federal Contract Tower,0,0,14,0,14,0,0,30,0,30,0,0,44,0,44,48,0,48,92
03/21/2020,AHN,GA,ASO,ES,Federal Contract Tower,0,2,21,0,23,0,0,33,0,33,0,2,54,0,56,30,0,30,86
03/22/2020,AHN,GA,ASO,ES,Federal Contract Tower,0,0,15,0,15,0,0,0,0,0,0,0,15,0,15,0,0,0,15
03/23/2020,AHN,GA,ASO,ES,Federal Contract Tower,0,2,5,0,7,0,0,0,0,0,0,2,5,0,7,0,0,0,7
03/24/2020,AHN,GA,ASO,ES,Federal Contract Tower,0,2,1,0,3,0,0,0,0,0,0,2,1,0,3,0,0,0,3
03/25/2020,AHN,GA,ASO,ES,Federal Contract Tower,0,4,4,0,8,0,0,25,0,25,0,4,29,0,33,26,0,26,59
03/26/2020,AHN,GA,ASO,ES,Federal Contract Tower,0,2,13,2,17,0,0,27,2,29,0,2,40,4,46,44,0,44,90
03/27/2020,AHN,GA,ASO,ES,Federal Contract Tower,0,0,19,0,19,0,0,35,0,35,0,0,54,0,54,30,0,30,84
03/28/2020,AHN,GA,ASO,ES,Federal Contract Tower,0,0,16,0,16,0,0,26,0,26,0,0,42,0,42,64,0,64,106
03/29/2020,AHN,GA,ASO,ES,Federal Contract Tower,0,2,11,0,13,0,0,7,0,7,0,2,18,0,20,24,0,24,44
03/30/2020,AHN,GA,ASO,ES,Federal Contract Tower,0,1,8,0,9,0,0,22,0,22,0,1,30,0,31,44,0,44,75
03/31/2020,AHN,GA,ASO,ES,Federal Contract Tower,0,0,0,0,0,0,1,7,2,10,0,1,7,2,10,4,0,4,14
04/01/2020,AHN,GA,ASO,ES,Federal Contract Tower,0,0,12,0,12,0,0,33,0,33,0,0,45,0,45,26,0,26,71
04/02/2020,AHN,GA,ASO,ES,Federal Contract Tower,0,0,13,2,15,0,0,33,0,33,0,0,46,2,48,38,0,38,86
04/03/2020,AHN,GA,ASO,ES,Federal Contract Tower,0,0,10,0,10,0,0,25,0,25,0,0,35,0,35,26,0,26,61
04/04/2020,AHN,GA,ASO,ES,Federal Contract Tower,0,0,6,0,6,0,0,18,0,18,0,0,24,0,24,54,0,54,78
04/05/2020,AHN,GA,ASO,ES,Federal Contract Tower,0,3,0,0,3,0,4,28,0,32,0,7,28,0,35,46,0,46,81
04/06/2020,AHN,GA,ASO,ES,Federal Contract Tower,0,0,5,0,5,0,0,16,2,18,0,0,21,2,23,18,0,18,41
04/07/2020,AHN,GA,ASO,ES,Federal Contract Tower,0,0,13,0,13,0,0,15,2,17,0,0,28,2,30,4,0,4,34
04/08/2020,AHN,GA,ASO,ES,Federal Contract Tower,0,0,13,0,13,0,0,6,0,6,0,0,19,0,19,16,0,16,35
04/09/2020,AHN,GA,ASO,ES,Federal Contract Tower,0,0,6,0,6,0,2,14,0,16,0,2,20,0,22,0,0,0,22
04/10/2020,AHN,GA,ASO,ES,Federal Contract Tower,0,0,3,0,3,0,0,12,0,12,0,0,15,0,15,2,0,2,17
04/11/2020,AHN,GA,ASO,ES,Federal Contract Tower,0,0,4,0,4,0,0,54,0,54,0,0,58,0,58,62,0,62,120
04/12/2020,AHN,GA,ASO,ES,Federal Contract Tower,0,0,3,0,3,0,0,0,0,0,0,0,3,0,3,0,0,0,3
04/13/2020,AHN,GA,ASO,ES,Federal Contract Tower,0,0,8,0,8,0,1,10,0,11,0,1,18,0,19,0,0,0,19
04/14/2020,AHN,GA,ASO,ES,Federal Contract Tower,0,0,13,2,15,0,1,23,0,24,0,1,36,2,39,36,6,42,81
04/15/2020,AHN,GA,ASO,ES,Federal Contract Tower,0,1,1,5,7,0,2,31,2,35,0,3,32,7,42,0,20,20,62
04/16/2020,AHN,GA,ASO,ES,Federal Contract Tower,0,0,11,2,13,0,2,34,0,36,0,2,45,2,49,44,0,44,93
04/17/2020,AHN,GA,ASO,ES,Federal Contract Tower,0,2,6,0,8,0,0,21,0,21,0,2,27,0,29,20,0,20,49
04/18/2020,AHN,GA,ASO,ES,Federal Contract Tower,0,0,6,0,6,0,2,20,0,22,0,2,26,0,28,2,0,2,30
04/19/2020,AHN,GA,ASO,ES,Federal Contract Tower,0,0,3,0,3,0,0,0,0,0,0,0,3,0,3,0,0,0,3
04/20/2020,AHN,GA,ASO,ES,Federal Contract Tower,0,0,8,0,8,0,0,17,0,17,0,0,25,0,25,16,0,16,41
04/21/2020,AHN,GA,ASO,ES,Federal Contract Tower,0,0,9,0,9,0,0,30,0,30,0,0,39,0,39,28,0,28,67
04/22/2020,AHN,GA,ASO,ES,Federal Contract Tower,0,17,2,0,19,0,1,46,0,47,0,18,48,0,66,26,0,26,92
04/23/2020,AHN,GA,ASO,ES,Federal Contract Tower,0,4,2,0,6,0,0,2,0,2,0,4,4,0,8,0,0,0,8
04/24/2020,AHN,GA,ASO,ES,Federal Contract Tower,2,1,19,0,22,0,3,28,4,35,2,4,47,4,57,38,0,38,95
04/25/2020,AHN,GA,ASO,ES,Federal Contract Tower,0,0,10,0,10,0,0,28,0,28,0,0,38,0,38,22,0,22,60
04/26/2020,AHN,GA,ASO,ES,Federal Contract Tower,0,1,6,0,7,0,0,7,0,7,0,1,13,0,14,0,0,0,14
04/27/2020,AHN,GA,ASO,ES,Federal Contract Tower,0,0,4,0,4,0,2,27,0,29,0,2,31,0,33,50,0,50,83
04/28/2020,AHN,GA,ASO,ES,Federal Contract Tower,0,0,8,0,8,0,0,41,0,41,0,0,49,0,49,40,0,40,89
04/29/2020,AHN,GA,ASO,ES,Federal Contract Tower,0,0,9,0,9,0,1,5,0,6,0,1,14,0,15,10,0,10,25
04/30/2020,AHN,GA,ASO,ES,Federal Contract Tower,0,1,21,4,26,0,0,8,0,8,0,1,29,4,34,40,0,40,74
05/01/2020,AHN,GA,ASO,ES,Federal Contract Tower,0,0,13,2,15,0,1,33,0,34,0,1,46,2,49,36,0,36,85
05/02/2020,AHN,GA,ASO,ES,Federal Contract Tower,0,0,4,0,4,0,1,44,2,47,0,1,48,2,51,36,0,36,87
05/03/2020,AHN,GA,ASO,ES,Federal Contract Tower,0,0,11,0,11,0,2,33,4,39,0,2,44,4,50,8,0,8,58
05/04/2020,AHN,GA,ASO,ES,Federal Contract Tower,0,0,6,4,10,0,0,26,0,26,0,0,32,4,36,46,0,46,82
05/05/2020,AHN,GA,ASO,ES,Federal Contract Tower,0,2,12,0,14,0,0,20,0,20,0,2,32,0,34,14,0,14,48
05/06/2020,AHN,GA,ASO,ES,Federal Contract Tower,0,0,7,0,7,0,0,10,0,10,0,0,17,0,17,28,0,28,45
05/07/2020,AHN,GA,ASO,ES,Federal Contract Tower,0,0,22,0,22,0,1,34,0,35,0,1,56,0,57,54,0,54,111
05/08/2020,AHN,GA,ASO,ES,Federal Contract Tower,0,3,6,0,9,0,0,10,0,10,0,3,16,0,19,6,0,6,25
05/09/2020,AHN,GA,ASO,ES,Federal Contract Tower,0,0,13,0,13,0,1,52,0,53,0,1,65,0,66,62,0,62,128
05/10/2020,AHN,GA,ASO,ES,Federal Contract Tower,0,0,10,0,10,0,0,27,0,27,0,0,37,0,37,14,0,14,51
05/11/2020,AHN,GA,ASO,ES,Federal Contract Tower,0,0,13,0,13,0,0,19,0,19,0,0,32,0,32,10,0,10,42
05/12/2020,AHN,GA,ASO,ES,Federal Contract Tower,0,0,23,0,23,0,0,27,2,29,0,0,50,2,52,80,0,80,132
05/13/2020,AHN,GA,ASO,ES,Federal Contract Tower,0,1,19,2,22,0,0,34,0,34,0,1,53,2,56,28,0,28,84
05/14/2020,AHN,GA,ASO,ES,Federal Contract Tower,0,3,27,2,32,0,4,20,0,24,0,7,47,2,56,44,0,44,100
05/15/2020,AHN,GA,ASO,ES,Federal Contract Tower,0,2,19,0,21,0,4,34,0,38,0,6,53,0,59,18,0,18,77
05/16/2020,AHN,GA,ASO,ES,Federal Contract Tower,0,2,10,0,12,0,2,35,0,37,0,4,45,0,49,32,0,32,81
05/17/2020,AHN,GA,ASO,ES,Federal Contract Tower,0,0,12,0,12,0,0,24,0,24,0,0,36,0,36,14,0,14,50
05/18/2020,AHN,GA,ASO,ES,Federal Contract Tower,0,0,7,2,9,0,0,3,1,4,0,0,10,3,13,18,0,18,31
05/19/2020,AHN,GA,ASO,ES,Federal Contract Tower,0,0,17,1,18,0,0,6,0,6,0,0,23,1,24,22,0,22,46
05/20/2020,AHN,GA,ASO,ES,Federal Contract Tower,0,0,16,0,16,0,0,0,0,0,0,0,16,0,16,0,0,0,16
05/21/2020,AHN,GA,ASO,ES,Federal Contract Tower,0,4,39,0,43,0,4,21,3,28,0,8,60,3,71,18,0,18,89
05/22/2020,AHN,GA,ASO,ES,Federal Contract Tower,0,0,17,0,17,0,1,19,0,20,0,1,36,0,37,32,0,32,69
05/23/2020,AHN,GA,ASO,ES,Federal Contract Tower,0,0,21,0,21,0,2,46,0,48,0,2,67,0,69,58,0,58,127
05/24/2020,AHN,GA,ASO,ES,Federal Contract Tower,0,0,7,0,7,0,0,31,0,31,0,0,38,0,38,24,0,24,62
05/25/2020,AHN,GA,ASO,ES,Federal Contract Tower,0,0,24,0,24,0,0,2,0,2,0,0,26,0,26,8,0,8,34
05/26/2020,AHN,GA,ASO,ES,Federal Contract Tower,0,3,21,0,24,0,0,1,0,1,0,3,22,0,25,14,0,14,39
05/27/2020,AHN,GA,ASO,ES,Federal Contract Tower,0,2,21,0,23,0,0,0,0,0,0,2,21,0,23,0,0,0,23
05/28/2020,AHN,GA,ASO,ES,Federal Contract Tower,0,2,11,2,15,0,4,6,0,10,0,6,17,2,25,2,0,2,27
05/29/2020,AHN,GA,ASO,ES,Federal Contract Tower,0,3,13,0,16,0,2,15,0,17,0,5,28,0,33,8,0,8,41
05/30/2020,AHN,GA,ASO,ES,Federal Contract Tower,0,1,11,0,12,0,0,51,0,51,0,1,62,0,63,24,0,24,87
05/31/2020,AHN,GA,ASO,ES,Federal Contract Tower,0,0,6,0,6,0,0,59,0,59,0,0,65,0,65,12,0,12,77
06/01/2020,AHN,GA,ASO,ES,Federal Contract Tower,0,2,17,2,21,0,0,31,0,31,0,2,48,2,52,38,0,38,90
06/02/2020,AHN,GA,ASO,ES,Federal Contract Tower,0,1,8,2,11,0,0,44,0,44,0,1,52,2,55,54,0,54,109
06/03/2020,AHN,GA,ASO,ES,Federal Contract Tower,0,0,34,0,34,0,2,22,0,24,0,2,56,0,58,44,0,44,102
06/04/2020,AHN,GA,ASO,ES,Federal Contract Tower,0,0,18,0,18,0,0,25,0,25,0,0,43,0,43,28,0,28,71
06/05/2020,AHN,GA,ASO,ES,Federal Contract Tower,0,0,11,0,11,0,0,10,0,10,0,0,21,0,21,16,0,16,37
06/06/2020,AHN,GA,ASO,ES,Federal Contract Tower,0,0,19,0,19,0,2,49,0,51,0,2,68,0,70,28,0,28,98
06/07/2020,AHN,GA,ASO,ES,Federal Contract Tower,0,0,18,0,18,0,0,17,0,17,0,0,35,0,35,16,0,16,51
06/08/2020,AHN,GA,ASO,ES,Federal Contract Tower,0,1,14,0,15,0,0,2,0,2,0,1,16,0,17,0,0,0,17
06/09/2020,AHN,GA,ASO,ES,Federal Contract Tower,0,1,31,0,32,0,0,17,0,17,0,1,48,0,49,16,0,16,65
06/10/2020,AHN,GA,ASO,ES,Federal Contract Tower,0,3,11,0,14,0,0,10,6,16,0,3,21,6,30,0,0,0,30
06/11/2020,AHN,GA,ASO,ES,Federal Contract Tower,0,1,34,2,37,0,6,28,0,34,0,7,62,2,71,42,2,44,115
06/12/2020,AHN,GA,ASO,ES,Federal Contract Tower,0,3,15,0,18,0,1,63,0,64,0,4,78,0,82,66,0,66,148
06/13/2020,AHN,GA,ASO,ES,Federal Contract Tower,0,1,10,0,11,0,0,48,0,48,0,1,58,0,59,14,0,14,73
06/14/2020,AHN,GA,ASO,ES,Federal Contract Tower,0,0,21,0,21,0,0,37,2,39,0,0,58,2,60,36,2,38,98
06/15/2020,AHN,GA,ASO,ES,Federal Contract Tower,0,0,20,0,20,0,3,21,0,24,0,3,41,0,44,0,0,0,44
06/16/2020,AHN,GA,ASO,ES,Federal Contract Tower,0,2,27,0,29,0,0,17,0,17,0,2,44,0,46,18,0,18,64
06/17/2020,AHN,GA,ASO,ES,Federal Contract Tower,0,0,23,0,23,0,0,23,1,24,0,0,46,1,47,26,0,26,73
06/18/2020,AHN,GA,ASO,ES,Federal Contract Tower,0,2,34,4,40,0,5,27,1,33,0,7,61,5,73,40,0,40,113
06/19/2020,AHN,GA,ASO,ES,Federal Contract Tower,0,24,0,0,24,0,5,34,0,39,0,29,34,0,63,30,0,30,93
06/20/2020,AHN,GA,ASO,ES,Federal Contract Tower,0,0,8,0,8,0,0,61,0,61,0,0,69,0,69,74,0,74,143
06/21/2020,AHN,GA,ASO,ES,Federal Contract Tower,0,1,10,0,11,0,0,24,0,24,0,1,34,0,35,10,0,10,45
06/22/2020,AHN,GA,ASO,ES,Federal Contract Tower,0,3,8,2,13,0,0,38,0,38,0,3,46,2,51,8,0,8,59
06/23/2020,AHN,GA,ASO,ES,Federal Contract Tower,0,0,8,0,8,0,0,7,2,9,0,0,15,2,17,34,6,40,57
06/24/2020,AHN,GA,ASO,ES,Federal Contract Tower,0,2,26,0,28,0,0,38,0,38,0,2,64,0,66,24,0,24,90
06/25/2020,AHN,GA,ASO,ES,Federal Contract Tower,0,4,19,0,23,0,0,19,0,19,0,4,38,0,42,28,0,28,70
06/26/2020,AHN,GA,ASO,ES,Federal Contract Tower,0,5,10,2,17,0,1,57,0,58,0,6,67,2,75,46,0,46,121
06/27/2020,AHN,GA,ASO,ES,Federal Contract Tower,0,4,11,0,15,0,0,40,0,40,0,4,51,0,55,8,0,8,63
06/28/2020,AHN,GA,ASO,ES,Federal Contract Tower,0,0,23,0,23,0,0,15,0,15,0,0,38,0,38,2,0,2,40
06/29/2020,AHN,GA,ASO,ES,Federal Contract Tower,0,1,16,2,19,0,2,32,0,34,0,3,48,2,53,20,0,20,73
06/30/2020,AHN,GA,ASO,ES,Federal Contract Tower,0,4,22,0,26,0,0,44,0,44,0,4,66,0,70,12,0,12,82
07/01/2020,AHN,GA,ASO,ES,Federal Contract Tower,0,0,15,0,15,0,0,12,0,12,0,0,27,0,27,44,0,44,71
07/02/2020,AHN,GA,ASO,ES,Federal Contract Tower,0,6,15,2,23,0,2,31,0,33,0,8,46,2,56,44,0,44,100
07/03/2020,AHN,GA,ASO,ES,Federal Contract Tower,0,1,15,0,16,0,0,18,0,18,0,1,33,0,34,32,0,32,66
07/04/2020,AHN,GA,ASO,ES,Federal Contract Tower,0,0,4,0,4,0,0,23,0,23,0,0,27,0,27,30,0,30,57
07/05/2020,AHN,GA,ASO,ES,Federal Contract Tower,0,0,21,0,21,0,2,8,0,10,0,2,29,0,31,2,0,2,33
07/06/2020,AHN,GA,ASO,ES,Federal Contract Tower,0,0,3,0,3,0,0,0,0,0,0,0,3,0,3,0,0,0,3
07/07/2020,AHN,GA,ASO,ES,Federal Contract Tower,0,0,11,0,11,0,0,1,0,1,0,0,12,0,12,0,0,0,12
07/08/2020,AHN,GA,ASO,ES,Federal Contract Tower,0,0,40,0,40,0,1,27,0,28,0,1,67,0,68,34,0,34,102
07/09/2020,AHN,GA,ASO,ES,Federal Contract Tower,0,0,21,6,27,0,0,18,0,18,0,0,39,6,45,76,0,76,121
07/10/2020,AHN,GA,ASO,ES,Federal Contract Tower,0,0,24,0,24,0,0,39,2,41,0,0,63,2,65,40,0,40,105
07/11/2020,AHN,GA,ASO,ES,Federal Contract Tower,0,2,47,0,49,0,0,48,3,51,0,2,95,3,100,34,0,34,134
07/12/2020,AHN,GA,ASO,ES,Federal Contract Tower,0,1,13,0,14,0,1,44,0,45,0,2,57,0,59,28,0,28,87
07/13/2020,AHN,GA,ASO,ES,Federal Contract Tower,0,3,27,1,31,0,0,25,0,25,0,3,52,1,56,42,0,42,98
07/14/2020,AHN,GA,ASO,ES,Federal Contract Tower,0,3,13,5,21,0,6,37,0,43,0,9,50,5,64,40,0,40,104
07/15/2020,AHN,GA,ASO,ES,Federal Contract Tower,0,2,11,2,15,0,4,34,0,38,0,6,45,2,53,62,0,62,115
07/16/2020,AHN,GA,ASO,ES,Federal Contract Tower,0,0,26,0,26,0,3,34,0,37,0,3,60,0,63,58,0,58,121
07/17/2020,AHN,GA,ASO,ES,Federal Contract Tower,0,1,9,0,10,0,1,39,1,41,0,2,48,1,51,38,0,38,89
07/18/2020,AHN,GA,ASO,ES,Federal Contract Tower,0,0,19,0,19,0,0,27,0,27,0,0,46,0,46,62,0,62,108
07/19/2020,AHN,GA,ASO,ES,Federal Contract Tower,0,2,13,0,15,0,0,49,0,49,0,2,62,0,64,44,0,44,108
07/20/2020,AHN,GA,ASO,ES,Federal Contract Tower,0,0,20,0,20,0,0,20,0,20,0,0,40,0,40,42,0,42,82
07/21/2020,AHN,GA,ASO,ES,Federal Contract Tower,0,6,17,2,25,0,0,19,0,19,0,6,36,2,44,32,0,32,76
07/22/2020,AHN,GA,ASO,ES,Federal Contract Tower,0,2,29,0,31,0,5,29,0,34,0,7,58,0,65,34,0,34,99
07/23/2020,AHN,GA,ASO,ES,Federal Contract Tower,0,0,25,1,26,0,6,44,0,50,0,6,69,1,76,66,0,66,142
07/24/2020,AHN,GA,ASO,ES,Federal Contract Tower,0,0,7,4,11,0,4,43,0,47,0,4,50,4,58,52,0,52,110
07/25/2020,AHN,GA,ASO,ES,Federal Contract Tower,0,2,14,0,16,0,2,18,0,20,0,4,32,0,36,16,0,16,52
07/26/2020,AHN,GA,ASO,ES,Federal Contract Tower,0,1,14,0,15,0,3,50,0,53,0,4,64,0,68,28,0,28,96
07/27/2020,AHN,GA,ASO,ES,Federal Contract Tower,0,4,11,2,17,0,2,60,0,62,0,6,71,2,79,50,0,50,129
07/28/2020,AHN,GA,ASO,ES,Federal Contract Tower,0,1,15,0,16,0,2,48,2,52,0,3,63,2,68,32,0,32,100
07/29/2020,AHN,GA,ASO,ES,Federal Contract Tower,0,1,24,0,25,0,0,19,2,21,0,1,43,2,46,38,0,38,84
07/30/2020,AHN,GA,ASO,ES,Federal Contract Tower,0,1,24,1,26,0,0,11,0,11,0,1,35,1,37,8,0,8,45
07/31/2020,AHN,GA,ASO,ES,Federal Contract Tower,0,0,11,2,13,0,0,11,0,11,0,0,22,2,24,10,6,16,40
08/01/2020,AHN,GA,ASO,ES,Federal Contract Tower,0,1,27,0,28,0,0,46,0,46,0,1,73,0,74,48,0,48,122
08/02/2020,AHN,GA,ASO,ES,Federal Contract Tower,0,0,21,0,21,0,0,25,0,25,0,0,46,0,46,28,0,28,74
08/03/2020,AHN,GA,ASO,ES,Federal Contract Tower,0,1,8,0,9,0,0,19,1,20,0,1,27,1,29,6,0,6,35
08/04/2020,AHN,GA,ASO,ES,Federal Contract Tower,0,2,18,6,26,0,0,30,0,30,0,2,48,6,56,20,2,22,78
08/05/2020,AHN,GA,ASO,ES,Federal Contract Tower,0,0,17,6,23,0,5,34,1,40,0,5,51,7,63,36,0,36,99
08/06/2020,AHN,GA,ASO,ES,Federal Contract Tower,0,1,36,0,37,0,1,39,0,40,0,2,75,0,77,30,0,30,107
08/07/2020,AHN,GA,ASO,ES,Federal Contract Tower,0,0,26,0,26,0,0,20,0,20,0,0,46,0,46,42,0,42,88
08/08/2020,AHN,GA,ASO,ES,Federal Contract Tower,0,0,19,0,19,0,0,48,0,48,0,0,67,0,67,26,0,26,93
08/09/2020,AHN,GA,ASO,ES,Federal Contract Tower,0,0,26,0,26,0,0,42,0,42,0,0,68,0,68,8,0,8,76
08/10/2020,AHN,GA,ASO,ES,Federal Contract Tower,0,0,19,0,19,0,0,37,0,37,0,0,56,0,56,2,0,2,58
08/11/2020,AHN,GA,ASO,ES,Federal Contract Tower,0,3,21,6,30,0,2,33,2,37,0,5,54,8,67,22,0,22,89
08/12/2020,AHN,GA,ASO,ES,Federal Contract Tower,0,5,16,0,21,0,3,45,0,48,0,8,61,0,69,16,0,16,85
08/13/2020,AHN,GA,ASO,ES,Federal Contract Tower,0,1,22,0,23,0,2,31,0,33,0,3,53,0,56,20,0,20,76
08/14/2020,AHN,GA,ASO,ES,Federal Contract Tower,0,5,22,0,27,0,0,8,1,9,0,5,30,1,36,6,0,6,42
08/15/2020,AHN,GA,ASO,ES,Federal Contract Tower,0,5,28,0,33,0,0,8,0,8,0,5,36,0,41,26,0,26,67
08/16/2020,AHN,GA,ASO,ES,Federal Contract Tower,0,3,21,0,24,0,0,52,0,52,0,3,73,0,76,14,0,14,90
08/17/2020,AHN,GA,ASO,ES,Federal Contract Tower,0,0,20,0,20,0,2,55,0,57,0,2,75,0,77,40,0,40,117
08/18/2020,AHN,GA,ASO,ES,Federal Contract Tower,0,2,18,2,22,0,0,44,0,44,0,2,62,2,66,58,0,58,124
08/19/2020,AHN,GA,ASO,ES,Federal Contract Tower,0,3,18,0,21,0,0,31,0,31,0,3,49,0,52,24,0,24,76
08/20/2020,AHN,GA,ASO,ES,Federal Contract Tower,0,0,29,1,30,0,3,25,3,31,0,3,54,4,61,24,0,24,85
08/21/2020,AHN,GA,ASO,ES,Federal Contract Tower,0,3,11,0,14,0,0,2,0,2,0,3,13,0,16,0,0,0,16
08/22/2020,AHN,GA,ASO,ES,Federal Contract Tower,0,0,36,0,36,0,1,13,2,16,0,1,49,2,52,17,2,19,71
08/23/2020,AHN,GA,ASO,ES,Federal Contract Tower,0,0,21,0,21,0,0,22,0,22,0,0,43,0,43,20,0,20,63
08/24/2020,AHN,GA,ASO,ES,Federal Contract Tower,0,2,31,2,35,0,0,4,0,4,0,2,35,2,39,4,0,4,43
08/25/2020,AHN,GA,ASO,ES,Federal Contract Tower,0,0,14,0,14,0,0,0,0,0,0,0,14,0,14,0,0,0,14
08/26/2020,AHN,GA,ASO,ES,Federal Contract Tower,0,2,16,0,18,0,0,35,0,35,0,2,51,0,53,30,0,30,83
08/27/2020,AHN,GA,ASO,ES,Federal Contract Tower,0,2,41,2,45,0,3,67,0,70,0,5,108,2,115,64,0,64,179
08/28/2020,AHN,GA,ASO,ES,Federal Contract Tower,0,2,26,3,31,0,10,18,1,29,0,12,44,4,60,20,0,20,80
08/29/2020,AHN,GA,ASO,ES,Federal Contract Tower,0,2,17,0,19,0,0,10,0,10,0,2,27,0,29,10,0,10,39
08/30/2020,AHN,GA,ASO,ES,Federal Contract Tower,0,0,35,2,37,0,0,34,0,34,0,0,69,2,71,16,0,16,87
08/31/2020,AHN,GA,ASO,ES,Federal Contract Tower,0,6,28,0,34,0,0,11,0,11,0,6,39,0,45,18,0,18,63
09/01/2020,AHN,GA,ASO,ES,Federal Contract Tower,0,10,16,4,30,0,51,2,0,53,0,61,18,4,83,70,0,70,153
09/02/2020,AHN,GA,ASO,ES,Federal Contract Tower,0,1,25,2,28,0,1,48,1,50,0,2,73,3,78,86,0,86,164
09/03/2020,AHN,GA,ASO,ES,Federal Contract Tower,0,7,26,0,33,0,1,56,0,57,0,8,82,0,90,92,0,92,182
09/04/2020,AHN,GA,ASO,ES,Federal Contract Tower,0,3,39,0,42,0,0,72,0,72,0,3,111,0,114,104,0,104,218
09/05/2020,AHN,GA,ASO,ES,Federal Contract Tower,0,2,15,0,17,0,1,57,0,58,0,3,72,0,75,78,0,78,153
09/06/2020,AHN,GA,ASO,ES,Federal Contract Tower,0,1,13,0,14,0,0,48,0,48,0,1,61,0,62,46,0,46,108
09/07/2020,AHN,GA,ASO,ES,Federal Contract Tower,0,3,23,0,26,0,0,84,0,84,0,3,107,0,110,34,0,34,144
09/08/2020,AHN,GA,ASO,ES,Federal Contract Tower,0,4,25,0,29,0,8,46,0,54,0,12,71,0,83,98,0,98,181
09/09/2020,AHN,GA,ASO,ES,Federal Contract Tower,0,5,25,4,34,0,0,31,2,33,0,5,56,6,67,80,0,80,147
09/10/2020,AHN,GA,ASO,ES,Federal Contract Tower,0,3,41,2,46,0,2,31,0,33,0,5,72,2,79,62,0,62,141
09/11/2020,AHN,GA,ASO,ES,Federal Contract Tower,0,1,25,2,28,0,3,56,0,59,0,4,81,2,87,114,0,114,201
09/12/2020,AHN,GA,ASO,ES,Federal Contract Tower,0,8,33,0,41,0,0,9,0,9,0,8,42,0,50,22,0,22,72
09/13/2020,AHN,GA,ASO,ES,Federal Contract Tower,0,2,38,0,40,0,0,38,0,38,0,2,76,0,78,60,0,60,138
09/14/2020,AHN,GA,ASO,ES,Federal Contract Tower,0,6,21,0,27,0,0,54,2,56,0,6,75,2,83,114,0,114,197
09/15/2020,AHN,GA,ASO,ES,Federal Contract Tower,0,9,13,0,22,0,5,22,0,27,0,14,35,0,49,18,0,18,67
09/16/2020,AHN,GA,ASO,ES,Federal Contract Tower,0,1,21,0,22,0,1,8,0,9,0,2,29,0,31,8,0,8,39
09/17/2020,AHN,GA,ASO,ES,Federal Contract Tower,0,1,13,0,14,0,0,0,0,0,0,1,13,0,14,0,0,0,14
09/18/2020,AHN,GA,ASO,ES,Federal Contract Tower,0,1,35,3,39,0,4,66,2,72,0,5,101,5,111,140,0,140,251
09/19/2020,AHN,GA,ASO,ES,Federal Contract Tower,0,3,20,2,25,0,2,52,0,54,0,5,72,2,79,112,4,116,195
09/20/2020,AHN,GA,ASO,ES,Federal Contract Tower,0,2,25,2,29,0,0,54,2,56,0,2,79,4,85,60,8,68,153
09/21/2020,AHN,GA,ASO,ES,Federal Contract Tower,0,8,20,2,30,0,4,51,0,55,0,12,71,2,85,52,0,52,137
09/22/2020,AHN,GA,ASO,ES,Federal Contract Tower,0,12,14,1,27,0,6,68,1,75,0,18,82,2,102,104,0,104,206
09/23/2020,AHN,GA,ASO,ES,Federal Contract Tower,0,2,33,2,37,0,4,72,0,76,0,6,105,2,113,110,0,110,223
09/24/2020,AHN,GA,ASO,ES,Federal Contract Tower,0,5,33,3,41,0,0,22,1,23,0,5,55,4,64,68,0,68,132
09/25/2020,AHN,GA,ASO,ES,Federal Contract Tower,4,11,39,0,54,0,0,0,0,0,4,11,39,0,54,0,0,0,54
09/26/2020,AHN,GA,ASO,ES,Federal Contract Tower,0,3,41,0,44,0,0,23,0,23,0,3,64,0,67,92,0,92,159
09/27/2020,AHN,GA,ASO,ES,Federal Contract Tower,0,2,35,0,37,0,0,12,0,12,0,2,47,0,49,42,0,42,91
09/28/2020,AHN,GA,ASO,ES,Federal Contract Tower,0,8,25,0,33,0,4,28,0,32,0,12,53,0,65,62,0,62,127
09/29/2020,AHN,GA,ASO,ES,Federal Contract Tower,0,5,14,0,19,0,0,0,0,0,0,5,14,0,19,0,0,0,19
09/30/2020,AHN,GA,ASO,ES,Federal Contract Tower,0,10,26,0,36,0,4,70,0,74,0,14,96,0,110,150,0,150,260
10/01/2020,AHN,GA,ASO,ES,Federal Contract Tower,0,4,36,1,41,0,0,76,1,77,0,4,112,2,118,54,0,54,172
10/02/2020,AHN,GA,ASO,ES,Federal Contract Tower,0,3,37,0,40,0,0,82,0,82,0,3,119,0,122,144,0,144,266
10/03/2020,AHN,GA,ASO,ES,Federal Contract Tower,0,6,43,0,49,0,0,88,0,88,0,6,131,0,137,82,0,82,219
10/04/2020,AHN,GA,ASO,ES,Federal Contract Tower,0,6,60,6,72,0,2,78,0,80,0,8,138,6,152,86,0,86,238
10/05/2020,AHN,GA,ASO,ES,Federal Contract Tower,0,7,15,0,22,0,3,81,0,84,0,10,96,0,106,98,0,98,204
10/06/2020,AHN,GA,ASO,ES,Federal Contract Tower,0,10,13,0,23,0,1,67,2,70,0,11,80,2,93,72,0,72,165
10/07/2020,AHN,GA,ASO,ES,Federal Contract Tower,0,3,38,2,43,0,1,68,0,69,0,4,106,2,112,90,0,90,202
10/08/2020,AHN,GA,ASO,ES,Federal Contract Tower,0,5,36,0,41,0,0,51,4,55,0,5,87,4,96,76,0,76,172
10/09/2020,AHN,GA,ASO,ES,Federal Contract Tower,0,6,35,0,41,0,2,57,0,59,0,8,92,0,100,110,0,110,210
10/10/2020,AHN,GA,ASO,ES,Federal Contract Tower,2,6,41,0,49,0,0,2,0,2,2,6,43,0,51,0,0,0,51
10/11/2020,AHN,GA,ASO,ES,Federal Contract Tower,0,1,15,0,16,0,0,0,0,0,0,1,15,0,16,0,0,0,16
10/12/2020,AHN,GA,ASO,ES,Federal Contract Tower,0,15,31,0,46,0,6,21,0,27,0,21,52,0,73,34,0,34,107
10/13/2020,AHN,GA,ASO,ES,Federal Contract Tower,0,4,26,0,30,0,1,59,0,60,0,5,85,0,90,72,0,72,162
10/14/2020,AHN,GA,ASO,ES,Federal Contract Tower,0,5,21,0,26,0,2,45,0,47,0,7,66,0,73,68,0,68,141
10/15/2020,AHN,GA,ASO,ES,Federal Contract Tower,0,6,30,2,38,0,0,16,1,17,0,6,46,3,55,16,0,16,71
10/16/2020,AHN,GA,ASO,ES,Federal Contract Tower,4,2,30,0,36,0,1,56,0,57,4,3,86,0,93,70,0,70,163
10/17/2020,AHN,GA,ASO,ES,Federal Contract Tower,0,5,8,0,13,0,0,38,0,38,0,5,46,0,51,58,0,58,109
10/18/2020,AHN,GA,ASO,ES,Federal Contract Tower,0,1,15,0,16,0,0,68,0,68,0,1,83,0,84,42,0,42,126
10/19/2020,AHN,GA,ASO,ES,Federal Contract Tower,0,4,9,0,13,0,1,41,0,42,0,5,50,0,55,36,0,36,91
10/20/2020,AHN,GA,ASO,ES,Federal Contract Tower,0,6,13,0,19,0,6,58,8,72,0,12,71,8,91,54,0,54,145
10/21/2020,AHN,GA,ASO,ES,Federal Contract Tower,0,5,27,4,36,0,0,50,4,54,0,5,77,8,90,64,0,64,154
10/22/2020,AHN,GA,ASO,ES,Federal Contract Tower,0,1,31,0,32,0,0,56,0,56,0,1,87,0,88,108,0,108,196
10/23/2020,AHN,GA,ASO,ES,Federal Contract Tower,0,4,34,0,38,0,0,51,0,51,0,4,85,0,89,88,0,88,177
10/24/2020,AHN,GA,ASO,ES,Federal Contract Tower,0,0,26,4,30,0,7,29,0,36,0,7,55,4,66,32,0,32,98
10/25/2020,AHN,GA,ASO,ES,Federal Contract Tower,0,5,25,0,30,0,2,7,0,9,0,7,32,0,39,16,0,16,55
10/26/2020,AHN,GA,ASO,ES,Federal Contract Tower,0,2,28,0,30,0,0,4,0,4,0,2,32,0,34,24,0,24,58
10/27/2020,AHN,GA,ASO,ES,Federal Contract Tower,0,44,13,0,57,0,0,6,0,6,0,44,19,0,63,16,0,16,79
10/28/2020,AHN,GA,ASO,ES,Federal Contract Tower,0,3,15,0,18,0,0,0,0,0,0,3,15,0,18,12,0,12,30
10/29/2020,AHN,GA,ASO,ES,Federal Contract Tower,0,2,13,0,15,0,0,6,5,11,0,2,19,5,26,2,6,8,34
10/30/2020,AHN,GA,ASO,ES,Federal Contract Tower,4,0,42,0,46,0,2,49,5,56,4,2,91,5,102,28,0,28,130
10/31/2020,AHN,GA,ASO,ES,Federal Contract Tower,4,0,19,6,29,0,3,38,5,46,4,3,57,11,75,38,28,66,141
11/01/2020,AHN,GA,ASO,ES,Federal Contract Tower,0,0,16,0,16,0,0,4,0,4,0,0,20,0,20,0,0,0,20
11/02/2020,AHN,GA,ASO,ES,Federal Contract Tower,0,0,17,2,19,0,5,77,2,84,0,5,94,4,103,64,0,64,167
11/03/2020,AHN,GA,ASO,ES,Federal Contract Tower,0,0,29,1,30,0,0,52,1,53,0,0,81,2,83,62,2,64,147
11/04/2020,AHN,GA,ASO,ES,Federal Contract Tower,0,2,25,0,27,0,3,52,0,55,0,5,77,0,82,82,0,82,164
11/05/2020,AHN,GA,ASO,ES,Federal Contract Tower,0,6,34,2,42,0,4,58,0,62,0,10,92,2,104,104,0,104,208
11/06/2020,AHN,GA,ASO,ES,Federal Contract Tower,4,2,33,0,39,0,1,68,0,69,4,3,101,0,108,114,0,114,222
11/07/2020,AHN,GA,ASO,ES,Federal Contract Tower,0,1,15,0,16,0,1,20,0,21,0,2,35,0,37,38,0,38,75
11/08/2020,AHN,GA,ASO,ES,Federal Contract Tower,0,3,34,0,37,0,7,6,0,13,0,10,40,0,50,4,0,4,54
11/09/2020,AHN,GA,ASO,ES,Federal Contract Tower,0,3,14,0,17,0,3,24,0,27,0,6,38,0,44,32,0,32,76
11/10/2020,AHN,GA,ASO,ES,Federal Contract Tower,0,1,14,0,15,0,0,0,0,0,0,1,14,0,15,0,0,0,15
11/11/2020,AHN,GA,ASO,ES,Federal Contract Tower,0,0,26,0,26,0,0,2,0,2,0,0,28,0,28,0,0,0,28
11/12/2020,AHN,GA,ASO,ES,Federal Contract Tower,0,2,12,4,18,0,1,30,2,33,0,3,42,6,51,30,4,34,85
11/13/2020,AHN,GA,ASO,ES,Federal Contract Tower,0,0,27,0,27,0,15,40,0,55,0,15,67,0,82,22,0,22,104
11/14/2020,AHN,GA,ASO,ES,Federal Contract Tower,0,0,11,0,11,0,7,51,2,60,0,7,62,2,71,72,0,72,143
11/15/2020,AHN,GA,ASO,ES,Federal Contract Tower,0,0,14,0,14,0,3,10,0,13,0,3,24,0,27,16,0,16,43
11/16/2020,AHN,GA,ASO,ES,Federal Contract Tower,0,3,12,0,15,0,4,44,0,48,0,7,56,0,63,30,0,30,93
11/17/2020,AHN,GA,ASO,ES,Federal Contract Tower,0,4,16,0,20,0,3,43,0,46,0,7,59,0,66,28,4,32,98
11/18/2020,AHN,GA,ASO,ES,Federal Contract Tower,0,5,19,0,24,0,0,55,0,55,0,5,74,0,79,52,0,52,131
11/19/2020,AHN,GA,ASO,ES,Federal Contract Tower,0,1,17,2,20,0,0,55,4,59,0,1,72,6,79,96,0,96,175
11/20/2020,AHN,GA,ASO,ES,Federal Contract Tower,0,3,23,0,26,0,5,73,0,78,0,8,96,0,104,78,0,78,182
11/22/2020,AHN,GA,ASO,ES,Federal Contract Tower,0,4,24,0,28,0,4,49,2,55,0,8,73,2,83,46,0,46,129
11/23/2020,AHN,GA,ASO,ES,Federal Contract Tower,0,10,19,1,30,0,3,55,0,58,0,13,74,1,88,44,0,44,132
11/24/2020,AHN,GA,ASO,ES,Federal Contract Tower,0,4,19,2,25,0,0,49,0,49,0,4,68,2,74,10,0,10,84
11/25/2020,AHN,GA,ASO,ES,Federal Contract Tower,0,2,21,0,23,0,0,17,0,17,0,2,38,0,40,8,0,8,48
11/26/2020,AHN,GA,ASO,ES,Federal Contract Tower,0,0,8,0,8,0,0,2,0,2,0,0,10,0,10,0,0,0,10
11/27/2020,AHN,GA,ASO,ES,Federal Contract Tower,0,0,18,0,18,0,2,32,0,34,0,2,50,0,52,68,0,68,120
11/28/2020,AHN,GA,ASO,ES,Federal Contract Tower,0,2,19,0,21,0,4,50,0,54,0,6,69,0,75,32,0,32,107
11/29/2020,AHN,GA,ASO,ES,Federal Contract Tower,0,5,23,0,28,0,0,0,0,0,0,5,23,0,28,0,0,0,28
11/30/2020,AHN,GA,ASO,ES,Federal Contract Tower,0,6,11,0,17,0,0,2,0,2,0,6,13,0,19,0,0,0,19
12/01/2020,AHN,GA,ASO,ES,Federal Contract Tower,0,7,23,2,32,0,2,33,0,35,0,9,56,2,67,70,0,70,137
12/02/2020,AHN,GA,ASO,ES,Federal Contract Tower,0,0,29,0,29,0,0,61,0,61,0,0,90,0,90,90,0,90,180
12/03/2020,AHN,GA,ASO,ES,Federal Contract Tower,0,0,30,0,30,0,3,53,0,56,0,3,83,0,86,102,0,102,188
12/04/2020,AHN,GA,ASO,ES,Federal Contract Tower,0,2,13,0,15,0,0,4,0,4,0,2,17,0,19,0,0,0,19
12/05/2020,AHN,GA,ASO,ES,Federal Contract Tower,1,0,19,0,20,0,0,21,0,21,1,0,40,0,41,32,0,32,73
12/06/2020,AHN,GA,ASO,ES,Federal Contract Tower,1,2,23,0,26,0,5,43,0,48,1,7,66,0,74,44,0,44,118
12/07/2020,AHN,GA,ASO,ES,Federal Contract Tower,0,0,17,0,17,0,1,19,0,20,0,1,36,0,37,22,0,22,59
12/08/2020,AHN,GA,ASO,ES,Federal Contract Tower,0,4,11,2,17,0,3,57,0,60,0,7,68,2,77,64,2,66,143
12/09/2020,AHN,GA,ASO,ES,Federal Contract Tower,0,2,18,0,20,0,0,32,0,32,0,2,50,0,52,46,0,46,98
12/10/2020,AHN,GA,ASO,ES,Federal Contract Tower,0,4,18,0,22,0,5,77,0,82,0,9,95,0,104,114,0,114,218
12/11/2020,AHN,GA,ASO,ES,Federal Contract Tower,4,6,18,0,28,0,3,46,0,49,4,9,64,0,77,60,0,60,137
12/12/2020,AHN,GA,ASO,ES,Federal Contract Tower,4,1,17,10,32,0,0,35,0,35,4,1,52,10,67,42,0,42,109
12/13/2020,AHN,GA,ASO,ES,Federal Contract Tower,0,0,13,28,41,0,0,36,2,38,0,0,49,30,79,26,0,26,105
12/14/2020,AHN,GA,ASO,ES,Federal Contract Tower,0,5,20,0,25,0,4,13,2,19,0,9,33,2,44,12,4,16,60
12/15/2020,AHN,GA,ASO,ES,Federal Contract Tower,0,4,21,0,25,0,0,25,0,25,0,4,46,0,50,16,0,16,66
12/16/2020,AHN,GA,ASO,ES,Federal Contract Tower,0,0,11,0,11,0,0,0,0,0,0,0,11,0,11,0,0,0,11
12/17/2020,AHN,GA,ASO,ES,Federal Contract Tower,0,1,20,4,25,0,0,33,2,35,0,1,53,6,60,16,0,16,76
12/18/2020,AHN,GA,ASO,ES,Federal Contract Tower,0,3,22,0,25,0,3,80,0,83,0,6,102,0,108,76,0,76,184
12/19/2020,AHN,GA,ASO,ES,Federal Contract Tower,0,0,32,0,32,0,4,46,0,50,0,4,78,0,82,46,0,46,128
12/20/2020,AHN,GA,ASO,ES,Federal Contract Tower,0,4,21,0,25,0,2,9,0,11,0,6,30,0,36,2,0,2,38
12/21/2020,AHN,GA,ASO,ES,Federal Contract Tower,0,2,17,0,19,0,1,39,0,40,0,3,56,0,59,22,0,22,81
12/22/2020,AHN,GA,ASO,ES,Federal Contract Tower,0,0,14,0,14,0,0,50,0,50,0,0,64,0,64,44,0,44,108
12/23/2020,AHN,GA,ASO,ES,Federal Contract Tower,0,1,10,0,11,0,0,63,0,63,0,1,73,0,74,102,0,102,176
12/24/2020,AHN,GA,ASO,ES,Federal Contract Tower,0,0,0,0,0,0,0,0,0,0,0,0,0,0,0,0,0,0,0
12/25/2020,AHN,GA,ASO,ES,Federal Contract Tower,0,0,0,2,2,0,0,6,0,6,0,0,6,2,8,6,0,6,14
12/26/2020,AHN,GA,ASO,ES,Federal Contract Tower,0,0,2,20,22,0,2,36,0,38,0,2,38,20,60,18,0,18,78
12/27/2020,AHN,GA,ASO,ES,Federal Contract Tower,0,2,15,0,17,0,0,21,0,21,0,2,36,0,38,6,0,6,44
12/28/2020,AHN,GA,ASO,ES,Federal Contract Tower,0,0,21,0,21,0,1,44,0,45,0,1,65,0,66,44,0,44,110
12/29/2020,AHN,GA,ASO,ES,Federal Contract Tower,0,1,14,0,15,0,0,38,0,38,0,1,52,0,53,68,0,68,121
12/30/2020,AHN,GA,ASO,ES,Federal Contract Tower,0,1,23,2,26,0,0,0,0,0,0,1,23,2,26,0,0,0,26
12/31/2020,AHN,GA,ASO,ES,Federal Contract Tower,0,2,5,0,7,0,0,0,0,0,0,2,5,0,7,0,0,0,7
01/01/2021,AHN,GA,ASO,ES,Federal Contract Tower,0,0,1,0,1,0,0,0,0,0,0,0,1,0,1,0,0,0,1
01/02/2021,AHN,GA,ASO,ES,Federal Contract Tower,0,2,34,0,36,0,1,2,0,3,0,3,36,0,39,6,0,6,45
01/03/2021,AHN,GA,ASO,ES,Federal Contract Tower,0,2,14,0,16,0,4,47,0,51,0,6,61,0,67,50,0,50,117
01/04/2021,AHN,GA,ASO,ES,Federal Contract Tower,0,1,22,2,25,0,3,70,0,73,0,4,92,2,98,68,0,68,166
01/05/2021,AHN,GA,ASO,ES,Federal Contract Tower,0,4,25,2,31,0,0,46,0,46,0,4,71,2,77,28,0,28,105
01/06/2021,AHN,GA,ASO,ES,Federal Contract Tower,0,0,17,0,17,0,3,61,0,64,0,3,78,0,81,64,0,64,145
01/07/2021,AHN,GA,ASO,ES,Federal Contract Tower,0,2,6,0,8,0,2,12,0,14,0,4,18,0,22,24,0,24,46
01/08/2021,AHN,GA,ASO,ES,Federal Contract Tower,0,2,8,0,10,0,0,0,0,0,0,2,8,0,10,0,0,0,10
01/09/2021,AHN,GA,ASO,ES,Federal Contract Tower,2,4,32,0,38,0,0,45,0,45,2,4,77,0,83,42,0,42,125
01/10/2021,AHN,GA,ASO,ES,Federal Contract Tower,2,3,33,2,40,0,0,69,0,69,2,3,102,2,109,14,0,14,123
01/11/2021,AHN,GA,ASO,ES,Federal Contract Tower,0,5,13,0,18,0,2,8,0,10,0,7,21,0,28,24,0,24,52
01/12/2021,AHN,GA,ASO,ES,Federal Contract Tower,0,0,35,2,37,0,0,3,0,3,0,0,38,2,40,38,0,38,78
01/13/2021,AHN,GA,ASO,ES,Federal Contract Tower,0,2,29,0,31,0,0,40,0,40,0,2,69,0,71,38,0,38,109
01/14/2021,AHN,GA,ASO,ES,Federal Contract Tower,0,0,26,2,28,0,0,62,0,62,0,0,88,2,90,56,0,56,146
01/15/2021,AHN,GA,ASO,ES,Federal Contract Tower,0,0,19,0,19,0,2,26,0,28,0,2,45,0,47,68,0,68,115
01/16/2021,AHN,GA,ASO,ES,Federal Contract Tower,0,0,12,0,12,0,1,31,0,32,0,1,43,0,44,30,0,30,74
01/17/2021,AHN,GA,ASO,ES,Federal Contract Tower,0,0,16,0,16,0,3,46,0,49,0,3,62,0,65,40,0,40,105
01/18/2021,AHN,GA,ASO,ES,Federal Contract Tower,0,4,17,0,21,0,6,41,0,47,0,10,58,0,68,22,0,22,90
01/19/2021,AHN,GA,ASO,ES,Federal Contract Tower,0,2,18,0,20,0,0,42,0,42,0,2,60,0,62,84,0,84,146
01/20/2021,AHN,GA,ASO,ES,Federal Contract Tower,0,4,27,0,31,0,2,58,0,60,0,6,85,0,91,50,0,50,141
01/21/2021,AHN,GA,ASO,ES,Federal Contract Tower,0,0,17,0,17,0,0,4,0,4,0,0,21,0,21,0,0,0,21
01/22/2021,AHN,GA,ASO,ES,Federal Contract Tower,0,2,26,0,28,0,3,33,0,36,0,5,59,0,64,86,0,86,150
01/23/2021,AHN,GA,ASO,ES,Federal Contract Tower,0,0,20,0,20,0,1,75,0,76,0,1,95,0,96,144,0,144,240
01/24/2021,AHN,GA,ASO,ES,Federal Contract Tower,0,1,19,3,23,0,0,45,2,47,0,1,64,5,70,72,0,72,142
01/25/2021,AHN,GA,ASO,ES,Federal Contract Tower,0,2,14,0,16,0,0,2,0,2,0,2,16,0,18,4,0,4,22
01/26/2021,AHN,GA,ASO,ES,Federal Contract Tower,0,0,24,1,25,0,0,23,1,24,0,0,47,2,49,44,4,48,97
01/27/2021,AHN,GA,ASO,ES,Federal Contract Tower,0,1,18,1,20,0,0,7,0,7,0,1,25,1,27,14,0,14,41
01/28/2021,AHN,GA,ASO,ES,Federal Contract Tower,0,3,18,0,21,0,1,43,2,46,0,4,61,2,67,40,0,40,107
01/29/2021,AHN,GA,ASO,ES,Federal Contract Tower,0,1,50,0,51,0,5,95,0,100,0,6,145,0,151,80,0,80,231
01/30/2021,AHN,GA,ASO,ES,Federal Contract Tower,0,5,33,0,38,0,1,50,0,51,0,6,83,0,89,60,0,60,149
01/31/2021,AHN,GA,ASO,ES,Federal Contract Tower,0,4,14,0,18,0,0,0,0,0,0,4,14,0,18,0,0,0,18
02/01/2021,AHN,GA,ASO,ES,Federal Contract Tower,0,2,23,2,27,0,0,17,2,19,0,2,40,4,46,0,0,0,46
02/02/2021,AHN,GA,ASO,ES,Federal Contract Tower,0,3,19,1,23,0,3,16,1,20,0,6,35,2,43,4,0,4,47
02/03/2021,AHN,GA,ASO,ES,Federal Contract Tower,0,2,21,0,23,0,1,59,2,62,0,3,80,2,85,122,0,122,207
02/04/2021,AHN,GA,ASO,ES,Federal Contract Tower,0,1,7,0,8,0,4,48,0,52,0,5,55,0,60,122,0,122,182
02/05/2021,AHN,GA,ASO,ES,Federal Contract Tower,0,6,21,0,27,0,0,27,0,27,0,6,48,0,54,46,0,46,100
02/06/2021,AHN,GA,ASO,ES,Federal Contract Tower,0,0,6,0,6,0,0,23,0,23,0,0,29,0,29,26,0,26,55
02/07/2021,AHN,GA,ASO,ES,Federal Contract Tower,0,3,21,0,24,0,0,26,0,26,0,3,47,0,50,8,0,8,58
02/08/2021,AHN,GA,ASO,ES,Federal Contract Tower,0,8,22,0,30,0,3,45,0,48,0,11,67,0,78,60,0,60,138
02/09/2021,AHN,GA,ASO,ES,Federal Contract Tower,0,6,22,2,30,0,0,36,0,36,0,6,58,2,66,66,0,66,132
02/10/2021,AHN,GA,ASO,ES,Federal Contract Tower,0,2,19,0,21,0,2,44,0,46,0,4,63,0,67,42,0,42,109
02/11/2021,AHN,GA,ASO,ES,Federal Contract Tower,0,0,8,0,8,0,0,0,0,0,0,0,8,0,8,0,0,0,8
02/12/2021,AHN,GA,ASO,ES,Federal Contract Tower,0,2,29,0,31,0,0,0,0,0,0,2,29,0,31,0,0,0,31
02/13/2021,AHN,GA,ASO,ES,Federal Contract Tower,0,2,14,0,16,0,0,0,0,0,0,2,14,0,16,0,0,0,16
02/14/2021,AHN,GA,ASO,ES,Federal Contract Tower,0,4,11,0,15,0,0,0,0,0,0,4,11,0,15,0,0,0,15
02/15/2021,AHN,GA,ASO,ES,Federal Contract Tower,0,4,0,0,4,0,0,0,0,0,0,4,0,0,4,0,0,0,4
02/16/2021,AHN,GA,ASO,ES,Federal Contract Tower,0,5,5,2,12,0,4,27,0,31,0,9,32,2,43,18,0,18,61
02/17/2021,AHN,GA,ASO,ES,Federal Contract Tower,0,2,26,0,28,0,2,96,0,98,0,4,122,0,126,66,0,66,192
02/18/2021,AHN,GA,ASO,ES,Federal Contract Tower,0,1,6,2,9,0,0,0,0,0,0,1,6,2,9,0,0,0,9
02/19/2021,AHN,GA,ASO,ES,Federal Contract Tower,0,3,66,5,74,0,0,20,0,20,0,3,86,5,94,26,0,26,120
02/20/2021,AHN,GA,ASO,ES,Federal Contract Tower,0,2,41,0,43,0,0,84,0,84,0,2,125,0,127,74,0,74,201
02/21/2021,AHN,GA,ASO,ES,Federal Contract Tower,0,2,26,2,30,0,0,52,0,52,0,2,78,2,82,26,0,26,108
02/22/2021,AHN,GA,ASO,ES,Federal Contract Tower,2,6,19,0,27,0,0,8,0,8,2,6,27,0,35,16,0,16,51
02/23/2021,AHN,GA,ASO,ES,Federal Contract Tower,0,2,11,0,13,0,6,42,2,50,0,8,53,2,63,20,0,20,83
02/24/2021,AHN,GA,ASO,ES,Federal Contract Tower,0,5,31,0,36,0,8,87,2,97,0,13,118,2,133,116,0,116,249
02/25/2021,AHN,GA,ASO,ES,Federal Contract Tower,0,0,20,0,20,0,3,83,0,86,0,3,103,0,106,92,0,92,198
02/26/2021,AHN,GA,ASO,ES,Federal Contract Tower,0,4,23,0,27,0,0,0,0,0,0,4,23,0,27,0,0,0,27
02/27/2021,AHN,GA,ASO,ES,Federal Contract Tower,0,1,28,6,35,0,0,12,2,14,0,1,40,8,49,6,0,6,55
02/28/2021,AHN,GA,ASO,ES,Federal Contract Tower,0,2,32,15,49,0,1,24,0,25,0,3,56,15,74,4,0,4,78
03/01/2021,AHN,GA,ASO,ES,Federal Contract Tower,0,2,23,0,25,0,2,22,6,30,0,4,45,6,55,32,0,32,87
03/02/2021,AHN,GA,ASO,ES,Federal Contract Tower,0,0,14,0,14,0,0,25,0,25,0,0,39,0,39,36,0,36,75
03/03/2021,AHN,GA,ASO,ES,Federal Contract Tower,0,3,29,0,32,0,3,67,0,70,0,6,96,0,102,58,0,58,160
03/04/2021,AHN,GA,ASO,ES,Federal Contract Tower,0,4,15,0,19,0,1,71,4,76,0,5,86,4,95,88,0,88,183
03/05/2021,AHN,GA,ASO,ES,Federal Contract Tower,2,5,23,0,30,0,0,65,2,67,2,5,88,2,97,130,0,130,227
03/06/2021,AHN,GA,ASO,ES,Federal Contract Tower,2,7,19,0,28,0,1,34,0,35,2,8,53,0,63,46,0,46,109
03/07/2021,AHN,GA,ASO,ES,Federal Contract Tower,0,4,19,6,29,0,3,48,0,51,0,7,67,6,80,34,0,34,114
03/08/2021,AHN,GA,ASO,ES,Federal Contract Tower,0,3,28,0,31,0,0,55,0,55,0,3,83,0,86,68,0,68,154
03/09/2021,AHN,GA,ASO,ES,Federal Contract Tower,0,4,24,0,28,0,4,47,0,51,0,8,71,0,79,124,0,124,203
03/10/2021,AHN,GA,ASO,ES,Federal Contract Tower,0,4,7,0,11,0,7,65,0,72,0,11,72,0,83,28,0,28,111
03/11/2021,AHN,GA,ASO,ES,Federal Contract Tower,0,6,21,0,27,0,5,47,0,52,0,11,68,0,79,68,0,68,147
03/12/2021,AHN,GA,ASO,ES,Federal Contract Tower,0,4,33,12,49,0,0,52,0,52,0,4,85,12,101,60,0,60,161
03/13/2021,AHN,GA,ASO,ES,Federal Contract Tower,0,4,19,10,33,0,2,59,0,61,0,6,78,10,94,90,14,104,198
03/14/2021,AHN,GA,ASO,ES,Federal Contract Tower,0,4,25,6,35,0,2,43,0,45,0,6,68,6,80,72,0,72,152
03/15/2021,AHN,GA,ASO,ES,Federal Contract Tower,0,0,13,0,13,0,0,20,0,20,0,0,33,0,33,36,0,36,69
03/16/2021,AHN,GA,ASO,ES,Federal Contract Tower,0,5,6,0,11,0,0,0,0,0,0,5,6,0,11,0,0,0,11
03/17/2021,AHN,GA,ASO,ES,Federal Contract Tower,0,2,11,0,13,0,0,0,0,0,0,2,11,0,13,0,0,0,13
03/18/2021,AHN,GA,ASO,ES,Federal Contract Tower,0,2,11,2,15,0,2,3,2,7,0,4,14,4,22,0,0,0,22
03/19/2021,AHN,GA,ASO,ES,Federal Contract Tower,0,9,38,0,47,0,0,39,0,39,0,9,77,0,86,56,0,56,142
03/20/2021,AHN,GA,ASO,ES,Federal Contract Tower,0,2,32,0,34,0,1,35,2,38,0,3,67,2,72,28,0,28,100
03/21/2021,AHN,GA,ASO,ES,Federal Contract Tower,0,13,22,0,35,0,2,12,0,14,0,15,34,0,49,8,0,8,57
03/22/2021,AHN,GA,ASO,ES,Federal Contract Tower,0,2,18,0,20,0,0,43,0,43,0,2,61,0,63,50,0,50,113
03/23/2021,AHN,GA,ASO,ES,Federal Contract Tower,0,4,19,0,23,0,0,44,0,44,0,4,63,0,67,70,0,70,137
03/24/2021,AHN,GA,ASO,ES,Federal Contract Tower,0,0,32,0,32,0,0,23,0,23,0,0,55,0,55,28,0,28,83
03/25/2021,AHN,GA,ASO,ES,Federal Contract Tower,0,5,3,0,8,0,0,16,0,16,0,5,19,0,24,8,0,8,32
03/26/2021,AHN,GA,ASO,ES,Federal Contract Tower,0,4,28,0,32,0,4,27,0,31,0,8,55,0,63,12,0,12,75
03/27/2021,AHN,GA,ASO,ES,Federal Contract Tower,0,10,27,0,37,0,0,5,0,5,0,10,32,0,42,20,0,20,62
03/28/2021,AHN,GA,ASO,ES,Federal Contract Tower,0,2,4,0,6,0,0,1,0,1,0,2,5,0,7,0,0,0,7
03/29/2021,AHN,GA,ASO,ES,Federal Contract Tower,0,3,41,0,44,0,4,57,0,61,0,7,98,0,105,88,0,88,193
03/30/2021,AHN,GA,ASO,ES,Federal Contract Tower,0,7,26,0,33,0,0,0,0,0,0,7,26,0,33,54,0,54,87
03/31/2021,AHN,GA,ASO,ES,Federal Contract Tower,0,0,12,0,12,0,0,0,0,0,0,0,12,0,12,0,0,0,12
04/01/2021,AHN,GA,ASO,ES,Federal Contract Tower,2,7,22,0,31,0,0,26,1,27,2,7,48,1,58,36,0,36,94
04/02/2021,AHN,GA,ASO,ES,Federal Contract Tower,0,5,39,0,44,0,0,71,0,71,0,5,110,0,115,124,0,124,239
04/03/2021,AHN,GA,ASO,ES,Federal Contract Tower,0,1,10,0,11,0,0,66,0,66,0,1,76,0,77,84,0,84,161
04/04/2021,AHN,GA,ASO,ES,Federal Contract Tower,0,4,15,0,19,0,1,27,0,28,0,5,42,0,47,48,0,48,95
04/05/2021,AHN,GA,ASO,ES,Federal Contract Tower,0,3,32,0,35,0,1,34,0,35,0,4,66,0,70,70,0,70,140
04/06/2021,AHN,GA,ASO,ES,Federal Contract Tower,0,3,23,0,26,0,0,67,4,71,0,3,90,4,97,80,0,80,177
04/07/2021,AHN,GA,ASO,ES,Federal Contract Tower,0,9,25,2,36,0,0,63,0,63,0,9,88,2,99,132,2,134,233
04/08/2021,AHN,GA,ASO,ES,Federal Contract Tower,0,9,21,0,30,0,0,20,0,20,0,9,41,0,50,70,0,70,120
04/09/2021,AHN,GA,ASO,ES,Federal Contract Tower,0,3,18,0,21,0,0,10,0,10,0,3,28,0,31,18,0,18,49
04/10/2021,AHN,GA,ASO,ES,Federal Contract Tower,0,2,12,0,14,0,0,2,0,2,0,2,14,0,16,0,0,0,16
04/11/2021,AHN,GA,ASO,ES,Federal Contract Tower,0,4,40,5,49,0,3,26,1,30,0,7,66,6,79,42,0,42,121
04/12/2021,AHN,GA,ASO,ES,Federal Contract Tower,0,4,22,0,26,0,5,43,0,48,0,9,65,0,74,58,0,58,132
04/13/2021,AHN,GA,ASO,ES,Federal Contract Tower,0,3,24,0,27,0,4,63,0,67,0,7,87,0,94,94,0,94,188
04/14/2021,AHN,GA,ASO,ES,Federal Contract Tower,0,4,19,0,23,0,6,64,0,70,0,10,83,0,93,50,0,50,143
04/15/2021,AHN,GA,ASO,ES,Federal Contract Tower,0,0,38,0,38,0,6,30,0,36,0,6,68,0,74,8,0,8,82
04/16/2021,AHN,GA,ASO,ES,Federal Contract Tower,2,7,28,12,49,0,0,71,1,72,2,7,99,13,121,74,0,74,195
04/17/2021,AHN,GA,ASO,ES,Federal Contract Tower,0,2,31,0,33,0,0,36,0,36,0,2,67,0,69,58,0,58,127
04/18/2021,AHN,GA,ASO,ES,Federal Contract Tower,2,7,32,6,47,0,2,60,0,62,2,9,92,6,109,58,0,58,167
04/19/2021,AHN,GA,ASO,ES,Federal Contract Tower,0,6,20,0,26,0,4,65,0,69,0,10,85,0,95,64,0,64,159
04/20/2021,AHN,GA,ASO,ES,Federal Contract Tower,0,3,19,0,22,0,9,52,0,61,0,12,71,0,83,32,0,32,115
04/21/2021,AHN,GA,ASO,ES,Federal Contract Tower,0,6,21,1,28,0,3,27,8,38,0,9,48,9,66,4,0,4,70
04/22/2021,AHN,GA,ASO,ES,Federal Contract Tower,0,0,35,0,35,0,4,61,0,65,0,4,96,0,100,44,0,44,144
04/23/2021,AHN,GA,ASO,ES,Federal Contract Tower,0,5,30,3,38,0,2,76,2,80,0,7,106,5,118,130,0,130,248
04/24/2021,AHN,GA,ASO,ES,Federal Contract Tower,0,2,9,0,11,0,0,2,0,2,0,2,11,0,13,0,0,0,13
04/25/2021,AHN,GA,ASO,ES,Federal Contract Tower,0,3,26,0,29,0,8,55,0,63,0,11,81,0,92,50,0,50,142
04/26/2021,AHN,GA,ASO,ES,Federal Contract Tower,0,2,33,0,35,0,2,66,0,68,0,4,99,0,103,64,0,64,167
04/27/2021,AHN,GA,ASO,ES,Federal Contract Tower,0,2,24,0,26,0,4,59,0,63,0,6,83,0,89,46,0,46,135
04/28/2021,AHN,GA,ASO,ES,Federal Contract Tower,0,4,39,1,44,0,2,65,0,67,0,6,104,1,111,76,0,76,187
04/29/2021,AHN,GA,ASO,ES,Federal Contract Tower,0,2,31,0,33,0,3,54,0,57,0,5,85,0,90,58,0,58,148
04/30/2021,AHN,GA,ASO,ES,Federal Contract Tower,0,1,28,14,43,0,0,37,1,38,0,1,65,15,81,48,0,48,129
05/01/2021,AHN,GA,ASO,ES,Federal Contract Tower,0,0,27,1,28,0,0,95,0,95,0,0,122,1,123,36,0,36,159
05/02/2021,AHN,GA,ASO,ES,Federal Contract Tower,0,0,24,0,24,0,5,40,1,46,0,5,64,1,70,40,0,40,110
05/03/2021,AHN,GA,ASO,ES,Federal Contract Tower,0,0,10,0,10,0,0,0,0,0,0,0,10,0,10,0,0,0,10
05/04/2021,AHN,GA,ASO,ES,Federal Contract Tower,0,4,12,0,16,0,0,4,1,5,0,4,16,1,21,8,0,8,29
05/05/2021,AHN,GA,ASO,ES,Federal Contract Tower,0,3,35,2,40,0,0,7,1,8,0,3,42,3,48,10,0,10,58
05/06/2021,AHN,GA,ASO,ES,Federal Contract Tower,0,1,35,0,36,0,12,77,0,89,0,13,112,0,125,62,0,62,187
05/07/2021,AHN,GA,ASO,ES,Federal Contract Tower,0,4,31,2,37,0,0,39,0,39,0,4,70,2,76,4,0,4,80
05/08/2021,AHN,GA,ASO,ES,Federal Contract Tower,0,4,18,0,22,0,0,61,0,61,0,4,79,0,83,88,0,88,171
05/09/2021,AHN,GA,ASO,ES,Federal Contract Tower,0,4,20,0,24,0,0,36,0,36,0,4,56,0,60,12,0,12,72
05/10/2021,AHN,GA,ASO,ES,Federal Contract Tower,0,2,34,0,36,0,0,13,0,13,0,2,47,0,49,18,0,18,67
05/11/2021,AHN,GA,ASO,ES,Federal Contract Tower,0,7,32,0,39,0,1,45,0,46,0,8,77,0,85,84,0,84,169
05/12/2021,AHN,GA,ASO,ES,Federal Contract Tower,0,4,28,0,32,0,0,0,0,0,0,4,28,0,32,0,0,0,32
05/13/2021,AHN,GA,ASO,ES,Federal Contract Tower,0,14,27,0,41,0,2,88,0,90,0,16,115,0,131,46,0,46,177
05/14/2021,AHN,GA,ASO,ES,Federal Contract Tower,0,6,27,1,34,0,2,71,1,74,0,8,98,2,108,58,0,58,166
05/15/2021,AHN,GA,ASO,ES,Federal Contract Tower,0,8,20,0,28,0,6,65,0,71,0,14,85,0,99,68,0,68,167
05/16/2021,AHN,GA,ASO,ES,Federal Contract Tower,0,6,17,3,26,0,0,49,1,50,0,6,66,4,76,54,0,54,130
05/17/2021,AHN,GA,ASO,ES,Federal Contract Tower,0,3,18,0,21,0,2,59,2,63,0,5,77,2,84,26,0,26,110
05/18/2021,AHN,GA,ASO,ES,Federal Contract Tower,0,4,16,0,20,0,2,57,0,59,0,6,73,0,79,82,0,82,161
05/19/2021,AHN,GA,ASO,ES,Federal Contract Tower,0,5,7,0,12,0,3,49,2,54,0,8,56,2,66,52,0,52,118
05/20/2021,AHN,GA,ASO,ES,Federal Contract Tower,0,1,18,5,24,0,3,69,0,72,0,4,87,5,96,126,0,126,222
05/21/2021,AHN,GA,ASO,ES,Federal Contract Tower,0,2,12,0,14,0,4,76,0,80,0,6,88,0,94,104,0,104,198
05/22/2021,AHN,GA,ASO,ES,Federal Contract Tower,0,1,25,1,27,0,8,54,0,62,0,9,79,1,89,76,10,86,175
05/23/2021,AHN,GA,ASO,ES,Federal Contract Tower,0,2,10,0,12,0,0,41,0,41,0,2,51,0,53,120,0,120,173
05/24/2021,AHN,GA,ASO,ES,Federal Contract Tower,0,0,11,0,11,0,2,39,0,41,0,2,50,0,52,98,0,98,150
05/25/2021,AHN,GA,ASO,ES,Federal Contract Tower,0,0,35,0,35,0,0,46,0,46,0,0,81,0,81,158,0,158,239
05/26/2021,AHN,GA,ASO,ES,Federal Contract Tower,0,4,25,0,29,0,2,62,0,64,0,6,87,0,93,134,0,134,227
05/27/2021,AHN,GA,ASO,ES,Federal Contract Tower,0,1,42,0,43,0,5,73,13,91,0,6,115,13,134,94,0,94,228
05/28/2021,AHN,GA,ASO,ES,Federal Contract Tower,0,3,23,1,27,0,0,57,0,57,0,3,80,1,84,72,0,72,156
05/29/2021,AHN,GA,ASO,ES,Federal Contract Tower,0,0,20,0,20,0,2,26,0,28,0,2,46,0,48,32,0,32,80
05/30/2021,AHN,GA,ASO,ES,Federal Contract Tower,0,2,12,0,14,0,6,31,0,37,0,8,43,0,51,94,0,94,145
05/31/2021,AHN,GA,ASO,ES,Federal Contract Tower,0,4,29,1,34,0,0,53,9,62,0,4,82,10,96,126,0,126,222
06/01/2021,AHN,GA,ASO,ES,Federal Contract Tower,0,9,31,0,40,0,4,67,0,71,0,13,98,0,111,122,0,122,233
06/02/2021,AHN,GA,ASO,ES,Federal Contract Tower,0,8,45,1,54,0,1,40,0,41,0,9,85,1,95,92,0,92,187
06/03/2021,AHN,GA,ASO,ES,Federal Contract Tower,0,0,24,0,24,0,1,18,0,19,0,1,42,0,43,38,0,38,81
06/04/2021,AHN,GA,ASO,ES,Federal Contract Tower,0,0,33,18,51,0,0,73,2,75,0,0,106,20,126,104,0,104,230
06/05/2021,AHN,GA,ASO,ES,Federal Contract Tower,0,0,18,0,18,0,0,49,0,49,0,0,67,0,67,84,0,84,151
06/06/2021,AHN,GA,ASO,ES,Federal Contract Tower,0,3,33,0,36,0,1,9,6,16,0,4,42,6,52,28,0,28,80
06/07/2021,AHN,GA,ASO,ES,Federal Contract Tower,0,5,26,0,31,0,0,4,8,12,0,5,30,8,43,0,0,0,43
06/08/2021,AHN,GA,ASO,ES,Federal Contract Tower,0,1,15,0,16,0,0,9,0,9,0,1,24,0,25,44,8,52,77
06/09/2021,AHN,GA,ASO,ES,Federal Contract Tower,0,4,32,0,36,0,0,12,0,12,0,4,44,0,48,8,0,8,56
06/10/2021,AHN,GA,ASO,ES,Federal Contract Tower,0,3,31,0,34,0,0,36,0,36,0,3,67,0,70,82,0,82,152
06/11/2021,AHN,GA,ASO,ES,Federal Contract Tower,0,5,38,0,43,0,1,18,0,19,0,6,56,0,62,62,0,62,124
06/12/2021,AHN,GA,ASO,ES,Federal Contract Tower,0,2,15,0,17,0,2,22,0,24,0,4,37,0,41,32,0,32,73
06/13/2021,AHN,GA,ASO,ES,Federal Contract Tower,0,4,34,5,43,0,0,22,1,23,0,4,56,6,66,32,0,32,98
06/14/2021,AHN,GA,ASO,ES,Federal Contract Tower,0,2,17,0,19,0,2,74,0,76,0,4,91,0,95,76,0,76,171
06/15/2021,AHN,GA,ASO,ES,Federal Contract Tower,0,2,21,0,23,0,3,63,2,68,0,5,84,2,91,46,0,46,137
06/16/2021,AHN,GA,ASO,ES,Federal Contract Tower,0,2,33,0,35,0,0,50,0,50,0,2,83,0,85,84,0,84,169
06/17/2021,AHN,GA,ASO,ES,Federal Contract Tower,0,2,22,2,26,0,3,68,0,71,0,5,90,2,97,138,0,138,235
06/18/2021,AHN,GA,ASO,ES,Federal Contract Tower,0,4,14,0,18,0,5,45,0,50,0,9,59,0,68,116,0,116,184
06/19/2021,AHN,GA,ASO,ES,Federal Contract Tower,0,0,11,0,11,0,2,12,0,14,0,2,23,0,25,10,0,10,35
06/20/2021,AHN,GA,ASO,ES,Federal Contract Tower,0,5,11,0,16,0,0,0,1,1,0,5,11,1,17,0,0,0,17
06/21/2021,AHN,GA,ASO,ES,Federal Contract Tower,0,7,18,4,29,0,0,8,0,8,0,7,26,4,37,20,0,20,57
06/22/2021,AHN,GA,ASO,ES,Federal Contract Tower,0,4,24,0,28,0,0,9,0,9,0,4,33,0,37,4,0,4,41
06/23/2021,AHN,GA,ASO,ES,Federal Contract Tower,0,9,21,2,32,0,0,47,0,47,0,9,68,2,79,118,0,118,197
06/24/2021,AHN,GA,ASO,ES,Federal Contract Tower,0,5,37,1,43,0,4,66,1,71,0,9,103,2,114,112,0,112,226
06/25/2021,AHN,GA,ASO,ES,Federal Contract Tower,0,0,32,0,32,0,0,70,0,70,0,0,102,0,102,128,0,128,230
06/26/2021,AHN,GA,ASO,ES,Federal Contract Tower,0,4,13,0,17,0,0,39,0,39,0,4,52,0,56,114,0,114,170
06/27/2021,AHN,GA,ASO,ES,Federal Contract Tower,0,0,17,0,17,0,0,16,0,16,0,0,33,0,33,28,0,28,61
06/28/2021,AHN,GA,ASO,ES,Federal Contract Tower,0,4,31,1,36,0,1,45,1,47,0,5,76,2,83,196,0,196,279
06/29/2021,AHN,GA,ASO,ES,Federal Contract Tower,0,3,20,0,23,0,0,19,0,19,0,3,39,0,42,56,0,56,98
06/30/2021,AHN,GA,ASO,ES,Federal Contract Tower,0,2,22,0,24,0,1,46,0,47,0,3,68,0,71,86,0,86,157
07/01/2021,AHN,GA,ASO,ES,Federal Contract Tower,0,6,15,2,23,0,1,39,0,40,0,7,54,2,63,42,0,42,105
07/02/2021,AHN,GA,ASO,ES,Federal Contract Tower,0,0,21,0,21,0,0,8,0,8,0,0,29,0,29,14,0,14,43
07/03/2021,AHN,GA,ASO,ES,Federal Contract Tower,0,0,13,0,13,0,4,53,0,57,0,4,66,0,70,100,0,100,170
07/04/2021,AHN,GA,ASO,ES,Federal Contract Tower,0,1,11,0,12,0,2,20,0,22,0,3,31,0,34,16,0,16,50
07/05/2021,AHN,GA,ASO,ES,Federal Contract Tower,0,3,20,0,23,0,4,75,0,79,0,7,95,0,102,106,0,106,208
07/06/2021,AHN,GA,ASO,ES,Federal Contract Tower,0,6,7,0,13,0,1,54,0,55,0,7,61,0,68,122,0,122,190
07/07/2021,AHN,GA,ASO,ES,Federal Contract Tower,0,4,25,0,29,0,0,21,0,21,0,4,46,0,50,66,0,66,116
07/08/2021,AHN,GA,ASO,ES,Federal Contract Tower,0,3,18,0,21,0,0,28,2,30,0,3,46,2,51,42,0,42,93
07/09/2021,AHN,GA,ASO,ES,Federal Contract Tower,0,3,26,0,29,0,0,6,0,6,0,3,32,0,35,18,0,18,53
07/10/2021,AHN,GA,ASO,ES,Federal Contract Tower,0,3,28,0,31,0,1,33,2,36,0,4,61,2,67,34,0,34,101
07/11/2021,AHN,GA,ASO,ES,Federal Contract Tower,0,3,31,2,36,0,1,4,2,7,0,4,35,4,43,12,0,12,55
07/12/2021,AHN,GA,ASO,ES,Federal Contract Tower,0,4,43,0,47,0,0,15,0,15,0,4,58,0,62,78,0,78,140
07/13/2021,AHN,GA,ASO,ES,Federal Contract Tower,0,2,27,1,30,0,0,18,2,20,0,2,45,3,50,57,0,57,107
07/14/2021,AHN,GA,ASO,ES,Federal Contract Tower,0,2,30,0,32,0,0,67,0,67,0,2,97,0,99,102,0,102,201
07/15/2021,AHN,GA,ASO,ES,Federal Contract Tower,0,8,17,4,29,0,0,68,0,68,0,8,85,4,97,98,0,98,195
07/16/2021,AHN,GA,ASO,ES,Federal Contract Tower,0,4,15,0,19,0,3,75,0,78,0,7,90,0,97,64,0,64,161
07/17/2021,AHN,GA,ASO,ES,Federal Contract Tower,0,4,31,0,35,0,8,59,2,69,0,12,90,2,104,90,0,90,194
07/18/2021,AHN,GA,ASO,ES,Federal Contract Tower,0,4,18,2,24,0,2,30,0,32,0,6,48,2,56,18,0,18,74
07/19/2021,AHN,GA,ASO,ES,Federal Contract Tower,0,4,23,0,27,0,1,3,0,4,0,5,26,0,31,22,0,22,53
07/20/2021,AHN,GA,ASO,ES,Federal Contract Tower,0,1,11,0,12,0,0,1,0,1,0,1,12,0,13,0,0,0,13
07/21/2021,AHN,GA,ASO,ES,Federal Contract Tower,0,8,31,1,40,0,2,41,0,43,0,10,72,1,83,52,2,54,137
07/22/2021,AHN,GA,ASO,ES,Federal Contract Tower,0,6,40,0,46,0,2,102,0,104,0,8,142,0,150,134,0,134,284
07/23/2021,AHN,GA,ASO,ES,Federal Contract Tower,0,3,33,13,49,0,3,52,2,57,0,6,85,15,106,84,1,85,191
07/24/2021,AHN,GA,ASO,ES,Federal Contract Tower,0,3,20,9,32,0,8,25,0,33,0,11,45,9,65,54,0,54,119
07/25/2021,AHN,GA,ASO,ES,Federal Contract Tower,0,0,12,2,14,0,4,46,1,51,0,4,58,3,65,158,0,158,223
07/26/2021,AHN,GA,ASO,ES,Federal Contract Tower,0,4,26,0,30,0,5,61,0,66,0,9,87,0,96,88,0,88,184
07/27/2021,AHN,GA,ASO,ES,Federal Contract Tower,0,2,11,2,15,0,1,38,1,40,0,3,49,3,55,60,0,60,115
07/28/2021,AHN,GA,ASO,ES,Federal Contract Tower,0,0,15,1,16,0,2,40,1,43,0,2,55,2,59,90,0,90,149
07/29/2021,AHN,GA,ASO,ES,Federal Contract Tower,0,3,33,3,39,0,2,68,3,73,0,5,101,6,112,134,0,134,246
07/30/2021,AHN,GA,ASO,ES,Federal Contract Tower,0,3,17,26,46,0,4,51,2,57,0,7,68,28,103,44,0,44,147
07/31/2021,AHN,GA,ASO,ES,Federal Contract Tower,0,0,20,0,20,0,0,0,0,0,0,0,20,0,20,104,0,104,124
08/01/2021,AHN,GA,ASO,ES,Federal Contract Tower,0,1,18,4,23,0,0,25,0,25,0,1,43,4,48,30,0,30,78
08/02/2021,AHN,GA,ASO,ES,Federal Contract Tower,0,0,16,0,16,0,2,31,0,33,0,2,47,0,49,84,0,84,133
08/03/2021,AHN,GA,ASO,ES,Federal Contract Tower,0,4,18,0,22,0,0,14,2,16,0,4,32,2,38,0,0,0,38
08/04/2021,AHN,GA,ASO,ES,Federal Contract Tower,0,3,25,4,32,0,2,41,2,45,0,5,66,6,77,140,0,140,217
08/05/2021,AHN,GA,ASO,ES,Federal Contract Tower,0,5,21,0,26,0,1,58,0,59,0,6,79,0,85,118,0,118,203
08/06/2021,AHN,GA,ASO,ES,Federal Contract Tower,0,4,23,0,27,0,1,46,0,47,0,5,69,0,74,68,0,68,142
08/07/2021,AHN,GA,ASO,ES,Federal Contract Tower,0,5,15,0,20,0,6,42,0,48,0,11,57,0,68,54,0,54,122
08/08/2021,AHN,GA,ASO,ES,Federal Contract Tower,0,3,30,4,37,0,6,33,0,39,0,9,63,4,76,100,0,100,176
08/09/2021,AHN,GA,ASO,ES,Federal Contract Tower,0,2,27,0,29,0,2,41,0,43,0,4,68,0,72,102,0,102,174
08/10/2021,AHN,GA,ASO,ES,Federal Contract Tower,0,2,32,0,34,0,1,58,0,59,0,3,90,0,93,82,2,84,177
08/11/2021,AHN,GA,ASO,ES,Federal Contract Tower,0,0,24,0,24,0,0,32,0,32,0,0,56,0,56,72,0,72,128
08/12/2021,AHN,GA,ASO,ES,Federal Contract Tower,0,3,36,2,41,0,1,47,0,48,0,4,83,2,89,72,0,72,161
08/13/2021,AHN,GA,ASO,ES,Federal Contract Tower,0,8,48,0,56,0,2,59,0,61,0,10,107,0,117,100,0,100,217
08/14/2021,AHN,GA,ASO,ES,Federal Contract Tower,0,7,32,0,39,0,2,53,0,55,0,9,85,0,94,66,0,66,160
08/15/2021,AHN,GA,ASO,ES,Federal Contract Tower,0,4,21,0,25,0,0,7,0,7,0,4,28,0,32,14,0,14,46
08/16/2021,AHN,GA,ASO,ES,Federal Contract Tower,0,2,38,0,40,0,0,7,0,7,0,2,45,0,47,52,0,52,99
08/17/2021,AHN,GA,ASO,ES,Federal Contract Tower,0,4,12,0,16,0,0,0,0,0,0,4,12,0,16,0,0,0,16
08/18/2021,AHN,GA,ASO,ES,Federal Contract Tower,0,5,27,0,32,0,4,68,1,73,0,9,95,1,105,116,0,116,221
08/19/2021,AHN,GA,ASO,ES,Federal Contract Tower,0,3,17,0,20,0,2,37,2,41,0,5,54,2,61,32,0,32,93
08/20/2021,AHN,GA,ASO,ES,Federal Contract Tower,0,3,31,0,34,0,4,29,0,33,0,7,60,0,67,10,0,10,77
08/21/2021,AHN,GA,ASO,ES,Federal Contract Tower,0,4,36,0,40,0,0,19,0,19,0,4,55,0,59,14,0,14,73
08/22/2021,AHN,GA,ASO,ES,Federal Contract Tower,0,4,27,0,31,0,0,10,0,10,0,4,37,0,41,32,0,32,73
08/23/2021,AHN,GA,ASO,ES,Federal Contract Tower,0,5,23,0,28,0,2,75,0,77,0,7,98,0,105,88,0,88,193
08/24/2021,AHN,GA,ASO,ES,Federal Contract Tower,0,3,17,1,21,0,4,57,0,61,0,7,74,1,82,78,0,78,160
08/25/2021,AHN,GA,ASO,ES,Federal Contract Tower,0,0,27,3,30,0,4,31,0,35,0,4,58,3,65,44,0,44,109
08/26/2021,AHN,GA,ASO,ES,Federal Contract Tower,0,7,39,0,46,0,2,30,0,32,0,9,69,0,78,54,0,54,132
08/27/2021,AHN,GA,ASO,ES,Federal Contract Tower,0,2,25,6,33,0,0,34,0,34,0,2,59,6,67,64,0,64,131
08/28/2021,AHN,GA,ASO,ES,Federal Contract Tower,0,0,28,0,28,0,0,26,0,26,0,0,54,0,54,32,0,32,86
08/29/2021,AHN,GA,ASO,ES,Federal Contract Tower,0,0,20,0,20,0,0,34,0,34,0,0,54,0,54,48,0,48,102
08/30/2021,AHN,GA,ASO,ES,Federal Contract Tower,0,0,18,0,18,0,0,31,0,31,0,0,49,0,49,40,0,40,89
08/31/2021,AHN,GA,ASO,ES,Federal Contract Tower,0,2,5,0,7,0,0,0,0,0,0,2,5,0,7,0,0,0,7
09/01/2021,AHN,GA,ASO,ES,Federal Contract Tower,0,2,26,0,28,0,3,23,0,26,0,5,49,0,54,8,2,10,64
09/02/2021,AHN,GA,ASO,ES,Federal Contract Tower,0,1,42,0,43,0,2,70,0,72,0,3,112,0,115,72,0,72,187
09/03/2021,AHN,GA,ASO,ES,Federal Contract Tower,4,5,27,0,36,0,6,58,0,64,4,11,85,0,100,52,0,52,152
09/04/2021,AHN,GA,ASO,ES,Federal Contract Tower,0,2,17,0,19,0,0,46,0,46,0,2,63,0,65,77,0,77,142
09/05/2021,AHN,GA,ASO,ES,Federal Contract Tower,0,3,21,0,24,0,1,41,0,42,0,4,62,0,66,50,0,50,116
09/06/2021,AHN,GA,ASO,ES,Federal Contract Tower,0,2,34,0,36,0,0,36,0,36,0,2,70,0,72,54,0,54,126
09/07/2021,AHN,GA,ASO,ES,Federal Contract Tower,0,0,25,0,25,0,0,13,0,13,0,0,38,0,38,8,0,8,46
09/08/2021,AHN,GA,ASO,ES,Federal Contract Tower,0,3,23,0,26,0,0,10,0,10,0,3,33,0,36,54,0,54,90
09/09/2021,AHN,GA,ASO,ES,Federal Contract Tower,0,2,39,0,41,0,0,48,4,52,0,2,87,4,93,34,6,40,133
09/10/2021,AHN,GA,ASO,ES,Federal Contract Tower,0,5,36,3,44,0,0,76,0,76,0,5,112,3,120,64,0,64,184
09/11/2021,AHN,GA,ASO,ES,Federal Contract Tower,0,5,59,0,64,0,2,68,0,70,0,7,127,0,134,12,0,12,146
09/12/2021,AHN,GA,ASO,ES,Federal Contract Tower,0,7,28,0,35,0,6,45,3,54,0,13,73,3,89,74,0,74,163
09/13/2021,AHN,GA,ASO,ES,Federal Contract Tower,0,0,26,5,31,0,12,53,0,65,0,12,79,5,96,68,0,68,164
09/14/2021,AHN,GA,ASO,ES,Federal Contract Tower,0,5,26,1,32,0,3,38,0,41,0,8,64,1,73,63,0,63,136
09/15/2021,AHN,GA,ASO,ES,Federal Contract Tower,0,4,35,0,39,0,5,38,0,43,0,9,73,0,82,90,0,90,172
09/16/2021,AHN,GA,ASO,ES,Federal Contract Tower,0,4,32,0,36,0,0,0,0,0,0,4,32,0,36,0,0,0,36
09/17/2021,AHN,GA,ASO,ES,Federal Contract Tower,0,8,59,0,67,0,0,16,0,16,0,8,75,0,83,0,0,0,83
09/18/2021,AHN,GA,ASO,ES,Federal Contract Tower,0,15,66,0,81,0,0,34,0,34,0,15,100,0,115,12,0,12,127
09/19/2021,AHN,GA,ASO,ES,Federal Contract Tower,0,12,50,3,65,0,0,19,7,26,0,12,69,10,91,58,0,58,149
09/20/2021,AHN,GA,ASO,ES,Federal Contract Tower,0,0,9,0,9,0,0,0,0,0,0,0,9,0,9,0,0,0,9
09/21/2021,AHN,GA,ASO,ES,Federal Contract Tower,0,0,24,2,26,0,0,0,0,0,0,0,24,2,26,0,0,0,26
09/22/2021,AHN,GA,ASO,ES,Federal Contract Tower,0,4,25,0,29,0,0,8,0,8,0,4,33,0,37,12,0,12,49
09/23/2021,AHN,GA,ASO,ES,Federal Contract Tower,0,0,36,1,37,0,1,74,3,78,0,1,110,4,115,86,0,86,201
09/24/2021,AHN,GA,ASO,ES,Federal Contract Tower,4,5,33,0,42,0,0,55,0,55,4,5,88,0,97,88,0,88,185
09/25/2021,AHN,GA,ASO,ES,Federal Contract Tower,4,4,19,0,27,0,0,64,0,64,4,4,83,0,91,10,0,10,101
09/26/2021,AHN,GA,ASO,ES,Federal Contract Tower,0,6,31,0,37,0,0,72,0,72,0,6,103,0,109,68,0,68,177
09/27/2021,AHN,GA,ASO,ES,Federal Contract Tower,0,3,19,0,22,0,0,44,0,44,0,3,63,0,66,84,0,84,150
09/28/2021,AHN,GA,ASO,ES,Federal Contract Tower,0,8,26,0,34,0,8,58,0,66,0,16,84,0,100,64,0,64,164
09/29/2021,AHN,GA,ASO,ES,Federal Contract Tower,0,4,16,0,20,0,0,52,4,56,0,4,68,4,76,116,0,116,192
09/30/2021,AHN,GA,ASO,ES,Federal Contract Tower,0,5,26,0,31,0,0,64,0,64,0,5,90,0,95,70,0,70,165
10/01/2021,AHN,GA,ASO,ES,Federal Contract Tower,0,21,67,15,103,0,0,51,0,51,0,21,118,15,154,52,0,52,206
10/02/2021,AHN,GA,ASO,ES,Federal Contract Tower,6,23,114,1,144,0,0,30,0,30,6,23,144,1,174,0,0,0,174
10/03/2021,AHN,GA,ASO,ES,Federal Contract Tower,0,14,62,0,76,0,2,41,2,45,0,16,103,2,121,60,0,60,181
10/04/2021,AHN,GA,ASO,ES,Federal Contract Tower,0,4,26,0,30,0,0,3,0,3,0,4,29,0,33,0,0,0,33
10/05/2021,AHN,GA,ASO,ES,Federal Contract Tower,0,2,7,0,9,0,0,0,0,0,0,2,7,0,9,0,0,0,9
10/06/2021,AHN,GA,ASO,ES,Federal Contract Tower,0,7,10,0,17,0,0,0,0,0,0,7,10,0,17,0,0,0,17
10/07/2021,AHN,GA,ASO,ES,Federal Contract Tower,0,2,14,0,16,0,0,9,0,9,0,2,23,0,25,0,0,0,25
10/08/2021,AHN,GA,ASO,ES,Federal Contract Tower,4,8,34,0,46,0,0,16,0,16,4,8,50,0,62,36,0,36,98
10/09/2021,AHN,GA,ASO,ES,Federal Contract Tower,0,5,16,0,21,0,1,41,0,42,0,6,57,0,63,64,0,64,127
10/10/2021,AHN,GA,ASO,ES,Federal Contract Tower,0,5,20,0,25,0,0,74,0,74,0,5,94,0,99,70,0,70,169
10/11/2021,AHN,GA,ASO,ES,Federal Contract Tower,0,4,27,0,31,0,2,56,0,58,0,6,83,0,89,86,0,86,175
10/12/2021,AHN,GA,ASO,ES,Federal Contract Tower,0,4,26,2,32,0,0,42,0,42,0,4,68,2,74,66,0,66,140
10/13/2021,AHN,GA,ASO,ES,Federal Contract Tower,0,4,27,8,39,0,3,57,0,60,0,7,84,8,99,72,0,72,171
10/14/2021,AHN,GA,ASO,ES,Federal Contract Tower,0,2,43,0,45,0,3,79,0,82,0,5,122,0,127,64,0,64,191
10/15/2021,AHN,GA,ASO,ES,Federal Contract Tower,0,26,51,0,77,0,4,84,0,88,0,30,135,0,165,66,0,66,231
10/16/2021,AHN,GA,ASO,ES,Federal Contract Tower,2,22,84,0,108,0,0,29,0,29,2,22,113,0,137,10,2,12,149
10/17/2021,AHN,GA,ASO,ES,Federal Contract Tower,0,22,45,8,75,0,3,72,0,75,0,25,117,8,150,110,2,112,262
10/18/2021,AHN,GA,ASO,ES,Federal Contract Tower,0,1,13,0,14,0,4,64,0,68,0,5,77,0,82,64,0,64,146
10/19/2021,AHN,GA,ASO,ES,Federal Contract Tower,0,5,13,0,18,0,2,52,0,54,0,7,65,0,72,34,0,34,106
10/20/2021,AHN,GA,ASO,ES,Federal Contract Tower,0,1,24,0,25,0,2,69,0,71,0,3,93,0,96,50,0,50,146
10/21/2021,AHN,GA,ASO,ES,Federal Contract Tower,0,6,12,0,18,0,5,55,0,60,0,11,67,0,78,44,18,62,140
10/22/2021,AHN,GA,ASO,ES,Federal Contract Tower,0,4,22,0,26,0,2,71,0,73,0,6,93,0,99,28,0,28,127
10/23/2021,AHN,GA,ASO,ES,Federal Contract Tower,0,3,32,0,35,0,2,70,0,72,0,5,102,0,107,46,0,46,153
10/24/2021,AHN,GA,ASO,ES,Federal Contract Tower,0,3,28,5,36,0,4,76,0,80,0,7,104,5,116,52,0,52,168
10/25/2021,AHN,GA,ASO,ES,Federal Contract Tower,0,0,20,0,20,0,1,32,0,33,0,1,52,0,53,86,0,86,139
10/26/2021,AHN,GA,ASO,ES,Federal Contract Tower,1,0,27,7,35,0,2,48,0,50,1,2,75,7,85,20,0,20,105
10/27/2021,AHN,GA,ASO,ES,Federal Contract Tower,0,0,33,1,34,0,0,103,1,104,0,0,136,2,138,42,0,42,180
10/28/2021,AHN,GA,ASO,ES,Federal Contract Tower,1,12,22,0,35,0,0,0,0,0,1,12,22,0,35,0,0,0,35
10/29/2021,AHN,GA,ASO,ES,Federal Contract Tower,4,6,25,0,35,0,0,0,0,0,4,6,25,0,35,0,0,0,35
10/30/2021,AHN,GA,ASO,ES,Federal Contract Tower,0,4,13,0,17,0,0,1,0,1,0,4,14,0,18,22,0,22,40
10/31/2021,AHN,GA,ASO,ES,Federal Contract Tower,0,5,30,0,35,0,6,34,0,40,0,11,64,0,75,8,0,8,83
11/01/2021,AHN,GA,ASO,ES,Federal Contract Tower,0,7,19,10,36,0,2,67,0,69,0,9,86,10,105,32,0,32,137
11/02/2021,AHN,GA,ASO,ES,Federal Contract Tower,0,5,23,0,28,0,5,77,0,82,0,10,100,0,110,80,0,80,190
11/03/2021,AHN,GA,ASO,ES,Federal Contract Tower,0,5,22,4,31,0,0,24,0,24,0,5,46,4,55,76,0,76,131
11/04/2021,AHN,GA,ASO,ES,Federal Contract Tower,0,5,15,0,20,0,0,2,0,2,0,5,17,0,22,0,0,0,22
11/05/2021,AHN,GA,ASO,ES,Federal Contract Tower,3,8,37,11,59,0,0,52,1,53,3,8,89,12,112,66,0,66,178
11/06/2021,AHN,GA,ASO,ES,Federal Contract Tower,1,11,39,0,51,0,0,35,0,35,1,11,74,0,86,10,0,10,96
11/07/2021,AHN,GA,ASO,ES,Federal Contract Tower,0,8,29,6,43,0,0,66,0,66,0,8,95,6,109,88,0,88,197
11/08/2021,AHN,GA,ASO,ES,Federal Contract Tower,0,4,16,8,28,0,0,68,0,68,0,4,84,8,96,48,0,48,144
11/09/2021,AHN,GA,ASO,ES,Federal Contract Tower,0,4,14,8,26,0,4,77,0,81,0,8,91,8,107,60,0,60,167
11/10/2021,AHN,GA,ASO,ES,Federal Contract Tower,0,4,16,2,22,0,6,52,0,58,0,10,68,2,80,46,0,46,126
11/11/2021,AHN,GA,ASO,ES,Federal Contract Tower,0,4,26,7,37,0,0,13,1,14,0,4,39,8,51,2,8,10,61
11/12/2021,AHN,GA,ASO,ES,Federal Contract Tower,7,16,30,0,53,0,1,53,0,54,7,17,83,0,107,62,0,62,169
11/13/2021,AHN,GA,ASO,ES,Federal Contract Tower,0,3,16,0,19,0,3,46,0,49,0,6,62,0,68,40,0,40,108
11/14/2021,AHN,GA,ASO,ES,Federal Contract Tower,0,7,24,0,31,0,2,74,0,76,0,9,98,0,107,34,0,34,141
11/15/2021,AHN,GA,ASO,ES,Federal Contract Tower,0,3,16,2,21,0,0,48,0,48,0,3,64,2,69,40,0,40,109
11/16/2021,AHN,GA,ASO,ES,Federal Contract Tower,0,8,24,0,32,0,3,29,0,32,0,11,53,0,64,24,0,24,88
11/17/2021,AHN,GA,ASO,ES,Federal Contract Tower,0,6,31,3,40,0,4,57,0,61,0,10,88,3,101,58,0,58,159
11/18/2021,AHN,GA,ASO,ES,Federal Contract Tower,0,4,23,0,27,0,0,49,0,49,0,4,72,0,76,78,0,78,154
11/19/2021,AHN,GA,ASO,ES,Federal Contract Tower,0,5,36,6,47,0,2,64,4,70,0,7,100,10,117,74,0,74,191
11/20/2021,AHN,GA,ASO,ES,Federal Contract Tower,0,4,48,4,56,0,0,52,0,52,0,4,100,4,108,12,0,12,120
11/21/2021,AHN,GA,ASO,ES,Federal Contract Tower,0,11,40,0,51,0,0,15,0,15,0,11,55,0,66,28,0,28,94
11/23/2021,AHN,GA,ASO,ES,Federal Contract Tower,0,2,21,5,28,0,1,83,1,85,0,3,104,6,113,102,0,102,215
11/24/2021,AHN,GA,ASO,ES,Federal Contract Tower,0,2,32,0,34,0,0,57,0,57,0,2,89,0,91,52,0,52,143
11/25/2021,AHN,GA,ASO,ES,Federal Contract Tower,0,5,8,0,13,0,0,17,0,17,0,5,25,0,30,16,0,16,46
11/26/2021,AHN,GA,ASO,ES,Federal Contract Tower,0,1,9,0,10,0,0,22,0,22,0,1,31,0,32,0,0,0,32
11/27/2021,AHN,GA,ASO,ES,Federal Contract Tower,0,0,13,0,13,0,2,45,0,47,0,2,58,0,60,30,0,30,90
11/28/2021,AHN,GA,ASO,ES,Federal Contract Tower,0,4,39,0,43,0,0,42,0,42,0,4,81,0,85,26,0,26,111
11/29/2021,AHN,GA,ASO,ES,Federal Contract Tower,0,6,30,0,36,0,1,42,0,43,0,7,72,0,79,68,0,68,147
11/30/2021,AHN,GA,ASO,ES,Federal Contract Tower,1,1,31,7,40,0,0,51,1,52,1,1,82,8,92,98,2,100,192
12/01/2021,AHN,GA,ASO,ES,Federal Contract Tower,0,12,43,1,56,0,0,57,0,57,0,12,100,1,113,84,0,84,197
12/02/2021,AHN,GA,ASO,ES,Federal Contract Tower,0,6,27,8,41,0,0,45,8,53,0,6,72,16,94,84,0,84,178
12/03/2021,AHN,GA,ASO,ES,Federal Contract Tower,0,11,32,10,53,0,6,72,2,80,0,17,104,12,133,94,0,94,227
12/04/2021,AHN,GA,ASO,ES,Federal Contract Tower,0,3,28,21,52,0,2,48,0,50,0,5,76,21,102,34,0,34,136
12/05/2021,AHN,GA,ASO,ES,Federal Contract Tower,0,10,27,6,43,0,0,30,1,31,0,10,57,7,74,32,0,32,106
12/06/2021,AHN,GA,ASO,ES,Federal Contract Tower,0,8,34,0,42,0,0,0,0,0,0,8,34,0,42,0,0,0,42
12/07/2021,AHN,GA,ASO,ES,Federal Contract Tower,0,7,27,4,38,0,2,48,0,50,0,9,75,4,88,50,0,50,138
12/08/2021,AHN,GA,ASO,ES,Federal Contract Tower,0,3,40,0,43,0,0,13,1,14,0,3,53,1,57,0,0,0,57
12/09/2021,AHN,GA,ASO,ES,Federal Contract Tower,0,9,40,3,52,0,0,17,0,17,0,9,57,3,69,42,0,42,111
12/10/2021,AHN,GA,ASO,ES,Federal Contract Tower,0,4,21,0,25,0,0,0,0,0,0,4,21,0,25,0,0,0,25
12/11/2021,AHN,GA,ASO,ES,Federal Contract Tower,0,0,9,0,9,0,2,1,0,3,0,2,10,0,12,0,0,0,12
12/12/2021,AHN,GA,ASO,ES,Federal Contract Tower,0,4,34,7,45,0,0,57,0,57,0,4,91,7,102,70,0,70,172
12/13/2021,AHN,GA,ASO,ES,Federal Contract Tower,0,2,22,0,24,0,0,41,0,41,0,2,63,0,65,20,0,20,85
12/14/2021,AHN,GA,ASO,ES,Federal Contract Tower,0,7,29,4,40,0,0,64,0,64,0,7,93,4,104,66,0,66,170
12/15/2021,AHN,GA,ASO,ES,Federal Contract Tower,0,0,30,0,30,0,0,73,0,73,0,0,103,0,103,96,2,98,201
12/16/2021,AHN,GA,ASO,ES,Federal Contract Tower,0,14,40,1,55,0,0,5,0,5,0,14,45,1,60,0,0,0,60
12/17/2021,AHN,GA,ASO,ES,Federal Contract Tower,2,7,39,0,48,0,0,15,0,15,2,7,54,0,63,22,0,22,85
12/18/2021,AHN,GA,ASO,ES,Federal Contract Tower,0,4,21,0,25,0,0,0,0,0,0,4,21,0,25,0,0,0,25
12/19/2021,AHN,GA,ASO,ES,Federal Contract Tower,0,2,25,1,28,0,0,37,0,37,0,2,62,1,65,24,0,24,89
12/20/2021,AHN,GA,ASO,ES,Federal Contract Tower,0,2,21,0,23,0,2,54,4,60,0,4,75,4,83,62,0,62,145
12/21/2021,AHN,GA,ASO,ES,Federal Contract Tower,0,0,9,0,9,0,0,10,0,10,0,0,19,0,19,6,0,6,25
12/22/2021,AHN,GA,ASO,ES,Federal Contract Tower,0,0,17,2,19,0,0,46,0,46,0,0,63,2,65,98,4,102,167
12/23/2021,AHN,GA,ASO,ES,Federal Contract Tower,0,0,11,0,11,0,0,115,0,115,0,0,126,0,126,80,0,80,206
12/24/2021,AHN,GA,ASO,ES,Federal Contract Tower,0,0,6,0,6,0,0,35,0,35,0,0,41,0,41,18,0,18,59
12/25/2021,AHN,GA,ASO,ES,Federal Contract Tower,0,0,4,0,4,0,0,0,0,0,0,0,4,0,4,0,0,0,4
12/26/2021,AHN,GA,ASO,ES,Federal Contract Tower,4,1,37,0,42,0,2,46,0,48,4,3,83,0,90,36,0,36,126
12/27/2021,AHN,GA,ASO,ES,Federal Contract Tower,0,5,11,0,16,0,0,20,0,20,0,5,31,0,36,18,0,18,54
12/28/2021,AHN,GA,ASO,ES,Federal Contract Tower,0,7,30,0,37,0,0,4,0,4,0,7,34,0,41,18,0,18,59
12/29/2021,AHN,GA,ASO,ES,Federal Contract Tower,2,2,12,0,16,0,0,0,0,0,2,2,12,0,16,0,0,0,16
12/30/2021,AHN,GA,ASO,ES,Federal Contract Tower,0,0,6,0,6,0,0,0,0,0,0,0,6,0,6,0,0,0,6
12/31/2021,AHN,GA,ASO,ES,Federal Contract Tower,0,0,10,0,10,0,0,0,0,0,0,0,10,0,10,0,0,0,10
01/01/2022,AHN,GA,ASO,ES,Federal Contract Tower,4,2,13,0,19,0,0,0,0,0,4,2,13,0,19,0,0,0,19
01/02/2022,AHN,GA,ASO,ES,Federal Contract Tower,0,4,7,0,11,0,0,2,0,2,0,4,9,0,13,0,0,0,13
01/03/2022,AHN,GA,ASO,ES,Federal Contract Tower,2,0,27,0,29,0,0,31,4,35,2,0,58,4,64,16,4,20,84
01/04/2022,AHN,GA,ASO,ES,Federal Contract Tower,1,0,63,4,68,0,3,34,1,38,1,3,97,5,106,64,4,68,174
01/05/2022,AHN,GA,ASO,ES,Federal Contract Tower,0,2,28,0,30,0,0,29,0,29,0,2,57,0,59,86,0,86,145
01/06/2022,AHN,GA,ASO,ES,Federal Contract Tower,0,5,13,6,24,0,0,18,0,18,0,5,31,6,42,48,0,48,90
01/07/2022,AHN,GA,ASO,ES,Federal Contract Tower,4,2,26,6,38,0,9,27,0,36,4,11,53,6,74,90,0,90,164
01/08/2022,AHN,GA,ASO,ES,Federal Contract Tower,0,4,38,0,42,0,3,57,0,60,0,7,95,0,102,126,0,126,228
01/09/2022,AHN,GA,ASO,ES,Federal Contract Tower,0,10,25,0,35,0,0,0,0,0,0,10,25,0,35,0,0,0,35
01/10/2022,AHN,GA,ASO,ES,Federal Contract Tower,0,11,20,0,31,0,2,49,0,51,0,13,69,0,82,108,0,108,190
01/11/2022,AHN,GA,ASO,ES,Federal Contract Tower,0,14,39,2,55,0,0,72,0,72,0,14,111,2,127,38,2,40,167
01/12/2022,AHN,GA,ASO,ES,Federal Contract Tower,0,3,24,3,30,0,0,55,1,56,0,3,79,4,86,46,4,50,136
01/13/2022,AHN,GA,ASO,ES,Federal Contract Tower,0,1,9,2,12,0,0,55,4,59,0,1,64,6,71,52,0,52,123
01/14/2022,AHN,GA,ASO,ES,Federal Contract Tower,2,0,19,4,25,0,1,60,0,61,2,1,79,4,86,116,2,118,204
01/15/2022,AHN,GA,ASO,ES,Federal Contract Tower,1,4,15,0,20,0,0,35,0,35,1,4,50,0,55,92,0,92,147
01/16/2022,AHN,GA,ASO,ES,Federal Contract Tower,0,0,0,0,0,0,0,0,0,0,0,0,0,0,0,0,0,0,0
01/17/2022,AHN,GA,ASO,ES,Federal Contract Tower,0,2,19,0,21,0,0,5,0,5,0,2,24,0,26,0,0,0,26
01/18/2022,AHN,GA,ASO,ES,Federal Contract Tower,0,4,18,0,22,0,0,54,0,54,0,4,72,0,76,80,0,80,156
01/19/2022,AHN,GA,ASO,ES,Federal Contract Tower,0,7,16,0,23,0,0,66,0,66,0,7,82,0,89,106,2,108,197
01/20/2022,AHN,GA,ASO,ES,Federal Contract Tower,0,6,15,0,21,0,0,0,0,0,0,6,15,0,21,0,0,0,21
01/21/2022,AHN,GA,ASO,ES,Federal Contract Tower,0,11,6,0,17,0,0,0,0,0,0,11,6,0,17,0,0,0,17
01/22/2022,AHN,GA,ASO,ES,Federal Contract Tower,2,3,20,0,25,0,0,59,0,59,2,3,79,0,84,118,0,118,202
01/23/2022,AHN,GA,ASO,ES,Federal Contract Tower,2,3,12,0,17,0,0,53,0,53,2,3,65,0,70,14,0,14,84
01/24/2022,AHN,GA,ASO,ES,Federal Contract Tower,2,1,20,0,23,0,0,59,0,59,2,1,79,0,82,52,0,52,134
01/25/2022,AHN,GA,ASO,ES,Federal Contract Tower,1,9,22,7,39,0,1,42,1,44,1,10,64,8,83,72,6,78,161
01/26/2022,AHN,GA,ASO,ES,Federal Contract Tower,0,5,16,4,25,0,2,48,0,50,0,7,64,4,75,34,4,38,113
01/27/2022,AHN,GA,ASO,ES,Federal Contract Tower,0,7,17,0,24,0,0,50,0,50,0,7,67,0,74,38,0,38,112
01/28/2022,AHN,GA,ASO,ES,Federal Contract Tower,0,14,17,7,38,0,0,40,1,41,0,14,57,8,79,44,0,44,123
01/29/2022,AHN,GA,ASO,ES,Federal Contract Tower,0,10,18,0,28,0,0,30,2,32,0,10,48,2,60,12,0,12,72
01/30/2022,AHN,GA,ASO,ES,Federal Contract Tower,0,6,18,3,27,0,0,41,0,41,0,6,59,3,68,30,10,40,108
01/31/2022,AHN,GA,ASO,ES,Federal Contract Tower,0,14,6,2,22,0,0,66,0,66,0,14,72,2,88,78,0,78,166
02/01/2022,AHN,GA,ASO,ES,Federal Contract Tower,2,6,27,0,35,0,1,39,0,40,2,7,66,0,75,36,4,40,115
02/02/2022,AHN,GA,ASO,ES,Federal Contract Tower,2,5,13,0,20,0,0,32,0,32,2,5,45,0,52,36,0,36,88
02/03/2022,AHN,GA,ASO,ES,Federal Contract Tower,0,5,22,0,27,0,0,2,0,2,0,5,24,0,29,0,0,0,29
02/04/2022,AHN,GA,ASO,ES,Federal Contract Tower,0,4,17,0,21,0,0,0,0,0,0,4,17,0,21,0,0,0,21
02/05/2022,AHN,GA,ASO,ES,Federal Contract Tower,2,8,36,0,46,0,6,56,0,62,2,14,92,0,108,84,0,84,192
02/06/2022,AHN,GA,ASO,ES,Federal Contract Tower,0,9,28,3,40,0,0,57,3,60,0,9,85,6,100,37,0,37,137
02/07/2022,AHN,GA,ASO,ES,Federal Contract Tower,0,4,23,0,27,0,0,39,0,39,0,4,62,0,66,12,0,12,78
02/08/2022,AHN,GA,ASO,ES,Federal Contract Tower,0,2,29,0,31,0,0,60,0,60,0,2,89,0,91,24,0,24,115
02/09/2022,AHN,GA,ASO,ES,Federal Contract Tower,0,4,12,0,16,0,0,70,0,70,0,4,82,0,86,90,0,90,176
02/10/2022,AHN,GA,ASO,ES,Federal Contract Tower,0,7,26,1,34,0,2,49,4,55,0,9,75,5,89,76,2,78,167
02/11/2022,AHN,GA,ASO,ES,Federal Contract Tower,0,5,14,0,19,0,2,59,0,61,0,7,73,0,80,64,0,64,144
02/12/2022,AHN,GA,ASO,ES,Federal Contract Tower,0,1,22,0,23,0,2,63,0,65,0,3,85,0,88,22,0,22,110
02/13/2022,AHN,GA,ASO,ES,Federal Contract Tower,0,5,21,0,26,0,0,16,0,16,0,5,37,0,42,40,0,40,82
02/14/2022,AHN,GA,ASO,ES,Federal Contract Tower,0,2,16,0,18,0,2,40,0,42,0,4,56,0,60,20,0,20,80
02/15/2022,AHN,GA,ASO,ES,Federal Contract Tower,0,6,21,3,30,0,2,62,0,64,0,8,83,3,94,54,2,56,150
02/16/2022,AHN,GA,ASO,ES,Federal Contract Tower,0,5,14,0,19,0,2,49,0,51,0,7,63,0,70,56,0,56,126
02/17/2022,AHN,GA,ASO,ES,Federal Contract Tower,0,0,19,2,21,0,0,2,0,2,0,0,21,2,23,12,2,14,37
02/18/2022,AHN,GA,ASO,ES,Federal Contract Tower,0,7,37,2,46,0,1,42,0,43,0,8,79,2,89,32,0,32,121
02/19/2022,AHN,GA,ASO,ES,Federal Contract Tower,0,3,19,0,22,0,0,62,0,62,0,3,81,0,84,44,0,44,128
02/20/2022,AHN,GA,ASO,ES,Federal Contract Tower,0,6,43,0,49,0,2,64,0,66,0,8,107,0,115,92,0,92,207
02/21/2022,AHN,GA,ASO,ES,Federal Contract Tower,0,6,31,0,37,0,0,6,0,6,0,6,37,0,43,22,0,22,65
02/22/2022,AHN,GA,ASO,ES,Federal Contract Tower,0,5,23,2,30,0,0,27,0,27,0,5,50,2,57,56,0,56,113
02/23/2022,AHN,GA,ASO,ES,Federal Contract Tower,2,8,20,0,30,0,3,15,1,19,2,11,35,1,49,18,2,20,69
02/24/2022,AHN,GA,ASO,ES,Federal Contract Tower,0,0,35,0,35,0,1,41,2,44,0,1,76,2,79,36,0,36,115
02/25/2022,AHN,GA,ASO,ES,Federal Contract Tower,2,10,40,2,54,0,0,24,4,28,2,10,64,6,82,4,6,10,92
02/26/2022,AHN,GA,ASO,ES,Federal Contract Tower,4,9,24,0,37,0,0,58,0,58,4,9,82,0,95,54,0,54,149
02/27/2022,AHN,GA,ASO,ES,Federal Contract Tower,0,13,25,1,39,0,0,1,0,1,0,13,26,1,40,0,0,0,40
02/28/2022,AHN,GA,ASO,ES,Federal Contract Tower,4,4,32,1,41,0,3,51,1,55,4,7,83,2,96,22,0,22,118
03/01/2022,AHN,GA,ASO,ES,Federal Contract Tower,0,2,17,3,22,0,3,71,0,74,0,5,88,3,96,62,2,64,160
03/02/2022,AHN,GA,ASO,ES,Federal Contract Tower,0,3,29,0,32,0,3,64,0,67,0,6,93,0,99,107,0,107,206
03/03/2022,AHN,GA,ASO,ES,Federal Contract Tower,0,6,32,2,40,0,0,66,0,66,0,6,98,2,106,32,0,32,138
03/04/2022,AHN,GA,ASO,ES,Federal Contract Tower,0,7,35,0,42,0,0,57,0,57,0,7,92,0,99,28,0,28,127
03/05/2022,AHN,GA,ASO,ES,Federal Contract Tower,0,5,31,2,38,0,0,42,0,42,0,5,73,2,80,10,0,10,90
03/06/2022,AHN,GA,ASO,ES,Federal Contract Tower,0,2,35,0,37,0,1,39,0,40,0,3,74,0,77,36,0,36,113
03/07/2022,AHN,GA,ASO,ES,Federal Contract Tower,0,3,14,0,17,0,0,13,0,13,0,3,27,0,30,20,0,20,50
03/08/2022,AHN,GA,ASO,ES,Federal Contract Tower,0,0,28,0,28,0,0,14,0,14,0,0,42,0,42,22,0,22,64
03/09/2022,AHN,GA,ASO,ES,Federal Contract Tower,0,6,6,7,19,0,0,5,0,5,0,6,11,7,24,38,0,38,62
03/10/2022,AHN,GA,ASO,ES,Federal Contract Tower,0,3,18,2,23,0,0,1,0,1,0,3,19,2,24,2,0,2,26
03/11/2022,AHN,GA,ASO,ES,Federal Contract Tower,0,0,12,0,12,0,0,1,0,1,0,0,13,0,13,2,0,2,15
03/12/2022,AHN,GA,ASO,ES,Federal Contract Tower,0,2,10,0,12,0,0,4,0,4,0,2,14,0,16,0,0,0,16
03/13/2022,AHN,GA,ASO,ES,Federal Contract Tower,0,4,31,0,35,0,0,54,0,54,0,4,85,0,89,70,0,70,159
03/14/2022,AHN,GA,ASO,ES,Federal Contract Tower,0,2,17,0,19,0,0,66,0,66,0,2,83,0,85,32,0,32,117
03/15/2022,AHN,GA,ASO,ES,Federal Contract Tower,0,8,17,0,25,0,1,45,0,46,0,9,62,0,71,56,0,56,127
03/16/2022,AHN,GA,ASO,ES,Federal Contract Tower,0,7,27,0,34,0,0,0,0,0,0,7,27,0,34,0,0,0,34
03/17/2022,AHN,GA,ASO,ES,Federal Contract Tower,0,4,20,2,26,0,6,50,2,58,0,10,70,4,84,64,0,64,148
03/18/2022,AHN,GA,ASO,ES,Federal Contract Tower,0,7,21,0,28,0,0,23,0,23,0,7,44,0,51,62,0,62,113
03/19/2022,AHN,GA,ASO,ES,Federal Contract Tower,0,6,21,1,28,0,1,46,0,47,0,7,67,1,75,38,0,38,113
03/20/2022,AHN,GA,ASO,ES,Federal Contract Tower,2,9,32,0,43,0,5,44,0,49,2,14,76,0,92,32,0,32,124
03/21/2022,AHN,GA,ASO,ES,Federal Contract Tower,0,9,26,2,37,0,4,87,2,93,0,13,113,4,130,72,2,74,204
03/22/2022,AHN,GA,ASO,ES,Federal Contract Tower,0,3,22,0,25,0,2,61,9,72,0,5,83,9,97,80,0,80,177
03/23/2022,AHN,GA,ASO,ES,Federal Contract Tower,0,8,10,0,18,0,0,5,0,5,0,8,15,0,23,12,0,12,35
03/24/2022,AHN,GA,ASO,ES,Federal Contract Tower,0,7,21,2,30,0,2,60,0,62,0,9,81,2,92,56,0,56,148
03/25/2022,AHN,GA,ASO,ES,Federal Contract Tower,0,17,38,0,55,0,0,65,0,65,0,17,103,0,120,48,0,48,168
03/26/2022,AHN,GA,ASO,ES,Federal Contract Tower,0,4,16,0,20,0,0,14,0,14,0,4,30,0,34,0,0,0,34
03/27/2022,AHN,GA,ASO,ES,Federal Contract Tower,0,9,24,0,33,0,1,29,0,30,0,10,53,0,63,12,0,12,75
03/28/2022,AHN,GA,ASO,ES,Federal Contract Tower,0,8,14,0,22,0,0,65,0,65,0,8,79,0,87,71,0,71,158
03/29/2022,AHN,GA,ASO,ES,Federal Contract Tower,0,5,20,0,25,0,3,48,0,51,0,8,68,0,76,106,0,106,182
03/30/2022,AHN,GA,ASO,ES,Federal Contract Tower,0,8,13,0,21,0,1,26,0,27,0,9,39,0,48,13,0,13,61
03/31/2022,AHN,GA,ASO,ES,Federal Contract Tower,0,8,10,0,18,0,0,7,0,7,0,8,17,0,25,0,0,0,25
04/01/2022,AHN,GA,ASO,ES,Federal Contract Tower,0,10,44,0,54,0,0,63,0,63,0,10,107,0,117,99,0,99,216
04/02/2022,AHN,GA,ASO,ES,Federal Contract Tower,0,4,24,0,28,0,0,73,0,73,0,4,97,0,101,82,0,82,183
04/03/2022,AHN,GA,ASO,ES,Federal Contract Tower,0,7,28,1,36,0,2,53,1,56,0,9,81,2,92,70,6,76,168
04/04/2022,AHN,GA,ASO,ES,Federal Contract Tower,0,5,20,2,27,0,4,71,0,75,0,9,91,2,102,114,0,114,216
04/05/2022,AHN,GA,ASO,ES,Federal Contract Tower,0,2,5,0,7,0,0,0,0,0,0,2,5,0,7,0,0,0,7
04/06/2022,AHN,GA,ASO,ES,Federal Contract Tower,0,9,21,0,30,0,0,0,0,0,0,9,21,0,30,2,0,2,32
04/07/2022,AHN,GA,ASO,ES,Federal Contract Tower,0,12,28,0,40,0,0,38,0,38,0,12,66,0,78,26,0,26,104
04/08/2022,AHN,GA,ASO,ES,Federal Contract Tower,0,5,25,0,30,0,0,49,0,49,0,5,74,0,79,33,0,33,112
04/09/2022,AHN,GA,ASO,ES,Federal Contract Tower,0,4,24,0,28,0,0,28,0,28,0,4,52,0,56,22,0,22,78
04/10/2022,AHN,GA,ASO,ES,Federal Contract Tower,0,4,45,0,49,0,0,78,0,78,0,4,123,0,127,66,0,66,193
04/11/2022,AHN,GA,ASO,ES,Federal Contract Tower,0,4,26,0,30,0,2,54,0,56,0,6,80,0,86,62,0,62,148
04/12/2022,AHN,GA,ASO,ES,Federal Contract Tower,0,9,19,1,29,0,2,51,1,54,0,11,70,2,83,48,6,54,137
04/13/2022,AHN,GA,ASO,ES,Federal Contract Tower,1,6,18,1,26,0,0,46,0,46,1,6,64,1,72,72,2,74,146
04/14/2022,AHN,GA,ASO,ES,Federal Contract Tower,0,15,31,1,47,0,1,28,0,29,0,16,59,1,76,54,2,56,132
04/15/2022,AHN,GA,ASO,ES,Federal Contract Tower,0,3,31,0,34,0,0,62,0,62,0,3,93,0,96,74,0,74,170
04/16/2022,AHN,GA,ASO,ES,Federal Contract Tower,0,0,20,0,20,0,0,1,0,1,0,0,21,0,21,0,0,0,21
04/17/2022,AHN,GA,ASO,ES,Federal Contract Tower,0,5,16,0,21,0,2,25,0,27,0,7,41,0,48,20,0,20,68
04/18/2022,AHN,GA,ASO,ES,Federal Contract Tower,0,10,39,4,53,0,0,10,0,10,0,10,49,4,63,10,0,10,73
04/19/2022,AHN,GA,ASO,ES,Federal Contract Tower,0,8,23,0,31,0,3,46,0,49,0,11,69,0,80,42,0,42,122
04/20/2022,AHN,GA,ASO,ES,Federal Contract Tower,0,1,14,10,25,0,0,56,2,58,0,1,70,12,83,68,0,68,151
04/21/2022,AHN,GA,ASO,ES,Federal Contract Tower,0,1,29,1,31,0,0,60,9,69,0,1,89,10,100,66,0,66,166
04/22/2022,AHN,GA,ASO,ES,Federal Contract Tower,0,11,18,16,45,0,0,67,13,80,0,11,85,29,125,68,0,68,193
04/23/2022,AHN,GA,ASO,ES,Federal Contract Tower,0,4,13,0,17,0,0,68,0,68,0,4,81,0,85,32,0,32,117
04/24/2022,AHN,GA,ASO,ES,Federal Contract Tower,1,7,22,5,35,0,0,35,5,40,1,7,57,10,75,52,0,52,127
04/25/2022,AHN,GA,ASO,ES,Federal Contract Tower,0,1,28,0,29,0,2,68,0,70,0,3,96,0,99,48,0,48,147
04/26/2022,AHN,GA,ASO,ES,Federal Contract Tower,0,4,19,0,23,0,0,12,0,12,0,4,31,0,35,26,0,26,61
04/27/2022,AHN,GA,ASO,ES,Federal Contract Tower,0,0,21,0,21,0,0,52,2,54,0,0,73,2,75,44,4,48,123
04/28/2022,AHN,GA,ASO,ES,Federal Contract Tower,0,1,26,0,27,0,0,55,0,55,0,1,81,0,82,82,2,84,166
04/29/2022,AHN,GA,ASO,ES,Federal Contract Tower,0,6,33,8,47,0,0,45,5,50,0,6,78,13,97,30,0,30,127
04/30/2022,AHN,GA,ASO,ES,Federal Contract Tower,0,0,35,0,35,0,0,76,0,76,0,0,111,0,111,46,0,46,157
05/01/2022,AHN,GA,ASO,ES,Federal Contract Tower,0,5,38,1,44,0,0,17,3,20,0,5,55,4,64,12,0,12,76
05/02/2022,AHN,GA,ASO,ES,Federal Contract Tower,0,0,19,0,19,0,9,34,0,43,0,9,53,0,62,74,0,74,136
05/03/2022,AHN,GA,ASO,ES,Federal Contract Tower,0,3,18,0,21,0,8,40,4,52,0,11,58,4,73,52,0,52,125
05/04/2022,AHN,GA,ASO,ES,Federal Contract Tower,0,4,22,2,28,0,0,34,0,34,0,4,56,2,62,66,0,66,128
05/05/2022,AHN,GA,ASO,ES,Federal Contract Tower,0,6,14,0,20,0,0,49,0,49,0,6,63,0,69,76,0,76,145
05/06/2022,AHN,GA,ASO,ES,Federal Contract Tower,0,4,15,0,19,0,0,7,0,7,0,4,22,0,26,4,0,4,30
05/07/2022,AHN,GA,ASO,ES,Federal Contract Tower,0,3,15,0,18,0,0,24,0,24,0,3,39,0,42,14,0,14,56
05/08/2022,AHN,GA,ASO,ES,Federal Contract Tower,0,10,28,0,38,0,10,9,0,19,0,20,37,0,57,2,0,2,59
05/09/2022,AHN,GA,ASO,ES,Federal Contract Tower,0,1,31,0,32,0,1,43,1,45,0,2,74,1,77,74,6,80,157
05/10/2022,AHN,GA,ASO,ES,Federal Contract Tower,0,5,18,2,25,0,1,72,0,73,0,6,90,2,98,62,0,62,160
05/11/2022,AHN,GA,ASO,ES,Federal Contract Tower,0,7,47,0,54,0,2,70,1,73,0,9,117,1,127,38,0,38,165
05/12/2022,AHN,GA,ASO,ES,Federal Contract Tower,0,20,23,0,43,0,1,53,0,54,0,21,76,0,97,32,0,32,129
05/13/2022,AHN,GA,ASO,ES,Federal Contract Tower,0,12,39,3,54,0,0,19,1,20,0,12,58,4,74,20,0,20,94
05/14/2022,AHN,GA,ASO,ES,Federal Contract Tower,0,12,27,2,41,0,0,40,0,40,0,12,67,2,81,26,0,26,107
05/15/2022,AHN,GA,ASO,ES,Federal Contract Tower,0,18,16,2,36,0,2,31,0,33,0,20,47,2,69,22,0,22,91
05/16/2022,AHN,GA,ASO,ES,Federal Contract Tower,0,10,9,0,19,0,0,34,0,34,0,10,43,0,53,50,0,50,103
05/17/2022,AHN,GA,ASO,ES,Federal Contract Tower,0,1,14,1,16,0,0,73,0,73,0,1,87,1,89,90,0,90,179
05/18/2022,AHN,GA,ASO,ES,Federal Contract Tower,0,7,9,0,16,0,0,43,6,49,0,7,52,6,65,67,0,67,132
05/19/2022,AHN,GA,ASO,ES,Federal Contract Tower,2,6,35,0,43,0,1,64,8,73,2,7,99,8,116,33,0,33,149
05/20/2022,AHN,GA,ASO,ES,Federal Contract Tower,1,5,21,0,27,0,0,47,0,47,1,5,68,0,74,76,0,76,150
05/21/2022,AHN,GA,ASO,ES,Federal Contract Tower,1,5,18,0,24,0,0,11,0,11,1,5,29,0,35,32,0,32,67
05/22/2022,AHN,GA,ASO,ES,Federal Contract Tower,1,7,25,0,33,0,3,39,0,42,1,10,64,0,75,78,0,78,153
05/23/2022,AHN,GA,ASO,ES,Federal Contract Tower,0,3,9,1,13,0,0,1,0,1,0,3,10,1,14,4,0,4,18
05/24/2022,AHN,GA,ASO,ES,Federal Contract Tower,0,10,18,0,28,0,1,32,0,33,0,11,50,0,61,88,0,88,149
05/25/2022,AHN,GA,ASO,ES,Federal Contract Tower,0,5,26,2,33,0,0,2,0,2,0,5,28,2,35,24,0,24,59
05/26/2022,AHN,GA,ASO,ES,Federal Contract Tower,0,0,13,0,13,0,0,0,0,0,0,0,13,0,13,0,0,0,13
05/27/2022,AHN,GA,ASO,ES,Federal Contract Tower,0,6,31,0,37,0,2,43,0,45,0,8,74,0,82,46,0,46,128
05/28/2022,AHN,GA,ASO,ES,Federal Contract Tower,0,1,21,0,22,0,2,66,0,68,0,3,87,0,90,74,0,74,164
05/29/2022,AHN,GA,ASO,ES,Federal Contract Tower,0,1,4,0,5,0,0,47,0,47,0,1,51,0,52,62,0,62,114
05/30/2022,AHN,GA,ASO,ES,Federal Contract Tower,0,6,11,0,17,0,0,25,0,25,0,6,36,0,42,6,0,6,48
05/31/2022,AHN,GA,ASO,ES,Federal Contract Tower,0,4,15,2,21,0,0,29,17,46,0,4,44,19,67,34,2,36,103
06/01/2022,AHN,GA,ASO,ES,Federal Contract Tower,0,6,23,4,33,0,1,52,0,53,0,7,75,4,86,72,0,72,158
06/02/2022,AHN,GA,ASO,ES,Federal Contract Tower,0,7,25,0,32,0,0,31,0,31,0,7,56,0,63,46,0,46,109
06/03/2022,AHN,GA,ASO,ES,Federal Contract Tower,0,4,16,0,20,0,0,25,4,29,0,4,41,4,49,46,0,46,95
06/04/2022,AHN,GA,ASO,ES,Federal Contract Tower,0,3,8,0,11,0,1,36,0,37,0,4,44,0,48,64,0,64,112
06/05/2022,AHN,GA,ASO,ES,Federal Contract Tower,0,4,12,2,18,0,1,51,0,52,0,5,63,2,70,46,0,46,116
06/06/2022,AHN,GA,ASO,ES,Federal Contract Tower,0,4,7,0,11,0,0,21,0,21,0,4,28,0,32,48,0,48,80
06/07/2022,AHN,GA,ASO,ES,Federal Contract Tower,0,9,20,0,29,0,0,16,4,20,0,9,36,4,49,16,4,20,69
06/08/2022,AHN,GA,ASO,ES,Federal Contract Tower,0,3,24,0,27,0,4,27,0,31,0,7,51,0,58,62,0,62,120
06/09/2022,AHN,GA,ASO,ES,Federal Contract Tower,0,6,20,2,28,0,0,38,6,44,0,6,58,8,72,40,0,40,112
06/10/2022,AHN,GA,ASO,ES,Federal Contract Tower,0,3,18,3,24,0,0,67,6,73,0,3,85,9,97,41,10,51,148
06/11/2022,AHN,GA,ASO,ES,Federal Contract Tower,1,3,11,0,15,0,2,41,0,43,1,5,52,0,58,63,0,63,121
06/12/2022,AHN,GA,ASO,ES,Federal Contract Tower,0,3,21,2,26,0,0,51,0,51,0,3,72,2,77,48,0,48,125
06/13/2022,AHN,GA,ASO,ES,Federal Contract Tower,0,8,14,0,22,0,0,46,0,46,0,8,60,0,68,50,0,50,118
06/14/2022,AHN,GA,ASO,ES,Federal Contract Tower,0,3,22,6,31,0,0,38,0,38,0,3,60,6,69,53,4,57,126
06/15/2022,AHN,GA,ASO,ES,Federal Contract Tower,0,6,14,0,20,0,3,32,0,35,0,9,46,0,55,80,0,80,135
06/16/2022,AHN,GA,ASO,ES,Federal Contract Tower,0,5,20,0,25,0,4,70,0,74,0,9,90,0,99,60,0,60,159
06/17/2022,AHN,GA,ASO,ES,Federal Contract Tower,0,1,30,0,31,0,1,38,8,47,0,2,68,8,78,46,0,46,124
06/18/2022,AHN,GA,ASO,ES,Federal Contract Tower,0,2,13,0,15,0,3,49,0,52,0,5,62,0,67,62,0,62,129
06/19/2022,AHN,GA,ASO,ES,Federal Contract Tower,0,2,13,0,15,0,1,46,0,47,0,3,59,0,62,28,0,28,90
06/20/2022,AHN,GA,ASO,ES,Federal Contract Tower,0,0,13,0,13,0,0,52,0,52,0,0,65,0,65,25,0,25,90
06/21/2022,AHN,GA,ASO,ES,Federal Contract Tower,0,5,11,0,16,0,0,57,0,57,0,5,68,0,73,46,0,46,119
06/22/2022,AHN,GA,ASO,ES,Federal Contract Tower,0,7,33,0,40,0,0,46,0,46,0,7,79,0,86,30,0,30,116
06/23/2022,AHN,GA,ASO,ES,Federal Contract Tower,0,1,15,0,16,0,1,51,0,52,0,2,66,0,68,74,0,74,142
06/24/2022,AHN,GA,ASO,ES,Federal Contract Tower,0,4,23,1,28,0,1,56,1,58,0,5,79,2,86,56,12,68,154
06/25/2022,AHN,GA,ASO,ES,Federal Contract Tower,0,2,16,1,19,0,3,50,0,53,0,5,66,1,72,28,0,28,100
06/26/2022,AHN,GA,ASO,ES,Federal Contract Tower,0,0,20,3,23,0,0,33,0,33,0,0,53,3,56,22,0,22,78
06/27/2022,AHN,GA,ASO,ES,Federal Contract Tower,0,2,11,0,13,0,0,40,0,40,0,2,51,0,53,35,0,35,88
06/28/2022,AHN,GA,ASO,ES,Federal Contract Tower,0,0,17,0,17,0,0,34,0,34,0,0,51,0,51,20,0,20,71
06/29/2022,AHN,GA,ASO,ES,Federal Contract Tower,0,7,18,0,25,0,1,13,2,16,0,8,31,2,41,16,0,16,57
06/30/2022,AHN,GA,ASO,ES,Federal Contract Tower,0,3,34,0,37,0,3,28,0,31,0,6,62,0,68,56,0,56,124
07/01/2022,AHN,GA,ASO,ES,Federal Contract Tower,0,0,26,0,26,0,2,17,0,19,0,2,43,0,45,8,0,8,53
07/02/2022,AHN,GA,ASO,ES,Federal Contract Tower,0,1,11,0,12,0,0,23,0,23,0,1,34,0,35,30,0,30,65
07/03/2022,AHN,GA,ASO,ES,Federal Contract Tower,0,4,5,0,9,0,0,22,1,23,0,4,27,1,32,54,0,54,86
07/04/2022,AHN,GA,ASO,ES,Federal Contract Tower,0,2,10,0,12,0,0,24,0,24,0,2,34,0,36,21,0,21,57
07/05/2022,AHN,GA,ASO,ES,Federal Contract Tower,0,0,13,0,13,0,0,30,0,30,0,0,43,0,43,57,0,57,100
07/06/2022,AHN,GA,ASO,ES,Federal Contract Tower,0,2,20,0,22,0,4,40,0,44,0,6,60,0,66,68,0,68,134
07/07/2022,AHN,GA,ASO,ES,Federal Contract Tower,0,6,23,0,29,0,0,63,0,63,0,6,86,0,92,66,0,66,158
07/08/2022,AHN,GA,ASO,ES,Federal Contract Tower,0,5,14,2,21,0,0,52,0,52,0,5,66,2,73,70,4,74,147
07/09/2022,AHN,GA,ASO,ES,Federal Contract Tower,0,1,10,0,11,0,0,3,0,3,0,1,13,0,14,28,0,28,42
07/10/2022,AHN,GA,ASO,ES,Federal Contract Tower,0,4,22,0,26,0,0,7,0,7,0,4,29,0,33,32,0,32,65
07/11/2022,AHN,GA,ASO,ES,Federal Contract Tower,0,7,31,0,38,0,0,11,0,11,0,7,42,0,49,38,0,38,87
07/12/2022,AHN,GA,ASO,ES,Federal Contract Tower,0,2,27,0,29,0,0,35,0,35,0,2,62,0,64,50,0,50,114
07/13/2022,AHN,GA,ASO,ES,Federal Contract Tower,0,4,24,0,28,0,2,17,0,19,0,6,41,0,47,30,0,30,77
07/14/2022,AHN,GA,ASO,ES,Federal Contract Tower,0,7,21,0,28,0,3,49,1,53,0,10,70,1,81,104,0,104,185
07/15/2022,AHN,GA,ASO,ES,Federal Contract Tower,0,2,19,0,21,0,0,52,0,52,0,2,71,0,73,46,0,46,119
07/16/2022,AHN,GA,ASO,ES,Federal Contract Tower,0,0,14,0,14,0,0,72,0,72,0,0,86,0,86,90,0,90,176
07/17/2022,AHN,GA,ASO,ES,Federal Contract Tower,0,0,27,0,27,0,2,41,0,43,0,2,68,0,70,60,0,60,130
07/18/2022,AHN,GA,ASO,ES,Federal Contract Tower,0,2,15,0,17,0,0,33,0,33,0,2,48,0,50,82,0,82,132
07/19/2022,AHN,GA,ASO,ES,Federal Contract Tower,0,6,5,0,11,0,0,30,0,30,0,6,35,0,41,40,0,40,81
07/20/2022,AHN,GA,ASO,ES,Federal Contract Tower,0,2,29,0,31,0,0,13,9,22,0,2,42,9,53,14,4,18,71
07/21/2022,AHN,GA,ASO,ES,Federal Contract Tower,2,6,11,0,19,0,0,14,1,15,2,6,25,1,34,20,6,26,60
07/22/2022,AHN,GA,ASO,ES,Federal Contract Tower,0,7,19,5,31,0,0,64,5,69,0,7,83,10,100,90,0,90,190
07/23/2022,AHN,GA,ASO,ES,Federal Contract Tower,0,2,13,0,15,0,1,59,0,60,0,3,72,0,75,64,0,64,139
07/24/2022,AHN,GA,ASO,ES,Federal Contract Tower,0,2,15,1,18,0,0,38,3,41,0,2,53,4,59,50,0,50,109
07/25/2022,AHN,GA,ASO,ES,Federal Contract Tower,0,2,13,0,15,0,0,27,0,27,0,2,40,0,42,102,0,102,144
07/26/2022,AHN,GA,ASO,ES,Federal Contract Tower,0,5,31,0,36,0,1,35,0,36,0,6,66,0,72,44,0,44,116
07/27/2022,AHN,GA,ASO,ES,Federal Contract Tower,0,7,13,0,20,0,0,49,7,56,0,7,62,7,76,51,0,51,127
07/28/2022,AHN,GA,ASO,ES,Federal Contract Tower,0,4,20,0,24,0,0,62,4,66,0,4,82,4,90,62,0,62,152
07/29/2022,AHN,GA,ASO,ES,Federal Contract Tower,0,8,22,0,30,0,0,49,0,49,0,8,71,0,79,66,0,66,145
07/30/2022,AHN,GA,ASO,ES,Federal Contract Tower,0,0,13,0,13,0,0,47,0,47,0,0,60,0,60,52,0,52,112
07/31/2022,AHN,GA,ASO,ES,Federal Contract Tower,0,1,26,2,29,0,0,26,6,32,0,1,52,8,61,84,0,84,145
08/01/2022,AHN,GA,ASO,ES,Federal Contract Tower,0,3,32,2,37,0,0,33,0,33,0,3,65,2,70,66,0,66,136
08/02/2022,AHN,GA,ASO,ES,Federal Contract Tower,0,0,15,2,17,0,0,28,0,28,0,0,43,2,45,66,0,66,111
08/03/2022,AHN,GA,ASO,ES,Federal Contract Tower,0,2,13,0,15,0,14,26,0,40,0,16,39,0,55,12,0,12,67
08/04/2022,AHN,GA,ASO,ES,Federal Contract Tower,0,1,23,0,24,0,17,39,0,56,0,18,62,0,80,76,0,76,156
08/05/2022,AHN,GA,ASO,ES,Federal Contract Tower,0,3,18,1,22,0,1,35,3,39,0,4,53,4,61,24,0,24,85
08/06/2022,AHN,GA,ASO,ES,Federal Contract Tower,0,9,20,0,29,0,4,26,0,30,0,13,46,0,59,24,0,24,83
08/07/2022,AHN,GA,ASO,ES,Federal Contract Tower,0,1,13,1,15,0,0,30,1,31,0,1,43,2,46,32,0,32,78
08/08/2022,AHN,GA,ASO,ES,Federal Contract Tower,0,6,17,0,23,0,0,37,0,37,0,6,54,0,60,58,0,58,118
08/09/2022,AHN,GA,ASO,ES,Federal Contract Tower,0,0,24,0,24,0,0,46,0,46,0,0,70,0,70,112,0,112,182
08/10/2022,AHN,GA,ASO,ES,Federal Contract Tower,0,0,32,0,32,0,0,32,0,32,0,0,64,0,64,68,0,68,132
08/11/2022,AHN,GA,ASO,ES,Federal Contract Tower,0,5,46,0,51,0,1,77,0,78,0,6,123,0,129,134,0,134,263
08/12/2022,AHN,GA,ASO,ES,Federal Contract Tower,0,7,38,4,49,0,0,55,0,55,0,7,93,4,104,58,0,58,162
08/13/2022,AHN,GA,ASO,ES,Federal Contract Tower,0,0,31,0,31,0,0,49,0,49,0,0,80,0,80,30,0,30,110
08/14/2022,AHN,GA,ASO,ES,Federal Contract Tower,0,5,24,0,29,0,0,54,2,56,0,5,78,2,85,60,0,60,145
08/15/2022,AHN,GA,ASO,ES,Federal Contract Tower,0,9,18,2,29,0,0,37,0,37,0,9,55,2,66,34,0,34,100
08/16/2022,AHN,GA,ASO,ES,Federal Contract Tower,0,1,29,0,30,0,0,30,3,33,0,1,59,3,63,16,2,18,81
08/17/2022,AHN,GA,ASO,ES,Federal Contract Tower,0,9,20,2,31,0,2,16,2,20,0,11,36,4,51,30,0,30,81
08/18/2022,AHN,GA,ASO,ES,Federal Contract Tower,0,9,15,0,24,0,1,36,0,37,0,10,51,0,61,16,0,16,77
08/19/2022,AHN,GA,ASO,ES,Federal Contract Tower,0,2,12,0,14,0,0,5,0,5,0,2,17,0,19,0,0,0,19
08/20/2022,AHN,GA,ASO,ES,Federal Contract Tower,0,2,18,0,20,0,0,0,0,0,0,2,18,0,20,22,0,22,42
08/21/2022,AHN,GA,ASO,ES,Federal Contract Tower,0,2,24,0,26,0,0,6,0,6,0,2,30,0,32,14,0,14,46
08/22/2022,AHN,GA,ASO,ES,Federal Contract Tower,0,0,20,0,20,0,0,10,0,10,0,0,30,0,30,6,0,6,36
08/23/2022,AHN,GA,ASO,ES,Federal Contract Tower,0,3,16,2,21,0,0,47,0,47,0,3,63,2,68,40,0,40,108
08/24/2022,AHN,GA,ASO,ES,Federal Contract Tower,0,2,16,0,18,0,1,41,0,42,0,3,57,0,60,50,0,50,110
08/25/2022,AHN,GA,ASO,ES,Federal Contract Tower,0,1,14,0,15,0,4,14,0,18,0,5,28,0,33,22,0,22,55
08/26/2022,AHN,GA,ASO,ES,Federal Contract Tower,0,2,16,3,21,0,0,25,0,25,0,2,41,3,46,22,2,24,70
08/27/2022,AHN,GA,ASO,ES,Federal Contract Tower,0,5,21,0,26,0,2,33,0,35,0,7,54,0,61,58,0,58,119
08/28/2022,AHN,GA,ASO,ES,Federal Contract Tower,0,3,22,0,25,0,0,40,0,40,0,3,62,0,65,24,0,24,89
08/29/2022,AHN,GA,ASO,ES,Federal Contract Tower,0,0,25,0,25,0,0,36,1,37,0,0,61,1,62,64,0,64,126
08/30/2022,AHN,GA,ASO,ES,Federal Contract Tower,0,5,20,0,25,0,0,13,1,14,0,5,33,1,39,38,0,38,77
08/31/2022,AHN,GA,ASO,ES,Federal Contract Tower,0,3,23,0,26,0,0,43,0,43,0,3,66,0,69,54,0,54,123
09/01/2022,AHN,GA,ASO,ES,Federal Contract Tower,0,7,27,0,34,0,7,59,2,68,0,14,86,2,102,62,0,62,164
09/02/2022,AHN,GA,ASO,ES,Federal Contract Tower,5,33,0,0,38,0,1,8,0,9,5,34,8,0,47,8,0,8,55
09/03/2022,AHN,GA,ASO,ES,Federal Contract Tower,0,2,17,0,19,0,0,4,0,4,0,2,21,0,23,0,0,0,23
09/04/2022,AHN,GA,ASO,ES,Federal Contract Tower,0,3,3,0,6,0,0,0,0,0,0,3,3,0,6,0,0,0,6
09/05/2022,AHN,GA,ASO,ES,Federal Contract Tower,0,6,14,0,20,0,0,2,0,2,0,6,16,0,22,0,0,0,22
09/06/2022,AHN,GA,ASO,ES,Federal Contract Tower,0,5,27,0,32,0,6,37,0,43,0,11,64,0,75,51,0,51,126
09/07/2022,AHN,GA,ASO,ES,Federal Contract Tower,0,0,23,0,23,0,0,49,0,49,0,0,72,0,72,52,0,52,124
09/08/2022,AHN,GA,ASO,ES,Federal Contract Tower,0,1,37,0,38,0,1,35,1,37,0,2,72,1,75,40,0,40,115
09/09/2022,AHN,GA,ASO,ES,Federal Contract Tower,0,5,42,4,51,0,0,11,0,11,0,5,53,4,62,16,0,16,78
09/10/2022,AHN,GA,ASO,ES,Federal Contract Tower,0,4,24,2,30,0,0,0,0,0,0,4,24,2,30,0,0,0,30
09/11/2022,AHN,GA,ASO,ES,Federal Contract Tower,0,3,36,0,39,0,0,13,0,13,0,3,49,0,52,14,0,14,66
09/12/2022,AHN,GA,ASO,ES,Federal Contract Tower,0,5,9,0,14,0,0,30,0,30,0,5,39,0,44,32,0,32,76
09/13/2022,AHN,GA,ASO,ES,Federal Contract Tower,0,11,22,0,33,0,4,42,0,46,0,15,64,0,79,46,0,46,125
09/14/2022,AHN,GA,ASO,ES,Federal Contract Tower,0,3,23,0,26,0,0,47,0,47,0,3,70,0,73,79,0,79,152
09/15/2022,AHN,GA,ASO,ES,Federal Contract Tower,0,2,31,1,34,0,0,51,1,52,0,2,82,2,86,46,0,46,132
09/16/2022,AHN,GA,ASO,ES,Federal Contract Tower,0,6,27,3,36,0,1,53,3,57,0,7,80,6,93,76,0,76,169
09/17/2022,AHN,GA,ASO,ES,Federal Contract Tower,0,1,24,0,25,0,3,47,0,50,0,4,71,0,75,54,0,54,129
09/18/2022,AHN,GA,ASO,ES,Federal Contract Tower,0,2,19,6,27,0,0,35,4,39,0,2,54,10,66,38,0,38,104
09/19/2022,AHN,GA,ASO,ES,Federal Contract Tower,0,2,21,0,23,0,0,64,0,64,0,2,85,0,87,58,0,58,145
09/20/2022,AHN,GA,ASO,ES,Federal Contract Tower,0,1,14,5,20,0,0,55,0,55,0,1,69,5,75,42,0,42,117
09/21/2022,AHN,GA,ASO,ES,Federal Contract Tower,0,6,21,2,29,0,0,60,0,60,0,6,81,2,89,84,0,84,173
09/22/2022,AHN,GA,ASO,ES,Federal Contract Tower,0,7,26,1,34,0,0,71,1,72,0,7,97,2,106,62,0,62,168
09/23/2022,AHN,GA,ASO,ES,Federal Contract Tower,0,22,37,0,59,0,0,64,0,64,0,22,101,0,123,41,0,41,164
09/24/2022,AHN,GA,ASO,ES,Federal Contract Tower,0,13,41,0,54,0,0,51,0,51,0,13,92,0,105,0,0,0,105
09/25/2022,AHN,GA,ASO,ES,Federal Contract Tower,0,18,38,0,56,0,0,39,0,39,0,18,77,0,95,28,0,28,123
09/26/2022,AHN,GA,ASO,ES,Federal Contract Tower,0,1,8,0,9,0,0,51,0,51,0,1,59,0,60,60,0,60,120
09/27/2022,AHN,GA,ASO,ES,Federal Contract Tower,0,6,22,0,28,0,2,51,0,53,0,8,73,0,81,82,0,82,163
09/28/2022,AHN,GA,ASO,ES,Federal Contract Tower,0,5,13,0,18,0,0,50,0,50,0,5,63,0,68,38,0,38,106
09/29/2022,AHN,GA,ASO,ES,Federal Contract Tower,0,7,12,0,19,0,0,13,0,13,0,7,25,0,32,4,0,4,36
09/30/2022,AHN,GA,ASO,ES,Federal Contract Tower,0,11,6,0,17,0,0,2,0,2,0,11,8,0,19,0,0,0,19
10/01/2022,AHN,GA,ASO,ES,Federal Contract Tower,0,1,15,0,16,0,1,25,0,26,0,2,40,0,42,44,0,44,86
10/02/2022,AHN,GA,ASO,ES,Federal Contract Tower,0,8,20,0,28,0,0,37,0,37,0,8,57,0,65,40,0,40,105
10/03/2022,AHN,GA,ASO,ES,Federal Contract Tower,0,4,15,0,19,0,0,56,0,56,0,4,71,0,75,48,0,48,123
10/04/2022,AHN,GA,ASO,ES,Federal Contract Tower,0,0,29,0,29,0,3,39,1,43,0,3,68,1,72,62,2,64,136
10/05/2022,AHN,GA,ASO,ES,Federal Contract Tower,0,4,22,0,26,0,0,81,0,81,0,4,103,0,107,86,0,86,193
10/06/2022,AHN,GA,ASO,ES,Federal Contract Tower,0,7,34,2,43,0,4,66,0,70,0,11,100,2,113,96,0,96,209
10/07/2022,AHN,GA,ASO,ES,Federal Contract Tower,0,23,71,0,94,0,6,78,0,84,0,29,149,0,178,64,0,64,242
10/08/2022,AHN,GA,ASO,ES,Federal Contract Tower,0,34,113,0,147,0,67,0,0,67,0,101,113,0,214,0,0,0,214
10/09/2022,AHN,GA,ASO,ES,Federal Contract Tower,0,16,97,0,113,0,0,41,0,41,0,16,138,0,154,52,0,52,206
10/10/2022,AHN,GA,ASO,ES,Federal Contract Tower,0,7,35,0,42,0,0,46,0,46,0,7,81,0,88,62,0,62,150
10/11/2022,AHN,GA,ASO,ES,Federal Contract Tower,0,15,28,0,43,0,3,38,0,41,0,18,66,0,84,42,2,44,128
10/12/2022,AHN,GA,ASO,ES,Federal Contract Tower,0,13,22,0,35,0,0,4,0,4,0,13,26,0,39,0,0,0,39
10/13/2022,AHN,GA,ASO,ES,Federal Contract Tower,0,5,38,0,43,0,1,10,0,11,0,6,48,0,54,18,0,18,72
10/14/2022,AHN,GA,ASO,ES,Federal Contract Tower,0,10,59,0,69,0,3,84,0,87,0,13,143,0,156,36,6,42,198
10/15/2022,AHN,GA,ASO,ES,Federal Contract Tower,4,9,49,3,65,0,0,47,5,52,4,9,96,8,117,10,0,10,127
10/16/2022,AHN,GA,ASO,ES,Federal Contract Tower,0,12,49,6,67,0,0,68,0,68,0,12,117,6,135,28,0,28,163
10/17/2022,AHN,GA,ASO,ES,Federal Contract Tower,0,2,26,2,30,0,0,35,0,35,0,2,61,2,65,40,0,40,105
10/18/2022,AHN,GA,ASO,ES,Federal Contract Tower,0,11,13,0,24,0,1,45,0,46,0,12,58,0,70,54,0,54,124
10/19/2022,AHN,GA,ASO,ES,Federal Contract Tower,0,12,21,2,35,0,3,67,4,74,0,15,88,6,109,26,2,28,137
10/20/2022,AHN,GA,ASO,ES,Federal Contract Tower,0,8,26,0,34,0,0,56,2,58,0,8,82,2,92,64,0,64,156
10/21/2022,AHN,GA,ASO,ES,Federal Contract Tower,0,11,22,3,36,0,3,59,0,62,0,14,81,3,98,16,0,16,114
10/22/2022,AHN,GA,ASO,ES,Federal Contract Tower,0,4,21,5,30,0,4,51,0,55,0,8,72,5,85,30,0,30,115
10/23/2022,AHN,GA,ASO,ES,Federal Contract Tower,0,8,14,0,22,0,0,79,0,79,0,8,93,0,101,6,0,6,107
10/24/2022,AHN,GA,ASO,ES,Federal Contract Tower,0,1,23,1,25,0,0,46,0,46,0,1,69,1,71,50,0,50,121
10/25/2022,AHN,GA,ASO,ES,Federal Contract Tower,0,1,15,4,20,0,7,49,0,56,0,8,64,4,76,112,0,112,188
10/26/2022,AHN,GA,ASO,ES,Federal Contract Tower,0,4,36,2,42,0,0,35,0,35,0,4,71,2,77,32,0,32,109
10/27/2022,AHN,GA,ASO,ES,Federal Contract Tower,0,10,44,1,55,0,3,66,3,72,0,13,110,4,127,58,0,58,185
10/28/2022,AHN,GA,ASO,ES,Federal Contract Tower,4,6,14,0,24,0,2,39,2,43,4,8,53,2,67,28,0,28,95
10/29/2022,AHN,GA,ASO,ES,Federal Contract Tower,0,0,15,0,15,0,1,6,0,7,0,1,21,0,22,0,0,0,22
10/30/2022,AHN,GA,ASO,ES,Federal Contract Tower,0,2,26,0,28,0,0,0,0,0,0,2,26,0,28,0,0,0,28
10/31/2022,AHN,GA,ASO,ES,Federal Contract Tower,0,6,10,0,16,0,0,0,0,0,0,6,10,0,16,0,0,0,16
11/01/2022,AHN,GA,ASO,ES,Federal Contract Tower,0,3,11,0,14,0,5,38,4,47,0,8,49,4,61,48,0,48,109
11/02/2022,AHN,GA,ASO,ES,Federal Contract Tower,0,3,22,2,27,0,0,46,2,48,0,3,68,4,75,22,4,26,101
11/03/2022,AHN,GA,ASO,ES,Federal Contract Tower,0,2,41,0,43,0,2,66,1,69,0,4,107,1,112,28,6,34,146
11/04/2022,AHN,GA,ASO,ES,Federal Contract Tower,0,32,87,0,119,0,1,57,0,58,0,33,144,0,177,2,10,12,189
11/05/2022,AHN,GA,ASO,ES,Federal Contract Tower,4,65,166,0,235,0,1,10,0,11,4,66,176,0,246,20,0,20,266
11/06/2022,AHN,GA,ASO,ES,Federal Contract Tower,0,32,89,0,121,0,1,21,0,22,0,33,110,0,143,2,0,2,145
11/07/2022,AHN,GA,ASO,ES,Federal Contract Tower,0,9,14,0,23,0,0,31,0,31,0,9,45,0,54,56,0,56,110
11/08/2022,AHN,GA,ASO,ES,Federal Contract Tower,0,2,16,0,18,0,3,48,0,51,0,5,64,0,69,66,0,66,135
11/09/2022,AHN,GA,ASO,ES,Federal Contract Tower,0,1,22,0,23,0,1,39,0,40,0,2,61,0,63,10,0,10,73
11/10/2022,AHN,GA,ASO,ES,Federal Contract Tower,0,2,11,0,13,0,0,0,0,0,0,2,11,0,13,0,0,0,13
11/11/2022,AHN,GA,ASO,ES,Federal Contract Tower,0,4,12,0,16,0,0,0,0,0,0,4,12,0,16,0,0,0,16
11/12/2022,AHN,GA,ASO,ES,Federal Contract Tower,0,4,20,2,26,0,2,9,0,11,0,6,29,2,37,20,0,20,57
11/13/2022,AHN,GA,ASO,ES,Federal Contract Tower,0,3,13,0,16,0,0,39,0,39,0,3,52,0,55,66,0,66,121
11/14/2022,AHN,GA,ASO,ES,Federal Contract Tower,0,9,22,0,31,0,0,69,0,69,0,9,91,0,100,64,0,64,164
11/15/2022,AHN,GA,ASO,ES,Federal Contract Tower,0,1,14,2,17,0,0,0,0,0,0,1,14,2,17,0,0,0,17
11/16/2022,AHN,GA,ASO,ES,Federal Contract Tower,0,6,18,3,27,0,2,32,2,36,0,8,50,5,63,46,0,46,109
11/17/2022,AHN,GA,ASO,ES,Federal Contract Tower,0,10,19,0,29,0,8,53,0,61,0,18,72,0,90,88,4,92,182
11/18/2022,AHN,GA,ASO,ES,Federal Contract Tower,4,8,24,2,38,0,0,46,4,50,4,8,70,6,88,82,0,82,170
11/19/2022,AHN,GA,ASO,ES,Federal Contract Tower,0,7,15,0,22,0,1,45,0,46,0,8,60,0,68,14,0,14,82
11/20/2022,AHN,GA,ASO,ES,Federal Contract Tower,0,2,16,3,21,0,0,46,1,47,0,2,62,4,68,14,0,14,82
11/21/2022,AHN,GA,ASO,ES,Federal Contract Tower,0,0,27,0,27,0,0,59,0,59,0,0,86,0,86,74,0,74,160
11/22/2022,AHN,GA,ASO,ES,Federal Contract Tower,0,7,24,3,34,0,3,54,0,57,0,10,78,3,91,116,0,116,207
11/23/2022,AHN,GA,ASO,ES,Federal Contract Tower,0,3,41,0,44,0,0,35,0,35,0,3,76,0,79,84,0,84,163
11/24/2022,AHN,GA,ASO,ES,Federal Contract Tower,0,2,8,0,10,0,0,6,0,6,0,2,14,0,16,0,0,0,16
11/25/2022,AHN,GA,ASO,ES,Federal Contract Tower,0,3,27,0,30,0,0,6,4,10,0,3,33,4,40,18,0,18,58
11/26/2022,AHN,GA,ASO,ES,Federal Contract Tower,0,15,54,0,69,0,0,32,2,34,0,15,86,2,103,10,0,10,113
11/27/2022,AHN,GA,ASO,ES,Federal Contract Tower,0,11,30,0,41,0,0,21,0,21,0,11,51,0,62,0,0,0,62
11/28/2022,AHN,GA,ASO,ES,Federal Contract Tower,0,4,11,0,15,0,1,51,2,54,0,5,62,2,69,50,0,50,119
11/29/2022,AHN,GA,ASO,ES,Federal Contract Tower,0,6,21,2,29,0,0,54,0,54,0,6,75,2,83,76,0,76,159
11/30/2022,AHN,GA,ASO,ES,Federal Contract Tower,0,4,6,0,10,0,0,6,0,6,0,4,12,0,16,20,0,20,36
12/01/2022,AHN,GA,ASO,ES,Federal Contract Tower,0,4,20,0,24,0,2,57,0,59,0,6,77,0,83,78,0,78,161
12/02/2022,AHN,GA,ASO,ES,Federal Contract Tower,0,2,21,0,23,0,0,27,0,27,0,2,48,0,50,54,0,54,104
12/03/2022,AHN,GA,ASO,ES,Federal Contract Tower,0,2,11,0,13,0,0,2,0,2,0,2,13,0,15,0,0,0,15
12/04/2022,AHN,GA,ASO,ES,Federal Contract Tower,0,8,19,0,27,0,0,18,0,18,0,8,37,0,45,0,0,0,45
12/05/2022,AHN,GA,ASO,ES,Federal Contract Tower,0,4,22,0,26,0,0,0,0,0,0,4,22,0,26,0,0,0,26
12/06/2022,AHN,GA,ASO,ES,Federal Contract Tower,0,2,9,0,11,0,0,0,0,0,0,2,9,0,11,0,0,0,11
12/07/2022,AHN,GA,ASO,ES,Federal Contract Tower,0,10,19,0,29,0,0,2,0,2,0,10,21,0,31,0,0,0,31
12/08/2022,AHN,GA,ASO,ES,Federal Contract Tower,0,6,22,6,34,0,0,19,0,19,0,6,41,6,53,46,0,46,99
12/09/2022,AHN,GA,ASO,ES,Federal Contract Tower,0,14,13,0,27,0,0,0,0,0,0,14,13,0,27,0,0,0,27
12/10/2022,AHN,GA,ASO,ES,Federal Contract Tower,0,6,16,0,22,0,0,0,0,0,0,6,16,0,22,0,0,0,22
12/11/2022,AHN,GA,ASO,ES,Federal Contract Tower,0,10,18,0,28,0,0,0,0,0,0,10,18,0,28,0,0,0,28
12/12/2022,AHN,GA,ASO,ES,Federal Contract Tower,0,10,20,2,32,0,0,8,0,8,0,10,28,2,40,0,0,0,40
12/13/2022,AHN,GA,ASO,ES,Federal Contract Tower,0,7,38,2,47,0,0,43,0,43,0,7,81,2,90,92,0,92,182
12/14/2022,AHN,GA,ASO,ES,Federal Contract Tower,0,17,11,0,28,0,0,2,0,2,0,17,13,0,30,6,0,6,36
12/15/2022,AHN,GA,ASO,ES,Federal Contract Tower,0,2,21,2,25,0,0,22,4,26,0,2,43,6,51,42,0,42,93
12/16/2022,AHN,GA,ASO,ES,Federal Contract Tower,0,8,32,2,42,0,4,53,2,59,0,12,85,4,101,26,4,30,131
12/17/2022,AHN,GA,ASO,ES,Federal Contract Tower,0,4,13,0,17,0,1,33,0,34,0,5,46,0,51,66,0,66,117
12/18/2022,AHN,GA,ASO,ES,Federal Contract Tower,0,2,11,10,23,0,1,57,0,58,0,3,68,10,81,22,0,22,103
12/19/2022,AHN,GA,ASO,ES,Federal Contract Tower,0,3,19,0,22,0,2,47,0,49,0,5,66,0,71,36,0,36,107
12/20/2022,AHN,GA,ASO,ES,Federal Contract Tower,0,9,1,0,10,0,2,1,0,3,0,11,2,0,13,0,0,0,13
12/21/2022,AHN,GA,ASO,ES,Federal Contract Tower,0,5,15,0,20,0,0,30,0,30,0,5,45,0,50,40,0,40,90
12/22/2022,AHN,GA,ASO,ES,Federal Contract Tower,0,6,12,0,18,0,0,0,0,0,0,6,12,0,18,0,0,0,18
12/23/2022,AHN,GA,ASO,ES,Federal Contract Tower,0,2,1,0,3,0,0,0,0,0,0,2,1,0,3,0,0,0,3
12/24/2022,AHN,GA,ASO,ES,Federal Contract Tower,0,0,5,0,5,0,0,0,0,0,0,0,5,0,5,0,0,0,5
12/25/2022,AHN,GA,ASO,ES,Federal Contract Tower,0,0,0,0,0,0,0,6,0,6,0,0,6,0,6,0,0,0,6
12/26/2022,AHN,GA,ASO,ES,Federal Contract Tower,0,6,20,0,26,0,1,33,0,34,0,7,53,0,60,12,0,12,72
12/27/2022,AHN,GA,ASO,ES,Federal Contract Tower,0,9,12,0,21,0,4,41,0,45,0,13,53,0,66,32,0,32,98
12/28/2022,AHN,GA,ASO,ES,Federal Contract Tower,0,3,13,0,16,0,0,56,0,56,0,3,69,0,72,58,0,58,130
12/29/2022,AHN,GA,ASO,ES,Federal Contract Tower,0,2,11,5,18,0,0,80,0,80,0,2,91,5,98,42,0,42,140
12/30/2022,AHN,GA,ASO,ES,Federal Contract Tower,0,6,17,0,23,0,0,11,0,11,0,6,28,0,34,0,0,0,34
12/31/2022,AHN,GA,ASO,ES,Federal Contract Tower,0,2,4,0,6,0,0,0,0,0,0,2,4,0,6,0,0,0,6
01/01/2023,AHN,GA,ASO,ES,Federal Contract Tower,0,6,11,0,17,0,0,15,0,15,0,6,26,0,32,0,0,0,32
01/02/2023,AHN,GA,ASO,ES,Federal Contract Tower,0,10,18,0,28,0,0,8,0,8,0,10,26,0,36,32,0,32,68
01/03/2023,AHN,GA,ASO,ES,Federal Contract Tower,0,0,10,0,10,0,0,0,0,0,0,0,10,0,10,0,0,0,10
01/04/2023,AHN,GA,ASO,ES,Federal Contract Tower,0,0,7,0,7,0,0,5,0,5,0,0,12,0,12,24,0,24,36
01/05/2023,AHN,GA,ASO,ES,Federal Contract Tower,0,2,33,2,37,0,0,56,0,56,0,2,89,2,93,50,0,50,143
01/06/2023,AHN,GA,ASO,ES,Federal Contract Tower,0,3,31,9,43,0,2,48,0,50,0,5,79,9,93,24,4,28,121
01/07/2023,AHN,GA,ASO,ES,Federal Contract Tower,0,5,10,0,15,0,3,59,0,62,0,8,69,0,77,16,0,16,93
01/08/2023,AHN,GA,ASO,ES,Federal Contract Tower,0,2,10,0,12,0,0,31,0,31,0,2,41,0,43,10,0,10,53
01/09/2023,AHN,GA,ASO,ES,Federal Contract Tower,0,0,22,5,27,0,0,43,1,44,0,0,65,6,71,52,0,52,123
01/10/2023,AHN,GA,ASO,ES,Federal Contract Tower,0,3,16,2,21,0,0,38,2,40,0,3,54,4,61,54,0,54,115
01/11/2023,AHN,GA,ASO,ES,Federal Contract Tower,0,6,25,1,32,0,2,29,4,35,0,8,54,5,67,58,0,58,125
01/12/2023,AHN,GA,ASO,ES,Federal Contract Tower,0,8,13,0,21,0,0,5,1,6,0,8,18,1,27,0,0,0,27
01/13/2023,AHN,GA,ASO,ES,Federal Contract Tower,0,5,23,0,28,0,0,16,0,16,0,5,39,0,44,8,0,8,52
01/14/2023,AHN,GA,ASO,ES,Federal Contract Tower,0,2,14,0,16,0,0,37,0,37,0,2,51,0,53,10,0,10,63
01/15/2023,AHN,GA,ASO,ES,Federal Contract Tower,0,5,13,0,18,0,1,54,0,55,0,6,67,0,73,22,0,22,95
01/16/2023,AHN,GA,ASO,ES,Federal Contract Tower,0,3,29,0,32,0,2,72,0,74,0,5,101,0,106,78,0,78,184
01/17/2023,AHN,GA,ASO,ES,Federal Contract Tower,0,2,12,0,14,0,0,2,0,2,0,2,14,0,16,6,0,6,22
01/18/2023,AHN,GA,ASO,ES,Federal Contract Tower,0,3,19,0,22,0,0,0,0,0,0,3,19,0,22,0,0,0,22
01/19/2023,AHN,GA,ASO,ES,Federal Contract Tower,0,2,11,0,13,0,0,7,0,7,0,2,18,0,20,14,0,14,34
01/20/2023,AHN,GA,ASO,ES,Federal Contract Tower,2,18,20,2,42,0,2,49,2,53,2,20,69,4,95,12,0,12,107
01/21/2023,AHN,GA,ASO,ES,Federal Contract Tower,2,1,19,2,24,0,0,38,2,40,2,1,57,4,64,78,0,78,142
01/22/2023,AHN,GA,ASO,ES,Federal Contract Tower,0,5,5,0,10,0,0,0,0,0,0,5,5,0,10,0,0,0,10
01/23/2023,AHN,GA,ASO,ES,Federal Contract Tower,0,3,12,0,15,0,0,47,2,49,0,3,59,2,64,32,0,32,96
01/24/2023,AHN,GA,ASO,ES,Federal Contract Tower,0,5,22,2,29,0,1,74,0,75,0,6,96,2,104,100,2,102,206
01/25/2023,AHN,GA,ASO,ES,Federal Contract Tower,1,2,8,0,11,0,0,1,0,1,1,2,9,0,12,0,0,0,12
01/26/2023,AHN,GA,ASO,ES,Federal Contract Tower,0,3,18,0,21,0,1,33,1,35,0,4,51,1,56,26,0,26,82
01/27/2023,AHN,GA,ASO,ES,Federal Contract Tower,0,13,25,8,46,0,4,50,1,55,0,17,75,9,101,82,0,82,183
01/28/2023,AHN,GA,ASO,ES,Federal Contract Tower,0,8,18,1,27,0,1,61,3,65,0,9,79,4,92,106,0,106,198
01/29/2023,AHN,GA,ASO,ES,Federal Contract Tower,0,7,18,0,25,0,0,5,0,5,0,7,23,0,30,18,0,18,48
01/30/2023,AHN,GA,ASO,ES,Federal Contract Tower,0,11,24,0,35,0,0,0,0,0,0,11,24,0,35,0,0,0,35
01/31/2023,AHN,GA,ASO,ES,Federal Contract Tower,0,8,14,0,22,0,0,0,0,0,0,8,14,0,22,42,0,42,64
02/01/2023,AHN,GA,ASO,ES,Federal Contract Tower,0,4,33,4,41,0,0,29,2,31,0,4,62,6,72,96,8,104,176
02/02/2023,AHN,GA,ASO,ES,Federal Contract Tower,0,3,24,0,27,0,0,0,0,0,0,3,24,0,27,0,0,0,27
02/03/2023,AHN,GA,ASO,ES,Federal Contract Tower,0,34,2,0,36,0,1,56,2,59,0,35,58,2,95,84,0,84,179
02/04/2023,AHN,GA,ASO,ES,Federal Contract Tower,0,1,5,31,37,0,2,52,0,54,0,3,57,31,91,148,0,148,239
02/05/2023,AHN,GA,ASO,ES,Federal Contract Tower,0,7,40,8,55,0,2,27,0,29,0,9,67,8,84,68,0,68,152
02/06/2023,AHN,GA,ASO,ES,Federal Contract Tower,0,2,28,0,30,0,0,58,0,58,0,2,86,0,88,116,0,116,204
02/07/2023,AHN,GA,ASO,ES,Federal Contract Tower,0,5,9,0,14,0,8,60,0,68,0,13,69,0,82,126,0,126,208
02/08/2023,AHN,GA,ASO,ES,Federal Contract Tower,0,0,22,1,23,0,0,44,2,46,0,0,66,3,69,54,0,54,123
02/09/2023,AHN,GA,ASO,ES,Federal Contract Tower,0,8,20,2,30,0,0,4,0,4,0,8,24,2,34,0,0,0,34
02/10/2023,AHN,GA,ASO,ES,Federal Contract Tower,1,4,23,0,28,0,1,37,0,38,1,5,60,0,66,126,0,126,192
02/11/2023,AHN,GA,ASO,ES,Federal Contract Tower,3,2,8,0,13,0,0,8,0,8,3,2,16,0,21,0,0,0,21
02/12/2023,AHN,GA,ASO,ES,Federal Contract Tower,0,4,16,0,20,0,0,1,0,1,0,4,17,0,21,0,0,0,21
02/13/2023,AHN,GA,ASO,ES,Federal Contract Tower,0,4,34,4,42,0,0,52,0,52,0,4,86,4,94,106,0,106,200
02/14/2023,AHN,GA,ASO,ES,Federal Contract Tower,0,3,10,0,13,0,1,63,0,64,0,4,73,0,77,68,0,68,145
02/15/2023,AHN,GA,ASO,ES,Federal Contract Tower,0,2,26,1,29,0,0,16,1,17,0,2,42,2,46,80,0,80,126
02/16/2023,AHN,GA,ASO,ES,Federal Contract Tower,0,2,35,2,39,0,0,22,2,24,0,2,57,4,63,64,0,64,127
02/17/2023,AHN,GA,ASO,ES,Federal Contract Tower,0,4,23,2,29,0,0,13,0,13,0,4,36,2,42,18,0,18,60
02/18/2023,AHN,GA,ASO,ES,Federal Contract Tower,0,2,3,16,21,0,7,69,0,76,0,9,72,16,97,90,0,90,187
02/19/2023,AHN,GA,ASO,ES,Federal Contract Tower,0,4,32,2,38,0,0,61,0,61,0,4,93,2,99,52,0,52,151
02/20/2023,AHN,GA,ASO,ES,Federal Contract Tower,0,2,25,0,27,0,4,35,0,39,0,6,60,0,66,30,0,30,96
02/21/2023,AHN,GA,ASO,ES,Federal Contract Tower,1,2,23,0,26,0,0,27,0,27,1,2,50,0,53,122,0,122,175
02/22/2023,AHN,GA,ASO,ES,Federal Contract Tower,0,5,27,0,32,0,0,21,0,21,0,5,48,0,53,28,0,28,81
02/23/2023,AHN,GA,ASO,ES,Federal Contract Tower,0,3,28,0,31,0,0,27,0,27,0,3,55,0,58,20,0,20,78
02/24/2023,AHN,GA,ASO,ES,Federal Contract Tower,2,12,45,0,59,0,0,30,0,30,2,12,75,0,89,132,0,132,221
02/25/2023,AHN,GA,ASO,ES,Federal Contract Tower,2,2,17,0,21,0,0,0,0,0,2,2,17,0,21,0,0,0,21
02/26/2023,AHN,GA,ASO,ES,Federal Contract Tower,0,14,48,0,62,0,0,27,0,27,0,14,75,0,89,8,0,8,97
02/27/2023,AHN,GA,ASO,ES,Federal Contract Tower,2,3,23,1,29,0,1,13,1,15,2,4,36,2,44,20,0,20,64
02/28/2023,AHN,GA,ASO,ES,Federal Contract Tower,0,4,25,0,29,0,0,79,0,79,0,4,104,0,108,62,0,62,170
03/01/2023,AHN,GA,ASO,ES,Federal Contract Tower,0,6,19,0,25,0,0,15,0,15,0,6,34,0,40,54,0,54,94
03/02/2023,AHN,GA,ASO,ES,Federal Contract Tower,0,3,17,0,20,0,0,6,0,6,0,3,23,0,26,24,0,24,50
03/03/2023,AHN,GA,ASO,ES,Federal Contract Tower,0,6,12,0,18,0,0,0,0,0,0,6,12,0,18,0,0,0,18
03/04/2023,AHN,GA,ASO,ES,Federal Contract Tower,0,3,18,2,23,0,2,67,1,70,0,5,85,3,93,74,6,80,173
03/05/2023,AHN,GA,ASO,ES,Federal Contract Tower,0,6,12,0,18,0,2,69,0,71,0,8,81,0,89,74,0,74,163
03/06/2023,AHN,GA,ASO,ES,Federal Contract Tower,0,2,20,0,22,0,6,57,0,63,0,8,77,0,85,130,0,130,215
03/07/2023,AHN,GA,ASO,ES,Federal Contract Tower,0,3,9,0,12,0,2,62,0,64,0,5,71,0,76,22,0,22,98
03/08/2023,AHN,GA,ASO,ES,Federal Contract Tower,0,2,14,0,16,0,2,81,0,83,0,4,95,0,99,104,0,104,203
03/09/2023,AHN,GA,ASO,ES,Federal Contract Tower,0,3,33,0,36,0,6,44,0,50,0,9,77,0,86,46,0,46,132
03/10/2023,AHN,GA,ASO,ES,Federal Contract Tower,0,1,12,0,13,0,0,9,0,9,0,1,21,0,22,6,0,6,28
03/11/2023,AHN,GA,ASO,ES,Federal Contract Tower,0,8,17,0,25,0,0,64,4,68,0,8,81,4,93,72,2,74,167
03/12/2023,AHN,GA,ASO,ES,Federal Contract Tower,0,6,11,0,17,0,0,0,0,0,0,6,11,0,17,0,0,0,17
03/13/2023,AHN,GA,ASO,ES,Federal Contract Tower,0,1,17,0,18,0,0,37,0,37,0,1,54,0,55,54,2,56,111
03/14/2023,AHN,GA,ASO,ES,Federal Contract Tower,0,5,22,0,27,0,3,51,0,54,0,8,73,0,81,46,0,46,127
03/15/2023,AHN,GA,ASO,ES,Federal Contract Tower,2,5,22,0,29,0,2,70,0,72,2,7,92,0,101,48,0,48,149
03/16/2023,AHN,GA,ASO,ES,Federal Contract Tower,0,2,35,4,41,0,5,68,2,75,0,7,103,6,116,34,20,54,170
03/17/2023,AHN,GA,ASO,ES,Federal Contract Tower,0,9,19,0,28,0,0,0,0,0,0,9,19,0,28,0,0,0,28
03/18/2023,AHN,GA,ASO,ES,Federal Contract Tower,0,2,11,0,13,0,0,40,0,40,0,2,51,0,53,36,0,36,89
03/19/2023,AHN,GA,ASO,ES,Federal Contract Tower,0,9,26,0,35,0,7,21,0,28,0,16,47,0,63,66,0,66,129
03/20/2023,AHN,GA,ASO,ES,Federal Contract Tower,1,7,19,0,27,0,7,66,0,73,1,14,85,0,100,96,0,96,196
03/21/2023,AHN,GA,ASO,ES,Federal Contract Tower,0,0,21,2,23,0,2,55,2,59,0,2,76,4,82,170,0,170,252
03/22/2023,AHN,GA,ASO,ES,Federal Contract Tower,0,7,24,3,34,0,1,19,0,20,0,8,43,3,54,70,0,70,124
03/23/2023,AHN,GA,ASO,ES,Federal Contract Tower,0,1,15,2,18,0,0,28,0,28,0,1,43,2,46,76,0,76,122
03/24/2023,AHN,GA,ASO,ES,Federal Contract Tower,0,7,22,0,29,0,0,59,0,59,0,7,81,0,88,44,0,44,132
03/25/2023,AHN,GA,ASO,ES,Federal Contract Tower,0,2,8,3,13,0,0,13,0,13,0,2,21,3,26,40,0,40,66
03/26/2023,AHN,GA,ASO,ES,Federal Contract Tower,0,2,19,1,22,0,0,1,0,1,0,2,20,1,23,2,0,2,25
03/27/2023,AHN,GA,ASO,ES,Federal Contract Tower,0,3,17,1,21,0,2,12,0,14,0,5,29,1,35,48,0,48,83
03/28/2023,AHN,GA,ASO,ES,Federal Contract Tower,0,5,30,3,38,0,2,51,5,58,0,7,81,8,96,56,2,58,154
03/29/2023,AHN,GA,ASO,ES,Federal Contract Tower,0,3,19,4,26,0,6,76,1,83,0,9,95,5,109,50,0,50,159
03/30/2023,AHN,GA,ASO,ES,Federal Contract Tower,0,2,23,2,27,0,4,69,2,75,0,6,92,4,102,66,0,66,168
03/31/2023,AHN,GA,ASO,ES,Federal Contract Tower,0,3,29,6,38,0,0,44,0,44,0,3,73,6,82,10,0,10,92
04/01/2023,AHN,GA,ASO,ES,Federal Contract Tower,0,6,8,2,16,0,0,4,0,4,0,6,12,2,20,0,0,0,20
04/02/2023,AHN,GA,ASO,ES,Federal Contract Tower,0,8,35,0,43,0,4,46,2,52,0,12,81,2,95,144,0,144,239
04/03/2023,AHN,GA,ASO,ES,Federal Contract Tower,0,1,19,0,20,0,0,10,0,10,0,1,29,0,30,48,0,48,78
04/04/2023,AHN,GA,ASO,ES,Federal Contract Tower,0,0,28,0,28,0,0,14,0,14,0,0,42,0,42,10,0,10,52
04/05/2023,AHN,GA,ASO,ES,Federal Contract Tower,0,6,38,0,44,0,0,63,0,63,0,6,101,0,107,96,0,96,203
04/06/2023,AHN,GA,ASO,ES,Federal Contract Tower,0,13,29,0,42,0,1,32,2,35,0,14,61,2,77,68,0,68,145
04/07/2023,AHN,GA,ASO,ES,Federal Contract Tower,0,0,18,0,18,0,0,2,0,2,0,0,20,0,20,4,0,4,24
04/08/2023,AHN,GA,ASO,ES,Federal Contract Tower,0,13,3,0,16,0,0,1,0,1,0,13,4,0,17,0,0,0,17
04/09/2023,AHN,GA,ASO,ES,Federal Contract Tower,0,12,12,0,24,0,0,8,0,8,0,12,20,0,32,20,0,20,52
04/10/2023,AHN,GA,ASO,ES,Federal Contract Tower,0,6,32,0,38,0,4,53,0,57,0,10,85,0,95,74,0,74,169
04/11/2023,AHN,GA,ASO,ES,Federal Contract Tower,0,0,14,0,14,0,4,88,0,92,0,4,102,0,106,162,0,162,268
04/12/2023,AHN,GA,ASO,ES,Federal Contract Tower,0,7,25,0,32,0,2,64,0,66,0,9,89,0,98,124,0,124,222
04/13/2023,AHN,GA,ASO,ES,Federal Contract Tower,0,9,30,0,39,0,2,26,0,28,0,11,56,0,67,28,0,28,95
04/14/2023,AHN,GA,ASO,ES,Federal Contract Tower,0,5,20,3,28,0,0,7,2,9,0,5,27,5,37,0,0,0,37
04/15/2023,AHN,GA,ASO,ES,Federal Contract Tower,0,7,25,1,33,0,0,63,0,63,0,7,88,1,96,60,0,60,156
04/16/2023,AHN,GA,ASO,ES,Federal Contract Tower,0,10,27,8,45,0,0,13,0,13,0,10,40,8,58,48,0,48,106
04/17/2023,AHN,GA,ASO,ES,Federal Contract Tower,0,6,27,11,44,0,3,23,2,28,0,9,50,13,72,14,2,16,88
04/18/2023,AHN,GA,ASO,ES,Federal Contract Tower,0,1,24,0,25,0,0,71,2,73,0,1,95,2,98,108,0,108,206
04/19/2023,AHN,GA,ASO,ES,Federal Contract Tower,0,5,28,1,34,0,5,63,1,69,0,10,91,2,103,96,0,96,199
04/20/2023,AHN,GA,ASO,ES,Federal Contract Tower,0,2,23,0,25,0,8,94,0,102,0,10,117,0,127,112,2,114,241
04/21/2023,AHN,GA,ASO,ES,Federal Contract Tower,0,7,20,1,28,0,0,69,0,69,0,7,89,1,97,18,0,18,115
04/22/2023,AHN,GA,ASO,ES,Federal Contract Tower,2,4,20,0,26,0,0,28,0,28,2,4,48,0,54,8,0,8,62
04/23/2023,AHN,GA,ASO,ES,Federal Contract Tower,0,18,24,0,42,0,0,56,0,56,0,18,80,0,98,42,0,42,140
04/24/2023,AHN,GA,ASO,ES,Federal Contract Tower,0,6,29,0,35,0,4,40,0,44,0,10,69,0,79,58,0,58,137
04/25/2023,AHN,GA,ASO,ES,Federal Contract Tower,0,4,24,0,28,0,4,52,0,56,0,8,76,0,84,54,0,54,138
04/26/2023,AHN,GA,ASO,ES,Federal Contract Tower,0,1,19,0,20,0,0,7,0,7,0,1,26,0,27,10,0,10,37
04/27/2023,AHN,GA,ASO,ES,Federal Contract Tower,0,4,19,0,23,0,0,0,0,0,0,4,19,0,23,0,0,0,23
04/28/2023,AHN,GA,ASO,ES,Federal Contract Tower,0,4,25,2,31,0,1,20,22,43,0,5,45,24,74,34,0,34,108
04/29/2023,AHN,GA,ASO,ES,Federal Contract Tower,0,5,10,0,15,0,0,70,0,70,0,5,80,0,85,80,0,80,165
04/30/2023,AHN,GA,ASO,ES,Federal Contract Tower,0,4,13,0,17,0,0,4,0,4,0,4,17,0,21,0,0,0,21
05/01/2023,AHN,GA,ASO,ES,Federal Contract Tower,0,2,9,0,11,0,2,39,0,41,0,4,48,0,52,6,0,6,58
05/02/2023,AHN,GA,ASO,ES,Federal Contract Tower,0,1,14,0,15,0,0,26,0,26,0,1,40,0,41,22,0,22,63
05/03/2023,AHN,GA,ASO,ES,Federal Contract Tower,0,5,11,0,16,0,3,18,0,21,0,8,29,0,37,6,0,6,43
05/04/2023,AHN,GA,ASO,ES,Federal Contract Tower,0,5,34,0,39,0,0,75,0,75,0,5,109,0,114,62,0,62,176
05/05/2023,AHN,GA,ASO,ES,Federal Contract Tower,0,10,18,2,30,0,1,25,2,28,0,11,43,4,58,20,0,20,78
05/06/2023,AHN,GA,ASO,ES,Federal Contract Tower,0,4,23,0,27,0,0,37,0,37,0,4,60,0,64,98,0,98,162
05/07/2023,AHN,GA,ASO,ES,Federal Contract Tower,0,9,27,0,36,0,4,32,1,37,0,13,59,1,73,86,0,86,159
05/08/2023,AHN,GA,ASO,ES,Federal Contract Tower,0,6,23,0,29,0,3,15,0,18,0,9,38,0,47,16,0,16,63
05/09/2023,AHN,GA,ASO,ES,Federal Contract Tower,0,8,26,2,36,0,0,26,6,32,0,8,52,8,68,36,0,36,104
05/10/2023,AHN,GA,ASO,ES,Federal Contract Tower,0,14,39,2,55,0,1,44,4,49,0,15,83,6,104,60,0,60,164
05/11/2023,AHN,GA,ASO,ES,Federal Contract Tower,0,16,35,0,51,0,2,39,0,41,0,18,74,0,92,18,0,18,110
05/12/2023,AHN,GA,ASO,ES,Federal Contract Tower,0,8,27,0,35,0,0,7,0,7,0,8,34,0,42,0,0,0,42
05/13/2023,AHN,GA,ASO,ES,Federal Contract Tower,0,8,35,0,43,0,0,12,0,12,0,8,47,0,55,8,0,8,63
05/14/2023,AHN,GA,ASO,ES,Federal Contract Tower,0,16,15,3,34,0,2,34,4,40,0,18,49,7,74,60,0,60,134
05/15/2023,AHN,GA,ASO,ES,Federal Contract Tower,0,8,20,0,28,0,2,33,0,35,0,10,53,0,63,100,0,100,163
05/16/2023,AHN,GA,ASO,ES,Federal Contract Tower,0,3,32,0,35,0,0,12,0,12,0,3,44,0,47,8,0,8,55
05/17/2023,AHN,GA,ASO,ES,Federal Contract Tower,0,10,24,2,36,0,0,11,2,13,0,10,35,4,49,0,0,0,49
05/18/2023,AHN,GA,ASO,ES,Federal Contract Tower,0,2,24,0,26,0,0,0,0,0,0,2,24,0,26,0,0,0,26
05/19/2023,AHN,GA,ASO,ES,Federal Contract Tower,0,11,50,2,63,0,0,26,0,26,0,11,76,2,89,4,0,4,93
05/20/2023,AHN,GA,ASO,ES,Federal Contract Tower,0,7,23,0,30,0,0,22,0,22,0,7,45,0,52,20,0,20,72
05/21/2023,AHN,GA,ASO,ES,Federal Contract Tower,0,9,15,0,24,0,0,29,0,29,0,9,44,0,53,28,0,28,81
05/22/2023,AHN,GA,ASO,ES,Federal Contract Tower,0,14,21,0,35,0,2,20,0,22,0,16,41,0,57,44,0,44,101
05/23/2023,AHN,GA,ASO,ES,Federal Contract Tower,0,4,16,0,20,0,1,22,0,23,0,5,38,0,43,32,0,32,75
05/24/2023,AHN,GA,ASO,ES,Federal Contract Tower,0,6,28,2,36,0,8,57,0,65,0,14,85,2,101,40,0,40,141
05/25/2023,AHN,GA,ASO,ES,Federal Contract Tower,0,2,17,0,19,0,3,55,0,58,0,5,72,0,77,54,0,54,131
05/26/2023,AHN,GA,ASO,ES,Federal Contract Tower,0,1,21,0,22,0,0,25,0,25,0,1,46,0,47,20,0,20,67
05/27/2023,AHN,GA,ASO,ES,Federal Contract Tower,0,2,3,0,5,0,0,13,0,13,0,2,16,0,18,0,0,0,18
05/28/2023,AHN,GA,ASO,ES,Federal Contract Tower,0,5,4,0,9,0,0,8,0,8,0,5,12,0,17,1,0,1,18
05/29/2023,AHN,GA,ASO,ES,Federal Contract Tower,0,12,28,0,40,0,2,48,0,50,0,14,76,0,90,74,0,74,164
05/30/2023,AHN,GA,ASO,ES,Federal Contract Tower,0,4,16,0,20,0,2,30,0,32,0,6,46,0,52,80,0,80,132
06/01/2023,AHN,GA,ASO,ES,Federal Contract Tower,0,2,26,0,28,0,1,49,0,50,0,3,75,0,78,16,0,16,94
06/02/2023,AHN,GA,ASO,ES,Federal Contract Tower,0,8,11,3,22,0,0,41,1,42,0,8,52,4,64,36,0,36,100
06/03/2023,AHN,GA,ASO,ES,Federal Contract Tower,0,4,11,2,17,0,0,60,5,65,0,4,71,7,82,62,0,62,144
06/04/2023,AHN,GA,ASO,ES,Federal Contract Tower,0,3,8,1,12,0,0,20,7,27,0,3,28,8,39,34,0,34,73
06/05/2023,AHN,GA,ASO,ES,Federal Contract Tower,0,0,18,1,19,0,0,16,0,16,0,0,34,1,35,20,0,20,55
06/06/2023,AHN,GA,ASO,ES,Federal Contract Tower,0,4,22,3,29,0,1,47,2,50,0,5,69,5,79,78,0,78,157
06/07/2023,AHN,GA,ASO,ES,Federal Contract Tower,0,12,14,0,26,0,5,63,0,68,0,17,77,0,94,52,0,52,146
06/08/2023,AHN,GA,ASO,ES,Federal Contract Tower,0,1,13,0,14,0,0,43,0,43,0,1,56,0,57,122,0,122,179
06/09/2023,AHN,GA,ASO,ES,Federal Contract Tower,0,2,20,2,24,0,0,42,0,42,0,2,62,2,66,84,0,84,150
06/10/2023,AHN,GA,ASO,ES,Federal Contract Tower,0,0,19,0,19,0,0,46,0,46,0,0,65,0,65,66,0,66,131
06/11/2023,AHN,GA,ASO,ES,Federal Contract Tower,0,0,17,0,17,0,0,1,0,1,0,0,18,0,18,0,0,0,18
06/12/2023,AHN,GA,ASO,ES,Federal Contract Tower,0,5,16,0,21,0,2,10,0,12,0,7,26,0,33,22,0,22,55
06/13/2023,AHN,GA,ASO,ES,Federal Contract Tower,0,1,18,0,19,0,0,61,0,61,0,1,79,0,80,100,0,100,180
06/14/2023,AHN,GA,ASO,ES,Federal Contract Tower,0,4,18,0,22,0,0,3,0,3,0,4,21,0,25,0,0,0,25
06/15/2023,AHN,GA,ASO,ES,Federal Contract Tower,0,5,26,0,31,0,0,19,0,19,0,5,45,0,50,64,16,80,130
06/16/2023,AHN,GA,ASO,ES,Federal Contract Tower,0,2,18,5,25,0,0,35,2,37,0,2,53,7,62,18,0,18,80
06/17/2023,AHN,GA,ASO,ES,Federal Contract Tower,0,0,23,0,23,0,0,52,0,52,0,0,75,0,75,40,0,40,115
06/18/2023,AHN,GA,ASO,ES,Federal Contract Tower,0,0,16,4,20,0,0,42,0,42,0,0,58,4,62,46,0,46,108
06/19/2023,AHN,GA,ASO,ES,Federal Contract Tower,0,2,8,0,10,0,0,3,0,3,0,2,11,0,13,0,0,0,13
06/20/2023,AHN,GA,ASO,ES,Federal Contract Tower,0,0,23,0,23,0,0,5,0,5,0,0,28,0,28,20,0,20,48
06/21/2023,AHN,GA,ASO,ES,Federal Contract Tower,0,3,7,0,10,0,0,0,0,0,0,3,7,0,10,0,0,0,10
06/23/2023,AHN,GA,ASO,ES,Federal Contract Tower,0,4,32,0,36,0,4,22,0,26,0,8,54,0,62,28,0,28,90
06/24/2023,AHN,GA,ASO,ES,Federal Contract Tower,0,5,9,0,14,0,7,55,0,62,0,12,64,0,76,50,0,50,126
06/25/2023,AHN,GA,ASO,ES,Federal Contract Tower,0,7,27,0,34,0,4,20,0,24,0,11,47,0,58,26,0,26,84
06/26/2023,AHN,GA,ASO,ES,Federal Contract Tower,0,4,27,2,33,0,0,47,0,47,0,4,74,2,80,22,0,22,102
06/27/2023,AHN,GA,ASO,ES,Federal Contract Tower,0,3,23,0,26,0,0,45,0,45,0,3,68,0,71,82,0,82,153
06/28/2023,AHN,GA,ASO,ES,Federal Contract Tower,0,3,29,0,32,0,0,59,0,59,0,3,88,0,91,60,0,60,151
06/29/2023,AHN,GA,ASO,ES,Federal Contract Tower,0,4,24,0,28,0,0,60,1,61,0,4,84,1,89,110,0,110,199
06/30/2023,AHN,GA,ASO,ES,Federal Contract Tower,0,6,21,0,27,0,0,23,0,23,0,6,44,0,50,28,0,28,78
07/01/2023,AHN,GA,ASO,ES,Federal Contract Tower,0,4,7,0,11,0,2,29,0,31,0,6,36,0,42,82,0,82,124
07/02/2023,AHN,GA,ASO,ES,Federal Contract Tower,0,3,6,0,9,0,0,20,0,20,0,3,26,0,29,8,0,8,37
07/03/2023,AHN,GA,ASO,ES,Federal Contract Tower,0,1,19,0,20,0,0,33,0,33,0,1,52,0,53,56,0,56,109
07/04/2023,AHN,GA,ASO,ES,Federal Contract Tower,0,0,7,0,7,0,0,15,0,15,0,0,22,0,22,56,0,56,78
07/05/2023,AHN,GA,ASO,ES,Federal Contract Tower,0,12,25,2,39,0,5,17,8,30,0,17,42,10,69,44,0,44,113
07/06/2023,AHN,GA,ASO,ES,Federal Contract Tower,0,4,26,0,30,0,2,57,0,59,0,6,83,0,89,30,0,30,119
07/07/2023,AHN,GA,ASO,ES,Federal Contract Tower,0,2,24,1,27,0,0,28,2,30,0,2,52,3,57,68,6,74,131
07/08/2023,AHN,GA,ASO,ES,Federal Contract Tower,0,4,26,0,30,0,5,54,1,60,0,9,80,1,90,104,0,104,194
07/09/2023,AHN,GA,ASO,ES,Federal Contract Tower,0,4,31,0,35,0,0,28,0,28,0,4,59,0,63,44,0,44,107
07/10/2023,AHN,GA,ASO,ES,Federal Contract Tower,0,9,14,0,23,0,0,20,0,20,0,9,34,0,43,20,0,20,63
07/11/2023,AHN,GA,ASO,ES,Federal Contract Tower,0,3,23,0,26,0,0,68,1,69,0,3,91,1,95,86,0,86,181
07/12/2023,AHN,GA,ASO,ES,Federal Contract Tower,0,16,23,0,39,0,5,48,0,53,0,21,71,0,92,54,0,54,146
07/13/2023,AHN,GA,ASO,ES,Federal Contract Tower,0,4,26,0,30,0,0,42,0,42,0,4,68,0,72,22,10,32,104
07/14/2023,AHN,GA,ASO,ES,Federal Contract Tower,0,9,42,4,55,0,1,27,0,28,0,10,69,4,83,36,0,36,119
07/15/2023,AHN,GA,ASO,ES,Federal Contract Tower,0,1,28,0,29,0,1,41,0,42,0,2,69,0,71,46,0,46,117
07/16/2023,AHN,GA,ASO,ES,Federal Contract Tower,0,2,16,2,20,0,0,44,2,46,0,2,60,4,66,90,0,90,156
07/17/2023,AHN,GA,ASO,ES,Federal Contract Tower,0,4,19,4,27,0,1,38,0,39,0,5,57,4,66,64,0,64,130
07/18/2023,AHN,GA,ASO,ES,Federal Contract Tower,0,2,33,0,35,0,0,31,0,31,0,2,64,0,66,52,0,52,118
07/19/2023,AHN,GA,ASO,ES,Federal Contract Tower,0,4,8,0,12,0,0,46,1,47,0,4,54,1,59,52,0,52,111
07/20/2023,AHN,GA,ASO,ES,Federal Contract Tower,0,4,26,0,30,0,0,48,1,49,0,4,74,1,79,60,0,60,139
07/21/2023,AHN,GA,ASO,ES,Federal Contract Tower,0,3,21,0,24,0,2,26,0,28,0,5,47,0,52,42,0,42,94
07/22/2023,AHN,GA,ASO,ES,Federal Contract Tower,0,0,14,2,16,0,3,35,0,38,0,3,49,2,54,42,0,42,96
07/23/2023,AHN,GA,ASO,ES,Federal Contract Tower,0,0,14,3,17,0,3,36,0,39,0,3,50,3,56,18,0,18,74
07/24/2023,AHN,GA,ASO,ES,Federal Contract Tower,0,0,8,0,8,0,0,37,0,37,0,0,45,0,45,60,0,60,105
07/25/2023,AHN,GA,ASO,ES,Federal Contract Tower,0,6,19,7,32,0,0,48,1,49,0,6,67,8,81,72,0,72,153
07/26/2023,AHN,GA,ASO,ES,Federal Contract Tower,0,3,13,0,16,0,13,57,0,70,0,16,70,0,86,44,0,44,130
07/27/2023,AHN,GA,ASO,ES,Federal Contract Tower,0,9,22,2,33,0,2,43,0,45,0,11,65,2,78,82,0,82,160
07/28/2023,AHN,GA,ASO,ES,Federal Contract Tower,0,11,18,6,35,0,2,48,0,50,0,13,66,6,85,46,0,46,131
07/29/2023,AHN,GA,ASO,ES,Federal Contract Tower,0,7,18,2,27,0,5,35,1,41,0,12,53,3,68,22,6,28,96
07/30/2023,AHN,GA,ASO,ES,Federal Contract Tower,0,7,15,2,24,0,5,28,0,33,0,12,43,2,57,16,0,16,73
07/31/2023,AHN,GA,ASO,ES,Federal Contract Tower,0,1,17,1,19,0,0,54,1,55,0,1,71,2,74,52,0,52,126
08/01/2023,AHN,GA,ASO,ES,Federal Contract Tower,0,3,13,2,18,0,0,40,0,40,0,3,53,2,58,70,0,70,128
08/02/2023,AHN,GA,ASO,ES,Federal Contract Tower,0,0,22,0,22,0,0,17,0,17,0,0,39,0,39,16,0,16,55
08/03/2023,AHN,GA,ASO,ES,Federal Contract Tower,0,2,19,2,23,0,0,12,0,12,0,2,31,2,35,8,0,8,43
08/04/2023,AHN,GA,ASO,ES,Federal Contract Tower,0,3,30,0,33,0,1,17,3,21,0,4,47,3,54,22,0,22,76
08/05/2023,AHN,GA,ASO,ES,Federal Contract Tower,0,1,7,0,8,0,5,69,0,74,0,6,76,0,82,82,0,82,164
08/06/2023,AHN,GA,ASO,ES,Federal Contract Tower,0,2,17,0,19,0,0,19,4,23,0,2,36,4,42,4,0,4,46
08/07/2023,AHN,GA,ASO,ES,Federal Contract Tower,0,3,17,2,22,0,0,28,0,28,0,3,45,2,50,40,0,40,90
08/08/2023,AHN,GA,ASO,ES,Federal Contract Tower,0,0,32,3,35,0,0,59,1,60,0,0,91,4,95,34,0,34,129
08/09/2023,AHN,GA,ASO,ES,Federal Contract Tower,0,5,20,0,25,0,0,60,2,62,0,5,80,2,87,86,0,86,173
08/10/2023,AHN,GA,ASO,ES,Federal Contract Tower,0,10,24,0,34,0,3,19,0,22,0,13,43,0,56,30,0,30,86
08/11/2023,AHN,GA,ASO,ES,Federal Contract Tower,0,5,19,0,24,0,1,18,0,19,0,6,37,0,43,24,0,24,67
08/12/2023,AHN,GA,ASO,ES,Federal Contract Tower,0,15,39,0,54,0,2,39,0,41,0,17,78,0,95,12,0,12,107
08/13/2023,AHN,GA,ASO,ES,Federal Contract Tower,0,1,18,2,21,0,0,31,2,33,0,1,49,4,54,36,0,36,90
08/14/2023,AHN,GA,ASO,ES,Federal Contract Tower,0,8,21,0,29,0,0,49,0,49,0,8,70,0,78,76,0,76,154
08/15/2023,AHN,GA,ASO,ES,Federal Contract Tower,0,2,22,0,24,0,0,33,0,33,0,2,55,0,57,30,0,30,87
08/16/2023,AHN,GA,ASO,ES,Federal Contract Tower,0,5,23,2,30,0,0,74,0,74,0,5,97,2,104,86,0,86,190
08/17/2023,AHN,GA,ASO,ES,Federal Contract Tower,0,1,23,1,25,0,1,73,0,74,0,2,96,1,99,76,0,76,175
08/18/2023,AHN,GA,ASO,ES,Federal Contract Tower,0,4,17,0,21,0,5,62,0,67,0,9,79,0,88,70,0,70,158
08/19/2023,AHN,GA,ASO,ES,Federal Contract Tower,0,1,10,0,11,0,0,2,0,2,0,1,12,0,13,40,0,40,53
08/20/2023,AHN,GA,ASO,ES,Federal Contract Tower,0,6,15,2,23,0,2,39,2,43,0,8,54,4,66,34,12,46,112
08/21/2023,AHN,GA,ASO,ES,Federal Contract Tower,0,0,29,0,29,0,0,36,0,36,0,0,65,0,65,52,0,52,117
08/22/2023,AHN,GA,ASO,ES,Federal Contract Tower,0,0,15,3,18,0,0,49,5,54,0,0,64,8,72,46,26,72,144
08/23/2023,AHN,GA,ASO,ES,Federal Contract Tower,0,2,20,0,22,0,4,63,0,67,0,6,83,0,89,38,0,38,127
08/24/2023,AHN,GA,ASO,ES,Federal Contract Tower,0,0,25,4,29,0,8,56,0,64,0,8,81,4,93,34,0,34,127
08/25/2023,AHN,GA,ASO,ES,Federal Contract Tower,0,0,29,4,33,0,7,41,4,52,0,7,70,8,85,48,0,48,133
08/26/2023,AHN,GA,ASO,ES,Federal Contract Tower,0,3,11,0,14,0,3,67,0,70,0,6,78,0,84,18,0,18,102
08/27/2023,AHN,GA,ASO,ES,Federal Contract Tower,0,0,26,2,28,0,2,36,6,44,0,2,62,8,72,18,0,18,90
08/28/2023,AHN,GA,ASO,ES,Federal Contract Tower,0,3,26,2,31,0,0,15,1,16,0,3,41,3,47,22,0,22,69
08/30/2023,AHN,GA,ASO,ES,Federal Contract Tower,0,0,2,0,2,0,0,0,0,0,0,0,2,0,2,0,0,0,2
01/01/2020,AHN,GA,ASO,ES,Federal Contract Tower,0,0,16,0,16,0,0,38,0,38,0,0,54,0,54,26,0,26,80
01/02/2020,AHN,GA,ASO,ES,Federal Contract Tower,4,2,19,2,27,0,0,17,0,17,4,2,36,2,44,2,0,2,46
01/03/2020,AHN,GA,ASO,ES,Federal Contract Tower,0,0,13,0,13,0,0,0,0,0,0,0,13,0,13,0,0,0,13
01/04/2020,AHN,GA,ASO,ES,Federal Contract Tower,0,2,14,1,17,0,0,15,0,15,0,2,29,1,32,30,0,30,62
01/05/2020,AHN,GA,ASO,ES,Federal Contract Tower,0,4,18,1,23,0,1,98,0,99,0,5,116,1,122,64,0,64,186
01/06/2020,AHN,GA,ASO,ES,Federal Contract Tower,2,0,22,2,26,0,0,86,0,86,2,0,108,2,112,94,0,94,206
01/07/2020,AHN,GA,ASO,ES,Federal Contract Tower,0,1,21,0,22,0,0,30,0,30,0,1,51,0,52,42,0,42,94
01/08/2020,AHN,GA,ASO,ES,Federal Contract Tower,0,8,40,2,50,0,0,87,0,87,0,8,127,2,137,62,0,62,199
01/09/2020,AHN,GA,ASO,ES,Federal Contract Tower,0,1,18,0,19,0,3,102,4,109,0,4,120,4,128,12,0,12,140
01/10/2020,AHN,GA,ASO,ES,Federal Contract Tower,0,2,24,0,26,0,0,74,2,76,0,2,98,2,102,52,0,52,154
01/11/2020,AHN,GA,ASO,ES,Federal Contract Tower,0,0,6,0,6,0,0,0,0,0,0,0,6,0,6,0,0,0,6
01/12/2020,AHN,GA,ASO,ES,Federal Contract Tower,0,0,32,4,36,0,2,110,0,112,0,2,142,4,148,34,0,34,182
01/13/2020,AHN,GA,ASO,ES,Federal Contract Tower,0,0,3,0,3,0,0,2,0,2,0,0,5,0,5,0,0,0,5
01/14/2020,AHN,GA,ASO,ES,Federal Contract Tower,1,0,8,3,12,0,0,0,1,1,1,0,8,4,13,0,0,0,13
01/15/2020,AHN,GA,ASO,ES,Federal Contract Tower,1,3,13,0,17,0,0,40,0,40,1,3,53,0,57,50,0,50,107
01/16/2020,AHN,GA,ASO,ES,Federal Contract Tower,0,2,24,0,26,0,0,82,0,82,0,2,106,0,108,26,0,26,134
01/17/2020,AHN,GA,ASO,ES,Federal Contract Tower,0,1,30,6,37,0,0,102,2,104,0,1,132,8,141,46,4,50,191
01/18/2020,AHN,GA,ASO,ES,Federal Contract Tower,0,4,15,4,23,0,0,5,0,5,0,4,20,4,28,4,0,4,32
01/19/2020,AHN,GA,ASO,ES,Federal Contract Tower,0,2,34,11,47,0,59,2,0,61,0,61,36,11,108,80,0,80,188
01/20/2020,AHN,GA,ASO,ES,Federal Contract Tower,0,5,32,0,37,0,0,93,0,93,0,5,125,0,130,90,0,90,220
01/21/2020,AHN,GA,ASO,ES,Federal Contract Tower,0,4,12,0,16,0,5,82,0,87,0,9,94,0,103,38,0,38,141
01/22/2020,AHN,GA,ASO,ES,Federal Contract Tower,0,5,16,1,22,0,0,68,1,69,0,5,84,2,91,84,4,88,179
01/23/2020,AHN,GA,ASO,ES,Federal Contract Tower,0,7,27,2,36,0,1,46,0,47,0,8,73,2,83,56,0,56,139
01/24/2020,AHN,GA,ASO,ES,Federal Contract Tower,0,10,8,2,20,0,0,0,0,0,0,10,8,2,20,0,0,0,20
01/25/2020,AHN,GA,ASO,ES,Federal Contract Tower,0,5,26,0,31,0,0,71,0,71,0,5,97,0,102,68,0,68,170
01/26/2020,AHN,GA,ASO,ES,Federal Contract Tower,0,10,16,0,26,0,1,81,2,84,0,11,97,2,110,38,0,38,148
01/27/2020,AHN,GA,ASO,ES,Federal Contract Tower,0,3,22,0,25,0,0,25,0,25,0,3,47,0,50,20,0,20,70
01/28/2020,AHN,GA,ASO,ES,Federal Contract Tower,0,6,25,0,31,0,2,85,0,87,0,8,110,0,118,122,0,122,240
01/29/2020,AHN,GA,ASO,ES,Federal Contract Tower,0,8,22,0,30,0,0,57,0,57,0,8,79,0,87,106,0,106,193
01/30/2020,AHN,GA,ASO,ES,Federal Contract Tower,0,3,33,0,36,0,2,68,0,70,0,5,101,0,106,126,0,126,232
01/31/2020,AHN,GA,ASO,ES,Federal Contract Tower,1,3,5,0,9,0,0,0,0,0,1,3,5,0,9,0,0,0,9
02/01/2020,AHN,GA,ASO,ES,Federal Contract Tower,0,3,26,0,29,0,0,19,0,19,0,3,45,0,48,20,0,20,68
02/02/2020,AHN,GA,ASO,ES,Federal Contract Tower,0,1,22,4,27,0,1,62,0,63,0,2,84,4,90,34,0,34,124
02/03/2020,AHN,GA,ASO,ES,Federal Contract Tower,0,1,15,2,18,0,1,70,0,71,0,2,85,2,89,72,0,72,161
02/04/2020,AHN,GA,ASO,ES,Federal Contract Tower,0,8,29,0,37,0,0,41,0,41,0,8,70,0,78,146,0,146,224
02/05/2020,AHN,GA,ASO,ES,Federal Contract Tower,0,2,33,0,35,0,0,0,0,0,0,2,33,0,35,0,0,0,35
02/06/2020,AHN,GA,ASO,ES,Federal Contract Tower,0,2,6,0,8,0,0,0,0,0,0,2,6,0,8,0,0,0,8
02/07/2020,AHN,GA,ASO,ES,Federal Contract Tower,0,6,20,0,26,0,0,22,2,24,0,6,42,2,50,42,4,46,96
02/08/2020,AHN,GA,ASO,ES,Federal Contract Tower,0,2,5,0,7,0,0,5,0,5,0,2,10,0,12,26,0,26,38
02/09/2020,AHN,GA,ASO,ES,Federal Contract Tower,0,2,39,0,41,0,2,20,0,22,0,4,59,0,63,18,0,18,81
02/10/2020,AHN,GA,ASO,ES,Federal Contract Tower,0,27,0,0,27,0,0,20,0,20,0,27,20,0,47,100,0,100,147
02/11/2020,AHN,GA,ASO,ES,Federal Contract Tower,0,0,17,0,17,0,0,4,0,4,0,0,21,0,21,8,0,8,29
02/12/2020,AHN,GA,ASO,ES,Federal Contract Tower,0,3,30,0,33,0,0,32,0,32,0,3,62,0,65,198,0,198,263
02/13/2020,AHN,GA,ASO,ES,Federal Contract Tower,0,2,19,0,21,0,0,33,2,35,0,2,52,2,56,64,2,66,122
02/14/2020,AHN,GA,ASO,ES,Federal Contract Tower,0,8,34,0,42,0,0,109,0,109,0,8,143,0,151,156,0,156,307
02/15/2020,AHN,GA,ASO,ES,Federal Contract Tower,0,2,20,0,22,0,0,103,0,103,0,2,123,0,125,148,0,148,273
02/16/2020,AHN,GA,ASO,ES,Federal Contract Tower,0,8,26,0,34,0,1,17,0,18,0,9,43,0,52,44,0,44,96
02/17/2020,AHN,GA,ASO,ES,Federal Contract Tower,0,3,27,0,30,0,1,7,0,8,0,4,34,0,38,94,0,94,132
02/18/2020,AHN,GA,ASO,ES,Federal Contract Tower,0,2,11,0,13,0,0,0,0,0,0,2,11,0,13,0,0,0,13
02/19/2020,AHN,GA,ASO,ES,Federal Contract Tower,0,2,21,0,23,0,0,0,0,0,0,2,21,0,23,0,0,0,23
02/20/2020,AHN,GA,ASO,ES,Federal Contract Tower,0,1,12,0,13,0,0,0,0,0,0,1,12,0,13,0,0,0,13
02/21/2020,AHN,GA,ASO,ES,Federal Contract Tower,0,5,44,4,53,0,0,109,3,112,0,5,153,7,165,144,2,146,311
02/22/2020,AHN,GA,ASO,ES,Federal Contract Tower,0,3,20,0,23,0,0,114,0,114,0,3,134,0,137,224,0,224,361
02/23/2020,AHN,GA,ASO,ES,Federal Contract Tower,0,4,26,4,34,0,1,78,0,79,0,5,104,4,113,158,0,158,271
02/24/2020,AHN,GA,ASO,ES,Federal Contract Tower,0,1,10,0,11,0,0,0,0,0,0,1,10,0,11,108,0,108,119
02/25/2020,AHN,GA,ASO,ES,Federal Contract Tower,0,4,27,7,38,0,2,16,3,21,0,6,43,10,59,60,4,64,123
02/26/2020,AHN,GA,ASO,ES,Federal Contract Tower,0,6,20,0,26,0,0,69,1,70,0,6,89,1,96,128,6,134,230
02/27/2020,AHN,GA,ASO,ES,Federal Contract Tower,0,0,10,0,10,0,0,49,0,49,0,0,59,0,59,46,0,46,105
02/28/2020,AHN,GA,ASO,ES,Federal Contract Tower,2,7,16,0,25,0,0,41,4,45,2,7,57,4,70,32,0,32,102
02/29/2020,AHN,GA,ASO,ES,Federal Contract Tower,2,3,14,5,24,0,0,29,11,40,2,3,43,16,64,12,6,18,82
03/01/2020,AHN,GA,ASO,ES,Federal Contract Tower,0,8,26,0,34,0,0,47,0,47,0,8,73,0,81,54,0,54,135
03/02/2020,AHN,GA,ASO,ES,Federal Contract Tower,0,1,15,0,16,0,0,14,0,14,0,1,29,0,30,10,0,10,40
03/03/2020,AHN,GA,ASO,ES,Federal Contract Tower,1,4,14,0,19,0,0,5,0,5,1,4,19,0,24,6,0,6,30
03/04/2020,AHN,GA,ASO,ES,Federal Contract Tower,0,1,13,0,14,0,0,0,0,0,0,1,13,0,14,0,0,0,14
03/05/2020,AHN,GA,ASO,ES,Federal Contract Tower,0,1,3,0,4,0,0,0,0,0,0,1,3,0,4,0,0,0,4
03/06/2020,AHN,GA,ASO,ES,Federal Contract Tower,0,7,29,4,40,0,0,34,0,34,0,7,63,4,74,14,0,14,88
03/07/2020,AHN,GA,ASO,ES,Federal Contract Tower,0,3,25,6,34,0,0,54,2,56,0,3,79,8,90,50,0,50,140
03/08/2020,AHN,GA,ASO,ES,Federal Contract Tower,0,3,19,0,22,0,0,35,0,35,0,3,54,0,57,22,0,22,79
03/09/2020,AHN,GA,ASO,ES,Federal Contract Tower,0,4,21,0,25,0,2,0,36,38,0,6,21,36,63,12,0,12,75
03/10/2020,AHN,GA,ASO,ES,Federal Contract Tower,0,10,16,0,26,0,0,9,1,10,0,10,25,1,36,0,2,2,38
03/11/2020,AHN,GA,ASO,ES,Federal Contract Tower,0,0,30,0,30,0,0,15,0,15,0,0,45,0,45,22,0,22,67
03/12/2020,AHN,GA,ASO,ES,Federal Contract Tower,0,1,18,2,21,0,0,10,0,10,0,1,28,2,31,30,0,30,61
03/13/2020,AHN,GA,ASO,ES,Federal Contract Tower,0,1,36,15,52,0,1,17,0,18,0,2,53,15,70,4,2,6,76
03/14/2020,AHN,GA,ASO,ES,Federal Contract Tower,0,1,20,0,21,0,0,34,0,34,0,1,54,0,55,36,0,36,91
03/15/2020,AHN,GA,ASO,ES,Federal Contract Tower,0,2,22,0,24,0,0,11,0,11,0,2,33,0,35,12,0,12,47
03/16/2020,AHN,GA,ASO,ES,Federal Contract Tower,0,2,6,0,8,0,0,0,0,0,0,2,6,0,8,0,0,0,8
03/17/2020,AHN,GA,ASO,ES,Federal Contract Tower,0,1,18,2,21,0,0,8,0,8,0,1,26,2,29,0,0,0,29
03/18/2020,AHN,GA,ASO,ES,Federal Contract Tower,0,0,11,0,11,0,1,3,0,4,0,1,14,0,15,0,0,0,15
03/19/2020,AHN,GA,ASO,ES,Federal Contract Tower,0,2,23,0,25,0,0,17,0,17,0,2,40,0,42,18,0,18,60
03/20/2020,AHN,GA,ASO,ES,Federal Contract Tower,0,0,14,0,14,0,0,30,0,30,0,0,44,0,44,48,0,48,92
03/21/2020,AHN,GA,ASO,ES,Federal Contract Tower,0,2,21,0,23,0,0,33,0,33,0,2,54,0,56,30,0,30,86
03/22/2020,AHN,GA,ASO,ES,Federal Contract Tower,0,0,15,0,15,0,0,0,0,0,0,0,15,0,15,0,0,0,15
03/23/2020,AHN,GA,ASO,ES,Federal Contract Tower,0,2,5,0,7,0,0,0,0,0,0,2,5,0,7,0,0,0,7
03/24/2020,AHN,GA,ASO,ES,Federal Contract Tower,0,2,1,0,3,0,0,0,0,0,0,2,1,0,3,0,0,0,3
03/25/2020,AHN,GA,ASO,ES,Federal Contract Tower,0,4,4,0,8,0,0,25,0,25,0,4,29,0,33,26,0,26,59
03/26/2020,AHN,GA,ASO,ES,Federal Contract Tower,0,2,13,2,17,0,0,27,2,29,0,2,40,4,46,44,0,44,90
03/27/2020,AHN,GA,ASO,ES,Federal Contract Tower,0,0,19,0,19,0,0,35,0,35,0,0,54,0,54,30,0,30,84
03/28/2020,AHN,GA,ASO,ES,Federal Contract Tower,0,0,16,0,16,0,0,26,0,26,0,0,42,0,42,64,0,64,106
03/29/2020,AHN,GA,ASO,ES,Federal Contract Tower,0,2,11,0,13,0,0,7,0,7,0,2,18,0,20,24,0,24,44
03/30/2020,AHN,GA,ASO,ES,Federal Contract Tower,0,1,8,0,9,0,0,22,0,22,0,1,30,0,31,44,0,44,75
03/31/2020,AHN,GA,ASO,ES,Federal Contract Tower,0,0,0,0,0,0,1,7,2,10,0,1,7,2,10,4,0,4,14
04/01/2020,AHN,GA,ASO,ES,Federal Contract Tower,0,0,12,0,12,0,0,33,0,33,0,0,45,0,45,26,0,26,71
04/02/2020,AHN,GA,ASO,ES,Federal Contract Tower,0,0,13,2,15,0,0,33,0,33,0,0,46,2,48,38,0,38,86
04/03/2020,AHN,GA,ASO,ES,Federal Contract Tower,0,0,10,0,10,0,0,25,0,25,0,0,35,0,35,26,0,26,61
04/04/2020,AHN,GA,ASO,ES,Federal Contract Tower,0,0,6,0,6,0,0,18,0,18,0,0,24,0,24,54,0,54,78
04/05/2020,AHN,GA,ASO,ES,Federal Contract Tower,0,3,0,0,3,0,4,28,0,32,0,7,28,0,35,46,0,46,81
04/06/2020,AHN,GA,ASO,ES,Federal Contract Tower,0,0,5,0,5,0,0,16,2,18,0,0,21,2,23,18,0,18,41
04/07/2020,AHN,GA,ASO,ES,Federal Contract Tower,0,0,13,0,13,0,0,15,2,17,0,0,28,2,30,4,0,4,34
04/08/2020,AHN,GA,ASO,ES,Federal Contract Tower,0,0,13,0,13,0,0,6,0,6,0,0,19,0,19,16,0,16,35
04/09/2020,AHN,GA,ASO,ES,Federal Contract Tower,0,0,6,0,6,0,2,14,0,16,0,2,20,0,22,0,0,0,22
04/10/2020,AHN,GA,ASO,ES,Federal Contract Tower,0,0,3,0,3,0,0,12,0,12,0,0,15,0,15,2,0,2,17
04/11/2020,AHN,GA,ASO,ES,Federal Contract Tower,0,0,4,0,4,0,0,54,0,54,0,0,58,0,58,62,0,62,120
04/12/2020,AHN,GA,ASO,ES,Federal Contract Tower,0,0,3,0,3,0,0,0,0,0,0,0,3,0,3,0,0,0,3
04/13/2020,AHN,GA,ASO,ES,Federal Contract Tower,0,0,8,0,8,0,1,10,0,11,0,1,18,0,19,0,0,0,19
04/14/2020,AHN,GA,ASO,ES,Federal Contract Tower,0,0,13,2,15,0,1,23,0,24,0,1,36,2,39,36,6,42,81
04/15/2020,AHN,GA,ASO,ES,Federal Contract Tower,0,1,1,5,7,0,2,31,2,35,0,3,32,7,42,0,20,20,62
04/16/2020,AHN,GA,ASO,ES,Federal Contract Tower,0,0,11,2,13,0,2,34,0,36,0,2,45,2,49,44,0,44,93
04/17/2020,AHN,GA,ASO,ES,Federal Contract Tower,0,2,6,0,8,0,0,21,0,21,0,2,27,0,29,20,0,20,49
04/18/2020,AHN,GA,ASO,ES,Federal Contract Tower,0,0,6,0,6,0,2,20,0,22,0,2,26,0,28,2,0,2,30
04/19/2020,AHN,GA,ASO,ES,Federal Contract Tower,0,0,3,0,3,0,0,0,0,0,0,0,3,0,3,0,0,0,3
04/20/2020,AHN,GA,ASO,ES,Federal Contract Tower,0,0,8,0,8,0,0,17,0,17,0,0,25,0,25,16,0,16,41
04/21/2020,AHN,GA,ASO,ES,Federal Contract Tower,0,0,9,0,9,0,0,30,0,30,0,0,39,0,39,28,0,28,67
04/22/2020,AHN,GA,ASO,ES,Federal Contract Tower,0,17,2,0,19,0,1,46,0,47,0,18,48,0,66,26,0,26,92
04/23/2020,AHN,GA,ASO,ES,Federal Contract Tower,0,4,2,0,6,0,0,2,0,2,0,4,4,0,8,0,0,0,8
04/24/2020,AHN,GA,ASO,ES,Federal Contract Tower,2,1,19,0,22,0,3,28,4,35,2,4,47,4,57,38,0,38,95
04/25/2020,AHN,GA,ASO,ES,Federal Contract Tower,0,0,10,0,10,0,0,28,0,28,0,0,38,0,38,22,0,22,60
04/26/2020,AHN,GA,ASO,ES,Federal Contract Tower,0,1,6,0,7,0,0,7,0,7,0,1,13,0,14,0,0,0,14
04/27/2020,AHN,GA,ASO,ES,Federal Contract Tower,0,0,4,0,4,0,2,27,0,29,0,2,31,0,33,50,0,50,83
04/28/2020,AHN,GA,ASO,ES,Federal Contract Tower,0,0,8,0,8,0,0,41,0,41,0,0,49,0,49,40,0,40,89
04/29/2020,AHN,GA,ASO,ES,Federal Contract Tower,0,0,9,0,9,0,1,5,0,6,0,1,14,0,15,10,0,10,25
04/30/2020,AHN,GA,ASO,ES,Federal Contract Tower,0,1,21,4,26,0,0,8,0,8,0,1,29,4,34,40,0,40,74
05/01/2020,AHN,GA,ASO,ES,Federal Contract Tower,0,0,13,2,15,0,1,33,0,34,0,1,46,2,49,36,0,36,85
05/02/2020,AHN,GA,ASO,ES,Federal Contract Tower,0,0,4,0,4,0,1,44,2,47,0,1,48,2,51,36,0,36,87
05/03/2020,AHN,GA,ASO,ES,Federal Contract Tower,0,0,11,0,11,0,2,33,4,39,0,2,44,4,50,8,0,8,58
05/04/2020,AHN,GA,ASO,ES,Federal Contract Tower,0,0,6,4,10,0,0,26,0,26,0,0,32,4,36,46,0,46,82
05/05/2020,AHN,GA,ASO,ES,Federal Contract Tower,0,2,12,0,14,0,0,20,0,20,0,2,32,0,34,14,0,14,48
05/06/2020,AHN,GA,ASO,ES,Federal Contract Tower,0,0,7,0,7,0,0,10,0,10,0,0,17,0,17,28,0,28,45
05/07/2020,AHN,GA,ASO,ES,Federal Contract Tower,0,0,22,0,22,0,1,34,0,35,0,1,56,0,57,54,0,54,111
05/08/2020,AHN,GA,ASO,ES,Federal Contract Tower,0,3,6,0,9,0,0,10,0,10,0,3,16,0,19,6,0,6,25
05/09/2020,AHN,GA,ASO,ES,Federal Contract Tower,0,0,13,0,13,0,1,52,0,53,0,1,65,0,66,62,0,62,128
05/10/2020,AHN,GA,ASO,ES,Federal Contract Tower,0,0,10,0,10,0,0,27,0,27,0,0,37,0,37,14,0,14,51
05/11/2020,AHN,GA,ASO,ES,Federal Contract Tower,0,0,13,0,13,0,0,19,0,19,0,0,32,0,32,10,0,10,42
05/12/2020,AHN,GA,ASO,ES,Federal Contract Tower,0,0,23,0,23,0,0,27,2,29,0,0,50,2,52,80,0,80,132
05/13/2020,AHN,GA,ASO,ES,Federal Contract Tower,0,1,19,2,22,0,0,34,0,34,0,1,53,2,56,28,0,28,84
05/14/2020,AHN,GA,ASO,ES,Federal Contract Tower,0,3,27,2,32,0,4,20,0,24,0,7,47,2,56,44,0,44,100
05/15/2020,AHN,GA,ASO,ES,Federal Contract Tower,0,2,19,0,21,0,4,34,0,38,0,6,53,0,59,18,0,18,77
05/16/2020,AHN,GA,ASO,ES,Federal Contract Tower,0,2,10,0,12,0,2,35,0,37,0,4,45,0,49,32,0,32,81
05/17/2020,AHN,GA,ASO,ES,Federal Contract Tower,0,0,12,0,12,0,0,24,0,24,0,0,36,0,36,14,0,14,50
05/18/2020,AHN,GA,ASO,ES,Federal Contract Tower,0,0,7,2,9,0,0,3,1,4,0,0,10,3,13,18,0,18,31
05/19/2020,AHN,GA,ASO,ES,Federal Contract Tower,0,0,17,1,18,0,0,6,0,6,0,0,23,1,24,22,0,22,46
05/20/2020,AHN,GA,ASO,ES,Federal Contract Tower,0,0,16,0,16,0,0,0,0,0,0,0,16,0,16,0,0,0,16
05/21/2020,AHN,GA,ASO,ES,Federal Contract Tower,0,4,39,0,43,0,4,21,3,28,0,8,60,3,71,18,0,18,89
05/22/2020,AHN,GA,ASO,ES,Federal Contract Tower,0,0,17,0,17,0,1,19,0,20,0,1,36,0,37,32,0,32,69
05/23/2020,AHN,GA,ASO,ES,Federal Contract Tower,0,0,21,0,21,0,2,46,0,48,0,2,67,0,69,58,0,58,127
05/24/2020,AHN,GA,ASO,ES,Federal Contract Tower,0,0,7,0,7,0,0,31,0,31,0,0,38,0,38,24,0,24,62
05/25/2020,AHN,GA,ASO,ES,Federal Contract Tower,0,0,24,0,24,0,0,2,0,2,0,0,26,0,26,8,0,8,34
05/26/2020,AHN,GA,ASO,ES,Federal Contract Tower,0,3,21,0,24,0,0,1,0,1,0,3,22,0,25,14,0,14,39
05/27/2020,AHN,GA,ASO,ES,Federal Contract Tower,0,2,21,0,23,0,0,0,0,0,0,2,21,0,23,0,0,0,23
05/28/2020,AHN,GA,ASO,ES,Federal Contract Tower,0,2,11,2,15,0,4,6,0,10,0,6,17,2,25,2,0,2,27
05/29/2020,AHN,GA,ASO,ES,Federal Contract Tower,0,3,13,0,16,0,2,15,0,17,0,5,28,0,33,8,0,8,41
05/30/2020,AHN,GA,ASO,ES,Federal Contract Tower,0,1,11,0,12,0,0,51,0,51,0,1,62,0,63,24,0,24,87
05/31/2020,AHN,GA,ASO,ES,Federal Contract Tower,0,0,6,0,6,0,0,59,0,59,0,0,65,0,65,12,0,12,77
06/01/2020,AHN,GA,ASO,ES,Federal Contract Tower,0,2,17,2,21,0,0,31,0,31,0,2,48,2,52,38,0,38,90
06/02/2020,AHN,GA,ASO,ES,Federal Contract Tower,0,1,8,2,11,0,0,44,0,44,0,1,52,2,55,54,0,54,109
06/03/2020,AHN,GA,ASO,ES,Federal Contract Tower,0,0,34,0,34,0,2,22,0,24,0,2,56,0,58,44,0,44,102
06/04/2020,AHN,GA,ASO,ES,Federal Contract Tower,0,0,18,0,18,0,0,25,0,25,0,0,43,0,43,28,0,28,71
06/05/2020,AHN,GA,ASO,ES,Federal Contract Tower,0,0,11,0,11,0,0,10,0,10,0,0,21,0,21,16,0,16,37
06/06/2020,AHN,GA,ASO,ES,Federal Contract Tower,0,0,19,0,19,0,2,49,0,51,0,2,68,0,70,28,0,28,98
06/07/2020,AHN,GA,ASO,ES,Federal Contract Tower,0,0,18,0,18,0,0,17,0,17,0,0,35,0,35,16,0,16,51
06/08/2020,AHN,GA,ASO,ES,Federal Contract Tower,0,1,14,0,15,0,0,2,0,2,0,1,16,0,17,0,0,0,17
06/09/2020,AHN,GA,ASO,ES,Federal Contract Tower,0,1,31,0,32,0,0,17,0,17,0,1,48,0,49,16,0,16,65
06/10/2020,AHN,GA,ASO,ES,Federal Contract Tower,0,3,11,0,14,0,0,10,6,16,0,3,21,6,30,0,0,0,30
06/11/2020,AHN,GA,ASO,ES,Federal Contract Tower,0,1,34,2,37,0,6,28,0,34,0,7,62,2,71,42,2,44,115
06/12/2020,AHN,GA,ASO,ES,Federal Contract Tower,0,3,15,0,18,0,1,63,0,64,0,4,78,0,82,66,0,66,148
06/13/2020,AHN,GA,ASO,ES,Federal Contract Tower,0,1,10,0,11,0,0,48,0,48,0,1,58,0,59,14,0,14,73
06/14/2020,AHN,GA,ASO,ES,Federal Contract Tower,0,0,21,0,21,0,0,37,2,39,0,0,58,2,60,36,2,38,98
06/15/2020,AHN,GA,ASO,ES,Federal Contract Tower,0,0,20,0,20,0,3,21,0,24,0,3,41,0,44,0,0,0,44
06/16/2020,AHN,GA,ASO,ES,Federal Contract Tower,0,2,27,0,29,0,0,17,0,17,0,2,44,0,46,18,0,18,64
06/17/2020,AHN,GA,ASO,ES,Federal Contract Tower,0,0,23,0,23,0,0,23,1,24,0,0,46,1,47,26,0,26,73
06/18/2020,AHN,GA,ASO,ES,Federal Contract Tower,0,2,34,4,40,0,5,27,1,33,0,7,61,5,73,40,0,40,113
06/19/2020,AHN,GA,ASO,ES,Federal Contract Tower,0,24,0,0,24,0,5,34,0,39,0,29,34,0,63,30,0,30,93
06/20/2020,AHN,GA,ASO,ES,Federal Contract Tower,0,0,8,0,8,0,0,61,0,61,0,0,69,0,69,74,0,74,143
06/21/2020,AHN,GA,ASO,ES,Federal Contract Tower,0,1,10,0,11,0,0,24,0,24,0,1,34,0,35,10,0,10,45
06/22/2020,AHN,GA,ASO,ES,Federal Contract Tower,0,3,8,2,13,0,0,38,0,38,0,3,46,2,51,8,0,8,59
06/23/2020,AHN,GA,ASO,ES,Federal Contract Tower,0,0,8,0,8,0,0,7,2,9,0,0,15,2,17,34,6,40,57
06/24/2020,AHN,GA,ASO,ES,Federal Contract Tower,0,2,26,0,28,0,0,38,0,38,0,2,64,0,66,24,0,24,90
06/25/2020,AHN,GA,ASO,ES,Federal Contract Tower,0,4,19,0,23,0,0,19,0,19,0,4,38,0,42,28,0,28,70
06/26/2020,AHN,GA,ASO,ES,Federal Contract Tower,0,5,10,2,17,0,1,57,0,58,0,6,67,2,75,46,0,46,121
06/27/2020,AHN,GA,ASO,ES,Federal Contract Tower,0,4,11,0,15,0,0,40,0,40,0,4,51,0,55,8,0,8,63
06/28/2020,AHN,GA,ASO,ES,Federal Contract Tower,0,0,23,0,23,0,0,15,0,15,0,0,38,0,38,2,0,2,40
06/29/2020,AHN,GA,ASO,ES,Federal Contract Tower,0,1,16,2,19,0,2,32,0,34,0,3,48,2,53,20,0,20,73
06/30/2020,AHN,GA,ASO,ES,Federal Contract Tower,0,4,22,0,26,0,0,44,0,44,0,4,66,0,70,12,0,12,82
07/01/2020,AHN,GA,ASO,ES,Federal Contract Tower,0,0,15,0,15,0,0,12,0,12,0,0,27,0,27,44,0,44,71
07/02/2020,AHN,GA,ASO,ES,Federal Contract Tower,0,6,15,2,23,0,2,31,0,33,0,8,46,2,56,44,0,44,100
07/03/2020,AHN,GA,ASO,ES,Federal Contract Tower,0,1,15,0,16,0,0,18,0,18,0,1,33,0,34,32,0,32,66
07/04/2020,AHN,GA,ASO,ES,Federal Contract Tower,0,0,4,0,4,0,0,23,0,23,0,0,27,0,27,30,0,30,57
07/05/2020,AHN,GA,ASO,ES,Federal Contract Tower,0,0,21,0,21,0,2,8,0,10,0,2,29,0,31,2,0,2,33
07/06/2020,AHN,GA,ASO,ES,Federal Contract Tower,0,0,3,0,3,0,0,0,0,0,0,0,3,0,3,0,0,0,3
07/07/2020,AHN,GA,ASO,ES,Federal Contract Tower,0,0,11,0,11,0,0,1,0,1,0,0,12,0,12,0,0,0,12
07/08/2020,AHN,GA,ASO,ES,Federal Contract Tower,0,0,40,0,40,0,1,27,0,28,0,1,67,0,68,34,0,34,102
07/09/2020,AHN,GA,ASO,ES,Federal Contract Tower,0,0,21,6,27,0,0,18,0,18,0,0,39,6,45,76,0,76,121
07/10/2020,AHN,GA,ASO,ES,Federal Contract Tower,0,0,24,0,24,0,0,39,2,41,0,0,63,2,65,40,0,40,105
07/11/2020,AHN,GA,ASO,ES,Federal Contract Tower,0,2,47,0,49,0,0,48,3,51,0,2,95,3,100,34,0,34,134
07/12/2020,AHN,GA,ASO,ES,Federal Contract Tower,0,1,13,0,14,0,1,44,0,45,0,2,57,0,59,28,0,28,87
07/13/2020,AHN,GA,ASO,ES,Federal Contract Tower,0,3,27,1,31,0,0,25,0,25,0,3,52,1,56,42,0,42,98
07/14/2020,AHN,GA,ASO,ES,Federal Contract Tower,0,3,13,5,21,0,6,37,0,43,0,9,50,5,64,40,0,40,104
07/15/2020,AHN,GA,ASO,ES,Federal Contract Tower,0,2,11,2,15,0,4,34,0,38,0,6,45,2,53,62,0,62,115
07/16/2020,AHN,GA,ASO,ES,Federal Contract Tower,0,0,26,0,26,0,3,34,0,37,0,3,60,0,63,58,0,58,121
07/17/2020,AHN,GA,ASO,ES,Federal Contract Tower,0,1,9,0,10,0,1,39,1,41,0,2,48,1,51,38,0,38,89
07/18/2020,AHN,GA,ASO,ES,Federal Contract Tower,0,0,19,0,19,0,0,27,0,27,0,0,46,0,46,62,0,62,108
07/19/2020,AHN,GA,ASO,ES,Federal Contract Tower,0,2,13,0,15,0,0,49,0,49,0,2,62,0,64,44,0,44,108
07/20/2020,AHN,GA,ASO,ES,Federal Contract Tower,0,0,20,0,20,0,0,20,0,20,0,0,40,0,40,42,0,42,82
07/21/2020,AHN,GA,ASO,ES,Federal Contract Tower,0,6,17,2,25,0,0,19,0,19,0,6,36,2,44,32,0,32,76
07/22/2020,AHN,GA,ASO,ES,Federal Contract Tower,0,2,29,0,31,0,5,29,0,34,0,7,58,0,65,34,0,34,99
07/23/2020,AHN,GA,ASO,ES,Federal Contract Tower,0,0,25,1,26,0,6,44,0,50,0,6,69,1,76,66,0,66,142
07/24/2020,AHN,GA,ASO,ES,Federal Contract Tower,0,0,7,4,11,0,4,43,0,47,0,4,50,4,58,52,0,52,110
07/25/2020,AHN,GA,ASO,ES,Federal Contract Tower,0,2,14,0,16,0,2,18,0,20,0,4,32,0,36,16,0,16,52
07/26/2020,AHN,GA,ASO,ES,Federal Contract Tower,0,1,14,0,15,0,3,50,0,53,0,4,64,0,68,28,0,28,96
07/27/2020,AHN,GA,ASO,ES,Federal Contract Tower,0,4,11,2,17,0,2,60,0,62,0,6,71,2,79,50,0,50,129
07/28/2020,AHN,GA,ASO,ES,Federal Contract Tower,0,1,15,0,16,0,2,48,2,52,0,3,63,2,68,32,0,32,100
07/29/2020,AHN,GA,ASO,ES,Federal Contract Tower,0,1,24,0,25,0,0,19,2,21,0,1,43,2,46,38,0,38,84
07/30/2020,AHN,GA,ASO,ES,Federal Contract Tower,0,1,24,1,26,0,0,11,0,11,0,1,35,1,37,8,0,8,45
07/31/2020,AHN,GA,ASO,ES,Federal Contract Tower,0,0,11,2,13,0,0,11,0,11,0,0,22,2,24,10,6,16,40
08/01/2020,AHN,GA,ASO,ES,Federal Contract Tower,0,1,27,0,28,0,0,46,0,46,0,1,73,0,74,48,0,48,122
08/02/2020,AHN,GA,ASO,ES,Federal Contract Tower,0,0,21,0,21,0,0,25,0,25,0,0,46,0,46,28,0,28,74
08/03/2020,AHN,GA,ASO,ES,Federal Contract Tower,0,1,8,0,9,0,0,19,1,20,0,1,27,1,29,6,0,6,35
08/04/2020,AHN,GA,ASO,ES,Federal Contract Tower,0,2,18,6,26,0,0,30,0,30,0,2,48,6,56,20,2,22,78
08/05/2020,AHN,GA,ASO,ES,Federal Contract Tower,0,0,17,6,23,0,5,34,1,40,0,5,51,7,63,36,0,36,99
08/06/2020,AHN,GA,ASO,ES,Federal Contract Tower,0,1,36,0,37,0,1,39,0,40,0,2,75,0,77,30,0,30,107
08/07/2020,AHN,GA,ASO,ES,Federal Contract Tower,0,0,26,0,26,0,0,20,0,20,0,0,46,0,46,42,0,42,88
08/08/2020,AHN,GA,ASO,ES,Federal Contract Tower,0,0,19,0,19,0,0,48,0,48,0,0,67,0,67,26,0,26,93
08/09/2020,AHN,GA,ASO,ES,Federal Contract Tower,0,0,26,0,26,0,0,42,0,42,0,0,68,0,68,8,0,8,76
08/10/2020,AHN,GA,ASO,ES,Federal Contract Tower,0,0,19,0,19,0,0,37,0,37,0,0,56,0,56,2,0,2,58
08/11/2020,AHN,GA,ASO,ES,Federal Contract Tower,0,3,21,6,30,0,2,33,2,37,0,5,54,8,67,22,0,22,89
08/12/2020,AHN,GA,ASO,ES,Federal Contract Tower,0,5,16,0,21,0,3,45,0,48,0,8,61,0,69,16,0,16,85
08/13/2020,AHN,GA,ASO,ES,Federal Contract Tower,0,1,22,0,23,0,2,31,0,33,0,3,53,0,56,20,0,20,76
08/14/2020,AHN,GA,ASO,ES,Federal Contract Tower,0,5,22,0,27,0,0,8,1,9,0,5,30,1,36,6,0,6,42
08/15/2020,AHN,GA,ASO,ES,Federal Contract Tower,0,5,28,0,33,0,0,8,0,8,0,5,36,0,41,26,0,26,67
08/16/2020,AHN,GA,ASO,ES,Federal Contract Tower,0,3,21,0,24,0,0,52,0,52,0,3,73,0,76,14,0,14,90
08/17/2020,AHN,GA,ASO,ES,Federal Contract Tower,0,0,20,0,20,0,2,55,0,57,0,2,75,0,77,40,0,40,117
08/18/2020,AHN,GA,ASO,ES,Federal Contract Tower,0,2,18,2,22,0,0,44,0,44,0,2,62,2,66,58,0,58,124
08/19/2020,AHN,GA,ASO,ES,Federal Contract Tower,0,3,18,0,21,0,0,31,0,31,0,3,49,0,52,24,0,24,76
08/20/2020,AHN,GA,ASO,ES,Federal Contract Tower,0,0,29,1,30,0,3,25,3,31,0,3,54,4,61,24,0,24,85
08/21/2020,AHN,GA,ASO,ES,Federal Contract Tower,0,3,11,0,14,0,0,2,0,2,0,3,13,0,16,0,0,0,16
08/22/2020,AHN,GA,ASO,ES,Federal Contract Tower,0,0,36,0,36,0,1,13,2,16,0,1,49,2,52,17,2,19,71
08/23/2020,AHN,GA,ASO,ES,Federal Contract Tower,0,0,21,0,21,0,0,22,0,22,0,0,43,0,43,20,0,20,63
08/24/2020,AHN,GA,ASO,ES,Federal Contract Tower,0,2,31,2,35,0,0,4,0,4,0,2,35,2,39,4,0,4,43
08/25/2020,AHN,GA,ASO,ES,Federal Contract Tower,0,0,14,0,14,0,0,0,0,0,0,0,14,0,14,0,0,0,14
08/26/2020,AHN,GA,ASO,ES,Federal Contract Tower,0,2,16,0,18,0,0,35,0,35,0,2,51,0,53,30,0,30,83
08/27/2020,AHN,GA,ASO,ES,Federal Contract Tower,0,2,41,2,45,0,3,67,0,70,0,5,108,2,115,64,0,64,179
08/28/2020,AHN,GA,ASO,ES,Federal Contract Tower,0,2,26,3,31,0,10,18,1,29,0,12,44,4,60,20,0,20,80
08/29/2020,AHN,GA,ASO,ES,Federal Contract Tower,0,2,17,0,19,0,0,10,0,10,0,2,27,0,29,10,0,10,39
08/30/2020,AHN,GA,ASO,ES,Federal Contract Tower,0,0,35,2,37,0,0,34,0,34,0,0,69,2,71,16,0,16,87
08/31/2020,AHN,GA,ASO,ES,Federal Contract Tower,0,6,28,0,34,0,0,11,0,11,0,6,39,0,45,18,0,18,63
09/01/2020,AHN,GA,ASO,ES,Federal Contract Tower,0,10,16,4,30,0,51,2,0,53,0,61,18,4,83,70,0,70,153
09/02/2020,AHN,GA,ASO,ES,Federal Contract Tower,0,1,25,2,28,0,1,48,1,50,0,2,73,3,78,86,0,86,164
09/03/2020,AHN,GA,ASO,ES,Federal Contract Tower,0,7,26,0,33,0,1,56,0,57,0,8,82,0,90,92,0,92,182
09/04/2020,AHN,GA,ASO,ES,Federal Contract Tower,0,3,39,0,42,0,0,72,0,72,0,3,111,0,114,104,0,104,218
09/05/2020,AHN,GA,ASO,ES,Federal Contract Tower,0,2,15,0,17,0,1,57,0,58,0,3,72,0,75,78,0,78,153
09/06/2020,AHN,GA,ASO,ES,Federal Contract Tower,0,1,13,0,14,0,0,48,0,48,0,1,61,0,62,46,0,46,108
09/07/2020,AHN,GA,ASO,ES,Federal Contract Tower,0,3,23,0,26,0,0,84,0,84,0,3,107,0,110,34,0,34,144
09/08/2020,AHN,GA,ASO,ES,Federal Contract Tower,0,4,25,0,29,0,8,46,0,54,0,12,71,0,83,98,0,98,181
09/09/2020,AHN,GA,ASO,ES,Federal Contract Tower,0,5,25,4,34,0,0,31,2,33,0,5,56,6,67,80,0,80,147
09/10/2020,AHN,GA,ASO,ES,Federal Contract Tower,0,3,41,2,46,0,2,31,0,33,0,5,72,2,79,62,0,62,141
09/11/2020,AHN,GA,ASO,ES,Federal Contract Tower,0,1,25,2,28,0,3,56,0,59,0,4,81,2,87,114,0,114,201
09/12/2020,AHN,GA,ASO,ES,Federal Contract Tower,0,8,33,0,41,0,0,9,0,9,0,8,42,0,50,22,0,22,72
09/13/2020,AHN,GA,ASO,ES,Federal Contract Tower,0,2,38,0,40,0,0,38,0,38,0,2,76,0,78,60,0,60,138
09/14/2020,AHN,GA,ASO,ES,Federal Contract Tower,0,6,21,0,27,0,0,54,2,56,0,6,75,2,83,114,0,114,197
09/15/2020,AHN,GA,ASO,ES,Federal Contract Tower,0,9,13,0,22,0,5,22,0,27,0,14,35,0,49,18,0,18,67
09/16/2020,AHN,GA,ASO,ES,Federal Contract Tower,0,1,21,0,22,0,1,8,0,9,0,2,29,0,31,8,0,8,39
09/17/2020,AHN,GA,ASO,ES,Federal Contract Tower,0,1,13,0,14,0,0,0,0,0,0,1,13,0,14,0,0,0,14
09/18/2020,AHN,GA,ASO,ES,Federal Contract Tower,0,1,35,3,39,0,4,66,2,72,0,5,101,5,111,140,0,140,251
09/19/2020,AHN,GA,ASO,ES,Federal Contract Tower,0,3,20,2,25,0,2,52,0,54,0,5,72,2,79,112,4,116,195
09/20/2020,AHN,GA,ASO,ES,Federal Contract Tower,0,2,25,2,29,0,0,54,2,56,0,2,79,4,85,60,8,68,153
09/21/2020,AHN,GA,ASO,ES,Federal Contract Tower,0,8,20,2,30,0,4,51,0,55,0,12,71,2,85,52,0,52,137
09/22/2020,AHN,GA,ASO,ES,Federal Contract Tower,0,12,14,1,27,0,6,68,1,75,0,18,82,2,102,104,0,104,206
09/23/2020,AHN,GA,ASO,ES,Federal Contract Tower,0,2,33,2,37,0,4,72,0,76,0,6,105,2,113,110,0,110,223
09/24/2020,AHN,GA,ASO,ES,Federal Contract Tower,0,5,33,3,41,0,0,22,1,23,0,5,55,4,64,68,0,68,132
09/25/2020,AHN,GA,ASO,ES,Federal Contract Tower,4,11,39,0,54,0,0,0,0,0,4,11,39,0,54,0,0,0,54
09/26/2020,AHN,GA,ASO,ES,Federal Contract Tower,0,3,41,0,44,0,0,23,0,23,0,3,64,0,67,92,0,92,159
09/27/2020,AHN,GA,ASO,ES,Federal Contract Tower,0,2,35,0,37,0,0,12,0,12,0,2,47,0,49,42,0,42,91
09/28/2020,AHN,GA,ASO,ES,Federal Contract Tower,0,8,25,0,33,0,4,28,0,32,0,12,53,0,65,62,0,62,127
09/29/2020,AHN,GA,ASO,ES,Federal Contract Tower,0,5,14,0,19,0,0,0,0,0,0,5,14,0,19,0,0,0,19
09/30/2020,AHN,GA,ASO,ES,Federal Contract Tower,0,10,26,0,36,0,4,70,0,74,0,14,96,0,110,150,0,150,260
10/01/2020,AHN,GA,ASO,ES,Federal Contract Tower,0,4,36,1,41,0,0,76,1,77,0,4,112,2,118,54,0,54,172
10/02/2020,AHN,GA,ASO,ES,Federal Contract Tower,0,3,37,0,40,0,0,82,0,82,0,3,119,0,122,144,0,144,266
10/03/2020,AHN,GA,ASO,ES,Federal Contract Tower,0,6,43,0,49,0,0,88,0,88,0,6,131,0,137,82,0,82,219
10/04/2020,AHN,GA,ASO,ES,Federal Contract Tower,0,6,60,6,72,0,2,78,0,80,0,8,138,6,152,86,0,86,238
10/05/2020,AHN,GA,ASO,ES,Federal Contract Tower,0,7,15,0,22,0,3,81,0,84,0,10,96,0,106,98,0,98,204
10/06/2020,AHN,GA,ASO,ES,Federal Contract Tower,0,10,13,0,23,0,1,67,2,70,0,11,80,2,93,72,0,72,165
10/07/2020,AHN,GA,ASO,ES,Federal Contract Tower,0,3,38,2,43,0,1,68,0,69,0,4,106,2,112,90,0,90,202
10/08/2020,AHN,GA,ASO,ES,Federal Contract Tower,0,5,36,0,41,0,0,51,4,55,0,5,87,4,96,76,0,76,172
10/09/2020,AHN,GA,ASO,ES,Federal Contract Tower,0,6,35,0,41,0,2,57,0,59,0,8,92,0,100,110,0,110,210
10/10/2020,AHN,GA,ASO,ES,Federal Contract Tower,2,6,41,0,49,0,0,2,0,2,2,6,43,0,51,0,0,0,51
10/11/2020,AHN,GA,ASO,ES,Federal Contract Tower,0,1,15,0,16,0,0,0,0,0,0,1,15,0,16,0,0,0,16
10/12/2020,AHN,GA,ASO,ES,Federal Contract Tower,0,15,31,0,46,0,6,21,0,27,0,21,52,0,73,34,0,34,107
10/13/2020,AHN,GA,ASO,ES,Federal Contract Tower,0,4,26,0,30,0,1,59,0,60,0,5,85,0,90,72,0,72,162
10/14/2020,AHN,GA,ASO,ES,Federal Contract Tower,0,5,21,0,26,0,2,45,0,47,0,7,66,0,73,68,0,68,141
10/15/2020,AHN,GA,ASO,ES,Federal Contract Tower,0,6,30,2,38,0,0,16,1,17,0,6,46,3,55,16,0,16,71
10/16/2020,AHN,GA,ASO,ES,Federal Contract Tower,4,2,30,0,36,0,1,56,0,57,4,3,86,0,93,70,0,70,163
10/17/2020,AHN,GA,ASO,ES,Federal Contract Tower,0,5,8,0,13,0,0,38,0,38,0,5,46,0,51,58,0,58,109
10/18/2020,AHN,GA,ASO,ES,Federal Contract Tower,0,1,15,0,16,0,0,68,0,68,0,1,83,0,84,42,0,42,126
10/19/2020,AHN,GA,ASO,ES,Federal Contract Tower,0,4,9,0,13,0,1,41,0,42,0,5,50,0,55,36,0,36,91
10/20/2020,AHN,GA,ASO,ES,Federal Contract Tower,0,6,13,0,19,0,6,58,8,72,0,12,71,8,91,54,0,54,145
10/21/2020,AHN,GA,ASO,ES,Federal Contract Tower,0,5,27,4,36,0,0,50,4,54,0,5,77,8,90,64,0,64,154
10/22/2020,AHN,GA,ASO,ES,Federal Contract Tower,0,1,31,0,32,0,0,56,0,56,0,1,87,0,88,108,0,108,196
10/23/2020,AHN,GA,ASO,ES,Federal Contract Tower,0,4,34,0,38,0,0,51,0,51,0,4,85,0,89,88,0,88,177
10/24/2020,AHN,GA,ASO,ES,Federal Contract Tower,0,0,26,4,30,0,7,29,0,36,0,7,55,4,66,32,0,32,98
10/25/2020,AHN,GA,ASO,ES,Federal Contract Tower,0,5,25,0,30,0,2,7,0,9,0,7,32,0,39,16,0,16,55
10/26/2020,AHN,GA,ASO,ES,Federal Contract Tower,0,2,28,0,30,0,0,4,0,4,0,2,32,0,34,24,0,24,58
10/27/2020,AHN,GA,ASO,ES,Federal Contract Tower,0,44,13,0,57,0,0,6,0,6,0,44,19,0,63,16,0,16,79
10/28/2020,AHN,GA,ASO,ES,Federal Contract Tower,0,3,15,0,18,0,0,0,0,0,0,3,15,0,18,12,0,12,30
10/29/2020,AHN,GA,ASO,ES,Federal Contract Tower,0,2,13,0,15,0,0,6,5,11,0,2,19,5,26,2,6,8,34
10/30/2020,AHN,GA,ASO,ES,Federal Contract Tower,4,0,42,0,46,0,2,49,5,56,4,2,91,5,102,28,0,28,130
10/31/2020,AHN,GA,ASO,ES,Federal Contract Tower,4,0,19,6,29,0,3,38,5,46,4,3,57,11,75,38,28,66,141
11/01/2020,AHN,GA,ASO,ES,Federal Contract Tower,0,0,16,0,16,0,0,4,0,4,0,0,20,0,20,0,0,0,20
11/02/2020,AHN,GA,ASO,ES,Federal Contract Tower,0,0,17,2,19,0,5,77,2,84,0,5,94,4,103,64,0,64,167
11/03/2020,AHN,GA,ASO,ES,Federal Contract Tower,0,0,29,1,30,0,0,52,1,53,0,0,81,2,83,62,2,64,147
11/04/2020,AHN,GA,ASO,ES,Federal Contract Tower,0,2,25,0,27,0,3,52,0,55,0,5,77,0,82,82,0,82,164
11/05/2020,AHN,GA,ASO,ES,Federal Contract Tower,0,6,34,2,42,0,4,58,0,62,0,10,92,2,104,104,0,104,208
11/06/2020,AHN,GA,ASO,ES,Federal Contract Tower,4,2,33,0,39,0,1,68,0,69,4,3,101,0,108,114,0,114,222
11/07/2020,AHN,GA,ASO,ES,Federal Contract Tower,0,1,15,0,16,0,1,20,0,21,0,2,35,0,37,38,0,38,75
11/08/2020,AHN,GA,ASO,ES,Federal Contract Tower,0,3,34,0,37,0,7,6,0,13,0,10,40,0,50,4,0,4,54
11/09/2020,AHN,GA,ASO,ES,Federal Contract Tower,0,3,14,0,17,0,3,24,0,27,0,6,38,0,44,32,0,32,76
11/10/2020,AHN,GA,ASO,ES,Federal Contract Tower,0,1,14,0,15,0,0,0,0,0,0,1,14,0,15,0,0,0,15
11/11/2020,AHN,GA,ASO,ES,Federal Contract Tower,0,0,26,0,26,0,0,2,0,2,0,0,28,0,28,0,0,0,28
11/12/2020,AHN,GA,ASO,ES,Federal Contract Tower,0,2,12,4,18,0,1,30,2,33,0,3,42,6,51,30,4,34,85
11/13/2020,AHN,GA,ASO,ES,Federal Contract Tower,0,0,27,0,27,0,15,40,0,55,0,15,67,0,82,22,0,22,104
11/14/2020,AHN,GA,ASO,ES,Federal Contract Tower,0,0,11,0,11,0,7,51,2,60,0,7,62,2,71,72,0,72,143
11/15/2020,AHN,GA,ASO,ES,Federal Contract Tower,0,0,14,0,14,0,3,10,0,13,0,3,24,0,27,16,0,16,43
11/16/2020,AHN,GA,ASO,ES,Federal Contract Tower,0,3,12,0,15,0,4,44,0,48,0,7,56,0,63,30,0,30,93
11/17/2020,AHN,GA,ASO,ES,Federal Contract Tower,0,4,16,0,20,0,3,43,0,46,0,7,59,0,66,28,4,32,98
11/18/2020,AHN,GA,ASO,ES,Federal Contract Tower,0,5,19,0,24,0,0,55,0,55,0,5,74,0,79,52,0,52,131
11/19/2020,AHN,GA,ASO,ES,Federal Contract Tower,0,1,17,2,20,0,0,55,4,59,0,1,72,6,79,96,0,96,175
11/20/2020,AHN,GA,ASO,ES,Federal Contract Tower,0,3,23,0,26,0,5,73,0,78,0,8,96,0,104,78,0,78,182
11/22/2020,AHN,GA,ASO,ES,Federal Contract Tower,0,4,24,0,28,0,4,49,2,55,0,8,73,2,83,46,0,46,129
11/23/2020,AHN,GA,ASO,ES,Federal Contract Tower,0,10,19,1,30,0,3,55,0,58,0,13,74,1,88,44,0,44,132
11/24/2020,AHN,GA,ASO,ES,Federal Contract Tower,0,4,19,2,25,0,0,49,0,49,0,4,68,2,74,10,0,10,84
11/25/2020,AHN,GA,ASO,ES,Federal Contract Tower,0,2,21,0,23,0,0,17,0,17,0,2,38,0,40,8,0,8,48
11/26/2020,AHN,GA,ASO,ES,Federal Contract Tower,0,0,8,0,8,0,0,2,0,2,0,0,10,0,10,0,0,0,10
11/27/2020,AHN,GA,ASO,ES,Federal Contract Tower,0,0,18,0,18,0,2,32,0,34,0,2,50,0,52,68,0,68,120
11/28/2020,AHN,GA,ASO,ES,Federal Contract Tower,0,2,19,0,21,0,4,50,0,54,0,6,69,0,75,32,0,32,107
11/29/2020,AHN,GA,ASO,ES,Federal Contract Tower,0,5,23,0,28,0,0,0,0,0,0,5,23,0,28,0,0,0,28
11/30/2020,AHN,GA,ASO,ES,Federal Contract Tower,0,6,11,0,17,0,0,2,0,2,0,6,13,0,19,0,0,0,19
12/01/2020,AHN,GA,ASO,ES,Federal Contract Tower,0,7,23,2,32,0,2,33,0,35,0,9,56,2,67,70,0,70,137
12/02/2020,AHN,GA,ASO,ES,Federal Contract Tower,0,0,29,0,29,0,0,61,0,61,0,0,90,0,90,90,0,90,180
12/03/2020,AHN,GA,ASO,ES,Federal Contract Tower,0,0,30,0,30,0,3,53,0,56,0,3,83,0,86,102,0,102,188
12/04/2020,AHN,GA,ASO,ES,Federal Contract Tower,0,2,13,0,15,0,0,4,0,4,0,2,17,0,19,0,0,0,19
12/05/2020,AHN,GA,ASO,ES,Federal Contract Tower,1,0,19,0,20,0,0,21,0,21,1,0,40,0,41,32,0,32,73
12/06/2020,AHN,GA,ASO,ES,Federal Contract Tower,1,2,23,0,26,0,5,43,0,48,1,7,66,0,74,44,0,44,118
12/07/2020,AHN,GA,ASO,ES,Federal Contract Tower,0,0,17,0,17,0,1,19,0,20,0,1,36,0,37,22,0,22,59
12/08/2020,AHN,GA,ASO,ES,Federal Contract Tower,0,4,11,2,17,0,3,57,0,60,0,7,68,2,77,64,2,66,143
12/09/2020,AHN,GA,ASO,ES,Federal Contract Tower,0,2,18,0,20,0,0,32,0,32,0,2,50,0,52,46,0,46,98
12/10/2020,AHN,GA,ASO,ES,Federal Contract Tower,0,4,18,0,22,0,5,77,0,82,0,9,95,0,104,114,0,114,218
12/11/2020,AHN,GA,ASO,ES,Federal Contract Tower,4,6,18,0,28,0,3,46,0,49,4,9,64,0,77,60,0,60,137
12/12/2020,AHN,GA,ASO,ES,Federal Contract Tower,4,1,17,10,32,0,0,35,0,35,4,1,52,10,67,42,0,42,109
12/13/2020,AHN,GA,ASO,ES,Federal Contract Tower,0,0,13,28,41,0,0,36,2,38,0,0,49,30,79,26,0,26,105
12/14/2020,AHN,GA,ASO,ES,Federal Contract Tower,0,5,20,0,25,0,4,13,2,19,0,9,33,2,44,12,4,16,60
12/15/2020,AHN,GA,ASO,ES,Federal Contract Tower,0,4,21,0,25,0,0,25,0,25,0,4,46,0,50,16,0,16,66
12/16/2020,AHN,GA,ASO,ES,Federal Contract Tower,0,0,11,0,11,0,0,0,0,0,0,0,11,0,11,0,0,0,11
12/17/2020,AHN,GA,ASO,ES,Federal Contract Tower,0,1,20,4,25,0,0,33,2,35,0,1,53,6,60,16,0,16,76
12/18/2020,AHN,GA,ASO,ES,Federal Contract Tower,0,3,22,0,25,0,3,80,0,83,0,6,102,0,108,76,0,76,184
12/19/2020,AHN,GA,ASO,ES,Federal Contract Tower,0,0,32,0,32,0,4,46,0,50,0,4,78,0,82,46,0,46,128
12/20/2020,AHN,GA,ASO,ES,Federal Contract Tower,0,4,21,0,25,0,2,9,0,11,0,6,30,0,36,2,0,2,38
12/21/2020,AHN,GA,ASO,ES,Federal Contract Tower,0,2,17,0,19,0,1,39,0,40,0,3,56,0,59,22,0,22,81
12/22/2020,AHN,GA,ASO,ES,Federal Contract Tower,0,0,14,0,14,0,0,50,0,50,0,0,64,0,64,44,0,44,108
12/23/2020,AHN,GA,ASO,ES,Federal Contract Tower,0,1,10,0,11,0,0,63,0,63,0,1,73,0,74,102,0,102,176
12/24/2020,AHN,GA,ASO,ES,Federal Contract Tower,0,0,0,0,0,0,0,0,0,0,0,0,0,0,0,0,0,0,0
12/25/2020,AHN,GA,ASO,ES,Federal Contract Tower,0,0,0,2,2,0,0,6,0,6,0,0,6,2,8,6,0,6,14
12/26/2020,AHN,GA,ASO,ES,Federal Contract Tower,0,0,2,20,22,0,2,36,0,38,0,2,38,20,60,18,0,18,78
12/27/2020,AHN,GA,ASO,ES,Federal Contract Tower,0,2,15,0,17,0,0,21,0,21,0,2,36,0,38,6,0,6,44
12/28/2020,AHN,GA,ASO,ES,Federal Contract Tower,0,0,21,0,21,0,1,44,0,45,0,1,65,0,66,44,0,44,110
12/29/2020,AHN,GA,ASO,ES,Federal Contract Tower,0,1,14,0,15,0,0,38,0,38,0,1,52,0,53,68,0,68,121
12/30/2020,AHN,GA,ASO,ES,Federal Contract Tower,0,1,23,2,26,0,0,0,0,0,0,1,23,2,26,0,0,0,26
12/31/2020,AHN,GA,ASO,ES,Federal Contract Tower,0,2,5,0,7,0,0,0,0,0,0,2,5,0,7,0,0,0,7
01/01/2021,AHN,GA,ASO,ES,Federal Contract Tower,0,0,1,0,1,0,0,0,0,0,0,0,1,0,1,0,0,0,1
01/02/2021,AHN,GA,ASO,ES,Federal Contract Tower,0,2,34,0,36,0,1,2,0,3,0,3,36,0,39,6,0,6,45
01/03/2021,AHN,GA,ASO,ES,Federal Contract Tower,0,2,14,0,16,0,4,47,0,51,0,6,61,0,67,50,0,50,117
01/04/2021,AHN,GA,ASO,ES,Federal Contract Tower,0,1,22,2,25,0,3,70,0,73,0,4,92,2,98,68,0,68,166
01/05/2021,AHN,GA,ASO,ES,Federal Contract Tower,0,4,25,2,31,0,0,46,0,46,0,4,71,2,77,28,0,28,105
01/06/2021,AHN,GA,ASO,ES,Federal Contract Tower,0,0,17,0,17,0,3,61,0,64,0,3,78,0,81,64,0,64,145
01/07/2021,AHN,GA,ASO,ES,Federal Contract Tower,0,2,6,0,8,0,2,12,0,14,0,4,18,0,22,24,0,24,46
01/08/2021,AHN,GA,ASO,ES,Federal Contract Tower,0,2,8,0,10,0,0,0,0,0,0,2,8,0,10,0,0,0,10
01/09/2021,AHN,GA,ASO,ES,Federal Contract Tower,2,4,32,0,38,0,0,45,0,45,2,4,77,0,83,42,0,42,125
01/10/2021,AHN,GA,ASO,ES,Federal Contract Tower,2,3,33,2,40,0,0,69,0,69,2,3,102,2,109,14,0,14,123
01/11/2021,AHN,GA,ASO,ES,Federal Contract Tower,0,5,13,0,18,0,2,8,0,10,0,7,21,0,28,24,0,24,52
01/12/2021,AHN,GA,ASO,ES,Federal Contract Tower,0,0,35,2,37,0,0,3,0,3,0,0,38,2,40,38,0,38,78
01/13/2021,AHN,GA,ASO,ES,Federal Contract Tower,0,2,29,0,31,0,0,40,0,40,0,2,69,0,71,38,0,38,109
01/14/2021,AHN,GA,ASO,ES,Federal Contract Tower,0,0,26,2,28,0,0,62,0,62,0,0,88,2,90,56,0,56,146
01/15/2021,AHN,GA,ASO,ES,Federal Contract Tower,0,0,19,0,19,0,2,26,0,28,0,2,45,0,47,68,0,68,115
01/16/2021,AHN,GA,ASO,ES,Federal Contract Tower,0,0,12,0,12,0,1,31,0,32,0,1,43,0,44,30,0,30,74
01/17/2021,AHN,GA,ASO,ES,Federal Contract Tower,0,0,16,0,16,0,3,46,0,49,0,3,62,0,65,40,0,40,105
01/18/2021,AHN,GA,ASO,ES,Federal Contract Tower,0,4,17,0,21,0,6,41,0,47,0,10,58,0,68,22,0,22,90
01/19/2021,AHN,GA,ASO,ES,Federal Contract Tower,0,2,18,0,20,0,0,42,0,42,0,2,60,0,62,84,0,84,146
01/20/2021,AHN,GA,ASO,ES,Federal Contract Tower,0,4,27,0,31,0,2,58,0,60,0,6,85,0,91,50,0,50,141
01/21/2021,AHN,GA,ASO,ES,Federal Contract Tower,0,0,17,0,17,0,0,4,0,4,0,0,21,0,21,0,0,0,21
01/22/2021,AHN,GA,ASO,ES,Federal Contract Tower,0,2,26,0,28,0,3,33,0,36,0,5,59,0,64,86,0,86,150
01/23/2021,AHN,GA,ASO,ES,Federal Contract Tower,0,0,20,0,20,0,1,75,0,76,0,1,95,0,96,144,0,144,240
01/24/2021,AHN,GA,ASO,ES,Federal Contract Tower,0,1,19,3,23,0,0,45,2,47,0,1,64,5,70,72,0,72,142
01/25/2021,AHN,GA,ASO,ES,Federal Contract Tower,0,2,14,0,16,0,0,2,0,2,0,2,16,0,18,4,0,4,22
01/26/2021,AHN,GA,ASO,ES,Federal Contract Tower,0,0,24,1,25,0,0,23,1,24,0,0,47,2,49,44,4,48,97
01/27/2021,AHN,GA,ASO,ES,Federal Contract Tower,0,1,18,1,20,0,0,7,0,7,0,1,25,1,27,14,0,14,41
01/28/2021,AHN,GA,ASO,ES,Federal Contract Tower,0,3,18,0,21,0,1,43,2,46,0,4,61,2,67,40,0,40,107
01/29/2021,AHN,GA,ASO,ES,Federal Contract Tower,0,1,50,0,51,0,5,95,0,100,0,6,145,0,151,80,0,80,231
01/30/2021,AHN,GA,ASO,ES,Federal Contract Tower,0,5,33,0,38,0,1,50,0,51,0,6,83,0,89,60,0,60,149
01/31/2021,AHN,GA,ASO,ES,Federal Contract Tower,0,4,14,0,18,0,0,0,0,0,0,4,14,0,18,0,0,0,18
02/01/2021,AHN,GA,ASO,ES,Federal Contract Tower,0,2,23,2,27,0,0,17,2,19,0,2,40,4,46,0,0,0,46
02/02/2021,AHN,GA,ASO,ES,Federal Contract Tower,0,3,19,1,23,0,3,16,1,20,0,6,35,2,43,4,0,4,47
02/03/2021,AHN,GA,ASO,ES,Federal Contract Tower,0,2,21,0,23,0,1,59,2,62,0,3,80,2,85,122,0,122,207
02/04/2021,AHN,GA,ASO,ES,Federal Contract Tower,0,1,7,0,8,0,4,48,0,52,0,5,55,0,60,122,0,122,182
02/05/2021,AHN,GA,ASO,ES,Federal Contract Tower,0,6,21,0,27,0,0,27,0,27,0,6,48,0,54,46,0,46,100
02/06/2021,AHN,GA,ASO,ES,Federal Contract Tower,0,0,6,0,6,0,0,23,0,23,0,0,29,0,29,26,0,26,55
02/07/2021,AHN,GA,ASO,ES,Federal Contract Tower,0,3,21,0,24,0,0,26,0,26,0,3,47,0,50,8,0,8,58
02/08/2021,AHN,GA,ASO,ES,Federal Contract Tower,0,8,22,0,30,0,3,45,0,48,0,11,67,0,78,60,0,60,138
02/09/2021,AHN,GA,ASO,ES,Federal Contract Tower,0,6,22,2,30,0,0,36,0,36,0,6,58,2,66,66,0,66,132
02/10/2021,AHN,GA,ASO,ES,Federal Contract Tower,0,2,19,0,21,0,2,44,0,46,0,4,63,0,67,42,0,42,109
02/11/2021,AHN,GA,ASO,ES,Federal Contract Tower,0,0,8,0,8,0,0,0,0,0,0,0,8,0,8,0,0,0,8
02/12/2021,AHN,GA,ASO,ES,Federal Contract Tower,0,2,29,0,31,0,0,0,0,0,0,2,29,0,31,0,0,0,31
02/13/2021,AHN,GA,ASO,ES,Federal Contract Tower,0,2,14,0,16,0,0,0,0,0,0,2,14,0,16,0,0,0,16
02/14/2021,AHN,GA,ASO,ES,Federal Contract Tower,0,4,11,0,15,0,0,0,0,0,0,4,11,0,15,0,0,0,15
02/15/2021,AHN,GA,ASO,ES,Federal Contract Tower,0,4,0,0,4,0,0,0,0,0,0,4,0,0,4,0,0,0,4
02/16/2021,AHN,GA,ASO,ES,Federal Contract Tower,0,5,5,2,12,0,4,27,0,31,0,9,32,2,43,18,0,18,61
02/17/2021,AHN,GA,ASO,ES,Federal Contract Tower,0,2,26,0,28,0,2,96,0,98,0,4,122,0,126,66,0,66,192
02/18/2021,AHN,GA,ASO,ES,Federal Contract Tower,0,1,6,2,9,0,0,0,0,0,0,1,6,2,9,0,0,0,9
02/19/2021,AHN,GA,ASO,ES,Federal Contract Tower,0,3,66,5,74,0,0,20,0,20,0,3,86,5,94,26,0,26,120
02/20/2021,AHN,GA,ASO,ES,Federal Contract Tower,0,2,41,0,43,0,0,84,0,84,0,2,125,0,127,74,0,74,201
02/21/2021,AHN,GA,ASO,ES,Federal Contract Tower,0,2,26,2,30,0,0,52,0,52,0,2,78,2,82,26,0,26,108
02/22/2021,AHN,GA,ASO,ES,Federal Contract Tower,2,6,19,0,27,0,0,8,0,8,2,6,27,0,35,16,0,16,51
02/23/2021,AHN,GA,ASO,ES,Federal Contract Tower,0,2,11,0,13,0,6,42,2,50,0,8,53,2,63,20,0,20,83
02/24/2021,AHN,GA,ASO,ES,Federal Contract Tower,0,5,31,0,36,0,8,87,2,97,0,13,118,2,133,116,0,116,249
02/25/2021,AHN,GA,ASO,ES,Federal Contract Tower,0,0,20,0,20,0,3,83,0,86,0,3,103,0,106,92,0,92,198
02/26/2021,AHN,GA,ASO,ES,Federal Contract Tower,0,4,23,0,27,0,0,0,0,0,0,4,23,0,27,0,0,0,27
02/27/2021,AHN,GA,ASO,ES,Federal Contract Tower,0,1,28,6,35,0,0,12,2,14,0,1,40,8,49,6,0,6,55
02/28/2021,AHN,GA,ASO,ES,Federal Contract Tower,0,2,32,15,49,0,1,24,0,25,0,3,56,15,74,4,0,4,78
03/01/2021,AHN,GA,ASO,ES,Federal Contract Tower,0,2,23,0,25,0,2,22,6,30,0,4,45,6,55,32,0,32,87
03/02/2021,AHN,GA,ASO,ES,Federal Contract Tower,0,0,14,0,14,0,0,25,0,25,0,0,39,0,39,36,0,36,75
03/03/2021,AHN,GA,ASO,ES,Federal Contract Tower,0,3,29,0,32,0,3,67,0,70,0,6,96,0,102,58,0,58,160
03/04/2021,AHN,GA,ASO,ES,Federal Contract Tower,0,4,15,0,19,0,1,71,4,76,0,5,86,4,95,88,0,88,183
03/05/2021,AHN,GA,ASO,ES,Federal Contract Tower,2,5,23,0,30,0,0,65,2,67,2,5,88,2,97,130,0,130,227
03/06/2021,AHN,GA,ASO,ES,Federal Contract Tower,2,7,19,0,28,0,1,34,0,35,2,8,53,0,63,46,0,46,109
03/07/2021,AHN,GA,ASO,ES,Federal Contract Tower,0,4,19,6,29,0,3,48,0,51,0,7,67,6,80,34,0,34,114
03/08/2021,AHN,GA,ASO,ES,Federal Contract Tower,0,3,28,0,31,0,0,55,0,55,0,3,83,0,86,68,0,68,154
03/09/2021,AHN,GA,ASO,ES,Federal Contract Tower,0,4,24,0,28,0,4,47,0,51,0,8,71,0,79,124,0,124,203
03/10/2021,AHN,GA,ASO,ES,Federal Contract Tower,0,4,7,0,11,0,7,65,0,72,0,11,72,0,83,28,0,28,111
03/11/2021,AHN,GA,ASO,ES,Federal Contract Tower,0,6,21,0,27,0,5,47,0,52,0,11,68,0,79,68,0,68,147
03/12/2021,AHN,GA,ASO,ES,Federal Contract Tower,0,4,33,12,49,0,0,52,0,52,0,4,85,12,101,60,0,60,161
03/13/2021,AHN,GA,ASO,ES,Federal Contract Tower,0,4,19,10,33,0,2,59,0,61,0,6,78,10,94,90,14,104,198
03/14/2021,AHN,GA,ASO,ES,Federal Contract Tower,0,4,25,6,35,0,2,43,0,45,0,6,68,6,80,72,0,72,152
03/15/2021,AHN,GA,ASO,ES,Federal Contract Tower,0,0,13,0,13,0,0,20,0,20,0,0,33,0,33,36,0,36,69
03/16/2021,AHN,GA,ASO,ES,Federal Contract Tower,0,5,6,0,11,0,0,0,0,0,0,5,6,0,11,0,0,0,11
03/17/2021,AHN,GA,ASO,ES,Federal Contract Tower,0,2,11,0,13,0,0,0,0,0,0,2,11,0,13,0,0,0,13
03/18/2021,AHN,GA,ASO,ES,Federal Contract Tower,0,2,11,2,15,0,2,3,2,7,0,4,14,4,22,0,0,0,22
03/19/2021,AHN,GA,ASO,ES,Federal Contract Tower,0,9,38,0,47,0,0,39,0,39,0,9,77,0,86,56,0,56,142
03/20/2021,AHN,GA,ASO,ES,Federal Contract Tower,0,2,32,0,34,0,1,35,2,38,0,3,67,2,72,28,0,28,100
03/21/2021,AHN,GA,ASO,ES,Federal Contract Tower,0,13,22,0,35,0,2,12,0,14,0,15,34,0,49,8,0,8,57
03/22/2021,AHN,GA,ASO,ES,Federal Contract Tower,0,2,18,0,20,0,0,43,0,43,0,2,61,0,63,50,0,50,113
03/23/2021,AHN,GA,ASO,ES,Federal Contract Tower,0,4,19,0,23,0,0,44,0,44,0,4,63,0,67,70,0,70,137
03/24/2021,AHN,GA,ASO,ES,Federal Contract Tower,0,0,32,0,32,0,0,23,0,23,0,0,55,0,55,28,0,28,83
03/25/2021,AHN,GA,ASO,ES,Federal Contract Tower,0,5,3,0,8,0,0,16,0,16,0,5,19,0,24,8,0,8,32
03/26/2021,AHN,GA,ASO,ES,Federal Contract Tower,0,4,28,0,32,0,4,27,0,31,0,8,55,0,63,12,0,12,75
03/27/2021,AHN,GA,ASO,ES,Federal Contract Tower,0,10,27,0,37,0,0,5,0,5,0,10,32,0,42,20,0,20,62
03/28/2021,AHN,GA,ASO,ES,Federal Contract Tower,0,2,4,0,6,0,0,1,0,1,0,2,5,0,7,0,0,0,7
03/29/2021,AHN,GA,ASO,ES,Federal Contract Tower,0,3,41,0,44,0,4,57,0,61,0,7,98,0,105,88,0,88,193
03/30/2021,AHN,GA,ASO,ES,Federal Contract Tower,0,7,26,0,33,0,0,0,0,0,0,7,26,0,33,54,0,54,87
03/31/2021,AHN,GA,ASO,ES,Federal Contract Tower,0,0,12,0,12,0,0,0,0,0,0,0,12,0,12,0,0,0,12
04/01/2021,AHN,GA,ASO,ES,Federal Contract Tower,2,7,22,0,31,0,0,26,1,27,2,7,48,1,58,36,0,36,94
04/02/2021,AHN,GA,ASO,ES,Federal Contract Tower,0,5,39,0,44,0,0,71,0,71,0,5,110,0,115,124,0,124,239
04/03/2021,AHN,GA,ASO,ES,Federal Contract Tower,0,1,10,0,11,0,0,66,0,66,0,1,76,0,77,84,0,84,161
04/04/2021,AHN,GA,ASO,ES,Federal Contract Tower,0,4,15,0,19,0,1,27,0,28,0,5,42,0,47,48,0,48,95
04/05/2021,AHN,GA,ASO,ES,Federal Contract Tower,0,3,32,0,35,0,1,34,0,35,0,4,66,0,70,70,0,70,140
04/06/2021,AHN,GA,ASO,ES,Federal Contract Tower,0,3,23,0,26,0,0,67,4,71,0,3,90,4,97,80,0,80,177
04/07/2021,AHN,GA,ASO,ES,Federal Contract Tower,0,9,25,2,36,0,0,63,0,63,0,9,88,2,99,132,2,134,233
04/08/2021,AHN,GA,ASO,ES,Federal Contract Tower,0,9,21,0,30,0,0,20,0,20,0,9,41,0,50,70,0,70,120
04/09/2021,AHN,GA,ASO,ES,Federal Contract Tower,0,3,18,0,21,0,0,10,0,10,0,3,28,0,31,18,0,18,49
04/10/2021,AHN,GA,ASO,ES,Federal Contract Tower,0,2,12,0,14,0,0,2,0,2,0,2,14,0,16,0,0,0,16
04/11/2021,AHN,GA,ASO,ES,Federal Contract Tower,0,4,40,5,49,0,3,26,1,30,0,7,66,6,79,42,0,42,121
04/12/2021,AHN,GA,ASO,ES,Federal Contract Tower,0,4,22,0,26,0,5,43,0,48,0,9,65,0,74,58,0,58,132
04/13/2021,AHN,GA,ASO,ES,Federal Contract Tower,0,3,24,0,27,0,4,63,0,67,0,7,87,0,94,94,0,94,188
04/14/2021,AHN,GA,ASO,ES,Federal Contract Tower,0,4,19,0,23,0,6,64,0,70,0,10,83,0,93,50,0,50,143
04/15/2021,AHN,GA,ASO,ES,Federal Contract Tower,0,0,38,0,38,0,6,30,0,36,0,6,68,0,74,8,0,8,82
04/16/2021,AHN,GA,ASO,ES,Federal Contract Tower,2,7,28,12,49,0,0,71,1,72,2,7,99,13,121,74,0,74,195
04/17/2021,AHN,GA,ASO,ES,Federal Contract Tower,0,2,31,0,33,0,0,36,0,36,0,2,67,0,69,58,0,58,127
04/18/2021,AHN,GA,ASO,ES,Federal Contract Tower,2,7,32,6,47,0,2,60,0,62,2,9,92,6,109,58,0,58,167
04/19/2021,AHN,GA,ASO,ES,Federal Contract Tower,0,6,20,0,26,0,4,65,0,69,0,10,85,0,95,64,0,64,159
04/20/2021,AHN,GA,ASO,ES,Federal Contract Tower,0,3,19,0,22,0,9,52,0,61,0,12,71,0,83,32,0,32,115
04/21/2021,AHN,GA,ASO,ES,Federal Contract Tower,0,6,21,1,28,0,3,27,8,38,0,9,48,9,66,4,0,4,70
04/22/2021,AHN,GA,ASO,ES,Federal Contract Tower,0,0,35,0,35,0,4,61,0,65,0,4,96,0,100,44,0,44,144
04/23/2021,AHN,GA,ASO,ES,Federal Contract Tower,0,5,30,3,38,0,2,76,2,80,0,7,106,5,118,130,0,130,248
04/24/2021,AHN,GA,ASO,ES,Federal Contract Tower,0,2,9,0,11,0,0,2,0,2,0,2,11,0,13,0,0,0,13
04/25/2021,AHN,GA,ASO,ES,Federal Contract Tower,0,3,26,0,29,0,8,55,0,63,0,11,81,0,92,50,0,50,142
04/26/2021,AHN,GA,ASO,ES,Federal Contract Tower,0,2,33,0,35,0,2,66,0,68,0,4,99,0,103,64,0,64,167
04/27/2021,AHN,GA,ASO,ES,Federal Contract Tower,0,2,24,0,26,0,4,59,0,63,0,6,83,0,89,46,0,46,135
04/28/2021,AHN,GA,ASO,ES,Federal Contract Tower,0,4,39,1,44,0,2,65,0,67,0,6,104,1,111,76,0,76,187
04/29/2021,AHN,GA,ASO,ES,Federal Contract Tower,0,2,31,0,33,0,3,54,0,57,0,5,85,0,90,58,0,58,148
04/30/2021,AHN,GA,ASO,ES,Federal Contract Tower,0,1,28,14,43,0,0,37,1,38,0,1,65,15,81,48,0,48,129
05/01/2021,AHN,GA,ASO,ES,Federal Contract Tower,0,0,27,1,28,0,0,95,0,95,0,0,122,1,123,36,0,36,159
05/02/2021,AHN,GA,ASO,ES,Federal Contract Tower,0,0,24,0,24,0,5,40,1,46,0,5,64,1,70,40,0,40,110
05/03/2021,AHN,GA,ASO,ES,Federal Contract Tower,0,0,10,0,10,0,0,0,0,0,0,0,10,0,10,0,0,0,10
05/04/2021,AHN,GA,ASO,ES,Federal Contract Tower,0,4,12,0,16,0,0,4,1,5,0,4,16,1,21,8,0,8,29
05/05/2021,AHN,GA,ASO,ES,Federal Contract Tower,0,3,35,2,40,0,0,7,1,8,0,3,42,3,48,10,0,10,58
05/06/2021,AHN,GA,ASO,ES,Federal Contract Tower,0,1,35,0,36,0,12,77,0,89,0,13,112,0,125,62,0,62,187
05/07/2021,AHN,GA,ASO,ES,Federal Contract Tower,0,4,31,2,37,0,0,39,0,39,0,4,70,2,76,4,0,4,80
05/08/2021,AHN,GA,ASO,ES,Federal Contract Tower,0,4,18,0,22,0,0,61,0,61,0,4,79,0,83,88,0,88,171
05/09/2021,AHN,GA,ASO,ES,Federal Contract Tower,0,4,20,0,24,0,0,36,0,36,0,4,56,0,60,12,0,12,72
05/10/2021,AHN,GA,ASO,ES,Federal Contract Tower,0,2,34,0,36,0,0,13,0,13,0,2,47,0,49,18,0,18,67
05/11/2021,AHN,GA,ASO,ES,Federal Contract Tower,0,7,32,0,39,0,1,45,0,46,0,8,77,0,85,84,0,84,169
05/12/2021,AHN,GA,ASO,ES,Federal Contract Tower,0,4,28,0,32,0,0,0,0,0,0,4,28,0,32,0,0,0,32
05/13/2021,AHN,GA,ASO,ES,Federal Contract Tower,0,14,27,0,41,0,2,88,0,90,0,16,115,0,131,46,0,46,177
05/14/2021,AHN,GA,ASO,ES,Federal Contract Tower,0,6,27,1,34,0,2,71,1,74,0,8,98,2,108,58,0,58,166
05/15/2021,AHN,GA,ASO,ES,Federal Contract Tower,0,8,20,0,28,0,6,65,0,71,0,14,85,0,99,68,0,68,167
05/16/2021,AHN,GA,ASO,ES,Federal Contract Tower,0,6,17,3,26,0,0,49,1,50,0,6,66,4,76,54,0,54,130
05/17/2021,AHN,GA,ASO,ES,Federal Contract Tower,0,3,18,0,21,0,2,59,2,63,0,5,77,2,84,26,0,26,110
05/18/2021,AHN,GA,ASO,ES,Federal Contract Tower,0,4,16,0,20,0,2,57,0,59,0,6,73,0,79,82,0,82,161
05/19/2021,AHN,GA,ASO,ES,Federal Contract Tower,0,5,7,0,12,0,3,49,2,54,0,8,56,2,66,52,0,52,118
05/20/2021,AHN,GA,ASO,ES,Federal Contract Tower,0,1,18,5,24,0,3,69,0,72,0,4,87,5,96,126,0,126,222
05/21/2021,AHN,GA,ASO,ES,Federal Contract Tower,0,2,12,0,14,0,4,76,0,80,0,6,88,0,94,104,0,104,198
05/22/2021,AHN,GA,ASO,ES,Federal Contract Tower,0,1,25,1,27,0,8,54,0,62,0,9,79,1,89,76,10,86,175
05/23/2021,AHN,GA,ASO,ES,Federal Contract Tower,0,2,10,0,12,0,0,41,0,41,0,2,51,0,53,120,0,120,173
05/24/2021,AHN,GA,ASO,ES,Federal Contract Tower,0,0,11,0,11,0,2,39,0,41,0,2,50,0,52,98,0,98,150
05/25/2021,AHN,GA,ASO,ES,Federal Contract Tower,0,0,35,0,35,0,0,46,0,46,0,0,81,0,81,158,0,158,239
05/26/2021,AHN,GA,ASO,ES,Federal Contract Tower,0,4,25,0,29,0,2,62,0,64,0,6,87,0,93,134,0,134,227
05/27/2021,AHN,GA,ASO,ES,Federal Contract Tower,0,1,42,0,43,0,5,73,13,91,0,6,115,13,134,94,0,94,228
05/28/2021,AHN,GA,ASO,ES,Federal Contract Tower,0,3,23,1,27,0,0,57,0,57,0,3,80,1,84,72,0,72,156
05/29/2021,AHN,GA,ASO,ES,Federal Contract Tower,0,0,20,0,20,0,2,26,0,28,0,2,46,0,48,32,0,32,80
05/30/2021,AHN,GA,ASO,ES,Federal Contract Tower,0,2,12,0,14,0,6,31,0,37,0,8,43,0,51,94,0,94,145
05/31/2021,AHN,GA,ASO,ES,Federal Contract Tower,0,4,29,1,34,0,0,53,9,62,0,4,82,10,96,126,0,126,222
06/01/2021,AHN,GA,ASO,ES,Federal Contract Tower,0,9,31,0,40,0,4,67,0,71,0,13,98,0,111,122,0,122,233
06/02/2021,AHN,GA,ASO,ES,Federal Contract Tower,0,8,45,1,54,0,1,40,0,41,0,9,85,1,95,92,0,92,187
06/03/2021,AHN,GA,ASO,ES,Federal Contract Tower,0,0,24,0,24,0,1,18,0,19,0,1,42,0,43,38,0,38,81
06/04/2021,AHN,GA,ASO,ES,Federal Contract Tower,0,0,33,18,51,0,0,73,2,75,0,0,106,20,126,104,0,104,230
06/05/2021,AHN,GA,ASO,ES,Federal Contract Tower,0,0,18,0,18,0,0,49,0,49,0,0,67,0,67,84,0,84,151
06/06/2021,AHN,GA,ASO,ES,Federal Contract Tower,0,3,33,0,36,0,1,9,6,16,0,4,42,6,52,28,0,28,80
06/07/2021,AHN,GA,ASO,ES,Federal Contract Tower,0,5,26,0,31,0,0,4,8,12,0,5,30,8,43,0,0,0,43
06/08/2021,AHN,GA,ASO,ES,Federal Contract Tower,0,1,15,0,16,0,0,9,0,9,0,1,24,0,25,44,8,52,77
06/09/2021,AHN,GA,ASO,ES,Federal Contract Tower,0,4,32,0,36,0,0,12,0,12,0,4,44,0,48,8,0,8,56
06/10/2021,AHN,GA,ASO,ES,Federal Contract Tower,0,3,31,0,34,0,0,36,0,36,0,3,67,0,70,82,0,82,152
06/11/2021,AHN,GA,ASO,ES,Federal Contract Tower,0,5,38,0,43,0,1,18,0,19,0,6,56,0,62,62,0,62,124
06/12/2021,AHN,GA,ASO,ES,Federal Contract Tower,0,2,15,0,17,0,2,22,0,24,0,4,37,0,41,32,0,32,73
06/13/2021,AHN,GA,ASO,ES,Federal Contract Tower,0,4,34,5,43,0,0,22,1,23,0,4,56,6,66,32,0,32,98
06/14/2021,AHN,GA,ASO,ES,Federal Contract Tower,0,2,17,0,19,0,2,74,0,76,0,4,91,0,95,76,0,76,171
06/15/2021,AHN,GA,ASO,ES,Federal Contract Tower,0,2,21,0,23,0,3,63,2,68,0,5,84,2,91,46,0,46,137
06/16/2021,AHN,GA,ASO,ES,Federal Contract Tower,0,2,33,0,35,0,0,50,0,50,0,2,83,0,85,84,0,84,169
06/17/2021,AHN,GA,ASO,ES,Federal Contract Tower,0,2,22,2,26,0,3,68,0,71,0,5,90,2,97,138,0,138,235
06/18/2021,AHN,GA,ASO,ES,Federal Contract Tower,0,4,14,0,18,0,5,45,0,50,0,9,59,0,68,116,0,116,184
06/19/2021,AHN,GA,ASO,ES,Federal Contract Tower,0,0,11,0,11,0,2,12,0,14,0,2,23,0,25,10,0,10,35
06/20/2021,AHN,GA,ASO,ES,Federal Contract Tower,0,5,11,0,16,0,0,0,1,1,0,5,11,1,17,0,0,0,17
06/21/2021,AHN,GA,ASO,ES,Federal Contract Tower,0,7,18,4,29,0,0,8,0,8,0,7,26,4,37,20,0,20,57
06/22/2021,AHN,GA,ASO,ES,Federal Contract Tower,0,4,24,0,28,0,0,9,0,9,0,4,33,0,37,4,0,4,41
06/23/2021,AHN,GA,ASO,ES,Federal Contract Tower,0,9,21,2,32,0,0,47,0,47,0,9,68,2,79,118,0,118,197
06/24/2021,AHN,GA,ASO,ES,Federal Contract Tower,0,5,37,1,43,0,4,66,1,71,0,9,103,2,114,112,0,112,226
06/25/2021,AHN,GA,ASO,ES,Federal Contract Tower,0,0,32,0,32,0,0,70,0,70,0,0,102,0,102,128,0,128,230
06/26/2021,AHN,GA,ASO,ES,Federal Contract Tower,0,4,13,0,17,0,0,39,0,39,0,4,52,0,56,114,0,114,170
06/27/2021,AHN,GA,ASO,ES,Federal Contract Tower,0,0,17,0,17,0,0,16,0,16,0,0,33,0,33,28,0,28,61
06/28/2021,AHN,GA,ASO,ES,Federal Contract Tower,0,4,31,1,36,0,1,45,1,47,0,5,76,2,83,196,0,196,279
06/29/2021,AHN,GA,ASO,ES,Federal Contract Tower,0,3,20,0,23,0,0,19,0,19,0,3,39,0,42,56,0,56,98
06/30/2021,AHN,GA,ASO,ES,Federal Contract Tower,0,2,22,0,24,0,1,46,0,47,0,3,68,0,71,86,0,86,157
07/01/2021,AHN,GA,ASO,ES,Federal Contract Tower,0,6,15,2,23,0,1,39,0,40,0,7,54,2,63,42,0,42,105
07/02/2021,AHN,GA,ASO,ES,Federal Contract Tower,0,0,21,0,21,0,0,8,0,8,0,0,29,0,29,14,0,14,43
07/03/2021,AHN,GA,ASO,ES,Federal Contract Tower,0,0,13,0,13,0,4,53,0,57,0,4,66,0,70,100,0,100,170
07/04/2021,AHN,GA,ASO,ES,Federal Contract Tower,0,1,11,0,12,0,2,20,0,22,0,3,31,0,34,16,0,16,50
07/05/2021,AHN,GA,ASO,ES,Federal Contract Tower,0,3,20,0,23,0,4,75,0,79,0,7,95,0,102,106,0,106,208
07/06/2021,AHN,GA,ASO,ES,Federal Contract Tower,0,6,7,0,13,0,1,54,0,55,0,7,61,0,68,122,0,122,190
07/07/2021,AHN,GA,ASO,ES,Federal Contract Tower,0,4,25,0,29,0,0,21,0,21,0,4,46,0,50,66,0,66,116
07/08/2021,AHN,GA,ASO,ES,Federal Contract Tower,0,3,18,0,21,0,0,28,2,30,0,3,46,2,51,42,0,42,93
07/09/2021,AHN,GA,ASO,ES,Federal Contract Tower,0,3,26,0,29,0,0,6,0,6,0,3,32,0,35,18,0,18,53
07/10/2021,AHN,GA,ASO,ES,Federal Contract Tower,0,3,28,0,31,0,1,33,2,36,0,4,61,2,67,34,0,34,101
07/11/2021,AHN,GA,ASO,ES,Federal Contract Tower,0,3,31,2,36,0,1,4,2,7,0,4,35,4,43,12,0,12,55
07/12/2021,AHN,GA,ASO,ES,Federal Contract Tower,0,4,43,0,47,0,0,15,0,15,0,4,58,0,62,78,0,78,140
07/13/2021,AHN,GA,ASO,ES,Federal Contract Tower,0,2,27,1,30,0,0,18,2,20,0,2,45,3,50,57,0,57,107
07/14/2021,AHN,GA,ASO,ES,Federal Contract Tower,0,2,30,0,32,0,0,67,0,67,0,2,97,0,99,102,0,102,201
07/15/2021,AHN,GA,ASO,ES,Federal Contract Tower,0,8,17,4,29,0,0,68,0,68,0,8,85,4,97,98,0,98,195
07/16/2021,AHN,GA,ASO,ES,Federal Contract Tower,0,4,15,0,19,0,3,75,0,78,0,7,90,0,97,64,0,64,161
07/17/2021,AHN,GA,ASO,ES,Federal Contract Tower,0,4,31,0,35,0,8,59,2,69,0,12,90,2,104,90,0,90,194
07/18/2021,AHN,GA,ASO,ES,Federal Contract Tower,0,4,18,2,24,0,2,30,0,32,0,6,48,2,56,18,0,18,74
07/19/2021,AHN,GA,ASO,ES,Federal Contract Tower,0,4,23,0,27,0,1,3,0,4,0,5,26,0,31,22,0,22,53
07/20/2021,AHN,GA,ASO,ES,Federal Contract Tower,0,1,11,0,12,0,0,1,0,1,0,1,12,0,13,0,0,0,13
07/21/2021,AHN,GA,ASO,ES,Federal Contract Tower,0,8,31,1,40,0,2,41,0,43,0,10,72,1,83,52,2,54,137
07/22/2021,AHN,GA,ASO,ES,Federal Contract Tower,0,6,40,0,46,0,2,102,0,104,0,8,142,0,150,134,0,134,284
07/23/2021,AHN,GA,ASO,ES,Federal Contract Tower,0,3,33,13,49,0,3,52,2,57,0,6,85,15,106,84,1,85,191
07/24/2021,AHN,GA,ASO,ES,Federal Contract Tower,0,3,20,9,32,0,8,25,0,33,0,11,45,9,65,54,0,54,119
07/25/2021,AHN,GA,ASO,ES,Federal Contract Tower,0,0,12,2,14,0,4,46,1,51,0,4,58,3,65,158,0,158,223
07/26/2021,AHN,GA,ASO,ES,Federal Contract Tower,0,4,26,0,30,0,5,61,0,66,0,9,87,0,96,88,0,88,184
07/27/2021,AHN,GA,ASO,ES,Federal Contract Tower,0,2,11,2,15,0,1,38,1,40,0,3,49,3,55,60,0,60,115
07/28/2021,AHN,GA,ASO,ES,Federal Contract Tower,0,0,15,1,16,0,2,40,1,43,0,2,55,2,59,90,0,90,149
07/29/2021,AHN,GA,ASO,ES,Federal Contract Tower,0,3,33,3,39,0,2,68,3,73,0,5,101,6,112,134,0,134,246
07/30/2021,AHN,GA,ASO,ES,Federal Contract Tower,0,3,17,26,46,0,4,51,2,57,0,7,68,28,103,44,0,44,147
07/31/2021,AHN,GA,ASO,ES,Federal Contract Tower,0,0,20,0,20,0,0,0,0,0,0,0,20,0,20,104,0,104,124
08/01/2021,AHN,GA,ASO,ES,Federal Contract Tower,0,1,18,4,23,0,0,25,0,25,0,1,43,4,48,30,0,30,78
08/02/2021,AHN,GA,ASO,ES,Federal Contract Tower,0,0,16,0,16,0,2,31,0,33,0,2,47,0,49,84,0,84,133
08/03/2021,AHN,GA,ASO,ES,Federal Contract Tower,0,4,18,0,22,0,0,14,2,16,0,4,32,2,38,0,0,0,38
08/04/2021,AHN,GA,ASO,ES,Federal Contract Tower,0,3,25,4,32,0,2,41,2,45,0,5,66,6,77,140,0,140,217
08/05/2021,AHN,GA,ASO,ES,Federal Contract Tower,0,5,21,0,26,0,1,58,0,59,0,6,79,0,85,118,0,118,203
08/06/2021,AHN,GA,ASO,ES,Federal Contract Tower,0,4,23,0,27,0,1,46,0,47,0,5,69,0,74,68,0,68,142
08/07/2021,AHN,GA,ASO,ES,Federal Contract Tower,0,5,15,0,20,0,6,42,0,48,0,11,57,0,68,54,0,54,122
08/08/2021,AHN,GA,ASO,ES,Federal Contract Tower,0,3,30,4,37,0,6,33,0,39,0,9,63,4,76,100,0,100,176
08/09/2021,AHN,GA,ASO,ES,Federal Contract Tower,0,2,27,0,29,0,2,41,0,43,0,4,68,0,72,102,0,102,174
08/10/2021,AHN,GA,ASO,ES,Federal Contract Tower,0,2,32,0,34,0,1,58,0,59,0,3,90,0,93,82,2,84,177
08/11/2021,AHN,GA,ASO,ES,Federal Contract Tower,0,0,24,0,24,0,0,32,0,32,0,0,56,0,56,72,0,72,128
08/12/2021,AHN,GA,ASO,ES,Federal Contract Tower,0,3,36,2,41,0,1,47,0,48,0,4,83,2,89,72,0,72,161
08/13/2021,AHN,GA,ASO,ES,Federal Contract Tower,0,8,48,0,56,0,2,59,0,61,0,10,107,0,117,100,0,100,217
08/14/2021,AHN,GA,ASO,ES,Federal Contract Tower,0,7,32,0,39,0,2,53,0,55,0,9,85,0,94,66,0,66,160
08/15/2021,AHN,GA,ASO,ES,Federal Contract Tower,0,4,21,0,25,0,0,7,0,7,0,4,28,0,32,14,0,14,46
08/16/2021,AHN,GA,ASO,ES,Federal Contract Tower,0,2,38,0,40,0,0,7,0,7,0,2,45,0,47,52,0,52,99
08/17/2021,AHN,GA,ASO,ES,Federal Contract Tower,0,4,12,0,16,0,0,0,0,0,0,4,12,0,16,0,0,0,16
08/18/2021,AHN,GA,ASO,ES,Federal Contract Tower,0,5,27,0,32,0,4,68,1,73,0,9,95,1,105,116,0,116,221
08/19/2021,AHN,GA,ASO,ES,Federal Contract Tower,0,3,17,0,20,0,2,37,2,41,0,5,54,2,61,32,0,32,93
08/20/2021,AHN,GA,ASO,ES,Federal Contract Tower,0,3,31,0,34,0,4,29,0,33,0,7,60,0,67,10,0,10,77
08/21/2021,AHN,GA,ASO,ES,Federal Contract Tower,0,4,36,0,40,0,0,19,0,19,0,4,55,0,59,14,0,14,73
08/22/2021,AHN,GA,ASO,ES,Federal Contract Tower,0,4,27,0,31,0,0,10,0,10,0,4,37,0,41,32,0,32,73
08/23/2021,AHN,GA,ASO,ES,Federal Contract Tower,0,5,23,0,28,0,2,75,0,77,0,7,98,0,105,88,0,88,193
08/24/2021,AHN,GA,ASO,ES,Federal Contract Tower,0,3,17,1,21,0,4,57,0,61,0,7,74,1,82,78,0,78,160
08/25/2021,AHN,GA,ASO,ES,Federal Contract Tower,0,0,27,3,30,0,4,31,0,35,0,4,58,3,65,44,0,44,109
08/26/2021,AHN,GA,ASO,ES,Federal Contract Tower,0,7,39,0,46,0,2,30,0,32,0,9,69,0,78,54,0,54,132
08/27/2021,AHN,GA,ASO,ES,Federal Contract Tower,0,2,25,6,33,0,0,34,0,34,0,2,59,6,67,64,0,64,131
08/28/2021,AHN,GA,ASO,ES,Federal Contract Tower,0,0,28,0,28,0,0,26,0,26,0,0,54,0,54,32,0,32,86
08/29/2021,AHN,GA,ASO,ES,Federal Contract Tower,0,0,20,0,20,0,0,34,0,34,0,0,54,0,54,48,0,48,102
08/30/2021,AHN,GA,ASO,ES,Federal Contract Tower,0,0,18,0,18,0,0,31,0,31,0,0,49,0,49,40,0,40,89
08/31/2021,AHN,GA,ASO,ES,Federal Contract Tower,0,2,5,0,7,0,0,0,0,0,0,2,5,0,7,0,0,0,7
09/01/2021,AHN,GA,ASO,ES,Federal Contract Tower,0,2,26,0,28,0,3,23,0,26,0,5,49,0,54,8,2,10,64
09/02/2021,AHN,GA,ASO,ES,Federal Contract Tower,0,1,42,0,43,0,2,70,0,72,0,3,112,0,115,72,0,72,187
09/03/2021,AHN,GA,ASO,ES,Federal Contract Tower,4,5,27,0,36,0,6,58,0,64,4,11,85,0,100,52,0,52,152
09/04/2021,AHN,GA,ASO,ES,Federal Contract Tower,0,2,17,0,19,0,0,46,0,46,0,2,63,0,65,77,0,77,142
09/05/2021,AHN,GA,ASO,ES,Federal Contract Tower,0,3,21,0,24,0,1,41,0,42,0,4,62,0,66,50,0,50,116
09/06/2021,AHN,GA,ASO,ES,Federal Contract Tower,0,2,34,0,36,0,0,36,0,36,0,2,70,0,72,54,0,54,126
09/07/2021,AHN,GA,ASO,ES,Federal Contract Tower,0,0,25,0,25,0,0,13,0,13,0,0,38,0,38,8,0,8,46
09/08/2021,AHN,GA,ASO,ES,Federal Contract Tower,0,3,23,0,26,0,0,10,0,10,0,3,33,0,36,54,0,54,90
09/09/2021,AHN,GA,ASO,ES,Federal Contract Tower,0,2,39,0,41,0,0,48,4,52,0,2,87,4,93,34,6,40,133
09/10/2021,AHN,GA,ASO,ES,Federal Contract Tower,0,5,36,3,44,0,0,76,0,76,0,5,112,3,120,64,0,64,184
09/11/2021,AHN,GA,ASO,ES,Federal Contract Tower,0,5,59,0,64,0,2,68,0,70,0,7,127,0,134,12,0,12,146
09/12/2021,AHN,GA,ASO,ES,Federal Contract Tower,0,7,28,0,35,0,6,45,3,54,0,13,73,3,89,74,0,74,163
09/13/2021,AHN,GA,ASO,ES,Federal Contract Tower,0,0,26,5,31,0,12,53,0,65,0,12,79,5,96,68,0,68,164
09/14/2021,AHN,GA,ASO,ES,Federal Contract Tower,0,5,26,1,32,0,3,38,0,41,0,8,64,1,73,63,0,63,136
09/15/2021,AHN,GA,ASO,ES,Federal Contract Tower,0,4,35,0,39,0,5,38,0,43,0,9,73,0,82,90,0,90,172
09/16/2021,AHN,GA,ASO,ES,Federal Contract Tower,0,4,32,0,36,0,0,0,0,0,0,4,32,0,36,0,0,0,36
09/17/2021,AHN,GA,ASO,ES,Federal Contract Tower,0,8,59,0,67,0,0,16,0,16,0,8,75,0,83,0,0,0,83
09/18/2021,AHN,GA,ASO,ES,Federal Contract Tower,0,15,66,0,81,0,0,34,0,34,0,15,100,0,115,12,0,12,127
09/19/2021,AHN,GA,ASO,ES,Federal Contract Tower,0,12,50,3,65,0,0,19,7,26,0,12,69,10,91,58,0,58,149
09/20/2021,AHN,GA,ASO,ES,Federal Contract Tower,0,0,9,0,9,0,0,0,0,0,0,0,9,0,9,0,0,0,9
09/21/2021,AHN,GA,ASO,ES,Federal Contract Tower,0,0,24,2,26,0,0,0,0,0,0,0,24,2,26,0,0,0,26
09/22/2021,AHN,GA,ASO,ES,Federal Contract Tower,0,4,25,0,29,0,0,8,0,8,0,4,33,0,37,12,0,12,49
09/23/2021,AHN,GA,ASO,ES,Federal Contract Tower,0,0,36,1,37,0,1,74,3,78,0,1,110,4,115,86,0,86,201
09/24/2021,AHN,GA,ASO,ES,Federal Contract Tower,4,5,33,0,42,0,0,55,0,55,4,5,88,0,97,88,0,88,185
09/25/2021,AHN,GA,ASO,ES,Federal Contract Tower,4,4,19,0,27,0,0,64,0,64,4,4,83,0,91,10,0,10,101
09/26/2021,AHN,GA,ASO,ES,Federal Contract Tower,0,6,31,0,37,0,0,72,0,72,0,6,103,0,109,68,0,68,177
09/27/2021,AHN,GA,ASO,ES,Federal Contract Tower,0,3,19,0,22,0,0,44,0,44,0,3,63,0,66,84,0,84,150
09/28/2021,AHN,GA,ASO,ES,Federal Contract Tower,0,8,26,0,34,0,8,58,0,66,0,16,84,0,100,64,0,64,164
09/29/2021,AHN,GA,ASO,ES,Federal Contract Tower,0,4,16,0,20,0,0,52,4,56,0,4,68,4,76,116,0,116,192
09/30/2021,AHN,GA,ASO,ES,Federal Contract Tower,0,5,26,0,31,0,0,64,0,64,0,5,90,0,95,70,0,70,165
10/01/2021,AHN,GA,ASO,ES,Federal Contract Tower,0,21,67,15,103,0,0,51,0,51,0,21,118,15,154,52,0,52,206
10/02/2021,AHN,GA,ASO,ES,Federal Contract Tower,6,23,114,1,144,0,0,30,0,30,6,23,144,1,174,0,0,0,174
10/03/2021,AHN,GA,ASO,ES,Federal Contract Tower,0,14,62,0,76,0,2,41,2,45,0,16,103,2,121,60,0,60,181
10/04/2021,AHN,GA,ASO,ES,Federal Contract Tower,0,4,26,0,30,0,0,3,0,3,0,4,29,0,33,0,0,0,33
10/05/2021,AHN,GA,ASO,ES,Federal Contract Tower,0,2,7,0,9,0,0,0,0,0,0,2,7,0,9,0,0,0,9
10/06/2021,AHN,GA,ASO,ES,Federal Contract Tower,0,7,10,0,17,0,0,0,0,0,0,7,10,0,17,0,0,0,17
10/07/2021,AHN,GA,ASO,ES,Federal Contract Tower,0,2,14,0,16,0,0,9,0,9,0,2,23,0,25,0,0,0,25
10/08/2021,AHN,GA,ASO,ES,Federal Contract Tower,4,8,34,0,46,0,0,16,0,16,4,8,50,0,62,36,0,36,98
10/09/2021,AHN,GA,ASO,ES,Federal Contract Tower,0,5,16,0,21,0,1,41,0,42,0,6,57,0,63,64,0,64,127
10/10/2021,AHN,GA,ASO,ES,Federal Contract Tower,0,5,20,0,25,0,0,74,0,74,0,5,94,0,99,70,0,70,169
10/11/2021,AHN,GA,ASO,ES,Federal Contract Tower,0,4,27,0,31,0,2,56,0,58,0,6,83,0,89,86,0,86,175
10/12/2021,AHN,GA,ASO,ES,Federal Contract Tower,0,4,26,2,32,0,0,42,0,42,0,4,68,2,74,66,0,66,140
10/13/2021,AHN,GA,ASO,ES,Federal Contract Tower,0,4,27,8,39,0,3,57,0,60,0,7,84,8,99,72,0,72,171
10/14/2021,AHN,GA,ASO,ES,Federal Contract Tower,0,2,43,0,45,0,3,79,0,82,0,5,122,0,127,64,0,64,191
10/15/2021,AHN,GA,ASO,ES,Federal Contract Tower,0,26,51,0,77,0,4,84,0,88,0,30,135,0,165,66,0,66,231
10/16/2021,AHN,GA,ASO,ES,Federal Contract Tower,2,22,84,0,108,0,0,29,0,29,2,22,113,0,137,10,2,12,149
10/17/2021,AHN,GA,ASO,ES,Federal Contract Tower,0,22,45,8,75,0,3,72,0,75,0,25,117,8,150,110,2,112,262
10/18/2021,AHN,GA,ASO,ES,Federal Contract Tower,0,1,13,0,14,0,4,64,0,68,0,5,77,0,82,64,0,64,146
10/19/2021,AHN,GA,ASO,ES,Federal Contract Tower,0,5,13,0,18,0,2,52,0,54,0,7,65,0,72,34,0,34,106
10/20/2021,AHN,GA,ASO,ES,Federal Contract Tower,0,1,24,0,25,0,2,69,0,71,0,3,93,0,96,50,0,50,146
10/21/2021,AHN,GA,ASO,ES,Federal Contract Tower,0,6,12,0,18,0,5,55,0,60,0,11,67,0,78,44,18,62,140
10/22/2021,AHN,GA,ASO,ES,Federal Contract Tower,0,4,22,0,26,0,2,71,0,73,0,6,93,0,99,28,0,28,127
10/23/2021,AHN,GA,ASO,ES,Federal Contract Tower,0,3,32,0,35,0,2,70,0,72,0,5,102,0,107,46,0,46,153
10/24/2021,AHN,GA,ASO,ES,Federal Contract Tower,0,3,28,5,36,0,4,76,0,80,0,7,104,5,116,52,0,52,168
10/25/2021,AHN,GA,ASO,ES,Federal Contract Tower,0,0,20,0,20,0,1,32,0,33,0,1,52,0,53,86,0,86,139
10/26/2021,AHN,GA,ASO,ES,Federal Contract Tower,1,0,27,7,35,0,2,48,0,50,1,2,75,7,85,20,0,20,105
10/27/2021,AHN,GA,ASO,ES,Federal Contract Tower,0,0,33,1,34,0,0,103,1,104,0,0,136,2,138,42,0,42,180
10/28/2021,AHN,GA,ASO,ES,Federal Contract Tower,1,12,22,0,35,0,0,0,0,0,1,12,22,0,35,0,0,0,35
10/29/2021,AHN,GA,ASO,ES,Federal Contract Tower,4,6,25,0,35,0,0,0,0,0,4,6,25,0,35,0,0,0,35
10/30/2021,AHN,GA,ASO,ES,Federal Contract Tower,0,4,13,0,17,0,0,1,0,1,0,4,14,0,18,22,0,22,40
10/31/2021,AHN,GA,ASO,ES,Federal Contract Tower,0,5,30,0,35,0,6,34,0,40,0,11,64,0,75,8,0,8,83
11/01/2021,AHN,GA,ASO,ES,Federal Contract Tower,0,7,19,10,36,0,2,67,0,69,0,9,86,10,105,32,0,32,137
11/02/2021,AHN,GA,ASO,ES,Federal Contract Tower,0,5,23,0,28,0,5,77,0,82,0,10,100,0,110,80,0,80,190
11/03/2021,AHN,GA,ASO,ES,Federal Contract Tower,0,5,22,4,31,0,0,24,0,24,0,5,46,4,55,76,0,76,131
11/04/2021,AHN,GA,ASO,ES,Federal Contract Tower,0,5,15,0,20,0,0,2,0,2,0,5,17,0,22,0,0,0,22
11/05/2021,AHN,GA,ASO,ES,Federal Contract Tower,3,8,37,11,59,0,0,52,1,53,3,8,89,12,112,66,0,66,178
11/06/2021,AHN,GA,ASO,ES,Federal Contract Tower,1,11,39,0,51,0,0,35,0,35,1,11,74,0,86,10,0,10,96
11/07/2021,AHN,GA,ASO,ES,Federal Contract Tower,0,8,29,6,43,0,0,66,0,66,0,8,95,6,109,88,0,88,197
11/08/2021,AHN,GA,ASO,ES,Federal Contract Tower,0,4,16,8,28,0,0,68,0,68,0,4,84,8,96,48,0,48,144
11/09/2021,AHN,GA,ASO,ES,Federal Contract Tower,0,4,14,8,26,0,4,77,0,81,0,8,91,8,107,60,0,60,167
11/10/2021,AHN,GA,ASO,ES,Federal Contract Tower,0,4,16,2,22,0,6,52,0,58,0,10,68,2,80,46,0,46,126
11/11/2021,AHN,GA,ASO,ES,Federal Contract Tower,0,4,26,7,37,0,0,13,1,14,0,4,39,8,51,2,8,10,61
11/12/2021,AHN,GA,ASO,ES,Federal Contract Tower,7,16,30,0,53,0,1,53,0,54,7,17,83,0,107,62,0,62,169
11/13/2021,AHN,GA,ASO,ES,Federal Contract Tower,0,3,16,0,19,0,3,46,0,49,0,6,62,0,68,40,0,40,108
11/14/2021,AHN,GA,ASO,ES,Federal Contract Tower,0,7,24,0,31,0,2,74,0,76,0,9,98,0,107,34,0,34,141
11/15/2021,AHN,GA,ASO,ES,Federal Contract Tower,0,3,16,2,21,0,0,48,0,48,0,3,64,2,69,40,0,40,109
11/16/2021,AHN,GA,ASO,ES,Federal Contract Tower,0,8,24,0,32,0,3,29,0,32,0,11,53,0,64,24,0,24,88
11/17/2021,AHN,GA,ASO,ES,Federal Contract Tower,0,6,31,3,40,0,4,57,0,61,0,10,88,3,101,58,0,58,159
11/18/2021,AHN,GA,ASO,ES,Federal Contract Tower,0,4,23,0,27,0,0,49,0,49,0,4,72,0,76,78,0,78,154
11/19/2021,AHN,GA,ASO,ES,Federal Contract Tower,0,5,36,6,47,0,2,64,4,70,0,7,100,10,117,74,0,74,191
11/20/2021,AHN,GA,ASO,ES,Federal Contract Tower,0,4,48,4,56,0,0,52,0,52,0,4,100,4,108,12,0,12,120
11/21/2021,AHN,GA,ASO,ES,Federal Contract Tower,0,11,40,0,51,0,0,15,0,15,0,11,55,0,66,28,0,28,94
11/23/2021,AHN,GA,ASO,ES,Federal Contract Tower,0,2,21,5,28,0,1,83,1,85,0,3,104,6,113,102,0,102,215
11/24/2021,AHN,GA,ASO,ES,Federal Contract Tower,0,2,32,0,34,0,0,57,0,57,0,2,89,0,91,52,0,52,143
11/25/2021,AHN,GA,ASO,ES,Federal Contract Tower,0,5,8,0,13,0,0,17,0,17,0,5,25,0,30,16,0,16,46
11/26/2021,AHN,GA,ASO,ES,Federal Contract Tower,0,1,9,0,10,0,0,22,0,22,0,1,31,0,32,0,0,0,32
11/27/2021,AHN,GA,ASO,ES,Federal Contract Tower,0,0,13,0,13,0,2,45,0,47,0,2,58,0,60,30,0,30,90
11/28/2021,AHN,GA,ASO,ES,Federal Contract Tower,0,4,39,0,43,0,0,42,0,42,0,4,81,0,85,26,0,26,111
11/29/2021,AHN,GA,ASO,ES,Federal Contract Tower,0,6,30,0,36,0,1,42,0,43,0,7,72,0,79,68,0,68,147
11/30/2021,AHN,GA,ASO,ES,Federal Contract Tower,1,1,31,7,40,0,0,51,1,52,1,1,82,8,92,98,2,100,192
12/01/2021,AHN,GA,ASO,ES,Federal Contract Tower,0,12,43,1,56,0,0,57,0,57,0,12,100,1,113,84,0,84,197
12/02/2021,AHN,GA,ASO,ES,Federal Contract Tower,0,6,27,8,41,0,0,45,8,53,0,6,72,16,94,84,0,84,178
12/03/2021,AHN,GA,ASO,ES,Federal Contract Tower,0,11,32,10,53,0,6,72,2,80,0,17,104,12,133,94,0,94,227
12/04/2021,AHN,GA,ASO,ES,Federal Contract Tower,0,3,28,21,52,0,2,48,0,50,0,5,76,21,102,34,0,34,136
12/05/2021,AHN,GA,ASO,ES,Federal Contract Tower,0,10,27,6,43,0,0,30,1,31,0,10,57,7,74,32,0,32,106
12/06/2021,AHN,GA,ASO,ES,Federal Contract Tower,0,8,34,0,42,0,0,0,0,0,0,8,34,0,42,0,0,0,42
12/07/2021,AHN,GA,ASO,ES,Federal Contract Tower,0,7,27,4,38,0,2,48,0,50,0,9,75,4,88,50,0,50,138
12/08/2021,AHN,GA,ASO,ES,Federal Contract Tower,0,3,40,0,43,0,0,13,1,14,0,3,53,1,57,0,0,0,57
12/09/2021,AHN,GA,ASO,ES,Federal Contract Tower,0,9,40,3,52,0,0,17,0,17,0,9,57,3,69,42,0,42,111
12/10/2021,AHN,GA,ASO,ES,Federal Contract Tower,0,4,21,0,25,0,0,0,0,0,0,4,21,0,25,0,0,0,25
12/11/2021,AHN,GA,ASO,ES,Federal Contract Tower,0,0,9,0,9,0,2,1,0,3,0,2,10,0,12,0,0,0,12
12/12/2021,AHN,GA,ASO,ES,Federal Contract Tower,0,4,34,7,45,0,0,57,0,57,0,4,91,7,102,70,0,70,172
12/13/2021,AHN,GA,ASO,ES,Federal Contract Tower,0,2,22,0,24,0,0,41,0,41,0,2,63,0,65,20,0,20,85
12/14/2021,AHN,GA,ASO,ES,Federal Contract Tower,0,7,29,4,40,0,0,64,0,64,0,7,93,4,104,66,0,66,170
12/15/2021,AHN,GA,ASO,ES,Federal Contract Tower,0,0,30,0,30,0,0,73,0,73,0,0,103,0,103,96,2,98,201
12/16/2021,AHN,GA,ASO,ES,Federal Contract Tower,0,14,40,1,55,0,0,5,0,5,0,14,45,1,60,0,0,0,60
12/17/2021,AHN,GA,ASO,ES,Federal Contract Tower,2,7,39,0,48,0,0,15,0,15,2,7,54,0,63,22,0,22,85
12/18/2021,AHN,GA,ASO,ES,Federal Contract Tower,0,4,21,0,25,0,0,0,0,0,0,4,21,0,25,0,0,0,25
12/19/2021,AHN,GA,ASO,ES,Federal Contract Tower,0,2,25,1,28,0,0,37,0,37,0,2,62,1,65,24,0,24,89
12/20/2021,AHN,GA,ASO,ES,Federal Contract Tower,0,2,21,0,23,0,2,54,4,60,0,4,75,4,83,62,0,62,145
12/21/2021,AHN,GA,ASO,ES,Federal Contract Tower,0,0,9,0,9,0,0,10,0,10,0,0,19,0,19,6,0,6,25
12/22/2021,AHN,GA,ASO,ES,Federal Contract Tower,0,0,17,2,19,0,0,46,0,46,0,0,63,2,65,98,4,102,167
12/23/2021,AHN,GA,ASO,ES,Federal Contract Tower,0,0,11,0,11,0,0,115,0,115,0,0,126,0,126,80,0,80,206
12/24/2021,AHN,GA,ASO,ES,Federal Contract Tower,0,0,6,0,6,0,0,35,0,35,0,0,41,0,41,18,0,18,59
12/25/2021,AHN,GA,ASO,ES,Federal Contract Tower,0,0,4,0,4,0,0,0,0,0,0,0,4,0,4,0,0,0,4
12/26/2021,AHN,GA,ASO,ES,Federal Contract Tower,4,1,37,0,42,0,2,46,0,48,4,3,83,0,90,36,0,36,126
12/27/2021,AHN,GA,ASO,ES,Federal Contract Tower,0,5,11,0,16,0,0,20,0,20,0,5,31,0,36,18,0,18,54
12/28/2021,AHN,GA,ASO,ES,Federal Contract Tower,0,7,30,0,37,0,0,4,0,4,0,7,34,0,41,18,0,18,59
12/29/2021,AHN,GA,ASO,ES,Federal Contract Tower,2,2,12,0,16,0,0,0,0,0,2,2,12,0,16,0,0,0,16
12/30/2021,AHN,GA,ASO,ES,Federal Contract Tower,0,0,6,0,6,0,0,0,0,0,0,0,6,0,6,0,0,0,6
12/31/2021,AHN,GA,ASO,ES,Federal Contract Tower,0,0,10,0,10,0,0,0,0,0,0,0,10,0,10,0,0,0,10
01/01/2022,AHN,GA,ASO,ES,Federal Contract Tower,4,2,13,0,19,0,0,0,0,0,4,2,13,0,19,0,0,0,19
01/02/2022,AHN,GA,ASO,ES,Federal Contract Tower,0,4,7,0,11,0,0,2,0,2,0,4,9,0,13,0,0,0,13
01/03/2022,AHN,GA,ASO,ES,Federal Contract Tower,2,0,27,0,29,0,0,31,4,35,2,0,58,4,64,16,4,20,84
01/04/2022,AHN,GA,ASO,ES,Federal Contract Tower,1,0,63,4,68,0,3,34,1,38,1,3,97,5,106,64,4,68,174
01/05/2022,AHN,GA,ASO,ES,Federal Contract Tower,0,2,28,0,30,0,0,29,0,29,0,2,57,0,59,86,0,86,145
01/06/2022,AHN,GA,ASO,ES,Federal Contract Tower,0,5,13,6,24,0,0,18,0,18,0,5,31,6,42,48,0,48,90
01/07/2022,AHN,GA,ASO,ES,Federal Contract Tower,4,2,26,6,38,0,9,27,0,36,4,11,53,6,74,90,0,90,164
01/08/2022,AHN,GA,ASO,ES,Federal Contract Tower,0,4,38,0,42,0,3,57,0,60,0,7,95,0,102,126,0,126,228
01/09/2022,AHN,GA,ASO,ES,Federal Contract Tower,0,10,25,0,35,0,0,0,0,0,0,10,25,0,35,0,0,0,35
01/10/2022,AHN,GA,ASO,ES,Federal Contract Tower,0,11,20,0,31,0,2,49,0,51,0,13,69,0,82,108,0,108,190
01/11/2022,AHN,GA,ASO,ES,Federal Contract Tower,0,14,39,2,55,0,0,72,0,72,0,14,111,2,127,38,2,40,167
01/12/2022,AHN,GA,ASO,ES,Federal Contract Tower,0,3,24,3,30,0,0,55,1,56,0,3,79,4,86,46,4,50,136
01/13/2022,AHN,GA,ASO,ES,Federal Contract Tower,0,1,9,2,12,0,0,55,4,59,0,1,64,6,71,52,0,52,123
01/14/2022,AHN,GA,ASO,ES,Federal Contract Tower,2,0,19,4,25,0,1,60,0,61,2,1,79,4,86,116,2,118,204
01/15/2022,AHN,GA,ASO,ES,Federal Contract Tower,1,4,15,0,20,0,0,35,0,35,1,4,50,0,55,92,0,92,147
01/16/2022,AHN,GA,ASO,ES,Federal Contract Tower,0,0,0,0,0,0,0,0,0,0,0,0,0,0,0,0,0,0,0
01/17/2022,AHN,GA,ASO,ES,Federal Contract Tower,0,2,19,0,21,0,0,5,0,5,0,2,24,0,26,0,0,0,26
01/18/2022,AHN,GA,ASO,ES,Federal Contract Tower,0,4,18,0,22,0,0,54,0,54,0,4,72,0,76,80,0,80,156
01/19/2022,AHN,GA,ASO,ES,Federal Contract Tower,0,7,16,0,23,0,0,66,0,66,0,7,82,0,89,106,2,108,197
01/20/2022,AHN,GA,ASO,ES,Federal Contract Tower,0,6,15,0,21,0,0,0,0,0,0,6,15,0,21,0,0,0,21
01/21/2022,AHN,GA,ASO,ES,Federal Contract Tower,0,11,6,0,17,0,0,0,0,0,0,11,6,0,17,0,0,0,17
01/22/2022,AHN,GA,ASO,ES,Federal Contract Tower,2,3,20,0,25,0,0,59,0,59,2,3,79,0,84,118,0,118,202
01/23/2022,AHN,GA,ASO,ES,Federal Contract Tower,2,3,12,0,17,0,0,53,0,53,2,3,65,0,70,14,0,14,84
01/24/2022,AHN,GA,ASO,ES,Federal Contract Tower,2,1,20,0,23,0,0,59,0,59,2,1,79,0,82,52,0,52,134
01/25/2022,AHN,GA,ASO,ES,Federal Contract Tower,1,9,22,7,39,0,1,42,1,44,1,10,64,8,83,72,6,78,161
01/26/2022,AHN,GA,ASO,ES,Federal Contract Tower,0,5,16,4,25,0,2,48,0,50,0,7,64,4,75,34,4,38,113
01/27/2022,AHN,GA,ASO,ES,Federal Contract Tower,0,7,17,0,24,0,0,50,0,50,0,7,67,0,74,38,0,38,112
01/28/2022,AHN,GA,ASO,ES,Federal Contract Tower,0,14,17,7,38,0,0,40,1,41,0,14,57,8,79,44,0,44,123
01/29/2022,AHN,GA,ASO,ES,Federal Contract Tower,0,10,18,0,28,0,0,30,2,32,0,10,48,2,60,12,0,12,72
01/30/2022,AHN,GA,ASO,ES,Federal Contract Tower,0,6,18,3,27,0,0,41,0,41,0,6,59,3,68,30,10,40,108
01/31/2022,AHN,GA,ASO,ES,Federal Contract Tower,0,14,6,2,22,0,0,66,0,66,0,14,72,2,88,78,0,78,166
02/01/2022,AHN,GA,ASO,ES,Federal Contract Tower,2,6,27,0,35,0,1,39,0,40,2,7,66,0,75,36,4,40,115
02/02/2022,AHN,GA,ASO,ES,Federal Contract Tower,2,5,13,0,20,0,0,32,0,32,2,5,45,0,52,36,0,36,88
02/03/2022,AHN,GA,ASO,ES,Federal Contract Tower,0,5,22,0,27,0,0,2,0,2,0,5,24,0,29,0,0,0,29
02/04/2022,AHN,GA,ASO,ES,Federal Contract Tower,0,4,17,0,21,0,0,0,0,0,0,4,17,0,21,0,0,0,21
02/05/2022,AHN,GA,ASO,ES,Federal Contract Tower,2,8,36,0,46,0,6,56,0,62,2,14,92,0,108,84,0,84,192
02/06/2022,AHN,GA,ASO,ES,Federal Contract Tower,0,9,28,3,40,0,0,57,3,60,0,9,85,6,100,37,0,37,137
02/07/2022,AHN,GA,ASO,ES,Federal Contract Tower,0,4,23,0,27,0,0,39,0,39,0,4,62,0,66,12,0,12,78
02/08/2022,AHN,GA,ASO,ES,Federal Contract Tower,0,2,29,0,31,0,0,60,0,60,0,2,89,0,91,24,0,24,115
02/09/2022,AHN,GA,ASO,ES,Federal Contract Tower,0,4,12,0,16,0,0,70,0,70,0,4,82,0,86,90,0,90,176
02/10/2022,AHN,GA,ASO,ES,Federal Contract Tower,0,7,26,1,34,0,2,49,4,55,0,9,75,5,89,76,2,78,167
02/11/2022,AHN,GA,ASO,ES,Federal Contract Tower,0,5,14,0,19,0,2,59,0,61,0,7,73,0,80,64,0,64,144
02/12/2022,AHN,GA,ASO,ES,Federal Contract Tower,0,1,22,0,23,0,2,63,0,65,0,3,85,0,88,22,0,22,110
02/13/2022,AHN,GA,ASO,ES,Federal Contract Tower,0,5,21,0,26,0,0,16,0,16,0,5,37,0,42,40,0,40,82
02/14/2022,AHN,GA,ASO,ES,Federal Contract Tower,0,2,16,0,18,0,2,40,0,42,0,4,56,0,60,20,0,20,80
02/15/2022,AHN,GA,ASO,ES,Federal Contract Tower,0,6,21,3,30,0,2,62,0,64,0,8,83,3,94,54,2,56,150
02/16/2022,AHN,GA,ASO,ES,Federal Contract Tower,0,5,14,0,19,0,2,49,0,51,0,7,63,0,70,56,0,56,126
02/17/2022,AHN,GA,ASO,ES,Federal Contract Tower,0,0,19,2,21,0,0,2,0,2,0,0,21,2,23,12,2,14,37
02/18/2022,AHN,GA,ASO,ES,Federal Contract Tower,0,7,37,2,46,0,1,42,0,43,0,8,79,2,89,32,0,32,121
02/19/2022,AHN,GA,ASO,ES,Federal Contract Tower,0,3,19,0,22,0,0,62,0,62,0,3,81,0,84,44,0,44,128
02/20/2022,AHN,GA,ASO,ES,Federal Contract Tower,0,6,43,0,49,0,2,64,0,66,0,8,107,0,115,92,0,92,207
02/21/2022,AHN,GA,ASO,ES,Federal Contract Tower,0,6,31,0,37,0,0,6,0,6,0,6,37,0,43,22,0,22,65
02/22/2022,AHN,GA,ASO,ES,Federal Contract Tower,0,5,23,2,30,0,0,27,0,27,0,5,50,2,57,56,0,56,113
02/23/2022,AHN,GA,ASO,ES,Federal Contract Tower,2,8,20,0,30,0,3,15,1,19,2,11,35,1,49,18,2,20,69
02/24/2022,AHN,GA,ASO,ES,Federal Contract Tower,0,0,35,0,35,0,1,41,2,44,0,1,76,2,79,36,0,36,115
02/25/2022,AHN,GA,ASO,ES,Federal Contract Tower,2,10,40,2,54,0,0,24,4,28,2,10,64,6,82,4,6,10,92
02/26/2022,AHN,GA,ASO,ES,Federal Contract Tower,4,9,24,0,37,0,0,58,0,58,4,9,82,0,95,54,0,54,149
02/27/2022,AHN,GA,ASO,ES,Federal Contract Tower,0,13,25,1,39,0,0,1,0,1,0,13,26,1,40,0,0,0,40
02/28/2022,AHN,GA,ASO,ES,Federal Contract Tower,4,4,32,1,41,0,3,51,1,55,4,7,83,2,96,22,0,22,118
03/01/2022,AHN,GA,ASO,ES,Federal Contract Tower,0,2,17,3,22,0,3,71,0,74,0,5,88,3,96,62,2,64,160
03/02/2022,AHN,GA,ASO,ES,Federal Contract Tower,0,3,29,0,32,0,3,64,0,67,0,6,93,0,99,107,0,107,206
03/03/2022,AHN,GA,ASO,ES,Federal Contract Tower,0,6,32,2,40,0,0,66,0,66,0,6,98,2,106,32,0,32,138
03/04/2022,AHN,GA,ASO,ES,Federal Contract Tower,0,7,35,0,42,0,0,57,0,57,0,7,92,0,99,28,0,28,127
03/05/2022,AHN,GA,ASO,ES,Federal Contract Tower,0,5,31,2,38,0,0,42,0,42,0,5,73,2,80,10,0,10,90
03/06/2022,AHN,GA,ASO,ES,Federal Contract Tower,0,2,35,0,37,0,1,39,0,40,0,3,74,0,77,36,0,36,113
03/07/2022,AHN,GA,ASO,ES,Federal Contract Tower,0,3,14,0,17,0,0,13,0,13,0,3,27,0,30,20,0,20,50
03/08/2022,AHN,GA,ASO,ES,Federal Contract Tower,0,0,28,0,28,0,0,14,0,14,0,0,42,0,42,22,0,22,64
03/09/2022,AHN,GA,ASO,ES,Federal Contract Tower,0,6,6,7,19,0,0,5,0,5,0,6,11,7,24,38,0,38,62
03/10/2022,AHN,GA,ASO,ES,Federal Contract Tower,0,3,18,2,23,0,0,1,0,1,0,3,19,2,24,2,0,2,26
03/11/2022,AHN,GA,ASO,ES,Federal Contract Tower,0,0,12,0,12,0,0,1,0,1,0,0,13,0,13,2,0,2,15
03/12/2022,AHN,GA,ASO,ES,Federal Contract Tower,0,2,10,0,12,0,0,4,0,4,0,2,14,0,16,0,0,0,16
03/13/2022,AHN,GA,ASO,ES,Federal Contract Tower,0,4,31,0,35,0,0,54,0,54,0,4,85,0,89,70,0,70,159
03/14/2022,AHN,GA,ASO,ES,Federal Contract Tower,0,2,17,0,19,0,0,66,0,66,0,2,83,0,85,32,0,32,117
03/15/2022,AHN,GA,ASO,ES,Federal Contract Tower,0,8,17,0,25,0,1,45,0,46,0,9,62,0,71,56,0,56,127
03/16/2022,AHN,GA,ASO,ES,Federal Contract Tower,0,7,27,0,34,0,0,0,0,0,0,7,27,0,34,0,0,0,34
03/17/2022,AHN,GA,ASO,ES,Federal Contract Tower,0,4,20,2,26,0,6,50,2,58,0,10,70,4,84,64,0,64,148
03/18/2022,AHN,GA,ASO,ES,Federal Contract Tower,0,7,21,0,28,0,0,23,0,23,0,7,44,0,51,62,0,62,113
03/19/2022,AHN,GA,ASO,ES,Federal Contract Tower,0,6,21,1,28,0,1,46,0,47,0,7,67,1,75,38,0,38,113
03/20/2022,AHN,GA,ASO,ES,Federal Contract Tower,2,9,32,0,43,0,5,44,0,49,2,14,76,0,92,32,0,32,124
03/21/2022,AHN,GA,ASO,ES,Federal Contract Tower,0,9,26,2,37,0,4,87,2,93,0,13,113,4,130,72,2,74,204
03/22/2022,AHN,GA,ASO,ES,Federal Contract Tower,0,3,22,0,25,0,2,61,9,72,0,5,83,9,97,80,0,80,177
03/23/2022,AHN,GA,ASO,ES,Federal Contract Tower,0,8,10,0,18,0,0,5,0,5,0,8,15,0,23,12,0,12,35
03/24/2022,AHN,GA,ASO,ES,Federal Contract Tower,0,7,21,2,30,0,2,60,0,62,0,9,81,2,92,56,0,56,148
03/25/2022,AHN,GA,ASO,ES,Federal Contract Tower,0,17,38,0,55,0,0,65,0,65,0,17,103,0,120,48,0,48,168
03/26/2022,AHN,GA,ASO,ES,Federal Contract Tower,0,4,16,0,20,0,0,14,0,14,0,4,30,0,34,0,0,0,34
03/27/2022,AHN,GA,ASO,ES,Federal Contract Tower,0,9,24,0,33,0,1,29,0,30,0,10,53,0,63,12,0,12,75
03/28/2022,AHN,GA,ASO,ES,Federal Contract Tower,0,8,14,0,22,0,0,65,0,65,0,8,79,0,87,71,0,71,158
03/29/2022,AHN,GA,ASO,ES,Federal Contract Tower,0,5,20,0,25,0,3,48,0,51,0,8,68,0,76,106,0,106,182
03/30/2022,AHN,GA,ASO,ES,Federal Contract Tower,0,8,13,0,21,0,1,26,0,27,0,9,39,0,48,13,0,13,61
03/31/2022,AHN,GA,ASO,ES,Federal Contract Tower,0,8,10,0,18,0,0,7,0,7,0,8,17,0,25,0,0,0,25
04/01/2022,AHN,GA,ASO,ES,Federal Contract Tower,0,10,44,0,54,0,0,63,0,63,0,10,107,0,117,99,0,99,216
04/02/2022,AHN,GA,ASO,ES,Federal Contract Tower,0,4,24,0,28,0,0,73,0,73,0,4,97,0,101,82,0,82,183
04/03/2022,AHN,GA,ASO,ES,Federal Contract Tower,0,7,28,1,36,0,2,53,1,56,0,9,81,2,92,70,6,76,168
04/04/2022,AHN,GA,ASO,ES,Federal Contract Tower,0,5,20,2,27,0,4,71,0,75,0,9,91,2,102,114,0,114,216
04/05/2022,AHN,GA,ASO,ES,Federal Contract Tower,0,2,5,0,7,0,0,0,0,0,0,2,5,0,7,0,0,0,7
04/06/2022,AHN,GA,ASO,ES,Federal Contract Tower,0,9,21,0,30,0,0,0,0,0,0,9,21,0,30,2,0,2,32
04/07/2022,AHN,GA,ASO,ES,Federal Contract Tower,0,12,28,0,40,0,0,38,0,38,0,12,66,0,78,26,0,26,104
04/08/2022,AHN,GA,ASO,ES,Federal Contract Tower,0,5,25,0,30,0,0,49,0,49,0,5,74,0,79,33,0,33,112
04/09/2022,AHN,GA,ASO,ES,Federal Contract Tower,0,4,24,0,28,0,0,28,0,28,0,4,52,0,56,22,0,22,78
04/10/2022,AHN,GA,ASO,ES,Federal Contract Tower,0,4,45,0,49,0,0,78,0,78,0,4,123,0,127,66,0,66,193
04/11/2022,AHN,GA,ASO,ES,Federal Contract Tower,0,4,26,0,30,0,2,54,0,56,0,6,80,0,86,62,0,62,148
04/12/2022,AHN,GA,ASO,ES,Federal Contract Tower,0,9,19,1,29,0,2,51,1,54,0,11,70,2,83,48,6,54,137
04/13/2022,AHN,GA,ASO,ES,Federal Contract Tower,1,6,18,1,26,0,0,46,0,46,1,6,64,1,72,72,2,74,146
04/14/2022,AHN,GA,ASO,ES,Federal Contract Tower,0,15,31,1,47,0,1,28,0,29,0,16,59,1,76,54,2,56,132
04/15/2022,AHN,GA,ASO,ES,Federal Contract Tower,0,3,31,0,34,0,0,62,0,62,0,3,93,0,96,74,0,74,170
04/16/2022,AHN,GA,ASO,ES,Federal Contract Tower,0,0,20,0,20,0,0,1,0,1,0,0,21,0,21,0,0,0,21
04/17/2022,AHN,GA,ASO,ES,Federal Contract Tower,0,5,16,0,21,0,2,25,0,27,0,7,41,0,48,20,0,20,68
04/18/2022,AHN,GA,ASO,ES,Federal Contract Tower,0,10,39,4,53,0,0,10,0,10,0,10,49,4,63,10,0,10,73
04/19/2022,AHN,GA,ASO,ES,Federal Contract Tower,0,8,23,0,31,0,3,46,0,49,0,11,69,0,80,42,0,42,122
04/20/2022,AHN,GA,ASO,ES,Federal Contract Tower,0,1,14,10,25,0,0,56,2,58,0,1,70,12,83,68,0,68,151
04/21/2022,AHN,GA,ASO,ES,Federal Contract Tower,0,1,29,1,31,0,0,60,9,69,0,1,89,10,100,66,0,66,166
04/22/2022,AHN,GA,ASO,ES,Federal Contract Tower,0,11,18,16,45,0,0,67,13,80,0,11,85,29,125,68,0,68,193
04/23/2022,AHN,GA,ASO,ES,Federal Contract Tower,0,4,13,0,17,0,0,68,0,68,0,4,81,0,85,32,0,32,117
04/24/2022,AHN,GA,ASO,ES,Federal Contract Tower,1,7,22,5,35,0,0,35,5,40,1,7,57,10,75,52,0,52,127
04/25/2022,AHN,GA,ASO,ES,Federal Contract Tower,0,1,28,0,29,0,2,68,0,70,0,3,96,0,99,48,0,48,147
04/26/2022,AHN,GA,ASO,ES,Federal Contract Tower,0,4,19,0,23,0,0,12,0,12,0,4,31,0,35,26,0,26,61
04/27/2022,AHN,GA,ASO,ES,Federal Contract Tower,0,0,21,0,21,0,0,52,2,54,0,0,73,2,75,44,4,48,123
04/28/2022,AHN,GA,ASO,ES,Federal Contract Tower,0,1,26,0,27,0,0,55,0,55,0,1,81,0,82,82,2,84,166
04/29/2022,AHN,GA,ASO,ES,Federal Contract Tower,0,6,33,8,47,0,0,45,5,50,0,6,78,13,97,30,0,30,127
04/30/2022,AHN,GA,ASO,ES,Federal Contract Tower,0,0,35,0,35,0,0,76,0,76,0,0,111,0,111,46,0,46,157
05/01/2022,AHN,GA,ASO,ES,Federal Contract Tower,0,5,38,1,44,0,0,17,3,20,0,5,55,4,64,12,0,12,76
05/02/2022,AHN,GA,ASO,ES,Federal Contract Tower,0,0,19,0,19,0,9,34,0,43,0,9,53,0,62,74,0,74,136
05/03/2022,AHN,GA,ASO,ES,Federal Contract Tower,0,3,18,0,21,0,8,40,4,52,0,11,58,4,73,52,0,52,125
05/04/2022,AHN,GA,ASO,ES,Federal Contract Tower,0,4,22,2,28,0,0,34,0,34,0,4,56,2,62,66,0,66,128
05/05/2022,AHN,GA,ASO,ES,Federal Contract Tower,0,6,14,0,20,0,0,49,0,49,0,6,63,0,69,76,0,76,145
05/06/2022,AHN,GA,ASO,ES,Federal Contract Tower,0,4,15,0,19,0,0,7,0,7,0,4,22,0,26,4,0,4,30
05/07/2022,AHN,GA,ASO,ES,Federal Contract Tower,0,3,15,0,18,0,0,24,0,24,0,3,39,0,42,14,0,14,56
05/08/2022,AHN,GA,ASO,ES,Federal Contract Tower,0,10,28,0,38,0,10,9,0,19,0,20,37,0,57,2,0,2,59
05/09/2022,AHN,GA,ASO,ES,Federal Contract Tower,0,1,31,0,32,0,1,43,1,45,0,2,74,1,77,74,6,80,157
05/10/2022,AHN,GA,ASO,ES,Federal Contract Tower,0,5,18,2,25,0,1,72,0,73,0,6,90,2,98,62,0,62,160
05/11/2022,AHN,GA,ASO,ES,Federal Contract Tower,0,7,47,0,54,0,2,70,1,73,0,9,117,1,127,38,0,38,165
05/12/2022,AHN,GA,ASO,ES,Federal Contract Tower,0,20,23,0,43,0,1,53,0,54,0,21,76,0,97,32,0,32,129
05/13/2022,AHN,GA,ASO,ES,Federal Contract Tower,0,12,39,3,54,0,0,19,1,20,0,12,58,4,74,20,0,20,94
05/14/2022,AHN,GA,ASO,ES,Federal Contract Tower,0,12,27,2,41,0,0,40,0,40,0,12,67,2,81,26,0,26,107
05/15/2022,AHN,GA,ASO,ES,Federal Contract Tower,0,18,16,2,36,0,2,31,0,33,0,20,47,2,69,22,0,22,91
05/16/2022,AHN,GA,ASO,ES,Federal Contract Tower,0,10,9,0,19,0,0,34,0,34,0,10,43,0,53,50,0,50,103
05/17/2022,AHN,GA,ASO,ES,Federal Contract Tower,0,1,14,1,16,0,0,73,0,73,0,1,87,1,89,90,0,90,179
05/18/2022,AHN,GA,ASO,ES,Federal Contract Tower,0,7,9,0,16,0,0,43,6,49,0,7,52,6,65,67,0,67,132
05/19/2022,AHN,GA,ASO,ES,Federal Contract Tower,2,6,35,0,43,0,1,64,8,73,2,7,99,8,116,33,0,33,149
05/20/2022,AHN,GA,ASO,ES,Federal Contract Tower,1,5,21,0,27,0,0,47,0,47,1,5,68,0,74,76,0,76,150
05/21/2022,AHN,GA,ASO,ES,Federal Contract Tower,1,5,18,0,24,0,0,11,0,11,1,5,29,0,35,32,0,32,67
05/22/2022,AHN,GA,ASO,ES,Federal Contract Tower,1,7,25,0,33,0,3,39,0,42,1,10,64,0,75,78,0,78,153
05/23/2022,AHN,GA,ASO,ES,Federal Contract Tower,0,3,9,1,13,0,0,1,0,1,0,3,10,1,14,4,0,4,18
05/24/2022,AHN,GA,ASO,ES,Federal Contract Tower,0,10,18,0,28,0,1,32,0,33,0,11,50,0,61,88,0,88,149
05/25/2022,AHN,GA,ASO,ES,Federal Contract Tower,0,5,26,2,33,0,0,2,0,2,0,5,28,2,35,24,0,24,59
05/26/2022,AHN,GA,ASO,ES,Federal Contract Tower,0,0,13,0,13,0,0,0,0,0,0,0,13,0,13,0,0,0,13
05/27/2022,AHN,GA,ASO,ES,Federal Contract Tower,0,6,31,0,37,0,2,43,0,45,0,8,74,0,82,46,0,46,128
05/28/2022,AHN,GA,ASO,ES,Federal Contract Tower,0,1,21,0,22,0,2,66,0,68,0,3,87,0,90,74,0,74,164
05/29/2022,AHN,GA,ASO,ES,Federal Contract Tower,0,1,4,0,5,0,0,47,0,47,0,1,51,0,52,62,0,62,114
05/30/2022,AHN,GA,ASO,ES,Federal Contract Tower,0,6,11,0,17,0,0,25,0,25,0,6,36,0,42,6,0,6,48
05/31/2022,AHN,GA,ASO,ES,Federal Contract Tower,0,4,15,2,21,0,0,29,17,46,0,4,44,19,67,34,2,36,103
06/01/2022,AHN,GA,ASO,ES,Federal Contract Tower,0,6,23,4,33,0,1,52,0,53,0,7,75,4,86,72,0,72,158
06/02/2022,AHN,GA,ASO,ES,Federal Contract Tower,0,7,25,0,32,0,0,31,0,31,0,7,56,0,63,46,0,46,109
06/03/2022,AHN,GA,ASO,ES,Federal Contract Tower,0,4,16,0,20,0,0,25,4,29,0,4,41,4,49,46,0,46,95
06/04/2022,AHN,GA,ASO,ES,Federal Contract Tower,0,3,8,0,11,0,1,36,0,37,0,4,44,0,48,64,0,64,112
06/05/2022,AHN,GA,ASO,ES,Federal Contract Tower,0,4,12,2,18,0,1,51,0,52,0,5,63,2,70,46,0,46,116
06/06/2022,AHN,GA,ASO,ES,Federal Contract Tower,0,4,7,0,11,0,0,21,0,21,0,4,28,0,32,48,0,48,80
06/07/2022,AHN,GA,ASO,ES,Federal Contract Tower,0,9,20,0,29,0,0,16,4,20,0,9,36,4,49,16,4,20,69
06/08/2022,AHN,GA,ASO,ES,Federal Contract Tower,0,3,24,0,27,0,4,27,0,31,0,7,51,0,58,62,0,62,120
06/09/2022,AHN,GA,ASO,ES,Federal Contract Tower,0,6,20,2,28,0,0,38,6,44,0,6,58,8,72,40,0,40,112
06/10/2022,AHN,GA,ASO,ES,Federal Contract Tower,0,3,18,3,24,0,0,67,6,73,0,3,85,9,97,41,10,51,148
06/11/2022,AHN,GA,ASO,ES,Federal Contract Tower,1,3,11,0,15,0,2,41,0,43,1,5,52,0,58,63,0,63,121
06/12/2022,AHN,GA,ASO,ES,Federal Contract Tower,0,3,21,2,26,0,0,51,0,51,0,3,72,2,77,48,0,48,125
06/13/2022,AHN,GA,ASO,ES,Federal Contract Tower,0,8,14,0,22,0,0,46,0,46,0,8,60,0,68,50,0,50,118
06/14/2022,AHN,GA,ASO,ES,Federal Contract Tower,0,3,22,6,31,0,0,38,0,38,0,3,60,6,69,53,4,57,126
06/15/2022,AHN,GA,ASO,ES,Federal Contract Tower,0,6,14,0,20,0,3,32,0,35,0,9,46,0,55,80,0,80,135
06/16/2022,AHN,GA,ASO,ES,Federal Contract Tower,0,5,20,0,25,0,4,70,0,74,0,9,90,0,99,60,0,60,159
06/17/2022,AHN,GA,ASO,ES,Federal Contract Tower,0,1,30,0,31,0,1,38,8,47,0,2,68,8,78,46,0,46,124
06/18/2022,AHN,GA,ASO,ES,Federal Contract Tower,0,2,13,0,15,0,3,49,0,52,0,5,62,0,67,62,0,62,129
06/19/2022,AHN,GA,ASO,ES,Federal Contract Tower,0,2,13,0,15,0,1,46,0,47,0,3,59,0,62,28,0,28,90
06/20/2022,AHN,GA,ASO,ES,Federal Contract Tower,0,0,13,0,13,0,0,52,0,52,0,0,65,0,65,25,0,25,90
06/21/2022,AHN,GA,ASO,ES,Federal Contract Tower,0,5,11,0,16,0,0,57,0,57,0,5,68,0,73,46,0,46,119
06/22/2022,AHN,GA,ASO,ES,Federal Contract Tower,0,7,33,0,40,0,0,46,0,46,0,7,79,0,86,30,0,30,116
06/23/2022,AHN,GA,ASO,ES,Federal Contract Tower,0,1,15,0,16,0,1,51,0,52,0,2,66,0,68,74,0,74,142
06/24/2022,AHN,GA,ASO,ES,Federal Contract Tower,0,4,23,1,28,0,1,56,1,58,0,5,79,2,86,56,12,68,154
06/25/2022,AHN,GA,ASO,ES,Federal Contract Tower,0,2,16,1,19,0,3,50,0,53,0,5,66,1,72,28,0,28,100
06/26/2022,AHN,GA,ASO,ES,Federal Contract Tower,0,0,20,3,23,0,0,33,0,33,0,0,53,3,56,22,0,22,78
06/27/2022,AHN,GA,ASO,ES,Federal Contract Tower,0,2,11,0,13,0,0,40,0,40,0,2,51,0,53,35,0,35,88
06/28/2022,AHN,GA,ASO,ES,Federal Contract Tower,0,0,17,0,17,0,0,34,0,34,0,0,51,0,51,20,0,20,71
06/29/2022,AHN,GA,ASO,ES,Federal Contract Tower,0,7,18,0,25,0,1,13,2,16,0,8,31,2,41,16,0,16,57
06/30/2022,AHN,GA,ASO,ES,Federal Contract Tower,0,3,34,0,37,0,3,28,0,31,0,6,62,0,68,56,0,56,124
07/01/2022,AHN,GA,ASO,ES,Federal Contract Tower,0,0,26,0,26,0,2,17,0,19,0,2,43,0,45,8,0,8,53
07/02/2022,AHN,GA,ASO,ES,Federal Contract Tower,0,1,11,0,12,0,0,23,0,23,0,1,34,0,35,30,0,30,65
07/03/2022,AHN,GA,ASO,ES,Federal Contract Tower,0,4,5,0,9,0,0,22,1,23,0,4,27,1,32,54,0,54,86
07/04/2022,AHN,GA,ASO,ES,Federal Contract Tower,0,2,10,0,12,0,0,24,0,24,0,2,34,0,36,21,0,21,57
07/05/2022,AHN,GA,ASO,ES,Federal Contract Tower,0,0,13,0,13,0,0,30,0,30,0,0,43,0,43,57,0,57,100
07/06/2022,AHN,GA,ASO,ES,Federal Contract Tower,0,2,20,0,22,0,4,40,0,44,0,6,60,0,66,68,0,68,134
07/07/2022,AHN,GA,ASO,ES,Federal Contract Tower,0,6,23,0,29,0,0,63,0,63,0,6,86,0,92,66,0,66,158
07/08/2022,AHN,GA,ASO,ES,Federal Contract Tower,0,5,14,2,21,0,0,52,0,52,0,5,66,2,73,70,4,74,147
07/09/2022,AHN,GA,ASO,ES,Federal Contract Tower,0,1,10,0,11,0,0,3,0,3,0,1,13,0,14,28,0,28,42
07/10/2022,AHN,GA,ASO,ES,Federal Contract Tower,0,4,22,0,26,0,0,7,0,7,0,4,29,0,33,32,0,32,65
07/11/2022,AHN,GA,ASO,ES,Federal Contract Tower,0,7,31,0,38,0,0,11,0,11,0,7,42,0,49,38,0,38,87
07/12/2022,AHN,GA,ASO,ES,Federal Contract Tower,0,2,27,0,29,0,0,35,0,35,0,2,62,0,64,50,0,50,114
07/13/2022,AHN,GA,ASO,ES,Federal Contract Tower,0,4,24,0,28,0,2,17,0,19,0,6,41,0,47,30,0,30,77
07/14/2022,AHN,GA,ASO,ES,Federal Contract Tower,0,7,21,0,28,0,3,49,1,53,0,10,70,1,81,104,0,104,185
07/15/2022,AHN,GA,ASO,ES,Federal Contract Tower,0,2,19,0,21,0,0,52,0,52,0,2,71,0,73,46,0,46,119
07/16/2022,AHN,GA,ASO,ES,Federal Contract Tower,0,0,14,0,14,0,0,72,0,72,0,0,86,0,86,90,0,90,176
07/17/2022,AHN,GA,ASO,ES,Federal Contract Tower,0,0,27,0,27,0,2,41,0,43,0,2,68,0,70,60,0,60,130
07/18/2022,AHN,GA,ASO,ES,Federal Contract Tower,0,2,15,0,17,0,0,33,0,33,0,2,48,0,50,82,0,82,132
07/19/2022,AHN,GA,ASO,ES,Federal Contract Tower,0,6,5,0,11,0,0,30,0,30,0,6,35,0,41,40,0,40,81
07/20/2022,AHN,GA,ASO,ES,Federal Contract Tower,0,2,29,0,31,0,0,13,9,22,0,2,42,9,53,14,4,18,71
07/21/2022,AHN,GA,ASO,ES,Federal Contract Tower,2,6,11,0,19,0,0,14,1,15,2,6,25,1,34,20,6,26,60
07/22/2022,AHN,GA,ASO,ES,Federal Contract Tower,0,7,19,5,31,0,0,64,5,69,0,7,83,10,100,90,0,90,190
07/23/2022,AHN,GA,ASO,ES,Federal Contract Tower,0,2,13,0,15,0,1,59,0,60,0,3,72,0,75,64,0,64,139
07/24/2022,AHN,GA,ASO,ES,Federal Contract Tower,0,2,15,1,18,0,0,38,3,41,0,2,53,4,59,50,0,50,109
07/25/2022,AHN,GA,ASO,ES,Federal Contract Tower,0,2,13,0,15,0,0,27,0,27,0,2,40,0,42,102,0,102,144
07/26/2022,AHN,GA,ASO,ES,Federal Contract Tower,0,5,31,0,36,0,1,35,0,36,0,6,66,0,72,44,0,44,116
07/27/2022,AHN,GA,ASO,ES,Federal Contract Tower,0,7,13,0,20,0,0,49,7,56,0,7,62,7,76,51,0,51,127
07/28/2022,AHN,GA,ASO,ES,Federal Contract Tower,0,4,20,0,24,0,0,62,4,66,0,4,82,4,90,62,0,62,152
07/29/2022,AHN,GA,ASO,ES,Federal Contract Tower,0,8,22,0,30,0,0,49,0,49,0,8,71,0,79,66,0,66,145
07/30/2022,AHN,GA,ASO,ES,Federal Contract Tower,0,0,13,0,13,0,0,47,0,47,0,0,60,0,60,52,0,52,112
07/31/2022,AHN,GA,ASO,ES,Federal Contract Tower,0,1,26,2,29,0,0,26,6,32,0,1,52,8,61,84,0,84,145
08/01/2022,AHN,GA,ASO,ES,Federal Contract Tower,0,3,32,2,37,0,0,33,0,33,0,3,65,2,70,66,0,66,136
08/02/2022,AHN,GA,ASO,ES,Federal Contract Tower,0,0,15,2,17,0,0,28,0,28,0,0,43,2,45,66,0,66,111
08/03/2022,AHN,GA,ASO,ES,Federal Contract Tower,0,2,13,0,15,0,14,26,0,40,0,16,39,0,55,12,0,12,67
08/04/2022,AHN,GA,ASO,ES,Federal Contract Tower,0,1,23,0,24,0,17,39,0,56,0,18,62,0,80,76,0,76,156
08/05/2022,AHN,GA,ASO,ES,Federal Contract Tower,0,3,18,1,22,0,1,35,3,39,0,4,53,4,61,24,0,24,85
08/06/2022,AHN,GA,ASO,ES,Federal Contract Tower,0,9,20,0,29,0,4,26,0,30,0,13,46,0,59,24,0,24,83
08/07/2022,AHN,GA,ASO,ES,Federal Contract Tower,0,1,13,1,15,0,0,30,1,31,0,1,43,2,46,32,0,32,78
08/08/2022,AHN,GA,ASO,ES,Federal Contract Tower,0,6,17,0,23,0,0,37,0,37,0,6,54,0,60,58,0,58,118
08/09/2022,AHN,GA,ASO,ES,Federal Contract Tower,0,0,24,0,24,0,0,46,0,46,0,0,70,0,70,112,0,112,182
08/10/2022,AHN,GA,ASO,ES,Federal Contract Tower,0,0,32,0,32,0,0,32,0,32,0,0,64,0,64,68,0,68,132
08/11/2022,AHN,GA,ASO,ES,Federal Contract Tower,0,5,46,0,51,0,1,77,0,78,0,6,123,0,129,134,0,134,263
08/12/2022,AHN,GA,ASO,ES,Federal Contract Tower,0,7,38,4,49,0,0,55,0,55,0,7,93,4,104,58,0,58,162
08/13/2022,AHN,GA,ASO,ES,Federal Contract Tower,0,0,31,0,31,0,0,49,0,49,0,0,80,0,80,30,0,30,110
08/14/2022,AHN,GA,ASO,ES,Federal Contract Tower,0,5,24,0,29,0,0,54,2,56,0,5,78,2,85,60,0,60,145
08/15/2022,AHN,GA,ASO,ES,Federal Contract Tower,0,9,18,2,29,0,0,37,0,37,0,9,55,2,66,34,0,34,100
08/16/2022,AHN,GA,ASO,ES,Federal Contract Tower,0,1,29,0,30,0,0,30,3,33,0,1,59,3,63,16,2,18,81
08/17/2022,AHN,GA,ASO,ES,Federal Contract Tower,0,9,20,2,31,0,2,16,2,20,0,11,36,4,51,30,0,30,81
08/18/2022,AHN,GA,ASO,ES,Federal Contract Tower,0,9,15,0,24,0,1,36,0,37,0,10,51,0,61,16,0,16,77
08/19/2022,AHN,GA,ASO,ES,Federal Contract Tower,0,2,12,0,14,0,0,5,0,5,0,2,17,0,19,0,0,0,19
08/20/2022,AHN,GA,ASO,ES,Federal Contract Tower,0,2,18,0,20,0,0,0,0,0,0,2,18,0,20,22,0,22,42
08/21/2022,AHN,GA,ASO,ES,Federal Contract Tower,0,2,24,0,26,0,0,6,0,6,0,2,30,0,32,14,0,14,46
08/22/2022,AHN,GA,ASO,ES,Federal Contract Tower,0,0,20,0,20,0,0,10,0,10,0,0,30,0,30,6,0,6,36
08/23/2022,AHN,GA,ASO,ES,Federal Contract Tower,0,3,16,2,21,0,0,47,0,47,0,3,63,2,68,40,0,40,108
08/24/2022,AHN,GA,ASO,ES,Federal Contract Tower,0,2,16,0,18,0,1,41,0,42,0,3,57,0,60,50,0,50,110
08/25/2022,AHN,GA,ASO,ES,Federal Contract Tower,0,1,14,0,15,0,4,14,0,18,0,5,28,0,33,22,0,22,55
08/26/2022,AHN,GA,ASO,ES,Federal Contract Tower,0,2,16,3,21,0,0,25,0,25,0,2,41,3,46,22,2,24,70
08/27/2022,AHN,GA,ASO,ES,Federal Contract Tower,0,5,21,0,26,0,2,33,0,35,0,7,54,0,61,58,0,58,119
08/28/2022,AHN,GA,ASO,ES,Federal Contract Tower,0,3,22,0,25,0,0,40,0,40,0,3,62,0,65,24,0,24,89
08/29/2022,AHN,GA,ASO,ES,Federal Contract Tower,0,0,25,0,25,0,0,36,1,37,0,0,61,1,62,64,0,64,126
08/30/2022,AHN,GA,ASO,ES,Federal Contract Tower,0,5,20,0,25,0,0,13,1,14,0,5,33,1,39,38,0,38,77
08/31/2022,AHN,GA,ASO,ES,Federal Contract Tower,0,3,23,0,26,0,0,43,0,43,0,3,66,0,69,54,0,54,123
09/01/2022,AHN,GA,ASO,ES,Federal Contract Tower,0,7,27,0,34,0,7,59,2,68,0,14,86,2,102,62,0,62,164
09/02/2022,AHN,GA,ASO,ES,Federal Contract Tower,5,33,0,0,38,0,1,8,0,9,5,34,8,0,47,8,0,8,55
09/03/2022,AHN,GA,ASO,ES,Federal Contract Tower,0,2,17,0,19,0,0,4,0,4,0,2,21,0,23,0,0,0,23
09/04/2022,AHN,GA,ASO,ES,Federal Contract Tower,0,3,3,0,6,0,0,0,0,0,0,3,3,0,6,0,0,0,6
09/05/2022,AHN,GA,ASO,ES,Federal Contract Tower,0,6,14,0,20,0,0,2,0,2,0,6,16,0,22,0,0,0,22
09/06/2022,AHN,GA,ASO,ES,Federal Contract Tower,0,5,27,0,32,0,6,37,0,43,0,11,64,0,75,51,0,51,126
09/07/2022,AHN,GA,ASO,ES,Federal Contract Tower,0,0,23,0,23,0,0,49,0,49,0,0,72,0,72,52,0,52,124
09/08/2022,AHN,GA,ASO,ES,Federal Contract Tower,0,1,37,0,38,0,1,35,1,37,0,2,72,1,75,40,0,40,115
09/09/2022,AHN,GA,ASO,ES,Federal Contract Tower,0,5,42,4,51,0,0,11,0,11,0,5,53,4,62,16,0,16,78
09/10/2022,AHN,GA,ASO,ES,Federal Contract Tower,0,4,24,2,30,0,0,0,0,0,0,4,24,2,30,0,0,0,30
09/11/2022,AHN,GA,ASO,ES,Federal Contract Tower,0,3,36,0,39,0,0,13,0,13,0,3,49,0,52,14,0,14,66
09/12/2022,AHN,GA,ASO,ES,Federal Contract Tower,0,5,9,0,14,0,0,30,0,30,0,5,39,0,44,32,0,32,76
09/13/2022,AHN,GA,ASO,ES,Federal Contract Tower,0,11,22,0,33,0,4,42,0,46,0,15,64,0,79,46,0,46,125
09/14/2022,AHN,GA,ASO,ES,Federal Contract Tower,0,3,23,0,26,0,0,47,0,47,0,3,70,0,73,79,0,79,152
09/15/2022,AHN,GA,ASO,ES,Federal Contract Tower,0,2,31,1,34,0,0,51,1,52,0,2,82,2,86,46,0,46,132
09/16/2022,AHN,GA,ASO,ES,Federal Contract Tower,0,6,27,3,36,0,1,53,3,57,0,7,80,6,93,76,0,76,169
09/17/2022,AHN,GA,ASO,ES,Federal Contract Tower,0,1,24,0,25,0,3,47,0,50,0,4,71,0,75,54,0,54,129
09/18/2022,AHN,GA,ASO,ES,Federal Contract Tower,0,2,19,6,27,0,0,35,4,39,0,2,54,10,66,38,0,38,104
09/19/2022,AHN,GA,ASO,ES,Federal Contract Tower,0,2,21,0,23,0,0,64,0,64,0,2,85,0,87,58,0,58,145
09/20/2022,AHN,GA,ASO,ES,Federal Contract Tower,0,1,14,5,20,0,0,55,0,55,0,1,69,5,75,42,0,42,117
09/21/2022,AHN,GA,ASO,ES,Federal Contract Tower,0,6,21,2,29,0,0,60,0,60,0,6,81,2,89,84,0,84,173
09/22/2022,AHN,GA,ASO,ES,Federal Contract Tower,0,7,26,1,34,0,0,71,1,72,0,7,97,2,106,62,0,62,168
09/23/2022,AHN,GA,ASO,ES,Federal Contract Tower,0,22,37,0,59,0,0,64,0,64,0,22,101,0,123,41,0,41,164
09/24/2022,AHN,GA,ASO,ES,Federal Contract Tower,0,13,41,0,54,0,0,51,0,51,0,13,92,0,105,0,0,0,105
09/25/2022,AHN,GA,ASO,ES,Federal Contract Tower,0,18,38,0,56,0,0,39,0,39,0,18,77,0,95,28,0,28,123
09/26/2022,AHN,GA,ASO,ES,Federal Contract Tower,0,1,8,0,9,0,0,51,0,51,0,1,59,0,60,60,0,60,120
09/27/2022,AHN,GA,ASO,ES,Federal Contract Tower,0,6,22,0,28,0,2,51,0,53,0,8,73,0,81,82,0,82,163
09/28/2022,AHN,GA,ASO,ES,Federal Contract Tower,0,5,13,0,18,0,0,50,0,50,0,5,63,0,68,38,0,38,106
09/29/2022,AHN,GA,ASO,ES,Federal Contract Tower,0,7,12,0,19,0,0,13,0,13,0,7,25,0,32,4,0,4,36
09/30/2022,AHN,GA,ASO,ES,Federal Contract Tower,0,11,6,0,17,0,0,2,0,2,0,11,8,0,19,0,0,0,19
10/01/2022,AHN,GA,ASO,ES,Federal Contract Tower,0,1,15,0,16,0,1,25,0,26,0,2,40,0,42,44,0,44,86
10/02/2022,AHN,GA,ASO,ES,Federal Contract Tower,0,8,20,0,28,0,0,37,0,37,0,8,57,0,65,40,0,40,105
10/03/2022,AHN,GA,ASO,ES,Federal Contract Tower,0,4,15,0,19,0,0,56,0,56,0,4,71,0,75,48,0,48,123
10/04/2022,AHN,GA,ASO,ES,Federal Contract Tower,0,0,29,0,29,0,3,39,1,43,0,3,68,1,72,62,2,64,136
10/05/2022,AHN,GA,ASO,ES,Federal Contract Tower,0,4,22,0,26,0,0,81,0,81,0,4,103,0,107,86,0,86,193
10/06/2022,AHN,GA,ASO,ES,Federal Contract Tower,0,7,34,2,43,0,4,66,0,70,0,11,100,2,113,96,0,96,209
10/07/2022,AHN,GA,ASO,ES,Federal Contract Tower,0,23,71,0,94,0,6,78,0,84,0,29,149,0,178,64,0,64,242
10/08/2022,AHN,GA,ASO,ES,Federal Contract Tower,0,34,113,0,147,0,67,0,0,67,0,101,113,0,214,0,0,0,214
10/09/2022,AHN,GA,ASO,ES,Federal Contract Tower,0,16,97,0,113,0,0,41,0,41,0,16,138,0,154,52,0,52,206
10/10/2022,AHN,GA,ASO,ES,Federal Contract Tower,0,7,35,0,42,0,0,46,0,46,0,7,81,0,88,62,0,62,150
10/11/2022,AHN,GA,ASO,ES,Federal Contract Tower,0,15,28,0,43,0,3,38,0,41,0,18,66,0,84,42,2,44,128
10/12/2022,AHN,GA,ASO,ES,Federal Contract Tower,0,13,22,0,35,0,0,4,0,4,0,13,26,0,39,0,0,0,39
10/13/2022,AHN,GA,ASO,ES,Federal Contract Tower,0,5,38,0,43,0,1,10,0,11,0,6,48,0,54,18,0,18,72
10/14/2022,AHN,GA,ASO,ES,Federal Contract Tower,0,10,59,0,69,0,3,84,0,87,0,13,143,0,156,36,6,42,198
10/15/2022,AHN,GA,ASO,ES,Federal Contract Tower,4,9,49,3,65,0,0,47,5,52,4,9,96,8,117,10,0,10,127
10/16/2022,AHN,GA,ASO,ES,Federal Contract Tower,0,12,49,6,67,0,0,68,0,68,0,12,117,6,135,28,0,28,163
10/17/2022,AHN,GA,ASO,ES,Federal Contract Tower,0,2,26,2,30,0,0,35,0,35,0,2,61,2,65,40,0,40,105
10/18/2022,AHN,GA,ASO,ES,Federal Contract Tower,0,11,13,0,24,0,1,45,0,46,0,12,58,0,70,54,0,54,124
10/19/2022,AHN,GA,ASO,ES,Federal Contract Tower,0,12,21,2,35,0,3,67,4,74,0,15,88,6,109,26,2,28,137
10/20/2022,AHN,GA,ASO,ES,Federal Contract Tower,0,8,26,0,34,0,0,56,2,58,0,8,82,2,92,64,0,64,156
10/21/2022,AHN,GA,ASO,ES,Federal Contract Tower,0,11,22,3,36,0,3,59,0,62,0,14,81,3,98,16,0,16,114
10/22/2022,AHN,GA,ASO,ES,Federal Contract Tower,0,4,21,5,30,0,4,51,0,55,0,8,72,5,85,30,0,30,115
10/23/2022,AHN,GA,ASO,ES,Federal Contract Tower,0,8,14,0,22,0,0,79,0,79,0,8,93,0,101,6,0,6,107
10/24/2022,AHN,GA,ASO,ES,Federal Contract Tower,0,1,23,1,25,0,0,46,0,46,0,1,69,1,71,50,0,50,121
10/25/2022,AHN,GA,ASO,ES,Federal Contract Tower,0,1,15,4,20,0,7,49,0,56,0,8,64,4,76,112,0,112,188
10/26/2022,AHN,GA,ASO,ES,Federal Contract Tower,0,4,36,2,42,0,0,35,0,35,0,4,71,2,77,32,0,32,109
10/27/2022,AHN,GA,ASO,ES,Federal Contract Tower,0,10,44,1,55,0,3,66,3,72,0,13,110,4,127,58,0,58,185
10/28/2022,AHN,GA,ASO,ES,Federal Contract Tower,4,6,14,0,24,0,2,39,2,43,4,8,53,2,67,28,0,28,95
10/29/2022,AHN,GA,ASO,ES,Federal Contract Tower,0,0,15,0,15,0,1,6,0,7,0,1,21,0,22,0,0,0,22
10/30/2022,AHN,GA,ASO,ES,Federal Contract Tower,0,2,26,0,28,0,0,0,0,0,0,2,26,0,28,0,0,0,28
10/31/2022,AHN,GA,ASO,ES,Federal Contract Tower,0,6,10,0,16,0,0,0,0,0,0,6,10,0,16,0,0,0,16
11/01/2022,AHN,GA,ASO,ES,Federal Contract Tower,0,3,11,0,14,0,5,38,4,47,0,8,49,4,61,48,0,48,109
11/02/2022,AHN,GA,ASO,ES,Federal Contract Tower,0,3,22,2,27,0,0,46,2,48,0,3,68,4,75,22,4,26,101
11/03/2022,AHN,GA,ASO,ES,Federal Contract Tower,0,2,41,0,43,0,2,66,1,69,0,4,107,1,112,28,6,34,146
11/04/2022,AHN,GA,ASO,ES,Federal Contract Tower,0,32,87,0,119,0,1,57,0,58,0,33,144,0,177,2,10,12,189
11/05/2022,AHN,GA,ASO,ES,Federal Contract Tower,4,65,166,0,235,0,1,10,0,11,4,66,176,0,246,20,0,20,266
11/06/2022,AHN,GA,ASO,ES,Federal Contract Tower,0,32,89,0,121,0,1,21,0,22,0,33,110,0,143,2,0,2,145
11/07/2022,AHN,GA,ASO,ES,Federal Contract Tower,0,9,14,0,23,0,0,31,0,31,0,9,45,0,54,56,0,56,110
11/08/2022,AHN,GA,ASO,ES,Federal Contract Tower,0,2,16,0,18,0,3,48,0,51,0,5,64,0,69,66,0,66,135
11/09/2022,AHN,GA,ASO,ES,Federal Contract Tower,0,1,22,0,23,0,1,39,0,40,0,2,61,0,63,10,0,10,73
11/10/2022,AHN,GA,ASO,ES,Federal Contract Tower,0,2,11,0,13,0,0,0,0,0,0,2,11,0,13,0,0,0,13
11/11/2022,AHN,GA,ASO,ES,Federal Contract Tower,0,4,12,0,16,0,0,0,0,0,0,4,12,0,16,0,0,0,16
11/12/2022,AHN,GA,ASO,ES,Federal Contract Tower,0,4,20,2,26,0,2,9,0,11,0,6,29,2,37,20,0,20,57
11/13/2022,AHN,GA,ASO,ES,Federal Contract Tower,0,3,13,0,16,0,0,39,0,39,0,3,52,0,55,66,0,66,121
11/14/2022,AHN,GA,ASO,ES,Federal Contract Tower,0,9,22,0,31,0,0,69,0,69,0,9,91,0,100,64,0,64,164
11/15/2022,AHN,GA,ASO,ES,Federal Contract Tower,0,1,14,2,17,0,0,0,0,0,0,1,14,2,17,0,0,0,17
11/16/2022,AHN,GA,ASO,ES,Federal Contract Tower,0,6,18,3,27,0,2,32,2,36,0,8,50,5,63,46,0,46,109
11/17/2022,AHN,GA,ASO,ES,Federal Contract Tower,0,10,19,0,29,0,8,53,0,61,0,18,72,0,90,88,4,92,182
11/18/2022,AHN,GA,ASO,ES,Federal Contract Tower,4,8,24,2,38,0,0,46,4,50,4,8,70,6,88,82,0,82,170
11/19/2022,AHN,GA,ASO,ES,Federal Contract Tower,0,7,15,0,22,0,1,45,0,46,0,8,60,0,68,14,0,14,82
11/20/2022,AHN,GA,ASO,ES,Federal Contract Tower,0,2,16,3,21,0,0,46,1,47,0,2,62,4,68,14,0,14,82
11/21/2022,AHN,GA,ASO,ES,Federal Contract Tower,0,0,27,0,27,0,0,59,0,59,0,0,86,0,86,74,0,74,160
11/22/2022,AHN,GA,ASO,ES,Federal Contract Tower,0,7,24,3,34,0,3,54,0,57,0,10,78,3,91,116,0,116,207
11/23/2022,AHN,GA,ASO,ES,Federal Contract Tower,0,3,41,0,44,0,0,35,0,35,0,3,76,0,79,84,0,84,163
11/24/2022,AHN,GA,ASO,ES,Federal Contract Tower,0,2,8,0,10,0,0,6,0,6,0,2,14,0,16,0,0,0,16
11/25/2022,AHN,GA,ASO,ES,Federal Contract Tower,0,3,27,0,30,0,0,6,4,10,0,3,33,4,40,18,0,18,58
11/26/2022,AHN,GA,ASO,ES,Federal Contract Tower,0,15,54,0,69,0,0,32,2,34,0,15,86,2,103,10,0,10,113
11/27/2022,AHN,GA,ASO,ES,Federal Contract Tower,0,11,30,0,41,0,0,21,0,21,0,11,51,0,62,0,0,0,62
11/28/2022,AHN,GA,ASO,ES,Federal Contract Tower,0,4,11,0,15,0,1,51,2,54,0,5,62,2,69,50,0,50,119
11/29/2022,AHN,GA,ASO,ES,Federal Contract Tower,0,6,21,2,29,0,0,54,0,54,0,6,75,2,83,76,0,76,159
11/30/2022,AHN,GA,ASO,ES,Federal Contract Tower,0,4,6,0,10,0,0,6,0,6,0,4,12,0,16,20,0,20,36
12/01/2022,AHN,GA,ASO,ES,Federal Contract Tower,0,4,20,0,24,0,2,57,0,59,0,6,77,0,83,78,0,78,161
12/02/2022,AHN,GA,ASO,ES,Federal Contract Tower,0,2,21,0,23,0,0,27,0,27,0,2,48,0,50,54,0,54,104
12/03/2022,AHN,GA,ASO,ES,Federal Contract Tower,0,2,11,0,13,0,0,2,0,2,0,2,13,0,15,0,0,0,15
12/04/2022,AHN,GA,ASO,ES,Federal Contract Tower,0,8,19,0,27,0,0,18,0,18,0,8,37,0,45,0,0,0,45
12/05/2022,AHN,GA,ASO,ES,Federal Contract Tower,0,4,22,0,26,0,0,0,0,0,0,4,22,0,26,0,0,0,26
12/06/2022,AHN,GA,ASO,ES,Federal Contract Tower,0,2,9,0,11,0,0,0,0,0,0,2,9,0,11,0,0,0,11
12/07/2022,AHN,GA,ASO,ES,Federal Contract Tower,0,10,19,0,29,0,0,2,0,2,0,10,21,0,31,0,0,0,31
12/08/2022,AHN,GA,ASO,ES,Federal Contract Tower,0,6,22,6,34,0,0,19,0,19,0,6,41,6,53,46,0,46,99
12/09/2022,AHN,GA,ASO,ES,Federal Contract Tower,0,14,13,0,27,0,0,0,0,0,0,14,13,0,27,0,0,0,27
12/10/2022,AHN,GA,ASO,ES,Federal Contract Tower,0,6,16,0,22,0,0,0,0,0,0,6,16,0,22,0,0,0,22
12/11/2022,AHN,GA,ASO,ES,Federal Contract Tower,0,10,18,0,28,0,0,0,0,0,0,10,18,0,28,0,0,0,28
12/12/2022,AHN,GA,ASO,ES,Federal Contract Tower,0,10,20,2,32,0,0,8,0,8,0,10,28,2,40,0,0,0,40
12/13/2022,AHN,GA,ASO,ES,Federal Contract Tower,0,7,38,2,47,0,0,43,0,43,0,7,81,2,90,92,0,92,182
12/14/2022,AHN,GA,ASO,ES,Federal Contract Tower,0,17,11,0,28,0,0,2,0,2,0,17,13,0,30,6,0,6,36
12/15/2022,AHN,GA,ASO,ES,Federal Contract Tower,0,2,21,2,25,0,0,22,4,26,0,2,43,6,51,42,0,42,93
12/16/2022,AHN,GA,ASO,ES,Federal Contract Tower,0,8,32,2,42,0,4,53,2,59,0,12,85,4,101,26,4,30,131
12/17/2022,AHN,GA,ASO,ES,Federal Contract Tower,0,4,13,0,17,0,1,33,0,34,0,5,46,0,51,66,0,66,117
12/18/2022,AHN,GA,ASO,ES,Federal Contract Tower,0,2,11,10,23,0,1,57,0,58,0,3,68,10,81,22,0,22,103
12/19/2022,AHN,GA,ASO,ES,Federal Contract Tower,0,3,19,0,22,0,2,47,0,49,0,5,66,0,71,36,0,36,107
12/20/2022,AHN,GA,ASO,ES,Federal Contract Tower,0,9,1,0,10,0,2,1,0,3,0,11,2,0,13,0,0,0,13
12/21/2022,AHN,GA,ASO,ES,Federal Contract Tower,0,5,15,0,20,0,0,30,0,30,0,5,45,0,50,40,0,40,90
12/22/2022,AHN,GA,ASO,ES,Federal Contract Tower,0,6,12,0,18,0,0,0,0,0,0,6,12,0,18,0,0,0,18
12/23/2022,AHN,GA,ASO,ES,Federal Contract Tower,0,2,1,0,3,0,0,0,0,0,0,2,1,0,3,0,0,0,3
12/24/2022,AHN,GA,ASO,ES,Federal Contract Tower,0,0,5,0,5,0,0,0,0,0,0,0,5,0,5,0,0,0,5
12/25/2022,AHN,GA,ASO,ES,Federal Contract Tower,0,0,0,0,0,0,0,6,0,6,0,0,6,0,6,0,0,0,6
12/26/2022,AHN,GA,ASO,ES,Federal Contract Tower,0,6,20,0,26,0,1,33,0,34,0,7,53,0,60,12,0,12,72
12/27/2022,AHN,GA,ASO,ES,Federal Contract Tower,0,9,12,0,21,0,4,41,0,45,0,13,53,0,66,32,0,32,98
12/28/2022,AHN,GA,ASO,ES,Federal Contract Tower,0,3,13,0,16,0,0,56,0,56,0,3,69,0,72,58,0,58,130
12/29/2022,AHN,GA,ASO,ES,Federal Contract Tower,0,2,11,5,18,0,0,80,0,80,0,2,91,5,98,42,0,42,140
12/30/2022,AHN,GA,ASO,ES,Federal Contract Tower,0,6,17,0,23,0,0,11,0,11,0,6,28,0,34,0,0,0,34
12/31/2022,AHN,GA,ASO,ES,Federal Contract Tower,0,2,4,0,6,0,0,0,0,0,0,2,4,0,6,0,0,0,6
01/01/2023,AHN,GA,ASO,ES,Federal Contract Tower,0,6,11,0,17,0,0,15,0,15,0,6,26,0,32,0,0,0,32
01/02/2023,AHN,GA,ASO,ES,Federal Contract Tower,0,10,18,0,28,0,0,8,0,8,0,10,26,0,36,32,0,32,68
01/03/2023,AHN,GA,ASO,ES,Federal Contract Tower,0,0,10,0,10,0,0,0,0,0,0,0,10,0,10,0,0,0,10
01/04/2023,AHN,GA,ASO,ES,Federal Contract Tower,0,0,7,0,7,0,0,5,0,5,0,0,12,0,12,24,0,24,36
01/05/2023,AHN,GA,ASO,ES,Federal Contract Tower,0,2,33,2,37,0,0,56,0,56,0,2,89,2,93,50,0,50,143
01/06/2023,AHN,GA,ASO,ES,Federal Contract Tower,0,3,31,9,43,0,2,48,0,50,0,5,79,9,93,24,4,28,121
01/07/2023,AHN,GA,ASO,ES,Federal Contract Tower,0,5,10,0,15,0,3,59,0,62,0,8,69,0,77,16,0,16,93
01/08/2023,AHN,GA,ASO,ES,Federal Contract Tower,0,2,10,0,12,0,0,31,0,31,0,2,41,0,43,10,0,10,53
01/09/2023,AHN,GA,ASO,ES,Federal Contract Tower,0,0,22,5,27,0,0,43,1,44,0,0,65,6,71,52,0,52,123
01/10/2023,AHN,GA,ASO,ES,Federal Contract Tower,0,3,16,2,21,0,0,38,2,40,0,3,54,4,61,54,0,54,115
01/11/2023,AHN,GA,ASO,ES,Federal Contract Tower,0,6,25,1,32,0,2,29,4,35,0,8,54,5,67,58,0,58,125
01/12/2023,AHN,GA,ASO,ES,Federal Contract Tower,0,8,13,0,21,0,0,5,1,6,0,8,18,1,27,0,0,0,27
01/13/2023,AHN,GA,ASO,ES,Federal Contract Tower,0,5,23,0,28,0,0,16,0,16,0,5,39,0,44,8,0,8,52
01/14/2023,AHN,GA,ASO,ES,Federal Contract Tower,0,2,14,0,16,0,0,37,0,37,0,2,51,0,53,10,0,10,63
01/15/2023,AHN,GA,ASO,ES,Federal Contract Tower,0,5,13,0,18,0,1,54,0,55,0,6,67,0,73,22,0,22,95
01/16/2023,AHN,GA,ASO,ES,Federal Contract Tower,0,3,29,0,32,0,2,72,0,74,0,5,101,0,106,78,0,78,184
01/17/2023,AHN,GA,ASO,ES,Federal Contract Tower,0,2,12,0,14,0,0,2,0,2,0,2,14,0,16,6,0,6,22
01/18/2023,AHN,GA,ASO,ES,Federal Contract Tower,0,3,19,0,22,0,0,0,0,0,0,3,19,0,22,0,0,0,22
01/19/2023,AHN,GA,ASO,ES,Federal Contract Tower,0,2,11,0,13,0,0,7,0,7,0,2,18,0,20,14,0,14,34
01/20/2023,AHN,GA,ASO,ES,Federal Contract Tower,2,18,20,2,42,0,2,49,2,53,2,20,69,4,95,12,0,12,107
01/21/2023,AHN,GA,ASO,ES,Federal Contract Tower,2,1,19,2,24,0,0,38,2,40,2,1,57,4,64,78,0,78,142
01/22/2023,AHN,GA,ASO,ES,Federal Contract Tower,0,5,5,0,10,0,0,0,0,0,0,5,5,0,10,0,0,0,10
01/23/2023,AHN,GA,ASO,ES,Federal Contract Tower,0,3,12,0,15,0,0,47,2,49,0,3,59,2,64,32,0,32,96
01/24/2023,AHN,GA,ASO,ES,Federal Contract Tower,0,5,22,2,29,0,1,74,0,75,0,6,96,2,104,100,2,102,206
01/25/2023,AHN,GA,ASO,ES,Federal Contract Tower,1,2,8,0,11,0,0,1,0,1,1,2,9,0,12,0,0,0,12
01/26/2023,AHN,GA,ASO,ES,Federal Contract Tower,0,3,18,0,21,0,1,33,1,35,0,4,51,1,56,26,0,26,82
01/27/2023,AHN,GA,ASO,ES,Federal Contract Tower,0,13,25,8,46,0,4,50,1,55,0,17,75,9,101,82,0,82,183
01/28/2023,AHN,GA,ASO,ES,Federal Contract Tower,0,8,18,1,27,0,1,61,3,65,0,9,79,4,92,106,0,106,198
01/29/2023,AHN,GA,ASO,ES,Federal Contract Tower,0,7,18,0,25,0,0,5,0,5,0,7,23,0,30,18,0,18,48
01/30/2023,AHN,GA,ASO,ES,Federal Contract Tower,0,11,24,0,35,0,0,0,0,0,0,11,24,0,35,0,0,0,35
01/31/2023,AHN,GA,ASO,ES,Federal Contract Tower,0,8,14,0,22,0,0,0,0,0,0,8,14,0,22,42,0,42,64
02/01/2023,AHN,GA,ASO,ES,Federal Contract Tower,0,4,33,4,41,0,0,29,2,31,0,4,62,6,72,96,8,104,176
02/02/2023,AHN,GA,ASO,ES,Federal Contract Tower,0,3,24,0,27,0,0,0,0,0,0,3,24,0,27,0,0,0,27
02/03/2023,AHN,GA,ASO,ES,Federal Contract Tower,0,34,2,0,36,0,1,56,2,59,0,35,58,2,95,84,0,84,179
02/04/2023,AHN,GA,ASO,ES,Federal Contract Tower,0,1,5,31,37,0,2,52,0,54,0,3,57,31,91,148,0,148,239
02/05/2023,AHN,GA,ASO,ES,Federal Contract Tower,0,7,40,8,55,0,2,27,0,29,0,9,67,8,84,68,0,68,152
02/06/2023,AHN,GA,ASO,ES,Federal Contract Tower,0,2,28,0,30,0,0,58,0,58,0,2,86,0,88,116,0,116,204
02/07/2023,AHN,GA,ASO,ES,Federal Contract Tower,0,5,9,0,14,0,8,60,0,68,0,13,69,0,82,126,0,126,208
02/08/2023,AHN,GA,ASO,ES,Federal Contract Tower,0,0,22,1,23,0,0,44,2,46,0,0,66,3,69,54,0,54,123
02/09/2023,AHN,GA,ASO,ES,Federal Contract Tower,0,8,20,2,30,0,0,4,0,4,0,8,24,2,34,0,0,0,34
02/10/2023,AHN,GA,ASO,ES,Federal Contract Tower,1,4,23,0,28,0,1,37,0,38,1,5,60,0,66,126,0,126,192
02/11/2023,AHN,GA,ASO,ES,Federal Contract Tower,3,2,8,0,13,0,0,8,0,8,3,2,16,0,21,0,0,0,21
02/12/2023,AHN,GA,ASO,ES,Federal Contract Tower,0,4,16,0,20,0,0,1,0,1,0,4,17,0,21,0,0,0,21
02/13/2023,AHN,GA,ASO,ES,Federal Contract Tower,0,4,34,4,42,0,0,52,0,52,0,4,86,4,94,106,0,106,200
02/14/2023,AHN,GA,ASO,ES,Federal Contract Tower,0,3,10,0,13,0,1,63,0,64,0,4,73,0,77,68,0,68,145
02/15/2023,AHN,GA,ASO,ES,Federal Contract Tower,0,2,26,1,29,0,0,16,1,17,0,2,42,2,46,80,0,80,126
02/16/2023,AHN,GA,ASO,ES,Federal Contract Tower,0,2,35,2,39,0,0,22,2,24,0,2,57,4,63,64,0,64,127
02/17/2023,AHN,GA,ASO,ES,Federal Contract Tower,0,4,23,2,29,0,0,13,0,13,0,4,36,2,42,18,0,18,60
02/18/2023,AHN,GA,ASO,ES,Federal Contract Tower,0,2,3,16,21,0,7,69,0,76,0,9,72,16,97,90,0,90,187
02/19/2023,AHN,GA,ASO,ES,Federal Contract Tower,0,4,32,2,38,0,0,61,0,61,0,4,93,2,99,52,0,52,151
02/20/2023,AHN,GA,ASO,ES,Federal Contract Tower,0,2,25,0,27,0,4,35,0,39,0,6,60,0,66,30,0,30,96
02/21/2023,AHN,GA,ASO,ES,Federal Contract Tower,1,2,23,0,26,0,0,27,0,27,1,2,50,0,53,122,0,122,175
02/22/2023,AHN,GA,ASO,ES,Federal Contract Tower,0,5,27,0,32,0,0,21,0,21,0,5,48,0,53,28,0,28,81
02/23/2023,AHN,GA,ASO,ES,Federal Contract Tower,0,3,28,0,31,0,0,27,0,27,0,3,55,0,58,20,0,20,78
02/24/2023,AHN,GA,ASO,ES,Federal Contract Tower,2,12,45,0,59,0,0,30,0,30,2,12,75,0,89,132,0,132,221
02/25/2023,AHN,GA,ASO,ES,Federal Contract Tower,2,2,17,0,21,0,0,0,0,0,2,2,17,0,21,0,0,0,21
02/26/2023,AHN,GA,ASO,ES,Federal Contract Tower,0,14,48,0,62,0,0,27,0,27,0,14,75,0,89,8,0,8,97
02/27/2023,AHN,GA,ASO,ES,Federal Contract Tower,2,3,23,1,29,0,1,13,1,15,2,4,36,2,44,20,0,20,64
02/28/2023,AHN,GA,ASO,ES,Federal Contract Tower,0,4,25,0,29,0,0,79,0,79,0,4,104,0,108,62,0,62,170
03/01/2023,AHN,GA,ASO,ES,Federal Contract Tower,0,6,19,0,25,0,0,15,0,15,0,6,34,0,40,54,0,54,94
03/02/2023,AHN,GA,ASO,ES,Federal Contract Tower,0,3,17,0,20,0,0,6,0,6,0,3,23,0,26,24,0,24,50
03/03/2023,AHN,GA,ASO,ES,Federal Contract Tower,0,6,12,0,18,0,0,0,0,0,0,6,12,0,18,0,0,0,18
03/04/2023,AHN,GA,ASO,ES,Federal Contract Tower,0,3,18,2,23,0,2,67,1,70,0,5,85,3,93,74,6,80,173
03/05/2023,AHN,GA,ASO,ES,Federal Contract Tower,0,6,12,0,18,0,2,69,0,71,0,8,81,0,89,74,0,74,163
03/06/2023,AHN,GA,ASO,ES,Federal Contract Tower,0,2,20,0,22,0,6,57,0,63,0,8,77,0,85,130,0,130,215
03/07/2023,AHN,GA,ASO,ES,Federal Contract Tower,0,3,9,0,12,0,2,62,0,64,0,5,71,0,76,22,0,22,98
03/08/2023,AHN,GA,ASO,ES,Federal Contract Tower,0,2,14,0,16,0,2,81,0,83,0,4,95,0,99,104,0,104,203
03/09/2023,AHN,GA,ASO,ES,Federal Contract Tower,0,3,33,0,36,0,6,44,0,50,0,9,77,0,86,46,0,46,132
03/10/2023,AHN,GA,ASO,ES,Federal Contract Tower,0,1,12,0,13,0,0,9,0,9,0,1,21,0,22,6,0,6,28
03/11/2023,AHN,GA,ASO,ES,Federal Contract Tower,0,8,17,0,25,0,0,64,4,68,0,8,81,4,93,72,2,74,167
03/12/2023,AHN,GA,ASO,ES,Federal Contract Tower,0,6,11,0,17,0,0,0,0,0,0,6,11,0,17,0,0,0,17
03/13/2023,AHN,GA,ASO,ES,Federal Contract Tower,0,1,17,0,18,0,0,37,0,37,0,1,54,0,55,54,2,56,111
03/14/2023,AHN,GA,ASO,ES,Federal Contract Tower,0,5,22,0,27,0,3,51,0,54,0,8,73,0,81,46,0,46,127
03/15/2023,AHN,GA,ASO,ES,Federal Contract Tower,2,5,22,0,29,0,2,70,0,72,2,7,92,0,101,48,0,48,149
03/16/2023,AHN,GA,ASO,ES,Federal Contract Tower,0,2,35,4,41,0,5,68,2,75,0,7,103,6,116,34,20,54,170
03/17/2023,AHN,GA,ASO,ES,Federal Contract Tower,0,9,19,0,28,0,0,0,0,0,0,9,19,0,28,0,0,0,28
03/18/2023,AHN,GA,ASO,ES,Federal Contract Tower,0,2,11,0,13,0,0,40,0,40,0,2,51,0,53,36,0,36,89
03/19/2023,AHN,GA,ASO,ES,Federal Contract Tower,0,9,26,0,35,0,7,21,0,28,0,16,47,0,63,66,0,66,129
03/20/2023,AHN,GA,ASO,ES,Federal Contract Tower,1,7,19,0,27,0,7,66,0,73,1,14,85,0,100,96,0,96,196
03/21/2023,AHN,GA,ASO,ES,Federal Contract Tower,0,0,21,2,23,0,2,55,2,59,0,2,76,4,82,170,0,170,252
03/22/2023,AHN,GA,ASO,ES,Federal Contract Tower,0,7,24,3,34,0,1,19,0,20,0,8,43,3,54,70,0,70,124
03/23/2023,AHN,GA,ASO,ES,Federal Contract Tower,0,1,15,2,18,0,0,28,0,28,0,1,43,2,46,76,0,76,122
03/24/2023,AHN,GA,ASO,ES,Federal Contract Tower,0,7,22,0,29,0,0,59,0,59,0,7,81,0,88,44,0,44,132
03/25/2023,AHN,GA,ASO,ES,Federal Contract Tower,0,2,8,3,13,0,0,13,0,13,0,2,21,3,26,40,0,40,66
03/26/2023,AHN,GA,ASO,ES,Federal Contract Tower,0,2,19,1,22,0,0,1,0,1,0,2,20,1,23,2,0,2,25
03/27/2023,AHN,GA,ASO,ES,Federal Contract Tower,0,3,17,1,21,0,2,12,0,14,0,5,29,1,35,48,0,48,83
03/28/2023,AHN,GA,ASO,ES,Federal Contract Tower,0,5,30,3,38,0,2,51,5,58,0,7,81,8,96,56,2,58,154
03/29/2023,AHN,GA,ASO,ES,Federal Contract Tower,0,3,19,4,26,0,6,76,1,83,0,9,95,5,109,50,0,50,159
03/30/2023,AHN,GA,ASO,ES,Federal Contract Tower,0,2,23,2,27,0,4,69,2,75,0,6,92,4,102,66,0,66,168
03/31/2023,AHN,GA,ASO,ES,Federal Contract Tower,0,3,29,6,38,0,0,44,0,44,0,3,73,6,82,10,0,10,92
04/01/2023,AHN,GA,ASO,ES,Federal Contract Tower,0,6,8,2,16,0,0,4,0,4,0,6,12,2,20,0,0,0,20
04/02/2023,AHN,GA,ASO,ES,Federal Contract Tower,0,8,35,0,43,0,4,46,2,52,0,12,81,2,95,144,0,144,239
04/03/2023,AHN,GA,ASO,ES,Federal Contract Tower,0,1,19,0,20,0,0,10,0,10,0,1,29,0,30,48,0,48,78
04/04/2023,AHN,GA,ASO,ES,Federal Contract Tower,0,0,28,0,28,0,0,14,0,14,0,0,42,0,42,10,0,10,52
04/05/2023,AHN,GA,ASO,ES,Federal Contract Tower,0,6,38,0,44,0,0,63,0,63,0,6,101,0,107,96,0,96,203
04/06/2023,AHN,GA,ASO,ES,Federal Contract Tower,0,13,29,0,42,0,1,32,2,35,0,14,61,2,77,68,0,68,145
04/07/2023,AHN,GA,ASO,ES,Federal Contract Tower,0,0,18,0,18,0,0,2,0,2,0,0,20,0,20,4,0,4,24
04/08/2023,AHN,GA,ASO,ES,Federal Contract Tower,0,13,3,0,16,0,0,1,0,1,0,13,4,0,17,0,0,0,17
04/09/2023,AHN,GA,ASO,ES,Federal Contract Tower,0,12,12,0,24,0,0,8,0,8,0,12,20,0,32,20,0,20,52
04/10/2023,AHN,GA,ASO,ES,Federal Contract Tower,0,6,32,0,38,0,4,53,0,57,0,10,85,0,95,74,0,74,169
04/11/2023,AHN,GA,ASO,ES,Federal Contract Tower,0,0,14,0,14,0,4,88,0,92,0,4,102,0,106,162,0,162,268
04/12/2023,AHN,GA,ASO,ES,Federal Contract Tower,0,7,25,0,32,0,2,64,0,66,0,9,89,0,98,124,0,124,222
04/13/2023,AHN,GA,ASO,ES,Federal Contract Tower,0,9,30,0,39,0,2,26,0,28,0,11,56,0,67,28,0,28,95
04/14/2023,AHN,GA,ASO,ES,Federal Contract Tower,0,5,20,3,28,0,0,7,2,9,0,5,27,5,37,0,0,0,37
04/15/2023,AHN,GA,ASO,ES,Federal Contract Tower,0,7,25,1,33,0,0,63,0,63,0,7,88,1,96,60,0,60,156
04/16/2023,AHN,GA,ASO,ES,Federal Contract Tower,0,10,27,8,45,0,0,13,0,13,0,10,40,8,58,48,0,48,106
04/17/2023,AHN,GA,ASO,ES,Federal Contract Tower,0,6,27,11,44,0,3,23,2,28,0,9,50,13,72,14,2,16,88
04/18/2023,AHN,GA,ASO,ES,Federal Contract Tower,0,1,24,0,25,0,0,71,2,73,0,1,95,2,98,108,0,108,206
04/19/2023,AHN,GA,ASO,ES,Federal Contract Tower,0,5,28,1,34,0,5,63,1,69,0,10,91,2,103,96,0,96,199
04/20/2023,AHN,GA,ASO,ES,Federal Contract Tower,0,2,23,0,25,0,8,94,0,102,0,10,117,0,127,112,2,114,241
04/21/2023,AHN,GA,ASO,ES,Federal Contract Tower,0,7,20,1,28,0,0,69,0,69,0,7,89,1,97,18,0,18,115
04/22/2023,AHN,GA,ASO,ES,Federal Contract Tower,2,4,20,0,26,0,0,28,0,28,2,4,48,0,54,8,0,8,62
04/23/2023,AHN,GA,ASO,ES,Federal Contract Tower,0,18,24,0,42,0,0,56,0,56,0,18,80,0,98,42,0,42,140
04/24/2023,AHN,GA,ASO,ES,Federal Contract Tower,0,6,29,0,35,0,4,40,0,44,0,10,69,0,79,58,0,58,137
04/25/2023,AHN,GA,ASO,ES,Federal Contract Tower,0,4,24,0,28,0,4,52,0,56,0,8,76,0,84,54,0,54,138
04/26/2023,AHN,GA,ASO,ES,Federal Contract Tower,0,1,19,0,20,0,0,7,0,7,0,1,26,0,27,10,0,10,37
04/27/2023,AHN,GA,ASO,ES,Federal Contract Tower,0,4,19,0,23,0,0,0,0,0,0,4,19,0,23,0,0,0,23
04/28/2023,AHN,GA,ASO,ES,Federal Contract Tower,0,4,25,2,31,0,1,20,22,43,0,5,45,24,74,34,0,34,108
04/29/2023,AHN,GA,ASO,ES,Federal Contract Tower,0,5,10,0,15,0,0,70,0,70,0,5,80,0,85,80,0,80,165
04/30/2023,AHN,GA,ASO,ES,Federal Contract Tower,0,4,13,0,17,0,0,4,0,4,0,4,17,0,21,0,0,0,21
05/01/2023,AHN,GA,ASO,ES,Federal Contract Tower,0,2,9,0,11,0,2,39,0,41,0,4,48,0,52,6,0,6,58
05/02/2023,AHN,GA,ASO,ES,Federal Contract Tower,0,1,14,0,15,0,0,26,0,26,0,1,40,0,41,22,0,22,63
05/03/2023,AHN,GA,ASO,ES,Federal Contract Tower,0,5,11,0,16,0,3,18,0,21,0,8,29,0,37,6,0,6,43
05/04/2023,AHN,GA,ASO,ES,Federal Contract Tower,0,5,34,0,39,0,0,75,0,75,0,5,109,0,114,62,0,62,176
05/05/2023,AHN,GA,ASO,ES,Federal Contract Tower,0,10,18,2,30,0,1,25,2,28,0,11,43,4,58,20,0,20,78
05/06/2023,AHN,GA,ASO,ES,Federal Contract Tower,0,4,23,0,27,0,0,37,0,37,0,4,60,0,64,98,0,98,162
05/07/2023,AHN,GA,ASO,ES,Federal Contract Tower,0,9,27,0,36,0,4,32,1,37,0,13,59,1,73,86,0,86,159
05/08/2023,AHN,GA,ASO,ES,Federal Contract Tower,0,6,23,0,29,0,3,15,0,18,0,9,38,0,47,16,0,16,63
05/09/2023,AHN,GA,ASO,ES,Federal Contract Tower,0,8,26,2,36,0,0,26,6,32,0,8,52,8,68,36,0,36,104
05/10/2023,AHN,GA,ASO,ES,Federal Contract Tower,0,14,39,2,55,0,1,44,4,49,0,15,83,6,104,60,0,60,164
05/11/2023,AHN,GA,ASO,ES,Federal Contract Tower,0,16,35,0,51,0,2,39,0,41,0,18,74,0,92,18,0,18,110
05/12/2023,AHN,GA,ASO,ES,Federal Contract Tower,0,8,27,0,35,0,0,7,0,7,0,8,34,0,42,0,0,0,42
05/13/2023,AHN,GA,ASO,ES,Federal Contract Tower,0,8,35,0,43,0,0,12,0,12,0,8,47,0,55,8,0,8,63
05/14/2023,AHN,GA,ASO,ES,Federal Contract Tower,0,16,15,3,34,0,2,34,4,40,0,18,49,7,74,60,0,60,134
05/15/2023,AHN,GA,ASO,ES,Federal Contract Tower,0,8,20,0,28,0,2,33,0,35,0,10,53,0,63,100,0,100,163
05/16/2023,AHN,GA,ASO,ES,Federal Contract Tower,0,3,32,0,35,0,0,12,0,12,0,3,44,0,47,8,0,8,55
05/17/2023,AHN,GA,ASO,ES,Federal Contract Tower,0,10,24,2,36,0,0,11,2,13,0,10,35,4,49,0,0,0,49
05/18/2023,AHN,GA,ASO,ES,Federal Contract Tower,0,2,24,0,26,0,0,0,0,0,0,2,24,0,26,0,0,0,26
05/19/2023,AHN,GA,ASO,ES,Federal Contract Tower,0,11,50,2,63,0,0,26,0,26,0,11,76,2,89,4,0,4,93
05/20/2023,AHN,GA,ASO,ES,Federal Contract Tower,0,7,23,0,30,0,0,22,0,22,0,7,45,0,52,20,0,20,72
05/21/2023,AHN,GA,ASO,ES,Federal Contract Tower,0,9,15,0,24,0,0,29,0,29,0,9,44,0,53,28,0,28,81
05/22/2023,AHN,GA,ASO,ES,Federal Contract Tower,0,14,21,0,35,0,2,20,0,22,0,16,41,0,57,44,0,44,101
05/23/2023,AHN,GA,ASO,ES,Federal Contract Tower,0,4,16,0,20,0,1,22,0,23,0,5,38,0,43,32,0,32,75
05/24/2023,AHN,GA,ASO,ES,Federal Contract Tower,0,6,28,2,36,0,8,57,0,65,0,14,85,2,101,40,0,40,141
05/25/2023,AHN,GA,ASO,ES,Federal Contract Tower,0,2,17,0,19,0,3,55,0,58,0,5,72,0,77,54,0,54,131
05/26/2023,AHN,GA,ASO,ES,Federal Contract Tower,0,1,21,0,22,0,0,25,0,25,0,1,46,0,47,20,0,20,67
05/27/2023,AHN,GA,ASO,ES,Federal Contract Tower,0,2,3,0,5,0,0,13,0,13,0,2,16,0,18,0,0,0,18
05/28/2023,AHN,GA,ASO,ES,Federal Contract Tower,0,5,4,0,9,0,0,8,0,8,0,5,12,0,17,1,0,1,18
05/29/2023,AHN,GA,ASO,ES,Federal Contract Tower,0,12,28,0,40,0,2,48,0,50,0,14,76,0,90,74,0,74,164
05/30/2023,AHN,GA,ASO,ES,Federal Contract Tower,0,4,16,0,20,0,2,30,0,32,0,6,46,0,52,80,0,80,132
06/01/2023,AHN,GA,ASO,ES,Federal Contract Tower,0,2,26,0,28,0,1,49,0,50,0,3,75,0,78,16,0,16,94
06/02/2023,AHN,GA,ASO,ES,Federal Contract Tower,0,8,11,3,22,0,0,41,1,42,0,8,52,4,64,36,0,36,100
06/03/2023,AHN,GA,ASO,ES,Federal Contract Tower,0,4,11,2,17,0,0,60,5,65,0,4,71,7,82,62,0,62,144
06/04/2023,AHN,GA,ASO,ES,Federal Contract Tower,0,3,8,1,12,0,0,20,7,27,0,3,28,8,39,34,0,34,73
06/05/2023,AHN,GA,ASO,ES,Federal Contract Tower,0,0,18,1,19,0,0,16,0,16,0,0,34,1,35,20,0,20,55
06/06/2023,AHN,GA,ASO,ES,Federal Contract Tower,0,4,22,3,29,0,1,47,2,50,0,5,69,5,79,78,0,78,157
06/07/2023,AHN,GA,ASO,ES,Federal Contract Tower,0,12,14,0,26,0,5,63,0,68,0,17,77,0,94,52,0,52,146
06/08/2023,AHN,GA,ASO,ES,Federal Contract Tower,0,1,13,0,14,0,0,43,0,43,0,1,56,0,57,122,0,122,179
06/09/2023,AHN,GA,ASO,ES,Federal Contract Tower,0,2,20,2,24,0,0,42,0,42,0,2,62,2,66,84,0,84,150
06/10/2023,AHN,GA,ASO,ES,Federal Contract Tower,0,0,19,0,19,0,0,46,0,46,0,0,65,0,65,66,0,66,131
06/11/2023,AHN,GA,ASO,ES,Federal Contract Tower,0,0,17,0,17,0,0,1,0,1,0,0,18,0,18,0,0,0,18
06/12/2023,AHN,GA,ASO,ES,Federal Contract Tower,0,5,16,0,21,0,2,10,0,12,0,7,26,0,33,22,0,22,55
06/13/2023,AHN,GA,ASO,ES,Federal Contract Tower,0,1,18,0,19,0,0,61,0,61,0,1,79,0,80,100,0,100,180
06/14/2023,AHN,GA,ASO,ES,Federal Contract Tower,0,4,18,0,22,0,0,3,0,3,0,4,21,0,25,0,0,0,25
06/15/2023,AHN,GA,ASO,ES,Federal Contract Tower,0,5,26,0,31,0,0,19,0,19,0,5,45,0,50,64,16,80,130
06/16/2023,AHN,GA,ASO,ES,Federal Contract Tower,0,2,18,5,25,0,0,35,2,37,0,2,53,7,62,18,0,18,80
06/17/2023,AHN,GA,ASO,ES,Federal Contract Tower,0,0,23,0,23,0,0,52,0,52,0,0,75,0,75,40,0,40,115
06/18/2023,AHN,GA,ASO,ES,Federal Contract Tower,0,0,16,4,20,0,0,42,0,42,0,0,58,4,62,46,0,46,108
06/19/2023,AHN,GA,ASO,ES,Federal Contract Tower,0,2,8,0,10,0,0,3,0,3,0,2,11,0,13,0,0,0,13
06/20/2023,AHN,GA,ASO,ES,Federal Contract Tower,0,0,23,0,23,0,0,5,0,5,0,0,28,0,28,20,0,20,48
06/21/2023,AHN,GA,ASO,ES,Federal Contract Tower,0,3,7,0,10,0,0,0,0,0,0,3,7,0,10,0,0,0,10
06/23/2023,AHN,GA,ASO,ES,Federal Contract Tower,0,4,32,0,36,0,4,22,0,26,0,8,54,0,62,28,0,28,90
06/24/2023,AHN,GA,ASO,ES,Federal Contract Tower,0,5,9,0,14,0,7,55,0,62,0,12,64,0,76,50,0,50,126
06/25/2023,AHN,GA,ASO,ES,Federal Contract Tower,0,7,27,0,34,0,4,20,0,24,0,11,47,0,58,26,0,26,84
06/26/2023,AHN,GA,ASO,ES,Federal Contract Tower,0,4,27,2,33,0,0,47,0,47,0,4,74,2,80,22,0,22,102
06/27/2023,AHN,GA,ASO,ES,Federal Contract Tower,0,3,23,0,26,0,0,45,0,45,0,3,68,0,71,82,0,82,153
06/28/2023,AHN,GA,ASO,ES,Federal Contract Tower,0,3,29,0,32,0,0,59,0,59,0,3,88,0,91,60,0,60,151
06/29/2023,AHN,GA,ASO,ES,Federal Contract Tower,0,4,24,0,28,0,0,60,1,61,0,4,84,1,89,110,0,110,199
06/30/2023,AHN,GA,ASO,ES,Federal Contract Tower,0,6,21,0,27,0,0,23,0,23,0,6,44,0,50,28,0,28,78
07/01/2023,AHN,GA,ASO,ES,Federal Contract Tower,0,4,7,0,11,0,2,29,0,31,0,6,36,0,42,82,0,82,124
07/02/2023,AHN,GA,ASO,ES,Federal Contract Tower,0,3,6,0,9,0,0,20,0,20,0,3,26,0,29,8,0,8,37
07/03/2023,AHN,GA,ASO,ES,Federal Contract Tower,0,1,19,0,20,0,0,33,0,33,0,1,52,0,53,56,0,56,109
07/04/2023,AHN,GA,ASO,ES,Federal Contract Tower,0,0,7,0,7,0,0,15,0,15,0,0,22,0,22,56,0,56,78
07/05/2023,AHN,GA,ASO,ES,Federal Contract Tower,0,12,25,2,39,0,5,17,8,30,0,17,42,10,69,44,0,44,113
07/06/2023,AHN,GA,ASO,ES,Federal Contract Tower,0,4,26,0,30,0,2,57,0,59,0,6,83,0,89,30,0,30,119
07/07/2023,AHN,GA,ASO,ES,Federal Contract Tower,0,2,24,1,27,0,0,28,2,30,0,2,52,3,57,68,6,74,131
07/08/2023,AHN,GA,ASO,ES,Federal Contract Tower,0,4,26,0,30,0,5,54,1,60,0,9,80,1,90,104,0,104,194
07/09/2023,AHN,GA,ASO,ES,Federal Contract Tower,0,4,31,0,35,0,0,28,0,28,0,4,59,0,63,44,0,44,107
07/10/2023,AHN,GA,ASO,ES,Federal Contract Tower,0,9,14,0,23,0,0,20,0,20,0,9,34,0,43,20,0,20,63
07/11/2023,AHN,GA,ASO,ES,Federal Contract Tower,0,3,23,0,26,0,0,68,1,69,0,3,91,1,95,86,0,86,181
07/12/2023,AHN,GA,ASO,ES,Federal Contract Tower,0,16,23,0,39,0,5,48,0,53,0,21,71,0,92,54,0,54,146
07/13/2023,AHN,GA,ASO,ES,Federal Contract Tower,0,4,26,0,30,0,0,42,0,42,0,4,68,0,72,22,10,32,104
07/14/2023,AHN,GA,ASO,ES,Federal Contract Tower,0,9,42,4,55,0,1,27,0,28,0,10,69,4,83,36,0,36,119
07/15/2023,AHN,GA,ASO,ES,Federal Contract Tower,0,1,28,0,29,0,1,41,0,42,0,2,69,0,71,46,0,46,117
07/16/2023,AHN,GA,ASO,ES,Federal Contract Tower,0,2,16,2,20,0,0,44,2,46,0,2,60,4,66,90,0,90,156
07/17/2023,AHN,GA,ASO,ES,Federal Contract Tower,0,4,19,4,27,0,1,38,0,39,0,5,57,4,66,64,0,64,130
07/18/2023,AHN,GA,ASO,ES,Federal Contract Tower,0,2,33,0,35,0,0,31,0,31,0,2,64,0,66,52,0,52,118
07/19/2023,AHN,GA,ASO,ES,Federal Contract Tower,0,4,8,0,12,0,0,46,1,47,0,4,54,1,59,52,0,52,111
07/20/2023,AHN,GA,ASO,ES,Federal Contract Tower,0,4,26,0,30,0,0,48,1,49,0,4,74,1,79,60,0,60,139
07/21/2023,AHN,GA,ASO,ES,Federal Contract Tower,0,3,21,0,24,0,2,26,0,28,0,5,47,0,52,42,0,42,94
07/22/2023,AHN,GA,ASO,ES,Federal Contract Tower,0,0,14,2,16,0,3,35,0,38,0,3,49,2,54,42,0,42,96
07/23/2023,AHN,GA,ASO,ES,Federal Contract Tower,0,0,14,3,17,0,3,36,0,39,0,3,50,3,56,18,0,18,74
07/24/2023,AHN,GA,ASO,ES,Federal Contract Tower,0,0,8,0,8,0,0,37,0,37,0,0,45,0,45,60,0,60,105
07/25/2023,AHN,GA,ASO,ES,Federal Contract Tower,0,6,19,7,32,0,0,48,1,49,0,6,67,8,81,72,0,72,153
07/26/2023,AHN,GA,ASO,ES,Federal Contract Tower,0,3,13,0,16,0,13,57,0,70,0,16,70,0,86,44,0,44,130
07/27/2023,AHN,GA,ASO,ES,Federal Contract Tower,0,9,22,2,33,0,2,43,0,45,0,11,65,2,78,82,0,82,160
07/28/2023,AHN,GA,ASO,ES,Federal Contract Tower,0,11,18,6,35,0,2,48,0,50,0,13,66,6,85,46,0,46,131
07/29/2023,AHN,GA,ASO,ES,Federal Contract Tower,0,7,18,2,27,0,5,35,1,41,0,12,53,3,68,22,6,28,96
07/30/2023,AHN,GA,ASO,ES,Federal Contract Tower,0,7,15,2,24,0,5,28,0,33,0,12,43,2,57,16,0,16,73
07/31/2023,AHN,GA,ASO,ES,Federal Contract Tower,0,1,17,1,19,0,0,54,1,55,0,1,71,2,74,52,0,52,126
08/01/2023,AHN,GA,ASO,ES,Federal Contract Tower,0,3,13,2,18,0,0,40,0,40,0,3,53,2,58,70,0,70,128
08/02/2023,AHN,GA,ASO,ES,Federal Contract Tower,0,0,22,0,22,0,0,17,0,17,0,0,39,0,39,16,0,16,55
08/03/2023,AHN,GA,ASO,ES,Federal Contract Tower,0,2,19,2,23,0,0,12,0,12,0,2,31,2,35,8,0,8,43
08/04/2023,AHN,GA,ASO,ES,Federal Contract Tower,0,3,30,0,33,0,1,17,3,21,0,4,47,3,54,22,0,22,76
08/05/2023,AHN,GA,ASO,ES,Federal Contract Tower,0,1,7,0,8,0,5,69,0,74,0,6,76,0,82,82,0,82,164
08/06/2023,AHN,GA,ASO,ES,Federal Contract Tower,0,2,17,0,19,0,0,19,4,23,0,2,36,4,42,4,0,4,46
08/07/2023,AHN,GA,ASO,ES,Federal Contract Tower,0,3,17,2,22,0,0,28,0,28,0,3,45,2,50,40,0,40,90
08/08/2023,AHN,GA,ASO,ES,Federal Contract Tower,0,0,32,3,35,0,0,59,1,60,0,0,91,4,95,34,0,34,129
08/09/2023,AHN,GA,ASO,ES,Federal Contract Tower,0,5,20,0,25,0,0,60,2,62,0,5,80,2,87,86,0,86,173
08/10/2023,AHN,GA,ASO,ES,Federal Contract Tower,0,10,24,0,34,0,3,19,0,22,0,13,43,0,56,30,0,30,86
08/11/2023,AHN,GA,ASO,ES,Federal Contract Tower,0,5,19,0,24,0,1,18,0,19,0,6,37,0,43,24,0,24,67
08/12/2023,AHN,GA,ASO,ES,Federal Contract Tower,0,15,39,0,54,0,2,39,0,41,0,17,78,0,95,12,0,12,107
08/13/2023,AHN,GA,ASO,ES,Federal Contract Tower,0,1,18,2,21,0,0,31,2,33,0,1,49,4,54,36,0,36,90
08/14/2023,AHN,GA,ASO,ES,Federal Contract Tower,0,8,21,0,29,0,0,49,0,49,0,8,70,0,78,76,0,76,154
08/15/2023,AHN,GA,ASO,ES,Federal Contract Tower,0,2,22,0,24,0,0,33,0,33,0,2,55,0,57,30,0,30,87
08/16/2023,AHN,GA,ASO,ES,Federal Contract Tower,0,5,23,2,30,0,0,74,0,74,0,5,97,2,104,86,0,86,190
08/17/2023,AHN,GA,ASO,ES,Federal Contract Tower,0,1,23,1,25,0,1,73,0,74,0,2,96,1,99,76,0,76,175
08/18/2023,AHN,GA,ASO,ES,Federal Contract Tower,0,4,17,0,21,0,5,62,0,67,0,9,79,0,88,70,0,70,158
08/19/2023,AHN,GA,ASO,ES,Federal Contract Tower,0,1,10,0,11,0,0,2,0,2,0,1,12,0,13,40,0,40,53
08/20/2023,AHN,GA,ASO,ES,Federal Contract Tower,0,6,15,2,23,0,2,39,2,43,0,8,54,4,66,34,12,46,112
08/21/2023,AHN,GA,ASO,ES,Federal Contract Tower,0,0,29,0,29,0,0,36,0,36,0,0,65,0,65,52,0,52,117
08/22/2023,AHN,GA,ASO,ES,Federal Contract Tower,0,0,15,3,18,0,0,49,5,54,0,0,64,8,72,46,26,72,144
08/23/2023,AHN,GA,ASO,ES,Federal Contract Tower,0,2,20,0,22,0,4,63,0,67,0,6,83,0,89,38,0,38,127
08/24/2023,AHN,GA,ASO,ES,Federal Contract Tower,0,0,25,4,29,0,8,56,0,64,0,8,81,4,93,34,0,34,127
08/25/2023,AHN,GA,ASO,ES,Federal Contract Tower,0,0,29,4,33,0,7,41,4,52,0,7,70,8,85,48,0,48,133
08/26/2023,AHN,GA,ASO,ES,Federal Contract Tower,0,3,11,0,14,0,3,67,0,70,0,6,78,0,84,18,0,18,102
08/27/2023,AHN,GA,ASO,ES,Federal Contract Tower,0,0,26,2,28,0,2,36,6,44,0,2,62,8,72,18,0,18,90
08/28/2023,AHN,GA,ASO,ES,Federal Contract Tower,0,3,26,2,31,0,0,15,1,16,0,3,41,3,47,22,0,22,69
08/30/2023,AHN,GA,ASO,ES,Federal Contract Tower,0,0,2,0,2,0,0,0,0,0,0,0,2,0,2,0,0,0,2
