01/01/2020,ALB,NY,AEA,EN,Combined TRACON& Tower with Radar,50,37,7,0,94,0,0,16,0,16,50,37,23,0,110,24,0,24,134
01/02/2020,ALB,NY,AEA,EN,Combined TRACON& Tower with Radar,64,43,32,19,158,0,2,51,9,62,64,45,83,28,220,29,22,51,271
01/03/2020,ALB,NY,AEA,EN,Combined TRACON& Tower with Radar,67,43,5,29,144,0,0,7,24,31,67,43,12,53,175,12,43,55,230
01/04/2020,ALB,NY,AEA,EN,Combined TRACON& Tower with Radar,56,41,8,0,105,0,0,0,0,0,56,41,8,0,105,0,0,0,105
01/05/2020,ALB,NY,AEA,EN,Combined TRACON& Tower with Radar,58,33,11,0,102,0,1,9,0,10,58,34,20,0,112,0,0,0,112
01/06/2020,ALB,NY,AEA,EN,Combined TRACON& Tower with Radar,65,49,12,5,131,0,0,8,1,9,65,49,20,6,140,2,4,6,146
01/07/2020,ALB,NY,AEA,EN,Combined TRACON& Tower with Radar,64,47,19,4,134,0,6,28,4,38,64,53,47,8,172,22,6,28,200
01/08/2020,ALB,NY,AEA,EN,Combined TRACON& Tower with Radar,64,53,20,1,138,0,2,6,3,11,64,55,26,4,149,3,2,5,154
01/09/2020,ALB,NY,AEA,EN,Combined TRACON& Tower with Radar,65,50,18,21,154,0,0,27,26,53,65,50,45,47,207,7,45,52,259
01/10/2020,ALB,NY,AEA,EN,Combined TRACON& Tower with Radar,67,48,12,0,127,0,0,13,2,15,67,48,25,2,142,28,0,28,170
01/11/2020,ALB,NY,AEA,EN,Combined TRACON& Tower with Radar,52,23,11,1,87,0,0,8,1,9,52,23,19,2,96,2,0,2,98
01/12/2020,ALB,NY,AEA,EN,Combined TRACON& Tower with Radar,64,42,5,1,112,0,0,3,15,18,64,42,8,16,130,0,0,0,130
01/13/2020,ALB,NY,AEA,EN,Combined TRACON& Tower with Radar,59,47,25,29,160,0,0,2,3,5,59,47,27,32,165,4,32,36,201
01/14/2020,ALB,NY,AEA,EN,Combined TRACON& Tower with Radar,60,48,15,15,138,0,0,17,0,17,60,48,32,15,155,31,2,33,188
01/15/2020,ALB,NY,AEA,EN,Combined TRACON& Tower with Radar,62,45,11,1,119,0,2,35,17,54,62,47,46,18,173,19,0,19,192
01/16/2020,ALB,NY,AEA,EN,Combined TRACON& Tower with Radar,66,50,10,7,133,0,0,2,11,13,66,50,12,18,146,4,6,10,156
01/17/2020,ALB,NY,AEA,EN,Combined TRACON& Tower with Radar,60,49,17,3,129,0,0,18,5,23,60,49,35,8,152,12,0,12,164
01/18/2020,ALB,NY,AEA,EN,Combined TRACON& Tower with Radar,54,21,8,0,83,0,0,25,0,25,54,21,33,0,108,23,0,23,131
01/19/2020,ALB,NY,AEA,EN,Combined TRACON& Tower with Radar,60,34,10,0,104,0,1,8,0,9,60,35,18,0,113,4,0,4,117
01/20/2020,ALB,NY,AEA,EN,Combined TRACON& Tower with Radar,57,47,12,0,116,0,1,21,0,22,57,48,33,0,138,0,0,0,138
01/21/2020,ALB,NY,AEA,EN,Combined TRACON& Tower with Radar,61,48,5,6,120,0,0,20,4,24,61,48,25,10,144,13,2,15,159
01/22/2020,ALB,NY,AEA,EN,Combined TRACON& Tower with Radar,62,46,12,23,143,0,0,29,16,45,62,46,41,39,188,0,0,0,188
01/23/2020,ALB,NY,AEA,EN,Combined TRACON& Tower with Radar,64,48,21,6,139,0,3,30,16,49,64,51,51,22,188,23,2,25,213
01/24/2020,ALB,NY,AEA,EN,Combined TRACON& Tower with Radar,62,45,16,10,133,0,3,47,8,58,62,48,63,18,191,43,20,63,254
01/25/2020,ALB,NY,AEA,EN,Combined TRACON& Tower with Radar,51,21,18,0,90,0,0,3,0,3,51,21,21,0,93,41,0,41,134
01/26/2020,ALB,NY,AEA,EN,Combined TRACON& Tower with Radar,66,38,15,2,121,0,0,15,0,15,66,38,30,2,136,26,0,26,162
01/27/2020,ALB,NY,AEA,EN,Combined TRACON& Tower with Radar,63,46,27,19,155,0,0,18,14,32,63,46,45,33,187,14,38,52,239
01/28/2020,ALB,NY,AEA,EN,Combined TRACON& Tower with Radar,62,50,10,10,132,0,0,9,12,21,62,50,19,22,153,12,24,36,189
01/29/2020,ALB,NY,AEA,EN,Combined TRACON& Tower with Radar,62,45,23,0,130,0,1,46,12,59,62,46,69,12,189,21,1,22,211
01/30/2020,ALB,NY,AEA,EN,Combined TRACON& Tower with Radar,67,49,27,4,147,0,6,43,15,64,67,55,70,19,211,18,3,21,232
01/31/2020,ALB,NY,AEA,EN,Combined TRACON& Tower with Radar,64,47,15,2,128,0,0,20,4,24,64,47,35,6,152,35,0,35,187
02/01/2020,ALB,NY,AEA,EN,Combined TRACON& Tower with Radar,55,25,15,0,95,0,0,9,0,9,55,25,24,0,104,29,0,29,133
02/02/2020,ALB,NY,AEA,EN,Combined TRACON& Tower with Radar,57,38,9,0,104,0,0,10,0,10,57,38,19,0,114,41,0,41,155
02/03/2020,ALB,NY,AEA,EN,Combined TRACON& Tower with Radar,61,50,13,8,132,0,0,18,2,20,61,50,31,10,152,7,2,9,161
02/04/2020,ALB,NY,AEA,EN,Combined TRACON& Tower with Radar,60,50,14,12,136,0,0,11,8,19,60,50,25,20,155,19,1,20,175
02/05/2020,ALB,NY,AEA,EN,Combined TRACON& Tower with Radar,59,48,24,24,155,0,0,24,8,32,59,48,48,32,187,13,0,13,200
02/06/2020,ALB,NY,AEA,EN,Combined TRACON& Tower with Radar,63,42,4,0,109,0,0,0,0,0,63,42,4,0,109,7,0,7,116
02/07/2020,ALB,NY,AEA,EN,Combined TRACON& Tower with Radar,54,26,9,0,89,0,0,0,0,0,54,26,9,0,89,0,0,0,89
02/08/2020,ALB,NY,AEA,EN,Combined TRACON& Tower with Radar,53,23,15,3,94,0,0,11,7,18,53,23,26,10,112,4,0,4,116
02/09/2020,ALB,NY,AEA,EN,Combined TRACON& Tower with Radar,59,32,15,3,109,0,1,11,4,16,59,33,26,7,125,47,0,47,172
02/10/2020,ALB,NY,AEA,EN,Combined TRACON& Tower with Radar,65,49,9,10,133,0,0,2,0,2,65,49,11,10,135,0,1,1,136
02/11/2020,ALB,NY,AEA,EN,Combined TRACON& Tower with Radar,62,56,11,0,129,0,0,0,0,0,62,56,11,0,129,0,0,0,129
02/12/2020,ALB,NY,AEA,EN,Combined TRACON& Tower with Radar,66,51,41,11,169,0,0,33,18,51,66,51,74,29,220,31,5,36,256
02/13/2020,ALB,NY,AEA,EN,Combined TRACON& Tower with Radar,69,47,14,9,139,0,0,0,4,4,69,47,14,13,143,2,0,2,145
02/14/2020,ALB,NY,AEA,EN,Combined TRACON& Tower with Radar,71,57,11,1,140,0,0,14,1,15,71,57,25,2,155,13,0,13,168
02/15/2020,ALB,NY,AEA,EN,Combined TRACON& Tower with Radar,65,30,21,0,116,0,0,40,0,40,65,30,61,0,156,19,0,19,175
02/16/2020,ALB,NY,AEA,EN,Combined TRACON& Tower with Radar,60,38,15,0,113,0,0,20,0,20,60,38,35,0,133,13,0,13,146
02/17/2020,ALB,NY,AEA,EN,Combined TRACON& Tower with Radar,69,49,16,0,134,0,0,33,0,33,69,49,49,0,167,7,0,7,174
02/18/2020,ALB,NY,AEA,EN,Combined TRACON& Tower with Radar,73,48,12,0,133,0,0,0,0,0,73,48,12,0,133,0,0,0,133
02/19/2020,ALB,NY,AEA,EN,Combined TRACON& Tower with Radar,75,55,9,1,140,0,0,5,9,14,75,55,14,10,154,3,0,3,157
02/20/2020,ALB,NY,AEA,EN,Combined TRACON& Tower with Radar,74,55,14,2,145,0,0,24,10,34,74,55,38,12,179,15,9,24,203
02/21/2020,ALB,NY,AEA,EN,Combined TRACON& Tower with Radar,67,51,14,5,137,0,0,38,9,47,67,51,52,14,184,13,8,21,205
02/22/2020,ALB,NY,AEA,EN,Combined TRACON& Tower with Radar,69,36,23,0,128,0,0,41,2,43,69,36,64,2,171,27,0,27,198
02/23/2020,ALB,NY,AEA,EN,Combined TRACON& Tower with Radar,64,44,16,0,124,0,0,63,2,65,64,44,79,2,189,33,0,33,222
02/24/2020,ALB,NY,AEA,EN,Combined TRACON& Tower with Radar,68,47,12,3,130,0,0,51,15,66,68,47,63,18,196,18,4,22,218
02/25/2020,ALB,NY,AEA,EN,Combined TRACON& Tower with Radar,72,49,15,21,157,0,0,17,9,26,72,49,32,30,183,5,17,22,205
02/26/2020,ALB,NY,AEA,EN,Combined TRACON& Tower with Radar,68,41,12,2,123,0,0,0,0,0,68,41,12,2,123,4,0,4,127
02/27/2020,ALB,NY,AEA,EN,Combined TRACON& Tower with Radar,77,46,9,2,134,0,1,6,0,7,77,47,15,2,141,0,0,0,141
02/28/2020,ALB,NY,AEA,EN,Combined TRACON& Tower with Radar,68,52,12,2,134,0,0,17,2,19,68,52,29,4,153,8,0,8,161
02/29/2020,ALB,NY,AEA,EN,Combined TRACON& Tower with Radar,64,39,11,0,114,0,0,14,0,14,64,39,25,0,128,4,0,4,132
03/01/2020,ALB,NY,AEA,EN,Combined TRACON& Tower with Radar,64,44,15,0,123,0,0,27,0,27,64,44,42,0,150,21,0,21,171
03/02/2020,ALB,NY,AEA,EN,Combined TRACON& Tower with Radar,69,45,23,2,139,0,0,17,2,19,69,45,40,4,158,6,0,6,164
03/03/2020,ALB,NY,AEA,EN,Combined TRACON& Tower with Radar,71,55,15,0,141,0,0,12,2,14,71,55,27,2,155,15,0,15,170
03/04/2020,ALB,NY,AEA,EN,Combined TRACON& Tower with Radar,71,53,14,4,142,0,0,9,14,23,71,53,23,18,165,0,0,0,165
03/05/2020,ALB,NY,AEA,EN,Combined TRACON& Tower with Radar,69,55,27,3,154,0,4,30,8,42,69,59,57,11,196,0,0,0,196
03/06/2020,ALB,NY,AEA,EN,Combined TRACON& Tower with Radar,69,48,10,10,137,0,0,8,11,19,69,48,18,21,156,6,0,6,162
03/07/2020,ALB,NY,AEA,EN,Combined TRACON& Tower with Radar,62,38,16,1,117,0,0,31,9,40,62,38,47,10,157,20,0,20,177
03/08/2020,ALB,NY,AEA,EN,Combined TRACON& Tower with Radar,64,37,12,2,115,0,0,50,10,60,64,37,62,12,175,10,0,10,185
03/09/2020,ALB,NY,AEA,EN,Combined TRACON& Tower with Radar,64,45,15,13,137,0,0,35,15,50,64,45,50,28,187,23,24,47,234
03/10/2020,ALB,NY,AEA,EN,Combined TRACON& Tower with Radar,68,56,13,4,141,0,2,10,0,12,68,58,23,4,153,1,0,1,154
03/11/2020,ALB,NY,AEA,EN,Combined TRACON& Tower with Radar,75,59,20,7,161,0,0,37,17,54,75,59,57,24,215,7,12,19,234
03/12/2020,ALB,NY,AEA,EN,Combined TRACON& Tower with Radar,72,50,26,1,149,0,0,31,23,54,72,50,57,24,203,11,0,11,214
03/13/2020,ALB,NY,AEA,EN,Combined TRACON& Tower with Radar,72,48,5,0,125,0,1,2,0,3,72,49,7,0,128,1,0,1,129
03/14/2020,ALB,NY,AEA,EN,Combined TRACON& Tower with Radar,70,32,20,0,122,0,0,6,2,8,70,32,26,2,130,3,0,3,133
03/15/2020,ALB,NY,AEA,EN,Combined TRACON& Tower with Radar,64,46,19,0,129,0,0,54,0,54,64,46,73,0,183,29,0,29,212
03/16/2020,ALB,NY,AEA,EN,Combined TRACON& Tower with Radar,67,54,19,3,143,0,2,24,4,30,67,56,43,7,173,8,18,26,199
03/17/2020,ALB,NY,AEA,EN,Combined TRACON& Tower with Radar,70,62,8,9,149,0,0,1,5,6,70,62,9,14,155,0,20,20,175
03/18/2020,ALB,NY,AEA,EN,Combined TRACON& Tower with Radar,67,46,20,3,136,0,0,39,10,49,67,46,59,13,185,20,0,20,205
03/19/2020,ALB,NY,AEA,EN,Combined TRACON& Tower with Radar,66,48,15,4,133,0,0,2,2,4,66,48,17,6,137,0,4,4,141
03/20/2020,ALB,NY,AEA,EN,Combined TRACON& Tower with Radar,59,50,3,0,112,0,0,0,0,0,59,50,3,0,112,0,0,0,112
03/21/2020,ALB,NY,AEA,EN,Combined TRACON& Tower with Radar,51,24,11,0,86,0,0,31,0,31,51,24,42,0,117,0,0,0,117
03/22/2020,ALB,NY,AEA,EN,Combined TRACON& Tower with Radar,48,33,17,0,98,0,0,46,0,46,48,33,63,0,144,0,0,0,144
03/23/2020,ALB,NY,AEA,EN,Combined TRACON& Tower with Radar,42,29,6,4,81,0,0,0,0,0,42,29,6,4,81,0,0,0,81
03/24/2020,ALB,NY,AEA,EN,Combined TRACON& Tower with Radar,44,43,2,18,107,0,0,12,22,34,44,43,14,40,141,0,0,0,141
03/25/2020,ALB,NY,AEA,EN,Combined TRACON& Tower with Radar,39,27,3,4,73,0,0,17,12,29,39,27,20,16,102,21,20,41,143
03/26/2020,ALB,NY,AEA,EN,Combined TRACON& Tower with Radar,33,32,10,15,90,0,0,27,28,55,33,32,37,43,145,16,20,36,181
03/27/2020,ALB,NY,AEA,EN,Combined TRACON& Tower with Radar,34,32,12,0,78,0,0,25,4,29,34,32,37,4,107,7,0,7,114
03/28/2020,ALB,NY,AEA,EN,Combined TRACON& Tower with Radar,26,21,6,0,53,0,0,15,0,15,26,21,21,0,68,2,0,2,70
03/29/2020,ALB,NY,AEA,EN,Combined TRACON& Tower with Radar,29,30,4,0,63,0,0,0,0,0,29,30,4,0,63,12,0,12,75
03/30/2020,ALB,NY,AEA,EN,Combined TRACON& Tower with Radar,25,32,2,16,75,0,0,6,4,10,25,32,8,20,85,0,0,0,85
03/31/2020,ALB,NY,AEA,EN,Combined TRACON& Tower with Radar,26,21,10,10,67,0,0,7,6,13,26,21,17,16,80,11,10,21,101
04/01/2020,ALB,NY,AEA,EN,Combined TRACON& Tower with Radar,35,30,1,2,68,0,0,26,4,30,35,30,27,6,98,6,0,6,104
04/02/2020,ALB,NY,AEA,EN,Combined TRACON& Tower with Radar,25,26,8,3,62,0,0,12,3,15,25,26,20,6,77,16,10,26,103
04/03/2020,ALB,NY,AEA,EN,Combined TRACON& Tower with Radar,32,25,11,0,68,0,0,0,0,0,32,25,11,0,68,0,0,0,68
04/04/2020,ALB,NY,AEA,EN,Combined TRACON& Tower with Radar,26,16,11,0,53,0,2,19,0,21,26,18,30,0,74,23,0,23,97
04/05/2020,ALB,NY,AEA,EN,Combined TRACON& Tower with Radar,29,24,11,0,64,0,0,9,2,11,29,24,20,2,75,4,0,4,79
04/06/2020,ALB,NY,AEA,EN,Combined TRACON& Tower with Radar,26,20,13,0,59,0,3,27,0,30,26,23,40,0,89,17,0,17,106
04/07/2020,ALB,NY,AEA,EN,Combined TRACON& Tower with Radar,28,19,8,5,60,0,1,32,5,38,28,20,40,10,98,15,0,15,113
04/08/2020,ALB,NY,AEA,EN,Combined TRACON& Tower with Radar,34,22,10,5,71,0,0,22,3,25,34,22,32,8,96,19,0,19,115
04/09/2020,ALB,NY,AEA,EN,Combined TRACON& Tower with Radar,36,19,4,0,59,0,0,3,0,3,36,19,7,0,62,8,0,8,70
04/10/2020,ALB,NY,AEA,EN,Combined TRACON& Tower with Radar,31,21,8,0,60,0,0,0,0,0,31,21,8,0,60,0,0,0,60
04/11/2020,ALB,NY,AEA,EN,Combined TRACON& Tower with Radar,24,14,8,0,46,0,0,14,0,14,24,14,22,0,60,0,0,0,60
04/12/2020,ALB,NY,AEA,EN,Combined TRACON& Tower with Radar,25,16,9,0,50,0,3,17,0,20,25,19,26,0,70,0,0,0,70
04/13/2020,ALB,NY,AEA,EN,Combined TRACON& Tower with Radar,24,19,0,0,43,0,0,0,0,0,24,19,0,0,43,0,0,0,43
04/14/2020,ALB,NY,AEA,EN,Combined TRACON& Tower with Radar,26,17,7,2,52,0,0,31,4,35,26,17,38,6,87,5,0,5,92
04/15/2020,ALB,NY,AEA,EN,Combined TRACON& Tower with Radar,27,19,6,11,63,0,0,24,8,32,27,19,30,19,95,4,6,10,105
04/16/2020,ALB,NY,AEA,EN,Combined TRACON& Tower with Radar,20,21,3,4,48,0,0,10,10,20,20,21,13,14,68,0,0,0,68
04/17/2020,ALB,NY,AEA,EN,Combined TRACON& Tower with Radar,18,18,9,0,45,0,0,32,0,32,18,18,41,0,77,4,0,4,81
04/18/2020,ALB,NY,AEA,EN,Combined TRACON& Tower with Radar,20,8,5,0,33,0,0,8,0,8,20,8,13,0,41,0,0,0,41
04/19/2020,ALB,NY,AEA,EN,Combined TRACON& Tower with Radar,12,12,8,2,34,0,1,31,0,32,12,13,39,2,66,16,0,16,82
04/20/2020,ALB,NY,AEA,EN,Combined TRACON& Tower with Radar,13,15,7,4,39,0,2,24,5,31,13,17,31,9,70,22,0,22,92
04/21/2020,ALB,NY,AEA,EN,Combined TRACON& Tower with Radar,21,18,6,0,45,0,0,2,7,9,21,18,8,7,54,0,0,0,54
04/22/2020,ALB,NY,AEA,EN,Combined TRACON& Tower with Radar,22,14,1,0,37,0,0,4,13,17,22,14,5,13,54,1,0,1,55
04/23/2020,ALB,NY,AEA,EN,Combined TRACON& Tower with Radar,23,14,14,3,54,0,0,47,4,51,23,14,61,7,105,12,0,12,117
04/24/2020,ALB,NY,AEA,EN,Combined TRACON& Tower with Radar,14,13,13,2,42,0,0,14,1,15,14,13,27,3,57,8,0,8,65
04/25/2020,ALB,NY,AEA,EN,Combined TRACON& Tower with Radar,14,10,22,1,47,0,0,47,2,49,14,10,69,3,96,36,0,36,132
04/26/2020,ALB,NY,AEA,EN,Combined TRACON& Tower with Radar,14,11,14,0,39,0,0,4,0,4,14,11,18,0,43,0,2,2,45
04/27/2020,ALB,NY,AEA,EN,Combined TRACON& Tower with Radar,16,19,8,7,50,0,0,0,1,1,16,19,8,8,51,0,0,0,51
04/28/2020,ALB,NY,AEA,EN,Combined TRACON& Tower with Radar,16,20,14,8,58,0,0,28,2,30,16,20,42,10,88,7,6,13,101
04/29/2020,ALB,NY,AEA,EN,Combined TRACON& Tower with Radar,16,17,17,10,60,0,3,29,11,43,16,20,46,21,103,5,3,8,111
04/30/2020,ALB,NY,AEA,EN,Combined TRACON& Tower with Radar,28,22,9,0,59,0,0,0,0,0,28,22,9,0,59,0,0,0,59
05/01/2020,ALB,NY,AEA,EN,Combined TRACON& Tower with Radar,21,19,13,0,53,0,0,5,0,5,21,19,18,0,58,0,2,2,60
05/02/2020,ALB,NY,AEA,EN,Combined TRACON& Tower with Radar,17,4,12,0,33,0,0,55,0,55,17,4,67,0,88,18,0,18,106
05/03/2020,ALB,NY,AEA,EN,Combined TRACON& Tower with Radar,18,4,11,0,33,0,0,27,0,27,18,4,38,0,60,0,0,0,60
05/04/2020,ALB,NY,AEA,EN,Combined TRACON& Tower with Radar,17,13,4,0,34,0,2,9,4,15,17,15,13,4,49,0,0,0,49
05/05/2020,ALB,NY,AEA,EN,Combined TRACON& Tower with Radar,21,14,11,4,50,0,2,35,6,43,21,16,46,10,93,3,4,7,100
05/06/2020,ALB,NY,AEA,EN,Combined TRACON& Tower with Radar,23,10,9,3,45,0,0,26,11,37,23,10,35,14,82,17,1,18,100
05/07/2020,ALB,NY,AEA,EN,Combined TRACON& Tower with Radar,30,18,12,0,60,0,0,28,5,33,30,18,40,5,93,4,0,4,97
05/08/2020,ALB,NY,AEA,EN,Combined TRACON& Tower with Radar,24,10,8,0,42,0,0,22,4,26,24,10,30,4,68,0,0,0,68
05/09/2020,ALB,NY,AEA,EN,Combined TRACON& Tower with Radar,16,2,3,0,21,0,0,4,0,4,16,2,7,0,25,11,0,11,36
05/10/2020,ALB,NY,AEA,EN,Combined TRACON& Tower with Radar,22,7,6,0,35,0,0,8,1,9,22,7,14,1,44,14,0,14,58
05/11/2020,ALB,NY,AEA,EN,Combined TRACON& Tower with Radar,18,12,4,6,40,0,2,3,0,5,18,14,7,6,45,1,6,7,52
05/12/2020,ALB,NY,AEA,EN,Combined TRACON& Tower with Radar,18,8,8,6,40,0,0,18,11,29,18,8,26,17,69,0,20,20,89
05/13/2020,ALB,NY,AEA,EN,Combined TRACON& Tower with Radar,20,16,7,11,54,0,2,25,17,44,20,18,32,28,98,14,0,14,112
05/14/2020,ALB,NY,AEA,EN,Combined TRACON& Tower with Radar,27,22,15,13,77,0,0,36,10,46,27,22,51,23,123,14,16,30,153
05/15/2020,ALB,NY,AEA,EN,Combined TRACON& Tower with Radar,28,15,10,0,53,0,0,13,0,13,28,15,23,0,66,11,0,11,77
05/16/2020,ALB,NY,AEA,EN,Combined TRACON& Tower with Radar,21,10,11,2,44,0,0,22,1,23,21,10,33,3,67,18,1,19,86
05/17/2020,ALB,NY,AEA,EN,Combined TRACON& Tower with Radar,24,13,21,0,58,0,0,26,0,26,24,13,47,0,84,17,0,17,101
05/18/2020,ALB,NY,AEA,EN,Combined TRACON& Tower with Radar,26,17,20,8,71,0,0,7,2,9,26,17,27,10,80,3,32,35,115
05/19/2020,ALB,NY,AEA,EN,Combined TRACON& Tower with Radar,24,10,7,2,43,0,1,28,12,41,24,11,35,14,84,1,0,1,85
05/20/2020,ALB,NY,AEA,EN,Combined TRACON& Tower with Radar,24,17,15,14,70,0,7,41,36,84,24,24,56,50,154,35,48,83,237
05/21/2020,ALB,NY,AEA,EN,Combined TRACON& Tower with Radar,32,23,25,4,84,0,1,54,6,61,32,24,79,10,145,6,0,6,151
05/22/2020,ALB,NY,AEA,EN,Combined TRACON& Tower with Radar,28,15,10,14,67,0,3,24,15,42,28,18,34,29,109,13,30,43,152
05/23/2020,ALB,NY,AEA,EN,Combined TRACON& Tower with Radar,24,6,17,0,47,0,2,25,0,27,24,8,42,0,74,11,0,11,85
05/24/2020,ALB,NY,AEA,EN,Combined TRACON& Tower with Radar,28,6,17,0,51,0,2,23,0,25,28,8,40,0,76,0,0,0,76
05/25/2020,ALB,NY,AEA,EN,Combined TRACON& Tower with Radar,22,8,16,0,46,0,0,35,0,35,22,8,51,0,81,0,0,0,81
05/26/2020,ALB,NY,AEA,EN,Combined TRACON& Tower with Radar,21,10,14,11,56,0,0,47,0,47,21,10,61,11,103,0,0,0,103
05/27/2020,ALB,NY,AEA,EN,Combined TRACON& Tower with Radar,30,17,21,20,88,0,5,47,11,63,30,22,68,31,151,0,0,0,151
05/28/2020,ALB,NY,AEA,EN,Combined TRACON& Tower with Radar,32,19,7,20,78,0,0,15,20,35,32,19,22,40,113,0,0,0,113
05/29/2020,ALB,NY,AEA,EN,Combined TRACON& Tower with Radar,28,15,4,0,47,0,0,10,1,11,28,15,14,1,58,0,0,0,58
05/30/2020,ALB,NY,AEA,EN,Combined TRACON& Tower with Radar,20,5,20,0,45,0,0,25,0,25,20,5,45,0,70,0,0,0,70
05/31/2020,ALB,NY,AEA,EN,Combined TRACON& Tower with Radar,26,9,21,0,56,0,2,25,0,27,26,11,46,0,83,0,0,0,83
06/01/2020,ALB,NY,AEA,EN,Combined TRACON& Tower with Radar,28,16,11,0,55,0,1,30,3,34,28,17,41,3,89,0,0,0,89
06/02/2020,ALB,NY,AEA,EN,Combined TRACON& Tower with Radar,24,10,9,15,58,0,1,34,20,55,24,11,43,35,113,0,65,65,178
06/03/2020,ALB,NY,AEA,EN,Combined TRACON& Tower with Radar,28,20,22,3,73,0,0,13,13,26,28,20,35,16,99,15,0,15,114
06/04/2020,ALB,NY,AEA,EN,Combined TRACON& Tower with Radar,35,17,16,4,72,0,2,34,12,48,35,19,50,16,120,7,12,19,139
06/05/2020,ALB,NY,AEA,EN,Combined TRACON& Tower with Radar,34,15,13,16,78,0,0,12,10,22,34,15,25,26,100,27,42,69,169
06/06/2020,ALB,NY,AEA,EN,Combined TRACON& Tower with Radar,25,3,19,1,48,0,0,22,1,23,25,3,41,2,71,0,0,0,71
06/07/2020,ALB,NY,AEA,EN,Combined TRACON& Tower with Radar,36,9,14,0,59,0,0,45,0,45,36,9,59,0,104,10,0,10,114
06/08/2020,ALB,NY,AEA,EN,Combined TRACON& Tower with Radar,41,13,14,15,83,0,2,49,13,64,41,15,63,28,147,34,36,70,217
06/09/2020,ALB,NY,AEA,EN,Combined TRACON& Tower with Radar,34,13,19,17,83,0,1,48,18,67,34,14,67,35,150,15,42,57,207
06/10/2020,ALB,NY,AEA,EN,Combined TRACON& Tower with Radar,34,16,26,14,90,0,0,23,9,32,34,16,49,23,122,12,20,32,154
06/11/2020,ALB,NY,AEA,EN,Combined TRACON& Tower with Radar,44,29,16,5,94,0,0,5,12,17,44,29,21,17,111,3,8,11,122
06/12/2020,ALB,NY,AEA,EN,Combined TRACON& Tower with Radar,41,19,8,2,70,0,1,47,11,59,41,20,55,13,129,26,0,26,155
06/13/2020,ALB,NY,AEA,EN,Combined TRACON& Tower with Radar,31,5,28,0,64,0,0,34,0,34,31,5,62,0,98,8,0,8,106
06/14/2020,ALB,NY,AEA,EN,Combined TRACON& Tower with Radar,36,12,17,0,65,0,0,37,0,37,36,12,54,0,102,27,0,27,129
06/15/2020,ALB,NY,AEA,EN,Combined TRACON& Tower with Radar,40,11,11,8,70,0,2,34,18,54,40,13,45,26,124,6,21,27,151
06/16/2020,ALB,NY,AEA,EN,Combined TRACON& Tower with Radar,34,9,13,2,58,0,0,57,6,63,34,9,70,8,121,31,0,31,152
06/17/2020,ALB,NY,AEA,EN,Combined TRACON& Tower with Radar,34,18,17,4,73,0,0,42,12,54,34,18,59,16,127,9,0,9,136
06/18/2020,ALB,NY,AEA,EN,Combined TRACON& Tower with Radar,44,21,18,20,103,0,2,24,30,56,44,23,42,50,159,37,9,46,205
06/19/2020,ALB,NY,AEA,EN,Combined TRACON& Tower with Radar,44,31,21,17,113,0,1,28,26,55,44,32,49,43,168,0,0,0,168
06/20/2020,ALB,NY,AEA,EN,Combined TRACON& Tower with Radar,32,6,14,0,52,0,0,22,0,22,32,6,36,0,74,0,0,0,74
06/21/2020,ALB,NY,AEA,EN,Combined TRACON& Tower with Radar,38,12,13,1,64,0,0,21,1,22,38,12,34,2,86,0,0,0,86
06/22/2020,ALB,NY,AEA,EN,Combined TRACON& Tower with Radar,39,25,11,14,89,0,0,37,23,60,39,25,48,37,149,17,38,55,204
06/23/2020,ALB,NY,AEA,EN,Combined TRACON& Tower with Radar,35,15,14,8,72,0,0,26,17,43,35,15,40,25,115,36,15,51,166
06/24/2020,ALB,NY,AEA,EN,Combined TRACON& Tower with Radar,35,26,11,2,74,0,0,31,18,49,35,26,42,20,123,7,2,9,132
06/25/2020,ALB,NY,AEA,EN,Combined TRACON& Tower with Radar,44,21,25,8,98,0,0,44,12,56,44,21,69,20,154,21,0,21,175
06/26/2020,ALB,NY,AEA,EN,Combined TRACON& Tower with Radar,44,15,27,0,86,0,2,43,1,46,44,17,70,1,132,8,3,11,143
06/27/2020,ALB,NY,AEA,EN,Combined TRACON& Tower with Radar,36,4,7,0,47,0,0,5,0,5,36,4,12,0,52,0,12,12,64
06/28/2020,ALB,NY,AEA,EN,Combined TRACON& Tower with Radar,40,17,27,0,84,0,0,8,0,8,40,17,35,0,92,20,0,20,112
06/29/2020,ALB,NY,AEA,EN,Combined TRACON& Tower with Radar,40,14,19,11,84,0,2,11,7,20,40,16,30,18,104,0,12,12,116
06/30/2020,ALB,NY,AEA,EN,Combined TRACON& Tower with Radar,36,15,34,0,85,0,0,19,1,20,36,15,53,1,105,4,8,12,117
07/01/2020,ALB,NY,AEA,EN,Combined TRACON& Tower with Radar,38,21,24,22,105,0,0,14,34,48,38,21,38,56,153,2,63,65,218
07/02/2020,ALB,NY,AEA,EN,Combined TRACON& Tower with Radar,48,20,17,2,87,0,3,48,8,59,48,23,65,10,146,27,4,31,177
07/03/2020,ALB,NY,AEA,EN,Combined TRACON& Tower with Radar,46,14,16,0,76,0,0,21,0,21,46,14,37,0,97,8,0,8,105
07/04/2020,ALB,NY,AEA,EN,Combined TRACON& Tower with Radar,30,2,30,0,62,0,4,33,0,37,30,6,63,0,99,2,0,2,101
07/05/2020,ALB,NY,AEA,EN,Combined TRACON& Tower with Radar,40,11,20,0,71,0,2,43,2,47,40,13,63,2,118,1,0,1,119
07/06/2020,ALB,NY,AEA,EN,Combined TRACON& Tower with Radar,48,18,11,7,84,0,1,40,9,50,48,19,51,16,134,11,14,25,159
07/07/2020,ALB,NY,AEA,EN,Combined TRACON& Tower with Radar,38,25,21,6,90,0,0,34,6,40,38,25,55,12,130,6,0,6,136
07/08/2020,ALB,NY,AEA,EN,Combined TRACON& Tower with Radar,38,21,11,2,72,0,0,18,2,20,38,21,29,4,92,0,0,0,92
07/09/2020,ALB,NY,AEA,EN,Combined TRACON& Tower with Radar,48,33,17,8,106,0,2,42,24,68,48,35,59,32,174,10,30,40,214
07/10/2020,ALB,NY,AEA,EN,Combined TRACON& Tower with Radar,48,20,21,0,89,0,0,12,0,12,48,20,33,0,101,0,0,0,101
07/11/2020,ALB,NY,AEA,EN,Combined TRACON& Tower with Radar,42,11,14,0,67,0,0,8,0,8,42,11,22,0,75,0,0,0,75
07/12/2020,ALB,NY,AEA,EN,Combined TRACON& Tower with Radar,46,27,11,0,84,0,0,28,0,28,46,27,39,0,112,18,0,18,130
07/13/2020,ALB,NY,AEA,EN,Combined TRACON& Tower with Radar,46,20,12,25,103,0,0,16,7,23,46,20,28,32,126,6,13,19,145
07/14/2020,ALB,NY,AEA,EN,Combined TRACON& Tower with Radar,36,21,23,4,84,0,0,31,2,33,36,21,54,6,117,1,0,1,118
07/15/2020,ALB,NY,AEA,EN,Combined TRACON& Tower with Radar,38,22,17,19,96,0,1,30,16,47,38,23,47,35,143,13,13,26,169
07/16/2020,ALB,NY,AEA,EN,Combined TRACON& Tower with Radar,50,21,38,21,130,0,1,25,20,46,50,22,63,41,176,17,71,88,264
07/17/2020,ALB,NY,AEA,EN,Combined TRACON& Tower with Radar,48,24,18,8,98,0,2,9,6,17,48,26,27,14,115,19,8,27,142
07/18/2020,ALB,NY,AEA,EN,Combined TRACON& Tower with Radar,43,17,20,1,81,0,2,35,12,49,43,19,55,13,130,7,8,15,145
07/19/2020,ALB,NY,AEA,EN,Combined TRACON& Tower with Radar,47,21,9,4,81,0,1,27,4,32,47,22,36,8,113,6,0,6,119
07/20/2020,ALB,NY,AEA,EN,Combined TRACON& Tower with Radar,46,27,17,10,100,0,1,34,13,48,46,28,51,23,148,8,0,8,156
07/21/2020,ALB,NY,AEA,EN,Combined TRACON& Tower with Radar,37,20,19,32,108,0,0,50,33,83,37,20,69,65,191,20,68,88,279
07/22/2020,ALB,NY,AEA,EN,Combined TRACON& Tower with Radar,37,21,8,1,67,0,11,16,10,37,37,32,24,11,104,37,2,39,143
07/23/2020,ALB,NY,AEA,EN,Combined TRACON& Tower with Radar,50,24,12,3,89,0,0,14,25,39,50,24,26,28,128,26,4,30,158
07/24/2020,ALB,NY,AEA,EN,Combined TRACON& Tower with Radar,46,21,25,12,104,0,0,56,12,68,46,21,81,24,172,22,24,46,218
07/25/2020,ALB,NY,AEA,EN,Combined TRACON& Tower with Radar,42,11,8,0,61,0,1,23,4,28,42,12,31,4,89,12,0,12,101
07/26/2020,ALB,NY,AEA,EN,Combined TRACON& Tower with Radar,46,13,13,3,75,0,2,32,15,49,46,15,45,18,124,24,0,24,148
07/27/2020,ALB,NY,AEA,EN,Combined TRACON& Tower with Radar,42,23,11,4,80,0,0,27,8,35,42,23,38,12,115,36,0,36,151
07/28/2020,ALB,NY,AEA,EN,Combined TRACON& Tower with Radar,37,26,17,14,94,0,1,23,13,37,37,27,40,27,131,5,16,21,152
07/29/2020,ALB,NY,AEA,EN,Combined TRACON& Tower with Radar,38,24,15,34,111,0,1,31,27,59,38,25,46,61,170,14,36,50,220
07/30/2020,ALB,NY,AEA,EN,Combined TRACON& Tower with Radar,50,29,15,7,101,0,1,32,25,58,50,30,47,32,159,6,14,20,179
07/31/2020,ALB,NY,AEA,EN,Combined TRACON& Tower with Radar,50,23,23,7,103,0,0,39,9,48,50,23,62,16,151,30,0,30,181
08/01/2020,ALB,NY,AEA,EN,Combined TRACON& Tower with Radar,37,12,23,0,72,0,0,47,6,53,37,12,70,6,125,17,0,17,142
08/02/2020,ALB,NY,AEA,EN,Combined TRACON& Tower with Radar,44,22,13,0,79,0,1,13,2,16,44,23,26,2,95,12,0,12,107
08/03/2020,ALB,NY,AEA,EN,Combined TRACON& Tower with Radar,43,20,22,3,88,0,5,29,0,34,43,25,51,3,122,18,0,18,140
08/04/2020,ALB,NY,AEA,EN,Combined TRACON& Tower with Radar,29,17,9,0,55,0,0,3,0,3,29,17,12,0,58,0,0,0,58
08/05/2020,ALB,NY,AEA,EN,Combined TRACON& Tower with Radar,39,20,17,19,95,0,5,49,31,85,39,25,66,50,180,18,30,48,228
08/06/2020,ALB,NY,AEA,EN,Combined TRACON& Tower with Radar,47,21,28,33,129,0,3,62,20,85,47,24,90,53,214,36,41,77,291
08/07/2020,ALB,NY,AEA,EN,Combined TRACON& Tower with Radar,43,24,17,0,84,0,3,23,0,26,43,27,40,0,110,14,0,14,124
08/08/2020,ALB,NY,AEA,EN,Combined TRACON& Tower with Radar,35,21,18,2,76,0,0,34,0,34,35,21,52,2,110,21,0,21,131
08/09/2020,ALB,NY,AEA,EN,Combined TRACON& Tower with Radar,42,25,22,0,89,0,0,37,0,37,42,25,59,0,126,32,0,32,158
08/10/2020,ALB,NY,AEA,EN,Combined TRACON& Tower with Radar,39,18,13,0,70,0,0,19,2,21,39,18,32,2,91,9,0,9,100
08/11/2020,ALB,NY,AEA,EN,Combined TRACON& Tower with Radar,42,20,12,6,80,0,0,35,8,43,42,20,47,14,123,12,0,12,135
08/12/2020,ALB,NY,AEA,EN,Combined TRACON& Tower with Radar,40,22,22,0,84,0,3,40,9,52,40,25,62,9,136,17,0,17,153
08/13/2020,ALB,NY,AEA,EN,Combined TRACON& Tower with Radar,50,27,26,2,105,0,0,37,11,48,50,27,63,13,153,6,0,6,159
08/14/2020,ALB,NY,AEA,EN,Combined TRACON& Tower with Radar,50,24,17,10,101,0,1,53,12,66,50,25,70,22,167,21,16,37,204
08/15/2020,ALB,NY,AEA,EN,Combined TRACON& Tower with Radar,42,19,29,1,91,0,1,42,16,59,42,20,71,17,150,16,0,16,166
08/16/2020,ALB,NY,AEA,EN,Combined TRACON& Tower with Radar,48,18,21,2,89,0,0,36,0,36,48,18,57,2,125,4,0,4,129
08/17/2020,ALB,NY,AEA,EN,Combined TRACON& Tower with Radar,44,25,25,9,103,0,1,33,11,45,44,26,58,20,148,21,35,56,204
08/18/2020,ALB,NY,AEA,EN,Combined TRACON& Tower with Radar,38,25,18,17,98,0,0,30,3,33,38,25,48,20,131,13,1,14,145
08/19/2020,ALB,NY,AEA,EN,Combined TRACON& Tower with Radar,40,26,17,1,84,0,15,33,10,58,40,41,50,11,142,27,0,27,169
08/20/2020,ALB,NY,AEA,EN,Combined TRACON& Tower with Radar,50,33,33,12,128,0,0,56,10,66,50,33,89,22,194,25,0,25,219
08/21/2020,ALB,NY,AEA,EN,Combined TRACON& Tower with Radar,46,27,40,1,114,0,0,57,3,60,46,27,97,4,174,48,0,48,222
08/22/2020,ALB,NY,AEA,EN,Combined TRACON& Tower with Radar,42,12,21,2,77,0,1,29,3,33,42,13,50,5,110,51,0,51,161
08/23/2020,ALB,NY,AEA,EN,Combined TRACON& Tower with Radar,48,22,15,0,85,0,0,27,0,27,48,22,42,0,112,16,0,16,128
08/24/2020,ALB,NY,AEA,EN,Combined TRACON& Tower with Radar,42,19,10,13,84,0,0,24,16,40,42,19,34,29,124,3,53,56,180
08/25/2020,ALB,NY,AEA,EN,Combined TRACON& Tower with Radar,40,28,16,28,112,0,3,16,8,27,40,31,32,36,139,4,11,15,154
08/26/2020,ALB,NY,AEA,EN,Combined TRACON& Tower with Radar,40,21,31,5,97,0,2,52,9,63,40,23,83,14,160,33,0,33,193
08/27/2020,ALB,NY,AEA,EN,Combined TRACON& Tower with Radar,50,22,15,12,99,0,0,5,0,5,50,22,20,12,104,1,0,1,105
08/28/2020,ALB,NY,AEA,EN,Combined TRACON& Tower with Radar,45,20,31,5,101,0,1,20,16,37,45,21,51,21,138,24,37,61,199
08/29/2020,ALB,NY,AEA,EN,Combined TRACON& Tower with Radar,43,22,22,0,87,0,0,10,0,10,43,22,32,0,97,0,0,0,97
08/30/2020,ALB,NY,AEA,EN,Combined TRACON& Tower with Radar,46,17,21,0,84,0,0,31,0,31,46,17,52,0,115,0,0,0,115
08/31/2020,ALB,NY,AEA,EN,Combined TRACON& Tower with Radar,45,21,24,25,115,0,0,56,25,81,45,21,80,50,196,0,0,0,196
09/01/2020,ALB,NY,AEA,EN,Combined TRACON& Tower with Radar,41,26,37,20,124,0,2,23,13,38,41,28,60,33,162,0,0,0,162
09/02/2020,ALB,NY,AEA,EN,Combined TRACON& Tower with Radar,38,24,16,1,79,0,0,0,0,0,38,24,16,1,79,0,0,0,79
09/03/2020,ALB,NY,AEA,EN,Combined TRACON& Tower with Radar,46,25,22,0,93,0,1,34,0,35,46,26,56,0,128,4,0,4,132
09/04/2020,ALB,NY,AEA,EN,Combined TRACON& Tower with Radar,48,25,25,0,98,0,2,47,0,49,48,27,72,0,147,18,0,18,165
09/05/2020,ALB,NY,AEA,EN,Combined TRACON& Tower with Radar,39,13,18,0,70,0,0,56,2,58,39,13,74,2,128,16,0,16,144
09/06/2020,ALB,NY,AEA,EN,Combined TRACON& Tower with Radar,31,16,21,0,68,0,2,57,0,59,31,18,78,0,127,19,0,19,146
09/07/2020,ALB,NY,AEA,EN,Combined TRACON& Tower with Radar,37,18,16,0,71,0,0,24,0,24,37,18,40,0,95,0,0,0,95
09/08/2020,ALB,NY,AEA,EN,Combined TRACON& Tower with Radar,27,14,23,0,64,0,0,48,6,54,27,14,71,6,118,9,0,9,127
09/09/2020,ALB,NY,AEA,EN,Combined TRACON& Tower with Radar,38,14,23,1,76,0,0,59,15,74,38,14,82,16,150,18,2,20,170
09/10/2020,ALB,NY,AEA,EN,Combined TRACON& Tower with Radar,44,21,19,9,93,0,0,15,11,26,44,21,34,20,119,29,29,58,177
09/11/2020,ALB,NY,AEA,EN,Combined TRACON& Tower with Radar,42,18,32,14,106,0,0,37,4,41,42,18,69,18,147,26,2,28,175
09/12/2020,ALB,NY,AEA,EN,Combined TRACON& Tower with Radar,32,9,24,12,77,0,0,60,12,72,32,9,84,24,149,21,16,37,186
09/13/2020,ALB,NY,AEA,EN,Combined TRACON& Tower with Radar,38,15,16,2,71,0,2,9,2,13,38,17,25,4,84,9,0,9,93
09/14/2020,ALB,NY,AEA,EN,Combined TRACON& Tower with Radar,38,21,23,4,86,0,2,30,0,32,38,23,53,4,118,3,0,3,121
09/15/2020,ALB,NY,AEA,EN,Combined TRACON& Tower with Radar,34,22,25,20,101,0,0,84,8,92,34,22,109,28,193,19,12,31,224
09/16/2020,ALB,NY,AEA,EN,Combined TRACON& Tower with Radar,36,28,13,16,93,0,3,43,9,55,36,31,56,25,148,33,8,41,189
09/17/2020,ALB,NY,AEA,EN,Combined TRACON& Tower with Radar,43,20,23,10,96,0,0,18,4,22,43,20,41,14,118,0,0,0,118
09/18/2020,ALB,NY,AEA,EN,Combined TRACON& Tower with Radar,40,24,13,4,81,0,0,41,0,41,40,24,54,4,122,6,0,6,128
09/19/2020,ALB,NY,AEA,EN,Combined TRACON& Tower with Radar,32,6,19,0,57,0,0,40,0,40,32,6,59,0,97,16,0,16,113
09/20/2020,ALB,NY,AEA,EN,Combined TRACON& Tower with Radar,38,15,19,0,72,0,1,71,0,72,38,16,90,0,144,23,0,23,167
09/21/2020,ALB,NY,AEA,EN,Combined TRACON& Tower with Radar,38,18,20,6,82,0,2,53,7,62,38,20,73,13,144,1,10,11,155
09/22/2020,ALB,NY,AEA,EN,Combined TRACON& Tower with Radar,34,24,19,14,91,0,0,36,3,39,34,24,55,17,130,10,13,23,153
09/23/2020,ALB,NY,AEA,EN,Combined TRACON& Tower with Radar,36,28,7,0,71,0,0,33,0,33,36,28,40,0,104,29,0,29,133
09/24/2020,ALB,NY,AEA,EN,Combined TRACON& Tower with Radar,42,27,27,8,104,0,0,49,3,52,42,27,76,11,156,8,0,8,164
09/25/2020,ALB,NY,AEA,EN,Combined TRACON& Tower with Radar,40,22,34,5,101,0,0,42,4,46,40,22,76,9,147,6,0,6,153
09/26/2020,ALB,NY,AEA,EN,Combined TRACON& Tower with Radar,32,8,32,5,77,0,0,15,0,15,32,8,47,5,92,4,2,6,98
09/27/2020,ALB,NY,AEA,EN,Combined TRACON& Tower with Radar,38,21,25,0,84,0,2,25,0,27,38,23,50,0,111,32,0,32,143
09/28/2020,ALB,NY,AEA,EN,Combined TRACON& Tower with Radar,38,23,19,4,84,0,0,8,0,8,38,23,27,4,92,0,0,0,92
09/29/2020,ALB,NY,AEA,EN,Combined TRACON& Tower with Radar,36,19,20,19,94,0,0,14,2,16,36,19,34,21,110,2,10,12,122
09/30/2020,ALB,NY,AEA,EN,Combined TRACON& Tower with Radar,36,24,22,0,82,0,0,17,0,17,36,24,39,0,99,0,0,0,99
10/01/2020,ALB,NY,AEA,EN,Combined TRACON& Tower with Radar,42,34,33,3,112,0,5,47,1,53,42,39,80,4,165,58,0,58,223
10/02/2020,ALB,NY,AEA,EN,Combined TRACON& Tower with Radar,42,35,14,0,91,0,0,12,0,12,42,35,26,0,103,10,0,10,113
10/03/2020,ALB,NY,AEA,EN,Combined TRACON& Tower with Radar,32,15,24,2,73,0,0,28,0,28,32,15,52,2,101,5,0,5,106
10/04/2020,ALB,NY,AEA,EN,Combined TRACON& Tower with Radar,38,23,28,0,89,0,2,38,0,40,38,25,66,0,129,47,0,47,176
10/05/2020,ALB,NY,AEA,EN,Combined TRACON& Tower with Radar,38,25,8,5,76,0,0,22,1,23,38,25,30,6,99,18,2,20,119
10/06/2020,ALB,NY,AEA,EN,Combined TRACON& Tower with Radar,34,23,25,16,98,0,1,33,12,46,34,24,58,28,144,0,0,0,144
10/07/2020,ALB,NY,AEA,EN,Combined TRACON& Tower with Radar,38,21,6,2,67,0,0,18,3,21,38,21,24,5,88,12,6,18,106
10/08/2020,ALB,NY,AEA,EN,Combined TRACON& Tower with Radar,49,27,16,10,102,0,0,33,9,42,49,27,49,19,144,4,6,10,154
10/09/2020,ALB,NY,AEA,EN,Combined TRACON& Tower with Radar,43,27,14,0,84,0,2,53,0,55,43,29,67,0,139,14,0,14,153
10/10/2020,ALB,NY,AEA,EN,Combined TRACON& Tower with Radar,32,15,16,0,63,0,0,21,0,21,32,15,37,0,84,4,0,4,88
10/11/2020,ALB,NY,AEA,EN,Combined TRACON& Tower with Radar,38,20,19,0,77,0,1,44,0,45,38,21,63,0,122,25,0,25,147
10/12/2020,ALB,NY,AEA,EN,Combined TRACON& Tower with Radar,40,30,16,0,86,0,2,17,0,19,40,32,33,0,105,4,0,4,109
10/13/2020,ALB,NY,AEA,EN,Combined TRACON& Tower with Radar,32,24,20,0,76,0,0,0,0,0,32,24,20,0,76,4,0,4,80
10/14/2020,ALB,NY,AEA,EN,Combined TRACON& Tower with Radar,38,17,28,13,96,0,0,42,14,56,38,17,70,27,152,40,8,48,200
10/15/2020,ALB,NY,AEA,EN,Combined TRACON& Tower with Radar,44,34,18,7,103,0,0,21,13,34,44,34,39,20,137,9,0,9,146
10/16/2020,ALB,NY,AEA,EN,Combined TRACON& Tower with Radar,40,28,13,15,96,0,0,1,11,12,40,28,14,26,108,0,42,42,150
10/17/2020,ALB,NY,AEA,EN,Combined TRACON& Tower with Radar,32,18,7,4,61,0,4,38,9,51,32,22,45,13,112,16,0,16,128
10/18/2020,ALB,NY,AEA,EN,Combined TRACON& Tower with Radar,40,19,18,0,77,0,2,51,0,53,40,21,69,0,130,10,0,10,140
10/19/2020,ALB,NY,AEA,EN,Combined TRACON& Tower with Radar,41,26,26,4,97,0,1,25,12,38,41,27,51,16,135,0,12,12,147
10/20/2020,ALB,NY,AEA,EN,Combined TRACON& Tower with Radar,33,28,17,16,94,0,2,2,6,10,33,30,19,22,104,28,14,42,146
10/21/2020,ALB,NY,AEA,EN,Combined TRACON& Tower with Radar,36,20,14,4,74,0,0,14,13,27,36,20,28,17,101,1,0,1,102
10/22/2020,ALB,NY,AEA,EN,Combined TRACON& Tower with Radar,46,30,20,4,100,0,3,33,12,48,46,33,53,16,148,14,5,19,167
10/23/2020,ALB,NY,AEA,EN,Combined TRACON& Tower with Radar,42,28,37,1,108,0,0,14,1,15,42,28,51,2,123,1,0,1,124
10/24/2020,ALB,NY,AEA,EN,Combined TRACON& Tower with Radar,30,21,18,0,69,0,0,9,0,9,30,21,27,0,78,0,0,0,78
10/25/2020,ALB,NY,AEA,EN,Combined TRACON& Tower with Radar,38,25,32,2,97,0,0,42,2,44,38,25,74,4,141,11,0,11,152
10/26/2020,ALB,NY,AEA,EN,Combined TRACON& Tower with Radar,41,26,14,2,83,0,0,0,0,0,41,26,14,2,83,0,0,0,83
10/27/2020,ALB,NY,AEA,EN,Combined TRACON& Tower with Radar,32,23,19,24,98,0,1,21,1,23,32,24,40,25,121,13,8,21,142
10/28/2020,ALB,NY,AEA,EN,Combined TRACON& Tower with Radar,36,27,25,0,88,0,0,4,7,11,36,27,29,7,99,0,0,0,99
10/29/2020,ALB,NY,AEA,EN,Combined TRACON& Tower with Radar,42,36,14,26,118,0,0,0,0,0,42,36,14,26,118,6,6,12,130
10/30/2020,ALB,NY,AEA,EN,Combined TRACON& Tower with Radar,44,30,10,0,84,0,0,7,0,7,44,30,17,0,91,0,0,0,91
10/31/2020,ALB,NY,AEA,EN,Combined TRACON& Tower with Radar,23,22,20,0,65,0,0,77,2,79,23,22,97,2,144,26,0,26,170
11/01/2020,ALB,NY,AEA,EN,Combined TRACON& Tower with Radar,36,22,7,0,65,0,0,6,0,6,36,22,13,0,71,0,0,0,71
11/02/2020,ALB,NY,AEA,EN,Combined TRACON& Tower with Radar,40,26,13,0,79,0,0,5,0,5,40,26,18,0,84,0,0,0,84
11/03/2020,ALB,NY,AEA,EN,Combined TRACON& Tower with Radar,30,20,11,4,65,0,0,31,2,33,30,20,42,6,98,17,0,17,115
11/04/2020,ALB,NY,AEA,EN,Combined TRACON& Tower with Radar,29,29,22,6,86,0,2,41,4,47,29,31,63,10,133,0,0,0,133
11/05/2020,ALB,NY,AEA,EN,Combined TRACON& Tower with Radar,42,32,18,2,94,0,0,33,1,34,42,32,51,3,128,11,5,16,144
11/06/2020,ALB,NY,AEA,EN,Combined TRACON& Tower with Radar,42,26,19,0,87,0,3,56,11,70,42,29,75,11,157,16,0,16,173
11/07/2020,ALB,NY,AEA,EN,Combined TRACON& Tower with Radar,32,18,24,0,74,0,1,37,6,44,32,19,61,6,118,4,0,4,122
11/08/2020,ALB,NY,AEA,EN,Combined TRACON& Tower with Radar,36,23,14,2,75,0,1,60,5,66,36,24,74,7,141,22,0,22,163
11/09/2020,ALB,NY,AEA,EN,Combined TRACON& Tower with Radar,34,30,15,23,102,0,0,50,4,54,34,30,65,27,156,50,16,66,222
11/10/2020,ALB,NY,AEA,EN,Combined TRACON& Tower with Radar,30,24,15,17,86,0,3,38,11,52,30,27,53,28,138,29,21,50,188
11/11/2020,ALB,NY,AEA,EN,Combined TRACON& Tower with Radar,28,20,17,1,66,0,0,5,1,6,28,20,22,2,72,36,0,36,108
11/12/2020,ALB,NY,AEA,EN,Combined TRACON& Tower with Radar,40,34,18,2,94,0,0,27,2,29,40,34,45,4,123,17,0,17,140
11/13/2020,ALB,NY,AEA,EN,Combined TRACON& Tower with Radar,44,24,16,0,84,0,0,5,0,5,44,24,21,0,89,9,0,9,98
11/14/2020,ALB,NY,AEA,EN,Combined TRACON& Tower with Radar,30,18,20,0,68,0,0,23,0,23,30,18,43,0,91,10,0,10,101
11/15/2020,ALB,NY,AEA,EN,Combined TRACON& Tower with Radar,35,23,7,0,65,0,0,9,0,9,35,23,16,0,74,8,0,8,82
11/16/2020,ALB,NY,AEA,EN,Combined TRACON& Tower with Radar,39,29,14,27,109,0,2,23,6,31,39,31,37,33,140,7,22,29,169
11/17/2020,ALB,NY,AEA,EN,Combined TRACON& Tower with Radar,30,20,15,2,67,0,0,15,1,16,30,20,30,3,83,0,2,2,85
11/18/2020,ALB,NY,AEA,EN,Combined TRACON& Tower with Radar,28,24,15,0,67,0,6,35,2,43,28,30,50,2,110,15,0,15,125
11/19/2020,ALB,NY,AEA,EN,Combined TRACON& Tower with Radar,44,26,8,2,80,0,3,18,0,21,44,29,26,2,101,24,0,24,125
11/20/2020,ALB,NY,AEA,EN,Combined TRACON& Tower with Radar,44,31,17,10,102,0,0,21,16,37,44,31,38,26,139,11,21,32,171
11/21/2020,ALB,NY,AEA,EN,Combined TRACON& Tower with Radar,43,20,19,0,82,0,0,35,0,35,43,20,54,0,117,9,0,9,126
11/22/2020,ALB,NY,AEA,EN,Combined TRACON& Tower with Radar,41,26,12,0,79,0,0,14,1,15,41,26,26,1,94,21,0,21,115
11/23/2020,ALB,NY,AEA,EN,Combined TRACON& Tower with Radar,36,26,12,1,75,0,0,9,2,11,36,26,21,3,86,3,1,4,90
11/24/2020,ALB,NY,AEA,EN,Combined TRACON& Tower with Radar,50,37,18,18,123,0,1,40,13,54,50,38,58,31,177,20,14,34,211
11/25/2020,ALB,NY,AEA,EN,Combined TRACON& Tower with Radar,54,25,8,1,88,0,0,20,3,23,54,25,28,4,111,16,0,16,127
11/26/2020,ALB,NY,AEA,EN,Combined TRACON& Tower with Radar,22,15,4,0,41,0,0,0,0,0,22,15,4,0,41,0,0,0,41
11/27/2020,ALB,NY,AEA,EN,Combined TRACON& Tower with Radar,36,20,13,0,69,0,0,18,0,18,36,20,31,0,87,26,0,26,113
11/28/2020,ALB,NY,AEA,EN,Combined TRACON& Tower with Radar,49,24,13,0,86,0,0,18,0,18,49,24,31,0,104,23,0,23,127
11/29/2020,ALB,NY,AEA,EN,Combined TRACON& Tower with Radar,52,28,24,0,104,0,0,59,0,59,52,28,83,0,163,28,0,28,191
11/30/2020,ALB,NY,AEA,EN,Combined TRACON& Tower with Radar,47,34,9,0,90,0,0,13,0,13,47,34,22,0,103,18,0,18,121
12/01/2020,ALB,NY,AEA,EN,Combined TRACON& Tower with Radar,45,30,9,13,97,0,0,12,4,16,45,30,21,17,113,0,16,16,129
12/02/2020,ALB,NY,AEA,EN,Combined TRACON& Tower with Radar,37,21,20,1,79,0,0,5,6,11,37,21,25,7,90,4,0,4,94
12/03/2020,ALB,NY,AEA,EN,Combined TRACON& Tower with Radar,40,23,18,7,88,0,2,58,13,73,40,25,76,20,161,3,7,10,171
12/04/2020,ALB,NY,AEA,EN,Combined TRACON& Tower with Radar,40,22,14,10,86,0,0,21,17,38,40,22,35,27,124,20,24,44,168
12/05/2020,ALB,NY,AEA,EN,Combined TRACON& Tower with Radar,30,22,8,0,60,0,0,4,0,4,30,22,12,0,64,0,0,0,64
12/06/2020,ALB,NY,AEA,EN,Combined TRACON& Tower with Radar,32,21,15,2,70,0,0,5,0,5,32,21,20,2,75,0,0,0,75
12/07/2020,ALB,NY,AEA,EN,Combined TRACON& Tower with Radar,31,24,14,0,69,0,0,20,0,20,31,24,34,0,89,6,0,6,95
12/08/2020,ALB,NY,AEA,EN,Combined TRACON& Tower with Radar,34,24,16,5,79,0,0,11,5,16,34,24,27,10,95,0,8,8,103
12/09/2020,ALB,NY,AEA,EN,Combined TRACON& Tower with Radar,32,27,3,11,73,0,0,0,0,0,32,27,3,11,73,0,8,8,81
12/10/2020,ALB,NY,AEA,EN,Combined TRACON& Tower with Radar,40,28,10,5,83,0,0,26,19,45,40,28,36,24,128,6,0,6,134
12/11/2020,ALB,NY,AEA,EN,Combined TRACON& Tower with Radar,40,23,25,1,89,0,0,39,3,42,40,23,64,4,131,39,0,39,170
12/12/2020,ALB,NY,AEA,EN,Combined TRACON& Tower with Radar,31,23,19,0,73,0,0,5,0,5,31,23,24,0,78,16,0,16,94
12/13/2020,ALB,NY,AEA,EN,Combined TRACON& Tower with Radar,32,24,24,0,80,0,1,15,0,16,32,25,39,0,96,0,0,0,96
12/14/2020,ALB,NY,AEA,EN,Combined TRACON& Tower with Radar,29,23,7,14,73,0,0,2,2,4,29,23,9,16,77,0,0,0,77
12/15/2020,ALB,NY,AEA,EN,Combined TRACON& Tower with Radar,34,21,17,4,76,0,7,33,16,56,34,28,50,20,132,0,0,0,132
12/16/2020,ALB,NY,AEA,EN,Combined TRACON& Tower with Radar,23,14,13,1,51,0,0,15,13,28,23,14,28,14,79,0,0,0,79
12/17/2020,ALB,NY,AEA,EN,Combined TRACON& Tower with Radar,20,8,5,0,33,0,0,0,0,0,20,8,5,0,33,0,0,0,33
12/18/2020,ALB,NY,AEA,EN,Combined TRACON& Tower with Radar,47,22,16,0,85,0,2,15,2,19,47,24,31,2,104,0,0,0,104
12/19/2020,ALB,NY,AEA,EN,Combined TRACON& Tower with Radar,46,29,16,0,91,0,0,15,0,15,46,29,31,0,106,0,0,0,106
12/20/2020,ALB,NY,AEA,EN,Combined TRACON& Tower with Radar,44,19,4,0,67,0,0,4,0,4,44,19,8,0,71,0,0,0,71
12/21/2020,ALB,NY,AEA,EN,Combined TRACON& Tower with Radar,37,41,11,9,98,0,0,0,0,0,37,41,11,9,98,0,0,0,98
12/22/2020,ALB,NY,AEA,EN,Combined TRACON& Tower with Radar,42,31,13,3,89,0,0,12,13,25,42,31,25,16,114,0,0,0,114
12/23/2020,ALB,NY,AEA,EN,Combined TRACON& Tower with Radar,54,25,21,2,102,0,1,53,12,66,54,26,74,14,168,0,0,0,168
12/24/2020,ALB,NY,AEA,EN,Combined TRACON& Tower with Radar,36,16,3,0,55,0,0,6,0,6,36,16,9,0,61,0,0,0,61
12/25/2020,ALB,NY,AEA,EN,Combined TRACON& Tower with Radar,24,9,1,0,34,0,0,0,0,0,24,9,1,0,34,0,0,0,34
12/26/2020,ALB,NY,AEA,EN,Combined TRACON& Tower with Radar,39,27,19,0,85,0,0,29,0,29,39,27,48,0,114,0,0,0,114
12/27/2020,ALB,NY,AEA,EN,Combined TRACON& Tower with Radar,41,23,30,0,94,0,0,56,0,56,41,23,86,0,150,0,0,0,150
12/28/2020,ALB,NY,AEA,EN,Combined TRACON& Tower with Radar,35,27,10,0,72,0,1,18,4,23,35,28,28,4,95,0,0,0,95
12/29/2020,ALB,NY,AEA,EN,Combined TRACON& Tower with Radar,42,27,23,0,92,0,0,31,6,37,42,27,54,6,129,0,0,0,129
12/30/2020,ALB,NY,AEA,EN,Combined TRACON& Tower with Radar,49,28,21,14,112,0,4,39,0,43,49,32,60,14,155,0,0,0,155
12/31/2020,ALB,NY,AEA,EN,Combined TRACON& Tower with Radar,32,22,8,0,62,0,0,11,0,11,32,22,19,0,73,0,0,0,73
01/01/2021,ALB,NY,AEA,EN,Combined TRACON& Tower with Radar,22,18,15,0,55,0,0,28,0,28,22,18,43,0,83,4,0,4,87
01/02/2021,ALB,NY,AEA,EN,Combined TRACON& Tower with Radar,44,25,9,0,78,0,0,6,0,6,44,25,15,0,84,12,0,12,96
01/03/2021,ALB,NY,AEA,EN,Combined TRACON& Tower with Radar,42,25,2,0,69,0,0,6,0,6,42,25,8,0,75,0,0,0,75
01/04/2021,ALB,NY,AEA,EN,Combined TRACON& Tower with Radar,36,38,3,0,77,0,0,0,0,0,36,38,3,0,77,0,0,0,77
01/05/2021,ALB,NY,AEA,EN,Combined TRACON& Tower with Radar,36,23,7,17,83,0,0,5,17,22,36,23,12,34,105,17,27,44,149
01/06/2021,ALB,NY,AEA,EN,Combined TRACON& Tower with Radar,36,25,16,6,83,0,0,17,4,21,36,25,33,10,104,24,0,24,128
01/07/2021,ALB,NY,AEA,EN,Combined TRACON& Tower with Radar,35,30,25,13,103,0,0,41,20,61,35,30,66,33,164,44,0,44,208
01/08/2021,ALB,NY,AEA,EN,Combined TRACON& Tower with Radar,38,24,19,0,81,0,1,12,12,25,38,25,31,12,106,12,2,14,120
01/09/2021,ALB,NY,AEA,EN,Combined TRACON& Tower with Radar,26,16,17,0,59,0,1,38,3,42,26,17,55,3,101,41,0,41,142
01/10/2021,ALB,NY,AEA,EN,Combined TRACON& Tower with Radar,32,17,11,0,60,0,2,24,0,26,32,19,35,0,86,22,0,22,108
01/11/2021,ALB,NY,AEA,EN,Combined TRACON& Tower with Radar,29,31,12,4,76,0,0,6,4,10,29,31,18,8,86,0,0,0,86
01/12/2021,ALB,NY,AEA,EN,Combined TRACON& Tower with Radar,30,17,15,23,85,0,0,21,5,26,30,17,36,28,111,34,1,35,146
01/13/2021,ALB,NY,AEA,EN,Combined TRACON& Tower with Radar,28,30,15,4,77,0,0,19,3,22,28,30,34,7,99,20,0,20,119
01/14/2021,ALB,NY,AEA,EN,Combined TRACON& Tower with Radar,36,30,11,5,82,0,0,6,0,6,36,30,17,5,88,0,2,2,90
01/15/2021,ALB,NY,AEA,EN,Combined TRACON& Tower with Radar,38,27,12,5,82,0,0,4,1,5,38,27,16,6,87,0,0,0,87
01/16/2021,ALB,NY,AEA,EN,Combined TRACON& Tower with Radar,26,19,4,0,49,0,0,0,0,0,26,19,4,0,49,0,0,0,49
01/17/2021,ALB,NY,AEA,EN,Combined TRACON& Tower with Radar,33,18,7,0,58,0,0,2,0,2,33,18,9,0,60,6,0,6,66
01/18/2021,ALB,NY,AEA,EN,Combined TRACON& Tower with Radar,29,30,15,0,74,0,3,20,0,23,29,33,35,0,97,0,0,0,97
01/19/2021,ALB,NY,AEA,EN,Combined TRACON& Tower with Radar,28,23,12,6,69,0,1,28,4,33,28,24,40,10,102,16,24,40,142
01/20/2021,ALB,NY,AEA,EN,Combined TRACON& Tower with Radar,30,21,6,0,57,0,0,13,23,36,30,21,19,23,93,0,0,0,93
01/21/2021,ALB,NY,AEA,EN,Combined TRACON& Tower with Radar,35,34,8,12,89,0,0,13,13,26,35,34,21,25,115,0,0,0,115
01/22/2021,ALB,NY,AEA,EN,Combined TRACON& Tower with Radar,36,26,11,8,81,0,0,13,8,21,36,26,24,16,102,0,0,0,102
01/23/2021,ALB,NY,AEA,EN,Combined TRACON& Tower with Radar,28,17,9,0,54,0,0,12,0,12,28,17,21,0,66,0,0,0,66
01/24/2021,ALB,NY,AEA,EN,Combined TRACON& Tower with Radar,34,24,12,0,70,0,0,18,2,20,34,24,30,2,90,0,0,0,90
01/25/2021,ALB,NY,AEA,EN,Combined TRACON& Tower with Radar,26,26,5,3,60,0,2,47,3,52,26,28,52,6,112,0,0,0,112
01/26/2021,ALB,NY,AEA,EN,Combined TRACON& Tower with Radar,27,17,1,2,47,0,0,10,2,12,27,17,11,4,59,0,0,0,59
01/27/2021,ALB,NY,AEA,EN,Combined TRACON& Tower with Radar,28,23,5,3,59,0,0,6,3,9,28,23,11,6,68,0,0,0,68
01/28/2021,ALB,NY,AEA,EN,Combined TRACON& Tower with Radar,35,39,16,3,93,0,0,22,4,26,35,39,38,7,119,0,0,0,119
01/29/2021,ALB,NY,AEA,EN,Combined TRACON& Tower with Radar,38,25,10,10,83,0,0,21,0,21,38,25,31,10,104,0,0,0,104
01/30/2021,ALB,NY,AEA,EN,Combined TRACON& Tower with Radar,29,20,16,0,65,0,1,13,4,18,29,21,29,4,83,0,0,0,83
01/31/2021,ALB,NY,AEA,EN,Combined TRACON& Tower with Radar,31,19,16,0,66,0,0,37,0,37,31,19,53,0,103,0,0,0,103
02/01/2021,ALB,NY,AEA,EN,Combined TRACON& Tower with Radar,25,18,1,0,44,0,0,2,0,2,25,18,3,0,46,0,0,0,46
02/02/2021,ALB,NY,AEA,EN,Combined TRACON& Tower with Radar,24,13,5,0,42,0,0,0,0,0,24,13,5,0,42,0,0,0,42
02/03/2021,ALB,NY,AEA,EN,Combined TRACON& Tower with Radar,27,21,5,4,57,0,0,0,14,14,27,21,5,18,71,0,64,64,135
02/04/2021,ALB,NY,AEA,EN,Combined TRACON& Tower with Radar,38,40,25,7,110,0,2,43,20,65,38,42,68,27,175,18,6,24,199
02/05/2021,ALB,NY,AEA,EN,Combined TRACON& Tower with Radar,38,22,1,17,78,0,0,9,15,24,38,22,10,32,102,3,28,31,133
02/06/2021,ALB,NY,AEA,EN,Combined TRACON& Tower with Radar,28,20,25,0,73,0,0,25,0,25,28,20,50,0,98,12,0,12,110
02/07/2021,ALB,NY,AEA,EN,Combined TRACON& Tower with Radar,32,20,2,0,54,0,0,2,0,2,32,20,4,0,56,0,0,0,56
02/08/2021,ALB,NY,AEA,EN,Combined TRACON& Tower with Radar,31,28,22,0,81,0,2,36,0,38,31,30,58,0,119,24,0,24,143
02/09/2021,ALB,NY,AEA,EN,Combined TRACON& Tower with Radar,28,18,5,4,55,0,0,0,0,0,28,18,5,4,55,0,0,0,55
02/10/2021,ALB,NY,AEA,EN,Combined TRACON& Tower with Radar,31,30,17,3,81,0,2,22,19,43,31,32,39,22,124,28,0,28,152
02/11/2021,ALB,NY,AEA,EN,Combined TRACON& Tower with Radar,39,26,19,3,87,0,0,31,7,38,39,26,50,10,125,6,0,6,131
02/12/2021,ALB,NY,AEA,EN,Combined TRACON& Tower with Radar,41,24,18,9,92,0,0,20,3,23,41,24,38,12,115,0,8,8,123
02/13/2021,ALB,NY,AEA,EN,Combined TRACON& Tower with Radar,36,26,17,0,79,0,1,27,0,28,36,27,44,0,107,13,0,13,120
02/14/2021,ALB,NY,AEA,EN,Combined TRACON& Tower with Radar,32,19,3,0,54,0,0,7,0,7,32,19,10,0,61,11,0,11,72
02/15/2021,ALB,NY,AEA,EN,Combined TRACON& Tower with Radar,30,18,8,0,56,0,0,0,0,0,30,18,8,0,56,0,0,0,56
02/16/2021,ALB,NY,AEA,EN,Combined TRACON& Tower with Radar,32,16,7,0,55,0,0,0,0,0,32,16,7,0,55,0,0,0,55
02/17/2021,ALB,NY,AEA,EN,Combined TRACON& Tower with Radar,30,24,31,7,92,0,5,46,16,67,30,29,77,23,159,6,8,14,173
02/18/2021,ALB,NY,AEA,EN,Combined TRACON& Tower with Radar,31,22,13,7,73,0,0,13,7,20,31,22,26,14,93,0,0,0,93
02/19/2021,ALB,NY,AEA,EN,Combined TRACON& Tower with Radar,40,23,13,10,86,0,0,2,0,2,40,23,15,10,88,0,0,0,88
02/20/2021,ALB,NY,AEA,EN,Combined TRACON& Tower with Radar,36,20,11,0,67,0,0,19,0,19,36,20,30,0,86,2,0,2,88
02/21/2021,ALB,NY,AEA,EN,Combined TRACON& Tower with Radar,37,25,23,0,85,0,0,49,2,51,37,25,72,2,136,0,0,0,136
02/22/2021,ALB,NY,AEA,EN,Combined TRACON& Tower with Radar,34,31,13,14,92,0,0,1,2,3,34,31,14,16,95,0,0,0,95
02/23/2021,ALB,NY,AEA,EN,Combined TRACON& Tower with Radar,30,22,9,6,67,0,1,7,6,14,30,23,16,12,81,0,0,0,81
02/24/2021,ALB,NY,AEA,EN,Combined TRACON& Tower with Radar,30,21,23,3,77,0,0,30,17,47,30,21,53,20,124,0,0,0,124
02/25/2021,ALB,NY,AEA,EN,Combined TRACON& Tower with Radar,38,29,17,10,94,0,0,16,23,39,38,29,33,33,133,0,0,0,133
02/26/2021,ALB,NY,AEA,EN,Combined TRACON& Tower with Radar,39,30,18,4,91,0,0,30,5,35,39,30,48,9,126,0,0,0,126
02/27/2021,ALB,NY,AEA,EN,Combined TRACON& Tower with Radar,36,16,6,0,58,0,0,0,0,0,36,16,6,0,58,0,0,0,58
02/28/2021,ALB,NY,AEA,EN,Combined TRACON& Tower with Radar,37,22,21,4,84,0,0,19,13,32,37,22,40,17,116,0,0,0,116
03/01/2021,ALB,NY,AEA,EN,Combined TRACON& Tower with Radar,38,38,20,1,97,0,1,3,3,7,38,39,23,4,104,1,0,1,105
03/02/2021,ALB,NY,AEA,EN,Combined TRACON& Tower with Radar,36,19,6,0,61,0,0,8,0,8,36,19,14,0,69,2,0,2,71
03/03/2021,ALB,NY,AEA,EN,Combined TRACON& Tower with Radar,30,22,30,12,94,0,0,23,18,41,30,22,53,30,135,0,0,0,135
03/04/2021,ALB,NY,AEA,EN,Combined TRACON& Tower with Radar,40,26,11,13,90,0,1,22,15,38,40,27,33,28,128,6,0,6,134
03/05/2021,ALB,NY,AEA,EN,Combined TRACON& Tower with Radar,42,27,8,1,78,0,2,14,4,20,42,29,22,5,98,4,0,4,102
03/06/2021,ALB,NY,AEA,EN,Combined TRACON& Tower with Radar,42,20,13,0,75,0,0,19,0,19,42,20,32,0,94,0,0,0,94
03/07/2021,ALB,NY,AEA,EN,Combined TRACON& Tower with Radar,48,16,17,0,81,0,2,44,0,46,48,18,61,0,127,0,0,0,127
03/08/2021,ALB,NY,AEA,EN,Combined TRACON& Tower with Radar,44,23,18,0,85,0,4,27,3,34,44,27,45,3,119,0,0,0,119
03/09/2021,ALB,NY,AEA,EN,Combined TRACON& Tower with Radar,36,26,14,1,77,0,0,24,5,29,36,26,38,6,106,16,0,16,122
03/10/2021,ALB,NY,AEA,EN,Combined TRACON& Tower with Radar,34,30,15,2,81,0,2,40,21,63,34,32,55,23,144,8,0,8,152
03/11/2021,ALB,NY,AEA,EN,Combined TRACON& Tower with Radar,49,25,5,6,85,0,2,14,26,42,49,27,19,32,127,19,25,44,171
03/12/2021,ALB,NY,AEA,EN,Combined TRACON& Tower with Radar,46,28,18,0,92,0,1,20,6,27,46,29,38,6,119,12,0,12,131
03/13/2021,ALB,NY,AEA,EN,Combined TRACON& Tower with Radar,43,15,12,0,70,0,0,17,0,17,43,15,29,0,87,8,0,8,95
03/14/2021,ALB,NY,AEA,EN,Combined TRACON& Tower with Radar,44,24,16,0,84,0,0,9,0,9,44,24,25,0,93,0,0,0,93
03/15/2021,ALB,NY,AEA,EN,Combined TRACON& Tower with Radar,38,22,12,2,74,0,0,10,0,10,38,22,22,2,84,0,0,0,84
03/16/2021,ALB,NY,AEA,EN,Combined TRACON& Tower with Radar,40,19,17,6,82,0,4,32,5,41,40,23,49,11,123,2,4,6,129
03/17/2021,ALB,NY,AEA,EN,Combined TRACON& Tower with Radar,36,31,15,0,82,0,0,19,4,23,36,31,34,4,105,6,0,6,111
03/18/2021,ALB,NY,AEA,EN,Combined TRACON& Tower with Radar,46,29,5,2,82,0,0,0,0,0,46,29,5,2,82,0,0,0,82
03/19/2021,ALB,NY,AEA,EN,Combined TRACON& Tower with Radar,45,22,9,3,79,0,2,25,14,41,45,24,34,17,120,3,9,12,132
03/20/2021,ALB,NY,AEA,EN,Combined TRACON& Tower with Radar,40,16,19,5,80,0,1,49,13,63,40,17,68,18,143,26,0,26,169
03/21/2021,ALB,NY,AEA,EN,Combined TRACON& Tower with Radar,45,20,18,2,85,0,1,40,12,53,45,21,58,14,138,34,0,34,172
03/22/2021,ALB,NY,AEA,EN,Combined TRACON& Tower with Radar,41,22,12,6,81,0,2,37,5,44,41,24,49,11,125,15,14,29,154
03/23/2021,ALB,NY,AEA,EN,Combined TRACON& Tower with Radar,40,23,15,3,81,0,2,26,3,31,40,25,41,6,112,8,6,14,126
03/24/2021,ALB,NY,AEA,EN,Combined TRACON& Tower with Radar,40,27,16,17,100,0,0,9,5,14,40,27,25,22,114,0,0,0,114
03/25/2021,ALB,NY,AEA,EN,Combined TRACON& Tower with Radar,48,31,15,3,97,0,0,32,11,43,48,31,47,14,140,0,0,0,140
03/26/2021,ALB,NY,AEA,EN,Combined TRACON& Tower with Radar,51,29,14,0,94,0,0,2,2,4,51,29,16,2,98,0,0,0,98
03/27/2021,ALB,NY,AEA,EN,Combined TRACON& Tower with Radar,36,12,17,1,66,0,0,40,1,41,36,12,57,2,107,0,0,0,107
03/28/2021,ALB,NY,AEA,EN,Combined TRACON& Tower with Radar,54,17,14,0,85,0,0,2,0,2,54,17,16,0,87,0,0,0,87
03/29/2021,ALB,NY,AEA,EN,Combined TRACON& Tower with Radar,44,23,11,0,78,0,1,5,0,6,44,24,16,0,84,0,0,0,84
03/30/2021,ALB,NY,AEA,EN,Combined TRACON& Tower with Radar,44,20,13,32,109,0,0,28,21,49,44,20,41,53,158,0,0,0,158
03/31/2021,ALB,NY,AEA,EN,Combined TRACON& Tower with Radar,44,25,23,2,94,0,0,3,4,7,44,25,26,6,101,0,0,0,101
04/01/2021,ALB,NY,AEA,EN,Combined TRACON& Tower with Radar,52,32,2,0,86,0,0,0,0,0,52,32,2,0,86,0,0,0,86
04/02/2021,ALB,NY,AEA,EN,Combined TRACON& Tower with Radar,48,30,20,2,100,0,0,25,8,33,48,30,45,10,133,13,0,13,146
04/03/2021,ALB,NY,AEA,EN,Combined TRACON& Tower with Radar,37,17,26,0,80,0,0,55,0,55,37,17,81,0,135,35,0,35,170
04/04/2021,ALB,NY,AEA,EN,Combined TRACON& Tower with Radar,47,18,14,0,79,0,3,19,0,22,47,21,33,0,101,0,0,0,101
04/05/2021,ALB,NY,AEA,EN,Combined TRACON& Tower with Radar,42,32,13,0,87,0,0,40,9,49,42,32,53,9,136,2,8,10,146
04/06/2021,ALB,NY,AEA,EN,Combined TRACON& Tower with Radar,46,28,15,7,96,0,3,41,4,48,46,31,56,11,144,2,6,8,152
04/07/2021,ALB,NY,AEA,EN,Combined TRACON& Tower with Radar,47,25,23,0,95,0,0,50,8,58,47,25,73,8,153,18,0,18,171
04/08/2021,ALB,NY,AEA,EN,Combined TRACON& Tower with Radar,56,29,20,10,115,0,2,49,13,64,56,31,69,23,179,57,0,57,236
04/09/2021,ALB,NY,AEA,EN,Combined TRACON& Tower with Radar,53,27,16,4,100,0,0,35,5,40,53,27,51,9,140,13,0,13,153
04/10/2021,ALB,NY,AEA,EN,Combined TRACON& Tower with Radar,48,17,29,0,94,0,0,52,2,54,48,17,81,2,148,44,0,44,192
04/11/2021,ALB,NY,AEA,EN,Combined TRACON& Tower with Radar,51,20,14,0,85,0,0,6,0,6,51,20,20,0,91,3,0,3,94
04/12/2021,ALB,NY,AEA,EN,Combined TRACON& Tower with Radar,44,29,19,4,96,0,0,12,5,17,44,29,31,9,113,2,0,2,115
04/13/2021,ALB,NY,AEA,EN,Combined TRACON& Tower with Radar,48,27,19,10,104,0,1,26,16,43,48,28,45,26,147,38,0,38,185
04/14/2021,ALB,NY,AEA,EN,Combined TRACON& Tower with Radar,44,27,16,14,101,0,0,33,4,37,44,27,49,18,138,12,0,12,150
04/15/2021,ALB,NY,AEA,EN,Combined TRACON& Tower with Radar,51,34,12,4,101,0,0,0,0,0,51,34,12,4,101,0,0,0,101
04/16/2021,ALB,NY,AEA,EN,Combined TRACON& Tower with Radar,55,31,9,12,107,0,0,0,1,1,55,31,9,13,108,12,14,26,134
04/17/2021,ALB,NY,AEA,EN,Combined TRACON& Tower with Radar,41,22,19,0,82,0,0,20,0,20,41,22,39,0,102,2,0,2,104
04/18/2021,ALB,NY,AEA,EN,Combined TRACON& Tower with Radar,45,20,14,2,81,0,0,41,0,41,45,20,55,2,122,8,0,8,130
04/19/2021,ALB,NY,AEA,EN,Combined TRACON& Tower with Radar,45,26,20,0,91,0,1,25,8,34,45,27,45,8,125,16,0,16,141
04/20/2021,ALB,NY,AEA,EN,Combined TRACON& Tower with Radar,44,26,16,4,90,0,0,27,13,40,44,26,43,17,130,0,0,0,130
04/21/2021,ALB,NY,AEA,EN,Combined TRACON& Tower with Radar,46,29,11,5,91,0,0,1,12,13,46,29,12,17,104,0,0,0,104
04/22/2021,ALB,NY,AEA,EN,Combined TRACON& Tower with Radar,53,31,11,6,101,0,0,2,10,12,53,31,13,16,113,0,0,0,113
04/23/2021,ALB,NY,AEA,EN,Combined TRACON& Tower with Radar,54,30,14,0,98,0,1,20,4,25,54,31,34,4,123,0,0,0,123
04/24/2021,ALB,NY,AEA,EN,Combined TRACON& Tower with Radar,41,17,18,0,76,0,0,50,4,54,41,17,68,4,130,0,0,0,130
04/25/2021,ALB,NY,AEA,EN,Combined TRACON& Tower with Radar,51,20,12,0,83,0,0,8,0,8,51,20,20,0,91,0,0,0,91
04/26/2021,ALB,NY,AEA,EN,Combined TRACON& Tower with Radar,44,29,16,15,104,0,4,27,17,48,44,33,43,32,152,0,0,0,152
04/27/2021,ALB,NY,AEA,EN,Combined TRACON& Tower with Radar,49,27,23,2,101,0,5,55,12,72,49,32,78,14,173,0,0,0,173
04/28/2021,ALB,NY,AEA,EN,Combined TRACON& Tower with Radar,46,25,25,12,108,0,0,16,15,31,46,25,41,27,139,0,0,0,139
04/29/2021,ALB,NY,AEA,EN,Combined TRACON& Tower with Radar,55,35,14,3,107,0,0,0,0,0,55,35,14,3,107,0,0,0,107
04/30/2021,ALB,NY,AEA,EN,Combined TRACON& Tower with Radar,54,37,10,2,103,0,0,3,2,5,54,37,13,4,108,0,0,0,108
05/01/2021,ALB,NY,AEA,EN,Combined TRACON& Tower with Radar,41,18,14,0,73,0,3,15,0,18,41,21,29,0,91,0,0,0,91
05/02/2021,ALB,NY,AEA,EN,Combined TRACON& Tower with Radar,46,27,19,0,92,0,1,16,0,17,46,28,35,0,109,10,0,10,119
05/03/2021,ALB,NY,AEA,EN,Combined TRACON& Tower with Radar,51,33,22,22,128,0,0,14,12,26,51,33,36,34,154,2,52,54,208
05/04/2021,ALB,NY,AEA,EN,Combined TRACON& Tower with Radar,53,32,24,8,117,0,0,0,1,1,53,32,24,9,118,10,6,16,134
05/05/2021,ALB,NY,AEA,EN,Combined TRACON& Tower with Radar,44,40,10,0,94,0,0,0,0,0,44,40,10,0,94,1,0,1,95
05/06/2021,ALB,NY,AEA,EN,Combined TRACON& Tower with Radar,59,26,18,4,107,0,0,43,25,68,59,26,61,29,175,0,0,0,175
05/07/2021,ALB,NY,AEA,EN,Combined TRACON& Tower with Radar,60,28,12,2,102,0,5,31,56,92,60,33,43,58,194,0,0,0,194
05/08/2021,ALB,NY,AEA,EN,Combined TRACON& Tower with Radar,45,17,25,0,87,0,0,23,0,23,45,17,48,0,110,0,0,0,110
05/09/2021,ALB,NY,AEA,EN,Combined TRACON& Tower with Radar,53,22,10,0,85,0,1,24,2,27,53,23,34,2,112,0,0,0,112
05/10/2021,ALB,NY,AEA,EN,Combined TRACON& Tower with Radar,50,24,15,5,94,0,0,17,5,22,50,24,32,10,116,0,0,0,116
05/11/2021,ALB,NY,AEA,EN,Combined TRACON& Tower with Radar,51,32,12,2,97,0,4,29,6,39,51,36,41,8,136,0,0,0,136
05/12/2021,ALB,NY,AEA,EN,Combined TRACON& Tower with Radar,46,27,14,4,91,0,2,21,6,29,46,29,35,10,120,0,0,0,120
05/13/2021,ALB,NY,AEA,EN,Combined TRACON& Tower with Radar,57,24,10,0,91,0,0,63,7,70,57,24,73,7,161,0,0,0,161
05/14/2021,ALB,NY,AEA,EN,Combined TRACON& Tower with Radar,60,25,13,1,99,0,0,49,11,60,60,25,62,12,159,0,0,0,159
05/15/2021,ALB,NY,AEA,EN,Combined TRACON& Tower with Radar,46,21,14,0,81,0,2,29,9,40,46,23,43,9,121,0,0,0,121
05/16/2021,ALB,NY,AEA,EN,Combined TRACON& Tower with Radar,52,15,22,0,89,0,2,29,14,45,52,17,51,14,134,0,0,0,134
05/17/2021,ALB,NY,AEA,EN,Combined TRACON& Tower with Radar,53,21,10,1,85,0,3,32,5,40,53,24,42,6,125,0,0,0,125
05/18/2021,ALB,NY,AEA,EN,Combined TRACON& Tower with Radar,49,28,16,0,93,0,1,18,4,23,49,29,34,4,116,0,0,0,116
05/19/2021,ALB,NY,AEA,EN,Combined TRACON& Tower with Radar,48,25,15,6,94,0,5,35,14,54,48,30,50,20,148,0,0,0,148
05/20/2021,ALB,NY,AEA,EN,Combined TRACON& Tower with Radar,54,32,27,5,118,0,2,43,16,61,54,34,70,21,179,0,0,0,179
05/21/2021,ALB,NY,AEA,EN,Combined TRACON& Tower with Radar,59,29,16,6,110,0,3,32,2,37,59,32,48,8,147,0,0,0,147
05/22/2021,ALB,NY,AEA,EN,Combined TRACON& Tower with Radar,47,26,24,0,97,0,0,28,0,28,47,26,52,0,125,0,0,0,125
05/23/2021,ALB,NY,AEA,EN,Combined TRACON& Tower with Radar,50,20,33,0,103,0,1,8,2,11,50,21,41,2,114,0,0,0,114
05/24/2021,ALB,NY,AEA,EN,Combined TRACON& Tower with Radar,54,24,14,6,98,0,1,38,7,46,54,25,52,13,144,0,0,0,144
05/25/2021,ALB,NY,AEA,EN,Combined TRACON& Tower with Radar,48,37,26,17,128,0,0,24,14,38,48,37,50,31,166,0,0,0,166
05/26/2021,ALB,NY,AEA,EN,Combined TRACON& Tower with Radar,50,24,6,3,83,0,3,22,12,37,50,27,28,15,120,0,0,0,120
05/27/2021,ALB,NY,AEA,EN,Combined TRACON& Tower with Radar,58,29,17,3,107,0,0,42,21,63,58,29,59,24,170,0,0,0,170
05/28/2021,ALB,NY,AEA,EN,Combined TRACON& Tower with Radar,56,25,8,0,89,0,0,15,0,15,56,25,23,0,104,0,0,0,104
05/29/2021,ALB,NY,AEA,EN,Combined TRACON& Tower with Radar,48,20,15,0,83,0,0,5,0,5,48,20,20,0,88,0,0,0,88
05/30/2021,ALB,NY,AEA,EN,Combined TRACON& Tower with Radar,43,16,8,0,67,0,0,3,0,3,43,16,11,0,70,0,0,0,70
05/31/2021,ALB,NY,AEA,EN,Combined TRACON& Tower with Radar,52,22,24,0,98,0,0,18,2,20,52,22,42,2,118,0,0,0,118
06/01/2021,ALB,NY,AEA,EN,Combined TRACON& Tower with Radar,43,29,11,0,83,0,0,60,6,66,43,29,71,6,149,37,0,37,186
06/02/2021,ALB,NY,AEA,EN,Combined TRACON& Tower with Radar,48,31,16,3,98,0,0,32,6,38,48,31,48,9,136,0,0,0,136
06/03/2021,ALB,NY,AEA,EN,Combined TRACON& Tower with Radar,52,25,29,3,109,0,0,5,7,12,52,25,34,10,121,1,0,1,122
06/04/2021,ALB,NY,AEA,EN,Combined TRACON& Tower with Radar,70,23,21,1,115,0,0,19,6,25,70,23,40,7,140,16,0,16,156
06/05/2021,ALB,NY,AEA,EN,Combined TRACON& Tower with Radar,45,27,19,2,93,0,2,32,11,45,45,29,51,13,138,15,0,15,153
06/06/2021,ALB,NY,AEA,EN,Combined TRACON& Tower with Radar,54,21,6,0,81,0,1,41,8,50,54,22,47,8,131,1,0,1,132
06/07/2021,ALB,NY,AEA,EN,Combined TRACON& Tower with Radar,61,21,13,3,98,0,0,31,5,36,61,21,44,8,134,10,0,10,144
06/08/2021,ALB,NY,AEA,EN,Combined TRACON& Tower with Radar,54,35,12,3,104,0,4,13,7,24,54,39,25,10,128,5,0,5,133
06/09/2021,ALB,NY,AEA,EN,Combined TRACON& Tower with Radar,56,31,22,28,137,0,2,12,14,28,56,33,34,42,165,6,10,16,181
06/10/2021,ALB,NY,AEA,EN,Combined TRACON& Tower with Radar,58,39,23,4,124,0,0,34,10,44,58,39,57,14,168,15,6,21,189
06/11/2021,ALB,NY,AEA,EN,Combined TRACON& Tower with Radar,66,27,17,2,112,0,3,27,0,30,66,30,44,2,142,12,0,12,154
06/12/2021,ALB,NY,AEA,EN,Combined TRACON& Tower with Radar,50,21,14,3,88,0,1,24,1,26,50,22,38,4,114,0,0,0,114
06/13/2021,ALB,NY,AEA,EN,Combined TRACON& Tower with Radar,55,16,20,0,91,0,0,35,0,35,55,16,55,0,126,5,0,5,131
06/14/2021,ALB,NY,AEA,EN,Combined TRACON& Tower with Radar,59,26,14,8,107,0,0,0,0,0,59,26,14,8,107,0,0,0,107
06/15/2021,ALB,NY,AEA,EN,Combined TRACON& Tower with Radar,57,29,18,0,104,0,0,19,4,23,57,29,37,4,127,1,0,1,128
06/16/2021,ALB,NY,AEA,EN,Combined TRACON& Tower with Radar,56,40,17,9,122,0,0,49,18,67,56,40,66,27,189,11,0,11,200
06/17/2021,ALB,NY,AEA,EN,Combined TRACON& Tower with Radar,66,34,27,4,131,0,2,52,15,69,66,36,79,19,200,23,0,23,223
06/18/2021,ALB,NY,AEA,EN,Combined TRACON& Tower with Radar,65,35,24,1,125,0,3,43,5,51,65,38,67,6,176,1,0,1,177
06/19/2021,ALB,NY,AEA,EN,Combined TRACON& Tower with Radar,51,22,16,0,89,0,2,23,0,25,51,24,39,0,114,8,0,8,122
06/20/2021,ALB,NY,AEA,EN,Combined TRACON& Tower with Radar,58,19,16,0,93,0,2,30,0,32,58,21,46,0,125,4,0,4,129
06/21/2021,ALB,NY,AEA,EN,Combined TRACON& Tower with Radar,57,34,21,0,112,0,2,6,0,8,57,36,27,0,120,17,0,17,137
06/22/2021,ALB,NY,AEA,EN,Combined TRACON& Tower with Radar,61,36,11,12,120,0,0,7,0,7,61,36,18,12,127,0,0,0,127
06/23/2021,ALB,NY,AEA,EN,Combined TRACON& Tower with Radar,57,29,25,0,111,0,2,43,17,62,57,31,68,17,173,19,0,19,192
06/24/2021,ALB,NY,AEA,EN,Combined TRACON& Tower with Radar,65,33,12,6,116,0,2,36,15,53,65,35,48,21,169,14,0,14,183
06/25/2021,ALB,NY,AEA,EN,Combined TRACON& Tower with Radar,64,31,20,12,127,0,0,18,19,37,64,31,38,31,164,20,12,32,196
06/26/2021,ALB,NY,AEA,EN,Combined TRACON& Tower with Radar,52,21,26,0,99,0,0,16,0,16,52,21,42,0,115,0,0,0,115
06/27/2021,ALB,NY,AEA,EN,Combined TRACON& Tower with Radar,59,23,24,0,106,0,0,29,0,29,59,23,53,0,135,11,0,11,146
06/28/2021,ALB,NY,AEA,EN,Combined TRACON& Tower with Radar,58,29,21,10,118,0,2,29,10,41,58,31,50,20,159,16,10,26,185
06/29/2021,ALB,NY,AEA,EN,Combined TRACON& Tower with Radar,61,28,28,1,118,0,0,16,3,19,61,28,44,4,137,20,0,20,157
06/30/2021,ALB,NY,AEA,EN,Combined TRACON& Tower with Radar,58,32,17,5,112,0,2,16,6,24,58,34,33,11,136,9,0,9,145
07/01/2021,ALB,NY,AEA,EN,Combined TRACON& Tower with Radar,65,42,25,4,136,0,1,11,1,13,65,43,36,5,149,39,0,39,188
07/02/2021,ALB,NY,AEA,EN,Combined TRACON& Tower with Radar,67,31,27,2,127,0,0,2,0,2,67,31,29,2,129,0,0,0,129
07/03/2021,ALB,NY,AEA,EN,Combined TRACON& Tower with Radar,60,26,19,0,105,0,0,7,0,7,60,26,26,0,112,14,0,14,126
07/04/2021,ALB,NY,AEA,EN,Combined TRACON& Tower with Radar,49,22,16,2,89,0,2,6,0,8,49,24,22,2,97,4,0,4,101
07/05/2021,ALB,NY,AEA,EN,Combined TRACON& Tower with Radar,62,20,19,0,101,0,2,34,0,36,62,22,53,0,137,2,0,2,139
07/06/2021,ALB,NY,AEA,EN,Combined TRACON& Tower with Radar,66,26,8,0,100,0,0,15,0,15,66,26,23,0,115,0,0,0,115
07/07/2021,ALB,NY,AEA,EN,Combined TRACON& Tower with Radar,64,33,26,2,125,0,2,27,4,33,64,35,53,6,158,8,0,8,166
07/08/2021,ALB,NY,AEA,EN,Combined TRACON& Tower with Radar,71,35,6,0,112,0,0,8,0,8,71,35,14,0,120,0,0,0,120
07/09/2021,ALB,NY,AEA,EN,Combined TRACON& Tower with Radar,68,33,28,6,135,0,0,15,2,17,68,33,43,8,152,3,0,3,155
07/10/2021,ALB,NY,AEA,EN,Combined TRACON& Tower with Radar,60,28,23,2,113,0,7,45,6,58,60,35,68,8,171,31,0,31,202
07/11/2021,ALB,NY,AEA,EN,Combined TRACON& Tower with Radar,68,23,22,4,117,0,0,33,7,40,68,23,55,11,157,12,0,12,169
07/12/2021,ALB,NY,AEA,EN,Combined TRACON& Tower with Radar,63,34,13,6,116,0,4,3,0,7,63,38,16,6,123,10,0,10,133
07/13/2021,ALB,NY,AEA,EN,Combined TRACON& Tower with Radar,64,36,20,11,131,0,2,11,17,30,64,38,31,28,161,0,0,0,161
07/14/2021,ALB,NY,AEA,EN,Combined TRACON& Tower with Radar,63,37,13,5,118,0,0,8,18,26,63,37,21,23,144,0,0,0,144
07/15/2021,ALB,NY,AEA,EN,Combined TRACON& Tower with Radar,65,38,24,14,141,0,4,50,13,67,65,42,74,27,208,0,0,0,208
07/16/2021,ALB,NY,AEA,EN,Combined TRACON& Tower with Radar,73,28,29,12,142,0,0,43,21,64,73,28,72,33,206,0,0,0,206
07/17/2021,ALB,NY,AEA,EN,Combined TRACON& Tower with Radar,53,30,19,3,105,0,0,12,0,12,53,30,31,3,117,0,0,0,117
07/18/2021,ALB,NY,AEA,EN,Combined TRACON& Tower with Radar,62,33,32,3,130,0,0,0,0,0,62,33,32,3,130,0,0,0,130
07/19/2021,ALB,NY,AEA,EN,Combined TRACON& Tower with Radar,68,29,25,9,131,0,0,17,18,35,68,29,42,27,166,30,0,30,196
07/20/2021,ALB,NY,AEA,EN,Combined TRACON& Tower with Radar,66,29,30,8,133,0,0,19,15,34,66,29,49,23,167,34,0,34,201
07/21/2021,ALB,NY,AEA,EN,Combined TRACON& Tower with Radar,64,45,28,5,142,0,2,12,8,22,64,47,40,13,164,5,0,5,169
07/22/2021,ALB,NY,AEA,EN,Combined TRACON& Tower with Radar,65,30,25,3,123,0,1,61,16,78,65,31,86,19,201,19,0,19,220
07/23/2021,ALB,NY,AEA,EN,Combined TRACON& Tower with Radar,66,34,19,1,120,0,0,40,7,47,66,34,59,8,167,6,0,6,173
07/24/2021,ALB,NY,AEA,EN,Combined TRACON& Tower with Radar,55,32,25,0,112,0,0,31,4,35,55,32,56,4,147,21,0,21,168
07/25/2021,ALB,NY,AEA,EN,Combined TRACON& Tower with Radar,59,23,12,2,96,0,0,6,0,6,59,23,18,2,102,0,0,0,102
07/26/2021,ALB,NY,AEA,EN,Combined TRACON& Tower with Radar,63,37,20,14,134,0,0,18,7,25,63,37,38,21,159,0,0,0,159
07/27/2021,ALB,NY,AEA,EN,Combined TRACON& Tower with Radar,68,35,15,8,126,0,0,19,8,27,68,35,34,16,153,1,18,19,172
07/28/2021,ALB,NY,AEA,EN,Combined TRACON& Tower with Radar,64,40,32,1,137,0,0,29,11,40,64,40,61,12,177,16,0,16,193
07/29/2021,ALB,NY,AEA,EN,Combined TRACON& Tower with Radar,69,40,30,9,148,0,0,12,5,17,69,40,42,14,165,24,0,24,189
07/30/2021,ALB,NY,AEA,EN,Combined TRACON& Tower with Radar,72,31,31,0,134,0,0,19,2,21,72,31,50,2,155,12,0,12,167
07/31/2021,ALB,NY,AEA,EN,Combined TRACON& Tower with Radar,56,39,31,6,132,0,4,39,0,43,56,43,70,6,175,8,0,8,183
08/01/2021,ALB,NY,AEA,EN,Combined TRACON& Tower with Radar,63,35,10,0,108,0,2,22,0,24,63,37,32,0,132,22,0,22,154
08/02/2021,ALB,NY,AEA,EN,Combined TRACON& Tower with Radar,60,34,21,0,115,0,2,41,2,45,60,36,62,2,160,17,0,17,177
08/03/2021,ALB,NY,AEA,EN,Combined TRACON& Tower with Radar,62,34,16,3,115,0,0,47,3,50,62,34,63,6,165,29,0,29,194
08/04/2021,ALB,NY,AEA,EN,Combined TRACON& Tower with Radar,61,42,23,1,127,0,3,49,2,54,61,45,72,3,181,21,0,21,202
08/05/2021,ALB,NY,AEA,EN,Combined TRACON& Tower with Radar,65,39,31,21,156,0,5,37,18,60,65,44,68,39,216,42,18,60,276
08/06/2021,ALB,NY,AEA,EN,Combined TRACON& Tower with Radar,68,36,22,16,142,0,6,58,4,68,68,42,80,20,210,7,12,19,229
08/07/2021,ALB,NY,AEA,EN,Combined TRACON& Tower with Radar,53,40,25,0,118,0,3,32,0,35,53,43,57,0,153,14,0,14,167
08/08/2021,ALB,NY,AEA,EN,Combined TRACON& Tower with Radar,61,38,38,0,137,0,1,23,3,27,61,39,61,3,164,3,0,3,167
08/09/2021,ALB,NY,AEA,EN,Combined TRACON& Tower with Radar,61,46,21,6,134,0,5,25,0,30,61,51,46,6,164,3,4,7,171
08/10/2021,ALB,NY,AEA,EN,Combined TRACON& Tower with Radar,63,39,13,5,120,0,0,21,11,32,63,39,34,16,152,19,2,21,173
08/11/2021,ALB,NY,AEA,EN,Combined TRACON& Tower with Radar,60,41,23,3,127,0,0,20,13,33,60,41,43,16,160,27,2,29,189
08/12/2021,ALB,NY,AEA,EN,Combined TRACON& Tower with Radar,73,45,21,18,157,0,0,42,4,46,73,45,63,22,203,9,6,15,218
08/13/2021,ALB,NY,AEA,EN,Combined TRACON& Tower with Radar,64,30,29,4,127,0,1,34,4,39,64,31,63,8,166,5,5,10,176
08/14/2021,ALB,NY,AEA,EN,Combined TRACON& Tower with Radar,49,28,32,2,111,0,2,31,0,33,49,30,63,2,144,0,0,0,144
08/15/2021,ALB,NY,AEA,EN,Combined TRACON& Tower with Radar,64,34,27,0,125,0,0,53,0,53,64,34,80,0,178,30,0,30,208
08/16/2021,ALB,NY,AEA,EN,Combined TRACON& Tower with Radar,62,37,18,9,126,0,2,57,1,60,62,39,75,10,186,12,0,12,198
08/17/2021,ALB,NY,AEA,EN,Combined TRACON& Tower with Radar,67,39,23,8,137,0,0,11,1,12,67,39,34,9,149,13,0,13,162
08/18/2021,ALB,NY,AEA,EN,Combined TRACON& Tower with Radar,67,46,23,15,151,0,0,11,7,18,67,46,34,22,169,67,2,69,238
08/19/2021,ALB,NY,AEA,EN,Combined TRACON& Tower with Radar,66,35,19,3,123,0,0,0,0,0,66,35,19,3,123,4,0,4,127
08/20/2021,ALB,NY,AEA,EN,Combined TRACON& Tower with Radar,67,38,33,2,140,0,1,17,12,30,67,39,50,14,170,28,18,46,216
08/21/2021,ALB,NY,AEA,EN,Combined TRACON& Tower with Radar,58,25,21,0,104,0,2,19,0,21,58,27,40,0,125,2,0,2,127
08/22/2021,ALB,NY,AEA,EN,Combined TRACON& Tower with Radar,63,37,11,0,111,0,0,5,0,5,63,37,16,0,116,0,0,0,116
08/23/2021,ALB,NY,AEA,EN,Combined TRACON& Tower with Radar,67,33,27,0,127,0,3,5,4,12,67,36,32,4,139,29,0,29,168
08/24/2021,ALB,NY,AEA,EN,Combined TRACON& Tower with Radar,63,25,16,0,104,0,0,58,4,62,63,25,74,4,166,14,0,14,180
08/25/2021,ALB,NY,AEA,EN,Combined TRACON& Tower with Radar,64,42,19,14,139,0,0,59,14,73,64,42,78,28,212,19,0,19,231
08/26/2021,ALB,NY,AEA,EN,Combined TRACON& Tower with Radar,65,37,22,5,129,0,1,53,14,68,65,38,75,19,197,29,6,35,232
08/27/2021,ALB,NY,AEA,EN,Combined TRACON& Tower with Radar,71,30,32,2,135,0,4,41,2,47,71,34,73,4,182,10,0,10,192
08/28/2021,ALB,NY,AEA,EN,Combined TRACON& Tower with Radar,64,26,31,0,121,0,0,29,2,31,64,26,60,2,152,0,0,0,152
08/29/2021,ALB,NY,AEA,EN,Combined TRACON& Tower with Radar,65,31,20,2,118,0,0,4,0,4,65,31,24,2,122,0,0,0,122
08/30/2021,ALB,NY,AEA,EN,Combined TRACON& Tower with Radar,65,28,33,0,126,0,0,13,0,13,65,28,46,0,139,2,0,2,141
08/31/2021,ALB,NY,AEA,EN,Combined TRACON& Tower with Radar,65,34,23,20,142,0,2,44,11,57,65,36,67,31,199,0,0,0,199
09/01/2021,ALB,NY,AEA,EN,Combined TRACON& Tower with Radar,68,26,18,4,116,0,0,8,0,8,68,26,26,4,124,0,0,0,124
09/02/2021,ALB,NY,AEA,EN,Combined TRACON& Tower with Radar,69,39,23,0,131,0,0,25,13,38,69,39,48,13,169,2,0,2,171
09/03/2021,ALB,NY,AEA,EN,Combined TRACON& Tower with Radar,74,34,20,2,130,0,3,37,0,40,74,37,57,2,170,19,0,19,189
09/04/2021,ALB,NY,AEA,EN,Combined TRACON& Tower with Radar,53,23,2,0,78,0,2,49,0,51,53,25,51,0,129,6,0,6,135
09/05/2021,ALB,NY,AEA,EN,Combined TRACON& Tower with Radar,54,25,18,0,97,0,0,16,0,16,54,25,34,0,113,0,0,0,113
09/06/2021,ALB,NY,AEA,EN,Combined TRACON& Tower with Radar,64,28,24,0,116,0,0,22,0,22,64,28,46,0,138,0,0,0,138
09/07/2021,ALB,NY,AEA,EN,Combined TRACON& Tower with Radar,55,26,25,2,108,0,4,32,6,42,55,30,57,8,150,5,0,5,155
09/08/2021,ALB,NY,AEA,EN,Combined TRACON& Tower with Radar,59,36,10,6,111,0,2,23,6,31,59,38,33,12,142,18,24,42,184
09/09/2021,ALB,NY,AEA,EN,Combined TRACON& Tower with Radar,69,31,21,29,150,0,1,18,21,40,69,32,39,50,190,0,0,0,190
09/10/2021,ALB,NY,AEA,EN,Combined TRACON& Tower with Radar,68,32,20,10,130,0,1,22,16,39,68,33,42,26,169,14,14,28,197
09/11/2021,ALB,NY,AEA,EN,Combined TRACON& Tower with Radar,57,15,18,2,92,0,2,48,16,66,57,17,66,18,158,1,0,1,159
09/12/2021,ALB,NY,AEA,EN,Combined TRACON& Tower with Radar,62,23,26,7,118,0,2,22,11,35,62,25,48,18,153,11,4,15,168
09/13/2021,ALB,NY,AEA,EN,Combined TRACON& Tower with Radar,65,25,19,4,113,0,0,30,7,37,65,25,49,11,150,2,0,2,152
09/14/2021,ALB,NY,AEA,EN,Combined TRACON& Tower with Radar,58,31,27,8,124,0,2,49,4,55,58,33,76,12,179,15,0,15,194
09/15/2021,ALB,NY,AEA,EN,Combined TRACON& Tower with Radar,59,34,12,7,112,0,0,7,5,12,59,34,19,12,124,0,0,0,124
09/16/2021,ALB,NY,AEA,EN,Combined TRACON& Tower with Radar,72,32,19,9,132,0,0,26,19,45,72,32,45,28,177,0,0,0,177
09/17/2021,ALB,NY,AEA,EN,Combined TRACON& Tower with Radar,68,33,29,4,134,0,2,11,10,23,68,35,40,14,157,0,0,0,157
09/18/2021,ALB,NY,AEA,EN,Combined TRACON& Tower with Radar,56,25,34,2,117,0,0,24,0,24,56,25,58,2,141,4,0,4,145
09/19/2021,ALB,NY,AEA,EN,Combined TRACON& Tower with Radar,62,18,28,0,108,0,2,60,1,63,62,20,88,1,171,8,0,8,179
09/20/2021,ALB,NY,AEA,EN,Combined TRACON& Tower with Radar,69,28,26,11,134,0,1,19,8,28,69,29,45,19,162,0,16,16,178
09/21/2021,ALB,NY,AEA,EN,Combined TRACON& Tower with Radar,59,35,31,9,134,0,1,39,16,56,59,36,70,25,190,21,0,21,211
09/22/2021,ALB,NY,AEA,EN,Combined TRACON& Tower with Radar,58,35,37,24,154,0,2,3,8,13,58,37,40,32,167,16,21,37,204
09/23/2021,ALB,NY,AEA,EN,Combined TRACON& Tower with Radar,69,30,26,2,127,0,1,8,6,15,69,31,34,8,142,2,0,2,144
09/24/2021,ALB,NY,AEA,EN,Combined TRACON& Tower with Radar,74,28,28,2,132,0,0,32,0,32,74,28,60,2,164,10,0,10,174
09/25/2021,ALB,NY,AEA,EN,Combined TRACON& Tower with Radar,57,30,22,1,110,0,0,38,1,39,57,30,60,2,149,16,0,16,165
09/26/2021,ALB,NY,AEA,EN,Combined TRACON& Tower with Radar,60,28,14,0,102,0,4,38,0,42,60,32,52,0,144,20,0,20,164
09/27/2021,ALB,NY,AEA,EN,Combined TRACON& Tower with Radar,70,32,18,2,122,0,0,29,4,33,70,32,47,6,155,3,0,3,158
09/28/2021,ALB,NY,AEA,EN,Combined TRACON& Tower with Radar,58,31,16,5,110,0,4,20,9,33,58,35,36,14,143,8,0,8,151
09/29/2021,ALB,NY,AEA,EN,Combined TRACON& Tower with Radar,58,37,18,4,117,0,2,63,19,84,58,39,81,23,201,14,0,14,215
09/30/2021,ALB,NY,AEA,EN,Combined TRACON& Tower with Radar,71,37,26,4,138,0,0,18,7,25,71,37,44,11,163,14,0,14,177
10/01/2021,ALB,NY,AEA,EN,Combined TRACON& Tower with Radar,73,37,20,0,130,0,4,40,0,44,73,41,60,0,174,16,0,16,190
10/02/2021,ALB,NY,AEA,EN,Combined TRACON& Tower with Radar,57,26,18,0,101,0,2,26,0,28,57,28,44,0,129,22,0,22,151
10/03/2021,ALB,NY,AEA,EN,Combined TRACON& Tower with Radar,61,27,20,0,108,0,0,24,0,24,61,27,44,0,132,58,0,58,190
10/04/2021,ALB,NY,AEA,EN,Combined TRACON& Tower with Radar,70,31,22,0,123,0,0,1,0,1,70,31,23,0,124,0,0,0,124
10/05/2021,ALB,NY,AEA,EN,Combined TRACON& Tower with Radar,59,33,34,1,127,0,0,2,1,3,59,33,36,2,130,0,0,0,130
10/06/2021,ALB,NY,AEA,EN,Combined TRACON& Tower with Radar,55,33,20,7,115,0,3,10,5,18,55,36,30,12,133,1,0,1,134
10/07/2021,ALB,NY,AEA,EN,Combined TRACON& Tower with Radar,70,33,17,8,128,0,0,19,2,21,70,33,36,10,149,5,0,5,154
10/08/2021,ALB,NY,AEA,EN,Combined TRACON& Tower with Radar,69,37,17,0,123,0,3,32,0,35,69,40,49,0,158,13,0,13,171
10/09/2021,ALB,NY,AEA,EN,Combined TRACON& Tower with Radar,51,30,31,0,112,0,1,19,2,22,51,31,50,2,134,2,0,2,136
10/10/2021,ALB,NY,AEA,EN,Combined TRACON& Tower with Radar,60,27,24,0,111,0,0,12,0,12,60,27,36,0,123,43,0,43,166
10/11/2021,ALB,NY,AEA,EN,Combined TRACON& Tower with Radar,59,41,19,0,119,0,0,33,2,35,59,41,52,2,154,53,0,53,207
10/12/2021,ALB,NY,AEA,EN,Combined TRACON& Tower with Radar,61,37,21,0,119,0,0,18,2,20,61,37,39,2,139,14,1,15,154
10/13/2021,ALB,NY,AEA,EN,Combined TRACON& Tower with Radar,61,34,24,4,123,0,0,16,0,16,61,34,40,4,139,4,0,4,143
10/14/2021,ALB,NY,AEA,EN,Combined TRACON& Tower with Radar,69,44,28,18,159,0,0,30,22,52,69,44,58,40,211,8,1,9,220
10/15/2021,ALB,NY,AEA,EN,Combined TRACON& Tower with Radar,67,34,20,4,125,0,0,11,0,11,67,34,31,4,136,8,0,8,144
10/16/2021,ALB,NY,AEA,EN,Combined TRACON& Tower with Radar,53,36,10,0,99,0,0,1,0,1,53,36,11,0,100,2,0,2,102
10/17/2021,ALB,NY,AEA,EN,Combined TRACON& Tower with Radar,62,42,32,4,140,0,0,13,0,13,62,42,45,4,153,32,0,32,185
10/18/2021,ALB,NY,AEA,EN,Combined TRACON& Tower with Radar,64,30,20,3,117,0,0,20,4,24,64,30,40,7,141,0,0,0,141
10/19/2021,ALB,NY,AEA,EN,Combined TRACON& Tower with Radar,61,40,33,3,137,1,1,28,7,37,62,41,61,10,174,6,0,6,180
10/20/2021,ALB,NY,AEA,EN,Combined TRACON& Tower with Radar,60,39,20,2,121,0,3,31,21,55,60,42,51,23,176,20,0,20,196
10/21/2021,ALB,NY,AEA,EN,Combined TRACON& Tower with Radar,67,37,25,10,139,0,0,61,4,65,67,37,86,14,204,12,0,12,216
10/22/2021,ALB,NY,AEA,EN,Combined TRACON& Tower with Radar,67,40,24,2,133,0,2,35,14,51,67,42,59,16,184,19,0,19,203
10/23/2021,ALB,NY,AEA,EN,Combined TRACON& Tower with Radar,54,35,30,1,120,0,0,31,11,42,54,35,61,12,162,18,0,18,180
10/24/2021,ALB,NY,AEA,EN,Combined TRACON& Tower with Radar,61,32,28,5,126,0,3,43,2,48,61,35,71,7,174,14,0,14,188
10/25/2021,ALB,NY,AEA,EN,Combined TRACON& Tower with Radar,73,31,23,20,147,0,0,0,0,0,73,31,23,20,147,3,6,9,156
10/26/2021,ALB,NY,AEA,EN,Combined TRACON& Tower with Radar,70,41,8,0,119,0,0,1,0,1,70,41,9,0,120,0,0,0,120
10/27/2021,ALB,NY,AEA,EN,Combined TRACON& Tower with Radar,62,40,16,9,127,0,0,14,18,32,62,40,30,27,159,6,8,14,173
10/28/2021,ALB,NY,AEA,EN,Combined TRACON& Tower with Radar,67,37,38,6,148,0,2,34,14,50,67,39,72,20,198,0,2,2,200
10/29/2021,ALB,NY,AEA,EN,Combined TRACON& Tower with Radar,64,43,27,0,134,0,0,10,1,11,64,43,37,1,145,0,0,0,145
10/30/2021,ALB,NY,AEA,EN,Combined TRACON& Tower with Radar,50,32,17,0,99,0,0,1,0,1,50,32,18,0,100,4,0,4,104
10/31/2021,ALB,NY,AEA,EN,Combined TRACON& Tower with Radar,54,18,16,0,88,0,0,3,0,3,54,18,19,0,91,0,0,0,91
11/01/2021,ALB,NY,AEA,EN,Combined TRACON& Tower with Radar,66,28,27,6,127,0,0,18,2,20,66,28,45,8,147,6,0,6,153
11/02/2021,ALB,NY,AEA,EN,Combined TRACON& Tower with Radar,57,28,12,3,100,0,0,21,5,26,57,28,33,8,126,16,0,16,142
11/03/2021,ALB,NY,AEA,EN,Combined TRACON& Tower with Radar,64,30,27,2,123,0,1,26,10,37,64,31,53,12,160,4,0,4,164
11/04/2021,ALB,NY,AEA,EN,Combined TRACON& Tower with Radar,70,30,16,6,122,0,0,28,20,48,70,30,44,26,170,5,17,22,192
11/05/2021,ALB,NY,AEA,EN,Combined TRACON& Tower with Radar,76,33,19,1,129,0,5,30,2,37,76,38,49,3,166,0,0,0,166
11/06/2021,ALB,NY,AEA,EN,Combined TRACON& Tower with Radar,55,25,18,3,101,0,2,46,7,55,55,27,64,10,156,18,0,18,174
11/07/2021,ALB,NY,AEA,EN,Combined TRACON& Tower with Radar,64,21,20,0,105,0,0,45,3,48,64,21,65,3,153,23,0,23,176
11/08/2021,ALB,NY,AEA,EN,Combined TRACON& Tower with Radar,68,27,24,3,122,0,2,24,6,32,68,29,48,9,154,6,0,6,160
11/09/2021,ALB,NY,AEA,EN,Combined TRACON& Tower with Radar,59,40,26,7,132,0,5,25,6,36,59,45,51,13,168,3,0,3,171
11/10/2021,ALB,NY,AEA,EN,Combined TRACON& Tower with Radar,58,32,36,0,126,0,1,36,13,50,58,33,72,13,176,8,0,8,184
11/11/2021,ALB,NY,AEA,EN,Combined TRACON& Tower with Radar,70,37,26,0,133,0,0,21,0,21,70,37,47,0,154,17,0,17,171
11/12/2021,ALB,NY,AEA,EN,Combined TRACON& Tower with Radar,75,27,21,0,123,0,0,4,0,4,75,27,25,0,127,0,0,0,127
11/13/2021,ALB,NY,AEA,EN,Combined TRACON& Tower with Radar,56,24,7,0,87,0,0,5,0,5,56,24,12,0,92,28,0,28,120
11/14/2021,ALB,NY,AEA,EN,Combined TRACON& Tower with Radar,62,22,25,0,109,0,0,38,0,38,62,22,63,0,147,53,0,53,200
11/15/2021,ALB,NY,AEA,EN,Combined TRACON& Tower with Radar,68,35,10,2,115,0,0,13,2,15,68,35,23,4,130,0,0,0,130
11/16/2021,ALB,NY,AEA,EN,Combined TRACON& Tower with Radar,61,31,10,5,107,0,0,18,0,18,61,31,28,5,125,15,0,15,140
11/17/2021,ALB,NY,AEA,EN,Combined TRACON& Tower with Radar,59,39,12,5,115,0,0,31,2,33,59,39,43,7,148,6,0,6,154
11/18/2021,ALB,NY,AEA,EN,Combined TRACON& Tower with Radar,70,35,13,14,132,0,0,4,4,8,70,35,17,18,140,5,8,13,153
11/19/2021,ALB,NY,AEA,EN,Combined TRACON& Tower with Radar,71,35,24,5,135,0,0,23,7,30,71,35,47,12,165,2,0,2,167
11/20/2021,ALB,NY,AEA,EN,Combined TRACON& Tower with Radar,57,16,17,2,92,0,0,38,0,38,57,16,55,2,130,20,0,20,150
11/21/2021,ALB,NY,AEA,EN,Combined TRACON& Tower with Radar,65,22,19,2,108,0,0,29,0,29,65,22,48,2,137,34,0,34,171
11/22/2021,ALB,NY,AEA,EN,Combined TRACON& Tower with Radar,62,39,21,11,133,0,1,19,15,35,62,40,40,26,168,6,22,28,196
11/23/2021,ALB,NY,AEA,EN,Combined TRACON& Tower with Radar,67,41,40,27,175,0,1,34,22,57,67,42,74,49,232,10,19,29,261
11/24/2021,ALB,NY,AEA,EN,Combined TRACON& Tower with Radar,78,35,28,0,141,0,6,29,0,35,78,41,57,0,176,2,0,2,178
11/25/2021,ALB,NY,AEA,EN,Combined TRACON& Tower with Radar,37,22,13,0,72,0,5,14,0,19,37,27,27,0,91,4,0,4,95
11/26/2021,ALB,NY,AEA,EN,Combined TRACON& Tower with Radar,58,30,3,0,91,0,0,0,0,0,58,30,3,0,91,0,0,0,91
11/27/2021,ALB,NY,AEA,EN,Combined TRACON& Tower with Radar,68,36,13,0,117,0,1,9,0,10,68,37,22,0,127,2,0,2,129
11/28/2021,ALB,NY,AEA,EN,Combined TRACON& Tower with Radar,66,40,23,0,129,0,0,8,0,8,66,40,31,0,137,4,0,4,141
11/29/2021,ALB,NY,AEA,EN,Combined TRACON& Tower with Radar,69,44,13,10,136,0,0,9,5,14,69,44,22,15,150,8,16,24,174
11/30/2021,ALB,NY,AEA,EN,Combined TRACON& Tower with Radar,67,41,6,15,129,0,2,8,6,16,67,43,14,21,145,8,8,16,161
12/01/2021,ALB,NY,AEA,EN,Combined TRACON& Tower with Radar,68,31,13,3,115,0,0,30,11,41,68,31,43,14,156,0,0,0,156
12/02/2021,ALB,NY,AEA,EN,Combined TRACON& Tower with Radar,74,36,12,0,122,0,1,1,13,15,74,37,13,13,137,0,0,0,137
12/03/2021,ALB,NY,AEA,EN,Combined TRACON& Tower with Radar,76,38,17,1,132,0,3,18,7,28,76,41,35,8,160,0,0,0,160
12/04/2021,ALB,NY,AEA,EN,Combined TRACON& Tower with Radar,55,21,7,0,83,0,0,29,0,29,55,21,36,0,112,13,0,13,125
12/05/2021,ALB,NY,AEA,EN,Combined TRACON& Tower with Radar,61,21,31,2,115,0,1,33,0,34,61,22,64,2,149,8,0,8,157
12/06/2021,ALB,NY,AEA,EN,Combined TRACON& Tower with Radar,66,27,7,0,100,0,0,0,0,0,66,27,7,0,100,0,0,0,100
12/07/2021,ALB,NY,AEA,EN,Combined TRACON& Tower with Radar,64,35,6,8,113,0,5,11,0,16,64,40,17,8,129,44,5,49,178
12/08/2021,ALB,NY,AEA,EN,Combined TRACON& Tower with Radar,63,29,5,1,98,0,0,1,5,6,63,29,6,6,104,0,0,0,104
12/09/2021,ALB,NY,AEA,EN,Combined TRACON& Tower with Radar,73,36,18,12,139,0,4,30,21,55,73,40,48,33,194,3,9,12,206
12/10/2021,ALB,NY,AEA,EN,Combined TRACON& Tower with Radar,75,30,18,1,124,0,0,24,6,30,75,30,42,7,154,16,0,16,170
12/11/2021,ALB,NY,AEA,EN,Combined TRACON& Tower with Radar,58,25,8,0,91,0,0,0,0,0,58,25,8,0,91,0,0,0,91
12/12/2021,ALB,NY,AEA,EN,Combined TRACON& Tower with Radar,68,17,15,3,103,0,0,24,18,42,68,17,39,21,145,17,0,17,162
12/13/2021,ALB,NY,AEA,EN,Combined TRACON& Tower with Radar,66,23,11,5,105,0,0,20,4,24,66,23,31,9,129,0,0,0,129
12/14/2021,ALB,NY,AEA,EN,Combined TRACON& Tower with Radar,63,27,13,8,111,0,2,32,12,46,63,29,45,20,157,0,0,0,157
12/15/2021,ALB,NY,AEA,EN,Combined TRACON& Tower with Radar,65,35,10,18,128,0,1,16,12,29,65,36,26,30,157,0,0,0,157
12/16/2021,ALB,NY,AEA,EN,Combined TRACON& Tower with Radar,75,30,20,5,130,0,0,26,14,40,75,30,46,19,170,0,0,0,170
12/17/2021,ALB,NY,AEA,EN,Combined TRACON& Tower with Radar,74,34,17,13,138,0,3,35,8,46,74,37,52,21,184,0,0,0,184
12/18/2021,ALB,NY,AEA,EN,Combined TRACON& Tower with Radar,55,22,13,0,90,0,0,1,0,1,55,22,14,0,91,0,0,0,91
12/19/2021,ALB,NY,AEA,EN,Combined TRACON& Tower with Radar,67,25,10,0,102,0,0,13,0,13,67,25,23,0,115,0,0,0,115
12/20/2021,ALB,NY,AEA,EN,Combined TRACON& Tower with Radar,60,28,17,0,105,0,2,27,4,33,60,30,44,4,138,0,0,0,138
12/21/2021,ALB,NY,AEA,EN,Combined TRACON& Tower with Radar,70,31,6,7,114,0,2,16,18,36,70,33,22,25,150,0,0,0,150
12/22/2021,ALB,NY,AEA,EN,Combined TRACON& Tower with Radar,71,47,7,1,126,0,0,9,2,11,71,47,16,3,137,0,0,0,137
12/23/2021,ALB,NY,AEA,EN,Combined TRACON& Tower with Radar,70,41,14,0,125,0,1,21,5,27,70,42,35,5,152,0,0,0,152
12/24/2021,ALB,NY,AEA,EN,Combined TRACON& Tower with Radar,53,20,0,0,73,0,0,4,0,4,53,20,4,0,77,0,0,0,77
12/25/2021,ALB,NY,AEA,EN,Combined TRACON& Tower with Radar,47,22,2,0,71,0,0,0,0,0,47,22,2,0,71,0,0,0,71
12/26/2021,ALB,NY,AEA,EN,Combined TRACON& Tower with Radar,58,23,13,0,94,0,0,6,0,6,58,23,19,0,100,0,0,0,100
12/27/2021,ALB,NY,AEA,EN,Combined TRACON& Tower with Radar,59,34,13,0,106,0,1,16,0,17,59,35,29,0,123,14,0,14,137
12/28/2021,ALB,NY,AEA,EN,Combined TRACON& Tower with Radar,72,27,10,6,115,0,0,20,0,20,72,27,30,6,135,1,0,1,136
12/29/2021,ALB,NY,AEA,EN,Combined TRACON& Tower with Radar,63,35,17,0,115,0,0,0,0,0,63,35,17,0,115,0,0,0,115
12/30/2021,ALB,NY,AEA,EN,Combined TRACON& Tower with Radar,68,39,14,10,131,0,0,0,0,0,68,39,14,10,131,0,0,0,131
12/31/2021,ALB,NY,AEA,EN,Combined TRACON& Tower with Radar,55,30,6,0,91,0,0,0,0,0,55,30,6,0,91,0,0,0,91
01/01/2022,ALB,NY,AEA,EN,Combined TRACON& Tower with Radar,43,16,10,0,69,0,0,0,0,0,43,16,10,0,69,0,0,0,69
01/02/2022,ALB,NY,AEA,EN,Combined TRACON& Tower with Radar,55,19,10,0,84,0,0,0,0,0,55,19,10,0,84,0,0,0,84
01/03/2022,ALB,NY,AEA,EN,Combined TRACON& Tower with Radar,45,30,16,0,91,0,0,13,0,13,45,30,29,0,104,19,0,19,123
01/04/2022,ALB,NY,AEA,EN,Combined TRACON& Tower with Radar,47,25,18,1,91,0,1,35,6,42,47,26,53,7,133,5,4,9,142
01/05/2022,ALB,NY,AEA,EN,Combined TRACON& Tower with Radar,51,29,6,13,99,0,2,13,13,28,51,31,19,26,127,2,4,6,133
01/06/2022,ALB,NY,AEA,EN,Combined TRACON& Tower with Radar,58,32,19,3,112,0,0,14,8,22,58,32,33,11,134,10,0,10,144
01/07/2022,ALB,NY,AEA,EN,Combined TRACON& Tower with Radar,62,31,4,0,97,0,0,7,0,7,62,31,11,0,104,0,0,0,104
01/08/2022,ALB,NY,AEA,EN,Combined TRACON& Tower with Radar,47,21,29,0,97,0,3,51,1,55,47,24,80,1,152,6,0,6,158
01/09/2022,ALB,NY,AEA,EN,Combined TRACON& Tower with Radar,42,17,8,0,67,0,0,0,0,0,42,17,8,0,67,0,0,0,67
01/10/2022,ALB,NY,AEA,EN,Combined TRACON& Tower with Radar,62,21,7,2,92,0,0,12,6,18,62,21,19,8,110,0,0,0,110
01/11/2022,ALB,NY,AEA,EN,Combined TRACON& Tower with Radar,56,22,11,4,93,0,0,23,4,27,56,22,34,8,120,26,0,26,146
01/12/2022,ALB,NY,AEA,EN,Combined TRACON& Tower with Radar,58,26,16,3,103,0,0,18,7,25,58,26,34,10,128,0,0,0,128
01/13/2022,ALB,NY,AEA,EN,Combined TRACON& Tower with Radar,62,29,17,2,110,0,3,16,10,29,62,32,33,12,139,17,0,17,156
01/14/2022,ALB,NY,AEA,EN,Combined TRACON& Tower with Radar,66,35,12,0,113,0,0,13,0,13,66,35,25,0,126,12,0,12,138
01/15/2022,ALB,NY,AEA,EN,Combined TRACON& Tower with Radar,44,22,6,0,72,0,1,29,0,30,44,23,35,0,102,0,0,0,102
01/16/2022,ALB,NY,AEA,EN,Combined TRACON& Tower with Radar,37,23,19,0,79,0,2,25,2,29,37,25,44,2,108,0,0,0,108
01/17/2022,ALB,NY,AEA,EN,Combined TRACON& Tower with Radar,52,19,7,0,78,0,0,0,0,0,52,19,7,0,78,0,0,0,78
01/18/2022,ALB,NY,AEA,EN,Combined TRACON& Tower with Radar,56,25,17,13,111,0,2,6,7,15,56,27,23,20,126,0,0,0,126
01/19/2022,ALB,NY,AEA,EN,Combined TRACON& Tower with Radar,52,24,4,3,83,0,0,7,13,20,52,24,11,16,103,0,0,0,103
01/20/2022,ALB,NY,AEA,EN,Combined TRACON& Tower with Radar,67,29,16,2,114,0,0,22,22,44,67,29,38,24,158,13,14,27,185
01/21/2022,ALB,NY,AEA,EN,Combined TRACON& Tower with Radar,67,25,11,2,105,0,1,8,2,11,67,26,19,4,116,12,1,13,129
01/22/2022,ALB,NY,AEA,EN,Combined TRACON& Tower with Radar,51,22,16,0,89,0,1,37,5,43,51,23,53,5,132,14,0,14,146
01/23/2022,ALB,NY,AEA,EN,Combined TRACON& Tower with Radar,53,26,3,3,85,0,0,20,5,25,53,26,23,8,110,10,0,10,120
01/24/2022,ALB,NY,AEA,EN,Combined TRACON& Tower with Radar,65,23,18,3,109,0,0,17,7,24,65,23,35,10,133,31,6,37,170
01/25/2022,ALB,NY,AEA,EN,Combined TRACON& Tower with Radar,54,24,10,4,92,0,0,9,12,21,54,24,19,16,113,7,0,7,120
01/26/2022,ALB,NY,AEA,EN,Combined TRACON& Tower with Radar,56,23,8,18,105,0,6,28,15,49,56,29,36,33,154,0,0,0,154
01/27/2022,ALB,NY,AEA,EN,Combined TRACON& Tower with Radar,58,37,20,23,138,0,2,31,11,44,58,39,51,34,182,0,0,0,182
01/28/2022,ALB,NY,AEA,EN,Combined TRACON& Tower with Radar,63,33,20,1,117,0,0,4,0,4,63,33,24,1,121,0,0,0,121
01/29/2022,ALB,NY,AEA,EN,Combined TRACON& Tower with Radar,48,28,2,0,78,0,0,0,0,0,48,28,2,0,78,0,0,0,78
01/30/2022,ALB,NY,AEA,EN,Combined TRACON& Tower with Radar,55,34,13,0,102,0,0,7,1,8,55,34,20,1,110,13,0,13,123
01/31/2022,ALB,NY,AEA,EN,Combined TRACON& Tower with Radar,66,26,11,1,104,0,0,26,6,32,66,26,37,7,136,9,24,33,169
02/01/2022,ALB,NY,AEA,EN,Combined TRACON& Tower with Radar,56,30,9,4,99,0,2,23,4,29,56,32,32,8,128,0,0,0,128
02/02/2022,ALB,NY,AEA,EN,Combined TRACON& Tower with Radar,57,28,17,0,102,0,0,11,19,30,57,28,28,19,132,0,0,0,132
02/03/2022,ALB,NY,AEA,EN,Combined TRACON& Tower with Radar,52,21,7,0,80,0,0,0,0,0,52,21,7,0,80,0,0,0,80
02/04/2022,ALB,NY,AEA,EN,Combined TRACON& Tower with Radar,3,1,1,0,5,0,0,0,0,0,3,1,1,0,5,0,0,0,5
02/05/2022,ALB,NY,AEA,EN,Combined TRACON& Tower with Radar,46,20,18,0,84,0,0,9,0,9,46,20,27,0,93,0,0,0,93
02/06/2022,ALB,NY,AEA,EN,Combined TRACON& Tower with Radar,53,28,20,2,103,0,0,25,0,25,53,28,45,2,128,5,0,5,133
02/07/2022,ALB,NY,AEA,EN,Combined TRACON& Tower with Radar,61,40,7,8,116,0,0,4,2,6,61,40,11,10,122,0,12,12,134
02/08/2022,ALB,NY,AEA,EN,Combined TRACON& Tower with Radar,61,45,14,8,128,0,0,5,7,12,61,45,19,15,140,0,15,15,155
02/09/2022,ALB,NY,AEA,EN,Combined TRACON& Tower with Radar,58,35,17,3,113,0,1,36,13,50,58,36,53,16,163,8,0,8,171
02/10/2022,ALB,NY,AEA,EN,Combined TRACON& Tower with Radar,67,37,19,4,127,0,0,4,22,26,67,37,23,26,153,6,12,18,171
02/11/2022,ALB,NY,AEA,EN,Combined TRACON& Tower with Radar,72,27,23,3,125,0,3,21,3,27,72,30,44,6,152,17,0,17,169
02/12/2022,ALB,NY,AEA,EN,Combined TRACON& Tower with Radar,50,20,18,2,90,0,0,16,2,18,50,20,34,4,108,8,0,8,116
02/13/2022,ALB,NY,AEA,EN,Combined TRACON& Tower with Radar,50,20,7,12,89,0,0,23,1,24,50,20,30,13,113,32,8,40,153
02/14/2022,ALB,NY,AEA,EN,Combined TRACON& Tower with Radar,71,20,12,5,108,0,0,7,3,10,71,20,19,8,118,6,0,6,124
02/15/2022,ALB,NY,AEA,EN,Combined TRACON& Tower with Radar,63,25,12,10,110,0,0,25,12,37,63,25,37,22,147,12,11,23,170
02/16/2022,ALB,NY,AEA,EN,Combined TRACON& Tower with Radar,62,29,24,4,119,0,2,12,4,18,62,31,36,8,137,0,0,0,137
02/17/2022,ALB,NY,AEA,EN,Combined TRACON& Tower with Radar,63,26,7,14,110,0,0,3,16,19,63,26,10,30,129,0,20,20,149
02/18/2022,ALB,NY,AEA,EN,Combined TRACON& Tower with Radar,74,23,13,0,110,0,0,2,0,2,74,23,15,0,112,0,0,0,112
02/19/2022,ALB,NY,AEA,EN,Combined TRACON& Tower with Radar,55,17,9,0,81,0,0,0,0,0,55,17,9,0,81,0,0,0,81
02/20/2022,ALB,NY,AEA,EN,Combined TRACON& Tower with Radar,57,24,23,0,104,0,0,41,2,43,57,24,64,2,147,11,0,11,158
02/21/2022,ALB,NY,AEA,EN,Combined TRACON& Tower with Radar,70,28,19,2,119,0,3,43,1,47,70,31,62,3,166,6,0,6,172
02/22/2022,ALB,NY,AEA,EN,Combined TRACON& Tower with Radar,70,23,17,6,116,0,0,1,4,5,70,23,18,10,121,0,0,0,121
02/23/2022,ALB,NY,AEA,EN,Combined TRACON& Tower with Radar,74,27,25,1,127,0,0,8,15,23,74,27,33,16,150,0,0,0,150
02/24/2022,ALB,NY,AEA,EN,Combined TRACON& Tower with Radar,63,28,17,16,124,0,5,30,16,51,63,33,47,32,175,0,12,12,187
02/25/2022,ALB,NY,AEA,EN,Combined TRACON& Tower with Radar,39,7,2,0,48,0,0,0,0,0,39,7,2,0,48,0,0,0,48
02/26/2022,ALB,NY,AEA,EN,Combined TRACON& Tower with Radar,66,22,18,0,106,0,0,28,0,28,66,22,46,0,134,25,0,25,159
02/27/2022,ALB,NY,AEA,EN,Combined TRACON& Tower with Radar,61,27,7,0,95,0,0,6,2,8,61,27,13,2,103,0,0,0,103
02/28/2022,ALB,NY,AEA,EN,Combined TRACON& Tower with Radar,72,27,23,5,127,0,1,32,5,38,72,28,55,10,165,22,0,22,187
03/01/2022,ALB,NY,AEA,EN,Combined TRACON& Tower with Radar,64,34,12,9,119,0,2,5,10,17,64,36,17,19,136,27,4,31,167
03/02/2022,ALB,NY,AEA,EN,Combined TRACON& Tower with Radar,63,32,22,15,132,0,1,34,17,52,63,33,56,32,184,16,3,19,203
03/03/2022,ALB,NY,AEA,EN,Combined TRACON& Tower with Radar,65,33,18,8,124,0,1,8,17,26,65,34,26,25,150,27,12,39,189
03/04/2022,ALB,NY,AEA,EN,Combined TRACON& Tower with Radar,73,21,27,0,121,0,3,37,7,47,73,24,64,7,168,0,0,0,168
03/05/2022,ALB,NY,AEA,EN,Combined TRACON& Tower with Radar,53,19,11,0,83,0,2,32,3,37,53,21,43,3,120,9,0,9,129
03/06/2022,ALB,NY,AEA,EN,Combined TRACON& Tower with Radar,60,29,5,0,94,0,0,0,0,0,60,29,5,0,94,0,0,0,94
03/07/2022,ALB,NY,AEA,EN,Combined TRACON& Tower with Radar,76,35,19,2,132,0,0,2,2,4,76,35,21,4,136,0,0,0,136
03/08/2022,ALB,NY,AEA,EN,Combined TRACON& Tower with Radar,69,37,11,1,118,0,0,6,9,15,69,37,17,10,133,0,8,8,141
03/09/2022,ALB,NY,AEA,EN,Combined TRACON& Tower with Radar,64,31,11,0,106,0,0,6,2,8,64,31,17,2,114,0,0,0,114
03/10/2022,ALB,NY,AEA,EN,Combined TRACON& Tower with Radar,75,35,9,4,123,0,1,16,13,30,75,36,25,17,153,24,0,24,177
03/11/2022,ALB,NY,AEA,EN,Combined TRACON& Tower with Radar,83,34,17,5,139,0,2,38,3,43,83,36,55,8,182,29,0,29,211
03/12/2022,ALB,NY,AEA,EN,Combined TRACON& Tower with Radar,33,4,3,0,40,0,0,1,0,1,33,4,4,0,41,0,0,0,41
03/13/2022,ALB,NY,AEA,EN,Combined TRACON& Tower with Radar,61,20,27,0,108,0,3,11,2,16,61,23,38,2,124,6,0,6,130
03/14/2022,ALB,NY,AEA,EN,Combined TRACON& Tower with Radar,69,30,19,1,119,0,2,21,1,24,69,32,40,2,143,20,0,20,163
03/15/2022,ALB,NY,AEA,EN,Combined TRACON& Tower with Radar,67,27,12,2,108,0,0,25,6,31,67,27,37,8,139,4,0,4,143
03/16/2022,ALB,NY,AEA,EN,Combined TRACON& Tower with Radar,72,31,23,9,135,0,1,35,14,50,72,32,58,23,185,0,0,0,185
03/17/2022,ALB,NY,AEA,EN,Combined TRACON& Tower with Radar,88,29,25,2,144,0,0,8,10,18,88,29,33,12,162,0,0,0,162
03/18/2022,ALB,NY,AEA,EN,Combined TRACON& Tower with Radar,74,25,33,2,134,0,1,36,3,40,74,26,69,5,174,12,0,12,186
03/19/2022,ALB,NY,AEA,EN,Combined TRACON& Tower with Radar,54,24,14,0,92,0,0,3,0,3,54,24,17,0,95,0,0,0,95
03/20/2022,ALB,NY,AEA,EN,Combined TRACON& Tower with Radar,68,24,24,0,116,0,0,15,21,36,68,24,39,21,152,14,0,14,166
03/21/2022,ALB,NY,AEA,EN,Combined TRACON& Tower with Radar,72,28,21,1,122,0,2,20,4,26,72,30,41,5,148,0,0,0,148
03/22/2022,ALB,NY,AEA,EN,Combined TRACON& Tower with Radar,75,32,11,6,124,0,7,25,10,42,75,39,36,16,166,2,0,2,168
03/23/2022,ALB,NY,AEA,EN,Combined TRACON& Tower with Radar,71,33,17,8,129,0,0,30,13,43,71,33,47,21,172,37,0,37,209
03/24/2022,ALB,NY,AEA,EN,Combined TRACON& Tower with Radar,72,35,7,9,123,0,0,0,6,6,72,35,7,15,129,0,4,4,133
03/25/2022,ALB,NY,AEA,EN,Combined TRACON& Tower with Radar,79,28,19,6,132,0,0,22,2,24,79,28,41,8,156,0,0,0,156
03/26/2022,ALB,NY,AEA,EN,Combined TRACON& Tower with Radar,56,18,12,0,86,0,0,9,0,9,56,18,21,0,95,24,0,24,119
03/27/2022,ALB,NY,AEA,EN,Combined TRACON& Tower with Radar,62,21,15,0,98,0,0,2,0,2,62,21,17,0,100,11,0,11,111
03/28/2022,ALB,NY,AEA,EN,Combined TRACON& Tower with Radar,78,32,10,11,131,0,0,5,1,6,78,32,15,12,137,0,0,0,137
03/29/2022,ALB,NY,AEA,EN,Combined TRACON& Tower with Radar,70,29,10,3,112,0,0,21,15,36,70,29,31,18,148,9,5,14,162
03/30/2022,ALB,NY,AEA,EN,Combined TRACON& Tower with Radar,70,37,17,4,128,0,3,29,21,53,70,40,46,25,181,0,0,0,181
03/31/2022,ALB,NY,AEA,EN,Combined TRACON& Tower with Radar,76,40,17,26,159,0,0,3,5,8,76,40,20,31,167,0,0,0,167
04/01/2022,ALB,NY,AEA,EN,Combined TRACON& Tower with Radar,81,33,13,0,127,0,0,5,4,9,81,33,18,4,136,0,0,0,136
04/02/2022,ALB,NY,AEA,EN,Combined TRACON& Tower with Radar,48,18,15,0,81,0,2,41,0,43,48,20,56,0,124,24,0,24,148
04/03/2022,ALB,NY,AEA,EN,Combined TRACON& Tower with Radar,60,21,18,2,101,0,0,12,0,12,60,21,30,2,113,67,0,67,180
04/04/2022,ALB,NY,AEA,EN,Combined TRACON& Tower with Radar,75,29,21,3,128,0,1,39,6,46,75,30,60,9,174,7,0,7,181
04/05/2022,ALB,NY,AEA,EN,Combined TRACON& Tower with Radar,64,35,20,10,129,0,4,45,7,56,64,39,65,17,185,28,2,30,215
04/06/2022,ALB,NY,AEA,EN,Combined TRACON& Tower with Radar,77,36,12,4,129,0,0,8,13,21,77,36,20,17,150,4,2,6,156
04/07/2022,ALB,NY,AEA,EN,Combined TRACON& Tower with Radar,75,30,14,4,123,0,0,2,0,2,75,30,16,4,125,0,0,0,125
04/08/2022,ALB,NY,AEA,EN,Combined TRACON& Tower with Radar,79,39,29,0,147,0,1,21,6,28,79,40,50,6,175,25,2,27,202
04/09/2022,ALB,NY,AEA,EN,Combined TRACON& Tower with Radar,63,24,20,0,107,0,2,8,2,12,63,26,28,2,119,5,0,5,124
04/10/2022,ALB,NY,AEA,EN,Combined TRACON& Tower with Radar,67,28,13,2,110,0,0,24,1,25,67,28,37,3,135,14,0,14,149
04/11/2022,ALB,NY,AEA,EN,Combined TRACON& Tower with Radar,79,29,16,6,130,0,0,47,3,50,79,29,63,9,180,24,6,30,210
04/12/2022,ALB,NY,AEA,EN,Combined TRACON& Tower with Radar,77,37,19,9,142,0,1,8,15,24,77,38,27,24,166,1,24,25,191
04/13/2022,ALB,NY,AEA,EN,Combined TRACON& Tower with Radar,76,35,14,4,129,0,0,20,14,34,76,35,34,18,163,8,13,21,184
04/14/2022,ALB,NY,AEA,EN,Combined TRACON& Tower with Radar,84,38,19,3,144,0,0,6,24,30,84,38,25,27,174,9,13,22,196
04/15/2022,ALB,NY,AEA,EN,Combined TRACON& Tower with Radar,78,30,18,17,143,0,1,49,33,83,78,31,67,50,226,3,44,47,273
04/16/2022,ALB,NY,AEA,EN,Combined TRACON& Tower with Radar,67,30,10,0,107,0,0,10,1,11,67,30,20,1,118,28,0,28,146
04/17/2022,ALB,NY,AEA,EN,Combined TRACON& Tower with Radar,70,28,5,0,103,0,0,23,4,27,70,28,28,4,130,33,0,33,163
04/18/2022,ALB,NY,AEA,EN,Combined TRACON& Tower with Radar,70,27,12,0,109,0,0,29,2,31,70,27,41,2,140,7,0,7,147
04/19/2022,ALB,NY,AEA,EN,Combined TRACON& Tower with Radar,83,36,12,0,131,0,1,3,0,4,83,37,15,0,135,4,0,4,139
04/20/2022,ALB,NY,AEA,EN,Combined TRACON& Tower with Radar,77,33,21,0,131,0,0,28,16,44,77,33,49,16,175,24,0,24,199
04/21/2022,ALB,NY,AEA,EN,Combined TRACON& Tower with Radar,80,49,6,3,138,0,0,6,9,15,80,49,12,12,153,2,14,16,169
04/22/2022,ALB,NY,AEA,EN,Combined TRACON& Tower with Radar,84,39,26,3,152,0,3,28,2,33,84,42,54,5,185,4,0,4,189
04/23/2022,ALB,NY,AEA,EN,Combined TRACON& Tower with Radar,67,22,19,2,110,0,0,45,2,47,67,22,64,4,157,0,0,0,157
04/24/2022,ALB,NY,AEA,EN,Combined TRACON& Tower with Radar,71,27,27,2,127,0,1,44,6,51,71,28,71,8,178,42,0,42,220
04/25/2022,ALB,NY,AEA,EN,Combined TRACON& Tower with Radar,76,41,6,8,131,0,0,40,8,48,76,41,46,16,179,31,12,43,222
04/26/2022,ALB,NY,AEA,EN,Combined TRACON& Tower with Radar,77,37,25,2,141,0,0,2,0,2,77,37,27,2,143,0,0,0,143
04/27/2022,ALB,NY,AEA,EN,Combined TRACON& Tower with Radar,71,40,15,3,129,0,0,13,4,17,71,40,28,7,146,0,0,0,146
04/28/2022,ALB,NY,AEA,EN,Combined TRACON& Tower with Radar,75,42,12,1,130,0,0,19,6,25,75,42,31,7,155,0,0,0,155
04/29/2022,ALB,NY,AEA,EN,Combined TRACON& Tower with Radar,78,32,16,1,127,0,0,28,5,33,78,32,44,6,160,14,0,14,174
04/30/2022,ALB,NY,AEA,EN,Combined TRACON& Tower with Radar,60,25,27,0,112,0,2,52,2,56,60,27,79,2,168,30,0,30,198
05/01/2022,ALB,NY,AEA,EN,Combined TRACON& Tower with Radar,66,23,22,0,111,0,0,76,0,76,66,23,98,0,187,31,0,31,218
05/02/2022,ALB,NY,AEA,EN,Combined TRACON& Tower with Radar,78,30,28,0,136,0,0,5,0,5,78,30,33,0,141,2,0,2,143
05/03/2022,ALB,NY,AEA,EN,Combined TRACON& Tower with Radar,73,33,28,5,139,0,0,20,1,21,73,33,48,6,160,2,0,2,162
05/04/2022,ALB,NY,AEA,EN,Combined TRACON& Tower with Radar,76,36,15,8,135,0,0,0,0,0,76,36,15,8,135,0,0,0,135
05/05/2022,ALB,NY,AEA,EN,Combined TRACON& Tower with Radar,74,36,18,1,129,0,0,52,5,57,74,36,70,6,186,29,2,31,217
05/06/2022,ALB,NY,AEA,EN,Combined TRACON& Tower with Radar,78,30,24,0,132,0,0,27,3,30,78,30,51,3,162,11,2,13,175
05/07/2022,ALB,NY,AEA,EN,Combined TRACON& Tower with Radar,56,25,9,0,90,0,0,17,0,17,56,25,26,0,107,12,0,12,119
05/08/2022,ALB,NY,AEA,EN,Combined TRACON& Tower with Radar,62,22,21,1,106,0,4,22,2,28,62,26,43,3,134,42,0,42,176
05/09/2022,ALB,NY,AEA,EN,Combined TRACON& Tower with Radar,79,30,8,6,123,0,0,38,3,41,79,30,46,9,164,13,5,18,182
05/10/2022,ALB,NY,AEA,EN,Combined TRACON& Tower with Radar,78,35,20,7,140,0,2,49,4,55,78,37,69,11,195,8,6,14,209
05/11/2022,ALB,NY,AEA,EN,Combined TRACON& Tower with Radar,71,27,14,2,114,0,3,55,14,72,71,30,69,16,186,31,0,31,217
05/12/2022,ALB,NY,AEA,EN,Combined TRACON& Tower with Radar,74,30,22,3,129,0,0,47,8,55,74,30,69,11,184,6,0,6,190
05/13/2022,ALB,NY,AEA,EN,Combined TRACON& Tower with Radar,78,37,16,0,131,0,1,22,0,23,78,38,38,0,154,9,0,9,163
05/14/2022,ALB,NY,AEA,EN,Combined TRACON& Tower with Radar,55,27,16,7,105,0,0,23,1,24,55,27,39,8,129,11,6,17,146
05/15/2022,ALB,NY,AEA,EN,Combined TRACON& Tower with Radar,62,23,16,2,103,0,0,3,1,4,62,23,19,3,107,13,0,13,120
05/16/2022,ALB,NY,AEA,EN,Combined TRACON& Tower with Radar,73,30,14,16,133,0,1,12,0,13,73,31,26,16,146,6,0,6,152
05/17/2022,ALB,NY,AEA,EN,Combined TRACON& Tower with Radar,72,35,12,3,122,0,1,31,8,40,72,36,43,11,162,4,0,4,166
05/18/2022,ALB,NY,AEA,EN,Combined TRACON& Tower with Radar,78,34,15,1,128,0,0,43,11,54,78,34,58,12,182,20,0,20,202
05/19/2022,ALB,NY,AEA,EN,Combined TRACON& Tower with Radar,73,44,19,6,142,0,0,1,16,17,73,44,20,22,159,6,0,6,165
05/20/2022,ALB,NY,AEA,EN,Combined TRACON& Tower with Radar,86,30,20,8,144,0,2,35,5,42,86,32,55,13,186,0,0,0,186
05/21/2022,ALB,NY,AEA,EN,Combined TRACON& Tower with Radar,56,31,22,1,110,0,3,24,0,27,56,34,46,1,137,11,0,11,148
05/22/2022,ALB,NY,AEA,EN,Combined TRACON& Tower with Radar,61,30,11,1,103,0,0,19,0,19,61,30,30,1,122,36,0,36,158
05/23/2022,ALB,NY,AEA,EN,Combined TRACON& Tower with Radar,70,34,22,4,130,0,3,36,0,39,70,37,58,4,169,12,0,12,181
05/24/2022,ALB,NY,AEA,EN,Combined TRACON& Tower with Radar,74,34,25,4,137,0,1,33,14,48,74,35,58,18,185,5,0,5,190
05/25/2022,ALB,NY,AEA,EN,Combined TRACON& Tower with Radar,71,34,18,25,148,0,2,41,17,60,71,36,59,42,208,16,18,34,242
05/26/2022,ALB,NY,AEA,EN,Combined TRACON& Tower with Radar,77,34,25,7,143,0,0,26,7,33,77,34,51,14,176,22,14,36,212
05/27/2022,ALB,NY,AEA,EN,Combined TRACON& Tower with Radar,71,38,27,0,136,0,0,6,4,10,71,38,33,4,146,0,0,0,146
05/28/2022,ALB,NY,AEA,EN,Combined TRACON& Tower with Radar,50,26,16,0,92,0,0,7,0,7,50,26,23,0,99,24,0,24,123
05/29/2022,ALB,NY,AEA,EN,Combined TRACON& Tower with Radar,58,24,23,0,105,0,1,34,2,37,58,25,57,2,142,19,0,19,161
05/30/2022,ALB,NY,AEA,EN,Combined TRACON& Tower with Radar,71,23,21,0,115,0,1,40,2,43,71,24,61,2,158,11,0,11,169
05/31/2022,ALB,NY,AEA,EN,Combined TRACON& Tower with Radar,73,31,21,10,135,0,3,45,6,54,73,34,66,16,189,0,0,0,189
06/01/2022,ALB,NY,AEA,EN,Combined TRACON& Tower with Radar,72,29,13,2,116,0,0,4,0,4,72,29,17,2,120,0,0,0,120
06/02/2022,ALB,NY,AEA,EN,Combined TRACON& Tower with Radar,80,34,25,3,142,0,0,22,2,24,80,34,47,5,166,26,4,30,196
06/03/2022,ALB,NY,AEA,EN,Combined TRACON& Tower with Radar,80,31,25,3,139,0,2,39,2,43,80,33,64,5,182,15,0,15,197
06/04/2022,ALB,NY,AEA,EN,Combined TRACON& Tower with Radar,63,23,16,2,104,0,2,34,6,42,63,25,50,8,146,16,0,16,162
06/05/2022,ALB,NY,AEA,EN,Combined TRACON& Tower with Radar,74,16,19,4,113,0,3,53,1,57,74,19,72,5,170,25,0,25,195
06/06/2022,ALB,NY,AEA,EN,Combined TRACON& Tower with Radar,84,29,18,0,131,0,7,35,0,42,84,36,53,0,173,41,0,41,214
06/07/2022,ALB,NY,AEA,EN,Combined TRACON& Tower with Radar,80,25,26,4,135,0,2,24,6,32,80,27,50,10,167,30,0,30,197
06/08/2022,ALB,NY,AEA,EN,Combined TRACON& Tower with Radar,74,33,31,3,141,0,0,31,5,36,74,33,62,8,177,26,0,26,203
06/09/2022,ALB,NY,AEA,EN,Combined TRACON& Tower with Radar,81,33,12,4,130,0,0,29,8,37,81,33,41,12,167,24,0,24,191
06/10/2022,ALB,NY,AEA,EN,Combined TRACON& Tower with Radar,92,30,13,2,137,0,4,40,0,44,92,34,53,2,181,28,0,28,209
06/11/2022,ALB,NY,AEA,EN,Combined TRACON& Tower with Radar,60,25,19,4,108,0,5,34,6,45,60,30,53,10,153,31,0,31,184
06/12/2022,ALB,NY,AEA,EN,Combined TRACON& Tower with Radar,74,20,22,4,120,0,1,9,2,12,74,21,31,6,132,20,0,20,152
06/13/2022,ALB,NY,AEA,EN,Combined TRACON& Tower with Radar,83,24,25,5,137,0,2,26,1,29,83,26,51,6,166,12,0,12,178
06/14/2022,ALB,NY,AEA,EN,Combined TRACON& Tower with Radar,78,33,17,2,130,0,3,45,7,55,78,36,62,9,185,42,0,42,227
06/15/2022,ALB,NY,AEA,EN,Combined TRACON& Tower with Radar,79,26,17,1,123,0,4,42,7,53,79,30,59,8,176,59,0,59,235
06/16/2022,ALB,NY,AEA,EN,Combined TRACON& Tower with Radar,70,33,21,6,130,0,0,9,1,10,70,33,30,7,140,0,0,0,140
06/17/2022,ALB,NY,AEA,EN,Combined TRACON& Tower with Radar,85,37,30,6,158,0,3,28,5,36,85,40,58,11,194,12,0,12,206
06/18/2022,ALB,NY,AEA,EN,Combined TRACON& Tower with Radar,59,20,26,0,105,0,0,11,0,11,59,20,37,0,116,17,0,17,133
06/19/2022,ALB,NY,AEA,EN,Combined TRACON& Tower with Radar,74,22,15,0,111,0,0,24,3,27,74,22,39,3,138,10,0,10,148
06/20/2022,ALB,NY,AEA,EN,Combined TRACON& Tower with Radar,84,26,24,0,134,0,5,43,0,48,84,31,67,0,182,0,0,0,182
06/21/2022,ALB,NY,AEA,EN,Combined TRACON& Tower with Radar,81,42,27,2,152,0,1,23,0,24,81,43,50,2,176,0,0,0,176
06/22/2022,ALB,NY,AEA,EN,Combined TRACON& Tower with Radar,63,22,24,10,119,0,0,9,10,19,63,22,33,20,138,0,0,0,138
06/23/2022,ALB,NY,AEA,EN,Combined TRACON& Tower with Radar,83,27,37,2,149,0,0,9,0,9,83,27,46,2,158,10,0,10,168
06/24/2022,ALB,NY,AEA,EN,Combined TRACON& Tower with Radar,83,25,30,1,139,0,1,44,0,45,83,26,74,1,184,20,1,21,205
06/25/2022,ALB,NY,AEA,EN,Combined TRACON& Tower with Radar,65,22,12,0,99,0,4,33,0,37,65,26,45,0,136,5,0,5,141
06/26/2022,ALB,NY,AEA,EN,Combined TRACON& Tower with Radar,66,20,15,0,101,0,0,30,2,32,66,20,45,2,133,2,0,2,135
06/27/2022,ALB,NY,AEA,EN,Combined TRACON& Tower with Radar,84,24,14,3,125,0,0,20,2,22,84,24,34,5,147,18,0,18,165
06/28/2022,ALB,NY,AEA,EN,Combined TRACON& Tower with Radar,79,34,17,3,133,0,5,40,2,47,79,39,57,5,180,26,0,26,206
06/29/2022,ALB,NY,AEA,EN,Combined TRACON& Tower with Radar,84,35,21,3,143,0,3,24,2,29,84,38,45,5,172,0,0,0,172
06/30/2022,ALB,NY,AEA,EN,Combined TRACON& Tower with Radar,83,35,15,3,136,0,4,48,1,53,83,39,63,4,189,0,0,0,189
07/01/2022,ALB,NY,AEA,EN,Combined TRACON& Tower with Radar,82,25,17,0,124,1,0,26,0,27,83,25,43,0,151,0,0,0,151
07/02/2022,ALB,NY,AEA,EN,Combined TRACON& Tower with Radar,64,22,18,0,104,0,0,20,2,22,64,22,38,2,126,26,0,26,152
07/03/2022,ALB,NY,AEA,EN,Combined TRACON& Tower with Radar,68,21,11,0,100,0,0,37,2,39,68,21,48,2,139,0,0,0,139
07/04/2022,ALB,NY,AEA,EN,Combined TRACON& Tower with Radar,75,22,13,0,110,0,4,30,0,34,75,26,43,0,144,14,0,14,158
07/05/2022,ALB,NY,AEA,EN,Combined TRACON& Tower with Radar,75,27,25,0,127,0,0,7,0,7,75,27,32,0,134,6,0,6,140
07/06/2022,ALB,NY,AEA,EN,Combined TRACON& Tower with Radar,81,28,19,2,130,0,0,33,7,40,81,28,52,9,170,0,0,0,170
07/07/2022,ALB,NY,AEA,EN,Combined TRACON& Tower with Radar,82,41,23,2,148,0,0,34,0,34,82,41,57,2,182,8,0,8,190
07/08/2022,ALB,NY,AEA,EN,Combined TRACON& Tower with Radar,89,25,17,2,133,0,0,31,1,32,89,25,48,3,165,2,0,2,167
07/09/2022,ALB,NY,AEA,EN,Combined TRACON& Tower with Radar,66,32,14,0,112,0,3,34,0,37,66,35,48,0,149,0,0,0,149
07/10/2022,ALB,NY,AEA,EN,Combined TRACON& Tower with Radar,80,22,10,1,113,0,0,48,1,49,80,22,58,2,162,13,0,13,175
07/11/2022,ALB,NY,AEA,EN,Combined TRACON& Tower with Radar,91,31,12,4,138,0,2,32,3,37,91,33,44,7,175,38,0,38,213
07/12/2022,ALB,NY,AEA,EN,Combined TRACON& Tower with Radar,78,30,20,7,135,0,1,13,5,19,78,31,33,12,154,18,4,22,176
07/13/2022,ALB,NY,AEA,EN,Combined TRACON& Tower with Radar,79,35,20,23,157,0,0,39,5,44,79,35,59,28,201,19,24,43,244
07/14/2022,ALB,NY,AEA,EN,Combined TRACON& Tower with Radar,93,33,30,1,157,0,0,24,5,29,93,33,54,6,186,4,10,14,200
07/15/2022,ALB,NY,AEA,EN,Combined TRACON& Tower with Radar,92,31,22,4,149,0,1,46,2,49,92,32,68,6,198,18,0,18,216
07/16/2022,ALB,NY,AEA,EN,Combined TRACON& Tower with Radar,70,20,17,0,107,0,0,42,1,43,70,20,59,1,150,23,0,23,173
07/17/2022,ALB,NY,AEA,EN,Combined TRACON& Tower with Radar,79,26,22,0,127,0,0,46,2,48,79,26,68,2,175,16,0,16,191
07/18/2022,ALB,NY,AEA,EN,Combined TRACON& Tower with Radar,99,30,18,18,165,0,0,2,0,2,99,30,20,18,167,0,0,0,167
07/19/2022,ALB,NY,AEA,EN,Combined TRACON& Tower with Radar,80,32,21,4,137,0,0,40,9,49,80,32,61,13,186,19,0,19,205
07/20/2022,ALB,NY,AEA,EN,Combined TRACON& Tower with Radar,79,33,23,3,138,0,1,33,12,46,79,34,56,15,184,0,0,0,184
07/21/2022,ALB,NY,AEA,EN,Combined TRACON& Tower with Radar,85,34,14,0,133,0,2,18,5,25,85,36,32,5,158,3,0,3,161
07/22/2022,ALB,NY,AEA,EN,Combined TRACON& Tower with Radar,96,41,19,0,156,0,0,31,2,33,96,41,50,2,189,1,2,3,192
07/23/2022,ALB,NY,AEA,EN,Combined TRACON& Tower with Radar,68,26,7,0,101,0,3,28,0,31,68,29,35,0,132,6,0,6,138
07/24/2022,ALB,NY,AEA,EN,Combined TRACON& Tower with Radar,75,27,11,2,115,0,2,24,2,28,75,29,35,4,143,17,0,17,160
07/25/2022,ALB,NY,AEA,EN,Combined TRACON& Tower with Radar,85,35,14,0,134,0,6,12,1,19,85,41,26,1,153,0,0,0,153
07/26/2022,ALB,NY,AEA,EN,Combined TRACON& Tower with Radar,83,38,23,2,146,0,1,38,12,51,83,39,61,14,197,27,0,27,224
07/27/2022,ALB,NY,AEA,EN,Combined TRACON& Tower with Radar,83,40,27,3,153,0,2,52,5,59,83,42,79,8,212,35,0,35,247
07/28/2022,ALB,NY,AEA,EN,Combined TRACON& Tower with Radar,83,40,10,0,133,0,2,21,4,27,83,42,31,4,160,15,0,15,175
07/29/2022,ALB,NY,AEA,EN,Combined TRACON& Tower with Radar,95,43,18,0,156,0,4,44,0,48,95,47,62,0,204,5,0,5,209
07/30/2022,ALB,NY,AEA,EN,Combined TRACON& Tower with Radar,64,24,24,0,112,0,4,36,2,42,64,28,60,2,154,21,0,21,175
07/31/2022,ALB,NY,AEA,EN,Combined TRACON& Tower with Radar,79,33,26,0,138,0,0,37,4,41,79,33,63,4,179,17,0,17,196
08/01/2022,ALB,NY,AEA,EN,Combined TRACON& Tower with Radar,90,23,19,1,133,0,0,25,3,28,90,23,44,4,161,6,0,6,167
08/02/2022,ALB,NY,AEA,EN,Combined TRACON& Tower with Radar,81,37,16,5,139,0,4,18,4,26,81,41,34,9,165,19,6,25,190
08/03/2022,ALB,NY,AEA,EN,Combined TRACON& Tower with Radar,76,37,28,4,145,0,1,59,4,64,76,38,87,8,209,9,0,9,218
08/04/2022,ALB,NY,AEA,EN,Combined TRACON& Tower with Radar,83,37,15,16,151,0,0,27,0,27,83,37,42,16,178,12,0,12,190
08/05/2022,ALB,NY,AEA,EN,Combined TRACON& Tower with Radar,82,37,24,2,145,0,0,20,0,20,82,37,44,2,165,2,0,2,167
08/06/2022,ALB,NY,AEA,EN,Combined TRACON& Tower with Radar,64,31,37,0,132,0,1,28,1,30,64,32,65,1,162,16,0,16,178
08/07/2022,ALB,NY,AEA,EN,Combined TRACON& Tower with Radar,81,28,20,0,129,0,0,23,2,25,81,28,43,2,154,1,0,1,155
08/08/2022,ALB,NY,AEA,EN,Combined TRACON& Tower with Radar,85,36,10,1,132,0,0,20,2,22,85,36,30,3,154,2,0,2,156
08/09/2022,ALB,NY,AEA,EN,Combined TRACON& Tower with Radar,83,45,15,8,151,0,1,16,2,19,83,46,31,10,170,1,6,7,177
08/10/2022,ALB,NY,AEA,EN,Combined TRACON& Tower with Radar,78,33,27,3,141,0,1,36,6,43,78,34,63,9,184,0,0,0,184
08/11/2022,ALB,NY,AEA,EN,Combined TRACON& Tower with Radar,88,40,24,2,154,0,0,37,5,42,88,40,61,7,196,7,0,7,203
08/12/2022,ALB,NY,AEA,EN,Combined TRACON& Tower with Radar,86,25,29,5,145,0,4,59,2,65,86,29,88,7,210,32,0,32,242
08/13/2022,ALB,NY,AEA,EN,Combined TRACON& Tower with Radar,68,26,26,0,120,0,0,39,0,39,68,26,65,0,159,18,0,18,177
08/14/2022,ALB,NY,AEA,EN,Combined TRACON& Tower with Radar,77,22,26,0,125,0,0,36,2,38,77,22,62,2,163,3,0,3,166
08/15/2022,ALB,NY,AEA,EN,Combined TRACON& Tower with Radar,86,30,20,0,136,0,4,40,0,44,86,34,60,0,180,4,0,4,184
08/16/2022,ALB,NY,AEA,EN,Combined TRACON& Tower with Radar,82,35,7,2,126,0,6,45,7,58,82,41,52,9,184,51,1,52,236
08/17/2022,ALB,NY,AEA,EN,Combined TRACON& Tower with Radar,80,31,19,0,130,0,1,17,6,24,80,32,36,6,154,4,4,8,162
08/18/2022,ALB,NY,AEA,EN,Combined TRACON& Tower with Radar,84,30,13,8,135,0,0,32,10,42,84,30,45,18,177,19,26,45,222
08/19/2022,ALB,NY,AEA,EN,Combined TRACON& Tower with Radar,85,23,11,1,120,0,1,45,0,46,85,24,56,1,166,11,0,11,177
08/20/2022,ALB,NY,AEA,EN,Combined TRACON& Tower with Radar,61,23,19,0,103,0,0,73,0,73,61,23,92,0,176,31,0,31,207
08/21/2022,ALB,NY,AEA,EN,Combined TRACON& Tower with Radar,73,25,24,0,122,0,1,40,0,41,73,26,64,0,163,11,0,11,174
08/22/2022,ALB,NY,AEA,EN,Combined TRACON& Tower with Radar,78,40,24,9,151,0,0,17,1,18,78,40,41,10,169,14,0,14,183
08/23/2022,ALB,NY,AEA,EN,Combined TRACON& Tower with Radar,78,36,19,8,141,0,0,10,4,14,78,36,29,12,155,8,0,8,163
08/24/2022,ALB,NY,AEA,EN,Combined TRACON& Tower with Radar,77,33,22,11,143,0,3,41,14,58,77,36,63,25,201,29,2,31,232
08/25/2022,ALB,NY,AEA,EN,Combined TRACON& Tower with Radar,82,39,17,2,140,0,0,36,6,42,82,39,53,8,182,12,0,12,194
08/26/2022,ALB,NY,AEA,EN,Combined TRACON& Tower with Radar,89,30,30,0,149,0,2,17,0,19,89,32,47,0,168,12,0,12,180
08/27/2022,ALB,NY,AEA,EN,Combined TRACON& Tower with Radar,63,28,19,2,112,0,0,29,4,33,63,28,48,6,145,9,0,9,154
08/28/2022,ALB,NY,AEA,EN,Combined TRACON& Tower with Radar,72,31,32,0,135,0,3,27,0,30,72,34,59,0,165,22,0,22,187
08/29/2022,ALB,NY,AEA,EN,Combined TRACON& Tower with Radar,78,22,16,5,121,0,1,29,4,34,78,23,45,9,155,4,0,4,159
08/30/2022,ALB,NY,AEA,EN,Combined TRACON& Tower with Radar,78,35,18,14,145,0,0,18,6,24,78,35,36,20,169,26,0,26,195
08/31/2022,ALB,NY,AEA,EN,Combined TRACON& Tower with Radar,81,33,15,3,132,0,1,26,3,30,81,34,41,6,162,4,0,4,166
09/01/2022,ALB,NY,AEA,EN,Combined TRACON& Tower with Radar,88,27,14,3,132,0,2,35,12,49,88,29,49,15,181,0,0,0,181
09/02/2022,ALB,NY,AEA,EN,Combined TRACON& Tower with Radar,90,29,18,0,137,0,1,43,0,44,90,30,61,0,181,26,0,26,207
09/03/2022,ALB,NY,AEA,EN,Combined TRACON& Tower with Radar,58,22,18,0,98,0,5,58,1,64,58,27,76,1,162,14,0,14,176
09/04/2022,ALB,NY,AEA,EN,Combined TRACON& Tower with Radar,65,26,20,0,111,0,0,15,0,15,65,26,35,0,126,17,0,17,143
09/05/2022,ALB,NY,AEA,EN,Combined TRACON& Tower with Radar,83,26,32,0,141,0,0,3,0,3,83,26,35,0,144,0,0,0,144
09/06/2022,ALB,NY,AEA,EN,Combined TRACON& Tower with Radar,70,41,26,7,144,0,0,0,1,1,70,41,26,8,145,0,0,0,145
09/07/2022,ALB,NY,AEA,EN,Combined TRACON& Tower with Radar,67,37,17,5,126,0,0,29,10,39,67,37,46,15,165,0,0,0,165
09/08/2022,ALB,NY,AEA,EN,Combined TRACON& Tower with Radar,81,30,27,4,142,0,2,59,8,69,81,32,86,12,211,0,0,0,211
09/09/2022,ALB,NY,AEA,EN,Combined TRACON& Tower with Radar,86,21,22,1,130,0,7,42,3,52,86,28,64,4,182,0,0,0,182
09/10/2022,ALB,NY,AEA,EN,Combined TRACON& Tower with Radar,46,13,20,4,83,0,1,36,3,40,46,14,56,7,123,0,0,0,123
09/11/2022,ALB,NY,AEA,EN,Combined TRACON& Tower with Radar,71,19,20,2,112,0,0,36,5,41,71,19,56,7,153,0,0,0,153
09/12/2022,ALB,NY,AEA,EN,Combined TRACON& Tower with Radar,81,28,34,2,145,0,0,4,0,4,81,28,38,2,149,0,0,0,149
09/13/2022,ALB,NY,AEA,EN,Combined TRACON& Tower with Radar,72,32,8,4,116,0,0,0,0,0,72,32,8,4,116,0,0,0,116
09/14/2022,ALB,NY,AEA,EN,Combined TRACON& Tower with Radar,69,26,23,4,122,0,0,31,7,38,69,26,54,11,160,0,0,0,160
09/15/2022,ALB,NY,AEA,EN,Combined TRACON& Tower with Radar,82,24,25,5,136,0,4,47,7,58,82,28,72,12,194,0,0,0,194
09/16/2022,ALB,NY,AEA,EN,Combined TRACON& Tower with Radar,81,29,27,3,140,0,3,55,5,63,81,32,82,8,203,0,0,0,203
09/17/2022,ALB,NY,AEA,EN,Combined TRACON& Tower with Radar,49,37,29,0,115,0,2,55,4,61,49,39,84,4,176,0,0,0,176
09/18/2022,ALB,NY,AEA,EN,Combined TRACON& Tower with Radar,71,23,33,0,127,0,0,25,0,25,71,23,58,0,152,15,0,15,167
09/19/2022,ALB,NY,AEA,EN,Combined TRACON& Tower with Radar,76,22,23,1,122,0,0,8,0,8,76,22,31,1,130,1,0,1,131
09/20/2022,ALB,NY,AEA,EN,Combined TRACON& Tower with Radar,68,30,33,5,136,0,0,16,0,16,68,30,49,5,152,18,1,19,171
09/21/2022,ALB,NY,AEA,EN,Combined TRACON& Tower with Radar,65,26,26,0,117,0,0,26,4,30,65,26,52,4,147,17,0,17,164
09/22/2022,ALB,NY,AEA,EN,Combined TRACON& Tower with Radar,80,24,32,1,137,0,0,19,5,24,80,24,51,6,161,0,0,0,161
09/23/2022,ALB,NY,AEA,EN,Combined TRACON& Tower with Radar,82,31,15,2,130,0,2,29,0,31,82,33,44,2,161,1,0,1,162
09/24/2022,ALB,NY,AEA,EN,Combined TRACON& Tower with Radar,48,15,14,1,78,0,4,50,0,54,48,19,64,1,132,9,0,9,141
09/25/2022,ALB,NY,AEA,EN,Combined TRACON& Tower with Radar,68,21,18,0,107,0,0,25,0,25,68,21,43,0,132,16,0,16,148
09/26/2022,ALB,NY,AEA,EN,Combined TRACON& Tower with Radar,83,33,21,0,137,0,2,13,0,15,83,35,34,0,152,0,0,0,152
09/27/2022,ALB,NY,AEA,EN,Combined TRACON& Tower with Radar,73,27,16,4,120,0,2,43,4,49,73,29,59,8,169,26,0,26,195
09/28/2022,ALB,NY,AEA,EN,Combined TRACON& Tower with Radar,65,31,22,2,120,0,1,35,2,38,65,32,57,4,158,14,18,32,190
09/29/2022,ALB,NY,AEA,EN,Combined TRACON& Tower with Radar,74,28,19,2,123,0,0,37,0,37,74,28,56,2,160,16,0,16,176
09/30/2022,ALB,NY,AEA,EN,Combined TRACON& Tower with Radar,77,23,21,0,121,0,1,34,2,37,77,24,55,2,158,0,0,0,158
10/01/2022,ALB,NY,AEA,EN,Combined TRACON& Tower with Radar,56,23,9,0,88,0,0,21,0,21,56,23,30,0,109,11,0,11,120
10/02/2022,ALB,NY,AEA,EN,Combined TRACON& Tower with Radar,70,18,8,8,104,0,1,24,4,29,70,19,32,12,133,23,14,37,170
10/03/2022,ALB,NY,AEA,EN,Combined TRACON& Tower with Radar,80,29,20,12,141,0,4,38,7,49,80,33,58,19,190,33,18,51,241
10/04/2022,ALB,NY,AEA,EN,Combined TRACON& Tower with Radar,68,29,15,1,113,0,0,10,3,13,68,29,25,4,126,4,0,4,130
10/05/2022,ALB,NY,AEA,EN,Combined TRACON& Tower with Radar,67,31,17,28,143,0,0,15,8,23,67,31,32,36,166,11,14,25,191
10/06/2022,ALB,NY,AEA,EN,Combined TRACON& Tower with Radar,83,27,22,1,133,0,3,43,11,57,83,30,65,12,190,19,0,19,209
10/07/2022,ALB,NY,AEA,EN,Combined TRACON& Tower with Radar,85,29,34,2,150,0,0,14,2,16,85,29,48,4,166,10,0,10,176
10/08/2022,ALB,NY,AEA,EN,Combined TRACON& Tower with Radar,49,21,6,0,76,0,1,22,3,26,49,22,28,3,102,32,0,32,134
10/09/2022,ALB,NY,AEA,EN,Combined TRACON& Tower with Radar,72,18,19,0,109,0,3,30,1,34,72,21,49,1,143,0,0,0,143
10/10/2022,ALB,NY,AEA,EN,Combined TRACON& Tower with Radar,80,22,18,0,120,0,1,35,0,36,80,23,53,0,156,0,0,0,156
10/11/2022,ALB,NY,AEA,EN,Combined TRACON& Tower with Radar,76,23,30,2,131,0,2,29,2,33,76,25,59,4,164,0,0,0,164
10/12/2022,ALB,NY,AEA,EN,Combined TRACON& Tower with Radar,72,26,10,18,126,0,7,25,17,49,72,33,35,35,175,0,0,0,175
10/13/2022,ALB,NY,AEA,EN,Combined TRACON& Tower with Radar,78,29,8,29,144,0,0,2,7,9,78,29,10,36,153,0,0,0,153
10/14/2022,ALB,NY,AEA,EN,Combined TRACON& Tower with Radar,88,25,17,2,132,0,8,36,1,45,88,33,53,3,177,0,0,0,177
10/15/2022,ALB,NY,AEA,EN,Combined TRACON& Tower with Radar,52,13,20,1,86,0,3,43,3,49,52,16,63,4,135,0,0,0,135
10/16/2022,ALB,NY,AEA,EN,Combined TRACON& Tower with Radar,72,22,16,0,110,0,5,41,1,47,72,27,57,1,157,0,0,0,157
10/17/2022,ALB,NY,AEA,EN,Combined TRACON& Tower with Radar,81,33,16,4,134,0,0,15,0,15,81,33,31,4,149,0,0,0,149
10/18/2022,ALB,NY,AEA,EN,Combined TRACON& Tower with Radar,75,29,19,4,127,0,0,36,6,42,75,29,55,10,169,0,0,0,169
10/19/2022,ALB,NY,AEA,EN,Combined TRACON& Tower with Radar,73,36,18,4,131,0,5,53,11,69,73,41,71,15,200,0,0,0,200
10/20/2022,ALB,NY,AEA,EN,Combined TRACON& Tower with Radar,82,32,13,4,131,0,1,26,0,27,82,33,39,4,158,0,0,0,158
10/21/2022,ALB,NY,AEA,EN,Combined TRACON& Tower with Radar,84,25,18,4,131,0,1,43,5,49,84,26,61,9,180,0,0,0,180
10/22/2022,ALB,NY,AEA,EN,Combined TRACON& Tower with Radar,49,20,17,1,87,0,2,34,3,39,49,22,51,4,126,0,0,0,126
10/23/2022,ALB,NY,AEA,EN,Combined TRACON& Tower with Radar,74,17,34,2,127,0,0,32,3,35,74,17,66,5,162,0,0,0,162
10/24/2022,ALB,NY,AEA,EN,Combined TRACON& Tower with Radar,81,21,13,3,118,0,0,1,0,1,81,21,14,3,119,0,0,0,119
10/25/2022,ALB,NY,AEA,EN,Combined TRACON& Tower with Radar,84,38,28,11,161,0,0,8,0,8,84,38,36,11,169,0,0,0,169
10/26/2022,ALB,NY,AEA,EN,Combined TRACON& Tower with Radar,73,28,13,0,114,0,0,13,2,15,73,28,26,2,129,0,0,0,129
10/27/2022,ALB,NY,AEA,EN,Combined TRACON& Tower with Radar,84,28,12,23,147,0,0,29,27,56,84,28,41,50,203,0,0,0,203
10/28/2022,ALB,NY,AEA,EN,Combined TRACON& Tower with Radar,85,24,26,1,136,0,0,32,1,33,85,24,58,2,169,0,0,0,169
10/29/2022,ALB,NY,AEA,EN,Combined TRACON& Tower with Radar,50,13,16,0,79,0,2,32,0,34,50,15,48,0,113,0,0,0,113
10/30/2022,ALB,NY,AEA,EN,Combined TRACON& Tower with Radar,75,26,17,0,118,0,5,40,0,45,75,31,57,0,163,0,0,0,163
10/31/2022,ALB,NY,AEA,EN,Combined TRACON& Tower with Radar,73,31,6,3,113,0,0,37,7,44,73,31,43,10,157,0,0,0,157
11/01/2022,ALB,NY,AEA,EN,Combined TRACON& Tower with Radar,80,38,24,8,150,0,0,13,14,27,80,38,37,22,177,0,0,0,177
11/02/2022,ALB,NY,AEA,EN,Combined TRACON& Tower with Radar,74,31,19,4,128,0,7,34,14,55,74,38,53,18,183,16,0,16,199
11/03/2022,ALB,NY,AEA,EN,Combined TRACON& Tower with Radar,79,27,15,18,139,0,2,24,15,41,79,29,39,33,180,21,26,47,227
11/04/2022,ALB,NY,AEA,EN,Combined TRACON& Tower with Radar,106,27,20,2,155,0,2,31,1,34,106,29,51,3,189,4,0,4,193
11/05/2022,ALB,NY,AEA,EN,Combined TRACON& Tower with Radar,52,26,13,0,91,0,2,14,2,18,52,28,27,2,109,0,4,4,113
11/06/2022,ALB,NY,AEA,EN,Combined TRACON& Tower with Radar,64,25,22,5,116,0,0,0,5,5,64,25,22,10,121,0,0,0,121
11/07/2022,ALB,NY,AEA,EN,Combined TRACON& Tower with Radar,70,33,16,13,132,0,3,31,25,59,70,36,47,38,191,2,62,64,255
11/08/2022,ALB,NY,AEA,EN,Combined TRACON& Tower with Radar,69,27,20,0,116,0,0,45,6,51,69,27,65,6,167,18,0,18,185
11/09/2022,ALB,NY,AEA,EN,Combined TRACON& Tower with Radar,69,34,29,0,132,0,3,43,0,46,69,37,72,0,178,6,0,6,184
11/10/2022,ALB,NY,AEA,EN,Combined TRACON& Tower with Radar,71,38,23,0,132,0,1,35,1,37,71,39,58,1,169,6,0,6,175
11/11/2022,ALB,NY,AEA,EN,Combined TRACON& Tower with Radar,76,32,18,0,126,0,0,10,0,10,76,32,28,0,136,0,0,0,136
11/12/2022,ALB,NY,AEA,EN,Combined TRACON& Tower with Radar,57,26,6,0,89,0,0,4,0,4,57,26,10,0,93,4,0,4,97
11/13/2022,ALB,NY,AEA,EN,Combined TRACON& Tower with Radar,67,24,14,0,105,0,0,17,0,17,67,24,31,0,122,0,0,0,122
11/14/2022,ALB,NY,AEA,EN,Combined TRACON& Tower with Radar,77,39,14,0,130,0,4,31,1,36,77,43,45,1,166,23,0,23,189
11/15/2022,ALB,NY,AEA,EN,Combined TRACON& Tower with Radar,75,27,28,6,136,0,0,27,5,32,75,27,55,11,168,14,6,20,188
11/16/2022,ALB,NY,AEA,EN,Combined TRACON& Tower with Radar,68,32,5,7,112,0,0,0,17,17,68,32,5,24,129,0,32,32,161
11/17/2022,ALB,NY,AEA,EN,Combined TRACON& Tower with Radar,71,37,17,0,125,0,0,11,4,15,71,37,28,4,140,18,0,18,158
11/18/2022,ALB,NY,AEA,EN,Combined TRACON& Tower with Radar,82,20,19,0,121,0,0,34,2,36,82,20,53,2,157,27,0,27,184
11/19/2022,ALB,NY,AEA,EN,Combined TRACON& Tower with Radar,60,23,21,0,104,0,0,35,2,37,60,23,56,2,141,32,0,32,173
11/20/2022,ALB,NY,AEA,EN,Combined TRACON& Tower with Radar,68,16,6,0,90,0,0,3,0,3,68,16,9,0,93,0,0,0,93
11/21/2022,ALB,NY,AEA,EN,Combined TRACON& Tower with Radar,70,24,11,1,106,0,0,18,7,25,70,24,29,8,131,24,0,24,155
11/22/2022,ALB,NY,AEA,EN,Combined TRACON& Tower with Radar,79,28,29,9,145,0,1,42,2,45,79,29,71,11,190,29,0,29,219
11/23/2022,ALB,NY,AEA,EN,Combined TRACON& Tower with Radar,83,27,9,0,119,0,3,43,9,55,83,30,52,9,174,28,0,28,202
11/24/2022,ALB,NY,AEA,EN,Combined TRACON& Tower with Radar,33,12,7,0,52,0,5,16,0,21,33,17,23,0,73,1,0,1,74
11/25/2022,ALB,NY,AEA,EN,Combined TRACON& Tower with Radar,49,18,3,0,70,0,0,3,0,3,49,18,6,0,73,0,0,0,73
11/26/2022,ALB,NY,AEA,EN,Combined TRACON& Tower with Radar,64,23,16,0,103,0,2,30,1,33,64,25,46,1,136,54,0,54,190
11/27/2022,ALB,NY,AEA,EN,Combined TRACON& Tower with Radar,77,28,16,2,123,0,0,6,0,6,77,28,22,2,129,5,0,5,134
11/28/2022,ALB,NY,AEA,EN,Combined TRACON& Tower with Radar,79,40,10,6,135,0,0,15,6,21,79,40,25,12,156,32,18,50,206
11/29/2022,ALB,NY,AEA,EN,Combined TRACON& Tower with Radar,79,26,15,16,136,0,0,34,5,39,79,26,49,21,175,4,0,4,179
11/30/2022,ALB,NY,AEA,EN,Combined TRACON& Tower with Radar,68,23,8,0,99,0,2,0,0,2,68,25,8,0,101,0,0,0,101
12/01/2022,ALB,NY,AEA,EN,Combined TRACON& Tower with Radar,80,25,10,0,115,0,1,8,6,15,80,26,18,6,130,2,0,2,132
12/02/2022,ALB,NY,AEA,EN,Combined TRACON& Tower with Radar,82,29,30,0,141,0,0,40,2,42,82,29,70,2,183,38,0,38,221
12/03/2022,ALB,NY,AEA,EN,Combined TRACON& Tower with Radar,58,24,16,0,98,0,0,0,0,0,58,24,16,0,98,0,0,0,98
12/04/2022,ALB,NY,AEA,EN,Combined TRACON& Tower with Radar,64,21,18,1,104,0,3,28,0,31,64,24,46,1,135,16,0,16,151
12/05/2022,ALB,NY,AEA,EN,Combined TRACON& Tower with Radar,76,26,21,0,123,0,0,46,0,46,76,26,67,0,169,0,0,0,169
12/06/2022,ALB,NY,AEA,EN,Combined TRACON& Tower with Radar,77,30,9,0,116,0,0,8,0,8,77,30,17,0,124,10,0,10,134
12/07/2022,ALB,NY,AEA,EN,Combined TRACON& Tower with Radar,76,41,21,15,153,0,0,1,1,2,76,41,22,16,155,0,0,0,155
12/08/2022,ALB,NY,AEA,EN,Combined TRACON& Tower with Radar,79,26,11,3,119,0,1,17,9,27,79,27,28,12,146,28,0,28,174
12/09/2022,ALB,NY,AEA,EN,Combined TRACON& Tower with Radar,82,30,12,0,124,0,1,37,4,42,82,31,49,4,166,34,0,34,200
12/10/2022,ALB,NY,AEA,EN,Combined TRACON& Tower with Radar,56,19,22,0,97,0,1,41,5,47,56,20,63,5,144,26,0,26,170
12/11/2022,ALB,NY,AEA,EN,Combined TRACON& Tower with Radar,63,18,0,0,81,0,0,0,0,0,63,18,0,0,81,24,0,24,105
12/12/2022,ALB,NY,AEA,EN,Combined TRACON& Tower with Radar,81,28,22,3,134,0,2,10,7,19,81,30,32,10,153,2,0,2,155
12/13/2022,ALB,NY,AEA,EN,Combined TRACON& Tower with Radar,75,33,11,0,119,0,0,24,24,48,75,33,35,24,167,38,15,53,220
12/14/2022,ALB,NY,AEA,EN,Combined TRACON& Tower with Radar,74,36,15,6,131,0,2,27,12,41,74,38,42,18,172,53,0,53,225
12/15/2022,ALB,NY,AEA,EN,Combined TRACON& Tower with Radar,78,32,9,1,120,0,3,18,10,31,78,35,27,11,151,69,0,69,220
12/16/2022,ALB,NY,AEA,EN,Combined TRACON& Tower with Radar,59,17,7,0,83,0,0,0,0,0,59,17,7,0,83,0,0,0,83
12/17/2022,ALB,NY,AEA,EN,Combined TRACON& Tower with Radar,83,26,8,0,117,0,0,11,0,11,83,26,19,0,128,17,0,17,145
12/18/2022,ALB,NY,AEA,EN,Combined TRACON& Tower with Radar,71,23,12,0,106,0,0,21,0,21,71,23,33,0,127,24,0,24,151
12/19/2022,ALB,NY,AEA,EN,Combined TRACON& Tower with Radar,75,27,11,1,114,0,3,12,5,20,75,30,23,6,134,42,0,42,176
12/20/2022,ALB,NY,AEA,EN,Combined TRACON& Tower with Radar,84,25,15,0,124,0,1,32,5,38,84,26,47,5,162,9,0,9,171
12/21/2022,ALB,NY,AEA,EN,Combined TRACON& Tower with Radar,79,32,12,27,150,0,2,34,17,53,79,34,46,44,203,37,16,53,256
12/22/2022,ALB,NY,AEA,EN,Combined TRACON& Tower with Radar,75,30,13,4,122,0,2,7,2,11,75,32,20,6,133,0,6,6,139
12/23/2022,ALB,NY,AEA,EN,Combined TRACON& Tower with Radar,57,15,6,0,78,0,0,0,0,0,57,15,6,0,78,0,0,0,78
12/24/2022,ALB,NY,AEA,EN,Combined TRACON& Tower with Radar,52,14,1,0,67,0,0,5,0,5,52,14,6,0,72,32,0,32,104
12/25/2022,ALB,NY,AEA,EN,Combined TRACON& Tower with Radar,39,12,3,0,54,0,0,2,0,2,39,12,5,0,56,1,0,1,57
12/26/2022,ALB,NY,AEA,EN,Combined TRACON& Tower with Radar,54,24,20,0,98,0,1,18,0,19,54,25,38,0,117,0,0,0,117
12/27/2022,ALB,NY,AEA,EN,Combined TRACON& Tower with Radar,63,29,19,5,116,0,0,23,13,36,63,29,42,18,152,44,26,70,222
12/28/2022,ALB,NY,AEA,EN,Combined TRACON& Tower with Radar,59,27,13,11,110,0,0,30,2,32,59,27,43,13,142,27,12,39,181
12/29/2022,ALB,NY,AEA,EN,Combined TRACON& Tower with Radar,62,29,16,0,107,0,0,58,1,59,62,29,74,1,166,69,0,69,235
12/30/2022,ALB,NY,AEA,EN,Combined TRACON& Tower with Radar,75,26,11,0,112,0,3,40,2,45,75,29,51,2,157,42,0,42,199
12/31/2022,ALB,NY,AEA,EN,Combined TRACON& Tower with Radar,75,19,9,0,103,0,0,4,0,4,75,19,13,0,107,4,0,4,111
01/01/2023,ALB,NY,AEA,EN,Combined TRACON& Tower with Radar,56,21,2,0,79,0,1,4,0,5,56,22,6,0,84,44,0,44,128
01/02/2023,ALB,NY,AEA,EN,Combined TRACON& Tower with Radar,65,15,10,0,90,0,1,22,0,23,65,16,32,0,113,27,0,27,140
01/03/2023,ALB,NY,AEA,EN,Combined TRACON& Tower with Radar,60,22,5,8,95,0,0,0,0,0,60,22,5,8,95,0,0,0,95
01/04/2023,ALB,NY,AEA,EN,Combined TRACON& Tower with Radar,62,28,4,8,102,0,0,0,0,0,62,28,4,8,102,0,0,0,102
01/05/2023,ALB,NY,AEA,EN,Combined TRACON& Tower with Radar,56,22,23,2,103,0,3,2,0,5,56,25,25,2,108,13,1,14,122
01/06/2023,ALB,NY,AEA,EN,Combined TRACON& Tower with Radar,60,18,12,2,92,0,0,0,0,0,60,18,12,2,92,19,0,19,111
01/07/2023,ALB,NY,AEA,EN,Combined TRACON& Tower with Radar,59,23,16,0,98,0,1,20,0,21,59,24,36,0,119,51,1,52,171
01/08/2023,ALB,NY,AEA,EN,Combined TRACON& Tower with Radar,64,16,12,0,92,0,1,48,0,49,64,17,60,0,141,0,0,0,141
01/09/2023,ALB,NY,AEA,EN,Combined TRACON& Tower with Radar,75,29,15,0,119,0,0,13,0,13,75,29,28,0,132,36,0,36,168
01/10/2023,ALB,NY,AEA,EN,Combined TRACON& Tower with Radar,67,28,20,3,118,0,0,32,5,37,67,28,52,8,155,23,0,23,178
01/11/2023,ALB,NY,AEA,EN,Combined TRACON& Tower with Radar,59,31,12,5,107,0,0,33,12,45,59,31,45,17,152,21,0,21,173
01/12/2023,ALB,NY,AEA,EN,Combined TRACON& Tower with Radar,78,27,15,0,120,0,0,0,0,0,78,27,15,0,120,0,0,0,120
01/13/2023,ALB,NY,AEA,EN,Combined TRACON& Tower with Radar,76,23,6,0,105,0,0,2,0,2,76,23,8,0,107,1,0,1,108
01/14/2023,ALB,NY,AEA,EN,Combined TRACON& Tower with Radar,53,18,6,0,77,0,0,6,0,6,53,18,12,0,83,50,0,50,133
01/15/2023,ALB,NY,AEA,EN,Combined TRACON& Tower with Radar,65,22,7,0,94,0,2,32,0,34,65,24,39,0,128,13,0,13,141
01/16/2023,ALB,NY,AEA,EN,Combined TRACON& Tower with Radar,72,21,22,0,115,0,1,41,2,44,72,22,63,2,159,20,0,20,179
01/17/2023,ALB,NY,AEA,EN,Combined TRACON& Tower with Radar,69,27,9,7,112,0,1,11,1,13,69,28,20,8,125,4,4,8,133
01/18/2023,ALB,NY,AEA,EN,Combined TRACON& Tower with Radar,71,24,5,2,102,0,0,8,10,18,71,24,13,12,120,4,0,4,124
01/19/2023,ALB,NY,AEA,EN,Combined TRACON& Tower with Radar,76,30,11,0,117,0,1,16,0,17,76,31,27,0,134,0,0,0,134
01/20/2023,ALB,NY,AEA,EN,Combined TRACON& Tower with Radar,74,27,12,10,123,0,0,0,0,0,74,27,12,10,123,0,6,6,129
01/21/2023,ALB,NY,AEA,EN,Combined TRACON& Tower with Radar,60,16,16,0,92,0,2,8,2,12,60,18,24,2,104,12,0,12,116
01/22/2023,ALB,NY,AEA,EN,Combined TRACON& Tower with Radar,71,15,6,0,92,0,2,6,3,11,71,17,12,3,103,26,0,26,129
01/23/2023,ALB,NY,AEA,EN,Combined TRACON& Tower with Radar,72,24,14,0,110,0,0,0,0,0,72,24,14,0,110,0,0,0,110
01/24/2023,ALB,NY,AEA,EN,Combined TRACON& Tower with Radar,70,23,16,4,113,0,0,14,5,19,70,23,30,9,132,0,0,0,132
01/25/2023,ALB,NY,AEA,EN,Combined TRACON& Tower with Radar,69,21,5,0,95,0,0,0,2,2,69,21,5,2,97,3,0,3,100
01/26/2023,ALB,NY,AEA,EN,Combined TRACON& Tower with Radar,82,34,6,6,128,0,0,0,12,12,82,34,6,18,140,12,37,49,189
01/27/2023,ALB,NY,AEA,EN,Combined TRACON& Tower with Radar,75,18,20,0,113,0,0,40,0,40,75,18,60,0,153,18,0,18,171
01/28/2023,ALB,NY,AEA,EN,Combined TRACON& Tower with Radar,59,19,12,0,90,0,2,28,0,30,59,21,40,0,120,29,0,29,149
01/29/2023,ALB,NY,AEA,EN,Combined TRACON& Tower with Radar,72,19,15,0,106,0,1,20,1,22,72,20,35,1,128,15,0,15,143
01/30/2023,ALB,NY,AEA,EN,Combined TRACON& Tower with Radar,71,19,12,8,110,0,0,4,0,4,71,19,16,8,114,25,8,33,147
01/31/2023,ALB,NY,AEA,EN,Combined TRACON& Tower with Radar,68,28,13,7,116,0,0,14,4,18,68,28,27,11,134,10,4,14,148
02/01/2023,ALB,NY,AEA,EN,Combined TRACON& Tower with Radar,64,32,25,0,121,0,0,36,5,41,64,32,61,5,162,23,0,23,185
02/02/2023,ALB,NY,AEA,EN,Combined TRACON& Tower with Radar,71,28,11,0,110,0,1,29,6,36,71,29,40,6,146,11,0,11,157
02/03/2023,ALB,NY,AEA,EN,Combined TRACON& Tower with Radar,81,34,5,0,120,0,1,0,4,5,81,35,5,4,125,0,0,0,125
02/04/2023,ALB,NY,AEA,EN,Combined TRACON& Tower with Radar,56,20,7,4,87,0,0,7,2,9,56,20,14,6,96,0,0,0,96
02/05/2023,ALB,NY,AEA,EN,Combined TRACON& Tower with Radar,67,18,6,2,93,0,0,17,2,19,67,18,23,4,112,0,0,0,112
02/06/2023,ALB,NY,AEA,EN,Combined TRACON& Tower with Radar,70,24,22,8,124,0,0,20,4,24,70,24,42,12,148,0,0,0,148
02/07/2023,ALB,NY,AEA,EN,Combined TRACON& Tower with Radar,64,31,19,1,115,0,5,24,5,34,64,36,43,6,149,0,0,0,149
02/08/2023,ALB,NY,AEA,EN,Combined TRACON& Tower with Radar,63,28,15,1,107,0,0,28,3,31,63,28,43,4,138,0,0,0,138
02/09/2023,ALB,NY,AEA,EN,Combined TRACON& Tower with Radar,74,38,8,0,120,0,1,9,0,10,74,39,17,0,130,0,0,0,130
02/10/2023,ALB,NY,AEA,EN,Combined TRACON& Tower with Radar,76,24,15,3,118,0,0,5,2,7,76,24,20,5,125,0,0,0,125
02/11/2023,ALB,NY,AEA,EN,Combined TRACON& Tower with Radar,57,22,19,0,98,0,4,22,0,26,57,26,41,0,124,0,0,0,124
02/12/2023,ALB,NY,AEA,EN,Combined TRACON& Tower with Radar,61,20,20,1,102,0,4,55,1,60,61,24,75,2,162,0,0,0,162
02/13/2023,ALB,NY,AEA,EN,Combined TRACON& Tower with Radar,69,33,19,4,125,0,0,34,3,37,69,33,53,7,162,0,0,0,162
02/14/2023,ALB,NY,AEA,EN,Combined TRACON& Tower with Radar,62,28,17,1,108,0,0,30,7,37,62,28,47,8,145,0,0,0,145
02/15/2023,ALB,NY,AEA,EN,Combined TRACON& Tower with Radar,68,26,20,1,115,0,0,19,4,23,68,26,39,5,138,0,0,0,138
02/16/2023,ALB,NY,AEA,EN,Combined TRACON& Tower with Radar,77,32,13,2,124,0,3,16,6,25,77,35,29,8,149,0,0,0,149
02/17/2023,ALB,NY,AEA,EN,Combined TRACON& Tower with Radar,79,40,15,0,134,0,0,0,0,0,79,40,15,0,134,0,0,0,134
02/18/2023,ALB,NY,AEA,EN,Combined TRACON& Tower with Radar,64,24,23,0,111,0,3,45,0,48,64,27,68,0,159,0,0,0,159
02/19/2023,ALB,NY,AEA,EN,Combined TRACON& Tower with Radar,65,24,18,0,107,0,2,31,0,33,65,26,49,0,140,0,0,0,140
02/20/2023,ALB,NY,AEA,EN,Combined TRACON& Tower with Radar,77,26,11,0,114,0,1,31,2,34,77,27,42,2,148,0,0,0,148
02/21/2023,ALB,NY,AEA,EN,Combined TRACON& Tower with Radar,77,36,13,2,128,0,0,10,0,10,77,36,23,2,138,0,0,0,138
02/22/2023,ALB,NY,AEA,EN,Combined TRACON& Tower with Radar,66,29,13,5,113,0,1,8,9,18,66,30,21,14,131,0,0,0,131
02/23/2023,ALB,NY,AEA,EN,Combined TRACON& Tower with Radar,66,27,4,0,97,0,0,0,0,0,66,27,4,0,97,0,0,0,97
02/24/2023,ALB,NY,AEA,EN,Combined TRACON& Tower with Radar,78,40,14,1,133,0,0,2,1,3,78,40,16,2,136,0,0,0,136
02/25/2023,ALB,NY,AEA,EN,Combined TRACON& Tower with Radar,69,32,13,0,114,0,0,5,0,5,69,32,18,0,119,0,0,0,119
02/26/2023,ALB,NY,AEA,EN,Combined TRACON& Tower with Radar,64,27,8,0,99,0,0,15,0,15,64,27,23,0,114,0,0,0,114
02/27/2023,ALB,NY,AEA,EN,Combined TRACON& Tower with Radar,73,35,16,13,137,0,4,33,2,39,73,39,49,15,176,0,0,0,176
02/28/2023,ALB,NY,AEA,EN,Combined TRACON& Tower with Radar,74,32,2,0,108,0,0,0,0,0,74,32,2,0,108,0,0,0,108
03/01/2023,ALB,NY,AEA,EN,Combined TRACON& Tower with Radar,75,26,20,14,135,0,0,22,11,33,75,26,42,25,168,18,12,30,198
03/02/2023,ALB,NY,AEA,EN,Combined TRACON& Tower with Radar,78,35,15,2,130,0,0,4,0,4,78,35,19,2,134,8,0,8,142
03/03/2023,ALB,NY,AEA,EN,Combined TRACON& Tower with Radar,72,27,9,3,111,0,0,36,3,39,72,27,45,6,150,32,8,40,190
03/04/2023,ALB,NY,AEA,EN,Combined TRACON& Tower with Radar,48,16,0,0,64,0,0,0,0,0,48,16,0,0,64,0,0,0,64
03/05/2023,ALB,NY,AEA,EN,Combined TRACON& Tower with Radar,69,28,20,0,117,0,0,18,4,22,69,28,38,4,139,0,0,0,139
03/06/2023,ALB,NY,AEA,EN,Combined TRACON& Tower with Radar,76,35,15,13,139,0,0,25,8,33,76,35,40,21,172,10,18,28,200
03/07/2023,ALB,NY,AEA,EN,Combined TRACON& Tower with Radar,72,31,12,8,123,0,1,12,0,13,72,32,24,8,136,2,2,4,140
03/08/2023,ALB,NY,AEA,EN,Combined TRACON& Tower with Radar,76,26,16,1,119,0,0,24,1,25,76,26,40,2,144,0,0,0,144
03/09/2023,ALB,NY,AEA,EN,Combined TRACON& Tower with Radar,76,37,12,8,133,0,2,47,8,57,76,39,59,16,190,0,0,0,190
03/10/2023,ALB,NY,AEA,EN,Combined TRACON& Tower with Radar,76,35,13,0,124,0,0,23,0,23,76,35,36,0,147,0,0,0,147
03/11/2023,ALB,NY,AEA,EN,Combined TRACON& Tower with Radar,57,24,5,0,86,0,0,11,0,11,57,24,16,0,97,0,0,0,97
03/12/2023,ALB,NY,AEA,EN,Combined TRACON& Tower with Radar,63,21,30,0,114,0,1,53,0,54,63,22,83,0,168,0,0,0,168
03/13/2023,ALB,NY,AEA,EN,Combined TRACON& Tower with Radar,70,22,8,2,102,0,0,0,0,0,70,22,8,2,102,0,0,0,102
03/14/2023,ALB,NY,AEA,EN,Combined TRACON& Tower with Radar,25,8,0,0,33,0,0,0,0,0,25,8,0,0,33,0,0,0,33
03/15/2023,ALB,NY,AEA,EN,Combined TRACON& Tower with Radar,78,39,6,3,126,0,1,0,7,8,78,40,6,10,134,0,0,0,134
03/16/2023,ALB,NY,AEA,EN,Combined TRACON& Tower with Radar,79,40,20,4,143,0,2,35,9,46,79,42,55,13,189,0,0,0,189
03/17/2023,ALB,NY,AEA,EN,Combined TRACON& Tower with Radar,81,35,23,2,141,0,0,26,3,29,81,35,49,5,170,0,0,0,170
03/18/2023,ALB,NY,AEA,EN,Combined TRACON& Tower with Radar,57,30,21,0,108,0,0,24,0,24,57,30,45,0,132,0,0,0,132
03/19/2023,ALB,NY,AEA,EN,Combined TRACON& Tower with Radar,69,35,11,0,115,0,3,2,0,5,69,38,13,0,120,0,0,0,120
03/20/2023,ALB,NY,AEA,EN,Combined TRACON& Tower with Radar,82,28,16,11,137,0,0,49,6,55,82,28,65,17,192,0,0,0,192
03/21/2023,ALB,NY,AEA,EN,Combined TRACON& Tower with Radar,73,30,18,4,125,0,2,42,5,49,73,32,60,9,174,0,0,0,174
03/22/2023,ALB,NY,AEA,EN,Combined TRACON& Tower with Radar,74,26,25,2,127,0,0,32,4,36,74,26,57,6,163,0,0,0,163
03/23/2023,ALB,NY,AEA,EN,Combined TRACON& Tower with Radar,79,30,16,24,149,0,0,2,1,3,79,30,18,25,152,0,0,0,152
03/24/2023,ALB,NY,AEA,EN,Combined TRACON& Tower with Radar,74,39,16,0,129,0,1,24,3,28,74,40,40,3,157,0,0,0,157
03/25/2023,ALB,NY,AEA,EN,Combined TRACON& Tower with Radar,58,25,9,0,92,0,0,0,0,0,58,25,9,0,92,0,0,0,92
03/26/2023,ALB,NY,AEA,EN,Combined TRACON& Tower with Radar,73,26,11,0,110,0,1,15,2,18,73,27,26,2,128,0,0,0,128
03/27/2023,ALB,NY,AEA,EN,Combined TRACON& Tower with Radar,85,32,15,0,132,0,2,31,6,39,85,34,46,6,171,0,0,0,171
03/28/2023,ALB,NY,AEA,EN,Combined TRACON& Tower with Radar,76,27,16,5,124,0,2,19,3,24,76,29,35,8,148,0,0,0,148
03/29/2023,ALB,NY,AEA,EN,Combined TRACON& Tower with Radar,80,28,12,1,121,0,0,28,10,38,80,28,40,11,159,0,0,0,159
03/30/2023,ALB,NY,AEA,EN,Combined TRACON& Tower with Radar,81,29,11,2,123,0,0,32,9,41,81,29,43,11,164,0,0,0,164
03/31/2023,ALB,NY,AEA,EN,Combined TRACON& Tower with Radar,81,40,22,7,150,0,2,11,7,20,81,42,33,14,170,0,0,0,170
04/01/2023,ALB,NY,AEA,EN,Combined TRACON& Tower with Radar,57,19,3,0,79,0,0,6,0,6,57,19,9,0,85,20,0,20,105
04/02/2023,ALB,NY,AEA,EN,Combined TRACON& Tower with Radar,70,22,12,0,104,0,2,27,3,32,70,24,39,3,136,22,0,22,158
04/03/2023,ALB,NY,AEA,EN,Combined TRACON& Tower with Radar,82,28,14,2,126,0,3,19,7,29,82,31,33,9,155,18,0,18,173
04/04/2023,ALB,NY,AEA,EN,Combined TRACON& Tower with Radar,78,25,23,0,126,0,0,24,2,26,78,25,47,2,152,23,0,23,175
04/05/2023,ALB,NY,AEA,EN,Combined TRACON& Tower with Radar,78,39,12,1,130,0,0,5,1,6,78,39,17,2,136,29,0,29,165
04/06/2023,ALB,NY,AEA,EN,Combined TRACON& Tower with Radar,86,34,26,10,156,0,0,5,7,12,86,34,31,17,168,8,20,28,196
04/07/2023,ALB,NY,AEA,EN,Combined TRACON& Tower with Radar,88,32,11,0,131,0,4,15,2,21,88,36,26,2,152,36,0,36,188
04/08/2023,ALB,NY,AEA,EN,Combined TRACON& Tower with Radar,65,21,17,0,103,0,5,59,0,64,65,26,76,0,167,56,0,56,223
04/09/2023,ALB,NY,AEA,EN,Combined TRACON& Tower with Radar,71,18,17,1,107,0,2,28,0,30,71,20,45,1,137,24,0,24,161
04/10/2023,ALB,NY,AEA,EN,Combined TRACON& Tower with Radar,81,29,18,0,128,0,4,45,2,51,81,33,63,2,179,41,4,45,224
04/11/2023,ALB,NY,AEA,EN,Combined TRACON& Tower with Radar,80,37,26,1,144,0,3,19,3,25,80,40,45,4,169,22,6,28,197
04/12/2023,ALB,NY,AEA,EN,Combined TRACON& Tower with Radar,83,33,16,16,148,0,6,45,3,54,83,39,61,19,202,34,0,34,236
04/13/2023,ALB,NY,AEA,EN,Combined TRACON& Tower with Radar,79,40,29,0,148,0,4,40,10,54,79,44,69,10,202,60,8,68,270
04/14/2023,ALB,NY,AEA,EN,Combined TRACON& Tower with Radar,84,32,24,1,141,0,5,36,4,45,84,37,60,5,186,56,0,56,242
04/15/2023,ALB,NY,AEA,EN,Combined TRACON& Tower with Radar,62,21,20,0,103,0,0,27,0,27,62,21,47,0,130,22,0,22,152
04/16/2023,ALB,NY,AEA,EN,Combined TRACON& Tower with Radar,61,34,23,0,118,0,0,13,0,13,61,34,36,0,131,20,0,20,151
04/17/2023,ALB,NY,AEA,EN,Combined TRACON& Tower with Radar,82,36,22,0,140,0,0,5,0,5,82,36,27,0,145,34,0,34,179
04/18/2023,ALB,NY,AEA,EN,Combined TRACON& Tower with Radar,80,36,25,15,156,0,0,38,9,47,80,36,63,24,203,25,34,59,262
04/19/2023,ALB,NY,AEA,EN,Combined TRACON& Tower with Radar,74,27,17,0,118,0,0,21,6,27,74,27,38,6,145,28,0,28,173
04/20/2023,ALB,NY,AEA,EN,Combined TRACON& Tower with Radar,80,31,21,5,137,0,0,41,7,48,80,31,62,12,185,47,12,59,244
04/21/2023,ALB,NY,AEA,EN,Combined TRACON& Tower with Radar,87,30,24,0,141,0,4,38,2,44,87,34,62,2,185,18,0,18,203
04/22/2023,ALB,NY,AEA,EN,Combined TRACON& Tower with Radar,50,27,12,0,89,0,0,11,7,18,50,27,23,7,107,45,0,45,152
04/23/2023,ALB,NY,AEA,EN,Combined TRACON& Tower with Radar,73,27,18,3,121,0,0,0,0,0,73,27,18,3,121,0,0,0,121
04/24/2023,ALB,NY,AEA,EN,Combined TRACON& Tower with Radar,83,29,21,15,148,0,2,23,1,26,83,31,44,16,174,18,10,28,202
04/25/2023,ALB,NY,AEA,EN,Combined TRACON& Tower with Radar,73,31,19,11,134,0,1,28,5,34,73,32,47,16,168,0,0,0,168
04/26/2023,ALB,NY,AEA,EN,Combined TRACON& Tower with Radar,78,28,17,2,125,0,3,31,2,36,78,31,48,4,161,0,0,0,161
04/27/2023,ALB,NY,AEA,EN,Combined TRACON& Tower with Radar,82,34,32,7,155,0,0,32,7,39,82,34,64,14,194,0,0,0,194
04/28/2023,ALB,NY,AEA,EN,Combined TRACON& Tower with Radar,86,24,22,10,142,0,0,45,10,55,86,24,67,20,197,0,0,0,197
04/29/2023,ALB,NY,AEA,EN,Combined TRACON& Tower with Radar,54,26,9,0,89,0,0,9,0,9,54,26,18,0,98,0,0,0,98
04/30/2023,ALB,NY,AEA,EN,Combined TRACON& Tower with Radar,73,29,9,0,111,0,0,2,0,2,73,29,11,0,113,0,0,0,113
05/01/2023,ALB,NY,AEA,EN,Combined TRACON& Tower with Radar,87,28,17,16,148,0,0,21,1,22,87,28,38,17,170,17,4,21,191
05/02/2023,ALB,NY,AEA,EN,Combined TRACON& Tower with Radar,74,35,12,0,121,0,0,17,0,17,74,35,29,0,138,5,0,5,143
05/03/2023,ALB,NY,AEA,EN,Combined TRACON& Tower with Radar,76,45,31,15,167,0,0,13,0,13,76,45,44,15,180,10,10,20,200
05/04/2023,ALB,NY,AEA,EN,Combined TRACON& Tower with Radar,83,40,17,11,151,0,1,22,11,34,83,41,39,22,185,31,30,61,246
05/05/2023,ALB,NY,AEA,EN,Combined TRACON& Tower with Radar,83,27,14,10,134,0,0,29,7,36,83,27,43,17,170,40,14,54,224
05/06/2023,ALB,NY,AEA,EN,Combined TRACON& Tower with Radar,49,24,14,0,87,0,1,43,2,46,49,25,57,2,133,36,0,36,169
05/07/2023,ALB,NY,AEA,EN,Combined TRACON& Tower with Radar,62,28,17,0,107,0,4,36,4,44,62,32,53,4,151,6,0,6,157
05/08/2023,ALB,NY,AEA,EN,Combined TRACON& Tower with Radar,80,26,21,3,130,0,0,42,0,42,80,26,63,3,172,22,0,22,194
05/09/2023,ALB,NY,AEA,EN,Combined TRACON& Tower with Radar,70,36,15,15,136,0,2,35,11,48,70,38,50,26,184,13,10,23,207
05/10/2023,ALB,NY,AEA,EN,Combined TRACON& Tower with Radar,75,28,17,7,127,0,0,41,0,41,75,28,58,7,168,0,0,0,168
05/11/2023,ALB,NY,AEA,EN,Combined TRACON& Tower with Radar,78,26,11,15,130,0,7,46,15,68,78,33,57,30,198,0,0,0,198
05/12/2023,ALB,NY,AEA,EN,Combined TRACON& Tower with Radar,84,39,11,2,136,0,4,35,4,43,84,43,46,6,179,0,0,0,179
05/13/2023,ALB,NY,AEA,EN,Combined TRACON& Tower with Radar,49,25,19,0,93,0,3,38,2,43,49,28,57,2,136,0,0,0,136
05/14/2023,ALB,NY,AEA,EN,Combined TRACON& Tower with Radar,64,22,14,0,100,0,3,36,2,41,64,25,50,2,141,0,0,0,141
05/15/2023,ALB,NY,AEA,EN,Combined TRACON& Tower with Radar,80,34,17,0,131,0,3,35,2,40,80,37,52,2,171,0,0,0,171
05/16/2023,ALB,NY,AEA,EN,Combined TRACON& Tower with Radar,71,27,14,11,123,0,6,35,5,46,71,33,49,16,169,0,0,0,169
05/17/2023,ALB,NY,AEA,EN,Combined TRACON& Tower with Radar,72,35,15,2,124,0,3,45,6,54,72,38,60,8,178,0,0,0,178
05/18/2023,ALB,NY,AEA,EN,Combined TRACON& Tower with Radar,81,37,17,5,140,0,2,56,21,79,81,39,73,26,219,0,0,0,219
05/19/2023,ALB,NY,AEA,EN,Combined TRACON& Tower with Radar,86,35,17,2,140,0,0,21,0,21,86,35,38,2,161,0,0,0,161
05/20/2023,ALB,NY,AEA,EN,Combined TRACON& Tower with Radar,54,57,15,0,126,0,2,7,0,9,54,59,22,0,135,0,0,0,135
05/21/2023,ALB,NY,AEA,EN,Combined TRACON& Tower with Radar,71,27,15,0,113,0,0,15,1,16,71,27,30,1,129,0,0,0,129
05/22/2023,ALB,NY,AEA,EN,Combined TRACON& Tower with Radar,78,34,14,3,129,0,1,31,1,33,78,35,45,4,162,0,0,0,162
05/23/2023,ALB,NY,AEA,EN,Combined TRACON& Tower with Radar,74,26,27,8,135,0,1,33,4,38,74,27,60,12,173,0,0,0,173
05/24/2023,ALB,NY,AEA,EN,Combined TRACON& Tower with Radar,72,31,16,0,119,0,0,26,2,28,72,31,42,2,147,0,0,0,147
05/25/2023,ALB,NY,AEA,EN,Combined TRACON& Tower with Radar,78,35,21,0,134,0,0,32,12,44,78,35,53,12,178,0,0,0,178
05/26/2023,ALB,NY,AEA,EN,Combined TRACON& Tower with Radar,84,39,20,0,143,0,8,43,2,53,84,47,63,2,196,0,0,0,196
05/27/2023,ALB,NY,AEA,EN,Combined TRACON& Tower with Radar,50,24,18,0,92,0,1,38,0,39,50,25,56,0,131,0,0,0,131
05/28/2023,ALB,NY,AEA,EN,Combined TRACON& Tower with Radar,53,36,6,0,95,0,2,34,0,36,53,38,40,0,131,0,0,0,131
05/29/2023,ALB,NY,AEA,EN,Combined TRACON& Tower with Radar,76,23,25,3,127,0,2,36,0,38,76,25,61,3,165,0,0,0,165
05/30/2023,ALB,NY,AEA,EN,Combined TRACON& Tower with Radar,67,24,24,0,115,0,2,59,10,71,67,26,83,10,186,0,0,0,186
05/31/2023,ALB,NY,AEA,EN,Combined TRACON& Tower with Radar,72,35,21,5,133,0,8,37,7,52,72,43,58,12,185,0,0,0,185
06/01/2023,ALB,NY,AEA,EN,Combined TRACON& Tower with Radar,79,28,13,0,120,0,0,26,10,36,79,28,39,10,156,24,0,24,180
06/02/2023,ALB,NY,AEA,EN,Combined TRACON& Tower with Radar,84,24,21,0,129,0,3,22,2,27,84,27,43,2,156,0,0,0,156
06/03/2023,ALB,NY,AEA,EN,Combined TRACON& Tower with Radar,51,30,21,2,104,0,0,10,0,10,51,30,31,2,114,0,0,0,114
06/04/2023,ALB,NY,AEA,EN,Combined TRACON& Tower with Radar,62,27,19,0,108,0,3,28,2,33,62,30,47,2,141,0,0,0,141
06/05/2023,ALB,NY,AEA,EN,Combined TRACON& Tower with Radar,71,31,17,4,123,0,0,32,6,38,71,31,49,10,161,0,0,0,161
06/06/2023,ALB,NY,AEA,EN,Combined TRACON& Tower with Radar,66,22,17,6,111,0,1,8,0,9,66,23,25,6,120,8,4,12,132
06/07/2023,ALB,NY,AEA,EN,Combined TRACON& Tower with Radar,66,36,27,2,131,0,0,3,0,3,66,36,30,2,134,8,0,8,142
06/08/2023,ALB,NY,AEA,EN,Combined TRACON& Tower with Radar,72,29,26,3,130,0,0,10,1,11,72,29,36,4,141,48,0,48,189
06/09/2023,ALB,NY,AEA,EN,Combined TRACON& Tower with Radar,75,27,25,0,127,0,0,16,2,18,75,27,41,2,145,8,0,8,153
06/10/2023,ALB,NY,AEA,EN,Combined TRACON& Tower with Radar,47,21,22,0,90,0,0,49,6,55,47,21,71,6,145,4,0,4,149
06/11/2023,ALB,NY,AEA,EN,Combined TRACON& Tower with Radar,61,26,20,0,107,0,2,41,3,46,61,28,61,3,153,4,0,4,157
06/12/2023,ALB,NY,AEA,EN,Combined TRACON& Tower with Radar,73,28,20,3,124,0,1,33,5,39,73,29,53,8,163,15,0,15,178
06/13/2023,ALB,NY,AEA,EN,Combined TRACON& Tower with Radar,65,33,35,0,133,0,1,36,2,39,65,34,71,2,172,2,0,2,174
06/14/2023,ALB,NY,AEA,EN,Combined TRACON& Tower with Radar,72,34,17,0,123,0,2,25,4,31,72,36,42,4,154,24,0,24,178
06/15/2023,ALB,NY,AEA,EN,Combined TRACON& Tower with Radar,73,41,31,2,147,0,0,55,18,73,73,41,86,20,220,6,0,6,226
06/16/2023,ALB,NY,AEA,EN,Combined TRACON& Tower with Radar,69,29,17,10,125,0,0,32,14,46,69,29,49,24,171,22,32,54,225
06/17/2023,ALB,NY,AEA,EN,Combined TRACON& Tower with Radar,52,24,27,0,103,0,0,34,7,41,52,24,61,7,144,20,0,20,164
06/18/2023,ALB,NY,AEA,EN,Combined TRACON& Tower with Radar,60,18,26,0,104,0,4,59,21,84,60,22,85,21,188,13,0,13,201
06/19/2023,ALB,NY,AEA,EN,Combined TRACON& Tower with Radar,70,26,21,0,117,0,7,46,0,53,70,33,67,0,170,32,0,32,202
06/20/2023,ALB,NY,AEA,EN,Combined TRACON& Tower with Radar,72,34,31,0,137,0,7,25,0,32,72,41,56,0,169,0,0,0,169
06/21/2023,ALB,NY,AEA,EN,Combined TRACON& Tower with Radar,70,32,22,12,136,0,3,43,18,64,70,35,65,30,200,43,2,45,245
06/22/2023,ALB,NY,AEA,EN,Combined TRACON& Tower with Radar,72,29,41,2,144,0,2,45,2,49,72,31,86,4,193,34,0,34,227
06/23/2023,ALB,NY,AEA,EN,Combined TRACON& Tower with Radar,79,49,14,0,142,0,4,30,4,38,79,53,44,4,180,8,0,8,188
06/24/2023,ALB,NY,AEA,EN,Combined TRACON& Tower with Radar,55,42,21,0,118,0,0,0,0,0,55,42,21,0,118,0,0,0,118
06/25/2023,ALB,NY,AEA,EN,Combined TRACON& Tower with Radar,58,27,29,5,119,0,0,23,1,24,58,27,52,6,143,42,16,58,201
06/26/2023,ALB,NY,AEA,EN,Combined TRACON& Tower with Radar,59,23,14,4,100,0,0,5,2,7,59,23,19,6,107,0,0,0,107
06/27/2023,ALB,NY,AEA,EN,Combined TRACON& Tower with Radar,64,32,30,2,128,0,0,10,0,10,64,32,40,2,138,9,0,9,147
06/28/2023,ALB,NY,AEA,EN,Combined TRACON& Tower with Radar,69,24,25,2,120,0,0,3,3,6,69,24,28,5,126,18,0,18,144
06/29/2023,ALB,NY,AEA,EN,Combined TRACON& Tower with Radar,74,31,31,2,138,0,1,17,1,19,74,32,48,3,157,19,0,19,176
06/30/2023,ALB,NY,AEA,EN,Combined TRACON& Tower with Radar,72,34,34,0,140,0,0,21,0,21,72,34,55,0,161,0,0,0,161
07/01/2023,ALB,NY,AEA,EN,Combined TRACON& Tower with Radar,55,28,28,0,111,0,0,13,0,13,55,28,41,0,124,14,0,14,138
07/02/2023,ALB,NY,AEA,EN,Combined TRACON& Tower with Radar,60,33,24,0,117,0,0,0,0,0,60,33,24,0,117,36,0,36,153
07/03/2023,ALB,NY,AEA,EN,Combined TRACON& Tower with Radar,63,21,33,0,117,0,0,2,0,2,63,21,35,0,119,0,0,0,119
07/04/2023,ALB,NY,AEA,EN,Combined TRACON& Tower with Radar,51,20,17,0,88,0,0,8,0,8,51,20,25,0,96,12,1,13,109
07/05/2023,ALB,NY,AEA,EN,Combined TRACON& Tower with Radar,68,24,18,18,128,0,0,35,2,37,68,24,53,20,165,10,0,10,175
07/06/2023,ALB,NY,AEA,EN,Combined TRACON& Tower with Radar,73,35,19,0,127,0,1,39,4,44,73,36,58,4,171,0,0,0,171
07/07/2023,ALB,NY,AEA,EN,Combined TRACON& Tower with Radar,71,29,5,5,110,0,0,10,1,11,71,29,15,6,121,12,0,12,133
07/08/2023,ALB,NY,AEA,EN,Combined TRACON& Tower with Radar,55,32,29,0,116,0,3,12,0,15,55,35,41,0,131,2,0,2,133
07/09/2023,ALB,NY,AEA,EN,Combined TRACON& Tower with Radar,63,26,14,0,103,0,2,7,1,10,63,28,21,1,113,15,0,15,128
07/10/2023,ALB,NY,AEA,EN,Combined TRACON& Tower with Radar,72,40,15,0,127,0,0,5,0,5,72,40,20,0,132,1,14,15,147
07/11/2023,ALB,NY,AEA,EN,Combined TRACON& Tower with Radar,76,33,33,2,144,0,5,42,7,54,76,38,75,9,198,32,0,32,230
07/12/2023,ALB,NY,AEA,EN,Combined TRACON& Tower with Radar,71,39,20,3,133,0,0,33,7,40,71,39,53,10,173,30,0,30,203
07/13/2023,ALB,NY,AEA,EN,Combined TRACON& Tower with Radar,78,48,22,11,159,0,1,22,7,30,78,49,44,18,189,2,0,2,191
07/14/2023,ALB,NY,AEA,EN,Combined TRACON& Tower with Radar,80,28,25,2,135,0,0,23,1,24,80,28,48,3,159,16,0,16,175
07/15/2023,ALB,NY,AEA,EN,Combined TRACON& Tower with Radar,65,24,37,0,126,0,2,41,0,43,65,26,78,0,169,0,0,0,169
07/16/2023,ALB,NY,AEA,EN,Combined TRACON& Tower with Radar,59,33,14,2,108,0,0,1,0,1,59,33,15,2,109,0,0,0,109
07/17/2023,ALB,NY,AEA,EN,Combined TRACON& Tower with Radar,79,32,21,10,142,0,2,24,4,30,79,34,45,14,172,9,0,9,181
07/18/2023,ALB,NY,AEA,EN,Combined TRACON& Tower with Radar,79,36,15,3,133,0,1,19,1,21,79,37,34,4,154,10,0,10,164
07/19/2023,ALB,NY,AEA,EN,Combined TRACON& Tower with Radar,77,33,31,4,145,0,6,58,10,74,77,39,89,14,219,36,0,36,255
07/20/2023,ALB,NY,AEA,EN,Combined TRACON& Tower with Radar,82,24,28,2,136,0,4,48,4,56,82,28,76,6,192,30,0,30,222
07/21/2023,ALB,NY,AEA,EN,Combined TRACON& Tower with Radar,86,35,27,2,150,0,0,6,0,6,86,35,33,2,156,5,0,5,161
07/22/2023,ALB,NY,AEA,EN,Combined TRACON& Tower with Radar,72,34,28,0,134,0,3,29,0,32,72,37,57,0,166,19,0,19,185
07/23/2023,ALB,NY,AEA,EN,Combined TRACON& Tower with Radar,70,31,19,6,126,0,1,37,0,38,70,32,56,6,164,4,0,4,168
07/24/2023,ALB,NY,AEA,EN,Combined TRACON& Tower with Radar,76,36,16,4,132,0,1,18,12,31,76,37,34,16,163,18,0,18,181
07/25/2023,ALB,NY,AEA,EN,Combined TRACON& Tower with Radar,80,29,20,5,134,0,2,35,5,42,80,31,55,10,176,11,1,12,188
07/26/2023,ALB,NY,AEA,EN,Combined TRACON& Tower with Radar,71,38,37,1,147,0,10,48,7,65,71,48,85,8,212,30,1,31,243
07/27/2023,ALB,NY,AEA,EN,Combined TRACON& Tower with Radar,78,35,22,0,135,0,0,10,0,10,78,35,32,0,145,16,0,16,161
07/28/2023,ALB,NY,AEA,EN,Combined TRACON& Tower with Radar,78,29,27,3,137,0,3,55,4,62,78,32,82,7,199,23,0,23,222
07/29/2023,ALB,NY,AEA,EN,Combined TRACON& Tower with Radar,62,25,22,0,109,0,0,19,0,19,62,25,41,0,128,30,0,30,158
07/30/2023,ALB,NY,AEA,EN,Combined TRACON& Tower with Radar,70,26,29,0,125,0,2,51,4,57,70,28,80,4,182,38,0,38,220
07/31/2023,ALB,NY,AEA,EN,Combined TRACON& Tower with Radar,75,31,12,0,118,0,1,27,0,28,75,32,39,0,146,41,0,41,187
08/01/2023,ALB,NY,AEA,EN,Combined TRACON& Tower with Radar,74,36,20,3,133,0,1,31,7,39,74,37,51,10,172,29,1,30,202
08/02/2023,ALB,NY,AEA,EN,Combined TRACON& Tower with Radar,76,34,22,2,134,0,2,53,12,67,76,36,75,14,201,0,0,0,201
08/03/2023,ALB,NY,AEA,EN,Combined TRACON& Tower with Radar,77,30,20,4,131,0,0,33,2,35,77,30,53,6,166,20,0,20,186
08/04/2023,ALB,NY,AEA,EN,Combined TRACON& Tower with Radar,81,40,25,0,146,0,0,3,0,3,81,40,28,0,149,4,0,4,153
08/05/2023,ALB,NY,AEA,EN,Combined TRACON& Tower with Radar,72,29,39,0,140,0,4,29,1,34,72,33,68,1,174,44,0,44,218
08/06/2023,ALB,NY,AEA,EN,Combined TRACON& Tower with Radar,68,37,23,0,128,0,3,55,0,58,68,40,78,0,186,30,0,30,216
08/07/2023,ALB,NY,AEA,EN,Combined TRACON& Tower with Radar,67,30,22,2,121,0,4,2,0,6,67,34,24,2,127,9,0,9,136
08/08/2023,ALB,NY,AEA,EN,Combined TRACON& Tower with Radar,80,31,27,6,144,0,0,3,1,4,80,31,30,7,148,8,0,8,156
08/09/2023,ALB,NY,AEA,EN,Combined TRACON& Tower with Radar,77,32,26,5,140,0,3,40,13,56,77,35,66,18,196,34,2,36,232
08/10/2023,ALB,NY,AEA,EN,Combined TRACON& Tower with Radar,81,26,19,2,128,0,3,11,6,20,81,29,30,8,148,28,1,29,177
08/11/2023,ALB,NY,AEA,EN,Combined TRACON& Tower with Radar,82,24,21,0,127,0,1,50,2,53,82,25,71,2,180,16,0,16,196
08/12/2023,ALB,NY,AEA,EN,Combined TRACON& Tower with Radar,64,25,31,0,120,0,3,41,1,45,64,28,72,1,165,34,0,34,199
08/13/2023,ALB,NY,AEA,EN,Combined TRACON& Tower with Radar,65,34,25,4,128,0,2,29,0,31,65,36,54,4,159,20,0,20,179
08/14/2023,ALB,NY,AEA,EN,Combined TRACON& Tower with Radar,80,28,22,0,130,0,1,46,0,47,80,29,68,0,177,10,0,10,187
08/15/2023,ALB,NY,AEA,EN,Combined TRACON& Tower with Radar,73,32,30,0,135,0,0,1,0,1,73,32,31,0,136,0,0,0,136
08/16/2023,ALB,NY,AEA,EN,Combined TRACON& Tower with Radar,76,41,23,0,140,0,0,17,12,29,76,41,40,12,169,46,1,47,216
08/17/2023,ALB,NY,AEA,EN,Combined TRACON& Tower with Radar,79,44,30,3,156,0,1,14,13,28,79,45,44,16,184,34,0,34,218
08/18/2023,ALB,NY,AEA,EN,Combined TRACON& Tower with Radar,82,31,19,2,134,0,2,22,1,25,82,33,41,3,159,12,0,12,171
08/19/2023,ALB,NY,AEA,EN,Combined TRACON& Tower with Radar,63,29,34,3,129,0,1,33,3,37,63,30,67,6,166,8,1,9,175
08/20/2023,ALB,NY,AEA,EN,Combined TRACON& Tower with Radar,73,33,22,1,129,0,3,34,5,42,73,36,56,6,171,4,0,4,175
08/21/2023,ALB,NY,AEA,EN,Combined TRACON& Tower with Radar,75,30,19,0,124,0,2,33,0,35,75,32,52,0,159,13,0,13,172
08/22/2023,ALB,NY,AEA,EN,Combined TRACON& Tower with Radar,75,24,24,9,132,0,1,52,3,56,75,25,76,12,188,42,8,50,238
08/23/2023,ALB,NY,AEA,EN,Combined TRACON& Tower with Radar,74,28,17,3,122,0,0,69,9,78,74,28,86,12,200,0,0,0,200
08/24/2023,ALB,NY,AEA,EN,Combined TRACON& Tower with Radar,72,46,37,9,164,0,0,8,2,10,72,46,45,11,174,0,0,0,174
08/25/2023,ALB,NY,AEA,EN,Combined TRACON& Tower with Radar,80,37,24,0,141,0,0,5,0,5,80,37,29,0,146,0,0,0,146
08/26/2023,ALB,NY,AEA,EN,Combined TRACON& Tower with Radar,63,30,28,0,121,0,0,13,0,13,63,30,41,0,134,0,0,0,134
08/27/2023,ALB,NY,AEA,EN,Combined TRACON& Tower with Radar,68,37,33,0,138,0,1,22,2,25,68,38,55,2,163,0,0,0,163
08/28/2023,ALB,NY,AEA,EN,Combined TRACON& Tower with Radar,80,32,32,5,149,0,0,15,8,23,80,32,47,13,172,0,0,0,172
08/29/2023,ALB,NY,AEA,EN,Combined TRACON& Tower with Radar,74,33,17,11,135,0,0,24,6,30,74,33,41,17,165,0,0,0,165
08/30/2023,ALB,NY,AEA,EN,Combined TRACON& Tower with Radar,73,33,25,2,133,0,0,12,13,25,73,33,37,15,158,0,0,0,158
08/31/2023,ALB,NY,AEA,EN,Combined TRACON& Tower with Radar,72,35,28,0,135,0,5,66,2,73,72,40,94,2,208,0,0,0,208
01/01/2020,ALB,NY,AEA,EN,Combined TRACON& Tower with Radar,50,37,7,0,94,0,0,16,0,16,50,37,23,0,110,24,0,24,134
01/02/2020,ALB,NY,AEA,EN,Combined TRACON& Tower with Radar,64,43,32,19,158,0,2,51,9,62,64,45,83,28,220,29,22,51,271
01/03/2020,ALB,NY,AEA,EN,Combined TRACON& Tower with Radar,67,43,5,29,144,0,0,7,24,31,67,43,12,53,175,12,43,55,230
01/04/2020,ALB,NY,AEA,EN,Combined TRACON& Tower with Radar,56,41,8,0,105,0,0,0,0,0,56,41,8,0,105,0,0,0,105
01/05/2020,ALB,NY,AEA,EN,Combined TRACON& Tower with Radar,58,33,11,0,102,0,1,9,0,10,58,34,20,0,112,0,0,0,112
01/06/2020,ALB,NY,AEA,EN,Combined TRACON& Tower with Radar,65,49,12,5,131,0,0,8,1,9,65,49,20,6,140,2,4,6,146
01/07/2020,ALB,NY,AEA,EN,Combined TRACON& Tower with Radar,64,47,19,4,134,0,6,28,4,38,64,53,47,8,172,22,6,28,200
01/08/2020,ALB,NY,AEA,EN,Combined TRACON& Tower with Radar,64,53,20,1,138,0,2,6,3,11,64,55,26,4,149,3,2,5,154
01/09/2020,ALB,NY,AEA,EN,Combined TRACON& Tower with Radar,65,50,18,21,154,0,0,27,26,53,65,50,45,47,207,7,45,52,259
01/10/2020,ALB,NY,AEA,EN,Combined TRACON& Tower with Radar,67,48,12,0,127,0,0,13,2,15,67,48,25,2,142,28,0,28,170
01/11/2020,ALB,NY,AEA,EN,Combined TRACON& Tower with Radar,52,23,11,1,87,0,0,8,1,9,52,23,19,2,96,2,0,2,98
01/12/2020,ALB,NY,AEA,EN,Combined TRACON& Tower with Radar,64,42,5,1,112,0,0,3,15,18,64,42,8,16,130,0,0,0,130
01/13/2020,ALB,NY,AEA,EN,Combined TRACON& Tower with Radar,59,47,25,29,160,0,0,2,3,5,59,47,27,32,165,4,32,36,201
01/14/2020,ALB,NY,AEA,EN,Combined TRACON& Tower with Radar,60,48,15,15,138,0,0,17,0,17,60,48,32,15,155,31,2,33,188
01/15/2020,ALB,NY,AEA,EN,Combined TRACON& Tower with Radar,62,45,11,1,119,0,2,35,17,54,62,47,46,18,173,19,0,19,192
01/16/2020,ALB,NY,AEA,EN,Combined TRACON& Tower with Radar,66,50,10,7,133,0,0,2,11,13,66,50,12,18,146,4,6,10,156
01/17/2020,ALB,NY,AEA,EN,Combined TRACON& Tower with Radar,60,49,17,3,129,0,0,18,5,23,60,49,35,8,152,12,0,12,164
01/18/2020,ALB,NY,AEA,EN,Combined TRACON& Tower with Radar,54,21,8,0,83,0,0,25,0,25,54,21,33,0,108,23,0,23,131
01/19/2020,ALB,NY,AEA,EN,Combined TRACON& Tower with Radar,60,34,10,0,104,0,1,8,0,9,60,35,18,0,113,4,0,4,117
01/20/2020,ALB,NY,AEA,EN,Combined TRACON& Tower with Radar,57,47,12,0,116,0,1,21,0,22,57,48,33,0,138,0,0,0,138
01/21/2020,ALB,NY,AEA,EN,Combined TRACON& Tower with Radar,61,48,5,6,120,0,0,20,4,24,61,48,25,10,144,13,2,15,159
01/22/2020,ALB,NY,AEA,EN,Combined TRACON& Tower with Radar,62,46,12,23,143,0,0,29,16,45,62,46,41,39,188,0,0,0,188
01/23/2020,ALB,NY,AEA,EN,Combined TRACON& Tower with Radar,64,48,21,6,139,0,3,30,16,49,64,51,51,22,188,23,2,25,213
01/24/2020,ALB,NY,AEA,EN,Combined TRACON& Tower with Radar,62,45,16,10,133,0,3,47,8,58,62,48,63,18,191,43,20,63,254
01/25/2020,ALB,NY,AEA,EN,Combined TRACON& Tower with Radar,51,21,18,0,90,0,0,3,0,3,51,21,21,0,93,41,0,41,134
01/26/2020,ALB,NY,AEA,EN,Combined TRACON& Tower with Radar,66,38,15,2,121,0,0,15,0,15,66,38,30,2,136,26,0,26,162
01/27/2020,ALB,NY,AEA,EN,Combined TRACON& Tower with Radar,63,46,27,19,155,0,0,18,14,32,63,46,45,33,187,14,38,52,239
01/28/2020,ALB,NY,AEA,EN,Combined TRACON& Tower with Radar,62,50,10,10,132,0,0,9,12,21,62,50,19,22,153,12,24,36,189
01/29/2020,ALB,NY,AEA,EN,Combined TRACON& Tower with Radar,62,45,23,0,130,0,1,46,12,59,62,46,69,12,189,21,1,22,211
01/30/2020,ALB,NY,AEA,EN,Combined TRACON& Tower with Radar,67,49,27,4,147,0,6,43,15,64,67,55,70,19,211,18,3,21,232
01/31/2020,ALB,NY,AEA,EN,Combined TRACON& Tower with Radar,64,47,15,2,128,0,0,20,4,24,64,47,35,6,152,35,0,35,187
02/01/2020,ALB,NY,AEA,EN,Combined TRACON& Tower with Radar,55,25,15,0,95,0,0,9,0,9,55,25,24,0,104,29,0,29,133
02/02/2020,ALB,NY,AEA,EN,Combined TRACON& Tower with Radar,57,38,9,0,104,0,0,10,0,10,57,38,19,0,114,41,0,41,155
02/03/2020,ALB,NY,AEA,EN,Combined TRACON& Tower with Radar,61,50,13,8,132,0,0,18,2,20,61,50,31,10,152,7,2,9,161
02/04/2020,ALB,NY,AEA,EN,Combined TRACON& Tower with Radar,60,50,14,12,136,0,0,11,8,19,60,50,25,20,155,19,1,20,175
02/05/2020,ALB,NY,AEA,EN,Combined TRACON& Tower with Radar,59,48,24,24,155,0,0,24,8,32,59,48,48,32,187,13,0,13,200
02/06/2020,ALB,NY,AEA,EN,Combined TRACON& Tower with Radar,63,42,4,0,109,0,0,0,0,0,63,42,4,0,109,7,0,7,116
02/07/2020,ALB,NY,AEA,EN,Combined TRACON& Tower with Radar,54,26,9,0,89,0,0,0,0,0,54,26,9,0,89,0,0,0,89
02/08/2020,ALB,NY,AEA,EN,Combined TRACON& Tower with Radar,53,23,15,3,94,0,0,11,7,18,53,23,26,10,112,4,0,4,116
02/09/2020,ALB,NY,AEA,EN,Combined TRACON& Tower with Radar,59,32,15,3,109,0,1,11,4,16,59,33,26,7,125,47,0,47,172
02/10/2020,ALB,NY,AEA,EN,Combined TRACON& Tower with Radar,65,49,9,10,133,0,0,2,0,2,65,49,11,10,135,0,1,1,136
02/11/2020,ALB,NY,AEA,EN,Combined TRACON& Tower with Radar,62,56,11,0,129,0,0,0,0,0,62,56,11,0,129,0,0,0,129
02/12/2020,ALB,NY,AEA,EN,Combined TRACON& Tower with Radar,66,51,41,11,169,0,0,33,18,51,66,51,74,29,220,31,5,36,256
02/13/2020,ALB,NY,AEA,EN,Combined TRACON& Tower with Radar,69,47,14,9,139,0,0,0,4,4,69,47,14,13,143,2,0,2,145
02/14/2020,ALB,NY,AEA,EN,Combined TRACON& Tower with Radar,71,57,11,1,140,0,0,14,1,15,71,57,25,2,155,13,0,13,168
02/15/2020,ALB,NY,AEA,EN,Combined TRACON& Tower with Radar,65,30,21,0,116,0,0,40,0,40,65,30,61,0,156,19,0,19,175
02/16/2020,ALB,NY,AEA,EN,Combined TRACON& Tower with Radar,60,38,15,0,113,0,0,20,0,20,60,38,35,0,133,13,0,13,146
02/17/2020,ALB,NY,AEA,EN,Combined TRACON& Tower with Radar,69,49,16,0,134,0,0,33,0,33,69,49,49,0,167,7,0,7,174
02/18/2020,ALB,NY,AEA,EN,Combined TRACON& Tower with Radar,73,48,12,0,133,0,0,0,0,0,73,48,12,0,133,0,0,0,133
02/19/2020,ALB,NY,AEA,EN,Combined TRACON& Tower with Radar,75,55,9,1,140,0,0,5,9,14,75,55,14,10,154,3,0,3,157
02/20/2020,ALB,NY,AEA,EN,Combined TRACON& Tower with Radar,74,55,14,2,145,0,0,24,10,34,74,55,38,12,179,15,9,24,203
02/21/2020,ALB,NY,AEA,EN,Combined TRACON& Tower with Radar,67,51,14,5,137,0,0,38,9,47,67,51,52,14,184,13,8,21,205
02/22/2020,ALB,NY,AEA,EN,Combined TRACON& Tower with Radar,69,36,23,0,128,0,0,41,2,43,69,36,64,2,171,27,0,27,198
02/23/2020,ALB,NY,AEA,EN,Combined TRACON& Tower with Radar,64,44,16,0,124,0,0,63,2,65,64,44,79,2,189,33,0,33,222
02/24/2020,ALB,NY,AEA,EN,Combined TRACON& Tower with Radar,68,47,12,3,130,0,0,51,15,66,68,47,63,18,196,18,4,22,218
02/25/2020,ALB,NY,AEA,EN,Combined TRACON& Tower with Radar,72,49,15,21,157,0,0,17,9,26,72,49,32,30,183,5,17,22,205
02/26/2020,ALB,NY,AEA,EN,Combined TRACON& Tower with Radar,68,41,12,2,123,0,0,0,0,0,68,41,12,2,123,4,0,4,127
02/27/2020,ALB,NY,AEA,EN,Combined TRACON& Tower with Radar,77,46,9,2,134,0,1,6,0,7,77,47,15,2,141,0,0,0,141
02/28/2020,ALB,NY,AEA,EN,Combined TRACON& Tower with Radar,68,52,12,2,134,0,0,17,2,19,68,52,29,4,153,8,0,8,161
02/29/2020,ALB,NY,AEA,EN,Combined TRACON& Tower with Radar,64,39,11,0,114,0,0,14,0,14,64,39,25,0,128,4,0,4,132
03/01/2020,ALB,NY,AEA,EN,Combined TRACON& Tower with Radar,64,44,15,0,123,0,0,27,0,27,64,44,42,0,150,21,0,21,171
03/02/2020,ALB,NY,AEA,EN,Combined TRACON& Tower with Radar,69,45,23,2,139,0,0,17,2,19,69,45,40,4,158,6,0,6,164
03/03/2020,ALB,NY,AEA,EN,Combined TRACON& Tower with Radar,71,55,15,0,141,0,0,12,2,14,71,55,27,2,155,15,0,15,170
03/04/2020,ALB,NY,AEA,EN,Combined TRACON& Tower with Radar,71,53,14,4,142,0,0,9,14,23,71,53,23,18,165,0,0,0,165
03/05/2020,ALB,NY,AEA,EN,Combined TRACON& Tower with Radar,69,55,27,3,154,0,4,30,8,42,69,59,57,11,196,0,0,0,196
03/06/2020,ALB,NY,AEA,EN,Combined TRACON& Tower with Radar,69,48,10,10,137,0,0,8,11,19,69,48,18,21,156,6,0,6,162
03/07/2020,ALB,NY,AEA,EN,Combined TRACON& Tower with Radar,62,38,16,1,117,0,0,31,9,40,62,38,47,10,157,20,0,20,177
03/08/2020,ALB,NY,AEA,EN,Combined TRACON& Tower with Radar,64,37,12,2,115,0,0,50,10,60,64,37,62,12,175,10,0,10,185
03/09/2020,ALB,NY,AEA,EN,Combined TRACON& Tower with Radar,64,45,15,13,137,0,0,35,15,50,64,45,50,28,187,23,24,47,234
03/10/2020,ALB,NY,AEA,EN,Combined TRACON& Tower with Radar,68,56,13,4,141,0,2,10,0,12,68,58,23,4,153,1,0,1,154
03/11/2020,ALB,NY,AEA,EN,Combined TRACON& Tower with Radar,75,59,20,7,161,0,0,37,17,54,75,59,57,24,215,7,12,19,234
03/12/2020,ALB,NY,AEA,EN,Combined TRACON& Tower with Radar,72,50,26,1,149,0,0,31,23,54,72,50,57,24,203,11,0,11,214
03/13/2020,ALB,NY,AEA,EN,Combined TRACON& Tower with Radar,72,48,5,0,125,0,1,2,0,3,72,49,7,0,128,1,0,1,129
03/14/2020,ALB,NY,AEA,EN,Combined TRACON& Tower with Radar,70,32,20,0,122,0,0,6,2,8,70,32,26,2,130,3,0,3,133
03/15/2020,ALB,NY,AEA,EN,Combined TRACON& Tower with Radar,64,46,19,0,129,0,0,54,0,54,64,46,73,0,183,29,0,29,212
03/16/2020,ALB,NY,AEA,EN,Combined TRACON& Tower with Radar,67,54,19,3,143,0,2,24,4,30,67,56,43,7,173,8,18,26,199
03/17/2020,ALB,NY,AEA,EN,Combined TRACON& Tower with Radar,70,62,8,9,149,0,0,1,5,6,70,62,9,14,155,0,20,20,175
03/18/2020,ALB,NY,AEA,EN,Combined TRACON& Tower with Radar,67,46,20,3,136,0,0,39,10,49,67,46,59,13,185,20,0,20,205
03/19/2020,ALB,NY,AEA,EN,Combined TRACON& Tower with Radar,66,48,15,4,133,0,0,2,2,4,66,48,17,6,137,0,4,4,141
03/20/2020,ALB,NY,AEA,EN,Combined TRACON& Tower with Radar,59,50,3,0,112,0,0,0,0,0,59,50,3,0,112,0,0,0,112
03/21/2020,ALB,NY,AEA,EN,Combined TRACON& Tower with Radar,51,24,11,0,86,0,0,31,0,31,51,24,42,0,117,0,0,0,117
03/22/2020,ALB,NY,AEA,EN,Combined TRACON& Tower with Radar,48,33,17,0,98,0,0,46,0,46,48,33,63,0,144,0,0,0,144
03/23/2020,ALB,NY,AEA,EN,Combined TRACON& Tower with Radar,42,29,6,4,81,0,0,0,0,0,42,29,6,4,81,0,0,0,81
03/24/2020,ALB,NY,AEA,EN,Combined TRACON& Tower with Radar,44,43,2,18,107,0,0,12,22,34,44,43,14,40,141,0,0,0,141
03/25/2020,ALB,NY,AEA,EN,Combined TRACON& Tower with Radar,39,27,3,4,73,0,0,17,12,29,39,27,20,16,102,21,20,41,143
03/26/2020,ALB,NY,AEA,EN,Combined TRACON& Tower with Radar,33,32,10,15,90,0,0,27,28,55,33,32,37,43,145,16,20,36,181
03/27/2020,ALB,NY,AEA,EN,Combined TRACON& Tower with Radar,34,32,12,0,78,0,0,25,4,29,34,32,37,4,107,7,0,7,114
03/28/2020,ALB,NY,AEA,EN,Combined TRACON& Tower with Radar,26,21,6,0,53,0,0,15,0,15,26,21,21,0,68,2,0,2,70
03/29/2020,ALB,NY,AEA,EN,Combined TRACON& Tower with Radar,29,30,4,0,63,0,0,0,0,0,29,30,4,0,63,12,0,12,75
03/30/2020,ALB,NY,AEA,EN,Combined TRACON& Tower with Radar,25,32,2,16,75,0,0,6,4,10,25,32,8,20,85,0,0,0,85
03/31/2020,ALB,NY,AEA,EN,Combined TRACON& Tower with Radar,26,21,10,10,67,0,0,7,6,13,26,21,17,16,80,11,10,21,101
04/01/2020,ALB,NY,AEA,EN,Combined TRACON& Tower with Radar,35,30,1,2,68,0,0,26,4,30,35,30,27,6,98,6,0,6,104
04/02/2020,ALB,NY,AEA,EN,Combined TRACON& Tower with Radar,25,26,8,3,62,0,0,12,3,15,25,26,20,6,77,16,10,26,103
04/03/2020,ALB,NY,AEA,EN,Combined TRACON& Tower with Radar,32,25,11,0,68,0,0,0,0,0,32,25,11,0,68,0,0,0,68
04/04/2020,ALB,NY,AEA,EN,Combined TRACON& Tower with Radar,26,16,11,0,53,0,2,19,0,21,26,18,30,0,74,23,0,23,97
04/05/2020,ALB,NY,AEA,EN,Combined TRACON& Tower with Radar,29,24,11,0,64,0,0,9,2,11,29,24,20,2,75,4,0,4,79
04/06/2020,ALB,NY,AEA,EN,Combined TRACON& Tower with Radar,26,20,13,0,59,0,3,27,0,30,26,23,40,0,89,17,0,17,106
04/07/2020,ALB,NY,AEA,EN,Combined TRACON& Tower with Radar,28,19,8,5,60,0,1,32,5,38,28,20,40,10,98,15,0,15,113
04/08/2020,ALB,NY,AEA,EN,Combined TRACON& Tower with Radar,34,22,10,5,71,0,0,22,3,25,34,22,32,8,96,19,0,19,115
04/09/2020,ALB,NY,AEA,EN,Combined TRACON& Tower with Radar,36,19,4,0,59,0,0,3,0,3,36,19,7,0,62,8,0,8,70
04/10/2020,ALB,NY,AEA,EN,Combined TRACON& Tower with Radar,31,21,8,0,60,0,0,0,0,0,31,21,8,0,60,0,0,0,60
04/11/2020,ALB,NY,AEA,EN,Combined TRACON& Tower with Radar,24,14,8,0,46,0,0,14,0,14,24,14,22,0,60,0,0,0,60
04/12/2020,ALB,NY,AEA,EN,Combined TRACON& Tower with Radar,25,16,9,0,50,0,3,17,0,20,25,19,26,0,70,0,0,0,70
04/13/2020,ALB,NY,AEA,EN,Combined TRACON& Tower with Radar,24,19,0,0,43,0,0,0,0,0,24,19,0,0,43,0,0,0,43
04/14/2020,ALB,NY,AEA,EN,Combined TRACON& Tower with Radar,26,17,7,2,52,0,0,31,4,35,26,17,38,6,87,5,0,5,92
04/15/2020,ALB,NY,AEA,EN,Combined TRACON& Tower with Radar,27,19,6,11,63,0,0,24,8,32,27,19,30,19,95,4,6,10,105
04/16/2020,ALB,NY,AEA,EN,Combined TRACON& Tower with Radar,20,21,3,4,48,0,0,10,10,20,20,21,13,14,68,0,0,0,68
04/17/2020,ALB,NY,AEA,EN,Combined TRACON& Tower with Radar,18,18,9,0,45,0,0,32,0,32,18,18,41,0,77,4,0,4,81
04/18/2020,ALB,NY,AEA,EN,Combined TRACON& Tower with Radar,20,8,5,0,33,0,0,8,0,8,20,8,13,0,41,0,0,0,41
04/19/2020,ALB,NY,AEA,EN,Combined TRACON& Tower with Radar,12,12,8,2,34,0,1,31,0,32,12,13,39,2,66,16,0,16,82
04/20/2020,ALB,NY,AEA,EN,Combined TRACON& Tower with Radar,13,15,7,4,39,0,2,24,5,31,13,17,31,9,70,22,0,22,92
04/21/2020,ALB,NY,AEA,EN,Combined TRACON& Tower with Radar,21,18,6,0,45,0,0,2,7,9,21,18,8,7,54,0,0,0,54
04/22/2020,ALB,NY,AEA,EN,Combined TRACON& Tower with Radar,22,14,1,0,37,0,0,4,13,17,22,14,5,13,54,1,0,1,55
04/23/2020,ALB,NY,AEA,EN,Combined TRACON& Tower with Radar,23,14,14,3,54,0,0,47,4,51,23,14,61,7,105,12,0,12,117
04/24/2020,ALB,NY,AEA,EN,Combined TRACON& Tower with Radar,14,13,13,2,42,0,0,14,1,15,14,13,27,3,57,8,0,8,65
04/25/2020,ALB,NY,AEA,EN,Combined TRACON& Tower with Radar,14,10,22,1,47,0,0,47,2,49,14,10,69,3,96,36,0,36,132
04/26/2020,ALB,NY,AEA,EN,Combined TRACON& Tower with Radar,14,11,14,0,39,0,0,4,0,4,14,11,18,0,43,0,2,2,45
04/27/2020,ALB,NY,AEA,EN,Combined TRACON& Tower with Radar,16,19,8,7,50,0,0,0,1,1,16,19,8,8,51,0,0,0,51
04/28/2020,ALB,NY,AEA,EN,Combined TRACON& Tower with Radar,16,20,14,8,58,0,0,28,2,30,16,20,42,10,88,7,6,13,101
04/29/2020,ALB,NY,AEA,EN,Combined TRACON& Tower with Radar,16,17,17,10,60,0,3,29,11,43,16,20,46,21,103,5,3,8,111
04/30/2020,ALB,NY,AEA,EN,Combined TRACON& Tower with Radar,28,22,9,0,59,0,0,0,0,0,28,22,9,0,59,0,0,0,59
05/01/2020,ALB,NY,AEA,EN,Combined TRACON& Tower with Radar,21,19,13,0,53,0,0,5,0,5,21,19,18,0,58,0,2,2,60
05/02/2020,ALB,NY,AEA,EN,Combined TRACON& Tower with Radar,17,4,12,0,33,0,0,55,0,55,17,4,67,0,88,18,0,18,106
05/03/2020,ALB,NY,AEA,EN,Combined TRACON& Tower with Radar,18,4,11,0,33,0,0,27,0,27,18,4,38,0,60,0,0,0,60
05/04/2020,ALB,NY,AEA,EN,Combined TRACON& Tower with Radar,17,13,4,0,34,0,2,9,4,15,17,15,13,4,49,0,0,0,49
05/05/2020,ALB,NY,AEA,EN,Combined TRACON& Tower with Radar,21,14,11,4,50,0,2,35,6,43,21,16,46,10,93,3,4,7,100
05/06/2020,ALB,NY,AEA,EN,Combined TRACON& Tower with Radar,23,10,9,3,45,0,0,26,11,37,23,10,35,14,82,17,1,18,100
05/07/2020,ALB,NY,AEA,EN,Combined TRACON& Tower with Radar,30,18,12,0,60,0,0,28,5,33,30,18,40,5,93,4,0,4,97
05/08/2020,ALB,NY,AEA,EN,Combined TRACON& Tower with Radar,24,10,8,0,42,0,0,22,4,26,24,10,30,4,68,0,0,0,68
05/09/2020,ALB,NY,AEA,EN,Combined TRACON& Tower with Radar,16,2,3,0,21,0,0,4,0,4,16,2,7,0,25,11,0,11,36
05/10/2020,ALB,NY,AEA,EN,Combined TRACON& Tower with Radar,22,7,6,0,35,0,0,8,1,9,22,7,14,1,44,14,0,14,58
05/11/2020,ALB,NY,AEA,EN,Combined TRACON& Tower with Radar,18,12,4,6,40,0,2,3,0,5,18,14,7,6,45,1,6,7,52
05/12/2020,ALB,NY,AEA,EN,Combined TRACON& Tower with Radar,18,8,8,6,40,0,0,18,11,29,18,8,26,17,69,0,20,20,89
05/13/2020,ALB,NY,AEA,EN,Combined TRACON& Tower with Radar,20,16,7,11,54,0,2,25,17,44,20,18,32,28,98,14,0,14,112
05/14/2020,ALB,NY,AEA,EN,Combined TRACON& Tower with Radar,27,22,15,13,77,0,0,36,10,46,27,22,51,23,123,14,16,30,153
05/15/2020,ALB,NY,AEA,EN,Combined TRACON& Tower with Radar,28,15,10,0,53,0,0,13,0,13,28,15,23,0,66,11,0,11,77
05/16/2020,ALB,NY,AEA,EN,Combined TRACON& Tower with Radar,21,10,11,2,44,0,0,22,1,23,21,10,33,3,67,18,1,19,86
05/17/2020,ALB,NY,AEA,EN,Combined TRACON& Tower with Radar,24,13,21,0,58,0,0,26,0,26,24,13,47,0,84,17,0,17,101
05/18/2020,ALB,NY,AEA,EN,Combined TRACON& Tower with Radar,26,17,20,8,71,0,0,7,2,9,26,17,27,10,80,3,32,35,115
05/19/2020,ALB,NY,AEA,EN,Combined TRACON& Tower with Radar,24,10,7,2,43,0,1,28,12,41,24,11,35,14,84,1,0,1,85
05/20/2020,ALB,NY,AEA,EN,Combined TRACON& Tower with Radar,24,17,15,14,70,0,7,41,36,84,24,24,56,50,154,35,48,83,237
05/21/2020,ALB,NY,AEA,EN,Combined TRACON& Tower with Radar,32,23,25,4,84,0,1,54,6,61,32,24,79,10,145,6,0,6,151
05/22/2020,ALB,NY,AEA,EN,Combined TRACON& Tower with Radar,28,15,10,14,67,0,3,24,15,42,28,18,34,29,109,13,30,43,152
05/23/2020,ALB,NY,AEA,EN,Combined TRACON& Tower with Radar,24,6,17,0,47,0,2,25,0,27,24,8,42,0,74,11,0,11,85
05/24/2020,ALB,NY,AEA,EN,Combined TRACON& Tower with Radar,28,6,17,0,51,0,2,23,0,25,28,8,40,0,76,0,0,0,76
05/25/2020,ALB,NY,AEA,EN,Combined TRACON& Tower with Radar,22,8,16,0,46,0,0,35,0,35,22,8,51,0,81,0,0,0,81
05/26/2020,ALB,NY,AEA,EN,Combined TRACON& Tower with Radar,21,10,14,11,56,0,0,47,0,47,21,10,61,11,103,0,0,0,103
05/27/2020,ALB,NY,AEA,EN,Combined TRACON& Tower with Radar,30,17,21,20,88,0,5,47,11,63,30,22,68,31,151,0,0,0,151
05/28/2020,ALB,NY,AEA,EN,Combined TRACON& Tower with Radar,32,19,7,20,78,0,0,15,20,35,32,19,22,40,113,0,0,0,113
05/29/2020,ALB,NY,AEA,EN,Combined TRACON& Tower with Radar,28,15,4,0,47,0,0,10,1,11,28,15,14,1,58,0,0,0,58
05/30/2020,ALB,NY,AEA,EN,Combined TRACON& Tower with Radar,20,5,20,0,45,0,0,25,0,25,20,5,45,0,70,0,0,0,70
05/31/2020,ALB,NY,AEA,EN,Combined TRACON& Tower with Radar,26,9,21,0,56,0,2,25,0,27,26,11,46,0,83,0,0,0,83
06/01/2020,ALB,NY,AEA,EN,Combined TRACON& Tower with Radar,28,16,11,0,55,0,1,30,3,34,28,17,41,3,89,0,0,0,89
06/02/2020,ALB,NY,AEA,EN,Combined TRACON& Tower with Radar,24,10,9,15,58,0,1,34,20,55,24,11,43,35,113,0,65,65,178
06/03/2020,ALB,NY,AEA,EN,Combined TRACON& Tower with Radar,28,20,22,3,73,0,0,13,13,26,28,20,35,16,99,15,0,15,114
06/04/2020,ALB,NY,AEA,EN,Combined TRACON& Tower with Radar,35,17,16,4,72,0,2,34,12,48,35,19,50,16,120,7,12,19,139
06/05/2020,ALB,NY,AEA,EN,Combined TRACON& Tower with Radar,34,15,13,16,78,0,0,12,10,22,34,15,25,26,100,27,42,69,169
06/06/2020,ALB,NY,AEA,EN,Combined TRACON& Tower with Radar,25,3,19,1,48,0,0,22,1,23,25,3,41,2,71,0,0,0,71
06/07/2020,ALB,NY,AEA,EN,Combined TRACON& Tower with Radar,36,9,14,0,59,0,0,45,0,45,36,9,59,0,104,10,0,10,114
06/08/2020,ALB,NY,AEA,EN,Combined TRACON& Tower with Radar,41,13,14,15,83,0,2,49,13,64,41,15,63,28,147,34,36,70,217
06/09/2020,ALB,NY,AEA,EN,Combined TRACON& Tower with Radar,34,13,19,17,83,0,1,48,18,67,34,14,67,35,150,15,42,57,207
06/10/2020,ALB,NY,AEA,EN,Combined TRACON& Tower with Radar,34,16,26,14,90,0,0,23,9,32,34,16,49,23,122,12,20,32,154
06/11/2020,ALB,NY,AEA,EN,Combined TRACON& Tower with Radar,44,29,16,5,94,0,0,5,12,17,44,29,21,17,111,3,8,11,122
06/12/2020,ALB,NY,AEA,EN,Combined TRACON& Tower with Radar,41,19,8,2,70,0,1,47,11,59,41,20,55,13,129,26,0,26,155
06/13/2020,ALB,NY,AEA,EN,Combined TRACON& Tower with Radar,31,5,28,0,64,0,0,34,0,34,31,5,62,0,98,8,0,8,106
06/14/2020,ALB,NY,AEA,EN,Combined TRACON& Tower with Radar,36,12,17,0,65,0,0,37,0,37,36,12,54,0,102,27,0,27,129
06/15/2020,ALB,NY,AEA,EN,Combined TRACON& Tower with Radar,40,11,11,8,70,0,2,34,18,54,40,13,45,26,124,6,21,27,151
06/16/2020,ALB,NY,AEA,EN,Combined TRACON& Tower with Radar,34,9,13,2,58,0,0,57,6,63,34,9,70,8,121,31,0,31,152
06/17/2020,ALB,NY,AEA,EN,Combined TRACON& Tower with Radar,34,18,17,4,73,0,0,42,12,54,34,18,59,16,127,9,0,9,136
06/18/2020,ALB,NY,AEA,EN,Combined TRACON& Tower with Radar,44,21,18,20,103,0,2,24,30,56,44,23,42,50,159,37,9,46,205
06/19/2020,ALB,NY,AEA,EN,Combined TRACON& Tower with Radar,44,31,21,17,113,0,1,28,26,55,44,32,49,43,168,0,0,0,168
06/20/2020,ALB,NY,AEA,EN,Combined TRACON& Tower with Radar,32,6,14,0,52,0,0,22,0,22,32,6,36,0,74,0,0,0,74
06/21/2020,ALB,NY,AEA,EN,Combined TRACON& Tower with Radar,38,12,13,1,64,0,0,21,1,22,38,12,34,2,86,0,0,0,86
06/22/2020,ALB,NY,AEA,EN,Combined TRACON& Tower with Radar,39,25,11,14,89,0,0,37,23,60,39,25,48,37,149,17,38,55,204
06/23/2020,ALB,NY,AEA,EN,Combined TRACON& Tower with Radar,35,15,14,8,72,0,0,26,17,43,35,15,40,25,115,36,15,51,166
06/24/2020,ALB,NY,AEA,EN,Combined TRACON& Tower with Radar,35,26,11,2,74,0,0,31,18,49,35,26,42,20,123,7,2,9,132
06/25/2020,ALB,NY,AEA,EN,Combined TRACON& Tower with Radar,44,21,25,8,98,0,0,44,12,56,44,21,69,20,154,21,0,21,175
06/26/2020,ALB,NY,AEA,EN,Combined TRACON& Tower with Radar,44,15,27,0,86,0,2,43,1,46,44,17,70,1,132,8,3,11,143
06/27/2020,ALB,NY,AEA,EN,Combined TRACON& Tower with Radar,36,4,7,0,47,0,0,5,0,5,36,4,12,0,52,0,12,12,64
06/28/2020,ALB,NY,AEA,EN,Combined TRACON& Tower with Radar,40,17,27,0,84,0,0,8,0,8,40,17,35,0,92,20,0,20,112
06/29/2020,ALB,NY,AEA,EN,Combined TRACON& Tower with Radar,40,14,19,11,84,0,2,11,7,20,40,16,30,18,104,0,12,12,116
06/30/2020,ALB,NY,AEA,EN,Combined TRACON& Tower with Radar,36,15,34,0,85,0,0,19,1,20,36,15,53,1,105,4,8,12,117
07/01/2020,ALB,NY,AEA,EN,Combined TRACON& Tower with Radar,38,21,24,22,105,0,0,14,34,48,38,21,38,56,153,2,63,65,218
07/02/2020,ALB,NY,AEA,EN,Combined TRACON& Tower with Radar,48,20,17,2,87,0,3,48,8,59,48,23,65,10,146,27,4,31,177
07/03/2020,ALB,NY,AEA,EN,Combined TRACON& Tower with Radar,46,14,16,0,76,0,0,21,0,21,46,14,37,0,97,8,0,8,105
07/04/2020,ALB,NY,AEA,EN,Combined TRACON& Tower with Radar,30,2,30,0,62,0,4,33,0,37,30,6,63,0,99,2,0,2,101
07/05/2020,ALB,NY,AEA,EN,Combined TRACON& Tower with Radar,40,11,20,0,71,0,2,43,2,47,40,13,63,2,118,1,0,1,119
07/06/2020,ALB,NY,AEA,EN,Combined TRACON& Tower with Radar,48,18,11,7,84,0,1,40,9,50,48,19,51,16,134,11,14,25,159
07/07/2020,ALB,NY,AEA,EN,Combined TRACON& Tower with Radar,38,25,21,6,90,0,0,34,6,40,38,25,55,12,130,6,0,6,136
07/08/2020,ALB,NY,AEA,EN,Combined TRACON& Tower with Radar,38,21,11,2,72,0,0,18,2,20,38,21,29,4,92,0,0,0,92
07/09/2020,ALB,NY,AEA,EN,Combined TRACON& Tower with Radar,48,33,17,8,106,0,2,42,24,68,48,35,59,32,174,10,30,40,214
07/10/2020,ALB,NY,AEA,EN,Combined TRACON& Tower with Radar,48,20,21,0,89,0,0,12,0,12,48,20,33,0,101,0,0,0,101
07/11/2020,ALB,NY,AEA,EN,Combined TRACON& Tower with Radar,42,11,14,0,67,0,0,8,0,8,42,11,22,0,75,0,0,0,75
07/12/2020,ALB,NY,AEA,EN,Combined TRACON& Tower with Radar,46,27,11,0,84,0,0,28,0,28,46,27,39,0,112,18,0,18,130
07/13/2020,ALB,NY,AEA,EN,Combined TRACON& Tower with Radar,46,20,12,25,103,0,0,16,7,23,46,20,28,32,126,6,13,19,145
07/14/2020,ALB,NY,AEA,EN,Combined TRACON& Tower with Radar,36,21,23,4,84,0,0,31,2,33,36,21,54,6,117,1,0,1,118
07/15/2020,ALB,NY,AEA,EN,Combined TRACON& Tower with Radar,38,22,17,19,96,0,1,30,16,47,38,23,47,35,143,13,13,26,169
07/16/2020,ALB,NY,AEA,EN,Combined TRACON& Tower with Radar,50,21,38,21,130,0,1,25,20,46,50,22,63,41,176,17,71,88,264
07/17/2020,ALB,NY,AEA,EN,Combined TRACON& Tower with Radar,48,24,18,8,98,0,2,9,6,17,48,26,27,14,115,19,8,27,142
07/18/2020,ALB,NY,AEA,EN,Combined TRACON& Tower with Radar,43,17,20,1,81,0,2,35,12,49,43,19,55,13,130,7,8,15,145
07/19/2020,ALB,NY,AEA,EN,Combined TRACON& Tower with Radar,47,21,9,4,81,0,1,27,4,32,47,22,36,8,113,6,0,6,119
07/20/2020,ALB,NY,AEA,EN,Combined TRACON& Tower with Radar,46,27,17,10,100,0,1,34,13,48,46,28,51,23,148,8,0,8,156
07/21/2020,ALB,NY,AEA,EN,Combined TRACON& Tower with Radar,37,20,19,32,108,0,0,50,33,83,37,20,69,65,191,20,68,88,279
07/22/2020,ALB,NY,AEA,EN,Combined TRACON& Tower with Radar,37,21,8,1,67,0,11,16,10,37,37,32,24,11,104,37,2,39,143
07/23/2020,ALB,NY,AEA,EN,Combined TRACON& Tower with Radar,50,24,12,3,89,0,0,14,25,39,50,24,26,28,128,26,4,30,158
07/24/2020,ALB,NY,AEA,EN,Combined TRACON& Tower with Radar,46,21,25,12,104,0,0,56,12,68,46,21,81,24,172,22,24,46,218
07/25/2020,ALB,NY,AEA,EN,Combined TRACON& Tower with Radar,42,11,8,0,61,0,1,23,4,28,42,12,31,4,89,12,0,12,101
07/26/2020,ALB,NY,AEA,EN,Combined TRACON& Tower with Radar,46,13,13,3,75,0,2,32,15,49,46,15,45,18,124,24,0,24,148
07/27/2020,ALB,NY,AEA,EN,Combined TRACON& Tower with Radar,42,23,11,4,80,0,0,27,8,35,42,23,38,12,115,36,0,36,151
07/28/2020,ALB,NY,AEA,EN,Combined TRACON& Tower with Radar,37,26,17,14,94,0,1,23,13,37,37,27,40,27,131,5,16,21,152
07/29/2020,ALB,NY,AEA,EN,Combined TRACON& Tower with Radar,38,24,15,34,111,0,1,31,27,59,38,25,46,61,170,14,36,50,220
07/30/2020,ALB,NY,AEA,EN,Combined TRACON& Tower with Radar,50,29,15,7,101,0,1,32,25,58,50,30,47,32,159,6,14,20,179
07/31/2020,ALB,NY,AEA,EN,Combined TRACON& Tower with Radar,50,23,23,7,103,0,0,39,9,48,50,23,62,16,151,30,0,30,181
08/01/2020,ALB,NY,AEA,EN,Combined TRACON& Tower with Radar,37,12,23,0,72,0,0,47,6,53,37,12,70,6,125,17,0,17,142
08/02/2020,ALB,NY,AEA,EN,Combined TRACON& Tower with Radar,44,22,13,0,79,0,1,13,2,16,44,23,26,2,95,12,0,12,107
08/03/2020,ALB,NY,AEA,EN,Combined TRACON& Tower with Radar,43,20,22,3,88,0,5,29,0,34,43,25,51,3,122,18,0,18,140
08/04/2020,ALB,NY,AEA,EN,Combined TRACON& Tower with Radar,29,17,9,0,55,0,0,3,0,3,29,17,12,0,58,0,0,0,58
08/05/2020,ALB,NY,AEA,EN,Combined TRACON& Tower with Radar,39,20,17,19,95,0,5,49,31,85,39,25,66,50,180,18,30,48,228
08/06/2020,ALB,NY,AEA,EN,Combined TRACON& Tower with Radar,47,21,28,33,129,0,3,62,20,85,47,24,90,53,214,36,41,77,291
08/07/2020,ALB,NY,AEA,EN,Combined TRACON& Tower with Radar,43,24,17,0,84,0,3,23,0,26,43,27,40,0,110,14,0,14,124
08/08/2020,ALB,NY,AEA,EN,Combined TRACON& Tower with Radar,35,21,18,2,76,0,0,34,0,34,35,21,52,2,110,21,0,21,131
08/09/2020,ALB,NY,AEA,EN,Combined TRACON& Tower with Radar,42,25,22,0,89,0,0,37,0,37,42,25,59,0,126,32,0,32,158
08/10/2020,ALB,NY,AEA,EN,Combined TRACON& Tower with Radar,39,18,13,0,70,0,0,19,2,21,39,18,32,2,91,9,0,9,100
08/11/2020,ALB,NY,AEA,EN,Combined TRACON& Tower with Radar,42,20,12,6,80,0,0,35,8,43,42,20,47,14,123,12,0,12,135
08/12/2020,ALB,NY,AEA,EN,Combined TRACON& Tower with Radar,40,22,22,0,84,0,3,40,9,52,40,25,62,9,136,17,0,17,153
08/13/2020,ALB,NY,AEA,EN,Combined TRACON& Tower with Radar,50,27,26,2,105,0,0,37,11,48,50,27,63,13,153,6,0,6,159
08/14/2020,ALB,NY,AEA,EN,Combined TRACON& Tower with Radar,50,24,17,10,101,0,1,53,12,66,50,25,70,22,167,21,16,37,204
08/15/2020,ALB,NY,AEA,EN,Combined TRACON& Tower with Radar,42,19,29,1,91,0,1,42,16,59,42,20,71,17,150,16,0,16,166
08/16/2020,ALB,NY,AEA,EN,Combined TRACON& Tower with Radar,48,18,21,2,89,0,0,36,0,36,48,18,57,2,125,4,0,4,129
08/17/2020,ALB,NY,AEA,EN,Combined TRACON& Tower with Radar,44,25,25,9,103,0,1,33,11,45,44,26,58,20,148,21,35,56,204
08/18/2020,ALB,NY,AEA,EN,Combined TRACON& Tower with Radar,38,25,18,17,98,0,0,30,3,33,38,25,48,20,131,13,1,14,145
08/19/2020,ALB,NY,AEA,EN,Combined TRACON& Tower with Radar,40,26,17,1,84,0,15,33,10,58,40,41,50,11,142,27,0,27,169
08/20/2020,ALB,NY,AEA,EN,Combined TRACON& Tower with Radar,50,33,33,12,128,0,0,56,10,66,50,33,89,22,194,25,0,25,219
08/21/2020,ALB,NY,AEA,EN,Combined TRACON& Tower with Radar,46,27,40,1,114,0,0,57,3,60,46,27,97,4,174,48,0,48,222
08/22/2020,ALB,NY,AEA,EN,Combined TRACON& Tower with Radar,42,12,21,2,77,0,1,29,3,33,42,13,50,5,110,51,0,51,161
08/23/2020,ALB,NY,AEA,EN,Combined TRACON& Tower with Radar,48,22,15,0,85,0,0,27,0,27,48,22,42,0,112,16,0,16,128
08/24/2020,ALB,NY,AEA,EN,Combined TRACON& Tower with Radar,42,19,10,13,84,0,0,24,16,40,42,19,34,29,124,3,53,56,180
08/25/2020,ALB,NY,AEA,EN,Combined TRACON& Tower with Radar,40,28,16,28,112,0,3,16,8,27,40,31,32,36,139,4,11,15,154
08/26/2020,ALB,NY,AEA,EN,Combined TRACON& Tower with Radar,40,21,31,5,97,0,2,52,9,63,40,23,83,14,160,33,0,33,193
08/27/2020,ALB,NY,AEA,EN,Combined TRACON& Tower with Radar,50,22,15,12,99,0,0,5,0,5,50,22,20,12,104,1,0,1,105
08/28/2020,ALB,NY,AEA,EN,Combined TRACON& Tower with Radar,45,20,31,5,101,0,1,20,16,37,45,21,51,21,138,24,37,61,199
08/29/2020,ALB,NY,AEA,EN,Combined TRACON& Tower with Radar,43,22,22,0,87,0,0,10,0,10,43,22,32,0,97,0,0,0,97
08/30/2020,ALB,NY,AEA,EN,Combined TRACON& Tower with Radar,46,17,21,0,84,0,0,31,0,31,46,17,52,0,115,0,0,0,115
08/31/2020,ALB,NY,AEA,EN,Combined TRACON& Tower with Radar,45,21,24,25,115,0,0,56,25,81,45,21,80,50,196,0,0,0,196
09/01/2020,ALB,NY,AEA,EN,Combined TRACON& Tower with Radar,41,26,37,20,124,0,2,23,13,38,41,28,60,33,162,0,0,0,162
09/02/2020,ALB,NY,AEA,EN,Combined TRACON& Tower with Radar,38,24,16,1,79,0,0,0,0,0,38,24,16,1,79,0,0,0,79
09/03/2020,ALB,NY,AEA,EN,Combined TRACON& Tower with Radar,46,25,22,0,93,0,1,34,0,35,46,26,56,0,128,4,0,4,132
09/04/2020,ALB,NY,AEA,EN,Combined TRACON& Tower with Radar,48,25,25,0,98,0,2,47,0,49,48,27,72,0,147,18,0,18,165
09/05/2020,ALB,NY,AEA,EN,Combined TRACON& Tower with Radar,39,13,18,0,70,0,0,56,2,58,39,13,74,2,128,16,0,16,144
09/06/2020,ALB,NY,AEA,EN,Combined TRACON& Tower with Radar,31,16,21,0,68,0,2,57,0,59,31,18,78,0,127,19,0,19,146
09/07/2020,ALB,NY,AEA,EN,Combined TRACON& Tower with Radar,37,18,16,0,71,0,0,24,0,24,37,18,40,0,95,0,0,0,95
09/08/2020,ALB,NY,AEA,EN,Combined TRACON& Tower with Radar,27,14,23,0,64,0,0,48,6,54,27,14,71,6,118,9,0,9,127
09/09/2020,ALB,NY,AEA,EN,Combined TRACON& Tower with Radar,38,14,23,1,76,0,0,59,15,74,38,14,82,16,150,18,2,20,170
09/10/2020,ALB,NY,AEA,EN,Combined TRACON& Tower with Radar,44,21,19,9,93,0,0,15,11,26,44,21,34,20,119,29,29,58,177
09/11/2020,ALB,NY,AEA,EN,Combined TRACON& Tower with Radar,42,18,32,14,106,0,0,37,4,41,42,18,69,18,147,26,2,28,175
09/12/2020,ALB,NY,AEA,EN,Combined TRACON& Tower with Radar,32,9,24,12,77,0,0,60,12,72,32,9,84,24,149,21,16,37,186
09/13/2020,ALB,NY,AEA,EN,Combined TRACON& Tower with Radar,38,15,16,2,71,0,2,9,2,13,38,17,25,4,84,9,0,9,93
09/14/2020,ALB,NY,AEA,EN,Combined TRACON& Tower with Radar,38,21,23,4,86,0,2,30,0,32,38,23,53,4,118,3,0,3,121
09/15/2020,ALB,NY,AEA,EN,Combined TRACON& Tower with Radar,34,22,25,20,101,0,0,84,8,92,34,22,109,28,193,19,12,31,224
09/16/2020,ALB,NY,AEA,EN,Combined TRACON& Tower with Radar,36,28,13,16,93,0,3,43,9,55,36,31,56,25,148,33,8,41,189
09/17/2020,ALB,NY,AEA,EN,Combined TRACON& Tower with Radar,43,20,23,10,96,0,0,18,4,22,43,20,41,14,118,0,0,0,118
09/18/2020,ALB,NY,AEA,EN,Combined TRACON& Tower with Radar,40,24,13,4,81,0,0,41,0,41,40,24,54,4,122,6,0,6,128
09/19/2020,ALB,NY,AEA,EN,Combined TRACON& Tower with Radar,32,6,19,0,57,0,0,40,0,40,32,6,59,0,97,16,0,16,113
09/20/2020,ALB,NY,AEA,EN,Combined TRACON& Tower with Radar,38,15,19,0,72,0,1,71,0,72,38,16,90,0,144,23,0,23,167
09/21/2020,ALB,NY,AEA,EN,Combined TRACON& Tower with Radar,38,18,20,6,82,0,2,53,7,62,38,20,73,13,144,1,10,11,155
09/22/2020,ALB,NY,AEA,EN,Combined TRACON& Tower with Radar,34,24,19,14,91,0,0,36,3,39,34,24,55,17,130,10,13,23,153
09/23/2020,ALB,NY,AEA,EN,Combined TRACON& Tower with Radar,36,28,7,0,71,0,0,33,0,33,36,28,40,0,104,29,0,29,133
09/24/2020,ALB,NY,AEA,EN,Combined TRACON& Tower with Radar,42,27,27,8,104,0,0,49,3,52,42,27,76,11,156,8,0,8,164
09/25/2020,ALB,NY,AEA,EN,Combined TRACON& Tower with Radar,40,22,34,5,101,0,0,42,4,46,40,22,76,9,147,6,0,6,153
09/26/2020,ALB,NY,AEA,EN,Combined TRACON& Tower with Radar,32,8,32,5,77,0,0,15,0,15,32,8,47,5,92,4,2,6,98
09/27/2020,ALB,NY,AEA,EN,Combined TRACON& Tower with Radar,38,21,25,0,84,0,2,25,0,27,38,23,50,0,111,32,0,32,143
09/28/2020,ALB,NY,AEA,EN,Combined TRACON& Tower with Radar,38,23,19,4,84,0,0,8,0,8,38,23,27,4,92,0,0,0,92
09/29/2020,ALB,NY,AEA,EN,Combined TRACON& Tower with Radar,36,19,20,19,94,0,0,14,2,16,36,19,34,21,110,2,10,12,122
09/30/2020,ALB,NY,AEA,EN,Combined TRACON& Tower with Radar,36,24,22,0,82,0,0,17,0,17,36,24,39,0,99,0,0,0,99
10/01/2020,ALB,NY,AEA,EN,Combined TRACON& Tower with Radar,42,34,33,3,112,0,5,47,1,53,42,39,80,4,165,58,0,58,223
10/02/2020,ALB,NY,AEA,EN,Combined TRACON& Tower with Radar,42,35,14,0,91,0,0,12,0,12,42,35,26,0,103,10,0,10,113
10/03/2020,ALB,NY,AEA,EN,Combined TRACON& Tower with Radar,32,15,24,2,73,0,0,28,0,28,32,15,52,2,101,5,0,5,106
10/04/2020,ALB,NY,AEA,EN,Combined TRACON& Tower with Radar,38,23,28,0,89,0,2,38,0,40,38,25,66,0,129,47,0,47,176
10/05/2020,ALB,NY,AEA,EN,Combined TRACON& Tower with Radar,38,25,8,5,76,0,0,22,1,23,38,25,30,6,99,18,2,20,119
10/06/2020,ALB,NY,AEA,EN,Combined TRACON& Tower with Radar,34,23,25,16,98,0,1,33,12,46,34,24,58,28,144,0,0,0,144
10/07/2020,ALB,NY,AEA,EN,Combined TRACON& Tower with Radar,38,21,6,2,67,0,0,18,3,21,38,21,24,5,88,12,6,18,106
10/08/2020,ALB,NY,AEA,EN,Combined TRACON& Tower with Radar,49,27,16,10,102,0,0,33,9,42,49,27,49,19,144,4,6,10,154
10/09/2020,ALB,NY,AEA,EN,Combined TRACON& Tower with Radar,43,27,14,0,84,0,2,53,0,55,43,29,67,0,139,14,0,14,153
10/10/2020,ALB,NY,AEA,EN,Combined TRACON& Tower with Radar,32,15,16,0,63,0,0,21,0,21,32,15,37,0,84,4,0,4,88
10/11/2020,ALB,NY,AEA,EN,Combined TRACON& Tower with Radar,38,20,19,0,77,0,1,44,0,45,38,21,63,0,122,25,0,25,147
10/12/2020,ALB,NY,AEA,EN,Combined TRACON& Tower with Radar,40,30,16,0,86,0,2,17,0,19,40,32,33,0,105,4,0,4,109
10/13/2020,ALB,NY,AEA,EN,Combined TRACON& Tower with Radar,32,24,20,0,76,0,0,0,0,0,32,24,20,0,76,4,0,4,80
10/14/2020,ALB,NY,AEA,EN,Combined TRACON& Tower with Radar,38,17,28,13,96,0,0,42,14,56,38,17,70,27,152,40,8,48,200
10/15/2020,ALB,NY,AEA,EN,Combined TRACON& Tower with Radar,44,34,18,7,103,0,0,21,13,34,44,34,39,20,137,9,0,9,146
10/16/2020,ALB,NY,AEA,EN,Combined TRACON& Tower with Radar,40,28,13,15,96,0,0,1,11,12,40,28,14,26,108,0,42,42,150
10/17/2020,ALB,NY,AEA,EN,Combined TRACON& Tower with Radar,32,18,7,4,61,0,4,38,9,51,32,22,45,13,112,16,0,16,128
10/18/2020,ALB,NY,AEA,EN,Combined TRACON& Tower with Radar,40,19,18,0,77,0,2,51,0,53,40,21,69,0,130,10,0,10,140
10/19/2020,ALB,NY,AEA,EN,Combined TRACON& Tower with Radar,41,26,26,4,97,0,1,25,12,38,41,27,51,16,135,0,12,12,147
10/20/2020,ALB,NY,AEA,EN,Combined TRACON& Tower with Radar,33,28,17,16,94,0,2,2,6,10,33,30,19,22,104,28,14,42,146
10/21/2020,ALB,NY,AEA,EN,Combined TRACON& Tower with Radar,36,20,14,4,74,0,0,14,13,27,36,20,28,17,101,1,0,1,102
10/22/2020,ALB,NY,AEA,EN,Combined TRACON& Tower with Radar,46,30,20,4,100,0,3,33,12,48,46,33,53,16,148,14,5,19,167
10/23/2020,ALB,NY,AEA,EN,Combined TRACON& Tower with Radar,42,28,37,1,108,0,0,14,1,15,42,28,51,2,123,1,0,1,124
10/24/2020,ALB,NY,AEA,EN,Combined TRACON& Tower with Radar,30,21,18,0,69,0,0,9,0,9,30,21,27,0,78,0,0,0,78
10/25/2020,ALB,NY,AEA,EN,Combined TRACON& Tower with Radar,38,25,32,2,97,0,0,42,2,44,38,25,74,4,141,11,0,11,152
10/26/2020,ALB,NY,AEA,EN,Combined TRACON& Tower with Radar,41,26,14,2,83,0,0,0,0,0,41,26,14,2,83,0,0,0,83
10/27/2020,ALB,NY,AEA,EN,Combined TRACON& Tower with Radar,32,23,19,24,98,0,1,21,1,23,32,24,40,25,121,13,8,21,142
10/28/2020,ALB,NY,AEA,EN,Combined TRACON& Tower with Radar,36,27,25,0,88,0,0,4,7,11,36,27,29,7,99,0,0,0,99
10/29/2020,ALB,NY,AEA,EN,Combined TRACON& Tower with Radar,42,36,14,26,118,0,0,0,0,0,42,36,14,26,118,6,6,12,130
10/30/2020,ALB,NY,AEA,EN,Combined TRACON& Tower with Radar,44,30,10,0,84,0,0,7,0,7,44,30,17,0,91,0,0,0,91
10/31/2020,ALB,NY,AEA,EN,Combined TRACON& Tower with Radar,23,22,20,0,65,0,0,77,2,79,23,22,97,2,144,26,0,26,170
11/01/2020,ALB,NY,AEA,EN,Combined TRACON& Tower with Radar,36,22,7,0,65,0,0,6,0,6,36,22,13,0,71,0,0,0,71
11/02/2020,ALB,NY,AEA,EN,Combined TRACON& Tower with Radar,40,26,13,0,79,0,0,5,0,5,40,26,18,0,84,0,0,0,84
11/03/2020,ALB,NY,AEA,EN,Combined TRACON& Tower with Radar,30,20,11,4,65,0,0,31,2,33,30,20,42,6,98,17,0,17,115
11/04/2020,ALB,NY,AEA,EN,Combined TRACON& Tower with Radar,29,29,22,6,86,0,2,41,4,47,29,31,63,10,133,0,0,0,133
11/05/2020,ALB,NY,AEA,EN,Combined TRACON& Tower with Radar,42,32,18,2,94,0,0,33,1,34,42,32,51,3,128,11,5,16,144
11/06/2020,ALB,NY,AEA,EN,Combined TRACON& Tower with Radar,42,26,19,0,87,0,3,56,11,70,42,29,75,11,157,16,0,16,173
11/07/2020,ALB,NY,AEA,EN,Combined TRACON& Tower with Radar,32,18,24,0,74,0,1,37,6,44,32,19,61,6,118,4,0,4,122
11/08/2020,ALB,NY,AEA,EN,Combined TRACON& Tower with Radar,36,23,14,2,75,0,1,60,5,66,36,24,74,7,141,22,0,22,163
11/09/2020,ALB,NY,AEA,EN,Combined TRACON& Tower with Radar,34,30,15,23,102,0,0,50,4,54,34,30,65,27,156,50,16,66,222
11/10/2020,ALB,NY,AEA,EN,Combined TRACON& Tower with Radar,30,24,15,17,86,0,3,38,11,52,30,27,53,28,138,29,21,50,188
11/11/2020,ALB,NY,AEA,EN,Combined TRACON& Tower with Radar,28,20,17,1,66,0,0,5,1,6,28,20,22,2,72,36,0,36,108
11/12/2020,ALB,NY,AEA,EN,Combined TRACON& Tower with Radar,40,34,18,2,94,0,0,27,2,29,40,34,45,4,123,17,0,17,140
11/13/2020,ALB,NY,AEA,EN,Combined TRACON& Tower with Radar,44,24,16,0,84,0,0,5,0,5,44,24,21,0,89,9,0,9,98
11/14/2020,ALB,NY,AEA,EN,Combined TRACON& Tower with Radar,30,18,20,0,68,0,0,23,0,23,30,18,43,0,91,10,0,10,101
11/15/2020,ALB,NY,AEA,EN,Combined TRACON& Tower with Radar,35,23,7,0,65,0,0,9,0,9,35,23,16,0,74,8,0,8,82
11/16/2020,ALB,NY,AEA,EN,Combined TRACON& Tower with Radar,39,29,14,27,109,0,2,23,6,31,39,31,37,33,140,7,22,29,169
11/17/2020,ALB,NY,AEA,EN,Combined TRACON& Tower with Radar,30,20,15,2,67,0,0,15,1,16,30,20,30,3,83,0,2,2,85
11/18/2020,ALB,NY,AEA,EN,Combined TRACON& Tower with Radar,28,24,15,0,67,0,6,35,2,43,28,30,50,2,110,15,0,15,125
11/19/2020,ALB,NY,AEA,EN,Combined TRACON& Tower with Radar,44,26,8,2,80,0,3,18,0,21,44,29,26,2,101,24,0,24,125
11/20/2020,ALB,NY,AEA,EN,Combined TRACON& Tower with Radar,44,31,17,10,102,0,0,21,16,37,44,31,38,26,139,11,21,32,171
11/21/2020,ALB,NY,AEA,EN,Combined TRACON& Tower with Radar,43,20,19,0,82,0,0,35,0,35,43,20,54,0,117,9,0,9,126
11/22/2020,ALB,NY,AEA,EN,Combined TRACON& Tower with Radar,41,26,12,0,79,0,0,14,1,15,41,26,26,1,94,21,0,21,115
11/23/2020,ALB,NY,AEA,EN,Combined TRACON& Tower with Radar,36,26,12,1,75,0,0,9,2,11,36,26,21,3,86,3,1,4,90
11/24/2020,ALB,NY,AEA,EN,Combined TRACON& Tower with Radar,50,37,18,18,123,0,1,40,13,54,50,38,58,31,177,20,14,34,211
11/25/2020,ALB,NY,AEA,EN,Combined TRACON& Tower with Radar,54,25,8,1,88,0,0,20,3,23,54,25,28,4,111,16,0,16,127
11/26/2020,ALB,NY,AEA,EN,Combined TRACON& Tower with Radar,22,15,4,0,41,0,0,0,0,0,22,15,4,0,41,0,0,0,41
11/27/2020,ALB,NY,AEA,EN,Combined TRACON& Tower with Radar,36,20,13,0,69,0,0,18,0,18,36,20,31,0,87,26,0,26,113
11/28/2020,ALB,NY,AEA,EN,Combined TRACON& Tower with Radar,49,24,13,0,86,0,0,18,0,18,49,24,31,0,104,23,0,23,127
11/29/2020,ALB,NY,AEA,EN,Combined TRACON& Tower with Radar,52,28,24,0,104,0,0,59,0,59,52,28,83,0,163,28,0,28,191
11/30/2020,ALB,NY,AEA,EN,Combined TRACON& Tower with Radar,47,34,9,0,90,0,0,13,0,13,47,34,22,0,103,18,0,18,121
12/01/2020,ALB,NY,AEA,EN,Combined TRACON& Tower with Radar,45,30,9,13,97,0,0,12,4,16,45,30,21,17,113,0,16,16,129
12/02/2020,ALB,NY,AEA,EN,Combined TRACON& Tower with Radar,37,21,20,1,79,0,0,5,6,11,37,21,25,7,90,4,0,4,94
12/03/2020,ALB,NY,AEA,EN,Combined TRACON& Tower with Radar,40,23,18,7,88,0,2,58,13,73,40,25,76,20,161,3,7,10,171
12/04/2020,ALB,NY,AEA,EN,Combined TRACON& Tower with Radar,40,22,14,10,86,0,0,21,17,38,40,22,35,27,124,20,24,44,168
12/05/2020,ALB,NY,AEA,EN,Combined TRACON& Tower with Radar,30,22,8,0,60,0,0,4,0,4,30,22,12,0,64,0,0,0,64
12/06/2020,ALB,NY,AEA,EN,Combined TRACON& Tower with Radar,32,21,15,2,70,0,0,5,0,5,32,21,20,2,75,0,0,0,75
12/07/2020,ALB,NY,AEA,EN,Combined TRACON& Tower with Radar,31,24,14,0,69,0,0,20,0,20,31,24,34,0,89,6,0,6,95
12/08/2020,ALB,NY,AEA,EN,Combined TRACON& Tower with Radar,34,24,16,5,79,0,0,11,5,16,34,24,27,10,95,0,8,8,103
12/09/2020,ALB,NY,AEA,EN,Combined TRACON& Tower with Radar,32,27,3,11,73,0,0,0,0,0,32,27,3,11,73,0,8,8,81
12/10/2020,ALB,NY,AEA,EN,Combined TRACON& Tower with Radar,40,28,10,5,83,0,0,26,19,45,40,28,36,24,128,6,0,6,134
12/11/2020,ALB,NY,AEA,EN,Combined TRACON& Tower with Radar,40,23,25,1,89,0,0,39,3,42,40,23,64,4,131,39,0,39,170
12/12/2020,ALB,NY,AEA,EN,Combined TRACON& Tower with Radar,31,23,19,0,73,0,0,5,0,5,31,23,24,0,78,16,0,16,94
12/13/2020,ALB,NY,AEA,EN,Combined TRACON& Tower with Radar,32,24,24,0,80,0,1,15,0,16,32,25,39,0,96,0,0,0,96
12/14/2020,ALB,NY,AEA,EN,Combined TRACON& Tower with Radar,29,23,7,14,73,0,0,2,2,4,29,23,9,16,77,0,0,0,77
12/15/2020,ALB,NY,AEA,EN,Combined TRACON& Tower with Radar,34,21,17,4,76,0,7,33,16,56,34,28,50,20,132,0,0,0,132
12/16/2020,ALB,NY,AEA,EN,Combined TRACON& Tower with Radar,23,14,13,1,51,0,0,15,13,28,23,14,28,14,79,0,0,0,79
12/17/2020,ALB,NY,AEA,EN,Combined TRACON& Tower with Radar,20,8,5,0,33,0,0,0,0,0,20,8,5,0,33,0,0,0,33
12/18/2020,ALB,NY,AEA,EN,Combined TRACON& Tower with Radar,47,22,16,0,85,0,2,15,2,19,47,24,31,2,104,0,0,0,104
12/19/2020,ALB,NY,AEA,EN,Combined TRACON& Tower with Radar,46,29,16,0,91,0,0,15,0,15,46,29,31,0,106,0,0,0,106
12/20/2020,ALB,NY,AEA,EN,Combined TRACON& Tower with Radar,44,19,4,0,67,0,0,4,0,4,44,19,8,0,71,0,0,0,71
12/21/2020,ALB,NY,AEA,EN,Combined TRACON& Tower with Radar,37,41,11,9,98,0,0,0,0,0,37,41,11,9,98,0,0,0,98
12/22/2020,ALB,NY,AEA,EN,Combined TRACON& Tower with Radar,42,31,13,3,89,0,0,12,13,25,42,31,25,16,114,0,0,0,114
12/23/2020,ALB,NY,AEA,EN,Combined TRACON& Tower with Radar,54,25,21,2,102,0,1,53,12,66,54,26,74,14,168,0,0,0,168
12/24/2020,ALB,NY,AEA,EN,Combined TRACON& Tower with Radar,36,16,3,0,55,0,0,6,0,6,36,16,9,0,61,0,0,0,61
12/25/2020,ALB,NY,AEA,EN,Combined TRACON& Tower with Radar,24,9,1,0,34,0,0,0,0,0,24,9,1,0,34,0,0,0,34
12/26/2020,ALB,NY,AEA,EN,Combined TRACON& Tower with Radar,39,27,19,0,85,0,0,29,0,29,39,27,48,0,114,0,0,0,114
12/27/2020,ALB,NY,AEA,EN,Combined TRACON& Tower with Radar,41,23,30,0,94,0,0,56,0,56,41,23,86,0,150,0,0,0,150
12/28/2020,ALB,NY,AEA,EN,Combined TRACON& Tower with Radar,35,27,10,0,72,0,1,18,4,23,35,28,28,4,95,0,0,0,95
12/29/2020,ALB,NY,AEA,EN,Combined TRACON& Tower with Radar,42,27,23,0,92,0,0,31,6,37,42,27,54,6,129,0,0,0,129
12/30/2020,ALB,NY,AEA,EN,Combined TRACON& Tower with Radar,49,28,21,14,112,0,4,39,0,43,49,32,60,14,155,0,0,0,155
12/31/2020,ALB,NY,AEA,EN,Combined TRACON& Tower with Radar,32,22,8,0,62,0,0,11,0,11,32,22,19,0,73,0,0,0,73
01/01/2021,ALB,NY,AEA,EN,Combined TRACON& Tower with Radar,22,18,15,0,55,0,0,28,0,28,22,18,43,0,83,4,0,4,87
01/02/2021,ALB,NY,AEA,EN,Combined TRACON& Tower with Radar,44,25,9,0,78,0,0,6,0,6,44,25,15,0,84,12,0,12,96
01/03/2021,ALB,NY,AEA,EN,Combined TRACON& Tower with Radar,42,25,2,0,69,0,0,6,0,6,42,25,8,0,75,0,0,0,75
01/04/2021,ALB,NY,AEA,EN,Combined TRACON& Tower with Radar,36,38,3,0,77,0,0,0,0,0,36,38,3,0,77,0,0,0,77
01/05/2021,ALB,NY,AEA,EN,Combined TRACON& Tower with Radar,36,23,7,17,83,0,0,5,17,22,36,23,12,34,105,17,27,44,149
01/06/2021,ALB,NY,AEA,EN,Combined TRACON& Tower with Radar,36,25,16,6,83,0,0,17,4,21,36,25,33,10,104,24,0,24,128
01/07/2021,ALB,NY,AEA,EN,Combined TRACON& Tower with Radar,35,30,25,13,103,0,0,41,20,61,35,30,66,33,164,44,0,44,208
01/08/2021,ALB,NY,AEA,EN,Combined TRACON& Tower with Radar,38,24,19,0,81,0,1,12,12,25,38,25,31,12,106,12,2,14,120
01/09/2021,ALB,NY,AEA,EN,Combined TRACON& Tower with Radar,26,16,17,0,59,0,1,38,3,42,26,17,55,3,101,41,0,41,142
01/10/2021,ALB,NY,AEA,EN,Combined TRACON& Tower with Radar,32,17,11,0,60,0,2,24,0,26,32,19,35,0,86,22,0,22,108
01/11/2021,ALB,NY,AEA,EN,Combined TRACON& Tower with Radar,29,31,12,4,76,0,0,6,4,10,29,31,18,8,86,0,0,0,86
01/12/2021,ALB,NY,AEA,EN,Combined TRACON& Tower with Radar,30,17,15,23,85,0,0,21,5,26,30,17,36,28,111,34,1,35,146
01/13/2021,ALB,NY,AEA,EN,Combined TRACON& Tower with Radar,28,30,15,4,77,0,0,19,3,22,28,30,34,7,99,20,0,20,119
01/14/2021,ALB,NY,AEA,EN,Combined TRACON& Tower with Radar,36,30,11,5,82,0,0,6,0,6,36,30,17,5,88,0,2,2,90
01/15/2021,ALB,NY,AEA,EN,Combined TRACON& Tower with Radar,38,27,12,5,82,0,0,4,1,5,38,27,16,6,87,0,0,0,87
01/16/2021,ALB,NY,AEA,EN,Combined TRACON& Tower with Radar,26,19,4,0,49,0,0,0,0,0,26,19,4,0,49,0,0,0,49
01/17/2021,ALB,NY,AEA,EN,Combined TRACON& Tower with Radar,33,18,7,0,58,0,0,2,0,2,33,18,9,0,60,6,0,6,66
01/18/2021,ALB,NY,AEA,EN,Combined TRACON& Tower with Radar,29,30,15,0,74,0,3,20,0,23,29,33,35,0,97,0,0,0,97
01/19/2021,ALB,NY,AEA,EN,Combined TRACON& Tower with Radar,28,23,12,6,69,0,1,28,4,33,28,24,40,10,102,16,24,40,142
01/20/2021,ALB,NY,AEA,EN,Combined TRACON& Tower with Radar,30,21,6,0,57,0,0,13,23,36,30,21,19,23,93,0,0,0,93
01/21/2021,ALB,NY,AEA,EN,Combined TRACON& Tower with Radar,35,34,8,12,89,0,0,13,13,26,35,34,21,25,115,0,0,0,115
01/22/2021,ALB,NY,AEA,EN,Combined TRACON& Tower with Radar,36,26,11,8,81,0,0,13,8,21,36,26,24,16,102,0,0,0,102
01/23/2021,ALB,NY,AEA,EN,Combined TRACON& Tower with Radar,28,17,9,0,54,0,0,12,0,12,28,17,21,0,66,0,0,0,66
01/24/2021,ALB,NY,AEA,EN,Combined TRACON& Tower with Radar,34,24,12,0,70,0,0,18,2,20,34,24,30,2,90,0,0,0,90
01/25/2021,ALB,NY,AEA,EN,Combined TRACON& Tower with Radar,26,26,5,3,60,0,2,47,3,52,26,28,52,6,112,0,0,0,112
01/26/2021,ALB,NY,AEA,EN,Combined TRACON& Tower with Radar,27,17,1,2,47,0,0,10,2,12,27,17,11,4,59,0,0,0,59
01/27/2021,ALB,NY,AEA,EN,Combined TRACON& Tower with Radar,28,23,5,3,59,0,0,6,3,9,28,23,11,6,68,0,0,0,68
01/28/2021,ALB,NY,AEA,EN,Combined TRACON& Tower with Radar,35,39,16,3,93,0,0,22,4,26,35,39,38,7,119,0,0,0,119
01/29/2021,ALB,NY,AEA,EN,Combined TRACON& Tower with Radar,38,25,10,10,83,0,0,21,0,21,38,25,31,10,104,0,0,0,104
01/30/2021,ALB,NY,AEA,EN,Combined TRACON& Tower with Radar,29,20,16,0,65,0,1,13,4,18,29,21,29,4,83,0,0,0,83
01/31/2021,ALB,NY,AEA,EN,Combined TRACON& Tower with Radar,31,19,16,0,66,0,0,37,0,37,31,19,53,0,103,0,0,0,103
02/01/2021,ALB,NY,AEA,EN,Combined TRACON& Tower with Radar,25,18,1,0,44,0,0,2,0,2,25,18,3,0,46,0,0,0,46
02/02/2021,ALB,NY,AEA,EN,Combined TRACON& Tower with Radar,24,13,5,0,42,0,0,0,0,0,24,13,5,0,42,0,0,0,42
02/03/2021,ALB,NY,AEA,EN,Combined TRACON& Tower with Radar,27,21,5,4,57,0,0,0,14,14,27,21,5,18,71,0,64,64,135
02/04/2021,ALB,NY,AEA,EN,Combined TRACON& Tower with Radar,38,40,25,7,110,0,2,43,20,65,38,42,68,27,175,18,6,24,199
02/05/2021,ALB,NY,AEA,EN,Combined TRACON& Tower with Radar,38,22,1,17,78,0,0,9,15,24,38,22,10,32,102,3,28,31,133
02/06/2021,ALB,NY,AEA,EN,Combined TRACON& Tower with Radar,28,20,25,0,73,0,0,25,0,25,28,20,50,0,98,12,0,12,110
02/07/2021,ALB,NY,AEA,EN,Combined TRACON& Tower with Radar,32,20,2,0,54,0,0,2,0,2,32,20,4,0,56,0,0,0,56
02/08/2021,ALB,NY,AEA,EN,Combined TRACON& Tower with Radar,31,28,22,0,81,0,2,36,0,38,31,30,58,0,119,24,0,24,143
02/09/2021,ALB,NY,AEA,EN,Combined TRACON& Tower with Radar,28,18,5,4,55,0,0,0,0,0,28,18,5,4,55,0,0,0,55
02/10/2021,ALB,NY,AEA,EN,Combined TRACON& Tower with Radar,31,30,17,3,81,0,2,22,19,43,31,32,39,22,124,28,0,28,152
02/11/2021,ALB,NY,AEA,EN,Combined TRACON& Tower with Radar,39,26,19,3,87,0,0,31,7,38,39,26,50,10,125,6,0,6,131
02/12/2021,ALB,NY,AEA,EN,Combined TRACON& Tower with Radar,41,24,18,9,92,0,0,20,3,23,41,24,38,12,115,0,8,8,123
02/13/2021,ALB,NY,AEA,EN,Combined TRACON& Tower with Radar,36,26,17,0,79,0,1,27,0,28,36,27,44,0,107,13,0,13,120
02/14/2021,ALB,NY,AEA,EN,Combined TRACON& Tower with Radar,32,19,3,0,54,0,0,7,0,7,32,19,10,0,61,11,0,11,72
02/15/2021,ALB,NY,AEA,EN,Combined TRACON& Tower with Radar,30,18,8,0,56,0,0,0,0,0,30,18,8,0,56,0,0,0,56
02/16/2021,ALB,NY,AEA,EN,Combined TRACON& Tower with Radar,32,16,7,0,55,0,0,0,0,0,32,16,7,0,55,0,0,0,55
02/17/2021,ALB,NY,AEA,EN,Combined TRACON& Tower with Radar,30,24,31,7,92,0,5,46,16,67,30,29,77,23,159,6,8,14,173
02/18/2021,ALB,NY,AEA,EN,Combined TRACON& Tower with Radar,31,22,13,7,73,0,0,13,7,20,31,22,26,14,93,0,0,0,93
02/19/2021,ALB,NY,AEA,EN,Combined TRACON& Tower with Radar,40,23,13,10,86,0,0,2,0,2,40,23,15,10,88,0,0,0,88
02/20/2021,ALB,NY,AEA,EN,Combined TRACON& Tower with Radar,36,20,11,0,67,0,0,19,0,19,36,20,30,0,86,2,0,2,88
02/21/2021,ALB,NY,AEA,EN,Combined TRACON& Tower with Radar,37,25,23,0,85,0,0,49,2,51,37,25,72,2,136,0,0,0,136
02/22/2021,ALB,NY,AEA,EN,Combined TRACON& Tower with Radar,34,31,13,14,92,0,0,1,2,3,34,31,14,16,95,0,0,0,95
02/23/2021,ALB,NY,AEA,EN,Combined TRACON& Tower with Radar,30,22,9,6,67,0,1,7,6,14,30,23,16,12,81,0,0,0,81
02/24/2021,ALB,NY,AEA,EN,Combined TRACON& Tower with Radar,30,21,23,3,77,0,0,30,17,47,30,21,53,20,124,0,0,0,124
02/25/2021,ALB,NY,AEA,EN,Combined TRACON& Tower with Radar,38,29,17,10,94,0,0,16,23,39,38,29,33,33,133,0,0,0,133
02/26/2021,ALB,NY,AEA,EN,Combined TRACON& Tower with Radar,39,30,18,4,91,0,0,30,5,35,39,30,48,9,126,0,0,0,126
02/27/2021,ALB,NY,AEA,EN,Combined TRACON& Tower with Radar,36,16,6,0,58,0,0,0,0,0,36,16,6,0,58,0,0,0,58
02/28/2021,ALB,NY,AEA,EN,Combined TRACON& Tower with Radar,37,22,21,4,84,0,0,19,13,32,37,22,40,17,116,0,0,0,116
03/01/2021,ALB,NY,AEA,EN,Combined TRACON& Tower with Radar,38,38,20,1,97,0,1,3,3,7,38,39,23,4,104,1,0,1,105
03/02/2021,ALB,NY,AEA,EN,Combined TRACON& Tower with Radar,36,19,6,0,61,0,0,8,0,8,36,19,14,0,69,2,0,2,71
03/03/2021,ALB,NY,AEA,EN,Combined TRACON& Tower with Radar,30,22,30,12,94,0,0,23,18,41,30,22,53,30,135,0,0,0,135
03/04/2021,ALB,NY,AEA,EN,Combined TRACON& Tower with Radar,40,26,11,13,90,0,1,22,15,38,40,27,33,28,128,6,0,6,134
03/05/2021,ALB,NY,AEA,EN,Combined TRACON& Tower with Radar,42,27,8,1,78,0,2,14,4,20,42,29,22,5,98,4,0,4,102
03/06/2021,ALB,NY,AEA,EN,Combined TRACON& Tower with Radar,42,20,13,0,75,0,0,19,0,19,42,20,32,0,94,0,0,0,94
03/07/2021,ALB,NY,AEA,EN,Combined TRACON& Tower with Radar,48,16,17,0,81,0,2,44,0,46,48,18,61,0,127,0,0,0,127
03/08/2021,ALB,NY,AEA,EN,Combined TRACON& Tower with Radar,44,23,18,0,85,0,4,27,3,34,44,27,45,3,119,0,0,0,119
03/09/2021,ALB,NY,AEA,EN,Combined TRACON& Tower with Radar,36,26,14,1,77,0,0,24,5,29,36,26,38,6,106,16,0,16,122
03/10/2021,ALB,NY,AEA,EN,Combined TRACON& Tower with Radar,34,30,15,2,81,0,2,40,21,63,34,32,55,23,144,8,0,8,152
03/11/2021,ALB,NY,AEA,EN,Combined TRACON& Tower with Radar,49,25,5,6,85,0,2,14,26,42,49,27,19,32,127,19,25,44,171
03/12/2021,ALB,NY,AEA,EN,Combined TRACON& Tower with Radar,46,28,18,0,92,0,1,20,6,27,46,29,38,6,119,12,0,12,131
03/13/2021,ALB,NY,AEA,EN,Combined TRACON& Tower with Radar,43,15,12,0,70,0,0,17,0,17,43,15,29,0,87,8,0,8,95
03/14/2021,ALB,NY,AEA,EN,Combined TRACON& Tower with Radar,44,24,16,0,84,0,0,9,0,9,44,24,25,0,93,0,0,0,93
03/15/2021,ALB,NY,AEA,EN,Combined TRACON& Tower with Radar,38,22,12,2,74,0,0,10,0,10,38,22,22,2,84,0,0,0,84
03/16/2021,ALB,NY,AEA,EN,Combined TRACON& Tower with Radar,40,19,17,6,82,0,4,32,5,41,40,23,49,11,123,2,4,6,129
03/17/2021,ALB,NY,AEA,EN,Combined TRACON& Tower with Radar,36,31,15,0,82,0,0,19,4,23,36,31,34,4,105,6,0,6,111
03/18/2021,ALB,NY,AEA,EN,Combined TRACON& Tower with Radar,46,29,5,2,82,0,0,0,0,0,46,29,5,2,82,0,0,0,82
03/19/2021,ALB,NY,AEA,EN,Combined TRACON& Tower with Radar,45,22,9,3,79,0,2,25,14,41,45,24,34,17,120,3,9,12,132
03/20/2021,ALB,NY,AEA,EN,Combined TRACON& Tower with Radar,40,16,19,5,80,0,1,49,13,63,40,17,68,18,143,26,0,26,169
03/21/2021,ALB,NY,AEA,EN,Combined TRACON& Tower with Radar,45,20,18,2,85,0,1,40,12,53,45,21,58,14,138,34,0,34,172
03/22/2021,ALB,NY,AEA,EN,Combined TRACON& Tower with Radar,41,22,12,6,81,0,2,37,5,44,41,24,49,11,125,15,14,29,154
03/23/2021,ALB,NY,AEA,EN,Combined TRACON& Tower with Radar,40,23,15,3,81,0,2,26,3,31,40,25,41,6,112,8,6,14,126
03/24/2021,ALB,NY,AEA,EN,Combined TRACON& Tower with Radar,40,27,16,17,100,0,0,9,5,14,40,27,25,22,114,0,0,0,114
03/25/2021,ALB,NY,AEA,EN,Combined TRACON& Tower with Radar,48,31,15,3,97,0,0,32,11,43,48,31,47,14,140,0,0,0,140
03/26/2021,ALB,NY,AEA,EN,Combined TRACON& Tower with Radar,51,29,14,0,94,0,0,2,2,4,51,29,16,2,98,0,0,0,98
03/27/2021,ALB,NY,AEA,EN,Combined TRACON& Tower with Radar,36,12,17,1,66,0,0,40,1,41,36,12,57,2,107,0,0,0,107
03/28/2021,ALB,NY,AEA,EN,Combined TRACON& Tower with Radar,54,17,14,0,85,0,0,2,0,2,54,17,16,0,87,0,0,0,87
03/29/2021,ALB,NY,AEA,EN,Combined TRACON& Tower with Radar,44,23,11,0,78,0,1,5,0,6,44,24,16,0,84,0,0,0,84
03/30/2021,ALB,NY,AEA,EN,Combined TRACON& Tower with Radar,44,20,13,32,109,0,0,28,21,49,44,20,41,53,158,0,0,0,158
03/31/2021,ALB,NY,AEA,EN,Combined TRACON& Tower with Radar,44,25,23,2,94,0,0,3,4,7,44,25,26,6,101,0,0,0,101
04/01/2021,ALB,NY,AEA,EN,Combined TRACON& Tower with Radar,52,32,2,0,86,0,0,0,0,0,52,32,2,0,86,0,0,0,86
04/02/2021,ALB,NY,AEA,EN,Combined TRACON& Tower with Radar,48,30,20,2,100,0,0,25,8,33,48,30,45,10,133,13,0,13,146
04/03/2021,ALB,NY,AEA,EN,Combined TRACON& Tower with Radar,37,17,26,0,80,0,0,55,0,55,37,17,81,0,135,35,0,35,170
04/04/2021,ALB,NY,AEA,EN,Combined TRACON& Tower with Radar,47,18,14,0,79,0,3,19,0,22,47,21,33,0,101,0,0,0,101
04/05/2021,ALB,NY,AEA,EN,Combined TRACON& Tower with Radar,42,32,13,0,87,0,0,40,9,49,42,32,53,9,136,2,8,10,146
04/06/2021,ALB,NY,AEA,EN,Combined TRACON& Tower with Radar,46,28,15,7,96,0,3,41,4,48,46,31,56,11,144,2,6,8,152
04/07/2021,ALB,NY,AEA,EN,Combined TRACON& Tower with Radar,47,25,23,0,95,0,0,50,8,58,47,25,73,8,153,18,0,18,171
04/08/2021,ALB,NY,AEA,EN,Combined TRACON& Tower with Radar,56,29,20,10,115,0,2,49,13,64,56,31,69,23,179,57,0,57,236
04/09/2021,ALB,NY,AEA,EN,Combined TRACON& Tower with Radar,53,27,16,4,100,0,0,35,5,40,53,27,51,9,140,13,0,13,153
04/10/2021,ALB,NY,AEA,EN,Combined TRACON& Tower with Radar,48,17,29,0,94,0,0,52,2,54,48,17,81,2,148,44,0,44,192
04/11/2021,ALB,NY,AEA,EN,Combined TRACON& Tower with Radar,51,20,14,0,85,0,0,6,0,6,51,20,20,0,91,3,0,3,94
04/12/2021,ALB,NY,AEA,EN,Combined TRACON& Tower with Radar,44,29,19,4,96,0,0,12,5,17,44,29,31,9,113,2,0,2,115
04/13/2021,ALB,NY,AEA,EN,Combined TRACON& Tower with Radar,48,27,19,10,104,0,1,26,16,43,48,28,45,26,147,38,0,38,185
04/14/2021,ALB,NY,AEA,EN,Combined TRACON& Tower with Radar,44,27,16,14,101,0,0,33,4,37,44,27,49,18,138,12,0,12,150
04/15/2021,ALB,NY,AEA,EN,Combined TRACON& Tower with Radar,51,34,12,4,101,0,0,0,0,0,51,34,12,4,101,0,0,0,101
04/16/2021,ALB,NY,AEA,EN,Combined TRACON& Tower with Radar,55,31,9,12,107,0,0,0,1,1,55,31,9,13,108,12,14,26,134
04/17/2021,ALB,NY,AEA,EN,Combined TRACON& Tower with Radar,41,22,19,0,82,0,0,20,0,20,41,22,39,0,102,2,0,2,104
04/18/2021,ALB,NY,AEA,EN,Combined TRACON& Tower with Radar,45,20,14,2,81,0,0,41,0,41,45,20,55,2,122,8,0,8,130
04/19/2021,ALB,NY,AEA,EN,Combined TRACON& Tower with Radar,45,26,20,0,91,0,1,25,8,34,45,27,45,8,125,16,0,16,141
04/20/2021,ALB,NY,AEA,EN,Combined TRACON& Tower with Radar,44,26,16,4,90,0,0,27,13,40,44,26,43,17,130,0,0,0,130
04/21/2021,ALB,NY,AEA,EN,Combined TRACON& Tower with Radar,46,29,11,5,91,0,0,1,12,13,46,29,12,17,104,0,0,0,104
04/22/2021,ALB,NY,AEA,EN,Combined TRACON& Tower with Radar,53,31,11,6,101,0,0,2,10,12,53,31,13,16,113,0,0,0,113
04/23/2021,ALB,NY,AEA,EN,Combined TRACON& Tower with Radar,54,30,14,0,98,0,1,20,4,25,54,31,34,4,123,0,0,0,123
04/24/2021,ALB,NY,AEA,EN,Combined TRACON& Tower with Radar,41,17,18,0,76,0,0,50,4,54,41,17,68,4,130,0,0,0,130
04/25/2021,ALB,NY,AEA,EN,Combined TRACON& Tower with Radar,51,20,12,0,83,0,0,8,0,8,51,20,20,0,91,0,0,0,91
04/26/2021,ALB,NY,AEA,EN,Combined TRACON& Tower with Radar,44,29,16,15,104,0,4,27,17,48,44,33,43,32,152,0,0,0,152
04/27/2021,ALB,NY,AEA,EN,Combined TRACON& Tower with Radar,49,27,23,2,101,0,5,55,12,72,49,32,78,14,173,0,0,0,173
04/28/2021,ALB,NY,AEA,EN,Combined TRACON& Tower with Radar,46,25,25,12,108,0,0,16,15,31,46,25,41,27,139,0,0,0,139
04/29/2021,ALB,NY,AEA,EN,Combined TRACON& Tower with Radar,55,35,14,3,107,0,0,0,0,0,55,35,14,3,107,0,0,0,107
04/30/2021,ALB,NY,AEA,EN,Combined TRACON& Tower with Radar,54,37,10,2,103,0,0,3,2,5,54,37,13,4,108,0,0,0,108
05/01/2021,ALB,NY,AEA,EN,Combined TRACON& Tower with Radar,41,18,14,0,73,0,3,15,0,18,41,21,29,0,91,0,0,0,91
05/02/2021,ALB,NY,AEA,EN,Combined TRACON& Tower with Radar,46,27,19,0,92,0,1,16,0,17,46,28,35,0,109,10,0,10,119
05/03/2021,ALB,NY,AEA,EN,Combined TRACON& Tower with Radar,51,33,22,22,128,0,0,14,12,26,51,33,36,34,154,2,52,54,208
05/04/2021,ALB,NY,AEA,EN,Combined TRACON& Tower with Radar,53,32,24,8,117,0,0,0,1,1,53,32,24,9,118,10,6,16,134
05/05/2021,ALB,NY,AEA,EN,Combined TRACON& Tower with Radar,44,40,10,0,94,0,0,0,0,0,44,40,10,0,94,1,0,1,95
05/06/2021,ALB,NY,AEA,EN,Combined TRACON& Tower with Radar,59,26,18,4,107,0,0,43,25,68,59,26,61,29,175,0,0,0,175
05/07/2021,ALB,NY,AEA,EN,Combined TRACON& Tower with Radar,60,28,12,2,102,0,5,31,56,92,60,33,43,58,194,0,0,0,194
05/08/2021,ALB,NY,AEA,EN,Combined TRACON& Tower with Radar,45,17,25,0,87,0,0,23,0,23,45,17,48,0,110,0,0,0,110
05/09/2021,ALB,NY,AEA,EN,Combined TRACON& Tower with Radar,53,22,10,0,85,0,1,24,2,27,53,23,34,2,112,0,0,0,112
05/10/2021,ALB,NY,AEA,EN,Combined TRACON& Tower with Radar,50,24,15,5,94,0,0,17,5,22,50,24,32,10,116,0,0,0,116
05/11/2021,ALB,NY,AEA,EN,Combined TRACON& Tower with Radar,51,32,12,2,97,0,4,29,6,39,51,36,41,8,136,0,0,0,136
05/12/2021,ALB,NY,AEA,EN,Combined TRACON& Tower with Radar,46,27,14,4,91,0,2,21,6,29,46,29,35,10,120,0,0,0,120
05/13/2021,ALB,NY,AEA,EN,Combined TRACON& Tower with Radar,57,24,10,0,91,0,0,63,7,70,57,24,73,7,161,0,0,0,161
05/14/2021,ALB,NY,AEA,EN,Combined TRACON& Tower with Radar,60,25,13,1,99,0,0,49,11,60,60,25,62,12,159,0,0,0,159
05/15/2021,ALB,NY,AEA,EN,Combined TRACON& Tower with Radar,46,21,14,0,81,0,2,29,9,40,46,23,43,9,121,0,0,0,121
05/16/2021,ALB,NY,AEA,EN,Combined TRACON& Tower with Radar,52,15,22,0,89,0,2,29,14,45,52,17,51,14,134,0,0,0,134
05/17/2021,ALB,NY,AEA,EN,Combined TRACON& Tower with Radar,53,21,10,1,85,0,3,32,5,40,53,24,42,6,125,0,0,0,125
05/18/2021,ALB,NY,AEA,EN,Combined TRACON& Tower with Radar,49,28,16,0,93,0,1,18,4,23,49,29,34,4,116,0,0,0,116
05/19/2021,ALB,NY,AEA,EN,Combined TRACON& Tower with Radar,48,25,15,6,94,0,5,35,14,54,48,30,50,20,148,0,0,0,148
05/20/2021,ALB,NY,AEA,EN,Combined TRACON& Tower with Radar,54,32,27,5,118,0,2,43,16,61,54,34,70,21,179,0,0,0,179
05/21/2021,ALB,NY,AEA,EN,Combined TRACON& Tower with Radar,59,29,16,6,110,0,3,32,2,37,59,32,48,8,147,0,0,0,147
05/22/2021,ALB,NY,AEA,EN,Combined TRACON& Tower with Radar,47,26,24,0,97,0,0,28,0,28,47,26,52,0,125,0,0,0,125
05/23/2021,ALB,NY,AEA,EN,Combined TRACON& Tower with Radar,50,20,33,0,103,0,1,8,2,11,50,21,41,2,114,0,0,0,114
05/24/2021,ALB,NY,AEA,EN,Combined TRACON& Tower with Radar,54,24,14,6,98,0,1,38,7,46,54,25,52,13,144,0,0,0,144
05/25/2021,ALB,NY,AEA,EN,Combined TRACON& Tower with Radar,48,37,26,17,128,0,0,24,14,38,48,37,50,31,166,0,0,0,166
05/26/2021,ALB,NY,AEA,EN,Combined TRACON& Tower with Radar,50,24,6,3,83,0,3,22,12,37,50,27,28,15,120,0,0,0,120
05/27/2021,ALB,NY,AEA,EN,Combined TRACON& Tower with Radar,58,29,17,3,107,0,0,42,21,63,58,29,59,24,170,0,0,0,170
05/28/2021,ALB,NY,AEA,EN,Combined TRACON& Tower with Radar,56,25,8,0,89,0,0,15,0,15,56,25,23,0,104,0,0,0,104
05/29/2021,ALB,NY,AEA,EN,Combined TRACON& Tower with Radar,48,20,15,0,83,0,0,5,0,5,48,20,20,0,88,0,0,0,88
05/30/2021,ALB,NY,AEA,EN,Combined TRACON& Tower with Radar,43,16,8,0,67,0,0,3,0,3,43,16,11,0,70,0,0,0,70
05/31/2021,ALB,NY,AEA,EN,Combined TRACON& Tower with Radar,52,22,24,0,98,0,0,18,2,20,52,22,42,2,118,0,0,0,118
06/01/2021,ALB,NY,AEA,EN,Combined TRACON& Tower with Radar,43,29,11,0,83,0,0,60,6,66,43,29,71,6,149,37,0,37,186
06/02/2021,ALB,NY,AEA,EN,Combined TRACON& Tower with Radar,48,31,16,3,98,0,0,32,6,38,48,31,48,9,136,0,0,0,136
06/03/2021,ALB,NY,AEA,EN,Combined TRACON& Tower with Radar,52,25,29,3,109,0,0,5,7,12,52,25,34,10,121,1,0,1,122
06/04/2021,ALB,NY,AEA,EN,Combined TRACON& Tower with Radar,70,23,21,1,115,0,0,19,6,25,70,23,40,7,140,16,0,16,156
06/05/2021,ALB,NY,AEA,EN,Combined TRACON& Tower with Radar,45,27,19,2,93,0,2,32,11,45,45,29,51,13,138,15,0,15,153
06/06/2021,ALB,NY,AEA,EN,Combined TRACON& Tower with Radar,54,21,6,0,81,0,1,41,8,50,54,22,47,8,131,1,0,1,132
06/07/2021,ALB,NY,AEA,EN,Combined TRACON& Tower with Radar,61,21,13,3,98,0,0,31,5,36,61,21,44,8,134,10,0,10,144
06/08/2021,ALB,NY,AEA,EN,Combined TRACON& Tower with Radar,54,35,12,3,104,0,4,13,7,24,54,39,25,10,128,5,0,5,133
06/09/2021,ALB,NY,AEA,EN,Combined TRACON& Tower with Radar,56,31,22,28,137,0,2,12,14,28,56,33,34,42,165,6,10,16,181
06/10/2021,ALB,NY,AEA,EN,Combined TRACON& Tower with Radar,58,39,23,4,124,0,0,34,10,44,58,39,57,14,168,15,6,21,189
06/11/2021,ALB,NY,AEA,EN,Combined TRACON& Tower with Radar,66,27,17,2,112,0,3,27,0,30,66,30,44,2,142,12,0,12,154
06/12/2021,ALB,NY,AEA,EN,Combined TRACON& Tower with Radar,50,21,14,3,88,0,1,24,1,26,50,22,38,4,114,0,0,0,114
06/13/2021,ALB,NY,AEA,EN,Combined TRACON& Tower with Radar,55,16,20,0,91,0,0,35,0,35,55,16,55,0,126,5,0,5,131
06/14/2021,ALB,NY,AEA,EN,Combined TRACON& Tower with Radar,59,26,14,8,107,0,0,0,0,0,59,26,14,8,107,0,0,0,107
06/15/2021,ALB,NY,AEA,EN,Combined TRACON& Tower with Radar,57,29,18,0,104,0,0,19,4,23,57,29,37,4,127,1,0,1,128
06/16/2021,ALB,NY,AEA,EN,Combined TRACON& Tower with Radar,56,40,17,9,122,0,0,49,18,67,56,40,66,27,189,11,0,11,200
06/17/2021,ALB,NY,AEA,EN,Combined TRACON& Tower with Radar,66,34,27,4,131,0,2,52,15,69,66,36,79,19,200,23,0,23,223
06/18/2021,ALB,NY,AEA,EN,Combined TRACON& Tower with Radar,65,35,24,1,125,0,3,43,5,51,65,38,67,6,176,1,0,1,177
06/19/2021,ALB,NY,AEA,EN,Combined TRACON& Tower with Radar,51,22,16,0,89,0,2,23,0,25,51,24,39,0,114,8,0,8,122
06/20/2021,ALB,NY,AEA,EN,Combined TRACON& Tower with Radar,58,19,16,0,93,0,2,30,0,32,58,21,46,0,125,4,0,4,129
06/21/2021,ALB,NY,AEA,EN,Combined TRACON& Tower with Radar,57,34,21,0,112,0,2,6,0,8,57,36,27,0,120,17,0,17,137
06/22/2021,ALB,NY,AEA,EN,Combined TRACON& Tower with Radar,61,36,11,12,120,0,0,7,0,7,61,36,18,12,127,0,0,0,127
06/23/2021,ALB,NY,AEA,EN,Combined TRACON& Tower with Radar,57,29,25,0,111,0,2,43,17,62,57,31,68,17,173,19,0,19,192
06/24/2021,ALB,NY,AEA,EN,Combined TRACON& Tower with Radar,65,33,12,6,116,0,2,36,15,53,65,35,48,21,169,14,0,14,183
06/25/2021,ALB,NY,AEA,EN,Combined TRACON& Tower with Radar,64,31,20,12,127,0,0,18,19,37,64,31,38,31,164,20,12,32,196
06/26/2021,ALB,NY,AEA,EN,Combined TRACON& Tower with Radar,52,21,26,0,99,0,0,16,0,16,52,21,42,0,115,0,0,0,115
06/27/2021,ALB,NY,AEA,EN,Combined TRACON& Tower with Radar,59,23,24,0,106,0,0,29,0,29,59,23,53,0,135,11,0,11,146
06/28/2021,ALB,NY,AEA,EN,Combined TRACON& Tower with Radar,58,29,21,10,118,0,2,29,10,41,58,31,50,20,159,16,10,26,185
06/29/2021,ALB,NY,AEA,EN,Combined TRACON& Tower with Radar,61,28,28,1,118,0,0,16,3,19,61,28,44,4,137,20,0,20,157
06/30/2021,ALB,NY,AEA,EN,Combined TRACON& Tower with Radar,58,32,17,5,112,0,2,16,6,24,58,34,33,11,136,9,0,9,145
07/01/2021,ALB,NY,AEA,EN,Combined TRACON& Tower with Radar,65,42,25,4,136,0,1,11,1,13,65,43,36,5,149,39,0,39,188
07/02/2021,ALB,NY,AEA,EN,Combined TRACON& Tower with Radar,67,31,27,2,127,0,0,2,0,2,67,31,29,2,129,0,0,0,129
07/03/2021,ALB,NY,AEA,EN,Combined TRACON& Tower with Radar,60,26,19,0,105,0,0,7,0,7,60,26,26,0,112,14,0,14,126
07/04/2021,ALB,NY,AEA,EN,Combined TRACON& Tower with Radar,49,22,16,2,89,0,2,6,0,8,49,24,22,2,97,4,0,4,101
07/05/2021,ALB,NY,AEA,EN,Combined TRACON& Tower with Radar,62,20,19,0,101,0,2,34,0,36,62,22,53,0,137,2,0,2,139
07/06/2021,ALB,NY,AEA,EN,Combined TRACON& Tower with Radar,66,26,8,0,100,0,0,15,0,15,66,26,23,0,115,0,0,0,115
07/07/2021,ALB,NY,AEA,EN,Combined TRACON& Tower with Radar,64,33,26,2,125,0,2,27,4,33,64,35,53,6,158,8,0,8,166
07/08/2021,ALB,NY,AEA,EN,Combined TRACON& Tower with Radar,71,35,6,0,112,0,0,8,0,8,71,35,14,0,120,0,0,0,120
07/09/2021,ALB,NY,AEA,EN,Combined TRACON& Tower with Radar,68,33,28,6,135,0,0,15,2,17,68,33,43,8,152,3,0,3,155
07/10/2021,ALB,NY,AEA,EN,Combined TRACON& Tower with Radar,60,28,23,2,113,0,7,45,6,58,60,35,68,8,171,31,0,31,202
07/11/2021,ALB,NY,AEA,EN,Combined TRACON& Tower with Radar,68,23,22,4,117,0,0,33,7,40,68,23,55,11,157,12,0,12,169
07/12/2021,ALB,NY,AEA,EN,Combined TRACON& Tower with Radar,63,34,13,6,116,0,4,3,0,7,63,38,16,6,123,10,0,10,133
07/13/2021,ALB,NY,AEA,EN,Combined TRACON& Tower with Radar,64,36,20,11,131,0,2,11,17,30,64,38,31,28,161,0,0,0,161
07/14/2021,ALB,NY,AEA,EN,Combined TRACON& Tower with Radar,63,37,13,5,118,0,0,8,18,26,63,37,21,23,144,0,0,0,144
07/15/2021,ALB,NY,AEA,EN,Combined TRACON& Tower with Radar,65,38,24,14,141,0,4,50,13,67,65,42,74,27,208,0,0,0,208
07/16/2021,ALB,NY,AEA,EN,Combined TRACON& Tower with Radar,73,28,29,12,142,0,0,43,21,64,73,28,72,33,206,0,0,0,206
07/17/2021,ALB,NY,AEA,EN,Combined TRACON& Tower with Radar,53,30,19,3,105,0,0,12,0,12,53,30,31,3,117,0,0,0,117
07/18/2021,ALB,NY,AEA,EN,Combined TRACON& Tower with Radar,62,33,32,3,130,0,0,0,0,0,62,33,32,3,130,0,0,0,130
07/19/2021,ALB,NY,AEA,EN,Combined TRACON& Tower with Radar,68,29,25,9,131,0,0,17,18,35,68,29,42,27,166,30,0,30,196
07/20/2021,ALB,NY,AEA,EN,Combined TRACON& Tower with Radar,66,29,30,8,133,0,0,19,15,34,66,29,49,23,167,34,0,34,201
07/21/2021,ALB,NY,AEA,EN,Combined TRACON& Tower with Radar,64,45,28,5,142,0,2,12,8,22,64,47,40,13,164,5,0,5,169
07/22/2021,ALB,NY,AEA,EN,Combined TRACON& Tower with Radar,65,30,25,3,123,0,1,61,16,78,65,31,86,19,201,19,0,19,220
07/23/2021,ALB,NY,AEA,EN,Combined TRACON& Tower with Radar,66,34,19,1,120,0,0,40,7,47,66,34,59,8,167,6,0,6,173
07/24/2021,ALB,NY,AEA,EN,Combined TRACON& Tower with Radar,55,32,25,0,112,0,0,31,4,35,55,32,56,4,147,21,0,21,168
07/25/2021,ALB,NY,AEA,EN,Combined TRACON& Tower with Radar,59,23,12,2,96,0,0,6,0,6,59,23,18,2,102,0,0,0,102
07/26/2021,ALB,NY,AEA,EN,Combined TRACON& Tower with Radar,63,37,20,14,134,0,0,18,7,25,63,37,38,21,159,0,0,0,159
07/27/2021,ALB,NY,AEA,EN,Combined TRACON& Tower with Radar,68,35,15,8,126,0,0,19,8,27,68,35,34,16,153,1,18,19,172
07/28/2021,ALB,NY,AEA,EN,Combined TRACON& Tower with Radar,64,40,32,1,137,0,0,29,11,40,64,40,61,12,177,16,0,16,193
07/29/2021,ALB,NY,AEA,EN,Combined TRACON& Tower with Radar,69,40,30,9,148,0,0,12,5,17,69,40,42,14,165,24,0,24,189
07/30/2021,ALB,NY,AEA,EN,Combined TRACON& Tower with Radar,72,31,31,0,134,0,0,19,2,21,72,31,50,2,155,12,0,12,167
07/31/2021,ALB,NY,AEA,EN,Combined TRACON& Tower with Radar,56,39,31,6,132,0,4,39,0,43,56,43,70,6,175,8,0,8,183
08/01/2021,ALB,NY,AEA,EN,Combined TRACON& Tower with Radar,63,35,10,0,108,0,2,22,0,24,63,37,32,0,132,22,0,22,154
08/02/2021,ALB,NY,AEA,EN,Combined TRACON& Tower with Radar,60,34,21,0,115,0,2,41,2,45,60,36,62,2,160,17,0,17,177
08/03/2021,ALB,NY,AEA,EN,Combined TRACON& Tower with Radar,62,34,16,3,115,0,0,47,3,50,62,34,63,6,165,29,0,29,194
08/04/2021,ALB,NY,AEA,EN,Combined TRACON& Tower with Radar,61,42,23,1,127,0,3,49,2,54,61,45,72,3,181,21,0,21,202
08/05/2021,ALB,NY,AEA,EN,Combined TRACON& Tower with Radar,65,39,31,21,156,0,5,37,18,60,65,44,68,39,216,42,18,60,276
08/06/2021,ALB,NY,AEA,EN,Combined TRACON& Tower with Radar,68,36,22,16,142,0,6,58,4,68,68,42,80,20,210,7,12,19,229
08/07/2021,ALB,NY,AEA,EN,Combined TRACON& Tower with Radar,53,40,25,0,118,0,3,32,0,35,53,43,57,0,153,14,0,14,167
08/08/2021,ALB,NY,AEA,EN,Combined TRACON& Tower with Radar,61,38,38,0,137,0,1,23,3,27,61,39,61,3,164,3,0,3,167
08/09/2021,ALB,NY,AEA,EN,Combined TRACON& Tower with Radar,61,46,21,6,134,0,5,25,0,30,61,51,46,6,164,3,4,7,171
08/10/2021,ALB,NY,AEA,EN,Combined TRACON& Tower with Radar,63,39,13,5,120,0,0,21,11,32,63,39,34,16,152,19,2,21,173
08/11/2021,ALB,NY,AEA,EN,Combined TRACON& Tower with Radar,60,41,23,3,127,0,0,20,13,33,60,41,43,16,160,27,2,29,189
08/12/2021,ALB,NY,AEA,EN,Combined TRACON& Tower with Radar,73,45,21,18,157,0,0,42,4,46,73,45,63,22,203,9,6,15,218
08/13/2021,ALB,NY,AEA,EN,Combined TRACON& Tower with Radar,64,30,29,4,127,0,1,34,4,39,64,31,63,8,166,5,5,10,176
08/14/2021,ALB,NY,AEA,EN,Combined TRACON& Tower with Radar,49,28,32,2,111,0,2,31,0,33,49,30,63,2,144,0,0,0,144
08/15/2021,ALB,NY,AEA,EN,Combined TRACON& Tower with Radar,64,34,27,0,125,0,0,53,0,53,64,34,80,0,178,30,0,30,208
08/16/2021,ALB,NY,AEA,EN,Combined TRACON& Tower with Radar,62,37,18,9,126,0,2,57,1,60,62,39,75,10,186,12,0,12,198
08/17/2021,ALB,NY,AEA,EN,Combined TRACON& Tower with Radar,67,39,23,8,137,0,0,11,1,12,67,39,34,9,149,13,0,13,162
08/18/2021,ALB,NY,AEA,EN,Combined TRACON& Tower with Radar,67,46,23,15,151,0,0,11,7,18,67,46,34,22,169,67,2,69,238
08/19/2021,ALB,NY,AEA,EN,Combined TRACON& Tower with Radar,66,35,19,3,123,0,0,0,0,0,66,35,19,3,123,4,0,4,127
08/20/2021,ALB,NY,AEA,EN,Combined TRACON& Tower with Radar,67,38,33,2,140,0,1,17,12,30,67,39,50,14,170,28,18,46,216
08/21/2021,ALB,NY,AEA,EN,Combined TRACON& Tower with Radar,58,25,21,0,104,0,2,19,0,21,58,27,40,0,125,2,0,2,127
08/22/2021,ALB,NY,AEA,EN,Combined TRACON& Tower with Radar,63,37,11,0,111,0,0,5,0,5,63,37,16,0,116,0,0,0,116
08/23/2021,ALB,NY,AEA,EN,Combined TRACON& Tower with Radar,67,33,27,0,127,0,3,5,4,12,67,36,32,4,139,29,0,29,168
08/24/2021,ALB,NY,AEA,EN,Combined TRACON& Tower with Radar,63,25,16,0,104,0,0,58,4,62,63,25,74,4,166,14,0,14,180
08/25/2021,ALB,NY,AEA,EN,Combined TRACON& Tower with Radar,64,42,19,14,139,0,0,59,14,73,64,42,78,28,212,19,0,19,231
08/26/2021,ALB,NY,AEA,EN,Combined TRACON& Tower with Radar,65,37,22,5,129,0,1,53,14,68,65,38,75,19,197,29,6,35,232
08/27/2021,ALB,NY,AEA,EN,Combined TRACON& Tower with Radar,71,30,32,2,135,0,4,41,2,47,71,34,73,4,182,10,0,10,192
08/28/2021,ALB,NY,AEA,EN,Combined TRACON& Tower with Radar,64,26,31,0,121,0,0,29,2,31,64,26,60,2,152,0,0,0,152
08/29/2021,ALB,NY,AEA,EN,Combined TRACON& Tower with Radar,65,31,20,2,118,0,0,4,0,4,65,31,24,2,122,0,0,0,122
08/30/2021,ALB,NY,AEA,EN,Combined TRACON& Tower with Radar,65,28,33,0,126,0,0,13,0,13,65,28,46,0,139,2,0,2,141
08/31/2021,ALB,NY,AEA,EN,Combined TRACON& Tower with Radar,65,34,23,20,142,0,2,44,11,57,65,36,67,31,199,0,0,0,199
09/01/2021,ALB,NY,AEA,EN,Combined TRACON& Tower with Radar,68,26,18,4,116,0,0,8,0,8,68,26,26,4,124,0,0,0,124
09/02/2021,ALB,NY,AEA,EN,Combined TRACON& Tower with Radar,69,39,23,0,131,0,0,25,13,38,69,39,48,13,169,2,0,2,171
09/03/2021,ALB,NY,AEA,EN,Combined TRACON& Tower with Radar,74,34,20,2,130,0,3,37,0,40,74,37,57,2,170,19,0,19,189
09/04/2021,ALB,NY,AEA,EN,Combined TRACON& Tower with Radar,53,23,2,0,78,0,2,49,0,51,53,25,51,0,129,6,0,6,135
09/05/2021,ALB,NY,AEA,EN,Combined TRACON& Tower with Radar,54,25,18,0,97,0,0,16,0,16,54,25,34,0,113,0,0,0,113
09/06/2021,ALB,NY,AEA,EN,Combined TRACON& Tower with Radar,64,28,24,0,116,0,0,22,0,22,64,28,46,0,138,0,0,0,138
09/07/2021,ALB,NY,AEA,EN,Combined TRACON& Tower with Radar,55,26,25,2,108,0,4,32,6,42,55,30,57,8,150,5,0,5,155
09/08/2021,ALB,NY,AEA,EN,Combined TRACON& Tower with Radar,59,36,10,6,111,0,2,23,6,31,59,38,33,12,142,18,24,42,184
09/09/2021,ALB,NY,AEA,EN,Combined TRACON& Tower with Radar,69,31,21,29,150,0,1,18,21,40,69,32,39,50,190,0,0,0,190
09/10/2021,ALB,NY,AEA,EN,Combined TRACON& Tower with Radar,68,32,20,10,130,0,1,22,16,39,68,33,42,26,169,14,14,28,197
09/11/2021,ALB,NY,AEA,EN,Combined TRACON& Tower with Radar,57,15,18,2,92,0,2,48,16,66,57,17,66,18,158,1,0,1,159
09/12/2021,ALB,NY,AEA,EN,Combined TRACON& Tower with Radar,62,23,26,7,118,0,2,22,11,35,62,25,48,18,153,11,4,15,168
09/13/2021,ALB,NY,AEA,EN,Combined TRACON& Tower with Radar,65,25,19,4,113,0,0,30,7,37,65,25,49,11,150,2,0,2,152
09/14/2021,ALB,NY,AEA,EN,Combined TRACON& Tower with Radar,58,31,27,8,124,0,2,49,4,55,58,33,76,12,179,15,0,15,194
09/15/2021,ALB,NY,AEA,EN,Combined TRACON& Tower with Radar,59,34,12,7,112,0,0,7,5,12,59,34,19,12,124,0,0,0,124
09/16/2021,ALB,NY,AEA,EN,Combined TRACON& Tower with Radar,72,32,19,9,132,0,0,26,19,45,72,32,45,28,177,0,0,0,177
09/17/2021,ALB,NY,AEA,EN,Combined TRACON& Tower with Radar,68,33,29,4,134,0,2,11,10,23,68,35,40,14,157,0,0,0,157
09/18/2021,ALB,NY,AEA,EN,Combined TRACON& Tower with Radar,56,25,34,2,117,0,0,24,0,24,56,25,58,2,141,4,0,4,145
09/19/2021,ALB,NY,AEA,EN,Combined TRACON& Tower with Radar,62,18,28,0,108,0,2,60,1,63,62,20,88,1,171,8,0,8,179
09/20/2021,ALB,NY,AEA,EN,Combined TRACON& Tower with Radar,69,28,26,11,134,0,1,19,8,28,69,29,45,19,162,0,16,16,178
09/21/2021,ALB,NY,AEA,EN,Combined TRACON& Tower with Radar,59,35,31,9,134,0,1,39,16,56,59,36,70,25,190,21,0,21,211
09/22/2021,ALB,NY,AEA,EN,Combined TRACON& Tower with Radar,58,35,37,24,154,0,2,3,8,13,58,37,40,32,167,16,21,37,204
09/23/2021,ALB,NY,AEA,EN,Combined TRACON& Tower with Radar,69,30,26,2,127,0,1,8,6,15,69,31,34,8,142,2,0,2,144
09/24/2021,ALB,NY,AEA,EN,Combined TRACON& Tower with Radar,74,28,28,2,132,0,0,32,0,32,74,28,60,2,164,10,0,10,174
09/25/2021,ALB,NY,AEA,EN,Combined TRACON& Tower with Radar,57,30,22,1,110,0,0,38,1,39,57,30,60,2,149,16,0,16,165
09/26/2021,ALB,NY,AEA,EN,Combined TRACON& Tower with Radar,60,28,14,0,102,0,4,38,0,42,60,32,52,0,144,20,0,20,164
09/27/2021,ALB,NY,AEA,EN,Combined TRACON& Tower with Radar,70,32,18,2,122,0,0,29,4,33,70,32,47,6,155,3,0,3,158
09/28/2021,ALB,NY,AEA,EN,Combined TRACON& Tower with Radar,58,31,16,5,110,0,4,20,9,33,58,35,36,14,143,8,0,8,151
09/29/2021,ALB,NY,AEA,EN,Combined TRACON& Tower with Radar,58,37,18,4,117,0,2,63,19,84,58,39,81,23,201,14,0,14,215
09/30/2021,ALB,NY,AEA,EN,Combined TRACON& Tower with Radar,71,37,26,4,138,0,0,18,7,25,71,37,44,11,163,14,0,14,177
10/01/2021,ALB,NY,AEA,EN,Combined TRACON& Tower with Radar,73,37,20,0,130,0,4,40,0,44,73,41,60,0,174,16,0,16,190
10/02/2021,ALB,NY,AEA,EN,Combined TRACON& Tower with Radar,57,26,18,0,101,0,2,26,0,28,57,28,44,0,129,22,0,22,151
10/03/2021,ALB,NY,AEA,EN,Combined TRACON& Tower with Radar,61,27,20,0,108,0,0,24,0,24,61,27,44,0,132,58,0,58,190
10/04/2021,ALB,NY,AEA,EN,Combined TRACON& Tower with Radar,70,31,22,0,123,0,0,1,0,1,70,31,23,0,124,0,0,0,124
10/05/2021,ALB,NY,AEA,EN,Combined TRACON& Tower with Radar,59,33,34,1,127,0,0,2,1,3,59,33,36,2,130,0,0,0,130
10/06/2021,ALB,NY,AEA,EN,Combined TRACON& Tower with Radar,55,33,20,7,115,0,3,10,5,18,55,36,30,12,133,1,0,1,134
10/07/2021,ALB,NY,AEA,EN,Combined TRACON& Tower with Radar,70,33,17,8,128,0,0,19,2,21,70,33,36,10,149,5,0,5,154
10/08/2021,ALB,NY,AEA,EN,Combined TRACON& Tower with Radar,69,37,17,0,123,0,3,32,0,35,69,40,49,0,158,13,0,13,171
10/09/2021,ALB,NY,AEA,EN,Combined TRACON& Tower with Radar,51,30,31,0,112,0,1,19,2,22,51,31,50,2,134,2,0,2,136
10/10/2021,ALB,NY,AEA,EN,Combined TRACON& Tower with Radar,60,27,24,0,111,0,0,12,0,12,60,27,36,0,123,43,0,43,166
10/11/2021,ALB,NY,AEA,EN,Combined TRACON& Tower with Radar,59,41,19,0,119,0,0,33,2,35,59,41,52,2,154,53,0,53,207
10/12/2021,ALB,NY,AEA,EN,Combined TRACON& Tower with Radar,61,37,21,0,119,0,0,18,2,20,61,37,39,2,139,14,1,15,154
10/13/2021,ALB,NY,AEA,EN,Combined TRACON& Tower with Radar,61,34,24,4,123,0,0,16,0,16,61,34,40,4,139,4,0,4,143
10/14/2021,ALB,NY,AEA,EN,Combined TRACON& Tower with Radar,69,44,28,18,159,0,0,30,22,52,69,44,58,40,211,8,1,9,220
10/15/2021,ALB,NY,AEA,EN,Combined TRACON& Tower with Radar,67,34,20,4,125,0,0,11,0,11,67,34,31,4,136,8,0,8,144
10/16/2021,ALB,NY,AEA,EN,Combined TRACON& Tower with Radar,53,36,10,0,99,0,0,1,0,1,53,36,11,0,100,2,0,2,102
10/17/2021,ALB,NY,AEA,EN,Combined TRACON& Tower with Radar,62,42,32,4,140,0,0,13,0,13,62,42,45,4,153,32,0,32,185
10/18/2021,ALB,NY,AEA,EN,Combined TRACON& Tower with Radar,64,30,20,3,117,0,0,20,4,24,64,30,40,7,141,0,0,0,141
10/19/2021,ALB,NY,AEA,EN,Combined TRACON& Tower with Radar,61,40,33,3,137,1,1,28,7,37,62,41,61,10,174,6,0,6,180
10/20/2021,ALB,NY,AEA,EN,Combined TRACON& Tower with Radar,60,39,20,2,121,0,3,31,21,55,60,42,51,23,176,20,0,20,196
10/21/2021,ALB,NY,AEA,EN,Combined TRACON& Tower with Radar,67,37,25,10,139,0,0,61,4,65,67,37,86,14,204,12,0,12,216
10/22/2021,ALB,NY,AEA,EN,Combined TRACON& Tower with Radar,67,40,24,2,133,0,2,35,14,51,67,42,59,16,184,19,0,19,203
10/23/2021,ALB,NY,AEA,EN,Combined TRACON& Tower with Radar,54,35,30,1,120,0,0,31,11,42,54,35,61,12,162,18,0,18,180
10/24/2021,ALB,NY,AEA,EN,Combined TRACON& Tower with Radar,61,32,28,5,126,0,3,43,2,48,61,35,71,7,174,14,0,14,188
10/25/2021,ALB,NY,AEA,EN,Combined TRACON& Tower with Radar,73,31,23,20,147,0,0,0,0,0,73,31,23,20,147,3,6,9,156
10/26/2021,ALB,NY,AEA,EN,Combined TRACON& Tower with Radar,70,41,8,0,119,0,0,1,0,1,70,41,9,0,120,0,0,0,120
10/27/2021,ALB,NY,AEA,EN,Combined TRACON& Tower with Radar,62,40,16,9,127,0,0,14,18,32,62,40,30,27,159,6,8,14,173
10/28/2021,ALB,NY,AEA,EN,Combined TRACON& Tower with Radar,67,37,38,6,148,0,2,34,14,50,67,39,72,20,198,0,2,2,200
10/29/2021,ALB,NY,AEA,EN,Combined TRACON& Tower with Radar,64,43,27,0,134,0,0,10,1,11,64,43,37,1,145,0,0,0,145
10/30/2021,ALB,NY,AEA,EN,Combined TRACON& Tower with Radar,50,32,17,0,99,0,0,1,0,1,50,32,18,0,100,4,0,4,104
10/31/2021,ALB,NY,AEA,EN,Combined TRACON& Tower with Radar,54,18,16,0,88,0,0,3,0,3,54,18,19,0,91,0,0,0,91
11/01/2021,ALB,NY,AEA,EN,Combined TRACON& Tower with Radar,66,28,27,6,127,0,0,18,2,20,66,28,45,8,147,6,0,6,153
11/02/2021,ALB,NY,AEA,EN,Combined TRACON& Tower with Radar,57,28,12,3,100,0,0,21,5,26,57,28,33,8,126,16,0,16,142
11/03/2021,ALB,NY,AEA,EN,Combined TRACON& Tower with Radar,64,30,27,2,123,0,1,26,10,37,64,31,53,12,160,4,0,4,164
11/04/2021,ALB,NY,AEA,EN,Combined TRACON& Tower with Radar,70,30,16,6,122,0,0,28,20,48,70,30,44,26,170,5,17,22,192
11/05/2021,ALB,NY,AEA,EN,Combined TRACON& Tower with Radar,76,33,19,1,129,0,5,30,2,37,76,38,49,3,166,0,0,0,166
11/06/2021,ALB,NY,AEA,EN,Combined TRACON& Tower with Radar,55,25,18,3,101,0,2,46,7,55,55,27,64,10,156,18,0,18,174
11/07/2021,ALB,NY,AEA,EN,Combined TRACON& Tower with Radar,64,21,20,0,105,0,0,45,3,48,64,21,65,3,153,23,0,23,176
11/08/2021,ALB,NY,AEA,EN,Combined TRACON& Tower with Radar,68,27,24,3,122,0,2,24,6,32,68,29,48,9,154,6,0,6,160
11/09/2021,ALB,NY,AEA,EN,Combined TRACON& Tower with Radar,59,40,26,7,132,0,5,25,6,36,59,45,51,13,168,3,0,3,171
11/10/2021,ALB,NY,AEA,EN,Combined TRACON& Tower with Radar,58,32,36,0,126,0,1,36,13,50,58,33,72,13,176,8,0,8,184
11/11/2021,ALB,NY,AEA,EN,Combined TRACON& Tower with Radar,70,37,26,0,133,0,0,21,0,21,70,37,47,0,154,17,0,17,171
11/12/2021,ALB,NY,AEA,EN,Combined TRACON& Tower with Radar,75,27,21,0,123,0,0,4,0,4,75,27,25,0,127,0,0,0,127
11/13/2021,ALB,NY,AEA,EN,Combined TRACON& Tower with Radar,56,24,7,0,87,0,0,5,0,5,56,24,12,0,92,28,0,28,120
11/14/2021,ALB,NY,AEA,EN,Combined TRACON& Tower with Radar,62,22,25,0,109,0,0,38,0,38,62,22,63,0,147,53,0,53,200
11/15/2021,ALB,NY,AEA,EN,Combined TRACON& Tower with Radar,68,35,10,2,115,0,0,13,2,15,68,35,23,4,130,0,0,0,130
11/16/2021,ALB,NY,AEA,EN,Combined TRACON& Tower with Radar,61,31,10,5,107,0,0,18,0,18,61,31,28,5,125,15,0,15,140
11/17/2021,ALB,NY,AEA,EN,Combined TRACON& Tower with Radar,59,39,12,5,115,0,0,31,2,33,59,39,43,7,148,6,0,6,154
11/18/2021,ALB,NY,AEA,EN,Combined TRACON& Tower with Radar,70,35,13,14,132,0,0,4,4,8,70,35,17,18,140,5,8,13,153
11/19/2021,ALB,NY,AEA,EN,Combined TRACON& Tower with Radar,71,35,24,5,135,0,0,23,7,30,71,35,47,12,165,2,0,2,167
11/20/2021,ALB,NY,AEA,EN,Combined TRACON& Tower with Radar,57,16,17,2,92,0,0,38,0,38,57,16,55,2,130,20,0,20,150
11/21/2021,ALB,NY,AEA,EN,Combined TRACON& Tower with Radar,65,22,19,2,108,0,0,29,0,29,65,22,48,2,137,34,0,34,171
11/22/2021,ALB,NY,AEA,EN,Combined TRACON& Tower with Radar,62,39,21,11,133,0,1,19,15,35,62,40,40,26,168,6,22,28,196
11/23/2021,ALB,NY,AEA,EN,Combined TRACON& Tower with Radar,67,41,40,27,175,0,1,34,22,57,67,42,74,49,232,10,19,29,261
11/24/2021,ALB,NY,AEA,EN,Combined TRACON& Tower with Radar,78,35,28,0,141,0,6,29,0,35,78,41,57,0,176,2,0,2,178
11/25/2021,ALB,NY,AEA,EN,Combined TRACON& Tower with Radar,37,22,13,0,72,0,5,14,0,19,37,27,27,0,91,4,0,4,95
11/26/2021,ALB,NY,AEA,EN,Combined TRACON& Tower with Radar,58,30,3,0,91,0,0,0,0,0,58,30,3,0,91,0,0,0,91
11/27/2021,ALB,NY,AEA,EN,Combined TRACON& Tower with Radar,68,36,13,0,117,0,1,9,0,10,68,37,22,0,127,2,0,2,129
11/28/2021,ALB,NY,AEA,EN,Combined TRACON& Tower with Radar,66,40,23,0,129,0,0,8,0,8,66,40,31,0,137,4,0,4,141
11/29/2021,ALB,NY,AEA,EN,Combined TRACON& Tower with Radar,69,44,13,10,136,0,0,9,5,14,69,44,22,15,150,8,16,24,174
11/30/2021,ALB,NY,AEA,EN,Combined TRACON& Tower with Radar,67,41,6,15,129,0,2,8,6,16,67,43,14,21,145,8,8,16,161
12/01/2021,ALB,NY,AEA,EN,Combined TRACON& Tower with Radar,68,31,13,3,115,0,0,30,11,41,68,31,43,14,156,0,0,0,156
12/02/2021,ALB,NY,AEA,EN,Combined TRACON& Tower with Radar,74,36,12,0,122,0,1,1,13,15,74,37,13,13,137,0,0,0,137
12/03/2021,ALB,NY,AEA,EN,Combined TRACON& Tower with Radar,76,38,17,1,132,0,3,18,7,28,76,41,35,8,160,0,0,0,160
12/04/2021,ALB,NY,AEA,EN,Combined TRACON& Tower with Radar,55,21,7,0,83,0,0,29,0,29,55,21,36,0,112,13,0,13,125
12/05/2021,ALB,NY,AEA,EN,Combined TRACON& Tower with Radar,61,21,31,2,115,0,1,33,0,34,61,22,64,2,149,8,0,8,157
12/06/2021,ALB,NY,AEA,EN,Combined TRACON& Tower with Radar,66,27,7,0,100,0,0,0,0,0,66,27,7,0,100,0,0,0,100
12/07/2021,ALB,NY,AEA,EN,Combined TRACON& Tower with Radar,64,35,6,8,113,0,5,11,0,16,64,40,17,8,129,44,5,49,178
12/08/2021,ALB,NY,AEA,EN,Combined TRACON& Tower with Radar,63,29,5,1,98,0,0,1,5,6,63,29,6,6,104,0,0,0,104
12/09/2021,ALB,NY,AEA,EN,Combined TRACON& Tower with Radar,73,36,18,12,139,0,4,30,21,55,73,40,48,33,194,3,9,12,206
12/10/2021,ALB,NY,AEA,EN,Combined TRACON& Tower with Radar,75,30,18,1,124,0,0,24,6,30,75,30,42,7,154,16,0,16,170
12/11/2021,ALB,NY,AEA,EN,Combined TRACON& Tower with Radar,58,25,8,0,91,0,0,0,0,0,58,25,8,0,91,0,0,0,91
12/12/2021,ALB,NY,AEA,EN,Combined TRACON& Tower with Radar,68,17,15,3,103,0,0,24,18,42,68,17,39,21,145,17,0,17,162
12/13/2021,ALB,NY,AEA,EN,Combined TRACON& Tower with Radar,66,23,11,5,105,0,0,20,4,24,66,23,31,9,129,0,0,0,129
12/14/2021,ALB,NY,AEA,EN,Combined TRACON& Tower with Radar,63,27,13,8,111,0,2,32,12,46,63,29,45,20,157,0,0,0,157
12/15/2021,ALB,NY,AEA,EN,Combined TRACON& Tower with Radar,65,35,10,18,128,0,1,16,12,29,65,36,26,30,157,0,0,0,157
12/16/2021,ALB,NY,AEA,EN,Combined TRACON& Tower with Radar,75,30,20,5,130,0,0,26,14,40,75,30,46,19,170,0,0,0,170
12/17/2021,ALB,NY,AEA,EN,Combined TRACON& Tower with Radar,74,34,17,13,138,0,3,35,8,46,74,37,52,21,184,0,0,0,184
12/18/2021,ALB,NY,AEA,EN,Combined TRACON& Tower with Radar,55,22,13,0,90,0,0,1,0,1,55,22,14,0,91,0,0,0,91
12/19/2021,ALB,NY,AEA,EN,Combined TRACON& Tower with Radar,67,25,10,0,102,0,0,13,0,13,67,25,23,0,115,0,0,0,115
12/20/2021,ALB,NY,AEA,EN,Combined TRACON& Tower with Radar,60,28,17,0,105,0,2,27,4,33,60,30,44,4,138,0,0,0,138
12/21/2021,ALB,NY,AEA,EN,Combined TRACON& Tower with Radar,70,31,6,7,114,0,2,16,18,36,70,33,22,25,150,0,0,0,150
12/22/2021,ALB,NY,AEA,EN,Combined TRACON& Tower with Radar,71,47,7,1,126,0,0,9,2,11,71,47,16,3,137,0,0,0,137
12/23/2021,ALB,NY,AEA,EN,Combined TRACON& Tower with Radar,70,41,14,0,125,0,1,21,5,27,70,42,35,5,152,0,0,0,152
12/24/2021,ALB,NY,AEA,EN,Combined TRACON& Tower with Radar,53,20,0,0,73,0,0,4,0,4,53,20,4,0,77,0,0,0,77
12/25/2021,ALB,NY,AEA,EN,Combined TRACON& Tower with Radar,47,22,2,0,71,0,0,0,0,0,47,22,2,0,71,0,0,0,71
12/26/2021,ALB,NY,AEA,EN,Combined TRACON& Tower with Radar,58,23,13,0,94,0,0,6,0,6,58,23,19,0,100,0,0,0,100
12/27/2021,ALB,NY,AEA,EN,Combined TRACON& Tower with Radar,59,34,13,0,106,0,1,16,0,17,59,35,29,0,123,14,0,14,137
12/28/2021,ALB,NY,AEA,EN,Combined TRACON& Tower with Radar,72,27,10,6,115,0,0,20,0,20,72,27,30,6,135,1,0,1,136
12/29/2021,ALB,NY,AEA,EN,Combined TRACON& Tower with Radar,63,35,17,0,115,0,0,0,0,0,63,35,17,0,115,0,0,0,115
12/30/2021,ALB,NY,AEA,EN,Combined TRACON& Tower with Radar,68,39,14,10,131,0,0,0,0,0,68,39,14,10,131,0,0,0,131
12/31/2021,ALB,NY,AEA,EN,Combined TRACON& Tower with Radar,55,30,6,0,91,0,0,0,0,0,55,30,6,0,91,0,0,0,91
01/01/2022,ALB,NY,AEA,EN,Combined TRACON& Tower with Radar,43,16,10,0,69,0,0,0,0,0,43,16,10,0,69,0,0,0,69
01/02/2022,ALB,NY,AEA,EN,Combined TRACON& Tower with Radar,55,19,10,0,84,0,0,0,0,0,55,19,10,0,84,0,0,0,84
01/03/2022,ALB,NY,AEA,EN,Combined TRACON& Tower with Radar,45,30,16,0,91,0,0,13,0,13,45,30,29,0,104,19,0,19,123
01/04/2022,ALB,NY,AEA,EN,Combined TRACON& Tower with Radar,47,25,18,1,91,0,1,35,6,42,47,26,53,7,133,5,4,9,142
01/05/2022,ALB,NY,AEA,EN,Combined TRACON& Tower with Radar,51,29,6,13,99,0,2,13,13,28,51,31,19,26,127,2,4,6,133
01/06/2022,ALB,NY,AEA,EN,Combined TRACON& Tower with Radar,58,32,19,3,112,0,0,14,8,22,58,32,33,11,134,10,0,10,144
01/07/2022,ALB,NY,AEA,EN,Combined TRACON& Tower with Radar,62,31,4,0,97,0,0,7,0,7,62,31,11,0,104,0,0,0,104
01/08/2022,ALB,NY,AEA,EN,Combined TRACON& Tower with Radar,47,21,29,0,97,0,3,51,1,55,47,24,80,1,152,6,0,6,158
01/09/2022,ALB,NY,AEA,EN,Combined TRACON& Tower with Radar,42,17,8,0,67,0,0,0,0,0,42,17,8,0,67,0,0,0,67
01/10/2022,ALB,NY,AEA,EN,Combined TRACON& Tower with Radar,62,21,7,2,92,0,0,12,6,18,62,21,19,8,110,0,0,0,110
01/11/2022,ALB,NY,AEA,EN,Combined TRACON& Tower with Radar,56,22,11,4,93,0,0,23,4,27,56,22,34,8,120,26,0,26,146
01/12/2022,ALB,NY,AEA,EN,Combined TRACON& Tower with Radar,58,26,16,3,103,0,0,18,7,25,58,26,34,10,128,0,0,0,128
01/13/2022,ALB,NY,AEA,EN,Combined TRACON& Tower with Radar,62,29,17,2,110,0,3,16,10,29,62,32,33,12,139,17,0,17,156
01/14/2022,ALB,NY,AEA,EN,Combined TRACON& Tower with Radar,66,35,12,0,113,0,0,13,0,13,66,35,25,0,126,12,0,12,138
01/15/2022,ALB,NY,AEA,EN,Combined TRACON& Tower with Radar,44,22,6,0,72,0,1,29,0,30,44,23,35,0,102,0,0,0,102
01/16/2022,ALB,NY,AEA,EN,Combined TRACON& Tower with Radar,37,23,19,0,79,0,2,25,2,29,37,25,44,2,108,0,0,0,108
01/17/2022,ALB,NY,AEA,EN,Combined TRACON& Tower with Radar,52,19,7,0,78,0,0,0,0,0,52,19,7,0,78,0,0,0,78
01/18/2022,ALB,NY,AEA,EN,Combined TRACON& Tower with Radar,56,25,17,13,111,0,2,6,7,15,56,27,23,20,126,0,0,0,126
01/19/2022,ALB,NY,AEA,EN,Combined TRACON& Tower with Radar,52,24,4,3,83,0,0,7,13,20,52,24,11,16,103,0,0,0,103
01/20/2022,ALB,NY,AEA,EN,Combined TRACON& Tower with Radar,67,29,16,2,114,0,0,22,22,44,67,29,38,24,158,13,14,27,185
01/21/2022,ALB,NY,AEA,EN,Combined TRACON& Tower with Radar,67,25,11,2,105,0,1,8,2,11,67,26,19,4,116,12,1,13,129
01/22/2022,ALB,NY,AEA,EN,Combined TRACON& Tower with Radar,51,22,16,0,89,0,1,37,5,43,51,23,53,5,132,14,0,14,146
01/23/2022,ALB,NY,AEA,EN,Combined TRACON& Tower with Radar,53,26,3,3,85,0,0,20,5,25,53,26,23,8,110,10,0,10,120
01/24/2022,ALB,NY,AEA,EN,Combined TRACON& Tower with Radar,65,23,18,3,109,0,0,17,7,24,65,23,35,10,133,31,6,37,170
01/25/2022,ALB,NY,AEA,EN,Combined TRACON& Tower with Radar,54,24,10,4,92,0,0,9,12,21,54,24,19,16,113,7,0,7,120
01/26/2022,ALB,NY,AEA,EN,Combined TRACON& Tower with Radar,56,23,8,18,105,0,6,28,15,49,56,29,36,33,154,0,0,0,154
01/27/2022,ALB,NY,AEA,EN,Combined TRACON& Tower with Radar,58,37,20,23,138,0,2,31,11,44,58,39,51,34,182,0,0,0,182
01/28/2022,ALB,NY,AEA,EN,Combined TRACON& Tower with Radar,63,33,20,1,117,0,0,4,0,4,63,33,24,1,121,0,0,0,121
01/29/2022,ALB,NY,AEA,EN,Combined TRACON& Tower with Radar,48,28,2,0,78,0,0,0,0,0,48,28,2,0,78,0,0,0,78
01/30/2022,ALB,NY,AEA,EN,Combined TRACON& Tower with Radar,55,34,13,0,102,0,0,7,1,8,55,34,20,1,110,13,0,13,123
01/31/2022,ALB,NY,AEA,EN,Combined TRACON& Tower with Radar,66,26,11,1,104,0,0,26,6,32,66,26,37,7,136,9,24,33,169
02/01/2022,ALB,NY,AEA,EN,Combined TRACON& Tower with Radar,56,30,9,4,99,0,2,23,4,29,56,32,32,8,128,0,0,0,128
02/02/2022,ALB,NY,AEA,EN,Combined TRACON& Tower with Radar,57,28,17,0,102,0,0,11,19,30,57,28,28,19,132,0,0,0,132
02/03/2022,ALB,NY,AEA,EN,Combined TRACON& Tower with Radar,52,21,7,0,80,0,0,0,0,0,52,21,7,0,80,0,0,0,80
02/04/2022,ALB,NY,AEA,EN,Combined TRACON& Tower with Radar,3,1,1,0,5,0,0,0,0,0,3,1,1,0,5,0,0,0,5
02/05/2022,ALB,NY,AEA,EN,Combined TRACON& Tower with Radar,46,20,18,0,84,0,0,9,0,9,46,20,27,0,93,0,0,0,93
02/06/2022,ALB,NY,AEA,EN,Combined TRACON& Tower with Radar,53,28,20,2,103,0,0,25,0,25,53,28,45,2,128,5,0,5,133
02/07/2022,ALB,NY,AEA,EN,Combined TRACON& Tower with Radar,61,40,7,8,116,0,0,4,2,6,61,40,11,10,122,0,12,12,134
02/08/2022,ALB,NY,AEA,EN,Combined TRACON& Tower with Radar,61,45,14,8,128,0,0,5,7,12,61,45,19,15,140,0,15,15,155
02/09/2022,ALB,NY,AEA,EN,Combined TRACON& Tower with Radar,58,35,17,3,113,0,1,36,13,50,58,36,53,16,163,8,0,8,171
02/10/2022,ALB,NY,AEA,EN,Combined TRACON& Tower with Radar,67,37,19,4,127,0,0,4,22,26,67,37,23,26,153,6,12,18,171
02/11/2022,ALB,NY,AEA,EN,Combined TRACON& Tower with Radar,72,27,23,3,125,0,3,21,3,27,72,30,44,6,152,17,0,17,169
02/12/2022,ALB,NY,AEA,EN,Combined TRACON& Tower with Radar,50,20,18,2,90,0,0,16,2,18,50,20,34,4,108,8,0,8,116
02/13/2022,ALB,NY,AEA,EN,Combined TRACON& Tower with Radar,50,20,7,12,89,0,0,23,1,24,50,20,30,13,113,32,8,40,153
02/14/2022,ALB,NY,AEA,EN,Combined TRACON& Tower with Radar,71,20,12,5,108,0,0,7,3,10,71,20,19,8,118,6,0,6,124
02/15/2022,ALB,NY,AEA,EN,Combined TRACON& Tower with Radar,63,25,12,10,110,0,0,25,12,37,63,25,37,22,147,12,11,23,170
02/16/2022,ALB,NY,AEA,EN,Combined TRACON& Tower with Radar,62,29,24,4,119,0,2,12,4,18,62,31,36,8,137,0,0,0,137
02/17/2022,ALB,NY,AEA,EN,Combined TRACON& Tower with Radar,63,26,7,14,110,0,0,3,16,19,63,26,10,30,129,0,20,20,149
02/18/2022,ALB,NY,AEA,EN,Combined TRACON& Tower with Radar,74,23,13,0,110,0,0,2,0,2,74,23,15,0,112,0,0,0,112
02/19/2022,ALB,NY,AEA,EN,Combined TRACON& Tower with Radar,55,17,9,0,81,0,0,0,0,0,55,17,9,0,81,0,0,0,81
02/20/2022,ALB,NY,AEA,EN,Combined TRACON& Tower with Radar,57,24,23,0,104,0,0,41,2,43,57,24,64,2,147,11,0,11,158
02/21/2022,ALB,NY,AEA,EN,Combined TRACON& Tower with Radar,70,28,19,2,119,0,3,43,1,47,70,31,62,3,166,6,0,6,172
02/22/2022,ALB,NY,AEA,EN,Combined TRACON& Tower with Radar,70,23,17,6,116,0,0,1,4,5,70,23,18,10,121,0,0,0,121
02/23/2022,ALB,NY,AEA,EN,Combined TRACON& Tower with Radar,74,27,25,1,127,0,0,8,15,23,74,27,33,16,150,0,0,0,150
02/24/2022,ALB,NY,AEA,EN,Combined TRACON& Tower with Radar,63,28,17,16,124,0,5,30,16,51,63,33,47,32,175,0,12,12,187
02/25/2022,ALB,NY,AEA,EN,Combined TRACON& Tower with Radar,39,7,2,0,48,0,0,0,0,0,39,7,2,0,48,0,0,0,48
02/26/2022,ALB,NY,AEA,EN,Combined TRACON& Tower with Radar,66,22,18,0,106,0,0,28,0,28,66,22,46,0,134,25,0,25,159
02/27/2022,ALB,NY,AEA,EN,Combined TRACON& Tower with Radar,61,27,7,0,95,0,0,6,2,8,61,27,13,2,103,0,0,0,103
02/28/2022,ALB,NY,AEA,EN,Combined TRACON& Tower with Radar,72,27,23,5,127,0,1,32,5,38,72,28,55,10,165,22,0,22,187
03/01/2022,ALB,NY,AEA,EN,Combined TRACON& Tower with Radar,64,34,12,9,119,0,2,5,10,17,64,36,17,19,136,27,4,31,167
03/02/2022,ALB,NY,AEA,EN,Combined TRACON& Tower with Radar,63,32,22,15,132,0,1,34,17,52,63,33,56,32,184,16,3,19,203
03/03/2022,ALB,NY,AEA,EN,Combined TRACON& Tower with Radar,65,33,18,8,124,0,1,8,17,26,65,34,26,25,150,27,12,39,189
03/04/2022,ALB,NY,AEA,EN,Combined TRACON& Tower with Radar,73,21,27,0,121,0,3,37,7,47,73,24,64,7,168,0,0,0,168
03/05/2022,ALB,NY,AEA,EN,Combined TRACON& Tower with Radar,53,19,11,0,83,0,2,32,3,37,53,21,43,3,120,9,0,9,129
03/06/2022,ALB,NY,AEA,EN,Combined TRACON& Tower with Radar,60,29,5,0,94,0,0,0,0,0,60,29,5,0,94,0,0,0,94
03/07/2022,ALB,NY,AEA,EN,Combined TRACON& Tower with Radar,76,35,19,2,132,0,0,2,2,4,76,35,21,4,136,0,0,0,136
03/08/2022,ALB,NY,AEA,EN,Combined TRACON& Tower with Radar,69,37,11,1,118,0,0,6,9,15,69,37,17,10,133,0,8,8,141
03/09/2022,ALB,NY,AEA,EN,Combined TRACON& Tower with Radar,64,31,11,0,106,0,0,6,2,8,64,31,17,2,114,0,0,0,114
03/10/2022,ALB,NY,AEA,EN,Combined TRACON& Tower with Radar,75,35,9,4,123,0,1,16,13,30,75,36,25,17,153,24,0,24,177
03/11/2022,ALB,NY,AEA,EN,Combined TRACON& Tower with Radar,83,34,17,5,139,0,2,38,3,43,83,36,55,8,182,29,0,29,211
03/12/2022,ALB,NY,AEA,EN,Combined TRACON& Tower with Radar,33,4,3,0,40,0,0,1,0,1,33,4,4,0,41,0,0,0,41
03/13/2022,ALB,NY,AEA,EN,Combined TRACON& Tower with Radar,61,20,27,0,108,0,3,11,2,16,61,23,38,2,124,6,0,6,130
03/14/2022,ALB,NY,AEA,EN,Combined TRACON& Tower with Radar,69,30,19,1,119,0,2,21,1,24,69,32,40,2,143,20,0,20,163
03/15/2022,ALB,NY,AEA,EN,Combined TRACON& Tower with Radar,67,27,12,2,108,0,0,25,6,31,67,27,37,8,139,4,0,4,143
03/16/2022,ALB,NY,AEA,EN,Combined TRACON& Tower with Radar,72,31,23,9,135,0,1,35,14,50,72,32,58,23,185,0,0,0,185
03/17/2022,ALB,NY,AEA,EN,Combined TRACON& Tower with Radar,88,29,25,2,144,0,0,8,10,18,88,29,33,12,162,0,0,0,162
03/18/2022,ALB,NY,AEA,EN,Combined TRACON& Tower with Radar,74,25,33,2,134,0,1,36,3,40,74,26,69,5,174,12,0,12,186
03/19/2022,ALB,NY,AEA,EN,Combined TRACON& Tower with Radar,54,24,14,0,92,0,0,3,0,3,54,24,17,0,95,0,0,0,95
03/20/2022,ALB,NY,AEA,EN,Combined TRACON& Tower with Radar,68,24,24,0,116,0,0,15,21,36,68,24,39,21,152,14,0,14,166
03/21/2022,ALB,NY,AEA,EN,Combined TRACON& Tower with Radar,72,28,21,1,122,0,2,20,4,26,72,30,41,5,148,0,0,0,148
03/22/2022,ALB,NY,AEA,EN,Combined TRACON& Tower with Radar,75,32,11,6,124,0,7,25,10,42,75,39,36,16,166,2,0,2,168
03/23/2022,ALB,NY,AEA,EN,Combined TRACON& Tower with Radar,71,33,17,8,129,0,0,30,13,43,71,33,47,21,172,37,0,37,209
03/24/2022,ALB,NY,AEA,EN,Combined TRACON& Tower with Radar,72,35,7,9,123,0,0,0,6,6,72,35,7,15,129,0,4,4,133
03/25/2022,ALB,NY,AEA,EN,Combined TRACON& Tower with Radar,79,28,19,6,132,0,0,22,2,24,79,28,41,8,156,0,0,0,156
03/26/2022,ALB,NY,AEA,EN,Combined TRACON& Tower with Radar,56,18,12,0,86,0,0,9,0,9,56,18,21,0,95,24,0,24,119
03/27/2022,ALB,NY,AEA,EN,Combined TRACON& Tower with Radar,62,21,15,0,98,0,0,2,0,2,62,21,17,0,100,11,0,11,111
03/28/2022,ALB,NY,AEA,EN,Combined TRACON& Tower with Radar,78,32,10,11,131,0,0,5,1,6,78,32,15,12,137,0,0,0,137
03/29/2022,ALB,NY,AEA,EN,Combined TRACON& Tower with Radar,70,29,10,3,112,0,0,21,15,36,70,29,31,18,148,9,5,14,162
03/30/2022,ALB,NY,AEA,EN,Combined TRACON& Tower with Radar,70,37,17,4,128,0,3,29,21,53,70,40,46,25,181,0,0,0,181
03/31/2022,ALB,NY,AEA,EN,Combined TRACON& Tower with Radar,76,40,17,26,159,0,0,3,5,8,76,40,20,31,167,0,0,0,167
04/01/2022,ALB,NY,AEA,EN,Combined TRACON& Tower with Radar,81,33,13,0,127,0,0,5,4,9,81,33,18,4,136,0,0,0,136
04/02/2022,ALB,NY,AEA,EN,Combined TRACON& Tower with Radar,48,18,15,0,81,0,2,41,0,43,48,20,56,0,124,24,0,24,148
04/03/2022,ALB,NY,AEA,EN,Combined TRACON& Tower with Radar,60,21,18,2,101,0,0,12,0,12,60,21,30,2,113,67,0,67,180
04/04/2022,ALB,NY,AEA,EN,Combined TRACON& Tower with Radar,75,29,21,3,128,0,1,39,6,46,75,30,60,9,174,7,0,7,181
04/05/2022,ALB,NY,AEA,EN,Combined TRACON& Tower with Radar,64,35,20,10,129,0,4,45,7,56,64,39,65,17,185,28,2,30,215
04/06/2022,ALB,NY,AEA,EN,Combined TRACON& Tower with Radar,77,36,12,4,129,0,0,8,13,21,77,36,20,17,150,4,2,6,156
04/07/2022,ALB,NY,AEA,EN,Combined TRACON& Tower with Radar,75,30,14,4,123,0,0,2,0,2,75,30,16,4,125,0,0,0,125
04/08/2022,ALB,NY,AEA,EN,Combined TRACON& Tower with Radar,79,39,29,0,147,0,1,21,6,28,79,40,50,6,175,25,2,27,202
04/09/2022,ALB,NY,AEA,EN,Combined TRACON& Tower with Radar,63,24,20,0,107,0,2,8,2,12,63,26,28,2,119,5,0,5,124
04/10/2022,ALB,NY,AEA,EN,Combined TRACON& Tower with Radar,67,28,13,2,110,0,0,24,1,25,67,28,37,3,135,14,0,14,149
04/11/2022,ALB,NY,AEA,EN,Combined TRACON& Tower with Radar,79,29,16,6,130,0,0,47,3,50,79,29,63,9,180,24,6,30,210
04/12/2022,ALB,NY,AEA,EN,Combined TRACON& Tower with Radar,77,37,19,9,142,0,1,8,15,24,77,38,27,24,166,1,24,25,191
04/13/2022,ALB,NY,AEA,EN,Combined TRACON& Tower with Radar,76,35,14,4,129,0,0,20,14,34,76,35,34,18,163,8,13,21,184
04/14/2022,ALB,NY,AEA,EN,Combined TRACON& Tower with Radar,84,38,19,3,144,0,0,6,24,30,84,38,25,27,174,9,13,22,196
04/15/2022,ALB,NY,AEA,EN,Combined TRACON& Tower with Radar,78,30,18,17,143,0,1,49,33,83,78,31,67,50,226,3,44,47,273
04/16/2022,ALB,NY,AEA,EN,Combined TRACON& Tower with Radar,67,30,10,0,107,0,0,10,1,11,67,30,20,1,118,28,0,28,146
04/17/2022,ALB,NY,AEA,EN,Combined TRACON& Tower with Radar,70,28,5,0,103,0,0,23,4,27,70,28,28,4,130,33,0,33,163
04/18/2022,ALB,NY,AEA,EN,Combined TRACON& Tower with Radar,70,27,12,0,109,0,0,29,2,31,70,27,41,2,140,7,0,7,147
04/19/2022,ALB,NY,AEA,EN,Combined TRACON& Tower with Radar,83,36,12,0,131,0,1,3,0,4,83,37,15,0,135,4,0,4,139
04/20/2022,ALB,NY,AEA,EN,Combined TRACON& Tower with Radar,77,33,21,0,131,0,0,28,16,44,77,33,49,16,175,24,0,24,199
04/21/2022,ALB,NY,AEA,EN,Combined TRACON& Tower with Radar,80,49,6,3,138,0,0,6,9,15,80,49,12,12,153,2,14,16,169
04/22/2022,ALB,NY,AEA,EN,Combined TRACON& Tower with Radar,84,39,26,3,152,0,3,28,2,33,84,42,54,5,185,4,0,4,189
04/23/2022,ALB,NY,AEA,EN,Combined TRACON& Tower with Radar,67,22,19,2,110,0,0,45,2,47,67,22,64,4,157,0,0,0,157
04/24/2022,ALB,NY,AEA,EN,Combined TRACON& Tower with Radar,71,27,27,2,127,0,1,44,6,51,71,28,71,8,178,42,0,42,220
04/25/2022,ALB,NY,AEA,EN,Combined TRACON& Tower with Radar,76,41,6,8,131,0,0,40,8,48,76,41,46,16,179,31,12,43,222
04/26/2022,ALB,NY,AEA,EN,Combined TRACON& Tower with Radar,77,37,25,2,141,0,0,2,0,2,77,37,27,2,143,0,0,0,143
04/27/2022,ALB,NY,AEA,EN,Combined TRACON& Tower with Radar,71,40,15,3,129,0,0,13,4,17,71,40,28,7,146,0,0,0,146
04/28/2022,ALB,NY,AEA,EN,Combined TRACON& Tower with Radar,75,42,12,1,130,0,0,19,6,25,75,42,31,7,155,0,0,0,155
04/29/2022,ALB,NY,AEA,EN,Combined TRACON& Tower with Radar,78,32,16,1,127,0,0,28,5,33,78,32,44,6,160,14,0,14,174
04/30/2022,ALB,NY,AEA,EN,Combined TRACON& Tower with Radar,60,25,27,0,112,0,2,52,2,56,60,27,79,2,168,30,0,30,198
05/01/2022,ALB,NY,AEA,EN,Combined TRACON& Tower with Radar,66,23,22,0,111,0,0,76,0,76,66,23,98,0,187,31,0,31,218
05/02/2022,ALB,NY,AEA,EN,Combined TRACON& Tower with Radar,78,30,28,0,136,0,0,5,0,5,78,30,33,0,141,2,0,2,143
05/03/2022,ALB,NY,AEA,EN,Combined TRACON& Tower with Radar,73,33,28,5,139,0,0,20,1,21,73,33,48,6,160,2,0,2,162
05/04/2022,ALB,NY,AEA,EN,Combined TRACON& Tower with Radar,76,36,15,8,135,0,0,0,0,0,76,36,15,8,135,0,0,0,135
05/05/2022,ALB,NY,AEA,EN,Combined TRACON& Tower with Radar,74,36,18,1,129,0,0,52,5,57,74,36,70,6,186,29,2,31,217
05/06/2022,ALB,NY,AEA,EN,Combined TRACON& Tower with Radar,78,30,24,0,132,0,0,27,3,30,78,30,51,3,162,11,2,13,175
05/07/2022,ALB,NY,AEA,EN,Combined TRACON& Tower with Radar,56,25,9,0,90,0,0,17,0,17,56,25,26,0,107,12,0,12,119
05/08/2022,ALB,NY,AEA,EN,Combined TRACON& Tower with Radar,62,22,21,1,106,0,4,22,2,28,62,26,43,3,134,42,0,42,176
05/09/2022,ALB,NY,AEA,EN,Combined TRACON& Tower with Radar,79,30,8,6,123,0,0,38,3,41,79,30,46,9,164,13,5,18,182
05/10/2022,ALB,NY,AEA,EN,Combined TRACON& Tower with Radar,78,35,20,7,140,0,2,49,4,55,78,37,69,11,195,8,6,14,209
05/11/2022,ALB,NY,AEA,EN,Combined TRACON& Tower with Radar,71,27,14,2,114,0,3,55,14,72,71,30,69,16,186,31,0,31,217
05/12/2022,ALB,NY,AEA,EN,Combined TRACON& Tower with Radar,74,30,22,3,129,0,0,47,8,55,74,30,69,11,184,6,0,6,190
05/13/2022,ALB,NY,AEA,EN,Combined TRACON& Tower with Radar,78,37,16,0,131,0,1,22,0,23,78,38,38,0,154,9,0,9,163
05/14/2022,ALB,NY,AEA,EN,Combined TRACON& Tower with Radar,55,27,16,7,105,0,0,23,1,24,55,27,39,8,129,11,6,17,146
05/15/2022,ALB,NY,AEA,EN,Combined TRACON& Tower with Radar,62,23,16,2,103,0,0,3,1,4,62,23,19,3,107,13,0,13,120
05/16/2022,ALB,NY,AEA,EN,Combined TRACON& Tower with Radar,73,30,14,16,133,0,1,12,0,13,73,31,26,16,146,6,0,6,152
05/17/2022,ALB,NY,AEA,EN,Combined TRACON& Tower with Radar,72,35,12,3,122,0,1,31,8,40,72,36,43,11,162,4,0,4,166
05/18/2022,ALB,NY,AEA,EN,Combined TRACON& Tower with Radar,78,34,15,1,128,0,0,43,11,54,78,34,58,12,182,20,0,20,202
05/19/2022,ALB,NY,AEA,EN,Combined TRACON& Tower with Radar,73,44,19,6,142,0,0,1,16,17,73,44,20,22,159,6,0,6,165
05/20/2022,ALB,NY,AEA,EN,Combined TRACON& Tower with Radar,86,30,20,8,144,0,2,35,5,42,86,32,55,13,186,0,0,0,186
05/21/2022,ALB,NY,AEA,EN,Combined TRACON& Tower with Radar,56,31,22,1,110,0,3,24,0,27,56,34,46,1,137,11,0,11,148
05/22/2022,ALB,NY,AEA,EN,Combined TRACON& Tower with Radar,61,30,11,1,103,0,0,19,0,19,61,30,30,1,122,36,0,36,158
05/23/2022,ALB,NY,AEA,EN,Combined TRACON& Tower with Radar,70,34,22,4,130,0,3,36,0,39,70,37,58,4,169,12,0,12,181
05/24/2022,ALB,NY,AEA,EN,Combined TRACON& Tower with Radar,74,34,25,4,137,0,1,33,14,48,74,35,58,18,185,5,0,5,190
05/25/2022,ALB,NY,AEA,EN,Combined TRACON& Tower with Radar,71,34,18,25,148,0,2,41,17,60,71,36,59,42,208,16,18,34,242
05/26/2022,ALB,NY,AEA,EN,Combined TRACON& Tower with Radar,77,34,25,7,143,0,0,26,7,33,77,34,51,14,176,22,14,36,212
05/27/2022,ALB,NY,AEA,EN,Combined TRACON& Tower with Radar,71,38,27,0,136,0,0,6,4,10,71,38,33,4,146,0,0,0,146
05/28/2022,ALB,NY,AEA,EN,Combined TRACON& Tower with Radar,50,26,16,0,92,0,0,7,0,7,50,26,23,0,99,24,0,24,123
05/29/2022,ALB,NY,AEA,EN,Combined TRACON& Tower with Radar,58,24,23,0,105,0,1,34,2,37,58,25,57,2,142,19,0,19,161
05/30/2022,ALB,NY,AEA,EN,Combined TRACON& Tower with Radar,71,23,21,0,115,0,1,40,2,43,71,24,61,2,158,11,0,11,169
05/31/2022,ALB,NY,AEA,EN,Combined TRACON& Tower with Radar,73,31,21,10,135,0,3,45,6,54,73,34,66,16,189,0,0,0,189
06/01/2022,ALB,NY,AEA,EN,Combined TRACON& Tower with Radar,72,29,13,2,116,0,0,4,0,4,72,29,17,2,120,0,0,0,120
06/02/2022,ALB,NY,AEA,EN,Combined TRACON& Tower with Radar,80,34,25,3,142,0,0,22,2,24,80,34,47,5,166,26,4,30,196
06/03/2022,ALB,NY,AEA,EN,Combined TRACON& Tower with Radar,80,31,25,3,139,0,2,39,2,43,80,33,64,5,182,15,0,15,197
06/04/2022,ALB,NY,AEA,EN,Combined TRACON& Tower with Radar,63,23,16,2,104,0,2,34,6,42,63,25,50,8,146,16,0,16,162
06/05/2022,ALB,NY,AEA,EN,Combined TRACON& Tower with Radar,74,16,19,4,113,0,3,53,1,57,74,19,72,5,170,25,0,25,195
06/06/2022,ALB,NY,AEA,EN,Combined TRACON& Tower with Radar,84,29,18,0,131,0,7,35,0,42,84,36,53,0,173,41,0,41,214
06/07/2022,ALB,NY,AEA,EN,Combined TRACON& Tower with Radar,80,25,26,4,135,0,2,24,6,32,80,27,50,10,167,30,0,30,197
06/08/2022,ALB,NY,AEA,EN,Combined TRACON& Tower with Radar,74,33,31,3,141,0,0,31,5,36,74,33,62,8,177,26,0,26,203
06/09/2022,ALB,NY,AEA,EN,Combined TRACON& Tower with Radar,81,33,12,4,130,0,0,29,8,37,81,33,41,12,167,24,0,24,191
06/10/2022,ALB,NY,AEA,EN,Combined TRACON& Tower with Radar,92,30,13,2,137,0,4,40,0,44,92,34,53,2,181,28,0,28,209
06/11/2022,ALB,NY,AEA,EN,Combined TRACON& Tower with Radar,60,25,19,4,108,0,5,34,6,45,60,30,53,10,153,31,0,31,184
06/12/2022,ALB,NY,AEA,EN,Combined TRACON& Tower with Radar,74,20,22,4,120,0,1,9,2,12,74,21,31,6,132,20,0,20,152
06/13/2022,ALB,NY,AEA,EN,Combined TRACON& Tower with Radar,83,24,25,5,137,0,2,26,1,29,83,26,51,6,166,12,0,12,178
06/14/2022,ALB,NY,AEA,EN,Combined TRACON& Tower with Radar,78,33,17,2,130,0,3,45,7,55,78,36,62,9,185,42,0,42,227
06/15/2022,ALB,NY,AEA,EN,Combined TRACON& Tower with Radar,79,26,17,1,123,0,4,42,7,53,79,30,59,8,176,59,0,59,235
06/16/2022,ALB,NY,AEA,EN,Combined TRACON& Tower with Radar,70,33,21,6,130,0,0,9,1,10,70,33,30,7,140,0,0,0,140
06/17/2022,ALB,NY,AEA,EN,Combined TRACON& Tower with Radar,85,37,30,6,158,0,3,28,5,36,85,40,58,11,194,12,0,12,206
06/18/2022,ALB,NY,AEA,EN,Combined TRACON& Tower with Radar,59,20,26,0,105,0,0,11,0,11,59,20,37,0,116,17,0,17,133
06/19/2022,ALB,NY,AEA,EN,Combined TRACON& Tower with Radar,74,22,15,0,111,0,0,24,3,27,74,22,39,3,138,10,0,10,148
06/20/2022,ALB,NY,AEA,EN,Combined TRACON& Tower with Radar,84,26,24,0,134,0,5,43,0,48,84,31,67,0,182,0,0,0,182
06/21/2022,ALB,NY,AEA,EN,Combined TRACON& Tower with Radar,81,42,27,2,152,0,1,23,0,24,81,43,50,2,176,0,0,0,176
06/22/2022,ALB,NY,AEA,EN,Combined TRACON& Tower with Radar,63,22,24,10,119,0,0,9,10,19,63,22,33,20,138,0,0,0,138
06/23/2022,ALB,NY,AEA,EN,Combined TRACON& Tower with Radar,83,27,37,2,149,0,0,9,0,9,83,27,46,2,158,10,0,10,168
06/24/2022,ALB,NY,AEA,EN,Combined TRACON& Tower with Radar,83,25,30,1,139,0,1,44,0,45,83,26,74,1,184,20,1,21,205
06/25/2022,ALB,NY,AEA,EN,Combined TRACON& Tower with Radar,65,22,12,0,99,0,4,33,0,37,65,26,45,0,136,5,0,5,141
06/26/2022,ALB,NY,AEA,EN,Combined TRACON& Tower with Radar,66,20,15,0,101,0,0,30,2,32,66,20,45,2,133,2,0,2,135
06/27/2022,ALB,NY,AEA,EN,Combined TRACON& Tower with Radar,84,24,14,3,125,0,0,20,2,22,84,24,34,5,147,18,0,18,165
06/28/2022,ALB,NY,AEA,EN,Combined TRACON& Tower with Radar,79,34,17,3,133,0,5,40,2,47,79,39,57,5,180,26,0,26,206
06/29/2022,ALB,NY,AEA,EN,Combined TRACON& Tower with Radar,84,35,21,3,143,0,3,24,2,29,84,38,45,5,172,0,0,0,172
06/30/2022,ALB,NY,AEA,EN,Combined TRACON& Tower with Radar,83,35,15,3,136,0,4,48,1,53,83,39,63,4,189,0,0,0,189
07/01/2022,ALB,NY,AEA,EN,Combined TRACON& Tower with Radar,82,25,17,0,124,1,0,26,0,27,83,25,43,0,151,0,0,0,151
07/02/2022,ALB,NY,AEA,EN,Combined TRACON& Tower with Radar,64,22,18,0,104,0,0,20,2,22,64,22,38,2,126,26,0,26,152
07/03/2022,ALB,NY,AEA,EN,Combined TRACON& Tower with Radar,68,21,11,0,100,0,0,37,2,39,68,21,48,2,139,0,0,0,139
07/04/2022,ALB,NY,AEA,EN,Combined TRACON& Tower with Radar,75,22,13,0,110,0,4,30,0,34,75,26,43,0,144,14,0,14,158
07/05/2022,ALB,NY,AEA,EN,Combined TRACON& Tower with Radar,75,27,25,0,127,0,0,7,0,7,75,27,32,0,134,6,0,6,140
07/06/2022,ALB,NY,AEA,EN,Combined TRACON& Tower with Radar,81,28,19,2,130,0,0,33,7,40,81,28,52,9,170,0,0,0,170
07/07/2022,ALB,NY,AEA,EN,Combined TRACON& Tower with Radar,82,41,23,2,148,0,0,34,0,34,82,41,57,2,182,8,0,8,190
07/08/2022,ALB,NY,AEA,EN,Combined TRACON& Tower with Radar,89,25,17,2,133,0,0,31,1,32,89,25,48,3,165,2,0,2,167
07/09/2022,ALB,NY,AEA,EN,Combined TRACON& Tower with Radar,66,32,14,0,112,0,3,34,0,37,66,35,48,0,149,0,0,0,149
07/10/2022,ALB,NY,AEA,EN,Combined TRACON& Tower with Radar,80,22,10,1,113,0,0,48,1,49,80,22,58,2,162,13,0,13,175
07/11/2022,ALB,NY,AEA,EN,Combined TRACON& Tower with Radar,91,31,12,4,138,0,2,32,3,37,91,33,44,7,175,38,0,38,213
07/12/2022,ALB,NY,AEA,EN,Combined TRACON& Tower with Radar,78,30,20,7,135,0,1,13,5,19,78,31,33,12,154,18,4,22,176
07/13/2022,ALB,NY,AEA,EN,Combined TRACON& Tower with Radar,79,35,20,23,157,0,0,39,5,44,79,35,59,28,201,19,24,43,244
07/14/2022,ALB,NY,AEA,EN,Combined TRACON& Tower with Radar,93,33,30,1,157,0,0,24,5,29,93,33,54,6,186,4,10,14,200
07/15/2022,ALB,NY,AEA,EN,Combined TRACON& Tower with Radar,92,31,22,4,149,0,1,46,2,49,92,32,68,6,198,18,0,18,216
07/16/2022,ALB,NY,AEA,EN,Combined TRACON& Tower with Radar,70,20,17,0,107,0,0,42,1,43,70,20,59,1,150,23,0,23,173
07/17/2022,ALB,NY,AEA,EN,Combined TRACON& Tower with Radar,79,26,22,0,127,0,0,46,2,48,79,26,68,2,175,16,0,16,191
07/18/2022,ALB,NY,AEA,EN,Combined TRACON& Tower with Radar,99,30,18,18,165,0,0,2,0,2,99,30,20,18,167,0,0,0,167
07/19/2022,ALB,NY,AEA,EN,Combined TRACON& Tower with Radar,80,32,21,4,137,0,0,40,9,49,80,32,61,13,186,19,0,19,205
07/20/2022,ALB,NY,AEA,EN,Combined TRACON& Tower with Radar,79,33,23,3,138,0,1,33,12,46,79,34,56,15,184,0,0,0,184
07/21/2022,ALB,NY,AEA,EN,Combined TRACON& Tower with Radar,85,34,14,0,133,0,2,18,5,25,85,36,32,5,158,3,0,3,161
07/22/2022,ALB,NY,AEA,EN,Combined TRACON& Tower with Radar,96,41,19,0,156,0,0,31,2,33,96,41,50,2,189,1,2,3,192
07/23/2022,ALB,NY,AEA,EN,Combined TRACON& Tower with Radar,68,26,7,0,101,0,3,28,0,31,68,29,35,0,132,6,0,6,138
07/24/2022,ALB,NY,AEA,EN,Combined TRACON& Tower with Radar,75,27,11,2,115,0,2,24,2,28,75,29,35,4,143,17,0,17,160
07/25/2022,ALB,NY,AEA,EN,Combined TRACON& Tower with Radar,85,35,14,0,134,0,6,12,1,19,85,41,26,1,153,0,0,0,153
07/26/2022,ALB,NY,AEA,EN,Combined TRACON& Tower with Radar,83,38,23,2,146,0,1,38,12,51,83,39,61,14,197,27,0,27,224
07/27/2022,ALB,NY,AEA,EN,Combined TRACON& Tower with Radar,83,40,27,3,153,0,2,52,5,59,83,42,79,8,212,35,0,35,247
07/28/2022,ALB,NY,AEA,EN,Combined TRACON& Tower with Radar,83,40,10,0,133,0,2,21,4,27,83,42,31,4,160,15,0,15,175
07/29/2022,ALB,NY,AEA,EN,Combined TRACON& Tower with Radar,95,43,18,0,156,0,4,44,0,48,95,47,62,0,204,5,0,5,209
07/30/2022,ALB,NY,AEA,EN,Combined TRACON& Tower with Radar,64,24,24,0,112,0,4,36,2,42,64,28,60,2,154,21,0,21,175
07/31/2022,ALB,NY,AEA,EN,Combined TRACON& Tower with Radar,79,33,26,0,138,0,0,37,4,41,79,33,63,4,179,17,0,17,196
08/01/2022,ALB,NY,AEA,EN,Combined TRACON& Tower with Radar,90,23,19,1,133,0,0,25,3,28,90,23,44,4,161,6,0,6,167
08/02/2022,ALB,NY,AEA,EN,Combined TRACON& Tower with Radar,81,37,16,5,139,0,4,18,4,26,81,41,34,9,165,19,6,25,190
08/03/2022,ALB,NY,AEA,EN,Combined TRACON& Tower with Radar,76,37,28,4,145,0,1,59,4,64,76,38,87,8,209,9,0,9,218
08/04/2022,ALB,NY,AEA,EN,Combined TRACON& Tower with Radar,83,37,15,16,151,0,0,27,0,27,83,37,42,16,178,12,0,12,190
08/05/2022,ALB,NY,AEA,EN,Combined TRACON& Tower with Radar,82,37,24,2,145,0,0,20,0,20,82,37,44,2,165,2,0,2,167
08/06/2022,ALB,NY,AEA,EN,Combined TRACON& Tower with Radar,64,31,37,0,132,0,1,28,1,30,64,32,65,1,162,16,0,16,178
08/07/2022,ALB,NY,AEA,EN,Combined TRACON& Tower with Radar,81,28,20,0,129,0,0,23,2,25,81,28,43,2,154,1,0,1,155
08/08/2022,ALB,NY,AEA,EN,Combined TRACON& Tower with Radar,85,36,10,1,132,0,0,20,2,22,85,36,30,3,154,2,0,2,156
08/09/2022,ALB,NY,AEA,EN,Combined TRACON& Tower with Radar,83,45,15,8,151,0,1,16,2,19,83,46,31,10,170,1,6,7,177
08/10/2022,ALB,NY,AEA,EN,Combined TRACON& Tower with Radar,78,33,27,3,141,0,1,36,6,43,78,34,63,9,184,0,0,0,184
08/11/2022,ALB,NY,AEA,EN,Combined TRACON& Tower with Radar,88,40,24,2,154,0,0,37,5,42,88,40,61,7,196,7,0,7,203
08/12/2022,ALB,NY,AEA,EN,Combined TRACON& Tower with Radar,86,25,29,5,145,0,4,59,2,65,86,29,88,7,210,32,0,32,242
08/13/2022,ALB,NY,AEA,EN,Combined TRACON& Tower with Radar,68,26,26,0,120,0,0,39,0,39,68,26,65,0,159,18,0,18,177
08/14/2022,ALB,NY,AEA,EN,Combined TRACON& Tower with Radar,77,22,26,0,125,0,0,36,2,38,77,22,62,2,163,3,0,3,166
08/15/2022,ALB,NY,AEA,EN,Combined TRACON& Tower with Radar,86,30,20,0,136,0,4,40,0,44,86,34,60,0,180,4,0,4,184
08/16/2022,ALB,NY,AEA,EN,Combined TRACON& Tower with Radar,82,35,7,2,126,0,6,45,7,58,82,41,52,9,184,51,1,52,236
08/17/2022,ALB,NY,AEA,EN,Combined TRACON& Tower with Radar,80,31,19,0,130,0,1,17,6,24,80,32,36,6,154,4,4,8,162
08/18/2022,ALB,NY,AEA,EN,Combined TRACON& Tower with Radar,84,30,13,8,135,0,0,32,10,42,84,30,45,18,177,19,26,45,222
08/19/2022,ALB,NY,AEA,EN,Combined TRACON& Tower with Radar,85,23,11,1,120,0,1,45,0,46,85,24,56,1,166,11,0,11,177
08/20/2022,ALB,NY,AEA,EN,Combined TRACON& Tower with Radar,61,23,19,0,103,0,0,73,0,73,61,23,92,0,176,31,0,31,207
08/21/2022,ALB,NY,AEA,EN,Combined TRACON& Tower with Radar,73,25,24,0,122,0,1,40,0,41,73,26,64,0,163,11,0,11,174
08/22/2022,ALB,NY,AEA,EN,Combined TRACON& Tower with Radar,78,40,24,9,151,0,0,17,1,18,78,40,41,10,169,14,0,14,183
08/23/2022,ALB,NY,AEA,EN,Combined TRACON& Tower with Radar,78,36,19,8,141,0,0,10,4,14,78,36,29,12,155,8,0,8,163
08/24/2022,ALB,NY,AEA,EN,Combined TRACON& Tower with Radar,77,33,22,11,143,0,3,41,14,58,77,36,63,25,201,29,2,31,232
08/25/2022,ALB,NY,AEA,EN,Combined TRACON& Tower with Radar,82,39,17,2,140,0,0,36,6,42,82,39,53,8,182,12,0,12,194
08/26/2022,ALB,NY,AEA,EN,Combined TRACON& Tower with Radar,89,30,30,0,149,0,2,17,0,19,89,32,47,0,168,12,0,12,180
08/27/2022,ALB,NY,AEA,EN,Combined TRACON& Tower with Radar,63,28,19,2,112,0,0,29,4,33,63,28,48,6,145,9,0,9,154
08/28/2022,ALB,NY,AEA,EN,Combined TRACON& Tower with Radar,72,31,32,0,135,0,3,27,0,30,72,34,59,0,165,22,0,22,187
08/29/2022,ALB,NY,AEA,EN,Combined TRACON& Tower with Radar,78,22,16,5,121,0,1,29,4,34,78,23,45,9,155,4,0,4,159
08/30/2022,ALB,NY,AEA,EN,Combined TRACON& Tower with Radar,78,35,18,14,145,0,0,18,6,24,78,35,36,20,169,26,0,26,195
08/31/2022,ALB,NY,AEA,EN,Combined TRACON& Tower with Radar,81,33,15,3,132,0,1,26,3,30,81,34,41,6,162,4,0,4,166
09/01/2022,ALB,NY,AEA,EN,Combined TRACON& Tower with Radar,88,27,14,3,132,0,2,35,12,49,88,29,49,15,181,0,0,0,181
09/02/2022,ALB,NY,AEA,EN,Combined TRACON& Tower with Radar,90,29,18,0,137,0,1,43,0,44,90,30,61,0,181,26,0,26,207
09/03/2022,ALB,NY,AEA,EN,Combined TRACON& Tower with Radar,58,22,18,0,98,0,5,58,1,64,58,27,76,1,162,14,0,14,176
09/04/2022,ALB,NY,AEA,EN,Combined TRACON& Tower with Radar,65,26,20,0,111,0,0,15,0,15,65,26,35,0,126,17,0,17,143
09/05/2022,ALB,NY,AEA,EN,Combined TRACON& Tower with Radar,83,26,32,0,141,0,0,3,0,3,83,26,35,0,144,0,0,0,144
09/06/2022,ALB,NY,AEA,EN,Combined TRACON& Tower with Radar,70,41,26,7,144,0,0,0,1,1,70,41,26,8,145,0,0,0,145
09/07/2022,ALB,NY,AEA,EN,Combined TRACON& Tower with Radar,67,37,17,5,126,0,0,29,10,39,67,37,46,15,165,0,0,0,165
09/08/2022,ALB,NY,AEA,EN,Combined TRACON& Tower with Radar,81,30,27,4,142,0,2,59,8,69,81,32,86,12,211,0,0,0,211
09/09/2022,ALB,NY,AEA,EN,Combined TRACON& Tower with Radar,86,21,22,1,130,0,7,42,3,52,86,28,64,4,182,0,0,0,182
09/10/2022,ALB,NY,AEA,EN,Combined TRACON& Tower with Radar,46,13,20,4,83,0,1,36,3,40,46,14,56,7,123,0,0,0,123
09/11/2022,ALB,NY,AEA,EN,Combined TRACON& Tower with Radar,71,19,20,2,112,0,0,36,5,41,71,19,56,7,153,0,0,0,153
09/12/2022,ALB,NY,AEA,EN,Combined TRACON& Tower with Radar,81,28,34,2,145,0,0,4,0,4,81,28,38,2,149,0,0,0,149
09/13/2022,ALB,NY,AEA,EN,Combined TRACON& Tower with Radar,72,32,8,4,116,0,0,0,0,0,72,32,8,4,116,0,0,0,116
09/14/2022,ALB,NY,AEA,EN,Combined TRACON& Tower with Radar,69,26,23,4,122,0,0,31,7,38,69,26,54,11,160,0,0,0,160
09/15/2022,ALB,NY,AEA,EN,Combined TRACON& Tower with Radar,82,24,25,5,136,0,4,47,7,58,82,28,72,12,194,0,0,0,194
09/16/2022,ALB,NY,AEA,EN,Combined TRACON& Tower with Radar,81,29,27,3,140,0,3,55,5,63,81,32,82,8,203,0,0,0,203
09/17/2022,ALB,NY,AEA,EN,Combined TRACON& Tower with Radar,49,37,29,0,115,0,2,55,4,61,49,39,84,4,176,0,0,0,176
09/18/2022,ALB,NY,AEA,EN,Combined TRACON& Tower with Radar,71,23,33,0,127,0,0,25,0,25,71,23,58,0,152,15,0,15,167
09/19/2022,ALB,NY,AEA,EN,Combined TRACON& Tower with Radar,76,22,23,1,122,0,0,8,0,8,76,22,31,1,130,1,0,1,131
09/20/2022,ALB,NY,AEA,EN,Combined TRACON& Tower with Radar,68,30,33,5,136,0,0,16,0,16,68,30,49,5,152,18,1,19,171
09/21/2022,ALB,NY,AEA,EN,Combined TRACON& Tower with Radar,65,26,26,0,117,0,0,26,4,30,65,26,52,4,147,17,0,17,164
09/22/2022,ALB,NY,AEA,EN,Combined TRACON& Tower with Radar,80,24,32,1,137,0,0,19,5,24,80,24,51,6,161,0,0,0,161
09/23/2022,ALB,NY,AEA,EN,Combined TRACON& Tower with Radar,82,31,15,2,130,0,2,29,0,31,82,33,44,2,161,1,0,1,162
09/24/2022,ALB,NY,AEA,EN,Combined TRACON& Tower with Radar,48,15,14,1,78,0,4,50,0,54,48,19,64,1,132,9,0,9,141
09/25/2022,ALB,NY,AEA,EN,Combined TRACON& Tower with Radar,68,21,18,0,107,0,0,25,0,25,68,21,43,0,132,16,0,16,148
09/26/2022,ALB,NY,AEA,EN,Combined TRACON& Tower with Radar,83,33,21,0,137,0,2,13,0,15,83,35,34,0,152,0,0,0,152
09/27/2022,ALB,NY,AEA,EN,Combined TRACON& Tower with Radar,73,27,16,4,120,0,2,43,4,49,73,29,59,8,169,26,0,26,195
09/28/2022,ALB,NY,AEA,EN,Combined TRACON& Tower with Radar,65,31,22,2,120,0,1,35,2,38,65,32,57,4,158,14,18,32,190
09/29/2022,ALB,NY,AEA,EN,Combined TRACON& Tower with Radar,74,28,19,2,123,0,0,37,0,37,74,28,56,2,160,16,0,16,176
09/30/2022,ALB,NY,AEA,EN,Combined TRACON& Tower with Radar,77,23,21,0,121,0,1,34,2,37,77,24,55,2,158,0,0,0,158
10/01/2022,ALB,NY,AEA,EN,Combined TRACON& Tower with Radar,56,23,9,0,88,0,0,21,0,21,56,23,30,0,109,11,0,11,120
10/02/2022,ALB,NY,AEA,EN,Combined TRACON& Tower with Radar,70,18,8,8,104,0,1,24,4,29,70,19,32,12,133,23,14,37,170
10/03/2022,ALB,NY,AEA,EN,Combined TRACON& Tower with Radar,80,29,20,12,141,0,4,38,7,49,80,33,58,19,190,33,18,51,241
10/04/2022,ALB,NY,AEA,EN,Combined TRACON& Tower with Radar,68,29,15,1,113,0,0,10,3,13,68,29,25,4,126,4,0,4,130
10/05/2022,ALB,NY,AEA,EN,Combined TRACON& Tower with Radar,67,31,17,28,143,0,0,15,8,23,67,31,32,36,166,11,14,25,191
10/06/2022,ALB,NY,AEA,EN,Combined TRACON& Tower with Radar,83,27,22,1,133,0,3,43,11,57,83,30,65,12,190,19,0,19,209
10/07/2022,ALB,NY,AEA,EN,Combined TRACON& Tower with Radar,85,29,34,2,150,0,0,14,2,16,85,29,48,4,166,10,0,10,176
10/08/2022,ALB,NY,AEA,EN,Combined TRACON& Tower with Radar,49,21,6,0,76,0,1,22,3,26,49,22,28,3,102,32,0,32,134
10/09/2022,ALB,NY,AEA,EN,Combined TRACON& Tower with Radar,72,18,19,0,109,0,3,30,1,34,72,21,49,1,143,0,0,0,143
10/10/2022,ALB,NY,AEA,EN,Combined TRACON& Tower with Radar,80,22,18,0,120,0,1,35,0,36,80,23,53,0,156,0,0,0,156
10/11/2022,ALB,NY,AEA,EN,Combined TRACON& Tower with Radar,76,23,30,2,131,0,2,29,2,33,76,25,59,4,164,0,0,0,164
10/12/2022,ALB,NY,AEA,EN,Combined TRACON& Tower with Radar,72,26,10,18,126,0,7,25,17,49,72,33,35,35,175,0,0,0,175
10/13/2022,ALB,NY,AEA,EN,Combined TRACON& Tower with Radar,78,29,8,29,144,0,0,2,7,9,78,29,10,36,153,0,0,0,153
10/14/2022,ALB,NY,AEA,EN,Combined TRACON& Tower with Radar,88,25,17,2,132,0,8,36,1,45,88,33,53,3,177,0,0,0,177
10/15/2022,ALB,NY,AEA,EN,Combined TRACON& Tower with Radar,52,13,20,1,86,0,3,43,3,49,52,16,63,4,135,0,0,0,135
10/16/2022,ALB,NY,AEA,EN,Combined TRACON& Tower with Radar,72,22,16,0,110,0,5,41,1,47,72,27,57,1,157,0,0,0,157
10/17/2022,ALB,NY,AEA,EN,Combined TRACON& Tower with Radar,81,33,16,4,134,0,0,15,0,15,81,33,31,4,149,0,0,0,149
10/18/2022,ALB,NY,AEA,EN,Combined TRACON& Tower with Radar,75,29,19,4,127,0,0,36,6,42,75,29,55,10,169,0,0,0,169
10/19/2022,ALB,NY,AEA,EN,Combined TRACON& Tower with Radar,73,36,18,4,131,0,5,53,11,69,73,41,71,15,200,0,0,0,200
10/20/2022,ALB,NY,AEA,EN,Combined TRACON& Tower with Radar,82,32,13,4,131,0,1,26,0,27,82,33,39,4,158,0,0,0,158
10/21/2022,ALB,NY,AEA,EN,Combined TRACON& Tower with Radar,84,25,18,4,131,0,1,43,5,49,84,26,61,9,180,0,0,0,180
10/22/2022,ALB,NY,AEA,EN,Combined TRACON& Tower with Radar,49,20,17,1,87,0,2,34,3,39,49,22,51,4,126,0,0,0,126
10/23/2022,ALB,NY,AEA,EN,Combined TRACON& Tower with Radar,74,17,34,2,127,0,0,32,3,35,74,17,66,5,162,0,0,0,162
10/24/2022,ALB,NY,AEA,EN,Combined TRACON& Tower with Radar,81,21,13,3,118,0,0,1,0,1,81,21,14,3,119,0,0,0,119
10/25/2022,ALB,NY,AEA,EN,Combined TRACON& Tower with Radar,84,38,28,11,161,0,0,8,0,8,84,38,36,11,169,0,0,0,169
10/26/2022,ALB,NY,AEA,EN,Combined TRACON& Tower with Radar,73,28,13,0,114,0,0,13,2,15,73,28,26,2,129,0,0,0,129
10/27/2022,ALB,NY,AEA,EN,Combined TRACON& Tower with Radar,84,28,12,23,147,0,0,29,27,56,84,28,41,50,203,0,0,0,203
10/28/2022,ALB,NY,AEA,EN,Combined TRACON& Tower with Radar,85,24,26,1,136,0,0,32,1,33,85,24,58,2,169,0,0,0,169
10/29/2022,ALB,NY,AEA,EN,Combined TRACON& Tower with Radar,50,13,16,0,79,0,2,32,0,34,50,15,48,0,113,0,0,0,113
10/30/2022,ALB,NY,AEA,EN,Combined TRACON& Tower with Radar,75,26,17,0,118,0,5,40,0,45,75,31,57,0,163,0,0,0,163
10/31/2022,ALB,NY,AEA,EN,Combined TRACON& Tower with Radar,73,31,6,3,113,0,0,37,7,44,73,31,43,10,157,0,0,0,157
11/01/2022,ALB,NY,AEA,EN,Combined TRACON& Tower with Radar,80,38,24,8,150,0,0,13,14,27,80,38,37,22,177,0,0,0,177
11/02/2022,ALB,NY,AEA,EN,Combined TRACON& Tower with Radar,74,31,19,4,128,0,7,34,14,55,74,38,53,18,183,16,0,16,199
11/03/2022,ALB,NY,AEA,EN,Combined TRACON& Tower with Radar,79,27,15,18,139,0,2,24,15,41,79,29,39,33,180,21,26,47,227
11/04/2022,ALB,NY,AEA,EN,Combined TRACON& Tower with Radar,106,27,20,2,155,0,2,31,1,34,106,29,51,3,189,4,0,4,193
11/05/2022,ALB,NY,AEA,EN,Combined TRACON& Tower with Radar,52,26,13,0,91,0,2,14,2,18,52,28,27,2,109,0,4,4,113
11/06/2022,ALB,NY,AEA,EN,Combined TRACON& Tower with Radar,64,25,22,5,116,0,0,0,5,5,64,25,22,10,121,0,0,0,121
11/07/2022,ALB,NY,AEA,EN,Combined TRACON& Tower with Radar,70,33,16,13,132,0,3,31,25,59,70,36,47,38,191,2,62,64,255
11/08/2022,ALB,NY,AEA,EN,Combined TRACON& Tower with Radar,69,27,20,0,116,0,0,45,6,51,69,27,65,6,167,18,0,18,185
11/09/2022,ALB,NY,AEA,EN,Combined TRACON& Tower with Radar,69,34,29,0,132,0,3,43,0,46,69,37,72,0,178,6,0,6,184
11/10/2022,ALB,NY,AEA,EN,Combined TRACON& Tower with Radar,71,38,23,0,132,0,1,35,1,37,71,39,58,1,169,6,0,6,175
11/11/2022,ALB,NY,AEA,EN,Combined TRACON& Tower with Radar,76,32,18,0,126,0,0,10,0,10,76,32,28,0,136,0,0,0,136
11/12/2022,ALB,NY,AEA,EN,Combined TRACON& Tower with Radar,57,26,6,0,89,0,0,4,0,4,57,26,10,0,93,4,0,4,97
11/13/2022,ALB,NY,AEA,EN,Combined TRACON& Tower with Radar,67,24,14,0,105,0,0,17,0,17,67,24,31,0,122,0,0,0,122
11/14/2022,ALB,NY,AEA,EN,Combined TRACON& Tower with Radar,77,39,14,0,130,0,4,31,1,36,77,43,45,1,166,23,0,23,189
11/15/2022,ALB,NY,AEA,EN,Combined TRACON& Tower with Radar,75,27,28,6,136,0,0,27,5,32,75,27,55,11,168,14,6,20,188
11/16/2022,ALB,NY,AEA,EN,Combined TRACON& Tower with Radar,68,32,5,7,112,0,0,0,17,17,68,32,5,24,129,0,32,32,161
11/17/2022,ALB,NY,AEA,EN,Combined TRACON& Tower with Radar,71,37,17,0,125,0,0,11,4,15,71,37,28,4,140,18,0,18,158
11/18/2022,ALB,NY,AEA,EN,Combined TRACON& Tower with Radar,82,20,19,0,121,0,0,34,2,36,82,20,53,2,157,27,0,27,184
11/19/2022,ALB,NY,AEA,EN,Combined TRACON& Tower with Radar,60,23,21,0,104,0,0,35,2,37,60,23,56,2,141,32,0,32,173
11/20/2022,ALB,NY,AEA,EN,Combined TRACON& Tower with Radar,68,16,6,0,90,0,0,3,0,3,68,16,9,0,93,0,0,0,93
11/21/2022,ALB,NY,AEA,EN,Combined TRACON& Tower with Radar,70,24,11,1,106,0,0,18,7,25,70,24,29,8,131,24,0,24,155
11/22/2022,ALB,NY,AEA,EN,Combined TRACON& Tower with Radar,79,28,29,9,145,0,1,42,2,45,79,29,71,11,190,29,0,29,219
11/23/2022,ALB,NY,AEA,EN,Combined TRACON& Tower with Radar,83,27,9,0,119,0,3,43,9,55,83,30,52,9,174,28,0,28,202
11/24/2022,ALB,NY,AEA,EN,Combined TRACON& Tower with Radar,33,12,7,0,52,0,5,16,0,21,33,17,23,0,73,1,0,1,74
11/25/2022,ALB,NY,AEA,EN,Combined TRACON& Tower with Radar,49,18,3,0,70,0,0,3,0,3,49,18,6,0,73,0,0,0,73
11/26/2022,ALB,NY,AEA,EN,Combined TRACON& Tower with Radar,64,23,16,0,103,0,2,30,1,33,64,25,46,1,136,54,0,54,190
11/27/2022,ALB,NY,AEA,EN,Combined TRACON& Tower with Radar,77,28,16,2,123,0,0,6,0,6,77,28,22,2,129,5,0,5,134
11/28/2022,ALB,NY,AEA,EN,Combined TRACON& Tower with Radar,79,40,10,6,135,0,0,15,6,21,79,40,25,12,156,32,18,50,206
11/29/2022,ALB,NY,AEA,EN,Combined TRACON& Tower with Radar,79,26,15,16,136,0,0,34,5,39,79,26,49,21,175,4,0,4,179
11/30/2022,ALB,NY,AEA,EN,Combined TRACON& Tower with Radar,68,23,8,0,99,0,2,0,0,2,68,25,8,0,101,0,0,0,101
12/01/2022,ALB,NY,AEA,EN,Combined TRACON& Tower with Radar,80,25,10,0,115,0,1,8,6,15,80,26,18,6,130,2,0,2,132
12/02/2022,ALB,NY,AEA,EN,Combined TRACON& Tower with Radar,82,29,30,0,141,0,0,40,2,42,82,29,70,2,183,38,0,38,221
12/03/2022,ALB,NY,AEA,EN,Combined TRACON& Tower with Radar,58,24,16,0,98,0,0,0,0,0,58,24,16,0,98,0,0,0,98
12/04/2022,ALB,NY,AEA,EN,Combined TRACON& Tower with Radar,64,21,18,1,104,0,3,28,0,31,64,24,46,1,135,16,0,16,151
12/05/2022,ALB,NY,AEA,EN,Combined TRACON& Tower with Radar,76,26,21,0,123,0,0,46,0,46,76,26,67,0,169,0,0,0,169
12/06/2022,ALB,NY,AEA,EN,Combined TRACON& Tower with Radar,77,30,9,0,116,0,0,8,0,8,77,30,17,0,124,10,0,10,134
12/07/2022,ALB,NY,AEA,EN,Combined TRACON& Tower with Radar,76,41,21,15,153,0,0,1,1,2,76,41,22,16,155,0,0,0,155
12/08/2022,ALB,NY,AEA,EN,Combined TRACON& Tower with Radar,79,26,11,3,119,0,1,17,9,27,79,27,28,12,146,28,0,28,174
12/09/2022,ALB,NY,AEA,EN,Combined TRACON& Tower with Radar,82,30,12,0,124,0,1,37,4,42,82,31,49,4,166,34,0,34,200
12/10/2022,ALB,NY,AEA,EN,Combined TRACON& Tower with Radar,56,19,22,0,97,0,1,41,5,47,56,20,63,5,144,26,0,26,170
12/11/2022,ALB,NY,AEA,EN,Combined TRACON& Tower with Radar,63,18,0,0,81,0,0,0,0,0,63,18,0,0,81,24,0,24,105
12/12/2022,ALB,NY,AEA,EN,Combined TRACON& Tower with Radar,81,28,22,3,134,0,2,10,7,19,81,30,32,10,153,2,0,2,155
12/13/2022,ALB,NY,AEA,EN,Combined TRACON& Tower with Radar,75,33,11,0,119,0,0,24,24,48,75,33,35,24,167,38,15,53,220
12/14/2022,ALB,NY,AEA,EN,Combined TRACON& Tower with Radar,74,36,15,6,131,0,2,27,12,41,74,38,42,18,172,53,0,53,225
12/15/2022,ALB,NY,AEA,EN,Combined TRACON& Tower with Radar,78,32,9,1,120,0,3,18,10,31,78,35,27,11,151,69,0,69,220
12/16/2022,ALB,NY,AEA,EN,Combined TRACON& Tower with Radar,59,17,7,0,83,0,0,0,0,0,59,17,7,0,83,0,0,0,83
12/17/2022,ALB,NY,AEA,EN,Combined TRACON& Tower with Radar,83,26,8,0,117,0,0,11,0,11,83,26,19,0,128,17,0,17,145
12/18/2022,ALB,NY,AEA,EN,Combined TRACON& Tower with Radar,71,23,12,0,106,0,0,21,0,21,71,23,33,0,127,24,0,24,151
12/19/2022,ALB,NY,AEA,EN,Combined TRACON& Tower with Radar,75,27,11,1,114,0,3,12,5,20,75,30,23,6,134,42,0,42,176
12/20/2022,ALB,NY,AEA,EN,Combined TRACON& Tower with Radar,84,25,15,0,124,0,1,32,5,38,84,26,47,5,162,9,0,9,171
12/21/2022,ALB,NY,AEA,EN,Combined TRACON& Tower with Radar,79,32,12,27,150,0,2,34,17,53,79,34,46,44,203,37,16,53,256
12/22/2022,ALB,NY,AEA,EN,Combined TRACON& Tower with Radar,75,30,13,4,122,0,2,7,2,11,75,32,20,6,133,0,6,6,139
12/23/2022,ALB,NY,AEA,EN,Combined TRACON& Tower with Radar,57,15,6,0,78,0,0,0,0,0,57,15,6,0,78,0,0,0,78
12/24/2022,ALB,NY,AEA,EN,Combined TRACON& Tower with Radar,52,14,1,0,67,0,0,5,0,5,52,14,6,0,72,32,0,32,104
12/25/2022,ALB,NY,AEA,EN,Combined TRACON& Tower with Radar,39,12,3,0,54,0,0,2,0,2,39,12,5,0,56,1,0,1,57
12/26/2022,ALB,NY,AEA,EN,Combined TRACON& Tower with Radar,54,24,20,0,98,0,1,18,0,19,54,25,38,0,117,0,0,0,117
12/27/2022,ALB,NY,AEA,EN,Combined TRACON& Tower with Radar,63,29,19,5,116,0,0,23,13,36,63,29,42,18,152,44,26,70,222
12/28/2022,ALB,NY,AEA,EN,Combined TRACON& Tower with Radar,59,27,13,11,110,0,0,30,2,32,59,27,43,13,142,27,12,39,181
12/29/2022,ALB,NY,AEA,EN,Combined TRACON& Tower with Radar,62,29,16,0,107,0,0,58,1,59,62,29,74,1,166,69,0,69,235
12/30/2022,ALB,NY,AEA,EN,Combined TRACON& Tower with Radar,75,26,11,0,112,0,3,40,2,45,75,29,51,2,157,42,0,42,199
12/31/2022,ALB,NY,AEA,EN,Combined TRACON& Tower with Radar,75,19,9,0,103,0,0,4,0,4,75,19,13,0,107,4,0,4,111
01/01/2023,ALB,NY,AEA,EN,Combined TRACON& Tower with Radar,56,21,2,0,79,0,1,4,0,5,56,22,6,0,84,44,0,44,128
01/02/2023,ALB,NY,AEA,EN,Combined TRACON& Tower with Radar,65,15,10,0,90,0,1,22,0,23,65,16,32,0,113,27,0,27,140
01/03/2023,ALB,NY,AEA,EN,Combined TRACON& Tower with Radar,60,22,5,8,95,0,0,0,0,0,60,22,5,8,95,0,0,0,95
01/04/2023,ALB,NY,AEA,EN,Combined TRACON& Tower with Radar,62,28,4,8,102,0,0,0,0,0,62,28,4,8,102,0,0,0,102
01/05/2023,ALB,NY,AEA,EN,Combined TRACON& Tower with Radar,56,22,23,2,103,0,3,2,0,5,56,25,25,2,108,13,1,14,122
01/06/2023,ALB,NY,AEA,EN,Combined TRACON& Tower with Radar,60,18,12,2,92,0,0,0,0,0,60,18,12,2,92,19,0,19,111
01/07/2023,ALB,NY,AEA,EN,Combined TRACON& Tower with Radar,59,23,16,0,98,0,1,20,0,21,59,24,36,0,119,51,1,52,171
01/08/2023,ALB,NY,AEA,EN,Combined TRACON& Tower with Radar,64,16,12,0,92,0,1,48,0,49,64,17,60,0,141,0,0,0,141
01/09/2023,ALB,NY,AEA,EN,Combined TRACON& Tower with Radar,75,29,15,0,119,0,0,13,0,13,75,29,28,0,132,36,0,36,168
01/10/2023,ALB,NY,AEA,EN,Combined TRACON& Tower with Radar,67,28,20,3,118,0,0,32,5,37,67,28,52,8,155,23,0,23,178
01/11/2023,ALB,NY,AEA,EN,Combined TRACON& Tower with Radar,59,31,12,5,107,0,0,33,12,45,59,31,45,17,152,21,0,21,173
01/12/2023,ALB,NY,AEA,EN,Combined TRACON& Tower with Radar,78,27,15,0,120,0,0,0,0,0,78,27,15,0,120,0,0,0,120
01/13/2023,ALB,NY,AEA,EN,Combined TRACON& Tower with Radar,76,23,6,0,105,0,0,2,0,2,76,23,8,0,107,1,0,1,108
01/14/2023,ALB,NY,AEA,EN,Combined TRACON& Tower with Radar,53,18,6,0,77,0,0,6,0,6,53,18,12,0,83,50,0,50,133
01/15/2023,ALB,NY,AEA,EN,Combined TRACON& Tower with Radar,65,22,7,0,94,0,2,32,0,34,65,24,39,0,128,13,0,13,141
01/16/2023,ALB,NY,AEA,EN,Combined TRACON& Tower with Radar,72,21,22,0,115,0,1,41,2,44,72,22,63,2,159,20,0,20,179
01/17/2023,ALB,NY,AEA,EN,Combined TRACON& Tower with Radar,69,27,9,7,112,0,1,11,1,13,69,28,20,8,125,4,4,8,133
01/18/2023,ALB,NY,AEA,EN,Combined TRACON& Tower with Radar,71,24,5,2,102,0,0,8,10,18,71,24,13,12,120,4,0,4,124
01/19/2023,ALB,NY,AEA,EN,Combined TRACON& Tower with Radar,76,30,11,0,117,0,1,16,0,17,76,31,27,0,134,0,0,0,134
01/20/2023,ALB,NY,AEA,EN,Combined TRACON& Tower with Radar,74,27,12,10,123,0,0,0,0,0,74,27,12,10,123,0,6,6,129
01/21/2023,ALB,NY,AEA,EN,Combined TRACON& Tower with Radar,60,16,16,0,92,0,2,8,2,12,60,18,24,2,104,12,0,12,116
01/22/2023,ALB,NY,AEA,EN,Combined TRACON& Tower with Radar,71,15,6,0,92,0,2,6,3,11,71,17,12,3,103,26,0,26,129
01/23/2023,ALB,NY,AEA,EN,Combined TRACON& Tower with Radar,72,24,14,0,110,0,0,0,0,0,72,24,14,0,110,0,0,0,110
01/24/2023,ALB,NY,AEA,EN,Combined TRACON& Tower with Radar,70,23,16,4,113,0,0,14,5,19,70,23,30,9,132,0,0,0,132
01/25/2023,ALB,NY,AEA,EN,Combined TRACON& Tower with Radar,69,21,5,0,95,0,0,0,2,2,69,21,5,2,97,3,0,3,100
01/26/2023,ALB,NY,AEA,EN,Combined TRACON& Tower with Radar,82,34,6,6,128,0,0,0,12,12,82,34,6,18,140,12,37,49,189
01/27/2023,ALB,NY,AEA,EN,Combined TRACON& Tower with Radar,75,18,20,0,113,0,0,40,0,40,75,18,60,0,153,18,0,18,171
01/28/2023,ALB,NY,AEA,EN,Combined TRACON& Tower with Radar,59,19,12,0,90,0,2,28,0,30,59,21,40,0,120,29,0,29,149
01/29/2023,ALB,NY,AEA,EN,Combined TRACON& Tower with Radar,72,19,15,0,106,0,1,20,1,22,72,20,35,1,128,15,0,15,143
01/30/2023,ALB,NY,AEA,EN,Combined TRACON& Tower with Radar,71,19,12,8,110,0,0,4,0,4,71,19,16,8,114,25,8,33,147
01/31/2023,ALB,NY,AEA,EN,Combined TRACON& Tower with Radar,68,28,13,7,116,0,0,14,4,18,68,28,27,11,134,10,4,14,148
02/01/2023,ALB,NY,AEA,EN,Combined TRACON& Tower with Radar,64,32,25,0,121,0,0,36,5,41,64,32,61,5,162,23,0,23,185
02/02/2023,ALB,NY,AEA,EN,Combined TRACON& Tower with Radar,71,28,11,0,110,0,1,29,6,36,71,29,40,6,146,11,0,11,157
02/03/2023,ALB,NY,AEA,EN,Combined TRACON& Tower with Radar,81,34,5,0,120,0,1,0,4,5,81,35,5,4,125,0,0,0,125
02/04/2023,ALB,NY,AEA,EN,Combined TRACON& Tower with Radar,56,20,7,4,87,0,0,7,2,9,56,20,14,6,96,0,0,0,96
02/05/2023,ALB,NY,AEA,EN,Combined TRACON& Tower with Radar,67,18,6,2,93,0,0,17,2,19,67,18,23,4,112,0,0,0,112
02/06/2023,ALB,NY,AEA,EN,Combined TRACON& Tower with Radar,70,24,22,8,124,0,0,20,4,24,70,24,42,12,148,0,0,0,148
02/07/2023,ALB,NY,AEA,EN,Combined TRACON& Tower with Radar,64,31,19,1,115,0,5,24,5,34,64,36,43,6,149,0,0,0,149
02/08/2023,ALB,NY,AEA,EN,Combined TRACON& Tower with Radar,63,28,15,1,107,0,0,28,3,31,63,28,43,4,138,0,0,0,138
02/09/2023,ALB,NY,AEA,EN,Combined TRACON& Tower with Radar,74,38,8,0,120,0,1,9,0,10,74,39,17,0,130,0,0,0,130
02/10/2023,ALB,NY,AEA,EN,Combined TRACON& Tower with Radar,76,24,15,3,118,0,0,5,2,7,76,24,20,5,125,0,0,0,125
02/11/2023,ALB,NY,AEA,EN,Combined TRACON& Tower with Radar,57,22,19,0,98,0,4,22,0,26,57,26,41,0,124,0,0,0,124
02/12/2023,ALB,NY,AEA,EN,Combined TRACON& Tower with Radar,61,20,20,1,102,0,4,55,1,60,61,24,75,2,162,0,0,0,162
02/13/2023,ALB,NY,AEA,EN,Combined TRACON& Tower with Radar,69,33,19,4,125,0,0,34,3,37,69,33,53,7,162,0,0,0,162
02/14/2023,ALB,NY,AEA,EN,Combined TRACON& Tower with Radar,62,28,17,1,108,0,0,30,7,37,62,28,47,8,145,0,0,0,145
02/15/2023,ALB,NY,AEA,EN,Combined TRACON& Tower with Radar,68,26,20,1,115,0,0,19,4,23,68,26,39,5,138,0,0,0,138
02/16/2023,ALB,NY,AEA,EN,Combined TRACON& Tower with Radar,77,32,13,2,124,0,3,16,6,25,77,35,29,8,149,0,0,0,149
02/17/2023,ALB,NY,AEA,EN,Combined TRACON& Tower with Radar,79,40,15,0,134,0,0,0,0,0,79,40,15,0,134,0,0,0,134
02/18/2023,ALB,NY,AEA,EN,Combined TRACON& Tower with Radar,64,24,23,0,111,0,3,45,0,48,64,27,68,0,159,0,0,0,159
02/19/2023,ALB,NY,AEA,EN,Combined TRACON& Tower with Radar,65,24,18,0,107,0,2,31,0,33,65,26,49,0,140,0,0,0,140
02/20/2023,ALB,NY,AEA,EN,Combined TRACON& Tower with Radar,77,26,11,0,114,0,1,31,2,34,77,27,42,2,148,0,0,0,148
02/21/2023,ALB,NY,AEA,EN,Combined TRACON& Tower with Radar,77,36,13,2,128,0,0,10,0,10,77,36,23,2,138,0,0,0,138
02/22/2023,ALB,NY,AEA,EN,Combined TRACON& Tower with Radar,66,29,13,5,113,0,1,8,9,18,66,30,21,14,131,0,0,0,131
02/23/2023,ALB,NY,AEA,EN,Combined TRACON& Tower with Radar,66,27,4,0,97,0,0,0,0,0,66,27,4,0,97,0,0,0,97
02/24/2023,ALB,NY,AEA,EN,Combined TRACON& Tower with Radar,78,40,14,1,133,0,0,2,1,3,78,40,16,2,136,0,0,0,136
02/25/2023,ALB,NY,AEA,EN,Combined TRACON& Tower with Radar,69,32,13,0,114,0,0,5,0,5,69,32,18,0,119,0,0,0,119
02/26/2023,ALB,NY,AEA,EN,Combined TRACON& Tower with Radar,64,27,8,0,99,0,0,15,0,15,64,27,23,0,114,0,0,0,114
02/27/2023,ALB,NY,AEA,EN,Combined TRACON& Tower with Radar,73,35,16,13,137,0,4,33,2,39,73,39,49,15,176,0,0,0,176
02/28/2023,ALB,NY,AEA,EN,Combined TRACON& Tower with Radar,74,32,2,0,108,0,0,0,0,0,74,32,2,0,108,0,0,0,108
03/01/2023,ALB,NY,AEA,EN,Combined TRACON& Tower with Radar,75,26,20,14,135,0,0,22,11,33,75,26,42,25,168,18,12,30,198
03/02/2023,ALB,NY,AEA,EN,Combined TRACON& Tower with Radar,78,35,15,2,130,0,0,4,0,4,78,35,19,2,134,8,0,8,142
03/03/2023,ALB,NY,AEA,EN,Combined TRACON& Tower with Radar,72,27,9,3,111,0,0,36,3,39,72,27,45,6,150,32,8,40,190
03/04/2023,ALB,NY,AEA,EN,Combined TRACON& Tower with Radar,48,16,0,0,64,0,0,0,0,0,48,16,0,0,64,0,0,0,64
03/05/2023,ALB,NY,AEA,EN,Combined TRACON& Tower with Radar,69,28,20,0,117,0,0,18,4,22,69,28,38,4,139,0,0,0,139
03/06/2023,ALB,NY,AEA,EN,Combined TRACON& Tower with Radar,76,35,15,13,139,0,0,25,8,33,76,35,40,21,172,10,18,28,200
03/07/2023,ALB,NY,AEA,EN,Combined TRACON& Tower with Radar,72,31,12,8,123,0,1,12,0,13,72,32,24,8,136,2,2,4,140
03/08/2023,ALB,NY,AEA,EN,Combined TRACON& Tower with Radar,76,26,16,1,119,0,0,24,1,25,76,26,40,2,144,0,0,0,144
03/09/2023,ALB,NY,AEA,EN,Combined TRACON& Tower with Radar,76,37,12,8,133,0,2,47,8,57,76,39,59,16,190,0,0,0,190
03/10/2023,ALB,NY,AEA,EN,Combined TRACON& Tower with Radar,76,35,13,0,124,0,0,23,0,23,76,35,36,0,147,0,0,0,147
03/11/2023,ALB,NY,AEA,EN,Combined TRACON& Tower with Radar,57,24,5,0,86,0,0,11,0,11,57,24,16,0,97,0,0,0,97
03/12/2023,ALB,NY,AEA,EN,Combined TRACON& Tower with Radar,63,21,30,0,114,0,1,53,0,54,63,22,83,0,168,0,0,0,168
03/13/2023,ALB,NY,AEA,EN,Combined TRACON& Tower with Radar,70,22,8,2,102,0,0,0,0,0,70,22,8,2,102,0,0,0,102
03/14/2023,ALB,NY,AEA,EN,Combined TRACON& Tower with Radar,25,8,0,0,33,0,0,0,0,0,25,8,0,0,33,0,0,0,33
03/15/2023,ALB,NY,AEA,EN,Combined TRACON& Tower with Radar,78,39,6,3,126,0,1,0,7,8,78,40,6,10,134,0,0,0,134
03/16/2023,ALB,NY,AEA,EN,Combined TRACON& Tower with Radar,79,40,20,4,143,0,2,35,9,46,79,42,55,13,189,0,0,0,189
03/17/2023,ALB,NY,AEA,EN,Combined TRACON& Tower with Radar,81,35,23,2,141,0,0,26,3,29,81,35,49,5,170,0,0,0,170
03/18/2023,ALB,NY,AEA,EN,Combined TRACON& Tower with Radar,57,30,21,0,108,0,0,24,0,24,57,30,45,0,132,0,0,0,132
03/19/2023,ALB,NY,AEA,EN,Combined TRACON& Tower with Radar,69,35,11,0,115,0,3,2,0,5,69,38,13,0,120,0,0,0,120
03/20/2023,ALB,NY,AEA,EN,Combined TRACON& Tower with Radar,82,28,16,11,137,0,0,49,6,55,82,28,65,17,192,0,0,0,192
03/21/2023,ALB,NY,AEA,EN,Combined TRACON& Tower with Radar,73,30,18,4,125,0,2,42,5,49,73,32,60,9,174,0,0,0,174
03/22/2023,ALB,NY,AEA,EN,Combined TRACON& Tower with Radar,74,26,25,2,127,0,0,32,4,36,74,26,57,6,163,0,0,0,163
03/23/2023,ALB,NY,AEA,EN,Combined TRACON& Tower with Radar,79,30,16,24,149,0,0,2,1,3,79,30,18,25,152,0,0,0,152
03/24/2023,ALB,NY,AEA,EN,Combined TRACON& Tower with Radar,74,39,16,0,129,0,1,24,3,28,74,40,40,3,157,0,0,0,157
03/25/2023,ALB,NY,AEA,EN,Combined TRACON& Tower with Radar,58,25,9,0,92,0,0,0,0,0,58,25,9,0,92,0,0,0,92
03/26/2023,ALB,NY,AEA,EN,Combined TRACON& Tower with Radar,73,26,11,0,110,0,1,15,2,18,73,27,26,2,128,0,0,0,128
03/27/2023,ALB,NY,AEA,EN,Combined TRACON& Tower with Radar,85,32,15,0,132,0,2,31,6,39,85,34,46,6,171,0,0,0,171
03/28/2023,ALB,NY,AEA,EN,Combined TRACON& Tower with Radar,76,27,16,5,124,0,2,19,3,24,76,29,35,8,148,0,0,0,148
03/29/2023,ALB,NY,AEA,EN,Combined TRACON& Tower with Radar,80,28,12,1,121,0,0,28,10,38,80,28,40,11,159,0,0,0,159
03/30/2023,ALB,NY,AEA,EN,Combined TRACON& Tower with Radar,81,29,11,2,123,0,0,32,9,41,81,29,43,11,164,0,0,0,164
03/31/2023,ALB,NY,AEA,EN,Combined TRACON& Tower with Radar,81,40,22,7,150,0,2,11,7,20,81,42,33,14,170,0,0,0,170
04/01/2023,ALB,NY,AEA,EN,Combined TRACON& Tower with Radar,57,19,3,0,79,0,0,6,0,6,57,19,9,0,85,20,0,20,105
04/02/2023,ALB,NY,AEA,EN,Combined TRACON& Tower with Radar,70,22,12,0,104,0,2,27,3,32,70,24,39,3,136,22,0,22,158
04/03/2023,ALB,NY,AEA,EN,Combined TRACON& Tower with Radar,82,28,14,2,126,0,3,19,7,29,82,31,33,9,155,18,0,18,173
04/04/2023,ALB,NY,AEA,EN,Combined TRACON& Tower with Radar,78,25,23,0,126,0,0,24,2,26,78,25,47,2,152,23,0,23,175
04/05/2023,ALB,NY,AEA,EN,Combined TRACON& Tower with Radar,78,39,12,1,130,0,0,5,1,6,78,39,17,2,136,29,0,29,165
04/06/2023,ALB,NY,AEA,EN,Combined TRACON& Tower with Radar,86,34,26,10,156,0,0,5,7,12,86,34,31,17,168,8,20,28,196
04/07/2023,ALB,NY,AEA,EN,Combined TRACON& Tower with Radar,88,32,11,0,131,0,4,15,2,21,88,36,26,2,152,36,0,36,188
04/08/2023,ALB,NY,AEA,EN,Combined TRACON& Tower with Radar,65,21,17,0,103,0,5,59,0,64,65,26,76,0,167,56,0,56,223
04/09/2023,ALB,NY,AEA,EN,Combined TRACON& Tower with Radar,71,18,17,1,107,0,2,28,0,30,71,20,45,1,137,24,0,24,161
04/10/2023,ALB,NY,AEA,EN,Combined TRACON& Tower with Radar,81,29,18,0,128,0,4,45,2,51,81,33,63,2,179,41,4,45,224
04/11/2023,ALB,NY,AEA,EN,Combined TRACON& Tower with Radar,80,37,26,1,144,0,3,19,3,25,80,40,45,4,169,22,6,28,197
04/12/2023,ALB,NY,AEA,EN,Combined TRACON& Tower with Radar,83,33,16,16,148,0,6,45,3,54,83,39,61,19,202,34,0,34,236
04/13/2023,ALB,NY,AEA,EN,Combined TRACON& Tower with Radar,79,40,29,0,148,0,4,40,10,54,79,44,69,10,202,60,8,68,270
04/14/2023,ALB,NY,AEA,EN,Combined TRACON& Tower with Radar,84,32,24,1,141,0,5,36,4,45,84,37,60,5,186,56,0,56,242
04/15/2023,ALB,NY,AEA,EN,Combined TRACON& Tower with Radar,62,21,20,0,103,0,0,27,0,27,62,21,47,0,130,22,0,22,152
04/16/2023,ALB,NY,AEA,EN,Combined TRACON& Tower with Radar,61,34,23,0,118,0,0,13,0,13,61,34,36,0,131,20,0,20,151
04/17/2023,ALB,NY,AEA,EN,Combined TRACON& Tower with Radar,82,36,22,0,140,0,0,5,0,5,82,36,27,0,145,34,0,34,179
04/18/2023,ALB,NY,AEA,EN,Combined TRACON& Tower with Radar,80,36,25,15,156,0,0,38,9,47,80,36,63,24,203,25,34,59,262
04/19/2023,ALB,NY,AEA,EN,Combined TRACON& Tower with Radar,74,27,17,0,118,0,0,21,6,27,74,27,38,6,145,28,0,28,173
04/20/2023,ALB,NY,AEA,EN,Combined TRACON& Tower with Radar,80,31,21,5,137,0,0,41,7,48,80,31,62,12,185,47,12,59,244
04/21/2023,ALB,NY,AEA,EN,Combined TRACON& Tower with Radar,87,30,24,0,141,0,4,38,2,44,87,34,62,2,185,18,0,18,203
04/22/2023,ALB,NY,AEA,EN,Combined TRACON& Tower with Radar,50,27,12,0,89,0,0,11,7,18,50,27,23,7,107,45,0,45,152
04/23/2023,ALB,NY,AEA,EN,Combined TRACON& Tower with Radar,73,27,18,3,121,0,0,0,0,0,73,27,18,3,121,0,0,0,121
04/24/2023,ALB,NY,AEA,EN,Combined TRACON& Tower with Radar,83,29,21,15,148,0,2,23,1,26,83,31,44,16,174,18,10,28,202
04/25/2023,ALB,NY,AEA,EN,Combined TRACON& Tower with Radar,73,31,19,11,134,0,1,28,5,34,73,32,47,16,168,0,0,0,168
04/26/2023,ALB,NY,AEA,EN,Combined TRACON& Tower with Radar,78,28,17,2,125,0,3,31,2,36,78,31,48,4,161,0,0,0,161
04/27/2023,ALB,NY,AEA,EN,Combined TRACON& Tower with Radar,82,34,32,7,155,0,0,32,7,39,82,34,64,14,194,0,0,0,194
04/28/2023,ALB,NY,AEA,EN,Combined TRACON& Tower with Radar,86,24,22,10,142,0,0,45,10,55,86,24,67,20,197,0,0,0,197
04/29/2023,ALB,NY,AEA,EN,Combined TRACON& Tower with Radar,54,26,9,0,89,0,0,9,0,9,54,26,18,0,98,0,0,0,98
04/30/2023,ALB,NY,AEA,EN,Combined TRACON& Tower with Radar,73,29,9,0,111,0,0,2,0,2,73,29,11,0,113,0,0,0,113
05/01/2023,ALB,NY,AEA,EN,Combined TRACON& Tower with Radar,87,28,17,16,148,0,0,21,1,22,87,28,38,17,170,17,4,21,191
05/02/2023,ALB,NY,AEA,EN,Combined TRACON& Tower with Radar,74,35,12,0,121,0,0,17,0,17,74,35,29,0,138,5,0,5,143
05/03/2023,ALB,NY,AEA,EN,Combined TRACON& Tower with Radar,76,45,31,15,167,0,0,13,0,13,76,45,44,15,180,10,10,20,200
05/04/2023,ALB,NY,AEA,EN,Combined TRACON& Tower with Radar,83,40,17,11,151,0,1,22,11,34,83,41,39,22,185,31,30,61,246
05/05/2023,ALB,NY,AEA,EN,Combined TRACON& Tower with Radar,83,27,14,10,134,0,0,29,7,36,83,27,43,17,170,40,14,54,224
05/06/2023,ALB,NY,AEA,EN,Combined TRACON& Tower with Radar,49,24,14,0,87,0,1,43,2,46,49,25,57,2,133,36,0,36,169
05/07/2023,ALB,NY,AEA,EN,Combined TRACON& Tower with Radar,62,28,17,0,107,0,4,36,4,44,62,32,53,4,151,6,0,6,157
05/08/2023,ALB,NY,AEA,EN,Combined TRACON& Tower with Radar,80,26,21,3,130,0,0,42,0,42,80,26,63,3,172,22,0,22,194
05/09/2023,ALB,NY,AEA,EN,Combined TRACON& Tower with Radar,70,36,15,15,136,0,2,35,11,48,70,38,50,26,184,13,10,23,207
05/10/2023,ALB,NY,AEA,EN,Combined TRACON& Tower with Radar,75,28,17,7,127,0,0,41,0,41,75,28,58,7,168,0,0,0,168
05/11/2023,ALB,NY,AEA,EN,Combined TRACON& Tower with Radar,78,26,11,15,130,0,7,46,15,68,78,33,57,30,198,0,0,0,198
05/12/2023,ALB,NY,AEA,EN,Combined TRACON& Tower with Radar,84,39,11,2,136,0,4,35,4,43,84,43,46,6,179,0,0,0,179
05/13/2023,ALB,NY,AEA,EN,Combined TRACON& Tower with Radar,49,25,19,0,93,0,3,38,2,43,49,28,57,2,136,0,0,0,136
05/14/2023,ALB,NY,AEA,EN,Combined TRACON& Tower with Radar,64,22,14,0,100,0,3,36,2,41,64,25,50,2,141,0,0,0,141
05/15/2023,ALB,NY,AEA,EN,Combined TRACON& Tower with Radar,80,34,17,0,131,0,3,35,2,40,80,37,52,2,171,0,0,0,171
05/16/2023,ALB,NY,AEA,EN,Combined TRACON& Tower with Radar,71,27,14,11,123,0,6,35,5,46,71,33,49,16,169,0,0,0,169
05/17/2023,ALB,NY,AEA,EN,Combined TRACON& Tower with Radar,72,35,15,2,124,0,3,45,6,54,72,38,60,8,178,0,0,0,178
05/18/2023,ALB,NY,AEA,EN,Combined TRACON& Tower with Radar,81,37,17,5,140,0,2,56,21,79,81,39,73,26,219,0,0,0,219
05/19/2023,ALB,NY,AEA,EN,Combined TRACON& Tower with Radar,86,35,17,2,140,0,0,21,0,21,86,35,38,2,161,0,0,0,161
05/20/2023,ALB,NY,AEA,EN,Combined TRACON& Tower with Radar,54,57,15,0,126,0,2,7,0,9,54,59,22,0,135,0,0,0,135
05/21/2023,ALB,NY,AEA,EN,Combined TRACON& Tower with Radar,71,27,15,0,113,0,0,15,1,16,71,27,30,1,129,0,0,0,129
05/22/2023,ALB,NY,AEA,EN,Combined TRACON& Tower with Radar,78,34,14,3,129,0,1,31,1,33,78,35,45,4,162,0,0,0,162
05/23/2023,ALB,NY,AEA,EN,Combined TRACON& Tower with Radar,74,26,27,8,135,0,1,33,4,38,74,27,60,12,173,0,0,0,173
05/24/2023,ALB,NY,AEA,EN,Combined TRACON& Tower with Radar,72,31,16,0,119,0,0,26,2,28,72,31,42,2,147,0,0,0,147
05/25/2023,ALB,NY,AEA,EN,Combined TRACON& Tower with Radar,78,35,21,0,134,0,0,32,12,44,78,35,53,12,178,0,0,0,178
05/26/2023,ALB,NY,AEA,EN,Combined TRACON& Tower with Radar,84,39,20,0,143,0,8,43,2,53,84,47,63,2,196,0,0,0,196
05/27/2023,ALB,NY,AEA,EN,Combined TRACON& Tower with Radar,50,24,18,0,92,0,1,38,0,39,50,25,56,0,131,0,0,0,131
05/28/2023,ALB,NY,AEA,EN,Combined TRACON& Tower with Radar,53,36,6,0,95,0,2,34,0,36,53,38,40,0,131,0,0,0,131
05/29/2023,ALB,NY,AEA,EN,Combined TRACON& Tower with Radar,76,23,25,3,127,0,2,36,0,38,76,25,61,3,165,0,0,0,165
05/30/2023,ALB,NY,AEA,EN,Combined TRACON& Tower with Radar,67,24,24,0,115,0,2,59,10,71,67,26,83,10,186,0,0,0,186
05/31/2023,ALB,NY,AEA,EN,Combined TRACON& Tower with Radar,72,35,21,5,133,0,8,37,7,52,72,43,58,12,185,0,0,0,185
06/01/2023,ALB,NY,AEA,EN,Combined TRACON& Tower with Radar,79,28,13,0,120,0,0,26,10,36,79,28,39,10,156,24,0,24,180
06/02/2023,ALB,NY,AEA,EN,Combined TRACON& Tower with Radar,84,24,21,0,129,0,3,22,2,27,84,27,43,2,156,0,0,0,156
06/03/2023,ALB,NY,AEA,EN,Combined TRACON& Tower with Radar,51,30,21,2,104,0,0,10,0,10,51,30,31,2,114,0,0,0,114
06/04/2023,ALB,NY,AEA,EN,Combined TRACON& Tower with Radar,62,27,19,0,108,0,3,28,2,33,62,30,47,2,141,0,0,0,141
06/05/2023,ALB,NY,AEA,EN,Combined TRACON& Tower with Radar,71,31,17,4,123,0,0,32,6,38,71,31,49,10,161,0,0,0,161
06/06/2023,ALB,NY,AEA,EN,Combined TRACON& Tower with Radar,66,22,17,6,111,0,1,8,0,9,66,23,25,6,120,8,4,12,132
06/07/2023,ALB,NY,AEA,EN,Combined TRACON& Tower with Radar,66,36,27,2,131,0,0,3,0,3,66,36,30,2,134,8,0,8,142
06/08/2023,ALB,NY,AEA,EN,Combined TRACON& Tower with Radar,72,29,26,3,130,0,0,10,1,11,72,29,36,4,141,48,0,48,189
06/09/2023,ALB,NY,AEA,EN,Combined TRACON& Tower with Radar,75,27,25,0,127,0,0,16,2,18,75,27,41,2,145,8,0,8,153
06/10/2023,ALB,NY,AEA,EN,Combined TRACON& Tower with Radar,47,21,22,0,90,0,0,49,6,55,47,21,71,6,145,4,0,4,149
06/11/2023,ALB,NY,AEA,EN,Combined TRACON& Tower with Radar,61,26,20,0,107,0,2,41,3,46,61,28,61,3,153,4,0,4,157
06/12/2023,ALB,NY,AEA,EN,Combined TRACON& Tower with Radar,73,28,20,3,124,0,1,33,5,39,73,29,53,8,163,15,0,15,178
06/13/2023,ALB,NY,AEA,EN,Combined TRACON& Tower with Radar,65,33,35,0,133,0,1,36,2,39,65,34,71,2,172,2,0,2,174
06/14/2023,ALB,NY,AEA,EN,Combined TRACON& Tower with Radar,72,34,17,0,123,0,2,25,4,31,72,36,42,4,154,24,0,24,178
06/15/2023,ALB,NY,AEA,EN,Combined TRACON& Tower with Radar,73,41,31,2,147,0,0,55,18,73,73,41,86,20,220,6,0,6,226
06/16/2023,ALB,NY,AEA,EN,Combined TRACON& Tower with Radar,69,29,17,10,125,0,0,32,14,46,69,29,49,24,171,22,32,54,225
06/17/2023,ALB,NY,AEA,EN,Combined TRACON& Tower with Radar,52,24,27,0,103,0,0,34,7,41,52,24,61,7,144,20,0,20,164
06/18/2023,ALB,NY,AEA,EN,Combined TRACON& Tower with Radar,60,18,26,0,104,0,4,59,21,84,60,22,85,21,188,13,0,13,201
06/19/2023,ALB,NY,AEA,EN,Combined TRACON& Tower with Radar,70,26,21,0,117,0,7,46,0,53,70,33,67,0,170,32,0,32,202
06/20/2023,ALB,NY,AEA,EN,Combined TRACON& Tower with Radar,72,34,31,0,137,0,7,25,0,32,72,41,56,0,169,0,0,0,169
06/21/2023,ALB,NY,AEA,EN,Combined TRACON& Tower with Radar,70,32,22,12,136,0,3,43,18,64,70,35,65,30,200,43,2,45,245
06/22/2023,ALB,NY,AEA,EN,Combined TRACON& Tower with Radar,72,29,41,2,144,0,2,45,2,49,72,31,86,4,193,34,0,34,227
06/23/2023,ALB,NY,AEA,EN,Combined TRACON& Tower with Radar,79,49,14,0,142,0,4,30,4,38,79,53,44,4,180,8,0,8,188
06/24/2023,ALB,NY,AEA,EN,Combined TRACON& Tower with Radar,55,42,21,0,118,0,0,0,0,0,55,42,21,0,118,0,0,0,118
06/25/2023,ALB,NY,AEA,EN,Combined TRACON& Tower with Radar,58,27,29,5,119,0,0,23,1,24,58,27,52,6,143,42,16,58,201
06/26/2023,ALB,NY,AEA,EN,Combined TRACON& Tower with Radar,59,23,14,4,100,0,0,5,2,7,59,23,19,6,107,0,0,0,107
06/27/2023,ALB,NY,AEA,EN,Combined TRACON& Tower with Radar,64,32,30,2,128,0,0,10,0,10,64,32,40,2,138,9,0,9,147
06/28/2023,ALB,NY,AEA,EN,Combined TRACON& Tower with Radar,69,24,25,2,120,0,0,3,3,6,69,24,28,5,126,18,0,18,144
06/29/2023,ALB,NY,AEA,EN,Combined TRACON& Tower with Radar,74,31,31,2,138,0,1,17,1,19,74,32,48,3,157,19,0,19,176
06/30/2023,ALB,NY,AEA,EN,Combined TRACON& Tower with Radar,72,34,34,0,140,0,0,21,0,21,72,34,55,0,161,0,0,0,161
07/01/2023,ALB,NY,AEA,EN,Combined TRACON& Tower with Radar,55,28,28,0,111,0,0,13,0,13,55,28,41,0,124,14,0,14,138
07/02/2023,ALB,NY,AEA,EN,Combined TRACON& Tower with Radar,60,33,24,0,117,0,0,0,0,0,60,33,24,0,117,36,0,36,153
07/03/2023,ALB,NY,AEA,EN,Combined TRACON& Tower with Radar,63,21,33,0,117,0,0,2,0,2,63,21,35,0,119,0,0,0,119
07/04/2023,ALB,NY,AEA,EN,Combined TRACON& Tower with Radar,51,20,17,0,88,0,0,8,0,8,51,20,25,0,96,12,1,13,109
07/05/2023,ALB,NY,AEA,EN,Combined TRACON& Tower with Radar,68,24,18,18,128,0,0,35,2,37,68,24,53,20,165,10,0,10,175
07/06/2023,ALB,NY,AEA,EN,Combined TRACON& Tower with Radar,73,35,19,0,127,0,1,39,4,44,73,36,58,4,171,0,0,0,171
07/07/2023,ALB,NY,AEA,EN,Combined TRACON& Tower with Radar,71,29,5,5,110,0,0,10,1,11,71,29,15,6,121,12,0,12,133
07/08/2023,ALB,NY,AEA,EN,Combined TRACON& Tower with Radar,55,32,29,0,116,0,3,12,0,15,55,35,41,0,131,2,0,2,133
07/09/2023,ALB,NY,AEA,EN,Combined TRACON& Tower with Radar,63,26,14,0,103,0,2,7,1,10,63,28,21,1,113,15,0,15,128
07/10/2023,ALB,NY,AEA,EN,Combined TRACON& Tower with Radar,72,40,15,0,127,0,0,5,0,5,72,40,20,0,132,1,14,15,147
07/11/2023,ALB,NY,AEA,EN,Combined TRACON& Tower with Radar,76,33,33,2,144,0,5,42,7,54,76,38,75,9,198,32,0,32,230
07/12/2023,ALB,NY,AEA,EN,Combined TRACON& Tower with Radar,71,39,20,3,133,0,0,33,7,40,71,39,53,10,173,30,0,30,203
07/13/2023,ALB,NY,AEA,EN,Combined TRACON& Tower with Radar,78,48,22,11,159,0,1,22,7,30,78,49,44,18,189,2,0,2,191
07/14/2023,ALB,NY,AEA,EN,Combined TRACON& Tower with Radar,80,28,25,2,135,0,0,23,1,24,80,28,48,3,159,16,0,16,175
07/15/2023,ALB,NY,AEA,EN,Combined TRACON& Tower with Radar,65,24,37,0,126,0,2,41,0,43,65,26,78,0,169,0,0,0,169
07/16/2023,ALB,NY,AEA,EN,Combined TRACON& Tower with Radar,59,33,14,2,108,0,0,1,0,1,59,33,15,2,109,0,0,0,109
07/17/2023,ALB,NY,AEA,EN,Combined TRACON& Tower with Radar,79,32,21,10,142,0,2,24,4,30,79,34,45,14,172,9,0,9,181
07/18/2023,ALB,NY,AEA,EN,Combined TRACON& Tower with Radar,79,36,15,3,133,0,1,19,1,21,79,37,34,4,154,10,0,10,164
07/19/2023,ALB,NY,AEA,EN,Combined TRACON& Tower with Radar,77,33,31,4,145,0,6,58,10,74,77,39,89,14,219,36,0,36,255
07/20/2023,ALB,NY,AEA,EN,Combined TRACON& Tower with Radar,82,24,28,2,136,0,4,48,4,56,82,28,76,6,192,30,0,30,222
07/21/2023,ALB,NY,AEA,EN,Combined TRACON& Tower with Radar,86,35,27,2,150,0,0,6,0,6,86,35,33,2,156,5,0,5,161
07/22/2023,ALB,NY,AEA,EN,Combined TRACON& Tower with Radar,72,34,28,0,134,0,3,29,0,32,72,37,57,0,166,19,0,19,185
07/23/2023,ALB,NY,AEA,EN,Combined TRACON& Tower with Radar,70,31,19,6,126,0,1,37,0,38,70,32,56,6,164,4,0,4,168
07/24/2023,ALB,NY,AEA,EN,Combined TRACON& Tower with Radar,76,36,16,4,132,0,1,18,12,31,76,37,34,16,163,18,0,18,181
07/25/2023,ALB,NY,AEA,EN,Combined TRACON& Tower with Radar,80,29,20,5,134,0,2,35,5,42,80,31,55,10,176,11,1,12,188
07/26/2023,ALB,NY,AEA,EN,Combined TRACON& Tower with Radar,71,38,37,1,147,0,10,48,7,65,71,48,85,8,212,30,1,31,243
07/27/2023,ALB,NY,AEA,EN,Combined TRACON& Tower with Radar,78,35,22,0,135,0,0,10,0,10,78,35,32,0,145,16,0,16,161
07/28/2023,ALB,NY,AEA,EN,Combined TRACON& Tower with Radar,78,29,27,3,137,0,3,55,4,62,78,32,82,7,199,23,0,23,222
07/29/2023,ALB,NY,AEA,EN,Combined TRACON& Tower with Radar,62,25,22,0,109,0,0,19,0,19,62,25,41,0,128,30,0,30,158
07/30/2023,ALB,NY,AEA,EN,Combined TRACON& Tower with Radar,70,26,29,0,125,0,2,51,4,57,70,28,80,4,182,38,0,38,220
07/31/2023,ALB,NY,AEA,EN,Combined TRACON& Tower with Radar,75,31,12,0,118,0,1,27,0,28,75,32,39,0,146,41,0,41,187
08/01/2023,ALB,NY,AEA,EN,Combined TRACON& Tower with Radar,74,36,20,3,133,0,1,31,7,39,74,37,51,10,172,29,1,30,202
08/02/2023,ALB,NY,AEA,EN,Combined TRACON& Tower with Radar,76,34,22,2,134,0,2,53,12,67,76,36,75,14,201,0,0,0,201
08/03/2023,ALB,NY,AEA,EN,Combined TRACON& Tower with Radar,77,30,20,4,131,0,0,33,2,35,77,30,53,6,166,20,0,20,186
08/04/2023,ALB,NY,AEA,EN,Combined TRACON& Tower with Radar,81,40,25,0,146,0,0,3,0,3,81,40,28,0,149,4,0,4,153
08/05/2023,ALB,NY,AEA,EN,Combined TRACON& Tower with Radar,72,29,39,0,140,0,4,29,1,34,72,33,68,1,174,44,0,44,218
08/06/2023,ALB,NY,AEA,EN,Combined TRACON& Tower with Radar,68,37,23,0,128,0,3,55,0,58,68,40,78,0,186,30,0,30,216
08/07/2023,ALB,NY,AEA,EN,Combined TRACON& Tower with Radar,67,30,22,2,121,0,4,2,0,6,67,34,24,2,127,9,0,9,136
08/08/2023,ALB,NY,AEA,EN,Combined TRACON& Tower with Radar,80,31,27,6,144,0,0,3,1,4,80,31,30,7,148,8,0,8,156
08/09/2023,ALB,NY,AEA,EN,Combined TRACON& Tower with Radar,77,32,26,5,140,0,3,40,13,56,77,35,66,18,196,34,2,36,232
08/10/2023,ALB,NY,AEA,EN,Combined TRACON& Tower with Radar,81,26,19,2,128,0,3,11,6,20,81,29,30,8,148,28,1,29,177
08/11/2023,ALB,NY,AEA,EN,Combined TRACON& Tower with Radar,82,24,21,0,127,0,1,50,2,53,82,25,71,2,180,16,0,16,196
08/12/2023,ALB,NY,AEA,EN,Combined TRACON& Tower with Radar,64,25,31,0,120,0,3,41,1,45,64,28,72,1,165,34,0,34,199
08/13/2023,ALB,NY,AEA,EN,Combined TRACON& Tower with Radar,65,34,25,4,128,0,2,29,0,31,65,36,54,4,159,20,0,20,179
08/14/2023,ALB,NY,AEA,EN,Combined TRACON& Tower with Radar,80,28,22,0,130,0,1,46,0,47,80,29,68,0,177,10,0,10,187
08/15/2023,ALB,NY,AEA,EN,Combined TRACON& Tower with Radar,73,32,30,0,135,0,0,1,0,1,73,32,31,0,136,0,0,0,136
08/16/2023,ALB,NY,AEA,EN,Combined TRACON& Tower with Radar,76,41,23,0,140,0,0,17,12,29,76,41,40,12,169,46,1,47,216
08/17/2023,ALB,NY,AEA,EN,Combined TRACON& Tower with Radar,79,44,30,3,156,0,1,14,13,28,79,45,44,16,184,34,0,34,218
08/18/2023,ALB,NY,AEA,EN,Combined TRACON& Tower with Radar,82,31,19,2,134,0,2,22,1,25,82,33,41,3,159,12,0,12,171
08/19/2023,ALB,NY,AEA,EN,Combined TRACON& Tower with Radar,63,29,34,3,129,0,1,33,3,37,63,30,67,6,166,8,1,9,175
08/20/2023,ALB,NY,AEA,EN,Combined TRACON& Tower with Radar,73,33,22,1,129,0,3,34,5,42,73,36,56,6,171,4,0,4,175
08/21/2023,ALB,NY,AEA,EN,Combined TRACON& Tower with Radar,75,30,19,0,124,0,2,33,0,35,75,32,52,0,159,13,0,13,172
08/22/2023,ALB,NY,AEA,EN,Combined TRACON& Tower with Radar,75,24,24,9,132,0,1,52,3,56,75,25,76,12,188,42,8,50,238
08/23/2023,ALB,NY,AEA,EN,Combined TRACON& Tower with Radar,74,28,17,3,122,0,0,69,9,78,74,28,86,12,200,0,0,0,200
08/24/2023,ALB,NY,AEA,EN,Combined TRACON& Tower with Radar,72,46,37,9,164,0,0,8,2,10,72,46,45,11,174,0,0,0,174
08/25/2023,ALB,NY,AEA,EN,Combined TRACON& Tower with Radar,80,37,24,0,141,0,0,5,0,5,80,37,29,0,146,0,0,0,146
08/26/2023,ALB,NY,AEA,EN,Combined TRACON& Tower with Radar,63,30,28,0,121,0,0,13,0,13,63,30,41,0,134,0,0,0,134
08/27/2023,ALB,NY,AEA,EN,Combined TRACON& Tower with Radar,68,37,33,0,138,0,1,22,2,25,68,38,55,2,163,0,0,0,163
08/28/2023,ALB,NY,AEA,EN,Combined TRACON& Tower with Radar,80,32,32,5,149,0,0,15,8,23,80,32,47,13,172,0,0,0,172
08/29/2023,ALB,NY,AEA,EN,Combined TRACON& Tower with Radar,74,33,17,11,135,0,0,24,6,30,74,33,41,17,165,0,0,0,165
08/30/2023,ALB,NY,AEA,EN,Combined TRACON& Tower with Radar,73,33,25,2,133,0,0,12,13,25,73,33,37,15,158,0,0,0,158
08/31/2023,ALB,NY,AEA,EN,Combined TRACON& Tower with Radar,72,35,28,0,135,0,5,66,2,73,72,40,94,2,208,0,0,0,208
