01/01/2020,ALW,WA,ANM,WE,Federal Contract Tower,2,0,0,0,2,0,0,5,0,5,2,0,5,0,7,62,0,62,69
01/02/2020,ALW,WA,ANM,WE,Federal Contract Tower,2,2,5,0,9,0,0,18,0,18,2,2,23,0,27,56,0,56,83
01/03/2020,ALW,WA,ANM,WE,Federal Contract Tower,2,2,2,0,6,0,0,18,1,19,2,2,20,1,25,16,0,16,41
01/04/2020,ALW,WA,ANM,WE,Federal Contract Tower,2,0,2,0,4,0,0,7,0,7,2,0,9,0,11,10,0,10,21
01/05/2020,ALW,WA,ANM,WE,Federal Contract Tower,2,0,1,0,3,0,0,6,0,6,2,0,7,0,9,2,0,2,11
01/06/2020,ALW,WA,ANM,WE,Federal Contract Tower,2,1,0,0,3,0,2,16,0,18,2,3,16,0,21,84,0,84,105
01/07/2020,ALW,WA,ANM,WE,Federal Contract Tower,2,2,12,0,16,0,0,57,0,57,2,2,69,0,73,118,0,118,191
01/08/2020,ALW,WA,ANM,WE,Federal Contract Tower,2,2,3,0,7,0,2,9,0,11,2,4,12,0,18,6,0,6,24
01/09/2020,ALW,WA,ANM,WE,Federal Contract Tower,2,2,8,0,12,0,0,41,0,41,2,2,49,0,53,98,0,98,151
01/10/2020,ALW,WA,ANM,WE,Federal Contract Tower,2,3,8,0,13,0,0,15,0,15,2,3,23,0,28,36,0,36,64
01/11/2020,ALW,WA,ANM,WE,Federal Contract Tower,2,0,3,0,5,0,0,0,0,0,2,0,3,0,5,0,0,0,5
01/12/2020,ALW,WA,ANM,WE,Federal Contract Tower,2,2,1,0,5,0,0,1,0,1,2,2,2,0,6,0,0,0,6
01/13/2020,ALW,WA,ANM,WE,Federal Contract Tower,2,0,1,0,3,0,0,7,0,7,2,0,8,0,10,60,0,60,70
01/14/2020,ALW,WA,ANM,WE,Federal Contract Tower,2,0,2,0,4,0,0,9,0,9,2,0,11,0,13,42,0,42,55
01/15/2020,ALW,WA,ANM,WE,Federal Contract Tower,2,1,9,0,12,0,1,21,0,22,2,2,30,0,34,58,0,58,92
01/16/2020,ALW,WA,ANM,WE,Federal Contract Tower,2,1,8,0,11,0,1,29,0,30,2,2,37,0,41,38,0,38,79
01/17/2020,ALW,WA,ANM,WE,Federal Contract Tower,2,1,12,0,15,0,2,50,0,52,2,3,62,0,67,254,0,254,321
01/18/2020,ALW,WA,ANM,WE,Federal Contract Tower,2,0,0,0,2,0,0,4,0,4,2,0,4,0,6,0,0,0,6
01/19/2020,ALW,WA,ANM,WE,Federal Contract Tower,0,0,0,0,0,0,0,0,0,0,0,0,0,0,0,0,0,0,0
01/20/2020,ALW,WA,ANM,WE,Federal Contract Tower,2,3,6,0,11,0,1,23,0,24,2,4,29,0,35,80,0,80,115
01/21/2020,ALW,WA,ANM,WE,Federal Contract Tower,2,2,5,0,9,0,1,17,0,18,2,3,22,0,27,68,0,68,95
01/22/2020,ALW,WA,ANM,WE,Federal Contract Tower,2,3,6,0,11,0,0,31,0,31,2,3,37,0,42,130,0,130,172
01/23/2020,ALW,WA,ANM,WE,Federal Contract Tower,2,2,12,0,16,0,4,41,0,45,2,6,53,0,61,116,0,116,177
01/24/2020,ALW,WA,ANM,WE,Federal Contract Tower,2,1,11,0,14,0,2,56,0,58,2,3,67,0,72,168,0,168,240
01/25/2020,ALW,WA,ANM,WE,Federal Contract Tower,2,1,4,0,7,0,0,15,0,15,2,1,19,0,22,30,0,30,52
01/26/2020,ALW,WA,ANM,WE,Federal Contract Tower,2,0,5,0,7,0,0,24,0,24,2,0,29,0,31,50,0,50,81
01/27/2020,ALW,WA,ANM,WE,Federal Contract Tower,2,2,13,0,17,0,2,50,4,56,2,4,63,4,73,200,2,202,275
01/28/2020,ALW,WA,ANM,WE,Federal Contract Tower,2,5,7,0,14,0,2,26,0,28,2,7,33,0,42,98,0,98,140
01/29/2020,ALW,WA,ANM,WE,Federal Contract Tower,2,2,11,0,15,0,0,31,0,31,2,2,42,0,46,110,0,110,156
01/30/2020,ALW,WA,ANM,WE,Federal Contract Tower,2,3,24,0,29,0,23,0,0,23,2,26,24,0,52,30,0,30,82
01/31/2020,ALW,WA,ANM,WE,Federal Contract Tower,2,2,12,0,16,0,0,48,0,48,2,2,60,0,64,74,0,74,138
02/01/2020,ALW,WA,ANM,WE,Federal Contract Tower,2,0,0,0,2,0,0,4,0,4,2,0,4,0,6,0,0,0,6
02/02/2020,ALW,WA,ANM,WE,Federal Contract Tower,2,0,13,0,15,0,0,66,0,66,2,0,79,0,81,62,0,62,143
02/03/2020,ALW,WA,ANM,WE,Federal Contract Tower,2,2,2,0,6,0,0,51,0,51,2,2,53,0,57,112,0,112,169
02/04/2020,ALW,WA,ANM,WE,Federal Contract Tower,2,2,6,2,12,0,0,21,0,21,2,2,27,2,33,84,0,84,117
02/05/2020,ALW,WA,ANM,WE,Federal Contract Tower,2,2,4,0,8,0,0,19,0,19,2,2,23,0,27,46,0,46,73
02/06/2020,ALW,WA,ANM,WE,Federal Contract Tower,3,3,14,0,20,0,0,11,0,11,3,3,25,0,31,52,0,52,83
02/07/2020,ALW,WA,ANM,WE,Federal Contract Tower,10,2,9,0,21,0,0,64,3,67,10,2,73,3,88,172,0,172,260
02/08/2020,ALW,WA,ANM,WE,Federal Contract Tower,2,1,2,0,5,0,0,3,6,9,2,1,5,6,14,8,0,8,22
02/09/2020,ALW,WA,ANM,WE,Federal Contract Tower,2,0,17,0,19,0,10,63,3,76,2,10,80,3,95,104,0,104,199
02/10/2020,ALW,WA,ANM,WE,Federal Contract Tower,9,0,9,0,18,0,4,80,0,84,9,4,89,0,102,124,0,124,226
02/11/2020,ALW,WA,ANM,WE,Federal Contract Tower,2,1,3,0,6,0,1,32,0,33,2,2,35,0,39,40,0,40,79
02/12/2020,ALW,WA,ANM,WE,Federal Contract Tower,10,0,6,0,16,0,2,44,0,46,10,2,50,0,62,142,0,142,204
02/13/2020,ALW,WA,ANM,WE,Federal Contract Tower,2,2,18,0,22,0,5,46,0,51,2,7,64,0,73,184,0,184,257
02/14/2020,ALW,WA,ANM,WE,Federal Contract Tower,2,1,14,0,17,0,2,20,0,22,2,3,34,0,39,26,0,26,65
02/15/2020,ALW,WA,ANM,WE,Federal Contract Tower,2,2,3,0,7,0,0,11,0,11,2,2,14,0,18,8,0,8,26
02/16/2020,ALW,WA,ANM,WE,Federal Contract Tower,2,1,2,0,5,0,0,12,0,12,2,1,14,0,17,0,0,0,17
02/17/2020,ALW,WA,ANM,WE,Federal Contract Tower,2,0,9,0,11,0,0,36,0,36,2,0,45,0,47,20,0,20,67
02/18/2020,ALW,WA,ANM,WE,Federal Contract Tower,2,4,6,0,12,0,4,74,0,78,2,8,80,0,90,80,0,80,170
02/19/2020,ALW,WA,ANM,WE,Federal Contract Tower,4,2,3,0,9,0,0,54,0,54,4,2,57,0,63,150,0,150,213
02/20/2020,ALW,WA,ANM,WE,Federal Contract Tower,2,2,18,0,22,0,0,71,0,71,2,2,89,0,93,56,0,56,149
02/21/2020,ALW,WA,ANM,WE,Federal Contract Tower,2,2,14,0,18,0,2,63,2,67,2,4,77,2,85,126,2,128,213
02/22/2020,ALW,WA,ANM,WE,Federal Contract Tower,2,0,3,0,5,0,0,36,0,36,2,0,39,0,41,2,0,2,43
02/23/2020,ALW,WA,ANM,WE,Federal Contract Tower,2,4,1,0,7,0,2,13,0,15,2,6,14,0,22,0,0,0,22
02/24/2020,ALW,WA,ANM,WE,Federal Contract Tower,2,0,8,0,10,0,0,30,2,32,2,0,38,2,42,40,0,40,82
02/25/2020,ALW,WA,ANM,WE,Federal Contract Tower,2,2,9,1,14,0,1,60,0,61,2,3,69,1,75,120,0,120,195
02/26/2020,ALW,WA,ANM,WE,Federal Contract Tower,2,2,9,0,13,0,0,45,0,45,2,2,54,0,58,122,0,122,180
02/27/2020,ALW,WA,ANM,WE,Federal Contract Tower,2,4,7,0,13,0,0,44,0,44,2,4,51,0,57,98,0,98,155
02/28/2020,ALW,WA,ANM,WE,Federal Contract Tower,2,1,3,0,6,0,3,63,0,66,2,4,66,0,72,104,0,104,176
02/29/2020,ALW,WA,ANM,WE,Federal Contract Tower,2,2,3,0,7,0,0,9,0,9,2,2,12,0,16,4,0,4,20
03/01/2020,ALW,WA,ANM,WE,Federal Contract Tower,2,1,4,0,7,0,0,49,0,49,2,1,53,0,56,22,0,22,78
03/02/2020,ALW,WA,ANM,WE,Federal Contract Tower,3,0,3,0,6,0,2,18,0,20,3,2,21,0,26,30,0,30,56
03/03/2020,ALW,WA,ANM,WE,Federal Contract Tower,2,2,4,0,8,0,2,54,0,56,2,4,58,0,64,50,0,50,114
03/04/2020,ALW,WA,ANM,WE,Federal Contract Tower,2,0,4,0,6,0,2,87,0,89,2,2,91,0,95,144,0,144,239
03/05/2020,ALW,WA,ANM,WE,Federal Contract Tower,2,1,10,0,13,0,1,85,0,86,2,2,95,0,99,128,0,128,227
03/06/2020,ALW,WA,ANM,WE,Federal Contract Tower,2,3,2,0,7,0,1,24,0,25,2,4,26,0,32,78,0,78,110
03/07/2020,ALW,WA,ANM,WE,Federal Contract Tower,2,3,3,0,8,0,0,6,0,6,2,3,9,0,14,12,0,12,26
03/08/2020,ALW,WA,ANM,WE,Federal Contract Tower,2,2,5,0,9,0,0,46,0,46,2,2,51,0,55,62,0,62,117
03/09/2020,ALW,WA,ANM,WE,Federal Contract Tower,2,0,3,0,5,0,1,25,0,26,2,1,28,0,31,85,0,85,116
03/10/2020,ALW,WA,ANM,WE,Federal Contract Tower,2,2,15,0,19,0,4,45,0,49,2,6,60,0,68,64,0,64,132
03/11/2020,ALW,WA,ANM,WE,Federal Contract Tower,2,0,0,0,2,0,4,22,0,26,2,4,22,0,28,68,0,68,96
03/12/2020,ALW,WA,ANM,WE,Federal Contract Tower,2,2,7,0,11,0,2,43,0,45,2,4,50,0,56,116,0,116,172
03/13/2020,ALW,WA,ANM,WE,Federal Contract Tower,2,2,14,0,18,0,0,35,0,35,2,2,49,0,53,116,0,116,169
03/14/2020,ALW,WA,ANM,WE,Federal Contract Tower,2,0,1,0,3,0,0,5,0,5,2,0,6,0,8,28,0,28,36
03/15/2020,ALW,WA,ANM,WE,Federal Contract Tower,2,0,0,0,2,0,0,5,0,5,2,0,5,0,7,40,0,40,47
03/16/2020,ALW,WA,ANM,WE,Federal Contract Tower,2,4,0,0,6,0,3,8,0,11,2,7,8,0,17,14,0,14,31
03/17/2020,ALW,WA,ANM,WE,Federal Contract Tower,2,0,0,0,2,0,2,20,0,22,2,2,20,0,24,62,0,62,86
03/18/2020,ALW,WA,ANM,WE,Federal Contract Tower,2,1,4,0,7,0,2,14,0,16,2,3,18,0,23,24,0,24,47
03/19/2020,ALW,WA,ANM,WE,Federal Contract Tower,2,3,1,0,6,0,0,19,0,19,2,3,20,0,25,14,0,14,39
03/20/2020,ALW,WA,ANM,WE,Federal Contract Tower,3,4,2,0,9,0,0,26,0,26,3,4,28,0,35,38,0,38,73
03/21/2020,ALW,WA,ANM,WE,Federal Contract Tower,2,0,3,0,5,0,0,23,0,23,2,0,26,0,28,40,0,40,68
03/22/2020,ALW,WA,ANM,WE,Federal Contract Tower,2,2,1,0,5,0,0,35,0,35,2,2,36,0,40,34,0,34,74
03/23/2020,ALW,WA,ANM,WE,Federal Contract Tower,2,1,0,0,3,0,1,4,0,5,2,2,4,0,8,2,0,2,10
03/24/2020,ALW,WA,ANM,WE,Federal Contract Tower,2,2,0,0,4,0,1,3,0,4,2,3,3,0,8,4,0,4,12
03/25/2020,ALW,WA,ANM,WE,Federal Contract Tower,2,3,4,0,9,0,0,8,0,8,2,3,12,0,17,42,0,42,59
03/26/2020,ALW,WA,ANM,WE,Federal Contract Tower,2,3,0,0,5,0,0,12,0,12,2,3,12,0,17,22,0,22,39
03/27/2020,ALW,WA,ANM,WE,Federal Contract Tower,0,2,0,0,2,0,2,0,0,2,0,4,0,0,4,0,0,0,4
03/28/2020,ALW,WA,ANM,WE,Federal Contract Tower,0,0,0,0,0,0,4,2,0,6,0,4,2,0,6,2,0,2,8
03/29/2020,ALW,WA,ANM,WE,Federal Contract Tower,0,0,8,0,8,0,0,7,0,7,0,0,15,0,15,12,0,12,27
03/30/2020,ALW,WA,ANM,WE,Federal Contract Tower,0,2,1,0,3,0,0,0,0,0,0,2,1,0,3,0,0,0,3
03/31/2020,ALW,WA,ANM,WE,Federal Contract Tower,0,1,1,0,2,0,2,0,0,2,0,3,1,0,4,0,0,0,4
04/01/2020,ALW,WA,ANM,WE,Federal Contract Tower,1,0,0,0,1,0,2,3,0,5,1,2,3,0,6,0,0,0,6
04/02/2020,ALW,WA,ANM,WE,Federal Contract Tower,0,2,0,0,2,0,4,22,0,26,0,6,22,0,28,44,0,44,72
04/03/2020,ALW,WA,ANM,WE,Federal Contract Tower,1,3,8,0,12,0,3,7,0,10,1,6,15,0,22,0,0,0,22
04/04/2020,ALW,WA,ANM,WE,Federal Contract Tower,2,2,11,0,15,0,20,0,0,20,2,22,11,0,35,14,0,14,49
04/05/2020,ALW,WA,ANM,WE,Federal Contract Tower,2,0,0,0,2,0,0,16,0,16,2,0,16,0,18,24,0,24,42
04/06/2020,ALW,WA,ANM,WE,Federal Contract Tower,2,1,0,0,3,0,1,9,0,10,2,2,9,0,13,7,0,7,20
04/07/2020,ALW,WA,ANM,WE,Federal Contract Tower,2,0,8,0,10,0,1,8,0,9,2,1,16,0,19,2,0,2,21
04/08/2020,ALW,WA,ANM,WE,Federal Contract Tower,0,0,0,0,0,0,4,20,4,28,0,4,20,4,28,36,0,36,64
04/09/2020,ALW,WA,ANM,WE,Federal Contract Tower,2,0,2,0,4,0,6,19,0,25,2,6,21,0,29,0,0,0,29
04/10/2020,ALW,WA,ANM,WE,Federal Contract Tower,1,4,7,0,12,0,2,22,0,24,1,6,29,0,36,46,0,46,82
04/11/2020,ALW,WA,ANM,WE,Federal Contract Tower,1,1,2,1,5,0,0,9,0,9,1,1,11,1,14,8,0,8,22
04/12/2020,ALW,WA,ANM,WE,Federal Contract Tower,0,0,4,0,4,0,4,24,0,28,0,4,28,0,32,16,0,16,48
04/13/2020,ALW,WA,ANM,WE,Federal Contract Tower,2,2,6,0,10,0,8,6,0,14,2,10,12,0,24,8,0,8,32
04/14/2020,ALW,WA,ANM,WE,Federal Contract Tower,2,2,0,0,4,0,0,6,0,6,2,2,6,0,10,0,0,0,10
04/15/2020,ALW,WA,ANM,WE,Federal Contract Tower,2,2,1,0,5,0,0,14,0,14,2,2,15,0,19,8,0,8,27
04/16/2020,ALW,WA,ANM,WE,Federal Contract Tower,2,2,3,0,7,0,2,18,0,20,2,4,21,0,27,16,0,16,43
04/17/2020,ALW,WA,ANM,WE,Federal Contract Tower,2,2,6,0,10,0,1,33,0,34,2,3,39,0,44,16,0,16,60
04/19/2020,ALW,WA,ANM,WE,Federal Contract Tower,1,0,5,0,6,0,0,25,0,25,1,0,30,0,31,22,0,22,53
04/20/2020,ALW,WA,ANM,WE,Federal Contract Tower,2,2,8,0,12,0,0,36,0,36,2,2,44,0,48,46,0,46,94
04/21/2020,ALW,WA,ANM,WE,Federal Contract Tower,2,2,2,2,8,0,2,14,0,16,2,4,16,2,24,0,0,0,24
04/22/2020,ALW,WA,ANM,WE,Federal Contract Tower,1,1,5,0,7,0,0,11,0,11,1,1,16,0,18,18,0,18,36
04/23/2020,ALW,WA,ANM,WE,Federal Contract Tower,2,3,8,0,13,0,4,9,0,13,2,7,17,0,26,26,0,26,52
04/24/2020,ALW,WA,ANM,WE,Federal Contract Tower,1,2,0,0,3,0,4,19,0,23,1,6,19,0,26,38,0,38,64
04/25/2020,ALW,WA,ANM,WE,Federal Contract Tower,1,0,0,0,1,0,2,9,0,11,1,2,9,0,12,0,0,0,12
04/26/2020,ALW,WA,ANM,WE,Federal Contract Tower,1,0,0,0,1,0,2,24,0,26,1,2,24,0,27,6,0,6,33
04/27/2020,ALW,WA,ANM,WE,Federal Contract Tower,1,0,0,0,1,0,2,6,0,8,1,2,6,0,9,12,0,12,21
04/28/2020,ALW,WA,ANM,WE,Federal Contract Tower,0,1,0,0,1,0,6,15,0,21,0,7,15,0,22,16,0,16,38
04/29/2020,ALW,WA,ANM,WE,Federal Contract Tower,0,0,0,0,0,0,12,14,0,26,0,12,14,0,26,42,0,42,68
04/30/2020,ALW,WA,ANM,WE,Federal Contract Tower,1,2,1,0,4,0,0,1,0,1,1,2,2,0,5,16,0,16,21
05/01/2020,ALW,WA,ANM,WE,Federal Contract Tower,1,1,1,0,3,0,0,28,0,28,1,1,29,0,31,42,0,42,73
05/02/2020,ALW,WA,ANM,WE,Federal Contract Tower,0,0,2,0,2,0,0,14,0,14,0,0,16,0,16,24,0,24,40
05/03/2020,ALW,WA,ANM,WE,Federal Contract Tower,3,0,0,0,3,0,0,19,0,19,3,0,19,0,22,36,0,36,58
05/04/2020,ALW,WA,ANM,WE,Federal Contract Tower,3,0,1,0,4,0,0,13,0,13,3,0,14,0,17,48,0,48,65
05/05/2020,ALW,WA,ANM,WE,Federal Contract Tower,4,4,2,0,10,0,2,26,0,28,4,6,28,0,38,52,0,52,90
05/06/2020,ALW,WA,ANM,WE,Federal Contract Tower,4,2,0,0,6,0,2,0,2,4,4,4,0,2,10,0,0,0,10
05/07/2020,ALW,WA,ANM,WE,Federal Contract Tower,2,2,3,0,7,0,0,26,0,26,2,2,29,0,33,52,0,52,85
05/08/2020,ALW,WA,ANM,WE,Federal Contract Tower,3,2,1,0,6,0,0,39,2,41,3,2,40,2,47,16,0,16,63
05/10/2020,ALW,WA,ANM,WE,Federal Contract Tower,2,0,8,0,10,0,2,39,0,41,2,2,47,0,51,46,0,46,97
05/13/2020,ALW,WA,ANM,WE,Federal Contract Tower,3,2,14,0,19,0,1,10,0,11,3,3,24,0,30,14,0,14,44
05/14/2020,ALW,WA,ANM,WE,Federal Contract Tower,3,2,8,0,13,0,0,24,0,24,3,2,32,0,37,30,0,30,67
05/15/2020,ALW,WA,ANM,WE,Federal Contract Tower,4,2,0,0,6,0,0,20,0,20,4,2,20,0,26,4,0,4,30
05/16/2020,ALW,WA,ANM,WE,Federal Contract Tower,3,0,0,0,3,0,0,31,0,31,3,0,31,0,34,12,0,12,46
05/19/2020,ALW,WA,ANM,WE,Federal Contract Tower,3,2,14,0,19,0,0,54,0,54,3,2,68,0,73,102,0,102,175
05/20/2020,ALW,WA,ANM,WE,Federal Contract Tower,4,2,4,0,10,0,0,0,0,0,4,2,4,0,10,0,0,0,10
05/21/2020,ALW,WA,ANM,WE,Federal Contract Tower,3,2,1,0,6,0,0,3,0,3,3,2,4,0,9,6,0,6,15
05/22/2020,ALW,WA,ANM,WE,Federal Contract Tower,4,2,9,0,15,0,0,20,0,20,4,2,29,0,35,44,0,44,79
05/23/2020,ALW,WA,ANM,WE,Federal Contract Tower,3,0,5,0,8,0,0,21,0,21,3,0,26,0,29,10,0,10,39
05/24/2020,ALW,WA,ANM,WE,Federal Contract Tower,0,3,0,0,3,0,0,63,0,63,0,3,63,0,66,52,0,52,118
05/25/2020,ALW,WA,ANM,WE,Federal Contract Tower,4,0,0,0,4,0,1,27,0,28,4,1,27,0,32,84,0,84,116
05/26/2020,ALW,WA,ANM,WE,Federal Contract Tower,3,4,4,0,11,0,0,42,0,42,3,4,46,0,53,20,0,20,73
05/27/2020,ALW,WA,ANM,WE,Federal Contract Tower,3,2,2,0,7,0,1,30,2,33,3,3,32,2,40,36,0,36,76
05/28/2020,ALW,WA,ANM,WE,Federal Contract Tower,3,4,0,0,7,0,1,40,0,41,3,5,40,0,48,24,0,24,72
05/29/2020,ALW,WA,ANM,WE,Federal Contract Tower,4,2,1,0,7,0,2,57,0,59,4,4,58,0,66,44,0,44,110
05/30/2020,ALW,WA,ANM,WE,Federal Contract Tower,3,1,1,0,5,0,2,9,0,11,3,3,10,0,16,30,0,30,46
05/31/2020,ALW,WA,ANM,WE,Federal Contract Tower,1,0,4,0,5,0,10,20,0,30,1,10,24,0,35,56,0,56,91
06/01/2020,ALW,WA,ANM,WE,Federal Contract Tower,2,2,3,0,7,0,0,30,0,30,2,2,33,0,37,38,0,38,75
06/02/2020,ALW,WA,ANM,WE,Federal Contract Tower,3,4,2,0,9,0,1,41,0,42,3,5,43,0,51,14,0,14,65
06/03/2020,ALW,WA,ANM,WE,Federal Contract Tower,3,3,0,0,6,0,0,49,0,49,3,3,49,0,55,62,0,62,117
06/04/2020,ALW,WA,ANM,WE,Federal Contract Tower,3,2,4,0,9,0,0,15,0,15,3,2,19,0,24,28,0,28,52
06/05/2020,ALW,WA,ANM,WE,Federal Contract Tower,3,2,2,0,7,0,0,48,0,48,3,2,50,0,55,32,0,32,87
06/06/2020,ALW,WA,ANM,WE,Federal Contract Tower,3,2,1,0,6,0,0,16,0,16,3,2,17,0,22,18,0,18,40
06/07/2020,ALW,WA,ANM,WE,Federal Contract Tower,3,0,3,0,6,0,0,22,0,22,3,0,25,0,28,10,0,10,38
06/08/2020,ALW,WA,ANM,WE,Federal Contract Tower,2,3,0,0,5,0,0,20,0,20,2,3,20,0,25,30,0,30,55
06/09/2020,ALW,WA,ANM,WE,Federal Contract Tower,1,3,4,0,8,0,2,23,0,25,1,5,27,0,33,22,0,22,55
06/10/2020,ALW,WA,ANM,WE,Federal Contract Tower,2,2,6,0,10,0,0,39,0,39,2,2,45,0,49,38,0,38,87
06/11/2020,ALW,WA,ANM,WE,Federal Contract Tower,3,5,4,0,12,0,0,25,0,25,3,5,29,0,37,58,0,58,95
06/12/2020,ALW,WA,ANM,WE,Federal Contract Tower,2,2,5,0,9,0,0,63,0,63,2,2,68,0,72,186,0,186,258
06/13/2020,ALW,WA,ANM,WE,Federal Contract Tower,2,0,3,0,5,0,0,4,0,4,2,0,7,0,9,24,0,24,33
06/14/2020,ALW,WA,ANM,WE,Federal Contract Tower,3,2,2,0,7,0,0,15,0,15,3,2,17,0,22,8,0,8,30
06/15/2020,ALW,WA,ANM,WE,Federal Contract Tower,3,1,17,0,21,0,0,10,0,10,3,1,27,0,31,36,0,36,67
06/16/2020,ALW,WA,ANM,WE,Federal Contract Tower,2,1,4,0,7,0,0,28,0,28,2,1,32,0,35,50,0,50,85
06/17/2020,ALW,WA,ANM,WE,Federal Contract Tower,2,3,6,0,11,0,1,31,0,32,2,4,37,0,43,32,0,32,75
06/18/2020,ALW,WA,ANM,WE,Federal Contract Tower,2,1,9,0,12,0,0,53,0,53,2,1,62,0,65,60,0,60,125
06/19/2020,ALW,WA,ANM,WE,Federal Contract Tower,2,8,6,0,16,0,3,40,0,43,2,11,46,0,59,48,0,48,107
06/21/2020,ALW,WA,ANM,WE,Federal Contract Tower,1,3,3,0,7,0,0,36,0,36,1,3,39,0,43,36,0,36,79
06/22/2020,ALW,WA,ANM,WE,Federal Contract Tower,2,9,13,0,24,0,0,74,0,74,2,9,87,0,98,76,0,76,174
06/23/2020,ALW,WA,ANM,WE,Federal Contract Tower,2,2,5,0,9,0,0,62,0,62,2,2,67,0,71,140,0,140,211
06/24/2020,ALW,WA,ANM,WE,Federal Contract Tower,2,2,7,0,11,0,3,24,0,27,2,5,31,0,38,82,0,82,120
06/25/2020,ALW,WA,ANM,WE,Federal Contract Tower,2,3,5,0,10,0,1,48,0,49,2,4,53,0,59,90,0,90,149
06/26/2020,ALW,WA,ANM,WE,Federal Contract Tower,1,2,7,0,10,0,0,57,0,57,1,2,64,0,67,15,0,15,82
06/27/2020,ALW,WA,ANM,WE,Federal Contract Tower,1,0,3,0,4,0,2,21,0,23,1,2,24,0,27,70,0,70,97
06/28/2020,ALW,WA,ANM,WE,Federal Contract Tower,2,3,2,0,7,0,0,10,0,10,2,3,12,0,17,0,0,0,17
06/29/2020,ALW,WA,ANM,WE,Federal Contract Tower,2,3,8,0,13,0,3,55,0,58,2,6,63,0,71,92,0,92,163
06/30/2020,ALW,WA,ANM,WE,Federal Contract Tower,2,4,7,0,13,0,5,13,2,20,2,9,20,2,33,6,0,6,39
07/01/2020,ALW,WA,ANM,WE,Federal Contract Tower,2,4,9,0,15,0,4,15,0,19,2,8,24,0,34,24,0,24,58
07/02/2020,ALW,WA,ANM,WE,Federal Contract Tower,2,3,4,0,9,0,2,44,0,46,2,5,48,0,55,116,0,116,171
07/03/2020,ALW,WA,ANM,WE,Federal Contract Tower,2,4,16,0,22,0,7,37,0,44,2,11,53,0,66,72,0,72,138
07/04/2020,ALW,WA,ANM,WE,Federal Contract Tower,2,0,5,0,7,0,0,10,0,10,2,0,15,0,17,40,0,40,57
07/05/2020,ALW,WA,ANM,WE,Federal Contract Tower,2,2,8,0,12,0,1,41,0,42,2,3,49,0,54,38,0,38,92
07/06/2020,ALW,WA,ANM,WE,Federal Contract Tower,2,0,0,0,2,0,0,46,0,46,2,0,46,0,48,70,0,70,118
07/07/2020,ALW,WA,ANM,WE,Federal Contract Tower,2,5,0,0,7,0,3,14,0,17,2,8,14,0,24,26,0,26,50
07/08/2020,ALW,WA,ANM,WE,Federal Contract Tower,2,2,8,0,12,0,2,79,0,81,2,4,87,0,93,156,0,156,249
07/09/2020,ALW,WA,ANM,WE,Federal Contract Tower,2,4,7,2,15,0,0,42,0,42,2,4,49,2,57,82,0,82,139
07/10/2020,ALW,WA,ANM,WE,Federal Contract Tower,2,2,4,0,8,0,0,50,0,50,2,2,54,0,58,108,0,108,166
07/11/2020,ALW,WA,ANM,WE,Federal Contract Tower,2,4,4,0,10,0,0,36,0,36,2,4,40,0,46,36,0,36,82
07/12/2020,ALW,WA,ANM,WE,Federal Contract Tower,2,1,0,0,3,0,0,38,0,38,2,1,38,0,41,16,0,16,57
07/13/2020,ALW,WA,ANM,WE,Federal Contract Tower,2,0,6,0,8,0,0,47,0,47,2,0,53,0,55,72,0,72,127
07/14/2020,ALW,WA,ANM,WE,Federal Contract Tower,2,1,9,0,12,0,2,44,0,46,2,3,53,0,58,80,0,80,138
07/15/2020,ALW,WA,ANM,WE,Federal Contract Tower,2,1,8,0,11,0,2,38,0,40,2,3,46,0,51,66,0,66,117
07/16/2020,ALW,WA,ANM,WE,Federal Contract Tower,2,4,5,0,11,0,1,60,0,61,2,5,65,0,72,112,0,112,184
07/17/2020,ALW,WA,ANM,WE,Federal Contract Tower,2,5,1,0,8,0,0,40,0,40,2,5,41,0,48,92,0,92,140
07/18/2020,ALW,WA,ANM,WE,Federal Contract Tower,3,0,1,0,4,0,0,40,0,40,3,0,41,0,44,17,0,17,61
07/19/2020,ALW,WA,ANM,WE,Federal Contract Tower,2,3,0,0,5,0,6,47,0,53,2,9,47,0,58,60,0,60,118
07/20/2020,ALW,WA,ANM,WE,Federal Contract Tower,2,2,1,1,6,0,0,41,0,41,2,2,42,1,47,76,0,76,123
07/21/2020,ALW,WA,ANM,WE,Federal Contract Tower,2,3,10,0,15,0,0,67,0,67,2,3,77,0,82,175,0,175,257
07/22/2020,ALW,WA,ANM,WE,Federal Contract Tower,2,1,10,0,13,0,2,44,0,46,2,3,54,0,59,124,0,124,183
07/23/2020,ALW,WA,ANM,WE,Federal Contract Tower,2,3,4,0,9,0,1,46,0,47,2,4,50,0,56,158,0,158,214
07/24/2020,ALW,WA,ANM,WE,Federal Contract Tower,2,4,6,0,12,0,1,39,0,40,2,5,45,0,52,102,0,102,154
07/25/2020,ALW,WA,ANM,WE,Federal Contract Tower,2,0,4,0,6,0,0,19,0,19,2,0,23,0,25,0,0,0,25
07/26/2020,ALW,WA,ANM,WE,Federal Contract Tower,2,1,6,0,9,0,5,33,0,38,2,6,39,0,47,82,0,82,129
07/27/2020,ALW,WA,ANM,WE,Federal Contract Tower,2,4,4,0,10,0,9,63,0,72,2,13,67,0,82,200,0,200,282
07/28/2020,ALW,WA,ANM,WE,Federal Contract Tower,2,0,7,0,9,0,6,66,0,72,2,6,73,0,81,152,0,152,233
07/29/2020,ALW,WA,ANM,WE,Federal Contract Tower,2,2,8,0,12,0,0,52,2,54,2,2,60,2,66,60,0,60,126
07/30/2020,ALW,WA,ANM,WE,Federal Contract Tower,2,2,1,0,5,0,2,31,0,33,2,4,32,0,38,120,0,120,158
07/31/2020,ALW,WA,ANM,WE,Federal Contract Tower,2,2,1,0,5,0,1,40,0,41,2,3,41,0,46,86,0,86,132
08/02/2020,ALW,WA,ANM,WE,Federal Contract Tower,2,0,6,0,8,0,2,29,0,31,2,2,35,0,39,32,0,32,71
08/03/2020,ALW,WA,ANM,WE,Federal Contract Tower,3,1,8,0,12,0,1,41,0,42,3,2,49,0,54,114,0,114,168
08/04/2020,ALW,WA,ANM,WE,Federal Contract Tower,3,0,7,0,10,0,1,62,0,63,3,1,69,0,73,133,0,133,206
08/05/2020,ALW,WA,ANM,WE,Federal Contract Tower,3,2,7,0,12,0,3,44,0,47,3,5,51,0,59,106,0,106,165
08/06/2020,ALW,WA,ANM,WE,Federal Contract Tower,3,5,5,0,13,0,3,32,0,35,3,8,37,0,48,24,0,24,72
08/07/2020,ALW,WA,ANM,WE,Federal Contract Tower,3,1,9,0,13,0,2,46,0,48,3,3,55,0,61,94,0,94,155
08/08/2020,ALW,WA,ANM,WE,Federal Contract Tower,3,0,6,0,9,0,0,28,0,28,3,0,34,0,37,56,0,56,93
08/09/2020,ALW,WA,ANM,WE,Federal Contract Tower,3,0,10,0,13,0,0,65,0,65,3,0,75,0,78,49,0,49,127
08/10/2020,ALW,WA,ANM,WE,Federal Contract Tower,3,2,10,0,15,0,4,57,0,61,3,6,67,0,76,86,0,86,162
08/11/2020,ALW,WA,ANM,WE,Federal Contract Tower,2,2,8,0,12,0,0,25,0,25,2,2,33,0,37,98,0,98,135
08/12/2020,ALW,WA,ANM,WE,Federal Contract Tower,3,2,7,0,12,0,2,58,0,60,3,4,65,0,72,42,0,42,114
08/13/2020,ALW,WA,ANM,WE,Federal Contract Tower,2,4,4,0,10,0,0,44,0,44,2,4,48,0,54,30,0,30,84
08/14/2020,ALW,WA,ANM,WE,Federal Contract Tower,3,3,3,0,9,0,2,48,0,50,3,5,51,0,59,72,0,72,131
08/15/2020,ALW,WA,ANM,WE,Federal Contract Tower,2,1,3,0,6,0,2,31,0,33,2,3,34,0,39,52,0,52,91
08/16/2020,ALW,WA,ANM,WE,Federal Contract Tower,2,3,5,0,10,0,0,43,0,43,2,3,48,0,53,112,0,112,165
08/17/2020,ALW,WA,ANM,WE,Federal Contract Tower,2,4,18,0,24,0,0,45,0,45,2,4,63,0,69,38,0,38,107
08/18/2020,ALW,WA,ANM,WE,Federal Contract Tower,2,2,5,0,9,0,0,40,0,40,2,2,45,0,49,48,0,48,97
08/19/2020,ALW,WA,ANM,WE,Federal Contract Tower,2,2,13,0,17,0,1,53,2,56,2,3,66,2,73,26,0,26,99
08/20/2020,ALW,WA,ANM,WE,Federal Contract Tower,2,2,6,0,10,0,0,67,0,67,2,2,73,0,77,72,0,72,149
08/21/2020,ALW,WA,ANM,WE,Federal Contract Tower,2,2,7,0,11,0,0,85,4,89,2,2,92,4,100,132,0,132,232
08/22/2020,ALW,WA,ANM,WE,Federal Contract Tower,2,0,2,0,4,0,4,33,0,37,2,4,35,0,41,22,0,22,63
08/23/2020,ALW,WA,ANM,WE,Federal Contract Tower,2,2,7,0,11,0,72,0,0,72,2,74,7,0,83,56,0,56,139
08/24/2020,ALW,WA,ANM,WE,Federal Contract Tower,2,2,7,2,13,0,2,53,0,55,2,4,60,2,68,78,0,78,146
08/25/2020,ALW,WA,ANM,WE,Federal Contract Tower,2,2,2,1,7,0,10,52,0,62,2,12,54,1,69,103,0,103,172
08/26/2020,ALW,WA,ANM,WE,Federal Contract Tower,2,4,3,0,9,0,2,60,0,62,2,6,63,0,71,68,0,68,139
08/27/2020,ALW,WA,ANM,WE,Federal Contract Tower,2,1,9,0,12,0,1,45,0,46,2,2,54,0,58,54,0,54,112
08/28/2020,ALW,WA,ANM,WE,Federal Contract Tower,3,2,2,0,7,0,0,79,0,79,3,2,81,0,86,116,0,116,202
08/29/2020,ALW,WA,ANM,WE,Federal Contract Tower,2,0,4,0,6,0,2,42,0,44,2,2,46,0,50,26,0,26,76
08/30/2020,ALW,WA,ANM,WE,Federal Contract Tower,2,0,6,0,8,0,0,59,0,59,2,0,65,0,67,20,0,20,87
08/31/2020,ALW,WA,ANM,WE,Federal Contract Tower,2,2,12,2,18,0,4,44,2,50,2,6,56,4,68,28,10,38,106
09/01/2020,ALW,WA,ANM,WE,Federal Contract Tower,3,0,8,0,11,0,2,36,0,38,3,2,44,0,49,10,0,10,59
09/02/2020,ALW,WA,ANM,WE,Federal Contract Tower,2,0,12,0,14,0,2,31,0,33,2,2,43,0,47,48,0,48,95
09/03/2020,ALW,WA,ANM,WE,Federal Contract Tower,2,2,8,0,12,0,2,39,0,41,2,4,47,0,53,52,0,52,105
09/04/2020,ALW,WA,ANM,WE,Federal Contract Tower,2,2,9,0,13,0,0,48,0,48,2,2,57,0,61,16,0,16,77
09/05/2020,ALW,WA,ANM,WE,Federal Contract Tower,2,0,8,0,10,0,0,11,0,11,2,0,19,0,21,4,0,4,25
09/06/2020,ALW,WA,ANM,WE,Federal Contract Tower,2,0,2,0,4,0,2,14,0,16,2,2,16,0,20,0,0,0,20
09/07/2020,ALW,WA,ANM,WE,Federal Contract Tower,2,1,7,0,10,0,0,0,0,0,2,1,7,0,10,20,0,20,30
09/08/2020,ALW,WA,ANM,WE,Federal Contract Tower,2,1,5,0,8,0,1,31,0,32,2,2,36,0,40,46,0,46,86
09/09/2020,ALW,WA,ANM,WE,Federal Contract Tower,2,9,8,0,19,0,3,30,0,33,2,12,38,0,52,34,0,34,86
09/10/2020,ALW,WA,ANM,WE,Federal Contract Tower,1,2,7,0,10,0,4,30,0,34,1,6,37,0,44,39,0,39,83
09/11/2020,ALW,WA,ANM,WE,Federal Contract Tower,2,2,16,0,20,0,0,15,0,15,2,2,31,0,35,52,0,52,87
09/12/2020,ALW,WA,ANM,WE,Federal Contract Tower,0,1,3,0,4,0,0,0,0,0,0,1,3,0,4,0,0,0,4
09/13/2020,ALW,WA,ANM,WE,Federal Contract Tower,0,2,12,0,14,0,0,0,0,0,0,2,12,0,14,0,0,0,14
09/14/2020,ALW,WA,ANM,WE,Federal Contract Tower,0,2,6,0,8,0,0,0,0,0,0,2,6,0,8,0,0,0,8
09/15/2020,ALW,WA,ANM,WE,Federal Contract Tower,0,5,9,0,14,0,0,0,0,0,0,5,9,0,14,0,0,0,14
09/16/2020,ALW,WA,ANM,WE,Federal Contract Tower,2,1,15,0,18,0,0,0,0,0,2,1,15,0,18,0,0,0,18
09/17/2020,ALW,WA,ANM,WE,Federal Contract Tower,2,2,20,0,24,0,0,0,0,0,2,2,20,0,24,0,0,0,24
09/18/2020,ALW,WA,ANM,WE,Federal Contract Tower,2,2,18,0,22,0,0,0,0,0,2,2,18,0,22,0,0,0,22
09/19/2020,ALW,WA,ANM,WE,Federal Contract Tower,2,0,5,0,7,0,0,22,0,22,2,0,27,0,29,2,0,2,31
09/20/2020,ALW,WA,ANM,WE,Federal Contract Tower,2,2,7,0,11,0,0,58,0,58,2,2,65,0,69,67,0,67,136
09/21/2020,ALW,WA,ANM,WE,Federal Contract Tower,2,6,10,0,18,0,4,61,0,65,2,10,71,0,83,84,0,84,167
09/22/2020,ALW,WA,ANM,WE,Federal Contract Tower,2,2,23,0,27,0,0,73,0,73,2,2,96,0,100,156,0,156,256
09/23/2020,ALW,WA,ANM,WE,Federal Contract Tower,2,2,15,0,19,0,1,81,0,82,2,3,96,0,101,242,0,242,343
09/24/2020,ALW,WA,ANM,WE,Federal Contract Tower,2,2,14,0,18,0,0,36,0,36,2,2,50,0,54,80,0,80,134
09/25/2020,ALW,WA,ANM,WE,Federal Contract Tower,2,4,10,0,16,0,1,29,0,30,2,5,39,0,46,34,0,34,80
09/26/2020,ALW,WA,ANM,WE,Federal Contract Tower,2,1,3,0,6,0,7,34,0,41,2,8,37,0,47,72,0,72,119
09/27/2020,ALW,WA,ANM,WE,Federal Contract Tower,2,4,12,0,18,0,4,87,0,91,2,8,99,0,109,60,0,60,169
09/28/2020,ALW,WA,ANM,WE,Federal Contract Tower,2,5,13,0,20,0,0,61,0,61,2,5,74,0,81,70,0,70,151
09/29/2020,ALW,WA,ANM,WE,Federal Contract Tower,2,3,4,0,9,0,0,80,0,80,2,3,84,0,89,202,0,202,291
09/30/2020,ALW,WA,ANM,WE,Federal Contract Tower,2,5,3,0,10,0,0,55,0,55,2,5,58,0,65,114,0,114,179
10/01/2020,ALW,WA,ANM,WE,Federal Contract Tower,2,4,7,0,13,0,0,59,0,59,2,4,66,0,72,124,0,124,196
10/02/2020,ALW,WA,ANM,WE,Federal Contract Tower,2,5,10,0,17,0,11,93,0,104,2,16,103,0,121,60,0,60,181
10/04/2020,ALW,WA,ANM,WE,Federal Contract Tower,2,4,2,0,8,0,2,52,0,54,2,6,54,0,62,22,0,22,84
10/05/2020,ALW,WA,ANM,WE,Federal Contract Tower,2,2,12,0,16,0,2,49,0,51,2,4,61,0,67,66,0,66,133
10/06/2020,ALW,WA,ANM,WE,Federal Contract Tower,2,4,17,0,23,0,0,71,0,71,2,4,88,0,94,86,0,86,180
10/07/2020,ALW,WA,ANM,WE,Federal Contract Tower,2,2,12,0,16,0,5,78,0,83,2,7,90,0,99,78,0,78,177
10/08/2020,ALW,WA,ANM,WE,Federal Contract Tower,2,2,4,0,8,0,0,34,0,34,2,2,38,0,42,62,0,62,104
10/09/2020,ALW,WA,ANM,WE,Federal Contract Tower,2,4,15,0,21,0,5,79,0,84,2,9,94,0,105,92,0,92,197
10/10/2020,ALW,WA,ANM,WE,Federal Contract Tower,3,1,2,0,6,0,0,2,0,2,3,1,4,0,8,0,0,0,8
10/11/2020,ALW,WA,ANM,WE,Federal Contract Tower,2,1,14,0,17,0,2,27,0,29,2,3,41,0,46,0,0,0,46
10/12/2020,ALW,WA,ANM,WE,Federal Contract Tower,2,1,14,0,17,0,2,38,0,40,2,3,52,0,57,0,0,0,57
10/13/2020,ALW,WA,ANM,WE,Federal Contract Tower,2,5,8,0,15,0,0,19,0,19,2,5,27,0,34,32,0,32,66
10/14/2020,ALW,WA,ANM,WE,Federal Contract Tower,2,3,13,0,18,0,3,46,0,49,2,6,59,0,67,60,0,60,127
10/15/2020,ALW,WA,ANM,WE,Federal Contract Tower,2,1,20,0,23,0,4,92,0,96,2,5,112,0,119,104,0,104,223
10/16/2020,ALW,WA,ANM,WE,Federal Contract Tower,2,4,4,0,10,0,6,44,0,50,2,10,48,0,60,126,0,126,186
10/17/2020,ALW,WA,ANM,WE,Federal Contract Tower,2,0,3,0,5,0,2,26,0,28,2,2,29,0,33,14,0,14,47
10/18/2020,ALW,WA,ANM,WE,Federal Contract Tower,2,6,8,0,16,0,2,33,0,35,2,8,41,0,51,14,0,14,65
10/19/2020,ALW,WA,ANM,WE,Federal Contract Tower,2,2,6,0,10,0,1,47,0,48,2,3,53,0,58,82,0,82,140
10/20/2020,ALW,WA,ANM,WE,Federal Contract Tower,0,4,17,0,21,0,0,86,0,86,0,4,103,0,107,112,0,112,219
10/21/2020,ALW,WA,ANM,WE,Federal Contract Tower,2,4,11,0,17,0,0,42,0,42,2,4,53,0,59,76,0,76,135
10/22/2020,ALW,WA,ANM,WE,Federal Contract Tower,3,3,13,0,19,0,0,90,0,90,3,3,103,0,109,172,0,172,281
10/23/2020,ALW,WA,ANM,WE,Federal Contract Tower,3,3,9,0,15,0,1,46,0,47,3,4,55,0,62,102,0,102,164
10/24/2020,ALW,WA,ANM,WE,Federal Contract Tower,2,0,5,0,7,0,2,16,0,18,2,2,21,0,25,14,0,14,39
10/25/2020,ALW,WA,ANM,WE,Federal Contract Tower,2,1,3,0,6,0,8,43,0,51,2,9,46,0,57,62,0,62,119
10/26/2020,ALW,WA,ANM,WE,Federal Contract Tower,2,1,15,0,18,0,12,67,0,79,2,13,82,0,97,146,0,146,243
10/27/2020,ALW,WA,ANM,WE,Federal Contract Tower,2,6,10,0,18,0,2,50,0,52,2,8,60,0,70,106,0,106,176
10/28/2020,ALW,WA,ANM,WE,Federal Contract Tower,2,3,14,0,19,0,0,72,0,72,2,3,86,0,91,70,0,70,161
10/29/2020,ALW,WA,ANM,WE,Federal Contract Tower,2,4,11,0,17,0,3,70,0,73,2,7,81,0,90,32,0,32,122
10/30/2020,ALW,WA,ANM,WE,Federal Contract Tower,2,4,2,0,8,0,0,15,0,15,2,4,17,0,23,11,0,11,34
10/31/2020,ALW,WA,ANM,WE,Federal Contract Tower,2,1,5,0,8,0,4,63,0,67,2,5,68,0,75,18,0,18,93
11/01/2020,ALW,WA,ANM,WE,Federal Contract Tower,2,2,12,0,16,0,5,58,0,63,2,7,70,0,79,22,0,22,101
11/02/2020,ALW,WA,ANM,WE,Federal Contract Tower,2,4,10,0,16,0,10,65,0,75,2,14,75,0,91,75,0,75,166
11/03/2020,ALW,WA,ANM,WE,Federal Contract Tower,2,3,14,0,19,0,2,71,0,73,2,5,85,0,92,167,0,167,259
11/04/2020,ALW,WA,ANM,WE,Federal Contract Tower,2,4,4,0,10,0,6,41,0,47,2,10,45,0,57,36,0,36,93
11/05/2020,ALW,WA,ANM,WE,Federal Contract Tower,2,4,18,0,24,0,2,35,0,37,2,6,53,0,61,60,0,60,121
11/06/2020,ALW,WA,ANM,WE,Federal Contract Tower,2,2,12,0,16,0,0,0,0,0,2,2,12,0,16,0,0,0,16
11/07/2020,ALW,WA,ANM,WE,Federal Contract Tower,2,0,0,0,2,0,4,17,0,21,2,4,17,0,23,0,0,0,23
11/08/2020,ALW,WA,ANM,WE,Federal Contract Tower,2,0,1,0,3,0,0,1,0,1,2,0,2,0,4,0,0,0,4
11/09/2020,ALW,WA,ANM,WE,Federal Contract Tower,2,2,6,0,10,0,2,44,0,46,2,4,50,0,56,62,0,62,118
11/10/2020,ALW,WA,ANM,WE,Federal Contract Tower,3,2,2,0,7,0,0,17,0,17,3,2,19,0,24,39,0,39,63
11/11/2020,ALW,WA,ANM,WE,Federal Contract Tower,2,4,7,0,13,0,1,67,0,68,2,5,74,0,81,108,0,108,189
11/12/2020,ALW,WA,ANM,WE,Federal Contract Tower,2,4,12,0,18,0,2,57,0,59,2,6,69,0,77,98,0,98,175
11/13/2020,ALW,WA,ANM,WE,Federal Contract Tower,2,2,1,0,5,0,0,5,0,5,2,2,6,0,10,12,0,12,22
11/14/2020,ALW,WA,ANM,WE,Federal Contract Tower,2,1,8,0,11,0,6,11,0,17,2,7,19,0,28,6,0,6,34
11/16/2020,ALW,WA,ANM,WE,Federal Contract Tower,2,2,10,0,14,0,0,21,0,21,2,2,31,0,35,28,0,28,63
11/17/2020,ALW,WA,ANM,WE,Federal Contract Tower,2,2,21,0,25,0,4,12,0,16,2,6,33,0,41,22,0,22,63
11/18/2020,ALW,WA,ANM,WE,Federal Contract Tower,2,6,24,0,32,0,7,36,0,43,2,13,60,0,75,50,0,50,125
11/19/2020,ALW,WA,ANM,WE,Federal Contract Tower,2,2,7,0,11,0,4,24,0,28,2,6,31,0,39,44,0,44,83
11/20/2020,ALW,WA,ANM,WE,Federal Contract Tower,2,2,17,0,21,0,62,0,0,62,2,64,17,0,83,104,0,104,187
11/21/2020,ALW,WA,ANM,WE,Federal Contract Tower,2,2,4,0,8,0,11,49,0,60,2,13,53,0,68,58,0,58,126
11/22/2020,ALW,WA,ANM,WE,Federal Contract Tower,2,0,2,0,4,0,0,0,0,0,2,0,2,0,4,0,0,0,4
11/23/2020,ALW,WA,ANM,WE,Federal Contract Tower,2,2,5,0,9,0,4,13,0,17,2,6,18,0,26,42,0,42,68
11/24/2020,ALW,WA,ANM,WE,Federal Contract Tower,3,2,7,0,12,0,5,45,0,50,3,7,52,0,62,60,0,60,122
11/25/2020,ALW,WA,ANM,WE,Federal Contract Tower,2,4,2,0,8,0,0,16,0,16,2,4,18,0,24,36,0,36,60
11/26/2020,ALW,WA,ANM,WE,Federal Contract Tower,2,0,0,0,2,0,2,4,0,6,2,2,4,0,8,0,0,0,8
11/27/2020,ALW,WA,ANM,WE,Federal Contract Tower,2,4,4,0,10,0,2,51,0,53,2,6,55,0,63,58,0,58,121
11/28/2020,ALW,WA,ANM,WE,Federal Contract Tower,2,0,6,0,8,0,0,21,0,21,2,0,27,0,29,0,0,0,29
11/29/2020,ALW,WA,ANM,WE,Federal Contract Tower,0,0,0,0,0,0,0,0,0,0,0,0,0,0,0,0,0,0,0
11/30/2020,ALW,WA,ANM,WE,Federal Contract Tower,2,2,2,0,6,0,2,1,0,3,2,4,3,0,9,0,0,0,9
12/01/2020,ALW,WA,ANM,WE,Federal Contract Tower,2,2,33,0,37,0,6,49,0,55,2,8,82,0,92,31,0,31,123
12/02/2020,ALW,WA,ANM,WE,Federal Contract Tower,2,2,9,0,13,0,1,7,0,8,2,3,16,0,21,0,0,0,21
12/03/2020,ALW,WA,ANM,WE,Federal Contract Tower,1,2,0,0,3,0,0,0,0,0,1,2,0,0,3,0,0,0,3
12/04/2020,ALW,WA,ANM,WE,Federal Contract Tower,0,0,0,0,0,0,0,0,0,0,0,0,0,0,0,0,0,0,0
12/05/2020,ALW,WA,ANM,WE,Federal Contract Tower,3,0,2,0,5,0,0,0,0,0,3,0,2,0,5,0,0,0,5
12/06/2020,ALW,WA,ANM,WE,Federal Contract Tower,2,0,3,0,5,0,0,16,0,16,2,0,19,0,21,50,0,50,71
12/07/2020,ALW,WA,ANM,WE,Federal Contract Tower,0,2,1,0,3,0,0,0,0,0,0,2,1,0,3,0,0,0,3
12/08/2020,ALW,WA,ANM,WE,Federal Contract Tower,2,1,12,0,15,0,0,16,0,16,2,1,28,0,31,32,0,32,63
12/09/2020,ALW,WA,ANM,WE,Federal Contract Tower,2,3,8,0,13,0,2,27,0,29,2,5,35,0,42,22,0,22,64
12/12/2020,ALW,WA,ANM,WE,Federal Contract Tower,2,2,3,0,7,0,9,17,0,26,2,11,20,0,33,30,0,30,63
12/13/2020,ALW,WA,ANM,WE,Federal Contract Tower,0,0,2,0,2,0,0,0,0,0,0,0,2,0,2,0,0,0,2
12/14/2020,ALW,WA,ANM,WE,Federal Contract Tower,2,2,3,0,7,0,2,6,0,8,2,4,9,0,15,8,0,8,23
12/15/2020,ALW,WA,ANM,WE,Federal Contract Tower,2,3,3,0,8,0,0,5,0,5,2,3,8,0,13,6,0,6,19
12/16/2020,ALW,WA,ANM,WE,Federal Contract Tower,2,4,12,0,18,0,0,14,0,14,2,4,26,0,32,0,0,0,32
12/17/2020,ALW,WA,ANM,WE,Federal Contract Tower,2,4,4,0,10,0,18,4,0,22,2,22,8,0,32,4,0,4,36
12/18/2020,ALW,WA,ANM,WE,Federal Contract Tower,2,4,6,0,12,0,3,28,0,31,2,7,34,0,43,59,0,59,102
12/21/2020,ALW,WA,ANM,WE,Federal Contract Tower,2,2,7,0,11,0,0,13,0,13,2,2,20,0,24,19,0,19,43
12/22/2020,ALW,WA,ANM,WE,Federal Contract Tower,2,4,2,0,8,0,8,8,0,16,2,12,10,0,24,14,0,14,38
12/23/2020,ALW,WA,ANM,WE,Federal Contract Tower,2,2,2,0,6,0,3,57,0,60,2,5,59,0,66,82,0,82,148
12/24/2020,ALW,WA,ANM,WE,Federal Contract Tower,2,3,5,0,10,0,0,19,0,19,2,3,24,0,29,2,0,2,31
12/25/2020,ALW,WA,ANM,WE,Federal Contract Tower,2,0,1,0,3,0,0,1,0,1,2,0,2,0,4,0,0,0,4
12/26/2020,ALW,WA,ANM,WE,Federal Contract Tower,2,0,1,0,3,0,7,2,0,9,2,7,3,0,12,24,0,24,36
12/28/2020,ALW,WA,ANM,WE,Federal Contract Tower,2,2,2,0,6,0,0,2,0,2,2,2,4,0,8,0,0,0,8
12/29/2020,ALW,WA,ANM,WE,Federal Contract Tower,2,2,10,0,14,0,0,28,0,28,2,2,38,0,42,64,0,64,106
12/30/2020,ALW,WA,ANM,WE,Federal Contract Tower,2,4,9,0,15,0,4,0,0,4,2,8,9,0,19,2,0,2,21
12/31/2020,ALW,WA,ANM,WE,Federal Contract Tower,2,2,3,0,7,0,0,6,0,6,2,2,9,0,13,4,0,4,17
01/01/2021,ALW,WA,ANM,WE,Federal Contract Tower,2,0,4,0,6,0,0,17,0,17,2,0,21,0,23,22,0,22,45
01/02/2021,ALW,WA,ANM,WE,Federal Contract Tower,2,2,0,0,4,0,1,6,0,7,2,3,6,0,11,0,0,0,11
01/03/2021,ALW,WA,ANM,WE,Federal Contract Tower,2,0,3,0,5,0,0,18,0,18,2,0,21,0,23,30,0,30,53
01/04/2021,ALW,WA,ANM,WE,Federal Contract Tower,2,2,4,0,8,0,1,2,0,3,2,3,6,0,11,0,0,0,11
01/05/2021,ALW,WA,ANM,WE,Federal Contract Tower,2,4,12,0,18,0,3,41,0,44,2,7,53,0,62,32,0,32,94
01/06/2021,ALW,WA,ANM,WE,Federal Contract Tower,4,3,0,0,7,0,1,11,0,12,4,4,11,0,19,18,0,18,37
01/07/2021,ALW,WA,ANM,WE,Federal Contract Tower,2,4,3,0,9,0,3,15,0,18,2,7,18,0,27,28,0,28,55
01/08/2021,ALW,WA,ANM,WE,Federal Contract Tower,2,2,0,0,4,0,0,2,0,2,2,2,2,0,6,6,0,6,12
01/09/2021,ALW,WA,ANM,WE,Federal Contract Tower,2,0,2,0,4,0,0,6,0,6,2,0,8,0,10,2,0,2,12
01/10/2021,ALW,WA,ANM,WE,Federal Contract Tower,2,0,0,0,2,0,3,21,0,24,2,3,21,0,26,24,0,24,50
01/11/2021,ALW,WA,ANM,WE,Federal Contract Tower,2,2,12,0,16,0,1,23,0,24,2,3,35,0,40,62,0,62,102
01/12/2021,ALW,WA,ANM,WE,Federal Contract Tower,2,2,6,0,10,0,2,0,0,2,2,4,6,0,12,0,0,0,12
01/13/2021,ALW,WA,ANM,WE,Federal Contract Tower,2,4,1,0,7,0,5,10,0,15,2,9,11,0,22,12,0,12,34
01/14/2021,ALW,WA,ANM,WE,Federal Contract Tower,2,2,8,0,12,0,0,37,0,37,2,2,45,0,49,62,0,62,111
01/15/2021,ALW,WA,ANM,WE,Federal Contract Tower,2,4,9,0,15,0,0,21,0,21,2,4,30,0,36,32,0,32,68
01/16/2021,ALW,WA,ANM,WE,Federal Contract Tower,0,0,0,0,0,0,0,0,0,0,0,0,0,0,0,0,0,0,0
01/17/2021,ALW,WA,ANM,WE,Federal Contract Tower,3,3,5,0,11,0,0,36,0,36,3,3,41,0,47,56,0,56,103
01/18/2021,ALW,WA,ANM,WE,Federal Contract Tower,2,1,7,0,10,0,11,17,0,28,2,12,24,0,38,23,0,23,61
01/19/2021,ALW,WA,ANM,WE,Federal Contract Tower,2,7,10,0,19,0,0,10,0,10,2,7,20,0,29,11,0,11,40
01/20/2021,ALW,WA,ANM,WE,Federal Contract Tower,2,5,22,0,29,0,0,20,0,20,2,5,42,0,49,60,0,60,109
01/21/2021,ALW,WA,ANM,WE,Federal Contract Tower,6,0,0,0,6,0,0,0,0,0,6,0,0,0,6,0,0,0,6
01/22/2021,ALW,WA,ANM,WE,Federal Contract Tower,2,0,0,0,2,0,0,0,0,0,2,0,0,0,2,0,0,0,2
01/23/2021,ALW,WA,ANM,WE,Federal Contract Tower,3,0,7,0,10,0,0,38,0,38,3,0,45,0,48,12,0,12,60
01/24/2021,ALW,WA,ANM,WE,Federal Contract Tower,2,0,13,0,15,0,0,17,0,17,2,0,30,0,32,22,0,22,54
01/25/2021,ALW,WA,ANM,WE,Federal Contract Tower,2,0,2,0,4,0,0,0,0,0,2,0,2,0,4,0,0,0,4
01/26/2021,ALW,WA,ANM,WE,Federal Contract Tower,2,2,20,0,24,0,10,52,0,62,2,12,72,0,86,112,0,112,198
01/27/2021,ALW,WA,ANM,WE,Federal Contract Tower,2,2,2,0,6,0,0,7,0,7,2,2,9,0,13,50,0,50,63
01/28/2021,ALW,WA,ANM,WE,Federal Contract Tower,2,2,22,0,26,0,1,29,0,30,2,3,51,0,56,176,0,176,232
01/29/2021,ALW,WA,ANM,WE,Federal Contract Tower,2,2,5,0,9,0,0,0,0,0,2,2,5,0,9,0,0,0,9
01/30/2021,ALW,WA,ANM,WE,Federal Contract Tower,2,0,17,0,19,0,4,36,2,42,2,4,53,2,61,40,0,40,101
01/31/2021,ALW,WA,ANM,WE,Federal Contract Tower,2,0,5,0,7,0,0,1,0,1,2,0,6,0,8,0,0,0,8
02/01/2021,ALW,WA,ANM,WE,Federal Contract Tower,2,5,3,0,10,0,4,1,0,5,2,9,4,0,15,0,0,0,15
02/02/2021,ALW,WA,ANM,WE,Federal Contract Tower,2,4,13,0,19,0,2,24,0,26,2,6,37,0,45,118,0,118,163
02/03/2021,ALW,WA,ANM,WE,Federal Contract Tower,2,5,11,0,18,0,0,15,0,15,2,5,26,0,33,84,0,84,117
02/04/2021,ALW,WA,ANM,WE,Federal Contract Tower,2,6,19,0,27,0,34,0,0,34,2,40,19,0,61,160,0,160,221
02/05/2021,ALW,WA,ANM,WE,Federal Contract Tower,2,2,18,0,22,0,0,23,0,23,2,2,41,0,45,80,0,80,125
02/06/2021,ALW,WA,ANM,WE,Federal Contract Tower,2,0,0,0,2,0,1,6,0,7,2,1,6,0,9,2,0,2,11
02/07/2021,ALW,WA,ANM,WE,Federal Contract Tower,2,0,9,0,11,0,2,39,0,41,2,2,48,0,52,36,0,36,88
02/08/2021,ALW,WA,ANM,WE,Federal Contract Tower,2,5,17,0,24,0,0,18,0,18,2,5,35,0,42,98,0,98,140
02/09/2021,ALW,WA,ANM,WE,Federal Contract Tower,2,2,17,0,21,0,0,32,0,32,2,2,49,0,53,66,0,66,119
02/10/2021,ALW,WA,ANM,WE,Federal Contract Tower,2,2,20,0,24,0,0,59,0,59,2,2,79,0,83,182,0,182,265
02/11/2021,ALW,WA,ANM,WE,Federal Contract Tower,3,2,7,0,12,0,0,14,0,14,3,2,21,0,26,78,0,78,104
02/12/2021,ALW,WA,ANM,WE,Federal Contract Tower,3,2,0,0,5,0,0,1,0,1,3,2,1,0,6,0,0,0,6
02/13/2021,ALW,WA,ANM,WE,Federal Contract Tower,0,0,0,0,0,0,0,0,0,0,0,0,0,0,0,0,0,0,0
02/14/2021,ALW,WA,ANM,WE,Federal Contract Tower,2,0,0,0,2,0,0,2,0,2,2,0,2,0,4,4,0,4,8
02/15/2021,ALW,WA,ANM,WE,Federal Contract Tower,2,0,1,0,3,0,0,0,0,0,2,0,1,0,3,0,0,0,3
02/17/2021,ALW,WA,ANM,WE,Federal Contract Tower,2,2,7,0,11,0,0,10,0,10,2,2,17,0,21,18,0,18,39
02/18/2021,ALW,WA,ANM,WE,Federal Contract Tower,6,2,5,0,13,0,0,0,0,0,6,2,5,0,13,0,0,0,13
02/19/2021,ALW,WA,ANM,WE,Federal Contract Tower,3,3,19,0,25,0,0,30,0,30,3,3,49,0,55,85,0,85,140
02/20/2021,ALW,WA,ANM,WE,Federal Contract Tower,3,1,11,0,15,0,0,16,0,16,3,1,27,0,31,12,0,12,43
02/21/2021,ALW,WA,ANM,WE,Federal Contract Tower,3,2,1,0,6,0,0,13,0,13,3,2,14,0,19,54,0,54,73
02/22/2021,ALW,WA,ANM,WE,Federal Contract Tower,2,3,6,0,11,0,0,20,0,20,2,3,26,0,31,132,0,132,163
02/23/2021,ALW,WA,ANM,WE,Federal Contract Tower,2,2,13,0,17,0,0,24,0,24,2,2,37,0,41,45,0,45,86
02/24/2021,ALW,WA,ANM,WE,Federal Contract Tower,3,3,23,0,29,0,0,64,0,64,3,3,87,0,93,140,0,140,233
02/25/2021,ALW,WA,ANM,WE,Federal Contract Tower,3,4,2,0,9,0,0,7,0,7,3,4,9,0,16,0,0,0,16
02/26/2021,ALW,WA,ANM,WE,Federal Contract Tower,3,7,0,0,10,0,0,0,0,0,3,7,0,0,10,0,0,0,10
02/27/2021,ALW,WA,ANM,WE,Federal Contract Tower,2,0,17,0,19,0,0,76,0,76,2,0,93,0,95,46,0,46,141
02/28/2021,ALW,WA,ANM,WE,Federal Contract Tower,2,1,14,0,17,0,8,44,0,52,2,9,58,0,69,16,0,16,85
03/01/2021,ALW,WA,ANM,WE,Federal Contract Tower,2,2,18,0,22,0,5,47,0,52,2,7,65,0,74,168,0,168,242
03/02/2021,ALW,WA,ANM,WE,Federal Contract Tower,2,3,18,0,23,0,12,73,0,85,2,15,91,0,108,137,0,137,245
03/03/2021,ALW,WA,ANM,WE,Federal Contract Tower,1,0,24,0,25,0,5,67,0,72,1,5,91,0,97,128,0,128,225
03/04/2021,ALW,WA,ANM,WE,Federal Contract Tower,3,3,12,0,18,0,2,57,0,59,3,5,69,0,77,130,0,130,207
03/05/2021,ALW,WA,ANM,WE,Federal Contract Tower,2,2,0,0,4,0,0,2,0,2,2,2,2,0,6,0,0,0,6
03/06/2021,ALW,WA,ANM,WE,Federal Contract Tower,3,5,3,0,11,0,3,16,0,19,3,8,19,0,30,30,0,30,60
03/07/2021,ALW,WA,ANM,WE,Federal Contract Tower,2,0,6,0,8,0,9,35,0,44,2,9,41,0,52,22,0,22,74
03/08/2021,ALW,WA,ANM,WE,Federal Contract Tower,3,2,13,0,18,0,1,38,0,39,3,3,51,0,57,116,0,116,173
03/09/2021,ALW,WA,ANM,WE,Federal Contract Tower,3,4,9,0,16,0,6,60,0,66,3,10,69,0,82,80,0,80,162
03/10/2021,ALW,WA,ANM,WE,Federal Contract Tower,3,4,24,0,31,0,2,45,0,47,3,6,69,0,78,54,0,54,132
03/11/2021,ALW,WA,ANM,WE,Federal Contract Tower,3,5,28,0,36,0,3,52,0,55,3,8,80,0,91,77,0,77,168
03/13/2021,ALW,WA,ANM,WE,Federal Contract Tower,3,0,3,0,6,0,2,87,0,89,3,2,90,0,95,60,0,60,155
03/14/2021,ALW,WA,ANM,WE,Federal Contract Tower,3,0,16,0,19,0,9,70,0,79,3,9,86,0,98,66,0,66,164
03/16/2021,ALW,WA,ANM,WE,Federal Contract Tower,3,1,16,0,20,0,2,45,0,47,3,3,61,0,67,106,0,106,173
03/17/2021,ALW,WA,ANM,WE,Federal Contract Tower,3,3,21,0,27,0,0,40,0,40,3,3,61,0,67,62,0,62,129
03/18/2021,ALW,WA,ANM,WE,Federal Contract Tower,3,2,5,0,10,0,1,22,0,23,3,3,27,0,33,4,0,4,37
03/19/2021,ALW,WA,ANM,WE,Federal Contract Tower,3,2,4,0,9,0,1,12,0,13,3,3,16,0,22,16,0,16,38
03/20/2021,ALW,WA,ANM,WE,Federal Contract Tower,3,0,2,0,5,0,3,10,0,13,3,3,12,0,18,8,0,8,26
03/21/2021,ALW,WA,ANM,WE,Federal Contract Tower,3,2,1,0,6,0,4,14,0,18,3,6,15,0,24,18,0,18,42
03/22/2021,ALW,WA,ANM,WE,Federal Contract Tower,3,5,1,0,9,0,14,9,0,23,3,19,10,0,32,84,0,84,116
03/23/2021,ALW,WA,ANM,WE,Federal Contract Tower,3,2,14,0,19,0,10,36,0,46,3,12,50,0,65,54,0,54,119
03/24/2021,ALW,WA,ANM,WE,Federal Contract Tower,3,1,4,2,10,0,0,13,0,13,3,1,17,2,23,2,0,2,25
03/25/2021,ALW,WA,ANM,WE,Federal Contract Tower,3,10,9,0,22,0,1,8,0,9,3,11,17,0,31,36,0,36,67
03/26/2021,ALW,WA,ANM,WE,Federal Contract Tower,3,4,11,0,18,0,1,45,0,46,3,5,56,0,64,92,0,92,156
03/27/2021,ALW,WA,ANM,WE,Federal Contract Tower,3,4,18,0,25,0,0,38,0,38,3,4,56,0,63,40,0,40,103
03/28/2021,ALW,WA,ANM,WE,Federal Contract Tower,3,0,2,0,5,0,3,8,0,11,3,3,10,0,16,10,0,10,26
03/29/2021,ALW,WA,ANM,WE,Federal Contract Tower,3,2,3,0,8,0,3,17,0,20,3,5,20,0,28,38,0,38,66
03/30/2021,ALW,WA,ANM,WE,Federal Contract Tower,2,2,16,0,20,0,1,32,0,33,2,3,48,0,53,70,0,70,123
03/31/2021,ALW,WA,ANM,WE,Federal Contract Tower,3,5,5,0,13,0,29,2,0,31,3,34,7,0,44,52,0,52,96
04/01/2021,ALW,WA,ANM,WE,Federal Contract Tower,3,2,8,0,13,0,9,14,0,23,3,11,22,0,36,32,0,32,68
04/02/2021,ALW,WA,ANM,WE,Federal Contract Tower,3,2,6,0,11,0,9,55,0,64,3,11,61,0,75,48,0,48,123
04/03/2021,ALW,WA,ANM,WE,Federal Contract Tower,3,1,6,0,10,0,3,56,0,59,3,4,62,0,69,70,0,70,139
04/04/2021,ALW,WA,ANM,WE,Federal Contract Tower,3,0,2,0,5,0,5,7,0,12,3,5,9,0,17,0,0,0,17
04/05/2021,ALW,WA,ANM,WE,Federal Contract Tower,3,1,8,0,12,0,2,32,0,34,3,3,40,0,46,60,0,60,106
04/06/2021,ALW,WA,ANM,WE,Federal Contract Tower,3,1,21,0,25,0,1,42,0,43,3,2,63,0,68,84,0,84,152
04/07/2021,ALW,WA,ANM,WE,Federal Contract Tower,3,0,19,0,22,0,2,19,0,21,3,2,38,0,43,34,0,34,77
04/08/2021,ALW,WA,ANM,WE,Federal Contract Tower,3,0,10,0,13,0,1,15,0,16,3,1,25,0,29,48,0,48,77
04/09/2021,ALW,WA,ANM,WE,Federal Contract Tower,3,4,7,0,14,0,3,59,0,62,3,7,66,0,76,136,0,136,212
04/10/2021,ALW,WA,ANM,WE,Federal Contract Tower,3,2,5,0,10,0,3,1,0,4,3,5,6,0,14,0,0,0,14
04/12/2021,ALW,WA,ANM,WE,Federal Contract Tower,3,5,11,0,19,0,11,35,0,46,3,16,46,0,65,76,0,76,141
04/13/2021,ALW,WA,ANM,WE,Federal Contract Tower,3,2,21,1,27,0,2,43,0,45,3,4,64,1,72,122,0,122,194
04/14/2021,ALW,WA,ANM,WE,Federal Contract Tower,3,3,16,0,22,0,2,40,0,42,3,5,56,0,64,154,0,154,218
04/15/2021,ALW,WA,ANM,WE,Federal Contract Tower,3,7,26,0,36,0,7,55,0,62,3,14,81,0,98,88,0,88,186
04/16/2021,ALW,WA,ANM,WE,Federal Contract Tower,3,3,18,0,24,0,5,38,0,43,3,8,56,0,67,124,0,124,191
04/17/2021,ALW,WA,ANM,WE,Federal Contract Tower,4,1,2,0,7,0,4,60,0,64,4,5,62,0,71,16,0,16,87
04/18/2021,ALW,WA,ANM,WE,Federal Contract Tower,3,0,19,0,22,0,0,67,0,67,3,0,86,0,89,66,0,66,155
04/19/2021,ALW,WA,ANM,WE,Federal Contract Tower,2,2,17,0,21,0,5,53,0,58,2,7,70,0,79,114,0,114,193
04/20/2021,ALW,WA,ANM,WE,Federal Contract Tower,3,2,18,0,23,0,1,91,0,92,3,3,109,0,115,164,0,164,279
04/21/2021,ALW,WA,ANM,WE,Federal Contract Tower,2,2,18,0,22,0,1,78,0,79,2,3,96,0,101,180,0,180,281
04/22/2021,ALW,WA,ANM,WE,Federal Contract Tower,3,2,18,0,23,0,1,58,0,59,3,3,76,0,82,94,0,94,176
04/23/2021,ALW,WA,ANM,WE,Federal Contract Tower,3,5,18,0,26,0,3,111,0,114,3,8,129,0,140,266,0,266,406
04/24/2021,ALW,WA,ANM,WE,Federal Contract Tower,3,2,2,0,7,0,2,1,0,3,3,4,3,0,10,0,0,0,10
04/25/2021,ALW,WA,ANM,WE,Federal Contract Tower,3,5,10,0,18,0,1,40,0,41,3,6,50,0,59,74,0,74,133
04/26/2021,ALW,WA,ANM,WE,Federal Contract Tower,3,2,17,0,22,0,3,61,0,64,3,5,78,0,86,132,0,132,218
04/27/2021,ALW,WA,ANM,WE,Federal Contract Tower,3,2,18,1,24,0,9,84,1,94,3,11,102,2,118,136,0,136,254
04/28/2021,ALW,WA,ANM,WE,Federal Contract Tower,3,0,0,0,3,0,0,67,0,67,3,0,67,0,70,116,0,116,186
04/29/2021,ALW,WA,ANM,WE,Federal Contract Tower,3,2,22,1,28,0,2,61,0,63,3,4,83,1,91,84,0,84,175
04/30/2021,ALW,WA,ANM,WE,Federal Contract Tower,3,4,21,0,28,0,0,43,0,43,3,4,64,0,71,172,0,172,243
05/01/2021,ALW,WA,ANM,WE,Federal Contract Tower,3,2,8,0,13,0,6,18,0,24,3,8,26,0,37,4,0,4,41
05/02/2021,ALW,WA,ANM,WE,Federal Contract Tower,3,1,8,0,12,0,0,70,0,70,3,1,78,0,82,100,0,100,182
05/03/2021,ALW,WA,ANM,WE,Federal Contract Tower,3,2,12,0,17,0,0,55,0,55,3,2,67,0,72,122,0,122,194
05/04/2021,ALW,WA,ANM,WE,Federal Contract Tower,3,4,4,0,11,0,1,48,0,49,3,5,52,0,60,150,0,150,210
05/05/2021,ALW,WA,ANM,WE,Federal Contract Tower,3,6,13,0,22,0,1,66,0,67,3,7,79,0,89,184,0,184,273
05/07/2021,ALW,WA,ANM,WE,Federal Contract Tower,3,2,5,0,10,0,4,96,0,100,3,6,101,0,110,222,0,222,332
05/09/2021,ALW,WA,ANM,WE,Federal Contract Tower,3,1,19,0,23,0,7,48,0,55,3,8,67,0,78,108,0,108,186
05/10/2021,ALW,WA,ANM,WE,Federal Contract Tower,3,2,6,0,11,0,2,62,2,66,3,4,68,2,77,146,2,148,225
05/11/2021,ALW,WA,ANM,WE,Federal Contract Tower,3,2,25,0,30,0,1,70,0,71,3,3,95,0,101,144,0,144,245
05/12/2021,ALW,WA,ANM,WE,Federal Contract Tower,3,2,11,0,16,0,3,53,0,56,3,5,64,0,72,226,0,226,298
05/13/2021,ALW,WA,ANM,WE,Federal Contract Tower,3,1,23,0,27,0,0,81,2,83,3,1,104,2,110,186,0,186,296
05/14/2021,ALW,WA,ANM,WE,Federal Contract Tower,4,8,22,4,38,0,2,54,0,56,4,10,76,4,94,291,0,291,385
05/15/2021,ALW,WA,ANM,WE,Federal Contract Tower,3,0,6,0,9,0,15,57,12,84,3,15,63,12,93,24,0,24,117
05/16/2021,ALW,WA,ANM,WE,Federal Contract Tower,3,3,16,0,22,0,0,61,0,61,3,3,77,0,83,90,0,90,173
05/17/2021,ALW,WA,ANM,WE,Federal Contract Tower,3,4,16,0,23,0,0,61,0,61,3,4,77,0,84,90,0,90,174
05/18/2021,ALW,WA,ANM,WE,Federal Contract Tower,3,5,3,0,11,0,2,6,0,8,3,7,9,0,19,0,0,0,19
05/20/2021,ALW,WA,ANM,WE,Federal Contract Tower,8,2,16,0,26,0,4,34,0,38,8,6,50,0,64,84,0,84,148
05/21/2021,ALW,WA,ANM,WE,Federal Contract Tower,6,2,19,0,27,0,1,59,0,60,6,3,78,0,87,226,0,226,313
05/22/2021,ALW,WA,ANM,WE,Federal Contract Tower,5,1,4,0,10,0,2,37,0,39,5,3,41,0,49,74,0,74,123
05/23/2021,ALW,WA,ANM,WE,Federal Contract Tower,5,0,3,0,8,0,5,36,0,41,5,5,39,0,49,54,0,54,103
05/24/2021,ALW,WA,ANM,WE,Federal Contract Tower,5,4,9,0,18,0,2,27,0,29,5,6,36,0,47,64,0,64,111
05/25/2021,ALW,WA,ANM,WE,Federal Contract Tower,6,3,19,0,28,0,0,0,51,51,6,3,19,51,79,84,0,84,163
05/26/2021,ALW,WA,ANM,WE,Federal Contract Tower,8,2,19,0,29,0,2,83,0,85,8,4,102,0,114,110,0,110,224
05/27/2021,ALW,WA,ANM,WE,Federal Contract Tower,6,3,12,2,23,0,2,52,0,54,6,5,64,2,77,125,0,125,202
05/28/2021,ALW,WA,ANM,WE,Federal Contract Tower,4,2,7,0,13,0,2,45,6,53,4,4,52,6,66,112,2,114,180
05/29/2021,ALW,WA,ANM,WE,Federal Contract Tower,5,2,8,0,15,0,6,76,0,82,5,8,84,0,97,162,0,162,259
05/30/2021,ALW,WA,ANM,WE,Federal Contract Tower,2,0,10,0,12,0,1,70,0,71,2,1,80,0,83,152,0,152,235
05/31/2021,ALW,WA,ANM,WE,Federal Contract Tower,5,0,3,0,8,0,0,58,0,58,5,0,61,0,66,124,0,124,190
06/01/2021,ALW,WA,ANM,WE,Federal Contract Tower,4,1,0,0,5,0,0,0,0,0,4,1,0,0,5,110,0,110,115
06/02/2021,ALW,WA,ANM,WE,Federal Contract Tower,5,4,7,0,16,0,1,54,0,55,5,5,61,0,71,164,0,164,235
06/03/2021,ALW,WA,ANM,WE,Federal Contract Tower,4,2,0,0,6,0,0,42,0,42,4,2,42,0,48,154,0,154,202
06/04/2021,ALW,WA,ANM,WE,Federal Contract Tower,5,2,7,0,14,0,5,76,0,81,5,7,83,0,95,98,0,98,193
06/05/2021,ALW,WA,ANM,WE,Federal Contract Tower,5,0,4,0,9,0,2,27,0,29,5,2,31,0,38,16,0,16,54
06/06/2021,ALW,WA,ANM,WE,Federal Contract Tower,5,2,7,0,14,0,4,47,0,51,5,6,54,0,65,100,0,100,165
06/07/2021,ALW,WA,ANM,WE,Federal Contract Tower,6,4,3,0,13,0,0,32,0,32,6,4,35,0,45,84,0,84,129
06/08/2021,ALW,WA,ANM,WE,Federal Contract Tower,4,9,7,0,20,0,2,62,0,64,4,11,69,0,84,162,0,162,246
06/09/2021,ALW,WA,ANM,WE,Federal Contract Tower,6,3,13,0,22,0,1,56,0,57,6,4,69,0,79,142,0,142,221
06/10/2021,ALW,WA,ANM,WE,Federal Contract Tower,5,3,8,0,16,0,0,37,0,37,5,3,45,0,53,46,0,46,99
06/11/2021,ALW,WA,ANM,WE,Federal Contract Tower,5,3,7,0,15,0,2,47,0,49,5,5,54,0,64,82,0,82,146
06/12/2021,ALW,WA,ANM,WE,Federal Contract Tower,5,2,11,0,18,0,6,48,0,54,5,8,59,0,72,29,0,29,101
06/13/2021,ALW,WA,ANM,WE,Federal Contract Tower,4,3,2,0,9,0,3,17,0,20,4,6,19,0,29,26,0,26,55
06/14/2021,ALW,WA,ANM,WE,Federal Contract Tower,4,2,3,0,9,0,0,21,0,21,4,2,24,0,30,30,0,30,60
06/15/2021,ALW,WA,ANM,WE,Federal Contract Tower,5,1,3,0,9,0,0,17,0,17,5,1,20,0,26,16,0,16,42
06/16/2021,ALW,WA,ANM,WE,Federal Contract Tower,5,2,7,0,14,0,3,40,0,43,5,5,47,0,57,70,0,70,127
06/17/2021,ALW,WA,ANM,WE,Federal Contract Tower,3,4,5,0,12,0,1,42,1,44,3,5,47,1,56,20,0,20,76
06/18/2021,ALW,WA,ANM,WE,Federal Contract Tower,2,3,8,0,13,0,2,45,1,48,2,5,53,1,61,72,0,72,133
06/19/2021,ALW,WA,ANM,WE,Federal Contract Tower,3,0,5,0,8,0,3,22,0,25,3,3,27,0,33,0,0,0,33
06/20/2021,ALW,WA,ANM,WE,Federal Contract Tower,3,2,3,0,8,0,1,35,0,36,3,3,38,0,44,18,0,18,62
06/21/2021,ALW,WA,ANM,WE,Federal Contract Tower,2,4,0,0,6,0,0,21,0,21,2,4,21,0,27,20,0,20,47
06/22/2021,ALW,WA,ANM,WE,Federal Contract Tower,2,3,4,0,9,0,4,37,0,41,2,7,41,0,50,38,0,38,88
06/23/2021,ALW,WA,ANM,WE,Federal Contract Tower,3,5,8,0,16,0,0,21,0,21,3,5,29,0,37,50,0,50,87
06/24/2021,ALW,WA,ANM,WE,Federal Contract Tower,3,2,3,0,8,0,2,36,0,38,3,4,39,0,46,68,0,68,114
06/25/2021,ALW,WA,ANM,WE,Federal Contract Tower,2,5,4,0,11,0,2,34,0,36,2,7,38,0,47,6,0,6,53
06/26/2021,ALW,WA,ANM,WE,Federal Contract Tower,2,0,2,0,4,0,2,22,0,24,2,2,24,0,28,48,0,48,76
06/27/2021,ALW,WA,ANM,WE,Federal Contract Tower,2,1,10,0,13,0,0,47,0,47,2,1,57,0,60,2,0,2,62
06/28/2021,ALW,WA,ANM,WE,Federal Contract Tower,3,2,11,0,16,0,3,22,0,25,3,5,33,0,41,32,0,32,73
06/29/2021,ALW,WA,ANM,WE,Federal Contract Tower,3,3,0,0,6,0,1,39,0,40,3,4,39,0,46,46,0,46,92
06/30/2021,ALW,WA,ANM,WE,Federal Contract Tower,3,3,12,0,18,0,1,77,0,78,3,4,89,0,96,68,0,68,164
07/01/2021,ALW,WA,ANM,WE,Federal Contract Tower,3,4,5,0,12,0,3,37,0,40,3,7,42,0,52,36,0,36,88
07/02/2021,ALW,WA,ANM,WE,Federal Contract Tower,2,5,6,0,13,0,0,39,0,39,2,5,45,0,52,114,0,114,166
07/03/2021,ALW,WA,ANM,WE,Federal Contract Tower,2,1,4,0,7,0,8,51,0,59,2,9,55,0,66,12,0,12,78
07/04/2021,ALW,WA,ANM,WE,Federal Contract Tower,3,0,2,0,5,0,1,57,0,58,3,1,59,0,63,72,0,72,135
07/05/2021,ALW,WA,ANM,WE,Federal Contract Tower,3,2,2,0,7,0,7,62,0,69,3,9,64,0,76,110,0,110,186
07/06/2021,ALW,WA,ANM,WE,Federal Contract Tower,3,2,3,0,8,0,0,76,0,76,3,2,79,0,84,134,0,134,218
07/07/2021,ALW,WA,ANM,WE,Federal Contract Tower,4,4,5,0,13,0,0,54,0,54,4,4,59,0,67,102,0,102,169
07/08/2021,ALW,WA,ANM,WE,Federal Contract Tower,3,2,6,0,11,0,0,141,2,143,3,2,147,2,154,248,0,248,402
07/09/2021,ALW,WA,ANM,WE,Federal Contract Tower,3,2,3,0,8,0,23,74,5,102,3,25,77,5,110,132,0,132,242
07/10/2021,ALW,WA,ANM,WE,Federal Contract Tower,3,0,3,0,6,0,3,59,3,65,3,3,62,3,71,10,0,10,81
07/11/2021,ALW,WA,ANM,WE,Federal Contract Tower,2,2,5,0,9,0,4,98,3,105,2,6,103,3,114,74,4,78,192
07/12/2021,ALW,WA,ANM,WE,Federal Contract Tower,2,6,6,0,14,0,7,85,1,93,2,13,91,1,107,164,0,164,271
07/13/2021,ALW,WA,ANM,WE,Federal Contract Tower,3,6,2,0,11,0,1,108,2,111,3,7,110,2,122,120,0,120,242
07/14/2021,ALW,WA,ANM,WE,Federal Contract Tower,2,3,5,0,10,0,2,111,0,113,2,5,116,0,123,108,0,108,231
07/15/2021,ALW,WA,ANM,WE,Federal Contract Tower,2,4,3,0,9,0,0,72,0,72,2,4,75,0,81,34,1,35,116
07/16/2021,ALW,WA,ANM,WE,Federal Contract Tower,3,4,3,0,10,0,4,100,1,105,3,8,103,1,115,40,0,40,155
07/17/2021,ALW,WA,ANM,WE,Federal Contract Tower,1,1,2,0,4,0,0,52,0,52,1,1,54,0,56,16,0,16,72
07/18/2021,ALW,WA,ANM,WE,Federal Contract Tower,3,1,4,0,8,0,2,84,0,86,3,3,88,0,94,102,0,102,196
07/19/2021,ALW,WA,ANM,WE,Federal Contract Tower,2,1,4,0,7,0,2,94,0,96,2,3,98,0,103,194,2,196,299
07/20/2021,ALW,WA,ANM,WE,Federal Contract Tower,2,3,8,0,13,0,0,97,0,97,2,3,105,0,110,144,0,144,254
07/21/2021,ALW,WA,ANM,WE,Federal Contract Tower,2,2,17,0,21,0,3,100,0,103,2,5,117,0,124,122,0,122,246
07/22/2021,ALW,WA,ANM,WE,Federal Contract Tower,2,2,9,0,13,0,1,110,4,115,2,3,119,4,128,176,4,180,308
07/23/2021,ALW,WA,ANM,WE,Federal Contract Tower,2,1,18,0,21,0,2,110,0,112,2,3,128,0,133,150,0,150,283
07/24/2021,ALW,WA,ANM,WE,Federal Contract Tower,2,0,4,0,6,0,0,79,0,79,2,0,83,0,85,22,0,22,107
07/25/2021,ALW,WA,ANM,WE,Federal Contract Tower,2,0,7,0,9,0,5,113,0,118,2,5,120,0,127,268,0,268,395
07/26/2021,ALW,WA,ANM,WE,Federal Contract Tower,2,2,2,0,6,0,0,107,0,107,2,2,109,0,113,100,0,100,213
07/27/2021,ALW,WA,ANM,WE,Federal Contract Tower,4,2,6,0,12,0,0,93,0,93,4,2,99,0,105,237,0,237,342
07/28/2021,ALW,WA,ANM,WE,Federal Contract Tower,2,6,8,0,16,0,2,79,0,81,2,8,87,0,97,194,0,194,291
07/29/2021,ALW,WA,ANM,WE,Federal Contract Tower,2,3,7,0,12,0,4,102,0,106,2,7,109,0,118,186,0,186,304
07/30/2021,ALW,WA,ANM,WE,Federal Contract Tower,2,2,6,0,10,0,0,70,0,70,2,2,76,0,80,66,0,66,146
07/31/2021,ALW,WA,ANM,WE,Federal Contract Tower,2,0,10,0,12,0,0,58,0,58,2,0,68,0,70,22,0,22,92
08/01/2021,ALW,WA,ANM,WE,Federal Contract Tower,3,0,10,0,13,0,0,30,4,34,3,0,40,4,47,28,0,28,75
08/02/2021,ALW,WA,ANM,WE,Federal Contract Tower,3,1,9,0,13,0,0,45,0,45,3,1,54,0,58,122,0,122,180
08/03/2021,ALW,WA,ANM,WE,Federal Contract Tower,3,2,5,0,10,0,0,76,0,76,3,2,81,0,86,257,0,257,343
08/04/2021,ALW,WA,ANM,WE,Federal Contract Tower,3,5,6,0,14,0,4,84,0,88,3,9,90,0,102,176,0,176,278
08/05/2021,ALW,WA,ANM,WE,Federal Contract Tower,2,3,7,0,12,0,0,46,0,46,2,3,53,0,58,92,0,92,150
08/06/2021,ALW,WA,ANM,WE,Federal Contract Tower,3,2,1,0,6,0,0,71,0,71,3,2,72,0,77,88,0,88,165
08/07/2021,ALW,WA,ANM,WE,Federal Contract Tower,3,0,3,0,6,0,3,82,0,85,3,3,85,0,91,14,0,14,105
08/08/2021,ALW,WA,ANM,WE,Federal Contract Tower,3,0,2,0,5,0,4,52,0,56,3,4,54,0,61,54,0,54,115
08/09/2021,ALW,WA,ANM,WE,Federal Contract Tower,3,4,12,0,19,0,1,82,0,83,3,5,94,0,102,122,0,122,224
08/10/2021,ALW,WA,ANM,WE,Federal Contract Tower,3,2,16,0,21,0,1,75,0,76,3,3,91,0,97,148,0,148,245
08/11/2021,ALW,WA,ANM,WE,Federal Contract Tower,3,2,3,0,8,0,0,69,0,69,3,2,72,0,77,124,0,124,201
08/12/2021,ALW,WA,ANM,WE,Federal Contract Tower,3,8,6,0,17,0,0,41,0,41,3,8,47,0,58,223,0,223,281
08/13/2021,ALW,WA,ANM,WE,Federal Contract Tower,3,4,13,0,20,0,0,16,0,16,3,4,29,0,36,68,0,68,104
08/14/2021,ALW,WA,ANM,WE,Federal Contract Tower,3,0,11,0,14,0,0,3,0,3,3,0,14,0,17,4,0,4,21
08/15/2021,ALW,WA,ANM,WE,Federal Contract Tower,1,1,4,0,6,0,0,0,0,0,1,1,4,0,6,82,0,82,88
08/16/2021,ALW,WA,ANM,WE,Federal Contract Tower,3,3,5,0,11,0,2,47,0,49,3,5,52,0,60,48,0,48,108
08/17/2021,ALW,WA,ANM,WE,Federal Contract Tower,3,2,2,0,7,0,0,10,0,10,3,2,12,0,17,30,0,30,47
08/18/2021,ALW,WA,ANM,WE,Federal Contract Tower,3,3,7,0,13,0,1,72,0,73,3,4,79,0,86,128,0,128,214
08/19/2021,ALW,WA,ANM,WE,Federal Contract Tower,2,1,10,0,13,0,2,83,0,85,2,3,93,0,98,136,0,136,234
08/20/2021,ALW,WA,ANM,WE,Federal Contract Tower,3,1,17,0,21,0,0,54,0,54,3,1,71,0,75,66,0,66,141
08/21/2021,ALW,WA,ANM,WE,Federal Contract Tower,3,0,1,0,4,0,1,45,0,46,3,1,46,0,50,24,0,24,74
08/22/2021,ALW,WA,ANM,WE,Federal Contract Tower,3,0,7,0,10,0,4,45,0,49,3,4,52,0,59,18,0,18,77
08/23/2021,ALW,WA,ANM,WE,Federal Contract Tower,3,2,3,0,8,0,6,44,0,50,3,8,47,0,58,98,0,98,156
08/24/2021,ALW,WA,ANM,WE,Federal Contract Tower,3,3,2,0,8,0,2,50,0,52,3,5,52,0,60,106,0,106,166
08/25/2021,ALW,WA,ANM,WE,Federal Contract Tower,2,4,10,0,16,0,0,51,0,51,2,4,61,0,67,78,0,78,145
08/26/2021,ALW,WA,ANM,WE,Federal Contract Tower,2,1,2,0,5,0,3,46,0,49,2,4,48,0,54,54,0,54,108
08/27/2021,ALW,WA,ANM,WE,Federal Contract Tower,3,6,16,0,25,0,0,41,0,41,3,6,57,0,66,38,0,38,104
08/28/2021,ALW,WA,ANM,WE,Federal Contract Tower,3,0,4,0,7,0,1,65,0,66,3,1,69,0,73,20,0,20,93
08/29/2021,ALW,WA,ANM,WE,Federal Contract Tower,3,0,14,0,17,0,2,87,0,89,3,2,101,0,106,56,0,56,162
08/30/2021,ALW,WA,ANM,WE,Federal Contract Tower,3,6,5,0,14,0,3,40,3,46,3,9,45,3,60,52,0,52,112
08/31/2021,ALW,WA,ANM,WE,Federal Contract Tower,3,3,9,0,15,0,8,54,1,63,3,11,63,1,78,48,0,48,126
09/01/2021,ALW,WA,ANM,WE,Federal Contract Tower,2,3,8,0,13,0,6,71,2,79,2,9,79,2,92,114,0,114,206
09/02/2021,ALW,WA,ANM,WE,Federal Contract Tower,2,2,8,1,13,0,3,56,0,59,2,5,64,1,72,74,0,74,146
09/03/2021,ALW,WA,ANM,WE,Federal Contract Tower,3,5,6,0,14,0,7,103,0,110,3,12,109,0,124,114,0,114,238
09/04/2021,ALW,WA,ANM,WE,Federal Contract Tower,3,1,2,0,6,0,0,52,0,52,3,1,54,0,58,32,0,32,90
09/05/2021,ALW,WA,ANM,WE,Federal Contract Tower,3,0,9,0,12,0,4,32,0,36,3,4,41,0,48,96,0,96,144
09/06/2021,ALW,WA,ANM,WE,Federal Contract Tower,3,0,3,0,6,0,3,44,0,47,3,3,47,0,53,48,0,48,101
09/07/2021,ALW,WA,ANM,WE,Federal Contract Tower,3,4,6,0,13,0,1,40,0,41,3,5,46,0,54,86,0,86,140
09/08/2021,ALW,WA,ANM,WE,Federal Contract Tower,3,2,6,0,11,0,3,34,0,37,3,5,40,0,48,68,0,68,116
09/09/2021,ALW,WA,ANM,WE,Federal Contract Tower,3,2,7,0,12,0,2,30,0,32,3,4,37,0,44,60,0,60,104
09/10/2021,ALW,WA,ANM,WE,Federal Contract Tower,3,7,7,0,17,0,1,14,0,15,3,8,21,0,32,28,0,28,60
09/11/2021,ALW,WA,ANM,WE,Federal Contract Tower,3,0,4,0,7,0,0,33,0,33,3,0,37,0,40,32,0,32,72
09/12/2021,ALW,WA,ANM,WE,Federal Contract Tower,3,5,4,0,12,0,2,18,0,20,3,7,22,0,32,76,0,76,108
09/13/2021,ALW,WA,ANM,WE,Federal Contract Tower,3,4,5,0,12,0,5,47,0,52,3,9,52,0,64,69,0,69,133
09/14/2021,ALW,WA,ANM,WE,Federal Contract Tower,3,3,13,1,20,0,1,42,0,43,3,4,55,1,63,84,2,86,149
09/15/2021,ALW,WA,ANM,WE,Federal Contract Tower,3,4,15,0,22,0,1,30,0,31,3,5,45,0,53,56,0,56,109
09/16/2021,ALW,WA,ANM,WE,Federal Contract Tower,3,4,2,0,9,0,3,47,0,50,3,7,49,0,59,90,0,90,149
09/17/2021,ALW,WA,ANM,WE,Federal Contract Tower,3,4,3,0,10,0,0,44,0,44,3,4,47,0,54,67,0,67,121
09/18/2021,ALW,WA,ANM,WE,Federal Contract Tower,3,0,14,0,17,0,0,3,0,3,3,0,17,0,20,20,0,20,40
09/19/2021,ALW,WA,ANM,WE,Federal Contract Tower,3,1,8,0,12,0,3,10,0,13,3,4,18,0,25,24,0,24,49
09/20/2021,ALW,WA,ANM,WE,Federal Contract Tower,3,7,19,0,29,0,4,54,0,58,3,11,73,0,87,50,0,50,137
09/21/2021,ALW,WA,ANM,WE,Federal Contract Tower,3,3,9,0,15,0,3,49,0,52,3,6,58,0,67,104,0,104,171
09/22/2021,ALW,WA,ANM,WE,Federal Contract Tower,3,5,3,0,11,0,7,50,0,57,3,12,53,0,68,76,0,76,144
09/23/2021,ALW,WA,ANM,WE,Federal Contract Tower,3,2,10,0,15,0,0,47,0,47,3,2,57,0,62,100,0,100,162
09/24/2021,ALW,WA,ANM,WE,Federal Contract Tower,3,2,14,0,19,0,7,49,0,56,3,9,63,0,75,66,0,66,141
09/25/2021,ALW,WA,ANM,WE,Federal Contract Tower,3,0,10,0,13,0,3,72,0,75,3,3,82,0,88,22,0,22,110
09/26/2021,ALW,WA,ANM,WE,Federal Contract Tower,3,2,18,0,23,0,3,53,0,56,3,5,71,0,79,16,0,16,95
09/27/2021,ALW,WA,ANM,WE,Federal Contract Tower,3,3,7,0,13,0,1,29,0,30,3,4,36,0,43,28,0,28,71
09/28/2021,ALW,WA,ANM,WE,Federal Contract Tower,3,6,16,0,25,0,0,51,0,51,3,6,67,0,76,84,0,84,160
09/29/2021,ALW,WA,ANM,WE,Federal Contract Tower,3,2,7,0,12,0,3,64,0,67,3,5,71,0,79,142,0,142,221
09/30/2021,ALW,WA,ANM,WE,Federal Contract Tower,3,2,6,16,27,0,7,46,0,53,3,9,52,16,80,100,4,104,184
10/01/2021,ALW,WA,ANM,WE,Federal Contract Tower,3,1,21,0,25,0,4,69,0,73,3,5,90,0,98,76,0,76,174
10/02/2021,ALW,WA,ANM,WE,Federal Contract Tower,3,1,5,0,9,0,2,87,0,89,3,3,92,0,98,44,0,44,142
10/03/2021,ALW,WA,ANM,WE,Federal Contract Tower,2,1,6,0,9,0,2,71,0,73,2,3,77,0,82,64,0,64,146
10/04/2021,ALW,WA,ANM,WE,Federal Contract Tower,2,6,15,2,25,0,1,66,2,69,2,7,81,4,94,124,0,124,218
10/05/2021,ALW,WA,ANM,WE,Federal Contract Tower,3,2,16,2,23,0,4,58,0,62,3,6,74,2,85,54,0,54,139
10/06/2021,ALW,WA,ANM,WE,Federal Contract Tower,3,8,32,0,43,0,3,49,0,52,3,11,81,0,95,84,0,84,179
10/07/2021,ALW,WA,ANM,WE,Federal Contract Tower,2,2,20,0,24,0,2,57,0,59,2,4,77,0,83,122,0,122,205
10/08/2021,ALW,WA,ANM,WE,Federal Contract Tower,2,4,9,0,15,0,7,73,0,80,2,11,82,0,95,86,0,86,181
10/09/2021,ALW,WA,ANM,WE,Federal Contract Tower,3,0,7,0,10,0,3,39,0,42,3,3,46,0,52,32,0,32,84
10/10/2021,ALW,WA,ANM,WE,Federal Contract Tower,2,4,2,0,8,0,1,15,0,16,2,5,17,0,24,20,0,20,44
10/11/2021,ALW,WA,ANM,WE,Federal Contract Tower,2,3,23,0,28,0,0,44,0,44,2,3,67,0,72,76,0,76,148
10/12/2021,ALW,WA,ANM,WE,Federal Contract Tower,0,3,5,0,8,0,2,63,0,65,0,5,68,0,73,56,0,56,129
10/13/2021,ALW,WA,ANM,WE,Federal Contract Tower,0,4,9,0,13,0,1,31,0,32,0,5,40,0,45,60,0,60,105
10/14/2021,ALW,WA,ANM,WE,Federal Contract Tower,2,3,9,0,14,0,6,52,0,58,2,9,61,0,72,122,0,122,194
10/15/2021,ALW,WA,ANM,WE,Federal Contract Tower,2,7,14,0,23,0,1,83,0,84,2,8,97,0,107,94,0,94,201
10/16/2021,ALW,WA,ANM,WE,Federal Contract Tower,0,2,6,0,8,0,4,47,0,51,0,6,53,0,59,0,0,0,59
10/17/2021,ALW,WA,ANM,WE,Federal Contract Tower,2,2,7,0,11,0,4,36,0,40,2,6,43,0,51,54,0,54,105
10/18/2021,ALW,WA,ANM,WE,Federal Contract Tower,2,7,15,0,24,0,2,51,0,53,2,9,66,0,77,102,0,102,179
10/19/2021,ALW,WA,ANM,WE,Federal Contract Tower,0,8,15,0,23,0,3,62,0,65,0,11,77,0,88,92,0,92,180
10/20/2021,ALW,WA,ANM,WE,Federal Contract Tower,0,7,11,0,18,0,2,30,0,32,0,9,41,0,50,73,0,73,123
10/21/2021,ALW,WA,ANM,WE,Federal Contract Tower,2,2,18,0,22,0,5,57,0,62,2,7,75,0,84,132,0,132,216
10/22/2021,ALW,WA,ANM,WE,Federal Contract Tower,2,11,26,0,39,0,0,11,0,11,2,11,37,0,50,52,0,52,102
10/23/2021,ALW,WA,ANM,WE,Federal Contract Tower,0,2,3,0,5,0,10,29,2,41,0,12,32,2,46,28,0,28,74
10/24/2021,ALW,WA,ANM,WE,Federal Contract Tower,0,2,3,0,5,0,0,0,0,0,0,2,3,0,5,0,0,0,5
10/25/2021,ALW,WA,ANM,WE,Federal Contract Tower,2,5,16,0,23,0,0,51,0,51,2,5,67,0,74,74,0,74,148
10/26/2021,ALW,WA,ANM,WE,Federal Contract Tower,0,2,30,0,32,0,2,26,0,28,0,4,56,0,60,58,0,58,118
10/27/2021,ALW,WA,ANM,WE,Federal Contract Tower,0,6,13,0,19,0,3,29,0,32,0,9,42,0,51,98,0,98,149
10/28/2021,ALW,WA,ANM,WE,Federal Contract Tower,2,8,7,0,17,0,4,20,0,24,2,12,27,0,41,98,0,98,139
10/29/2021,ALW,WA,ANM,WE,Federal Contract Tower,3,6,24,0,33,0,0,10,0,10,3,6,34,0,43,26,0,26,69
10/30/2021,ALW,WA,ANM,WE,Federal Contract Tower,0,3,8,0,11,0,4,39,0,43,0,7,47,0,54,32,0,32,86
10/31/2021,ALW,WA,ANM,WE,Federal Contract Tower,2,2,13,0,17,0,0,23,0,23,2,2,36,0,40,68,0,68,108
11/01/2021,ALW,WA,ANM,WE,Federal Contract Tower,2,4,24,0,30,0,0,14,0,14,2,4,38,0,44,18,0,18,62
11/02/2021,ALW,WA,ANM,WE,Federal Contract Tower,0,2,56,0,58,0,0,0,0,0,0,2,56,0,58,0,0,0,58
11/03/2021,ALW,WA,ANM,WE,Federal Contract Tower,0,2,42,0,44,0,0,0,0,0,0,2,42,0,44,0,0,0,44
11/04/2021,ALW,WA,ANM,WE,Federal Contract Tower,2,4,14,0,20,0,0,16,1,17,2,4,30,1,37,72,0,72,109
11/05/2021,ALW,WA,ANM,WE,Federal Contract Tower,2,4,10,0,16,0,1,52,1,54,2,5,62,1,70,160,0,160,230
11/06/2021,ALW,WA,ANM,WE,Federal Contract Tower,3,2,3,0,8,0,1,25,0,26,3,3,28,0,34,40,0,40,74
11/07/2021,ALW,WA,ANM,WE,Federal Contract Tower,3,1,6,0,10,0,3,40,0,43,3,4,46,0,53,54,0,54,107
11/08/2021,ALW,WA,ANM,WE,Federal Contract Tower,3,3,21,2,29,0,3,54,0,57,3,6,75,2,86,78,0,78,164
11/09/2021,ALW,WA,ANM,WE,Federal Contract Tower,2,4,16,0,22,0,2,13,0,15,2,6,29,0,37,24,0,24,61
11/10/2021,ALW,WA,ANM,WE,Federal Contract Tower,5,3,11,0,19,0,4,61,0,65,5,7,72,0,84,170,0,170,254
11/11/2021,ALW,WA,ANM,WE,Federal Contract Tower,2,4,26,0,32,0,0,0,0,0,2,4,26,0,32,0,0,0,32
11/12/2021,ALW,WA,ANM,WE,Federal Contract Tower,3,2,23,0,28,0,3,15,0,18,3,5,38,0,46,124,0,124,170
11/13/2021,ALW,WA,ANM,WE,Federal Contract Tower,2,0,2,0,4,0,3,52,0,55,2,3,54,0,59,52,0,52,111
11/14/2021,ALW,WA,ANM,WE,Federal Contract Tower,2,0,4,0,6,0,4,17,0,21,2,4,21,0,27,6,0,6,33
11/15/2021,ALW,WA,ANM,WE,Federal Contract Tower,2,2,3,0,7,0,1,25,0,26,2,3,28,0,33,52,0,52,85
11/16/2021,ALW,WA,ANM,WE,Federal Contract Tower,2,5,11,1,19,0,4,46,1,51,2,9,57,2,70,130,0,130,200
11/17/2021,ALW,WA,ANM,WE,Federal Contract Tower,3,5,28,2,38,0,1,42,0,43,3,6,70,2,81,136,0,136,217
11/18/2021,ALW,WA,ANM,WE,Federal Contract Tower,3,4,12,0,19,0,0,24,2,26,3,4,36,2,45,126,0,126,171
11/19/2021,ALW,WA,ANM,WE,Federal Contract Tower,2,3,2,0,7,0,0,2,0,2,2,3,4,0,9,8,0,8,17
11/20/2021,ALW,WA,ANM,WE,Federal Contract Tower,2,1,6,0,9,0,0,44,0,44,2,1,50,0,53,58,0,58,111
11/21/2021,ALW,WA,ANM,WE,Federal Contract Tower,2,2,0,0,4,0,0,0,0,0,2,2,0,0,4,0,0,0,4
11/22/2021,ALW,WA,ANM,WE,Federal Contract Tower,2,3,7,0,12,0,0,0,0,0,2,3,7,0,12,0,0,0,12
11/23/2021,ALW,WA,ANM,WE,Federal Contract Tower,2,3,2,0,7,0,2,2,0,4,2,5,4,0,11,0,0,0,11
11/24/2021,ALW,WA,ANM,WE,Federal Contract Tower,2,3,5,0,10,0,1,33,0,34,2,4,38,0,44,36,0,36,80
11/25/2021,ALW,WA,ANM,WE,Federal Contract Tower,1,2,2,0,5,0,4,8,0,12,1,6,10,0,17,2,0,2,19
11/26/2021,ALW,WA,ANM,WE,Federal Contract Tower,2,2,4,0,8,0,5,15,0,20,2,7,19,0,28,18,0,18,46
11/27/2021,ALW,WA,ANM,WE,Federal Contract Tower,2,0,10,0,12,0,5,17,0,22,2,5,27,0,34,36,0,36,70
11/28/2021,ALW,WA,ANM,WE,Federal Contract Tower,2,2,4,0,8,0,1,26,0,27,2,3,30,0,35,66,0,66,101
11/29/2021,ALW,WA,ANM,WE,Federal Contract Tower,2,4,11,0,17,0,0,15,0,15,2,4,26,0,32,50,0,50,82
11/30/2021,ALW,WA,ANM,WE,Federal Contract Tower,2,13,15,1,31,0,3,25,0,28,2,16,40,1,59,124,0,124,183
12/01/2021,ALW,WA,ANM,WE,Federal Contract Tower,2,2,17,1,22,0,3,33,0,36,2,5,50,1,58,124,0,124,182
12/02/2021,ALW,WA,ANM,WE,Federal Contract Tower,2,4,11,0,17,0,5,31,0,36,2,9,42,0,53,82,0,82,135
12/03/2021,ALW,WA,ANM,WE,Federal Contract Tower,2,3,8,0,13,0,3,61,0,64,2,6,69,0,77,194,0,194,271
12/04/2021,ALW,WA,ANM,WE,Federal Contract Tower,2,1,10,0,13,0,4,5,0,9,2,5,15,0,22,60,0,60,82
12/05/2021,ALW,WA,ANM,WE,Federal Contract Tower,2,2,5,0,9,0,0,31,0,31,2,2,36,0,40,96,0,96,136
12/06/2021,ALW,WA,ANM,WE,Federal Contract Tower,2,2,15,0,19,0,0,5,0,5,2,2,20,0,24,20,0,20,44
12/07/2021,ALW,WA,ANM,WE,Federal Contract Tower,2,2,11,0,15,0,0,2,0,2,2,2,13,0,17,0,0,0,17
12/08/2021,ALW,WA,ANM,WE,Federal Contract Tower,2,4,12,2,20,0,0,13,0,13,2,4,25,2,33,0,0,0,33
12/09/2021,ALW,WA,ANM,WE,Federal Contract Tower,2,3,13,0,18,0,1,22,0,23,2,4,35,0,41,116,0,116,157
12/10/2021,ALW,WA,ANM,WE,Federal Contract Tower,2,6,14,0,22,0,0,28,0,28,2,6,42,0,50,84,0,84,134
12/11/2021,ALW,WA,ANM,WE,Federal Contract Tower,2,2,2,0,6,0,0,0,0,0,2,2,2,0,6,0,0,0,6
12/12/2021,ALW,WA,ANM,WE,Federal Contract Tower,2,0,3,0,5,0,1,16,0,17,2,1,19,0,22,28,0,28,50
12/13/2021,ALW,WA,ANM,WE,Federal Contract Tower,2,6,12,0,20,0,0,15,0,15,2,6,27,0,35,38,0,38,73
12/14/2021,ALW,WA,ANM,WE,Federal Contract Tower,2,4,10,0,16,0,3,36,0,39,2,7,46,0,55,52,0,52,107
12/15/2021,ALW,WA,ANM,WE,Federal Contract Tower,2,4,12,0,18,0,0,24,0,24,2,4,36,0,42,16,0,16,58
12/16/2021,ALW,WA,ANM,WE,Federal Contract Tower,2,4,2,0,8,0,1,6,0,7,2,5,8,0,15,8,0,8,23
12/17/2021,ALW,WA,ANM,WE,Federal Contract Tower,2,8,7,0,17,0,4,41,0,45,2,12,48,0,62,28,0,28,90
12/18/2021,ALW,WA,ANM,WE,Federal Contract Tower,2,0,2,0,4,0,0,8,0,8,2,0,10,0,12,0,0,0,12
12/19/2021,ALW,WA,ANM,WE,Federal Contract Tower,2,2,2,0,6,0,0,0,0,0,2,2,2,0,6,0,0,0,6
12/20/2021,ALW,WA,ANM,WE,Federal Contract Tower,2,2,1,0,5,0,0,0,0,0,2,2,1,0,5,0,0,0,5
12/21/2021,ALW,WA,ANM,WE,Federal Contract Tower,2,5,1,0,8,0,0,0,0,0,2,5,1,0,8,0,0,0,8
12/22/2021,ALW,WA,ANM,WE,Federal Contract Tower,2,3,0,0,5,0,1,17,0,18,2,4,17,0,23,24,0,24,47
12/23/2021,ALW,WA,ANM,WE,Federal Contract Tower,2,9,0,0,11,0,1,2,0,3,2,10,2,0,14,2,0,2,16
12/24/2021,ALW,WA,ANM,WE,Federal Contract Tower,2,6,1,0,9,0,0,8,0,8,2,6,9,0,17,2,0,2,19
12/25/2021,ALW,WA,ANM,WE,Federal Contract Tower,2,1,2,0,5,0,1,12,0,13,2,2,14,0,18,12,0,12,30
12/27/2021,ALW,WA,ANM,WE,Federal Contract Tower,2,2,6,0,10,0,2,2,0,4,2,4,8,0,14,0,0,0,14
12/28/2021,ALW,WA,ANM,WE,Federal Contract Tower,3,2,2,0,7,0,0,0,0,0,3,2,2,0,7,0,0,0,7
12/29/2021,ALW,WA,ANM,WE,Federal Contract Tower,3,2,0,0,5,0,0,0,0,0,3,2,0,0,5,0,0,0,5
12/30/2021,ALW,WA,ANM,WE,Federal Contract Tower,0,0,2,0,2,0,0,0,0,0,0,0,2,0,2,0,0,0,2
12/31/2021,ALW,WA,ANM,WE,Federal Contract Tower,3,5,0,0,8,0,0,5,0,5,3,5,5,0,13,0,0,0,13
01/01/2022,ALW,WA,ANM,WE,Federal Contract Tower,3,3,2,0,8,0,1,2,0,3,3,4,4,0,11,0,0,0,11
01/02/2022,ALW,WA,ANM,WE,Federal Contract Tower,2,0,4,0,6,0,1,2,0,3,2,1,6,0,9,14,0,14,23
01/03/2022,ALW,WA,ANM,WE,Federal Contract Tower,2,0,1,0,3,0,0,0,0,0,2,0,1,0,3,0,0,0,3
01/04/2022,ALW,WA,ANM,WE,Federal Contract Tower,3,4,0,0,7,0,0,0,0,0,3,4,0,0,7,36,0,36,43
01/05/2022,ALW,WA,ANM,WE,Federal Contract Tower,3,0,1,0,4,0,0,0,0,0,3,0,1,0,4,0,0,0,4
01/06/2022,ALW,WA,ANM,WE,Federal Contract Tower,3,2,2,0,7,0,0,0,0,0,3,2,2,0,7,0,0,0,7
01/07/2022,ALW,WA,ANM,WE,Federal Contract Tower,2,2,4,0,8,0,2,0,0,2,2,4,4,0,10,0,0,0,10
01/08/2022,ALW,WA,ANM,WE,Federal Contract Tower,3,0,9,0,12,0,0,30,0,30,3,0,39,0,42,4,0,4,46
01/09/2022,ALW,WA,ANM,WE,Federal Contract Tower,3,3,7,0,13,0,2,42,0,44,3,5,49,0,57,82,0,82,139
01/10/2022,ALW,WA,ANM,WE,Federal Contract Tower,3,2,4,0,9,0,0,3,0,3,3,2,7,0,12,18,0,18,30
01/11/2022,ALW,WA,ANM,WE,Federal Contract Tower,3,6,9,0,18,0,0,18,0,18,3,6,27,0,36,40,0,40,76
01/12/2022,ALW,WA,ANM,WE,Federal Contract Tower,3,2,26,0,31,0,3,24,0,27,3,5,50,0,58,70,0,70,128
01/13/2022,ALW,WA,ANM,WE,Federal Contract Tower,3,2,32,0,37,0,4,20,1,25,3,6,52,1,62,120,0,120,182
01/14/2022,ALW,WA,ANM,WE,Federal Contract Tower,1,2,2,0,5,0,0,0,0,0,1,2,2,0,5,0,0,0,5
01/15/2022,ALW,WA,ANM,WE,Federal Contract Tower,2,0,6,0,8,0,0,0,0,0,2,0,6,0,8,0,0,0,8
01/16/2022,ALW,WA,ANM,WE,Federal Contract Tower,2,0,2,0,4,0,0,0,0,0,2,0,2,0,4,0,0,0,4
01/17/2022,ALW,WA,ANM,WE,Federal Contract Tower,2,1,1,0,4,0,0,8,0,8,2,1,9,0,12,28,0,28,40
01/18/2022,ALW,WA,ANM,WE,Federal Contract Tower,2,2,16,0,20,0,0,18,0,18,2,2,34,0,38,70,0,70,108
01/19/2022,ALW,WA,ANM,WE,Federal Contract Tower,2,2,2,0,6,0,0,0,0,0,2,2,2,0,6,0,0,0,6
01/20/2022,ALW,WA,ANM,WE,Federal Contract Tower,2,6,33,2,43,0,4,22,0,26,2,10,55,2,69,90,0,90,159
01/21/2022,ALW,WA,ANM,WE,Federal Contract Tower,2,4,26,0,32,0,1,64,0,65,2,5,90,0,97,216,0,216,313
01/22/2022,ALW,WA,ANM,WE,Federal Contract Tower,1,2,3,0,6,0,0,0,0,0,1,2,3,0,6,0,0,0,6
01/23/2022,ALW,WA,ANM,WE,Federal Contract Tower,2,0,1,0,3,0,0,0,0,0,2,0,1,0,3,0,0,0,3
01/24/2022,ALW,WA,ANM,WE,Federal Contract Tower,2,3,2,0,7,0,0,0,0,0,2,3,2,0,7,0,0,0,7
01/25/2022,ALW,WA,ANM,WE,Federal Contract Tower,3,3,3,0,9,0,0,0,0,0,3,3,3,0,9,0,0,0,9
01/26/2022,ALW,WA,ANM,WE,Federal Contract Tower,3,4,4,0,11,0,0,0,0,0,3,4,4,0,11,0,0,0,11
01/27/2022,ALW,WA,ANM,WE,Federal Contract Tower,3,3,6,0,12,0,0,2,0,2,3,3,8,0,14,0,0,0,14
01/28/2022,ALW,WA,ANM,WE,Federal Contract Tower,3,2,5,0,10,0,0,9,0,9,3,2,14,0,19,26,0,26,45
01/29/2022,ALW,WA,ANM,WE,Federal Contract Tower,3,0,9,0,12,0,2,7,0,9,3,2,16,0,21,20,0,20,41
01/30/2022,ALW,WA,ANM,WE,Federal Contract Tower,3,0,9,0,12,0,0,22,0,22,3,0,31,0,34,62,0,62,96
01/31/2022,ALW,WA,ANM,WE,Federal Contract Tower,3,2,13,0,18,0,2,5,2,9,3,4,18,2,27,12,0,12,39
02/01/2022,ALW,WA,ANM,WE,Federal Contract Tower,2,6,17,0,25,0,2,41,0,43,2,8,58,0,68,112,0,112,180
02/02/2022,ALW,WA,ANM,WE,Federal Contract Tower,3,3,23,0,29,0,2,27,0,29,3,5,50,0,58,34,0,34,92
02/03/2022,ALW,WA,ANM,WE,Federal Contract Tower,3,4,7,0,14,0,1,27,0,28,3,5,34,0,42,72,0,72,114
02/04/2022,ALW,WA,ANM,WE,Federal Contract Tower,3,2,10,0,15,0,0,6,0,6,3,2,16,0,21,70,0,70,91
02/05/2022,ALW,WA,ANM,WE,Federal Contract Tower,2,0,7,0,9,0,2,30,0,32,2,2,37,0,41,16,0,16,57
02/06/2022,ALW,WA,ANM,WE,Federal Contract Tower,3,0,17,0,20,0,2,45,0,47,3,2,62,0,67,102,0,102,169
02/07/2022,ALW,WA,ANM,WE,Federal Contract Tower,3,3,7,0,13,0,0,15,0,15,3,3,22,0,28,20,0,20,48
02/08/2022,ALW,WA,ANM,WE,Federal Contract Tower,2,4,20,0,26,0,1,36,0,37,2,5,56,0,63,88,0,88,151
02/09/2022,ALW,WA,ANM,WE,Federal Contract Tower,2,7,12,0,21,0,3,27,2,32,2,10,39,2,53,44,0,44,97
02/10/2022,ALW,WA,ANM,WE,Federal Contract Tower,2,3,3,0,8,0,2,30,0,32,2,5,33,0,40,94,0,94,134
02/11/2022,ALW,WA,ANM,WE,Federal Contract Tower,3,2,11,0,16,0,2,35,0,37,3,4,46,0,53,74,0,74,127
02/12/2022,ALW,WA,ANM,WE,Federal Contract Tower,3,1,5,0,9,0,0,62,0,62,3,1,67,0,71,60,0,60,131
02/13/2022,ALW,WA,ANM,WE,Federal Contract Tower,3,0,2,0,5,0,5,46,0,51,3,5,48,0,56,20,0,20,76
02/14/2022,ALW,WA,ANM,WE,Federal Contract Tower,3,4,10,0,17,0,0,11,0,11,3,4,21,0,28,10,0,10,38
02/15/2022,ALW,WA,ANM,WE,Federal Contract Tower,3,2,6,0,11,0,0,37,0,37,3,2,43,0,48,88,0,88,136
02/16/2022,ALW,WA,ANM,WE,Federal Contract Tower,3,3,14,0,20,0,5,33,4,42,3,8,47,4,62,28,0,28,90
02/17/2022,ALW,WA,ANM,WE,Federal Contract Tower,3,2,16,0,21,0,1,30,0,31,3,3,46,0,52,84,0,84,136
02/18/2022,ALW,WA,ANM,WE,Federal Contract Tower,3,4,31,0,38,0,0,52,0,52,3,4,83,0,90,138,0,138,228
02/19/2022,ALW,WA,ANM,WE,Federal Contract Tower,2,0,4,0,6,0,2,20,0,22,2,2,24,0,28,34,0,34,62
02/20/2022,ALW,WA,ANM,WE,Federal Contract Tower,3,1,1,0,5,0,2,2,0,4,3,3,3,0,9,0,0,0,9
02/21/2022,ALW,WA,ANM,WE,Federal Contract Tower,3,2,1,0,6,0,1,5,0,6,3,3,6,0,12,34,0,34,46
02/22/2022,ALW,WA,ANM,WE,Federal Contract Tower,3,2,4,0,9,0,1,4,0,5,3,3,8,0,14,10,0,10,24
02/23/2022,ALW,WA,ANM,WE,Federal Contract Tower,3,6,28,0,37,0,1,35,0,36,3,7,63,0,73,36,0,36,109
02/24/2022,ALW,WA,ANM,WE,Federal Contract Tower,3,5,7,0,15,0,0,0,0,0,3,5,7,0,15,0,0,0,15
02/25/2022,ALW,WA,ANM,WE,Federal Contract Tower,3,2,28,0,33,0,0,46,0,46,3,2,74,0,79,148,0,148,227
02/26/2022,ALW,WA,ANM,WE,Federal Contract Tower,3,0,6,0,9,0,0,31,0,31,3,0,37,0,40,44,0,44,84
02/27/2022,ALW,WA,ANM,WE,Federal Contract Tower,2,0,9,0,11,0,1,18,0,19,2,1,27,0,30,12,0,12,42
02/28/2022,ALW,WA,ANM,WE,Federal Contract Tower,3,4,0,0,7,0,0,0,0,0,3,4,0,0,7,0,0,0,7
03/01/2022,ALW,WA,ANM,WE,Federal Contract Tower,3,6,14,0,23,0,3,38,0,41,3,9,52,0,64,46,0,46,110
03/02/2022,ALW,WA,ANM,WE,Federal Contract Tower,2,2,27,0,31,0,1,4,0,5,2,3,31,0,36,14,0,14,50
03/03/2022,ALW,WA,ANM,WE,Federal Contract Tower,3,4,27,0,34,0,0,10,0,10,3,4,37,0,44,48,0,48,92
03/04/2022,ALW,WA,ANM,WE,Federal Contract Tower,3,4,21,0,28,0,0,58,0,58,3,4,79,0,86,142,0,142,228
03/05/2022,ALW,WA,ANM,WE,Federal Contract Tower,3,3,7,0,13,0,0,29,0,29,3,3,36,0,42,30,0,30,72
03/06/2022,ALW,WA,ANM,WE,Federal Contract Tower,3,2,8,0,13,0,0,39,0,39,3,2,47,0,52,78,0,78,130
03/07/2022,ALW,WA,ANM,WE,Federal Contract Tower,3,2,16,0,21,0,4,42,0,46,3,6,58,0,67,40,0,40,107
03/08/2022,ALW,WA,ANM,WE,Federal Contract Tower,3,6,15,0,24,0,2,21,0,23,3,8,36,0,47,26,0,26,73
03/09/2022,ALW,WA,ANM,WE,Federal Contract Tower,3,2,28,0,33,0,1,53,0,54,3,3,81,0,87,110,0,110,197
03/10/2022,ALW,WA,ANM,WE,Federal Contract Tower,3,4,25,1,33,0,2,38,1,41,3,6,63,2,74,162,0,162,236
03/11/2022,ALW,WA,ANM,WE,Federal Contract Tower,3,6,15,0,24,0,2,47,0,49,3,8,62,0,73,146,0,146,219
03/12/2022,ALW,WA,ANM,WE,Federal Contract Tower,3,0,10,0,13,0,2,39,0,41,3,2,49,0,54,86,0,86,140
03/13/2022,ALW,WA,ANM,WE,Federal Contract Tower,2,2,6,0,10,0,0,9,0,9,2,2,15,0,19,28,0,28,47
03/14/2022,ALW,WA,ANM,WE,Federal Contract Tower,3,2,6,0,11,0,2,32,0,34,3,4,38,0,45,28,0,28,73
03/15/2022,ALW,WA,ANM,WE,Federal Contract Tower,2,2,11,0,15,0,0,19,0,19,2,2,30,0,34,40,0,40,74
03/16/2022,ALW,WA,ANM,WE,Federal Contract Tower,3,6,8,0,17,0,3,37,0,40,3,9,45,0,57,54,0,54,111
03/17/2022,ALW,WA,ANM,WE,Federal Contract Tower,3,4,7,0,14,0,0,21,0,21,3,4,28,0,35,48,0,48,83
03/18/2022,ALW,WA,ANM,WE,Federal Contract Tower,2,2,2,0,6,0,2,28,3,33,2,4,30,3,39,54,0,54,93
03/19/2022,ALW,WA,ANM,WE,Federal Contract Tower,3,0,0,0,3,0,6,5,0,11,3,6,5,0,14,48,0,48,62
03/20/2022,ALW,WA,ANM,WE,Federal Contract Tower,2,2,7,0,11,0,2,9,0,11,2,4,16,0,22,8,0,8,30
03/21/2022,ALW,WA,ANM,WE,Federal Contract Tower,2,4,3,2,11,0,0,7,0,7,2,4,10,2,18,12,0,12,30
03/22/2022,ALW,WA,ANM,WE,Federal Contract Tower,3,6,4,0,13,0,4,19,0,23,3,10,23,0,36,68,0,68,104
03/23/2022,ALW,WA,ANM,WE,Federal Contract Tower,3,2,13,0,18,0,0,16,0,16,3,2,29,0,34,10,0,10,44
03/24/2022,ALW,WA,ANM,WE,Federal Contract Tower,3,2,10,1,16,0,2,22,0,24,3,4,32,1,40,46,0,46,86
03/25/2022,ALW,WA,ANM,WE,Federal Contract Tower,3,5,11,0,19,0,0,19,0,19,3,5,30,0,38,0,0,0,38
03/26/2022,ALW,WA,ANM,WE,Federal Contract Tower,3,0,12,0,15,0,1,15,0,16,3,1,27,0,31,4,0,4,35
03/27/2022,ALW,WA,ANM,WE,Federal Contract Tower,2,0,11,0,13,0,0,45,0,45,2,0,56,0,58,2,0,2,60
03/28/2022,ALW,WA,ANM,WE,Federal Contract Tower,3,2,11,0,16,0,1,16,0,17,3,3,27,0,33,76,0,76,109
03/29/2022,ALW,WA,ANM,WE,Federal Contract Tower,2,1,9,0,12,0,1,26,2,29,2,2,35,2,41,40,0,40,81
03/30/2022,ALW,WA,ANM,WE,Federal Contract Tower,2,1,11,0,14,0,2,13,0,15,2,3,24,0,29,22,0,22,51
03/31/2022,ALW,WA,ANM,WE,Federal Contract Tower,3,4,5,0,12,0,5,23,0,28,3,9,28,0,40,14,0,14,54
04/01/2022,ALW,WA,ANM,WE,Federal Contract Tower,3,2,17,0,22,0,6,43,0,49,3,8,60,0,71,70,0,70,141
04/02/2022,ALW,WA,ANM,WE,Federal Contract Tower,3,3,9,0,15,0,2,12,0,14,3,5,21,0,29,20,0,20,49
04/03/2022,ALW,WA,ANM,WE,Federal Contract Tower,2,0,8,0,10,0,7,38,0,45,2,7,46,0,55,100,0,100,155
04/04/2022,ALW,WA,ANM,WE,Federal Contract Tower,3,0,0,0,3,0,0,0,0,0,3,0,0,0,3,0,0,0,3
04/05/2022,ALW,WA,ANM,WE,Federal Contract Tower,3,2,1,0,6,0,1,4,0,5,3,3,5,0,11,0,0,0,11
04/06/2022,ALW,WA,ANM,WE,Federal Contract Tower,3,5,17,0,25,0,0,41,0,41,3,5,58,0,66,58,0,58,124
04/07/2022,ALW,WA,ANM,WE,Federal Contract Tower,3,2,13,2,20,0,0,38,0,38,3,2,51,2,58,142,0,142,200
04/08/2022,ALW,WA,ANM,WE,Federal Contract Tower,2,3,7,0,12,0,2,7,0,9,2,5,14,0,21,4,0,4,25
04/09/2022,ALW,WA,ANM,WE,Federal Contract Tower,3,1,3,0,7,0,2,7,0,9,3,3,10,0,16,2,0,2,18
04/10/2022,ALW,WA,ANM,WE,Federal Contract Tower,3,3,1,0,7,0,1,7,0,8,3,4,8,0,15,28,0,28,43
04/11/2022,ALW,WA,ANM,WE,Federal Contract Tower,2,5,11,2,20,0,0,3,2,5,2,5,14,4,25,0,6,6,31
04/12/2022,ALW,WA,ANM,WE,Federal Contract Tower,3,4,4,0,11,0,1,2,0,3,3,5,6,0,14,20,0,20,34
04/13/2022,ALW,WA,ANM,WE,Federal Contract Tower,3,6,10,0,19,0,2,13,0,15,3,8,23,0,34,154,0,154,188
04/14/2022,ALW,WA,ANM,WE,Federal Contract Tower,3,5,5,0,13,0,0,0,0,0,3,5,5,0,13,0,0,0,13
04/15/2022,ALW,WA,ANM,WE,Federal Contract Tower,3,4,4,0,11,0,0,18,0,18,3,4,22,0,29,78,0,78,107
04/16/2022,ALW,WA,ANM,WE,Federal Contract Tower,3,0,0,0,3,0,0,0,0,0,3,0,0,0,3,0,0,0,3
04/17/2022,ALW,WA,ANM,WE,Federal Contract Tower,3,0,10,0,13,0,3,44,0,47,3,3,54,0,60,56,0,56,116
04/18/2022,ALW,WA,ANM,WE,Federal Contract Tower,3,2,11,0,16,0,4,35,0,39,3,6,46,0,55,126,0,126,181
04/19/2022,ALW,WA,ANM,WE,Federal Contract Tower,3,2,14,2,21,0,0,38,0,38,3,2,52,2,59,46,0,46,105
04/20/2022,ALW,WA,ANM,WE,Federal Contract Tower,3,6,2,0,11,0,2,23,0,25,3,8,25,0,36,84,0,84,120
04/21/2022,ALW,WA,ANM,WE,Federal Contract Tower,3,3,11,0,17,0,2,18,0,20,3,5,29,0,37,48,0,48,85
04/22/2022,ALW,WA,ANM,WE,Federal Contract Tower,3,9,15,0,27,0,5,46,0,51,3,14,61,0,78,136,0,136,214
04/23/2022,ALW,WA,ANM,WE,Federal Contract Tower,2,3,12,0,17,0,3,32,0,35,2,6,44,0,52,46,0,46,98
04/24/2022,ALW,WA,ANM,WE,Federal Contract Tower,2,0,9,0,11,0,7,62,0,69,2,7,71,0,80,162,0,162,242
04/25/2022,ALW,WA,ANM,WE,Federal Contract Tower,2,4,10,0,16,0,4,34,0,38,2,8,44,0,54,118,0,118,172
04/26/2022,ALW,WA,ANM,WE,Federal Contract Tower,3,3,9,0,15,0,5,9,0,14,3,8,18,0,29,22,0,22,51
04/27/2022,ALW,WA,ANM,WE,Federal Contract Tower,2,3,11,0,16,10,18,0,0,28,12,21,11,0,44,70,0,70,114
04/28/2022,ALW,WA,ANM,WE,Federal Contract Tower,4,3,15,0,22,0,2,38,0,40,4,5,53,0,62,72,0,72,134
04/29/2022,ALW,WA,ANM,WE,Federal Contract Tower,3,8,15,0,26,0,4,24,0,28,3,12,39,0,54,44,0,44,98
04/30/2022,ALW,WA,ANM,WE,Federal Contract Tower,3,1,1,0,5,0,0,3,0,3,3,1,4,0,8,0,0,0,8
05/01/2022,ALW,WA,ANM,WE,Federal Contract Tower,2,7,10,0,19,0,3,31,0,34,2,10,41,0,53,76,0,76,129
05/02/2022,ALW,WA,ANM,WE,Federal Contract Tower,2,3,2,0,7,0,0,5,0,5,2,3,7,0,12,12,0,12,24
05/03/2022,ALW,WA,ANM,WE,Federal Contract Tower,2,6,9,2,19,0,1,30,0,31,2,7,39,2,50,66,0,66,116
05/04/2022,ALW,WA,ANM,WE,Federal Contract Tower,3,4,10,1,18,0,2,36,1,39,3,6,46,2,57,78,0,78,135
05/05/2022,ALW,WA,ANM,WE,Federal Contract Tower,3,1,6,0,10,0,2,3,0,5,3,3,9,0,15,14,0,14,29
05/06/2022,ALW,WA,ANM,WE,Federal Contract Tower,3,7,9,0,19,0,0,16,0,16,3,7,25,0,35,36,0,36,71
05/07/2022,ALW,WA,ANM,WE,Federal Contract Tower,3,1,5,0,9,0,3,2,0,5,3,4,7,0,14,0,0,0,14
05/08/2022,ALW,WA,ANM,WE,Federal Contract Tower,2,1,10,0,13,0,1,21,0,22,2,2,31,0,35,42,0,42,77
05/09/2022,ALW,WA,ANM,WE,Federal Contract Tower,3,2,9,0,14,0,0,25,0,25,3,2,34,0,39,66,0,66,105
05/10/2022,ALW,WA,ANM,WE,Federal Contract Tower,2,4,22,0,28,0,2,54,0,56,2,6,76,0,84,34,0,34,118
05/11/2022,ALW,WA,ANM,WE,Federal Contract Tower,3,3,7,0,13,0,4,68,0,72,3,7,75,0,85,72,2,74,159
05/12/2022,ALW,WA,ANM,WE,Federal Contract Tower,2,2,11,0,15,0,3,16,0,19,2,5,27,0,34,64,0,64,98
05/13/2022,ALW,WA,ANM,WE,Federal Contract Tower,2,6,23,0,31,0,0,40,0,40,2,6,63,0,71,161,0,161,232
05/14/2022,ALW,WA,ANM,WE,Federal Contract Tower,3,1,13,0,17,0,2,10,0,12,3,3,23,0,29,4,0,4,33
05/15/2022,ALW,WA,ANM,WE,Federal Contract Tower,3,2,10,0,15,0,0,38,0,38,3,2,48,0,53,32,0,32,85
05/16/2022,ALW,WA,ANM,WE,Federal Contract Tower,3,3,12,0,18,0,2,25,0,27,3,5,37,0,45,66,0,66,111
05/17/2022,ALW,WA,ANM,WE,Federal Contract Tower,3,4,10,2,19,0,2,49,0,51,3,6,59,2,70,74,0,74,144
05/18/2022,ALW,WA,ANM,WE,Federal Contract Tower,3,4,8,0,15,0,1,20,0,21,3,5,28,0,36,36,0,36,72
05/19/2022,ALW,WA,ANM,WE,Federal Contract Tower,2,2,8,0,12,0,3,19,0,22,2,5,27,0,34,42,0,42,76
05/20/2022,ALW,WA,ANM,WE,Federal Contract Tower,2,3,12,0,17,0,3,48,0,51,2,6,60,0,68,84,0,84,152
05/21/2022,ALW,WA,ANM,WE,Federal Contract Tower,2,1,12,0,15,0,4,39,0,43,2,5,51,0,58,30,0,30,88
05/22/2022,ALW,WA,ANM,WE,Federal Contract Tower,3,1,9,0,13,0,0,71,0,71,3,1,80,0,84,84,0,84,168
05/23/2022,ALW,WA,ANM,WE,Federal Contract Tower,2,7,11,0,20,0,4,44,0,48,2,11,55,0,68,98,0,98,166
05/24/2022,ALW,WA,ANM,WE,Federal Contract Tower,2,3,12,0,17,0,2,68,0,70,2,5,80,0,87,140,0,140,227
05/25/2022,ALW,WA,ANM,WE,Federal Contract Tower,2,5,20,0,27,0,1,42,0,43,2,6,62,0,70,36,0,36,106
05/26/2022,ALW,WA,ANM,WE,Federal Contract Tower,2,3,25,0,30,0,0,59,0,59,2,3,84,0,89,98,0,98,187
05/27/2022,ALW,WA,ANM,WE,Federal Contract Tower,2,4,4,0,10,0,1,19,0,20,2,5,23,0,30,38,0,38,68
05/28/2022,ALW,WA,ANM,WE,Federal Contract Tower,2,1,5,0,8,0,3,50,0,53,2,4,55,0,61,74,0,74,135
05/29/2022,ALW,WA,ANM,WE,Federal Contract Tower,2,0,9,0,11,0,1,0,0,1,2,1,9,0,12,0,0,0,12
05/30/2022,ALW,WA,ANM,WE,Federal Contract Tower,2,3,15,0,20,0,7,35,0,42,2,10,50,0,62,54,0,54,116
05/31/2022,ALW,WA,ANM,WE,Federal Contract Tower,2,6,17,0,25,0,2,52,4,58,2,8,69,4,83,80,0,80,163
06/01/2022,ALW,WA,ANM,WE,Federal Contract Tower,2,3,15,0,20,0,4,51,0,55,2,7,66,0,75,122,0,122,197
06/02/2022,ALW,WA,ANM,WE,Federal Contract Tower,2,3,7,0,12,0,3,27,0,30,2,6,34,0,42,30,0,30,72
06/03/2022,ALW,WA,ANM,WE,Federal Contract Tower,2,4,8,0,14,0,3,39,0,42,2,7,47,0,56,24,0,24,80
06/04/2022,ALW,WA,ANM,WE,Federal Contract Tower,2,1,3,0,6,0,2,21,0,23,2,3,24,0,29,38,0,38,67
06/05/2022,ALW,WA,ANM,WE,Federal Contract Tower,2,0,7,0,9,0,0,98,0,98,2,0,105,0,107,2,0,2,109
06/06/2022,ALW,WA,ANM,WE,Federal Contract Tower,2,2,2,0,6,0,4,35,0,39,2,6,37,0,45,82,0,82,127
06/07/2022,ALW,WA,ANM,WE,Federal Contract Tower,2,4,8,0,14,0,4,49,0,53,2,8,57,0,67,42,0,42,109
06/08/2022,ALW,WA,ANM,WE,Federal Contract Tower,2,3,4,0,9,0,3,43,0,46,2,6,47,0,55,56,0,56,111
06/09/2022,ALW,WA,ANM,WE,Federal Contract Tower,2,4,9,0,15,0,0,48,0,48,2,4,57,0,63,102,0,102,165
06/10/2022,ALW,WA,ANM,WE,Federal Contract Tower,2,2,12,0,16,0,3,14,0,17,2,5,26,0,33,20,0,20,53
06/11/2022,ALW,WA,ANM,WE,Federal Contract Tower,2,2,2,0,6,0,0,19,0,19,2,2,21,0,25,2,0,2,27
06/12/2022,ALW,WA,ANM,WE,Federal Contract Tower,2,1,6,0,9,0,0,3,16,19,2,1,9,16,28,56,0,56,84
06/13/2022,ALW,WA,ANM,WE,Federal Contract Tower,2,6,6,0,14,0,1,2,0,3,2,7,8,0,17,28,0,28,45
06/14/2022,ALW,WA,ANM,WE,Federal Contract Tower,2,3,2,0,7,0,1,1,0,2,2,4,3,0,9,6,0,6,15
06/15/2022,ALW,WA,ANM,WE,Federal Contract Tower,2,4,7,0,13,0,2,58,0,60,2,6,65,0,73,76,0,76,149
06/16/2022,ALW,WA,ANM,WE,Federal Contract Tower,2,3,8,0,13,0,4,45,0,49,2,7,53,0,62,40,0,40,102
06/17/2022,ALW,WA,ANM,WE,Federal Contract Tower,2,3,15,0,20,0,3,40,0,43,2,6,55,0,63,28,0,28,91
06/18/2022,ALW,WA,ANM,WE,Federal Contract Tower,2,2,25,0,29,0,0,40,0,40,2,2,65,0,69,54,0,54,123
06/19/2022,ALW,WA,ANM,WE,Federal Contract Tower,2,2,3,0,7,0,4,48,0,52,2,6,51,0,59,2,0,2,61
06/20/2022,ALW,WA,ANM,WE,Federal Contract Tower,2,8,7,0,17,0,2,40,2,44,2,10,47,2,61,78,2,80,141
06/21/2022,ALW,WA,ANM,WE,Federal Contract Tower,2,2,4,0,8,0,8,25,0,33,2,10,29,0,41,38,0,38,79
06/22/2022,ALW,WA,ANM,WE,Federal Contract Tower,2,6,13,0,21,0,0,54,0,54,2,6,67,0,75,56,0,56,131
06/23/2022,ALW,WA,ANM,WE,Federal Contract Tower,3,5,3,0,11,0,8,39,0,47,3,13,42,0,58,50,0,50,108
06/24/2022,ALW,WA,ANM,WE,Federal Contract Tower,2,2,12,0,16,0,4,59,0,63,2,6,71,0,79,88,0,88,167
06/25/2022,ALW,WA,ANM,WE,Federal Contract Tower,2,0,1,0,3,0,3,39,0,42,2,3,40,0,45,26,0,26,71
06/26/2022,ALW,WA,ANM,WE,Federal Contract Tower,2,1,12,0,15,0,6,65,0,71,2,7,77,0,86,53,0,53,139
06/27/2022,ALW,WA,ANM,WE,Federal Contract Tower,2,2,11,0,15,0,6,20,0,26,2,8,31,0,41,62,0,62,103
06/28/2022,ALW,WA,ANM,WE,Federal Contract Tower,2,2,7,0,11,0,1,52,0,53,2,3,59,0,64,52,0,52,116
06/29/2022,ALW,WA,ANM,WE,Federal Contract Tower,2,3,14,0,19,0,0,58,0,58,2,3,72,0,77,80,0,80,157
06/30/2022,ALW,WA,ANM,WE,Federal Contract Tower,2,2,13,0,17,0,0,62,0,62,2,2,75,0,79,70,0,70,149
07/01/2022,ALW,WA,ANM,WE,Federal Contract Tower,2,3,7,0,12,0,5,86,0,91,2,8,93,0,103,98,0,98,201
07/02/2022,ALW,WA,ANM,WE,Federal Contract Tower,2,0,3,0,5,0,2,38,0,40,2,2,41,0,45,18,0,18,63
07/03/2022,ALW,WA,ANM,WE,Federal Contract Tower,2,2,0,0,4,0,3,25,0,28,2,5,25,0,32,46,0,46,78
07/04/2022,ALW,WA,ANM,WE,Federal Contract Tower,2,0,7,0,9,0,2,29,0,31,2,2,36,0,40,70,0,70,110
07/05/2022,ALW,WA,ANM,WE,Federal Contract Tower,2,3,2,0,7,0,1,56,0,57,2,4,58,0,64,156,0,156,220
07/06/2022,ALW,WA,ANM,WE,Federal Contract Tower,2,2,6,0,10,0,4,64,0,68,2,6,70,0,78,100,0,100,178
07/07/2022,ALW,WA,ANM,WE,Federal Contract Tower,2,3,9,0,14,0,4,50,0,54,2,7,59,0,68,112,0,112,180
07/08/2022,ALW,WA,ANM,WE,Federal Contract Tower,2,5,5,0,12,0,1,48,0,49,2,6,53,0,61,92,0,92,153
07/09/2022,ALW,WA,ANM,WE,Federal Contract Tower,2,2,3,0,7,0,1,39,0,40,2,3,42,0,47,36,0,36,83
07/10/2022,ALW,WA,ANM,WE,Federal Contract Tower,2,2,12,0,16,0,1,45,0,46,2,3,57,0,62,44,0,44,106
07/11/2022,ALW,WA,ANM,WE,Federal Contract Tower,2,2,1,0,5,0,1,55,0,56,2,3,56,0,61,124,0,124,185
07/12/2022,ALW,WA,ANM,WE,Federal Contract Tower,2,2,6,0,10,0,4,53,4,61,2,6,59,4,71,78,0,78,149
07/13/2022,ALW,WA,ANM,WE,Federal Contract Tower,2,3,10,2,17,0,8,44,0,52,2,11,54,2,69,126,0,126,195
07/14/2022,ALW,WA,ANM,WE,Federal Contract Tower,2,4,4,0,10,0,0,43,0,43,2,4,47,0,53,72,0,72,125
07/15/2022,ALW,WA,ANM,WE,Federal Contract Tower,2,4,5,0,11,0,6,35,0,41,2,10,40,0,52,84,0,84,136
07/16/2022,ALW,WA,ANM,WE,Federal Contract Tower,2,0,4,0,6,0,9,35,0,44,2,9,39,0,50,34,0,34,84
07/17/2022,ALW,WA,ANM,WE,Federal Contract Tower,2,1,1,0,4,0,6,42,0,48,2,7,43,0,52,66,0,66,118
07/18/2022,ALW,WA,ANM,WE,Federal Contract Tower,2,5,3,0,10,0,7,42,0,49,2,12,45,0,59,34,0,34,93
07/19/2022,ALW,WA,ANM,WE,Federal Contract Tower,2,7,3,0,12,0,7,54,0,61,2,14,57,0,73,50,0,50,123
07/20/2022,ALW,WA,ANM,WE,Federal Contract Tower,2,1,4,0,7,0,4,38,0,42,2,5,42,0,49,46,0,46,95
07/21/2022,ALW,WA,ANM,WE,Federal Contract Tower,2,2,4,0,8,0,7,37,0,44,2,9,41,0,52,112,0,112,164
07/22/2022,ALW,WA,ANM,WE,Federal Contract Tower,2,3,2,0,7,0,3,36,0,39,2,6,38,0,46,74,0,74,120
07/23/2022,ALW,WA,ANM,WE,Federal Contract Tower,2,2,5,0,9,0,4,42,0,46,2,6,47,0,55,78,0,78,133
07/24/2022,ALW,WA,ANM,WE,Federal Contract Tower,2,0,3,0,5,0,3,29,0,32,2,3,32,0,37,106,4,110,147
07/25/2022,ALW,WA,ANM,WE,Federal Contract Tower,2,2,9,0,13,0,2,38,0,40,2,4,47,0,53,134,0,134,187
07/26/2022,ALW,WA,ANM,WE,Federal Contract Tower,2,2,17,0,21,0,2,39,0,41,2,4,56,0,62,92,0,92,154
07/27/2022,ALW,WA,ANM,WE,Federal Contract Tower,2,3,9,0,14,0,0,45,0,45,2,3,54,0,59,70,0,70,129
07/28/2022,ALW,WA,ANM,WE,Federal Contract Tower,2,6,7,0,15,0,3,19,0,22,2,9,26,0,37,88,0,88,125
07/29/2022,ALW,WA,ANM,WE,Federal Contract Tower,2,2,2,0,6,0,0,35,0,35,2,2,37,0,41,88,0,88,129
07/30/2022,ALW,WA,ANM,WE,Federal Contract Tower,2,0,3,0,5,0,3,42,0,45,2,3,45,0,50,28,0,28,78
07/31/2022,ALW,WA,ANM,WE,Federal Contract Tower,2,0,7,0,9,0,5,32,0,37,2,5,39,0,46,94,0,94,140
08/01/2022,ALW,WA,ANM,WE,Federal Contract Tower,2,2,1,0,5,0,0,35,0,35,2,2,36,0,40,160,0,160,200
08/02/2022,ALW,WA,ANM,WE,Federal Contract Tower,2,2,2,0,6,0,0,36,0,36,2,2,38,0,42,132,0,132,174
08/03/2022,ALW,WA,ANM,WE,Federal Contract Tower,2,2,11,0,15,0,12,34,0,46,2,14,45,0,61,118,0,118,179
08/04/2022,ALW,WA,ANM,WE,Federal Contract Tower,2,3,12,0,17,0,4,35,0,39,2,7,47,0,56,106,0,106,162
08/05/2022,ALW,WA,ANM,WE,Federal Contract Tower,2,2,4,0,8,0,7,45,0,52,2,9,49,0,60,154,0,154,214
08/06/2022,ALW,WA,ANM,WE,Federal Contract Tower,2,1,3,4,10,0,1,26,0,27,2,2,29,4,37,14,0,14,51
08/07/2022,ALW,WA,ANM,WE,Federal Contract Tower,2,0,13,0,15,0,0,38,0,38,2,0,51,0,53,42,0,42,95
08/08/2022,ALW,WA,ANM,WE,Federal Contract Tower,2,0,5,0,7,0,2,36,0,38,2,2,41,0,45,116,0,116,161
08/09/2022,ALW,WA,ANM,WE,Federal Contract Tower,2,3,6,0,11,0,0,23,0,23,2,3,29,0,34,76,0,76,110
08/10/2022,ALW,WA,ANM,WE,Federal Contract Tower,2,2,8,0,12,0,0,49,0,49,2,2,57,0,61,64,0,64,125
08/11/2022,ALW,WA,ANM,WE,Federal Contract Tower,2,6,5,0,13,0,0,44,0,44,2,6,49,0,57,131,0,131,188
08/12/2022,ALW,WA,ANM,WE,Federal Contract Tower,2,1,13,0,16,0,2,54,0,56,2,3,67,0,72,96,0,96,168
08/13/2022,ALW,WA,ANM,WE,Federal Contract Tower,2,0,0,0,2,0,4,27,0,31,2,4,27,0,33,118,0,118,151
08/14/2022,ALW,WA,ANM,WE,Federal Contract Tower,2,3,4,0,9,0,2,76,0,78,2,5,80,0,87,124,0,124,211
08/15/2022,ALW,WA,ANM,WE,Federal Contract Tower,2,2,3,0,7,0,4,48,0,52,2,6,51,0,59,110,0,110,169
08/16/2022,ALW,WA,ANM,WE,Federal Contract Tower,2,5,2,0,9,0,0,36,0,36,2,5,38,0,45,74,0,74,119
08/17/2022,ALW,WA,ANM,WE,Federal Contract Tower,1,3,2,0,6,0,0,35,0,35,1,3,37,0,41,14,0,14,55
08/18/2022,ALW,WA,ANM,WE,Federal Contract Tower,2,2,3,0,7,0,2,14,0,16,2,4,17,0,23,58,0,58,81
08/19/2022,ALW,WA,ANM,WE,Federal Contract Tower,2,6,4,0,12,0,1,27,0,28,2,7,31,0,40,12,0,12,52
08/20/2022,ALW,WA,ANM,WE,Federal Contract Tower,2,2,3,0,7,0,2,34,0,36,2,4,37,0,43,12,0,12,55
08/21/2022,ALW,WA,ANM,WE,Federal Contract Tower,2,0,5,0,7,0,3,53,0,56,2,3,58,0,63,50,0,50,113
08/22/2022,ALW,WA,ANM,WE,Federal Contract Tower,2,2,10,0,14,0,1,42,0,43,2,3,52,0,57,98,0,98,155
08/23/2022,ALW,WA,ANM,WE,Federal Contract Tower,2,3,7,0,12,0,0,40,0,40,2,3,47,0,52,92,0,92,144
08/24/2022,ALW,WA,ANM,WE,Federal Contract Tower,2,3,3,0,8,0,4,23,0,27,2,7,26,0,35,6,0,6,41
08/25/2022,ALW,WA,ANM,WE,Federal Contract Tower,2,4,6,0,12,0,5,37,0,42,2,9,43,0,54,38,0,38,92
08/26/2022,ALW,WA,ANM,WE,Federal Contract Tower,2,3,6,0,11,0,0,35,0,35,2,3,41,0,46,32,0,32,78
08/27/2022,ALW,WA,ANM,WE,Federal Contract Tower,2,0,4,0,6,0,4,14,0,18,2,4,18,0,24,8,0,8,32
08/28/2022,ALW,WA,ANM,WE,Federal Contract Tower,2,2,8,0,12,0,1,37,0,38,2,3,45,0,50,34,0,34,84
08/29/2022,ALW,WA,ANM,WE,Federal Contract Tower,2,2,1,0,5,0,1,19,0,20,2,3,20,0,25,56,0,56,81
08/30/2022,ALW,WA,ANM,WE,Federal Contract Tower,2,3,0,0,5,0,1,20,0,21,2,4,20,0,26,0,0,0,26
08/31/2022,ALW,WA,ANM,WE,Federal Contract Tower,2,3,10,0,15,0,0,44,0,44,2,3,54,0,59,52,0,52,111
09/01/2022,ALW,WA,ANM,WE,Federal Contract Tower,2,6,2,0,10,0,0,27,0,27,2,6,29,0,37,52,0,52,89
09/02/2022,ALW,WA,ANM,WE,Federal Contract Tower,2,4,2,0,8,0,7,31,2,40,2,11,33,2,48,6,0,6,54
09/03/2022,ALW,WA,ANM,WE,Federal Contract Tower,2,0,4,0,6,0,5,10,0,15,2,5,14,0,21,22,0,22,43
09/04/2022,ALW,WA,ANM,WE,Federal Contract Tower,2,3,1,0,6,0,2,28,0,30,2,5,29,0,36,16,0,16,52
09/05/2022,ALW,WA,ANM,WE,Federal Contract Tower,2,0,6,0,8,0,5,30,0,35,2,5,36,0,43,62,0,62,105
09/06/2022,ALW,WA,ANM,WE,Federal Contract Tower,2,5,1,0,8,0,3,26,0,29,2,8,27,0,37,42,0,42,79
09/07/2022,ALW,WA,ANM,WE,Federal Contract Tower,2,7,2,0,11,0,14,25,0,39,2,21,27,0,50,58,0,58,108
09/08/2022,ALW,WA,ANM,WE,Federal Contract Tower,2,4,8,0,14,0,3,31,0,34,2,7,39,0,48,50,0,50,98
09/09/2022,ALW,WA,ANM,WE,Federal Contract Tower,2,2,6,0,10,0,5,25,0,30,2,7,31,0,40,48,0,48,88
09/10/2022,ALW,WA,ANM,WE,Federal Contract Tower,2,0,4,0,6,0,13,24,0,37,2,13,28,0,43,16,0,16,59
09/11/2022,ALW,WA,ANM,WE,Federal Contract Tower,2,0,15,0,17,0,0,19,0,19,2,0,34,0,36,18,0,18,54
09/13/2022,ALW,WA,ANM,WE,Federal Contract Tower,2,5,8,0,15,0,0,11,0,11,2,5,19,0,26,30,0,30,56
09/14/2022,ALW,WA,ANM,WE,Federal Contract Tower,2,4,11,0,17,0,0,25,2,27,2,4,36,2,44,22,0,22,66
09/15/2022,ALW,WA,ANM,WE,Federal Contract Tower,2,6,7,0,15,0,0,35,0,35,2,6,42,0,50,56,0,56,106
09/16/2022,ALW,WA,ANM,WE,Federal Contract Tower,2,5,6,0,13,0,0,13,0,13,2,5,19,0,26,16,0,16,42
09/17/2022,ALW,WA,ANM,WE,Federal Contract Tower,2,0,7,0,9,0,7,15,0,22,2,7,22,0,31,24,0,24,55
09/18/2022,ALW,WA,ANM,WE,Federal Contract Tower,2,2,9,0,13,0,1,25,0,26,2,3,34,0,39,30,0,30,69
09/19/2022,ALW,WA,ANM,WE,Federal Contract Tower,2,4,4,0,10,0,5,17,0,22,2,9,21,0,32,36,0,36,68
09/20/2022,ALW,WA,ANM,WE,Federal Contract Tower,2,1,6,0,9,0,3,30,0,33,2,4,36,0,42,18,0,18,60
09/21/2022,ALW,WA,ANM,WE,Federal Contract Tower,2,1,4,0,7,0,3,18,0,21,2,4,22,0,28,22,0,22,50
09/22/2022,ALW,WA,ANM,WE,Federal Contract Tower,2,3,6,0,11,0,0,9,0,9,2,3,15,0,20,40,0,40,60
09/23/2022,ALW,WA,ANM,WE,Federal Contract Tower,2,2,7,0,11,0,4,31,0,35,2,6,38,0,46,48,0,48,94
09/25/2022,ALW,WA,ANM,WE,Federal Contract Tower,2,0,7,0,9,0,1,26,0,27,2,1,33,0,36,32,0,32,68
09/26/2022,ALW,WA,ANM,WE,Federal Contract Tower,2,1,3,0,6,0,1,30,0,31,2,2,33,0,37,12,0,12,49
09/27/2022,ALW,WA,ANM,WE,Federal Contract Tower,2,3,0,0,5,0,1,35,0,36,2,4,35,0,41,56,0,56,97
09/28/2022,ALW,WA,ANM,WE,Federal Contract Tower,3,6,6,0,15,0,4,31,0,35,3,10,37,0,50,46,0,46,96
09/29/2022,ALW,WA,ANM,WE,Federal Contract Tower,2,4,4,0,10,0,0,33,0,33,2,4,37,0,43,80,0,80,123
09/30/2022,ALW,WA,ANM,WE,Federal Contract Tower,2,4,7,0,13,0,13,52,0,65,2,17,59,0,78,52,0,52,130
10/01/2022,ALW,WA,ANM,WE,Federal Contract Tower,2,5,8,0,15,0,7,36,0,43,2,12,44,0,58,50,0,50,108
10/02/2022,ALW,WA,ANM,WE,Federal Contract Tower,2,6,21,0,29,0,3,50,0,53,2,9,71,0,82,20,0,20,102
10/03/2022,ALW,WA,ANM,WE,Federal Contract Tower,2,2,5,0,9,0,5,48,4,57,2,7,53,4,66,86,0,86,152
10/04/2022,ALW,WA,ANM,WE,Federal Contract Tower,2,4,6,3,15,0,0,52,0,52,2,4,58,3,67,102,0,102,169
10/05/2022,ALW,WA,ANM,WE,Federal Contract Tower,2,2,10,0,14,0,6,44,0,50,2,8,54,0,64,112,0,112,176
10/06/2022,ALW,WA,ANM,WE,Federal Contract Tower,2,2,2,0,6,0,3,54,0,57,2,5,56,0,63,96,0,96,159
10/07/2022,ALW,WA,ANM,WE,Federal Contract Tower,2,2,3,0,7,0,2,75,0,77,2,4,78,0,84,98,0,98,182
10/08/2022,ALW,WA,ANM,WE,Federal Contract Tower,2,0,9,0,11,0,5,45,0,50,2,5,54,0,61,16,0,16,77
10/09/2022,ALW,WA,ANM,WE,Federal Contract Tower,2,0,12,0,14,0,0,54,0,54,2,0,66,0,68,38,0,38,106
10/10/2022,ALW,WA,ANM,WE,Federal Contract Tower,2,1,6,0,9,0,0,32,0,32,2,1,38,0,41,70,0,70,111
10/11/2022,ALW,WA,ANM,WE,Federal Contract Tower,2,2,2,0,6,0,1,52,0,53,2,3,54,0,59,94,0,94,153
10/12/2022,ALW,WA,ANM,WE,Federal Contract Tower,2,2,8,0,12,0,0,63,0,63,2,2,71,0,75,50,0,50,125
10/13/2022,ALW,WA,ANM,WE,Federal Contract Tower,2,1,7,0,10,0,8,89,0,97,2,9,96,0,107,108,0,108,215
10/14/2022,ALW,WA,ANM,WE,Federal Contract Tower,2,4,8,0,14,0,13,62,0,75,2,17,70,0,89,46,0,46,135
10/15/2022,ALW,WA,ANM,WE,Federal Contract Tower,2,0,16,0,18,0,3,56,0,59,2,3,72,0,77,48,0,48,125
10/16/2022,ALW,WA,ANM,WE,Federal Contract Tower,2,1,9,0,12,0,6,24,0,30,2,7,33,0,42,78,0,78,120
10/17/2022,ALW,WA,ANM,WE,Federal Contract Tower,2,5,3,0,10,0,1,42,0,43,2,6,45,0,53,106,0,106,159
10/18/2022,ALW,WA,ANM,WE,Federal Contract Tower,2,3,4,0,9,0,0,50,0,50,2,3,54,0,59,76,0,76,135
10/19/2022,ALW,WA,ANM,WE,Federal Contract Tower,2,6,10,0,18,0,4,40,0,44,2,10,50,0,62,102,0,102,164
10/20/2022,ALW,WA,ANM,WE,Federal Contract Tower,2,4,16,0,22,0,7,56,0,63,2,11,72,0,85,74,0,74,159
10/21/2022,ALW,WA,ANM,WE,Federal Contract Tower,2,11,13,0,26,0,4,10,0,14,2,15,23,0,40,70,0,70,110
10/22/2022,ALW,WA,ANM,WE,Federal Contract Tower,2,6,12,0,20,0,0,14,0,14,2,6,26,0,34,50,0,50,84
10/23/2022,ALW,WA,ANM,WE,Federal Contract Tower,2,5,7,0,14,0,4,42,0,46,2,9,49,0,60,64,0,64,124
10/24/2022,ALW,WA,ANM,WE,Federal Contract Tower,2,4,3,2,11,0,0,9,0,9,2,4,12,2,20,66,0,66,86
10/25/2022,ALW,WA,ANM,WE,Federal Contract Tower,2,6,8,0,16,0,1,25,0,26,2,7,33,0,42,92,0,92,134
10/26/2022,ALW,WA,ANM,WE,Federal Contract Tower,2,2,5,0,9,0,9,20,0,29,2,11,25,0,38,74,0,74,112
10/27/2022,ALW,WA,ANM,WE,Federal Contract Tower,2,2,13,1,18,0,0,54,3,57,2,2,67,4,75,54,14,68,143
10/28/2022,ALW,WA,ANM,WE,Federal Contract Tower,2,2,11,0,15,0,0,28,0,28,2,2,39,0,43,50,0,50,93
10/29/2022,ALW,WA,ANM,WE,Federal Contract Tower,2,0,2,0,4,0,6,42,0,48,2,6,44,0,52,36,0,36,88
10/30/2022,ALW,WA,ANM,WE,Federal Contract Tower,2,0,7,0,9,0,0,20,0,20,2,0,27,0,29,24,0,24,53
10/31/2022,ALW,WA,ANM,WE,Federal Contract Tower,2,5,3,0,10,0,2,24,0,26,2,7,27,0,36,64,0,64,100
11/01/2022,ALW,WA,ANM,WE,Federal Contract Tower,2,4,11,0,17,0,0,0,0,0,2,4,11,0,17,0,0,0,17
11/02/2022,ALW,WA,ANM,WE,Federal Contract Tower,2,2,5,0,9,0,1,25,0,26,2,3,30,0,35,36,0,36,71
11/03/2022,ALW,WA,ANM,WE,Federal Contract Tower,2,5,4,0,11,0,0,33,0,33,2,5,37,0,44,110,0,110,154
11/04/2022,ALW,WA,ANM,WE,Federal Contract Tower,2,7,2,0,11,0,1,0,0,1,2,8,2,0,12,0,0,0,12
11/05/2022,ALW,WA,ANM,WE,Federal Contract Tower,2,3,1,0,6,0,0,3,0,3,2,3,4,0,9,0,0,0,9
11/06/2022,ALW,WA,ANM,WE,Federal Contract Tower,2,1,3,0,6,0,0,10,0,10,2,1,13,0,16,4,0,4,20
11/07/2022,ALW,WA,ANM,WE,Federal Contract Tower,2,4,16,0,22,0,1,44,2,47,2,5,60,2,69,136,0,136,205
11/08/2022,ALW,WA,ANM,WE,Federal Contract Tower,2,6,0,0,8,0,0,6,0,6,2,6,6,0,14,0,0,0,14
11/09/2022,ALW,WA,ANM,WE,Federal Contract Tower,2,2,10,0,14,0,0,59,0,59,2,2,69,0,73,114,0,114,187
11/10/2022,ALW,WA,ANM,WE,Federal Contract Tower,2,2,5,0,9,0,4,43,0,47,2,6,48,0,56,76,0,76,132
11/11/2022,ALW,WA,ANM,WE,Federal Contract Tower,2,4,2,0,8,0,0,0,0,0,2,4,2,0,8,0,0,0,8
11/12/2022,ALW,WA,ANM,WE,Federal Contract Tower,2,1,3,0,6,0,6,37,0,43,2,7,40,0,49,28,0,28,77
11/13/2022,ALW,WA,ANM,WE,Federal Contract Tower,2,2,4,0,8,0,3,30,0,33,2,5,34,0,41,136,0,136,177
11/14/2022,ALW,WA,ANM,WE,Federal Contract Tower,2,3,5,0,10,0,0,3,0,3,2,3,8,0,13,0,0,0,13
11/15/2022,ALW,WA,ANM,WE,Federal Contract Tower,2,2,0,0,4,0,0,0,0,0,2,2,0,0,4,0,0,0,4
11/16/2022,ALW,WA,ANM,WE,Federal Contract Tower,2,6,3,0,11,0,0,0,0,0,2,6,3,0,11,0,0,0,11
11/17/2022,ALW,WA,ANM,WE,Federal Contract Tower,2,7,4,0,13,0,0,0,0,0,2,7,4,0,13,0,0,0,13
11/18/2022,ALW,WA,ANM,WE,Federal Contract Tower,2,2,17,0,21,0,2,10,0,12,2,4,27,0,33,112,0,112,145
11/19/2022,ALW,WA,ANM,WE,Federal Contract Tower,4,0,0,0,4,0,0,0,0,0,4,0,0,0,4,0,0,0,4
11/20/2022,ALW,WA,ANM,WE,Federal Contract Tower,4,4,4,0,12,0,0,0,0,0,4,4,4,0,12,0,0,0,12
11/21/2022,ALW,WA,ANM,WE,Federal Contract Tower,2,2,4,0,8,0,0,0,0,0,2,2,4,0,8,0,0,0,8
11/22/2022,ALW,WA,ANM,WE,Federal Contract Tower,2,1,0,0,3,0,0,0,0,0,2,1,0,0,3,0,0,0,3
11/23/2022,ALW,WA,ANM,WE,Federal Contract Tower,0,3,7,0,10,0,0,33,0,33,0,3,40,0,43,50,0,50,93
11/24/2022,ALW,WA,ANM,WE,Federal Contract Tower,0,0,2,0,2,0,0,0,0,0,0,0,2,0,2,0,0,0,2
11/25/2022,ALW,WA,ANM,WE,Federal Contract Tower,2,3,11,0,16,0,0,3,0,3,2,3,14,0,19,4,0,4,23
11/26/2022,ALW,WA,ANM,WE,Federal Contract Tower,2,0,4,0,6,0,0,25,0,25,2,0,29,0,31,8,0,8,39
11/27/2022,ALW,WA,ANM,WE,Federal Contract Tower,2,0,2,0,4,0,0,16,0,16,2,0,18,0,20,16,0,16,36
11/28/2022,ALW,WA,ANM,WE,Federal Contract Tower,2,2,1,0,5,0,2,4,0,6,2,4,5,0,11,10,0,10,21
11/29/2022,ALW,WA,ANM,WE,Federal Contract Tower,2,2,3,0,7,0,6,26,0,32,2,8,29,0,39,92,0,92,131
11/30/2022,ALW,WA,ANM,WE,Federal Contract Tower,2,4,5,0,11,0,0,9,0,9,2,4,14,0,20,8,0,8,28
12/01/2022,ALW,WA,ANM,WE,Federal Contract Tower,0,3,4,0,7,0,2,35,0,37,0,5,39,0,44,114,0,114,158
12/02/2022,ALW,WA,ANM,WE,Federal Contract Tower,2,5,4,0,11,0,8,44,0,52,2,13,48,0,63,32,0,32,95
12/03/2022,ALW,WA,ANM,WE,Federal Contract Tower,2,2,2,0,6,0,2,14,0,16,2,4,16,0,22,8,0,8,30
12/04/2022,ALW,WA,ANM,WE,Federal Contract Tower,2,2,2,0,6,0,0,0,0,0,2,2,2,0,6,0,0,0,6
12/05/2022,ALW,WA,ANM,WE,Federal Contract Tower,2,5,2,0,9,0,0,0,0,0,2,5,2,0,9,0,0,0,9
12/06/2022,ALW,WA,ANM,WE,Federal Contract Tower,2,3,4,0,9,0,1,25,0,26,2,4,29,0,35,50,0,50,85
12/07/2022,ALW,WA,ANM,WE,Federal Contract Tower,0,0,2,0,2,0,0,0,0,0,0,0,2,0,2,0,0,0,2
12/08/2022,ALW,WA,ANM,WE,Federal Contract Tower,2,8,1,0,11,0,0,13,0,13,2,8,14,0,24,42,0,42,66
12/09/2022,ALW,WA,ANM,WE,Federal Contract Tower,2,8,24,0,34,0,0,26,0,26,2,8,50,0,60,100,0,100,160
12/10/2022,ALW,WA,ANM,WE,Federal Contract Tower,2,0,0,0,2,0,3,0,0,3,2,3,0,0,5,0,0,0,5
12/11/2022,ALW,WA,ANM,WE,Federal Contract Tower,2,6,0,0,8,0,0,0,0,0,2,6,0,0,8,0,0,0,8
12/12/2022,ALW,WA,ANM,WE,Federal Contract Tower,2,4,3,0,9,0,0,6,0,6,2,4,9,0,15,10,0,10,25
12/13/2022,ALW,WA,ANM,WE,Federal Contract Tower,2,8,3,0,13,0,0,25,0,25,2,8,28,0,38,62,0,62,100
12/14/2022,ALW,WA,ANM,WE,Federal Contract Tower,2,6,2,0,10,0,0,0,0,0,2,6,2,0,10,0,0,0,10
12/15/2022,ALW,WA,ANM,WE,Federal Contract Tower,2,2,2,0,6,0,0,0,0,0,2,2,2,0,6,0,0,0,6
12/16/2022,ALW,WA,ANM,WE,Federal Contract Tower,2,2,3,0,7,0,0,0,2,2,2,2,3,2,9,42,0,42,51
12/17/2022,ALW,WA,ANM,WE,Federal Contract Tower,2,4,2,0,8,0,0,2,0,2,2,4,4,0,10,4,0,4,14
12/18/2022,ALW,WA,ANM,WE,Federal Contract Tower,2,0,9,0,11,0,0,5,0,5,2,0,14,0,16,14,0,14,30
12/20/2022,ALW,WA,ANM,WE,Federal Contract Tower,2,4,5,0,11,0,0,0,0,0,2,4,5,0,11,0,0,0,11
12/21/2022,ALW,WA,ANM,WE,Federal Contract Tower,2,6,0,0,8,0,0,0,0,0,2,6,0,0,8,0,0,0,8
12/22/2022,ALW,WA,ANM,WE,Federal Contract Tower,2,4,4,0,10,0,0,4,0,4,2,4,8,0,14,4,0,4,18
12/23/2022,ALW,WA,ANM,WE,Federal Contract Tower,0,2,1,0,3,0,0,0,0,0,0,2,1,0,3,0,0,0,3
12/24/2022,ALW,WA,ANM,WE,Federal Contract Tower,0,1,3,0,4,0,0,0,0,0,0,1,3,0,4,0,0,0,4
12/25/2022,ALW,WA,ANM,WE,Federal Contract Tower,2,3,0,0,5,0,0,0,0,0,2,3,0,0,5,0,0,0,5
12/26/2022,ALW,WA,ANM,WE,Federal Contract Tower,2,1,2,0,5,0,0,0,0,0,2,1,2,0,5,0,0,0,5
12/27/2022,ALW,WA,ANM,WE,Federal Contract Tower,2,0,4,0,6,0,0,9,0,9,2,0,13,0,15,12,0,12,27
12/28/2022,ALW,WA,ANM,WE,Federal Contract Tower,2,5,5,0,12,0,0,13,0,13,2,5,18,0,25,28,0,28,53
12/29/2022,ALW,WA,ANM,WE,Federal Contract Tower,2,8,3,0,13,0,3,13,0,16,2,11,16,0,29,20,0,20,49
12/30/2022,ALW,WA,ANM,WE,Federal Contract Tower,2,10,0,0,12,0,0,15,0,15,2,10,15,0,27,24,0,24,51
12/31/2022,ALW,WA,ANM,WE,Federal Contract Tower,2,2,5,0,9,0,0,15,0,15,2,2,20,0,24,10,0,10,34
01/01/2023,ALW,WA,ANM,WE,Federal Contract Tower,2,0,0,0,2,0,0,0,0,0,2,0,0,0,2,0,0,0,2
01/02/2023,ALW,WA,ANM,WE,Federal Contract Tower,2,2,1,0,5,0,0,2,0,2,2,2,3,0,7,0,0,0,7
01/03/2023,ALW,WA,ANM,WE,Federal Contract Tower,2,2,0,0,4,0,0,17,0,17,2,2,17,0,21,34,0,34,55
01/04/2023,ALW,WA,ANM,WE,Federal Contract Tower,2,0,1,0,3,0,0,0,0,0,2,0,1,0,3,0,0,0,3
01/05/2023,ALW,WA,ANM,WE,Federal Contract Tower,2,2,6,0,10,0,2,12,0,14,2,4,18,0,24,44,0,44,68
01/06/2023,ALW,WA,ANM,WE,Federal Contract Tower,2,2,8,0,12,0,0,73,0,73,2,2,81,0,85,92,0,92,177
01/07/2023,ALW,WA,ANM,WE,Federal Contract Tower,2,0,2,0,4,0,0,2,0,2,2,0,4,0,6,0,0,0,6
01/08/2023,ALW,WA,ANM,WE,Federal Contract Tower,2,2,0,0,4,0,0,0,0,0,2,2,0,0,4,0,0,0,4
01/09/2023,ALW,WA,ANM,WE,Federal Contract Tower,2,5,1,0,8,0,0,3,0,3,2,5,4,0,11,14,0,14,25
01/11/2023,ALW,WA,ANM,WE,Federal Contract Tower,2,2,8,0,12,0,0,41,0,41,2,2,49,0,53,100,0,100,153
01/12/2023,ALW,WA,ANM,WE,Federal Contract Tower,2,3,2,0,7,0,0,12,0,12,2,3,14,0,19,28,0,28,47
01/13/2023,ALW,WA,ANM,WE,Federal Contract Tower,2,2,3,0,7,0,0,0,0,0,2,2,3,0,7,0,0,0,7
01/14/2023,ALW,WA,ANM,WE,Federal Contract Tower,2,3,11,0,16,0,0,30,0,30,2,3,41,0,46,50,0,50,96
01/15/2023,ALW,WA,ANM,WE,Federal Contract Tower,2,0,4,0,6,0,0,17,0,17,2,0,21,0,23,106,0,106,129
01/16/2023,ALW,WA,ANM,WE,Federal Contract Tower,2,2,9,0,13,0,2,45,0,47,2,4,54,0,60,126,0,126,186
01/17/2023,ALW,WA,ANM,WE,Federal Contract Tower,2,3,7,0,12,0,0,33,0,33,2,3,40,0,45,130,0,130,175
01/18/2023,ALW,WA,ANM,WE,Federal Contract Tower,2,2,3,0,7,0,0,15,0,15,2,2,18,0,22,92,0,92,114
01/19/2023,ALW,WA,ANM,WE,Federal Contract Tower,2,2,3,0,7,0,0,60,0,60,2,2,63,0,67,86,0,86,153
01/20/2023,ALW,WA,ANM,WE,Federal Contract Tower,2,4,6,0,12,0,4,58,0,62,2,8,64,0,74,134,0,134,208
01/21/2023,ALW,WA,ANM,WE,Federal Contract Tower,2,0,0,0,2,0,0,0,0,0,2,0,0,0,2,12,0,12,14
01/22/2023,ALW,WA,ANM,WE,Federal Contract Tower,2,0,1,0,3,0,3,23,0,26,2,3,24,0,29,52,0,52,81
01/23/2023,ALW,WA,ANM,WE,Federal Contract Tower,2,2,2,1,7,0,2,31,1,34,2,4,33,2,41,96,0,96,137
01/24/2023,ALW,WA,ANM,WE,Federal Contract Tower,2,6,7,0,15,0,1,29,0,30,2,7,36,0,45,54,0,54,99
01/25/2023,ALW,WA,ANM,WE,Federal Contract Tower,2,6,6,0,14,0,4,31,0,35,2,10,37,0,49,92,0,92,141
01/26/2023,ALW,WA,ANM,WE,Federal Contract Tower,2,3,7,0,12,0,1,57,0,58,2,4,64,0,70,118,0,118,188
01/27/2023,ALW,WA,ANM,WE,Federal Contract Tower,2,2,4,0,8,0,0,15,0,15,2,2,19,0,23,42,0,42,65
01/28/2023,ALW,WA,ANM,WE,Federal Contract Tower,2,1,6,0,9,0,1,4,0,5,2,2,10,0,14,10,0,10,24
01/29/2023,ALW,WA,ANM,WE,Federal Contract Tower,2,0,5,0,7,0,8,54,0,62,2,8,59,0,69,48,0,48,117
01/30/2023,ALW,WA,ANM,WE,Federal Contract Tower,2,4,5,0,11,0,2,38,0,40,2,6,43,0,51,38,0,38,89
01/31/2023,ALW,WA,ANM,WE,Federal Contract Tower,2,6,3,2,13,0,3,20,0,23,2,9,23,2,36,110,0,110,146
02/01/2023,ALW,WA,ANM,WE,Federal Contract Tower,2,2,9,0,13,0,0,19,0,19,2,2,28,0,32,80,0,80,112
02/02/2023,ALW,WA,ANM,WE,Federal Contract Tower,2,2,6,0,10,0,0,25,0,25,2,2,31,0,35,134,0,134,169
02/03/2023,ALW,WA,ANM,WE,Federal Contract Tower,2,2,3,0,7,0,0,17,0,17,2,2,20,0,24,38,0,38,62
02/04/2023,ALW,WA,ANM,WE,Federal Contract Tower,2,1,2,0,5,0,3,18,0,21,2,4,20,0,26,14,0,14,40
02/05/2023,ALW,WA,ANM,WE,Federal Contract Tower,2,4,0,0,6,0,0,2,0,2,2,4,2,0,8,0,0,0,8
02/06/2023,ALW,WA,ANM,WE,Federal Contract Tower,2,4,7,0,13,0,0,18,0,18,2,4,25,0,31,34,0,34,65
02/07/2023,ALW,WA,ANM,WE,Federal Contract Tower,2,2,6,2,12,0,1,23,0,24,2,3,29,2,36,100,0,100,136
02/08/2023,ALW,WA,ANM,WE,Federal Contract Tower,2,6,6,0,14,0,3,31,0,34,2,9,37,0,48,88,0,88,136
02/09/2023,ALW,WA,ANM,WE,Federal Contract Tower,2,3,10,0,15,0,1,89,0,90,2,4,99,0,105,104,0,104,209
02/10/2023,ALW,WA,ANM,WE,Federal Contract Tower,2,3,5,0,10,0,2,42,0,44,2,5,47,0,54,74,0,74,128
02/11/2023,ALW,WA,ANM,WE,Federal Contract Tower,2,2,6,0,10,0,1,40,0,41,2,3,46,0,51,32,0,32,83
02/12/2023,ALW,WA,ANM,WE,Federal Contract Tower,2,2,12,0,16,0,3,48,0,51,2,5,60,0,67,54,0,54,121
02/13/2023,ALW,WA,ANM,WE,Federal Contract Tower,2,5,2,0,9,0,4,2,0,6,2,9,4,0,15,8,0,8,23
02/14/2023,ALW,WA,ANM,WE,Federal Contract Tower,2,4,3,0,9,0,1,8,0,9,2,5,11,0,18,106,0,106,124
02/15/2023,ALW,WA,ANM,WE,Federal Contract Tower,2,2,10,0,14,0,8,35,0,43,2,10,45,0,57,32,0,32,89
02/16/2023,ALW,WA,ANM,WE,Federal Contract Tower,2,3,9,0,14,0,0,33,2,35,2,3,42,2,49,74,0,74,123
02/18/2023,ALW,WA,ANM,WE,Federal Contract Tower,2,2,1,0,5,0,0,7,0,7,2,2,8,0,12,24,0,24,36
02/19/2023,ALW,WA,ANM,WE,Federal Contract Tower,2,0,1,0,3,0,5,3,0,8,2,5,4,0,11,0,0,0,11
02/20/2023,ALW,WA,ANM,WE,Federal Contract Tower,2,2,6,0,10,0,8,3,0,11,2,10,9,0,21,0,0,0,21
02/21/2023,ALW,WA,ANM,WE,Federal Contract Tower,2,2,2,0,6,0,0,3,0,3,2,2,5,0,9,8,0,8,17
02/22/2023,ALW,WA,ANM,WE,Federal Contract Tower,2,2,3,0,7,0,0,0,0,0,2,2,3,0,7,0,0,0,7
02/23/2023,ALW,WA,ANM,WE,Federal Contract Tower,2,2,5,0,9,0,0,1,0,1,2,2,6,0,10,0,0,0,10
02/24/2023,ALW,WA,ANM,WE,Federal Contract Tower,2,2,14,0,18,0,2,17,0,19,2,4,31,0,37,50,0,50,87
02/25/2023,ALW,WA,ANM,WE,Federal Contract Tower,2,0,4,0,6,0,0,27,0,27,2,0,31,0,33,0,0,0,33
02/26/2023,ALW,WA,ANM,WE,Federal Contract Tower,2,2,3,0,7,0,0,0,0,0,2,2,3,0,7,46,0,46,53
02/27/2023,ALW,WA,ANM,WE,Federal Contract Tower,2,4,2,0,8,0,6,2,0,8,2,10,4,0,16,14,0,14,30
02/28/2023,ALW,WA,ANM,WE,Federal Contract Tower,2,5,3,0,10,0,4,18,0,22,2,9,21,0,32,108,0,108,140
03/01/2023,ALW,WA,ANM,WE,Federal Contract Tower,2,2,6,0,10,0,0,60,2,62,2,2,66,2,72,112,0,112,184
03/02/2023,ALW,WA,ANM,WE,Federal Contract Tower,2,9,4,0,15,0,2,9,0,11,2,11,13,0,26,98,0,98,124
03/03/2023,ALW,WA,ANM,WE,Federal Contract Tower,2,6,6,0,14,0,0,22,0,22,2,6,28,0,36,44,0,44,80
03/04/2023,ALW,WA,ANM,WE,Federal Contract Tower,2,0,7,0,9,0,2,3,0,5,2,2,10,0,14,0,0,0,14
03/05/2023,ALW,WA,ANM,WE,Federal Contract Tower,2,0,5,0,7,0,9,31,2,42,2,9,36,2,49,118,4,122,171
03/06/2023,ALW,WA,ANM,WE,Federal Contract Tower,2,2,17,0,21,0,3,31,0,34,2,5,48,0,55,44,0,44,99
03/07/2023,ALW,WA,ANM,WE,Federal Contract Tower,2,2,11,0,15,0,1,38,0,39,2,3,49,0,54,110,0,110,164
03/08/2023,ALW,WA,ANM,WE,Federal Contract Tower,2,4,3,1,10,0,9,38,3,50,2,13,41,4,60,146,8,154,214
03/09/2023,ALW,WA,ANM,WE,Federal Contract Tower,2,4,2,0,8,0,3,58,2,63,2,7,60,2,71,20,0,20,91
03/11/2023,ALW,WA,ANM,WE,Federal Contract Tower,2,2,4,0,8,0,2,33,0,35,2,4,37,0,43,6,0,6,49
03/12/2023,ALW,WA,ANM,WE,Federal Contract Tower,2,0,2,0,4,0,2,44,0,46,2,2,46,0,50,48,0,48,98
03/13/2023,ALW,WA,ANM,WE,Federal Contract Tower,2,4,4,0,10,0,1,0,0,1,2,5,4,0,11,0,0,0,11
03/14/2023,ALW,WA,ANM,WE,Federal Contract Tower,2,2,6,0,10,0,0,38,0,38,2,2,44,0,48,84,0,84,132
03/15/2023,ALW,WA,ANM,WE,Federal Contract Tower,2,6,10,0,18,0,2,16,0,18,2,8,26,0,36,32,0,32,68
03/16/2023,ALW,WA,ANM,WE,Federal Contract Tower,2,2,6,0,10,0,5,40,1,46,2,7,46,1,56,52,0,52,108
03/17/2023,ALW,WA,ANM,WE,Federal Contract Tower,2,2,5,0,9,0,5,32,1,38,2,7,37,1,47,10,0,10,57
03/18/2023,ALW,WA,ANM,WE,Federal Contract Tower,4,0,5,0,9,0,9,36,0,45,4,9,41,0,54,14,0,14,68
03/19/2023,ALW,WA,ANM,WE,Federal Contract Tower,2,0,3,0,5,0,0,18,0,18,2,0,21,0,23,48,0,48,71
03/20/2023,ALW,WA,ANM,WE,Federal Contract Tower,2,4,2,0,8,0,0,1,0,1,2,4,3,0,9,2,0,2,11
03/21/2023,ALW,WA,ANM,WE,Federal Contract Tower,2,2,11,0,15,0,0,24,0,24,2,2,35,0,39,22,0,22,61
03/22/2023,ALW,WA,ANM,WE,Federal Contract Tower,2,6,8,2,18,0,3,27,0,30,2,9,35,2,48,26,0,26,74
03/23/2023,ALW,WA,ANM,WE,Federal Contract Tower,2,5,5,0,12,0,4,4,0,8,2,9,9,0,20,10,0,10,30
03/24/2023,ALW,WA,ANM,WE,Federal Contract Tower,2,2,0,0,4,0,4,3,0,7,2,6,3,0,11,0,0,0,11
03/25/2023,ALW,WA,ANM,WE,Federal Contract Tower,2,2,0,0,4,0,0,10,0,10,2,2,10,0,14,0,0,0,14
03/26/2023,ALW,WA,ANM,WE,Federal Contract Tower,2,1,5,0,8,0,5,11,0,16,2,6,16,0,24,2,0,2,26
03/27/2023,ALW,WA,ANM,WE,Federal Contract Tower,2,1,1,0,4,0,8,22,0,30,2,9,23,0,34,34,0,34,68
03/28/2023,ALW,WA,ANM,WE,Federal Contract Tower,2,6,5,0,13,0,0,14,0,14,2,6,19,0,27,116,0,116,143
03/29/2023,ALW,WA,ANM,WE,Federal Contract Tower,2,6,7,0,15,0,0,16,0,16,2,6,23,0,31,56,0,56,87
03/30/2023,ALW,WA,ANM,WE,Federal Contract Tower,2,3,6,0,11,0,7,34,0,41,2,10,40,0,52,86,0,86,138
03/31/2023,ALW,WA,ANM,WE,Federal Contract Tower,2,6,4,0,12,0,0,16,0,16,2,6,20,0,28,108,0,108,136
04/01/2023,ALW,WA,ANM,WE,Federal Contract Tower,2,0,1,0,3,0,4,0,0,4,2,4,1,0,7,0,0,0,7
04/02/2023,ALW,WA,ANM,WE,Federal Contract Tower,2,5,3,0,10,0,2,13,0,15,2,7,16,0,25,24,0,24,49
04/03/2023,ALW,WA,ANM,WE,Federal Contract Tower,2,2,3,0,7,0,0,4,0,4,2,2,7,0,11,14,0,14,25
04/04/2023,ALW,WA,ANM,WE,Federal Contract Tower,2,2,5,0,9,0,4,29,0,33,2,6,34,0,42,124,0,124,166
04/05/2023,ALW,WA,ANM,WE,Federal Contract Tower,2,2,4,0,8,0,3,47,0,50,2,5,51,0,58,78,0,78,136
04/06/2023,ALW,WA,ANM,WE,Federal Contract Tower,2,2,5,0,9,0,2,24,0,26,2,4,29,0,35,34,0,34,69
04/07/2023,ALW,WA,ANM,WE,Federal Contract Tower,2,2,15,0,19,0,6,24,0,30,2,8,39,0,49,96,0,96,145
04/08/2023,ALW,WA,ANM,WE,Federal Contract Tower,2,1,7,0,10,0,4,42,0,46,2,5,49,0,56,48,0,48,104
04/10/2023,ALW,WA,ANM,WE,Federal Contract Tower,2,4,16,0,22,2,7,26,0,35,4,11,42,0,57,68,0,68,125
04/11/2023,ALW,WA,ANM,WE,Federal Contract Tower,2,2,4,0,8,0,4,8,2,14,2,6,12,2,22,44,0,44,66
04/12/2023,ALW,WA,ANM,WE,Federal Contract Tower,2,4,4,0,10,0,3,30,0,33,2,7,34,0,43,74,0,74,117
04/13/2023,ALW,WA,ANM,WE,Federal Contract Tower,2,6,8,0,16,0,1,30,0,31,2,7,38,0,47,98,0,98,145
04/14/2023,ALW,WA,ANM,WE,Federal Contract Tower,2,3,14,0,19,0,2,73,0,75,2,5,87,0,94,176,0,176,270
04/15/2023,ALW,WA,ANM,WE,Federal Contract Tower,2,0,1,0,3,0,7,27,0,34,2,7,28,0,37,36,0,36,73
04/16/2023,ALW,WA,ANM,WE,Federal Contract Tower,2,0,26,0,28,0,1,25,0,26,2,1,51,0,54,56,0,56,110
04/18/2023,ALW,WA,ANM,WE,Federal Contract Tower,2,2,1,0,5,0,2,17,0,19,2,4,18,0,24,56,0,56,80
04/19/2023,ALW,WA,ANM,WE,Federal Contract Tower,2,2,9,0,13,0,2,26,0,28,2,4,35,0,41,52,0,52,93
04/20/2023,ALW,WA,ANM,WE,Federal Contract Tower,2,2,12,0,16,0,1,42,0,43,2,3,54,0,59,134,0,134,193
04/21/2023,ALW,WA,ANM,WE,Federal Contract Tower,2,7,6,0,15,0,0,20,0,20,2,7,26,0,35,134,0,134,169
04/22/2023,ALW,WA,ANM,WE,Federal Contract Tower,2,1,3,0,6,0,5,14,0,19,2,6,17,0,25,0,0,0,25
04/23/2023,ALW,WA,ANM,WE,Federal Contract Tower,2,3,6,0,11,0,0,8,0,8,2,3,14,0,19,40,0,40,59
04/24/2023,ALW,WA,ANM,WE,Federal Contract Tower,2,2,2,0,6,0,0,18,1,19,2,2,20,1,25,26,0,26,51
04/25/2023,ALW,WA,ANM,WE,Federal Contract Tower,2,2,11,0,15,0,5,50,0,55,2,7,61,0,70,50,0,50,120
04/26/2023,ALW,WA,ANM,WE,Federal Contract Tower,2,2,12,0,16,0,11,51,0,62,2,13,63,0,78,104,0,104,182
04/27/2023,ALW,WA,ANM,WE,Federal Contract Tower,2,2,2,0,6,0,1,44,0,45,2,3,46,0,51,128,0,128,179
04/28/2023,ALW,WA,ANM,WE,Federal Contract Tower,2,7,10,3,22,0,3,60,4,67,2,10,70,7,89,142,0,142,231
04/29/2023,ALW,WA,ANM,WE,Federal Contract Tower,2,2,3,0,7,0,0,42,0,42,2,2,45,0,49,34,0,34,83
04/30/2023,ALW,WA,ANM,WE,Federal Contract Tower,2,0,2,0,4,0,5,45,0,50,2,5,47,0,54,104,0,104,158
05/01/2023,ALW,WA,ANM,WE,Federal Contract Tower,2,4,2,0,8,0,10,17,0,27,2,14,19,0,35,50,0,50,85
05/02/2023,ALW,WA,ANM,WE,Federal Contract Tower,2,2,1,0,5,0,6,24,0,30,2,8,25,0,35,14,0,14,49
05/03/2023,ALW,WA,ANM,WE,Federal Contract Tower,2,5,8,0,15,0,6,57,0,63,2,11,65,0,78,90,0,90,168
05/04/2023,ALW,WA,ANM,WE,Federal Contract Tower,2,3,10,0,15,0,2,67,0,69,2,5,77,0,84,72,0,72,156
05/05/2023,ALW,WA,ANM,WE,Federal Contract Tower,2,2,5,0,9,0,3,0,0,3,2,5,5,0,12,16,0,16,28
05/06/2023,ALW,WA,ANM,WE,Federal Contract Tower,2,0,6,0,8,0,7,16,0,23,2,7,22,0,31,14,0,14,45
05/07/2023,ALW,WA,ANM,WE,Federal Contract Tower,2,2,10,0,14,0,7,33,0,40,2,9,43,0,54,34,0,34,88
05/08/2023,ALW,WA,ANM,WE,Federal Contract Tower,2,1,7,0,10,0,2,18,0,20,2,3,25,0,30,14,0,14,44
05/09/2023,ALW,WA,ANM,WE,Federal Contract Tower,2,4,2,0,8,0,0,13,0,13,2,4,15,0,21,56,0,56,77
05/10/2023,ALW,WA,ANM,WE,Federal Contract Tower,2,2,22,0,26,0,1,55,0,56,2,3,77,0,82,96,0,96,178
05/11/2023,ALW,WA,ANM,WE,Federal Contract Tower,0,8,8,0,16,0,2,87,0,89,0,10,95,0,105,56,0,56,161
05/12/2023,ALW,WA,ANM,WE,Federal Contract Tower,2,2,8,0,12,0,0,79,0,79,2,2,87,0,91,96,0,96,187
05/13/2023,ALW,WA,ANM,WE,Federal Contract Tower,2,5,4,0,11,0,4,37,0,41,2,9,41,0,52,4,0,4,56
05/14/2023,ALW,WA,ANM,WE,Federal Contract Tower,2,1,6,0,9,0,11,38,0,49,2,12,44,0,58,62,0,62,120
05/15/2023,ALW,WA,ANM,WE,Federal Contract Tower,2,2,5,0,9,0,0,33,0,33,2,2,38,0,42,64,0,64,106
05/16/2023,ALW,WA,ANM,WE,Federal Contract Tower,2,5,16,0,23,0,2,37,0,39,2,7,53,0,62,48,0,48,110
05/17/2023,ALW,WA,ANM,WE,Federal Contract Tower,2,2,11,0,15,0,6,32,0,38,2,8,43,0,53,34,0,34,87
05/18/2023,ALW,WA,ANM,WE,Federal Contract Tower,2,2,5,0,9,0,6,42,0,48,2,8,47,0,57,40,0,40,97
05/19/2023,ALW,WA,ANM,WE,Federal Contract Tower,2,6,7,0,15,0,4,36,0,40,2,10,43,0,55,62,0,62,117
05/20/2023,ALW,WA,ANM,WE,Federal Contract Tower,2,2,11,0,15,0,5,32,0,37,2,7,43,0,52,20,0,20,72
05/21/2023,ALW,WA,ANM,WE,Federal Contract Tower,2,0,1,0,3,0,6,18,0,24,2,6,19,0,27,18,0,18,45
05/22/2023,ALW,WA,ANM,WE,Federal Contract Tower,2,4,3,0,9,0,2,9,0,11,2,6,12,0,20,2,0,2,22
05/23/2023,ALW,WA,ANM,WE,Federal Contract Tower,2,6,8,0,16,0,5,46,0,51,2,11,54,0,67,102,0,102,169
05/24/2023,ALW,WA,ANM,WE,Federal Contract Tower,2,3,14,0,19,0,4,60,0,64,2,7,74,0,83,92,0,92,175
05/25/2023,ALW,WA,ANM,WE,Federal Contract Tower,2,5,6,0,13,0,2,59,0,61,2,7,65,0,74,114,0,114,188
05/26/2023,ALW,WA,ANM,WE,Federal Contract Tower,2,2,9,0,13,0,17,52,0,69,2,19,61,0,82,42,0,42,124
05/27/2023,ALW,WA,ANM,WE,Federal Contract Tower,2,0,3,0,5,0,1,26,0,27,2,1,29,0,32,42,0,42,74
05/28/2023,ALW,WA,ANM,WE,Federal Contract Tower,2,0,4,0,6,0,10,33,0,43,2,10,37,0,49,36,0,36,85
05/29/2023,ALW,WA,ANM,WE,Federal Contract Tower,2,2,15,0,19,0,10,27,0,37,2,12,42,0,56,54,0,54,110
05/30/2023,ALW,WA,ANM,WE,Federal Contract Tower,2,5,12,0,19,0,0,29,0,29,2,5,41,0,48,72,0,72,120
05/31/2023,ALW,WA,ANM,WE,Federal Contract Tower,2,2,11,0,15,0,8,35,0,43,2,10,46,0,58,50,0,50,108
06/01/2023,ALW,WA,ANM,WE,Federal Contract Tower,2,7,11,0,20,0,2,59,0,61,2,9,70,0,81,48,0,48,129
06/02/2023,ALW,WA,ANM,WE,Federal Contract Tower,2,4,9,0,15,0,14,31,0,45,2,18,40,0,60,24,0,24,84
06/03/2023,ALW,WA,ANM,WE,Federal Contract Tower,2,0,2,0,4,0,6,20,0,26,2,6,22,0,30,20,0,20,50
06/04/2023,ALW,WA,ANM,WE,Federal Contract Tower,2,0,10,0,12,0,2,30,0,32,2,2,40,0,44,58,0,58,102
06/05/2023,ALW,WA,ANM,WE,Federal Contract Tower,4,2,6,0,12,0,7,55,0,62,4,9,61,0,74,74,0,74,148
06/06/2023,ALW,WA,ANM,WE,Federal Contract Tower,2,2,3,0,7,0,1,35,0,36,2,3,38,0,43,42,0,42,85
06/07/2023,ALW,WA,ANM,WE,Federal Contract Tower,2,4,14,4,24,0,12,60,0,72,2,16,74,4,96,118,0,118,214
06/08/2023,ALW,WA,ANM,WE,Federal Contract Tower,2,2,9,0,13,0,0,49,0,49,2,2,58,0,62,40,0,40,102
06/09/2023,ALW,WA,ANM,WE,Federal Contract Tower,2,4,5,0,11,0,1,30,0,31,2,5,35,0,42,62,0,62,104
06/10/2023,ALW,WA,ANM,WE,Federal Contract Tower,2,0,12,0,14,0,2,167,0,169,2,2,179,0,183,16,0,16,199
06/11/2023,ALW,WA,ANM,WE,Federal Contract Tower,2,2,9,0,13,0,6,50,2,58,2,8,59,2,71,28,2,30,101
06/12/2023,ALW,WA,ANM,WE,Federal Contract Tower,2,5,12,0,19,0,4,45,0,49,2,9,57,0,68,60,0,60,128
06/13/2023,ALW,WA,ANM,WE,Federal Contract Tower,2,4,8,0,14,0,1,17,0,18,2,5,25,0,32,18,0,18,50
06/14/2023,ALW,WA,ANM,WE,Federal Contract Tower,2,6,8,0,16,0,5,8,2,15,2,11,16,2,31,26,0,26,57
06/15/2023,ALW,WA,ANM,WE,Federal Contract Tower,2,5,6,0,13,0,7,43,2,52,2,12,49,2,65,22,0,22,87
06/16/2023,ALW,WA,ANM,WE,Federal Contract Tower,2,3,15,0,20,0,0,79,0,79,2,3,94,0,99,32,0,32,131
06/17/2023,ALW,WA,ANM,WE,Federal Contract Tower,2,2,4,0,8,0,1,16,0,17,2,3,20,0,25,20,0,20,45
06/18/2023,ALW,WA,ANM,WE,Federal Contract Tower,2,0,8,0,10,0,0,8,0,8,2,0,16,0,18,10,0,10,28
06/19/2023,ALW,WA,ANM,WE,Federal Contract Tower,2,6,9,0,17,0,3,17,0,20,2,9,26,0,37,12,0,12,49
06/20/2023,ALW,WA,ANM,WE,Federal Contract Tower,2,6,4,0,12,0,4,18,0,22,2,10,22,0,34,22,0,22,56
06/21/2023,ALW,WA,ANM,WE,Federal Contract Tower,2,2,7,0,11,0,6,33,0,39,2,8,40,0,50,34,0,34,84
06/22/2023,ALW,WA,ANM,WE,Federal Contract Tower,2,4,4,0,10,0,10,42,0,52,2,14,46,0,62,50,0,50,112
06/23/2023,ALW,WA,ANM,WE,Federal Contract Tower,2,3,7,0,12,0,4,30,0,34,2,7,37,0,46,16,0,16,62
06/24/2023,ALW,WA,ANM,WE,Federal Contract Tower,2,1,2,0,5,0,4,26,0,30,2,5,28,0,35,0,0,0,35
06/25/2023,ALW,WA,ANM,WE,Federal Contract Tower,2,0,8,0,10,0,12,31,0,43,2,12,39,0,53,28,0,28,81
06/26/2023,ALW,WA,ANM,WE,Federal Contract Tower,2,2,5,0,9,0,3,40,0,43,2,5,45,0,52,8,0,8,60
06/27/2023,ALW,WA,ANM,WE,Federal Contract Tower,2,2,4,1,9,0,1,44,1,46,2,3,48,2,55,100,0,100,155
06/28/2023,ALW,WA,ANM,WE,Federal Contract Tower,2,3,3,0,8,0,5,51,0,56,2,8,54,0,64,86,0,86,150
06/29/2023,ALW,WA,ANM,WE,Federal Contract Tower,2,3,1,0,6,0,3,67,0,70,2,6,68,0,76,136,0,136,212
06/30/2023,ALW,WA,ANM,WE,Federal Contract Tower,2,2,11,0,15,0,6,67,0,73,2,8,78,0,88,164,0,164,252
07/01/2023,ALW,WA,ANM,WE,Federal Contract Tower,2,1,5,0,8,0,6,21,0,27,2,7,26,0,35,12,0,12,47
07/02/2023,ALW,WA,ANM,WE,Federal Contract Tower,2,0,0,0,2,0,5,33,0,38,2,5,33,0,40,60,0,60,100
07/03/2023,ALW,WA,ANM,WE,Federal Contract Tower,2,4,5,0,11,0,3,47,0,50,2,7,52,0,61,112,0,112,173
07/04/2023,ALW,WA,ANM,WE,Federal Contract Tower,2,0,6,0,8,0,2,47,0,49,2,2,53,0,57,132,0,132,189
07/05/2023,ALW,WA,ANM,WE,Federal Contract Tower,2,7,6,0,15,0,12,37,0,49,2,19,43,0,64,172,0,172,236
07/06/2023,ALW,WA,ANM,WE,Federal Contract Tower,2,2,6,0,10,0,3,47,0,50,2,5,53,0,60,138,0,138,198
07/07/2023,ALW,WA,ANM,WE,Federal Contract Tower,2,6,2,0,10,0,5,48,0,53,2,11,50,0,63,78,0,78,141
07/08/2023,ALW,WA,ANM,WE,Federal Contract Tower,2,1,26,0,29,0,3,48,0,51,2,4,74,0,80,8,0,8,88
07/09/2023,ALW,WA,ANM,WE,Federal Contract Tower,2,2,10,0,14,0,8,39,2,49,2,10,49,2,63,128,0,128,191
07/10/2023,ALW,WA,ANM,WE,Federal Contract Tower,2,3,8,0,13,0,5,37,0,42,2,8,45,0,55,150,0,150,205
07/11/2023,ALW,WA,ANM,WE,Federal Contract Tower,2,3,5,0,10,0,8,60,0,68,2,11,65,0,78,184,0,184,262
07/12/2023,ALW,WA,ANM,WE,Federal Contract Tower,2,4,5,0,11,0,3,46,0,49,2,7,51,0,60,120,0,120,180
07/13/2023,ALW,WA,ANM,WE,Federal Contract Tower,2,2,4,0,8,0,10,60,0,70,2,12,64,0,78,156,0,156,234
07/14/2023,ALW,WA,ANM,WE,Federal Contract Tower,2,3,5,0,10,0,0,61,0,61,2,3,66,0,71,164,0,164,235
07/15/2023,ALW,WA,ANM,WE,Federal Contract Tower,2,4,5,0,11,0,3,37,0,40,2,7,42,0,51,6,0,6,57
07/16/2023,ALW,WA,ANM,WE,Federal Contract Tower,2,0,11,0,13,0,3,48,0,51,2,3,59,0,64,82,0,82,146
07/17/2023,ALW,WA,ANM,WE,Federal Contract Tower,2,4,1,0,7,0,2,24,2,28,2,6,25,2,35,72,2,74,109
07/18/2023,ALW,WA,ANM,WE,Federal Contract Tower,2,4,13,0,19,0,9,44,0,53,2,13,57,0,72,170,0,170,242
07/19/2023,ALW,WA,ANM,WE,Federal Contract Tower,2,3,9,0,14,0,11,41,2,54,2,14,50,2,68,206,0,206,274
07/20/2023,ALW,WA,ANM,WE,Federal Contract Tower,2,3,18,0,23,0,2,46,0,48,2,5,64,0,71,132,0,132,203
07/21/2023,ALW,WA,ANM,WE,Federal Contract Tower,2,2,10,0,14,0,6,53,0,59,2,8,63,0,73,200,0,200,273
07/22/2023,ALW,WA,ANM,WE,Federal Contract Tower,2,4,3,0,9,0,5,23,0,28,2,9,26,0,37,28,0,28,65
07/23/2023,ALW,WA,ANM,WE,Federal Contract Tower,2,1,8,0,11,0,4,27,0,31,2,5,35,0,42,34,0,34,76
07/24/2023,ALW,WA,ANM,WE,Federal Contract Tower,2,6,11,0,19,0,0,31,0,31,2,6,42,0,50,78,0,78,128
07/25/2023,ALW,WA,ANM,WE,Federal Contract Tower,2,4,7,0,13,0,9,27,0,36,2,13,34,0,49,58,0,58,107
07/26/2023,ALW,WA,ANM,WE,Federal Contract Tower,2,3,4,0,9,0,5,36,0,41,2,8,40,0,50,122,0,122,172
07/27/2023,ALW,WA,ANM,WE,Federal Contract Tower,2,3,1,0,6,0,12,37,0,49,2,15,38,0,55,104,0,104,159
07/28/2023,ALW,WA,ANM,WE,Federal Contract Tower,2,3,21,0,26,0,10,48,0,58,2,13,69,0,84,38,0,38,122
07/29/2023,ALW,WA,ANM,WE,Federal Contract Tower,2,1,4,0,7,0,4,27,0,31,2,5,31,0,38,18,0,18,56
07/30/2023,ALW,WA,ANM,WE,Federal Contract Tower,2,0,8,0,10,0,6,33,0,39,2,6,41,0,49,74,0,74,123
07/31/2023,ALW,WA,ANM,WE,Federal Contract Tower,2,9,13,0,24,0,6,41,0,47,2,15,54,0,71,120,0,120,191
08/01/2023,ALW,WA,ANM,WE,Federal Contract Tower,2,4,11,0,17,0,4,30,0,34,2,8,41,0,51,32,0,32,83
08/02/2023,ALW,WA,ANM,WE,Federal Contract Tower,2,3,4,0,9,0,3,42,0,45,2,6,46,0,54,94,0,94,148
08/03/2023,ALW,WA,ANM,WE,Federal Contract Tower,2,5,1,0,8,0,2,42,0,44,2,7,43,0,52,108,0,108,160
08/04/2023,ALW,WA,ANM,WE,Federal Contract Tower,2,4,6,0,12,0,1,40,0,41,2,5,46,0,53,118,0,118,171
08/05/2023,ALW,WA,ANM,WE,Federal Contract Tower,2,0,2,0,4,0,7,14,0,21,2,7,16,0,25,0,0,0,25
08/06/2023,ALW,WA,ANM,WE,Federal Contract Tower,2,4,13,0,19,0,4,53,0,57,2,8,66,0,76,124,0,124,200
08/07/2023,ALW,WA,ANM,WE,Federal Contract Tower,2,4,5,0,11,0,1,20,0,21,2,5,25,0,32,102,0,102,134
08/08/2023,ALW,WA,ANM,WE,Federal Contract Tower,2,4,7,0,13,0,0,55,2,57,2,4,62,2,70,114,0,114,184
08/09/2023,ALW,WA,ANM,WE,Federal Contract Tower,2,4,5,0,11,0,3,31,2,36,2,7,36,2,47,88,0,88,135
08/10/2023,ALW,WA,ANM,WE,Federal Contract Tower,2,2,3,0,7,0,13,40,0,53,2,15,43,0,60,78,0,78,138
08/11/2023,ALW,WA,ANM,WE,Federal Contract Tower,2,2,8,0,12,0,5,40,0,45,2,7,48,0,57,134,0,134,191
08/12/2023,ALW,WA,ANM,WE,Federal Contract Tower,2,0,5,0,7,0,3,49,0,52,2,3,54,0,59,38,0,38,97
08/13/2023,ALW,WA,ANM,WE,Federal Contract Tower,2,0,10,0,12,0,4,56,0,60,2,4,66,0,72,42,0,42,114
08/14/2023,ALW,WA,ANM,WE,Federal Contract Tower,2,1,4,0,7,0,5,16,0,21,2,6,20,0,28,86,0,86,114
08/15/2023,ALW,WA,ANM,WE,Federal Contract Tower,2,0,1,0,3,0,1,7,0,8,2,1,8,0,11,0,0,0,11
08/16/2023,ALW,WA,ANM,WE,Federal Contract Tower,2,4,4,0,10,0,5,20,0,25,2,9,24,0,35,32,0,32,67
08/17/2023,ALW,WA,ANM,WE,Federal Contract Tower,2,6,4,0,12,0,3,19,0,22,2,9,23,0,34,18,0,18,52
08/18/2023,ALW,WA,ANM,WE,Federal Contract Tower,2,3,8,0,13,0,7,17,0,24,2,10,25,0,37,24,0,24,61
08/19/2023,ALW,WA,ANM,WE,Federal Contract Tower,2,3,7,0,12,0,0,20,0,20,2,3,27,0,32,18,0,18,50
08/20/2023,ALW,WA,ANM,WE,Federal Contract Tower,2,2,11,0,15,0,0,1,0,1,2,2,12,0,16,0,0,0,16
08/21/2023,ALW,WA,ANM,WE,Federal Contract Tower,2,3,8,0,13,0,0,2,0,2,2,3,10,0,15,0,0,0,15
08/22/2023,ALW,WA,ANM,WE,Federal Contract Tower,2,8,6,0,16,0,4,17,0,21,2,12,23,0,37,0,0,0,37
08/23/2023,ALW,WA,ANM,WE,Federal Contract Tower,2,4,5,0,11,0,3,22,0,25,2,7,27,0,36,46,0,46,82
08/24/2023,ALW,WA,ANM,WE,Federal Contract Tower,2,5,12,0,19,0,11,32,0,43,2,16,44,0,62,32,0,32,94
08/25/2023,ALW,WA,ANM,WE,Federal Contract Tower,2,3,9,0,14,0,7,13,0,20,2,10,22,0,34,24,0,24,58
08/26/2023,ALW,WA,ANM,WE,Federal Contract Tower,2,2,3,0,7,0,3,16,0,19,2,5,19,0,26,4,0,4,30
08/27/2023,ALW,WA,ANM,WE,Federal Contract Tower,2,1,4,0,7,0,3,32,0,35,2,4,36,0,42,6,0,6,48
08/28/2023,ALW,WA,ANM,WE,Federal Contract Tower,2,2,5,0,9,0,2,15,0,17,2,4,20,0,26,28,0,28,54
08/29/2023,ALW,WA,ANM,WE,Federal Contract Tower,2,4,2,0,8,0,8,3,0,11,2,12,5,0,19,8,0,8,27
08/30/2023,ALW,WA,ANM,WE,Federal Contract Tower,2,3,7,0,12,0,4,9,0,13,2,7,16,0,25,0,0,0,25
08/31/2023,ALW,WA,ANM,WE,Federal Contract Tower,2,4,18,0,24,0,3,19,0,22,2,7,37,0,46,40,0,40,86
01/01/2020,ALW,WA,ANM,WE,Federal Contract Tower,2,0,0,0,2,0,0,5,0,5,2,0,5,0,7,62,0,62,69
01/02/2020,ALW,WA,ANM,WE,Federal Contract Tower,2,2,5,0,9,0,0,18,0,18,2,2,23,0,27,56,0,56,83
01/03/2020,ALW,WA,ANM,WE,Federal Contract Tower,2,2,2,0,6,0,0,18,1,19,2,2,20,1,25,16,0,16,41
01/04/2020,ALW,WA,ANM,WE,Federal Contract Tower,2,0,2,0,4,0,0,7,0,7,2,0,9,0,11,10,0,10,21
01/05/2020,ALW,WA,ANM,WE,Federal Contract Tower,2,0,1,0,3,0,0,6,0,6,2,0,7,0,9,2,0,2,11
01/06/2020,ALW,WA,ANM,WE,Federal Contract Tower,2,1,0,0,3,0,2,16,0,18,2,3,16,0,21,84,0,84,105
01/07/2020,ALW,WA,ANM,WE,Federal Contract Tower,2,2,12,0,16,0,0,57,0,57,2,2,69,0,73,118,0,118,191
01/08/2020,ALW,WA,ANM,WE,Federal Contract Tower,2,2,3,0,7,0,2,9,0,11,2,4,12,0,18,6,0,6,24
01/09/2020,ALW,WA,ANM,WE,Federal Contract Tower,2,2,8,0,12,0,0,41,0,41,2,2,49,0,53,98,0,98,151
01/10/2020,ALW,WA,ANM,WE,Federal Contract Tower,2,3,8,0,13,0,0,15,0,15,2,3,23,0,28,36,0,36,64
01/11/2020,ALW,WA,ANM,WE,Federal Contract Tower,2,0,3,0,5,0,0,0,0,0,2,0,3,0,5,0,0,0,5
01/12/2020,ALW,WA,ANM,WE,Federal Contract Tower,2,2,1,0,5,0,0,1,0,1,2,2,2,0,6,0,0,0,6
01/13/2020,ALW,WA,ANM,WE,Federal Contract Tower,2,0,1,0,3,0,0,7,0,7,2,0,8,0,10,60,0,60,70
01/14/2020,ALW,WA,ANM,WE,Federal Contract Tower,2,0,2,0,4,0,0,9,0,9,2,0,11,0,13,42,0,42,55
01/15/2020,ALW,WA,ANM,WE,Federal Contract Tower,2,1,9,0,12,0,1,21,0,22,2,2,30,0,34,58,0,58,92
01/16/2020,ALW,WA,ANM,WE,Federal Contract Tower,2,1,8,0,11,0,1,29,0,30,2,2,37,0,41,38,0,38,79
01/17/2020,ALW,WA,ANM,WE,Federal Contract Tower,2,1,12,0,15,0,2,50,0,52,2,3,62,0,67,254,0,254,321
01/18/2020,ALW,WA,ANM,WE,Federal Contract Tower,2,0,0,0,2,0,0,4,0,4,2,0,4,0,6,0,0,0,6
01/19/2020,ALW,WA,ANM,WE,Federal Contract Tower,0,0,0,0,0,0,0,0,0,0,0,0,0,0,0,0,0,0,0
01/20/2020,ALW,WA,ANM,WE,Federal Contract Tower,2,3,6,0,11,0,1,23,0,24,2,4,29,0,35,80,0,80,115
01/21/2020,ALW,WA,ANM,WE,Federal Contract Tower,2,2,5,0,9,0,1,17,0,18,2,3,22,0,27,68,0,68,95
01/22/2020,ALW,WA,ANM,WE,Federal Contract Tower,2,3,6,0,11,0,0,31,0,31,2,3,37,0,42,130,0,130,172
01/23/2020,ALW,WA,ANM,WE,Federal Contract Tower,2,2,12,0,16,0,4,41,0,45,2,6,53,0,61,116,0,116,177
01/24/2020,ALW,WA,ANM,WE,Federal Contract Tower,2,1,11,0,14,0,2,56,0,58,2,3,67,0,72,168,0,168,240
01/25/2020,ALW,WA,ANM,WE,Federal Contract Tower,2,1,4,0,7,0,0,15,0,15,2,1,19,0,22,30,0,30,52
01/26/2020,ALW,WA,ANM,WE,Federal Contract Tower,2,0,5,0,7,0,0,24,0,24,2,0,29,0,31,50,0,50,81
01/27/2020,ALW,WA,ANM,WE,Federal Contract Tower,2,2,13,0,17,0,2,50,4,56,2,4,63,4,73,200,2,202,275
01/28/2020,ALW,WA,ANM,WE,Federal Contract Tower,2,5,7,0,14,0,2,26,0,28,2,7,33,0,42,98,0,98,140
01/29/2020,ALW,WA,ANM,WE,Federal Contract Tower,2,2,11,0,15,0,0,31,0,31,2,2,42,0,46,110,0,110,156
01/30/2020,ALW,WA,ANM,WE,Federal Contract Tower,2,3,24,0,29,0,23,0,0,23,2,26,24,0,52,30,0,30,82
01/31/2020,ALW,WA,ANM,WE,Federal Contract Tower,2,2,12,0,16,0,0,48,0,48,2,2,60,0,64,74,0,74,138
02/01/2020,ALW,WA,ANM,WE,Federal Contract Tower,2,0,0,0,2,0,0,4,0,4,2,0,4,0,6,0,0,0,6
02/02/2020,ALW,WA,ANM,WE,Federal Contract Tower,2,0,13,0,15,0,0,66,0,66,2,0,79,0,81,62,0,62,143
02/03/2020,ALW,WA,ANM,WE,Federal Contract Tower,2,2,2,0,6,0,0,51,0,51,2,2,53,0,57,112,0,112,169
02/04/2020,ALW,WA,ANM,WE,Federal Contract Tower,2,2,6,2,12,0,0,21,0,21,2,2,27,2,33,84,0,84,117
02/05/2020,ALW,WA,ANM,WE,Federal Contract Tower,2,2,4,0,8,0,0,19,0,19,2,2,23,0,27,46,0,46,73
02/06/2020,ALW,WA,ANM,WE,Federal Contract Tower,3,3,14,0,20,0,0,11,0,11,3,3,25,0,31,52,0,52,83
02/07/2020,ALW,WA,ANM,WE,Federal Contract Tower,10,2,9,0,21,0,0,64,3,67,10,2,73,3,88,172,0,172,260
02/08/2020,ALW,WA,ANM,WE,Federal Contract Tower,2,1,2,0,5,0,0,3,6,9,2,1,5,6,14,8,0,8,22
02/09/2020,ALW,WA,ANM,WE,Federal Contract Tower,2,0,17,0,19,0,10,63,3,76,2,10,80,3,95,104,0,104,199
02/10/2020,ALW,WA,ANM,WE,Federal Contract Tower,9,0,9,0,18,0,4,80,0,84,9,4,89,0,102,124,0,124,226
02/11/2020,ALW,WA,ANM,WE,Federal Contract Tower,2,1,3,0,6,0,1,32,0,33,2,2,35,0,39,40,0,40,79
02/12/2020,ALW,WA,ANM,WE,Federal Contract Tower,10,0,6,0,16,0,2,44,0,46,10,2,50,0,62,142,0,142,204
02/13/2020,ALW,WA,ANM,WE,Federal Contract Tower,2,2,18,0,22,0,5,46,0,51,2,7,64,0,73,184,0,184,257
02/14/2020,ALW,WA,ANM,WE,Federal Contract Tower,2,1,14,0,17,0,2,20,0,22,2,3,34,0,39,26,0,26,65
02/15/2020,ALW,WA,ANM,WE,Federal Contract Tower,2,2,3,0,7,0,0,11,0,11,2,2,14,0,18,8,0,8,26
02/16/2020,ALW,WA,ANM,WE,Federal Contract Tower,2,1,2,0,5,0,0,12,0,12,2,1,14,0,17,0,0,0,17
02/17/2020,ALW,WA,ANM,WE,Federal Contract Tower,2,0,9,0,11,0,0,36,0,36,2,0,45,0,47,20,0,20,67
02/18/2020,ALW,WA,ANM,WE,Federal Contract Tower,2,4,6,0,12,0,4,74,0,78,2,8,80,0,90,80,0,80,170
02/19/2020,ALW,WA,ANM,WE,Federal Contract Tower,4,2,3,0,9,0,0,54,0,54,4,2,57,0,63,150,0,150,213
02/20/2020,ALW,WA,ANM,WE,Federal Contract Tower,2,2,18,0,22,0,0,71,0,71,2,2,89,0,93,56,0,56,149
02/21/2020,ALW,WA,ANM,WE,Federal Contract Tower,2,2,14,0,18,0,2,63,2,67,2,4,77,2,85,126,2,128,213
02/22/2020,ALW,WA,ANM,WE,Federal Contract Tower,2,0,3,0,5,0,0,36,0,36,2,0,39,0,41,2,0,2,43
02/23/2020,ALW,WA,ANM,WE,Federal Contract Tower,2,4,1,0,7,0,2,13,0,15,2,6,14,0,22,0,0,0,22
02/24/2020,ALW,WA,ANM,WE,Federal Contract Tower,2,0,8,0,10,0,0,30,2,32,2,0,38,2,42,40,0,40,82
02/25/2020,ALW,WA,ANM,WE,Federal Contract Tower,2,2,9,1,14,0,1,60,0,61,2,3,69,1,75,120,0,120,195
02/26/2020,ALW,WA,ANM,WE,Federal Contract Tower,2,2,9,0,13,0,0,45,0,45,2,2,54,0,58,122,0,122,180
02/27/2020,ALW,WA,ANM,WE,Federal Contract Tower,2,4,7,0,13,0,0,44,0,44,2,4,51,0,57,98,0,98,155
02/28/2020,ALW,WA,ANM,WE,Federal Contract Tower,2,1,3,0,6,0,3,63,0,66,2,4,66,0,72,104,0,104,176
02/29/2020,ALW,WA,ANM,WE,Federal Contract Tower,2,2,3,0,7,0,0,9,0,9,2,2,12,0,16,4,0,4,20
03/01/2020,ALW,WA,ANM,WE,Federal Contract Tower,2,1,4,0,7,0,0,49,0,49,2,1,53,0,56,22,0,22,78
03/02/2020,ALW,WA,ANM,WE,Federal Contract Tower,3,0,3,0,6,0,2,18,0,20,3,2,21,0,26,30,0,30,56
03/03/2020,ALW,WA,ANM,WE,Federal Contract Tower,2,2,4,0,8,0,2,54,0,56,2,4,58,0,64,50,0,50,114
03/04/2020,ALW,WA,ANM,WE,Federal Contract Tower,2,0,4,0,6,0,2,87,0,89,2,2,91,0,95,144,0,144,239
03/05/2020,ALW,WA,ANM,WE,Federal Contract Tower,2,1,10,0,13,0,1,85,0,86,2,2,95,0,99,128,0,128,227
03/06/2020,ALW,WA,ANM,WE,Federal Contract Tower,2,3,2,0,7,0,1,24,0,25,2,4,26,0,32,78,0,78,110
03/07/2020,ALW,WA,ANM,WE,Federal Contract Tower,2,3,3,0,8,0,0,6,0,6,2,3,9,0,14,12,0,12,26
03/08/2020,ALW,WA,ANM,WE,Federal Contract Tower,2,2,5,0,9,0,0,46,0,46,2,2,51,0,55,62,0,62,117
03/09/2020,ALW,WA,ANM,WE,Federal Contract Tower,2,0,3,0,5,0,1,25,0,26,2,1,28,0,31,85,0,85,116
03/10/2020,ALW,WA,ANM,WE,Federal Contract Tower,2,2,15,0,19,0,4,45,0,49,2,6,60,0,68,64,0,64,132
03/11/2020,ALW,WA,ANM,WE,Federal Contract Tower,2,0,0,0,2,0,4,22,0,26,2,4,22,0,28,68,0,68,96
03/12/2020,ALW,WA,ANM,WE,Federal Contract Tower,2,2,7,0,11,0,2,43,0,45,2,4,50,0,56,116,0,116,172
03/13/2020,ALW,WA,ANM,WE,Federal Contract Tower,2,2,14,0,18,0,0,35,0,35,2,2,49,0,53,116,0,116,169
03/14/2020,ALW,WA,ANM,WE,Federal Contract Tower,2,0,1,0,3,0,0,5,0,5,2,0,6,0,8,28,0,28,36
03/15/2020,ALW,WA,ANM,WE,Federal Contract Tower,2,0,0,0,2,0,0,5,0,5,2,0,5,0,7,40,0,40,47
03/16/2020,ALW,WA,ANM,WE,Federal Contract Tower,2,4,0,0,6,0,3,8,0,11,2,7,8,0,17,14,0,14,31
03/17/2020,ALW,WA,ANM,WE,Federal Contract Tower,2,0,0,0,2,0,2,20,0,22,2,2,20,0,24,62,0,62,86
03/18/2020,ALW,WA,ANM,WE,Federal Contract Tower,2,1,4,0,7,0,2,14,0,16,2,3,18,0,23,24,0,24,47
03/19/2020,ALW,WA,ANM,WE,Federal Contract Tower,2,3,1,0,6,0,0,19,0,19,2,3,20,0,25,14,0,14,39
03/20/2020,ALW,WA,ANM,WE,Federal Contract Tower,3,4,2,0,9,0,0,26,0,26,3,4,28,0,35,38,0,38,73
03/21/2020,ALW,WA,ANM,WE,Federal Contract Tower,2,0,3,0,5,0,0,23,0,23,2,0,26,0,28,40,0,40,68
03/22/2020,ALW,WA,ANM,WE,Federal Contract Tower,2,2,1,0,5,0,0,35,0,35,2,2,36,0,40,34,0,34,74
03/23/2020,ALW,WA,ANM,WE,Federal Contract Tower,2,1,0,0,3,0,1,4,0,5,2,2,4,0,8,2,0,2,10
03/24/2020,ALW,WA,ANM,WE,Federal Contract Tower,2,2,0,0,4,0,1,3,0,4,2,3,3,0,8,4,0,4,12
03/25/2020,ALW,WA,ANM,WE,Federal Contract Tower,2,3,4,0,9,0,0,8,0,8,2,3,12,0,17,42,0,42,59
03/26/2020,ALW,WA,ANM,WE,Federal Contract Tower,2,3,0,0,5,0,0,12,0,12,2,3,12,0,17,22,0,22,39
03/27/2020,ALW,WA,ANM,WE,Federal Contract Tower,0,2,0,0,2,0,2,0,0,2,0,4,0,0,4,0,0,0,4
03/28/2020,ALW,WA,ANM,WE,Federal Contract Tower,0,0,0,0,0,0,4,2,0,6,0,4,2,0,6,2,0,2,8
03/29/2020,ALW,WA,ANM,WE,Federal Contract Tower,0,0,8,0,8,0,0,7,0,7,0,0,15,0,15,12,0,12,27
03/30/2020,ALW,WA,ANM,WE,Federal Contract Tower,0,2,1,0,3,0,0,0,0,0,0,2,1,0,3,0,0,0,3
03/31/2020,ALW,WA,ANM,WE,Federal Contract Tower,0,1,1,0,2,0,2,0,0,2,0,3,1,0,4,0,0,0,4
04/01/2020,ALW,WA,ANM,WE,Federal Contract Tower,1,0,0,0,1,0,2,3,0,5,1,2,3,0,6,0,0,0,6
04/02/2020,ALW,WA,ANM,WE,Federal Contract Tower,0,2,0,0,2,0,4,22,0,26,0,6,22,0,28,44,0,44,72
04/03/2020,ALW,WA,ANM,WE,Federal Contract Tower,1,3,8,0,12,0,3,7,0,10,1,6,15,0,22,0,0,0,22
04/04/2020,ALW,WA,ANM,WE,Federal Contract Tower,2,2,11,0,15,0,20,0,0,20,2,22,11,0,35,14,0,14,49
04/05/2020,ALW,WA,ANM,WE,Federal Contract Tower,2,0,0,0,2,0,0,16,0,16,2,0,16,0,18,24,0,24,42
04/06/2020,ALW,WA,ANM,WE,Federal Contract Tower,2,1,0,0,3,0,1,9,0,10,2,2,9,0,13,7,0,7,20
04/07/2020,ALW,WA,ANM,WE,Federal Contract Tower,2,0,8,0,10,0,1,8,0,9,2,1,16,0,19,2,0,2,21
04/08/2020,ALW,WA,ANM,WE,Federal Contract Tower,0,0,0,0,0,0,4,20,4,28,0,4,20,4,28,36,0,36,64
04/09/2020,ALW,WA,ANM,WE,Federal Contract Tower,2,0,2,0,4,0,6,19,0,25,2,6,21,0,29,0,0,0,29
04/10/2020,ALW,WA,ANM,WE,Federal Contract Tower,1,4,7,0,12,0,2,22,0,24,1,6,29,0,36,46,0,46,82
04/11/2020,ALW,WA,ANM,WE,Federal Contract Tower,1,1,2,1,5,0,0,9,0,9,1,1,11,1,14,8,0,8,22
04/12/2020,ALW,WA,ANM,WE,Federal Contract Tower,0,0,4,0,4,0,4,24,0,28,0,4,28,0,32,16,0,16,48
04/13/2020,ALW,WA,ANM,WE,Federal Contract Tower,2,2,6,0,10,0,8,6,0,14,2,10,12,0,24,8,0,8,32
04/14/2020,ALW,WA,ANM,WE,Federal Contract Tower,2,2,0,0,4,0,0,6,0,6,2,2,6,0,10,0,0,0,10
04/15/2020,ALW,WA,ANM,WE,Federal Contract Tower,2,2,1,0,5,0,0,14,0,14,2,2,15,0,19,8,0,8,27
04/16/2020,ALW,WA,ANM,WE,Federal Contract Tower,2,2,3,0,7,0,2,18,0,20,2,4,21,0,27,16,0,16,43
04/17/2020,ALW,WA,ANM,WE,Federal Contract Tower,2,2,6,0,10,0,1,33,0,34,2,3,39,0,44,16,0,16,60
04/19/2020,ALW,WA,ANM,WE,Federal Contract Tower,1,0,5,0,6,0,0,25,0,25,1,0,30,0,31,22,0,22,53
04/20/2020,ALW,WA,ANM,WE,Federal Contract Tower,2,2,8,0,12,0,0,36,0,36,2,2,44,0,48,46,0,46,94
04/21/2020,ALW,WA,ANM,WE,Federal Contract Tower,2,2,2,2,8,0,2,14,0,16,2,4,16,2,24,0,0,0,24
04/22/2020,ALW,WA,ANM,WE,Federal Contract Tower,1,1,5,0,7,0,0,11,0,11,1,1,16,0,18,18,0,18,36
04/23/2020,ALW,WA,ANM,WE,Federal Contract Tower,2,3,8,0,13,0,4,9,0,13,2,7,17,0,26,26,0,26,52
04/24/2020,ALW,WA,ANM,WE,Federal Contract Tower,1,2,0,0,3,0,4,19,0,23,1,6,19,0,26,38,0,38,64
04/25/2020,ALW,WA,ANM,WE,Federal Contract Tower,1,0,0,0,1,0,2,9,0,11,1,2,9,0,12,0,0,0,12
04/26/2020,ALW,WA,ANM,WE,Federal Contract Tower,1,0,0,0,1,0,2,24,0,26,1,2,24,0,27,6,0,6,33
04/27/2020,ALW,WA,ANM,WE,Federal Contract Tower,1,0,0,0,1,0,2,6,0,8,1,2,6,0,9,12,0,12,21
04/28/2020,ALW,WA,ANM,WE,Federal Contract Tower,0,1,0,0,1,0,6,15,0,21,0,7,15,0,22,16,0,16,38
04/29/2020,ALW,WA,ANM,WE,Federal Contract Tower,0,0,0,0,0,0,12,14,0,26,0,12,14,0,26,42,0,42,68
04/30/2020,ALW,WA,ANM,WE,Federal Contract Tower,1,2,1,0,4,0,0,1,0,1,1,2,2,0,5,16,0,16,21
05/01/2020,ALW,WA,ANM,WE,Federal Contract Tower,1,1,1,0,3,0,0,28,0,28,1,1,29,0,31,42,0,42,73
05/02/2020,ALW,WA,ANM,WE,Federal Contract Tower,0,0,2,0,2,0,0,14,0,14,0,0,16,0,16,24,0,24,40
05/03/2020,ALW,WA,ANM,WE,Federal Contract Tower,3,0,0,0,3,0,0,19,0,19,3,0,19,0,22,36,0,36,58
05/04/2020,ALW,WA,ANM,WE,Federal Contract Tower,3,0,1,0,4,0,0,13,0,13,3,0,14,0,17,48,0,48,65
05/05/2020,ALW,WA,ANM,WE,Federal Contract Tower,4,4,2,0,10,0,2,26,0,28,4,6,28,0,38,52,0,52,90
05/06/2020,ALW,WA,ANM,WE,Federal Contract Tower,4,2,0,0,6,0,2,0,2,4,4,4,0,2,10,0,0,0,10
05/07/2020,ALW,WA,ANM,WE,Federal Contract Tower,2,2,3,0,7,0,0,26,0,26,2,2,29,0,33,52,0,52,85
05/08/2020,ALW,WA,ANM,WE,Federal Contract Tower,3,2,1,0,6,0,0,39,2,41,3,2,40,2,47,16,0,16,63
05/10/2020,ALW,WA,ANM,WE,Federal Contract Tower,2,0,8,0,10,0,2,39,0,41,2,2,47,0,51,46,0,46,97
05/13/2020,ALW,WA,ANM,WE,Federal Contract Tower,3,2,14,0,19,0,1,10,0,11,3,3,24,0,30,14,0,14,44
05/14/2020,ALW,WA,ANM,WE,Federal Contract Tower,3,2,8,0,13,0,0,24,0,24,3,2,32,0,37,30,0,30,67
05/15/2020,ALW,WA,ANM,WE,Federal Contract Tower,4,2,0,0,6,0,0,20,0,20,4,2,20,0,26,4,0,4,30
05/16/2020,ALW,WA,ANM,WE,Federal Contract Tower,3,0,0,0,3,0,0,31,0,31,3,0,31,0,34,12,0,12,46
05/19/2020,ALW,WA,ANM,WE,Federal Contract Tower,3,2,14,0,19,0,0,54,0,54,3,2,68,0,73,102,0,102,175
05/20/2020,ALW,WA,ANM,WE,Federal Contract Tower,4,2,4,0,10,0,0,0,0,0,4,2,4,0,10,0,0,0,10
05/21/2020,ALW,WA,ANM,WE,Federal Contract Tower,3,2,1,0,6,0,0,3,0,3,3,2,4,0,9,6,0,6,15
05/22/2020,ALW,WA,ANM,WE,Federal Contract Tower,4,2,9,0,15,0,0,20,0,20,4,2,29,0,35,44,0,44,79
05/23/2020,ALW,WA,ANM,WE,Federal Contract Tower,3,0,5,0,8,0,0,21,0,21,3,0,26,0,29,10,0,10,39
05/24/2020,ALW,WA,ANM,WE,Federal Contract Tower,0,3,0,0,3,0,0,63,0,63,0,3,63,0,66,52,0,52,118
05/25/2020,ALW,WA,ANM,WE,Federal Contract Tower,4,0,0,0,4,0,1,27,0,28,4,1,27,0,32,84,0,84,116
05/26/2020,ALW,WA,ANM,WE,Federal Contract Tower,3,4,4,0,11,0,0,42,0,42,3,4,46,0,53,20,0,20,73
05/27/2020,ALW,WA,ANM,WE,Federal Contract Tower,3,2,2,0,7,0,1,30,2,33,3,3,32,2,40,36,0,36,76
05/28/2020,ALW,WA,ANM,WE,Federal Contract Tower,3,4,0,0,7,0,1,40,0,41,3,5,40,0,48,24,0,24,72
05/29/2020,ALW,WA,ANM,WE,Federal Contract Tower,4,2,1,0,7,0,2,57,0,59,4,4,58,0,66,44,0,44,110
05/30/2020,ALW,WA,ANM,WE,Federal Contract Tower,3,1,1,0,5,0,2,9,0,11,3,3,10,0,16,30,0,30,46
05/31/2020,ALW,WA,ANM,WE,Federal Contract Tower,1,0,4,0,5,0,10,20,0,30,1,10,24,0,35,56,0,56,91
06/01/2020,ALW,WA,ANM,WE,Federal Contract Tower,2,2,3,0,7,0,0,30,0,30,2,2,33,0,37,38,0,38,75
06/02/2020,ALW,WA,ANM,WE,Federal Contract Tower,3,4,2,0,9,0,1,41,0,42,3,5,43,0,51,14,0,14,65
06/03/2020,ALW,WA,ANM,WE,Federal Contract Tower,3,3,0,0,6,0,0,49,0,49,3,3,49,0,55,62,0,62,117
06/04/2020,ALW,WA,ANM,WE,Federal Contract Tower,3,2,4,0,9,0,0,15,0,15,3,2,19,0,24,28,0,28,52
06/05/2020,ALW,WA,ANM,WE,Federal Contract Tower,3,2,2,0,7,0,0,48,0,48,3,2,50,0,55,32,0,32,87
06/06/2020,ALW,WA,ANM,WE,Federal Contract Tower,3,2,1,0,6,0,0,16,0,16,3,2,17,0,22,18,0,18,40
06/07/2020,ALW,WA,ANM,WE,Federal Contract Tower,3,0,3,0,6,0,0,22,0,22,3,0,25,0,28,10,0,10,38
06/08/2020,ALW,WA,ANM,WE,Federal Contract Tower,2,3,0,0,5,0,0,20,0,20,2,3,20,0,25,30,0,30,55
06/09/2020,ALW,WA,ANM,WE,Federal Contract Tower,1,3,4,0,8,0,2,23,0,25,1,5,27,0,33,22,0,22,55
06/10/2020,ALW,WA,ANM,WE,Federal Contract Tower,2,2,6,0,10,0,0,39,0,39,2,2,45,0,49,38,0,38,87
06/11/2020,ALW,WA,ANM,WE,Federal Contract Tower,3,5,4,0,12,0,0,25,0,25,3,5,29,0,37,58,0,58,95
06/12/2020,ALW,WA,ANM,WE,Federal Contract Tower,2,2,5,0,9,0,0,63,0,63,2,2,68,0,72,186,0,186,258
06/13/2020,ALW,WA,ANM,WE,Federal Contract Tower,2,0,3,0,5,0,0,4,0,4,2,0,7,0,9,24,0,24,33
06/14/2020,ALW,WA,ANM,WE,Federal Contract Tower,3,2,2,0,7,0,0,15,0,15,3,2,17,0,22,8,0,8,30
06/15/2020,ALW,WA,ANM,WE,Federal Contract Tower,3,1,17,0,21,0,0,10,0,10,3,1,27,0,31,36,0,36,67
06/16/2020,ALW,WA,ANM,WE,Federal Contract Tower,2,1,4,0,7,0,0,28,0,28,2,1,32,0,35,50,0,50,85
06/17/2020,ALW,WA,ANM,WE,Federal Contract Tower,2,3,6,0,11,0,1,31,0,32,2,4,37,0,43,32,0,32,75
06/18/2020,ALW,WA,ANM,WE,Federal Contract Tower,2,1,9,0,12,0,0,53,0,53,2,1,62,0,65,60,0,60,125
06/19/2020,ALW,WA,ANM,WE,Federal Contract Tower,2,8,6,0,16,0,3,40,0,43,2,11,46,0,59,48,0,48,107
06/21/2020,ALW,WA,ANM,WE,Federal Contract Tower,1,3,3,0,7,0,0,36,0,36,1,3,39,0,43,36,0,36,79
06/22/2020,ALW,WA,ANM,WE,Federal Contract Tower,2,9,13,0,24,0,0,74,0,74,2,9,87,0,98,76,0,76,174
06/23/2020,ALW,WA,ANM,WE,Federal Contract Tower,2,2,5,0,9,0,0,62,0,62,2,2,67,0,71,140,0,140,211
06/24/2020,ALW,WA,ANM,WE,Federal Contract Tower,2,2,7,0,11,0,3,24,0,27,2,5,31,0,38,82,0,82,120
06/25/2020,ALW,WA,ANM,WE,Federal Contract Tower,2,3,5,0,10,0,1,48,0,49,2,4,53,0,59,90,0,90,149
06/26/2020,ALW,WA,ANM,WE,Federal Contract Tower,1,2,7,0,10,0,0,57,0,57,1,2,64,0,67,15,0,15,82
06/27/2020,ALW,WA,ANM,WE,Federal Contract Tower,1,0,3,0,4,0,2,21,0,23,1,2,24,0,27,70,0,70,97
06/28/2020,ALW,WA,ANM,WE,Federal Contract Tower,2,3,2,0,7,0,0,10,0,10,2,3,12,0,17,0,0,0,17
06/29/2020,ALW,WA,ANM,WE,Federal Contract Tower,2,3,8,0,13,0,3,55,0,58,2,6,63,0,71,92,0,92,163
06/30/2020,ALW,WA,ANM,WE,Federal Contract Tower,2,4,7,0,13,0,5,13,2,20,2,9,20,2,33,6,0,6,39
07/01/2020,ALW,WA,ANM,WE,Federal Contract Tower,2,4,9,0,15,0,4,15,0,19,2,8,24,0,34,24,0,24,58
07/02/2020,ALW,WA,ANM,WE,Federal Contract Tower,2,3,4,0,9,0,2,44,0,46,2,5,48,0,55,116,0,116,171
07/03/2020,ALW,WA,ANM,WE,Federal Contract Tower,2,4,16,0,22,0,7,37,0,44,2,11,53,0,66,72,0,72,138
07/04/2020,ALW,WA,ANM,WE,Federal Contract Tower,2,0,5,0,7,0,0,10,0,10,2,0,15,0,17,40,0,40,57
07/05/2020,ALW,WA,ANM,WE,Federal Contract Tower,2,2,8,0,12,0,1,41,0,42,2,3,49,0,54,38,0,38,92
07/06/2020,ALW,WA,ANM,WE,Federal Contract Tower,2,0,0,0,2,0,0,46,0,46,2,0,46,0,48,70,0,70,118
07/07/2020,ALW,WA,ANM,WE,Federal Contract Tower,2,5,0,0,7,0,3,14,0,17,2,8,14,0,24,26,0,26,50
07/08/2020,ALW,WA,ANM,WE,Federal Contract Tower,2,2,8,0,12,0,2,79,0,81,2,4,87,0,93,156,0,156,249
07/09/2020,ALW,WA,ANM,WE,Federal Contract Tower,2,4,7,2,15,0,0,42,0,42,2,4,49,2,57,82,0,82,139
07/10/2020,ALW,WA,ANM,WE,Federal Contract Tower,2,2,4,0,8,0,0,50,0,50,2,2,54,0,58,108,0,108,166
07/11/2020,ALW,WA,ANM,WE,Federal Contract Tower,2,4,4,0,10,0,0,36,0,36,2,4,40,0,46,36,0,36,82
07/12/2020,ALW,WA,ANM,WE,Federal Contract Tower,2,1,0,0,3,0,0,38,0,38,2,1,38,0,41,16,0,16,57
07/13/2020,ALW,WA,ANM,WE,Federal Contract Tower,2,0,6,0,8,0,0,47,0,47,2,0,53,0,55,72,0,72,127
07/14/2020,ALW,WA,ANM,WE,Federal Contract Tower,2,1,9,0,12,0,2,44,0,46,2,3,53,0,58,80,0,80,138
07/15/2020,ALW,WA,ANM,WE,Federal Contract Tower,2,1,8,0,11,0,2,38,0,40,2,3,46,0,51,66,0,66,117
07/16/2020,ALW,WA,ANM,WE,Federal Contract Tower,2,4,5,0,11,0,1,60,0,61,2,5,65,0,72,112,0,112,184
07/17/2020,ALW,WA,ANM,WE,Federal Contract Tower,2,5,1,0,8,0,0,40,0,40,2,5,41,0,48,92,0,92,140
07/18/2020,ALW,WA,ANM,WE,Federal Contract Tower,3,0,1,0,4,0,0,40,0,40,3,0,41,0,44,17,0,17,61
07/19/2020,ALW,WA,ANM,WE,Federal Contract Tower,2,3,0,0,5,0,6,47,0,53,2,9,47,0,58,60,0,60,118
07/20/2020,ALW,WA,ANM,WE,Federal Contract Tower,2,2,1,1,6,0,0,41,0,41,2,2,42,1,47,76,0,76,123
07/21/2020,ALW,WA,ANM,WE,Federal Contract Tower,2,3,10,0,15,0,0,67,0,67,2,3,77,0,82,175,0,175,257
07/22/2020,ALW,WA,ANM,WE,Federal Contract Tower,2,1,10,0,13,0,2,44,0,46,2,3,54,0,59,124,0,124,183
07/23/2020,ALW,WA,ANM,WE,Federal Contract Tower,2,3,4,0,9,0,1,46,0,47,2,4,50,0,56,158,0,158,214
07/24/2020,ALW,WA,ANM,WE,Federal Contract Tower,2,4,6,0,12,0,1,39,0,40,2,5,45,0,52,102,0,102,154
07/25/2020,ALW,WA,ANM,WE,Federal Contract Tower,2,0,4,0,6,0,0,19,0,19,2,0,23,0,25,0,0,0,25
07/26/2020,ALW,WA,ANM,WE,Federal Contract Tower,2,1,6,0,9,0,5,33,0,38,2,6,39,0,47,82,0,82,129
07/27/2020,ALW,WA,ANM,WE,Federal Contract Tower,2,4,4,0,10,0,9,63,0,72,2,13,67,0,82,200,0,200,282
07/28/2020,ALW,WA,ANM,WE,Federal Contract Tower,2,0,7,0,9,0,6,66,0,72,2,6,73,0,81,152,0,152,233
07/29/2020,ALW,WA,ANM,WE,Federal Contract Tower,2,2,8,0,12,0,0,52,2,54,2,2,60,2,66,60,0,60,126
07/30/2020,ALW,WA,ANM,WE,Federal Contract Tower,2,2,1,0,5,0,2,31,0,33,2,4,32,0,38,120,0,120,158
07/31/2020,ALW,WA,ANM,WE,Federal Contract Tower,2,2,1,0,5,0,1,40,0,41,2,3,41,0,46,86,0,86,132
08/02/2020,ALW,WA,ANM,WE,Federal Contract Tower,2,0,6,0,8,0,2,29,0,31,2,2,35,0,39,32,0,32,71
08/03/2020,ALW,WA,ANM,WE,Federal Contract Tower,3,1,8,0,12,0,1,41,0,42,3,2,49,0,54,114,0,114,168
08/04/2020,ALW,WA,ANM,WE,Federal Contract Tower,3,0,7,0,10,0,1,62,0,63,3,1,69,0,73,133,0,133,206
08/05/2020,ALW,WA,ANM,WE,Federal Contract Tower,3,2,7,0,12,0,3,44,0,47,3,5,51,0,59,106,0,106,165
08/06/2020,ALW,WA,ANM,WE,Federal Contract Tower,3,5,5,0,13,0,3,32,0,35,3,8,37,0,48,24,0,24,72
08/07/2020,ALW,WA,ANM,WE,Federal Contract Tower,3,1,9,0,13,0,2,46,0,48,3,3,55,0,61,94,0,94,155
08/08/2020,ALW,WA,ANM,WE,Federal Contract Tower,3,0,6,0,9,0,0,28,0,28,3,0,34,0,37,56,0,56,93
08/09/2020,ALW,WA,ANM,WE,Federal Contract Tower,3,0,10,0,13,0,0,65,0,65,3,0,75,0,78,49,0,49,127
08/10/2020,ALW,WA,ANM,WE,Federal Contract Tower,3,2,10,0,15,0,4,57,0,61,3,6,67,0,76,86,0,86,162
08/11/2020,ALW,WA,ANM,WE,Federal Contract Tower,2,2,8,0,12,0,0,25,0,25,2,2,33,0,37,98,0,98,135
08/12/2020,ALW,WA,ANM,WE,Federal Contract Tower,3,2,7,0,12,0,2,58,0,60,3,4,65,0,72,42,0,42,114
08/13/2020,ALW,WA,ANM,WE,Federal Contract Tower,2,4,4,0,10,0,0,44,0,44,2,4,48,0,54,30,0,30,84
08/14/2020,ALW,WA,ANM,WE,Federal Contract Tower,3,3,3,0,9,0,2,48,0,50,3,5,51,0,59,72,0,72,131
08/15/2020,ALW,WA,ANM,WE,Federal Contract Tower,2,1,3,0,6,0,2,31,0,33,2,3,34,0,39,52,0,52,91
08/16/2020,ALW,WA,ANM,WE,Federal Contract Tower,2,3,5,0,10,0,0,43,0,43,2,3,48,0,53,112,0,112,165
08/17/2020,ALW,WA,ANM,WE,Federal Contract Tower,2,4,18,0,24,0,0,45,0,45,2,4,63,0,69,38,0,38,107
08/18/2020,ALW,WA,ANM,WE,Federal Contract Tower,2,2,5,0,9,0,0,40,0,40,2,2,45,0,49,48,0,48,97
08/19/2020,ALW,WA,ANM,WE,Federal Contract Tower,2,2,13,0,17,0,1,53,2,56,2,3,66,2,73,26,0,26,99
08/20/2020,ALW,WA,ANM,WE,Federal Contract Tower,2,2,6,0,10,0,0,67,0,67,2,2,73,0,77,72,0,72,149
08/21/2020,ALW,WA,ANM,WE,Federal Contract Tower,2,2,7,0,11,0,0,85,4,89,2,2,92,4,100,132,0,132,232
08/22/2020,ALW,WA,ANM,WE,Federal Contract Tower,2,0,2,0,4,0,4,33,0,37,2,4,35,0,41,22,0,22,63
08/23/2020,ALW,WA,ANM,WE,Federal Contract Tower,2,2,7,0,11,0,72,0,0,72,2,74,7,0,83,56,0,56,139
08/24/2020,ALW,WA,ANM,WE,Federal Contract Tower,2,2,7,2,13,0,2,53,0,55,2,4,60,2,68,78,0,78,146
08/25/2020,ALW,WA,ANM,WE,Federal Contract Tower,2,2,2,1,7,0,10,52,0,62,2,12,54,1,69,103,0,103,172
08/26/2020,ALW,WA,ANM,WE,Federal Contract Tower,2,4,3,0,9,0,2,60,0,62,2,6,63,0,71,68,0,68,139
08/27/2020,ALW,WA,ANM,WE,Federal Contract Tower,2,1,9,0,12,0,1,45,0,46,2,2,54,0,58,54,0,54,112
08/28/2020,ALW,WA,ANM,WE,Federal Contract Tower,3,2,2,0,7,0,0,79,0,79,3,2,81,0,86,116,0,116,202
08/29/2020,ALW,WA,ANM,WE,Federal Contract Tower,2,0,4,0,6,0,2,42,0,44,2,2,46,0,50,26,0,26,76
08/30/2020,ALW,WA,ANM,WE,Federal Contract Tower,2,0,6,0,8,0,0,59,0,59,2,0,65,0,67,20,0,20,87
08/31/2020,ALW,WA,ANM,WE,Federal Contract Tower,2,2,12,2,18,0,4,44,2,50,2,6,56,4,68,28,10,38,106
09/01/2020,ALW,WA,ANM,WE,Federal Contract Tower,3,0,8,0,11,0,2,36,0,38,3,2,44,0,49,10,0,10,59
09/02/2020,ALW,WA,ANM,WE,Federal Contract Tower,2,0,12,0,14,0,2,31,0,33,2,2,43,0,47,48,0,48,95
09/03/2020,ALW,WA,ANM,WE,Federal Contract Tower,2,2,8,0,12,0,2,39,0,41,2,4,47,0,53,52,0,52,105
09/04/2020,ALW,WA,ANM,WE,Federal Contract Tower,2,2,9,0,13,0,0,48,0,48,2,2,57,0,61,16,0,16,77
09/05/2020,ALW,WA,ANM,WE,Federal Contract Tower,2,0,8,0,10,0,0,11,0,11,2,0,19,0,21,4,0,4,25
09/06/2020,ALW,WA,ANM,WE,Federal Contract Tower,2,0,2,0,4,0,2,14,0,16,2,2,16,0,20,0,0,0,20
09/07/2020,ALW,WA,ANM,WE,Federal Contract Tower,2,1,7,0,10,0,0,0,0,0,2,1,7,0,10,20,0,20,30
09/08/2020,ALW,WA,ANM,WE,Federal Contract Tower,2,1,5,0,8,0,1,31,0,32,2,2,36,0,40,46,0,46,86
09/09/2020,ALW,WA,ANM,WE,Federal Contract Tower,2,9,8,0,19,0,3,30,0,33,2,12,38,0,52,34,0,34,86
09/10/2020,ALW,WA,ANM,WE,Federal Contract Tower,1,2,7,0,10,0,4,30,0,34,1,6,37,0,44,39,0,39,83
09/11/2020,ALW,WA,ANM,WE,Federal Contract Tower,2,2,16,0,20,0,0,15,0,15,2,2,31,0,35,52,0,52,87
09/12/2020,ALW,WA,ANM,WE,Federal Contract Tower,0,1,3,0,4,0,0,0,0,0,0,1,3,0,4,0,0,0,4
09/13/2020,ALW,WA,ANM,WE,Federal Contract Tower,0,2,12,0,14,0,0,0,0,0,0,2,12,0,14,0,0,0,14
09/14/2020,ALW,WA,ANM,WE,Federal Contract Tower,0,2,6,0,8,0,0,0,0,0,0,2,6,0,8,0,0,0,8
09/15/2020,ALW,WA,ANM,WE,Federal Contract Tower,0,5,9,0,14,0,0,0,0,0,0,5,9,0,14,0,0,0,14
09/16/2020,ALW,WA,ANM,WE,Federal Contract Tower,2,1,15,0,18,0,0,0,0,0,2,1,15,0,18,0,0,0,18
09/17/2020,ALW,WA,ANM,WE,Federal Contract Tower,2,2,20,0,24,0,0,0,0,0,2,2,20,0,24,0,0,0,24
09/18/2020,ALW,WA,ANM,WE,Federal Contract Tower,2,2,18,0,22,0,0,0,0,0,2,2,18,0,22,0,0,0,22
09/19/2020,ALW,WA,ANM,WE,Federal Contract Tower,2,0,5,0,7,0,0,22,0,22,2,0,27,0,29,2,0,2,31
09/20/2020,ALW,WA,ANM,WE,Federal Contract Tower,2,2,7,0,11,0,0,58,0,58,2,2,65,0,69,67,0,67,136
09/21/2020,ALW,WA,ANM,WE,Federal Contract Tower,2,6,10,0,18,0,4,61,0,65,2,10,71,0,83,84,0,84,167
09/22/2020,ALW,WA,ANM,WE,Federal Contract Tower,2,2,23,0,27,0,0,73,0,73,2,2,96,0,100,156,0,156,256
09/23/2020,ALW,WA,ANM,WE,Federal Contract Tower,2,2,15,0,19,0,1,81,0,82,2,3,96,0,101,242,0,242,343
09/24/2020,ALW,WA,ANM,WE,Federal Contract Tower,2,2,14,0,18,0,0,36,0,36,2,2,50,0,54,80,0,80,134
09/25/2020,ALW,WA,ANM,WE,Federal Contract Tower,2,4,10,0,16,0,1,29,0,30,2,5,39,0,46,34,0,34,80
09/26/2020,ALW,WA,ANM,WE,Federal Contract Tower,2,1,3,0,6,0,7,34,0,41,2,8,37,0,47,72,0,72,119
09/27/2020,ALW,WA,ANM,WE,Federal Contract Tower,2,4,12,0,18,0,4,87,0,91,2,8,99,0,109,60,0,60,169
09/28/2020,ALW,WA,ANM,WE,Federal Contract Tower,2,5,13,0,20,0,0,61,0,61,2,5,74,0,81,70,0,70,151
09/29/2020,ALW,WA,ANM,WE,Federal Contract Tower,2,3,4,0,9,0,0,80,0,80,2,3,84,0,89,202,0,202,291
09/30/2020,ALW,WA,ANM,WE,Federal Contract Tower,2,5,3,0,10,0,0,55,0,55,2,5,58,0,65,114,0,114,179
10/01/2020,ALW,WA,ANM,WE,Federal Contract Tower,2,4,7,0,13,0,0,59,0,59,2,4,66,0,72,124,0,124,196
10/02/2020,ALW,WA,ANM,WE,Federal Contract Tower,2,5,10,0,17,0,11,93,0,104,2,16,103,0,121,60,0,60,181
10/04/2020,ALW,WA,ANM,WE,Federal Contract Tower,2,4,2,0,8,0,2,52,0,54,2,6,54,0,62,22,0,22,84
10/05/2020,ALW,WA,ANM,WE,Federal Contract Tower,2,2,12,0,16,0,2,49,0,51,2,4,61,0,67,66,0,66,133
10/06/2020,ALW,WA,ANM,WE,Federal Contract Tower,2,4,17,0,23,0,0,71,0,71,2,4,88,0,94,86,0,86,180
10/07/2020,ALW,WA,ANM,WE,Federal Contract Tower,2,2,12,0,16,0,5,78,0,83,2,7,90,0,99,78,0,78,177
10/08/2020,ALW,WA,ANM,WE,Federal Contract Tower,2,2,4,0,8,0,0,34,0,34,2,2,38,0,42,62,0,62,104
10/09/2020,ALW,WA,ANM,WE,Federal Contract Tower,2,4,15,0,21,0,5,79,0,84,2,9,94,0,105,92,0,92,197
10/10/2020,ALW,WA,ANM,WE,Federal Contract Tower,3,1,2,0,6,0,0,2,0,2,3,1,4,0,8,0,0,0,8
10/11/2020,ALW,WA,ANM,WE,Federal Contract Tower,2,1,14,0,17,0,2,27,0,29,2,3,41,0,46,0,0,0,46
10/12/2020,ALW,WA,ANM,WE,Federal Contract Tower,2,1,14,0,17,0,2,38,0,40,2,3,52,0,57,0,0,0,57
10/13/2020,ALW,WA,ANM,WE,Federal Contract Tower,2,5,8,0,15,0,0,19,0,19,2,5,27,0,34,32,0,32,66
10/14/2020,ALW,WA,ANM,WE,Federal Contract Tower,2,3,13,0,18,0,3,46,0,49,2,6,59,0,67,60,0,60,127
10/15/2020,ALW,WA,ANM,WE,Federal Contract Tower,2,1,20,0,23,0,4,92,0,96,2,5,112,0,119,104,0,104,223
10/16/2020,ALW,WA,ANM,WE,Federal Contract Tower,2,4,4,0,10,0,6,44,0,50,2,10,48,0,60,126,0,126,186
10/17/2020,ALW,WA,ANM,WE,Federal Contract Tower,2,0,3,0,5,0,2,26,0,28,2,2,29,0,33,14,0,14,47
10/18/2020,ALW,WA,ANM,WE,Federal Contract Tower,2,6,8,0,16,0,2,33,0,35,2,8,41,0,51,14,0,14,65
10/19/2020,ALW,WA,ANM,WE,Federal Contract Tower,2,2,6,0,10,0,1,47,0,48,2,3,53,0,58,82,0,82,140
10/20/2020,ALW,WA,ANM,WE,Federal Contract Tower,0,4,17,0,21,0,0,86,0,86,0,4,103,0,107,112,0,112,219
10/21/2020,ALW,WA,ANM,WE,Federal Contract Tower,2,4,11,0,17,0,0,42,0,42,2,4,53,0,59,76,0,76,135
10/22/2020,ALW,WA,ANM,WE,Federal Contract Tower,3,3,13,0,19,0,0,90,0,90,3,3,103,0,109,172,0,172,281
10/23/2020,ALW,WA,ANM,WE,Federal Contract Tower,3,3,9,0,15,0,1,46,0,47,3,4,55,0,62,102,0,102,164
10/24/2020,ALW,WA,ANM,WE,Federal Contract Tower,2,0,5,0,7,0,2,16,0,18,2,2,21,0,25,14,0,14,39
10/25/2020,ALW,WA,ANM,WE,Federal Contract Tower,2,1,3,0,6,0,8,43,0,51,2,9,46,0,57,62,0,62,119
10/26/2020,ALW,WA,ANM,WE,Federal Contract Tower,2,1,15,0,18,0,12,67,0,79,2,13,82,0,97,146,0,146,243
10/27/2020,ALW,WA,ANM,WE,Federal Contract Tower,2,6,10,0,18,0,2,50,0,52,2,8,60,0,70,106,0,106,176
10/28/2020,ALW,WA,ANM,WE,Federal Contract Tower,2,3,14,0,19,0,0,72,0,72,2,3,86,0,91,70,0,70,161
10/29/2020,ALW,WA,ANM,WE,Federal Contract Tower,2,4,11,0,17,0,3,70,0,73,2,7,81,0,90,32,0,32,122
10/30/2020,ALW,WA,ANM,WE,Federal Contract Tower,2,4,2,0,8,0,0,15,0,15,2,4,17,0,23,11,0,11,34
10/31/2020,ALW,WA,ANM,WE,Federal Contract Tower,2,1,5,0,8,0,4,63,0,67,2,5,68,0,75,18,0,18,93
11/01/2020,ALW,WA,ANM,WE,Federal Contract Tower,2,2,12,0,16,0,5,58,0,63,2,7,70,0,79,22,0,22,101
11/02/2020,ALW,WA,ANM,WE,Federal Contract Tower,2,4,10,0,16,0,10,65,0,75,2,14,75,0,91,75,0,75,166
11/03/2020,ALW,WA,ANM,WE,Federal Contract Tower,2,3,14,0,19,0,2,71,0,73,2,5,85,0,92,167,0,167,259
11/04/2020,ALW,WA,ANM,WE,Federal Contract Tower,2,4,4,0,10,0,6,41,0,47,2,10,45,0,57,36,0,36,93
11/05/2020,ALW,WA,ANM,WE,Federal Contract Tower,2,4,18,0,24,0,2,35,0,37,2,6,53,0,61,60,0,60,121
11/06/2020,ALW,WA,ANM,WE,Federal Contract Tower,2,2,12,0,16,0,0,0,0,0,2,2,12,0,16,0,0,0,16
11/07/2020,ALW,WA,ANM,WE,Federal Contract Tower,2,0,0,0,2,0,4,17,0,21,2,4,17,0,23,0,0,0,23
11/08/2020,ALW,WA,ANM,WE,Federal Contract Tower,2,0,1,0,3,0,0,1,0,1,2,0,2,0,4,0,0,0,4
11/09/2020,ALW,WA,ANM,WE,Federal Contract Tower,2,2,6,0,10,0,2,44,0,46,2,4,50,0,56,62,0,62,118
11/10/2020,ALW,WA,ANM,WE,Federal Contract Tower,3,2,2,0,7,0,0,17,0,17,3,2,19,0,24,39,0,39,63
11/11/2020,ALW,WA,ANM,WE,Federal Contract Tower,2,4,7,0,13,0,1,67,0,68,2,5,74,0,81,108,0,108,189
11/12/2020,ALW,WA,ANM,WE,Federal Contract Tower,2,4,12,0,18,0,2,57,0,59,2,6,69,0,77,98,0,98,175
11/13/2020,ALW,WA,ANM,WE,Federal Contract Tower,2,2,1,0,5,0,0,5,0,5,2,2,6,0,10,12,0,12,22
11/14/2020,ALW,WA,ANM,WE,Federal Contract Tower,2,1,8,0,11,0,6,11,0,17,2,7,19,0,28,6,0,6,34
11/16/2020,ALW,WA,ANM,WE,Federal Contract Tower,2,2,10,0,14,0,0,21,0,21,2,2,31,0,35,28,0,28,63
11/17/2020,ALW,WA,ANM,WE,Federal Contract Tower,2,2,21,0,25,0,4,12,0,16,2,6,33,0,41,22,0,22,63
11/18/2020,ALW,WA,ANM,WE,Federal Contract Tower,2,6,24,0,32,0,7,36,0,43,2,13,60,0,75,50,0,50,125
11/19/2020,ALW,WA,ANM,WE,Federal Contract Tower,2,2,7,0,11,0,4,24,0,28,2,6,31,0,39,44,0,44,83
11/20/2020,ALW,WA,ANM,WE,Federal Contract Tower,2,2,17,0,21,0,62,0,0,62,2,64,17,0,83,104,0,104,187
11/21/2020,ALW,WA,ANM,WE,Federal Contract Tower,2,2,4,0,8,0,11,49,0,60,2,13,53,0,68,58,0,58,126
11/22/2020,ALW,WA,ANM,WE,Federal Contract Tower,2,0,2,0,4,0,0,0,0,0,2,0,2,0,4,0,0,0,4
11/23/2020,ALW,WA,ANM,WE,Federal Contract Tower,2,2,5,0,9,0,4,13,0,17,2,6,18,0,26,42,0,42,68
11/24/2020,ALW,WA,ANM,WE,Federal Contract Tower,3,2,7,0,12,0,5,45,0,50,3,7,52,0,62,60,0,60,122
11/25/2020,ALW,WA,ANM,WE,Federal Contract Tower,2,4,2,0,8,0,0,16,0,16,2,4,18,0,24,36,0,36,60
11/26/2020,ALW,WA,ANM,WE,Federal Contract Tower,2,0,0,0,2,0,2,4,0,6,2,2,4,0,8,0,0,0,8
11/27/2020,ALW,WA,ANM,WE,Federal Contract Tower,2,4,4,0,10,0,2,51,0,53,2,6,55,0,63,58,0,58,121
11/28/2020,ALW,WA,ANM,WE,Federal Contract Tower,2,0,6,0,8,0,0,21,0,21,2,0,27,0,29,0,0,0,29
11/29/2020,ALW,WA,ANM,WE,Federal Contract Tower,0,0,0,0,0,0,0,0,0,0,0,0,0,0,0,0,0,0,0
11/30/2020,ALW,WA,ANM,WE,Federal Contract Tower,2,2,2,0,6,0,2,1,0,3,2,4,3,0,9,0,0,0,9
12/01/2020,ALW,WA,ANM,WE,Federal Contract Tower,2,2,33,0,37,0,6,49,0,55,2,8,82,0,92,31,0,31,123
12/02/2020,ALW,WA,ANM,WE,Federal Contract Tower,2,2,9,0,13,0,1,7,0,8,2,3,16,0,21,0,0,0,21
12/03/2020,ALW,WA,ANM,WE,Federal Contract Tower,1,2,0,0,3,0,0,0,0,0,1,2,0,0,3,0,0,0,3
12/04/2020,ALW,WA,ANM,WE,Federal Contract Tower,0,0,0,0,0,0,0,0,0,0,0,0,0,0,0,0,0,0,0
12/05/2020,ALW,WA,ANM,WE,Federal Contract Tower,3,0,2,0,5,0,0,0,0,0,3,0,2,0,5,0,0,0,5
12/06/2020,ALW,WA,ANM,WE,Federal Contract Tower,2,0,3,0,5,0,0,16,0,16,2,0,19,0,21,50,0,50,71
12/07/2020,ALW,WA,ANM,WE,Federal Contract Tower,0,2,1,0,3,0,0,0,0,0,0,2,1,0,3,0,0,0,3
12/08/2020,ALW,WA,ANM,WE,Federal Contract Tower,2,1,12,0,15,0,0,16,0,16,2,1,28,0,31,32,0,32,63
12/09/2020,ALW,WA,ANM,WE,Federal Contract Tower,2,3,8,0,13,0,2,27,0,29,2,5,35,0,42,22,0,22,64
12/12/2020,ALW,WA,ANM,WE,Federal Contract Tower,2,2,3,0,7,0,9,17,0,26,2,11,20,0,33,30,0,30,63
12/13/2020,ALW,WA,ANM,WE,Federal Contract Tower,0,0,2,0,2,0,0,0,0,0,0,0,2,0,2,0,0,0,2
12/14/2020,ALW,WA,ANM,WE,Federal Contract Tower,2,2,3,0,7,0,2,6,0,8,2,4,9,0,15,8,0,8,23
12/15/2020,ALW,WA,ANM,WE,Federal Contract Tower,2,3,3,0,8,0,0,5,0,5,2,3,8,0,13,6,0,6,19
12/16/2020,ALW,WA,ANM,WE,Federal Contract Tower,2,4,12,0,18,0,0,14,0,14,2,4,26,0,32,0,0,0,32
12/17/2020,ALW,WA,ANM,WE,Federal Contract Tower,2,4,4,0,10,0,18,4,0,22,2,22,8,0,32,4,0,4,36
12/18/2020,ALW,WA,ANM,WE,Federal Contract Tower,2,4,6,0,12,0,3,28,0,31,2,7,34,0,43,59,0,59,102
12/21/2020,ALW,WA,ANM,WE,Federal Contract Tower,2,2,7,0,11,0,0,13,0,13,2,2,20,0,24,19,0,19,43
12/22/2020,ALW,WA,ANM,WE,Federal Contract Tower,2,4,2,0,8,0,8,8,0,16,2,12,10,0,24,14,0,14,38
12/23/2020,ALW,WA,ANM,WE,Federal Contract Tower,2,2,2,0,6,0,3,57,0,60,2,5,59,0,66,82,0,82,148
12/24/2020,ALW,WA,ANM,WE,Federal Contract Tower,2,3,5,0,10,0,0,19,0,19,2,3,24,0,29,2,0,2,31
12/25/2020,ALW,WA,ANM,WE,Federal Contract Tower,2,0,1,0,3,0,0,1,0,1,2,0,2,0,4,0,0,0,4
12/26/2020,ALW,WA,ANM,WE,Federal Contract Tower,2,0,1,0,3,0,7,2,0,9,2,7,3,0,12,24,0,24,36
12/28/2020,ALW,WA,ANM,WE,Federal Contract Tower,2,2,2,0,6,0,0,2,0,2,2,2,4,0,8,0,0,0,8
12/29/2020,ALW,WA,ANM,WE,Federal Contract Tower,2,2,10,0,14,0,0,28,0,28,2,2,38,0,42,64,0,64,106
12/30/2020,ALW,WA,ANM,WE,Federal Contract Tower,2,4,9,0,15,0,4,0,0,4,2,8,9,0,19,2,0,2,21
12/31/2020,ALW,WA,ANM,WE,Federal Contract Tower,2,2,3,0,7,0,0,6,0,6,2,2,9,0,13,4,0,4,17
01/01/2021,ALW,WA,ANM,WE,Federal Contract Tower,2,0,4,0,6,0,0,17,0,17,2,0,21,0,23,22,0,22,45
01/02/2021,ALW,WA,ANM,WE,Federal Contract Tower,2,2,0,0,4,0,1,6,0,7,2,3,6,0,11,0,0,0,11
01/03/2021,ALW,WA,ANM,WE,Federal Contract Tower,2,0,3,0,5,0,0,18,0,18,2,0,21,0,23,30,0,30,53
01/04/2021,ALW,WA,ANM,WE,Federal Contract Tower,2,2,4,0,8,0,1,2,0,3,2,3,6,0,11,0,0,0,11
01/05/2021,ALW,WA,ANM,WE,Federal Contract Tower,2,4,12,0,18,0,3,41,0,44,2,7,53,0,62,32,0,32,94
01/06/2021,ALW,WA,ANM,WE,Federal Contract Tower,4,3,0,0,7,0,1,11,0,12,4,4,11,0,19,18,0,18,37
01/07/2021,ALW,WA,ANM,WE,Federal Contract Tower,2,4,3,0,9,0,3,15,0,18,2,7,18,0,27,28,0,28,55
01/08/2021,ALW,WA,ANM,WE,Federal Contract Tower,2,2,0,0,4,0,0,2,0,2,2,2,2,0,6,6,0,6,12
01/09/2021,ALW,WA,ANM,WE,Federal Contract Tower,2,0,2,0,4,0,0,6,0,6,2,0,8,0,10,2,0,2,12
01/10/2021,ALW,WA,ANM,WE,Federal Contract Tower,2,0,0,0,2,0,3,21,0,24,2,3,21,0,26,24,0,24,50
01/11/2021,ALW,WA,ANM,WE,Federal Contract Tower,2,2,12,0,16,0,1,23,0,24,2,3,35,0,40,62,0,62,102
01/12/2021,ALW,WA,ANM,WE,Federal Contract Tower,2,2,6,0,10,0,2,0,0,2,2,4,6,0,12,0,0,0,12
01/13/2021,ALW,WA,ANM,WE,Federal Contract Tower,2,4,1,0,7,0,5,10,0,15,2,9,11,0,22,12,0,12,34
01/14/2021,ALW,WA,ANM,WE,Federal Contract Tower,2,2,8,0,12,0,0,37,0,37,2,2,45,0,49,62,0,62,111
01/15/2021,ALW,WA,ANM,WE,Federal Contract Tower,2,4,9,0,15,0,0,21,0,21,2,4,30,0,36,32,0,32,68
01/16/2021,ALW,WA,ANM,WE,Federal Contract Tower,0,0,0,0,0,0,0,0,0,0,0,0,0,0,0,0,0,0,0
01/17/2021,ALW,WA,ANM,WE,Federal Contract Tower,3,3,5,0,11,0,0,36,0,36,3,3,41,0,47,56,0,56,103
01/18/2021,ALW,WA,ANM,WE,Federal Contract Tower,2,1,7,0,10,0,11,17,0,28,2,12,24,0,38,23,0,23,61
01/19/2021,ALW,WA,ANM,WE,Federal Contract Tower,2,7,10,0,19,0,0,10,0,10,2,7,20,0,29,11,0,11,40
01/20/2021,ALW,WA,ANM,WE,Federal Contract Tower,2,5,22,0,29,0,0,20,0,20,2,5,42,0,49,60,0,60,109
01/21/2021,ALW,WA,ANM,WE,Federal Contract Tower,6,0,0,0,6,0,0,0,0,0,6,0,0,0,6,0,0,0,6
01/22/2021,ALW,WA,ANM,WE,Federal Contract Tower,2,0,0,0,2,0,0,0,0,0,2,0,0,0,2,0,0,0,2
01/23/2021,ALW,WA,ANM,WE,Federal Contract Tower,3,0,7,0,10,0,0,38,0,38,3,0,45,0,48,12,0,12,60
01/24/2021,ALW,WA,ANM,WE,Federal Contract Tower,2,0,13,0,15,0,0,17,0,17,2,0,30,0,32,22,0,22,54
01/25/2021,ALW,WA,ANM,WE,Federal Contract Tower,2,0,2,0,4,0,0,0,0,0,2,0,2,0,4,0,0,0,4
01/26/2021,ALW,WA,ANM,WE,Federal Contract Tower,2,2,20,0,24,0,10,52,0,62,2,12,72,0,86,112,0,112,198
01/27/2021,ALW,WA,ANM,WE,Federal Contract Tower,2,2,2,0,6,0,0,7,0,7,2,2,9,0,13,50,0,50,63
01/28/2021,ALW,WA,ANM,WE,Federal Contract Tower,2,2,22,0,26,0,1,29,0,30,2,3,51,0,56,176,0,176,232
01/29/2021,ALW,WA,ANM,WE,Federal Contract Tower,2,2,5,0,9,0,0,0,0,0,2,2,5,0,9,0,0,0,9
01/30/2021,ALW,WA,ANM,WE,Federal Contract Tower,2,0,17,0,19,0,4,36,2,42,2,4,53,2,61,40,0,40,101
01/31/2021,ALW,WA,ANM,WE,Federal Contract Tower,2,0,5,0,7,0,0,1,0,1,2,0,6,0,8,0,0,0,8
02/01/2021,ALW,WA,ANM,WE,Federal Contract Tower,2,5,3,0,10,0,4,1,0,5,2,9,4,0,15,0,0,0,15
02/02/2021,ALW,WA,ANM,WE,Federal Contract Tower,2,4,13,0,19,0,2,24,0,26,2,6,37,0,45,118,0,118,163
02/03/2021,ALW,WA,ANM,WE,Federal Contract Tower,2,5,11,0,18,0,0,15,0,15,2,5,26,0,33,84,0,84,117
02/04/2021,ALW,WA,ANM,WE,Federal Contract Tower,2,6,19,0,27,0,34,0,0,34,2,40,19,0,61,160,0,160,221
02/05/2021,ALW,WA,ANM,WE,Federal Contract Tower,2,2,18,0,22,0,0,23,0,23,2,2,41,0,45,80,0,80,125
02/06/2021,ALW,WA,ANM,WE,Federal Contract Tower,2,0,0,0,2,0,1,6,0,7,2,1,6,0,9,2,0,2,11
02/07/2021,ALW,WA,ANM,WE,Federal Contract Tower,2,0,9,0,11,0,2,39,0,41,2,2,48,0,52,36,0,36,88
02/08/2021,ALW,WA,ANM,WE,Federal Contract Tower,2,5,17,0,24,0,0,18,0,18,2,5,35,0,42,98,0,98,140
02/09/2021,ALW,WA,ANM,WE,Federal Contract Tower,2,2,17,0,21,0,0,32,0,32,2,2,49,0,53,66,0,66,119
02/10/2021,ALW,WA,ANM,WE,Federal Contract Tower,2,2,20,0,24,0,0,59,0,59,2,2,79,0,83,182,0,182,265
02/11/2021,ALW,WA,ANM,WE,Federal Contract Tower,3,2,7,0,12,0,0,14,0,14,3,2,21,0,26,78,0,78,104
02/12/2021,ALW,WA,ANM,WE,Federal Contract Tower,3,2,0,0,5,0,0,1,0,1,3,2,1,0,6,0,0,0,6
02/13/2021,ALW,WA,ANM,WE,Federal Contract Tower,0,0,0,0,0,0,0,0,0,0,0,0,0,0,0,0,0,0,0
02/14/2021,ALW,WA,ANM,WE,Federal Contract Tower,2,0,0,0,2,0,0,2,0,2,2,0,2,0,4,4,0,4,8
02/15/2021,ALW,WA,ANM,WE,Federal Contract Tower,2,0,1,0,3,0,0,0,0,0,2,0,1,0,3,0,0,0,3
02/17/2021,ALW,WA,ANM,WE,Federal Contract Tower,2,2,7,0,11,0,0,10,0,10,2,2,17,0,21,18,0,18,39
02/18/2021,ALW,WA,ANM,WE,Federal Contract Tower,6,2,5,0,13,0,0,0,0,0,6,2,5,0,13,0,0,0,13
02/19/2021,ALW,WA,ANM,WE,Federal Contract Tower,3,3,19,0,25,0,0,30,0,30,3,3,49,0,55,85,0,85,140
02/20/2021,ALW,WA,ANM,WE,Federal Contract Tower,3,1,11,0,15,0,0,16,0,16,3,1,27,0,31,12,0,12,43
02/21/2021,ALW,WA,ANM,WE,Federal Contract Tower,3,2,1,0,6,0,0,13,0,13,3,2,14,0,19,54,0,54,73
02/22/2021,ALW,WA,ANM,WE,Federal Contract Tower,2,3,6,0,11,0,0,20,0,20,2,3,26,0,31,132,0,132,163
02/23/2021,ALW,WA,ANM,WE,Federal Contract Tower,2,2,13,0,17,0,0,24,0,24,2,2,37,0,41,45,0,45,86
02/24/2021,ALW,WA,ANM,WE,Federal Contract Tower,3,3,23,0,29,0,0,64,0,64,3,3,87,0,93,140,0,140,233
02/25/2021,ALW,WA,ANM,WE,Federal Contract Tower,3,4,2,0,9,0,0,7,0,7,3,4,9,0,16,0,0,0,16
02/26/2021,ALW,WA,ANM,WE,Federal Contract Tower,3,7,0,0,10,0,0,0,0,0,3,7,0,0,10,0,0,0,10
02/27/2021,ALW,WA,ANM,WE,Federal Contract Tower,2,0,17,0,19,0,0,76,0,76,2,0,93,0,95,46,0,46,141
02/28/2021,ALW,WA,ANM,WE,Federal Contract Tower,2,1,14,0,17,0,8,44,0,52,2,9,58,0,69,16,0,16,85
03/01/2021,ALW,WA,ANM,WE,Federal Contract Tower,2,2,18,0,22,0,5,47,0,52,2,7,65,0,74,168,0,168,242
03/02/2021,ALW,WA,ANM,WE,Federal Contract Tower,2,3,18,0,23,0,12,73,0,85,2,15,91,0,108,137,0,137,245
03/03/2021,ALW,WA,ANM,WE,Federal Contract Tower,1,0,24,0,25,0,5,67,0,72,1,5,91,0,97,128,0,128,225
03/04/2021,ALW,WA,ANM,WE,Federal Contract Tower,3,3,12,0,18,0,2,57,0,59,3,5,69,0,77,130,0,130,207
03/05/2021,ALW,WA,ANM,WE,Federal Contract Tower,2,2,0,0,4,0,0,2,0,2,2,2,2,0,6,0,0,0,6
03/06/2021,ALW,WA,ANM,WE,Federal Contract Tower,3,5,3,0,11,0,3,16,0,19,3,8,19,0,30,30,0,30,60
03/07/2021,ALW,WA,ANM,WE,Federal Contract Tower,2,0,6,0,8,0,9,35,0,44,2,9,41,0,52,22,0,22,74
03/08/2021,ALW,WA,ANM,WE,Federal Contract Tower,3,2,13,0,18,0,1,38,0,39,3,3,51,0,57,116,0,116,173
03/09/2021,ALW,WA,ANM,WE,Federal Contract Tower,3,4,9,0,16,0,6,60,0,66,3,10,69,0,82,80,0,80,162
03/10/2021,ALW,WA,ANM,WE,Federal Contract Tower,3,4,24,0,31,0,2,45,0,47,3,6,69,0,78,54,0,54,132
03/11/2021,ALW,WA,ANM,WE,Federal Contract Tower,3,5,28,0,36,0,3,52,0,55,3,8,80,0,91,77,0,77,168
03/13/2021,ALW,WA,ANM,WE,Federal Contract Tower,3,0,3,0,6,0,2,87,0,89,3,2,90,0,95,60,0,60,155
03/14/2021,ALW,WA,ANM,WE,Federal Contract Tower,3,0,16,0,19,0,9,70,0,79,3,9,86,0,98,66,0,66,164
03/16/2021,ALW,WA,ANM,WE,Federal Contract Tower,3,1,16,0,20,0,2,45,0,47,3,3,61,0,67,106,0,106,173
03/17/2021,ALW,WA,ANM,WE,Federal Contract Tower,3,3,21,0,27,0,0,40,0,40,3,3,61,0,67,62,0,62,129
03/18/2021,ALW,WA,ANM,WE,Federal Contract Tower,3,2,5,0,10,0,1,22,0,23,3,3,27,0,33,4,0,4,37
03/19/2021,ALW,WA,ANM,WE,Federal Contract Tower,3,2,4,0,9,0,1,12,0,13,3,3,16,0,22,16,0,16,38
03/20/2021,ALW,WA,ANM,WE,Federal Contract Tower,3,0,2,0,5,0,3,10,0,13,3,3,12,0,18,8,0,8,26
03/21/2021,ALW,WA,ANM,WE,Federal Contract Tower,3,2,1,0,6,0,4,14,0,18,3,6,15,0,24,18,0,18,42
03/22/2021,ALW,WA,ANM,WE,Federal Contract Tower,3,5,1,0,9,0,14,9,0,23,3,19,10,0,32,84,0,84,116
03/23/2021,ALW,WA,ANM,WE,Federal Contract Tower,3,2,14,0,19,0,10,36,0,46,3,12,50,0,65,54,0,54,119
03/24/2021,ALW,WA,ANM,WE,Federal Contract Tower,3,1,4,2,10,0,0,13,0,13,3,1,17,2,23,2,0,2,25
03/25/2021,ALW,WA,ANM,WE,Federal Contract Tower,3,10,9,0,22,0,1,8,0,9,3,11,17,0,31,36,0,36,67
03/26/2021,ALW,WA,ANM,WE,Federal Contract Tower,3,4,11,0,18,0,1,45,0,46,3,5,56,0,64,92,0,92,156
03/27/2021,ALW,WA,ANM,WE,Federal Contract Tower,3,4,18,0,25,0,0,38,0,38,3,4,56,0,63,40,0,40,103
03/28/2021,ALW,WA,ANM,WE,Federal Contract Tower,3,0,2,0,5,0,3,8,0,11,3,3,10,0,16,10,0,10,26
03/29/2021,ALW,WA,ANM,WE,Federal Contract Tower,3,2,3,0,8,0,3,17,0,20,3,5,20,0,28,38,0,38,66
03/30/2021,ALW,WA,ANM,WE,Federal Contract Tower,2,2,16,0,20,0,1,32,0,33,2,3,48,0,53,70,0,70,123
03/31/2021,ALW,WA,ANM,WE,Federal Contract Tower,3,5,5,0,13,0,29,2,0,31,3,34,7,0,44,52,0,52,96
04/01/2021,ALW,WA,ANM,WE,Federal Contract Tower,3,2,8,0,13,0,9,14,0,23,3,11,22,0,36,32,0,32,68
04/02/2021,ALW,WA,ANM,WE,Federal Contract Tower,3,2,6,0,11,0,9,55,0,64,3,11,61,0,75,48,0,48,123
04/03/2021,ALW,WA,ANM,WE,Federal Contract Tower,3,1,6,0,10,0,3,56,0,59,3,4,62,0,69,70,0,70,139
04/04/2021,ALW,WA,ANM,WE,Federal Contract Tower,3,0,2,0,5,0,5,7,0,12,3,5,9,0,17,0,0,0,17
04/05/2021,ALW,WA,ANM,WE,Federal Contract Tower,3,1,8,0,12,0,2,32,0,34,3,3,40,0,46,60,0,60,106
04/06/2021,ALW,WA,ANM,WE,Federal Contract Tower,3,1,21,0,25,0,1,42,0,43,3,2,63,0,68,84,0,84,152
04/07/2021,ALW,WA,ANM,WE,Federal Contract Tower,3,0,19,0,22,0,2,19,0,21,3,2,38,0,43,34,0,34,77
04/08/2021,ALW,WA,ANM,WE,Federal Contract Tower,3,0,10,0,13,0,1,15,0,16,3,1,25,0,29,48,0,48,77
04/09/2021,ALW,WA,ANM,WE,Federal Contract Tower,3,4,7,0,14,0,3,59,0,62,3,7,66,0,76,136,0,136,212
04/10/2021,ALW,WA,ANM,WE,Federal Contract Tower,3,2,5,0,10,0,3,1,0,4,3,5,6,0,14,0,0,0,14
04/12/2021,ALW,WA,ANM,WE,Federal Contract Tower,3,5,11,0,19,0,11,35,0,46,3,16,46,0,65,76,0,76,141
04/13/2021,ALW,WA,ANM,WE,Federal Contract Tower,3,2,21,1,27,0,2,43,0,45,3,4,64,1,72,122,0,122,194
04/14/2021,ALW,WA,ANM,WE,Federal Contract Tower,3,3,16,0,22,0,2,40,0,42,3,5,56,0,64,154,0,154,218
04/15/2021,ALW,WA,ANM,WE,Federal Contract Tower,3,7,26,0,36,0,7,55,0,62,3,14,81,0,98,88,0,88,186
04/16/2021,ALW,WA,ANM,WE,Federal Contract Tower,3,3,18,0,24,0,5,38,0,43,3,8,56,0,67,124,0,124,191
04/17/2021,ALW,WA,ANM,WE,Federal Contract Tower,4,1,2,0,7,0,4,60,0,64,4,5,62,0,71,16,0,16,87
04/18/2021,ALW,WA,ANM,WE,Federal Contract Tower,3,0,19,0,22,0,0,67,0,67,3,0,86,0,89,66,0,66,155
04/19/2021,ALW,WA,ANM,WE,Federal Contract Tower,2,2,17,0,21,0,5,53,0,58,2,7,70,0,79,114,0,114,193
04/20/2021,ALW,WA,ANM,WE,Federal Contract Tower,3,2,18,0,23,0,1,91,0,92,3,3,109,0,115,164,0,164,279
04/21/2021,ALW,WA,ANM,WE,Federal Contract Tower,2,2,18,0,22,0,1,78,0,79,2,3,96,0,101,180,0,180,281
04/22/2021,ALW,WA,ANM,WE,Federal Contract Tower,3,2,18,0,23,0,1,58,0,59,3,3,76,0,82,94,0,94,176
04/23/2021,ALW,WA,ANM,WE,Federal Contract Tower,3,5,18,0,26,0,3,111,0,114,3,8,129,0,140,266,0,266,406
04/24/2021,ALW,WA,ANM,WE,Federal Contract Tower,3,2,2,0,7,0,2,1,0,3,3,4,3,0,10,0,0,0,10
04/25/2021,ALW,WA,ANM,WE,Federal Contract Tower,3,5,10,0,18,0,1,40,0,41,3,6,50,0,59,74,0,74,133
04/26/2021,ALW,WA,ANM,WE,Federal Contract Tower,3,2,17,0,22,0,3,61,0,64,3,5,78,0,86,132,0,132,218
04/27/2021,ALW,WA,ANM,WE,Federal Contract Tower,3,2,18,1,24,0,9,84,1,94,3,11,102,2,118,136,0,136,254
04/28/2021,ALW,WA,ANM,WE,Federal Contract Tower,3,0,0,0,3,0,0,67,0,67,3,0,67,0,70,116,0,116,186
04/29/2021,ALW,WA,ANM,WE,Federal Contract Tower,3,2,22,1,28,0,2,61,0,63,3,4,83,1,91,84,0,84,175
04/30/2021,ALW,WA,ANM,WE,Federal Contract Tower,3,4,21,0,28,0,0,43,0,43,3,4,64,0,71,172,0,172,243
05/01/2021,ALW,WA,ANM,WE,Federal Contract Tower,3,2,8,0,13,0,6,18,0,24,3,8,26,0,37,4,0,4,41
05/02/2021,ALW,WA,ANM,WE,Federal Contract Tower,3,1,8,0,12,0,0,70,0,70,3,1,78,0,82,100,0,100,182
05/03/2021,ALW,WA,ANM,WE,Federal Contract Tower,3,2,12,0,17,0,0,55,0,55,3,2,67,0,72,122,0,122,194
05/04/2021,ALW,WA,ANM,WE,Federal Contract Tower,3,4,4,0,11,0,1,48,0,49,3,5,52,0,60,150,0,150,210
05/05/2021,ALW,WA,ANM,WE,Federal Contract Tower,3,6,13,0,22,0,1,66,0,67,3,7,79,0,89,184,0,184,273
05/07/2021,ALW,WA,ANM,WE,Federal Contract Tower,3,2,5,0,10,0,4,96,0,100,3,6,101,0,110,222,0,222,332
05/09/2021,ALW,WA,ANM,WE,Federal Contract Tower,3,1,19,0,23,0,7,48,0,55,3,8,67,0,78,108,0,108,186
05/10/2021,ALW,WA,ANM,WE,Federal Contract Tower,3,2,6,0,11,0,2,62,2,66,3,4,68,2,77,146,2,148,225
05/11/2021,ALW,WA,ANM,WE,Federal Contract Tower,3,2,25,0,30,0,1,70,0,71,3,3,95,0,101,144,0,144,245
05/12/2021,ALW,WA,ANM,WE,Federal Contract Tower,3,2,11,0,16,0,3,53,0,56,3,5,64,0,72,226,0,226,298
05/13/2021,ALW,WA,ANM,WE,Federal Contract Tower,3,1,23,0,27,0,0,81,2,83,3,1,104,2,110,186,0,186,296
05/14/2021,ALW,WA,ANM,WE,Federal Contract Tower,4,8,22,4,38,0,2,54,0,56,4,10,76,4,94,291,0,291,385
05/15/2021,ALW,WA,ANM,WE,Federal Contract Tower,3,0,6,0,9,0,15,57,12,84,3,15,63,12,93,24,0,24,117
05/16/2021,ALW,WA,ANM,WE,Federal Contract Tower,3,3,16,0,22,0,0,61,0,61,3,3,77,0,83,90,0,90,173
05/17/2021,ALW,WA,ANM,WE,Federal Contract Tower,3,4,16,0,23,0,0,61,0,61,3,4,77,0,84,90,0,90,174
05/18/2021,ALW,WA,ANM,WE,Federal Contract Tower,3,5,3,0,11,0,2,6,0,8,3,7,9,0,19,0,0,0,19
05/20/2021,ALW,WA,ANM,WE,Federal Contract Tower,8,2,16,0,26,0,4,34,0,38,8,6,50,0,64,84,0,84,148
05/21/2021,ALW,WA,ANM,WE,Federal Contract Tower,6,2,19,0,27,0,1,59,0,60,6,3,78,0,87,226,0,226,313
05/22/2021,ALW,WA,ANM,WE,Federal Contract Tower,5,1,4,0,10,0,2,37,0,39,5,3,41,0,49,74,0,74,123
05/23/2021,ALW,WA,ANM,WE,Federal Contract Tower,5,0,3,0,8,0,5,36,0,41,5,5,39,0,49,54,0,54,103
05/24/2021,ALW,WA,ANM,WE,Federal Contract Tower,5,4,9,0,18,0,2,27,0,29,5,6,36,0,47,64,0,64,111
05/25/2021,ALW,WA,ANM,WE,Federal Contract Tower,6,3,19,0,28,0,0,0,51,51,6,3,19,51,79,84,0,84,163
05/26/2021,ALW,WA,ANM,WE,Federal Contract Tower,8,2,19,0,29,0,2,83,0,85,8,4,102,0,114,110,0,110,224
05/27/2021,ALW,WA,ANM,WE,Federal Contract Tower,6,3,12,2,23,0,2,52,0,54,6,5,64,2,77,125,0,125,202
05/28/2021,ALW,WA,ANM,WE,Federal Contract Tower,4,2,7,0,13,0,2,45,6,53,4,4,52,6,66,112,2,114,180
05/29/2021,ALW,WA,ANM,WE,Federal Contract Tower,5,2,8,0,15,0,6,76,0,82,5,8,84,0,97,162,0,162,259
05/30/2021,ALW,WA,ANM,WE,Federal Contract Tower,2,0,10,0,12,0,1,70,0,71,2,1,80,0,83,152,0,152,235
05/31/2021,ALW,WA,ANM,WE,Federal Contract Tower,5,0,3,0,8,0,0,58,0,58,5,0,61,0,66,124,0,124,190
06/01/2021,ALW,WA,ANM,WE,Federal Contract Tower,4,1,0,0,5,0,0,0,0,0,4,1,0,0,5,110,0,110,115
06/02/2021,ALW,WA,ANM,WE,Federal Contract Tower,5,4,7,0,16,0,1,54,0,55,5,5,61,0,71,164,0,164,235
06/03/2021,ALW,WA,ANM,WE,Federal Contract Tower,4,2,0,0,6,0,0,42,0,42,4,2,42,0,48,154,0,154,202
06/04/2021,ALW,WA,ANM,WE,Federal Contract Tower,5,2,7,0,14,0,5,76,0,81,5,7,83,0,95,98,0,98,193
06/05/2021,ALW,WA,ANM,WE,Federal Contract Tower,5,0,4,0,9,0,2,27,0,29,5,2,31,0,38,16,0,16,54
06/06/2021,ALW,WA,ANM,WE,Federal Contract Tower,5,2,7,0,14,0,4,47,0,51,5,6,54,0,65,100,0,100,165
06/07/2021,ALW,WA,ANM,WE,Federal Contract Tower,6,4,3,0,13,0,0,32,0,32,6,4,35,0,45,84,0,84,129
06/08/2021,ALW,WA,ANM,WE,Federal Contract Tower,4,9,7,0,20,0,2,62,0,64,4,11,69,0,84,162,0,162,246
06/09/2021,ALW,WA,ANM,WE,Federal Contract Tower,6,3,13,0,22,0,1,56,0,57,6,4,69,0,79,142,0,142,221
06/10/2021,ALW,WA,ANM,WE,Federal Contract Tower,5,3,8,0,16,0,0,37,0,37,5,3,45,0,53,46,0,46,99
06/11/2021,ALW,WA,ANM,WE,Federal Contract Tower,5,3,7,0,15,0,2,47,0,49,5,5,54,0,64,82,0,82,146
06/12/2021,ALW,WA,ANM,WE,Federal Contract Tower,5,2,11,0,18,0,6,48,0,54,5,8,59,0,72,29,0,29,101
06/13/2021,ALW,WA,ANM,WE,Federal Contract Tower,4,3,2,0,9,0,3,17,0,20,4,6,19,0,29,26,0,26,55
06/14/2021,ALW,WA,ANM,WE,Federal Contract Tower,4,2,3,0,9,0,0,21,0,21,4,2,24,0,30,30,0,30,60
06/15/2021,ALW,WA,ANM,WE,Federal Contract Tower,5,1,3,0,9,0,0,17,0,17,5,1,20,0,26,16,0,16,42
06/16/2021,ALW,WA,ANM,WE,Federal Contract Tower,5,2,7,0,14,0,3,40,0,43,5,5,47,0,57,70,0,70,127
06/17/2021,ALW,WA,ANM,WE,Federal Contract Tower,3,4,5,0,12,0,1,42,1,44,3,5,47,1,56,20,0,20,76
06/18/2021,ALW,WA,ANM,WE,Federal Contract Tower,2,3,8,0,13,0,2,45,1,48,2,5,53,1,61,72,0,72,133
06/19/2021,ALW,WA,ANM,WE,Federal Contract Tower,3,0,5,0,8,0,3,22,0,25,3,3,27,0,33,0,0,0,33
06/20/2021,ALW,WA,ANM,WE,Federal Contract Tower,3,2,3,0,8,0,1,35,0,36,3,3,38,0,44,18,0,18,62
06/21/2021,ALW,WA,ANM,WE,Federal Contract Tower,2,4,0,0,6,0,0,21,0,21,2,4,21,0,27,20,0,20,47
06/22/2021,ALW,WA,ANM,WE,Federal Contract Tower,2,3,4,0,9,0,4,37,0,41,2,7,41,0,50,38,0,38,88
06/23/2021,ALW,WA,ANM,WE,Federal Contract Tower,3,5,8,0,16,0,0,21,0,21,3,5,29,0,37,50,0,50,87
06/24/2021,ALW,WA,ANM,WE,Federal Contract Tower,3,2,3,0,8,0,2,36,0,38,3,4,39,0,46,68,0,68,114
06/25/2021,ALW,WA,ANM,WE,Federal Contract Tower,2,5,4,0,11,0,2,34,0,36,2,7,38,0,47,6,0,6,53
06/26/2021,ALW,WA,ANM,WE,Federal Contract Tower,2,0,2,0,4,0,2,22,0,24,2,2,24,0,28,48,0,48,76
06/27/2021,ALW,WA,ANM,WE,Federal Contract Tower,2,1,10,0,13,0,0,47,0,47,2,1,57,0,60,2,0,2,62
06/28/2021,ALW,WA,ANM,WE,Federal Contract Tower,3,2,11,0,16,0,3,22,0,25,3,5,33,0,41,32,0,32,73
06/29/2021,ALW,WA,ANM,WE,Federal Contract Tower,3,3,0,0,6,0,1,39,0,40,3,4,39,0,46,46,0,46,92
06/30/2021,ALW,WA,ANM,WE,Federal Contract Tower,3,3,12,0,18,0,1,77,0,78,3,4,89,0,96,68,0,68,164
07/01/2021,ALW,WA,ANM,WE,Federal Contract Tower,3,4,5,0,12,0,3,37,0,40,3,7,42,0,52,36,0,36,88
07/02/2021,ALW,WA,ANM,WE,Federal Contract Tower,2,5,6,0,13,0,0,39,0,39,2,5,45,0,52,114,0,114,166
07/03/2021,ALW,WA,ANM,WE,Federal Contract Tower,2,1,4,0,7,0,8,51,0,59,2,9,55,0,66,12,0,12,78
07/04/2021,ALW,WA,ANM,WE,Federal Contract Tower,3,0,2,0,5,0,1,57,0,58,3,1,59,0,63,72,0,72,135
07/05/2021,ALW,WA,ANM,WE,Federal Contract Tower,3,2,2,0,7,0,7,62,0,69,3,9,64,0,76,110,0,110,186
07/06/2021,ALW,WA,ANM,WE,Federal Contract Tower,3,2,3,0,8,0,0,76,0,76,3,2,79,0,84,134,0,134,218
07/07/2021,ALW,WA,ANM,WE,Federal Contract Tower,4,4,5,0,13,0,0,54,0,54,4,4,59,0,67,102,0,102,169
07/08/2021,ALW,WA,ANM,WE,Federal Contract Tower,3,2,6,0,11,0,0,141,2,143,3,2,147,2,154,248,0,248,402
07/09/2021,ALW,WA,ANM,WE,Federal Contract Tower,3,2,3,0,8,0,23,74,5,102,3,25,77,5,110,132,0,132,242
07/10/2021,ALW,WA,ANM,WE,Federal Contract Tower,3,0,3,0,6,0,3,59,3,65,3,3,62,3,71,10,0,10,81
07/11/2021,ALW,WA,ANM,WE,Federal Contract Tower,2,2,5,0,9,0,4,98,3,105,2,6,103,3,114,74,4,78,192
07/12/2021,ALW,WA,ANM,WE,Federal Contract Tower,2,6,6,0,14,0,7,85,1,93,2,13,91,1,107,164,0,164,271
07/13/2021,ALW,WA,ANM,WE,Federal Contract Tower,3,6,2,0,11,0,1,108,2,111,3,7,110,2,122,120,0,120,242
07/14/2021,ALW,WA,ANM,WE,Federal Contract Tower,2,3,5,0,10,0,2,111,0,113,2,5,116,0,123,108,0,108,231
07/15/2021,ALW,WA,ANM,WE,Federal Contract Tower,2,4,3,0,9,0,0,72,0,72,2,4,75,0,81,34,1,35,116
07/16/2021,ALW,WA,ANM,WE,Federal Contract Tower,3,4,3,0,10,0,4,100,1,105,3,8,103,1,115,40,0,40,155
07/17/2021,ALW,WA,ANM,WE,Federal Contract Tower,1,1,2,0,4,0,0,52,0,52,1,1,54,0,56,16,0,16,72
07/18/2021,ALW,WA,ANM,WE,Federal Contract Tower,3,1,4,0,8,0,2,84,0,86,3,3,88,0,94,102,0,102,196
07/19/2021,ALW,WA,ANM,WE,Federal Contract Tower,2,1,4,0,7,0,2,94,0,96,2,3,98,0,103,194,2,196,299
07/20/2021,ALW,WA,ANM,WE,Federal Contract Tower,2,3,8,0,13,0,0,97,0,97,2,3,105,0,110,144,0,144,254
07/21/2021,ALW,WA,ANM,WE,Federal Contract Tower,2,2,17,0,21,0,3,100,0,103,2,5,117,0,124,122,0,122,246
07/22/2021,ALW,WA,ANM,WE,Federal Contract Tower,2,2,9,0,13,0,1,110,4,115,2,3,119,4,128,176,4,180,308
07/23/2021,ALW,WA,ANM,WE,Federal Contract Tower,2,1,18,0,21,0,2,110,0,112,2,3,128,0,133,150,0,150,283
07/24/2021,ALW,WA,ANM,WE,Federal Contract Tower,2,0,4,0,6,0,0,79,0,79,2,0,83,0,85,22,0,22,107
07/25/2021,ALW,WA,ANM,WE,Federal Contract Tower,2,0,7,0,9,0,5,113,0,118,2,5,120,0,127,268,0,268,395
07/26/2021,ALW,WA,ANM,WE,Federal Contract Tower,2,2,2,0,6,0,0,107,0,107,2,2,109,0,113,100,0,100,213
07/27/2021,ALW,WA,ANM,WE,Federal Contract Tower,4,2,6,0,12,0,0,93,0,93,4,2,99,0,105,237,0,237,342
07/28/2021,ALW,WA,ANM,WE,Federal Contract Tower,2,6,8,0,16,0,2,79,0,81,2,8,87,0,97,194,0,194,291
07/29/2021,ALW,WA,ANM,WE,Federal Contract Tower,2,3,7,0,12,0,4,102,0,106,2,7,109,0,118,186,0,186,304
07/30/2021,ALW,WA,ANM,WE,Federal Contract Tower,2,2,6,0,10,0,0,70,0,70,2,2,76,0,80,66,0,66,146
07/31/2021,ALW,WA,ANM,WE,Federal Contract Tower,2,0,10,0,12,0,0,58,0,58,2,0,68,0,70,22,0,22,92
08/01/2021,ALW,WA,ANM,WE,Federal Contract Tower,3,0,10,0,13,0,0,30,4,34,3,0,40,4,47,28,0,28,75
08/02/2021,ALW,WA,ANM,WE,Federal Contract Tower,3,1,9,0,13,0,0,45,0,45,3,1,54,0,58,122,0,122,180
08/03/2021,ALW,WA,ANM,WE,Federal Contract Tower,3,2,5,0,10,0,0,76,0,76,3,2,81,0,86,257,0,257,343
08/04/2021,ALW,WA,ANM,WE,Federal Contract Tower,3,5,6,0,14,0,4,84,0,88,3,9,90,0,102,176,0,176,278
08/05/2021,ALW,WA,ANM,WE,Federal Contract Tower,2,3,7,0,12,0,0,46,0,46,2,3,53,0,58,92,0,92,150
08/06/2021,ALW,WA,ANM,WE,Federal Contract Tower,3,2,1,0,6,0,0,71,0,71,3,2,72,0,77,88,0,88,165
08/07/2021,ALW,WA,ANM,WE,Federal Contract Tower,3,0,3,0,6,0,3,82,0,85,3,3,85,0,91,14,0,14,105
08/08/2021,ALW,WA,ANM,WE,Federal Contract Tower,3,0,2,0,5,0,4,52,0,56,3,4,54,0,61,54,0,54,115
08/09/2021,ALW,WA,ANM,WE,Federal Contract Tower,3,4,12,0,19,0,1,82,0,83,3,5,94,0,102,122,0,122,224
08/10/2021,ALW,WA,ANM,WE,Federal Contract Tower,3,2,16,0,21,0,1,75,0,76,3,3,91,0,97,148,0,148,245
08/11/2021,ALW,WA,ANM,WE,Federal Contract Tower,3,2,3,0,8,0,0,69,0,69,3,2,72,0,77,124,0,124,201
08/12/2021,ALW,WA,ANM,WE,Federal Contract Tower,3,8,6,0,17,0,0,41,0,41,3,8,47,0,58,223,0,223,281
08/13/2021,ALW,WA,ANM,WE,Federal Contract Tower,3,4,13,0,20,0,0,16,0,16,3,4,29,0,36,68,0,68,104
08/14/2021,ALW,WA,ANM,WE,Federal Contract Tower,3,0,11,0,14,0,0,3,0,3,3,0,14,0,17,4,0,4,21
08/15/2021,ALW,WA,ANM,WE,Federal Contract Tower,1,1,4,0,6,0,0,0,0,0,1,1,4,0,6,82,0,82,88
08/16/2021,ALW,WA,ANM,WE,Federal Contract Tower,3,3,5,0,11,0,2,47,0,49,3,5,52,0,60,48,0,48,108
08/17/2021,ALW,WA,ANM,WE,Federal Contract Tower,3,2,2,0,7,0,0,10,0,10,3,2,12,0,17,30,0,30,47
08/18/2021,ALW,WA,ANM,WE,Federal Contract Tower,3,3,7,0,13,0,1,72,0,73,3,4,79,0,86,128,0,128,214
08/19/2021,ALW,WA,ANM,WE,Federal Contract Tower,2,1,10,0,13,0,2,83,0,85,2,3,93,0,98,136,0,136,234
08/20/2021,ALW,WA,ANM,WE,Federal Contract Tower,3,1,17,0,21,0,0,54,0,54,3,1,71,0,75,66,0,66,141
08/21/2021,ALW,WA,ANM,WE,Federal Contract Tower,3,0,1,0,4,0,1,45,0,46,3,1,46,0,50,24,0,24,74
08/22/2021,ALW,WA,ANM,WE,Federal Contract Tower,3,0,7,0,10,0,4,45,0,49,3,4,52,0,59,18,0,18,77
08/23/2021,ALW,WA,ANM,WE,Federal Contract Tower,3,2,3,0,8,0,6,44,0,50,3,8,47,0,58,98,0,98,156
08/24/2021,ALW,WA,ANM,WE,Federal Contract Tower,3,3,2,0,8,0,2,50,0,52,3,5,52,0,60,106,0,106,166
08/25/2021,ALW,WA,ANM,WE,Federal Contract Tower,2,4,10,0,16,0,0,51,0,51,2,4,61,0,67,78,0,78,145
08/26/2021,ALW,WA,ANM,WE,Federal Contract Tower,2,1,2,0,5,0,3,46,0,49,2,4,48,0,54,54,0,54,108
08/27/2021,ALW,WA,ANM,WE,Federal Contract Tower,3,6,16,0,25,0,0,41,0,41,3,6,57,0,66,38,0,38,104
08/28/2021,ALW,WA,ANM,WE,Federal Contract Tower,3,0,4,0,7,0,1,65,0,66,3,1,69,0,73,20,0,20,93
08/29/2021,ALW,WA,ANM,WE,Federal Contract Tower,3,0,14,0,17,0,2,87,0,89,3,2,101,0,106,56,0,56,162
08/30/2021,ALW,WA,ANM,WE,Federal Contract Tower,3,6,5,0,14,0,3,40,3,46,3,9,45,3,60,52,0,52,112
08/31/2021,ALW,WA,ANM,WE,Federal Contract Tower,3,3,9,0,15,0,8,54,1,63,3,11,63,1,78,48,0,48,126
09/01/2021,ALW,WA,ANM,WE,Federal Contract Tower,2,3,8,0,13,0,6,71,2,79,2,9,79,2,92,114,0,114,206
09/02/2021,ALW,WA,ANM,WE,Federal Contract Tower,2,2,8,1,13,0,3,56,0,59,2,5,64,1,72,74,0,74,146
09/03/2021,ALW,WA,ANM,WE,Federal Contract Tower,3,5,6,0,14,0,7,103,0,110,3,12,109,0,124,114,0,114,238
09/04/2021,ALW,WA,ANM,WE,Federal Contract Tower,3,1,2,0,6,0,0,52,0,52,3,1,54,0,58,32,0,32,90
09/05/2021,ALW,WA,ANM,WE,Federal Contract Tower,3,0,9,0,12,0,4,32,0,36,3,4,41,0,48,96,0,96,144
09/06/2021,ALW,WA,ANM,WE,Federal Contract Tower,3,0,3,0,6,0,3,44,0,47,3,3,47,0,53,48,0,48,101
09/07/2021,ALW,WA,ANM,WE,Federal Contract Tower,3,4,6,0,13,0,1,40,0,41,3,5,46,0,54,86,0,86,140
09/08/2021,ALW,WA,ANM,WE,Federal Contract Tower,3,2,6,0,11,0,3,34,0,37,3,5,40,0,48,68,0,68,116
09/09/2021,ALW,WA,ANM,WE,Federal Contract Tower,3,2,7,0,12,0,2,30,0,32,3,4,37,0,44,60,0,60,104
09/10/2021,ALW,WA,ANM,WE,Federal Contract Tower,3,7,7,0,17,0,1,14,0,15,3,8,21,0,32,28,0,28,60
09/11/2021,ALW,WA,ANM,WE,Federal Contract Tower,3,0,4,0,7,0,0,33,0,33,3,0,37,0,40,32,0,32,72
09/12/2021,ALW,WA,ANM,WE,Federal Contract Tower,3,5,4,0,12,0,2,18,0,20,3,7,22,0,32,76,0,76,108
09/13/2021,ALW,WA,ANM,WE,Federal Contract Tower,3,4,5,0,12,0,5,47,0,52,3,9,52,0,64,69,0,69,133
09/14/2021,ALW,WA,ANM,WE,Federal Contract Tower,3,3,13,1,20,0,1,42,0,43,3,4,55,1,63,84,2,86,149
09/15/2021,ALW,WA,ANM,WE,Federal Contract Tower,3,4,15,0,22,0,1,30,0,31,3,5,45,0,53,56,0,56,109
09/16/2021,ALW,WA,ANM,WE,Federal Contract Tower,3,4,2,0,9,0,3,47,0,50,3,7,49,0,59,90,0,90,149
09/17/2021,ALW,WA,ANM,WE,Federal Contract Tower,3,4,3,0,10,0,0,44,0,44,3,4,47,0,54,67,0,67,121
09/18/2021,ALW,WA,ANM,WE,Federal Contract Tower,3,0,14,0,17,0,0,3,0,3,3,0,17,0,20,20,0,20,40
09/19/2021,ALW,WA,ANM,WE,Federal Contract Tower,3,1,8,0,12,0,3,10,0,13,3,4,18,0,25,24,0,24,49
09/20/2021,ALW,WA,ANM,WE,Federal Contract Tower,3,7,19,0,29,0,4,54,0,58,3,11,73,0,87,50,0,50,137
09/21/2021,ALW,WA,ANM,WE,Federal Contract Tower,3,3,9,0,15,0,3,49,0,52,3,6,58,0,67,104,0,104,171
09/22/2021,ALW,WA,ANM,WE,Federal Contract Tower,3,5,3,0,11,0,7,50,0,57,3,12,53,0,68,76,0,76,144
09/23/2021,ALW,WA,ANM,WE,Federal Contract Tower,3,2,10,0,15,0,0,47,0,47,3,2,57,0,62,100,0,100,162
09/24/2021,ALW,WA,ANM,WE,Federal Contract Tower,3,2,14,0,19,0,7,49,0,56,3,9,63,0,75,66,0,66,141
09/25/2021,ALW,WA,ANM,WE,Federal Contract Tower,3,0,10,0,13,0,3,72,0,75,3,3,82,0,88,22,0,22,110
09/26/2021,ALW,WA,ANM,WE,Federal Contract Tower,3,2,18,0,23,0,3,53,0,56,3,5,71,0,79,16,0,16,95
09/27/2021,ALW,WA,ANM,WE,Federal Contract Tower,3,3,7,0,13,0,1,29,0,30,3,4,36,0,43,28,0,28,71
09/28/2021,ALW,WA,ANM,WE,Federal Contract Tower,3,6,16,0,25,0,0,51,0,51,3,6,67,0,76,84,0,84,160
09/29/2021,ALW,WA,ANM,WE,Federal Contract Tower,3,2,7,0,12,0,3,64,0,67,3,5,71,0,79,142,0,142,221
09/30/2021,ALW,WA,ANM,WE,Federal Contract Tower,3,2,6,16,27,0,7,46,0,53,3,9,52,16,80,100,4,104,184
10/01/2021,ALW,WA,ANM,WE,Federal Contract Tower,3,1,21,0,25,0,4,69,0,73,3,5,90,0,98,76,0,76,174
10/02/2021,ALW,WA,ANM,WE,Federal Contract Tower,3,1,5,0,9,0,2,87,0,89,3,3,92,0,98,44,0,44,142
10/03/2021,ALW,WA,ANM,WE,Federal Contract Tower,2,1,6,0,9,0,2,71,0,73,2,3,77,0,82,64,0,64,146
10/04/2021,ALW,WA,ANM,WE,Federal Contract Tower,2,6,15,2,25,0,1,66,2,69,2,7,81,4,94,124,0,124,218
10/05/2021,ALW,WA,ANM,WE,Federal Contract Tower,3,2,16,2,23,0,4,58,0,62,3,6,74,2,85,54,0,54,139
10/06/2021,ALW,WA,ANM,WE,Federal Contract Tower,3,8,32,0,43,0,3,49,0,52,3,11,81,0,95,84,0,84,179
10/07/2021,ALW,WA,ANM,WE,Federal Contract Tower,2,2,20,0,24,0,2,57,0,59,2,4,77,0,83,122,0,122,205
10/08/2021,ALW,WA,ANM,WE,Federal Contract Tower,2,4,9,0,15,0,7,73,0,80,2,11,82,0,95,86,0,86,181
10/09/2021,ALW,WA,ANM,WE,Federal Contract Tower,3,0,7,0,10,0,3,39,0,42,3,3,46,0,52,32,0,32,84
10/10/2021,ALW,WA,ANM,WE,Federal Contract Tower,2,4,2,0,8,0,1,15,0,16,2,5,17,0,24,20,0,20,44
10/11/2021,ALW,WA,ANM,WE,Federal Contract Tower,2,3,23,0,28,0,0,44,0,44,2,3,67,0,72,76,0,76,148
10/12/2021,ALW,WA,ANM,WE,Federal Contract Tower,0,3,5,0,8,0,2,63,0,65,0,5,68,0,73,56,0,56,129
10/13/2021,ALW,WA,ANM,WE,Federal Contract Tower,0,4,9,0,13,0,1,31,0,32,0,5,40,0,45,60,0,60,105
10/14/2021,ALW,WA,ANM,WE,Federal Contract Tower,2,3,9,0,14,0,6,52,0,58,2,9,61,0,72,122,0,122,194
10/15/2021,ALW,WA,ANM,WE,Federal Contract Tower,2,7,14,0,23,0,1,83,0,84,2,8,97,0,107,94,0,94,201
10/16/2021,ALW,WA,ANM,WE,Federal Contract Tower,0,2,6,0,8,0,4,47,0,51,0,6,53,0,59,0,0,0,59
10/17/2021,ALW,WA,ANM,WE,Federal Contract Tower,2,2,7,0,11,0,4,36,0,40,2,6,43,0,51,54,0,54,105
10/18/2021,ALW,WA,ANM,WE,Federal Contract Tower,2,7,15,0,24,0,2,51,0,53,2,9,66,0,77,102,0,102,179
10/19/2021,ALW,WA,ANM,WE,Federal Contract Tower,0,8,15,0,23,0,3,62,0,65,0,11,77,0,88,92,0,92,180
10/20/2021,ALW,WA,ANM,WE,Federal Contract Tower,0,7,11,0,18,0,2,30,0,32,0,9,41,0,50,73,0,73,123
10/21/2021,ALW,WA,ANM,WE,Federal Contract Tower,2,2,18,0,22,0,5,57,0,62,2,7,75,0,84,132,0,132,216
10/22/2021,ALW,WA,ANM,WE,Federal Contract Tower,2,11,26,0,39,0,0,11,0,11,2,11,37,0,50,52,0,52,102
10/23/2021,ALW,WA,ANM,WE,Federal Contract Tower,0,2,3,0,5,0,10,29,2,41,0,12,32,2,46,28,0,28,74
10/24/2021,ALW,WA,ANM,WE,Federal Contract Tower,0,2,3,0,5,0,0,0,0,0,0,2,3,0,5,0,0,0,5
10/25/2021,ALW,WA,ANM,WE,Federal Contract Tower,2,5,16,0,23,0,0,51,0,51,2,5,67,0,74,74,0,74,148
10/26/2021,ALW,WA,ANM,WE,Federal Contract Tower,0,2,30,0,32,0,2,26,0,28,0,4,56,0,60,58,0,58,118
10/27/2021,ALW,WA,ANM,WE,Federal Contract Tower,0,6,13,0,19,0,3,29,0,32,0,9,42,0,51,98,0,98,149
10/28/2021,ALW,WA,ANM,WE,Federal Contract Tower,2,8,7,0,17,0,4,20,0,24,2,12,27,0,41,98,0,98,139
10/29/2021,ALW,WA,ANM,WE,Federal Contract Tower,3,6,24,0,33,0,0,10,0,10,3,6,34,0,43,26,0,26,69
10/30/2021,ALW,WA,ANM,WE,Federal Contract Tower,0,3,8,0,11,0,4,39,0,43,0,7,47,0,54,32,0,32,86
10/31/2021,ALW,WA,ANM,WE,Federal Contract Tower,2,2,13,0,17,0,0,23,0,23,2,2,36,0,40,68,0,68,108
11/01/2021,ALW,WA,ANM,WE,Federal Contract Tower,2,4,24,0,30,0,0,14,0,14,2,4,38,0,44,18,0,18,62
11/02/2021,ALW,WA,ANM,WE,Federal Contract Tower,0,2,56,0,58,0,0,0,0,0,0,2,56,0,58,0,0,0,58
11/03/2021,ALW,WA,ANM,WE,Federal Contract Tower,0,2,42,0,44,0,0,0,0,0,0,2,42,0,44,0,0,0,44
11/04/2021,ALW,WA,ANM,WE,Federal Contract Tower,2,4,14,0,20,0,0,16,1,17,2,4,30,1,37,72,0,72,109
11/05/2021,ALW,WA,ANM,WE,Federal Contract Tower,2,4,10,0,16,0,1,52,1,54,2,5,62,1,70,160,0,160,230
11/06/2021,ALW,WA,ANM,WE,Federal Contract Tower,3,2,3,0,8,0,1,25,0,26,3,3,28,0,34,40,0,40,74
11/07/2021,ALW,WA,ANM,WE,Federal Contract Tower,3,1,6,0,10,0,3,40,0,43,3,4,46,0,53,54,0,54,107
11/08/2021,ALW,WA,ANM,WE,Federal Contract Tower,3,3,21,2,29,0,3,54,0,57,3,6,75,2,86,78,0,78,164
11/09/2021,ALW,WA,ANM,WE,Federal Contract Tower,2,4,16,0,22,0,2,13,0,15,2,6,29,0,37,24,0,24,61
11/10/2021,ALW,WA,ANM,WE,Federal Contract Tower,5,3,11,0,19,0,4,61,0,65,5,7,72,0,84,170,0,170,254
11/11/2021,ALW,WA,ANM,WE,Federal Contract Tower,2,4,26,0,32,0,0,0,0,0,2,4,26,0,32,0,0,0,32
11/12/2021,ALW,WA,ANM,WE,Federal Contract Tower,3,2,23,0,28,0,3,15,0,18,3,5,38,0,46,124,0,124,170
11/13/2021,ALW,WA,ANM,WE,Federal Contract Tower,2,0,2,0,4,0,3,52,0,55,2,3,54,0,59,52,0,52,111
11/14/2021,ALW,WA,ANM,WE,Federal Contract Tower,2,0,4,0,6,0,4,17,0,21,2,4,21,0,27,6,0,6,33
11/15/2021,ALW,WA,ANM,WE,Federal Contract Tower,2,2,3,0,7,0,1,25,0,26,2,3,28,0,33,52,0,52,85
11/16/2021,ALW,WA,ANM,WE,Federal Contract Tower,2,5,11,1,19,0,4,46,1,51,2,9,57,2,70,130,0,130,200
11/17/2021,ALW,WA,ANM,WE,Federal Contract Tower,3,5,28,2,38,0,1,42,0,43,3,6,70,2,81,136,0,136,217
11/18/2021,ALW,WA,ANM,WE,Federal Contract Tower,3,4,12,0,19,0,0,24,2,26,3,4,36,2,45,126,0,126,171
11/19/2021,ALW,WA,ANM,WE,Federal Contract Tower,2,3,2,0,7,0,0,2,0,2,2,3,4,0,9,8,0,8,17
11/20/2021,ALW,WA,ANM,WE,Federal Contract Tower,2,1,6,0,9,0,0,44,0,44,2,1,50,0,53,58,0,58,111
11/21/2021,ALW,WA,ANM,WE,Federal Contract Tower,2,2,0,0,4,0,0,0,0,0,2,2,0,0,4,0,0,0,4
11/22/2021,ALW,WA,ANM,WE,Federal Contract Tower,2,3,7,0,12,0,0,0,0,0,2,3,7,0,12,0,0,0,12
11/23/2021,ALW,WA,ANM,WE,Federal Contract Tower,2,3,2,0,7,0,2,2,0,4,2,5,4,0,11,0,0,0,11
11/24/2021,ALW,WA,ANM,WE,Federal Contract Tower,2,3,5,0,10,0,1,33,0,34,2,4,38,0,44,36,0,36,80
11/25/2021,ALW,WA,ANM,WE,Federal Contract Tower,1,2,2,0,5,0,4,8,0,12,1,6,10,0,17,2,0,2,19
11/26/2021,ALW,WA,ANM,WE,Federal Contract Tower,2,2,4,0,8,0,5,15,0,20,2,7,19,0,28,18,0,18,46
11/27/2021,ALW,WA,ANM,WE,Federal Contract Tower,2,0,10,0,12,0,5,17,0,22,2,5,27,0,34,36,0,36,70
11/28/2021,ALW,WA,ANM,WE,Federal Contract Tower,2,2,4,0,8,0,1,26,0,27,2,3,30,0,35,66,0,66,101
11/29/2021,ALW,WA,ANM,WE,Federal Contract Tower,2,4,11,0,17,0,0,15,0,15,2,4,26,0,32,50,0,50,82
11/30/2021,ALW,WA,ANM,WE,Federal Contract Tower,2,13,15,1,31,0,3,25,0,28,2,16,40,1,59,124,0,124,183
12/01/2021,ALW,WA,ANM,WE,Federal Contract Tower,2,2,17,1,22,0,3,33,0,36,2,5,50,1,58,124,0,124,182
12/02/2021,ALW,WA,ANM,WE,Federal Contract Tower,2,4,11,0,17,0,5,31,0,36,2,9,42,0,53,82,0,82,135
12/03/2021,ALW,WA,ANM,WE,Federal Contract Tower,2,3,8,0,13,0,3,61,0,64,2,6,69,0,77,194,0,194,271
12/04/2021,ALW,WA,ANM,WE,Federal Contract Tower,2,1,10,0,13,0,4,5,0,9,2,5,15,0,22,60,0,60,82
12/05/2021,ALW,WA,ANM,WE,Federal Contract Tower,2,2,5,0,9,0,0,31,0,31,2,2,36,0,40,96,0,96,136
12/06/2021,ALW,WA,ANM,WE,Federal Contract Tower,2,2,15,0,19,0,0,5,0,5,2,2,20,0,24,20,0,20,44
12/07/2021,ALW,WA,ANM,WE,Federal Contract Tower,2,2,11,0,15,0,0,2,0,2,2,2,13,0,17,0,0,0,17
12/08/2021,ALW,WA,ANM,WE,Federal Contract Tower,2,4,12,2,20,0,0,13,0,13,2,4,25,2,33,0,0,0,33
12/09/2021,ALW,WA,ANM,WE,Federal Contract Tower,2,3,13,0,18,0,1,22,0,23,2,4,35,0,41,116,0,116,157
12/10/2021,ALW,WA,ANM,WE,Federal Contract Tower,2,6,14,0,22,0,0,28,0,28,2,6,42,0,50,84,0,84,134
12/11/2021,ALW,WA,ANM,WE,Federal Contract Tower,2,2,2,0,6,0,0,0,0,0,2,2,2,0,6,0,0,0,6
12/12/2021,ALW,WA,ANM,WE,Federal Contract Tower,2,0,3,0,5,0,1,16,0,17,2,1,19,0,22,28,0,28,50
12/13/2021,ALW,WA,ANM,WE,Federal Contract Tower,2,6,12,0,20,0,0,15,0,15,2,6,27,0,35,38,0,38,73
12/14/2021,ALW,WA,ANM,WE,Federal Contract Tower,2,4,10,0,16,0,3,36,0,39,2,7,46,0,55,52,0,52,107
12/15/2021,ALW,WA,ANM,WE,Federal Contract Tower,2,4,12,0,18,0,0,24,0,24,2,4,36,0,42,16,0,16,58
12/16/2021,ALW,WA,ANM,WE,Federal Contract Tower,2,4,2,0,8,0,1,6,0,7,2,5,8,0,15,8,0,8,23
12/17/2021,ALW,WA,ANM,WE,Federal Contract Tower,2,8,7,0,17,0,4,41,0,45,2,12,48,0,62,28,0,28,90
12/18/2021,ALW,WA,ANM,WE,Federal Contract Tower,2,0,2,0,4,0,0,8,0,8,2,0,10,0,12,0,0,0,12
12/19/2021,ALW,WA,ANM,WE,Federal Contract Tower,2,2,2,0,6,0,0,0,0,0,2,2,2,0,6,0,0,0,6
12/20/2021,ALW,WA,ANM,WE,Federal Contract Tower,2,2,1,0,5,0,0,0,0,0,2,2,1,0,5,0,0,0,5
12/21/2021,ALW,WA,ANM,WE,Federal Contract Tower,2,5,1,0,8,0,0,0,0,0,2,5,1,0,8,0,0,0,8
12/22/2021,ALW,WA,ANM,WE,Federal Contract Tower,2,3,0,0,5,0,1,17,0,18,2,4,17,0,23,24,0,24,47
12/23/2021,ALW,WA,ANM,WE,Federal Contract Tower,2,9,0,0,11,0,1,2,0,3,2,10,2,0,14,2,0,2,16
12/24/2021,ALW,WA,ANM,WE,Federal Contract Tower,2,6,1,0,9,0,0,8,0,8,2,6,9,0,17,2,0,2,19
12/25/2021,ALW,WA,ANM,WE,Federal Contract Tower,2,1,2,0,5,0,1,12,0,13,2,2,14,0,18,12,0,12,30
12/27/2021,ALW,WA,ANM,WE,Federal Contract Tower,2,2,6,0,10,0,2,2,0,4,2,4,8,0,14,0,0,0,14
12/28/2021,ALW,WA,ANM,WE,Federal Contract Tower,3,2,2,0,7,0,0,0,0,0,3,2,2,0,7,0,0,0,7
12/29/2021,ALW,WA,ANM,WE,Federal Contract Tower,3,2,0,0,5,0,0,0,0,0,3,2,0,0,5,0,0,0,5
12/30/2021,ALW,WA,ANM,WE,Federal Contract Tower,0,0,2,0,2,0,0,0,0,0,0,0,2,0,2,0,0,0,2
12/31/2021,ALW,WA,ANM,WE,Federal Contract Tower,3,5,0,0,8,0,0,5,0,5,3,5,5,0,13,0,0,0,13
01/01/2022,ALW,WA,ANM,WE,Federal Contract Tower,3,3,2,0,8,0,1,2,0,3,3,4,4,0,11,0,0,0,11
01/02/2022,ALW,WA,ANM,WE,Federal Contract Tower,2,0,4,0,6,0,1,2,0,3,2,1,6,0,9,14,0,14,23
01/03/2022,ALW,WA,ANM,WE,Federal Contract Tower,2,0,1,0,3,0,0,0,0,0,2,0,1,0,3,0,0,0,3
01/04/2022,ALW,WA,ANM,WE,Federal Contract Tower,3,4,0,0,7,0,0,0,0,0,3,4,0,0,7,36,0,36,43
01/05/2022,ALW,WA,ANM,WE,Federal Contract Tower,3,0,1,0,4,0,0,0,0,0,3,0,1,0,4,0,0,0,4
01/06/2022,ALW,WA,ANM,WE,Federal Contract Tower,3,2,2,0,7,0,0,0,0,0,3,2,2,0,7,0,0,0,7
01/07/2022,ALW,WA,ANM,WE,Federal Contract Tower,2,2,4,0,8,0,2,0,0,2,2,4,4,0,10,0,0,0,10
01/08/2022,ALW,WA,ANM,WE,Federal Contract Tower,3,0,9,0,12,0,0,30,0,30,3,0,39,0,42,4,0,4,46
01/09/2022,ALW,WA,ANM,WE,Federal Contract Tower,3,3,7,0,13,0,2,42,0,44,3,5,49,0,57,82,0,82,139
01/10/2022,ALW,WA,ANM,WE,Federal Contract Tower,3,2,4,0,9,0,0,3,0,3,3,2,7,0,12,18,0,18,30
01/11/2022,ALW,WA,ANM,WE,Federal Contract Tower,3,6,9,0,18,0,0,18,0,18,3,6,27,0,36,40,0,40,76
01/12/2022,ALW,WA,ANM,WE,Federal Contract Tower,3,2,26,0,31,0,3,24,0,27,3,5,50,0,58,70,0,70,128
01/13/2022,ALW,WA,ANM,WE,Federal Contract Tower,3,2,32,0,37,0,4,20,1,25,3,6,52,1,62,120,0,120,182
01/14/2022,ALW,WA,ANM,WE,Federal Contract Tower,1,2,2,0,5,0,0,0,0,0,1,2,2,0,5,0,0,0,5
01/15/2022,ALW,WA,ANM,WE,Federal Contract Tower,2,0,6,0,8,0,0,0,0,0,2,0,6,0,8,0,0,0,8
01/16/2022,ALW,WA,ANM,WE,Federal Contract Tower,2,0,2,0,4,0,0,0,0,0,2,0,2,0,4,0,0,0,4
01/17/2022,ALW,WA,ANM,WE,Federal Contract Tower,2,1,1,0,4,0,0,8,0,8,2,1,9,0,12,28,0,28,40
01/18/2022,ALW,WA,ANM,WE,Federal Contract Tower,2,2,16,0,20,0,0,18,0,18,2,2,34,0,38,70,0,70,108
01/19/2022,ALW,WA,ANM,WE,Federal Contract Tower,2,2,2,0,6,0,0,0,0,0,2,2,2,0,6,0,0,0,6
01/20/2022,ALW,WA,ANM,WE,Federal Contract Tower,2,6,33,2,43,0,4,22,0,26,2,10,55,2,69,90,0,90,159
01/21/2022,ALW,WA,ANM,WE,Federal Contract Tower,2,4,26,0,32,0,1,64,0,65,2,5,90,0,97,216,0,216,313
01/22/2022,ALW,WA,ANM,WE,Federal Contract Tower,1,2,3,0,6,0,0,0,0,0,1,2,3,0,6,0,0,0,6
01/23/2022,ALW,WA,ANM,WE,Federal Contract Tower,2,0,1,0,3,0,0,0,0,0,2,0,1,0,3,0,0,0,3
01/24/2022,ALW,WA,ANM,WE,Federal Contract Tower,2,3,2,0,7,0,0,0,0,0,2,3,2,0,7,0,0,0,7
01/25/2022,ALW,WA,ANM,WE,Federal Contract Tower,3,3,3,0,9,0,0,0,0,0,3,3,3,0,9,0,0,0,9
01/26/2022,ALW,WA,ANM,WE,Federal Contract Tower,3,4,4,0,11,0,0,0,0,0,3,4,4,0,11,0,0,0,11
01/27/2022,ALW,WA,ANM,WE,Federal Contract Tower,3,3,6,0,12,0,0,2,0,2,3,3,8,0,14,0,0,0,14
01/28/2022,ALW,WA,ANM,WE,Federal Contract Tower,3,2,5,0,10,0,0,9,0,9,3,2,14,0,19,26,0,26,45
01/29/2022,ALW,WA,ANM,WE,Federal Contract Tower,3,0,9,0,12,0,2,7,0,9,3,2,16,0,21,20,0,20,41
01/30/2022,ALW,WA,ANM,WE,Federal Contract Tower,3,0,9,0,12,0,0,22,0,22,3,0,31,0,34,62,0,62,96
01/31/2022,ALW,WA,ANM,WE,Federal Contract Tower,3,2,13,0,18,0,2,5,2,9,3,4,18,2,27,12,0,12,39
02/01/2022,ALW,WA,ANM,WE,Federal Contract Tower,2,6,17,0,25,0,2,41,0,43,2,8,58,0,68,112,0,112,180
02/02/2022,ALW,WA,ANM,WE,Federal Contract Tower,3,3,23,0,29,0,2,27,0,29,3,5,50,0,58,34,0,34,92
02/03/2022,ALW,WA,ANM,WE,Federal Contract Tower,3,4,7,0,14,0,1,27,0,28,3,5,34,0,42,72,0,72,114
02/04/2022,ALW,WA,ANM,WE,Federal Contract Tower,3,2,10,0,15,0,0,6,0,6,3,2,16,0,21,70,0,70,91
02/05/2022,ALW,WA,ANM,WE,Federal Contract Tower,2,0,7,0,9,0,2,30,0,32,2,2,37,0,41,16,0,16,57
02/06/2022,ALW,WA,ANM,WE,Federal Contract Tower,3,0,17,0,20,0,2,45,0,47,3,2,62,0,67,102,0,102,169
02/07/2022,ALW,WA,ANM,WE,Federal Contract Tower,3,3,7,0,13,0,0,15,0,15,3,3,22,0,28,20,0,20,48
02/08/2022,ALW,WA,ANM,WE,Federal Contract Tower,2,4,20,0,26,0,1,36,0,37,2,5,56,0,63,88,0,88,151
02/09/2022,ALW,WA,ANM,WE,Federal Contract Tower,2,7,12,0,21,0,3,27,2,32,2,10,39,2,53,44,0,44,97
02/10/2022,ALW,WA,ANM,WE,Federal Contract Tower,2,3,3,0,8,0,2,30,0,32,2,5,33,0,40,94,0,94,134
02/11/2022,ALW,WA,ANM,WE,Federal Contract Tower,3,2,11,0,16,0,2,35,0,37,3,4,46,0,53,74,0,74,127
02/12/2022,ALW,WA,ANM,WE,Federal Contract Tower,3,1,5,0,9,0,0,62,0,62,3,1,67,0,71,60,0,60,131
02/13/2022,ALW,WA,ANM,WE,Federal Contract Tower,3,0,2,0,5,0,5,46,0,51,3,5,48,0,56,20,0,20,76
02/14/2022,ALW,WA,ANM,WE,Federal Contract Tower,3,4,10,0,17,0,0,11,0,11,3,4,21,0,28,10,0,10,38
02/15/2022,ALW,WA,ANM,WE,Federal Contract Tower,3,2,6,0,11,0,0,37,0,37,3,2,43,0,48,88,0,88,136
02/16/2022,ALW,WA,ANM,WE,Federal Contract Tower,3,3,14,0,20,0,5,33,4,42,3,8,47,4,62,28,0,28,90
02/17/2022,ALW,WA,ANM,WE,Federal Contract Tower,3,2,16,0,21,0,1,30,0,31,3,3,46,0,52,84,0,84,136
02/18/2022,ALW,WA,ANM,WE,Federal Contract Tower,3,4,31,0,38,0,0,52,0,52,3,4,83,0,90,138,0,138,228
02/19/2022,ALW,WA,ANM,WE,Federal Contract Tower,2,0,4,0,6,0,2,20,0,22,2,2,24,0,28,34,0,34,62
02/20/2022,ALW,WA,ANM,WE,Federal Contract Tower,3,1,1,0,5,0,2,2,0,4,3,3,3,0,9,0,0,0,9
02/21/2022,ALW,WA,ANM,WE,Federal Contract Tower,3,2,1,0,6,0,1,5,0,6,3,3,6,0,12,34,0,34,46
02/22/2022,ALW,WA,ANM,WE,Federal Contract Tower,3,2,4,0,9,0,1,4,0,5,3,3,8,0,14,10,0,10,24
02/23/2022,ALW,WA,ANM,WE,Federal Contract Tower,3,6,28,0,37,0,1,35,0,36,3,7,63,0,73,36,0,36,109
02/24/2022,ALW,WA,ANM,WE,Federal Contract Tower,3,5,7,0,15,0,0,0,0,0,3,5,7,0,15,0,0,0,15
02/25/2022,ALW,WA,ANM,WE,Federal Contract Tower,3,2,28,0,33,0,0,46,0,46,3,2,74,0,79,148,0,148,227
02/26/2022,ALW,WA,ANM,WE,Federal Contract Tower,3,0,6,0,9,0,0,31,0,31,3,0,37,0,40,44,0,44,84
02/27/2022,ALW,WA,ANM,WE,Federal Contract Tower,2,0,9,0,11,0,1,18,0,19,2,1,27,0,30,12,0,12,42
02/28/2022,ALW,WA,ANM,WE,Federal Contract Tower,3,4,0,0,7,0,0,0,0,0,3,4,0,0,7,0,0,0,7
03/01/2022,ALW,WA,ANM,WE,Federal Contract Tower,3,6,14,0,23,0,3,38,0,41,3,9,52,0,64,46,0,46,110
03/02/2022,ALW,WA,ANM,WE,Federal Contract Tower,2,2,27,0,31,0,1,4,0,5,2,3,31,0,36,14,0,14,50
03/03/2022,ALW,WA,ANM,WE,Federal Contract Tower,3,4,27,0,34,0,0,10,0,10,3,4,37,0,44,48,0,48,92
03/04/2022,ALW,WA,ANM,WE,Federal Contract Tower,3,4,21,0,28,0,0,58,0,58,3,4,79,0,86,142,0,142,228
03/05/2022,ALW,WA,ANM,WE,Federal Contract Tower,3,3,7,0,13,0,0,29,0,29,3,3,36,0,42,30,0,30,72
03/06/2022,ALW,WA,ANM,WE,Federal Contract Tower,3,2,8,0,13,0,0,39,0,39,3,2,47,0,52,78,0,78,130
03/07/2022,ALW,WA,ANM,WE,Federal Contract Tower,3,2,16,0,21,0,4,42,0,46,3,6,58,0,67,40,0,40,107
03/08/2022,ALW,WA,ANM,WE,Federal Contract Tower,3,6,15,0,24,0,2,21,0,23,3,8,36,0,47,26,0,26,73
03/09/2022,ALW,WA,ANM,WE,Federal Contract Tower,3,2,28,0,33,0,1,53,0,54,3,3,81,0,87,110,0,110,197
03/10/2022,ALW,WA,ANM,WE,Federal Contract Tower,3,4,25,1,33,0,2,38,1,41,3,6,63,2,74,162,0,162,236
03/11/2022,ALW,WA,ANM,WE,Federal Contract Tower,3,6,15,0,24,0,2,47,0,49,3,8,62,0,73,146,0,146,219
03/12/2022,ALW,WA,ANM,WE,Federal Contract Tower,3,0,10,0,13,0,2,39,0,41,3,2,49,0,54,86,0,86,140
03/13/2022,ALW,WA,ANM,WE,Federal Contract Tower,2,2,6,0,10,0,0,9,0,9,2,2,15,0,19,28,0,28,47
03/14/2022,ALW,WA,ANM,WE,Federal Contract Tower,3,2,6,0,11,0,2,32,0,34,3,4,38,0,45,28,0,28,73
03/15/2022,ALW,WA,ANM,WE,Federal Contract Tower,2,2,11,0,15,0,0,19,0,19,2,2,30,0,34,40,0,40,74
03/16/2022,ALW,WA,ANM,WE,Federal Contract Tower,3,6,8,0,17,0,3,37,0,40,3,9,45,0,57,54,0,54,111
03/17/2022,ALW,WA,ANM,WE,Federal Contract Tower,3,4,7,0,14,0,0,21,0,21,3,4,28,0,35,48,0,48,83
03/18/2022,ALW,WA,ANM,WE,Federal Contract Tower,2,2,2,0,6,0,2,28,3,33,2,4,30,3,39,54,0,54,93
03/19/2022,ALW,WA,ANM,WE,Federal Contract Tower,3,0,0,0,3,0,6,5,0,11,3,6,5,0,14,48,0,48,62
03/20/2022,ALW,WA,ANM,WE,Federal Contract Tower,2,2,7,0,11,0,2,9,0,11,2,4,16,0,22,8,0,8,30
03/21/2022,ALW,WA,ANM,WE,Federal Contract Tower,2,4,3,2,11,0,0,7,0,7,2,4,10,2,18,12,0,12,30
03/22/2022,ALW,WA,ANM,WE,Federal Contract Tower,3,6,4,0,13,0,4,19,0,23,3,10,23,0,36,68,0,68,104
03/23/2022,ALW,WA,ANM,WE,Federal Contract Tower,3,2,13,0,18,0,0,16,0,16,3,2,29,0,34,10,0,10,44
03/24/2022,ALW,WA,ANM,WE,Federal Contract Tower,3,2,10,1,16,0,2,22,0,24,3,4,32,1,40,46,0,46,86
03/25/2022,ALW,WA,ANM,WE,Federal Contract Tower,3,5,11,0,19,0,0,19,0,19,3,5,30,0,38,0,0,0,38
03/26/2022,ALW,WA,ANM,WE,Federal Contract Tower,3,0,12,0,15,0,1,15,0,16,3,1,27,0,31,4,0,4,35
03/27/2022,ALW,WA,ANM,WE,Federal Contract Tower,2,0,11,0,13,0,0,45,0,45,2,0,56,0,58,2,0,2,60
03/28/2022,ALW,WA,ANM,WE,Federal Contract Tower,3,2,11,0,16,0,1,16,0,17,3,3,27,0,33,76,0,76,109
03/29/2022,ALW,WA,ANM,WE,Federal Contract Tower,2,1,9,0,12,0,1,26,2,29,2,2,35,2,41,40,0,40,81
03/30/2022,ALW,WA,ANM,WE,Federal Contract Tower,2,1,11,0,14,0,2,13,0,15,2,3,24,0,29,22,0,22,51
03/31/2022,ALW,WA,ANM,WE,Federal Contract Tower,3,4,5,0,12,0,5,23,0,28,3,9,28,0,40,14,0,14,54
04/01/2022,ALW,WA,ANM,WE,Federal Contract Tower,3,2,17,0,22,0,6,43,0,49,3,8,60,0,71,70,0,70,141
04/02/2022,ALW,WA,ANM,WE,Federal Contract Tower,3,3,9,0,15,0,2,12,0,14,3,5,21,0,29,20,0,20,49
04/03/2022,ALW,WA,ANM,WE,Federal Contract Tower,2,0,8,0,10,0,7,38,0,45,2,7,46,0,55,100,0,100,155
04/04/2022,ALW,WA,ANM,WE,Federal Contract Tower,3,0,0,0,3,0,0,0,0,0,3,0,0,0,3,0,0,0,3
04/05/2022,ALW,WA,ANM,WE,Federal Contract Tower,3,2,1,0,6,0,1,4,0,5,3,3,5,0,11,0,0,0,11
04/06/2022,ALW,WA,ANM,WE,Federal Contract Tower,3,5,17,0,25,0,0,41,0,41,3,5,58,0,66,58,0,58,124
04/07/2022,ALW,WA,ANM,WE,Federal Contract Tower,3,2,13,2,20,0,0,38,0,38,3,2,51,2,58,142,0,142,200
04/08/2022,ALW,WA,ANM,WE,Federal Contract Tower,2,3,7,0,12,0,2,7,0,9,2,5,14,0,21,4,0,4,25
04/09/2022,ALW,WA,ANM,WE,Federal Contract Tower,3,1,3,0,7,0,2,7,0,9,3,3,10,0,16,2,0,2,18
04/10/2022,ALW,WA,ANM,WE,Federal Contract Tower,3,3,1,0,7,0,1,7,0,8,3,4,8,0,15,28,0,28,43
04/11/2022,ALW,WA,ANM,WE,Federal Contract Tower,2,5,11,2,20,0,0,3,2,5,2,5,14,4,25,0,6,6,31
04/12/2022,ALW,WA,ANM,WE,Federal Contract Tower,3,4,4,0,11,0,1,2,0,3,3,5,6,0,14,20,0,20,34
04/13/2022,ALW,WA,ANM,WE,Federal Contract Tower,3,6,10,0,19,0,2,13,0,15,3,8,23,0,34,154,0,154,188
04/14/2022,ALW,WA,ANM,WE,Federal Contract Tower,3,5,5,0,13,0,0,0,0,0,3,5,5,0,13,0,0,0,13
04/15/2022,ALW,WA,ANM,WE,Federal Contract Tower,3,4,4,0,11,0,0,18,0,18,3,4,22,0,29,78,0,78,107
04/16/2022,ALW,WA,ANM,WE,Federal Contract Tower,3,0,0,0,3,0,0,0,0,0,3,0,0,0,3,0,0,0,3
04/17/2022,ALW,WA,ANM,WE,Federal Contract Tower,3,0,10,0,13,0,3,44,0,47,3,3,54,0,60,56,0,56,116
04/18/2022,ALW,WA,ANM,WE,Federal Contract Tower,3,2,11,0,16,0,4,35,0,39,3,6,46,0,55,126,0,126,181
04/19/2022,ALW,WA,ANM,WE,Federal Contract Tower,3,2,14,2,21,0,0,38,0,38,3,2,52,2,59,46,0,46,105
04/20/2022,ALW,WA,ANM,WE,Federal Contract Tower,3,6,2,0,11,0,2,23,0,25,3,8,25,0,36,84,0,84,120
04/21/2022,ALW,WA,ANM,WE,Federal Contract Tower,3,3,11,0,17,0,2,18,0,20,3,5,29,0,37,48,0,48,85
04/22/2022,ALW,WA,ANM,WE,Federal Contract Tower,3,9,15,0,27,0,5,46,0,51,3,14,61,0,78,136,0,136,214
04/23/2022,ALW,WA,ANM,WE,Federal Contract Tower,2,3,12,0,17,0,3,32,0,35,2,6,44,0,52,46,0,46,98
04/24/2022,ALW,WA,ANM,WE,Federal Contract Tower,2,0,9,0,11,0,7,62,0,69,2,7,71,0,80,162,0,162,242
04/25/2022,ALW,WA,ANM,WE,Federal Contract Tower,2,4,10,0,16,0,4,34,0,38,2,8,44,0,54,118,0,118,172
04/26/2022,ALW,WA,ANM,WE,Federal Contract Tower,3,3,9,0,15,0,5,9,0,14,3,8,18,0,29,22,0,22,51
04/27/2022,ALW,WA,ANM,WE,Federal Contract Tower,2,3,11,0,16,10,18,0,0,28,12,21,11,0,44,70,0,70,114
04/28/2022,ALW,WA,ANM,WE,Federal Contract Tower,4,3,15,0,22,0,2,38,0,40,4,5,53,0,62,72,0,72,134
04/29/2022,ALW,WA,ANM,WE,Federal Contract Tower,3,8,15,0,26,0,4,24,0,28,3,12,39,0,54,44,0,44,98
04/30/2022,ALW,WA,ANM,WE,Federal Contract Tower,3,1,1,0,5,0,0,3,0,3,3,1,4,0,8,0,0,0,8
05/01/2022,ALW,WA,ANM,WE,Federal Contract Tower,2,7,10,0,19,0,3,31,0,34,2,10,41,0,53,76,0,76,129
05/02/2022,ALW,WA,ANM,WE,Federal Contract Tower,2,3,2,0,7,0,0,5,0,5,2,3,7,0,12,12,0,12,24
05/03/2022,ALW,WA,ANM,WE,Federal Contract Tower,2,6,9,2,19,0,1,30,0,31,2,7,39,2,50,66,0,66,116
05/04/2022,ALW,WA,ANM,WE,Federal Contract Tower,3,4,10,1,18,0,2,36,1,39,3,6,46,2,57,78,0,78,135
05/05/2022,ALW,WA,ANM,WE,Federal Contract Tower,3,1,6,0,10,0,2,3,0,5,3,3,9,0,15,14,0,14,29
05/06/2022,ALW,WA,ANM,WE,Federal Contract Tower,3,7,9,0,19,0,0,16,0,16,3,7,25,0,35,36,0,36,71
05/07/2022,ALW,WA,ANM,WE,Federal Contract Tower,3,1,5,0,9,0,3,2,0,5,3,4,7,0,14,0,0,0,14
05/08/2022,ALW,WA,ANM,WE,Federal Contract Tower,2,1,10,0,13,0,1,21,0,22,2,2,31,0,35,42,0,42,77
05/09/2022,ALW,WA,ANM,WE,Federal Contract Tower,3,2,9,0,14,0,0,25,0,25,3,2,34,0,39,66,0,66,105
05/10/2022,ALW,WA,ANM,WE,Federal Contract Tower,2,4,22,0,28,0,2,54,0,56,2,6,76,0,84,34,0,34,118
05/11/2022,ALW,WA,ANM,WE,Federal Contract Tower,3,3,7,0,13,0,4,68,0,72,3,7,75,0,85,72,2,74,159
05/12/2022,ALW,WA,ANM,WE,Federal Contract Tower,2,2,11,0,15,0,3,16,0,19,2,5,27,0,34,64,0,64,98
05/13/2022,ALW,WA,ANM,WE,Federal Contract Tower,2,6,23,0,31,0,0,40,0,40,2,6,63,0,71,161,0,161,232
05/14/2022,ALW,WA,ANM,WE,Federal Contract Tower,3,1,13,0,17,0,2,10,0,12,3,3,23,0,29,4,0,4,33
05/15/2022,ALW,WA,ANM,WE,Federal Contract Tower,3,2,10,0,15,0,0,38,0,38,3,2,48,0,53,32,0,32,85
05/16/2022,ALW,WA,ANM,WE,Federal Contract Tower,3,3,12,0,18,0,2,25,0,27,3,5,37,0,45,66,0,66,111
05/17/2022,ALW,WA,ANM,WE,Federal Contract Tower,3,4,10,2,19,0,2,49,0,51,3,6,59,2,70,74,0,74,144
05/18/2022,ALW,WA,ANM,WE,Federal Contract Tower,3,4,8,0,15,0,1,20,0,21,3,5,28,0,36,36,0,36,72
05/19/2022,ALW,WA,ANM,WE,Federal Contract Tower,2,2,8,0,12,0,3,19,0,22,2,5,27,0,34,42,0,42,76
05/20/2022,ALW,WA,ANM,WE,Federal Contract Tower,2,3,12,0,17,0,3,48,0,51,2,6,60,0,68,84,0,84,152
05/21/2022,ALW,WA,ANM,WE,Federal Contract Tower,2,1,12,0,15,0,4,39,0,43,2,5,51,0,58,30,0,30,88
05/22/2022,ALW,WA,ANM,WE,Federal Contract Tower,3,1,9,0,13,0,0,71,0,71,3,1,80,0,84,84,0,84,168
05/23/2022,ALW,WA,ANM,WE,Federal Contract Tower,2,7,11,0,20,0,4,44,0,48,2,11,55,0,68,98,0,98,166
05/24/2022,ALW,WA,ANM,WE,Federal Contract Tower,2,3,12,0,17,0,2,68,0,70,2,5,80,0,87,140,0,140,227
05/25/2022,ALW,WA,ANM,WE,Federal Contract Tower,2,5,20,0,27,0,1,42,0,43,2,6,62,0,70,36,0,36,106
05/26/2022,ALW,WA,ANM,WE,Federal Contract Tower,2,3,25,0,30,0,0,59,0,59,2,3,84,0,89,98,0,98,187
05/27/2022,ALW,WA,ANM,WE,Federal Contract Tower,2,4,4,0,10,0,1,19,0,20,2,5,23,0,30,38,0,38,68
05/28/2022,ALW,WA,ANM,WE,Federal Contract Tower,2,1,5,0,8,0,3,50,0,53,2,4,55,0,61,74,0,74,135
05/29/2022,ALW,WA,ANM,WE,Federal Contract Tower,2,0,9,0,11,0,1,0,0,1,2,1,9,0,12,0,0,0,12
05/30/2022,ALW,WA,ANM,WE,Federal Contract Tower,2,3,15,0,20,0,7,35,0,42,2,10,50,0,62,54,0,54,116
05/31/2022,ALW,WA,ANM,WE,Federal Contract Tower,2,6,17,0,25,0,2,52,4,58,2,8,69,4,83,80,0,80,163
06/01/2022,ALW,WA,ANM,WE,Federal Contract Tower,2,3,15,0,20,0,4,51,0,55,2,7,66,0,75,122,0,122,197
06/02/2022,ALW,WA,ANM,WE,Federal Contract Tower,2,3,7,0,12,0,3,27,0,30,2,6,34,0,42,30,0,30,72
06/03/2022,ALW,WA,ANM,WE,Federal Contract Tower,2,4,8,0,14,0,3,39,0,42,2,7,47,0,56,24,0,24,80
06/04/2022,ALW,WA,ANM,WE,Federal Contract Tower,2,1,3,0,6,0,2,21,0,23,2,3,24,0,29,38,0,38,67
06/05/2022,ALW,WA,ANM,WE,Federal Contract Tower,2,0,7,0,9,0,0,98,0,98,2,0,105,0,107,2,0,2,109
06/06/2022,ALW,WA,ANM,WE,Federal Contract Tower,2,2,2,0,6,0,4,35,0,39,2,6,37,0,45,82,0,82,127
06/07/2022,ALW,WA,ANM,WE,Federal Contract Tower,2,4,8,0,14,0,4,49,0,53,2,8,57,0,67,42,0,42,109
06/08/2022,ALW,WA,ANM,WE,Federal Contract Tower,2,3,4,0,9,0,3,43,0,46,2,6,47,0,55,56,0,56,111
06/09/2022,ALW,WA,ANM,WE,Federal Contract Tower,2,4,9,0,15,0,0,48,0,48,2,4,57,0,63,102,0,102,165
06/10/2022,ALW,WA,ANM,WE,Federal Contract Tower,2,2,12,0,16,0,3,14,0,17,2,5,26,0,33,20,0,20,53
06/11/2022,ALW,WA,ANM,WE,Federal Contract Tower,2,2,2,0,6,0,0,19,0,19,2,2,21,0,25,2,0,2,27
06/12/2022,ALW,WA,ANM,WE,Federal Contract Tower,2,1,6,0,9,0,0,3,16,19,2,1,9,16,28,56,0,56,84
06/13/2022,ALW,WA,ANM,WE,Federal Contract Tower,2,6,6,0,14,0,1,2,0,3,2,7,8,0,17,28,0,28,45
06/14/2022,ALW,WA,ANM,WE,Federal Contract Tower,2,3,2,0,7,0,1,1,0,2,2,4,3,0,9,6,0,6,15
06/15/2022,ALW,WA,ANM,WE,Federal Contract Tower,2,4,7,0,13,0,2,58,0,60,2,6,65,0,73,76,0,76,149
06/16/2022,ALW,WA,ANM,WE,Federal Contract Tower,2,3,8,0,13,0,4,45,0,49,2,7,53,0,62,40,0,40,102
06/17/2022,ALW,WA,ANM,WE,Federal Contract Tower,2,3,15,0,20,0,3,40,0,43,2,6,55,0,63,28,0,28,91
06/18/2022,ALW,WA,ANM,WE,Federal Contract Tower,2,2,25,0,29,0,0,40,0,40,2,2,65,0,69,54,0,54,123
06/19/2022,ALW,WA,ANM,WE,Federal Contract Tower,2,2,3,0,7,0,4,48,0,52,2,6,51,0,59,2,0,2,61
06/20/2022,ALW,WA,ANM,WE,Federal Contract Tower,2,8,7,0,17,0,2,40,2,44,2,10,47,2,61,78,2,80,141
06/21/2022,ALW,WA,ANM,WE,Federal Contract Tower,2,2,4,0,8,0,8,25,0,33,2,10,29,0,41,38,0,38,79
06/22/2022,ALW,WA,ANM,WE,Federal Contract Tower,2,6,13,0,21,0,0,54,0,54,2,6,67,0,75,56,0,56,131
06/23/2022,ALW,WA,ANM,WE,Federal Contract Tower,3,5,3,0,11,0,8,39,0,47,3,13,42,0,58,50,0,50,108
06/24/2022,ALW,WA,ANM,WE,Federal Contract Tower,2,2,12,0,16,0,4,59,0,63,2,6,71,0,79,88,0,88,167
06/25/2022,ALW,WA,ANM,WE,Federal Contract Tower,2,0,1,0,3,0,3,39,0,42,2,3,40,0,45,26,0,26,71
06/26/2022,ALW,WA,ANM,WE,Federal Contract Tower,2,1,12,0,15,0,6,65,0,71,2,7,77,0,86,53,0,53,139
06/27/2022,ALW,WA,ANM,WE,Federal Contract Tower,2,2,11,0,15,0,6,20,0,26,2,8,31,0,41,62,0,62,103
06/28/2022,ALW,WA,ANM,WE,Federal Contract Tower,2,2,7,0,11,0,1,52,0,53,2,3,59,0,64,52,0,52,116
06/29/2022,ALW,WA,ANM,WE,Federal Contract Tower,2,3,14,0,19,0,0,58,0,58,2,3,72,0,77,80,0,80,157
06/30/2022,ALW,WA,ANM,WE,Federal Contract Tower,2,2,13,0,17,0,0,62,0,62,2,2,75,0,79,70,0,70,149
07/01/2022,ALW,WA,ANM,WE,Federal Contract Tower,2,3,7,0,12,0,5,86,0,91,2,8,93,0,103,98,0,98,201
07/02/2022,ALW,WA,ANM,WE,Federal Contract Tower,2,0,3,0,5,0,2,38,0,40,2,2,41,0,45,18,0,18,63
07/03/2022,ALW,WA,ANM,WE,Federal Contract Tower,2,2,0,0,4,0,3,25,0,28,2,5,25,0,32,46,0,46,78
07/04/2022,ALW,WA,ANM,WE,Federal Contract Tower,2,0,7,0,9,0,2,29,0,31,2,2,36,0,40,70,0,70,110
07/05/2022,ALW,WA,ANM,WE,Federal Contract Tower,2,3,2,0,7,0,1,56,0,57,2,4,58,0,64,156,0,156,220
07/06/2022,ALW,WA,ANM,WE,Federal Contract Tower,2,2,6,0,10,0,4,64,0,68,2,6,70,0,78,100,0,100,178
07/07/2022,ALW,WA,ANM,WE,Federal Contract Tower,2,3,9,0,14,0,4,50,0,54,2,7,59,0,68,112,0,112,180
07/08/2022,ALW,WA,ANM,WE,Federal Contract Tower,2,5,5,0,12,0,1,48,0,49,2,6,53,0,61,92,0,92,153
07/09/2022,ALW,WA,ANM,WE,Federal Contract Tower,2,2,3,0,7,0,1,39,0,40,2,3,42,0,47,36,0,36,83
07/10/2022,ALW,WA,ANM,WE,Federal Contract Tower,2,2,12,0,16,0,1,45,0,46,2,3,57,0,62,44,0,44,106
07/11/2022,ALW,WA,ANM,WE,Federal Contract Tower,2,2,1,0,5,0,1,55,0,56,2,3,56,0,61,124,0,124,185
07/12/2022,ALW,WA,ANM,WE,Federal Contract Tower,2,2,6,0,10,0,4,53,4,61,2,6,59,4,71,78,0,78,149
07/13/2022,ALW,WA,ANM,WE,Federal Contract Tower,2,3,10,2,17,0,8,44,0,52,2,11,54,2,69,126,0,126,195
07/14/2022,ALW,WA,ANM,WE,Federal Contract Tower,2,4,4,0,10,0,0,43,0,43,2,4,47,0,53,72,0,72,125
07/15/2022,ALW,WA,ANM,WE,Federal Contract Tower,2,4,5,0,11,0,6,35,0,41,2,10,40,0,52,84,0,84,136
07/16/2022,ALW,WA,ANM,WE,Federal Contract Tower,2,0,4,0,6,0,9,35,0,44,2,9,39,0,50,34,0,34,84
07/17/2022,ALW,WA,ANM,WE,Federal Contract Tower,2,1,1,0,4,0,6,42,0,48,2,7,43,0,52,66,0,66,118
07/18/2022,ALW,WA,ANM,WE,Federal Contract Tower,2,5,3,0,10,0,7,42,0,49,2,12,45,0,59,34,0,34,93
07/19/2022,ALW,WA,ANM,WE,Federal Contract Tower,2,7,3,0,12,0,7,54,0,61,2,14,57,0,73,50,0,50,123
07/20/2022,ALW,WA,ANM,WE,Federal Contract Tower,2,1,4,0,7,0,4,38,0,42,2,5,42,0,49,46,0,46,95
07/21/2022,ALW,WA,ANM,WE,Federal Contract Tower,2,2,4,0,8,0,7,37,0,44,2,9,41,0,52,112,0,112,164
07/22/2022,ALW,WA,ANM,WE,Federal Contract Tower,2,3,2,0,7,0,3,36,0,39,2,6,38,0,46,74,0,74,120
07/23/2022,ALW,WA,ANM,WE,Federal Contract Tower,2,2,5,0,9,0,4,42,0,46,2,6,47,0,55,78,0,78,133
07/24/2022,ALW,WA,ANM,WE,Federal Contract Tower,2,0,3,0,5,0,3,29,0,32,2,3,32,0,37,106,4,110,147
07/25/2022,ALW,WA,ANM,WE,Federal Contract Tower,2,2,9,0,13,0,2,38,0,40,2,4,47,0,53,134,0,134,187
07/26/2022,ALW,WA,ANM,WE,Federal Contract Tower,2,2,17,0,21,0,2,39,0,41,2,4,56,0,62,92,0,92,154
07/27/2022,ALW,WA,ANM,WE,Federal Contract Tower,2,3,9,0,14,0,0,45,0,45,2,3,54,0,59,70,0,70,129
07/28/2022,ALW,WA,ANM,WE,Federal Contract Tower,2,6,7,0,15,0,3,19,0,22,2,9,26,0,37,88,0,88,125
07/29/2022,ALW,WA,ANM,WE,Federal Contract Tower,2,2,2,0,6,0,0,35,0,35,2,2,37,0,41,88,0,88,129
07/30/2022,ALW,WA,ANM,WE,Federal Contract Tower,2,0,3,0,5,0,3,42,0,45,2,3,45,0,50,28,0,28,78
07/31/2022,ALW,WA,ANM,WE,Federal Contract Tower,2,0,7,0,9,0,5,32,0,37,2,5,39,0,46,94,0,94,140
08/01/2022,ALW,WA,ANM,WE,Federal Contract Tower,2,2,1,0,5,0,0,35,0,35,2,2,36,0,40,160,0,160,200
08/02/2022,ALW,WA,ANM,WE,Federal Contract Tower,2,2,2,0,6,0,0,36,0,36,2,2,38,0,42,132,0,132,174
08/03/2022,ALW,WA,ANM,WE,Federal Contract Tower,2,2,11,0,15,0,12,34,0,46,2,14,45,0,61,118,0,118,179
08/04/2022,ALW,WA,ANM,WE,Federal Contract Tower,2,3,12,0,17,0,4,35,0,39,2,7,47,0,56,106,0,106,162
08/05/2022,ALW,WA,ANM,WE,Federal Contract Tower,2,2,4,0,8,0,7,45,0,52,2,9,49,0,60,154,0,154,214
08/06/2022,ALW,WA,ANM,WE,Federal Contract Tower,2,1,3,4,10,0,1,26,0,27,2,2,29,4,37,14,0,14,51
08/07/2022,ALW,WA,ANM,WE,Federal Contract Tower,2,0,13,0,15,0,0,38,0,38,2,0,51,0,53,42,0,42,95
08/08/2022,ALW,WA,ANM,WE,Federal Contract Tower,2,0,5,0,7,0,2,36,0,38,2,2,41,0,45,116,0,116,161
08/09/2022,ALW,WA,ANM,WE,Federal Contract Tower,2,3,6,0,11,0,0,23,0,23,2,3,29,0,34,76,0,76,110
08/10/2022,ALW,WA,ANM,WE,Federal Contract Tower,2,2,8,0,12,0,0,49,0,49,2,2,57,0,61,64,0,64,125
08/11/2022,ALW,WA,ANM,WE,Federal Contract Tower,2,6,5,0,13,0,0,44,0,44,2,6,49,0,57,131,0,131,188
08/12/2022,ALW,WA,ANM,WE,Federal Contract Tower,2,1,13,0,16,0,2,54,0,56,2,3,67,0,72,96,0,96,168
08/13/2022,ALW,WA,ANM,WE,Federal Contract Tower,2,0,0,0,2,0,4,27,0,31,2,4,27,0,33,118,0,118,151
08/14/2022,ALW,WA,ANM,WE,Federal Contract Tower,2,3,4,0,9,0,2,76,0,78,2,5,80,0,87,124,0,124,211
08/15/2022,ALW,WA,ANM,WE,Federal Contract Tower,2,2,3,0,7,0,4,48,0,52,2,6,51,0,59,110,0,110,169
08/16/2022,ALW,WA,ANM,WE,Federal Contract Tower,2,5,2,0,9,0,0,36,0,36,2,5,38,0,45,74,0,74,119
08/17/2022,ALW,WA,ANM,WE,Federal Contract Tower,1,3,2,0,6,0,0,35,0,35,1,3,37,0,41,14,0,14,55
08/18/2022,ALW,WA,ANM,WE,Federal Contract Tower,2,2,3,0,7,0,2,14,0,16,2,4,17,0,23,58,0,58,81
08/19/2022,ALW,WA,ANM,WE,Federal Contract Tower,2,6,4,0,12,0,1,27,0,28,2,7,31,0,40,12,0,12,52
08/20/2022,ALW,WA,ANM,WE,Federal Contract Tower,2,2,3,0,7,0,2,34,0,36,2,4,37,0,43,12,0,12,55
08/21/2022,ALW,WA,ANM,WE,Federal Contract Tower,2,0,5,0,7,0,3,53,0,56,2,3,58,0,63,50,0,50,113
08/22/2022,ALW,WA,ANM,WE,Federal Contract Tower,2,2,10,0,14,0,1,42,0,43,2,3,52,0,57,98,0,98,155
08/23/2022,ALW,WA,ANM,WE,Federal Contract Tower,2,3,7,0,12,0,0,40,0,40,2,3,47,0,52,92,0,92,144
08/24/2022,ALW,WA,ANM,WE,Federal Contract Tower,2,3,3,0,8,0,4,23,0,27,2,7,26,0,35,6,0,6,41
08/25/2022,ALW,WA,ANM,WE,Federal Contract Tower,2,4,6,0,12,0,5,37,0,42,2,9,43,0,54,38,0,38,92
08/26/2022,ALW,WA,ANM,WE,Federal Contract Tower,2,3,6,0,11,0,0,35,0,35,2,3,41,0,46,32,0,32,78
08/27/2022,ALW,WA,ANM,WE,Federal Contract Tower,2,0,4,0,6,0,4,14,0,18,2,4,18,0,24,8,0,8,32
08/28/2022,ALW,WA,ANM,WE,Federal Contract Tower,2,2,8,0,12,0,1,37,0,38,2,3,45,0,50,34,0,34,84
08/29/2022,ALW,WA,ANM,WE,Federal Contract Tower,2,2,1,0,5,0,1,19,0,20,2,3,20,0,25,56,0,56,81
08/30/2022,ALW,WA,ANM,WE,Federal Contract Tower,2,3,0,0,5,0,1,20,0,21,2,4,20,0,26,0,0,0,26
08/31/2022,ALW,WA,ANM,WE,Federal Contract Tower,2,3,10,0,15,0,0,44,0,44,2,3,54,0,59,52,0,52,111
09/01/2022,ALW,WA,ANM,WE,Federal Contract Tower,2,6,2,0,10,0,0,27,0,27,2,6,29,0,37,52,0,52,89
09/02/2022,ALW,WA,ANM,WE,Federal Contract Tower,2,4,2,0,8,0,7,31,2,40,2,11,33,2,48,6,0,6,54
09/03/2022,ALW,WA,ANM,WE,Federal Contract Tower,2,0,4,0,6,0,5,10,0,15,2,5,14,0,21,22,0,22,43
09/04/2022,ALW,WA,ANM,WE,Federal Contract Tower,2,3,1,0,6,0,2,28,0,30,2,5,29,0,36,16,0,16,52
09/05/2022,ALW,WA,ANM,WE,Federal Contract Tower,2,0,6,0,8,0,5,30,0,35,2,5,36,0,43,62,0,62,105
09/06/2022,ALW,WA,ANM,WE,Federal Contract Tower,2,5,1,0,8,0,3,26,0,29,2,8,27,0,37,42,0,42,79
09/07/2022,ALW,WA,ANM,WE,Federal Contract Tower,2,7,2,0,11,0,14,25,0,39,2,21,27,0,50,58,0,58,108
09/08/2022,ALW,WA,ANM,WE,Federal Contract Tower,2,4,8,0,14,0,3,31,0,34,2,7,39,0,48,50,0,50,98
09/09/2022,ALW,WA,ANM,WE,Federal Contract Tower,2,2,6,0,10,0,5,25,0,30,2,7,31,0,40,48,0,48,88
09/10/2022,ALW,WA,ANM,WE,Federal Contract Tower,2,0,4,0,6,0,13,24,0,37,2,13,28,0,43,16,0,16,59
09/11/2022,ALW,WA,ANM,WE,Federal Contract Tower,2,0,15,0,17,0,0,19,0,19,2,0,34,0,36,18,0,18,54
09/13/2022,ALW,WA,ANM,WE,Federal Contract Tower,2,5,8,0,15,0,0,11,0,11,2,5,19,0,26,30,0,30,56
09/14/2022,ALW,WA,ANM,WE,Federal Contract Tower,2,4,11,0,17,0,0,25,2,27,2,4,36,2,44,22,0,22,66
09/15/2022,ALW,WA,ANM,WE,Federal Contract Tower,2,6,7,0,15,0,0,35,0,35,2,6,42,0,50,56,0,56,106
09/16/2022,ALW,WA,ANM,WE,Federal Contract Tower,2,5,6,0,13,0,0,13,0,13,2,5,19,0,26,16,0,16,42
09/17/2022,ALW,WA,ANM,WE,Federal Contract Tower,2,0,7,0,9,0,7,15,0,22,2,7,22,0,31,24,0,24,55
09/18/2022,ALW,WA,ANM,WE,Federal Contract Tower,2,2,9,0,13,0,1,25,0,26,2,3,34,0,39,30,0,30,69
09/19/2022,ALW,WA,ANM,WE,Federal Contract Tower,2,4,4,0,10,0,5,17,0,22,2,9,21,0,32,36,0,36,68
09/20/2022,ALW,WA,ANM,WE,Federal Contract Tower,2,1,6,0,9,0,3,30,0,33,2,4,36,0,42,18,0,18,60
09/21/2022,ALW,WA,ANM,WE,Federal Contract Tower,2,1,4,0,7,0,3,18,0,21,2,4,22,0,28,22,0,22,50
09/22/2022,ALW,WA,ANM,WE,Federal Contract Tower,2,3,6,0,11,0,0,9,0,9,2,3,15,0,20,40,0,40,60
09/23/2022,ALW,WA,ANM,WE,Federal Contract Tower,2,2,7,0,11,0,4,31,0,35,2,6,38,0,46,48,0,48,94
09/25/2022,ALW,WA,ANM,WE,Federal Contract Tower,2,0,7,0,9,0,1,26,0,27,2,1,33,0,36,32,0,32,68
09/26/2022,ALW,WA,ANM,WE,Federal Contract Tower,2,1,3,0,6,0,1,30,0,31,2,2,33,0,37,12,0,12,49
09/27/2022,ALW,WA,ANM,WE,Federal Contract Tower,2,3,0,0,5,0,1,35,0,36,2,4,35,0,41,56,0,56,97
09/28/2022,ALW,WA,ANM,WE,Federal Contract Tower,3,6,6,0,15,0,4,31,0,35,3,10,37,0,50,46,0,46,96
09/29/2022,ALW,WA,ANM,WE,Federal Contract Tower,2,4,4,0,10,0,0,33,0,33,2,4,37,0,43,80,0,80,123
09/30/2022,ALW,WA,ANM,WE,Federal Contract Tower,2,4,7,0,13,0,13,52,0,65,2,17,59,0,78,52,0,52,130
10/01/2022,ALW,WA,ANM,WE,Federal Contract Tower,2,5,8,0,15,0,7,36,0,43,2,12,44,0,58,50,0,50,108
10/02/2022,ALW,WA,ANM,WE,Federal Contract Tower,2,6,21,0,29,0,3,50,0,53,2,9,71,0,82,20,0,20,102
10/03/2022,ALW,WA,ANM,WE,Federal Contract Tower,2,2,5,0,9,0,5,48,4,57,2,7,53,4,66,86,0,86,152
10/04/2022,ALW,WA,ANM,WE,Federal Contract Tower,2,4,6,3,15,0,0,52,0,52,2,4,58,3,67,102,0,102,169
10/05/2022,ALW,WA,ANM,WE,Federal Contract Tower,2,2,10,0,14,0,6,44,0,50,2,8,54,0,64,112,0,112,176
10/06/2022,ALW,WA,ANM,WE,Federal Contract Tower,2,2,2,0,6,0,3,54,0,57,2,5,56,0,63,96,0,96,159
10/07/2022,ALW,WA,ANM,WE,Federal Contract Tower,2,2,3,0,7,0,2,75,0,77,2,4,78,0,84,98,0,98,182
10/08/2022,ALW,WA,ANM,WE,Federal Contract Tower,2,0,9,0,11,0,5,45,0,50,2,5,54,0,61,16,0,16,77
10/09/2022,ALW,WA,ANM,WE,Federal Contract Tower,2,0,12,0,14,0,0,54,0,54,2,0,66,0,68,38,0,38,106
10/10/2022,ALW,WA,ANM,WE,Federal Contract Tower,2,1,6,0,9,0,0,32,0,32,2,1,38,0,41,70,0,70,111
10/11/2022,ALW,WA,ANM,WE,Federal Contract Tower,2,2,2,0,6,0,1,52,0,53,2,3,54,0,59,94,0,94,153
10/12/2022,ALW,WA,ANM,WE,Federal Contract Tower,2,2,8,0,12,0,0,63,0,63,2,2,71,0,75,50,0,50,125
10/13/2022,ALW,WA,ANM,WE,Federal Contract Tower,2,1,7,0,10,0,8,89,0,97,2,9,96,0,107,108,0,108,215
10/14/2022,ALW,WA,ANM,WE,Federal Contract Tower,2,4,8,0,14,0,13,62,0,75,2,17,70,0,89,46,0,46,135
10/15/2022,ALW,WA,ANM,WE,Federal Contract Tower,2,0,16,0,18,0,3,56,0,59,2,3,72,0,77,48,0,48,125
10/16/2022,ALW,WA,ANM,WE,Federal Contract Tower,2,1,9,0,12,0,6,24,0,30,2,7,33,0,42,78,0,78,120
10/17/2022,ALW,WA,ANM,WE,Federal Contract Tower,2,5,3,0,10,0,1,42,0,43,2,6,45,0,53,106,0,106,159
10/18/2022,ALW,WA,ANM,WE,Federal Contract Tower,2,3,4,0,9,0,0,50,0,50,2,3,54,0,59,76,0,76,135
10/19/2022,ALW,WA,ANM,WE,Federal Contract Tower,2,6,10,0,18,0,4,40,0,44,2,10,50,0,62,102,0,102,164
10/20/2022,ALW,WA,ANM,WE,Federal Contract Tower,2,4,16,0,22,0,7,56,0,63,2,11,72,0,85,74,0,74,159
10/21/2022,ALW,WA,ANM,WE,Federal Contract Tower,2,11,13,0,26,0,4,10,0,14,2,15,23,0,40,70,0,70,110
10/22/2022,ALW,WA,ANM,WE,Federal Contract Tower,2,6,12,0,20,0,0,14,0,14,2,6,26,0,34,50,0,50,84
10/23/2022,ALW,WA,ANM,WE,Federal Contract Tower,2,5,7,0,14,0,4,42,0,46,2,9,49,0,60,64,0,64,124
10/24/2022,ALW,WA,ANM,WE,Federal Contract Tower,2,4,3,2,11,0,0,9,0,9,2,4,12,2,20,66,0,66,86
10/25/2022,ALW,WA,ANM,WE,Federal Contract Tower,2,6,8,0,16,0,1,25,0,26,2,7,33,0,42,92,0,92,134
10/26/2022,ALW,WA,ANM,WE,Federal Contract Tower,2,2,5,0,9,0,9,20,0,29,2,11,25,0,38,74,0,74,112
10/27/2022,ALW,WA,ANM,WE,Federal Contract Tower,2,2,13,1,18,0,0,54,3,57,2,2,67,4,75,54,14,68,143
10/28/2022,ALW,WA,ANM,WE,Federal Contract Tower,2,2,11,0,15,0,0,28,0,28,2,2,39,0,43,50,0,50,93
10/29/2022,ALW,WA,ANM,WE,Federal Contract Tower,2,0,2,0,4,0,6,42,0,48,2,6,44,0,52,36,0,36,88
10/30/2022,ALW,WA,ANM,WE,Federal Contract Tower,2,0,7,0,9,0,0,20,0,20,2,0,27,0,29,24,0,24,53
10/31/2022,ALW,WA,ANM,WE,Federal Contract Tower,2,5,3,0,10,0,2,24,0,26,2,7,27,0,36,64,0,64,100
11/01/2022,ALW,WA,ANM,WE,Federal Contract Tower,2,4,11,0,17,0,0,0,0,0,2,4,11,0,17,0,0,0,17
11/02/2022,ALW,WA,ANM,WE,Federal Contract Tower,2,2,5,0,9,0,1,25,0,26,2,3,30,0,35,36,0,36,71
11/03/2022,ALW,WA,ANM,WE,Federal Contract Tower,2,5,4,0,11,0,0,33,0,33,2,5,37,0,44,110,0,110,154
11/04/2022,ALW,WA,ANM,WE,Federal Contract Tower,2,7,2,0,11,0,1,0,0,1,2,8,2,0,12,0,0,0,12
11/05/2022,ALW,WA,ANM,WE,Federal Contract Tower,2,3,1,0,6,0,0,3,0,3,2,3,4,0,9,0,0,0,9
11/06/2022,ALW,WA,ANM,WE,Federal Contract Tower,2,1,3,0,6,0,0,10,0,10,2,1,13,0,16,4,0,4,20
11/07/2022,ALW,WA,ANM,WE,Federal Contract Tower,2,4,16,0,22,0,1,44,2,47,2,5,60,2,69,136,0,136,205
11/08/2022,ALW,WA,ANM,WE,Federal Contract Tower,2,6,0,0,8,0,0,6,0,6,2,6,6,0,14,0,0,0,14
11/09/2022,ALW,WA,ANM,WE,Federal Contract Tower,2,2,10,0,14,0,0,59,0,59,2,2,69,0,73,114,0,114,187
11/10/2022,ALW,WA,ANM,WE,Federal Contract Tower,2,2,5,0,9,0,4,43,0,47,2,6,48,0,56,76,0,76,132
11/11/2022,ALW,WA,ANM,WE,Federal Contract Tower,2,4,2,0,8,0,0,0,0,0,2,4,2,0,8,0,0,0,8
11/12/2022,ALW,WA,ANM,WE,Federal Contract Tower,2,1,3,0,6,0,6,37,0,43,2,7,40,0,49,28,0,28,77
11/13/2022,ALW,WA,ANM,WE,Federal Contract Tower,2,2,4,0,8,0,3,30,0,33,2,5,34,0,41,136,0,136,177
11/14/2022,ALW,WA,ANM,WE,Federal Contract Tower,2,3,5,0,10,0,0,3,0,3,2,3,8,0,13,0,0,0,13
11/15/2022,ALW,WA,ANM,WE,Federal Contract Tower,2,2,0,0,4,0,0,0,0,0,2,2,0,0,4,0,0,0,4
11/16/2022,ALW,WA,ANM,WE,Federal Contract Tower,2,6,3,0,11,0,0,0,0,0,2,6,3,0,11,0,0,0,11
11/17/2022,ALW,WA,ANM,WE,Federal Contract Tower,2,7,4,0,13,0,0,0,0,0,2,7,4,0,13,0,0,0,13
11/18/2022,ALW,WA,ANM,WE,Federal Contract Tower,2,2,17,0,21,0,2,10,0,12,2,4,27,0,33,112,0,112,145
11/19/2022,ALW,WA,ANM,WE,Federal Contract Tower,4,0,0,0,4,0,0,0,0,0,4,0,0,0,4,0,0,0,4
11/20/2022,ALW,WA,ANM,WE,Federal Contract Tower,4,4,4,0,12,0,0,0,0,0,4,4,4,0,12,0,0,0,12
11/21/2022,ALW,WA,ANM,WE,Federal Contract Tower,2,2,4,0,8,0,0,0,0,0,2,2,4,0,8,0,0,0,8
11/22/2022,ALW,WA,ANM,WE,Federal Contract Tower,2,1,0,0,3,0,0,0,0,0,2,1,0,0,3,0,0,0,3
11/23/2022,ALW,WA,ANM,WE,Federal Contract Tower,0,3,7,0,10,0,0,33,0,33,0,3,40,0,43,50,0,50,93
11/24/2022,ALW,WA,ANM,WE,Federal Contract Tower,0,0,2,0,2,0,0,0,0,0,0,0,2,0,2,0,0,0,2
11/25/2022,ALW,WA,ANM,WE,Federal Contract Tower,2,3,11,0,16,0,0,3,0,3,2,3,14,0,19,4,0,4,23
11/26/2022,ALW,WA,ANM,WE,Federal Contract Tower,2,0,4,0,6,0,0,25,0,25,2,0,29,0,31,8,0,8,39
11/27/2022,ALW,WA,ANM,WE,Federal Contract Tower,2,0,2,0,4,0,0,16,0,16,2,0,18,0,20,16,0,16,36
11/28/2022,ALW,WA,ANM,WE,Federal Contract Tower,2,2,1,0,5,0,2,4,0,6,2,4,5,0,11,10,0,10,21
11/29/2022,ALW,WA,ANM,WE,Federal Contract Tower,2,2,3,0,7,0,6,26,0,32,2,8,29,0,39,92,0,92,131
11/30/2022,ALW,WA,ANM,WE,Federal Contract Tower,2,4,5,0,11,0,0,9,0,9,2,4,14,0,20,8,0,8,28
12/01/2022,ALW,WA,ANM,WE,Federal Contract Tower,0,3,4,0,7,0,2,35,0,37,0,5,39,0,44,114,0,114,158
12/02/2022,ALW,WA,ANM,WE,Federal Contract Tower,2,5,4,0,11,0,8,44,0,52,2,13,48,0,63,32,0,32,95
12/03/2022,ALW,WA,ANM,WE,Federal Contract Tower,2,2,2,0,6,0,2,14,0,16,2,4,16,0,22,8,0,8,30
12/04/2022,ALW,WA,ANM,WE,Federal Contract Tower,2,2,2,0,6,0,0,0,0,0,2,2,2,0,6,0,0,0,6
12/05/2022,ALW,WA,ANM,WE,Federal Contract Tower,2,5,2,0,9,0,0,0,0,0,2,5,2,0,9,0,0,0,9
12/06/2022,ALW,WA,ANM,WE,Federal Contract Tower,2,3,4,0,9,0,1,25,0,26,2,4,29,0,35,50,0,50,85
12/07/2022,ALW,WA,ANM,WE,Federal Contract Tower,0,0,2,0,2,0,0,0,0,0,0,0,2,0,2,0,0,0,2
12/08/2022,ALW,WA,ANM,WE,Federal Contract Tower,2,8,1,0,11,0,0,13,0,13,2,8,14,0,24,42,0,42,66
12/09/2022,ALW,WA,ANM,WE,Federal Contract Tower,2,8,24,0,34,0,0,26,0,26,2,8,50,0,60,100,0,100,160
12/10/2022,ALW,WA,ANM,WE,Federal Contract Tower,2,0,0,0,2,0,3,0,0,3,2,3,0,0,5,0,0,0,5
12/11/2022,ALW,WA,ANM,WE,Federal Contract Tower,2,6,0,0,8,0,0,0,0,0,2,6,0,0,8,0,0,0,8
12/12/2022,ALW,WA,ANM,WE,Federal Contract Tower,2,4,3,0,9,0,0,6,0,6,2,4,9,0,15,10,0,10,25
12/13/2022,ALW,WA,ANM,WE,Federal Contract Tower,2,8,3,0,13,0,0,25,0,25,2,8,28,0,38,62,0,62,100
12/14/2022,ALW,WA,ANM,WE,Federal Contract Tower,2,6,2,0,10,0,0,0,0,0,2,6,2,0,10,0,0,0,10
12/15/2022,ALW,WA,ANM,WE,Federal Contract Tower,2,2,2,0,6,0,0,0,0,0,2,2,2,0,6,0,0,0,6
12/16/2022,ALW,WA,ANM,WE,Federal Contract Tower,2,2,3,0,7,0,0,0,2,2,2,2,3,2,9,42,0,42,51
12/17/2022,ALW,WA,ANM,WE,Federal Contract Tower,2,4,2,0,8,0,0,2,0,2,2,4,4,0,10,4,0,4,14
12/18/2022,ALW,WA,ANM,WE,Federal Contract Tower,2,0,9,0,11,0,0,5,0,5,2,0,14,0,16,14,0,14,30
12/20/2022,ALW,WA,ANM,WE,Federal Contract Tower,2,4,5,0,11,0,0,0,0,0,2,4,5,0,11,0,0,0,11
12/21/2022,ALW,WA,ANM,WE,Federal Contract Tower,2,6,0,0,8,0,0,0,0,0,2,6,0,0,8,0,0,0,8
12/22/2022,ALW,WA,ANM,WE,Federal Contract Tower,2,4,4,0,10,0,0,4,0,4,2,4,8,0,14,4,0,4,18
12/23/2022,ALW,WA,ANM,WE,Federal Contract Tower,0,2,1,0,3,0,0,0,0,0,0,2,1,0,3,0,0,0,3
12/24/2022,ALW,WA,ANM,WE,Federal Contract Tower,0,1,3,0,4,0,0,0,0,0,0,1,3,0,4,0,0,0,4
12/25/2022,ALW,WA,ANM,WE,Federal Contract Tower,2,3,0,0,5,0,0,0,0,0,2,3,0,0,5,0,0,0,5
12/26/2022,ALW,WA,ANM,WE,Federal Contract Tower,2,1,2,0,5,0,0,0,0,0,2,1,2,0,5,0,0,0,5
12/27/2022,ALW,WA,ANM,WE,Federal Contract Tower,2,0,4,0,6,0,0,9,0,9,2,0,13,0,15,12,0,12,27
12/28/2022,ALW,WA,ANM,WE,Federal Contract Tower,2,5,5,0,12,0,0,13,0,13,2,5,18,0,25,28,0,28,53
12/29/2022,ALW,WA,ANM,WE,Federal Contract Tower,2,8,3,0,13,0,3,13,0,16,2,11,16,0,29,20,0,20,49
12/30/2022,ALW,WA,ANM,WE,Federal Contract Tower,2,10,0,0,12,0,0,15,0,15,2,10,15,0,27,24,0,24,51
12/31/2022,ALW,WA,ANM,WE,Federal Contract Tower,2,2,5,0,9,0,0,15,0,15,2,2,20,0,24,10,0,10,34
01/01/2023,ALW,WA,ANM,WE,Federal Contract Tower,2,0,0,0,2,0,0,0,0,0,2,0,0,0,2,0,0,0,2
01/02/2023,ALW,WA,ANM,WE,Federal Contract Tower,2,2,1,0,5,0,0,2,0,2,2,2,3,0,7,0,0,0,7
01/03/2023,ALW,WA,ANM,WE,Federal Contract Tower,2,2,0,0,4,0,0,17,0,17,2,2,17,0,21,34,0,34,55
01/04/2023,ALW,WA,ANM,WE,Federal Contract Tower,2,0,1,0,3,0,0,0,0,0,2,0,1,0,3,0,0,0,3
01/05/2023,ALW,WA,ANM,WE,Federal Contract Tower,2,2,6,0,10,0,2,12,0,14,2,4,18,0,24,44,0,44,68
01/06/2023,ALW,WA,ANM,WE,Federal Contract Tower,2,2,8,0,12,0,0,73,0,73,2,2,81,0,85,92,0,92,177
01/07/2023,ALW,WA,ANM,WE,Federal Contract Tower,2,0,2,0,4,0,0,2,0,2,2,0,4,0,6,0,0,0,6
01/08/2023,ALW,WA,ANM,WE,Federal Contract Tower,2,2,0,0,4,0,0,0,0,0,2,2,0,0,4,0,0,0,4
01/09/2023,ALW,WA,ANM,WE,Federal Contract Tower,2,5,1,0,8,0,0,3,0,3,2,5,4,0,11,14,0,14,25
01/11/2023,ALW,WA,ANM,WE,Federal Contract Tower,2,2,8,0,12,0,0,41,0,41,2,2,49,0,53,100,0,100,153
01/12/2023,ALW,WA,ANM,WE,Federal Contract Tower,2,3,2,0,7,0,0,12,0,12,2,3,14,0,19,28,0,28,47
01/13/2023,ALW,WA,ANM,WE,Federal Contract Tower,2,2,3,0,7,0,0,0,0,0,2,2,3,0,7,0,0,0,7
01/14/2023,ALW,WA,ANM,WE,Federal Contract Tower,2,3,11,0,16,0,0,30,0,30,2,3,41,0,46,50,0,50,96
01/15/2023,ALW,WA,ANM,WE,Federal Contract Tower,2,0,4,0,6,0,0,17,0,17,2,0,21,0,23,106,0,106,129
01/16/2023,ALW,WA,ANM,WE,Federal Contract Tower,2,2,9,0,13,0,2,45,0,47,2,4,54,0,60,126,0,126,186
01/17/2023,ALW,WA,ANM,WE,Federal Contract Tower,2,3,7,0,12,0,0,33,0,33,2,3,40,0,45,130,0,130,175
01/18/2023,ALW,WA,ANM,WE,Federal Contract Tower,2,2,3,0,7,0,0,15,0,15,2,2,18,0,22,92,0,92,114
01/19/2023,ALW,WA,ANM,WE,Federal Contract Tower,2,2,3,0,7,0,0,60,0,60,2,2,63,0,67,86,0,86,153
01/20/2023,ALW,WA,ANM,WE,Federal Contract Tower,2,4,6,0,12,0,4,58,0,62,2,8,64,0,74,134,0,134,208
01/21/2023,ALW,WA,ANM,WE,Federal Contract Tower,2,0,0,0,2,0,0,0,0,0,2,0,0,0,2,12,0,12,14
01/22/2023,ALW,WA,ANM,WE,Federal Contract Tower,2,0,1,0,3,0,3,23,0,26,2,3,24,0,29,52,0,52,81
01/23/2023,ALW,WA,ANM,WE,Federal Contract Tower,2,2,2,1,7,0,2,31,1,34,2,4,33,2,41,96,0,96,137
01/24/2023,ALW,WA,ANM,WE,Federal Contract Tower,2,6,7,0,15,0,1,29,0,30,2,7,36,0,45,54,0,54,99
01/25/2023,ALW,WA,ANM,WE,Federal Contract Tower,2,6,6,0,14,0,4,31,0,35,2,10,37,0,49,92,0,92,141
01/26/2023,ALW,WA,ANM,WE,Federal Contract Tower,2,3,7,0,12,0,1,57,0,58,2,4,64,0,70,118,0,118,188
01/27/2023,ALW,WA,ANM,WE,Federal Contract Tower,2,2,4,0,8,0,0,15,0,15,2,2,19,0,23,42,0,42,65
01/28/2023,ALW,WA,ANM,WE,Federal Contract Tower,2,1,6,0,9,0,1,4,0,5,2,2,10,0,14,10,0,10,24
01/29/2023,ALW,WA,ANM,WE,Federal Contract Tower,2,0,5,0,7,0,8,54,0,62,2,8,59,0,69,48,0,48,117
01/30/2023,ALW,WA,ANM,WE,Federal Contract Tower,2,4,5,0,11,0,2,38,0,40,2,6,43,0,51,38,0,38,89
01/31/2023,ALW,WA,ANM,WE,Federal Contract Tower,2,6,3,2,13,0,3,20,0,23,2,9,23,2,36,110,0,110,146
02/01/2023,ALW,WA,ANM,WE,Federal Contract Tower,2,2,9,0,13,0,0,19,0,19,2,2,28,0,32,80,0,80,112
02/02/2023,ALW,WA,ANM,WE,Federal Contract Tower,2,2,6,0,10,0,0,25,0,25,2,2,31,0,35,134,0,134,169
02/03/2023,ALW,WA,ANM,WE,Federal Contract Tower,2,2,3,0,7,0,0,17,0,17,2,2,20,0,24,38,0,38,62
02/04/2023,ALW,WA,ANM,WE,Federal Contract Tower,2,1,2,0,5,0,3,18,0,21,2,4,20,0,26,14,0,14,40
02/05/2023,ALW,WA,ANM,WE,Federal Contract Tower,2,4,0,0,6,0,0,2,0,2,2,4,2,0,8,0,0,0,8
02/06/2023,ALW,WA,ANM,WE,Federal Contract Tower,2,4,7,0,13,0,0,18,0,18,2,4,25,0,31,34,0,34,65
02/07/2023,ALW,WA,ANM,WE,Federal Contract Tower,2,2,6,2,12,0,1,23,0,24,2,3,29,2,36,100,0,100,136
02/08/2023,ALW,WA,ANM,WE,Federal Contract Tower,2,6,6,0,14,0,3,31,0,34,2,9,37,0,48,88,0,88,136
02/09/2023,ALW,WA,ANM,WE,Federal Contract Tower,2,3,10,0,15,0,1,89,0,90,2,4,99,0,105,104,0,104,209
02/10/2023,ALW,WA,ANM,WE,Federal Contract Tower,2,3,5,0,10,0,2,42,0,44,2,5,47,0,54,74,0,74,128
02/11/2023,ALW,WA,ANM,WE,Federal Contract Tower,2,2,6,0,10,0,1,40,0,41,2,3,46,0,51,32,0,32,83
02/12/2023,ALW,WA,ANM,WE,Federal Contract Tower,2,2,12,0,16,0,3,48,0,51,2,5,60,0,67,54,0,54,121
02/13/2023,ALW,WA,ANM,WE,Federal Contract Tower,2,5,2,0,9,0,4,2,0,6,2,9,4,0,15,8,0,8,23
02/14/2023,ALW,WA,ANM,WE,Federal Contract Tower,2,4,3,0,9,0,1,8,0,9,2,5,11,0,18,106,0,106,124
02/15/2023,ALW,WA,ANM,WE,Federal Contract Tower,2,2,10,0,14,0,8,35,0,43,2,10,45,0,57,32,0,32,89
02/16/2023,ALW,WA,ANM,WE,Federal Contract Tower,2,3,9,0,14,0,0,33,2,35,2,3,42,2,49,74,0,74,123
02/18/2023,ALW,WA,ANM,WE,Federal Contract Tower,2,2,1,0,5,0,0,7,0,7,2,2,8,0,12,24,0,24,36
02/19/2023,ALW,WA,ANM,WE,Federal Contract Tower,2,0,1,0,3,0,5,3,0,8,2,5,4,0,11,0,0,0,11
02/20/2023,ALW,WA,ANM,WE,Federal Contract Tower,2,2,6,0,10,0,8,3,0,11,2,10,9,0,21,0,0,0,21
02/21/2023,ALW,WA,ANM,WE,Federal Contract Tower,2,2,2,0,6,0,0,3,0,3,2,2,5,0,9,8,0,8,17
02/22/2023,ALW,WA,ANM,WE,Federal Contract Tower,2,2,3,0,7,0,0,0,0,0,2,2,3,0,7,0,0,0,7
02/23/2023,ALW,WA,ANM,WE,Federal Contract Tower,2,2,5,0,9,0,0,1,0,1,2,2,6,0,10,0,0,0,10
02/24/2023,ALW,WA,ANM,WE,Federal Contract Tower,2,2,14,0,18,0,2,17,0,19,2,4,31,0,37,50,0,50,87
02/25/2023,ALW,WA,ANM,WE,Federal Contract Tower,2,0,4,0,6,0,0,27,0,27,2,0,31,0,33,0,0,0,33
02/26/2023,ALW,WA,ANM,WE,Federal Contract Tower,2,2,3,0,7,0,0,0,0,0,2,2,3,0,7,46,0,46,53
02/27/2023,ALW,WA,ANM,WE,Federal Contract Tower,2,4,2,0,8,0,6,2,0,8,2,10,4,0,16,14,0,14,30
02/28/2023,ALW,WA,ANM,WE,Federal Contract Tower,2,5,3,0,10,0,4,18,0,22,2,9,21,0,32,108,0,108,140
03/01/2023,ALW,WA,ANM,WE,Federal Contract Tower,2,2,6,0,10,0,0,60,2,62,2,2,66,2,72,112,0,112,184
03/02/2023,ALW,WA,ANM,WE,Federal Contract Tower,2,9,4,0,15,0,2,9,0,11,2,11,13,0,26,98,0,98,124
03/03/2023,ALW,WA,ANM,WE,Federal Contract Tower,2,6,6,0,14,0,0,22,0,22,2,6,28,0,36,44,0,44,80
03/04/2023,ALW,WA,ANM,WE,Federal Contract Tower,2,0,7,0,9,0,2,3,0,5,2,2,10,0,14,0,0,0,14
03/05/2023,ALW,WA,ANM,WE,Federal Contract Tower,2,0,5,0,7,0,9,31,2,42,2,9,36,2,49,118,4,122,171
03/06/2023,ALW,WA,ANM,WE,Federal Contract Tower,2,2,17,0,21,0,3,31,0,34,2,5,48,0,55,44,0,44,99
03/07/2023,ALW,WA,ANM,WE,Federal Contract Tower,2,2,11,0,15,0,1,38,0,39,2,3,49,0,54,110,0,110,164
03/08/2023,ALW,WA,ANM,WE,Federal Contract Tower,2,4,3,1,10,0,9,38,3,50,2,13,41,4,60,146,8,154,214
03/09/2023,ALW,WA,ANM,WE,Federal Contract Tower,2,4,2,0,8,0,3,58,2,63,2,7,60,2,71,20,0,20,91
03/11/2023,ALW,WA,ANM,WE,Federal Contract Tower,2,2,4,0,8,0,2,33,0,35,2,4,37,0,43,6,0,6,49
03/12/2023,ALW,WA,ANM,WE,Federal Contract Tower,2,0,2,0,4,0,2,44,0,46,2,2,46,0,50,48,0,48,98
03/13/2023,ALW,WA,ANM,WE,Federal Contract Tower,2,4,4,0,10,0,1,0,0,1,2,5,4,0,11,0,0,0,11
03/14/2023,ALW,WA,ANM,WE,Federal Contract Tower,2,2,6,0,10,0,0,38,0,38,2,2,44,0,48,84,0,84,132
03/15/2023,ALW,WA,ANM,WE,Federal Contract Tower,2,6,10,0,18,0,2,16,0,18,2,8,26,0,36,32,0,32,68
03/16/2023,ALW,WA,ANM,WE,Federal Contract Tower,2,2,6,0,10,0,5,40,1,46,2,7,46,1,56,52,0,52,108
03/17/2023,ALW,WA,ANM,WE,Federal Contract Tower,2,2,5,0,9,0,5,32,1,38,2,7,37,1,47,10,0,10,57
03/18/2023,ALW,WA,ANM,WE,Federal Contract Tower,4,0,5,0,9,0,9,36,0,45,4,9,41,0,54,14,0,14,68
03/19/2023,ALW,WA,ANM,WE,Federal Contract Tower,2,0,3,0,5,0,0,18,0,18,2,0,21,0,23,48,0,48,71
03/20/2023,ALW,WA,ANM,WE,Federal Contract Tower,2,4,2,0,8,0,0,1,0,1,2,4,3,0,9,2,0,2,11
03/21/2023,ALW,WA,ANM,WE,Federal Contract Tower,2,2,11,0,15,0,0,24,0,24,2,2,35,0,39,22,0,22,61
03/22/2023,ALW,WA,ANM,WE,Federal Contract Tower,2,6,8,2,18,0,3,27,0,30,2,9,35,2,48,26,0,26,74
03/23/2023,ALW,WA,ANM,WE,Federal Contract Tower,2,5,5,0,12,0,4,4,0,8,2,9,9,0,20,10,0,10,30
03/24/2023,ALW,WA,ANM,WE,Federal Contract Tower,2,2,0,0,4,0,4,3,0,7,2,6,3,0,11,0,0,0,11
03/25/2023,ALW,WA,ANM,WE,Federal Contract Tower,2,2,0,0,4,0,0,10,0,10,2,2,10,0,14,0,0,0,14
03/26/2023,ALW,WA,ANM,WE,Federal Contract Tower,2,1,5,0,8,0,5,11,0,16,2,6,16,0,24,2,0,2,26
03/27/2023,ALW,WA,ANM,WE,Federal Contract Tower,2,1,1,0,4,0,8,22,0,30,2,9,23,0,34,34,0,34,68
03/28/2023,ALW,WA,ANM,WE,Federal Contract Tower,2,6,5,0,13,0,0,14,0,14,2,6,19,0,27,116,0,116,143
03/29/2023,ALW,WA,ANM,WE,Federal Contract Tower,2,6,7,0,15,0,0,16,0,16,2,6,23,0,31,56,0,56,87
03/30/2023,ALW,WA,ANM,WE,Federal Contract Tower,2,3,6,0,11,0,7,34,0,41,2,10,40,0,52,86,0,86,138
03/31/2023,ALW,WA,ANM,WE,Federal Contract Tower,2,6,4,0,12,0,0,16,0,16,2,6,20,0,28,108,0,108,136
04/01/2023,ALW,WA,ANM,WE,Federal Contract Tower,2,0,1,0,3,0,4,0,0,4,2,4,1,0,7,0,0,0,7
04/02/2023,ALW,WA,ANM,WE,Federal Contract Tower,2,5,3,0,10,0,2,13,0,15,2,7,16,0,25,24,0,24,49
04/03/2023,ALW,WA,ANM,WE,Federal Contract Tower,2,2,3,0,7,0,0,4,0,4,2,2,7,0,11,14,0,14,25
04/04/2023,ALW,WA,ANM,WE,Federal Contract Tower,2,2,5,0,9,0,4,29,0,33,2,6,34,0,42,124,0,124,166
04/05/2023,ALW,WA,ANM,WE,Federal Contract Tower,2,2,4,0,8,0,3,47,0,50,2,5,51,0,58,78,0,78,136
04/06/2023,ALW,WA,ANM,WE,Federal Contract Tower,2,2,5,0,9,0,2,24,0,26,2,4,29,0,35,34,0,34,69
04/07/2023,ALW,WA,ANM,WE,Federal Contract Tower,2,2,15,0,19,0,6,24,0,30,2,8,39,0,49,96,0,96,145
04/08/2023,ALW,WA,ANM,WE,Federal Contract Tower,2,1,7,0,10,0,4,42,0,46,2,5,49,0,56,48,0,48,104
04/10/2023,ALW,WA,ANM,WE,Federal Contract Tower,2,4,16,0,22,2,7,26,0,35,4,11,42,0,57,68,0,68,125
04/11/2023,ALW,WA,ANM,WE,Federal Contract Tower,2,2,4,0,8,0,4,8,2,14,2,6,12,2,22,44,0,44,66
04/12/2023,ALW,WA,ANM,WE,Federal Contract Tower,2,4,4,0,10,0,3,30,0,33,2,7,34,0,43,74,0,74,117
04/13/2023,ALW,WA,ANM,WE,Federal Contract Tower,2,6,8,0,16,0,1,30,0,31,2,7,38,0,47,98,0,98,145
04/14/2023,ALW,WA,ANM,WE,Federal Contract Tower,2,3,14,0,19,0,2,73,0,75,2,5,87,0,94,176,0,176,270
04/15/2023,ALW,WA,ANM,WE,Federal Contract Tower,2,0,1,0,3,0,7,27,0,34,2,7,28,0,37,36,0,36,73
04/16/2023,ALW,WA,ANM,WE,Federal Contract Tower,2,0,26,0,28,0,1,25,0,26,2,1,51,0,54,56,0,56,110
04/18/2023,ALW,WA,ANM,WE,Federal Contract Tower,2,2,1,0,5,0,2,17,0,19,2,4,18,0,24,56,0,56,80
04/19/2023,ALW,WA,ANM,WE,Federal Contract Tower,2,2,9,0,13,0,2,26,0,28,2,4,35,0,41,52,0,52,93
04/20/2023,ALW,WA,ANM,WE,Federal Contract Tower,2,2,12,0,16,0,1,42,0,43,2,3,54,0,59,134,0,134,193
04/21/2023,ALW,WA,ANM,WE,Federal Contract Tower,2,7,6,0,15,0,0,20,0,20,2,7,26,0,35,134,0,134,169
04/22/2023,ALW,WA,ANM,WE,Federal Contract Tower,2,1,3,0,6,0,5,14,0,19,2,6,17,0,25,0,0,0,25
04/23/2023,ALW,WA,ANM,WE,Federal Contract Tower,2,3,6,0,11,0,0,8,0,8,2,3,14,0,19,40,0,40,59
04/24/2023,ALW,WA,ANM,WE,Federal Contract Tower,2,2,2,0,6,0,0,18,1,19,2,2,20,1,25,26,0,26,51
04/25/2023,ALW,WA,ANM,WE,Federal Contract Tower,2,2,11,0,15,0,5,50,0,55,2,7,61,0,70,50,0,50,120
04/26/2023,ALW,WA,ANM,WE,Federal Contract Tower,2,2,12,0,16,0,11,51,0,62,2,13,63,0,78,104,0,104,182
04/27/2023,ALW,WA,ANM,WE,Federal Contract Tower,2,2,2,0,6,0,1,44,0,45,2,3,46,0,51,128,0,128,179
04/28/2023,ALW,WA,ANM,WE,Federal Contract Tower,2,7,10,3,22,0,3,60,4,67,2,10,70,7,89,142,0,142,231
04/29/2023,ALW,WA,ANM,WE,Federal Contract Tower,2,2,3,0,7,0,0,42,0,42,2,2,45,0,49,34,0,34,83
04/30/2023,ALW,WA,ANM,WE,Federal Contract Tower,2,0,2,0,4,0,5,45,0,50,2,5,47,0,54,104,0,104,158
05/01/2023,ALW,WA,ANM,WE,Federal Contract Tower,2,4,2,0,8,0,10,17,0,27,2,14,19,0,35,50,0,50,85
05/02/2023,ALW,WA,ANM,WE,Federal Contract Tower,2,2,1,0,5,0,6,24,0,30,2,8,25,0,35,14,0,14,49
05/03/2023,ALW,WA,ANM,WE,Federal Contract Tower,2,5,8,0,15,0,6,57,0,63,2,11,65,0,78,90,0,90,168
05/04/2023,ALW,WA,ANM,WE,Federal Contract Tower,2,3,10,0,15,0,2,67,0,69,2,5,77,0,84,72,0,72,156
05/05/2023,ALW,WA,ANM,WE,Federal Contract Tower,2,2,5,0,9,0,3,0,0,3,2,5,5,0,12,16,0,16,28
05/06/2023,ALW,WA,ANM,WE,Federal Contract Tower,2,0,6,0,8,0,7,16,0,23,2,7,22,0,31,14,0,14,45
05/07/2023,ALW,WA,ANM,WE,Federal Contract Tower,2,2,10,0,14,0,7,33,0,40,2,9,43,0,54,34,0,34,88
05/08/2023,ALW,WA,ANM,WE,Federal Contract Tower,2,1,7,0,10,0,2,18,0,20,2,3,25,0,30,14,0,14,44
05/09/2023,ALW,WA,ANM,WE,Federal Contract Tower,2,4,2,0,8,0,0,13,0,13,2,4,15,0,21,56,0,56,77
05/10/2023,ALW,WA,ANM,WE,Federal Contract Tower,2,2,22,0,26,0,1,55,0,56,2,3,77,0,82,96,0,96,178
05/11/2023,ALW,WA,ANM,WE,Federal Contract Tower,0,8,8,0,16,0,2,87,0,89,0,10,95,0,105,56,0,56,161
05/12/2023,ALW,WA,ANM,WE,Federal Contract Tower,2,2,8,0,12,0,0,79,0,79,2,2,87,0,91,96,0,96,187
05/13/2023,ALW,WA,ANM,WE,Federal Contract Tower,2,5,4,0,11,0,4,37,0,41,2,9,41,0,52,4,0,4,56
05/14/2023,ALW,WA,ANM,WE,Federal Contract Tower,2,1,6,0,9,0,11,38,0,49,2,12,44,0,58,62,0,62,120
05/15/2023,ALW,WA,ANM,WE,Federal Contract Tower,2,2,5,0,9,0,0,33,0,33,2,2,38,0,42,64,0,64,106
05/16/2023,ALW,WA,ANM,WE,Federal Contract Tower,2,5,16,0,23,0,2,37,0,39,2,7,53,0,62,48,0,48,110
05/17/2023,ALW,WA,ANM,WE,Federal Contract Tower,2,2,11,0,15,0,6,32,0,38,2,8,43,0,53,34,0,34,87
05/18/2023,ALW,WA,ANM,WE,Federal Contract Tower,2,2,5,0,9,0,6,42,0,48,2,8,47,0,57,40,0,40,97
05/19/2023,ALW,WA,ANM,WE,Federal Contract Tower,2,6,7,0,15,0,4,36,0,40,2,10,43,0,55,62,0,62,117
05/20/2023,ALW,WA,ANM,WE,Federal Contract Tower,2,2,11,0,15,0,5,32,0,37,2,7,43,0,52,20,0,20,72
05/21/2023,ALW,WA,ANM,WE,Federal Contract Tower,2,0,1,0,3,0,6,18,0,24,2,6,19,0,27,18,0,18,45
05/22/2023,ALW,WA,ANM,WE,Federal Contract Tower,2,4,3,0,9,0,2,9,0,11,2,6,12,0,20,2,0,2,22
05/23/2023,ALW,WA,ANM,WE,Federal Contract Tower,2,6,8,0,16,0,5,46,0,51,2,11,54,0,67,102,0,102,169
05/24/2023,ALW,WA,ANM,WE,Federal Contract Tower,2,3,14,0,19,0,4,60,0,64,2,7,74,0,83,92,0,92,175
05/25/2023,ALW,WA,ANM,WE,Federal Contract Tower,2,5,6,0,13,0,2,59,0,61,2,7,65,0,74,114,0,114,188
05/26/2023,ALW,WA,ANM,WE,Federal Contract Tower,2,2,9,0,13,0,17,52,0,69,2,19,61,0,82,42,0,42,124
05/27/2023,ALW,WA,ANM,WE,Federal Contract Tower,2,0,3,0,5,0,1,26,0,27,2,1,29,0,32,42,0,42,74
05/28/2023,ALW,WA,ANM,WE,Federal Contract Tower,2,0,4,0,6,0,10,33,0,43,2,10,37,0,49,36,0,36,85
05/29/2023,ALW,WA,ANM,WE,Federal Contract Tower,2,2,15,0,19,0,10,27,0,37,2,12,42,0,56,54,0,54,110
05/30/2023,ALW,WA,ANM,WE,Federal Contract Tower,2,5,12,0,19,0,0,29,0,29,2,5,41,0,48,72,0,72,120
05/31/2023,ALW,WA,ANM,WE,Federal Contract Tower,2,2,11,0,15,0,8,35,0,43,2,10,46,0,58,50,0,50,108
06/01/2023,ALW,WA,ANM,WE,Federal Contract Tower,2,7,11,0,20,0,2,59,0,61,2,9,70,0,81,48,0,48,129
06/02/2023,ALW,WA,ANM,WE,Federal Contract Tower,2,4,9,0,15,0,14,31,0,45,2,18,40,0,60,24,0,24,84
06/03/2023,ALW,WA,ANM,WE,Federal Contract Tower,2,0,2,0,4,0,6,20,0,26,2,6,22,0,30,20,0,20,50
06/04/2023,ALW,WA,ANM,WE,Federal Contract Tower,2,0,10,0,12,0,2,30,0,32,2,2,40,0,44,58,0,58,102
06/05/2023,ALW,WA,ANM,WE,Federal Contract Tower,4,2,6,0,12,0,7,55,0,62,4,9,61,0,74,74,0,74,148
06/06/2023,ALW,WA,ANM,WE,Federal Contract Tower,2,2,3,0,7,0,1,35,0,36,2,3,38,0,43,42,0,42,85
06/07/2023,ALW,WA,ANM,WE,Federal Contract Tower,2,4,14,4,24,0,12,60,0,72,2,16,74,4,96,118,0,118,214
06/08/2023,ALW,WA,ANM,WE,Federal Contract Tower,2,2,9,0,13,0,0,49,0,49,2,2,58,0,62,40,0,40,102
06/09/2023,ALW,WA,ANM,WE,Federal Contract Tower,2,4,5,0,11,0,1,30,0,31,2,5,35,0,42,62,0,62,104
06/10/2023,ALW,WA,ANM,WE,Federal Contract Tower,2,0,12,0,14,0,2,167,0,169,2,2,179,0,183,16,0,16,199
06/11/2023,ALW,WA,ANM,WE,Federal Contract Tower,2,2,9,0,13,0,6,50,2,58,2,8,59,2,71,28,2,30,101
06/12/2023,ALW,WA,ANM,WE,Federal Contract Tower,2,5,12,0,19,0,4,45,0,49,2,9,57,0,68,60,0,60,128
06/13/2023,ALW,WA,ANM,WE,Federal Contract Tower,2,4,8,0,14,0,1,17,0,18,2,5,25,0,32,18,0,18,50
06/14/2023,ALW,WA,ANM,WE,Federal Contract Tower,2,6,8,0,16,0,5,8,2,15,2,11,16,2,31,26,0,26,57
06/15/2023,ALW,WA,ANM,WE,Federal Contract Tower,2,5,6,0,13,0,7,43,2,52,2,12,49,2,65,22,0,22,87
06/16/2023,ALW,WA,ANM,WE,Federal Contract Tower,2,3,15,0,20,0,0,79,0,79,2,3,94,0,99,32,0,32,131
06/17/2023,ALW,WA,ANM,WE,Federal Contract Tower,2,2,4,0,8,0,1,16,0,17,2,3,20,0,25,20,0,20,45
06/18/2023,ALW,WA,ANM,WE,Federal Contract Tower,2,0,8,0,10,0,0,8,0,8,2,0,16,0,18,10,0,10,28
06/19/2023,ALW,WA,ANM,WE,Federal Contract Tower,2,6,9,0,17,0,3,17,0,20,2,9,26,0,37,12,0,12,49
06/20/2023,ALW,WA,ANM,WE,Federal Contract Tower,2,6,4,0,12,0,4,18,0,22,2,10,22,0,34,22,0,22,56
06/21/2023,ALW,WA,ANM,WE,Federal Contract Tower,2,2,7,0,11,0,6,33,0,39,2,8,40,0,50,34,0,34,84
06/22/2023,ALW,WA,ANM,WE,Federal Contract Tower,2,4,4,0,10,0,10,42,0,52,2,14,46,0,62,50,0,50,112
06/23/2023,ALW,WA,ANM,WE,Federal Contract Tower,2,3,7,0,12,0,4,30,0,34,2,7,37,0,46,16,0,16,62
06/24/2023,ALW,WA,ANM,WE,Federal Contract Tower,2,1,2,0,5,0,4,26,0,30,2,5,28,0,35,0,0,0,35
06/25/2023,ALW,WA,ANM,WE,Federal Contract Tower,2,0,8,0,10,0,12,31,0,43,2,12,39,0,53,28,0,28,81
06/26/2023,ALW,WA,ANM,WE,Federal Contract Tower,2,2,5,0,9,0,3,40,0,43,2,5,45,0,52,8,0,8,60
06/27/2023,ALW,WA,ANM,WE,Federal Contract Tower,2,2,4,1,9,0,1,44,1,46,2,3,48,2,55,100,0,100,155
06/28/2023,ALW,WA,ANM,WE,Federal Contract Tower,2,3,3,0,8,0,5,51,0,56,2,8,54,0,64,86,0,86,150
06/29/2023,ALW,WA,ANM,WE,Federal Contract Tower,2,3,1,0,6,0,3,67,0,70,2,6,68,0,76,136,0,136,212
06/30/2023,ALW,WA,ANM,WE,Federal Contract Tower,2,2,11,0,15,0,6,67,0,73,2,8,78,0,88,164,0,164,252
07/01/2023,ALW,WA,ANM,WE,Federal Contract Tower,2,1,5,0,8,0,6,21,0,27,2,7,26,0,35,12,0,12,47
07/02/2023,ALW,WA,ANM,WE,Federal Contract Tower,2,0,0,0,2,0,5,33,0,38,2,5,33,0,40,60,0,60,100
07/03/2023,ALW,WA,ANM,WE,Federal Contract Tower,2,4,5,0,11,0,3,47,0,50,2,7,52,0,61,112,0,112,173
07/04/2023,ALW,WA,ANM,WE,Federal Contract Tower,2,0,6,0,8,0,2,47,0,49,2,2,53,0,57,132,0,132,189
07/05/2023,ALW,WA,ANM,WE,Federal Contract Tower,2,7,6,0,15,0,12,37,0,49,2,19,43,0,64,172,0,172,236
07/06/2023,ALW,WA,ANM,WE,Federal Contract Tower,2,2,6,0,10,0,3,47,0,50,2,5,53,0,60,138,0,138,198
07/07/2023,ALW,WA,ANM,WE,Federal Contract Tower,2,6,2,0,10,0,5,48,0,53,2,11,50,0,63,78,0,78,141
07/08/2023,ALW,WA,ANM,WE,Federal Contract Tower,2,1,26,0,29,0,3,48,0,51,2,4,74,0,80,8,0,8,88
07/09/2023,ALW,WA,ANM,WE,Federal Contract Tower,2,2,10,0,14,0,8,39,2,49,2,10,49,2,63,128,0,128,191
07/10/2023,ALW,WA,ANM,WE,Federal Contract Tower,2,3,8,0,13,0,5,37,0,42,2,8,45,0,55,150,0,150,205
07/11/2023,ALW,WA,ANM,WE,Federal Contract Tower,2,3,5,0,10,0,8,60,0,68,2,11,65,0,78,184,0,184,262
07/12/2023,ALW,WA,ANM,WE,Federal Contract Tower,2,4,5,0,11,0,3,46,0,49,2,7,51,0,60,120,0,120,180
07/13/2023,ALW,WA,ANM,WE,Federal Contract Tower,2,2,4,0,8,0,10,60,0,70,2,12,64,0,78,156,0,156,234
07/14/2023,ALW,WA,ANM,WE,Federal Contract Tower,2,3,5,0,10,0,0,61,0,61,2,3,66,0,71,164,0,164,235
07/15/2023,ALW,WA,ANM,WE,Federal Contract Tower,2,4,5,0,11,0,3,37,0,40,2,7,42,0,51,6,0,6,57
07/16/2023,ALW,WA,ANM,WE,Federal Contract Tower,2,0,11,0,13,0,3,48,0,51,2,3,59,0,64,82,0,82,146
07/17/2023,ALW,WA,ANM,WE,Federal Contract Tower,2,4,1,0,7,0,2,24,2,28,2,6,25,2,35,72,2,74,109
07/18/2023,ALW,WA,ANM,WE,Federal Contract Tower,2,4,13,0,19,0,9,44,0,53,2,13,57,0,72,170,0,170,242
07/19/2023,ALW,WA,ANM,WE,Federal Contract Tower,2,3,9,0,14,0,11,41,2,54,2,14,50,2,68,206,0,206,274
07/20/2023,ALW,WA,ANM,WE,Federal Contract Tower,2,3,18,0,23,0,2,46,0,48,2,5,64,0,71,132,0,132,203
07/21/2023,ALW,WA,ANM,WE,Federal Contract Tower,2,2,10,0,14,0,6,53,0,59,2,8,63,0,73,200,0,200,273
07/22/2023,ALW,WA,ANM,WE,Federal Contract Tower,2,4,3,0,9,0,5,23,0,28,2,9,26,0,37,28,0,28,65
07/23/2023,ALW,WA,ANM,WE,Federal Contract Tower,2,1,8,0,11,0,4,27,0,31,2,5,35,0,42,34,0,34,76
07/24/2023,ALW,WA,ANM,WE,Federal Contract Tower,2,6,11,0,19,0,0,31,0,31,2,6,42,0,50,78,0,78,128
07/25/2023,ALW,WA,ANM,WE,Federal Contract Tower,2,4,7,0,13,0,9,27,0,36,2,13,34,0,49,58,0,58,107
07/26/2023,ALW,WA,ANM,WE,Federal Contract Tower,2,3,4,0,9,0,5,36,0,41,2,8,40,0,50,122,0,122,172
07/27/2023,ALW,WA,ANM,WE,Federal Contract Tower,2,3,1,0,6,0,12,37,0,49,2,15,38,0,55,104,0,104,159
07/28/2023,ALW,WA,ANM,WE,Federal Contract Tower,2,3,21,0,26,0,10,48,0,58,2,13,69,0,84,38,0,38,122
07/29/2023,ALW,WA,ANM,WE,Federal Contract Tower,2,1,4,0,7,0,4,27,0,31,2,5,31,0,38,18,0,18,56
07/30/2023,ALW,WA,ANM,WE,Federal Contract Tower,2,0,8,0,10,0,6,33,0,39,2,6,41,0,49,74,0,74,123
07/31/2023,ALW,WA,ANM,WE,Federal Contract Tower,2,9,13,0,24,0,6,41,0,47,2,15,54,0,71,120,0,120,191
08/01/2023,ALW,WA,ANM,WE,Federal Contract Tower,2,4,11,0,17,0,4,30,0,34,2,8,41,0,51,32,0,32,83
08/02/2023,ALW,WA,ANM,WE,Federal Contract Tower,2,3,4,0,9,0,3,42,0,45,2,6,46,0,54,94,0,94,148
08/03/2023,ALW,WA,ANM,WE,Federal Contract Tower,2,5,1,0,8,0,2,42,0,44,2,7,43,0,52,108,0,108,160
08/04/2023,ALW,WA,ANM,WE,Federal Contract Tower,2,4,6,0,12,0,1,40,0,41,2,5,46,0,53,118,0,118,171
08/05/2023,ALW,WA,ANM,WE,Federal Contract Tower,2,0,2,0,4,0,7,14,0,21,2,7,16,0,25,0,0,0,25
08/06/2023,ALW,WA,ANM,WE,Federal Contract Tower,2,4,13,0,19,0,4,53,0,57,2,8,66,0,76,124,0,124,200
08/07/2023,ALW,WA,ANM,WE,Federal Contract Tower,2,4,5,0,11,0,1,20,0,21,2,5,25,0,32,102,0,102,134
08/08/2023,ALW,WA,ANM,WE,Federal Contract Tower,2,4,7,0,13,0,0,55,2,57,2,4,62,2,70,114,0,114,184
08/09/2023,ALW,WA,ANM,WE,Federal Contract Tower,2,4,5,0,11,0,3,31,2,36,2,7,36,2,47,88,0,88,135
08/10/2023,ALW,WA,ANM,WE,Federal Contract Tower,2,2,3,0,7,0,13,40,0,53,2,15,43,0,60,78,0,78,138
08/11/2023,ALW,WA,ANM,WE,Federal Contract Tower,2,2,8,0,12,0,5,40,0,45,2,7,48,0,57,134,0,134,191
08/12/2023,ALW,WA,ANM,WE,Federal Contract Tower,2,0,5,0,7,0,3,49,0,52,2,3,54,0,59,38,0,38,97
08/13/2023,ALW,WA,ANM,WE,Federal Contract Tower,2,0,10,0,12,0,4,56,0,60,2,4,66,0,72,42,0,42,114
08/14/2023,ALW,WA,ANM,WE,Federal Contract Tower,2,1,4,0,7,0,5,16,0,21,2,6,20,0,28,86,0,86,114
08/15/2023,ALW,WA,ANM,WE,Federal Contract Tower,2,0,1,0,3,0,1,7,0,8,2,1,8,0,11,0,0,0,11
08/16/2023,ALW,WA,ANM,WE,Federal Contract Tower,2,4,4,0,10,0,5,20,0,25,2,9,24,0,35,32,0,32,67
08/17/2023,ALW,WA,ANM,WE,Federal Contract Tower,2,6,4,0,12,0,3,19,0,22,2,9,23,0,34,18,0,18,52
08/18/2023,ALW,WA,ANM,WE,Federal Contract Tower,2,3,8,0,13,0,7,17,0,24,2,10,25,0,37,24,0,24,61
08/19/2023,ALW,WA,ANM,WE,Federal Contract Tower,2,3,7,0,12,0,0,20,0,20,2,3,27,0,32,18,0,18,50
08/20/2023,ALW,WA,ANM,WE,Federal Contract Tower,2,2,11,0,15,0,0,1,0,1,2,2,12,0,16,0,0,0,16
08/21/2023,ALW,WA,ANM,WE,Federal Contract Tower,2,3,8,0,13,0,0,2,0,2,2,3,10,0,15,0,0,0,15
08/22/2023,ALW,WA,ANM,WE,Federal Contract Tower,2,8,6,0,16,0,4,17,0,21,2,12,23,0,37,0,0,0,37
08/23/2023,ALW,WA,ANM,WE,Federal Contract Tower,2,4,5,0,11,0,3,22,0,25,2,7,27,0,36,46,0,46,82
08/24/2023,ALW,WA,ANM,WE,Federal Contract Tower,2,5,12,0,19,0,11,32,0,43,2,16,44,0,62,32,0,32,94
08/25/2023,ALW,WA,ANM,WE,Federal Contract Tower,2,3,9,0,14,0,7,13,0,20,2,10,22,0,34,24,0,24,58
08/26/2023,ALW,WA,ANM,WE,Federal Contract Tower,2,2,3,0,7,0,3,16,0,19,2,5,19,0,26,4,0,4,30
08/27/2023,ALW,WA,ANM,WE,Federal Contract Tower,2,1,4,0,7,0,3,32,0,35,2,4,36,0,42,6,0,6,48
08/28/2023,ALW,WA,ANM,WE,Federal Contract Tower,2,2,5,0,9,0,2,15,0,17,2,4,20,0,26,28,0,28,54
08/29/2023,ALW,WA,ANM,WE,Federal Contract Tower,2,4,2,0,8,0,8,3,0,11,2,12,5,0,19,8,0,8,27
08/30/2023,ALW,WA,ANM,WE,Federal Contract Tower,2,3,7,0,12,0,4,9,0,13,2,7,16,0,25,0,0,0,25
08/31/2023,ALW,WA,ANM,WE,Federal Contract Tower,2,4,18,0,24,0,3,19,0,22,2,7,37,0,46,40,0,40,86
