01/01/2020,AMA,TX,ASW,WE,Combined TRACON& Tower with Radar,20,5,5,0,30,0,1,2,0,3,20,6,7,0,33,0,0,0,33
01/02/2020,AMA,TX,ASW,WE,Combined TRACON& Tower with Radar,20,14,20,0,54,0,3,4,0,7,20,17,24,0,61,22,0,22,83
01/03/2020,AMA,TX,ASW,WE,Combined TRACON& Tower with Radar,20,14,20,2,56,0,1,5,1,7,20,15,25,3,63,30,12,42,105
01/04/2020,AMA,TX,ASW,WE,Combined TRACON& Tower with Radar,19,8,8,3,38,0,0,13,5,18,19,8,21,8,56,44,0,44,100
01/05/2020,AMA,TX,ASW,WE,Combined TRACON& Tower with Radar,23,9,11,13,56,0,0,9,0,9,23,9,20,13,65,6,0,6,71
01/06/2020,AMA,TX,ASW,WE,Combined TRACON& Tower with Radar,21,19,49,13,102,0,1,10,1,12,21,20,59,14,114,0,26,26,140
01/07/2020,AMA,TX,ASW,WE,Combined TRACON& Tower with Radar,18,19,17,77,131,0,1,19,4,24,18,20,36,81,155,36,50,86,241
01/08/2020,AMA,TX,ASW,WE,Combined TRACON& Tower with Radar,17,20,17,3,57,0,0,10,7,17,17,20,27,10,74,6,2,8,82
01/09/2020,AMA,TX,ASW,WE,Combined TRACON& Tower with Radar,23,15,80,67,185,0,0,7,3,10,23,15,87,70,195,14,120,134,329
01/10/2020,AMA,TX,ASW,WE,Combined TRACON& Tower with Radar,26,17,8,83,134,0,0,0,4,4,26,17,8,87,138,0,42,42,180
01/11/2020,AMA,TX,ASW,WE,Combined TRACON& Tower with Radar,12,12,4,17,45,0,0,9,3,12,12,12,13,20,57,8,0,8,65
01/12/2020,AMA,TX,ASW,WE,Combined TRACON& Tower with Radar,23,17,18,40,98,0,0,8,9,17,23,17,26,49,115,6,12,18,133
01/13/2020,AMA,TX,ASW,WE,Combined TRACON& Tower with Radar,23,15,39,46,123,0,0,12,2,14,23,15,51,48,137,4,50,54,191
01/14/2020,AMA,TX,ASW,WE,Combined TRACON& Tower with Radar,15,14,91,136,256,0,0,11,2,13,15,14,102,138,269,20,78,98,367
01/15/2020,AMA,TX,ASW,WE,Combined TRACON& Tower with Radar,19,24,52,45,140,0,0,8,12,20,19,24,60,57,160,26,58,84,244
01/16/2020,AMA,TX,ASW,WE,Combined TRACON& Tower with Radar,24,10,9,0,43,0,0,0,0,0,24,10,9,0,43,0,0,0,43
01/17/2020,AMA,TX,ASW,WE,Combined TRACON& Tower with Radar,25,16,37,120,198,0,0,4,2,6,25,16,41,122,204,6,28,34,238
01/18/2020,AMA,TX,ASW,WE,Combined TRACON& Tower with Radar,11,17,15,28,71,0,2,34,3,39,11,19,49,31,110,0,0,0,110
01/19/2020,AMA,TX,ASW,WE,Combined TRACON& Tower with Radar,23,11,12,8,54,0,2,7,1,10,23,13,19,9,64,4,0,4,68
01/20/2020,AMA,TX,ASW,WE,Combined TRACON& Tower with Radar,26,14,23,23,86,0,3,4,6,13,26,17,27,29,99,6,12,18,117
01/21/2020,AMA,TX,ASW,WE,Combined TRACON& Tower with Radar,18,22,26,49,115,0,0,4,3,7,18,22,30,52,122,10,38,48,170
01/22/2020,AMA,TX,ASW,WE,Combined TRACON& Tower with Radar,17,21,77,60,175,0,0,13,11,24,17,21,90,71,199,0,172,172,371
01/23/2020,AMA,TX,ASW,WE,Combined TRACON& Tower with Radar,25,16,83,54,178,0,0,13,5,18,25,16,96,59,196,0,128,128,324
01/24/2020,AMA,TX,ASW,WE,Combined TRACON& Tower with Radar,25,16,25,62,128,0,0,16,8,24,25,16,41,70,152,10,54,64,216
01/25/2020,AMA,TX,ASW,WE,Combined TRACON& Tower with Radar,16,7,16,33,72,0,0,23,3,26,16,7,39,36,98,20,6,26,124
01/26/2020,AMA,TX,ASW,WE,Combined TRACON& Tower with Radar,25,13,20,41,99,0,0,13,1,14,25,13,33,42,113,44,0,44,157
01/27/2020,AMA,TX,ASW,WE,Combined TRACON& Tower with Radar,30,20,24,77,151,0,0,16,1,17,30,20,40,78,168,0,38,38,206
01/28/2020,AMA,TX,ASW,WE,Combined TRACON& Tower with Radar,19,17,10,1,47,0,1,0,0,1,19,18,10,1,48,2,0,2,50
01/29/2020,AMA,TX,ASW,WE,Combined TRACON& Tower with Radar,18,22,88,48,176,0,1,12,3,16,18,23,100,51,192,34,118,152,344
01/30/2020,AMA,TX,ASW,WE,Combined TRACON& Tower with Radar,25,13,57,21,116,0,0,5,1,6,25,13,62,22,122,18,90,108,230
01/31/2020,AMA,TX,ASW,WE,Combined TRACON& Tower with Radar,24,18,38,102,182,0,0,2,8,10,24,18,40,110,192,0,56,56,248
02/01/2020,AMA,TX,ASW,CE,Combined TRACON& Tower with Radar,16,10,22,8,56,0,0,18,2,20,16,10,40,10,76,42,4,46,122
02/02/2020,AMA,TX,ASW,CE,Combined TRACON& Tower with Radar,24,13,9,0,46,0,0,19,0,19,24,13,28,0,65,0,0,0,65
02/03/2020,AMA,TX,ASW,CE,Combined TRACON& Tower with Radar,22,15,29,26,92,0,0,9,1,10,22,15,38,27,102,30,44,74,176
02/04/2020,AMA,TX,ASW,CE,Combined TRACON& Tower with Radar,12,14,23,0,49,0,0,2,0,2,12,14,25,0,51,6,0,6,57
02/05/2020,AMA,TX,ASW,CE,Combined TRACON& Tower with Radar,20,28,16,7,71,0,0,3,2,5,20,28,19,9,76,0,0,0,76
02/06/2020,AMA,TX,ASW,CE,Combined TRACON& Tower with Radar,25,17,13,39,94,0,0,12,6,18,25,17,25,45,112,12,36,48,160
02/07/2020,AMA,TX,ASW,CE,Combined TRACON& Tower with Radar,25,12,26,21,84,0,0,15,5,20,25,12,41,26,104,8,16,24,128
02/08/2020,AMA,TX,ASW,CE,Combined TRACON& Tower with Radar,11,13,8,21,53,0,1,11,24,36,11,14,19,45,89,0,0,0,89
02/09/2020,AMA,TX,ASW,CE,Combined TRACON& Tower with Radar,25,16,14,66,121,0,0,10,12,22,25,16,24,78,143,4,10,14,157
02/10/2020,AMA,TX,ASW,CE,Combined TRACON& Tower with Radar,26,20,14,6,66,0,0,1,0,1,26,20,15,6,67,0,4,4,71
02/11/2020,AMA,TX,ASW,CE,Combined TRACON& Tower with Radar,18,20,9,0,47,0,0,1,0,1,18,20,10,0,48,7,0,7,55
02/12/2020,AMA,TX,ASW,CE,Combined TRACON& Tower with Radar,19,24,22,15,80,0,0,9,3,12,19,24,31,18,92,38,18,56,148
02/13/2020,AMA,TX,ASW,CE,Combined TRACON& Tower with Radar,23,22,22,17,84,0,0,3,1,4,23,22,25,18,88,46,6,52,140
02/14/2020,AMA,TX,ASW,CE,Combined TRACON& Tower with Radar,22,22,15,21,80,0,0,2,1,3,22,22,17,22,83,0,0,0,83
02/15/2020,AMA,TX,ASW,CE,Combined TRACON& Tower with Radar,11,10,31,3,55,0,0,14,2,16,11,10,45,5,71,2,6,8,79
02/16/2020,AMA,TX,ASW,CE,Combined TRACON& Tower with Radar,22,12,18,5,57,0,1,9,15,25,22,13,27,20,82,0,0,0,82
02/17/2020,AMA,TX,ASW,CE,Combined TRACON& Tower with Radar,23,19,18,8,68,0,0,46,4,50,23,19,64,12,118,0,0,0,118
02/18/2020,AMA,TX,ASW,CE,Combined TRACON& Tower with Radar,24,22,31,47,124,0,1,15,0,16,24,23,46,47,140,60,32,92,232
02/19/2020,AMA,TX,ASW,CE,Combined TRACON& Tower with Radar,20,22,51,23,116,0,0,13,1,14,20,22,64,24,130,36,14,50,180
02/20/2020,AMA,TX,ASW,CE,Combined TRACON& Tower with Radar,23,17,33,17,90,0,0,1,4,5,23,17,34,21,95,74,30,104,199
02/21/2020,AMA,TX,ASW,CE,Combined TRACON& Tower with Radar,28,19,18,74,139,0,0,13,4,17,28,19,31,78,156,28,44,72,228
02/22/2020,AMA,TX,ASW,CE,Combined TRACON& Tower with Radar,15,20,16,10,61,0,2,54,3,59,15,22,70,13,120,0,0,0,120
02/23/2020,AMA,TX,ASW,CE,Combined TRACON& Tower with Radar,23,18,27,6,74,0,0,71,0,71,23,18,98,6,145,0,0,0,145
02/24/2020,AMA,TX,ASW,CE,Combined TRACON& Tower with Radar,25,23,49,43,140,0,1,18,14,33,25,24,67,57,173,30,130,160,333
02/25/2020,AMA,TX,ASW,CE,Combined TRACON& Tower with Radar,21,16,22,12,71,0,0,10,4,14,21,16,32,16,85,28,16,44,129
02/26/2020,AMA,TX,ASW,CE,Combined TRACON& Tower with Radar,23,26,38,26,113,0,0,22,4,26,23,26,60,30,139,74,82,156,295
02/27/2020,AMA,TX,ASW,CE,Combined TRACON& Tower with Radar,23,15,39,38,115,0,0,16,0,16,23,15,55,38,131,28,42,70,201
02/28/2020,AMA,TX,ASW,CE,Combined TRACON& Tower with Radar,24,18,50,37,129,0,2,14,2,18,24,20,64,39,147,20,24,44,191
02/29/2020,AMA,TX,ASW,CE,Combined TRACON& Tower with Radar,11,15,16,4,46,0,5,18,1,24,11,20,34,5,70,0,0,0,70
03/01/2020,AMA,TX,ASW,CE,Combined TRACON& Tower with Radar,26,14,23,28,91,0,0,45,7,52,26,14,68,35,143,0,0,0,143
03/02/2020,AMA,TX,ASW,CE,Combined TRACON& Tower with Radar,23,22,15,34,94,0,2,9,0,11,23,24,24,34,105,98,14,112,217
03/03/2020,AMA,TX,ASW,CE,Combined TRACON& Tower with Radar,21,24,28,60,133,0,2,9,0,11,21,26,37,60,144,42,56,98,242
03/04/2020,AMA,TX,ASW,CE,Combined TRACON& Tower with Radar,19,18,18,39,94,0,1,12,2,15,19,19,30,41,109,30,34,64,173
03/05/2020,AMA,TX,ASW,CE,Combined TRACON& Tower with Radar,23,13,24,25,85,0,0,17,0,17,23,13,41,25,102,24,10,34,136
03/06/2020,AMA,TX,ASW,CE,Combined TRACON& Tower with Radar,24,15,13,30,82,0,0,12,6,18,24,15,25,36,100,22,8,30,130
03/07/2020,AMA,TX,ASW,CE,Combined TRACON& Tower with Radar,11,20,16,0,47,0,2,5,0,7,11,22,21,0,54,2,0,2,56
03/08/2020,AMA,TX,ASW,CE,Combined TRACON& Tower with Radar,23,23,20,4,70,0,0,1,0,1,23,23,21,4,71,0,0,0,71
03/09/2020,AMA,TX,ASW,CE,Combined TRACON& Tower with Radar,23,15,78,76,192,0,0,11,10,21,23,15,89,86,213,36,170,206,419
03/10/2020,AMA,TX,ASW,CE,Combined TRACON& Tower with Radar,20,21,39,13,93,0,2,11,3,16,20,23,50,16,109,12,6,18,127
03/11/2020,AMA,TX,ASW,CE,Combined TRACON& Tower with Radar,19,21,14,53,107,0,2,10,3,15,19,23,24,56,122,10,12,22,144
03/12/2020,AMA,TX,ASW,CE,Combined TRACON& Tower with Radar,23,18,15,57,113,0,2,21,1,24,23,20,36,58,137,38,26,64,201
03/13/2020,AMA,TX,ASW,CE,Combined TRACON& Tower with Radar,24,13,15,2,54,0,0,0,0,0,24,13,15,2,54,0,0,0,54
03/14/2020,AMA,TX,ASW,CE,Combined TRACON& Tower with Radar,10,12,16,1,39,0,0,11,5,16,10,12,27,6,55,0,0,0,55
03/15/2020,AMA,TX,ASW,CE,Combined TRACON& Tower with Radar,25,9,7,0,41,0,0,0,0,0,25,9,7,0,41,0,0,0,41
03/16/2020,AMA,TX,ASW,CE,Combined TRACON& Tower with Radar,28,16,34,18,96,0,0,9,0,9,28,16,43,18,105,32,0,32,137
03/17/2020,AMA,TX,ASW,CE,Combined TRACON& Tower with Radar,24,14,4,0,42,0,0,0,0,0,24,14,4,0,42,0,0,0,42
03/18/2020,AMA,TX,ASW,CE,Combined TRACON& Tower with Radar,17,24,25,34,100,0,1,6,2,9,17,25,31,36,109,46,80,126,235
03/19/2020,AMA,TX,ASW,CE,Combined TRACON& Tower with Radar,20,21,28,9,78,0,0,0,0,0,20,21,28,9,78,0,52,52,130
03/20/2020,AMA,TX,ASW,CE,Combined TRACON& Tower with Radar,21,14,29,3,67,0,0,8,1,9,21,14,37,4,76,34,12,46,122
03/21/2020,AMA,TX,ASW,CE,Combined TRACON& Tower with Radar,8,15,6,9,38,0,2,11,1,14,8,17,17,10,52,24,4,28,80
03/22/2020,AMA,TX,ASW,CE,Combined TRACON& Tower with Radar,17,13,9,21,60,0,2,5,2,9,17,15,14,23,69,16,6,22,91
03/23/2020,AMA,TX,ASW,CE,Combined TRACON& Tower with Radar,19,13,25,10,67,0,0,8,2,10,19,13,33,12,77,40,0,40,117
03/24/2020,AMA,TX,ASW,CE,Combined TRACON& Tower with Radar,16,14,5,22,57,0,2,16,2,20,16,16,21,24,77,8,34,42,119
03/25/2020,AMA,TX,ASW,CE,Combined TRACON& Tower with Radar,11,10,13,3,37,0,0,7,0,7,11,10,20,3,44,0,8,8,52
03/26/2020,AMA,TX,ASW,CE,Combined TRACON& Tower with Radar,17,14,11,13,55,0,0,8,2,10,17,14,19,15,65,0,126,126,191
03/27/2020,AMA,TX,ASW,CE,Combined TRACON& Tower with Radar,12,7,8,0,27,0,2,4,1,7,12,9,12,1,34,0,0,0,34
03/28/2020,AMA,TX,ASW,CE,Combined TRACON& Tower with Radar,4,11,4,14,33,0,0,4,2,6,4,11,8,16,39,20,0,20,59
03/29/2020,AMA,TX,ASW,CE,Combined TRACON& Tower with Radar,10,2,7,1,20,0,1,14,0,15,10,3,21,1,35,18,16,34,69
03/30/2020,AMA,TX,ASW,CE,Combined TRACON& Tower with Radar,14,10,8,1,33,0,1,5,4,10,14,11,13,5,43,10,20,30,73
03/31/2020,AMA,TX,ASW,CE,Combined TRACON& Tower with Radar,11,15,14,10,50,0,0,9,5,14,11,15,23,15,64,0,28,28,92
04/01/2020,AMA,TX,ASW,CE,Combined TRACON& Tower with Radar,10,12,4,9,35,0,1,5,1,7,10,13,9,10,42,0,92,92,134
04/02/2020,AMA,TX,ASW,CE,Combined TRACON& Tower with Radar,5,8,16,32,61,0,0,8,5,13,5,8,24,37,74,20,44,64,138
04/03/2020,AMA,TX,ASW,CE,Combined TRACON& Tower with Radar,8,4,10,17,39,0,0,7,0,7,8,4,17,17,46,0,42,42,88
04/04/2020,AMA,TX,ASW,CE,Combined TRACON& Tower with Radar,2,8,10,13,33,0,0,18,2,20,2,8,28,15,53,8,38,46,99
04/05/2020,AMA,TX,ASW,CE,Combined TRACON& Tower with Radar,12,6,6,0,24,0,0,0,0,0,12,6,6,0,24,0,0,0,24
04/06/2020,AMA,TX,ASW,CE,Combined TRACON& Tower with Radar,10,8,19,5,42,0,0,4,1,5,10,8,23,6,47,0,36,36,83
04/07/2020,AMA,TX,ASW,CE,Combined TRACON& Tower with Radar,4,6,8,28,46,0,0,17,2,19,4,6,25,30,65,22,70,92,157
04/08/2020,AMA,TX,ASW,CE,Combined TRACON& Tower with Radar,5,6,9,6,26,0,0,3,0,3,5,6,12,6,29,18,0,18,47
04/09/2020,AMA,TX,ASW,CE,Combined TRACON& Tower with Radar,7,5,12,14,38,0,0,14,40,54,7,5,26,54,92,0,0,0,92
04/10/2020,AMA,TX,ASW,CE,Combined TRACON& Tower with Radar,9,6,17,10,42,0,0,4,20,24,9,6,21,30,66,0,0,0,66
04/11/2020,AMA,TX,ASW,CE,Combined TRACON& Tower with Radar,4,10,3,7,24,0,3,4,0,7,4,13,7,7,31,6,0,6,37
04/12/2020,AMA,TX,ASW,CE,Combined TRACON& Tower with Radar,11,6,1,0,18,0,0,0,0,0,11,6,1,0,18,0,0,0,18
04/13/2020,AMA,TX,ASW,CE,Combined TRACON& Tower with Radar,8,8,14,6,36,0,0,1,0,1,8,8,15,6,37,6,12,18,55
04/14/2020,AMA,TX,ASW,CE,Combined TRACON& Tower with Radar,10,6,2,0,18,0,0,2,0,2,10,6,4,0,20,0,0,0,20
04/15/2020,AMA,TX,ASW,CE,Combined TRACON& Tower with Radar,4,5,18,18,45,0,2,8,0,10,4,7,26,18,55,10,32,42,97
04/16/2020,AMA,TX,ASW,CE,Combined TRACON& Tower with Radar,6,8,22,6,42,0,0,6,2,8,6,8,28,8,50,0,28,28,78
04/17/2020,AMA,TX,ASW,CE,Combined TRACON& Tower with Radar,3,11,23,21,58,0,0,13,6,19,3,11,36,27,77,34,30,64,141
04/18/2020,AMA,TX,ASW,CE,Combined TRACON& Tower with Radar,4,5,8,2,19,0,0,7,0,7,4,5,15,2,26,0,40,40,66
04/19/2020,AMA,TX,ASW,CE,Combined TRACON& Tower with Radar,7,4,2,2,15,0,0,9,2,11,7,4,11,4,26,0,0,0,26
04/20/2020,AMA,TX,ASW,CE,Combined TRACON& Tower with Radar,4,4,5,33,46,0,0,4,1,5,4,4,9,34,51,18,10,28,79
04/21/2020,AMA,TX,ASW,CE,Combined TRACON& Tower with Radar,2,6,7,44,59,0,0,6,2,8,2,6,13,46,67,6,42,48,115
04/22/2020,AMA,TX,ASW,CE,Combined TRACON& Tower with Radar,4,16,7,18,45,0,0,2,2,4,4,16,9,20,49,0,0,0,49
04/23/2020,AMA,TX,ASW,CE,Combined TRACON& Tower with Radar,5,6,12,48,71,0,0,8,4,12,5,6,20,52,83,8,36,44,127
04/24/2020,AMA,TX,ASW,CE,Combined TRACON& Tower with Radar,5,6,27,28,66,0,0,4,1,5,5,6,31,29,71,0,10,10,81
04/25/2020,AMA,TX,ASW,CE,Combined TRACON& Tower with Radar,4,5,19,25,53,0,0,11,0,11,4,5,30,25,64,2,24,26,90
04/26/2020,AMA,TX,ASW,CE,Combined TRACON& Tower with Radar,6,6,6,0,18,0,1,2,0,3,6,7,8,0,21,12,0,12,33
04/27/2020,AMA,TX,ASW,CE,Combined TRACON& Tower with Radar,6,6,24,25,61,0,0,5,6,11,6,6,29,31,72,0,38,38,110
04/28/2020,AMA,TX,ASW,CE,Combined TRACON& Tower with Radar,6,11,8,25,50,0,0,4,3,7,6,11,12,28,57,10,38,48,105
04/29/2020,AMA,TX,ASW,CE,Combined TRACON& Tower with Radar,4,7,9,24,44,0,3,12,1,16,4,10,21,25,60,50,8,58,118
04/30/2020,AMA,TX,ASW,CE,Combined TRACON& Tower with Radar,3,5,14,9,31,0,0,7,7,14,3,5,21,16,45,14,36,50,95
05/01/2020,AMA,TX,ASW,CE,Combined TRACON& Tower with Radar,5,10,15,15,45,0,0,7,0,7,5,10,22,15,52,14,0,14,66
05/02/2020,AMA,TX,ASW,CE,Combined TRACON& Tower with Radar,5,10,10,3,28,0,2,8,0,10,5,12,18,3,38,0,0,0,38
05/03/2020,AMA,TX,ASW,CE,Combined TRACON& Tower with Radar,8,4,10,0,22,0,2,5,0,7,8,6,15,0,29,0,0,0,29
05/04/2020,AMA,TX,ASW,CE,Combined TRACON& Tower with Radar,6,8,15,25,54,0,1,11,5,17,6,9,26,30,71,22,48,70,141
05/05/2020,AMA,TX,ASW,CE,Combined TRACON& Tower with Radar,9,7,10,11,37,0,1,9,3,13,9,8,19,14,50,18,38,56,106
05/06/2020,AMA,TX,ASW,CE,Combined TRACON& Tower with Radar,8,6,16,27,57,0,0,11,0,11,8,6,27,27,68,24,26,50,118
05/07/2020,AMA,TX,ASW,CE,Combined TRACON& Tower with Radar,12,7,16,13,48,0,3,6,1,10,12,10,22,14,58,0,0,0,58
05/08/2020,AMA,TX,ASW,CE,Combined TRACON& Tower with Radar,13,7,47,14,81,0,2,1,5,8,13,9,48,19,89,0,34,34,123
05/09/2020,AMA,TX,ASW,CE,Combined TRACON& Tower with Radar,12,7,10,5,34,0,1,19,1,21,12,8,29,6,55,0,0,0,55
05/10/2020,AMA,TX,ASW,CE,Combined TRACON& Tower with Radar,12,4,15,0,31,0,0,5,0,5,12,4,20,0,36,0,0,0,36
05/11/2020,AMA,TX,ASW,CE,Combined TRACON& Tower with Radar,12,5,11,2,30,0,0,2,3,5,12,5,13,5,35,0,0,0,35
05/12/2020,AMA,TX,ASW,CE,Combined TRACON& Tower with Radar,12,5,43,20,80,0,0,2,2,4,12,5,45,22,84,0,38,38,122
05/13/2020,AMA,TX,ASW,CE,Combined TRACON& Tower with Radar,12,4,32,15,63,0,1,7,5,13,12,5,39,20,76,14,8,22,98
05/14/2020,AMA,TX,ASW,CE,Combined TRACON& Tower with Radar,12,6,22,12,52,0,0,15,3,18,12,6,37,15,70,36,32,68,138
05/15/2020,AMA,TX,ASW,CE,Combined TRACON& Tower with Radar,12,16,10,7,45,0,1,2,0,3,12,17,12,7,48,0,0,0,48
05/16/2020,AMA,TX,ASW,CE,Combined TRACON& Tower with Radar,12,6,11,5,34,0,0,11,0,11,12,6,22,5,45,0,8,8,53
05/17/2020,AMA,TX,ASW,CE,Combined TRACON& Tower with Radar,12,5,18,2,37,0,0,6,0,6,12,5,24,2,43,20,4,24,67
05/18/2020,AMA,TX,ASW,CE,Combined TRACON& Tower with Radar,12,7,4,7,30,0,0,13,1,14,12,7,17,8,44,4,0,4,48
05/19/2020,AMA,TX,ASW,CE,Combined TRACON& Tower with Radar,12,3,12,12,39,0,2,16,3,21,12,5,28,15,60,0,8,8,68
05/20/2020,AMA,TX,ASW,CE,Combined TRACON& Tower with Radar,12,6,11,12,41,0,0,5,3,8,12,6,16,15,49,10,0,10,59
05/21/2020,AMA,TX,ASW,CE,Combined TRACON& Tower with Radar,14,5,45,27,91,0,0,9,6,15,14,5,54,33,106,4,130,134,240
05/22/2020,AMA,TX,ASW,CE,Combined TRACON& Tower with Radar,12,12,11,4,39,0,0,12,4,16,12,12,23,8,55,4,0,4,59
05/23/2020,AMA,TX,ASW,CE,Combined TRACON& Tower with Radar,12,9,1,2,24,0,0,8,0,8,12,9,9,2,32,0,0,0,32
05/24/2020,AMA,TX,ASW,CE,Combined TRACON& Tower with Radar,12,5,7,2,26,0,0,5,0,5,12,5,12,2,31,14,0,14,45
05/25/2020,AMA,TX,ASW,CE,Combined TRACON& Tower with Radar,12,5,4,0,21,0,0,1,0,1,12,5,5,0,22,4,0,4,26
05/26/2020,AMA,TX,ASW,CE,Combined TRACON& Tower with Radar,12,2,37,14,65,0,0,10,2,12,12,2,47,16,77,0,0,0,77
05/27/2020,AMA,TX,ASW,CE,Combined TRACON& Tower with Radar,12,4,27,30,73,0,0,8,4,12,12,4,35,34,85,6,32,38,123
05/28/2020,AMA,TX,ASW,CE,Combined TRACON& Tower with Radar,12,12,48,24,96,0,1,19,0,20,12,13,67,24,116,38,38,76,192
05/29/2020,AMA,TX,ASW,CE,Combined TRACON& Tower with Radar,12,5,22,13,52,0,0,10,0,10,12,5,32,13,62,42,50,92,154
05/30/2020,AMA,TX,ASW,CE,Combined TRACON& Tower with Radar,12,8,14,5,39,0,0,14,0,14,12,8,28,5,53,0,0,0,53
05/31/2020,AMA,TX,ASW,CE,Combined TRACON& Tower with Radar,12,4,5,0,21,0,0,12,1,13,12,4,17,1,34,14,0,14,48
06/01/2020,AMA,TX,ASW,CE,Combined TRACON& Tower with Radar,12,7,21,15,55,0,0,10,1,11,12,7,31,16,66,10,42,52,118
06/02/2020,AMA,TX,ASW,CE,Combined TRACON& Tower with Radar,12,8,19,9,48,0,0,12,1,13,12,8,31,10,61,2,0,2,63
06/03/2020,AMA,TX,ASW,CE,Combined TRACON& Tower with Radar,12,2,13,10,37,0,0,8,2,10,12,2,21,12,47,0,0,0,47
06/04/2020,AMA,TX,ASW,CE,Combined TRACON& Tower with Radar,10,3,6,7,26,0,2,6,1,9,10,5,12,8,35,16,0,16,51
06/05/2020,AMA,TX,ASW,CE,Combined TRACON& Tower with Radar,8,9,19,13,49,0,2,12,3,17,8,11,31,16,66,18,6,24,90
06/06/2020,AMA,TX,ASW,CE,Combined TRACON& Tower with Radar,8,8,7,0,23,0,0,8,1,9,8,8,15,1,32,18,0,18,50
06/07/2020,AMA,TX,ASW,CE,Combined TRACON& Tower with Radar,12,5,9,0,26,0,1,6,0,7,12,6,15,0,33,2,0,2,35
06/08/2020,AMA,TX,ASW,CE,Combined TRACON& Tower with Radar,10,4,17,23,54,0,0,14,2,16,10,4,31,25,70,0,0,0,70
06/09/2020,AMA,TX,ASW,CE,Combined TRACON& Tower with Radar,10,6,9,0,25,0,0,4,0,4,10,6,13,0,29,0,18,18,47
06/10/2020,AMA,TX,ASW,CE,Combined TRACON& Tower with Radar,10,5,28,51,94,0,2,23,98,123,10,7,51,149,217,0,12,12,229
06/11/2020,AMA,TX,ASW,CE,Combined TRACON& Tower with Radar,10,6,22,18,56,0,0,11,2,13,10,6,33,20,69,6,0,6,75
06/12/2020,AMA,TX,ASW,CE,Combined TRACON& Tower with Radar,10,13,18,23,64,0,0,14,0,14,10,13,32,23,78,18,0,18,96
06/13/2020,AMA,TX,ASW,CE,Combined TRACON& Tower with Radar,8,5,13,3,29,0,1,10,2,13,8,6,23,5,42,16,0,16,58
06/14/2020,AMA,TX,ASW,CE,Combined TRACON& Tower with Radar,10,11,3,1,25,0,0,1,3,4,10,11,4,4,29,4,0,4,33
06/15/2020,AMA,TX,ASW,CE,Combined TRACON& Tower with Radar,10,8,13,12,43,0,0,16,3,19,10,8,29,15,62,14,0,14,76
06/16/2020,AMA,TX,ASW,CE,Combined TRACON& Tower with Radar,10,4,20,16,50,0,2,10,5,17,10,6,30,21,67,10,7,17,84
06/17/2020,AMA,TX,ASW,CE,Combined TRACON& Tower with Radar,10,9,20,11,50,0,0,9,3,12,10,9,29,14,62,0,0,0,62
06/18/2020,AMA,TX,ASW,CE,Combined TRACON& Tower with Radar,10,12,20,23,65,0,0,28,3,31,10,12,48,26,96,8,20,28,124
06/19/2020,AMA,TX,ASW,CE,Combined TRACON& Tower with Radar,12,9,18,26,65,0,0,5,6,11,12,9,23,32,76,0,28,28,104
06/20/2020,AMA,TX,ASW,CE,Combined TRACON& Tower with Radar,8,11,15,5,39,0,3,4,2,9,8,14,19,7,48,0,0,0,48
06/21/2020,AMA,TX,ASW,CE,Combined TRACON& Tower with Radar,14,11,8,0,33,0,0,13,2,15,14,11,21,2,48,0,0,0,48
06/22/2020,AMA,TX,ASW,CE,Combined TRACON& Tower with Radar,10,13,14,98,135,0,1,12,5,18,10,14,26,103,153,14,58,72,225
06/23/2020,AMA,TX,ASW,CE,Combined TRACON& Tower with Radar,10,9,17,20,56,0,3,9,1,13,10,12,26,21,69,26,26,52,121
06/24/2020,AMA,TX,ASW,CE,Combined TRACON& Tower with Radar,10,13,23,52,98,0,0,23,2,25,10,13,46,54,123,6,20,26,149
06/25/2020,AMA,TX,ASW,CE,Combined TRACON& Tower with Radar,10,10,37,43,100,0,0,12,5,17,10,10,49,48,117,14,40,54,171
06/26/2020,AMA,TX,ASW,CE,Combined TRACON& Tower with Radar,10,9,9,34,62,0,0,14,5,19,10,9,23,39,81,18,14,32,113
06/27/2020,AMA,TX,ASW,CE,Combined TRACON& Tower with Radar,8,12,12,1,33,0,0,7,2,9,8,12,19,3,42,0,0,0,42
06/28/2020,AMA,TX,ASW,CE,Combined TRACON& Tower with Radar,8,4,12,0,24,0,1,6,0,7,8,5,18,0,31,22,16,38,69
06/29/2020,AMA,TX,ASW,CE,Combined TRACON& Tower with Radar,10,6,18,7,41,0,3,10,5,18,10,9,28,12,59,2,54,56,115
06/30/2020,AMA,TX,ASW,CE,Combined TRACON& Tower with Radar,8,16,28,17,69,0,0,15,0,15,8,16,43,17,84,0,0,0,84
07/01/2020,AMA,TX,ASW,CE,Combined TRACON& Tower with Radar,8,8,13,3,32,0,0,10,3,13,8,8,23,6,45,22,18,40,85
07/02/2020,AMA,TX,ASW,CE,Combined TRACON& Tower with Radar,10,7,29,5,51,0,0,10,4,14,10,7,39,9,65,42,18,60,125
07/03/2020,AMA,TX,ASW,CE,Combined TRACON& Tower with Radar,12,13,6,0,31,0,0,18,0,18,12,13,24,0,49,8,0,8,57
07/04/2020,AMA,TX,ASW,CE,Combined TRACON& Tower with Radar,9,2,4,0,15,0,0,15,0,15,9,2,19,0,30,14,0,14,44
07/05/2020,AMA,TX,ASW,CE,Combined TRACON& Tower with Radar,8,14,8,2,32,0,0,4,0,4,8,14,12,2,36,0,0,0,36
07/06/2020,AMA,TX,ASW,CE,Combined TRACON& Tower with Radar,13,8,13,6,40,0,1,12,2,15,13,9,25,8,55,16,10,26,81
07/07/2020,AMA,TX,ASW,CE,Combined TRACON& Tower with Radar,10,14,24,8,56,0,0,16,1,17,10,14,40,9,73,10,4,14,87
07/08/2020,AMA,TX,ASW,CE,Combined TRACON& Tower with Radar,12,5,42,4,63,0,1,7,5,13,12,6,49,9,76,16,6,22,98
07/09/2020,AMA,TX,ASW,CE,Combined TRACON& Tower with Radar,14,10,20,13,57,0,0,7,15,22,14,10,27,28,79,24,6,30,109
07/10/2020,AMA,TX,ASW,CE,Combined TRACON& Tower with Radar,16,18,15,38,87,0,0,17,8,25,16,18,32,46,112,10,96,106,218
07/11/2020,AMA,TX,ASW,CE,Combined TRACON& Tower with Radar,10,15,10,7,42,0,1,7,0,8,10,16,17,7,50,16,0,16,66
07/12/2020,AMA,TX,ASW,CE,Combined TRACON& Tower with Radar,12,8,13,2,35,0,1,3,5,9,12,9,16,7,44,0,0,0,44
07/13/2020,AMA,TX,ASW,CE,Combined TRACON& Tower with Radar,14,10,13,8,45,0,0,11,3,14,14,10,24,11,59,24,10,34,93
07/14/2020,AMA,TX,ASW,CE,Combined TRACON& Tower with Radar,12,7,12,11,42,0,0,12,4,16,12,7,24,15,58,20,0,20,78
07/15/2020,AMA,TX,ASW,CE,Combined TRACON& Tower with Radar,12,7,18,4,41,0,0,7,1,8,12,7,25,5,49,0,0,0,49
07/16/2020,AMA,TX,ASW,CE,Combined TRACON& Tower with Radar,14,10,26,16,66,0,1,17,1,19,14,11,43,17,85,20,0,20,105
07/17/2020,AMA,TX,ASW,CE,Combined TRACON& Tower with Radar,14,16,10,40,80,0,0,12,6,18,14,16,22,46,98,12,6,18,116
07/18/2020,AMA,TX,ASW,CE,Combined TRACON& Tower with Radar,10,14,6,6,36,0,0,9,5,14,10,14,15,11,50,10,6,16,66
07/19/2020,AMA,TX,ASW,CE,Combined TRACON& Tower with Radar,12,12,8,10,42,0,0,4,1,5,12,12,12,11,47,16,0,16,63
07/20/2020,AMA,TX,ASW,CE,Combined TRACON& Tower with Radar,14,17,15,23,69,0,0,7,2,9,14,17,22,25,78,0,6,6,84
07/21/2020,AMA,TX,ASW,CE,Combined TRACON& Tower with Radar,10,13,13,33,69,0,0,8,1,9,10,13,21,34,78,20,36,56,134
07/22/2020,AMA,TX,ASW,CE,Combined TRACON& Tower with Radar,12,9,18,8,47,0,0,9,0,9,12,9,27,8,56,22,24,46,102
07/23/2020,AMA,TX,ASW,CE,Combined TRACON& Tower with Radar,14,17,20,20,71,0,0,23,1,24,14,17,43,21,95,0,0,0,95
07/24/2020,AMA,TX,ASW,CE,Combined TRACON& Tower with Radar,14,13,19,5,51,0,2,14,0,16,14,15,33,5,67,20,18,38,105
07/25/2020,AMA,TX,ASW,CE,Combined TRACON& Tower with Radar,10,15,23,10,58,0,0,15,1,16,10,15,38,11,74,34,34,68,142
07/26/2020,AMA,TX,ASW,CE,Combined TRACON& Tower with Radar,12,12,26,25,75,0,0,11,1,12,12,12,37,26,87,20,30,50,137
07/27/2020,AMA,TX,ASW,CE,Combined TRACON& Tower with Radar,14,10,20,12,56,0,0,7,4,11,14,10,27,16,67,0,0,0,67
07/28/2020,AMA,TX,ASW,CE,Combined TRACON& Tower with Radar,12,8,43,33,96,0,0,18,9,27,12,8,61,42,123,8,104,112,235
07/29/2020,AMA,TX,ASW,CE,Combined TRACON& Tower with Radar,12,3,49,44,108,0,0,13,10,23,12,3,62,54,131,0,0,0,131
07/30/2020,AMA,TX,ASW,CE,Combined TRACON& Tower with Radar,14,18,24,36,92,0,2,24,33,59,14,20,48,69,151,0,0,0,151
07/31/2020,AMA,TX,ASW,CE,Combined TRACON& Tower with Radar,14,21,29,6,70,0,2,31,23,56,14,23,60,29,126,0,0,0,126
08/01/2020,AMA,TX,ASW,CE,Combined TRACON& Tower with Radar,10,14,17,1,42,0,0,13,1,14,10,14,30,2,56,36,40,76,132
08/02/2020,AMA,TX,ASW,CE,Combined TRACON& Tower with Radar,12,10,15,4,41,0,0,8,3,11,12,10,23,7,52,0,0,0,52
08/03/2020,AMA,TX,ASW,CE,Combined TRACON& Tower with Radar,14,11,19,25,69,0,0,14,3,17,14,11,33,28,86,16,62,78,164
08/04/2020,AMA,TX,ASW,CE,Combined TRACON& Tower with Radar,10,17,13,23,63,0,1,9,5,15,10,18,22,28,78,2,14,16,94
08/05/2020,AMA,TX,ASW,CE,Combined TRACON& Tower with Radar,13,11,27,74,125,0,2,9,5,16,13,13,36,79,141,0,0,0,141
08/06/2020,AMA,TX,ASW,CE,Combined TRACON& Tower with Radar,16,17,18,45,96,0,2,6,5,13,16,19,24,50,109,0,0,0,109
08/07/2020,AMA,TX,ASW,CE,Combined TRACON& Tower with Radar,14,12,10,10,46,0,0,9,4,13,14,12,19,14,59,24,22,46,105
08/08/2020,AMA,TX,ASW,CE,Combined TRACON& Tower with Radar,9,14,12,2,37,0,0,9,0,9,9,14,21,2,46,0,0,0,46
08/09/2020,AMA,TX,ASW,CE,Combined TRACON& Tower with Radar,14,13,9,19,55,0,2,2,7,11,14,15,11,26,66,0,12,12,78
08/10/2020,AMA,TX,ASW,CE,Combined TRACON& Tower with Radar,17,10,9,21,57,0,0,10,3,13,17,10,19,24,70,6,8,14,84
08/11/2020,AMA,TX,ASW,CE,Combined TRACON& Tower with Radar,15,12,23,15,65,0,0,10,6,16,15,12,33,21,81,4,102,106,187
08/12/2020,AMA,TX,ASW,CE,Combined TRACON& Tower with Radar,18,13,28,17,76,0,0,9,7,16,18,13,37,24,92,10,104,114,206
08/13/2020,AMA,TX,ASW,CE,Combined TRACON& Tower with Radar,16,10,16,2,44,0,0,14,7,21,16,10,30,9,65,20,10,30,95
08/14/2020,AMA,TX,ASW,CE,Combined TRACON& Tower with Radar,18,19,15,13,65,0,0,4,9,13,18,19,19,22,78,0,98,98,176
08/15/2020,AMA,TX,ASW,CE,Combined TRACON& Tower with Radar,15,13,9,2,39,0,1,9,0,10,15,14,18,2,49,0,8,8,57
08/16/2020,AMA,TX,ASW,CE,Combined TRACON& Tower with Radar,18,9,30,0,57,0,0,5,0,5,18,9,35,0,62,0,0,0,62
08/17/2020,AMA,TX,ASW,CE,Combined TRACON& Tower with Radar,17,11,10,11,49,0,0,10,0,10,17,11,20,11,59,0,0,0,59
08/18/2020,AMA,TX,ASW,CE,Combined TRACON& Tower with Radar,14,7,12,11,44,0,1,10,4,15,14,8,22,15,59,0,26,26,85
08/19/2020,AMA,TX,ASW,CE,Combined TRACON& Tower with Radar,14,14,13,24,65,0,0,13,1,14,14,14,26,25,79,0,0,0,79
08/20/2020,AMA,TX,ASW,CE,Combined TRACON& Tower with Radar,14,21,24,24,83,0,0,14,1,15,14,21,38,25,98,0,30,30,128
08/21/2020,AMA,TX,ASW,CE,Combined TRACON& Tower with Radar,14,15,28,63,120,0,0,20,3,23,14,15,48,66,143,20,108,128,271
08/22/2020,AMA,TX,ASW,CE,Combined TRACON& Tower with Radar,15,15,8,18,56,0,1,23,6,30,15,16,31,24,86,18,30,48,134
08/23/2020,AMA,TX,ASW,CE,Combined TRACON& Tower with Radar,16,16,24,0,56,0,2,9,6,17,16,18,33,6,73,24,18,42,115
08/24/2020,AMA,TX,ASW,CE,Combined TRACON& Tower with Radar,13,25,16,11,65,0,0,14,1,15,13,25,30,12,80,0,110,110,190
08/25/2020,AMA,TX,ASW,CE,Combined TRACON& Tower with Radar,25,8,24,7,64,0,0,19,6,25,25,8,43,13,89,8,0,8,97
08/26/2020,AMA,TX,ASW,CE,Combined TRACON& Tower with Radar,14,12,23,42,91,0,1,21,1,23,14,13,44,43,114,10,14,24,138
08/27/2020,AMA,TX,ASW,CE,Combined TRACON& Tower with Radar,14,11,19,31,75,0,0,17,7,24,14,11,36,38,99,26,8,34,133
08/28/2020,AMA,TX,ASW,CE,Combined TRACON& Tower with Radar,14,19,20,53,106,0,2,12,5,19,14,21,32,58,125,20,8,28,153
08/29/2020,AMA,TX,ASW,CE,Combined TRACON& Tower with Radar,13,16,13,20,62,0,0,8,6,14,13,16,21,26,76,0,2,2,78
08/30/2020,AMA,TX,ASW,CE,Combined TRACON& Tower with Radar,16,17,7,32,72,0,2,7,6,15,16,19,14,38,87,0,20,20,107
08/31/2020,AMA,TX,ASW,CE,Combined TRACON& Tower with Radar,14,16,10,4,44,0,0,4,7,11,14,16,14,11,55,0,20,20,75
09/01/2020,AMA,TX,ASW,CE,Combined TRACON& Tower with Radar,16,15,26,22,79,0,0,7,3,10,16,15,33,25,89,4,58,62,151
09/02/2020,AMA,TX,ASW,CE,Combined TRACON& Tower with Radar,21,18,41,11,91,0,0,4,5,9,21,18,45,16,100,24,14,38,138
09/03/2020,AMA,TX,ASW,CE,Combined TRACON& Tower with Radar,14,17,24,23,78,0,2,14,4,20,14,19,38,27,98,28,10,38,136
09/04/2020,AMA,TX,ASW,CE,Combined TRACON& Tower with Radar,14,22,16,0,52,0,1,13,3,17,14,23,29,3,69,0,0,0,69
09/05/2020,AMA,TX,ASW,CE,Combined TRACON& Tower with Radar,17,11,5,0,33,0,1,22,0,23,17,12,27,0,56,20,0,20,76
09/06/2020,AMA,TX,ASW,CE,Combined TRACON& Tower with Radar,14,14,10,0,38,0,1,13,0,14,14,15,23,0,52,2,20,22,74
09/07/2020,AMA,TX,ASW,CE,Combined TRACON& Tower with Radar,12,22,12,4,50,0,0,14,0,14,12,22,26,4,64,60,0,60,124
09/08/2020,AMA,TX,ASW,CE,Combined TRACON& Tower with Radar,12,15,22,4,53,0,0,2,0,2,12,15,24,4,55,0,0,0,55
09/09/2020,AMA,TX,ASW,CE,Combined TRACON& Tower with Radar,10,27,10,3,50,0,0,0,0,0,10,27,10,3,50,0,0,0,50
09/10/2020,AMA,TX,ASW,CE,Combined TRACON& Tower with Radar,10,23,28,32,93,0,0,0,0,0,10,23,28,32,93,0,0,0,93
09/11/2020,AMA,TX,ASW,CE,Combined TRACON& Tower with Radar,10,22,60,103,195,0,2,18,14,34,10,24,78,117,229,50,108,158,387
09/12/2020,AMA,TX,ASW,CE,Combined TRACON& Tower with Radar,10,17,6,61,94,0,0,12,7,19,10,17,18,68,113,118,28,146,259
09/13/2020,AMA,TX,ASW,CE,Combined TRACON& Tower with Radar,10,16,6,4,36,0,0,14,4,18,10,16,20,8,54,32,24,56,110
09/14/2020,AMA,TX,ASW,CE,Combined TRACON& Tower with Radar,11,23,23,34,91,0,0,11,2,13,11,23,34,36,104,0,0,0,104
09/15/2020,AMA,TX,ASW,CE,Combined TRACON& Tower with Radar,9,15,14,6,44,0,3,14,1,18,9,18,28,7,62,64,14,78,140
09/16/2020,AMA,TX,ASW,CE,Combined TRACON& Tower with Radar,11,15,28,30,84,0,1,21,2,24,11,16,49,32,108,40,24,64,172
09/17/2020,AMA,TX,ASW,CE,Combined TRACON& Tower with Radar,10,17,23,13,63,0,0,15,3,18,10,17,38,16,81,20,14,34,115
09/18/2020,AMA,TX,ASW,CE,Combined TRACON& Tower with Radar,10,18,24,36,88,0,0,18,7,25,10,18,42,43,113,8,44,52,165
09/19/2020,AMA,TX,ASW,CE,Combined TRACON& Tower with Radar,10,19,11,25,65,0,1,8,12,21,10,20,19,37,86,12,10,22,108
09/20/2020,AMA,TX,ASW,CE,Combined TRACON& Tower with Radar,10,14,29,7,60,0,0,15,1,16,10,14,44,8,76,6,6,12,88
09/21/2020,AMA,TX,ASW,CE,Combined TRACON& Tower with Radar,12,17,23,42,94,0,0,5,5,10,12,17,28,47,104,10,76,86,190
09/22/2020,AMA,TX,ASW,CE,Combined TRACON& Tower with Radar,12,17,40,78,147,0,0,24,5,29,12,17,64,83,176,2,38,40,216
09/23/2020,AMA,TX,ASW,CE,Combined TRACON& Tower with Radar,10,26,51,47,134,0,7,15,5,27,10,33,66,52,161,16,140,156,317
09/24/2020,AMA,TX,ASW,CE,Combined TRACON& Tower with Radar,10,20,26,23,79,0,2,29,8,39,10,22,55,31,118,14,10,24,142
09/25/2020,AMA,TX,ASW,CE,Combined TRACON& Tower with Radar,10,25,34,37,106,0,0,19,4,23,10,25,53,41,129,0,0,0,129
09/26/2020,AMA,TX,ASW,CE,Combined TRACON& Tower with Radar,10,18,13,1,42,0,0,14,3,17,10,18,27,4,59,0,0,0,59
09/27/2020,AMA,TX,ASW,CE,Combined TRACON& Tower with Radar,10,17,10,18,55,0,0,7,6,13,10,17,17,24,68,0,0,0,68
09/28/2020,AMA,TX,ASW,CE,Combined TRACON& Tower with Radar,10,21,21,35,87,0,0,8,6,14,10,21,29,41,101,0,0,0,101
09/29/2020,AMA,TX,ASW,CE,Combined TRACON& Tower with Radar,14,13,16,16,59,0,1,11,6,18,14,14,27,22,77,28,134,162,239
09/30/2020,AMA,TX,ASW,CE,Combined TRACON& Tower with Radar,10,21,17,8,56,0,4,18,5,27,10,25,35,13,83,0,0,0,83
10/01/2020,AMA,TX,ASW,CE,Combined TRACON& Tower with Radar,10,22,39,26,97,0,2,22,2,26,10,24,61,28,123,0,0,0,123
10/02/2020,AMA,TX,ASW,CE,Combined TRACON& Tower with Radar,10,20,39,27,96,0,3,12,8,23,10,23,51,35,119,0,24,24,143
10/03/2020,AMA,TX,ASW,CE,Combined TRACON& Tower with Radar,10,17,14,8,49,0,0,9,0,9,10,17,23,8,58,0,0,0,58
10/04/2020,AMA,TX,ASW,CE,Combined TRACON& Tower with Radar,10,19,15,9,53,0,0,12,5,17,10,19,27,14,70,16,20,36,106
10/05/2020,AMA,TX,ASW,CE,Combined TRACON& Tower with Radar,23,22,19,56,120,0,2,14,2,18,23,24,33,58,138,0,94,94,232
10/06/2020,AMA,TX,ASW,CE,Combined TRACON& Tower with Radar,17,20,18,11,66,0,3,16,5,24,17,23,34,16,90,12,28,40,130
10/07/2020,AMA,TX,ASW,CE,Combined TRACON& Tower with Radar,26,22,23,21,92,0,0,15,0,15,26,22,38,21,107,0,46,46,153
10/08/2020,AMA,TX,ASW,CE,Combined TRACON& Tower with Radar,10,26,12,43,91,0,0,18,2,20,10,26,30,45,111,12,46,58,169
10/09/2020,AMA,TX,ASW,CE,Combined TRACON& Tower with Radar,12,19,8,36,75,0,2,14,10,26,12,21,22,46,101,52,146,198,299
10/10/2020,AMA,TX,ASW,CE,Combined TRACON& Tower with Radar,12,17,15,41,85,0,2,17,1,20,12,19,32,42,105,0,18,18,123
10/11/2020,AMA,TX,ASW,CE,Combined TRACON& Tower with Radar,14,12,21,0,47,0,1,15,2,18,14,13,36,2,65,18,0,18,83
10/12/2020,AMA,TX,ASW,CE,Combined TRACON& Tower with Radar,14,20,17,2,53,0,4,28,8,40,14,24,45,10,93,34,0,34,127
10/13/2020,AMA,TX,ASW,CE,Combined TRACON& Tower with Radar,10,21,31,15,77,0,0,15,3,18,10,21,46,18,95,2,42,44,139
10/14/2020,AMA,TX,ASW,CE,Combined TRACON& Tower with Radar,10,26,31,6,73,0,3,18,1,22,10,29,49,7,95,10,10,20,115
10/15/2020,AMA,TX,ASW,CE,Combined TRACON& Tower with Radar,10,26,34,16,86,0,2,11,7,20,10,28,45,23,106,12,46,58,164
10/16/2020,AMA,TX,ASW,CE,Combined TRACON& Tower with Radar,14,21,20,73,128,0,0,22,9,31,14,21,42,82,159,2,12,14,173
10/17/2020,AMA,TX,ASW,CE,Combined TRACON& Tower with Radar,12,17,5,8,42,0,0,8,2,10,12,17,13,10,52,46,0,46,98
10/18/2020,AMA,TX,ASW,CE,Combined TRACON& Tower with Radar,14,18,19,54,105,0,0,1,0,1,14,18,20,54,106,0,0,0,106
10/19/2020,AMA,TX,ASW,CE,Combined TRACON& Tower with Radar,13,18,14,58,103,0,2,13,43,58,13,20,27,101,161,0,0,0,161
10/20/2020,AMA,TX,ASW,CE,Combined TRACON& Tower with Radar,11,28,21,29,89,0,1,10,2,13,11,29,31,31,102,8,24,32,134
10/21/2020,AMA,TX,ASW,CE,Combined TRACON& Tower with Radar,10,18,28,19,75,0,0,8,0,8,10,18,36,19,83,6,6,12,95
10/22/2020,AMA,TX,ASW,CE,Combined TRACON& Tower with Radar,9,25,19,13,66,0,0,15,8,23,9,25,34,21,89,0,0,0,89
10/23/2020,AMA,TX,ASW,CE,Combined TRACON& Tower with Radar,12,22,13,54,101,0,0,3,5,8,12,22,16,59,109,0,30,30,139
10/24/2020,AMA,TX,ASW,CE,Combined TRACON& Tower with Radar,12,15,7,18,52,0,1,5,1,7,12,16,12,19,59,0,0,0,59
10/25/2020,AMA,TX,ASW,CE,Combined TRACON& Tower with Radar,12,21,21,2,56,0,0,0,0,0,12,21,21,2,56,0,0,0,56
10/26/2020,AMA,TX,ASW,CE,Combined TRACON& Tower with Radar,0,0,0,0,0,0,0,1,0,1,0,0,1,0,1,0,0,0,1
10/27/2020,AMA,TX,ASW,CE,Combined TRACON& Tower with Radar,0,0,0,0,0,0,0,0,0,0,0,0,0,0,0,0,0,0,0
10/28/2020,AMA,TX,ASW,CE,Combined TRACON& Tower with Radar,0,3,4,0,7,0,0,0,0,0,0,3,4,0,7,0,0,0,7
10/29/2020,AMA,TX,ASW,CE,Combined TRACON& Tower with Radar,12,17,17,2,48,0,0,7,6,13,12,17,24,8,61,14,0,14,75
10/30/2020,AMA,TX,ASW,CE,Combined TRACON& Tower with Radar,14,20,28,35,97,0,0,22,3,25,14,20,50,38,122,0,36,36,158
10/31/2020,AMA,TX,ASW,CE,Combined TRACON& Tower with Radar,12,11,12,12,47,0,1,17,5,23,12,12,29,17,70,6,0,6,76
11/01/2020,AMA,TX,ASW,CE,Combined TRACON& Tower with Radar,12,19,12,6,49,0,0,13,0,13,12,19,25,6,62,46,0,46,108
11/02/2020,AMA,TX,ASW,CE,Combined TRACON& Tower with Radar,12,21,28,19,80,0,0,20,2,22,12,21,48,21,102,58,40,98,200
11/03/2020,AMA,TX,ASW,CE,Combined TRACON& Tower with Radar,14,17,14,21,66,0,0,17,11,28,14,17,31,32,94,28,60,88,182
11/04/2020,AMA,TX,ASW,CE,Combined TRACON& Tower with Radar,10,19,16,22,67,0,0,26,1,27,10,19,42,23,94,50,34,84,178
11/05/2020,AMA,TX,ASW,CE,Combined TRACON& Tower with Radar,12,22,42,35,111,0,0,16,5,21,12,22,58,40,132,10,14,24,156
11/06/2020,AMA,TX,ASW,CE,Combined TRACON& Tower with Radar,14,20,20,40,94,0,0,25,3,28,14,20,45,43,122,20,80,100,222
11/07/2020,AMA,TX,ASW,CE,Combined TRACON& Tower with Radar,16,16,8,0,40,0,1,8,3,12,16,17,16,3,52,14,0,14,66
11/08/2020,AMA,TX,ASW,CE,Combined TRACON& Tower with Radar,18,15,19,11,63,0,1,4,1,6,18,16,23,12,69,10,4,14,83
11/09/2020,AMA,TX,ASW,CE,Combined TRACON& Tower with Radar,12,17,33,40,102,0,1,14,2,17,12,18,47,42,119,0,124,124,243
11/10/2020,AMA,TX,ASW,CE,Combined TRACON& Tower with Radar,10,18,49,27,104,0,2,19,6,27,10,20,68,33,131,32,132,164,295
11/11/2020,AMA,TX,ASW,CE,Combined TRACON& Tower with Radar,12,23,9,0,44,0,0,18,2,20,12,23,27,2,64,44,0,44,108
11/12/2020,AMA,TX,ASW,CE,Combined TRACON& Tower with Radar,14,13,20,35,82,0,0,8,0,8,14,13,28,35,90,0,0,0,90
11/13/2020,AMA,TX,ASW,CE,Combined TRACON& Tower with Radar,16,18,53,83,170,0,3,9,4,16,16,21,62,87,186,44,118,162,348
11/14/2020,AMA,TX,ASW,CE,Combined TRACON& Tower with Radar,16,20,7,1,44,0,0,7,2,9,16,20,14,3,53,2,0,2,55
11/15/2020,AMA,TX,ASW,CE,Combined TRACON& Tower with Radar,18,19,22,19,78,0,1,17,6,24,18,20,39,25,102,30,18,48,150
11/16/2020,AMA,TX,ASW,CE,Combined TRACON& Tower with Radar,15,21,21,24,81,0,0,8,1,9,15,21,29,25,90,0,22,22,112
11/17/2020,AMA,TX,ASW,CE,Combined TRACON& Tower with Radar,12,17,12,17,58,0,0,7,2,9,12,17,19,19,67,24,28,52,119
11/18/2020,AMA,TX,ASW,CE,Combined TRACON& Tower with Radar,13,17,28,22,80,0,0,7,6,13,13,17,35,28,93,0,10,10,103
11/19/2020,AMA,TX,ASW,CE,Combined TRACON& Tower with Radar,15,11,9,14,49,0,0,8,4,12,15,11,17,18,61,10,52,62,123
11/20/2020,AMA,TX,ASW,CE,Combined TRACON& Tower with Radar,16,15,26,18,75,0,4,16,1,21,16,19,42,19,96,14,22,36,132
11/21/2020,AMA,TX,ASW,CE,Combined TRACON& Tower with Radar,18,19,17,0,54,0,0,2,3,5,18,19,19,3,59,0,0,0,59
11/22/2020,AMA,TX,ASW,CE,Combined TRACON& Tower with Radar,19,13,15,0,47,0,0,2,0,2,19,13,17,0,49,6,0,6,55
11/23/2020,AMA,TX,ASW,CE,Combined TRACON& Tower with Radar,15,22,17,6,60,0,0,0,0,0,15,22,17,6,60,0,0,0,60
11/24/2020,AMA,TX,ASW,CE,Combined TRACON& Tower with Radar,23,20,4,28,75,0,0,8,65,73,23,20,12,93,148,0,0,0,148
11/25/2020,AMA,TX,ASW,CE,Combined TRACON& Tower with Radar,18,17,12,7,54,0,0,38,13,51,18,17,50,20,105,0,0,0,105
11/26/2020,AMA,TX,ASW,CE,Combined TRACON& Tower with Radar,6,10,4,0,20,0,0,3,0,3,6,10,7,0,23,6,0,6,29
11/27/2020,AMA,TX,ASW,CE,Combined TRACON& Tower with Radar,10,14,4,1,29,0,0,44,1,45,10,14,48,2,74,0,0,0,74
11/28/2020,AMA,TX,ASW,CE,Combined TRACON& Tower with Radar,16,22,3,0,41,0,0,0,0,0,16,22,3,0,41,0,0,0,41
11/29/2020,AMA,TX,ASW,CE,Combined TRACON& Tower with Radar,16,16,9,0,41,0,0,3,2,5,16,16,12,2,46,0,0,0,46
11/30/2020,AMA,TX,ASW,CE,Combined TRACON& Tower with Radar,17,21,12,6,56,0,0,9,0,9,17,21,21,6,65,0,8,8,73
12/01/2020,AMA,TX,ASW,CE,Combined TRACON& Tower with Radar,13,17,11,8,49,0,0,10,0,10,13,17,21,8,59,18,24,42,101
12/02/2020,AMA,TX,ASW,CE,Combined TRACON& Tower with Radar,8,16,7,0,31,0,0,0,0,0,8,16,7,0,31,8,0,8,39
12/03/2020,AMA,TX,ASW,CE,Combined TRACON& Tower with Radar,10,18,18,2,48,0,0,5,3,8,10,18,23,5,56,10,0,10,66
12/04/2020,AMA,TX,ASW,CE,Combined TRACON& Tower with Radar,12,22,13,37,84,0,0,3,6,9,12,22,16,43,93,16,22,38,131
12/05/2020,AMA,TX,ASW,CE,Combined TRACON& Tower with Radar,14,14,9,4,41,0,0,8,0,8,14,14,17,4,49,0,0,0,49
12/06/2020,AMA,TX,ASW,CE,Combined TRACON& Tower with Radar,14,14,11,10,49,0,0,12,0,12,14,14,23,10,61,6,8,14,75
12/07/2020,AMA,TX,ASW,CE,Combined TRACON& Tower with Radar,13,17,24,14,68,0,0,15,2,17,13,17,39,16,85,34,12,46,131
12/08/2020,AMA,TX,ASW,CE,Combined TRACON& Tower with Radar,8,13,10,0,31,0,0,9,3,12,8,13,19,3,43,34,0,34,77
12/09/2020,AMA,TX,ASW,CE,Combined TRACON& Tower with Radar,10,15,14,3,42,0,1,15,6,22,10,16,29,9,64,22,12,34,98
12/10/2020,AMA,TX,ASW,CE,Combined TRACON& Tower with Radar,10,21,21,8,60,0,1,14,4,19,10,22,35,12,79,26,10,36,115
12/11/2020,AMA,TX,ASW,CE,Combined TRACON& Tower with Radar,16,16,12,42,86,0,0,12,0,12,16,16,24,42,98,8,10,18,116
12/12/2020,AMA,TX,ASW,CE,Combined TRACON& Tower with Radar,13,14,5,22,54,0,5,19,0,24,13,19,24,22,78,0,40,40,118
12/13/2020,AMA,TX,ASW,CE,Combined TRACON& Tower with Radar,12,11,5,0,28,0,0,3,0,3,12,11,8,0,31,0,0,0,31
12/14/2020,AMA,TX,ASW,CE,Combined TRACON& Tower with Radar,19,18,13,19,69,0,0,9,1,10,19,18,22,20,79,0,22,22,101
12/15/2020,AMA,TX,ASW,CE,Combined TRACON& Tower with Radar,8,20,8,2,38,0,0,1,0,1,8,20,9,2,39,2,8,10,49
12/16/2020,AMA,TX,ASW,CE,Combined TRACON& Tower with Radar,8,15,16,32,71,0,0,34,6,40,8,15,50,38,111,0,0,0,111
12/17/2020,AMA,TX,ASW,CE,Combined TRACON& Tower with Radar,14,21,31,17,83,0,0,10,7,17,14,21,41,24,100,8,14,22,122
12/18/2020,AMA,TX,ASW,CE,Combined TRACON& Tower with Radar,15,14,17,68,114,0,0,3,7,10,15,14,20,75,124,4,80,84,208
12/19/2020,AMA,TX,ASW,CE,Combined TRACON& Tower with Radar,18,14,17,1,50,0,2,12,4,18,18,16,29,5,68,28,20,48,116
12/20/2020,AMA,TX,ASW,CE,Combined TRACON& Tower with Radar,14,12,14,9,49,0,2,13,4,19,14,14,27,13,68,16,0,16,84
12/21/2020,AMA,TX,ASW,CE,Combined TRACON& Tower with Radar,16,15,16,7,54,0,0,8,1,9,16,15,24,8,63,4,0,4,67
12/22/2020,AMA,TX,ASW,CE,Combined TRACON& Tower with Radar,14,22,21,5,62,0,0,10,4,14,14,22,31,9,76,6,14,20,96
12/23/2020,AMA,TX,ASW,CE,Combined TRACON& Tower with Radar,16,13,7,0,36,0,0,3,0,3,16,13,10,0,39,0,0,0,39
12/24/2020,AMA,TX,ASW,CE,Combined TRACON& Tower with Radar,10,16,5,0,31,0,0,11,0,11,10,16,16,0,42,0,0,0,42
12/25/2020,AMA,TX,ASW,CE,Combined TRACON& Tower with Radar,6,10,0,0,16,0,0,3,0,3,6,10,3,0,19,0,0,0,19
12/26/2020,AMA,TX,ASW,CE,Combined TRACON& Tower with Radar,16,21,15,0,52,0,1,7,0,8,16,22,22,0,60,6,0,6,66
12/27/2020,AMA,TX,ASW,CE,Combined TRACON& Tower with Radar,16,22,19,0,57,0,1,12,0,13,16,23,31,0,70,40,0,40,110
12/28/2020,AMA,TX,ASW,CE,Combined TRACON& Tower with Radar,14,19,18,0,51,0,0,3,0,3,14,19,21,0,54,0,0,0,54
12/29/2020,AMA,TX,ASW,CE,Combined TRACON& Tower with Radar,12,22,16,0,50,0,0,0,0,0,12,22,16,0,50,0,0,0,50
12/30/2020,AMA,TX,ASW,CE,Combined TRACON& Tower with Radar,24,13,12,7,56,0,0,11,1,12,24,13,23,8,68,0,0,0,68
12/31/2020,AMA,TX,ASW,CE,Combined TRACON& Tower with Radar,10,14,6,0,30,0,0,14,0,14,10,14,20,0,44,14,0,14,58
01/01/2021,AMA,TX,ASW,CE,Combined TRACON& Tower with Radar,10,21,2,1,34,0,2,9,1,12,10,23,11,2,46,0,0,0,46
01/02/2021,AMA,TX,ASW,CE,Combined TRACON& Tower with Radar,16,17,15,0,48,0,0,21,0,21,16,17,36,0,69,36,0,36,105
01/03/2021,AMA,TX,ASW,CE,Combined TRACON& Tower with Radar,16,16,13,0,45,0,0,17,0,17,16,16,30,0,62,22,0,22,84
01/04/2021,AMA,TX,ASW,CE,Combined TRACON& Tower with Radar,15,20,12,7,54,0,0,20,1,21,15,20,32,8,75,30,0,30,105
01/05/2021,AMA,TX,ASW,CE,Combined TRACON& Tower with Radar,12,22,13,12,59,0,1,10,3,14,12,23,23,15,73,0,0,0,73
01/06/2021,AMA,TX,ASW,CE,Combined TRACON& Tower with Radar,10,22,8,16,56,0,0,2,0,2,10,22,10,16,58,0,0,0,58
01/07/2021,AMA,TX,ASW,CE,Combined TRACON& Tower with Radar,10,17,25,31,83,0,0,23,3,26,10,17,48,34,109,22,56,78,187
01/08/2021,AMA,TX,ASW,CE,Combined TRACON& Tower with Radar,11,12,20,8,51,0,1,6,2,9,11,13,26,10,60,0,0,0,60
01/09/2021,AMA,TX,ASW,CE,Combined TRACON& Tower with Radar,12,21,12,6,51,0,0,13,0,13,12,21,25,6,64,0,0,0,64
01/10/2021,AMA,TX,ASW,CE,Combined TRACON& Tower with Radar,10,11,6,0,27,0,0,0,2,2,10,11,6,2,29,0,0,0,29
01/11/2021,AMA,TX,ASW,CE,Combined TRACON& Tower with Radar,11,22,18,11,62,0,0,11,8,19,11,22,29,19,81,22,28,50,131
01/12/2021,AMA,TX,ASW,CE,Combined TRACON& Tower with Radar,10,19,36,30,95,0,0,18,5,23,10,19,54,35,118,36,46,82,200
01/13/2021,AMA,TX,ASW,CE,Combined TRACON& Tower with Radar,8,15,14,54,91,0,0,19,7,26,8,15,33,61,117,50,16,66,183
01/14/2021,AMA,TX,ASW,CE,Combined TRACON& Tower with Radar,10,14,9,8,41,0,0,16,23,39,10,14,25,31,80,0,0,0,80
01/15/2021,AMA,TX,ASW,CE,Combined TRACON& Tower with Radar,12,19,21,51,103,0,0,4,3,7,12,19,25,54,110,22,30,52,162
01/16/2021,AMA,TX,ASW,CE,Combined TRACON& Tower with Radar,12,20,20,5,57,0,0,27,2,29,12,20,47,7,86,38,0,38,124
01/17/2021,AMA,TX,ASW,CE,Combined TRACON& Tower with Radar,12,16,11,29,68,0,1,15,8,24,12,17,26,37,92,18,0,18,110
01/18/2021,AMA,TX,ASW,CE,Combined TRACON& Tower with Radar,10,15,15,4,44,0,0,6,0,6,10,15,21,4,50,0,0,0,50
01/19/2021,AMA,TX,ASW,CE,Combined TRACON& Tower with Radar,10,22,16,55,103,0,1,17,0,18,10,23,33,55,121,0,0,0,121
01/20/2021,AMA,TX,ASW,CE,Combined TRACON& Tower with Radar,11,19,31,39,100,0,0,8,4,12,11,19,39,43,112,30,0,30,142
01/21/2021,AMA,TX,ASW,CE,Combined TRACON& Tower with Radar,11,20,17,44,92,0,0,19,3,22,11,20,36,47,114,48,20,68,182
01/22/2021,AMA,TX,ASW,CE,Combined TRACON& Tower with Radar,16,25,10,48,99,0,0,6,0,6,16,25,16,48,105,0,0,0,105
01/23/2021,AMA,TX,ASW,CE,Combined TRACON& Tower with Radar,12,17,24,84,137,0,0,11,61,72,12,17,35,145,209,0,0,0,209
01/24/2021,AMA,TX,ASW,CE,Combined TRACON& Tower with Radar,12,12,4,35,63,0,0,2,0,2,12,12,6,35,65,0,0,0,65
01/25/2021,AMA,TX,ASW,CE,Combined TRACON& Tower with Radar,12,22,31,96,161,0,0,34,63,97,12,22,65,159,258,0,0,0,258
01/26/2021,AMA,TX,ASW,CE,Combined TRACON& Tower with Radar,12,20,20,2,54,0,0,1,0,1,12,20,21,2,55,0,0,0,55
01/27/2021,AMA,TX,ASW,CE,Combined TRACON& Tower with Radar,8,30,19,18,75,0,0,15,1,16,8,30,34,19,91,0,0,0,91
01/28/2021,AMA,TX,ASW,CE,Combined TRACON& Tower with Radar,10,21,26,18,75,0,0,15,0,15,10,21,41,18,90,0,0,0,90
01/29/2021,AMA,TX,ASW,CE,Combined TRACON& Tower with Radar,12,24,25,77,138,0,0,16,2,18,12,24,41,79,156,10,8,18,174
01/30/2021,AMA,TX,ASW,CE,Combined TRACON& Tower with Radar,11,8,3,0,22,0,0,1,0,1,11,8,4,0,23,0,0,0,23
01/31/2021,AMA,TX,ASW,CE,Combined TRACON& Tower with Radar,13,13,18,7,51,0,1,16,5,22,13,14,34,12,73,40,34,74,147
02/01/2021,AMA,TX,ASW,CE,Combined TRACON& Tower with Radar,10,20,30,64,124,0,1,21,5,27,10,21,51,69,151,0,12,12,163
02/02/2021,AMA,TX,ASW,CE,Combined TRACON& Tower with Radar,10,16,17,25,68,0,0,25,6,31,10,16,42,31,99,24,20,44,143
02/03/2021,AMA,TX,ASW,CE,Combined TRACON& Tower with Radar,8,15,20,42,85,0,0,11,3,14,8,15,31,45,99,6,10,16,115
02/04/2021,AMA,TX,ASW,CE,Combined TRACON& Tower with Radar,10,16,22,30,78,0,0,11,2,13,10,16,33,32,91,4,22,26,117
02/05/2021,AMA,TX,ASW,CE,Combined TRACON& Tower with Radar,12,19,24,40,95,0,0,26,4,30,12,19,50,44,125,24,4,28,153
02/06/2021,AMA,TX,ASW,CE,Combined TRACON& Tower with Radar,14,14,15,30,73,0,0,17,0,17,14,14,32,30,90,0,0,0,90
02/07/2021,AMA,TX,ASW,CE,Combined TRACON& Tower with Radar,14,18,13,31,76,0,0,8,1,9,14,18,21,32,85,4,6,10,95
02/08/2021,AMA,TX,ASW,CE,Combined TRACON& Tower with Radar,10,18,23,22,73,0,0,9,0,9,10,18,32,22,82,10,12,22,104
02/09/2021,AMA,TX,ASW,CE,Combined TRACON& Tower with Radar,10,13,32,26,81,0,0,9,2,11,10,13,41,28,92,0,0,0,92
02/10/2021,AMA,TX,ASW,CE,Combined TRACON& Tower with Radar,8,23,20,0,51,0,0,11,0,11,8,23,31,0,62,0,0,0,62
02/11/2021,AMA,TX,ASW,CE,Combined TRACON& Tower with Radar,8,21,29,3,61,0,0,7,2,9,8,21,36,5,70,20,20,40,110
02/12/2021,AMA,TX,ASW,CE,Combined TRACON& Tower with Radar,10,18,20,1,49,0,0,5,1,6,10,18,25,2,55,0,0,0,55
02/13/2021,AMA,TX,ASW,CE,Combined TRACON& Tower with Radar,9,16,5,0,30,0,0,1,0,1,9,16,6,0,31,0,0,0,31
02/14/2021,AMA,TX,ASW,CE,Combined TRACON& Tower with Radar,0,0,4,0,4,0,0,0,0,0,0,0,4,0,4,0,0,0,4
02/15/2021,AMA,TX,ASW,CE,Combined TRACON& Tower with Radar,2,14,10,0,26,0,0,5,0,5,2,14,15,0,31,0,0,0,31
02/16/2021,AMA,TX,ASW,CE,Combined TRACON& Tower with Radar,4,4,12,0,20,0,0,2,0,2,4,4,14,0,22,0,0,0,22
02/17/2021,AMA,TX,ASW,CE,Combined TRACON& Tower with Radar,3,3,3,4,13,0,2,0,0,2,3,5,3,4,15,0,0,0,15
02/18/2021,AMA,TX,ASW,CE,Combined TRACON& Tower with Radar,4,14,15,0,33,0,0,0,0,0,4,14,15,0,33,0,0,0,33
02/19/2021,AMA,TX,ASW,CE,Combined TRACON& Tower with Radar,11,17,16,27,71,0,0,5,5,10,11,17,21,32,81,0,0,0,81
02/20/2021,AMA,TX,ASW,CE,Combined TRACON& Tower with Radar,15,15,11,29,70,0,1,7,13,21,15,16,18,42,91,0,44,44,135
02/21/2021,AMA,TX,ASW,CE,Combined TRACON& Tower with Radar,12,16,10,15,53,0,0,12,0,12,12,16,22,15,65,6,4,10,75
02/22/2021,AMA,TX,ASW,CE,Combined TRACON& Tower with Radar,8,27,20,29,84,0,0,31,2,33,8,27,51,31,117,4,60,64,181
02/23/2021,AMA,TX,ASW,CE,Combined TRACON& Tower with Radar,9,24,20,45,98,0,2,20,8,30,9,26,40,53,128,0,18,18,146
02/24/2021,AMA,TX,ASW,CE,Combined TRACON& Tower with Radar,8,24,13,70,115,0,0,28,2,30,8,24,41,72,145,10,10,20,165
02/25/2021,AMA,TX,ASW,CE,Combined TRACON& Tower with Radar,11,20,48,60,139,0,0,27,2,29,11,20,75,62,168,28,76,104,272
02/26/2021,AMA,TX,ASW,CE,Combined TRACON& Tower with Radar,13,20,25,128,186,0,0,53,127,180,13,20,78,255,366,0,0,0,366
02/27/2021,AMA,TX,ASW,CE,Combined TRACON& Tower with Radar,14,15,13,11,53,0,0,7,2,9,14,15,20,13,62,0,0,0,62
02/28/2021,AMA,TX,ASW,CE,Combined TRACON& Tower with Radar,7,13,14,15,49,0,0,22,0,22,7,13,36,15,71,22,0,22,93
03/01/2021,AMA,TX,ASW,CE,Combined TRACON& Tower with Radar,7,17,29,57,110,0,0,14,0,14,7,17,43,57,124,14,4,18,142
03/02/2021,AMA,TX,ASW,CE,Combined TRACON& Tower with Radar,17,14,24,23,78,0,0,18,4,22,17,14,42,27,100,18,38,56,156
03/03/2021,AMA,TX,ASW,CE,Combined TRACON& Tower with Radar,8,21,31,22,82,0,0,19,1,20,8,21,50,23,102,0,58,58,160
03/04/2021,AMA,TX,ASW,CE,Combined TRACON& Tower with Radar,16,21,33,22,92,0,0,11,0,11,16,21,44,22,103,0,0,0,103
03/05/2021,AMA,TX,ASW,CE,Combined TRACON& Tower with Radar,16,18,17,43,94,0,0,21,0,21,16,18,38,43,115,0,0,0,115
03/06/2021,AMA,TX,ASW,CE,Combined TRACON& Tower with Radar,14,17,12,7,50,0,0,22,3,25,14,17,34,10,75,40,6,46,121
03/07/2021,AMA,TX,ASW,CE,Combined TRACON& Tower with Radar,20,12,19,18,69,0,1,24,22,47,20,13,43,40,116,0,0,0,116
03/08/2021,AMA,TX,ASW,CE,Combined TRACON& Tower with Radar,19,17,28,26,90,0,0,33,53,86,19,17,61,79,176,0,0,0,176
03/09/2021,AMA,TX,ASW,CE,Combined TRACON& Tower with Radar,15,13,24,12,64,0,0,13,1,14,15,13,37,13,78,16,42,58,136
03/10/2021,AMA,TX,ASW,CE,Combined TRACON& Tower with Radar,14,12,36,41,103,0,0,8,6,14,14,12,44,47,117,4,50,54,171
03/11/2021,AMA,TX,ASW,CE,Combined TRACON& Tower with Radar,19,21,34,52,126,0,0,18,11,29,19,21,52,63,155,22,54,76,231
03/12/2021,AMA,TX,ASW,CE,Combined TRACON& Tower with Radar,20,14,29,2,65,0,0,6,0,6,20,14,35,2,71,0,0,0,71
03/13/2021,AMA,TX,ASW,CE,Combined TRACON& Tower with Radar,10,11,10,0,31,0,0,3,0,3,10,11,13,0,34,0,0,0,34
03/14/2021,AMA,TX,ASW,CE,Combined TRACON& Tower with Radar,18,17,22,48,105,0,0,7,14,21,18,17,29,62,126,0,2,2,128
03/15/2021,AMA,TX,ASW,CE,Combined TRACON& Tower with Radar,20,17,35,26,98,0,0,18,10,28,20,17,53,36,126,0,18,18,144
03/16/2021,AMA,TX,ASW,CE,Combined TRACON& Tower with Radar,16,13,16,14,59,0,2,12,2,16,16,15,28,16,75,22,0,22,97
03/17/2021,AMA,TX,ASW,CE,Combined TRACON& Tower with Radar,0,5,13,6,24,0,0,1,0,1,0,5,14,6,25,0,0,0,25
03/18/2021,AMA,TX,ASW,CE,Combined TRACON& Tower with Radar,21,18,34,69,142,0,3,15,8,26,21,21,49,77,168,10,18,28,196
03/19/2021,AMA,TX,ASW,CE,Combined TRACON& Tower with Radar,18,23,22,37,100,0,1,29,8,38,18,24,51,45,138,112,18,130,268
03/20/2021,AMA,TX,ASW,CE,Combined TRACON& Tower with Radar,12,15,21,3,51,0,2,12,6,20,12,17,33,9,71,20,0,20,91
03/21/2021,AMA,TX,ASW,CE,Combined TRACON& Tower with Radar,20,11,20,2,53,0,0,21,2,23,20,11,41,4,76,34,0,34,110
03/22/2021,AMA,TX,ASW,CE,Combined TRACON& Tower with Radar,22,12,16,12,62,0,1,13,1,15,22,13,29,13,77,0,0,0,77
03/23/2021,AMA,TX,ASW,CE,Combined TRACON& Tower with Radar,16,13,15,31,75,0,0,21,6,27,16,13,36,37,102,12,76,88,190
03/24/2021,AMA,TX,ASW,CE,Combined TRACON& Tower with Radar,15,17,14,0,46,0,0,4,0,4,15,17,18,0,50,0,0,0,50
03/25/2021,AMA,TX,ASW,CE,Combined TRACON& Tower with Radar,20,15,17,132,184,0,0,32,8,40,20,15,49,140,224,14,78,92,316
03/26/2021,AMA,TX,ASW,CE,Combined TRACON& Tower with Radar,22,19,29,74,144,0,2,13,0,15,22,21,42,74,159,2,16,18,177
03/27/2021,AMA,TX,ASW,CE,Combined TRACON& Tower with Radar,12,21,15,91,139,0,1,19,74,94,12,22,34,165,233,0,0,0,233
03/28/2021,AMA,TX,ASW,CE,Combined TRACON& Tower with Radar,19,19,20,0,58,0,2,36,0,38,19,21,56,0,96,0,0,0,96
03/29/2021,AMA,TX,ASW,CE,Combined TRACON& Tower with Radar,18,17,14,29,78,0,1,15,3,19,18,18,29,32,97,0,0,0,97
03/30/2021,AMA,TX,ASW,CE,Combined TRACON& Tower with Radar,16,17,36,109,178,0,0,12,5,17,16,17,48,114,195,0,0,0,195
03/31/2021,AMA,TX,ASW,CE,Combined TRACON& Tower with Radar,16,23,27,30,96,0,2,18,5,25,16,25,45,35,121,26,46,72,193
04/01/2021,AMA,TX,ASW,CE,Combined TRACON& Tower with Radar,20,17,23,22,82,0,2,12,1,15,20,19,35,23,97,10,14,24,121
04/02/2021,AMA,TX,ASW,CE,Combined TRACON& Tower with Radar,18,10,17,55,100,0,0,11,4,15,18,10,28,59,115,6,0,6,121
04/03/2021,AMA,TX,ASW,CE,Combined TRACON& Tower with Radar,20,12,8,7,47,0,2,39,17,58,20,14,47,24,105,0,0,0,105
04/04/2021,AMA,TX,ASW,CE,Combined TRACON& Tower with Radar,18,11,8,0,37,0,0,7,1,8,18,11,15,1,45,0,0,0,45
04/05/2021,AMA,TX,ASW,CE,Combined TRACON& Tower with Radar,18,15,21,17,71,0,3,13,1,17,18,18,34,18,88,6,8,14,102
04/06/2021,AMA,TX,ASW,CE,Combined TRACON& Tower with Radar,16,15,18,29,78,0,2,17,2,21,16,17,35,31,99,0,0,0,99
04/07/2021,AMA,TX,ASW,CE,Combined TRACON& Tower with Radar,18,20,12,65,115,0,1,20,3,24,18,21,32,68,139,8,38,46,185
04/08/2021,AMA,TX,ASW,CE,Combined TRACON& Tower with Radar,18,18,24,47,107,0,1,22,3,26,18,19,46,50,133,58,18,76,209
04/09/2021,AMA,TX,ASW,CE,Combined TRACON& Tower with Radar,17,16,13,29,75,0,0,18,6,24,17,16,31,35,99,16,18,34,133
04/10/2021,AMA,TX,ASW,CE,Combined TRACON& Tower with Radar,18,11,13,8,50,0,2,16,0,18,18,13,29,8,68,30,0,30,98
04/11/2021,AMA,TX,ASW,CE,Combined TRACON& Tower with Radar,20,17,15,11,63,0,0,15,1,16,20,17,30,12,79,60,0,60,139
04/12/2021,AMA,TX,ASW,CE,Combined TRACON& Tower with Radar,20,20,25,60,125,0,0,16,4,20,20,20,41,64,145,12,0,12,157
04/13/2021,AMA,TX,ASW,CE,Combined TRACON& Tower with Radar,16,10,28,66,120,0,0,19,0,19,16,10,47,66,139,26,24,50,189
04/14/2021,AMA,TX,ASW,CE,Combined TRACON& Tower with Radar,18,14,14,0,46,0,0,6,0,6,18,14,20,0,52,34,0,34,86
04/15/2021,AMA,TX,ASW,CE,Combined TRACON& Tower with Radar,17,17,32,0,66,0,0,6,0,6,17,17,38,0,72,0,0,0,72
04/16/2021,AMA,TX,ASW,CE,Combined TRACON& Tower with Radar,17,16,38,68,139,0,0,3,82,85,17,16,41,150,224,0,0,0,224
04/17/2021,AMA,TX,ASW,CE,Combined TRACON& Tower with Radar,21,12,9,33,75,0,0,5,1,6,21,12,14,34,81,12,8,20,101
04/18/2021,AMA,TX,ASW,CE,Combined TRACON& Tower with Radar,19,8,9,7,43,0,0,22,2,24,19,8,31,9,67,0,0,0,67
04/19/2021,AMA,TX,ASW,CE,Combined TRACON& Tower with Radar,19,17,23,35,94,0,1,18,3,22,19,18,41,38,116,62,12,74,190
04/20/2021,AMA,TX,ASW,CE,Combined TRACON& Tower with Radar,19,18,36,57,130,0,4,10,3,17,19,22,46,60,147,0,0,0,147
04/21/2021,AMA,TX,ASW,CE,Combined TRACON& Tower with Radar,16,20,21,59,116,0,2,23,8,33,16,22,44,67,149,18,18,36,185
04/22/2021,AMA,TX,ASW,CE,Combined TRACON& Tower with Radar,18,27,34,95,174,0,1,7,5,13,18,28,41,100,187,14,10,24,211
04/23/2021,AMA,TX,ASW,CE,Combined TRACON& Tower with Radar,20,23,18,118,179,0,0,12,27,39,20,23,30,145,218,12,88,100,318
04/24/2021,AMA,TX,ASW,CE,Combined TRACON& Tower with Radar,19,20,19,23,81,0,0,26,5,31,19,20,45,28,112,28,0,28,140
04/25/2021,AMA,TX,ASW,CE,Combined TRACON& Tower with Radar,21,15,16,23,75,0,0,14,1,15,21,15,30,24,90,22,4,26,116
04/26/2021,AMA,TX,ASW,CE,Combined TRACON& Tower with Radar,19,11,16,13,59,0,2,8,0,10,19,13,24,13,69,0,0,0,69
04/27/2021,AMA,TX,ASW,CE,Combined TRACON& Tower with Radar,17,14,21,3,55,0,0,12,2,14,17,14,33,5,69,14,0,14,83
04/28/2021,AMA,TX,ASW,CE,Combined TRACON& Tower with Radar,16,18,7,5,46,0,2,2,2,6,16,20,9,7,52,0,0,0,52
04/29/2021,AMA,TX,ASW,CE,Combined TRACON& Tower with Radar,18,13,22,1,54,0,0,5,0,5,18,13,27,1,59,0,0,0,59
04/30/2021,AMA,TX,ASW,CE,Combined TRACON& Tower with Radar,19,18,9,21,67,0,0,14,3,17,19,18,23,24,84,0,2,2,86
05/01/2021,AMA,TX,ASW,CE,Combined TRACON& Tower with Radar,18,16,18,7,59,0,1,10,4,15,18,17,28,11,74,0,6,6,80
05/02/2021,AMA,TX,ASW,CE,Combined TRACON& Tower with Radar,19,18,8,0,45,0,1,12,0,13,19,19,20,0,58,0,0,0,58
05/03/2021,AMA,TX,ASW,CE,Combined TRACON& Tower with Radar,17,11,16,0,44,0,0,0,0,0,17,11,16,0,44,0,0,0,44
05/04/2021,AMA,TX,ASW,CE,Combined TRACON& Tower with Radar,17,11,20,15,63,0,2,8,0,10,17,13,28,15,73,20,2,22,95
05/05/2021,AMA,TX,ASW,CE,Combined TRACON& Tower with Radar,16,17,14,5,52,0,0,10,0,10,16,17,24,5,62,8,0,8,70
05/06/2021,AMA,TX,ASW,CE,Combined TRACON& Tower with Radar,19,18,29,6,72,0,0,16,1,17,19,18,45,7,89,34,4,38,127
05/07/2021,AMA,TX,ASW,CE,Combined TRACON& Tower with Radar,22,15,8,4,49,0,0,20,1,21,22,15,28,5,70,0,0,0,70
05/08/2021,AMA,TX,ASW,CE,Combined TRACON& Tower with Radar,24,12,5,1,42,0,1,4,3,8,24,13,9,4,50,0,0,0,50
05/09/2021,AMA,TX,ASW,CE,Combined TRACON& Tower with Radar,20,12,13,2,47,0,0,1,2,3,20,12,14,4,50,0,0,0,50
05/10/2021,AMA,TX,ASW,CE,Combined TRACON& Tower with Radar,22,18,19,4,63,0,0,3,1,4,22,18,22,5,67,0,0,0,67
05/11/2021,AMA,TX,ASW,CE,Combined TRACON& Tower with Radar,19,11,24,6,60,0,0,0,0,0,19,11,24,6,60,0,0,0,60
05/12/2021,AMA,TX,ASW,CE,Combined TRACON& Tower with Radar,21,11,17,4,53,0,0,4,4,8,21,11,21,8,61,0,0,0,61
05/13/2021,AMA,TX,ASW,CE,Combined TRACON& Tower with Radar,23,18,19,10,70,0,0,5,7,12,23,18,24,17,82,22,20,42,124
05/14/2021,AMA,TX,ASW,CE,Combined TRACON& Tower with Radar,25,19,17,2,63,0,0,3,1,4,25,19,20,3,67,0,0,0,67
05/15/2021,AMA,TX,ASW,CE,Combined TRACON& Tower with Radar,19,11,12,2,44,0,0,8,1,9,19,11,20,3,53,0,0,0,53
05/16/2021,AMA,TX,ASW,CE,Combined TRACON& Tower with Radar,23,10,20,6,59,0,0,8,1,9,23,10,28,7,68,6,0,6,74
05/17/2021,AMA,TX,ASW,CE,Combined TRACON& Tower with Radar,20,10,20,27,77,0,0,7,2,9,20,10,27,29,86,12,48,60,146
05/18/2021,AMA,TX,ASW,CE,Combined TRACON& Tower with Radar,20,9,13,4,46,0,0,1,0,1,20,9,14,4,47,0,0,0,47
05/19/2021,AMA,TX,ASW,CE,Combined TRACON& Tower with Radar,20,15,18,6,59,0,1,10,3,14,20,16,28,9,73,36,10,46,119
05/20/2021,AMA,TX,ASW,CE,Combined TRACON& Tower with Radar,22,20,29,21,92,0,1,7,2,10,22,21,36,23,102,0,0,0,102
05/21/2021,AMA,TX,ASW,CE,Combined TRACON& Tower with Radar,18,18,17,24,77,0,1,8,4,13,18,19,25,28,90,2,6,8,98
05/22/2021,AMA,TX,ASW,CE,Combined TRACON& Tower with Radar,23,21,23,3,70,0,0,1,2,3,23,21,24,5,73,2,0,2,75
05/23/2021,AMA,TX,ASW,CE,Combined TRACON& Tower with Radar,22,10,7,0,39,0,0,4,6,10,22,10,11,6,49,0,0,0,49
05/24/2021,AMA,TX,ASW,CE,Combined TRACON& Tower with Radar,19,12,13,20,64,0,2,8,5,15,19,14,21,25,79,0,50,50,129
05/25/2021,AMA,TX,ASW,CE,Combined TRACON& Tower with Radar,24,9,25,19,77,0,0,19,17,36,24,9,44,36,113,0,0,0,113
05/26/2021,AMA,TX,ASW,CE,Combined TRACON& Tower with Radar,20,11,24,3,58,0,1,4,0,5,20,12,28,3,63,0,0,0,63
05/27/2021,AMA,TX,ASW,CE,Combined TRACON& Tower with Radar,23,22,32,7,84,0,2,12,2,16,23,24,44,9,100,14,0,14,114
05/28/2021,AMA,TX,ASW,CE,Combined TRACON& Tower with Radar,22,16,18,2,58,0,0,9,2,11,22,16,27,4,69,0,0,0,69
05/29/2021,AMA,TX,ASW,CE,Combined TRACON& Tower with Radar,22,16,6,2,46,0,0,2,4,6,22,16,8,6,52,0,0,0,52
05/30/2021,AMA,TX,ASW,CE,Combined TRACON& Tower with Radar,23,13,5,2,43,0,0,1,0,1,23,13,6,2,44,0,0,0,44
05/31/2021,AMA,TX,ASW,CE,Combined TRACON& Tower with Radar,17,17,7,0,41,0,0,1,0,1,17,17,8,0,42,0,0,0,42
06/01/2021,AMA,TX,ASW,CE,Combined TRACON& Tower with Radar,20,9,17,22,68,0,0,0,0,0,20,9,17,22,68,0,0,0,68
06/02/2021,AMA,TX,ASW,CE,Combined TRACON& Tower with Radar,22,19,27,11,79,0,0,10,1,11,22,19,37,12,90,2,10,12,102
06/03/2021,AMA,TX,ASW,CE,Combined TRACON& Tower with Radar,24,23,36,19,102,0,1,15,2,18,24,24,51,21,120,12,0,12,132
06/04/2021,AMA,TX,ASW,CE,Combined TRACON& Tower with Radar,21,20,18,18,77,0,0,12,2,14,21,20,30,20,91,10,14,24,115
06/05/2021,AMA,TX,ASW,CE,Combined TRACON& Tower with Radar,16,12,6,25,59,0,0,18,4,22,16,12,24,29,81,14,34,48,129
06/06/2021,AMA,TX,ASW,CE,Combined TRACON& Tower with Radar,20,17,14,4,55,0,0,4,1,5,20,17,18,5,60,0,10,10,70
06/07/2021,AMA,TX,ASW,CE,Combined TRACON& Tower with Radar,21,16,31,17,85,0,0,7,6,13,21,16,38,23,98,0,0,0,98
06/08/2021,AMA,TX,ASW,CE,Combined TRACON& Tower with Radar,21,19,18,5,63,0,0,6,4,10,21,19,24,9,73,44,22,66,139
06/09/2021,AMA,TX,ASW,CE,Combined TRACON& Tower with Radar,36,16,27,10,89,0,0,11,4,15,36,16,38,14,104,16,0,16,120
06/10/2021,AMA,TX,ASW,CE,Combined TRACON& Tower with Radar,20,19,21,4,64,0,0,12,1,13,20,19,33,5,77,10,2,12,89
06/11/2021,AMA,TX,ASW,CE,Combined TRACON& Tower with Radar,23,22,15,22,82,0,0,9,1,10,23,22,24,23,92,36,8,44,136
06/12/2021,AMA,TX,ASW,CE,Combined TRACON& Tower with Radar,15,12,18,2,47,0,0,9,0,9,15,12,27,2,56,0,0,0,56
06/13/2021,AMA,TX,ASW,CE,Combined TRACON& Tower with Radar,20,13,17,1,51,0,1,10,1,12,20,14,27,2,63,0,0,0,63
06/14/2021,AMA,TX,ASW,CE,Combined TRACON& Tower with Radar,22,10,18,17,67,0,0,13,2,15,22,10,31,19,82,34,22,56,138
06/15/2021,AMA,TX,ASW,CE,Combined TRACON& Tower with Radar,18,16,18,17,69,0,0,11,2,13,18,16,29,19,82,24,6,30,112
06/16/2021,AMA,TX,ASW,CE,Combined TRACON& Tower with Radar,23,23,9,7,62,0,0,14,5,19,23,23,23,12,81,20,0,20,101
06/17/2021,AMA,TX,ASW,CE,Combined TRACON& Tower with Radar,19,13,23,11,66,0,1,6,4,11,19,14,29,15,77,0,0,0,77
06/18/2021,AMA,TX,ASW,CE,Combined TRACON& Tower with Radar,20,17,17,27,81,0,0,3,3,6,20,17,20,30,87,0,0,0,87
06/19/2021,AMA,TX,ASW,CE,Combined TRACON& Tower with Radar,20,18,16,0,54,0,2,10,3,15,20,20,26,3,69,0,0,0,69
06/20/2021,AMA,TX,ASW,CE,Combined TRACON& Tower with Radar,20,18,16,37,91,0,0,4,2,6,20,18,20,39,97,0,0,0,97
06/21/2021,AMA,TX,ASW,CE,Combined TRACON& Tower with Radar,22,10,19,2,53,0,0,4,0,4,22,10,23,2,57,2,0,2,59
06/22/2021,AMA,TX,ASW,CE,Combined TRACON& Tower with Radar,17,19,32,18,86,0,0,9,1,10,17,19,41,19,96,20,20,40,136
06/23/2021,AMA,TX,ASW,CE,Combined TRACON& Tower with Radar,22,29,16,4,71,0,1,7,4,12,22,30,23,8,83,0,0,0,83
06/24/2021,AMA,TX,ASW,CE,Combined TRACON& Tower with Radar,22,9,14,2,47,0,0,4,5,9,22,9,18,7,56,0,0,0,56
06/25/2021,AMA,TX,ASW,CE,Combined TRACON& Tower with Radar,21,15,10,18,64,0,1,13,3,17,21,16,23,21,81,4,0,4,85
06/26/2021,AMA,TX,ASW,CE,Combined TRACON& Tower with Radar,17,23,10,0,50,0,0,6,0,6,17,23,16,0,56,0,0,0,56
06/27/2021,AMA,TX,ASW,CE,Combined TRACON& Tower with Radar,23,16,14,0,53,0,0,3,0,3,23,16,17,0,56,6,0,6,62
06/28/2021,AMA,TX,ASW,CE,Combined TRACON& Tower with Radar,23,15,27,2,67,0,0,7,0,7,23,15,34,2,74,0,0,0,74
06/29/2021,AMA,TX,ASW,CE,Combined TRACON& Tower with Radar,18,19,21,4,62,0,0,3,0,3,18,19,24,4,65,6,12,18,83
06/30/2021,AMA,TX,ASW,CE,Combined TRACON& Tower with Radar,21,17,20,2,60,0,0,2,6,8,21,17,22,8,68,0,0,0,68
07/01/2021,AMA,TX,ASW,CE,Combined TRACON& Tower with Radar,25,18,26,8,77,0,0,13,0,13,25,18,39,8,90,0,6,6,96
07/02/2021,AMA,TX,ASW,CE,Combined TRACON& Tower with Radar,14,25,10,0,49,0,0,1,0,1,14,25,11,0,50,0,0,0,50
07/03/2021,AMA,TX,ASW,CE,Combined TRACON& Tower with Radar,20,16,6,0,42,0,0,3,0,3,20,16,9,0,45,0,0,0,45
07/04/2021,AMA,TX,ASW,CE,Combined TRACON& Tower with Radar,20,8,11,0,39,0,3,3,0,6,20,11,14,0,45,0,0,0,45
07/05/2021,AMA,TX,ASW,CE,Combined TRACON& Tower with Radar,19,17,16,2,54,0,2,7,0,9,19,19,23,2,63,0,0,0,63
07/06/2021,AMA,TX,ASW,CE,Combined TRACON& Tower with Radar,16,16,17,4,53,0,0,23,1,24,16,16,40,5,77,0,0,0,77
07/07/2021,AMA,TX,ASW,CE,Combined TRACON& Tower with Radar,18,12,20,16,66,0,0,3,6,9,18,12,23,22,75,14,0,14,89
07/08/2021,AMA,TX,ASW,CE,Combined TRACON& Tower with Radar,20,12,28,7,67,0,2,17,0,19,20,14,45,7,86,16,0,16,102
07/09/2021,AMA,TX,ASW,CE,Combined TRACON& Tower with Radar,18,11,16,29,74,0,2,9,8,19,18,13,25,37,93,8,0,8,101
07/10/2021,AMA,TX,ASW,CE,Combined TRACON& Tower with Radar,15,18,5,16,54,0,0,6,3,9,15,18,11,19,63,14,28,42,105
07/11/2021,AMA,TX,ASW,CE,Combined TRACON& Tower with Radar,20,12,20,31,83,0,0,9,1,10,20,12,29,32,93,6,2,8,101
07/12/2021,AMA,TX,ASW,CE,Combined TRACON& Tower with Radar,21,16,30,9,76,0,3,6,2,11,21,19,36,11,87,38,0,38,125
07/13/2021,AMA,TX,ASW,CE,Combined TRACON& Tower with Radar,19,13,23,1,56,0,1,28,1,30,19,14,51,2,86,0,0,0,86
07/14/2021,AMA,TX,ASW,CE,Combined TRACON& Tower with Radar,23,10,12,2,47,0,2,7,2,11,23,12,19,4,58,0,0,0,58
07/15/2021,AMA,TX,ASW,CE,Combined TRACON& Tower with Radar,20,16,19,14,69,0,0,10,3,13,20,16,29,17,82,34,0,34,116
07/16/2021,AMA,TX,ASW,CE,Combined TRACON& Tower with Radar,20,19,21,34,94,0,0,10,3,13,20,19,31,37,107,0,4,4,111
07/17/2021,AMA,TX,ASW,CE,Combined TRACON& Tower with Radar,16,20,10,4,50,0,2,6,10,18,16,22,16,14,68,0,4,4,72
07/18/2021,AMA,TX,ASW,CE,Combined TRACON& Tower with Radar,20,10,16,9,55,0,2,3,1,6,20,12,19,10,61,0,0,0,61
07/19/2021,AMA,TX,ASW,CE,Combined TRACON& Tower with Radar,21,20,24,4,69,0,0,6,0,6,21,20,30,4,75,0,0,0,75
07/20/2021,AMA,TX,ASW,CE,Combined TRACON& Tower with Radar,18,14,16,11,59,0,0,13,8,21,18,14,29,19,80,38,4,42,122
07/21/2021,AMA,TX,ASW,CE,Combined TRACON& Tower with Radar,25,24,15,0,64,0,2,12,0,14,25,26,27,0,78,0,0,0,78
07/22/2021,AMA,TX,ASW,CE,Combined TRACON& Tower with Radar,34,17,23,15,89,0,0,13,3,16,34,17,36,18,105,24,0,24,129
07/23/2021,AMA,TX,ASW,CE,Combined TRACON& Tower with Radar,23,14,27,46,110,0,1,8,1,10,23,15,35,47,120,5,22,27,147
07/24/2021,AMA,TX,ASW,CE,Combined TRACON& Tower with Radar,17,21,11,3,52,0,0,16,4,20,17,21,27,7,72,20,0,20,92
07/25/2021,AMA,TX,ASW,CE,Combined TRACON& Tower with Radar,22,16,13,0,51,0,0,5,0,5,22,16,18,0,56,0,0,0,56
07/26/2021,AMA,TX,ASW,CE,Combined TRACON& Tower with Radar,28,23,18,10,79,0,2,9,0,11,28,25,27,10,90,0,0,0,90
07/27/2021,AMA,TX,ASW,CE,Combined TRACON& Tower with Radar,20,15,23,1,59,0,0,19,2,21,20,15,42,3,80,44,0,44,124
07/28/2021,AMA,TX,ASW,CE,Combined TRACON& Tower with Radar,23,18,24,10,75,0,0,15,5,20,23,18,39,15,95,12,6,18,113
07/29/2021,AMA,TX,ASW,CE,Combined TRACON& Tower with Radar,21,19,30,6,76,0,1,18,5,24,21,20,48,11,100,0,0,0,100
07/30/2021,AMA,TX,ASW,CE,Combined TRACON& Tower with Radar,26,19,21,0,66,0,0,16,3,19,26,19,37,3,85,0,0,0,85
07/31/2021,AMA,TX,ASW,CE,Combined TRACON& Tower with Radar,17,24,14,11,66,0,3,21,9,33,17,27,35,20,99,18,0,18,117
08/01/2021,AMA,TX,ASW,CE,Combined TRACON& Tower with Radar,20,18,18,6,62,0,0,4,1,5,20,18,22,7,67,0,0,0,67
08/02/2021,AMA,TX,ASW,CE,Combined TRACON& Tower with Radar,21,20,19,8,68,0,1,14,1,16,21,21,33,9,84,36,6,42,126
08/03/2021,AMA,TX,ASW,CE,Combined TRACON& Tower with Radar,23,19,7,4,53,0,1,12,5,18,23,20,19,9,71,0,0,0,71
08/04/2021,AMA,TX,ASW,CE,Combined TRACON& Tower with Radar,22,15,22,3,62,0,1,8,7,16,22,16,30,10,78,10,0,10,88
08/05/2021,AMA,TX,ASW,CE,Combined TRACON& Tower with Radar,21,20,35,0,76,0,2,13,1,16,21,22,48,1,92,0,0,0,92
08/06/2021,AMA,TX,ASW,CE,Combined TRACON& Tower with Radar,30,19,13,13,75,0,1,13,3,17,30,20,26,16,92,10,14,24,116
08/07/2021,AMA,TX,ASW,CE,Combined TRACON& Tower with Radar,17,14,5,0,36,0,0,6,0,6,17,14,11,0,42,0,0,0,42
08/08/2021,AMA,TX,ASW,CE,Combined TRACON& Tower with Radar,21,16,14,0,51,0,0,7,0,7,21,16,21,0,58,0,0,0,58
08/09/2021,AMA,TX,ASW,CE,Combined TRACON& Tower with Radar,20,14,16,2,52,0,0,8,4,12,20,14,24,6,64,6,4,10,74
08/10/2021,AMA,TX,ASW,CE,Combined TRACON& Tower with Radar,20,13,12,8,53,0,0,17,5,22,20,13,29,13,75,0,0,0,75
08/11/2021,AMA,TX,ASW,CE,Combined TRACON& Tower with Radar,22,17,14,4,57,0,1,5,1,7,22,18,19,5,64,12,24,36,100
08/12/2021,AMA,TX,ASW,CE,Combined TRACON& Tower with Radar,23,16,25,0,64,0,0,14,2,16,23,16,39,2,80,20,0,20,100
08/13/2021,AMA,TX,ASW,CE,Combined TRACON& Tower with Radar,24,16,13,11,64,0,0,6,2,8,24,16,19,13,72,0,0,0,72
08/14/2021,AMA,TX,ASW,CE,Combined TRACON& Tower with Radar,16,12,17,0,45,0,0,6,0,6,16,12,23,0,51,0,0,0,51
08/15/2021,AMA,TX,ASW,CE,Combined TRACON& Tower with Radar,18,12,20,4,54,0,0,10,0,10,18,12,30,4,64,0,0,0,64
08/16/2021,AMA,TX,ASW,CE,Combined TRACON& Tower with Radar,22,16,24,2,64,0,0,5,0,5,22,16,29,2,69,0,0,0,69
08/17/2021,AMA,TX,ASW,CE,Combined TRACON& Tower with Radar,14,18,24,34,90,0,1,25,4,30,14,19,49,38,120,16,6,22,142
08/18/2021,AMA,TX,ASW,CE,Combined TRACON& Tower with Radar,18,15,26,21,80,0,0,8,4,12,18,15,34,25,92,20,0,20,112
08/19/2021,AMA,TX,ASW,CE,Combined TRACON& Tower with Radar,30,16,56,16,118,0,0,7,0,7,30,16,63,16,125,8,18,26,151
08/20/2021,AMA,TX,ASW,CE,Combined TRACON& Tower with Radar,21,18,18,9,66,0,0,5,1,6,21,18,23,10,72,0,10,10,82
08/21/2021,AMA,TX,ASW,CE,Combined TRACON& Tower with Radar,19,17,14,2,52,0,6,24,0,30,19,23,38,2,82,14,0,14,96
08/22/2021,AMA,TX,ASW,CE,Combined TRACON& Tower with Radar,23,12,18,8,61,0,4,11,0,15,23,16,29,8,76,0,0,0,76
08/23/2021,AMA,TX,ASW,CE,Combined TRACON& Tower with Radar,23,21,23,9,76,0,1,3,2,6,23,22,26,11,82,0,6,6,88
08/24/2021,AMA,TX,ASW,CE,Combined TRACON& Tower with Radar,20,17,16,2,55,0,2,11,1,14,20,19,27,3,69,0,0,0,69
08/25/2021,AMA,TX,ASW,CE,Combined TRACON& Tower with Radar,24,19,25,3,71,0,1,14,5,20,24,20,39,8,91,0,0,0,91
08/26/2021,AMA,TX,ASW,CE,Combined TRACON& Tower with Radar,20,21,36,5,82,0,0,12,4,16,20,21,48,9,98,6,0,6,104
08/27/2021,AMA,TX,ASW,CE,Combined TRACON& Tower with Radar,20,19,25,54,118,0,5,11,0,16,20,24,36,54,134,8,8,16,150
08/28/2021,AMA,TX,ASW,CE,Combined TRACON& Tower with Radar,21,13,20,0,54,0,2,16,0,18,21,15,36,0,72,14,0,14,86
08/29/2021,AMA,TX,ASW,CE,Combined TRACON& Tower with Radar,21,15,30,10,76,0,0,7,2,9,21,15,37,12,85,0,0,0,85
08/30/2021,AMA,TX,ASW,CE,Combined TRACON& Tower with Radar,24,14,25,15,78,0,0,6,1,7,24,14,31,16,85,18,0,18,103
08/31/2021,AMA,TX,ASW,CE,Combined TRACON& Tower with Radar,22,15,35,10,82,0,1,25,3,29,22,16,60,13,111,0,4,4,115
09/01/2021,AMA,TX,ASW,CE,Combined TRACON& Tower with Radar,20,18,27,9,74,0,0,14,2,16,20,18,41,11,90,0,0,0,90
09/02/2021,AMA,TX,ASW,CE,Combined TRACON& Tower with Radar,23,17,30,2,72,0,1,11,9,21,23,18,41,11,93,2,18,20,113
09/03/2021,AMA,TX,ASW,CE,Combined TRACON& Tower with Radar,20,22,22,8,72,0,0,12,4,16,20,22,34,12,88,0,0,0,88
09/04/2021,AMA,TX,ASW,CE,Combined TRACON& Tower with Radar,20,13,19,3,55,0,1,3,3,7,20,14,22,6,62,0,0,0,62
09/05/2021,AMA,TX,ASW,CE,Combined TRACON& Tower with Radar,17,10,10,0,37,0,0,8,1,9,17,10,18,1,46,0,6,6,52
09/06/2021,AMA,TX,ASW,CE,Combined TRACON& Tower with Radar,19,11,13,0,43,0,0,24,1,25,19,11,37,1,68,6,0,6,74
09/07/2021,AMA,TX,ASW,CE,Combined TRACON& Tower with Radar,20,12,7,1,40,0,0,14,1,15,20,12,21,2,55,80,30,110,165
09/08/2021,AMA,TX,ASW,CE,Combined TRACON& Tower with Radar,21,19,19,10,69,0,0,11,6,17,21,19,30,16,86,22,0,22,108
09/09/2021,AMA,TX,ASW,CE,Combined TRACON& Tower with Radar,23,24,33,8,88,0,0,9,2,11,23,24,42,10,99,3,0,3,102
09/10/2021,AMA,TX,ASW,CE,Combined TRACON& Tower with Radar,21,24,9,29,83,0,0,6,0,6,21,24,15,29,89,16,4,20,109
09/11/2021,AMA,TX,ASW,CE,Combined TRACON& Tower with Radar,17,14,6,20,57,0,0,6,2,8,17,14,12,22,65,38,0,38,103
09/12/2021,AMA,TX,ASW,CE,Combined TRACON& Tower with Radar,23,20,10,7,60,0,0,9,1,10,23,20,19,8,70,8,0,8,78
09/13/2021,AMA,TX,ASW,CE,Combined TRACON& Tower with Radar,24,20,22,37,103,0,0,7,4,11,24,20,29,41,114,0,32,32,146
09/14/2021,AMA,TX,ASW,CE,Combined TRACON& Tower with Radar,20,19,22,21,82,0,0,28,2,30,20,19,50,23,112,0,22,22,134
09/15/2021,AMA,TX,ASW,CE,Combined TRACON& Tower with Radar,25,14,31,11,81,0,0,27,2,29,25,14,58,13,110,30,26,56,166
09/16/2021,AMA,TX,ASW,CE,Combined TRACON& Tower with Radar,25,15,20,21,81,0,0,13,0,13,25,15,33,21,94,0,0,0,94
09/17/2021,AMA,TX,ASW,CE,Combined TRACON& Tower with Radar,22,13,19,110,164,0,0,26,4,30,22,13,45,114,194,12,18,30,224
09/18/2021,AMA,TX,ASW,CE,Combined TRACON& Tower with Radar,17,11,11,14,53,0,0,19,1,20,17,11,30,15,73,4,0,4,77
09/19/2021,AMA,TX,ASW,CE,Combined TRACON& Tower with Radar,23,15,23,12,73,0,2,7,0,9,23,17,30,12,82,0,0,0,82
09/20/2021,AMA,TX,ASW,CE,Combined TRACON& Tower with Radar,27,18,17,19,81,0,0,9,5,14,27,18,26,24,95,0,4,4,99
09/21/2021,AMA,TX,ASW,CE,Combined TRACON& Tower with Radar,20,17,28,40,105,0,0,9,6,15,20,17,37,46,120,26,54,80,200
09/22/2021,AMA,TX,ASW,CE,Combined TRACON& Tower with Radar,21,9,15,34,79,0,0,6,3,9,21,9,21,37,88,26,16,42,130
09/23/2021,AMA,TX,ASW,CE,Combined TRACON& Tower with Radar,24,19,37,34,114,0,0,15,3,18,24,19,52,37,132,0,40,40,172
09/24/2021,AMA,TX,ASW,CE,Combined TRACON& Tower with Radar,23,15,30,37,105,0,0,14,2,16,23,15,44,39,121,0,20,20,141
09/25/2021,AMA,TX,ASW,CE,Combined TRACON& Tower with Radar,15,11,14,4,44,0,0,13,1,14,15,11,27,5,58,8,0,8,66
09/26/2021,AMA,TX,ASW,CE,Combined TRACON& Tower with Radar,23,14,28,8,73,0,0,10,0,10,23,14,38,8,83,6,0,6,89
09/27/2021,AMA,TX,ASW,CE,Combined TRACON& Tower with Radar,23,18,38,47,126,0,0,11,0,11,23,18,49,47,137,12,22,34,171
09/28/2021,AMA,TX,ASW,CE,Combined TRACON& Tower with Radar,24,16,26,24,90,0,2,8,3,13,24,18,34,27,103,4,24,28,131
09/29/2021,AMA,TX,ASW,CE,Combined TRACON& Tower with Radar,23,13,47,86,169,0,1,14,3,18,23,14,61,89,187,0,0,0,187
09/30/2021,AMA,TX,ASW,CE,Combined TRACON& Tower with Radar,23,17,33,30,103,0,0,4,0,4,23,17,37,30,107,0,0,0,107
10/01/2021,AMA,TX,ASW,CE,Combined TRACON& Tower with Radar,25,18,23,14,80,0,0,2,0,2,25,18,25,14,82,0,0,0,82
10/02/2021,AMA,TX,ASW,CE,Combined TRACON& Tower with Radar,15,15,17,8,55,0,0,10,4,14,15,15,27,12,69,0,0,0,69
10/03/2021,AMA,TX,ASW,CE,Combined TRACON& Tower with Radar,21,18,26,5,70,1,0,14,2,17,22,18,40,7,87,0,0,0,87
10/04/2021,AMA,TX,ASW,CE,Combined TRACON& Tower with Radar,23,24,47,34,128,0,2,17,4,23,23,26,64,38,151,66,0,66,217
10/05/2021,AMA,TX,ASW,CE,Combined TRACON& Tower with Radar,25,17,26,49,117,0,2,29,1,32,25,19,55,50,149,46,30,76,225
10/06/2021,AMA,TX,ASW,CE,Combined TRACON& Tower with Radar,23,18,52,48,141,0,3,24,0,27,23,21,76,48,168,12,10,22,190
10/07/2021,AMA,TX,ASW,CE,Combined TRACON& Tower with Radar,23,18,32,17,90,0,3,17,0,20,23,21,49,17,110,50,16,66,176
10/08/2021,AMA,TX,ASW,CE,Combined TRACON& Tower with Radar,25,16,17,23,81,0,0,12,0,12,25,16,29,23,93,10,20,30,123
10/09/2021,AMA,TX,ASW,CE,Combined TRACON& Tower with Radar,17,19,23,11,70,0,0,13,3,16,17,19,36,14,86,36,8,44,130
10/10/2021,AMA,TX,ASW,CE,Combined TRACON& Tower with Radar,14,8,9,1,32,0,0,2,0,2,14,8,11,1,34,0,0,0,34
10/11/2021,AMA,TX,ASW,CE,Combined TRACON& Tower with Radar,24,16,27,0,67,0,1,9,0,10,24,17,36,0,77,0,0,0,77
10/12/2021,AMA,TX,ASW,CE,Combined TRACON& Tower with Radar,22,21,15,29,87,0,0,4,3,7,22,21,19,32,94,16,14,30,124
10/13/2021,AMA,TX,ASW,CE,Combined TRACON& Tower with Radar,17,21,25,71,134,0,1,19,7,27,17,22,44,78,161,26,82,108,269
10/14/2021,AMA,TX,ASW,CE,Combined TRACON& Tower with Radar,24,24,44,75,167,0,1,26,9,36,24,25,70,84,203,30,0,30,233
10/15/2021,AMA,TX,ASW,CE,Combined TRACON& Tower with Radar,26,20,18,57,121,0,7,20,4,31,26,27,38,61,152,0,34,34,186
10/16/2021,AMA,TX,ASW,CE,Combined TRACON& Tower with Radar,17,16,10,43,86,0,1,16,5,22,17,17,26,48,108,38,34,72,180
10/17/2021,AMA,TX,ASW,CE,Combined TRACON& Tower with Radar,25,13,12,7,57,0,0,10,6,16,25,13,22,13,73,0,0,0,73
10/18/2021,AMA,TX,ASW,CE,Combined TRACON& Tower with Radar,22,17,13,11,63,0,0,5,1,6,22,17,18,12,69,2,10,12,81
10/19/2021,AMA,TX,ASW,CE,Combined TRACON& Tower with Radar,23,17,21,22,83,0,1,12,1,14,23,18,33,23,97,12,0,12,109
10/20/2021,AMA,TX,ASW,CE,Combined TRACON& Tower with Radar,24,11,25,42,102,0,1,17,2,20,24,12,42,44,122,78,20,98,220
10/21/2021,AMA,TX,ASW,CE,Combined TRACON& Tower with Radar,25,12,31,45,113,0,4,13,7,24,25,16,44,52,137,68,52,120,257
10/22/2021,AMA,TX,ASW,CE,Combined TRACON& Tower with Radar,24,12,29,50,115,0,4,6,6,16,24,16,35,56,131,32,16,48,179
10/23/2021,AMA,TX,ASW,CE,Combined TRACON& Tower with Radar,20,13,10,7,50,0,0,4,2,6,20,13,14,9,56,22,2,24,80
10/24/2021,AMA,TX,ASW,CE,Combined TRACON& Tower with Radar,25,10,20,15,70,0,0,8,5,13,25,10,28,20,83,0,4,4,87
10/25/2021,AMA,TX,ASW,CE,Combined TRACON& Tower with Radar,24,16,16,52,108,0,1,9,4,14,24,17,25,56,122,0,16,16,138
10/26/2021,AMA,TX,ASW,CE,Combined TRACON& Tower with Radar,23,19,29,41,112,0,0,10,1,11,23,19,39,42,123,0,8,8,131
10/27/2021,AMA,TX,ASW,CE,Combined TRACON& Tower with Radar,23,15,23,9,70,0,1,6,3,10,23,16,29,12,80,0,0,0,80
10/28/2021,AMA,TX,ASW,CE,Combined TRACON& Tower with Radar,23,16,24,6,69,0,1,3,0,4,23,17,27,6,73,0,0,0,73
10/29/2021,AMA,TX,ASW,CE,Combined TRACON& Tower with Radar,23,23,16,24,86,0,0,18,1,19,23,23,34,25,105,10,0,10,115
10/30/2021,AMA,TX,ASW,CE,Combined TRACON& Tower with Radar,14,18,7,0,39,0,2,14,0,16,14,20,21,0,55,62,0,62,117
10/31/2021,AMA,TX,ASW,CE,Combined TRACON& Tower with Radar,21,11,18,14,64,0,0,3,0,3,21,11,21,14,67,6,0,6,73
11/01/2021,AMA,TX,ASW,CE,Combined TRACON& Tower with Radar,23,13,30,43,109,0,0,6,2,8,23,13,36,45,117,8,28,36,153
11/02/2021,AMA,TX,ASW,CE,Combined TRACON& Tower with Radar,20,22,31,5,78,0,0,2,0,2,20,22,33,5,80,0,10,10,90
11/03/2021,AMA,TX,ASW,CE,Combined TRACON& Tower with Radar,21,14,28,57,120,0,0,9,1,10,21,14,37,58,130,12,82,94,224
11/04/2021,AMA,TX,ASW,CE,Combined TRACON& Tower with Radar,25,16,47,70,158,0,2,15,3,20,25,18,62,73,178,10,76,86,264
11/05/2021,AMA,TX,ASW,CE,Combined TRACON& Tower with Radar,20,18,17,99,154,0,1,12,4,17,20,19,29,103,171,14,26,40,211
11/06/2021,AMA,TX,ASW,CE,Combined TRACON& Tower with Radar,18,14,17,1,50,0,0,10,0,10,18,14,27,1,60,18,0,18,78
11/07/2021,AMA,TX,ASW,CE,Combined TRACON& Tower with Radar,23,13,25,30,91,0,0,13,2,15,23,13,38,32,106,10,4,14,120
11/08/2021,AMA,TX,ASW,CE,Combined TRACON& Tower with Radar,21,17,29,43,110,0,1,12,2,15,21,18,41,45,125,8,46,54,179
11/09/2021,AMA,TX,ASW,CE,Combined TRACON& Tower with Radar,16,16,48,13,93,0,2,10,7,19,16,18,58,20,112,14,4,18,130
11/10/2021,AMA,TX,ASW,CE,Combined TRACON& Tower with Radar,18,17,27,9,71,0,0,4,4,8,18,17,31,13,79,8,0,8,87
11/11/2021,AMA,TX,ASW,CE,Combined TRACON& Tower with Radar,26,13,26,1,66,0,0,12,4,16,26,13,38,5,82,26,6,32,114
11/12/2021,AMA,TX,ASW,CE,Combined TRACON& Tower with Radar,19,14,25,67,125,0,0,12,1,13,19,14,37,68,138,6,14,20,158
11/13/2021,AMA,TX,ASW,CE,Combined TRACON& Tower with Radar,16,16,19,11,62,0,0,14,3,17,16,16,33,14,79,12,14,26,105
11/14/2021,AMA,TX,ASW,CE,Combined TRACON& Tower with Radar,20,10,15,22,67,0,0,12,0,12,20,10,27,22,79,0,10,10,89
11/15/2021,AMA,TX,ASW,CE,Combined TRACON& Tower with Radar,16,11,17,22,66,0,5,15,2,22,16,16,32,24,88,4,0,4,92
11/16/2021,AMA,TX,ASW,CE,Combined TRACON& Tower with Radar,17,19,22,13,71,0,2,6,1,9,17,21,28,14,80,12,0,12,92
11/17/2021,AMA,TX,ASW,CE,Combined TRACON& Tower with Radar,29,22,25,24,100,0,0,10,1,11,29,22,35,25,111,0,58,58,169
11/18/2021,AMA,TX,ASW,CE,Combined TRACON& Tower with Radar,33,22,35,21,111,0,4,6,5,15,33,26,41,26,126,26,6,32,158
11/19/2021,AMA,TX,ASW,CE,Combined TRACON& Tower with Radar,18,18,23,51,110,0,2,6,3,11,18,20,29,54,121,10,0,10,131
11/20/2021,AMA,TX,ASW,CE,Combined TRACON& Tower with Radar,15,10,8,0,33,0,0,16,0,16,15,10,24,0,49,18,0,18,67
11/21/2021,AMA,TX,ASW,CE,Combined TRACON& Tower with Radar,25,13,12,17,67,0,0,9,1,10,25,13,21,18,77,4,10,14,91
11/22/2021,AMA,TX,ASW,CE,Combined TRACON& Tower with Radar,18,15,8,10,51,0,2,17,2,21,18,17,25,12,72,44,38,82,154
11/23/2021,AMA,TX,ASW,CE,Combined TRACON& Tower with Radar,24,16,18,15,73,0,2,6,1,9,24,18,24,16,82,0,38,38,120
11/24/2021,AMA,TX,ASW,CE,Combined TRACON& Tower with Radar,20,17,31,23,91,0,0,5,1,6,20,17,36,24,97,0,38,38,135
11/25/2021,AMA,TX,ASW,CE,Combined TRACON& Tower with Radar,13,12,4,0,29,0,0,5,0,5,13,12,9,0,34,0,0,0,34
11/26/2021,AMA,TX,ASW,CE,Combined TRACON& Tower with Radar,17,9,8,0,34,0,0,7,0,7,17,9,15,0,41,20,0,20,61
11/27/2021,AMA,TX,ASW,CE,Combined TRACON& Tower with Radar,22,19,19,0,60,0,1,3,0,4,22,20,22,0,64,36,0,36,100
11/28/2021,AMA,TX,ASW,CE,Combined TRACON& Tower with Radar,21,11,24,0,56,0,0,9,0,9,21,11,33,0,65,24,0,24,89
11/29/2021,AMA,TX,ASW,CE,Combined TRACON& Tower with Radar,18,18,16,39,91,0,0,6,1,7,18,18,22,40,98,24,4,28,126
11/30/2021,AMA,TX,ASW,CE,Combined TRACON& Tower with Radar,18,12,28,6,64,0,0,8,2,10,18,12,36,8,74,14,54,68,142
12/01/2021,AMA,TX,ASW,CE,Combined TRACON& Tower with Radar,20,20,21,15,76,0,1,5,5,11,20,21,26,20,87,0,22,22,109
12/02/2021,AMA,TX,ASW,CE,Combined TRACON& Tower with Radar,25,13,32,17,87,0,3,8,1,12,25,16,40,18,99,20,42,62,161
12/03/2021,AMA,TX,ASW,CE,Combined TRACON& Tower with Radar,19,15,12,89,135,0,1,11,8,20,19,16,23,97,155,48,82,130,285
12/04/2021,AMA,TX,ASW,CE,Combined TRACON& Tower with Radar,14,26,13,8,61,0,1,18,1,20,14,27,31,9,81,32,24,56,137
12/05/2021,AMA,TX,ASW,CE,Combined TRACON& Tower with Radar,22,14,24,22,82,0,1,10,0,11,22,15,34,22,93,40,0,40,133
12/06/2021,AMA,TX,ASW,CE,Combined TRACON& Tower with Radar,22,15,25,28,90,0,0,20,0,20,22,15,45,28,110,8,24,32,142
12/07/2021,AMA,TX,ASW,CE,Combined TRACON& Tower with Radar,16,17,40,17,90,0,0,25,1,26,16,17,65,18,116,6,8,14,130
12/08/2021,AMA,TX,ASW,CE,Combined TRACON& Tower with Radar,23,16,32,15,86,0,1,20,2,23,23,17,52,17,109,0,28,28,137
12/09/2021,AMA,TX,ASW,CE,Combined TRACON& Tower with Radar,25,16,58,13,112,0,0,13,1,14,25,16,71,14,126,0,144,144,270
12/10/2021,AMA,TX,ASW,CE,Combined TRACON& Tower with Radar,19,10,25,7,61,0,0,6,1,7,19,10,31,8,68,0,0,0,68
12/11/2021,AMA,TX,ASW,CE,Combined TRACON& Tower with Radar,12,12,16,13,53,0,0,13,1,14,12,12,29,14,67,2,4,6,73
12/12/2021,AMA,TX,ASW,CE,Combined TRACON& Tower with Radar,22,12,26,11,71,0,0,13,0,13,22,12,39,11,84,8,0,8,92
12/13/2021,AMA,TX,ASW,CE,Combined TRACON& Tower with Radar,20,16,33,10,79,0,0,13,5,18,20,16,46,15,97,0,0,0,97
12/14/2021,AMA,TX,ASW,CE,Combined TRACON& Tower with Radar,14,14,29,5,62,0,0,6,3,9,14,14,35,8,71,24,0,24,95
12/15/2021,AMA,TX,ASW,CE,Combined TRACON& Tower with Radar,10,8,8,2,28,0,0,0,1,1,10,8,8,3,29,0,0,0,29
12/16/2021,AMA,TX,ASW,CE,Combined TRACON& Tower with Radar,22,16,28,17,83,0,2,17,8,27,22,18,45,25,110,0,0,0,110
12/17/2021,AMA,TX,ASW,CE,Combined TRACON& Tower with Radar,12,16,23,6,57,0,0,15,1,16,12,16,38,7,73,0,0,0,73
12/18/2021,AMA,TX,ASW,CE,Combined TRACON& Tower with Radar,14,15,18,6,53,0,3,6,4,13,14,18,24,10,66,0,6,6,72
12/19/2021,AMA,TX,ASW,CE,Combined TRACON& Tower with Radar,26,13,15,15,69,0,1,6,6,13,26,14,21,21,82,46,34,80,162
12/20/2021,AMA,TX,ASW,CE,Combined TRACON& Tower with Radar,16,19,18,31,84,0,0,9,2,11,16,19,27,33,95,0,24,24,119
12/21/2021,AMA,TX,ASW,CE,Combined TRACON& Tower with Radar,14,18,20,18,70,0,2,17,0,19,14,20,37,18,89,16,24,40,129
12/22/2021,AMA,TX,ASW,CE,Combined TRACON& Tower with Radar,18,20,11,31,80,0,1,11,0,12,18,21,22,31,92,26,12,38,130
12/23/2021,AMA,TX,ASW,CE,Combined TRACON& Tower with Radar,21,19,11,0,51,0,0,5,0,5,21,19,16,0,56,0,0,0,56
12/24/2021,AMA,TX,ASW,CE,Combined TRACON& Tower with Radar,14,11,6,0,31,0,0,0,0,0,14,11,6,0,31,0,0,0,31
12/25/2021,AMA,TX,ASW,CE,Combined TRACON& Tower with Radar,9,15,5,0,29,0,0,1,0,1,9,15,6,0,30,0,0,0,30
12/26/2021,AMA,TX,ASW,CE,Combined TRACON& Tower with Radar,20,19,5,0,44,0,1,3,0,4,20,20,8,0,48,0,0,0,48
12/27/2021,AMA,TX,ASW,CE,Combined TRACON& Tower with Radar,18,18,20,0,56,0,2,7,1,10,18,20,27,1,66,0,0,0,66
12/28/2021,AMA,TX,ASW,CE,Combined TRACON& Tower with Radar,14,19,15,6,54,0,0,3,1,4,14,19,18,7,58,0,0,0,58
12/29/2021,AMA,TX,ASW,CE,Combined TRACON& Tower with Radar,15,18,14,2,49,0,1,7,0,8,15,19,21,2,57,0,0,0,57
12/30/2021,AMA,TX,ASW,CE,Combined TRACON& Tower with Radar,18,22,5,0,45,0,0,6,0,6,18,22,11,0,51,0,0,0,51
12/31/2021,AMA,TX,ASW,CE,Combined TRACON& Tower with Radar,14,21,8,0,43,0,0,7,0,7,14,21,15,0,50,0,0,0,50
01/01/2022,AMA,TX,ASW,CE,Combined TRACON& Tower with Radar,10,11,11,0,32,0,0,1,0,1,10,11,12,0,33,0,0,0,33
01/02/2022,AMA,TX,ASW,CE,Combined TRACON& Tower with Radar,18,16,17,0,51,0,0,8,0,8,18,16,25,0,59,0,0,0,59
01/03/2022,AMA,TX,ASW,CE,Combined TRACON& Tower with Radar,15,12,9,0,36,0,0,14,0,14,15,12,23,0,50,0,0,0,50
01/04/2022,AMA,TX,ASW,CE,Combined TRACON& Tower with Radar,17,12,26,7,62,0,0,14,1,15,17,12,40,8,77,4,0,4,81
01/05/2022,AMA,TX,ASW,CE,Combined TRACON& Tower with Radar,21,20,32,16,89,0,0,4,0,4,21,20,36,16,93,0,4,4,97
01/06/2022,AMA,TX,ASW,CE,Combined TRACON& Tower with Radar,22,16,10,9,57,0,2,5,0,7,22,18,15,9,64,0,0,0,64
01/07/2022,AMA,TX,ASW,CE,Combined TRACON& Tower with Radar,21,16,24,127,188,0,1,3,6,10,21,17,27,133,198,24,14,38,236
01/08/2022,AMA,TX,ASW,CE,Combined TRACON& Tower with Radar,15,11,14,46,86,0,0,3,1,4,15,11,17,47,90,4,14,18,108
01/09/2022,AMA,TX,ASW,CE,Combined TRACON& Tower with Radar,19,15,7,39,80,0,2,11,8,21,19,17,18,47,101,6,32,38,139
01/10/2022,AMA,TX,ASW,CE,Combined TRACON& Tower with Radar,22,18,7,28,75,0,0,13,2,15,22,18,20,30,90,0,22,22,112
01/11/2022,AMA,TX,ASW,CE,Combined TRACON& Tower with Radar,17,17,9,26,69,0,0,8,7,15,17,17,17,33,84,0,8,8,92
01/12/2022,AMA,TX,ASW,CE,Combined TRACON& Tower with Radar,20,12,16,34,82,0,0,13,4,17,20,12,29,38,99,14,14,28,127
01/13/2022,AMA,TX,ASW,CE,Combined TRACON& Tower with Radar,21,13,21,63,118,0,1,14,5,20,21,14,35,68,138,2,24,26,164
01/14/2022,AMA,TX,ASW,CE,Combined TRACON& Tower with Radar,19,11,15,4,49,0,0,8,0,8,19,11,23,4,57,0,0,0,57
01/15/2022,AMA,TX,ASW,CE,Combined TRACON& Tower with Radar,13,7,7,0,27,0,0,1,0,1,13,7,8,0,28,0,0,0,28
01/16/2022,AMA,TX,ASW,CE,Combined TRACON& Tower with Radar,19,10,7,3,39,0,0,8,0,8,19,10,15,3,47,0,0,0,47
01/17/2022,AMA,TX,ASW,CE,Combined TRACON& Tower with Radar,20,15,23,2,60,0,0,7,0,7,20,15,30,2,67,0,0,0,67
01/18/2022,AMA,TX,ASW,CE,Combined TRACON& Tower with Radar,17,17,38,36,108,0,0,18,5,23,17,17,56,41,131,4,28,32,163
01/19/2022,AMA,TX,ASW,CE,Combined TRACON& Tower with Radar,19,14,21,51,105,0,0,5,0,5,19,14,26,51,110,0,32,32,142
01/20/2022,AMA,TX,ASW,CE,Combined TRACON& Tower with Radar,21,15,23,1,60,0,0,6,0,6,21,15,29,1,66,0,0,0,66
01/21/2022,AMA,TX,ASW,CE,Combined TRACON& Tower with Radar,19,17,13,45,94,0,1,11,2,14,19,18,24,47,108,28,4,32,140
01/22/2022,AMA,TX,ASW,CE,Combined TRACON& Tower with Radar,15,12,36,36,99,0,0,10,3,13,15,12,46,39,112,34,30,64,176
01/23/2022,AMA,TX,ASW,CE,Combined TRACON& Tower with Radar,21,15,16,5,57,0,1,13,1,15,21,16,29,6,72,32,0,32,104
01/24/2022,AMA,TX,ASW,CE,Combined TRACON& Tower with Radar,20,16,31,45,112,0,0,17,5,22,20,16,48,50,134,0,34,34,168
01/25/2022,AMA,TX,ASW,CE,Combined TRACON& Tower with Radar,17,13,17,12,59,0,3,9,4,16,17,16,26,16,75,30,0,30,105
01/26/2022,AMA,TX,ASW,CE,Combined TRACON& Tower with Radar,13,11,11,0,35,0,0,0,0,0,13,11,11,0,35,0,0,0,35
01/27/2022,AMA,TX,ASW,CE,Combined TRACON& Tower with Radar,24,17,29,30,100,0,0,6,4,10,24,17,35,34,110,22,20,42,152
01/28/2022,AMA,TX,ASW,CE,Combined TRACON& Tower with Radar,18,14,18,10,60,0,1,9,3,13,18,15,27,13,73,64,0,64,137
01/29/2022,AMA,TX,ASW,CE,Combined TRACON& Tower with Radar,17,14,24,1,56,0,0,4,1,5,17,14,28,2,61,52,12,64,125
01/30/2022,AMA,TX,ASW,CE,Combined TRACON& Tower with Radar,21,9,9,0,39,0,0,6,4,10,21,9,15,4,49,38,4,42,91
01/31/2022,AMA,TX,ASW,CE,Combined TRACON& Tower with Radar,18,13,35,50,116,0,1,6,4,11,18,14,41,54,127,10,2,12,139
02/01/2022,AMA,TX,ASW,CE,Combined TRACON& Tower with Radar,16,20,16,31,83,0,0,5,6,11,16,20,21,37,94,8,16,24,118
02/02/2022,AMA,TX,ASW,CE,Combined TRACON& Tower with Radar,13,6,3,0,22,0,0,0,0,0,13,6,3,0,22,0,0,0,22
02/03/2022,AMA,TX,ASW,CE,Combined TRACON& Tower with Radar,2,6,4,0,12,0,0,0,0,0,2,6,4,0,12,0,0,0,12
02/04/2022,AMA,TX,ASW,CE,Combined TRACON& Tower with Radar,10,14,17,16,57,0,1,11,1,13,10,15,28,17,70,8,0,8,78
02/05/2022,AMA,TX,ASW,CE,Combined TRACON& Tower with Radar,12,9,9,8,38,0,1,9,3,13,12,10,18,11,51,14,0,14,65
02/06/2022,AMA,TX,ASW,CE,Combined TRACON& Tower with Radar,21,16,18,0,55,0,1,7,1,9,21,17,25,1,64,0,0,0,64
02/07/2022,AMA,TX,ASW,CE,Combined TRACON& Tower with Radar,23,11,9,20,63,0,0,9,2,11,23,11,18,22,74,4,10,14,88
02/08/2022,AMA,TX,ASW,CE,Combined TRACON& Tower with Radar,18,13,23,11,65,0,0,13,3,16,18,13,36,14,81,4,16,20,101
02/09/2022,AMA,TX,ASW,CE,Combined TRACON& Tower with Radar,21,12,16,30,79,0,0,14,7,21,21,12,30,37,100,12,16,28,128
02/10/2022,AMA,TX,ASW,CE,Combined TRACON& Tower with Radar,21,27,17,24,89,0,4,24,1,29,21,31,41,25,118,38,8,46,164
02/11/2022,AMA,TX,ASW,CE,Combined TRACON& Tower with Radar,20,16,13,6,55,0,0,1,5,6,20,16,14,11,61,2,0,2,63
02/12/2022,AMA,TX,ASW,CE,Combined TRACON& Tower with Radar,13,12,9,14,48,0,1,11,1,13,13,13,20,15,61,36,0,36,97
02/13/2022,AMA,TX,ASW,CE,Combined TRACON& Tower with Radar,21,13,14,31,79,0,0,14,1,15,21,13,28,32,94,0,0,0,94
02/14/2022,AMA,TX,ASW,CE,Combined TRACON& Tower with Radar,20,22,15,15,72,0,1,21,1,23,20,23,36,16,95,8,0,8,103
02/15/2022,AMA,TX,ASW,CE,Combined TRACON& Tower with Radar,20,19,19,43,101,0,1,17,6,24,20,20,36,49,125,74,50,124,249
02/16/2022,AMA,TX,ASW,CE,Combined TRACON& Tower with Radar,18,20,46,50,134,0,1,2,0,3,18,21,48,50,137,12,72,84,221
02/17/2022,AMA,TX,ASW,CE,Combined TRACON& Tower with Radar,19,13,18,2,52,0,0,3,0,3,19,13,21,2,55,12,0,12,67
02/18/2022,AMA,TX,ASW,CE,Combined TRACON& Tower with Radar,21,13,11,55,100,0,0,14,5,19,21,13,25,60,119,28,36,64,183
02/19/2022,AMA,TX,ASW,CE,Combined TRACON& Tower with Radar,15,20,11,2,48,0,3,7,0,10,15,23,18,2,58,12,0,12,70
02/20/2022,AMA,TX,ASW,CE,Combined TRACON& Tower with Radar,20,11,13,0,44,0,0,9,0,9,20,11,22,0,53,0,0,0,53
02/21/2022,AMA,TX,ASW,CE,Combined TRACON& Tower with Radar,20,18,16,0,54,0,2,6,2,10,20,20,22,2,64,16,0,16,80
02/22/2022,AMA,TX,ASW,CE,Combined TRACON& Tower with Radar,21,18,58,78,175,0,0,8,4,12,21,18,66,82,187,0,52,52,239
02/23/2022,AMA,TX,ASW,CE,Combined TRACON& Tower with Radar,17,19,19,23,78,0,0,2,1,3,17,19,21,24,81,0,0,0,81
02/24/2022,AMA,TX,ASW,CE,Combined TRACON& Tower with Radar,12,18,24,21,75,0,2,2,1,5,12,20,26,22,80,0,18,18,98
02/25/2022,AMA,TX,ASW,CE,Combined TRACON& Tower with Radar,20,19,26,13,78,0,1,5,0,6,20,20,31,13,84,0,0,0,84
02/26/2022,AMA,TX,ASW,CE,Combined TRACON& Tower with Radar,14,14,13,7,48,0,3,13,1,17,14,17,26,8,65,10,0,10,75
02/27/2022,AMA,TX,ASW,CE,Combined TRACON& Tower with Radar,19,16,17,10,62,0,2,13,0,15,19,18,30,10,77,6,0,6,83
02/28/2022,AMA,TX,ASW,CE,Combined TRACON& Tower with Radar,21,13,15,30,79,0,0,20,2,22,21,13,35,32,101,2,4,6,107
03/01/2022,AMA,TX,ASW,CE,Combined TRACON& Tower with Radar,19,14,17,8,58,0,0,18,3,21,19,14,35,11,79,0,4,4,83
03/02/2022,AMA,TX,ASW,CE,Combined TRACON& Tower with Radar,20,24,10,7,61,0,0,14,2,16,20,24,24,9,77,10,0,10,87
03/03/2022,AMA,TX,ASW,CE,Combined TRACON& Tower with Radar,19,10,53,43,125,0,0,24,9,33,19,10,77,52,158,38,62,100,258
03/04/2022,AMA,TX,ASW,CE,Combined TRACON& Tower with Radar,16,11,26,30,83,0,0,2,5,7,16,11,28,35,90,10,26,36,126
03/05/2022,AMA,TX,ASW,CE,Combined TRACON& Tower with Radar,11,15,23,16,65,0,0,9,2,11,11,15,32,18,76,2,16,18,94
03/06/2022,AMA,TX,ASW,CE,Combined TRACON& Tower with Radar,15,19,26,0,60,0,0,4,1,5,15,19,30,1,65,20,0,20,85
03/07/2022,AMA,TX,ASW,CE,Combined TRACON& Tower with Radar,16,16,22,96,150,0,2,13,6,21,16,18,35,102,171,0,44,44,215
03/08/2022,AMA,TX,ASW,CE,Combined TRACON& Tower with Radar,16,19,18,69,122,0,0,19,2,21,16,19,37,71,143,16,22,38,181
03/09/2022,AMA,TX,ASW,CE,Combined TRACON& Tower with Radar,12,21,19,10,62,0,3,9,1,13,12,24,28,11,75,2,6,8,83
03/10/2022,AMA,TX,ASW,CE,Combined TRACON& Tower with Radar,19,19,42,5,85,0,0,1,1,2,19,19,43,6,87,6,0,6,93
03/11/2022,AMA,TX,ASW,CE,Combined TRACON& Tower with Radar,18,17,24,6,65,0,2,4,0,6,18,19,28,6,71,12,0,12,83
03/12/2022,AMA,TX,ASW,CE,Combined TRACON& Tower with Radar,14,15,19,4,52,0,0,11,1,12,14,15,30,5,64,0,0,0,64
03/13/2022,AMA,TX,ASW,CE,Combined TRACON& Tower with Radar,18,8,25,12,63,0,0,12,6,18,18,8,37,18,81,0,12,12,93
03/14/2022,AMA,TX,ASW,CE,Combined TRACON& Tower with Radar,24,10,26,39,99,0,0,8,9,17,24,10,34,48,116,12,50,62,178
03/15/2022,AMA,TX,ASW,CE,Combined TRACON& Tower with Radar,18,13,17,64,112,0,0,13,8,21,18,13,30,72,133,30,8,38,171
03/16/2022,AMA,TX,ASW,CE,Combined TRACON& Tower with Radar,14,16,31,28,89,0,0,9,2,11,14,16,40,30,100,26,24,50,150
03/17/2022,AMA,TX,ASW,CE,Combined TRACON& Tower with Radar,20,12,16,8,56,0,0,1,4,5,20,12,17,12,61,0,4,4,65
03/18/2022,AMA,TX,ASW,CE,Combined TRACON& Tower with Radar,22,9,19,64,114,0,0,7,7,14,22,9,26,71,128,8,56,64,192
03/19/2022,AMA,TX,ASW,CE,Combined TRACON& Tower with Radar,19,15,18,18,70,0,0,19,6,25,19,15,37,24,95,0,6,6,101
03/20/2022,AMA,TX,ASW,CE,Combined TRACON& Tower with Radar,16,9,9,4,38,0,0,1,2,3,16,9,10,6,41,0,0,0,41
03/21/2022,AMA,TX,ASW,CE,Combined TRACON& Tower with Radar,11,4,10,16,41,0,0,2,1,3,11,4,12,17,44,0,26,26,70
03/22/2022,AMA,TX,ASW,CE,Combined TRACON& Tower with Radar,18,16,14,9,57,0,0,1,0,1,18,16,15,9,58,0,0,0,58
03/23/2022,AMA,TX,ASW,CE,Combined TRACON& Tower with Radar,14,14,24,27,79,0,0,2,5,7,14,14,26,32,86,4,0,4,90
03/24/2022,AMA,TX,ASW,CE,Combined TRACON& Tower with Radar,19,16,36,88,159,0,0,13,8,21,19,16,49,96,180,30,30,60,240
03/25/2022,AMA,TX,ASW,CE,Combined TRACON& Tower with Radar,19,18,17,49,103,0,2,8,6,16,19,20,25,55,119,16,20,36,155
03/26/2022,AMA,TX,ASW,CE,Combined TRACON& Tower with Radar,13,10,8,7,38,0,4,15,2,21,13,14,23,9,59,16,0,16,75
03/27/2022,AMA,TX,ASW,CE,Combined TRACON& Tower with Radar,17,10,10,7,44,0,1,12,0,13,17,11,22,7,57,0,0,0,57
03/28/2022,AMA,TX,ASW,CE,Combined TRACON& Tower with Radar,18,23,23,15,79,0,0,14,1,15,18,23,37,16,94,26,8,34,128
03/29/2022,AMA,TX,ASW,CE,Combined TRACON& Tower with Radar,22,12,18,1,53,0,0,2,2,4,22,12,20,3,57,0,0,0,57
03/30/2022,AMA,TX,ASW,CE,Combined TRACON& Tower with Radar,14,17,10,36,77,0,0,3,0,3,14,17,13,36,80,0,28,28,108
03/31/2022,AMA,TX,ASW,CE,Combined TRACON& Tower with Radar,17,13,17,27,74,0,1,12,7,20,17,14,29,34,94,46,16,62,156
04/01/2022,AMA,TX,ASW,CE,Combined TRACON& Tower with Radar,17,15,19,6,57,0,3,9,0,12,17,18,28,6,69,0,0,0,69
04/02/2022,AMA,TX,ASW,CE,Combined TRACON& Tower with Radar,15,19,8,2,44,0,1,12,3,16,15,20,20,5,60,0,0,0,60
04/03/2022,AMA,TX,ASW,CE,Combined TRACON& Tower with Radar,19,13,15,0,47,0,2,1,1,4,19,15,16,1,51,0,0,0,51
04/04/2022,AMA,TX,ASW,CE,Combined TRACON& Tower with Radar,18,13,14,80,125,0,0,10,2,12,18,13,24,82,137,22,181,203,340
04/05/2022,AMA,TX,ASW,CE,Combined TRACON& Tower with Radar,21,12,26,27,86,0,0,9,2,11,21,12,35,29,97,14,66,80,177
04/06/2022,AMA,TX,ASW,CE,Combined TRACON& Tower with Radar,22,12,10,29,73,0,1,4,0,5,22,13,14,29,78,0,8,8,86
04/07/2022,AMA,TX,ASW,CE,Combined TRACON& Tower with Radar,25,17,30,6,78,0,4,18,0,22,25,21,48,6,100,0,2,2,102
04/08/2022,AMA,TX,ASW,CE,Combined TRACON& Tower with Radar,23,15,16,58,112,0,0,20,3,23,23,15,36,61,135,10,36,46,181
04/09/2022,AMA,TX,ASW,CE,Combined TRACON& Tower with Radar,18,12,12,0,42,0,0,4,1,5,18,12,16,1,47,0,0,0,47
04/10/2022,AMA,TX,ASW,CE,Combined TRACON& Tower with Radar,21,16,10,14,61,0,0,10,0,10,21,16,20,14,71,0,0,0,71
04/11/2022,AMA,TX,ASW,CE,Combined TRACON& Tower with Radar,23,13,18,50,104,0,0,11,3,14,23,13,29,53,118,0,12,12,130
04/12/2022,AMA,TX,ASW,CE,Combined TRACON& Tower with Radar,23,17,26,20,86,0,1,5,2,8,23,18,31,22,94,0,12,12,106
04/13/2022,AMA,TX,ASW,CE,Combined TRACON& Tower with Radar,23,26,24,42,115,0,3,5,2,10,23,29,29,44,125,0,36,36,161
04/14/2022,AMA,TX,ASW,CE,Combined TRACON& Tower with Radar,23,15,34,27,99,0,2,7,5,14,23,17,41,32,113,4,14,18,131
04/15/2022,AMA,TX,ASW,CE,Combined TRACON& Tower with Radar,21,16,10,59,106,0,0,6,5,11,21,16,16,64,117,10,12,22,139
04/16/2022,AMA,TX,ASW,CE,Combined TRACON& Tower with Radar,18,12,4,1,35,0,0,5,0,5,18,12,9,1,40,0,0,0,40
04/17/2022,AMA,TX,ASW,CE,Combined TRACON& Tower with Radar,23,9,4,3,39,0,0,2,0,2,23,9,6,3,41,0,0,0,41
04/18/2022,AMA,TX,ASW,CE,Combined TRACON& Tower with Radar,23,16,24,26,89,0,2,11,0,13,23,18,35,26,102,14,28,42,144
04/19/2022,AMA,TX,ASW,CE,Combined TRACON& Tower with Radar,21,12,18,14,65,0,1,6,0,7,21,13,24,14,72,0,0,0,72
04/20/2022,AMA,TX,ASW,CE,Combined TRACON& Tower with Radar,22,16,26,64,128,0,0,21,9,30,22,16,47,73,158,6,72,78,236
04/21/2022,AMA,TX,ASW,CE,Combined TRACON& Tower with Radar,22,17,21,64,124,0,0,11,21,32,22,17,32,85,156,24,30,54,210
04/22/2022,AMA,TX,ASW,CE,Combined TRACON& Tower with Radar,26,14,15,17,72,0,0,0,2,2,26,14,15,19,74,0,12,12,86
04/23/2022,AMA,TX,ASW,CE,Combined TRACON& Tower with Radar,21,14,8,2,45,0,6,7,5,18,21,20,15,7,63,16,0,16,79
04/24/2022,AMA,TX,ASW,CE,Combined TRACON& Tower with Radar,20,21,14,16,71,0,1,4,7,12,20,22,18,23,83,0,0,0,83
04/25/2022,AMA,TX,ASW,CE,Combined TRACON& Tower with Radar,23,11,25,20,79,0,0,10,2,12,23,11,35,22,91,0,0,0,91
04/26/2022,AMA,TX,ASW,CE,Combined TRACON& Tower with Radar,22,19,19,8,68,0,0,16,8,24,22,19,35,16,92,0,0,0,92
04/27/2022,AMA,TX,ASW,CE,Combined TRACON& Tower with Radar,27,18,17,2,64,0,3,10,1,14,27,21,27,3,78,0,8,8,86
04/28/2022,AMA,TX,ASW,CE,Combined TRACON& Tower with Radar,24,14,21,10,69,0,2,10,4,16,24,16,31,14,85,6,0,6,91
04/29/2022,AMA,TX,ASW,CE,Combined TRACON& Tower with Radar,28,12,13,10,63,0,0,4,2,6,28,12,17,12,69,0,0,0,69
04/30/2022,AMA,TX,ASW,CE,Combined TRACON& Tower with Radar,20,8,12,14,54,0,2,23,2,27,20,10,35,16,81,32,6,38,119
05/01/2022,AMA,TX,ASW,CE,Combined TRACON& Tower with Radar,22,6,18,3,49,0,0,3,1,4,22,6,21,4,53,44,0,44,97
05/02/2022,AMA,TX,ASW,CE,Combined TRACON& Tower with Radar,25,14,14,28,81,0,1,6,2,9,25,15,20,30,90,16,12,28,118
05/03/2022,AMA,TX,ASW,CE,Combined TRACON& Tower with Radar,23,12,30,44,109,0,2,15,3,20,23,14,45,47,129,80,26,106,235
05/04/2022,AMA,TX,ASW,CE,Combined TRACON& Tower with Radar,21,10,17,7,55,0,1,5,1,7,21,11,22,8,62,0,0,0,62
05/05/2022,AMA,TX,ASW,CE,Combined TRACON& Tower with Radar,27,7,19,93,146,0,0,14,3,17,27,7,33,96,163,2,44,46,209
05/06/2022,AMA,TX,ASW,CE,Combined TRACON& Tower with Radar,24,15,24,64,127,0,1,20,11,32,24,16,44,75,159,6,34,40,199
05/07/2022,AMA,TX,ASW,CE,Combined TRACON& Tower with Radar,22,8,10,2,42,0,1,15,6,22,22,9,25,8,64,0,0,0,64
05/08/2022,AMA,TX,ASW,CE,Combined TRACON& Tower with Radar,22,16,10,38,86,0,0,8,5,13,22,16,18,43,99,0,0,0,99
05/09/2022,AMA,TX,ASW,CE,Combined TRACON& Tower with Radar,21,15,20,10,66,0,0,1,4,5,21,15,21,14,71,0,0,0,71
05/10/2022,AMA,TX,ASW,CE,Combined TRACON& Tower with Radar,20,15,31,4,70,0,1,6,6,13,20,16,37,10,83,0,12,12,95
05/11/2022,AMA,TX,ASW,CE,Combined TRACON& Tower with Radar,18,13,22,11,64,0,1,10,5,16,18,14,32,16,80,30,0,30,110
05/12/2022,AMA,TX,ASW,CE,Combined TRACON& Tower with Radar,22,14,16,41,93,0,0,7,7,14,22,14,23,48,107,6,0,6,113
05/13/2022,AMA,TX,ASW,CE,Combined TRACON& Tower with Radar,24,16,30,18,88,0,2,13,6,21,24,18,43,24,109,24,58,82,191
05/14/2022,AMA,TX,ASW,CE,Combined TRACON& Tower with Radar,22,15,7,16,60,0,0,16,1,17,22,15,23,17,77,22,0,22,99
05/15/2022,AMA,TX,ASW,CE,Combined TRACON& Tower with Radar,20,6,9,7,42,0,0,8,2,10,20,6,17,9,52,0,0,0,52
05/16/2022,AMA,TX,ASW,CE,Combined TRACON& Tower with Radar,25,16,27,18,86,0,1,8,0,9,25,17,35,18,95,0,0,0,95
05/17/2022,AMA,TX,ASW,CE,Combined TRACON& Tower with Radar,19,14,10,19,62,0,0,7,3,10,19,14,17,22,72,4,0,4,76
05/18/2022,AMA,TX,ASW,CE,Combined TRACON& Tower with Radar,21,17,22,32,92,0,0,13,1,14,21,17,35,33,106,16,20,36,142
05/19/2022,AMA,TX,ASW,CE,Combined TRACON& Tower with Radar,20,16,20,30,86,0,14,18,4,36,20,30,38,34,122,4,30,34,156
05/20/2022,AMA,TX,ASW,CE,Combined TRACON& Tower with Radar,23,18,9,27,77,0,2,8,3,13,23,20,17,30,90,0,6,6,96
05/21/2022,AMA,TX,ASW,CE,Combined TRACON& Tower with Radar,20,12,21,2,55,0,0,6,1,7,20,12,27,3,62,0,0,0,62
05/22/2022,AMA,TX,ASW,CE,Combined TRACON& Tower with Radar,23,12,17,1,53,0,0,15,2,17,23,12,32,3,70,18,0,18,88
05/23/2022,AMA,TX,ASW,CE,Combined TRACON& Tower with Radar,23,11,13,6,53,0,0,5,3,8,23,11,18,9,61,0,0,0,61
05/24/2022,AMA,TX,ASW,CE,Combined TRACON& Tower with Radar,17,11,35,1,64,0,0,0,2,2,17,11,35,3,66,0,0,0,66
05/25/2022,AMA,TX,ASW,CE,Combined TRACON& Tower with Radar,18,26,23,64,131,0,0,9,5,14,18,26,32,69,145,38,62,100,245
05/26/2022,AMA,TX,ASW,CE,Combined TRACON& Tower with Radar,24,13,42,48,127,0,1,18,3,22,24,14,60,51,149,6,60,66,215
05/27/2022,AMA,TX,ASW,CE,Combined TRACON& Tower with Radar,28,12,18,7,65,0,0,5,3,8,28,12,23,10,73,0,0,0,73
05/28/2022,AMA,TX,ASW,CE,Combined TRACON& Tower with Radar,20,10,3,1,34,0,0,6,1,7,20,10,9,2,41,0,0,0,41
05/29/2022,AMA,TX,ASW,CE,Combined TRACON& Tower with Radar,24,15,10,0,49,0,3,13,2,18,24,18,23,2,67,0,0,0,67
05/30/2022,AMA,TX,ASW,CE,Combined TRACON& Tower with Radar,23,9,23,0,55,0,0,11,0,11,23,9,34,0,66,4,0,4,70
05/31/2022,AMA,TX,ASW,CE,Combined TRACON& Tower with Radar,20,14,22,22,78,0,0,11,1,12,20,14,33,23,90,6,20,26,116
06/01/2022,AMA,TX,ASW,CE,Combined TRACON& Tower with Radar,21,14,18,21,74,0,0,0,0,0,21,14,18,21,74,0,0,0,74
06/02/2022,AMA,TX,ASW,CE,Combined TRACON& Tower with Radar,23,14,23,12,72,0,0,4,0,4,23,14,27,12,76,0,0,0,76
06/03/2022,AMA,TX,ASW,CE,Combined TRACON& Tower with Radar,22,10,21,3,56,0,2,5,1,8,22,12,26,4,64,40,16,56,120
06/04/2022,AMA,TX,ASW,CE,Combined TRACON& Tower with Radar,19,12,16,4,51,0,3,6,0,9,19,15,22,4,60,12,0,12,72
06/05/2022,AMA,TX,ASW,CE,Combined TRACON& Tower with Radar,28,8,17,9,62,0,0,15,1,16,28,8,32,10,78,8,0,8,86
06/06/2022,AMA,TX,ASW,CE,Combined TRACON& Tower with Radar,25,11,18,20,74,0,2,12,2,16,25,13,30,22,90,22,24,46,136
06/07/2022,AMA,TX,ASW,CE,Combined TRACON& Tower with Radar,23,13,18,15,69,0,1,5,1,7,23,14,23,16,76,0,16,16,92
06/08/2022,AMA,TX,ASW,CE,Combined TRACON& Tower with Radar,23,15,22,14,74,0,0,9,0,9,23,15,31,14,83,0,4,4,87
06/09/2022,AMA,TX,ASW,CE,Combined TRACON& Tower with Radar,29,9,27,5,70,0,1,5,2,8,29,10,32,7,78,0,0,0,78
06/10/2022,AMA,TX,ASW,CE,Combined TRACON& Tower with Radar,25,13,37,32,107,0,0,17,9,26,25,13,54,41,133,50,0,50,183
06/11/2022,AMA,TX,ASW,CE,Combined TRACON& Tower with Radar,16,13,13,7,49,0,0,15,4,19,16,13,28,11,68,24,14,38,106
06/12/2022,AMA,TX,ASW,CE,Combined TRACON& Tower with Radar,27,14,31,14,86,0,0,7,6,13,27,14,38,20,99,0,0,0,99
06/13/2022,AMA,TX,ASW,CE,Combined TRACON& Tower with Radar,29,12,11,0,52,0,1,6,0,7,29,13,17,0,59,8,0,8,67
06/14/2022,AMA,TX,ASW,CE,Combined TRACON& Tower with Radar,28,12,24,15,79,0,0,3,10,13,28,12,27,25,92,0,46,46,138
06/15/2022,AMA,TX,ASW,CE,Combined TRACON& Tower with Radar,28,14,17,17,76,0,3,16,6,25,28,17,33,23,101,48,12,60,161
06/16/2022,AMA,TX,ASW,CE,Combined TRACON& Tower with Radar,27,22,26,12,87,0,1,16,1,18,27,23,42,13,105,0,6,6,111
06/17/2022,AMA,TX,ASW,CE,Combined TRACON& Tower with Radar,28,19,14,12,73,0,1,10,2,13,28,20,24,14,86,0,0,0,86
06/18/2022,AMA,TX,ASW,CE,Combined TRACON& Tower with Radar,20,11,6,24,61,0,0,7,1,8,20,11,13,25,69,22,0,22,91
06/19/2022,AMA,TX,ASW,CE,Combined TRACON& Tower with Radar,25,9,9,1,44,0,0,6,0,6,25,9,15,1,50,0,0,0,50
06/20/2022,AMA,TX,ASW,CE,Combined TRACON& Tower with Radar,26,17,6,1,50,0,1,10,2,13,26,18,16,3,63,0,0,0,63
06/21/2022,AMA,TX,ASW,CE,Combined TRACON& Tower with Radar,26,15,35,22,98,0,1,10,2,13,26,16,45,24,111,22,110,132,243
06/22/2022,AMA,TX,ASW,CE,Combined TRACON& Tower with Radar,26,14,22,9,71,0,0,8,0,8,26,14,30,9,79,0,18,18,97
06/23/2022,AMA,TX,ASW,CE,Combined TRACON& Tower with Radar,27,17,13,25,82,0,4,12,6,22,27,21,25,31,104,68,0,68,172
06/24/2022,AMA,TX,ASW,CE,Combined TRACON& Tower with Radar,26,14,15,26,81,0,2,16,1,19,26,16,31,27,100,58,12,70,170
06/25/2022,AMA,TX,ASW,CE,Combined TRACON& Tower with Radar,20,10,11,0,41,0,0,12,0,12,20,10,23,0,53,0,0,0,53
06/26/2022,AMA,TX,ASW,CE,Combined TRACON& Tower with Radar,24,16,13,0,53,0,0,4,0,4,24,16,17,0,57,0,0,0,57
06/27/2022,AMA,TX,ASW,CE,Combined TRACON& Tower with Radar,28,8,20,33,89,0,1,15,2,18,28,9,35,35,107,60,38,98,205
06/28/2022,AMA,TX,ASW,CE,Combined TRACON& Tower with Radar,26,14,32,20,92,0,0,8,3,11,26,14,40,23,103,38,0,38,141
06/29/2022,AMA,TX,ASW,CE,Combined TRACON& Tower with Radar,26,15,20,9,70,0,4,13,2,19,26,19,33,11,89,20,0,20,109
06/30/2022,AMA,TX,ASW,CE,Combined TRACON& Tower with Radar,28,16,19,29,92,0,0,16,4,20,28,16,35,33,112,28,40,68,180
07/01/2022,AMA,TX,ASW,CE,Combined TRACON& Tower with Radar,26,18,20,2,66,0,2,9,0,11,26,20,29,2,77,4,0,4,81
07/02/2022,AMA,TX,ASW,CE,Combined TRACON& Tower with Radar,20,13,13,4,50,0,0,7,0,7,20,13,20,4,57,0,0,0,57
07/03/2022,AMA,TX,ASW,CE,Combined TRACON& Tower with Radar,27,10,3,12,52,0,0,13,3,16,27,10,16,15,68,6,4,10,78
07/04/2022,AMA,TX,ASW,CE,Combined TRACON& Tower with Radar,24,8,9,0,41,0,0,8,1,9,24,8,17,1,50,0,0,0,50
07/05/2022,AMA,TX,ASW,CE,Combined TRACON& Tower with Radar,21,16,19,4,60,0,0,9,0,9,21,16,28,4,69,10,0,10,79
07/06/2022,AMA,TX,ASW,CE,Combined TRACON& Tower with Radar,24,17,16,0,57,0,2,9,1,12,24,19,25,1,69,22,0,22,91
07/07/2022,AMA,TX,ASW,CE,Combined TRACON& Tower with Radar,29,12,22,8,71,0,0,7,0,7,29,12,29,8,78,6,8,14,92
07/08/2022,AMA,TX,ASW,CE,Combined TRACON& Tower with Radar,25,18,13,4,60,0,1,8,0,9,25,19,21,4,69,0,14,14,83
07/09/2022,AMA,TX,ASW,CE,Combined TRACON& Tower with Radar,20,13,12,3,48,0,0,11,0,11,20,13,23,3,59,8,0,8,67
07/10/2022,AMA,TX,ASW,CE,Combined TRACON& Tower with Radar,27,15,9,4,55,0,0,8,0,8,27,15,17,4,63,26,0,26,89
07/11/2022,AMA,TX,ASW,CE,Combined TRACON& Tower with Radar,28,18,23,31,100,0,2,9,7,18,28,20,32,38,118,2,26,28,146
07/12/2022,AMA,TX,ASW,CE,Combined TRACON& Tower with Radar,22,8,14,23,67,0,0,6,0,6,22,8,20,23,73,18,20,38,111
07/13/2022,AMA,TX,ASW,CE,Combined TRACON& Tower with Radar,22,13,14,20,69,0,1,6,2,9,22,14,20,22,78,34,0,34,112
07/14/2022,AMA,TX,ASW,CE,Combined TRACON& Tower with Radar,34,19,10,13,76,0,2,13,3,18,34,21,23,16,94,12,0,12,106
07/15/2022,AMA,TX,ASW,CE,Combined TRACON& Tower with Radar,32,10,11,10,63,0,0,13,5,18,32,10,24,15,81,22,0,22,103
07/16/2022,AMA,TX,ASW,CE,Combined TRACON& Tower with Radar,17,15,10,24,66,0,0,9,3,12,17,15,19,27,78,16,8,24,102
07/17/2022,AMA,TX,ASW,CE,Combined TRACON& Tower with Radar,27,11,17,8,63,0,0,14,1,15,27,11,31,9,78,0,0,0,78
07/18/2022,AMA,TX,ASW,CE,Combined TRACON& Tower with Radar,26,14,18,16,74,0,1,11,2,14,26,15,29,18,88,0,12,12,100
07/19/2022,AMA,TX,ASW,CE,Combined TRACON& Tower with Radar,24,13,24,6,67,0,0,10,0,10,24,13,34,6,77,2,0,2,79
07/20/2022,AMA,TX,ASW,CE,Combined TRACON& Tower with Radar,19,18,25,8,70,0,1,12,1,14,19,19,37,9,84,8,12,20,104
07/21/2022,AMA,TX,ASW,CE,Combined TRACON& Tower with Radar,32,11,20,7,70,0,1,15,0,16,32,12,35,7,86,10,0,10,96
07/22/2022,AMA,TX,ASW,CE,Combined TRACON& Tower with Radar,26,15,21,11,73,0,0,20,2,22,26,15,41,13,95,10,2,12,107
07/23/2022,AMA,TX,ASW,CE,Combined TRACON& Tower with Radar,18,13,13,2,46,0,1,6,0,7,18,14,19,2,53,0,0,0,53
07/24/2022,AMA,TX,ASW,CE,Combined TRACON& Tower with Radar,29,11,12,0,52,0,2,13,0,15,29,13,25,0,67,8,0,8,75
07/25/2022,AMA,TX,ASW,CE,Combined TRACON& Tower with Radar,21,22,16,12,71,0,0,13,2,15,21,22,29,14,86,2,12,14,100
07/26/2022,AMA,TX,ASW,CE,Combined TRACON& Tower with Radar,20,28,28,21,97,0,0,11,2,13,20,28,39,23,110,0,16,16,126
07/27/2022,AMA,TX,ASW,CE,Combined TRACON& Tower with Radar,31,18,12,17,78,0,0,5,3,8,31,18,17,20,86,0,16,16,102
07/28/2022,AMA,TX,ASW,CE,Combined TRACON& Tower with Radar,29,14,16,5,64,0,0,8,0,8,29,14,24,5,72,10,0,10,82
07/29/2022,AMA,TX,ASW,CE,Combined TRACON& Tower with Radar,26,21,16,41,104,0,0,6,1,7,26,21,22,42,111,0,44,44,155
07/30/2022,AMA,TX,ASW,CE,Combined TRACON& Tower with Radar,16,17,14,0,47,0,0,3,2,5,16,17,17,2,52,12,0,12,64
07/31/2022,AMA,TX,ASW,CE,Combined TRACON& Tower with Radar,30,12,13,16,71,0,0,9,6,15,30,12,22,22,86,36,20,56,142
08/01/2022,AMA,TX,ASW,CE,Combined TRACON& Tower with Radar,26,11,17,14,68,0,0,11,5,16,26,11,28,19,84,0,26,26,110
08/02/2022,AMA,TX,ASW,CE,Combined TRACON& Tower with Radar,22,9,21,15,67,0,0,7,0,7,22,9,28,15,74,0,14,14,88
08/03/2022,AMA,TX,ASW,CE,Combined TRACON& Tower with Radar,22,8,17,14,61,0,0,11,0,11,22,8,28,14,72,4,8,12,84
08/04/2022,AMA,TX,ASW,CE,Combined TRACON& Tower with Radar,26,14,20,4,64,0,0,9,0,9,26,14,29,4,73,0,0,0,73
08/05/2022,AMA,TX,ASW,CE,Combined TRACON& Tower with Radar,23,10,15,50,98,0,0,9,5,14,23,10,24,55,112,4,4,8,120
08/06/2022,AMA,TX,ASW,CE,Combined TRACON& Tower with Radar,19,8,12,1,40,0,0,11,0,11,19,8,23,1,51,32,0,32,83
08/07/2022,AMA,TX,ASW,CE,Combined TRACON& Tower with Radar,29,25,18,9,81,0,0,6,1,7,29,25,24,10,88,6,0,6,94
08/08/2022,AMA,TX,ASW,CE,Combined TRACON& Tower with Radar,28,9,19,17,73,0,0,6,2,8,28,9,25,19,81,40,0,40,121
08/09/2022,AMA,TX,ASW,CE,Combined TRACON& Tower with Radar,23,11,17,16,67,0,0,15,3,18,23,11,32,19,85,14,20,34,119
08/10/2022,AMA,TX,ASW,CE,Combined TRACON& Tower with Radar,23,18,12,3,56,0,0,4,2,6,23,18,16,5,62,16,0,16,78
08/11/2022,AMA,TX,ASW,CE,Combined TRACON& Tower with Radar,28,11,12,8,59,0,1,7,8,16,28,12,19,16,75,20,4,24,99
08/12/2022,AMA,TX,ASW,CE,Combined TRACON& Tower with Radar,31,12,14,91,148,0,0,7,2,9,31,12,21,93,157,12,10,22,179
08/13/2022,AMA,TX,ASW,CE,Combined TRACON& Tower with Radar,17,13,9,10,49,0,0,8,6,14,17,13,17,16,63,0,0,0,63
08/14/2022,AMA,TX,ASW,CE,Combined TRACON& Tower with Radar,27,7,19,13,66,0,3,4,2,9,27,10,23,15,75,0,0,0,75
08/15/2022,AMA,TX,ASW,CE,Combined TRACON& Tower with Radar,27,12,20,33,92,0,0,4,1,5,27,12,24,34,97,8,64,72,169
08/16/2022,AMA,TX,ASW,CE,Combined TRACON& Tower with Radar,26,11,16,32,85,0,0,7,3,10,26,11,23,35,95,0,34,34,129
08/17/2022,AMA,TX,ASW,CE,Combined TRACON& Tower with Radar,24,8,28,36,96,0,0,8,2,10,24,8,36,38,106,4,36,40,146
08/18/2022,AMA,TX,ASW,CE,Combined TRACON& Tower with Radar,26,11,31,23,91,0,3,5,1,9,26,14,36,24,100,12,50,62,162
08/19/2022,AMA,TX,ASW,CE,Combined TRACON& Tower with Radar,23,10,18,64,115,0,4,8,8,20,23,14,26,72,135,2,22,24,159
08/20/2022,AMA,TX,ASW,CE,Combined TRACON& Tower with Radar,18,10,4,2,34,0,0,1,0,1,18,10,5,2,35,0,0,0,35
08/21/2022,AMA,TX,ASW,CE,Combined TRACON& Tower with Radar,27,12,11,0,50,0,0,0,0,0,27,12,11,0,50,0,0,0,50
08/22/2022,AMA,TX,ASW,CE,Combined TRACON& Tower with Radar,19,18,28,17,82,0,0,8,0,8,19,18,36,17,90,0,30,30,120
08/23/2022,AMA,TX,ASW,CE,Combined TRACON& Tower with Radar,26,12,10,9,57,0,3,14,2,19,26,15,24,11,76,6,4,10,86
08/24/2022,AMA,TX,ASW,CE,Combined TRACON& Tower with Radar,25,15,16,17,73,0,2,10,5,17,25,17,26,22,90,2,6,8,98
08/25/2022,AMA,TX,ASW,CE,Combined TRACON& Tower with Radar,31,17,26,33,107,0,0,6,0,6,31,17,32,33,113,0,24,24,137
08/26/2022,AMA,TX,ASW,CE,Combined TRACON& Tower with Radar,22,16,23,23,84,0,0,7,0,7,22,16,30,23,91,16,22,38,129
08/27/2022,AMA,TX,ASW,CE,Combined TRACON& Tower with Radar,16,10,6,0,32,0,2,7,0,9,16,12,13,0,41,12,0,12,53
08/28/2022,AMA,TX,ASW,CE,Combined TRACON& Tower with Radar,25,11,13,1,50,0,1,6,1,8,25,12,19,2,58,0,0,0,58
08/29/2022,AMA,TX,ASW,CE,Combined TRACON& Tower with Radar,24,11,17,17,69,0,0,4,0,4,24,11,21,17,73,42,34,76,149
08/30/2022,AMA,TX,ASW,CE,Combined TRACON& Tower with Radar,33,12,13,19,77,0,4,21,1,26,33,16,34,20,103,16,20,36,139
08/31/2022,AMA,TX,ASW,CE,Combined TRACON& Tower with Radar,26,13,39,20,98,0,0,19,14,33,26,13,58,34,131,48,4,52,183
09/01/2022,AMA,TX,ASW,CE,Combined TRACON& Tower with Radar,23,16,28,50,117,0,0,12,7,19,23,16,40,57,136,22,112,134,270
09/02/2022,AMA,TX,ASW,CE,Combined TRACON& Tower with Radar,26,16,27,6,75,0,0,8,6,14,26,16,35,12,89,6,12,18,107
09/03/2022,AMA,TX,ASW,CE,Combined TRACON& Tower with Radar,18,17,14,0,49,0,3,10,0,13,18,20,24,0,62,8,0,8,70
09/04/2022,AMA,TX,ASW,CE,Combined TRACON& Tower with Radar,21,17,10,1,49,1,3,10,0,14,22,20,20,1,63,0,0,0,63
09/05/2022,AMA,TX,ASW,CE,Combined TRACON& Tower with Radar,23,8,12,0,43,0,2,5,0,7,23,10,17,0,50,0,0,0,50
09/06/2022,AMA,TX,ASW,CE,Combined TRACON& Tower with Radar,25,17,29,35,106,0,0,14,0,14,25,17,43,35,120,8,44,52,172
09/07/2022,AMA,TX,ASW,CE,Combined TRACON& Tower with Radar,26,11,34,30,101,0,0,11,2,13,26,11,45,32,114,0,14,14,128
09/08/2022,AMA,TX,ASW,CE,Combined TRACON& Tower with Radar,29,13,22,22,86,0,0,9,8,17,29,13,31,30,103,0,60,60,163
09/09/2022,AMA,TX,ASW,CE,Combined TRACON& Tower with Radar,28,17,22,41,108,0,2,8,4,14,28,19,30,45,122,0,52,52,174
09/10/2022,AMA,TX,ASW,CE,Combined TRACON& Tower with Radar,23,10,13,1,47,0,0,8,4,12,23,10,21,5,59,10,0,10,69
09/11/2022,AMA,TX,ASW,CE,Combined TRACON& Tower with Radar,26,9,26,5,66,0,0,4,2,6,26,9,30,7,72,0,4,4,76
09/12/2022,AMA,TX,ASW,CE,Combined TRACON& Tower with Radar,30,11,28,32,101,0,1,11,3,15,30,12,39,35,116,4,16,20,136
09/13/2022,AMA,TX,ASW,CE,Combined TRACON& Tower with Radar,24,17,15,20,76,0,3,5,1,9,24,20,20,21,85,4,4,8,93
09/14/2022,AMA,TX,ASW,CE,Combined TRACON& Tower with Radar,30,12,26,8,76,0,0,12,3,15,30,12,38,11,91,10,0,10,101
09/15/2022,AMA,TX,ASW,CE,Combined TRACON& Tower with Radar,30,16,15,0,61,0,0,5,2,7,30,16,20,2,68,42,0,42,110
09/16/2022,AMA,TX,ASW,CE,Combined TRACON& Tower with Radar,30,13,28,2,73,0,0,8,2,10,30,13,36,4,83,28,14,42,125
09/17/2022,AMA,TX,ASW,CE,Combined TRACON& Tower with Radar,22,13,7,0,42,0,0,6,0,6,22,13,13,0,48,2,0,2,50
09/18/2022,AMA,TX,ASW,CE,Combined TRACON& Tower with Radar,28,6,21,8,63,0,0,9,1,10,28,6,30,9,73,14,0,14,87
09/19/2022,AMA,TX,ASW,CE,Combined TRACON& Tower with Radar,28,17,13,25,83,0,1,12,6,19,28,18,25,31,102,8,6,14,116
09/20/2022,AMA,TX,ASW,CE,Combined TRACON& Tower with Radar,24,15,29,5,73,0,2,10,1,13,24,17,39,6,86,8,6,14,100
09/21/2022,AMA,TX,ASW,CE,Combined TRACON& Tower with Radar,29,11,27,26,93,0,0,12,4,16,29,11,39,30,109,4,24,28,137
09/22/2022,AMA,TX,ASW,CE,Combined TRACON& Tower with Radar,28,23,35,40,126,0,0,12,5,17,28,23,47,45,143,6,0,6,149
09/23/2022,AMA,TX,ASW,CE,Combined TRACON& Tower with Radar,28,14,46,13,101,0,1,14,10,25,28,15,60,23,126,14,14,28,154
09/24/2022,AMA,TX,ASW,CE,Combined TRACON& Tower with Radar,24,13,4,7,48,0,4,8,3,15,24,17,12,10,63,0,4,4,67
09/25/2022,AMA,TX,ASW,CE,Combined TRACON& Tower with Radar,27,8,8,28,71,0,0,7,4,11,27,8,15,32,82,6,0,6,88
09/26/2022,AMA,TX,ASW,CE,Combined TRACON& Tower with Radar,30,15,10,23,78,0,0,9,0,9,30,15,19,23,87,0,28,28,115
09/27/2022,AMA,TX,ASW,CE,Combined TRACON& Tower with Radar,25,18,21,14,78,0,0,9,1,10,25,18,30,15,88,0,36,36,124
09/28/2022,AMA,TX,ASW,CE,Combined TRACON& Tower with Radar,27,21,23,25,96,0,6,11,5,22,27,27,34,30,118,12,16,28,146
09/29/2022,AMA,TX,ASW,CE,Combined TRACON& Tower with Radar,30,21,20,2,73,0,0,10,0,10,30,21,30,2,83,0,0,0,83
09/30/2022,AMA,TX,ASW,CE,Combined TRACON& Tower with Radar,40,11,17,6,74,0,0,10,1,11,40,11,27,7,85,2,0,2,87
10/01/2022,AMA,TX,ASW,CE,Combined TRACON& Tower with Radar,24,14,5,7,50,0,0,17,4,21,24,14,22,11,71,0,6,6,77
10/02/2022,AMA,TX,ASW,CE,Combined TRACON& Tower with Radar,28,15,14,4,61,0,0,4,0,4,28,15,18,4,65,0,0,0,65
10/03/2022,AMA,TX,ASW,CE,Combined TRACON& Tower with Radar,30,18,11,10,69,0,1,3,0,4,30,19,14,10,73,0,0,0,73
10/04/2022,AMA,TX,ASW,CE,Combined TRACON& Tower with Radar,24,21,14,28,87,0,0,3,0,3,24,21,17,28,90,0,0,0,90
10/05/2022,AMA,TX,ASW,CE,Combined TRACON& Tower with Radar,26,15,11,15,67,0,0,2,1,3,26,15,13,16,70,0,0,0,70
10/06/2022,AMA,TX,ASW,CE,Combined TRACON& Tower with Radar,26,14,21,37,98,0,0,6,2,8,26,14,27,39,106,8,0,8,114
10/07/2022,AMA,TX,ASW,CE,Combined TRACON& Tower with Radar,27,15,20,7,69,0,0,2,2,4,27,15,22,9,73,0,0,0,73
10/08/2022,AMA,TX,ASW,CE,Combined TRACON& Tower with Radar,25,13,28,1,67,0,0,1,2,3,25,13,29,3,70,0,0,0,70
10/09/2022,AMA,TX,ASW,CE,Combined TRACON& Tower with Radar,27,13,7,2,49,0,2,8,3,13,27,15,15,5,62,0,0,0,62
10/10/2022,AMA,TX,ASW,CE,Combined TRACON& Tower with Radar,27,13,25,0,65,0,0,5,1,6,27,13,30,1,71,0,0,0,71
10/11/2022,AMA,TX,ASW,CE,Combined TRACON& Tower with Radar,28,12,20,47,107,0,0,12,4,16,28,12,32,51,123,22,104,126,249
10/12/2022,AMA,TX,ASW,CE,Combined TRACON& Tower with Radar,28,11,25,32,96,0,0,13,6,19,28,11,38,38,115,0,0,0,115
10/13/2022,AMA,TX,ASW,CE,Combined TRACON& Tower with Radar,27,15,19,21,82,0,1,4,2,7,27,16,23,23,89,0,0,0,89
10/14/2022,AMA,TX,ASW,CE,Combined TRACON& Tower with Radar,29,14,28,57,128,0,1,8,12,21,29,15,36,69,149,8,38,46,195
10/15/2022,AMA,TX,ASW,CE,Combined TRACON& Tower with Radar,25,10,14,2,51,0,0,6,2,8,25,10,20,4,59,2,30,32,91
10/16/2022,AMA,TX,ASW,CE,Combined TRACON& Tower with Radar,26,9,12,0,47,0,0,0,1,1,26,9,12,1,48,0,0,0,48
10/17/2022,AMA,TX,ASW,CE,Combined TRACON& Tower with Radar,28,12,15,13,68,0,2,3,8,13,28,14,18,21,81,14,0,14,95
10/18/2022,AMA,TX,ASW,CE,Combined TRACON& Tower with Radar,28,15,14,37,94,0,2,9,6,17,28,17,23,43,111,10,0,10,121
10/19/2022,AMA,TX,ASW,CE,Combined TRACON& Tower with Radar,26,14,18,24,82,0,2,24,3,29,26,16,42,27,111,8,6,14,125
10/20/2022,AMA,TX,ASW,CE,Combined TRACON& Tower with Radar,26,11,22,18,77,0,2,14,0,16,26,13,36,18,93,0,24,24,117
10/21/2022,AMA,TX,ASW,CE,Combined TRACON& Tower with Radar,33,13,33,58,137,0,0,17,4,21,33,13,50,62,158,0,0,0,158
10/22/2022,AMA,TX,ASW,CE,Combined TRACON& Tower with Radar,26,19,9,15,69,0,2,5,2,9,26,21,14,17,78,0,0,0,78
10/23/2022,AMA,TX,ASW,CE,Combined TRACON& Tower with Radar,25,11,20,19,75,0,1,6,3,10,25,12,26,22,85,6,0,6,91
10/24/2022,AMA,TX,ASW,CE,Combined TRACON& Tower with Radar,27,11,7,7,52,0,0,2,1,3,27,11,9,8,55,0,8,8,63
10/25/2022,AMA,TX,ASW,CE,Combined TRACON& Tower with Radar,26,17,18,42,103,0,2,15,7,24,26,19,33,49,127,10,36,46,173
10/26/2022,AMA,TX,ASW,CE,Combined TRACON& Tower with Radar,28,12,12,12,64,0,0,4,7,11,28,12,16,19,75,12,0,12,87
10/27/2022,AMA,TX,ASW,CE,Combined TRACON& Tower with Radar,29,20,21,29,99,0,0,3,6,9,29,20,24,35,108,2,12,14,122
10/28/2022,AMA,TX,ASW,CE,Combined TRACON& Tower with Radar,22,16,34,16,88,0,1,5,0,6,22,17,39,16,94,0,44,44,138
10/29/2022,AMA,TX,ASW,CE,Combined TRACON& Tower with Radar,25,12,14,30,81,0,0,8,0,8,25,12,22,30,89,12,18,30,119
10/30/2022,AMA,TX,ASW,CE,Combined TRACON& Tower with Radar,24,14,19,43,100,0,0,11,0,11,24,14,30,43,111,10,6,16,127
10/31/2022,AMA,TX,ASW,CE,Combined TRACON& Tower with Radar,27,11,10,17,65,0,0,15,4,19,27,11,25,21,84,6,8,14,98
11/01/2022,AMA,TX,ASW,CE,Combined TRACON& Tower with Radar,27,15,18,25,85,0,0,12,2,14,27,15,30,27,99,0,68,68,167
11/02/2022,AMA,TX,ASW,CE,Combined TRACON& Tower with Radar,26,20,32,31,109,0,0,13,5,18,26,20,45,36,127,0,42,42,169
11/03/2022,AMA,TX,ASW,CE,Combined TRACON& Tower with Radar,24,14,71,44,153,0,0,6,4,10,24,14,77,48,163,6,90,96,259
11/04/2022,AMA,TX,ASW,CE,Combined TRACON& Tower with Radar,16,19,19,3,57,0,0,2,1,3,16,19,21,4,60,0,0,0,60
11/05/2022,AMA,TX,ASW,CE,Combined TRACON& Tower with Radar,23,15,13,10,61,0,1,6,4,11,23,16,19,14,72,4,0,4,76
11/06/2022,AMA,TX,ASW,CE,Combined TRACON& Tower with Radar,27,18,19,11,75,0,2,8,2,12,27,20,27,13,87,16,0,16,103
11/07/2022,AMA,TX,ASW,CE,Combined TRACON& Tower with Radar,24,15,11,62,112,0,0,6,3,9,24,15,17,65,121,0,160,160,281
11/08/2022,AMA,TX,ASW,CE,Combined TRACON& Tower with Radar,23,23,28,14,88,0,0,3,10,13,23,23,31,24,101,4,16,20,121
11/09/2022,AMA,TX,ASW,CE,Combined TRACON& Tower with Radar,21,13,20,28,82,0,0,6,2,8,21,13,26,30,90,0,86,86,176
11/10/2022,AMA,TX,ASW,CE,Combined TRACON& Tower with Radar,23,23,43,38,127,0,0,11,6,17,23,23,54,44,144,0,0,0,144
11/11/2022,AMA,TX,ASW,CE,Combined TRACON& Tower with Radar,29,13,16,0,58,0,0,13,2,15,29,13,29,2,73,0,0,0,73
11/12/2022,AMA,TX,ASW,CE,Combined TRACON& Tower with Radar,18,9,13,0,40,0,6,9,2,17,18,15,22,2,57,0,0,0,57
11/13/2022,AMA,TX,ASW,CE,Combined TRACON& Tower with Radar,25,11,17,2,55,0,1,8,2,11,25,12,25,4,66,0,0,0,66
11/14/2022,AMA,TX,ASW,CE,Combined TRACON& Tower with Radar,25,23,18,2,68,0,0,2,0,2,25,23,20,2,70,0,0,0,70
11/15/2022,AMA,TX,ASW,CE,Combined TRACON& Tower with Radar,23,14,21,46,104,0,0,10,4,14,23,14,31,50,118,6,14,20,138
11/16/2022,AMA,TX,ASW,CE,Combined TRACON& Tower with Radar,22,13,39,7,81,0,0,15,1,16,22,13,54,8,97,8,20,28,125
11/17/2022,AMA,TX,ASW,CE,Combined TRACON& Tower with Radar,24,16,20,40,100,0,0,4,5,9,24,16,24,45,109,8,8,16,125
11/18/2022,AMA,TX,ASW,CE,Combined TRACON& Tower with Radar,24,16,24,18,82,0,0,6,3,9,24,16,30,21,91,4,0,4,95
11/19/2022,AMA,TX,ASW,CE,Combined TRACON& Tower with Radar,18,14,8,6,46,0,1,8,3,12,18,15,16,9,58,4,0,4,62
11/20/2022,AMA,TX,ASW,CE,Combined TRACON& Tower with Radar,25,12,19,33,89,0,0,7,9,16,25,12,26,42,105,18,0,18,123
11/21/2022,AMA,TX,ASW,CE,Combined TRACON& Tower with Radar,23,22,21,66,132,0,0,8,6,14,23,22,29,72,146,8,52,60,206
11/22/2022,AMA,TX,ASW,CE,Combined TRACON& Tower with Radar,23,13,6,18,60,0,0,11,2,13,23,13,17,20,73,0,20,20,93
11/23/2022,AMA,TX,ASW,CE,Combined TRACON& Tower with Radar,22,21,18,21,82,0,0,7,8,15,22,21,25,29,97,2,68,70,167
11/24/2022,AMA,TX,ASW,CE,Combined TRACON& Tower with Radar,19,9,2,0,30,0,0,3,0,3,19,9,5,0,33,0,0,0,33
11/25/2022,AMA,TX,ASW,CE,Combined TRACON& Tower with Radar,23,16,5,0,44,0,0,7,0,7,23,16,12,0,51,0,0,0,51
11/26/2022,AMA,TX,ASW,CE,Combined TRACON& Tower with Radar,20,13,13,4,50,0,1,1,0,2,20,14,14,4,52,0,0,0,52
11/27/2022,AMA,TX,ASW,CE,Combined TRACON& Tower with Radar,23,9,18,0,50,0,0,10,0,10,23,9,28,0,60,10,0,10,70
11/28/2022,AMA,TX,ASW,CE,Combined TRACON& Tower with Radar,23,17,24,32,96,0,0,4,2,6,23,17,28,34,102,0,0,0,102
11/29/2022,AMA,TX,ASW,CE,Combined TRACON& Tower with Radar,23,14,15,22,74,0,0,7,2,9,23,14,22,24,83,0,44,44,127
11/30/2022,AMA,TX,ASW,CE,Combined TRACON& Tower with Radar,23,14,19,38,94,0,1,9,2,12,23,15,28,40,106,0,36,36,142
12/01/2022,AMA,TX,ASW,CE,Combined TRACON& Tower with Radar,21,15,19,14,69,0,0,6,1,7,21,15,25,15,76,0,16,16,92
12/02/2022,AMA,TX,ASW,CE,Combined TRACON& Tower with Radar,23,12,17,19,71,0,1,1,3,5,23,13,18,22,76,34,12,46,122
12/03/2022,AMA,TX,ASW,CE,Combined TRACON& Tower with Radar,19,15,11,5,50,0,3,9,0,12,19,18,20,5,62,12,0,12,74
12/04/2022,AMA,TX,ASW,CE,Combined TRACON& Tower with Radar,23,11,14,5,53,0,1,7,1,9,23,12,21,6,62,6,0,6,68
12/05/2022,AMA,TX,ASW,CE,Combined TRACON& Tower with Radar,30,22,19,18,89,0,1,12,10,23,30,23,31,28,112,0,62,62,174
12/06/2022,AMA,TX,ASW,CE,Combined TRACON& Tower with Radar,24,20,27,41,112,0,2,7,10,19,24,22,34,51,131,24,98,122,253
12/07/2022,AMA,TX,ASW,CE,Combined TRACON& Tower with Radar,22,11,30,28,91,0,1,5,1,7,22,12,35,29,98,2,46,48,146
12/08/2022,AMA,TX,ASW,CE,Combined TRACON& Tower with Radar,30,15,41,39,125,0,5,10,3,18,30,20,51,42,143,4,30,34,177
12/09/2022,AMA,TX,ASW,CE,Combined TRACON& Tower with Radar,25,21,16,39,101,0,2,3,1,6,25,23,19,40,107,0,0,0,107
12/10/2022,AMA,TX,ASW,CE,Combined TRACON& Tower with Radar,17,14,17,34,82,0,1,11,4,16,17,15,28,38,98,20,0,20,118
12/11/2022,AMA,TX,ASW,CE,Combined TRACON& Tower with Radar,27,13,29,34,103,0,0,9,1,10,27,13,38,35,113,28,0,28,141
12/12/2022,AMA,TX,ASW,CE,Combined TRACON& Tower with Radar,26,15,17,7,65,0,0,2,1,3,26,15,19,8,68,4,0,4,72
12/13/2022,AMA,TX,ASW,CE,Combined TRACON& Tower with Radar,22,13,23,36,94,0,4,3,3,10,22,17,26,39,104,0,8,8,112
12/14/2022,AMA,TX,ASW,CE,Combined TRACON& Tower with Radar,23,20,24,25,92,0,5,3,6,14,23,25,27,31,106,2,26,28,134
12/15/2022,AMA,TX,ASW,CE,Combined TRACON& Tower with Radar,26,21,30,27,104,0,4,5,6,15,26,25,35,33,119,0,72,72,191
12/16/2022,AMA,TX,ASW,CE,Combined TRACON& Tower with Radar,24,18,15,15,72,0,2,7,1,10,24,20,22,16,82,0,4,4,86
12/17/2022,AMA,TX,ASW,CE,Combined TRACON& Tower with Radar,21,16,24,0,61,0,0,18,0,18,21,16,42,0,79,14,0,14,93
12/18/2022,AMA,TX,ASW,CE,Combined TRACON& Tower with Radar,25,15,12,4,56,0,1,8,0,9,25,16,20,4,65,0,12,12,77
12/19/2022,AMA,TX,ASW,CE,Combined TRACON& Tower with Radar,24,19,19,44,106,0,2,15,2,19,24,21,34,46,125,2,128,130,255
12/20/2022,AMA,TX,ASW,CE,Combined TRACON& Tower with Radar,29,19,16,10,74,0,0,11,4,15,29,19,27,14,89,2,28,30,119
12/21/2022,AMA,TX,ASW,CE,Combined TRACON& Tower with Radar,25,24,15,4,68,0,3,15,3,21,25,27,30,7,89,50,44,94,183
12/22/2022,AMA,TX,ASW,CE,Combined TRACON& Tower with Radar,22,14,8,2,46,0,0,1,0,1,22,14,9,2,47,0,0,0,47
12/23/2022,AMA,TX,ASW,CE,Combined TRACON& Tower with Radar,21,15,2,0,38,0,1,3,0,4,21,16,5,0,42,0,0,0,42
12/24/2022,AMA,TX,ASW,CE,Combined TRACON& Tower with Radar,12,10,3,0,25,0,0,3,0,3,12,10,6,0,28,0,0,0,28
12/25/2022,AMA,TX,ASW,CE,Combined TRACON& Tower with Radar,10,11,0,0,21,0,0,2,0,2,10,11,2,0,23,0,0,0,23
12/26/2022,AMA,TX,ASW,CE,Combined TRACON& Tower with Radar,11,20,15,0,46,0,0,10,0,10,11,20,25,0,56,0,0,0,56
12/27/2022,AMA,TX,ASW,CE,Combined TRACON& Tower with Radar,15,9,15,2,41,0,1,1,0,2,15,10,16,2,43,0,0,0,43
12/28/2022,AMA,TX,ASW,CE,Combined TRACON& Tower with Radar,17,19,13,0,49,0,0,1,0,1,17,19,14,0,50,0,0,0,50
12/29/2022,AMA,TX,ASW,CE,Combined TRACON& Tower with Radar,19,23,9,0,51,0,3,7,0,10,19,26,16,0,61,10,0,10,71
12/30/2022,AMA,TX,ASW,CE,Combined TRACON& Tower with Radar,25,15,11,2,53,0,0,3,0,3,25,15,14,2,56,8,0,8,64
12/31/2022,AMA,TX,ASW,CE,Combined TRACON& Tower with Radar,16,13,7,0,36,0,0,10,0,10,16,13,17,0,46,18,0,18,64
01/01/2023,AMA,TX,ASW,CE,Combined TRACON& Tower with Radar,22,6,2,0,30,0,0,4,0,4,22,6,6,0,34,0,0,0,34
01/02/2023,AMA,TX,ASW,CE,Combined TRACON& Tower with Radar,30,22,13,0,65,0,0,7,0,7,30,22,20,0,72,20,0,20,92
01/03/2023,AMA,TX,ASW,CE,Combined TRACON& Tower with Radar,25,19,17,7,68,0,3,7,1,11,25,22,24,8,79,6,18,24,103
01/04/2023,AMA,TX,ASW,CE,Combined TRACON& Tower with Radar,25,20,21,28,94,0,0,24,2,26,25,20,45,30,120,32,78,110,230
01/05/2023,AMA,TX,ASW,CE,Combined TRACON& Tower with Radar,25,13,24,37,99,0,1,9,5,15,25,14,33,42,114,0,118,118,232
01/06/2023,AMA,TX,ASW,CE,Combined TRACON& Tower with Radar,26,13,12,5,56,0,0,2,3,5,26,13,14,8,61,0,0,0,61
01/07/2023,AMA,TX,ASW,CE,Combined TRACON& Tower with Radar,21,12,19,28,80,1,0,10,10,21,22,12,29,38,101,0,18,18,119
01/08/2023,AMA,TX,ASW,CE,Combined TRACON& Tower with Radar,24,11,17,19,71,0,5,7,1,13,24,16,24,20,84,12,18,30,114
01/09/2023,AMA,TX,ASW,CE,Combined TRACON& Tower with Radar,27,10,28,17,82,0,0,5,6,11,27,10,33,23,93,8,16,24,117
01/10/2023,AMA,TX,ASW,CE,Combined TRACON& Tower with Radar,22,17,21,6,66,0,3,11,4,18,22,20,32,10,84,0,30,30,114
01/11/2023,AMA,TX,ASW,CE,Combined TRACON& Tower with Radar,16,8,8,0,32,0,2,5,0,7,16,10,13,0,39,0,0,0,39
01/12/2023,AMA,TX,ASW,CE,Combined TRACON& Tower with Radar,24,14,44,25,107,0,2,14,6,22,24,16,58,31,129,10,46,56,185
01/13/2023,AMA,TX,ASW,CE,Combined TRACON& Tower with Radar,25,13,22,53,113,0,2,15,3,20,25,15,37,56,133,0,66,66,199
01/14/2023,AMA,TX,ASW,CE,Combined TRACON& Tower with Radar,19,19,9,2,49,0,1,14,0,15,19,20,23,2,64,0,0,0,64
01/15/2023,AMA,TX,ASW,CE,Combined TRACON& Tower with Radar,22,16,6,0,44,0,0,6,0,6,22,16,12,0,50,0,0,0,50
01/16/2023,AMA,TX,ASW,CE,Combined TRACON& Tower with Radar,23,13,19,7,62,0,1,5,0,6,23,14,24,7,68,0,0,0,68
01/17/2023,AMA,TX,ASW,CE,Combined TRACON& Tower with Radar,23,10,35,9,77,0,0,10,0,10,23,10,45,9,87,16,38,54,141
01/18/2023,AMA,TX,ASW,CE,Combined TRACON& Tower with Radar,24,21,16,8,69,0,1,1,1,3,24,22,17,9,72,6,12,18,90
01/19/2023,AMA,TX,ASW,CE,Combined TRACON& Tower with Radar,24,19,21,11,75,0,1,19,4,24,24,20,40,15,99,30,32,62,161
01/20/2023,AMA,TX,ASW,CE,Combined TRACON& Tower with Radar,23,13,14,13,63,0,1,9,1,11,23,14,23,14,74,14,14,28,102
01/21/2023,AMA,TX,ASW,CE,Combined TRACON& Tower with Radar,19,10,7,2,38,0,0,0,0,0,19,10,7,2,38,0,0,0,38
01/22/2023,AMA,TX,ASW,CE,Combined TRACON& Tower with Radar,23,19,27,6,75,0,3,8,1,12,23,22,35,7,87,0,18,18,105
01/23/2023,AMA,TX,ASW,CE,Combined TRACON& Tower with Radar,24,19,12,19,74,0,3,4,0,7,24,22,16,19,81,6,10,16,97
01/24/2023,AMA,TX,ASW,CE,Combined TRACON& Tower with Radar,22,4,3,0,29,0,0,0,0,0,22,4,3,0,29,0,0,0,29
01/25/2023,AMA,TX,ASW,CE,Combined TRACON& Tower with Radar,24,20,15,51,110,0,1,8,1,10,24,21,23,52,120,2,30,32,152
01/26/2023,AMA,TX,ASW,CE,Combined TRACON& Tower with Radar,25,12,25,14,76,0,0,9,2,11,25,12,34,16,87,8,8,16,103
01/27/2023,AMA,TX,ASW,CE,Combined TRACON& Tower with Radar,25,11,18,47,101,0,1,16,5,22,25,12,34,52,123,0,44,44,167
01/28/2023,AMA,TX,ASW,CE,Combined TRACON& Tower with Radar,21,11,9,20,61,0,0,7,4,11,21,11,16,24,72,20,0,20,92
01/29/2023,AMA,TX,ASW,CE,Combined TRACON& Tower with Radar,20,14,31,3,68,0,0,4,0,4,20,14,35,3,72,14,0,14,86
01/30/2023,AMA,TX,ASW,CE,Combined TRACON& Tower with Radar,17,21,21,6,65,0,0,2,0,2,17,21,23,6,67,0,0,0,67
01/31/2023,AMA,TX,ASW,CE,Combined TRACON& Tower with Radar,13,8,20,2,43,0,0,4,2,6,13,8,24,4,49,0,0,0,49
02/01/2023,AMA,TX,ASW,CE,Combined TRACON& Tower with Radar,5,19,19,1,44,0,0,2,4,6,5,19,21,5,50,0,0,0,50
02/02/2023,AMA,TX,ASW,CE,Combined TRACON& Tower with Radar,23,17,16,33,89,0,6,4,6,16,23,23,20,39,105,10,12,22,127
02/03/2023,AMA,TX,ASW,CE,Combined TRACON& Tower with Radar,26,16,24,14,80,0,1,9,11,21,26,17,33,25,101,0,12,12,113
02/04/2023,AMA,TX,ASW,CE,Combined TRACON& Tower with Radar,22,16,11,0,49,0,2,7,3,12,22,18,18,3,61,0,0,0,61
02/05/2023,AMA,TX,ASW,CE,Combined TRACON& Tower with Radar,29,13,14,5,61,0,3,10,0,13,29,16,24,5,74,0,0,0,74
02/06/2023,AMA,TX,ASW,CE,Combined TRACON& Tower with Radar,28,13,23,15,79,0,1,14,3,18,28,14,37,18,97,0,40,40,137
02/07/2023,AMA,TX,ASW,CE,Combined TRACON& Tower with Radar,31,14,28,18,91,0,0,12,3,15,31,14,40,21,106,0,48,48,154
02/08/2023,AMA,TX,ASW,CE,Combined TRACON& Tower with Radar,25,12,22,48,107,0,2,13,5,20,25,14,35,53,127,0,70,70,197
02/09/2023,AMA,TX,ASW,CE,Combined TRACON& Tower with Radar,29,14,4,5,52,0,0,0,0,0,29,14,4,5,52,0,8,8,60
02/10/2023,AMA,TX,ASW,CE,Combined TRACON& Tower with Radar,31,16,18,79,144,0,1,7,12,20,31,17,25,91,164,0,20,20,184
02/11/2023,AMA,TX,ASW,CE,Combined TRACON& Tower with Radar,23,15,12,7,57,0,1,13,2,16,23,16,25,9,73,0,0,0,73
02/12/2023,AMA,TX,ASW,CE,Combined TRACON& Tower with Radar,24,12,9,30,75,0,5,9,4,18,24,17,18,34,93,6,0,6,99
02/13/2023,AMA,TX,ASW,CE,Combined TRACON& Tower with Radar,28,11,10,1,50,0,1,9,0,10,28,12,19,1,60,6,0,6,66
02/14/2023,AMA,TX,ASW,CE,Combined TRACON& Tower with Radar,25,8,17,2,52,0,1,5,2,8,25,9,22,4,60,2,0,2,62
02/15/2023,AMA,TX,ASW,CE,Combined TRACON& Tower with Radar,28,14,12,15,69,0,6,1,3,10,28,20,13,18,79,0,0,0,79
02/16/2023,AMA,TX,ASW,CE,Combined TRACON& Tower with Radar,31,16,32,23,102,0,2,5,9,16,31,18,37,32,118,0,28,28,146
02/17/2023,AMA,TX,ASW,CE,Combined TRACON& Tower with Radar,28,18,26,25,97,0,1,10,3,14,28,19,36,28,111,6,8,14,125
02/18/2023,AMA,TX,ASW,CE,Combined TRACON& Tower with Radar,21,9,13,0,43,0,4,9,0,13,21,13,22,0,56,0,0,0,56
02/19/2023,AMA,TX,ASW,CE,Combined TRACON& Tower with Radar,25,9,14,9,57,0,0,1,3,4,25,9,15,12,61,0,0,0,61
02/20/2023,AMA,TX,ASW,CE,Combined TRACON& Tower with Radar,31,12,24,0,67,0,1,8,0,9,31,13,32,0,76,10,0,10,86
02/21/2023,AMA,TX,ASW,CE,Combined TRACON& Tower with Radar,29,14,14,18,75,0,4,9,3,16,29,18,23,21,91,6,2,8,99
02/22/2023,AMA,TX,ASW,CE,Combined TRACON& Tower with Radar,26,11,14,2,53,0,1,1,0,2,26,12,15,2,55,0,0,0,55
02/23/2023,AMA,TX,ASW,CE,Combined TRACON& Tower with Radar,28,18,25,38,109,0,1,12,4,17,28,19,37,42,126,14,40,54,180
02/24/2023,AMA,TX,ASW,CE,Combined TRACON& Tower with Radar,32,13,32,9,86,0,0,10,2,12,32,13,42,11,98,22,6,28,126
02/25/2023,AMA,TX,ASW,CE,Combined TRACON& Tower with Radar,23,18,16,7,64,0,1,11,9,21,23,19,27,16,85,0,0,0,85
02/26/2023,AMA,TX,ASW,CE,Combined TRACON& Tower with Radar,20,5,14,4,43,0,1,0,0,1,20,6,14,4,44,4,0,4,48
02/27/2023,AMA,TX,ASW,CE,Combined TRACON& Tower with Radar,30,25,19,55,129,0,3,9,9,21,30,28,28,64,150,28,36,64,214
02/28/2023,AMA,TX,ASW,CE,Combined TRACON& Tower with Radar,27,18,20,2,67,0,1,8,5,14,27,19,28,7,81,8,0,8,89
03/01/2023,AMA,TX,ASW,CE,Combined TRACON& Tower with Radar,31,18,27,23,99,0,0,6,6,12,31,18,33,29,111,24,82,106,217
03/02/2023,AMA,TX,ASW,CE,Combined TRACON& Tower with Radar,23,15,28,32,98,0,2,1,5,8,23,17,29,37,106,0,48,48,154
03/03/2023,AMA,TX,ASW,CE,Combined TRACON& Tower with Radar,27,17,24,58,126,0,1,11,8,20,27,18,35,66,146,0,6,6,152
03/04/2023,AMA,TX,ASW,CE,Combined TRACON& Tower with Radar,21,15,8,35,79,0,4,11,6,21,21,19,19,41,100,0,26,26,126
03/05/2023,AMA,TX,ASW,CE,Combined TRACON& Tower with Radar,24,11,16,8,59,0,1,1,2,4,24,12,17,10,63,0,0,0,63
03/06/2023,AMA,TX,ASW,CE,Combined TRACON& Tower with Radar,28,19,17,48,112,0,2,10,1,13,28,21,27,49,125,0,80,80,205
03/07/2023,AMA,TX,ASW,CE,Combined TRACON& Tower with Radar,26,17,25,32,100,0,1,5,5,11,26,18,30,37,111,0,72,72,183
03/08/2023,AMA,TX,ASW,CE,Combined TRACON& Tower with Radar,26,16,23,29,94,0,0,7,4,11,26,16,30,33,105,36,42,78,183
03/09/2023,AMA,TX,ASW,CE,Combined TRACON& Tower with Radar,27,27,11,62,127,0,2,8,1,11,27,29,19,63,138,0,84,84,222
03/10/2023,AMA,TX,ASW,CE,Combined TRACON& Tower with Radar,30,14,34,5,83,0,2,5,0,7,30,16,39,5,90,0,0,0,90
03/11/2023,AMA,TX,ASW,CE,Combined TRACON& Tower with Radar,18,17,10,3,48,0,0,6,0,6,18,17,16,3,54,0,2,2,56
03/12/2023,AMA,TX,ASW,CE,Combined TRACON& Tower with Radar,27,12,16,1,56,0,0,5,0,5,27,12,21,1,61,0,0,0,61
03/13/2023,AMA,TX,ASW,CE,Combined TRACON& Tower with Radar,26,9,13,14,62,0,2,7,2,11,26,11,20,16,73,0,2,2,75
03/14/2023,AMA,TX,ASW,CE,Combined TRACON& Tower with Radar,25,19,37,10,91,0,1,6,6,13,25,20,43,16,104,0,12,12,116
03/15/2023,AMA,TX,ASW,CE,Combined TRACON& Tower with Radar,27,21,15,25,88,0,2,1,3,6,27,23,16,28,94,0,60,60,154
03/16/2023,AMA,TX,ASW,CE,Combined TRACON& Tower with Radar,24,18,7,4,53,0,0,0,0,0,24,18,7,4,53,0,0,0,53
03/17/2023,AMA,TX,ASW,CE,Combined TRACON& Tower with Radar,23,22,21,39,105,0,3,10,4,17,23,25,31,43,122,0,52,52,174
03/18/2023,AMA,TX,ASW,CE,Combined TRACON& Tower with Radar,19,26,9,3,57,0,5,2,0,7,19,31,11,3,64,0,0,0,64
03/19/2023,AMA,TX,ASW,CE,Combined TRACON& Tower with Radar,26,14,10,38,88,0,6,13,2,21,26,20,23,40,109,0,0,0,109
03/20/2023,AMA,TX,ASW,CE,Combined TRACON& Tower with Radar,25,15,16,22,78,0,3,6,1,10,25,18,22,23,88,0,42,42,130
03/21/2023,AMA,TX,ASW,CE,Combined TRACON& Tower with Radar,27,11,23,79,140,0,1,5,4,10,27,12,28,83,150,14,68,82,232
03/22/2023,AMA,TX,ASW,CE,Combined TRACON& Tower with Radar,27,17,36,41,121,0,1,6,7,14,27,18,42,48,135,20,96,116,251
03/23/2023,AMA,TX,ASW,CE,Combined TRACON& Tower with Radar,26,20,35,63,144,0,0,4,3,7,26,20,39,66,151,20,98,118,269
03/24/2023,AMA,TX,ASW,CE,Combined TRACON& Tower with Radar,28,13,15,87,143,0,4,5,5,14,28,17,20,92,157,46,62,108,265
03/25/2023,AMA,TX,ASW,CE,Combined TRACON& Tower with Radar,18,13,6,24,61,0,1,3,9,13,18,14,9,33,74,0,10,10,84
03/26/2023,AMA,TX,ASW,CE,Combined TRACON& Tower with Radar,21,15,14,67,117,0,0,15,4,19,21,15,29,71,136,22,14,36,172
03/27/2023,AMA,TX,ASW,CE,Combined TRACON& Tower with Radar,26,16,28,5,75,0,2,10,1,13,26,18,38,6,88,0,16,16,104
03/28/2023,AMA,TX,ASW,CE,Combined TRACON& Tower with Radar,27,27,15,78,147,0,5,7,3,15,27,32,22,81,162,0,14,14,176
03/29/2023,AMA,TX,ASW,CE,Combined TRACON& Tower with Radar,25,16,24,32,97,0,6,18,4,28,25,22,42,36,125,4,20,24,149
03/30/2023,AMA,TX,ASW,CE,Combined TRACON& Tower with Radar,25,16,13,122,176,0,0,2,12,14,25,16,15,134,190,0,78,78,268
03/31/2023,AMA,TX,ASW,CE,Combined TRACON& Tower with Radar,27,23,10,41,101,0,0,7,2,9,27,23,17,43,110,0,0,0,110
04/01/2023,AMA,TX,ASW,CE,Combined TRACON& Tower with Radar,19,16,7,4,46,0,4,17,0,21,19,20,24,4,67,2,0,2,69
04/02/2023,AMA,TX,ASW,CE,Combined TRACON& Tower with Radar,23,12,18,13,66,0,2,7,2,11,23,14,25,15,77,12,0,12,89
04/03/2023,AMA,TX,ASW,CE,Combined TRACON& Tower with Radar,25,12,25,30,92,0,0,6,5,11,25,12,31,35,103,22,62,84,187
04/04/2023,AMA,TX,ASW,CE,Combined TRACON& Tower with Radar,23,6,20,1,50,0,0,5,2,7,23,6,25,3,57,0,0,0,57
04/05/2023,AMA,TX,ASW,CE,Combined TRACON& Tower with Radar,24,14,25,64,127,0,6,21,15,42,24,20,46,79,169,0,74,74,243
04/06/2023,AMA,TX,ASW,CE,Combined TRACON& Tower with Radar,25,8,28,45,106,0,3,20,7,30,25,11,48,52,136,0,34,34,170
04/07/2023,AMA,TX,ASW,CE,Combined TRACON& Tower with Radar,27,15,4,83,129,0,5,18,1,24,27,20,22,84,153,20,50,70,223
04/08/2023,AMA,TX,ASW,CE,Combined TRACON& Tower with Radar,23,16,6,0,45,0,1,8,0,9,23,17,14,0,54,8,0,8,62
04/09/2023,AMA,TX,ASW,CE,Combined TRACON& Tower with Radar,22,8,5,4,39,0,1,1,0,2,22,9,6,4,41,0,0,0,41
04/10/2023,AMA,TX,ASW,CE,Combined TRACON& Tower with Radar,26,18,22,59,125,0,5,9,4,18,26,23,31,63,143,8,18,26,169
04/11/2023,AMA,TX,ASW,CE,Combined TRACON& Tower with Radar,24,14,18,38,94,0,2,4,7,13,24,16,22,45,107,10,26,36,143
04/12/2023,AMA,TX,ASW,CE,Combined TRACON& Tower with Radar,23,17,23,23,86,0,3,1,5,9,23,20,24,28,95,0,20,20,115
04/13/2023,AMA,TX,ASW,CE,Combined TRACON& Tower with Radar,25,13,13,4,55,0,2,4,4,10,25,15,17,8,65,0,12,12,77
04/14/2023,AMA,TX,ASW,CE,Combined TRACON& Tower with Radar,25,16,9,47,97,0,1,4,10,15,25,17,13,57,112,0,56,56,168
04/15/2023,AMA,TX,ASW,CE,Combined TRACON& Tower with Radar,19,18,11,0,48,0,6,4,1,11,19,24,15,1,59,0,0,0,59
04/16/2023,AMA,TX,ASW,CE,Combined TRACON& Tower with Radar,25,15,22,6,68,0,9,11,4,24,25,24,33,10,92,0,0,0,92
04/17/2023,AMA,TX,ASW,CE,Combined TRACON& Tower with Radar,28,24,13,25,90,0,4,6,5,15,28,28,19,30,105,0,12,12,117
04/18/2023,AMA,TX,ASW,CE,Combined TRACON& Tower with Radar,25,22,4,21,72,0,1,8,2,11,25,23,12,23,83,0,0,0,83
04/19/2023,AMA,TX,ASW,CE,Combined TRACON& Tower with Radar,29,22,24,36,111,0,5,5,7,17,29,27,29,43,128,2,18,20,148
04/20/2023,AMA,TX,ASW,CE,Combined TRACON& Tower with Radar,28,13,41,42,124,0,1,7,4,12,28,14,48,46,136,0,48,48,184
04/21/2023,AMA,TX,ASW,CE,Combined TRACON& Tower with Radar,25,16,18,6,65,0,4,4,5,13,25,20,22,11,78,4,10,14,92
04/22/2023,AMA,TX,ASW,CE,Combined TRACON& Tower with Radar,17,13,14,4,48,0,1,5,2,8,17,14,19,6,56,14,20,34,90
04/23/2023,AMA,TX,ASW,CE,Combined TRACON& Tower with Radar,24,12,12,21,69,0,4,7,4,15,24,16,19,25,84,0,16,16,100
04/24/2023,AMA,TX,ASW,CE,Combined TRACON& Tower with Radar,28,12,18,15,73,0,0,3,0,3,28,12,21,15,76,0,14,14,90
04/25/2023,AMA,TX,ASW,CE,Combined TRACON& Tower with Radar,23,17,16,4,60,0,0,5,1,6,23,17,21,5,66,0,0,0,66
04/26/2023,AMA,TX,ASW,CE,Combined TRACON& Tower with Radar,23,12,17,4,56,0,0,0,0,0,23,12,17,4,56,0,0,0,56
04/27/2023,AMA,TX,ASW,CE,Combined TRACON& Tower with Radar,26,29,42,24,121,0,1,14,9,24,26,30,56,33,145,4,46,50,195
04/28/2023,AMA,TX,ASW,CE,Combined TRACON& Tower with Radar,25,10,11,0,46,0,0,0,2,2,25,10,11,2,48,0,0,0,48
04/29/2023,AMA,TX,ASW,CE,Combined TRACON& Tower with Radar,16,22,11,1,50,0,3,13,5,21,16,25,24,6,71,20,0,20,91
04/30/2023,AMA,TX,ASW,CE,Combined TRACON& Tower with Radar,24,23,15,24,86,0,8,10,5,23,24,31,25,29,109,0,0,0,109
05/01/2023,AMA,TX,ASW,CE,Combined TRACON& Tower with Radar,24,13,23,20,80,0,1,8,9,18,24,14,31,29,98,0,36,36,134
05/02/2023,AMA,TX,ASW,CE,Combined TRACON& Tower with Radar,22,17,21,15,75,0,2,8,4,14,22,19,29,19,89,0,0,0,89
05/03/2023,AMA,TX,ASW,CE,Combined TRACON& Tower with Radar,22,17,23,4,66,0,1,15,4,20,22,18,38,8,86,18,0,18,104
05/04/2023,AMA,TX,ASW,CE,Combined TRACON& Tower with Radar,27,19,30,19,95,0,3,14,3,20,27,22,44,22,115,40,28,68,183
05/05/2023,AMA,TX,ASW,CE,Combined TRACON& Tower with Radar,26,20,13,104,163,0,7,11,6,24,26,27,24,110,187,38,34,72,259
05/06/2023,AMA,TX,ASW,CE,Combined TRACON& Tower with Radar,16,18,15,7,56,0,3,10,5,18,16,21,25,12,74,10,12,22,96
05/07/2023,AMA,TX,ASW,CE,Combined TRACON& Tower with Radar,26,21,14,33,94,0,4,7,15,26,26,25,21,48,120,12,0,12,132
05/08/2023,AMA,TX,ASW,CE,Combined TRACON& Tower with Radar,23,10,27,17,77,0,4,10,2,16,23,14,37,19,93,78,48,126,219
05/09/2023,AMA,TX,ASW,CE,Combined TRACON& Tower with Radar,25,16,11,16,68,0,0,14,1,15,25,16,25,17,83,22,12,34,117
05/10/2023,AMA,TX,ASW,CE,Combined TRACON& Tower with Radar,23,23,20,22,88,0,4,6,4,14,23,27,26,26,102,18,18,36,138
05/11/2023,AMA,TX,ASW,CE,Combined TRACON& Tower with Radar,24,25,26,23,98,0,1,6,9,16,24,26,32,32,114,22,8,30,144
05/12/2023,AMA,TX,ASW,CE,Combined TRACON& Tower with Radar,22,20,36,92,170,0,2,12,16,30,22,22,48,108,200,12,156,168,368
05/13/2023,AMA,TX,ASW,CE,Combined TRACON& Tower with Radar,15,11,6,11,43,0,0,2,0,2,15,11,8,11,45,0,0,0,45
05/14/2023,AMA,TX,ASW,CE,Combined TRACON& Tower with Radar,23,12,12,4,51,0,0,1,0,1,23,12,13,4,52,0,0,0,52
05/15/2023,AMA,TX,ASW,CE,Combined TRACON& Tower with Radar,22,15,21,25,83,0,0,3,2,5,22,15,24,27,88,8,80,88,176
05/16/2023,AMA,TX,ASW,CE,Combined TRACON& Tower with Radar,21,15,25,19,80,0,1,18,7,26,21,16,43,26,106,50,30,80,186
05/17/2023,AMA,TX,ASW,CE,Combined TRACON& Tower with Radar,25,10,15,18,68,0,0,14,3,17,25,10,29,21,85,26,40,66,151
05/18/2023,AMA,TX,ASW,CE,Combined TRACON& Tower with Radar,23,22,15,11,71,0,0,3,0,3,23,22,18,11,74,0,0,0,74
05/19/2023,AMA,TX,ASW,CE,Combined TRACON& Tower with Radar,23,14,29,4,70,0,0,2,1,3,23,14,31,5,73,0,0,0,73
05/20/2023,AMA,TX,ASW,CE,Combined TRACON& Tower with Radar,15,22,16,4,57,0,7,5,2,14,15,29,21,6,71,4,0,4,75
05/21/2023,AMA,TX,ASW,CE,Combined TRACON& Tower with Radar,21,7,11,3,42,0,0,3,2,5,21,7,14,5,47,14,0,14,61
05/22/2023,AMA,TX,ASW,CE,Combined TRACON& Tower with Radar,23,22,10,9,64,0,2,4,4,10,23,24,14,13,74,4,16,20,94
05/23/2023,AMA,TX,ASW,CE,Combined TRACON& Tower with Radar,24,16,26,10,76,0,0,4,2,6,24,16,30,12,82,0,12,12,94
05/24/2023,AMA,TX,ASW,CE,Combined TRACON& Tower with Radar,30,17,11,21,79,0,1,8,2,11,30,18,19,23,90,12,14,26,116
05/25/2023,AMA,TX,ASW,CE,Combined TRACON& Tower with Radar,25,25,14,17,81,0,2,8,1,11,25,27,22,18,92,4,0,4,96
05/26/2023,AMA,TX,ASW,CE,Combined TRACON& Tower with Radar,28,9,14,4,55,0,1,1,0,2,28,10,15,4,57,0,0,0,57
05/27/2023,AMA,TX,ASW,CE,Combined TRACON& Tower with Radar,23,11,5,0,39,0,1,2,0,3,23,12,7,0,42,0,0,0,42
05/28/2023,AMA,TX,ASW,CE,Combined TRACON& Tower with Radar,25,9,9,1,44,0,5,2,2,9,25,14,11,3,53,0,0,0,53
05/29/2023,AMA,TX,ASW,CE,Combined TRACON& Tower with Radar,25,13,13,6,57,0,0,6,0,6,25,13,19,6,63,0,0,0,63
05/30/2023,AMA,TX,ASW,CE,Combined TRACON& Tower with Radar,20,30,15,20,85,0,1,16,4,21,20,31,31,24,106,0,0,0,106
05/31/2023,AMA,TX,ASW,CE,Combined TRACON& Tower with Radar,27,19,28,0,74,0,1,9,1,11,27,20,37,1,85,0,0,0,85
06/01/2023,AMA,TX,ASW,CE,Combined TRACON& Tower with Radar,28,21,14,6,69,0,0,7,0,7,28,21,21,6,76,0,0,0,76
06/02/2023,AMA,TX,ASW,CE,Combined TRACON& Tower with Radar,24,13,12,2,51,0,0,2,0,2,24,13,14,2,53,0,0,0,53
06/03/2023,AMA,TX,ASW,CE,Combined TRACON& Tower with Radar,16,26,17,2,61,0,2,10,1,13,16,28,27,3,74,0,0,0,74
06/04/2023,AMA,TX,ASW,CE,Combined TRACON& Tower with Radar,24,15,7,0,46,0,1,1,0,2,24,16,8,0,48,12,0,12,60
06/05/2023,AMA,TX,ASW,CE,Combined TRACON& Tower with Radar,25,16,9,7,57,0,1,3,2,6,25,17,12,9,63,0,0,0,63
06/06/2023,AMA,TX,ASW,CE,Combined TRACON& Tower with Radar,32,20,23,1,76,0,1,14,3,18,32,21,37,4,94,20,6,26,120
06/07/2023,AMA,TX,ASW,CE,Combined TRACON& Tower with Radar,24,19,8,2,53,0,1,7,2,10,24,20,15,4,63,24,4,28,91
06/08/2023,AMA,TX,ASW,CE,Combined TRACON& Tower with Radar,27,30,14,16,87,0,8,20,3,31,27,38,34,19,118,32,0,32,150
06/09/2023,AMA,TX,ASW,CE,Combined TRACON& Tower with Radar,25,19,25,16,85,0,2,14,2,18,25,21,39,18,103,8,14,22,125
06/10/2023,AMA,TX,ASW,CE,Combined TRACON& Tower with Radar,20,15,4,1,40,0,2,10,2,14,20,17,14,3,54,0,0,0,54
06/11/2023,AMA,TX,ASW,CE,Combined TRACON& Tower with Radar,23,20,25,4,72,0,0,13,1,14,23,20,38,5,86,6,0,6,92
06/12/2023,AMA,TX,ASW,CE,Combined TRACON& Tower with Radar,24,19,20,16,79,0,1,6,0,7,24,20,26,16,86,0,0,0,86
06/13/2023,AMA,TX,ASW,CE,Combined TRACON& Tower with Radar,29,24,29,11,93,0,1,8,1,10,29,25,37,12,103,0,0,0,103
06/14/2023,AMA,TX,ASW,CE,Combined TRACON& Tower with Radar,23,27,39,31,120,0,10,17,9,36,23,37,56,40,156,0,0,0,156
06/15/2023,AMA,TX,ASW,CE,Combined TRACON& Tower with Radar,27,21,12,19,79,0,3,10,1,14,27,24,22,20,93,0,16,16,109
06/16/2023,AMA,TX,ASW,CE,Combined TRACON& Tower with Radar,26,11,15,30,82,0,0,8,3,11,26,11,23,33,93,0,0,0,93
06/17/2023,AMA,TX,ASW,CE,Combined TRACON& Tower with Radar,18,14,10,4,46,0,6,2,0,8,18,20,12,4,54,0,0,0,54
06/18/2023,AMA,TX,ASW,CE,Combined TRACON& Tower with Radar,27,19,10,2,58,0,4,8,0,12,27,23,18,2,70,0,0,0,70
06/19/2023,AMA,TX,ASW,CE,Combined TRACON& Tower with Radar,22,18,10,8,58,0,0,17,1,18,22,18,27,9,76,0,0,0,76
06/20/2023,AMA,TX,ASW,CE,Combined TRACON& Tower with Radar,24,25,24,33,106,0,4,13,1,18,24,29,37,34,124,6,0,6,130
06/21/2023,AMA,TX,ASW,CE,Combined TRACON& Tower with Radar,30,20,15,16,81,0,1,10,2,13,30,21,25,18,94,0,0,0,94
06/22/2023,AMA,TX,ASW,CE,Combined TRACON& Tower with Radar,34,20,18,24,96,0,0,2,1,3,34,20,20,25,99,0,0,0,99
06/23/2023,AMA,TX,ASW,CE,Combined TRACON& Tower with Radar,28,20,13,34,95,0,2,6,6,14,28,22,19,40,109,0,0,0,109
06/24/2023,AMA,TX,ASW,CE,Combined TRACON& Tower with Radar,18,16,12,2,48,0,4,8,1,13,18,20,20,3,61,18,0,18,79
06/25/2023,AMA,TX,ASW,CE,Combined TRACON& Tower with Radar,24,20,10,1,55,0,5,3,1,9,24,25,13,2,64,0,0,0,64
06/26/2023,AMA,TX,ASW,CE,Combined TRACON& Tower with Radar,25,14,10,7,56,0,3,2,6,11,25,17,12,13,67,0,0,0,67
06/27/2023,AMA,TX,ASW,CE,Combined TRACON& Tower with Radar,22,19,19,10,70,0,0,1,6,7,22,19,20,16,77,0,0,0,77
06/28/2023,AMA,TX,ASW,CE,Combined TRACON& Tower with Radar,24,24,22,15,85,0,0,8,7,15,24,24,30,22,100,0,0,0,100
06/29/2023,AMA,TX,ASW,CE,Combined TRACON& Tower with Radar,25,17,16,19,77,0,2,9,3,14,25,19,25,22,91,16,12,28,119
06/30/2023,AMA,TX,ASW,CE,Combined TRACON& Tower with Radar,27,17,22,8,74,0,0,13,0,13,27,17,35,8,87,0,0,0,87
07/01/2023,AMA,TX,ASW,CE,Combined TRACON& Tower with Radar,20,15,10,2,47,0,0,4,1,5,20,15,14,3,52,0,0,0,52
07/02/2023,AMA,TX,ASW,CE,Combined TRACON& Tower with Radar,21,11,7,0,39,0,0,12,0,12,21,11,19,0,51,0,0,0,51
07/03/2023,AMA,TX,ASW,CE,Combined TRACON& Tower with Radar,27,18,12,0,57,0,0,6,2,8,27,18,18,2,65,40,0,40,105
07/04/2023,AMA,TX,ASW,CE,Combined TRACON& Tower with Radar,24,16,4,0,44,0,0,5,0,5,24,16,9,0,49,20,0,20,69
07/05/2023,AMA,TX,ASW,CE,Combined TRACON& Tower with Radar,28,20,15,13,76,0,0,13,2,15,28,20,28,15,91,18,10,28,119
07/06/2023,AMA,TX,ASW,CE,Combined TRACON& Tower with Radar,28,16,26,4,74,0,0,4,0,4,28,16,30,4,78,30,8,38,116
07/07/2023,AMA,TX,ASW,CE,Combined TRACON& Tower with Radar,28,17,14,7,66,0,0,2,1,3,28,17,16,8,69,0,0,0,69
07/08/2023,AMA,TX,ASW,CE,Combined TRACON& Tower with Radar,19,15,9,1,44,0,0,7,0,7,19,15,16,1,51,0,0,0,51
07/09/2023,AMA,TX,ASW,CE,Combined TRACON& Tower with Radar,30,16,18,36,100,0,0,4,2,6,30,16,22,38,106,4,0,4,110
07/10/2023,AMA,TX,ASW,CE,Combined TRACON& Tower with Radar,28,14,14,1,57,0,0,2,0,2,28,14,16,1,59,0,0,0,59
07/11/2023,AMA,TX,ASW,CE,Combined TRACON& Tower with Radar,26,17,39,18,100,0,3,17,2,22,26,20,56,20,122,0,32,32,154
07/12/2023,AMA,TX,ASW,CE,Combined TRACON& Tower with Radar,26,16,17,8,67,0,0,12,2,14,26,16,29,10,81,12,0,12,93
07/13/2023,AMA,TX,ASW,CE,Combined TRACON& Tower with Radar,29,20,13,1,63,0,1,5,4,10,29,21,18,5,73,30,0,30,103
07/14/2023,AMA,TX,ASW,CE,Combined TRACON& Tower with Radar,28,17,10,40,95,0,0,6,6,12,28,17,16,46,107,0,0,0,107
07/15/2023,AMA,TX,ASW,CE,Combined TRACON& Tower with Radar,23,16,6,2,47,0,2,7,0,9,23,18,13,2,56,0,0,0,56
07/16/2023,AMA,TX,ASW,CE,Combined TRACON& Tower with Radar,25,14,14,23,76,0,5,20,0,25,25,19,34,23,101,0,0,0,101
07/17/2023,AMA,TX,ASW,CE,Combined TRACON& Tower with Radar,29,18,9,15,71,0,1,2,8,11,29,19,11,23,82,20,4,24,106
07/18/2023,AMA,TX,ASW,CE,Combined TRACON& Tower with Radar,27,17,13,16,73,0,1,13,0,14,27,18,26,16,87,24,28,52,139
07/19/2023,AMA,TX,ASW,CE,Combined TRACON& Tower with Radar,26,23,19,24,92,0,3,7,6,16,26,26,26,30,108,0,0,0,108
07/20/2023,AMA,TX,ASW,CE,Combined TRACON& Tower with Radar,30,21,12,21,84,0,4,7,0,11,30,25,19,21,95,10,0,10,105
07/21/2023,AMA,TX,ASW,CE,Combined TRACON& Tower with Radar,27,16,30,34,107,0,1,7,1,9,27,17,37,35,116,36,8,44,160
07/22/2023,AMA,TX,ASW,CE,Combined TRACON& Tower with Radar,22,21,12,12,67,0,4,27,3,34,22,25,39,15,101,0,0,0,101
07/23/2023,AMA,TX,ASW,CE,Combined TRACON& Tower with Radar,29,10,13,0,52,0,4,3,5,12,29,14,16,5,64,8,0,8,72
07/24/2023,AMA,TX,ASW,CE,Combined TRACON& Tower with Radar,28,23,7,13,71,0,3,10,2,15,28,26,17,15,86,6,12,18,104
07/25/2023,AMA,TX,ASW,CE,Combined TRACON& Tower with Radar,27,15,16,11,69,0,0,6,8,14,27,15,22,19,83,30,40,70,153
07/26/2023,AMA,TX,ASW,CE,Combined TRACON& Tower with Radar,30,21,18,3,72,0,0,14,2,16,30,21,32,5,88,18,0,18,106
07/27/2023,AMA,TX,ASW,CE,Combined TRACON& Tower with Radar,29,12,15,11,67,0,0,7,4,11,29,12,22,15,78,0,2,2,80
07/28/2023,AMA,TX,ASW,CE,Combined TRACON& Tower with Radar,33,14,19,19,85,0,2,14,4,20,33,16,33,23,105,0,0,0,105
07/29/2023,AMA,TX,ASW,CE,Combined TRACON& Tower with Radar,20,11,9,8,48,0,0,8,0,8,20,11,17,8,56,0,0,0,56
07/30/2023,AMA,TX,ASW,CE,Combined TRACON& Tower with Radar,28,21,22,27,98,0,2,12,0,14,28,23,34,27,112,18,0,18,130
07/31/2023,AMA,TX,ASW,CE,Combined TRACON& Tower with Radar,33,23,15,18,89,0,1,10,1,12,33,24,25,19,101,0,0,0,101
08/01/2023,AMA,TX,ASW,CE,Combined TRACON& Tower with Radar,29,11,16,20,76,0,0,8,0,8,29,11,24,20,84,40,0,40,124
08/02/2023,AMA,TX,ASW,CE,Combined TRACON& Tower with Radar,27,16,25,17,85,0,2,6,2,10,27,18,31,19,95,10,18,28,123
08/03/2023,AMA,TX,ASW,CE,Combined TRACON& Tower with Radar,35,16,23,3,77,0,2,6,1,9,35,18,29,4,86,8,0,8,94
08/04/2023,AMA,TX,ASW,CE,Combined TRACON& Tower with Radar,28,10,21,39,98,0,2,4,9,15,28,12,25,48,113,0,0,0,113
08/05/2023,AMA,TX,ASW,CE,Combined TRACON& Tower with Radar,20,15,11,6,52,0,0,5,3,8,20,15,16,9,60,0,0,0,60
08/06/2023,AMA,TX,ASW,CE,Combined TRACON& Tower with Radar,28,12,8,19,67,0,1,8,1,10,28,13,16,20,77,26,14,40,117
08/07/2023,AMA,TX,ASW,CE,Combined TRACON& Tower with Radar,27,17,14,15,73,0,0,2,1,3,27,17,16,16,76,0,122,122,198
08/08/2023,AMA,TX,ASW,CE,Combined TRACON& Tower with Radar,30,20,6,14,70,0,0,7,1,8,30,20,13,15,78,8,60,68,146
08/09/2023,AMA,TX,ASW,CE,Combined TRACON& Tower with Radar,27,13,17,23,80,0,0,7,4,11,27,13,24,27,91,38,20,58,149
08/10/2023,AMA,TX,ASW,CE,Combined TRACON& Tower with Radar,27,16,20,3,66,0,0,11,3,14,27,16,31,6,80,22,0,22,102
08/11/2023,AMA,TX,ASW,CE,Combined TRACON& Tower with Radar,29,16,11,42,98,0,0,7,1,8,29,16,18,43,106,0,0,0,106
08/12/2023,AMA,TX,ASW,CE,Combined TRACON& Tower with Radar,21,20,7,2,50,0,2,4,0,6,21,22,11,2,56,6,0,6,62
08/13/2023,AMA,TX,ASW,CE,Combined TRACON& Tower with Radar,27,9,12,8,56,0,0,4,0,4,27,9,16,8,60,16,12,28,88
08/14/2023,AMA,TX,ASW,CE,Combined TRACON& Tower with Radar,29,15,17,6,67,0,2,12,4,18,29,17,29,10,85,0,0,0,85
08/15/2023,AMA,TX,ASW,CE,Combined TRACON& Tower with Radar,28,11,20,20,79,0,2,12,9,23,28,13,32,29,102,28,12,40,142
08/16/2023,AMA,TX,ASW,CE,Combined TRACON& Tower with Radar,30,17,23,13,83,0,2,6,4,12,30,19,29,17,95,0,0,0,95
08/17/2023,AMA,TX,ASW,CE,Combined TRACON& Tower with Radar,29,23,20,27,99,0,2,22,1,25,29,25,42,28,124,6,8,14,138
08/18/2023,AMA,TX,ASW,CE,Combined TRACON& Tower with Radar,35,22,10,34,101,0,0,8,4,12,35,22,18,38,113,0,0,0,113
08/19/2023,AMA,TX,ASW,CE,Combined TRACON& Tower with Radar,23,12,8,0,43,0,3,8,0,11,23,15,16,0,54,0,0,0,54
08/20/2023,AMA,TX,ASW,CE,Combined TRACON& Tower with Radar,30,10,22,2,64,0,0,10,1,11,30,10,32,3,75,0,0,0,75
08/21/2023,AMA,TX,ASW,CE,Combined TRACON& Tower with Radar,30,19,20,15,84,0,2,12,2,16,30,21,32,17,100,26,10,36,136
08/22/2023,AMA,TX,ASW,CE,Combined TRACON& Tower with Radar,25,18,17,20,80,0,4,22,4,30,25,22,39,24,110,10,6,16,126
08/23/2023,AMA,TX,ASW,CE,Combined TRACON& Tower with Radar,30,18,21,43,112,0,0,25,4,29,30,18,46,47,141,22,16,38,179
08/24/2023,AMA,TX,ASW,CE,Combined TRACON& Tower with Radar,29,11,23,23,86,0,0,7,6,13,29,11,30,29,99,0,0,0,99
08/25/2023,AMA,TX,ASW,CE,Combined TRACON& Tower with Radar,31,16,11,35,93,0,0,11,2,13,31,16,22,37,106,8,18,26,132
08/26/2023,AMA,TX,ASW,CE,Combined TRACON& Tower with Radar,19,10,6,0,35,0,1,8,0,9,19,11,14,0,44,6,0,6,50
08/27/2023,AMA,TX,ASW,CE,Combined TRACON& Tower with Radar,30,15,12,11,68,0,0,10,2,12,30,15,22,13,80,6,0,6,86
08/28/2023,AMA,TX,ASW,CE,Combined TRACON& Tower with Radar,28,15,13,24,80,0,0,7,5,12,28,15,20,29,92,0,0,0,92
08/29/2023,AMA,TX,ASW,CE,Combined TRACON& Tower with Radar,27,14,19,15,75,0,1,5,4,10,27,15,24,19,85,26,14,40,125
08/30/2023,AMA,TX,ASW,CE,Combined TRACON& Tower with Radar,33,17,34,30,114,0,1,6,3,10,33,18,40,33,124,20,12,32,156
08/31/2023,AMA,TX,ASW,CE,Combined TRACON& Tower with Radar,29,22,23,6,80,0,2,14,10,26,29,24,37,16,106,18,0,18,124
01/01/2020,AMA,TX,ASW,WE,Combined TRACON& Tower with Radar,20,5,5,0,30,0,1,2,0,3,20,6,7,0,33,0,0,0,33
01/02/2020,AMA,TX,ASW,WE,Combined TRACON& Tower with Radar,20,14,20,0,54,0,3,4,0,7,20,17,24,0,61,22,0,22,83
01/03/2020,AMA,TX,ASW,WE,Combined TRACON& Tower with Radar,20,14,20,2,56,0,1,5,1,7,20,15,25,3,63,30,12,42,105
01/04/2020,AMA,TX,ASW,WE,Combined TRACON& Tower with Radar,19,8,8,3,38,0,0,13,5,18,19,8,21,8,56,44,0,44,100
01/05/2020,AMA,TX,ASW,WE,Combined TRACON& Tower with Radar,23,9,11,13,56,0,0,9,0,9,23,9,20,13,65,6,0,6,71
01/06/2020,AMA,TX,ASW,WE,Combined TRACON& Tower with Radar,21,19,49,13,102,0,1,10,1,12,21,20,59,14,114,0,26,26,140
01/07/2020,AMA,TX,ASW,WE,Combined TRACON& Tower with Radar,18,19,17,77,131,0,1,19,4,24,18,20,36,81,155,36,50,86,241
01/08/2020,AMA,TX,ASW,WE,Combined TRACON& Tower with Radar,17,20,17,3,57,0,0,10,7,17,17,20,27,10,74,6,2,8,82
01/09/2020,AMA,TX,ASW,WE,Combined TRACON& Tower with Radar,23,15,80,67,185,0,0,7,3,10,23,15,87,70,195,14,120,134,329
01/10/2020,AMA,TX,ASW,WE,Combined TRACON& Tower with Radar,26,17,8,83,134,0,0,0,4,4,26,17,8,87,138,0,42,42,180
01/11/2020,AMA,TX,ASW,WE,Combined TRACON& Tower with Radar,12,12,4,17,45,0,0,9,3,12,12,12,13,20,57,8,0,8,65
01/12/2020,AMA,TX,ASW,WE,Combined TRACON& Tower with Radar,23,17,18,40,98,0,0,8,9,17,23,17,26,49,115,6,12,18,133
01/13/2020,AMA,TX,ASW,WE,Combined TRACON& Tower with Radar,23,15,39,46,123,0,0,12,2,14,23,15,51,48,137,4,50,54,191
01/14/2020,AMA,TX,ASW,WE,Combined TRACON& Tower with Radar,15,14,91,136,256,0,0,11,2,13,15,14,102,138,269,20,78,98,367
01/15/2020,AMA,TX,ASW,WE,Combined TRACON& Tower with Radar,19,24,52,45,140,0,0,8,12,20,19,24,60,57,160,26,58,84,244
01/16/2020,AMA,TX,ASW,WE,Combined TRACON& Tower with Radar,24,10,9,0,43,0,0,0,0,0,24,10,9,0,43,0,0,0,43
01/17/2020,AMA,TX,ASW,WE,Combined TRACON& Tower with Radar,25,16,37,120,198,0,0,4,2,6,25,16,41,122,204,6,28,34,238
01/18/2020,AMA,TX,ASW,WE,Combined TRACON& Tower with Radar,11,17,15,28,71,0,2,34,3,39,11,19,49,31,110,0,0,0,110
01/19/2020,AMA,TX,ASW,WE,Combined TRACON& Tower with Radar,23,11,12,8,54,0,2,7,1,10,23,13,19,9,64,4,0,4,68
01/20/2020,AMA,TX,ASW,WE,Combined TRACON& Tower with Radar,26,14,23,23,86,0,3,4,6,13,26,17,27,29,99,6,12,18,117
01/21/2020,AMA,TX,ASW,WE,Combined TRACON& Tower with Radar,18,22,26,49,115,0,0,4,3,7,18,22,30,52,122,10,38,48,170
01/22/2020,AMA,TX,ASW,WE,Combined TRACON& Tower with Radar,17,21,77,60,175,0,0,13,11,24,17,21,90,71,199,0,172,172,371
01/23/2020,AMA,TX,ASW,WE,Combined TRACON& Tower with Radar,25,16,83,54,178,0,0,13,5,18,25,16,96,59,196,0,128,128,324
01/24/2020,AMA,TX,ASW,WE,Combined TRACON& Tower with Radar,25,16,25,62,128,0,0,16,8,24,25,16,41,70,152,10,54,64,216
01/25/2020,AMA,TX,ASW,WE,Combined TRACON& Tower with Radar,16,7,16,33,72,0,0,23,3,26,16,7,39,36,98,20,6,26,124
01/26/2020,AMA,TX,ASW,WE,Combined TRACON& Tower with Radar,25,13,20,41,99,0,0,13,1,14,25,13,33,42,113,44,0,44,157
01/27/2020,AMA,TX,ASW,WE,Combined TRACON& Tower with Radar,30,20,24,77,151,0,0,16,1,17,30,20,40,78,168,0,38,38,206
01/28/2020,AMA,TX,ASW,WE,Combined TRACON& Tower with Radar,19,17,10,1,47,0,1,0,0,1,19,18,10,1,48,2,0,2,50
01/29/2020,AMA,TX,ASW,WE,Combined TRACON& Tower with Radar,18,22,88,48,176,0,1,12,3,16,18,23,100,51,192,34,118,152,344
01/30/2020,AMA,TX,ASW,WE,Combined TRACON& Tower with Radar,25,13,57,21,116,0,0,5,1,6,25,13,62,22,122,18,90,108,230
01/31/2020,AMA,TX,ASW,WE,Combined TRACON& Tower with Radar,24,18,38,102,182,0,0,2,8,10,24,18,40,110,192,0,56,56,248
02/01/2020,AMA,TX,ASW,CE,Combined TRACON& Tower with Radar,16,10,22,8,56,0,0,18,2,20,16,10,40,10,76,42,4,46,122
02/02/2020,AMA,TX,ASW,CE,Combined TRACON& Tower with Radar,24,13,9,0,46,0,0,19,0,19,24,13,28,0,65,0,0,0,65
02/03/2020,AMA,TX,ASW,CE,Combined TRACON& Tower with Radar,22,15,29,26,92,0,0,9,1,10,22,15,38,27,102,30,44,74,176
02/04/2020,AMA,TX,ASW,CE,Combined TRACON& Tower with Radar,12,14,23,0,49,0,0,2,0,2,12,14,25,0,51,6,0,6,57
02/05/2020,AMA,TX,ASW,CE,Combined TRACON& Tower with Radar,20,28,16,7,71,0,0,3,2,5,20,28,19,9,76,0,0,0,76
02/06/2020,AMA,TX,ASW,CE,Combined TRACON& Tower with Radar,25,17,13,39,94,0,0,12,6,18,25,17,25,45,112,12,36,48,160
02/07/2020,AMA,TX,ASW,CE,Combined TRACON& Tower with Radar,25,12,26,21,84,0,0,15,5,20,25,12,41,26,104,8,16,24,128
02/08/2020,AMA,TX,ASW,CE,Combined TRACON& Tower with Radar,11,13,8,21,53,0,1,11,24,36,11,14,19,45,89,0,0,0,89
02/09/2020,AMA,TX,ASW,CE,Combined TRACON& Tower with Radar,25,16,14,66,121,0,0,10,12,22,25,16,24,78,143,4,10,14,157
02/10/2020,AMA,TX,ASW,CE,Combined TRACON& Tower with Radar,26,20,14,6,66,0,0,1,0,1,26,20,15,6,67,0,4,4,71
02/11/2020,AMA,TX,ASW,CE,Combined TRACON& Tower with Radar,18,20,9,0,47,0,0,1,0,1,18,20,10,0,48,7,0,7,55
02/12/2020,AMA,TX,ASW,CE,Combined TRACON& Tower with Radar,19,24,22,15,80,0,0,9,3,12,19,24,31,18,92,38,18,56,148
02/13/2020,AMA,TX,ASW,CE,Combined TRACON& Tower with Radar,23,22,22,17,84,0,0,3,1,4,23,22,25,18,88,46,6,52,140
02/14/2020,AMA,TX,ASW,CE,Combined TRACON& Tower with Radar,22,22,15,21,80,0,0,2,1,3,22,22,17,22,83,0,0,0,83
02/15/2020,AMA,TX,ASW,CE,Combined TRACON& Tower with Radar,11,10,31,3,55,0,0,14,2,16,11,10,45,5,71,2,6,8,79
02/16/2020,AMA,TX,ASW,CE,Combined TRACON& Tower with Radar,22,12,18,5,57,0,1,9,15,25,22,13,27,20,82,0,0,0,82
02/17/2020,AMA,TX,ASW,CE,Combined TRACON& Tower with Radar,23,19,18,8,68,0,0,46,4,50,23,19,64,12,118,0,0,0,118
02/18/2020,AMA,TX,ASW,CE,Combined TRACON& Tower with Radar,24,22,31,47,124,0,1,15,0,16,24,23,46,47,140,60,32,92,232
02/19/2020,AMA,TX,ASW,CE,Combined TRACON& Tower with Radar,20,22,51,23,116,0,0,13,1,14,20,22,64,24,130,36,14,50,180
02/20/2020,AMA,TX,ASW,CE,Combined TRACON& Tower with Radar,23,17,33,17,90,0,0,1,4,5,23,17,34,21,95,74,30,104,199
02/21/2020,AMA,TX,ASW,CE,Combined TRACON& Tower with Radar,28,19,18,74,139,0,0,13,4,17,28,19,31,78,156,28,44,72,228
02/22/2020,AMA,TX,ASW,CE,Combined TRACON& Tower with Radar,15,20,16,10,61,0,2,54,3,59,15,22,70,13,120,0,0,0,120
02/23/2020,AMA,TX,ASW,CE,Combined TRACON& Tower with Radar,23,18,27,6,74,0,0,71,0,71,23,18,98,6,145,0,0,0,145
02/24/2020,AMA,TX,ASW,CE,Combined TRACON& Tower with Radar,25,23,49,43,140,0,1,18,14,33,25,24,67,57,173,30,130,160,333
02/25/2020,AMA,TX,ASW,CE,Combined TRACON& Tower with Radar,21,16,22,12,71,0,0,10,4,14,21,16,32,16,85,28,16,44,129
02/26/2020,AMA,TX,ASW,CE,Combined TRACON& Tower with Radar,23,26,38,26,113,0,0,22,4,26,23,26,60,30,139,74,82,156,295
02/27/2020,AMA,TX,ASW,CE,Combined TRACON& Tower with Radar,23,15,39,38,115,0,0,16,0,16,23,15,55,38,131,28,42,70,201
02/28/2020,AMA,TX,ASW,CE,Combined TRACON& Tower with Radar,24,18,50,37,129,0,2,14,2,18,24,20,64,39,147,20,24,44,191
02/29/2020,AMA,TX,ASW,CE,Combined TRACON& Tower with Radar,11,15,16,4,46,0,5,18,1,24,11,20,34,5,70,0,0,0,70
03/01/2020,AMA,TX,ASW,CE,Combined TRACON& Tower with Radar,26,14,23,28,91,0,0,45,7,52,26,14,68,35,143,0,0,0,143
03/02/2020,AMA,TX,ASW,CE,Combined TRACON& Tower with Radar,23,22,15,34,94,0,2,9,0,11,23,24,24,34,105,98,14,112,217
03/03/2020,AMA,TX,ASW,CE,Combined TRACON& Tower with Radar,21,24,28,60,133,0,2,9,0,11,21,26,37,60,144,42,56,98,242
03/04/2020,AMA,TX,ASW,CE,Combined TRACON& Tower with Radar,19,18,18,39,94,0,1,12,2,15,19,19,30,41,109,30,34,64,173
03/05/2020,AMA,TX,ASW,CE,Combined TRACON& Tower with Radar,23,13,24,25,85,0,0,17,0,17,23,13,41,25,102,24,10,34,136
03/06/2020,AMA,TX,ASW,CE,Combined TRACON& Tower with Radar,24,15,13,30,82,0,0,12,6,18,24,15,25,36,100,22,8,30,130
03/07/2020,AMA,TX,ASW,CE,Combined TRACON& Tower with Radar,11,20,16,0,47,0,2,5,0,7,11,22,21,0,54,2,0,2,56
03/08/2020,AMA,TX,ASW,CE,Combined TRACON& Tower with Radar,23,23,20,4,70,0,0,1,0,1,23,23,21,4,71,0,0,0,71
03/09/2020,AMA,TX,ASW,CE,Combined TRACON& Tower with Radar,23,15,78,76,192,0,0,11,10,21,23,15,89,86,213,36,170,206,419
03/10/2020,AMA,TX,ASW,CE,Combined TRACON& Tower with Radar,20,21,39,13,93,0,2,11,3,16,20,23,50,16,109,12,6,18,127
03/11/2020,AMA,TX,ASW,CE,Combined TRACON& Tower with Radar,19,21,14,53,107,0,2,10,3,15,19,23,24,56,122,10,12,22,144
03/12/2020,AMA,TX,ASW,CE,Combined TRACON& Tower with Radar,23,18,15,57,113,0,2,21,1,24,23,20,36,58,137,38,26,64,201
03/13/2020,AMA,TX,ASW,CE,Combined TRACON& Tower with Radar,24,13,15,2,54,0,0,0,0,0,24,13,15,2,54,0,0,0,54
03/14/2020,AMA,TX,ASW,CE,Combined TRACON& Tower with Radar,10,12,16,1,39,0,0,11,5,16,10,12,27,6,55,0,0,0,55
03/15/2020,AMA,TX,ASW,CE,Combined TRACON& Tower with Radar,25,9,7,0,41,0,0,0,0,0,25,9,7,0,41,0,0,0,41
03/16/2020,AMA,TX,ASW,CE,Combined TRACON& Tower with Radar,28,16,34,18,96,0,0,9,0,9,28,16,43,18,105,32,0,32,137
03/17/2020,AMA,TX,ASW,CE,Combined TRACON& Tower with Radar,24,14,4,0,42,0,0,0,0,0,24,14,4,0,42,0,0,0,42
03/18/2020,AMA,TX,ASW,CE,Combined TRACON& Tower with Radar,17,24,25,34,100,0,1,6,2,9,17,25,31,36,109,46,80,126,235
03/19/2020,AMA,TX,ASW,CE,Combined TRACON& Tower with Radar,20,21,28,9,78,0,0,0,0,0,20,21,28,9,78,0,52,52,130
03/20/2020,AMA,TX,ASW,CE,Combined TRACON& Tower with Radar,21,14,29,3,67,0,0,8,1,9,21,14,37,4,76,34,12,46,122
03/21/2020,AMA,TX,ASW,CE,Combined TRACON& Tower with Radar,8,15,6,9,38,0,2,11,1,14,8,17,17,10,52,24,4,28,80
03/22/2020,AMA,TX,ASW,CE,Combined TRACON& Tower with Radar,17,13,9,21,60,0,2,5,2,9,17,15,14,23,69,16,6,22,91
03/23/2020,AMA,TX,ASW,CE,Combined TRACON& Tower with Radar,19,13,25,10,67,0,0,8,2,10,19,13,33,12,77,40,0,40,117
03/24/2020,AMA,TX,ASW,CE,Combined TRACON& Tower with Radar,16,14,5,22,57,0,2,16,2,20,16,16,21,24,77,8,34,42,119
03/25/2020,AMA,TX,ASW,CE,Combined TRACON& Tower with Radar,11,10,13,3,37,0,0,7,0,7,11,10,20,3,44,0,8,8,52
03/26/2020,AMA,TX,ASW,CE,Combined TRACON& Tower with Radar,17,14,11,13,55,0,0,8,2,10,17,14,19,15,65,0,126,126,191
03/27/2020,AMA,TX,ASW,CE,Combined TRACON& Tower with Radar,12,7,8,0,27,0,2,4,1,7,12,9,12,1,34,0,0,0,34
03/28/2020,AMA,TX,ASW,CE,Combined TRACON& Tower with Radar,4,11,4,14,33,0,0,4,2,6,4,11,8,16,39,20,0,20,59
03/29/2020,AMA,TX,ASW,CE,Combined TRACON& Tower with Radar,10,2,7,1,20,0,1,14,0,15,10,3,21,1,35,18,16,34,69
03/30/2020,AMA,TX,ASW,CE,Combined TRACON& Tower with Radar,14,10,8,1,33,0,1,5,4,10,14,11,13,5,43,10,20,30,73
03/31/2020,AMA,TX,ASW,CE,Combined TRACON& Tower with Radar,11,15,14,10,50,0,0,9,5,14,11,15,23,15,64,0,28,28,92
04/01/2020,AMA,TX,ASW,CE,Combined TRACON& Tower with Radar,10,12,4,9,35,0,1,5,1,7,10,13,9,10,42,0,92,92,134
04/02/2020,AMA,TX,ASW,CE,Combined TRACON& Tower with Radar,5,8,16,32,61,0,0,8,5,13,5,8,24,37,74,20,44,64,138
04/03/2020,AMA,TX,ASW,CE,Combined TRACON& Tower with Radar,8,4,10,17,39,0,0,7,0,7,8,4,17,17,46,0,42,42,88
04/04/2020,AMA,TX,ASW,CE,Combined TRACON& Tower with Radar,2,8,10,13,33,0,0,18,2,20,2,8,28,15,53,8,38,46,99
04/05/2020,AMA,TX,ASW,CE,Combined TRACON& Tower with Radar,12,6,6,0,24,0,0,0,0,0,12,6,6,0,24,0,0,0,24
04/06/2020,AMA,TX,ASW,CE,Combined TRACON& Tower with Radar,10,8,19,5,42,0,0,4,1,5,10,8,23,6,47,0,36,36,83
04/07/2020,AMA,TX,ASW,CE,Combined TRACON& Tower with Radar,4,6,8,28,46,0,0,17,2,19,4,6,25,30,65,22,70,92,157
04/08/2020,AMA,TX,ASW,CE,Combined TRACON& Tower with Radar,5,6,9,6,26,0,0,3,0,3,5,6,12,6,29,18,0,18,47
04/09/2020,AMA,TX,ASW,CE,Combined TRACON& Tower with Radar,7,5,12,14,38,0,0,14,40,54,7,5,26,54,92,0,0,0,92
04/10/2020,AMA,TX,ASW,CE,Combined TRACON& Tower with Radar,9,6,17,10,42,0,0,4,20,24,9,6,21,30,66,0,0,0,66
04/11/2020,AMA,TX,ASW,CE,Combined TRACON& Tower with Radar,4,10,3,7,24,0,3,4,0,7,4,13,7,7,31,6,0,6,37
04/12/2020,AMA,TX,ASW,CE,Combined TRACON& Tower with Radar,11,6,1,0,18,0,0,0,0,0,11,6,1,0,18,0,0,0,18
04/13/2020,AMA,TX,ASW,CE,Combined TRACON& Tower with Radar,8,8,14,6,36,0,0,1,0,1,8,8,15,6,37,6,12,18,55
04/14/2020,AMA,TX,ASW,CE,Combined TRACON& Tower with Radar,10,6,2,0,18,0,0,2,0,2,10,6,4,0,20,0,0,0,20
04/15/2020,AMA,TX,ASW,CE,Combined TRACON& Tower with Radar,4,5,18,18,45,0,2,8,0,10,4,7,26,18,55,10,32,42,97
04/16/2020,AMA,TX,ASW,CE,Combined TRACON& Tower with Radar,6,8,22,6,42,0,0,6,2,8,6,8,28,8,50,0,28,28,78
04/17/2020,AMA,TX,ASW,CE,Combined TRACON& Tower with Radar,3,11,23,21,58,0,0,13,6,19,3,11,36,27,77,34,30,64,141
04/18/2020,AMA,TX,ASW,CE,Combined TRACON& Tower with Radar,4,5,8,2,19,0,0,7,0,7,4,5,15,2,26,0,40,40,66
04/19/2020,AMA,TX,ASW,CE,Combined TRACON& Tower with Radar,7,4,2,2,15,0,0,9,2,11,7,4,11,4,26,0,0,0,26
04/20/2020,AMA,TX,ASW,CE,Combined TRACON& Tower with Radar,4,4,5,33,46,0,0,4,1,5,4,4,9,34,51,18,10,28,79
04/21/2020,AMA,TX,ASW,CE,Combined TRACON& Tower with Radar,2,6,7,44,59,0,0,6,2,8,2,6,13,46,67,6,42,48,115
04/22/2020,AMA,TX,ASW,CE,Combined TRACON& Tower with Radar,4,16,7,18,45,0,0,2,2,4,4,16,9,20,49,0,0,0,49
04/23/2020,AMA,TX,ASW,CE,Combined TRACON& Tower with Radar,5,6,12,48,71,0,0,8,4,12,5,6,20,52,83,8,36,44,127
04/24/2020,AMA,TX,ASW,CE,Combined TRACON& Tower with Radar,5,6,27,28,66,0,0,4,1,5,5,6,31,29,71,0,10,10,81
04/25/2020,AMA,TX,ASW,CE,Combined TRACON& Tower with Radar,4,5,19,25,53,0,0,11,0,11,4,5,30,25,64,2,24,26,90
04/26/2020,AMA,TX,ASW,CE,Combined TRACON& Tower with Radar,6,6,6,0,18,0,1,2,0,3,6,7,8,0,21,12,0,12,33
04/27/2020,AMA,TX,ASW,CE,Combined TRACON& Tower with Radar,6,6,24,25,61,0,0,5,6,11,6,6,29,31,72,0,38,38,110
04/28/2020,AMA,TX,ASW,CE,Combined TRACON& Tower with Radar,6,11,8,25,50,0,0,4,3,7,6,11,12,28,57,10,38,48,105
04/29/2020,AMA,TX,ASW,CE,Combined TRACON& Tower with Radar,4,7,9,24,44,0,3,12,1,16,4,10,21,25,60,50,8,58,118
04/30/2020,AMA,TX,ASW,CE,Combined TRACON& Tower with Radar,3,5,14,9,31,0,0,7,7,14,3,5,21,16,45,14,36,50,95
05/01/2020,AMA,TX,ASW,CE,Combined TRACON& Tower with Radar,5,10,15,15,45,0,0,7,0,7,5,10,22,15,52,14,0,14,66
05/02/2020,AMA,TX,ASW,CE,Combined TRACON& Tower with Radar,5,10,10,3,28,0,2,8,0,10,5,12,18,3,38,0,0,0,38
05/03/2020,AMA,TX,ASW,CE,Combined TRACON& Tower with Radar,8,4,10,0,22,0,2,5,0,7,8,6,15,0,29,0,0,0,29
05/04/2020,AMA,TX,ASW,CE,Combined TRACON& Tower with Radar,6,8,15,25,54,0,1,11,5,17,6,9,26,30,71,22,48,70,141
05/05/2020,AMA,TX,ASW,CE,Combined TRACON& Tower with Radar,9,7,10,11,37,0,1,9,3,13,9,8,19,14,50,18,38,56,106
05/06/2020,AMA,TX,ASW,CE,Combined TRACON& Tower with Radar,8,6,16,27,57,0,0,11,0,11,8,6,27,27,68,24,26,50,118
05/07/2020,AMA,TX,ASW,CE,Combined TRACON& Tower with Radar,12,7,16,13,48,0,3,6,1,10,12,10,22,14,58,0,0,0,58
05/08/2020,AMA,TX,ASW,CE,Combined TRACON& Tower with Radar,13,7,47,14,81,0,2,1,5,8,13,9,48,19,89,0,34,34,123
05/09/2020,AMA,TX,ASW,CE,Combined TRACON& Tower with Radar,12,7,10,5,34,0,1,19,1,21,12,8,29,6,55,0,0,0,55
05/10/2020,AMA,TX,ASW,CE,Combined TRACON& Tower with Radar,12,4,15,0,31,0,0,5,0,5,12,4,20,0,36,0,0,0,36
05/11/2020,AMA,TX,ASW,CE,Combined TRACON& Tower with Radar,12,5,11,2,30,0,0,2,3,5,12,5,13,5,35,0,0,0,35
05/12/2020,AMA,TX,ASW,CE,Combined TRACON& Tower with Radar,12,5,43,20,80,0,0,2,2,4,12,5,45,22,84,0,38,38,122
05/13/2020,AMA,TX,ASW,CE,Combined TRACON& Tower with Radar,12,4,32,15,63,0,1,7,5,13,12,5,39,20,76,14,8,22,98
05/14/2020,AMA,TX,ASW,CE,Combined TRACON& Tower with Radar,12,6,22,12,52,0,0,15,3,18,12,6,37,15,70,36,32,68,138
05/15/2020,AMA,TX,ASW,CE,Combined TRACON& Tower with Radar,12,16,10,7,45,0,1,2,0,3,12,17,12,7,48,0,0,0,48
05/16/2020,AMA,TX,ASW,CE,Combined TRACON& Tower with Radar,12,6,11,5,34,0,0,11,0,11,12,6,22,5,45,0,8,8,53
05/17/2020,AMA,TX,ASW,CE,Combined TRACON& Tower with Radar,12,5,18,2,37,0,0,6,0,6,12,5,24,2,43,20,4,24,67
05/18/2020,AMA,TX,ASW,CE,Combined TRACON& Tower with Radar,12,7,4,7,30,0,0,13,1,14,12,7,17,8,44,4,0,4,48
05/19/2020,AMA,TX,ASW,CE,Combined TRACON& Tower with Radar,12,3,12,12,39,0,2,16,3,21,12,5,28,15,60,0,8,8,68
05/20/2020,AMA,TX,ASW,CE,Combined TRACON& Tower with Radar,12,6,11,12,41,0,0,5,3,8,12,6,16,15,49,10,0,10,59
05/21/2020,AMA,TX,ASW,CE,Combined TRACON& Tower with Radar,14,5,45,27,91,0,0,9,6,15,14,5,54,33,106,4,130,134,240
05/22/2020,AMA,TX,ASW,CE,Combined TRACON& Tower with Radar,12,12,11,4,39,0,0,12,4,16,12,12,23,8,55,4,0,4,59
05/23/2020,AMA,TX,ASW,CE,Combined TRACON& Tower with Radar,12,9,1,2,24,0,0,8,0,8,12,9,9,2,32,0,0,0,32
05/24/2020,AMA,TX,ASW,CE,Combined TRACON& Tower with Radar,12,5,7,2,26,0,0,5,0,5,12,5,12,2,31,14,0,14,45
05/25/2020,AMA,TX,ASW,CE,Combined TRACON& Tower with Radar,12,5,4,0,21,0,0,1,0,1,12,5,5,0,22,4,0,4,26
05/26/2020,AMA,TX,ASW,CE,Combined TRACON& Tower with Radar,12,2,37,14,65,0,0,10,2,12,12,2,47,16,77,0,0,0,77
05/27/2020,AMA,TX,ASW,CE,Combined TRACON& Tower with Radar,12,4,27,30,73,0,0,8,4,12,12,4,35,34,85,6,32,38,123
05/28/2020,AMA,TX,ASW,CE,Combined TRACON& Tower with Radar,12,12,48,24,96,0,1,19,0,20,12,13,67,24,116,38,38,76,192
05/29/2020,AMA,TX,ASW,CE,Combined TRACON& Tower with Radar,12,5,22,13,52,0,0,10,0,10,12,5,32,13,62,42,50,92,154
05/30/2020,AMA,TX,ASW,CE,Combined TRACON& Tower with Radar,12,8,14,5,39,0,0,14,0,14,12,8,28,5,53,0,0,0,53
05/31/2020,AMA,TX,ASW,CE,Combined TRACON& Tower with Radar,12,4,5,0,21,0,0,12,1,13,12,4,17,1,34,14,0,14,48
06/01/2020,AMA,TX,ASW,CE,Combined TRACON& Tower with Radar,12,7,21,15,55,0,0,10,1,11,12,7,31,16,66,10,42,52,118
06/02/2020,AMA,TX,ASW,CE,Combined TRACON& Tower with Radar,12,8,19,9,48,0,0,12,1,13,12,8,31,10,61,2,0,2,63
06/03/2020,AMA,TX,ASW,CE,Combined TRACON& Tower with Radar,12,2,13,10,37,0,0,8,2,10,12,2,21,12,47,0,0,0,47
06/04/2020,AMA,TX,ASW,CE,Combined TRACON& Tower with Radar,10,3,6,7,26,0,2,6,1,9,10,5,12,8,35,16,0,16,51
06/05/2020,AMA,TX,ASW,CE,Combined TRACON& Tower with Radar,8,9,19,13,49,0,2,12,3,17,8,11,31,16,66,18,6,24,90
06/06/2020,AMA,TX,ASW,CE,Combined TRACON& Tower with Radar,8,8,7,0,23,0,0,8,1,9,8,8,15,1,32,18,0,18,50
06/07/2020,AMA,TX,ASW,CE,Combined TRACON& Tower with Radar,12,5,9,0,26,0,1,6,0,7,12,6,15,0,33,2,0,2,35
06/08/2020,AMA,TX,ASW,CE,Combined TRACON& Tower with Radar,10,4,17,23,54,0,0,14,2,16,10,4,31,25,70,0,0,0,70
06/09/2020,AMA,TX,ASW,CE,Combined TRACON& Tower with Radar,10,6,9,0,25,0,0,4,0,4,10,6,13,0,29,0,18,18,47
06/10/2020,AMA,TX,ASW,CE,Combined TRACON& Tower with Radar,10,5,28,51,94,0,2,23,98,123,10,7,51,149,217,0,12,12,229
06/11/2020,AMA,TX,ASW,CE,Combined TRACON& Tower with Radar,10,6,22,18,56,0,0,11,2,13,10,6,33,20,69,6,0,6,75
06/12/2020,AMA,TX,ASW,CE,Combined TRACON& Tower with Radar,10,13,18,23,64,0,0,14,0,14,10,13,32,23,78,18,0,18,96
06/13/2020,AMA,TX,ASW,CE,Combined TRACON& Tower with Radar,8,5,13,3,29,0,1,10,2,13,8,6,23,5,42,16,0,16,58
06/14/2020,AMA,TX,ASW,CE,Combined TRACON& Tower with Radar,10,11,3,1,25,0,0,1,3,4,10,11,4,4,29,4,0,4,33
06/15/2020,AMA,TX,ASW,CE,Combined TRACON& Tower with Radar,10,8,13,12,43,0,0,16,3,19,10,8,29,15,62,14,0,14,76
06/16/2020,AMA,TX,ASW,CE,Combined TRACON& Tower with Radar,10,4,20,16,50,0,2,10,5,17,10,6,30,21,67,10,7,17,84
06/17/2020,AMA,TX,ASW,CE,Combined TRACON& Tower with Radar,10,9,20,11,50,0,0,9,3,12,10,9,29,14,62,0,0,0,62
06/18/2020,AMA,TX,ASW,CE,Combined TRACON& Tower with Radar,10,12,20,23,65,0,0,28,3,31,10,12,48,26,96,8,20,28,124
06/19/2020,AMA,TX,ASW,CE,Combined TRACON& Tower with Radar,12,9,18,26,65,0,0,5,6,11,12,9,23,32,76,0,28,28,104
06/20/2020,AMA,TX,ASW,CE,Combined TRACON& Tower with Radar,8,11,15,5,39,0,3,4,2,9,8,14,19,7,48,0,0,0,48
06/21/2020,AMA,TX,ASW,CE,Combined TRACON& Tower with Radar,14,11,8,0,33,0,0,13,2,15,14,11,21,2,48,0,0,0,48
06/22/2020,AMA,TX,ASW,CE,Combined TRACON& Tower with Radar,10,13,14,98,135,0,1,12,5,18,10,14,26,103,153,14,58,72,225
06/23/2020,AMA,TX,ASW,CE,Combined TRACON& Tower with Radar,10,9,17,20,56,0,3,9,1,13,10,12,26,21,69,26,26,52,121
06/24/2020,AMA,TX,ASW,CE,Combined TRACON& Tower with Radar,10,13,23,52,98,0,0,23,2,25,10,13,46,54,123,6,20,26,149
06/25/2020,AMA,TX,ASW,CE,Combined TRACON& Tower with Radar,10,10,37,43,100,0,0,12,5,17,10,10,49,48,117,14,40,54,171
06/26/2020,AMA,TX,ASW,CE,Combined TRACON& Tower with Radar,10,9,9,34,62,0,0,14,5,19,10,9,23,39,81,18,14,32,113
06/27/2020,AMA,TX,ASW,CE,Combined TRACON& Tower with Radar,8,12,12,1,33,0,0,7,2,9,8,12,19,3,42,0,0,0,42
06/28/2020,AMA,TX,ASW,CE,Combined TRACON& Tower with Radar,8,4,12,0,24,0,1,6,0,7,8,5,18,0,31,22,16,38,69
06/29/2020,AMA,TX,ASW,CE,Combined TRACON& Tower with Radar,10,6,18,7,41,0,3,10,5,18,10,9,28,12,59,2,54,56,115
06/30/2020,AMA,TX,ASW,CE,Combined TRACON& Tower with Radar,8,16,28,17,69,0,0,15,0,15,8,16,43,17,84,0,0,0,84
07/01/2020,AMA,TX,ASW,CE,Combined TRACON& Tower with Radar,8,8,13,3,32,0,0,10,3,13,8,8,23,6,45,22,18,40,85
07/02/2020,AMA,TX,ASW,CE,Combined TRACON& Tower with Radar,10,7,29,5,51,0,0,10,4,14,10,7,39,9,65,42,18,60,125
07/03/2020,AMA,TX,ASW,CE,Combined TRACON& Tower with Radar,12,13,6,0,31,0,0,18,0,18,12,13,24,0,49,8,0,8,57
07/04/2020,AMA,TX,ASW,CE,Combined TRACON& Tower with Radar,9,2,4,0,15,0,0,15,0,15,9,2,19,0,30,14,0,14,44
07/05/2020,AMA,TX,ASW,CE,Combined TRACON& Tower with Radar,8,14,8,2,32,0,0,4,0,4,8,14,12,2,36,0,0,0,36
07/06/2020,AMA,TX,ASW,CE,Combined TRACON& Tower with Radar,13,8,13,6,40,0,1,12,2,15,13,9,25,8,55,16,10,26,81
07/07/2020,AMA,TX,ASW,CE,Combined TRACON& Tower with Radar,10,14,24,8,56,0,0,16,1,17,10,14,40,9,73,10,4,14,87
07/08/2020,AMA,TX,ASW,CE,Combined TRACON& Tower with Radar,12,5,42,4,63,0,1,7,5,13,12,6,49,9,76,16,6,22,98
07/09/2020,AMA,TX,ASW,CE,Combined TRACON& Tower with Radar,14,10,20,13,57,0,0,7,15,22,14,10,27,28,79,24,6,30,109
07/10/2020,AMA,TX,ASW,CE,Combined TRACON& Tower with Radar,16,18,15,38,87,0,0,17,8,25,16,18,32,46,112,10,96,106,218
07/11/2020,AMA,TX,ASW,CE,Combined TRACON& Tower with Radar,10,15,10,7,42,0,1,7,0,8,10,16,17,7,50,16,0,16,66
07/12/2020,AMA,TX,ASW,CE,Combined TRACON& Tower with Radar,12,8,13,2,35,0,1,3,5,9,12,9,16,7,44,0,0,0,44
07/13/2020,AMA,TX,ASW,CE,Combined TRACON& Tower with Radar,14,10,13,8,45,0,0,11,3,14,14,10,24,11,59,24,10,34,93
07/14/2020,AMA,TX,ASW,CE,Combined TRACON& Tower with Radar,12,7,12,11,42,0,0,12,4,16,12,7,24,15,58,20,0,20,78
07/15/2020,AMA,TX,ASW,CE,Combined TRACON& Tower with Radar,12,7,18,4,41,0,0,7,1,8,12,7,25,5,49,0,0,0,49
07/16/2020,AMA,TX,ASW,CE,Combined TRACON& Tower with Radar,14,10,26,16,66,0,1,17,1,19,14,11,43,17,85,20,0,20,105
07/17/2020,AMA,TX,ASW,CE,Combined TRACON& Tower with Radar,14,16,10,40,80,0,0,12,6,18,14,16,22,46,98,12,6,18,116
07/18/2020,AMA,TX,ASW,CE,Combined TRACON& Tower with Radar,10,14,6,6,36,0,0,9,5,14,10,14,15,11,50,10,6,16,66
07/19/2020,AMA,TX,ASW,CE,Combined TRACON& Tower with Radar,12,12,8,10,42,0,0,4,1,5,12,12,12,11,47,16,0,16,63
07/20/2020,AMA,TX,ASW,CE,Combined TRACON& Tower with Radar,14,17,15,23,69,0,0,7,2,9,14,17,22,25,78,0,6,6,84
07/21/2020,AMA,TX,ASW,CE,Combined TRACON& Tower with Radar,10,13,13,33,69,0,0,8,1,9,10,13,21,34,78,20,36,56,134
07/22/2020,AMA,TX,ASW,CE,Combined TRACON& Tower with Radar,12,9,18,8,47,0,0,9,0,9,12,9,27,8,56,22,24,46,102
07/23/2020,AMA,TX,ASW,CE,Combined TRACON& Tower with Radar,14,17,20,20,71,0,0,23,1,24,14,17,43,21,95,0,0,0,95
07/24/2020,AMA,TX,ASW,CE,Combined TRACON& Tower with Radar,14,13,19,5,51,0,2,14,0,16,14,15,33,5,67,20,18,38,105
07/25/2020,AMA,TX,ASW,CE,Combined TRACON& Tower with Radar,10,15,23,10,58,0,0,15,1,16,10,15,38,11,74,34,34,68,142
07/26/2020,AMA,TX,ASW,CE,Combined TRACON& Tower with Radar,12,12,26,25,75,0,0,11,1,12,12,12,37,26,87,20,30,50,137
07/27/2020,AMA,TX,ASW,CE,Combined TRACON& Tower with Radar,14,10,20,12,56,0,0,7,4,11,14,10,27,16,67,0,0,0,67
07/28/2020,AMA,TX,ASW,CE,Combined TRACON& Tower with Radar,12,8,43,33,96,0,0,18,9,27,12,8,61,42,123,8,104,112,235
07/29/2020,AMA,TX,ASW,CE,Combined TRACON& Tower with Radar,12,3,49,44,108,0,0,13,10,23,12,3,62,54,131,0,0,0,131
07/30/2020,AMA,TX,ASW,CE,Combined TRACON& Tower with Radar,14,18,24,36,92,0,2,24,33,59,14,20,48,69,151,0,0,0,151
07/31/2020,AMA,TX,ASW,CE,Combined TRACON& Tower with Radar,14,21,29,6,70,0,2,31,23,56,14,23,60,29,126,0,0,0,126
08/01/2020,AMA,TX,ASW,CE,Combined TRACON& Tower with Radar,10,14,17,1,42,0,0,13,1,14,10,14,30,2,56,36,40,76,132
08/02/2020,AMA,TX,ASW,CE,Combined TRACON& Tower with Radar,12,10,15,4,41,0,0,8,3,11,12,10,23,7,52,0,0,0,52
08/03/2020,AMA,TX,ASW,CE,Combined TRACON& Tower with Radar,14,11,19,25,69,0,0,14,3,17,14,11,33,28,86,16,62,78,164
08/04/2020,AMA,TX,ASW,CE,Combined TRACON& Tower with Radar,10,17,13,23,63,0,1,9,5,15,10,18,22,28,78,2,14,16,94
08/05/2020,AMA,TX,ASW,CE,Combined TRACON& Tower with Radar,13,11,27,74,125,0,2,9,5,16,13,13,36,79,141,0,0,0,141
08/06/2020,AMA,TX,ASW,CE,Combined TRACON& Tower with Radar,16,17,18,45,96,0,2,6,5,13,16,19,24,50,109,0,0,0,109
08/07/2020,AMA,TX,ASW,CE,Combined TRACON& Tower with Radar,14,12,10,10,46,0,0,9,4,13,14,12,19,14,59,24,22,46,105
08/08/2020,AMA,TX,ASW,CE,Combined TRACON& Tower with Radar,9,14,12,2,37,0,0,9,0,9,9,14,21,2,46,0,0,0,46
08/09/2020,AMA,TX,ASW,CE,Combined TRACON& Tower with Radar,14,13,9,19,55,0,2,2,7,11,14,15,11,26,66,0,12,12,78
08/10/2020,AMA,TX,ASW,CE,Combined TRACON& Tower with Radar,17,10,9,21,57,0,0,10,3,13,17,10,19,24,70,6,8,14,84
08/11/2020,AMA,TX,ASW,CE,Combined TRACON& Tower with Radar,15,12,23,15,65,0,0,10,6,16,15,12,33,21,81,4,102,106,187
08/12/2020,AMA,TX,ASW,CE,Combined TRACON& Tower with Radar,18,13,28,17,76,0,0,9,7,16,18,13,37,24,92,10,104,114,206
08/13/2020,AMA,TX,ASW,CE,Combined TRACON& Tower with Radar,16,10,16,2,44,0,0,14,7,21,16,10,30,9,65,20,10,30,95
08/14/2020,AMA,TX,ASW,CE,Combined TRACON& Tower with Radar,18,19,15,13,65,0,0,4,9,13,18,19,19,22,78,0,98,98,176
08/15/2020,AMA,TX,ASW,CE,Combined TRACON& Tower with Radar,15,13,9,2,39,0,1,9,0,10,15,14,18,2,49,0,8,8,57
08/16/2020,AMA,TX,ASW,CE,Combined TRACON& Tower with Radar,18,9,30,0,57,0,0,5,0,5,18,9,35,0,62,0,0,0,62
08/17/2020,AMA,TX,ASW,CE,Combined TRACON& Tower with Radar,17,11,10,11,49,0,0,10,0,10,17,11,20,11,59,0,0,0,59
08/18/2020,AMA,TX,ASW,CE,Combined TRACON& Tower with Radar,14,7,12,11,44,0,1,10,4,15,14,8,22,15,59,0,26,26,85
08/19/2020,AMA,TX,ASW,CE,Combined TRACON& Tower with Radar,14,14,13,24,65,0,0,13,1,14,14,14,26,25,79,0,0,0,79
08/20/2020,AMA,TX,ASW,CE,Combined TRACON& Tower with Radar,14,21,24,24,83,0,0,14,1,15,14,21,38,25,98,0,30,30,128
08/21/2020,AMA,TX,ASW,CE,Combined TRACON& Tower with Radar,14,15,28,63,120,0,0,20,3,23,14,15,48,66,143,20,108,128,271
08/22/2020,AMA,TX,ASW,CE,Combined TRACON& Tower with Radar,15,15,8,18,56,0,1,23,6,30,15,16,31,24,86,18,30,48,134
08/23/2020,AMA,TX,ASW,CE,Combined TRACON& Tower with Radar,16,16,24,0,56,0,2,9,6,17,16,18,33,6,73,24,18,42,115
08/24/2020,AMA,TX,ASW,CE,Combined TRACON& Tower with Radar,13,25,16,11,65,0,0,14,1,15,13,25,30,12,80,0,110,110,190
08/25/2020,AMA,TX,ASW,CE,Combined TRACON& Tower with Radar,25,8,24,7,64,0,0,19,6,25,25,8,43,13,89,8,0,8,97
08/26/2020,AMA,TX,ASW,CE,Combined TRACON& Tower with Radar,14,12,23,42,91,0,1,21,1,23,14,13,44,43,114,10,14,24,138
08/27/2020,AMA,TX,ASW,CE,Combined TRACON& Tower with Radar,14,11,19,31,75,0,0,17,7,24,14,11,36,38,99,26,8,34,133
08/28/2020,AMA,TX,ASW,CE,Combined TRACON& Tower with Radar,14,19,20,53,106,0,2,12,5,19,14,21,32,58,125,20,8,28,153
08/29/2020,AMA,TX,ASW,CE,Combined TRACON& Tower with Radar,13,16,13,20,62,0,0,8,6,14,13,16,21,26,76,0,2,2,78
08/30/2020,AMA,TX,ASW,CE,Combined TRACON& Tower with Radar,16,17,7,32,72,0,2,7,6,15,16,19,14,38,87,0,20,20,107
08/31/2020,AMA,TX,ASW,CE,Combined TRACON& Tower with Radar,14,16,10,4,44,0,0,4,7,11,14,16,14,11,55,0,20,20,75
09/01/2020,AMA,TX,ASW,CE,Combined TRACON& Tower with Radar,16,15,26,22,79,0,0,7,3,10,16,15,33,25,89,4,58,62,151
09/02/2020,AMA,TX,ASW,CE,Combined TRACON& Tower with Radar,21,18,41,11,91,0,0,4,5,9,21,18,45,16,100,24,14,38,138
09/03/2020,AMA,TX,ASW,CE,Combined TRACON& Tower with Radar,14,17,24,23,78,0,2,14,4,20,14,19,38,27,98,28,10,38,136
09/04/2020,AMA,TX,ASW,CE,Combined TRACON& Tower with Radar,14,22,16,0,52,0,1,13,3,17,14,23,29,3,69,0,0,0,69
09/05/2020,AMA,TX,ASW,CE,Combined TRACON& Tower with Radar,17,11,5,0,33,0,1,22,0,23,17,12,27,0,56,20,0,20,76
09/06/2020,AMA,TX,ASW,CE,Combined TRACON& Tower with Radar,14,14,10,0,38,0,1,13,0,14,14,15,23,0,52,2,20,22,74
09/07/2020,AMA,TX,ASW,CE,Combined TRACON& Tower with Radar,12,22,12,4,50,0,0,14,0,14,12,22,26,4,64,60,0,60,124
09/08/2020,AMA,TX,ASW,CE,Combined TRACON& Tower with Radar,12,15,22,4,53,0,0,2,0,2,12,15,24,4,55,0,0,0,55
09/09/2020,AMA,TX,ASW,CE,Combined TRACON& Tower with Radar,10,27,10,3,50,0,0,0,0,0,10,27,10,3,50,0,0,0,50
09/10/2020,AMA,TX,ASW,CE,Combined TRACON& Tower with Radar,10,23,28,32,93,0,0,0,0,0,10,23,28,32,93,0,0,0,93
09/11/2020,AMA,TX,ASW,CE,Combined TRACON& Tower with Radar,10,22,60,103,195,0,2,18,14,34,10,24,78,117,229,50,108,158,387
09/12/2020,AMA,TX,ASW,CE,Combined TRACON& Tower with Radar,10,17,6,61,94,0,0,12,7,19,10,17,18,68,113,118,28,146,259
09/13/2020,AMA,TX,ASW,CE,Combined TRACON& Tower with Radar,10,16,6,4,36,0,0,14,4,18,10,16,20,8,54,32,24,56,110
09/14/2020,AMA,TX,ASW,CE,Combined TRACON& Tower with Radar,11,23,23,34,91,0,0,11,2,13,11,23,34,36,104,0,0,0,104
09/15/2020,AMA,TX,ASW,CE,Combined TRACON& Tower with Radar,9,15,14,6,44,0,3,14,1,18,9,18,28,7,62,64,14,78,140
09/16/2020,AMA,TX,ASW,CE,Combined TRACON& Tower with Radar,11,15,28,30,84,0,1,21,2,24,11,16,49,32,108,40,24,64,172
09/17/2020,AMA,TX,ASW,CE,Combined TRACON& Tower with Radar,10,17,23,13,63,0,0,15,3,18,10,17,38,16,81,20,14,34,115
09/18/2020,AMA,TX,ASW,CE,Combined TRACON& Tower with Radar,10,18,24,36,88,0,0,18,7,25,10,18,42,43,113,8,44,52,165
09/19/2020,AMA,TX,ASW,CE,Combined TRACON& Tower with Radar,10,19,11,25,65,0,1,8,12,21,10,20,19,37,86,12,10,22,108
09/20/2020,AMA,TX,ASW,CE,Combined TRACON& Tower with Radar,10,14,29,7,60,0,0,15,1,16,10,14,44,8,76,6,6,12,88
09/21/2020,AMA,TX,ASW,CE,Combined TRACON& Tower with Radar,12,17,23,42,94,0,0,5,5,10,12,17,28,47,104,10,76,86,190
09/22/2020,AMA,TX,ASW,CE,Combined TRACON& Tower with Radar,12,17,40,78,147,0,0,24,5,29,12,17,64,83,176,2,38,40,216
09/23/2020,AMA,TX,ASW,CE,Combined TRACON& Tower with Radar,10,26,51,47,134,0,7,15,5,27,10,33,66,52,161,16,140,156,317
09/24/2020,AMA,TX,ASW,CE,Combined TRACON& Tower with Radar,10,20,26,23,79,0,2,29,8,39,10,22,55,31,118,14,10,24,142
09/25/2020,AMA,TX,ASW,CE,Combined TRACON& Tower with Radar,10,25,34,37,106,0,0,19,4,23,10,25,53,41,129,0,0,0,129
09/26/2020,AMA,TX,ASW,CE,Combined TRACON& Tower with Radar,10,18,13,1,42,0,0,14,3,17,10,18,27,4,59,0,0,0,59
09/27/2020,AMA,TX,ASW,CE,Combined TRACON& Tower with Radar,10,17,10,18,55,0,0,7,6,13,10,17,17,24,68,0,0,0,68
09/28/2020,AMA,TX,ASW,CE,Combined TRACON& Tower with Radar,10,21,21,35,87,0,0,8,6,14,10,21,29,41,101,0,0,0,101
09/29/2020,AMA,TX,ASW,CE,Combined TRACON& Tower with Radar,14,13,16,16,59,0,1,11,6,18,14,14,27,22,77,28,134,162,239
09/30/2020,AMA,TX,ASW,CE,Combined TRACON& Tower with Radar,10,21,17,8,56,0,4,18,5,27,10,25,35,13,83,0,0,0,83
10/01/2020,AMA,TX,ASW,CE,Combined TRACON& Tower with Radar,10,22,39,26,97,0,2,22,2,26,10,24,61,28,123,0,0,0,123
10/02/2020,AMA,TX,ASW,CE,Combined TRACON& Tower with Radar,10,20,39,27,96,0,3,12,8,23,10,23,51,35,119,0,24,24,143
10/03/2020,AMA,TX,ASW,CE,Combined TRACON& Tower with Radar,10,17,14,8,49,0,0,9,0,9,10,17,23,8,58,0,0,0,58
10/04/2020,AMA,TX,ASW,CE,Combined TRACON& Tower with Radar,10,19,15,9,53,0,0,12,5,17,10,19,27,14,70,16,20,36,106
10/05/2020,AMA,TX,ASW,CE,Combined TRACON& Tower with Radar,23,22,19,56,120,0,2,14,2,18,23,24,33,58,138,0,94,94,232
10/06/2020,AMA,TX,ASW,CE,Combined TRACON& Tower with Radar,17,20,18,11,66,0,3,16,5,24,17,23,34,16,90,12,28,40,130
10/07/2020,AMA,TX,ASW,CE,Combined TRACON& Tower with Radar,26,22,23,21,92,0,0,15,0,15,26,22,38,21,107,0,46,46,153
10/08/2020,AMA,TX,ASW,CE,Combined TRACON& Tower with Radar,10,26,12,43,91,0,0,18,2,20,10,26,30,45,111,12,46,58,169
10/09/2020,AMA,TX,ASW,CE,Combined TRACON& Tower with Radar,12,19,8,36,75,0,2,14,10,26,12,21,22,46,101,52,146,198,299
10/10/2020,AMA,TX,ASW,CE,Combined TRACON& Tower with Radar,12,17,15,41,85,0,2,17,1,20,12,19,32,42,105,0,18,18,123
10/11/2020,AMA,TX,ASW,CE,Combined TRACON& Tower with Radar,14,12,21,0,47,0,1,15,2,18,14,13,36,2,65,18,0,18,83
10/12/2020,AMA,TX,ASW,CE,Combined TRACON& Tower with Radar,14,20,17,2,53,0,4,28,8,40,14,24,45,10,93,34,0,34,127
10/13/2020,AMA,TX,ASW,CE,Combined TRACON& Tower with Radar,10,21,31,15,77,0,0,15,3,18,10,21,46,18,95,2,42,44,139
10/14/2020,AMA,TX,ASW,CE,Combined TRACON& Tower with Radar,10,26,31,6,73,0,3,18,1,22,10,29,49,7,95,10,10,20,115
10/15/2020,AMA,TX,ASW,CE,Combined TRACON& Tower with Radar,10,26,34,16,86,0,2,11,7,20,10,28,45,23,106,12,46,58,164
10/16/2020,AMA,TX,ASW,CE,Combined TRACON& Tower with Radar,14,21,20,73,128,0,0,22,9,31,14,21,42,82,159,2,12,14,173
10/17/2020,AMA,TX,ASW,CE,Combined TRACON& Tower with Radar,12,17,5,8,42,0,0,8,2,10,12,17,13,10,52,46,0,46,98
10/18/2020,AMA,TX,ASW,CE,Combined TRACON& Tower with Radar,14,18,19,54,105,0,0,1,0,1,14,18,20,54,106,0,0,0,106
10/19/2020,AMA,TX,ASW,CE,Combined TRACON& Tower with Radar,13,18,14,58,103,0,2,13,43,58,13,20,27,101,161,0,0,0,161
10/20/2020,AMA,TX,ASW,CE,Combined TRACON& Tower with Radar,11,28,21,29,89,0,1,10,2,13,11,29,31,31,102,8,24,32,134
10/21/2020,AMA,TX,ASW,CE,Combined TRACON& Tower with Radar,10,18,28,19,75,0,0,8,0,8,10,18,36,19,83,6,6,12,95
10/22/2020,AMA,TX,ASW,CE,Combined TRACON& Tower with Radar,9,25,19,13,66,0,0,15,8,23,9,25,34,21,89,0,0,0,89
10/23/2020,AMA,TX,ASW,CE,Combined TRACON& Tower with Radar,12,22,13,54,101,0,0,3,5,8,12,22,16,59,109,0,30,30,139
10/24/2020,AMA,TX,ASW,CE,Combined TRACON& Tower with Radar,12,15,7,18,52,0,1,5,1,7,12,16,12,19,59,0,0,0,59
10/25/2020,AMA,TX,ASW,CE,Combined TRACON& Tower with Radar,12,21,21,2,56,0,0,0,0,0,12,21,21,2,56,0,0,0,56
10/26/2020,AMA,TX,ASW,CE,Combined TRACON& Tower with Radar,0,0,0,0,0,0,0,1,0,1,0,0,1,0,1,0,0,0,1
10/27/2020,AMA,TX,ASW,CE,Combined TRACON& Tower with Radar,0,0,0,0,0,0,0,0,0,0,0,0,0,0,0,0,0,0,0
10/28/2020,AMA,TX,ASW,CE,Combined TRACON& Tower with Radar,0,3,4,0,7,0,0,0,0,0,0,3,4,0,7,0,0,0,7
10/29/2020,AMA,TX,ASW,CE,Combined TRACON& Tower with Radar,12,17,17,2,48,0,0,7,6,13,12,17,24,8,61,14,0,14,75
10/30/2020,AMA,TX,ASW,CE,Combined TRACON& Tower with Radar,14,20,28,35,97,0,0,22,3,25,14,20,50,38,122,0,36,36,158
10/31/2020,AMA,TX,ASW,CE,Combined TRACON& Tower with Radar,12,11,12,12,47,0,1,17,5,23,12,12,29,17,70,6,0,6,76
11/01/2020,AMA,TX,ASW,CE,Combined TRACON& Tower with Radar,12,19,12,6,49,0,0,13,0,13,12,19,25,6,62,46,0,46,108
11/02/2020,AMA,TX,ASW,CE,Combined TRACON& Tower with Radar,12,21,28,19,80,0,0,20,2,22,12,21,48,21,102,58,40,98,200
11/03/2020,AMA,TX,ASW,CE,Combined TRACON& Tower with Radar,14,17,14,21,66,0,0,17,11,28,14,17,31,32,94,28,60,88,182
11/04/2020,AMA,TX,ASW,CE,Combined TRACON& Tower with Radar,10,19,16,22,67,0,0,26,1,27,10,19,42,23,94,50,34,84,178
11/05/2020,AMA,TX,ASW,CE,Combined TRACON& Tower with Radar,12,22,42,35,111,0,0,16,5,21,12,22,58,40,132,10,14,24,156
11/06/2020,AMA,TX,ASW,CE,Combined TRACON& Tower with Radar,14,20,20,40,94,0,0,25,3,28,14,20,45,43,122,20,80,100,222
11/07/2020,AMA,TX,ASW,CE,Combined TRACON& Tower with Radar,16,16,8,0,40,0,1,8,3,12,16,17,16,3,52,14,0,14,66
11/08/2020,AMA,TX,ASW,CE,Combined TRACON& Tower with Radar,18,15,19,11,63,0,1,4,1,6,18,16,23,12,69,10,4,14,83
11/09/2020,AMA,TX,ASW,CE,Combined TRACON& Tower with Radar,12,17,33,40,102,0,1,14,2,17,12,18,47,42,119,0,124,124,243
11/10/2020,AMA,TX,ASW,CE,Combined TRACON& Tower with Radar,10,18,49,27,104,0,2,19,6,27,10,20,68,33,131,32,132,164,295
11/11/2020,AMA,TX,ASW,CE,Combined TRACON& Tower with Radar,12,23,9,0,44,0,0,18,2,20,12,23,27,2,64,44,0,44,108
11/12/2020,AMA,TX,ASW,CE,Combined TRACON& Tower with Radar,14,13,20,35,82,0,0,8,0,8,14,13,28,35,90,0,0,0,90
11/13/2020,AMA,TX,ASW,CE,Combined TRACON& Tower with Radar,16,18,53,83,170,0,3,9,4,16,16,21,62,87,186,44,118,162,348
11/14/2020,AMA,TX,ASW,CE,Combined TRACON& Tower with Radar,16,20,7,1,44,0,0,7,2,9,16,20,14,3,53,2,0,2,55
11/15/2020,AMA,TX,ASW,CE,Combined TRACON& Tower with Radar,18,19,22,19,78,0,1,17,6,24,18,20,39,25,102,30,18,48,150
11/16/2020,AMA,TX,ASW,CE,Combined TRACON& Tower with Radar,15,21,21,24,81,0,0,8,1,9,15,21,29,25,90,0,22,22,112
11/17/2020,AMA,TX,ASW,CE,Combined TRACON& Tower with Radar,12,17,12,17,58,0,0,7,2,9,12,17,19,19,67,24,28,52,119
11/18/2020,AMA,TX,ASW,CE,Combined TRACON& Tower with Radar,13,17,28,22,80,0,0,7,6,13,13,17,35,28,93,0,10,10,103
11/19/2020,AMA,TX,ASW,CE,Combined TRACON& Tower with Radar,15,11,9,14,49,0,0,8,4,12,15,11,17,18,61,10,52,62,123
11/20/2020,AMA,TX,ASW,CE,Combined TRACON& Tower with Radar,16,15,26,18,75,0,4,16,1,21,16,19,42,19,96,14,22,36,132
11/21/2020,AMA,TX,ASW,CE,Combined TRACON& Tower with Radar,18,19,17,0,54,0,0,2,3,5,18,19,19,3,59,0,0,0,59
11/22/2020,AMA,TX,ASW,CE,Combined TRACON& Tower with Radar,19,13,15,0,47,0,0,2,0,2,19,13,17,0,49,6,0,6,55
11/23/2020,AMA,TX,ASW,CE,Combined TRACON& Tower with Radar,15,22,17,6,60,0,0,0,0,0,15,22,17,6,60,0,0,0,60
11/24/2020,AMA,TX,ASW,CE,Combined TRACON& Tower with Radar,23,20,4,28,75,0,0,8,65,73,23,20,12,93,148,0,0,0,148
11/25/2020,AMA,TX,ASW,CE,Combined TRACON& Tower with Radar,18,17,12,7,54,0,0,38,13,51,18,17,50,20,105,0,0,0,105
11/26/2020,AMA,TX,ASW,CE,Combined TRACON& Tower with Radar,6,10,4,0,20,0,0,3,0,3,6,10,7,0,23,6,0,6,29
11/27/2020,AMA,TX,ASW,CE,Combined TRACON& Tower with Radar,10,14,4,1,29,0,0,44,1,45,10,14,48,2,74,0,0,0,74
11/28/2020,AMA,TX,ASW,CE,Combined TRACON& Tower with Radar,16,22,3,0,41,0,0,0,0,0,16,22,3,0,41,0,0,0,41
11/29/2020,AMA,TX,ASW,CE,Combined TRACON& Tower with Radar,16,16,9,0,41,0,0,3,2,5,16,16,12,2,46,0,0,0,46
11/30/2020,AMA,TX,ASW,CE,Combined TRACON& Tower with Radar,17,21,12,6,56,0,0,9,0,9,17,21,21,6,65,0,8,8,73
12/01/2020,AMA,TX,ASW,CE,Combined TRACON& Tower with Radar,13,17,11,8,49,0,0,10,0,10,13,17,21,8,59,18,24,42,101
12/02/2020,AMA,TX,ASW,CE,Combined TRACON& Tower with Radar,8,16,7,0,31,0,0,0,0,0,8,16,7,0,31,8,0,8,39
12/03/2020,AMA,TX,ASW,CE,Combined TRACON& Tower with Radar,10,18,18,2,48,0,0,5,3,8,10,18,23,5,56,10,0,10,66
12/04/2020,AMA,TX,ASW,CE,Combined TRACON& Tower with Radar,12,22,13,37,84,0,0,3,6,9,12,22,16,43,93,16,22,38,131
12/05/2020,AMA,TX,ASW,CE,Combined TRACON& Tower with Radar,14,14,9,4,41,0,0,8,0,8,14,14,17,4,49,0,0,0,49
12/06/2020,AMA,TX,ASW,CE,Combined TRACON& Tower with Radar,14,14,11,10,49,0,0,12,0,12,14,14,23,10,61,6,8,14,75
12/07/2020,AMA,TX,ASW,CE,Combined TRACON& Tower with Radar,13,17,24,14,68,0,0,15,2,17,13,17,39,16,85,34,12,46,131
12/08/2020,AMA,TX,ASW,CE,Combined TRACON& Tower with Radar,8,13,10,0,31,0,0,9,3,12,8,13,19,3,43,34,0,34,77
12/09/2020,AMA,TX,ASW,CE,Combined TRACON& Tower with Radar,10,15,14,3,42,0,1,15,6,22,10,16,29,9,64,22,12,34,98
12/10/2020,AMA,TX,ASW,CE,Combined TRACON& Tower with Radar,10,21,21,8,60,0,1,14,4,19,10,22,35,12,79,26,10,36,115
12/11/2020,AMA,TX,ASW,CE,Combined TRACON& Tower with Radar,16,16,12,42,86,0,0,12,0,12,16,16,24,42,98,8,10,18,116
12/12/2020,AMA,TX,ASW,CE,Combined TRACON& Tower with Radar,13,14,5,22,54,0,5,19,0,24,13,19,24,22,78,0,40,40,118
12/13/2020,AMA,TX,ASW,CE,Combined TRACON& Tower with Radar,12,11,5,0,28,0,0,3,0,3,12,11,8,0,31,0,0,0,31
12/14/2020,AMA,TX,ASW,CE,Combined TRACON& Tower with Radar,19,18,13,19,69,0,0,9,1,10,19,18,22,20,79,0,22,22,101
12/15/2020,AMA,TX,ASW,CE,Combined TRACON& Tower with Radar,8,20,8,2,38,0,0,1,0,1,8,20,9,2,39,2,8,10,49
12/16/2020,AMA,TX,ASW,CE,Combined TRACON& Tower with Radar,8,15,16,32,71,0,0,34,6,40,8,15,50,38,111,0,0,0,111
12/17/2020,AMA,TX,ASW,CE,Combined TRACON& Tower with Radar,14,21,31,17,83,0,0,10,7,17,14,21,41,24,100,8,14,22,122
12/18/2020,AMA,TX,ASW,CE,Combined TRACON& Tower with Radar,15,14,17,68,114,0,0,3,7,10,15,14,20,75,124,4,80,84,208
12/19/2020,AMA,TX,ASW,CE,Combined TRACON& Tower with Radar,18,14,17,1,50,0,2,12,4,18,18,16,29,5,68,28,20,48,116
12/20/2020,AMA,TX,ASW,CE,Combined TRACON& Tower with Radar,14,12,14,9,49,0,2,13,4,19,14,14,27,13,68,16,0,16,84
12/21/2020,AMA,TX,ASW,CE,Combined TRACON& Tower with Radar,16,15,16,7,54,0,0,8,1,9,16,15,24,8,63,4,0,4,67
12/22/2020,AMA,TX,ASW,CE,Combined TRACON& Tower with Radar,14,22,21,5,62,0,0,10,4,14,14,22,31,9,76,6,14,20,96
12/23/2020,AMA,TX,ASW,CE,Combined TRACON& Tower with Radar,16,13,7,0,36,0,0,3,0,3,16,13,10,0,39,0,0,0,39
12/24/2020,AMA,TX,ASW,CE,Combined TRACON& Tower with Radar,10,16,5,0,31,0,0,11,0,11,10,16,16,0,42,0,0,0,42
12/25/2020,AMA,TX,ASW,CE,Combined TRACON& Tower with Radar,6,10,0,0,16,0,0,3,0,3,6,10,3,0,19,0,0,0,19
12/26/2020,AMA,TX,ASW,CE,Combined TRACON& Tower with Radar,16,21,15,0,52,0,1,7,0,8,16,22,22,0,60,6,0,6,66
12/27/2020,AMA,TX,ASW,CE,Combined TRACON& Tower with Radar,16,22,19,0,57,0,1,12,0,13,16,23,31,0,70,40,0,40,110
12/28/2020,AMA,TX,ASW,CE,Combined TRACON& Tower with Radar,14,19,18,0,51,0,0,3,0,3,14,19,21,0,54,0,0,0,54
12/29/2020,AMA,TX,ASW,CE,Combined TRACON& Tower with Radar,12,22,16,0,50,0,0,0,0,0,12,22,16,0,50,0,0,0,50
12/30/2020,AMA,TX,ASW,CE,Combined TRACON& Tower with Radar,24,13,12,7,56,0,0,11,1,12,24,13,23,8,68,0,0,0,68
12/31/2020,AMA,TX,ASW,CE,Combined TRACON& Tower with Radar,10,14,6,0,30,0,0,14,0,14,10,14,20,0,44,14,0,14,58
01/01/2021,AMA,TX,ASW,CE,Combined TRACON& Tower with Radar,10,21,2,1,34,0,2,9,1,12,10,23,11,2,46,0,0,0,46
01/02/2021,AMA,TX,ASW,CE,Combined TRACON& Tower with Radar,16,17,15,0,48,0,0,21,0,21,16,17,36,0,69,36,0,36,105
01/03/2021,AMA,TX,ASW,CE,Combined TRACON& Tower with Radar,16,16,13,0,45,0,0,17,0,17,16,16,30,0,62,22,0,22,84
01/04/2021,AMA,TX,ASW,CE,Combined TRACON& Tower with Radar,15,20,12,7,54,0,0,20,1,21,15,20,32,8,75,30,0,30,105
01/05/2021,AMA,TX,ASW,CE,Combined TRACON& Tower with Radar,12,22,13,12,59,0,1,10,3,14,12,23,23,15,73,0,0,0,73
01/06/2021,AMA,TX,ASW,CE,Combined TRACON& Tower with Radar,10,22,8,16,56,0,0,2,0,2,10,22,10,16,58,0,0,0,58
01/07/2021,AMA,TX,ASW,CE,Combined TRACON& Tower with Radar,10,17,25,31,83,0,0,23,3,26,10,17,48,34,109,22,56,78,187
01/08/2021,AMA,TX,ASW,CE,Combined TRACON& Tower with Radar,11,12,20,8,51,0,1,6,2,9,11,13,26,10,60,0,0,0,60
01/09/2021,AMA,TX,ASW,CE,Combined TRACON& Tower with Radar,12,21,12,6,51,0,0,13,0,13,12,21,25,6,64,0,0,0,64
01/10/2021,AMA,TX,ASW,CE,Combined TRACON& Tower with Radar,10,11,6,0,27,0,0,0,2,2,10,11,6,2,29,0,0,0,29
01/11/2021,AMA,TX,ASW,CE,Combined TRACON& Tower with Radar,11,22,18,11,62,0,0,11,8,19,11,22,29,19,81,22,28,50,131
01/12/2021,AMA,TX,ASW,CE,Combined TRACON& Tower with Radar,10,19,36,30,95,0,0,18,5,23,10,19,54,35,118,36,46,82,200
01/13/2021,AMA,TX,ASW,CE,Combined TRACON& Tower with Radar,8,15,14,54,91,0,0,19,7,26,8,15,33,61,117,50,16,66,183
01/14/2021,AMA,TX,ASW,CE,Combined TRACON& Tower with Radar,10,14,9,8,41,0,0,16,23,39,10,14,25,31,80,0,0,0,80
01/15/2021,AMA,TX,ASW,CE,Combined TRACON& Tower with Radar,12,19,21,51,103,0,0,4,3,7,12,19,25,54,110,22,30,52,162
01/16/2021,AMA,TX,ASW,CE,Combined TRACON& Tower with Radar,12,20,20,5,57,0,0,27,2,29,12,20,47,7,86,38,0,38,124
01/17/2021,AMA,TX,ASW,CE,Combined TRACON& Tower with Radar,12,16,11,29,68,0,1,15,8,24,12,17,26,37,92,18,0,18,110
01/18/2021,AMA,TX,ASW,CE,Combined TRACON& Tower with Radar,10,15,15,4,44,0,0,6,0,6,10,15,21,4,50,0,0,0,50
01/19/2021,AMA,TX,ASW,CE,Combined TRACON& Tower with Radar,10,22,16,55,103,0,1,17,0,18,10,23,33,55,121,0,0,0,121
01/20/2021,AMA,TX,ASW,CE,Combined TRACON& Tower with Radar,11,19,31,39,100,0,0,8,4,12,11,19,39,43,112,30,0,30,142
01/21/2021,AMA,TX,ASW,CE,Combined TRACON& Tower with Radar,11,20,17,44,92,0,0,19,3,22,11,20,36,47,114,48,20,68,182
01/22/2021,AMA,TX,ASW,CE,Combined TRACON& Tower with Radar,16,25,10,48,99,0,0,6,0,6,16,25,16,48,105,0,0,0,105
01/23/2021,AMA,TX,ASW,CE,Combined TRACON& Tower with Radar,12,17,24,84,137,0,0,11,61,72,12,17,35,145,209,0,0,0,209
01/24/2021,AMA,TX,ASW,CE,Combined TRACON& Tower with Radar,12,12,4,35,63,0,0,2,0,2,12,12,6,35,65,0,0,0,65
01/25/2021,AMA,TX,ASW,CE,Combined TRACON& Tower with Radar,12,22,31,96,161,0,0,34,63,97,12,22,65,159,258,0,0,0,258
01/26/2021,AMA,TX,ASW,CE,Combined TRACON& Tower with Radar,12,20,20,2,54,0,0,1,0,1,12,20,21,2,55,0,0,0,55
01/27/2021,AMA,TX,ASW,CE,Combined TRACON& Tower with Radar,8,30,19,18,75,0,0,15,1,16,8,30,34,19,91,0,0,0,91
01/28/2021,AMA,TX,ASW,CE,Combined TRACON& Tower with Radar,10,21,26,18,75,0,0,15,0,15,10,21,41,18,90,0,0,0,90
01/29/2021,AMA,TX,ASW,CE,Combined TRACON& Tower with Radar,12,24,25,77,138,0,0,16,2,18,12,24,41,79,156,10,8,18,174
01/30/2021,AMA,TX,ASW,CE,Combined TRACON& Tower with Radar,11,8,3,0,22,0,0,1,0,1,11,8,4,0,23,0,0,0,23
01/31/2021,AMA,TX,ASW,CE,Combined TRACON& Tower with Radar,13,13,18,7,51,0,1,16,5,22,13,14,34,12,73,40,34,74,147
02/01/2021,AMA,TX,ASW,CE,Combined TRACON& Tower with Radar,10,20,30,64,124,0,1,21,5,27,10,21,51,69,151,0,12,12,163
02/02/2021,AMA,TX,ASW,CE,Combined TRACON& Tower with Radar,10,16,17,25,68,0,0,25,6,31,10,16,42,31,99,24,20,44,143
02/03/2021,AMA,TX,ASW,CE,Combined TRACON& Tower with Radar,8,15,20,42,85,0,0,11,3,14,8,15,31,45,99,6,10,16,115
02/04/2021,AMA,TX,ASW,CE,Combined TRACON& Tower with Radar,10,16,22,30,78,0,0,11,2,13,10,16,33,32,91,4,22,26,117
02/05/2021,AMA,TX,ASW,CE,Combined TRACON& Tower with Radar,12,19,24,40,95,0,0,26,4,30,12,19,50,44,125,24,4,28,153
02/06/2021,AMA,TX,ASW,CE,Combined TRACON& Tower with Radar,14,14,15,30,73,0,0,17,0,17,14,14,32,30,90,0,0,0,90
02/07/2021,AMA,TX,ASW,CE,Combined TRACON& Tower with Radar,14,18,13,31,76,0,0,8,1,9,14,18,21,32,85,4,6,10,95
02/08/2021,AMA,TX,ASW,CE,Combined TRACON& Tower with Radar,10,18,23,22,73,0,0,9,0,9,10,18,32,22,82,10,12,22,104
02/09/2021,AMA,TX,ASW,CE,Combined TRACON& Tower with Radar,10,13,32,26,81,0,0,9,2,11,10,13,41,28,92,0,0,0,92
02/10/2021,AMA,TX,ASW,CE,Combined TRACON& Tower with Radar,8,23,20,0,51,0,0,11,0,11,8,23,31,0,62,0,0,0,62
02/11/2021,AMA,TX,ASW,CE,Combined TRACON& Tower with Radar,8,21,29,3,61,0,0,7,2,9,8,21,36,5,70,20,20,40,110
02/12/2021,AMA,TX,ASW,CE,Combined TRACON& Tower with Radar,10,18,20,1,49,0,0,5,1,6,10,18,25,2,55,0,0,0,55
02/13/2021,AMA,TX,ASW,CE,Combined TRACON& Tower with Radar,9,16,5,0,30,0,0,1,0,1,9,16,6,0,31,0,0,0,31
02/14/2021,AMA,TX,ASW,CE,Combined TRACON& Tower with Radar,0,0,4,0,4,0,0,0,0,0,0,0,4,0,4,0,0,0,4
02/15/2021,AMA,TX,ASW,CE,Combined TRACON& Tower with Radar,2,14,10,0,26,0,0,5,0,5,2,14,15,0,31,0,0,0,31
02/16/2021,AMA,TX,ASW,CE,Combined TRACON& Tower with Radar,4,4,12,0,20,0,0,2,0,2,4,4,14,0,22,0,0,0,22
02/17/2021,AMA,TX,ASW,CE,Combined TRACON& Tower with Radar,3,3,3,4,13,0,2,0,0,2,3,5,3,4,15,0,0,0,15
02/18/2021,AMA,TX,ASW,CE,Combined TRACON& Tower with Radar,4,14,15,0,33,0,0,0,0,0,4,14,15,0,33,0,0,0,33
02/19/2021,AMA,TX,ASW,CE,Combined TRACON& Tower with Radar,11,17,16,27,71,0,0,5,5,10,11,17,21,32,81,0,0,0,81
02/20/2021,AMA,TX,ASW,CE,Combined TRACON& Tower with Radar,15,15,11,29,70,0,1,7,13,21,15,16,18,42,91,0,44,44,135
02/21/2021,AMA,TX,ASW,CE,Combined TRACON& Tower with Radar,12,16,10,15,53,0,0,12,0,12,12,16,22,15,65,6,4,10,75
02/22/2021,AMA,TX,ASW,CE,Combined TRACON& Tower with Radar,8,27,20,29,84,0,0,31,2,33,8,27,51,31,117,4,60,64,181
02/23/2021,AMA,TX,ASW,CE,Combined TRACON& Tower with Radar,9,24,20,45,98,0,2,20,8,30,9,26,40,53,128,0,18,18,146
02/24/2021,AMA,TX,ASW,CE,Combined TRACON& Tower with Radar,8,24,13,70,115,0,0,28,2,30,8,24,41,72,145,10,10,20,165
02/25/2021,AMA,TX,ASW,CE,Combined TRACON& Tower with Radar,11,20,48,60,139,0,0,27,2,29,11,20,75,62,168,28,76,104,272
02/26/2021,AMA,TX,ASW,CE,Combined TRACON& Tower with Radar,13,20,25,128,186,0,0,53,127,180,13,20,78,255,366,0,0,0,366
02/27/2021,AMA,TX,ASW,CE,Combined TRACON& Tower with Radar,14,15,13,11,53,0,0,7,2,9,14,15,20,13,62,0,0,0,62
02/28/2021,AMA,TX,ASW,CE,Combined TRACON& Tower with Radar,7,13,14,15,49,0,0,22,0,22,7,13,36,15,71,22,0,22,93
03/01/2021,AMA,TX,ASW,CE,Combined TRACON& Tower with Radar,7,17,29,57,110,0,0,14,0,14,7,17,43,57,124,14,4,18,142
03/02/2021,AMA,TX,ASW,CE,Combined TRACON& Tower with Radar,17,14,24,23,78,0,0,18,4,22,17,14,42,27,100,18,38,56,156
03/03/2021,AMA,TX,ASW,CE,Combined TRACON& Tower with Radar,8,21,31,22,82,0,0,19,1,20,8,21,50,23,102,0,58,58,160
03/04/2021,AMA,TX,ASW,CE,Combined TRACON& Tower with Radar,16,21,33,22,92,0,0,11,0,11,16,21,44,22,103,0,0,0,103
03/05/2021,AMA,TX,ASW,CE,Combined TRACON& Tower with Radar,16,18,17,43,94,0,0,21,0,21,16,18,38,43,115,0,0,0,115
03/06/2021,AMA,TX,ASW,CE,Combined TRACON& Tower with Radar,14,17,12,7,50,0,0,22,3,25,14,17,34,10,75,40,6,46,121
03/07/2021,AMA,TX,ASW,CE,Combined TRACON& Tower with Radar,20,12,19,18,69,0,1,24,22,47,20,13,43,40,116,0,0,0,116
03/08/2021,AMA,TX,ASW,CE,Combined TRACON& Tower with Radar,19,17,28,26,90,0,0,33,53,86,19,17,61,79,176,0,0,0,176
03/09/2021,AMA,TX,ASW,CE,Combined TRACON& Tower with Radar,15,13,24,12,64,0,0,13,1,14,15,13,37,13,78,16,42,58,136
03/10/2021,AMA,TX,ASW,CE,Combined TRACON& Tower with Radar,14,12,36,41,103,0,0,8,6,14,14,12,44,47,117,4,50,54,171
03/11/2021,AMA,TX,ASW,CE,Combined TRACON& Tower with Radar,19,21,34,52,126,0,0,18,11,29,19,21,52,63,155,22,54,76,231
03/12/2021,AMA,TX,ASW,CE,Combined TRACON& Tower with Radar,20,14,29,2,65,0,0,6,0,6,20,14,35,2,71,0,0,0,71
03/13/2021,AMA,TX,ASW,CE,Combined TRACON& Tower with Radar,10,11,10,0,31,0,0,3,0,3,10,11,13,0,34,0,0,0,34
03/14/2021,AMA,TX,ASW,CE,Combined TRACON& Tower with Radar,18,17,22,48,105,0,0,7,14,21,18,17,29,62,126,0,2,2,128
03/15/2021,AMA,TX,ASW,CE,Combined TRACON& Tower with Radar,20,17,35,26,98,0,0,18,10,28,20,17,53,36,126,0,18,18,144
03/16/2021,AMA,TX,ASW,CE,Combined TRACON& Tower with Radar,16,13,16,14,59,0,2,12,2,16,16,15,28,16,75,22,0,22,97
03/17/2021,AMA,TX,ASW,CE,Combined TRACON& Tower with Radar,0,5,13,6,24,0,0,1,0,1,0,5,14,6,25,0,0,0,25
03/18/2021,AMA,TX,ASW,CE,Combined TRACON& Tower with Radar,21,18,34,69,142,0,3,15,8,26,21,21,49,77,168,10,18,28,196
03/19/2021,AMA,TX,ASW,CE,Combined TRACON& Tower with Radar,18,23,22,37,100,0,1,29,8,38,18,24,51,45,138,112,18,130,268
03/20/2021,AMA,TX,ASW,CE,Combined TRACON& Tower with Radar,12,15,21,3,51,0,2,12,6,20,12,17,33,9,71,20,0,20,91
03/21/2021,AMA,TX,ASW,CE,Combined TRACON& Tower with Radar,20,11,20,2,53,0,0,21,2,23,20,11,41,4,76,34,0,34,110
03/22/2021,AMA,TX,ASW,CE,Combined TRACON& Tower with Radar,22,12,16,12,62,0,1,13,1,15,22,13,29,13,77,0,0,0,77
03/23/2021,AMA,TX,ASW,CE,Combined TRACON& Tower with Radar,16,13,15,31,75,0,0,21,6,27,16,13,36,37,102,12,76,88,190
03/24/2021,AMA,TX,ASW,CE,Combined TRACON& Tower with Radar,15,17,14,0,46,0,0,4,0,4,15,17,18,0,50,0,0,0,50
03/25/2021,AMA,TX,ASW,CE,Combined TRACON& Tower with Radar,20,15,17,132,184,0,0,32,8,40,20,15,49,140,224,14,78,92,316
03/26/2021,AMA,TX,ASW,CE,Combined TRACON& Tower with Radar,22,19,29,74,144,0,2,13,0,15,22,21,42,74,159,2,16,18,177
03/27/2021,AMA,TX,ASW,CE,Combined TRACON& Tower with Radar,12,21,15,91,139,0,1,19,74,94,12,22,34,165,233,0,0,0,233
03/28/2021,AMA,TX,ASW,CE,Combined TRACON& Tower with Radar,19,19,20,0,58,0,2,36,0,38,19,21,56,0,96,0,0,0,96
03/29/2021,AMA,TX,ASW,CE,Combined TRACON& Tower with Radar,18,17,14,29,78,0,1,15,3,19,18,18,29,32,97,0,0,0,97
03/30/2021,AMA,TX,ASW,CE,Combined TRACON& Tower with Radar,16,17,36,109,178,0,0,12,5,17,16,17,48,114,195,0,0,0,195
03/31/2021,AMA,TX,ASW,CE,Combined TRACON& Tower with Radar,16,23,27,30,96,0,2,18,5,25,16,25,45,35,121,26,46,72,193
04/01/2021,AMA,TX,ASW,CE,Combined TRACON& Tower with Radar,20,17,23,22,82,0,2,12,1,15,20,19,35,23,97,10,14,24,121
04/02/2021,AMA,TX,ASW,CE,Combined TRACON& Tower with Radar,18,10,17,55,100,0,0,11,4,15,18,10,28,59,115,6,0,6,121
04/03/2021,AMA,TX,ASW,CE,Combined TRACON& Tower with Radar,20,12,8,7,47,0,2,39,17,58,20,14,47,24,105,0,0,0,105
04/04/2021,AMA,TX,ASW,CE,Combined TRACON& Tower with Radar,18,11,8,0,37,0,0,7,1,8,18,11,15,1,45,0,0,0,45
04/05/2021,AMA,TX,ASW,CE,Combined TRACON& Tower with Radar,18,15,21,17,71,0,3,13,1,17,18,18,34,18,88,6,8,14,102
04/06/2021,AMA,TX,ASW,CE,Combined TRACON& Tower with Radar,16,15,18,29,78,0,2,17,2,21,16,17,35,31,99,0,0,0,99
04/07/2021,AMA,TX,ASW,CE,Combined TRACON& Tower with Radar,18,20,12,65,115,0,1,20,3,24,18,21,32,68,139,8,38,46,185
04/08/2021,AMA,TX,ASW,CE,Combined TRACON& Tower with Radar,18,18,24,47,107,0,1,22,3,26,18,19,46,50,133,58,18,76,209
04/09/2021,AMA,TX,ASW,CE,Combined TRACON& Tower with Radar,17,16,13,29,75,0,0,18,6,24,17,16,31,35,99,16,18,34,133
04/10/2021,AMA,TX,ASW,CE,Combined TRACON& Tower with Radar,18,11,13,8,50,0,2,16,0,18,18,13,29,8,68,30,0,30,98
04/11/2021,AMA,TX,ASW,CE,Combined TRACON& Tower with Radar,20,17,15,11,63,0,0,15,1,16,20,17,30,12,79,60,0,60,139
04/12/2021,AMA,TX,ASW,CE,Combined TRACON& Tower with Radar,20,20,25,60,125,0,0,16,4,20,20,20,41,64,145,12,0,12,157
04/13/2021,AMA,TX,ASW,CE,Combined TRACON& Tower with Radar,16,10,28,66,120,0,0,19,0,19,16,10,47,66,139,26,24,50,189
04/14/2021,AMA,TX,ASW,CE,Combined TRACON& Tower with Radar,18,14,14,0,46,0,0,6,0,6,18,14,20,0,52,34,0,34,86
04/15/2021,AMA,TX,ASW,CE,Combined TRACON& Tower with Radar,17,17,32,0,66,0,0,6,0,6,17,17,38,0,72,0,0,0,72
04/16/2021,AMA,TX,ASW,CE,Combined TRACON& Tower with Radar,17,16,38,68,139,0,0,3,82,85,17,16,41,150,224,0,0,0,224
04/17/2021,AMA,TX,ASW,CE,Combined TRACON& Tower with Radar,21,12,9,33,75,0,0,5,1,6,21,12,14,34,81,12,8,20,101
04/18/2021,AMA,TX,ASW,CE,Combined TRACON& Tower with Radar,19,8,9,7,43,0,0,22,2,24,19,8,31,9,67,0,0,0,67
04/19/2021,AMA,TX,ASW,CE,Combined TRACON& Tower with Radar,19,17,23,35,94,0,1,18,3,22,19,18,41,38,116,62,12,74,190
04/20/2021,AMA,TX,ASW,CE,Combined TRACON& Tower with Radar,19,18,36,57,130,0,4,10,3,17,19,22,46,60,147,0,0,0,147
04/21/2021,AMA,TX,ASW,CE,Combined TRACON& Tower with Radar,16,20,21,59,116,0,2,23,8,33,16,22,44,67,149,18,18,36,185
04/22/2021,AMA,TX,ASW,CE,Combined TRACON& Tower with Radar,18,27,34,95,174,0,1,7,5,13,18,28,41,100,187,14,10,24,211
04/23/2021,AMA,TX,ASW,CE,Combined TRACON& Tower with Radar,20,23,18,118,179,0,0,12,27,39,20,23,30,145,218,12,88,100,318
04/24/2021,AMA,TX,ASW,CE,Combined TRACON& Tower with Radar,19,20,19,23,81,0,0,26,5,31,19,20,45,28,112,28,0,28,140
04/25/2021,AMA,TX,ASW,CE,Combined TRACON& Tower with Radar,21,15,16,23,75,0,0,14,1,15,21,15,30,24,90,22,4,26,116
04/26/2021,AMA,TX,ASW,CE,Combined TRACON& Tower with Radar,19,11,16,13,59,0,2,8,0,10,19,13,24,13,69,0,0,0,69
04/27/2021,AMA,TX,ASW,CE,Combined TRACON& Tower with Radar,17,14,21,3,55,0,0,12,2,14,17,14,33,5,69,14,0,14,83
04/28/2021,AMA,TX,ASW,CE,Combined TRACON& Tower with Radar,16,18,7,5,46,0,2,2,2,6,16,20,9,7,52,0,0,0,52
04/29/2021,AMA,TX,ASW,CE,Combined TRACON& Tower with Radar,18,13,22,1,54,0,0,5,0,5,18,13,27,1,59,0,0,0,59
04/30/2021,AMA,TX,ASW,CE,Combined TRACON& Tower with Radar,19,18,9,21,67,0,0,14,3,17,19,18,23,24,84,0,2,2,86
05/01/2021,AMA,TX,ASW,CE,Combined TRACON& Tower with Radar,18,16,18,7,59,0,1,10,4,15,18,17,28,11,74,0,6,6,80
05/02/2021,AMA,TX,ASW,CE,Combined TRACON& Tower with Radar,19,18,8,0,45,0,1,12,0,13,19,19,20,0,58,0,0,0,58
05/03/2021,AMA,TX,ASW,CE,Combined TRACON& Tower with Radar,17,11,16,0,44,0,0,0,0,0,17,11,16,0,44,0,0,0,44
05/04/2021,AMA,TX,ASW,CE,Combined TRACON& Tower with Radar,17,11,20,15,63,0,2,8,0,10,17,13,28,15,73,20,2,22,95
05/05/2021,AMA,TX,ASW,CE,Combined TRACON& Tower with Radar,16,17,14,5,52,0,0,10,0,10,16,17,24,5,62,8,0,8,70
05/06/2021,AMA,TX,ASW,CE,Combined TRACON& Tower with Radar,19,18,29,6,72,0,0,16,1,17,19,18,45,7,89,34,4,38,127
05/07/2021,AMA,TX,ASW,CE,Combined TRACON& Tower with Radar,22,15,8,4,49,0,0,20,1,21,22,15,28,5,70,0,0,0,70
05/08/2021,AMA,TX,ASW,CE,Combined TRACON& Tower with Radar,24,12,5,1,42,0,1,4,3,8,24,13,9,4,50,0,0,0,50
05/09/2021,AMA,TX,ASW,CE,Combined TRACON& Tower with Radar,20,12,13,2,47,0,0,1,2,3,20,12,14,4,50,0,0,0,50
05/10/2021,AMA,TX,ASW,CE,Combined TRACON& Tower with Radar,22,18,19,4,63,0,0,3,1,4,22,18,22,5,67,0,0,0,67
05/11/2021,AMA,TX,ASW,CE,Combined TRACON& Tower with Radar,19,11,24,6,60,0,0,0,0,0,19,11,24,6,60,0,0,0,60
05/12/2021,AMA,TX,ASW,CE,Combined TRACON& Tower with Radar,21,11,17,4,53,0,0,4,4,8,21,11,21,8,61,0,0,0,61
05/13/2021,AMA,TX,ASW,CE,Combined TRACON& Tower with Radar,23,18,19,10,70,0,0,5,7,12,23,18,24,17,82,22,20,42,124
05/14/2021,AMA,TX,ASW,CE,Combined TRACON& Tower with Radar,25,19,17,2,63,0,0,3,1,4,25,19,20,3,67,0,0,0,67
05/15/2021,AMA,TX,ASW,CE,Combined TRACON& Tower with Radar,19,11,12,2,44,0,0,8,1,9,19,11,20,3,53,0,0,0,53
05/16/2021,AMA,TX,ASW,CE,Combined TRACON& Tower with Radar,23,10,20,6,59,0,0,8,1,9,23,10,28,7,68,6,0,6,74
05/17/2021,AMA,TX,ASW,CE,Combined TRACON& Tower with Radar,20,10,20,27,77,0,0,7,2,9,20,10,27,29,86,12,48,60,146
05/18/2021,AMA,TX,ASW,CE,Combined TRACON& Tower with Radar,20,9,13,4,46,0,0,1,0,1,20,9,14,4,47,0,0,0,47
05/19/2021,AMA,TX,ASW,CE,Combined TRACON& Tower with Radar,20,15,18,6,59,0,1,10,3,14,20,16,28,9,73,36,10,46,119
05/20/2021,AMA,TX,ASW,CE,Combined TRACON& Tower with Radar,22,20,29,21,92,0,1,7,2,10,22,21,36,23,102,0,0,0,102
05/21/2021,AMA,TX,ASW,CE,Combined TRACON& Tower with Radar,18,18,17,24,77,0,1,8,4,13,18,19,25,28,90,2,6,8,98
05/22/2021,AMA,TX,ASW,CE,Combined TRACON& Tower with Radar,23,21,23,3,70,0,0,1,2,3,23,21,24,5,73,2,0,2,75
05/23/2021,AMA,TX,ASW,CE,Combined TRACON& Tower with Radar,22,10,7,0,39,0,0,4,6,10,22,10,11,6,49,0,0,0,49
05/24/2021,AMA,TX,ASW,CE,Combined TRACON& Tower with Radar,19,12,13,20,64,0,2,8,5,15,19,14,21,25,79,0,50,50,129
05/25/2021,AMA,TX,ASW,CE,Combined TRACON& Tower with Radar,24,9,25,19,77,0,0,19,17,36,24,9,44,36,113,0,0,0,113
05/26/2021,AMA,TX,ASW,CE,Combined TRACON& Tower with Radar,20,11,24,3,58,0,1,4,0,5,20,12,28,3,63,0,0,0,63
05/27/2021,AMA,TX,ASW,CE,Combined TRACON& Tower with Radar,23,22,32,7,84,0,2,12,2,16,23,24,44,9,100,14,0,14,114
05/28/2021,AMA,TX,ASW,CE,Combined TRACON& Tower with Radar,22,16,18,2,58,0,0,9,2,11,22,16,27,4,69,0,0,0,69
05/29/2021,AMA,TX,ASW,CE,Combined TRACON& Tower with Radar,22,16,6,2,46,0,0,2,4,6,22,16,8,6,52,0,0,0,52
05/30/2021,AMA,TX,ASW,CE,Combined TRACON& Tower with Radar,23,13,5,2,43,0,0,1,0,1,23,13,6,2,44,0,0,0,44
05/31/2021,AMA,TX,ASW,CE,Combined TRACON& Tower with Radar,17,17,7,0,41,0,0,1,0,1,17,17,8,0,42,0,0,0,42
06/01/2021,AMA,TX,ASW,CE,Combined TRACON& Tower with Radar,20,9,17,22,68,0,0,0,0,0,20,9,17,22,68,0,0,0,68
06/02/2021,AMA,TX,ASW,CE,Combined TRACON& Tower with Radar,22,19,27,11,79,0,0,10,1,11,22,19,37,12,90,2,10,12,102
06/03/2021,AMA,TX,ASW,CE,Combined TRACON& Tower with Radar,24,23,36,19,102,0,1,15,2,18,24,24,51,21,120,12,0,12,132
06/04/2021,AMA,TX,ASW,CE,Combined TRACON& Tower with Radar,21,20,18,18,77,0,0,12,2,14,21,20,30,20,91,10,14,24,115
06/05/2021,AMA,TX,ASW,CE,Combined TRACON& Tower with Radar,16,12,6,25,59,0,0,18,4,22,16,12,24,29,81,14,34,48,129
06/06/2021,AMA,TX,ASW,CE,Combined TRACON& Tower with Radar,20,17,14,4,55,0,0,4,1,5,20,17,18,5,60,0,10,10,70
06/07/2021,AMA,TX,ASW,CE,Combined TRACON& Tower with Radar,21,16,31,17,85,0,0,7,6,13,21,16,38,23,98,0,0,0,98
06/08/2021,AMA,TX,ASW,CE,Combined TRACON& Tower with Radar,21,19,18,5,63,0,0,6,4,10,21,19,24,9,73,44,22,66,139
06/09/2021,AMA,TX,ASW,CE,Combined TRACON& Tower with Radar,36,16,27,10,89,0,0,11,4,15,36,16,38,14,104,16,0,16,120
06/10/2021,AMA,TX,ASW,CE,Combined TRACON& Tower with Radar,20,19,21,4,64,0,0,12,1,13,20,19,33,5,77,10,2,12,89
06/11/2021,AMA,TX,ASW,CE,Combined TRACON& Tower with Radar,23,22,15,22,82,0,0,9,1,10,23,22,24,23,92,36,8,44,136
06/12/2021,AMA,TX,ASW,CE,Combined TRACON& Tower with Radar,15,12,18,2,47,0,0,9,0,9,15,12,27,2,56,0,0,0,56
06/13/2021,AMA,TX,ASW,CE,Combined TRACON& Tower with Radar,20,13,17,1,51,0,1,10,1,12,20,14,27,2,63,0,0,0,63
06/14/2021,AMA,TX,ASW,CE,Combined TRACON& Tower with Radar,22,10,18,17,67,0,0,13,2,15,22,10,31,19,82,34,22,56,138
06/15/2021,AMA,TX,ASW,CE,Combined TRACON& Tower with Radar,18,16,18,17,69,0,0,11,2,13,18,16,29,19,82,24,6,30,112
06/16/2021,AMA,TX,ASW,CE,Combined TRACON& Tower with Radar,23,23,9,7,62,0,0,14,5,19,23,23,23,12,81,20,0,20,101
06/17/2021,AMA,TX,ASW,CE,Combined TRACON& Tower with Radar,19,13,23,11,66,0,1,6,4,11,19,14,29,15,77,0,0,0,77
06/18/2021,AMA,TX,ASW,CE,Combined TRACON& Tower with Radar,20,17,17,27,81,0,0,3,3,6,20,17,20,30,87,0,0,0,87
06/19/2021,AMA,TX,ASW,CE,Combined TRACON& Tower with Radar,20,18,16,0,54,0,2,10,3,15,20,20,26,3,69,0,0,0,69
06/20/2021,AMA,TX,ASW,CE,Combined TRACON& Tower with Radar,20,18,16,37,91,0,0,4,2,6,20,18,20,39,97,0,0,0,97
06/21/2021,AMA,TX,ASW,CE,Combined TRACON& Tower with Radar,22,10,19,2,53,0,0,4,0,4,22,10,23,2,57,2,0,2,59
06/22/2021,AMA,TX,ASW,CE,Combined TRACON& Tower with Radar,17,19,32,18,86,0,0,9,1,10,17,19,41,19,96,20,20,40,136
06/23/2021,AMA,TX,ASW,CE,Combined TRACON& Tower with Radar,22,29,16,4,71,0,1,7,4,12,22,30,23,8,83,0,0,0,83
06/24/2021,AMA,TX,ASW,CE,Combined TRACON& Tower with Radar,22,9,14,2,47,0,0,4,5,9,22,9,18,7,56,0,0,0,56
06/25/2021,AMA,TX,ASW,CE,Combined TRACON& Tower with Radar,21,15,10,18,64,0,1,13,3,17,21,16,23,21,81,4,0,4,85
06/26/2021,AMA,TX,ASW,CE,Combined TRACON& Tower with Radar,17,23,10,0,50,0,0,6,0,6,17,23,16,0,56,0,0,0,56
06/27/2021,AMA,TX,ASW,CE,Combined TRACON& Tower with Radar,23,16,14,0,53,0,0,3,0,3,23,16,17,0,56,6,0,6,62
06/28/2021,AMA,TX,ASW,CE,Combined TRACON& Tower with Radar,23,15,27,2,67,0,0,7,0,7,23,15,34,2,74,0,0,0,74
06/29/2021,AMA,TX,ASW,CE,Combined TRACON& Tower with Radar,18,19,21,4,62,0,0,3,0,3,18,19,24,4,65,6,12,18,83
06/30/2021,AMA,TX,ASW,CE,Combined TRACON& Tower with Radar,21,17,20,2,60,0,0,2,6,8,21,17,22,8,68,0,0,0,68
07/01/2021,AMA,TX,ASW,CE,Combined TRACON& Tower with Radar,25,18,26,8,77,0,0,13,0,13,25,18,39,8,90,0,6,6,96
07/02/2021,AMA,TX,ASW,CE,Combined TRACON& Tower with Radar,14,25,10,0,49,0,0,1,0,1,14,25,11,0,50,0,0,0,50
07/03/2021,AMA,TX,ASW,CE,Combined TRACON& Tower with Radar,20,16,6,0,42,0,0,3,0,3,20,16,9,0,45,0,0,0,45
07/04/2021,AMA,TX,ASW,CE,Combined TRACON& Tower with Radar,20,8,11,0,39,0,3,3,0,6,20,11,14,0,45,0,0,0,45
07/05/2021,AMA,TX,ASW,CE,Combined TRACON& Tower with Radar,19,17,16,2,54,0,2,7,0,9,19,19,23,2,63,0,0,0,63
07/06/2021,AMA,TX,ASW,CE,Combined TRACON& Tower with Radar,16,16,17,4,53,0,0,23,1,24,16,16,40,5,77,0,0,0,77
07/07/2021,AMA,TX,ASW,CE,Combined TRACON& Tower with Radar,18,12,20,16,66,0,0,3,6,9,18,12,23,22,75,14,0,14,89
07/08/2021,AMA,TX,ASW,CE,Combined TRACON& Tower with Radar,20,12,28,7,67,0,2,17,0,19,20,14,45,7,86,16,0,16,102
07/09/2021,AMA,TX,ASW,CE,Combined TRACON& Tower with Radar,18,11,16,29,74,0,2,9,8,19,18,13,25,37,93,8,0,8,101
07/10/2021,AMA,TX,ASW,CE,Combined TRACON& Tower with Radar,15,18,5,16,54,0,0,6,3,9,15,18,11,19,63,14,28,42,105
07/11/2021,AMA,TX,ASW,CE,Combined TRACON& Tower with Radar,20,12,20,31,83,0,0,9,1,10,20,12,29,32,93,6,2,8,101
07/12/2021,AMA,TX,ASW,CE,Combined TRACON& Tower with Radar,21,16,30,9,76,0,3,6,2,11,21,19,36,11,87,38,0,38,125
07/13/2021,AMA,TX,ASW,CE,Combined TRACON& Tower with Radar,19,13,23,1,56,0,1,28,1,30,19,14,51,2,86,0,0,0,86
07/14/2021,AMA,TX,ASW,CE,Combined TRACON& Tower with Radar,23,10,12,2,47,0,2,7,2,11,23,12,19,4,58,0,0,0,58
07/15/2021,AMA,TX,ASW,CE,Combined TRACON& Tower with Radar,20,16,19,14,69,0,0,10,3,13,20,16,29,17,82,34,0,34,116
07/16/2021,AMA,TX,ASW,CE,Combined TRACON& Tower with Radar,20,19,21,34,94,0,0,10,3,13,20,19,31,37,107,0,4,4,111
07/17/2021,AMA,TX,ASW,CE,Combined TRACON& Tower with Radar,16,20,10,4,50,0,2,6,10,18,16,22,16,14,68,0,4,4,72
07/18/2021,AMA,TX,ASW,CE,Combined TRACON& Tower with Radar,20,10,16,9,55,0,2,3,1,6,20,12,19,10,61,0,0,0,61
07/19/2021,AMA,TX,ASW,CE,Combined TRACON& Tower with Radar,21,20,24,4,69,0,0,6,0,6,21,20,30,4,75,0,0,0,75
07/20/2021,AMA,TX,ASW,CE,Combined TRACON& Tower with Radar,18,14,16,11,59,0,0,13,8,21,18,14,29,19,80,38,4,42,122
07/21/2021,AMA,TX,ASW,CE,Combined TRACON& Tower with Radar,25,24,15,0,64,0,2,12,0,14,25,26,27,0,78,0,0,0,78
07/22/2021,AMA,TX,ASW,CE,Combined TRACON& Tower with Radar,34,17,23,15,89,0,0,13,3,16,34,17,36,18,105,24,0,24,129
07/23/2021,AMA,TX,ASW,CE,Combined TRACON& Tower with Radar,23,14,27,46,110,0,1,8,1,10,23,15,35,47,120,5,22,27,147
07/24/2021,AMA,TX,ASW,CE,Combined TRACON& Tower with Radar,17,21,11,3,52,0,0,16,4,20,17,21,27,7,72,20,0,20,92
07/25/2021,AMA,TX,ASW,CE,Combined TRACON& Tower with Radar,22,16,13,0,51,0,0,5,0,5,22,16,18,0,56,0,0,0,56
07/26/2021,AMA,TX,ASW,CE,Combined TRACON& Tower with Radar,28,23,18,10,79,0,2,9,0,11,28,25,27,10,90,0,0,0,90
07/27/2021,AMA,TX,ASW,CE,Combined TRACON& Tower with Radar,20,15,23,1,59,0,0,19,2,21,20,15,42,3,80,44,0,44,124
07/28/2021,AMA,TX,ASW,CE,Combined TRACON& Tower with Radar,23,18,24,10,75,0,0,15,5,20,23,18,39,15,95,12,6,18,113
07/29/2021,AMA,TX,ASW,CE,Combined TRACON& Tower with Radar,21,19,30,6,76,0,1,18,5,24,21,20,48,11,100,0,0,0,100
07/30/2021,AMA,TX,ASW,CE,Combined TRACON& Tower with Radar,26,19,21,0,66,0,0,16,3,19,26,19,37,3,85,0,0,0,85
07/31/2021,AMA,TX,ASW,CE,Combined TRACON& Tower with Radar,17,24,14,11,66,0,3,21,9,33,17,27,35,20,99,18,0,18,117
08/01/2021,AMA,TX,ASW,CE,Combined TRACON& Tower with Radar,20,18,18,6,62,0,0,4,1,5,20,18,22,7,67,0,0,0,67
08/02/2021,AMA,TX,ASW,CE,Combined TRACON& Tower with Radar,21,20,19,8,68,0,1,14,1,16,21,21,33,9,84,36,6,42,126
08/03/2021,AMA,TX,ASW,CE,Combined TRACON& Tower with Radar,23,19,7,4,53,0,1,12,5,18,23,20,19,9,71,0,0,0,71
08/04/2021,AMA,TX,ASW,CE,Combined TRACON& Tower with Radar,22,15,22,3,62,0,1,8,7,16,22,16,30,10,78,10,0,10,88
08/05/2021,AMA,TX,ASW,CE,Combined TRACON& Tower with Radar,21,20,35,0,76,0,2,13,1,16,21,22,48,1,92,0,0,0,92
08/06/2021,AMA,TX,ASW,CE,Combined TRACON& Tower with Radar,30,19,13,13,75,0,1,13,3,17,30,20,26,16,92,10,14,24,116
08/07/2021,AMA,TX,ASW,CE,Combined TRACON& Tower with Radar,17,14,5,0,36,0,0,6,0,6,17,14,11,0,42,0,0,0,42
08/08/2021,AMA,TX,ASW,CE,Combined TRACON& Tower with Radar,21,16,14,0,51,0,0,7,0,7,21,16,21,0,58,0,0,0,58
08/09/2021,AMA,TX,ASW,CE,Combined TRACON& Tower with Radar,20,14,16,2,52,0,0,8,4,12,20,14,24,6,64,6,4,10,74
08/10/2021,AMA,TX,ASW,CE,Combined TRACON& Tower with Radar,20,13,12,8,53,0,0,17,5,22,20,13,29,13,75,0,0,0,75
08/11/2021,AMA,TX,ASW,CE,Combined TRACON& Tower with Radar,22,17,14,4,57,0,1,5,1,7,22,18,19,5,64,12,24,36,100
08/12/2021,AMA,TX,ASW,CE,Combined TRACON& Tower with Radar,23,16,25,0,64,0,0,14,2,16,23,16,39,2,80,20,0,20,100
08/13/2021,AMA,TX,ASW,CE,Combined TRACON& Tower with Radar,24,16,13,11,64,0,0,6,2,8,24,16,19,13,72,0,0,0,72
08/14/2021,AMA,TX,ASW,CE,Combined TRACON& Tower with Radar,16,12,17,0,45,0,0,6,0,6,16,12,23,0,51,0,0,0,51
08/15/2021,AMA,TX,ASW,CE,Combined TRACON& Tower with Radar,18,12,20,4,54,0,0,10,0,10,18,12,30,4,64,0,0,0,64
08/16/2021,AMA,TX,ASW,CE,Combined TRACON& Tower with Radar,22,16,24,2,64,0,0,5,0,5,22,16,29,2,69,0,0,0,69
08/17/2021,AMA,TX,ASW,CE,Combined TRACON& Tower with Radar,14,18,24,34,90,0,1,25,4,30,14,19,49,38,120,16,6,22,142
08/18/2021,AMA,TX,ASW,CE,Combined TRACON& Tower with Radar,18,15,26,21,80,0,0,8,4,12,18,15,34,25,92,20,0,20,112
08/19/2021,AMA,TX,ASW,CE,Combined TRACON& Tower with Radar,30,16,56,16,118,0,0,7,0,7,30,16,63,16,125,8,18,26,151
08/20/2021,AMA,TX,ASW,CE,Combined TRACON& Tower with Radar,21,18,18,9,66,0,0,5,1,6,21,18,23,10,72,0,10,10,82
08/21/2021,AMA,TX,ASW,CE,Combined TRACON& Tower with Radar,19,17,14,2,52,0,6,24,0,30,19,23,38,2,82,14,0,14,96
08/22/2021,AMA,TX,ASW,CE,Combined TRACON& Tower with Radar,23,12,18,8,61,0,4,11,0,15,23,16,29,8,76,0,0,0,76
08/23/2021,AMA,TX,ASW,CE,Combined TRACON& Tower with Radar,23,21,23,9,76,0,1,3,2,6,23,22,26,11,82,0,6,6,88
08/24/2021,AMA,TX,ASW,CE,Combined TRACON& Tower with Radar,20,17,16,2,55,0,2,11,1,14,20,19,27,3,69,0,0,0,69
08/25/2021,AMA,TX,ASW,CE,Combined TRACON& Tower with Radar,24,19,25,3,71,0,1,14,5,20,24,20,39,8,91,0,0,0,91
08/26/2021,AMA,TX,ASW,CE,Combined TRACON& Tower with Radar,20,21,36,5,82,0,0,12,4,16,20,21,48,9,98,6,0,6,104
08/27/2021,AMA,TX,ASW,CE,Combined TRACON& Tower with Radar,20,19,25,54,118,0,5,11,0,16,20,24,36,54,134,8,8,16,150
08/28/2021,AMA,TX,ASW,CE,Combined TRACON& Tower with Radar,21,13,20,0,54,0,2,16,0,18,21,15,36,0,72,14,0,14,86
08/29/2021,AMA,TX,ASW,CE,Combined TRACON& Tower with Radar,21,15,30,10,76,0,0,7,2,9,21,15,37,12,85,0,0,0,85
08/30/2021,AMA,TX,ASW,CE,Combined TRACON& Tower with Radar,24,14,25,15,78,0,0,6,1,7,24,14,31,16,85,18,0,18,103
08/31/2021,AMA,TX,ASW,CE,Combined TRACON& Tower with Radar,22,15,35,10,82,0,1,25,3,29,22,16,60,13,111,0,4,4,115
09/01/2021,AMA,TX,ASW,CE,Combined TRACON& Tower with Radar,20,18,27,9,74,0,0,14,2,16,20,18,41,11,90,0,0,0,90
09/02/2021,AMA,TX,ASW,CE,Combined TRACON& Tower with Radar,23,17,30,2,72,0,1,11,9,21,23,18,41,11,93,2,18,20,113
09/03/2021,AMA,TX,ASW,CE,Combined TRACON& Tower with Radar,20,22,22,8,72,0,0,12,4,16,20,22,34,12,88,0,0,0,88
09/04/2021,AMA,TX,ASW,CE,Combined TRACON& Tower with Radar,20,13,19,3,55,0,1,3,3,7,20,14,22,6,62,0,0,0,62
09/05/2021,AMA,TX,ASW,CE,Combined TRACON& Tower with Radar,17,10,10,0,37,0,0,8,1,9,17,10,18,1,46,0,6,6,52
09/06/2021,AMA,TX,ASW,CE,Combined TRACON& Tower with Radar,19,11,13,0,43,0,0,24,1,25,19,11,37,1,68,6,0,6,74
09/07/2021,AMA,TX,ASW,CE,Combined TRACON& Tower with Radar,20,12,7,1,40,0,0,14,1,15,20,12,21,2,55,80,30,110,165
09/08/2021,AMA,TX,ASW,CE,Combined TRACON& Tower with Radar,21,19,19,10,69,0,0,11,6,17,21,19,30,16,86,22,0,22,108
09/09/2021,AMA,TX,ASW,CE,Combined TRACON& Tower with Radar,23,24,33,8,88,0,0,9,2,11,23,24,42,10,99,3,0,3,102
09/10/2021,AMA,TX,ASW,CE,Combined TRACON& Tower with Radar,21,24,9,29,83,0,0,6,0,6,21,24,15,29,89,16,4,20,109
09/11/2021,AMA,TX,ASW,CE,Combined TRACON& Tower with Radar,17,14,6,20,57,0,0,6,2,8,17,14,12,22,65,38,0,38,103
09/12/2021,AMA,TX,ASW,CE,Combined TRACON& Tower with Radar,23,20,10,7,60,0,0,9,1,10,23,20,19,8,70,8,0,8,78
09/13/2021,AMA,TX,ASW,CE,Combined TRACON& Tower with Radar,24,20,22,37,103,0,0,7,4,11,24,20,29,41,114,0,32,32,146
09/14/2021,AMA,TX,ASW,CE,Combined TRACON& Tower with Radar,20,19,22,21,82,0,0,28,2,30,20,19,50,23,112,0,22,22,134
09/15/2021,AMA,TX,ASW,CE,Combined TRACON& Tower with Radar,25,14,31,11,81,0,0,27,2,29,25,14,58,13,110,30,26,56,166
09/16/2021,AMA,TX,ASW,CE,Combined TRACON& Tower with Radar,25,15,20,21,81,0,0,13,0,13,25,15,33,21,94,0,0,0,94
09/17/2021,AMA,TX,ASW,CE,Combined TRACON& Tower with Radar,22,13,19,110,164,0,0,26,4,30,22,13,45,114,194,12,18,30,224
09/18/2021,AMA,TX,ASW,CE,Combined TRACON& Tower with Radar,17,11,11,14,53,0,0,19,1,20,17,11,30,15,73,4,0,4,77
09/19/2021,AMA,TX,ASW,CE,Combined TRACON& Tower with Radar,23,15,23,12,73,0,2,7,0,9,23,17,30,12,82,0,0,0,82
09/20/2021,AMA,TX,ASW,CE,Combined TRACON& Tower with Radar,27,18,17,19,81,0,0,9,5,14,27,18,26,24,95,0,4,4,99
09/21/2021,AMA,TX,ASW,CE,Combined TRACON& Tower with Radar,20,17,28,40,105,0,0,9,6,15,20,17,37,46,120,26,54,80,200
09/22/2021,AMA,TX,ASW,CE,Combined TRACON& Tower with Radar,21,9,15,34,79,0,0,6,3,9,21,9,21,37,88,26,16,42,130
09/23/2021,AMA,TX,ASW,CE,Combined TRACON& Tower with Radar,24,19,37,34,114,0,0,15,3,18,24,19,52,37,132,0,40,40,172
09/24/2021,AMA,TX,ASW,CE,Combined TRACON& Tower with Radar,23,15,30,37,105,0,0,14,2,16,23,15,44,39,121,0,20,20,141
09/25/2021,AMA,TX,ASW,CE,Combined TRACON& Tower with Radar,15,11,14,4,44,0,0,13,1,14,15,11,27,5,58,8,0,8,66
09/26/2021,AMA,TX,ASW,CE,Combined TRACON& Tower with Radar,23,14,28,8,73,0,0,10,0,10,23,14,38,8,83,6,0,6,89
09/27/2021,AMA,TX,ASW,CE,Combined TRACON& Tower with Radar,23,18,38,47,126,0,0,11,0,11,23,18,49,47,137,12,22,34,171
09/28/2021,AMA,TX,ASW,CE,Combined TRACON& Tower with Radar,24,16,26,24,90,0,2,8,3,13,24,18,34,27,103,4,24,28,131
09/29/2021,AMA,TX,ASW,CE,Combined TRACON& Tower with Radar,23,13,47,86,169,0,1,14,3,18,23,14,61,89,187,0,0,0,187
09/30/2021,AMA,TX,ASW,CE,Combined TRACON& Tower with Radar,23,17,33,30,103,0,0,4,0,4,23,17,37,30,107,0,0,0,107
10/01/2021,AMA,TX,ASW,CE,Combined TRACON& Tower with Radar,25,18,23,14,80,0,0,2,0,2,25,18,25,14,82,0,0,0,82
10/02/2021,AMA,TX,ASW,CE,Combined TRACON& Tower with Radar,15,15,17,8,55,0,0,10,4,14,15,15,27,12,69,0,0,0,69
10/03/2021,AMA,TX,ASW,CE,Combined TRACON& Tower with Radar,21,18,26,5,70,1,0,14,2,17,22,18,40,7,87,0,0,0,87
10/04/2021,AMA,TX,ASW,CE,Combined TRACON& Tower with Radar,23,24,47,34,128,0,2,17,4,23,23,26,64,38,151,66,0,66,217
10/05/2021,AMA,TX,ASW,CE,Combined TRACON& Tower with Radar,25,17,26,49,117,0,2,29,1,32,25,19,55,50,149,46,30,76,225
10/06/2021,AMA,TX,ASW,CE,Combined TRACON& Tower with Radar,23,18,52,48,141,0,3,24,0,27,23,21,76,48,168,12,10,22,190
10/07/2021,AMA,TX,ASW,CE,Combined TRACON& Tower with Radar,23,18,32,17,90,0,3,17,0,20,23,21,49,17,110,50,16,66,176
10/08/2021,AMA,TX,ASW,CE,Combined TRACON& Tower with Radar,25,16,17,23,81,0,0,12,0,12,25,16,29,23,93,10,20,30,123
10/09/2021,AMA,TX,ASW,CE,Combined TRACON& Tower with Radar,17,19,23,11,70,0,0,13,3,16,17,19,36,14,86,36,8,44,130
10/10/2021,AMA,TX,ASW,CE,Combined TRACON& Tower with Radar,14,8,9,1,32,0,0,2,0,2,14,8,11,1,34,0,0,0,34
10/11/2021,AMA,TX,ASW,CE,Combined TRACON& Tower with Radar,24,16,27,0,67,0,1,9,0,10,24,17,36,0,77,0,0,0,77
10/12/2021,AMA,TX,ASW,CE,Combined TRACON& Tower with Radar,22,21,15,29,87,0,0,4,3,7,22,21,19,32,94,16,14,30,124
10/13/2021,AMA,TX,ASW,CE,Combined TRACON& Tower with Radar,17,21,25,71,134,0,1,19,7,27,17,22,44,78,161,26,82,108,269
10/14/2021,AMA,TX,ASW,CE,Combined TRACON& Tower with Radar,24,24,44,75,167,0,1,26,9,36,24,25,70,84,203,30,0,30,233
10/15/2021,AMA,TX,ASW,CE,Combined TRACON& Tower with Radar,26,20,18,57,121,0,7,20,4,31,26,27,38,61,152,0,34,34,186
10/16/2021,AMA,TX,ASW,CE,Combined TRACON& Tower with Radar,17,16,10,43,86,0,1,16,5,22,17,17,26,48,108,38,34,72,180
10/17/2021,AMA,TX,ASW,CE,Combined TRACON& Tower with Radar,25,13,12,7,57,0,0,10,6,16,25,13,22,13,73,0,0,0,73
10/18/2021,AMA,TX,ASW,CE,Combined TRACON& Tower with Radar,22,17,13,11,63,0,0,5,1,6,22,17,18,12,69,2,10,12,81
10/19/2021,AMA,TX,ASW,CE,Combined TRACON& Tower with Radar,23,17,21,22,83,0,1,12,1,14,23,18,33,23,97,12,0,12,109
10/20/2021,AMA,TX,ASW,CE,Combined TRACON& Tower with Radar,24,11,25,42,102,0,1,17,2,20,24,12,42,44,122,78,20,98,220
10/21/2021,AMA,TX,ASW,CE,Combined TRACON& Tower with Radar,25,12,31,45,113,0,4,13,7,24,25,16,44,52,137,68,52,120,257
10/22/2021,AMA,TX,ASW,CE,Combined TRACON& Tower with Radar,24,12,29,50,115,0,4,6,6,16,24,16,35,56,131,32,16,48,179
10/23/2021,AMA,TX,ASW,CE,Combined TRACON& Tower with Radar,20,13,10,7,50,0,0,4,2,6,20,13,14,9,56,22,2,24,80
10/24/2021,AMA,TX,ASW,CE,Combined TRACON& Tower with Radar,25,10,20,15,70,0,0,8,5,13,25,10,28,20,83,0,4,4,87
10/25/2021,AMA,TX,ASW,CE,Combined TRACON& Tower with Radar,24,16,16,52,108,0,1,9,4,14,24,17,25,56,122,0,16,16,138
10/26/2021,AMA,TX,ASW,CE,Combined TRACON& Tower with Radar,23,19,29,41,112,0,0,10,1,11,23,19,39,42,123,0,8,8,131
10/27/2021,AMA,TX,ASW,CE,Combined TRACON& Tower with Radar,23,15,23,9,70,0,1,6,3,10,23,16,29,12,80,0,0,0,80
10/28/2021,AMA,TX,ASW,CE,Combined TRACON& Tower with Radar,23,16,24,6,69,0,1,3,0,4,23,17,27,6,73,0,0,0,73
10/29/2021,AMA,TX,ASW,CE,Combined TRACON& Tower with Radar,23,23,16,24,86,0,0,18,1,19,23,23,34,25,105,10,0,10,115
10/30/2021,AMA,TX,ASW,CE,Combined TRACON& Tower with Radar,14,18,7,0,39,0,2,14,0,16,14,20,21,0,55,62,0,62,117
10/31/2021,AMA,TX,ASW,CE,Combined TRACON& Tower with Radar,21,11,18,14,64,0,0,3,0,3,21,11,21,14,67,6,0,6,73
11/01/2021,AMA,TX,ASW,CE,Combined TRACON& Tower with Radar,23,13,30,43,109,0,0,6,2,8,23,13,36,45,117,8,28,36,153
11/02/2021,AMA,TX,ASW,CE,Combined TRACON& Tower with Radar,20,22,31,5,78,0,0,2,0,2,20,22,33,5,80,0,10,10,90
11/03/2021,AMA,TX,ASW,CE,Combined TRACON& Tower with Radar,21,14,28,57,120,0,0,9,1,10,21,14,37,58,130,12,82,94,224
11/04/2021,AMA,TX,ASW,CE,Combined TRACON& Tower with Radar,25,16,47,70,158,0,2,15,3,20,25,18,62,73,178,10,76,86,264
11/05/2021,AMA,TX,ASW,CE,Combined TRACON& Tower with Radar,20,18,17,99,154,0,1,12,4,17,20,19,29,103,171,14,26,40,211
11/06/2021,AMA,TX,ASW,CE,Combined TRACON& Tower with Radar,18,14,17,1,50,0,0,10,0,10,18,14,27,1,60,18,0,18,78
11/07/2021,AMA,TX,ASW,CE,Combined TRACON& Tower with Radar,23,13,25,30,91,0,0,13,2,15,23,13,38,32,106,10,4,14,120
11/08/2021,AMA,TX,ASW,CE,Combined TRACON& Tower with Radar,21,17,29,43,110,0,1,12,2,15,21,18,41,45,125,8,46,54,179
11/09/2021,AMA,TX,ASW,CE,Combined TRACON& Tower with Radar,16,16,48,13,93,0,2,10,7,19,16,18,58,20,112,14,4,18,130
11/10/2021,AMA,TX,ASW,CE,Combined TRACON& Tower with Radar,18,17,27,9,71,0,0,4,4,8,18,17,31,13,79,8,0,8,87
11/11/2021,AMA,TX,ASW,CE,Combined TRACON& Tower with Radar,26,13,26,1,66,0,0,12,4,16,26,13,38,5,82,26,6,32,114
11/12/2021,AMA,TX,ASW,CE,Combined TRACON& Tower with Radar,19,14,25,67,125,0,0,12,1,13,19,14,37,68,138,6,14,20,158
11/13/2021,AMA,TX,ASW,CE,Combined TRACON& Tower with Radar,16,16,19,11,62,0,0,14,3,17,16,16,33,14,79,12,14,26,105
11/14/2021,AMA,TX,ASW,CE,Combined TRACON& Tower with Radar,20,10,15,22,67,0,0,12,0,12,20,10,27,22,79,0,10,10,89
11/15/2021,AMA,TX,ASW,CE,Combined TRACON& Tower with Radar,16,11,17,22,66,0,5,15,2,22,16,16,32,24,88,4,0,4,92
11/16/2021,AMA,TX,ASW,CE,Combined TRACON& Tower with Radar,17,19,22,13,71,0,2,6,1,9,17,21,28,14,80,12,0,12,92
11/17/2021,AMA,TX,ASW,CE,Combined TRACON& Tower with Radar,29,22,25,24,100,0,0,10,1,11,29,22,35,25,111,0,58,58,169
11/18/2021,AMA,TX,ASW,CE,Combined TRACON& Tower with Radar,33,22,35,21,111,0,4,6,5,15,33,26,41,26,126,26,6,32,158
11/19/2021,AMA,TX,ASW,CE,Combined TRACON& Tower with Radar,18,18,23,51,110,0,2,6,3,11,18,20,29,54,121,10,0,10,131
11/20/2021,AMA,TX,ASW,CE,Combined TRACON& Tower with Radar,15,10,8,0,33,0,0,16,0,16,15,10,24,0,49,18,0,18,67
11/21/2021,AMA,TX,ASW,CE,Combined TRACON& Tower with Radar,25,13,12,17,67,0,0,9,1,10,25,13,21,18,77,4,10,14,91
11/22/2021,AMA,TX,ASW,CE,Combined TRACON& Tower with Radar,18,15,8,10,51,0,2,17,2,21,18,17,25,12,72,44,38,82,154
11/23/2021,AMA,TX,ASW,CE,Combined TRACON& Tower with Radar,24,16,18,15,73,0,2,6,1,9,24,18,24,16,82,0,38,38,120
11/24/2021,AMA,TX,ASW,CE,Combined TRACON& Tower with Radar,20,17,31,23,91,0,0,5,1,6,20,17,36,24,97,0,38,38,135
11/25/2021,AMA,TX,ASW,CE,Combined TRACON& Tower with Radar,13,12,4,0,29,0,0,5,0,5,13,12,9,0,34,0,0,0,34
11/26/2021,AMA,TX,ASW,CE,Combined TRACON& Tower with Radar,17,9,8,0,34,0,0,7,0,7,17,9,15,0,41,20,0,20,61
11/27/2021,AMA,TX,ASW,CE,Combined TRACON& Tower with Radar,22,19,19,0,60,0,1,3,0,4,22,20,22,0,64,36,0,36,100
11/28/2021,AMA,TX,ASW,CE,Combined TRACON& Tower with Radar,21,11,24,0,56,0,0,9,0,9,21,11,33,0,65,24,0,24,89
11/29/2021,AMA,TX,ASW,CE,Combined TRACON& Tower with Radar,18,18,16,39,91,0,0,6,1,7,18,18,22,40,98,24,4,28,126
11/30/2021,AMA,TX,ASW,CE,Combined TRACON& Tower with Radar,18,12,28,6,64,0,0,8,2,10,18,12,36,8,74,14,54,68,142
12/01/2021,AMA,TX,ASW,CE,Combined TRACON& Tower with Radar,20,20,21,15,76,0,1,5,5,11,20,21,26,20,87,0,22,22,109
12/02/2021,AMA,TX,ASW,CE,Combined TRACON& Tower with Radar,25,13,32,17,87,0,3,8,1,12,25,16,40,18,99,20,42,62,161
12/03/2021,AMA,TX,ASW,CE,Combined TRACON& Tower with Radar,19,15,12,89,135,0,1,11,8,20,19,16,23,97,155,48,82,130,285
12/04/2021,AMA,TX,ASW,CE,Combined TRACON& Tower with Radar,14,26,13,8,61,0,1,18,1,20,14,27,31,9,81,32,24,56,137
12/05/2021,AMA,TX,ASW,CE,Combined TRACON& Tower with Radar,22,14,24,22,82,0,1,10,0,11,22,15,34,22,93,40,0,40,133
12/06/2021,AMA,TX,ASW,CE,Combined TRACON& Tower with Radar,22,15,25,28,90,0,0,20,0,20,22,15,45,28,110,8,24,32,142
12/07/2021,AMA,TX,ASW,CE,Combined TRACON& Tower with Radar,16,17,40,17,90,0,0,25,1,26,16,17,65,18,116,6,8,14,130
12/08/2021,AMA,TX,ASW,CE,Combined TRACON& Tower with Radar,23,16,32,15,86,0,1,20,2,23,23,17,52,17,109,0,28,28,137
12/09/2021,AMA,TX,ASW,CE,Combined TRACON& Tower with Radar,25,16,58,13,112,0,0,13,1,14,25,16,71,14,126,0,144,144,270
12/10/2021,AMA,TX,ASW,CE,Combined TRACON& Tower with Radar,19,10,25,7,61,0,0,6,1,7,19,10,31,8,68,0,0,0,68
12/11/2021,AMA,TX,ASW,CE,Combined TRACON& Tower with Radar,12,12,16,13,53,0,0,13,1,14,12,12,29,14,67,2,4,6,73
12/12/2021,AMA,TX,ASW,CE,Combined TRACON& Tower with Radar,22,12,26,11,71,0,0,13,0,13,22,12,39,11,84,8,0,8,92
12/13/2021,AMA,TX,ASW,CE,Combined TRACON& Tower with Radar,20,16,33,10,79,0,0,13,5,18,20,16,46,15,97,0,0,0,97
12/14/2021,AMA,TX,ASW,CE,Combined TRACON& Tower with Radar,14,14,29,5,62,0,0,6,3,9,14,14,35,8,71,24,0,24,95
12/15/2021,AMA,TX,ASW,CE,Combined TRACON& Tower with Radar,10,8,8,2,28,0,0,0,1,1,10,8,8,3,29,0,0,0,29
12/16/2021,AMA,TX,ASW,CE,Combined TRACON& Tower with Radar,22,16,28,17,83,0,2,17,8,27,22,18,45,25,110,0,0,0,110
12/17/2021,AMA,TX,ASW,CE,Combined TRACON& Tower with Radar,12,16,23,6,57,0,0,15,1,16,12,16,38,7,73,0,0,0,73
12/18/2021,AMA,TX,ASW,CE,Combined TRACON& Tower with Radar,14,15,18,6,53,0,3,6,4,13,14,18,24,10,66,0,6,6,72
12/19/2021,AMA,TX,ASW,CE,Combined TRACON& Tower with Radar,26,13,15,15,69,0,1,6,6,13,26,14,21,21,82,46,34,80,162
12/20/2021,AMA,TX,ASW,CE,Combined TRACON& Tower with Radar,16,19,18,31,84,0,0,9,2,11,16,19,27,33,95,0,24,24,119
12/21/2021,AMA,TX,ASW,CE,Combined TRACON& Tower with Radar,14,18,20,18,70,0,2,17,0,19,14,20,37,18,89,16,24,40,129
12/22/2021,AMA,TX,ASW,CE,Combined TRACON& Tower with Radar,18,20,11,31,80,0,1,11,0,12,18,21,22,31,92,26,12,38,130
12/23/2021,AMA,TX,ASW,CE,Combined TRACON& Tower with Radar,21,19,11,0,51,0,0,5,0,5,21,19,16,0,56,0,0,0,56
12/24/2021,AMA,TX,ASW,CE,Combined TRACON& Tower with Radar,14,11,6,0,31,0,0,0,0,0,14,11,6,0,31,0,0,0,31
12/25/2021,AMA,TX,ASW,CE,Combined TRACON& Tower with Radar,9,15,5,0,29,0,0,1,0,1,9,15,6,0,30,0,0,0,30
12/26/2021,AMA,TX,ASW,CE,Combined TRACON& Tower with Radar,20,19,5,0,44,0,1,3,0,4,20,20,8,0,48,0,0,0,48
12/27/2021,AMA,TX,ASW,CE,Combined TRACON& Tower with Radar,18,18,20,0,56,0,2,7,1,10,18,20,27,1,66,0,0,0,66
12/28/2021,AMA,TX,ASW,CE,Combined TRACON& Tower with Radar,14,19,15,6,54,0,0,3,1,4,14,19,18,7,58,0,0,0,58
12/29/2021,AMA,TX,ASW,CE,Combined TRACON& Tower with Radar,15,18,14,2,49,0,1,7,0,8,15,19,21,2,57,0,0,0,57
12/30/2021,AMA,TX,ASW,CE,Combined TRACON& Tower with Radar,18,22,5,0,45,0,0,6,0,6,18,22,11,0,51,0,0,0,51
12/31/2021,AMA,TX,ASW,CE,Combined TRACON& Tower with Radar,14,21,8,0,43,0,0,7,0,7,14,21,15,0,50,0,0,0,50
01/01/2022,AMA,TX,ASW,CE,Combined TRACON& Tower with Radar,10,11,11,0,32,0,0,1,0,1,10,11,12,0,33,0,0,0,33
01/02/2022,AMA,TX,ASW,CE,Combined TRACON& Tower with Radar,18,16,17,0,51,0,0,8,0,8,18,16,25,0,59,0,0,0,59
01/03/2022,AMA,TX,ASW,CE,Combined TRACON& Tower with Radar,15,12,9,0,36,0,0,14,0,14,15,12,23,0,50,0,0,0,50
01/04/2022,AMA,TX,ASW,CE,Combined TRACON& Tower with Radar,17,12,26,7,62,0,0,14,1,15,17,12,40,8,77,4,0,4,81
01/05/2022,AMA,TX,ASW,CE,Combined TRACON& Tower with Radar,21,20,32,16,89,0,0,4,0,4,21,20,36,16,93,0,4,4,97
01/06/2022,AMA,TX,ASW,CE,Combined TRACON& Tower with Radar,22,16,10,9,57,0,2,5,0,7,22,18,15,9,64,0,0,0,64
01/07/2022,AMA,TX,ASW,CE,Combined TRACON& Tower with Radar,21,16,24,127,188,0,1,3,6,10,21,17,27,133,198,24,14,38,236
01/08/2022,AMA,TX,ASW,CE,Combined TRACON& Tower with Radar,15,11,14,46,86,0,0,3,1,4,15,11,17,47,90,4,14,18,108
01/09/2022,AMA,TX,ASW,CE,Combined TRACON& Tower with Radar,19,15,7,39,80,0,2,11,8,21,19,17,18,47,101,6,32,38,139
01/10/2022,AMA,TX,ASW,CE,Combined TRACON& Tower with Radar,22,18,7,28,75,0,0,13,2,15,22,18,20,30,90,0,22,22,112
01/11/2022,AMA,TX,ASW,CE,Combined TRACON& Tower with Radar,17,17,9,26,69,0,0,8,7,15,17,17,17,33,84,0,8,8,92
01/12/2022,AMA,TX,ASW,CE,Combined TRACON& Tower with Radar,20,12,16,34,82,0,0,13,4,17,20,12,29,38,99,14,14,28,127
01/13/2022,AMA,TX,ASW,CE,Combined TRACON& Tower with Radar,21,13,21,63,118,0,1,14,5,20,21,14,35,68,138,2,24,26,164
01/14/2022,AMA,TX,ASW,CE,Combined TRACON& Tower with Radar,19,11,15,4,49,0,0,8,0,8,19,11,23,4,57,0,0,0,57
01/15/2022,AMA,TX,ASW,CE,Combined TRACON& Tower with Radar,13,7,7,0,27,0,0,1,0,1,13,7,8,0,28,0,0,0,28
01/16/2022,AMA,TX,ASW,CE,Combined TRACON& Tower with Radar,19,10,7,3,39,0,0,8,0,8,19,10,15,3,47,0,0,0,47
01/17/2022,AMA,TX,ASW,CE,Combined TRACON& Tower with Radar,20,15,23,2,60,0,0,7,0,7,20,15,30,2,67,0,0,0,67
01/18/2022,AMA,TX,ASW,CE,Combined TRACON& Tower with Radar,17,17,38,36,108,0,0,18,5,23,17,17,56,41,131,4,28,32,163
01/19/2022,AMA,TX,ASW,CE,Combined TRACON& Tower with Radar,19,14,21,51,105,0,0,5,0,5,19,14,26,51,110,0,32,32,142
01/20/2022,AMA,TX,ASW,CE,Combined TRACON& Tower with Radar,21,15,23,1,60,0,0,6,0,6,21,15,29,1,66,0,0,0,66
01/21/2022,AMA,TX,ASW,CE,Combined TRACON& Tower with Radar,19,17,13,45,94,0,1,11,2,14,19,18,24,47,108,28,4,32,140
01/22/2022,AMA,TX,ASW,CE,Combined TRACON& Tower with Radar,15,12,36,36,99,0,0,10,3,13,15,12,46,39,112,34,30,64,176
01/23/2022,AMA,TX,ASW,CE,Combined TRACON& Tower with Radar,21,15,16,5,57,0,1,13,1,15,21,16,29,6,72,32,0,32,104
01/24/2022,AMA,TX,ASW,CE,Combined TRACON& Tower with Radar,20,16,31,45,112,0,0,17,5,22,20,16,48,50,134,0,34,34,168
01/25/2022,AMA,TX,ASW,CE,Combined TRACON& Tower with Radar,17,13,17,12,59,0,3,9,4,16,17,16,26,16,75,30,0,30,105
01/26/2022,AMA,TX,ASW,CE,Combined TRACON& Tower with Radar,13,11,11,0,35,0,0,0,0,0,13,11,11,0,35,0,0,0,35
01/27/2022,AMA,TX,ASW,CE,Combined TRACON& Tower with Radar,24,17,29,30,100,0,0,6,4,10,24,17,35,34,110,22,20,42,152
01/28/2022,AMA,TX,ASW,CE,Combined TRACON& Tower with Radar,18,14,18,10,60,0,1,9,3,13,18,15,27,13,73,64,0,64,137
01/29/2022,AMA,TX,ASW,CE,Combined TRACON& Tower with Radar,17,14,24,1,56,0,0,4,1,5,17,14,28,2,61,52,12,64,125
01/30/2022,AMA,TX,ASW,CE,Combined TRACON& Tower with Radar,21,9,9,0,39,0,0,6,4,10,21,9,15,4,49,38,4,42,91
01/31/2022,AMA,TX,ASW,CE,Combined TRACON& Tower with Radar,18,13,35,50,116,0,1,6,4,11,18,14,41,54,127,10,2,12,139
02/01/2022,AMA,TX,ASW,CE,Combined TRACON& Tower with Radar,16,20,16,31,83,0,0,5,6,11,16,20,21,37,94,8,16,24,118
02/02/2022,AMA,TX,ASW,CE,Combined TRACON& Tower with Radar,13,6,3,0,22,0,0,0,0,0,13,6,3,0,22,0,0,0,22
02/03/2022,AMA,TX,ASW,CE,Combined TRACON& Tower with Radar,2,6,4,0,12,0,0,0,0,0,2,6,4,0,12,0,0,0,12
02/04/2022,AMA,TX,ASW,CE,Combined TRACON& Tower with Radar,10,14,17,16,57,0,1,11,1,13,10,15,28,17,70,8,0,8,78
02/05/2022,AMA,TX,ASW,CE,Combined TRACON& Tower with Radar,12,9,9,8,38,0,1,9,3,13,12,10,18,11,51,14,0,14,65
02/06/2022,AMA,TX,ASW,CE,Combined TRACON& Tower with Radar,21,16,18,0,55,0,1,7,1,9,21,17,25,1,64,0,0,0,64
02/07/2022,AMA,TX,ASW,CE,Combined TRACON& Tower with Radar,23,11,9,20,63,0,0,9,2,11,23,11,18,22,74,4,10,14,88
02/08/2022,AMA,TX,ASW,CE,Combined TRACON& Tower with Radar,18,13,23,11,65,0,0,13,3,16,18,13,36,14,81,4,16,20,101
02/09/2022,AMA,TX,ASW,CE,Combined TRACON& Tower with Radar,21,12,16,30,79,0,0,14,7,21,21,12,30,37,100,12,16,28,128
02/10/2022,AMA,TX,ASW,CE,Combined TRACON& Tower with Radar,21,27,17,24,89,0,4,24,1,29,21,31,41,25,118,38,8,46,164
02/11/2022,AMA,TX,ASW,CE,Combined TRACON& Tower with Radar,20,16,13,6,55,0,0,1,5,6,20,16,14,11,61,2,0,2,63
02/12/2022,AMA,TX,ASW,CE,Combined TRACON& Tower with Radar,13,12,9,14,48,0,1,11,1,13,13,13,20,15,61,36,0,36,97
02/13/2022,AMA,TX,ASW,CE,Combined TRACON& Tower with Radar,21,13,14,31,79,0,0,14,1,15,21,13,28,32,94,0,0,0,94
02/14/2022,AMA,TX,ASW,CE,Combined TRACON& Tower with Radar,20,22,15,15,72,0,1,21,1,23,20,23,36,16,95,8,0,8,103
02/15/2022,AMA,TX,ASW,CE,Combined TRACON& Tower with Radar,20,19,19,43,101,0,1,17,6,24,20,20,36,49,125,74,50,124,249
02/16/2022,AMA,TX,ASW,CE,Combined TRACON& Tower with Radar,18,20,46,50,134,0,1,2,0,3,18,21,48,50,137,12,72,84,221
02/17/2022,AMA,TX,ASW,CE,Combined TRACON& Tower with Radar,19,13,18,2,52,0,0,3,0,3,19,13,21,2,55,12,0,12,67
02/18/2022,AMA,TX,ASW,CE,Combined TRACON& Tower with Radar,21,13,11,55,100,0,0,14,5,19,21,13,25,60,119,28,36,64,183
02/19/2022,AMA,TX,ASW,CE,Combined TRACON& Tower with Radar,15,20,11,2,48,0,3,7,0,10,15,23,18,2,58,12,0,12,70
02/20/2022,AMA,TX,ASW,CE,Combined TRACON& Tower with Radar,20,11,13,0,44,0,0,9,0,9,20,11,22,0,53,0,0,0,53
02/21/2022,AMA,TX,ASW,CE,Combined TRACON& Tower with Radar,20,18,16,0,54,0,2,6,2,10,20,20,22,2,64,16,0,16,80
02/22/2022,AMA,TX,ASW,CE,Combined TRACON& Tower with Radar,21,18,58,78,175,0,0,8,4,12,21,18,66,82,187,0,52,52,239
02/23/2022,AMA,TX,ASW,CE,Combined TRACON& Tower with Radar,17,19,19,23,78,0,0,2,1,3,17,19,21,24,81,0,0,0,81
02/24/2022,AMA,TX,ASW,CE,Combined TRACON& Tower with Radar,12,18,24,21,75,0,2,2,1,5,12,20,26,22,80,0,18,18,98
02/25/2022,AMA,TX,ASW,CE,Combined TRACON& Tower with Radar,20,19,26,13,78,0,1,5,0,6,20,20,31,13,84,0,0,0,84
02/26/2022,AMA,TX,ASW,CE,Combined TRACON& Tower with Radar,14,14,13,7,48,0,3,13,1,17,14,17,26,8,65,10,0,10,75
02/27/2022,AMA,TX,ASW,CE,Combined TRACON& Tower with Radar,19,16,17,10,62,0,2,13,0,15,19,18,30,10,77,6,0,6,83
02/28/2022,AMA,TX,ASW,CE,Combined TRACON& Tower with Radar,21,13,15,30,79,0,0,20,2,22,21,13,35,32,101,2,4,6,107
03/01/2022,AMA,TX,ASW,CE,Combined TRACON& Tower with Radar,19,14,17,8,58,0,0,18,3,21,19,14,35,11,79,0,4,4,83
03/02/2022,AMA,TX,ASW,CE,Combined TRACON& Tower with Radar,20,24,10,7,61,0,0,14,2,16,20,24,24,9,77,10,0,10,87
03/03/2022,AMA,TX,ASW,CE,Combined TRACON& Tower with Radar,19,10,53,43,125,0,0,24,9,33,19,10,77,52,158,38,62,100,258
03/04/2022,AMA,TX,ASW,CE,Combined TRACON& Tower with Radar,16,11,26,30,83,0,0,2,5,7,16,11,28,35,90,10,26,36,126
03/05/2022,AMA,TX,ASW,CE,Combined TRACON& Tower with Radar,11,15,23,16,65,0,0,9,2,11,11,15,32,18,76,2,16,18,94
03/06/2022,AMA,TX,ASW,CE,Combined TRACON& Tower with Radar,15,19,26,0,60,0,0,4,1,5,15,19,30,1,65,20,0,20,85
03/07/2022,AMA,TX,ASW,CE,Combined TRACON& Tower with Radar,16,16,22,96,150,0,2,13,6,21,16,18,35,102,171,0,44,44,215
03/08/2022,AMA,TX,ASW,CE,Combined TRACON& Tower with Radar,16,19,18,69,122,0,0,19,2,21,16,19,37,71,143,16,22,38,181
03/09/2022,AMA,TX,ASW,CE,Combined TRACON& Tower with Radar,12,21,19,10,62,0,3,9,1,13,12,24,28,11,75,2,6,8,83
03/10/2022,AMA,TX,ASW,CE,Combined TRACON& Tower with Radar,19,19,42,5,85,0,0,1,1,2,19,19,43,6,87,6,0,6,93
03/11/2022,AMA,TX,ASW,CE,Combined TRACON& Tower with Radar,18,17,24,6,65,0,2,4,0,6,18,19,28,6,71,12,0,12,83
03/12/2022,AMA,TX,ASW,CE,Combined TRACON& Tower with Radar,14,15,19,4,52,0,0,11,1,12,14,15,30,5,64,0,0,0,64
03/13/2022,AMA,TX,ASW,CE,Combined TRACON& Tower with Radar,18,8,25,12,63,0,0,12,6,18,18,8,37,18,81,0,12,12,93
03/14/2022,AMA,TX,ASW,CE,Combined TRACON& Tower with Radar,24,10,26,39,99,0,0,8,9,17,24,10,34,48,116,12,50,62,178
03/15/2022,AMA,TX,ASW,CE,Combined TRACON& Tower with Radar,18,13,17,64,112,0,0,13,8,21,18,13,30,72,133,30,8,38,171
03/16/2022,AMA,TX,ASW,CE,Combined TRACON& Tower with Radar,14,16,31,28,89,0,0,9,2,11,14,16,40,30,100,26,24,50,150
03/17/2022,AMA,TX,ASW,CE,Combined TRACON& Tower with Radar,20,12,16,8,56,0,0,1,4,5,20,12,17,12,61,0,4,4,65
03/18/2022,AMA,TX,ASW,CE,Combined TRACON& Tower with Radar,22,9,19,64,114,0,0,7,7,14,22,9,26,71,128,8,56,64,192
03/19/2022,AMA,TX,ASW,CE,Combined TRACON& Tower with Radar,19,15,18,18,70,0,0,19,6,25,19,15,37,24,95,0,6,6,101
03/20/2022,AMA,TX,ASW,CE,Combined TRACON& Tower with Radar,16,9,9,4,38,0,0,1,2,3,16,9,10,6,41,0,0,0,41
03/21/2022,AMA,TX,ASW,CE,Combined TRACON& Tower with Radar,11,4,10,16,41,0,0,2,1,3,11,4,12,17,44,0,26,26,70
03/22/2022,AMA,TX,ASW,CE,Combined TRACON& Tower with Radar,18,16,14,9,57,0,0,1,0,1,18,16,15,9,58,0,0,0,58
03/23/2022,AMA,TX,ASW,CE,Combined TRACON& Tower with Radar,14,14,24,27,79,0,0,2,5,7,14,14,26,32,86,4,0,4,90
03/24/2022,AMA,TX,ASW,CE,Combined TRACON& Tower with Radar,19,16,36,88,159,0,0,13,8,21,19,16,49,96,180,30,30,60,240
03/25/2022,AMA,TX,ASW,CE,Combined TRACON& Tower with Radar,19,18,17,49,103,0,2,8,6,16,19,20,25,55,119,16,20,36,155
03/26/2022,AMA,TX,ASW,CE,Combined TRACON& Tower with Radar,13,10,8,7,38,0,4,15,2,21,13,14,23,9,59,16,0,16,75
03/27/2022,AMA,TX,ASW,CE,Combined TRACON& Tower with Radar,17,10,10,7,44,0,1,12,0,13,17,11,22,7,57,0,0,0,57
03/28/2022,AMA,TX,ASW,CE,Combined TRACON& Tower with Radar,18,23,23,15,79,0,0,14,1,15,18,23,37,16,94,26,8,34,128
03/29/2022,AMA,TX,ASW,CE,Combined TRACON& Tower with Radar,22,12,18,1,53,0,0,2,2,4,22,12,20,3,57,0,0,0,57
03/30/2022,AMA,TX,ASW,CE,Combined TRACON& Tower with Radar,14,17,10,36,77,0,0,3,0,3,14,17,13,36,80,0,28,28,108
03/31/2022,AMA,TX,ASW,CE,Combined TRACON& Tower with Radar,17,13,17,27,74,0,1,12,7,20,17,14,29,34,94,46,16,62,156
04/01/2022,AMA,TX,ASW,CE,Combined TRACON& Tower with Radar,17,15,19,6,57,0,3,9,0,12,17,18,28,6,69,0,0,0,69
04/02/2022,AMA,TX,ASW,CE,Combined TRACON& Tower with Radar,15,19,8,2,44,0,1,12,3,16,15,20,20,5,60,0,0,0,60
04/03/2022,AMA,TX,ASW,CE,Combined TRACON& Tower with Radar,19,13,15,0,47,0,2,1,1,4,19,15,16,1,51,0,0,0,51
04/04/2022,AMA,TX,ASW,CE,Combined TRACON& Tower with Radar,18,13,14,80,125,0,0,10,2,12,18,13,24,82,137,22,181,203,340
04/05/2022,AMA,TX,ASW,CE,Combined TRACON& Tower with Radar,21,12,26,27,86,0,0,9,2,11,21,12,35,29,97,14,66,80,177
04/06/2022,AMA,TX,ASW,CE,Combined TRACON& Tower with Radar,22,12,10,29,73,0,1,4,0,5,22,13,14,29,78,0,8,8,86
04/07/2022,AMA,TX,ASW,CE,Combined TRACON& Tower with Radar,25,17,30,6,78,0,4,18,0,22,25,21,48,6,100,0,2,2,102
04/08/2022,AMA,TX,ASW,CE,Combined TRACON& Tower with Radar,23,15,16,58,112,0,0,20,3,23,23,15,36,61,135,10,36,46,181
04/09/2022,AMA,TX,ASW,CE,Combined TRACON& Tower with Radar,18,12,12,0,42,0,0,4,1,5,18,12,16,1,47,0,0,0,47
04/10/2022,AMA,TX,ASW,CE,Combined TRACON& Tower with Radar,21,16,10,14,61,0,0,10,0,10,21,16,20,14,71,0,0,0,71
04/11/2022,AMA,TX,ASW,CE,Combined TRACON& Tower with Radar,23,13,18,50,104,0,0,11,3,14,23,13,29,53,118,0,12,12,130
04/12/2022,AMA,TX,ASW,CE,Combined TRACON& Tower with Radar,23,17,26,20,86,0,1,5,2,8,23,18,31,22,94,0,12,12,106
04/13/2022,AMA,TX,ASW,CE,Combined TRACON& Tower with Radar,23,26,24,42,115,0,3,5,2,10,23,29,29,44,125,0,36,36,161
04/14/2022,AMA,TX,ASW,CE,Combined TRACON& Tower with Radar,23,15,34,27,99,0,2,7,5,14,23,17,41,32,113,4,14,18,131
04/15/2022,AMA,TX,ASW,CE,Combined TRACON& Tower with Radar,21,16,10,59,106,0,0,6,5,11,21,16,16,64,117,10,12,22,139
04/16/2022,AMA,TX,ASW,CE,Combined TRACON& Tower with Radar,18,12,4,1,35,0,0,5,0,5,18,12,9,1,40,0,0,0,40
04/17/2022,AMA,TX,ASW,CE,Combined TRACON& Tower with Radar,23,9,4,3,39,0,0,2,0,2,23,9,6,3,41,0,0,0,41
04/18/2022,AMA,TX,ASW,CE,Combined TRACON& Tower with Radar,23,16,24,26,89,0,2,11,0,13,23,18,35,26,102,14,28,42,144
04/19/2022,AMA,TX,ASW,CE,Combined TRACON& Tower with Radar,21,12,18,14,65,0,1,6,0,7,21,13,24,14,72,0,0,0,72
04/20/2022,AMA,TX,ASW,CE,Combined TRACON& Tower with Radar,22,16,26,64,128,0,0,21,9,30,22,16,47,73,158,6,72,78,236
04/21/2022,AMA,TX,ASW,CE,Combined TRACON& Tower with Radar,22,17,21,64,124,0,0,11,21,32,22,17,32,85,156,24,30,54,210
04/22/2022,AMA,TX,ASW,CE,Combined TRACON& Tower with Radar,26,14,15,17,72,0,0,0,2,2,26,14,15,19,74,0,12,12,86
04/23/2022,AMA,TX,ASW,CE,Combined TRACON& Tower with Radar,21,14,8,2,45,0,6,7,5,18,21,20,15,7,63,16,0,16,79
04/24/2022,AMA,TX,ASW,CE,Combined TRACON& Tower with Radar,20,21,14,16,71,0,1,4,7,12,20,22,18,23,83,0,0,0,83
04/25/2022,AMA,TX,ASW,CE,Combined TRACON& Tower with Radar,23,11,25,20,79,0,0,10,2,12,23,11,35,22,91,0,0,0,91
04/26/2022,AMA,TX,ASW,CE,Combined TRACON& Tower with Radar,22,19,19,8,68,0,0,16,8,24,22,19,35,16,92,0,0,0,92
04/27/2022,AMA,TX,ASW,CE,Combined TRACON& Tower with Radar,27,18,17,2,64,0,3,10,1,14,27,21,27,3,78,0,8,8,86
04/28/2022,AMA,TX,ASW,CE,Combined TRACON& Tower with Radar,24,14,21,10,69,0,2,10,4,16,24,16,31,14,85,6,0,6,91
04/29/2022,AMA,TX,ASW,CE,Combined TRACON& Tower with Radar,28,12,13,10,63,0,0,4,2,6,28,12,17,12,69,0,0,0,69
04/30/2022,AMA,TX,ASW,CE,Combined TRACON& Tower with Radar,20,8,12,14,54,0,2,23,2,27,20,10,35,16,81,32,6,38,119
05/01/2022,AMA,TX,ASW,CE,Combined TRACON& Tower with Radar,22,6,18,3,49,0,0,3,1,4,22,6,21,4,53,44,0,44,97
05/02/2022,AMA,TX,ASW,CE,Combined TRACON& Tower with Radar,25,14,14,28,81,0,1,6,2,9,25,15,20,30,90,16,12,28,118
05/03/2022,AMA,TX,ASW,CE,Combined TRACON& Tower with Radar,23,12,30,44,109,0,2,15,3,20,23,14,45,47,129,80,26,106,235
05/04/2022,AMA,TX,ASW,CE,Combined TRACON& Tower with Radar,21,10,17,7,55,0,1,5,1,7,21,11,22,8,62,0,0,0,62
05/05/2022,AMA,TX,ASW,CE,Combined TRACON& Tower with Radar,27,7,19,93,146,0,0,14,3,17,27,7,33,96,163,2,44,46,209
05/06/2022,AMA,TX,ASW,CE,Combined TRACON& Tower with Radar,24,15,24,64,127,0,1,20,11,32,24,16,44,75,159,6,34,40,199
05/07/2022,AMA,TX,ASW,CE,Combined TRACON& Tower with Radar,22,8,10,2,42,0,1,15,6,22,22,9,25,8,64,0,0,0,64
05/08/2022,AMA,TX,ASW,CE,Combined TRACON& Tower with Radar,22,16,10,38,86,0,0,8,5,13,22,16,18,43,99,0,0,0,99
05/09/2022,AMA,TX,ASW,CE,Combined TRACON& Tower with Radar,21,15,20,10,66,0,0,1,4,5,21,15,21,14,71,0,0,0,71
05/10/2022,AMA,TX,ASW,CE,Combined TRACON& Tower with Radar,20,15,31,4,70,0,1,6,6,13,20,16,37,10,83,0,12,12,95
05/11/2022,AMA,TX,ASW,CE,Combined TRACON& Tower with Radar,18,13,22,11,64,0,1,10,5,16,18,14,32,16,80,30,0,30,110
05/12/2022,AMA,TX,ASW,CE,Combined TRACON& Tower with Radar,22,14,16,41,93,0,0,7,7,14,22,14,23,48,107,6,0,6,113
05/13/2022,AMA,TX,ASW,CE,Combined TRACON& Tower with Radar,24,16,30,18,88,0,2,13,6,21,24,18,43,24,109,24,58,82,191
05/14/2022,AMA,TX,ASW,CE,Combined TRACON& Tower with Radar,22,15,7,16,60,0,0,16,1,17,22,15,23,17,77,22,0,22,99
05/15/2022,AMA,TX,ASW,CE,Combined TRACON& Tower with Radar,20,6,9,7,42,0,0,8,2,10,20,6,17,9,52,0,0,0,52
05/16/2022,AMA,TX,ASW,CE,Combined TRACON& Tower with Radar,25,16,27,18,86,0,1,8,0,9,25,17,35,18,95,0,0,0,95
05/17/2022,AMA,TX,ASW,CE,Combined TRACON& Tower with Radar,19,14,10,19,62,0,0,7,3,10,19,14,17,22,72,4,0,4,76
05/18/2022,AMA,TX,ASW,CE,Combined TRACON& Tower with Radar,21,17,22,32,92,0,0,13,1,14,21,17,35,33,106,16,20,36,142
05/19/2022,AMA,TX,ASW,CE,Combined TRACON& Tower with Radar,20,16,20,30,86,0,14,18,4,36,20,30,38,34,122,4,30,34,156
05/20/2022,AMA,TX,ASW,CE,Combined TRACON& Tower with Radar,23,18,9,27,77,0,2,8,3,13,23,20,17,30,90,0,6,6,96
05/21/2022,AMA,TX,ASW,CE,Combined TRACON& Tower with Radar,20,12,21,2,55,0,0,6,1,7,20,12,27,3,62,0,0,0,62
05/22/2022,AMA,TX,ASW,CE,Combined TRACON& Tower with Radar,23,12,17,1,53,0,0,15,2,17,23,12,32,3,70,18,0,18,88
05/23/2022,AMA,TX,ASW,CE,Combined TRACON& Tower with Radar,23,11,13,6,53,0,0,5,3,8,23,11,18,9,61,0,0,0,61
05/24/2022,AMA,TX,ASW,CE,Combined TRACON& Tower with Radar,17,11,35,1,64,0,0,0,2,2,17,11,35,3,66,0,0,0,66
05/25/2022,AMA,TX,ASW,CE,Combined TRACON& Tower with Radar,18,26,23,64,131,0,0,9,5,14,18,26,32,69,145,38,62,100,245
05/26/2022,AMA,TX,ASW,CE,Combined TRACON& Tower with Radar,24,13,42,48,127,0,1,18,3,22,24,14,60,51,149,6,60,66,215
05/27/2022,AMA,TX,ASW,CE,Combined TRACON& Tower with Radar,28,12,18,7,65,0,0,5,3,8,28,12,23,10,73,0,0,0,73
05/28/2022,AMA,TX,ASW,CE,Combined TRACON& Tower with Radar,20,10,3,1,34,0,0,6,1,7,20,10,9,2,41,0,0,0,41
05/29/2022,AMA,TX,ASW,CE,Combined TRACON& Tower with Radar,24,15,10,0,49,0,3,13,2,18,24,18,23,2,67,0,0,0,67
05/30/2022,AMA,TX,ASW,CE,Combined TRACON& Tower with Radar,23,9,23,0,55,0,0,11,0,11,23,9,34,0,66,4,0,4,70
05/31/2022,AMA,TX,ASW,CE,Combined TRACON& Tower with Radar,20,14,22,22,78,0,0,11,1,12,20,14,33,23,90,6,20,26,116
06/01/2022,AMA,TX,ASW,CE,Combined TRACON& Tower with Radar,21,14,18,21,74,0,0,0,0,0,21,14,18,21,74,0,0,0,74
06/02/2022,AMA,TX,ASW,CE,Combined TRACON& Tower with Radar,23,14,23,12,72,0,0,4,0,4,23,14,27,12,76,0,0,0,76
06/03/2022,AMA,TX,ASW,CE,Combined TRACON& Tower with Radar,22,10,21,3,56,0,2,5,1,8,22,12,26,4,64,40,16,56,120
06/04/2022,AMA,TX,ASW,CE,Combined TRACON& Tower with Radar,19,12,16,4,51,0,3,6,0,9,19,15,22,4,60,12,0,12,72
06/05/2022,AMA,TX,ASW,CE,Combined TRACON& Tower with Radar,28,8,17,9,62,0,0,15,1,16,28,8,32,10,78,8,0,8,86
06/06/2022,AMA,TX,ASW,CE,Combined TRACON& Tower with Radar,25,11,18,20,74,0,2,12,2,16,25,13,30,22,90,22,24,46,136
06/07/2022,AMA,TX,ASW,CE,Combined TRACON& Tower with Radar,23,13,18,15,69,0,1,5,1,7,23,14,23,16,76,0,16,16,92
06/08/2022,AMA,TX,ASW,CE,Combined TRACON& Tower with Radar,23,15,22,14,74,0,0,9,0,9,23,15,31,14,83,0,4,4,87
06/09/2022,AMA,TX,ASW,CE,Combined TRACON& Tower with Radar,29,9,27,5,70,0,1,5,2,8,29,10,32,7,78,0,0,0,78
06/10/2022,AMA,TX,ASW,CE,Combined TRACON& Tower with Radar,25,13,37,32,107,0,0,17,9,26,25,13,54,41,133,50,0,50,183
06/11/2022,AMA,TX,ASW,CE,Combined TRACON& Tower with Radar,16,13,13,7,49,0,0,15,4,19,16,13,28,11,68,24,14,38,106
06/12/2022,AMA,TX,ASW,CE,Combined TRACON& Tower with Radar,27,14,31,14,86,0,0,7,6,13,27,14,38,20,99,0,0,0,99
06/13/2022,AMA,TX,ASW,CE,Combined TRACON& Tower with Radar,29,12,11,0,52,0,1,6,0,7,29,13,17,0,59,8,0,8,67
06/14/2022,AMA,TX,ASW,CE,Combined TRACON& Tower with Radar,28,12,24,15,79,0,0,3,10,13,28,12,27,25,92,0,46,46,138
06/15/2022,AMA,TX,ASW,CE,Combined TRACON& Tower with Radar,28,14,17,17,76,0,3,16,6,25,28,17,33,23,101,48,12,60,161
06/16/2022,AMA,TX,ASW,CE,Combined TRACON& Tower with Radar,27,22,26,12,87,0,1,16,1,18,27,23,42,13,105,0,6,6,111
06/17/2022,AMA,TX,ASW,CE,Combined TRACON& Tower with Radar,28,19,14,12,73,0,1,10,2,13,28,20,24,14,86,0,0,0,86
06/18/2022,AMA,TX,ASW,CE,Combined TRACON& Tower with Radar,20,11,6,24,61,0,0,7,1,8,20,11,13,25,69,22,0,22,91
06/19/2022,AMA,TX,ASW,CE,Combined TRACON& Tower with Radar,25,9,9,1,44,0,0,6,0,6,25,9,15,1,50,0,0,0,50
06/20/2022,AMA,TX,ASW,CE,Combined TRACON& Tower with Radar,26,17,6,1,50,0,1,10,2,13,26,18,16,3,63,0,0,0,63
06/21/2022,AMA,TX,ASW,CE,Combined TRACON& Tower with Radar,26,15,35,22,98,0,1,10,2,13,26,16,45,24,111,22,110,132,243
06/22/2022,AMA,TX,ASW,CE,Combined TRACON& Tower with Radar,26,14,22,9,71,0,0,8,0,8,26,14,30,9,79,0,18,18,97
06/23/2022,AMA,TX,ASW,CE,Combined TRACON& Tower with Radar,27,17,13,25,82,0,4,12,6,22,27,21,25,31,104,68,0,68,172
06/24/2022,AMA,TX,ASW,CE,Combined TRACON& Tower with Radar,26,14,15,26,81,0,2,16,1,19,26,16,31,27,100,58,12,70,170
06/25/2022,AMA,TX,ASW,CE,Combined TRACON& Tower with Radar,20,10,11,0,41,0,0,12,0,12,20,10,23,0,53,0,0,0,53
06/26/2022,AMA,TX,ASW,CE,Combined TRACON& Tower with Radar,24,16,13,0,53,0,0,4,0,4,24,16,17,0,57,0,0,0,57
06/27/2022,AMA,TX,ASW,CE,Combined TRACON& Tower with Radar,28,8,20,33,89,0,1,15,2,18,28,9,35,35,107,60,38,98,205
06/28/2022,AMA,TX,ASW,CE,Combined TRACON& Tower with Radar,26,14,32,20,92,0,0,8,3,11,26,14,40,23,103,38,0,38,141
06/29/2022,AMA,TX,ASW,CE,Combined TRACON& Tower with Radar,26,15,20,9,70,0,4,13,2,19,26,19,33,11,89,20,0,20,109
06/30/2022,AMA,TX,ASW,CE,Combined TRACON& Tower with Radar,28,16,19,29,92,0,0,16,4,20,28,16,35,33,112,28,40,68,180
07/01/2022,AMA,TX,ASW,CE,Combined TRACON& Tower with Radar,26,18,20,2,66,0,2,9,0,11,26,20,29,2,77,4,0,4,81
07/02/2022,AMA,TX,ASW,CE,Combined TRACON& Tower with Radar,20,13,13,4,50,0,0,7,0,7,20,13,20,4,57,0,0,0,57
07/03/2022,AMA,TX,ASW,CE,Combined TRACON& Tower with Radar,27,10,3,12,52,0,0,13,3,16,27,10,16,15,68,6,4,10,78
07/04/2022,AMA,TX,ASW,CE,Combined TRACON& Tower with Radar,24,8,9,0,41,0,0,8,1,9,24,8,17,1,50,0,0,0,50
07/05/2022,AMA,TX,ASW,CE,Combined TRACON& Tower with Radar,21,16,19,4,60,0,0,9,0,9,21,16,28,4,69,10,0,10,79
07/06/2022,AMA,TX,ASW,CE,Combined TRACON& Tower with Radar,24,17,16,0,57,0,2,9,1,12,24,19,25,1,69,22,0,22,91
07/07/2022,AMA,TX,ASW,CE,Combined TRACON& Tower with Radar,29,12,22,8,71,0,0,7,0,7,29,12,29,8,78,6,8,14,92
07/08/2022,AMA,TX,ASW,CE,Combined TRACON& Tower with Radar,25,18,13,4,60,0,1,8,0,9,25,19,21,4,69,0,14,14,83
07/09/2022,AMA,TX,ASW,CE,Combined TRACON& Tower with Radar,20,13,12,3,48,0,0,11,0,11,20,13,23,3,59,8,0,8,67
07/10/2022,AMA,TX,ASW,CE,Combined TRACON& Tower with Radar,27,15,9,4,55,0,0,8,0,8,27,15,17,4,63,26,0,26,89
07/11/2022,AMA,TX,ASW,CE,Combined TRACON& Tower with Radar,28,18,23,31,100,0,2,9,7,18,28,20,32,38,118,2,26,28,146
07/12/2022,AMA,TX,ASW,CE,Combined TRACON& Tower with Radar,22,8,14,23,67,0,0,6,0,6,22,8,20,23,73,18,20,38,111
07/13/2022,AMA,TX,ASW,CE,Combined TRACON& Tower with Radar,22,13,14,20,69,0,1,6,2,9,22,14,20,22,78,34,0,34,112
07/14/2022,AMA,TX,ASW,CE,Combined TRACON& Tower with Radar,34,19,10,13,76,0,2,13,3,18,34,21,23,16,94,12,0,12,106
07/15/2022,AMA,TX,ASW,CE,Combined TRACON& Tower with Radar,32,10,11,10,63,0,0,13,5,18,32,10,24,15,81,22,0,22,103
07/16/2022,AMA,TX,ASW,CE,Combined TRACON& Tower with Radar,17,15,10,24,66,0,0,9,3,12,17,15,19,27,78,16,8,24,102
07/17/2022,AMA,TX,ASW,CE,Combined TRACON& Tower with Radar,27,11,17,8,63,0,0,14,1,15,27,11,31,9,78,0,0,0,78
07/18/2022,AMA,TX,ASW,CE,Combined TRACON& Tower with Radar,26,14,18,16,74,0,1,11,2,14,26,15,29,18,88,0,12,12,100
07/19/2022,AMA,TX,ASW,CE,Combined TRACON& Tower with Radar,24,13,24,6,67,0,0,10,0,10,24,13,34,6,77,2,0,2,79
07/20/2022,AMA,TX,ASW,CE,Combined TRACON& Tower with Radar,19,18,25,8,70,0,1,12,1,14,19,19,37,9,84,8,12,20,104
07/21/2022,AMA,TX,ASW,CE,Combined TRACON& Tower with Radar,32,11,20,7,70,0,1,15,0,16,32,12,35,7,86,10,0,10,96
07/22/2022,AMA,TX,ASW,CE,Combined TRACON& Tower with Radar,26,15,21,11,73,0,0,20,2,22,26,15,41,13,95,10,2,12,107
07/23/2022,AMA,TX,ASW,CE,Combined TRACON& Tower with Radar,18,13,13,2,46,0,1,6,0,7,18,14,19,2,53,0,0,0,53
07/24/2022,AMA,TX,ASW,CE,Combined TRACON& Tower with Radar,29,11,12,0,52,0,2,13,0,15,29,13,25,0,67,8,0,8,75
07/25/2022,AMA,TX,ASW,CE,Combined TRACON& Tower with Radar,21,22,16,12,71,0,0,13,2,15,21,22,29,14,86,2,12,14,100
07/26/2022,AMA,TX,ASW,CE,Combined TRACON& Tower with Radar,20,28,28,21,97,0,0,11,2,13,20,28,39,23,110,0,16,16,126
07/27/2022,AMA,TX,ASW,CE,Combined TRACON& Tower with Radar,31,18,12,17,78,0,0,5,3,8,31,18,17,20,86,0,16,16,102
07/28/2022,AMA,TX,ASW,CE,Combined TRACON& Tower with Radar,29,14,16,5,64,0,0,8,0,8,29,14,24,5,72,10,0,10,82
07/29/2022,AMA,TX,ASW,CE,Combined TRACON& Tower with Radar,26,21,16,41,104,0,0,6,1,7,26,21,22,42,111,0,44,44,155
07/30/2022,AMA,TX,ASW,CE,Combined TRACON& Tower with Radar,16,17,14,0,47,0,0,3,2,5,16,17,17,2,52,12,0,12,64
07/31/2022,AMA,TX,ASW,CE,Combined TRACON& Tower with Radar,30,12,13,16,71,0,0,9,6,15,30,12,22,22,86,36,20,56,142
08/01/2022,AMA,TX,ASW,CE,Combined TRACON& Tower with Radar,26,11,17,14,68,0,0,11,5,16,26,11,28,19,84,0,26,26,110
08/02/2022,AMA,TX,ASW,CE,Combined TRACON& Tower with Radar,22,9,21,15,67,0,0,7,0,7,22,9,28,15,74,0,14,14,88
08/03/2022,AMA,TX,ASW,CE,Combined TRACON& Tower with Radar,22,8,17,14,61,0,0,11,0,11,22,8,28,14,72,4,8,12,84
08/04/2022,AMA,TX,ASW,CE,Combined TRACON& Tower with Radar,26,14,20,4,64,0,0,9,0,9,26,14,29,4,73,0,0,0,73
08/05/2022,AMA,TX,ASW,CE,Combined TRACON& Tower with Radar,23,10,15,50,98,0,0,9,5,14,23,10,24,55,112,4,4,8,120
08/06/2022,AMA,TX,ASW,CE,Combined TRACON& Tower with Radar,19,8,12,1,40,0,0,11,0,11,19,8,23,1,51,32,0,32,83
08/07/2022,AMA,TX,ASW,CE,Combined TRACON& Tower with Radar,29,25,18,9,81,0,0,6,1,7,29,25,24,10,88,6,0,6,94
08/08/2022,AMA,TX,ASW,CE,Combined TRACON& Tower with Radar,28,9,19,17,73,0,0,6,2,8,28,9,25,19,81,40,0,40,121
08/09/2022,AMA,TX,ASW,CE,Combined TRACON& Tower with Radar,23,11,17,16,67,0,0,15,3,18,23,11,32,19,85,14,20,34,119
08/10/2022,AMA,TX,ASW,CE,Combined TRACON& Tower with Radar,23,18,12,3,56,0,0,4,2,6,23,18,16,5,62,16,0,16,78
08/11/2022,AMA,TX,ASW,CE,Combined TRACON& Tower with Radar,28,11,12,8,59,0,1,7,8,16,28,12,19,16,75,20,4,24,99
08/12/2022,AMA,TX,ASW,CE,Combined TRACON& Tower with Radar,31,12,14,91,148,0,0,7,2,9,31,12,21,93,157,12,10,22,179
08/13/2022,AMA,TX,ASW,CE,Combined TRACON& Tower with Radar,17,13,9,10,49,0,0,8,6,14,17,13,17,16,63,0,0,0,63
08/14/2022,AMA,TX,ASW,CE,Combined TRACON& Tower with Radar,27,7,19,13,66,0,3,4,2,9,27,10,23,15,75,0,0,0,75
08/15/2022,AMA,TX,ASW,CE,Combined TRACON& Tower with Radar,27,12,20,33,92,0,0,4,1,5,27,12,24,34,97,8,64,72,169
08/16/2022,AMA,TX,ASW,CE,Combined TRACON& Tower with Radar,26,11,16,32,85,0,0,7,3,10,26,11,23,35,95,0,34,34,129
08/17/2022,AMA,TX,ASW,CE,Combined TRACON& Tower with Radar,24,8,28,36,96,0,0,8,2,10,24,8,36,38,106,4,36,40,146
08/18/2022,AMA,TX,ASW,CE,Combined TRACON& Tower with Radar,26,11,31,23,91,0,3,5,1,9,26,14,36,24,100,12,50,62,162
08/19/2022,AMA,TX,ASW,CE,Combined TRACON& Tower with Radar,23,10,18,64,115,0,4,8,8,20,23,14,26,72,135,2,22,24,159
08/20/2022,AMA,TX,ASW,CE,Combined TRACON& Tower with Radar,18,10,4,2,34,0,0,1,0,1,18,10,5,2,35,0,0,0,35
08/21/2022,AMA,TX,ASW,CE,Combined TRACON& Tower with Radar,27,12,11,0,50,0,0,0,0,0,27,12,11,0,50,0,0,0,50
08/22/2022,AMA,TX,ASW,CE,Combined TRACON& Tower with Radar,19,18,28,17,82,0,0,8,0,8,19,18,36,17,90,0,30,30,120
08/23/2022,AMA,TX,ASW,CE,Combined TRACON& Tower with Radar,26,12,10,9,57,0,3,14,2,19,26,15,24,11,76,6,4,10,86
08/24/2022,AMA,TX,ASW,CE,Combined TRACON& Tower with Radar,25,15,16,17,73,0,2,10,5,17,25,17,26,22,90,2,6,8,98
08/25/2022,AMA,TX,ASW,CE,Combined TRACON& Tower with Radar,31,17,26,33,107,0,0,6,0,6,31,17,32,33,113,0,24,24,137
08/26/2022,AMA,TX,ASW,CE,Combined TRACON& Tower with Radar,22,16,23,23,84,0,0,7,0,7,22,16,30,23,91,16,22,38,129
08/27/2022,AMA,TX,ASW,CE,Combined TRACON& Tower with Radar,16,10,6,0,32,0,2,7,0,9,16,12,13,0,41,12,0,12,53
08/28/2022,AMA,TX,ASW,CE,Combined TRACON& Tower with Radar,25,11,13,1,50,0,1,6,1,8,25,12,19,2,58,0,0,0,58
08/29/2022,AMA,TX,ASW,CE,Combined TRACON& Tower with Radar,24,11,17,17,69,0,0,4,0,4,24,11,21,17,73,42,34,76,149
08/30/2022,AMA,TX,ASW,CE,Combined TRACON& Tower with Radar,33,12,13,19,77,0,4,21,1,26,33,16,34,20,103,16,20,36,139
08/31/2022,AMA,TX,ASW,CE,Combined TRACON& Tower with Radar,26,13,39,20,98,0,0,19,14,33,26,13,58,34,131,48,4,52,183
09/01/2022,AMA,TX,ASW,CE,Combined TRACON& Tower with Radar,23,16,28,50,117,0,0,12,7,19,23,16,40,57,136,22,112,134,270
09/02/2022,AMA,TX,ASW,CE,Combined TRACON& Tower with Radar,26,16,27,6,75,0,0,8,6,14,26,16,35,12,89,6,12,18,107
09/03/2022,AMA,TX,ASW,CE,Combined TRACON& Tower with Radar,18,17,14,0,49,0,3,10,0,13,18,20,24,0,62,8,0,8,70
09/04/2022,AMA,TX,ASW,CE,Combined TRACON& Tower with Radar,21,17,10,1,49,1,3,10,0,14,22,20,20,1,63,0,0,0,63
09/05/2022,AMA,TX,ASW,CE,Combined TRACON& Tower with Radar,23,8,12,0,43,0,2,5,0,7,23,10,17,0,50,0,0,0,50
09/06/2022,AMA,TX,ASW,CE,Combined TRACON& Tower with Radar,25,17,29,35,106,0,0,14,0,14,25,17,43,35,120,8,44,52,172
09/07/2022,AMA,TX,ASW,CE,Combined TRACON& Tower with Radar,26,11,34,30,101,0,0,11,2,13,26,11,45,32,114,0,14,14,128
09/08/2022,AMA,TX,ASW,CE,Combined TRACON& Tower with Radar,29,13,22,22,86,0,0,9,8,17,29,13,31,30,103,0,60,60,163
09/09/2022,AMA,TX,ASW,CE,Combined TRACON& Tower with Radar,28,17,22,41,108,0,2,8,4,14,28,19,30,45,122,0,52,52,174
09/10/2022,AMA,TX,ASW,CE,Combined TRACON& Tower with Radar,23,10,13,1,47,0,0,8,4,12,23,10,21,5,59,10,0,10,69
09/11/2022,AMA,TX,ASW,CE,Combined TRACON& Tower with Radar,26,9,26,5,66,0,0,4,2,6,26,9,30,7,72,0,4,4,76
09/12/2022,AMA,TX,ASW,CE,Combined TRACON& Tower with Radar,30,11,28,32,101,0,1,11,3,15,30,12,39,35,116,4,16,20,136
09/13/2022,AMA,TX,ASW,CE,Combined TRACON& Tower with Radar,24,17,15,20,76,0,3,5,1,9,24,20,20,21,85,4,4,8,93
09/14/2022,AMA,TX,ASW,CE,Combined TRACON& Tower with Radar,30,12,26,8,76,0,0,12,3,15,30,12,38,11,91,10,0,10,101
09/15/2022,AMA,TX,ASW,CE,Combined TRACON& Tower with Radar,30,16,15,0,61,0,0,5,2,7,30,16,20,2,68,42,0,42,110
09/16/2022,AMA,TX,ASW,CE,Combined TRACON& Tower with Radar,30,13,28,2,73,0,0,8,2,10,30,13,36,4,83,28,14,42,125
09/17/2022,AMA,TX,ASW,CE,Combined TRACON& Tower with Radar,22,13,7,0,42,0,0,6,0,6,22,13,13,0,48,2,0,2,50
09/18/2022,AMA,TX,ASW,CE,Combined TRACON& Tower with Radar,28,6,21,8,63,0,0,9,1,10,28,6,30,9,73,14,0,14,87
09/19/2022,AMA,TX,ASW,CE,Combined TRACON& Tower with Radar,28,17,13,25,83,0,1,12,6,19,28,18,25,31,102,8,6,14,116
09/20/2022,AMA,TX,ASW,CE,Combined TRACON& Tower with Radar,24,15,29,5,73,0,2,10,1,13,24,17,39,6,86,8,6,14,100
09/21/2022,AMA,TX,ASW,CE,Combined TRACON& Tower with Radar,29,11,27,26,93,0,0,12,4,16,29,11,39,30,109,4,24,28,137
09/22/2022,AMA,TX,ASW,CE,Combined TRACON& Tower with Radar,28,23,35,40,126,0,0,12,5,17,28,23,47,45,143,6,0,6,149
09/23/2022,AMA,TX,ASW,CE,Combined TRACON& Tower with Radar,28,14,46,13,101,0,1,14,10,25,28,15,60,23,126,14,14,28,154
09/24/2022,AMA,TX,ASW,CE,Combined TRACON& Tower with Radar,24,13,4,7,48,0,4,8,3,15,24,17,12,10,63,0,4,4,67
09/25/2022,AMA,TX,ASW,CE,Combined TRACON& Tower with Radar,27,8,8,28,71,0,0,7,4,11,27,8,15,32,82,6,0,6,88
09/26/2022,AMA,TX,ASW,CE,Combined TRACON& Tower with Radar,30,15,10,23,78,0,0,9,0,9,30,15,19,23,87,0,28,28,115
09/27/2022,AMA,TX,ASW,CE,Combined TRACON& Tower with Radar,25,18,21,14,78,0,0,9,1,10,25,18,30,15,88,0,36,36,124
09/28/2022,AMA,TX,ASW,CE,Combined TRACON& Tower with Radar,27,21,23,25,96,0,6,11,5,22,27,27,34,30,118,12,16,28,146
09/29/2022,AMA,TX,ASW,CE,Combined TRACON& Tower with Radar,30,21,20,2,73,0,0,10,0,10,30,21,30,2,83,0,0,0,83
09/30/2022,AMA,TX,ASW,CE,Combined TRACON& Tower with Radar,40,11,17,6,74,0,0,10,1,11,40,11,27,7,85,2,0,2,87
10/01/2022,AMA,TX,ASW,CE,Combined TRACON& Tower with Radar,24,14,5,7,50,0,0,17,4,21,24,14,22,11,71,0,6,6,77
10/02/2022,AMA,TX,ASW,CE,Combined TRACON& Tower with Radar,28,15,14,4,61,0,0,4,0,4,28,15,18,4,65,0,0,0,65
10/03/2022,AMA,TX,ASW,CE,Combined TRACON& Tower with Radar,30,18,11,10,69,0,1,3,0,4,30,19,14,10,73,0,0,0,73
10/04/2022,AMA,TX,ASW,CE,Combined TRACON& Tower with Radar,24,21,14,28,87,0,0,3,0,3,24,21,17,28,90,0,0,0,90
10/05/2022,AMA,TX,ASW,CE,Combined TRACON& Tower with Radar,26,15,11,15,67,0,0,2,1,3,26,15,13,16,70,0,0,0,70
10/06/2022,AMA,TX,ASW,CE,Combined TRACON& Tower with Radar,26,14,21,37,98,0,0,6,2,8,26,14,27,39,106,8,0,8,114
10/07/2022,AMA,TX,ASW,CE,Combined TRACON& Tower with Radar,27,15,20,7,69,0,0,2,2,4,27,15,22,9,73,0,0,0,73
10/08/2022,AMA,TX,ASW,CE,Combined TRACON& Tower with Radar,25,13,28,1,67,0,0,1,2,3,25,13,29,3,70,0,0,0,70
10/09/2022,AMA,TX,ASW,CE,Combined TRACON& Tower with Radar,27,13,7,2,49,0,2,8,3,13,27,15,15,5,62,0,0,0,62
10/10/2022,AMA,TX,ASW,CE,Combined TRACON& Tower with Radar,27,13,25,0,65,0,0,5,1,6,27,13,30,1,71,0,0,0,71
10/11/2022,AMA,TX,ASW,CE,Combined TRACON& Tower with Radar,28,12,20,47,107,0,0,12,4,16,28,12,32,51,123,22,104,126,249
10/12/2022,AMA,TX,ASW,CE,Combined TRACON& Tower with Radar,28,11,25,32,96,0,0,13,6,19,28,11,38,38,115,0,0,0,115
10/13/2022,AMA,TX,ASW,CE,Combined TRACON& Tower with Radar,27,15,19,21,82,0,1,4,2,7,27,16,23,23,89,0,0,0,89
10/14/2022,AMA,TX,ASW,CE,Combined TRACON& Tower with Radar,29,14,28,57,128,0,1,8,12,21,29,15,36,69,149,8,38,46,195
10/15/2022,AMA,TX,ASW,CE,Combined TRACON& Tower with Radar,25,10,14,2,51,0,0,6,2,8,25,10,20,4,59,2,30,32,91
10/16/2022,AMA,TX,ASW,CE,Combined TRACON& Tower with Radar,26,9,12,0,47,0,0,0,1,1,26,9,12,1,48,0,0,0,48
10/17/2022,AMA,TX,ASW,CE,Combined TRACON& Tower with Radar,28,12,15,13,68,0,2,3,8,13,28,14,18,21,81,14,0,14,95
10/18/2022,AMA,TX,ASW,CE,Combined TRACON& Tower with Radar,28,15,14,37,94,0,2,9,6,17,28,17,23,43,111,10,0,10,121
10/19/2022,AMA,TX,ASW,CE,Combined TRACON& Tower with Radar,26,14,18,24,82,0,2,24,3,29,26,16,42,27,111,8,6,14,125
10/20/2022,AMA,TX,ASW,CE,Combined TRACON& Tower with Radar,26,11,22,18,77,0,2,14,0,16,26,13,36,18,93,0,24,24,117
10/21/2022,AMA,TX,ASW,CE,Combined TRACON& Tower with Radar,33,13,33,58,137,0,0,17,4,21,33,13,50,62,158,0,0,0,158
10/22/2022,AMA,TX,ASW,CE,Combined TRACON& Tower with Radar,26,19,9,15,69,0,2,5,2,9,26,21,14,17,78,0,0,0,78
10/23/2022,AMA,TX,ASW,CE,Combined TRACON& Tower with Radar,25,11,20,19,75,0,1,6,3,10,25,12,26,22,85,6,0,6,91
10/24/2022,AMA,TX,ASW,CE,Combined TRACON& Tower with Radar,27,11,7,7,52,0,0,2,1,3,27,11,9,8,55,0,8,8,63
10/25/2022,AMA,TX,ASW,CE,Combined TRACON& Tower with Radar,26,17,18,42,103,0,2,15,7,24,26,19,33,49,127,10,36,46,173
10/26/2022,AMA,TX,ASW,CE,Combined TRACON& Tower with Radar,28,12,12,12,64,0,0,4,7,11,28,12,16,19,75,12,0,12,87
10/27/2022,AMA,TX,ASW,CE,Combined TRACON& Tower with Radar,29,20,21,29,99,0,0,3,6,9,29,20,24,35,108,2,12,14,122
10/28/2022,AMA,TX,ASW,CE,Combined TRACON& Tower with Radar,22,16,34,16,88,0,1,5,0,6,22,17,39,16,94,0,44,44,138
10/29/2022,AMA,TX,ASW,CE,Combined TRACON& Tower with Radar,25,12,14,30,81,0,0,8,0,8,25,12,22,30,89,12,18,30,119
10/30/2022,AMA,TX,ASW,CE,Combined TRACON& Tower with Radar,24,14,19,43,100,0,0,11,0,11,24,14,30,43,111,10,6,16,127
10/31/2022,AMA,TX,ASW,CE,Combined TRACON& Tower with Radar,27,11,10,17,65,0,0,15,4,19,27,11,25,21,84,6,8,14,98
11/01/2022,AMA,TX,ASW,CE,Combined TRACON& Tower with Radar,27,15,18,25,85,0,0,12,2,14,27,15,30,27,99,0,68,68,167
11/02/2022,AMA,TX,ASW,CE,Combined TRACON& Tower with Radar,26,20,32,31,109,0,0,13,5,18,26,20,45,36,127,0,42,42,169
11/03/2022,AMA,TX,ASW,CE,Combined TRACON& Tower with Radar,24,14,71,44,153,0,0,6,4,10,24,14,77,48,163,6,90,96,259
11/04/2022,AMA,TX,ASW,CE,Combined TRACON& Tower with Radar,16,19,19,3,57,0,0,2,1,3,16,19,21,4,60,0,0,0,60
11/05/2022,AMA,TX,ASW,CE,Combined TRACON& Tower with Radar,23,15,13,10,61,0,1,6,4,11,23,16,19,14,72,4,0,4,76
11/06/2022,AMA,TX,ASW,CE,Combined TRACON& Tower with Radar,27,18,19,11,75,0,2,8,2,12,27,20,27,13,87,16,0,16,103
11/07/2022,AMA,TX,ASW,CE,Combined TRACON& Tower with Radar,24,15,11,62,112,0,0,6,3,9,24,15,17,65,121,0,160,160,281
11/08/2022,AMA,TX,ASW,CE,Combined TRACON& Tower with Radar,23,23,28,14,88,0,0,3,10,13,23,23,31,24,101,4,16,20,121
11/09/2022,AMA,TX,ASW,CE,Combined TRACON& Tower with Radar,21,13,20,28,82,0,0,6,2,8,21,13,26,30,90,0,86,86,176
11/10/2022,AMA,TX,ASW,CE,Combined TRACON& Tower with Radar,23,23,43,38,127,0,0,11,6,17,23,23,54,44,144,0,0,0,144
11/11/2022,AMA,TX,ASW,CE,Combined TRACON& Tower with Radar,29,13,16,0,58,0,0,13,2,15,29,13,29,2,73,0,0,0,73
11/12/2022,AMA,TX,ASW,CE,Combined TRACON& Tower with Radar,18,9,13,0,40,0,6,9,2,17,18,15,22,2,57,0,0,0,57
11/13/2022,AMA,TX,ASW,CE,Combined TRACON& Tower with Radar,25,11,17,2,55,0,1,8,2,11,25,12,25,4,66,0,0,0,66
11/14/2022,AMA,TX,ASW,CE,Combined TRACON& Tower with Radar,25,23,18,2,68,0,0,2,0,2,25,23,20,2,70,0,0,0,70
11/15/2022,AMA,TX,ASW,CE,Combined TRACON& Tower with Radar,23,14,21,46,104,0,0,10,4,14,23,14,31,50,118,6,14,20,138
11/16/2022,AMA,TX,ASW,CE,Combined TRACON& Tower with Radar,22,13,39,7,81,0,0,15,1,16,22,13,54,8,97,8,20,28,125
11/17/2022,AMA,TX,ASW,CE,Combined TRACON& Tower with Radar,24,16,20,40,100,0,0,4,5,9,24,16,24,45,109,8,8,16,125
11/18/2022,AMA,TX,ASW,CE,Combined TRACON& Tower with Radar,24,16,24,18,82,0,0,6,3,9,24,16,30,21,91,4,0,4,95
11/19/2022,AMA,TX,ASW,CE,Combined TRACON& Tower with Radar,18,14,8,6,46,0,1,8,3,12,18,15,16,9,58,4,0,4,62
11/20/2022,AMA,TX,ASW,CE,Combined TRACON& Tower with Radar,25,12,19,33,89,0,0,7,9,16,25,12,26,42,105,18,0,18,123
11/21/2022,AMA,TX,ASW,CE,Combined TRACON& Tower with Radar,23,22,21,66,132,0,0,8,6,14,23,22,29,72,146,8,52,60,206
11/22/2022,AMA,TX,ASW,CE,Combined TRACON& Tower with Radar,23,13,6,18,60,0,0,11,2,13,23,13,17,20,73,0,20,20,93
11/23/2022,AMA,TX,ASW,CE,Combined TRACON& Tower with Radar,22,21,18,21,82,0,0,7,8,15,22,21,25,29,97,2,68,70,167
11/24/2022,AMA,TX,ASW,CE,Combined TRACON& Tower with Radar,19,9,2,0,30,0,0,3,0,3,19,9,5,0,33,0,0,0,33
11/25/2022,AMA,TX,ASW,CE,Combined TRACON& Tower with Radar,23,16,5,0,44,0,0,7,0,7,23,16,12,0,51,0,0,0,51
11/26/2022,AMA,TX,ASW,CE,Combined TRACON& Tower with Radar,20,13,13,4,50,0,1,1,0,2,20,14,14,4,52,0,0,0,52
11/27/2022,AMA,TX,ASW,CE,Combined TRACON& Tower with Radar,23,9,18,0,50,0,0,10,0,10,23,9,28,0,60,10,0,10,70
11/28/2022,AMA,TX,ASW,CE,Combined TRACON& Tower with Radar,23,17,24,32,96,0,0,4,2,6,23,17,28,34,102,0,0,0,102
11/29/2022,AMA,TX,ASW,CE,Combined TRACON& Tower with Radar,23,14,15,22,74,0,0,7,2,9,23,14,22,24,83,0,44,44,127
11/30/2022,AMA,TX,ASW,CE,Combined TRACON& Tower with Radar,23,14,19,38,94,0,1,9,2,12,23,15,28,40,106,0,36,36,142
12/01/2022,AMA,TX,ASW,CE,Combined TRACON& Tower with Radar,21,15,19,14,69,0,0,6,1,7,21,15,25,15,76,0,16,16,92
12/02/2022,AMA,TX,ASW,CE,Combined TRACON& Tower with Radar,23,12,17,19,71,0,1,1,3,5,23,13,18,22,76,34,12,46,122
12/03/2022,AMA,TX,ASW,CE,Combined TRACON& Tower with Radar,19,15,11,5,50,0,3,9,0,12,19,18,20,5,62,12,0,12,74
12/04/2022,AMA,TX,ASW,CE,Combined TRACON& Tower with Radar,23,11,14,5,53,0,1,7,1,9,23,12,21,6,62,6,0,6,68
12/05/2022,AMA,TX,ASW,CE,Combined TRACON& Tower with Radar,30,22,19,18,89,0,1,12,10,23,30,23,31,28,112,0,62,62,174
12/06/2022,AMA,TX,ASW,CE,Combined TRACON& Tower with Radar,24,20,27,41,112,0,2,7,10,19,24,22,34,51,131,24,98,122,253
12/07/2022,AMA,TX,ASW,CE,Combined TRACON& Tower with Radar,22,11,30,28,91,0,1,5,1,7,22,12,35,29,98,2,46,48,146
12/08/2022,AMA,TX,ASW,CE,Combined TRACON& Tower with Radar,30,15,41,39,125,0,5,10,3,18,30,20,51,42,143,4,30,34,177
12/09/2022,AMA,TX,ASW,CE,Combined TRACON& Tower with Radar,25,21,16,39,101,0,2,3,1,6,25,23,19,40,107,0,0,0,107
12/10/2022,AMA,TX,ASW,CE,Combined TRACON& Tower with Radar,17,14,17,34,82,0,1,11,4,16,17,15,28,38,98,20,0,20,118
12/11/2022,AMA,TX,ASW,CE,Combined TRACON& Tower with Radar,27,13,29,34,103,0,0,9,1,10,27,13,38,35,113,28,0,28,141
12/12/2022,AMA,TX,ASW,CE,Combined TRACON& Tower with Radar,26,15,17,7,65,0,0,2,1,3,26,15,19,8,68,4,0,4,72
12/13/2022,AMA,TX,ASW,CE,Combined TRACON& Tower with Radar,22,13,23,36,94,0,4,3,3,10,22,17,26,39,104,0,8,8,112
12/14/2022,AMA,TX,ASW,CE,Combined TRACON& Tower with Radar,23,20,24,25,92,0,5,3,6,14,23,25,27,31,106,2,26,28,134
12/15/2022,AMA,TX,ASW,CE,Combined TRACON& Tower with Radar,26,21,30,27,104,0,4,5,6,15,26,25,35,33,119,0,72,72,191
12/16/2022,AMA,TX,ASW,CE,Combined TRACON& Tower with Radar,24,18,15,15,72,0,2,7,1,10,24,20,22,16,82,0,4,4,86
12/17/2022,AMA,TX,ASW,CE,Combined TRACON& Tower with Radar,21,16,24,0,61,0,0,18,0,18,21,16,42,0,79,14,0,14,93
12/18/2022,AMA,TX,ASW,CE,Combined TRACON& Tower with Radar,25,15,12,4,56,0,1,8,0,9,25,16,20,4,65,0,12,12,77
12/19/2022,AMA,TX,ASW,CE,Combined TRACON& Tower with Radar,24,19,19,44,106,0,2,15,2,19,24,21,34,46,125,2,128,130,255
12/20/2022,AMA,TX,ASW,CE,Combined TRACON& Tower with Radar,29,19,16,10,74,0,0,11,4,15,29,19,27,14,89,2,28,30,119
12/21/2022,AMA,TX,ASW,CE,Combined TRACON& Tower with Radar,25,24,15,4,68,0,3,15,3,21,25,27,30,7,89,50,44,94,183
12/22/2022,AMA,TX,ASW,CE,Combined TRACON& Tower with Radar,22,14,8,2,46,0,0,1,0,1,22,14,9,2,47,0,0,0,47
12/23/2022,AMA,TX,ASW,CE,Combined TRACON& Tower with Radar,21,15,2,0,38,0,1,3,0,4,21,16,5,0,42,0,0,0,42
12/24/2022,AMA,TX,ASW,CE,Combined TRACON& Tower with Radar,12,10,3,0,25,0,0,3,0,3,12,10,6,0,28,0,0,0,28
12/25/2022,AMA,TX,ASW,CE,Combined TRACON& Tower with Radar,10,11,0,0,21,0,0,2,0,2,10,11,2,0,23,0,0,0,23
12/26/2022,AMA,TX,ASW,CE,Combined TRACON& Tower with Radar,11,20,15,0,46,0,0,10,0,10,11,20,25,0,56,0,0,0,56
12/27/2022,AMA,TX,ASW,CE,Combined TRACON& Tower with Radar,15,9,15,2,41,0,1,1,0,2,15,10,16,2,43,0,0,0,43
12/28/2022,AMA,TX,ASW,CE,Combined TRACON& Tower with Radar,17,19,13,0,49,0,0,1,0,1,17,19,14,0,50,0,0,0,50
12/29/2022,AMA,TX,ASW,CE,Combined TRACON& Tower with Radar,19,23,9,0,51,0,3,7,0,10,19,26,16,0,61,10,0,10,71
12/30/2022,AMA,TX,ASW,CE,Combined TRACON& Tower with Radar,25,15,11,2,53,0,0,3,0,3,25,15,14,2,56,8,0,8,64
12/31/2022,AMA,TX,ASW,CE,Combined TRACON& Tower with Radar,16,13,7,0,36,0,0,10,0,10,16,13,17,0,46,18,0,18,64
01/01/2023,AMA,TX,ASW,CE,Combined TRACON& Tower with Radar,22,6,2,0,30,0,0,4,0,4,22,6,6,0,34,0,0,0,34
01/02/2023,AMA,TX,ASW,CE,Combined TRACON& Tower with Radar,30,22,13,0,65,0,0,7,0,7,30,22,20,0,72,20,0,20,92
01/03/2023,AMA,TX,ASW,CE,Combined TRACON& Tower with Radar,25,19,17,7,68,0,3,7,1,11,25,22,24,8,79,6,18,24,103
01/04/2023,AMA,TX,ASW,CE,Combined TRACON& Tower with Radar,25,20,21,28,94,0,0,24,2,26,25,20,45,30,120,32,78,110,230
01/05/2023,AMA,TX,ASW,CE,Combined TRACON& Tower with Radar,25,13,24,37,99,0,1,9,5,15,25,14,33,42,114,0,118,118,232
01/06/2023,AMA,TX,ASW,CE,Combined TRACON& Tower with Radar,26,13,12,5,56,0,0,2,3,5,26,13,14,8,61,0,0,0,61
01/07/2023,AMA,TX,ASW,CE,Combined TRACON& Tower with Radar,21,12,19,28,80,1,0,10,10,21,22,12,29,38,101,0,18,18,119
01/08/2023,AMA,TX,ASW,CE,Combined TRACON& Tower with Radar,24,11,17,19,71,0,5,7,1,13,24,16,24,20,84,12,18,30,114
01/09/2023,AMA,TX,ASW,CE,Combined TRACON& Tower with Radar,27,10,28,17,82,0,0,5,6,11,27,10,33,23,93,8,16,24,117
01/10/2023,AMA,TX,ASW,CE,Combined TRACON& Tower with Radar,22,17,21,6,66,0,3,11,4,18,22,20,32,10,84,0,30,30,114
01/11/2023,AMA,TX,ASW,CE,Combined TRACON& Tower with Radar,16,8,8,0,32,0,2,5,0,7,16,10,13,0,39,0,0,0,39
01/12/2023,AMA,TX,ASW,CE,Combined TRACON& Tower with Radar,24,14,44,25,107,0,2,14,6,22,24,16,58,31,129,10,46,56,185
01/13/2023,AMA,TX,ASW,CE,Combined TRACON& Tower with Radar,25,13,22,53,113,0,2,15,3,20,25,15,37,56,133,0,66,66,199
01/14/2023,AMA,TX,ASW,CE,Combined TRACON& Tower with Radar,19,19,9,2,49,0,1,14,0,15,19,20,23,2,64,0,0,0,64
01/15/2023,AMA,TX,ASW,CE,Combined TRACON& Tower with Radar,22,16,6,0,44,0,0,6,0,6,22,16,12,0,50,0,0,0,50
01/16/2023,AMA,TX,ASW,CE,Combined TRACON& Tower with Radar,23,13,19,7,62,0,1,5,0,6,23,14,24,7,68,0,0,0,68
01/17/2023,AMA,TX,ASW,CE,Combined TRACON& Tower with Radar,23,10,35,9,77,0,0,10,0,10,23,10,45,9,87,16,38,54,141
01/18/2023,AMA,TX,ASW,CE,Combined TRACON& Tower with Radar,24,21,16,8,69,0,1,1,1,3,24,22,17,9,72,6,12,18,90
01/19/2023,AMA,TX,ASW,CE,Combined TRACON& Tower with Radar,24,19,21,11,75,0,1,19,4,24,24,20,40,15,99,30,32,62,161
01/20/2023,AMA,TX,ASW,CE,Combined TRACON& Tower with Radar,23,13,14,13,63,0,1,9,1,11,23,14,23,14,74,14,14,28,102
01/21/2023,AMA,TX,ASW,CE,Combined TRACON& Tower with Radar,19,10,7,2,38,0,0,0,0,0,19,10,7,2,38,0,0,0,38
01/22/2023,AMA,TX,ASW,CE,Combined TRACON& Tower with Radar,23,19,27,6,75,0,3,8,1,12,23,22,35,7,87,0,18,18,105
01/23/2023,AMA,TX,ASW,CE,Combined TRACON& Tower with Radar,24,19,12,19,74,0,3,4,0,7,24,22,16,19,81,6,10,16,97
01/24/2023,AMA,TX,ASW,CE,Combined TRACON& Tower with Radar,22,4,3,0,29,0,0,0,0,0,22,4,3,0,29,0,0,0,29
01/25/2023,AMA,TX,ASW,CE,Combined TRACON& Tower with Radar,24,20,15,51,110,0,1,8,1,10,24,21,23,52,120,2,30,32,152
01/26/2023,AMA,TX,ASW,CE,Combined TRACON& Tower with Radar,25,12,25,14,76,0,0,9,2,11,25,12,34,16,87,8,8,16,103
01/27/2023,AMA,TX,ASW,CE,Combined TRACON& Tower with Radar,25,11,18,47,101,0,1,16,5,22,25,12,34,52,123,0,44,44,167
01/28/2023,AMA,TX,ASW,CE,Combined TRACON& Tower with Radar,21,11,9,20,61,0,0,7,4,11,21,11,16,24,72,20,0,20,92
01/29/2023,AMA,TX,ASW,CE,Combined TRACON& Tower with Radar,20,14,31,3,68,0,0,4,0,4,20,14,35,3,72,14,0,14,86
01/30/2023,AMA,TX,ASW,CE,Combined TRACON& Tower with Radar,17,21,21,6,65,0,0,2,0,2,17,21,23,6,67,0,0,0,67
01/31/2023,AMA,TX,ASW,CE,Combined TRACON& Tower with Radar,13,8,20,2,43,0,0,4,2,6,13,8,24,4,49,0,0,0,49
02/01/2023,AMA,TX,ASW,CE,Combined TRACON& Tower with Radar,5,19,19,1,44,0,0,2,4,6,5,19,21,5,50,0,0,0,50
02/02/2023,AMA,TX,ASW,CE,Combined TRACON& Tower with Radar,23,17,16,33,89,0,6,4,6,16,23,23,20,39,105,10,12,22,127
02/03/2023,AMA,TX,ASW,CE,Combined TRACON& Tower with Radar,26,16,24,14,80,0,1,9,11,21,26,17,33,25,101,0,12,12,113
02/04/2023,AMA,TX,ASW,CE,Combined TRACON& Tower with Radar,22,16,11,0,49,0,2,7,3,12,22,18,18,3,61,0,0,0,61
02/05/2023,AMA,TX,ASW,CE,Combined TRACON& Tower with Radar,29,13,14,5,61,0,3,10,0,13,29,16,24,5,74,0,0,0,74
02/06/2023,AMA,TX,ASW,CE,Combined TRACON& Tower with Radar,28,13,23,15,79,0,1,14,3,18,28,14,37,18,97,0,40,40,137
02/07/2023,AMA,TX,ASW,CE,Combined TRACON& Tower with Radar,31,14,28,18,91,0,0,12,3,15,31,14,40,21,106,0,48,48,154
02/08/2023,AMA,TX,ASW,CE,Combined TRACON& Tower with Radar,25,12,22,48,107,0,2,13,5,20,25,14,35,53,127,0,70,70,197
02/09/2023,AMA,TX,ASW,CE,Combined TRACON& Tower with Radar,29,14,4,5,52,0,0,0,0,0,29,14,4,5,52,0,8,8,60
02/10/2023,AMA,TX,ASW,CE,Combined TRACON& Tower with Radar,31,16,18,79,144,0,1,7,12,20,31,17,25,91,164,0,20,20,184
02/11/2023,AMA,TX,ASW,CE,Combined TRACON& Tower with Radar,23,15,12,7,57,0,1,13,2,16,23,16,25,9,73,0,0,0,73
02/12/2023,AMA,TX,ASW,CE,Combined TRACON& Tower with Radar,24,12,9,30,75,0,5,9,4,18,24,17,18,34,93,6,0,6,99
02/13/2023,AMA,TX,ASW,CE,Combined TRACON& Tower with Radar,28,11,10,1,50,0,1,9,0,10,28,12,19,1,60,6,0,6,66
02/14/2023,AMA,TX,ASW,CE,Combined TRACON& Tower with Radar,25,8,17,2,52,0,1,5,2,8,25,9,22,4,60,2,0,2,62
02/15/2023,AMA,TX,ASW,CE,Combined TRACON& Tower with Radar,28,14,12,15,69,0,6,1,3,10,28,20,13,18,79,0,0,0,79
02/16/2023,AMA,TX,ASW,CE,Combined TRACON& Tower with Radar,31,16,32,23,102,0,2,5,9,16,31,18,37,32,118,0,28,28,146
02/17/2023,AMA,TX,ASW,CE,Combined TRACON& Tower with Radar,28,18,26,25,97,0,1,10,3,14,28,19,36,28,111,6,8,14,125
02/18/2023,AMA,TX,ASW,CE,Combined TRACON& Tower with Radar,21,9,13,0,43,0,4,9,0,13,21,13,22,0,56,0,0,0,56
02/19/2023,AMA,TX,ASW,CE,Combined TRACON& Tower with Radar,25,9,14,9,57,0,0,1,3,4,25,9,15,12,61,0,0,0,61
02/20/2023,AMA,TX,ASW,CE,Combined TRACON& Tower with Radar,31,12,24,0,67,0,1,8,0,9,31,13,32,0,76,10,0,10,86
02/21/2023,AMA,TX,ASW,CE,Combined TRACON& Tower with Radar,29,14,14,18,75,0,4,9,3,16,29,18,23,21,91,6,2,8,99
02/22/2023,AMA,TX,ASW,CE,Combined TRACON& Tower with Radar,26,11,14,2,53,0,1,1,0,2,26,12,15,2,55,0,0,0,55
02/23/2023,AMA,TX,ASW,CE,Combined TRACON& Tower with Radar,28,18,25,38,109,0,1,12,4,17,28,19,37,42,126,14,40,54,180
02/24/2023,AMA,TX,ASW,CE,Combined TRACON& Tower with Radar,32,13,32,9,86,0,0,10,2,12,32,13,42,11,98,22,6,28,126
02/25/2023,AMA,TX,ASW,CE,Combined TRACON& Tower with Radar,23,18,16,7,64,0,1,11,9,21,23,19,27,16,85,0,0,0,85
02/26/2023,AMA,TX,ASW,CE,Combined TRACON& Tower with Radar,20,5,14,4,43,0,1,0,0,1,20,6,14,4,44,4,0,4,48
02/27/2023,AMA,TX,ASW,CE,Combined TRACON& Tower with Radar,30,25,19,55,129,0,3,9,9,21,30,28,28,64,150,28,36,64,214
02/28/2023,AMA,TX,ASW,CE,Combined TRACON& Tower with Radar,27,18,20,2,67,0,1,8,5,14,27,19,28,7,81,8,0,8,89
03/01/2023,AMA,TX,ASW,CE,Combined TRACON& Tower with Radar,31,18,27,23,99,0,0,6,6,12,31,18,33,29,111,24,82,106,217
03/02/2023,AMA,TX,ASW,CE,Combined TRACON& Tower with Radar,23,15,28,32,98,0,2,1,5,8,23,17,29,37,106,0,48,48,154
03/03/2023,AMA,TX,ASW,CE,Combined TRACON& Tower with Radar,27,17,24,58,126,0,1,11,8,20,27,18,35,66,146,0,6,6,152
03/04/2023,AMA,TX,ASW,CE,Combined TRACON& Tower with Radar,21,15,8,35,79,0,4,11,6,21,21,19,19,41,100,0,26,26,126
03/05/2023,AMA,TX,ASW,CE,Combined TRACON& Tower with Radar,24,11,16,8,59,0,1,1,2,4,24,12,17,10,63,0,0,0,63
03/06/2023,AMA,TX,ASW,CE,Combined TRACON& Tower with Radar,28,19,17,48,112,0,2,10,1,13,28,21,27,49,125,0,80,80,205
03/07/2023,AMA,TX,ASW,CE,Combined TRACON& Tower with Radar,26,17,25,32,100,0,1,5,5,11,26,18,30,37,111,0,72,72,183
03/08/2023,AMA,TX,ASW,CE,Combined TRACON& Tower with Radar,26,16,23,29,94,0,0,7,4,11,26,16,30,33,105,36,42,78,183
03/09/2023,AMA,TX,ASW,CE,Combined TRACON& Tower with Radar,27,27,11,62,127,0,2,8,1,11,27,29,19,63,138,0,84,84,222
03/10/2023,AMA,TX,ASW,CE,Combined TRACON& Tower with Radar,30,14,34,5,83,0,2,5,0,7,30,16,39,5,90,0,0,0,90
03/11/2023,AMA,TX,ASW,CE,Combined TRACON& Tower with Radar,18,17,10,3,48,0,0,6,0,6,18,17,16,3,54,0,2,2,56
03/12/2023,AMA,TX,ASW,CE,Combined TRACON& Tower with Radar,27,12,16,1,56,0,0,5,0,5,27,12,21,1,61,0,0,0,61
03/13/2023,AMA,TX,ASW,CE,Combined TRACON& Tower with Radar,26,9,13,14,62,0,2,7,2,11,26,11,20,16,73,0,2,2,75
03/14/2023,AMA,TX,ASW,CE,Combined TRACON& Tower with Radar,25,19,37,10,91,0,1,6,6,13,25,20,43,16,104,0,12,12,116
03/15/2023,AMA,TX,ASW,CE,Combined TRACON& Tower with Radar,27,21,15,25,88,0,2,1,3,6,27,23,16,28,94,0,60,60,154
03/16/2023,AMA,TX,ASW,CE,Combined TRACON& Tower with Radar,24,18,7,4,53,0,0,0,0,0,24,18,7,4,53,0,0,0,53
03/17/2023,AMA,TX,ASW,CE,Combined TRACON& Tower with Radar,23,22,21,39,105,0,3,10,4,17,23,25,31,43,122,0,52,52,174
03/18/2023,AMA,TX,ASW,CE,Combined TRACON& Tower with Radar,19,26,9,3,57,0,5,2,0,7,19,31,11,3,64,0,0,0,64
03/19/2023,AMA,TX,ASW,CE,Combined TRACON& Tower with Radar,26,14,10,38,88,0,6,13,2,21,26,20,23,40,109,0,0,0,109
03/20/2023,AMA,TX,ASW,CE,Combined TRACON& Tower with Radar,25,15,16,22,78,0,3,6,1,10,25,18,22,23,88,0,42,42,130
03/21/2023,AMA,TX,ASW,CE,Combined TRACON& Tower with Radar,27,11,23,79,140,0,1,5,4,10,27,12,28,83,150,14,68,82,232
03/22/2023,AMA,TX,ASW,CE,Combined TRACON& Tower with Radar,27,17,36,41,121,0,1,6,7,14,27,18,42,48,135,20,96,116,251
03/23/2023,AMA,TX,ASW,CE,Combined TRACON& Tower with Radar,26,20,35,63,144,0,0,4,3,7,26,20,39,66,151,20,98,118,269
03/24/2023,AMA,TX,ASW,CE,Combined TRACON& Tower with Radar,28,13,15,87,143,0,4,5,5,14,28,17,20,92,157,46,62,108,265
03/25/2023,AMA,TX,ASW,CE,Combined TRACON& Tower with Radar,18,13,6,24,61,0,1,3,9,13,18,14,9,33,74,0,10,10,84
03/26/2023,AMA,TX,ASW,CE,Combined TRACON& Tower with Radar,21,15,14,67,117,0,0,15,4,19,21,15,29,71,136,22,14,36,172
03/27/2023,AMA,TX,ASW,CE,Combined TRACON& Tower with Radar,26,16,28,5,75,0,2,10,1,13,26,18,38,6,88,0,16,16,104
03/28/2023,AMA,TX,ASW,CE,Combined TRACON& Tower with Radar,27,27,15,78,147,0,5,7,3,15,27,32,22,81,162,0,14,14,176
03/29/2023,AMA,TX,ASW,CE,Combined TRACON& Tower with Radar,25,16,24,32,97,0,6,18,4,28,25,22,42,36,125,4,20,24,149
03/30/2023,AMA,TX,ASW,CE,Combined TRACON& Tower with Radar,25,16,13,122,176,0,0,2,12,14,25,16,15,134,190,0,78,78,268
03/31/2023,AMA,TX,ASW,CE,Combined TRACON& Tower with Radar,27,23,10,41,101,0,0,7,2,9,27,23,17,43,110,0,0,0,110
04/01/2023,AMA,TX,ASW,CE,Combined TRACON& Tower with Radar,19,16,7,4,46,0,4,17,0,21,19,20,24,4,67,2,0,2,69
04/02/2023,AMA,TX,ASW,CE,Combined TRACON& Tower with Radar,23,12,18,13,66,0,2,7,2,11,23,14,25,15,77,12,0,12,89
04/03/2023,AMA,TX,ASW,CE,Combined TRACON& Tower with Radar,25,12,25,30,92,0,0,6,5,11,25,12,31,35,103,22,62,84,187
04/04/2023,AMA,TX,ASW,CE,Combined TRACON& Tower with Radar,23,6,20,1,50,0,0,5,2,7,23,6,25,3,57,0,0,0,57
04/05/2023,AMA,TX,ASW,CE,Combined TRACON& Tower with Radar,24,14,25,64,127,0,6,21,15,42,24,20,46,79,169,0,74,74,243
04/06/2023,AMA,TX,ASW,CE,Combined TRACON& Tower with Radar,25,8,28,45,106,0,3,20,7,30,25,11,48,52,136,0,34,34,170
04/07/2023,AMA,TX,ASW,CE,Combined TRACON& Tower with Radar,27,15,4,83,129,0,5,18,1,24,27,20,22,84,153,20,50,70,223
04/08/2023,AMA,TX,ASW,CE,Combined TRACON& Tower with Radar,23,16,6,0,45,0,1,8,0,9,23,17,14,0,54,8,0,8,62
04/09/2023,AMA,TX,ASW,CE,Combined TRACON& Tower with Radar,22,8,5,4,39,0,1,1,0,2,22,9,6,4,41,0,0,0,41
04/10/2023,AMA,TX,ASW,CE,Combined TRACON& Tower with Radar,26,18,22,59,125,0,5,9,4,18,26,23,31,63,143,8,18,26,169
04/11/2023,AMA,TX,ASW,CE,Combined TRACON& Tower with Radar,24,14,18,38,94,0,2,4,7,13,24,16,22,45,107,10,26,36,143
04/12/2023,AMA,TX,ASW,CE,Combined TRACON& Tower with Radar,23,17,23,23,86,0,3,1,5,9,23,20,24,28,95,0,20,20,115
04/13/2023,AMA,TX,ASW,CE,Combined TRACON& Tower with Radar,25,13,13,4,55,0,2,4,4,10,25,15,17,8,65,0,12,12,77
04/14/2023,AMA,TX,ASW,CE,Combined TRACON& Tower with Radar,25,16,9,47,97,0,1,4,10,15,25,17,13,57,112,0,56,56,168
04/15/2023,AMA,TX,ASW,CE,Combined TRACON& Tower with Radar,19,18,11,0,48,0,6,4,1,11,19,24,15,1,59,0,0,0,59
04/16/2023,AMA,TX,ASW,CE,Combined TRACON& Tower with Radar,25,15,22,6,68,0,9,11,4,24,25,24,33,10,92,0,0,0,92
04/17/2023,AMA,TX,ASW,CE,Combined TRACON& Tower with Radar,28,24,13,25,90,0,4,6,5,15,28,28,19,30,105,0,12,12,117
04/18/2023,AMA,TX,ASW,CE,Combined TRACON& Tower with Radar,25,22,4,21,72,0,1,8,2,11,25,23,12,23,83,0,0,0,83
04/19/2023,AMA,TX,ASW,CE,Combined TRACON& Tower with Radar,29,22,24,36,111,0,5,5,7,17,29,27,29,43,128,2,18,20,148
04/20/2023,AMA,TX,ASW,CE,Combined TRACON& Tower with Radar,28,13,41,42,124,0,1,7,4,12,28,14,48,46,136,0,48,48,184
04/21/2023,AMA,TX,ASW,CE,Combined TRACON& Tower with Radar,25,16,18,6,65,0,4,4,5,13,25,20,22,11,78,4,10,14,92
04/22/2023,AMA,TX,ASW,CE,Combined TRACON& Tower with Radar,17,13,14,4,48,0,1,5,2,8,17,14,19,6,56,14,20,34,90
04/23/2023,AMA,TX,ASW,CE,Combined TRACON& Tower with Radar,24,12,12,21,69,0,4,7,4,15,24,16,19,25,84,0,16,16,100
04/24/2023,AMA,TX,ASW,CE,Combined TRACON& Tower with Radar,28,12,18,15,73,0,0,3,0,3,28,12,21,15,76,0,14,14,90
04/25/2023,AMA,TX,ASW,CE,Combined TRACON& Tower with Radar,23,17,16,4,60,0,0,5,1,6,23,17,21,5,66,0,0,0,66
04/26/2023,AMA,TX,ASW,CE,Combined TRACON& Tower with Radar,23,12,17,4,56,0,0,0,0,0,23,12,17,4,56,0,0,0,56
04/27/2023,AMA,TX,ASW,CE,Combined TRACON& Tower with Radar,26,29,42,24,121,0,1,14,9,24,26,30,56,33,145,4,46,50,195
04/28/2023,AMA,TX,ASW,CE,Combined TRACON& Tower with Radar,25,10,11,0,46,0,0,0,2,2,25,10,11,2,48,0,0,0,48
04/29/2023,AMA,TX,ASW,CE,Combined TRACON& Tower with Radar,16,22,11,1,50,0,3,13,5,21,16,25,24,6,71,20,0,20,91
04/30/2023,AMA,TX,ASW,CE,Combined TRACON& Tower with Radar,24,23,15,24,86,0,8,10,5,23,24,31,25,29,109,0,0,0,109
05/01/2023,AMA,TX,ASW,CE,Combined TRACON& Tower with Radar,24,13,23,20,80,0,1,8,9,18,24,14,31,29,98,0,36,36,134
05/02/2023,AMA,TX,ASW,CE,Combined TRACON& Tower with Radar,22,17,21,15,75,0,2,8,4,14,22,19,29,19,89,0,0,0,89
05/03/2023,AMA,TX,ASW,CE,Combined TRACON& Tower with Radar,22,17,23,4,66,0,1,15,4,20,22,18,38,8,86,18,0,18,104
05/04/2023,AMA,TX,ASW,CE,Combined TRACON& Tower with Radar,27,19,30,19,95,0,3,14,3,20,27,22,44,22,115,40,28,68,183
05/05/2023,AMA,TX,ASW,CE,Combined TRACON& Tower with Radar,26,20,13,104,163,0,7,11,6,24,26,27,24,110,187,38,34,72,259
05/06/2023,AMA,TX,ASW,CE,Combined TRACON& Tower with Radar,16,18,15,7,56,0,3,10,5,18,16,21,25,12,74,10,12,22,96
05/07/2023,AMA,TX,ASW,CE,Combined TRACON& Tower with Radar,26,21,14,33,94,0,4,7,15,26,26,25,21,48,120,12,0,12,132
05/08/2023,AMA,TX,ASW,CE,Combined TRACON& Tower with Radar,23,10,27,17,77,0,4,10,2,16,23,14,37,19,93,78,48,126,219
05/09/2023,AMA,TX,ASW,CE,Combined TRACON& Tower with Radar,25,16,11,16,68,0,0,14,1,15,25,16,25,17,83,22,12,34,117
05/10/2023,AMA,TX,ASW,CE,Combined TRACON& Tower with Radar,23,23,20,22,88,0,4,6,4,14,23,27,26,26,102,18,18,36,138
05/11/2023,AMA,TX,ASW,CE,Combined TRACON& Tower with Radar,24,25,26,23,98,0,1,6,9,16,24,26,32,32,114,22,8,30,144
05/12/2023,AMA,TX,ASW,CE,Combined TRACON& Tower with Radar,22,20,36,92,170,0,2,12,16,30,22,22,48,108,200,12,156,168,368
05/13/2023,AMA,TX,ASW,CE,Combined TRACON& Tower with Radar,15,11,6,11,43,0,0,2,0,2,15,11,8,11,45,0,0,0,45
05/14/2023,AMA,TX,ASW,CE,Combined TRACON& Tower with Radar,23,12,12,4,51,0,0,1,0,1,23,12,13,4,52,0,0,0,52
05/15/2023,AMA,TX,ASW,CE,Combined TRACON& Tower with Radar,22,15,21,25,83,0,0,3,2,5,22,15,24,27,88,8,80,88,176
05/16/2023,AMA,TX,ASW,CE,Combined TRACON& Tower with Radar,21,15,25,19,80,0,1,18,7,26,21,16,43,26,106,50,30,80,186
05/17/2023,AMA,TX,ASW,CE,Combined TRACON& Tower with Radar,25,10,15,18,68,0,0,14,3,17,25,10,29,21,85,26,40,66,151
05/18/2023,AMA,TX,ASW,CE,Combined TRACON& Tower with Radar,23,22,15,11,71,0,0,3,0,3,23,22,18,11,74,0,0,0,74
05/19/2023,AMA,TX,ASW,CE,Combined TRACON& Tower with Radar,23,14,29,4,70,0,0,2,1,3,23,14,31,5,73,0,0,0,73
05/20/2023,AMA,TX,ASW,CE,Combined TRACON& Tower with Radar,15,22,16,4,57,0,7,5,2,14,15,29,21,6,71,4,0,4,75
05/21/2023,AMA,TX,ASW,CE,Combined TRACON& Tower with Radar,21,7,11,3,42,0,0,3,2,5,21,7,14,5,47,14,0,14,61
05/22/2023,AMA,TX,ASW,CE,Combined TRACON& Tower with Radar,23,22,10,9,64,0,2,4,4,10,23,24,14,13,74,4,16,20,94
05/23/2023,AMA,TX,ASW,CE,Combined TRACON& Tower with Radar,24,16,26,10,76,0,0,4,2,6,24,16,30,12,82,0,12,12,94
05/24/2023,AMA,TX,ASW,CE,Combined TRACON& Tower with Radar,30,17,11,21,79,0,1,8,2,11,30,18,19,23,90,12,14,26,116
05/25/2023,AMA,TX,ASW,CE,Combined TRACON& Tower with Radar,25,25,14,17,81,0,2,8,1,11,25,27,22,18,92,4,0,4,96
05/26/2023,AMA,TX,ASW,CE,Combined TRACON& Tower with Radar,28,9,14,4,55,0,1,1,0,2,28,10,15,4,57,0,0,0,57
05/27/2023,AMA,TX,ASW,CE,Combined TRACON& Tower with Radar,23,11,5,0,39,0,1,2,0,3,23,12,7,0,42,0,0,0,42
05/28/2023,AMA,TX,ASW,CE,Combined TRACON& Tower with Radar,25,9,9,1,44,0,5,2,2,9,25,14,11,3,53,0,0,0,53
05/29/2023,AMA,TX,ASW,CE,Combined TRACON& Tower with Radar,25,13,13,6,57,0,0,6,0,6,25,13,19,6,63,0,0,0,63
05/30/2023,AMA,TX,ASW,CE,Combined TRACON& Tower with Radar,20,30,15,20,85,0,1,16,4,21,20,31,31,24,106,0,0,0,106
05/31/2023,AMA,TX,ASW,CE,Combined TRACON& Tower with Radar,27,19,28,0,74,0,1,9,1,11,27,20,37,1,85,0,0,0,85
06/01/2023,AMA,TX,ASW,CE,Combined TRACON& Tower with Radar,28,21,14,6,69,0,0,7,0,7,28,21,21,6,76,0,0,0,76
06/02/2023,AMA,TX,ASW,CE,Combined TRACON& Tower with Radar,24,13,12,2,51,0,0,2,0,2,24,13,14,2,53,0,0,0,53
06/03/2023,AMA,TX,ASW,CE,Combined TRACON& Tower with Radar,16,26,17,2,61,0,2,10,1,13,16,28,27,3,74,0,0,0,74
06/04/2023,AMA,TX,ASW,CE,Combined TRACON& Tower with Radar,24,15,7,0,46,0,1,1,0,2,24,16,8,0,48,12,0,12,60
06/05/2023,AMA,TX,ASW,CE,Combined TRACON& Tower with Radar,25,16,9,7,57,0,1,3,2,6,25,17,12,9,63,0,0,0,63
06/06/2023,AMA,TX,ASW,CE,Combined TRACON& Tower with Radar,32,20,23,1,76,0,1,14,3,18,32,21,37,4,94,20,6,26,120
06/07/2023,AMA,TX,ASW,CE,Combined TRACON& Tower with Radar,24,19,8,2,53,0,1,7,2,10,24,20,15,4,63,24,4,28,91
06/08/2023,AMA,TX,ASW,CE,Combined TRACON& Tower with Radar,27,30,14,16,87,0,8,20,3,31,27,38,34,19,118,32,0,32,150
06/09/2023,AMA,TX,ASW,CE,Combined TRACON& Tower with Radar,25,19,25,16,85,0,2,14,2,18,25,21,39,18,103,8,14,22,125
06/10/2023,AMA,TX,ASW,CE,Combined TRACON& Tower with Radar,20,15,4,1,40,0,2,10,2,14,20,17,14,3,54,0,0,0,54
06/11/2023,AMA,TX,ASW,CE,Combined TRACON& Tower with Radar,23,20,25,4,72,0,0,13,1,14,23,20,38,5,86,6,0,6,92
06/12/2023,AMA,TX,ASW,CE,Combined TRACON& Tower with Radar,24,19,20,16,79,0,1,6,0,7,24,20,26,16,86,0,0,0,86
06/13/2023,AMA,TX,ASW,CE,Combined TRACON& Tower with Radar,29,24,29,11,93,0,1,8,1,10,29,25,37,12,103,0,0,0,103
06/14/2023,AMA,TX,ASW,CE,Combined TRACON& Tower with Radar,23,27,39,31,120,0,10,17,9,36,23,37,56,40,156,0,0,0,156
06/15/2023,AMA,TX,ASW,CE,Combined TRACON& Tower with Radar,27,21,12,19,79,0,3,10,1,14,27,24,22,20,93,0,16,16,109
06/16/2023,AMA,TX,ASW,CE,Combined TRACON& Tower with Radar,26,11,15,30,82,0,0,8,3,11,26,11,23,33,93,0,0,0,93
06/17/2023,AMA,TX,ASW,CE,Combined TRACON& Tower with Radar,18,14,10,4,46,0,6,2,0,8,18,20,12,4,54,0,0,0,54
06/18/2023,AMA,TX,ASW,CE,Combined TRACON& Tower with Radar,27,19,10,2,58,0,4,8,0,12,27,23,18,2,70,0,0,0,70
06/19/2023,AMA,TX,ASW,CE,Combined TRACON& Tower with Radar,22,18,10,8,58,0,0,17,1,18,22,18,27,9,76,0,0,0,76
06/20/2023,AMA,TX,ASW,CE,Combined TRACON& Tower with Radar,24,25,24,33,106,0,4,13,1,18,24,29,37,34,124,6,0,6,130
06/21/2023,AMA,TX,ASW,CE,Combined TRACON& Tower with Radar,30,20,15,16,81,0,1,10,2,13,30,21,25,18,94,0,0,0,94
06/22/2023,AMA,TX,ASW,CE,Combined TRACON& Tower with Radar,34,20,18,24,96,0,0,2,1,3,34,20,20,25,99,0,0,0,99
06/23/2023,AMA,TX,ASW,CE,Combined TRACON& Tower with Radar,28,20,13,34,95,0,2,6,6,14,28,22,19,40,109,0,0,0,109
06/24/2023,AMA,TX,ASW,CE,Combined TRACON& Tower with Radar,18,16,12,2,48,0,4,8,1,13,18,20,20,3,61,18,0,18,79
06/25/2023,AMA,TX,ASW,CE,Combined TRACON& Tower with Radar,24,20,10,1,55,0,5,3,1,9,24,25,13,2,64,0,0,0,64
06/26/2023,AMA,TX,ASW,CE,Combined TRACON& Tower with Radar,25,14,10,7,56,0,3,2,6,11,25,17,12,13,67,0,0,0,67
06/27/2023,AMA,TX,ASW,CE,Combined TRACON& Tower with Radar,22,19,19,10,70,0,0,1,6,7,22,19,20,16,77,0,0,0,77
06/28/2023,AMA,TX,ASW,CE,Combined TRACON& Tower with Radar,24,24,22,15,85,0,0,8,7,15,24,24,30,22,100,0,0,0,100
06/29/2023,AMA,TX,ASW,CE,Combined TRACON& Tower with Radar,25,17,16,19,77,0,2,9,3,14,25,19,25,22,91,16,12,28,119
06/30/2023,AMA,TX,ASW,CE,Combined TRACON& Tower with Radar,27,17,22,8,74,0,0,13,0,13,27,17,35,8,87,0,0,0,87
07/01/2023,AMA,TX,ASW,CE,Combined TRACON& Tower with Radar,20,15,10,2,47,0,0,4,1,5,20,15,14,3,52,0,0,0,52
07/02/2023,AMA,TX,ASW,CE,Combined TRACON& Tower with Radar,21,11,7,0,39,0,0,12,0,12,21,11,19,0,51,0,0,0,51
07/03/2023,AMA,TX,ASW,CE,Combined TRACON& Tower with Radar,27,18,12,0,57,0,0,6,2,8,27,18,18,2,65,40,0,40,105
07/04/2023,AMA,TX,ASW,CE,Combined TRACON& Tower with Radar,24,16,4,0,44,0,0,5,0,5,24,16,9,0,49,20,0,20,69
07/05/2023,AMA,TX,ASW,CE,Combined TRACON& Tower with Radar,28,20,15,13,76,0,0,13,2,15,28,20,28,15,91,18,10,28,119
07/06/2023,AMA,TX,ASW,CE,Combined TRACON& Tower with Radar,28,16,26,4,74,0,0,4,0,4,28,16,30,4,78,30,8,38,116
07/07/2023,AMA,TX,ASW,CE,Combined TRACON& Tower with Radar,28,17,14,7,66,0,0,2,1,3,28,17,16,8,69,0,0,0,69
07/08/2023,AMA,TX,ASW,CE,Combined TRACON& Tower with Radar,19,15,9,1,44,0,0,7,0,7,19,15,16,1,51,0,0,0,51
07/09/2023,AMA,TX,ASW,CE,Combined TRACON& Tower with Radar,30,16,18,36,100,0,0,4,2,6,30,16,22,38,106,4,0,4,110
07/10/2023,AMA,TX,ASW,CE,Combined TRACON& Tower with Radar,28,14,14,1,57,0,0,2,0,2,28,14,16,1,59,0,0,0,59
07/11/2023,AMA,TX,ASW,CE,Combined TRACON& Tower with Radar,26,17,39,18,100,0,3,17,2,22,26,20,56,20,122,0,32,32,154
07/12/2023,AMA,TX,ASW,CE,Combined TRACON& Tower with Radar,26,16,17,8,67,0,0,12,2,14,26,16,29,10,81,12,0,12,93
07/13/2023,AMA,TX,ASW,CE,Combined TRACON& Tower with Radar,29,20,13,1,63,0,1,5,4,10,29,21,18,5,73,30,0,30,103
07/14/2023,AMA,TX,ASW,CE,Combined TRACON& Tower with Radar,28,17,10,40,95,0,0,6,6,12,28,17,16,46,107,0,0,0,107
07/15/2023,AMA,TX,ASW,CE,Combined TRACON& Tower with Radar,23,16,6,2,47,0,2,7,0,9,23,18,13,2,56,0,0,0,56
07/16/2023,AMA,TX,ASW,CE,Combined TRACON& Tower with Radar,25,14,14,23,76,0,5,20,0,25,25,19,34,23,101,0,0,0,101
07/17/2023,AMA,TX,ASW,CE,Combined TRACON& Tower with Radar,29,18,9,15,71,0,1,2,8,11,29,19,11,23,82,20,4,24,106
07/18/2023,AMA,TX,ASW,CE,Combined TRACON& Tower with Radar,27,17,13,16,73,0,1,13,0,14,27,18,26,16,87,24,28,52,139
07/19/2023,AMA,TX,ASW,CE,Combined TRACON& Tower with Radar,26,23,19,24,92,0,3,7,6,16,26,26,26,30,108,0,0,0,108
07/20/2023,AMA,TX,ASW,CE,Combined TRACON& Tower with Radar,30,21,12,21,84,0,4,7,0,11,30,25,19,21,95,10,0,10,105
07/21/2023,AMA,TX,ASW,CE,Combined TRACON& Tower with Radar,27,16,30,34,107,0,1,7,1,9,27,17,37,35,116,36,8,44,160
07/22/2023,AMA,TX,ASW,CE,Combined TRACON& Tower with Radar,22,21,12,12,67,0,4,27,3,34,22,25,39,15,101,0,0,0,101
07/23/2023,AMA,TX,ASW,CE,Combined TRACON& Tower with Radar,29,10,13,0,52,0,4,3,5,12,29,14,16,5,64,8,0,8,72
07/24/2023,AMA,TX,ASW,CE,Combined TRACON& Tower with Radar,28,23,7,13,71,0,3,10,2,15,28,26,17,15,86,6,12,18,104
07/25/2023,AMA,TX,ASW,CE,Combined TRACON& Tower with Radar,27,15,16,11,69,0,0,6,8,14,27,15,22,19,83,30,40,70,153
07/26/2023,AMA,TX,ASW,CE,Combined TRACON& Tower with Radar,30,21,18,3,72,0,0,14,2,16,30,21,32,5,88,18,0,18,106
07/27/2023,AMA,TX,ASW,CE,Combined TRACON& Tower with Radar,29,12,15,11,67,0,0,7,4,11,29,12,22,15,78,0,2,2,80
07/28/2023,AMA,TX,ASW,CE,Combined TRACON& Tower with Radar,33,14,19,19,85,0,2,14,4,20,33,16,33,23,105,0,0,0,105
07/29/2023,AMA,TX,ASW,CE,Combined TRACON& Tower with Radar,20,11,9,8,48,0,0,8,0,8,20,11,17,8,56,0,0,0,56
07/30/2023,AMA,TX,ASW,CE,Combined TRACON& Tower with Radar,28,21,22,27,98,0,2,12,0,14,28,23,34,27,112,18,0,18,130
07/31/2023,AMA,TX,ASW,CE,Combined TRACON& Tower with Radar,33,23,15,18,89,0,1,10,1,12,33,24,25,19,101,0,0,0,101
08/01/2023,AMA,TX,ASW,CE,Combined TRACON& Tower with Radar,29,11,16,20,76,0,0,8,0,8,29,11,24,20,84,40,0,40,124
08/02/2023,AMA,TX,ASW,CE,Combined TRACON& Tower with Radar,27,16,25,17,85,0,2,6,2,10,27,18,31,19,95,10,18,28,123
08/03/2023,AMA,TX,ASW,CE,Combined TRACON& Tower with Radar,35,16,23,3,77,0,2,6,1,9,35,18,29,4,86,8,0,8,94
08/04/2023,AMA,TX,ASW,CE,Combined TRACON& Tower with Radar,28,10,21,39,98,0,2,4,9,15,28,12,25,48,113,0,0,0,113
08/05/2023,AMA,TX,ASW,CE,Combined TRACON& Tower with Radar,20,15,11,6,52,0,0,5,3,8,20,15,16,9,60,0,0,0,60
08/06/2023,AMA,TX,ASW,CE,Combined TRACON& Tower with Radar,28,12,8,19,67,0,1,8,1,10,28,13,16,20,77,26,14,40,117
08/07/2023,AMA,TX,ASW,CE,Combined TRACON& Tower with Radar,27,17,14,15,73,0,0,2,1,3,27,17,16,16,76,0,122,122,198
08/08/2023,AMA,TX,ASW,CE,Combined TRACON& Tower with Radar,30,20,6,14,70,0,0,7,1,8,30,20,13,15,78,8,60,68,146
08/09/2023,AMA,TX,ASW,CE,Combined TRACON& Tower with Radar,27,13,17,23,80,0,0,7,4,11,27,13,24,27,91,38,20,58,149
08/10/2023,AMA,TX,ASW,CE,Combined TRACON& Tower with Radar,27,16,20,3,66,0,0,11,3,14,27,16,31,6,80,22,0,22,102
08/11/2023,AMA,TX,ASW,CE,Combined TRACON& Tower with Radar,29,16,11,42,98,0,0,7,1,8,29,16,18,43,106,0,0,0,106
08/12/2023,AMA,TX,ASW,CE,Combined TRACON& Tower with Radar,21,20,7,2,50,0,2,4,0,6,21,22,11,2,56,6,0,6,62
08/13/2023,AMA,TX,ASW,CE,Combined TRACON& Tower with Radar,27,9,12,8,56,0,0,4,0,4,27,9,16,8,60,16,12,28,88
08/14/2023,AMA,TX,ASW,CE,Combined TRACON& Tower with Radar,29,15,17,6,67,0,2,12,4,18,29,17,29,10,85,0,0,0,85
08/15/2023,AMA,TX,ASW,CE,Combined TRACON& Tower with Radar,28,11,20,20,79,0,2,12,9,23,28,13,32,29,102,28,12,40,142
08/16/2023,AMA,TX,ASW,CE,Combined TRACON& Tower with Radar,30,17,23,13,83,0,2,6,4,12,30,19,29,17,95,0,0,0,95
08/17/2023,AMA,TX,ASW,CE,Combined TRACON& Tower with Radar,29,23,20,27,99,0,2,22,1,25,29,25,42,28,124,6,8,14,138
08/18/2023,AMA,TX,ASW,CE,Combined TRACON& Tower with Radar,35,22,10,34,101,0,0,8,4,12,35,22,18,38,113,0,0,0,113
08/19/2023,AMA,TX,ASW,CE,Combined TRACON& Tower with Radar,23,12,8,0,43,0,3,8,0,11,23,15,16,0,54,0,0,0,54
08/20/2023,AMA,TX,ASW,CE,Combined TRACON& Tower with Radar,30,10,22,2,64,0,0,10,1,11,30,10,32,3,75,0,0,0,75
08/21/2023,AMA,TX,ASW,CE,Combined TRACON& Tower with Radar,30,19,20,15,84,0,2,12,2,16,30,21,32,17,100,26,10,36,136
08/22/2023,AMA,TX,ASW,CE,Combined TRACON& Tower with Radar,25,18,17,20,80,0,4,22,4,30,25,22,39,24,110,10,6,16,126
08/23/2023,AMA,TX,ASW,CE,Combined TRACON& Tower with Radar,30,18,21,43,112,0,0,25,4,29,30,18,46,47,141,22,16,38,179
08/24/2023,AMA,TX,ASW,CE,Combined TRACON& Tower with Radar,29,11,23,23,86,0,0,7,6,13,29,11,30,29,99,0,0,0,99
08/25/2023,AMA,TX,ASW,CE,Combined TRACON& Tower with Radar,31,16,11,35,93,0,0,11,2,13,31,16,22,37,106,8,18,26,132
08/26/2023,AMA,TX,ASW,CE,Combined TRACON& Tower with Radar,19,10,6,0,35,0,1,8,0,9,19,11,14,0,44,6,0,6,50
08/27/2023,AMA,TX,ASW,CE,Combined TRACON& Tower with Radar,30,15,12,11,68,0,0,10,2,12,30,15,22,13,80,6,0,6,86
08/28/2023,AMA,TX,ASW,CE,Combined TRACON& Tower with Radar,28,15,13,24,80,0,0,7,5,12,28,15,20,29,92,0,0,0,92
08/29/2023,AMA,TX,ASW,CE,Combined TRACON& Tower with Radar,27,14,19,15,75,0,1,5,4,10,27,15,24,19,85,26,14,40,125
08/30/2023,AMA,TX,ASW,CE,Combined TRACON& Tower with Radar,33,17,34,30,114,0,1,6,3,10,33,18,40,33,124,20,12,32,156
08/31/2023,AMA,TX,ASW,CE,Combined TRACON& Tower with Radar,29,22,23,6,80,0,2,14,10,26,29,24,37,16,106,18,0,18,124
