01/01/2020,ANC,AK,AAL,WE,Towers with Radar,217,50,11,4,282,0,5,12,0,17,217,55,23,4,299,0,0,0,299
01/02/2020,ANC,AK,AAL,WE,Towers with Radar,257,143,16,8,424,0,21,23,2,46,257,164,39,10,470,2,0,2,472
01/03/2020,ANC,AK,AAL,WE,Towers with Radar,270,126,13,6,415,0,31,63,4,98,270,157,76,10,513,6,0,6,519
01/04/2020,ANC,AK,AAL,WE,Towers with Radar,278,111,17,8,414,0,10,30,0,40,278,121,47,8,454,30,0,30,484
01/05/2020,ANC,AK,AAL,WE,Towers with Radar,231,131,19,0,381,0,1,9,0,10,231,132,28,0,391,0,0,0,391
01/06/2020,ANC,AK,AAL,WE,Towers with Radar,237,163,21,3,424,0,9,8,0,17,237,172,29,3,441,0,0,0,441
01/07/2020,ANC,AK,AAL,WE,Towers with Radar,254,170,34,5,463,0,3,8,0,11,254,173,42,5,474,4,0,4,478
01/08/2020,ANC,AK,AAL,WE,Towers with Radar,266,161,22,6,455,0,7,10,0,17,266,168,32,6,472,0,0,0,472
01/09/2020,ANC,AK,AAL,WE,Towers with Radar,285,168,20,12,485,0,32,49,6,87,285,200,69,18,572,14,0,14,586
01/10/2020,ANC,AK,AAL,WE,Towers with Radar,273,137,17,5,432,0,26,73,2,101,273,163,90,7,533,6,0,6,539
01/11/2020,ANC,AK,AAL,WE,Towers with Radar,281,109,17,8,415,0,6,46,0,52,281,115,63,8,467,20,0,20,487
01/12/2020,ANC,AK,AAL,WE,Towers with Radar,228,109,16,3,356,0,1,2,0,3,228,110,18,3,359,0,0,0,359
01/13/2020,ANC,AK,AAL,WE,Towers with Radar,261,159,17,1,438,0,9,46,0,55,261,168,63,1,493,6,0,6,499
01/14/2020,ANC,AK,AAL,WE,Towers with Radar,249,168,26,10,453,0,11,24,0,35,249,179,50,10,488,28,0,28,516
01/15/2020,ANC,AK,AAL,WE,Towers with Radar,279,142,28,6,455,0,32,74,5,111,279,174,102,11,566,22,0,22,588
01/16/2020,ANC,AK,AAL,WE,Towers with Radar,304,151,16,8,479,0,35,90,2,127,304,186,106,10,606,13,0,13,619
01/17/2020,ANC,AK,AAL,WE,Towers with Radar,291,152,26,7,476,0,34,94,1,129,291,186,120,8,605,13,0,13,618
01/18/2020,ANC,AK,AAL,WE,Towers with Radar,287,113,7,7,414,0,10,85,0,95,287,123,92,7,509,16,0,16,525
01/19/2020,ANC,AK,AAL,WE,Towers with Radar,242,99,16,7,364,0,10,48,1,59,242,109,64,8,423,30,0,30,453
01/20/2020,ANC,AK,AAL,WE,Towers with Radar,245,154,23,5,427,0,0,1,0,1,245,154,24,5,428,0,0,0,428
01/21/2020,ANC,AK,AAL,WE,Towers with Radar,244,180,17,7,448,0,12,34,0,46,244,192,51,7,494,2,0,2,496
01/22/2020,ANC,AK,AAL,WE,Towers with Radar,293,181,23,5,502,0,7,12,0,19,293,188,35,5,521,2,0,2,523
01/23/2020,ANC,AK,AAL,WE,Towers with Radar,288,149,20,9,466,0,27,55,2,84,288,176,75,11,550,10,0,10,560
01/24/2020,ANC,AK,AAL,WE,Towers with Radar,257,148,13,7,425,0,25,93,2,120,257,173,106,9,545,20,0,20,565
01/25/2020,ANC,AK,AAL,WE,Towers with Radar,250,111,5,10,376,0,9,31,0,40,250,120,36,10,416,0,0,0,416
01/26/2020,ANC,AK,AAL,WE,Towers with Radar,196,83,12,2,293,0,27,51,0,78,196,110,63,2,371,6,0,6,377
01/27/2020,ANC,AK,AAL,WE,Towers with Radar,202,136,22,0,360,0,24,45,2,71,202,160,67,2,431,2,0,2,433
01/28/2020,ANC,AK,AAL,WE,Towers with Radar,185,126,20,3,334,0,23,57,3,83,185,149,77,6,417,10,0,10,427
01/29/2020,ANC,AK,AAL,WE,Towers with Radar,204,154,38,6,402,0,5,27,2,34,204,159,65,8,436,6,0,6,442
01/30/2020,ANC,AK,AAL,WE,Towers with Radar,212,159,34,8,413,15,17,33,3,68,227,176,67,11,481,16,0,16,497
01/31/2020,ANC,AK,AAL,WE,Towers with Radar,199,180,43,5,427,0,48,44,0,92,199,228,87,5,519,58,0,58,577
02/01/2020,ANC,AK,AAL,WE,Towers with Radar,205,102,25,8,340,0,21,89,0,110,205,123,114,8,450,39,0,39,489
02/02/2020,ANC,AK,AAL,WE,Towers with Radar,168,94,21,2,285,0,2,32,0,34,168,96,53,2,319,6,0,6,325
02/03/2020,ANC,AK,AAL,WE,Towers with Radar,183,141,15,2,341,1,8,58,2,69,184,149,73,4,410,6,0,6,416
02/04/2020,ANC,AK,AAL,WE,Towers with Radar,197,179,15,4,395,0,6,25,14,45,197,185,40,18,440,10,0,10,450
02/05/2020,ANC,AK,AAL,WE,Towers with Radar,221,163,27,9,420,0,7,5,0,12,221,170,32,9,432,0,0,0,432
02/06/2020,ANC,AK,AAL,WE,Towers with Radar,242,150,28,3,423,0,23,114,2,139,242,173,142,5,562,10,0,10,572
02/07/2020,ANC,AK,AAL,WE,Towers with Radar,226,166,24,4,420,0,10,32,3,45,226,176,56,7,465,16,0,16,481
02/08/2020,ANC,AK,AAL,WE,Towers with Radar,227,97,14,4,342,0,2,4,0,6,227,99,18,4,348,0,0,0,348
02/09/2020,ANC,AK,AAL,WE,Towers with Radar,186,111,8,2,307,0,9,23,0,32,186,120,31,2,339,0,0,0,339
02/10/2020,ANC,AK,AAL,WE,Towers with Radar,196,128,22,0,346,0,35,112,2,149,196,163,134,2,495,8,0,8,503
02/11/2020,ANC,AK,AAL,WE,Towers with Radar,213,137,18,3,371,0,33,84,0,117,213,170,102,3,488,6,0,6,494
02/12/2020,ANC,AK,AAL,WE,Towers with Radar,226,146,12,9,393,0,9,8,0,17,226,155,20,9,410,0,0,0,410
02/13/2020,ANC,AK,AAL,WE,Towers with Radar,267,157,21,6,451,0,32,100,0,132,267,189,121,6,583,16,0,16,599
02/14/2020,ANC,AK,AAL,WE,Towers with Radar,247,144,17,6,414,0,31,99,0,130,247,175,116,6,544,62,0,62,606
02/15/2020,ANC,AK,AAL,WE,Towers with Radar,252,109,16,10,387,0,11,95,2,108,252,120,111,12,495,71,0,71,566
02/16/2020,ANC,AK,AAL,WE,Towers with Radar,220,98,13,5,336,0,11,149,0,160,220,109,162,5,496,10,0,10,506
02/17/2020,ANC,AK,AAL,WE,Towers with Radar,221,106,17,0,344,0,7,8,0,15,221,113,25,0,359,0,0,0,359
02/18/2020,ANC,AK,AAL,WE,Towers with Radar,212,102,19,2,335,0,0,0,0,0,212,102,19,2,335,0,0,0,335
02/19/2020,ANC,AK,AAL,WE,Towers with Radar,279,166,22,10,477,0,18,28,0,46,279,184,50,10,523,2,0,2,525
02/20/2020,ANC,AK,AAL,WE,Towers with Radar,264,154,12,5,435,0,21,55,0,76,264,175,67,5,511,6,0,6,517
02/21/2020,ANC,AK,AAL,WE,Towers with Radar,260,164,26,9,459,0,0,1,0,1,260,164,27,9,460,0,0,0,460
02/22/2020,ANC,AK,AAL,WE,Towers with Radar,279,117,22,9,427,0,8,12,1,21,279,125,34,10,448,6,0,6,454
02/23/2020,ANC,AK,AAL,WE,Towers with Radar,216,74,13,3,306,0,21,72,2,95,216,95,85,5,401,24,0,24,425
02/24/2020,ANC,AK,AAL,WE,Towers with Radar,232,132,18,3,385,0,49,124,3,176,232,181,142,6,561,18,0,18,579
02/25/2020,ANC,AK,AAL,WE,Towers with Radar,238,142,21,5,406,0,25,38,8,71,238,167,59,13,477,8,0,8,485
02/26/2020,ANC,AK,AAL,WE,Towers with Radar,273,160,32,9,474,0,62,48,0,110,273,222,80,9,584,2,0,2,586
02/27/2020,ANC,AK,AAL,WE,Towers with Radar,296,168,19,5,488,0,49,131,0,180,296,217,150,5,668,4,0,4,672
02/28/2020,ANC,AK,AAL,WE,Towers with Radar,278,151,20,9,458,0,59,159,0,218,278,210,179,9,676,74,0,74,750
02/29/2020,ANC,AK,AAL,WE,Towers with Radar,282,89,13,9,393,0,8,75,0,83,282,97,88,9,476,10,0,10,486
03/01/2020,ANC,AK,AAL,WE,Towers with Radar,236,92,11,3,342,0,0,2,0,2,236,92,13,3,344,0,0,0,344
03/02/2020,ANC,AK,AAL,WE,Towers with Radar,254,169,27,1,451,0,3,22,0,25,254,172,49,1,476,0,0,0,476
03/03/2020,ANC,AK,AAL,WE,Towers with Radar,235,144,26,7,412,0,48,99,3,150,235,192,125,10,562,16,0,16,578
03/04/2020,ANC,AK,AAL,WE,Towers with Radar,293,152,17,6,468,0,48,97,0,145,293,200,114,6,613,8,0,8,621
03/05/2020,ANC,AK,AAL,WE,Towers with Radar,285,122,18,5,430,0,48,57,0,105,285,170,75,5,535,20,0,20,555
03/06/2020,ANC,AK,AAL,WE,Towers with Radar,292,151,25,7,475,0,61,194,1,256,292,212,219,8,731,40,0,40,771
03/07/2020,ANC,AK,AAL,WE,Towers with Radar,285,113,9,5,412,0,7,5,0,12,285,120,14,5,424,2,0,2,426
03/08/2020,ANC,AK,AAL,WE,Towers with Radar,239,103,10,1,353,0,0,0,0,0,239,103,10,1,353,0,0,0,353
03/09/2020,ANC,AK,AAL,WE,Towers with Radar,285,160,45,1,491,0,31,45,0,76,285,191,90,1,567,0,0,0,567
03/10/2020,ANC,AK,AAL,WE,Towers with Radar,253,141,19,6,419,0,45,171,4,220,253,186,190,10,639,72,0,72,711
03/11/2020,ANC,AK,AAL,WE,Towers with Radar,297,160,13,5,475,37,50,134,1,222,334,210,147,6,697,22,0,22,719
03/12/2020,ANC,AK,AAL,WE,Towers with Radar,293,132,19,10,454,0,36,135,2,173,293,168,154,12,627,30,0,30,657
03/13/2020,ANC,AK,AAL,WE,Towers with Radar,297,140,21,7,465,0,38,160,0,198,297,178,181,7,663,16,0,16,679
03/14/2020,ANC,AK,AAL,WE,Towers with Radar,304,94,11,7,416,0,18,152,0,170,304,112,163,7,586,62,0,62,648
03/15/2020,ANC,AK,AAL,WE,Towers with Radar,247,90,8,0,345,0,20,132,0,152,247,110,140,0,497,0,0,0,497
03/16/2020,ANC,AK,AAL,WE,Towers with Radar,296,140,18,3,457,0,32,165,4,201,296,172,183,7,658,26,0,26,684
03/17/2020,ANC,AK,AAL,WE,Towers with Radar,247,162,35,7,451,0,12,35,0,47,247,174,70,7,498,24,0,24,522
03/18/2020,ANC,AK,AAL,WE,Towers with Radar,317,182,37,13,549,0,1,5,0,6,317,183,42,13,555,16,0,16,571
03/19/2020,ANC,AK,AAL,WE,Towers with Radar,312,171,23,6,512,0,2,3,1,6,312,173,26,7,518,0,0,0,518
03/20/2020,ANC,AK,AAL,WE,Towers with Radar,300,123,26,3,452,0,31,127,2,160,300,154,153,5,612,18,0,18,630
03/21/2020,ANC,AK,AAL,WE,Towers with Radar,306,114,18,10,448,0,0,7,0,7,306,114,25,10,455,2,0,2,457
03/22/2020,ANC,AK,AAL,WE,Towers with Radar,253,59,11,3,326,0,22,187,0,209,253,81,198,3,535,32,0,32,567
03/23/2020,ANC,AK,AAL,WE,Towers with Radar,288,98,15,4,405,0,26,139,0,165,288,124,154,4,570,34,0,34,604
03/24/2020,ANC,AK,AAL,WE,Towers with Radar,281,99,22,7,409,0,21,86,1,108,281,120,108,8,517,17,0,17,534
03/25/2020,ANC,AK,AAL,WE,Towers with Radar,301,120,14,5,440,0,19,59,0,78,301,139,73,5,518,18,0,18,536
03/26/2020,ANC,AK,AAL,WE,Towers with Radar,327,122,19,9,477,0,13,125,1,139,327,135,144,10,616,56,0,56,672
03/27/2020,ANC,AK,AAL,WE,Towers with Radar,293,97,15,9,414,0,15,78,0,93,293,112,93,9,507,6,0,6,513
03/28/2020,ANC,AK,AAL,WE,Towers with Radar,309,82,24,6,421,0,5,114,0,119,309,87,138,6,540,10,0,10,550
03/29/2020,ANC,AK,AAL,WE,Towers with Radar,242,38,12,0,292,0,7,42,0,49,242,45,54,0,341,22,0,22,363
03/30/2020,ANC,AK,AAL,WE,Towers with Radar,293,94,16,0,403,0,18,65,0,83,293,112,81,0,486,30,0,30,516
03/31/2020,ANC,AK,AAL,WE,Towers with Radar,260,92,16,3,371,0,21,181,0,202,260,113,197,3,573,32,0,32,605
04/01/2020,ANC,AK,AAL,WE,Towers with Radar,304,99,30,7,440,0,16,64,4,84,304,115,94,11,524,18,0,18,542
04/02/2020,ANC,AK,AAL,WE,Towers with Radar,294,86,28,2,410,0,0,12,0,12,294,86,40,2,422,4,0,4,426
04/03/2020,ANC,AK,AAL,WE,Towers with Radar,273,95,13,8,389,0,11,13,0,24,273,106,26,8,413,0,0,0,413
04/04/2020,ANC,AK,AAL,WE,Towers with Radar,279,44,7,4,334,0,1,66,0,67,279,45,73,4,401,14,0,14,415
04/05/2020,ANC,AK,AAL,WE,Towers with Radar,216,20,8,1,245,2,8,17,1,28,218,28,25,2,273,0,0,0,273
04/06/2020,ANC,AK,AAL,WE,Towers with Radar,271,51,19,6,347,0,18,70,0,88,271,69,89,6,435,6,0,6,441
04/07/2020,ANC,AK,AAL,WE,Towers with Radar,260,82,18,5,365,0,19,96,0,115,260,101,114,5,480,24,0,24,504
04/08/2020,ANC,AK,AAL,WE,Towers with Radar,283,70,17,5,375,0,34,87,0,121,283,104,104,5,496,12,0,12,508
04/09/2020,ANC,AK,AAL,WE,Towers with Radar,302,74,31,3,410,0,39,191,2,232,302,113,222,5,642,16,0,16,658
04/10/2020,ANC,AK,AAL,WE,Towers with Radar,261,80,48,5,394,0,10,212,2,224,261,90,260,7,618,22,0,22,640
04/11/2020,ANC,AK,AAL,WE,Towers with Radar,275,45,13,5,338,0,6,177,0,183,275,51,190,5,521,24,0,24,545
04/12/2020,ANC,AK,AAL,WE,Towers with Radar,217,26,11,2,256,0,3,16,0,19,217,29,27,2,275,0,0,0,275
04/13/2020,ANC,AK,AAL,WE,Towers with Radar,258,66,15,0,339,0,2,31,0,33,258,68,46,0,372,5,0,5,377
04/14/2020,ANC,AK,AAL,WE,Towers with Radar,281,55,22,4,362,0,14,135,2,151,281,69,157,6,513,16,0,16,529
04/15/2020,ANC,AK,AAL,WE,Towers with Radar,286,75,21,3,385,0,10,49,4,63,286,85,70,7,448,6,0,6,454
04/16/2020,ANC,AK,AAL,WE,Towers with Radar,320,86,18,5,429,0,0,6,0,6,320,86,24,5,435,0,0,0,435
04/17/2020,ANC,AK,AAL,WE,Towers with Radar,301,92,20,10,423,0,11,54,0,65,301,103,74,10,488,20,0,20,508
04/18/2020,ANC,AK,AAL,WE,Towers with Radar,289,36,19,3,347,0,4,138,0,142,289,40,157,3,489,38,0,38,527
04/19/2020,ANC,AK,AAL,WE,Towers with Radar,238,27,16,2,283,0,7,85,1,93,238,34,101,3,376,14,0,14,390
04/20/2020,ANC,AK,AAL,WE,Towers with Radar,284,78,37,3,402,0,7,11,0,18,284,85,48,3,420,10,0,10,430
04/21/2020,ANC,AK,AAL,WE,Towers with Radar,280,98,23,7,408,0,2,12,0,14,280,100,35,7,422,6,0,6,428
04/22/2020,ANC,AK,AAL,WE,Towers with Radar,310,97,28,7,442,0,5,60,0,65,310,102,88,7,507,60,0,60,567
04/23/2020,ANC,AK,AAL,WE,Towers with Radar,327,82,20,8,437,0,16,106,1,123,327,98,126,9,560,16,0,16,576
04/24/2020,ANC,AK,AAL,WE,Towers with Radar,299,79,27,9,414,0,18,164,4,186,299,97,191,13,600,53,0,53,653
04/25/2020,ANC,AK,AAL,WE,Towers with Radar,306,56,7,10,379,2,22,278,3,305,308,78,285,13,684,58,0,58,742
04/26/2020,ANC,AK,AAL,WE,Towers with Radar,241,33,19,2,295,0,20,212,4,236,241,53,231,6,531,50,0,50,581
04/27/2020,ANC,AK,AAL,WE,Towers with Radar,298,75,28,3,404,0,25,199,2,226,298,100,227,5,630,38,0,38,668
04/28/2020,ANC,AK,AAL,WE,Towers with Radar,292,67,33,5,397,2,18,214,2,236,294,85,247,7,633,68,0,68,701
04/29/2020,ANC,AK,AAL,WE,Towers with Radar,328,69,22,8,427,0,21,183,2,206,328,90,205,10,633,40,0,40,673
04/30/2020,ANC,AK,AAL,WE,Towers with Radar,327,78,31,7,443,0,16,175,3,194,327,94,206,10,637,9,0,9,646
05/01/2020,ANC,AK,AAL,WE,Towers with Radar,307,90,37,11,445,0,21,214,8,243,307,111,251,19,688,56,0,56,744
05/02/2020,ANC,AK,AAL,WE,Towers with Radar,308,56,25,9,398,0,9,271,0,280,308,65,296,9,678,66,0,66,744
05/03/2020,ANC,AK,AAL,WE,Towers with Radar,249,40,17,3,309,0,12,166,0,178,249,52,183,3,487,74,0,74,561
05/04/2020,ANC,AK,AAL,WE,Towers with Radar,283,82,15,1,381,1,10,88,2,101,284,92,103,3,482,102,0,102,584
05/05/2020,ANC,AK,AAL,WE,Towers with Radar,300,79,32,4,415,0,26,252,1,279,300,105,284,5,694,63,0,63,757
05/06/2020,ANC,AK,AAL,WE,Towers with Radar,309,92,36,8,445,0,90,201,3,294,309,182,237,11,739,70,0,70,809
05/07/2020,ANC,AK,AAL,WE,Towers with Radar,326,85,24,5,440,0,30,147,0,177,326,115,171,5,617,48,0,48,665
05/08/2020,ANC,AK,AAL,WE,Towers with Radar,300,93,45,8,446,0,18,134,1,153,300,111,179,9,599,56,0,56,655
05/09/2020,ANC,AK,AAL,WE,Towers with Radar,307,65,15,8,395,0,10,346,0,356,307,75,361,8,751,70,0,70,821
05/10/2020,ANC,AK,AAL,WE,Towers with Radar,256,44,20,1,321,0,15,182,0,197,256,59,202,1,518,36,0,36,554
05/11/2020,ANC,AK,AAL,WE,Towers with Radar,301,83,41,4,429,0,12,121,0,133,301,95,162,4,562,28,0,28,590
05/12/2020,ANC,AK,AAL,WE,Towers with Radar,326,89,27,6,448,0,35,313,1,349,326,124,340,7,797,49,0,49,846
05/13/2020,ANC,AK,AAL,WE,Towers with Radar,350,79,29,7,465,0,36,138,0,174,350,115,167,7,639,20,0,20,659
05/14/2020,ANC,AK,AAL,WE,Towers with Radar,333,95,27,7,462,0,23,106,0,129,333,118,133,7,591,28,0,28,619
05/15/2020,ANC,AK,AAL,WE,Towers with Radar,329,91,41,7,468,0,42,307,0,349,329,133,348,7,817,87,0,87,904
05/16/2020,ANC,AK,AAL,WE,Towers with Radar,314,58,28,11,411,0,22,361,2,385,314,80,389,13,796,42,0,42,838
05/17/2020,ANC,AK,AAL,WE,Towers with Radar,308,35,24,0,367,0,11,330,0,341,308,46,354,0,708,23,0,23,731
05/18/2020,ANC,AK,AAL,WE,Towers with Radar,296,95,30,8,429,0,32,134,1,167,296,127,164,9,596,34,0,34,630
05/19/2020,ANC,AK,AAL,WE,Towers with Radar,326,99,24,5,454,1,31,246,0,278,327,130,270,5,732,24,0,24,756
05/20/2020,ANC,AK,AAL,WE,Towers with Radar,349,97,36,4,486,2,47,293,1,343,351,144,329,5,829,38,0,38,867
05/21/2020,ANC,AK,AAL,WE,Towers with Radar,360,107,30,3,500,0,52,147,1,200,360,159,177,4,700,44,0,44,744
05/22/2020,ANC,AK,AAL,WE,Towers with Radar,324,107,29,12,472,0,52,217,0,269,324,159,246,12,741,65,0,65,806
05/23/2020,ANC,AK,AAL,WE,Towers with Radar,321,64,16,8,409,0,31,242,0,273,321,95,258,8,682,42,0,42,724
05/24/2020,ANC,AK,AAL,WE,Towers with Radar,291,32,15,0,338,0,16,73,0,89,291,48,88,0,427,2,0,2,429
05/25/2020,ANC,AK,AAL,WE,Towers with Radar,293,28,31,0,352,0,45,316,3,364,293,73,347,3,716,86,0,86,802
05/26/2020,ANC,AK,AAL,WE,Towers with Radar,305,90,22,8,425,0,71,196,5,272,305,161,218,13,697,94,0,94,791
05/27/2020,ANC,AK,AAL,WE,Towers with Radar,352,89,33,6,480,0,57,340,0,397,352,146,373,6,877,74,0,74,951
05/28/2020,ANC,AK,AAL,WE,Towers with Radar,332,89,48,7,476,0,47,324,4,375,332,136,372,11,851,26,0,26,877
05/29/2020,ANC,AK,AAL,WE,Towers with Radar,321,109,61,9,500,0,51,377,2,430,321,160,438,11,930,44,0,44,974
05/30/2020,ANC,AK,AAL,WE,Towers with Radar,323,67,23,12,425,0,34,206,0,240,323,101,229,12,665,24,0,24,689
05/31/2020,ANC,AK,AAL,WE,Towers with Radar,274,32,14,4,324,0,28,197,1,226,274,60,211,5,550,40,0,40,590
06/01/2020,ANC,AK,AAL,WE,Towers with Radar,299,98,39,5,441,0,45,221,0,266,299,143,260,5,707,68,0,68,775
06/02/2020,ANC,AK,AAL,WE,Towers with Radar,318,107,39,7,471,2,43,263,46,354,320,150,302,53,825,30,0,30,855
06/03/2020,ANC,AK,AAL,WE,Towers with Radar,352,112,32,11,507,0,41,274,5,320,352,153,306,16,827,20,0,20,847
06/04/2020,ANC,AK,AAL,WE,Towers with Radar,356,95,22,8,481,0,51,359,4,414,356,146,381,12,895,60,0,60,955
06/05/2020,ANC,AK,AAL,WE,Towers with Radar,341,94,42,9,486,0,41,383,1,425,341,135,425,10,911,30,0,30,941
06/06/2020,ANC,AK,AAL,WE,Towers with Radar,350,79,31,6,466,0,23,351,4,378,350,102,382,10,844,104,0,104,948
06/07/2020,ANC,AK,AAL,WE,Towers with Radar,296,57,53,6,412,0,29,403,6,438,296,86,456,12,850,68,0,68,918
06/08/2020,ANC,AK,AAL,WE,Towers with Radar,322,99,25,3,449,0,33,185,5,223,322,132,210,8,672,26,0,26,698
06/09/2020,ANC,AK,AAL,WE,Towers with Radar,318,104,48,13,483,0,45,107,0,152,318,149,155,13,635,38,0,38,673
06/10/2020,ANC,AK,AAL,WE,Towers with Radar,365,118,43,11,537,0,65,322,4,391,365,183,365,15,928,28,2,30,958
06/11/2020,ANC,AK,AAL,WE,Towers with Radar,375,101,37,10,523,0,68,391,6,465,375,169,428,16,988,62,0,62,1050
06/12/2020,ANC,AK,AAL,WE,Towers with Radar,368,107,42,8,525,0,59,428,5,492,368,166,470,13,1017,26,0,26,1043
06/13/2020,ANC,AK,AAL,WE,Towers with Radar,358,75,30,12,475,1,52,354,0,407,359,127,384,12,882,68,0,68,950
06/14/2020,ANC,AK,AAL,WE,Towers with Radar,294,41,31,2,368,2,41,372,0,415,296,82,403,2,783,32,0,32,815
06/15/2020,ANC,AK,AAL,WE,Towers with Radar,323,98,32,6,459,0,67,345,4,416,323,165,377,10,875,30,0,30,905
06/16/2020,ANC,AK,AAL,WE,Towers with Radar,317,110,41,14,482,0,88,226,5,319,317,198,267,19,801,26,0,26,827
06/17/2020,ANC,AK,AAL,WE,Towers with Radar,354,98,35,9,496,0,44,180,0,224,354,142,215,9,720,53,0,53,773
06/18/2020,ANC,AK,AAL,WE,Towers with Radar,372,92,43,13,520,0,74,345,3,422,372,166,388,16,942,80,0,80,1022
06/19/2020,ANC,AK,AAL,WE,Towers with Radar,352,121,40,9,522,0,49,185,1,235,352,170,225,10,757,56,0,56,813
06/20/2020,ANC,AK,AAL,WE,Towers with Radar,341,72,29,8,450,0,54,330,1,385,341,126,359,9,835,34,0,34,869
06/21/2020,ANC,AK,AAL,WE,Towers with Radar,311,48,28,4,391,0,60,264,1,325,311,108,292,5,716,0,0,0,716
06/22/2020,ANC,AK,AAL,WE,Towers with Radar,319,93,45,13,470,0,73,269,5,347,319,166,314,18,817,38,0,38,855
06/23/2020,ANC,AK,AAL,WE,Towers with Radar,311,110,30,13,464,0,51,270,0,321,311,161,300,13,785,29,0,29,814
06/24/2020,ANC,AK,AAL,WE,Towers with Radar,354,120,31,16,521,0,64,214,2,280,354,184,245,18,801,70,0,70,871
06/25/2020,ANC,AK,AAL,WE,Towers with Radar,366,115,52,12,545,0,54,347,4,405,366,169,399,16,950,36,0,36,986
06/26/2020,ANC,AK,AAL,WE,Towers with Radar,340,112,43,13,508,0,75,412,2,489,340,187,455,15,997,39,0,39,1036
06/27/2020,ANC,AK,AAL,WE,Towers with Radar,341,57,32,14,444,0,53,439,0,492,341,110,471,14,936,18,0,18,954
06/28/2020,ANC,AK,AAL,WE,Towers with Radar,281,55,36,11,383,0,27,147,0,174,281,82,183,11,557,28,0,28,585
06/29/2020,ANC,AK,AAL,WE,Towers with Radar,297,83,40,13,433,0,65,232,1,298,297,148,272,14,731,53,0,53,784
06/30/2020,ANC,AK,AAL,WE,Towers with Radar,300,94,45,10,449,0,70,327,2,399,300,164,372,12,848,36,0,36,884
07/01/2020,ANC,AK,AAL,WE,Towers with Radar,341,118,39,13,511,0,89,412,2,503,341,207,451,15,1014,66,0,66,1080
07/02/2020,ANC,AK,AAL,WE,Towers with Radar,339,89,33,15,476,1,105,446,0,552,340,194,479,15,1028,38,0,38,1066
07/03/2020,ANC,AK,AAL,WE,Towers with Radar,349,78,30,9,466,0,94,467,1,562,349,172,497,10,1028,16,0,16,1044
07/04/2020,ANC,AK,AAL,WE,Towers with Radar,312,30,38,11,391,0,58,266,0,324,312,88,304,11,715,6,0,6,721
07/05/2020,ANC,AK,AAL,WE,Towers with Radar,286,55,34,11,386,0,72,308,0,380,286,127,342,11,766,14,0,14,780
07/06/2020,ANC,AK,AAL,WE,Towers with Radar,294,115,56,14,479,0,47,158,2,207,294,162,214,16,686,14,0,14,700
07/07/2020,ANC,AK,AAL,WE,Towers with Radar,300,113,49,16,478,0,59,258,1,318,300,172,307,17,796,52,0,52,848
07/08/2020,ANC,AK,AAL,WE,Towers with Radar,346,139,64,14,563,0,33,44,0,77,346,172,108,14,640,57,0,57,697
07/09/2020,ANC,AK,AAL,WE,Towers with Radar,354,119,46,17,536,0,80,291,0,371,354,199,337,17,907,50,0,50,957
07/10/2020,ANC,AK,AAL,WE,Towers with Radar,340,109,46,12,507,0,59,388,0,447,340,168,434,12,954,29,0,29,983
07/11/2020,ANC,AK,AAL,WE,Towers with Radar,351,80,35,11,477,0,53,272,0,325,351,133,307,11,802,64,0,64,866
07/12/2020,ANC,AK,AAL,WE,Towers with Radar,301,62,39,12,414,0,40,140,0,180,301,102,179,12,594,32,0,32,626
07/13/2020,ANC,AK,AAL,WE,Towers with Radar,307,89,40,13,449,0,91,366,5,462,307,180,406,18,911,46,0,46,957
07/14/2020,ANC,AK,AAL,WE,Towers with Radar,321,111,28,12,472,0,90,439,0,529,321,201,467,12,1001,40,0,40,1041
07/15/2020,ANC,AK,AAL,WE,Towers with Radar,336,101,38,12,487,0,87,472,2,561,336,188,510,14,1048,22,2,24,1072
07/16/2020,ANC,AK,AAL,WE,Towers with Radar,361,102,42,12,517,0,77,366,1,444,361,179,408,13,961,40,0,40,1001
07/17/2020,ANC,AK,AAL,WE,Towers with Radar,343,101,44,15,503,0,85,284,0,369,343,186,328,15,872,54,0,54,926
07/18/2020,ANC,AK,AAL,WE,Towers with Radar,353,56,25,9,443,0,75,314,0,389,353,131,339,9,832,50,0,50,882
07/19/2020,ANC,AK,AAL,WE,Towers with Radar,285,49,42,6,382,0,69,239,4,312,285,118,281,10,694,14,0,14,708
07/20/2020,ANC,AK,AAL,WE,Towers with Radar,300,85,32,5,422,0,97,234,1,332,300,182,266,6,754,26,0,26,780
07/21/2020,ANC,AK,AAL,WE,Towers with Radar,308,105,44,10,467,0,98,378,5,481,308,203,422,15,948,24,0,24,972
07/22/2020,ANC,AK,AAL,WE,Towers with Radar,338,93,52,7,490,1,79,252,3,335,339,172,304,10,825,22,0,22,847
07/23/2020,ANC,AK,AAL,WE,Towers with Radar,370,94,63,12,539,1,98,500,3,602,371,192,563,15,1141,84,0,84,1225
07/24/2020,ANC,AK,AAL,WE,Towers with Radar,342,122,63,13,540,0,78,181,1,260,342,200,244,14,800,52,0,52,852
07/25/2020,ANC,AK,AAL,WE,Towers with Radar,362,83,50,8,503,0,50,204,0,254,362,133,254,8,757,42,0,42,799
07/26/2020,ANC,AK,AAL,WE,Towers with Radar,289,50,45,2,386,0,108,417,0,525,289,158,462,2,911,64,0,64,975
07/27/2020,ANC,AK,AAL,WE,Towers with Radar,319,88,40,7,454,0,99,384,3,486,319,187,424,10,940,34,0,34,974
07/28/2020,ANC,AK,AAL,WE,Towers with Radar,305,110,34,11,460,0,93,427,2,522,305,203,461,13,982,42,0,42,1024
07/29/2020,ANC,AK,AAL,WE,Towers with Radar,354,108,41,11,514,1,105,425,4,535,355,213,466,15,1049,30,0,30,1079
07/30/2020,ANC,AK,AAL,WE,Towers with Radar,353,116,44,6,519,0,96,200,2,298,353,212,244,8,817,38,0,38,855
07/31/2020,ANC,AK,AAL,WE,Towers with Radar,354,110,53,11,528,0,119,430,5,554,354,229,483,16,1082,38,0,38,1120
08/01/2020,ANC,AK,AAL,WE,Towers with Radar,347,86,33,11,477,0,46,115,1,162,347,132,148,12,639,14,0,14,653
08/02/2020,ANC,AK,AAL,WE,Towers with Radar,302,62,42,8,414,0,60,192,0,252,302,122,234,8,666,22,0,22,688
08/03/2020,ANC,AK,AAL,WE,Towers with Radar,310,106,48,5,469,0,77,247,2,326,310,183,295,7,795,8,0,8,803
08/04/2020,ANC,AK,AAL,WE,Towers with Radar,312,106,34,10,462,0,98,428,4,530,312,204,462,14,992,46,0,46,1038
08/05/2020,ANC,AK,AAL,WE,Towers with Radar,336,86,26,12,460,3,128,408,4,543,339,214,434,16,1003,2,0,2,1005
08/06/2020,ANC,AK,AAL,WE,Towers with Radar,353,93,37,13,496,0,67,239,4,310,353,160,276,17,806,23,0,23,829
08/07/2020,ANC,AK,AAL,WE,Towers with Radar,350,101,30,10,491,0,145,347,0,492,350,246,377,10,983,18,0,18,1001
08/08/2020,ANC,AK,AAL,WE,Towers with Radar,340,75,23,12,450,0,97,289,0,386,340,172,312,12,836,12,0,12,848
08/09/2020,ANC,AK,AAL,WE,Towers with Radar,292,89,22,1,404,0,81,354,9,444,292,170,376,10,848,56,0,56,904
08/10/2020,ANC,AK,AAL,WE,Towers with Radar,340,102,42,7,491,0,95,325,0,420,340,197,367,7,911,58,0,58,969
08/11/2020,ANC,AK,AAL,WE,Towers with Radar,319,102,62,7,490,0,89,188,1,278,319,191,250,8,768,106,0,106,874
08/12/2020,ANC,AK,AAL,WE,Towers with Radar,357,104,64,8,533,0,78,320,3,401,357,182,384,11,934,28,0,28,962
08/13/2020,ANC,AK,AAL,WE,Towers with Radar,344,95,32,7,478,0,112,407,6,525,344,207,439,13,1003,40,0,40,1043
08/14/2020,ANC,AK,AAL,WE,Towers with Radar,360,122,46,8,536,0,124,429,4,557,360,246,475,12,1093,62,0,62,1155
08/15/2020,ANC,AK,AAL,WE,Towers with Radar,342,72,29,7,450,0,99,236,0,335,342,171,265,7,785,24,0,24,809
08/16/2020,ANC,AK,AAL,WE,Towers with Radar,277,55,42,2,376,0,105,392,2,499,277,160,434,4,875,10,0,10,885
08/17/2020,ANC,AK,AAL,WE,Towers with Radar,323,76,22,10,431,0,113,366,3,482,323,189,388,13,913,50,0,50,963
08/18/2020,ANC,AK,AAL,WE,Towers with Radar,311,99,20,12,442,0,73,200,2,275,311,172,220,14,717,44,0,44,761
08/19/2020,ANC,AK,AAL,WE,Towers with Radar,332,106,37,13,488,0,84,328,2,414,332,190,365,15,902,48,0,48,950
08/20/2020,ANC,AK,AAL,WE,Towers with Radar,365,119,92,13,589,0,70,374,1,445,365,189,466,14,1034,50,0,50,1084
08/21/2020,ANC,AK,AAL,WE,Towers with Radar,363,107,44,12,526,0,108,509,3,620,363,215,553,15,1146,74,0,74,1220
08/22/2020,ANC,AK,AAL,WE,Towers with Radar,346,52,27,8,433,0,92,459,1,552,346,144,486,9,985,24,0,24,1009
08/23/2020,ANC,AK,AAL,WE,Towers with Radar,310,50,41,2,403,0,101,243,0,344,310,151,284,2,747,34,0,34,781
08/24/2020,ANC,AK,AAL,WE,Towers with Radar,315,116,42,7,480,0,79,149,8,236,315,195,191,15,716,16,0,16,732
08/25/2020,ANC,AK,AAL,WE,Towers with Radar,311,135,49,9,504,0,42,97,0,139,311,177,146,9,643,33,0,33,676
08/26/2020,ANC,AK,AAL,WE,Towers with Radar,337,123,57,9,526,0,55,173,3,231,337,178,230,12,757,34,0,34,791
08/27/2020,ANC,AK,AAL,WE,Towers with Radar,334,97,55,6,492,0,92,327,3,422,334,189,382,9,914,8,0,8,922
08/28/2020,ANC,AK,AAL,WE,Towers with Radar,345,99,56,11,511,1,111,493,1,606,346,210,549,12,1117,102,0,102,1219
08/29/2020,ANC,AK,AAL,WE,Towers with Radar,357,68,33,7,465,2,77,303,0,382,359,145,336,7,847,16,0,16,863
08/30/2020,ANC,AK,AAL,WE,Towers with Radar,314,43,37,5,399,0,87,207,6,300,314,130,244,11,699,60,0,60,759
08/31/2020,ANC,AK,AAL,WE,Towers with Radar,324,107,41,4,476,0,77,84,0,161,324,184,125,4,637,4,0,4,641
09/01/2020,ANC,AK,AAL,WE,Towers with Radar,305,119,50,7,481,1,82,229,0,312,306,201,279,7,793,44,0,44,837
09/02/2020,ANC,AK,AAL,WE,Towers with Radar,353,116,48,11,528,0,74,196,1,271,353,190,244,12,799,30,0,30,829
09/03/2020,ANC,AK,AAL,WE,Towers with Radar,348,125,42,6,521,0,64,227,2,293,348,189,269,8,814,26,0,26,840
09/04/2020,ANC,AK,AAL,WE,Towers with Radar,344,108,38,9,499,2,136,462,0,600,346,244,500,9,1099,14,0,14,1113
09/05/2020,ANC,AK,AAL,WE,Towers with Radar,334,68,29,8,439,0,79,416,3,498,334,147,445,11,937,56,0,56,993
09/06/2020,ANC,AK,AAL,WE,Towers with Radar,309,38,15,4,366,0,47,259,1,307,309,85,274,5,673,20,0,20,693
09/07/2020,ANC,AK,AAL,WE,Towers with Radar,307,41,31,2,381,0,60,63,0,123,307,101,94,2,504,0,0,0,504
09/08/2020,ANC,AK,AAL,WE,Towers with Radar,306,84,40,8,438,1,84,230,0,315,307,168,270,8,753,51,0,51,804
09/09/2020,ANC,AK,AAL,WE,Towers with Radar,345,100,36,10,491,0,112,242,2,356,345,212,278,12,847,12,0,12,859
09/10/2020,ANC,AK,AAL,WE,Towers with Radar,365,98,39,9,511,0,102,374,1,477,365,200,413,10,988,22,0,22,1010
09/11/2020,ANC,AK,AAL,WE,Towers with Radar,347,106,39,11,503,0,135,453,2,590,347,241,492,13,1093,64,0,64,1157
09/12/2020,ANC,AK,AAL,WE,Towers with Radar,345,67,18,6,436,0,106,375,4,485,345,173,393,10,921,50,0,50,971
09/13/2020,ANC,AK,AAL,WE,Towers with Radar,284,38,31,4,357,0,96,470,3,569,284,134,501,7,926,64,0,64,990
09/14/2020,ANC,AK,AAL,WE,Towers with Radar,311,78,34,8,431,0,90,340,3,433,311,168,374,11,864,28,0,28,892
09/15/2020,ANC,AK,AAL,WE,Towers with Radar,286,106,48,5,445,0,88,163,2,253,286,194,211,7,698,28,0,28,726
09/16/2020,ANC,AK,AAL,WE,Towers with Radar,356,120,55,9,540,0,77,176,3,256,356,197,231,12,796,6,0,6,802
09/17/2020,ANC,AK,AAL,WE,Towers with Radar,358,133,38,4,533,0,40,49,1,90,358,173,87,5,623,0,0,0,623
09/18/2020,ANC,AK,AAL,WE,Towers with Radar,339,102,41,8,490,0,97,185,2,284,339,199,226,10,774,22,0,22,796
09/19/2020,ANC,AK,AAL,WE,Towers with Radar,359,75,35,9,478,0,63,290,2,355,359,138,325,11,833,10,0,10,843
09/20/2020,ANC,AK,AAL,WE,Towers with Radar,301,42,35,6,384,0,77,257,0,334,301,119,292,6,718,70,0,70,788
09/21/2020,ANC,AK,AAL,WE,Towers with Radar,319,138,79,2,538,0,70,243,0,313,319,208,322,2,851,18,0,18,869
09/22/2020,ANC,AK,AAL,WE,Towers with Radar,319,84,37,8,448,0,80,172,0,252,319,164,209,8,700,48,0,48,748
09/23/2020,ANC,AK,AAL,WE,Towers with Radar,341,105,30,9,485,0,91,239,1,331,341,196,269,10,816,38,0,38,854
09/24/2020,ANC,AK,AAL,WE,Towers with Radar,348,132,38,14,532,0,65,171,2,238,348,197,209,16,770,70,0,70,840
09/25/2020,ANC,AK,AAL,WE,Towers with Radar,339,144,67,10,560,1,68,199,0,268,340,212,266,10,828,20,0,20,848
09/26/2020,ANC,AK,AAL,WE,Towers with Radar,336,77,42,10,465,0,81,273,0,354,336,158,315,10,819,86,0,86,905
09/27/2020,ANC,AK,AAL,WE,Towers with Radar,320,26,17,3,366,0,50,135,1,186,320,76,152,4,552,0,0,0,552
09/28/2020,ANC,AK,AAL,WE,Towers with Radar,336,107,28,2,473,0,61,151,0,212,336,168,179,2,685,54,0,54,739
09/29/2020,ANC,AK,AAL,WE,Towers with Radar,322,88,32,7,449,0,70,258,2,330,322,158,290,9,779,18,0,18,797
09/30/2020,ANC,AK,AAL,WE,Towers with Radar,349,109,33,6,497,0,37,60,0,97,349,146,93,6,594,14,0,14,608
10/01/2020,ANC,AK,AAL,WE,Towers with Radar,353,88,31,6,478,0,37,75,2,114,353,125,106,8,592,0,0,0,592
10/02/2020,ANC,AK,AAL,WE,Towers with Radar,337,88,27,5,457,0,47,93,2,142,337,135,120,7,599,8,0,8,607
10/03/2020,ANC,AK,AAL,WE,Towers with Radar,326,62,27,12,427,0,22,100,3,125,326,84,127,15,552,8,0,8,560
10/04/2020,ANC,AK,AAL,WE,Towers with Radar,250,40,23,1,314,1,24,330,0,355,251,64,353,1,669,80,0,80,749
10/05/2020,ANC,AK,AAL,WE,Towers with Radar,291,91,22,8,412,0,49,314,1,364,291,140,336,9,776,44,0,44,820
10/06/2020,ANC,AK,AAL,WE,Towers with Radar,284,88,32,5,409,0,48,303,3,354,284,136,335,8,763,31,0,31,794
10/07/2020,ANC,AK,AAL,WE,Towers with Radar,312,85,35,6,438,0,41,142,4,187,312,126,177,10,625,28,0,28,653
10/08/2020,ANC,AK,AAL,WE,Towers with Radar,313,95,45,10,463,0,38,173,6,217,313,133,218,16,680,32,0,32,712
10/09/2020,ANC,AK,AAL,WE,Towers with Radar,317,102,39,7,465,0,61,307,2,370,317,163,346,9,835,138,0,138,973
10/10/2020,ANC,AK,AAL,WE,Towers with Radar,305,70,20,7,402,0,29,334,2,365,305,99,354,9,767,42,0,42,809
10/11/2020,ANC,AK,AAL,WE,Towers with Radar,297,34,24,5,360,0,25,197,0,222,297,59,221,5,582,14,0,14,596
10/12/2020,ANC,AK,AAL,WE,Towers with Radar,341,63,29,2,435,0,43,207,1,251,341,106,236,3,686,68,0,68,754
10/13/2020,ANC,AK,AAL,WE,Towers with Radar,329,116,31,7,483,0,40,271,3,314,329,156,302,10,797,32,0,32,829
10/14/2020,ANC,AK,AAL,WE,Towers with Radar,354,138,41,9,542,0,36,114,2,152,354,174,155,11,694,0,0,0,694
10/15/2020,ANC,AK,AAL,WE,Towers with Radar,341,123,49,4,517,0,19,155,0,174,341,142,204,4,691,118,0,118,809
10/16/2020,ANC,AK,AAL,WE,Towers with Radar,359,86,40,4,489,0,35,255,2,292,359,121,295,6,781,64,0,64,845
10/17/2020,ANC,AK,AAL,WE,Towers with Radar,345,60,11,10,426,0,21,252,2,275,345,81,263,12,701,56,0,56,757
10/18/2020,ANC,AK,AAL,WE,Towers with Radar,307,45,21,4,377,0,3,19,0,22,307,48,40,4,399,18,0,18,417
10/19/2020,ANC,AK,AAL,WE,Towers with Radar,361,102,29,7,499,0,13,122,0,135,361,115,151,7,634,59,0,59,693
10/20/2020,ANC,AK,AAL,WE,Towers with Radar,329,88,31,5,453,0,30,169,0,199,329,118,200,5,652,50,0,50,702
10/21/2020,ANC,AK,AAL,WE,Towers with Radar,379,80,19,7,485,0,46,200,2,248,379,126,219,9,733,56,0,56,789
10/22/2020,ANC,AK,AAL,WE,Towers with Radar,362,88,25,7,482,0,32,184,0,216,362,120,209,7,698,54,0,54,752
10/23/2020,ANC,AK,AAL,WE,Towers with Radar,353,66,19,13,451,0,27,143,0,170,353,93,162,13,621,70,0,70,691
10/24/2020,ANC,AK,AAL,WE,Towers with Radar,366,70,22,10,468,1,11,87,0,99,367,81,109,10,567,28,0,28,595
10/25/2020,ANC,AK,AAL,WE,Towers with Radar,310,67,15,2,394,0,1,15,0,16,310,68,30,2,410,4,0,4,414
10/26/2020,ANC,AK,AAL,WE,Towers with Radar,360,110,19,3,492,0,6,9,0,15,360,116,28,3,507,16,0,16,523
10/27/2020,ANC,AK,AAL,WE,Towers with Radar,318,128,56,11,513,0,5,13,1,19,318,133,69,12,532,20,0,20,552
10/28/2020,ANC,AK,AAL,WE,Towers with Radar,368,137,35,10,550,0,1,3,0,4,368,138,38,10,554,0,0,0,554
10/29/2020,ANC,AK,AAL,WE,Towers with Radar,341,123,51,11,526,0,13,46,0,59,341,136,97,11,585,10,0,10,595
10/30/2020,ANC,AK,AAL,WE,Towers with Radar,342,111,63,18,534,0,23,122,1,146,342,134,185,19,680,26,0,26,706
10/31/2020,ANC,AK,AAL,WE,Towers with Radar,334,58,12,10,414,0,8,93,0,101,334,66,105,10,515,38,0,38,553
11/01/2020,ANC,AK,AAL,WE,Towers with Radar,322,50,11,1,384,0,13,29,0,42,322,63,40,1,426,0,0,0,426
11/02/2020,ANC,AK,AAL,WE,Towers with Radar,382,82,22,7,493,0,20,32,0,52,382,102,54,7,545,6,0,6,551
11/03/2020,ANC,AK,AAL,WE,Towers with Radar,324,83,31,6,444,0,41,94,2,137,324,124,125,8,581,2,0,2,583
11/04/2020,ANC,AK,AAL,WE,Towers with Radar,362,98,31,9,500,0,31,95,0,126,362,129,126,9,626,14,0,14,640
11/05/2020,ANC,AK,AAL,WE,Towers with Radar,343,94,30,5,472,0,16,110,2,128,343,110,140,7,600,18,0,18,618
11/06/2020,ANC,AK,AAL,WE,Towers with Radar,351,125,37,8,521,0,0,0,0,0,351,125,37,8,521,0,0,0,521
11/07/2020,ANC,AK,AAL,WE,Towers with Radar,326,75,14,3,418,0,0,0,0,0,326,75,14,3,418,0,0,0,418
11/08/2020,ANC,AK,AAL,WE,Towers with Radar,288,64,5,5,362,0,0,0,0,0,288,64,5,5,362,0,0,0,362
11/09/2020,ANC,AK,AAL,WE,Towers with Radar,344,90,28,7,469,0,32,51,8,91,344,122,79,15,560,0,0,0,560
11/10/2020,ANC,AK,AAL,WE,Towers with Radar,342,84,31,9,466,0,19,62,2,83,342,103,93,11,549,18,0,18,567
11/11/2020,ANC,AK,AAL,WE,Towers with Radar,367,108,36,11,522,0,17,24,0,41,367,125,60,11,563,2,0,2,565
11/12/2020,ANC,AK,AAL,WE,Towers with Radar,342,118,30,14,504,0,1,0,0,1,342,119,30,14,505,0,0,0,505
11/13/2020,ANC,AK,AAL,WE,Towers with Radar,358,125,41,15,539,0,6,9,0,15,358,131,50,15,554,0,0,0,554
11/14/2020,ANC,AK,AAL,WE,Towers with Radar,349,83,31,16,479,0,0,0,0,0,349,83,31,16,479,0,0,0,479
11/15/2020,ANC,AK,AAL,WE,Towers with Radar,304,54,19,12,389,0,19,172,0,191,304,73,191,12,580,16,0,16,596
11/16/2020,ANC,AK,AAL,WE,Towers with Radar,353,74,34,11,472,0,34,114,2,150,353,108,148,13,622,16,0,16,638
11/17/2020,ANC,AK,AAL,WE,Towers with Radar,330,112,31,7,480,0,19,80,2,101,330,131,111,9,581,11,0,11,592
11/18/2020,ANC,AK,AAL,WE,Towers with Radar,361,122,30,10,523,0,22,63,3,88,361,144,93,13,611,17,0,17,628
11/19/2020,ANC,AK,AAL,WE,Towers with Radar,364,107,29,12,512,0,24,88,2,114,364,131,117,14,626,0,0,0,626
11/20/2020,ANC,AK,AAL,WE,Towers with Radar,338,104,18,7,467,0,26,77,5,108,338,130,95,12,575,25,0,25,600
11/21/2020,ANC,AK,AAL,WE,Towers with Radar,345,55,21,7,428,0,5,13,2,20,345,60,34,9,448,0,0,0,448
11/22/2020,ANC,AK,AAL,WE,Towers with Radar,322,43,10,6,381,0,7,61,0,68,322,50,71,6,449,34,0,34,483
11/23/2020,ANC,AK,AAL,WE,Towers with Radar,325,80,10,9,424,0,15,31,4,50,325,95,41,13,474,4,0,4,478
11/24/2020,ANC,AK,AAL,WE,Towers with Radar,321,120,26,7,474,4,31,153,2,190,325,151,179,9,664,25,0,25,689
11/25/2020,ANC,AK,AAL,WE,Towers with Radar,350,121,19,11,501,0,11,16,1,28,350,132,35,12,529,2,0,2,531
11/26/2020,ANC,AK,AAL,WE,Towers with Radar,292,15,11,0,318,0,9,7,1,17,292,24,18,1,335,0,0,0,335
11/27/2020,ANC,AK,AAL,WE,Towers with Radar,337,105,7,3,452,0,0,12,0,12,337,105,19,3,464,0,0,0,464
11/28/2020,ANC,AK,AAL,WE,Towers with Radar,346,54,8,8,416,0,3,53,0,56,346,57,61,8,472,40,0,40,512
11/29/2020,ANC,AK,AAL,WE,Towers with Radar,309,56,14,10,389,0,6,36,6,48,309,62,50,16,437,36,0,36,473
11/30/2020,ANC,AK,AAL,WE,Towers with Radar,358,91,15,7,471,0,16,58,1,75,358,107,73,8,546,10,0,10,556
12/01/2020,ANC,AK,AAL,WE,Towers with Radar,326,106,21,11,464,0,20,24,1,45,326,126,45,12,509,0,0,0,509
12/02/2020,ANC,AK,AAL,WE,Towers with Radar,353,133,26,8,520,0,5,3,0,8,353,138,29,8,528,6,0,6,534
12/03/2020,ANC,AK,AAL,WE,Towers with Radar,354,149,27,8,538,0,19,20,0,39,354,168,47,8,577,0,0,0,577
12/04/2020,ANC,AK,AAL,WE,Towers with Radar,333,126,18,11,488,0,13,18,2,33,333,139,36,13,521,0,0,0,521
12/05/2020,ANC,AK,AAL,WE,Towers with Radar,340,99,33,10,482,0,11,65,0,76,340,110,98,10,558,12,0,12,570
12/06/2020,ANC,AK,AAL,WE,Towers with Radar,297,40,19,3,359,0,12,37,0,49,297,52,56,3,408,28,0,28,436
12/07/2020,ANC,AK,AAL,WE,Towers with Radar,329,115,25,4,473,0,21,65,0,86,329,136,90,4,559,2,0,2,561
12/08/2020,ANC,AK,AAL,WE,Towers with Radar,300,128,18,6,452,0,7,9,0,16,300,135,27,6,468,0,0,0,468
12/09/2020,ANC,AK,AAL,WE,Towers with Radar,342,129,30,8,509,0,32,90,4,126,342,161,120,12,635,24,0,24,659
12/10/2020,ANC,AK,AAL,WE,Towers with Radar,333,147,29,11,520,0,2,5,0,7,333,149,34,11,527,0,0,0,527
12/11/2020,ANC,AK,AAL,WE,Towers with Radar,323,121,21,9,474,0,23,114,2,139,323,144,135,11,613,50,0,50,663
12/12/2020,ANC,AK,AAL,WE,Towers with Radar,336,85,40,9,470,0,9,101,0,110,336,94,141,9,580,34,20,54,634
12/13/2020,ANC,AK,AAL,WE,Towers with Radar,272,56,11,6,345,0,13,77,2,92,272,69,88,8,437,28,0,28,465
12/14/2020,ANC,AK,AAL,WE,Towers with Radar,327,97,20,5,449,0,24,39,1,64,327,121,59,6,513,0,0,0,513
12/15/2020,ANC,AK,AAL,WE,Towers with Radar,308,156,26,9,499,0,0,8,2,10,308,156,34,11,509,0,0,0,509
12/16/2020,ANC,AK,AAL,WE,Towers with Radar,315,152,36,10,513,0,2,5,0,7,315,154,41,10,520,6,0,6,526
12/17/2020,ANC,AK,AAL,WE,Towers with Radar,308,118,27,8,461,0,18,86,0,104,308,136,113,8,565,0,0,0,565
12/18/2020,ANC,AK,AAL,WE,Towers with Radar,329,157,26,9,521,0,9,79,1,89,329,166,105,10,610,46,0,46,656
12/19/2020,ANC,AK,AAL,WE,Towers with Radar,305,104,20,7,436,0,0,2,0,2,305,104,22,7,438,0,0,0,438
12/20/2020,ANC,AK,AAL,WE,Towers with Radar,255,79,13,2,349,0,6,14,2,22,255,85,27,4,371,6,0,6,377
12/21/2020,ANC,AK,AAL,WE,Towers with Radar,284,134,13,4,435,0,9,22,0,31,284,143,35,4,466,20,0,20,486
12/22/2020,ANC,AK,AAL,WE,Towers with Radar,267,96,14,7,384,0,3,3,0,6,267,99,17,7,390,0,0,0,390
12/23/2020,ANC,AK,AAL,WE,Towers with Radar,297,125,15,14,451,0,16,38,0,54,297,141,53,14,505,0,0,0,505
12/24/2020,ANC,AK,AAL,WE,Towers with Radar,272,127,13,3,415,0,9,45,1,55,272,136,58,4,470,22,0,22,492
12/25/2020,ANC,AK,AAL,WE,Towers with Radar,218,18,3,0,239,0,0,5,0,5,218,18,8,0,244,0,0,0,244
12/26/2020,ANC,AK,AAL,WE,Towers with Radar,294,71,7,8,380,0,1,25,1,27,294,72,32,9,407,140,0,140,547
12/27/2020,ANC,AK,AAL,WE,Towers with Radar,258,48,8,4,318,0,9,45,0,54,258,57,53,4,372,26,0,26,398
12/28/2020,ANC,AK,AAL,WE,Towers with Radar,317,115,29,5,466,0,15,29,0,44,317,130,58,5,510,0,0,0,510
12/29/2020,ANC,AK,AAL,WE,Towers with Radar,291,98,16,6,411,0,35,119,0,154,291,133,135,6,565,15,0,15,580
12/30/2020,ANC,AK,AAL,WE,Towers with Radar,327,118,20,12,477,0,22,39,3,64,327,140,59,15,541,0,0,0,541
12/31/2020,ANC,AK,AAL,WE,Towers with Radar,291,94,22,2,409,0,24,162,1,187,291,118,184,3,596,20,0,20,616
01/01/2021,ANC,AK,AAL,WE,Towers with Radar,246,19,8,0,273,0,4,41,0,45,246,23,49,0,318,0,0,0,318
01/02/2021,ANC,AK,AAL,WE,Towers with Radar,277,86,25,9,397,0,10,45,0,55,277,96,70,9,452,4,0,4,456
01/03/2021,ANC,AK,AAL,WE,Towers with Radar,254,80,18,7,359,0,6,67,0,73,254,86,85,7,432,28,0,28,460
01/04/2021,ANC,AK,AAL,WE,Towers with Radar,272,138,16,3,429,0,15,45,0,60,272,153,61,3,489,18,0,18,507
01/05/2021,ANC,AK,AAL,WE,Towers with Radar,280,115,23,12,430,0,28,92,0,120,280,143,115,12,550,30,0,30,580
01/06/2021,ANC,AK,AAL,WE,Towers with Radar,286,128,24,10,448,0,14,73,0,87,286,142,97,10,535,20,0,20,555
01/07/2021,ANC,AK,AAL,WE,Towers with Radar,326,118,24,9,477,0,22,59,0,81,326,140,83,9,558,10,0,10,568
01/08/2021,ANC,AK,AAL,WE,Towers with Radar,314,116,31,6,467,0,27,115,0,142,314,143,146,6,609,262,0,262,871
01/09/2021,ANC,AK,AAL,WE,Towers with Radar,310,74,13,8,405,0,16,45,2,63,310,90,58,10,468,44,0,44,512
01/10/2021,ANC,AK,AAL,WE,Towers with Radar,284,40,11,2,337,0,18,80,1,99,284,58,91,3,436,36,0,36,472
01/11/2021,ANC,AK,AAL,WE,Towers with Radar,301,98,23,8,430,0,29,82,3,114,301,127,105,11,544,46,0,46,590
01/12/2021,ANC,AK,AAL,WE,Towers with Radar,280,140,24,6,450,0,19,60,2,81,280,159,84,8,531,0,0,0,531
01/13/2021,ANC,AK,AAL,WE,Towers with Radar,312,132,23,7,474,2,26,108,1,137,314,158,131,8,611,12,0,12,623
01/14/2021,ANC,AK,AAL,WE,Towers with Radar,321,104,33,7,465,0,27,53,0,80,321,131,86,7,545,44,0,44,589
01/15/2021,ANC,AK,AAL,WE,Towers with Radar,297,141,28,8,474,0,15,60,0,75,297,156,88,8,549,0,0,0,549
01/16/2021,ANC,AK,AAL,WE,Towers with Radar,307,80,27,8,422,0,7,59,0,66,307,87,86,8,488,42,0,42,530
01/17/2021,ANC,AK,AAL,WE,Towers with Radar,267,77,12,1,357,0,6,44,3,53,267,83,56,4,410,32,0,32,442
01/18/2021,ANC,AK,AAL,WE,Towers with Radar,304,121,14,7,446,0,4,9,0,13,304,125,23,7,459,0,0,0,459
01/19/2021,ANC,AK,AAL,WE,Towers with Radar,286,138,41,16,481,0,23,51,3,77,286,161,92,19,558,0,0,0,558
01/20/2021,ANC,AK,AAL,WE,Towers with Radar,313,125,37,10,485,0,28,56,4,88,313,153,93,14,573,14,0,14,587
01/21/2021,ANC,AK,AAL,WE,Towers with Radar,341,115,18,9,483,0,32,67,3,102,341,147,85,12,585,2,0,2,587
01/22/2021,ANC,AK,AAL,WE,Towers with Radar,311,120,23,9,463,0,17,50,1,68,311,137,73,10,531,4,0,4,535
01/23/2021,ANC,AK,AAL,WE,Towers with Radar,320,91,10,8,429,0,4,32,0,36,320,95,42,8,465,48,0,48,513
01/24/2021,ANC,AK,AAL,WE,Towers with Radar,280,60,8,2,350,0,9,61,0,70,280,69,69,2,420,48,0,48,468
01/25/2021,ANC,AK,AAL,WE,Towers with Radar,327,113,29,8,477,0,18,71,4,93,327,131,100,12,570,14,0,14,584
01/26/2021,ANC,AK,AAL,WE,Towers with Radar,289,120,23,9,441,0,48,169,4,221,289,168,192,13,662,40,0,40,702
01/27/2021,ANC,AK,AAL,WE,Towers with Radar,338,141,46,9,534,0,8,49,1,58,338,149,95,10,592,8,0,8,600
01/28/2021,ANC,AK,AAL,WE,Towers with Radar,331,133,31,9,504,0,12,67,0,79,331,145,98,9,583,46,0,46,629
01/29/2021,ANC,AK,AAL,WE,Towers with Radar,329,101,25,8,463,0,21,113,3,137,329,122,138,11,600,32,0,32,632
01/30/2021,ANC,AK,AAL,WE,Towers with Radar,318,86,17,8,429,0,15,225,2,242,318,101,242,10,671,36,0,36,707
01/31/2021,ANC,AK,AAL,WE,Towers with Radar,273,64,18,0,355,0,25,131,0,156,273,89,149,0,511,31,0,31,542
02/01/2021,ANC,AK,AAL,WE,Towers with Radar,318,86,22,2,428,0,20,60,2,82,318,106,82,4,510,10,0,10,520
02/02/2021,ANC,AK,AAL,WE,Towers with Radar,298,105,18,6,427,0,34,60,2,96,298,139,78,8,523,8,0,8,531
02/03/2021,ANC,AK,AAL,WE,Towers with Radar,329,150,24,8,511,0,0,0,1,1,329,150,24,9,512,0,0,0,512
02/04/2021,ANC,AK,AAL,WE,Towers with Radar,335,145,38,12,530,0,12,50,1,63,335,157,88,13,593,22,0,22,615
02/05/2021,ANC,AK,AAL,WE,Towers with Radar,318,123,41,5,487,0,10,27,0,37,318,133,68,5,524,0,0,0,524
02/06/2021,ANC,AK,AAL,WE,Towers with Radar,325,68,21,10,424,0,2,3,0,5,325,70,24,10,429,0,0,0,429
02/07/2021,ANC,AK,AAL,WE,Towers with Radar,291,57,26,4,378,0,3,12,0,15,291,60,38,4,393,0,0,0,393
02/08/2021,ANC,AK,AAL,WE,Towers with Radar,328,103,20,2,453,0,28,157,8,193,328,131,177,10,646,28,0,28,674
02/09/2021,ANC,AK,AAL,WE,Towers with Radar,297,129,45,11,482,0,8,37,0,45,297,137,82,11,527,2,0,2,529
02/10/2021,ANC,AK,AAL,WE,Towers with Radar,318,118,27,7,470,0,8,47,0,55,318,126,74,7,525,22,0,22,547
02/11/2021,ANC,AK,AAL,WE,Towers with Radar,291,89,9,9,398,0,24,88,2,114,291,113,97,11,512,24,0,24,536
02/12/2021,ANC,AK,AAL,WE,Towers with Radar,320,116,22,9,467,0,24,176,4,204,320,140,198,13,671,27,0,27,698
02/13/2021,ANC,AK,AAL,WE,Towers with Radar,271,65,9,13,358,0,11,135,0,146,271,76,144,13,504,4,0,4,508
02/14/2021,ANC,AK,AAL,WE,Towers with Radar,222,62,15,5,304,0,19,118,2,139,222,81,133,7,443,18,0,18,461
02/15/2021,ANC,AK,AAL,WE,Towers with Radar,272,103,14,4,393,0,17,104,1,122,272,120,118,5,515,8,0,8,523
02/16/2021,ANC,AK,AAL,WE,Towers with Radar,257,119,20,5,401,0,6,12,0,18,257,125,32,5,419,0,0,0,419
02/17/2021,ANC,AK,AAL,WE,Towers with Radar,287,118,16,7,428,0,22,74,4,100,287,140,90,11,528,6,0,6,534
02/18/2021,ANC,AK,AAL,WE,Towers with Radar,295,129,32,7,463,0,2,6,0,8,295,131,38,7,471,0,0,0,471
02/19/2021,ANC,AK,AAL,WE,Towers with Radar,284,108,23,9,424,0,16,111,2,129,284,124,134,11,553,16,0,16,569
02/20/2021,ANC,AK,AAL,WE,Towers with Radar,284,78,8,4,374,0,27,81,1,109,284,105,89,5,483,6,0,6,489
02/21/2021,ANC,AK,AAL,WE,Towers with Radar,238,84,4,1,327,0,20,60,0,80,238,104,64,1,407,2,0,2,409
02/22/2021,ANC,AK,AAL,WE,Towers with Radar,267,94,25,4,390,0,28,85,2,115,267,122,110,6,505,20,0,20,525
02/23/2021,ANC,AK,AAL,WE,Towers with Radar,280,101,16,7,404,0,12,53,0,65,280,113,69,7,469,24,0,24,493
02/24/2021,ANC,AK,AAL,WE,Towers with Radar,302,140,24,9,475,0,1,3,0,4,302,141,27,9,479,0,0,0,479
02/25/2021,ANC,AK,AAL,WE,Towers with Radar,326,112,20,7,465,0,21,114,2,137,326,133,134,9,602,42,0,42,644
02/26/2021,ANC,AK,AAL,WE,Towers with Radar,300,123,24,6,453,0,0,9,0,9,300,123,33,6,462,16,0,16,478
02/27/2021,ANC,AK,AAL,WE,Towers with Radar,314,79,30,6,429,0,0,1,0,1,314,79,31,6,430,0,0,0,430
02/28/2021,ANC,AK,AAL,WE,Towers with Radar,269,48,6,0,323,0,29,82,4,115,269,77,88,4,438,14,0,14,452
03/01/2021,ANC,AK,AAL,WE,Towers with Radar,299,113,18,3,433,0,1,1,0,2,299,114,19,3,435,0,0,0,435
03/02/2021,ANC,AK,AAL,WE,Towers with Radar,317,88,24,9,438,0,35,73,3,111,317,123,97,12,549,15,0,15,564
03/03/2021,ANC,AK,AAL,WE,Towers with Radar,335,114,25,5,479,0,49,172,7,228,335,163,197,12,707,34,0,34,741
03/04/2021,ANC,AK,AAL,WE,Towers with Radar,333,120,28,5,486,0,23,166,1,190,333,143,194,6,676,0,0,0,676
03/05/2021,ANC,AK,AAL,WE,Towers with Radar,316,129,58,9,512,0,10,114,4,128,316,139,172,13,640,63,0,63,703
03/06/2021,ANC,AK,AAL,WE,Towers with Radar,325,88,18,8,439,22,28,119,2,171,347,116,137,10,610,42,0,42,652
03/07/2021,ANC,AK,AAL,WE,Towers with Radar,280,62,14,4,360,0,30,268,0,298,280,92,282,4,658,22,0,22,680
03/08/2021,ANC,AK,AAL,WE,Towers with Radar,301,107,28,3,439,0,49,225,2,276,301,156,253,5,715,18,0,18,733
03/09/2021,ANC,AK,AAL,WE,Towers with Radar,307,145,33,8,493,0,11,66,1,78,307,156,99,9,571,80,0,80,651
03/10/2021,ANC,AK,AAL,WE,Towers with Radar,347,130,28,11,516,0,7,12,0,19,347,137,40,11,535,0,0,0,535
03/11/2021,ANC,AK,AAL,WE,Towers with Radar,350,125,24,4,503,0,17,49,0,66,350,142,73,4,569,0,0,0,569
03/12/2021,ANC,AK,AAL,WE,Towers with Radar,327,95,20,15,457,0,38,194,3,235,327,133,214,18,692,20,0,20,712
03/13/2021,ANC,AK,AAL,WE,Towers with Radar,341,75,18,9,443,0,19,190,2,211,341,94,208,11,654,16,0,16,670
03/14/2021,ANC,AK,AAL,WE,Towers with Radar,268,76,19,4,367,0,9,92,1,102,268,85,111,5,469,18,0,18,487
03/15/2021,ANC,AK,AAL,WE,Towers with Radar,312,126,34,2,474,0,0,0,0,0,312,126,34,2,474,0,0,0,474
03/16/2021,ANC,AK,AAL,WE,Towers with Radar,335,148,44,10,537,0,25,89,0,114,335,173,133,10,651,20,0,20,671
03/17/2021,ANC,AK,AAL,WE,Towers with Radar,336,126,34,5,501,0,50,207,5,262,336,176,241,10,763,30,0,30,793
03/18/2021,ANC,AK,AAL,WE,Towers with Radar,363,115,22,9,509,0,13,104,2,119,363,128,126,11,628,16,0,16,644
03/19/2021,ANC,AK,AAL,WE,Towers with Radar,340,108,32,8,488,0,42,201,6,249,340,150,233,14,737,12,0,12,749
03/20/2021,ANC,AK,AAL,WE,Towers with Radar,342,77,17,8,444,0,21,113,0,134,342,98,130,8,578,92,0,92,670
03/21/2021,ANC,AK,AAL,WE,Towers with Radar,282,50,19,3,354,0,29,189,2,220,282,79,208,5,574,26,0,26,600
03/22/2021,ANC,AK,AAL,WE,Towers with Radar,333,105,24,10,472,0,14,171,2,187,333,119,195,12,659,8,0,8,667
03/23/2021,ANC,AK,AAL,WE,Towers with Radar,302,125,30,2,459,0,45,164,6,215,302,170,194,8,674,26,0,26,700
03/24/2021,ANC,AK,AAL,WE,Towers with Radar,331,143,28,5,507,0,40,111,2,153,331,183,139,7,660,20,0,20,680
03/25/2021,ANC,AK,AAL,WE,Towers with Radar,367,148,30,9,554,0,1,4,0,5,367,149,34,9,559,0,0,0,559
03/26/2021,ANC,AK,AAL,WE,Towers with Radar,345,124,26,12,507,0,46,141,2,189,345,170,167,14,696,0,0,0,696
03/27/2021,ANC,AK,AAL,WE,Towers with Radar,338,83,17,9,447,0,25,120,2,147,338,108,137,11,594,84,0,84,678
03/28/2021,ANC,AK,AAL,WE,Towers with Radar,287,49,12,0,348,0,11,126,7,144,287,60,138,7,492,12,0,12,504
03/29/2021,ANC,AK,AAL,WE,Towers with Radar,316,124,25,6,471,0,16,22,1,39,316,140,47,7,510,0,0,0,510
03/30/2021,ANC,AK,AAL,WE,Towers with Radar,297,98,37,6,438,0,34,102,7,143,297,132,139,13,581,48,0,48,629
03/31/2021,ANC,AK,AAL,WE,Towers with Radar,362,129,23,11,525,0,39,151,7,197,362,168,174,18,722,70,0,70,792
04/01/2021,ANC,AK,AAL,WE,Towers with Radar,340,120,25,11,496,0,27,93,1,121,340,147,118,12,617,16,0,16,633
04/02/2021,ANC,AK,AAL,WE,Towers with Radar,336,114,26,9,485,0,32,252,5,289,336,146,278,14,774,36,0,36,810
04/03/2021,ANC,AK,AAL,WE,Towers with Radar,313,86,15,12,426,0,10,59,1,70,313,96,74,13,496,28,0,28,524
04/04/2021,ANC,AK,AAL,WE,Towers with Radar,299,59,15,8,381,0,4,21,1,26,299,63,36,9,407,0,0,0,407
04/05/2021,ANC,AK,AAL,WE,Towers with Radar,337,116,27,9,489,0,36,158,0,194,337,152,185,9,683,40,0,40,723
04/06/2021,ANC,AK,AAL,WE,Towers with Radar,303,99,22,8,432,0,37,189,2,228,303,136,211,10,660,46,0,46,706
04/07/2021,ANC,AK,AAL,WE,Towers with Radar,345,117,33,6,501,0,33,174,5,212,345,150,207,11,713,40,0,40,753
04/08/2021,ANC,AK,AAL,WE,Towers with Radar,339,118,24,8,489,0,4,21,0,25,339,122,45,8,514,0,0,0,514
04/09/2021,ANC,AK,AAL,WE,Towers with Radar,355,106,26,11,498,1,9,51,0,61,356,115,77,11,559,14,0,14,573
04/10/2021,ANC,AK,AAL,WE,Towers with Radar,324,80,21,11,436,0,17,139,0,156,324,97,160,11,592,54,0,54,646
04/11/2021,ANC,AK,AAL,WE,Towers with Radar,301,40,10,4,355,0,6,53,0,59,301,46,63,4,414,22,0,22,436
04/12/2021,ANC,AK,AAL,WE,Towers with Radar,357,101,20,9,487,0,24,70,0,94,357,125,90,9,581,92,0,92,673
04/13/2021,ANC,AK,AAL,WE,Towers with Radar,335,113,28,12,488,0,34,96,3,133,335,147,124,15,621,66,0,66,687
04/14/2021,ANC,AK,AAL,WE,Towers with Radar,336,118,30,12,496,0,8,61,1,70,336,126,91,13,566,8,0,8,574
04/15/2021,ANC,AK,AAL,WE,Towers with Radar,337,121,35,8,501,0,23,164,3,190,337,144,199,11,691,72,0,72,763
04/16/2021,ANC,AK,AAL,WE,Towers with Radar,365,114,27,10,516,0,34,236,1,271,365,148,263,11,787,63,0,63,850
04/17/2021,ANC,AK,AAL,WE,Towers with Radar,340,68,16,9,433,0,24,250,0,274,340,92,266,9,707,62,0,62,769
04/18/2021,ANC,AK,AAL,WE,Towers with Radar,291,55,18,1,365,0,1,167,1,169,291,56,185,2,534,26,0,26,560
04/19/2021,ANC,AK,AAL,WE,Towers with Radar,346,89,26,5,466,0,32,186,2,220,346,121,212,7,686,72,0,72,758
04/20/2021,ANC,AK,AAL,WE,Towers with Radar,322,112,28,9,471,0,31,135,2,168,322,143,163,11,639,28,0,28,667
04/21/2021,ANC,AK,AAL,WE,Towers with Radar,351,110,27,6,494,0,25,194,3,222,351,135,221,9,716,70,0,70,786
04/22/2021,ANC,AK,AAL,WE,Towers with Radar,351,123,24,10,508,0,27,219,5,251,351,150,243,15,759,91,0,91,850
04/23/2021,ANC,AK,AAL,WE,Towers with Radar,385,126,16,9,536,0,16,208,4,228,385,142,224,13,764,64,0,64,828
04/24/2021,ANC,AK,AAL,WE,Towers with Radar,354,78,22,10,464,1,11,214,1,227,355,89,236,11,691,170,0,170,861
04/25/2021,ANC,AK,AAL,WE,Towers with Radar,306,63,17,3,389,0,10,221,2,233,306,73,238,5,622,83,0,83,705
04/26/2021,ANC,AK,AAL,WE,Towers with Radar,357,100,20,3,480,0,14,176,2,192,357,114,196,5,672,70,0,70,742
04/27/2021,ANC,AK,AAL,WE,Towers with Radar,340,111,29,9,489,2,15,191,1,209,342,126,220,10,698,18,0,18,716
04/28/2021,ANC,AK,AAL,WE,Towers with Radar,353,128,27,12,520,0,10,149,1,160,353,138,176,13,680,14,0,14,694
04/29/2021,ANC,AK,AAL,WE,Towers with Radar,371,147,38,15,571,0,12,83,0,95,371,159,121,15,666,24,0,24,690
04/30/2021,ANC,AK,AAL,WE,Towers with Radar,361,141,35,6,543,0,31,175,4,210,361,172,210,10,753,26,0,26,779
05/01/2021,ANC,AK,AAL,WE,Towers with Radar,341,96,24,14,475,0,18,242,0,260,341,114,266,14,735,76,0,76,811
05/02/2021,ANC,AK,AAL,WE,Towers with Radar,278,59,23,3,363,0,20,158,3,181,278,79,181,6,544,60,0,60,604
05/03/2021,ANC,AK,AAL,WE,Towers with Radar,332,114,24,6,476,0,17,89,3,109,332,131,113,9,585,0,0,0,585
05/04/2021,ANC,AK,AAL,WE,Towers with Radar,305,130,31,21,487,0,14,69,5,88,305,144,100,26,575,4,0,4,579
05/05/2021,ANC,AK,AAL,WE,Towers with Radar,350,114,14,10,488,0,23,111,2,136,350,137,125,12,624,0,0,0,624
05/06/2021,ANC,AK,AAL,WE,Towers with Radar,373,121,23,11,528,2,36,205,4,247,375,157,228,15,775,56,0,56,831
05/07/2021,ANC,AK,AAL,WE,Towers with Radar,370,135,33,12,550,2,37,201,0,240,372,172,234,12,790,60,0,60,850
05/08/2021,ANC,AK,AAL,WE,Towers with Radar,367,101,22,14,504,2,12,200,0,214,369,113,222,14,718,46,0,46,764
05/09/2021,ANC,AK,AAL,WE,Towers with Radar,324,63,12,6,405,0,10,153,1,164,324,73,165,7,569,52,0,52,621
05/10/2021,ANC,AK,AAL,WE,Towers with Radar,346,112,38,18,514,0,14,158,3,175,346,126,196,21,689,84,0,84,773
05/11/2021,ANC,AK,AAL,WE,Towers with Radar,339,122,37,12,510,0,41,195,2,238,339,163,232,14,748,71,0,71,819
05/12/2021,ANC,AK,AAL,WE,Towers with Radar,361,128,39,16,544,1,42,266,2,311,362,170,305,18,855,58,0,58,913
05/13/2021,ANC,AK,AAL,WE,Towers with Radar,369,126,39,12,546,2,46,316,9,373,371,172,355,21,919,98,0,98,1017
05/14/2021,ANC,AK,AAL,WE,Towers with Radar,368,129,27,10,534,0,41,276,4,321,368,170,303,14,855,74,0,74,929
05/15/2021,ANC,AK,AAL,WE,Towers with Radar,379,97,29,19,524,0,35,237,2,274,379,132,266,21,798,76,0,76,874
05/16/2021,ANC,AK,AAL,WE,Towers with Radar,325,73,19,8,425,0,13,269,1,283,325,86,288,9,708,40,0,40,748
05/17/2021,ANC,AK,AAL,WE,Towers with Radar,363,124,31,9,527,0,57,340,6,403,363,181,371,15,930,70,0,70,1000
05/18/2021,ANC,AK,AAL,WE,Towers with Radar,343,113,29,10,495,2,54,389,3,448,345,167,418,13,943,42,0,42,985
05/19/2021,ANC,AK,AAL,WE,Towers with Radar,368,145,41,10,564,0,45,215,3,263,368,190,256,13,827,34,0,34,861
05/20/2021,ANC,AK,AAL,WE,Towers with Radar,388,125,34,9,556,2,35,177,1,215,390,160,211,10,771,104,0,104,875
05/21/2021,ANC,AK,AAL,WE,Towers with Radar,388,142,39,11,580,1,69,215,0,285,389,211,254,11,865,50,0,50,915
05/22/2021,ANC,AK,AAL,WE,Towers with Radar,420,94,35,6,555,0,31,280,0,311,420,125,315,6,866,26,0,26,892
05/23/2021,ANC,AK,AAL,WE,Towers with Radar,335,55,24,4,418,0,74,424,2,500,335,129,448,6,918,36,0,36,954
05/24/2021,ANC,AK,AAL,WE,Towers with Radar,389,119,28,3,539,0,83,343,4,430,389,202,371,7,969,72,0,72,1041
05/25/2021,ANC,AK,AAL,WE,Towers with Radar,358,125,27,12,522,2,73,407,5,487,360,198,434,17,1009,78,0,78,1087
05/26/2021,ANC,AK,AAL,WE,Towers with Radar,383,137,43,12,575,0,82,434,3,519,383,219,477,15,1094,30,0,30,1124
05/27/2021,ANC,AK,AAL,WE,Towers with Radar,403,152,41,6,602,0,73,274,3,350,403,225,315,9,952,62,0,62,1014
05/28/2021,ANC,AK,AAL,WE,Towers with Radar,396,186,55,9,646,2,43,94,0,139,398,229,149,9,785,22,0,22,807
05/29/2021,ANC,AK,AAL,WE,Towers with Radar,389,103,24,8,524,0,42,76,0,118,389,145,100,8,642,46,0,46,688
05/30/2021,ANC,AK,AAL,WE,Towers with Radar,336,72,24,8,440,0,69,264,6,339,336,141,288,14,779,8,0,8,787
05/31/2021,ANC,AK,AAL,WE,Towers with Radar,362,71,19,9,461,0,96,342,0,438,362,167,361,9,899,44,0,44,943
06/01/2021,ANC,AK,AAL,WE,Towers with Radar,334,142,48,11,535,2,49,137,0,188,336,191,185,11,723,20,0,20,743
06/02/2021,ANC,AK,AAL,WE,Towers with Radar,382,162,51,15,610,4,98,400,4,506,386,260,451,19,1116,92,0,92,1208
06/03/2021,ANC,AK,AAL,WE,Towers with Radar,404,152,54,17,627,0,110,311,1,422,404,262,365,18,1049,60,0,60,1109
06/04/2021,ANC,AK,AAL,WE,Towers with Radar,423,151,39,12,625,4,112,386,6,508,427,263,425,18,1133,70,0,70,1203
06/05/2021,ANC,AK,AAL,WE,Towers with Radar,402,106,26,9,543,2,90,391,0,483,404,196,417,9,1026,108,0,108,1134
06/06/2021,ANC,AK,AAL,WE,Towers with Radar,367,54,23,3,447,0,85,373,3,461,367,139,396,6,908,32,0,32,940
06/07/2021,ANC,AK,AAL,WE,Towers with Radar,396,140,46,3,585,1,106,257,1,365,397,246,303,4,950,14,0,14,964
06/08/2021,ANC,AK,AAL,WE,Towers with Radar,370,137,38,7,552,0,93,197,0,290,370,230,235,7,842,26,0,26,868
06/09/2021,ANC,AK,AAL,WE,Towers with Radar,390,155,44,9,598,1,103,281,2,387,391,258,325,11,985,98,0,98,1083
06/10/2021,ANC,AK,AAL,WE,Towers with Radar,413,137,42,8,600,0,126,340,7,473,413,263,382,15,1073,64,0,64,1137
06/11/2021,ANC,AK,AAL,WE,Towers with Radar,421,156,93,7,677,0,101,431,6,538,421,257,524,13,1215,20,0,20,1235
06/12/2021,ANC,AK,AAL,WE,Towers with Radar,385,116,35,15,551,1,120,427,1,549,386,236,462,16,1100,26,0,26,1126
06/13/2021,ANC,AK,AAL,WE,Towers with Radar,361,86,38,13,498,0,114,377,2,493,361,200,415,15,991,18,0,18,1009
06/14/2021,ANC,AK,AAL,WE,Towers with Radar,400,146,48,9,603,0,109,444,7,560,400,255,492,16,1163,48,0,48,1211
06/15/2021,ANC,AK,AAL,WE,Towers with Radar,375,153,56,9,593,0,142,493,1,636,375,295,549,10,1229,46,0,46,1275
06/16/2021,ANC,AK,AAL,WE,Towers with Radar,400,174,55,12,641,0,119,190,5,314,400,293,245,17,955,64,0,64,1019
06/17/2021,ANC,AK,AAL,WE,Towers with Radar,429,171,50,9,659,0,117,358,3,478,429,288,408,12,1137,14,0,14,1151
06/18/2021,ANC,AK,AAL,WE,Towers with Radar,418,171,49,7,645,0,149,448,3,600,418,320,497,10,1245,18,0,18,1263
06/19/2021,ANC,AK,AAL,WE,Towers with Radar,442,126,39,10,617,0,125,246,4,375,442,251,285,14,992,26,0,26,1018
06/20/2021,ANC,AK,AAL,WE,Towers with Radar,369,100,55,6,530,0,133,305,7,445,369,233,360,13,975,24,0,24,999
06/21/2021,ANC,AK,AAL,WE,Towers with Radar,403,164,54,10,631,0,123,307,5,435,403,287,361,15,1066,64,0,64,1130
06/22/2021,ANC,AK,AAL,WE,Towers with Radar,391,136,54,8,589,2,124,295,6,427,393,260,349,14,1016,10,0,10,1026
06/23/2021,ANC,AK,AAL,WE,Towers with Radar,406,154,48,8,616,1,130,309,5,445,407,284,357,13,1061,75,0,75,1136
06/24/2021,ANC,AK,AAL,WE,Towers with Radar,432,162,62,7,663,0,103,187,2,292,432,265,249,9,955,42,0,42,997
06/25/2021,ANC,AK,AAL,WE,Towers with Radar,431,164,55,7,657,0,146,248,0,394,431,310,303,7,1051,54,0,54,1105
06/26/2021,ANC,AK,AAL,WE,Towers with Radar,426,130,46,9,611,0,144,342,4,490,426,274,388,13,1101,40,0,40,1141
06/27/2021,ANC,AK,AAL,WE,Towers with Radar,358,87,34,8,487,0,120,374,2,496,358,207,408,10,983,26,0,26,1009
06/28/2021,ANC,AK,AAL,WE,Towers with Radar,391,160,56,12,619,0,127,338,3,468,391,287,394,15,1087,40,0,40,1127
06/29/2021,ANC,AK,AAL,WE,Towers with Radar,400,200,220,7,827,1,86,205,3,295,401,286,425,10,1122,50,0,50,1172
06/30/2021,ANC,AK,AAL,WE,Towers with Radar,413,156,59,11,639,1,146,436,2,585,414,302,495,13,1224,43,0,43,1267
07/01/2021,ANC,AK,AAL,WE,Towers with Radar,435,159,54,12,660,0,190,431,3,624,435,349,485,15,1284,86,0,86,1370
07/02/2021,ANC,AK,AAL,WE,Towers with Radar,435,167,54,16,672,1,128,282,4,415,436,295,336,20,1087,56,0,56,1143
07/03/2021,ANC,AK,AAL,WE,Towers with Radar,446,152,40,12,650,0,76,217,1,294,446,228,257,13,944,42,0,42,986
07/04/2021,ANC,AK,AAL,WE,Towers with Radar,364,77,41,13,495,0,118,297,0,415,364,195,338,13,910,20,0,20,930
07/05/2021,ANC,AK,AAL,WE,Towers with Radar,387,133,48,11,579,0,154,323,0,477,387,287,371,11,1056,44,0,44,1100
07/06/2021,ANC,AK,AAL,WE,Towers with Radar,404,168,56,15,643,0,74,122,4,200,404,242,178,19,843,10,0,10,853
07/07/2021,ANC,AK,AAL,WE,Towers with Radar,421,167,43,10,641,0,131,287,6,424,421,298,330,16,1065,42,0,42,1107
07/08/2021,ANC,AK,AAL,WE,Towers with Radar,434,164,55,18,671,0,141,261,5,407,434,305,316,23,1078,20,0,20,1098
07/09/2021,ANC,AK,AAL,WE,Towers with Radar,440,164,65,16,685,2,135,258,4,399,442,299,323,20,1084,20,0,20,1104
07/10/2021,ANC,AK,AAL,WE,Towers with Radar,450,112,42,16,620,0,91,273,2,366,450,203,315,18,986,36,0,36,1022
07/11/2021,ANC,AK,AAL,WE,Towers with Radar,380,94,58,11,543,0,151,341,4,496,380,245,399,15,1039,38,0,38,1077
07/12/2021,ANC,AK,AAL,WE,Towers with Radar,423,153,50,12,638,0,116,337,5,458,423,269,387,17,1096,34,0,34,1130
07/13/2021,ANC,AK,AAL,WE,Towers with Radar,417,148,54,11,630,0,136,296,0,432,417,284,350,11,1062,68,0,68,1130
07/14/2021,ANC,AK,AAL,WE,Towers with Radar,409,168,54,10,641,1,183,421,3,608,410,351,475,13,1249,78,0,78,1327
07/15/2021,ANC,AK,AAL,WE,Towers with Radar,463,158,50,11,682,1,124,443,2,570,464,282,493,13,1252,16,0,16,1268
07/16/2021,ANC,AK,AAL,WE,Towers with Radar,431,161,68,11,671,1,125,451,2,579,432,286,519,13,1250,62,0,62,1312
07/17/2021,ANC,AK,AAL,WE,Towers with Radar,452,123,33,11,619,0,125,412,4,541,452,248,445,15,1160,54,0,54,1214
07/18/2021,ANC,AK,AAL,WE,Towers with Radar,391,80,45,8,524,0,145,342,11,498,391,225,387,19,1022,94,0,94,1116
07/19/2021,ANC,AK,AAL,WE,Towers with Radar,419,162,55,6,642,0,147,294,2,443,419,309,349,8,1085,6,0,6,1091
07/20/2021,ANC,AK,AAL,WE,Towers with Radar,410,176,61,8,655,0,98,256,0,354,410,274,317,8,1009,12,0,12,1021
07/21/2021,ANC,AK,AAL,WE,Towers with Radar,422,188,51,8,669,0,84,128,0,212,422,272,179,8,881,22,0,22,903
07/22/2021,ANC,AK,AAL,WE,Towers with Radar,452,198,70,12,732,2,130,284,4,420,454,328,354,16,1152,4,0,4,1156
07/23/2021,ANC,AK,AAL,WE,Towers with Radar,432,183,59,7,681,0,141,380,4,525,432,324,439,11,1206,64,0,64,1270
07/24/2021,ANC,AK,AAL,WE,Towers with Radar,423,132,44,11,610,0,108,221,3,332,423,240,265,14,942,122,0,122,1064
07/25/2021,ANC,AK,AAL,WE,Towers with Radar,357,96,64,5,522,0,103,321,1,425,357,199,385,6,947,88,0,88,1035
07/26/2021,ANC,AK,AAL,WE,Towers with Radar,425,164,59,5,653,1,209,472,2,684,426,373,531,7,1337,20,0,20,1357
07/27/2021,ANC,AK,AAL,WE,Towers with Radar,414,157,63,6,640,1,158,338,1,498,415,315,401,7,1138,0,0,0,1138
07/28/2021,ANC,AK,AAL,WE,Towers with Radar,407,150,60,4,621,0,129,279,0,408,407,279,339,4,1029,14,0,14,1043
07/29/2021,ANC,AK,AAL,WE,Towers with Radar,442,199,78,11,730,0,103,190,5,298,442,302,268,16,1028,26,0,26,1054
07/30/2021,ANC,AK,AAL,WE,Towers with Radar,435,185,68,7,695,0,138,359,2,499,435,323,427,9,1194,50,0,50,1244
07/31/2021,ANC,AK,AAL,WE,Towers with Radar,435,139,40,11,625,1,162,431,0,594,436,301,471,11,1219,50,0,50,1269
08/01/2021,ANC,AK,AAL,WE,Towers with Radar,395,117,37,1,550,0,150,464,1,615,395,267,501,2,1165,28,0,28,1193
08/02/2021,ANC,AK,AAL,WE,Towers with Radar,391,154,52,1,598,0,163,496,0,659,391,317,548,1,1257,50,0,50,1307
08/03/2021,ANC,AK,AAL,WE,Towers with Radar,401,146,26,8,581,0,169,392,1,562,401,315,418,9,1143,4,0,4,1147
08/04/2021,ANC,AK,AAL,WE,Towers with Radar,410,156,46,6,618,1,132,322,2,457,411,288,368,8,1075,8,0,8,1083
08/05/2021,ANC,AK,AAL,WE,Towers with Radar,429,174,66,6,675,0,102,331,4,437,429,276,397,10,1112,16,0,16,1128
08/06/2021,ANC,AK,AAL,WE,Towers with Radar,430,201,71,9,711,0,118,319,0,437,430,319,390,9,1148,30,0,30,1178
08/07/2021,ANC,AK,AAL,WE,Towers with Radar,421,121,34,11,587,0,133,350,0,483,421,254,384,11,1070,68,0,68,1138
08/08/2021,ANC,AK,AAL,WE,Towers with Radar,402,119,63,5,589,0,71,63,0,134,402,190,126,5,723,10,0,10,733
08/09/2021,ANC,AK,AAL,WE,Towers with Radar,408,135,36,9,588,0,157,295,2,454,408,292,331,11,1042,54,0,54,1096
08/10/2021,ANC,AK,AAL,WE,Towers with Radar,402,182,70,8,662,0,103,201,0,304,402,285,271,8,966,24,0,24,990
08/11/2021,ANC,AK,AAL,WE,Towers with Radar,399,157,48,6,610,1,127,218,0,346,400,284,266,6,956,6,0,6,962
08/12/2021,ANC,AK,AAL,WE,Towers with Radar,428,174,58,6,666,0,108,137,0,245,428,282,195,6,911,16,0,16,927
08/13/2021,ANC,AK,AAL,WE,Towers with Radar,448,172,69,11,700,0,134,438,0,572,448,306,507,11,1272,18,0,18,1290
08/14/2021,ANC,AK,AAL,WE,Towers with Radar,417,119,35,14,585,1,167,407,1,576,418,286,442,15,1161,16,0,16,1177
08/15/2021,ANC,AK,AAL,WE,Towers with Radar,374,103,49,1,527,0,132,429,1,562,374,235,478,2,1089,4,0,4,1093
08/16/2021,ANC,AK,AAL,WE,Towers with Radar,430,142,51,4,627,0,133,222,1,356,430,275,273,5,983,70,0,70,1053
08/17/2021,ANC,AK,AAL,WE,Towers with Radar,395,141,50,3,589,2,125,256,6,389,397,266,306,9,978,52,0,52,1030
08/18/2021,ANC,AK,AAL,WE,Towers with Radar,413,197,83,9,702,0,139,322,5,466,413,336,405,14,1168,32,0,32,1200
08/19/2021,ANC,AK,AAL,WE,Towers with Radar,444,162,46,5,657,0,157,400,3,560,444,319,446,8,1217,10,0,10,1227
08/20/2021,ANC,AK,AAL,WE,Towers with Radar,425,180,61,5,671,0,135,253,0,388,425,315,314,5,1059,72,0,72,1131
08/21/2021,ANC,AK,AAL,WE,Towers with Radar,412,116,38,8,574,0,154,478,0,632,412,270,516,8,1206,50,0,50,1256
08/22/2021,ANC,AK,AAL,WE,Towers with Radar,395,107,66,2,570,0,145,317,2,464,395,252,383,4,1034,30,0,30,1064
08/23/2021,ANC,AK,AAL,WE,Towers with Radar,422,157,54,7,640,0,55,155,4,214,422,212,209,11,854,134,0,134,988
08/24/2021,ANC,AK,AAL,WE,Towers with Radar,406,154,57,4,621,0,94,257,0,351,406,248,314,4,972,120,0,120,1092
08/25/2021,ANC,AK,AAL,WE,Towers with Radar,409,167,49,9,634,0,119,171,1,291,409,286,220,10,925,74,0,74,999
08/26/2021,ANC,AK,AAL,WE,Towers with Radar,431,169,59,4,663,0,128,186,4,318,431,297,245,8,981,34,0,34,1015
08/27/2021,ANC,AK,AAL,WE,Towers with Radar,441,163,68,4,676,0,86,168,0,254,441,249,236,4,930,44,0,44,974
08/28/2021,ANC,AK,AAL,WE,Towers with Radar,427,119,47,11,604,0,125,508,0,633,427,244,555,11,1237,4,0,4,1241
08/29/2021,ANC,AK,AAL,WE,Towers with Radar,382,77,53,5,517,0,134,499,0,633,382,211,552,5,1150,26,0,26,1176
08/30/2021,ANC,AK,AAL,WE,Towers with Radar,427,144,51,7,629,0,129,400,3,532,427,273,451,10,1161,38,0,38,1199
08/31/2021,ANC,AK,AAL,WE,Towers with Radar,410,134,69,7,620,1,136,464,2,603,411,270,533,9,1223,72,0,72,1295
09/01/2021,ANC,AK,AAL,WE,Towers with Radar,397,140,48,9,594,0,101,306,3,410,397,241,354,12,1004,32,0,32,1036
09/02/2021,ANC,AK,AAL,WE,Towers with Radar,431,170,63,8,672,0,91,136,0,227,431,261,199,8,899,30,0,30,929
09/03/2021,ANC,AK,AAL,WE,Towers with Radar,434,154,66,15,669,0,139,319,2,460,434,293,385,17,1129,72,0,72,1201
09/04/2021,ANC,AK,AAL,WE,Towers with Radar,425,149,57,11,642,0,82,197,0,279,425,231,254,11,921,18,0,18,939
09/05/2021,ANC,AK,AAL,WE,Towers with Radar,367,108,47,2,524,0,93,209,0,302,367,201,256,2,826,20,0,20,846
09/06/2021,ANC,AK,AAL,WE,Towers with Radar,386,104,45,2,537,0,138,386,0,524,386,242,431,2,1061,36,0,36,1097
09/07/2021,ANC,AK,AAL,WE,Towers with Radar,418,140,57,4,619,0,94,214,3,311,418,234,271,7,930,18,0,18,948
09/08/2021,ANC,AK,AAL,WE,Towers with Radar,394,141,80,7,622,0,82,174,0,256,394,223,254,7,878,80,0,80,958
09/09/2021,ANC,AK,AAL,WE,Towers with Radar,399,155,53,6,613,0,120,274,5,399,399,275,327,11,1012,28,0,28,1040
09/10/2021,ANC,AK,AAL,WE,Towers with Radar,437,148,62,8,655,0,132,293,3,428,437,280,355,11,1083,26,0,26,1109
09/11/2021,ANC,AK,AAL,WE,Towers with Radar,412,114,47,12,585,0,137,444,3,584,412,251,491,15,1169,48,0,48,1217
09/12/2021,ANC,AK,AAL,WE,Towers with Radar,354,65,37,1,457,0,101,164,0,265,354,166,201,1,722,12,0,12,734
09/13/2021,ANC,AK,AAL,WE,Towers with Radar,363,141,43,0,547,0,61,89,3,153,363,202,132,3,700,28,0,28,728
09/14/2021,ANC,AK,AAL,WE,Towers with Radar,395,144,60,11,610,0,93,213,5,311,395,237,273,16,921,30,0,30,951
09/15/2021,ANC,AK,AAL,WE,Towers with Radar,384,135,45,10,574,0,93,165,6,264,384,228,210,16,838,34,0,34,872
09/16/2021,ANC,AK,AAL,WE,Towers with Radar,418,155,68,14,655,0,67,187,5,259,418,222,255,19,914,88,0,88,1002
09/17/2021,ANC,AK,AAL,WE,Towers with Radar,439,146,61,7,653,0,118,399,4,521,439,264,460,11,1174,52,0,52,1226
09/18/2021,ANC,AK,AAL,WE,Towers with Radar,386,100,39,9,534,0,90,347,3,440,386,190,386,12,974,40,0,40,1014
09/19/2021,ANC,AK,AAL,WE,Towers with Radar,343,62,27,2,434,0,139,428,2,569,343,201,455,4,1003,24,0,24,1027
09/20/2021,ANC,AK,AAL,WE,Towers with Radar,411,116,31,1,559,0,115,223,3,341,411,231,254,4,900,18,0,18,918
09/21/2021,ANC,AK,AAL,WE,Towers with Radar,393,130,47,9,579,0,14,62,2,78,393,144,109,11,657,2,0,2,659
09/22/2021,ANC,AK,AAL,WE,Towers with Radar,398,126,42,6,572,2,127,481,5,615,400,253,523,11,1187,16,0,16,1203
09/23/2021,ANC,AK,AAL,WE,Towers with Radar,422,158,41,5,626,0,78,81,0,159,422,236,122,5,785,50,0,50,835
09/24/2021,ANC,AK,AAL,WE,Towers with Radar,413,173,68,7,661,0,56,42,0,98,413,229,110,7,759,54,0,54,813
09/25/2021,ANC,AK,AAL,WE,Towers with Radar,397,138,116,9,660,0,61,161,1,223,397,199,277,10,883,2,0,2,885
09/26/2021,ANC,AK,AAL,WE,Towers with Radar,342,58,32,3,435,0,100,426,4,530,342,158,458,7,965,38,0,38,1003
09/27/2021,ANC,AK,AAL,WE,Towers with Radar,405,111,30,5,551,0,154,159,2,315,405,265,189,7,866,54,0,54,920
09/28/2021,ANC,AK,AAL,WE,Towers with Radar,407,119,47,14,587,0,68,219,6,293,407,187,266,20,880,28,0,28,908
09/29/2021,ANC,AK,AAL,WE,Towers with Radar,391,124,36,8,559,0,70,341,7,418,391,194,377,15,977,60,0,60,1037
09/30/2021,ANC,AK,AAL,WE,Towers with Radar,409,124,54,5,592,0,45,193,9,247,409,169,247,14,839,6,0,6,845
10/01/2021,ANC,AK,AAL,WE,Towers with Radar,435,129,41,6,611,1,87,172,8,268,436,216,213,14,879,16,0,16,895
10/02/2021,ANC,AK,AAL,WE,Towers with Radar,392,92,25,8,517,0,8,39,0,47,392,100,64,8,564,18,0,18,582
10/03/2021,ANC,AK,AAL,WE,Towers with Radar,338,64,26,2,430,1,36,290,2,329,339,100,316,4,759,12,0,12,771
10/04/2021,ANC,AK,AAL,WE,Towers with Radar,382,101,32,6,521,0,29,272,4,305,382,130,304,10,826,46,0,46,872
10/05/2021,ANC,AK,AAL,WE,Towers with Radar,399,125,28,9,561,0,21,120,6,147,399,146,148,15,708,128,0,128,836
10/06/2021,ANC,AK,AAL,WE,Towers with Radar,373,132,28,6,539,0,19,31,0,50,373,151,59,6,589,2,0,2,591
10/07/2021,ANC,AK,AAL,WE,Towers with Radar,404,134,40,5,583,0,32,125,6,163,404,166,165,11,746,8,0,8,754
10/08/2021,ANC,AK,AAL,WE,Towers with Radar,373,160,41,7,581,0,13,18,1,32,373,173,59,8,613,0,0,0,613
10/09/2021,ANC,AK,AAL,WE,Towers with Radar,362,99,24,7,492,0,3,74,0,77,362,102,98,7,569,60,0,60,629
10/10/2021,ANC,AK,AAL,WE,Towers with Radar,323,61,21,4,409,0,9,264,5,278,323,70,285,9,687,90,0,90,777
10/11/2021,ANC,AK,AAL,WE,Towers with Radar,389,82,27,0,498,0,10,100,0,110,389,92,127,0,608,26,0,26,634
10/12/2021,ANC,AK,AAL,WE,Towers with Radar,370,117,31,7,525,0,29,134,4,167,370,146,165,11,692,4,0,4,696
10/13/2021,ANC,AK,AAL,WE,Towers with Radar,409,123,42,9,583,0,26,189,2,217,409,149,231,11,800,18,0,18,818
10/14/2021,ANC,AK,AAL,WE,Towers with Radar,381,144,45,8,578,0,2,7,0,9,381,146,52,8,587,6,0,6,593
10/15/2021,ANC,AK,AAL,WE,Towers with Radar,426,144,34,6,610,0,17,111,2,130,426,161,145,8,740,70,0,70,810
10/16/2021,ANC,AK,AAL,WE,Towers with Radar,390,78,25,7,500,0,21,136,0,157,390,99,161,7,657,36,0,36,693
10/17/2021,ANC,AK,AAL,WE,Towers with Radar,342,47,10,6,405,0,7,69,1,77,342,54,79,7,482,10,0,10,492
10/18/2021,ANC,AK,AAL,WE,Towers with Radar,395,99,31,2,527,0,21,197,0,218,395,120,228,2,745,58,0,58,803
10/19/2021,ANC,AK,AAL,WE,Towers with Radar,396,117,25,9,547,0,8,69,0,77,396,125,94,9,624,4,0,4,628
10/20/2021,ANC,AK,AAL,WE,Towers with Radar,397,140,18,8,563,0,14,104,2,120,397,154,122,10,683,126,0,126,809
10/21/2021,ANC,AK,AAL,WE,Towers with Radar,400,116,24,5,545,0,11,91,0,102,400,127,115,5,647,28,0,28,675
10/22/2021,ANC,AK,AAL,WE,Towers with Radar,428,131,25,8,592,0,21,132,1,154,428,152,157,9,746,22,0,22,768
10/23/2021,ANC,AK,AAL,WE,Towers with Radar,382,73,16,7,478,0,3,198,0,201,382,76,214,7,679,48,0,48,727
10/24/2021,ANC,AK,AAL,WE,Towers with Radar,350,71,15,3,439,1,7,186,0,194,351,78,201,3,633,44,0,44,677
10/25/2021,ANC,AK,AAL,WE,Towers with Radar,401,125,17,6,549,0,18,123,2,143,401,143,140,8,692,64,0,64,756
10/26/2021,ANC,AK,AAL,WE,Towers with Radar,373,114,22,10,519,0,19,136,3,158,373,133,158,13,677,58,0,58,735
10/27/2021,ANC,AK,AAL,WE,Towers with Radar,392,120,27,9,548,0,22,143,2,167,392,142,170,11,715,16,0,16,731
10/28/2021,ANC,AK,AAL,WE,Towers with Radar,400,146,36,10,592,0,10,22,0,32,400,156,58,10,624,0,0,0,624
10/29/2021,ANC,AK,AAL,WE,Towers with Radar,423,134,23,10,590,0,12,54,1,67,423,146,77,11,657,0,0,0,657
10/30/2021,ANC,AK,AAL,WE,Towers with Radar,384,53,14,9,460,0,4,10,0,14,384,57,24,9,474,0,0,0,474
10/31/2021,ANC,AK,AAL,WE,Towers with Radar,332,58,12,4,406,0,5,32,0,37,332,63,44,4,443,15,0,15,458
11/01/2021,ANC,AK,AAL,WE,Towers with Radar,370,144,25,3,542,0,8,51,2,61,370,152,76,5,603,29,0,29,632
11/02/2021,ANC,AK,AAL,WE,Towers with Radar,363,150,34,10,557,0,0,1,0,1,363,150,35,10,558,12,0,12,570
11/03/2021,ANC,AK,AAL,WE,Towers with Radar,400,135,25,8,568,0,19,101,2,122,400,154,126,10,690,24,0,24,714
11/04/2021,ANC,AK,AAL,WE,Towers with Radar,391,162,27,5,585,0,6,14,0,20,391,168,41,5,605,20,0,20,625
11/05/2021,ANC,AK,AAL,WE,Towers with Radar,408,131,33,8,580,0,5,33,0,38,408,136,66,8,618,10,0,10,628
11/06/2021,ANC,AK,AAL,WE,Towers with Radar,371,112,15,9,507,0,3,28,0,31,371,115,43,9,538,0,0,0,538
11/07/2021,ANC,AK,AAL,WE,Towers with Radar,338,93,11,0,442,0,1,42,0,43,338,94,53,0,485,30,0,30,515
11/08/2021,ANC,AK,AAL,WE,Towers with Radar,398,136,31,5,570,0,9,98,0,107,398,145,129,5,677,62,0,62,739
11/09/2021,ANC,AK,AAL,WE,Towers with Radar,363,136,35,7,541,0,12,92,2,106,363,148,127,9,647,7,0,7,654
11/10/2021,ANC,AK,AAL,WE,Towers with Radar,405,133,26,9,573,0,13,49,2,64,405,146,75,11,637,10,0,10,647
11/11/2021,ANC,AK,AAL,WE,Towers with Radar,379,157,31,8,575,0,0,2,0,2,379,157,33,8,577,0,0,0,577
11/12/2021,ANC,AK,AAL,WE,Towers with Radar,405,154,27,5,591,0,12,10,2,24,405,166,37,7,615,0,0,0,615
11/13/2021,ANC,AK,AAL,WE,Towers with Radar,394,75,21,11,501,0,9,68,0,77,394,84,89,11,578,0,0,0,578
11/14/2021,ANC,AK,AAL,WE,Towers with Radar,318,61,16,2,397,0,7,46,2,55,318,68,62,4,452,6,0,6,458
11/15/2021,ANC,AK,AAL,WE,Towers with Radar,374,142,45,8,569,0,1,3,0,4,374,143,48,8,573,0,0,0,573
11/16/2021,ANC,AK,AAL,WE,Towers with Radar,364,136,25,8,533,0,18,57,2,77,364,154,82,10,610,2,0,2,612
11/17/2021,ANC,AK,AAL,WE,Towers with Radar,384,116,21,8,529,0,10,66,0,76,384,126,87,8,605,6,0,6,611
11/18/2021,ANC,AK,AAL,WE,Towers with Radar,413,122,22,9,566,0,17,68,1,86,413,139,90,10,652,0,0,0,652
11/19/2021,ANC,AK,AAL,WE,Towers with Radar,403,129,24,6,562,0,23,60,3,86,403,152,84,9,648,8,0,8,656
11/20/2021,ANC,AK,AAL,WE,Towers with Radar,382,92,12,9,495,0,10,62,0,72,382,102,74,9,567,0,0,0,567
11/21/2021,ANC,AK,AAL,WE,Towers with Radar,344,54,14,1,413,0,14,63,0,77,344,68,77,1,490,10,0,10,500
11/22/2021,ANC,AK,AAL,WE,Towers with Radar,384,111,25,4,524,0,12,36,1,49,384,123,61,5,573,16,0,16,589
11/23/2021,ANC,AK,AAL,WE,Towers with Radar,383,126,27,7,543,0,16,54,0,70,383,142,81,7,613,22,0,22,635
11/24/2021,ANC,AK,AAL,WE,Towers with Radar,395,158,32,11,596,2,9,61,3,75,397,167,93,14,671,4,0,4,675
11/25/2021,ANC,AK,AAL,WE,Towers with Radar,294,28,13,2,337,0,0,1,0,1,294,28,14,2,338,0,0,0,338
11/26/2021,ANC,AK,AAL,WE,Towers with Radar,390,120,12,7,529,0,15,41,0,56,390,135,53,7,585,0,0,0,585
11/27/2021,ANC,AK,AAL,WE,Towers with Radar,381,76,12,8,477,0,17,40,0,57,381,93,52,8,534,8,0,8,542
11/28/2021,ANC,AK,AAL,WE,Towers with Radar,305,65,16,7,393,0,5,17,0,22,305,70,33,7,415,0,0,0,415
11/29/2021,ANC,AK,AAL,WE,Towers with Radar,361,115,19,6,501,0,15,34,0,49,361,130,53,6,550,6,0,6,556
11/30/2021,ANC,AK,AAL,WE,Towers with Radar,342,133,20,8,503,0,0,3,0,3,342,133,23,8,506,0,0,0,506
12/01/2021,ANC,AK,AAL,WE,Towers with Radar,370,163,28,7,568,0,0,2,0,2,370,163,30,7,570,0,0,0,570
12/02/2021,ANC,AK,AAL,WE,Towers with Radar,396,140,28,10,574,0,27,62,4,93,396,167,90,14,667,4,0,4,671
12/03/2021,ANC,AK,AAL,WE,Towers with Radar,372,158,26,6,562,0,5,28,0,33,372,163,54,6,595,0,0,0,595
12/04/2021,ANC,AK,AAL,WE,Towers with Radar,361,119,25,10,515,0,1,1,0,2,361,120,26,10,517,0,0,0,517
12/05/2021,ANC,AK,AAL,WE,Towers with Radar,317,64,15,4,400,0,7,27,0,34,317,71,42,4,434,20,0,20,454
12/06/2021,ANC,AK,AAL,WE,Towers with Radar,380,135,21,9,545,0,4,24,0,28,380,139,45,9,573,10,0,10,583
12/07/2021,ANC,AK,AAL,WE,Towers with Radar,369,133,24,9,535,0,9,9,0,18,369,142,33,9,553,0,0,0,553
12/08/2021,ANC,AK,AAL,WE,Towers with Radar,410,144,23,10,587,1,27,68,1,97,411,171,91,11,684,24,0,24,708
12/09/2021,ANC,AK,AAL,WE,Towers with Radar,380,149,22,10,561,0,10,14,2,26,380,159,36,12,587,0,0,0,587
12/10/2021,ANC,AK,AAL,WE,Towers with Radar,400,165,36,10,611,0,5,19,0,24,400,170,55,10,635,6,0,6,641
12/11/2021,ANC,AK,AAL,WE,Towers with Radar,369,96,14,11,490,0,5,48,0,53,369,101,62,11,543,0,0,0,543
12/12/2021,ANC,AK,AAL,WE,Towers with Radar,342,79,11,5,437,0,0,21,0,21,342,79,32,5,458,0,0,0,458
12/13/2021,ANC,AK,AAL,WE,Towers with Radar,363,104,24,2,493,0,14,62,6,82,363,118,86,8,575,12,0,12,587
12/14/2021,ANC,AK,AAL,WE,Towers with Radar,363,149,23,10,545,1,15,62,3,81,364,164,85,13,626,2,0,2,628
12/15/2021,ANC,AK,AAL,WE,Towers with Radar,375,140,30,11,556,0,13,34,8,55,375,153,64,19,611,0,0,0,611
12/16/2021,ANC,AK,AAL,WE,Towers with Radar,366,149,22,9,546,0,5,15,0,20,366,154,37,9,566,34,0,34,600
12/17/2021,ANC,AK,AAL,WE,Towers with Radar,375,189,46,13,623,0,4,27,1,32,375,193,73,14,655,44,0,44,699
12/18/2021,ANC,AK,AAL,WE,Towers with Radar,348,122,27,7,504,0,1,15,1,17,348,123,42,8,521,8,0,8,529
12/19/2021,ANC,AK,AAL,WE,Towers with Radar,314,87,18,5,424,0,5,47,0,52,314,92,65,5,476,8,0,8,484
12/20/2021,ANC,AK,AAL,WE,Towers with Radar,330,119,18,8,475,0,0,0,0,0,330,119,18,8,475,0,0,0,475
12/21/2021,ANC,AK,AAL,WE,Towers with Radar,351,167,35,10,563,0,0,0,0,0,351,167,35,10,563,0,0,0,563
12/22/2021,ANC,AK,AAL,WE,Towers with Radar,379,167,30,9,585,0,7,49,2,58,379,174,79,11,643,20,0,20,663
12/23/2021,ANC,AK,AAL,WE,Towers with Radar,360,126,14,11,511,0,30,90,0,120,360,156,104,11,631,14,0,14,645
12/24/2021,ANC,AK,AAL,WE,Towers with Radar,341,104,6,7,458,0,7,69,0,76,341,111,75,7,534,14,0,14,548
12/25/2021,ANC,AK,AAL,WE,Towers with Radar,242,13,3,0,258,0,1,11,0,12,242,14,14,0,270,0,0,0,270
12/26/2021,ANC,AK,AAL,WE,Towers with Radar,257,21,2,2,282,0,0,0,0,0,257,21,2,2,282,0,0,0,282
12/27/2021,ANC,AK,AAL,WE,Towers with Radar,316,122,9,2,449,0,12,64,0,76,316,134,73,2,525,10,0,10,535
12/28/2021,ANC,AK,AAL,WE,Towers with Radar,314,127,13,5,459,0,10,62,0,72,314,137,75,5,531,2,0,2,533
12/29/2021,ANC,AK,AAL,WE,Towers with Radar,356,129,23,6,514,0,8,116,0,124,356,137,139,6,638,22,0,22,660
12/30/2021,ANC,AK,AAL,WE,Towers with Radar,332,136,19,12,499,0,10,123,2,135,332,146,142,14,634,18,0,18,652
12/31/2021,ANC,AK,AAL,WE,Towers with Radar,323,126,14,13,476,0,1,3,0,4,323,127,17,13,480,0,0,0,480
01/01/2022,ANC,AK,AAL,WE,Towers with Radar,245,36,12,0,293,0,1,2,0,3,245,37,14,0,296,0,0,0,296
01/02/2022,ANC,AK,AAL,WE,Towers with Radar,272,31,7,4,314,0,1,6,0,7,272,32,13,4,321,0,0,0,321
01/03/2022,ANC,AK,AAL,WE,Towers with Radar,348,111,18,6,483,0,5,28,0,33,348,116,46,6,516,0,0,0,516
01/04/2022,ANC,AK,AAL,WE,Towers with Radar,303,121,29,9,462,0,10,70,1,81,303,131,99,10,543,10,0,10,553
01/05/2022,ANC,AK,AAL,WE,Towers with Radar,340,129,20,14,503,1,14,71,1,87,341,143,91,15,590,6,0,6,596
01/06/2022,ANC,AK,AAL,WE,Towers with Radar,341,145,43,9,538,0,12,38,2,52,341,157,81,11,590,0,0,0,590
01/07/2022,ANC,AK,AAL,WE,Towers with Radar,350,137,34,13,534,0,8,47,0,55,350,145,81,13,589,6,0,6,595
01/08/2022,ANC,AK,AAL,WE,Towers with Radar,328,92,22,9,451,0,2,17,0,19,328,94,39,9,470,0,0,0,470
01/09/2022,ANC,AK,AAL,WE,Towers with Radar,297,56,8,5,366,0,7,13,0,20,297,63,21,5,386,0,0,0,386
01/10/2022,ANC,AK,AAL,WE,Towers with Radar,348,138,22,7,515,0,6,35,0,41,348,144,57,7,556,6,0,6,562
01/11/2022,ANC,AK,AAL,WE,Towers with Radar,317,162,25,5,509,0,2,5,0,7,317,164,30,5,516,4,0,4,520
01/12/2022,ANC,AK,AAL,WE,Towers with Radar,361,155,31,12,559,0,12,42,0,54,361,167,73,12,613,0,0,0,613
01/13/2022,ANC,AK,AAL,WE,Towers with Radar,345,157,32,7,541,0,8,23,0,31,345,165,55,7,572,0,0,0,572
01/14/2022,ANC,AK,AAL,WE,Towers with Radar,361,132,18,11,522,0,12,60,0,72,361,144,78,11,594,8,0,8,602
01/15/2022,ANC,AK,AAL,WE,Towers with Radar,308,100,12,6,426,0,1,1,0,2,308,101,13,6,428,0,0,0,428
01/16/2022,ANC,AK,AAL,WE,Towers with Radar,293,85,13,7,398,0,5,33,2,40,293,90,46,9,438,26,0,26,464
01/17/2022,ANC,AK,AAL,WE,Towers with Radar,344,136,26,7,513,0,6,17,0,23,344,142,43,7,536,0,0,0,536
01/18/2022,ANC,AK,AAL,WE,Towers with Radar,309,130,32,10,481,0,22,67,0,89,309,152,99,10,570,52,0,52,622
01/19/2022,ANC,AK,AAL,WE,Towers with Radar,350,150,19,12,531,0,1,0,0,1,350,151,19,12,532,2,0,2,534
01/20/2022,ANC,AK,AAL,WE,Towers with Radar,353,126,26,6,511,0,1,4,0,5,353,127,30,6,516,0,0,0,516
01/21/2022,ANC,AK,AAL,WE,Towers with Radar,366,113,19,7,505,0,4,35,0,39,366,117,54,7,544,6,0,6,550
01/22/2022,ANC,AK,AAL,WE,Towers with Radar,326,97,21,7,451,0,8,19,0,27,326,105,40,7,478,8,0,8,486
01/23/2022,ANC,AK,AAL,WE,Towers with Radar,297,82,11,2,392,0,8,20,0,28,297,90,31,2,420,0,0,0,420
01/24/2022,ANC,AK,AAL,WE,Towers with Radar,357,128,23,7,515,0,2,30,5,37,357,130,53,12,552,0,0,0,552
01/25/2022,ANC,AK,AAL,WE,Towers with Radar,317,146,30,10,503,0,7,42,0,49,317,153,72,10,552,8,0,8,560
01/26/2022,ANC,AK,AAL,WE,Towers with Radar,360,164,39,10,573,0,13,90,2,105,360,177,129,12,678,6,0,6,684
01/27/2022,ANC,AK,AAL,WE,Towers with Radar,387,157,21,10,575,0,0,12,0,12,387,157,33,10,587,0,0,0,587
01/28/2022,ANC,AK,AAL,WE,Towers with Radar,354,137,22,11,524,0,8,22,0,30,354,145,44,11,554,0,0,0,554
01/29/2022,ANC,AK,AAL,WE,Towers with Radar,350,83,8,17,458,0,10,104,5,119,350,93,112,22,577,23,0,23,600
01/30/2022,ANC,AK,AAL,WE,Towers with Radar,289,52,9,3,353,0,4,62,0,66,289,56,71,3,419,12,0,12,431
01/31/2022,ANC,AK,AAL,WE,Towers with Radar,342,131,26,6,505,0,17,86,0,103,342,148,112,6,608,48,0,48,656
02/01/2022,ANC,AK,AAL,WE,Towers with Radar,315,118,19,8,460,0,3,19,0,22,315,121,38,8,482,8,0,8,490
02/02/2022,ANC,AK,AAL,WE,Towers with Radar,332,121,15,10,478,1,27,89,3,120,333,148,104,13,598,12,0,12,610
02/03/2022,ANC,AK,AAL,WE,Towers with Radar,307,108,22,9,446,0,4,15,0,19,307,112,37,9,465,0,0,0,465
02/04/2022,ANC,AK,AAL,WE,Towers with Radar,316,133,27,7,483,1,3,16,0,20,317,136,43,7,503,0,0,0,503
02/05/2022,ANC,AK,AAL,WE,Towers with Radar,293,89,23,11,416,0,5,47,0,52,293,94,70,11,468,32,0,32,500
02/06/2022,ANC,AK,AAL,WE,Towers with Radar,254,55,7,3,319,0,9,93,5,107,254,64,100,8,426,26,0,26,452
02/07/2022,ANC,AK,AAL,WE,Towers with Radar,304,94,20,1,419,0,32,71,2,105,304,126,91,3,524,32,0,32,556
02/08/2022,ANC,AK,AAL,WE,Towers with Radar,292,151,17,8,468,0,9,28,2,39,292,160,45,10,507,10,0,10,517
02/09/2022,ANC,AK,AAL,WE,Towers with Radar,330,151,17,7,505,0,5,19,0,24,330,156,36,7,529,0,0,0,529
02/10/2022,ANC,AK,AAL,WE,Towers with Radar,326,123,18,6,473,0,38,119,4,161,326,161,137,10,634,46,0,46,680
02/11/2022,ANC,AK,AAL,WE,Towers with Radar,342,128,25,8,503,0,30,62,2,94,342,158,87,10,597,28,0,28,625
02/12/2022,ANC,AK,AAL,WE,Towers with Radar,305,101,21,10,437,0,0,4,0,4,305,101,25,10,441,0,0,0,441
02/13/2022,ANC,AK,AAL,WE,Towers with Radar,257,68,18,0,343,0,0,2,0,2,257,68,20,0,345,0,0,0,345
02/14/2022,ANC,AK,AAL,WE,Towers with Radar,303,122,19,1,445,0,0,0,0,0,303,122,19,1,445,0,0,0,445
02/15/2022,ANC,AK,AAL,WE,Towers with Radar,302,98,18,8,426,0,0,0,0,0,302,98,18,8,426,0,0,0,426
02/16/2022,ANC,AK,AAL,WE,Towers with Radar,343,145,25,8,521,0,1,1,0,2,343,146,26,8,523,0,0,0,523
02/17/2022,ANC,AK,AAL,WE,Towers with Radar,357,147,30,10,544,0,1,6,0,7,357,148,36,10,551,0,0,0,551
02/18/2022,ANC,AK,AAL,WE,Towers with Radar,362,128,26,14,530,0,14,22,0,36,362,142,48,14,566,0,0,0,566
02/19/2022,ANC,AK,AAL,WE,Towers with Radar,330,76,15,6,427,0,75,50,0,125,330,151,65,6,552,14,0,14,566
02/20/2022,ANC,AK,AAL,WE,Towers with Radar,281,57,18,4,360,0,8,54,0,62,281,65,72,4,422,16,0,16,438
02/21/2022,ANC,AK,AAL,WE,Towers with Radar,313,134,24,2,473,0,0,1,0,1,313,134,25,2,474,10,0,10,484
02/22/2022,ANC,AK,AAL,WE,Towers with Radar,309,118,28,5,460,0,11,93,2,106,309,129,121,7,566,16,0,16,582
02/23/2022,ANC,AK,AAL,WE,Towers with Radar,365,137,28,13,543,0,23,80,1,104,365,160,108,14,647,0,0,0,647
02/24/2022,ANC,AK,AAL,WE,Towers with Radar,339,134,28,11,512,0,19,62,0,81,339,153,90,11,593,8,0,8,601
02/25/2022,ANC,AK,AAL,WE,Towers with Radar,383,113,18,8,522,0,16,29,2,47,383,129,47,10,569,0,0,0,569
02/26/2022,ANC,AK,AAL,WE,Towers with Radar,338,96,18,8,460,0,18,130,0,148,338,114,148,8,608,35,0,35,643
02/27/2022,ANC,AK,AAL,WE,Towers with Radar,291,66,16,5,378,0,20,133,1,154,291,86,149,6,532,4,0,4,536
02/28/2022,ANC,AK,AAL,WE,Towers with Radar,349,110,27,5,491,0,18,110,4,132,349,128,137,9,623,24,0,24,647
03/01/2022,ANC,AK,AAL,WE,Towers with Radar,349,111,29,11,500,0,25,120,2,147,349,136,149,13,647,16,0,16,663
03/02/2022,ANC,AK,AAL,WE,Towers with Radar,373,134,27,12,546,0,32,119,0,151,373,166,146,12,697,34,0,34,731
03/03/2022,ANC,AK,AAL,WE,Towers with Radar,356,115,33,9,513,0,29,59,0,88,356,144,92,9,601,4,0,4,605
03/04/2022,ANC,AK,AAL,WE,Towers with Radar,351,134,30,8,523,0,11,53,0,64,351,145,83,8,587,0,0,0,587
03/05/2022,ANC,AK,AAL,WE,Towers with Radar,317,77,27,6,427,0,1,0,0,1,317,78,27,6,428,0,0,0,428
03/06/2022,ANC,AK,AAL,WE,Towers with Radar,318,77,30,3,428,0,69,169,0,238,318,146,199,3,666,16,0,16,682
03/07/2022,ANC,AK,AAL,WE,Towers with Radar,344,102,22,3,471,0,56,186,3,245,344,158,208,6,716,38,0,38,754
03/08/2022,ANC,AK,AAL,WE,Towers with Radar,337,115,26,13,491,0,50,178,4,232,337,165,204,17,723,32,0,32,755
03/09/2022,ANC,AK,AAL,WE,Towers with Radar,379,156,28,8,571,0,0,1,0,1,379,156,29,8,572,10,0,10,582
03/10/2022,ANC,AK,AAL,WE,Towers with Radar,354,144,36,7,541,0,5,29,0,34,354,149,65,7,575,0,0,0,575
03/11/2022,ANC,AK,AAL,WE,Towers with Radar,369,154,37,12,572,0,14,41,0,55,369,168,78,12,627,4,0,4,631
03/12/2022,ANC,AK,AAL,WE,Towers with Radar,359,89,23,11,482,0,32,117,0,149,359,121,140,11,631,44,0,44,675
03/13/2022,ANC,AK,AAL,WE,Towers with Radar,298,61,14,4,377,0,16,55,2,73,298,77,69,6,450,2,0,2,452
03/14/2022,ANC,AK,AAL,WE,Towers with Radar,360,113,23,13,509,0,39,175,4,218,360,152,198,17,727,6,0,6,733
03/15/2022,ANC,AK,AAL,WE,Towers with Radar,340,130,29,17,516,0,35,171,7,213,340,165,200,24,729,16,0,16,745
03/16/2022,ANC,AK,AAL,WE,Towers with Radar,377,138,27,18,560,0,35,76,4,115,377,173,103,22,675,10,0,10,685
03/17/2022,ANC,AK,AAL,WE,Towers with Radar,375,157,34,13,579,0,9,11,0,20,375,166,45,13,599,0,0,0,599
03/18/2022,ANC,AK,AAL,WE,Towers with Radar,345,127,25,13,510,0,35,145,1,181,345,162,170,14,691,30,0,30,721
03/19/2022,ANC,AK,AAL,WE,Towers with Radar,342,98,14,6,460,0,31,156,0,187,342,129,170,6,647,44,0,44,691
03/20/2022,ANC,AK,AAL,WE,Towers with Radar,297,84,29,5,415,0,24,197,0,221,297,108,226,5,636,24,0,24,660
03/21/2022,ANC,AK,AAL,WE,Towers with Radar,355,137,26,20,538,0,47,164,4,215,355,184,190,24,753,30,0,30,783
03/22/2022,ANC,AK,AAL,WE,Towers with Radar,330,139,14,23,506,0,24,94,0,118,330,163,108,23,624,4,0,4,628
03/23/2022,ANC,AK,AAL,WE,Towers with Radar,354,142,21,20,537,0,24,110,2,136,354,166,131,22,673,8,0,8,681
03/24/2022,ANC,AK,AAL,WE,Towers with Radar,362,128,21,15,526,0,10,63,0,73,362,138,84,15,599,40,0,40,639
03/25/2022,ANC,AK,AAL,WE,Towers with Radar,366,153,28,7,554,0,36,147,2,185,366,189,175,9,739,38,0,38,777
03/26/2022,ANC,AK,AAL,WE,Towers with Radar,353,101,18,12,484,0,22,169,1,192,353,123,187,13,676,6,0,6,682
03/27/2022,ANC,AK,AAL,WE,Towers with Radar,288,41,7,4,340,0,24,119,0,143,288,65,126,4,483,24,0,24,507
03/28/2022,ANC,AK,AAL,WE,Towers with Radar,334,131,23,6,494,0,29,80,3,112,334,160,103,9,606,10,0,10,616
03/29/2022,ANC,AK,AAL,WE,Towers with Radar,342,133,18,6,499,0,37,147,5,189,342,170,165,11,688,70,0,70,758
03/30/2022,ANC,AK,AAL,WE,Towers with Radar,366,146,30,11,553,0,65,131,6,202,366,211,161,17,755,20,0,20,775
03/31/2022,ANC,AK,AAL,WE,Towers with Radar,342,133,22,12,509,0,30,116,2,148,342,163,138,14,657,32,0,32,689
04/01/2022,ANC,AK,AAL,WE,Towers with Radar,345,141,20,13,519,0,18,104,4,126,345,159,124,17,645,38,0,38,683
04/02/2022,ANC,AK,AAL,WE,Towers with Radar,345,100,15,17,477,0,25,167,2,194,345,125,182,19,671,24,0,24,695
04/03/2022,ANC,AK,AAL,WE,Towers with Radar,305,61,16,5,387,0,16,175,6,197,305,77,191,11,584,30,0,30,614
04/04/2022,ANC,AK,AAL,WE,Towers with Radar,349,132,21,8,510,0,17,61,0,78,349,149,82,8,588,22,0,22,610
04/05/2022,ANC,AK,AAL,WE,Towers with Radar,336,151,18,12,517,0,13,36,0,49,336,164,54,12,566,24,0,24,590
04/06/2022,ANC,AK,AAL,WE,Towers with Radar,375,147,28,11,561,0,25,72,6,103,375,172,100,17,664,50,0,50,714
04/07/2022,ANC,AK,AAL,WE,Towers with Radar,357,144,25,11,537,0,32,156,3,191,357,176,181,14,728,14,0,14,742
04/08/2022,ANC,AK,AAL,WE,Towers with Radar,360,178,38,10,586,0,13,36,0,49,360,191,74,10,635,42,0,42,677
04/09/2022,ANC,AK,AAL,WE,Towers with Radar,336,100,20,6,462,0,22,168,0,190,336,122,188,6,652,24,0,24,676
04/10/2022,ANC,AK,AAL,WE,Towers with Radar,306,67,17,2,392,0,17,143,0,160,306,84,160,2,552,16,0,16,568
04/11/2022,ANC,AK,AAL,WE,Towers with Radar,361,126,20,5,512,0,27,198,2,227,361,153,218,7,739,34,0,34,773
04/12/2022,ANC,AK,AAL,WE,Towers with Radar,352,137,22,9,520,0,33,182,2,217,352,170,204,11,737,36,0,36,773
04/13/2022,ANC,AK,AAL,WE,Towers with Radar,385,164,29,10,588,0,25,164,2,191,385,189,193,12,779,48,0,48,827
04/14/2022,ANC,AK,AAL,WE,Towers with Radar,367,125,38,10,540,0,30,228,2,260,367,155,266,12,800,36,0,36,836
04/15/2022,ANC,AK,AAL,WE,Towers with Radar,378,150,35,10,573,0,37,134,3,174,378,187,169,13,747,26,0,26,773
04/16/2022,ANC,AK,AAL,WE,Towers with Radar,343,117,19,7,486,0,26,140,1,167,343,143,159,8,653,0,0,0,653
04/17/2022,ANC,AK,AAL,WE,Towers with Radar,301,58,9,3,371,0,16,81,2,99,301,74,90,5,470,0,0,0,470
04/18/2022,ANC,AK,AAL,WE,Towers with Radar,343,121,26,6,496,0,32,161,2,195,343,153,187,8,691,110,0,110,801
04/19/2022,ANC,AK,AAL,WE,Towers with Radar,349,146,36,6,537,0,24,170,0,194,349,170,206,6,731,17,0,17,748
04/20/2022,ANC,AK,AAL,WE,Towers with Radar,392,162,34,8,596,0,50,169,0,219,392,212,203,8,815,50,0,50,865
04/21/2022,ANC,AK,AAL,WE,Towers with Radar,390,142,35,9,576,0,56,134,3,193,390,198,169,12,769,116,0,116,885
04/22/2022,ANC,AK,AAL,WE,Towers with Radar,384,172,25,6,587,0,29,40,2,71,384,201,65,8,658,14,0,14,672
04/23/2022,ANC,AK,AAL,WE,Towers with Radar,354,106,21,7,488,0,13,90,3,106,354,119,111,10,594,28,0,28,622
04/24/2022,ANC,AK,AAL,WE,Towers with Radar,326,57,28,2,413,0,27,209,4,240,326,84,237,6,653,16,0,16,669
04/25/2022,ANC,AK,AAL,WE,Towers with Radar,347,128,37,4,516,0,40,123,2,165,347,168,160,6,681,14,0,14,695
04/26/2022,ANC,AK,AAL,WE,Towers with Radar,354,126,27,12,519,0,50,189,1,240,354,176,216,13,759,22,0,22,781
04/27/2022,ANC,AK,AAL,WE,Towers with Radar,383,136,31,7,557,0,49,161,3,213,383,185,192,10,770,32,0,32,802
04/28/2022,ANC,AK,AAL,WE,Towers with Radar,382,145,31,8,566,0,34,136,0,170,382,179,167,8,736,34,0,34,770
04/29/2022,ANC,AK,AAL,WE,Towers with Radar,367,152,30,8,557,0,21,104,1,126,367,173,134,9,683,12,0,12,695
04/30/2022,ANC,AK,AAL,WE,Towers with Radar,341,88,10,7,446,0,18,170,2,190,341,106,180,9,636,8,0,8,644
05/01/2022,ANC,AK,AAL,WE,Towers with Radar,310,82,14,3,409,0,11,100,0,111,310,93,114,3,520,4,0,4,524
05/02/2022,ANC,AK,AAL,WE,Towers with Radar,325,123,38,2,488,0,38,43,0,81,325,161,81,2,569,0,0,0,569
05/03/2022,ANC,AK,AAL,WE,Towers with Radar,340,161,39,8,548,0,43,75,3,121,340,204,114,11,669,28,0,28,697
05/04/2022,ANC,AK,AAL,WE,Towers with Radar,359,151,34,10,554,0,41,76,2,119,359,192,110,12,673,0,0,0,673
05/05/2022,ANC,AK,AAL,WE,Towers with Radar,354,157,26,10,547,0,46,110,7,163,354,203,136,17,710,52,0,52,762
05/06/2022,ANC,AK,AAL,WE,Towers with Radar,367,147,42,9,565,0,67,123,5,195,367,214,165,14,760,94,0,94,854
05/07/2022,ANC,AK,AAL,WE,Towers with Radar,349,98,19,11,477,0,24,83,3,110,349,122,102,14,587,0,0,0,587
05/08/2022,ANC,AK,AAL,WE,Towers with Radar,306,50,18,5,379,0,21,82,0,103,306,71,100,5,482,12,0,12,494
05/09/2022,ANC,AK,AAL,WE,Towers with Radar,367,125,28,7,527,0,36,64,2,102,367,161,92,9,629,0,0,0,629
05/10/2022,ANC,AK,AAL,WE,Towers with Radar,337,140,31,13,521,0,49,37,2,88,337,189,68,15,609,0,0,0,609
05/11/2022,ANC,AK,AAL,WE,Towers with Radar,399,158,35,13,605,1,74,183,2,260,400,232,218,15,865,40,0,40,905
05/12/2022,ANC,AK,AAL,WE,Towers with Radar,398,148,30,14,590,0,44,98,1,143,398,192,128,15,733,0,0,0,733
05/13/2022,ANC,AK,AAL,WE,Towers with Radar,404,170,39,11,624,0,61,76,2,139,404,231,115,13,763,49,0,49,812
05/14/2022,ANC,AK,AAL,WE,Towers with Radar,367,107,20,10,504,0,33,114,0,147,367,140,134,10,651,10,0,10,661
05/15/2022,ANC,AK,AAL,WE,Towers with Radar,306,59,23,7,395,0,34,158,0,192,306,93,181,7,587,22,0,22,609
05/16/2022,ANC,AK,AAL,WE,Towers with Radar,362,128,33,7,530,0,57,189,6,252,362,185,222,13,782,29,0,29,811
05/17/2022,ANC,AK,AAL,WE,Towers with Radar,347,141,31,9,528,0,76,170,7,253,347,217,201,16,781,28,0,28,809
05/18/2022,ANC,AK,AAL,WE,Towers with Radar,415,147,36,10,608,0,85,177,0,262,415,232,213,10,870,6,0,6,876
05/19/2022,ANC,AK,AAL,WE,Towers with Radar,416,136,49,10,611,0,65,117,1,183,416,201,166,11,794,22,0,22,816
05/20/2022,ANC,AK,AAL,WE,Towers with Radar,404,158,29,6,597,0,100,207,4,311,404,258,236,10,908,16,0,16,924
05/21/2022,ANC,AK,AAL,WE,Towers with Radar,380,115,17,9,521,0,68,172,0,240,380,183,189,9,761,28,0,28,789
05/22/2022,ANC,AK,AAL,WE,Towers with Radar,325,82,18,5,430,0,56,252,0,308,325,138,270,5,738,68,0,68,806
05/23/2022,ANC,AK,AAL,WE,Towers with Radar,357,144,41,7,549,0,57,218,1,276,357,201,259,8,825,35,0,35,860
05/24/2022,ANC,AK,AAL,WE,Towers with Radar,379,150,32,14,575,0,48,217,2,267,379,198,249,16,842,33,0,33,875
05/25/2022,ANC,AK,AAL,WE,Towers with Radar,418,178,40,12,648,0,75,279,1,355,418,253,319,13,1003,64,0,64,1067
05/26/2022,ANC,AK,AAL,WE,Towers with Radar,413,137,49,15,614,0,106,324,3,433,413,243,373,18,1047,20,0,20,1067
05/27/2022,ANC,AK,AAL,WE,Towers with Radar,403,165,32,12,612,0,87,352,0,439,403,252,384,12,1051,50,0,50,1101
05/28/2022,ANC,AK,AAL,WE,Towers with Radar,346,111,11,12,480,0,112,289,0,401,346,223,300,12,881,28,0,28,909
05/29/2022,ANC,AK,AAL,WE,Towers with Radar,353,81,18,3,455,0,78,262,0,340,353,159,280,3,795,21,0,21,816
05/30/2022,ANC,AK,AAL,WE,Towers with Radar,351,94,25,2,472,0,99,374,2,475,351,193,399,4,947,10,0,10,957
05/31/2022,ANC,AK,AAL,WE,Towers with Radar,386,146,38,9,579,0,73,294,2,369,386,219,332,11,948,50,0,50,998
06/01/2022,ANC,AK,AAL,WE,Towers with Radar,395,160,41,11,607,0,127,319,2,448,395,287,360,13,1055,32,0,32,1087
06/02/2022,ANC,AK,AAL,WE,Towers with Radar,384,156,40,8,588,0,125,267,3,395,384,281,307,11,983,40,0,40,1023
06/03/2022,ANC,AK,AAL,WE,Towers with Radar,402,159,34,12,607,0,150,377,4,531,402,309,411,16,1138,58,0,58,1196
06/04/2022,ANC,AK,AAL,WE,Towers with Radar,416,113,26,8,563,0,103,278,0,381,416,216,304,8,944,14,0,14,958
06/05/2022,ANC,AK,AAL,WE,Towers with Radar,365,86,35,4,490,6,113,325,0,444,371,199,360,4,934,24,0,24,958
06/06/2022,ANC,AK,AAL,WE,Towers with Radar,414,173,45,13,645,0,128,267,1,396,414,301,312,14,1041,6,0,6,1047
06/07/2022,ANC,AK,AAL,WE,Towers with Radar,403,178,54,10,645,0,109,165,0,274,403,287,219,10,919,72,0,72,991
06/08/2022,ANC,AK,AAL,WE,Towers with Radar,432,175,58,12,677,0,121,340,3,464,432,296,398,15,1141,64,0,64,1205
06/09/2022,ANC,AK,AAL,WE,Towers with Radar,411,159,60,7,637,0,129,199,2,330,411,288,259,9,967,12,0,12,979
06/10/2022,ANC,AK,AAL,WE,Towers with Radar,417,187,67,10,681,0,135,295,2,432,417,322,362,12,1113,64,0,64,1177
06/11/2022,ANC,AK,AAL,WE,Towers with Radar,401,132,51,7,591,0,120,220,0,340,401,252,271,7,931,6,0,6,937
06/12/2022,ANC,AK,AAL,WE,Towers with Radar,390,107,45,5,547,0,128,358,1,487,390,235,403,6,1034,11,0,11,1045
06/13/2022,ANC,AK,AAL,WE,Towers with Radar,410,174,58,6,648,0,109,239,1,349,410,283,297,7,997,44,0,44,1041
06/14/2022,ANC,AK,AAL,WE,Towers with Radar,404,169,48,18,639,20,162,288,8,478,424,331,336,26,1117,38,0,38,1155
06/15/2022,ANC,AK,AAL,WE,Towers with Radar,433,178,58,12,681,0,153,418,9,580,433,331,476,21,1261,54,0,54,1315
06/16/2022,ANC,AK,AAL,WE,Towers with Radar,446,178,56,12,692,0,177,386,3,566,446,355,442,15,1258,38,0,38,1296
06/17/2022,ANC,AK,AAL,WE,Towers with Radar,447,182,52,11,692,0,168,418,2,588,447,350,470,13,1280,16,0,16,1296
06/18/2022,ANC,AK,AAL,WE,Towers with Radar,440,138,55,13,646,0,131,301,0,432,440,269,356,13,1078,20,0,20,1098
06/19/2022,ANC,AK,AAL,WE,Towers with Radar,376,104,53,6,539,0,150,272,1,423,376,254,325,7,962,52,0,52,1014
06/20/2022,ANC,AK,AAL,WE,Towers with Radar,404,151,45,7,607,0,174,311,1,486,404,325,356,8,1093,20,0,20,1113
06/21/2022,ANC,AK,AAL,WE,Towers with Radar,430,160,53,9,652,0,177,329,3,509,430,337,382,12,1161,20,0,20,1181
06/22/2022,ANC,AK,AAL,WE,Towers with Radar,430,168,59,12,669,1,140,318,1,460,431,308,377,13,1129,86,0,86,1215
06/23/2022,ANC,AK,AAL,WE,Towers with Radar,462,184,62,12,720,0,152,363,2,517,462,336,425,14,1237,32,0,32,1269
06/24/2022,ANC,AK,AAL,WE,Towers with Radar,406,186,64,9,665,0,164,390,0,554,406,350,454,9,1219,32,0,32,1251
06/25/2022,ANC,AK,AAL,WE,Towers with Radar,454,212,137,13,816,0,48,112,3,163,454,260,249,16,979,8,0,8,987
06/26/2022,ANC,AK,AAL,WE,Towers with Radar,384,107,65,8,564,0,92,274,0,366,384,199,339,8,930,36,0,36,966
06/27/2022,ANC,AK,AAL,WE,Towers with Radar,409,167,52,13,641,0,179,327,3,509,409,346,379,16,1150,92,0,92,1242
06/28/2022,ANC,AK,AAL,WE,Towers with Radar,421,165,49,11,646,0,167,416,3,586,421,332,465,14,1232,66,0,66,1298
06/29/2022,ANC,AK,AAL,WE,Towers with Radar,429,202,60,12,703,0,127,279,0,406,429,329,339,12,1109,92,0,92,1201
06/30/2022,ANC,AK,AAL,WE,Towers with Radar,448,183,61,11,703,0,197,327,5,529,448,380,388,16,1232,106,0,106,1338
07/01/2022,ANC,AK,AAL,WE,Towers with Radar,415,175,63,11,664,0,179,411,2,592,415,354,474,13,1256,14,0,14,1270
07/02/2022,ANC,AK,AAL,WE,Towers with Radar,428,113,41,13,595,0,147,350,1,498,428,260,391,14,1093,28,0,28,1121
07/03/2022,ANC,AK,AAL,WE,Towers with Radar,406,95,44,8,553,0,141,321,0,462,406,236,365,8,1015,48,0,48,1063
07/04/2022,ANC,AK,AAL,WE,Towers with Radar,422,95,32,0,549,0,145,347,1,493,422,240,379,1,1042,14,0,14,1056
07/05/2022,ANC,AK,AAL,WE,Towers with Radar,396,175,38,13,622,0,181,424,6,611,396,356,462,19,1233,16,0,16,1249
07/06/2022,ANC,AK,AAL,WE,Towers with Radar,429,184,58,13,684,0,176,320,0,496,429,360,378,13,1180,55,0,55,1235
07/07/2022,ANC,AK,AAL,WE,Towers with Radar,432,180,70,15,697,0,124,187,1,312,432,304,257,16,1009,68,0,68,1077
07/08/2022,ANC,AK,AAL,WE,Towers with Radar,427,167,71,15,680,0,176,281,0,457,427,343,352,15,1137,36,0,36,1173
07/09/2022,ANC,AK,AAL,WE,Towers with Radar,429,124,47,15,615,0,166,319,0,485,429,290,366,15,1100,8,0,8,1108
07/10/2022,ANC,AK,AAL,WE,Towers with Radar,391,111,55,19,576,0,171,364,1,536,391,282,419,20,1112,32,0,32,1144
07/11/2022,ANC,AK,AAL,WE,Towers with Radar,408,164,51,13,636,0,139,210,2,351,408,303,261,15,987,28,0,28,1015
07/12/2022,ANC,AK,AAL,WE,Towers with Radar,393,180,55,18,646,0,111,201,0,312,393,291,256,18,958,20,0,20,978
07/13/2022,ANC,AK,AAL,WE,Towers with Radar,410,199,77,14,700,0,150,297,0,447,410,349,374,14,1147,60,0,60,1207
07/14/2022,ANC,AK,AAL,WE,Towers with Radar,442,200,73,10,725,0,116,143,1,260,442,316,216,11,985,56,0,56,1041
07/15/2022,ANC,AK,AAL,WE,Towers with Radar,423,180,60,12,675,0,144,178,0,322,423,324,238,12,997,18,0,18,1015
07/16/2022,ANC,AK,AAL,WE,Towers with Radar,415,150,48,11,624,0,34,49,0,83,415,184,97,11,707,4,0,4,711
07/17/2022,ANC,AK,AAL,WE,Towers with Radar,365,119,74,8,566,0,70,83,1,154,365,189,157,9,720,2,0,2,722
07/18/2022,ANC,AK,AAL,WE,Towers with Radar,402,149,34,15,600,0,145,264,1,410,402,294,298,16,1010,50,0,50,1060
07/19/2022,ANC,AK,AAL,WE,Towers with Radar,402,217,76,11,706,0,78,38,2,118,402,295,114,13,824,2,0,2,826
07/20/2022,ANC,AK,AAL,WE,Towers with Radar,411,206,83,9,709,0,135,188,4,327,411,341,271,13,1036,64,0,64,1100
07/21/2022,ANC,AK,AAL,WE,Towers with Radar,422,200,77,9,708,1,123,174,7,305,423,323,251,16,1013,42,0,42,1055
07/22/2022,ANC,AK,AAL,WE,Towers with Radar,405,198,83,11,697,0,169,242,0,411,405,367,325,11,1108,37,0,37,1145
07/23/2022,ANC,AK,AAL,WE,Towers with Radar,426,125,48,9,608,0,183,293,0,476,426,308,341,9,1084,66,0,66,1150
07/24/2022,ANC,AK,AAL,WE,Towers with Radar,357,104,58,4,523,0,216,404,3,623,357,320,462,7,1146,109,0,109,1255
07/25/2022,ANC,AK,AAL,WE,Towers with Radar,399,167,61,6,633,0,56,46,1,103,399,223,107,7,736,0,0,0,736
07/26/2022,ANC,AK,AAL,WE,Towers with Radar,406,175,56,5,642,2,164,285,2,453,408,339,341,7,1095,18,0,18,1113
07/27/2022,ANC,AK,AAL,WE,Towers with Radar,418,192,70,8,688,0,157,460,6,623,418,349,530,14,1311,12,0,12,1323
07/28/2022,ANC,AK,AAL,WE,Towers with Radar,435,176,55,19,685,0,191,442,8,641,435,367,497,27,1326,19,0,19,1345
07/29/2022,ANC,AK,AAL,WE,Towers with Radar,415,167,48,18,648,0,214,469,6,689,415,381,517,24,1337,18,0,18,1355
07/30/2022,ANC,AK,AAL,WE,Towers with Radar,413,134,58,17,622,0,126,209,1,336,413,260,267,18,958,30,0,30,988
07/31/2022,ANC,AK,AAL,WE,Towers with Radar,359,101,61,9,530,0,185,301,1,487,359,286,362,10,1017,36,0,36,1053
08/01/2022,ANC,AK,AAL,WE,Towers with Radar,385,190,63,11,649,0,90,91,0,181,385,280,154,11,830,6,0,6,836
08/02/2022,ANC,AK,AAL,WE,Towers with Radar,398,167,54,14,633,0,184,258,7,449,398,351,312,21,1082,12,0,12,1094
08/03/2022,ANC,AK,AAL,WE,Towers with Radar,421,164,52,14,651,0,159,533,9,701,421,323,585,23,1352,46,0,46,1398
08/04/2022,ANC,AK,AAL,WE,Towers with Radar,414,138,60,11,623,0,168,288,5,461,414,306,348,16,1084,56,0,56,1140
08/05/2022,ANC,AK,AAL,WE,Towers with Radar,419,182,67,11,679,0,161,108,0,269,419,343,175,11,948,16,0,16,964
08/06/2022,ANC,AK,AAL,WE,Towers with Radar,413,119,52,9,593,0,183,275,2,460,413,302,327,11,1053,26,0,26,1079
08/07/2022,ANC,AK,AAL,WE,Towers with Radar,369,98,63,4,534,0,169,191,3,363,369,267,254,7,897,26,0,26,923
08/08/2022,ANC,AK,AAL,WE,Towers with Radar,411,147,61,7,626,0,84,74,0,158,411,231,135,7,784,2,0,2,786
08/09/2022,ANC,AK,AAL,WE,Towers with Radar,401,147,43,10,601,0,186,201,0,387,401,333,244,10,988,48,0,48,1036
08/10/2022,ANC,AK,AAL,WE,Towers with Radar,414,186,82,11,693,0,200,468,2,670,414,386,550,13,1363,20,0,20,1383
08/11/2022,ANC,AK,AAL,WE,Towers with Radar,427,163,56,11,657,0,182,257,0,439,427,345,313,11,1096,34,0,34,1130
08/12/2022,ANC,AK,AAL,WE,Towers with Radar,409,221,102,12,744,0,128,154,0,282,409,349,256,12,1026,14,0,14,1040
08/13/2022,ANC,AK,AAL,WE,Towers with Radar,404,144,60,7,615,0,41,70,0,111,404,185,130,7,726,2,0,2,728
08/14/2022,ANC,AK,AAL,WE,Towers with Radar,355,79,47,6,487,0,153,284,0,437,355,232,331,6,924,31,0,31,955
08/15/2022,ANC,AK,AAL,WE,Towers with Radar,388,156,51,7,602,0,150,285,3,438,388,306,336,10,1040,68,0,68,1108
08/16/2022,ANC,AK,AAL,WE,Towers with Radar,364,153,59,10,586,0,131,194,2,327,364,284,253,12,913,82,0,82,995
08/17/2022,ANC,AK,AAL,WE,Towers with Radar,393,178,70,9,650,0,103,123,1,227,393,281,193,10,877,44,0,44,921
08/18/2022,ANC,AK,AAL,WE,Towers with Radar,416,157,77,9,659,0,143,200,1,344,416,300,277,10,1003,11,0,11,1014
08/19/2022,ANC,AK,AAL,WE,Towers with Radar,410,189,76,7,682,0,68,90,0,158,410,257,166,7,840,64,0,64,904
08/20/2022,ANC,AK,AAL,WE,Towers with Radar,418,106,61,10,595,0,131,209,0,340,418,237,270,10,935,24,0,24,959
08/21/2022,ANC,AK,AAL,WE,Towers with Radar,347,85,69,4,505,0,139,266,2,407,347,224,335,6,912,6,0,6,918
08/22/2022,ANC,AK,AAL,WE,Towers with Radar,423,162,67,13,665,0,174,190,1,365,423,336,257,14,1030,10,0,10,1040
08/23/2022,ANC,AK,AAL,WE,Towers with Radar,380,157,59,11,607,0,175,283,6,464,380,332,342,17,1071,48,0,48,1119
08/24/2022,ANC,AK,AAL,WE,Towers with Radar,437,179,60,12,688,0,130,267,3,400,437,309,327,15,1088,82,0,82,1170
08/25/2022,ANC,AK,AAL,WE,Towers with Radar,423,182,65,12,682,0,135,245,0,380,423,317,310,12,1062,74,0,74,1136
08/26/2022,ANC,AK,AAL,WE,Towers with Radar,399,205,80,11,695,0,46,89,0,135,399,251,169,11,830,18,0,18,848
08/27/2022,ANC,AK,AAL,WE,Towers with Radar,407,134,52,9,602,0,215,338,1,554,407,349,390,10,1156,40,0,40,1196
08/28/2022,ANC,AK,AAL,WE,Towers with Radar,369,92,49,10,520,0,154,286,0,440,369,246,335,10,960,16,0,16,976
08/29/2022,ANC,AK,AAL,WE,Towers with Radar,412,195,117,6,730,0,112,255,2,369,412,307,372,8,1099,26,0,26,1125
08/30/2022,ANC,AK,AAL,WE,Towers with Radar,380,152,60,14,606,0,204,264,2,470,380,356,324,16,1076,14,0,14,1090
08/31/2022,ANC,AK,AAL,WE,Towers with Radar,410,177,64,11,662,0,85,112,0,197,410,262,176,11,859,26,0,26,885
09/01/2022,ANC,AK,AAL,WE,Towers with Radar,431,175,77,8,691,0,57,183,2,242,431,232,260,10,933,12,0,12,945
09/02/2022,ANC,AK,AAL,WE,Towers with Radar,408,183,84,9,684,0,178,413,0,591,408,361,497,9,1275,41,0,41,1316
09/03/2022,ANC,AK,AAL,WE,Towers with Radar,421,106,57,12,596,0,121,185,0,306,421,227,242,12,902,0,0,0,902
09/04/2022,ANC,AK,AAL,WE,Towers with Radar,365,72,45,3,485,0,140,314,0,454,365,212,359,3,939,4,0,4,943
09/05/2022,ANC,AK,AAL,WE,Towers with Radar,380,112,45,5,542,1,178,427,0,606,381,290,472,5,1148,2,0,2,1150
09/06/2022,ANC,AK,AAL,WE,Towers with Radar,365,144,55,7,571,0,104,196,3,303,365,248,251,10,874,99,0,99,973
09/07/2022,ANC,AK,AAL,WE,Towers with Radar,380,146,61,8,595,0,122,201,0,323,380,268,262,8,918,22,0,22,940
09/08/2022,ANC,AK,AAL,WE,Towers with Radar,394,150,60,8,612,0,11,34,0,45,394,161,94,8,657,0,0,0,657
09/09/2022,ANC,AK,AAL,WE,Towers with Radar,373,137,64,9,583,0,98,114,1,213,373,235,178,10,796,14,0,14,810
09/10/2022,ANC,AK,AAL,WE,Towers with Radar,338,116,57,9,520,0,104,324,2,430,338,220,381,11,950,6,0,6,956
09/11/2022,ANC,AK,AAL,WE,Towers with Radar,309,83,60,3,455,0,94,148,3,245,309,177,208,6,700,8,0,8,708
09/12/2022,ANC,AK,AAL,WE,Towers with Radar,339,132,57,5,533,0,89,173,1,263,339,221,230,6,796,0,0,0,796
09/13/2022,ANC,AK,AAL,WE,Towers with Radar,325,148,73,7,553,0,89,189,1,279,325,237,262,8,832,51,0,51,883
09/14/2022,ANC,AK,AAL,WE,Towers with Radar,373,166,60,10,609,0,140,272,0,412,373,306,332,10,1021,38,0,38,1059
09/15/2022,ANC,AK,AAL,WE,Towers with Radar,387,157,56,11,611,0,92,102,2,196,387,249,158,13,807,6,0,6,813
09/16/2022,ANC,AK,AAL,WE,Towers with Radar,363,152,68,11,594,0,100,216,1,317,363,252,284,12,911,34,0,34,945
09/17/2022,ANC,AK,AAL,WE,Towers with Radar,339,99,47,6,491,0,74,50,0,124,339,173,97,6,615,10,0,10,625
09/18/2022,ANC,AK,AAL,WE,Towers with Radar,303,82,46,8,439,0,117,303,2,422,303,199,349,10,861,4,0,4,865
09/19/2022,ANC,AK,AAL,WE,Towers with Radar,366,134,61,9,570,0,29,57,4,90,366,163,118,13,660,18,0,18,678
09/20/2022,ANC,AK,AAL,WE,Towers with Radar,363,148,78,12,601,0,98,135,1,234,363,246,213,13,835,2,0,2,837
09/21/2022,ANC,AK,AAL,WE,Towers with Radar,377,146,46,10,579,0,110,211,0,321,377,256,257,10,900,10,0,10,910
09/22/2022,ANC,AK,AAL,WE,Towers with Radar,388,165,62,13,628,0,93,185,3,281,388,258,247,16,909,12,0,12,921
09/23/2022,ANC,AK,AAL,WE,Towers with Radar,361,143,51,12,567,0,107,279,0,386,361,250,330,12,953,36,0,36,989
09/24/2022,ANC,AK,AAL,WE,Towers with Radar,375,88,50,13,526,0,73,293,0,366,375,161,343,13,892,46,0,46,938
09/25/2022,ANC,AK,AAL,WE,Towers with Radar,294,67,31,8,400,0,111,291,1,403,294,178,322,9,803,18,0,18,821
09/26/2022,ANC,AK,AAL,WE,Towers with Radar,353,124,46,7,530,0,84,265,8,357,353,208,311,15,887,63,0,63,950
09/27/2022,ANC,AK,AAL,WE,Towers with Radar,355,147,51,9,562,0,84,248,4,336,355,231,299,13,898,34,0,34,932
09/28/2022,ANC,AK,AAL,WE,Towers with Radar,376,142,47,10,575,0,55,104,2,161,376,197,151,12,736,50,0,50,786
09/29/2022,ANC,AK,AAL,WE,Towers with Radar,372,167,54,9,602,0,33,145,2,180,372,200,199,11,782,20,0,20,802
09/30/2022,ANC,AK,AAL,WE,Towers with Radar,365,156,51,7,579,0,55,210,0,265,365,211,261,7,844,22,0,22,866
10/01/2022,ANC,AK,AAL,WE,Towers with Radar,367,98,36,11,512,0,57,241,0,298,367,155,277,11,810,20,0,20,830
10/02/2022,ANC,AK,AAL,WE,Towers with Radar,299,86,33,4,422,0,21,157,0,178,299,107,190,4,600,28,0,28,628
10/03/2022,ANC,AK,AAL,WE,Towers with Radar,338,130,35,9,512,0,38,186,1,225,338,168,221,10,737,16,0,16,753
10/04/2022,ANC,AK,AAL,WE,Towers with Radar,341,131,43,8,523,0,47,174,4,225,341,178,217,12,748,12,0,12,760
10/05/2022,ANC,AK,AAL,WE,Towers with Radar,326,137,39,10,512,0,50,177,4,231,326,187,216,14,743,22,0,22,765
10/06/2022,ANC,AK,AAL,WE,Towers with Radar,298,140,23,6,467,0,41,56,3,100,298,181,79,9,567,12,0,12,579
10/07/2022,ANC,AK,AAL,WE,Towers with Radar,330,148,38,13,529,0,24,124,5,153,330,172,162,18,682,6,0,6,688
10/08/2022,ANC,AK,AAL,WE,Towers with Radar,301,86,23,7,417,0,8,5,1,14,301,94,28,8,431,0,0,0,431
10/09/2022,ANC,AK,AAL,WE,Towers with Radar,281,65,20,4,370,0,15,45,1,61,281,80,65,5,431,0,0,0,431
10/10/2022,ANC,AK,AAL,WE,Towers with Radar,296,115,43,3,457,0,41,79,0,120,296,156,122,3,577,0,0,0,577
10/11/2022,ANC,AK,AAL,WE,Towers with Radar,354,124,39,11,528,0,37,221,9,267,354,161,260,20,795,32,0,32,827
10/12/2022,ANC,AK,AAL,WE,Towers with Radar,387,129,29,11,556,0,55,75,5,135,387,184,104,16,691,70,0,70,761
10/13/2022,ANC,AK,AAL,WE,Towers with Radar,375,132,36,9,552,0,43,209,11,263,375,175,245,20,815,38,0,38,853
10/14/2022,ANC,AK,AAL,WE,Towers with Radar,382,140,42,11,575,0,37,155,3,195,382,177,197,14,770,62,0,62,832
10/15/2022,ANC,AK,AAL,WE,Towers with Radar,371,101,14,11,497,0,14,56,2,72,371,115,70,13,569,22,0,22,591
10/16/2022,ANC,AK,AAL,WE,Towers with Radar,302,67,14,14,397,0,11,108,1,120,302,78,122,15,517,40,0,40,557
10/17/2022,ANC,AK,AAL,WE,Towers with Radar,365,125,23,7,520,0,18,97,5,120,365,143,120,12,640,6,0,6,646
10/18/2022,ANC,AK,AAL,WE,Towers with Radar,346,141,23,18,528,0,39,137,4,180,346,180,160,22,708,6,0,6,714
10/19/2022,ANC,AK,AAL,WE,Towers with Radar,379,157,35,10,581,0,30,132,4,166,379,187,167,14,747,4,0,4,751
10/20/2022,ANC,AK,AAL,WE,Towers with Radar,380,156,39,11,586,0,6,11,1,18,380,162,50,12,604,0,0,0,604
10/21/2022,ANC,AK,AAL,WE,Towers with Radar,380,171,50,7,608,0,14,102,2,118,380,185,152,9,726,26,0,26,752
10/22/2022,ANC,AK,AAL,WE,Towers with Radar,366,103,23,9,501,0,22,115,4,141,366,125,138,13,642,6,0,6,648
10/23/2022,ANC,AK,AAL,WE,Towers with Radar,317,60,14,7,398,0,46,190,0,236,317,106,204,7,634,0,0,0,634
10/24/2022,ANC,AK,AAL,WE,Towers with Radar,340,129,41,10,520,0,22,90,5,117,340,151,131,15,637,18,0,18,655
10/25/2022,ANC,AK,AAL,WE,Towers with Radar,317,121,33,10,481,0,7,68,5,80,317,128,101,15,561,32,0,32,593
10/26/2022,ANC,AK,AAL,WE,Towers with Radar,396,133,34,12,575,0,25,44,7,76,396,158,78,19,651,0,0,0,651
10/27/2022,ANC,AK,AAL,WE,Towers with Radar,381,148,35,11,575,0,26,68,4,98,381,174,103,15,673,0,0,0,673
10/28/2022,ANC,AK,AAL,WE,Towers with Radar,388,128,33,8,557,0,54,116,12,182,388,182,149,20,739,87,0,87,826
10/29/2022,ANC,AK,AAL,WE,Towers with Radar,368,94,18,7,487,0,14,41,1,56,368,108,59,8,543,0,0,0,543
10/30/2022,ANC,AK,AAL,WE,Towers with Radar,308,52,18,6,384,0,15,27,3,45,308,67,45,9,429,0,0,0,429
10/31/2022,ANC,AK,AAL,WE,Towers with Radar,363,114,33,9,519,0,31,95,6,132,363,145,128,15,651,20,0,20,671
11/01/2022,ANC,AK,AAL,WE,Towers with Radar,330,127,25,8,490,0,46,79,4,129,330,173,104,12,619,4,0,4,623
11/02/2022,ANC,AK,AAL,WE,Towers with Radar,378,160,31,11,580,0,0,0,0,0,378,160,31,11,580,0,0,0,580
11/03/2022,ANC,AK,AAL,WE,Towers with Radar,378,147,31,9,565,0,19,20,4,43,378,166,51,13,608,0,0,0,608
11/04/2022,ANC,AK,AAL,WE,Towers with Radar,345,127,35,11,518,0,33,61,5,99,345,160,96,16,617,0,0,0,617
11/05/2022,ANC,AK,AAL,WE,Towers with Radar,344,95,30,10,479,0,13,18,0,31,344,108,48,10,510,18,0,18,528
11/06/2022,ANC,AK,AAL,WE,Towers with Radar,335,59,18,9,421,0,15,55,1,71,335,74,73,10,492,51,0,51,543
11/07/2022,ANC,AK,AAL,WE,Towers with Radar,311,102,21,5,439,0,13,30,0,43,311,115,51,5,482,12,0,12,494
11/08/2022,ANC,AK,AAL,WE,Towers with Radar,328,127,35,14,504,0,33,42,1,76,328,160,77,15,580,2,0,2,582
11/09/2022,ANC,AK,AAL,WE,Towers with Radar,360,144,30,15,549,1,13,28,2,44,361,157,58,17,593,28,0,28,621
11/10/2022,ANC,AK,AAL,WE,Towers with Radar,355,161,44,10,570,0,1,3,0,4,355,162,47,10,574,0,0,0,574
11/11/2022,ANC,AK,AAL,WE,Towers with Radar,365,128,26,7,526,0,20,17,1,38,365,148,43,8,564,2,0,2,566
11/12/2022,ANC,AK,AAL,WE,Towers with Radar,333,89,9,9,440,0,12,29,0,41,333,101,38,9,481,0,0,0,481
11/13/2022,ANC,AK,AAL,WE,Towers with Radar,291,78,26,7,402,0,2,4,0,6,291,80,30,7,408,0,0,0,408
11/14/2022,ANC,AK,AAL,WE,Towers with Radar,366,110,30,8,514,0,26,44,3,73,366,136,74,11,587,0,0,0,587
11/15/2022,ANC,AK,AAL,WE,Towers with Radar,315,136,30,14,495,0,30,89,9,128,315,166,119,23,623,14,0,14,637
11/16/2022,ANC,AK,AAL,WE,Towers with Radar,365,151,31,7,554,0,77,44,4,125,365,228,75,11,679,10,0,10,689
11/17/2022,ANC,AK,AAL,WE,Towers with Radar,359,153,30,5,547,0,36,38,4,78,359,189,68,9,625,0,0,0,625
11/18/2022,ANC,AK,AAL,WE,Towers with Radar,350,127,32,5,514,0,35,122,7,164,350,162,154,12,678,4,0,4,682
11/19/2022,ANC,AK,AAL,WE,Towers with Radar,337,78,13,8,436,0,32,48,0,80,337,110,61,8,516,0,0,0,516
11/20/2022,ANC,AK,AAL,WE,Towers with Radar,300,43,15,7,365,0,8,19,0,27,300,51,34,7,392,0,0,0,392
11/21/2022,ANC,AK,AAL,WE,Towers with Radar,347,111,29,6,493,0,13,23,3,39,347,124,52,9,532,0,0,0,532
11/22/2022,ANC,AK,AAL,WE,Towers with Radar,334,182,31,11,558,0,4,7,0,11,334,186,38,11,569,0,0,0,569
11/23/2022,ANC,AK,AAL,WE,Towers with Radar,372,164,22,11,569,0,19,30,3,52,372,183,52,14,621,6,0,6,627
11/24/2022,ANC,AK,AAL,WE,Towers with Radar,285,44,6,0,335,0,5,3,1,9,285,49,9,1,344,0,0,0,344
11/25/2022,ANC,AK,AAL,WE,Towers with Radar,324,148,21,3,496,1,12,45,0,58,325,160,66,3,554,12,0,12,566
11/26/2022,ANC,AK,AAL,WE,Towers with Radar,353,81,12,9,455,0,14,85,0,99,353,95,97,9,554,16,0,16,570
11/27/2022,ANC,AK,AAL,WE,Towers with Radar,312,57,9,4,382,0,9,16,0,25,312,66,25,4,407,0,0,0,407
11/28/2022,ANC,AK,AAL,WE,Towers with Radar,355,112,27,6,500,0,24,72,3,99,355,136,99,9,599,4,0,4,603
11/29/2022,ANC,AK,AAL,WE,Towers with Radar,323,126,15,8,472,0,44,55,5,104,323,170,70,13,576,4,0,4,580
11/30/2022,ANC,AK,AAL,WE,Towers with Radar,344,136,31,7,518,0,27,29,3,59,344,163,60,10,577,24,0,24,601
12/01/2022,ANC,AK,AAL,WE,Towers with Radar,357,134,28,10,529,0,31,55,3,89,357,165,83,13,618,0,0,0,618
12/02/2022,ANC,AK,AAL,WE,Towers with Radar,349,137,34,2,522,0,38,70,2,110,349,175,104,4,632,0,0,0,632
12/03/2022,ANC,AK,AAL,WE,Towers with Radar,339,126,19,12,496,0,10,57,0,67,339,136,76,12,563,34,0,34,597
12/04/2022,ANC,AK,AAL,WE,Towers with Radar,287,68,19,6,380,0,8,63,0,71,287,76,82,6,451,18,0,18,469
12/05/2022,ANC,AK,AAL,WE,Towers with Radar,335,140,27,8,510,0,0,0,0,0,335,140,27,8,510,0,0,0,510
12/06/2022,ANC,AK,AAL,WE,Towers with Radar,317,149,25,10,501,0,0,3,0,3,317,149,28,10,504,1,0,1,505
12/07/2022,ANC,AK,AAL,WE,Towers with Radar,334,138,24,12,508,0,15,16,4,35,334,153,40,16,543,0,0,0,543
12/08/2022,ANC,AK,AAL,WE,Towers with Radar,349,131,26,15,521,0,44,18,7,69,349,175,44,22,590,0,0,0,590
12/09/2022,ANC,AK,AAL,WE,Towers with Radar,352,130,27,7,516,0,52,87,6,145,352,182,114,13,661,18,0,18,679
12/10/2022,ANC,AK,AAL,WE,Towers with Radar,329,90,16,7,442,0,21,48,2,71,329,111,64,9,513,2,0,2,515
12/11/2022,ANC,AK,AAL,WE,Towers with Radar,247,47,11,4,309,0,0,0,0,0,247,47,11,4,309,0,0,0,309
12/12/2022,ANC,AK,AAL,WE,Towers with Radar,213,91,12,8,324,0,17,15,5,37,213,108,27,13,361,0,0,0,361
12/13/2022,ANC,AK,AAL,WE,Towers with Radar,340,159,39,6,544,0,2,0,0,2,340,161,39,6,546,0,0,0,546
12/14/2022,ANC,AK,AAL,WE,Towers with Radar,311,155,36,12,514,0,2,6,0,8,311,157,42,12,522,0,0,0,522
12/15/2022,ANC,AK,AAL,WE,Towers with Radar,303,140,40,3,486,0,9,8,0,17,303,149,48,3,503,0,0,0,503
12/16/2022,ANC,AK,AAL,WE,Towers with Radar,347,135,32,12,526,0,40,26,4,70,347,175,58,16,596,0,0,0,596
12/17/2022,ANC,AK,AAL,WE,Towers with Radar,310,88,22,11,431,0,0,2,0,2,310,88,24,11,433,0,0,0,433
12/18/2022,ANC,AK,AAL,WE,Towers with Radar,310,65,17,8,400,0,13,18,1,32,310,78,35,9,432,0,0,0,432
12/19/2022,ANC,AK,AAL,WE,Towers with Radar,358,122,25,9,514,0,18,17,4,39,358,140,42,13,553,0,0,0,553
12/20/2022,ANC,AK,AAL,WE,Towers with Radar,318,131,17,6,472,0,34,36,5,75,318,165,53,11,547,8,0,8,555
12/21/2022,ANC,AK,AAL,WE,Towers with Radar,355,116,20,12,503,0,46,29,6,81,355,162,49,18,584,0,0,0,584
12/22/2022,ANC,AK,AAL,WE,Towers with Radar,335,112,26,18,491,0,26,34,8,68,335,138,60,26,559,0,0,0,559
12/23/2022,ANC,AK,AAL,WE,Towers with Radar,179,59,7,3,248,0,12,4,4,20,179,71,11,7,268,0,0,0,268
12/24/2022,ANC,AK,AAL,WE,Towers with Radar,288,92,7,0,387,0,12,9,0,21,288,104,16,0,408,0,0,0,408
12/25/2022,ANC,AK,AAL,WE,Towers with Radar,199,15,4,0,218,0,0,2,0,2,199,15,6,0,220,0,0,0,220
12/26/2022,ANC,AK,AAL,WE,Towers with Radar,268,100,7,8,383,0,15,24,11,50,268,115,31,19,433,10,0,10,443
12/27/2022,ANC,AK,AAL,WE,Towers with Radar,312,141,22,21,496,0,8,21,1,30,312,149,43,22,526,44,0,44,570
12/28/2022,ANC,AK,AAL,WE,Towers with Radar,330,110,21,9,470,0,41,84,6,131,330,151,105,15,601,30,0,30,631
12/29/2022,ANC,AK,AAL,WE,Towers with Radar,332,139,26,9,506,0,41,69,9,119,332,180,95,18,625,20,0,20,645
12/30/2022,ANC,AK,AAL,WE,Towers with Radar,323,117,30,9,479,0,25,50,5,80,323,142,80,14,559,0,0,0,559
12/31/2022,ANC,AK,AAL,WE,Towers with Radar,305,78,8,11,402,0,9,38,0,47,305,87,46,11,449,12,0,12,461
01/01/2023,ANC,AK,AAL,WE,Towers with Radar,217,42,14,0,273,0,1,4,0,5,217,43,18,0,278,0,0,0,278
01/02/2023,ANC,AK,AAL,WE,Towers with Radar,257,91,19,8,375,0,24,17,11,52,257,115,36,19,427,0,0,0,427
01/03/2023,ANC,AK,AAL,WE,Towers with Radar,278,108,24,10,420,0,42,51,6,99,278,150,75,16,519,8,0,8,527
01/04/2023,ANC,AK,AAL,WE,Towers with Radar,312,132,24,5,473,0,47,35,8,90,312,179,59,13,563,4,0,4,567
01/05/2023,ANC,AK,AAL,WE,Towers with Radar,330,122,30,8,490,0,67,55,7,129,330,189,85,15,619,42,0,42,661
01/06/2023,ANC,AK,AAL,WE,Towers with Radar,327,141,32,15,515,0,10,40,1,51,327,151,72,16,566,0,0,0,566
01/07/2023,ANC,AK,AAL,WE,Towers with Radar,306,76,15,4,401,0,15,66,0,81,306,91,81,4,482,10,0,10,492
01/08/2023,ANC,AK,AAL,WE,Towers with Radar,280,67,14,2,363,0,6,13,0,19,280,73,27,2,382,26,0,26,408
01/09/2023,ANC,AK,AAL,WE,Towers with Radar,323,101,17,9,450,0,36,23,11,70,323,137,40,20,520,0,0,0,520
01/10/2023,ANC,AK,AAL,WE,Towers with Radar,289,110,16,9,424,0,36,64,8,108,289,146,80,17,532,36,0,36,568
01/11/2023,ANC,AK,AAL,WE,Towers with Radar,364,142,26,11,543,2,27,40,5,74,366,169,66,16,617,0,0,0,617
01/12/2023,ANC,AK,AAL,WE,Towers with Radar,338,122,24,11,495,0,52,80,8,140,338,174,104,19,635,18,0,18,653
01/13/2023,ANC,AK,AAL,WE,Towers with Radar,323,140,27,11,501,0,39,42,5,86,323,179,69,16,587,0,0,0,587
01/14/2023,ANC,AK,AAL,WE,Towers with Radar,310,93,19,4,426,0,3,35,0,38,310,96,54,4,464,26,0,26,490
01/15/2023,ANC,AK,AAL,WE,Towers with Radar,276,57,14,0,347,0,18,15,2,35,276,75,29,2,382,0,0,0,382
01/16/2023,ANC,AK,AAL,WE,Towers with Radar,331,113,19,2,465,0,32,59,0,91,331,145,78,2,556,24,0,24,580
01/17/2023,ANC,AK,AAL,WE,Towers with Radar,295,134,33,7,469,0,41,57,0,98,295,175,90,7,567,18,0,18,585
01/18/2023,ANC,AK,AAL,WE,Towers with Radar,347,145,30,10,532,0,33,27,2,62,347,178,57,12,594,8,0,8,602
01/19/2023,ANC,AK,AAL,WE,Towers with Radar,339,148,30,12,529,0,34,50,4,88,339,182,80,16,617,28,0,28,645
01/20/2023,ANC,AK,AAL,WE,Towers with Radar,316,165,40,14,535,0,18,18,5,41,316,183,58,19,576,2,0,2,578
01/21/2023,ANC,AK,AAL,WE,Towers with Radar,302,69,16,8,395,0,17,76,2,95,302,86,92,10,490,14,0,14,504
01/22/2023,ANC,AK,AAL,WE,Towers with Radar,230,82,8,0,320,0,10,8,0,18,230,92,16,0,338,0,0,0,338
01/23/2023,ANC,AK,AAL,WE,Towers with Radar,262,131,31,4,428,0,6,4,0,10,262,137,35,4,438,0,0,0,438
01/24/2023,ANC,AK,AAL,WE,Towers with Radar,248,127,20,6,401,0,38,28,3,69,248,165,48,9,470,4,0,4,474
01/25/2023,ANC,AK,AAL,WE,Towers with Radar,272,126,22,8,428,0,38,48,0,86,272,164,70,8,514,10,0,10,524
01/26/2023,ANC,AK,AAL,WE,Towers with Radar,266,131,26,8,431,0,36,48,0,84,266,167,74,8,515,2,0,2,517
01/27/2023,ANC,AK,AAL,WE,Towers with Radar,251,148,35,8,442,0,16,41,10,67,251,164,76,18,509,2,0,2,511
01/28/2023,ANC,AK,AAL,WE,Towers with Radar,237,75,19,5,336,0,14,30,1,45,237,89,49,6,381,16,0,16,397
01/29/2023,ANC,AK,AAL,WE,Towers with Radar,205,61,12,10,288,0,15,5,1,21,205,76,17,11,309,0,0,0,309
01/30/2023,ANC,AK,AAL,WE,Towers with Radar,261,136,44,8,449,0,13,30,3,46,261,149,74,11,495,40,0,40,535
01/31/2023,ANC,AK,AAL,WE,Towers with Radar,231,82,24,2,339,0,0,0,0,0,231,82,24,2,339,0,0,0,339
02/01/2023,ANC,AK,AAL,WE,Towers with Radar,289,192,44,8,533,0,0,0,0,0,289,192,44,8,533,0,0,0,533
02/02/2023,ANC,AK,AAL,WE,Towers with Radar,304,160,56,8,528,0,1,1,0,2,304,161,57,8,530,0,0,0,530
02/03/2023,ANC,AK,AAL,WE,Towers with Radar,285,154,40,11,490,0,0,1,0,1,285,154,41,11,491,0,0,0,491
02/04/2023,ANC,AK,AAL,WE,Towers with Radar,271,75,23,8,377,0,16,46,0,62,271,91,69,8,439,34,0,34,473
02/05/2023,ANC,AK,AAL,WE,Towers with Radar,224,51,19,2,296,0,16,9,1,26,224,67,28,3,322,0,0,0,322
02/06/2023,ANC,AK,AAL,WE,Towers with Radar,290,133,35,7,465,0,10,3,0,13,290,143,38,7,478,0,0,0,478
02/07/2023,ANC,AK,AAL,WE,Towers with Radar,264,149,37,13,463,0,21,9,2,32,264,170,46,15,495,0,0,0,495
02/08/2023,ANC,AK,AAL,WE,Towers with Radar,301,164,28,8,501,0,7,3,0,10,301,171,31,8,511,0,0,0,511
02/09/2023,ANC,AK,AAL,WE,Towers with Radar,322,157,38,9,526,0,7,7,0,14,322,164,45,9,540,0,0,0,540
02/10/2023,ANC,AK,AAL,WE,Towers with Radar,291,133,23,6,453,0,33,12,3,48,291,166,35,9,501,0,0,0,501
02/11/2023,ANC,AK,AAL,WE,Towers with Radar,300,93,16,8,417,0,2,0,0,2,300,95,16,8,419,0,0,0,419
02/12/2023,ANC,AK,AAL,WE,Towers with Radar,243,65,18,2,328,0,1,0,0,1,243,66,18,2,329,0,0,0,329
02/13/2023,ANC,AK,AAL,WE,Towers with Radar,300,117,36,5,458,0,27,12,1,40,300,144,48,6,498,0,0,0,498
02/14/2023,ANC,AK,AAL,WE,Towers with Radar,294,143,30,6,473,0,30,55,4,89,294,173,85,10,562,0,0,0,562
02/15/2023,ANC,AK,AAL,WE,Towers with Radar,328,162,36,10,536,0,31,71,3,105,328,193,107,13,641,2,0,2,643
02/16/2023,ANC,AK,AAL,WE,Towers with Radar,324,156,33,6,519,0,19,17,2,38,324,175,50,8,557,6,0,6,563
02/17/2023,ANC,AK,AAL,WE,Towers with Radar,309,151,22,9,491,0,15,14,0,29,309,166,36,9,520,6,0,6,526
02/18/2023,ANC,AK,AAL,WE,Towers with Radar,313,98,13,9,433,0,3,7,0,10,313,101,20,9,443,8,0,8,451
02/19/2023,ANC,AK,AAL,WE,Towers with Radar,242,70,16,5,333,0,3,54,0,57,242,73,70,5,390,12,0,12,402
02/20/2023,ANC,AK,AAL,WE,Towers with Radar,325,98,37,2,462,0,50,61,0,111,325,148,98,2,573,10,0,10,583
02/21/2023,ANC,AK,AAL,WE,Towers with Radar,287,132,30,6,455,0,90,128,10,228,287,222,158,16,683,40,0,40,723
02/22/2023,ANC,AK,AAL,WE,Towers with Radar,325,123,32,6,486,0,49,79,5,133,325,172,111,11,619,23,0,23,642
02/23/2023,ANC,AK,AAL,WE,Towers with Radar,310,137,32,13,492,0,6,1,0,7,310,143,33,13,499,0,0,0,499
02/24/2023,ANC,AK,AAL,WE,Towers with Radar,305,151,39,11,506,0,13,24,0,37,305,164,63,11,543,12,0,12,555
02/25/2023,ANC,AK,AAL,WE,Towers with Radar,320,79,21,14,434,0,17,65,1,83,320,96,86,15,517,12,0,12,529
02/26/2023,ANC,AK,AAL,WE,Towers with Radar,270,60,19,3,352,0,15,66,2,83,270,75,85,5,435,8,0,8,443
02/27/2023,ANC,AK,AAL,WE,Towers with Radar,316,128,25,7,476,0,72,161,4,237,316,200,186,11,713,28,0,28,741
02/28/2023,ANC,AK,AAL,WE,Towers with Radar,296,106,17,14,433,0,8,12,1,21,296,114,29,15,454,2,0,2,456
03/01/2023,ANC,AK,AAL,WE,Towers with Radar,337,131,18,17,503,0,28,29,4,61,337,159,47,21,564,0,0,0,564
03/02/2023,ANC,AK,AAL,WE,Towers with Radar,346,126,26,13,511,0,61,86,7,154,346,187,112,20,665,8,0,8,673
03/03/2023,ANC,AK,AAL,WE,Towers with Radar,318,122,26,15,481,0,65,107,8,180,318,187,133,23,661,10,0,10,671
03/04/2023,ANC,AK,AAL,WE,Towers with Radar,318,61,13,6,398,0,20,183,7,210,318,81,196,13,608,22,0,22,630
03/05/2023,ANC,AK,AAL,WE,Towers with Radar,288,59,21,9,377,0,39,168,6,213,288,98,189,15,590,39,0,39,629
03/06/2023,ANC,AK,AAL,WE,Towers with Radar,311,109,17,3,440,0,70,161,12,243,311,179,178,15,683,14,0,14,697
03/07/2023,ANC,AK,AAL,WE,Towers with Radar,316,118,23,11,468,0,74,196,7,277,316,192,219,18,745,62,0,62,807
03/08/2023,ANC,AK,AAL,WE,Towers with Radar,337,132,23,14,506,0,49,149,9,207,337,181,172,23,713,18,0,18,731
03/09/2023,ANC,AK,AAL,WE,Towers with Radar,350,124,29,12,515,0,73,124,6,203,350,197,153,18,718,28,0,28,746
03/10/2023,ANC,AK,AAL,WE,Towers with Radar,337,111,24,12,484,0,37,25,12,74,337,148,49,24,558,0,0,0,558
03/11/2023,ANC,AK,AAL,WE,Towers with Radar,346,77,15,11,449,0,35,154,1,190,346,112,169,12,639,8,0,8,647
03/12/2023,ANC,AK,AAL,WE,Towers with Radar,303,55,20,4,382,0,25,153,2,180,303,80,173,6,562,22,0,22,584
03/13/2023,ANC,AK,AAL,WE,Towers with Radar,349,103,24,3,479,0,43,61,1,105,349,146,85,4,584,46,0,46,630
03/14/2023,ANC,AK,AAL,WE,Towers with Radar,323,115,23,14,475,0,56,94,8,158,323,171,117,22,633,44,0,44,677
03/15/2023,ANC,AK,AAL,WE,Towers with Radar,360,110,24,11,505,0,51,128,10,189,360,161,152,21,694,60,0,60,754
03/16/2023,ANC,AK,AAL,WE,Towers with Radar,334,123,25,15,497,0,36,124,7,167,334,159,149,22,664,91,0,91,755
03/17/2023,ANC,AK,AAL,WE,Towers with Radar,334,122,40,13,509,0,13,32,0,45,334,135,72,13,554,30,0,30,584
03/18/2023,ANC,AK,AAL,WE,Towers with Radar,341,59,23,9,432,0,18,48,0,66,341,77,71,9,498,12,0,12,510
03/19/2023,ANC,AK,AAL,WE,Towers with Radar,295,71,32,3,401,0,32,101,0,133,295,103,133,3,534,62,0,62,596
03/20/2023,ANC,AK,AAL,WE,Towers with Radar,333,113,50,0,496,0,38,58,7,103,333,151,108,7,599,24,0,24,623
03/21/2023,ANC,AK,AAL,WE,Towers with Radar,315,125,35,8,483,0,65,78,4,147,315,190,113,12,630,58,0,58,688
03/22/2023,ANC,AK,AAL,WE,Towers with Radar,354,116,40,8,518,0,32,42,3,77,354,148,82,11,595,20,0,20,615
03/23/2023,ANC,AK,AAL,WE,Towers with Radar,348,136,34,9,527,0,28,47,8,83,348,164,81,17,610,0,0,0,610
03/24/2023,ANC,AK,AAL,WE,Towers with Radar,340,140,31,12,523,0,36,35,7,78,340,176,66,19,601,0,0,0,601
03/25/2023,ANC,AK,AAL,WE,Towers with Radar,328,70,19,5,422,0,28,106,1,135,328,98,125,6,557,2,0,2,559
03/26/2023,ANC,AK,AAL,WE,Towers with Radar,284,43,18,6,351,0,32,104,0,136,284,75,122,6,487,40,0,40,527
03/27/2023,ANC,AK,AAL,WE,Towers with Radar,346,126,19,9,500,0,45,62,3,110,346,171,81,12,610,42,0,42,652
03/28/2023,ANC,AK,AAL,WE,Towers with Radar,326,161,21,8,516,0,36,68,0,104,326,197,89,8,620,0,0,0,620
03/29/2023,ANC,AK,AAL,WE,Towers with Radar,360,130,27,4,521,0,45,82,5,132,360,175,109,9,653,48,0,48,701
03/30/2023,ANC,AK,AAL,WE,Towers with Radar,377,168,34,14,593,0,20,65,0,85,377,188,99,14,678,20,0,20,698
03/31/2023,ANC,AK,AAL,WE,Towers with Radar,333,142,36,21,532,0,46,122,8,176,333,188,158,29,708,30,0,30,738
04/01/2023,ANC,AK,AAL,WE,Towers with Radar,337,74,22,6,439,0,59,169,2,230,337,133,191,8,669,134,0,134,803
04/02/2023,ANC,AK,AAL,WE,Towers with Radar,290,48,17,6,361,0,29,126,1,156,290,77,143,7,517,45,0,45,562
04/03/2023,ANC,AK,AAL,WE,Towers with Radar,355,99,12,4,470,0,42,96,12,150,355,141,108,16,620,26,0,26,646
04/04/2023,ANC,AK,AAL,WE,Towers with Radar,325,143,22,9,499,0,42,103,3,148,325,185,125,12,647,18,0,18,665
04/05/2023,ANC,AK,AAL,WE,Towers with Radar,370,178,44,15,607,0,15,32,0,47,370,193,76,15,654,20,0,20,674
04/06/2023,ANC,AK,AAL,WE,Towers with Radar,367,161,37,11,576,0,36,113,4,153,367,197,150,15,729,28,0,28,757
04/07/2023,ANC,AK,AAL,WE,Towers with Radar,345,148,28,12,533,0,55,211,8,274,345,203,239,20,807,42,0,42,849
04/08/2023,ANC,AK,AAL,WE,Towers with Radar,355,102,30,6,493,0,20,14,0,34,355,122,44,6,527,0,0,0,527
04/09/2023,ANC,AK,AAL,WE,Towers with Radar,283,69,18,5,375,0,5,1,0,6,283,74,19,5,381,0,0,0,381
04/10/2023,ANC,AK,AAL,WE,Towers with Radar,332,169,22,11,534,0,8,7,0,15,332,177,29,11,549,0,0,0,549
04/11/2023,ANC,AK,AAL,WE,Towers with Radar,326,166,30,12,534,0,18,25,2,45,326,184,55,14,579,4,0,4,583
04/12/2023,ANC,AK,AAL,WE,Towers with Radar,333,142,30,11,516,0,30,44,3,77,333,172,74,14,593,10,0,10,603
04/13/2023,ANC,AK,AAL,WE,Towers with Radar,330,148,38,16,532,0,27,59,2,88,330,175,97,18,620,10,0,10,630
04/14/2023,ANC,AK,AAL,WE,Towers with Radar,296,142,25,19,482,0,21,62,0,83,296,163,87,19,565,48,0,48,613
04/15/2023,ANC,AK,AAL,WE,Towers with Radar,342,78,39,13,472,0,38,176,3,217,342,116,215,16,689,50,0,50,739
04/16/2023,ANC,AK,AAL,WE,Towers with Radar,301,72,20,3,396,0,24,153,0,177,301,96,173,3,573,148,0,148,721
04/17/2023,ANC,AK,AAL,WE,Towers with Radar,334,119,21,14,488,1,49,125,12,187,335,168,146,26,675,74,0,74,749
04/18/2023,ANC,AK,AAL,WE,Towers with Radar,332,136,20,10,498,0,61,176,8,245,332,197,196,18,743,60,0,60,803
04/19/2023,ANC,AK,AAL,WE,Towers with Radar,341,129,18,14,502,0,42,138,7,187,341,171,156,21,689,80,0,80,769
04/20/2023,ANC,AK,AAL,WE,Towers with Radar,378,117,28,8,531,0,54,159,8,221,378,171,187,16,752,102,0,102,854
04/21/2023,ANC,AK,AAL,WE,Towers with Radar,352,135,28,10,525,0,55,200,8,263,352,190,228,18,788,62,0,62,850
04/22/2023,ANC,AK,AAL,WE,Towers with Radar,370,81,25,10,486,0,36,115,3,154,370,117,140,13,640,36,0,36,676
04/23/2023,ANC,AK,AAL,WE,Towers with Radar,298,56,34,11,399,0,21,42,3,66,298,77,76,14,465,0,0,0,465
04/24/2023,ANC,AK,AAL,WE,Towers with Radar,337,101,21,8,467,0,36,132,20,188,337,137,153,28,655,30,0,30,685
04/25/2023,ANC,AK,AAL,WE,Towers with Radar,324,124,28,11,487,0,43,91,13,147,324,167,119,24,634,38,0,38,672
04/26/2023,ANC,AK,AAL,WE,Towers with Radar,365,139,27,12,543,0,43,79,9,131,365,182,106,21,674,36,0,36,710
04/27/2023,ANC,AK,AAL,WE,Towers with Radar,377,118,23,16,534,0,47,136,5,188,377,165,159,21,722,44,0,44,766
04/28/2023,ANC,AK,AAL,WE,Towers with Radar,350,133,20,8,511,0,40,145,11,196,350,173,165,19,707,18,0,18,725
04/29/2023,ANC,AK,AAL,WE,Towers with Radar,341,83,15,9,448,0,20,222,1,243,341,103,237,10,691,50,0,50,741
04/30/2023,ANC,AK,AAL,WE,Towers with Radar,313,57,13,4,387,1,36,127,1,165,314,93,140,5,552,20,0,20,572
05/01/2023,ANC,AK,AAL,WE,Towers with Radar,327,104,32,13,476,0,33,48,5,86,327,137,80,18,562,16,0,16,578
05/02/2023,ANC,AK,AAL,WE,Towers with Radar,279,125,30,20,454,0,52,112,5,169,279,177,142,25,623,70,0,70,693
05/03/2023,ANC,AK,AAL,WE,Towers with Radar,320,166,38,22,546,0,5,8,1,14,320,171,46,23,560,0,0,0,560
05/04/2023,ANC,AK,AAL,WE,Towers with Radar,336,146,39,21,542,0,43,159,9,211,336,189,198,30,753,42,0,42,795
05/05/2023,ANC,AK,AAL,WE,Towers with Radar,322,139,37,14,512,0,60,258,12,330,322,199,295,26,842,46,0,46,888
05/06/2023,ANC,AK,AAL,WE,Towers with Radar,316,109,26,8,459,0,17,149,7,173,316,126,175,15,632,32,0,32,664
05/07/2023,ANC,AK,AAL,WE,Towers with Radar,291,55,25,5,376,0,27,72,4,103,291,82,97,9,479,0,0,0,479
05/08/2023,ANC,AK,AAL,WE,Towers with Radar,330,104,37,14,485,0,39,124,12,175,330,143,161,26,660,20,0,20,680
05/09/2023,ANC,AK,AAL,WE,Towers with Radar,329,121,31,19,500,0,43,85,11,139,329,164,116,30,639,12,0,12,651
05/10/2023,ANC,AK,AAL,WE,Towers with Radar,366,123,31,12,532,0,49,151,6,206,366,172,182,18,738,88,0,88,826
05/11/2023,ANC,AK,AAL,WE,Towers with Radar,376,135,20,18,549,0,65,160,18,243,376,200,180,36,792,28,0,28,820
05/12/2023,ANC,AK,AAL,WE,Towers with Radar,359,139,43,15,556,0,61,234,19,314,359,200,277,34,870,140,0,140,1010
05/13/2023,ANC,AK,AAL,WE,Towers with Radar,362,94,14,8,478,0,21,56,15,92,362,115,70,23,570,38,0,38,608
05/14/2023,ANC,AK,AAL,WE,Towers with Radar,309,48,15,8,380,0,24,59,9,92,309,72,74,17,472,16,0,16,488
05/15/2023,ANC,AK,AAL,WE,Towers with Radar,351,108,47,6,512,0,59,134,19,212,351,167,181,25,724,66,0,66,790
05/16/2023,ANC,AK,AAL,WE,Towers with Radar,327,137,34,23,521,0,48,75,10,133,327,185,109,33,654,100,0,100,754
05/17/2023,ANC,AK,AAL,WE,Towers with Radar,362,124,32,23,541,0,65,284,11,360,362,189,316,34,901,100,0,100,1001
05/18/2023,ANC,AK,AAL,WE,Towers with Radar,400,126,49,16,591,0,97,277,24,398,400,223,326,40,989,80,0,80,1069
05/19/2023,ANC,AK,AAL,WE,Towers with Radar,369,134,45,15,563,0,68,213,11,292,369,202,258,26,855,30,0,30,885
05/20/2023,ANC,AK,AAL,WE,Towers with Radar,372,92,27,11,502,0,51,202,7,260,372,143,229,18,762,52,0,52,814
05/21/2023,ANC,AK,AAL,WE,Towers with Radar,354,61,24,10,449,0,41,189,9,239,354,102,213,19,688,56,0,56,744
05/22/2023,ANC,AK,AAL,WE,Towers with Radar,365,110,37,9,521,0,107,195,15,317,365,217,232,24,838,118,0,118,956
05/23/2023,ANC,AK,AAL,WE,Towers with Radar,339,130,44,14,527,0,90,224,14,328,339,220,268,28,855,62,0,62,917
05/24/2023,ANC,AK,AAL,WE,Towers with Radar,385,147,43,9,584,0,103,240,13,356,385,250,283,22,940,42,0,42,982
05/25/2023,ANC,AK,AAL,WE,Towers with Radar,406,163,47,19,635,0,64,169,8,241,406,227,216,27,876,36,0,36,912
05/26/2023,ANC,AK,AAL,WE,Towers with Radar,366,164,44,24,598,1,77,130,2,210,367,241,174,26,808,28,0,28,836
05/27/2023,ANC,AK,AAL,WE,Towers with Radar,384,114,17,15,530,0,71,285,4,360,384,185,302,19,890,14,0,14,904
05/28/2023,ANC,AK,AAL,WE,Towers with Radar,322,89,27,13,451,0,60,182,10,252,322,149,209,23,703,22,0,22,725
05/29/2023,ANC,AK,AAL,WE,Towers with Radar,340,67,28,6,441,0,104,281,10,395,340,171,309,16,836,10,0,10,846
05/30/2023,ANC,AK,AAL,WE,Towers with Radar,335,119,39,21,514,0,102,187,13,302,335,221,226,34,816,30,0,30,846
05/31/2023,ANC,AK,AAL,WE,Towers with Radar,384,137,51,17,589,0,108,250,22,380,384,245,301,39,969,58,0,58,1027
06/01/2023,ANC,AK,AAL,WE,Towers with Radar,392,162,56,14,624,0,146,201,17,364,392,308,257,31,988,54,0,54,1042
06/02/2023,ANC,AK,AAL,WE,Towers with Radar,384,150,43,10,587,0,92,144,9,245,384,242,187,19,832,18,0,18,850
06/03/2023,ANC,AK,AAL,WE,Towers with Radar,383,128,32,16,559,0,115,231,6,352,383,243,263,22,911,26,0,26,937
06/04/2023,ANC,AK,AAL,WE,Towers with Radar,333,90,29,9,461,0,106,329,12,447,333,196,358,21,908,20,0,20,928
06/05/2023,ANC,AK,AAL,WE,Towers with Radar,389,150,47,11,597,0,176,289,18,483,389,326,336,29,1080,15,0,15,1095
06/06/2023,ANC,AK,AAL,WE,Towers with Radar,333,147,35,10,525,0,143,228,17,388,333,290,263,27,913,8,0,8,921
06/07/2023,ANC,AK,AAL,WE,Towers with Radar,417,157,54,17,645,0,130,249,20,399,417,287,303,37,1044,67,0,67,1111
06/08/2023,ANC,AK,AAL,WE,Towers with Radar,414,173,51,28,666,0,148,261,20,429,414,321,312,48,1095,52,0,52,1147
06/09/2023,ANC,AK,AAL,WE,Towers with Radar,390,176,43,13,622,0,146,224,14,384,390,322,267,27,1006,24,0,24,1030
06/10/2023,ANC,AK,AAL,WE,Towers with Radar,382,125,48,14,569,0,148,191,12,351,382,273,239,26,920,20,0,20,940
06/11/2023,ANC,AK,AAL,WE,Towers with Radar,333,102,30,11,476,0,122,114,9,245,333,224,144,20,721,32,0,32,753
06/12/2023,ANC,AK,AAL,WE,Towers with Radar,401,143,37,17,598,0,152,149,16,317,401,295,186,33,915,22,0,22,937
06/13/2023,ANC,AK,AAL,WE,Towers with Radar,374,166,60,22,622,0,147,167,13,327,374,313,227,35,949,66,0,66,1015
06/14/2023,ANC,AK,AAL,WE,Towers with Radar,426,162,53,14,655,0,164,242,21,427,426,326,295,35,1082,36,0,36,1118
06/15/2023,ANC,AK,AAL,WE,Towers with Radar,426,189,58,19,692,0,160,280,24,464,426,349,338,43,1156,14,0,14,1170
06/16/2023,ANC,AK,AAL,WE,Towers with Radar,407,170,39,14,630,0,162,281,14,457,407,332,320,28,1087,30,0,30,1117
06/17/2023,ANC,AK,AAL,WE,Towers with Radar,395,128,39,10,572,0,138,348,12,498,395,266,387,22,1070,32,0,32,1102
06/18/2023,ANC,AK,AAL,WE,Towers with Radar,380,84,25,11,500,0,159,367,10,536,380,243,392,21,1036,8,0,8,1044
06/19/2023,ANC,AK,AAL,WE,Towers with Radar,417,122,34,9,582,0,165,360,18,543,417,287,394,27,1125,54,0,54,1179
06/20/2023,ANC,AK,AAL,WE,Towers with Radar,371,198,67,30,666,0,63,143,1,207,371,261,210,31,873,40,0,40,913
06/21/2023,ANC,AK,AAL,WE,Towers with Radar,422,188,54,25,689,0,102,100,0,202,422,290,154,25,891,44,0,44,935
06/22/2023,ANC,AK,AAL,WE,Towers with Radar,430,184,76,28,718,0,125,207,4,336,430,309,283,32,1054,16,0,16,1070
06/23/2023,ANC,AK,AAL,WE,Towers with Radar,413,171,69,20,673,0,182,301,11,494,413,353,370,31,1167,26,0,26,1193
06/24/2023,ANC,AK,AAL,WE,Towers with Radar,376,123,55,18,572,0,157,232,7,396,376,280,287,25,968,32,0,32,1000
06/25/2023,ANC,AK,AAL,WE,Towers with Radar,369,97,42,12,520,0,94,79,11,184,369,191,121,23,704,0,0,0,704
06/26/2023,ANC,AK,AAL,WE,Towers with Radar,405,154,42,10,611,0,173,255,11,439,405,327,297,21,1050,32,0,32,1082
06/27/2023,ANC,AK,AAL,WE,Towers with Radar,367,174,49,27,617,0,145,207,6,358,367,319,256,33,975,32,0,32,1007
06/28/2023,ANC,AK,AAL,WE,Towers with Radar,421,220,74,33,748,0,65,100,3,168,421,285,174,36,916,26,0,26,942
06/29/2023,ANC,AK,AAL,WE,Towers with Radar,426,194,72,29,721,0,120,160,7,287,426,314,232,36,1008,48,0,48,1056
06/30/2023,ANC,AK,AAL,WE,Towers with Radar,407,172,60,16,655,0,168,463,19,650,407,340,523,35,1305,69,0,69,1374
07/01/2023,ANC,AK,AAL,WE,Towers with Radar,419,120,53,12,604,0,148,380,11,539,419,268,433,23,1143,34,0,34,1177
07/02/2023,ANC,AK,AAL,WE,Towers with Radar,360,86,46,11,503,0,189,208,11,408,360,275,254,22,911,12,0,12,923
07/03/2023,ANC,AK,AAL,WE,Towers with Radar,396,152,48,15,611,0,162,176,7,345,396,314,224,22,956,38,0,38,994
07/04/2023,ANC,AK,AAL,WE,Towers with Radar,375,71,30,6,482,0,126,251,0,377,375,197,281,6,859,6,0,6,865
07/05/2023,ANC,AK,AAL,WE,Towers with Radar,406,169,58,26,659,0,158,248,19,425,406,327,306,45,1084,42,0,42,1126
07/06/2023,ANC,AK,AAL,WE,Towers with Radar,413,227,96,35,771,0,16,32,0,48,413,243,128,35,819,25,0,25,844
07/07/2023,ANC,AK,AAL,WE,Towers with Radar,413,192,68,30,703,0,128,111,7,246,413,320,179,37,949,0,0,0,949
07/08/2023,ANC,AK,AAL,WE,Towers with Radar,426,125,48,9,608,0,154,326,9,489,426,279,374,18,1097,34,0,34,1131
07/09/2023,ANC,AK,AAL,WE,Towers with Radar,365,84,47,7,503,0,185,385,10,580,365,269,432,17,1083,66,0,66,1149
07/10/2023,ANC,AK,AAL,WE,Towers with Radar,415,169,55,25,664,0,76,133,11,220,415,245,188,36,884,20,0,20,904
07/11/2023,ANC,AK,AAL,WE,Towers with Radar,392,163,53,17,625,0,126,201,20,347,392,289,254,37,972,20,0,20,992
07/12/2023,ANC,AK,AAL,WE,Towers with Radar,448,162,54,22,686,0,199,371,17,587,448,361,425,39,1273,40,0,40,1313
07/13/2023,ANC,AK,AAL,WE,Towers with Radar,415,152,54,12,633,0,173,425,25,623,415,325,479,37,1256,50,0,50,1306
07/14/2023,ANC,AK,AAL,WE,Towers with Radar,411,145,48,14,618,0,164,382,13,559,411,309,430,27,1177,30,0,30,1207
07/15/2023,ANC,AK,AAL,WE,Towers with Radar,404,135,55,26,620,0,14,27,1,42,404,149,82,27,662,20,0,20,682
07/16/2023,ANC,AK,AAL,WE,Towers with Radar,370,137,71,22,600,0,59,82,0,141,370,196,153,22,741,24,0,24,765
07/17/2023,ANC,AK,AAL,WE,Towers with Radar,404,181,61,15,661,0,142,178,8,328,404,323,239,23,989,20,0,20,1009
07/18/2023,ANC,AK,AAL,WE,Towers with Radar,389,166,56,19,630,0,195,418,23,636,389,361,474,42,1266,32,0,32,1298
07/19/2023,ANC,AK,AAL,WE,Towers with Radar,408,172,52,24,656,0,171,239,14,424,408,343,291,38,1080,48,0,48,1128
07/20/2023,ANC,AK,AAL,WE,Towers with Radar,410,189,76,26,701,0,117,233,16,366,410,306,309,42,1067,22,0,22,1089
07/21/2023,ANC,AK,AAL,WE,Towers with Radar,405,174,65,15,659,0,177,407,16,600,405,351,472,31,1259,26,0,26,1285
07/22/2023,ANC,AK,AAL,WE,Towers with Radar,424,134,53,12,623,1,183,363,21,568,425,317,416,33,1191,14,0,14,1205
07/23/2023,ANC,AK,AAL,WE,Towers with Radar,363,111,56,7,537,0,218,420,16,654,363,329,476,23,1191,6,0,6,1197
07/24/2023,ANC,AK,AAL,WE,Towers with Radar,414,139,38,11,602,0,213,318,19,550,414,352,356,30,1152,38,0,38,1190
07/25/2023,ANC,AK,AAL,WE,Towers with Radar,382,160,61,13,616,0,176,330,27,533,382,336,391,40,1149,24,0,24,1173
07/26/2023,ANC,AK,AAL,WE,Towers with Radar,453,208,63,26,750,0,185,331,16,532,453,393,394,42,1282,36,0,36,1318
07/27/2023,ANC,AK,AAL,WE,Towers with Radar,407,199,52,16,674,0,184,351,32,567,407,383,403,48,1241,8,0,8,1249
07/28/2023,ANC,AK,AAL,WE,Towers with Radar,409,192,69,16,686,0,158,293,9,460,409,350,362,25,1146,12,0,12,1158
07/29/2023,ANC,AK,AAL,WE,Towers with Radar,404,157,65,23,649,0,52,38,2,92,404,209,103,25,741,22,0,22,763
07/30/2023,ANC,AK,AAL,WE,Towers with Radar,368,129,82,15,594,3,101,232,10,346,371,230,314,25,940,6,0,6,946
07/31/2023,ANC,AK,AAL,WE,Towers with Radar,410,153,61,13,637,0,202,344,13,559,410,355,405,26,1196,22,0,22,1218
08/01/2023,ANC,AK,AAL,WE,Towers with Radar,386,154,49,16,605,0,221,405,29,655,386,375,454,45,1260,14,0,14,1274
08/02/2023,ANC,AK,AAL,WE,Towers with Radar,433,159,47,15,654,1,204,369,29,603,434,363,416,44,1257,40,0,40,1297
08/03/2023,ANC,AK,AAL,WE,Towers with Radar,433,178,70,14,695,0,145,314,20,479,433,323,384,34,1174,46,0,46,1220
08/04/2023,ANC,AK,AAL,WE,Towers with Radar,438,158,60,10,666,1,212,342,13,568,439,370,402,23,1234,14,0,14,1248
08/05/2023,ANC,AK,AAL,WE,Towers with Radar,435,120,85,11,651,0,171,337,19,527,435,291,422,30,1178,18,0,18,1196
08/06/2023,ANC,AK,AAL,WE,Towers with Radar,388,87,51,17,543,0,179,254,12,445,388,266,305,29,988,14,0,14,1002
08/07/2023,ANC,AK,AAL,WE,Towers with Radar,420,153,35,13,621,0,175,212,11,398,420,328,247,24,1019,8,0,8,1027
08/08/2023,ANC,AK,AAL,WE,Towers with Radar,411,255,59,6,731,0,150,200,8,358,411,405,259,14,1089,42,0,42,1131
08/09/2023,ANC,AK,AAL,WE,Towers with Radar,426,191,69,9,695,0,107,159,16,282,426,298,228,25,977,90,0,90,1067
08/10/2023,ANC,AK,AAL,WE,Towers with Radar,432,205,61,17,715,0,158,272,12,442,432,363,333,29,1157,72,0,72,1229
08/11/2023,ANC,AK,AAL,WE,Towers with Radar,437,164,68,9,678,0,214,362,13,589,437,378,430,22,1267,60,0,60,1327
08/12/2023,ANC,AK,AAL,WE,Towers with Radar,442,110,51,15,618,0,108,188,9,305,442,218,239,24,923,22,0,22,945
08/13/2023,ANC,AK,AAL,WE,Towers with Radar,368,87,51,3,509,0,184,251,6,441,368,271,302,9,950,6,0,6,956
08/14/2023,ANC,AK,AAL,WE,Towers with Radar,428,140,40,5,613,0,229,269,12,510,428,369,309,17,1123,20,0,20,1143
08/15/2023,ANC,AK,AAL,WE,Towers with Radar,388,160,51,12,611,0,142,239,13,394,388,302,290,25,1005,12,0,12,1017
08/16/2023,ANC,AK,AAL,WE,Towers with Radar,448,213,58,16,735,0,114,102,6,222,448,327,160,22,957,20,0,20,977
08/17/2023,ANC,AK,AAL,WE,Towers with Radar,426,149,38,21,634,0,205,451,25,681,426,354,489,46,1315,6,0,6,1321
08/18/2023,ANC,AK,AAL,WE,Towers with Radar,408,171,61,9,649,0,208,456,19,683,408,379,517,28,1332,28,0,28,1360
08/19/2023,ANC,AK,AAL,WE,Towers with Radar,424,104,66,10,604,0,147,348,9,504,424,251,414,19,1108,10,0,10,1118
08/20/2023,ANC,AK,AAL,WE,Towers with Radar,382,87,65,9,543,0,154,332,6,492,382,241,397,15,1035,8,0,8,1043
08/21/2023,ANC,AK,AAL,WE,Towers with Radar,408,137,47,9,601,0,199,286,9,494,408,336,333,18,1095,14,0,14,1109
08/22/2023,ANC,AK,AAL,WE,Towers with Radar,404,177,43,16,640,0,213,321,13,547,404,390,364,29,1187,2,0,2,1189
08/23/2023,ANC,AK,AAL,WE,Towers with Radar,448,193,61,13,715,0,199,360,9,568,448,392,421,22,1283,53,0,53,1336
08/24/2023,ANC,AK,AAL,WE,Towers with Radar,429,215,71,16,731,0,23,68,6,97,429,238,139,22,828,16,0,16,844
08/25/2023,ANC,AK,AAL,WE,Towers with Radar,410,207,74,10,701,0,118,166,1,285,410,325,240,11,986,52,0,52,1038
08/26/2023,ANC,AK,AAL,WE,Towers with Radar,431,122,43,6,602,0,26,23,4,53,431,148,66,10,655,0,0,0,655
08/27/2023,ANC,AK,AAL,WE,Towers with Radar,390,123,56,8,577,0,112,79,2,193,390,235,135,10,770,2,0,2,772
08/28/2023,ANC,AK,AAL,WE,Towers with Radar,415,232,83,10,740,0,56,32,3,91,415,288,115,13,831,4,0,4,835
08/29/2023,ANC,AK,AAL,WE,Towers with Radar,383,187,52,11,633,0,114,153,12,279,383,301,205,23,912,97,0,97,1009
08/30/2023,ANC,AK,AAL,WE,Towers with Radar,448,185,71,11,715,0,175,276,15,466,448,360,347,26,1181,42,0,42,1223
08/31/2023,ANC,AK,AAL,WE,Towers with Radar,415,162,50,10,637,0,43,48,8,99,415,205,98,18,736,8,0,8,744
01/01/2020,ANC,AK,AAL,WE,Towers with Radar,217,50,11,4,282,0,5,12,0,17,217,55,23,4,299,0,0,0,299
01/02/2020,ANC,AK,AAL,WE,Towers with Radar,257,143,16,8,424,0,21,23,2,46,257,164,39,10,470,2,0,2,472
01/03/2020,ANC,AK,AAL,WE,Towers with Radar,270,126,13,6,415,0,31,63,4,98,270,157,76,10,513,6,0,6,519
01/04/2020,ANC,AK,AAL,WE,Towers with Radar,278,111,17,8,414,0,10,30,0,40,278,121,47,8,454,30,0,30,484
01/05/2020,ANC,AK,AAL,WE,Towers with Radar,231,131,19,0,381,0,1,9,0,10,231,132,28,0,391,0,0,0,391
01/06/2020,ANC,AK,AAL,WE,Towers with Radar,237,163,21,3,424,0,9,8,0,17,237,172,29,3,441,0,0,0,441
01/07/2020,ANC,AK,AAL,WE,Towers with Radar,254,170,34,5,463,0,3,8,0,11,254,173,42,5,474,4,0,4,478
01/08/2020,ANC,AK,AAL,WE,Towers with Radar,266,161,22,6,455,0,7,10,0,17,266,168,32,6,472,0,0,0,472
01/09/2020,ANC,AK,AAL,WE,Towers with Radar,285,168,20,12,485,0,32,49,6,87,285,200,69,18,572,14,0,14,586
01/10/2020,ANC,AK,AAL,WE,Towers with Radar,273,137,17,5,432,0,26,73,2,101,273,163,90,7,533,6,0,6,539
01/11/2020,ANC,AK,AAL,WE,Towers with Radar,281,109,17,8,415,0,6,46,0,52,281,115,63,8,467,20,0,20,487
01/12/2020,ANC,AK,AAL,WE,Towers with Radar,228,109,16,3,356,0,1,2,0,3,228,110,18,3,359,0,0,0,359
01/13/2020,ANC,AK,AAL,WE,Towers with Radar,261,159,17,1,438,0,9,46,0,55,261,168,63,1,493,6,0,6,499
01/14/2020,ANC,AK,AAL,WE,Towers with Radar,249,168,26,10,453,0,11,24,0,35,249,179,50,10,488,28,0,28,516
01/15/2020,ANC,AK,AAL,WE,Towers with Radar,279,142,28,6,455,0,32,74,5,111,279,174,102,11,566,22,0,22,588
01/16/2020,ANC,AK,AAL,WE,Towers with Radar,304,151,16,8,479,0,35,90,2,127,304,186,106,10,606,13,0,13,619
01/17/2020,ANC,AK,AAL,WE,Towers with Radar,291,152,26,7,476,0,34,94,1,129,291,186,120,8,605,13,0,13,618
01/18/2020,ANC,AK,AAL,WE,Towers with Radar,287,113,7,7,414,0,10,85,0,95,287,123,92,7,509,16,0,16,525
01/19/2020,ANC,AK,AAL,WE,Towers with Radar,242,99,16,7,364,0,10,48,1,59,242,109,64,8,423,30,0,30,453
01/20/2020,ANC,AK,AAL,WE,Towers with Radar,245,154,23,5,427,0,0,1,0,1,245,154,24,5,428,0,0,0,428
01/21/2020,ANC,AK,AAL,WE,Towers with Radar,244,180,17,7,448,0,12,34,0,46,244,192,51,7,494,2,0,2,496
01/22/2020,ANC,AK,AAL,WE,Towers with Radar,293,181,23,5,502,0,7,12,0,19,293,188,35,5,521,2,0,2,523
01/23/2020,ANC,AK,AAL,WE,Towers with Radar,288,149,20,9,466,0,27,55,2,84,288,176,75,11,550,10,0,10,560
01/24/2020,ANC,AK,AAL,WE,Towers with Radar,257,148,13,7,425,0,25,93,2,120,257,173,106,9,545,20,0,20,565
01/25/2020,ANC,AK,AAL,WE,Towers with Radar,250,111,5,10,376,0,9,31,0,40,250,120,36,10,416,0,0,0,416
01/26/2020,ANC,AK,AAL,WE,Towers with Radar,196,83,12,2,293,0,27,51,0,78,196,110,63,2,371,6,0,6,377
01/27/2020,ANC,AK,AAL,WE,Towers with Radar,202,136,22,0,360,0,24,45,2,71,202,160,67,2,431,2,0,2,433
01/28/2020,ANC,AK,AAL,WE,Towers with Radar,185,126,20,3,334,0,23,57,3,83,185,149,77,6,417,10,0,10,427
01/29/2020,ANC,AK,AAL,WE,Towers with Radar,204,154,38,6,402,0,5,27,2,34,204,159,65,8,436,6,0,6,442
01/30/2020,ANC,AK,AAL,WE,Towers with Radar,212,159,34,8,413,15,17,33,3,68,227,176,67,11,481,16,0,16,497
01/31/2020,ANC,AK,AAL,WE,Towers with Radar,199,180,43,5,427,0,48,44,0,92,199,228,87,5,519,58,0,58,577
02/01/2020,ANC,AK,AAL,WE,Towers with Radar,205,102,25,8,340,0,21,89,0,110,205,123,114,8,450,39,0,39,489
02/02/2020,ANC,AK,AAL,WE,Towers with Radar,168,94,21,2,285,0,2,32,0,34,168,96,53,2,319,6,0,6,325
02/03/2020,ANC,AK,AAL,WE,Towers with Radar,183,141,15,2,341,1,8,58,2,69,184,149,73,4,410,6,0,6,416
02/04/2020,ANC,AK,AAL,WE,Towers with Radar,197,179,15,4,395,0,6,25,14,45,197,185,40,18,440,10,0,10,450
02/05/2020,ANC,AK,AAL,WE,Towers with Radar,221,163,27,9,420,0,7,5,0,12,221,170,32,9,432,0,0,0,432
02/06/2020,ANC,AK,AAL,WE,Towers with Radar,242,150,28,3,423,0,23,114,2,139,242,173,142,5,562,10,0,10,572
02/07/2020,ANC,AK,AAL,WE,Towers with Radar,226,166,24,4,420,0,10,32,3,45,226,176,56,7,465,16,0,16,481
02/08/2020,ANC,AK,AAL,WE,Towers with Radar,227,97,14,4,342,0,2,4,0,6,227,99,18,4,348,0,0,0,348
02/09/2020,ANC,AK,AAL,WE,Towers with Radar,186,111,8,2,307,0,9,23,0,32,186,120,31,2,339,0,0,0,339
02/10/2020,ANC,AK,AAL,WE,Towers with Radar,196,128,22,0,346,0,35,112,2,149,196,163,134,2,495,8,0,8,503
02/11/2020,ANC,AK,AAL,WE,Towers with Radar,213,137,18,3,371,0,33,84,0,117,213,170,102,3,488,6,0,6,494
02/12/2020,ANC,AK,AAL,WE,Towers with Radar,226,146,12,9,393,0,9,8,0,17,226,155,20,9,410,0,0,0,410
02/13/2020,ANC,AK,AAL,WE,Towers with Radar,267,157,21,6,451,0,32,100,0,132,267,189,121,6,583,16,0,16,599
02/14/2020,ANC,AK,AAL,WE,Towers with Radar,247,144,17,6,414,0,31,99,0,130,247,175,116,6,544,62,0,62,606
02/15/2020,ANC,AK,AAL,WE,Towers with Radar,252,109,16,10,387,0,11,95,2,108,252,120,111,12,495,71,0,71,566
02/16/2020,ANC,AK,AAL,WE,Towers with Radar,220,98,13,5,336,0,11,149,0,160,220,109,162,5,496,10,0,10,506
02/17/2020,ANC,AK,AAL,WE,Towers with Radar,221,106,17,0,344,0,7,8,0,15,221,113,25,0,359,0,0,0,359
02/18/2020,ANC,AK,AAL,WE,Towers with Radar,212,102,19,2,335,0,0,0,0,0,212,102,19,2,335,0,0,0,335
02/19/2020,ANC,AK,AAL,WE,Towers with Radar,279,166,22,10,477,0,18,28,0,46,279,184,50,10,523,2,0,2,525
02/20/2020,ANC,AK,AAL,WE,Towers with Radar,264,154,12,5,435,0,21,55,0,76,264,175,67,5,511,6,0,6,517
02/21/2020,ANC,AK,AAL,WE,Towers with Radar,260,164,26,9,459,0,0,1,0,1,260,164,27,9,460,0,0,0,460
02/22/2020,ANC,AK,AAL,WE,Towers with Radar,279,117,22,9,427,0,8,12,1,21,279,125,34,10,448,6,0,6,454
02/23/2020,ANC,AK,AAL,WE,Towers with Radar,216,74,13,3,306,0,21,72,2,95,216,95,85,5,401,24,0,24,425
02/24/2020,ANC,AK,AAL,WE,Towers with Radar,232,132,18,3,385,0,49,124,3,176,232,181,142,6,561,18,0,18,579
02/25/2020,ANC,AK,AAL,WE,Towers with Radar,238,142,21,5,406,0,25,38,8,71,238,167,59,13,477,8,0,8,485
02/26/2020,ANC,AK,AAL,WE,Towers with Radar,273,160,32,9,474,0,62,48,0,110,273,222,80,9,584,2,0,2,586
02/27/2020,ANC,AK,AAL,WE,Towers with Radar,296,168,19,5,488,0,49,131,0,180,296,217,150,5,668,4,0,4,672
02/28/2020,ANC,AK,AAL,WE,Towers with Radar,278,151,20,9,458,0,59,159,0,218,278,210,179,9,676,74,0,74,750
02/29/2020,ANC,AK,AAL,WE,Towers with Radar,282,89,13,9,393,0,8,75,0,83,282,97,88,9,476,10,0,10,486
03/01/2020,ANC,AK,AAL,WE,Towers with Radar,236,92,11,3,342,0,0,2,0,2,236,92,13,3,344,0,0,0,344
03/02/2020,ANC,AK,AAL,WE,Towers with Radar,254,169,27,1,451,0,3,22,0,25,254,172,49,1,476,0,0,0,476
03/03/2020,ANC,AK,AAL,WE,Towers with Radar,235,144,26,7,412,0,48,99,3,150,235,192,125,10,562,16,0,16,578
03/04/2020,ANC,AK,AAL,WE,Towers with Radar,293,152,17,6,468,0,48,97,0,145,293,200,114,6,613,8,0,8,621
03/05/2020,ANC,AK,AAL,WE,Towers with Radar,285,122,18,5,430,0,48,57,0,105,285,170,75,5,535,20,0,20,555
03/06/2020,ANC,AK,AAL,WE,Towers with Radar,292,151,25,7,475,0,61,194,1,256,292,212,219,8,731,40,0,40,771
03/07/2020,ANC,AK,AAL,WE,Towers with Radar,285,113,9,5,412,0,7,5,0,12,285,120,14,5,424,2,0,2,426
03/08/2020,ANC,AK,AAL,WE,Towers with Radar,239,103,10,1,353,0,0,0,0,0,239,103,10,1,353,0,0,0,353
03/09/2020,ANC,AK,AAL,WE,Towers with Radar,285,160,45,1,491,0,31,45,0,76,285,191,90,1,567,0,0,0,567
03/10/2020,ANC,AK,AAL,WE,Towers with Radar,253,141,19,6,419,0,45,171,4,220,253,186,190,10,639,72,0,72,711
03/11/2020,ANC,AK,AAL,WE,Towers with Radar,297,160,13,5,475,37,50,134,1,222,334,210,147,6,697,22,0,22,719
03/12/2020,ANC,AK,AAL,WE,Towers with Radar,293,132,19,10,454,0,36,135,2,173,293,168,154,12,627,30,0,30,657
03/13/2020,ANC,AK,AAL,WE,Towers with Radar,297,140,21,7,465,0,38,160,0,198,297,178,181,7,663,16,0,16,679
03/14/2020,ANC,AK,AAL,WE,Towers with Radar,304,94,11,7,416,0,18,152,0,170,304,112,163,7,586,62,0,62,648
03/15/2020,ANC,AK,AAL,WE,Towers with Radar,247,90,8,0,345,0,20,132,0,152,247,110,140,0,497,0,0,0,497
03/16/2020,ANC,AK,AAL,WE,Towers with Radar,296,140,18,3,457,0,32,165,4,201,296,172,183,7,658,26,0,26,684
03/17/2020,ANC,AK,AAL,WE,Towers with Radar,247,162,35,7,451,0,12,35,0,47,247,174,70,7,498,24,0,24,522
03/18/2020,ANC,AK,AAL,WE,Towers with Radar,317,182,37,13,549,0,1,5,0,6,317,183,42,13,555,16,0,16,571
03/19/2020,ANC,AK,AAL,WE,Towers with Radar,312,171,23,6,512,0,2,3,1,6,312,173,26,7,518,0,0,0,518
03/20/2020,ANC,AK,AAL,WE,Towers with Radar,300,123,26,3,452,0,31,127,2,160,300,154,153,5,612,18,0,18,630
03/21/2020,ANC,AK,AAL,WE,Towers with Radar,306,114,18,10,448,0,0,7,0,7,306,114,25,10,455,2,0,2,457
03/22/2020,ANC,AK,AAL,WE,Towers with Radar,253,59,11,3,326,0,22,187,0,209,253,81,198,3,535,32,0,32,567
03/23/2020,ANC,AK,AAL,WE,Towers with Radar,288,98,15,4,405,0,26,139,0,165,288,124,154,4,570,34,0,34,604
03/24/2020,ANC,AK,AAL,WE,Towers with Radar,281,99,22,7,409,0,21,86,1,108,281,120,108,8,517,17,0,17,534
03/25/2020,ANC,AK,AAL,WE,Towers with Radar,301,120,14,5,440,0,19,59,0,78,301,139,73,5,518,18,0,18,536
03/26/2020,ANC,AK,AAL,WE,Towers with Radar,327,122,19,9,477,0,13,125,1,139,327,135,144,10,616,56,0,56,672
03/27/2020,ANC,AK,AAL,WE,Towers with Radar,293,97,15,9,414,0,15,78,0,93,293,112,93,9,507,6,0,6,513
03/28/2020,ANC,AK,AAL,WE,Towers with Radar,309,82,24,6,421,0,5,114,0,119,309,87,138,6,540,10,0,10,550
03/29/2020,ANC,AK,AAL,WE,Towers with Radar,242,38,12,0,292,0,7,42,0,49,242,45,54,0,341,22,0,22,363
03/30/2020,ANC,AK,AAL,WE,Towers with Radar,293,94,16,0,403,0,18,65,0,83,293,112,81,0,486,30,0,30,516
03/31/2020,ANC,AK,AAL,WE,Towers with Radar,260,92,16,3,371,0,21,181,0,202,260,113,197,3,573,32,0,32,605
04/01/2020,ANC,AK,AAL,WE,Towers with Radar,304,99,30,7,440,0,16,64,4,84,304,115,94,11,524,18,0,18,542
04/02/2020,ANC,AK,AAL,WE,Towers with Radar,294,86,28,2,410,0,0,12,0,12,294,86,40,2,422,4,0,4,426
04/03/2020,ANC,AK,AAL,WE,Towers with Radar,273,95,13,8,389,0,11,13,0,24,273,106,26,8,413,0,0,0,413
04/04/2020,ANC,AK,AAL,WE,Towers with Radar,279,44,7,4,334,0,1,66,0,67,279,45,73,4,401,14,0,14,415
04/05/2020,ANC,AK,AAL,WE,Towers with Radar,216,20,8,1,245,2,8,17,1,28,218,28,25,2,273,0,0,0,273
04/06/2020,ANC,AK,AAL,WE,Towers with Radar,271,51,19,6,347,0,18,70,0,88,271,69,89,6,435,6,0,6,441
04/07/2020,ANC,AK,AAL,WE,Towers with Radar,260,82,18,5,365,0,19,96,0,115,260,101,114,5,480,24,0,24,504
04/08/2020,ANC,AK,AAL,WE,Towers with Radar,283,70,17,5,375,0,34,87,0,121,283,104,104,5,496,12,0,12,508
04/09/2020,ANC,AK,AAL,WE,Towers with Radar,302,74,31,3,410,0,39,191,2,232,302,113,222,5,642,16,0,16,658
04/10/2020,ANC,AK,AAL,WE,Towers with Radar,261,80,48,5,394,0,10,212,2,224,261,90,260,7,618,22,0,22,640
04/11/2020,ANC,AK,AAL,WE,Towers with Radar,275,45,13,5,338,0,6,177,0,183,275,51,190,5,521,24,0,24,545
04/12/2020,ANC,AK,AAL,WE,Towers with Radar,217,26,11,2,256,0,3,16,0,19,217,29,27,2,275,0,0,0,275
04/13/2020,ANC,AK,AAL,WE,Towers with Radar,258,66,15,0,339,0,2,31,0,33,258,68,46,0,372,5,0,5,377
04/14/2020,ANC,AK,AAL,WE,Towers with Radar,281,55,22,4,362,0,14,135,2,151,281,69,157,6,513,16,0,16,529
04/15/2020,ANC,AK,AAL,WE,Towers with Radar,286,75,21,3,385,0,10,49,4,63,286,85,70,7,448,6,0,6,454
04/16/2020,ANC,AK,AAL,WE,Towers with Radar,320,86,18,5,429,0,0,6,0,6,320,86,24,5,435,0,0,0,435
04/17/2020,ANC,AK,AAL,WE,Towers with Radar,301,92,20,10,423,0,11,54,0,65,301,103,74,10,488,20,0,20,508
04/18/2020,ANC,AK,AAL,WE,Towers with Radar,289,36,19,3,347,0,4,138,0,142,289,40,157,3,489,38,0,38,527
04/19/2020,ANC,AK,AAL,WE,Towers with Radar,238,27,16,2,283,0,7,85,1,93,238,34,101,3,376,14,0,14,390
04/20/2020,ANC,AK,AAL,WE,Towers with Radar,284,78,37,3,402,0,7,11,0,18,284,85,48,3,420,10,0,10,430
04/21/2020,ANC,AK,AAL,WE,Towers with Radar,280,98,23,7,408,0,2,12,0,14,280,100,35,7,422,6,0,6,428
04/22/2020,ANC,AK,AAL,WE,Towers with Radar,310,97,28,7,442,0,5,60,0,65,310,102,88,7,507,60,0,60,567
04/23/2020,ANC,AK,AAL,WE,Towers with Radar,327,82,20,8,437,0,16,106,1,123,327,98,126,9,560,16,0,16,576
04/24/2020,ANC,AK,AAL,WE,Towers with Radar,299,79,27,9,414,0,18,164,4,186,299,97,191,13,600,53,0,53,653
04/25/2020,ANC,AK,AAL,WE,Towers with Radar,306,56,7,10,379,2,22,278,3,305,308,78,285,13,684,58,0,58,742
04/26/2020,ANC,AK,AAL,WE,Towers with Radar,241,33,19,2,295,0,20,212,4,236,241,53,231,6,531,50,0,50,581
04/27/2020,ANC,AK,AAL,WE,Towers with Radar,298,75,28,3,404,0,25,199,2,226,298,100,227,5,630,38,0,38,668
04/28/2020,ANC,AK,AAL,WE,Towers with Radar,292,67,33,5,397,2,18,214,2,236,294,85,247,7,633,68,0,68,701
04/29/2020,ANC,AK,AAL,WE,Towers with Radar,328,69,22,8,427,0,21,183,2,206,328,90,205,10,633,40,0,40,673
04/30/2020,ANC,AK,AAL,WE,Towers with Radar,327,78,31,7,443,0,16,175,3,194,327,94,206,10,637,9,0,9,646
05/01/2020,ANC,AK,AAL,WE,Towers with Radar,307,90,37,11,445,0,21,214,8,243,307,111,251,19,688,56,0,56,744
05/02/2020,ANC,AK,AAL,WE,Towers with Radar,308,56,25,9,398,0,9,271,0,280,308,65,296,9,678,66,0,66,744
05/03/2020,ANC,AK,AAL,WE,Towers with Radar,249,40,17,3,309,0,12,166,0,178,249,52,183,3,487,74,0,74,561
05/04/2020,ANC,AK,AAL,WE,Towers with Radar,283,82,15,1,381,1,10,88,2,101,284,92,103,3,482,102,0,102,584
05/05/2020,ANC,AK,AAL,WE,Towers with Radar,300,79,32,4,415,0,26,252,1,279,300,105,284,5,694,63,0,63,757
05/06/2020,ANC,AK,AAL,WE,Towers with Radar,309,92,36,8,445,0,90,201,3,294,309,182,237,11,739,70,0,70,809
05/07/2020,ANC,AK,AAL,WE,Towers with Radar,326,85,24,5,440,0,30,147,0,177,326,115,171,5,617,48,0,48,665
05/08/2020,ANC,AK,AAL,WE,Towers with Radar,300,93,45,8,446,0,18,134,1,153,300,111,179,9,599,56,0,56,655
05/09/2020,ANC,AK,AAL,WE,Towers with Radar,307,65,15,8,395,0,10,346,0,356,307,75,361,8,751,70,0,70,821
05/10/2020,ANC,AK,AAL,WE,Towers with Radar,256,44,20,1,321,0,15,182,0,197,256,59,202,1,518,36,0,36,554
05/11/2020,ANC,AK,AAL,WE,Towers with Radar,301,83,41,4,429,0,12,121,0,133,301,95,162,4,562,28,0,28,590
05/12/2020,ANC,AK,AAL,WE,Towers with Radar,326,89,27,6,448,0,35,313,1,349,326,124,340,7,797,49,0,49,846
05/13/2020,ANC,AK,AAL,WE,Towers with Radar,350,79,29,7,465,0,36,138,0,174,350,115,167,7,639,20,0,20,659
05/14/2020,ANC,AK,AAL,WE,Towers with Radar,333,95,27,7,462,0,23,106,0,129,333,118,133,7,591,28,0,28,619
05/15/2020,ANC,AK,AAL,WE,Towers with Radar,329,91,41,7,468,0,42,307,0,349,329,133,348,7,817,87,0,87,904
05/16/2020,ANC,AK,AAL,WE,Towers with Radar,314,58,28,11,411,0,22,361,2,385,314,80,389,13,796,42,0,42,838
05/17/2020,ANC,AK,AAL,WE,Towers with Radar,308,35,24,0,367,0,11,330,0,341,308,46,354,0,708,23,0,23,731
05/18/2020,ANC,AK,AAL,WE,Towers with Radar,296,95,30,8,429,0,32,134,1,167,296,127,164,9,596,34,0,34,630
05/19/2020,ANC,AK,AAL,WE,Towers with Radar,326,99,24,5,454,1,31,246,0,278,327,130,270,5,732,24,0,24,756
05/20/2020,ANC,AK,AAL,WE,Towers with Radar,349,97,36,4,486,2,47,293,1,343,351,144,329,5,829,38,0,38,867
05/21/2020,ANC,AK,AAL,WE,Towers with Radar,360,107,30,3,500,0,52,147,1,200,360,159,177,4,700,44,0,44,744
05/22/2020,ANC,AK,AAL,WE,Towers with Radar,324,107,29,12,472,0,52,217,0,269,324,159,246,12,741,65,0,65,806
05/23/2020,ANC,AK,AAL,WE,Towers with Radar,321,64,16,8,409,0,31,242,0,273,321,95,258,8,682,42,0,42,724
05/24/2020,ANC,AK,AAL,WE,Towers with Radar,291,32,15,0,338,0,16,73,0,89,291,48,88,0,427,2,0,2,429
05/25/2020,ANC,AK,AAL,WE,Towers with Radar,293,28,31,0,352,0,45,316,3,364,293,73,347,3,716,86,0,86,802
05/26/2020,ANC,AK,AAL,WE,Towers with Radar,305,90,22,8,425,0,71,196,5,272,305,161,218,13,697,94,0,94,791
05/27/2020,ANC,AK,AAL,WE,Towers with Radar,352,89,33,6,480,0,57,340,0,397,352,146,373,6,877,74,0,74,951
05/28/2020,ANC,AK,AAL,WE,Towers with Radar,332,89,48,7,476,0,47,324,4,375,332,136,372,11,851,26,0,26,877
05/29/2020,ANC,AK,AAL,WE,Towers with Radar,321,109,61,9,500,0,51,377,2,430,321,160,438,11,930,44,0,44,974
05/30/2020,ANC,AK,AAL,WE,Towers with Radar,323,67,23,12,425,0,34,206,0,240,323,101,229,12,665,24,0,24,689
05/31/2020,ANC,AK,AAL,WE,Towers with Radar,274,32,14,4,324,0,28,197,1,226,274,60,211,5,550,40,0,40,590
06/01/2020,ANC,AK,AAL,WE,Towers with Radar,299,98,39,5,441,0,45,221,0,266,299,143,260,5,707,68,0,68,775
06/02/2020,ANC,AK,AAL,WE,Towers with Radar,318,107,39,7,471,2,43,263,46,354,320,150,302,53,825,30,0,30,855
06/03/2020,ANC,AK,AAL,WE,Towers with Radar,352,112,32,11,507,0,41,274,5,320,352,153,306,16,827,20,0,20,847
06/04/2020,ANC,AK,AAL,WE,Towers with Radar,356,95,22,8,481,0,51,359,4,414,356,146,381,12,895,60,0,60,955
06/05/2020,ANC,AK,AAL,WE,Towers with Radar,341,94,42,9,486,0,41,383,1,425,341,135,425,10,911,30,0,30,941
06/06/2020,ANC,AK,AAL,WE,Towers with Radar,350,79,31,6,466,0,23,351,4,378,350,102,382,10,844,104,0,104,948
06/07/2020,ANC,AK,AAL,WE,Towers with Radar,296,57,53,6,412,0,29,403,6,438,296,86,456,12,850,68,0,68,918
06/08/2020,ANC,AK,AAL,WE,Towers with Radar,322,99,25,3,449,0,33,185,5,223,322,132,210,8,672,26,0,26,698
06/09/2020,ANC,AK,AAL,WE,Towers with Radar,318,104,48,13,483,0,45,107,0,152,318,149,155,13,635,38,0,38,673
06/10/2020,ANC,AK,AAL,WE,Towers with Radar,365,118,43,11,537,0,65,322,4,391,365,183,365,15,928,28,2,30,958
06/11/2020,ANC,AK,AAL,WE,Towers with Radar,375,101,37,10,523,0,68,391,6,465,375,169,428,16,988,62,0,62,1050
06/12/2020,ANC,AK,AAL,WE,Towers with Radar,368,107,42,8,525,0,59,428,5,492,368,166,470,13,1017,26,0,26,1043
06/13/2020,ANC,AK,AAL,WE,Towers with Radar,358,75,30,12,475,1,52,354,0,407,359,127,384,12,882,68,0,68,950
06/14/2020,ANC,AK,AAL,WE,Towers with Radar,294,41,31,2,368,2,41,372,0,415,296,82,403,2,783,32,0,32,815
06/15/2020,ANC,AK,AAL,WE,Towers with Radar,323,98,32,6,459,0,67,345,4,416,323,165,377,10,875,30,0,30,905
06/16/2020,ANC,AK,AAL,WE,Towers with Radar,317,110,41,14,482,0,88,226,5,319,317,198,267,19,801,26,0,26,827
06/17/2020,ANC,AK,AAL,WE,Towers with Radar,354,98,35,9,496,0,44,180,0,224,354,142,215,9,720,53,0,53,773
06/18/2020,ANC,AK,AAL,WE,Towers with Radar,372,92,43,13,520,0,74,345,3,422,372,166,388,16,942,80,0,80,1022
06/19/2020,ANC,AK,AAL,WE,Towers with Radar,352,121,40,9,522,0,49,185,1,235,352,170,225,10,757,56,0,56,813
06/20/2020,ANC,AK,AAL,WE,Towers with Radar,341,72,29,8,450,0,54,330,1,385,341,126,359,9,835,34,0,34,869
06/21/2020,ANC,AK,AAL,WE,Towers with Radar,311,48,28,4,391,0,60,264,1,325,311,108,292,5,716,0,0,0,716
06/22/2020,ANC,AK,AAL,WE,Towers with Radar,319,93,45,13,470,0,73,269,5,347,319,166,314,18,817,38,0,38,855
06/23/2020,ANC,AK,AAL,WE,Towers with Radar,311,110,30,13,464,0,51,270,0,321,311,161,300,13,785,29,0,29,814
06/24/2020,ANC,AK,AAL,WE,Towers with Radar,354,120,31,16,521,0,64,214,2,280,354,184,245,18,801,70,0,70,871
06/25/2020,ANC,AK,AAL,WE,Towers with Radar,366,115,52,12,545,0,54,347,4,405,366,169,399,16,950,36,0,36,986
06/26/2020,ANC,AK,AAL,WE,Towers with Radar,340,112,43,13,508,0,75,412,2,489,340,187,455,15,997,39,0,39,1036
06/27/2020,ANC,AK,AAL,WE,Towers with Radar,341,57,32,14,444,0,53,439,0,492,341,110,471,14,936,18,0,18,954
06/28/2020,ANC,AK,AAL,WE,Towers with Radar,281,55,36,11,383,0,27,147,0,174,281,82,183,11,557,28,0,28,585
06/29/2020,ANC,AK,AAL,WE,Towers with Radar,297,83,40,13,433,0,65,232,1,298,297,148,272,14,731,53,0,53,784
06/30/2020,ANC,AK,AAL,WE,Towers with Radar,300,94,45,10,449,0,70,327,2,399,300,164,372,12,848,36,0,36,884
07/01/2020,ANC,AK,AAL,WE,Towers with Radar,341,118,39,13,511,0,89,412,2,503,341,207,451,15,1014,66,0,66,1080
07/02/2020,ANC,AK,AAL,WE,Towers with Radar,339,89,33,15,476,1,105,446,0,552,340,194,479,15,1028,38,0,38,1066
07/03/2020,ANC,AK,AAL,WE,Towers with Radar,349,78,30,9,466,0,94,467,1,562,349,172,497,10,1028,16,0,16,1044
07/04/2020,ANC,AK,AAL,WE,Towers with Radar,312,30,38,11,391,0,58,266,0,324,312,88,304,11,715,6,0,6,721
07/05/2020,ANC,AK,AAL,WE,Towers with Radar,286,55,34,11,386,0,72,308,0,380,286,127,342,11,766,14,0,14,780
07/06/2020,ANC,AK,AAL,WE,Towers with Radar,294,115,56,14,479,0,47,158,2,207,294,162,214,16,686,14,0,14,700
07/07/2020,ANC,AK,AAL,WE,Towers with Radar,300,113,49,16,478,0,59,258,1,318,300,172,307,17,796,52,0,52,848
07/08/2020,ANC,AK,AAL,WE,Towers with Radar,346,139,64,14,563,0,33,44,0,77,346,172,108,14,640,57,0,57,697
07/09/2020,ANC,AK,AAL,WE,Towers with Radar,354,119,46,17,536,0,80,291,0,371,354,199,337,17,907,50,0,50,957
07/10/2020,ANC,AK,AAL,WE,Towers with Radar,340,109,46,12,507,0,59,388,0,447,340,168,434,12,954,29,0,29,983
07/11/2020,ANC,AK,AAL,WE,Towers with Radar,351,80,35,11,477,0,53,272,0,325,351,133,307,11,802,64,0,64,866
07/12/2020,ANC,AK,AAL,WE,Towers with Radar,301,62,39,12,414,0,40,140,0,180,301,102,179,12,594,32,0,32,626
07/13/2020,ANC,AK,AAL,WE,Towers with Radar,307,89,40,13,449,0,91,366,5,462,307,180,406,18,911,46,0,46,957
07/14/2020,ANC,AK,AAL,WE,Towers with Radar,321,111,28,12,472,0,90,439,0,529,321,201,467,12,1001,40,0,40,1041
07/15/2020,ANC,AK,AAL,WE,Towers with Radar,336,101,38,12,487,0,87,472,2,561,336,188,510,14,1048,22,2,24,1072
07/16/2020,ANC,AK,AAL,WE,Towers with Radar,361,102,42,12,517,0,77,366,1,444,361,179,408,13,961,40,0,40,1001
07/17/2020,ANC,AK,AAL,WE,Towers with Radar,343,101,44,15,503,0,85,284,0,369,343,186,328,15,872,54,0,54,926
07/18/2020,ANC,AK,AAL,WE,Towers with Radar,353,56,25,9,443,0,75,314,0,389,353,131,339,9,832,50,0,50,882
07/19/2020,ANC,AK,AAL,WE,Towers with Radar,285,49,42,6,382,0,69,239,4,312,285,118,281,10,694,14,0,14,708
07/20/2020,ANC,AK,AAL,WE,Towers with Radar,300,85,32,5,422,0,97,234,1,332,300,182,266,6,754,26,0,26,780
07/21/2020,ANC,AK,AAL,WE,Towers with Radar,308,105,44,10,467,0,98,378,5,481,308,203,422,15,948,24,0,24,972
07/22/2020,ANC,AK,AAL,WE,Towers with Radar,338,93,52,7,490,1,79,252,3,335,339,172,304,10,825,22,0,22,847
07/23/2020,ANC,AK,AAL,WE,Towers with Radar,370,94,63,12,539,1,98,500,3,602,371,192,563,15,1141,84,0,84,1225
07/24/2020,ANC,AK,AAL,WE,Towers with Radar,342,122,63,13,540,0,78,181,1,260,342,200,244,14,800,52,0,52,852
07/25/2020,ANC,AK,AAL,WE,Towers with Radar,362,83,50,8,503,0,50,204,0,254,362,133,254,8,757,42,0,42,799
07/26/2020,ANC,AK,AAL,WE,Towers with Radar,289,50,45,2,386,0,108,417,0,525,289,158,462,2,911,64,0,64,975
07/27/2020,ANC,AK,AAL,WE,Towers with Radar,319,88,40,7,454,0,99,384,3,486,319,187,424,10,940,34,0,34,974
07/28/2020,ANC,AK,AAL,WE,Towers with Radar,305,110,34,11,460,0,93,427,2,522,305,203,461,13,982,42,0,42,1024
07/29/2020,ANC,AK,AAL,WE,Towers with Radar,354,108,41,11,514,1,105,425,4,535,355,213,466,15,1049,30,0,30,1079
07/30/2020,ANC,AK,AAL,WE,Towers with Radar,353,116,44,6,519,0,96,200,2,298,353,212,244,8,817,38,0,38,855
07/31/2020,ANC,AK,AAL,WE,Towers with Radar,354,110,53,11,528,0,119,430,5,554,354,229,483,16,1082,38,0,38,1120
08/01/2020,ANC,AK,AAL,WE,Towers with Radar,347,86,33,11,477,0,46,115,1,162,347,132,148,12,639,14,0,14,653
08/02/2020,ANC,AK,AAL,WE,Towers with Radar,302,62,42,8,414,0,60,192,0,252,302,122,234,8,666,22,0,22,688
08/03/2020,ANC,AK,AAL,WE,Towers with Radar,310,106,48,5,469,0,77,247,2,326,310,183,295,7,795,8,0,8,803
08/04/2020,ANC,AK,AAL,WE,Towers with Radar,312,106,34,10,462,0,98,428,4,530,312,204,462,14,992,46,0,46,1038
08/05/2020,ANC,AK,AAL,WE,Towers with Radar,336,86,26,12,460,3,128,408,4,543,339,214,434,16,1003,2,0,2,1005
08/06/2020,ANC,AK,AAL,WE,Towers with Radar,353,93,37,13,496,0,67,239,4,310,353,160,276,17,806,23,0,23,829
08/07/2020,ANC,AK,AAL,WE,Towers with Radar,350,101,30,10,491,0,145,347,0,492,350,246,377,10,983,18,0,18,1001
08/08/2020,ANC,AK,AAL,WE,Towers with Radar,340,75,23,12,450,0,97,289,0,386,340,172,312,12,836,12,0,12,848
08/09/2020,ANC,AK,AAL,WE,Towers with Radar,292,89,22,1,404,0,81,354,9,444,292,170,376,10,848,56,0,56,904
08/10/2020,ANC,AK,AAL,WE,Towers with Radar,340,102,42,7,491,0,95,325,0,420,340,197,367,7,911,58,0,58,969
08/11/2020,ANC,AK,AAL,WE,Towers with Radar,319,102,62,7,490,0,89,188,1,278,319,191,250,8,768,106,0,106,874
08/12/2020,ANC,AK,AAL,WE,Towers with Radar,357,104,64,8,533,0,78,320,3,401,357,182,384,11,934,28,0,28,962
08/13/2020,ANC,AK,AAL,WE,Towers with Radar,344,95,32,7,478,0,112,407,6,525,344,207,439,13,1003,40,0,40,1043
08/14/2020,ANC,AK,AAL,WE,Towers with Radar,360,122,46,8,536,0,124,429,4,557,360,246,475,12,1093,62,0,62,1155
08/15/2020,ANC,AK,AAL,WE,Towers with Radar,342,72,29,7,450,0,99,236,0,335,342,171,265,7,785,24,0,24,809
08/16/2020,ANC,AK,AAL,WE,Towers with Radar,277,55,42,2,376,0,105,392,2,499,277,160,434,4,875,10,0,10,885
08/17/2020,ANC,AK,AAL,WE,Towers with Radar,323,76,22,10,431,0,113,366,3,482,323,189,388,13,913,50,0,50,963
08/18/2020,ANC,AK,AAL,WE,Towers with Radar,311,99,20,12,442,0,73,200,2,275,311,172,220,14,717,44,0,44,761
08/19/2020,ANC,AK,AAL,WE,Towers with Radar,332,106,37,13,488,0,84,328,2,414,332,190,365,15,902,48,0,48,950
08/20/2020,ANC,AK,AAL,WE,Towers with Radar,365,119,92,13,589,0,70,374,1,445,365,189,466,14,1034,50,0,50,1084
08/21/2020,ANC,AK,AAL,WE,Towers with Radar,363,107,44,12,526,0,108,509,3,620,363,215,553,15,1146,74,0,74,1220
08/22/2020,ANC,AK,AAL,WE,Towers with Radar,346,52,27,8,433,0,92,459,1,552,346,144,486,9,985,24,0,24,1009
08/23/2020,ANC,AK,AAL,WE,Towers with Radar,310,50,41,2,403,0,101,243,0,344,310,151,284,2,747,34,0,34,781
08/24/2020,ANC,AK,AAL,WE,Towers with Radar,315,116,42,7,480,0,79,149,8,236,315,195,191,15,716,16,0,16,732
08/25/2020,ANC,AK,AAL,WE,Towers with Radar,311,135,49,9,504,0,42,97,0,139,311,177,146,9,643,33,0,33,676
08/26/2020,ANC,AK,AAL,WE,Towers with Radar,337,123,57,9,526,0,55,173,3,231,337,178,230,12,757,34,0,34,791
08/27/2020,ANC,AK,AAL,WE,Towers with Radar,334,97,55,6,492,0,92,327,3,422,334,189,382,9,914,8,0,8,922
08/28/2020,ANC,AK,AAL,WE,Towers with Radar,345,99,56,11,511,1,111,493,1,606,346,210,549,12,1117,102,0,102,1219
08/29/2020,ANC,AK,AAL,WE,Towers with Radar,357,68,33,7,465,2,77,303,0,382,359,145,336,7,847,16,0,16,863
08/30/2020,ANC,AK,AAL,WE,Towers with Radar,314,43,37,5,399,0,87,207,6,300,314,130,244,11,699,60,0,60,759
08/31/2020,ANC,AK,AAL,WE,Towers with Radar,324,107,41,4,476,0,77,84,0,161,324,184,125,4,637,4,0,4,641
09/01/2020,ANC,AK,AAL,WE,Towers with Radar,305,119,50,7,481,1,82,229,0,312,306,201,279,7,793,44,0,44,837
09/02/2020,ANC,AK,AAL,WE,Towers with Radar,353,116,48,11,528,0,74,196,1,271,353,190,244,12,799,30,0,30,829
09/03/2020,ANC,AK,AAL,WE,Towers with Radar,348,125,42,6,521,0,64,227,2,293,348,189,269,8,814,26,0,26,840
09/04/2020,ANC,AK,AAL,WE,Towers with Radar,344,108,38,9,499,2,136,462,0,600,346,244,500,9,1099,14,0,14,1113
09/05/2020,ANC,AK,AAL,WE,Towers with Radar,334,68,29,8,439,0,79,416,3,498,334,147,445,11,937,56,0,56,993
09/06/2020,ANC,AK,AAL,WE,Towers with Radar,309,38,15,4,366,0,47,259,1,307,309,85,274,5,673,20,0,20,693
09/07/2020,ANC,AK,AAL,WE,Towers with Radar,307,41,31,2,381,0,60,63,0,123,307,101,94,2,504,0,0,0,504
09/08/2020,ANC,AK,AAL,WE,Towers with Radar,306,84,40,8,438,1,84,230,0,315,307,168,270,8,753,51,0,51,804
09/09/2020,ANC,AK,AAL,WE,Towers with Radar,345,100,36,10,491,0,112,242,2,356,345,212,278,12,847,12,0,12,859
09/10/2020,ANC,AK,AAL,WE,Towers with Radar,365,98,39,9,511,0,102,374,1,477,365,200,413,10,988,22,0,22,1010
09/11/2020,ANC,AK,AAL,WE,Towers with Radar,347,106,39,11,503,0,135,453,2,590,347,241,492,13,1093,64,0,64,1157
09/12/2020,ANC,AK,AAL,WE,Towers with Radar,345,67,18,6,436,0,106,375,4,485,345,173,393,10,921,50,0,50,971
09/13/2020,ANC,AK,AAL,WE,Towers with Radar,284,38,31,4,357,0,96,470,3,569,284,134,501,7,926,64,0,64,990
09/14/2020,ANC,AK,AAL,WE,Towers with Radar,311,78,34,8,431,0,90,340,3,433,311,168,374,11,864,28,0,28,892
09/15/2020,ANC,AK,AAL,WE,Towers with Radar,286,106,48,5,445,0,88,163,2,253,286,194,211,7,698,28,0,28,726
09/16/2020,ANC,AK,AAL,WE,Towers with Radar,356,120,55,9,540,0,77,176,3,256,356,197,231,12,796,6,0,6,802
09/17/2020,ANC,AK,AAL,WE,Towers with Radar,358,133,38,4,533,0,40,49,1,90,358,173,87,5,623,0,0,0,623
09/18/2020,ANC,AK,AAL,WE,Towers with Radar,339,102,41,8,490,0,97,185,2,284,339,199,226,10,774,22,0,22,796
09/19/2020,ANC,AK,AAL,WE,Towers with Radar,359,75,35,9,478,0,63,290,2,355,359,138,325,11,833,10,0,10,843
09/20/2020,ANC,AK,AAL,WE,Towers with Radar,301,42,35,6,384,0,77,257,0,334,301,119,292,6,718,70,0,70,788
09/21/2020,ANC,AK,AAL,WE,Towers with Radar,319,138,79,2,538,0,70,243,0,313,319,208,322,2,851,18,0,18,869
09/22/2020,ANC,AK,AAL,WE,Towers with Radar,319,84,37,8,448,0,80,172,0,252,319,164,209,8,700,48,0,48,748
09/23/2020,ANC,AK,AAL,WE,Towers with Radar,341,105,30,9,485,0,91,239,1,331,341,196,269,10,816,38,0,38,854
09/24/2020,ANC,AK,AAL,WE,Towers with Radar,348,132,38,14,532,0,65,171,2,238,348,197,209,16,770,70,0,70,840
09/25/2020,ANC,AK,AAL,WE,Towers with Radar,339,144,67,10,560,1,68,199,0,268,340,212,266,10,828,20,0,20,848
09/26/2020,ANC,AK,AAL,WE,Towers with Radar,336,77,42,10,465,0,81,273,0,354,336,158,315,10,819,86,0,86,905
09/27/2020,ANC,AK,AAL,WE,Towers with Radar,320,26,17,3,366,0,50,135,1,186,320,76,152,4,552,0,0,0,552
09/28/2020,ANC,AK,AAL,WE,Towers with Radar,336,107,28,2,473,0,61,151,0,212,336,168,179,2,685,54,0,54,739
09/29/2020,ANC,AK,AAL,WE,Towers with Radar,322,88,32,7,449,0,70,258,2,330,322,158,290,9,779,18,0,18,797
09/30/2020,ANC,AK,AAL,WE,Towers with Radar,349,109,33,6,497,0,37,60,0,97,349,146,93,6,594,14,0,14,608
10/01/2020,ANC,AK,AAL,WE,Towers with Radar,353,88,31,6,478,0,37,75,2,114,353,125,106,8,592,0,0,0,592
10/02/2020,ANC,AK,AAL,WE,Towers with Radar,337,88,27,5,457,0,47,93,2,142,337,135,120,7,599,8,0,8,607
10/03/2020,ANC,AK,AAL,WE,Towers with Radar,326,62,27,12,427,0,22,100,3,125,326,84,127,15,552,8,0,8,560
10/04/2020,ANC,AK,AAL,WE,Towers with Radar,250,40,23,1,314,1,24,330,0,355,251,64,353,1,669,80,0,80,749
10/05/2020,ANC,AK,AAL,WE,Towers with Radar,291,91,22,8,412,0,49,314,1,364,291,140,336,9,776,44,0,44,820
10/06/2020,ANC,AK,AAL,WE,Towers with Radar,284,88,32,5,409,0,48,303,3,354,284,136,335,8,763,31,0,31,794
10/07/2020,ANC,AK,AAL,WE,Towers with Radar,312,85,35,6,438,0,41,142,4,187,312,126,177,10,625,28,0,28,653
10/08/2020,ANC,AK,AAL,WE,Towers with Radar,313,95,45,10,463,0,38,173,6,217,313,133,218,16,680,32,0,32,712
10/09/2020,ANC,AK,AAL,WE,Towers with Radar,317,102,39,7,465,0,61,307,2,370,317,163,346,9,835,138,0,138,973
10/10/2020,ANC,AK,AAL,WE,Towers with Radar,305,70,20,7,402,0,29,334,2,365,305,99,354,9,767,42,0,42,809
10/11/2020,ANC,AK,AAL,WE,Towers with Radar,297,34,24,5,360,0,25,197,0,222,297,59,221,5,582,14,0,14,596
10/12/2020,ANC,AK,AAL,WE,Towers with Radar,341,63,29,2,435,0,43,207,1,251,341,106,236,3,686,68,0,68,754
10/13/2020,ANC,AK,AAL,WE,Towers with Radar,329,116,31,7,483,0,40,271,3,314,329,156,302,10,797,32,0,32,829
10/14/2020,ANC,AK,AAL,WE,Towers with Radar,354,138,41,9,542,0,36,114,2,152,354,174,155,11,694,0,0,0,694
10/15/2020,ANC,AK,AAL,WE,Towers with Radar,341,123,49,4,517,0,19,155,0,174,341,142,204,4,691,118,0,118,809
10/16/2020,ANC,AK,AAL,WE,Towers with Radar,359,86,40,4,489,0,35,255,2,292,359,121,295,6,781,64,0,64,845
10/17/2020,ANC,AK,AAL,WE,Towers with Radar,345,60,11,10,426,0,21,252,2,275,345,81,263,12,701,56,0,56,757
10/18/2020,ANC,AK,AAL,WE,Towers with Radar,307,45,21,4,377,0,3,19,0,22,307,48,40,4,399,18,0,18,417
10/19/2020,ANC,AK,AAL,WE,Towers with Radar,361,102,29,7,499,0,13,122,0,135,361,115,151,7,634,59,0,59,693
10/20/2020,ANC,AK,AAL,WE,Towers with Radar,329,88,31,5,453,0,30,169,0,199,329,118,200,5,652,50,0,50,702
10/21/2020,ANC,AK,AAL,WE,Towers with Radar,379,80,19,7,485,0,46,200,2,248,379,126,219,9,733,56,0,56,789
10/22/2020,ANC,AK,AAL,WE,Towers with Radar,362,88,25,7,482,0,32,184,0,216,362,120,209,7,698,54,0,54,752
10/23/2020,ANC,AK,AAL,WE,Towers with Radar,353,66,19,13,451,0,27,143,0,170,353,93,162,13,621,70,0,70,691
10/24/2020,ANC,AK,AAL,WE,Towers with Radar,366,70,22,10,468,1,11,87,0,99,367,81,109,10,567,28,0,28,595
10/25/2020,ANC,AK,AAL,WE,Towers with Radar,310,67,15,2,394,0,1,15,0,16,310,68,30,2,410,4,0,4,414
10/26/2020,ANC,AK,AAL,WE,Towers with Radar,360,110,19,3,492,0,6,9,0,15,360,116,28,3,507,16,0,16,523
10/27/2020,ANC,AK,AAL,WE,Towers with Radar,318,128,56,11,513,0,5,13,1,19,318,133,69,12,532,20,0,20,552
10/28/2020,ANC,AK,AAL,WE,Towers with Radar,368,137,35,10,550,0,1,3,0,4,368,138,38,10,554,0,0,0,554
10/29/2020,ANC,AK,AAL,WE,Towers with Radar,341,123,51,11,526,0,13,46,0,59,341,136,97,11,585,10,0,10,595
10/30/2020,ANC,AK,AAL,WE,Towers with Radar,342,111,63,18,534,0,23,122,1,146,342,134,185,19,680,26,0,26,706
10/31/2020,ANC,AK,AAL,WE,Towers with Radar,334,58,12,10,414,0,8,93,0,101,334,66,105,10,515,38,0,38,553
11/01/2020,ANC,AK,AAL,WE,Towers with Radar,322,50,11,1,384,0,13,29,0,42,322,63,40,1,426,0,0,0,426
11/02/2020,ANC,AK,AAL,WE,Towers with Radar,382,82,22,7,493,0,20,32,0,52,382,102,54,7,545,6,0,6,551
11/03/2020,ANC,AK,AAL,WE,Towers with Radar,324,83,31,6,444,0,41,94,2,137,324,124,125,8,581,2,0,2,583
11/04/2020,ANC,AK,AAL,WE,Towers with Radar,362,98,31,9,500,0,31,95,0,126,362,129,126,9,626,14,0,14,640
11/05/2020,ANC,AK,AAL,WE,Towers with Radar,343,94,30,5,472,0,16,110,2,128,343,110,140,7,600,18,0,18,618
11/06/2020,ANC,AK,AAL,WE,Towers with Radar,351,125,37,8,521,0,0,0,0,0,351,125,37,8,521,0,0,0,521
11/07/2020,ANC,AK,AAL,WE,Towers with Radar,326,75,14,3,418,0,0,0,0,0,326,75,14,3,418,0,0,0,418
11/08/2020,ANC,AK,AAL,WE,Towers with Radar,288,64,5,5,362,0,0,0,0,0,288,64,5,5,362,0,0,0,362
11/09/2020,ANC,AK,AAL,WE,Towers with Radar,344,90,28,7,469,0,32,51,8,91,344,122,79,15,560,0,0,0,560
11/10/2020,ANC,AK,AAL,WE,Towers with Radar,342,84,31,9,466,0,19,62,2,83,342,103,93,11,549,18,0,18,567
11/11/2020,ANC,AK,AAL,WE,Towers with Radar,367,108,36,11,522,0,17,24,0,41,367,125,60,11,563,2,0,2,565
11/12/2020,ANC,AK,AAL,WE,Towers with Radar,342,118,30,14,504,0,1,0,0,1,342,119,30,14,505,0,0,0,505
11/13/2020,ANC,AK,AAL,WE,Towers with Radar,358,125,41,15,539,0,6,9,0,15,358,131,50,15,554,0,0,0,554
11/14/2020,ANC,AK,AAL,WE,Towers with Radar,349,83,31,16,479,0,0,0,0,0,349,83,31,16,479,0,0,0,479
11/15/2020,ANC,AK,AAL,WE,Towers with Radar,304,54,19,12,389,0,19,172,0,191,304,73,191,12,580,16,0,16,596
11/16/2020,ANC,AK,AAL,WE,Towers with Radar,353,74,34,11,472,0,34,114,2,150,353,108,148,13,622,16,0,16,638
11/17/2020,ANC,AK,AAL,WE,Towers with Radar,330,112,31,7,480,0,19,80,2,101,330,131,111,9,581,11,0,11,592
11/18/2020,ANC,AK,AAL,WE,Towers with Radar,361,122,30,10,523,0,22,63,3,88,361,144,93,13,611,17,0,17,628
11/19/2020,ANC,AK,AAL,WE,Towers with Radar,364,107,29,12,512,0,24,88,2,114,364,131,117,14,626,0,0,0,626
11/20/2020,ANC,AK,AAL,WE,Towers with Radar,338,104,18,7,467,0,26,77,5,108,338,130,95,12,575,25,0,25,600
11/21/2020,ANC,AK,AAL,WE,Towers with Radar,345,55,21,7,428,0,5,13,2,20,345,60,34,9,448,0,0,0,448
11/22/2020,ANC,AK,AAL,WE,Towers with Radar,322,43,10,6,381,0,7,61,0,68,322,50,71,6,449,34,0,34,483
11/23/2020,ANC,AK,AAL,WE,Towers with Radar,325,80,10,9,424,0,15,31,4,50,325,95,41,13,474,4,0,4,478
11/24/2020,ANC,AK,AAL,WE,Towers with Radar,321,120,26,7,474,4,31,153,2,190,325,151,179,9,664,25,0,25,689
11/25/2020,ANC,AK,AAL,WE,Towers with Radar,350,121,19,11,501,0,11,16,1,28,350,132,35,12,529,2,0,2,531
11/26/2020,ANC,AK,AAL,WE,Towers with Radar,292,15,11,0,318,0,9,7,1,17,292,24,18,1,335,0,0,0,335
11/27/2020,ANC,AK,AAL,WE,Towers with Radar,337,105,7,3,452,0,0,12,0,12,337,105,19,3,464,0,0,0,464
11/28/2020,ANC,AK,AAL,WE,Towers with Radar,346,54,8,8,416,0,3,53,0,56,346,57,61,8,472,40,0,40,512
11/29/2020,ANC,AK,AAL,WE,Towers with Radar,309,56,14,10,389,0,6,36,6,48,309,62,50,16,437,36,0,36,473
11/30/2020,ANC,AK,AAL,WE,Towers with Radar,358,91,15,7,471,0,16,58,1,75,358,107,73,8,546,10,0,10,556
12/01/2020,ANC,AK,AAL,WE,Towers with Radar,326,106,21,11,464,0,20,24,1,45,326,126,45,12,509,0,0,0,509
12/02/2020,ANC,AK,AAL,WE,Towers with Radar,353,133,26,8,520,0,5,3,0,8,353,138,29,8,528,6,0,6,534
12/03/2020,ANC,AK,AAL,WE,Towers with Radar,354,149,27,8,538,0,19,20,0,39,354,168,47,8,577,0,0,0,577
12/04/2020,ANC,AK,AAL,WE,Towers with Radar,333,126,18,11,488,0,13,18,2,33,333,139,36,13,521,0,0,0,521
12/05/2020,ANC,AK,AAL,WE,Towers with Radar,340,99,33,10,482,0,11,65,0,76,340,110,98,10,558,12,0,12,570
12/06/2020,ANC,AK,AAL,WE,Towers with Radar,297,40,19,3,359,0,12,37,0,49,297,52,56,3,408,28,0,28,436
12/07/2020,ANC,AK,AAL,WE,Towers with Radar,329,115,25,4,473,0,21,65,0,86,329,136,90,4,559,2,0,2,561
12/08/2020,ANC,AK,AAL,WE,Towers with Radar,300,128,18,6,452,0,7,9,0,16,300,135,27,6,468,0,0,0,468
12/09/2020,ANC,AK,AAL,WE,Towers with Radar,342,129,30,8,509,0,32,90,4,126,342,161,120,12,635,24,0,24,659
12/10/2020,ANC,AK,AAL,WE,Towers with Radar,333,147,29,11,520,0,2,5,0,7,333,149,34,11,527,0,0,0,527
12/11/2020,ANC,AK,AAL,WE,Towers with Radar,323,121,21,9,474,0,23,114,2,139,323,144,135,11,613,50,0,50,663
12/12/2020,ANC,AK,AAL,WE,Towers with Radar,336,85,40,9,470,0,9,101,0,110,336,94,141,9,580,34,20,54,634
12/13/2020,ANC,AK,AAL,WE,Towers with Radar,272,56,11,6,345,0,13,77,2,92,272,69,88,8,437,28,0,28,465
12/14/2020,ANC,AK,AAL,WE,Towers with Radar,327,97,20,5,449,0,24,39,1,64,327,121,59,6,513,0,0,0,513
12/15/2020,ANC,AK,AAL,WE,Towers with Radar,308,156,26,9,499,0,0,8,2,10,308,156,34,11,509,0,0,0,509
12/16/2020,ANC,AK,AAL,WE,Towers with Radar,315,152,36,10,513,0,2,5,0,7,315,154,41,10,520,6,0,6,526
12/17/2020,ANC,AK,AAL,WE,Towers with Radar,308,118,27,8,461,0,18,86,0,104,308,136,113,8,565,0,0,0,565
12/18/2020,ANC,AK,AAL,WE,Towers with Radar,329,157,26,9,521,0,9,79,1,89,329,166,105,10,610,46,0,46,656
12/19/2020,ANC,AK,AAL,WE,Towers with Radar,305,104,20,7,436,0,0,2,0,2,305,104,22,7,438,0,0,0,438
12/20/2020,ANC,AK,AAL,WE,Towers with Radar,255,79,13,2,349,0,6,14,2,22,255,85,27,4,371,6,0,6,377
12/21/2020,ANC,AK,AAL,WE,Towers with Radar,284,134,13,4,435,0,9,22,0,31,284,143,35,4,466,20,0,20,486
12/22/2020,ANC,AK,AAL,WE,Towers with Radar,267,96,14,7,384,0,3,3,0,6,267,99,17,7,390,0,0,0,390
12/23/2020,ANC,AK,AAL,WE,Towers with Radar,297,125,15,14,451,0,16,38,0,54,297,141,53,14,505,0,0,0,505
12/24/2020,ANC,AK,AAL,WE,Towers with Radar,272,127,13,3,415,0,9,45,1,55,272,136,58,4,470,22,0,22,492
12/25/2020,ANC,AK,AAL,WE,Towers with Radar,218,18,3,0,239,0,0,5,0,5,218,18,8,0,244,0,0,0,244
12/26/2020,ANC,AK,AAL,WE,Towers with Radar,294,71,7,8,380,0,1,25,1,27,294,72,32,9,407,140,0,140,547
12/27/2020,ANC,AK,AAL,WE,Towers with Radar,258,48,8,4,318,0,9,45,0,54,258,57,53,4,372,26,0,26,398
12/28/2020,ANC,AK,AAL,WE,Towers with Radar,317,115,29,5,466,0,15,29,0,44,317,130,58,5,510,0,0,0,510
12/29/2020,ANC,AK,AAL,WE,Towers with Radar,291,98,16,6,411,0,35,119,0,154,291,133,135,6,565,15,0,15,580
12/30/2020,ANC,AK,AAL,WE,Towers with Radar,327,118,20,12,477,0,22,39,3,64,327,140,59,15,541,0,0,0,541
12/31/2020,ANC,AK,AAL,WE,Towers with Radar,291,94,22,2,409,0,24,162,1,187,291,118,184,3,596,20,0,20,616
01/01/2021,ANC,AK,AAL,WE,Towers with Radar,246,19,8,0,273,0,4,41,0,45,246,23,49,0,318,0,0,0,318
01/02/2021,ANC,AK,AAL,WE,Towers with Radar,277,86,25,9,397,0,10,45,0,55,277,96,70,9,452,4,0,4,456
01/03/2021,ANC,AK,AAL,WE,Towers with Radar,254,80,18,7,359,0,6,67,0,73,254,86,85,7,432,28,0,28,460
01/04/2021,ANC,AK,AAL,WE,Towers with Radar,272,138,16,3,429,0,15,45,0,60,272,153,61,3,489,18,0,18,507
01/05/2021,ANC,AK,AAL,WE,Towers with Radar,280,115,23,12,430,0,28,92,0,120,280,143,115,12,550,30,0,30,580
01/06/2021,ANC,AK,AAL,WE,Towers with Radar,286,128,24,10,448,0,14,73,0,87,286,142,97,10,535,20,0,20,555
01/07/2021,ANC,AK,AAL,WE,Towers with Radar,326,118,24,9,477,0,22,59,0,81,326,140,83,9,558,10,0,10,568
01/08/2021,ANC,AK,AAL,WE,Towers with Radar,314,116,31,6,467,0,27,115,0,142,314,143,146,6,609,262,0,262,871
01/09/2021,ANC,AK,AAL,WE,Towers with Radar,310,74,13,8,405,0,16,45,2,63,310,90,58,10,468,44,0,44,512
01/10/2021,ANC,AK,AAL,WE,Towers with Radar,284,40,11,2,337,0,18,80,1,99,284,58,91,3,436,36,0,36,472
01/11/2021,ANC,AK,AAL,WE,Towers with Radar,301,98,23,8,430,0,29,82,3,114,301,127,105,11,544,46,0,46,590
01/12/2021,ANC,AK,AAL,WE,Towers with Radar,280,140,24,6,450,0,19,60,2,81,280,159,84,8,531,0,0,0,531
01/13/2021,ANC,AK,AAL,WE,Towers with Radar,312,132,23,7,474,2,26,108,1,137,314,158,131,8,611,12,0,12,623
01/14/2021,ANC,AK,AAL,WE,Towers with Radar,321,104,33,7,465,0,27,53,0,80,321,131,86,7,545,44,0,44,589
01/15/2021,ANC,AK,AAL,WE,Towers with Radar,297,141,28,8,474,0,15,60,0,75,297,156,88,8,549,0,0,0,549
01/16/2021,ANC,AK,AAL,WE,Towers with Radar,307,80,27,8,422,0,7,59,0,66,307,87,86,8,488,42,0,42,530
01/17/2021,ANC,AK,AAL,WE,Towers with Radar,267,77,12,1,357,0,6,44,3,53,267,83,56,4,410,32,0,32,442
01/18/2021,ANC,AK,AAL,WE,Towers with Radar,304,121,14,7,446,0,4,9,0,13,304,125,23,7,459,0,0,0,459
01/19/2021,ANC,AK,AAL,WE,Towers with Radar,286,138,41,16,481,0,23,51,3,77,286,161,92,19,558,0,0,0,558
01/20/2021,ANC,AK,AAL,WE,Towers with Radar,313,125,37,10,485,0,28,56,4,88,313,153,93,14,573,14,0,14,587
01/21/2021,ANC,AK,AAL,WE,Towers with Radar,341,115,18,9,483,0,32,67,3,102,341,147,85,12,585,2,0,2,587
01/22/2021,ANC,AK,AAL,WE,Towers with Radar,311,120,23,9,463,0,17,50,1,68,311,137,73,10,531,4,0,4,535
01/23/2021,ANC,AK,AAL,WE,Towers with Radar,320,91,10,8,429,0,4,32,0,36,320,95,42,8,465,48,0,48,513
01/24/2021,ANC,AK,AAL,WE,Towers with Radar,280,60,8,2,350,0,9,61,0,70,280,69,69,2,420,48,0,48,468
01/25/2021,ANC,AK,AAL,WE,Towers with Radar,327,113,29,8,477,0,18,71,4,93,327,131,100,12,570,14,0,14,584
01/26/2021,ANC,AK,AAL,WE,Towers with Radar,289,120,23,9,441,0,48,169,4,221,289,168,192,13,662,40,0,40,702
01/27/2021,ANC,AK,AAL,WE,Towers with Radar,338,141,46,9,534,0,8,49,1,58,338,149,95,10,592,8,0,8,600
01/28/2021,ANC,AK,AAL,WE,Towers with Radar,331,133,31,9,504,0,12,67,0,79,331,145,98,9,583,46,0,46,629
01/29/2021,ANC,AK,AAL,WE,Towers with Radar,329,101,25,8,463,0,21,113,3,137,329,122,138,11,600,32,0,32,632
01/30/2021,ANC,AK,AAL,WE,Towers with Radar,318,86,17,8,429,0,15,225,2,242,318,101,242,10,671,36,0,36,707
01/31/2021,ANC,AK,AAL,WE,Towers with Radar,273,64,18,0,355,0,25,131,0,156,273,89,149,0,511,31,0,31,542
02/01/2021,ANC,AK,AAL,WE,Towers with Radar,318,86,22,2,428,0,20,60,2,82,318,106,82,4,510,10,0,10,520
02/02/2021,ANC,AK,AAL,WE,Towers with Radar,298,105,18,6,427,0,34,60,2,96,298,139,78,8,523,8,0,8,531
02/03/2021,ANC,AK,AAL,WE,Towers with Radar,329,150,24,8,511,0,0,0,1,1,329,150,24,9,512,0,0,0,512
02/04/2021,ANC,AK,AAL,WE,Towers with Radar,335,145,38,12,530,0,12,50,1,63,335,157,88,13,593,22,0,22,615
02/05/2021,ANC,AK,AAL,WE,Towers with Radar,318,123,41,5,487,0,10,27,0,37,318,133,68,5,524,0,0,0,524
02/06/2021,ANC,AK,AAL,WE,Towers with Radar,325,68,21,10,424,0,2,3,0,5,325,70,24,10,429,0,0,0,429
02/07/2021,ANC,AK,AAL,WE,Towers with Radar,291,57,26,4,378,0,3,12,0,15,291,60,38,4,393,0,0,0,393
02/08/2021,ANC,AK,AAL,WE,Towers with Radar,328,103,20,2,453,0,28,157,8,193,328,131,177,10,646,28,0,28,674
02/09/2021,ANC,AK,AAL,WE,Towers with Radar,297,129,45,11,482,0,8,37,0,45,297,137,82,11,527,2,0,2,529
02/10/2021,ANC,AK,AAL,WE,Towers with Radar,318,118,27,7,470,0,8,47,0,55,318,126,74,7,525,22,0,22,547
02/11/2021,ANC,AK,AAL,WE,Towers with Radar,291,89,9,9,398,0,24,88,2,114,291,113,97,11,512,24,0,24,536
02/12/2021,ANC,AK,AAL,WE,Towers with Radar,320,116,22,9,467,0,24,176,4,204,320,140,198,13,671,27,0,27,698
02/13/2021,ANC,AK,AAL,WE,Towers with Radar,271,65,9,13,358,0,11,135,0,146,271,76,144,13,504,4,0,4,508
02/14/2021,ANC,AK,AAL,WE,Towers with Radar,222,62,15,5,304,0,19,118,2,139,222,81,133,7,443,18,0,18,461
02/15/2021,ANC,AK,AAL,WE,Towers with Radar,272,103,14,4,393,0,17,104,1,122,272,120,118,5,515,8,0,8,523
02/16/2021,ANC,AK,AAL,WE,Towers with Radar,257,119,20,5,401,0,6,12,0,18,257,125,32,5,419,0,0,0,419
02/17/2021,ANC,AK,AAL,WE,Towers with Radar,287,118,16,7,428,0,22,74,4,100,287,140,90,11,528,6,0,6,534
02/18/2021,ANC,AK,AAL,WE,Towers with Radar,295,129,32,7,463,0,2,6,0,8,295,131,38,7,471,0,0,0,471
02/19/2021,ANC,AK,AAL,WE,Towers with Radar,284,108,23,9,424,0,16,111,2,129,284,124,134,11,553,16,0,16,569
02/20/2021,ANC,AK,AAL,WE,Towers with Radar,284,78,8,4,374,0,27,81,1,109,284,105,89,5,483,6,0,6,489
02/21/2021,ANC,AK,AAL,WE,Towers with Radar,238,84,4,1,327,0,20,60,0,80,238,104,64,1,407,2,0,2,409
02/22/2021,ANC,AK,AAL,WE,Towers with Radar,267,94,25,4,390,0,28,85,2,115,267,122,110,6,505,20,0,20,525
02/23/2021,ANC,AK,AAL,WE,Towers with Radar,280,101,16,7,404,0,12,53,0,65,280,113,69,7,469,24,0,24,493
02/24/2021,ANC,AK,AAL,WE,Towers with Radar,302,140,24,9,475,0,1,3,0,4,302,141,27,9,479,0,0,0,479
02/25/2021,ANC,AK,AAL,WE,Towers with Radar,326,112,20,7,465,0,21,114,2,137,326,133,134,9,602,42,0,42,644
02/26/2021,ANC,AK,AAL,WE,Towers with Radar,300,123,24,6,453,0,0,9,0,9,300,123,33,6,462,16,0,16,478
02/27/2021,ANC,AK,AAL,WE,Towers with Radar,314,79,30,6,429,0,0,1,0,1,314,79,31,6,430,0,0,0,430
02/28/2021,ANC,AK,AAL,WE,Towers with Radar,269,48,6,0,323,0,29,82,4,115,269,77,88,4,438,14,0,14,452
03/01/2021,ANC,AK,AAL,WE,Towers with Radar,299,113,18,3,433,0,1,1,0,2,299,114,19,3,435,0,0,0,435
03/02/2021,ANC,AK,AAL,WE,Towers with Radar,317,88,24,9,438,0,35,73,3,111,317,123,97,12,549,15,0,15,564
03/03/2021,ANC,AK,AAL,WE,Towers with Radar,335,114,25,5,479,0,49,172,7,228,335,163,197,12,707,34,0,34,741
03/04/2021,ANC,AK,AAL,WE,Towers with Radar,333,120,28,5,486,0,23,166,1,190,333,143,194,6,676,0,0,0,676
03/05/2021,ANC,AK,AAL,WE,Towers with Radar,316,129,58,9,512,0,10,114,4,128,316,139,172,13,640,63,0,63,703
03/06/2021,ANC,AK,AAL,WE,Towers with Radar,325,88,18,8,439,22,28,119,2,171,347,116,137,10,610,42,0,42,652
03/07/2021,ANC,AK,AAL,WE,Towers with Radar,280,62,14,4,360,0,30,268,0,298,280,92,282,4,658,22,0,22,680
03/08/2021,ANC,AK,AAL,WE,Towers with Radar,301,107,28,3,439,0,49,225,2,276,301,156,253,5,715,18,0,18,733
03/09/2021,ANC,AK,AAL,WE,Towers with Radar,307,145,33,8,493,0,11,66,1,78,307,156,99,9,571,80,0,80,651
03/10/2021,ANC,AK,AAL,WE,Towers with Radar,347,130,28,11,516,0,7,12,0,19,347,137,40,11,535,0,0,0,535
03/11/2021,ANC,AK,AAL,WE,Towers with Radar,350,125,24,4,503,0,17,49,0,66,350,142,73,4,569,0,0,0,569
03/12/2021,ANC,AK,AAL,WE,Towers with Radar,327,95,20,15,457,0,38,194,3,235,327,133,214,18,692,20,0,20,712
03/13/2021,ANC,AK,AAL,WE,Towers with Radar,341,75,18,9,443,0,19,190,2,211,341,94,208,11,654,16,0,16,670
03/14/2021,ANC,AK,AAL,WE,Towers with Radar,268,76,19,4,367,0,9,92,1,102,268,85,111,5,469,18,0,18,487
03/15/2021,ANC,AK,AAL,WE,Towers with Radar,312,126,34,2,474,0,0,0,0,0,312,126,34,2,474,0,0,0,474
03/16/2021,ANC,AK,AAL,WE,Towers with Radar,335,148,44,10,537,0,25,89,0,114,335,173,133,10,651,20,0,20,671
03/17/2021,ANC,AK,AAL,WE,Towers with Radar,336,126,34,5,501,0,50,207,5,262,336,176,241,10,763,30,0,30,793
03/18/2021,ANC,AK,AAL,WE,Towers with Radar,363,115,22,9,509,0,13,104,2,119,363,128,126,11,628,16,0,16,644
03/19/2021,ANC,AK,AAL,WE,Towers with Radar,340,108,32,8,488,0,42,201,6,249,340,150,233,14,737,12,0,12,749
03/20/2021,ANC,AK,AAL,WE,Towers with Radar,342,77,17,8,444,0,21,113,0,134,342,98,130,8,578,92,0,92,670
03/21/2021,ANC,AK,AAL,WE,Towers with Radar,282,50,19,3,354,0,29,189,2,220,282,79,208,5,574,26,0,26,600
03/22/2021,ANC,AK,AAL,WE,Towers with Radar,333,105,24,10,472,0,14,171,2,187,333,119,195,12,659,8,0,8,667
03/23/2021,ANC,AK,AAL,WE,Towers with Radar,302,125,30,2,459,0,45,164,6,215,302,170,194,8,674,26,0,26,700
03/24/2021,ANC,AK,AAL,WE,Towers with Radar,331,143,28,5,507,0,40,111,2,153,331,183,139,7,660,20,0,20,680
03/25/2021,ANC,AK,AAL,WE,Towers with Radar,367,148,30,9,554,0,1,4,0,5,367,149,34,9,559,0,0,0,559
03/26/2021,ANC,AK,AAL,WE,Towers with Radar,345,124,26,12,507,0,46,141,2,189,345,170,167,14,696,0,0,0,696
03/27/2021,ANC,AK,AAL,WE,Towers with Radar,338,83,17,9,447,0,25,120,2,147,338,108,137,11,594,84,0,84,678
03/28/2021,ANC,AK,AAL,WE,Towers with Radar,287,49,12,0,348,0,11,126,7,144,287,60,138,7,492,12,0,12,504
03/29/2021,ANC,AK,AAL,WE,Towers with Radar,316,124,25,6,471,0,16,22,1,39,316,140,47,7,510,0,0,0,510
03/30/2021,ANC,AK,AAL,WE,Towers with Radar,297,98,37,6,438,0,34,102,7,143,297,132,139,13,581,48,0,48,629
03/31/2021,ANC,AK,AAL,WE,Towers with Radar,362,129,23,11,525,0,39,151,7,197,362,168,174,18,722,70,0,70,792
04/01/2021,ANC,AK,AAL,WE,Towers with Radar,340,120,25,11,496,0,27,93,1,121,340,147,118,12,617,16,0,16,633
04/02/2021,ANC,AK,AAL,WE,Towers with Radar,336,114,26,9,485,0,32,252,5,289,336,146,278,14,774,36,0,36,810
04/03/2021,ANC,AK,AAL,WE,Towers with Radar,313,86,15,12,426,0,10,59,1,70,313,96,74,13,496,28,0,28,524
04/04/2021,ANC,AK,AAL,WE,Towers with Radar,299,59,15,8,381,0,4,21,1,26,299,63,36,9,407,0,0,0,407
04/05/2021,ANC,AK,AAL,WE,Towers with Radar,337,116,27,9,489,0,36,158,0,194,337,152,185,9,683,40,0,40,723
04/06/2021,ANC,AK,AAL,WE,Towers with Radar,303,99,22,8,432,0,37,189,2,228,303,136,211,10,660,46,0,46,706
04/07/2021,ANC,AK,AAL,WE,Towers with Radar,345,117,33,6,501,0,33,174,5,212,345,150,207,11,713,40,0,40,753
04/08/2021,ANC,AK,AAL,WE,Towers with Radar,339,118,24,8,489,0,4,21,0,25,339,122,45,8,514,0,0,0,514
04/09/2021,ANC,AK,AAL,WE,Towers with Radar,355,106,26,11,498,1,9,51,0,61,356,115,77,11,559,14,0,14,573
04/10/2021,ANC,AK,AAL,WE,Towers with Radar,324,80,21,11,436,0,17,139,0,156,324,97,160,11,592,54,0,54,646
04/11/2021,ANC,AK,AAL,WE,Towers with Radar,301,40,10,4,355,0,6,53,0,59,301,46,63,4,414,22,0,22,436
04/12/2021,ANC,AK,AAL,WE,Towers with Radar,357,101,20,9,487,0,24,70,0,94,357,125,90,9,581,92,0,92,673
04/13/2021,ANC,AK,AAL,WE,Towers with Radar,335,113,28,12,488,0,34,96,3,133,335,147,124,15,621,66,0,66,687
04/14/2021,ANC,AK,AAL,WE,Towers with Radar,336,118,30,12,496,0,8,61,1,70,336,126,91,13,566,8,0,8,574
04/15/2021,ANC,AK,AAL,WE,Towers with Radar,337,121,35,8,501,0,23,164,3,190,337,144,199,11,691,72,0,72,763
04/16/2021,ANC,AK,AAL,WE,Towers with Radar,365,114,27,10,516,0,34,236,1,271,365,148,263,11,787,63,0,63,850
04/17/2021,ANC,AK,AAL,WE,Towers with Radar,340,68,16,9,433,0,24,250,0,274,340,92,266,9,707,62,0,62,769
04/18/2021,ANC,AK,AAL,WE,Towers with Radar,291,55,18,1,365,0,1,167,1,169,291,56,185,2,534,26,0,26,560
04/19/2021,ANC,AK,AAL,WE,Towers with Radar,346,89,26,5,466,0,32,186,2,220,346,121,212,7,686,72,0,72,758
04/20/2021,ANC,AK,AAL,WE,Towers with Radar,322,112,28,9,471,0,31,135,2,168,322,143,163,11,639,28,0,28,667
04/21/2021,ANC,AK,AAL,WE,Towers with Radar,351,110,27,6,494,0,25,194,3,222,351,135,221,9,716,70,0,70,786
04/22/2021,ANC,AK,AAL,WE,Towers with Radar,351,123,24,10,508,0,27,219,5,251,351,150,243,15,759,91,0,91,850
04/23/2021,ANC,AK,AAL,WE,Towers with Radar,385,126,16,9,536,0,16,208,4,228,385,142,224,13,764,64,0,64,828
04/24/2021,ANC,AK,AAL,WE,Towers with Radar,354,78,22,10,464,1,11,214,1,227,355,89,236,11,691,170,0,170,861
04/25/2021,ANC,AK,AAL,WE,Towers with Radar,306,63,17,3,389,0,10,221,2,233,306,73,238,5,622,83,0,83,705
04/26/2021,ANC,AK,AAL,WE,Towers with Radar,357,100,20,3,480,0,14,176,2,192,357,114,196,5,672,70,0,70,742
04/27/2021,ANC,AK,AAL,WE,Towers with Radar,340,111,29,9,489,2,15,191,1,209,342,126,220,10,698,18,0,18,716
04/28/2021,ANC,AK,AAL,WE,Towers with Radar,353,128,27,12,520,0,10,149,1,160,353,138,176,13,680,14,0,14,694
04/29/2021,ANC,AK,AAL,WE,Towers with Radar,371,147,38,15,571,0,12,83,0,95,371,159,121,15,666,24,0,24,690
04/30/2021,ANC,AK,AAL,WE,Towers with Radar,361,141,35,6,543,0,31,175,4,210,361,172,210,10,753,26,0,26,779
05/01/2021,ANC,AK,AAL,WE,Towers with Radar,341,96,24,14,475,0,18,242,0,260,341,114,266,14,735,76,0,76,811
05/02/2021,ANC,AK,AAL,WE,Towers with Radar,278,59,23,3,363,0,20,158,3,181,278,79,181,6,544,60,0,60,604
05/03/2021,ANC,AK,AAL,WE,Towers with Radar,332,114,24,6,476,0,17,89,3,109,332,131,113,9,585,0,0,0,585
05/04/2021,ANC,AK,AAL,WE,Towers with Radar,305,130,31,21,487,0,14,69,5,88,305,144,100,26,575,4,0,4,579
05/05/2021,ANC,AK,AAL,WE,Towers with Radar,350,114,14,10,488,0,23,111,2,136,350,137,125,12,624,0,0,0,624
05/06/2021,ANC,AK,AAL,WE,Towers with Radar,373,121,23,11,528,2,36,205,4,247,375,157,228,15,775,56,0,56,831
05/07/2021,ANC,AK,AAL,WE,Towers with Radar,370,135,33,12,550,2,37,201,0,240,372,172,234,12,790,60,0,60,850
05/08/2021,ANC,AK,AAL,WE,Towers with Radar,367,101,22,14,504,2,12,200,0,214,369,113,222,14,718,46,0,46,764
05/09/2021,ANC,AK,AAL,WE,Towers with Radar,324,63,12,6,405,0,10,153,1,164,324,73,165,7,569,52,0,52,621
05/10/2021,ANC,AK,AAL,WE,Towers with Radar,346,112,38,18,514,0,14,158,3,175,346,126,196,21,689,84,0,84,773
05/11/2021,ANC,AK,AAL,WE,Towers with Radar,339,122,37,12,510,0,41,195,2,238,339,163,232,14,748,71,0,71,819
05/12/2021,ANC,AK,AAL,WE,Towers with Radar,361,128,39,16,544,1,42,266,2,311,362,170,305,18,855,58,0,58,913
05/13/2021,ANC,AK,AAL,WE,Towers with Radar,369,126,39,12,546,2,46,316,9,373,371,172,355,21,919,98,0,98,1017
05/14/2021,ANC,AK,AAL,WE,Towers with Radar,368,129,27,10,534,0,41,276,4,321,368,170,303,14,855,74,0,74,929
05/15/2021,ANC,AK,AAL,WE,Towers with Radar,379,97,29,19,524,0,35,237,2,274,379,132,266,21,798,76,0,76,874
05/16/2021,ANC,AK,AAL,WE,Towers with Radar,325,73,19,8,425,0,13,269,1,283,325,86,288,9,708,40,0,40,748
05/17/2021,ANC,AK,AAL,WE,Towers with Radar,363,124,31,9,527,0,57,340,6,403,363,181,371,15,930,70,0,70,1000
05/18/2021,ANC,AK,AAL,WE,Towers with Radar,343,113,29,10,495,2,54,389,3,448,345,167,418,13,943,42,0,42,985
05/19/2021,ANC,AK,AAL,WE,Towers with Radar,368,145,41,10,564,0,45,215,3,263,368,190,256,13,827,34,0,34,861
05/20/2021,ANC,AK,AAL,WE,Towers with Radar,388,125,34,9,556,2,35,177,1,215,390,160,211,10,771,104,0,104,875
05/21/2021,ANC,AK,AAL,WE,Towers with Radar,388,142,39,11,580,1,69,215,0,285,389,211,254,11,865,50,0,50,915
05/22/2021,ANC,AK,AAL,WE,Towers with Radar,420,94,35,6,555,0,31,280,0,311,420,125,315,6,866,26,0,26,892
05/23/2021,ANC,AK,AAL,WE,Towers with Radar,335,55,24,4,418,0,74,424,2,500,335,129,448,6,918,36,0,36,954
05/24/2021,ANC,AK,AAL,WE,Towers with Radar,389,119,28,3,539,0,83,343,4,430,389,202,371,7,969,72,0,72,1041
05/25/2021,ANC,AK,AAL,WE,Towers with Radar,358,125,27,12,522,2,73,407,5,487,360,198,434,17,1009,78,0,78,1087
05/26/2021,ANC,AK,AAL,WE,Towers with Radar,383,137,43,12,575,0,82,434,3,519,383,219,477,15,1094,30,0,30,1124
05/27/2021,ANC,AK,AAL,WE,Towers with Radar,403,152,41,6,602,0,73,274,3,350,403,225,315,9,952,62,0,62,1014
05/28/2021,ANC,AK,AAL,WE,Towers with Radar,396,186,55,9,646,2,43,94,0,139,398,229,149,9,785,22,0,22,807
05/29/2021,ANC,AK,AAL,WE,Towers with Radar,389,103,24,8,524,0,42,76,0,118,389,145,100,8,642,46,0,46,688
05/30/2021,ANC,AK,AAL,WE,Towers with Radar,336,72,24,8,440,0,69,264,6,339,336,141,288,14,779,8,0,8,787
05/31/2021,ANC,AK,AAL,WE,Towers with Radar,362,71,19,9,461,0,96,342,0,438,362,167,361,9,899,44,0,44,943
06/01/2021,ANC,AK,AAL,WE,Towers with Radar,334,142,48,11,535,2,49,137,0,188,336,191,185,11,723,20,0,20,743
06/02/2021,ANC,AK,AAL,WE,Towers with Radar,382,162,51,15,610,4,98,400,4,506,386,260,451,19,1116,92,0,92,1208
06/03/2021,ANC,AK,AAL,WE,Towers with Radar,404,152,54,17,627,0,110,311,1,422,404,262,365,18,1049,60,0,60,1109
06/04/2021,ANC,AK,AAL,WE,Towers with Radar,423,151,39,12,625,4,112,386,6,508,427,263,425,18,1133,70,0,70,1203
06/05/2021,ANC,AK,AAL,WE,Towers with Radar,402,106,26,9,543,2,90,391,0,483,404,196,417,9,1026,108,0,108,1134
06/06/2021,ANC,AK,AAL,WE,Towers with Radar,367,54,23,3,447,0,85,373,3,461,367,139,396,6,908,32,0,32,940
06/07/2021,ANC,AK,AAL,WE,Towers with Radar,396,140,46,3,585,1,106,257,1,365,397,246,303,4,950,14,0,14,964
06/08/2021,ANC,AK,AAL,WE,Towers with Radar,370,137,38,7,552,0,93,197,0,290,370,230,235,7,842,26,0,26,868
06/09/2021,ANC,AK,AAL,WE,Towers with Radar,390,155,44,9,598,1,103,281,2,387,391,258,325,11,985,98,0,98,1083
06/10/2021,ANC,AK,AAL,WE,Towers with Radar,413,137,42,8,600,0,126,340,7,473,413,263,382,15,1073,64,0,64,1137
06/11/2021,ANC,AK,AAL,WE,Towers with Radar,421,156,93,7,677,0,101,431,6,538,421,257,524,13,1215,20,0,20,1235
06/12/2021,ANC,AK,AAL,WE,Towers with Radar,385,116,35,15,551,1,120,427,1,549,386,236,462,16,1100,26,0,26,1126
06/13/2021,ANC,AK,AAL,WE,Towers with Radar,361,86,38,13,498,0,114,377,2,493,361,200,415,15,991,18,0,18,1009
06/14/2021,ANC,AK,AAL,WE,Towers with Radar,400,146,48,9,603,0,109,444,7,560,400,255,492,16,1163,48,0,48,1211
06/15/2021,ANC,AK,AAL,WE,Towers with Radar,375,153,56,9,593,0,142,493,1,636,375,295,549,10,1229,46,0,46,1275
06/16/2021,ANC,AK,AAL,WE,Towers with Radar,400,174,55,12,641,0,119,190,5,314,400,293,245,17,955,64,0,64,1019
06/17/2021,ANC,AK,AAL,WE,Towers with Radar,429,171,50,9,659,0,117,358,3,478,429,288,408,12,1137,14,0,14,1151
06/18/2021,ANC,AK,AAL,WE,Towers with Radar,418,171,49,7,645,0,149,448,3,600,418,320,497,10,1245,18,0,18,1263
06/19/2021,ANC,AK,AAL,WE,Towers with Radar,442,126,39,10,617,0,125,246,4,375,442,251,285,14,992,26,0,26,1018
06/20/2021,ANC,AK,AAL,WE,Towers with Radar,369,100,55,6,530,0,133,305,7,445,369,233,360,13,975,24,0,24,999
06/21/2021,ANC,AK,AAL,WE,Towers with Radar,403,164,54,10,631,0,123,307,5,435,403,287,361,15,1066,64,0,64,1130
06/22/2021,ANC,AK,AAL,WE,Towers with Radar,391,136,54,8,589,2,124,295,6,427,393,260,349,14,1016,10,0,10,1026
06/23/2021,ANC,AK,AAL,WE,Towers with Radar,406,154,48,8,616,1,130,309,5,445,407,284,357,13,1061,75,0,75,1136
06/24/2021,ANC,AK,AAL,WE,Towers with Radar,432,162,62,7,663,0,103,187,2,292,432,265,249,9,955,42,0,42,997
06/25/2021,ANC,AK,AAL,WE,Towers with Radar,431,164,55,7,657,0,146,248,0,394,431,310,303,7,1051,54,0,54,1105
06/26/2021,ANC,AK,AAL,WE,Towers with Radar,426,130,46,9,611,0,144,342,4,490,426,274,388,13,1101,40,0,40,1141
06/27/2021,ANC,AK,AAL,WE,Towers with Radar,358,87,34,8,487,0,120,374,2,496,358,207,408,10,983,26,0,26,1009
06/28/2021,ANC,AK,AAL,WE,Towers with Radar,391,160,56,12,619,0,127,338,3,468,391,287,394,15,1087,40,0,40,1127
06/29/2021,ANC,AK,AAL,WE,Towers with Radar,400,200,220,7,827,1,86,205,3,295,401,286,425,10,1122,50,0,50,1172
06/30/2021,ANC,AK,AAL,WE,Towers with Radar,413,156,59,11,639,1,146,436,2,585,414,302,495,13,1224,43,0,43,1267
07/01/2021,ANC,AK,AAL,WE,Towers with Radar,435,159,54,12,660,0,190,431,3,624,435,349,485,15,1284,86,0,86,1370
07/02/2021,ANC,AK,AAL,WE,Towers with Radar,435,167,54,16,672,1,128,282,4,415,436,295,336,20,1087,56,0,56,1143
07/03/2021,ANC,AK,AAL,WE,Towers with Radar,446,152,40,12,650,0,76,217,1,294,446,228,257,13,944,42,0,42,986
07/04/2021,ANC,AK,AAL,WE,Towers with Radar,364,77,41,13,495,0,118,297,0,415,364,195,338,13,910,20,0,20,930
07/05/2021,ANC,AK,AAL,WE,Towers with Radar,387,133,48,11,579,0,154,323,0,477,387,287,371,11,1056,44,0,44,1100
07/06/2021,ANC,AK,AAL,WE,Towers with Radar,404,168,56,15,643,0,74,122,4,200,404,242,178,19,843,10,0,10,853
07/07/2021,ANC,AK,AAL,WE,Towers with Radar,421,167,43,10,641,0,131,287,6,424,421,298,330,16,1065,42,0,42,1107
07/08/2021,ANC,AK,AAL,WE,Towers with Radar,434,164,55,18,671,0,141,261,5,407,434,305,316,23,1078,20,0,20,1098
07/09/2021,ANC,AK,AAL,WE,Towers with Radar,440,164,65,16,685,2,135,258,4,399,442,299,323,20,1084,20,0,20,1104
07/10/2021,ANC,AK,AAL,WE,Towers with Radar,450,112,42,16,620,0,91,273,2,366,450,203,315,18,986,36,0,36,1022
07/11/2021,ANC,AK,AAL,WE,Towers with Radar,380,94,58,11,543,0,151,341,4,496,380,245,399,15,1039,38,0,38,1077
07/12/2021,ANC,AK,AAL,WE,Towers with Radar,423,153,50,12,638,0,116,337,5,458,423,269,387,17,1096,34,0,34,1130
07/13/2021,ANC,AK,AAL,WE,Towers with Radar,417,148,54,11,630,0,136,296,0,432,417,284,350,11,1062,68,0,68,1130
07/14/2021,ANC,AK,AAL,WE,Towers with Radar,409,168,54,10,641,1,183,421,3,608,410,351,475,13,1249,78,0,78,1327
07/15/2021,ANC,AK,AAL,WE,Towers with Radar,463,158,50,11,682,1,124,443,2,570,464,282,493,13,1252,16,0,16,1268
07/16/2021,ANC,AK,AAL,WE,Towers with Radar,431,161,68,11,671,1,125,451,2,579,432,286,519,13,1250,62,0,62,1312
07/17/2021,ANC,AK,AAL,WE,Towers with Radar,452,123,33,11,619,0,125,412,4,541,452,248,445,15,1160,54,0,54,1214
07/18/2021,ANC,AK,AAL,WE,Towers with Radar,391,80,45,8,524,0,145,342,11,498,391,225,387,19,1022,94,0,94,1116
07/19/2021,ANC,AK,AAL,WE,Towers with Radar,419,162,55,6,642,0,147,294,2,443,419,309,349,8,1085,6,0,6,1091
07/20/2021,ANC,AK,AAL,WE,Towers with Radar,410,176,61,8,655,0,98,256,0,354,410,274,317,8,1009,12,0,12,1021
07/21/2021,ANC,AK,AAL,WE,Towers with Radar,422,188,51,8,669,0,84,128,0,212,422,272,179,8,881,22,0,22,903
07/22/2021,ANC,AK,AAL,WE,Towers with Radar,452,198,70,12,732,2,130,284,4,420,454,328,354,16,1152,4,0,4,1156
07/23/2021,ANC,AK,AAL,WE,Towers with Radar,432,183,59,7,681,0,141,380,4,525,432,324,439,11,1206,64,0,64,1270
07/24/2021,ANC,AK,AAL,WE,Towers with Radar,423,132,44,11,610,0,108,221,3,332,423,240,265,14,942,122,0,122,1064
07/25/2021,ANC,AK,AAL,WE,Towers with Radar,357,96,64,5,522,0,103,321,1,425,357,199,385,6,947,88,0,88,1035
07/26/2021,ANC,AK,AAL,WE,Towers with Radar,425,164,59,5,653,1,209,472,2,684,426,373,531,7,1337,20,0,20,1357
07/27/2021,ANC,AK,AAL,WE,Towers with Radar,414,157,63,6,640,1,158,338,1,498,415,315,401,7,1138,0,0,0,1138
07/28/2021,ANC,AK,AAL,WE,Towers with Radar,407,150,60,4,621,0,129,279,0,408,407,279,339,4,1029,14,0,14,1043
07/29/2021,ANC,AK,AAL,WE,Towers with Radar,442,199,78,11,730,0,103,190,5,298,442,302,268,16,1028,26,0,26,1054
07/30/2021,ANC,AK,AAL,WE,Towers with Radar,435,185,68,7,695,0,138,359,2,499,435,323,427,9,1194,50,0,50,1244
07/31/2021,ANC,AK,AAL,WE,Towers with Radar,435,139,40,11,625,1,162,431,0,594,436,301,471,11,1219,50,0,50,1269
08/01/2021,ANC,AK,AAL,WE,Towers with Radar,395,117,37,1,550,0,150,464,1,615,395,267,501,2,1165,28,0,28,1193
08/02/2021,ANC,AK,AAL,WE,Towers with Radar,391,154,52,1,598,0,163,496,0,659,391,317,548,1,1257,50,0,50,1307
08/03/2021,ANC,AK,AAL,WE,Towers with Radar,401,146,26,8,581,0,169,392,1,562,401,315,418,9,1143,4,0,4,1147
08/04/2021,ANC,AK,AAL,WE,Towers with Radar,410,156,46,6,618,1,132,322,2,457,411,288,368,8,1075,8,0,8,1083
08/05/2021,ANC,AK,AAL,WE,Towers with Radar,429,174,66,6,675,0,102,331,4,437,429,276,397,10,1112,16,0,16,1128
08/06/2021,ANC,AK,AAL,WE,Towers with Radar,430,201,71,9,711,0,118,319,0,437,430,319,390,9,1148,30,0,30,1178
08/07/2021,ANC,AK,AAL,WE,Towers with Radar,421,121,34,11,587,0,133,350,0,483,421,254,384,11,1070,68,0,68,1138
08/08/2021,ANC,AK,AAL,WE,Towers with Radar,402,119,63,5,589,0,71,63,0,134,402,190,126,5,723,10,0,10,733
08/09/2021,ANC,AK,AAL,WE,Towers with Radar,408,135,36,9,588,0,157,295,2,454,408,292,331,11,1042,54,0,54,1096
08/10/2021,ANC,AK,AAL,WE,Towers with Radar,402,182,70,8,662,0,103,201,0,304,402,285,271,8,966,24,0,24,990
08/11/2021,ANC,AK,AAL,WE,Towers with Radar,399,157,48,6,610,1,127,218,0,346,400,284,266,6,956,6,0,6,962
08/12/2021,ANC,AK,AAL,WE,Towers with Radar,428,174,58,6,666,0,108,137,0,245,428,282,195,6,911,16,0,16,927
08/13/2021,ANC,AK,AAL,WE,Towers with Radar,448,172,69,11,700,0,134,438,0,572,448,306,507,11,1272,18,0,18,1290
08/14/2021,ANC,AK,AAL,WE,Towers with Radar,417,119,35,14,585,1,167,407,1,576,418,286,442,15,1161,16,0,16,1177
08/15/2021,ANC,AK,AAL,WE,Towers with Radar,374,103,49,1,527,0,132,429,1,562,374,235,478,2,1089,4,0,4,1093
08/16/2021,ANC,AK,AAL,WE,Towers with Radar,430,142,51,4,627,0,133,222,1,356,430,275,273,5,983,70,0,70,1053
08/17/2021,ANC,AK,AAL,WE,Towers with Radar,395,141,50,3,589,2,125,256,6,389,397,266,306,9,978,52,0,52,1030
08/18/2021,ANC,AK,AAL,WE,Towers with Radar,413,197,83,9,702,0,139,322,5,466,413,336,405,14,1168,32,0,32,1200
08/19/2021,ANC,AK,AAL,WE,Towers with Radar,444,162,46,5,657,0,157,400,3,560,444,319,446,8,1217,10,0,10,1227
08/20/2021,ANC,AK,AAL,WE,Towers with Radar,425,180,61,5,671,0,135,253,0,388,425,315,314,5,1059,72,0,72,1131
08/21/2021,ANC,AK,AAL,WE,Towers with Radar,412,116,38,8,574,0,154,478,0,632,412,270,516,8,1206,50,0,50,1256
08/22/2021,ANC,AK,AAL,WE,Towers with Radar,395,107,66,2,570,0,145,317,2,464,395,252,383,4,1034,30,0,30,1064
08/23/2021,ANC,AK,AAL,WE,Towers with Radar,422,157,54,7,640,0,55,155,4,214,422,212,209,11,854,134,0,134,988
08/24/2021,ANC,AK,AAL,WE,Towers with Radar,406,154,57,4,621,0,94,257,0,351,406,248,314,4,972,120,0,120,1092
08/25/2021,ANC,AK,AAL,WE,Towers with Radar,409,167,49,9,634,0,119,171,1,291,409,286,220,10,925,74,0,74,999
08/26/2021,ANC,AK,AAL,WE,Towers with Radar,431,169,59,4,663,0,128,186,4,318,431,297,245,8,981,34,0,34,1015
08/27/2021,ANC,AK,AAL,WE,Towers with Radar,441,163,68,4,676,0,86,168,0,254,441,249,236,4,930,44,0,44,974
08/28/2021,ANC,AK,AAL,WE,Towers with Radar,427,119,47,11,604,0,125,508,0,633,427,244,555,11,1237,4,0,4,1241
08/29/2021,ANC,AK,AAL,WE,Towers with Radar,382,77,53,5,517,0,134,499,0,633,382,211,552,5,1150,26,0,26,1176
08/30/2021,ANC,AK,AAL,WE,Towers with Radar,427,144,51,7,629,0,129,400,3,532,427,273,451,10,1161,38,0,38,1199
08/31/2021,ANC,AK,AAL,WE,Towers with Radar,410,134,69,7,620,1,136,464,2,603,411,270,533,9,1223,72,0,72,1295
09/01/2021,ANC,AK,AAL,WE,Towers with Radar,397,140,48,9,594,0,101,306,3,410,397,241,354,12,1004,32,0,32,1036
09/02/2021,ANC,AK,AAL,WE,Towers with Radar,431,170,63,8,672,0,91,136,0,227,431,261,199,8,899,30,0,30,929
09/03/2021,ANC,AK,AAL,WE,Towers with Radar,434,154,66,15,669,0,139,319,2,460,434,293,385,17,1129,72,0,72,1201
09/04/2021,ANC,AK,AAL,WE,Towers with Radar,425,149,57,11,642,0,82,197,0,279,425,231,254,11,921,18,0,18,939
09/05/2021,ANC,AK,AAL,WE,Towers with Radar,367,108,47,2,524,0,93,209,0,302,367,201,256,2,826,20,0,20,846
09/06/2021,ANC,AK,AAL,WE,Towers with Radar,386,104,45,2,537,0,138,386,0,524,386,242,431,2,1061,36,0,36,1097
09/07/2021,ANC,AK,AAL,WE,Towers with Radar,418,140,57,4,619,0,94,214,3,311,418,234,271,7,930,18,0,18,948
09/08/2021,ANC,AK,AAL,WE,Towers with Radar,394,141,80,7,622,0,82,174,0,256,394,223,254,7,878,80,0,80,958
09/09/2021,ANC,AK,AAL,WE,Towers with Radar,399,155,53,6,613,0,120,274,5,399,399,275,327,11,1012,28,0,28,1040
09/10/2021,ANC,AK,AAL,WE,Towers with Radar,437,148,62,8,655,0,132,293,3,428,437,280,355,11,1083,26,0,26,1109
09/11/2021,ANC,AK,AAL,WE,Towers with Radar,412,114,47,12,585,0,137,444,3,584,412,251,491,15,1169,48,0,48,1217
09/12/2021,ANC,AK,AAL,WE,Towers with Radar,354,65,37,1,457,0,101,164,0,265,354,166,201,1,722,12,0,12,734
09/13/2021,ANC,AK,AAL,WE,Towers with Radar,363,141,43,0,547,0,61,89,3,153,363,202,132,3,700,28,0,28,728
09/14/2021,ANC,AK,AAL,WE,Towers with Radar,395,144,60,11,610,0,93,213,5,311,395,237,273,16,921,30,0,30,951
09/15/2021,ANC,AK,AAL,WE,Towers with Radar,384,135,45,10,574,0,93,165,6,264,384,228,210,16,838,34,0,34,872
09/16/2021,ANC,AK,AAL,WE,Towers with Radar,418,155,68,14,655,0,67,187,5,259,418,222,255,19,914,88,0,88,1002
09/17/2021,ANC,AK,AAL,WE,Towers with Radar,439,146,61,7,653,0,118,399,4,521,439,264,460,11,1174,52,0,52,1226
09/18/2021,ANC,AK,AAL,WE,Towers with Radar,386,100,39,9,534,0,90,347,3,440,386,190,386,12,974,40,0,40,1014
09/19/2021,ANC,AK,AAL,WE,Towers with Radar,343,62,27,2,434,0,139,428,2,569,343,201,455,4,1003,24,0,24,1027
09/20/2021,ANC,AK,AAL,WE,Towers with Radar,411,116,31,1,559,0,115,223,3,341,411,231,254,4,900,18,0,18,918
09/21/2021,ANC,AK,AAL,WE,Towers with Radar,393,130,47,9,579,0,14,62,2,78,393,144,109,11,657,2,0,2,659
09/22/2021,ANC,AK,AAL,WE,Towers with Radar,398,126,42,6,572,2,127,481,5,615,400,253,523,11,1187,16,0,16,1203
09/23/2021,ANC,AK,AAL,WE,Towers with Radar,422,158,41,5,626,0,78,81,0,159,422,236,122,5,785,50,0,50,835
09/24/2021,ANC,AK,AAL,WE,Towers with Radar,413,173,68,7,661,0,56,42,0,98,413,229,110,7,759,54,0,54,813
09/25/2021,ANC,AK,AAL,WE,Towers with Radar,397,138,116,9,660,0,61,161,1,223,397,199,277,10,883,2,0,2,885
09/26/2021,ANC,AK,AAL,WE,Towers with Radar,342,58,32,3,435,0,100,426,4,530,342,158,458,7,965,38,0,38,1003
09/27/2021,ANC,AK,AAL,WE,Towers with Radar,405,111,30,5,551,0,154,159,2,315,405,265,189,7,866,54,0,54,920
09/28/2021,ANC,AK,AAL,WE,Towers with Radar,407,119,47,14,587,0,68,219,6,293,407,187,266,20,880,28,0,28,908
09/29/2021,ANC,AK,AAL,WE,Towers with Radar,391,124,36,8,559,0,70,341,7,418,391,194,377,15,977,60,0,60,1037
09/30/2021,ANC,AK,AAL,WE,Towers with Radar,409,124,54,5,592,0,45,193,9,247,409,169,247,14,839,6,0,6,845
10/01/2021,ANC,AK,AAL,WE,Towers with Radar,435,129,41,6,611,1,87,172,8,268,436,216,213,14,879,16,0,16,895
10/02/2021,ANC,AK,AAL,WE,Towers with Radar,392,92,25,8,517,0,8,39,0,47,392,100,64,8,564,18,0,18,582
10/03/2021,ANC,AK,AAL,WE,Towers with Radar,338,64,26,2,430,1,36,290,2,329,339,100,316,4,759,12,0,12,771
10/04/2021,ANC,AK,AAL,WE,Towers with Radar,382,101,32,6,521,0,29,272,4,305,382,130,304,10,826,46,0,46,872
10/05/2021,ANC,AK,AAL,WE,Towers with Radar,399,125,28,9,561,0,21,120,6,147,399,146,148,15,708,128,0,128,836
10/06/2021,ANC,AK,AAL,WE,Towers with Radar,373,132,28,6,539,0,19,31,0,50,373,151,59,6,589,2,0,2,591
10/07/2021,ANC,AK,AAL,WE,Towers with Radar,404,134,40,5,583,0,32,125,6,163,404,166,165,11,746,8,0,8,754
10/08/2021,ANC,AK,AAL,WE,Towers with Radar,373,160,41,7,581,0,13,18,1,32,373,173,59,8,613,0,0,0,613
10/09/2021,ANC,AK,AAL,WE,Towers with Radar,362,99,24,7,492,0,3,74,0,77,362,102,98,7,569,60,0,60,629
10/10/2021,ANC,AK,AAL,WE,Towers with Radar,323,61,21,4,409,0,9,264,5,278,323,70,285,9,687,90,0,90,777
10/11/2021,ANC,AK,AAL,WE,Towers with Radar,389,82,27,0,498,0,10,100,0,110,389,92,127,0,608,26,0,26,634
10/12/2021,ANC,AK,AAL,WE,Towers with Radar,370,117,31,7,525,0,29,134,4,167,370,146,165,11,692,4,0,4,696
10/13/2021,ANC,AK,AAL,WE,Towers with Radar,409,123,42,9,583,0,26,189,2,217,409,149,231,11,800,18,0,18,818
10/14/2021,ANC,AK,AAL,WE,Towers with Radar,381,144,45,8,578,0,2,7,0,9,381,146,52,8,587,6,0,6,593
10/15/2021,ANC,AK,AAL,WE,Towers with Radar,426,144,34,6,610,0,17,111,2,130,426,161,145,8,740,70,0,70,810
10/16/2021,ANC,AK,AAL,WE,Towers with Radar,390,78,25,7,500,0,21,136,0,157,390,99,161,7,657,36,0,36,693
10/17/2021,ANC,AK,AAL,WE,Towers with Radar,342,47,10,6,405,0,7,69,1,77,342,54,79,7,482,10,0,10,492
10/18/2021,ANC,AK,AAL,WE,Towers with Radar,395,99,31,2,527,0,21,197,0,218,395,120,228,2,745,58,0,58,803
10/19/2021,ANC,AK,AAL,WE,Towers with Radar,396,117,25,9,547,0,8,69,0,77,396,125,94,9,624,4,0,4,628
10/20/2021,ANC,AK,AAL,WE,Towers with Radar,397,140,18,8,563,0,14,104,2,120,397,154,122,10,683,126,0,126,809
10/21/2021,ANC,AK,AAL,WE,Towers with Radar,400,116,24,5,545,0,11,91,0,102,400,127,115,5,647,28,0,28,675
10/22/2021,ANC,AK,AAL,WE,Towers with Radar,428,131,25,8,592,0,21,132,1,154,428,152,157,9,746,22,0,22,768
10/23/2021,ANC,AK,AAL,WE,Towers with Radar,382,73,16,7,478,0,3,198,0,201,382,76,214,7,679,48,0,48,727
10/24/2021,ANC,AK,AAL,WE,Towers with Radar,350,71,15,3,439,1,7,186,0,194,351,78,201,3,633,44,0,44,677
10/25/2021,ANC,AK,AAL,WE,Towers with Radar,401,125,17,6,549,0,18,123,2,143,401,143,140,8,692,64,0,64,756
10/26/2021,ANC,AK,AAL,WE,Towers with Radar,373,114,22,10,519,0,19,136,3,158,373,133,158,13,677,58,0,58,735
10/27/2021,ANC,AK,AAL,WE,Towers with Radar,392,120,27,9,548,0,22,143,2,167,392,142,170,11,715,16,0,16,731
10/28/2021,ANC,AK,AAL,WE,Towers with Radar,400,146,36,10,592,0,10,22,0,32,400,156,58,10,624,0,0,0,624
10/29/2021,ANC,AK,AAL,WE,Towers with Radar,423,134,23,10,590,0,12,54,1,67,423,146,77,11,657,0,0,0,657
10/30/2021,ANC,AK,AAL,WE,Towers with Radar,384,53,14,9,460,0,4,10,0,14,384,57,24,9,474,0,0,0,474
10/31/2021,ANC,AK,AAL,WE,Towers with Radar,332,58,12,4,406,0,5,32,0,37,332,63,44,4,443,15,0,15,458
11/01/2021,ANC,AK,AAL,WE,Towers with Radar,370,144,25,3,542,0,8,51,2,61,370,152,76,5,603,29,0,29,632
11/02/2021,ANC,AK,AAL,WE,Towers with Radar,363,150,34,10,557,0,0,1,0,1,363,150,35,10,558,12,0,12,570
11/03/2021,ANC,AK,AAL,WE,Towers with Radar,400,135,25,8,568,0,19,101,2,122,400,154,126,10,690,24,0,24,714
11/04/2021,ANC,AK,AAL,WE,Towers with Radar,391,162,27,5,585,0,6,14,0,20,391,168,41,5,605,20,0,20,625
11/05/2021,ANC,AK,AAL,WE,Towers with Radar,408,131,33,8,580,0,5,33,0,38,408,136,66,8,618,10,0,10,628
11/06/2021,ANC,AK,AAL,WE,Towers with Radar,371,112,15,9,507,0,3,28,0,31,371,115,43,9,538,0,0,0,538
11/07/2021,ANC,AK,AAL,WE,Towers with Radar,338,93,11,0,442,0,1,42,0,43,338,94,53,0,485,30,0,30,515
11/08/2021,ANC,AK,AAL,WE,Towers with Radar,398,136,31,5,570,0,9,98,0,107,398,145,129,5,677,62,0,62,739
11/09/2021,ANC,AK,AAL,WE,Towers with Radar,363,136,35,7,541,0,12,92,2,106,363,148,127,9,647,7,0,7,654
11/10/2021,ANC,AK,AAL,WE,Towers with Radar,405,133,26,9,573,0,13,49,2,64,405,146,75,11,637,10,0,10,647
11/11/2021,ANC,AK,AAL,WE,Towers with Radar,379,157,31,8,575,0,0,2,0,2,379,157,33,8,577,0,0,0,577
11/12/2021,ANC,AK,AAL,WE,Towers with Radar,405,154,27,5,591,0,12,10,2,24,405,166,37,7,615,0,0,0,615
11/13/2021,ANC,AK,AAL,WE,Towers with Radar,394,75,21,11,501,0,9,68,0,77,394,84,89,11,578,0,0,0,578
11/14/2021,ANC,AK,AAL,WE,Towers with Radar,318,61,16,2,397,0,7,46,2,55,318,68,62,4,452,6,0,6,458
11/15/2021,ANC,AK,AAL,WE,Towers with Radar,374,142,45,8,569,0,1,3,0,4,374,143,48,8,573,0,0,0,573
11/16/2021,ANC,AK,AAL,WE,Towers with Radar,364,136,25,8,533,0,18,57,2,77,364,154,82,10,610,2,0,2,612
11/17/2021,ANC,AK,AAL,WE,Towers with Radar,384,116,21,8,529,0,10,66,0,76,384,126,87,8,605,6,0,6,611
11/18/2021,ANC,AK,AAL,WE,Towers with Radar,413,122,22,9,566,0,17,68,1,86,413,139,90,10,652,0,0,0,652
11/19/2021,ANC,AK,AAL,WE,Towers with Radar,403,129,24,6,562,0,23,60,3,86,403,152,84,9,648,8,0,8,656
11/20/2021,ANC,AK,AAL,WE,Towers with Radar,382,92,12,9,495,0,10,62,0,72,382,102,74,9,567,0,0,0,567
11/21/2021,ANC,AK,AAL,WE,Towers with Radar,344,54,14,1,413,0,14,63,0,77,344,68,77,1,490,10,0,10,500
11/22/2021,ANC,AK,AAL,WE,Towers with Radar,384,111,25,4,524,0,12,36,1,49,384,123,61,5,573,16,0,16,589
11/23/2021,ANC,AK,AAL,WE,Towers with Radar,383,126,27,7,543,0,16,54,0,70,383,142,81,7,613,22,0,22,635
11/24/2021,ANC,AK,AAL,WE,Towers with Radar,395,158,32,11,596,2,9,61,3,75,397,167,93,14,671,4,0,4,675
11/25/2021,ANC,AK,AAL,WE,Towers with Radar,294,28,13,2,337,0,0,1,0,1,294,28,14,2,338,0,0,0,338
11/26/2021,ANC,AK,AAL,WE,Towers with Radar,390,120,12,7,529,0,15,41,0,56,390,135,53,7,585,0,0,0,585
11/27/2021,ANC,AK,AAL,WE,Towers with Radar,381,76,12,8,477,0,17,40,0,57,381,93,52,8,534,8,0,8,542
11/28/2021,ANC,AK,AAL,WE,Towers with Radar,305,65,16,7,393,0,5,17,0,22,305,70,33,7,415,0,0,0,415
11/29/2021,ANC,AK,AAL,WE,Towers with Radar,361,115,19,6,501,0,15,34,0,49,361,130,53,6,550,6,0,6,556
11/30/2021,ANC,AK,AAL,WE,Towers with Radar,342,133,20,8,503,0,0,3,0,3,342,133,23,8,506,0,0,0,506
12/01/2021,ANC,AK,AAL,WE,Towers with Radar,370,163,28,7,568,0,0,2,0,2,370,163,30,7,570,0,0,0,570
12/02/2021,ANC,AK,AAL,WE,Towers with Radar,396,140,28,10,574,0,27,62,4,93,396,167,90,14,667,4,0,4,671
12/03/2021,ANC,AK,AAL,WE,Towers with Radar,372,158,26,6,562,0,5,28,0,33,372,163,54,6,595,0,0,0,595
12/04/2021,ANC,AK,AAL,WE,Towers with Radar,361,119,25,10,515,0,1,1,0,2,361,120,26,10,517,0,0,0,517
12/05/2021,ANC,AK,AAL,WE,Towers with Radar,317,64,15,4,400,0,7,27,0,34,317,71,42,4,434,20,0,20,454
12/06/2021,ANC,AK,AAL,WE,Towers with Radar,380,135,21,9,545,0,4,24,0,28,380,139,45,9,573,10,0,10,583
12/07/2021,ANC,AK,AAL,WE,Towers with Radar,369,133,24,9,535,0,9,9,0,18,369,142,33,9,553,0,0,0,553
12/08/2021,ANC,AK,AAL,WE,Towers with Radar,410,144,23,10,587,1,27,68,1,97,411,171,91,11,684,24,0,24,708
12/09/2021,ANC,AK,AAL,WE,Towers with Radar,380,149,22,10,561,0,10,14,2,26,380,159,36,12,587,0,0,0,587
12/10/2021,ANC,AK,AAL,WE,Towers with Radar,400,165,36,10,611,0,5,19,0,24,400,170,55,10,635,6,0,6,641
12/11/2021,ANC,AK,AAL,WE,Towers with Radar,369,96,14,11,490,0,5,48,0,53,369,101,62,11,543,0,0,0,543
12/12/2021,ANC,AK,AAL,WE,Towers with Radar,342,79,11,5,437,0,0,21,0,21,342,79,32,5,458,0,0,0,458
12/13/2021,ANC,AK,AAL,WE,Towers with Radar,363,104,24,2,493,0,14,62,6,82,363,118,86,8,575,12,0,12,587
12/14/2021,ANC,AK,AAL,WE,Towers with Radar,363,149,23,10,545,1,15,62,3,81,364,164,85,13,626,2,0,2,628
12/15/2021,ANC,AK,AAL,WE,Towers with Radar,375,140,30,11,556,0,13,34,8,55,375,153,64,19,611,0,0,0,611
12/16/2021,ANC,AK,AAL,WE,Towers with Radar,366,149,22,9,546,0,5,15,0,20,366,154,37,9,566,34,0,34,600
12/17/2021,ANC,AK,AAL,WE,Towers with Radar,375,189,46,13,623,0,4,27,1,32,375,193,73,14,655,44,0,44,699
12/18/2021,ANC,AK,AAL,WE,Towers with Radar,348,122,27,7,504,0,1,15,1,17,348,123,42,8,521,8,0,8,529
12/19/2021,ANC,AK,AAL,WE,Towers with Radar,314,87,18,5,424,0,5,47,0,52,314,92,65,5,476,8,0,8,484
12/20/2021,ANC,AK,AAL,WE,Towers with Radar,330,119,18,8,475,0,0,0,0,0,330,119,18,8,475,0,0,0,475
12/21/2021,ANC,AK,AAL,WE,Towers with Radar,351,167,35,10,563,0,0,0,0,0,351,167,35,10,563,0,0,0,563
12/22/2021,ANC,AK,AAL,WE,Towers with Radar,379,167,30,9,585,0,7,49,2,58,379,174,79,11,643,20,0,20,663
12/23/2021,ANC,AK,AAL,WE,Towers with Radar,360,126,14,11,511,0,30,90,0,120,360,156,104,11,631,14,0,14,645
12/24/2021,ANC,AK,AAL,WE,Towers with Radar,341,104,6,7,458,0,7,69,0,76,341,111,75,7,534,14,0,14,548
12/25/2021,ANC,AK,AAL,WE,Towers with Radar,242,13,3,0,258,0,1,11,0,12,242,14,14,0,270,0,0,0,270
12/26/2021,ANC,AK,AAL,WE,Towers with Radar,257,21,2,2,282,0,0,0,0,0,257,21,2,2,282,0,0,0,282
12/27/2021,ANC,AK,AAL,WE,Towers with Radar,316,122,9,2,449,0,12,64,0,76,316,134,73,2,525,10,0,10,535
12/28/2021,ANC,AK,AAL,WE,Towers with Radar,314,127,13,5,459,0,10,62,0,72,314,137,75,5,531,2,0,2,533
12/29/2021,ANC,AK,AAL,WE,Towers with Radar,356,129,23,6,514,0,8,116,0,124,356,137,139,6,638,22,0,22,660
12/30/2021,ANC,AK,AAL,WE,Towers with Radar,332,136,19,12,499,0,10,123,2,135,332,146,142,14,634,18,0,18,652
12/31/2021,ANC,AK,AAL,WE,Towers with Radar,323,126,14,13,476,0,1,3,0,4,323,127,17,13,480,0,0,0,480
01/01/2022,ANC,AK,AAL,WE,Towers with Radar,245,36,12,0,293,0,1,2,0,3,245,37,14,0,296,0,0,0,296
01/02/2022,ANC,AK,AAL,WE,Towers with Radar,272,31,7,4,314,0,1,6,0,7,272,32,13,4,321,0,0,0,321
01/03/2022,ANC,AK,AAL,WE,Towers with Radar,348,111,18,6,483,0,5,28,0,33,348,116,46,6,516,0,0,0,516
01/04/2022,ANC,AK,AAL,WE,Towers with Radar,303,121,29,9,462,0,10,70,1,81,303,131,99,10,543,10,0,10,553
01/05/2022,ANC,AK,AAL,WE,Towers with Radar,340,129,20,14,503,1,14,71,1,87,341,143,91,15,590,6,0,6,596
01/06/2022,ANC,AK,AAL,WE,Towers with Radar,341,145,43,9,538,0,12,38,2,52,341,157,81,11,590,0,0,0,590
01/07/2022,ANC,AK,AAL,WE,Towers with Radar,350,137,34,13,534,0,8,47,0,55,350,145,81,13,589,6,0,6,595
01/08/2022,ANC,AK,AAL,WE,Towers with Radar,328,92,22,9,451,0,2,17,0,19,328,94,39,9,470,0,0,0,470
01/09/2022,ANC,AK,AAL,WE,Towers with Radar,297,56,8,5,366,0,7,13,0,20,297,63,21,5,386,0,0,0,386
01/10/2022,ANC,AK,AAL,WE,Towers with Radar,348,138,22,7,515,0,6,35,0,41,348,144,57,7,556,6,0,6,562
01/11/2022,ANC,AK,AAL,WE,Towers with Radar,317,162,25,5,509,0,2,5,0,7,317,164,30,5,516,4,0,4,520
01/12/2022,ANC,AK,AAL,WE,Towers with Radar,361,155,31,12,559,0,12,42,0,54,361,167,73,12,613,0,0,0,613
01/13/2022,ANC,AK,AAL,WE,Towers with Radar,345,157,32,7,541,0,8,23,0,31,345,165,55,7,572,0,0,0,572
01/14/2022,ANC,AK,AAL,WE,Towers with Radar,361,132,18,11,522,0,12,60,0,72,361,144,78,11,594,8,0,8,602
01/15/2022,ANC,AK,AAL,WE,Towers with Radar,308,100,12,6,426,0,1,1,0,2,308,101,13,6,428,0,0,0,428
01/16/2022,ANC,AK,AAL,WE,Towers with Radar,293,85,13,7,398,0,5,33,2,40,293,90,46,9,438,26,0,26,464
01/17/2022,ANC,AK,AAL,WE,Towers with Radar,344,136,26,7,513,0,6,17,0,23,344,142,43,7,536,0,0,0,536
01/18/2022,ANC,AK,AAL,WE,Towers with Radar,309,130,32,10,481,0,22,67,0,89,309,152,99,10,570,52,0,52,622
01/19/2022,ANC,AK,AAL,WE,Towers with Radar,350,150,19,12,531,0,1,0,0,1,350,151,19,12,532,2,0,2,534
01/20/2022,ANC,AK,AAL,WE,Towers with Radar,353,126,26,6,511,0,1,4,0,5,353,127,30,6,516,0,0,0,516
01/21/2022,ANC,AK,AAL,WE,Towers with Radar,366,113,19,7,505,0,4,35,0,39,366,117,54,7,544,6,0,6,550
01/22/2022,ANC,AK,AAL,WE,Towers with Radar,326,97,21,7,451,0,8,19,0,27,326,105,40,7,478,8,0,8,486
01/23/2022,ANC,AK,AAL,WE,Towers with Radar,297,82,11,2,392,0,8,20,0,28,297,90,31,2,420,0,0,0,420
01/24/2022,ANC,AK,AAL,WE,Towers with Radar,357,128,23,7,515,0,2,30,5,37,357,130,53,12,552,0,0,0,552
01/25/2022,ANC,AK,AAL,WE,Towers with Radar,317,146,30,10,503,0,7,42,0,49,317,153,72,10,552,8,0,8,560
01/26/2022,ANC,AK,AAL,WE,Towers with Radar,360,164,39,10,573,0,13,90,2,105,360,177,129,12,678,6,0,6,684
01/27/2022,ANC,AK,AAL,WE,Towers with Radar,387,157,21,10,575,0,0,12,0,12,387,157,33,10,587,0,0,0,587
01/28/2022,ANC,AK,AAL,WE,Towers with Radar,354,137,22,11,524,0,8,22,0,30,354,145,44,11,554,0,0,0,554
01/29/2022,ANC,AK,AAL,WE,Towers with Radar,350,83,8,17,458,0,10,104,5,119,350,93,112,22,577,23,0,23,600
01/30/2022,ANC,AK,AAL,WE,Towers with Radar,289,52,9,3,353,0,4,62,0,66,289,56,71,3,419,12,0,12,431
01/31/2022,ANC,AK,AAL,WE,Towers with Radar,342,131,26,6,505,0,17,86,0,103,342,148,112,6,608,48,0,48,656
02/01/2022,ANC,AK,AAL,WE,Towers with Radar,315,118,19,8,460,0,3,19,0,22,315,121,38,8,482,8,0,8,490
02/02/2022,ANC,AK,AAL,WE,Towers with Radar,332,121,15,10,478,1,27,89,3,120,333,148,104,13,598,12,0,12,610
02/03/2022,ANC,AK,AAL,WE,Towers with Radar,307,108,22,9,446,0,4,15,0,19,307,112,37,9,465,0,0,0,465
02/04/2022,ANC,AK,AAL,WE,Towers with Radar,316,133,27,7,483,1,3,16,0,20,317,136,43,7,503,0,0,0,503
02/05/2022,ANC,AK,AAL,WE,Towers with Radar,293,89,23,11,416,0,5,47,0,52,293,94,70,11,468,32,0,32,500
02/06/2022,ANC,AK,AAL,WE,Towers with Radar,254,55,7,3,319,0,9,93,5,107,254,64,100,8,426,26,0,26,452
02/07/2022,ANC,AK,AAL,WE,Towers with Radar,304,94,20,1,419,0,32,71,2,105,304,126,91,3,524,32,0,32,556
02/08/2022,ANC,AK,AAL,WE,Towers with Radar,292,151,17,8,468,0,9,28,2,39,292,160,45,10,507,10,0,10,517
02/09/2022,ANC,AK,AAL,WE,Towers with Radar,330,151,17,7,505,0,5,19,0,24,330,156,36,7,529,0,0,0,529
02/10/2022,ANC,AK,AAL,WE,Towers with Radar,326,123,18,6,473,0,38,119,4,161,326,161,137,10,634,46,0,46,680
02/11/2022,ANC,AK,AAL,WE,Towers with Radar,342,128,25,8,503,0,30,62,2,94,342,158,87,10,597,28,0,28,625
02/12/2022,ANC,AK,AAL,WE,Towers with Radar,305,101,21,10,437,0,0,4,0,4,305,101,25,10,441,0,0,0,441
02/13/2022,ANC,AK,AAL,WE,Towers with Radar,257,68,18,0,343,0,0,2,0,2,257,68,20,0,345,0,0,0,345
02/14/2022,ANC,AK,AAL,WE,Towers with Radar,303,122,19,1,445,0,0,0,0,0,303,122,19,1,445,0,0,0,445
02/15/2022,ANC,AK,AAL,WE,Towers with Radar,302,98,18,8,426,0,0,0,0,0,302,98,18,8,426,0,0,0,426
02/16/2022,ANC,AK,AAL,WE,Towers with Radar,343,145,25,8,521,0,1,1,0,2,343,146,26,8,523,0,0,0,523
02/17/2022,ANC,AK,AAL,WE,Towers with Radar,357,147,30,10,544,0,1,6,0,7,357,148,36,10,551,0,0,0,551
02/18/2022,ANC,AK,AAL,WE,Towers with Radar,362,128,26,14,530,0,14,22,0,36,362,142,48,14,566,0,0,0,566
02/19/2022,ANC,AK,AAL,WE,Towers with Radar,330,76,15,6,427,0,75,50,0,125,330,151,65,6,552,14,0,14,566
02/20/2022,ANC,AK,AAL,WE,Towers with Radar,281,57,18,4,360,0,8,54,0,62,281,65,72,4,422,16,0,16,438
02/21/2022,ANC,AK,AAL,WE,Towers with Radar,313,134,24,2,473,0,0,1,0,1,313,134,25,2,474,10,0,10,484
02/22/2022,ANC,AK,AAL,WE,Towers with Radar,309,118,28,5,460,0,11,93,2,106,309,129,121,7,566,16,0,16,582
02/23/2022,ANC,AK,AAL,WE,Towers with Radar,365,137,28,13,543,0,23,80,1,104,365,160,108,14,647,0,0,0,647
02/24/2022,ANC,AK,AAL,WE,Towers with Radar,339,134,28,11,512,0,19,62,0,81,339,153,90,11,593,8,0,8,601
02/25/2022,ANC,AK,AAL,WE,Towers with Radar,383,113,18,8,522,0,16,29,2,47,383,129,47,10,569,0,0,0,569
02/26/2022,ANC,AK,AAL,WE,Towers with Radar,338,96,18,8,460,0,18,130,0,148,338,114,148,8,608,35,0,35,643
02/27/2022,ANC,AK,AAL,WE,Towers with Radar,291,66,16,5,378,0,20,133,1,154,291,86,149,6,532,4,0,4,536
02/28/2022,ANC,AK,AAL,WE,Towers with Radar,349,110,27,5,491,0,18,110,4,132,349,128,137,9,623,24,0,24,647
03/01/2022,ANC,AK,AAL,WE,Towers with Radar,349,111,29,11,500,0,25,120,2,147,349,136,149,13,647,16,0,16,663
03/02/2022,ANC,AK,AAL,WE,Towers with Radar,373,134,27,12,546,0,32,119,0,151,373,166,146,12,697,34,0,34,731
03/03/2022,ANC,AK,AAL,WE,Towers with Radar,356,115,33,9,513,0,29,59,0,88,356,144,92,9,601,4,0,4,605
03/04/2022,ANC,AK,AAL,WE,Towers with Radar,351,134,30,8,523,0,11,53,0,64,351,145,83,8,587,0,0,0,587
03/05/2022,ANC,AK,AAL,WE,Towers with Radar,317,77,27,6,427,0,1,0,0,1,317,78,27,6,428,0,0,0,428
03/06/2022,ANC,AK,AAL,WE,Towers with Radar,318,77,30,3,428,0,69,169,0,238,318,146,199,3,666,16,0,16,682
03/07/2022,ANC,AK,AAL,WE,Towers with Radar,344,102,22,3,471,0,56,186,3,245,344,158,208,6,716,38,0,38,754
03/08/2022,ANC,AK,AAL,WE,Towers with Radar,337,115,26,13,491,0,50,178,4,232,337,165,204,17,723,32,0,32,755
03/09/2022,ANC,AK,AAL,WE,Towers with Radar,379,156,28,8,571,0,0,1,0,1,379,156,29,8,572,10,0,10,582
03/10/2022,ANC,AK,AAL,WE,Towers with Radar,354,144,36,7,541,0,5,29,0,34,354,149,65,7,575,0,0,0,575
03/11/2022,ANC,AK,AAL,WE,Towers with Radar,369,154,37,12,572,0,14,41,0,55,369,168,78,12,627,4,0,4,631
03/12/2022,ANC,AK,AAL,WE,Towers with Radar,359,89,23,11,482,0,32,117,0,149,359,121,140,11,631,44,0,44,675
03/13/2022,ANC,AK,AAL,WE,Towers with Radar,298,61,14,4,377,0,16,55,2,73,298,77,69,6,450,2,0,2,452
03/14/2022,ANC,AK,AAL,WE,Towers with Radar,360,113,23,13,509,0,39,175,4,218,360,152,198,17,727,6,0,6,733
03/15/2022,ANC,AK,AAL,WE,Towers with Radar,340,130,29,17,516,0,35,171,7,213,340,165,200,24,729,16,0,16,745
03/16/2022,ANC,AK,AAL,WE,Towers with Radar,377,138,27,18,560,0,35,76,4,115,377,173,103,22,675,10,0,10,685
03/17/2022,ANC,AK,AAL,WE,Towers with Radar,375,157,34,13,579,0,9,11,0,20,375,166,45,13,599,0,0,0,599
03/18/2022,ANC,AK,AAL,WE,Towers with Radar,345,127,25,13,510,0,35,145,1,181,345,162,170,14,691,30,0,30,721
03/19/2022,ANC,AK,AAL,WE,Towers with Radar,342,98,14,6,460,0,31,156,0,187,342,129,170,6,647,44,0,44,691
03/20/2022,ANC,AK,AAL,WE,Towers with Radar,297,84,29,5,415,0,24,197,0,221,297,108,226,5,636,24,0,24,660
03/21/2022,ANC,AK,AAL,WE,Towers with Radar,355,137,26,20,538,0,47,164,4,215,355,184,190,24,753,30,0,30,783
03/22/2022,ANC,AK,AAL,WE,Towers with Radar,330,139,14,23,506,0,24,94,0,118,330,163,108,23,624,4,0,4,628
03/23/2022,ANC,AK,AAL,WE,Towers with Radar,354,142,21,20,537,0,24,110,2,136,354,166,131,22,673,8,0,8,681
03/24/2022,ANC,AK,AAL,WE,Towers with Radar,362,128,21,15,526,0,10,63,0,73,362,138,84,15,599,40,0,40,639
03/25/2022,ANC,AK,AAL,WE,Towers with Radar,366,153,28,7,554,0,36,147,2,185,366,189,175,9,739,38,0,38,777
03/26/2022,ANC,AK,AAL,WE,Towers with Radar,353,101,18,12,484,0,22,169,1,192,353,123,187,13,676,6,0,6,682
03/27/2022,ANC,AK,AAL,WE,Towers with Radar,288,41,7,4,340,0,24,119,0,143,288,65,126,4,483,24,0,24,507
03/28/2022,ANC,AK,AAL,WE,Towers with Radar,334,131,23,6,494,0,29,80,3,112,334,160,103,9,606,10,0,10,616
03/29/2022,ANC,AK,AAL,WE,Towers with Radar,342,133,18,6,499,0,37,147,5,189,342,170,165,11,688,70,0,70,758
03/30/2022,ANC,AK,AAL,WE,Towers with Radar,366,146,30,11,553,0,65,131,6,202,366,211,161,17,755,20,0,20,775
03/31/2022,ANC,AK,AAL,WE,Towers with Radar,342,133,22,12,509,0,30,116,2,148,342,163,138,14,657,32,0,32,689
04/01/2022,ANC,AK,AAL,WE,Towers with Radar,345,141,20,13,519,0,18,104,4,126,345,159,124,17,645,38,0,38,683
04/02/2022,ANC,AK,AAL,WE,Towers with Radar,345,100,15,17,477,0,25,167,2,194,345,125,182,19,671,24,0,24,695
04/03/2022,ANC,AK,AAL,WE,Towers with Radar,305,61,16,5,387,0,16,175,6,197,305,77,191,11,584,30,0,30,614
04/04/2022,ANC,AK,AAL,WE,Towers with Radar,349,132,21,8,510,0,17,61,0,78,349,149,82,8,588,22,0,22,610
04/05/2022,ANC,AK,AAL,WE,Towers with Radar,336,151,18,12,517,0,13,36,0,49,336,164,54,12,566,24,0,24,590
04/06/2022,ANC,AK,AAL,WE,Towers with Radar,375,147,28,11,561,0,25,72,6,103,375,172,100,17,664,50,0,50,714
04/07/2022,ANC,AK,AAL,WE,Towers with Radar,357,144,25,11,537,0,32,156,3,191,357,176,181,14,728,14,0,14,742
04/08/2022,ANC,AK,AAL,WE,Towers with Radar,360,178,38,10,586,0,13,36,0,49,360,191,74,10,635,42,0,42,677
04/09/2022,ANC,AK,AAL,WE,Towers with Radar,336,100,20,6,462,0,22,168,0,190,336,122,188,6,652,24,0,24,676
04/10/2022,ANC,AK,AAL,WE,Towers with Radar,306,67,17,2,392,0,17,143,0,160,306,84,160,2,552,16,0,16,568
04/11/2022,ANC,AK,AAL,WE,Towers with Radar,361,126,20,5,512,0,27,198,2,227,361,153,218,7,739,34,0,34,773
04/12/2022,ANC,AK,AAL,WE,Towers with Radar,352,137,22,9,520,0,33,182,2,217,352,170,204,11,737,36,0,36,773
04/13/2022,ANC,AK,AAL,WE,Towers with Radar,385,164,29,10,588,0,25,164,2,191,385,189,193,12,779,48,0,48,827
04/14/2022,ANC,AK,AAL,WE,Towers with Radar,367,125,38,10,540,0,30,228,2,260,367,155,266,12,800,36,0,36,836
04/15/2022,ANC,AK,AAL,WE,Towers with Radar,378,150,35,10,573,0,37,134,3,174,378,187,169,13,747,26,0,26,773
04/16/2022,ANC,AK,AAL,WE,Towers with Radar,343,117,19,7,486,0,26,140,1,167,343,143,159,8,653,0,0,0,653
04/17/2022,ANC,AK,AAL,WE,Towers with Radar,301,58,9,3,371,0,16,81,2,99,301,74,90,5,470,0,0,0,470
04/18/2022,ANC,AK,AAL,WE,Towers with Radar,343,121,26,6,496,0,32,161,2,195,343,153,187,8,691,110,0,110,801
04/19/2022,ANC,AK,AAL,WE,Towers with Radar,349,146,36,6,537,0,24,170,0,194,349,170,206,6,731,17,0,17,748
04/20/2022,ANC,AK,AAL,WE,Towers with Radar,392,162,34,8,596,0,50,169,0,219,392,212,203,8,815,50,0,50,865
04/21/2022,ANC,AK,AAL,WE,Towers with Radar,390,142,35,9,576,0,56,134,3,193,390,198,169,12,769,116,0,116,885
04/22/2022,ANC,AK,AAL,WE,Towers with Radar,384,172,25,6,587,0,29,40,2,71,384,201,65,8,658,14,0,14,672
04/23/2022,ANC,AK,AAL,WE,Towers with Radar,354,106,21,7,488,0,13,90,3,106,354,119,111,10,594,28,0,28,622
04/24/2022,ANC,AK,AAL,WE,Towers with Radar,326,57,28,2,413,0,27,209,4,240,326,84,237,6,653,16,0,16,669
04/25/2022,ANC,AK,AAL,WE,Towers with Radar,347,128,37,4,516,0,40,123,2,165,347,168,160,6,681,14,0,14,695
04/26/2022,ANC,AK,AAL,WE,Towers with Radar,354,126,27,12,519,0,50,189,1,240,354,176,216,13,759,22,0,22,781
04/27/2022,ANC,AK,AAL,WE,Towers with Radar,383,136,31,7,557,0,49,161,3,213,383,185,192,10,770,32,0,32,802
04/28/2022,ANC,AK,AAL,WE,Towers with Radar,382,145,31,8,566,0,34,136,0,170,382,179,167,8,736,34,0,34,770
04/29/2022,ANC,AK,AAL,WE,Towers with Radar,367,152,30,8,557,0,21,104,1,126,367,173,134,9,683,12,0,12,695
04/30/2022,ANC,AK,AAL,WE,Towers with Radar,341,88,10,7,446,0,18,170,2,190,341,106,180,9,636,8,0,8,644
05/01/2022,ANC,AK,AAL,WE,Towers with Radar,310,82,14,3,409,0,11,100,0,111,310,93,114,3,520,4,0,4,524
05/02/2022,ANC,AK,AAL,WE,Towers with Radar,325,123,38,2,488,0,38,43,0,81,325,161,81,2,569,0,0,0,569
05/03/2022,ANC,AK,AAL,WE,Towers with Radar,340,161,39,8,548,0,43,75,3,121,340,204,114,11,669,28,0,28,697
05/04/2022,ANC,AK,AAL,WE,Towers with Radar,359,151,34,10,554,0,41,76,2,119,359,192,110,12,673,0,0,0,673
05/05/2022,ANC,AK,AAL,WE,Towers with Radar,354,157,26,10,547,0,46,110,7,163,354,203,136,17,710,52,0,52,762
05/06/2022,ANC,AK,AAL,WE,Towers with Radar,367,147,42,9,565,0,67,123,5,195,367,214,165,14,760,94,0,94,854
05/07/2022,ANC,AK,AAL,WE,Towers with Radar,349,98,19,11,477,0,24,83,3,110,349,122,102,14,587,0,0,0,587
05/08/2022,ANC,AK,AAL,WE,Towers with Radar,306,50,18,5,379,0,21,82,0,103,306,71,100,5,482,12,0,12,494
05/09/2022,ANC,AK,AAL,WE,Towers with Radar,367,125,28,7,527,0,36,64,2,102,367,161,92,9,629,0,0,0,629
05/10/2022,ANC,AK,AAL,WE,Towers with Radar,337,140,31,13,521,0,49,37,2,88,337,189,68,15,609,0,0,0,609
05/11/2022,ANC,AK,AAL,WE,Towers with Radar,399,158,35,13,605,1,74,183,2,260,400,232,218,15,865,40,0,40,905
05/12/2022,ANC,AK,AAL,WE,Towers with Radar,398,148,30,14,590,0,44,98,1,143,398,192,128,15,733,0,0,0,733
05/13/2022,ANC,AK,AAL,WE,Towers with Radar,404,170,39,11,624,0,61,76,2,139,404,231,115,13,763,49,0,49,812
05/14/2022,ANC,AK,AAL,WE,Towers with Radar,367,107,20,10,504,0,33,114,0,147,367,140,134,10,651,10,0,10,661
05/15/2022,ANC,AK,AAL,WE,Towers with Radar,306,59,23,7,395,0,34,158,0,192,306,93,181,7,587,22,0,22,609
05/16/2022,ANC,AK,AAL,WE,Towers with Radar,362,128,33,7,530,0,57,189,6,252,362,185,222,13,782,29,0,29,811
05/17/2022,ANC,AK,AAL,WE,Towers with Radar,347,141,31,9,528,0,76,170,7,253,347,217,201,16,781,28,0,28,809
05/18/2022,ANC,AK,AAL,WE,Towers with Radar,415,147,36,10,608,0,85,177,0,262,415,232,213,10,870,6,0,6,876
05/19/2022,ANC,AK,AAL,WE,Towers with Radar,416,136,49,10,611,0,65,117,1,183,416,201,166,11,794,22,0,22,816
05/20/2022,ANC,AK,AAL,WE,Towers with Radar,404,158,29,6,597,0,100,207,4,311,404,258,236,10,908,16,0,16,924
05/21/2022,ANC,AK,AAL,WE,Towers with Radar,380,115,17,9,521,0,68,172,0,240,380,183,189,9,761,28,0,28,789
05/22/2022,ANC,AK,AAL,WE,Towers with Radar,325,82,18,5,430,0,56,252,0,308,325,138,270,5,738,68,0,68,806
05/23/2022,ANC,AK,AAL,WE,Towers with Radar,357,144,41,7,549,0,57,218,1,276,357,201,259,8,825,35,0,35,860
05/24/2022,ANC,AK,AAL,WE,Towers with Radar,379,150,32,14,575,0,48,217,2,267,379,198,249,16,842,33,0,33,875
05/25/2022,ANC,AK,AAL,WE,Towers with Radar,418,178,40,12,648,0,75,279,1,355,418,253,319,13,1003,64,0,64,1067
05/26/2022,ANC,AK,AAL,WE,Towers with Radar,413,137,49,15,614,0,106,324,3,433,413,243,373,18,1047,20,0,20,1067
05/27/2022,ANC,AK,AAL,WE,Towers with Radar,403,165,32,12,612,0,87,352,0,439,403,252,384,12,1051,50,0,50,1101
05/28/2022,ANC,AK,AAL,WE,Towers with Radar,346,111,11,12,480,0,112,289,0,401,346,223,300,12,881,28,0,28,909
05/29/2022,ANC,AK,AAL,WE,Towers with Radar,353,81,18,3,455,0,78,262,0,340,353,159,280,3,795,21,0,21,816
05/30/2022,ANC,AK,AAL,WE,Towers with Radar,351,94,25,2,472,0,99,374,2,475,351,193,399,4,947,10,0,10,957
05/31/2022,ANC,AK,AAL,WE,Towers with Radar,386,146,38,9,579,0,73,294,2,369,386,219,332,11,948,50,0,50,998
06/01/2022,ANC,AK,AAL,WE,Towers with Radar,395,160,41,11,607,0,127,319,2,448,395,287,360,13,1055,32,0,32,1087
06/02/2022,ANC,AK,AAL,WE,Towers with Radar,384,156,40,8,588,0,125,267,3,395,384,281,307,11,983,40,0,40,1023
06/03/2022,ANC,AK,AAL,WE,Towers with Radar,402,159,34,12,607,0,150,377,4,531,402,309,411,16,1138,58,0,58,1196
06/04/2022,ANC,AK,AAL,WE,Towers with Radar,416,113,26,8,563,0,103,278,0,381,416,216,304,8,944,14,0,14,958
06/05/2022,ANC,AK,AAL,WE,Towers with Radar,365,86,35,4,490,6,113,325,0,444,371,199,360,4,934,24,0,24,958
06/06/2022,ANC,AK,AAL,WE,Towers with Radar,414,173,45,13,645,0,128,267,1,396,414,301,312,14,1041,6,0,6,1047
06/07/2022,ANC,AK,AAL,WE,Towers with Radar,403,178,54,10,645,0,109,165,0,274,403,287,219,10,919,72,0,72,991
06/08/2022,ANC,AK,AAL,WE,Towers with Radar,432,175,58,12,677,0,121,340,3,464,432,296,398,15,1141,64,0,64,1205
06/09/2022,ANC,AK,AAL,WE,Towers with Radar,411,159,60,7,637,0,129,199,2,330,411,288,259,9,967,12,0,12,979
06/10/2022,ANC,AK,AAL,WE,Towers with Radar,417,187,67,10,681,0,135,295,2,432,417,322,362,12,1113,64,0,64,1177
06/11/2022,ANC,AK,AAL,WE,Towers with Radar,401,132,51,7,591,0,120,220,0,340,401,252,271,7,931,6,0,6,937
06/12/2022,ANC,AK,AAL,WE,Towers with Radar,390,107,45,5,547,0,128,358,1,487,390,235,403,6,1034,11,0,11,1045
06/13/2022,ANC,AK,AAL,WE,Towers with Radar,410,174,58,6,648,0,109,239,1,349,410,283,297,7,997,44,0,44,1041
06/14/2022,ANC,AK,AAL,WE,Towers with Radar,404,169,48,18,639,20,162,288,8,478,424,331,336,26,1117,38,0,38,1155
06/15/2022,ANC,AK,AAL,WE,Towers with Radar,433,178,58,12,681,0,153,418,9,580,433,331,476,21,1261,54,0,54,1315
06/16/2022,ANC,AK,AAL,WE,Towers with Radar,446,178,56,12,692,0,177,386,3,566,446,355,442,15,1258,38,0,38,1296
06/17/2022,ANC,AK,AAL,WE,Towers with Radar,447,182,52,11,692,0,168,418,2,588,447,350,470,13,1280,16,0,16,1296
06/18/2022,ANC,AK,AAL,WE,Towers with Radar,440,138,55,13,646,0,131,301,0,432,440,269,356,13,1078,20,0,20,1098
06/19/2022,ANC,AK,AAL,WE,Towers with Radar,376,104,53,6,539,0,150,272,1,423,376,254,325,7,962,52,0,52,1014
06/20/2022,ANC,AK,AAL,WE,Towers with Radar,404,151,45,7,607,0,174,311,1,486,404,325,356,8,1093,20,0,20,1113
06/21/2022,ANC,AK,AAL,WE,Towers with Radar,430,160,53,9,652,0,177,329,3,509,430,337,382,12,1161,20,0,20,1181
06/22/2022,ANC,AK,AAL,WE,Towers with Radar,430,168,59,12,669,1,140,318,1,460,431,308,377,13,1129,86,0,86,1215
06/23/2022,ANC,AK,AAL,WE,Towers with Radar,462,184,62,12,720,0,152,363,2,517,462,336,425,14,1237,32,0,32,1269
06/24/2022,ANC,AK,AAL,WE,Towers with Radar,406,186,64,9,665,0,164,390,0,554,406,350,454,9,1219,32,0,32,1251
06/25/2022,ANC,AK,AAL,WE,Towers with Radar,454,212,137,13,816,0,48,112,3,163,454,260,249,16,979,8,0,8,987
06/26/2022,ANC,AK,AAL,WE,Towers with Radar,384,107,65,8,564,0,92,274,0,366,384,199,339,8,930,36,0,36,966
06/27/2022,ANC,AK,AAL,WE,Towers with Radar,409,167,52,13,641,0,179,327,3,509,409,346,379,16,1150,92,0,92,1242
06/28/2022,ANC,AK,AAL,WE,Towers with Radar,421,165,49,11,646,0,167,416,3,586,421,332,465,14,1232,66,0,66,1298
06/29/2022,ANC,AK,AAL,WE,Towers with Radar,429,202,60,12,703,0,127,279,0,406,429,329,339,12,1109,92,0,92,1201
06/30/2022,ANC,AK,AAL,WE,Towers with Radar,448,183,61,11,703,0,197,327,5,529,448,380,388,16,1232,106,0,106,1338
07/01/2022,ANC,AK,AAL,WE,Towers with Radar,415,175,63,11,664,0,179,411,2,592,415,354,474,13,1256,14,0,14,1270
07/02/2022,ANC,AK,AAL,WE,Towers with Radar,428,113,41,13,595,0,147,350,1,498,428,260,391,14,1093,28,0,28,1121
07/03/2022,ANC,AK,AAL,WE,Towers with Radar,406,95,44,8,553,0,141,321,0,462,406,236,365,8,1015,48,0,48,1063
07/04/2022,ANC,AK,AAL,WE,Towers with Radar,422,95,32,0,549,0,145,347,1,493,422,240,379,1,1042,14,0,14,1056
07/05/2022,ANC,AK,AAL,WE,Towers with Radar,396,175,38,13,622,0,181,424,6,611,396,356,462,19,1233,16,0,16,1249
07/06/2022,ANC,AK,AAL,WE,Towers with Radar,429,184,58,13,684,0,176,320,0,496,429,360,378,13,1180,55,0,55,1235
07/07/2022,ANC,AK,AAL,WE,Towers with Radar,432,180,70,15,697,0,124,187,1,312,432,304,257,16,1009,68,0,68,1077
07/08/2022,ANC,AK,AAL,WE,Towers with Radar,427,167,71,15,680,0,176,281,0,457,427,343,352,15,1137,36,0,36,1173
07/09/2022,ANC,AK,AAL,WE,Towers with Radar,429,124,47,15,615,0,166,319,0,485,429,290,366,15,1100,8,0,8,1108
07/10/2022,ANC,AK,AAL,WE,Towers with Radar,391,111,55,19,576,0,171,364,1,536,391,282,419,20,1112,32,0,32,1144
07/11/2022,ANC,AK,AAL,WE,Towers with Radar,408,164,51,13,636,0,139,210,2,351,408,303,261,15,987,28,0,28,1015
07/12/2022,ANC,AK,AAL,WE,Towers with Radar,393,180,55,18,646,0,111,201,0,312,393,291,256,18,958,20,0,20,978
07/13/2022,ANC,AK,AAL,WE,Towers with Radar,410,199,77,14,700,0,150,297,0,447,410,349,374,14,1147,60,0,60,1207
07/14/2022,ANC,AK,AAL,WE,Towers with Radar,442,200,73,10,725,0,116,143,1,260,442,316,216,11,985,56,0,56,1041
07/15/2022,ANC,AK,AAL,WE,Towers with Radar,423,180,60,12,675,0,144,178,0,322,423,324,238,12,997,18,0,18,1015
07/16/2022,ANC,AK,AAL,WE,Towers with Radar,415,150,48,11,624,0,34,49,0,83,415,184,97,11,707,4,0,4,711
07/17/2022,ANC,AK,AAL,WE,Towers with Radar,365,119,74,8,566,0,70,83,1,154,365,189,157,9,720,2,0,2,722
07/18/2022,ANC,AK,AAL,WE,Towers with Radar,402,149,34,15,600,0,145,264,1,410,402,294,298,16,1010,50,0,50,1060
07/19/2022,ANC,AK,AAL,WE,Towers with Radar,402,217,76,11,706,0,78,38,2,118,402,295,114,13,824,2,0,2,826
07/20/2022,ANC,AK,AAL,WE,Towers with Radar,411,206,83,9,709,0,135,188,4,327,411,341,271,13,1036,64,0,64,1100
07/21/2022,ANC,AK,AAL,WE,Towers with Radar,422,200,77,9,708,1,123,174,7,305,423,323,251,16,1013,42,0,42,1055
07/22/2022,ANC,AK,AAL,WE,Towers with Radar,405,198,83,11,697,0,169,242,0,411,405,367,325,11,1108,37,0,37,1145
07/23/2022,ANC,AK,AAL,WE,Towers with Radar,426,125,48,9,608,0,183,293,0,476,426,308,341,9,1084,66,0,66,1150
07/24/2022,ANC,AK,AAL,WE,Towers with Radar,357,104,58,4,523,0,216,404,3,623,357,320,462,7,1146,109,0,109,1255
07/25/2022,ANC,AK,AAL,WE,Towers with Radar,399,167,61,6,633,0,56,46,1,103,399,223,107,7,736,0,0,0,736
07/26/2022,ANC,AK,AAL,WE,Towers with Radar,406,175,56,5,642,2,164,285,2,453,408,339,341,7,1095,18,0,18,1113
07/27/2022,ANC,AK,AAL,WE,Towers with Radar,418,192,70,8,688,0,157,460,6,623,418,349,530,14,1311,12,0,12,1323
07/28/2022,ANC,AK,AAL,WE,Towers with Radar,435,176,55,19,685,0,191,442,8,641,435,367,497,27,1326,19,0,19,1345
07/29/2022,ANC,AK,AAL,WE,Towers with Radar,415,167,48,18,648,0,214,469,6,689,415,381,517,24,1337,18,0,18,1355
07/30/2022,ANC,AK,AAL,WE,Towers with Radar,413,134,58,17,622,0,126,209,1,336,413,260,267,18,958,30,0,30,988
07/31/2022,ANC,AK,AAL,WE,Towers with Radar,359,101,61,9,530,0,185,301,1,487,359,286,362,10,1017,36,0,36,1053
08/01/2022,ANC,AK,AAL,WE,Towers with Radar,385,190,63,11,649,0,90,91,0,181,385,280,154,11,830,6,0,6,836
08/02/2022,ANC,AK,AAL,WE,Towers with Radar,398,167,54,14,633,0,184,258,7,449,398,351,312,21,1082,12,0,12,1094
08/03/2022,ANC,AK,AAL,WE,Towers with Radar,421,164,52,14,651,0,159,533,9,701,421,323,585,23,1352,46,0,46,1398
08/04/2022,ANC,AK,AAL,WE,Towers with Radar,414,138,60,11,623,0,168,288,5,461,414,306,348,16,1084,56,0,56,1140
08/05/2022,ANC,AK,AAL,WE,Towers with Radar,419,182,67,11,679,0,161,108,0,269,419,343,175,11,948,16,0,16,964
08/06/2022,ANC,AK,AAL,WE,Towers with Radar,413,119,52,9,593,0,183,275,2,460,413,302,327,11,1053,26,0,26,1079
08/07/2022,ANC,AK,AAL,WE,Towers with Radar,369,98,63,4,534,0,169,191,3,363,369,267,254,7,897,26,0,26,923
08/08/2022,ANC,AK,AAL,WE,Towers with Radar,411,147,61,7,626,0,84,74,0,158,411,231,135,7,784,2,0,2,786
08/09/2022,ANC,AK,AAL,WE,Towers with Radar,401,147,43,10,601,0,186,201,0,387,401,333,244,10,988,48,0,48,1036
08/10/2022,ANC,AK,AAL,WE,Towers with Radar,414,186,82,11,693,0,200,468,2,670,414,386,550,13,1363,20,0,20,1383
08/11/2022,ANC,AK,AAL,WE,Towers with Radar,427,163,56,11,657,0,182,257,0,439,427,345,313,11,1096,34,0,34,1130
08/12/2022,ANC,AK,AAL,WE,Towers with Radar,409,221,102,12,744,0,128,154,0,282,409,349,256,12,1026,14,0,14,1040
08/13/2022,ANC,AK,AAL,WE,Towers with Radar,404,144,60,7,615,0,41,70,0,111,404,185,130,7,726,2,0,2,728
08/14/2022,ANC,AK,AAL,WE,Towers with Radar,355,79,47,6,487,0,153,284,0,437,355,232,331,6,924,31,0,31,955
08/15/2022,ANC,AK,AAL,WE,Towers with Radar,388,156,51,7,602,0,150,285,3,438,388,306,336,10,1040,68,0,68,1108
08/16/2022,ANC,AK,AAL,WE,Towers with Radar,364,153,59,10,586,0,131,194,2,327,364,284,253,12,913,82,0,82,995
08/17/2022,ANC,AK,AAL,WE,Towers with Radar,393,178,70,9,650,0,103,123,1,227,393,281,193,10,877,44,0,44,921
08/18/2022,ANC,AK,AAL,WE,Towers with Radar,416,157,77,9,659,0,143,200,1,344,416,300,277,10,1003,11,0,11,1014
08/19/2022,ANC,AK,AAL,WE,Towers with Radar,410,189,76,7,682,0,68,90,0,158,410,257,166,7,840,64,0,64,904
08/20/2022,ANC,AK,AAL,WE,Towers with Radar,418,106,61,10,595,0,131,209,0,340,418,237,270,10,935,24,0,24,959
08/21/2022,ANC,AK,AAL,WE,Towers with Radar,347,85,69,4,505,0,139,266,2,407,347,224,335,6,912,6,0,6,918
08/22/2022,ANC,AK,AAL,WE,Towers with Radar,423,162,67,13,665,0,174,190,1,365,423,336,257,14,1030,10,0,10,1040
08/23/2022,ANC,AK,AAL,WE,Towers with Radar,380,157,59,11,607,0,175,283,6,464,380,332,342,17,1071,48,0,48,1119
08/24/2022,ANC,AK,AAL,WE,Towers with Radar,437,179,60,12,688,0,130,267,3,400,437,309,327,15,1088,82,0,82,1170
08/25/2022,ANC,AK,AAL,WE,Towers with Radar,423,182,65,12,682,0,135,245,0,380,423,317,310,12,1062,74,0,74,1136
08/26/2022,ANC,AK,AAL,WE,Towers with Radar,399,205,80,11,695,0,46,89,0,135,399,251,169,11,830,18,0,18,848
08/27/2022,ANC,AK,AAL,WE,Towers with Radar,407,134,52,9,602,0,215,338,1,554,407,349,390,10,1156,40,0,40,1196
08/28/2022,ANC,AK,AAL,WE,Towers with Radar,369,92,49,10,520,0,154,286,0,440,369,246,335,10,960,16,0,16,976
08/29/2022,ANC,AK,AAL,WE,Towers with Radar,412,195,117,6,730,0,112,255,2,369,412,307,372,8,1099,26,0,26,1125
08/30/2022,ANC,AK,AAL,WE,Towers with Radar,380,152,60,14,606,0,204,264,2,470,380,356,324,16,1076,14,0,14,1090
08/31/2022,ANC,AK,AAL,WE,Towers with Radar,410,177,64,11,662,0,85,112,0,197,410,262,176,11,859,26,0,26,885
09/01/2022,ANC,AK,AAL,WE,Towers with Radar,431,175,77,8,691,0,57,183,2,242,431,232,260,10,933,12,0,12,945
09/02/2022,ANC,AK,AAL,WE,Towers with Radar,408,183,84,9,684,0,178,413,0,591,408,361,497,9,1275,41,0,41,1316
09/03/2022,ANC,AK,AAL,WE,Towers with Radar,421,106,57,12,596,0,121,185,0,306,421,227,242,12,902,0,0,0,902
09/04/2022,ANC,AK,AAL,WE,Towers with Radar,365,72,45,3,485,0,140,314,0,454,365,212,359,3,939,4,0,4,943
09/05/2022,ANC,AK,AAL,WE,Towers with Radar,380,112,45,5,542,1,178,427,0,606,381,290,472,5,1148,2,0,2,1150
09/06/2022,ANC,AK,AAL,WE,Towers with Radar,365,144,55,7,571,0,104,196,3,303,365,248,251,10,874,99,0,99,973
09/07/2022,ANC,AK,AAL,WE,Towers with Radar,380,146,61,8,595,0,122,201,0,323,380,268,262,8,918,22,0,22,940
09/08/2022,ANC,AK,AAL,WE,Towers with Radar,394,150,60,8,612,0,11,34,0,45,394,161,94,8,657,0,0,0,657
09/09/2022,ANC,AK,AAL,WE,Towers with Radar,373,137,64,9,583,0,98,114,1,213,373,235,178,10,796,14,0,14,810
09/10/2022,ANC,AK,AAL,WE,Towers with Radar,338,116,57,9,520,0,104,324,2,430,338,220,381,11,950,6,0,6,956
09/11/2022,ANC,AK,AAL,WE,Towers with Radar,309,83,60,3,455,0,94,148,3,245,309,177,208,6,700,8,0,8,708
09/12/2022,ANC,AK,AAL,WE,Towers with Radar,339,132,57,5,533,0,89,173,1,263,339,221,230,6,796,0,0,0,796
09/13/2022,ANC,AK,AAL,WE,Towers with Radar,325,148,73,7,553,0,89,189,1,279,325,237,262,8,832,51,0,51,883
09/14/2022,ANC,AK,AAL,WE,Towers with Radar,373,166,60,10,609,0,140,272,0,412,373,306,332,10,1021,38,0,38,1059
09/15/2022,ANC,AK,AAL,WE,Towers with Radar,387,157,56,11,611,0,92,102,2,196,387,249,158,13,807,6,0,6,813
09/16/2022,ANC,AK,AAL,WE,Towers with Radar,363,152,68,11,594,0,100,216,1,317,363,252,284,12,911,34,0,34,945
09/17/2022,ANC,AK,AAL,WE,Towers with Radar,339,99,47,6,491,0,74,50,0,124,339,173,97,6,615,10,0,10,625
09/18/2022,ANC,AK,AAL,WE,Towers with Radar,303,82,46,8,439,0,117,303,2,422,303,199,349,10,861,4,0,4,865
09/19/2022,ANC,AK,AAL,WE,Towers with Radar,366,134,61,9,570,0,29,57,4,90,366,163,118,13,660,18,0,18,678
09/20/2022,ANC,AK,AAL,WE,Towers with Radar,363,148,78,12,601,0,98,135,1,234,363,246,213,13,835,2,0,2,837
09/21/2022,ANC,AK,AAL,WE,Towers with Radar,377,146,46,10,579,0,110,211,0,321,377,256,257,10,900,10,0,10,910
09/22/2022,ANC,AK,AAL,WE,Towers with Radar,388,165,62,13,628,0,93,185,3,281,388,258,247,16,909,12,0,12,921
09/23/2022,ANC,AK,AAL,WE,Towers with Radar,361,143,51,12,567,0,107,279,0,386,361,250,330,12,953,36,0,36,989
09/24/2022,ANC,AK,AAL,WE,Towers with Radar,375,88,50,13,526,0,73,293,0,366,375,161,343,13,892,46,0,46,938
09/25/2022,ANC,AK,AAL,WE,Towers with Radar,294,67,31,8,400,0,111,291,1,403,294,178,322,9,803,18,0,18,821
09/26/2022,ANC,AK,AAL,WE,Towers with Radar,353,124,46,7,530,0,84,265,8,357,353,208,311,15,887,63,0,63,950
09/27/2022,ANC,AK,AAL,WE,Towers with Radar,355,147,51,9,562,0,84,248,4,336,355,231,299,13,898,34,0,34,932
09/28/2022,ANC,AK,AAL,WE,Towers with Radar,376,142,47,10,575,0,55,104,2,161,376,197,151,12,736,50,0,50,786
09/29/2022,ANC,AK,AAL,WE,Towers with Radar,372,167,54,9,602,0,33,145,2,180,372,200,199,11,782,20,0,20,802
09/30/2022,ANC,AK,AAL,WE,Towers with Radar,365,156,51,7,579,0,55,210,0,265,365,211,261,7,844,22,0,22,866
10/01/2022,ANC,AK,AAL,WE,Towers with Radar,367,98,36,11,512,0,57,241,0,298,367,155,277,11,810,20,0,20,830
10/02/2022,ANC,AK,AAL,WE,Towers with Radar,299,86,33,4,422,0,21,157,0,178,299,107,190,4,600,28,0,28,628
10/03/2022,ANC,AK,AAL,WE,Towers with Radar,338,130,35,9,512,0,38,186,1,225,338,168,221,10,737,16,0,16,753
10/04/2022,ANC,AK,AAL,WE,Towers with Radar,341,131,43,8,523,0,47,174,4,225,341,178,217,12,748,12,0,12,760
10/05/2022,ANC,AK,AAL,WE,Towers with Radar,326,137,39,10,512,0,50,177,4,231,326,187,216,14,743,22,0,22,765
10/06/2022,ANC,AK,AAL,WE,Towers with Radar,298,140,23,6,467,0,41,56,3,100,298,181,79,9,567,12,0,12,579
10/07/2022,ANC,AK,AAL,WE,Towers with Radar,330,148,38,13,529,0,24,124,5,153,330,172,162,18,682,6,0,6,688
10/08/2022,ANC,AK,AAL,WE,Towers with Radar,301,86,23,7,417,0,8,5,1,14,301,94,28,8,431,0,0,0,431
10/09/2022,ANC,AK,AAL,WE,Towers with Radar,281,65,20,4,370,0,15,45,1,61,281,80,65,5,431,0,0,0,431
10/10/2022,ANC,AK,AAL,WE,Towers with Radar,296,115,43,3,457,0,41,79,0,120,296,156,122,3,577,0,0,0,577
10/11/2022,ANC,AK,AAL,WE,Towers with Radar,354,124,39,11,528,0,37,221,9,267,354,161,260,20,795,32,0,32,827
10/12/2022,ANC,AK,AAL,WE,Towers with Radar,387,129,29,11,556,0,55,75,5,135,387,184,104,16,691,70,0,70,761
10/13/2022,ANC,AK,AAL,WE,Towers with Radar,375,132,36,9,552,0,43,209,11,263,375,175,245,20,815,38,0,38,853
10/14/2022,ANC,AK,AAL,WE,Towers with Radar,382,140,42,11,575,0,37,155,3,195,382,177,197,14,770,62,0,62,832
10/15/2022,ANC,AK,AAL,WE,Towers with Radar,371,101,14,11,497,0,14,56,2,72,371,115,70,13,569,22,0,22,591
10/16/2022,ANC,AK,AAL,WE,Towers with Radar,302,67,14,14,397,0,11,108,1,120,302,78,122,15,517,40,0,40,557
10/17/2022,ANC,AK,AAL,WE,Towers with Radar,365,125,23,7,520,0,18,97,5,120,365,143,120,12,640,6,0,6,646
10/18/2022,ANC,AK,AAL,WE,Towers with Radar,346,141,23,18,528,0,39,137,4,180,346,180,160,22,708,6,0,6,714
10/19/2022,ANC,AK,AAL,WE,Towers with Radar,379,157,35,10,581,0,30,132,4,166,379,187,167,14,747,4,0,4,751
10/20/2022,ANC,AK,AAL,WE,Towers with Radar,380,156,39,11,586,0,6,11,1,18,380,162,50,12,604,0,0,0,604
10/21/2022,ANC,AK,AAL,WE,Towers with Radar,380,171,50,7,608,0,14,102,2,118,380,185,152,9,726,26,0,26,752
10/22/2022,ANC,AK,AAL,WE,Towers with Radar,366,103,23,9,501,0,22,115,4,141,366,125,138,13,642,6,0,6,648
10/23/2022,ANC,AK,AAL,WE,Towers with Radar,317,60,14,7,398,0,46,190,0,236,317,106,204,7,634,0,0,0,634
10/24/2022,ANC,AK,AAL,WE,Towers with Radar,340,129,41,10,520,0,22,90,5,117,340,151,131,15,637,18,0,18,655
10/25/2022,ANC,AK,AAL,WE,Towers with Radar,317,121,33,10,481,0,7,68,5,80,317,128,101,15,561,32,0,32,593
10/26/2022,ANC,AK,AAL,WE,Towers with Radar,396,133,34,12,575,0,25,44,7,76,396,158,78,19,651,0,0,0,651
10/27/2022,ANC,AK,AAL,WE,Towers with Radar,381,148,35,11,575,0,26,68,4,98,381,174,103,15,673,0,0,0,673
10/28/2022,ANC,AK,AAL,WE,Towers with Radar,388,128,33,8,557,0,54,116,12,182,388,182,149,20,739,87,0,87,826
10/29/2022,ANC,AK,AAL,WE,Towers with Radar,368,94,18,7,487,0,14,41,1,56,368,108,59,8,543,0,0,0,543
10/30/2022,ANC,AK,AAL,WE,Towers with Radar,308,52,18,6,384,0,15,27,3,45,308,67,45,9,429,0,0,0,429
10/31/2022,ANC,AK,AAL,WE,Towers with Radar,363,114,33,9,519,0,31,95,6,132,363,145,128,15,651,20,0,20,671
11/01/2022,ANC,AK,AAL,WE,Towers with Radar,330,127,25,8,490,0,46,79,4,129,330,173,104,12,619,4,0,4,623
11/02/2022,ANC,AK,AAL,WE,Towers with Radar,378,160,31,11,580,0,0,0,0,0,378,160,31,11,580,0,0,0,580
11/03/2022,ANC,AK,AAL,WE,Towers with Radar,378,147,31,9,565,0,19,20,4,43,378,166,51,13,608,0,0,0,608
11/04/2022,ANC,AK,AAL,WE,Towers with Radar,345,127,35,11,518,0,33,61,5,99,345,160,96,16,617,0,0,0,617
11/05/2022,ANC,AK,AAL,WE,Towers with Radar,344,95,30,10,479,0,13,18,0,31,344,108,48,10,510,18,0,18,528
11/06/2022,ANC,AK,AAL,WE,Towers with Radar,335,59,18,9,421,0,15,55,1,71,335,74,73,10,492,51,0,51,543
11/07/2022,ANC,AK,AAL,WE,Towers with Radar,311,102,21,5,439,0,13,30,0,43,311,115,51,5,482,12,0,12,494
11/08/2022,ANC,AK,AAL,WE,Towers with Radar,328,127,35,14,504,0,33,42,1,76,328,160,77,15,580,2,0,2,582
11/09/2022,ANC,AK,AAL,WE,Towers with Radar,360,144,30,15,549,1,13,28,2,44,361,157,58,17,593,28,0,28,621
11/10/2022,ANC,AK,AAL,WE,Towers with Radar,355,161,44,10,570,0,1,3,0,4,355,162,47,10,574,0,0,0,574
11/11/2022,ANC,AK,AAL,WE,Towers with Radar,365,128,26,7,526,0,20,17,1,38,365,148,43,8,564,2,0,2,566
11/12/2022,ANC,AK,AAL,WE,Towers with Radar,333,89,9,9,440,0,12,29,0,41,333,101,38,9,481,0,0,0,481
11/13/2022,ANC,AK,AAL,WE,Towers with Radar,291,78,26,7,402,0,2,4,0,6,291,80,30,7,408,0,0,0,408
11/14/2022,ANC,AK,AAL,WE,Towers with Radar,366,110,30,8,514,0,26,44,3,73,366,136,74,11,587,0,0,0,587
11/15/2022,ANC,AK,AAL,WE,Towers with Radar,315,136,30,14,495,0,30,89,9,128,315,166,119,23,623,14,0,14,637
11/16/2022,ANC,AK,AAL,WE,Towers with Radar,365,151,31,7,554,0,77,44,4,125,365,228,75,11,679,10,0,10,689
11/17/2022,ANC,AK,AAL,WE,Towers with Radar,359,153,30,5,547,0,36,38,4,78,359,189,68,9,625,0,0,0,625
11/18/2022,ANC,AK,AAL,WE,Towers with Radar,350,127,32,5,514,0,35,122,7,164,350,162,154,12,678,4,0,4,682
11/19/2022,ANC,AK,AAL,WE,Towers with Radar,337,78,13,8,436,0,32,48,0,80,337,110,61,8,516,0,0,0,516
11/20/2022,ANC,AK,AAL,WE,Towers with Radar,300,43,15,7,365,0,8,19,0,27,300,51,34,7,392,0,0,0,392
11/21/2022,ANC,AK,AAL,WE,Towers with Radar,347,111,29,6,493,0,13,23,3,39,347,124,52,9,532,0,0,0,532
11/22/2022,ANC,AK,AAL,WE,Towers with Radar,334,182,31,11,558,0,4,7,0,11,334,186,38,11,569,0,0,0,569
11/23/2022,ANC,AK,AAL,WE,Towers with Radar,372,164,22,11,569,0,19,30,3,52,372,183,52,14,621,6,0,6,627
11/24/2022,ANC,AK,AAL,WE,Towers with Radar,285,44,6,0,335,0,5,3,1,9,285,49,9,1,344,0,0,0,344
11/25/2022,ANC,AK,AAL,WE,Towers with Radar,324,148,21,3,496,1,12,45,0,58,325,160,66,3,554,12,0,12,566
11/26/2022,ANC,AK,AAL,WE,Towers with Radar,353,81,12,9,455,0,14,85,0,99,353,95,97,9,554,16,0,16,570
11/27/2022,ANC,AK,AAL,WE,Towers with Radar,312,57,9,4,382,0,9,16,0,25,312,66,25,4,407,0,0,0,407
11/28/2022,ANC,AK,AAL,WE,Towers with Radar,355,112,27,6,500,0,24,72,3,99,355,136,99,9,599,4,0,4,603
11/29/2022,ANC,AK,AAL,WE,Towers with Radar,323,126,15,8,472,0,44,55,5,104,323,170,70,13,576,4,0,4,580
11/30/2022,ANC,AK,AAL,WE,Towers with Radar,344,136,31,7,518,0,27,29,3,59,344,163,60,10,577,24,0,24,601
12/01/2022,ANC,AK,AAL,WE,Towers with Radar,357,134,28,10,529,0,31,55,3,89,357,165,83,13,618,0,0,0,618
12/02/2022,ANC,AK,AAL,WE,Towers with Radar,349,137,34,2,522,0,38,70,2,110,349,175,104,4,632,0,0,0,632
12/03/2022,ANC,AK,AAL,WE,Towers with Radar,339,126,19,12,496,0,10,57,0,67,339,136,76,12,563,34,0,34,597
12/04/2022,ANC,AK,AAL,WE,Towers with Radar,287,68,19,6,380,0,8,63,0,71,287,76,82,6,451,18,0,18,469
12/05/2022,ANC,AK,AAL,WE,Towers with Radar,335,140,27,8,510,0,0,0,0,0,335,140,27,8,510,0,0,0,510
12/06/2022,ANC,AK,AAL,WE,Towers with Radar,317,149,25,10,501,0,0,3,0,3,317,149,28,10,504,1,0,1,505
12/07/2022,ANC,AK,AAL,WE,Towers with Radar,334,138,24,12,508,0,15,16,4,35,334,153,40,16,543,0,0,0,543
12/08/2022,ANC,AK,AAL,WE,Towers with Radar,349,131,26,15,521,0,44,18,7,69,349,175,44,22,590,0,0,0,590
12/09/2022,ANC,AK,AAL,WE,Towers with Radar,352,130,27,7,516,0,52,87,6,145,352,182,114,13,661,18,0,18,679
12/10/2022,ANC,AK,AAL,WE,Towers with Radar,329,90,16,7,442,0,21,48,2,71,329,111,64,9,513,2,0,2,515
12/11/2022,ANC,AK,AAL,WE,Towers with Radar,247,47,11,4,309,0,0,0,0,0,247,47,11,4,309,0,0,0,309
12/12/2022,ANC,AK,AAL,WE,Towers with Radar,213,91,12,8,324,0,17,15,5,37,213,108,27,13,361,0,0,0,361
12/13/2022,ANC,AK,AAL,WE,Towers with Radar,340,159,39,6,544,0,2,0,0,2,340,161,39,6,546,0,0,0,546
12/14/2022,ANC,AK,AAL,WE,Towers with Radar,311,155,36,12,514,0,2,6,0,8,311,157,42,12,522,0,0,0,522
12/15/2022,ANC,AK,AAL,WE,Towers with Radar,303,140,40,3,486,0,9,8,0,17,303,149,48,3,503,0,0,0,503
12/16/2022,ANC,AK,AAL,WE,Towers with Radar,347,135,32,12,526,0,40,26,4,70,347,175,58,16,596,0,0,0,596
12/17/2022,ANC,AK,AAL,WE,Towers with Radar,310,88,22,11,431,0,0,2,0,2,310,88,24,11,433,0,0,0,433
12/18/2022,ANC,AK,AAL,WE,Towers with Radar,310,65,17,8,400,0,13,18,1,32,310,78,35,9,432,0,0,0,432
12/19/2022,ANC,AK,AAL,WE,Towers with Radar,358,122,25,9,514,0,18,17,4,39,358,140,42,13,553,0,0,0,553
12/20/2022,ANC,AK,AAL,WE,Towers with Radar,318,131,17,6,472,0,34,36,5,75,318,165,53,11,547,8,0,8,555
12/21/2022,ANC,AK,AAL,WE,Towers with Radar,355,116,20,12,503,0,46,29,6,81,355,162,49,18,584,0,0,0,584
12/22/2022,ANC,AK,AAL,WE,Towers with Radar,335,112,26,18,491,0,26,34,8,68,335,138,60,26,559,0,0,0,559
12/23/2022,ANC,AK,AAL,WE,Towers with Radar,179,59,7,3,248,0,12,4,4,20,179,71,11,7,268,0,0,0,268
12/24/2022,ANC,AK,AAL,WE,Towers with Radar,288,92,7,0,387,0,12,9,0,21,288,104,16,0,408,0,0,0,408
12/25/2022,ANC,AK,AAL,WE,Towers with Radar,199,15,4,0,218,0,0,2,0,2,199,15,6,0,220,0,0,0,220
12/26/2022,ANC,AK,AAL,WE,Towers with Radar,268,100,7,8,383,0,15,24,11,50,268,115,31,19,433,10,0,10,443
12/27/2022,ANC,AK,AAL,WE,Towers with Radar,312,141,22,21,496,0,8,21,1,30,312,149,43,22,526,44,0,44,570
12/28/2022,ANC,AK,AAL,WE,Towers with Radar,330,110,21,9,470,0,41,84,6,131,330,151,105,15,601,30,0,30,631
12/29/2022,ANC,AK,AAL,WE,Towers with Radar,332,139,26,9,506,0,41,69,9,119,332,180,95,18,625,20,0,20,645
12/30/2022,ANC,AK,AAL,WE,Towers with Radar,323,117,30,9,479,0,25,50,5,80,323,142,80,14,559,0,0,0,559
12/31/2022,ANC,AK,AAL,WE,Towers with Radar,305,78,8,11,402,0,9,38,0,47,305,87,46,11,449,12,0,12,461
01/01/2023,ANC,AK,AAL,WE,Towers with Radar,217,42,14,0,273,0,1,4,0,5,217,43,18,0,278,0,0,0,278
01/02/2023,ANC,AK,AAL,WE,Towers with Radar,257,91,19,8,375,0,24,17,11,52,257,115,36,19,427,0,0,0,427
01/03/2023,ANC,AK,AAL,WE,Towers with Radar,278,108,24,10,420,0,42,51,6,99,278,150,75,16,519,8,0,8,527
01/04/2023,ANC,AK,AAL,WE,Towers with Radar,312,132,24,5,473,0,47,35,8,90,312,179,59,13,563,4,0,4,567
01/05/2023,ANC,AK,AAL,WE,Towers with Radar,330,122,30,8,490,0,67,55,7,129,330,189,85,15,619,42,0,42,661
01/06/2023,ANC,AK,AAL,WE,Towers with Radar,327,141,32,15,515,0,10,40,1,51,327,151,72,16,566,0,0,0,566
01/07/2023,ANC,AK,AAL,WE,Towers with Radar,306,76,15,4,401,0,15,66,0,81,306,91,81,4,482,10,0,10,492
01/08/2023,ANC,AK,AAL,WE,Towers with Radar,280,67,14,2,363,0,6,13,0,19,280,73,27,2,382,26,0,26,408
01/09/2023,ANC,AK,AAL,WE,Towers with Radar,323,101,17,9,450,0,36,23,11,70,323,137,40,20,520,0,0,0,520
01/10/2023,ANC,AK,AAL,WE,Towers with Radar,289,110,16,9,424,0,36,64,8,108,289,146,80,17,532,36,0,36,568
01/11/2023,ANC,AK,AAL,WE,Towers with Radar,364,142,26,11,543,2,27,40,5,74,366,169,66,16,617,0,0,0,617
01/12/2023,ANC,AK,AAL,WE,Towers with Radar,338,122,24,11,495,0,52,80,8,140,338,174,104,19,635,18,0,18,653
01/13/2023,ANC,AK,AAL,WE,Towers with Radar,323,140,27,11,501,0,39,42,5,86,323,179,69,16,587,0,0,0,587
01/14/2023,ANC,AK,AAL,WE,Towers with Radar,310,93,19,4,426,0,3,35,0,38,310,96,54,4,464,26,0,26,490
01/15/2023,ANC,AK,AAL,WE,Towers with Radar,276,57,14,0,347,0,18,15,2,35,276,75,29,2,382,0,0,0,382
01/16/2023,ANC,AK,AAL,WE,Towers with Radar,331,113,19,2,465,0,32,59,0,91,331,145,78,2,556,24,0,24,580
01/17/2023,ANC,AK,AAL,WE,Towers with Radar,295,134,33,7,469,0,41,57,0,98,295,175,90,7,567,18,0,18,585
01/18/2023,ANC,AK,AAL,WE,Towers with Radar,347,145,30,10,532,0,33,27,2,62,347,178,57,12,594,8,0,8,602
01/19/2023,ANC,AK,AAL,WE,Towers with Radar,339,148,30,12,529,0,34,50,4,88,339,182,80,16,617,28,0,28,645
01/20/2023,ANC,AK,AAL,WE,Towers with Radar,316,165,40,14,535,0,18,18,5,41,316,183,58,19,576,2,0,2,578
01/21/2023,ANC,AK,AAL,WE,Towers with Radar,302,69,16,8,395,0,17,76,2,95,302,86,92,10,490,14,0,14,504
01/22/2023,ANC,AK,AAL,WE,Towers with Radar,230,82,8,0,320,0,10,8,0,18,230,92,16,0,338,0,0,0,338
01/23/2023,ANC,AK,AAL,WE,Towers with Radar,262,131,31,4,428,0,6,4,0,10,262,137,35,4,438,0,0,0,438
01/24/2023,ANC,AK,AAL,WE,Towers with Radar,248,127,20,6,401,0,38,28,3,69,248,165,48,9,470,4,0,4,474
01/25/2023,ANC,AK,AAL,WE,Towers with Radar,272,126,22,8,428,0,38,48,0,86,272,164,70,8,514,10,0,10,524
01/26/2023,ANC,AK,AAL,WE,Towers with Radar,266,131,26,8,431,0,36,48,0,84,266,167,74,8,515,2,0,2,517
01/27/2023,ANC,AK,AAL,WE,Towers with Radar,251,148,35,8,442,0,16,41,10,67,251,164,76,18,509,2,0,2,511
01/28/2023,ANC,AK,AAL,WE,Towers with Radar,237,75,19,5,336,0,14,30,1,45,237,89,49,6,381,16,0,16,397
01/29/2023,ANC,AK,AAL,WE,Towers with Radar,205,61,12,10,288,0,15,5,1,21,205,76,17,11,309,0,0,0,309
01/30/2023,ANC,AK,AAL,WE,Towers with Radar,261,136,44,8,449,0,13,30,3,46,261,149,74,11,495,40,0,40,535
01/31/2023,ANC,AK,AAL,WE,Towers with Radar,231,82,24,2,339,0,0,0,0,0,231,82,24,2,339,0,0,0,339
02/01/2023,ANC,AK,AAL,WE,Towers with Radar,289,192,44,8,533,0,0,0,0,0,289,192,44,8,533,0,0,0,533
02/02/2023,ANC,AK,AAL,WE,Towers with Radar,304,160,56,8,528,0,1,1,0,2,304,161,57,8,530,0,0,0,530
02/03/2023,ANC,AK,AAL,WE,Towers with Radar,285,154,40,11,490,0,0,1,0,1,285,154,41,11,491,0,0,0,491
02/04/2023,ANC,AK,AAL,WE,Towers with Radar,271,75,23,8,377,0,16,46,0,62,271,91,69,8,439,34,0,34,473
02/05/2023,ANC,AK,AAL,WE,Towers with Radar,224,51,19,2,296,0,16,9,1,26,224,67,28,3,322,0,0,0,322
02/06/2023,ANC,AK,AAL,WE,Towers with Radar,290,133,35,7,465,0,10,3,0,13,290,143,38,7,478,0,0,0,478
02/07/2023,ANC,AK,AAL,WE,Towers with Radar,264,149,37,13,463,0,21,9,2,32,264,170,46,15,495,0,0,0,495
02/08/2023,ANC,AK,AAL,WE,Towers with Radar,301,164,28,8,501,0,7,3,0,10,301,171,31,8,511,0,0,0,511
02/09/2023,ANC,AK,AAL,WE,Towers with Radar,322,157,38,9,526,0,7,7,0,14,322,164,45,9,540,0,0,0,540
02/10/2023,ANC,AK,AAL,WE,Towers with Radar,291,133,23,6,453,0,33,12,3,48,291,166,35,9,501,0,0,0,501
02/11/2023,ANC,AK,AAL,WE,Towers with Radar,300,93,16,8,417,0,2,0,0,2,300,95,16,8,419,0,0,0,419
02/12/2023,ANC,AK,AAL,WE,Towers with Radar,243,65,18,2,328,0,1,0,0,1,243,66,18,2,329,0,0,0,329
02/13/2023,ANC,AK,AAL,WE,Towers with Radar,300,117,36,5,458,0,27,12,1,40,300,144,48,6,498,0,0,0,498
02/14/2023,ANC,AK,AAL,WE,Towers with Radar,294,143,30,6,473,0,30,55,4,89,294,173,85,10,562,0,0,0,562
02/15/2023,ANC,AK,AAL,WE,Towers with Radar,328,162,36,10,536,0,31,71,3,105,328,193,107,13,641,2,0,2,643
02/16/2023,ANC,AK,AAL,WE,Towers with Radar,324,156,33,6,519,0,19,17,2,38,324,175,50,8,557,6,0,6,563
02/17/2023,ANC,AK,AAL,WE,Towers with Radar,309,151,22,9,491,0,15,14,0,29,309,166,36,9,520,6,0,6,526
02/18/2023,ANC,AK,AAL,WE,Towers with Radar,313,98,13,9,433,0,3,7,0,10,313,101,20,9,443,8,0,8,451
02/19/2023,ANC,AK,AAL,WE,Towers with Radar,242,70,16,5,333,0,3,54,0,57,242,73,70,5,390,12,0,12,402
02/20/2023,ANC,AK,AAL,WE,Towers with Radar,325,98,37,2,462,0,50,61,0,111,325,148,98,2,573,10,0,10,583
02/21/2023,ANC,AK,AAL,WE,Towers with Radar,287,132,30,6,455,0,90,128,10,228,287,222,158,16,683,40,0,40,723
02/22/2023,ANC,AK,AAL,WE,Towers with Radar,325,123,32,6,486,0,49,79,5,133,325,172,111,11,619,23,0,23,642
02/23/2023,ANC,AK,AAL,WE,Towers with Radar,310,137,32,13,492,0,6,1,0,7,310,143,33,13,499,0,0,0,499
02/24/2023,ANC,AK,AAL,WE,Towers with Radar,305,151,39,11,506,0,13,24,0,37,305,164,63,11,543,12,0,12,555
02/25/2023,ANC,AK,AAL,WE,Towers with Radar,320,79,21,14,434,0,17,65,1,83,320,96,86,15,517,12,0,12,529
02/26/2023,ANC,AK,AAL,WE,Towers with Radar,270,60,19,3,352,0,15,66,2,83,270,75,85,5,435,8,0,8,443
02/27/2023,ANC,AK,AAL,WE,Towers with Radar,316,128,25,7,476,0,72,161,4,237,316,200,186,11,713,28,0,28,741
02/28/2023,ANC,AK,AAL,WE,Towers with Radar,296,106,17,14,433,0,8,12,1,21,296,114,29,15,454,2,0,2,456
03/01/2023,ANC,AK,AAL,WE,Towers with Radar,337,131,18,17,503,0,28,29,4,61,337,159,47,21,564,0,0,0,564
03/02/2023,ANC,AK,AAL,WE,Towers with Radar,346,126,26,13,511,0,61,86,7,154,346,187,112,20,665,8,0,8,673
03/03/2023,ANC,AK,AAL,WE,Towers with Radar,318,122,26,15,481,0,65,107,8,180,318,187,133,23,661,10,0,10,671
03/04/2023,ANC,AK,AAL,WE,Towers with Radar,318,61,13,6,398,0,20,183,7,210,318,81,196,13,608,22,0,22,630
03/05/2023,ANC,AK,AAL,WE,Towers with Radar,288,59,21,9,377,0,39,168,6,213,288,98,189,15,590,39,0,39,629
03/06/2023,ANC,AK,AAL,WE,Towers with Radar,311,109,17,3,440,0,70,161,12,243,311,179,178,15,683,14,0,14,697
03/07/2023,ANC,AK,AAL,WE,Towers with Radar,316,118,23,11,468,0,74,196,7,277,316,192,219,18,745,62,0,62,807
03/08/2023,ANC,AK,AAL,WE,Towers with Radar,337,132,23,14,506,0,49,149,9,207,337,181,172,23,713,18,0,18,731
03/09/2023,ANC,AK,AAL,WE,Towers with Radar,350,124,29,12,515,0,73,124,6,203,350,197,153,18,718,28,0,28,746
03/10/2023,ANC,AK,AAL,WE,Towers with Radar,337,111,24,12,484,0,37,25,12,74,337,148,49,24,558,0,0,0,558
03/11/2023,ANC,AK,AAL,WE,Towers with Radar,346,77,15,11,449,0,35,154,1,190,346,112,169,12,639,8,0,8,647
03/12/2023,ANC,AK,AAL,WE,Towers with Radar,303,55,20,4,382,0,25,153,2,180,303,80,173,6,562,22,0,22,584
03/13/2023,ANC,AK,AAL,WE,Towers with Radar,349,103,24,3,479,0,43,61,1,105,349,146,85,4,584,46,0,46,630
03/14/2023,ANC,AK,AAL,WE,Towers with Radar,323,115,23,14,475,0,56,94,8,158,323,171,117,22,633,44,0,44,677
03/15/2023,ANC,AK,AAL,WE,Towers with Radar,360,110,24,11,505,0,51,128,10,189,360,161,152,21,694,60,0,60,754
03/16/2023,ANC,AK,AAL,WE,Towers with Radar,334,123,25,15,497,0,36,124,7,167,334,159,149,22,664,91,0,91,755
03/17/2023,ANC,AK,AAL,WE,Towers with Radar,334,122,40,13,509,0,13,32,0,45,334,135,72,13,554,30,0,30,584
03/18/2023,ANC,AK,AAL,WE,Towers with Radar,341,59,23,9,432,0,18,48,0,66,341,77,71,9,498,12,0,12,510
03/19/2023,ANC,AK,AAL,WE,Towers with Radar,295,71,32,3,401,0,32,101,0,133,295,103,133,3,534,62,0,62,596
03/20/2023,ANC,AK,AAL,WE,Towers with Radar,333,113,50,0,496,0,38,58,7,103,333,151,108,7,599,24,0,24,623
03/21/2023,ANC,AK,AAL,WE,Towers with Radar,315,125,35,8,483,0,65,78,4,147,315,190,113,12,630,58,0,58,688
03/22/2023,ANC,AK,AAL,WE,Towers with Radar,354,116,40,8,518,0,32,42,3,77,354,148,82,11,595,20,0,20,615
03/23/2023,ANC,AK,AAL,WE,Towers with Radar,348,136,34,9,527,0,28,47,8,83,348,164,81,17,610,0,0,0,610
03/24/2023,ANC,AK,AAL,WE,Towers with Radar,340,140,31,12,523,0,36,35,7,78,340,176,66,19,601,0,0,0,601
03/25/2023,ANC,AK,AAL,WE,Towers with Radar,328,70,19,5,422,0,28,106,1,135,328,98,125,6,557,2,0,2,559
03/26/2023,ANC,AK,AAL,WE,Towers with Radar,284,43,18,6,351,0,32,104,0,136,284,75,122,6,487,40,0,40,527
03/27/2023,ANC,AK,AAL,WE,Towers with Radar,346,126,19,9,500,0,45,62,3,110,346,171,81,12,610,42,0,42,652
03/28/2023,ANC,AK,AAL,WE,Towers with Radar,326,161,21,8,516,0,36,68,0,104,326,197,89,8,620,0,0,0,620
03/29/2023,ANC,AK,AAL,WE,Towers with Radar,360,130,27,4,521,0,45,82,5,132,360,175,109,9,653,48,0,48,701
03/30/2023,ANC,AK,AAL,WE,Towers with Radar,377,168,34,14,593,0,20,65,0,85,377,188,99,14,678,20,0,20,698
03/31/2023,ANC,AK,AAL,WE,Towers with Radar,333,142,36,21,532,0,46,122,8,176,333,188,158,29,708,30,0,30,738
04/01/2023,ANC,AK,AAL,WE,Towers with Radar,337,74,22,6,439,0,59,169,2,230,337,133,191,8,669,134,0,134,803
04/02/2023,ANC,AK,AAL,WE,Towers with Radar,290,48,17,6,361,0,29,126,1,156,290,77,143,7,517,45,0,45,562
04/03/2023,ANC,AK,AAL,WE,Towers with Radar,355,99,12,4,470,0,42,96,12,150,355,141,108,16,620,26,0,26,646
04/04/2023,ANC,AK,AAL,WE,Towers with Radar,325,143,22,9,499,0,42,103,3,148,325,185,125,12,647,18,0,18,665
04/05/2023,ANC,AK,AAL,WE,Towers with Radar,370,178,44,15,607,0,15,32,0,47,370,193,76,15,654,20,0,20,674
04/06/2023,ANC,AK,AAL,WE,Towers with Radar,367,161,37,11,576,0,36,113,4,153,367,197,150,15,729,28,0,28,757
04/07/2023,ANC,AK,AAL,WE,Towers with Radar,345,148,28,12,533,0,55,211,8,274,345,203,239,20,807,42,0,42,849
04/08/2023,ANC,AK,AAL,WE,Towers with Radar,355,102,30,6,493,0,20,14,0,34,355,122,44,6,527,0,0,0,527
04/09/2023,ANC,AK,AAL,WE,Towers with Radar,283,69,18,5,375,0,5,1,0,6,283,74,19,5,381,0,0,0,381
04/10/2023,ANC,AK,AAL,WE,Towers with Radar,332,169,22,11,534,0,8,7,0,15,332,177,29,11,549,0,0,0,549
04/11/2023,ANC,AK,AAL,WE,Towers with Radar,326,166,30,12,534,0,18,25,2,45,326,184,55,14,579,4,0,4,583
04/12/2023,ANC,AK,AAL,WE,Towers with Radar,333,142,30,11,516,0,30,44,3,77,333,172,74,14,593,10,0,10,603
04/13/2023,ANC,AK,AAL,WE,Towers with Radar,330,148,38,16,532,0,27,59,2,88,330,175,97,18,620,10,0,10,630
04/14/2023,ANC,AK,AAL,WE,Towers with Radar,296,142,25,19,482,0,21,62,0,83,296,163,87,19,565,48,0,48,613
04/15/2023,ANC,AK,AAL,WE,Towers with Radar,342,78,39,13,472,0,38,176,3,217,342,116,215,16,689,50,0,50,739
04/16/2023,ANC,AK,AAL,WE,Towers with Radar,301,72,20,3,396,0,24,153,0,177,301,96,173,3,573,148,0,148,721
04/17/2023,ANC,AK,AAL,WE,Towers with Radar,334,119,21,14,488,1,49,125,12,187,335,168,146,26,675,74,0,74,749
04/18/2023,ANC,AK,AAL,WE,Towers with Radar,332,136,20,10,498,0,61,176,8,245,332,197,196,18,743,60,0,60,803
04/19/2023,ANC,AK,AAL,WE,Towers with Radar,341,129,18,14,502,0,42,138,7,187,341,171,156,21,689,80,0,80,769
04/20/2023,ANC,AK,AAL,WE,Towers with Radar,378,117,28,8,531,0,54,159,8,221,378,171,187,16,752,102,0,102,854
04/21/2023,ANC,AK,AAL,WE,Towers with Radar,352,135,28,10,525,0,55,200,8,263,352,190,228,18,788,62,0,62,850
04/22/2023,ANC,AK,AAL,WE,Towers with Radar,370,81,25,10,486,0,36,115,3,154,370,117,140,13,640,36,0,36,676
04/23/2023,ANC,AK,AAL,WE,Towers with Radar,298,56,34,11,399,0,21,42,3,66,298,77,76,14,465,0,0,0,465
04/24/2023,ANC,AK,AAL,WE,Towers with Radar,337,101,21,8,467,0,36,132,20,188,337,137,153,28,655,30,0,30,685
04/25/2023,ANC,AK,AAL,WE,Towers with Radar,324,124,28,11,487,0,43,91,13,147,324,167,119,24,634,38,0,38,672
04/26/2023,ANC,AK,AAL,WE,Towers with Radar,365,139,27,12,543,0,43,79,9,131,365,182,106,21,674,36,0,36,710
04/27/2023,ANC,AK,AAL,WE,Towers with Radar,377,118,23,16,534,0,47,136,5,188,377,165,159,21,722,44,0,44,766
04/28/2023,ANC,AK,AAL,WE,Towers with Radar,350,133,20,8,511,0,40,145,11,196,350,173,165,19,707,18,0,18,725
04/29/2023,ANC,AK,AAL,WE,Towers with Radar,341,83,15,9,448,0,20,222,1,243,341,103,237,10,691,50,0,50,741
04/30/2023,ANC,AK,AAL,WE,Towers with Radar,313,57,13,4,387,1,36,127,1,165,314,93,140,5,552,20,0,20,572
05/01/2023,ANC,AK,AAL,WE,Towers with Radar,327,104,32,13,476,0,33,48,5,86,327,137,80,18,562,16,0,16,578
05/02/2023,ANC,AK,AAL,WE,Towers with Radar,279,125,30,20,454,0,52,112,5,169,279,177,142,25,623,70,0,70,693
05/03/2023,ANC,AK,AAL,WE,Towers with Radar,320,166,38,22,546,0,5,8,1,14,320,171,46,23,560,0,0,0,560
05/04/2023,ANC,AK,AAL,WE,Towers with Radar,336,146,39,21,542,0,43,159,9,211,336,189,198,30,753,42,0,42,795
05/05/2023,ANC,AK,AAL,WE,Towers with Radar,322,139,37,14,512,0,60,258,12,330,322,199,295,26,842,46,0,46,888
05/06/2023,ANC,AK,AAL,WE,Towers with Radar,316,109,26,8,459,0,17,149,7,173,316,126,175,15,632,32,0,32,664
05/07/2023,ANC,AK,AAL,WE,Towers with Radar,291,55,25,5,376,0,27,72,4,103,291,82,97,9,479,0,0,0,479
05/08/2023,ANC,AK,AAL,WE,Towers with Radar,330,104,37,14,485,0,39,124,12,175,330,143,161,26,660,20,0,20,680
05/09/2023,ANC,AK,AAL,WE,Towers with Radar,329,121,31,19,500,0,43,85,11,139,329,164,116,30,639,12,0,12,651
05/10/2023,ANC,AK,AAL,WE,Towers with Radar,366,123,31,12,532,0,49,151,6,206,366,172,182,18,738,88,0,88,826
05/11/2023,ANC,AK,AAL,WE,Towers with Radar,376,135,20,18,549,0,65,160,18,243,376,200,180,36,792,28,0,28,820
05/12/2023,ANC,AK,AAL,WE,Towers with Radar,359,139,43,15,556,0,61,234,19,314,359,200,277,34,870,140,0,140,1010
05/13/2023,ANC,AK,AAL,WE,Towers with Radar,362,94,14,8,478,0,21,56,15,92,362,115,70,23,570,38,0,38,608
05/14/2023,ANC,AK,AAL,WE,Towers with Radar,309,48,15,8,380,0,24,59,9,92,309,72,74,17,472,16,0,16,488
05/15/2023,ANC,AK,AAL,WE,Towers with Radar,351,108,47,6,512,0,59,134,19,212,351,167,181,25,724,66,0,66,790
05/16/2023,ANC,AK,AAL,WE,Towers with Radar,327,137,34,23,521,0,48,75,10,133,327,185,109,33,654,100,0,100,754
05/17/2023,ANC,AK,AAL,WE,Towers with Radar,362,124,32,23,541,0,65,284,11,360,362,189,316,34,901,100,0,100,1001
05/18/2023,ANC,AK,AAL,WE,Towers with Radar,400,126,49,16,591,0,97,277,24,398,400,223,326,40,989,80,0,80,1069
05/19/2023,ANC,AK,AAL,WE,Towers with Radar,369,134,45,15,563,0,68,213,11,292,369,202,258,26,855,30,0,30,885
05/20/2023,ANC,AK,AAL,WE,Towers with Radar,372,92,27,11,502,0,51,202,7,260,372,143,229,18,762,52,0,52,814
05/21/2023,ANC,AK,AAL,WE,Towers with Radar,354,61,24,10,449,0,41,189,9,239,354,102,213,19,688,56,0,56,744
05/22/2023,ANC,AK,AAL,WE,Towers with Radar,365,110,37,9,521,0,107,195,15,317,365,217,232,24,838,118,0,118,956
05/23/2023,ANC,AK,AAL,WE,Towers with Radar,339,130,44,14,527,0,90,224,14,328,339,220,268,28,855,62,0,62,917
05/24/2023,ANC,AK,AAL,WE,Towers with Radar,385,147,43,9,584,0,103,240,13,356,385,250,283,22,940,42,0,42,982
05/25/2023,ANC,AK,AAL,WE,Towers with Radar,406,163,47,19,635,0,64,169,8,241,406,227,216,27,876,36,0,36,912
05/26/2023,ANC,AK,AAL,WE,Towers with Radar,366,164,44,24,598,1,77,130,2,210,367,241,174,26,808,28,0,28,836
05/27/2023,ANC,AK,AAL,WE,Towers with Radar,384,114,17,15,530,0,71,285,4,360,384,185,302,19,890,14,0,14,904
05/28/2023,ANC,AK,AAL,WE,Towers with Radar,322,89,27,13,451,0,60,182,10,252,322,149,209,23,703,22,0,22,725
05/29/2023,ANC,AK,AAL,WE,Towers with Radar,340,67,28,6,441,0,104,281,10,395,340,171,309,16,836,10,0,10,846
05/30/2023,ANC,AK,AAL,WE,Towers with Radar,335,119,39,21,514,0,102,187,13,302,335,221,226,34,816,30,0,30,846
05/31/2023,ANC,AK,AAL,WE,Towers with Radar,384,137,51,17,589,0,108,250,22,380,384,245,301,39,969,58,0,58,1027
06/01/2023,ANC,AK,AAL,WE,Towers with Radar,392,162,56,14,624,0,146,201,17,364,392,308,257,31,988,54,0,54,1042
06/02/2023,ANC,AK,AAL,WE,Towers with Radar,384,150,43,10,587,0,92,144,9,245,384,242,187,19,832,18,0,18,850
06/03/2023,ANC,AK,AAL,WE,Towers with Radar,383,128,32,16,559,0,115,231,6,352,383,243,263,22,911,26,0,26,937
06/04/2023,ANC,AK,AAL,WE,Towers with Radar,333,90,29,9,461,0,106,329,12,447,333,196,358,21,908,20,0,20,928
06/05/2023,ANC,AK,AAL,WE,Towers with Radar,389,150,47,11,597,0,176,289,18,483,389,326,336,29,1080,15,0,15,1095
06/06/2023,ANC,AK,AAL,WE,Towers with Radar,333,147,35,10,525,0,143,228,17,388,333,290,263,27,913,8,0,8,921
06/07/2023,ANC,AK,AAL,WE,Towers with Radar,417,157,54,17,645,0,130,249,20,399,417,287,303,37,1044,67,0,67,1111
06/08/2023,ANC,AK,AAL,WE,Towers with Radar,414,173,51,28,666,0,148,261,20,429,414,321,312,48,1095,52,0,52,1147
06/09/2023,ANC,AK,AAL,WE,Towers with Radar,390,176,43,13,622,0,146,224,14,384,390,322,267,27,1006,24,0,24,1030
06/10/2023,ANC,AK,AAL,WE,Towers with Radar,382,125,48,14,569,0,148,191,12,351,382,273,239,26,920,20,0,20,940
06/11/2023,ANC,AK,AAL,WE,Towers with Radar,333,102,30,11,476,0,122,114,9,245,333,224,144,20,721,32,0,32,753
06/12/2023,ANC,AK,AAL,WE,Towers with Radar,401,143,37,17,598,0,152,149,16,317,401,295,186,33,915,22,0,22,937
06/13/2023,ANC,AK,AAL,WE,Towers with Radar,374,166,60,22,622,0,147,167,13,327,374,313,227,35,949,66,0,66,1015
06/14/2023,ANC,AK,AAL,WE,Towers with Radar,426,162,53,14,655,0,164,242,21,427,426,326,295,35,1082,36,0,36,1118
06/15/2023,ANC,AK,AAL,WE,Towers with Radar,426,189,58,19,692,0,160,280,24,464,426,349,338,43,1156,14,0,14,1170
06/16/2023,ANC,AK,AAL,WE,Towers with Radar,407,170,39,14,630,0,162,281,14,457,407,332,320,28,1087,30,0,30,1117
06/17/2023,ANC,AK,AAL,WE,Towers with Radar,395,128,39,10,572,0,138,348,12,498,395,266,387,22,1070,32,0,32,1102
06/18/2023,ANC,AK,AAL,WE,Towers with Radar,380,84,25,11,500,0,159,367,10,536,380,243,392,21,1036,8,0,8,1044
06/19/2023,ANC,AK,AAL,WE,Towers with Radar,417,122,34,9,582,0,165,360,18,543,417,287,394,27,1125,54,0,54,1179
06/20/2023,ANC,AK,AAL,WE,Towers with Radar,371,198,67,30,666,0,63,143,1,207,371,261,210,31,873,40,0,40,913
06/21/2023,ANC,AK,AAL,WE,Towers with Radar,422,188,54,25,689,0,102,100,0,202,422,290,154,25,891,44,0,44,935
06/22/2023,ANC,AK,AAL,WE,Towers with Radar,430,184,76,28,718,0,125,207,4,336,430,309,283,32,1054,16,0,16,1070
06/23/2023,ANC,AK,AAL,WE,Towers with Radar,413,171,69,20,673,0,182,301,11,494,413,353,370,31,1167,26,0,26,1193
06/24/2023,ANC,AK,AAL,WE,Towers with Radar,376,123,55,18,572,0,157,232,7,396,376,280,287,25,968,32,0,32,1000
06/25/2023,ANC,AK,AAL,WE,Towers with Radar,369,97,42,12,520,0,94,79,11,184,369,191,121,23,704,0,0,0,704
06/26/2023,ANC,AK,AAL,WE,Towers with Radar,405,154,42,10,611,0,173,255,11,439,405,327,297,21,1050,32,0,32,1082
06/27/2023,ANC,AK,AAL,WE,Towers with Radar,367,174,49,27,617,0,145,207,6,358,367,319,256,33,975,32,0,32,1007
06/28/2023,ANC,AK,AAL,WE,Towers with Radar,421,220,74,33,748,0,65,100,3,168,421,285,174,36,916,26,0,26,942
06/29/2023,ANC,AK,AAL,WE,Towers with Radar,426,194,72,29,721,0,120,160,7,287,426,314,232,36,1008,48,0,48,1056
06/30/2023,ANC,AK,AAL,WE,Towers with Radar,407,172,60,16,655,0,168,463,19,650,407,340,523,35,1305,69,0,69,1374
07/01/2023,ANC,AK,AAL,WE,Towers with Radar,419,120,53,12,604,0,148,380,11,539,419,268,433,23,1143,34,0,34,1177
07/02/2023,ANC,AK,AAL,WE,Towers with Radar,360,86,46,11,503,0,189,208,11,408,360,275,254,22,911,12,0,12,923
07/03/2023,ANC,AK,AAL,WE,Towers with Radar,396,152,48,15,611,0,162,176,7,345,396,314,224,22,956,38,0,38,994
07/04/2023,ANC,AK,AAL,WE,Towers with Radar,375,71,30,6,482,0,126,251,0,377,375,197,281,6,859,6,0,6,865
07/05/2023,ANC,AK,AAL,WE,Towers with Radar,406,169,58,26,659,0,158,248,19,425,406,327,306,45,1084,42,0,42,1126
07/06/2023,ANC,AK,AAL,WE,Towers with Radar,413,227,96,35,771,0,16,32,0,48,413,243,128,35,819,25,0,25,844
07/07/2023,ANC,AK,AAL,WE,Towers with Radar,413,192,68,30,703,0,128,111,7,246,413,320,179,37,949,0,0,0,949
07/08/2023,ANC,AK,AAL,WE,Towers with Radar,426,125,48,9,608,0,154,326,9,489,426,279,374,18,1097,34,0,34,1131
07/09/2023,ANC,AK,AAL,WE,Towers with Radar,365,84,47,7,503,0,185,385,10,580,365,269,432,17,1083,66,0,66,1149
07/10/2023,ANC,AK,AAL,WE,Towers with Radar,415,169,55,25,664,0,76,133,11,220,415,245,188,36,884,20,0,20,904
07/11/2023,ANC,AK,AAL,WE,Towers with Radar,392,163,53,17,625,0,126,201,20,347,392,289,254,37,972,20,0,20,992
07/12/2023,ANC,AK,AAL,WE,Towers with Radar,448,162,54,22,686,0,199,371,17,587,448,361,425,39,1273,40,0,40,1313
07/13/2023,ANC,AK,AAL,WE,Towers with Radar,415,152,54,12,633,0,173,425,25,623,415,325,479,37,1256,50,0,50,1306
07/14/2023,ANC,AK,AAL,WE,Towers with Radar,411,145,48,14,618,0,164,382,13,559,411,309,430,27,1177,30,0,30,1207
07/15/2023,ANC,AK,AAL,WE,Towers with Radar,404,135,55,26,620,0,14,27,1,42,404,149,82,27,662,20,0,20,682
07/16/2023,ANC,AK,AAL,WE,Towers with Radar,370,137,71,22,600,0,59,82,0,141,370,196,153,22,741,24,0,24,765
07/17/2023,ANC,AK,AAL,WE,Towers with Radar,404,181,61,15,661,0,142,178,8,328,404,323,239,23,989,20,0,20,1009
07/18/2023,ANC,AK,AAL,WE,Towers with Radar,389,166,56,19,630,0,195,418,23,636,389,361,474,42,1266,32,0,32,1298
07/19/2023,ANC,AK,AAL,WE,Towers with Radar,408,172,52,24,656,0,171,239,14,424,408,343,291,38,1080,48,0,48,1128
07/20/2023,ANC,AK,AAL,WE,Towers with Radar,410,189,76,26,701,0,117,233,16,366,410,306,309,42,1067,22,0,22,1089
07/21/2023,ANC,AK,AAL,WE,Towers with Radar,405,174,65,15,659,0,177,407,16,600,405,351,472,31,1259,26,0,26,1285
07/22/2023,ANC,AK,AAL,WE,Towers with Radar,424,134,53,12,623,1,183,363,21,568,425,317,416,33,1191,14,0,14,1205
07/23/2023,ANC,AK,AAL,WE,Towers with Radar,363,111,56,7,537,0,218,420,16,654,363,329,476,23,1191,6,0,6,1197
07/24/2023,ANC,AK,AAL,WE,Towers with Radar,414,139,38,11,602,0,213,318,19,550,414,352,356,30,1152,38,0,38,1190
07/25/2023,ANC,AK,AAL,WE,Towers with Radar,382,160,61,13,616,0,176,330,27,533,382,336,391,40,1149,24,0,24,1173
07/26/2023,ANC,AK,AAL,WE,Towers with Radar,453,208,63,26,750,0,185,331,16,532,453,393,394,42,1282,36,0,36,1318
07/27/2023,ANC,AK,AAL,WE,Towers with Radar,407,199,52,16,674,0,184,351,32,567,407,383,403,48,1241,8,0,8,1249
07/28/2023,ANC,AK,AAL,WE,Towers with Radar,409,192,69,16,686,0,158,293,9,460,409,350,362,25,1146,12,0,12,1158
07/29/2023,ANC,AK,AAL,WE,Towers with Radar,404,157,65,23,649,0,52,38,2,92,404,209,103,25,741,22,0,22,763
07/30/2023,ANC,AK,AAL,WE,Towers with Radar,368,129,82,15,594,3,101,232,10,346,371,230,314,25,940,6,0,6,946
07/31/2023,ANC,AK,AAL,WE,Towers with Radar,410,153,61,13,637,0,202,344,13,559,410,355,405,26,1196,22,0,22,1218
08/01/2023,ANC,AK,AAL,WE,Towers with Radar,386,154,49,16,605,0,221,405,29,655,386,375,454,45,1260,14,0,14,1274
08/02/2023,ANC,AK,AAL,WE,Towers with Radar,433,159,47,15,654,1,204,369,29,603,434,363,416,44,1257,40,0,40,1297
08/03/2023,ANC,AK,AAL,WE,Towers with Radar,433,178,70,14,695,0,145,314,20,479,433,323,384,34,1174,46,0,46,1220
08/04/2023,ANC,AK,AAL,WE,Towers with Radar,438,158,60,10,666,1,212,342,13,568,439,370,402,23,1234,14,0,14,1248
08/05/2023,ANC,AK,AAL,WE,Towers with Radar,435,120,85,11,651,0,171,337,19,527,435,291,422,30,1178,18,0,18,1196
08/06/2023,ANC,AK,AAL,WE,Towers with Radar,388,87,51,17,543,0,179,254,12,445,388,266,305,29,988,14,0,14,1002
08/07/2023,ANC,AK,AAL,WE,Towers with Radar,420,153,35,13,621,0,175,212,11,398,420,328,247,24,1019,8,0,8,1027
08/08/2023,ANC,AK,AAL,WE,Towers with Radar,411,255,59,6,731,0,150,200,8,358,411,405,259,14,1089,42,0,42,1131
08/09/2023,ANC,AK,AAL,WE,Towers with Radar,426,191,69,9,695,0,107,159,16,282,426,298,228,25,977,90,0,90,1067
08/10/2023,ANC,AK,AAL,WE,Towers with Radar,432,205,61,17,715,0,158,272,12,442,432,363,333,29,1157,72,0,72,1229
08/11/2023,ANC,AK,AAL,WE,Towers with Radar,437,164,68,9,678,0,214,362,13,589,437,378,430,22,1267,60,0,60,1327
08/12/2023,ANC,AK,AAL,WE,Towers with Radar,442,110,51,15,618,0,108,188,9,305,442,218,239,24,923,22,0,22,945
08/13/2023,ANC,AK,AAL,WE,Towers with Radar,368,87,51,3,509,0,184,251,6,441,368,271,302,9,950,6,0,6,956
08/14/2023,ANC,AK,AAL,WE,Towers with Radar,428,140,40,5,613,0,229,269,12,510,428,369,309,17,1123,20,0,20,1143
08/15/2023,ANC,AK,AAL,WE,Towers with Radar,388,160,51,12,611,0,142,239,13,394,388,302,290,25,1005,12,0,12,1017
08/16/2023,ANC,AK,AAL,WE,Towers with Radar,448,213,58,16,735,0,114,102,6,222,448,327,160,22,957,20,0,20,977
08/17/2023,ANC,AK,AAL,WE,Towers with Radar,426,149,38,21,634,0,205,451,25,681,426,354,489,46,1315,6,0,6,1321
08/18/2023,ANC,AK,AAL,WE,Towers with Radar,408,171,61,9,649,0,208,456,19,683,408,379,517,28,1332,28,0,28,1360
08/19/2023,ANC,AK,AAL,WE,Towers with Radar,424,104,66,10,604,0,147,348,9,504,424,251,414,19,1108,10,0,10,1118
08/20/2023,ANC,AK,AAL,WE,Towers with Radar,382,87,65,9,543,0,154,332,6,492,382,241,397,15,1035,8,0,8,1043
08/21/2023,ANC,AK,AAL,WE,Towers with Radar,408,137,47,9,601,0,199,286,9,494,408,336,333,18,1095,14,0,14,1109
08/22/2023,ANC,AK,AAL,WE,Towers with Radar,404,177,43,16,640,0,213,321,13,547,404,390,364,29,1187,2,0,2,1189
08/23/2023,ANC,AK,AAL,WE,Towers with Radar,448,193,61,13,715,0,199,360,9,568,448,392,421,22,1283,53,0,53,1336
08/24/2023,ANC,AK,AAL,WE,Towers with Radar,429,215,71,16,731,0,23,68,6,97,429,238,139,22,828,16,0,16,844
08/25/2023,ANC,AK,AAL,WE,Towers with Radar,410,207,74,10,701,0,118,166,1,285,410,325,240,11,986,52,0,52,1038
08/26/2023,ANC,AK,AAL,WE,Towers with Radar,431,122,43,6,602,0,26,23,4,53,431,148,66,10,655,0,0,0,655
08/27/2023,ANC,AK,AAL,WE,Towers with Radar,390,123,56,8,577,0,112,79,2,193,390,235,135,10,770,2,0,2,772
08/28/2023,ANC,AK,AAL,WE,Towers with Radar,415,232,83,10,740,0,56,32,3,91,415,288,115,13,831,4,0,4,835
08/29/2023,ANC,AK,AAL,WE,Towers with Radar,383,187,52,11,633,0,114,153,12,279,383,301,205,23,912,97,0,97,1009
08/30/2023,ANC,AK,AAL,WE,Towers with Radar,448,185,71,11,715,0,175,276,15,466,448,360,347,26,1181,42,0,42,1223
08/31/2023,ANC,AK,AAL,WE,Towers with Radar,415,162,50,10,637,0,43,48,8,99,415,205,98,18,736,8,0,8,744
