01/01/2020,ANE,MN,AGL,CE,Federal Contract Tower,0,0,25,0,25,0,4,48,0,52,0,4,73,0,77,124,0,124,201
01/02/2020,ANE,MN,AGL,CE,Federal Contract Tower,0,2,4,0,6,0,3,15,0,18,0,5,19,0,24,44,12,56,80
01/03/2020,ANE,MN,AGL,CE,Federal Contract Tower,0,3,6,0,9,0,1,20,0,21,0,4,26,0,30,128,0,128,158
01/04/2020,ANE,MN,AGL,CE,Federal Contract Tower,0,8,14,0,22,0,2,59,0,61,0,10,73,0,83,122,0,122,205
01/05/2020,ANE,MN,AGL,CE,Federal Contract Tower,0,1,11,0,12,0,6,7,0,13,0,7,18,0,25,8,0,8,33
01/06/2020,ANE,MN,AGL,CE,Federal Contract Tower,0,6,22,0,28,0,3,76,0,79,0,9,98,0,107,198,0,198,305
01/07/2020,ANE,MN,AGL,CE,Federal Contract Tower,0,9,34,0,43,0,6,54,0,60,0,15,88,0,103,78,2,80,183
01/08/2020,ANE,MN,AGL,CE,Federal Contract Tower,0,7,18,0,25,0,0,38,0,38,0,7,56,0,63,94,0,94,157
01/09/2020,ANE,MN,AGL,CE,Federal Contract Tower,0,8,26,0,34,0,2,35,0,37,0,10,61,0,71,126,0,126,197
01/10/2020,ANE,MN,AGL,CE,Federal Contract Tower,0,3,28,0,31,0,6,40,0,46,0,9,68,0,77,62,0,62,139
01/11/2020,ANE,MN,AGL,CE,Federal Contract Tower,0,1,31,0,32,0,7,77,0,84,0,8,108,0,116,104,0,104,220
01/12/2020,ANE,MN,AGL,CE,Federal Contract Tower,0,0,16,0,16,0,1,49,0,50,0,1,65,0,66,66,0,66,132
01/13/2020,ANE,MN,AGL,CE,Federal Contract Tower,0,5,11,0,16,0,0,7,0,7,0,5,18,0,23,22,0,22,45
01/14/2020,ANE,MN,AGL,CE,Federal Contract Tower,0,11,30,0,41,0,2,17,0,19,0,13,47,0,60,60,0,60,120
01/15/2020,ANE,MN,AGL,CE,Federal Contract Tower,0,5,15,0,20,0,2,5,0,7,0,7,20,0,27,6,0,6,33
01/16/2020,ANE,MN,AGL,CE,Federal Contract Tower,0,5,29,0,34,0,4,29,0,33,0,9,58,0,67,46,0,46,113
01/17/2020,ANE,MN,AGL,CE,Federal Contract Tower,0,4,5,0,9,0,4,5,0,9,0,8,10,0,18,20,0,20,38
01/18/2020,ANE,MN,AGL,CE,Federal Contract Tower,0,6,3,0,9,0,0,2,0,2,0,6,5,0,11,6,0,6,17
01/19/2020,ANE,MN,AGL,CE,Federal Contract Tower,0,1,3,0,4,0,3,9,0,12,0,4,12,0,16,40,0,40,56
01/20/2020,ANE,MN,AGL,CE,Federal Contract Tower,0,5,26,0,31,0,4,51,0,55,0,9,77,0,86,130,0,130,216
01/21/2020,ANE,MN,AGL,CE,Federal Contract Tower,0,5,19,0,24,0,4,44,0,48,0,9,63,0,72,50,0,50,122
01/22/2020,ANE,MN,AGL,CE,Federal Contract Tower,0,5,7,0,12,0,0,4,0,4,0,5,11,0,16,16,0,16,32
01/23/2020,ANE,MN,AGL,CE,Federal Contract Tower,0,7,11,0,18,0,2,2,0,4,0,9,13,0,22,6,0,6,28
01/24/2020,ANE,MN,AGL,CE,Federal Contract Tower,0,6,8,0,14,0,0,4,0,4,0,6,12,0,18,10,0,10,28
01/25/2020,ANE,MN,AGL,CE,Federal Contract Tower,0,5,11,0,16,0,1,22,0,23,0,6,33,0,39,50,0,50,89
01/26/2020,ANE,MN,AGL,CE,Federal Contract Tower,0,2,13,0,15,0,0,3,0,3,0,2,16,0,18,4,0,4,22
01/27/2020,ANE,MN,AGL,CE,Federal Contract Tower,0,10,10,0,20,0,0,4,0,4,0,10,14,0,24,0,0,0,24
01/28/2020,ANE,MN,AGL,CE,Federal Contract Tower,0,10,24,0,34,0,1,3,0,4,0,11,27,0,38,0,0,0,38
01/29/2020,ANE,MN,AGL,CE,Federal Contract Tower,0,10,20,0,30,0,5,28,0,33,0,15,48,0,63,140,0,140,203
01/30/2020,ANE,MN,AGL,CE,Federal Contract Tower,0,1,26,0,27,0,0,4,0,4,0,1,30,0,31,8,0,8,39
01/31/2020,ANE,MN,AGL,CE,Federal Contract Tower,0,2,11,0,13,0,0,0,0,0,0,2,11,0,13,10,0,10,23
02/01/2020,ANE,MN,AGL,CE,Federal Contract Tower,0,2,70,0,72,0,7,108,0,115,0,9,178,0,187,162,0,162,349
02/02/2020,ANE,MN,AGL,CE,Federal Contract Tower,0,0,17,0,17,0,4,54,0,58,0,4,71,0,75,34,0,34,109
02/03/2020,ANE,MN,AGL,CE,Federal Contract Tower,0,1,31,0,32,0,6,42,0,48,0,7,73,0,80,90,0,90,170
02/04/2020,ANE,MN,AGL,CE,Federal Contract Tower,0,9,29,0,38,0,3,69,0,72,0,12,98,0,110,114,0,114,224
02/05/2020,ANE,MN,AGL,CE,Federal Contract Tower,0,6,45,0,51,0,2,86,4,92,0,8,131,4,143,138,2,140,283
02/06/2020,ANE,MN,AGL,CE,Federal Contract Tower,0,4,29,0,33,0,1,81,0,82,0,5,110,0,115,174,0,174,289
02/07/2020,ANE,MN,AGL,CE,Federal Contract Tower,0,4,25,0,29,0,2,24,0,26,0,6,49,0,55,82,0,82,137
02/08/2020,ANE,MN,AGL,CE,Federal Contract Tower,0,4,22,2,28,0,4,75,0,79,0,8,97,2,107,76,0,76,183
02/09/2020,ANE,MN,AGL,CE,Federal Contract Tower,0,3,4,0,7,0,0,7,0,7,0,3,11,0,14,6,0,6,20
02/10/2020,ANE,MN,AGL,CE,Federal Contract Tower,0,5,27,0,32,0,9,34,0,43,0,14,61,0,75,70,0,70,145
02/11/2020,ANE,MN,AGL,CE,Federal Contract Tower,0,9,45,0,54,0,5,49,0,54,0,14,94,0,108,164,0,164,272
02/12/2020,ANE,MN,AGL,CE,Federal Contract Tower,0,7,4,0,11,0,1,8,0,9,0,8,12,0,20,2,0,2,22
02/13/2020,ANE,MN,AGL,CE,Federal Contract Tower,0,4,26,0,30,0,3,28,0,31,0,7,54,0,61,44,0,44,105
02/14/2020,ANE,MN,AGL,CE,Federal Contract Tower,0,6,18,0,24,0,8,15,0,23,0,14,33,0,47,12,0,12,59
02/15/2020,ANE,MN,AGL,CE,Federal Contract Tower,0,1,22,0,23,0,4,49,0,53,0,5,71,0,76,122,0,122,198
02/16/2020,ANE,MN,AGL,CE,Federal Contract Tower,0,1,24,0,25,0,6,69,0,75,0,7,93,0,100,88,0,88,188
02/17/2020,ANE,MN,AGL,CE,Federal Contract Tower,0,5,9,0,14,0,2,9,0,11,0,7,18,0,25,74,0,74,99
02/18/2020,ANE,MN,AGL,CE,Federal Contract Tower,0,8,24,0,32,0,5,40,0,45,0,13,64,0,77,40,0,40,117
02/19/2020,ANE,MN,AGL,CE,Federal Contract Tower,0,3,36,0,39,0,4,36,0,40,0,7,72,0,79,78,0,78,157
02/20/2020,ANE,MN,AGL,CE,Federal Contract Tower,0,2,25,0,27,0,2,52,0,54,0,4,77,0,81,30,0,30,111
02/21/2020,ANE,MN,AGL,CE,Federal Contract Tower,0,2,30,0,32,0,3,47,0,50,0,5,77,0,82,38,0,38,120
02/22/2020,ANE,MN,AGL,CE,Federal Contract Tower,0,3,32,0,35,0,5,106,0,111,0,8,138,0,146,136,0,136,282
02/23/2020,ANE,MN,AGL,CE,Federal Contract Tower,0,1,38,0,39,0,2,63,0,65,0,3,101,0,104,92,0,92,196
02/24/2020,ANE,MN,AGL,CE,Federal Contract Tower,0,5,59,0,64,0,3,71,0,74,0,8,130,0,138,106,0,106,244
02/25/2020,ANE,MN,AGL,CE,Federal Contract Tower,0,11,20,0,31,0,4,21,0,25,0,15,41,0,56,32,0,32,88
02/26/2020,ANE,MN,AGL,CE,Federal Contract Tower,0,6,25,0,31,0,4,43,0,47,0,10,68,0,78,54,0,54,132
02/27/2020,ANE,MN,AGL,CE,Federal Contract Tower,0,4,41,0,45,0,6,61,0,67,0,10,102,0,112,70,0,70,182
02/28/2020,ANE,MN,AGL,CE,Federal Contract Tower,0,4,24,0,28,0,4,66,0,70,0,8,90,0,98,108,0,108,206
02/29/2020,ANE,MN,AGL,CE,Federal Contract Tower,0,7,38,0,45,0,3,74,0,77,0,10,112,0,122,54,0,54,176
03/01/2020,ANE,MN,AGL,CE,Federal Contract Tower,0,1,31,0,32,0,2,93,0,95,0,3,124,0,127,166,0,166,293
03/02/2020,ANE,MN,AGL,CE,Federal Contract Tower,0,3,23,0,26,0,1,39,0,40,0,4,62,0,66,86,0,86,152
03/03/2020,ANE,MN,AGL,CE,Federal Contract Tower,0,9,21,0,30,0,10,27,0,37,0,19,48,0,67,76,0,76,143
03/04/2020,ANE,MN,AGL,CE,Federal Contract Tower,0,8,39,0,47,0,0,68,0,68,0,8,107,0,115,152,0,152,267
03/05/2020,ANE,MN,AGL,CE,Federal Contract Tower,0,11,18,0,29,0,0,15,0,15,0,11,33,0,44,40,0,40,84
03/06/2020,ANE,MN,AGL,CE,Federal Contract Tower,0,2,44,0,46,0,6,106,0,112,0,8,150,0,158,142,0,142,300
03/07/2020,ANE,MN,AGL,CE,Federal Contract Tower,0,6,16,0,22,0,10,78,0,88,0,16,94,0,110,68,0,68,178
03/08/2020,ANE,MN,AGL,CE,Federal Contract Tower,0,1,14,0,15,0,8,50,0,58,0,9,64,0,73,8,0,8,81
03/09/2020,ANE,MN,AGL,CE,Federal Contract Tower,0,3,22,0,25,0,2,28,0,30,0,5,50,0,55,78,0,78,133
03/10/2020,ANE,MN,AGL,CE,Federal Contract Tower,0,9,43,0,52,0,4,72,0,76,0,13,115,0,128,104,2,106,234
03/11/2020,ANE,MN,AGL,CE,Federal Contract Tower,0,8,31,0,39,0,0,36,0,36,0,8,67,0,75,82,0,82,157
03/12/2020,ANE,MN,AGL,CE,Federal Contract Tower,0,6,9,0,15,0,0,2,0,2,0,6,11,0,17,0,0,0,17
03/13/2020,ANE,MN,AGL,CE,Federal Contract Tower,0,4,26,0,30,0,7,50,0,57,0,11,76,0,87,40,6,46,133
03/14/2020,ANE,MN,AGL,CE,Federal Contract Tower,0,7,14,0,21,0,1,78,0,79,0,8,92,0,100,100,0,100,200
03/15/2020,ANE,MN,AGL,CE,Federal Contract Tower,0,5,22,0,27,0,6,79,0,85,0,11,101,0,112,110,0,110,222
03/16/2020,ANE,MN,AGL,CE,Federal Contract Tower,0,3,7,0,10,0,0,2,0,2,0,3,9,0,12,0,0,0,12
03/17/2020,ANE,MN,AGL,CE,Federal Contract Tower,0,3,26,0,29,0,3,81,0,84,0,6,107,0,113,130,0,130,243
03/18/2020,ANE,MN,AGL,CE,Federal Contract Tower,0,7,8,0,15,0,0,0,0,0,0,7,8,0,15,0,0,0,15
03/19/2020,ANE,MN,AGL,CE,Federal Contract Tower,0,3,1,0,4,0,0,0,0,0,0,3,1,0,4,0,0,0,4
03/20/2020,ANE,MN,AGL,CE,Federal Contract Tower,0,2,12,0,14,0,4,34,0,38,0,6,46,0,52,40,0,40,92
03/21/2020,ANE,MN,AGL,CE,Federal Contract Tower,0,5,15,0,20,0,3,85,0,88,0,8,100,0,108,140,0,140,248
03/22/2020,ANE,MN,AGL,CE,Federal Contract Tower,0,2,5,0,7,0,2,8,0,10,0,4,13,0,17,6,0,6,23
03/23/2020,ANE,MN,AGL,CE,Federal Contract Tower,0,7,20,0,27,0,3,34,0,37,0,10,54,0,64,124,0,124,188
03/24/2020,ANE,MN,AGL,CE,Federal Contract Tower,0,2,5,0,7,0,3,18,0,21,0,5,23,0,28,78,0,78,106
03/25/2020,ANE,MN,AGL,CE,Federal Contract Tower,0,6,0,0,6,0,4,0,0,4,0,10,0,0,10,0,0,0,10
03/26/2020,ANE,MN,AGL,CE,Federal Contract Tower,0,7,25,0,32,0,0,77,0,77,0,7,102,0,109,88,0,88,197
03/27/2020,ANE,MN,AGL,CE,Federal Contract Tower,0,7,20,0,27,0,1,104,0,105,0,8,124,0,132,138,0,138,270
03/28/2020,ANE,MN,AGL,CE,Federal Contract Tower,0,4,2,0,6,0,2,14,0,16,0,6,16,0,22,44,0,44,66
03/29/2020,ANE,MN,AGL,CE,Federal Contract Tower,0,0,6,0,6,0,0,9,0,9,0,0,15,0,15,22,0,22,37
03/30/2020,ANE,MN,AGL,CE,Federal Contract Tower,0,9,21,0,30,0,0,97,0,97,0,9,118,0,127,94,0,94,221
03/31/2020,ANE,MN,AGL,CE,Federal Contract Tower,0,9,6,0,15,0,1,56,0,57,0,10,62,0,72,110,0,110,182
04/01/2020,ANE,MN,AGL,CE,Federal Contract Tower,0,5,9,0,14,0,0,39,0,39,0,5,48,0,53,44,0,44,97
04/02/2020,ANE,MN,AGL,CE,Federal Contract Tower,0,4,10,0,14,0,1,26,0,27,0,5,36,0,41,16,0,16,57
04/03/2020,ANE,MN,AGL,CE,Federal Contract Tower,0,3,0,0,3,0,0,0,0,0,0,3,0,0,3,0,0,0,3
04/04/2020,ANE,MN,AGL,CE,Federal Contract Tower,0,1,33,0,34,0,5,101,0,106,0,6,134,0,140,154,0,154,294
04/05/2020,ANE,MN,AGL,CE,Federal Contract Tower,0,0,39,0,39,0,6,115,0,121,0,6,154,0,160,164,0,164,324
04/06/2020,ANE,MN,AGL,CE,Federal Contract Tower,0,4,6,0,10,0,1,27,6,34,0,5,33,6,44,84,2,86,130
04/07/2020,ANE,MN,AGL,CE,Federal Contract Tower,0,2,15,0,17,0,4,38,0,42,0,6,53,0,59,128,0,128,187
04/08/2020,ANE,MN,AGL,CE,Federal Contract Tower,0,5,14,0,19,0,2,47,0,49,0,7,61,0,68,84,0,84,152
04/09/2020,ANE,MN,AGL,CE,Federal Contract Tower,0,5,4,0,9,0,2,8,0,10,0,7,12,0,19,26,0,26,45
04/10/2020,ANE,MN,AGL,CE,Federal Contract Tower,0,6,34,0,40,0,4,108,0,112,0,10,142,0,152,170,0,170,322
04/11/2020,ANE,MN,AGL,CE,Federal Contract Tower,0,3,20,0,23,0,3,109,0,112,0,6,129,0,135,158,0,158,293
04/12/2020,ANE,MN,AGL,CE,Federal Contract Tower,0,2,0,0,2,0,0,0,0,0,0,2,0,0,2,0,0,0,2
04/13/2020,ANE,MN,AGL,CE,Federal Contract Tower,0,3,0,0,3,0,2,11,0,13,0,5,11,0,16,4,0,4,20
04/14/2020,ANE,MN,AGL,CE,Federal Contract Tower,0,5,8,0,13,0,2,13,0,15,0,7,21,0,28,72,0,72,100
04/15/2020,ANE,MN,AGL,CE,Federal Contract Tower,0,6,20,0,26,0,2,55,0,57,0,8,75,0,83,86,0,86,169
04/16/2020,ANE,MN,AGL,CE,Federal Contract Tower,0,4,38,0,42,0,2,75,2,79,0,6,113,2,121,192,0,192,313
04/17/2020,ANE,MN,AGL,CE,Federal Contract Tower,0,3,17,0,20,0,6,63,0,69,0,9,80,0,89,92,0,92,181
04/18/2020,ANE,MN,AGL,CE,Federal Contract Tower,0,1,10,1,12,0,2,31,0,33,0,3,41,1,45,42,2,44,89
04/19/2020,ANE,MN,AGL,CE,Federal Contract Tower,0,0,5,0,5,0,5,62,0,67,0,5,67,0,72,94,0,94,166
04/20/2020,ANE,MN,AGL,CE,Federal Contract Tower,0,4,4,0,8,0,4,13,0,17,0,8,17,0,25,8,0,8,33
04/21/2020,ANE,MN,AGL,CE,Federal Contract Tower,0,2,42,0,44,0,2,79,0,81,0,4,121,0,125,170,0,170,295
04/22/2020,ANE,MN,AGL,CE,Federal Contract Tower,0,5,15,0,20,0,1,64,2,67,0,6,79,2,87,162,0,162,249
04/23/2020,ANE,MN,AGL,CE,Federal Contract Tower,0,10,17,0,27,0,6,82,6,94,0,16,99,6,121,160,0,160,281
04/24/2020,ANE,MN,AGL,CE,Federal Contract Tower,0,4,13,0,17,0,1,57,0,58,0,5,70,0,75,52,0,52,127
04/25/2020,ANE,MN,AGL,CE,Federal Contract Tower,0,4,20,0,24,0,2,91,0,93,0,6,111,0,117,136,0,136,253
04/26/2020,ANE,MN,AGL,CE,Federal Contract Tower,0,0,11,0,11,0,5,58,0,63,0,5,69,0,74,54,0,54,128
04/27/2020,ANE,MN,AGL,CE,Federal Contract Tower,0,5,15,2,22,0,0,70,0,70,0,5,85,2,92,108,0,108,200
04/28/2020,ANE,MN,AGL,CE,Federal Contract Tower,0,2,9,0,11,0,1,7,0,8,0,3,16,0,19,20,0,20,39
04/29/2020,ANE,MN,AGL,CE,Federal Contract Tower,0,3,10,0,13,0,7,16,0,23,0,10,26,0,36,56,0,56,92
04/30/2020,ANE,MN,AGL,CE,Federal Contract Tower,0,9,24,0,33,0,2,109,0,111,0,11,133,0,144,152,0,152,296
05/01/2020,ANE,MN,AGL,CE,Federal Contract Tower,0,4,16,0,20,0,8,39,0,47,0,12,55,0,67,82,0,82,149
05/02/2020,ANE,MN,AGL,CE,Federal Contract Tower,0,2,7,0,9,0,6,51,0,57,0,8,58,0,66,94,0,94,160
05/03/2020,ANE,MN,AGL,CE,Federal Contract Tower,0,0,21,0,21,0,4,60,0,64,0,4,81,0,85,104,0,104,189
05/04/2020,ANE,MN,AGL,CE,Federal Contract Tower,0,4,4,0,8,0,3,56,0,59,0,7,60,0,67,220,0,220,287
05/05/2020,ANE,MN,AGL,CE,Federal Contract Tower,0,2,10,0,12,0,6,38,0,44,0,8,48,0,56,174,0,174,230
05/06/2020,ANE,MN,AGL,CE,Federal Contract Tower,0,4,9,0,13,0,13,48,0,61,0,17,57,0,74,204,0,204,278
05/07/2020,ANE,MN,AGL,CE,Federal Contract Tower,0,5,18,0,23,0,5,90,0,95,0,10,108,0,118,284,0,284,402
05/08/2020,ANE,MN,AGL,CE,Federal Contract Tower,0,7,21,0,28,0,5,81,0,86,0,12,102,0,114,172,0,172,286
05/09/2020,ANE,MN,AGL,CE,Federal Contract Tower,0,3,15,0,18,0,0,59,0,59,0,3,74,0,77,98,0,98,175
05/10/2020,ANE,MN,AGL,CE,Federal Contract Tower,0,0,8,0,8,0,2,14,0,16,0,2,22,0,24,8,0,8,32
05/11/2020,ANE,MN,AGL,CE,Federal Contract Tower,0,5,15,0,20,0,0,59,0,59,0,5,74,0,79,166,0,166,245
05/12/2020,ANE,MN,AGL,CE,Federal Contract Tower,0,4,23,2,29,0,4,98,0,102,0,8,121,2,131,210,10,220,351
05/13/2020,ANE,MN,AGL,CE,Federal Contract Tower,0,5,23,0,28,0,4,27,0,31,0,9,50,0,59,82,0,82,141
05/14/2020,ANE,MN,AGL,CE,Federal Contract Tower,0,11,24,0,35,0,5,55,0,60,0,16,79,0,95,180,0,180,275
05/15/2020,ANE,MN,AGL,CE,Federal Contract Tower,0,4,14,0,18,0,10,95,0,105,0,14,109,0,123,166,0,166,289
05/16/2020,ANE,MN,AGL,CE,Federal Contract Tower,0,4,10,0,14,0,7,44,0,51,0,11,54,0,65,126,0,126,191
05/17/2020,ANE,MN,AGL,CE,Federal Contract Tower,0,0,5,0,5,0,3,0,0,3,0,3,5,0,8,22,0,22,30
05/18/2020,ANE,MN,AGL,CE,Federal Contract Tower,0,3,11,0,14,0,1,28,0,29,0,4,39,0,43,26,0,26,69
05/19/2020,ANE,MN,AGL,CE,Federal Contract Tower,0,6,27,0,33,0,2,83,0,85,0,8,110,0,118,340,0,340,458
05/20/2020,ANE,MN,AGL,CE,Federal Contract Tower,0,2,28,0,30,0,4,84,0,88,0,6,112,0,118,256,0,256,374
05/21/2020,ANE,MN,AGL,CE,Federal Contract Tower,0,6,36,0,42,0,5,83,0,88,0,11,119,0,130,162,0,162,292
05/22/2020,ANE,MN,AGL,CE,Federal Contract Tower,0,3,25,0,28,0,3,83,0,86,0,6,108,0,114,318,0,318,432
05/23/2020,ANE,MN,AGL,CE,Federal Contract Tower,0,5,11,0,16,0,3,10,0,13,0,8,21,0,29,38,0,38,67
05/24/2020,ANE,MN,AGL,CE,Federal Contract Tower,0,2,18,0,20,0,4,22,0,26,0,6,40,0,46,32,0,32,78
05/25/2020,ANE,MN,AGL,CE,Federal Contract Tower,0,3,16,0,19,0,0,56,0,56,0,3,72,0,75,56,0,56,131
05/26/2020,ANE,MN,AGL,CE,Federal Contract Tower,0,4,24,0,28,0,0,35,0,35,0,4,59,0,63,130,0,130,193
05/27/2020,ANE,MN,AGL,CE,Federal Contract Tower,0,2,67,0,69,0,9,102,0,111,0,11,169,0,180,310,0,310,490
05/28/2020,ANE,MN,AGL,CE,Federal Contract Tower,0,5,42,0,47,0,7,61,0,68,0,12,103,0,115,82,0,82,197
05/29/2020,ANE,MN,AGL,CE,Federal Contract Tower,0,7,22,0,29,0,5,57,0,62,0,12,79,0,91,206,0,206,297
05/30/2020,ANE,MN,AGL,CE,Federal Contract Tower,0,3,24,0,27,0,1,118,0,119,0,4,142,0,146,132,0,132,278
05/31/2020,ANE,MN,AGL,CE,Federal Contract Tower,0,2,11,0,13,0,11,85,0,96,0,13,96,0,109,32,0,32,141
06/01/2020,ANE,MN,AGL,CE,Federal Contract Tower,0,4,13,0,17,0,2,26,0,28,0,6,39,0,45,50,0,50,95
06/02/2020,ANE,MN,AGL,CE,Federal Contract Tower,0,4,12,0,16,0,3,61,0,64,0,7,73,0,80,228,0,228,308
06/03/2020,ANE,MN,AGL,CE,Federal Contract Tower,0,6,26,0,32,0,11,86,0,97,0,17,112,0,129,110,0,110,239
06/04/2020,ANE,MN,AGL,CE,Federal Contract Tower,0,3,19,0,22,0,1,62,0,63,0,4,81,0,85,140,0,140,225
06/05/2020,ANE,MN,AGL,CE,Federal Contract Tower,0,7,24,0,31,0,6,80,0,86,0,13,104,0,117,178,4,182,299
06/06/2020,ANE,MN,AGL,CE,Federal Contract Tower,0,6,22,0,28,0,1,104,0,105,0,7,126,0,133,156,0,156,289
06/07/2020,ANE,MN,AGL,CE,Federal Contract Tower,0,1,9,0,10,0,0,35,0,35,0,1,44,0,45,2,0,2,47
06/08/2020,ANE,MN,AGL,CE,Federal Contract Tower,0,6,6,0,12,0,8,21,0,29,0,14,27,0,41,16,0,16,57
06/09/2020,ANE,MN,AGL,CE,Federal Contract Tower,0,2,10,0,12,0,5,32,0,37,0,7,42,0,49,58,0,58,107
06/10/2020,ANE,MN,AGL,CE,Federal Contract Tower,0,4,13,0,17,0,5,7,0,12,0,9,20,0,29,2,0,2,31
06/11/2020,ANE,MN,AGL,CE,Federal Contract Tower,0,8,35,0,43,0,2,77,0,79,0,10,112,0,122,130,0,130,252
06/12/2020,ANE,MN,AGL,CE,Federal Contract Tower,0,4,56,0,60,0,6,150,0,156,0,10,206,0,216,360,0,360,576
06/13/2020,ANE,MN,AGL,CE,Federal Contract Tower,0,1,22,0,23,0,8,95,0,103,0,9,117,0,126,168,0,168,294
06/14/2020,ANE,MN,AGL,CE,Federal Contract Tower,0,2,14,0,16,0,4,23,0,27,0,6,37,0,43,0,0,0,43
06/15/2020,ANE,MN,AGL,CE,Federal Contract Tower,0,6,25,0,31,0,4,49,0,53,0,10,74,0,84,24,0,24,108
06/16/2020,ANE,MN,AGL,CE,Federal Contract Tower,0,7,28,0,35,0,11,57,0,68,0,18,85,0,103,66,0,66,169
06/17/2020,ANE,MN,AGL,CE,Federal Contract Tower,0,8,36,0,44,0,0,75,0,75,0,8,111,0,119,170,0,170,289
06/18/2020,ANE,MN,AGL,CE,Federal Contract Tower,0,6,21,0,27,0,3,52,0,55,0,9,73,0,82,154,0,154,236
06/19/2020,ANE,MN,AGL,CE,Federal Contract Tower,0,8,30,0,38,0,6,141,0,147,0,14,171,0,185,216,0,216,401
06/20/2020,ANE,MN,AGL,CE,Federal Contract Tower,0,1,15,0,16,0,2,106,0,108,0,3,121,0,124,224,0,224,348
06/21/2020,ANE,MN,AGL,CE,Federal Contract Tower,0,3,19,0,22,0,0,47,0,47,0,3,66,0,69,94,0,94,163
06/22/2020,ANE,MN,AGL,CE,Federal Contract Tower,0,10,19,0,29,0,4,88,0,92,0,14,107,0,121,202,0,202,323
06/23/2020,ANE,MN,AGL,CE,Federal Contract Tower,0,10,43,0,53,0,5,76,0,81,0,15,119,0,134,224,0,224,358
06/24/2020,ANE,MN,AGL,CE,Federal Contract Tower,0,14,44,0,58,0,2,150,0,152,0,16,194,0,210,264,0,264,474
06/25/2020,ANE,MN,AGL,CE,Federal Contract Tower,0,9,26,0,35,0,7,131,0,138,0,16,157,0,173,256,0,256,429
06/26/2020,ANE,MN,AGL,CE,Federal Contract Tower,0,7,31,0,38,0,6,57,0,63,0,13,88,0,101,92,0,92,193
06/27/2020,ANE,MN,AGL,CE,Federal Contract Tower,0,5,9,0,14,0,3,119,0,122,0,8,128,0,136,152,0,152,288
06/28/2020,ANE,MN,AGL,CE,Federal Contract Tower,0,2,20,0,22,0,9,67,0,76,0,11,87,0,98,34,0,34,132
06/29/2020,ANE,MN,AGL,CE,Federal Contract Tower,0,7,16,0,23,0,1,31,0,32,0,8,47,0,55,14,0,14,69
06/30/2020,ANE,MN,AGL,CE,Federal Contract Tower,0,12,36,0,48,0,3,41,0,44,0,15,77,0,92,74,0,74,166
07/01/2020,ANE,MN,AGL,CE,Federal Contract Tower,0,6,33,0,39,0,1,65,0,66,0,7,98,0,105,248,0,248,353
07/02/2020,ANE,MN,AGL,CE,Federal Contract Tower,0,10,42,0,52,0,1,94,0,95,0,11,136,0,147,264,0,264,411
07/03/2020,ANE,MN,AGL,CE,Federal Contract Tower,0,7,21,0,28,0,5,97,0,102,0,12,118,0,130,178,0,178,308
07/04/2020,ANE,MN,AGL,CE,Federal Contract Tower,0,2,9,0,11,0,10,58,0,68,0,12,67,0,79,88,0,88,167
07/05/2020,ANE,MN,AGL,CE,Federal Contract Tower,0,2,9,0,11,0,5,67,0,72,0,7,76,0,83,62,0,62,145
07/06/2020,ANE,MN,AGL,CE,Federal Contract Tower,0,7,11,0,18,0,4,50,0,54,0,11,61,0,72,152,0,152,224
07/07/2020,ANE,MN,AGL,CE,Federal Contract Tower,0,8,27,0,35,0,0,91,0,91,0,8,118,0,126,178,0,178,304
07/08/2020,ANE,MN,AGL,CE,Federal Contract Tower,0,6,28,0,34,0,6,57,2,65,0,12,85,2,99,56,16,72,171
07/09/2020,ANE,MN,AGL,CE,Federal Contract Tower,0,8,50,2,60,0,5,55,0,60,0,13,105,2,120,190,0,190,310
07/10/2020,ANE,MN,AGL,CE,Federal Contract Tower,0,8,39,0,47,0,2,115,0,117,0,10,154,0,164,160,0,160,324
07/11/2020,ANE,MN,AGL,CE,Federal Contract Tower,0,5,19,0,24,0,7,82,0,89,0,12,101,0,113,154,0,154,267
07/12/2020,ANE,MN,AGL,CE,Federal Contract Tower,0,1,18,0,19,0,8,90,0,98,0,9,108,0,117,122,0,122,239
07/13/2020,ANE,MN,AGL,CE,Federal Contract Tower,0,5,25,0,30,0,2,83,0,85,0,7,108,0,115,130,0,130,245
07/14/2020,ANE,MN,AGL,CE,Federal Contract Tower,0,8,19,0,27,0,5,38,0,43,0,13,57,0,70,60,0,60,130
07/15/2020,ANE,MN,AGL,CE,Federal Contract Tower,0,7,30,0,37,0,0,132,0,132,0,7,162,0,169,166,0,166,335
07/16/2020,ANE,MN,AGL,CE,Federal Contract Tower,0,9,27,0,36,0,4,105,0,109,0,13,132,0,145,210,0,210,355
07/17/2020,ANE,MN,AGL,CE,Federal Contract Tower,0,5,43,0,48,0,8,108,0,116,0,13,151,0,164,190,0,190,354
07/18/2020,ANE,MN,AGL,CE,Federal Contract Tower,0,5,10,0,15,0,0,73,0,73,0,5,83,0,88,88,0,88,176
07/19/2020,ANE,MN,AGL,CE,Federal Contract Tower,0,7,18,0,25,0,5,46,0,51,0,12,64,0,76,58,0,58,134
07/20/2020,ANE,MN,AGL,CE,Federal Contract Tower,0,9,28,0,37,0,5,99,0,104,0,14,127,0,141,124,0,124,265
07/21/2020,ANE,MN,AGL,CE,Federal Contract Tower,0,10,40,0,50,0,4,28,0,32,0,14,68,0,82,100,0,100,182
07/22/2020,ANE,MN,AGL,CE,Federal Contract Tower,0,5,34,0,39,0,7,79,0,86,0,12,113,0,125,174,0,174,299
07/23/2020,ANE,MN,AGL,CE,Federal Contract Tower,0,7,40,0,47,0,5,111,2,118,0,12,151,2,165,212,10,222,387
07/24/2020,ANE,MN,AGL,CE,Federal Contract Tower,0,8,42,0,50,0,12,73,0,85,0,20,115,0,135,132,0,132,267
07/25/2020,ANE,MN,AGL,CE,Federal Contract Tower,0,2,6,0,8,0,2,41,0,43,0,4,47,0,51,66,0,66,117
07/26/2020,ANE,MN,AGL,CE,Federal Contract Tower,0,7,13,0,20,0,4,19,0,23,0,11,32,0,43,108,0,108,151
07/27/2020,ANE,MN,AGL,CE,Federal Contract Tower,0,7,19,0,26,0,4,85,0,89,0,11,104,0,115,186,0,186,301
07/28/2020,ANE,MN,AGL,CE,Federal Contract Tower,0,11,34,0,45,0,2,112,0,114,0,13,146,0,159,214,0,214,373
07/29/2020,ANE,MN,AGL,CE,Federal Contract Tower,0,12,27,0,39,0,4,148,0,152,0,16,175,0,191,312,0,312,503
07/30/2020,ANE,MN,AGL,CE,Federal Contract Tower,0,11,30,0,41,0,3,111,0,114,0,14,141,0,155,250,0,250,405
07/31/2020,ANE,MN,AGL,CE,Federal Contract Tower,0,4,25,0,29,0,5,103,0,108,0,9,128,0,137,168,0,168,305
08/01/2020,ANE,MN,AGL,CE,Federal Contract Tower,0,2,10,0,12,0,8,76,0,84,0,10,86,0,96,124,0,124,220
08/02/2020,ANE,MN,AGL,CE,Federal Contract Tower,0,2,22,0,24,0,2,61,0,63,0,4,83,0,87,98,0,98,185
08/03/2020,ANE,MN,AGL,CE,Federal Contract Tower,0,5,28,0,33,0,2,93,0,95,0,7,121,0,128,260,0,260,388
08/04/2020,ANE,MN,AGL,CE,Federal Contract Tower,0,8,34,0,42,0,11,159,0,170,0,19,193,0,212,256,0,256,468
08/05/2020,ANE,MN,AGL,CE,Federal Contract Tower,0,7,31,0,38,0,3,111,0,114,0,10,142,0,152,200,0,200,352
08/06/2020,ANE,MN,AGL,CE,Federal Contract Tower,0,6,32,1,39,0,2,119,0,121,0,8,151,1,160,140,0,140,300
08/08/2020,ANE,MN,AGL,CE,Federal Contract Tower,0,5,35,0,40,0,6,42,0,48,0,11,77,0,88,140,0,140,228
08/09/2020,ANE,MN,AGL,CE,Federal Contract Tower,0,2,19,0,21,0,5,28,0,33,0,7,47,0,54,112,0,112,166
08/10/2020,ANE,MN,AGL,CE,Federal Contract Tower,0,9,33,0,42,0,3,111,0,114,0,12,144,0,156,276,0,276,432
08/11/2020,ANE,MN,AGL,CE,Federal Contract Tower,0,6,13,0,19,0,5,116,0,121,0,11,129,0,140,200,0,200,340
08/12/2020,ANE,MN,AGL,CE,Federal Contract Tower,0,3,15,0,18,0,0,29,0,29,0,3,44,0,47,50,0,50,97
08/13/2020,ANE,MN,AGL,CE,Federal Contract Tower,0,3,30,0,33,0,5,58,0,63,0,8,88,0,96,134,0,134,230
08/14/2020,ANE,MN,AGL,CE,Federal Contract Tower,0,6,9,0,15,0,7,12,0,19,0,13,21,0,34,34,0,34,68
08/15/2020,ANE,MN,AGL,CE,Federal Contract Tower,0,4,21,3,28,0,13,151,0,164,0,17,172,3,192,172,0,172,364
08/16/2020,ANE,MN,AGL,CE,Federal Contract Tower,0,1,23,0,24,0,9,89,0,98,0,10,112,0,122,58,0,58,180
08/17/2020,ANE,MN,AGL,CE,Federal Contract Tower,0,7,28,0,35,0,6,47,0,53,0,13,75,0,88,118,0,118,206
08/18/2020,ANE,MN,AGL,CE,Federal Contract Tower,0,6,28,0,34,0,9,146,0,155,0,15,174,0,189,216,0,216,405
08/19/2020,ANE,MN,AGL,CE,Federal Contract Tower,0,4,21,0,25,0,7,89,0,96,0,11,110,0,121,138,0,138,259
08/20/2020,ANE,MN,AGL,CE,Federal Contract Tower,0,9,29,0,38,0,1,99,0,100,0,10,128,0,138,210,0,210,348
08/21/2020,ANE,MN,AGL,CE,Federal Contract Tower,0,5,27,0,32,0,1,107,0,108,0,6,134,0,140,160,0,160,300
08/22/2020,ANE,MN,AGL,CE,Federal Contract Tower,0,3,20,0,23,0,4,83,0,87,0,7,103,0,110,172,0,172,282
08/23/2020,ANE,MN,AGL,CE,Federal Contract Tower,0,6,18,0,24,0,3,102,0,105,0,9,120,0,129,184,0,184,313
08/24/2020,ANE,MN,AGL,CE,Federal Contract Tower,0,7,15,0,22,0,2,50,0,52,0,9,65,0,74,134,0,134,208
08/25/2020,ANE,MN,AGL,CE,Federal Contract Tower,0,10,13,0,23,0,5,99,0,104,0,15,112,0,127,308,0,308,435
08/26/2020,ANE,MN,AGL,CE,Federal Contract Tower,0,11,25,0,36,0,4,78,0,82,0,15,103,0,118,164,0,164,282
08/27/2020,ANE,MN,AGL,CE,Federal Contract Tower,0,6,30,0,36,0,0,85,0,85,0,6,115,0,121,230,0,230,351
08/28/2020,ANE,MN,AGL,CE,Federal Contract Tower,0,6,27,0,33,0,2,54,0,56,0,8,81,0,89,96,0,96,185
08/29/2020,ANE,MN,AGL,CE,Federal Contract Tower,0,7,35,0,42,0,6,121,0,127,0,13,156,0,169,56,0,56,225
08/30/2020,ANE,MN,AGL,CE,Federal Contract Tower,0,4,23,0,27,0,4,88,0,92,0,8,111,0,119,58,0,58,177
08/31/2020,ANE,MN,AGL,CE,Federal Contract Tower,0,6,29,0,35,0,6,63,0,69,0,12,92,0,104,140,0,140,244
09/01/2020,ANE,MN,AGL,CE,Federal Contract Tower,0,12,41,2,55,0,2,87,0,89,0,14,128,2,144,196,0,196,340
09/02/2020,ANE,MN,AGL,CE,Federal Contract Tower,0,6,53,0,59,0,9,115,0,124,0,15,168,0,183,220,0,220,403
09/03/2020,ANE,MN,AGL,CE,Federal Contract Tower,0,11,20,0,31,0,1,28,0,29,0,12,48,0,60,22,0,22,82
09/04/2020,ANE,MN,AGL,CE,Federal Contract Tower,0,7,35,0,42,0,3,96,0,99,0,10,131,0,141,126,0,126,267
09/05/2020,ANE,MN,AGL,CE,Federal Contract Tower,0,6,14,0,20,0,5,109,0,114,0,11,123,0,134,130,0,130,264
09/06/2020,ANE,MN,AGL,CE,Federal Contract Tower,0,2,3,0,5,0,9,25,0,34,0,11,28,0,39,14,0,14,53
09/07/2020,ANE,MN,AGL,CE,Federal Contract Tower,0,3,30,0,33,0,0,47,0,47,0,3,77,0,80,58,0,58,138
09/08/2020,ANE,MN,AGL,CE,Federal Contract Tower,0,5,31,0,36,0,6,92,0,98,0,11,123,0,134,246,0,246,380
09/09/2020,ANE,MN,AGL,CE,Federal Contract Tower,0,6,39,0,45,0,2,42,0,44,0,8,81,0,89,62,0,62,151
09/10/2020,ANE,MN,AGL,CE,Federal Contract Tower,0,5,47,0,52,0,8,66,0,74,0,13,113,0,126,54,0,54,180
09/11/2020,ANE,MN,AGL,CE,Federal Contract Tower,0,9,37,0,46,0,2,80,0,82,0,11,117,0,128,116,0,116,244
09/12/2020,ANE,MN,AGL,CE,Federal Contract Tower,0,3,36,0,39,0,3,13,0,16,0,6,49,0,55,56,0,56,111
09/13/2020,ANE,MN,AGL,CE,Federal Contract Tower,0,7,13,0,20,0,8,87,0,95,0,15,100,0,115,116,0,116,231
09/14/2020,ANE,MN,AGL,CE,Federal Contract Tower,0,13,28,0,41,0,0,95,0,95,0,13,123,0,136,216,0,216,352
09/15/2020,ANE,MN,AGL,CE,Federal Contract Tower,0,5,19,0,24,0,4,39,0,43,0,9,58,0,67,122,0,122,189
09/16/2020,ANE,MN,AGL,CE,Federal Contract Tower,0,10,32,0,42,0,2,76,0,78,0,12,108,0,120,160,0,160,280
09/17/2020,ANE,MN,AGL,CE,Federal Contract Tower,0,8,25,0,33,0,2,128,0,130,0,10,153,0,163,162,0,162,325
09/18/2020,ANE,MN,AGL,CE,Federal Contract Tower,0,11,40,0,51,0,4,111,0,115,0,15,151,0,166,264,0,264,430
09/19/2020,ANE,MN,AGL,CE,Federal Contract Tower,0,3,23,0,26,0,11,102,0,113,0,14,125,0,139,152,0,152,291
09/20/2020,ANE,MN,AGL,CE,Federal Contract Tower,0,4,16,0,20,0,6,29,0,35,0,10,45,0,55,78,0,78,133
09/21/2020,ANE,MN,AGL,CE,Federal Contract Tower,0,9,42,0,51,0,0,63,0,63,0,9,105,0,114,112,0,112,226
09/22/2020,ANE,MN,AGL,CE,Federal Contract Tower,0,6,42,0,48,0,2,111,0,113,0,8,153,0,161,152,0,152,313
09/23/2020,ANE,MN,AGL,CE,Federal Contract Tower,0,7,26,0,33,0,7,68,0,75,0,14,94,0,108,130,0,130,238
09/24/2020,ANE,MN,AGL,CE,Federal Contract Tower,0,14,32,0,46,0,7,59,0,66,0,21,91,0,112,126,0,126,238
09/25/2020,ANE,MN,AGL,CE,Federal Contract Tower,0,14,35,0,49,0,15,86,0,101,0,29,121,0,150,138,0,138,288
09/26/2020,ANE,MN,AGL,CE,Federal Contract Tower,0,2,27,0,29,0,5,59,0,64,0,7,86,0,93,94,0,94,187
09/27/2020,ANE,MN,AGL,CE,Federal Contract Tower,0,2,15,0,17,0,0,51,0,51,0,2,66,0,68,54,0,54,122
09/28/2020,ANE,MN,AGL,CE,Federal Contract Tower,0,5,24,0,29,0,9,43,0,52,0,14,67,0,81,38,0,38,119
09/29/2020,ANE,MN,AGL,CE,Federal Contract Tower,0,11,29,0,40,0,3,88,0,91,0,14,117,0,131,222,0,222,353
09/30/2020,ANE,MN,AGL,CE,Federal Contract Tower,0,11,11,0,22,0,2,6,0,8,0,13,17,0,30,8,0,8,38
10/01/2020,ANE,MN,AGL,CE,Federal Contract Tower,0,9,32,0,41,0,0,34,0,34,0,9,66,0,75,116,0,116,191
10/02/2020,ANE,MN,AGL,CE,Federal Contract Tower,0,8,23,0,31,0,7,114,0,121,0,15,137,0,152,120,0,120,272
10/03/2020,ANE,MN,AGL,CE,Federal Contract Tower,0,2,20,0,22,0,3,71,0,74,0,5,91,0,96,62,0,62,158
10/04/2020,ANE,MN,AGL,CE,Federal Contract Tower,0,10,32,0,42,0,5,87,0,92,0,15,119,0,134,58,0,58,192
10/05/2020,ANE,MN,AGL,CE,Federal Contract Tower,0,4,13,0,17,0,7,12,0,19,0,11,25,0,36,6,0,6,42
10/06/2020,ANE,MN,AGL,CE,Federal Contract Tower,0,10,22,0,32,0,3,40,0,43,0,13,62,0,75,62,0,62,137
10/07/2020,ANE,MN,AGL,CE,Federal Contract Tower,0,11,51,0,62,0,2,92,0,94,0,13,143,0,156,74,0,74,230
10/08/2020,ANE,MN,AGL,CE,Federal Contract Tower,0,5,29,0,34,0,7,114,0,121,0,12,143,0,155,144,0,144,299
10/09/2020,ANE,MN,AGL,CE,Federal Contract Tower,0,7,20,0,27,0,7,85,0,92,0,14,105,0,119,158,0,158,277
10/10/2020,ANE,MN,AGL,CE,Federal Contract Tower,0,8,16,0,24,0,4,170,0,174,0,12,186,0,198,118,0,118,316
10/11/2020,ANE,MN,AGL,CE,Federal Contract Tower,0,4,13,0,17,0,0,25,0,25,0,4,38,0,42,14,0,14,56
10/12/2020,ANE,MN,AGL,CE,Federal Contract Tower,0,10,27,0,37,0,3,49,0,52,0,13,76,0,89,88,0,88,177
10/13/2020,ANE,MN,AGL,CE,Federal Contract Tower,0,4,26,0,30,0,3,41,0,44,0,7,67,0,74,64,0,64,138
10/14/2020,ANE,MN,AGL,CE,Federal Contract Tower,0,11,26,0,37,0,12,12,0,24,0,23,38,0,61,20,0,20,81
10/15/2020,ANE,MN,AGL,CE,Federal Contract Tower,0,6,15,3,24,0,2,76,0,78,0,8,91,3,102,106,0,106,208
10/16/2020,ANE,MN,AGL,CE,Federal Contract Tower,0,5,27,0,32,0,0,18,0,18,0,5,45,0,50,32,0,32,82
10/17/2020,ANE,MN,AGL,CE,Federal Contract Tower,0,5,17,0,22,0,0,56,0,56,0,5,73,0,78,88,0,88,166
10/18/2020,ANE,MN,AGL,CE,Federal Contract Tower,0,8,40,0,48,0,3,72,0,75,0,11,112,0,123,100,0,100,223
10/19/2020,ANE,MN,AGL,CE,Federal Contract Tower,0,4,5,0,9,0,0,6,0,6,0,4,11,0,15,58,0,58,73
10/20/2020,ANE,MN,AGL,CE,Federal Contract Tower,0,10,8,0,18,0,4,17,0,21,0,14,25,0,39,52,0,52,91
10/21/2020,ANE,MN,AGL,CE,Federal Contract Tower,0,5,47,0,52,0,2,43,0,45,0,7,90,0,97,122,0,122,219
10/22/2020,ANE,MN,AGL,CE,Federal Contract Tower,0,6,20,0,26,0,0,5,0,5,0,6,25,0,31,12,0,12,43
10/23/2020,ANE,MN,AGL,CE,Federal Contract Tower,0,4,11,0,15,0,1,16,0,17,0,5,27,0,32,54,0,54,86
10/24/2020,ANE,MN,AGL,CE,Federal Contract Tower,0,2,30,0,32,0,0,104,0,104,0,2,134,0,136,156,0,156,292
10/25/2020,ANE,MN,AGL,CE,Federal Contract Tower,0,2,7,0,9,0,0,0,0,0,0,2,7,0,9,0,0,0,9
10/26/2020,ANE,MN,AGL,CE,Federal Contract Tower,0,10,15,0,25,0,5,57,0,62,0,15,72,0,87,142,0,142,229
10/27/2020,ANE,MN,AGL,CE,Federal Contract Tower,0,12,18,0,30,0,3,62,0,65,0,15,80,0,95,68,0,68,163
10/28/2020,ANE,MN,AGL,CE,Federal Contract Tower,0,3,29,2,34,0,0,72,0,72,0,3,101,2,106,158,0,158,264
10/29/2020,ANE,MN,AGL,CE,Federal Contract Tower,0,7,28,0,35,0,3,93,0,96,0,10,121,0,131,176,6,182,313
10/30/2020,ANE,MN,AGL,CE,Federal Contract Tower,0,3,29,0,32,0,4,81,0,85,0,7,110,0,117,170,0,170,287
10/31/2020,ANE,MN,AGL,CE,Federal Contract Tower,0,7,13,0,20,0,12,37,0,49,0,19,50,0,69,20,0,20,89
11/01/2020,ANE,MN,AGL,CE,Federal Contract Tower,0,1,14,0,15,0,4,29,0,33,0,5,43,0,48,40,0,40,88
11/02/2020,ANE,MN,AGL,CE,Federal Contract Tower,0,3,17,0,20,0,6,65,0,71,0,9,82,0,91,168,0,168,259
11/03/2020,ANE,MN,AGL,CE,Federal Contract Tower,0,6,37,0,43,0,6,75,4,85,0,12,112,4,128,166,0,166,294
11/04/2020,ANE,MN,AGL,CE,Federal Contract Tower,0,60,27,0,87,0,7,61,0,68,0,67,88,0,155,80,14,94,249
11/05/2020,ANE,MN,AGL,CE,Federal Contract Tower,0,4,34,0,38,0,3,81,0,84,0,7,115,0,122,176,0,176,298
11/06/2020,ANE,MN,AGL,CE,Federal Contract Tower,0,3,31,0,34,0,6,66,0,72,0,9,97,0,106,106,24,130,236
11/07/2020,ANE,MN,AGL,CE,Federal Contract Tower,0,8,5,0,13,0,5,59,0,64,0,13,64,0,77,64,0,64,141
11/08/2020,ANE,MN,AGL,CE,Federal Contract Tower,0,5,5,0,10,0,0,19,0,19,0,5,24,0,29,14,0,14,43
11/09/2020,ANE,MN,AGL,CE,Federal Contract Tower,0,3,11,0,14,0,0,0,0,0,0,3,11,0,14,0,0,0,14
11/10/2020,ANE,MN,AGL,CE,Federal Contract Tower,0,2,8,0,10,0,10,0,0,10,0,12,8,0,20,10,0,10,30
11/11/2020,ANE,MN,AGL,CE,Federal Contract Tower,0,15,28,0,43,0,3,77,0,80,0,18,105,0,123,186,0,186,309
11/12/2020,ANE,MN,AGL,CE,Federal Contract Tower,0,7,14,0,21,0,2,24,0,26,0,9,38,0,47,86,0,86,133
11/13/2020,ANE,MN,AGL,CE,Federal Contract Tower,0,6,31,0,37,0,4,63,0,67,0,10,94,0,104,110,0,110,214
11/14/2020,ANE,MN,AGL,CE,Federal Contract Tower,0,9,5,0,14,0,0,26,0,26,0,9,31,0,40,6,0,6,46
11/15/2020,ANE,MN,AGL,CE,Federal Contract Tower,0,2,9,0,11,0,3,2,0,5,0,5,11,0,16,4,0,4,20
11/16/2020,ANE,MN,AGL,CE,Federal Contract Tower,0,5,17,0,22,0,0,34,0,34,0,5,51,0,56,92,0,92,148
11/17/2020,ANE,MN,AGL,CE,Federal Contract Tower,0,2,38,0,40,0,5,73,2,80,0,7,111,2,120,94,0,94,214
11/18/2020,ANE,MN,AGL,CE,Federal Contract Tower,0,6,24,0,30,0,4,25,0,29,0,10,49,0,59,10,0,10,69
11/19/2020,ANE,MN,AGL,CE,Federal Contract Tower,0,7,43,0,50,0,0,119,0,119,0,7,162,0,169,172,0,172,341
11/20/2020,ANE,MN,AGL,CE,Federal Contract Tower,0,6,33,0,39,0,6,54,0,60,0,12,87,0,99,86,0,86,185
11/21/2020,ANE,MN,AGL,CE,Federal Contract Tower,0,2,33,0,35,0,2,117,0,119,0,4,150,0,154,216,0,216,370
11/22/2020,ANE,MN,AGL,CE,Federal Contract Tower,0,5,22,0,27,0,10,10,0,20,0,15,32,0,47,52,0,52,99
11/23/2020,ANE,MN,AGL,CE,Federal Contract Tower,0,4,28,0,32,0,1,77,0,78,0,5,105,0,110,194,0,194,304
11/24/2020,ANE,MN,AGL,CE,Federal Contract Tower,0,14,9,0,23,0,0,0,0,0,0,14,9,0,23,0,0,0,23
11/25/2020,ANE,MN,AGL,CE,Federal Contract Tower,0,9,13,0,22,0,0,5,0,5,0,9,18,0,27,4,0,4,31
11/26/2020,ANE,MN,AGL,CE,Federal Contract Tower,0,0,3,0,3,0,8,5,0,13,0,8,8,0,16,0,0,0,16
11/27/2020,ANE,MN,AGL,CE,Federal Contract Tower,0,3,28,0,31,0,3,112,0,115,0,6,140,0,146,190,0,190,336
11/28/2020,ANE,MN,AGL,CE,Federal Contract Tower,0,3,39,0,42,0,4,157,0,161,0,7,196,0,203,160,0,160,363
11/29/2020,ANE,MN,AGL,CE,Federal Contract Tower,0,7,8,0,15,0,3,17,0,20,0,10,25,0,35,12,0,12,47
11/30/2020,ANE,MN,AGL,CE,Federal Contract Tower,0,9,18,0,27,0,4,71,0,75,0,13,89,0,102,134,0,134,236
12/01/2020,ANE,MN,AGL,CE,Federal Contract Tower,0,5,19,0,24,0,2,71,0,73,0,7,90,0,97,76,0,76,173
12/02/2020,ANE,MN,AGL,CE,Federal Contract Tower,0,11,39,0,50,0,4,72,0,76,0,15,111,0,126,140,0,140,266
12/03/2020,ANE,MN,AGL,CE,Federal Contract Tower,0,12,28,0,40,0,7,70,0,77,0,19,98,0,117,86,0,86,203
12/04/2020,ANE,MN,AGL,CE,Federal Contract Tower,0,12,27,0,39,0,1,105,0,106,0,13,132,0,145,190,0,190,335
12/05/2020,ANE,MN,AGL,CE,Federal Contract Tower,0,4,18,0,22,0,5,115,0,120,0,9,133,0,142,186,0,186,328
12/06/2020,ANE,MN,AGL,CE,Federal Contract Tower,0,5,16,0,21,0,1,19,0,20,0,6,35,0,41,86,0,86,127
12/07/2020,ANE,MN,AGL,CE,Federal Contract Tower,0,5,10,0,15,0,0,1,0,1,0,5,11,0,16,0,0,0,16
12/08/2020,ANE,MN,AGL,CE,Federal Contract Tower,0,5,25,0,30,0,3,32,0,35,0,8,57,0,65,44,8,52,117
12/09/2020,ANE,MN,AGL,CE,Federal Contract Tower,0,5,32,0,37,0,6,137,0,143,0,11,169,0,180,250,0,250,430
12/10/2020,ANE,MN,AGL,CE,Federal Contract Tower,0,5,29,1,35,0,2,82,0,84,0,7,111,1,119,150,2,152,271
12/11/2020,ANE,MN,AGL,CE,Federal Contract Tower,0,9,24,0,33,0,4,70,0,74,0,13,94,0,107,106,0,106,213
12/12/2020,ANE,MN,AGL,CE,Federal Contract Tower,0,3,17,0,20,0,3,30,0,33,0,6,47,0,53,100,0,100,153
12/13/2020,ANE,MN,AGL,CE,Federal Contract Tower,0,4,7,0,11,0,2,8,0,10,0,6,15,0,21,20,0,20,41
12/14/2020,ANE,MN,AGL,CE,Federal Contract Tower,0,7,22,0,29,0,4,49,0,53,0,11,71,0,82,44,0,44,126
12/15/2020,ANE,MN,AGL,CE,Federal Contract Tower,0,8,21,0,29,0,3,41,2,46,0,11,62,2,75,114,0,114,189
12/16/2020,ANE,MN,AGL,CE,Federal Contract Tower,0,7,43,2,52,0,0,71,2,73,0,7,114,4,125,152,4,156,281
12/17/2020,ANE,MN,AGL,CE,Federal Contract Tower,0,11,43,1,55,0,0,41,2,43,0,11,84,3,98,96,18,114,212
12/18/2020,ANE,MN,AGL,CE,Federal Contract Tower,0,9,16,0,25,0,0,25,0,25,0,9,41,0,50,50,0,50,100
12/19/2020,ANE,MN,AGL,CE,Federal Contract Tower,0,7,9,0,16,0,0,16,0,16,0,7,25,0,32,132,0,132,164
12/20/2020,ANE,MN,AGL,CE,Federal Contract Tower,0,1,20,0,21,0,2,125,0,127,0,3,145,0,148,104,0,104,252
12/21/2020,ANE,MN,AGL,CE,Federal Contract Tower,0,5,10,0,15,0,3,3,0,6,0,8,13,0,21,0,0,0,21
12/22/2020,ANE,MN,AGL,CE,Federal Contract Tower,0,9,37,0,46,0,0,71,4,75,0,9,108,4,121,108,0,108,229
12/23/2020,ANE,MN,AGL,CE,Federal Contract Tower,0,1,5,0,6,0,0,0,0,0,0,1,5,0,6,2,0,2,8
12/24/2020,ANE,MN,AGL,CE,Federal Contract Tower,0,7,5,0,12,0,5,2,0,7,0,12,7,0,19,0,0,0,19
12/25/2020,ANE,MN,AGL,CE,Federal Contract Tower,0,2,5,0,7,0,5,22,0,27,0,7,27,0,34,0,0,0,34
12/26/2020,ANE,MN,AGL,CE,Federal Contract Tower,0,3,11,0,14,0,0,2,0,2,0,3,13,0,16,12,0,12,28
12/27/2020,ANE,MN,AGL,CE,Federal Contract Tower,0,2,8,0,10,0,0,0,0,0,0,2,8,0,10,0,0,0,10
12/28/2020,ANE,MN,AGL,CE,Federal Contract Tower,0,7,15,0,22,0,5,53,0,58,0,12,68,0,80,138,0,138,218
12/29/2020,ANE,MN,AGL,CE,Federal Contract Tower,0,5,12,0,17,0,0,22,2,24,0,5,34,2,41,10,2,12,53
12/30/2020,ANE,MN,AGL,CE,Federal Contract Tower,0,5,5,0,10,0,4,8,0,12,0,9,13,0,22,8,0,8,30
12/31/2020,ANE,MN,AGL,CE,Federal Contract Tower,0,6,19,0,25,0,2,11,0,13,0,8,30,0,38,78,0,78,116
01/01/2021,ANE,MN,AGL,CE,Federal Contract Tower,0,3,6,0,9,0,0,40,0,40,0,3,46,0,49,210,0,210,259
01/02/2021,ANE,MN,AGL,CE,Federal Contract Tower,0,6,17,0,23,0,3,13,0,16,0,9,30,0,39,34,0,34,73
01/03/2021,ANE,MN,AGL,CE,Federal Contract Tower,0,1,40,0,41,0,0,102,0,102,0,1,142,0,143,150,0,150,293
01/04/2021,ANE,MN,AGL,CE,Federal Contract Tower,0,8,17,0,25,0,2,44,0,46,0,10,61,0,71,82,0,82,153
01/05/2021,ANE,MN,AGL,CE,Federal Contract Tower,0,14,21,0,35,0,0,67,0,67,0,14,88,0,102,84,10,94,196
01/06/2021,ANE,MN,AGL,CE,Federal Contract Tower,0,7,22,0,29,0,0,40,4,44,0,7,62,4,73,72,4,76,149
01/07/2021,ANE,MN,AGL,CE,Federal Contract Tower,0,8,3,0,11,0,0,0,0,0,0,8,3,0,11,0,0,0,11
01/08/2021,ANE,MN,AGL,CE,Federal Contract Tower,0,3,10,0,13,0,0,0,0,0,0,3,10,0,13,0,0,0,13
01/09/2021,ANE,MN,AGL,CE,Federal Contract Tower,0,6,4,0,10,0,0,0,0,0,0,6,4,0,10,0,0,0,10
01/10/2021,ANE,MN,AGL,CE,Federal Contract Tower,0,3,14,0,17,0,1,1,0,2,0,4,15,0,19,10,0,10,29
01/11/2021,ANE,MN,AGL,CE,Federal Contract Tower,0,3,27,0,30,0,3,75,0,78,0,6,102,0,108,84,0,84,192
01/12/2021,ANE,MN,AGL,CE,Federal Contract Tower,0,8,25,0,33,0,1,57,0,58,0,9,82,0,91,158,4,162,253
01/13/2021,ANE,MN,AGL,CE,Federal Contract Tower,0,7,40,0,47,0,1,106,0,107,0,8,146,0,154,256,2,258,412
01/14/2021,ANE,MN,AGL,CE,Federal Contract Tower,0,4,5,0,9,0,0,0,0,0,0,4,5,0,9,0,0,0,9
01/15/2021,ANE,MN,AGL,CE,Federal Contract Tower,0,4,3,0,7,0,0,0,0,0,0,4,3,0,7,0,0,0,7
01/16/2021,ANE,MN,AGL,CE,Federal Contract Tower,0,2,7,0,9,0,2,7,0,9,0,4,14,0,18,16,0,16,34
01/17/2021,ANE,MN,AGL,CE,Federal Contract Tower,0,1,12,0,13,0,0,2,0,2,0,1,14,0,15,24,0,24,39
01/18/2021,ANE,MN,AGL,CE,Federal Contract Tower,0,7,11,0,18,0,4,53,0,57,0,11,64,0,75,94,0,94,169
01/19/2021,ANE,MN,AGL,CE,Federal Contract Tower,0,4,29,0,33,0,4,31,2,37,0,8,60,2,70,24,0,24,94
01/20/2021,ANE,MN,AGL,CE,Federal Contract Tower,0,5,37,0,42,0,4,55,2,61,0,9,92,2,103,74,0,74,177
01/21/2021,ANE,MN,AGL,CE,Federal Contract Tower,0,6,34,0,40,0,2,43,0,45,0,8,77,0,85,126,12,138,223
01/22/2021,ANE,MN,AGL,CE,Federal Contract Tower,0,3,30,0,33,0,2,111,0,113,0,5,141,0,146,126,0,126,272
01/23/2021,ANE,MN,AGL,CE,Federal Contract Tower,0,3,3,0,6,0,0,25,0,25,0,3,28,0,31,78,0,78,109
01/24/2021,ANE,MN,AGL,CE,Federal Contract Tower,0,0,22,0,22,0,2,51,0,53,0,2,73,0,75,98,0,98,173
01/25/2021,ANE,MN,AGL,CE,Federal Contract Tower,0,5,20,0,25,0,0,45,2,47,0,5,65,2,72,128,0,128,200
01/26/2021,ANE,MN,AGL,CE,Federal Contract Tower,0,8,30,4,42,0,2,67,0,69,0,10,97,4,111,168,0,168,279
01/27/2021,ANE,MN,AGL,CE,Federal Contract Tower,0,5,30,0,35,0,2,69,2,73,0,7,99,2,108,112,6,118,226
01/28/2021,ANE,MN,AGL,CE,Federal Contract Tower,0,7,32,0,39,0,0,59,0,59,0,7,91,0,98,106,0,106,204
01/29/2021,ANE,MN,AGL,CE,Federal Contract Tower,0,8,6,0,14,0,0,17,0,17,0,8,23,0,31,44,0,44,75
01/30/2021,ANE,MN,AGL,CE,Federal Contract Tower,0,1,11,0,12,0,0,24,0,24,0,1,35,0,36,76,0,76,112
01/31/2021,ANE,MN,AGL,CE,Federal Contract Tower,0,7,12,0,19,0,6,19,0,25,0,13,31,0,44,24,0,24,68
02/01/2021,ANE,MN,AGL,CE,Federal Contract Tower,0,4,17,0,21,0,2,35,0,37,0,6,52,0,58,138,0,138,196
02/02/2021,ANE,MN,AGL,CE,Federal Contract Tower,0,10,17,0,27,0,0,11,0,11,0,10,28,0,38,22,0,22,60
02/03/2021,ANE,MN,AGL,CE,Federal Contract Tower,0,10,12,4,26,0,0,66,0,66,0,10,78,4,92,128,6,134,226
02/04/2021,ANE,MN,AGL,CE,Federal Contract Tower,0,2,9,0,11,0,0,0,0,0,0,2,9,0,11,0,0,0,11
02/05/2021,ANE,MN,AGL,CE,Federal Contract Tower,0,6,34,0,40,0,4,19,2,25,0,10,53,2,65,16,12,28,93
02/06/2021,ANE,MN,AGL,CE,Federal Contract Tower,0,5,14,0,19,0,2,15,0,17,0,7,29,0,36,6,0,6,42
02/07/2021,ANE,MN,AGL,CE,Federal Contract Tower,0,1,8,0,9,0,0,21,0,21,0,1,29,0,30,30,0,30,60
02/08/2021,ANE,MN,AGL,CE,Federal Contract Tower,0,4,18,0,22,0,7,32,0,39,0,11,50,0,61,34,0,34,95
02/09/2021,ANE,MN,AGL,CE,Federal Contract Tower,0,8,33,0,41,0,4,51,0,55,0,12,84,0,96,86,2,88,184
02/10/2021,ANE,MN,AGL,CE,Federal Contract Tower,0,4,27,0,31,0,1,46,0,47,0,5,73,0,78,82,0,82,160
02/11/2021,ANE,MN,AGL,CE,Federal Contract Tower,0,8,6,4,18,0,2,10,0,12,0,10,16,4,30,68,0,68,98
02/12/2021,ANE,MN,AGL,CE,Federal Contract Tower,0,4,22,0,26,0,5,29,0,34,0,9,51,0,60,82,0,82,142
02/13/2021,ANE,MN,AGL,CE,Federal Contract Tower,0,3,11,0,14,0,2,15,0,17,0,5,26,0,31,20,0,20,51
02/14/2021,ANE,MN,AGL,CE,Federal Contract Tower,0,4,4,0,8,0,2,2,0,4,0,6,6,0,12,0,0,0,12
02/15/2021,ANE,MN,AGL,CE,Federal Contract Tower,0,1,11,0,12,0,5,10,0,15,0,6,21,0,27,52,0,52,79
02/16/2021,ANE,MN,AGL,CE,Federal Contract Tower,0,8,32,0,40,0,5,57,0,62,0,13,89,0,102,130,0,130,232
02/17/2021,ANE,MN,AGL,CE,Federal Contract Tower,0,15,8,2,25,0,0,2,0,2,0,15,10,2,27,0,0,0,27
02/18/2021,ANE,MN,AGL,CE,Federal Contract Tower,0,6,18,0,24,0,3,21,2,26,0,9,39,2,50,96,14,110,160
02/19/2021,ANE,MN,AGL,CE,Federal Contract Tower,0,6,26,0,32,0,4,101,0,105,0,10,127,0,137,188,0,188,325
02/20/2021,ANE,MN,AGL,CE,Federal Contract Tower,0,5,21,0,26,0,2,106,0,108,0,7,127,0,134,118,0,118,252
02/21/2021,ANE,MN,AGL,CE,Federal Contract Tower,0,6,2,0,8,0,2,2,0,4,0,8,4,0,12,20,0,20,32
02/22/2021,ANE,MN,AGL,CE,Federal Contract Tower,0,4,29,0,33,0,0,43,0,43,0,4,72,0,76,72,0,72,148
02/23/2021,ANE,MN,AGL,CE,Federal Contract Tower,0,9,19,0,28,0,0,61,0,61,0,9,80,0,89,136,0,136,225
02/24/2021,ANE,MN,AGL,CE,Federal Contract Tower,0,9,33,0,42,0,8,70,0,78,0,17,103,0,120,150,2,152,272
02/25/2021,ANE,MN,AGL,CE,Federal Contract Tower,0,9,65,0,74,0,3,119,0,122,0,12,184,0,196,198,0,198,394
02/26/2021,ANE,MN,AGL,CE,Federal Contract Tower,0,3,21,0,24,0,0,14,0,14,0,3,35,0,38,4,8,12,50
02/27/2021,ANE,MN,AGL,CE,Federal Contract Tower,0,2,22,0,24,0,4,109,0,113,0,6,131,0,137,166,0,166,303
02/28/2021,ANE,MN,AGL,CE,Federal Contract Tower,0,5,5,0,10,0,0,13,0,13,0,5,18,0,23,10,0,10,33
03/01/2021,ANE,MN,AGL,CE,Federal Contract Tower,0,6,30,0,36,0,6,51,0,57,0,12,81,0,93,104,0,104,197
03/02/2021,ANE,MN,AGL,CE,Federal Contract Tower,0,5,20,0,25,0,6,37,0,43,0,11,57,0,68,70,0,70,138
03/03/2021,ANE,MN,AGL,CE,Federal Contract Tower,0,11,25,0,36,0,4,107,0,111,0,15,132,0,147,152,0,152,299
03/04/2021,ANE,MN,AGL,CE,Federal Contract Tower,0,7,29,0,36,0,5,63,0,68,0,12,92,0,104,110,0,110,214
03/05/2021,ANE,MN,AGL,CE,Federal Contract Tower,0,3,41,0,44,0,2,102,0,104,0,5,143,0,148,102,0,102,250
03/06/2021,ANE,MN,AGL,CE,Federal Contract Tower,0,5,20,0,25,0,0,136,0,136,0,5,156,0,161,158,0,158,319
03/07/2021,ANE,MN,AGL,CE,Federal Contract Tower,0,0,7,0,7,0,0,32,0,32,0,0,39,0,39,16,0,16,55
03/08/2021,ANE,MN,AGL,CE,Federal Contract Tower,0,13,27,0,40,0,4,81,0,85,0,17,108,0,125,234,0,234,359
03/09/2021,ANE,MN,AGL,CE,Federal Contract Tower,0,9,20,0,29,0,6,39,2,47,0,15,59,2,76,34,4,38,114
03/10/2021,ANE,MN,AGL,CE,Federal Contract Tower,0,8,19,0,27,0,0,0,0,0,0,8,19,0,27,0,0,0,27
03/11/2021,ANE,MN,AGL,CE,Federal Contract Tower,0,8,26,0,34,0,1,46,0,47,0,9,72,0,81,90,0,90,171
03/12/2021,ANE,MN,AGL,CE,Federal Contract Tower,0,5,25,0,30,0,0,90,0,90,0,5,115,0,120,130,0,130,250
03/13/2021,ANE,MN,AGL,CE,Federal Contract Tower,0,2,40,0,42,0,4,124,0,128,0,6,164,0,170,202,0,202,372
03/14/2021,ANE,MN,AGL,CE,Federal Contract Tower,0,3,23,0,26,0,4,57,0,61,0,7,80,0,87,74,0,74,161
03/15/2021,ANE,MN,AGL,CE,Federal Contract Tower,0,3,6,0,9,0,0,4,0,4,0,3,10,0,13,0,0,0,13
03/16/2021,ANE,MN,AGL,CE,Federal Contract Tower,0,8,10,0,18,0,2,20,0,22,0,10,30,0,40,82,0,82,122
03/17/2021,ANE,MN,AGL,CE,Federal Contract Tower,0,9,19,0,28,0,2,20,0,22,0,11,39,0,50,86,0,86,136
03/18/2021,ANE,MN,AGL,CE,Federal Contract Tower,0,8,36,0,44,0,4,58,0,62,0,12,94,0,106,112,0,112,218
03/19/2021,ANE,MN,AGL,CE,Federal Contract Tower,0,6,20,0,26,0,2,139,0,141,0,8,159,0,167,196,0,196,363
03/20/2021,ANE,MN,AGL,CE,Federal Contract Tower,0,2,26,0,28,0,3,58,0,61,0,5,84,0,89,66,0,66,155
03/21/2021,ANE,MN,AGL,CE,Federal Contract Tower,0,2,16,0,18,0,4,8,0,12,0,6,24,0,30,16,0,16,46
03/22/2021,ANE,MN,AGL,CE,Federal Contract Tower,0,15,23,0,38,0,4,91,0,95,0,19,114,0,133,132,0,132,265
03/23/2021,ANE,MN,AGL,CE,Federal Contract Tower,0,9,15,4,28,0,0,25,0,25,0,9,40,4,53,28,22,50,103
03/24/2021,ANE,MN,AGL,CE,Federal Contract Tower,0,8,4,0,12,0,2,2,0,4,0,10,6,0,16,0,0,0,16
03/25/2021,ANE,MN,AGL,CE,Federal Contract Tower,0,7,48,0,55,0,4,89,0,93,0,11,137,0,148,200,6,206,354
03/26/2021,ANE,MN,AGL,CE,Federal Contract Tower,0,4,28,0,32,0,3,69,0,72,0,7,97,0,104,178,0,178,282
03/27/2021,ANE,MN,AGL,CE,Federal Contract Tower,0,5,30,0,35,0,0,9,0,9,0,5,39,0,44,42,0,42,86
03/28/2021,ANE,MN,AGL,CE,Federal Contract Tower,0,2,14,0,16,0,11,105,0,116,0,13,119,0,132,126,0,126,258
03/29/2021,ANE,MN,AGL,CE,Federal Contract Tower,0,4,16,0,20,0,4,11,0,15,0,8,27,0,35,14,0,14,49
03/30/2021,ANE,MN,AGL,CE,Federal Contract Tower,0,5,19,0,24,0,0,17,0,17,0,5,36,0,41,4,0,4,45
03/31/2021,ANE,MN,AGL,CE,Federal Contract Tower,0,9,25,0,34,0,0,59,0,59,0,9,84,0,93,52,0,52,145
04/01/2021,ANE,MN,AGL,CE,Federal Contract Tower,0,22,52,0,74,0,0,181,0,181,0,22,233,0,255,194,0,194,449
04/02/2021,ANE,MN,AGL,CE,Federal Contract Tower,0,2,18,0,20,0,2,41,0,43,0,4,59,0,63,46,4,50,113
04/03/2021,ANE,MN,AGL,CE,Federal Contract Tower,0,5,22,0,27,0,4,128,0,132,0,9,150,0,159,136,0,136,295
04/04/2021,ANE,MN,AGL,CE,Federal Contract Tower,0,1,13,0,14,0,0,46,0,46,0,1,59,0,60,58,0,58,118
04/05/2021,ANE,MN,AGL,CE,Federal Contract Tower,0,4,41,0,45,0,2,89,0,91,0,6,130,0,136,130,0,130,266
04/06/2021,ANE,MN,AGL,CE,Federal Contract Tower,0,13,21,2,36,0,3,62,0,65,0,16,83,2,101,142,0,142,243
04/07/2021,ANE,MN,AGL,CE,Federal Contract Tower,0,8,24,0,32,0,1,10,0,11,0,9,34,0,43,26,0,26,69
04/08/2021,ANE,MN,AGL,CE,Federal Contract Tower,0,9,25,0,34,0,0,3,0,3,0,9,28,0,37,4,0,4,41
04/09/2021,ANE,MN,AGL,CE,Federal Contract Tower,0,5,27,0,32,0,0,0,0,0,0,5,27,0,32,2,0,2,34
04/10/2021,ANE,MN,AGL,CE,Federal Contract Tower,0,4,20,0,24,0,5,57,0,62,0,9,77,0,86,228,0,228,314
04/11/2021,ANE,MN,AGL,CE,Federal Contract Tower,0,3,15,0,18,0,4,40,0,44,0,7,55,0,62,186,0,186,248
04/12/2021,ANE,MN,AGL,CE,Federal Contract Tower,0,4,20,0,24,0,0,2,0,2,0,4,22,0,26,24,0,24,50
04/13/2021,ANE,MN,AGL,CE,Federal Contract Tower,0,0,5,2,7,0,0,6,0,6,0,0,11,2,13,20,4,24,37
04/14/2021,ANE,MN,AGL,CE,Federal Contract Tower,0,6,10,0,16,0,2,11,0,13,0,8,21,0,29,46,0,46,75
04/15/2021,ANE,MN,AGL,CE,Federal Contract Tower,0,5,25,0,30,0,4,60,0,64,0,9,85,0,94,178,8,186,280
04/16/2021,ANE,MN,AGL,CE,Federal Contract Tower,0,9,33,0,42,0,8,117,2,127,0,17,150,2,169,128,0,128,297
04/17/2021,ANE,MN,AGL,CE,Federal Contract Tower,0,2,23,0,25,0,6,139,2,147,0,8,162,2,172,222,0,222,394
04/18/2021,ANE,MN,AGL,CE,Federal Contract Tower,0,4,18,0,22,0,1,71,0,72,0,5,89,0,94,134,0,134,228
04/19/2021,ANE,MN,AGL,CE,Federal Contract Tower,0,6,13,0,19,0,3,34,0,37,0,9,47,0,56,110,0,110,166
04/20/2021,ANE,MN,AGL,CE,Federal Contract Tower,0,8,37,0,45,0,3,79,0,82,0,11,116,0,127,196,8,204,331
04/21/2021,ANE,MN,AGL,CE,Federal Contract Tower,0,12,31,0,43,0,5,68,0,73,0,17,99,0,116,104,0,104,220
04/22/2021,ANE,MN,AGL,CE,Federal Contract Tower,0,7,20,0,27,0,6,95,2,103,0,13,115,2,130,202,8,210,340
04/23/2021,ANE,MN,AGL,CE,Federal Contract Tower,0,5,24,0,29,0,0,33,0,33,0,5,57,0,62,130,0,130,192
04/24/2021,ANE,MN,AGL,CE,Federal Contract Tower,0,3,28,0,31,0,0,78,0,78,0,3,106,0,109,76,0,76,185
04/25/2021,ANE,MN,AGL,CE,Federal Contract Tower,0,3,19,0,22,0,0,62,0,62,0,3,81,0,84,106,0,106,190
04/26/2021,ANE,MN,AGL,CE,Federal Contract Tower,0,8,5,0,13,0,2,30,0,32,0,10,35,0,45,104,0,104,149
04/27/2021,ANE,MN,AGL,CE,Federal Contract Tower,0,7,32,1,40,0,0,12,0,12,0,7,44,1,52,60,0,60,112
04/28/2021,ANE,MN,AGL,CE,Federal Contract Tower,0,11,29,0,40,0,6,114,0,120,0,17,143,0,160,182,0,182,342
04/29/2021,ANE,MN,AGL,CE,Federal Contract Tower,0,13,10,0,23,0,0,45,0,45,0,13,55,0,68,104,0,104,172
04/30/2021,ANE,MN,AGL,CE,Federal Contract Tower,0,4,37,0,41,0,5,134,0,139,0,9,171,0,180,218,0,218,398
05/01/2021,ANE,MN,AGL,CE,Federal Contract Tower,0,7,15,0,22,0,7,91,0,98,0,14,106,0,120,94,0,94,214
05/02/2021,ANE,MN,AGL,CE,Federal Contract Tower,0,6,12,0,18,0,6,41,0,47,0,12,53,0,65,42,0,42,107
05/03/2021,ANE,MN,AGL,CE,Federal Contract Tower,0,4,14,1,19,0,6,64,0,70,0,10,78,1,89,66,12,78,167
05/04/2021,ANE,MN,AGL,CE,Federal Contract Tower,0,11,21,0,32,0,4,92,2,98,0,15,113,2,130,156,0,156,286
05/05/2021,ANE,MN,AGL,CE,Federal Contract Tower,0,10,20,0,30,0,0,66,0,66,0,10,86,0,96,226,0,226,322
05/06/2021,ANE,MN,AGL,CE,Federal Contract Tower,0,13,51,1,65,0,5,76,2,83,0,18,127,3,148,138,18,156,304
05/07/2021,ANE,MN,AGL,CE,Federal Contract Tower,0,3,35,0,38,0,2,93,0,95,0,5,128,0,133,196,0,196,329
05/08/2021,ANE,MN,AGL,CE,Federal Contract Tower,0,7,21,0,28,0,5,134,0,139,0,12,155,0,167,116,0,116,283
05/09/2021,ANE,MN,AGL,CE,Federal Contract Tower,0,4,22,0,26,0,3,65,0,68,0,7,87,0,94,88,0,88,182
05/10/2021,ANE,MN,AGL,CE,Federal Contract Tower,0,7,26,0,33,0,3,72,0,75,0,10,98,0,108,164,0,164,272
05/11/2021,ANE,MN,AGL,CE,Federal Contract Tower,0,8,21,0,29,0,5,112,2,119,0,13,133,2,148,152,6,158,306
05/12/2021,ANE,MN,AGL,CE,Federal Contract Tower,0,5,45,0,50,0,3,95,0,98,0,8,140,0,148,174,2,176,324
05/13/2021,ANE,MN,AGL,CE,Federal Contract Tower,0,9,21,0,30,0,2,107,0,109,0,11,128,0,139,152,0,152,291
05/14/2021,ANE,MN,AGL,CE,Federal Contract Tower,0,7,27,0,34,0,5,74,0,79,0,12,101,0,113,140,0,140,253
05/15/2021,ANE,MN,AGL,CE,Federal Contract Tower,0,4,18,0,22,0,6,114,0,120,0,10,132,0,142,130,0,130,272
05/16/2021,ANE,MN,AGL,CE,Federal Contract Tower,0,1,26,0,27,0,0,55,0,55,0,1,81,0,82,92,0,92,174
05/17/2021,ANE,MN,AGL,CE,Federal Contract Tower,0,8,30,0,38,0,9,125,2,136,0,17,155,2,174,236,2,238,412
05/18/2021,ANE,MN,AGL,CE,Federal Contract Tower,0,8,23,1,32,0,1,40,0,41,0,9,63,1,73,74,0,74,147
05/19/2021,ANE,MN,AGL,CE,Federal Contract Tower,0,6,37,1,44,0,4,22,1,27,0,10,59,2,71,62,0,62,133
05/20/2021,ANE,MN,AGL,CE,Federal Contract Tower,0,14,32,2,48,0,0,8,0,8,0,14,40,2,56,80,0,80,136
05/21/2021,ANE,MN,AGL,CE,Federal Contract Tower,0,8,48,0,56,0,6,53,0,59,0,14,101,0,115,74,0,74,189
05/22/2021,ANE,MN,AGL,CE,Federal Contract Tower,0,4,23,0,27,0,3,116,10,129,0,7,139,10,156,272,24,296,452
05/23/2021,ANE,MN,AGL,CE,Federal Contract Tower,0,3,29,0,32,0,2,44,0,46,0,5,73,0,78,148,0,148,226
05/24/2021,ANE,MN,AGL,CE,Federal Contract Tower,0,9,37,0,46,0,0,40,0,40,0,9,77,0,86,130,0,130,216
05/25/2021,ANE,MN,AGL,CE,Federal Contract Tower,0,5,34,2,41,0,7,25,1,33,0,12,59,3,74,130,0,130,204
05/26/2021,ANE,MN,AGL,CE,Federal Contract Tower,0,6,29,2,37,0,9,120,1,130,0,15,149,3,167,162,0,162,329
05/27/2021,ANE,MN,AGL,CE,Federal Contract Tower,0,14,16,2,32,0,4,8,0,12,0,18,24,2,44,16,0,16,60
05/28/2021,ANE,MN,AGL,CE,Federal Contract Tower,0,3,41,0,44,0,2,120,0,122,0,5,161,0,166,274,0,274,440
05/29/2021,ANE,MN,AGL,CE,Federal Contract Tower,0,5,23,0,28,0,2,99,0,101,0,7,122,0,129,106,0,106,235
05/30/2021,ANE,MN,AGL,CE,Federal Contract Tower,0,7,13,0,20,0,2,15,0,17,0,9,28,0,37,10,0,10,47
05/31/2021,ANE,MN,AGL,CE,Federal Contract Tower,0,0,14,0,14,0,3,92,0,95,0,3,106,0,109,134,0,134,243
06/01/2021,ANE,MN,AGL,CE,Federal Contract Tower,0,8,22,0,30,0,10,109,0,119,0,18,131,0,149,250,0,250,399
06/02/2021,ANE,MN,AGL,CE,Federal Contract Tower,0,7,25,0,32,0,1,95,2,98,0,8,120,2,130,214,6,220,350
06/03/2021,ANE,MN,AGL,CE,Federal Contract Tower,0,9,28,4,41,0,8,97,0,105,0,17,125,4,146,156,0,156,302
06/04/2021,ANE,MN,AGL,CE,Federal Contract Tower,0,1,29,2,32,0,4,56,1,61,0,5,85,3,93,76,0,76,169
06/05/2021,ANE,MN,AGL,CE,Federal Contract Tower,0,3,9,0,12,0,7,67,0,74,0,10,76,0,86,44,0,44,130
06/06/2021,ANE,MN,AGL,CE,Federal Contract Tower,0,3,9,0,12,0,5,36,0,41,0,8,45,0,53,28,0,28,81
06/07/2021,ANE,MN,AGL,CE,Federal Contract Tower,0,9,24,2,35,0,8,63,0,71,0,17,87,2,106,112,2,114,220
06/08/2021,ANE,MN,AGL,CE,Federal Contract Tower,0,10,32,0,42,0,5,70,2,77,0,15,102,2,119,96,2,98,217
06/09/2021,ANE,MN,AGL,CE,Federal Contract Tower,0,6,18,0,24,0,2,84,0,86,0,8,102,0,110,140,0,140,250
06/10/2021,ANE,MN,AGL,CE,Federal Contract Tower,0,5,33,0,38,0,3,62,2,67,0,8,95,2,105,168,0,168,273
06/11/2021,ANE,MN,AGL,CE,Federal Contract Tower,0,5,25,0,30,0,5,54,0,59,0,10,79,0,89,104,0,104,193
06/12/2021,ANE,MN,AGL,CE,Federal Contract Tower,0,5,15,0,20,0,6,138,0,144,0,11,153,0,164,124,0,124,288
06/13/2021,ANE,MN,AGL,CE,Federal Contract Tower,0,4,17,0,21,0,7,81,0,88,0,11,98,0,109,50,0,50,159
06/14/2021,ANE,MN,AGL,CE,Federal Contract Tower,0,10,20,0,30,0,8,83,0,91,0,18,103,0,121,156,0,156,277
06/15/2021,ANE,MN,AGL,CE,Federal Contract Tower,0,5,37,0,42,0,5,113,0,118,0,10,150,0,160,224,0,224,384
06/16/2021,ANE,MN,AGL,CE,Federal Contract Tower,0,6,23,0,29,0,2,102,0,104,0,8,125,0,133,216,0,216,349
06/17/2021,ANE,MN,AGL,CE,Federal Contract Tower,0,6,31,0,37,0,5,99,0,104,0,11,130,0,141,182,0,182,323
06/18/2021,ANE,MN,AGL,CE,Federal Contract Tower,0,18,22,0,40,0,0,100,0,100,0,18,122,0,140,164,0,164,304
06/19/2021,ANE,MN,AGL,CE,Federal Contract Tower,0,4,16,0,20,0,7,136,0,143,0,11,152,0,163,102,0,102,265
06/20/2021,ANE,MN,AGL,CE,Federal Contract Tower,0,4,7,0,11,0,1,25,0,26,0,5,32,0,37,32,0,32,69
06/21/2021,ANE,MN,AGL,CE,Federal Contract Tower,0,8,35,0,43,0,6,91,0,97,0,14,126,0,140,112,0,112,252
06/22/2021,ANE,MN,AGL,CE,Federal Contract Tower,0,11,28,0,39,0,3,148,0,151,0,14,176,0,190,238,0,238,428
06/23/2021,ANE,MN,AGL,CE,Federal Contract Tower,0,14,36,0,50,0,6,98,0,104,0,20,134,0,154,160,0,160,314
06/24/2021,ANE,MN,AGL,CE,Federal Contract Tower,0,10,33,0,43,0,6,97,0,103,0,16,130,0,146,168,0,168,314
06/25/2021,ANE,MN,AGL,CE,Federal Contract Tower,0,10,28,0,38,0,5,146,0,151,0,15,174,0,189,310,0,310,499
06/26/2021,ANE,MN,AGL,CE,Federal Contract Tower,0,5,20,0,25,0,5,57,0,62,0,10,77,0,87,252,0,252,339
06/27/2021,ANE,MN,AGL,CE,Federal Contract Tower,0,9,31,0,40,0,3,62,0,65,0,12,93,0,105,100,0,100,205
06/28/2021,ANE,MN,AGL,CE,Federal Contract Tower,0,9,21,0,30,0,0,40,0,40,0,9,61,0,70,122,0,122,192
06/29/2021,ANE,MN,AGL,CE,Federal Contract Tower,0,10,29,0,39,0,5,77,0,82,0,15,106,0,121,192,0,192,313
06/30/2021,ANE,MN,AGL,CE,Federal Contract Tower,0,6,34,0,40,0,4,118,0,122,0,10,152,0,162,252,0,252,414
07/01/2021,ANE,MN,AGL,CE,Federal Contract Tower,0,13,47,0,60,0,3,106,0,109,0,16,153,0,169,230,0,230,399
07/02/2021,ANE,MN,AGL,CE,Federal Contract Tower,0,7,23,0,30,0,2,94,0,96,0,9,117,0,126,150,0,150,276
07/03/2021,ANE,MN,AGL,CE,Federal Contract Tower,0,7,14,0,21,0,5,88,0,93,0,12,102,0,114,112,0,112,226
07/04/2021,ANE,MN,AGL,CE,Federal Contract Tower,0,5,1,0,6,0,7,27,0,34,0,12,28,0,40,28,0,28,68
07/05/2021,ANE,MN,AGL,CE,Federal Contract Tower,0,6,22,0,28,0,5,64,0,69,0,11,86,0,97,72,0,72,169
07/06/2021,ANE,MN,AGL,CE,Federal Contract Tower,0,9,27,0,36,0,2,29,0,31,0,11,56,0,67,56,0,56,123
07/07/2021,ANE,MN,AGL,CE,Federal Contract Tower,0,16,21,0,37,0,5,52,0,57,0,21,73,0,94,148,0,148,242
07/08/2021,ANE,MN,AGL,CE,Federal Contract Tower,0,13,41,0,54,0,0,127,17,144,0,13,168,17,198,262,14,276,474
07/09/2021,ANE,MN,AGL,CE,Federal Contract Tower,0,6,30,0,36,0,13,117,0,130,0,19,147,0,166,94,0,94,260
07/10/2021,ANE,MN,AGL,CE,Federal Contract Tower,0,5,18,0,23,0,7,181,0,188,0,12,199,0,211,154,0,154,365
07/11/2021,ANE,MN,AGL,CE,Federal Contract Tower,0,5,34,0,39,0,8,114,0,122,0,13,148,0,161,80,0,80,241
07/12/2021,ANE,MN,AGL,CE,Federal Contract Tower,0,10,26,0,36,0,4,67,0,71,0,14,93,0,107,126,0,126,233
07/13/2021,ANE,MN,AGL,CE,Federal Contract Tower,0,11,39,0,50,0,0,78,0,78,0,11,117,0,128,216,2,218,346
07/14/2021,ANE,MN,AGL,CE,Federal Contract Tower,0,6,24,0,30,0,2,34,0,36,0,8,58,0,66,172,8,180,246
07/15/2021,ANE,MN,AGL,CE,Federal Contract Tower,0,10,49,0,59,0,7,136,0,143,0,17,185,0,202,278,22,300,502
07/16/2021,ANE,MN,AGL,CE,Federal Contract Tower,0,7,44,0,51,0,3,143,0,146,0,10,187,0,197,146,0,146,343
07/17/2021,ANE,MN,AGL,CE,Federal Contract Tower,0,4,25,0,29,0,3,91,0,94,0,7,116,0,123,112,0,112,235
07/18/2021,ANE,MN,AGL,CE,Federal Contract Tower,0,2,34,0,36,0,11,79,0,90,0,13,113,0,126,82,0,82,208
07/19/2021,ANE,MN,AGL,CE,Federal Contract Tower,0,15,36,0,51,0,3,74,0,77,0,18,110,0,128,124,0,124,252
07/20/2021,ANE,MN,AGL,CE,Federal Contract Tower,0,10,34,0,44,0,2,85,0,87,0,12,119,0,131,210,0,210,341
07/21/2021,ANE,MN,AGL,CE,Federal Contract Tower,0,11,50,4,65,0,9,124,2,135,0,20,174,6,200,288,0,288,488
07/22/2021,ANE,MN,AGL,CE,Federal Contract Tower,0,6,37,0,43,0,2,57,0,59,0,8,94,0,102,166,0,166,268
07/23/2021,ANE,MN,AGL,CE,Federal Contract Tower,0,7,50,0,57,0,3,128,0,131,0,10,178,0,188,224,4,228,416
07/24/2021,ANE,MN,AGL,CE,Federal Contract Tower,0,1,12,0,13,0,13,91,0,104,0,14,103,0,117,142,0,142,259
07/25/2021,ANE,MN,AGL,CE,Federal Contract Tower,0,23,18,0,41,0,8,92,0,100,0,31,110,0,141,122,0,122,263
07/26/2021,ANE,MN,AGL,CE,Federal Contract Tower,0,8,31,0,39,0,3,82,0,85,0,11,113,0,124,172,0,172,296
07/27/2021,ANE,MN,AGL,CE,Federal Contract Tower,0,14,33,0,47,0,6,80,0,86,0,20,113,0,133,94,0,94,227
07/28/2021,ANE,MN,AGL,CE,Federal Contract Tower,0,4,20,0,24,0,2,33,0,35,0,6,53,0,59,28,0,28,87
07/29/2021,ANE,MN,AGL,CE,Federal Contract Tower,0,8,58,0,66,0,0,30,0,30,0,8,88,0,96,78,0,78,174
07/30/2021,ANE,MN,AGL,CE,Federal Contract Tower,0,5,36,0,41,0,7,66,0,73,0,12,102,0,114,140,0,140,254
07/31/2021,ANE,MN,AGL,CE,Federal Contract Tower,0,3,25,0,28,0,0,47,0,47,0,3,72,0,75,30,0,30,105
08/01/2021,ANE,MN,AGL,CE,Federal Contract Tower,0,3,54,0,57,0,9,74,0,83,0,12,128,0,140,76,0,76,216
08/02/2021,ANE,MN,AGL,CE,Federal Contract Tower,0,4,37,0,41,0,6,91,0,97,0,10,128,0,138,164,0,164,302
08/03/2021,ANE,MN,AGL,CE,Federal Contract Tower,0,10,39,0,49,0,6,84,0,90,0,16,123,0,139,144,2,146,285
08/04/2021,ANE,MN,AGL,CE,Federal Contract Tower,0,4,18,0,22,0,2,69,2,73,0,6,87,2,95,106,0,106,201
08/05/2021,ANE,MN,AGL,CE,Federal Contract Tower,0,5,28,0,33,0,2,56,0,58,0,7,84,0,91,128,20,148,239
08/06/2021,ANE,MN,AGL,CE,Federal Contract Tower,0,7,28,0,35,0,2,129,0,131,0,9,157,0,166,266,0,266,432
08/07/2021,ANE,MN,AGL,CE,Federal Contract Tower,0,5,11,0,16,0,3,6,0,9,0,8,17,0,25,8,0,8,33
08/08/2021,ANE,MN,AGL,CE,Federal Contract Tower,0,5,20,0,25,0,0,35,0,35,0,5,55,0,60,40,0,40,100
08/09/2021,ANE,MN,AGL,CE,Federal Contract Tower,0,10,38,0,48,0,7,80,0,87,0,17,118,0,135,74,0,74,209
08/10/2021,ANE,MN,AGL,CE,Federal Contract Tower,0,13,25,0,38,0,6,89,0,95,0,19,114,0,133,166,0,166,299
08/11/2021,ANE,MN,AGL,CE,Federal Contract Tower,0,18,39,0,57,0,5,85,0,90,0,23,124,0,147,96,0,96,243
08/12/2021,ANE,MN,AGL,CE,Federal Contract Tower,0,8,59,0,67,0,1,91,2,94,0,9,150,2,161,120,4,124,285
08/13/2021,ANE,MN,AGL,CE,Federal Contract Tower,0,7,27,0,34,0,5,108,0,113,0,12,135,0,147,128,0,128,275
08/14/2021,ANE,MN,AGL,CE,Federal Contract Tower,0,8,17,0,25,0,4,212,0,216,0,12,229,0,241,96,0,96,337
08/15/2021,ANE,MN,AGL,CE,Federal Contract Tower,0,2,13,0,15,0,4,66,0,70,0,6,79,0,85,60,0,60,145
08/16/2021,ANE,MN,AGL,CE,Federal Contract Tower,0,6,21,0,27,0,4,86,0,90,0,10,107,0,117,94,0,94,211
08/17/2021,ANE,MN,AGL,CE,Federal Contract Tower,0,7,25,0,32,0,7,79,0,86,0,14,104,0,118,206,0,206,324
08/18/2021,ANE,MN,AGL,CE,Federal Contract Tower,0,10,31,0,41,0,10,117,2,129,0,20,148,2,170,198,0,198,368
08/19/2021,ANE,MN,AGL,CE,Federal Contract Tower,0,8,41,0,49,0,4,120,0,124,0,12,161,0,173,180,2,182,355
08/20/2021,ANE,MN,AGL,CE,Federal Contract Tower,0,12,24,0,36,0,4,58,0,62,0,16,82,0,98,54,0,54,152
08/21/2021,ANE,MN,AGL,CE,Federal Contract Tower,0,5,39,0,44,0,11,66,0,77,0,16,105,0,121,46,0,46,167
08/22/2021,ANE,MN,AGL,CE,Federal Contract Tower,0,9,39,0,48,0,8,81,0,89,0,17,120,0,137,76,0,76,213
08/23/2021,ANE,MN,AGL,CE,Federal Contract Tower,0,12,36,0,48,0,4,83,0,87,0,16,119,0,135,98,0,98,233
08/24/2021,ANE,MN,AGL,CE,Federal Contract Tower,0,14,32,0,46,0,9,48,0,57,0,23,80,0,103,100,0,100,203
08/25/2021,ANE,MN,AGL,CE,Federal Contract Tower,0,4,39,0,43,0,4,98,0,102,0,8,137,0,145,208,0,208,353
08/26/2021,ANE,MN,AGL,CE,Federal Contract Tower,0,7,15,0,22,0,2,50,0,52,0,9,65,0,74,80,0,80,154
08/27/2021,ANE,MN,AGL,CE,Federal Contract Tower,0,10,19,0,29,0,0,13,0,13,0,10,32,0,42,30,0,30,72
08/28/2021,ANE,MN,AGL,CE,Federal Contract Tower,0,6,10,0,16,0,5,20,0,25,0,11,30,0,41,86,0,86,127
08/29/2021,ANE,MN,AGL,CE,Federal Contract Tower,0,7,22,0,29,0,6,71,0,77,0,13,93,0,106,76,0,76,182
08/30/2021,ANE,MN,AGL,CE,Federal Contract Tower,0,7,47,0,54,0,7,147,0,154,0,14,194,0,208,142,0,142,350
08/31/2021,ANE,MN,AGL,CE,Federal Contract Tower,0,11,25,0,36,0,12,129,0,141,0,23,154,0,177,220,2,222,399
09/01/2021,ANE,MN,AGL,CE,Federal Contract Tower,0,5,26,0,31,0,13,112,0,125,0,18,138,0,156,190,0,190,346
09/02/2021,ANE,MN,AGL,CE,Federal Contract Tower,0,7,39,0,46,0,3,50,0,53,0,10,89,0,99,144,0,144,243
09/03/2021,ANE,MN,AGL,CE,Federal Contract Tower,0,16,38,0,54,0,0,0,0,0,0,16,38,0,54,0,0,0,54
09/04/2021,ANE,MN,AGL,CE,Federal Contract Tower,0,15,35,0,50,0,3,115,0,118,0,18,150,0,168,132,0,132,300
09/05/2021,ANE,MN,AGL,CE,Federal Contract Tower,0,11,14,0,25,0,0,89,0,89,0,11,103,0,114,142,0,142,256
09/06/2021,ANE,MN,AGL,CE,Federal Contract Tower,0,4,33,0,37,0,8,113,0,121,0,12,146,0,158,180,0,180,338
09/07/2021,ANE,MN,AGL,CE,Federal Contract Tower,0,8,28,0,36,0,6,35,0,41,0,14,63,0,77,28,0,28,105
09/08/2021,ANE,MN,AGL,CE,Federal Contract Tower,0,6,41,0,47,0,5,38,2,45,0,11,79,2,92,80,4,84,176
09/09/2021,ANE,MN,AGL,CE,Federal Contract Tower,0,5,41,0,46,0,1,117,0,118,0,6,158,0,164,194,2,196,360
09/10/2021,ANE,MN,AGL,CE,Federal Contract Tower,0,5,41,0,46,0,5,120,0,125,0,10,161,0,171,212,0,212,383
09/11/2021,ANE,MN,AGL,CE,Federal Contract Tower,0,6,18,0,24,0,7,165,0,172,0,13,183,0,196,106,0,106,302
09/12/2021,ANE,MN,AGL,CE,Federal Contract Tower,0,4,20,0,24,0,3,67,0,70,0,7,87,0,94,76,0,76,170
09/13/2021,ANE,MN,AGL,CE,Federal Contract Tower,0,9,30,0,39,0,5,49,0,54,0,14,79,0,93,40,0,40,133
09/14/2021,ANE,MN,AGL,CE,Federal Contract Tower,0,10,40,0,50,0,4,57,0,61,0,14,97,0,111,120,8,128,239
09/15/2021,ANE,MN,AGL,CE,Federal Contract Tower,0,10,43,0,53,0,6,130,0,136,0,16,173,0,189,148,0,148,337
09/16/2021,ANE,MN,AGL,CE,Federal Contract Tower,0,9,21,0,30,0,1,26,0,27,0,10,47,0,57,10,0,10,67
09/17/2021,ANE,MN,AGL,CE,Federal Contract Tower,0,16,36,0,52,0,8,87,0,95,0,24,123,0,147,106,0,106,253
09/18/2021,ANE,MN,AGL,CE,Federal Contract Tower,0,2,29,0,31,0,14,97,0,111,0,16,126,0,142,86,0,86,228
09/19/2021,ANE,MN,AGL,CE,Federal Contract Tower,0,2,16,0,18,0,10,31,0,41,0,12,47,0,59,6,0,6,65
09/20/2021,ANE,MN,AGL,CE,Federal Contract Tower,0,9,5,0,14,0,4,1,0,5,0,13,6,0,19,10,0,10,29
09/21/2021,ANE,MN,AGL,CE,Federal Contract Tower,0,11,50,0,61,0,14,67,0,81,0,25,117,0,142,96,0,96,238
09/22/2021,ANE,MN,AGL,CE,Federal Contract Tower,0,8,45,0,53,0,3,122,2,127,0,11,167,2,180,174,0,174,354
09/23/2021,ANE,MN,AGL,CE,Federal Contract Tower,0,7,36,0,43,0,14,104,0,118,0,21,140,0,161,166,0,166,327
09/24/2021,ANE,MN,AGL,CE,Federal Contract Tower,0,8,31,0,39,0,3,38,0,41,0,11,69,0,80,54,0,54,134
09/25/2021,ANE,MN,AGL,CE,Federal Contract Tower,0,5,13,0,18,0,12,81,0,93,0,17,94,0,111,22,0,22,133
09/26/2021,ANE,MN,AGL,CE,Federal Contract Tower,0,6,20,0,26,0,10,88,0,98,0,16,108,0,124,52,0,52,176
09/27/2021,ANE,MN,AGL,CE,Federal Contract Tower,0,8,22,0,30,0,5,95,0,100,0,13,117,0,130,104,0,104,234
09/28/2021,ANE,MN,AGL,CE,Federal Contract Tower,0,19,41,0,60,0,4,124,1,129,0,23,165,1,189,114,2,116,305
09/29/2021,ANE,MN,AGL,CE,Federal Contract Tower,0,13,21,0,34,0,4,89,0,93,0,17,110,0,127,126,0,126,253
09/30/2021,ANE,MN,AGL,CE,Federal Contract Tower,0,8,26,0,34,0,5,73,0,78,0,13,99,0,112,86,0,86,198
10/01/2021,ANE,MN,AGL,CE,Federal Contract Tower,0,9,30,0,39,0,4,60,0,64,0,13,90,0,103,56,0,56,159
10/02/2021,ANE,MN,AGL,CE,Federal Contract Tower,0,6,27,0,33,0,0,5,0,5,0,6,32,0,38,0,0,0,38
10/03/2021,ANE,MN,AGL,CE,Federal Contract Tower,0,5,34,0,39,0,6,35,0,41,0,11,69,0,80,72,0,72,152
10/04/2021,ANE,MN,AGL,CE,Federal Contract Tower,0,9,26,0,35,0,4,66,0,70,0,13,92,0,105,138,0,138,243
10/05/2021,ANE,MN,AGL,CE,Federal Contract Tower,0,11,44,0,55,0,7,83,2,92,0,18,127,2,147,102,0,102,249
10/06/2021,ANE,MN,AGL,CE,Federal Contract Tower,0,3,19,1,23,0,7,81,0,88,0,10,100,1,111,158,2,160,271
10/07/2021,ANE,MN,AGL,CE,Federal Contract Tower,0,4,36,2,42,0,6,44,0,50,0,10,80,2,92,96,8,104,196
10/08/2021,ANE,MN,AGL,CE,Federal Contract Tower,0,7,23,0,30,0,0,32,0,32,0,7,55,0,62,86,0,86,148
10/09/2021,ANE,MN,AGL,CE,Federal Contract Tower,0,5,17,0,22,0,7,141,0,148,0,12,158,0,170,148,0,148,318
10/10/2021,ANE,MN,AGL,CE,Federal Contract Tower,0,2,25,0,27,0,3,24,0,27,0,5,49,0,54,56,0,56,110
10/11/2021,ANE,MN,AGL,CE,Federal Contract Tower,0,7,29,0,36,0,3,79,0,82,0,10,108,0,118,156,0,156,274
10/12/2021,ANE,MN,AGL,CE,Federal Contract Tower,0,7,37,0,44,0,8,29,0,37,0,15,66,0,81,96,0,96,177
10/13/2021,ANE,MN,AGL,CE,Federal Contract Tower,0,13,15,0,28,0,4,6,0,10,0,17,21,0,38,2,0,2,40
10/14/2021,ANE,MN,AGL,CE,Federal Contract Tower,0,12,48,0,60,0,3,52,0,55,0,15,100,0,115,126,16,142,257
10/15/2021,ANE,MN,AGL,CE,Federal Contract Tower,0,7,33,0,40,0,4,88,0,92,0,11,121,0,132,126,0,126,258
10/16/2021,ANE,MN,AGL,CE,Federal Contract Tower,0,5,35,0,40,0,3,115,0,118,0,8,150,0,158,106,0,106,264
10/17/2021,ANE,MN,AGL,CE,Federal Contract Tower,0,4,41,0,45,0,2,126,0,128,0,6,167,0,173,132,0,132,305
10/18/2021,ANE,MN,AGL,CE,Federal Contract Tower,0,4,29,0,33,0,11,96,0,107,0,15,125,0,140,62,0,62,202
10/19/2021,ANE,MN,AGL,CE,Federal Contract Tower,0,13,44,0,57,0,9,112,0,121,0,22,156,0,178,190,0,190,368
10/20/2021,ANE,MN,AGL,CE,Federal Contract Tower,0,5,29,0,34,0,1,2,0,3,0,6,31,0,37,0,0,0,37
10/21/2021,ANE,MN,AGL,CE,Federal Contract Tower,0,7,46,0,53,0,7,65,0,72,0,14,111,0,125,74,0,74,199
10/22/2021,ANE,MN,AGL,CE,Federal Contract Tower,0,10,50,0,60,0,2,92,0,94,0,12,142,0,154,124,0,124,278
10/23/2021,ANE,MN,AGL,CE,Federal Contract Tower,0,4,28,0,32,0,4,117,0,121,0,8,145,0,153,88,0,88,241
10/24/2021,ANE,MN,AGL,CE,Federal Contract Tower,0,4,21,0,25,0,4,47,0,51,0,8,68,0,76,22,0,22,98
10/25/2021,ANE,MN,AGL,CE,Federal Contract Tower,0,7,24,0,31,0,8,78,0,86,0,15,102,0,117,114,0,114,231
10/26/2021,ANE,MN,AGL,CE,Federal Contract Tower,0,10,23,0,33,0,5,62,2,69,0,15,85,2,102,60,0,60,162
10/27/2021,ANE,MN,AGL,CE,Federal Contract Tower,0,5,17,0,22,0,5,4,0,9,0,10,21,0,31,14,0,14,45
10/28/2021,ANE,MN,AGL,CE,Federal Contract Tower,0,10,31,0,41,0,0,0,0,0,0,10,31,0,41,0,0,0,41
10/29/2021,ANE,MN,AGL,CE,Federal Contract Tower,0,13,39,0,52,0,8,103,0,111,0,21,142,0,163,146,0,146,309
10/30/2021,ANE,MN,AGL,CE,Federal Contract Tower,0,12,25,0,37,0,0,90,0,90,0,12,115,0,127,134,0,134,261
10/31/2021,ANE,MN,AGL,CE,Federal Contract Tower,0,4,14,0,18,0,2,54,0,56,0,6,68,0,74,58,0,58,132
11/01/2021,ANE,MN,AGL,CE,Federal Contract Tower,0,4,15,0,19,0,10,57,0,67,0,14,72,0,86,120,0,120,206
11/02/2021,ANE,MN,AGL,CE,Federal Contract Tower,0,20,33,0,53,0,9,62,0,71,0,29,95,0,124,218,0,218,342
11/03/2021,ANE,MN,AGL,CE,Federal Contract Tower,0,7,29,0,36,0,3,109,0,112,0,10,138,0,148,282,0,282,430
11/04/2021,ANE,MN,AGL,CE,Federal Contract Tower,0,10,26,0,36,0,8,104,1,113,0,18,130,1,149,204,0,204,353
11/05/2021,ANE,MN,AGL,CE,Federal Contract Tower,0,9,30,0,39,0,6,52,0,58,0,15,82,0,97,46,0,46,143
11/06/2021,ANE,MN,AGL,CE,Federal Contract Tower,0,6,20,0,26,0,10,158,0,168,0,16,178,0,194,152,0,152,346
11/07/2021,ANE,MN,AGL,CE,Federal Contract Tower,0,2,46,0,48,0,8,78,0,86,0,10,124,0,134,74,0,74,208
11/08/2021,ANE,MN,AGL,CE,Federal Contract Tower,0,11,28,0,39,0,11,58,0,69,0,22,86,0,108,142,0,142,250
11/09/2021,ANE,MN,AGL,CE,Federal Contract Tower,0,15,32,0,47,0,15,86,1,102,0,30,118,1,149,162,6,168,317
11/10/2021,ANE,MN,AGL,CE,Federal Contract Tower,0,12,21,0,33,0,7,46,0,53,0,19,67,0,86,30,0,30,116
11/11/2021,ANE,MN,AGL,CE,Federal Contract Tower,0,5,23,0,28,0,0,9,0,9,0,5,32,0,37,8,0,8,45
11/12/2021,ANE,MN,AGL,CE,Federal Contract Tower,0,3,12,0,15,0,0,1,0,1,0,3,13,0,16,0,0,0,16
11/13/2021,ANE,MN,AGL,CE,Federal Contract Tower,0,3,8,0,11,0,2,16,0,18,0,5,24,0,29,52,0,52,81
11/14/2021,ANE,MN,AGL,CE,Federal Contract Tower,0,6,21,0,27,0,0,36,0,36,0,6,57,0,63,88,0,88,151
11/15/2021,ANE,MN,AGL,CE,Federal Contract Tower,0,6,31,0,37,0,9,47,0,56,0,15,78,0,93,108,0,108,201
11/16/2021,ANE,MN,AGL,CE,Federal Contract Tower,0,8,29,0,37,0,8,37,0,45,0,16,66,0,82,32,2,34,116
11/17/2021,ANE,MN,AGL,CE,Federal Contract Tower,0,8,11,0,19,0,1,11,0,12,0,9,22,0,31,0,2,2,33
11/18/2021,ANE,MN,AGL,CE,Federal Contract Tower,0,3,22,1,26,0,2,19,0,21,0,5,41,1,47,46,0,46,93
11/19/2021,ANE,MN,AGL,CE,Federal Contract Tower,0,13,18,0,31,0,2,45,0,47,0,15,63,0,78,82,0,82,160
11/20/2021,ANE,MN,AGL,CE,Federal Contract Tower,0,6,41,0,47,0,7,117,0,124,0,13,158,0,171,174,0,174,345
11/21/2021,ANE,MN,AGL,CE,Federal Contract Tower,0,6,12,0,18,0,6,12,0,18,0,12,24,0,36,0,0,0,36
11/22/2021,ANE,MN,AGL,CE,Federal Contract Tower,0,6,49,0,55,0,3,61,0,64,0,9,110,0,119,92,0,92,211
11/23/2021,ANE,MN,AGL,CE,Federal Contract Tower,0,7,28,0,35,0,3,45,1,49,0,10,73,1,84,138,2,140,224
11/24/2021,ANE,MN,AGL,CE,Federal Contract Tower,0,6,22,0,28,0,5,44,0,49,0,11,66,0,77,46,8,54,131
11/25/2021,ANE,MN,AGL,CE,Federal Contract Tower,0,0,5,0,5,0,9,14,0,23,0,9,19,0,28,46,0,46,74
11/26/2021,ANE,MN,AGL,CE,Federal Contract Tower,0,6,11,0,17,0,7,66,0,73,0,13,77,0,90,90,0,90,180
11/27/2021,ANE,MN,AGL,CE,Federal Contract Tower,0,5,18,0,23,0,4,65,0,69,0,9,83,0,92,188,0,188,280
11/28/2021,ANE,MN,AGL,CE,Federal Contract Tower,0,1,34,0,35,0,9,80,0,89,0,10,114,0,124,90,0,90,214
11/29/2021,ANE,MN,AGL,CE,Federal Contract Tower,0,6,26,0,32,0,5,51,0,56,0,11,77,0,88,92,0,92,180
11/30/2021,ANE,MN,AGL,CE,Federal Contract Tower,0,7,36,0,43,0,4,18,1,23,0,11,54,1,66,16,0,16,82
12/01/2021,ANE,MN,AGL,CE,Federal Contract Tower,0,5,51,2,58,0,8,72,0,80,0,13,123,2,138,230,0,230,368
12/02/2021,ANE,MN,AGL,CE,Federal Contract Tower,0,6,47,0,53,0,3,76,2,81,0,9,123,2,134,90,0,90,224
12/03/2021,ANE,MN,AGL,CE,Federal Contract Tower,0,8,30,0,38,0,2,8,0,10,0,10,38,0,48,18,0,18,66
12/04/2021,ANE,MN,AGL,CE,Federal Contract Tower,0,7,21,0,28,0,2,74,0,76,0,9,95,0,104,166,0,166,270
12/05/2021,ANE,MN,AGL,CE,Federal Contract Tower,0,3,9,0,12,0,5,1,0,6,0,8,10,0,18,4,0,4,22
12/06/2021,ANE,MN,AGL,CE,Federal Contract Tower,0,9,19,0,28,0,3,7,0,10,0,12,26,0,38,12,0,12,50
12/07/2021,ANE,MN,AGL,CE,Federal Contract Tower,0,13,20,0,33,0,0,3,0,3,0,13,23,0,36,0,4,4,40
12/08/2021,ANE,MN,AGL,CE,Federal Contract Tower,0,6,33,0,39,0,1,46,2,49,0,7,79,2,88,44,0,44,132
12/09/2021,ANE,MN,AGL,CE,Federal Contract Tower,0,8,16,0,24,0,2,58,2,62,0,10,74,2,86,90,0,90,176
12/10/2021,ANE,MN,AGL,CE,Federal Contract Tower,0,3,20,0,23,0,0,23,0,23,0,3,43,0,46,76,0,76,122
12/11/2021,ANE,MN,AGL,CE,Federal Contract Tower,0,8,15,0,23,0,2,74,0,76,0,10,89,0,99,52,0,52,151
12/12/2021,ANE,MN,AGL,CE,Federal Contract Tower,0,2,17,0,19,0,3,62,0,65,0,5,79,0,84,116,0,116,200
12/13/2021,ANE,MN,AGL,CE,Federal Contract Tower,0,4,26,0,30,0,2,92,0,94,0,6,118,0,124,184,0,184,308
12/14/2021,ANE,MN,AGL,CE,Federal Contract Tower,0,12,40,0,52,0,2,71,0,73,0,14,111,0,125,138,0,138,263
12/15/2021,ANE,MN,AGL,CE,Federal Contract Tower,0,6,8,0,14,0,0,1,0,1,0,6,9,0,15,20,0,20,35
12/16/2021,ANE,MN,AGL,CE,Federal Contract Tower,0,9,11,0,20,0,2,11,0,13,0,11,22,0,33,14,0,14,47
12/17/2021,ANE,MN,AGL,CE,Federal Contract Tower,0,10,20,0,30,0,3,63,0,66,0,13,83,0,96,258,0,258,354
12/18/2021,ANE,MN,AGL,CE,Federal Contract Tower,0,3,17,0,20,0,2,34,0,36,0,5,51,0,56,80,0,80,136
12/19/2021,ANE,MN,AGL,CE,Federal Contract Tower,0,2,18,0,20,0,1,22,0,23,0,3,40,0,43,12,0,12,55
12/20/2021,ANE,MN,AGL,CE,Federal Contract Tower,0,8,40,0,48,0,0,55,0,55,0,8,95,0,103,82,0,82,185
12/21/2021,ANE,MN,AGL,CE,Federal Contract Tower,0,7,16,0,23,0,3,6,0,9,0,10,22,0,32,20,0,20,52
12/22/2021,ANE,MN,AGL,CE,Federal Contract Tower,0,9,26,0,35,0,4,40,0,44,0,13,66,0,79,126,0,126,205
12/23/2021,ANE,MN,AGL,CE,Federal Contract Tower,0,7,31,0,38,0,6,99,0,105,0,13,130,0,143,134,0,134,277
12/24/2021,ANE,MN,AGL,CE,Federal Contract Tower,0,4,15,0,19,0,11,24,0,35,0,15,39,0,54,34,0,34,88
12/25/2021,ANE,MN,AGL,CE,Federal Contract Tower,0,3,1,0,4,0,2,16,0,18,0,5,17,0,22,44,0,44,66
12/26/2021,ANE,MN,AGL,CE,Federal Contract Tower,0,4,15,0,19,0,4,26,0,30,0,8,41,0,49,36,0,36,85
12/27/2021,ANE,MN,AGL,CE,Federal Contract Tower,0,13,13,0,26,0,4,1,0,5,0,17,14,0,31,0,0,0,31
12/28/2021,ANE,MN,AGL,CE,Federal Contract Tower,0,7,3,0,10,0,0,5,0,5,0,7,8,0,15,0,0,0,15
12/29/2021,ANE,MN,AGL,CE,Federal Contract Tower,0,11,9,0,20,0,2,39,0,41,0,13,48,0,61,56,0,56,117
12/30/2021,ANE,MN,AGL,CE,Federal Contract Tower,0,7,14,0,21,0,0,2,0,2,0,7,16,0,23,12,0,12,35
12/31/2021,ANE,MN,AGL,CE,Federal Contract Tower,0,3,6,0,9,0,2,4,0,6,0,5,10,0,15,22,0,22,37
01/01/2022,ANE,MN,AGL,CE,Federal Contract Tower,0,1,3,0,4,0,9,2,0,11,0,10,5,0,15,0,0,0,15
01/02/2022,ANE,MN,AGL,CE,Federal Contract Tower,0,6,9,0,15,0,12,14,0,26,0,18,23,0,41,24,0,24,65
01/03/2022,ANE,MN,AGL,CE,Federal Contract Tower,0,6,38,1,45,0,3,72,0,75,0,9,110,1,120,66,0,66,186
01/04/2022,ANE,MN,AGL,CE,Federal Contract Tower,0,9,28,0,37,0,1,50,0,51,0,10,78,0,88,36,0,36,124
01/05/2022,ANE,MN,AGL,CE,Federal Contract Tower,0,6,8,0,14,0,0,0,0,0,0,6,8,0,14,0,0,0,14
01/06/2022,ANE,MN,AGL,CE,Federal Contract Tower,0,10,17,2,29,0,6,9,0,15,0,16,26,2,44,14,0,14,58
01/07/2022,ANE,MN,AGL,CE,Federal Contract Tower,0,5,12,0,17,0,8,20,0,28,0,13,32,0,45,56,0,56,101
01/08/2022,ANE,MN,AGL,CE,Federal Contract Tower,0,5,5,0,10,0,4,70,0,74,0,9,75,0,84,28,0,28,112
01/09/2022,ANE,MN,AGL,CE,Federal Contract Tower,0,6,14,0,20,0,2,31,0,33,0,8,45,0,53,16,0,16,69
01/10/2022,ANE,MN,AGL,CE,Federal Contract Tower,0,9,13,2,24,0,8,8,0,16,0,17,21,2,40,20,0,20,60
01/11/2022,ANE,MN,AGL,CE,Federal Contract Tower,0,9,41,0,50,0,5,61,0,66,0,14,102,0,116,72,2,74,190
01/12/2022,ANE,MN,AGL,CE,Federal Contract Tower,0,11,35,0,46,0,10,70,0,80,0,21,105,0,126,112,0,112,238
01/13/2022,ANE,MN,AGL,CE,Federal Contract Tower,0,3,17,0,20,0,0,16,2,18,0,3,33,2,38,58,0,58,96
01/14/2022,ANE,MN,AGL,CE,Federal Contract Tower,0,4,1,0,5,0,0,0,0,0,0,4,1,0,5,0,0,0,5
01/15/2022,ANE,MN,AGL,CE,Federal Contract Tower,0,2,19,0,21,0,7,72,0,79,0,9,91,0,100,92,8,100,200
01/16/2022,ANE,MN,AGL,CE,Federal Contract Tower,0,6,3,0,9,0,0,19,0,19,0,6,22,0,28,12,0,12,40
01/17/2022,ANE,MN,AGL,CE,Federal Contract Tower,0,6,41,0,47,0,7,30,0,37,0,13,71,0,84,48,0,48,132
01/18/2022,ANE,MN,AGL,CE,Federal Contract Tower,0,10,18,0,28,0,4,37,2,43,0,14,55,2,71,98,0,98,169
01/19/2022,ANE,MN,AGL,CE,Federal Contract Tower,0,5,15,0,20,0,9,11,0,20,0,14,26,0,40,36,2,38,78
01/20/2022,ANE,MN,AGL,CE,Federal Contract Tower,0,5,21,0,26,1,1,19,0,21,1,6,40,0,47,50,0,50,97
01/21/2022,ANE,MN,AGL,CE,Federal Contract Tower,0,6,15,0,21,0,9,16,0,25,0,15,31,0,46,16,0,16,62
01/22/2022,ANE,MN,AGL,CE,Federal Contract Tower,0,5,11,0,16,0,0,62,0,62,0,5,73,0,78,58,0,58,136
01/23/2022,ANE,MN,AGL,CE,Federal Contract Tower,0,8,31,0,39,0,4,44,0,48,0,12,75,0,87,58,0,58,145
01/24/2022,ANE,MN,AGL,CE,Federal Contract Tower,0,7,29,1,37,0,6,61,2,69,0,13,90,3,106,36,0,36,142
01/25/2022,ANE,MN,AGL,CE,Federal Contract Tower,0,5,17,0,22,0,9,23,0,32,0,14,40,0,54,28,0,28,82
01/26/2022,ANE,MN,AGL,CE,Federal Contract Tower,0,5,10,0,15,0,11,10,2,23,0,16,20,2,38,12,16,28,66
01/27/2022,ANE,MN,AGL,CE,Federal Contract Tower,0,11,29,2,42,0,8,42,2,52,0,19,71,4,94,86,4,90,184
01/28/2022,ANE,MN,AGL,CE,Federal Contract Tower,0,12,21,0,33,0,3,42,0,45,0,15,63,0,78,40,0,40,118
01/29/2022,ANE,MN,AGL,CE,Federal Contract Tower,0,4,22,0,26,0,4,98,0,102,0,8,120,0,128,106,0,106,234
01/30/2022,ANE,MN,AGL,CE,Federal Contract Tower,0,1,21,0,22,0,2,77,0,79,0,3,98,0,101,96,0,96,197
01/31/2022,ANE,MN,AGL,CE,Federal Contract Tower,0,13,28,1,42,0,8,48,0,56,0,21,76,1,98,46,2,48,146
02/01/2022,ANE,MN,AGL,CE,Federal Contract Tower,0,8,11,0,19,0,0,4,2,6,0,8,15,2,25,2,0,2,27
02/02/2022,ANE,MN,AGL,CE,Federal Contract Tower,0,18,38,0,56,0,5,25,0,30,0,23,63,0,86,56,2,58,144
02/03/2022,ANE,MN,AGL,CE,Federal Contract Tower,0,7,29,0,36,0,4,20,2,26,0,11,49,2,62,10,0,10,72
02/04/2022,ANE,MN,AGL,CE,Federal Contract Tower,0,5,12,0,17,0,3,14,0,17,0,8,26,0,34,74,0,74,108
02/05/2022,ANE,MN,AGL,CE,Federal Contract Tower,0,2,11,0,13,0,2,27,0,29,0,4,38,0,42,16,0,16,58
02/06/2022,ANE,MN,AGL,CE,Federal Contract Tower,0,1,11,0,12,0,0,7,0,7,0,1,18,0,19,12,0,12,31
02/07/2022,ANE,MN,AGL,CE,Federal Contract Tower,0,7,28,0,35,0,4,60,0,64,0,11,88,0,99,96,0,96,195
02/08/2022,ANE,MN,AGL,CE,Federal Contract Tower,0,11,41,0,52,0,1,67,4,72,0,12,108,4,124,90,10,100,224
02/09/2022,ANE,MN,AGL,CE,Federal Contract Tower,0,9,15,0,24,0,1,9,0,10,0,10,24,0,34,24,0,24,58
02/10/2022,ANE,MN,AGL,CE,Federal Contract Tower,0,6,9,0,15,0,2,14,0,16,0,8,23,0,31,44,0,44,75
02/11/2022,ANE,MN,AGL,CE,Federal Contract Tower,0,4,4,0,8,0,0,0,0,0,0,4,4,0,8,0,0,0,8
02/12/2022,ANE,MN,AGL,CE,Federal Contract Tower,0,5,24,0,29,0,6,39,0,45,0,11,63,0,74,72,0,72,146
02/13/2022,ANE,MN,AGL,CE,Federal Contract Tower,0,2,10,0,12,0,4,18,0,22,0,6,28,0,34,30,0,30,64
02/14/2022,ANE,MN,AGL,CE,Federal Contract Tower,0,7,17,0,24,0,2,42,0,44,0,9,59,0,68,42,0,42,110
02/15/2022,ANE,MN,AGL,CE,Federal Contract Tower,0,7,16,0,23,0,3,24,2,29,0,10,40,2,52,52,0,52,104
02/16/2022,ANE,MN,AGL,CE,Federal Contract Tower,0,11,39,2,52,0,2,56,1,59,0,13,95,3,111,98,0,98,209
02/17/2022,ANE,MN,AGL,CE,Federal Contract Tower,0,7,25,1,33,0,6,44,0,50,0,13,69,1,83,100,4,104,187
02/18/2022,ANE,MN,AGL,CE,Federal Contract Tower,0,8,8,0,16,0,0,3,0,3,0,8,11,0,19,0,0,0,19
02/19/2022,ANE,MN,AGL,CE,Federal Contract Tower,0,2,21,0,23,0,2,64,0,66,0,4,85,0,89,92,0,92,181
02/20/2022,ANE,MN,AGL,CE,Federal Contract Tower,0,9,21,0,30,0,4,76,0,80,0,13,97,0,110,98,0,98,208
02/21/2022,ANE,MN,AGL,CE,Federal Contract Tower,0,3,7,0,10,0,0,1,0,1,0,3,8,0,11,0,0,0,11
02/22/2022,ANE,MN,AGL,CE,Federal Contract Tower,0,7,5,0,12,0,0,0,0,0,0,7,5,0,12,0,0,0,12
02/23/2022,ANE,MN,AGL,CE,Federal Contract Tower,0,4,35,0,39,0,4,34,2,40,0,8,69,2,79,66,0,66,145
02/24/2022,ANE,MN,AGL,CE,Federal Contract Tower,0,7,26,0,33,0,0,27,0,27,0,7,53,0,60,80,0,80,140
02/25/2022,ANE,MN,AGL,CE,Federal Contract Tower,0,10,21,0,31,0,1,59,0,60,0,11,80,0,91,118,0,118,209
02/26/2022,ANE,MN,AGL,CE,Federal Contract Tower,0,4,10,0,14,0,5,52,4,61,0,9,62,4,75,70,2,72,147
02/27/2022,ANE,MN,AGL,CE,Federal Contract Tower,0,5,11,0,16,0,3,77,0,80,0,8,88,0,96,82,0,82,178
02/28/2022,ANE,MN,AGL,CE,Federal Contract Tower,0,10,44,2,56,0,0,81,0,81,0,10,125,2,137,94,0,94,231
03/01/2022,ANE,MN,AGL,CE,Federal Contract Tower,0,15,23,0,38,0,1,50,2,53,0,16,73,2,91,96,4,100,191
03/02/2022,ANE,MN,AGL,CE,Federal Contract Tower,0,9,19,0,28,0,9,28,0,37,0,18,47,0,65,62,0,62,127
03/03/2022,ANE,MN,AGL,CE,Federal Contract Tower,0,9,32,0,41,0,3,35,0,38,0,12,67,0,79,80,0,80,159
03/04/2022,ANE,MN,AGL,CE,Federal Contract Tower,0,4,28,0,32,0,3,48,0,51,0,7,76,0,83,70,0,70,153
03/05/2022,ANE,MN,AGL,CE,Federal Contract Tower,0,2,4,0,6,0,0,0,0,0,0,2,4,0,6,0,0,0,6
03/06/2022,ANE,MN,AGL,CE,Federal Contract Tower,0,1,8,0,9,0,2,8,0,10,0,3,16,0,19,10,0,10,29
03/07/2022,ANE,MN,AGL,CE,Federal Contract Tower,0,5,36,0,41,0,50,0,0,50,0,55,36,0,91,118,0,118,209
03/08/2022,ANE,MN,AGL,CE,Federal Contract Tower,0,16,25,0,41,0,5,49,0,54,0,21,74,0,95,106,0,106,201
03/09/2022,ANE,MN,AGL,CE,Federal Contract Tower,0,7,30,2,39,0,2,40,0,42,0,9,70,2,81,20,2,22,103
03/10/2022,ANE,MN,AGL,CE,Federal Contract Tower,0,6,31,0,37,0,2,43,0,45,0,8,74,0,82,100,0,100,182
03/11/2022,ANE,MN,AGL,CE,Federal Contract Tower,0,2,22,0,24,0,3,16,0,19,0,5,38,0,43,14,0,14,57
03/12/2022,ANE,MN,AGL,CE,Federal Contract Tower,0,3,24,0,27,0,10,60,0,70,0,13,84,0,97,112,0,112,209
03/13/2022,ANE,MN,AGL,CE,Federal Contract Tower,0,5,18,0,23,0,4,61,0,65,0,9,79,0,88,58,0,58,146
03/14/2022,ANE,MN,AGL,CE,Federal Contract Tower,0,9,21,0,30,0,5,11,0,16,0,14,32,0,46,44,0,44,90
03/15/2022,ANE,MN,AGL,CE,Federal Contract Tower,0,8,40,2,50,0,2,99,4,105,0,10,139,6,155,142,0,142,297
03/16/2022,ANE,MN,AGL,CE,Federal Contract Tower,0,14,40,0,54,0,4,97,0,101,0,18,137,0,155,146,0,146,301
03/17/2022,ANE,MN,AGL,CE,Federal Contract Tower,0,14,23,0,37,0,4,46,0,50,0,18,69,0,87,94,2,96,183
03/18/2022,ANE,MN,AGL,CE,Federal Contract Tower,0,7,18,0,25,0,13,73,0,86,0,20,91,0,111,122,0,122,233
03/19/2022,ANE,MN,AGL,CE,Federal Contract Tower,0,7,27,0,34,0,3,90,0,93,0,10,117,0,127,118,0,118,245
03/20/2022,ANE,MN,AGL,CE,Federal Contract Tower,0,2,40,0,42,0,3,73,0,76,0,5,113,0,118,84,0,84,202
03/21/2022,ANE,MN,AGL,CE,Federal Contract Tower,0,14,33,0,47,0,3,54,0,57,0,17,87,0,104,44,0,44,148
03/22/2022,ANE,MN,AGL,CE,Federal Contract Tower,0,9,6,0,15,0,0,0,0,0,0,9,6,0,15,0,0,0,15
03/23/2022,ANE,MN,AGL,CE,Federal Contract Tower,0,8,17,0,25,0,0,0,0,0,0,8,17,0,25,0,0,0,25
03/24/2022,ANE,MN,AGL,CE,Federal Contract Tower,0,6,29,0,35,0,3,49,0,52,0,9,78,0,87,100,6,106,193
03/25/2022,ANE,MN,AGL,CE,Federal Contract Tower,0,4,16,0,20,0,1,3,0,4,0,5,19,0,24,20,0,20,44
03/26/2022,ANE,MN,AGL,CE,Federal Contract Tower,0,3,14,0,17,0,6,20,0,26,0,9,34,0,43,32,0,32,75
03/27/2022,ANE,MN,AGL,CE,Federal Contract Tower,0,5,26,3,34,0,1,75,0,76,0,6,101,3,110,82,0,82,192
03/28/2022,ANE,MN,AGL,CE,Federal Contract Tower,0,3,43,0,46,0,1,75,0,76,0,4,118,0,122,132,0,132,254
03/29/2022,ANE,MN,AGL,CE,Federal Contract Tower,0,9,28,0,37,0,7,32,0,39,0,16,60,0,76,34,4,38,114
03/30/2022,ANE,MN,AGL,CE,Federal Contract Tower,0,5,15,0,20,0,0,0,0,0,0,5,15,0,20,0,0,0,20
03/31/2022,ANE,MN,AGL,CE,Federal Contract Tower,0,8,21,0,29,0,7,33,0,40,0,15,54,0,69,48,0,48,117
04/01/2022,ANE,MN,AGL,CE,Federal Contract Tower,0,7,46,0,53,0,3,97,0,100,0,10,143,0,153,88,0,88,241
04/02/2022,ANE,MN,AGL,CE,Federal Contract Tower,0,4,20,0,24,0,4,34,0,38,0,8,54,0,62,88,0,88,150
04/03/2022,ANE,MN,AGL,CE,Federal Contract Tower,0,2,22,0,24,0,0,55,0,55,0,2,77,0,79,36,0,36,115
04/04/2022,ANE,MN,AGL,CE,Federal Contract Tower,0,3,18,0,21,0,4,42,0,46,0,7,60,0,67,100,0,100,167
04/05/2022,ANE,MN,AGL,CE,Federal Contract Tower,0,10,9,0,19,0,0,0,2,2,0,10,9,2,21,0,0,0,21
04/06/2022,ANE,MN,AGL,CE,Federal Contract Tower,0,10,9,0,19,0,2,0,0,2,0,12,9,0,21,2,0,2,23
04/07/2022,ANE,MN,AGL,CE,Federal Contract Tower,0,4,10,0,14,0,2,0,0,2,0,6,10,0,16,0,0,0,16
04/08/2022,ANE,MN,AGL,CE,Federal Contract Tower,0,7,16,0,23,0,3,36,0,39,0,10,52,0,62,28,0,28,90
04/09/2022,ANE,MN,AGL,CE,Federal Contract Tower,0,6,40,0,46,0,3,165,1,169,0,9,205,1,215,94,0,94,309
04/10/2022,ANE,MN,AGL,CE,Federal Contract Tower,0,1,21,0,22,0,8,28,0,36,0,9,49,0,58,14,0,14,72
04/11/2022,ANE,MN,AGL,CE,Federal Contract Tower,0,3,34,0,37,0,5,71,2,78,0,8,105,2,115,130,4,134,249
04/12/2022,ANE,MN,AGL,CE,Federal Contract Tower,0,14,25,2,41,0,3,22,2,27,0,17,47,4,68,34,20,54,122
04/13/2022,ANE,MN,AGL,CE,Federal Contract Tower,0,8,20,0,28,0,12,6,0,18,0,20,26,0,46,66,0,66,112
04/14/2022,ANE,MN,AGL,CE,Federal Contract Tower,0,13,16,0,29,0,2,1,0,3,0,15,17,0,32,0,0,0,32
04/15/2022,ANE,MN,AGL,CE,Federal Contract Tower,0,5,30,0,35,0,2,19,0,21,0,7,49,0,56,0,0,0,56
04/16/2022,ANE,MN,AGL,CE,Federal Contract Tower,0,1,37,0,38,0,5,54,0,59,0,6,91,0,97,66,0,66,163
04/17/2022,ANE,MN,AGL,CE,Federal Contract Tower,0,2,9,0,11,0,5,39,0,44,0,7,48,0,55,8,0,8,63
04/18/2022,ANE,MN,AGL,CE,Federal Contract Tower,0,6,14,0,20,0,5,10,0,15,0,11,24,0,35,10,0,10,45
04/19/2022,ANE,MN,AGL,CE,Federal Contract Tower,0,5,59,0,64,0,11,109,0,120,0,16,168,0,184,122,4,126,310
04/20/2022,ANE,MN,AGL,CE,Federal Contract Tower,0,8,14,2,24,0,5,2,0,7,0,13,16,2,31,0,0,0,31
04/21/2022,ANE,MN,AGL,CE,Federal Contract Tower,0,8,53,0,61,0,7,94,0,101,0,15,147,0,162,138,0,138,300
04/22/2022,ANE,MN,AGL,CE,Federal Contract Tower,0,6,28,0,34,0,0,4,4,8,0,6,32,4,42,6,2,8,50
04/23/2022,ANE,MN,AGL,CE,Federal Contract Tower,0,2,10,0,12,0,2,7,0,9,0,4,17,0,21,0,0,0,21
04/24/2022,ANE,MN,AGL,CE,Federal Contract Tower,0,4,24,0,28,0,2,7,0,9,0,6,31,0,37,2,0,2,39
04/25/2022,ANE,MN,AGL,CE,Federal Contract Tower,0,11,28,0,39,0,8,26,0,34,0,19,54,0,73,40,0,40,113
04/26/2022,ANE,MN,AGL,CE,Federal Contract Tower,0,16,44,4,64,0,4,127,3,134,0,20,171,7,198,164,0,164,362
04/27/2022,ANE,MN,AGL,CE,Federal Contract Tower,0,10,44,0,54,0,7,91,0,98,0,17,135,0,152,166,0,166,318
04/28/2022,ANE,MN,AGL,CE,Federal Contract Tower,0,8,23,0,31,0,2,64,0,66,0,10,87,0,97,88,0,88,185
04/29/2022,ANE,MN,AGL,CE,Federal Contract Tower,0,9,22,0,31,0,7,11,0,18,0,16,33,0,49,64,0,64,113
04/30/2022,ANE,MN,AGL,CE,Federal Contract Tower,0,3,10,0,13,0,0,0,0,0,0,3,10,0,13,0,0,0,13
05/01/2022,ANE,MN,AGL,CE,Federal Contract Tower,0,3,17,0,20,0,0,1,0,1,0,3,18,0,21,0,0,0,21
05/02/2022,ANE,MN,AGL,CE,Federal Contract Tower,0,9,36,0,45,0,4,50,0,54,0,13,86,0,99,94,0,94,193
05/03/2022,ANE,MN,AGL,CE,Federal Contract Tower,0,7,41,0,48,0,4,96,0,100,0,11,137,0,148,112,0,112,260
05/04/2022,ANE,MN,AGL,CE,Federal Contract Tower,0,15,49,2,66,0,3,112,0,115,0,18,161,2,181,188,0,188,369
05/05/2022,ANE,MN,AGL,CE,Federal Contract Tower,0,14,32,0,46,0,5,86,0,91,0,19,118,0,137,136,0,136,273
05/06/2022,ANE,MN,AGL,CE,Federal Contract Tower,0,6,29,0,35,0,6,110,0,116,0,12,139,0,151,122,0,122,273
05/07/2022,ANE,MN,AGL,CE,Federal Contract Tower,0,3,23,0,26,0,0,74,0,74,0,3,97,0,100,30,0,30,130
05/08/2022,ANE,MN,AGL,CE,Federal Contract Tower,0,0,14,0,14,0,0,3,0,3,0,0,17,0,17,0,0,0,17
05/09/2022,ANE,MN,AGL,CE,Federal Contract Tower,0,4,16,0,20,0,2,0,0,2,0,6,16,0,22,0,0,0,22
05/10/2022,ANE,MN,AGL,CE,Federal Contract Tower,0,11,20,0,31,2,5,120,0,127,2,16,140,0,158,196,0,196,354
05/11/2022,ANE,MN,AGL,CE,Federal Contract Tower,0,4,16,0,20,0,1,26,0,27,0,5,42,0,47,8,0,8,55
05/12/2022,ANE,MN,AGL,CE,Federal Contract Tower,0,7,32,0,39,0,5,18,0,23,0,12,50,0,62,24,0,24,86
05/13/2022,ANE,MN,AGL,CE,Federal Contract Tower,0,8,27,0,35,0,17,101,0,118,0,25,128,0,153,194,2,196,349
05/14/2022,ANE,MN,AGL,CE,Federal Contract Tower,0,3,21,0,24,0,3,136,0,139,0,6,157,0,163,30,0,30,193
05/15/2022,ANE,MN,AGL,CE,Federal Contract Tower,0,2,20,0,22,0,2,70,0,72,0,4,90,0,94,76,0,76,170
05/16/2022,ANE,MN,AGL,CE,Federal Contract Tower,0,6,33,0,39,0,3,70,0,73,0,9,103,0,112,56,0,56,168
05/17/2022,ANE,MN,AGL,CE,Federal Contract Tower,0,8,42,0,50,0,5,105,0,110,0,13,147,0,160,158,0,158,318
05/18/2022,ANE,MN,AGL,CE,Federal Contract Tower,0,5,37,0,42,0,1,55,0,56,0,6,92,0,98,170,0,170,268
05/19/2022,ANE,MN,AGL,CE,Federal Contract Tower,0,8,34,0,42,0,4,58,0,62,0,12,92,0,104,126,0,126,230
05/20/2022,ANE,MN,AGL,CE,Federal Contract Tower,0,10,36,0,46,0,5,44,0,49,0,15,80,0,95,60,0,60,155
05/21/2022,ANE,MN,AGL,CE,Federal Contract Tower,0,1,15,0,16,0,4,73,0,77,0,5,88,0,93,130,0,130,223
05/22/2022,ANE,MN,AGL,CE,Federal Contract Tower,0,4,24,0,28,0,4,65,0,69,0,8,89,0,97,62,0,62,159
05/23/2022,ANE,MN,AGL,CE,Federal Contract Tower,0,3,43,0,46,0,3,106,0,109,0,6,149,0,155,140,0,140,295
05/24/2022,ANE,MN,AGL,CE,Federal Contract Tower,0,17,55,2,74,0,0,120,0,120,0,17,175,2,194,200,0,200,394
05/25/2022,ANE,MN,AGL,CE,Federal Contract Tower,0,11,34,2,47,0,0,0,0,0,0,11,34,2,47,0,0,0,47
05/26/2022,ANE,MN,AGL,CE,Federal Contract Tower,0,12,36,0,48,0,5,37,0,42,0,17,73,0,90,56,0,56,146
05/27/2022,ANE,MN,AGL,CE,Federal Contract Tower,0,6,26,0,32,0,2,111,0,113,0,8,137,0,145,170,0,170,315
05/28/2022,ANE,MN,AGL,CE,Federal Contract Tower,0,2,9,0,11,0,6,43,0,49,0,8,52,0,60,30,0,30,90
05/29/2022,ANE,MN,AGL,CE,Federal Contract Tower,0,6,9,0,15,0,2,10,0,12,0,8,19,0,27,12,0,12,39
05/30/2022,ANE,MN,AGL,CE,Federal Contract Tower,0,1,2,0,3,0,4,38,0,42,0,5,40,0,45,18,0,18,63
05/31/2022,ANE,MN,AGL,CE,Federal Contract Tower,0,9,37,0,46,0,2,10,0,12,0,11,47,0,58,22,0,22,80
06/01/2022,ANE,MN,AGL,CE,Federal Contract Tower,0,10,35,0,45,0,4,110,0,114,0,14,145,0,159,98,0,98,257
06/02/2022,ANE,MN,AGL,CE,Federal Contract Tower,0,12,30,0,42,0,3,57,0,60,0,15,87,0,102,54,0,54,156
06/03/2022,ANE,MN,AGL,CE,Federal Contract Tower,0,8,53,1,62,0,13,100,0,113,0,21,153,1,175,136,6,142,317
06/04/2022,ANE,MN,AGL,CE,Federal Contract Tower,0,3,25,0,28,0,9,78,0,87,0,12,103,0,115,66,0,66,181
06/05/2022,ANE,MN,AGL,CE,Federal Contract Tower,0,4,27,0,31,0,1,69,0,70,0,5,96,0,101,64,0,64,165
06/06/2022,ANE,MN,AGL,CE,Federal Contract Tower,0,10,54,0,64,0,7,87,0,94,0,17,141,0,158,150,0,150,308
06/07/2022,ANE,MN,AGL,CE,Federal Contract Tower,0,7,49,3,59,0,3,128,0,131,0,10,177,3,190,210,0,210,400
06/08/2022,ANE,MN,AGL,CE,Federal Contract Tower,0,9,45,1,55,0,3,104,1,108,0,12,149,2,163,86,0,86,249
06/09/2022,ANE,MN,AGL,CE,Federal Contract Tower,0,8,24,0,32,0,4,77,0,81,0,12,101,0,113,90,0,90,203
06/10/2022,ANE,MN,AGL,CE,Federal Contract Tower,0,12,33,0,45,0,8,88,0,96,0,20,121,0,141,112,2,114,255
06/11/2022,ANE,MN,AGL,CE,Federal Contract Tower,0,9,7,0,16,0,11,60,3,74,0,20,67,3,90,38,0,38,128
06/12/2022,ANE,MN,AGL,CE,Federal Contract Tower,0,5,44,0,49,0,6,59,0,65,0,11,103,0,114,58,0,58,172
06/13/2022,ANE,MN,AGL,CE,Federal Contract Tower,0,6,20,0,26,0,2,22,0,24,0,8,42,0,50,44,0,44,94
06/14/2022,ANE,MN,AGL,CE,Federal Contract Tower,0,7,38,0,45,0,11,40,0,51,0,18,78,0,96,56,0,56,152
06/15/2022,ANE,MN,AGL,CE,Federal Contract Tower,0,10,21,0,31,0,11,64,0,75,0,21,85,0,106,112,0,112,218
06/16/2022,ANE,MN,AGL,CE,Federal Contract Tower,0,8,26,0,34,0,4,22,0,26,0,12,48,0,60,6,0,6,66
06/17/2022,ANE,MN,AGL,CE,Federal Contract Tower,0,7,43,0,50,0,7,156,0,163,0,14,199,0,213,156,0,156,369
06/18/2022,ANE,MN,AGL,CE,Federal Contract Tower,0,3,18,0,21,0,5,124,0,129,0,8,142,0,150,36,0,36,186
06/19/2022,ANE,MN,AGL,CE,Federal Contract Tower,0,3,18,0,21,0,10,47,0,57,0,13,65,0,78,20,0,20,98
06/20/2022,ANE,MN,AGL,CE,Federal Contract Tower,0,14,27,0,41,0,1,25,0,26,0,15,52,0,67,24,0,24,91
06/21/2022,ANE,MN,AGL,CE,Federal Contract Tower,0,12,27,4,43,0,7,59,2,68,0,19,86,6,111,74,0,74,185
06/22/2022,ANE,MN,AGL,CE,Federal Contract Tower,0,10,49,0,59,0,11,112,0,123,0,21,161,0,182,127,0,127,309
06/23/2022,ANE,MN,AGL,CE,Federal Contract Tower,0,10,40,0,50,0,14,70,2,86,0,24,110,2,136,134,8,142,278
06/24/2022,ANE,MN,AGL,CE,Federal Contract Tower,0,16,31,0,47,0,7,98,0,105,0,23,129,0,152,132,0,132,284
06/25/2022,ANE,MN,AGL,CE,Federal Contract Tower,0,6,14,1,21,0,5,26,0,31,0,11,40,1,52,76,2,78,130
06/26/2022,ANE,MN,AGL,CE,Federal Contract Tower,0,4,14,0,18,0,8,31,0,39,0,12,45,0,57,0,0,0,57
06/27/2022,ANE,MN,AGL,CE,Federal Contract Tower,0,18,44,0,62,0,16,122,0,138,0,34,166,0,200,104,0,104,304
06/28/2022,ANE,MN,AGL,CE,Federal Contract Tower,0,16,35,3,54,0,7,69,5,81,0,23,104,8,135,126,12,138,273
06/29/2022,ANE,MN,AGL,CE,Federal Contract Tower,0,6,42,0,48,0,12,67,0,79,0,18,109,0,127,126,0,126,253
06/30/2022,ANE,MN,AGL,CE,Federal Contract Tower,0,19,45,0,64,0,6,74,0,80,0,25,119,0,144,90,0,90,234
07/01/2022,ANE,MN,AGL,CE,Federal Contract Tower,0,5,24,0,29,1,9,79,0,89,1,14,103,0,118,88,0,88,206
07/02/2022,ANE,MN,AGL,CE,Federal Contract Tower,0,3,23,0,26,0,5,85,0,90,0,8,108,0,116,68,0,68,184
07/03/2022,ANE,MN,AGL,CE,Federal Contract Tower,0,4,10,0,14,0,4,45,0,49,0,8,55,0,63,48,0,48,111
07/04/2022,ANE,MN,AGL,CE,Federal Contract Tower,0,3,8,0,11,0,2,23,0,25,0,5,31,0,36,36,0,36,72
07/05/2022,ANE,MN,AGL,CE,Federal Contract Tower,0,9,22,0,31,0,4,27,0,31,0,13,49,0,62,88,0,88,150
07/06/2022,ANE,MN,AGL,CE,Federal Contract Tower,0,11,49,0,60,0,4,53,0,57,0,15,102,0,117,162,0,162,279
07/07/2022,ANE,MN,AGL,CE,Federal Contract Tower,0,6,22,0,28,0,8,73,3,84,0,14,95,3,112,188,24,212,324
07/08/2022,ANE,MN,AGL,CE,Federal Contract Tower,0,9,28,0,37,0,2,113,0,115,0,11,141,0,152,100,0,100,252
07/09/2022,ANE,MN,AGL,CE,Federal Contract Tower,0,3,25,0,28,0,6,204,0,210,0,9,229,0,238,28,0,28,266
07/10/2022,ANE,MN,AGL,CE,Federal Contract Tower,0,3,26,0,29,0,2,29,0,31,0,5,55,0,60,10,0,10,70
07/11/2022,ANE,MN,AGL,CE,Federal Contract Tower,0,6,46,1,53,0,6,28,0,34,0,12,74,1,87,24,0,24,111
07/12/2022,ANE,MN,AGL,CE,Federal Contract Tower,0,15,39,1,55,0,1,84,2,87,0,16,123,3,142,100,0,100,242
07/13/2022,ANE,MN,AGL,CE,Federal Contract Tower,0,20,41,0,61,0,13,76,0,89,0,33,117,0,150,144,0,144,294
07/14/2022,ANE,MN,AGL,CE,Federal Contract Tower,0,6,41,0,47,0,3,67,0,70,0,9,108,0,117,82,0,82,199
07/15/2022,ANE,MN,AGL,CE,Federal Contract Tower,0,2,43,0,45,0,3,92,2,97,0,5,135,2,142,104,0,104,246
07/16/2022,ANE,MN,AGL,CE,Federal Contract Tower,0,8,27,0,35,0,4,73,0,77,0,12,100,0,112,82,0,82,194
07/17/2022,ANE,MN,AGL,CE,Federal Contract Tower,0,8,30,0,38,0,4,74,0,78,0,12,104,0,116,106,0,106,222
07/18/2022,ANE,MN,AGL,CE,Federal Contract Tower,0,15,38,0,53,0,5,104,0,109,0,20,142,0,162,64,0,64,226
07/19/2022,ANE,MN,AGL,CE,Federal Contract Tower,0,8,31,0,39,0,10,35,0,45,0,18,66,0,84,14,0,14,98
07/20/2022,ANE,MN,AGL,CE,Federal Contract Tower,0,8,52,0,60,0,3,24,0,27,0,11,76,0,87,8,2,10,97
07/21/2022,ANE,MN,AGL,CE,Federal Contract Tower,0,9,38,2,49,0,3,95,1,99,0,12,133,3,148,88,2,90,238
07/22/2022,ANE,MN,AGL,CE,Federal Contract Tower,0,9,32,0,41,0,4,131,0,135,0,13,163,0,176,138,0,138,314
07/23/2022,ANE,MN,AGL,CE,Federal Contract Tower,0,1,19,0,20,0,3,39,0,42,0,4,58,0,62,56,0,56,118
07/24/2022,ANE,MN,AGL,CE,Federal Contract Tower,0,9,36,0,45,0,4,63,0,67,0,13,99,0,112,34,0,34,146
07/25/2022,ANE,MN,AGL,CE,Federal Contract Tower,0,16,25,0,41,0,15,92,0,107,0,31,117,0,148,98,0,98,246
07/26/2022,ANE,MN,AGL,CE,Federal Contract Tower,0,5,36,0,41,0,1,58,0,59,0,6,94,0,100,150,0,150,250
07/27/2022,ANE,MN,AGL,CE,Federal Contract Tower,0,11,51,0,62,0,6,112,0,118,0,17,163,0,180,176,0,176,356
07/28/2022,ANE,MN,AGL,CE,Federal Contract Tower,0,12,58,0,70,0,8,84,0,92,0,20,142,0,162,76,0,76,238
07/29/2022,ANE,MN,AGL,CE,Federal Contract Tower,0,4,36,0,40,0,6,104,0,110,0,10,140,0,150,140,0,140,290
07/30/2022,ANE,MN,AGL,CE,Federal Contract Tower,0,4,25,1,30,0,3,88,0,91,0,7,113,1,121,90,0,90,211
07/31/2022,ANE,MN,AGL,CE,Federal Contract Tower,0,3,27,0,30,0,10,41,0,51,0,13,68,0,81,26,0,26,107
08/01/2022,ANE,MN,AGL,CE,Federal Contract Tower,0,11,50,0,61,0,5,101,0,106,0,16,151,0,167,142,0,142,309
08/02/2022,ANE,MN,AGL,CE,Federal Contract Tower,0,9,38,0,47,0,2,48,0,50,0,11,86,0,97,78,0,78,175
08/03/2022,ANE,MN,AGL,CE,Federal Contract Tower,0,7,33,0,40,0,8,60,0,68,0,15,93,0,108,36,0,36,144
08/04/2022,ANE,MN,AGL,CE,Federal Contract Tower,0,13,32,0,45,0,4,136,0,140,0,17,168,0,185,182,4,186,371
08/05/2022,ANE,MN,AGL,CE,Federal Contract Tower,0,7,21,0,28,0,5,68,0,73,0,12,89,0,101,74,0,74,175
08/06/2022,ANE,MN,AGL,CE,Federal Contract Tower,0,2,10,0,12,0,3,5,0,8,0,5,15,0,20,0,0,0,20
08/07/2022,ANE,MN,AGL,CE,Federal Contract Tower,0,6,19,0,25,0,3,53,0,56,0,9,72,0,81,74,0,74,155
08/08/2022,ANE,MN,AGL,CE,Federal Contract Tower,0,4,38,0,42,0,7,75,0,82,0,11,113,0,124,102,0,102,226
08/09/2022,ANE,MN,AGL,CE,Federal Contract Tower,0,7,29,0,36,0,10,112,0,122,0,17,141,0,158,160,0,160,318
08/10/2022,ANE,MN,AGL,CE,Federal Contract Tower,0,5,42,2,49,0,8,126,0,134,0,13,168,2,183,102,0,102,285
08/11/2022,ANE,MN,AGL,CE,Federal Contract Tower,0,8,39,0,47,0,4,119,0,123,0,12,158,0,170,124,0,124,294
08/12/2022,ANE,MN,AGL,CE,Federal Contract Tower,0,8,6,0,14,0,2,23,0,25,0,10,29,0,39,10,4,14,53
08/13/2022,ANE,MN,AGL,CE,Federal Contract Tower,0,10,24,0,34,0,3,37,0,40,0,13,61,0,74,74,0,74,148
08/14/2022,ANE,MN,AGL,CE,Federal Contract Tower,0,4,19,0,23,0,2,70,0,72,0,6,89,0,95,70,0,70,165
08/15/2022,ANE,MN,AGL,CE,Federal Contract Tower,0,14,23,0,37,0,13,103,0,116,0,27,126,0,153,124,0,124,277
08/16/2022,ANE,MN,AGL,CE,Federal Contract Tower,0,12,32,0,44,0,3,113,0,116,0,15,145,0,160,162,0,162,322
08/17/2022,ANE,MN,AGL,CE,Federal Contract Tower,0,9,20,0,29,0,4,48,0,52,0,13,68,0,81,108,0,108,189
08/18/2022,ANE,MN,AGL,CE,Federal Contract Tower,0,8,25,0,33,0,1,24,0,25,0,9,49,0,58,124,0,124,182
08/19/2022,ANE,MN,AGL,CE,Federal Contract Tower,0,5,16,0,21,0,2,13,0,15,0,7,29,0,36,26,0,26,62
08/20/2022,ANE,MN,AGL,CE,Federal Contract Tower,0,9,31,0,40,0,8,20,0,28,0,17,51,0,68,90,0,90,158
08/21/2022,ANE,MN,AGL,CE,Federal Contract Tower,0,5,24,0,29,0,3,98,0,101,0,8,122,0,130,54,0,54,184
08/22/2022,ANE,MN,AGL,CE,Federal Contract Tower,0,6,33,0,39,0,5,92,2,99,0,11,125,2,138,228,0,228,366
08/23/2022,ANE,MN,AGL,CE,Federal Contract Tower,0,10,31,0,41,0,8,108,0,116,0,18,139,0,157,118,4,122,279
08/24/2022,ANE,MN,AGL,CE,Federal Contract Tower,0,12,44,3,59,0,2,51,0,53,0,14,95,3,112,142,2,144,256
08/25/2022,ANE,MN,AGL,CE,Federal Contract Tower,0,11,33,0,44,0,5,66,0,71,0,16,99,0,115,156,0,156,271
08/26/2022,ANE,MN,AGL,CE,Federal Contract Tower,0,12,27,0,39,0,0,106,0,106,0,12,133,0,145,138,0,138,283
08/27/2022,ANE,MN,AGL,CE,Federal Contract Tower,0,4,11,0,15,0,4,26,0,30,0,8,37,0,45,0,0,0,45
08/28/2022,ANE,MN,AGL,CE,Federal Contract Tower,0,8,32,0,40,0,4,29,0,33,0,12,61,0,73,60,0,60,133
08/29/2022,ANE,MN,AGL,CE,Federal Contract Tower,0,5,16,0,21,0,4,52,0,56,0,9,68,0,77,38,0,38,115
08/30/2022,ANE,MN,AGL,CE,Federal Contract Tower,0,9,29,2,40,0,5,103,0,108,0,14,132,2,148,130,0,130,278
08/31/2022,ANE,MN,AGL,CE,Federal Contract Tower,0,12,28,0,40,0,2,122,0,124,0,14,150,0,164,70,0,70,234
09/01/2022,ANE,MN,AGL,CE,Federal Contract Tower,0,11,15,0,26,0,6,67,0,73,0,17,82,0,99,194,0,194,293
09/02/2022,ANE,MN,AGL,CE,Federal Contract Tower,0,6,41,0,47,0,6,63,0,69,0,12,104,0,116,138,0,138,254
09/03/2022,ANE,MN,AGL,CE,Federal Contract Tower,0,2,22,0,24,0,5,81,0,86,0,7,103,0,110,74,0,74,184
09/04/2022,ANE,MN,AGL,CE,Federal Contract Tower,0,2,11,0,13,0,11,81,0,92,0,13,92,0,105,106,0,106,211
09/05/2022,ANE,MN,AGL,CE,Federal Contract Tower,0,3,19,0,22,0,10,94,0,104,0,13,113,0,126,110,0,110,236
09/06/2022,ANE,MN,AGL,CE,Federal Contract Tower,0,5,18,0,23,0,1,73,0,74,0,6,91,0,97,184,0,184,281
09/07/2022,ANE,MN,AGL,CE,Federal Contract Tower,0,7,39,0,46,0,1,71,0,72,0,8,110,0,118,180,0,180,298
09/08/2022,ANE,MN,AGL,CE,Federal Contract Tower,0,17,29,0,46,0,3,49,0,52,0,20,78,0,98,14,0,14,112
09/09/2022,ANE,MN,AGL,CE,Federal Contract Tower,0,13,16,0,29,0,0,8,0,8,0,13,24,0,37,6,0,6,43
09/10/2022,ANE,MN,AGL,CE,Federal Contract Tower,0,7,26,0,33,0,10,131,0,141,0,17,157,0,174,138,0,138,312
09/11/2022,ANE,MN,AGL,CE,Federal Contract Tower,0,4,12,0,16,0,7,82,0,89,0,11,94,0,105,66,0,66,171
09/12/2022,ANE,MN,AGL,CE,Federal Contract Tower,0,13,41,0,54,0,14,114,0,128,0,27,155,0,182,94,0,94,276
09/13/2022,ANE,MN,AGL,CE,Federal Contract Tower,0,19,30,1,50,0,8,106,0,114,0,27,136,1,164,240,6,246,410
09/14/2022,ANE,MN,AGL,CE,Federal Contract Tower,0,14,29,0,43,0,5,79,0,84,0,19,108,0,127,168,0,168,295
09/15/2022,ANE,MN,AGL,CE,Federal Contract Tower,0,7,34,0,41,0,8,61,0,69,0,15,95,0,110,100,0,100,210
09/16/2022,ANE,MN,AGL,CE,Federal Contract Tower,0,18,30,0,48,0,0,58,0,58,0,18,88,0,106,94,0,94,200
09/17/2022,ANE,MN,AGL,CE,Federal Contract Tower,0,5,11,0,16,0,6,95,0,101,0,11,106,0,117,154,0,154,271
09/18/2022,ANE,MN,AGL,CE,Federal Contract Tower,0,3,28,0,31,0,4,67,0,71,0,7,95,0,102,26,0,26,128
09/19/2022,ANE,MN,AGL,CE,Federal Contract Tower,0,13,43,0,56,0,5,97,0,102,0,18,140,0,158,176,0,176,334
09/20/2022,ANE,MN,AGL,CE,Federal Contract Tower,0,5,28,0,33,0,7,72,2,81,0,12,100,2,114,214,4,218,332
09/21/2022,ANE,MN,AGL,CE,Federal Contract Tower,0,6,27,0,33,0,0,49,0,49,0,6,76,0,82,132,0,132,214
09/22/2022,ANE,MN,AGL,CE,Federal Contract Tower,0,8,56,0,64,0,9,147,0,156,0,17,203,0,220,196,0,196,416
09/23/2022,ANE,MN,AGL,CE,Federal Contract Tower,0,9,29,0,38,0,7,10,0,17,0,16,39,0,55,62,0,62,117
09/24/2022,ANE,MN,AGL,CE,Federal Contract Tower,0,4,36,0,40,0,6,28,0,34,0,10,64,0,74,112,0,112,186
09/25/2022,ANE,MN,AGL,CE,Federal Contract Tower,0,4,16,0,20,0,1,43,0,44,0,5,59,0,64,30,0,30,94
09/26/2022,ANE,MN,AGL,CE,Federal Contract Tower,0,11,25,0,36,0,10,56,0,66,0,21,81,0,102,62,0,62,164
09/27/2022,ANE,MN,AGL,CE,Federal Contract Tower,0,15,52,0,67,0,3,122,0,125,0,18,174,0,192,208,0,208,400
09/28/2022,ANE,MN,AGL,CE,Federal Contract Tower,0,9,46,0,55,0,4,101,0,105,0,13,147,0,160,138,2,140,300
09/29/2022,ANE,MN,AGL,CE,Federal Contract Tower,0,13,32,0,45,0,7,92,0,99,0,20,124,0,144,172,0,172,316
09/30/2022,ANE,MN,AGL,CE,Federal Contract Tower,0,8,27,0,35,0,3,98,0,101,0,11,125,0,136,190,0,190,326
10/01/2022,ANE,MN,AGL,CE,Federal Contract Tower,0,2,24,0,26,0,2,83,0,85,0,4,107,0,111,170,0,170,281
10/02/2022,ANE,MN,AGL,CE,Federal Contract Tower,0,9,34,0,43,0,3,83,0,86,0,12,117,0,129,136,0,136,265
10/03/2022,ANE,MN,AGL,CE,Federal Contract Tower,0,8,26,0,34,0,2,78,0,80,0,10,104,0,114,114,0,114,228
10/04/2022,ANE,MN,AGL,CE,Federal Contract Tower,0,9,43,0,52,0,9,99,0,108,0,18,142,0,160,172,0,172,332
10/05/2022,ANE,MN,AGL,CE,Federal Contract Tower,0,5,25,0,30,0,13,79,0,92,0,18,104,0,122,184,0,184,306
10/06/2022,ANE,MN,AGL,CE,Federal Contract Tower,0,4,32,0,36,0,6,41,0,47,0,10,73,0,83,98,0,98,181
10/07/2022,ANE,MN,AGL,CE,Federal Contract Tower,0,11,40,0,51,0,3,105,0,108,0,14,145,0,159,280,0,280,439
10/08/2022,ANE,MN,AGL,CE,Federal Contract Tower,0,3,22,0,25,0,4,171,0,175,0,7,193,0,200,172,0,172,372
10/09/2022,ANE,MN,AGL,CE,Federal Contract Tower,0,4,46,0,50,0,3,137,0,140,0,7,183,0,190,216,0,216,406
10/10/2022,ANE,MN,AGL,CE,Federal Contract Tower,0,2,43,0,45,0,6,110,0,116,0,8,153,0,161,212,0,212,373
10/11/2022,ANE,MN,AGL,CE,Federal Contract Tower,0,12,23,0,35,0,5,62,0,67,0,17,85,0,102,66,0,66,168
10/12/2022,ANE,MN,AGL,CE,Federal Contract Tower,0,8,26,0,34,0,11,59,0,70,0,19,85,0,104,114,0,114,218
10/13/2022,ANE,MN,AGL,CE,Federal Contract Tower,0,10,48,2,60,0,6,52,0,58,0,16,100,2,118,112,0,112,230
10/14/2022,ANE,MN,AGL,CE,Federal Contract Tower,0,13,17,0,30,0,1,7,0,8,0,14,24,0,38,38,0,38,76
10/15/2022,ANE,MN,AGL,CE,Federal Contract Tower,0,4,24,0,28,0,8,83,0,91,0,12,107,0,119,150,0,150,269
10/16/2022,ANE,MN,AGL,CE,Federal Contract Tower,0,3,24,0,27,0,2,33,0,35,0,5,57,0,62,72,0,72,134
10/17/2022,ANE,MN,AGL,CE,Federal Contract Tower,0,6,35,0,41,0,9,50,0,59,0,15,85,0,100,58,0,58,158
10/18/2022,ANE,MN,AGL,CE,Federal Contract Tower,0,5,49,0,54,0,5,81,2,88,0,10,130,2,142,230,0,230,372
10/19/2022,ANE,MN,AGL,CE,Federal Contract Tower,0,7,35,0,42,0,1,119,0,120,0,8,154,0,162,222,0,222,384
10/20/2022,ANE,MN,AGL,CE,Federal Contract Tower,0,8,53,0,61,0,15,99,0,114,0,23,152,0,175,244,0,244,419
10/21/2022,ANE,MN,AGL,CE,Federal Contract Tower,0,16,35,0,51,0,2,98,0,100,0,18,133,0,151,208,0,208,359
10/23/2022,ANE,MN,AGL,CE,Federal Contract Tower,0,5,26,0,31,0,7,34,0,41,0,12,60,0,72,36,0,36,108
10/24/2022,ANE,MN,AGL,CE,Federal Contract Tower,0,4,20,0,24,0,8,30,0,38,0,12,50,0,62,60,0,60,122
10/25/2022,ANE,MN,AGL,CE,Federal Contract Tower,0,5,45,2,52,0,7,75,0,82,0,12,120,2,134,292,0,292,426
10/26/2022,ANE,MN,AGL,CE,Federal Contract Tower,0,8,31,0,39,0,2,127,0,129,0,10,158,0,168,184,0,184,352
10/27/2022,ANE,MN,AGL,CE,Federal Contract Tower,0,9,51,0,60,0,8,51,0,59,0,17,102,0,119,126,2,128,247
10/28/2022,ANE,MN,AGL,CE,Federal Contract Tower,0,5,36,1,42,0,3,96,0,99,0,8,132,1,141,170,6,176,317
10/29/2022,ANE,MN,AGL,CE,Federal Contract Tower,0,3,31,0,34,0,2,100,0,102,0,5,131,0,136,146,0,146,282
10/30/2022,ANE,MN,AGL,CE,Federal Contract Tower,0,4,25,0,29,0,2,101,0,103,0,6,126,0,132,130,0,130,262
10/31/2022,ANE,MN,AGL,CE,Federal Contract Tower,0,7,36,0,43,0,8,94,0,102,0,15,130,0,145,142,0,142,287
11/01/2022,ANE,MN,AGL,CE,Federal Contract Tower,0,3,36,0,39,0,7,109,0,116,0,10,145,0,155,246,0,246,401
11/02/2022,ANE,MN,AGL,CE,Federal Contract Tower,0,7,11,0,18,0,6,23,0,29,0,13,34,0,47,96,0,96,143
11/03/2022,ANE,MN,AGL,CE,Federal Contract Tower,0,13,36,0,49,0,0,42,0,42,0,13,78,0,91,158,0,158,249
11/04/2022,ANE,MN,AGL,CE,Federal Contract Tower,0,11,17,0,28,0,2,37,0,39,0,13,54,0,67,290,0,290,357
11/05/2022,ANE,MN,AGL,CE,Federal Contract Tower,0,4,19,0,23,0,6,4,0,10,0,10,23,0,33,6,0,6,39
11/06/2022,ANE,MN,AGL,CE,Federal Contract Tower,0,6,16,0,22,0,3,18,0,21,0,9,34,0,43,0,0,0,43
11/07/2022,ANE,MN,AGL,CE,Federal Contract Tower,0,10,37,0,47,0,7,103,0,110,0,17,140,0,157,236,0,236,393
11/08/2022,ANE,MN,AGL,CE,Federal Contract Tower,0,5,15,2,22,0,0,8,0,8,0,5,23,2,30,34,0,34,64
11/09/2022,ANE,MN,AGL,CE,Federal Contract Tower,0,9,13,0,22,0,0,6,0,6,0,9,19,0,28,44,0,44,72
11/10/2022,ANE,MN,AGL,CE,Federal Contract Tower,0,6,11,0,17,0,0,2,0,2,0,6,13,0,19,0,0,0,19
11/11/2022,ANE,MN,AGL,CE,Federal Contract Tower,0,10,13,0,23,0,0,18,0,18,0,10,31,0,41,58,0,58,99
11/12/2022,ANE,MN,AGL,CE,Federal Contract Tower,0,7,21,0,28,0,1,99,0,100,0,8,120,0,128,272,0,272,400
11/13/2022,ANE,MN,AGL,CE,Federal Contract Tower,0,5,31,0,36,0,1,73,0,74,0,6,104,0,110,180,0,180,290
11/14/2022,ANE,MN,AGL,CE,Federal Contract Tower,0,7,9,0,16,0,0,0,0,0,0,7,9,0,16,0,0,0,16
11/15/2022,ANE,MN,AGL,CE,Federal Contract Tower,0,10,13,0,23,0,0,0,0,0,0,10,13,0,23,0,0,0,23
11/16/2022,ANE,MN,AGL,CE,Federal Contract Tower,0,8,19,0,27,0,0,0,0,0,0,8,19,0,27,32,0,32,59
11/17/2022,ANE,MN,AGL,CE,Federal Contract Tower,0,9,20,0,29,0,0,4,0,4,0,9,24,0,33,8,0,8,41
11/18/2022,ANE,MN,AGL,CE,Federal Contract Tower,0,10,35,0,45,0,4,25,0,29,0,14,60,0,74,92,0,92,166
11/19/2022,ANE,MN,AGL,CE,Federal Contract Tower,0,4,11,0,15,0,4,19,4,27,0,8,30,4,42,10,0,10,52
11/20/2022,ANE,MN,AGL,CE,Federal Contract Tower,0,4,28,0,32,0,1,61,0,62,0,5,89,0,94,104,0,104,198
11/21/2022,ANE,MN,AGL,CE,Federal Contract Tower,0,7,43,0,50,0,12,116,0,128,0,19,159,0,178,190,0,190,368
11/22/2022,ANE,MN,AGL,CE,Federal Contract Tower,0,13,60,0,73,0,7,121,0,128,0,20,181,0,201,210,0,210,411
11/23/2022,ANE,MN,AGL,CE,Federal Contract Tower,0,8,26,0,34,0,6,112,0,118,0,14,138,0,152,132,0,132,284
11/24/2022,ANE,MN,AGL,CE,Federal Contract Tower,0,2,3,0,5,0,4,5,0,9,0,6,8,0,14,0,0,0,14
11/25/2022,ANE,MN,AGL,CE,Federal Contract Tower,0,3,19,0,22,0,1,83,0,84,0,4,102,0,106,116,0,116,222
11/26/2022,ANE,MN,AGL,CE,Federal Contract Tower,0,6,35,0,41,0,2,118,0,120,0,8,153,0,161,130,0,130,291
11/27/2022,ANE,MN,AGL,CE,Federal Contract Tower,0,4,38,0,42,0,6,108,0,114,0,10,146,0,156,150,0,150,306
11/28/2022,ANE,MN,AGL,CE,Federal Contract Tower,0,3,27,0,30,0,2,54,0,56,0,5,81,0,86,82,0,82,168
11/29/2022,ANE,MN,AGL,CE,Federal Contract Tower,0,11,10,0,21,0,1,0,0,1,0,12,10,0,22,0,0,0,22
11/30/2022,ANE,MN,AGL,CE,Federal Contract Tower,0,15,25,0,40,0,7,5,0,12,0,22,30,0,52,24,0,24,76
12/01/2022,ANE,MN,AGL,CE,Federal Contract Tower,0,11,26,0,37,0,2,40,0,42,0,13,66,0,79,102,0,102,181
12/02/2022,ANE,MN,AGL,CE,Federal Contract Tower,0,6,14,0,20,0,1,41,0,42,0,7,55,0,62,114,0,114,176
12/03/2022,ANE,MN,AGL,CE,Federal Contract Tower,0,4,29,0,33,0,8,43,0,51,0,12,72,0,84,158,0,158,242
12/04/2022,ANE,MN,AGL,CE,Federal Contract Tower,0,2,37,0,39,0,4,75,0,79,0,6,112,0,118,58,0,58,176
12/05/2022,ANE,MN,AGL,CE,Federal Contract Tower,0,5,16,0,21,0,5,53,0,58,0,10,69,0,79,158,0,158,237
12/06/2022,ANE,MN,AGL,CE,Federal Contract Tower,0,10,36,0,46,0,10,49,0,59,0,20,85,0,105,160,2,162,267
12/07/2022,ANE,MN,AGL,CE,Federal Contract Tower,0,8,24,0,32,0,4,46,0,50,0,12,70,0,82,92,0,92,174
12/08/2022,ANE,MN,AGL,CE,Federal Contract Tower,0,8,31,1,40,0,7,79,0,86,0,15,110,1,126,174,4,178,304
12/09/2022,ANE,MN,AGL,CE,Federal Contract Tower,0,6,14,2,22,0,5,7,0,12,0,11,21,2,34,150,0,150,184
12/10/2022,ANE,MN,AGL,CE,Federal Contract Tower,0,6,0,0,6,0,0,0,0,0,0,6,0,0,6,0,0,0,6
12/11/2022,ANE,MN,AGL,CE,Federal Contract Tower,0,4,24,0,28,0,2,14,0,16,0,6,38,0,44,68,0,68,112
12/12/2022,ANE,MN,AGL,CE,Federal Contract Tower,0,7,12,0,19,0,2,9,0,11,0,9,21,0,30,2,0,2,32
12/13/2022,ANE,MN,AGL,CE,Federal Contract Tower,0,6,11,0,17,0,2,5,0,7,0,8,16,0,24,28,0,28,52
12/14/2022,ANE,MN,AGL,CE,Federal Contract Tower,0,5,9,0,14,0,0,0,0,0,0,5,9,0,14,0,0,0,14
12/15/2022,ANE,MN,AGL,CE,Federal Contract Tower,0,8,4,0,12,0,0,0,0,0,0,8,4,0,12,0,0,0,12
12/16/2022,ANE,MN,AGL,CE,Federal Contract Tower,0,7,19,2,28,0,0,0,0,0,0,7,19,2,28,0,0,0,28
12/17/2022,ANE,MN,AGL,CE,Federal Contract Tower,0,3,14,0,17,0,0,4,0,4,0,3,18,0,21,0,0,0,21
12/18/2022,ANE,MN,AGL,CE,Federal Contract Tower,0,7,23,0,30,0,3,50,0,53,0,10,73,0,83,222,0,222,305
12/19/2022,ANE,MN,AGL,CE,Federal Contract Tower,0,9,13,0,22,0,1,12,0,13,0,10,25,0,35,46,0,46,81
12/20/2022,ANE,MN,AGL,CE,Federal Contract Tower,0,12,27,0,39,0,8,28,0,36,0,20,55,0,75,104,6,110,185
12/21/2022,ANE,MN,AGL,CE,Federal Contract Tower,0,7,9,0,16,0,0,2,0,2,0,7,11,0,18,8,0,8,26
12/22/2022,ANE,MN,AGL,CE,Federal Contract Tower,0,3,4,0,7,0,2,2,0,4,0,5,6,0,11,0,0,0,11
12/23/2022,ANE,MN,AGL,CE,Federal Contract Tower,0,3,3,0,6,0,0,5,0,5,0,3,8,0,11,0,0,0,11
12/24/2022,ANE,MN,AGL,CE,Federal Contract Tower,0,3,0,0,3,0,6,2,0,8,0,9,2,0,11,0,0,0,11
12/25/2022,ANE,MN,AGL,CE,Federal Contract Tower,0,0,3,0,3,0,6,7,0,13,0,6,10,0,16,6,0,6,22
12/26/2022,ANE,MN,AGL,CE,Federal Contract Tower,0,1,28,0,29,0,9,58,0,67,0,10,86,0,96,154,0,154,250
12/27/2022,ANE,MN,AGL,CE,Federal Contract Tower,0,2,25,0,27,0,12,66,0,78,0,14,91,0,105,190,0,190,295
12/28/2022,ANE,MN,AGL,CE,Federal Contract Tower,0,8,31,0,39,0,11,65,0,76,0,19,96,0,115,146,8,154,269
12/29/2022,ANE,MN,AGL,CE,Federal Contract Tower,0,6,5,0,11,0,1,12,0,13,0,7,17,0,24,222,0,222,246
12/30/2022,ANE,MN,AGL,CE,Federal Contract Tower,0,4,20,0,24,0,7,62,0,69,0,11,82,0,93,204,0,204,297
12/31/2022,ANE,MN,AGL,CE,Federal Contract Tower,0,6,2,0,8,0,2,31,0,33,0,8,33,0,41,138,0,138,179
01/01/2023,ANE,MN,AGL,CE,Federal Contract Tower,0,7,3,0,10,0,0,10,0,10,0,7,13,0,20,26,0,26,46
01/02/2023,ANE,MN,AGL,CE,Federal Contract Tower,0,3,7,0,10,0,0,0,0,0,0,3,7,0,10,0,0,0,10
01/03/2023,ANE,MN,AGL,CE,Federal Contract Tower,0,0,3,0,3,0,0,0,0,0,0,0,3,0,3,0,0,0,3
01/04/2023,ANE,MN,AGL,CE,Federal Contract Tower,0,6,3,0,9,0,0,0,0,0,0,6,3,0,9,0,0,0,9
01/05/2023,ANE,MN,AGL,CE,Federal Contract Tower,0,4,5,0,9,0,1,3,0,4,0,5,8,0,13,58,0,58,71
01/06/2023,ANE,MN,AGL,CE,Federal Contract Tower,0,8,19,0,27,0,0,30,0,30,0,8,49,0,57,156,0,156,213
01/07/2023,ANE,MN,AGL,CE,Federal Contract Tower,0,4,16,0,20,0,2,57,0,59,0,6,73,0,79,156,0,156,235
01/08/2023,ANE,MN,AGL,CE,Federal Contract Tower,0,4,22,0,26,0,5,58,0,63,0,9,80,0,89,162,0,162,251
01/09/2023,ANE,MN,AGL,CE,Federal Contract Tower,0,6,22,0,28,0,0,46,0,46,0,6,68,0,74,124,0,124,198
01/10/2023,ANE,MN,AGL,CE,Federal Contract Tower,0,10,20,0,30,0,0,0,0,0,0,10,20,0,30,0,0,0,30
01/11/2023,ANE,MN,AGL,CE,Federal Contract Tower,0,8,16,0,24,0,0,0,0,0,0,8,16,0,24,0,0,0,24
01/12/2023,ANE,MN,AGL,CE,Federal Contract Tower,0,9,20,0,29,0,0,14,0,14,0,9,34,0,43,60,0,60,103
01/13/2023,ANE,MN,AGL,CE,Federal Contract Tower,0,5,14,0,19,0,0,4,0,4,0,5,18,0,23,0,0,0,23
01/14/2023,ANE,MN,AGL,CE,Federal Contract Tower,0,3,20,0,23,0,3,111,0,114,0,6,131,0,137,112,0,112,249
01/15/2023,ANE,MN,AGL,CE,Federal Contract Tower,0,7,26,0,33,0,3,58,0,61,0,10,84,0,94,178,0,178,272
01/16/2023,ANE,MN,AGL,CE,Federal Contract Tower,0,2,8,0,10,0,0,0,0,0,0,2,8,0,10,0,0,0,10
01/17/2023,ANE,MN,AGL,CE,Federal Contract Tower,0,5,15,2,22,0,0,9,0,9,0,5,24,2,31,94,0,94,125
01/18/2023,ANE,MN,AGL,CE,Federal Contract Tower,0,5,12,0,17,0,3,17,0,20,0,8,29,0,37,306,32,338,375
01/19/2023,ANE,MN,AGL,CE,Federal Contract Tower,0,3,11,0,14,0,2,0,0,2,0,5,11,0,16,2,0,2,18
01/20/2023,ANE,MN,AGL,CE,Federal Contract Tower,0,6,11,0,17,0,0,16,0,16,0,6,27,0,33,234,0,234,267
01/21/2023,ANE,MN,AGL,CE,Federal Contract Tower,0,5,2,0,7,0,0,0,0,0,0,5,2,0,7,0,0,0,7
01/22/2023,ANE,MN,AGL,CE,Federal Contract Tower,0,4,0,0,4,0,0,0,0,0,0,4,0,0,4,0,0,0,4
01/23/2023,ANE,MN,AGL,CE,Federal Contract Tower,0,6,12,0,18,0,6,11,0,17,0,12,23,0,35,68,0,68,103
01/24/2023,ANE,MN,AGL,CE,Federal Contract Tower,0,8,41,0,49,0,2,71,0,73,0,10,112,0,122,240,0,240,362
01/25/2023,ANE,MN,AGL,CE,Federal Contract Tower,0,5,13,0,18,0,0,0,0,0,0,5,13,0,18,0,4,4,22
01/26/2023,ANE,MN,AGL,CE,Federal Contract Tower,0,8,32,0,40,0,2,74,0,76,0,10,106,0,116,216,0,216,332
01/27/2023,ANE,MN,AGL,CE,Federal Contract Tower,0,6,9,0,15,0,0,7,0,7,0,6,16,0,22,0,0,0,22
01/28/2023,ANE,MN,AGL,CE,Federal Contract Tower,0,4,26,0,30,0,7,62,3,72,0,11,88,3,102,146,0,146,248
01/29/2023,ANE,MN,AGL,CE,Federal Contract Tower,0,2,24,0,26,0,4,32,0,36,0,6,56,0,62,96,0,96,158
01/30/2023,ANE,MN,AGL,CE,Federal Contract Tower,0,11,15,0,26,0,2,26,0,28,0,13,41,0,54,68,0,68,122
01/31/2023,ANE,MN,AGL,CE,Federal Contract Tower,0,8,18,2,28,0,12,58,2,72,0,20,76,4,100,232,0,232,332
02/01/2023,ANE,MN,AGL,CE,Federal Contract Tower,0,14,30,0,44,0,4,78,0,82,0,18,108,0,126,78,0,78,204
02/02/2023,ANE,MN,AGL,CE,Federal Contract Tower,0,16,21,0,37,0,3,16,2,21,0,19,37,2,58,8,0,8,66
02/03/2023,ANE,MN,AGL,CE,Federal Contract Tower,0,5,10,0,15,0,6,32,0,38,0,11,42,0,53,108,0,108,161
02/04/2023,ANE,MN,AGL,CE,Federal Contract Tower,0,5,24,0,29,0,3,84,0,87,0,8,108,0,116,120,0,120,236
02/05/2023,ANE,MN,AGL,CE,Federal Contract Tower,0,6,28,0,34,0,4,75,0,79,0,10,103,0,113,118,0,118,231
02/06/2023,ANE,MN,AGL,CE,Federal Contract Tower,0,7,20,0,27,0,3,21,0,24,0,10,41,0,51,4,0,4,55
02/07/2023,ANE,MN,AGL,CE,Federal Contract Tower,0,4,45,0,49,0,2,70,0,72,0,6,115,0,121,218,0,218,339
02/08/2023,ANE,MN,AGL,CE,Federal Contract Tower,0,6,38,0,44,0,4,82,0,86,0,10,120,0,130,154,0,154,284
02/09/2023,ANE,MN,AGL,CE,Federal Contract Tower,0,11,11,0,22,0,2,11,0,13,0,13,22,0,35,20,0,20,55
02/10/2023,ANE,MN,AGL,CE,Federal Contract Tower,0,8,30,0,38,0,0,94,0,94,0,8,124,0,132,184,0,184,316
02/11/2023,ANE,MN,AGL,CE,Federal Contract Tower,0,3,17,0,20,0,3,103,0,106,0,6,120,0,126,194,0,194,320
02/12/2023,ANE,MN,AGL,CE,Federal Contract Tower,0,2,29,0,31,0,6,69,0,75,0,8,98,0,106,156,0,156,262
02/13/2023,ANE,MN,AGL,CE,Federal Contract Tower,0,4,38,0,42,0,2,76,0,78,0,6,114,0,120,124,0,124,244
02/14/2023,ANE,MN,AGL,CE,Federal Contract Tower,0,4,13,0,17,0,0,3,0,3,0,4,16,0,20,0,0,0,20
02/15/2023,ANE,MN,AGL,CE,Federal Contract Tower,0,9,18,3,30,0,7,14,3,24,0,16,32,6,54,54,2,56,110
02/16/2023,ANE,MN,AGL,CE,Federal Contract Tower,0,18,19,0,37,0,3,72,0,75,0,21,91,0,112,78,0,78,190
02/17/2023,ANE,MN,AGL,CE,Federal Contract Tower,0,10,30,0,40,0,7,54,0,61,0,17,84,0,101,116,0,116,217
02/18/2023,ANE,MN,AGL,CE,Federal Contract Tower,0,12,23,0,35,0,8,149,0,157,0,20,172,0,192,160,0,160,352
02/19/2023,ANE,MN,AGL,CE,Federal Contract Tower,0,7,11,0,18,0,2,22,0,24,0,9,33,0,42,44,0,44,86
02/20/2023,ANE,MN,AGL,CE,Federal Contract Tower,0,5,16,0,21,0,3,1,0,4,0,8,17,0,25,0,0,0,25
02/21/2023,ANE,MN,AGL,CE,Federal Contract Tower,0,4,23,0,27,0,1,24,0,25,0,5,47,0,52,178,0,178,230
02/22/2023,ANE,MN,AGL,CE,Federal Contract Tower,0,0,1,0,1,0,2,5,0,7,0,2,6,0,8,14,0,14,22
02/23/2023,ANE,MN,AGL,CE,Federal Contract Tower,0,7,4,0,11,0,2,0,0,2,0,9,4,0,13,0,0,0,13
02/24/2023,ANE,MN,AGL,CE,Federal Contract Tower,0,8,10,0,18,0,7,41,0,48,0,15,51,0,66,234,0,234,300
02/25/2023,ANE,MN,AGL,CE,Federal Contract Tower,0,5,25,0,30,0,6,91,0,97,0,11,116,0,127,204,0,204,331
02/26/2023,ANE,MN,AGL,CE,Federal Contract Tower,0,7,39,0,46,0,6,98,0,104,0,13,137,0,150,168,0,168,318
02/27/2023,ANE,MN,AGL,CE,Federal Contract Tower,0,5,2,0,7,0,0,0,0,0,0,5,2,0,7,0,0,0,7
02/28/2023,ANE,MN,AGL,CE,Federal Contract Tower,0,7,26,0,33,0,3,108,0,111,0,10,134,0,144,194,0,194,338
03/01/2023,ANE,MN,AGL,CE,Federal Contract Tower,0,6,14,0,20,0,0,0,0,0,0,6,14,0,20,0,0,0,20
03/02/2023,ANE,MN,AGL,CE,Federal Contract Tower,0,6,20,0,26,0,2,19,0,21,0,8,39,0,47,98,0,98,145
03/03/2023,ANE,MN,AGL,CE,Federal Contract Tower,0,6,10,0,16,0,8,55,0,63,0,14,65,0,79,98,0,98,177
03/04/2023,ANE,MN,AGL,CE,Federal Contract Tower,0,5,21,0,26,0,4,61,0,65,0,9,82,0,91,164,0,164,255
03/05/2023,ANE,MN,AGL,CE,Federal Contract Tower,0,4,9,0,13,0,0,30,0,30,0,4,39,0,43,172,0,172,215
03/06/2023,ANE,MN,AGL,CE,Federal Contract Tower,0,3,12,2,17,0,6,0,0,6,0,9,12,2,23,0,0,0,23
03/07/2023,ANE,MN,AGL,CE,Federal Contract Tower,0,7,28,0,35,0,2,46,0,48,0,9,74,0,83,128,0,128,211
03/08/2023,ANE,MN,AGL,CE,Federal Contract Tower,0,3,8,0,11,0,1,10,0,11,0,4,18,0,22,20,0,20,42
03/09/2023,ANE,MN,AGL,CE,Federal Contract Tower,0,9,12,0,21,0,0,3,0,3,0,9,15,0,24,34,0,34,58
03/10/2023,ANE,MN,AGL,CE,Federal Contract Tower,0,1,14,0,15,0,5,26,0,31,0,6,40,0,46,110,0,110,156
03/11/2023,ANE,MN,AGL,CE,Federal Contract Tower,0,0,9,0,9,0,0,0,0,0,0,0,9,0,9,8,0,8,17
03/12/2023,ANE,MN,AGL,CE,Federal Contract Tower,0,2,8,0,10,0,0,0,0,0,0,2,8,0,10,0,0,0,10
03/13/2023,ANE,MN,AGL,CE,Federal Contract Tower,0,6,18,0,24,0,11,83,0,94,0,17,101,0,118,242,0,242,360
03/14/2023,ANE,MN,AGL,CE,Federal Contract Tower,0,11,33,0,44,0,4,79,0,83,0,15,112,0,127,126,0,126,253
03/15/2023,ANE,MN,AGL,CE,Federal Contract Tower,0,8,15,0,23,0,5,45,0,50,0,13,60,0,73,156,2,158,231
03/16/2023,ANE,MN,AGL,CE,Federal Contract Tower,0,1,4,0,5,0,0,0,0,0,0,1,4,0,5,2,0,2,7
03/17/2023,ANE,MN,AGL,CE,Federal Contract Tower,0,6,8,0,14,0,2,5,0,7,0,8,13,0,21,22,0,22,43
03/18/2023,ANE,MN,AGL,CE,Federal Contract Tower,0,5,10,0,15,0,12,28,0,40,0,17,38,0,55,42,2,44,99
03/20/2023,ANE,MN,AGL,CE,Federal Contract Tower,0,11,20,0,31,0,4,59,0,63,0,15,79,0,94,98,0,98,192
03/21/2023,ANE,MN,AGL,CE,Federal Contract Tower,0,2,10,0,12,0,4,48,0,52,0,6,58,0,64,114,0,114,178
03/22/2023,ANE,MN,AGL,CE,Federal Contract Tower,0,9,11,0,20,0,2,13,0,15,0,11,24,0,35,28,4,32,67
03/23/2023,ANE,MN,AGL,CE,Federal Contract Tower,0,11,36,0,47,0,0,80,0,80,0,11,116,0,127,198,0,198,325
03/24/2023,ANE,MN,AGL,CE,Federal Contract Tower,0,19,26,0,45,0,0,84,0,84,0,19,110,0,129,204,0,204,333
03/25/2023,ANE,MN,AGL,CE,Federal Contract Tower,0,12,17,0,29,0,7,80,0,87,0,19,97,0,116,160,0,160,276
03/26/2023,ANE,MN,AGL,CE,Federal Contract Tower,0,7,21,0,28,0,2,86,0,88,0,9,107,0,116,146,0,146,262
03/27/2023,ANE,MN,AGL,CE,Federal Contract Tower,0,18,23,0,41,0,7,84,0,91,0,25,107,0,132,176,0,176,308
03/28/2023,ANE,MN,AGL,CE,Federal Contract Tower,0,21,11,0,32,0,16,67,0,83,0,37,78,0,115,118,4,122,237
03/29/2023,ANE,MN,AGL,CE,Federal Contract Tower,0,10,19,0,29,0,15,94,0,109,0,25,113,0,138,282,0,282,420
03/30/2023,ANE,MN,AGL,CE,Federal Contract Tower,0,17,22,0,39,0,4,15,2,21,0,21,37,2,60,30,0,30,90
03/31/2023,ANE,MN,AGL,CE,Federal Contract Tower,0,6,16,0,22,0,0,0,0,0,0,6,16,0,22,0,0,0,22
04/01/2023,ANE,MN,AGL,CE,Federal Contract Tower,0,6,16,0,22,0,8,14,0,22,0,14,30,0,44,24,0,24,68
04/02/2023,ANE,MN,AGL,CE,Federal Contract Tower,0,2,8,0,10,0,0,13,0,13,0,2,21,0,23,44,0,44,67
04/03/2023,ANE,MN,AGL,CE,Federal Contract Tower,0,15,23,0,38,0,18,33,0,51,0,33,56,0,89,98,0,98,187
04/04/2023,ANE,MN,AGL,CE,Federal Contract Tower,0,11,7,0,18,0,2,0,0,2,0,13,7,0,20,20,0,20,40
04/05/2023,ANE,MN,AGL,CE,Federal Contract Tower,0,3,3,0,6,0,2,1,0,3,0,5,4,0,9,0,2,2,11
04/06/2023,ANE,MN,AGL,CE,Federal Contract Tower,0,22,23,0,45,0,12,44,0,56,0,34,67,0,101,72,0,72,173
04/07/2023,ANE,MN,AGL,CE,Federal Contract Tower,0,7,29,0,36,0,31,80,0,111,0,38,109,0,147,98,0,98,245
04/08/2023,ANE,MN,AGL,CE,Federal Contract Tower,0,7,23,0,30,0,15,134,0,149,0,22,157,0,179,138,0,138,317
04/09/2023,ANE,MN,AGL,CE,Federal Contract Tower,0,1,12,0,13,0,5,24,0,29,0,6,36,0,42,24,0,24,66
04/10/2023,ANE,MN,AGL,CE,Federal Contract Tower,0,13,32,0,45,0,11,114,0,125,0,24,146,0,170,116,0,116,286
04/11/2023,ANE,MN,AGL,CE,Federal Contract Tower,0,16,30,2,48,0,8,68,0,76,0,24,98,2,124,92,0,92,216
04/12/2023,ANE,MN,AGL,CE,Federal Contract Tower,0,12,22,0,34,0,10,80,2,92,0,22,102,2,126,128,0,128,254
04/13/2023,ANE,MN,AGL,CE,Federal Contract Tower,0,12,20,0,32,0,9,59,0,68,0,21,79,0,100,122,0,122,222
04/14/2023,ANE,MN,AGL,CE,Federal Contract Tower,0,4,23,4,31,0,7,60,0,67,0,11,83,4,98,42,0,42,140
04/15/2023,ANE,MN,AGL,CE,Federal Contract Tower,0,5,36,0,41,0,0,0,0,0,0,5,36,0,41,0,0,0,41
04/16/2023,ANE,MN,AGL,CE,Federal Contract Tower,0,1,6,0,7,0,0,0,0,0,0,1,6,0,7,0,0,0,7
04/17/2023,ANE,MN,AGL,CE,Federal Contract Tower,0,8,19,0,27,0,9,22,0,31,0,17,41,0,58,0,0,0,58
04/18/2023,ANE,MN,AGL,CE,Federal Contract Tower,0,17,36,0,53,0,25,144,0,169,0,42,180,0,222,200,2,202,424
04/19/2023,ANE,MN,AGL,CE,Federal Contract Tower,0,2,20,0,22,0,0,4,2,6,0,2,24,2,28,4,18,22,50
04/20/2023,ANE,MN,AGL,CE,Federal Contract Tower,0,5,18,0,23,0,0,0,0,0,0,5,18,0,23,0,0,0,23
04/21/2023,ANE,MN,AGL,CE,Federal Contract Tower,0,7,16,0,23,0,0,6,0,6,0,7,22,0,29,0,0,0,29
04/22/2023,ANE,MN,AGL,CE,Federal Contract Tower,0,5,9,0,14,0,4,16,0,20,0,9,25,0,34,78,0,78,112
04/23/2023,ANE,MN,AGL,CE,Federal Contract Tower,0,10,27,0,37,0,9,110,0,119,0,19,137,0,156,178,0,178,334
04/24/2023,ANE,MN,AGL,CE,Federal Contract Tower,0,3,42,0,45,0,6,62,0,68,0,9,104,0,113,192,0,192,305
04/25/2023,ANE,MN,AGL,CE,Federal Contract Tower,0,10,45,0,55,0,20,166,0,186,0,30,211,0,241,144,0,144,385
04/26/2023,ANE,MN,AGL,CE,Federal Contract Tower,0,10,27,0,37,0,18,113,0,131,0,28,140,0,168,176,0,176,344
04/27/2023,ANE,MN,AGL,CE,Federal Contract Tower,0,20,18,0,38,0,14,57,0,71,0,34,75,0,109,80,0,80,189
04/28/2023,ANE,MN,AGL,CE,Federal Contract Tower,0,3,30,0,33,0,0,2,0,2,0,3,32,0,35,16,0,16,51
04/29/2023,ANE,MN,AGL,CE,Federal Contract Tower,0,5,16,0,21,0,9,12,0,21,0,14,28,0,42,24,0,24,66
04/30/2023,ANE,MN,AGL,CE,Federal Contract Tower,0,2,9,0,11,0,0,1,0,1,0,2,10,0,12,0,0,0,12
05/01/2023,ANE,MN,AGL,CE,Federal Contract Tower,0,6,24,0,30,0,14,31,0,45,0,20,55,0,75,4,0,4,79
05/02/2023,ANE,MN,AGL,CE,Federal Contract Tower,0,9,50,0,59,0,10,52,0,62,0,19,102,0,121,50,0,50,171
05/03/2023,ANE,MN,AGL,CE,Federal Contract Tower,0,18,59,0,77,0,10,160,0,170,0,28,219,0,247,134,0,134,381
05/04/2023,ANE,MN,AGL,CE,Federal Contract Tower,0,17,42,0,59,0,20,171,0,191,0,37,213,0,250,222,0,222,472
05/05/2023,ANE,MN,AGL,CE,Federal Contract Tower,0,9,32,0,41,0,18,136,2,156,0,27,168,2,197,170,0,170,367
05/06/2023,ANE,MN,AGL,CE,Federal Contract Tower,0,2,21,0,23,0,0,2,0,2,0,2,23,0,25,0,0,0,25
05/07/2023,ANE,MN,AGL,CE,Federal Contract Tower,0,8,18,0,26,0,3,86,0,89,0,11,104,0,115,152,0,152,267
05/08/2023,ANE,MN,AGL,CE,Federal Contract Tower,0,14,42,0,56,0,10,71,0,81,0,24,113,0,137,130,0,130,267
05/09/2023,ANE,MN,AGL,CE,Federal Contract Tower,0,12,36,0,48,0,4,54,0,58,0,16,90,0,106,100,0,100,206
05/10/2023,ANE,MN,AGL,CE,Federal Contract Tower,0,15,48,0,63,0,15,109,0,124,0,30,157,0,187,80,0,80,267
05/11/2023,ANE,MN,AGL,CE,Federal Contract Tower,0,18,29,2,49,0,17,71,0,88,0,35,100,2,137,170,4,174,311
05/12/2023,ANE,MN,AGL,CE,Federal Contract Tower,0,4,28,0,32,0,6,55,0,61,0,10,83,0,93,152,0,152,245
05/13/2023,ANE,MN,AGL,CE,Federal Contract Tower,0,5,7,0,12,0,6,92,0,98,0,11,99,0,110,20,0,20,130
05/14/2023,ANE,MN,AGL,CE,Federal Contract Tower,0,2,18,0,20,0,14,66,0,80,0,16,84,0,100,62,0,62,162
05/15/2023,ANE,MN,AGL,CE,Federal Contract Tower,0,28,23,0,51,1,12,123,0,136,1,40,146,0,187,148,0,148,335
05/16/2023,ANE,MN,AGL,CE,Federal Contract Tower,0,14,32,0,46,0,21,95,2,118,0,35,127,2,164,196,22,218,382
05/17/2023,ANE,MN,AGL,CE,Federal Contract Tower,0,19,48,0,67,0,8,130,0,138,0,27,178,0,205,152,0,152,357
05/18/2023,ANE,MN,AGL,CE,Federal Contract Tower,0,11,54,0,65,0,2,16,0,18,0,13,70,0,83,14,0,14,97
05/19/2023,ANE,MN,AGL,CE,Federal Contract Tower,0,13,21,0,34,0,15,77,0,92,0,28,98,0,126,188,0,188,314
05/20/2023,ANE,MN,AGL,CE,Federal Contract Tower,0,12,22,2,36,0,19,118,4,141,0,31,140,6,177,108,0,108,285
05/21/2023,ANE,MN,AGL,CE,Federal Contract Tower,0,10,27,0,37,0,19,83,0,102,0,29,110,0,139,194,0,194,333
05/22/2023,ANE,MN,AGL,CE,Federal Contract Tower,0,17,26,0,43,0,7,79,0,86,0,24,105,0,129,178,0,178,307
05/23/2023,ANE,MN,AGL,CE,Federal Contract Tower,0,10,39,0,49,0,18,111,1,130,0,28,150,1,179,130,0,130,309
05/24/2023,ANE,MN,AGL,CE,Federal Contract Tower,0,9,44,0,53,0,15,61,0,76,0,24,105,0,129,140,0,140,269
05/25/2023,ANE,MN,AGL,CE,Federal Contract Tower,0,21,26,0,47,0,31,97,0,128,0,52,123,0,175,116,0,116,291
05/26/2023,ANE,MN,AGL,CE,Federal Contract Tower,0,12,32,0,44,0,14,108,0,122,0,26,140,0,166,82,0,82,248
05/27/2023,ANE,MN,AGL,CE,Federal Contract Tower,0,8,18,0,26,0,15,75,0,90,0,23,93,0,116,136,0,136,252
05/28/2023,ANE,MN,AGL,CE,Federal Contract Tower,0,2,8,0,10,0,9,43,0,52,0,11,51,0,62,46,0,46,108
05/29/2023,ANE,MN,AGL,CE,Federal Contract Tower,0,4,35,0,39,0,8,81,0,89,0,12,116,0,128,78,0,78,206
05/30/2023,ANE,MN,AGL,CE,Federal Contract Tower,0,6,23,0,29,0,12,46,0,58,0,18,69,0,87,96,0,96,183
05/31/2023,ANE,MN,AGL,CE,Federal Contract Tower,0,14,32,0,46,0,2,88,0,90,0,16,120,0,136,150,0,150,286
06/01/2023,ANE,MN,AGL,CE,Federal Contract Tower,0,9,19,0,28,0,13,60,0,73,0,22,79,0,101,150,0,150,251
06/02/2023,ANE,MN,AGL,CE,Federal Contract Tower,0,7,18,0,25,0,9,62,0,71,0,16,80,0,96,118,0,118,214
06/03/2023,ANE,MN,AGL,CE,Federal Contract Tower,0,7,7,0,14,0,21,77,0,98,0,28,84,0,112,62,0,62,174
06/04/2023,ANE,MN,AGL,CE,Federal Contract Tower,0,3,22,0,25,0,13,72,0,85,0,16,94,0,110,72,0,72,182
06/05/2023,ANE,MN,AGL,CE,Federal Contract Tower,0,17,36,0,53,0,12,87,0,99,0,29,123,0,152,154,0,154,306
06/06/2023,ANE,MN,AGL,CE,Federal Contract Tower,0,16,26,0,42,0,6,65,0,71,0,22,91,0,113,238,0,238,351
06/07/2023,ANE,MN,AGL,CE,Federal Contract Tower,0,16,16,0,32,0,7,99,0,106,0,23,115,0,138,194,1,195,333
06/08/2023,ANE,MN,AGL,CE,Federal Contract Tower,0,15,24,0,39,0,10,80,0,90,0,25,104,0,129,258,0,258,387
06/09/2023,ANE,MN,AGL,CE,Federal Contract Tower,0,18,17,0,35,0,7,83,0,90,0,25,100,0,125,160,0,160,285
06/10/2023,ANE,MN,AGL,CE,Federal Contract Tower,0,6,13,0,19,0,2,107,0,109,0,8,120,0,128,34,0,34,162
06/11/2023,ANE,MN,AGL,CE,Federal Contract Tower,0,13,14,0,27,0,13,55,0,68,0,26,69,0,95,34,0,34,129
06/12/2023,ANE,MN,AGL,CE,Federal Contract Tower,0,14,24,0,38,0,10,58,1,69,0,24,82,1,107,104,0,104,211
06/13/2023,ANE,MN,AGL,CE,Federal Contract Tower,0,13,30,0,43,0,12,71,0,83,0,25,101,0,126,164,0,164,290
06/14/2023,ANE,MN,AGL,CE,Federal Contract Tower,0,11,38,0,49,0,2,21,0,23,0,13,59,0,72,72,0,72,144
06/15/2023,ANE,MN,AGL,CE,Federal Contract Tower,0,18,24,0,42,0,13,73,0,86,0,31,97,0,128,143,0,143,271
06/16/2023,ANE,MN,AGL,CE,Federal Contract Tower,0,8,27,0,35,0,11,82,0,93,0,19,109,0,128,112,0,112,240
06/17/2023,ANE,MN,AGL,CE,Federal Contract Tower,0,6,8,0,14,0,12,65,0,77,0,18,73,0,91,112,0,112,203
06/18/2023,ANE,MN,AGL,CE,Federal Contract Tower,0,0,33,0,33,0,4,41,0,45,0,4,74,0,78,88,0,88,166
06/19/2023,ANE,MN,AGL,CE,Federal Contract Tower,0,7,30,0,37,0,18,51,0,69,0,25,81,0,106,138,0,138,244
06/20/2023,ANE,MN,AGL,CE,Federal Contract Tower,0,23,26,0,49,0,20,85,0,105,0,43,111,0,154,156,0,156,310
06/21/2023,ANE,MN,AGL,CE,Federal Contract Tower,0,20,25,0,45,0,45,63,0,108,0,65,88,0,153,74,4,78,231
06/22/2023,ANE,MN,AGL,CE,Federal Contract Tower,0,16,34,0,50,0,12,94,0,106,0,28,128,0,156,156,0,156,312
06/23/2023,ANE,MN,AGL,CE,Federal Contract Tower,0,12,24,0,36,0,10,78,0,88,0,22,102,0,124,56,0,56,180
06/24/2023,ANE,MN,AGL,CE,Federal Contract Tower,0,2,13,0,15,0,2,17,0,19,0,4,30,0,34,24,0,24,58
06/25/2023,ANE,MN,AGL,CE,Federal Contract Tower,0,8,20,0,28,0,10,2,0,12,0,18,22,0,40,6,0,6,46
06/26/2023,ANE,MN,AGL,CE,Federal Contract Tower,0,16,32,0,48,0,4,54,0,58,0,20,86,0,106,124,0,124,230
06/27/2023,ANE,MN,AGL,CE,Federal Contract Tower,0,21,26,0,47,0,14,76,0,90,0,35,102,0,137,150,0,150,287
06/28/2023,ANE,MN,AGL,CE,Federal Contract Tower,0,13,37,0,50,0,3,28,0,31,0,16,65,0,81,76,12,88,169
06/29/2023,ANE,MN,AGL,CE,Federal Contract Tower,0,24,34,0,58,0,21,92,0,113,0,45,126,0,171,102,0,102,273
06/30/2023,ANE,MN,AGL,CE,Federal Contract Tower,0,19,56,0,75,0,8,139,0,147,0,27,195,0,222,52,0,52,274
07/01/2023,ANE,MN,AGL,CE,Federal Contract Tower,0,9,17,0,26,0,18,49,0,67,0,27,66,0,93,54,0,54,147
07/02/2023,ANE,MN,AGL,CE,Federal Contract Tower,0,7,5,0,12,0,5,59,0,64,0,12,64,0,76,66,0,66,142
07/03/2023,ANE,MN,AGL,CE,Federal Contract Tower,0,13,17,0,30,0,11,74,0,85,0,24,91,0,115,38,0,38,153
07/04/2023,ANE,MN,AGL,CE,Federal Contract Tower,0,11,4,0,15,0,13,24,0,37,0,24,28,0,52,82,0,82,134
07/05/2023,ANE,MN,AGL,CE,Federal Contract Tower,0,12,20,0,32,0,7,72,0,79,0,19,92,0,111,66,0,66,177
07/06/2023,ANE,MN,AGL,CE,Federal Contract Tower,0,12,20,0,32,0,8,94,1,103,0,20,114,1,135,140,6,146,281
07/07/2023,ANE,MN,AGL,CE,Federal Contract Tower,0,21,25,0,46,0,14,106,0,120,0,35,131,0,166,126,0,126,292
07/08/2023,ANE,MN,AGL,CE,Federal Contract Tower,0,12,27,0,39,0,17,191,0,208,0,29,218,0,247,90,0,90,337
07/09/2023,ANE,MN,AGL,CE,Federal Contract Tower,0,11,20,0,31,0,3,51,0,54,0,14,71,0,85,38,0,38,123
07/10/2023,ANE,MN,AGL,CE,Federal Contract Tower,0,12,25,0,37,0,6,61,0,67,0,18,86,0,104,128,0,128,232
07/11/2023,ANE,MN,AGL,CE,Federal Contract Tower,0,12,26,0,38,0,12,68,0,80,0,24,94,0,118,102,0,102,220
07/12/2023,ANE,MN,AGL,CE,Federal Contract Tower,0,21,24,0,45,0,20,153,0,173,0,41,177,0,218,158,0,158,376
07/13/2023,ANE,MN,AGL,CE,Federal Contract Tower,0,18,30,0,48,0,11,87,0,98,0,29,117,0,146,76,2,78,224
07/14/2023,ANE,MN,AGL,CE,Federal Contract Tower,0,13,17,0,30,0,9,103,0,112,0,22,120,0,142,88,0,88,230
07/15/2023,ANE,MN,AGL,CE,Federal Contract Tower,0,12,38,0,50,0,21,53,0,74,0,33,91,0,124,68,0,68,192
07/16/2023,ANE,MN,AGL,CE,Federal Contract Tower,0,15,14,0,29,0,19,35,0,54,0,34,49,0,83,22,0,22,105
07/17/2023,ANE,MN,AGL,CE,Federal Contract Tower,0,23,28,0,51,0,19,65,0,84,0,42,93,0,135,98,0,98,233
07/18/2023,ANE,MN,AGL,CE,Federal Contract Tower,0,10,30,0,40,0,30,101,0,131,0,40,131,0,171,152,0,152,323
07/19/2023,ANE,MN,AGL,CE,Federal Contract Tower,0,14,25,0,39,0,9,64,0,73,0,23,89,0,112,94,0,94,206
07/20/2023,ANE,MN,AGL,CE,Federal Contract Tower,0,20,44,0,64,0,10,78,0,88,0,30,122,0,152,128,0,128,280
07/21/2023,ANE,MN,AGL,CE,Federal Contract Tower,0,7,25,0,32,0,21,118,0,139,0,28,143,0,171,150,0,150,321
07/22/2023,ANE,MN,AGL,CE,Federal Contract Tower,0,2,20,0,22,0,24,88,0,112,0,26,108,0,134,102,0,102,236
07/23/2023,ANE,MN,AGL,CE,Federal Contract Tower,0,15,24,0,39,0,5,59,0,64,0,20,83,0,103,100,0,100,203
07/24/2023,ANE,MN,AGL,CE,Federal Contract Tower,0,6,23,0,29,0,4,54,0,58,0,10,77,0,87,106,0,106,193
07/25/2023,ANE,MN,AGL,CE,Federal Contract Tower,0,11,20,0,31,0,22,69,0,91,0,33,89,0,122,78,0,78,200
07/26/2023,ANE,MN,AGL,CE,Federal Contract Tower,0,9,24,0,33,0,14,87,0,101,0,23,111,0,134,62,0,62,196
07/27/2023,ANE,MN,AGL,CE,Federal Contract Tower,0,5,26,0,31,0,5,49,0,54,0,10,75,0,85,80,0,80,165
07/28/2023,ANE,MN,AGL,CE,Federal Contract Tower,0,8,19,0,27,0,12,74,0,86,0,20,93,0,113,118,0,118,231
07/29/2023,ANE,MN,AGL,CE,Federal Contract Tower,0,12,15,0,27,0,19,80,0,99,0,31,95,0,126,86,0,86,212
07/30/2023,ANE,MN,AGL,CE,Federal Contract Tower,0,14,18,0,32,0,56,116,0,172,0,70,134,0,204,100,0,100,304
07/31/2023,ANE,MN,AGL,CE,Federal Contract Tower,0,20,27,0,47,0,37,108,0,145,0,57,135,0,192,234,0,234,426
08/01/2023,ANE,MN,AGL,CE,Federal Contract Tower,0,12,23,2,37,0,58,81,0,139,0,70,104,2,176,138,4,142,318
08/02/2023,ANE,MN,AGL,CE,Federal Contract Tower,0,11,15,0,26,0,9,87,2,98,0,20,102,2,124,158,0,158,282
08/03/2023,ANE,MN,AGL,CE,Federal Contract Tower,0,7,16,0,23,0,14,93,0,107,0,21,109,0,130,152,0,152,282
08/04/2023,ANE,MN,AGL,CE,Federal Contract Tower,0,8,12,0,20,0,19,82,2,103,0,27,94,2,123,112,0,112,235
08/05/2023,ANE,MN,AGL,CE,Federal Contract Tower,0,2,11,0,13,0,3,59,0,62,0,5,70,0,75,74,0,74,149
08/06/2023,ANE,MN,AGL,CE,Federal Contract Tower,0,1,15,0,16,0,2,14,0,16,0,3,29,0,32,42,0,42,74
08/07/2023,ANE,MN,AGL,CE,Federal Contract Tower,0,18,28,0,46,0,27,84,0,111,0,45,112,0,157,140,0,140,297
08/08/2023,ANE,MN,AGL,CE,Federal Contract Tower,0,26,51,0,77,0,16,74,0,90,0,42,125,0,167,90,0,90,257
08/09/2023,ANE,MN,AGL,CE,Federal Contract Tower,0,8,17,0,25,0,7,51,0,58,0,15,68,0,83,53,0,53,136
08/10/2023,ANE,MN,AGL,CE,Federal Contract Tower,0,14,28,0,42,0,13,67,0,80,0,27,95,0,122,150,0,150,272
08/11/2023,ANE,MN,AGL,CE,Federal Contract Tower,0,15,32,0,47,0,9,64,0,73,0,24,96,0,120,90,0,90,210
08/12/2023,ANE,MN,AGL,CE,Federal Contract Tower,0,13,22,0,35,0,15,91,0,106,0,28,113,0,141,38,2,40,181
08/13/2023,ANE,MN,AGL,CE,Federal Contract Tower,0,1,15,0,16,0,6,11,0,17,0,7,26,0,33,48,0,48,81
08/14/2023,ANE,MN,AGL,CE,Federal Contract Tower,0,9,35,0,44,0,18,49,0,67,0,27,84,0,111,28,0,28,139
08/15/2023,ANE,MN,AGL,CE,Federal Contract Tower,0,14,51,0,65,0,14,91,0,105,0,28,142,0,170,106,0,106,276
08/16/2023,ANE,MN,AGL,CE,Federal Contract Tower,0,7,28,0,35,0,2,25,0,27,0,9,53,0,62,12,12,24,86
08/17/2023,ANE,MN,AGL,CE,Federal Contract Tower,0,16,28,0,44,0,13,41,0,54,0,29,69,0,98,16,0,16,114
08/18/2023,ANE,MN,AGL,CE,Federal Contract Tower,0,11,37,0,48,0,12,90,0,102,0,23,127,0,150,114,0,114,264
08/19/2023,ANE,MN,AGL,CE,Federal Contract Tower,0,16,22,0,38,0,13,55,0,68,0,29,77,0,106,98,0,98,204
08/20/2023,ANE,MN,AGL,CE,Federal Contract Tower,0,11,30,0,41,0,25,84,0,109,0,36,114,0,150,82,0,82,232
08/21/2023,ANE,MN,AGL,CE,Federal Contract Tower,0,18,36,0,54,0,10,56,0,66,0,28,92,0,120,114,0,114,234
08/22/2023,ANE,MN,AGL,CE,Federal Contract Tower,0,28,40,0,68,0,2,36,2,40,0,30,76,2,108,78,0,78,186
08/23/2023,ANE,MN,AGL,CE,Federal Contract Tower,0,16,35,0,51,0,7,48,0,55,0,23,83,0,106,126,0,126,232
08/24/2023,ANE,MN,AGL,CE,Federal Contract Tower,0,11,43,2,56,0,5,59,0,64,0,16,102,2,120,58,0,58,178
08/25/2023,ANE,MN,AGL,CE,Federal Contract Tower,0,19,39,0,58,0,18,73,0,91,0,37,112,0,149,124,0,124,273
08/26/2023,ANE,MN,AGL,CE,Federal Contract Tower,0,7,27,0,34,0,8,44,0,52,0,15,71,0,86,90,0,90,176
08/27/2023,ANE,MN,AGL,CE,Federal Contract Tower,0,6,33,0,39,0,11,86,0,97,0,17,119,0,136,98,0,98,234
08/28/2023,ANE,MN,AGL,CE,Federal Contract Tower,0,12,26,0,38,0,23,86,0,109,0,35,112,0,147,70,0,70,217
08/29/2023,ANE,MN,AGL,CE,Federal Contract Tower,0,19,29,0,48,0,20,76,0,96,0,39,105,0,144,154,0,154,298
08/30/2023,ANE,MN,AGL,CE,Federal Contract Tower,0,18,38,0,56,0,31,116,0,147,0,49,154,0,203,106,0,106,309
08/31/2023,ANE,MN,AGL,CE,Federal Contract Tower,0,25,31,0,56,0,5,70,4,79,0,30,101,4,135,28,0,28,163
01/01/2020,ANE,MN,AGL,CE,Federal Contract Tower,0,0,25,0,25,0,4,48,0,52,0,4,73,0,77,124,0,124,201
01/02/2020,ANE,MN,AGL,CE,Federal Contract Tower,0,2,4,0,6,0,3,15,0,18,0,5,19,0,24,44,12,56,80
01/03/2020,ANE,MN,AGL,CE,Federal Contract Tower,0,3,6,0,9,0,1,20,0,21,0,4,26,0,30,128,0,128,158
01/04/2020,ANE,MN,AGL,CE,Federal Contract Tower,0,8,14,0,22,0,2,59,0,61,0,10,73,0,83,122,0,122,205
01/05/2020,ANE,MN,AGL,CE,Federal Contract Tower,0,1,11,0,12,0,6,7,0,13,0,7,18,0,25,8,0,8,33
01/06/2020,ANE,MN,AGL,CE,Federal Contract Tower,0,6,22,0,28,0,3,76,0,79,0,9,98,0,107,198,0,198,305
01/07/2020,ANE,MN,AGL,CE,Federal Contract Tower,0,9,34,0,43,0,6,54,0,60,0,15,88,0,103,78,2,80,183
01/08/2020,ANE,MN,AGL,CE,Federal Contract Tower,0,7,18,0,25,0,0,38,0,38,0,7,56,0,63,94,0,94,157
01/09/2020,ANE,MN,AGL,CE,Federal Contract Tower,0,8,26,0,34,0,2,35,0,37,0,10,61,0,71,126,0,126,197
01/10/2020,ANE,MN,AGL,CE,Federal Contract Tower,0,3,28,0,31,0,6,40,0,46,0,9,68,0,77,62,0,62,139
01/11/2020,ANE,MN,AGL,CE,Federal Contract Tower,0,1,31,0,32,0,7,77,0,84,0,8,108,0,116,104,0,104,220
01/12/2020,ANE,MN,AGL,CE,Federal Contract Tower,0,0,16,0,16,0,1,49,0,50,0,1,65,0,66,66,0,66,132
01/13/2020,ANE,MN,AGL,CE,Federal Contract Tower,0,5,11,0,16,0,0,7,0,7,0,5,18,0,23,22,0,22,45
01/14/2020,ANE,MN,AGL,CE,Federal Contract Tower,0,11,30,0,41,0,2,17,0,19,0,13,47,0,60,60,0,60,120
01/15/2020,ANE,MN,AGL,CE,Federal Contract Tower,0,5,15,0,20,0,2,5,0,7,0,7,20,0,27,6,0,6,33
01/16/2020,ANE,MN,AGL,CE,Federal Contract Tower,0,5,29,0,34,0,4,29,0,33,0,9,58,0,67,46,0,46,113
01/17/2020,ANE,MN,AGL,CE,Federal Contract Tower,0,4,5,0,9,0,4,5,0,9,0,8,10,0,18,20,0,20,38
01/18/2020,ANE,MN,AGL,CE,Federal Contract Tower,0,6,3,0,9,0,0,2,0,2,0,6,5,0,11,6,0,6,17
01/19/2020,ANE,MN,AGL,CE,Federal Contract Tower,0,1,3,0,4,0,3,9,0,12,0,4,12,0,16,40,0,40,56
01/20/2020,ANE,MN,AGL,CE,Federal Contract Tower,0,5,26,0,31,0,4,51,0,55,0,9,77,0,86,130,0,130,216
01/21/2020,ANE,MN,AGL,CE,Federal Contract Tower,0,5,19,0,24,0,4,44,0,48,0,9,63,0,72,50,0,50,122
01/22/2020,ANE,MN,AGL,CE,Federal Contract Tower,0,5,7,0,12,0,0,4,0,4,0,5,11,0,16,16,0,16,32
01/23/2020,ANE,MN,AGL,CE,Federal Contract Tower,0,7,11,0,18,0,2,2,0,4,0,9,13,0,22,6,0,6,28
01/24/2020,ANE,MN,AGL,CE,Federal Contract Tower,0,6,8,0,14,0,0,4,0,4,0,6,12,0,18,10,0,10,28
01/25/2020,ANE,MN,AGL,CE,Federal Contract Tower,0,5,11,0,16,0,1,22,0,23,0,6,33,0,39,50,0,50,89
01/26/2020,ANE,MN,AGL,CE,Federal Contract Tower,0,2,13,0,15,0,0,3,0,3,0,2,16,0,18,4,0,4,22
01/27/2020,ANE,MN,AGL,CE,Federal Contract Tower,0,10,10,0,20,0,0,4,0,4,0,10,14,0,24,0,0,0,24
01/28/2020,ANE,MN,AGL,CE,Federal Contract Tower,0,10,24,0,34,0,1,3,0,4,0,11,27,0,38,0,0,0,38
01/29/2020,ANE,MN,AGL,CE,Federal Contract Tower,0,10,20,0,30,0,5,28,0,33,0,15,48,0,63,140,0,140,203
01/30/2020,ANE,MN,AGL,CE,Federal Contract Tower,0,1,26,0,27,0,0,4,0,4,0,1,30,0,31,8,0,8,39
01/31/2020,ANE,MN,AGL,CE,Federal Contract Tower,0,2,11,0,13,0,0,0,0,0,0,2,11,0,13,10,0,10,23
02/01/2020,ANE,MN,AGL,CE,Federal Contract Tower,0,2,70,0,72,0,7,108,0,115,0,9,178,0,187,162,0,162,349
02/02/2020,ANE,MN,AGL,CE,Federal Contract Tower,0,0,17,0,17,0,4,54,0,58,0,4,71,0,75,34,0,34,109
02/03/2020,ANE,MN,AGL,CE,Federal Contract Tower,0,1,31,0,32,0,6,42,0,48,0,7,73,0,80,90,0,90,170
02/04/2020,ANE,MN,AGL,CE,Federal Contract Tower,0,9,29,0,38,0,3,69,0,72,0,12,98,0,110,114,0,114,224
02/05/2020,ANE,MN,AGL,CE,Federal Contract Tower,0,6,45,0,51,0,2,86,4,92,0,8,131,4,143,138,2,140,283
02/06/2020,ANE,MN,AGL,CE,Federal Contract Tower,0,4,29,0,33,0,1,81,0,82,0,5,110,0,115,174,0,174,289
02/07/2020,ANE,MN,AGL,CE,Federal Contract Tower,0,4,25,0,29,0,2,24,0,26,0,6,49,0,55,82,0,82,137
02/08/2020,ANE,MN,AGL,CE,Federal Contract Tower,0,4,22,2,28,0,4,75,0,79,0,8,97,2,107,76,0,76,183
02/09/2020,ANE,MN,AGL,CE,Federal Contract Tower,0,3,4,0,7,0,0,7,0,7,0,3,11,0,14,6,0,6,20
02/10/2020,ANE,MN,AGL,CE,Federal Contract Tower,0,5,27,0,32,0,9,34,0,43,0,14,61,0,75,70,0,70,145
02/11/2020,ANE,MN,AGL,CE,Federal Contract Tower,0,9,45,0,54,0,5,49,0,54,0,14,94,0,108,164,0,164,272
02/12/2020,ANE,MN,AGL,CE,Federal Contract Tower,0,7,4,0,11,0,1,8,0,9,0,8,12,0,20,2,0,2,22
02/13/2020,ANE,MN,AGL,CE,Federal Contract Tower,0,4,26,0,30,0,3,28,0,31,0,7,54,0,61,44,0,44,105
02/14/2020,ANE,MN,AGL,CE,Federal Contract Tower,0,6,18,0,24,0,8,15,0,23,0,14,33,0,47,12,0,12,59
02/15/2020,ANE,MN,AGL,CE,Federal Contract Tower,0,1,22,0,23,0,4,49,0,53,0,5,71,0,76,122,0,122,198
02/16/2020,ANE,MN,AGL,CE,Federal Contract Tower,0,1,24,0,25,0,6,69,0,75,0,7,93,0,100,88,0,88,188
02/17/2020,ANE,MN,AGL,CE,Federal Contract Tower,0,5,9,0,14,0,2,9,0,11,0,7,18,0,25,74,0,74,99
02/18/2020,ANE,MN,AGL,CE,Federal Contract Tower,0,8,24,0,32,0,5,40,0,45,0,13,64,0,77,40,0,40,117
02/19/2020,ANE,MN,AGL,CE,Federal Contract Tower,0,3,36,0,39,0,4,36,0,40,0,7,72,0,79,78,0,78,157
02/20/2020,ANE,MN,AGL,CE,Federal Contract Tower,0,2,25,0,27,0,2,52,0,54,0,4,77,0,81,30,0,30,111
02/21/2020,ANE,MN,AGL,CE,Federal Contract Tower,0,2,30,0,32,0,3,47,0,50,0,5,77,0,82,38,0,38,120
02/22/2020,ANE,MN,AGL,CE,Federal Contract Tower,0,3,32,0,35,0,5,106,0,111,0,8,138,0,146,136,0,136,282
02/23/2020,ANE,MN,AGL,CE,Federal Contract Tower,0,1,38,0,39,0,2,63,0,65,0,3,101,0,104,92,0,92,196
02/24/2020,ANE,MN,AGL,CE,Federal Contract Tower,0,5,59,0,64,0,3,71,0,74,0,8,130,0,138,106,0,106,244
02/25/2020,ANE,MN,AGL,CE,Federal Contract Tower,0,11,20,0,31,0,4,21,0,25,0,15,41,0,56,32,0,32,88
02/26/2020,ANE,MN,AGL,CE,Federal Contract Tower,0,6,25,0,31,0,4,43,0,47,0,10,68,0,78,54,0,54,132
02/27/2020,ANE,MN,AGL,CE,Federal Contract Tower,0,4,41,0,45,0,6,61,0,67,0,10,102,0,112,70,0,70,182
02/28/2020,ANE,MN,AGL,CE,Federal Contract Tower,0,4,24,0,28,0,4,66,0,70,0,8,90,0,98,108,0,108,206
02/29/2020,ANE,MN,AGL,CE,Federal Contract Tower,0,7,38,0,45,0,3,74,0,77,0,10,112,0,122,54,0,54,176
03/01/2020,ANE,MN,AGL,CE,Federal Contract Tower,0,1,31,0,32,0,2,93,0,95,0,3,124,0,127,166,0,166,293
03/02/2020,ANE,MN,AGL,CE,Federal Contract Tower,0,3,23,0,26,0,1,39,0,40,0,4,62,0,66,86,0,86,152
03/03/2020,ANE,MN,AGL,CE,Federal Contract Tower,0,9,21,0,30,0,10,27,0,37,0,19,48,0,67,76,0,76,143
03/04/2020,ANE,MN,AGL,CE,Federal Contract Tower,0,8,39,0,47,0,0,68,0,68,0,8,107,0,115,152,0,152,267
03/05/2020,ANE,MN,AGL,CE,Federal Contract Tower,0,11,18,0,29,0,0,15,0,15,0,11,33,0,44,40,0,40,84
03/06/2020,ANE,MN,AGL,CE,Federal Contract Tower,0,2,44,0,46,0,6,106,0,112,0,8,150,0,158,142,0,142,300
03/07/2020,ANE,MN,AGL,CE,Federal Contract Tower,0,6,16,0,22,0,10,78,0,88,0,16,94,0,110,68,0,68,178
03/08/2020,ANE,MN,AGL,CE,Federal Contract Tower,0,1,14,0,15,0,8,50,0,58,0,9,64,0,73,8,0,8,81
03/09/2020,ANE,MN,AGL,CE,Federal Contract Tower,0,3,22,0,25,0,2,28,0,30,0,5,50,0,55,78,0,78,133
03/10/2020,ANE,MN,AGL,CE,Federal Contract Tower,0,9,43,0,52,0,4,72,0,76,0,13,115,0,128,104,2,106,234
03/11/2020,ANE,MN,AGL,CE,Federal Contract Tower,0,8,31,0,39,0,0,36,0,36,0,8,67,0,75,82,0,82,157
03/12/2020,ANE,MN,AGL,CE,Federal Contract Tower,0,6,9,0,15,0,0,2,0,2,0,6,11,0,17,0,0,0,17
03/13/2020,ANE,MN,AGL,CE,Federal Contract Tower,0,4,26,0,30,0,7,50,0,57,0,11,76,0,87,40,6,46,133
03/14/2020,ANE,MN,AGL,CE,Federal Contract Tower,0,7,14,0,21,0,1,78,0,79,0,8,92,0,100,100,0,100,200
03/15/2020,ANE,MN,AGL,CE,Federal Contract Tower,0,5,22,0,27,0,6,79,0,85,0,11,101,0,112,110,0,110,222
03/16/2020,ANE,MN,AGL,CE,Federal Contract Tower,0,3,7,0,10,0,0,2,0,2,0,3,9,0,12,0,0,0,12
03/17/2020,ANE,MN,AGL,CE,Federal Contract Tower,0,3,26,0,29,0,3,81,0,84,0,6,107,0,113,130,0,130,243
03/18/2020,ANE,MN,AGL,CE,Federal Contract Tower,0,7,8,0,15,0,0,0,0,0,0,7,8,0,15,0,0,0,15
03/19/2020,ANE,MN,AGL,CE,Federal Contract Tower,0,3,1,0,4,0,0,0,0,0,0,3,1,0,4,0,0,0,4
03/20/2020,ANE,MN,AGL,CE,Federal Contract Tower,0,2,12,0,14,0,4,34,0,38,0,6,46,0,52,40,0,40,92
03/21/2020,ANE,MN,AGL,CE,Federal Contract Tower,0,5,15,0,20,0,3,85,0,88,0,8,100,0,108,140,0,140,248
03/22/2020,ANE,MN,AGL,CE,Federal Contract Tower,0,2,5,0,7,0,2,8,0,10,0,4,13,0,17,6,0,6,23
03/23/2020,ANE,MN,AGL,CE,Federal Contract Tower,0,7,20,0,27,0,3,34,0,37,0,10,54,0,64,124,0,124,188
03/24/2020,ANE,MN,AGL,CE,Federal Contract Tower,0,2,5,0,7,0,3,18,0,21,0,5,23,0,28,78,0,78,106
03/25/2020,ANE,MN,AGL,CE,Federal Contract Tower,0,6,0,0,6,0,4,0,0,4,0,10,0,0,10,0,0,0,10
03/26/2020,ANE,MN,AGL,CE,Federal Contract Tower,0,7,25,0,32,0,0,77,0,77,0,7,102,0,109,88,0,88,197
03/27/2020,ANE,MN,AGL,CE,Federal Contract Tower,0,7,20,0,27,0,1,104,0,105,0,8,124,0,132,138,0,138,270
03/28/2020,ANE,MN,AGL,CE,Federal Contract Tower,0,4,2,0,6,0,2,14,0,16,0,6,16,0,22,44,0,44,66
03/29/2020,ANE,MN,AGL,CE,Federal Contract Tower,0,0,6,0,6,0,0,9,0,9,0,0,15,0,15,22,0,22,37
03/30/2020,ANE,MN,AGL,CE,Federal Contract Tower,0,9,21,0,30,0,0,97,0,97,0,9,118,0,127,94,0,94,221
03/31/2020,ANE,MN,AGL,CE,Federal Contract Tower,0,9,6,0,15,0,1,56,0,57,0,10,62,0,72,110,0,110,182
04/01/2020,ANE,MN,AGL,CE,Federal Contract Tower,0,5,9,0,14,0,0,39,0,39,0,5,48,0,53,44,0,44,97
04/02/2020,ANE,MN,AGL,CE,Federal Contract Tower,0,4,10,0,14,0,1,26,0,27,0,5,36,0,41,16,0,16,57
04/03/2020,ANE,MN,AGL,CE,Federal Contract Tower,0,3,0,0,3,0,0,0,0,0,0,3,0,0,3,0,0,0,3
04/04/2020,ANE,MN,AGL,CE,Federal Contract Tower,0,1,33,0,34,0,5,101,0,106,0,6,134,0,140,154,0,154,294
04/05/2020,ANE,MN,AGL,CE,Federal Contract Tower,0,0,39,0,39,0,6,115,0,121,0,6,154,0,160,164,0,164,324
04/06/2020,ANE,MN,AGL,CE,Federal Contract Tower,0,4,6,0,10,0,1,27,6,34,0,5,33,6,44,84,2,86,130
04/07/2020,ANE,MN,AGL,CE,Federal Contract Tower,0,2,15,0,17,0,4,38,0,42,0,6,53,0,59,128,0,128,187
04/08/2020,ANE,MN,AGL,CE,Federal Contract Tower,0,5,14,0,19,0,2,47,0,49,0,7,61,0,68,84,0,84,152
04/09/2020,ANE,MN,AGL,CE,Federal Contract Tower,0,5,4,0,9,0,2,8,0,10,0,7,12,0,19,26,0,26,45
04/10/2020,ANE,MN,AGL,CE,Federal Contract Tower,0,6,34,0,40,0,4,108,0,112,0,10,142,0,152,170,0,170,322
04/11/2020,ANE,MN,AGL,CE,Federal Contract Tower,0,3,20,0,23,0,3,109,0,112,0,6,129,0,135,158,0,158,293
04/12/2020,ANE,MN,AGL,CE,Federal Contract Tower,0,2,0,0,2,0,0,0,0,0,0,2,0,0,2,0,0,0,2
04/13/2020,ANE,MN,AGL,CE,Federal Contract Tower,0,3,0,0,3,0,2,11,0,13,0,5,11,0,16,4,0,4,20
04/14/2020,ANE,MN,AGL,CE,Federal Contract Tower,0,5,8,0,13,0,2,13,0,15,0,7,21,0,28,72,0,72,100
04/15/2020,ANE,MN,AGL,CE,Federal Contract Tower,0,6,20,0,26,0,2,55,0,57,0,8,75,0,83,86,0,86,169
04/16/2020,ANE,MN,AGL,CE,Federal Contract Tower,0,4,38,0,42,0,2,75,2,79,0,6,113,2,121,192,0,192,313
04/17/2020,ANE,MN,AGL,CE,Federal Contract Tower,0,3,17,0,20,0,6,63,0,69,0,9,80,0,89,92,0,92,181
04/18/2020,ANE,MN,AGL,CE,Federal Contract Tower,0,1,10,1,12,0,2,31,0,33,0,3,41,1,45,42,2,44,89
04/19/2020,ANE,MN,AGL,CE,Federal Contract Tower,0,0,5,0,5,0,5,62,0,67,0,5,67,0,72,94,0,94,166
04/20/2020,ANE,MN,AGL,CE,Federal Contract Tower,0,4,4,0,8,0,4,13,0,17,0,8,17,0,25,8,0,8,33
04/21/2020,ANE,MN,AGL,CE,Federal Contract Tower,0,2,42,0,44,0,2,79,0,81,0,4,121,0,125,170,0,170,295
04/22/2020,ANE,MN,AGL,CE,Federal Contract Tower,0,5,15,0,20,0,1,64,2,67,0,6,79,2,87,162,0,162,249
04/23/2020,ANE,MN,AGL,CE,Federal Contract Tower,0,10,17,0,27,0,6,82,6,94,0,16,99,6,121,160,0,160,281
04/24/2020,ANE,MN,AGL,CE,Federal Contract Tower,0,4,13,0,17,0,1,57,0,58,0,5,70,0,75,52,0,52,127
04/25/2020,ANE,MN,AGL,CE,Federal Contract Tower,0,4,20,0,24,0,2,91,0,93,0,6,111,0,117,136,0,136,253
04/26/2020,ANE,MN,AGL,CE,Federal Contract Tower,0,0,11,0,11,0,5,58,0,63,0,5,69,0,74,54,0,54,128
04/27/2020,ANE,MN,AGL,CE,Federal Contract Tower,0,5,15,2,22,0,0,70,0,70,0,5,85,2,92,108,0,108,200
04/28/2020,ANE,MN,AGL,CE,Federal Contract Tower,0,2,9,0,11,0,1,7,0,8,0,3,16,0,19,20,0,20,39
04/29/2020,ANE,MN,AGL,CE,Federal Contract Tower,0,3,10,0,13,0,7,16,0,23,0,10,26,0,36,56,0,56,92
04/30/2020,ANE,MN,AGL,CE,Federal Contract Tower,0,9,24,0,33,0,2,109,0,111,0,11,133,0,144,152,0,152,296
05/01/2020,ANE,MN,AGL,CE,Federal Contract Tower,0,4,16,0,20,0,8,39,0,47,0,12,55,0,67,82,0,82,149
05/02/2020,ANE,MN,AGL,CE,Federal Contract Tower,0,2,7,0,9,0,6,51,0,57,0,8,58,0,66,94,0,94,160
05/03/2020,ANE,MN,AGL,CE,Federal Contract Tower,0,0,21,0,21,0,4,60,0,64,0,4,81,0,85,104,0,104,189
05/04/2020,ANE,MN,AGL,CE,Federal Contract Tower,0,4,4,0,8,0,3,56,0,59,0,7,60,0,67,220,0,220,287
05/05/2020,ANE,MN,AGL,CE,Federal Contract Tower,0,2,10,0,12,0,6,38,0,44,0,8,48,0,56,174,0,174,230
05/06/2020,ANE,MN,AGL,CE,Federal Contract Tower,0,4,9,0,13,0,13,48,0,61,0,17,57,0,74,204,0,204,278
05/07/2020,ANE,MN,AGL,CE,Federal Contract Tower,0,5,18,0,23,0,5,90,0,95,0,10,108,0,118,284,0,284,402
05/08/2020,ANE,MN,AGL,CE,Federal Contract Tower,0,7,21,0,28,0,5,81,0,86,0,12,102,0,114,172,0,172,286
05/09/2020,ANE,MN,AGL,CE,Federal Contract Tower,0,3,15,0,18,0,0,59,0,59,0,3,74,0,77,98,0,98,175
05/10/2020,ANE,MN,AGL,CE,Federal Contract Tower,0,0,8,0,8,0,2,14,0,16,0,2,22,0,24,8,0,8,32
05/11/2020,ANE,MN,AGL,CE,Federal Contract Tower,0,5,15,0,20,0,0,59,0,59,0,5,74,0,79,166,0,166,245
05/12/2020,ANE,MN,AGL,CE,Federal Contract Tower,0,4,23,2,29,0,4,98,0,102,0,8,121,2,131,210,10,220,351
05/13/2020,ANE,MN,AGL,CE,Federal Contract Tower,0,5,23,0,28,0,4,27,0,31,0,9,50,0,59,82,0,82,141
05/14/2020,ANE,MN,AGL,CE,Federal Contract Tower,0,11,24,0,35,0,5,55,0,60,0,16,79,0,95,180,0,180,275
05/15/2020,ANE,MN,AGL,CE,Federal Contract Tower,0,4,14,0,18,0,10,95,0,105,0,14,109,0,123,166,0,166,289
05/16/2020,ANE,MN,AGL,CE,Federal Contract Tower,0,4,10,0,14,0,7,44,0,51,0,11,54,0,65,126,0,126,191
05/17/2020,ANE,MN,AGL,CE,Federal Contract Tower,0,0,5,0,5,0,3,0,0,3,0,3,5,0,8,22,0,22,30
05/18/2020,ANE,MN,AGL,CE,Federal Contract Tower,0,3,11,0,14,0,1,28,0,29,0,4,39,0,43,26,0,26,69
05/19/2020,ANE,MN,AGL,CE,Federal Contract Tower,0,6,27,0,33,0,2,83,0,85,0,8,110,0,118,340,0,340,458
05/20/2020,ANE,MN,AGL,CE,Federal Contract Tower,0,2,28,0,30,0,4,84,0,88,0,6,112,0,118,256,0,256,374
05/21/2020,ANE,MN,AGL,CE,Federal Contract Tower,0,6,36,0,42,0,5,83,0,88,0,11,119,0,130,162,0,162,292
05/22/2020,ANE,MN,AGL,CE,Federal Contract Tower,0,3,25,0,28,0,3,83,0,86,0,6,108,0,114,318,0,318,432
05/23/2020,ANE,MN,AGL,CE,Federal Contract Tower,0,5,11,0,16,0,3,10,0,13,0,8,21,0,29,38,0,38,67
05/24/2020,ANE,MN,AGL,CE,Federal Contract Tower,0,2,18,0,20,0,4,22,0,26,0,6,40,0,46,32,0,32,78
05/25/2020,ANE,MN,AGL,CE,Federal Contract Tower,0,3,16,0,19,0,0,56,0,56,0,3,72,0,75,56,0,56,131
05/26/2020,ANE,MN,AGL,CE,Federal Contract Tower,0,4,24,0,28,0,0,35,0,35,0,4,59,0,63,130,0,130,193
05/27/2020,ANE,MN,AGL,CE,Federal Contract Tower,0,2,67,0,69,0,9,102,0,111,0,11,169,0,180,310,0,310,490
05/28/2020,ANE,MN,AGL,CE,Federal Contract Tower,0,5,42,0,47,0,7,61,0,68,0,12,103,0,115,82,0,82,197
05/29/2020,ANE,MN,AGL,CE,Federal Contract Tower,0,7,22,0,29,0,5,57,0,62,0,12,79,0,91,206,0,206,297
05/30/2020,ANE,MN,AGL,CE,Federal Contract Tower,0,3,24,0,27,0,1,118,0,119,0,4,142,0,146,132,0,132,278
05/31/2020,ANE,MN,AGL,CE,Federal Contract Tower,0,2,11,0,13,0,11,85,0,96,0,13,96,0,109,32,0,32,141
06/01/2020,ANE,MN,AGL,CE,Federal Contract Tower,0,4,13,0,17,0,2,26,0,28,0,6,39,0,45,50,0,50,95
06/02/2020,ANE,MN,AGL,CE,Federal Contract Tower,0,4,12,0,16,0,3,61,0,64,0,7,73,0,80,228,0,228,308
06/03/2020,ANE,MN,AGL,CE,Federal Contract Tower,0,6,26,0,32,0,11,86,0,97,0,17,112,0,129,110,0,110,239
06/04/2020,ANE,MN,AGL,CE,Federal Contract Tower,0,3,19,0,22,0,1,62,0,63,0,4,81,0,85,140,0,140,225
06/05/2020,ANE,MN,AGL,CE,Federal Contract Tower,0,7,24,0,31,0,6,80,0,86,0,13,104,0,117,178,4,182,299
06/06/2020,ANE,MN,AGL,CE,Federal Contract Tower,0,6,22,0,28,0,1,104,0,105,0,7,126,0,133,156,0,156,289
06/07/2020,ANE,MN,AGL,CE,Federal Contract Tower,0,1,9,0,10,0,0,35,0,35,0,1,44,0,45,2,0,2,47
06/08/2020,ANE,MN,AGL,CE,Federal Contract Tower,0,6,6,0,12,0,8,21,0,29,0,14,27,0,41,16,0,16,57
06/09/2020,ANE,MN,AGL,CE,Federal Contract Tower,0,2,10,0,12,0,5,32,0,37,0,7,42,0,49,58,0,58,107
06/10/2020,ANE,MN,AGL,CE,Federal Contract Tower,0,4,13,0,17,0,5,7,0,12,0,9,20,0,29,2,0,2,31
06/11/2020,ANE,MN,AGL,CE,Federal Contract Tower,0,8,35,0,43,0,2,77,0,79,0,10,112,0,122,130,0,130,252
06/12/2020,ANE,MN,AGL,CE,Federal Contract Tower,0,4,56,0,60,0,6,150,0,156,0,10,206,0,216,360,0,360,576
06/13/2020,ANE,MN,AGL,CE,Federal Contract Tower,0,1,22,0,23,0,8,95,0,103,0,9,117,0,126,168,0,168,294
06/14/2020,ANE,MN,AGL,CE,Federal Contract Tower,0,2,14,0,16,0,4,23,0,27,0,6,37,0,43,0,0,0,43
06/15/2020,ANE,MN,AGL,CE,Federal Contract Tower,0,6,25,0,31,0,4,49,0,53,0,10,74,0,84,24,0,24,108
06/16/2020,ANE,MN,AGL,CE,Federal Contract Tower,0,7,28,0,35,0,11,57,0,68,0,18,85,0,103,66,0,66,169
06/17/2020,ANE,MN,AGL,CE,Federal Contract Tower,0,8,36,0,44,0,0,75,0,75,0,8,111,0,119,170,0,170,289
06/18/2020,ANE,MN,AGL,CE,Federal Contract Tower,0,6,21,0,27,0,3,52,0,55,0,9,73,0,82,154,0,154,236
06/19/2020,ANE,MN,AGL,CE,Federal Contract Tower,0,8,30,0,38,0,6,141,0,147,0,14,171,0,185,216,0,216,401
06/20/2020,ANE,MN,AGL,CE,Federal Contract Tower,0,1,15,0,16,0,2,106,0,108,0,3,121,0,124,224,0,224,348
06/21/2020,ANE,MN,AGL,CE,Federal Contract Tower,0,3,19,0,22,0,0,47,0,47,0,3,66,0,69,94,0,94,163
06/22/2020,ANE,MN,AGL,CE,Federal Contract Tower,0,10,19,0,29,0,4,88,0,92,0,14,107,0,121,202,0,202,323
06/23/2020,ANE,MN,AGL,CE,Federal Contract Tower,0,10,43,0,53,0,5,76,0,81,0,15,119,0,134,224,0,224,358
06/24/2020,ANE,MN,AGL,CE,Federal Contract Tower,0,14,44,0,58,0,2,150,0,152,0,16,194,0,210,264,0,264,474
06/25/2020,ANE,MN,AGL,CE,Federal Contract Tower,0,9,26,0,35,0,7,131,0,138,0,16,157,0,173,256,0,256,429
06/26/2020,ANE,MN,AGL,CE,Federal Contract Tower,0,7,31,0,38,0,6,57,0,63,0,13,88,0,101,92,0,92,193
06/27/2020,ANE,MN,AGL,CE,Federal Contract Tower,0,5,9,0,14,0,3,119,0,122,0,8,128,0,136,152,0,152,288
06/28/2020,ANE,MN,AGL,CE,Federal Contract Tower,0,2,20,0,22,0,9,67,0,76,0,11,87,0,98,34,0,34,132
06/29/2020,ANE,MN,AGL,CE,Federal Contract Tower,0,7,16,0,23,0,1,31,0,32,0,8,47,0,55,14,0,14,69
06/30/2020,ANE,MN,AGL,CE,Federal Contract Tower,0,12,36,0,48,0,3,41,0,44,0,15,77,0,92,74,0,74,166
07/01/2020,ANE,MN,AGL,CE,Federal Contract Tower,0,6,33,0,39,0,1,65,0,66,0,7,98,0,105,248,0,248,353
07/02/2020,ANE,MN,AGL,CE,Federal Contract Tower,0,10,42,0,52,0,1,94,0,95,0,11,136,0,147,264,0,264,411
07/03/2020,ANE,MN,AGL,CE,Federal Contract Tower,0,7,21,0,28,0,5,97,0,102,0,12,118,0,130,178,0,178,308
07/04/2020,ANE,MN,AGL,CE,Federal Contract Tower,0,2,9,0,11,0,10,58,0,68,0,12,67,0,79,88,0,88,167
07/05/2020,ANE,MN,AGL,CE,Federal Contract Tower,0,2,9,0,11,0,5,67,0,72,0,7,76,0,83,62,0,62,145
07/06/2020,ANE,MN,AGL,CE,Federal Contract Tower,0,7,11,0,18,0,4,50,0,54,0,11,61,0,72,152,0,152,224
07/07/2020,ANE,MN,AGL,CE,Federal Contract Tower,0,8,27,0,35,0,0,91,0,91,0,8,118,0,126,178,0,178,304
07/08/2020,ANE,MN,AGL,CE,Federal Contract Tower,0,6,28,0,34,0,6,57,2,65,0,12,85,2,99,56,16,72,171
07/09/2020,ANE,MN,AGL,CE,Federal Contract Tower,0,8,50,2,60,0,5,55,0,60,0,13,105,2,120,190,0,190,310
07/10/2020,ANE,MN,AGL,CE,Federal Contract Tower,0,8,39,0,47,0,2,115,0,117,0,10,154,0,164,160,0,160,324
07/11/2020,ANE,MN,AGL,CE,Federal Contract Tower,0,5,19,0,24,0,7,82,0,89,0,12,101,0,113,154,0,154,267
07/12/2020,ANE,MN,AGL,CE,Federal Contract Tower,0,1,18,0,19,0,8,90,0,98,0,9,108,0,117,122,0,122,239
07/13/2020,ANE,MN,AGL,CE,Federal Contract Tower,0,5,25,0,30,0,2,83,0,85,0,7,108,0,115,130,0,130,245
07/14/2020,ANE,MN,AGL,CE,Federal Contract Tower,0,8,19,0,27,0,5,38,0,43,0,13,57,0,70,60,0,60,130
07/15/2020,ANE,MN,AGL,CE,Federal Contract Tower,0,7,30,0,37,0,0,132,0,132,0,7,162,0,169,166,0,166,335
07/16/2020,ANE,MN,AGL,CE,Federal Contract Tower,0,9,27,0,36,0,4,105,0,109,0,13,132,0,145,210,0,210,355
07/17/2020,ANE,MN,AGL,CE,Federal Contract Tower,0,5,43,0,48,0,8,108,0,116,0,13,151,0,164,190,0,190,354
07/18/2020,ANE,MN,AGL,CE,Federal Contract Tower,0,5,10,0,15,0,0,73,0,73,0,5,83,0,88,88,0,88,176
07/19/2020,ANE,MN,AGL,CE,Federal Contract Tower,0,7,18,0,25,0,5,46,0,51,0,12,64,0,76,58,0,58,134
07/20/2020,ANE,MN,AGL,CE,Federal Contract Tower,0,9,28,0,37,0,5,99,0,104,0,14,127,0,141,124,0,124,265
07/21/2020,ANE,MN,AGL,CE,Federal Contract Tower,0,10,40,0,50,0,4,28,0,32,0,14,68,0,82,100,0,100,182
07/22/2020,ANE,MN,AGL,CE,Federal Contract Tower,0,5,34,0,39,0,7,79,0,86,0,12,113,0,125,174,0,174,299
07/23/2020,ANE,MN,AGL,CE,Federal Contract Tower,0,7,40,0,47,0,5,111,2,118,0,12,151,2,165,212,10,222,387
07/24/2020,ANE,MN,AGL,CE,Federal Contract Tower,0,8,42,0,50,0,12,73,0,85,0,20,115,0,135,132,0,132,267
07/25/2020,ANE,MN,AGL,CE,Federal Contract Tower,0,2,6,0,8,0,2,41,0,43,0,4,47,0,51,66,0,66,117
07/26/2020,ANE,MN,AGL,CE,Federal Contract Tower,0,7,13,0,20,0,4,19,0,23,0,11,32,0,43,108,0,108,151
07/27/2020,ANE,MN,AGL,CE,Federal Contract Tower,0,7,19,0,26,0,4,85,0,89,0,11,104,0,115,186,0,186,301
07/28/2020,ANE,MN,AGL,CE,Federal Contract Tower,0,11,34,0,45,0,2,112,0,114,0,13,146,0,159,214,0,214,373
07/29/2020,ANE,MN,AGL,CE,Federal Contract Tower,0,12,27,0,39,0,4,148,0,152,0,16,175,0,191,312,0,312,503
07/30/2020,ANE,MN,AGL,CE,Federal Contract Tower,0,11,30,0,41,0,3,111,0,114,0,14,141,0,155,250,0,250,405
07/31/2020,ANE,MN,AGL,CE,Federal Contract Tower,0,4,25,0,29,0,5,103,0,108,0,9,128,0,137,168,0,168,305
08/01/2020,ANE,MN,AGL,CE,Federal Contract Tower,0,2,10,0,12,0,8,76,0,84,0,10,86,0,96,124,0,124,220
08/02/2020,ANE,MN,AGL,CE,Federal Contract Tower,0,2,22,0,24,0,2,61,0,63,0,4,83,0,87,98,0,98,185
08/03/2020,ANE,MN,AGL,CE,Federal Contract Tower,0,5,28,0,33,0,2,93,0,95,0,7,121,0,128,260,0,260,388
08/04/2020,ANE,MN,AGL,CE,Federal Contract Tower,0,8,34,0,42,0,11,159,0,170,0,19,193,0,212,256,0,256,468
08/05/2020,ANE,MN,AGL,CE,Federal Contract Tower,0,7,31,0,38,0,3,111,0,114,0,10,142,0,152,200,0,200,352
08/06/2020,ANE,MN,AGL,CE,Federal Contract Tower,0,6,32,1,39,0,2,119,0,121,0,8,151,1,160,140,0,140,300
08/08/2020,ANE,MN,AGL,CE,Federal Contract Tower,0,5,35,0,40,0,6,42,0,48,0,11,77,0,88,140,0,140,228
08/09/2020,ANE,MN,AGL,CE,Federal Contract Tower,0,2,19,0,21,0,5,28,0,33,0,7,47,0,54,112,0,112,166
08/10/2020,ANE,MN,AGL,CE,Federal Contract Tower,0,9,33,0,42,0,3,111,0,114,0,12,144,0,156,276,0,276,432
08/11/2020,ANE,MN,AGL,CE,Federal Contract Tower,0,6,13,0,19,0,5,116,0,121,0,11,129,0,140,200,0,200,340
08/12/2020,ANE,MN,AGL,CE,Federal Contract Tower,0,3,15,0,18,0,0,29,0,29,0,3,44,0,47,50,0,50,97
08/13/2020,ANE,MN,AGL,CE,Federal Contract Tower,0,3,30,0,33,0,5,58,0,63,0,8,88,0,96,134,0,134,230
08/14/2020,ANE,MN,AGL,CE,Federal Contract Tower,0,6,9,0,15,0,7,12,0,19,0,13,21,0,34,34,0,34,68
08/15/2020,ANE,MN,AGL,CE,Federal Contract Tower,0,4,21,3,28,0,13,151,0,164,0,17,172,3,192,172,0,172,364
08/16/2020,ANE,MN,AGL,CE,Federal Contract Tower,0,1,23,0,24,0,9,89,0,98,0,10,112,0,122,58,0,58,180
08/17/2020,ANE,MN,AGL,CE,Federal Contract Tower,0,7,28,0,35,0,6,47,0,53,0,13,75,0,88,118,0,118,206
08/18/2020,ANE,MN,AGL,CE,Federal Contract Tower,0,6,28,0,34,0,9,146,0,155,0,15,174,0,189,216,0,216,405
08/19/2020,ANE,MN,AGL,CE,Federal Contract Tower,0,4,21,0,25,0,7,89,0,96,0,11,110,0,121,138,0,138,259
08/20/2020,ANE,MN,AGL,CE,Federal Contract Tower,0,9,29,0,38,0,1,99,0,100,0,10,128,0,138,210,0,210,348
08/21/2020,ANE,MN,AGL,CE,Federal Contract Tower,0,5,27,0,32,0,1,107,0,108,0,6,134,0,140,160,0,160,300
08/22/2020,ANE,MN,AGL,CE,Federal Contract Tower,0,3,20,0,23,0,4,83,0,87,0,7,103,0,110,172,0,172,282
08/23/2020,ANE,MN,AGL,CE,Federal Contract Tower,0,6,18,0,24,0,3,102,0,105,0,9,120,0,129,184,0,184,313
08/24/2020,ANE,MN,AGL,CE,Federal Contract Tower,0,7,15,0,22,0,2,50,0,52,0,9,65,0,74,134,0,134,208
08/25/2020,ANE,MN,AGL,CE,Federal Contract Tower,0,10,13,0,23,0,5,99,0,104,0,15,112,0,127,308,0,308,435
08/26/2020,ANE,MN,AGL,CE,Federal Contract Tower,0,11,25,0,36,0,4,78,0,82,0,15,103,0,118,164,0,164,282
08/27/2020,ANE,MN,AGL,CE,Federal Contract Tower,0,6,30,0,36,0,0,85,0,85,0,6,115,0,121,230,0,230,351
08/28/2020,ANE,MN,AGL,CE,Federal Contract Tower,0,6,27,0,33,0,2,54,0,56,0,8,81,0,89,96,0,96,185
08/29/2020,ANE,MN,AGL,CE,Federal Contract Tower,0,7,35,0,42,0,6,121,0,127,0,13,156,0,169,56,0,56,225
08/30/2020,ANE,MN,AGL,CE,Federal Contract Tower,0,4,23,0,27,0,4,88,0,92,0,8,111,0,119,58,0,58,177
08/31/2020,ANE,MN,AGL,CE,Federal Contract Tower,0,6,29,0,35,0,6,63,0,69,0,12,92,0,104,140,0,140,244
09/01/2020,ANE,MN,AGL,CE,Federal Contract Tower,0,12,41,2,55,0,2,87,0,89,0,14,128,2,144,196,0,196,340
09/02/2020,ANE,MN,AGL,CE,Federal Contract Tower,0,6,53,0,59,0,9,115,0,124,0,15,168,0,183,220,0,220,403
09/03/2020,ANE,MN,AGL,CE,Federal Contract Tower,0,11,20,0,31,0,1,28,0,29,0,12,48,0,60,22,0,22,82
09/04/2020,ANE,MN,AGL,CE,Federal Contract Tower,0,7,35,0,42,0,3,96,0,99,0,10,131,0,141,126,0,126,267
09/05/2020,ANE,MN,AGL,CE,Federal Contract Tower,0,6,14,0,20,0,5,109,0,114,0,11,123,0,134,130,0,130,264
09/06/2020,ANE,MN,AGL,CE,Federal Contract Tower,0,2,3,0,5,0,9,25,0,34,0,11,28,0,39,14,0,14,53
09/07/2020,ANE,MN,AGL,CE,Federal Contract Tower,0,3,30,0,33,0,0,47,0,47,0,3,77,0,80,58,0,58,138
09/08/2020,ANE,MN,AGL,CE,Federal Contract Tower,0,5,31,0,36,0,6,92,0,98,0,11,123,0,134,246,0,246,380
09/09/2020,ANE,MN,AGL,CE,Federal Contract Tower,0,6,39,0,45,0,2,42,0,44,0,8,81,0,89,62,0,62,151
09/10/2020,ANE,MN,AGL,CE,Federal Contract Tower,0,5,47,0,52,0,8,66,0,74,0,13,113,0,126,54,0,54,180
09/11/2020,ANE,MN,AGL,CE,Federal Contract Tower,0,9,37,0,46,0,2,80,0,82,0,11,117,0,128,116,0,116,244
09/12/2020,ANE,MN,AGL,CE,Federal Contract Tower,0,3,36,0,39,0,3,13,0,16,0,6,49,0,55,56,0,56,111
09/13/2020,ANE,MN,AGL,CE,Federal Contract Tower,0,7,13,0,20,0,8,87,0,95,0,15,100,0,115,116,0,116,231
09/14/2020,ANE,MN,AGL,CE,Federal Contract Tower,0,13,28,0,41,0,0,95,0,95,0,13,123,0,136,216,0,216,352
09/15/2020,ANE,MN,AGL,CE,Federal Contract Tower,0,5,19,0,24,0,4,39,0,43,0,9,58,0,67,122,0,122,189
09/16/2020,ANE,MN,AGL,CE,Federal Contract Tower,0,10,32,0,42,0,2,76,0,78,0,12,108,0,120,160,0,160,280
09/17/2020,ANE,MN,AGL,CE,Federal Contract Tower,0,8,25,0,33,0,2,128,0,130,0,10,153,0,163,162,0,162,325
09/18/2020,ANE,MN,AGL,CE,Federal Contract Tower,0,11,40,0,51,0,4,111,0,115,0,15,151,0,166,264,0,264,430
09/19/2020,ANE,MN,AGL,CE,Federal Contract Tower,0,3,23,0,26,0,11,102,0,113,0,14,125,0,139,152,0,152,291
09/20/2020,ANE,MN,AGL,CE,Federal Contract Tower,0,4,16,0,20,0,6,29,0,35,0,10,45,0,55,78,0,78,133
09/21/2020,ANE,MN,AGL,CE,Federal Contract Tower,0,9,42,0,51,0,0,63,0,63,0,9,105,0,114,112,0,112,226
09/22/2020,ANE,MN,AGL,CE,Federal Contract Tower,0,6,42,0,48,0,2,111,0,113,0,8,153,0,161,152,0,152,313
09/23/2020,ANE,MN,AGL,CE,Federal Contract Tower,0,7,26,0,33,0,7,68,0,75,0,14,94,0,108,130,0,130,238
09/24/2020,ANE,MN,AGL,CE,Federal Contract Tower,0,14,32,0,46,0,7,59,0,66,0,21,91,0,112,126,0,126,238
09/25/2020,ANE,MN,AGL,CE,Federal Contract Tower,0,14,35,0,49,0,15,86,0,101,0,29,121,0,150,138,0,138,288
09/26/2020,ANE,MN,AGL,CE,Federal Contract Tower,0,2,27,0,29,0,5,59,0,64,0,7,86,0,93,94,0,94,187
09/27/2020,ANE,MN,AGL,CE,Federal Contract Tower,0,2,15,0,17,0,0,51,0,51,0,2,66,0,68,54,0,54,122
09/28/2020,ANE,MN,AGL,CE,Federal Contract Tower,0,5,24,0,29,0,9,43,0,52,0,14,67,0,81,38,0,38,119
09/29/2020,ANE,MN,AGL,CE,Federal Contract Tower,0,11,29,0,40,0,3,88,0,91,0,14,117,0,131,222,0,222,353
09/30/2020,ANE,MN,AGL,CE,Federal Contract Tower,0,11,11,0,22,0,2,6,0,8,0,13,17,0,30,8,0,8,38
10/01/2020,ANE,MN,AGL,CE,Federal Contract Tower,0,9,32,0,41,0,0,34,0,34,0,9,66,0,75,116,0,116,191
10/02/2020,ANE,MN,AGL,CE,Federal Contract Tower,0,8,23,0,31,0,7,114,0,121,0,15,137,0,152,120,0,120,272
10/03/2020,ANE,MN,AGL,CE,Federal Contract Tower,0,2,20,0,22,0,3,71,0,74,0,5,91,0,96,62,0,62,158
10/04/2020,ANE,MN,AGL,CE,Federal Contract Tower,0,10,32,0,42,0,5,87,0,92,0,15,119,0,134,58,0,58,192
10/05/2020,ANE,MN,AGL,CE,Federal Contract Tower,0,4,13,0,17,0,7,12,0,19,0,11,25,0,36,6,0,6,42
10/06/2020,ANE,MN,AGL,CE,Federal Contract Tower,0,10,22,0,32,0,3,40,0,43,0,13,62,0,75,62,0,62,137
10/07/2020,ANE,MN,AGL,CE,Federal Contract Tower,0,11,51,0,62,0,2,92,0,94,0,13,143,0,156,74,0,74,230
10/08/2020,ANE,MN,AGL,CE,Federal Contract Tower,0,5,29,0,34,0,7,114,0,121,0,12,143,0,155,144,0,144,299
10/09/2020,ANE,MN,AGL,CE,Federal Contract Tower,0,7,20,0,27,0,7,85,0,92,0,14,105,0,119,158,0,158,277
10/10/2020,ANE,MN,AGL,CE,Federal Contract Tower,0,8,16,0,24,0,4,170,0,174,0,12,186,0,198,118,0,118,316
10/11/2020,ANE,MN,AGL,CE,Federal Contract Tower,0,4,13,0,17,0,0,25,0,25,0,4,38,0,42,14,0,14,56
10/12/2020,ANE,MN,AGL,CE,Federal Contract Tower,0,10,27,0,37,0,3,49,0,52,0,13,76,0,89,88,0,88,177
10/13/2020,ANE,MN,AGL,CE,Federal Contract Tower,0,4,26,0,30,0,3,41,0,44,0,7,67,0,74,64,0,64,138
10/14/2020,ANE,MN,AGL,CE,Federal Contract Tower,0,11,26,0,37,0,12,12,0,24,0,23,38,0,61,20,0,20,81
10/15/2020,ANE,MN,AGL,CE,Federal Contract Tower,0,6,15,3,24,0,2,76,0,78,0,8,91,3,102,106,0,106,208
10/16/2020,ANE,MN,AGL,CE,Federal Contract Tower,0,5,27,0,32,0,0,18,0,18,0,5,45,0,50,32,0,32,82
10/17/2020,ANE,MN,AGL,CE,Federal Contract Tower,0,5,17,0,22,0,0,56,0,56,0,5,73,0,78,88,0,88,166
10/18/2020,ANE,MN,AGL,CE,Federal Contract Tower,0,8,40,0,48,0,3,72,0,75,0,11,112,0,123,100,0,100,223
10/19/2020,ANE,MN,AGL,CE,Federal Contract Tower,0,4,5,0,9,0,0,6,0,6,0,4,11,0,15,58,0,58,73
10/20/2020,ANE,MN,AGL,CE,Federal Contract Tower,0,10,8,0,18,0,4,17,0,21,0,14,25,0,39,52,0,52,91
10/21/2020,ANE,MN,AGL,CE,Federal Contract Tower,0,5,47,0,52,0,2,43,0,45,0,7,90,0,97,122,0,122,219
10/22/2020,ANE,MN,AGL,CE,Federal Contract Tower,0,6,20,0,26,0,0,5,0,5,0,6,25,0,31,12,0,12,43
10/23/2020,ANE,MN,AGL,CE,Federal Contract Tower,0,4,11,0,15,0,1,16,0,17,0,5,27,0,32,54,0,54,86
10/24/2020,ANE,MN,AGL,CE,Federal Contract Tower,0,2,30,0,32,0,0,104,0,104,0,2,134,0,136,156,0,156,292
10/25/2020,ANE,MN,AGL,CE,Federal Contract Tower,0,2,7,0,9,0,0,0,0,0,0,2,7,0,9,0,0,0,9
10/26/2020,ANE,MN,AGL,CE,Federal Contract Tower,0,10,15,0,25,0,5,57,0,62,0,15,72,0,87,142,0,142,229
10/27/2020,ANE,MN,AGL,CE,Federal Contract Tower,0,12,18,0,30,0,3,62,0,65,0,15,80,0,95,68,0,68,163
10/28/2020,ANE,MN,AGL,CE,Federal Contract Tower,0,3,29,2,34,0,0,72,0,72,0,3,101,2,106,158,0,158,264
10/29/2020,ANE,MN,AGL,CE,Federal Contract Tower,0,7,28,0,35,0,3,93,0,96,0,10,121,0,131,176,6,182,313
10/30/2020,ANE,MN,AGL,CE,Federal Contract Tower,0,3,29,0,32,0,4,81,0,85,0,7,110,0,117,170,0,170,287
10/31/2020,ANE,MN,AGL,CE,Federal Contract Tower,0,7,13,0,20,0,12,37,0,49,0,19,50,0,69,20,0,20,89
11/01/2020,ANE,MN,AGL,CE,Federal Contract Tower,0,1,14,0,15,0,4,29,0,33,0,5,43,0,48,40,0,40,88
11/02/2020,ANE,MN,AGL,CE,Federal Contract Tower,0,3,17,0,20,0,6,65,0,71,0,9,82,0,91,168,0,168,259
11/03/2020,ANE,MN,AGL,CE,Federal Contract Tower,0,6,37,0,43,0,6,75,4,85,0,12,112,4,128,166,0,166,294
11/04/2020,ANE,MN,AGL,CE,Federal Contract Tower,0,60,27,0,87,0,7,61,0,68,0,67,88,0,155,80,14,94,249
11/05/2020,ANE,MN,AGL,CE,Federal Contract Tower,0,4,34,0,38,0,3,81,0,84,0,7,115,0,122,176,0,176,298
11/06/2020,ANE,MN,AGL,CE,Federal Contract Tower,0,3,31,0,34,0,6,66,0,72,0,9,97,0,106,106,24,130,236
11/07/2020,ANE,MN,AGL,CE,Federal Contract Tower,0,8,5,0,13,0,5,59,0,64,0,13,64,0,77,64,0,64,141
11/08/2020,ANE,MN,AGL,CE,Federal Contract Tower,0,5,5,0,10,0,0,19,0,19,0,5,24,0,29,14,0,14,43
11/09/2020,ANE,MN,AGL,CE,Federal Contract Tower,0,3,11,0,14,0,0,0,0,0,0,3,11,0,14,0,0,0,14
11/10/2020,ANE,MN,AGL,CE,Federal Contract Tower,0,2,8,0,10,0,10,0,0,10,0,12,8,0,20,10,0,10,30
11/11/2020,ANE,MN,AGL,CE,Federal Contract Tower,0,15,28,0,43,0,3,77,0,80,0,18,105,0,123,186,0,186,309
11/12/2020,ANE,MN,AGL,CE,Federal Contract Tower,0,7,14,0,21,0,2,24,0,26,0,9,38,0,47,86,0,86,133
11/13/2020,ANE,MN,AGL,CE,Federal Contract Tower,0,6,31,0,37,0,4,63,0,67,0,10,94,0,104,110,0,110,214
11/14/2020,ANE,MN,AGL,CE,Federal Contract Tower,0,9,5,0,14,0,0,26,0,26,0,9,31,0,40,6,0,6,46
11/15/2020,ANE,MN,AGL,CE,Federal Contract Tower,0,2,9,0,11,0,3,2,0,5,0,5,11,0,16,4,0,4,20
11/16/2020,ANE,MN,AGL,CE,Federal Contract Tower,0,5,17,0,22,0,0,34,0,34,0,5,51,0,56,92,0,92,148
11/17/2020,ANE,MN,AGL,CE,Federal Contract Tower,0,2,38,0,40,0,5,73,2,80,0,7,111,2,120,94,0,94,214
11/18/2020,ANE,MN,AGL,CE,Federal Contract Tower,0,6,24,0,30,0,4,25,0,29,0,10,49,0,59,10,0,10,69
11/19/2020,ANE,MN,AGL,CE,Federal Contract Tower,0,7,43,0,50,0,0,119,0,119,0,7,162,0,169,172,0,172,341
11/20/2020,ANE,MN,AGL,CE,Federal Contract Tower,0,6,33,0,39,0,6,54,0,60,0,12,87,0,99,86,0,86,185
11/21/2020,ANE,MN,AGL,CE,Federal Contract Tower,0,2,33,0,35,0,2,117,0,119,0,4,150,0,154,216,0,216,370
11/22/2020,ANE,MN,AGL,CE,Federal Contract Tower,0,5,22,0,27,0,10,10,0,20,0,15,32,0,47,52,0,52,99
11/23/2020,ANE,MN,AGL,CE,Federal Contract Tower,0,4,28,0,32,0,1,77,0,78,0,5,105,0,110,194,0,194,304
11/24/2020,ANE,MN,AGL,CE,Federal Contract Tower,0,14,9,0,23,0,0,0,0,0,0,14,9,0,23,0,0,0,23
11/25/2020,ANE,MN,AGL,CE,Federal Contract Tower,0,9,13,0,22,0,0,5,0,5,0,9,18,0,27,4,0,4,31
11/26/2020,ANE,MN,AGL,CE,Federal Contract Tower,0,0,3,0,3,0,8,5,0,13,0,8,8,0,16,0,0,0,16
11/27/2020,ANE,MN,AGL,CE,Federal Contract Tower,0,3,28,0,31,0,3,112,0,115,0,6,140,0,146,190,0,190,336
11/28/2020,ANE,MN,AGL,CE,Federal Contract Tower,0,3,39,0,42,0,4,157,0,161,0,7,196,0,203,160,0,160,363
11/29/2020,ANE,MN,AGL,CE,Federal Contract Tower,0,7,8,0,15,0,3,17,0,20,0,10,25,0,35,12,0,12,47
11/30/2020,ANE,MN,AGL,CE,Federal Contract Tower,0,9,18,0,27,0,4,71,0,75,0,13,89,0,102,134,0,134,236
12/01/2020,ANE,MN,AGL,CE,Federal Contract Tower,0,5,19,0,24,0,2,71,0,73,0,7,90,0,97,76,0,76,173
12/02/2020,ANE,MN,AGL,CE,Federal Contract Tower,0,11,39,0,50,0,4,72,0,76,0,15,111,0,126,140,0,140,266
12/03/2020,ANE,MN,AGL,CE,Federal Contract Tower,0,12,28,0,40,0,7,70,0,77,0,19,98,0,117,86,0,86,203
12/04/2020,ANE,MN,AGL,CE,Federal Contract Tower,0,12,27,0,39,0,1,105,0,106,0,13,132,0,145,190,0,190,335
12/05/2020,ANE,MN,AGL,CE,Federal Contract Tower,0,4,18,0,22,0,5,115,0,120,0,9,133,0,142,186,0,186,328
12/06/2020,ANE,MN,AGL,CE,Federal Contract Tower,0,5,16,0,21,0,1,19,0,20,0,6,35,0,41,86,0,86,127
12/07/2020,ANE,MN,AGL,CE,Federal Contract Tower,0,5,10,0,15,0,0,1,0,1,0,5,11,0,16,0,0,0,16
12/08/2020,ANE,MN,AGL,CE,Federal Contract Tower,0,5,25,0,30,0,3,32,0,35,0,8,57,0,65,44,8,52,117
12/09/2020,ANE,MN,AGL,CE,Federal Contract Tower,0,5,32,0,37,0,6,137,0,143,0,11,169,0,180,250,0,250,430
12/10/2020,ANE,MN,AGL,CE,Federal Contract Tower,0,5,29,1,35,0,2,82,0,84,0,7,111,1,119,150,2,152,271
12/11/2020,ANE,MN,AGL,CE,Federal Contract Tower,0,9,24,0,33,0,4,70,0,74,0,13,94,0,107,106,0,106,213
12/12/2020,ANE,MN,AGL,CE,Federal Contract Tower,0,3,17,0,20,0,3,30,0,33,0,6,47,0,53,100,0,100,153
12/13/2020,ANE,MN,AGL,CE,Federal Contract Tower,0,4,7,0,11,0,2,8,0,10,0,6,15,0,21,20,0,20,41
12/14/2020,ANE,MN,AGL,CE,Federal Contract Tower,0,7,22,0,29,0,4,49,0,53,0,11,71,0,82,44,0,44,126
12/15/2020,ANE,MN,AGL,CE,Federal Contract Tower,0,8,21,0,29,0,3,41,2,46,0,11,62,2,75,114,0,114,189
12/16/2020,ANE,MN,AGL,CE,Federal Contract Tower,0,7,43,2,52,0,0,71,2,73,0,7,114,4,125,152,4,156,281
12/17/2020,ANE,MN,AGL,CE,Federal Contract Tower,0,11,43,1,55,0,0,41,2,43,0,11,84,3,98,96,18,114,212
12/18/2020,ANE,MN,AGL,CE,Federal Contract Tower,0,9,16,0,25,0,0,25,0,25,0,9,41,0,50,50,0,50,100
12/19/2020,ANE,MN,AGL,CE,Federal Contract Tower,0,7,9,0,16,0,0,16,0,16,0,7,25,0,32,132,0,132,164
12/20/2020,ANE,MN,AGL,CE,Federal Contract Tower,0,1,20,0,21,0,2,125,0,127,0,3,145,0,148,104,0,104,252
12/21/2020,ANE,MN,AGL,CE,Federal Contract Tower,0,5,10,0,15,0,3,3,0,6,0,8,13,0,21,0,0,0,21
12/22/2020,ANE,MN,AGL,CE,Federal Contract Tower,0,9,37,0,46,0,0,71,4,75,0,9,108,4,121,108,0,108,229
12/23/2020,ANE,MN,AGL,CE,Federal Contract Tower,0,1,5,0,6,0,0,0,0,0,0,1,5,0,6,2,0,2,8
12/24/2020,ANE,MN,AGL,CE,Federal Contract Tower,0,7,5,0,12,0,5,2,0,7,0,12,7,0,19,0,0,0,19
12/25/2020,ANE,MN,AGL,CE,Federal Contract Tower,0,2,5,0,7,0,5,22,0,27,0,7,27,0,34,0,0,0,34
12/26/2020,ANE,MN,AGL,CE,Federal Contract Tower,0,3,11,0,14,0,0,2,0,2,0,3,13,0,16,12,0,12,28
12/27/2020,ANE,MN,AGL,CE,Federal Contract Tower,0,2,8,0,10,0,0,0,0,0,0,2,8,0,10,0,0,0,10
12/28/2020,ANE,MN,AGL,CE,Federal Contract Tower,0,7,15,0,22,0,5,53,0,58,0,12,68,0,80,138,0,138,218
12/29/2020,ANE,MN,AGL,CE,Federal Contract Tower,0,5,12,0,17,0,0,22,2,24,0,5,34,2,41,10,2,12,53
12/30/2020,ANE,MN,AGL,CE,Federal Contract Tower,0,5,5,0,10,0,4,8,0,12,0,9,13,0,22,8,0,8,30
12/31/2020,ANE,MN,AGL,CE,Federal Contract Tower,0,6,19,0,25,0,2,11,0,13,0,8,30,0,38,78,0,78,116
01/01/2021,ANE,MN,AGL,CE,Federal Contract Tower,0,3,6,0,9,0,0,40,0,40,0,3,46,0,49,210,0,210,259
01/02/2021,ANE,MN,AGL,CE,Federal Contract Tower,0,6,17,0,23,0,3,13,0,16,0,9,30,0,39,34,0,34,73
01/03/2021,ANE,MN,AGL,CE,Federal Contract Tower,0,1,40,0,41,0,0,102,0,102,0,1,142,0,143,150,0,150,293
01/04/2021,ANE,MN,AGL,CE,Federal Contract Tower,0,8,17,0,25,0,2,44,0,46,0,10,61,0,71,82,0,82,153
01/05/2021,ANE,MN,AGL,CE,Federal Contract Tower,0,14,21,0,35,0,0,67,0,67,0,14,88,0,102,84,10,94,196
01/06/2021,ANE,MN,AGL,CE,Federal Contract Tower,0,7,22,0,29,0,0,40,4,44,0,7,62,4,73,72,4,76,149
01/07/2021,ANE,MN,AGL,CE,Federal Contract Tower,0,8,3,0,11,0,0,0,0,0,0,8,3,0,11,0,0,0,11
01/08/2021,ANE,MN,AGL,CE,Federal Contract Tower,0,3,10,0,13,0,0,0,0,0,0,3,10,0,13,0,0,0,13
01/09/2021,ANE,MN,AGL,CE,Federal Contract Tower,0,6,4,0,10,0,0,0,0,0,0,6,4,0,10,0,0,0,10
01/10/2021,ANE,MN,AGL,CE,Federal Contract Tower,0,3,14,0,17,0,1,1,0,2,0,4,15,0,19,10,0,10,29
01/11/2021,ANE,MN,AGL,CE,Federal Contract Tower,0,3,27,0,30,0,3,75,0,78,0,6,102,0,108,84,0,84,192
01/12/2021,ANE,MN,AGL,CE,Federal Contract Tower,0,8,25,0,33,0,1,57,0,58,0,9,82,0,91,158,4,162,253
01/13/2021,ANE,MN,AGL,CE,Federal Contract Tower,0,7,40,0,47,0,1,106,0,107,0,8,146,0,154,256,2,258,412
01/14/2021,ANE,MN,AGL,CE,Federal Contract Tower,0,4,5,0,9,0,0,0,0,0,0,4,5,0,9,0,0,0,9
01/15/2021,ANE,MN,AGL,CE,Federal Contract Tower,0,4,3,0,7,0,0,0,0,0,0,4,3,0,7,0,0,0,7
01/16/2021,ANE,MN,AGL,CE,Federal Contract Tower,0,2,7,0,9,0,2,7,0,9,0,4,14,0,18,16,0,16,34
01/17/2021,ANE,MN,AGL,CE,Federal Contract Tower,0,1,12,0,13,0,0,2,0,2,0,1,14,0,15,24,0,24,39
01/18/2021,ANE,MN,AGL,CE,Federal Contract Tower,0,7,11,0,18,0,4,53,0,57,0,11,64,0,75,94,0,94,169
01/19/2021,ANE,MN,AGL,CE,Federal Contract Tower,0,4,29,0,33,0,4,31,2,37,0,8,60,2,70,24,0,24,94
01/20/2021,ANE,MN,AGL,CE,Federal Contract Tower,0,5,37,0,42,0,4,55,2,61,0,9,92,2,103,74,0,74,177
01/21/2021,ANE,MN,AGL,CE,Federal Contract Tower,0,6,34,0,40,0,2,43,0,45,0,8,77,0,85,126,12,138,223
01/22/2021,ANE,MN,AGL,CE,Federal Contract Tower,0,3,30,0,33,0,2,111,0,113,0,5,141,0,146,126,0,126,272
01/23/2021,ANE,MN,AGL,CE,Federal Contract Tower,0,3,3,0,6,0,0,25,0,25,0,3,28,0,31,78,0,78,109
01/24/2021,ANE,MN,AGL,CE,Federal Contract Tower,0,0,22,0,22,0,2,51,0,53,0,2,73,0,75,98,0,98,173
01/25/2021,ANE,MN,AGL,CE,Federal Contract Tower,0,5,20,0,25,0,0,45,2,47,0,5,65,2,72,128,0,128,200
01/26/2021,ANE,MN,AGL,CE,Federal Contract Tower,0,8,30,4,42,0,2,67,0,69,0,10,97,4,111,168,0,168,279
01/27/2021,ANE,MN,AGL,CE,Federal Contract Tower,0,5,30,0,35,0,2,69,2,73,0,7,99,2,108,112,6,118,226
01/28/2021,ANE,MN,AGL,CE,Federal Contract Tower,0,7,32,0,39,0,0,59,0,59,0,7,91,0,98,106,0,106,204
01/29/2021,ANE,MN,AGL,CE,Federal Contract Tower,0,8,6,0,14,0,0,17,0,17,0,8,23,0,31,44,0,44,75
01/30/2021,ANE,MN,AGL,CE,Federal Contract Tower,0,1,11,0,12,0,0,24,0,24,0,1,35,0,36,76,0,76,112
01/31/2021,ANE,MN,AGL,CE,Federal Contract Tower,0,7,12,0,19,0,6,19,0,25,0,13,31,0,44,24,0,24,68
02/01/2021,ANE,MN,AGL,CE,Federal Contract Tower,0,4,17,0,21,0,2,35,0,37,0,6,52,0,58,138,0,138,196
02/02/2021,ANE,MN,AGL,CE,Federal Contract Tower,0,10,17,0,27,0,0,11,0,11,0,10,28,0,38,22,0,22,60
02/03/2021,ANE,MN,AGL,CE,Federal Contract Tower,0,10,12,4,26,0,0,66,0,66,0,10,78,4,92,128,6,134,226
02/04/2021,ANE,MN,AGL,CE,Federal Contract Tower,0,2,9,0,11,0,0,0,0,0,0,2,9,0,11,0,0,0,11
02/05/2021,ANE,MN,AGL,CE,Federal Contract Tower,0,6,34,0,40,0,4,19,2,25,0,10,53,2,65,16,12,28,93
02/06/2021,ANE,MN,AGL,CE,Federal Contract Tower,0,5,14,0,19,0,2,15,0,17,0,7,29,0,36,6,0,6,42
02/07/2021,ANE,MN,AGL,CE,Federal Contract Tower,0,1,8,0,9,0,0,21,0,21,0,1,29,0,30,30,0,30,60
02/08/2021,ANE,MN,AGL,CE,Federal Contract Tower,0,4,18,0,22,0,7,32,0,39,0,11,50,0,61,34,0,34,95
02/09/2021,ANE,MN,AGL,CE,Federal Contract Tower,0,8,33,0,41,0,4,51,0,55,0,12,84,0,96,86,2,88,184
02/10/2021,ANE,MN,AGL,CE,Federal Contract Tower,0,4,27,0,31,0,1,46,0,47,0,5,73,0,78,82,0,82,160
02/11/2021,ANE,MN,AGL,CE,Federal Contract Tower,0,8,6,4,18,0,2,10,0,12,0,10,16,4,30,68,0,68,98
02/12/2021,ANE,MN,AGL,CE,Federal Contract Tower,0,4,22,0,26,0,5,29,0,34,0,9,51,0,60,82,0,82,142
02/13/2021,ANE,MN,AGL,CE,Federal Contract Tower,0,3,11,0,14,0,2,15,0,17,0,5,26,0,31,20,0,20,51
02/14/2021,ANE,MN,AGL,CE,Federal Contract Tower,0,4,4,0,8,0,2,2,0,4,0,6,6,0,12,0,0,0,12
02/15/2021,ANE,MN,AGL,CE,Federal Contract Tower,0,1,11,0,12,0,5,10,0,15,0,6,21,0,27,52,0,52,79
02/16/2021,ANE,MN,AGL,CE,Federal Contract Tower,0,8,32,0,40,0,5,57,0,62,0,13,89,0,102,130,0,130,232
02/17/2021,ANE,MN,AGL,CE,Federal Contract Tower,0,15,8,2,25,0,0,2,0,2,0,15,10,2,27,0,0,0,27
02/18/2021,ANE,MN,AGL,CE,Federal Contract Tower,0,6,18,0,24,0,3,21,2,26,0,9,39,2,50,96,14,110,160
02/19/2021,ANE,MN,AGL,CE,Federal Contract Tower,0,6,26,0,32,0,4,101,0,105,0,10,127,0,137,188,0,188,325
02/20/2021,ANE,MN,AGL,CE,Federal Contract Tower,0,5,21,0,26,0,2,106,0,108,0,7,127,0,134,118,0,118,252
02/21/2021,ANE,MN,AGL,CE,Federal Contract Tower,0,6,2,0,8,0,2,2,0,4,0,8,4,0,12,20,0,20,32
02/22/2021,ANE,MN,AGL,CE,Federal Contract Tower,0,4,29,0,33,0,0,43,0,43,0,4,72,0,76,72,0,72,148
02/23/2021,ANE,MN,AGL,CE,Federal Contract Tower,0,9,19,0,28,0,0,61,0,61,0,9,80,0,89,136,0,136,225
02/24/2021,ANE,MN,AGL,CE,Federal Contract Tower,0,9,33,0,42,0,8,70,0,78,0,17,103,0,120,150,2,152,272
02/25/2021,ANE,MN,AGL,CE,Federal Contract Tower,0,9,65,0,74,0,3,119,0,122,0,12,184,0,196,198,0,198,394
02/26/2021,ANE,MN,AGL,CE,Federal Contract Tower,0,3,21,0,24,0,0,14,0,14,0,3,35,0,38,4,8,12,50
02/27/2021,ANE,MN,AGL,CE,Federal Contract Tower,0,2,22,0,24,0,4,109,0,113,0,6,131,0,137,166,0,166,303
02/28/2021,ANE,MN,AGL,CE,Federal Contract Tower,0,5,5,0,10,0,0,13,0,13,0,5,18,0,23,10,0,10,33
03/01/2021,ANE,MN,AGL,CE,Federal Contract Tower,0,6,30,0,36,0,6,51,0,57,0,12,81,0,93,104,0,104,197
03/02/2021,ANE,MN,AGL,CE,Federal Contract Tower,0,5,20,0,25,0,6,37,0,43,0,11,57,0,68,70,0,70,138
03/03/2021,ANE,MN,AGL,CE,Federal Contract Tower,0,11,25,0,36,0,4,107,0,111,0,15,132,0,147,152,0,152,299
03/04/2021,ANE,MN,AGL,CE,Federal Contract Tower,0,7,29,0,36,0,5,63,0,68,0,12,92,0,104,110,0,110,214
03/05/2021,ANE,MN,AGL,CE,Federal Contract Tower,0,3,41,0,44,0,2,102,0,104,0,5,143,0,148,102,0,102,250
03/06/2021,ANE,MN,AGL,CE,Federal Contract Tower,0,5,20,0,25,0,0,136,0,136,0,5,156,0,161,158,0,158,319
03/07/2021,ANE,MN,AGL,CE,Federal Contract Tower,0,0,7,0,7,0,0,32,0,32,0,0,39,0,39,16,0,16,55
03/08/2021,ANE,MN,AGL,CE,Federal Contract Tower,0,13,27,0,40,0,4,81,0,85,0,17,108,0,125,234,0,234,359
03/09/2021,ANE,MN,AGL,CE,Federal Contract Tower,0,9,20,0,29,0,6,39,2,47,0,15,59,2,76,34,4,38,114
03/10/2021,ANE,MN,AGL,CE,Federal Contract Tower,0,8,19,0,27,0,0,0,0,0,0,8,19,0,27,0,0,0,27
03/11/2021,ANE,MN,AGL,CE,Federal Contract Tower,0,8,26,0,34,0,1,46,0,47,0,9,72,0,81,90,0,90,171
03/12/2021,ANE,MN,AGL,CE,Federal Contract Tower,0,5,25,0,30,0,0,90,0,90,0,5,115,0,120,130,0,130,250
03/13/2021,ANE,MN,AGL,CE,Federal Contract Tower,0,2,40,0,42,0,4,124,0,128,0,6,164,0,170,202,0,202,372
03/14/2021,ANE,MN,AGL,CE,Federal Contract Tower,0,3,23,0,26,0,4,57,0,61,0,7,80,0,87,74,0,74,161
03/15/2021,ANE,MN,AGL,CE,Federal Contract Tower,0,3,6,0,9,0,0,4,0,4,0,3,10,0,13,0,0,0,13
03/16/2021,ANE,MN,AGL,CE,Federal Contract Tower,0,8,10,0,18,0,2,20,0,22,0,10,30,0,40,82,0,82,122
03/17/2021,ANE,MN,AGL,CE,Federal Contract Tower,0,9,19,0,28,0,2,20,0,22,0,11,39,0,50,86,0,86,136
03/18/2021,ANE,MN,AGL,CE,Federal Contract Tower,0,8,36,0,44,0,4,58,0,62,0,12,94,0,106,112,0,112,218
03/19/2021,ANE,MN,AGL,CE,Federal Contract Tower,0,6,20,0,26,0,2,139,0,141,0,8,159,0,167,196,0,196,363
03/20/2021,ANE,MN,AGL,CE,Federal Contract Tower,0,2,26,0,28,0,3,58,0,61,0,5,84,0,89,66,0,66,155
03/21/2021,ANE,MN,AGL,CE,Federal Contract Tower,0,2,16,0,18,0,4,8,0,12,0,6,24,0,30,16,0,16,46
03/22/2021,ANE,MN,AGL,CE,Federal Contract Tower,0,15,23,0,38,0,4,91,0,95,0,19,114,0,133,132,0,132,265
03/23/2021,ANE,MN,AGL,CE,Federal Contract Tower,0,9,15,4,28,0,0,25,0,25,0,9,40,4,53,28,22,50,103
03/24/2021,ANE,MN,AGL,CE,Federal Contract Tower,0,8,4,0,12,0,2,2,0,4,0,10,6,0,16,0,0,0,16
03/25/2021,ANE,MN,AGL,CE,Federal Contract Tower,0,7,48,0,55,0,4,89,0,93,0,11,137,0,148,200,6,206,354
03/26/2021,ANE,MN,AGL,CE,Federal Contract Tower,0,4,28,0,32,0,3,69,0,72,0,7,97,0,104,178,0,178,282
03/27/2021,ANE,MN,AGL,CE,Federal Contract Tower,0,5,30,0,35,0,0,9,0,9,0,5,39,0,44,42,0,42,86
03/28/2021,ANE,MN,AGL,CE,Federal Contract Tower,0,2,14,0,16,0,11,105,0,116,0,13,119,0,132,126,0,126,258
03/29/2021,ANE,MN,AGL,CE,Federal Contract Tower,0,4,16,0,20,0,4,11,0,15,0,8,27,0,35,14,0,14,49
03/30/2021,ANE,MN,AGL,CE,Federal Contract Tower,0,5,19,0,24,0,0,17,0,17,0,5,36,0,41,4,0,4,45
03/31/2021,ANE,MN,AGL,CE,Federal Contract Tower,0,9,25,0,34,0,0,59,0,59,0,9,84,0,93,52,0,52,145
04/01/2021,ANE,MN,AGL,CE,Federal Contract Tower,0,22,52,0,74,0,0,181,0,181,0,22,233,0,255,194,0,194,449
04/02/2021,ANE,MN,AGL,CE,Federal Contract Tower,0,2,18,0,20,0,2,41,0,43,0,4,59,0,63,46,4,50,113
04/03/2021,ANE,MN,AGL,CE,Federal Contract Tower,0,5,22,0,27,0,4,128,0,132,0,9,150,0,159,136,0,136,295
04/04/2021,ANE,MN,AGL,CE,Federal Contract Tower,0,1,13,0,14,0,0,46,0,46,0,1,59,0,60,58,0,58,118
04/05/2021,ANE,MN,AGL,CE,Federal Contract Tower,0,4,41,0,45,0,2,89,0,91,0,6,130,0,136,130,0,130,266
04/06/2021,ANE,MN,AGL,CE,Federal Contract Tower,0,13,21,2,36,0,3,62,0,65,0,16,83,2,101,142,0,142,243
04/07/2021,ANE,MN,AGL,CE,Federal Contract Tower,0,8,24,0,32,0,1,10,0,11,0,9,34,0,43,26,0,26,69
04/08/2021,ANE,MN,AGL,CE,Federal Contract Tower,0,9,25,0,34,0,0,3,0,3,0,9,28,0,37,4,0,4,41
04/09/2021,ANE,MN,AGL,CE,Federal Contract Tower,0,5,27,0,32,0,0,0,0,0,0,5,27,0,32,2,0,2,34
04/10/2021,ANE,MN,AGL,CE,Federal Contract Tower,0,4,20,0,24,0,5,57,0,62,0,9,77,0,86,228,0,228,314
04/11/2021,ANE,MN,AGL,CE,Federal Contract Tower,0,3,15,0,18,0,4,40,0,44,0,7,55,0,62,186,0,186,248
04/12/2021,ANE,MN,AGL,CE,Federal Contract Tower,0,4,20,0,24,0,0,2,0,2,0,4,22,0,26,24,0,24,50
04/13/2021,ANE,MN,AGL,CE,Federal Contract Tower,0,0,5,2,7,0,0,6,0,6,0,0,11,2,13,20,4,24,37
04/14/2021,ANE,MN,AGL,CE,Federal Contract Tower,0,6,10,0,16,0,2,11,0,13,0,8,21,0,29,46,0,46,75
04/15/2021,ANE,MN,AGL,CE,Federal Contract Tower,0,5,25,0,30,0,4,60,0,64,0,9,85,0,94,178,8,186,280
04/16/2021,ANE,MN,AGL,CE,Federal Contract Tower,0,9,33,0,42,0,8,117,2,127,0,17,150,2,169,128,0,128,297
04/17/2021,ANE,MN,AGL,CE,Federal Contract Tower,0,2,23,0,25,0,6,139,2,147,0,8,162,2,172,222,0,222,394
04/18/2021,ANE,MN,AGL,CE,Federal Contract Tower,0,4,18,0,22,0,1,71,0,72,0,5,89,0,94,134,0,134,228
04/19/2021,ANE,MN,AGL,CE,Federal Contract Tower,0,6,13,0,19,0,3,34,0,37,0,9,47,0,56,110,0,110,166
04/20/2021,ANE,MN,AGL,CE,Federal Contract Tower,0,8,37,0,45,0,3,79,0,82,0,11,116,0,127,196,8,204,331
04/21/2021,ANE,MN,AGL,CE,Federal Contract Tower,0,12,31,0,43,0,5,68,0,73,0,17,99,0,116,104,0,104,220
04/22/2021,ANE,MN,AGL,CE,Federal Contract Tower,0,7,20,0,27,0,6,95,2,103,0,13,115,2,130,202,8,210,340
04/23/2021,ANE,MN,AGL,CE,Federal Contract Tower,0,5,24,0,29,0,0,33,0,33,0,5,57,0,62,130,0,130,192
04/24/2021,ANE,MN,AGL,CE,Federal Contract Tower,0,3,28,0,31,0,0,78,0,78,0,3,106,0,109,76,0,76,185
04/25/2021,ANE,MN,AGL,CE,Federal Contract Tower,0,3,19,0,22,0,0,62,0,62,0,3,81,0,84,106,0,106,190
04/26/2021,ANE,MN,AGL,CE,Federal Contract Tower,0,8,5,0,13,0,2,30,0,32,0,10,35,0,45,104,0,104,149
04/27/2021,ANE,MN,AGL,CE,Federal Contract Tower,0,7,32,1,40,0,0,12,0,12,0,7,44,1,52,60,0,60,112
04/28/2021,ANE,MN,AGL,CE,Federal Contract Tower,0,11,29,0,40,0,6,114,0,120,0,17,143,0,160,182,0,182,342
04/29/2021,ANE,MN,AGL,CE,Federal Contract Tower,0,13,10,0,23,0,0,45,0,45,0,13,55,0,68,104,0,104,172
04/30/2021,ANE,MN,AGL,CE,Federal Contract Tower,0,4,37,0,41,0,5,134,0,139,0,9,171,0,180,218,0,218,398
05/01/2021,ANE,MN,AGL,CE,Federal Contract Tower,0,7,15,0,22,0,7,91,0,98,0,14,106,0,120,94,0,94,214
05/02/2021,ANE,MN,AGL,CE,Federal Contract Tower,0,6,12,0,18,0,6,41,0,47,0,12,53,0,65,42,0,42,107
05/03/2021,ANE,MN,AGL,CE,Federal Contract Tower,0,4,14,1,19,0,6,64,0,70,0,10,78,1,89,66,12,78,167
05/04/2021,ANE,MN,AGL,CE,Federal Contract Tower,0,11,21,0,32,0,4,92,2,98,0,15,113,2,130,156,0,156,286
05/05/2021,ANE,MN,AGL,CE,Federal Contract Tower,0,10,20,0,30,0,0,66,0,66,0,10,86,0,96,226,0,226,322
05/06/2021,ANE,MN,AGL,CE,Federal Contract Tower,0,13,51,1,65,0,5,76,2,83,0,18,127,3,148,138,18,156,304
05/07/2021,ANE,MN,AGL,CE,Federal Contract Tower,0,3,35,0,38,0,2,93,0,95,0,5,128,0,133,196,0,196,329
05/08/2021,ANE,MN,AGL,CE,Federal Contract Tower,0,7,21,0,28,0,5,134,0,139,0,12,155,0,167,116,0,116,283
05/09/2021,ANE,MN,AGL,CE,Federal Contract Tower,0,4,22,0,26,0,3,65,0,68,0,7,87,0,94,88,0,88,182
05/10/2021,ANE,MN,AGL,CE,Federal Contract Tower,0,7,26,0,33,0,3,72,0,75,0,10,98,0,108,164,0,164,272
05/11/2021,ANE,MN,AGL,CE,Federal Contract Tower,0,8,21,0,29,0,5,112,2,119,0,13,133,2,148,152,6,158,306
05/12/2021,ANE,MN,AGL,CE,Federal Contract Tower,0,5,45,0,50,0,3,95,0,98,0,8,140,0,148,174,2,176,324
05/13/2021,ANE,MN,AGL,CE,Federal Contract Tower,0,9,21,0,30,0,2,107,0,109,0,11,128,0,139,152,0,152,291
05/14/2021,ANE,MN,AGL,CE,Federal Contract Tower,0,7,27,0,34,0,5,74,0,79,0,12,101,0,113,140,0,140,253
05/15/2021,ANE,MN,AGL,CE,Federal Contract Tower,0,4,18,0,22,0,6,114,0,120,0,10,132,0,142,130,0,130,272
05/16/2021,ANE,MN,AGL,CE,Federal Contract Tower,0,1,26,0,27,0,0,55,0,55,0,1,81,0,82,92,0,92,174
05/17/2021,ANE,MN,AGL,CE,Federal Contract Tower,0,8,30,0,38,0,9,125,2,136,0,17,155,2,174,236,2,238,412
05/18/2021,ANE,MN,AGL,CE,Federal Contract Tower,0,8,23,1,32,0,1,40,0,41,0,9,63,1,73,74,0,74,147
05/19/2021,ANE,MN,AGL,CE,Federal Contract Tower,0,6,37,1,44,0,4,22,1,27,0,10,59,2,71,62,0,62,133
05/20/2021,ANE,MN,AGL,CE,Federal Contract Tower,0,14,32,2,48,0,0,8,0,8,0,14,40,2,56,80,0,80,136
05/21/2021,ANE,MN,AGL,CE,Federal Contract Tower,0,8,48,0,56,0,6,53,0,59,0,14,101,0,115,74,0,74,189
05/22/2021,ANE,MN,AGL,CE,Federal Contract Tower,0,4,23,0,27,0,3,116,10,129,0,7,139,10,156,272,24,296,452
05/23/2021,ANE,MN,AGL,CE,Federal Contract Tower,0,3,29,0,32,0,2,44,0,46,0,5,73,0,78,148,0,148,226
05/24/2021,ANE,MN,AGL,CE,Federal Contract Tower,0,9,37,0,46,0,0,40,0,40,0,9,77,0,86,130,0,130,216
05/25/2021,ANE,MN,AGL,CE,Federal Contract Tower,0,5,34,2,41,0,7,25,1,33,0,12,59,3,74,130,0,130,204
05/26/2021,ANE,MN,AGL,CE,Federal Contract Tower,0,6,29,2,37,0,9,120,1,130,0,15,149,3,167,162,0,162,329
05/27/2021,ANE,MN,AGL,CE,Federal Contract Tower,0,14,16,2,32,0,4,8,0,12,0,18,24,2,44,16,0,16,60
05/28/2021,ANE,MN,AGL,CE,Federal Contract Tower,0,3,41,0,44,0,2,120,0,122,0,5,161,0,166,274,0,274,440
05/29/2021,ANE,MN,AGL,CE,Federal Contract Tower,0,5,23,0,28,0,2,99,0,101,0,7,122,0,129,106,0,106,235
05/30/2021,ANE,MN,AGL,CE,Federal Contract Tower,0,7,13,0,20,0,2,15,0,17,0,9,28,0,37,10,0,10,47
05/31/2021,ANE,MN,AGL,CE,Federal Contract Tower,0,0,14,0,14,0,3,92,0,95,0,3,106,0,109,134,0,134,243
06/01/2021,ANE,MN,AGL,CE,Federal Contract Tower,0,8,22,0,30,0,10,109,0,119,0,18,131,0,149,250,0,250,399
06/02/2021,ANE,MN,AGL,CE,Federal Contract Tower,0,7,25,0,32,0,1,95,2,98,0,8,120,2,130,214,6,220,350
06/03/2021,ANE,MN,AGL,CE,Federal Contract Tower,0,9,28,4,41,0,8,97,0,105,0,17,125,4,146,156,0,156,302
06/04/2021,ANE,MN,AGL,CE,Federal Contract Tower,0,1,29,2,32,0,4,56,1,61,0,5,85,3,93,76,0,76,169
06/05/2021,ANE,MN,AGL,CE,Federal Contract Tower,0,3,9,0,12,0,7,67,0,74,0,10,76,0,86,44,0,44,130
06/06/2021,ANE,MN,AGL,CE,Federal Contract Tower,0,3,9,0,12,0,5,36,0,41,0,8,45,0,53,28,0,28,81
06/07/2021,ANE,MN,AGL,CE,Federal Contract Tower,0,9,24,2,35,0,8,63,0,71,0,17,87,2,106,112,2,114,220
06/08/2021,ANE,MN,AGL,CE,Federal Contract Tower,0,10,32,0,42,0,5,70,2,77,0,15,102,2,119,96,2,98,217
06/09/2021,ANE,MN,AGL,CE,Federal Contract Tower,0,6,18,0,24,0,2,84,0,86,0,8,102,0,110,140,0,140,250
06/10/2021,ANE,MN,AGL,CE,Federal Contract Tower,0,5,33,0,38,0,3,62,2,67,0,8,95,2,105,168,0,168,273
06/11/2021,ANE,MN,AGL,CE,Federal Contract Tower,0,5,25,0,30,0,5,54,0,59,0,10,79,0,89,104,0,104,193
06/12/2021,ANE,MN,AGL,CE,Federal Contract Tower,0,5,15,0,20,0,6,138,0,144,0,11,153,0,164,124,0,124,288
06/13/2021,ANE,MN,AGL,CE,Federal Contract Tower,0,4,17,0,21,0,7,81,0,88,0,11,98,0,109,50,0,50,159
06/14/2021,ANE,MN,AGL,CE,Federal Contract Tower,0,10,20,0,30,0,8,83,0,91,0,18,103,0,121,156,0,156,277
06/15/2021,ANE,MN,AGL,CE,Federal Contract Tower,0,5,37,0,42,0,5,113,0,118,0,10,150,0,160,224,0,224,384
06/16/2021,ANE,MN,AGL,CE,Federal Contract Tower,0,6,23,0,29,0,2,102,0,104,0,8,125,0,133,216,0,216,349
06/17/2021,ANE,MN,AGL,CE,Federal Contract Tower,0,6,31,0,37,0,5,99,0,104,0,11,130,0,141,182,0,182,323
06/18/2021,ANE,MN,AGL,CE,Federal Contract Tower,0,18,22,0,40,0,0,100,0,100,0,18,122,0,140,164,0,164,304
06/19/2021,ANE,MN,AGL,CE,Federal Contract Tower,0,4,16,0,20,0,7,136,0,143,0,11,152,0,163,102,0,102,265
06/20/2021,ANE,MN,AGL,CE,Federal Contract Tower,0,4,7,0,11,0,1,25,0,26,0,5,32,0,37,32,0,32,69
06/21/2021,ANE,MN,AGL,CE,Federal Contract Tower,0,8,35,0,43,0,6,91,0,97,0,14,126,0,140,112,0,112,252
06/22/2021,ANE,MN,AGL,CE,Federal Contract Tower,0,11,28,0,39,0,3,148,0,151,0,14,176,0,190,238,0,238,428
06/23/2021,ANE,MN,AGL,CE,Federal Contract Tower,0,14,36,0,50,0,6,98,0,104,0,20,134,0,154,160,0,160,314
06/24/2021,ANE,MN,AGL,CE,Federal Contract Tower,0,10,33,0,43,0,6,97,0,103,0,16,130,0,146,168,0,168,314
06/25/2021,ANE,MN,AGL,CE,Federal Contract Tower,0,10,28,0,38,0,5,146,0,151,0,15,174,0,189,310,0,310,499
06/26/2021,ANE,MN,AGL,CE,Federal Contract Tower,0,5,20,0,25,0,5,57,0,62,0,10,77,0,87,252,0,252,339
06/27/2021,ANE,MN,AGL,CE,Federal Contract Tower,0,9,31,0,40,0,3,62,0,65,0,12,93,0,105,100,0,100,205
06/28/2021,ANE,MN,AGL,CE,Federal Contract Tower,0,9,21,0,30,0,0,40,0,40,0,9,61,0,70,122,0,122,192
06/29/2021,ANE,MN,AGL,CE,Federal Contract Tower,0,10,29,0,39,0,5,77,0,82,0,15,106,0,121,192,0,192,313
06/30/2021,ANE,MN,AGL,CE,Federal Contract Tower,0,6,34,0,40,0,4,118,0,122,0,10,152,0,162,252,0,252,414
07/01/2021,ANE,MN,AGL,CE,Federal Contract Tower,0,13,47,0,60,0,3,106,0,109,0,16,153,0,169,230,0,230,399
07/02/2021,ANE,MN,AGL,CE,Federal Contract Tower,0,7,23,0,30,0,2,94,0,96,0,9,117,0,126,150,0,150,276
07/03/2021,ANE,MN,AGL,CE,Federal Contract Tower,0,7,14,0,21,0,5,88,0,93,0,12,102,0,114,112,0,112,226
07/04/2021,ANE,MN,AGL,CE,Federal Contract Tower,0,5,1,0,6,0,7,27,0,34,0,12,28,0,40,28,0,28,68
07/05/2021,ANE,MN,AGL,CE,Federal Contract Tower,0,6,22,0,28,0,5,64,0,69,0,11,86,0,97,72,0,72,169
07/06/2021,ANE,MN,AGL,CE,Federal Contract Tower,0,9,27,0,36,0,2,29,0,31,0,11,56,0,67,56,0,56,123
07/07/2021,ANE,MN,AGL,CE,Federal Contract Tower,0,16,21,0,37,0,5,52,0,57,0,21,73,0,94,148,0,148,242
07/08/2021,ANE,MN,AGL,CE,Federal Contract Tower,0,13,41,0,54,0,0,127,17,144,0,13,168,17,198,262,14,276,474
07/09/2021,ANE,MN,AGL,CE,Federal Contract Tower,0,6,30,0,36,0,13,117,0,130,0,19,147,0,166,94,0,94,260
07/10/2021,ANE,MN,AGL,CE,Federal Contract Tower,0,5,18,0,23,0,7,181,0,188,0,12,199,0,211,154,0,154,365
07/11/2021,ANE,MN,AGL,CE,Federal Contract Tower,0,5,34,0,39,0,8,114,0,122,0,13,148,0,161,80,0,80,241
07/12/2021,ANE,MN,AGL,CE,Federal Contract Tower,0,10,26,0,36,0,4,67,0,71,0,14,93,0,107,126,0,126,233
07/13/2021,ANE,MN,AGL,CE,Federal Contract Tower,0,11,39,0,50,0,0,78,0,78,0,11,117,0,128,216,2,218,346
07/14/2021,ANE,MN,AGL,CE,Federal Contract Tower,0,6,24,0,30,0,2,34,0,36,0,8,58,0,66,172,8,180,246
07/15/2021,ANE,MN,AGL,CE,Federal Contract Tower,0,10,49,0,59,0,7,136,0,143,0,17,185,0,202,278,22,300,502
07/16/2021,ANE,MN,AGL,CE,Federal Contract Tower,0,7,44,0,51,0,3,143,0,146,0,10,187,0,197,146,0,146,343
07/17/2021,ANE,MN,AGL,CE,Federal Contract Tower,0,4,25,0,29,0,3,91,0,94,0,7,116,0,123,112,0,112,235
07/18/2021,ANE,MN,AGL,CE,Federal Contract Tower,0,2,34,0,36,0,11,79,0,90,0,13,113,0,126,82,0,82,208
07/19/2021,ANE,MN,AGL,CE,Federal Contract Tower,0,15,36,0,51,0,3,74,0,77,0,18,110,0,128,124,0,124,252
07/20/2021,ANE,MN,AGL,CE,Federal Contract Tower,0,10,34,0,44,0,2,85,0,87,0,12,119,0,131,210,0,210,341
07/21/2021,ANE,MN,AGL,CE,Federal Contract Tower,0,11,50,4,65,0,9,124,2,135,0,20,174,6,200,288,0,288,488
07/22/2021,ANE,MN,AGL,CE,Federal Contract Tower,0,6,37,0,43,0,2,57,0,59,0,8,94,0,102,166,0,166,268
07/23/2021,ANE,MN,AGL,CE,Federal Contract Tower,0,7,50,0,57,0,3,128,0,131,0,10,178,0,188,224,4,228,416
07/24/2021,ANE,MN,AGL,CE,Federal Contract Tower,0,1,12,0,13,0,13,91,0,104,0,14,103,0,117,142,0,142,259
07/25/2021,ANE,MN,AGL,CE,Federal Contract Tower,0,23,18,0,41,0,8,92,0,100,0,31,110,0,141,122,0,122,263
07/26/2021,ANE,MN,AGL,CE,Federal Contract Tower,0,8,31,0,39,0,3,82,0,85,0,11,113,0,124,172,0,172,296
07/27/2021,ANE,MN,AGL,CE,Federal Contract Tower,0,14,33,0,47,0,6,80,0,86,0,20,113,0,133,94,0,94,227
07/28/2021,ANE,MN,AGL,CE,Federal Contract Tower,0,4,20,0,24,0,2,33,0,35,0,6,53,0,59,28,0,28,87
07/29/2021,ANE,MN,AGL,CE,Federal Contract Tower,0,8,58,0,66,0,0,30,0,30,0,8,88,0,96,78,0,78,174
07/30/2021,ANE,MN,AGL,CE,Federal Contract Tower,0,5,36,0,41,0,7,66,0,73,0,12,102,0,114,140,0,140,254
07/31/2021,ANE,MN,AGL,CE,Federal Contract Tower,0,3,25,0,28,0,0,47,0,47,0,3,72,0,75,30,0,30,105
08/01/2021,ANE,MN,AGL,CE,Federal Contract Tower,0,3,54,0,57,0,9,74,0,83,0,12,128,0,140,76,0,76,216
08/02/2021,ANE,MN,AGL,CE,Federal Contract Tower,0,4,37,0,41,0,6,91,0,97,0,10,128,0,138,164,0,164,302
08/03/2021,ANE,MN,AGL,CE,Federal Contract Tower,0,10,39,0,49,0,6,84,0,90,0,16,123,0,139,144,2,146,285
08/04/2021,ANE,MN,AGL,CE,Federal Contract Tower,0,4,18,0,22,0,2,69,2,73,0,6,87,2,95,106,0,106,201
08/05/2021,ANE,MN,AGL,CE,Federal Contract Tower,0,5,28,0,33,0,2,56,0,58,0,7,84,0,91,128,20,148,239
08/06/2021,ANE,MN,AGL,CE,Federal Contract Tower,0,7,28,0,35,0,2,129,0,131,0,9,157,0,166,266,0,266,432
08/07/2021,ANE,MN,AGL,CE,Federal Contract Tower,0,5,11,0,16,0,3,6,0,9,0,8,17,0,25,8,0,8,33
08/08/2021,ANE,MN,AGL,CE,Federal Contract Tower,0,5,20,0,25,0,0,35,0,35,0,5,55,0,60,40,0,40,100
08/09/2021,ANE,MN,AGL,CE,Federal Contract Tower,0,10,38,0,48,0,7,80,0,87,0,17,118,0,135,74,0,74,209
08/10/2021,ANE,MN,AGL,CE,Federal Contract Tower,0,13,25,0,38,0,6,89,0,95,0,19,114,0,133,166,0,166,299
08/11/2021,ANE,MN,AGL,CE,Federal Contract Tower,0,18,39,0,57,0,5,85,0,90,0,23,124,0,147,96,0,96,243
08/12/2021,ANE,MN,AGL,CE,Federal Contract Tower,0,8,59,0,67,0,1,91,2,94,0,9,150,2,161,120,4,124,285
08/13/2021,ANE,MN,AGL,CE,Federal Contract Tower,0,7,27,0,34,0,5,108,0,113,0,12,135,0,147,128,0,128,275
08/14/2021,ANE,MN,AGL,CE,Federal Contract Tower,0,8,17,0,25,0,4,212,0,216,0,12,229,0,241,96,0,96,337
08/15/2021,ANE,MN,AGL,CE,Federal Contract Tower,0,2,13,0,15,0,4,66,0,70,0,6,79,0,85,60,0,60,145
08/16/2021,ANE,MN,AGL,CE,Federal Contract Tower,0,6,21,0,27,0,4,86,0,90,0,10,107,0,117,94,0,94,211
08/17/2021,ANE,MN,AGL,CE,Federal Contract Tower,0,7,25,0,32,0,7,79,0,86,0,14,104,0,118,206,0,206,324
08/18/2021,ANE,MN,AGL,CE,Federal Contract Tower,0,10,31,0,41,0,10,117,2,129,0,20,148,2,170,198,0,198,368
08/19/2021,ANE,MN,AGL,CE,Federal Contract Tower,0,8,41,0,49,0,4,120,0,124,0,12,161,0,173,180,2,182,355
08/20/2021,ANE,MN,AGL,CE,Federal Contract Tower,0,12,24,0,36,0,4,58,0,62,0,16,82,0,98,54,0,54,152
08/21/2021,ANE,MN,AGL,CE,Federal Contract Tower,0,5,39,0,44,0,11,66,0,77,0,16,105,0,121,46,0,46,167
08/22/2021,ANE,MN,AGL,CE,Federal Contract Tower,0,9,39,0,48,0,8,81,0,89,0,17,120,0,137,76,0,76,213
08/23/2021,ANE,MN,AGL,CE,Federal Contract Tower,0,12,36,0,48,0,4,83,0,87,0,16,119,0,135,98,0,98,233
08/24/2021,ANE,MN,AGL,CE,Federal Contract Tower,0,14,32,0,46,0,9,48,0,57,0,23,80,0,103,100,0,100,203
08/25/2021,ANE,MN,AGL,CE,Federal Contract Tower,0,4,39,0,43,0,4,98,0,102,0,8,137,0,145,208,0,208,353
08/26/2021,ANE,MN,AGL,CE,Federal Contract Tower,0,7,15,0,22,0,2,50,0,52,0,9,65,0,74,80,0,80,154
08/27/2021,ANE,MN,AGL,CE,Federal Contract Tower,0,10,19,0,29,0,0,13,0,13,0,10,32,0,42,30,0,30,72
08/28/2021,ANE,MN,AGL,CE,Federal Contract Tower,0,6,10,0,16,0,5,20,0,25,0,11,30,0,41,86,0,86,127
08/29/2021,ANE,MN,AGL,CE,Federal Contract Tower,0,7,22,0,29,0,6,71,0,77,0,13,93,0,106,76,0,76,182
08/30/2021,ANE,MN,AGL,CE,Federal Contract Tower,0,7,47,0,54,0,7,147,0,154,0,14,194,0,208,142,0,142,350
08/31/2021,ANE,MN,AGL,CE,Federal Contract Tower,0,11,25,0,36,0,12,129,0,141,0,23,154,0,177,220,2,222,399
09/01/2021,ANE,MN,AGL,CE,Federal Contract Tower,0,5,26,0,31,0,13,112,0,125,0,18,138,0,156,190,0,190,346
09/02/2021,ANE,MN,AGL,CE,Federal Contract Tower,0,7,39,0,46,0,3,50,0,53,0,10,89,0,99,144,0,144,243
09/03/2021,ANE,MN,AGL,CE,Federal Contract Tower,0,16,38,0,54,0,0,0,0,0,0,16,38,0,54,0,0,0,54
09/04/2021,ANE,MN,AGL,CE,Federal Contract Tower,0,15,35,0,50,0,3,115,0,118,0,18,150,0,168,132,0,132,300
09/05/2021,ANE,MN,AGL,CE,Federal Contract Tower,0,11,14,0,25,0,0,89,0,89,0,11,103,0,114,142,0,142,256
09/06/2021,ANE,MN,AGL,CE,Federal Contract Tower,0,4,33,0,37,0,8,113,0,121,0,12,146,0,158,180,0,180,338
09/07/2021,ANE,MN,AGL,CE,Federal Contract Tower,0,8,28,0,36,0,6,35,0,41,0,14,63,0,77,28,0,28,105
09/08/2021,ANE,MN,AGL,CE,Federal Contract Tower,0,6,41,0,47,0,5,38,2,45,0,11,79,2,92,80,4,84,176
09/09/2021,ANE,MN,AGL,CE,Federal Contract Tower,0,5,41,0,46,0,1,117,0,118,0,6,158,0,164,194,2,196,360
09/10/2021,ANE,MN,AGL,CE,Federal Contract Tower,0,5,41,0,46,0,5,120,0,125,0,10,161,0,171,212,0,212,383
09/11/2021,ANE,MN,AGL,CE,Federal Contract Tower,0,6,18,0,24,0,7,165,0,172,0,13,183,0,196,106,0,106,302
09/12/2021,ANE,MN,AGL,CE,Federal Contract Tower,0,4,20,0,24,0,3,67,0,70,0,7,87,0,94,76,0,76,170
09/13/2021,ANE,MN,AGL,CE,Federal Contract Tower,0,9,30,0,39,0,5,49,0,54,0,14,79,0,93,40,0,40,133
09/14/2021,ANE,MN,AGL,CE,Federal Contract Tower,0,10,40,0,50,0,4,57,0,61,0,14,97,0,111,120,8,128,239
09/15/2021,ANE,MN,AGL,CE,Federal Contract Tower,0,10,43,0,53,0,6,130,0,136,0,16,173,0,189,148,0,148,337
09/16/2021,ANE,MN,AGL,CE,Federal Contract Tower,0,9,21,0,30,0,1,26,0,27,0,10,47,0,57,10,0,10,67
09/17/2021,ANE,MN,AGL,CE,Federal Contract Tower,0,16,36,0,52,0,8,87,0,95,0,24,123,0,147,106,0,106,253
09/18/2021,ANE,MN,AGL,CE,Federal Contract Tower,0,2,29,0,31,0,14,97,0,111,0,16,126,0,142,86,0,86,228
09/19/2021,ANE,MN,AGL,CE,Federal Contract Tower,0,2,16,0,18,0,10,31,0,41,0,12,47,0,59,6,0,6,65
09/20/2021,ANE,MN,AGL,CE,Federal Contract Tower,0,9,5,0,14,0,4,1,0,5,0,13,6,0,19,10,0,10,29
09/21/2021,ANE,MN,AGL,CE,Federal Contract Tower,0,11,50,0,61,0,14,67,0,81,0,25,117,0,142,96,0,96,238
09/22/2021,ANE,MN,AGL,CE,Federal Contract Tower,0,8,45,0,53,0,3,122,2,127,0,11,167,2,180,174,0,174,354
09/23/2021,ANE,MN,AGL,CE,Federal Contract Tower,0,7,36,0,43,0,14,104,0,118,0,21,140,0,161,166,0,166,327
09/24/2021,ANE,MN,AGL,CE,Federal Contract Tower,0,8,31,0,39,0,3,38,0,41,0,11,69,0,80,54,0,54,134
09/25/2021,ANE,MN,AGL,CE,Federal Contract Tower,0,5,13,0,18,0,12,81,0,93,0,17,94,0,111,22,0,22,133
09/26/2021,ANE,MN,AGL,CE,Federal Contract Tower,0,6,20,0,26,0,10,88,0,98,0,16,108,0,124,52,0,52,176
09/27/2021,ANE,MN,AGL,CE,Federal Contract Tower,0,8,22,0,30,0,5,95,0,100,0,13,117,0,130,104,0,104,234
09/28/2021,ANE,MN,AGL,CE,Federal Contract Tower,0,19,41,0,60,0,4,124,1,129,0,23,165,1,189,114,2,116,305
09/29/2021,ANE,MN,AGL,CE,Federal Contract Tower,0,13,21,0,34,0,4,89,0,93,0,17,110,0,127,126,0,126,253
09/30/2021,ANE,MN,AGL,CE,Federal Contract Tower,0,8,26,0,34,0,5,73,0,78,0,13,99,0,112,86,0,86,198
10/01/2021,ANE,MN,AGL,CE,Federal Contract Tower,0,9,30,0,39,0,4,60,0,64,0,13,90,0,103,56,0,56,159
10/02/2021,ANE,MN,AGL,CE,Federal Contract Tower,0,6,27,0,33,0,0,5,0,5,0,6,32,0,38,0,0,0,38
10/03/2021,ANE,MN,AGL,CE,Federal Contract Tower,0,5,34,0,39,0,6,35,0,41,0,11,69,0,80,72,0,72,152
10/04/2021,ANE,MN,AGL,CE,Federal Contract Tower,0,9,26,0,35,0,4,66,0,70,0,13,92,0,105,138,0,138,243
10/05/2021,ANE,MN,AGL,CE,Federal Contract Tower,0,11,44,0,55,0,7,83,2,92,0,18,127,2,147,102,0,102,249
10/06/2021,ANE,MN,AGL,CE,Federal Contract Tower,0,3,19,1,23,0,7,81,0,88,0,10,100,1,111,158,2,160,271
10/07/2021,ANE,MN,AGL,CE,Federal Contract Tower,0,4,36,2,42,0,6,44,0,50,0,10,80,2,92,96,8,104,196
10/08/2021,ANE,MN,AGL,CE,Federal Contract Tower,0,7,23,0,30,0,0,32,0,32,0,7,55,0,62,86,0,86,148
10/09/2021,ANE,MN,AGL,CE,Federal Contract Tower,0,5,17,0,22,0,7,141,0,148,0,12,158,0,170,148,0,148,318
10/10/2021,ANE,MN,AGL,CE,Federal Contract Tower,0,2,25,0,27,0,3,24,0,27,0,5,49,0,54,56,0,56,110
10/11/2021,ANE,MN,AGL,CE,Federal Contract Tower,0,7,29,0,36,0,3,79,0,82,0,10,108,0,118,156,0,156,274
10/12/2021,ANE,MN,AGL,CE,Federal Contract Tower,0,7,37,0,44,0,8,29,0,37,0,15,66,0,81,96,0,96,177
10/13/2021,ANE,MN,AGL,CE,Federal Contract Tower,0,13,15,0,28,0,4,6,0,10,0,17,21,0,38,2,0,2,40
10/14/2021,ANE,MN,AGL,CE,Federal Contract Tower,0,12,48,0,60,0,3,52,0,55,0,15,100,0,115,126,16,142,257
10/15/2021,ANE,MN,AGL,CE,Federal Contract Tower,0,7,33,0,40,0,4,88,0,92,0,11,121,0,132,126,0,126,258
10/16/2021,ANE,MN,AGL,CE,Federal Contract Tower,0,5,35,0,40,0,3,115,0,118,0,8,150,0,158,106,0,106,264
10/17/2021,ANE,MN,AGL,CE,Federal Contract Tower,0,4,41,0,45,0,2,126,0,128,0,6,167,0,173,132,0,132,305
10/18/2021,ANE,MN,AGL,CE,Federal Contract Tower,0,4,29,0,33,0,11,96,0,107,0,15,125,0,140,62,0,62,202
10/19/2021,ANE,MN,AGL,CE,Federal Contract Tower,0,13,44,0,57,0,9,112,0,121,0,22,156,0,178,190,0,190,368
10/20/2021,ANE,MN,AGL,CE,Federal Contract Tower,0,5,29,0,34,0,1,2,0,3,0,6,31,0,37,0,0,0,37
10/21/2021,ANE,MN,AGL,CE,Federal Contract Tower,0,7,46,0,53,0,7,65,0,72,0,14,111,0,125,74,0,74,199
10/22/2021,ANE,MN,AGL,CE,Federal Contract Tower,0,10,50,0,60,0,2,92,0,94,0,12,142,0,154,124,0,124,278
10/23/2021,ANE,MN,AGL,CE,Federal Contract Tower,0,4,28,0,32,0,4,117,0,121,0,8,145,0,153,88,0,88,241
10/24/2021,ANE,MN,AGL,CE,Federal Contract Tower,0,4,21,0,25,0,4,47,0,51,0,8,68,0,76,22,0,22,98
10/25/2021,ANE,MN,AGL,CE,Federal Contract Tower,0,7,24,0,31,0,8,78,0,86,0,15,102,0,117,114,0,114,231
10/26/2021,ANE,MN,AGL,CE,Federal Contract Tower,0,10,23,0,33,0,5,62,2,69,0,15,85,2,102,60,0,60,162
10/27/2021,ANE,MN,AGL,CE,Federal Contract Tower,0,5,17,0,22,0,5,4,0,9,0,10,21,0,31,14,0,14,45
10/28/2021,ANE,MN,AGL,CE,Federal Contract Tower,0,10,31,0,41,0,0,0,0,0,0,10,31,0,41,0,0,0,41
10/29/2021,ANE,MN,AGL,CE,Federal Contract Tower,0,13,39,0,52,0,8,103,0,111,0,21,142,0,163,146,0,146,309
10/30/2021,ANE,MN,AGL,CE,Federal Contract Tower,0,12,25,0,37,0,0,90,0,90,0,12,115,0,127,134,0,134,261
10/31/2021,ANE,MN,AGL,CE,Federal Contract Tower,0,4,14,0,18,0,2,54,0,56,0,6,68,0,74,58,0,58,132
11/01/2021,ANE,MN,AGL,CE,Federal Contract Tower,0,4,15,0,19,0,10,57,0,67,0,14,72,0,86,120,0,120,206
11/02/2021,ANE,MN,AGL,CE,Federal Contract Tower,0,20,33,0,53,0,9,62,0,71,0,29,95,0,124,218,0,218,342
11/03/2021,ANE,MN,AGL,CE,Federal Contract Tower,0,7,29,0,36,0,3,109,0,112,0,10,138,0,148,282,0,282,430
11/04/2021,ANE,MN,AGL,CE,Federal Contract Tower,0,10,26,0,36,0,8,104,1,113,0,18,130,1,149,204,0,204,353
11/05/2021,ANE,MN,AGL,CE,Federal Contract Tower,0,9,30,0,39,0,6,52,0,58,0,15,82,0,97,46,0,46,143
11/06/2021,ANE,MN,AGL,CE,Federal Contract Tower,0,6,20,0,26,0,10,158,0,168,0,16,178,0,194,152,0,152,346
11/07/2021,ANE,MN,AGL,CE,Federal Contract Tower,0,2,46,0,48,0,8,78,0,86,0,10,124,0,134,74,0,74,208
11/08/2021,ANE,MN,AGL,CE,Federal Contract Tower,0,11,28,0,39,0,11,58,0,69,0,22,86,0,108,142,0,142,250
11/09/2021,ANE,MN,AGL,CE,Federal Contract Tower,0,15,32,0,47,0,15,86,1,102,0,30,118,1,149,162,6,168,317
11/10/2021,ANE,MN,AGL,CE,Federal Contract Tower,0,12,21,0,33,0,7,46,0,53,0,19,67,0,86,30,0,30,116
11/11/2021,ANE,MN,AGL,CE,Federal Contract Tower,0,5,23,0,28,0,0,9,0,9,0,5,32,0,37,8,0,8,45
11/12/2021,ANE,MN,AGL,CE,Federal Contract Tower,0,3,12,0,15,0,0,1,0,1,0,3,13,0,16,0,0,0,16
11/13/2021,ANE,MN,AGL,CE,Federal Contract Tower,0,3,8,0,11,0,2,16,0,18,0,5,24,0,29,52,0,52,81
11/14/2021,ANE,MN,AGL,CE,Federal Contract Tower,0,6,21,0,27,0,0,36,0,36,0,6,57,0,63,88,0,88,151
11/15/2021,ANE,MN,AGL,CE,Federal Contract Tower,0,6,31,0,37,0,9,47,0,56,0,15,78,0,93,108,0,108,201
11/16/2021,ANE,MN,AGL,CE,Federal Contract Tower,0,8,29,0,37,0,8,37,0,45,0,16,66,0,82,32,2,34,116
11/17/2021,ANE,MN,AGL,CE,Federal Contract Tower,0,8,11,0,19,0,1,11,0,12,0,9,22,0,31,0,2,2,33
11/18/2021,ANE,MN,AGL,CE,Federal Contract Tower,0,3,22,1,26,0,2,19,0,21,0,5,41,1,47,46,0,46,93
11/19/2021,ANE,MN,AGL,CE,Federal Contract Tower,0,13,18,0,31,0,2,45,0,47,0,15,63,0,78,82,0,82,160
11/20/2021,ANE,MN,AGL,CE,Federal Contract Tower,0,6,41,0,47,0,7,117,0,124,0,13,158,0,171,174,0,174,345
11/21/2021,ANE,MN,AGL,CE,Federal Contract Tower,0,6,12,0,18,0,6,12,0,18,0,12,24,0,36,0,0,0,36
11/22/2021,ANE,MN,AGL,CE,Federal Contract Tower,0,6,49,0,55,0,3,61,0,64,0,9,110,0,119,92,0,92,211
11/23/2021,ANE,MN,AGL,CE,Federal Contract Tower,0,7,28,0,35,0,3,45,1,49,0,10,73,1,84,138,2,140,224
11/24/2021,ANE,MN,AGL,CE,Federal Contract Tower,0,6,22,0,28,0,5,44,0,49,0,11,66,0,77,46,8,54,131
11/25/2021,ANE,MN,AGL,CE,Federal Contract Tower,0,0,5,0,5,0,9,14,0,23,0,9,19,0,28,46,0,46,74
11/26/2021,ANE,MN,AGL,CE,Federal Contract Tower,0,6,11,0,17,0,7,66,0,73,0,13,77,0,90,90,0,90,180
11/27/2021,ANE,MN,AGL,CE,Federal Contract Tower,0,5,18,0,23,0,4,65,0,69,0,9,83,0,92,188,0,188,280
11/28/2021,ANE,MN,AGL,CE,Federal Contract Tower,0,1,34,0,35,0,9,80,0,89,0,10,114,0,124,90,0,90,214
11/29/2021,ANE,MN,AGL,CE,Federal Contract Tower,0,6,26,0,32,0,5,51,0,56,0,11,77,0,88,92,0,92,180
11/30/2021,ANE,MN,AGL,CE,Federal Contract Tower,0,7,36,0,43,0,4,18,1,23,0,11,54,1,66,16,0,16,82
12/01/2021,ANE,MN,AGL,CE,Federal Contract Tower,0,5,51,2,58,0,8,72,0,80,0,13,123,2,138,230,0,230,368
12/02/2021,ANE,MN,AGL,CE,Federal Contract Tower,0,6,47,0,53,0,3,76,2,81,0,9,123,2,134,90,0,90,224
12/03/2021,ANE,MN,AGL,CE,Federal Contract Tower,0,8,30,0,38,0,2,8,0,10,0,10,38,0,48,18,0,18,66
12/04/2021,ANE,MN,AGL,CE,Federal Contract Tower,0,7,21,0,28,0,2,74,0,76,0,9,95,0,104,166,0,166,270
12/05/2021,ANE,MN,AGL,CE,Federal Contract Tower,0,3,9,0,12,0,5,1,0,6,0,8,10,0,18,4,0,4,22
12/06/2021,ANE,MN,AGL,CE,Federal Contract Tower,0,9,19,0,28,0,3,7,0,10,0,12,26,0,38,12,0,12,50
12/07/2021,ANE,MN,AGL,CE,Federal Contract Tower,0,13,20,0,33,0,0,3,0,3,0,13,23,0,36,0,4,4,40
12/08/2021,ANE,MN,AGL,CE,Federal Contract Tower,0,6,33,0,39,0,1,46,2,49,0,7,79,2,88,44,0,44,132
12/09/2021,ANE,MN,AGL,CE,Federal Contract Tower,0,8,16,0,24,0,2,58,2,62,0,10,74,2,86,90,0,90,176
12/10/2021,ANE,MN,AGL,CE,Federal Contract Tower,0,3,20,0,23,0,0,23,0,23,0,3,43,0,46,76,0,76,122
12/11/2021,ANE,MN,AGL,CE,Federal Contract Tower,0,8,15,0,23,0,2,74,0,76,0,10,89,0,99,52,0,52,151
12/12/2021,ANE,MN,AGL,CE,Federal Contract Tower,0,2,17,0,19,0,3,62,0,65,0,5,79,0,84,116,0,116,200
12/13/2021,ANE,MN,AGL,CE,Federal Contract Tower,0,4,26,0,30,0,2,92,0,94,0,6,118,0,124,184,0,184,308
12/14/2021,ANE,MN,AGL,CE,Federal Contract Tower,0,12,40,0,52,0,2,71,0,73,0,14,111,0,125,138,0,138,263
12/15/2021,ANE,MN,AGL,CE,Federal Contract Tower,0,6,8,0,14,0,0,1,0,1,0,6,9,0,15,20,0,20,35
12/16/2021,ANE,MN,AGL,CE,Federal Contract Tower,0,9,11,0,20,0,2,11,0,13,0,11,22,0,33,14,0,14,47
12/17/2021,ANE,MN,AGL,CE,Federal Contract Tower,0,10,20,0,30,0,3,63,0,66,0,13,83,0,96,258,0,258,354
12/18/2021,ANE,MN,AGL,CE,Federal Contract Tower,0,3,17,0,20,0,2,34,0,36,0,5,51,0,56,80,0,80,136
12/19/2021,ANE,MN,AGL,CE,Federal Contract Tower,0,2,18,0,20,0,1,22,0,23,0,3,40,0,43,12,0,12,55
12/20/2021,ANE,MN,AGL,CE,Federal Contract Tower,0,8,40,0,48,0,0,55,0,55,0,8,95,0,103,82,0,82,185
12/21/2021,ANE,MN,AGL,CE,Federal Contract Tower,0,7,16,0,23,0,3,6,0,9,0,10,22,0,32,20,0,20,52
12/22/2021,ANE,MN,AGL,CE,Federal Contract Tower,0,9,26,0,35,0,4,40,0,44,0,13,66,0,79,126,0,126,205
12/23/2021,ANE,MN,AGL,CE,Federal Contract Tower,0,7,31,0,38,0,6,99,0,105,0,13,130,0,143,134,0,134,277
12/24/2021,ANE,MN,AGL,CE,Federal Contract Tower,0,4,15,0,19,0,11,24,0,35,0,15,39,0,54,34,0,34,88
12/25/2021,ANE,MN,AGL,CE,Federal Contract Tower,0,3,1,0,4,0,2,16,0,18,0,5,17,0,22,44,0,44,66
12/26/2021,ANE,MN,AGL,CE,Federal Contract Tower,0,4,15,0,19,0,4,26,0,30,0,8,41,0,49,36,0,36,85
12/27/2021,ANE,MN,AGL,CE,Federal Contract Tower,0,13,13,0,26,0,4,1,0,5,0,17,14,0,31,0,0,0,31
12/28/2021,ANE,MN,AGL,CE,Federal Contract Tower,0,7,3,0,10,0,0,5,0,5,0,7,8,0,15,0,0,0,15
12/29/2021,ANE,MN,AGL,CE,Federal Contract Tower,0,11,9,0,20,0,2,39,0,41,0,13,48,0,61,56,0,56,117
12/30/2021,ANE,MN,AGL,CE,Federal Contract Tower,0,7,14,0,21,0,0,2,0,2,0,7,16,0,23,12,0,12,35
12/31/2021,ANE,MN,AGL,CE,Federal Contract Tower,0,3,6,0,9,0,2,4,0,6,0,5,10,0,15,22,0,22,37
01/01/2022,ANE,MN,AGL,CE,Federal Contract Tower,0,1,3,0,4,0,9,2,0,11,0,10,5,0,15,0,0,0,15
01/02/2022,ANE,MN,AGL,CE,Federal Contract Tower,0,6,9,0,15,0,12,14,0,26,0,18,23,0,41,24,0,24,65
01/03/2022,ANE,MN,AGL,CE,Federal Contract Tower,0,6,38,1,45,0,3,72,0,75,0,9,110,1,120,66,0,66,186
01/04/2022,ANE,MN,AGL,CE,Federal Contract Tower,0,9,28,0,37,0,1,50,0,51,0,10,78,0,88,36,0,36,124
01/05/2022,ANE,MN,AGL,CE,Federal Contract Tower,0,6,8,0,14,0,0,0,0,0,0,6,8,0,14,0,0,0,14
01/06/2022,ANE,MN,AGL,CE,Federal Contract Tower,0,10,17,2,29,0,6,9,0,15,0,16,26,2,44,14,0,14,58
01/07/2022,ANE,MN,AGL,CE,Federal Contract Tower,0,5,12,0,17,0,8,20,0,28,0,13,32,0,45,56,0,56,101
01/08/2022,ANE,MN,AGL,CE,Federal Contract Tower,0,5,5,0,10,0,4,70,0,74,0,9,75,0,84,28,0,28,112
01/09/2022,ANE,MN,AGL,CE,Federal Contract Tower,0,6,14,0,20,0,2,31,0,33,0,8,45,0,53,16,0,16,69
01/10/2022,ANE,MN,AGL,CE,Federal Contract Tower,0,9,13,2,24,0,8,8,0,16,0,17,21,2,40,20,0,20,60
01/11/2022,ANE,MN,AGL,CE,Federal Contract Tower,0,9,41,0,50,0,5,61,0,66,0,14,102,0,116,72,2,74,190
01/12/2022,ANE,MN,AGL,CE,Federal Contract Tower,0,11,35,0,46,0,10,70,0,80,0,21,105,0,126,112,0,112,238
01/13/2022,ANE,MN,AGL,CE,Federal Contract Tower,0,3,17,0,20,0,0,16,2,18,0,3,33,2,38,58,0,58,96
01/14/2022,ANE,MN,AGL,CE,Federal Contract Tower,0,4,1,0,5,0,0,0,0,0,0,4,1,0,5,0,0,0,5
01/15/2022,ANE,MN,AGL,CE,Federal Contract Tower,0,2,19,0,21,0,7,72,0,79,0,9,91,0,100,92,8,100,200
01/16/2022,ANE,MN,AGL,CE,Federal Contract Tower,0,6,3,0,9,0,0,19,0,19,0,6,22,0,28,12,0,12,40
01/17/2022,ANE,MN,AGL,CE,Federal Contract Tower,0,6,41,0,47,0,7,30,0,37,0,13,71,0,84,48,0,48,132
01/18/2022,ANE,MN,AGL,CE,Federal Contract Tower,0,10,18,0,28,0,4,37,2,43,0,14,55,2,71,98,0,98,169
01/19/2022,ANE,MN,AGL,CE,Federal Contract Tower,0,5,15,0,20,0,9,11,0,20,0,14,26,0,40,36,2,38,78
01/20/2022,ANE,MN,AGL,CE,Federal Contract Tower,0,5,21,0,26,1,1,19,0,21,1,6,40,0,47,50,0,50,97
01/21/2022,ANE,MN,AGL,CE,Federal Contract Tower,0,6,15,0,21,0,9,16,0,25,0,15,31,0,46,16,0,16,62
01/22/2022,ANE,MN,AGL,CE,Federal Contract Tower,0,5,11,0,16,0,0,62,0,62,0,5,73,0,78,58,0,58,136
01/23/2022,ANE,MN,AGL,CE,Federal Contract Tower,0,8,31,0,39,0,4,44,0,48,0,12,75,0,87,58,0,58,145
01/24/2022,ANE,MN,AGL,CE,Federal Contract Tower,0,7,29,1,37,0,6,61,2,69,0,13,90,3,106,36,0,36,142
01/25/2022,ANE,MN,AGL,CE,Federal Contract Tower,0,5,17,0,22,0,9,23,0,32,0,14,40,0,54,28,0,28,82
01/26/2022,ANE,MN,AGL,CE,Federal Contract Tower,0,5,10,0,15,0,11,10,2,23,0,16,20,2,38,12,16,28,66
01/27/2022,ANE,MN,AGL,CE,Federal Contract Tower,0,11,29,2,42,0,8,42,2,52,0,19,71,4,94,86,4,90,184
01/28/2022,ANE,MN,AGL,CE,Federal Contract Tower,0,12,21,0,33,0,3,42,0,45,0,15,63,0,78,40,0,40,118
01/29/2022,ANE,MN,AGL,CE,Federal Contract Tower,0,4,22,0,26,0,4,98,0,102,0,8,120,0,128,106,0,106,234
01/30/2022,ANE,MN,AGL,CE,Federal Contract Tower,0,1,21,0,22,0,2,77,0,79,0,3,98,0,101,96,0,96,197
01/31/2022,ANE,MN,AGL,CE,Federal Contract Tower,0,13,28,1,42,0,8,48,0,56,0,21,76,1,98,46,2,48,146
02/01/2022,ANE,MN,AGL,CE,Federal Contract Tower,0,8,11,0,19,0,0,4,2,6,0,8,15,2,25,2,0,2,27
02/02/2022,ANE,MN,AGL,CE,Federal Contract Tower,0,18,38,0,56,0,5,25,0,30,0,23,63,0,86,56,2,58,144
02/03/2022,ANE,MN,AGL,CE,Federal Contract Tower,0,7,29,0,36,0,4,20,2,26,0,11,49,2,62,10,0,10,72
02/04/2022,ANE,MN,AGL,CE,Federal Contract Tower,0,5,12,0,17,0,3,14,0,17,0,8,26,0,34,74,0,74,108
02/05/2022,ANE,MN,AGL,CE,Federal Contract Tower,0,2,11,0,13,0,2,27,0,29,0,4,38,0,42,16,0,16,58
02/06/2022,ANE,MN,AGL,CE,Federal Contract Tower,0,1,11,0,12,0,0,7,0,7,0,1,18,0,19,12,0,12,31
02/07/2022,ANE,MN,AGL,CE,Federal Contract Tower,0,7,28,0,35,0,4,60,0,64,0,11,88,0,99,96,0,96,195
02/08/2022,ANE,MN,AGL,CE,Federal Contract Tower,0,11,41,0,52,0,1,67,4,72,0,12,108,4,124,90,10,100,224
02/09/2022,ANE,MN,AGL,CE,Federal Contract Tower,0,9,15,0,24,0,1,9,0,10,0,10,24,0,34,24,0,24,58
02/10/2022,ANE,MN,AGL,CE,Federal Contract Tower,0,6,9,0,15,0,2,14,0,16,0,8,23,0,31,44,0,44,75
02/11/2022,ANE,MN,AGL,CE,Federal Contract Tower,0,4,4,0,8,0,0,0,0,0,0,4,4,0,8,0,0,0,8
02/12/2022,ANE,MN,AGL,CE,Federal Contract Tower,0,5,24,0,29,0,6,39,0,45,0,11,63,0,74,72,0,72,146
02/13/2022,ANE,MN,AGL,CE,Federal Contract Tower,0,2,10,0,12,0,4,18,0,22,0,6,28,0,34,30,0,30,64
02/14/2022,ANE,MN,AGL,CE,Federal Contract Tower,0,7,17,0,24,0,2,42,0,44,0,9,59,0,68,42,0,42,110
02/15/2022,ANE,MN,AGL,CE,Federal Contract Tower,0,7,16,0,23,0,3,24,2,29,0,10,40,2,52,52,0,52,104
02/16/2022,ANE,MN,AGL,CE,Federal Contract Tower,0,11,39,2,52,0,2,56,1,59,0,13,95,3,111,98,0,98,209
02/17/2022,ANE,MN,AGL,CE,Federal Contract Tower,0,7,25,1,33,0,6,44,0,50,0,13,69,1,83,100,4,104,187
02/18/2022,ANE,MN,AGL,CE,Federal Contract Tower,0,8,8,0,16,0,0,3,0,3,0,8,11,0,19,0,0,0,19
02/19/2022,ANE,MN,AGL,CE,Federal Contract Tower,0,2,21,0,23,0,2,64,0,66,0,4,85,0,89,92,0,92,181
02/20/2022,ANE,MN,AGL,CE,Federal Contract Tower,0,9,21,0,30,0,4,76,0,80,0,13,97,0,110,98,0,98,208
02/21/2022,ANE,MN,AGL,CE,Federal Contract Tower,0,3,7,0,10,0,0,1,0,1,0,3,8,0,11,0,0,0,11
02/22/2022,ANE,MN,AGL,CE,Federal Contract Tower,0,7,5,0,12,0,0,0,0,0,0,7,5,0,12,0,0,0,12
02/23/2022,ANE,MN,AGL,CE,Federal Contract Tower,0,4,35,0,39,0,4,34,2,40,0,8,69,2,79,66,0,66,145
02/24/2022,ANE,MN,AGL,CE,Federal Contract Tower,0,7,26,0,33,0,0,27,0,27,0,7,53,0,60,80,0,80,140
02/25/2022,ANE,MN,AGL,CE,Federal Contract Tower,0,10,21,0,31,0,1,59,0,60,0,11,80,0,91,118,0,118,209
02/26/2022,ANE,MN,AGL,CE,Federal Contract Tower,0,4,10,0,14,0,5,52,4,61,0,9,62,4,75,70,2,72,147
02/27/2022,ANE,MN,AGL,CE,Federal Contract Tower,0,5,11,0,16,0,3,77,0,80,0,8,88,0,96,82,0,82,178
02/28/2022,ANE,MN,AGL,CE,Federal Contract Tower,0,10,44,2,56,0,0,81,0,81,0,10,125,2,137,94,0,94,231
03/01/2022,ANE,MN,AGL,CE,Federal Contract Tower,0,15,23,0,38,0,1,50,2,53,0,16,73,2,91,96,4,100,191
03/02/2022,ANE,MN,AGL,CE,Federal Contract Tower,0,9,19,0,28,0,9,28,0,37,0,18,47,0,65,62,0,62,127
03/03/2022,ANE,MN,AGL,CE,Federal Contract Tower,0,9,32,0,41,0,3,35,0,38,0,12,67,0,79,80,0,80,159
03/04/2022,ANE,MN,AGL,CE,Federal Contract Tower,0,4,28,0,32,0,3,48,0,51,0,7,76,0,83,70,0,70,153
03/05/2022,ANE,MN,AGL,CE,Federal Contract Tower,0,2,4,0,6,0,0,0,0,0,0,2,4,0,6,0,0,0,6
03/06/2022,ANE,MN,AGL,CE,Federal Contract Tower,0,1,8,0,9,0,2,8,0,10,0,3,16,0,19,10,0,10,29
03/07/2022,ANE,MN,AGL,CE,Federal Contract Tower,0,5,36,0,41,0,50,0,0,50,0,55,36,0,91,118,0,118,209
03/08/2022,ANE,MN,AGL,CE,Federal Contract Tower,0,16,25,0,41,0,5,49,0,54,0,21,74,0,95,106,0,106,201
03/09/2022,ANE,MN,AGL,CE,Federal Contract Tower,0,7,30,2,39,0,2,40,0,42,0,9,70,2,81,20,2,22,103
03/10/2022,ANE,MN,AGL,CE,Federal Contract Tower,0,6,31,0,37,0,2,43,0,45,0,8,74,0,82,100,0,100,182
03/11/2022,ANE,MN,AGL,CE,Federal Contract Tower,0,2,22,0,24,0,3,16,0,19,0,5,38,0,43,14,0,14,57
03/12/2022,ANE,MN,AGL,CE,Federal Contract Tower,0,3,24,0,27,0,10,60,0,70,0,13,84,0,97,112,0,112,209
03/13/2022,ANE,MN,AGL,CE,Federal Contract Tower,0,5,18,0,23,0,4,61,0,65,0,9,79,0,88,58,0,58,146
03/14/2022,ANE,MN,AGL,CE,Federal Contract Tower,0,9,21,0,30,0,5,11,0,16,0,14,32,0,46,44,0,44,90
03/15/2022,ANE,MN,AGL,CE,Federal Contract Tower,0,8,40,2,50,0,2,99,4,105,0,10,139,6,155,142,0,142,297
03/16/2022,ANE,MN,AGL,CE,Federal Contract Tower,0,14,40,0,54,0,4,97,0,101,0,18,137,0,155,146,0,146,301
03/17/2022,ANE,MN,AGL,CE,Federal Contract Tower,0,14,23,0,37,0,4,46,0,50,0,18,69,0,87,94,2,96,183
03/18/2022,ANE,MN,AGL,CE,Federal Contract Tower,0,7,18,0,25,0,13,73,0,86,0,20,91,0,111,122,0,122,233
03/19/2022,ANE,MN,AGL,CE,Federal Contract Tower,0,7,27,0,34,0,3,90,0,93,0,10,117,0,127,118,0,118,245
03/20/2022,ANE,MN,AGL,CE,Federal Contract Tower,0,2,40,0,42,0,3,73,0,76,0,5,113,0,118,84,0,84,202
03/21/2022,ANE,MN,AGL,CE,Federal Contract Tower,0,14,33,0,47,0,3,54,0,57,0,17,87,0,104,44,0,44,148
03/22/2022,ANE,MN,AGL,CE,Federal Contract Tower,0,9,6,0,15,0,0,0,0,0,0,9,6,0,15,0,0,0,15
03/23/2022,ANE,MN,AGL,CE,Federal Contract Tower,0,8,17,0,25,0,0,0,0,0,0,8,17,0,25,0,0,0,25
03/24/2022,ANE,MN,AGL,CE,Federal Contract Tower,0,6,29,0,35,0,3,49,0,52,0,9,78,0,87,100,6,106,193
03/25/2022,ANE,MN,AGL,CE,Federal Contract Tower,0,4,16,0,20,0,1,3,0,4,0,5,19,0,24,20,0,20,44
03/26/2022,ANE,MN,AGL,CE,Federal Contract Tower,0,3,14,0,17,0,6,20,0,26,0,9,34,0,43,32,0,32,75
03/27/2022,ANE,MN,AGL,CE,Federal Contract Tower,0,5,26,3,34,0,1,75,0,76,0,6,101,3,110,82,0,82,192
03/28/2022,ANE,MN,AGL,CE,Federal Contract Tower,0,3,43,0,46,0,1,75,0,76,0,4,118,0,122,132,0,132,254
03/29/2022,ANE,MN,AGL,CE,Federal Contract Tower,0,9,28,0,37,0,7,32,0,39,0,16,60,0,76,34,4,38,114
03/30/2022,ANE,MN,AGL,CE,Federal Contract Tower,0,5,15,0,20,0,0,0,0,0,0,5,15,0,20,0,0,0,20
03/31/2022,ANE,MN,AGL,CE,Federal Contract Tower,0,8,21,0,29,0,7,33,0,40,0,15,54,0,69,48,0,48,117
04/01/2022,ANE,MN,AGL,CE,Federal Contract Tower,0,7,46,0,53,0,3,97,0,100,0,10,143,0,153,88,0,88,241
04/02/2022,ANE,MN,AGL,CE,Federal Contract Tower,0,4,20,0,24,0,4,34,0,38,0,8,54,0,62,88,0,88,150
04/03/2022,ANE,MN,AGL,CE,Federal Contract Tower,0,2,22,0,24,0,0,55,0,55,0,2,77,0,79,36,0,36,115
04/04/2022,ANE,MN,AGL,CE,Federal Contract Tower,0,3,18,0,21,0,4,42,0,46,0,7,60,0,67,100,0,100,167
04/05/2022,ANE,MN,AGL,CE,Federal Contract Tower,0,10,9,0,19,0,0,0,2,2,0,10,9,2,21,0,0,0,21
04/06/2022,ANE,MN,AGL,CE,Federal Contract Tower,0,10,9,0,19,0,2,0,0,2,0,12,9,0,21,2,0,2,23
04/07/2022,ANE,MN,AGL,CE,Federal Contract Tower,0,4,10,0,14,0,2,0,0,2,0,6,10,0,16,0,0,0,16
04/08/2022,ANE,MN,AGL,CE,Federal Contract Tower,0,7,16,0,23,0,3,36,0,39,0,10,52,0,62,28,0,28,90
04/09/2022,ANE,MN,AGL,CE,Federal Contract Tower,0,6,40,0,46,0,3,165,1,169,0,9,205,1,215,94,0,94,309
04/10/2022,ANE,MN,AGL,CE,Federal Contract Tower,0,1,21,0,22,0,8,28,0,36,0,9,49,0,58,14,0,14,72
04/11/2022,ANE,MN,AGL,CE,Federal Contract Tower,0,3,34,0,37,0,5,71,2,78,0,8,105,2,115,130,4,134,249
04/12/2022,ANE,MN,AGL,CE,Federal Contract Tower,0,14,25,2,41,0,3,22,2,27,0,17,47,4,68,34,20,54,122
04/13/2022,ANE,MN,AGL,CE,Federal Contract Tower,0,8,20,0,28,0,12,6,0,18,0,20,26,0,46,66,0,66,112
04/14/2022,ANE,MN,AGL,CE,Federal Contract Tower,0,13,16,0,29,0,2,1,0,3,0,15,17,0,32,0,0,0,32
04/15/2022,ANE,MN,AGL,CE,Federal Contract Tower,0,5,30,0,35,0,2,19,0,21,0,7,49,0,56,0,0,0,56
04/16/2022,ANE,MN,AGL,CE,Federal Contract Tower,0,1,37,0,38,0,5,54,0,59,0,6,91,0,97,66,0,66,163
04/17/2022,ANE,MN,AGL,CE,Federal Contract Tower,0,2,9,0,11,0,5,39,0,44,0,7,48,0,55,8,0,8,63
04/18/2022,ANE,MN,AGL,CE,Federal Contract Tower,0,6,14,0,20,0,5,10,0,15,0,11,24,0,35,10,0,10,45
04/19/2022,ANE,MN,AGL,CE,Federal Contract Tower,0,5,59,0,64,0,11,109,0,120,0,16,168,0,184,122,4,126,310
04/20/2022,ANE,MN,AGL,CE,Federal Contract Tower,0,8,14,2,24,0,5,2,0,7,0,13,16,2,31,0,0,0,31
04/21/2022,ANE,MN,AGL,CE,Federal Contract Tower,0,8,53,0,61,0,7,94,0,101,0,15,147,0,162,138,0,138,300
04/22/2022,ANE,MN,AGL,CE,Federal Contract Tower,0,6,28,0,34,0,0,4,4,8,0,6,32,4,42,6,2,8,50
04/23/2022,ANE,MN,AGL,CE,Federal Contract Tower,0,2,10,0,12,0,2,7,0,9,0,4,17,0,21,0,0,0,21
04/24/2022,ANE,MN,AGL,CE,Federal Contract Tower,0,4,24,0,28,0,2,7,0,9,0,6,31,0,37,2,0,2,39
04/25/2022,ANE,MN,AGL,CE,Federal Contract Tower,0,11,28,0,39,0,8,26,0,34,0,19,54,0,73,40,0,40,113
04/26/2022,ANE,MN,AGL,CE,Federal Contract Tower,0,16,44,4,64,0,4,127,3,134,0,20,171,7,198,164,0,164,362
04/27/2022,ANE,MN,AGL,CE,Federal Contract Tower,0,10,44,0,54,0,7,91,0,98,0,17,135,0,152,166,0,166,318
04/28/2022,ANE,MN,AGL,CE,Federal Contract Tower,0,8,23,0,31,0,2,64,0,66,0,10,87,0,97,88,0,88,185
04/29/2022,ANE,MN,AGL,CE,Federal Contract Tower,0,9,22,0,31,0,7,11,0,18,0,16,33,0,49,64,0,64,113
04/30/2022,ANE,MN,AGL,CE,Federal Contract Tower,0,3,10,0,13,0,0,0,0,0,0,3,10,0,13,0,0,0,13
05/01/2022,ANE,MN,AGL,CE,Federal Contract Tower,0,3,17,0,20,0,0,1,0,1,0,3,18,0,21,0,0,0,21
05/02/2022,ANE,MN,AGL,CE,Federal Contract Tower,0,9,36,0,45,0,4,50,0,54,0,13,86,0,99,94,0,94,193
05/03/2022,ANE,MN,AGL,CE,Federal Contract Tower,0,7,41,0,48,0,4,96,0,100,0,11,137,0,148,112,0,112,260
05/04/2022,ANE,MN,AGL,CE,Federal Contract Tower,0,15,49,2,66,0,3,112,0,115,0,18,161,2,181,188,0,188,369
05/05/2022,ANE,MN,AGL,CE,Federal Contract Tower,0,14,32,0,46,0,5,86,0,91,0,19,118,0,137,136,0,136,273
05/06/2022,ANE,MN,AGL,CE,Federal Contract Tower,0,6,29,0,35,0,6,110,0,116,0,12,139,0,151,122,0,122,273
05/07/2022,ANE,MN,AGL,CE,Federal Contract Tower,0,3,23,0,26,0,0,74,0,74,0,3,97,0,100,30,0,30,130
05/08/2022,ANE,MN,AGL,CE,Federal Contract Tower,0,0,14,0,14,0,0,3,0,3,0,0,17,0,17,0,0,0,17
05/09/2022,ANE,MN,AGL,CE,Federal Contract Tower,0,4,16,0,20,0,2,0,0,2,0,6,16,0,22,0,0,0,22
05/10/2022,ANE,MN,AGL,CE,Federal Contract Tower,0,11,20,0,31,2,5,120,0,127,2,16,140,0,158,196,0,196,354
05/11/2022,ANE,MN,AGL,CE,Federal Contract Tower,0,4,16,0,20,0,1,26,0,27,0,5,42,0,47,8,0,8,55
05/12/2022,ANE,MN,AGL,CE,Federal Contract Tower,0,7,32,0,39,0,5,18,0,23,0,12,50,0,62,24,0,24,86
05/13/2022,ANE,MN,AGL,CE,Federal Contract Tower,0,8,27,0,35,0,17,101,0,118,0,25,128,0,153,194,2,196,349
05/14/2022,ANE,MN,AGL,CE,Federal Contract Tower,0,3,21,0,24,0,3,136,0,139,0,6,157,0,163,30,0,30,193
05/15/2022,ANE,MN,AGL,CE,Federal Contract Tower,0,2,20,0,22,0,2,70,0,72,0,4,90,0,94,76,0,76,170
05/16/2022,ANE,MN,AGL,CE,Federal Contract Tower,0,6,33,0,39,0,3,70,0,73,0,9,103,0,112,56,0,56,168
05/17/2022,ANE,MN,AGL,CE,Federal Contract Tower,0,8,42,0,50,0,5,105,0,110,0,13,147,0,160,158,0,158,318
05/18/2022,ANE,MN,AGL,CE,Federal Contract Tower,0,5,37,0,42,0,1,55,0,56,0,6,92,0,98,170,0,170,268
05/19/2022,ANE,MN,AGL,CE,Federal Contract Tower,0,8,34,0,42,0,4,58,0,62,0,12,92,0,104,126,0,126,230
05/20/2022,ANE,MN,AGL,CE,Federal Contract Tower,0,10,36,0,46,0,5,44,0,49,0,15,80,0,95,60,0,60,155
05/21/2022,ANE,MN,AGL,CE,Federal Contract Tower,0,1,15,0,16,0,4,73,0,77,0,5,88,0,93,130,0,130,223
05/22/2022,ANE,MN,AGL,CE,Federal Contract Tower,0,4,24,0,28,0,4,65,0,69,0,8,89,0,97,62,0,62,159
05/23/2022,ANE,MN,AGL,CE,Federal Contract Tower,0,3,43,0,46,0,3,106,0,109,0,6,149,0,155,140,0,140,295
05/24/2022,ANE,MN,AGL,CE,Federal Contract Tower,0,17,55,2,74,0,0,120,0,120,0,17,175,2,194,200,0,200,394
05/25/2022,ANE,MN,AGL,CE,Federal Contract Tower,0,11,34,2,47,0,0,0,0,0,0,11,34,2,47,0,0,0,47
05/26/2022,ANE,MN,AGL,CE,Federal Contract Tower,0,12,36,0,48,0,5,37,0,42,0,17,73,0,90,56,0,56,146
05/27/2022,ANE,MN,AGL,CE,Federal Contract Tower,0,6,26,0,32,0,2,111,0,113,0,8,137,0,145,170,0,170,315
05/28/2022,ANE,MN,AGL,CE,Federal Contract Tower,0,2,9,0,11,0,6,43,0,49,0,8,52,0,60,30,0,30,90
05/29/2022,ANE,MN,AGL,CE,Federal Contract Tower,0,6,9,0,15,0,2,10,0,12,0,8,19,0,27,12,0,12,39
05/30/2022,ANE,MN,AGL,CE,Federal Contract Tower,0,1,2,0,3,0,4,38,0,42,0,5,40,0,45,18,0,18,63
05/31/2022,ANE,MN,AGL,CE,Federal Contract Tower,0,9,37,0,46,0,2,10,0,12,0,11,47,0,58,22,0,22,80
06/01/2022,ANE,MN,AGL,CE,Federal Contract Tower,0,10,35,0,45,0,4,110,0,114,0,14,145,0,159,98,0,98,257
06/02/2022,ANE,MN,AGL,CE,Federal Contract Tower,0,12,30,0,42,0,3,57,0,60,0,15,87,0,102,54,0,54,156
06/03/2022,ANE,MN,AGL,CE,Federal Contract Tower,0,8,53,1,62,0,13,100,0,113,0,21,153,1,175,136,6,142,317
06/04/2022,ANE,MN,AGL,CE,Federal Contract Tower,0,3,25,0,28,0,9,78,0,87,0,12,103,0,115,66,0,66,181
06/05/2022,ANE,MN,AGL,CE,Federal Contract Tower,0,4,27,0,31,0,1,69,0,70,0,5,96,0,101,64,0,64,165
06/06/2022,ANE,MN,AGL,CE,Federal Contract Tower,0,10,54,0,64,0,7,87,0,94,0,17,141,0,158,150,0,150,308
06/07/2022,ANE,MN,AGL,CE,Federal Contract Tower,0,7,49,3,59,0,3,128,0,131,0,10,177,3,190,210,0,210,400
06/08/2022,ANE,MN,AGL,CE,Federal Contract Tower,0,9,45,1,55,0,3,104,1,108,0,12,149,2,163,86,0,86,249
06/09/2022,ANE,MN,AGL,CE,Federal Contract Tower,0,8,24,0,32,0,4,77,0,81,0,12,101,0,113,90,0,90,203
06/10/2022,ANE,MN,AGL,CE,Federal Contract Tower,0,12,33,0,45,0,8,88,0,96,0,20,121,0,141,112,2,114,255
06/11/2022,ANE,MN,AGL,CE,Federal Contract Tower,0,9,7,0,16,0,11,60,3,74,0,20,67,3,90,38,0,38,128
06/12/2022,ANE,MN,AGL,CE,Federal Contract Tower,0,5,44,0,49,0,6,59,0,65,0,11,103,0,114,58,0,58,172
06/13/2022,ANE,MN,AGL,CE,Federal Contract Tower,0,6,20,0,26,0,2,22,0,24,0,8,42,0,50,44,0,44,94
06/14/2022,ANE,MN,AGL,CE,Federal Contract Tower,0,7,38,0,45,0,11,40,0,51,0,18,78,0,96,56,0,56,152
06/15/2022,ANE,MN,AGL,CE,Federal Contract Tower,0,10,21,0,31,0,11,64,0,75,0,21,85,0,106,112,0,112,218
06/16/2022,ANE,MN,AGL,CE,Federal Contract Tower,0,8,26,0,34,0,4,22,0,26,0,12,48,0,60,6,0,6,66
06/17/2022,ANE,MN,AGL,CE,Federal Contract Tower,0,7,43,0,50,0,7,156,0,163,0,14,199,0,213,156,0,156,369
06/18/2022,ANE,MN,AGL,CE,Federal Contract Tower,0,3,18,0,21,0,5,124,0,129,0,8,142,0,150,36,0,36,186
06/19/2022,ANE,MN,AGL,CE,Federal Contract Tower,0,3,18,0,21,0,10,47,0,57,0,13,65,0,78,20,0,20,98
06/20/2022,ANE,MN,AGL,CE,Federal Contract Tower,0,14,27,0,41,0,1,25,0,26,0,15,52,0,67,24,0,24,91
06/21/2022,ANE,MN,AGL,CE,Federal Contract Tower,0,12,27,4,43,0,7,59,2,68,0,19,86,6,111,74,0,74,185
06/22/2022,ANE,MN,AGL,CE,Federal Contract Tower,0,10,49,0,59,0,11,112,0,123,0,21,161,0,182,127,0,127,309
06/23/2022,ANE,MN,AGL,CE,Federal Contract Tower,0,10,40,0,50,0,14,70,2,86,0,24,110,2,136,134,8,142,278
06/24/2022,ANE,MN,AGL,CE,Federal Contract Tower,0,16,31,0,47,0,7,98,0,105,0,23,129,0,152,132,0,132,284
06/25/2022,ANE,MN,AGL,CE,Federal Contract Tower,0,6,14,1,21,0,5,26,0,31,0,11,40,1,52,76,2,78,130
06/26/2022,ANE,MN,AGL,CE,Federal Contract Tower,0,4,14,0,18,0,8,31,0,39,0,12,45,0,57,0,0,0,57
06/27/2022,ANE,MN,AGL,CE,Federal Contract Tower,0,18,44,0,62,0,16,122,0,138,0,34,166,0,200,104,0,104,304
06/28/2022,ANE,MN,AGL,CE,Federal Contract Tower,0,16,35,3,54,0,7,69,5,81,0,23,104,8,135,126,12,138,273
06/29/2022,ANE,MN,AGL,CE,Federal Contract Tower,0,6,42,0,48,0,12,67,0,79,0,18,109,0,127,126,0,126,253
06/30/2022,ANE,MN,AGL,CE,Federal Contract Tower,0,19,45,0,64,0,6,74,0,80,0,25,119,0,144,90,0,90,234
07/01/2022,ANE,MN,AGL,CE,Federal Contract Tower,0,5,24,0,29,1,9,79,0,89,1,14,103,0,118,88,0,88,206
07/02/2022,ANE,MN,AGL,CE,Federal Contract Tower,0,3,23,0,26,0,5,85,0,90,0,8,108,0,116,68,0,68,184
07/03/2022,ANE,MN,AGL,CE,Federal Contract Tower,0,4,10,0,14,0,4,45,0,49,0,8,55,0,63,48,0,48,111
07/04/2022,ANE,MN,AGL,CE,Federal Contract Tower,0,3,8,0,11,0,2,23,0,25,0,5,31,0,36,36,0,36,72
07/05/2022,ANE,MN,AGL,CE,Federal Contract Tower,0,9,22,0,31,0,4,27,0,31,0,13,49,0,62,88,0,88,150
07/06/2022,ANE,MN,AGL,CE,Federal Contract Tower,0,11,49,0,60,0,4,53,0,57,0,15,102,0,117,162,0,162,279
07/07/2022,ANE,MN,AGL,CE,Federal Contract Tower,0,6,22,0,28,0,8,73,3,84,0,14,95,3,112,188,24,212,324
07/08/2022,ANE,MN,AGL,CE,Federal Contract Tower,0,9,28,0,37,0,2,113,0,115,0,11,141,0,152,100,0,100,252
07/09/2022,ANE,MN,AGL,CE,Federal Contract Tower,0,3,25,0,28,0,6,204,0,210,0,9,229,0,238,28,0,28,266
07/10/2022,ANE,MN,AGL,CE,Federal Contract Tower,0,3,26,0,29,0,2,29,0,31,0,5,55,0,60,10,0,10,70
07/11/2022,ANE,MN,AGL,CE,Federal Contract Tower,0,6,46,1,53,0,6,28,0,34,0,12,74,1,87,24,0,24,111
07/12/2022,ANE,MN,AGL,CE,Federal Contract Tower,0,15,39,1,55,0,1,84,2,87,0,16,123,3,142,100,0,100,242
07/13/2022,ANE,MN,AGL,CE,Federal Contract Tower,0,20,41,0,61,0,13,76,0,89,0,33,117,0,150,144,0,144,294
07/14/2022,ANE,MN,AGL,CE,Federal Contract Tower,0,6,41,0,47,0,3,67,0,70,0,9,108,0,117,82,0,82,199
07/15/2022,ANE,MN,AGL,CE,Federal Contract Tower,0,2,43,0,45,0,3,92,2,97,0,5,135,2,142,104,0,104,246
07/16/2022,ANE,MN,AGL,CE,Federal Contract Tower,0,8,27,0,35,0,4,73,0,77,0,12,100,0,112,82,0,82,194
07/17/2022,ANE,MN,AGL,CE,Federal Contract Tower,0,8,30,0,38,0,4,74,0,78,0,12,104,0,116,106,0,106,222
07/18/2022,ANE,MN,AGL,CE,Federal Contract Tower,0,15,38,0,53,0,5,104,0,109,0,20,142,0,162,64,0,64,226
07/19/2022,ANE,MN,AGL,CE,Federal Contract Tower,0,8,31,0,39,0,10,35,0,45,0,18,66,0,84,14,0,14,98
07/20/2022,ANE,MN,AGL,CE,Federal Contract Tower,0,8,52,0,60,0,3,24,0,27,0,11,76,0,87,8,2,10,97
07/21/2022,ANE,MN,AGL,CE,Federal Contract Tower,0,9,38,2,49,0,3,95,1,99,0,12,133,3,148,88,2,90,238
07/22/2022,ANE,MN,AGL,CE,Federal Contract Tower,0,9,32,0,41,0,4,131,0,135,0,13,163,0,176,138,0,138,314
07/23/2022,ANE,MN,AGL,CE,Federal Contract Tower,0,1,19,0,20,0,3,39,0,42,0,4,58,0,62,56,0,56,118
07/24/2022,ANE,MN,AGL,CE,Federal Contract Tower,0,9,36,0,45,0,4,63,0,67,0,13,99,0,112,34,0,34,146
07/25/2022,ANE,MN,AGL,CE,Federal Contract Tower,0,16,25,0,41,0,15,92,0,107,0,31,117,0,148,98,0,98,246
07/26/2022,ANE,MN,AGL,CE,Federal Contract Tower,0,5,36,0,41,0,1,58,0,59,0,6,94,0,100,150,0,150,250
07/27/2022,ANE,MN,AGL,CE,Federal Contract Tower,0,11,51,0,62,0,6,112,0,118,0,17,163,0,180,176,0,176,356
07/28/2022,ANE,MN,AGL,CE,Federal Contract Tower,0,12,58,0,70,0,8,84,0,92,0,20,142,0,162,76,0,76,238
07/29/2022,ANE,MN,AGL,CE,Federal Contract Tower,0,4,36,0,40,0,6,104,0,110,0,10,140,0,150,140,0,140,290
07/30/2022,ANE,MN,AGL,CE,Federal Contract Tower,0,4,25,1,30,0,3,88,0,91,0,7,113,1,121,90,0,90,211
07/31/2022,ANE,MN,AGL,CE,Federal Contract Tower,0,3,27,0,30,0,10,41,0,51,0,13,68,0,81,26,0,26,107
08/01/2022,ANE,MN,AGL,CE,Federal Contract Tower,0,11,50,0,61,0,5,101,0,106,0,16,151,0,167,142,0,142,309
08/02/2022,ANE,MN,AGL,CE,Federal Contract Tower,0,9,38,0,47,0,2,48,0,50,0,11,86,0,97,78,0,78,175
08/03/2022,ANE,MN,AGL,CE,Federal Contract Tower,0,7,33,0,40,0,8,60,0,68,0,15,93,0,108,36,0,36,144
08/04/2022,ANE,MN,AGL,CE,Federal Contract Tower,0,13,32,0,45,0,4,136,0,140,0,17,168,0,185,182,4,186,371
08/05/2022,ANE,MN,AGL,CE,Federal Contract Tower,0,7,21,0,28,0,5,68,0,73,0,12,89,0,101,74,0,74,175
08/06/2022,ANE,MN,AGL,CE,Federal Contract Tower,0,2,10,0,12,0,3,5,0,8,0,5,15,0,20,0,0,0,20
08/07/2022,ANE,MN,AGL,CE,Federal Contract Tower,0,6,19,0,25,0,3,53,0,56,0,9,72,0,81,74,0,74,155
08/08/2022,ANE,MN,AGL,CE,Federal Contract Tower,0,4,38,0,42,0,7,75,0,82,0,11,113,0,124,102,0,102,226
08/09/2022,ANE,MN,AGL,CE,Federal Contract Tower,0,7,29,0,36,0,10,112,0,122,0,17,141,0,158,160,0,160,318
08/10/2022,ANE,MN,AGL,CE,Federal Contract Tower,0,5,42,2,49,0,8,126,0,134,0,13,168,2,183,102,0,102,285
08/11/2022,ANE,MN,AGL,CE,Federal Contract Tower,0,8,39,0,47,0,4,119,0,123,0,12,158,0,170,124,0,124,294
08/12/2022,ANE,MN,AGL,CE,Federal Contract Tower,0,8,6,0,14,0,2,23,0,25,0,10,29,0,39,10,4,14,53
08/13/2022,ANE,MN,AGL,CE,Federal Contract Tower,0,10,24,0,34,0,3,37,0,40,0,13,61,0,74,74,0,74,148
08/14/2022,ANE,MN,AGL,CE,Federal Contract Tower,0,4,19,0,23,0,2,70,0,72,0,6,89,0,95,70,0,70,165
08/15/2022,ANE,MN,AGL,CE,Federal Contract Tower,0,14,23,0,37,0,13,103,0,116,0,27,126,0,153,124,0,124,277
08/16/2022,ANE,MN,AGL,CE,Federal Contract Tower,0,12,32,0,44,0,3,113,0,116,0,15,145,0,160,162,0,162,322
08/17/2022,ANE,MN,AGL,CE,Federal Contract Tower,0,9,20,0,29,0,4,48,0,52,0,13,68,0,81,108,0,108,189
08/18/2022,ANE,MN,AGL,CE,Federal Contract Tower,0,8,25,0,33,0,1,24,0,25,0,9,49,0,58,124,0,124,182
08/19/2022,ANE,MN,AGL,CE,Federal Contract Tower,0,5,16,0,21,0,2,13,0,15,0,7,29,0,36,26,0,26,62
08/20/2022,ANE,MN,AGL,CE,Federal Contract Tower,0,9,31,0,40,0,8,20,0,28,0,17,51,0,68,90,0,90,158
08/21/2022,ANE,MN,AGL,CE,Federal Contract Tower,0,5,24,0,29,0,3,98,0,101,0,8,122,0,130,54,0,54,184
08/22/2022,ANE,MN,AGL,CE,Federal Contract Tower,0,6,33,0,39,0,5,92,2,99,0,11,125,2,138,228,0,228,366
08/23/2022,ANE,MN,AGL,CE,Federal Contract Tower,0,10,31,0,41,0,8,108,0,116,0,18,139,0,157,118,4,122,279
08/24/2022,ANE,MN,AGL,CE,Federal Contract Tower,0,12,44,3,59,0,2,51,0,53,0,14,95,3,112,142,2,144,256
08/25/2022,ANE,MN,AGL,CE,Federal Contract Tower,0,11,33,0,44,0,5,66,0,71,0,16,99,0,115,156,0,156,271
08/26/2022,ANE,MN,AGL,CE,Federal Contract Tower,0,12,27,0,39,0,0,106,0,106,0,12,133,0,145,138,0,138,283
08/27/2022,ANE,MN,AGL,CE,Federal Contract Tower,0,4,11,0,15,0,4,26,0,30,0,8,37,0,45,0,0,0,45
08/28/2022,ANE,MN,AGL,CE,Federal Contract Tower,0,8,32,0,40,0,4,29,0,33,0,12,61,0,73,60,0,60,133
08/29/2022,ANE,MN,AGL,CE,Federal Contract Tower,0,5,16,0,21,0,4,52,0,56,0,9,68,0,77,38,0,38,115
08/30/2022,ANE,MN,AGL,CE,Federal Contract Tower,0,9,29,2,40,0,5,103,0,108,0,14,132,2,148,130,0,130,278
08/31/2022,ANE,MN,AGL,CE,Federal Contract Tower,0,12,28,0,40,0,2,122,0,124,0,14,150,0,164,70,0,70,234
09/01/2022,ANE,MN,AGL,CE,Federal Contract Tower,0,11,15,0,26,0,6,67,0,73,0,17,82,0,99,194,0,194,293
09/02/2022,ANE,MN,AGL,CE,Federal Contract Tower,0,6,41,0,47,0,6,63,0,69,0,12,104,0,116,138,0,138,254
09/03/2022,ANE,MN,AGL,CE,Federal Contract Tower,0,2,22,0,24,0,5,81,0,86,0,7,103,0,110,74,0,74,184
09/04/2022,ANE,MN,AGL,CE,Federal Contract Tower,0,2,11,0,13,0,11,81,0,92,0,13,92,0,105,106,0,106,211
09/05/2022,ANE,MN,AGL,CE,Federal Contract Tower,0,3,19,0,22,0,10,94,0,104,0,13,113,0,126,110,0,110,236
09/06/2022,ANE,MN,AGL,CE,Federal Contract Tower,0,5,18,0,23,0,1,73,0,74,0,6,91,0,97,184,0,184,281
09/07/2022,ANE,MN,AGL,CE,Federal Contract Tower,0,7,39,0,46,0,1,71,0,72,0,8,110,0,118,180,0,180,298
09/08/2022,ANE,MN,AGL,CE,Federal Contract Tower,0,17,29,0,46,0,3,49,0,52,0,20,78,0,98,14,0,14,112
09/09/2022,ANE,MN,AGL,CE,Federal Contract Tower,0,13,16,0,29,0,0,8,0,8,0,13,24,0,37,6,0,6,43
09/10/2022,ANE,MN,AGL,CE,Federal Contract Tower,0,7,26,0,33,0,10,131,0,141,0,17,157,0,174,138,0,138,312
09/11/2022,ANE,MN,AGL,CE,Federal Contract Tower,0,4,12,0,16,0,7,82,0,89,0,11,94,0,105,66,0,66,171
09/12/2022,ANE,MN,AGL,CE,Federal Contract Tower,0,13,41,0,54,0,14,114,0,128,0,27,155,0,182,94,0,94,276
09/13/2022,ANE,MN,AGL,CE,Federal Contract Tower,0,19,30,1,50,0,8,106,0,114,0,27,136,1,164,240,6,246,410
09/14/2022,ANE,MN,AGL,CE,Federal Contract Tower,0,14,29,0,43,0,5,79,0,84,0,19,108,0,127,168,0,168,295
09/15/2022,ANE,MN,AGL,CE,Federal Contract Tower,0,7,34,0,41,0,8,61,0,69,0,15,95,0,110,100,0,100,210
09/16/2022,ANE,MN,AGL,CE,Federal Contract Tower,0,18,30,0,48,0,0,58,0,58,0,18,88,0,106,94,0,94,200
09/17/2022,ANE,MN,AGL,CE,Federal Contract Tower,0,5,11,0,16,0,6,95,0,101,0,11,106,0,117,154,0,154,271
09/18/2022,ANE,MN,AGL,CE,Federal Contract Tower,0,3,28,0,31,0,4,67,0,71,0,7,95,0,102,26,0,26,128
09/19/2022,ANE,MN,AGL,CE,Federal Contract Tower,0,13,43,0,56,0,5,97,0,102,0,18,140,0,158,176,0,176,334
09/20/2022,ANE,MN,AGL,CE,Federal Contract Tower,0,5,28,0,33,0,7,72,2,81,0,12,100,2,114,214,4,218,332
09/21/2022,ANE,MN,AGL,CE,Federal Contract Tower,0,6,27,0,33,0,0,49,0,49,0,6,76,0,82,132,0,132,214
09/22/2022,ANE,MN,AGL,CE,Federal Contract Tower,0,8,56,0,64,0,9,147,0,156,0,17,203,0,220,196,0,196,416
09/23/2022,ANE,MN,AGL,CE,Federal Contract Tower,0,9,29,0,38,0,7,10,0,17,0,16,39,0,55,62,0,62,117
09/24/2022,ANE,MN,AGL,CE,Federal Contract Tower,0,4,36,0,40,0,6,28,0,34,0,10,64,0,74,112,0,112,186
09/25/2022,ANE,MN,AGL,CE,Federal Contract Tower,0,4,16,0,20,0,1,43,0,44,0,5,59,0,64,30,0,30,94
09/26/2022,ANE,MN,AGL,CE,Federal Contract Tower,0,11,25,0,36,0,10,56,0,66,0,21,81,0,102,62,0,62,164
09/27/2022,ANE,MN,AGL,CE,Federal Contract Tower,0,15,52,0,67,0,3,122,0,125,0,18,174,0,192,208,0,208,400
09/28/2022,ANE,MN,AGL,CE,Federal Contract Tower,0,9,46,0,55,0,4,101,0,105,0,13,147,0,160,138,2,140,300
09/29/2022,ANE,MN,AGL,CE,Federal Contract Tower,0,13,32,0,45,0,7,92,0,99,0,20,124,0,144,172,0,172,316
09/30/2022,ANE,MN,AGL,CE,Federal Contract Tower,0,8,27,0,35,0,3,98,0,101,0,11,125,0,136,190,0,190,326
10/01/2022,ANE,MN,AGL,CE,Federal Contract Tower,0,2,24,0,26,0,2,83,0,85,0,4,107,0,111,170,0,170,281
10/02/2022,ANE,MN,AGL,CE,Federal Contract Tower,0,9,34,0,43,0,3,83,0,86,0,12,117,0,129,136,0,136,265
10/03/2022,ANE,MN,AGL,CE,Federal Contract Tower,0,8,26,0,34,0,2,78,0,80,0,10,104,0,114,114,0,114,228
10/04/2022,ANE,MN,AGL,CE,Federal Contract Tower,0,9,43,0,52,0,9,99,0,108,0,18,142,0,160,172,0,172,332
10/05/2022,ANE,MN,AGL,CE,Federal Contract Tower,0,5,25,0,30,0,13,79,0,92,0,18,104,0,122,184,0,184,306
10/06/2022,ANE,MN,AGL,CE,Federal Contract Tower,0,4,32,0,36,0,6,41,0,47,0,10,73,0,83,98,0,98,181
10/07/2022,ANE,MN,AGL,CE,Federal Contract Tower,0,11,40,0,51,0,3,105,0,108,0,14,145,0,159,280,0,280,439
10/08/2022,ANE,MN,AGL,CE,Federal Contract Tower,0,3,22,0,25,0,4,171,0,175,0,7,193,0,200,172,0,172,372
10/09/2022,ANE,MN,AGL,CE,Federal Contract Tower,0,4,46,0,50,0,3,137,0,140,0,7,183,0,190,216,0,216,406
10/10/2022,ANE,MN,AGL,CE,Federal Contract Tower,0,2,43,0,45,0,6,110,0,116,0,8,153,0,161,212,0,212,373
10/11/2022,ANE,MN,AGL,CE,Federal Contract Tower,0,12,23,0,35,0,5,62,0,67,0,17,85,0,102,66,0,66,168
10/12/2022,ANE,MN,AGL,CE,Federal Contract Tower,0,8,26,0,34,0,11,59,0,70,0,19,85,0,104,114,0,114,218
10/13/2022,ANE,MN,AGL,CE,Federal Contract Tower,0,10,48,2,60,0,6,52,0,58,0,16,100,2,118,112,0,112,230
10/14/2022,ANE,MN,AGL,CE,Federal Contract Tower,0,13,17,0,30,0,1,7,0,8,0,14,24,0,38,38,0,38,76
10/15/2022,ANE,MN,AGL,CE,Federal Contract Tower,0,4,24,0,28,0,8,83,0,91,0,12,107,0,119,150,0,150,269
10/16/2022,ANE,MN,AGL,CE,Federal Contract Tower,0,3,24,0,27,0,2,33,0,35,0,5,57,0,62,72,0,72,134
10/17/2022,ANE,MN,AGL,CE,Federal Contract Tower,0,6,35,0,41,0,9,50,0,59,0,15,85,0,100,58,0,58,158
10/18/2022,ANE,MN,AGL,CE,Federal Contract Tower,0,5,49,0,54,0,5,81,2,88,0,10,130,2,142,230,0,230,372
10/19/2022,ANE,MN,AGL,CE,Federal Contract Tower,0,7,35,0,42,0,1,119,0,120,0,8,154,0,162,222,0,222,384
10/20/2022,ANE,MN,AGL,CE,Federal Contract Tower,0,8,53,0,61,0,15,99,0,114,0,23,152,0,175,244,0,244,419
10/21/2022,ANE,MN,AGL,CE,Federal Contract Tower,0,16,35,0,51,0,2,98,0,100,0,18,133,0,151,208,0,208,359
10/23/2022,ANE,MN,AGL,CE,Federal Contract Tower,0,5,26,0,31,0,7,34,0,41,0,12,60,0,72,36,0,36,108
10/24/2022,ANE,MN,AGL,CE,Federal Contract Tower,0,4,20,0,24,0,8,30,0,38,0,12,50,0,62,60,0,60,122
10/25/2022,ANE,MN,AGL,CE,Federal Contract Tower,0,5,45,2,52,0,7,75,0,82,0,12,120,2,134,292,0,292,426
10/26/2022,ANE,MN,AGL,CE,Federal Contract Tower,0,8,31,0,39,0,2,127,0,129,0,10,158,0,168,184,0,184,352
10/27/2022,ANE,MN,AGL,CE,Federal Contract Tower,0,9,51,0,60,0,8,51,0,59,0,17,102,0,119,126,2,128,247
10/28/2022,ANE,MN,AGL,CE,Federal Contract Tower,0,5,36,1,42,0,3,96,0,99,0,8,132,1,141,170,6,176,317
10/29/2022,ANE,MN,AGL,CE,Federal Contract Tower,0,3,31,0,34,0,2,100,0,102,0,5,131,0,136,146,0,146,282
10/30/2022,ANE,MN,AGL,CE,Federal Contract Tower,0,4,25,0,29,0,2,101,0,103,0,6,126,0,132,130,0,130,262
10/31/2022,ANE,MN,AGL,CE,Federal Contract Tower,0,7,36,0,43,0,8,94,0,102,0,15,130,0,145,142,0,142,287
11/01/2022,ANE,MN,AGL,CE,Federal Contract Tower,0,3,36,0,39,0,7,109,0,116,0,10,145,0,155,246,0,246,401
11/02/2022,ANE,MN,AGL,CE,Federal Contract Tower,0,7,11,0,18,0,6,23,0,29,0,13,34,0,47,96,0,96,143
11/03/2022,ANE,MN,AGL,CE,Federal Contract Tower,0,13,36,0,49,0,0,42,0,42,0,13,78,0,91,158,0,158,249
11/04/2022,ANE,MN,AGL,CE,Federal Contract Tower,0,11,17,0,28,0,2,37,0,39,0,13,54,0,67,290,0,290,357
11/05/2022,ANE,MN,AGL,CE,Federal Contract Tower,0,4,19,0,23,0,6,4,0,10,0,10,23,0,33,6,0,6,39
11/06/2022,ANE,MN,AGL,CE,Federal Contract Tower,0,6,16,0,22,0,3,18,0,21,0,9,34,0,43,0,0,0,43
11/07/2022,ANE,MN,AGL,CE,Federal Contract Tower,0,10,37,0,47,0,7,103,0,110,0,17,140,0,157,236,0,236,393
11/08/2022,ANE,MN,AGL,CE,Federal Contract Tower,0,5,15,2,22,0,0,8,0,8,0,5,23,2,30,34,0,34,64
11/09/2022,ANE,MN,AGL,CE,Federal Contract Tower,0,9,13,0,22,0,0,6,0,6,0,9,19,0,28,44,0,44,72
11/10/2022,ANE,MN,AGL,CE,Federal Contract Tower,0,6,11,0,17,0,0,2,0,2,0,6,13,0,19,0,0,0,19
11/11/2022,ANE,MN,AGL,CE,Federal Contract Tower,0,10,13,0,23,0,0,18,0,18,0,10,31,0,41,58,0,58,99
11/12/2022,ANE,MN,AGL,CE,Federal Contract Tower,0,7,21,0,28,0,1,99,0,100,0,8,120,0,128,272,0,272,400
11/13/2022,ANE,MN,AGL,CE,Federal Contract Tower,0,5,31,0,36,0,1,73,0,74,0,6,104,0,110,180,0,180,290
11/14/2022,ANE,MN,AGL,CE,Federal Contract Tower,0,7,9,0,16,0,0,0,0,0,0,7,9,0,16,0,0,0,16
11/15/2022,ANE,MN,AGL,CE,Federal Contract Tower,0,10,13,0,23,0,0,0,0,0,0,10,13,0,23,0,0,0,23
11/16/2022,ANE,MN,AGL,CE,Federal Contract Tower,0,8,19,0,27,0,0,0,0,0,0,8,19,0,27,32,0,32,59
11/17/2022,ANE,MN,AGL,CE,Federal Contract Tower,0,9,20,0,29,0,0,4,0,4,0,9,24,0,33,8,0,8,41
11/18/2022,ANE,MN,AGL,CE,Federal Contract Tower,0,10,35,0,45,0,4,25,0,29,0,14,60,0,74,92,0,92,166
11/19/2022,ANE,MN,AGL,CE,Federal Contract Tower,0,4,11,0,15,0,4,19,4,27,0,8,30,4,42,10,0,10,52
11/20/2022,ANE,MN,AGL,CE,Federal Contract Tower,0,4,28,0,32,0,1,61,0,62,0,5,89,0,94,104,0,104,198
11/21/2022,ANE,MN,AGL,CE,Federal Contract Tower,0,7,43,0,50,0,12,116,0,128,0,19,159,0,178,190,0,190,368
11/22/2022,ANE,MN,AGL,CE,Federal Contract Tower,0,13,60,0,73,0,7,121,0,128,0,20,181,0,201,210,0,210,411
11/23/2022,ANE,MN,AGL,CE,Federal Contract Tower,0,8,26,0,34,0,6,112,0,118,0,14,138,0,152,132,0,132,284
11/24/2022,ANE,MN,AGL,CE,Federal Contract Tower,0,2,3,0,5,0,4,5,0,9,0,6,8,0,14,0,0,0,14
11/25/2022,ANE,MN,AGL,CE,Federal Contract Tower,0,3,19,0,22,0,1,83,0,84,0,4,102,0,106,116,0,116,222
11/26/2022,ANE,MN,AGL,CE,Federal Contract Tower,0,6,35,0,41,0,2,118,0,120,0,8,153,0,161,130,0,130,291
11/27/2022,ANE,MN,AGL,CE,Federal Contract Tower,0,4,38,0,42,0,6,108,0,114,0,10,146,0,156,150,0,150,306
11/28/2022,ANE,MN,AGL,CE,Federal Contract Tower,0,3,27,0,30,0,2,54,0,56,0,5,81,0,86,82,0,82,168
11/29/2022,ANE,MN,AGL,CE,Federal Contract Tower,0,11,10,0,21,0,1,0,0,1,0,12,10,0,22,0,0,0,22
11/30/2022,ANE,MN,AGL,CE,Federal Contract Tower,0,15,25,0,40,0,7,5,0,12,0,22,30,0,52,24,0,24,76
12/01/2022,ANE,MN,AGL,CE,Federal Contract Tower,0,11,26,0,37,0,2,40,0,42,0,13,66,0,79,102,0,102,181
12/02/2022,ANE,MN,AGL,CE,Federal Contract Tower,0,6,14,0,20,0,1,41,0,42,0,7,55,0,62,114,0,114,176
12/03/2022,ANE,MN,AGL,CE,Federal Contract Tower,0,4,29,0,33,0,8,43,0,51,0,12,72,0,84,158,0,158,242
12/04/2022,ANE,MN,AGL,CE,Federal Contract Tower,0,2,37,0,39,0,4,75,0,79,0,6,112,0,118,58,0,58,176
12/05/2022,ANE,MN,AGL,CE,Federal Contract Tower,0,5,16,0,21,0,5,53,0,58,0,10,69,0,79,158,0,158,237
12/06/2022,ANE,MN,AGL,CE,Federal Contract Tower,0,10,36,0,46,0,10,49,0,59,0,20,85,0,105,160,2,162,267
12/07/2022,ANE,MN,AGL,CE,Federal Contract Tower,0,8,24,0,32,0,4,46,0,50,0,12,70,0,82,92,0,92,174
12/08/2022,ANE,MN,AGL,CE,Federal Contract Tower,0,8,31,1,40,0,7,79,0,86,0,15,110,1,126,174,4,178,304
12/09/2022,ANE,MN,AGL,CE,Federal Contract Tower,0,6,14,2,22,0,5,7,0,12,0,11,21,2,34,150,0,150,184
12/10/2022,ANE,MN,AGL,CE,Federal Contract Tower,0,6,0,0,6,0,0,0,0,0,0,6,0,0,6,0,0,0,6
12/11/2022,ANE,MN,AGL,CE,Federal Contract Tower,0,4,24,0,28,0,2,14,0,16,0,6,38,0,44,68,0,68,112
12/12/2022,ANE,MN,AGL,CE,Federal Contract Tower,0,7,12,0,19,0,2,9,0,11,0,9,21,0,30,2,0,2,32
12/13/2022,ANE,MN,AGL,CE,Federal Contract Tower,0,6,11,0,17,0,2,5,0,7,0,8,16,0,24,28,0,28,52
12/14/2022,ANE,MN,AGL,CE,Federal Contract Tower,0,5,9,0,14,0,0,0,0,0,0,5,9,0,14,0,0,0,14
12/15/2022,ANE,MN,AGL,CE,Federal Contract Tower,0,8,4,0,12,0,0,0,0,0,0,8,4,0,12,0,0,0,12
12/16/2022,ANE,MN,AGL,CE,Federal Contract Tower,0,7,19,2,28,0,0,0,0,0,0,7,19,2,28,0,0,0,28
12/17/2022,ANE,MN,AGL,CE,Federal Contract Tower,0,3,14,0,17,0,0,4,0,4,0,3,18,0,21,0,0,0,21
12/18/2022,ANE,MN,AGL,CE,Federal Contract Tower,0,7,23,0,30,0,3,50,0,53,0,10,73,0,83,222,0,222,305
12/19/2022,ANE,MN,AGL,CE,Federal Contract Tower,0,9,13,0,22,0,1,12,0,13,0,10,25,0,35,46,0,46,81
12/20/2022,ANE,MN,AGL,CE,Federal Contract Tower,0,12,27,0,39,0,8,28,0,36,0,20,55,0,75,104,6,110,185
12/21/2022,ANE,MN,AGL,CE,Federal Contract Tower,0,7,9,0,16,0,0,2,0,2,0,7,11,0,18,8,0,8,26
12/22/2022,ANE,MN,AGL,CE,Federal Contract Tower,0,3,4,0,7,0,2,2,0,4,0,5,6,0,11,0,0,0,11
12/23/2022,ANE,MN,AGL,CE,Federal Contract Tower,0,3,3,0,6,0,0,5,0,5,0,3,8,0,11,0,0,0,11
12/24/2022,ANE,MN,AGL,CE,Federal Contract Tower,0,3,0,0,3,0,6,2,0,8,0,9,2,0,11,0,0,0,11
12/25/2022,ANE,MN,AGL,CE,Federal Contract Tower,0,0,3,0,3,0,6,7,0,13,0,6,10,0,16,6,0,6,22
12/26/2022,ANE,MN,AGL,CE,Federal Contract Tower,0,1,28,0,29,0,9,58,0,67,0,10,86,0,96,154,0,154,250
12/27/2022,ANE,MN,AGL,CE,Federal Contract Tower,0,2,25,0,27,0,12,66,0,78,0,14,91,0,105,190,0,190,295
12/28/2022,ANE,MN,AGL,CE,Federal Contract Tower,0,8,31,0,39,0,11,65,0,76,0,19,96,0,115,146,8,154,269
12/29/2022,ANE,MN,AGL,CE,Federal Contract Tower,0,6,5,0,11,0,1,12,0,13,0,7,17,0,24,222,0,222,246
12/30/2022,ANE,MN,AGL,CE,Federal Contract Tower,0,4,20,0,24,0,7,62,0,69,0,11,82,0,93,204,0,204,297
12/31/2022,ANE,MN,AGL,CE,Federal Contract Tower,0,6,2,0,8,0,2,31,0,33,0,8,33,0,41,138,0,138,179
01/01/2023,ANE,MN,AGL,CE,Federal Contract Tower,0,7,3,0,10,0,0,10,0,10,0,7,13,0,20,26,0,26,46
01/02/2023,ANE,MN,AGL,CE,Federal Contract Tower,0,3,7,0,10,0,0,0,0,0,0,3,7,0,10,0,0,0,10
01/03/2023,ANE,MN,AGL,CE,Federal Contract Tower,0,0,3,0,3,0,0,0,0,0,0,0,3,0,3,0,0,0,3
01/04/2023,ANE,MN,AGL,CE,Federal Contract Tower,0,6,3,0,9,0,0,0,0,0,0,6,3,0,9,0,0,0,9
01/05/2023,ANE,MN,AGL,CE,Federal Contract Tower,0,4,5,0,9,0,1,3,0,4,0,5,8,0,13,58,0,58,71
01/06/2023,ANE,MN,AGL,CE,Federal Contract Tower,0,8,19,0,27,0,0,30,0,30,0,8,49,0,57,156,0,156,213
01/07/2023,ANE,MN,AGL,CE,Federal Contract Tower,0,4,16,0,20,0,2,57,0,59,0,6,73,0,79,156,0,156,235
01/08/2023,ANE,MN,AGL,CE,Federal Contract Tower,0,4,22,0,26,0,5,58,0,63,0,9,80,0,89,162,0,162,251
01/09/2023,ANE,MN,AGL,CE,Federal Contract Tower,0,6,22,0,28,0,0,46,0,46,0,6,68,0,74,124,0,124,198
01/10/2023,ANE,MN,AGL,CE,Federal Contract Tower,0,10,20,0,30,0,0,0,0,0,0,10,20,0,30,0,0,0,30
01/11/2023,ANE,MN,AGL,CE,Federal Contract Tower,0,8,16,0,24,0,0,0,0,0,0,8,16,0,24,0,0,0,24
01/12/2023,ANE,MN,AGL,CE,Federal Contract Tower,0,9,20,0,29,0,0,14,0,14,0,9,34,0,43,60,0,60,103
01/13/2023,ANE,MN,AGL,CE,Federal Contract Tower,0,5,14,0,19,0,0,4,0,4,0,5,18,0,23,0,0,0,23
01/14/2023,ANE,MN,AGL,CE,Federal Contract Tower,0,3,20,0,23,0,3,111,0,114,0,6,131,0,137,112,0,112,249
01/15/2023,ANE,MN,AGL,CE,Federal Contract Tower,0,7,26,0,33,0,3,58,0,61,0,10,84,0,94,178,0,178,272
01/16/2023,ANE,MN,AGL,CE,Federal Contract Tower,0,2,8,0,10,0,0,0,0,0,0,2,8,0,10,0,0,0,10
01/17/2023,ANE,MN,AGL,CE,Federal Contract Tower,0,5,15,2,22,0,0,9,0,9,0,5,24,2,31,94,0,94,125
01/18/2023,ANE,MN,AGL,CE,Federal Contract Tower,0,5,12,0,17,0,3,17,0,20,0,8,29,0,37,306,32,338,375
01/19/2023,ANE,MN,AGL,CE,Federal Contract Tower,0,3,11,0,14,0,2,0,0,2,0,5,11,0,16,2,0,2,18
01/20/2023,ANE,MN,AGL,CE,Federal Contract Tower,0,6,11,0,17,0,0,16,0,16,0,6,27,0,33,234,0,234,267
01/21/2023,ANE,MN,AGL,CE,Federal Contract Tower,0,5,2,0,7,0,0,0,0,0,0,5,2,0,7,0,0,0,7
01/22/2023,ANE,MN,AGL,CE,Federal Contract Tower,0,4,0,0,4,0,0,0,0,0,0,4,0,0,4,0,0,0,4
01/23/2023,ANE,MN,AGL,CE,Federal Contract Tower,0,6,12,0,18,0,6,11,0,17,0,12,23,0,35,68,0,68,103
01/24/2023,ANE,MN,AGL,CE,Federal Contract Tower,0,8,41,0,49,0,2,71,0,73,0,10,112,0,122,240,0,240,362
01/25/2023,ANE,MN,AGL,CE,Federal Contract Tower,0,5,13,0,18,0,0,0,0,0,0,5,13,0,18,0,4,4,22
01/26/2023,ANE,MN,AGL,CE,Federal Contract Tower,0,8,32,0,40,0,2,74,0,76,0,10,106,0,116,216,0,216,332
01/27/2023,ANE,MN,AGL,CE,Federal Contract Tower,0,6,9,0,15,0,0,7,0,7,0,6,16,0,22,0,0,0,22
01/28/2023,ANE,MN,AGL,CE,Federal Contract Tower,0,4,26,0,30,0,7,62,3,72,0,11,88,3,102,146,0,146,248
01/29/2023,ANE,MN,AGL,CE,Federal Contract Tower,0,2,24,0,26,0,4,32,0,36,0,6,56,0,62,96,0,96,158
01/30/2023,ANE,MN,AGL,CE,Federal Contract Tower,0,11,15,0,26,0,2,26,0,28,0,13,41,0,54,68,0,68,122
01/31/2023,ANE,MN,AGL,CE,Federal Contract Tower,0,8,18,2,28,0,12,58,2,72,0,20,76,4,100,232,0,232,332
02/01/2023,ANE,MN,AGL,CE,Federal Contract Tower,0,14,30,0,44,0,4,78,0,82,0,18,108,0,126,78,0,78,204
02/02/2023,ANE,MN,AGL,CE,Federal Contract Tower,0,16,21,0,37,0,3,16,2,21,0,19,37,2,58,8,0,8,66
02/03/2023,ANE,MN,AGL,CE,Federal Contract Tower,0,5,10,0,15,0,6,32,0,38,0,11,42,0,53,108,0,108,161
02/04/2023,ANE,MN,AGL,CE,Federal Contract Tower,0,5,24,0,29,0,3,84,0,87,0,8,108,0,116,120,0,120,236
02/05/2023,ANE,MN,AGL,CE,Federal Contract Tower,0,6,28,0,34,0,4,75,0,79,0,10,103,0,113,118,0,118,231
02/06/2023,ANE,MN,AGL,CE,Federal Contract Tower,0,7,20,0,27,0,3,21,0,24,0,10,41,0,51,4,0,4,55
02/07/2023,ANE,MN,AGL,CE,Federal Contract Tower,0,4,45,0,49,0,2,70,0,72,0,6,115,0,121,218,0,218,339
02/08/2023,ANE,MN,AGL,CE,Federal Contract Tower,0,6,38,0,44,0,4,82,0,86,0,10,120,0,130,154,0,154,284
02/09/2023,ANE,MN,AGL,CE,Federal Contract Tower,0,11,11,0,22,0,2,11,0,13,0,13,22,0,35,20,0,20,55
02/10/2023,ANE,MN,AGL,CE,Federal Contract Tower,0,8,30,0,38,0,0,94,0,94,0,8,124,0,132,184,0,184,316
02/11/2023,ANE,MN,AGL,CE,Federal Contract Tower,0,3,17,0,20,0,3,103,0,106,0,6,120,0,126,194,0,194,320
02/12/2023,ANE,MN,AGL,CE,Federal Contract Tower,0,2,29,0,31,0,6,69,0,75,0,8,98,0,106,156,0,156,262
02/13/2023,ANE,MN,AGL,CE,Federal Contract Tower,0,4,38,0,42,0,2,76,0,78,0,6,114,0,120,124,0,124,244
02/14/2023,ANE,MN,AGL,CE,Federal Contract Tower,0,4,13,0,17,0,0,3,0,3,0,4,16,0,20,0,0,0,20
02/15/2023,ANE,MN,AGL,CE,Federal Contract Tower,0,9,18,3,30,0,7,14,3,24,0,16,32,6,54,54,2,56,110
02/16/2023,ANE,MN,AGL,CE,Federal Contract Tower,0,18,19,0,37,0,3,72,0,75,0,21,91,0,112,78,0,78,190
02/17/2023,ANE,MN,AGL,CE,Federal Contract Tower,0,10,30,0,40,0,7,54,0,61,0,17,84,0,101,116,0,116,217
02/18/2023,ANE,MN,AGL,CE,Federal Contract Tower,0,12,23,0,35,0,8,149,0,157,0,20,172,0,192,160,0,160,352
02/19/2023,ANE,MN,AGL,CE,Federal Contract Tower,0,7,11,0,18,0,2,22,0,24,0,9,33,0,42,44,0,44,86
02/20/2023,ANE,MN,AGL,CE,Federal Contract Tower,0,5,16,0,21,0,3,1,0,4,0,8,17,0,25,0,0,0,25
02/21/2023,ANE,MN,AGL,CE,Federal Contract Tower,0,4,23,0,27,0,1,24,0,25,0,5,47,0,52,178,0,178,230
02/22/2023,ANE,MN,AGL,CE,Federal Contract Tower,0,0,1,0,1,0,2,5,0,7,0,2,6,0,8,14,0,14,22
02/23/2023,ANE,MN,AGL,CE,Federal Contract Tower,0,7,4,0,11,0,2,0,0,2,0,9,4,0,13,0,0,0,13
02/24/2023,ANE,MN,AGL,CE,Federal Contract Tower,0,8,10,0,18,0,7,41,0,48,0,15,51,0,66,234,0,234,300
02/25/2023,ANE,MN,AGL,CE,Federal Contract Tower,0,5,25,0,30,0,6,91,0,97,0,11,116,0,127,204,0,204,331
02/26/2023,ANE,MN,AGL,CE,Federal Contract Tower,0,7,39,0,46,0,6,98,0,104,0,13,137,0,150,168,0,168,318
02/27/2023,ANE,MN,AGL,CE,Federal Contract Tower,0,5,2,0,7,0,0,0,0,0,0,5,2,0,7,0,0,0,7
02/28/2023,ANE,MN,AGL,CE,Federal Contract Tower,0,7,26,0,33,0,3,108,0,111,0,10,134,0,144,194,0,194,338
03/01/2023,ANE,MN,AGL,CE,Federal Contract Tower,0,6,14,0,20,0,0,0,0,0,0,6,14,0,20,0,0,0,20
03/02/2023,ANE,MN,AGL,CE,Federal Contract Tower,0,6,20,0,26,0,2,19,0,21,0,8,39,0,47,98,0,98,145
03/03/2023,ANE,MN,AGL,CE,Federal Contract Tower,0,6,10,0,16,0,8,55,0,63,0,14,65,0,79,98,0,98,177
03/04/2023,ANE,MN,AGL,CE,Federal Contract Tower,0,5,21,0,26,0,4,61,0,65,0,9,82,0,91,164,0,164,255
03/05/2023,ANE,MN,AGL,CE,Federal Contract Tower,0,4,9,0,13,0,0,30,0,30,0,4,39,0,43,172,0,172,215
03/06/2023,ANE,MN,AGL,CE,Federal Contract Tower,0,3,12,2,17,0,6,0,0,6,0,9,12,2,23,0,0,0,23
03/07/2023,ANE,MN,AGL,CE,Federal Contract Tower,0,7,28,0,35,0,2,46,0,48,0,9,74,0,83,128,0,128,211
03/08/2023,ANE,MN,AGL,CE,Federal Contract Tower,0,3,8,0,11,0,1,10,0,11,0,4,18,0,22,20,0,20,42
03/09/2023,ANE,MN,AGL,CE,Federal Contract Tower,0,9,12,0,21,0,0,3,0,3,0,9,15,0,24,34,0,34,58
03/10/2023,ANE,MN,AGL,CE,Federal Contract Tower,0,1,14,0,15,0,5,26,0,31,0,6,40,0,46,110,0,110,156
03/11/2023,ANE,MN,AGL,CE,Federal Contract Tower,0,0,9,0,9,0,0,0,0,0,0,0,9,0,9,8,0,8,17
03/12/2023,ANE,MN,AGL,CE,Federal Contract Tower,0,2,8,0,10,0,0,0,0,0,0,2,8,0,10,0,0,0,10
03/13/2023,ANE,MN,AGL,CE,Federal Contract Tower,0,6,18,0,24,0,11,83,0,94,0,17,101,0,118,242,0,242,360
03/14/2023,ANE,MN,AGL,CE,Federal Contract Tower,0,11,33,0,44,0,4,79,0,83,0,15,112,0,127,126,0,126,253
03/15/2023,ANE,MN,AGL,CE,Federal Contract Tower,0,8,15,0,23,0,5,45,0,50,0,13,60,0,73,156,2,158,231
03/16/2023,ANE,MN,AGL,CE,Federal Contract Tower,0,1,4,0,5,0,0,0,0,0,0,1,4,0,5,2,0,2,7
03/17/2023,ANE,MN,AGL,CE,Federal Contract Tower,0,6,8,0,14,0,2,5,0,7,0,8,13,0,21,22,0,22,43
03/18/2023,ANE,MN,AGL,CE,Federal Contract Tower,0,5,10,0,15,0,12,28,0,40,0,17,38,0,55,42,2,44,99
03/20/2023,ANE,MN,AGL,CE,Federal Contract Tower,0,11,20,0,31,0,4,59,0,63,0,15,79,0,94,98,0,98,192
03/21/2023,ANE,MN,AGL,CE,Federal Contract Tower,0,2,10,0,12,0,4,48,0,52,0,6,58,0,64,114,0,114,178
03/22/2023,ANE,MN,AGL,CE,Federal Contract Tower,0,9,11,0,20,0,2,13,0,15,0,11,24,0,35,28,4,32,67
03/23/2023,ANE,MN,AGL,CE,Federal Contract Tower,0,11,36,0,47,0,0,80,0,80,0,11,116,0,127,198,0,198,325
03/24/2023,ANE,MN,AGL,CE,Federal Contract Tower,0,19,26,0,45,0,0,84,0,84,0,19,110,0,129,204,0,204,333
03/25/2023,ANE,MN,AGL,CE,Federal Contract Tower,0,12,17,0,29,0,7,80,0,87,0,19,97,0,116,160,0,160,276
03/26/2023,ANE,MN,AGL,CE,Federal Contract Tower,0,7,21,0,28,0,2,86,0,88,0,9,107,0,116,146,0,146,262
03/27/2023,ANE,MN,AGL,CE,Federal Contract Tower,0,18,23,0,41,0,7,84,0,91,0,25,107,0,132,176,0,176,308
03/28/2023,ANE,MN,AGL,CE,Federal Contract Tower,0,21,11,0,32,0,16,67,0,83,0,37,78,0,115,118,4,122,237
03/29/2023,ANE,MN,AGL,CE,Federal Contract Tower,0,10,19,0,29,0,15,94,0,109,0,25,113,0,138,282,0,282,420
03/30/2023,ANE,MN,AGL,CE,Federal Contract Tower,0,17,22,0,39,0,4,15,2,21,0,21,37,2,60,30,0,30,90
03/31/2023,ANE,MN,AGL,CE,Federal Contract Tower,0,6,16,0,22,0,0,0,0,0,0,6,16,0,22,0,0,0,22
04/01/2023,ANE,MN,AGL,CE,Federal Contract Tower,0,6,16,0,22,0,8,14,0,22,0,14,30,0,44,24,0,24,68
04/02/2023,ANE,MN,AGL,CE,Federal Contract Tower,0,2,8,0,10,0,0,13,0,13,0,2,21,0,23,44,0,44,67
04/03/2023,ANE,MN,AGL,CE,Federal Contract Tower,0,15,23,0,38,0,18,33,0,51,0,33,56,0,89,98,0,98,187
04/04/2023,ANE,MN,AGL,CE,Federal Contract Tower,0,11,7,0,18,0,2,0,0,2,0,13,7,0,20,20,0,20,40
04/05/2023,ANE,MN,AGL,CE,Federal Contract Tower,0,3,3,0,6,0,2,1,0,3,0,5,4,0,9,0,2,2,11
04/06/2023,ANE,MN,AGL,CE,Federal Contract Tower,0,22,23,0,45,0,12,44,0,56,0,34,67,0,101,72,0,72,173
04/07/2023,ANE,MN,AGL,CE,Federal Contract Tower,0,7,29,0,36,0,31,80,0,111,0,38,109,0,147,98,0,98,245
04/08/2023,ANE,MN,AGL,CE,Federal Contract Tower,0,7,23,0,30,0,15,134,0,149,0,22,157,0,179,138,0,138,317
04/09/2023,ANE,MN,AGL,CE,Federal Contract Tower,0,1,12,0,13,0,5,24,0,29,0,6,36,0,42,24,0,24,66
04/10/2023,ANE,MN,AGL,CE,Federal Contract Tower,0,13,32,0,45,0,11,114,0,125,0,24,146,0,170,116,0,116,286
04/11/2023,ANE,MN,AGL,CE,Federal Contract Tower,0,16,30,2,48,0,8,68,0,76,0,24,98,2,124,92,0,92,216
04/12/2023,ANE,MN,AGL,CE,Federal Contract Tower,0,12,22,0,34,0,10,80,2,92,0,22,102,2,126,128,0,128,254
04/13/2023,ANE,MN,AGL,CE,Federal Contract Tower,0,12,20,0,32,0,9,59,0,68,0,21,79,0,100,122,0,122,222
04/14/2023,ANE,MN,AGL,CE,Federal Contract Tower,0,4,23,4,31,0,7,60,0,67,0,11,83,4,98,42,0,42,140
04/15/2023,ANE,MN,AGL,CE,Federal Contract Tower,0,5,36,0,41,0,0,0,0,0,0,5,36,0,41,0,0,0,41
04/16/2023,ANE,MN,AGL,CE,Federal Contract Tower,0,1,6,0,7,0,0,0,0,0,0,1,6,0,7,0,0,0,7
04/17/2023,ANE,MN,AGL,CE,Federal Contract Tower,0,8,19,0,27,0,9,22,0,31,0,17,41,0,58,0,0,0,58
04/18/2023,ANE,MN,AGL,CE,Federal Contract Tower,0,17,36,0,53,0,25,144,0,169,0,42,180,0,222,200,2,202,424
04/19/2023,ANE,MN,AGL,CE,Federal Contract Tower,0,2,20,0,22,0,0,4,2,6,0,2,24,2,28,4,18,22,50
04/20/2023,ANE,MN,AGL,CE,Federal Contract Tower,0,5,18,0,23,0,0,0,0,0,0,5,18,0,23,0,0,0,23
04/21/2023,ANE,MN,AGL,CE,Federal Contract Tower,0,7,16,0,23,0,0,6,0,6,0,7,22,0,29,0,0,0,29
04/22/2023,ANE,MN,AGL,CE,Federal Contract Tower,0,5,9,0,14,0,4,16,0,20,0,9,25,0,34,78,0,78,112
04/23/2023,ANE,MN,AGL,CE,Federal Contract Tower,0,10,27,0,37,0,9,110,0,119,0,19,137,0,156,178,0,178,334
04/24/2023,ANE,MN,AGL,CE,Federal Contract Tower,0,3,42,0,45,0,6,62,0,68,0,9,104,0,113,192,0,192,305
04/25/2023,ANE,MN,AGL,CE,Federal Contract Tower,0,10,45,0,55,0,20,166,0,186,0,30,211,0,241,144,0,144,385
04/26/2023,ANE,MN,AGL,CE,Federal Contract Tower,0,10,27,0,37,0,18,113,0,131,0,28,140,0,168,176,0,176,344
04/27/2023,ANE,MN,AGL,CE,Federal Contract Tower,0,20,18,0,38,0,14,57,0,71,0,34,75,0,109,80,0,80,189
04/28/2023,ANE,MN,AGL,CE,Federal Contract Tower,0,3,30,0,33,0,0,2,0,2,0,3,32,0,35,16,0,16,51
04/29/2023,ANE,MN,AGL,CE,Federal Contract Tower,0,5,16,0,21,0,9,12,0,21,0,14,28,0,42,24,0,24,66
04/30/2023,ANE,MN,AGL,CE,Federal Contract Tower,0,2,9,0,11,0,0,1,0,1,0,2,10,0,12,0,0,0,12
05/01/2023,ANE,MN,AGL,CE,Federal Contract Tower,0,6,24,0,30,0,14,31,0,45,0,20,55,0,75,4,0,4,79
05/02/2023,ANE,MN,AGL,CE,Federal Contract Tower,0,9,50,0,59,0,10,52,0,62,0,19,102,0,121,50,0,50,171
05/03/2023,ANE,MN,AGL,CE,Federal Contract Tower,0,18,59,0,77,0,10,160,0,170,0,28,219,0,247,134,0,134,381
05/04/2023,ANE,MN,AGL,CE,Federal Contract Tower,0,17,42,0,59,0,20,171,0,191,0,37,213,0,250,222,0,222,472
05/05/2023,ANE,MN,AGL,CE,Federal Contract Tower,0,9,32,0,41,0,18,136,2,156,0,27,168,2,197,170,0,170,367
05/06/2023,ANE,MN,AGL,CE,Federal Contract Tower,0,2,21,0,23,0,0,2,0,2,0,2,23,0,25,0,0,0,25
05/07/2023,ANE,MN,AGL,CE,Federal Contract Tower,0,8,18,0,26,0,3,86,0,89,0,11,104,0,115,152,0,152,267
05/08/2023,ANE,MN,AGL,CE,Federal Contract Tower,0,14,42,0,56,0,10,71,0,81,0,24,113,0,137,130,0,130,267
05/09/2023,ANE,MN,AGL,CE,Federal Contract Tower,0,12,36,0,48,0,4,54,0,58,0,16,90,0,106,100,0,100,206
05/10/2023,ANE,MN,AGL,CE,Federal Contract Tower,0,15,48,0,63,0,15,109,0,124,0,30,157,0,187,80,0,80,267
05/11/2023,ANE,MN,AGL,CE,Federal Contract Tower,0,18,29,2,49,0,17,71,0,88,0,35,100,2,137,170,4,174,311
05/12/2023,ANE,MN,AGL,CE,Federal Contract Tower,0,4,28,0,32,0,6,55,0,61,0,10,83,0,93,152,0,152,245
05/13/2023,ANE,MN,AGL,CE,Federal Contract Tower,0,5,7,0,12,0,6,92,0,98,0,11,99,0,110,20,0,20,130
05/14/2023,ANE,MN,AGL,CE,Federal Contract Tower,0,2,18,0,20,0,14,66,0,80,0,16,84,0,100,62,0,62,162
05/15/2023,ANE,MN,AGL,CE,Federal Contract Tower,0,28,23,0,51,1,12,123,0,136,1,40,146,0,187,148,0,148,335
05/16/2023,ANE,MN,AGL,CE,Federal Contract Tower,0,14,32,0,46,0,21,95,2,118,0,35,127,2,164,196,22,218,382
05/17/2023,ANE,MN,AGL,CE,Federal Contract Tower,0,19,48,0,67,0,8,130,0,138,0,27,178,0,205,152,0,152,357
05/18/2023,ANE,MN,AGL,CE,Federal Contract Tower,0,11,54,0,65,0,2,16,0,18,0,13,70,0,83,14,0,14,97
05/19/2023,ANE,MN,AGL,CE,Federal Contract Tower,0,13,21,0,34,0,15,77,0,92,0,28,98,0,126,188,0,188,314
05/20/2023,ANE,MN,AGL,CE,Federal Contract Tower,0,12,22,2,36,0,19,118,4,141,0,31,140,6,177,108,0,108,285
05/21/2023,ANE,MN,AGL,CE,Federal Contract Tower,0,10,27,0,37,0,19,83,0,102,0,29,110,0,139,194,0,194,333
05/22/2023,ANE,MN,AGL,CE,Federal Contract Tower,0,17,26,0,43,0,7,79,0,86,0,24,105,0,129,178,0,178,307
05/23/2023,ANE,MN,AGL,CE,Federal Contract Tower,0,10,39,0,49,0,18,111,1,130,0,28,150,1,179,130,0,130,309
05/24/2023,ANE,MN,AGL,CE,Federal Contract Tower,0,9,44,0,53,0,15,61,0,76,0,24,105,0,129,140,0,140,269
05/25/2023,ANE,MN,AGL,CE,Federal Contract Tower,0,21,26,0,47,0,31,97,0,128,0,52,123,0,175,116,0,116,291
05/26/2023,ANE,MN,AGL,CE,Federal Contract Tower,0,12,32,0,44,0,14,108,0,122,0,26,140,0,166,82,0,82,248
05/27/2023,ANE,MN,AGL,CE,Federal Contract Tower,0,8,18,0,26,0,15,75,0,90,0,23,93,0,116,136,0,136,252
05/28/2023,ANE,MN,AGL,CE,Federal Contract Tower,0,2,8,0,10,0,9,43,0,52,0,11,51,0,62,46,0,46,108
05/29/2023,ANE,MN,AGL,CE,Federal Contract Tower,0,4,35,0,39,0,8,81,0,89,0,12,116,0,128,78,0,78,206
05/30/2023,ANE,MN,AGL,CE,Federal Contract Tower,0,6,23,0,29,0,12,46,0,58,0,18,69,0,87,96,0,96,183
05/31/2023,ANE,MN,AGL,CE,Federal Contract Tower,0,14,32,0,46,0,2,88,0,90,0,16,120,0,136,150,0,150,286
06/01/2023,ANE,MN,AGL,CE,Federal Contract Tower,0,9,19,0,28,0,13,60,0,73,0,22,79,0,101,150,0,150,251
06/02/2023,ANE,MN,AGL,CE,Federal Contract Tower,0,7,18,0,25,0,9,62,0,71,0,16,80,0,96,118,0,118,214
06/03/2023,ANE,MN,AGL,CE,Federal Contract Tower,0,7,7,0,14,0,21,77,0,98,0,28,84,0,112,62,0,62,174
06/04/2023,ANE,MN,AGL,CE,Federal Contract Tower,0,3,22,0,25,0,13,72,0,85,0,16,94,0,110,72,0,72,182
06/05/2023,ANE,MN,AGL,CE,Federal Contract Tower,0,17,36,0,53,0,12,87,0,99,0,29,123,0,152,154,0,154,306
06/06/2023,ANE,MN,AGL,CE,Federal Contract Tower,0,16,26,0,42,0,6,65,0,71,0,22,91,0,113,238,0,238,351
06/07/2023,ANE,MN,AGL,CE,Federal Contract Tower,0,16,16,0,32,0,7,99,0,106,0,23,115,0,138,194,1,195,333
06/08/2023,ANE,MN,AGL,CE,Federal Contract Tower,0,15,24,0,39,0,10,80,0,90,0,25,104,0,129,258,0,258,387
06/09/2023,ANE,MN,AGL,CE,Federal Contract Tower,0,18,17,0,35,0,7,83,0,90,0,25,100,0,125,160,0,160,285
06/10/2023,ANE,MN,AGL,CE,Federal Contract Tower,0,6,13,0,19,0,2,107,0,109,0,8,120,0,128,34,0,34,162
06/11/2023,ANE,MN,AGL,CE,Federal Contract Tower,0,13,14,0,27,0,13,55,0,68,0,26,69,0,95,34,0,34,129
06/12/2023,ANE,MN,AGL,CE,Federal Contract Tower,0,14,24,0,38,0,10,58,1,69,0,24,82,1,107,104,0,104,211
06/13/2023,ANE,MN,AGL,CE,Federal Contract Tower,0,13,30,0,43,0,12,71,0,83,0,25,101,0,126,164,0,164,290
06/14/2023,ANE,MN,AGL,CE,Federal Contract Tower,0,11,38,0,49,0,2,21,0,23,0,13,59,0,72,72,0,72,144
06/15/2023,ANE,MN,AGL,CE,Federal Contract Tower,0,18,24,0,42,0,13,73,0,86,0,31,97,0,128,143,0,143,271
06/16/2023,ANE,MN,AGL,CE,Federal Contract Tower,0,8,27,0,35,0,11,82,0,93,0,19,109,0,128,112,0,112,240
06/17/2023,ANE,MN,AGL,CE,Federal Contract Tower,0,6,8,0,14,0,12,65,0,77,0,18,73,0,91,112,0,112,203
06/18/2023,ANE,MN,AGL,CE,Federal Contract Tower,0,0,33,0,33,0,4,41,0,45,0,4,74,0,78,88,0,88,166
06/19/2023,ANE,MN,AGL,CE,Federal Contract Tower,0,7,30,0,37,0,18,51,0,69,0,25,81,0,106,138,0,138,244
06/20/2023,ANE,MN,AGL,CE,Federal Contract Tower,0,23,26,0,49,0,20,85,0,105,0,43,111,0,154,156,0,156,310
06/21/2023,ANE,MN,AGL,CE,Federal Contract Tower,0,20,25,0,45,0,45,63,0,108,0,65,88,0,153,74,4,78,231
06/22/2023,ANE,MN,AGL,CE,Federal Contract Tower,0,16,34,0,50,0,12,94,0,106,0,28,128,0,156,156,0,156,312
06/23/2023,ANE,MN,AGL,CE,Federal Contract Tower,0,12,24,0,36,0,10,78,0,88,0,22,102,0,124,56,0,56,180
06/24/2023,ANE,MN,AGL,CE,Federal Contract Tower,0,2,13,0,15,0,2,17,0,19,0,4,30,0,34,24,0,24,58
06/25/2023,ANE,MN,AGL,CE,Federal Contract Tower,0,8,20,0,28,0,10,2,0,12,0,18,22,0,40,6,0,6,46
06/26/2023,ANE,MN,AGL,CE,Federal Contract Tower,0,16,32,0,48,0,4,54,0,58,0,20,86,0,106,124,0,124,230
06/27/2023,ANE,MN,AGL,CE,Federal Contract Tower,0,21,26,0,47,0,14,76,0,90,0,35,102,0,137,150,0,150,287
06/28/2023,ANE,MN,AGL,CE,Federal Contract Tower,0,13,37,0,50,0,3,28,0,31,0,16,65,0,81,76,12,88,169
06/29/2023,ANE,MN,AGL,CE,Federal Contract Tower,0,24,34,0,58,0,21,92,0,113,0,45,126,0,171,102,0,102,273
06/30/2023,ANE,MN,AGL,CE,Federal Contract Tower,0,19,56,0,75,0,8,139,0,147,0,27,195,0,222,52,0,52,274
07/01/2023,ANE,MN,AGL,CE,Federal Contract Tower,0,9,17,0,26,0,18,49,0,67,0,27,66,0,93,54,0,54,147
07/02/2023,ANE,MN,AGL,CE,Federal Contract Tower,0,7,5,0,12,0,5,59,0,64,0,12,64,0,76,66,0,66,142
07/03/2023,ANE,MN,AGL,CE,Federal Contract Tower,0,13,17,0,30,0,11,74,0,85,0,24,91,0,115,38,0,38,153
07/04/2023,ANE,MN,AGL,CE,Federal Contract Tower,0,11,4,0,15,0,13,24,0,37,0,24,28,0,52,82,0,82,134
07/05/2023,ANE,MN,AGL,CE,Federal Contract Tower,0,12,20,0,32,0,7,72,0,79,0,19,92,0,111,66,0,66,177
07/06/2023,ANE,MN,AGL,CE,Federal Contract Tower,0,12,20,0,32,0,8,94,1,103,0,20,114,1,135,140,6,146,281
07/07/2023,ANE,MN,AGL,CE,Federal Contract Tower,0,21,25,0,46,0,14,106,0,120,0,35,131,0,166,126,0,126,292
07/08/2023,ANE,MN,AGL,CE,Federal Contract Tower,0,12,27,0,39,0,17,191,0,208,0,29,218,0,247,90,0,90,337
07/09/2023,ANE,MN,AGL,CE,Federal Contract Tower,0,11,20,0,31,0,3,51,0,54,0,14,71,0,85,38,0,38,123
07/10/2023,ANE,MN,AGL,CE,Federal Contract Tower,0,12,25,0,37,0,6,61,0,67,0,18,86,0,104,128,0,128,232
07/11/2023,ANE,MN,AGL,CE,Federal Contract Tower,0,12,26,0,38,0,12,68,0,80,0,24,94,0,118,102,0,102,220
07/12/2023,ANE,MN,AGL,CE,Federal Contract Tower,0,21,24,0,45,0,20,153,0,173,0,41,177,0,218,158,0,158,376
07/13/2023,ANE,MN,AGL,CE,Federal Contract Tower,0,18,30,0,48,0,11,87,0,98,0,29,117,0,146,76,2,78,224
07/14/2023,ANE,MN,AGL,CE,Federal Contract Tower,0,13,17,0,30,0,9,103,0,112,0,22,120,0,142,88,0,88,230
07/15/2023,ANE,MN,AGL,CE,Federal Contract Tower,0,12,38,0,50,0,21,53,0,74,0,33,91,0,124,68,0,68,192
07/16/2023,ANE,MN,AGL,CE,Federal Contract Tower,0,15,14,0,29,0,19,35,0,54,0,34,49,0,83,22,0,22,105
07/17/2023,ANE,MN,AGL,CE,Federal Contract Tower,0,23,28,0,51,0,19,65,0,84,0,42,93,0,135,98,0,98,233
07/18/2023,ANE,MN,AGL,CE,Federal Contract Tower,0,10,30,0,40,0,30,101,0,131,0,40,131,0,171,152,0,152,323
07/19/2023,ANE,MN,AGL,CE,Federal Contract Tower,0,14,25,0,39,0,9,64,0,73,0,23,89,0,112,94,0,94,206
07/20/2023,ANE,MN,AGL,CE,Federal Contract Tower,0,20,44,0,64,0,10,78,0,88,0,30,122,0,152,128,0,128,280
07/21/2023,ANE,MN,AGL,CE,Federal Contract Tower,0,7,25,0,32,0,21,118,0,139,0,28,143,0,171,150,0,150,321
07/22/2023,ANE,MN,AGL,CE,Federal Contract Tower,0,2,20,0,22,0,24,88,0,112,0,26,108,0,134,102,0,102,236
07/23/2023,ANE,MN,AGL,CE,Federal Contract Tower,0,15,24,0,39,0,5,59,0,64,0,20,83,0,103,100,0,100,203
07/24/2023,ANE,MN,AGL,CE,Federal Contract Tower,0,6,23,0,29,0,4,54,0,58,0,10,77,0,87,106,0,106,193
07/25/2023,ANE,MN,AGL,CE,Federal Contract Tower,0,11,20,0,31,0,22,69,0,91,0,33,89,0,122,78,0,78,200
07/26/2023,ANE,MN,AGL,CE,Federal Contract Tower,0,9,24,0,33,0,14,87,0,101,0,23,111,0,134,62,0,62,196
07/27/2023,ANE,MN,AGL,CE,Federal Contract Tower,0,5,26,0,31,0,5,49,0,54,0,10,75,0,85,80,0,80,165
07/28/2023,ANE,MN,AGL,CE,Federal Contract Tower,0,8,19,0,27,0,12,74,0,86,0,20,93,0,113,118,0,118,231
07/29/2023,ANE,MN,AGL,CE,Federal Contract Tower,0,12,15,0,27,0,19,80,0,99,0,31,95,0,126,86,0,86,212
07/30/2023,ANE,MN,AGL,CE,Federal Contract Tower,0,14,18,0,32,0,56,116,0,172,0,70,134,0,204,100,0,100,304
07/31/2023,ANE,MN,AGL,CE,Federal Contract Tower,0,20,27,0,47,0,37,108,0,145,0,57,135,0,192,234,0,234,426
08/01/2023,ANE,MN,AGL,CE,Federal Contract Tower,0,12,23,2,37,0,58,81,0,139,0,70,104,2,176,138,4,142,318
08/02/2023,ANE,MN,AGL,CE,Federal Contract Tower,0,11,15,0,26,0,9,87,2,98,0,20,102,2,124,158,0,158,282
08/03/2023,ANE,MN,AGL,CE,Federal Contract Tower,0,7,16,0,23,0,14,93,0,107,0,21,109,0,130,152,0,152,282
08/04/2023,ANE,MN,AGL,CE,Federal Contract Tower,0,8,12,0,20,0,19,82,2,103,0,27,94,2,123,112,0,112,235
08/05/2023,ANE,MN,AGL,CE,Federal Contract Tower,0,2,11,0,13,0,3,59,0,62,0,5,70,0,75,74,0,74,149
08/06/2023,ANE,MN,AGL,CE,Federal Contract Tower,0,1,15,0,16,0,2,14,0,16,0,3,29,0,32,42,0,42,74
08/07/2023,ANE,MN,AGL,CE,Federal Contract Tower,0,18,28,0,46,0,27,84,0,111,0,45,112,0,157,140,0,140,297
08/08/2023,ANE,MN,AGL,CE,Federal Contract Tower,0,26,51,0,77,0,16,74,0,90,0,42,125,0,167,90,0,90,257
08/09/2023,ANE,MN,AGL,CE,Federal Contract Tower,0,8,17,0,25,0,7,51,0,58,0,15,68,0,83,53,0,53,136
08/10/2023,ANE,MN,AGL,CE,Federal Contract Tower,0,14,28,0,42,0,13,67,0,80,0,27,95,0,122,150,0,150,272
08/11/2023,ANE,MN,AGL,CE,Federal Contract Tower,0,15,32,0,47,0,9,64,0,73,0,24,96,0,120,90,0,90,210
08/12/2023,ANE,MN,AGL,CE,Federal Contract Tower,0,13,22,0,35,0,15,91,0,106,0,28,113,0,141,38,2,40,181
08/13/2023,ANE,MN,AGL,CE,Federal Contract Tower,0,1,15,0,16,0,6,11,0,17,0,7,26,0,33,48,0,48,81
08/14/2023,ANE,MN,AGL,CE,Federal Contract Tower,0,9,35,0,44,0,18,49,0,67,0,27,84,0,111,28,0,28,139
08/15/2023,ANE,MN,AGL,CE,Federal Contract Tower,0,14,51,0,65,0,14,91,0,105,0,28,142,0,170,106,0,106,276
08/16/2023,ANE,MN,AGL,CE,Federal Contract Tower,0,7,28,0,35,0,2,25,0,27,0,9,53,0,62,12,12,24,86
08/17/2023,ANE,MN,AGL,CE,Federal Contract Tower,0,16,28,0,44,0,13,41,0,54,0,29,69,0,98,16,0,16,114
08/18/2023,ANE,MN,AGL,CE,Federal Contract Tower,0,11,37,0,48,0,12,90,0,102,0,23,127,0,150,114,0,114,264
08/19/2023,ANE,MN,AGL,CE,Federal Contract Tower,0,16,22,0,38,0,13,55,0,68,0,29,77,0,106,98,0,98,204
08/20/2023,ANE,MN,AGL,CE,Federal Contract Tower,0,11,30,0,41,0,25,84,0,109,0,36,114,0,150,82,0,82,232
08/21/2023,ANE,MN,AGL,CE,Federal Contract Tower,0,18,36,0,54,0,10,56,0,66,0,28,92,0,120,114,0,114,234
08/22/2023,ANE,MN,AGL,CE,Federal Contract Tower,0,28,40,0,68,0,2,36,2,40,0,30,76,2,108,78,0,78,186
08/23/2023,ANE,MN,AGL,CE,Federal Contract Tower,0,16,35,0,51,0,7,48,0,55,0,23,83,0,106,126,0,126,232
08/24/2023,ANE,MN,AGL,CE,Federal Contract Tower,0,11,43,2,56,0,5,59,0,64,0,16,102,2,120,58,0,58,178
08/25/2023,ANE,MN,AGL,CE,Federal Contract Tower,0,19,39,0,58,0,18,73,0,91,0,37,112,0,149,124,0,124,273
08/26/2023,ANE,MN,AGL,CE,Federal Contract Tower,0,7,27,0,34,0,8,44,0,52,0,15,71,0,86,90,0,90,176
08/27/2023,ANE,MN,AGL,CE,Federal Contract Tower,0,6,33,0,39,0,11,86,0,97,0,17,119,0,136,98,0,98,234
08/28/2023,ANE,MN,AGL,CE,Federal Contract Tower,0,12,26,0,38,0,23,86,0,109,0,35,112,0,147,70,0,70,217
08/29/2023,ANE,MN,AGL,CE,Federal Contract Tower,0,19,29,0,48,0,20,76,0,96,0,39,105,0,144,154,0,154,298
08/30/2023,ANE,MN,AGL,CE,Federal Contract Tower,0,18,38,0,56,0,31,116,0,147,0,49,154,0,203,106,0,106,309
08/31/2023,ANE,MN,AGL,CE,Federal Contract Tower,0,25,31,0,56,0,5,70,4,79,0,30,101,4,135,28,0,28,163
