01/01/2020,APA,CO,ANM,WE,Towers with Radar,0,70,86,0,156,0,10,135,0,145,0,80,221,0,301,219,0,219,520
01/02/2020,APA,CO,ANM,WE,Towers with Radar,0,86,123,0,209,0,13,281,3,297,0,99,404,3,506,570,0,570,1076
01/03/2020,APA,CO,ANM,WE,Towers with Radar,0,73,110,5,188,0,14,273,1,288,0,87,383,6,476,380,0,380,856
01/04/2020,APA,CO,ANM,WE,Towers with Radar,0,62,83,0,145,0,13,380,0,393,0,75,463,0,538,565,0,565,1103
01/05/2020,APA,CO,ANM,WE,Towers with Radar,0,67,103,1,171,0,23,220,1,244,0,90,323,2,415,355,0,355,770
01/06/2020,APA,CO,ANM,WE,Towers with Radar,0,80,101,2,183,0,11,56,0,67,0,91,157,2,250,35,0,35,285
01/07/2020,APA,CO,ANM,WE,Towers with Radar,0,61,111,2,174,0,18,335,9,362,0,79,446,11,536,825,4,829,1365
01/08/2020,APA,CO,ANM,WE,Towers with Radar,0,85,100,6,191,0,18,195,1,214,0,103,295,7,405,254,0,254,659
01/09/2020,APA,CO,ANM,WE,Towers with Radar,0,66,109,6,181,0,16,287,2,305,0,82,396,8,486,631,0,631,1117
01/10/2020,APA,CO,ANM,WE,Towers with Radar,0,81,81,11,173,0,11,316,1,328,0,92,397,12,501,336,0,336,837
01/11/2020,APA,CO,ANM,WE,Towers with Radar,0,51,67,4,122,0,16,329,14,359,0,67,396,18,481,503,1,504,985
01/12/2020,APA,CO,ANM,WE,Towers with Radar,0,46,88,9,143,0,21,285,4,310,0,67,373,13,453,546,0,546,999
01/13/2020,APA,CO,ANM,WE,Towers with Radar,0,60,100,11,171,0,17,287,0,304,0,77,387,11,475,414,0,414,889
01/14/2020,APA,CO,ANM,WE,Towers with Radar,0,69,124,15,208,0,8,130,2,140,0,77,254,17,348,91,8,99,447
01/15/2020,APA,CO,ANM,WE,Towers with Radar,0,99,107,10,216,0,29,366,12,407,0,128,473,22,623,543,12,555,1178
01/16/2020,APA,CO,ANM,WE,Towers with Radar,0,84,133,4,221,0,13,187,7,207,0,97,320,11,428,413,0,413,841
01/17/2020,APA,CO,ANM,WE,Towers with Radar,0,100,121,15,236,0,20,38,1,59,0,120,159,16,295,112,0,112,407
01/18/2020,APA,CO,ANM,WE,Towers with Radar,0,50,91,5,146,0,25,409,1,435,0,75,500,6,581,800,6,806,1387
01/19/2020,APA,CO,ANM,WE,Towers with Radar,0,61,79,4,144,0,15,434,4,453,0,76,513,8,597,538,2,540,1137
01/20/2020,APA,CO,ANM,WE,Towers with Radar,0,72,139,5,216,0,14,505,0,519,0,86,644,5,735,669,0,669,1404
01/21/2020,APA,CO,ANM,WE,Towers with Radar,0,71,124,8,203,0,28,403,10,441,0,99,527,18,644,628,2,630,1274
01/22/2020,APA,CO,ANM,WE,Towers with Radar,0,87,144,6,237,0,14,114,9,137,0,101,258,15,374,41,0,41,415
01/23/2020,APA,CO,ANM,WE,Towers with Radar,1,80,141,3,225,0,23,390,6,419,1,103,531,9,644,723,2,725,1369
01/24/2020,APA,CO,ANM,WE,Towers with Radar,0,76,115,6,197,0,19,483,6,508,0,95,598,12,705,672,7,679,1384
01/25/2020,APA,CO,ANM,WE,Towers with Radar,0,47,72,2,121,0,14,441,0,455,0,61,513,2,576,538,0,538,1114
01/26/2020,APA,CO,ANM,WE,Towers with Radar,0,69,103,7,179,0,17,329,13,359,0,86,432,20,538,754,0,754,1292
01/27/2020,APA,CO,ANM,WE,Towers with Radar,0,66,75,4,145,0,19,100,0,119,0,85,175,4,264,317,0,317,581
01/28/2020,APA,CO,ANM,WE,Towers with Radar,0,116,112,10,238,0,23,305,2,330,0,139,417,12,568,613,0,613,1181
01/29/2020,APA,CO,ANM,WE,Towers with Radar,0,73,136,0,209,0,14,122,1,137,0,87,258,1,346,492,0,492,838
01/30/2020,APA,CO,ANM,WE,Towers with Radar,0,80,128,5,213,0,20,179,6,205,0,100,307,11,418,312,8,320,738
01/31/2020,APA,CO,ANM,WE,Towers with Radar,0,69,120,7,196,0,17,281,0,298,0,86,401,7,494,497,0,497,991
02/01/2020,APA,CO,ANM,WE,Towers with Radar,0,52,61,8,121,0,15,301,3,319,0,67,362,11,440,209,1,210,650
02/02/2020,APA,CO,ANM,WE,Towers with Radar,0,58,68,5,131,0,9,193,2,204,0,67,261,7,335,192,0,192,527
02/03/2020,APA,CO,ANM,WE,Towers with Radar,0,55,53,0,108,0,1,0,0,1,0,56,53,0,109,0,0,0,109
02/04/2020,APA,CO,ANM,WE,Towers with Radar,0,73,79,0,152,0,0,8,0,8,0,73,87,0,160,2,0,2,162
02/05/2020,APA,CO,ANM,WE,Towers with Radar,0,98,115,5,218,0,18,282,5,305,0,116,397,10,523,504,14,518,1041
02/06/2020,APA,CO,ANM,WE,Towers with Radar,0,85,128,6,219,0,13,249,2,264,0,98,377,8,483,349,0,349,832
02/07/2020,APA,CO,ANM,WE,Towers with Radar,0,60,77,0,137,0,0,0,0,0,0,60,77,0,137,0,0,0,137
02/08/2020,APA,CO,ANM,WE,Towers with Radar,0,51,95,1,147,0,10,209,0,219,0,61,304,1,366,382,0,382,748
02/09/2020,APA,CO,ANM,WE,Towers with Radar,0,63,75,0,138,0,3,3,0,6,0,66,78,0,144,12,0,12,156
02/10/2020,APA,CO,ANM,WE,Towers with Radar,0,67,93,5,165,0,5,72,1,78,0,72,165,6,243,176,0,176,419
02/11/2020,APA,CO,ANM,WE,Towers with Radar,0,79,108,10,197,0,17,177,0,194,0,96,285,10,391,388,0,388,779
02/12/2020,APA,CO,ANM,WE,Towers with Radar,0,94,128,6,228,0,15,127,0,142,0,109,255,6,370,286,0,286,656
02/13/2020,APA,CO,ANM,WE,Towers with Radar,0,96,136,2,234,0,19,176,0,195,0,115,312,2,429,566,0,566,995
02/14/2020,APA,CO,ANM,WE,Towers with Radar,0,86,114,7,207,0,32,393,4,429,0,118,507,11,636,647,6,653,1289
02/15/2020,APA,CO,ANM,WE,Towers with Radar,1,62,67,2,132,0,36,392,13,441,1,98,459,15,573,584,0,584,1157
02/16/2020,APA,CO,ANM,WE,Towers with Radar,0,53,87,2,142,0,25,299,1,325,0,78,386,3,467,720,0,720,1187
02/17/2020,APA,CO,ANM,WE,Towers with Radar,0,101,149,1,251,0,8,198,2,208,0,109,347,3,459,518,2,520,979
02/18/2020,APA,CO,ANM,WE,Towers with Radar,0,103,142,1,246,0,14,246,3,263,0,117,388,4,509,532,10,542,1051
02/19/2020,APA,CO,ANM,WE,Towers with Radar,0,100,95,4,199,0,1,1,0,2,0,101,96,4,201,0,0,0,201
02/20/2020,APA,CO,ANM,WE,Towers with Radar,0,111,145,10,266,0,12,325,12,349,0,123,470,22,615,636,0,636,1251
02/21/2020,APA,CO,ANM,WE,Towers with Radar,0,103,127,2,232,0,17,490,2,509,0,120,617,4,741,490,0,490,1231
02/22/2020,APA,CO,ANM,WE,Towers with Radar,0,49,87,5,141,0,23,477,2,502,0,72,564,7,643,654,0,654,1297
02/23/2020,APA,CO,ANM,WE,Towers with Radar,0,77,60,0,137,0,9,12,1,22,0,86,72,1,159,8,0,8,167
02/24/2020,APA,CO,ANM,WE,Towers with Radar,0,81,105,3,189,0,2,24,1,27,0,83,129,4,216,30,0,30,246
02/25/2020,APA,CO,ANM,WE,Towers with Radar,0,94,90,2,186,0,16,22,1,39,0,110,112,3,225,67,0,67,292
02/26/2020,APA,CO,ANM,WE,Towers with Radar,0,85,146,5,236,0,9,320,9,338,0,94,466,14,574,640,2,642,1216
02/27/2020,APA,CO,ANM,WE,Towers with Radar,0,106,121,4,231,0,14,172,4,190,0,120,293,8,421,255,6,261,682
02/28/2020,APA,CO,ANM,WE,Towers with Radar,0,76,121,9,206,0,20,460,19,499,0,96,581,28,705,777,10,787,1492
02/29/2020,APA,CO,ANM,WE,Towers with Radar,0,61,97,4,162,0,23,471,12,506,0,84,568,16,668,759,10,769,1437
03/01/2020,APA,CO,ANM,WE,Towers with Radar,0,63,102,7,172,0,30,159,3,192,0,93,261,10,364,464,0,464,828
03/02/2020,APA,CO,ANM,WE,Towers with Radar,0,72,98,4,174,0,9,149,4,162,0,81,247,8,336,261,1,262,598
03/03/2020,APA,CO,ANM,WE,Towers with Radar,0,74,106,4,184,0,11,303,8,322,0,85,409,12,506,609,5,614,1120
03/04/2020,APA,CO,ANM,WE,Towers with Radar,0,78,123,8,209,0,9,292,7,308,0,87,415,15,517,549,0,549,1066
03/05/2020,APA,CO,ANM,WE,Towers with Radar,0,107,110,6,223,0,50,438,3,491,0,157,548,9,714,672,9,681,1395
03/06/2020,APA,CO,ANM,WE,Towers with Radar,0,87,120,9,216,0,16,405,8,429,0,103,525,17,645,759,4,763,1408
03/07/2020,APA,CO,ANM,WE,Towers with Radar,0,43,96,6,145,0,10,364,2,376,0,53,460,8,521,620,0,620,1141
03/08/2020,APA,CO,ANM,WE,Towers with Radar,0,78,105,9,192,0,13,222,1,236,0,91,327,10,428,431,0,431,859
03/09/2020,APA,CO,ANM,WE,Towers with Radar,0,76,138,5,219,0,9,298,15,322,0,85,436,20,541,754,0,754,1295
03/10/2020,APA,CO,ANM,WE,Towers with Radar,0,74,131,0,205,0,15,397,2,414,0,89,528,2,619,823,2,825,1444
03/11/2020,APA,CO,ANM,WE,Towers with Radar,0,94,126,2,222,0,24,414,5,443,0,118,540,7,665,894,0,894,1559
03/12/2020,APA,CO,ANM,WE,Towers with Radar,0,98,98,2,198,0,21,228,11,260,0,119,326,13,458,394,11,405,863
03/13/2020,APA,CO,ANM,WE,Towers with Radar,0,79,95,3,177,0,1,2,0,3,0,80,97,3,180,0,0,0,180
03/14/2020,APA,CO,ANM,WE,Towers with Radar,0,74,126,1,201,0,10,270,1,281,0,84,396,2,482,646,0,646,1128
03/15/2020,APA,CO,ANM,WE,Towers with Radar,1,67,122,0,190,0,16,308,2,326,1,83,430,2,516,713,0,713,1229
03/16/2020,APA,CO,ANM,WE,Towers with Radar,0,87,102,2,191,0,14,314,1,329,0,101,416,3,520,528,0,528,1048
03/17/2020,APA,CO,ANM,WE,Towers with Radar,0,90,74,5,169,0,10,298,2,310,0,100,372,7,479,638,0,638,1117
03/18/2020,APA,CO,ANM,WE,Towers with Radar,0,52,85,1,138,0,10,265,0,275,0,62,350,1,413,496,0,496,909
03/19/2020,APA,CO,ANM,WE,Towers with Radar,0,25,20,0,45,0,3,0,0,3,0,28,20,0,48,0,0,0,48
03/20/2020,APA,CO,ANM,WE,Towers with Radar,0,59,53,2,114,0,0,0,0,0,0,59,53,2,114,0,0,0,114
03/21/2020,APA,CO,ANM,WE,Towers with Radar,0,44,59,0,103,0,16,235,1,252,0,60,294,1,355,490,0,490,845
03/22/2020,APA,CO,ANM,WE,Towers with Radar,0,56,39,0,95,0,6,220,0,226,0,62,259,0,321,414,0,414,735
03/23/2020,APA,CO,ANM,WE,Towers with Radar,0,45,45,2,92,0,3,142,0,145,0,48,187,2,237,529,0,529,766
03/24/2020,APA,CO,ANM,WE,Towers with Radar,0,38,49,0,87,0,23,325,1,349,0,61,374,1,436,824,1,825,1261
03/25/2020,APA,CO,ANM,WE,Towers with Radar,0,27,33,0,60,0,2,138,4,144,0,29,171,4,204,213,2,215,419
03/26/2020,APA,CO,ANM,WE,Towers with Radar,0,41,38,2,81,0,2,142,2,146,0,43,180,4,227,298,0,298,525
03/27/2020,APA,CO,ANM,WE,Towers with Radar,0,40,30,2,72,0,0,3,0,3,0,40,33,2,75,10,0,10,85
03/28/2020,APA,CO,ANM,WE,Towers with Radar,0,32,27,0,59,0,2,57,0,59,0,34,84,0,118,163,0,163,281
03/29/2020,APA,CO,ANM,WE,Towers with Radar,0,33,38,0,71,0,9,236,0,245,0,42,274,0,316,411,0,411,727
03/30/2020,APA,CO,ANM,WE,Towers with Radar,0,30,34,0,64,0,16,105,7,128,0,46,139,7,192,410,0,410,602
03/31/2020,APA,CO,ANM,WE,Towers with Radar,0,33,35,1,69,0,4,205,0,209,0,37,240,1,278,452,0,452,730
04/01/2020,APA,CO,ANM,WE,Towers with Radar,0,38,45,6,89,0,11,205,1,217,0,49,250,7,306,550,9,559,865
04/02/2020,APA,CO,ANM,WE,Towers with Radar,0,25,21,0,46,0,0,0,0,0,0,25,21,0,46,0,0,0,46
04/03/2020,APA,CO,ANM,WE,Towers with Radar,0,34,42,0,76,0,12,86,0,98,0,46,128,0,174,226,0,226,400
04/04/2020,APA,CO,ANM,WE,Towers with Radar,0,20,20,0,40,0,8,113,4,125,0,28,133,4,165,160,0,160,325
04/05/2020,APA,CO,ANM,WE,Towers with Radar,0,24,16,0,40,0,3,114,0,117,0,27,130,0,157,50,0,50,207
04/06/2020,APA,CO,ANM,WE,Towers with Radar,0,33,20,4,57,0,12,72,1,85,0,45,92,5,142,72,0,72,214
04/07/2020,APA,CO,ANM,WE,Towers with Radar,0,35,26,3,64,0,16,84,3,103,0,51,110,6,167,85,4,89,256
04/08/2020,APA,CO,ANM,WE,Towers with Radar,0,25,31,1,57,0,12,112,1,125,0,37,143,2,182,127,0,127,309
04/09/2020,APA,CO,ANM,WE,Towers with Radar,0,36,39,1,76,0,7,83,4,94,0,43,122,5,170,119,4,123,293
04/10/2020,APA,CO,ANM,WE,Towers with Radar,0,46,43,0,89,0,12,96,0,108,0,58,139,0,197,107,0,107,304
04/11/2020,APA,CO,ANM,WE,Towers with Radar,0,30,20,4,54,0,15,164,0,179,0,45,184,4,233,251,0,251,484
04/12/2020,APA,CO,ANM,WE,Towers with Radar,0,15,7,0,22,0,0,0,0,0,0,15,7,0,22,0,0,0,22
04/13/2020,APA,CO,ANM,WE,Towers with Radar,0,26,16,2,44,0,0,0,0,0,0,26,16,2,44,0,0,0,44
04/14/2020,APA,CO,ANM,WE,Towers with Radar,0,28,29,1,58,0,5,63,4,72,0,33,92,5,130,32,14,46,176
04/15/2020,APA,CO,ANM,WE,Towers with Radar,0,42,44,0,86,0,3,80,0,83,0,45,124,0,169,162,0,162,331
04/16/2020,APA,CO,ANM,WE,Towers with Radar,0,30,16,0,46,0,0,0,0,0,0,30,16,0,46,0,0,0,46
04/17/2020,APA,CO,ANM,WE,Towers with Radar,0,39,55,5,99,0,5,100,0,105,0,44,155,5,204,116,0,116,320
04/18/2020,APA,CO,ANM,WE,Towers with Radar,0,26,28,0,54,0,16,81,0,97,0,42,109,0,151,95,0,95,246
04/19/2020,APA,CO,ANM,WE,Towers with Radar,0,32,31,0,63,0,10,125,0,135,0,42,156,0,198,168,0,168,366
04/20/2020,APA,CO,ANM,WE,Towers with Radar,0,31,37,2,70,0,10,117,3,130,0,41,154,5,200,183,0,183,383
04/21/2020,APA,CO,ANM,WE,Towers with Radar,0,27,28,0,55,0,15,86,3,104,0,42,114,3,159,215,0,215,374
04/22/2020,APA,CO,ANM,WE,Towers with Radar,0,39,63,2,104,0,18,97,19,134,0,57,160,21,238,132,6,138,376
04/23/2020,APA,CO,ANM,WE,Towers with Radar,0,35,54,5,94,0,16,111,4,131,0,51,165,9,225,118,0,118,343
04/24/2020,APA,CO,ANM,WE,Towers with Radar,0,37,35,2,74,0,11,50,1,62,0,48,85,3,136,75,0,75,211
04/25/2020,APA,CO,ANM,WE,Towers with Radar,0,29,26,0,55,0,14,163,1,178,0,43,189,1,233,219,0,219,452
04/26/2020,APA,CO,ANM,WE,Towers with Radar,0,27,30,0,57,0,27,119,0,146,0,54,149,0,203,183,0,183,386
04/27/2020,APA,CO,ANM,WE,Towers with Radar,0,24,45,6,75,0,15,267,0,282,0,39,312,6,357,478,0,478,835
04/28/2020,APA,CO,ANM,WE,Towers with Radar,0,38,48,5,91,0,5,141,0,146,0,43,189,5,237,287,0,287,524
04/29/2020,APA,CO,ANM,WE,Towers with Radar,0,32,64,0,96,0,10,367,5,382,0,42,431,5,478,643,2,645,1123
04/30/2020,APA,CO,ANM,WE,Towers with Radar,0,46,45,2,93,0,8,295,8,311,0,54,340,10,404,681,4,685,1089
05/01/2020,APA,CO,ANM,WE,Towers with Radar,0,35,57,10,102,0,9,265,7,281,0,44,322,17,383,467,2,469,852
05/02/2020,APA,CO,ANM,WE,Towers with Radar,0,41,56,0,97,0,0,48,2,50,0,41,104,2,147,122,0,122,269
05/03/2020,APA,CO,ANM,WE,Towers with Radar,0,40,24,2,66,0,13,242,0,255,0,53,266,2,321,372,0,372,693
05/04/2020,APA,CO,ANM,WE,Towers with Radar,0,25,64,0,89,0,11,286,0,297,0,36,350,0,386,519,0,519,905
05/05/2020,APA,CO,ANM,WE,Towers with Radar,0,42,52,2,96,0,21,398,3,422,0,63,450,5,518,827,0,827,1345
05/06/2020,APA,CO,ANM,WE,Towers with Radar,0,42,58,2,102,0,27,324,9,360,0,69,382,11,462,744,9,753,1215
05/07/2020,APA,CO,ANM,WE,Towers with Radar,0,51,72,2,125,0,15,181,1,197,0,66,253,3,322,328,0,328,650
05/08/2020,APA,CO,ANM,WE,Towers with Radar,0,27,90,3,120,0,2,217,0,219,0,29,307,3,339,607,0,607,946
05/09/2020,APA,CO,ANM,WE,Towers with Radar,0,41,58,2,101,0,2,165,1,168,0,43,223,3,269,409,0,409,678
05/10/2020,APA,CO,ANM,WE,Towers with Radar,0,28,49,2,79,0,3,245,2,250,0,31,294,4,329,518,0,518,847
05/11/2020,APA,CO,ANM,WE,Towers with Radar,0,38,64,4,106,0,5,92,5,102,0,43,156,9,208,565,5,570,778
05/12/2020,APA,CO,ANM,WE,Towers with Radar,0,49,76,2,127,0,8,219,0,227,0,57,295,2,354,562,0,562,916
05/13/2020,APA,CO,ANM,WE,Towers with Radar,0,53,84,1,138,0,27,459,2,488,0,80,543,3,626,812,2,814,1440
05/14/2020,APA,CO,ANM,WE,Towers with Radar,0,38,86,4,128,0,9,277,3,289,0,47,363,7,417,371,2,373,790
05/15/2020,APA,CO,ANM,WE,Towers with Radar,0,56,88,2,146,0,7,242,6,255,0,63,330,8,401,567,0,567,968
05/16/2020,APA,CO,ANM,WE,Towers with Radar,0,35,67,2,104,0,14,340,0,354,0,49,407,2,458,670,0,670,1128
05/17/2020,APA,CO,ANM,WE,Towers with Radar,0,49,71,1,121,0,5,442,1,448,0,54,513,2,569,714,0,714,1283
05/18/2020,APA,CO,ANM,WE,Towers with Radar,0,51,79,0,130,0,8,317,0,325,0,59,396,0,455,824,0,824,1279
05/19/2020,APA,CO,ANM,WE,Towers with Radar,0,49,73,2,124,0,11,189,0,200,0,60,262,2,324,176,0,176,500
05/20/2020,APA,CO,ANM,WE,Towers with Radar,0,51,75,6,132,0,8,106,0,114,0,59,181,6,246,286,0,286,532
05/21/2020,APA,CO,ANM,WE,Towers with Radar,0,62,87,5,154,0,15,426,2,443,0,77,513,7,597,918,0,918,1515
05/22/2020,APA,CO,ANM,WE,Towers with Radar,0,61,112,8,181,0,12,296,1,309,0,73,408,9,490,585,0,585,1075
05/23/2020,APA,CO,ANM,WE,Towers with Radar,0,49,48,2,99,0,7,276,0,283,0,56,324,2,382,559,0,559,941
05/24/2020,APA,CO,ANM,WE,Towers with Radar,0,30,36,2,68,0,3,67,0,70,0,33,103,2,138,274,0,274,412
05/25/2020,APA,CO,ANM,WE,Towers with Radar,0,56,70,2,128,0,3,306,17,326,0,59,376,19,454,671,0,671,1125
05/26/2020,APA,CO,ANM,WE,Towers with Radar,0,59,89,2,150,0,23,483,0,506,0,82,572,2,656,871,0,871,1527
05/27/2020,APA,CO,ANM,WE,Towers with Radar,0,67,68,4,139,0,12,420,1,433,0,79,488,5,572,577,0,577,1149
05/28/2020,APA,CO,ANM,WE,Towers with Radar,0,53,164,4,221,0,12,218,1,231,0,65,382,5,452,885,0,885,1337
05/29/2020,APA,CO,ANM,WE,Towers with Radar,0,50,85,4,139,0,8,334,2,344,0,58,419,6,483,715,0,715,1198
05/30/2020,APA,CO,ANM,WE,Towers with Radar,1,53,65,2,121,0,14,260,1,275,1,67,325,3,396,518,0,518,914
05/31/2020,APA,CO,ANM,WE,Towers with Radar,0,46,72,7,125,0,15,243,0,258,0,61,315,7,383,452,4,456,839
06/01/2020,APA,CO,ANM,WE,Towers with Radar,0,44,98,6,148,0,18,231,4,253,0,62,329,10,401,653,16,669,1070
06/02/2020,APA,CO,ANM,WE,Towers with Radar,0,47,121,5,173,0,20,341,21,382,0,67,462,26,555,765,0,765,1320
06/03/2020,APA,CO,ANM,WE,Towers with Radar,0,54,117,5,176,0,20,509,3,532,0,74,626,8,708,667,18,685,1393
06/04/2020,APA,CO,ANM,WE,Towers with Radar,0,74,133,5,212,0,16,393,2,411,0,90,526,7,623,646,10,656,1279
06/05/2020,APA,CO,ANM,WE,Towers with Radar,0,64,112,0,176,0,17,548,9,574,0,81,660,9,750,632,0,632,1382
06/06/2020,APA,CO,ANM,WE,Towers with Radar,0,44,50,3,97,0,9,53,0,62,0,53,103,3,159,14,0,14,173
06/07/2020,APA,CO,ANM,WE,Towers with Radar,0,58,76,4,138,0,2,126,0,128,0,60,202,4,266,329,0,329,595
06/08/2020,APA,CO,ANM,WE,Towers with Radar,0,50,89,2,141,0,12,223,5,240,0,62,312,7,381,368,10,378,759
06/09/2020,APA,CO,ANM,WE,Towers with Radar,0,70,82,5,157,0,4,64,1,69,0,74,146,6,226,219,0,219,445
06/10/2020,APA,CO,ANM,WE,Towers with Radar,0,80,118,2,200,0,6,539,4,549,0,86,657,6,749,832,0,832,1581
06/11/2020,APA,CO,ANM,WE,Towers with Radar,0,77,117,5,199,0,13,454,1,468,0,90,571,6,667,674,6,680,1347
06/12/2020,APA,CO,ANM,WE,Towers with Radar,0,77,123,4,204,0,16,341,4,361,0,93,464,8,565,275,8,283,848
06/13/2020,APA,CO,ANM,WE,Towers with Radar,0,54,61,1,116,0,10,258,1,269,0,64,319,2,385,358,0,358,743
06/14/2020,APA,CO,ANM,WE,Towers with Radar,0,52,71,4,127,0,11,148,0,159,0,63,219,4,286,186,0,186,472
06/15/2020,APA,CO,ANM,WE,Towers with Radar,0,63,109,7,179,0,11,475,3,489,0,74,584,10,668,249,0,249,917
06/16/2020,APA,CO,ANM,WE,Towers with Radar,0,82,88,11,181,0,13,353,2,368,0,95,441,13,549,134,0,134,683
06/17/2020,APA,CO,ANM,WE,Towers with Radar,0,76,117,11,204,0,4,269,3,276,0,80,386,14,480,92,0,92,572
06/18/2020,APA,CO,ANM,WE,Towers with Radar,0,67,142,7,216,0,16,311,9,336,0,83,453,16,552,95,0,95,647
06/19/2020,APA,CO,ANM,WE,Towers with Radar,0,66,99,5,170,0,16,230,2,248,0,82,329,7,418,274,0,274,692
06/20/2020,APA,CO,ANM,WE,Towers with Radar,0,63,95,4,162,0,3,402,0,405,0,66,497,4,567,136,0,136,703
06/21/2020,APA,CO,ANM,WE,Towers with Radar,0,68,70,2,140,0,10,225,0,235,0,78,295,2,375,254,0,254,629
06/22/2020,APA,CO,ANM,WE,Towers with Radar,0,57,127,5,189,0,11,549,0,560,0,68,676,5,749,162,0,162,911
06/23/2020,APA,CO,ANM,WE,Towers with Radar,0,73,104,6,183,0,12,499,4,515,0,85,603,10,698,205,0,205,903
06/24/2020,APA,CO,ANM,WE,Towers with Radar,0,91,104,0,195,0,18,500,2,520,0,109,604,2,715,136,0,136,851
06/25/2020,APA,CO,ANM,WE,Towers with Radar,0,91,120,11,222,0,12,404,2,418,0,103,524,13,640,149,0,149,789
06/26/2020,APA,CO,ANM,WE,Towers with Radar,0,82,123,8,213,0,8,305,2,315,0,90,428,10,528,61,0,61,589
06/27/2020,APA,CO,ANM,WE,Towers with Radar,0,67,90,7,164,0,17,281,3,301,0,84,371,10,465,139,4,143,608
06/28/2020,APA,CO,ANM,WE,Towers with Radar,0,93,98,5,196,0,19,270,3,292,0,112,368,8,488,162,0,162,650
06/29/2020,APA,CO,ANM,WE,Towers with Radar,0,78,104,2,184,0,8,208,5,221,0,86,312,7,405,108,6,114,519
06/30/2020,APA,CO,ANM,WE,Towers with Radar,0,76,102,6,184,0,23,343,2,368,0,99,445,8,552,175,0,175,727
07/01/2020,APA,CO,ANM,WE,Towers with Radar,0,111,149,3,263,0,16,303,1,320,0,127,452,4,583,118,0,118,701
07/02/2020,APA,CO,ANM,WE,Towers with Radar,0,64,158,4,226,0,7,346,2,355,0,71,504,6,581,680,0,680,1261
07/03/2020,APA,CO,ANM,WE,Towers with Radar,0,52,111,2,165,0,15,301,0,316,0,67,412,2,481,487,0,487,968
07/04/2020,APA,CO,ANM,WE,Towers with Radar,0,25,43,1,69,0,16,178,8,202,0,41,221,9,271,178,0,178,449
07/05/2020,APA,CO,ANM,WE,Towers with Radar,0,77,125,2,204,0,10,255,0,265,0,87,380,2,469,346,1,347,816
07/06/2020,APA,CO,ANM,WE,Towers with Radar,0,64,116,8,188,0,16,331,6,353,0,80,447,14,541,707,0,707,1248
07/07/2020,APA,CO,ANM,WE,Towers with Radar,0,66,103,4,173,0,10,301,6,317,0,76,404,10,490,517,16,533,1023
07/08/2020,APA,CO,ANM,WE,Towers with Radar,0,59,120,10,189,0,12,407,12,431,0,71,527,22,620,774,12,786,1406
07/09/2020,APA,CO,ANM,WE,Towers with Radar,0,73,101,8,182,0,13,363,4,380,0,86,464,12,562,656,6,662,1224
07/10/2020,APA,CO,ANM,WE,Towers with Radar,0,47,143,2,192,0,5,320,11,336,0,52,463,13,528,698,11,709,1237
07/11/2020,APA,CO,ANM,WE,Towers with Radar,0,72,75,2,149,0,22,282,1,305,0,94,357,3,454,396,0,396,850
07/12/2020,APA,CO,ANM,WE,Towers with Radar,0,78,113,5,196,0,15,169,0,184,0,93,282,5,380,390,0,390,770
07/13/2020,APA,CO,ANM,WE,Towers with Radar,1,83,89,3,176,0,7,244,5,256,1,90,333,8,432,124,0,124,556
07/14/2020,APA,CO,ANM,WE,Towers with Radar,0,61,118,2,181,0,10,253,7,270,0,71,371,9,451,548,4,552,1003
07/15/2020,APA,CO,ANM,WE,Towers with Radar,0,82,146,6,234,0,11,225,1,237,0,93,371,7,471,529,10,539,1010
07/16/2020,APA,CO,ANM,WE,Towers with Radar,0,72,104,7,183,0,20,290,4,314,0,92,394,11,497,565,2,567,1064
07/17/2020,APA,CO,ANM,WE,Towers with Radar,0,68,115,5,188,0,18,398,3,419,0,86,513,8,607,605,2,607,1214
07/18/2020,APA,CO,ANM,WE,Towers with Radar,0,82,103,3,188,0,24,292,4,320,0,106,395,7,508,473,6,479,987
07/19/2020,APA,CO,ANM,WE,Towers with Radar,0,67,95,2,164,0,8,207,1,216,0,75,302,3,380,497,0,497,877
07/20/2020,APA,CO,ANM,WE,Towers with Radar,0,68,103,5,176,0,58,384,5,447,0,126,487,10,623,746,0,746,1369
07/21/2020,APA,CO,ANM,WE,Towers with Radar,0,97,118,7,222,0,68,327,7,402,0,165,445,14,624,671,4,675,1299
07/22/2020,APA,CO,ANM,WE,Towers with Radar,0,82,135,6,223,0,26,357,7,390,0,108,492,13,613,866,0,866,1479
07/23/2020,APA,CO,ANM,WE,Towers with Radar,0,97,155,7,259,0,41,339,2,382,0,138,494,9,641,1030,0,1030,1671
07/24/2020,APA,CO,ANM,WE,Towers with Radar,0,81,106,10,197,0,41,269,4,314,0,122,375,14,511,506,0,506,1017
07/25/2020,APA,CO,ANM,WE,Towers with Radar,0,68,72,3,143,0,35,246,0,281,0,103,318,3,424,473,0,473,897
07/26/2020,APA,CO,ANM,WE,Towers with Radar,0,71,116,5,192,0,35,269,10,314,0,106,385,15,506,482,1,483,989
07/27/2020,APA,CO,ANM,WE,Towers with Radar,1,78,97,6,182,0,87,351,11,449,1,165,448,17,631,772,12,784,1415
07/28/2020,APA,CO,ANM,WE,Towers with Radar,0,71,105,0,176,0,63,320,1,384,0,134,425,1,560,740,0,740,1300
07/29/2020,APA,CO,ANM,WE,Towers with Radar,0,87,101,7,195,0,25,337,12,374,0,112,438,19,569,386,22,408,977
07/30/2020,APA,CO,ANM,WE,Towers with Radar,0,93,141,1,235,0,24,281,2,307,0,117,422,3,542,699,2,701,1243
07/31/2020,APA,CO,ANM,WE,Towers with Radar,0,85,144,7,236,0,53,356,1,410,0,138,500,8,646,673,0,673,1319
08/01/2020,APA,CO,ANM,WE,Towers with Radar,1,74,115,3,193,0,34,388,3,425,1,108,503,6,618,523,0,523,1141
08/02/2020,APA,CO,ANM,WE,Towers with Radar,0,88,92,2,182,0,40,279,5,324,0,128,371,7,506,633,0,633,1139
08/03/2020,APA,CO,ANM,WE,Towers with Radar,0,69,135,7,211,0,101,375,3,479,0,170,510,10,690,601,0,601,1291
08/04/2020,APA,CO,ANM,WE,Towers with Radar,0,73,100,6,179,0,59,353,5,417,0,132,453,11,596,658,4,662,1258
08/05/2020,APA,CO,ANM,WE,Towers with Radar,1,86,158,8,253,0,84,365,1,450,1,170,523,9,703,756,0,756,1459
08/06/2020,APA,CO,ANM,WE,Towers with Radar,0,78,135,6,219,0,48,382,8,438,0,126,517,14,657,632,0,632,1289
08/07/2020,APA,CO,ANM,WE,Towers with Radar,0,80,151,4,235,0,75,354,14,443,0,155,505,18,678,637,11,648,1326
08/08/2020,APA,CO,ANM,WE,Towers with Radar,0,99,91,0,190,0,41,359,0,400,0,140,450,0,590,301,0,301,891
08/09/2020,APA,CO,ANM,WE,Towers with Radar,0,85,113,4,202,0,48,271,0,319,0,133,384,4,521,450,0,450,971
08/10/2020,APA,CO,ANM,WE,Towers with Radar,0,78,113,7,198,0,82,254,9,345,0,160,367,16,543,621,6,627,1170
08/11/2020,APA,CO,ANM,WE,Towers with Radar,0,87,97,9,193,0,63,398,11,472,0,150,495,20,665,720,16,736,1401
08/12/2020,APA,CO,ANM,WE,Towers with Radar,0,92,125,0,217,0,72,374,8,454,0,164,499,8,671,766,15,781,1452
08/13/2020,APA,CO,ANM,WE,Towers with Radar,0,92,135,11,238,0,58,354,15,427,0,150,489,26,665,741,10,751,1416
08/14/2020,APA,CO,ANM,WE,Towers with Radar,0,76,123,16,215,0,48,256,2,306,0,124,379,18,521,333,6,339,860
08/15/2020,APA,CO,ANM,WE,Towers with Radar,0,81,91,9,181,0,52,224,0,276,0,133,315,9,457,499,0,499,956
08/16/2020,APA,CO,ANM,WE,Towers with Radar,0,83,102,7,192,0,49,252,5,306,0,132,354,12,498,556,15,571,1069
08/17/2020,APA,CO,ANM,WE,Towers with Radar,0,84,123,13,220,0,68,306,6,380,0,152,429,19,600,569,0,569,1169
08/18/2020,APA,CO,ANM,WE,Towers with Radar,0,89,111,7,207,0,59,333,4,396,0,148,444,11,603,730,0,730,1333
08/19/2020,APA,CO,ANM,WE,Towers with Radar,0,105,119,6,230,0,58,244,15,317,0,163,363,21,547,596,26,622,1169
08/20/2020,APA,CO,ANM,WE,Towers with Radar,0,113,128,3,244,0,58,254,3,315,0,171,382,6,559,536,16,552,1111
08/21/2020,APA,CO,ANM,WE,Towers with Radar,0,78,114,8,200,0,60,285,2,347,0,138,399,10,547,387,0,387,934
08/22/2020,APA,CO,ANM,WE,Towers with Radar,0,67,101,12,180,0,25,240,3,268,0,92,341,15,448,441,0,441,889
08/23/2020,APA,CO,ANM,WE,Towers with Radar,3,63,122,4,192,0,41,229,0,270,3,104,351,4,462,476,0,476,938
08/24/2020,APA,CO,ANM,WE,Towers with Radar,0,86,126,9,221,0,36,285,0,321,0,122,411,9,542,687,2,689,1231
08/25/2020,APA,CO,ANM,WE,Towers with Radar,0,78,123,6,207,0,58,228,6,292,0,136,351,12,499,589,12,601,1100
08/26/2020,APA,CO,ANM,WE,Towers with Radar,0,86,105,9,200,0,51,307,15,373,0,137,412,24,573,763,17,780,1353
08/27/2020,APA,CO,ANM,WE,Towers with Radar,0,93,123,5,221,0,61,342,2,405,0,154,465,7,626,769,1,770,1396
08/28/2020,APA,CO,ANM,WE,Towers with Radar,0,90,115,10,215,0,50,212,0,262,0,140,327,10,477,478,0,478,955
08/29/2020,APA,CO,ANM,WE,Towers with Radar,0,50,61,5,116,0,37,237,2,276,0,87,298,7,392,592,0,592,984
08/30/2020,APA,CO,ANM,WE,Towers with Radar,0,54,91,4,149,0,52,244,1,297,0,106,335,5,446,315,0,315,761
08/31/2020,APA,CO,ANM,WE,Towers with Radar,0,97,121,6,224,0,63,314,9,386,0,160,435,15,610,536,2,538,1148
09/01/2020,APA,CO,ANM,WE,Towers with Radar,0,69,104,6,179,0,68,384,14,466,0,137,488,20,645,839,12,851,1496
09/02/2020,APA,CO,ANM,WE,Towers with Radar,0,91,123,2,216,0,81,468,11,560,0,172,591,13,776,821,6,827,1603
09/03/2020,APA,CO,ANM,WE,Towers with Radar,0,93,138,8,239,0,92,337,4,433,0,185,475,12,672,686,0,686,1358
09/04/2020,APA,CO,ANM,WE,Towers with Radar,0,105,105,2,212,0,97,532,0,629,0,202,637,2,841,862,0,862,1703
09/05/2020,APA,CO,ANM,WE,Towers with Radar,0,43,80,4,127,0,49,270,2,321,0,92,350,6,448,527,0,527,975
09/06/2020,APA,CO,ANM,WE,Towers with Radar,0,61,66,6,133,0,45,226,1,272,0,106,292,7,405,292,0,292,697
09/07/2020,APA,CO,ANM,WE,Towers with Radar,0,91,154,7,252,0,43,231,2,276,0,134,385,9,528,422,0,422,950
09/08/2020,APA,CO,ANM,WE,Towers with Radar,0,62,48,5,115,0,0,0,0,0,0,62,48,5,115,0,0,0,115
09/09/2020,APA,CO,ANM,WE,Towers with Radar,0,98,103,3,204,0,14,93,0,107,0,112,196,3,311,200,0,200,511
09/10/2020,APA,CO,ANM,WE,Towers with Radar,0,91,134,1,226,0,64,173,0,237,0,155,307,1,463,1032,0,1032,1495
09/11/2020,APA,CO,ANM,WE,Towers with Radar,0,88,150,7,245,0,60,400,5,465,0,148,550,12,710,572,0,572,1282
09/12/2020,APA,CO,ANM,WE,Towers with Radar,0,72,63,2,137,0,68,363,0,431,0,140,426,2,568,623,0,623,1191
09/13/2020,APA,CO,ANM,WE,Towers with Radar,0,76,91,2,169,0,55,376,0,431,0,131,467,2,600,613,0,613,1213
09/14/2020,APA,CO,ANM,WE,Towers with Radar,2,84,100,6,192,0,69,447,1,517,2,153,547,7,709,861,0,861,1570
09/15/2020,APA,CO,ANM,WE,Towers with Radar,0,87,102,5,194,0,89,400,6,495,0,176,502,11,689,905,0,905,1594
09/16/2020,APA,CO,ANM,WE,Towers with Radar,1,84,148,3,236,0,65,231,4,300,1,149,379,7,536,755,2,757,1293
09/17/2020,APA,CO,ANM,WE,Towers with Radar,0,95,142,3,240,0,75,326,8,409,0,170,468,11,649,960,1,961,1610
09/18/2020,APA,CO,ANM,WE,Towers with Radar,0,83,135,9,227,0,59,327,2,388,0,142,462,11,615,543,4,547,1162
09/19/2020,APA,CO,ANM,WE,Towers with Radar,0,39,72,17,128,0,44,258,21,323,0,83,330,38,451,318,10,328,779
09/20/2020,APA,CO,ANM,WE,Towers with Radar,0,91,112,3,206,0,43,286,2,331,0,134,398,5,537,601,0,601,1138
09/21/2020,APA,CO,ANM,WE,Towers with Radar,0,70,111,12,193,0,77,408,6,491,0,147,519,18,684,544,2,546,1230
09/22/2020,APA,CO,ANM,WE,Towers with Radar,0,90,95,5,190,0,78,298,1,377,0,168,393,6,567,711,0,711,1278
09/23/2020,APA,CO,ANM,WE,Towers with Radar,0,102,131,6,239,0,105,380,0,485,0,207,511,6,724,795,0,795,1519
09/24/2020,APA,CO,ANM,WE,Towers with Radar,0,117,119,8,244,0,96,350,5,451,0,213,469,13,695,830,1,831,1526
09/25/2020,APA,CO,ANM,WE,Towers with Radar,0,66,136,6,208,0,76,368,2,446,0,142,504,8,654,659,0,659,1313
09/26/2020,APA,CO,ANM,WE,Towers with Radar,0,68,67,4,139,0,16,173,4,193,0,84,240,8,332,464,0,464,796
09/27/2020,APA,CO,ANM,WE,Towers with Radar,0,89,106,4,199,0,11,149,1,161,0,100,255,5,360,296,0,296,656
09/28/2020,APA,CO,ANM,WE,Towers with Radar,0,89,111,7,207,0,52,257,1,310,0,141,368,8,517,560,0,560,1077
09/29/2020,APA,CO,ANM,WE,Towers with Radar,0,71,126,4,201,0,102,358,0,460,0,173,484,4,661,843,0,843,1504
09/30/2020,APA,CO,ANM,WE,Towers with Radar,0,90,127,8,225,0,37,259,5,301,0,127,386,13,526,704,0,704,1230
10/01/2020,APA,CO,ANM,WE,Towers with Radar,0,82,135,7,224,0,97,314,3,414,0,179,449,10,638,761,1,762,1400
10/02/2020,APA,CO,ANM,WE,Towers with Radar,0,83,128,17,228,0,61,342,1,404,0,144,470,18,632,501,0,501,1133
10/03/2020,APA,CO,ANM,WE,Towers with Radar,0,71,78,5,154,0,25,293,0,318,0,96,371,5,472,496,0,496,968
10/04/2020,APA,CO,ANM,WE,Towers with Radar,0,64,126,3,193,0,12,295,0,307,0,76,421,3,500,470,0,470,970
10/05/2020,APA,CO,ANM,WE,Towers with Radar,0,85,98,7,190,0,49,228,10,287,0,134,326,17,477,457,12,469,946
10/06/2020,APA,CO,ANM,WE,Towers with Radar,0,88,118,5,211,0,87,370,6,463,0,175,488,11,674,727,12,739,1413
10/07/2020,APA,CO,ANM,WE,Towers with Radar,0,90,137,9,236,0,58,283,10,351,0,148,420,19,587,641,10,651,1238
10/08/2020,APA,CO,ANM,WE,Towers with Radar,0,68,133,7,208,0,58,327,5,390,0,126,460,12,598,573,4,577,1175
10/09/2020,APA,CO,ANM,WE,Towers with Radar,1,76,106,10,193,0,68,378,8,454,1,144,484,18,647,727,10,737,1384
10/10/2020,APA,CO,ANM,WE,Towers with Radar,0,67,92,9,168,0,23,283,4,310,0,90,375,13,478,417,0,417,895
10/11/2020,APA,CO,ANM,WE,Towers with Radar,0,68,109,4,181,0,9,70,1,80,0,77,179,5,261,98,0,98,359
10/12/2020,APA,CO,ANM,WE,Towers with Radar,0,69,113,12,194,0,42,198,4,244,0,111,311,16,438,558,4,562,1000
10/13/2020,APA,CO,ANM,WE,Towers with Radar,0,97,108,14,219,0,54,283,15,352,0,151,391,29,571,867,0,867,1438
10/14/2020,APA,CO,ANM,WE,Towers with Radar,0,106,108,9,223,0,40,176,5,221,0,146,284,14,444,526,0,526,970
10/15/2020,APA,CO,ANM,WE,Towers with Radar,0,102,155,14,271,0,82,316,12,410,0,184,471,26,681,613,0,613,1294
10/16/2020,APA,CO,ANM,WE,Towers with Radar,0,64,114,25,203,0,64,385,11,460,0,128,499,36,663,757,11,768,1431
10/17/2020,APA,CO,ANM,WE,Towers with Radar,0,75,84,28,187,0,41,257,25,323,0,116,341,53,510,415,2,417,927
10/18/2020,APA,CO,ANM,WE,Towers with Radar,0,118,131,30,279,0,20,76,3,99,0,138,207,33,378,173,17,190,568
10/19/2020,APA,CO,ANM,WE,Towers with Radar,0,94,115,23,232,0,59,352,6,417,0,153,467,29,649,821,6,827,1476
10/20/2020,APA,CO,ANM,WE,Towers with Radar,0,95,125,6,226,0,69,280,12,361,0,164,405,18,587,794,11,805,1392
10/21/2020,APA,CO,ANM,WE,Towers with Radar,0,98,141,10,249,0,74,320,9,403,0,172,461,19,652,705,2,707,1359
10/22/2020,APA,CO,ANM,WE,Towers with Radar,0,81,113,12,206,0,3,8,2,13,0,84,121,14,219,63,0,63,282
10/23/2020,APA,CO,ANM,WE,Towers with Radar,0,81,89,14,184,0,24,95,1,120,0,105,184,15,304,336,0,336,640
10/24/2020,APA,CO,ANM,WE,Towers with Radar,0,84,80,6,170,0,32,259,3,294,0,116,339,9,464,630,0,630,1094
10/25/2020,APA,CO,ANM,WE,Towers with Radar,0,57,46,0,103,0,1,1,0,2,0,58,47,0,105,0,0,0,105
10/26/2020,APA,CO,ANM,WE,Towers with Radar,0,98,72,2,172,0,3,2,0,5,0,101,74,2,177,0,0,0,177
10/27/2020,APA,CO,ANM,WE,Towers with Radar,0,86,120,9,215,0,69,246,13,328,0,155,366,22,543,726,2,728,1271
10/28/2020,APA,CO,ANM,WE,Towers with Radar,0,78,118,6,202,0,45,261,11,317,0,123,379,17,519,553,16,569,1088
10/29/2020,APA,CO,ANM,WE,Towers with Radar,0,85,116,5,206,0,50,405,5,460,0,135,521,10,666,749,0,749,1415
10/30/2020,APA,CO,ANM,WE,Towers with Radar,0,59,97,7,163,0,64,409,4,477,0,123,506,11,640,787,0,787,1427
10/31/2020,APA,CO,ANM,WE,Towers with Radar,0,53,83,5,141,0,43,248,3,294,0,96,331,8,435,344,0,344,779
11/01/2020,APA,CO,ANM,WE,Towers with Radar,0,52,81,2,135,0,53,449,4,506,0,105,530,6,641,695,0,695,1336
11/02/2020,APA,CO,ANM,WE,Towers with Radar,0,88,78,11,177,0,45,280,6,331,0,133,358,17,508,652,0,652,1160
11/03/2020,APA,CO,ANM,WE,Towers with Radar,0,75,86,8,169,0,52,283,3,338,0,127,369,11,507,753,0,753,1260
11/04/2020,APA,CO,ANM,WE,Towers with Radar,0,87,94,10,191,0,71,237,3,311,0,158,331,13,502,682,0,682,1184
11/05/2020,APA,CO,ANM,WE,Towers with Radar,0,68,113,6,187,0,67,303,1,371,0,135,416,7,558,783,0,783,1341
11/06/2020,APA,CO,ANM,WE,Towers with Radar,0,77,74,6,157,0,44,204,2,250,0,121,278,8,407,198,0,198,605
11/07/2020,APA,CO,ANM,WE,Towers with Radar,0,58,56,7,121,0,22,65,1,88,0,80,121,8,209,103,0,103,312
11/08/2020,APA,CO,ANM,WE,Towers with Radar,0,60,61,1,122,0,8,27,3,38,0,68,88,4,160,12,0,12,172
11/09/2020,APA,CO,ANM,WE,Towers with Radar,0,49,34,2,85,0,0,5,0,5,0,49,39,2,90,56,0,56,146
11/10/2020,APA,CO,ANM,WE,Towers with Radar,0,90,81,6,177,2,71,193,3,269,2,161,274,9,446,653,0,653,1099
11/11/2020,APA,CO,ANM,WE,Towers with Radar,0,80,103,2,185,0,75,293,4,372,0,155,396,6,557,769,0,769,1326
11/12/2020,APA,CO,ANM,WE,Towers with Radar,0,77,96,8,181,0,90,343,19,452,0,167,439,27,633,944,0,944,1577
11/13/2020,APA,CO,ANM,WE,Towers with Radar,0,74,89,25,188,0,35,133,2,170,0,109,222,27,358,190,0,190,548
11/14/2020,APA,CO,ANM,WE,Towers with Radar,0,52,38,2,92,0,6,9,0,15,0,58,47,2,107,10,0,10,117
11/15/2020,APA,CO,ANM,WE,Towers with Radar,0,55,95,12,162,0,38,134,1,173,0,93,229,13,335,2,0,2,337
11/16/2020,APA,CO,ANM,WE,Towers with Radar,0,56,66,2,124,0,23,251,3,277,0,79,317,5,401,49,0,49,450
11/17/2020,APA,CO,ANM,WE,Towers with Radar,0,55,97,6,158,0,83,429,6,518,0,138,526,12,676,603,0,603,1279
11/18/2020,APA,CO,ANM,WE,Towers with Radar,0,77,113,0,190,0,67,228,3,298,0,144,341,3,488,556,0,556,1044
11/19/2020,APA,CO,ANM,WE,Towers with Radar,0,71,122,5,198,0,89,289,5,383,0,160,411,10,581,507,0,507,1088
11/20/2020,APA,CO,ANM,WE,Towers with Radar,0,84,123,6,213,0,49,264,3,316,0,133,387,9,529,338,0,338,867
11/21/2020,APA,CO,ANM,WE,Towers with Radar,0,73,90,5,168,0,28,261,1,290,0,101,351,6,458,381,0,381,839
11/22/2020,APA,CO,ANM,WE,Towers with Radar,0,50,97,1,148,0,23,227,1,251,0,73,324,2,399,276,0,276,675
11/23/2020,APA,CO,ANM,WE,Towers with Radar,0,75,86,7,168,0,39,153,6,198,0,114,239,13,366,184,0,184,550
11/24/2020,APA,CO,ANM,WE,Towers with Radar,0,67,88,4,159,0,7,33,0,40,0,74,121,4,199,14,0,14,213
11/25/2020,APA,CO,ANM,WE,Towers with Radar,1,67,117,9,194,0,38,260,4,302,1,105,377,13,496,434,0,434,930
11/26/2020,APA,CO,ANM,WE,Towers with Radar,0,36,18,0,54,0,10,64,0,74,0,46,82,0,128,124,0,124,252
11/27/2020,APA,CO,ANM,WE,Towers with Radar,0,55,48,0,103,0,23,245,0,268,0,78,293,0,371,414,0,414,785
11/28/2020,APA,CO,ANM,WE,Towers with Radar,0,83,89,4,176,0,36,260,0,296,0,119,349,4,472,429,0,429,901
11/29/2020,APA,CO,ANM,WE,Towers with Radar,0,124,154,3,281,0,21,206,1,228,0,145,360,4,509,292,0,292,801
11/30/2020,APA,CO,ANM,WE,Towers with Radar,0,91,103,3,197,0,43,316,0,359,0,134,419,3,556,649,0,649,1205
12/01/2020,APA,CO,ANM,WE,Towers with Radar,0,93,88,2,183,0,25,53,2,80,0,118,141,4,263,149,0,149,412
12/02/2020,APA,CO,ANM,WE,Towers with Radar,0,75,97,8,180,0,52,139,6,197,0,127,236,14,377,640,0,640,1017
12/03/2020,APA,CO,ANM,WE,Towers with Radar,0,70,80,5,155,0,128,418,2,548,0,198,498,7,703,951,0,951,1654
12/04/2020,APA,CO,ANM,WE,Towers with Radar,0,63,125,9,197,0,84,350,0,434,0,147,475,9,631,1000,0,1000,1631
12/05/2020,APA,CO,ANM,WE,Towers with Radar,33,63,71,5,172,0,22,383,0,405,33,85,454,5,577,500,0,500,1077
12/06/2020,APA,CO,ANM,WE,Towers with Radar,0,49,95,0,144,0,37,312,0,349,0,86,407,0,493,668,0,668,1161
12/07/2020,APA,CO,ANM,WE,Towers with Radar,0,56,61,0,117,0,65,346,7,418,0,121,407,7,535,789,0,789,1324
12/08/2020,APA,CO,ANM,WE,Towers with Radar,0,74,101,2,177,0,60,329,3,392,0,134,430,5,569,677,0,677,1246
12/09/2020,APA,CO,ANM,WE,Towers with Radar,0,69,103,4,176,0,64,400,7,471,0,133,503,11,647,655,0,655,1302
12/10/2020,APA,CO,ANM,WE,Towers with Radar,0,87,108,1,196,0,50,201,1,252,0,137,309,2,448,139,0,139,587
12/11/2020,APA,CO,ANM,WE,Towers with Radar,0,71,59,2,132,0,0,2,0,2,0,71,61,2,134,0,0,0,134
12/12/2020,APA,CO,ANM,WE,Towers with Radar,0,55,53,2,110,0,7,40,0,47,0,62,93,2,157,104,0,104,261
12/13/2020,APA,CO,ANM,WE,Towers with Radar,0,74,87,0,161,0,32,196,0,228,0,106,283,0,389,195,0,195,584
12/14/2020,APA,CO,ANM,WE,Towers with Radar,2,86,101,0,189,0,29,159,1,189,2,115,260,1,378,426,0,426,804
12/15/2020,APA,CO,ANM,WE,Towers with Radar,0,76,68,0,144,0,32,65,0,97,0,108,133,0,241,216,0,216,457
12/16/2020,APA,CO,ANM,WE,Towers with Radar,0,94,90,1,185,0,78,211,5,294,0,172,301,6,479,429,0,429,908
12/17/2020,APA,CO,ANM,WE,Towers with Radar,0,93,137,1,231,0,57,266,2,325,0,150,403,3,556,670,0,670,1226
12/18/2020,APA,CO,ANM,WE,Towers with Radar,0,103,112,5,220,0,2,19,1,22,0,105,131,6,242,114,0,114,356
12/19/2020,APA,CO,ANM,WE,Towers with Radar,0,87,116,1,204,0,36,205,0,241,0,123,321,1,445,209,0,209,654
12/20/2020,APA,CO,ANM,WE,Towers with Radar,1,70,75,0,146,0,26,153,1,180,1,96,228,1,326,299,0,299,625
12/21/2020,APA,CO,ANM,WE,Towers with Radar,0,61,104,10,175,0,50,325,6,381,0,111,429,16,556,680,0,680,1236
12/22/2020,APA,CO,ANM,WE,Towers with Radar,0,110,130,3,243,0,21,184,6,211,0,131,314,9,454,277,0,277,731
12/23/2020,APA,CO,ANM,WE,Towers with Radar,0,90,124,6,220,0,13,48,0,61,0,103,172,6,281,44,0,44,325
12/24/2020,APA,CO,ANM,WE,Towers with Radar,0,46,46,0,92,0,19,158,1,178,0,65,204,1,270,250,0,250,520
12/25/2020,APA,CO,ANM,WE,Towers with Radar,0,35,21,0,56,0,18,99,0,117,0,53,120,0,173,190,0,190,363
12/26/2020,APA,CO,ANM,WE,Towers with Radar,0,96,131,0,227,0,28,337,0,365,0,124,468,0,592,449,0,449,1041
12/27/2020,APA,CO,ANM,WE,Towers with Radar,0,107,153,0,260,0,19,227,1,247,0,126,380,1,507,363,0,363,870
12/28/2020,APA,CO,ANM,WE,Towers with Radar,0,99,85,0,184,0,1,8,0,9,0,100,93,0,193,9,0,9,202
12/29/2020,APA,CO,ANM,WE,Towers with Radar,0,118,87,7,212,0,17,56,0,73,0,135,143,7,285,145,0,145,430
12/30/2020,APA,CO,ANM,WE,Towers with Radar,0,104,91,2,197,0,54,313,0,367,0,158,404,2,564,461,0,461,1025
12/31/2020,APA,CO,ANM,WE,Towers with Radar,0,82,66,0,148,0,30,352,0,382,0,112,418,0,530,489,0,489,1019
01/01/2021,APA,CO,ANM,WE,Towers with Radar,0,62,58,0,120,0,19,124,0,143,0,81,182,0,263,250,0,250,513
01/02/2021,APA,CO,ANM,WE,Towers with Radar,0,93,128,0,221,0,11,240,0,251,0,104,368,0,472,268,0,268,740
01/03/2021,APA,CO,ANM,WE,Towers with Radar,0,117,144,0,261,0,11,273,0,284,0,128,417,0,545,348,0,348,893
01/04/2021,APA,CO,ANM,WE,Towers with Radar,0,84,126,2,212,0,58,318,0,376,0,142,444,2,588,488,0,488,1076
01/05/2021,APA,CO,ANM,WE,Towers with Radar,0,81,89,0,170,0,32,120,0,152,0,113,209,0,322,243,0,243,565
01/06/2021,APA,CO,ANM,WE,Towers with Radar,0,65,105,7,177,0,65,295,4,364,0,130,400,11,541,664,0,664,1205
01/07/2021,APA,CO,ANM,WE,Towers with Radar,0,75,113,5,193,0,69,310,1,380,0,144,423,6,573,725,0,725,1298
01/08/2021,APA,CO,ANM,WE,Towers with Radar,0,78,115,5,198,0,61,350,2,413,0,139,465,7,611,541,0,541,1152
01/09/2021,APA,CO,ANM,WE,Towers with Radar,0,77,43,0,120,0,1,7,0,8,0,78,50,0,128,2,0,2,130
01/10/2021,APA,CO,ANM,WE,Towers with Radar,0,73,100,0,173,0,26,120,1,147,0,99,220,1,320,363,0,363,683
01/11/2021,APA,CO,ANM,WE,Towers with Radar,0,83,89,6,178,0,74,243,0,317,0,157,332,6,495,618,0,618,1113
01/12/2021,APA,CO,ANM,WE,Towers with Radar,0,91,66,4,161,0,61,303,1,365,0,152,369,5,526,732,0,732,1258
01/13/2021,APA,CO,ANM,WE,Towers with Radar,0,73,89,6,168,0,46,184,1,231,0,119,273,7,399,260,0,260,659
01/14/2021,APA,CO,ANM,WE,Towers with Radar,0,78,77,1,156,0,19,54,0,73,0,97,131,1,229,31,0,31,260
01/15/2021,APA,CO,ANM,WE,Towers with Radar,0,69,109,6,184,0,59,284,5,348,0,128,393,11,532,663,7,670,1202
01/16/2021,APA,CO,ANM,WE,Towers with Radar,0,69,58,4,131,0,25,319,1,345,0,94,377,5,476,451,0,451,927
01/17/2021,APA,CO,ANM,WE,Towers with Radar,0,60,96,1,157,0,40,254,0,294,0,100,350,1,451,341,0,341,792
01/18/2021,APA,CO,ANM,WE,Towers with Radar,0,78,106,0,184,0,37,93,0,130,0,115,199,0,314,417,0,417,731
01/19/2021,APA,CO,ANM,WE,Towers with Radar,0,70,93,10,173,1,62,243,4,310,1,132,336,14,483,662,12,674,1157
01/20/2021,APA,CO,ANM,WE,Towers with Radar,0,64,90,14,168,0,35,206,2,243,0,99,296,16,411,348,0,348,759
01/21/2021,APA,CO,ANM,WE,Towers with Radar,0,80,91,7,178,0,80,285,10,375,0,160,376,17,553,569,13,582,1135
01/22/2021,APA,CO,ANM,WE,Towers with Radar,0,62,102,3,167,0,64,329,5,398,0,126,431,8,565,602,0,602,1167
01/23/2021,APA,CO,ANM,WE,Towers with Radar,0,70,57,0,127,0,20,207,6,233,0,90,264,6,360,408,1,409,769
01/24/2021,APA,CO,ANM,WE,Towers with Radar,0,66,67,5,138,0,18,151,0,169,0,84,218,5,307,417,0,417,724
01/25/2021,APA,CO,ANM,WE,Towers with Radar,0,72,86,3,161,0,21,52,4,77,0,93,138,7,238,197,14,211,449
01/26/2021,APA,CO,ANM,WE,Towers with Radar,0,57,48,1,106,0,0,0,0,0,0,57,48,1,106,0,0,0,106
01/27/2021,APA,CO,ANM,WE,Towers with Radar,0,84,134,5,223,0,56,264,7,327,0,140,398,12,550,19,0,19,569
01/28/2021,APA,CO,ANM,WE,Towers with Radar,0,61,135,6,202,0,49,207,4,260,0,110,342,10,462,0,0,0,462
01/29/2021,APA,CO,ANM,WE,Towers with Radar,0,72,121,20,213,0,35,154,0,189,0,107,275,20,402,21,0,21,423
01/30/2021,APA,CO,ANM,WE,Towers with Radar,0,45,75,7,127,0,18,87,1,106,0,63,162,8,233,2,0,2,235
01/31/2021,APA,CO,ANM,WE,Towers with Radar,0,64,106,4,174,0,20,227,0,247,0,84,333,4,421,18,0,18,439
02/01/2021,APA,CO,ANM,WE,Towers with Radar,1,67,123,3,194,0,34,170,5,209,1,101,293,8,403,24,0,24,427
02/02/2021,APA,CO,ANM,WE,Towers with Radar,0,58,119,3,180,0,53,211,0,264,0,111,330,3,444,2,0,2,446
02/03/2021,APA,CO,ANM,WE,Towers with Radar,0,74,97,4,175,0,28,77,1,106,0,102,174,5,281,23,0,23,304
02/04/2021,APA,CO,ANM,WE,Towers with Radar,0,75,99,12,186,0,38,103,1,142,0,113,202,13,328,162,0,162,490
02/05/2021,APA,CO,ANM,WE,Towers with Radar,0,75,103,4,182,0,68,249,1,318,0,143,352,5,500,581,0,581,1081
02/06/2021,APA,CO,ANM,WE,Towers with Radar,0,60,86,0,146,0,32,148,1,181,0,92,234,1,327,195,0,195,522
02/07/2021,APA,CO,ANM,WE,Towers with Radar,0,70,80,5,155,0,3,32,0,35,0,73,112,5,190,32,5,37,227
02/08/2021,APA,CO,ANM,WE,Towers with Radar,0,70,105,4,179,0,32,157,0,189,0,102,262,4,368,482,0,482,850
02/09/2021,APA,CO,ANM,WE,Towers with Radar,0,71,108,6,185,0,37,193,3,233,0,108,301,9,418,768,14,782,1200
02/10/2021,APA,CO,ANM,WE,Towers with Radar,0,114,134,4,252,0,25,109,0,134,0,139,243,4,386,478,0,478,864
02/11/2021,APA,CO,ANM,WE,Towers with Radar,0,94,138,5,237,0,32,162,7,201,0,126,300,12,438,538,2,540,978
02/12/2021,APA,CO,ANM,WE,Towers with Radar,1,94,135,1,231,0,3,22,0,25,1,97,157,1,256,85,0,85,341
02/13/2021,APA,CO,ANM,WE,Towers with Radar,0,70,86,2,158,0,0,0,1,1,0,70,86,3,159,18,0,18,177
02/14/2021,APA,CO,ANM,WE,Towers with Radar,0,71,66,1,138,0,7,9,0,16,0,78,75,1,154,13,0,13,167
02/15/2021,APA,CO,ANM,WE,Towers with Radar,0,69,121,1,191,0,52,176,1,229,0,121,297,2,420,411,0,411,831
02/16/2021,APA,CO,ANM,WE,Towers with Radar,0,104,117,6,227,0,45,172,4,221,0,149,289,10,448,503,0,503,951
02/17/2021,APA,CO,ANM,WE,Towers with Radar,0,88,99,0,187,0,7,30,0,37,0,95,129,0,224,184,0,184,408
02/18/2021,APA,CO,ANM,WE,Towers with Radar,0,89,114,5,208,0,60,196,4,260,0,149,310,9,468,397,9,406,874
02/19/2021,APA,CO,ANM,WE,Towers with Radar,0,95,123,5,223,0,49,198,0,247,0,144,321,5,470,263,0,263,733
02/20/2021,APA,CO,ANM,WE,Towers with Radar,0,74,94,0,168,0,27,226,7,260,0,101,320,7,428,224,2,226,654
02/21/2021,APA,CO,ANM,WE,Towers with Radar,0,85,115,4,204,0,20,151,0,171,0,105,266,4,375,137,0,137,512
02/22/2021,APA,CO,ANM,WE,Towers with Radar,0,87,105,5,197,0,64,225,5,294,0,151,330,10,491,440,0,440,931
02/23/2021,APA,CO,ANM,WE,Towers with Radar,0,84,93,5,182,0,39,294,5,338,0,123,387,10,520,527,6,533,1053
02/24/2021,APA,CO,ANM,WE,Towers with Radar,0,84,92,7,183,0,18,119,2,139,0,102,211,9,322,436,0,436,758
02/25/2021,APA,CO,ANM,WE,Towers with Radar,0,79,119,2,200,0,31,101,0,132,0,110,220,2,332,151,0,151,483
02/26/2021,APA,CO,ANM,WE,Towers with Radar,0,79,127,0,206,0,53,215,1,269,0,132,342,1,475,467,4,471,946
02/27/2021,APA,CO,ANM,WE,Towers with Radar,0,72,70,2,144,0,27,141,4,172,0,99,211,6,316,403,0,403,719
02/28/2021,APA,CO,ANM,WE,Towers with Radar,0,69,143,0,212,0,41,314,1,356,0,110,457,1,568,638,0,638,1206
03/01/2021,APA,CO,ANM,WE,Towers with Radar,0,75,109,14,198,0,65,324,4,393,0,140,433,18,591,721,0,721,1312
03/02/2021,APA,CO,ANM,WE,Towers with Radar,0,73,117,7,197,0,69,307,6,382,0,142,424,13,579,642,2,644,1223
03/03/2021,APA,CO,ANM,WE,Towers with Radar,0,83,127,4,214,0,97,356,14,467,0,180,483,18,681,673,4,677,1358
03/04/2021,APA,CO,ANM,WE,Towers with Radar,0,88,81,0,169,0,11,33,0,44,0,99,114,0,213,113,0,113,326
03/05/2021,APA,CO,ANM,WE,Towers with Radar,0,91,136,11,238,0,69,379,5,453,0,160,515,16,691,541,0,541,1232
03/06/2021,APA,CO,ANM,WE,Towers with Radar,0,72,75,3,150,0,21,313,0,334,0,93,388,3,484,461,0,461,945
03/07/2021,APA,CO,ANM,WE,Towers with Radar,0,89,100,7,196,0,28,230,0,258,0,117,330,7,454,372,0,372,826
03/08/2021,APA,CO,ANM,WE,Towers with Radar,0,70,107,4,181,0,43,226,2,271,0,113,333,6,452,499,0,499,951
03/09/2021,APA,CO,ANM,WE,Towers with Radar,0,78,107,0,185,0,40,238,6,284,0,118,345,6,469,416,0,416,885
03/10/2021,APA,CO,ANM,WE,Towers with Radar,0,99,134,2,235,0,9,56,1,66,0,108,190,3,301,116,0,116,417
03/11/2021,APA,CO,ANM,WE,Towers with Radar,1,124,159,3,287,0,34,78,2,114,1,158,237,5,401,252,0,252,653
03/12/2021,APA,CO,ANM,WE,Towers with Radar,0,121,124,4,249,0,11,19,0,30,0,132,143,4,279,52,0,52,331
03/13/2021,APA,CO,ANM,WE,Towers with Radar,0,14,14,0,28,0,0,0,0,0,0,14,14,0,28,0,0,0,28
03/14/2021,APA,CO,ANM,WE,Towers with Radar,0,0,0,0,0,0,0,0,0,0,0,0,0,0,0,0,0,0,0
03/15/2021,APA,CO,ANM,WE,Towers with Radar,0,95,154,3,252,0,29,9,0,38,0,124,163,3,290,8,0,8,298
03/16/2021,APA,CO,ANM,WE,Towers with Radar,0,92,101,2,195,0,6,28,0,34,0,98,129,2,229,54,0,54,283
03/17/2021,APA,CO,ANM,WE,Towers with Radar,0,93,100,1,194,0,44,111,1,156,0,137,211,2,350,373,0,373,723
03/18/2021,APA,CO,ANM,WE,Towers with Radar,0,77,130,4,211,0,75,290,0,365,0,152,420,4,576,539,0,539,1115
03/19/2021,APA,CO,ANM,WE,Towers with Radar,0,82,154,3,239,0,73,340,8,421,0,155,494,11,660,734,0,734,1394
03/20/2021,APA,CO,ANM,WE,Towers with Radar,0,99,128,1,228,0,42,211,2,255,0,141,339,3,483,230,0,230,713
03/21/2021,APA,CO,ANM,WE,Towers with Radar,0,103,128,3,234,0,25,88,0,113,0,128,216,3,347,252,0,252,599
03/22/2021,APA,CO,ANM,WE,Towers with Radar,1,72,77,0,150,0,18,20,0,38,1,90,97,0,188,248,0,248,436
03/23/2021,APA,CO,ANM,WE,Towers with Radar,0,94,79,6,179,0,33,82,2,117,0,127,161,8,296,337,6,343,639
03/24/2021,APA,CO,ANM,WE,Towers with Radar,0,84,97,6,187,0,41,76,2,119,0,125,173,8,306,216,0,216,522
03/25/2021,APA,CO,ANM,WE,Towers with Radar,0,84,153,6,243,0,77,385,0,462,0,161,538,6,705,723,0,723,1428
03/26/2021,APA,CO,ANM,WE,Towers with Radar,0,91,133,4,228,0,55,208,0,263,0,146,341,4,491,642,0,642,1133
03/27/2021,APA,CO,ANM,WE,Towers with Radar,0,82,119,5,206,0,37,260,0,297,0,119,379,5,503,378,0,378,881
03/28/2021,APA,CO,ANM,WE,Towers with Radar,0,71,126,4,201,0,45,290,1,336,0,116,416,5,537,413,0,413,950
03/29/2021,APA,CO,ANM,WE,Towers with Radar,0,73,85,6,164,0,15,63,0,78,0,88,148,6,242,140,0,140,382
03/30/2021,APA,CO,ANM,WE,Towers with Radar,0,76,84,2,162,0,13,29,0,42,0,89,113,2,204,127,0,127,331
03/31/2021,APA,CO,ANM,WE,Towers with Radar,0,89,130,10,229,0,71,337,10,418,0,160,467,20,647,747,0,747,1394
04/01/2021,APA,CO,ANM,WE,Towers with Radar,0,68,121,4,193,0,72,412,3,487,0,140,533,7,680,828,0,828,1508
04/02/2021,APA,CO,ANM,WE,Towers with Radar,0,78,123,16,217,0,74,315,7,396,0,152,438,23,613,569,12,581,1194
04/03/2021,APA,CO,ANM,WE,Towers with Radar,0,73,74,3,150,0,45,401,0,446,0,118,475,3,596,532,0,532,1128
04/04/2021,APA,CO,ANM,WE,Towers with Radar,0,66,84,0,150,0,26,195,10,231,0,92,279,10,381,212,0,212,593
04/05/2021,APA,CO,ANM,WE,Towers with Radar,1,85,122,7,215,0,32,175,0,207,1,117,297,7,422,286,0,286,708
04/06/2021,APA,CO,ANM,WE,Towers with Radar,0,86,111,3,200,0,30,95,12,137,0,116,206,15,337,229,14,243,580
04/07/2021,APA,CO,ANM,WE,Towers with Radar,0,96,130,5,231,0,51,166,11,228,0,147,296,16,459,462,10,472,931
04/08/2021,APA,CO,ANM,WE,Towers with Radar,0,90,143,3,236,0,65,256,16,337,0,155,399,19,573,513,0,513,1086
04/09/2021,APA,CO,ANM,WE,Towers with Radar,0,81,107,10,198,0,33,114,5,152,0,114,221,15,350,352,0,352,702
04/10/2021,APA,CO,ANM,WE,Towers with Radar,0,77,69,2,148,0,74,417,1,492,0,151,486,3,640,663,0,663,1303
04/11/2021,APA,CO,ANM,WE,Towers with Radar,0,77,109,4,190,0,31,162,1,194,0,108,271,5,384,275,0,275,659
04/12/2021,APA,CO,ANM,WE,Towers with Radar,0,73,108,6,187,0,95,260,14,369,0,168,368,20,556,695,6,701,1257
04/13/2021,APA,CO,ANM,WE,Towers with Radar,0,90,76,1,167,0,77,109,1,187,0,167,185,2,354,546,0,546,900
04/14/2021,APA,CO,ANM,WE,Towers with Radar,0,97,147,6,250,0,49,125,7,181,0,146,272,13,431,450,0,450,881
04/15/2021,APA,CO,ANM,WE,Towers with Radar,0,69,86,0,155,0,6,13,0,19,0,75,99,0,174,59,0,59,233
04/16/2021,APA,CO,ANM,WE,Towers with Radar,0,95,70,2,167,0,13,26,0,39,0,108,96,2,206,67,0,67,273
04/17/2021,APA,CO,ANM,WE,Towers with Radar,0,53,77,1,131,0,35,99,1,135,0,88,176,2,266,216,0,216,482
04/18/2021,APA,CO,ANM,WE,Towers with Radar,0,67,95,5,167,0,70,252,4,326,0,137,347,9,493,623,6,629,1122
04/19/2021,APA,CO,ANM,WE,Towers with Radar,0,52,82,0,134,0,11,15,0,26,0,63,97,0,160,27,0,27,187
04/20/2021,APA,CO,ANM,WE,Towers with Radar,0,73,118,8,199,0,87,206,5,298,0,160,324,13,497,539,4,543,1040
04/21/2021,APA,CO,ANM,WE,Towers with Radar,0,100,129,1,230,0,10,54,0,64,0,110,183,1,294,267,0,267,561
04/22/2021,APA,CO,ANM,WE,Towers with Radar,1,98,123,9,231,0,66,200,3,269,1,164,323,12,500,617,8,625,1125
04/23/2021,APA,CO,ANM,WE,Towers with Radar,0,77,107,12,196,0,94,282,13,389,0,171,389,25,585,550,1,551,1136
04/24/2021,APA,CO,ANM,WE,Towers with Radar,0,63,91,15,169,0,51,270,13,334,0,114,361,28,503,615,8,623,1126
04/25/2021,APA,CO,ANM,WE,Towers with Radar,0,91,92,9,192,0,35,190,8,233,0,126,282,17,425,268,0,268,693
04/26/2021,APA,CO,ANM,WE,Towers with Radar,0,88,98,7,193,0,50,176,10,236,0,138,274,17,429,320,0,320,749
04/27/2021,APA,CO,ANM,WE,Towers with Radar,0,90,108,5,203,0,45,111,2,158,0,135,219,7,361,486,0,486,847
04/28/2021,APA,CO,ANM,WE,Towers with Radar,0,81,116,3,200,0,46,127,0,173,0,127,243,3,373,447,0,447,820
04/29/2021,APA,CO,ANM,WE,Towers with Radar,0,88,150,15,253,0,99,413,12,524,0,187,563,27,777,877,21,898,1675
04/30/2021,APA,CO,ANM,WE,Towers with Radar,0,78,103,15,196,0,89,437,12,538,0,167,540,27,734,889,10,899,1633
05/01/2021,APA,CO,ANM,WE,Towers with Radar,0,67,81,7,155,0,34,341,2,377,0,101,422,9,532,428,0,428,960
05/02/2021,APA,CO,ANM,WE,Towers with Radar,0,60,99,3,162,0,20,131,1,152,0,80,230,4,314,216,0,216,530
05/03/2021,APA,CO,ANM,WE,Towers with Radar,0,73,79,3,155,0,2,0,0,2,0,75,79,3,157,0,0,0,157
05/04/2021,APA,CO,ANM,WE,Towers with Radar,0,85,111,8,204,0,43,160,2,205,0,128,271,10,409,611,0,611,1020
05/05/2021,APA,CO,ANM,WE,Towers with Radar,0,87,107,8,202,0,46,240,5,291,0,133,347,13,493,605,0,605,1098
05/06/2021,APA,CO,ANM,WE,Towers with Radar,0,93,125,5,223,0,70,396,12,478,0,163,521,17,701,586,0,586,1287
05/07/2021,APA,CO,ANM,WE,Towers with Radar,0,86,72,10,168,0,84,357,3,444,0,170,429,13,612,745,10,755,1367
05/08/2021,APA,CO,ANM,WE,Towers with Radar,0,59,68,4,131,0,45,167,5,217,0,104,235,9,348,228,0,228,576
05/09/2021,APA,CO,ANM,WE,Towers with Radar,0,84,80,2,166,0,6,27,0,33,0,90,107,2,199,34,0,34,233
05/10/2021,APA,CO,ANM,WE,Towers with Radar,0,98,99,0,197,0,3,20,0,23,0,101,119,0,220,195,0,195,415
05/11/2021,APA,CO,ANM,WE,Towers with Radar,0,101,92,4,197,0,1,4,0,5,0,102,96,4,202,25,0,25,227
05/12/2021,APA,CO,ANM,WE,Towers with Radar,2,86,153,5,246,0,74,302,2,378,2,160,455,7,624,285,0,285,909
05/13/2021,APA,CO,ANM,WE,Towers with Radar,0,86,133,5,224,0,63,316,2,381,0,149,449,7,605,801,2,803,1408
05/14/2021,APA,CO,ANM,WE,Towers with Radar,0,92,119,6,217,0,39,324,8,371,0,131,443,14,588,659,0,659,1247
05/15/2021,APA,CO,ANM,WE,Towers with Radar,0,76,95,10,181,0,24,151,6,181,0,100,246,16,362,323,0,323,685
05/16/2021,APA,CO,ANM,WE,Towers with Radar,0,107,161,6,274,0,0,9,0,9,0,107,170,6,283,4,0,4,287
05/17/2021,APA,CO,ANM,WE,Towers with Radar,0,75,126,6,207,0,20,73,1,94,0,95,199,7,301,214,0,214,515
05/18/2021,APA,CO,ANM,WE,Towers with Radar,1,101,131,6,239,0,7,36,2,45,1,108,167,8,284,144,2,146,430
05/19/2021,APA,CO,ANM,WE,Towers with Radar,0,82,141,6,229,0,67,240,1,308,0,149,381,7,537,545,5,550,1087
05/20/2021,APA,CO,ANM,WE,Towers with Radar,0,107,125,13,245,0,40,285,0,325,0,147,410,13,570,3,0,3,573
05/21/2021,APA,CO,ANM,WE,Towers with Radar,0,89,100,10,199,0,19,104,2,125,0,108,204,12,324,12,0,12,336
05/22/2021,APA,CO,ANM,WE,Towers with Radar,1,74,75,5,155,0,11,213,5,229,1,85,288,10,384,54,0,54,438
05/23/2021,APA,CO,ANM,WE,Towers with Radar,0,91,94,3,188,0,13,56,0,69,0,104,150,3,257,0,0,0,257
05/24/2021,APA,CO,ANM,WE,Towers with Radar,0,87,115,12,214,0,57,357,1,415,0,144,472,13,629,380,0,380,1009
05/25/2021,APA,CO,ANM,WE,Towers with Radar,0,89,146,8,243,0,81,323,2,406,0,170,469,10,649,427,8,435,1084
05/26/2021,APA,CO,ANM,WE,Towers with Radar,0,114,135,34,283,0,75,294,9,378,0,189,429,43,661,429,0,429,1090
05/27/2021,APA,CO,ANM,WE,Towers with Radar,0,117,154,12,283,0,42,299,16,357,0,159,453,28,640,366,14,380,1020
05/28/2021,APA,CO,ANM,WE,Towers with Radar,0,99,150,30,279,0,68,352,3,423,0,167,502,33,702,450,0,450,1152
05/29/2021,APA,CO,ANM,WE,Towers with Radar,0,46,71,2,119,0,22,244,3,269,0,68,315,5,388,326,0,326,714
05/30/2021,APA,CO,ANM,WE,Towers with Radar,0,54,44,0,98,0,0,0,0,0,0,54,44,0,98,0,0,0,98
05/31/2021,APA,CO,ANM,WE,Towers with Radar,0,89,155,0,244,0,18,54,1,73,0,107,209,1,317,107,0,107,424
06/01/2021,APA,CO,ANM,WE,Towers with Radar,0,87,126,9,222,0,54,219,3,276,0,141,345,12,498,432,0,432,930
06/02/2021,APA,CO,ANM,WE,Towers with Radar,0,80,144,6,230,0,53,308,11,372,0,133,452,17,602,604,10,614,1216
06/03/2021,APA,CO,ANM,WE,Towers with Radar,1,101,101,3,206,0,55,381,5,441,1,156,482,8,647,503,0,503,1150
06/04/2021,APA,CO,ANM,WE,Towers with Radar,0,68,133,17,218,0,79,475,14,568,0,147,608,31,786,373,10,383,1169
06/05/2021,APA,CO,ANM,WE,Towers with Radar,0,71,83,23,177,0,33,275,18,326,0,104,358,41,503,354,39,393,896
06/06/2021,APA,CO,ANM,WE,Towers with Radar,0,100,105,15,220,0,33,203,9,245,0,133,308,24,465,278,0,278,743
06/07/2021,APA,CO,ANM,WE,Towers with Radar,0,80,134,10,224,0,38,257,1,296,0,118,391,11,520,470,0,470,990
06/08/2021,APA,CO,ANM,WE,Towers with Radar,0,95,112,8,215,0,46,309,16,371,0,141,421,24,586,438,5,443,1029
06/09/2021,APA,CO,ANM,WE,Towers with Radar,0,80,144,7,231,0,52,377,2,431,0,132,521,9,662,577,0,577,1239
06/10/2021,APA,CO,ANM,WE,Towers with Radar,0,115,170,8,293,0,57,243,33,333,0,172,413,41,626,372,0,372,998
06/11/2021,APA,CO,ANM,WE,Towers with Radar,0,112,133,7,252,0,62,340,21,423,0,174,473,28,675,353,6,359,1034
06/12/2021,APA,CO,ANM,WE,Towers with Radar,0,88,118,13,219,0,51,279,1,331,0,139,397,14,550,276,0,276,826
06/13/2021,APA,CO,ANM,WE,Towers with Radar,0,87,131,9,227,0,39,260,3,302,0,126,391,12,529,319,0,319,848
06/14/2021,APA,CO,ANM,WE,Towers with Radar,0,87,151,5,243,0,61,251,5,317,0,148,402,10,560,569,3,572,1132
06/15/2021,APA,CO,ANM,WE,Towers with Radar,0,100,132,2,234,0,63,274,7,344,0,163,406,9,578,474,2,476,1054
06/16/2021,APA,CO,ANM,WE,Towers with Radar,0,96,153,4,253,0,61,248,4,313,0,157,401,8,566,373,0,373,939
06/17/2021,APA,CO,ANM,WE,Towers with Radar,1,120,162,10,293,0,53,308,4,365,1,173,470,14,658,363,2,365,1023
06/18/2021,APA,CO,ANM,WE,Towers with Radar,0,89,112,13,214,0,53,333,6,392,0,142,445,19,606,475,0,475,1081
06/19/2021,APA,CO,ANM,WE,Towers with Radar,0,62,84,3,149,0,47,346,10,403,0,109,430,13,552,419,2,421,973
06/20/2021,APA,CO,ANM,WE,Towers with Radar,0,72,107,14,193,0,33,222,6,261,0,105,329,20,454,327,0,327,781
06/21/2021,APA,CO,ANM,WE,Towers with Radar,0,77,171,11,259,0,27,182,0,209,0,104,353,11,468,732,0,732,1200
06/22/2021,APA,CO,ANM,WE,Towers with Radar,0,100,106,10,216,0,56,304,5,365,0,156,410,15,581,585,2,587,1168
06/23/2021,APA,CO,ANM,WE,Towers with Radar,0,126,143,11,280,0,61,373,3,437,0,187,516,14,717,429,0,429,1146
06/24/2021,APA,CO,ANM,WE,Towers with Radar,0,109,137,4,250,0,55,238,5,298,0,164,375,9,548,515,5,520,1068
06/25/2021,APA,CO,ANM,WE,Towers with Radar,1,97,131,9,238,0,49,259,0,308,1,146,390,9,546,423,0,423,969
06/26/2021,APA,CO,ANM,WE,Towers with Radar,0,77,103,8,188,0,11,100,5,116,0,88,203,13,304,286,3,289,593
06/27/2021,APA,CO,ANM,WE,Towers with Radar,0,90,156,4,250,0,36,155,1,192,0,126,311,5,442,348,0,348,790
06/28/2021,APA,CO,ANM,WE,Towers with Radar,0,91,112,7,210,0,39,260,2,301,0,130,372,9,511,566,0,566,1077
06/29/2021,APA,CO,ANM,WE,Towers with Radar,0,91,109,3,203,0,48,246,1,295,0,139,355,4,498,493,0,493,991
06/30/2021,APA,CO,ANM,WE,Towers with Radar,0,108,134,7,249,0,42,313,1,356,0,150,447,8,605,159,0,159,764
07/01/2021,APA,CO,ANM,WE,Towers with Radar,0,97,168,9,274,0,41,203,10,254,0,138,371,19,528,374,2,376,904
07/02/2021,APA,CO,ANM,WE,Towers with Radar,0,104,172,9,285,0,57,304,3,364,0,161,476,12,649,302,0,302,951
07/03/2021,APA,CO,ANM,WE,Towers with Radar,0,76,95,2,173,0,44,282,2,328,0,120,377,4,501,326,0,326,827
07/04/2021,APA,CO,ANM,WE,Towers with Radar,0,62,55,4,121,0,28,179,2,209,0,90,234,6,330,294,0,294,624
07/05/2021,APA,CO,ANM,WE,Towers with Radar,0,94,139,2,235,0,50,244,4,298,0,144,383,6,533,389,4,393,926
07/06/2021,APA,CO,ANM,WE,Towers with Radar,0,85,124,14,223,0,55,241,6,302,0,140,365,20,525,681,0,681,1206
07/07/2021,APA,CO,ANM,WE,Towers with Radar,0,71,130,6,207,0,63,325,1,389,0,134,455,7,596,536,0,536,1132
07/08/2021,APA,CO,ANM,WE,Towers with Radar,0,106,126,5,237,0,58,300,2,360,0,164,426,7,597,524,0,524,1121
07/09/2021,APA,CO,ANM,WE,Towers with Radar,0,79,146,9,234,0,68,369,15,452,0,147,515,24,686,391,0,391,1077
07/10/2021,APA,CO,ANM,WE,Towers with Radar,0,78,109,8,195,0,38,306,9,353,0,116,415,17,548,294,3,297,845
07/11/2021,APA,CO,ANM,WE,Towers with Radar,0,108,176,14,298,0,38,264,2,304,0,146,440,16,602,265,0,265,867
07/12/2021,APA,CO,ANM,WE,Towers with Radar,0,112,151,8,271,0,37,224,10,271,0,149,375,18,542,513,0,513,1055
07/13/2021,APA,CO,ANM,WE,Towers with Radar,0,121,153,15,289,0,23,182,3,208,0,144,335,18,497,370,0,370,867
07/14/2021,APA,CO,ANM,WE,Towers with Radar,0,136,182,8,326,0,59,270,0,329,0,195,452,8,655,399,0,399,1054
07/15/2021,APA,CO,ANM,WE,Towers with Radar,0,118,150,16,284,0,69,300,8,377,0,187,450,24,661,407,1,408,1069
07/16/2021,APA,CO,ANM,WE,Towers with Radar,1,95,149,26,271,0,48,320,11,379,1,143,469,37,650,373,10,383,1033
07/17/2021,APA,CO,ANM,WE,Towers with Radar,0,58,88,5,151,0,34,262,1,297,0,92,350,6,448,204,0,204,652
07/18/2021,APA,CO,ANM,WE,Towers with Radar,1,88,145,10,244,0,33,227,6,266,1,121,372,16,510,317,0,317,827
07/19/2021,APA,CO,ANM,WE,Towers with Radar,0,81,156,11,248,0,52,236,4,292,0,133,392,15,540,525,0,525,1065
07/20/2021,APA,CO,ANM,WE,Towers with Radar,0,107,150,6,263,0,65,258,1,324,0,172,408,7,587,454,0,454,1041
07/21/2021,APA,CO,ANM,WE,Towers with Radar,0,86,153,10,249,0,34,250,5,289,0,120,403,15,538,382,4,386,924
07/22/2021,APA,CO,ANM,WE,Towers with Radar,1,101,107,15,224,0,50,303,5,358,1,151,410,20,582,400,2,402,984
07/23/2021,APA,CO,ANM,WE,Towers with Radar,0,91,142,23,256,0,36,247,9,292,0,127,389,32,548,395,12,407,955
07/24/2021,APA,CO,ANM,WE,Towers with Radar,0,90,93,4,187,0,44,189,2,235,0,134,282,6,422,377,2,379,801
07/25/2021,APA,CO,ANM,WE,Towers with Radar,0,95,147,6,248,0,20,246,6,272,0,115,393,12,520,178,0,178,698
07/26/2021,APA,CO,ANM,WE,Towers with Radar,1,100,127,8,236,0,61,240,10,311,1,161,367,18,547,623,6,629,1176
07/27/2021,APA,CO,ANM,WE,Towers with Radar,0,114,140,9,263,0,59,296,4,359,0,173,436,13,622,555,0,555,1177
07/28/2021,APA,CO,ANM,WE,Towers with Radar,0,101,151,16,268,0,42,244,6,292,0,143,395,22,560,401,4,405,965
07/29/2021,APA,CO,ANM,WE,Towers with Radar,0,107,145,13,265,0,71,240,6,317,0,178,385,19,582,481,4,485,1067
07/30/2021,APA,CO,ANM,WE,Towers with Radar,0,98,161,14,273,0,50,304,5,359,0,148,465,19,632,212,0,212,844
07/31/2021,APA,CO,ANM,WE,Towers with Radar,0,80,124,3,207,0,16,96,1,113,0,96,220,4,320,159,0,159,479
08/01/2021,APA,CO,ANM,WE,Towers with Radar,0,107,166,2,275,1,19,100,0,120,1,126,266,2,395,358,0,358,753
08/02/2021,APA,CO,ANM,WE,Towers with Radar,0,139,165,5,309,0,67,215,1,283,0,206,380,6,592,329,0,329,921
08/03/2021,APA,CO,ANM,WE,Towers with Radar,0,101,110,6,217,0,52,255,1,308,0,153,365,7,525,463,0,463,988
08/04/2021,APA,CO,ANM,WE,Towers with Radar,0,111,141,10,262,0,56,263,10,329,0,167,404,20,591,544,4,548,1139
08/05/2021,APA,CO,ANM,WE,Towers with Radar,0,102,169,10,281,0,79,476,7,562,0,181,645,17,843,598,0,598,1441
08/06/2021,APA,CO,ANM,WE,Towers with Radar,0,108,156,11,275,0,65,183,3,251,0,173,339,14,526,309,0,309,835
08/07/2021,APA,CO,ANM,WE,Towers with Radar,0,92,127,13,232,0,30,188,0,218,0,122,315,13,450,213,0,213,663
08/08/2021,APA,CO,ANM,WE,Towers with Radar,0,133,159,10,302,0,36,105,5,146,0,169,264,15,448,174,0,174,622
08/09/2021,APA,CO,ANM,WE,Towers with Radar,0,133,160,4,297,0,67,185,4,256,0,200,345,8,553,341,0,341,894
08/10/2021,APA,CO,ANM,WE,Towers with Radar,0,102,128,15,245,0,54,221,4,279,0,156,349,19,524,345,0,345,869
08/11/2021,APA,CO,ANM,WE,Towers with Radar,0,115,175,9,299,0,74,287,4,365,0,189,462,13,664,498,0,498,1162
08/12/2021,APA,CO,ANM,WE,Towers with Radar,0,104,147,8,259,0,61,291,20,372,0,165,438,28,631,419,14,433,1064
08/13/2021,APA,CO,ANM,WE,Towers with Radar,0,102,151,14,267,0,41,326,3,370,0,143,477,17,637,164,6,170,807
08/14/2021,APA,CO,ANM,WE,Towers with Radar,0,74,102,7,183,0,29,218,2,249,0,103,320,9,432,240,2,242,674
08/15/2021,APA,CO,ANM,WE,Towers with Radar,0,115,149,8,272,0,26,262,3,291,0,141,411,11,563,282,0,282,845
08/16/2021,APA,CO,ANM,WE,Towers with Radar,0,100,149,12,261,2,54,242,3,301,2,154,391,15,562,503,0,503,1065
08/17/2021,APA,CO,ANM,WE,Towers with Radar,0,113,133,12,258,0,60,230,0,290,0,173,363,12,548,354,0,354,902
08/18/2021,APA,CO,ANM,WE,Towers with Radar,0,110,164,18,292,0,50,245,6,301,0,160,409,24,593,407,10,417,1010
08/19/2021,APA,CO,ANM,WE,Towers with Radar,0,125,168,10,303,0,28,127,3,158,0,153,295,13,461,332,0,332,793
08/20/2021,APA,CO,ANM,WE,Towers with Radar,0,89,148,11,248,0,63,258,15,336,0,152,406,26,584,547,2,549,1133
08/21/2021,APA,CO,ANM,WE,Towers with Radar,0,79,91,5,175,0,32,195,2,229,0,111,286,7,404,163,4,167,571
08/22/2021,APA,CO,ANM,WE,Towers with Radar,0,90,138,10,238,0,69,274,1,344,0,159,412,11,582,440,0,440,1022
08/23/2021,APA,CO,ANM,WE,Towers with Radar,1,85,132,9,227,0,49,252,2,303,1,134,384,11,530,641,0,641,1171
08/24/2021,APA,CO,ANM,WE,Towers with Radar,0,101,137,8,246,0,58,303,2,363,0,159,440,10,609,485,0,485,1094
08/25/2021,APA,CO,ANM,WE,Towers with Radar,0,89,150,6,245,0,56,302,2,360,0,145,452,8,605,451,0,451,1056
08/26/2021,APA,CO,ANM,WE,Towers with Radar,1,119,133,15,268,0,53,210,5,268,1,172,343,20,536,442,0,442,978
08/27/2021,APA,CO,ANM,WE,Towers with Radar,0,94,150,25,269,0,56,283,13,352,0,150,433,38,621,378,13,391,1012
08/28/2021,APA,CO,ANM,WE,Towers with Radar,0,60,81,13,154,0,47,296,7,350,0,107,377,20,504,262,2,264,768
08/29/2021,APA,CO,ANM,WE,Towers with Radar,0,77,131,22,230,0,36,199,16,251,0,113,330,38,481,397,0,397,878
08/30/2021,APA,CO,ANM,WE,Towers with Radar,0,91,129,10,230,0,52,256,6,314,0,143,385,16,544,518,2,520,1064
08/31/2021,APA,CO,ANM,WE,Towers with Radar,0,90,141,12,243,0,51,213,3,267,0,141,354,15,510,467,0,467,977
09/01/2021,APA,CO,ANM,WE,Towers with Radar,0,104,136,8,248,0,48,166,1,215,0,152,302,9,463,369,0,369,832
09/02/2021,APA,CO,ANM,WE,Towers with Radar,0,114,124,13,251,0,97,225,2,324,0,211,349,15,575,609,0,609,1184
09/03/2021,APA,CO,ANM,WE,Towers with Radar,0,98,141,4,243,0,44,192,0,236,0,142,333,4,479,338,0,338,817
09/04/2021,APA,CO,ANM,WE,Towers with Radar,0,62,75,2,139,0,28,324,2,354,0,90,399,4,493,407,0,407,900
09/05/2021,APA,CO,ANM,WE,Towers with Radar,0,57,78,4,139,0,38,257,3,298,0,95,335,7,437,454,0,454,891
09/06/2021,APA,CO,ANM,WE,Towers with Radar,0,98,171,5,274,0,44,321,0,365,0,142,492,5,639,617,0,617,1256
09/07/2021,APA,CO,ANM,WE,Towers with Radar,0,118,145,7,270,0,64,318,12,394,0,182,463,19,664,720,0,720,1384
09/08/2021,APA,CO,ANM,WE,Towers with Radar,0,96,104,7,207,0,88,317,3,408,0,184,421,10,615,550,0,550,1165
09/09/2021,APA,CO,ANM,WE,Towers with Radar,0,106,152,10,268,0,77,256,2,335,0,183,408,12,603,620,0,620,1223
09/10/2021,APA,CO,ANM,WE,Towers with Radar,0,104,142,6,252,0,77,265,7,349,0,181,407,13,601,370,0,370,971
09/11/2021,APA,CO,ANM,WE,Towers with Radar,0,98,88,12,198,0,44,226,4,274,0,142,314,16,472,346,0,346,818
09/12/2021,APA,CO,ANM,WE,Towers with Radar,0,117,185,12,314,0,25,188,0,213,0,142,373,12,527,133,0,133,660
09/13/2021,APA,CO,ANM,WE,Towers with Radar,0,84,107,8,199,0,35,198,1,234,0,119,305,9,433,433,0,433,866
09/14/2021,APA,CO,ANM,WE,Towers with Radar,0,111,121,5,237,0,56,201,1,258,0,167,322,6,495,307,0,307,802
09/15/2021,APA,CO,ANM,WE,Towers with Radar,0,116,169,4,289,0,69,320,12,401,0,185,489,16,690,474,0,474,1164
09/16/2021,APA,CO,ANM,WE,Towers with Radar,0,104,136,2,242,0,102,279,4,385,0,206,415,6,627,350,2,352,979
09/17/2021,APA,CO,ANM,WE,Towers with Radar,0,115,184,5,304,0,42,214,2,258,0,157,398,7,562,502,6,508,1070
09/18/2021,APA,CO,ANM,WE,Towers with Radar,1,72,97,2,172,0,46,248,2,296,1,118,345,4,468,405,2,407,875
09/19/2021,APA,CO,ANM,WE,Towers with Radar,0,91,134,3,228,0,31,212,0,243,0,122,346,3,471,252,0,252,723
09/20/2021,APA,CO,ANM,WE,Towers with Radar,0,99,137,6,242,0,68,171,4,243,0,167,308,10,485,473,0,473,958
09/21/2021,APA,CO,ANM,WE,Towers with Radar,1,88,141,2,232,0,84,323,7,414,1,172,464,9,646,707,2,709,1355
09/22/2021,APA,CO,ANM,WE,Towers with Radar,0,88,162,8,258,0,62,350,2,414,0,150,512,10,672,613,0,613,1285
09/23/2021,APA,CO,ANM,WE,Towers with Radar,1,122,176,5,304,0,87,311,4,402,1,209,487,9,706,619,0,619,1325
09/24/2021,APA,CO,ANM,WE,Towers with Radar,0,88,116,6,210,0,93,376,11,480,0,181,492,17,690,444,0,444,1134
09/25/2021,APA,CO,ANM,WE,Towers with Radar,0,66,107,1,174,0,62,347,1,410,0,128,454,2,584,407,0,407,991
09/26/2021,APA,CO,ANM,WE,Towers with Radar,0,96,161,4,261,0,28,230,0,258,0,124,391,4,519,367,0,367,886
09/27/2021,APA,CO,ANM,WE,Towers with Radar,0,96,128,8,232,0,41,199,13,253,0,137,327,21,485,259,0,259,744
09/28/2021,APA,CO,ANM,WE,Towers with Radar,0,78,128,3,209,0,49,213,11,273,0,127,341,14,482,315,1,316,798
09/29/2021,APA,CO,ANM,WE,Towers with Radar,0,92,129,5,226,0,45,156,3,204,0,137,285,8,430,326,0,326,756
09/30/2021,APA,CO,ANM,WE,Towers with Radar,0,104,168,6,278,0,35,162,2,199,0,139,330,8,477,757,0,757,1234
10/01/2021,APA,CO,ANM,WE,Towers with Radar,0,120,170,18,308,0,38,250,2,290,0,158,420,20,598,542,8,550,1148
10/02/2021,APA,CO,ANM,WE,Towers with Radar,0,69,94,2,165,0,46,275,0,321,0,115,369,2,486,552,0,552,1038
10/03/2021,APA,CO,ANM,WE,Towers with Radar,0,109,140,5,254,0,50,207,11,268,0,159,347,16,522,390,0,390,912
10/04/2021,APA,CO,ANM,WE,Towers with Radar,0,107,128,4,239,0,35,236,0,271,0,142,364,4,510,529,0,529,1039
10/05/2021,APA,CO,ANM,WE,Towers with Radar,1,91,130,7,229,0,42,229,0,271,1,133,359,7,500,411,0,411,911
10/06/2021,APA,CO,ANM,WE,Towers with Radar,0,98,125,9,232,0,48,266,0,314,0,146,391,9,546,344,0,344,890
10/07/2021,APA,CO,ANM,WE,Towers with Radar,0,104,132,3,239,0,71,315,2,388,0,175,447,5,627,605,2,607,1234
10/08/2021,APA,CO,ANM,WE,Towers with Radar,0,75,168,5,248,0,43,234,4,281,0,118,402,9,529,384,5,389,918
10/09/2021,APA,CO,ANM,WE,Towers with Radar,1,63,72,4,140,0,13,77,0,90,1,76,149,4,230,175,0,175,405
10/10/2021,APA,CO,ANM,WE,Towers with Radar,0,71,107,1,179,0,34,238,2,274,0,105,345,3,453,410,0,410,863
10/11/2021,APA,CO,ANM,WE,Towers with Radar,0,84,133,0,217,0,49,153,1,203,0,133,286,1,420,235,0,235,655
10/12/2021,APA,CO,ANM,WE,Towers with Radar,0,105,116,5,226,0,24,105,1,130,0,129,221,6,356,292,0,292,648
10/13/2021,APA,CO,ANM,WE,Towers with Radar,0,111,153,4,268,0,48,217,1,266,0,159,370,5,534,408,0,408,942
10/14/2021,APA,CO,ANM,WE,Towers with Radar,0,106,156,13,275,0,66,202,9,277,0,172,358,22,552,328,3,331,883
10/15/2021,APA,CO,ANM,WE,Towers with Radar,0,106,143,13,262,0,52,148,7,207,0,158,291,20,469,137,0,137,606
10/16/2021,APA,CO,ANM,WE,Towers with Radar,0,88,79,5,172,0,94,332,10,436,0,182,411,15,608,230,0,230,838
10/17/2021,APA,CO,ANM,WE,Towers with Radar,0,112,156,8,276,0,44,238,2,284,0,156,394,10,560,384,0,384,944
10/18/2021,APA,CO,ANM,WE,Towers with Radar,0,111,114,11,236,0,54,217,4,275,0,165,331,15,511,383,0,383,894
10/19/2021,APA,CO,ANM,WE,Towers with Radar,0,105,133,5,243,0,55,108,1,164,0,160,241,6,407,300,0,300,707
10/20/2021,APA,CO,ANM,WE,Towers with Radar,0,88,144,9,241,0,69,302,4,375,0,157,446,13,616,448,0,448,1064
10/21/2021,APA,CO,ANM,WE,Towers with Radar,0,98,152,9,259,0,59,331,10,400,0,157,483,19,659,605,0,605,1264
10/22/2021,APA,CO,ANM,WE,Towers with Radar,0,84,153,9,246,0,50,269,7,326,0,134,422,16,572,459,0,459,1031
10/23/2021,APA,CO,ANM,WE,Towers with Radar,0,78,83,5,166,0,44,250,2,296,0,122,333,7,462,374,0,374,836
10/24/2021,APA,CO,ANM,WE,Towers with Radar,0,84,167,3,254,0,18,224,0,242,0,102,391,3,496,363,0,363,859
10/25/2021,APA,CO,ANM,WE,Towers with Radar,0,100,139,2,241,0,57,176,4,237,0,157,315,6,478,319,0,319,797
10/26/2021,APA,CO,ANM,WE,Towers with Radar,0,97,107,7,211,0,17,33,2,52,0,114,140,9,263,35,0,35,298
10/27/2021,APA,CO,ANM,WE,Towers with Radar,0,107,117,11,235,0,53,92,6,151,0,160,209,17,386,106,0,106,492
10/28/2021,APA,CO,ANM,WE,Towers with Radar,0,83,134,5,222,0,61,325,6,392,0,144,459,11,614,640,0,640,1254
10/29/2021,APA,CO,ANM,WE,Towers with Radar,0,82,108,12,202,0,68,319,4,391,0,150,427,16,593,594,0,594,1187
10/30/2021,APA,CO,ANM,WE,Towers with Radar,0,79,90,5,174,0,49,257,5,311,0,128,347,10,485,430,0,430,915
10/31/2021,APA,CO,ANM,WE,Towers with Radar,0,74,116,3,193,0,15,40,0,55,0,89,156,3,248,268,0,268,516
11/01/2021,APA,CO,ANM,WE,Towers with Radar,0,95,106,6,207,0,2,15,0,17,0,97,121,6,224,0,0,0,224
11/02/2021,APA,CO,ANM,WE,Towers with Radar,0,88,119,3,210,0,3,10,0,13,0,91,129,3,223,101,0,101,324
11/03/2021,APA,CO,ANM,WE,Towers with Radar,0,87,133,8,228,0,65,264,4,333,0,152,397,12,561,598,0,598,1159
11/04/2021,APA,CO,ANM,WE,Towers with Radar,0,79,139,4,222,0,66,289,9,364,0,145,428,13,586,560,2,562,1148
11/05/2021,APA,CO,ANM,WE,Towers with Radar,0,71,130,18,219,0,71,291,7,369,0,142,421,25,588,574,2,576,1164
11/06/2021,APA,CO,ANM,WE,Towers with Radar,0,57,84,4,145,0,39,313,1,353,0,96,397,5,498,325,0,325,823
11/07/2021,APA,CO,ANM,WE,Towers with Radar,0,96,115,5,216,0,54,263,6,323,0,150,378,11,539,400,0,400,939
11/08/2021,APA,CO,ANM,WE,Towers with Radar,0,85,118,6,209,0,63,214,2,279,0,148,332,8,488,567,0,567,1055
11/09/2021,APA,CO,ANM,WE,Towers with Radar,0,83,126,11,220,0,60,235,2,297,0,143,361,13,517,599,0,599,1116
11/10/2021,APA,CO,ANM,WE,Towers with Radar,0,79,147,2,228,0,20,71,4,95,0,99,218,6,323,73,0,73,396
11/11/2021,APA,CO,ANM,WE,Towers with Radar,0,90,113,4,207,0,40,138,2,180,0,130,251,6,387,159,0,159,546
11/12/2021,APA,CO,ANM,WE,Towers with Radar,0,94,137,10,241,0,58,237,0,295,0,152,374,10,536,384,0,384,920
11/13/2021,APA,CO,ANM,WE,Towers with Radar,0,67,87,6,160,0,21,85,3,109,0,88,172,9,269,144,0,144,413
11/14/2021,APA,CO,ANM,WE,Towers with Radar,0,76,124,9,209,0,32,157,9,198,0,108,281,18,407,404,0,404,811
11/15/2021,APA,CO,ANM,WE,Towers with Radar,0,80,161,20,261,0,51,243,13,307,0,131,404,33,568,413,4,417,985
11/16/2021,APA,CO,ANM,WE,Towers with Radar,0,92,146,8,246,0,39,128,4,171,0,131,274,12,417,269,0,269,686
11/17/2021,APA,CO,ANM,WE,Towers with Radar,0,96,138,5,239,0,64,243,13,320,0,160,381,18,559,424,4,428,987
11/18/2021,APA,CO,ANM,WE,Towers with Radar,0,105,128,6,239,0,63,316,3,382,0,168,444,9,621,557,2,559,1180
11/19/2021,APA,CO,ANM,WE,Towers with Radar,0,104,159,14,277,0,42,266,4,312,0,146,425,18,589,303,2,305,894
11/20/2021,APA,CO,ANM,WE,Towers with Radar,0,95,126,1,222,0,29,190,4,223,0,124,316,5,445,335,2,337,782
11/21/2021,APA,CO,ANM,WE,Towers with Radar,0,64,118,2,184,1,35,269,6,311,1,99,387,8,495,389,0,389,884
11/22/2021,APA,CO,ANM,WE,Towers with Radar,0,104,109,6,219,0,60,320,6,386,0,164,429,12,605,505,0,505,1110
11/23/2021,APA,CO,ANM,WE,Towers with Radar,0,124,136,0,260,0,51,242,9,302,0,175,378,9,562,439,0,439,1001
11/24/2021,APA,CO,ANM,WE,Towers with Radar,0,104,136,0,240,0,21,58,8,87,0,125,194,8,327,143,0,143,470
11/25/2021,APA,CO,ANM,WE,Towers with Radar,0,51,26,0,77,0,29,106,0,135,0,80,132,0,212,180,0,180,392
11/26/2021,APA,CO,ANM,WE,Towers with Radar,0,56,58,2,116,0,45,215,2,262,0,101,273,4,378,429,2,431,809
11/27/2021,APA,CO,ANM,WE,Towers with Radar,0,103,128,0,231,0,30,240,6,276,0,133,368,6,507,299,0,299,806
11/28/2021,APA,CO,ANM,WE,Towers with Radar,0,109,201,1,311,0,51,292,3,346,0,160,493,4,657,326,0,326,983
11/29/2021,APA,CO,ANM,WE,Towers with Radar,0,103,121,4,228,0,60,276,7,343,0,163,397,11,571,489,0,489,1060
11/30/2021,APA,CO,ANM,WE,Towers with Radar,0,105,151,7,263,0,82,304,7,393,0,187,455,14,656,546,0,546,1202
12/01/2021,APA,CO,ANM,WE,Towers with Radar,0,79,140,4,223,0,78,288,10,376,0,157,428,14,599,534,4,538,1137
12/02/2021,APA,CO,ANM,WE,Towers with Radar,0,92,168,9,269,0,96,373,8,477,0,188,541,17,746,583,2,585,1331
12/03/2021,APA,CO,ANM,WE,Towers with Radar,0,79,131,19,229,0,48,207,4,259,0,127,338,23,488,498,0,498,986
12/04/2021,APA,CO,ANM,WE,Towers with Radar,0,76,94,6,176,0,40,417,7,464,0,116,511,13,640,390,0,390,1030
12/05/2021,APA,CO,ANM,WE,Towers with Radar,0,65,106,9,180,0,10,64,3,77,0,75,170,12,257,6,0,6,263
12/06/2021,APA,CO,ANM,WE,Towers with Radar,0,109,113,7,229,0,74,251,2,327,0,183,364,9,556,604,0,604,1160
12/07/2021,APA,CO,ANM,WE,Towers with Radar,0,89,125,6,220,0,50,257,6,313,0,139,382,12,533,460,0,460,993
12/08/2021,APA,CO,ANM,WE,Towers with Radar,0,108,120,11,239,0,39,315,12,366,0,147,435,23,605,448,4,452,1057
12/09/2021,APA,CO,ANM,WE,Towers with Radar,0,101,155,2,258,0,54,213,7,274,0,155,368,9,532,323,0,323,855
12/10/2021,APA,CO,ANM,WE,Towers with Radar,0,73,114,2,189,0,11,12,0,23,0,84,126,2,212,38,0,38,250
12/11/2021,APA,CO,ANM,WE,Towers with Radar,0,74,82,2,158,0,52,251,7,310,0,126,333,9,468,370,2,372,840
12/12/2021,APA,CO,ANM,WE,Towers with Radar,0,90,106,0,196,0,14,180,0,194,0,104,286,0,390,252,0,252,642
12/13/2021,APA,CO,ANM,WE,Towers with Radar,0,94,96,5,195,0,56,287,5,348,0,150,383,10,543,437,0,437,980
12/14/2021,APA,CO,ANM,WE,Towers with Radar,0,86,123,5,214,0,42,126,12,180,0,128,249,17,394,175,4,179,573
12/15/2021,APA,CO,ANM,WE,Towers with Radar,0,60,88,2,150,0,2,5,2,9,0,62,93,4,159,2,0,2,161
12/16/2021,APA,CO,ANM,WE,Towers with Radar,0,98,165,4,267,0,66,250,1,317,0,164,415,5,584,418,0,418,1002
12/17/2021,APA,CO,ANM,WE,Towers with Radar,0,101,146,12,259,0,69,296,3,368,0,170,442,15,627,553,0,553,1180
12/18/2021,APA,CO,ANM,WE,Towers with Radar,0,83,135,0,218,0,47,293,9,349,0,130,428,9,567,310,4,314,881
12/19/2021,APA,CO,ANM,WE,Towers with Radar,0,80,143,2,225,0,60,245,1,306,0,140,388,3,531,553,0,553,1084
12/20/2021,APA,CO,ANM,WE,Towers with Radar,0,84,131,0,215,0,59,324,2,385,0,143,455,2,600,643,0,643,1243
12/21/2021,APA,CO,ANM,WE,Towers with Radar,0,98,145,0,243,0,28,220,6,254,0,126,365,6,497,322,0,322,819
12/22/2021,APA,CO,ANM,WE,Towers with Radar,0,97,129,0,226,0,31,222,2,255,0,128,351,2,481,473,0,473,954
12/23/2021,APA,CO,ANM,WE,Towers with Radar,0,79,120,2,201,0,30,183,2,215,0,109,303,4,416,287,0,287,703
12/24/2021,APA,CO,ANM,WE,Towers with Radar,0,72,58,0,130,0,16,71,0,87,0,88,129,0,217,184,0,184,401
12/25/2021,APA,CO,ANM,WE,Towers with Radar,0,77,33,0,110,0,5,48,0,53,0,82,81,0,163,29,0,29,192
12/26/2021,APA,CO,ANM,WE,Towers with Radar,0,103,158,0,261,0,7,38,0,45,0,110,196,0,306,6,0,6,312
12/27/2021,APA,CO,ANM,WE,Towers with Radar,0,110,182,2,294,0,17,145,3,165,0,127,327,5,459,135,0,135,594
12/28/2021,APA,CO,ANM,WE,Towers with Radar,0,140,141,0,281,0,34,201,1,236,0,174,342,1,517,334,0,334,851
12/29/2021,APA,CO,ANM,WE,Towers with Radar,0,120,125,2,247,0,24,252,0,276,0,144,377,2,523,332,0,332,855
12/30/2021,APA,CO,ANM,WE,Towers with Radar,0,99,127,7,233,0,13,31,1,45,0,112,158,8,278,11,0,11,289
12/31/2021,APA,CO,ANM,WE,Towers with Radar,0,99,79,2,180,0,10,73,0,83,0,109,152,2,263,279,0,279,542
01/01/2022,APA,CO,ANM,WE,Towers with Radar,0,67,66,0,133,0,0,3,0,3,0,67,69,0,136,0,0,0,136
01/02/2022,APA,CO,ANM,WE,Towers with Radar,0,119,192,2,313,0,10,101,0,111,0,129,293,2,424,44,0,44,468
01/03/2022,APA,CO,ANM,WE,Towers with Radar,0,90,149,0,239,0,33,238,5,276,0,123,387,5,515,317,2,319,834
01/04/2022,APA,CO,ANM,WE,Towers with Radar,0,82,103,5,190,0,19,54,5,78,0,101,157,10,268,126,0,126,394
01/05/2022,APA,CO,ANM,WE,Towers with Radar,0,73,92,2,167,0,22,66,0,88,0,95,158,2,255,150,0,150,405
01/06/2022,APA,CO,ANM,WE,Towers with Radar,0,99,69,4,172,0,31,67,1,99,0,130,136,5,271,150,0,150,421
01/07/2022,APA,CO,ANM,WE,Towers with Radar,0,96,126,5,227,0,43,139,9,191,0,139,265,14,418,220,0,220,638
01/08/2022,APA,CO,ANM,WE,Towers with Radar,0,93,93,4,190,0,22,158,0,180,0,115,251,4,370,169,52,221,591
01/09/2022,APA,CO,ANM,WE,Towers with Radar,0,79,125,3,207,0,18,235,2,255,0,97,360,5,462,221,0,221,683
01/10/2022,APA,CO,ANM,WE,Towers with Radar,0,65,99,7,171,0,45,268,12,325,0,110,367,19,496,546,0,546,1042
01/11/2022,APA,CO,ANM,WE,Towers with Radar,0,85,82,0,167,0,66,293,1,360,0,151,375,1,527,588,0,588,1115
01/12/2022,APA,CO,ANM,WE,Towers with Radar,0,80,113,6,199,0,62,320,2,384,0,142,433,8,583,601,0,601,1184
01/13/2022,APA,CO,ANM,WE,Towers with Radar,0,83,159,5,247,0,51,326,6,383,0,134,485,11,630,473,0,473,1103
01/14/2022,APA,CO,ANM,WE,Towers with Radar,0,88,112,0,200,0,19,34,2,55,0,107,146,2,255,54,0,54,309
01/15/2022,APA,CO,ANM,WE,Towers with Radar,0,73,72,3,148,0,47,203,1,251,0,120,275,4,399,314,0,314,713
01/16/2022,APA,CO,ANM,WE,Towers with Radar,0,48,90,1,139,0,40,237,2,279,0,88,327,3,418,429,8,437,855
01/17/2022,APA,CO,ANM,WE,Towers with Radar,0,90,153,8,251,0,40,307,1,348,0,130,460,9,599,315,0,315,914
01/18/2022,APA,CO,ANM,WE,Towers with Radar,0,76,112,7,195,0,61,230,4,295,0,137,342,11,490,563,0,563,1053
01/19/2022,APA,CO,ANM,WE,Towers with Radar,0,61,79,1,141,0,0,1,0,1,0,61,80,1,142,0,0,0,142
01/20/2022,APA,CO,ANM,WE,Towers with Radar,0,107,139,8,254,0,44,182,7,233,0,151,321,15,487,590,0,590,1077
01/21/2022,APA,CO,ANM,WE,Towers with Radar,0,67,101,5,173,0,8,39,1,48,0,75,140,6,221,156,0,156,377
01/22/2022,APA,CO,ANM,WE,Towers with Radar,0,64,72,12,148,88,54,97,0,239,88,118,169,12,387,232,0,232,619
01/23/2022,APA,CO,ANM,WE,Towers with Radar,0,75,120,3,198,0,43,252,3,298,0,118,372,6,496,473,0,473,969
01/24/2022,APA,CO,ANM,WE,Towers with Radar,0,86,121,9,216,0,24,238,1,263,0,110,359,10,479,454,0,454,933
01/25/2022,APA,CO,ANM,WE,Towers with Radar,0,77,80,0,157,0,3,4,0,7,0,80,84,0,164,0,0,0,164
01/26/2022,APA,CO,ANM,WE,Towers with Radar,0,96,138,4,238,0,33,222,1,256,0,129,360,5,494,218,0,218,712
01/27/2022,APA,CO,ANM,WE,Towers with Radar,0,102,93,1,196,0,8,14,0,22,0,110,107,1,218,76,0,76,294
01/28/2022,APA,CO,ANM,WE,Towers with Radar,0,79,139,3,221,0,73,287,6,366,0,152,426,9,587,424,12,436,1023
01/29/2022,APA,CO,ANM,WE,Towers with Radar,0,50,93,0,143,0,44,319,5,368,0,94,412,5,511,343,3,346,857
01/30/2022,APA,CO,ANM,WE,Towers with Radar,0,81,125,1,207,0,40,265,5,310,0,121,390,6,517,403,1,404,921
01/31/2022,APA,CO,ANM,WE,Towers with Radar,0,63,98,5,166,0,44,193,6,243,0,107,291,11,409,541,0,541,950
02/01/2022,APA,CO,ANM,WE,Towers with Radar,0,92,85,2,179,0,34,98,3,135,0,126,183,5,314,327,2,329,643
02/02/2022,APA,CO,ANM,WE,Towers with Radar,0,69,64,0,133,0,0,0,0,0,0,69,64,0,133,0,0,0,133
02/03/2022,APA,CO,ANM,WE,Towers with Radar,0,98,114,1,213,0,54,128,2,184,0,152,242,3,397,203,0,203,600
02/04/2022,APA,CO,ANM,WE,Towers with Radar,0,85,133,5,223,0,61,231,7,299,0,146,364,12,522,556,0,556,1078
02/05/2022,APA,CO,ANM,WE,Towers with Radar,0,71,69,0,140,0,30,205,3,238,0,101,274,3,378,280,0,280,658
02/06/2022,APA,CO,ANM,WE,Towers with Radar,0,92,129,3,224,0,41,255,4,300,0,133,384,7,524,497,2,499,1023
02/07/2022,APA,CO,ANM,WE,Towers with Radar,0,70,138,4,212,0,51,286,5,342,0,121,424,9,554,573,2,575,1129
02/08/2022,APA,CO,ANM,WE,Towers with Radar,0,82,106,9,197,0,31,205,2,238,0,113,311,11,435,362,2,364,799
02/09/2022,APA,CO,ANM,WE,Towers with Radar,0,96,168,5,269,0,57,214,7,278,0,153,382,12,547,484,0,484,1031
02/10/2022,APA,CO,ANM,WE,Towers with Radar,0,107,150,3,260,0,75,321,8,404,0,182,471,11,664,370,0,370,1034
02/11/2022,APA,CO,ANM,WE,Towers with Radar,0,77,103,4,184,2,12,26,2,42,2,89,129,6,226,167,0,167,393
02/12/2022,APA,CO,ANM,WE,Towers with Radar,0,76,85,2,163,0,36,172,1,209,0,112,257,3,372,53,2,55,427
02/13/2022,APA,CO,ANM,WE,Towers with Radar,0,71,87,0,158,10,43,252,1,306,10,114,339,1,464,394,0,394,858
02/14/2022,APA,CO,ANM,WE,Towers with Radar,0,86,115,7,208,0,64,279,8,351,0,150,394,15,559,531,0,531,1090
02/15/2022,APA,CO,ANM,WE,Towers with Radar,0,85,127,6,218,0,73,314,4,391,0,158,441,10,609,614,0,614,1223
02/16/2022,APA,CO,ANM,WE,Towers with Radar,0,83,103,0,186,0,7,37,2,46,0,90,140,2,232,55,0,55,287
02/17/2022,APA,CO,ANM,WE,Towers with Radar,0,126,174,2,302,0,84,221,2,307,0,210,395,4,609,407,0,407,1016
02/18/2022,APA,CO,ANM,WE,Towers with Radar,0,89,156,6,251,0,65,341,6,412,0,154,497,12,663,499,12,511,1174
02/19/2022,APA,CO,ANM,WE,Towers with Radar,0,54,78,0,132,0,60,408,5,473,0,114,486,5,605,344,6,350,955
02/20/2022,APA,CO,ANM,WE,Towers with Radar,0,77,124,4,205,0,39,257,3,299,0,116,381,7,504,442,2,444,948
02/21/2022,APA,CO,ANM,WE,Towers with Radar,0,108,173,1,282,0,19,121,1,141,0,127,294,2,423,164,0,164,587
02/22/2022,APA,CO,ANM,WE,Towers with Radar,0,85,101,2,188,0,1,1,1,3,0,86,102,3,191,0,0,0,191
02/23/2022,APA,CO,ANM,WE,Towers with Radar,0,101,113,0,214,0,6,18,0,24,0,107,131,0,238,43,0,43,281
02/24/2022,APA,CO,ANM,WE,Towers with Radar,0,85,127,7,219,0,67,136,5,208,0,152,263,12,427,392,2,394,821
02/25/2022,APA,CO,ANM,WE,Towers with Radar,0,93,168,15,276,0,81,223,6,310,0,174,391,21,586,370,0,370,956
02/26/2022,APA,CO,ANM,WE,Towers with Radar,0,76,116,2,194,0,43,283,0,326,0,119,399,2,520,591,0,591,1111
02/27/2022,APA,CO,ANM,WE,Towers with Radar,0,93,153,4,250,0,58,302,5,365,0,151,455,9,615,523,4,527,1142
02/28/2022,APA,CO,ANM,WE,Towers with Radar,0,69,137,4,210,0,46,291,12,349,0,115,428,16,559,622,2,624,1183
03/01/2022,APA,CO,ANM,WE,Towers with Radar,0,81,134,6,221,0,56,238,11,305,0,137,372,17,526,589,0,589,1115
03/02/2022,APA,CO,ANM,WE,Towers with Radar,0,88,140,3,231,0,48,315,2,365,0,136,455,5,596,626,21,647,1243
03/03/2022,APA,CO,ANM,WE,Towers with Radar,0,92,159,9,260,0,84,357,7,448,0,176,516,16,708,604,2,606,1314
03/04/2022,APA,CO,ANM,WE,Towers with Radar,0,96,180,3,279,0,54,219,0,273,0,150,399,3,552,361,0,361,913
03/05/2022,APA,CO,ANM,WE,Towers with Radar,0,75,83,0,158,0,1,3,0,4,0,76,86,0,162,0,0,0,162
03/06/2022,APA,CO,ANM,WE,Towers with Radar,0,76,100,0,176,0,0,0,0,0,0,76,100,0,176,0,0,0,176
03/07/2022,APA,CO,ANM,WE,Towers with Radar,0,99,125,4,228,0,33,122,3,158,0,132,247,7,386,416,0,416,802
03/08/2022,APA,CO,ANM,WE,Towers with Radar,0,112,162,4,278,0,64,315,3,382,0,176,477,7,660,405,6,411,1071
03/09/2022,APA,CO,ANM,WE,Towers with Radar,0,92,119,2,213,0,2,0,0,2,0,94,119,2,215,0,0,0,215
03/10/2022,APA,CO,ANM,WE,Towers with Radar,0,88,133,3,224,0,12,31,0,43,0,100,164,3,267,139,2,141,408
03/11/2022,APA,CO,ANM,WE,Towers with Radar,1,94,166,9,270,0,74,266,3,343,1,168,432,12,613,405,0,405,1018
03/12/2022,APA,CO,ANM,WE,Towers with Radar,0,77,143,2,222,0,32,219,2,253,0,109,362,4,475,155,0,155,630
03/13/2022,APA,CO,ANM,WE,Towers with Radar,0,64,138,3,205,0,44,305,1,350,0,108,443,4,555,332,0,332,887
03/14/2022,APA,CO,ANM,WE,Towers with Radar,0,88,112,9,209,0,73,227,4,304,0,161,339,13,513,453,0,453,966
03/15/2022,APA,CO,ANM,WE,Towers with Radar,0,80,156,3,239,0,67,407,4,478,0,147,563,7,717,592,0,592,1309
03/16/2022,APA,CO,ANM,WE,Towers with Radar,0,96,155,6,257,0,34,170,4,208,0,130,325,10,465,457,4,461,926
03/17/2022,APA,CO,ANM,WE,Towers with Radar,0,85,107,4,196,0,2,7,0,9,0,87,114,4,205,19,0,19,224
03/18/2022,APA,CO,ANM,WE,Towers with Radar,0,101,156,8,265,0,77,283,1,361,0,178,439,9,626,567,0,567,1193
03/19/2022,APA,CO,ANM,WE,Towers with Radar,0,79,162,2,243,0,44,381,1,426,0,123,543,3,669,502,0,502,1171
03/20/2022,APA,CO,ANM,WE,Towers with Radar,0,93,181,9,283,0,22,130,0,152,0,115,311,9,435,195,0,195,630
03/21/2022,APA,CO,ANM,WE,Towers with Radar,0,86,83,6,175,0,3,5,0,8,0,89,88,6,183,44,0,44,227
03/22/2022,APA,CO,ANM,WE,Towers with Radar,0,96,110,0,206,0,19,29,0,48,0,115,139,0,254,93,0,93,347
03/23/2022,APA,CO,ANM,WE,Towers with Radar,0,80,108,4,192,0,21,35,4,60,0,101,143,8,252,142,0,142,394
03/24/2022,APA,CO,ANM,WE,Towers with Radar,0,81,160,20,261,0,80,282,8,370,0,161,442,28,631,487,7,494,1125
03/25/2022,APA,CO,ANM,WE,Towers with Radar,0,74,142,6,222,0,72,337,9,418,0,146,479,15,640,556,0,556,1196
03/26/2022,APA,CO,ANM,WE,Towers with Radar,0,83,126,11,220,0,55,282,4,341,0,138,408,15,561,49,0,49,610
03/27/2022,APA,CO,ANM,WE,Towers with Radar,0,83,153,0,236,0,56,294,5,355,0,139,447,5,591,322,2,324,915
03/28/2022,APA,CO,ANM,WE,Towers with Radar,0,90,109,9,208,0,68,251,10,329,0,158,360,19,537,530,6,536,1073
03/29/2022,APA,CO,ANM,WE,Towers with Radar,0,89,110,4,203,0,34,42,1,77,0,123,152,5,280,320,0,320,600
03/30/2022,APA,CO,ANM,WE,Towers with Radar,0,114,105,9,228,0,52,114,2,168,0,166,219,11,396,465,0,465,861
03/31/2022,APA,CO,ANM,WE,Towers with Radar,0,108,112,12,232,0,47,256,1,304,0,155,368,13,536,610,0,610,1146
04/01/2022,APA,CO,ANM,WE,Towers with Radar,0,95,115,2,212,0,74,205,1,280,0,169,320,3,492,664,0,664,1156
04/02/2022,APA,CO,ANM,WE,Towers with Radar,0,58,90,6,154,0,60,382,2,444,0,118,472,8,598,532,4,536,1134
04/03/2022,APA,CO,ANM,WE,Towers with Radar,0,92,131,2,225,0,57,178,0,235,0,149,309,2,460,426,0,426,886
04/04/2022,APA,CO,ANM,WE,Towers with Radar,0,81,115,4,200,0,34,210,3,247,0,115,325,7,447,384,0,384,831
04/05/2022,APA,CO,ANM,WE,Towers with Radar,0,79,97,4,180,0,7,24,0,31,0,86,121,4,211,31,0,31,242
04/06/2022,APA,CO,ANM,WE,Towers with Radar,0,87,104,2,193,0,5,37,4,46,0,92,141,6,239,0,0,0,239
04/07/2022,APA,CO,ANM,WE,Towers with Radar,0,98,136,12,246,0,24,83,4,111,0,122,219,16,357,192,0,192,549
04/08/2022,APA,CO,ANM,WE,Towers with Radar,0,78,139,7,224,0,66,464,10,540,0,144,603,17,764,720,0,720,1484
04/09/2022,APA,CO,ANM,WE,Towers with Radar,0,70,86,2,158,0,77,187,0,264,0,147,273,2,422,362,0,362,784
04/10/2022,APA,CO,ANM,WE,Towers with Radar,0,65,120,2,187,0,13,79,0,92,0,78,199,2,279,265,0,265,544
04/11/2022,APA,CO,ANM,WE,Towers with Radar,0,87,127,9,223,0,48,141,7,196,0,135,268,16,419,179,2,181,600
04/12/2022,APA,CO,ANM,WE,Towers with Radar,0,74,103,4,181,0,10,36,0,46,0,84,139,4,227,63,0,63,290
04/13/2022,APA,CO,ANM,WE,Towers with Radar,0,100,117,4,221,0,34,107,6,147,0,134,224,10,368,391,0,391,759
04/14/2022,APA,CO,ANM,WE,Towers with Radar,0,85,141,9,235,0,14,113,2,129,0,99,254,11,364,283,0,283,647
04/15/2022,APA,CO,ANM,WE,Towers with Radar,0,89,125,17,231,0,30,192,7,229,0,119,317,24,460,488,0,488,948
04/16/2022,APA,CO,ANM,WE,Towers with Radar,0,58,64,8,130,0,93,297,0,390,0,151,361,8,520,557,0,557,1077
04/17/2022,APA,CO,ANM,WE,Towers with Radar,0,58,81,4,143,0,24,88,6,118,0,82,169,10,261,244,1,245,506
04/18/2022,APA,CO,ANM,WE,Towers with Radar,0,86,112,4,202,0,52,307,3,362,0,138,419,7,564,746,0,746,1310
04/19/2022,APA,CO,ANM,WE,Towers with Radar,0,89,129,5,223,0,45,240,9,294,0,134,369,14,517,465,9,474,991
04/20/2022,APA,CO,ANM,WE,Towers with Radar,0,100,127,11,238,0,62,230,6,298,0,162,357,17,536,392,6,398,934
04/21/2022,APA,CO,ANM,WE,Towers with Radar,0,91,138,16,245,0,38,134,0,172,0,129,272,16,417,166,0,166,583
04/22/2022,APA,CO,ANM,WE,Towers with Radar,0,65,85,5,155,0,11,46,2,59,0,76,131,7,214,110,0,110,324
04/23/2022,APA,CO,ANM,WE,Towers with Radar,0,54,67,2,123,0,10,45,1,56,0,64,112,3,179,58,0,58,237
04/24/2022,APA,CO,ANM,WE,Towers with Radar,0,80,141,5,226,0,34,206,0,240,0,114,347,5,466,473,1,474,940
04/25/2022,APA,CO,ANM,WE,Towers with Radar,0,75,141,12,228,0,43,276,2,321,0,118,417,14,549,650,0,650,1199
04/26/2022,APA,CO,ANM,WE,Towers with Radar,0,90,134,7,231,0,73,304,13,390,0,163,438,20,621,568,2,570,1191
04/27/2022,APA,CO,ANM,WE,Towers with Radar,0,90,128,1,219,0,60,218,4,282,0,150,346,5,501,262,10,272,773
04/28/2022,APA,CO,ANM,WE,Towers with Radar,0,108,148,2,258,0,50,281,10,341,0,158,429,12,599,211,0,211,810
04/29/2022,APA,CO,ANM,WE,Towers with Radar,0,76,118,18,212,0,27,71,2,100,0,103,189,20,312,307,0,307,619
04/30/2022,APA,CO,ANM,WE,Towers with Radar,0,67,81,5,153,0,46,322,2,370,0,113,403,7,523,426,0,426,949
05/01/2022,APA,CO,ANM,WE,Towers with Radar,0,70,107,6,183,0,29,133,2,164,0,99,240,8,347,49,2,51,398
05/02/2022,APA,CO,ANM,WE,Towers with Radar,0,73,97,7,177,0,1,23,0,24,0,74,120,7,201,186,0,186,387
05/03/2022,APA,CO,ANM,WE,Towers with Radar,0,95,115,10,220,0,76,229,11,316,0,171,344,21,536,870,0,870,1406
05/04/2022,APA,CO,ANM,WE,Towers with Radar,0,105,134,7,246,0,5,10,2,17,0,110,144,9,263,132,0,132,395
05/05/2022,APA,CO,ANM,WE,Towers with Radar,0,93,146,11,250,0,56,289,6,351,0,149,435,17,601,789,0,789,1390
05/06/2022,APA,CO,ANM,WE,Towers with Radar,0,105,106,27,238,0,64,273,7,344,0,169,379,34,582,516,0,516,1098
05/07/2022,APA,CO,ANM,WE,Towers with Radar,0,63,74,5,142,0,48,140,4,192,0,111,214,9,334,201,0,201,535
05/08/2022,APA,CO,ANM,WE,Towers with Radar,0,76,97,7,180,0,24,96,12,132,0,100,193,19,312,73,0,73,385
05/09/2022,APA,CO,ANM,WE,Towers with Radar,0,89,119,4,212,0,20,62,1,83,0,109,181,5,295,113,0,113,408
05/10/2022,APA,CO,ANM,WE,Towers with Radar,0,104,113,5,222,0,63,322,9,394,0,167,435,14,616,683,0,683,1299
05/11/2022,APA,CO,ANM,WE,Towers with Radar,0,79,111,4,194,0,22,156,21,199,0,101,267,25,393,174,0,174,567
05/12/2022,APA,CO,ANM,WE,Towers with Radar,0,91,144,11,246,0,23,48,6,77,0,114,192,17,323,165,0,165,488
05/13/2022,APA,CO,ANM,WE,Towers with Radar,0,68,133,15,216,0,65,276,11,352,0,133,409,26,568,386,0,386,954
05/14/2022,APA,CO,ANM,WE,Towers with Radar,0,58,85,10,153,0,103,435,5,543,0,161,520,15,696,784,0,784,1480
05/15/2022,APA,CO,ANM,WE,Towers with Radar,0,78,142,13,233,3,35,245,3,286,3,113,387,16,519,391,2,393,912
05/16/2022,APA,CO,ANM,WE,Towers with Radar,0,84,109,12,205,0,68,280,4,352,0,152,389,16,557,424,2,426,983
05/17/2022,APA,CO,ANM,WE,Towers with Radar,0,83,107,5,195,0,53,231,5,289,0,136,338,10,484,599,2,601,1085
05/18/2022,APA,CO,ANM,WE,Towers with Radar,0,83,115,15,213,0,44,334,1,379,0,127,449,16,592,385,0,385,977
05/19/2022,APA,CO,ANM,WE,Towers with Radar,0,106,139,6,251,0,40,170,4,214,0,146,309,10,465,565,0,565,1030
05/20/2022,APA,CO,ANM,WE,Towers with Radar,0,80,92,1,173,0,0,0,0,0,0,80,92,1,173,0,0,0,173
05/21/2022,APA,CO,ANM,WE,Towers with Radar,0,81,63,1,145,0,0,4,0,4,0,81,67,1,149,0,0,0,149
05/22/2022,APA,CO,ANM,WE,Towers with Radar,0,84,117,4,205,0,68,235,2,305,0,152,352,6,510,1101,0,1101,1611
05/23/2022,APA,CO,ANM,WE,Towers with Radar,0,82,156,7,245,0,34,244,2,280,0,116,400,9,525,569,0,569,1094
05/24/2022,APA,CO,ANM,WE,Towers with Radar,0,89,122,6,217,0,19,75,0,94,0,108,197,6,311,481,0,481,792
05/25/2022,APA,CO,ANM,WE,Towers with Radar,0,96,135,11,242,0,52,260,3,315,0,148,395,14,557,365,0,365,922
05/26/2022,APA,CO,ANM,WE,Towers with Radar,0,114,142,5,261,0,81,379,1,461,0,195,521,6,722,841,0,841,1563
05/27/2022,APA,CO,ANM,WE,Towers with Radar,0,105,117,5,227,0,57,239,4,300,0,162,356,9,527,388,2,390,917
05/28/2022,APA,CO,ANM,WE,Towers with Radar,0,64,51,8,123,0,30,224,0,254,0,94,275,8,377,360,0,360,737
05/29/2022,APA,CO,ANM,WE,Towers with Radar,0,68,47,1,116,0,35,170,0,205,0,103,217,1,321,313,0,313,634
05/30/2022,APA,CO,ANM,WE,Towers with Radar,0,73,85,2,160,0,62,173,0,235,0,135,258,2,395,256,0,256,651
05/31/2022,APA,CO,ANM,WE,Towers with Radar,0,116,119,4,239,0,39,176,8,223,0,155,295,12,462,399,8,407,869
06/01/2022,APA,CO,ANM,WE,Towers with Radar,0,92,161,9,262,0,15,67,2,84,0,107,228,11,346,364,0,364,710
06/02/2022,APA,CO,ANM,WE,Towers with Radar,0,83,171,7,261,0,45,331,1,377,0,128,502,8,638,120,0,120,758
06/03/2022,APA,CO,ANM,WE,Towers with Radar,0,89,130,5,224,0,57,213,2,272,0,146,343,7,496,44,1,45,541
06/04/2022,APA,CO,ANM,WE,Towers with Radar,0,54,64,7,125,0,40,298,6,344,0,94,362,13,469,56,2,58,527
06/05/2022,APA,CO,ANM,WE,Towers with Radar,0,75,120,2,197,0,55,193,7,255,0,130,313,9,452,90,0,90,542
06/06/2022,APA,CO,ANM,WE,Towers with Radar,0,81,108,7,196,0,44,179,0,223,0,125,287,7,419,62,0,62,481
06/07/2022,APA,CO,ANM,WE,Towers with Radar,0,83,138,0,221,0,27,199,0,226,0,110,337,0,447,198,0,198,645
06/08/2022,APA,CO,ANM,WE,Towers with Radar,0,85,151,3,239,0,57,286,0,343,0,142,437,3,582,653,0,653,1235
06/09/2022,APA,CO,ANM,WE,Towers with Radar,0,103,173,0,276,0,46,283,10,339,0,149,456,10,615,610,9,619,1234
06/10/2022,APA,CO,ANM,WE,Towers with Radar,0,78,105,7,190,0,43,337,6,386,0,121,442,13,576,675,2,677,1253
06/11/2022,APA,CO,ANM,WE,Towers with Radar,0,81,94,5,180,0,46,242,5,293,0,127,336,10,473,361,0,361,834
06/12/2022,APA,CO,ANM,WE,Towers with Radar,0,103,125,7,235,0,36,180,2,218,0,139,305,9,453,376,2,378,831
06/13/2022,APA,CO,ANM,WE,Towers with Radar,0,85,132,7,224,0,31,155,3,189,0,116,287,10,413,192,0,192,605
06/14/2022,APA,CO,ANM,WE,Towers with Radar,0,99,116,9,224,0,58,324,20,402,0,157,440,29,626,600,26,626,1252
06/15/2022,APA,CO,ANM,WE,Towers with Radar,0,121,150,4,275,0,28,292,11,331,0,149,442,15,606,538,8,546,1152
06/16/2022,APA,CO,ANM,WE,Towers with Radar,0,123,144,7,274,0,36,315,7,358,0,159,459,14,632,543,2,545,1177
06/17/2022,APA,CO,ANM,WE,Towers with Radar,0,99,116,18,233,0,44,205,4,253,0,143,321,22,486,381,0,381,867
06/18/2022,APA,CO,ANM,WE,Towers with Radar,0,72,75,9,156,0,39,236,6,281,0,111,311,15,437,293,0,293,730
06/19/2022,APA,CO,ANM,WE,Towers with Radar,0,96,123,2,221,0,20,138,0,158,0,116,261,2,379,163,0,163,542
06/20/2022,APA,CO,ANM,WE,Towers with Radar,0,80,140,8,228,0,54,208,4,266,0,134,348,12,494,295,4,299,793
06/21/2022,APA,CO,ANM,WE,Towers with Radar,0,87,113,3,203,0,33,225,12,270,0,120,338,15,473,307,11,318,791
06/22/2022,APA,CO,ANM,WE,Towers with Radar,0,80,131,6,217,0,65,327,7,399,0,145,458,13,616,652,0,652,1268
06/23/2022,APA,CO,ANM,WE,Towers with Radar,0,84,141,15,240,0,37,240,8,285,0,121,381,23,525,575,2,577,1102
06/24/2022,APA,CO,ANM,WE,Towers with Radar,0,92,134,8,234,0,48,208,7,263,0,140,342,15,497,419,0,419,916
06/25/2022,APA,CO,ANM,WE,Towers with Radar,0,72,124,2,198,0,12,55,1,68,0,84,179,3,266,106,0,106,372
06/26/2022,APA,CO,ANM,WE,Towers with Radar,0,89,173,9,271,0,21,76,0,97,0,110,249,9,368,163,0,163,531
06/27/2022,APA,CO,ANM,WE,Towers with Radar,0,88,123,6,217,0,58,272,2,332,0,146,395,8,549,534,0,534,1083
06/28/2022,APA,CO,ANM,WE,Towers with Radar,1,88,148,4,241,0,56,306,4,366,1,144,454,8,607,477,0,477,1084
06/29/2022,APA,CO,ANM,WE,Towers with Radar,0,92,102,5,199,0,56,205,10,271,0,148,307,15,470,478,0,478,948
06/30/2022,APA,CO,ANM,WE,Towers with Radar,0,105,156,9,270,0,20,213,11,244,0,125,369,20,514,283,2,285,799
07/01/2022,APA,CO,ANM,WE,Towers with Radar,0,92,148,7,247,14,56,207,8,285,14,148,355,15,532,527,3,530,1062
07/02/2022,APA,CO,ANM,WE,Towers with Radar,0,64,89,3,156,0,56,351,4,411,0,120,440,7,567,537,6,543,1110
07/03/2022,APA,CO,ANM,WE,Towers with Radar,0,60,76,6,142,0,30,189,4,223,0,90,265,10,365,291,0,291,656
07/04/2022,APA,CO,ANM,WE,Towers with Radar,0,40,47,6,93,0,31,187,0,218,0,71,234,6,311,295,0,295,606
07/05/2022,APA,CO,ANM,WE,Towers with Radar,0,112,125,9,246,0,59,207,4,270,0,171,332,13,516,559,0,559,1075
07/06/2022,APA,CO,ANM,WE,Towers with Radar,0,82,139,2,223,0,19,142,0,161,0,101,281,2,384,136,0,136,520
07/07/2022,APA,CO,ANM,WE,Towers with Radar,0,98,125,2,225,0,48,259,2,309,0,146,384,4,534,663,0,663,1197
07/08/2022,APA,CO,ANM,WE,Towers with Radar,0,68,124,8,200,0,59,267,1,327,0,127,391,9,527,614,2,616,1143
07/09/2022,APA,CO,ANM,WE,Towers with Radar,0,62,91,2,155,0,43,324,3,370,0,105,415,5,525,432,0,432,957
07/10/2022,APA,CO,ANM,WE,Towers with Radar,0,97,132,4,233,0,19,205,1,225,0,116,337,5,458,321,0,321,779
07/11/2022,APA,CO,ANM,WE,Towers with Radar,0,92,166,7,265,0,29,121,0,150,0,121,287,7,415,511,0,511,926
07/12/2022,APA,CO,ANM,WE,Towers with Radar,0,90,127,5,222,0,47,343,2,392,0,137,470,7,614,647,0,647,1261
07/13/2022,APA,CO,ANM,WE,Towers with Radar,0,98,129,1,228,0,45,293,4,342,0,143,422,5,570,414,0,414,984
07/14/2022,APA,CO,ANM,WE,Towers with Radar,0,100,133,3,236,0,39,230,15,284,0,139,363,18,520,504,7,511,1031
07/15/2022,APA,CO,ANM,WE,Towers with Radar,0,61,135,4,200,0,45,289,3,337,0,106,424,7,537,442,0,442,979
07/16/2022,APA,CO,ANM,WE,Towers with Radar,0,66,107,2,175,0,48,273,0,321,0,114,380,2,496,343,0,343,839
07/17/2022,APA,CO,ANM,WE,Towers with Radar,0,91,133,3,227,0,18,272,5,295,0,109,405,8,522,323,0,323,845
07/18/2022,APA,CO,ANM,WE,Towers with Radar,0,74,137,4,215,0,36,250,7,293,0,110,387,11,508,532,4,536,1044
07/19/2022,APA,CO,ANM,WE,Towers with Radar,0,93,122,12,227,0,47,247,4,298,0,140,369,16,525,430,0,430,955
07/20/2022,APA,CO,ANM,WE,Towers with Radar,0,103,152,8,263,0,41,276,6,323,0,144,428,14,586,457,4,461,1047
07/21/2022,APA,CO,ANM,WE,Towers with Radar,0,89,137,9,235,0,34,340,9,383,0,123,477,18,618,844,1,845,1463
07/22/2022,APA,CO,ANM,WE,Towers with Radar,0,86,127,10,223,0,32,317,6,355,0,118,444,16,578,636,0,636,1214
07/23/2022,APA,CO,ANM,WE,Towers with Radar,0,57,120,4,181,0,17,218,2,237,0,74,338,6,418,351,0,351,769
07/24/2022,APA,CO,ANM,WE,Towers with Radar,0,87,138,2,227,0,33,211,1,245,0,120,349,3,472,375,0,375,847
07/25/2022,APA,CO,ANM,WE,Towers with Radar,0,61,150,5,216,0,32,261,6,299,0,93,411,11,515,601,2,603,1118
07/26/2022,APA,CO,ANM,WE,Towers with Radar,0,90,133,7,230,0,25,287,10,322,0,115,420,17,552,549,3,552,1104
07/27/2022,APA,CO,ANM,WE,Towers with Radar,0,116,177,5,298,0,64,267,0,331,0,180,444,5,629,679,0,679,1308
07/28/2022,APA,CO,ANM,WE,Towers with Radar,0,100,156,0,256,0,15,67,5,87,0,115,223,5,343,389,12,401,744
07/29/2022,APA,CO,ANM,WE,Towers with Radar,0,82,187,15,284,0,28,178,1,207,0,110,365,16,491,698,0,698,1189
07/30/2022,APA,CO,ANM,WE,Towers with Radar,0,61,116,2,179,0,28,303,3,334,0,89,419,5,513,695,2,697,1210
07/31/2022,APA,CO,ANM,WE,Towers with Radar,0,80,161,12,253,0,36,164,10,210,0,116,325,22,463,426,0,426,889
08/01/2022,APA,CO,ANM,WE,Towers with Radar,0,89,136,7,232,0,36,209,3,248,0,125,345,10,480,564,0,564,1044
08/02/2022,APA,CO,ANM,WE,Towers with Radar,0,98,114,4,216,0,32,215,1,248,0,130,329,5,464,604,0,604,1068
08/03/2022,APA,CO,ANM,WE,Towers with Radar,0,73,143,10,226,0,40,263,8,311,0,113,406,18,537,366,0,366,903
08/04/2022,APA,CO,ANM,WE,Towers with Radar,0,112,125,5,242,0,35,307,5,347,0,147,432,10,589,674,0,674,1263
08/05/2022,APA,CO,ANM,WE,Towers with Radar,0,73,109,10,192,0,35,228,5,268,0,108,337,15,460,463,2,465,925
08/06/2022,APA,CO,ANM,WE,Towers with Radar,0,72,77,4,153,0,37,273,2,312,0,109,350,6,465,513,0,513,978
08/07/2022,APA,CO,ANM,WE,Towers with Radar,0,91,161,5,257,0,30,183,9,222,0,121,344,14,479,239,0,239,718
08/08/2022,APA,CO,ANM,WE,Towers with Radar,0,85,145,4,234,0,31,270,11,312,0,116,415,15,546,543,2,545,1091
08/09/2022,APA,CO,ANM,WE,Towers with Radar,0,105,142,4,251,0,46,302,6,354,0,151,444,10,605,508,0,508,1113
08/10/2022,APA,CO,ANM,WE,Towers with Radar,0,90,160,5,255,0,49,265,17,331,0,139,425,22,586,587,0,587,1173
08/11/2022,APA,CO,ANM,WE,Towers with Radar,0,112,161,5,278,0,36,258,7,301,0,148,419,12,579,694,8,702,1281
08/12/2022,APA,CO,ANM,WE,Towers with Radar,0,87,138,15,240,0,51,340,9,400,0,138,478,24,640,590,6,596,1236
08/13/2022,APA,CO,ANM,WE,Towers with Radar,0,73,105,11,189,0,45,222,2,269,0,118,327,13,458,590,0,590,1048
08/14/2022,APA,CO,ANM,WE,Towers with Radar,0,75,125,11,211,0,10,232,5,247,0,85,357,16,458,52,0,52,510
08/15/2022,APA,CO,ANM,WE,Towers with Radar,0,87,106,1,194,0,26,200,1,227,0,113,306,2,421,268,0,268,689
08/16/2022,APA,CO,ANM,WE,Towers with Radar,0,100,172,2,274,0,16,59,2,77,0,116,231,4,351,228,0,228,579
08/17/2022,APA,CO,ANM,WE,Towers with Radar,0,124,157,7,288,0,48,266,2,316,0,172,423,9,604,792,0,792,1396
08/18/2022,APA,CO,ANM,WE,Towers with Radar,0,101,167,15,283,0,36,268,7,311,0,137,435,22,594,543,4,547,1141
08/19/2022,APA,CO,ANM,WE,Towers with Radar,0,75,130,7,212,0,48,277,6,331,0,123,407,13,543,632,2,634,1177
08/20/2022,APA,CO,ANM,WE,Towers with Radar,0,75,83,3,161,0,27,221,3,251,0,102,304,6,412,273,0,273,685
08/21/2022,APA,CO,ANM,WE,Towers with Radar,0,80,138,3,221,0,34,220,3,257,0,114,358,6,478,529,0,529,1007
08/22/2022,APA,CO,ANM,WE,Towers with Radar,0,71,121,3,195,0,35,223,3,261,0,106,344,6,456,431,2,433,889
08/23/2022,APA,CO,ANM,WE,Towers with Radar,0,84,144,3,231,0,37,292,13,342,0,121,436,16,573,637,3,640,1213
08/24/2022,APA,CO,ANM,WE,Towers with Radar,0,101,136,3,240,0,40,279,2,321,0,141,415,5,561,347,0,347,908
08/25/2022,APA,CO,ANM,WE,Towers with Radar,0,118,150,2,270,0,36,210,13,259,0,154,360,15,529,654,6,660,1189
08/26/2022,APA,CO,ANM,WE,Towers with Radar,0,88,100,2,190,0,46,223,4,273,0,134,323,6,463,455,6,461,924
08/27/2022,APA,CO,ANM,WE,Towers with Radar,0,75,93,3,171,0,29,270,11,310,0,104,363,14,481,455,0,455,936
08/28/2022,APA,CO,ANM,WE,Towers with Radar,0,67,95,6,168,0,38,238,4,280,0,105,333,10,448,315,0,315,763
08/29/2022,APA,CO,ANM,WE,Towers with Radar,0,82,110,2,194,0,38,289,9,336,0,120,399,11,530,143,2,145,675
08/30/2022,APA,CO,ANM,WE,Towers with Radar,0,74,121,6,201,0,32,261,5,298,0,106,382,11,499,448,0,448,947
08/31/2022,APA,CO,ANM,WE,Towers with Radar,0,89,121,8,218,0,36,207,5,248,0,125,328,13,466,371,0,371,837
09/01/2022,APA,CO,ANM,WE,Towers with Radar,0,110,174,7,291,0,53,354,3,410,0,163,528,10,701,659,6,665,1366
09/02/2022,APA,CO,ANM,WE,Towers with Radar,0,103,126,3,232,0,49,244,4,297,0,152,370,7,529,456,4,460,989
09/03/2022,APA,CO,ANM,WE,Towers with Radar,0,74,78,0,152,0,46,222,2,270,0,120,300,2,422,569,0,569,991
09/04/2022,APA,CO,ANM,WE,Towers with Radar,0,66,69,1,136,0,31,230,1,262,0,97,299,2,398,615,2,617,1015
09/05/2022,APA,CO,ANM,WE,Towers with Radar,0,88,114,0,202,0,30,258,0,288,0,118,372,0,490,418,0,418,908
09/06/2022,APA,CO,ANM,WE,Towers with Radar,0,97,122,11,230,0,50,225,6,281,0,147,347,17,511,64,0,64,575
09/07/2022,APA,CO,ANM,WE,Towers with Radar,0,105,141,4,250,0,19,289,4,312,0,124,430,8,562,30,0,30,592
09/08/2022,APA,CO,ANM,WE,Towers with Radar,0,87,138,0,225,0,27,214,3,244,0,114,352,3,469,12,0,12,481
09/09/2022,APA,CO,ANM,WE,Towers with Radar,0,75,159,13,247,0,35,155,1,191,0,110,314,14,438,22,0,22,460
09/10/2022,APA,CO,ANM,WE,Towers with Radar,0,74,101,2,177,0,4,0,0,4,0,78,101,2,181,0,0,0,181
09/11/2022,APA,CO,ANM,WE,Towers with Radar,0,82,120,3,205,0,24,228,5,257,0,106,348,8,462,12,0,12,474
09/12/2022,APA,CO,ANM,WE,Towers with Radar,0,65,130,2,197,0,43,313,4,360,0,108,443,6,557,34,0,34,591
09/13/2022,APA,CO,ANM,WE,Towers with Radar,0,110,117,3,230,0,41,279,3,323,0,151,396,6,553,47,0,47,600
09/14/2022,APA,CO,ANM,WE,Towers with Radar,0,100,154,9,263,0,29,200,5,234,0,129,354,14,497,14,0,14,511
09/15/2022,APA,CO,ANM,WE,Towers with Radar,0,113,133,6,252,0,47,252,11,310,0,160,385,17,562,70,2,72,634
09/16/2022,APA,CO,ANM,WE,Towers with Radar,0,74,124,6,204,0,39,248,5,292,0,113,372,11,496,35,0,35,531
09/17/2022,APA,CO,ANM,WE,Towers with Radar,0,63,93,2,158,0,33,246,3,282,0,96,339,5,440,41,2,43,483
09/18/2022,APA,CO,ANM,WE,Towers with Radar,0,101,137,2,240,0,29,284,7,320,0,130,421,9,560,42,0,42,602
09/19/2022,APA,CO,ANM,WE,Towers with Radar,0,94,136,1,231,0,18,316,3,337,0,112,452,4,568,30,0,30,598
09/20/2022,APA,CO,ANM,WE,Towers with Radar,0,91,142,8,241,0,43,282,15,340,0,134,424,23,581,56,0,56,637
09/21/2022,APA,CO,ANM,WE,Towers with Radar,0,98,175,8,281,0,11,47,0,58,0,109,222,8,339,17,0,17,356
09/22/2022,APA,CO,ANM,WE,Towers with Radar,1,110,187,3,301,0,11,53,0,64,1,121,240,3,365,47,0,47,412
09/23/2022,APA,CO,ANM,WE,Towers with Radar,0,86,146,6,238,0,35,272,8,315,0,121,418,14,553,24,0,24,577
09/24/2022,APA,CO,ANM,WE,Towers with Radar,0,75,86,5,166,0,44,328,2,374,0,119,414,7,540,26,0,26,566
09/25/2022,APA,CO,ANM,WE,Towers with Radar,0,103,150,4,257,0,22,276,4,302,0,125,426,8,559,12,0,12,571
09/26/2022,APA,CO,ANM,WE,Towers with Radar,0,96,135,9,240,0,32,363,5,400,0,128,498,14,640,36,0,36,676
09/27/2022,APA,CO,ANM,WE,Towers with Radar,0,105,122,10,237,0,43,252,4,299,0,148,374,14,536,21,0,21,557
09/28/2022,APA,CO,ANM,WE,Towers with Radar,0,80,121,7,208,0,46,318,3,367,0,126,439,10,575,56,0,56,631
09/29/2022,APA,CO,ANM,WE,Towers with Radar,0,91,143,5,239,0,28,268,8,304,0,119,411,13,543,29,0,29,572
09/30/2022,APA,CO,ANM,WE,Towers with Radar,0,93,119,3,215,0,32,192,10,234,0,125,311,13,449,37,0,37,486
10/01/2022,APA,CO,ANM,WE,Towers with Radar,0,73,71,2,146,0,43,238,1,282,0,116,309,3,428,12,0,12,440
10/02/2022,APA,CO,ANM,WE,Towers with Radar,0,74,107,0,181,0,27,112,3,142,0,101,219,3,323,22,0,22,345
10/03/2022,APA,CO,ANM,WE,Towers with Radar,0,87,111,9,207,0,39,262,7,308,0,126,373,16,515,27,0,27,542
10/04/2022,APA,CO,ANM,WE,Towers with Radar,0,98,145,11,254,0,38,240,6,284,0,136,385,17,538,219,0,219,757
10/05/2022,APA,CO,ANM,WE,Towers with Radar,0,105,126,5,236,0,56,290,0,346,0,161,416,5,582,712,0,712,1294
10/06/2022,APA,CO,ANM,WE,Towers with Radar,2,101,166,3,272,0,54,354,14,422,2,155,520,17,694,701,10,711,1405
10/07/2022,APA,CO,ANM,WE,Towers with Radar,0,100,170,6,276,0,1,19,1,21,0,101,189,7,297,64,0,64,361
10/08/2022,APA,CO,ANM,WE,Towers with Radar,0,77,64,1,142,0,32,187,0,219,0,109,251,1,361,368,0,368,729
10/09/2022,APA,CO,ANM,WE,Towers with Radar,0,98,117,0,215,0,39,356,0,395,0,137,473,0,610,553,0,553,1163
10/10/2022,APA,CO,ANM,WE,Towers with Radar,0,98,109,3,210,0,45,286,1,332,0,143,395,4,542,692,0,692,1234
10/11/2022,APA,CO,ANM,WE,Towers with Radar,0,102,109,8,219,0,38,229,15,282,0,140,338,23,501,273,0,273,774
10/12/2022,APA,CO,ANM,WE,Towers with Radar,0,128,152,6,286,0,40,214,11,265,0,168,366,17,551,571,0,571,1122
10/13/2022,APA,CO,ANM,WE,Towers with Radar,0,98,116,5,219,0,36,278,3,317,0,134,394,8,536,784,0,784,1320
10/14/2022,APA,CO,ANM,WE,Towers with Radar,0,79,137,7,223,0,62,324,5,391,0,141,461,12,614,707,0,707,1321
10/15/2022,APA,CO,ANM,WE,Towers with Radar,0,72,72,10,154,0,57,365,1,423,0,129,437,11,577,523,9,532,1109
10/16/2022,APA,CO,ANM,WE,Towers with Radar,0,85,116,8,209,0,15,155,0,170,0,100,271,8,379,620,0,620,999
10/17/2022,APA,CO,ANM,WE,Towers with Radar,0,88,138,9,235,0,29,304,1,334,0,117,442,10,569,697,0,697,1266
10/18/2022,APA,CO,ANM,WE,Towers with Radar,0,93,128,6,227,0,38,355,11,404,0,131,483,17,631,850,0,850,1481
10/19/2022,APA,CO,ANM,WE,Towers with Radar,0,115,131,3,249,0,32,292,5,329,0,147,423,8,578,581,2,583,1161
10/20/2022,APA,CO,ANM,WE,Towers with Radar,0,109,134,4,247,0,54,316,8,378,0,163,450,12,625,640,0,640,1265
10/21/2022,APA,CO,ANM,WE,Towers with Radar,0,94,126,18,238,0,50,348,10,408,0,144,474,28,646,698,2,700,1346
10/22/2022,APA,CO,ANM,WE,Towers with Radar,0,78,79,3,160,0,31,222,9,262,0,109,301,12,422,642,0,642,1064
10/23/2022,APA,CO,ANM,WE,Towers with Radar,0,83,99,4,186,0,19,29,9,57,0,102,128,13,243,11,0,11,254
10/24/2022,APA,CO,ANM,WE,Towers with Radar,0,79,126,4,209,0,30,218,3,251,0,109,344,7,460,23,0,23,483
10/25/2022,APA,CO,ANM,WE,Towers with Radar,0,80,115,5,200,0,48,296,9,353,0,128,411,14,553,69,0,69,622
10/26/2022,APA,CO,ANM,WE,Towers with Radar,0,97,122,3,222,0,43,247,8,298,0,140,369,11,520,640,0,640,1160
10/27/2022,APA,CO,ANM,WE,Towers with Radar,0,100,113,3,216,0,5,27,0,32,0,105,140,3,248,74,0,74,322
10/28/2022,APA,CO,ANM,WE,Towers with Radar,0,84,124,6,214,0,49,280,1,330,0,133,404,7,544,569,0,569,1113
10/29/2022,APA,CO,ANM,WE,Towers with Radar,0,57,63,10,130,0,43,358,9,410,0,100,421,19,540,662,2,664,1204
10/30/2022,APA,CO,ANM,WE,Towers with Radar,0,67,115,13,195,0,39,316,4,359,0,106,431,17,554,605,2,607,1161
10/31/2022,APA,CO,ANM,WE,Towers with Radar,0,71,85,6,162,0,31,275,1,307,0,102,360,7,469,467,0,467,936
11/01/2022,APA,CO,ANM,WE,Towers with Radar,0,99,119,6,224,0,17,294,5,316,0,116,413,11,540,705,0,705,1245
11/02/2022,APA,CO,ANM,WE,Towers with Radar,0,70,104,4,178,0,32,120,3,155,0,102,224,7,333,220,0,220,553
11/03/2022,APA,CO,ANM,WE,Towers with Radar,0,96,97,0,193,0,12,55,1,68,0,108,152,1,261,266,0,266,527
11/04/2022,APA,CO,ANM,WE,Towers with Radar,0,90,113,5,208,0,34,236,2,272,0,124,349,7,480,488,0,488,968
11/05/2022,APA,CO,ANM,WE,Towers with Radar,0,44,64,1,109,0,25,174,3,202,0,69,238,4,311,655,0,655,966
11/06/2022,APA,CO,ANM,WE,Towers with Radar,0,77,114,0,191,0,44,179,3,226,0,121,293,3,417,235,6,241,658
11/07/2022,APA,CO,ANM,WE,Towers with Radar,0,64,86,0,150,0,17,33,4,54,0,81,119,4,204,26,0,26,230
11/08/2022,APA,CO,ANM,WE,Towers with Radar,0,96,108,3,207,2,36,178,2,218,2,132,286,5,425,418,0,418,843
11/09/2022,APA,CO,ANM,WE,Towers with Radar,0,103,100,1,204,0,15,105,1,121,0,118,205,2,325,318,0,318,643
11/10/2022,APA,CO,ANM,WE,Towers with Radar,0,111,127,1,239,0,36,214,2,252,0,147,341,3,491,749,1,750,1241
11/11/2022,APA,CO,ANM,WE,Towers with Radar,0,79,104,3,186,0,34,257,1,292,0,113,361,4,478,625,1,626,1104
11/12/2022,APA,CO,ANM,WE,Towers with Radar,0,51,53,2,106,0,38,316,3,357,0,89,369,5,463,57,0,57,520
11/13/2022,APA,CO,ANM,WE,Towers with Radar,0,66,88,6,160,0,38,264,0,302,0,104,352,6,462,8,0,8,470
11/14/2022,APA,CO,ANM,WE,Towers with Radar,0,97,113,2,212,0,45,288,3,336,0,142,401,5,548,58,0,58,606
11/15/2022,APA,CO,ANM,WE,Towers with Radar,0,81,80,4,165,0,24,176,7,207,0,105,256,11,372,74,0,74,446
11/16/2022,APA,CO,ANM,WE,Towers with Radar,0,71,102,4,177,0,34,275,9,318,0,105,377,13,495,89,0,89,584
11/17/2022,APA,CO,ANM,WE,Towers with Radar,0,81,111,3,195,0,2,11,0,13,0,83,122,3,208,80,0,80,288
11/18/2022,APA,CO,ANM,WE,Towers with Radar,1,98,157,10,266,0,18,112,3,133,1,116,269,13,399,220,4,224,623
11/19/2022,APA,CO,ANM,WE,Towers with Radar,0,65,68,2,135,0,56,268,10,334,0,121,336,12,469,294,0,294,763
11/20/2022,APA,CO,ANM,WE,Towers with Radar,0,93,122,5,220,0,41,247,5,293,0,134,369,10,513,351,0,351,864
11/21/2022,APA,CO,ANM,WE,Towers with Radar,0,99,98,11,208,0,41,283,4,328,0,140,381,15,536,462,5,467,1003
11/22/2022,APA,CO,ANM,WE,Towers with Radar,0,108,113,5,226,0,48,261,5,314,0,156,374,10,540,404,0,404,944
11/23/2022,APA,CO,ANM,WE,Towers with Radar,0,66,120,2,188,0,48,228,1,277,0,114,348,3,465,466,0,466,931
11/24/2022,APA,CO,ANM,WE,Towers with Radar,0,44,23,0,67,0,6,21,0,27,0,50,44,0,94,137,0,137,231
11/25/2022,APA,CO,ANM,WE,Towers with Radar,0,48,66,0,114,0,35,226,0,261,0,83,292,0,375,386,0,386,761
11/26/2022,APA,CO,ANM,WE,Towers with Radar,0,84,111,0,195,0,30,212,3,245,0,114,323,3,440,383,0,383,823
11/27/2022,APA,CO,ANM,WE,Towers with Radar,0,98,161,0,259,0,31,201,1,233,0,129,362,1,492,621,4,625,1117
11/28/2022,APA,CO,ANM,WE,Towers with Radar,0,72,130,12,214,0,41,152,7,200,0,113,282,19,414,69,0,69,483
11/29/2022,APA,CO,ANM,WE,Towers with Radar,0,87,98,2,187,0,5,20,8,33,0,92,118,10,220,126,0,126,346
11/30/2022,APA,CO,ANM,WE,Towers with Radar,0,106,126,0,232,0,45,286,3,334,0,151,412,3,566,702,0,702,1268
12/01/2022,APA,CO,ANM,WE,Towers with Radar,0,76,109,5,190,0,18,113,3,134,0,94,222,8,324,253,6,259,583
12/02/2022,APA,CO,ANM,WE,Towers with Radar,0,67,78,2,147,0,7,37,0,44,0,74,115,2,191,43,0,43,234
12/03/2022,APA,CO,ANM,WE,Towers with Radar,0,46,90,9,145,0,24,273,3,300,0,70,363,12,445,453,0,453,898
12/04/2022,APA,CO,ANM,WE,Towers with Radar,0,59,99,7,165,0,41,346,0,387,0,100,445,7,552,305,0,305,857
12/05/2022,APA,CO,ANM,WE,Towers with Radar,0,101,90,4,195,0,62,304,7,373,0,163,394,11,568,509,0,509,1077
12/06/2022,APA,CO,ANM,WE,Towers with Radar,0,90,114,7,211,0,54,319,10,383,0,144,433,17,594,759,4,763,1357
12/07/2022,APA,CO,ANM,WE,Towers with Radar,0,90,91,1,182,0,25,224,8,257,0,115,315,9,439,711,0,711,1150
12/08/2022,APA,CO,ANM,WE,Towers with Radar,0,102,117,5,224,0,12,98,5,115,0,114,215,10,339,323,0,323,662
12/09/2022,APA,CO,ANM,WE,Towers with Radar,0,96,105,4,205,0,46,274,1,321,0,142,379,5,526,519,0,519,1045
12/10/2022,APA,CO,ANM,WE,Towers with Radar,0,72,80,3,155,0,38,312,5,355,0,110,392,8,510,649,0,649,1159
12/11/2022,APA,CO,ANM,WE,Towers with Radar,0,76,111,3,190,0,55,151,5,211,0,131,262,8,401,172,0,172,573
12/12/2022,APA,CO,ANM,WE,Towers with Radar,0,103,127,3,233,0,38,157,4,199,0,141,284,7,432,431,0,431,863
12/13/2022,APA,CO,ANM,WE,Towers with Radar,0,82,76,4,162,0,0,3,3,6,0,82,79,7,168,3,5,8,176
12/14/2022,APA,CO,ANM,WE,Towers with Radar,0,99,144,0,243,0,34,149,1,184,0,133,293,1,427,233,0,233,660
12/15/2022,APA,CO,ANM,WE,Towers with Radar,0,102,131,4,237,0,35,204,2,241,0,137,335,6,478,681,0,681,1159
12/16/2022,APA,CO,ANM,WE,Towers with Radar,0,90,133,9,232,0,43,182,11,236,0,133,315,20,468,425,0,425,893
12/17/2022,APA,CO,ANM,WE,Towers with Radar,0,91,85,3,179,0,61,287,3,351,0,152,372,6,530,460,0,460,990
12/18/2022,APA,CO,ANM,WE,Towers with Radar,0,81,93,7,181,0,18,258,3,279,0,99,351,10,460,513,0,513,973
12/19/2022,APA,CO,ANM,WE,Towers with Radar,0,84,100,4,188,1,34,237,4,276,1,118,337,8,464,595,0,595,1059
12/20/2022,APA,CO,ANM,WE,Towers with Radar,0,111,102,8,221,0,61,338,10,409,0,172,440,18,630,685,11,696,1326
12/21/2022,APA,CO,ANM,WE,Towers with Radar,0,99,101,0,200,0,29,96,1,126,0,128,197,1,326,302,0,302,628
12/22/2022,APA,CO,ANM,WE,Towers with Radar,0,88,91,1,180,0,5,8,0,13,0,93,99,1,193,5,0,5,198
12/23/2022,APA,CO,ANM,WE,Towers with Radar,0,88,108,0,196,0,26,103,0,129,0,114,211,0,325,238,0,238,563
12/24/2022,APA,CO,ANM,WE,Towers with Radar,0,75,55,0,130,0,13,96,0,109,0,88,151,0,239,180,0,180,419
12/25/2022,APA,CO,ANM,WE,Towers with Radar,0,55,29,0,84,0,14,49,0,63,0,69,78,0,147,38,0,38,185
12/26/2022,APA,CO,ANM,WE,Towers with Radar,0,85,173,0,258,0,8,238,0,246,0,93,411,0,504,182,0,182,686
12/27/2022,APA,CO,ANM,WE,Towers with Radar,0,110,187,0,297,0,31,168,1,200,0,141,355,1,497,247,0,247,744
12/28/2022,APA,CO,ANM,WE,Towers with Radar,0,96,130,4,230,0,20,131,1,152,0,116,261,5,382,451,0,451,833
12/29/2022,APA,CO,ANM,WE,Towers with Radar,0,96,117,0,213,0,19,47,0,66,0,115,164,0,279,166,0,166,445
12/30/2022,APA,CO,ANM,WE,Towers with Radar,0,88,110,0,198,0,47,202,2,251,0,135,312,2,449,363,0,363,812
12/31/2022,APA,CO,ANM,WE,Towers with Radar,0,61,82,0,143,0,37,226,1,264,0,98,308,1,407,380,0,380,787
01/01/2023,APA,CO,ANM,WE,Towers with Radar,0,68,105,0,173,0,12,72,0,84,0,80,177,0,257,268,0,268,525
01/02/2023,APA,CO,ANM,WE,Towers with Radar,0,58,111,2,171,0,0,3,0,3,0,58,114,2,174,0,0,0,174
01/03/2023,APA,CO,ANM,WE,Towers with Radar,0,129,156,0,285,0,11,82,11,104,0,140,238,11,389,108,0,108,497
01/04/2023,APA,CO,ANM,WE,Towers with Radar,0,104,131,5,240,0,29,274,6,309,0,133,405,11,549,655,2,657,1206
01/05/2023,APA,CO,ANM,WE,Towers with Radar,0,98,92,6,196,0,35,294,2,331,0,133,386,8,527,667,0,667,1194
01/06/2023,APA,CO,ANM,WE,Towers with Radar,0,95,120,7,222,0,30,258,4,292,0,125,378,11,514,414,2,416,930
01/07/2023,APA,CO,ANM,WE,Towers with Radar,0,69,108,2,179,0,35,333,1,369,0,104,441,3,548,344,0,344,892
01/08/2023,APA,CO,ANM,WE,Towers with Radar,0,50,110,2,162,0,35,261,0,296,0,85,371,2,458,451,0,451,909
01/09/2023,APA,CO,ANM,WE,Towers with Radar,0,62,90,6,158,0,40,226,1,267,0,102,316,7,425,520,0,520,945
01/10/2023,APA,CO,ANM,WE,Towers with Radar,0,96,108,2,206,0,44,194,5,243,0,140,302,7,449,390,7,397,846
01/11/2023,APA,CO,ANM,WE,Towers with Radar,0,48,65,0,113,0,0,2,0,2,0,48,67,0,115,0,0,0,115
01/12/2023,APA,CO,ANM,WE,Towers with Radar,0,83,149,4,236,0,45,327,6,378,0,128,476,10,614,823,0,823,1437
01/13/2023,APA,CO,ANM,WE,Towers with Radar,0,77,131,5,213,0,53,301,7,361,0,130,432,12,574,623,0,623,1197
01/14/2023,APA,CO,ANM,WE,Towers with Radar,0,61,88,3,152,0,43,316,0,359,0,104,404,3,511,603,0,603,1114
01/15/2023,APA,CO,ANM,WE,Towers with Radar,0,84,88,2,174,0,57,175,1,233,0,141,263,3,407,535,0,535,942
01/16/2023,APA,CO,ANM,WE,Towers with Radar,0,74,99,3,176,0,42,294,2,338,0,116,393,5,514,713,0,713,1227
01/17/2023,APA,CO,ANM,WE,Towers with Radar,0,97,87,1,185,0,42,189,2,233,0,139,276,3,418,550,0,550,968
01/18/2023,APA,CO,ANM,WE,Towers with Radar,0,58,33,0,91,0,0,1,0,1,0,58,34,0,92,0,0,0,92
01/19/2023,APA,CO,ANM,WE,Towers with Radar,0,76,105,8,189,0,41,145,4,190,0,117,250,12,379,262,0,262,641
01/20/2023,APA,CO,ANM,WE,Towers with Radar,0,56,79,3,138,0,15,98,0,113,0,71,177,3,251,491,0,491,742
01/21/2023,APA,CO,ANM,WE,Towers with Radar,0,65,67,1,133,0,9,12,0,21,0,74,79,1,154,58,0,58,212
01/22/2023,APA,CO,ANM,WE,Towers with Radar,0,74,88,2,164,0,49,215,1,265,0,123,303,3,429,477,0,477,906
01/23/2023,APA,CO,ANM,WE,Towers with Radar,0,55,68,2,125,0,16,61,1,78,0,71,129,3,203,211,0,211,414
01/24/2023,APA,CO,ANM,WE,Towers with Radar,0,79,92,4,175,0,24,183,2,209,0,103,275,6,384,577,0,577,961
01/25/2023,APA,CO,ANM,WE,Towers with Radar,0,60,101,4,165,0,14,32,1,47,0,74,133,5,212,142,0,142,354
01/26/2023,APA,CO,ANM,WE,Towers with Radar,0,101,144,3,248,0,50,220,2,272,0,151,364,5,520,461,0,461,981
01/27/2023,APA,CO,ANM,WE,Towers with Radar,0,76,112,8,196,0,44,320,4,368,0,120,432,12,564,436,0,436,1000
01/28/2023,APA,CO,ANM,WE,Towers with Radar,0,50,62,1,113,0,30,91,1,122,0,80,153,2,235,406,2,408,643
01/29/2023,APA,CO,ANM,WE,Towers with Radar,0,56,68,0,124,0,0,0,0,0,0,56,68,0,124,0,0,0,124
01/30/2023,APA,CO,ANM,WE,Towers with Radar,0,74,93,8,175,0,2,18,1,21,0,76,111,9,196,73,0,73,269
01/31/2023,APA,CO,ANM,WE,Towers with Radar,0,71,105,5,181,0,52,218,4,274,0,123,323,9,455,678,12,690,1145
02/01/2023,APA,CO,ANM,WE,Towers with Radar,0,61,107,1,169,0,50,272,5,327,0,111,379,6,496,888,0,888,1384
02/02/2023,APA,CO,ANM,WE,Towers with Radar,0,105,115,4,224,0,54,305,4,363,0,159,420,8,587,740,2,742,1329
02/03/2023,APA,CO,ANM,WE,Towers with Radar,0,59,114,11,184,0,37,301,5,343,0,96,415,16,527,622,0,622,1149
02/04/2023,APA,CO,ANM,WE,Towers with Radar,0,43,57,3,103,0,30,223,1,254,0,73,280,4,357,619,0,619,976
02/05/2023,APA,CO,ANM,WE,Towers with Radar,0,80,102,1,183,0,31,276,1,308,0,111,378,2,491,656,0,656,1147
02/06/2023,APA,CO,ANM,WE,Towers with Radar,0,85,95,7,187,0,31,109,3,143,0,116,204,10,330,146,0,146,476
02/07/2023,APA,CO,ANM,WE,Towers with Radar,0,71,100,9,180,0,46,266,4,316,0,117,366,13,496,763,0,763,1259
02/08/2023,APA,CO,ANM,WE,Towers with Radar,0,87,127,4,218,0,29,218,4,251,0,116,345,8,469,574,0,574,1043
02/09/2023,APA,CO,ANM,WE,Towers with Radar,0,101,91,0,192,0,23,55,8,86,0,124,146,8,278,95,0,95,373
02/10/2023,APA,CO,ANM,WE,Towers with Radar,0,67,107,12,186,0,34,370,9,413,0,101,477,21,599,688,4,692,1291
02/11/2023,APA,CO,ANM,WE,Towers with Radar,0,46,74,3,123,0,45,340,6,391,0,91,414,9,514,728,4,732,1246
02/12/2023,APA,CO,ANM,WE,Towers with Radar,0,85,75,5,165,0,37,247,1,285,0,122,322,6,450,577,0,577,1027
02/13/2023,APA,CO,ANM,WE,Towers with Radar,0,96,107,2,205,0,26,200,1,227,0,122,307,3,432,365,0,365,797
02/14/2023,APA,CO,ANM,WE,Towers with Radar,0,86,76,4,166,0,25,106,1,132,0,111,182,5,298,300,0,300,598
02/15/2023,APA,CO,ANM,WE,Towers with Radar,0,67,53,0,120,0,0,0,0,0,0,67,53,0,120,0,0,0,120
02/16/2023,APA,CO,ANM,WE,Towers with Radar,0,107,162,12,281,0,77,191,4,272,0,184,353,16,553,410,0,410,963
02/17/2023,APA,CO,ANM,WE,Towers with Radar,0,81,147,12,240,0,91,353,5,449,0,172,500,17,689,632,0,632,1321
02/18/2023,APA,CO,ANM,WE,Towers with Radar,0,67,67,1,135,0,65,369,1,435,0,132,436,2,570,526,0,526,1096
02/19/2023,APA,CO,ANM,WE,Towers with Radar,0,52,93,2,147,0,19,74,0,93,0,71,167,2,240,126,0,126,366
02/20/2023,APA,CO,ANM,WE,Towers with Radar,0,85,158,2,245,0,31,110,0,141,0,116,268,2,386,524,0,524,910
02/21/2023,APA,CO,ANM,WE,Towers with Radar,0,91,125,1,217,0,24,160,1,185,0,115,285,2,402,515,0,515,917
02/22/2023,APA,CO,ANM,WE,Towers with Radar,0,68,63,0,131,0,0,0,0,0,0,68,63,0,131,0,0,0,131
02/23/2023,APA,CO,ANM,WE,Towers with Radar,0,111,119,6,236,0,58,121,2,181,0,169,240,8,417,350,0,350,767
02/24/2023,APA,CO,ANM,WE,Towers with Radar,0,73,119,9,201,0,63,200,6,269,0,136,319,15,470,745,0,745,1215
02/25/2023,APA,CO,ANM,WE,Towers with Radar,0,76,94,6,176,0,49,182,3,234,0,125,276,9,410,144,0,144,554
02/26/2023,APA,CO,ANM,WE,Towers with Radar,0,65,116,3,184,0,9,60,0,69,0,74,176,3,253,132,0,132,385
02/27/2023,APA,CO,ANM,WE,Towers with Radar,0,83,122,1,206,0,40,214,7,261,0,123,336,8,467,456,0,456,923
02/28/2023,APA,CO,ANM,WE,Towers with Radar,0,82,98,2,182,0,23,66,3,92,0,105,164,5,274,105,10,115,389
03/01/2023,APA,CO,ANM,WE,Towers with Radar,0,94,130,5,229,0,33,86,1,120,0,127,216,6,349,361,0,361,710
03/02/2023,APA,CO,ANM,WE,Towers with Radar,0,95,127,8,230,0,82,248,7,337,0,177,375,15,567,663,0,663,1230
03/03/2023,APA,CO,ANM,WE,Towers with Radar,0,112,100,4,216,0,67,224,1,292,0,179,324,5,508,528,0,528,1036
03/04/2023,APA,CO,ANM,WE,Towers with Radar,0,81,85,3,169,0,39,142,0,181,0,120,227,3,350,265,0,265,615
03/05/2023,APA,CO,ANM,WE,Towers with Radar,0,40,92,4,136,0,28,35,2,65,0,68,127,6,201,100,0,100,301
03/06/2023,APA,CO,ANM,WE,Towers with Radar,0,89,121,12,222,0,43,198,3,244,0,132,319,15,466,385,0,385,851
03/07/2023,APA,CO,ANM,WE,Towers with Radar,0,81,95,3,179,0,0,6,0,6,0,81,101,3,185,0,0,0,185
03/08/2023,APA,CO,ANM,WE,Towers with Radar,0,64,119,7,190,0,45,101,4,150,0,109,220,11,340,875,0,875,1215
03/09/2023,APA,CO,ANM,WE,Towers with Radar,0,80,138,5,223,0,91,222,11,324,0,171,360,16,547,672,14,686,1233
03/10/2023,APA,CO,ANM,WE,Towers with Radar,0,88,122,15,225,0,42,193,1,236,0,130,315,16,461,363,0,363,824
03/11/2023,APA,CO,ANM,WE,Towers with Radar,0,68,96,3,167,0,62,204,3,269,0,130,300,6,436,564,0,564,1000
03/12/2023,APA,CO,ANM,WE,Towers with Radar,0,73,121,7,201,0,51,239,3,293,0,124,360,10,494,634,0,634,1128
03/13/2023,APA,CO,ANM,WE,Towers with Radar,0,65,106,1,172,0,76,307,1,384,0,141,413,2,556,755,0,755,1311
03/14/2023,APA,CO,ANM,WE,Towers with Radar,0,69,103,3,175,0,108,304,2,414,0,177,407,5,589,920,0,920,1509
03/15/2023,APA,CO,ANM,WE,Towers with Radar,0,93,104,4,201,0,52,191,8,251,0,145,295,12,452,587,0,587,1039
03/16/2023,APA,CO,ANM,WE,Towers with Radar,0,87,93,0,180,0,0,12,0,12,0,87,105,0,192,0,0,0,192
03/17/2023,APA,CO,ANM,WE,Towers with Radar,0,108,119,7,234,0,64,271,1,336,0,172,390,8,570,487,0,487,1057
03/18/2023,APA,CO,ANM,WE,Towers with Radar,0,85,114,7,206,0,62,338,6,406,0,147,452,13,612,387,0,387,999
03/19/2023,APA,CO,ANM,WE,Towers with Radar,0,98,115,6,219,0,62,223,2,287,0,160,338,8,506,577,0,577,1083
03/20/2023,APA,CO,ANM,WE,Towers with Radar,0,75,91,2,168,0,54,217,2,273,0,129,308,4,441,780,0,780,1221
03/21/2023,APA,CO,ANM,WE,Towers with Radar,0,97,83,6,186,0,58,199,1,258,0,155,282,7,444,665,0,665,1109
03/22/2023,APA,CO,ANM,WE,Towers with Radar,0,102,118,8,228,0,18,119,6,143,0,120,237,14,371,450,0,450,821
03/23/2023,APA,CO,ANM,WE,Towers with Radar,0,101,121,12,234,0,67,243,9,319,0,168,364,21,553,817,4,821,1374
03/24/2023,APA,CO,ANM,WE,Towers with Radar,0,67,93,10,170,0,64,204,8,276,0,131,297,18,446,578,2,580,1026
03/25/2023,APA,CO,ANM,WE,Towers with Radar,0,62,91,3,156,0,9,32,1,42,0,71,123,4,198,11,0,11,209
03/26/2023,APA,CO,ANM,WE,Towers with Radar,0,73,121,7,201,0,61,211,4,276,0,134,332,11,477,696,0,696,1173
03/27/2023,APA,CO,ANM,WE,Towers with Radar,0,65,81,3,149,0,22,29,0,51,0,87,110,3,200,205,0,205,405
03/28/2023,APA,CO,ANM,WE,Towers with Radar,0,83,98,5,186,0,93,343,4,440,0,176,441,9,626,946,0,946,1572
03/29/2023,APA,CO,ANM,WE,Towers with Radar,0,77,99,9,185,0,77,337,3,417,0,154,436,12,602,599,0,599,1201
03/30/2023,APA,CO,ANM,WE,Towers with Radar,0,59,83,7,149,0,15,33,3,51,0,74,116,10,200,115,0,115,315
03/31/2023,APA,CO,ANM,WE,Towers with Radar,0,81,81,11,173,0,11,12,3,26,0,92,93,14,199,4,0,4,203
04/01/2023,APA,CO,ANM,WE,Towers with Radar,0,76,63,15,154,0,52,300,9,361,0,128,363,24,515,555,0,555,1070
04/02/2023,APA,CO,ANM,WE,Towers with Radar,0,77,90,3,170,0,29,139,0,168,0,106,229,3,338,236,0,236,574
04/03/2023,APA,CO,ANM,WE,Towers with Radar,0,72,94,3,169,0,51,152,3,206,0,123,246,6,375,630,0,630,1005
04/04/2023,APA,CO,ANM,WE,Towers with Radar,0,77,64,2,143,0,0,0,0,0,0,77,64,2,143,0,0,0,143
04/05/2023,APA,CO,ANM,WE,Towers with Radar,0,87,105,2,194,0,61,170,11,242,0,148,275,13,436,629,2,631,1067
04/06/2023,APA,CO,ANM,WE,Towers with Radar,0,95,104,6,205,0,73,399,16,488,0,168,503,22,693,986,4,990,1683
04/07/2023,APA,CO,ANM,WE,Towers with Radar,0,75,112,4,191,0,63,402,7,472,0,138,514,11,663,944,0,944,1607
04/08/2023,APA,CO,ANM,WE,Towers with Radar,0,60,64,0,124,0,71,316,8,395,0,131,380,8,519,622,0,622,1141
04/09/2023,APA,CO,ANM,WE,Towers with Radar,0,48,66,0,114,0,56,290,4,350,0,104,356,4,464,685,0,685,1149
04/10/2023,APA,CO,ANM,WE,Towers with Radar,0,85,115,5,205,0,81,330,0,411,0,166,445,5,616,1035,0,1035,1651
04/11/2023,APA,CO,ANM,WE,Towers with Radar,0,70,96,12,178,0,65,334,2,401,0,135,430,14,579,971,1,972,1551
04/12/2023,APA,CO,ANM,WE,Towers with Radar,0,77,94,8,179,0,85,233,14,332,0,162,327,22,511,543,11,554,1065
04/13/2023,APA,CO,ANM,WE,Towers with Radar,0,52,99,9,160,0,49,97,15,161,0,101,196,24,321,371,8,379,700
04/14/2023,APA,CO,ANM,WE,Towers with Radar,0,63,84,2,149,0,11,24,0,35,0,74,108,2,184,68,0,68,252
04/15/2023,APA,CO,ANM,WE,Towers with Radar,0,55,47,8,110,0,47,126,2,175,0,102,173,10,285,313,0,313,598
04/16/2023,APA,CO,ANM,WE,Towers with Radar,0,76,101,5,182,0,80,447,6,533,0,156,548,11,715,745,0,745,1460
04/17/2023,APA,CO,ANM,WE,Towers with Radar,0,86,118,0,204,0,94,332,5,431,0,180,450,5,635,844,12,856,1491
04/18/2023,APA,CO,ANM,WE,Towers with Radar,0,70,99,6,175,0,45,101,1,147,0,115,200,7,322,414,0,414,736
04/19/2023,APA,CO,ANM,WE,Towers with Radar,0,51,97,7,155,0,45,119,3,167,0,96,216,10,322,300,0,300,622
04/20/2023,APA,CO,ANM,WE,Towers with Radar,0,81,99,4,184,0,42,61,4,107,0,123,160,8,291,59,0,59,350
04/21/2023,APA,CO,ANM,WE,Towers with Radar,0,71,98,8,177,0,61,257,3,321,0,132,355,11,498,961,0,961,1459
04/22/2023,APA,CO,ANM,WE,Towers with Radar,0,55,51,0,106,0,10,14,0,24,0,65,65,0,130,126,0,126,256
04/23/2023,APA,CO,ANM,WE,Towers with Radar,0,68,100,6,174,0,66,341,4,411,0,134,441,10,585,770,2,772,1357
04/24/2023,APA,CO,ANM,WE,Towers with Radar,0,71,100,9,180,0,64,316,6,386,0,135,416,15,566,826,0,826,1392
04/25/2023,APA,CO,ANM,WE,Towers with Radar,0,78,89,3,170,0,28,111,2,141,0,106,200,5,311,473,0,473,784
04/26/2023,APA,CO,ANM,WE,Towers with Radar,0,89,100,5,194,0,41,87,0,128,0,130,187,5,322,540,0,540,862
04/27/2023,APA,CO,ANM,WE,Towers with Radar,0,84,129,5,218,0,46,152,2,200,0,130,281,7,418,437,0,437,855
04/28/2023,APA,CO,ANM,WE,Towers with Radar,0,70,74,5,149,0,48,178,4,230,0,118,252,9,379,546,0,546,925
04/29/2023,APA,CO,ANM,WE,Towers with Radar,0,63,55,2,120,0,81,364,6,451,0,144,419,8,571,502,0,502,1073
04/30/2023,APA,CO,ANM,WE,Towers with Radar,0,70,86,0,156,0,77,361,0,438,0,147,447,0,594,819,0,819,1413
05/01/2023,APA,CO,ANM,WE,Towers with Radar,0,83,88,5,176,0,40,254,3,297,0,123,342,8,473,788,13,801,1274
05/02/2023,APA,CO,ANM,WE,Towers with Radar,0,66,98,5,169,0,72,200,2,274,0,138,298,7,443,665,4,669,1112
05/03/2023,APA,CO,ANM,WE,Towers with Radar,0,66,112,5,183,0,92,308,7,407,0,158,420,12,590,979,0,979,1569
05/04/2023,APA,CO,ANM,WE,Towers with Radar,0,87,103,8,198,0,21,45,4,70,0,108,148,12,268,274,0,274,542
05/05/2023,APA,CO,ANM,WE,Towers with Radar,0,91,85,23,199,0,67,216,7,290,0,158,301,30,489,680,0,680,1169
05/06/2023,APA,CO,ANM,WE,Towers with Radar,0,72,71,6,149,0,63,282,1,346,0,135,353,7,495,803,0,803,1298
05/07/2023,APA,CO,ANM,WE,Towers with Radar,0,105,106,4,215,0,71,253,18,342,0,176,359,22,557,707,0,707,1264
05/08/2023,APA,CO,ANM,WE,Towers with Radar,0,81,94,6,181,0,59,248,5,312,0,140,342,11,493,679,0,679,1172
05/09/2023,APA,CO,ANM,WE,Towers with Radar,0,83,98,2,183,0,58,269,2,329,0,141,367,4,512,822,4,826,1338
05/10/2023,APA,CO,ANM,WE,Towers with Radar,0,65,129,11,205,0,0,2,1,3,0,65,131,12,208,0,0,0,208
05/11/2023,APA,CO,ANM,WE,Towers with Radar,0,80,75,5,160,0,0,0,0,0,0,80,75,5,160,0,0,0,160
05/12/2023,APA,CO,ANM,WE,Towers with Radar,0,78,121,8,207,0,12,43,4,59,0,90,164,12,266,211,0,211,477
05/13/2023,APA,CO,ANM,WE,Towers with Radar,0,83,68,6,157,0,67,249,1,317,0,150,317,7,474,608,0,608,1082
05/14/2023,APA,CO,ANM,WE,Towers with Radar,0,58,80,6,144,0,0,0,0,0,0,58,80,6,144,43,0,43,187
05/15/2023,APA,CO,ANM,WE,Towers with Radar,0,91,131,4,226,0,46,102,1,149,0,137,233,5,375,726,0,726,1101
05/16/2023,APA,CO,ANM,WE,Towers with Radar,0,119,124,8,251,0,88,323,3,414,0,207,447,11,665,851,0,851,1516
05/17/2023,APA,CO,ANM,WE,Towers with Radar,0,89,124,5,218,0,86,258,2,346,0,175,382,7,564,794,0,794,1358
05/18/2023,APA,CO,ANM,WE,Towers with Radar,0,92,116,9,217,0,33,102,1,136,0,125,218,10,353,480,0,480,833
05/19/2023,APA,CO,ANM,WE,Towers with Radar,0,90,122,1,213,0,0,3,0,3,0,90,125,1,216,0,0,0,216
05/20/2023,APA,CO,ANM,WE,Towers with Radar,0,79,73,5,157,0,28,58,2,88,0,107,131,7,245,166,0,166,411
05/21/2023,APA,CO,ANM,WE,Towers with Radar,0,78,96,1,175,0,92,306,1,399,0,170,402,2,574,925,0,925,1499
05/22/2023,APA,CO,ANM,WE,Towers with Radar,0,64,121,8,193,0,51,240,7,298,0,115,361,15,491,911,0,911,1402
05/23/2023,APA,CO,ANM,WE,Towers with Radar,0,78,112,2,192,0,69,234,18,321,0,147,346,20,513,1001,0,1001,1514
05/24/2023,APA,CO,ANM,WE,Towers with Radar,0,102,113,5,220,0,38,124,6,168,0,140,237,11,388,575,0,575,963
05/25/2023,APA,CO,ANM,WE,Towers with Radar,1,118,104,8,231,0,54,187,1,242,1,172,291,9,473,568,0,568,1041
05/26/2023,APA,CO,ANM,WE,Towers with Radar,0,85,99,5,189,0,39,228,2,269,0,124,327,7,458,457,0,457,915
05/27/2023,APA,CO,ANM,WE,Towers with Radar,1,59,55,3,118,0,45,213,3,261,1,104,268,6,379,455,0,455,834
05/28/2023,APA,CO,ANM,WE,Towers with Radar,0,64,56,0,120,0,51,245,0,296,0,115,301,0,416,590,0,590,1006
05/29/2023,APA,CO,ANM,WE,Towers with Radar,0,84,73,1,158,0,67,246,1,314,0,151,319,2,472,674,0,674,1146
05/30/2023,APA,CO,ANM,WE,Towers with Radar,0,71,84,6,161,0,53,248,3,304,0,124,332,9,465,690,0,690,1155
05/31/2023,APA,CO,ANM,WE,Towers with Radar,0,93,95,4,192,0,81,248,10,339,0,174,343,14,531,711,0,711,1242
06/01/2023,APA,CO,ANM,WE,Towers with Radar,0,91,119,3,213,0,42,119,2,163,0,133,238,5,376,268,0,268,644
06/02/2023,APA,CO,ANM,WE,Towers with Radar,0,90,103,2,195,0,61,181,9,251,0,151,284,11,446,677,17,694,1140
06/03/2023,APA,CO,ANM,WE,Towers with Radar,0,68,88,2,158,1,5,8,0,14,1,73,96,2,172,22,0,22,194
06/04/2023,APA,CO,ANM,WE,Towers with Radar,0,74,113,1,188,0,5,9,0,14,0,79,122,1,202,6,0,6,208
06/05/2023,APA,CO,ANM,WE,Towers with Radar,0,117,95,9,221,0,49,214,9,272,0,166,309,18,493,656,0,656,1149
06/06/2023,APA,CO,ANM,WE,Towers with Radar,0,107,108,4,219,0,57,251,6,314,0,164,359,10,533,718,0,718,1251
06/07/2023,APA,CO,ANM,WE,Towers with Radar,0,88,121,4,213,0,75,251,3,329,0,163,372,7,542,662,0,662,1204
06/08/2023,APA,CO,ANM,WE,Towers with Radar,0,77,131,2,210,0,66,295,7,368,0,143,426,9,578,654,2,656,1234
06/09/2023,APA,CO,ANM,WE,Towers with Radar,0,81,83,4,168,0,49,254,7,310,0,130,337,11,478,469,0,469,947
06/10/2023,APA,CO,ANM,WE,Towers with Radar,0,73,88,1,162,0,77,359,6,442,0,150,447,7,604,873,0,873,1477
06/11/2023,APA,CO,ANM,WE,Towers with Radar,0,105,99,4,208,0,27,149,5,181,0,132,248,9,389,570,0,570,959
06/12/2023,APA,CO,ANM,WE,Towers with Radar,0,91,120,10,221,0,21,102,1,124,0,112,222,11,345,234,0,234,579
06/13/2023,APA,CO,ANM,WE,Towers with Radar,0,104,149,4,257,0,30,87,4,121,0,134,236,8,378,473,0,473,851
06/14/2023,APA,CO,ANM,WE,Towers with Radar,0,88,111,10,209,0,70,288,14,372,0,158,399,24,581,790,4,794,1375
06/15/2023,APA,CO,ANM,WE,Towers with Radar,0,83,109,5,197,0,61,203,7,271,0,144,312,12,468,679,2,681,1149
06/16/2023,APA,CO,ANM,WE,Towers with Radar,0,83,132,3,218,0,3,8,2,13,0,86,140,5,231,44,0,44,275
06/17/2023,APA,CO,ANM,WE,Towers with Radar,0,79,64,2,145,0,71,190,1,262,0,150,254,3,407,659,6,665,1072
06/18/2023,APA,CO,ANM,WE,Towers with Radar,0,66,92,0,158,0,42,301,1,344,0,108,393,1,502,535,0,535,1037
06/19/2023,APA,CO,ANM,WE,Towers with Radar,0,84,96,2,182,0,60,309,5,374,0,144,405,7,556,709,0,709,1265
06/20/2023,APA,CO,ANM,WE,Towers with Radar,0,75,94,22,191,3,65,317,4,389,3,140,411,26,580,837,0,837,1417
06/21/2023,APA,CO,ANM,WE,Towers with Radar,0,92,130,5,227,0,62,272,4,338,0,154,402,9,565,668,0,668,1233
06/22/2023,APA,CO,ANM,WE,Towers with Radar,0,84,119,0,203,0,49,139,5,193,0,133,258,5,396,479,0,479,875
06/23/2023,APA,CO,ANM,WE,Towers with Radar,0,86,148,13,247,31,79,258,31,399,31,165,406,44,646,663,0,663,1309
06/24/2023,APA,CO,ANM,WE,Towers with Radar,0,81,85,2,168,0,69,307,4,380,0,150,392,6,548,708,0,708,1256
06/25/2023,APA,CO,ANM,WE,Towers with Radar,0,83,123,15,221,0,64,349,1,414,0,147,472,16,635,818,0,818,1453
06/26/2023,APA,CO,ANM,WE,Towers with Radar,0,78,92,10,180,0,77,339,2,418,0,155,431,12,598,692,0,692,1290
06/27/2023,APA,CO,ANM,WE,Towers with Radar,0,94,109,12,215,0,41,109,4,154,0,135,218,16,369,206,0,206,575
06/28/2023,APA,CO,ANM,WE,Towers with Radar,0,100,158,7,265,0,70,322,6,398,0,170,480,13,663,746,0,746,1409
06/29/2023,APA,CO,ANM,WE,Towers with Radar,0,87,131,3,221,0,36,138,7,181,0,123,269,10,402,200,0,200,602
06/30/2023,APA,CO,ANM,WE,Towers with Radar,0,75,128,4,207,0,26,149,2,177,0,101,277,6,384,406,0,406,790
07/01/2023,APA,CO,ANM,WE,Towers with Radar,0,81,106,1,188,0,66,338,1,405,0,147,444,2,593,690,0,690,1283
07/02/2023,APA,CO,ANM,WE,Towers with Radar,0,67,84,2,153,0,54,222,1,277,0,121,306,3,430,641,0,641,1071
07/03/2023,APA,CO,ANM,WE,Towers with Radar,0,76,45,1,122,0,58,371,3,432,0,134,416,4,554,483,0,483,1037
07/04/2023,APA,CO,ANM,WE,Towers with Radar,0,61,43,2,106,0,78,190,4,272,0,139,233,6,378,555,0,555,933
07/05/2023,APA,CO,ANM,WE,Towers with Radar,0,83,109,7,199,0,4,74,0,78,0,87,183,7,277,128,0,128,405
07/06/2023,APA,CO,ANM,WE,Towers with Radar,0,80,145,4,229,0,40,109,1,150,0,120,254,5,379,504,0,504,883
07/07/2023,APA,CO,ANM,WE,Towers with Radar,0,75,116,3,194,0,42,193,3,238,0,117,309,6,432,696,0,696,1128
07/08/2023,APA,CO,ANM,WE,Towers with Radar,0,68,76,3,147,0,47,223,10,280,0,115,299,13,427,461,20,481,908
07/09/2023,APA,CO,ANM,WE,Towers with Radar,0,67,118,3,188,0,65,374,1,440,0,132,492,4,628,883,0,883,1511
07/10/2023,APA,CO,ANM,WE,Towers with Radar,0,81,110,3,194,0,57,229,5,291,0,138,339,8,485,703,0,703,1188
07/11/2023,APA,CO,ANM,WE,Towers with Radar,0,87,102,7,196,0,86,324,8,418,0,173,426,15,614,962,4,966,1580
07/12/2023,APA,CO,ANM,WE,Towers with Radar,0,89,127,2,218,0,117,325,5,447,0,206,452,7,665,989,6,995,1660
07/13/2023,APA,CO,ANM,WE,Towers with Radar,0,94,123,5,222,0,74,315,11,400,0,168,438,16,622,979,0,979,1601
07/14/2023,APA,CO,ANM,WE,Towers with Radar,0,107,132,5,244,0,52,289,10,351,0,159,421,15,595,499,0,499,1094
07/15/2023,APA,CO,ANM,WE,Towers with Radar,0,77,112,3,192,0,85,352,0,437,0,162,464,3,629,612,0,612,1241
07/16/2023,APA,CO,ANM,WE,Towers with Radar,0,95,147,7,249,0,74,344,2,420,0,169,491,9,669,662,3,665,1334
07/17/2023,APA,CO,ANM,WE,Towers with Radar,0,93,103,4,200,0,57,267,6,330,0,150,370,10,530,828,4,832,1362
07/18/2023,APA,CO,ANM,WE,Towers with Radar,0,88,110,13,211,0,63,252,9,324,0,151,362,22,535,766,0,766,1301
07/19/2023,APA,CO,ANM,WE,Towers with Radar,0,78,113,5,196,0,44,274,8,326,0,122,387,13,522,904,0,904,1426
07/20/2023,APA,CO,ANM,WE,Towers with Radar,0,77,131,13,221,0,20,98,3,121,0,97,229,16,342,238,0,238,580
07/21/2023,APA,CO,ANM,WE,Towers with Radar,0,93,131,22,246,9,61,325,13,408,9,154,456,35,654,727,2,729,1383
07/22/2023,APA,CO,ANM,WE,Towers with Radar,0,51,55,3,109,0,108,385,4,497,0,159,440,7,606,711,0,711,1317
07/23/2023,APA,CO,ANM,WE,Towers with Radar,0,101,178,10,289,0,71,236,2,309,0,172,414,12,598,492,0,492,1090
07/24/2023,APA,CO,ANM,WE,Towers with Radar,0,88,134,7,229,0,71,241,2,314,0,159,375,9,543,635,0,635,1178
07/25/2023,APA,CO,ANM,WE,Towers with Radar,0,85,100,10,195,0,80,288,4,372,0,165,388,14,567,146,0,146,713
07/26/2023,APA,CO,ANM,WE,Towers with Radar,0,93,102,7,202,0,94,268,4,366,0,187,370,11,568,65,0,65,633
07/27/2023,APA,CO,ANM,WE,Towers with Radar,0,87,107,9,203,0,97,235,5,337,0,184,342,14,540,634,0,634,1174
07/28/2023,APA,CO,ANM,WE,Towers with Radar,0,86,120,8,214,1,54,204,1,260,1,140,324,9,474,586,0,586,1060
07/29/2023,APA,CO,ANM,WE,Towers with Radar,0,64,97,7,168,0,86,251,3,340,0,150,348,10,508,607,14,621,1129
07/30/2023,APA,CO,ANM,WE,Towers with Radar,0,72,78,7,157,0,66,202,1,269,0,138,280,8,426,628,0,628,1054
07/31/2023,APA,CO,ANM,WE,Towers with Radar,0,80,87,6,173,0,22,207,1,230,0,102,294,7,403,325,0,325,728
08/01/2023,APA,CO,ANM,WE,Towers with Radar,0,84,104,8,196,0,50,218,9,277,0,134,322,17,473,719,2,721,1194
08/02/2023,APA,CO,ANM,WE,Towers with Radar,0,68,67,6,141,0,76,219,1,296,0,144,286,7,437,780,9,789,1226
08/03/2023,APA,CO,ANM,WE,Towers with Radar,0,69,107,7,183,0,75,271,4,350,0,144,378,11,533,676,0,676,1209
08/04/2023,APA,CO,ANM,WE,Towers with Radar,0,72,111,9,192,0,100,457,1,558,0,172,568,10,750,946,0,946,1696
08/05/2023,APA,CO,ANM,WE,Towers with Radar,0,52,61,4,117,0,62,278,3,343,0,114,339,7,460,445,0,445,905
08/06/2023,APA,CO,ANM,WE,Towers with Radar,0,78,114,2,194,0,23,195,0,218,0,101,309,2,412,579,0,579,991
08/07/2023,APA,CO,ANM,WE,Towers with Radar,1,74,112,6,193,0,69,519,1,589,1,143,631,7,782,853,0,853,1635
08/08/2023,APA,CO,ANM,WE,Towers with Radar,0,92,106,4,202,0,62,339,3,404,0,154,445,7,606,779,0,779,1385
08/09/2023,APA,CO,ANM,WE,Towers with Radar,1,89,104,5,199,0,79,395,2,476,1,168,499,7,675,890,0,890,1565
08/10/2023,APA,CO,ANM,WE,Towers with Radar,0,97,143,9,249,0,67,302,1,370,0,164,445,10,619,811,0,811,1430
08/11/2023,APA,CO,ANM,WE,Towers with Radar,0,63,133,19,215,0,69,281,5,355,0,132,414,24,570,603,0,603,1173
08/12/2023,APA,CO,ANM,WE,Towers with Radar,0,62,76,8,146,0,63,215,8,286,0,125,291,16,432,707,10,717,1149
08/13/2023,APA,CO,ANM,WE,Towers with Radar,0,109,119,11,239,0,52,174,0,226,0,161,293,11,465,481,0,481,946
08/14/2023,APA,CO,ANM,WE,Towers with Radar,0,93,110,10,213,0,72,378,2,452,0,165,488,12,665,816,0,816,1481
08/15/2023,APA,CO,ANM,WE,Towers with Radar,0,109,123,6,238,0,93,408,2,503,0,202,531,8,741,1152,0,1152,1893
08/16/2023,APA,CO,ANM,WE,Towers with Radar,0,72,123,3,198,0,77,296,3,376,0,149,419,6,574,726,0,726,1300
08/17/2023,APA,CO,ANM,WE,Towers with Radar,0,86,125,8,219,0,64,269,3,336,0,150,394,11,555,115,0,115,670
08/18/2023,APA,CO,ANM,WE,Towers with Radar,0,65,117,20,202,0,62,250,8,320,0,127,367,28,522,550,2,552,1074
08/19/2023,APA,CO,ANM,WE,Towers with Radar,0,72,85,7,164,0,105,301,14,420,0,177,386,21,584,540,1,541,1125
08/20/2023,APA,CO,ANM,WE,Towers with Radar,0,77,105,13,195,0,68,251,3,322,0,145,356,16,517,539,0,539,1056
08/21/2023,APA,CO,ANM,WE,Towers with Radar,0,82,83,7,172,0,69,177,5,251,0,151,260,12,423,495,0,495,918
08/22/2023,APA,CO,ANM,WE,Towers with Radar,0,95,101,13,209,0,91,241,5,337,0,186,342,18,546,621,0,621,1167
08/23/2023,APA,CO,ANM,WE,Towers with Radar,0,85,116,4,205,0,87,248,5,340,0,172,364,9,545,699,0,699,1244
08/24/2023,APA,CO,ANM,WE,Towers with Radar,0,88,149,7,244,0,82,312,5,399,0,170,461,12,643,877,0,877,1520
08/25/2023,APA,CO,ANM,WE,Towers with Radar,0,86,107,7,200,0,31,60,7,98,0,117,167,14,298,393,0,393,691
08/26/2023,APA,CO,ANM,WE,Towers with Radar,0,81,84,4,169,0,63,199,0,262,0,144,283,4,431,607,0,607,1038
08/27/2023,APA,CO,ANM,WE,Towers with Radar,0,72,131,7,210,0,45,290,2,337,0,117,421,9,547,517,0,517,1064
08/28/2023,APA,CO,ANM,WE,Towers with Radar,0,94,116,11,221,0,28,145,0,173,0,122,261,11,394,527,0,527,921
08/29/2023,APA,CO,ANM,WE,Towers with Radar,0,91,123,3,217,0,145,374,3,522,0,236,497,6,739,1090,0,1090,1829
08/30/2023,APA,CO,ANM,WE,Towers with Radar,0,82,137,11,230,0,135,332,5,472,0,217,469,16,702,977,4,981,1683
08/31/2023,APA,CO,ANM,WE,Towers with Radar,0,95,142,6,243,0,119,335,8,462,0,214,477,14,705,669,1,670,1375
01/01/2020,APA,CO,ANM,WE,Towers with Radar,0,70,86,0,156,0,10,135,0,145,0,80,221,0,301,219,0,219,520
01/02/2020,APA,CO,ANM,WE,Towers with Radar,0,86,123,0,209,0,13,281,3,297,0,99,404,3,506,570,0,570,1076
01/03/2020,APA,CO,ANM,WE,Towers with Radar,0,73,110,5,188,0,14,273,1,288,0,87,383,6,476,380,0,380,856
01/04/2020,APA,CO,ANM,WE,Towers with Radar,0,62,83,0,145,0,13,380,0,393,0,75,463,0,538,565,0,565,1103
01/05/2020,APA,CO,ANM,WE,Towers with Radar,0,67,103,1,171,0,23,220,1,244,0,90,323,2,415,355,0,355,770
01/06/2020,APA,CO,ANM,WE,Towers with Radar,0,80,101,2,183,0,11,56,0,67,0,91,157,2,250,35,0,35,285
01/07/2020,APA,CO,ANM,WE,Towers with Radar,0,61,111,2,174,0,18,335,9,362,0,79,446,11,536,825,4,829,1365
01/08/2020,APA,CO,ANM,WE,Towers with Radar,0,85,100,6,191,0,18,195,1,214,0,103,295,7,405,254,0,254,659
01/09/2020,APA,CO,ANM,WE,Towers with Radar,0,66,109,6,181,0,16,287,2,305,0,82,396,8,486,631,0,631,1117
01/10/2020,APA,CO,ANM,WE,Towers with Radar,0,81,81,11,173,0,11,316,1,328,0,92,397,12,501,336,0,336,837
01/11/2020,APA,CO,ANM,WE,Towers with Radar,0,51,67,4,122,0,16,329,14,359,0,67,396,18,481,503,1,504,985
01/12/2020,APA,CO,ANM,WE,Towers with Radar,0,46,88,9,143,0,21,285,4,310,0,67,373,13,453,546,0,546,999
01/13/2020,APA,CO,ANM,WE,Towers with Radar,0,60,100,11,171,0,17,287,0,304,0,77,387,11,475,414,0,414,889
01/14/2020,APA,CO,ANM,WE,Towers with Radar,0,69,124,15,208,0,8,130,2,140,0,77,254,17,348,91,8,99,447
01/15/2020,APA,CO,ANM,WE,Towers with Radar,0,99,107,10,216,0,29,366,12,407,0,128,473,22,623,543,12,555,1178
01/16/2020,APA,CO,ANM,WE,Towers with Radar,0,84,133,4,221,0,13,187,7,207,0,97,320,11,428,413,0,413,841
01/17/2020,APA,CO,ANM,WE,Towers with Radar,0,100,121,15,236,0,20,38,1,59,0,120,159,16,295,112,0,112,407
01/18/2020,APA,CO,ANM,WE,Towers with Radar,0,50,91,5,146,0,25,409,1,435,0,75,500,6,581,800,6,806,1387
01/19/2020,APA,CO,ANM,WE,Towers with Radar,0,61,79,4,144,0,15,434,4,453,0,76,513,8,597,538,2,540,1137
01/20/2020,APA,CO,ANM,WE,Towers with Radar,0,72,139,5,216,0,14,505,0,519,0,86,644,5,735,669,0,669,1404
01/21/2020,APA,CO,ANM,WE,Towers with Radar,0,71,124,8,203,0,28,403,10,441,0,99,527,18,644,628,2,630,1274
01/22/2020,APA,CO,ANM,WE,Towers with Radar,0,87,144,6,237,0,14,114,9,137,0,101,258,15,374,41,0,41,415
01/23/2020,APA,CO,ANM,WE,Towers with Radar,1,80,141,3,225,0,23,390,6,419,1,103,531,9,644,723,2,725,1369
01/24/2020,APA,CO,ANM,WE,Towers with Radar,0,76,115,6,197,0,19,483,6,508,0,95,598,12,705,672,7,679,1384
01/25/2020,APA,CO,ANM,WE,Towers with Radar,0,47,72,2,121,0,14,441,0,455,0,61,513,2,576,538,0,538,1114
01/26/2020,APA,CO,ANM,WE,Towers with Radar,0,69,103,7,179,0,17,329,13,359,0,86,432,20,538,754,0,754,1292
01/27/2020,APA,CO,ANM,WE,Towers with Radar,0,66,75,4,145,0,19,100,0,119,0,85,175,4,264,317,0,317,581
01/28/2020,APA,CO,ANM,WE,Towers with Radar,0,116,112,10,238,0,23,305,2,330,0,139,417,12,568,613,0,613,1181
01/29/2020,APA,CO,ANM,WE,Towers with Radar,0,73,136,0,209,0,14,122,1,137,0,87,258,1,346,492,0,492,838
01/30/2020,APA,CO,ANM,WE,Towers with Radar,0,80,128,5,213,0,20,179,6,205,0,100,307,11,418,312,8,320,738
01/31/2020,APA,CO,ANM,WE,Towers with Radar,0,69,120,7,196,0,17,281,0,298,0,86,401,7,494,497,0,497,991
02/01/2020,APA,CO,ANM,WE,Towers with Radar,0,52,61,8,121,0,15,301,3,319,0,67,362,11,440,209,1,210,650
02/02/2020,APA,CO,ANM,WE,Towers with Radar,0,58,68,5,131,0,9,193,2,204,0,67,261,7,335,192,0,192,527
02/03/2020,APA,CO,ANM,WE,Towers with Radar,0,55,53,0,108,0,1,0,0,1,0,56,53,0,109,0,0,0,109
02/04/2020,APA,CO,ANM,WE,Towers with Radar,0,73,79,0,152,0,0,8,0,8,0,73,87,0,160,2,0,2,162
02/05/2020,APA,CO,ANM,WE,Towers with Radar,0,98,115,5,218,0,18,282,5,305,0,116,397,10,523,504,14,518,1041
02/06/2020,APA,CO,ANM,WE,Towers with Radar,0,85,128,6,219,0,13,249,2,264,0,98,377,8,483,349,0,349,832
02/07/2020,APA,CO,ANM,WE,Towers with Radar,0,60,77,0,137,0,0,0,0,0,0,60,77,0,137,0,0,0,137
02/08/2020,APA,CO,ANM,WE,Towers with Radar,0,51,95,1,147,0,10,209,0,219,0,61,304,1,366,382,0,382,748
02/09/2020,APA,CO,ANM,WE,Towers with Radar,0,63,75,0,138,0,3,3,0,6,0,66,78,0,144,12,0,12,156
02/10/2020,APA,CO,ANM,WE,Towers with Radar,0,67,93,5,165,0,5,72,1,78,0,72,165,6,243,176,0,176,419
02/11/2020,APA,CO,ANM,WE,Towers with Radar,0,79,108,10,197,0,17,177,0,194,0,96,285,10,391,388,0,388,779
02/12/2020,APA,CO,ANM,WE,Towers with Radar,0,94,128,6,228,0,15,127,0,142,0,109,255,6,370,286,0,286,656
02/13/2020,APA,CO,ANM,WE,Towers with Radar,0,96,136,2,234,0,19,176,0,195,0,115,312,2,429,566,0,566,995
02/14/2020,APA,CO,ANM,WE,Towers with Radar,0,86,114,7,207,0,32,393,4,429,0,118,507,11,636,647,6,653,1289
02/15/2020,APA,CO,ANM,WE,Towers with Radar,1,62,67,2,132,0,36,392,13,441,1,98,459,15,573,584,0,584,1157
02/16/2020,APA,CO,ANM,WE,Towers with Radar,0,53,87,2,142,0,25,299,1,325,0,78,386,3,467,720,0,720,1187
02/17/2020,APA,CO,ANM,WE,Towers with Radar,0,101,149,1,251,0,8,198,2,208,0,109,347,3,459,518,2,520,979
02/18/2020,APA,CO,ANM,WE,Towers with Radar,0,103,142,1,246,0,14,246,3,263,0,117,388,4,509,532,10,542,1051
02/19/2020,APA,CO,ANM,WE,Towers with Radar,0,100,95,4,199,0,1,1,0,2,0,101,96,4,201,0,0,0,201
02/20/2020,APA,CO,ANM,WE,Towers with Radar,0,111,145,10,266,0,12,325,12,349,0,123,470,22,615,636,0,636,1251
02/21/2020,APA,CO,ANM,WE,Towers with Radar,0,103,127,2,232,0,17,490,2,509,0,120,617,4,741,490,0,490,1231
02/22/2020,APA,CO,ANM,WE,Towers with Radar,0,49,87,5,141,0,23,477,2,502,0,72,564,7,643,654,0,654,1297
02/23/2020,APA,CO,ANM,WE,Towers with Radar,0,77,60,0,137,0,9,12,1,22,0,86,72,1,159,8,0,8,167
02/24/2020,APA,CO,ANM,WE,Towers with Radar,0,81,105,3,189,0,2,24,1,27,0,83,129,4,216,30,0,30,246
02/25/2020,APA,CO,ANM,WE,Towers with Radar,0,94,90,2,186,0,16,22,1,39,0,110,112,3,225,67,0,67,292
02/26/2020,APA,CO,ANM,WE,Towers with Radar,0,85,146,5,236,0,9,320,9,338,0,94,466,14,574,640,2,642,1216
02/27/2020,APA,CO,ANM,WE,Towers with Radar,0,106,121,4,231,0,14,172,4,190,0,120,293,8,421,255,6,261,682
02/28/2020,APA,CO,ANM,WE,Towers with Radar,0,76,121,9,206,0,20,460,19,499,0,96,581,28,705,777,10,787,1492
02/29/2020,APA,CO,ANM,WE,Towers with Radar,0,61,97,4,162,0,23,471,12,506,0,84,568,16,668,759,10,769,1437
03/01/2020,APA,CO,ANM,WE,Towers with Radar,0,63,102,7,172,0,30,159,3,192,0,93,261,10,364,464,0,464,828
03/02/2020,APA,CO,ANM,WE,Towers with Radar,0,72,98,4,174,0,9,149,4,162,0,81,247,8,336,261,1,262,598
03/03/2020,APA,CO,ANM,WE,Towers with Radar,0,74,106,4,184,0,11,303,8,322,0,85,409,12,506,609,5,614,1120
03/04/2020,APA,CO,ANM,WE,Towers with Radar,0,78,123,8,209,0,9,292,7,308,0,87,415,15,517,549,0,549,1066
03/05/2020,APA,CO,ANM,WE,Towers with Radar,0,107,110,6,223,0,50,438,3,491,0,157,548,9,714,672,9,681,1395
03/06/2020,APA,CO,ANM,WE,Towers with Radar,0,87,120,9,216,0,16,405,8,429,0,103,525,17,645,759,4,763,1408
03/07/2020,APA,CO,ANM,WE,Towers with Radar,0,43,96,6,145,0,10,364,2,376,0,53,460,8,521,620,0,620,1141
03/08/2020,APA,CO,ANM,WE,Towers with Radar,0,78,105,9,192,0,13,222,1,236,0,91,327,10,428,431,0,431,859
03/09/2020,APA,CO,ANM,WE,Towers with Radar,0,76,138,5,219,0,9,298,15,322,0,85,436,20,541,754,0,754,1295
03/10/2020,APA,CO,ANM,WE,Towers with Radar,0,74,131,0,205,0,15,397,2,414,0,89,528,2,619,823,2,825,1444
03/11/2020,APA,CO,ANM,WE,Towers with Radar,0,94,126,2,222,0,24,414,5,443,0,118,540,7,665,894,0,894,1559
03/12/2020,APA,CO,ANM,WE,Towers with Radar,0,98,98,2,198,0,21,228,11,260,0,119,326,13,458,394,11,405,863
03/13/2020,APA,CO,ANM,WE,Towers with Radar,0,79,95,3,177,0,1,2,0,3,0,80,97,3,180,0,0,0,180
03/14/2020,APA,CO,ANM,WE,Towers with Radar,0,74,126,1,201,0,10,270,1,281,0,84,396,2,482,646,0,646,1128
03/15/2020,APA,CO,ANM,WE,Towers with Radar,1,67,122,0,190,0,16,308,2,326,1,83,430,2,516,713,0,713,1229
03/16/2020,APA,CO,ANM,WE,Towers with Radar,0,87,102,2,191,0,14,314,1,329,0,101,416,3,520,528,0,528,1048
03/17/2020,APA,CO,ANM,WE,Towers with Radar,0,90,74,5,169,0,10,298,2,310,0,100,372,7,479,638,0,638,1117
03/18/2020,APA,CO,ANM,WE,Towers with Radar,0,52,85,1,138,0,10,265,0,275,0,62,350,1,413,496,0,496,909
03/19/2020,APA,CO,ANM,WE,Towers with Radar,0,25,20,0,45,0,3,0,0,3,0,28,20,0,48,0,0,0,48
03/20/2020,APA,CO,ANM,WE,Towers with Radar,0,59,53,2,114,0,0,0,0,0,0,59,53,2,114,0,0,0,114
03/21/2020,APA,CO,ANM,WE,Towers with Radar,0,44,59,0,103,0,16,235,1,252,0,60,294,1,355,490,0,490,845
03/22/2020,APA,CO,ANM,WE,Towers with Radar,0,56,39,0,95,0,6,220,0,226,0,62,259,0,321,414,0,414,735
03/23/2020,APA,CO,ANM,WE,Towers with Radar,0,45,45,2,92,0,3,142,0,145,0,48,187,2,237,529,0,529,766
03/24/2020,APA,CO,ANM,WE,Towers with Radar,0,38,49,0,87,0,23,325,1,349,0,61,374,1,436,824,1,825,1261
03/25/2020,APA,CO,ANM,WE,Towers with Radar,0,27,33,0,60,0,2,138,4,144,0,29,171,4,204,213,2,215,419
03/26/2020,APA,CO,ANM,WE,Towers with Radar,0,41,38,2,81,0,2,142,2,146,0,43,180,4,227,298,0,298,525
03/27/2020,APA,CO,ANM,WE,Towers with Radar,0,40,30,2,72,0,0,3,0,3,0,40,33,2,75,10,0,10,85
03/28/2020,APA,CO,ANM,WE,Towers with Radar,0,32,27,0,59,0,2,57,0,59,0,34,84,0,118,163,0,163,281
03/29/2020,APA,CO,ANM,WE,Towers with Radar,0,33,38,0,71,0,9,236,0,245,0,42,274,0,316,411,0,411,727
03/30/2020,APA,CO,ANM,WE,Towers with Radar,0,30,34,0,64,0,16,105,7,128,0,46,139,7,192,410,0,410,602
03/31/2020,APA,CO,ANM,WE,Towers with Radar,0,33,35,1,69,0,4,205,0,209,0,37,240,1,278,452,0,452,730
04/01/2020,APA,CO,ANM,WE,Towers with Radar,0,38,45,6,89,0,11,205,1,217,0,49,250,7,306,550,9,559,865
04/02/2020,APA,CO,ANM,WE,Towers with Radar,0,25,21,0,46,0,0,0,0,0,0,25,21,0,46,0,0,0,46
04/03/2020,APA,CO,ANM,WE,Towers with Radar,0,34,42,0,76,0,12,86,0,98,0,46,128,0,174,226,0,226,400
04/04/2020,APA,CO,ANM,WE,Towers with Radar,0,20,20,0,40,0,8,113,4,125,0,28,133,4,165,160,0,160,325
04/05/2020,APA,CO,ANM,WE,Towers with Radar,0,24,16,0,40,0,3,114,0,117,0,27,130,0,157,50,0,50,207
04/06/2020,APA,CO,ANM,WE,Towers with Radar,0,33,20,4,57,0,12,72,1,85,0,45,92,5,142,72,0,72,214
04/07/2020,APA,CO,ANM,WE,Towers with Radar,0,35,26,3,64,0,16,84,3,103,0,51,110,6,167,85,4,89,256
04/08/2020,APA,CO,ANM,WE,Towers with Radar,0,25,31,1,57,0,12,112,1,125,0,37,143,2,182,127,0,127,309
04/09/2020,APA,CO,ANM,WE,Towers with Radar,0,36,39,1,76,0,7,83,4,94,0,43,122,5,170,119,4,123,293
04/10/2020,APA,CO,ANM,WE,Towers with Radar,0,46,43,0,89,0,12,96,0,108,0,58,139,0,197,107,0,107,304
04/11/2020,APA,CO,ANM,WE,Towers with Radar,0,30,20,4,54,0,15,164,0,179,0,45,184,4,233,251,0,251,484
04/12/2020,APA,CO,ANM,WE,Towers with Radar,0,15,7,0,22,0,0,0,0,0,0,15,7,0,22,0,0,0,22
04/13/2020,APA,CO,ANM,WE,Towers with Radar,0,26,16,2,44,0,0,0,0,0,0,26,16,2,44,0,0,0,44
04/14/2020,APA,CO,ANM,WE,Towers with Radar,0,28,29,1,58,0,5,63,4,72,0,33,92,5,130,32,14,46,176
04/15/2020,APA,CO,ANM,WE,Towers with Radar,0,42,44,0,86,0,3,80,0,83,0,45,124,0,169,162,0,162,331
04/16/2020,APA,CO,ANM,WE,Towers with Radar,0,30,16,0,46,0,0,0,0,0,0,30,16,0,46,0,0,0,46
04/17/2020,APA,CO,ANM,WE,Towers with Radar,0,39,55,5,99,0,5,100,0,105,0,44,155,5,204,116,0,116,320
04/18/2020,APA,CO,ANM,WE,Towers with Radar,0,26,28,0,54,0,16,81,0,97,0,42,109,0,151,95,0,95,246
04/19/2020,APA,CO,ANM,WE,Towers with Radar,0,32,31,0,63,0,10,125,0,135,0,42,156,0,198,168,0,168,366
04/20/2020,APA,CO,ANM,WE,Towers with Radar,0,31,37,2,70,0,10,117,3,130,0,41,154,5,200,183,0,183,383
04/21/2020,APA,CO,ANM,WE,Towers with Radar,0,27,28,0,55,0,15,86,3,104,0,42,114,3,159,215,0,215,374
04/22/2020,APA,CO,ANM,WE,Towers with Radar,0,39,63,2,104,0,18,97,19,134,0,57,160,21,238,132,6,138,376
04/23/2020,APA,CO,ANM,WE,Towers with Radar,0,35,54,5,94,0,16,111,4,131,0,51,165,9,225,118,0,118,343
04/24/2020,APA,CO,ANM,WE,Towers with Radar,0,37,35,2,74,0,11,50,1,62,0,48,85,3,136,75,0,75,211
04/25/2020,APA,CO,ANM,WE,Towers with Radar,0,29,26,0,55,0,14,163,1,178,0,43,189,1,233,219,0,219,452
04/26/2020,APA,CO,ANM,WE,Towers with Radar,0,27,30,0,57,0,27,119,0,146,0,54,149,0,203,183,0,183,386
04/27/2020,APA,CO,ANM,WE,Towers with Radar,0,24,45,6,75,0,15,267,0,282,0,39,312,6,357,478,0,478,835
04/28/2020,APA,CO,ANM,WE,Towers with Radar,0,38,48,5,91,0,5,141,0,146,0,43,189,5,237,287,0,287,524
04/29/2020,APA,CO,ANM,WE,Towers with Radar,0,32,64,0,96,0,10,367,5,382,0,42,431,5,478,643,2,645,1123
04/30/2020,APA,CO,ANM,WE,Towers with Radar,0,46,45,2,93,0,8,295,8,311,0,54,340,10,404,681,4,685,1089
05/01/2020,APA,CO,ANM,WE,Towers with Radar,0,35,57,10,102,0,9,265,7,281,0,44,322,17,383,467,2,469,852
05/02/2020,APA,CO,ANM,WE,Towers with Radar,0,41,56,0,97,0,0,48,2,50,0,41,104,2,147,122,0,122,269
05/03/2020,APA,CO,ANM,WE,Towers with Radar,0,40,24,2,66,0,13,242,0,255,0,53,266,2,321,372,0,372,693
05/04/2020,APA,CO,ANM,WE,Towers with Radar,0,25,64,0,89,0,11,286,0,297,0,36,350,0,386,519,0,519,905
05/05/2020,APA,CO,ANM,WE,Towers with Radar,0,42,52,2,96,0,21,398,3,422,0,63,450,5,518,827,0,827,1345
05/06/2020,APA,CO,ANM,WE,Towers with Radar,0,42,58,2,102,0,27,324,9,360,0,69,382,11,462,744,9,753,1215
05/07/2020,APA,CO,ANM,WE,Towers with Radar,0,51,72,2,125,0,15,181,1,197,0,66,253,3,322,328,0,328,650
05/08/2020,APA,CO,ANM,WE,Towers with Radar,0,27,90,3,120,0,2,217,0,219,0,29,307,3,339,607,0,607,946
05/09/2020,APA,CO,ANM,WE,Towers with Radar,0,41,58,2,101,0,2,165,1,168,0,43,223,3,269,409,0,409,678
05/10/2020,APA,CO,ANM,WE,Towers with Radar,0,28,49,2,79,0,3,245,2,250,0,31,294,4,329,518,0,518,847
05/11/2020,APA,CO,ANM,WE,Towers with Radar,0,38,64,4,106,0,5,92,5,102,0,43,156,9,208,565,5,570,778
05/12/2020,APA,CO,ANM,WE,Towers with Radar,0,49,76,2,127,0,8,219,0,227,0,57,295,2,354,562,0,562,916
05/13/2020,APA,CO,ANM,WE,Towers with Radar,0,53,84,1,138,0,27,459,2,488,0,80,543,3,626,812,2,814,1440
05/14/2020,APA,CO,ANM,WE,Towers with Radar,0,38,86,4,128,0,9,277,3,289,0,47,363,7,417,371,2,373,790
05/15/2020,APA,CO,ANM,WE,Towers with Radar,0,56,88,2,146,0,7,242,6,255,0,63,330,8,401,567,0,567,968
05/16/2020,APA,CO,ANM,WE,Towers with Radar,0,35,67,2,104,0,14,340,0,354,0,49,407,2,458,670,0,670,1128
05/17/2020,APA,CO,ANM,WE,Towers with Radar,0,49,71,1,121,0,5,442,1,448,0,54,513,2,569,714,0,714,1283
05/18/2020,APA,CO,ANM,WE,Towers with Radar,0,51,79,0,130,0,8,317,0,325,0,59,396,0,455,824,0,824,1279
05/19/2020,APA,CO,ANM,WE,Towers with Radar,0,49,73,2,124,0,11,189,0,200,0,60,262,2,324,176,0,176,500
05/20/2020,APA,CO,ANM,WE,Towers with Radar,0,51,75,6,132,0,8,106,0,114,0,59,181,6,246,286,0,286,532
05/21/2020,APA,CO,ANM,WE,Towers with Radar,0,62,87,5,154,0,15,426,2,443,0,77,513,7,597,918,0,918,1515
05/22/2020,APA,CO,ANM,WE,Towers with Radar,0,61,112,8,181,0,12,296,1,309,0,73,408,9,490,585,0,585,1075
05/23/2020,APA,CO,ANM,WE,Towers with Radar,0,49,48,2,99,0,7,276,0,283,0,56,324,2,382,559,0,559,941
05/24/2020,APA,CO,ANM,WE,Towers with Radar,0,30,36,2,68,0,3,67,0,70,0,33,103,2,138,274,0,274,412
05/25/2020,APA,CO,ANM,WE,Towers with Radar,0,56,70,2,128,0,3,306,17,326,0,59,376,19,454,671,0,671,1125
05/26/2020,APA,CO,ANM,WE,Towers with Radar,0,59,89,2,150,0,23,483,0,506,0,82,572,2,656,871,0,871,1527
05/27/2020,APA,CO,ANM,WE,Towers with Radar,0,67,68,4,139,0,12,420,1,433,0,79,488,5,572,577,0,577,1149
05/28/2020,APA,CO,ANM,WE,Towers with Radar,0,53,164,4,221,0,12,218,1,231,0,65,382,5,452,885,0,885,1337
05/29/2020,APA,CO,ANM,WE,Towers with Radar,0,50,85,4,139,0,8,334,2,344,0,58,419,6,483,715,0,715,1198
05/30/2020,APA,CO,ANM,WE,Towers with Radar,1,53,65,2,121,0,14,260,1,275,1,67,325,3,396,518,0,518,914
05/31/2020,APA,CO,ANM,WE,Towers with Radar,0,46,72,7,125,0,15,243,0,258,0,61,315,7,383,452,4,456,839
06/01/2020,APA,CO,ANM,WE,Towers with Radar,0,44,98,6,148,0,18,231,4,253,0,62,329,10,401,653,16,669,1070
06/02/2020,APA,CO,ANM,WE,Towers with Radar,0,47,121,5,173,0,20,341,21,382,0,67,462,26,555,765,0,765,1320
06/03/2020,APA,CO,ANM,WE,Towers with Radar,0,54,117,5,176,0,20,509,3,532,0,74,626,8,708,667,18,685,1393
06/04/2020,APA,CO,ANM,WE,Towers with Radar,0,74,133,5,212,0,16,393,2,411,0,90,526,7,623,646,10,656,1279
06/05/2020,APA,CO,ANM,WE,Towers with Radar,0,64,112,0,176,0,17,548,9,574,0,81,660,9,750,632,0,632,1382
06/06/2020,APA,CO,ANM,WE,Towers with Radar,0,44,50,3,97,0,9,53,0,62,0,53,103,3,159,14,0,14,173
06/07/2020,APA,CO,ANM,WE,Towers with Radar,0,58,76,4,138,0,2,126,0,128,0,60,202,4,266,329,0,329,595
06/08/2020,APA,CO,ANM,WE,Towers with Radar,0,50,89,2,141,0,12,223,5,240,0,62,312,7,381,368,10,378,759
06/09/2020,APA,CO,ANM,WE,Towers with Radar,0,70,82,5,157,0,4,64,1,69,0,74,146,6,226,219,0,219,445
06/10/2020,APA,CO,ANM,WE,Towers with Radar,0,80,118,2,200,0,6,539,4,549,0,86,657,6,749,832,0,832,1581
06/11/2020,APA,CO,ANM,WE,Towers with Radar,0,77,117,5,199,0,13,454,1,468,0,90,571,6,667,674,6,680,1347
06/12/2020,APA,CO,ANM,WE,Towers with Radar,0,77,123,4,204,0,16,341,4,361,0,93,464,8,565,275,8,283,848
06/13/2020,APA,CO,ANM,WE,Towers with Radar,0,54,61,1,116,0,10,258,1,269,0,64,319,2,385,358,0,358,743
06/14/2020,APA,CO,ANM,WE,Towers with Radar,0,52,71,4,127,0,11,148,0,159,0,63,219,4,286,186,0,186,472
06/15/2020,APA,CO,ANM,WE,Towers with Radar,0,63,109,7,179,0,11,475,3,489,0,74,584,10,668,249,0,249,917
06/16/2020,APA,CO,ANM,WE,Towers with Radar,0,82,88,11,181,0,13,353,2,368,0,95,441,13,549,134,0,134,683
06/17/2020,APA,CO,ANM,WE,Towers with Radar,0,76,117,11,204,0,4,269,3,276,0,80,386,14,480,92,0,92,572
06/18/2020,APA,CO,ANM,WE,Towers with Radar,0,67,142,7,216,0,16,311,9,336,0,83,453,16,552,95,0,95,647
06/19/2020,APA,CO,ANM,WE,Towers with Radar,0,66,99,5,170,0,16,230,2,248,0,82,329,7,418,274,0,274,692
06/20/2020,APA,CO,ANM,WE,Towers with Radar,0,63,95,4,162,0,3,402,0,405,0,66,497,4,567,136,0,136,703
06/21/2020,APA,CO,ANM,WE,Towers with Radar,0,68,70,2,140,0,10,225,0,235,0,78,295,2,375,254,0,254,629
06/22/2020,APA,CO,ANM,WE,Towers with Radar,0,57,127,5,189,0,11,549,0,560,0,68,676,5,749,162,0,162,911
06/23/2020,APA,CO,ANM,WE,Towers with Radar,0,73,104,6,183,0,12,499,4,515,0,85,603,10,698,205,0,205,903
06/24/2020,APA,CO,ANM,WE,Towers with Radar,0,91,104,0,195,0,18,500,2,520,0,109,604,2,715,136,0,136,851
06/25/2020,APA,CO,ANM,WE,Towers with Radar,0,91,120,11,222,0,12,404,2,418,0,103,524,13,640,149,0,149,789
06/26/2020,APA,CO,ANM,WE,Towers with Radar,0,82,123,8,213,0,8,305,2,315,0,90,428,10,528,61,0,61,589
06/27/2020,APA,CO,ANM,WE,Towers with Radar,0,67,90,7,164,0,17,281,3,301,0,84,371,10,465,139,4,143,608
06/28/2020,APA,CO,ANM,WE,Towers with Radar,0,93,98,5,196,0,19,270,3,292,0,112,368,8,488,162,0,162,650
06/29/2020,APA,CO,ANM,WE,Towers with Radar,0,78,104,2,184,0,8,208,5,221,0,86,312,7,405,108,6,114,519
06/30/2020,APA,CO,ANM,WE,Towers with Radar,0,76,102,6,184,0,23,343,2,368,0,99,445,8,552,175,0,175,727
07/01/2020,APA,CO,ANM,WE,Towers with Radar,0,111,149,3,263,0,16,303,1,320,0,127,452,4,583,118,0,118,701
07/02/2020,APA,CO,ANM,WE,Towers with Radar,0,64,158,4,226,0,7,346,2,355,0,71,504,6,581,680,0,680,1261
07/03/2020,APA,CO,ANM,WE,Towers with Radar,0,52,111,2,165,0,15,301,0,316,0,67,412,2,481,487,0,487,968
07/04/2020,APA,CO,ANM,WE,Towers with Radar,0,25,43,1,69,0,16,178,8,202,0,41,221,9,271,178,0,178,449
07/05/2020,APA,CO,ANM,WE,Towers with Radar,0,77,125,2,204,0,10,255,0,265,0,87,380,2,469,346,1,347,816
07/06/2020,APA,CO,ANM,WE,Towers with Radar,0,64,116,8,188,0,16,331,6,353,0,80,447,14,541,707,0,707,1248
07/07/2020,APA,CO,ANM,WE,Towers with Radar,0,66,103,4,173,0,10,301,6,317,0,76,404,10,490,517,16,533,1023
07/08/2020,APA,CO,ANM,WE,Towers with Radar,0,59,120,10,189,0,12,407,12,431,0,71,527,22,620,774,12,786,1406
07/09/2020,APA,CO,ANM,WE,Towers with Radar,0,73,101,8,182,0,13,363,4,380,0,86,464,12,562,656,6,662,1224
07/10/2020,APA,CO,ANM,WE,Towers with Radar,0,47,143,2,192,0,5,320,11,336,0,52,463,13,528,698,11,709,1237
07/11/2020,APA,CO,ANM,WE,Towers with Radar,0,72,75,2,149,0,22,282,1,305,0,94,357,3,454,396,0,396,850
07/12/2020,APA,CO,ANM,WE,Towers with Radar,0,78,113,5,196,0,15,169,0,184,0,93,282,5,380,390,0,390,770
07/13/2020,APA,CO,ANM,WE,Towers with Radar,1,83,89,3,176,0,7,244,5,256,1,90,333,8,432,124,0,124,556
07/14/2020,APA,CO,ANM,WE,Towers with Radar,0,61,118,2,181,0,10,253,7,270,0,71,371,9,451,548,4,552,1003
07/15/2020,APA,CO,ANM,WE,Towers with Radar,0,82,146,6,234,0,11,225,1,237,0,93,371,7,471,529,10,539,1010
07/16/2020,APA,CO,ANM,WE,Towers with Radar,0,72,104,7,183,0,20,290,4,314,0,92,394,11,497,565,2,567,1064
07/17/2020,APA,CO,ANM,WE,Towers with Radar,0,68,115,5,188,0,18,398,3,419,0,86,513,8,607,605,2,607,1214
07/18/2020,APA,CO,ANM,WE,Towers with Radar,0,82,103,3,188,0,24,292,4,320,0,106,395,7,508,473,6,479,987
07/19/2020,APA,CO,ANM,WE,Towers with Radar,0,67,95,2,164,0,8,207,1,216,0,75,302,3,380,497,0,497,877
07/20/2020,APA,CO,ANM,WE,Towers with Radar,0,68,103,5,176,0,58,384,5,447,0,126,487,10,623,746,0,746,1369
07/21/2020,APA,CO,ANM,WE,Towers with Radar,0,97,118,7,222,0,68,327,7,402,0,165,445,14,624,671,4,675,1299
07/22/2020,APA,CO,ANM,WE,Towers with Radar,0,82,135,6,223,0,26,357,7,390,0,108,492,13,613,866,0,866,1479
07/23/2020,APA,CO,ANM,WE,Towers with Radar,0,97,155,7,259,0,41,339,2,382,0,138,494,9,641,1030,0,1030,1671
07/24/2020,APA,CO,ANM,WE,Towers with Radar,0,81,106,10,197,0,41,269,4,314,0,122,375,14,511,506,0,506,1017
07/25/2020,APA,CO,ANM,WE,Towers with Radar,0,68,72,3,143,0,35,246,0,281,0,103,318,3,424,473,0,473,897
07/26/2020,APA,CO,ANM,WE,Towers with Radar,0,71,116,5,192,0,35,269,10,314,0,106,385,15,506,482,1,483,989
07/27/2020,APA,CO,ANM,WE,Towers with Radar,1,78,97,6,182,0,87,351,11,449,1,165,448,17,631,772,12,784,1415
07/28/2020,APA,CO,ANM,WE,Towers with Radar,0,71,105,0,176,0,63,320,1,384,0,134,425,1,560,740,0,740,1300
07/29/2020,APA,CO,ANM,WE,Towers with Radar,0,87,101,7,195,0,25,337,12,374,0,112,438,19,569,386,22,408,977
07/30/2020,APA,CO,ANM,WE,Towers with Radar,0,93,141,1,235,0,24,281,2,307,0,117,422,3,542,699,2,701,1243
07/31/2020,APA,CO,ANM,WE,Towers with Radar,0,85,144,7,236,0,53,356,1,410,0,138,500,8,646,673,0,673,1319
08/01/2020,APA,CO,ANM,WE,Towers with Radar,1,74,115,3,193,0,34,388,3,425,1,108,503,6,618,523,0,523,1141
08/02/2020,APA,CO,ANM,WE,Towers with Radar,0,88,92,2,182,0,40,279,5,324,0,128,371,7,506,633,0,633,1139
08/03/2020,APA,CO,ANM,WE,Towers with Radar,0,69,135,7,211,0,101,375,3,479,0,170,510,10,690,601,0,601,1291
08/04/2020,APA,CO,ANM,WE,Towers with Radar,0,73,100,6,179,0,59,353,5,417,0,132,453,11,596,658,4,662,1258
08/05/2020,APA,CO,ANM,WE,Towers with Radar,1,86,158,8,253,0,84,365,1,450,1,170,523,9,703,756,0,756,1459
08/06/2020,APA,CO,ANM,WE,Towers with Radar,0,78,135,6,219,0,48,382,8,438,0,126,517,14,657,632,0,632,1289
08/07/2020,APA,CO,ANM,WE,Towers with Radar,0,80,151,4,235,0,75,354,14,443,0,155,505,18,678,637,11,648,1326
08/08/2020,APA,CO,ANM,WE,Towers with Radar,0,99,91,0,190,0,41,359,0,400,0,140,450,0,590,301,0,301,891
08/09/2020,APA,CO,ANM,WE,Towers with Radar,0,85,113,4,202,0,48,271,0,319,0,133,384,4,521,450,0,450,971
08/10/2020,APA,CO,ANM,WE,Towers with Radar,0,78,113,7,198,0,82,254,9,345,0,160,367,16,543,621,6,627,1170
08/11/2020,APA,CO,ANM,WE,Towers with Radar,0,87,97,9,193,0,63,398,11,472,0,150,495,20,665,720,16,736,1401
08/12/2020,APA,CO,ANM,WE,Towers with Radar,0,92,125,0,217,0,72,374,8,454,0,164,499,8,671,766,15,781,1452
08/13/2020,APA,CO,ANM,WE,Towers with Radar,0,92,135,11,238,0,58,354,15,427,0,150,489,26,665,741,10,751,1416
08/14/2020,APA,CO,ANM,WE,Towers with Radar,0,76,123,16,215,0,48,256,2,306,0,124,379,18,521,333,6,339,860
08/15/2020,APA,CO,ANM,WE,Towers with Radar,0,81,91,9,181,0,52,224,0,276,0,133,315,9,457,499,0,499,956
08/16/2020,APA,CO,ANM,WE,Towers with Radar,0,83,102,7,192,0,49,252,5,306,0,132,354,12,498,556,15,571,1069
08/17/2020,APA,CO,ANM,WE,Towers with Radar,0,84,123,13,220,0,68,306,6,380,0,152,429,19,600,569,0,569,1169
08/18/2020,APA,CO,ANM,WE,Towers with Radar,0,89,111,7,207,0,59,333,4,396,0,148,444,11,603,730,0,730,1333
08/19/2020,APA,CO,ANM,WE,Towers with Radar,0,105,119,6,230,0,58,244,15,317,0,163,363,21,547,596,26,622,1169
08/20/2020,APA,CO,ANM,WE,Towers with Radar,0,113,128,3,244,0,58,254,3,315,0,171,382,6,559,536,16,552,1111
08/21/2020,APA,CO,ANM,WE,Towers with Radar,0,78,114,8,200,0,60,285,2,347,0,138,399,10,547,387,0,387,934
08/22/2020,APA,CO,ANM,WE,Towers with Radar,0,67,101,12,180,0,25,240,3,268,0,92,341,15,448,441,0,441,889
08/23/2020,APA,CO,ANM,WE,Towers with Radar,3,63,122,4,192,0,41,229,0,270,3,104,351,4,462,476,0,476,938
08/24/2020,APA,CO,ANM,WE,Towers with Radar,0,86,126,9,221,0,36,285,0,321,0,122,411,9,542,687,2,689,1231
08/25/2020,APA,CO,ANM,WE,Towers with Radar,0,78,123,6,207,0,58,228,6,292,0,136,351,12,499,589,12,601,1100
08/26/2020,APA,CO,ANM,WE,Towers with Radar,0,86,105,9,200,0,51,307,15,373,0,137,412,24,573,763,17,780,1353
08/27/2020,APA,CO,ANM,WE,Towers with Radar,0,93,123,5,221,0,61,342,2,405,0,154,465,7,626,769,1,770,1396
08/28/2020,APA,CO,ANM,WE,Towers with Radar,0,90,115,10,215,0,50,212,0,262,0,140,327,10,477,478,0,478,955
08/29/2020,APA,CO,ANM,WE,Towers with Radar,0,50,61,5,116,0,37,237,2,276,0,87,298,7,392,592,0,592,984
08/30/2020,APA,CO,ANM,WE,Towers with Radar,0,54,91,4,149,0,52,244,1,297,0,106,335,5,446,315,0,315,761
08/31/2020,APA,CO,ANM,WE,Towers with Radar,0,97,121,6,224,0,63,314,9,386,0,160,435,15,610,536,2,538,1148
09/01/2020,APA,CO,ANM,WE,Towers with Radar,0,69,104,6,179,0,68,384,14,466,0,137,488,20,645,839,12,851,1496
09/02/2020,APA,CO,ANM,WE,Towers with Radar,0,91,123,2,216,0,81,468,11,560,0,172,591,13,776,821,6,827,1603
09/03/2020,APA,CO,ANM,WE,Towers with Radar,0,93,138,8,239,0,92,337,4,433,0,185,475,12,672,686,0,686,1358
09/04/2020,APA,CO,ANM,WE,Towers with Radar,0,105,105,2,212,0,97,532,0,629,0,202,637,2,841,862,0,862,1703
09/05/2020,APA,CO,ANM,WE,Towers with Radar,0,43,80,4,127,0,49,270,2,321,0,92,350,6,448,527,0,527,975
09/06/2020,APA,CO,ANM,WE,Towers with Radar,0,61,66,6,133,0,45,226,1,272,0,106,292,7,405,292,0,292,697
09/07/2020,APA,CO,ANM,WE,Towers with Radar,0,91,154,7,252,0,43,231,2,276,0,134,385,9,528,422,0,422,950
09/08/2020,APA,CO,ANM,WE,Towers with Radar,0,62,48,5,115,0,0,0,0,0,0,62,48,5,115,0,0,0,115
09/09/2020,APA,CO,ANM,WE,Towers with Radar,0,98,103,3,204,0,14,93,0,107,0,112,196,3,311,200,0,200,511
09/10/2020,APA,CO,ANM,WE,Towers with Radar,0,91,134,1,226,0,64,173,0,237,0,155,307,1,463,1032,0,1032,1495
09/11/2020,APA,CO,ANM,WE,Towers with Radar,0,88,150,7,245,0,60,400,5,465,0,148,550,12,710,572,0,572,1282
09/12/2020,APA,CO,ANM,WE,Towers with Radar,0,72,63,2,137,0,68,363,0,431,0,140,426,2,568,623,0,623,1191
09/13/2020,APA,CO,ANM,WE,Towers with Radar,0,76,91,2,169,0,55,376,0,431,0,131,467,2,600,613,0,613,1213
09/14/2020,APA,CO,ANM,WE,Towers with Radar,2,84,100,6,192,0,69,447,1,517,2,153,547,7,709,861,0,861,1570
09/15/2020,APA,CO,ANM,WE,Towers with Radar,0,87,102,5,194,0,89,400,6,495,0,176,502,11,689,905,0,905,1594
09/16/2020,APA,CO,ANM,WE,Towers with Radar,1,84,148,3,236,0,65,231,4,300,1,149,379,7,536,755,2,757,1293
09/17/2020,APA,CO,ANM,WE,Towers with Radar,0,95,142,3,240,0,75,326,8,409,0,170,468,11,649,960,1,961,1610
09/18/2020,APA,CO,ANM,WE,Towers with Radar,0,83,135,9,227,0,59,327,2,388,0,142,462,11,615,543,4,547,1162
09/19/2020,APA,CO,ANM,WE,Towers with Radar,0,39,72,17,128,0,44,258,21,323,0,83,330,38,451,318,10,328,779
09/20/2020,APA,CO,ANM,WE,Towers with Radar,0,91,112,3,206,0,43,286,2,331,0,134,398,5,537,601,0,601,1138
09/21/2020,APA,CO,ANM,WE,Towers with Radar,0,70,111,12,193,0,77,408,6,491,0,147,519,18,684,544,2,546,1230
09/22/2020,APA,CO,ANM,WE,Towers with Radar,0,90,95,5,190,0,78,298,1,377,0,168,393,6,567,711,0,711,1278
09/23/2020,APA,CO,ANM,WE,Towers with Radar,0,102,131,6,239,0,105,380,0,485,0,207,511,6,724,795,0,795,1519
09/24/2020,APA,CO,ANM,WE,Towers with Radar,0,117,119,8,244,0,96,350,5,451,0,213,469,13,695,830,1,831,1526
09/25/2020,APA,CO,ANM,WE,Towers with Radar,0,66,136,6,208,0,76,368,2,446,0,142,504,8,654,659,0,659,1313
09/26/2020,APA,CO,ANM,WE,Towers with Radar,0,68,67,4,139,0,16,173,4,193,0,84,240,8,332,464,0,464,796
09/27/2020,APA,CO,ANM,WE,Towers with Radar,0,89,106,4,199,0,11,149,1,161,0,100,255,5,360,296,0,296,656
09/28/2020,APA,CO,ANM,WE,Towers with Radar,0,89,111,7,207,0,52,257,1,310,0,141,368,8,517,560,0,560,1077
09/29/2020,APA,CO,ANM,WE,Towers with Radar,0,71,126,4,201,0,102,358,0,460,0,173,484,4,661,843,0,843,1504
09/30/2020,APA,CO,ANM,WE,Towers with Radar,0,90,127,8,225,0,37,259,5,301,0,127,386,13,526,704,0,704,1230
10/01/2020,APA,CO,ANM,WE,Towers with Radar,0,82,135,7,224,0,97,314,3,414,0,179,449,10,638,761,1,762,1400
10/02/2020,APA,CO,ANM,WE,Towers with Radar,0,83,128,17,228,0,61,342,1,404,0,144,470,18,632,501,0,501,1133
10/03/2020,APA,CO,ANM,WE,Towers with Radar,0,71,78,5,154,0,25,293,0,318,0,96,371,5,472,496,0,496,968
10/04/2020,APA,CO,ANM,WE,Towers with Radar,0,64,126,3,193,0,12,295,0,307,0,76,421,3,500,470,0,470,970
10/05/2020,APA,CO,ANM,WE,Towers with Radar,0,85,98,7,190,0,49,228,10,287,0,134,326,17,477,457,12,469,946
10/06/2020,APA,CO,ANM,WE,Towers with Radar,0,88,118,5,211,0,87,370,6,463,0,175,488,11,674,727,12,739,1413
10/07/2020,APA,CO,ANM,WE,Towers with Radar,0,90,137,9,236,0,58,283,10,351,0,148,420,19,587,641,10,651,1238
10/08/2020,APA,CO,ANM,WE,Towers with Radar,0,68,133,7,208,0,58,327,5,390,0,126,460,12,598,573,4,577,1175
10/09/2020,APA,CO,ANM,WE,Towers with Radar,1,76,106,10,193,0,68,378,8,454,1,144,484,18,647,727,10,737,1384
10/10/2020,APA,CO,ANM,WE,Towers with Radar,0,67,92,9,168,0,23,283,4,310,0,90,375,13,478,417,0,417,895
10/11/2020,APA,CO,ANM,WE,Towers with Radar,0,68,109,4,181,0,9,70,1,80,0,77,179,5,261,98,0,98,359
10/12/2020,APA,CO,ANM,WE,Towers with Radar,0,69,113,12,194,0,42,198,4,244,0,111,311,16,438,558,4,562,1000
10/13/2020,APA,CO,ANM,WE,Towers with Radar,0,97,108,14,219,0,54,283,15,352,0,151,391,29,571,867,0,867,1438
10/14/2020,APA,CO,ANM,WE,Towers with Radar,0,106,108,9,223,0,40,176,5,221,0,146,284,14,444,526,0,526,970
10/15/2020,APA,CO,ANM,WE,Towers with Radar,0,102,155,14,271,0,82,316,12,410,0,184,471,26,681,613,0,613,1294
10/16/2020,APA,CO,ANM,WE,Towers with Radar,0,64,114,25,203,0,64,385,11,460,0,128,499,36,663,757,11,768,1431
10/17/2020,APA,CO,ANM,WE,Towers with Radar,0,75,84,28,187,0,41,257,25,323,0,116,341,53,510,415,2,417,927
10/18/2020,APA,CO,ANM,WE,Towers with Radar,0,118,131,30,279,0,20,76,3,99,0,138,207,33,378,173,17,190,568
10/19/2020,APA,CO,ANM,WE,Towers with Radar,0,94,115,23,232,0,59,352,6,417,0,153,467,29,649,821,6,827,1476
10/20/2020,APA,CO,ANM,WE,Towers with Radar,0,95,125,6,226,0,69,280,12,361,0,164,405,18,587,794,11,805,1392
10/21/2020,APA,CO,ANM,WE,Towers with Radar,0,98,141,10,249,0,74,320,9,403,0,172,461,19,652,705,2,707,1359
10/22/2020,APA,CO,ANM,WE,Towers with Radar,0,81,113,12,206,0,3,8,2,13,0,84,121,14,219,63,0,63,282
10/23/2020,APA,CO,ANM,WE,Towers with Radar,0,81,89,14,184,0,24,95,1,120,0,105,184,15,304,336,0,336,640
10/24/2020,APA,CO,ANM,WE,Towers with Radar,0,84,80,6,170,0,32,259,3,294,0,116,339,9,464,630,0,630,1094
10/25/2020,APA,CO,ANM,WE,Towers with Radar,0,57,46,0,103,0,1,1,0,2,0,58,47,0,105,0,0,0,105
10/26/2020,APA,CO,ANM,WE,Towers with Radar,0,98,72,2,172,0,3,2,0,5,0,101,74,2,177,0,0,0,177
10/27/2020,APA,CO,ANM,WE,Towers with Radar,0,86,120,9,215,0,69,246,13,328,0,155,366,22,543,726,2,728,1271
10/28/2020,APA,CO,ANM,WE,Towers with Radar,0,78,118,6,202,0,45,261,11,317,0,123,379,17,519,553,16,569,1088
10/29/2020,APA,CO,ANM,WE,Towers with Radar,0,85,116,5,206,0,50,405,5,460,0,135,521,10,666,749,0,749,1415
10/30/2020,APA,CO,ANM,WE,Towers with Radar,0,59,97,7,163,0,64,409,4,477,0,123,506,11,640,787,0,787,1427
10/31/2020,APA,CO,ANM,WE,Towers with Radar,0,53,83,5,141,0,43,248,3,294,0,96,331,8,435,344,0,344,779
11/01/2020,APA,CO,ANM,WE,Towers with Radar,0,52,81,2,135,0,53,449,4,506,0,105,530,6,641,695,0,695,1336
11/02/2020,APA,CO,ANM,WE,Towers with Radar,0,88,78,11,177,0,45,280,6,331,0,133,358,17,508,652,0,652,1160
11/03/2020,APA,CO,ANM,WE,Towers with Radar,0,75,86,8,169,0,52,283,3,338,0,127,369,11,507,753,0,753,1260
11/04/2020,APA,CO,ANM,WE,Towers with Radar,0,87,94,10,191,0,71,237,3,311,0,158,331,13,502,682,0,682,1184
11/05/2020,APA,CO,ANM,WE,Towers with Radar,0,68,113,6,187,0,67,303,1,371,0,135,416,7,558,783,0,783,1341
11/06/2020,APA,CO,ANM,WE,Towers with Radar,0,77,74,6,157,0,44,204,2,250,0,121,278,8,407,198,0,198,605
11/07/2020,APA,CO,ANM,WE,Towers with Radar,0,58,56,7,121,0,22,65,1,88,0,80,121,8,209,103,0,103,312
11/08/2020,APA,CO,ANM,WE,Towers with Radar,0,60,61,1,122,0,8,27,3,38,0,68,88,4,160,12,0,12,172
11/09/2020,APA,CO,ANM,WE,Towers with Radar,0,49,34,2,85,0,0,5,0,5,0,49,39,2,90,56,0,56,146
11/10/2020,APA,CO,ANM,WE,Towers with Radar,0,90,81,6,177,2,71,193,3,269,2,161,274,9,446,653,0,653,1099
11/11/2020,APA,CO,ANM,WE,Towers with Radar,0,80,103,2,185,0,75,293,4,372,0,155,396,6,557,769,0,769,1326
11/12/2020,APA,CO,ANM,WE,Towers with Radar,0,77,96,8,181,0,90,343,19,452,0,167,439,27,633,944,0,944,1577
11/13/2020,APA,CO,ANM,WE,Towers with Radar,0,74,89,25,188,0,35,133,2,170,0,109,222,27,358,190,0,190,548
11/14/2020,APA,CO,ANM,WE,Towers with Radar,0,52,38,2,92,0,6,9,0,15,0,58,47,2,107,10,0,10,117
11/15/2020,APA,CO,ANM,WE,Towers with Radar,0,55,95,12,162,0,38,134,1,173,0,93,229,13,335,2,0,2,337
11/16/2020,APA,CO,ANM,WE,Towers with Radar,0,56,66,2,124,0,23,251,3,277,0,79,317,5,401,49,0,49,450
11/17/2020,APA,CO,ANM,WE,Towers with Radar,0,55,97,6,158,0,83,429,6,518,0,138,526,12,676,603,0,603,1279
11/18/2020,APA,CO,ANM,WE,Towers with Radar,0,77,113,0,190,0,67,228,3,298,0,144,341,3,488,556,0,556,1044
11/19/2020,APA,CO,ANM,WE,Towers with Radar,0,71,122,5,198,0,89,289,5,383,0,160,411,10,581,507,0,507,1088
11/20/2020,APA,CO,ANM,WE,Towers with Radar,0,84,123,6,213,0,49,264,3,316,0,133,387,9,529,338,0,338,867
11/21/2020,APA,CO,ANM,WE,Towers with Radar,0,73,90,5,168,0,28,261,1,290,0,101,351,6,458,381,0,381,839
11/22/2020,APA,CO,ANM,WE,Towers with Radar,0,50,97,1,148,0,23,227,1,251,0,73,324,2,399,276,0,276,675
11/23/2020,APA,CO,ANM,WE,Towers with Radar,0,75,86,7,168,0,39,153,6,198,0,114,239,13,366,184,0,184,550
11/24/2020,APA,CO,ANM,WE,Towers with Radar,0,67,88,4,159,0,7,33,0,40,0,74,121,4,199,14,0,14,213
11/25/2020,APA,CO,ANM,WE,Towers with Radar,1,67,117,9,194,0,38,260,4,302,1,105,377,13,496,434,0,434,930
11/26/2020,APA,CO,ANM,WE,Towers with Radar,0,36,18,0,54,0,10,64,0,74,0,46,82,0,128,124,0,124,252
11/27/2020,APA,CO,ANM,WE,Towers with Radar,0,55,48,0,103,0,23,245,0,268,0,78,293,0,371,414,0,414,785
11/28/2020,APA,CO,ANM,WE,Towers with Radar,0,83,89,4,176,0,36,260,0,296,0,119,349,4,472,429,0,429,901
11/29/2020,APA,CO,ANM,WE,Towers with Radar,0,124,154,3,281,0,21,206,1,228,0,145,360,4,509,292,0,292,801
11/30/2020,APA,CO,ANM,WE,Towers with Radar,0,91,103,3,197,0,43,316,0,359,0,134,419,3,556,649,0,649,1205
12/01/2020,APA,CO,ANM,WE,Towers with Radar,0,93,88,2,183,0,25,53,2,80,0,118,141,4,263,149,0,149,412
12/02/2020,APA,CO,ANM,WE,Towers with Radar,0,75,97,8,180,0,52,139,6,197,0,127,236,14,377,640,0,640,1017
12/03/2020,APA,CO,ANM,WE,Towers with Radar,0,70,80,5,155,0,128,418,2,548,0,198,498,7,703,951,0,951,1654
12/04/2020,APA,CO,ANM,WE,Towers with Radar,0,63,125,9,197,0,84,350,0,434,0,147,475,9,631,1000,0,1000,1631
12/05/2020,APA,CO,ANM,WE,Towers with Radar,33,63,71,5,172,0,22,383,0,405,33,85,454,5,577,500,0,500,1077
12/06/2020,APA,CO,ANM,WE,Towers with Radar,0,49,95,0,144,0,37,312,0,349,0,86,407,0,493,668,0,668,1161
12/07/2020,APA,CO,ANM,WE,Towers with Radar,0,56,61,0,117,0,65,346,7,418,0,121,407,7,535,789,0,789,1324
12/08/2020,APA,CO,ANM,WE,Towers with Radar,0,74,101,2,177,0,60,329,3,392,0,134,430,5,569,677,0,677,1246
12/09/2020,APA,CO,ANM,WE,Towers with Radar,0,69,103,4,176,0,64,400,7,471,0,133,503,11,647,655,0,655,1302
12/10/2020,APA,CO,ANM,WE,Towers with Radar,0,87,108,1,196,0,50,201,1,252,0,137,309,2,448,139,0,139,587
12/11/2020,APA,CO,ANM,WE,Towers with Radar,0,71,59,2,132,0,0,2,0,2,0,71,61,2,134,0,0,0,134
12/12/2020,APA,CO,ANM,WE,Towers with Radar,0,55,53,2,110,0,7,40,0,47,0,62,93,2,157,104,0,104,261
12/13/2020,APA,CO,ANM,WE,Towers with Radar,0,74,87,0,161,0,32,196,0,228,0,106,283,0,389,195,0,195,584
12/14/2020,APA,CO,ANM,WE,Towers with Radar,2,86,101,0,189,0,29,159,1,189,2,115,260,1,378,426,0,426,804
12/15/2020,APA,CO,ANM,WE,Towers with Radar,0,76,68,0,144,0,32,65,0,97,0,108,133,0,241,216,0,216,457
12/16/2020,APA,CO,ANM,WE,Towers with Radar,0,94,90,1,185,0,78,211,5,294,0,172,301,6,479,429,0,429,908
12/17/2020,APA,CO,ANM,WE,Towers with Radar,0,93,137,1,231,0,57,266,2,325,0,150,403,3,556,670,0,670,1226
12/18/2020,APA,CO,ANM,WE,Towers with Radar,0,103,112,5,220,0,2,19,1,22,0,105,131,6,242,114,0,114,356
12/19/2020,APA,CO,ANM,WE,Towers with Radar,0,87,116,1,204,0,36,205,0,241,0,123,321,1,445,209,0,209,654
12/20/2020,APA,CO,ANM,WE,Towers with Radar,1,70,75,0,146,0,26,153,1,180,1,96,228,1,326,299,0,299,625
12/21/2020,APA,CO,ANM,WE,Towers with Radar,0,61,104,10,175,0,50,325,6,381,0,111,429,16,556,680,0,680,1236
12/22/2020,APA,CO,ANM,WE,Towers with Radar,0,110,130,3,243,0,21,184,6,211,0,131,314,9,454,277,0,277,731
12/23/2020,APA,CO,ANM,WE,Towers with Radar,0,90,124,6,220,0,13,48,0,61,0,103,172,6,281,44,0,44,325
12/24/2020,APA,CO,ANM,WE,Towers with Radar,0,46,46,0,92,0,19,158,1,178,0,65,204,1,270,250,0,250,520
12/25/2020,APA,CO,ANM,WE,Towers with Radar,0,35,21,0,56,0,18,99,0,117,0,53,120,0,173,190,0,190,363
12/26/2020,APA,CO,ANM,WE,Towers with Radar,0,96,131,0,227,0,28,337,0,365,0,124,468,0,592,449,0,449,1041
12/27/2020,APA,CO,ANM,WE,Towers with Radar,0,107,153,0,260,0,19,227,1,247,0,126,380,1,507,363,0,363,870
12/28/2020,APA,CO,ANM,WE,Towers with Radar,0,99,85,0,184,0,1,8,0,9,0,100,93,0,193,9,0,9,202
12/29/2020,APA,CO,ANM,WE,Towers with Radar,0,118,87,7,212,0,17,56,0,73,0,135,143,7,285,145,0,145,430
12/30/2020,APA,CO,ANM,WE,Towers with Radar,0,104,91,2,197,0,54,313,0,367,0,158,404,2,564,461,0,461,1025
12/31/2020,APA,CO,ANM,WE,Towers with Radar,0,82,66,0,148,0,30,352,0,382,0,112,418,0,530,489,0,489,1019
01/01/2021,APA,CO,ANM,WE,Towers with Radar,0,62,58,0,120,0,19,124,0,143,0,81,182,0,263,250,0,250,513
01/02/2021,APA,CO,ANM,WE,Towers with Radar,0,93,128,0,221,0,11,240,0,251,0,104,368,0,472,268,0,268,740
01/03/2021,APA,CO,ANM,WE,Towers with Radar,0,117,144,0,261,0,11,273,0,284,0,128,417,0,545,348,0,348,893
01/04/2021,APA,CO,ANM,WE,Towers with Radar,0,84,126,2,212,0,58,318,0,376,0,142,444,2,588,488,0,488,1076
01/05/2021,APA,CO,ANM,WE,Towers with Radar,0,81,89,0,170,0,32,120,0,152,0,113,209,0,322,243,0,243,565
01/06/2021,APA,CO,ANM,WE,Towers with Radar,0,65,105,7,177,0,65,295,4,364,0,130,400,11,541,664,0,664,1205
01/07/2021,APA,CO,ANM,WE,Towers with Radar,0,75,113,5,193,0,69,310,1,380,0,144,423,6,573,725,0,725,1298
01/08/2021,APA,CO,ANM,WE,Towers with Radar,0,78,115,5,198,0,61,350,2,413,0,139,465,7,611,541,0,541,1152
01/09/2021,APA,CO,ANM,WE,Towers with Radar,0,77,43,0,120,0,1,7,0,8,0,78,50,0,128,2,0,2,130
01/10/2021,APA,CO,ANM,WE,Towers with Radar,0,73,100,0,173,0,26,120,1,147,0,99,220,1,320,363,0,363,683
01/11/2021,APA,CO,ANM,WE,Towers with Radar,0,83,89,6,178,0,74,243,0,317,0,157,332,6,495,618,0,618,1113
01/12/2021,APA,CO,ANM,WE,Towers with Radar,0,91,66,4,161,0,61,303,1,365,0,152,369,5,526,732,0,732,1258
01/13/2021,APA,CO,ANM,WE,Towers with Radar,0,73,89,6,168,0,46,184,1,231,0,119,273,7,399,260,0,260,659
01/14/2021,APA,CO,ANM,WE,Towers with Radar,0,78,77,1,156,0,19,54,0,73,0,97,131,1,229,31,0,31,260
01/15/2021,APA,CO,ANM,WE,Towers with Radar,0,69,109,6,184,0,59,284,5,348,0,128,393,11,532,663,7,670,1202
01/16/2021,APA,CO,ANM,WE,Towers with Radar,0,69,58,4,131,0,25,319,1,345,0,94,377,5,476,451,0,451,927
01/17/2021,APA,CO,ANM,WE,Towers with Radar,0,60,96,1,157,0,40,254,0,294,0,100,350,1,451,341,0,341,792
01/18/2021,APA,CO,ANM,WE,Towers with Radar,0,78,106,0,184,0,37,93,0,130,0,115,199,0,314,417,0,417,731
01/19/2021,APA,CO,ANM,WE,Towers with Radar,0,70,93,10,173,1,62,243,4,310,1,132,336,14,483,662,12,674,1157
01/20/2021,APA,CO,ANM,WE,Towers with Radar,0,64,90,14,168,0,35,206,2,243,0,99,296,16,411,348,0,348,759
01/21/2021,APA,CO,ANM,WE,Towers with Radar,0,80,91,7,178,0,80,285,10,375,0,160,376,17,553,569,13,582,1135
01/22/2021,APA,CO,ANM,WE,Towers with Radar,0,62,102,3,167,0,64,329,5,398,0,126,431,8,565,602,0,602,1167
01/23/2021,APA,CO,ANM,WE,Towers with Radar,0,70,57,0,127,0,20,207,6,233,0,90,264,6,360,408,1,409,769
01/24/2021,APA,CO,ANM,WE,Towers with Radar,0,66,67,5,138,0,18,151,0,169,0,84,218,5,307,417,0,417,724
01/25/2021,APA,CO,ANM,WE,Towers with Radar,0,72,86,3,161,0,21,52,4,77,0,93,138,7,238,197,14,211,449
01/26/2021,APA,CO,ANM,WE,Towers with Radar,0,57,48,1,106,0,0,0,0,0,0,57,48,1,106,0,0,0,106
01/27/2021,APA,CO,ANM,WE,Towers with Radar,0,84,134,5,223,0,56,264,7,327,0,140,398,12,550,19,0,19,569
01/28/2021,APA,CO,ANM,WE,Towers with Radar,0,61,135,6,202,0,49,207,4,260,0,110,342,10,462,0,0,0,462
01/29/2021,APA,CO,ANM,WE,Towers with Radar,0,72,121,20,213,0,35,154,0,189,0,107,275,20,402,21,0,21,423
01/30/2021,APA,CO,ANM,WE,Towers with Radar,0,45,75,7,127,0,18,87,1,106,0,63,162,8,233,2,0,2,235
01/31/2021,APA,CO,ANM,WE,Towers with Radar,0,64,106,4,174,0,20,227,0,247,0,84,333,4,421,18,0,18,439
02/01/2021,APA,CO,ANM,WE,Towers with Radar,1,67,123,3,194,0,34,170,5,209,1,101,293,8,403,24,0,24,427
02/02/2021,APA,CO,ANM,WE,Towers with Radar,0,58,119,3,180,0,53,211,0,264,0,111,330,3,444,2,0,2,446
02/03/2021,APA,CO,ANM,WE,Towers with Radar,0,74,97,4,175,0,28,77,1,106,0,102,174,5,281,23,0,23,304
02/04/2021,APA,CO,ANM,WE,Towers with Radar,0,75,99,12,186,0,38,103,1,142,0,113,202,13,328,162,0,162,490
02/05/2021,APA,CO,ANM,WE,Towers with Radar,0,75,103,4,182,0,68,249,1,318,0,143,352,5,500,581,0,581,1081
02/06/2021,APA,CO,ANM,WE,Towers with Radar,0,60,86,0,146,0,32,148,1,181,0,92,234,1,327,195,0,195,522
02/07/2021,APA,CO,ANM,WE,Towers with Radar,0,70,80,5,155,0,3,32,0,35,0,73,112,5,190,32,5,37,227
02/08/2021,APA,CO,ANM,WE,Towers with Radar,0,70,105,4,179,0,32,157,0,189,0,102,262,4,368,482,0,482,850
02/09/2021,APA,CO,ANM,WE,Towers with Radar,0,71,108,6,185,0,37,193,3,233,0,108,301,9,418,768,14,782,1200
02/10/2021,APA,CO,ANM,WE,Towers with Radar,0,114,134,4,252,0,25,109,0,134,0,139,243,4,386,478,0,478,864
02/11/2021,APA,CO,ANM,WE,Towers with Radar,0,94,138,5,237,0,32,162,7,201,0,126,300,12,438,538,2,540,978
02/12/2021,APA,CO,ANM,WE,Towers with Radar,1,94,135,1,231,0,3,22,0,25,1,97,157,1,256,85,0,85,341
02/13/2021,APA,CO,ANM,WE,Towers with Radar,0,70,86,2,158,0,0,0,1,1,0,70,86,3,159,18,0,18,177
02/14/2021,APA,CO,ANM,WE,Towers with Radar,0,71,66,1,138,0,7,9,0,16,0,78,75,1,154,13,0,13,167
02/15/2021,APA,CO,ANM,WE,Towers with Radar,0,69,121,1,191,0,52,176,1,229,0,121,297,2,420,411,0,411,831
02/16/2021,APA,CO,ANM,WE,Towers with Radar,0,104,117,6,227,0,45,172,4,221,0,149,289,10,448,503,0,503,951
02/17/2021,APA,CO,ANM,WE,Towers with Radar,0,88,99,0,187,0,7,30,0,37,0,95,129,0,224,184,0,184,408
02/18/2021,APA,CO,ANM,WE,Towers with Radar,0,89,114,5,208,0,60,196,4,260,0,149,310,9,468,397,9,406,874
02/19/2021,APA,CO,ANM,WE,Towers with Radar,0,95,123,5,223,0,49,198,0,247,0,144,321,5,470,263,0,263,733
02/20/2021,APA,CO,ANM,WE,Towers with Radar,0,74,94,0,168,0,27,226,7,260,0,101,320,7,428,224,2,226,654
02/21/2021,APA,CO,ANM,WE,Towers with Radar,0,85,115,4,204,0,20,151,0,171,0,105,266,4,375,137,0,137,512
02/22/2021,APA,CO,ANM,WE,Towers with Radar,0,87,105,5,197,0,64,225,5,294,0,151,330,10,491,440,0,440,931
02/23/2021,APA,CO,ANM,WE,Towers with Radar,0,84,93,5,182,0,39,294,5,338,0,123,387,10,520,527,6,533,1053
02/24/2021,APA,CO,ANM,WE,Towers with Radar,0,84,92,7,183,0,18,119,2,139,0,102,211,9,322,436,0,436,758
02/25/2021,APA,CO,ANM,WE,Towers with Radar,0,79,119,2,200,0,31,101,0,132,0,110,220,2,332,151,0,151,483
02/26/2021,APA,CO,ANM,WE,Towers with Radar,0,79,127,0,206,0,53,215,1,269,0,132,342,1,475,467,4,471,946
02/27/2021,APA,CO,ANM,WE,Towers with Radar,0,72,70,2,144,0,27,141,4,172,0,99,211,6,316,403,0,403,719
02/28/2021,APA,CO,ANM,WE,Towers with Radar,0,69,143,0,212,0,41,314,1,356,0,110,457,1,568,638,0,638,1206
03/01/2021,APA,CO,ANM,WE,Towers with Radar,0,75,109,14,198,0,65,324,4,393,0,140,433,18,591,721,0,721,1312
03/02/2021,APA,CO,ANM,WE,Towers with Radar,0,73,117,7,197,0,69,307,6,382,0,142,424,13,579,642,2,644,1223
03/03/2021,APA,CO,ANM,WE,Towers with Radar,0,83,127,4,214,0,97,356,14,467,0,180,483,18,681,673,4,677,1358
03/04/2021,APA,CO,ANM,WE,Towers with Radar,0,88,81,0,169,0,11,33,0,44,0,99,114,0,213,113,0,113,326
03/05/2021,APA,CO,ANM,WE,Towers with Radar,0,91,136,11,238,0,69,379,5,453,0,160,515,16,691,541,0,541,1232
03/06/2021,APA,CO,ANM,WE,Towers with Radar,0,72,75,3,150,0,21,313,0,334,0,93,388,3,484,461,0,461,945
03/07/2021,APA,CO,ANM,WE,Towers with Radar,0,89,100,7,196,0,28,230,0,258,0,117,330,7,454,372,0,372,826
03/08/2021,APA,CO,ANM,WE,Towers with Radar,0,70,107,4,181,0,43,226,2,271,0,113,333,6,452,499,0,499,951
03/09/2021,APA,CO,ANM,WE,Towers with Radar,0,78,107,0,185,0,40,238,6,284,0,118,345,6,469,416,0,416,885
03/10/2021,APA,CO,ANM,WE,Towers with Radar,0,99,134,2,235,0,9,56,1,66,0,108,190,3,301,116,0,116,417
03/11/2021,APA,CO,ANM,WE,Towers with Radar,1,124,159,3,287,0,34,78,2,114,1,158,237,5,401,252,0,252,653
03/12/2021,APA,CO,ANM,WE,Towers with Radar,0,121,124,4,249,0,11,19,0,30,0,132,143,4,279,52,0,52,331
03/13/2021,APA,CO,ANM,WE,Towers with Radar,0,14,14,0,28,0,0,0,0,0,0,14,14,0,28,0,0,0,28
03/14/2021,APA,CO,ANM,WE,Towers with Radar,0,0,0,0,0,0,0,0,0,0,0,0,0,0,0,0,0,0,0
03/15/2021,APA,CO,ANM,WE,Towers with Radar,0,95,154,3,252,0,29,9,0,38,0,124,163,3,290,8,0,8,298
03/16/2021,APA,CO,ANM,WE,Towers with Radar,0,92,101,2,195,0,6,28,0,34,0,98,129,2,229,54,0,54,283
03/17/2021,APA,CO,ANM,WE,Towers with Radar,0,93,100,1,194,0,44,111,1,156,0,137,211,2,350,373,0,373,723
03/18/2021,APA,CO,ANM,WE,Towers with Radar,0,77,130,4,211,0,75,290,0,365,0,152,420,4,576,539,0,539,1115
03/19/2021,APA,CO,ANM,WE,Towers with Radar,0,82,154,3,239,0,73,340,8,421,0,155,494,11,660,734,0,734,1394
03/20/2021,APA,CO,ANM,WE,Towers with Radar,0,99,128,1,228,0,42,211,2,255,0,141,339,3,483,230,0,230,713
03/21/2021,APA,CO,ANM,WE,Towers with Radar,0,103,128,3,234,0,25,88,0,113,0,128,216,3,347,252,0,252,599
03/22/2021,APA,CO,ANM,WE,Towers with Radar,1,72,77,0,150,0,18,20,0,38,1,90,97,0,188,248,0,248,436
03/23/2021,APA,CO,ANM,WE,Towers with Radar,0,94,79,6,179,0,33,82,2,117,0,127,161,8,296,337,6,343,639
03/24/2021,APA,CO,ANM,WE,Towers with Radar,0,84,97,6,187,0,41,76,2,119,0,125,173,8,306,216,0,216,522
03/25/2021,APA,CO,ANM,WE,Towers with Radar,0,84,153,6,243,0,77,385,0,462,0,161,538,6,705,723,0,723,1428
03/26/2021,APA,CO,ANM,WE,Towers with Radar,0,91,133,4,228,0,55,208,0,263,0,146,341,4,491,642,0,642,1133
03/27/2021,APA,CO,ANM,WE,Towers with Radar,0,82,119,5,206,0,37,260,0,297,0,119,379,5,503,378,0,378,881
03/28/2021,APA,CO,ANM,WE,Towers with Radar,0,71,126,4,201,0,45,290,1,336,0,116,416,5,537,413,0,413,950
03/29/2021,APA,CO,ANM,WE,Towers with Radar,0,73,85,6,164,0,15,63,0,78,0,88,148,6,242,140,0,140,382
03/30/2021,APA,CO,ANM,WE,Towers with Radar,0,76,84,2,162,0,13,29,0,42,0,89,113,2,204,127,0,127,331
03/31/2021,APA,CO,ANM,WE,Towers with Radar,0,89,130,10,229,0,71,337,10,418,0,160,467,20,647,747,0,747,1394
04/01/2021,APA,CO,ANM,WE,Towers with Radar,0,68,121,4,193,0,72,412,3,487,0,140,533,7,680,828,0,828,1508
04/02/2021,APA,CO,ANM,WE,Towers with Radar,0,78,123,16,217,0,74,315,7,396,0,152,438,23,613,569,12,581,1194
04/03/2021,APA,CO,ANM,WE,Towers with Radar,0,73,74,3,150,0,45,401,0,446,0,118,475,3,596,532,0,532,1128
04/04/2021,APA,CO,ANM,WE,Towers with Radar,0,66,84,0,150,0,26,195,10,231,0,92,279,10,381,212,0,212,593
04/05/2021,APA,CO,ANM,WE,Towers with Radar,1,85,122,7,215,0,32,175,0,207,1,117,297,7,422,286,0,286,708
04/06/2021,APA,CO,ANM,WE,Towers with Radar,0,86,111,3,200,0,30,95,12,137,0,116,206,15,337,229,14,243,580
04/07/2021,APA,CO,ANM,WE,Towers with Radar,0,96,130,5,231,0,51,166,11,228,0,147,296,16,459,462,10,472,931
04/08/2021,APA,CO,ANM,WE,Towers with Radar,0,90,143,3,236,0,65,256,16,337,0,155,399,19,573,513,0,513,1086
04/09/2021,APA,CO,ANM,WE,Towers with Radar,0,81,107,10,198,0,33,114,5,152,0,114,221,15,350,352,0,352,702
04/10/2021,APA,CO,ANM,WE,Towers with Radar,0,77,69,2,148,0,74,417,1,492,0,151,486,3,640,663,0,663,1303
04/11/2021,APA,CO,ANM,WE,Towers with Radar,0,77,109,4,190,0,31,162,1,194,0,108,271,5,384,275,0,275,659
04/12/2021,APA,CO,ANM,WE,Towers with Radar,0,73,108,6,187,0,95,260,14,369,0,168,368,20,556,695,6,701,1257
04/13/2021,APA,CO,ANM,WE,Towers with Radar,0,90,76,1,167,0,77,109,1,187,0,167,185,2,354,546,0,546,900
04/14/2021,APA,CO,ANM,WE,Towers with Radar,0,97,147,6,250,0,49,125,7,181,0,146,272,13,431,450,0,450,881
04/15/2021,APA,CO,ANM,WE,Towers with Radar,0,69,86,0,155,0,6,13,0,19,0,75,99,0,174,59,0,59,233
04/16/2021,APA,CO,ANM,WE,Towers with Radar,0,95,70,2,167,0,13,26,0,39,0,108,96,2,206,67,0,67,273
04/17/2021,APA,CO,ANM,WE,Towers with Radar,0,53,77,1,131,0,35,99,1,135,0,88,176,2,266,216,0,216,482
04/18/2021,APA,CO,ANM,WE,Towers with Radar,0,67,95,5,167,0,70,252,4,326,0,137,347,9,493,623,6,629,1122
04/19/2021,APA,CO,ANM,WE,Towers with Radar,0,52,82,0,134,0,11,15,0,26,0,63,97,0,160,27,0,27,187
04/20/2021,APA,CO,ANM,WE,Towers with Radar,0,73,118,8,199,0,87,206,5,298,0,160,324,13,497,539,4,543,1040
04/21/2021,APA,CO,ANM,WE,Towers with Radar,0,100,129,1,230,0,10,54,0,64,0,110,183,1,294,267,0,267,561
04/22/2021,APA,CO,ANM,WE,Towers with Radar,1,98,123,9,231,0,66,200,3,269,1,164,323,12,500,617,8,625,1125
04/23/2021,APA,CO,ANM,WE,Towers with Radar,0,77,107,12,196,0,94,282,13,389,0,171,389,25,585,550,1,551,1136
04/24/2021,APA,CO,ANM,WE,Towers with Radar,0,63,91,15,169,0,51,270,13,334,0,114,361,28,503,615,8,623,1126
04/25/2021,APA,CO,ANM,WE,Towers with Radar,0,91,92,9,192,0,35,190,8,233,0,126,282,17,425,268,0,268,693
04/26/2021,APA,CO,ANM,WE,Towers with Radar,0,88,98,7,193,0,50,176,10,236,0,138,274,17,429,320,0,320,749
04/27/2021,APA,CO,ANM,WE,Towers with Radar,0,90,108,5,203,0,45,111,2,158,0,135,219,7,361,486,0,486,847
04/28/2021,APA,CO,ANM,WE,Towers with Radar,0,81,116,3,200,0,46,127,0,173,0,127,243,3,373,447,0,447,820
04/29/2021,APA,CO,ANM,WE,Towers with Radar,0,88,150,15,253,0,99,413,12,524,0,187,563,27,777,877,21,898,1675
04/30/2021,APA,CO,ANM,WE,Towers with Radar,0,78,103,15,196,0,89,437,12,538,0,167,540,27,734,889,10,899,1633
05/01/2021,APA,CO,ANM,WE,Towers with Radar,0,67,81,7,155,0,34,341,2,377,0,101,422,9,532,428,0,428,960
05/02/2021,APA,CO,ANM,WE,Towers with Radar,0,60,99,3,162,0,20,131,1,152,0,80,230,4,314,216,0,216,530
05/03/2021,APA,CO,ANM,WE,Towers with Radar,0,73,79,3,155,0,2,0,0,2,0,75,79,3,157,0,0,0,157
05/04/2021,APA,CO,ANM,WE,Towers with Radar,0,85,111,8,204,0,43,160,2,205,0,128,271,10,409,611,0,611,1020
05/05/2021,APA,CO,ANM,WE,Towers with Radar,0,87,107,8,202,0,46,240,5,291,0,133,347,13,493,605,0,605,1098
05/06/2021,APA,CO,ANM,WE,Towers with Radar,0,93,125,5,223,0,70,396,12,478,0,163,521,17,701,586,0,586,1287
05/07/2021,APA,CO,ANM,WE,Towers with Radar,0,86,72,10,168,0,84,357,3,444,0,170,429,13,612,745,10,755,1367
05/08/2021,APA,CO,ANM,WE,Towers with Radar,0,59,68,4,131,0,45,167,5,217,0,104,235,9,348,228,0,228,576
05/09/2021,APA,CO,ANM,WE,Towers with Radar,0,84,80,2,166,0,6,27,0,33,0,90,107,2,199,34,0,34,233
05/10/2021,APA,CO,ANM,WE,Towers with Radar,0,98,99,0,197,0,3,20,0,23,0,101,119,0,220,195,0,195,415
05/11/2021,APA,CO,ANM,WE,Towers with Radar,0,101,92,4,197,0,1,4,0,5,0,102,96,4,202,25,0,25,227
05/12/2021,APA,CO,ANM,WE,Towers with Radar,2,86,153,5,246,0,74,302,2,378,2,160,455,7,624,285,0,285,909
05/13/2021,APA,CO,ANM,WE,Towers with Radar,0,86,133,5,224,0,63,316,2,381,0,149,449,7,605,801,2,803,1408
05/14/2021,APA,CO,ANM,WE,Towers with Radar,0,92,119,6,217,0,39,324,8,371,0,131,443,14,588,659,0,659,1247
05/15/2021,APA,CO,ANM,WE,Towers with Radar,0,76,95,10,181,0,24,151,6,181,0,100,246,16,362,323,0,323,685
05/16/2021,APA,CO,ANM,WE,Towers with Radar,0,107,161,6,274,0,0,9,0,9,0,107,170,6,283,4,0,4,287
05/17/2021,APA,CO,ANM,WE,Towers with Radar,0,75,126,6,207,0,20,73,1,94,0,95,199,7,301,214,0,214,515
05/18/2021,APA,CO,ANM,WE,Towers with Radar,1,101,131,6,239,0,7,36,2,45,1,108,167,8,284,144,2,146,430
05/19/2021,APA,CO,ANM,WE,Towers with Radar,0,82,141,6,229,0,67,240,1,308,0,149,381,7,537,545,5,550,1087
05/20/2021,APA,CO,ANM,WE,Towers with Radar,0,107,125,13,245,0,40,285,0,325,0,147,410,13,570,3,0,3,573
05/21/2021,APA,CO,ANM,WE,Towers with Radar,0,89,100,10,199,0,19,104,2,125,0,108,204,12,324,12,0,12,336
05/22/2021,APA,CO,ANM,WE,Towers with Radar,1,74,75,5,155,0,11,213,5,229,1,85,288,10,384,54,0,54,438
05/23/2021,APA,CO,ANM,WE,Towers with Radar,0,91,94,3,188,0,13,56,0,69,0,104,150,3,257,0,0,0,257
05/24/2021,APA,CO,ANM,WE,Towers with Radar,0,87,115,12,214,0,57,357,1,415,0,144,472,13,629,380,0,380,1009
05/25/2021,APA,CO,ANM,WE,Towers with Radar,0,89,146,8,243,0,81,323,2,406,0,170,469,10,649,427,8,435,1084
05/26/2021,APA,CO,ANM,WE,Towers with Radar,0,114,135,34,283,0,75,294,9,378,0,189,429,43,661,429,0,429,1090
05/27/2021,APA,CO,ANM,WE,Towers with Radar,0,117,154,12,283,0,42,299,16,357,0,159,453,28,640,366,14,380,1020
05/28/2021,APA,CO,ANM,WE,Towers with Radar,0,99,150,30,279,0,68,352,3,423,0,167,502,33,702,450,0,450,1152
05/29/2021,APA,CO,ANM,WE,Towers with Radar,0,46,71,2,119,0,22,244,3,269,0,68,315,5,388,326,0,326,714
05/30/2021,APA,CO,ANM,WE,Towers with Radar,0,54,44,0,98,0,0,0,0,0,0,54,44,0,98,0,0,0,98
05/31/2021,APA,CO,ANM,WE,Towers with Radar,0,89,155,0,244,0,18,54,1,73,0,107,209,1,317,107,0,107,424
06/01/2021,APA,CO,ANM,WE,Towers with Radar,0,87,126,9,222,0,54,219,3,276,0,141,345,12,498,432,0,432,930
06/02/2021,APA,CO,ANM,WE,Towers with Radar,0,80,144,6,230,0,53,308,11,372,0,133,452,17,602,604,10,614,1216
06/03/2021,APA,CO,ANM,WE,Towers with Radar,1,101,101,3,206,0,55,381,5,441,1,156,482,8,647,503,0,503,1150
06/04/2021,APA,CO,ANM,WE,Towers with Radar,0,68,133,17,218,0,79,475,14,568,0,147,608,31,786,373,10,383,1169
06/05/2021,APA,CO,ANM,WE,Towers with Radar,0,71,83,23,177,0,33,275,18,326,0,104,358,41,503,354,39,393,896
06/06/2021,APA,CO,ANM,WE,Towers with Radar,0,100,105,15,220,0,33,203,9,245,0,133,308,24,465,278,0,278,743
06/07/2021,APA,CO,ANM,WE,Towers with Radar,0,80,134,10,224,0,38,257,1,296,0,118,391,11,520,470,0,470,990
06/08/2021,APA,CO,ANM,WE,Towers with Radar,0,95,112,8,215,0,46,309,16,371,0,141,421,24,586,438,5,443,1029
06/09/2021,APA,CO,ANM,WE,Towers with Radar,0,80,144,7,231,0,52,377,2,431,0,132,521,9,662,577,0,577,1239
06/10/2021,APA,CO,ANM,WE,Towers with Radar,0,115,170,8,293,0,57,243,33,333,0,172,413,41,626,372,0,372,998
06/11/2021,APA,CO,ANM,WE,Towers with Radar,0,112,133,7,252,0,62,340,21,423,0,174,473,28,675,353,6,359,1034
06/12/2021,APA,CO,ANM,WE,Towers with Radar,0,88,118,13,219,0,51,279,1,331,0,139,397,14,550,276,0,276,826
06/13/2021,APA,CO,ANM,WE,Towers with Radar,0,87,131,9,227,0,39,260,3,302,0,126,391,12,529,319,0,319,848
06/14/2021,APA,CO,ANM,WE,Towers with Radar,0,87,151,5,243,0,61,251,5,317,0,148,402,10,560,569,3,572,1132
06/15/2021,APA,CO,ANM,WE,Towers with Radar,0,100,132,2,234,0,63,274,7,344,0,163,406,9,578,474,2,476,1054
06/16/2021,APA,CO,ANM,WE,Towers with Radar,0,96,153,4,253,0,61,248,4,313,0,157,401,8,566,373,0,373,939
06/17/2021,APA,CO,ANM,WE,Towers with Radar,1,120,162,10,293,0,53,308,4,365,1,173,470,14,658,363,2,365,1023
06/18/2021,APA,CO,ANM,WE,Towers with Radar,0,89,112,13,214,0,53,333,6,392,0,142,445,19,606,475,0,475,1081
06/19/2021,APA,CO,ANM,WE,Towers with Radar,0,62,84,3,149,0,47,346,10,403,0,109,430,13,552,419,2,421,973
06/20/2021,APA,CO,ANM,WE,Towers with Radar,0,72,107,14,193,0,33,222,6,261,0,105,329,20,454,327,0,327,781
06/21/2021,APA,CO,ANM,WE,Towers with Radar,0,77,171,11,259,0,27,182,0,209,0,104,353,11,468,732,0,732,1200
06/22/2021,APA,CO,ANM,WE,Towers with Radar,0,100,106,10,216,0,56,304,5,365,0,156,410,15,581,585,2,587,1168
06/23/2021,APA,CO,ANM,WE,Towers with Radar,0,126,143,11,280,0,61,373,3,437,0,187,516,14,717,429,0,429,1146
06/24/2021,APA,CO,ANM,WE,Towers with Radar,0,109,137,4,250,0,55,238,5,298,0,164,375,9,548,515,5,520,1068
06/25/2021,APA,CO,ANM,WE,Towers with Radar,1,97,131,9,238,0,49,259,0,308,1,146,390,9,546,423,0,423,969
06/26/2021,APA,CO,ANM,WE,Towers with Radar,0,77,103,8,188,0,11,100,5,116,0,88,203,13,304,286,3,289,593
06/27/2021,APA,CO,ANM,WE,Towers with Radar,0,90,156,4,250,0,36,155,1,192,0,126,311,5,442,348,0,348,790
06/28/2021,APA,CO,ANM,WE,Towers with Radar,0,91,112,7,210,0,39,260,2,301,0,130,372,9,511,566,0,566,1077
06/29/2021,APA,CO,ANM,WE,Towers with Radar,0,91,109,3,203,0,48,246,1,295,0,139,355,4,498,493,0,493,991
06/30/2021,APA,CO,ANM,WE,Towers with Radar,0,108,134,7,249,0,42,313,1,356,0,150,447,8,605,159,0,159,764
07/01/2021,APA,CO,ANM,WE,Towers with Radar,0,97,168,9,274,0,41,203,10,254,0,138,371,19,528,374,2,376,904
07/02/2021,APA,CO,ANM,WE,Towers with Radar,0,104,172,9,285,0,57,304,3,364,0,161,476,12,649,302,0,302,951
07/03/2021,APA,CO,ANM,WE,Towers with Radar,0,76,95,2,173,0,44,282,2,328,0,120,377,4,501,326,0,326,827
07/04/2021,APA,CO,ANM,WE,Towers with Radar,0,62,55,4,121,0,28,179,2,209,0,90,234,6,330,294,0,294,624
07/05/2021,APA,CO,ANM,WE,Towers with Radar,0,94,139,2,235,0,50,244,4,298,0,144,383,6,533,389,4,393,926
07/06/2021,APA,CO,ANM,WE,Towers with Radar,0,85,124,14,223,0,55,241,6,302,0,140,365,20,525,681,0,681,1206
07/07/2021,APA,CO,ANM,WE,Towers with Radar,0,71,130,6,207,0,63,325,1,389,0,134,455,7,596,536,0,536,1132
07/08/2021,APA,CO,ANM,WE,Towers with Radar,0,106,126,5,237,0,58,300,2,360,0,164,426,7,597,524,0,524,1121
07/09/2021,APA,CO,ANM,WE,Towers with Radar,0,79,146,9,234,0,68,369,15,452,0,147,515,24,686,391,0,391,1077
07/10/2021,APA,CO,ANM,WE,Towers with Radar,0,78,109,8,195,0,38,306,9,353,0,116,415,17,548,294,3,297,845
07/11/2021,APA,CO,ANM,WE,Towers with Radar,0,108,176,14,298,0,38,264,2,304,0,146,440,16,602,265,0,265,867
07/12/2021,APA,CO,ANM,WE,Towers with Radar,0,112,151,8,271,0,37,224,10,271,0,149,375,18,542,513,0,513,1055
07/13/2021,APA,CO,ANM,WE,Towers with Radar,0,121,153,15,289,0,23,182,3,208,0,144,335,18,497,370,0,370,867
07/14/2021,APA,CO,ANM,WE,Towers with Radar,0,136,182,8,326,0,59,270,0,329,0,195,452,8,655,399,0,399,1054
07/15/2021,APA,CO,ANM,WE,Towers with Radar,0,118,150,16,284,0,69,300,8,377,0,187,450,24,661,407,1,408,1069
07/16/2021,APA,CO,ANM,WE,Towers with Radar,1,95,149,26,271,0,48,320,11,379,1,143,469,37,650,373,10,383,1033
07/17/2021,APA,CO,ANM,WE,Towers with Radar,0,58,88,5,151,0,34,262,1,297,0,92,350,6,448,204,0,204,652
07/18/2021,APA,CO,ANM,WE,Towers with Radar,1,88,145,10,244,0,33,227,6,266,1,121,372,16,510,317,0,317,827
07/19/2021,APA,CO,ANM,WE,Towers with Radar,0,81,156,11,248,0,52,236,4,292,0,133,392,15,540,525,0,525,1065
07/20/2021,APA,CO,ANM,WE,Towers with Radar,0,107,150,6,263,0,65,258,1,324,0,172,408,7,587,454,0,454,1041
07/21/2021,APA,CO,ANM,WE,Towers with Radar,0,86,153,10,249,0,34,250,5,289,0,120,403,15,538,382,4,386,924
07/22/2021,APA,CO,ANM,WE,Towers with Radar,1,101,107,15,224,0,50,303,5,358,1,151,410,20,582,400,2,402,984
07/23/2021,APA,CO,ANM,WE,Towers with Radar,0,91,142,23,256,0,36,247,9,292,0,127,389,32,548,395,12,407,955
07/24/2021,APA,CO,ANM,WE,Towers with Radar,0,90,93,4,187,0,44,189,2,235,0,134,282,6,422,377,2,379,801
07/25/2021,APA,CO,ANM,WE,Towers with Radar,0,95,147,6,248,0,20,246,6,272,0,115,393,12,520,178,0,178,698
07/26/2021,APA,CO,ANM,WE,Towers with Radar,1,100,127,8,236,0,61,240,10,311,1,161,367,18,547,623,6,629,1176
07/27/2021,APA,CO,ANM,WE,Towers with Radar,0,114,140,9,263,0,59,296,4,359,0,173,436,13,622,555,0,555,1177
07/28/2021,APA,CO,ANM,WE,Towers with Radar,0,101,151,16,268,0,42,244,6,292,0,143,395,22,560,401,4,405,965
07/29/2021,APA,CO,ANM,WE,Towers with Radar,0,107,145,13,265,0,71,240,6,317,0,178,385,19,582,481,4,485,1067
07/30/2021,APA,CO,ANM,WE,Towers with Radar,0,98,161,14,273,0,50,304,5,359,0,148,465,19,632,212,0,212,844
07/31/2021,APA,CO,ANM,WE,Towers with Radar,0,80,124,3,207,0,16,96,1,113,0,96,220,4,320,159,0,159,479
08/01/2021,APA,CO,ANM,WE,Towers with Radar,0,107,166,2,275,1,19,100,0,120,1,126,266,2,395,358,0,358,753
08/02/2021,APA,CO,ANM,WE,Towers with Radar,0,139,165,5,309,0,67,215,1,283,0,206,380,6,592,329,0,329,921
08/03/2021,APA,CO,ANM,WE,Towers with Radar,0,101,110,6,217,0,52,255,1,308,0,153,365,7,525,463,0,463,988
08/04/2021,APA,CO,ANM,WE,Towers with Radar,0,111,141,10,262,0,56,263,10,329,0,167,404,20,591,544,4,548,1139
08/05/2021,APA,CO,ANM,WE,Towers with Radar,0,102,169,10,281,0,79,476,7,562,0,181,645,17,843,598,0,598,1441
08/06/2021,APA,CO,ANM,WE,Towers with Radar,0,108,156,11,275,0,65,183,3,251,0,173,339,14,526,309,0,309,835
08/07/2021,APA,CO,ANM,WE,Towers with Radar,0,92,127,13,232,0,30,188,0,218,0,122,315,13,450,213,0,213,663
08/08/2021,APA,CO,ANM,WE,Towers with Radar,0,133,159,10,302,0,36,105,5,146,0,169,264,15,448,174,0,174,622
08/09/2021,APA,CO,ANM,WE,Towers with Radar,0,133,160,4,297,0,67,185,4,256,0,200,345,8,553,341,0,341,894
08/10/2021,APA,CO,ANM,WE,Towers with Radar,0,102,128,15,245,0,54,221,4,279,0,156,349,19,524,345,0,345,869
08/11/2021,APA,CO,ANM,WE,Towers with Radar,0,115,175,9,299,0,74,287,4,365,0,189,462,13,664,498,0,498,1162
08/12/2021,APA,CO,ANM,WE,Towers with Radar,0,104,147,8,259,0,61,291,20,372,0,165,438,28,631,419,14,433,1064
08/13/2021,APA,CO,ANM,WE,Towers with Radar,0,102,151,14,267,0,41,326,3,370,0,143,477,17,637,164,6,170,807
08/14/2021,APA,CO,ANM,WE,Towers with Radar,0,74,102,7,183,0,29,218,2,249,0,103,320,9,432,240,2,242,674
08/15/2021,APA,CO,ANM,WE,Towers with Radar,0,115,149,8,272,0,26,262,3,291,0,141,411,11,563,282,0,282,845
08/16/2021,APA,CO,ANM,WE,Towers with Radar,0,100,149,12,261,2,54,242,3,301,2,154,391,15,562,503,0,503,1065
08/17/2021,APA,CO,ANM,WE,Towers with Radar,0,113,133,12,258,0,60,230,0,290,0,173,363,12,548,354,0,354,902
08/18/2021,APA,CO,ANM,WE,Towers with Radar,0,110,164,18,292,0,50,245,6,301,0,160,409,24,593,407,10,417,1010
08/19/2021,APA,CO,ANM,WE,Towers with Radar,0,125,168,10,303,0,28,127,3,158,0,153,295,13,461,332,0,332,793
08/20/2021,APA,CO,ANM,WE,Towers with Radar,0,89,148,11,248,0,63,258,15,336,0,152,406,26,584,547,2,549,1133
08/21/2021,APA,CO,ANM,WE,Towers with Radar,0,79,91,5,175,0,32,195,2,229,0,111,286,7,404,163,4,167,571
08/22/2021,APA,CO,ANM,WE,Towers with Radar,0,90,138,10,238,0,69,274,1,344,0,159,412,11,582,440,0,440,1022
08/23/2021,APA,CO,ANM,WE,Towers with Radar,1,85,132,9,227,0,49,252,2,303,1,134,384,11,530,641,0,641,1171
08/24/2021,APA,CO,ANM,WE,Towers with Radar,0,101,137,8,246,0,58,303,2,363,0,159,440,10,609,485,0,485,1094
08/25/2021,APA,CO,ANM,WE,Towers with Radar,0,89,150,6,245,0,56,302,2,360,0,145,452,8,605,451,0,451,1056
08/26/2021,APA,CO,ANM,WE,Towers with Radar,1,119,133,15,268,0,53,210,5,268,1,172,343,20,536,442,0,442,978
08/27/2021,APA,CO,ANM,WE,Towers with Radar,0,94,150,25,269,0,56,283,13,352,0,150,433,38,621,378,13,391,1012
08/28/2021,APA,CO,ANM,WE,Towers with Radar,0,60,81,13,154,0,47,296,7,350,0,107,377,20,504,262,2,264,768
08/29/2021,APA,CO,ANM,WE,Towers with Radar,0,77,131,22,230,0,36,199,16,251,0,113,330,38,481,397,0,397,878
08/30/2021,APA,CO,ANM,WE,Towers with Radar,0,91,129,10,230,0,52,256,6,314,0,143,385,16,544,518,2,520,1064
08/31/2021,APA,CO,ANM,WE,Towers with Radar,0,90,141,12,243,0,51,213,3,267,0,141,354,15,510,467,0,467,977
09/01/2021,APA,CO,ANM,WE,Towers with Radar,0,104,136,8,248,0,48,166,1,215,0,152,302,9,463,369,0,369,832
09/02/2021,APA,CO,ANM,WE,Towers with Radar,0,114,124,13,251,0,97,225,2,324,0,211,349,15,575,609,0,609,1184
09/03/2021,APA,CO,ANM,WE,Towers with Radar,0,98,141,4,243,0,44,192,0,236,0,142,333,4,479,338,0,338,817
09/04/2021,APA,CO,ANM,WE,Towers with Radar,0,62,75,2,139,0,28,324,2,354,0,90,399,4,493,407,0,407,900
09/05/2021,APA,CO,ANM,WE,Towers with Radar,0,57,78,4,139,0,38,257,3,298,0,95,335,7,437,454,0,454,891
09/06/2021,APA,CO,ANM,WE,Towers with Radar,0,98,171,5,274,0,44,321,0,365,0,142,492,5,639,617,0,617,1256
09/07/2021,APA,CO,ANM,WE,Towers with Radar,0,118,145,7,270,0,64,318,12,394,0,182,463,19,664,720,0,720,1384
09/08/2021,APA,CO,ANM,WE,Towers with Radar,0,96,104,7,207,0,88,317,3,408,0,184,421,10,615,550,0,550,1165
09/09/2021,APA,CO,ANM,WE,Towers with Radar,0,106,152,10,268,0,77,256,2,335,0,183,408,12,603,620,0,620,1223
09/10/2021,APA,CO,ANM,WE,Towers with Radar,0,104,142,6,252,0,77,265,7,349,0,181,407,13,601,370,0,370,971
09/11/2021,APA,CO,ANM,WE,Towers with Radar,0,98,88,12,198,0,44,226,4,274,0,142,314,16,472,346,0,346,818
09/12/2021,APA,CO,ANM,WE,Towers with Radar,0,117,185,12,314,0,25,188,0,213,0,142,373,12,527,133,0,133,660
09/13/2021,APA,CO,ANM,WE,Towers with Radar,0,84,107,8,199,0,35,198,1,234,0,119,305,9,433,433,0,433,866
09/14/2021,APA,CO,ANM,WE,Towers with Radar,0,111,121,5,237,0,56,201,1,258,0,167,322,6,495,307,0,307,802
09/15/2021,APA,CO,ANM,WE,Towers with Radar,0,116,169,4,289,0,69,320,12,401,0,185,489,16,690,474,0,474,1164
09/16/2021,APA,CO,ANM,WE,Towers with Radar,0,104,136,2,242,0,102,279,4,385,0,206,415,6,627,350,2,352,979
09/17/2021,APA,CO,ANM,WE,Towers with Radar,0,115,184,5,304,0,42,214,2,258,0,157,398,7,562,502,6,508,1070
09/18/2021,APA,CO,ANM,WE,Towers with Radar,1,72,97,2,172,0,46,248,2,296,1,118,345,4,468,405,2,407,875
09/19/2021,APA,CO,ANM,WE,Towers with Radar,0,91,134,3,228,0,31,212,0,243,0,122,346,3,471,252,0,252,723
09/20/2021,APA,CO,ANM,WE,Towers with Radar,0,99,137,6,242,0,68,171,4,243,0,167,308,10,485,473,0,473,958
09/21/2021,APA,CO,ANM,WE,Towers with Radar,1,88,141,2,232,0,84,323,7,414,1,172,464,9,646,707,2,709,1355
09/22/2021,APA,CO,ANM,WE,Towers with Radar,0,88,162,8,258,0,62,350,2,414,0,150,512,10,672,613,0,613,1285
09/23/2021,APA,CO,ANM,WE,Towers with Radar,1,122,176,5,304,0,87,311,4,402,1,209,487,9,706,619,0,619,1325
09/24/2021,APA,CO,ANM,WE,Towers with Radar,0,88,116,6,210,0,93,376,11,480,0,181,492,17,690,444,0,444,1134
09/25/2021,APA,CO,ANM,WE,Towers with Radar,0,66,107,1,174,0,62,347,1,410,0,128,454,2,584,407,0,407,991
09/26/2021,APA,CO,ANM,WE,Towers with Radar,0,96,161,4,261,0,28,230,0,258,0,124,391,4,519,367,0,367,886
09/27/2021,APA,CO,ANM,WE,Towers with Radar,0,96,128,8,232,0,41,199,13,253,0,137,327,21,485,259,0,259,744
09/28/2021,APA,CO,ANM,WE,Towers with Radar,0,78,128,3,209,0,49,213,11,273,0,127,341,14,482,315,1,316,798
09/29/2021,APA,CO,ANM,WE,Towers with Radar,0,92,129,5,226,0,45,156,3,204,0,137,285,8,430,326,0,326,756
09/30/2021,APA,CO,ANM,WE,Towers with Radar,0,104,168,6,278,0,35,162,2,199,0,139,330,8,477,757,0,757,1234
10/01/2021,APA,CO,ANM,WE,Towers with Radar,0,120,170,18,308,0,38,250,2,290,0,158,420,20,598,542,8,550,1148
10/02/2021,APA,CO,ANM,WE,Towers with Radar,0,69,94,2,165,0,46,275,0,321,0,115,369,2,486,552,0,552,1038
10/03/2021,APA,CO,ANM,WE,Towers with Radar,0,109,140,5,254,0,50,207,11,268,0,159,347,16,522,390,0,390,912
10/04/2021,APA,CO,ANM,WE,Towers with Radar,0,107,128,4,239,0,35,236,0,271,0,142,364,4,510,529,0,529,1039
10/05/2021,APA,CO,ANM,WE,Towers with Radar,1,91,130,7,229,0,42,229,0,271,1,133,359,7,500,411,0,411,911
10/06/2021,APA,CO,ANM,WE,Towers with Radar,0,98,125,9,232,0,48,266,0,314,0,146,391,9,546,344,0,344,890
10/07/2021,APA,CO,ANM,WE,Towers with Radar,0,104,132,3,239,0,71,315,2,388,0,175,447,5,627,605,2,607,1234
10/08/2021,APA,CO,ANM,WE,Towers with Radar,0,75,168,5,248,0,43,234,4,281,0,118,402,9,529,384,5,389,918
10/09/2021,APA,CO,ANM,WE,Towers with Radar,1,63,72,4,140,0,13,77,0,90,1,76,149,4,230,175,0,175,405
10/10/2021,APA,CO,ANM,WE,Towers with Radar,0,71,107,1,179,0,34,238,2,274,0,105,345,3,453,410,0,410,863
10/11/2021,APA,CO,ANM,WE,Towers with Radar,0,84,133,0,217,0,49,153,1,203,0,133,286,1,420,235,0,235,655
10/12/2021,APA,CO,ANM,WE,Towers with Radar,0,105,116,5,226,0,24,105,1,130,0,129,221,6,356,292,0,292,648
10/13/2021,APA,CO,ANM,WE,Towers with Radar,0,111,153,4,268,0,48,217,1,266,0,159,370,5,534,408,0,408,942
10/14/2021,APA,CO,ANM,WE,Towers with Radar,0,106,156,13,275,0,66,202,9,277,0,172,358,22,552,328,3,331,883
10/15/2021,APA,CO,ANM,WE,Towers with Radar,0,106,143,13,262,0,52,148,7,207,0,158,291,20,469,137,0,137,606
10/16/2021,APA,CO,ANM,WE,Towers with Radar,0,88,79,5,172,0,94,332,10,436,0,182,411,15,608,230,0,230,838
10/17/2021,APA,CO,ANM,WE,Towers with Radar,0,112,156,8,276,0,44,238,2,284,0,156,394,10,560,384,0,384,944
10/18/2021,APA,CO,ANM,WE,Towers with Radar,0,111,114,11,236,0,54,217,4,275,0,165,331,15,511,383,0,383,894
10/19/2021,APA,CO,ANM,WE,Towers with Radar,0,105,133,5,243,0,55,108,1,164,0,160,241,6,407,300,0,300,707
10/20/2021,APA,CO,ANM,WE,Towers with Radar,0,88,144,9,241,0,69,302,4,375,0,157,446,13,616,448,0,448,1064
10/21/2021,APA,CO,ANM,WE,Towers with Radar,0,98,152,9,259,0,59,331,10,400,0,157,483,19,659,605,0,605,1264
10/22/2021,APA,CO,ANM,WE,Towers with Radar,0,84,153,9,246,0,50,269,7,326,0,134,422,16,572,459,0,459,1031
10/23/2021,APA,CO,ANM,WE,Towers with Radar,0,78,83,5,166,0,44,250,2,296,0,122,333,7,462,374,0,374,836
10/24/2021,APA,CO,ANM,WE,Towers with Radar,0,84,167,3,254,0,18,224,0,242,0,102,391,3,496,363,0,363,859
10/25/2021,APA,CO,ANM,WE,Towers with Radar,0,100,139,2,241,0,57,176,4,237,0,157,315,6,478,319,0,319,797
10/26/2021,APA,CO,ANM,WE,Towers with Radar,0,97,107,7,211,0,17,33,2,52,0,114,140,9,263,35,0,35,298
10/27/2021,APA,CO,ANM,WE,Towers with Radar,0,107,117,11,235,0,53,92,6,151,0,160,209,17,386,106,0,106,492
10/28/2021,APA,CO,ANM,WE,Towers with Radar,0,83,134,5,222,0,61,325,6,392,0,144,459,11,614,640,0,640,1254
10/29/2021,APA,CO,ANM,WE,Towers with Radar,0,82,108,12,202,0,68,319,4,391,0,150,427,16,593,594,0,594,1187
10/30/2021,APA,CO,ANM,WE,Towers with Radar,0,79,90,5,174,0,49,257,5,311,0,128,347,10,485,430,0,430,915
10/31/2021,APA,CO,ANM,WE,Towers with Radar,0,74,116,3,193,0,15,40,0,55,0,89,156,3,248,268,0,268,516
11/01/2021,APA,CO,ANM,WE,Towers with Radar,0,95,106,6,207,0,2,15,0,17,0,97,121,6,224,0,0,0,224
11/02/2021,APA,CO,ANM,WE,Towers with Radar,0,88,119,3,210,0,3,10,0,13,0,91,129,3,223,101,0,101,324
11/03/2021,APA,CO,ANM,WE,Towers with Radar,0,87,133,8,228,0,65,264,4,333,0,152,397,12,561,598,0,598,1159
11/04/2021,APA,CO,ANM,WE,Towers with Radar,0,79,139,4,222,0,66,289,9,364,0,145,428,13,586,560,2,562,1148
11/05/2021,APA,CO,ANM,WE,Towers with Radar,0,71,130,18,219,0,71,291,7,369,0,142,421,25,588,574,2,576,1164
11/06/2021,APA,CO,ANM,WE,Towers with Radar,0,57,84,4,145,0,39,313,1,353,0,96,397,5,498,325,0,325,823
11/07/2021,APA,CO,ANM,WE,Towers with Radar,0,96,115,5,216,0,54,263,6,323,0,150,378,11,539,400,0,400,939
11/08/2021,APA,CO,ANM,WE,Towers with Radar,0,85,118,6,209,0,63,214,2,279,0,148,332,8,488,567,0,567,1055
11/09/2021,APA,CO,ANM,WE,Towers with Radar,0,83,126,11,220,0,60,235,2,297,0,143,361,13,517,599,0,599,1116
11/10/2021,APA,CO,ANM,WE,Towers with Radar,0,79,147,2,228,0,20,71,4,95,0,99,218,6,323,73,0,73,396
11/11/2021,APA,CO,ANM,WE,Towers with Radar,0,90,113,4,207,0,40,138,2,180,0,130,251,6,387,159,0,159,546
11/12/2021,APA,CO,ANM,WE,Towers with Radar,0,94,137,10,241,0,58,237,0,295,0,152,374,10,536,384,0,384,920
11/13/2021,APA,CO,ANM,WE,Towers with Radar,0,67,87,6,160,0,21,85,3,109,0,88,172,9,269,144,0,144,413
11/14/2021,APA,CO,ANM,WE,Towers with Radar,0,76,124,9,209,0,32,157,9,198,0,108,281,18,407,404,0,404,811
11/15/2021,APA,CO,ANM,WE,Towers with Radar,0,80,161,20,261,0,51,243,13,307,0,131,404,33,568,413,4,417,985
11/16/2021,APA,CO,ANM,WE,Towers with Radar,0,92,146,8,246,0,39,128,4,171,0,131,274,12,417,269,0,269,686
11/17/2021,APA,CO,ANM,WE,Towers with Radar,0,96,138,5,239,0,64,243,13,320,0,160,381,18,559,424,4,428,987
11/18/2021,APA,CO,ANM,WE,Towers with Radar,0,105,128,6,239,0,63,316,3,382,0,168,444,9,621,557,2,559,1180
11/19/2021,APA,CO,ANM,WE,Towers with Radar,0,104,159,14,277,0,42,266,4,312,0,146,425,18,589,303,2,305,894
11/20/2021,APA,CO,ANM,WE,Towers with Radar,0,95,126,1,222,0,29,190,4,223,0,124,316,5,445,335,2,337,782
11/21/2021,APA,CO,ANM,WE,Towers with Radar,0,64,118,2,184,1,35,269,6,311,1,99,387,8,495,389,0,389,884
11/22/2021,APA,CO,ANM,WE,Towers with Radar,0,104,109,6,219,0,60,320,6,386,0,164,429,12,605,505,0,505,1110
11/23/2021,APA,CO,ANM,WE,Towers with Radar,0,124,136,0,260,0,51,242,9,302,0,175,378,9,562,439,0,439,1001
11/24/2021,APA,CO,ANM,WE,Towers with Radar,0,104,136,0,240,0,21,58,8,87,0,125,194,8,327,143,0,143,470
11/25/2021,APA,CO,ANM,WE,Towers with Radar,0,51,26,0,77,0,29,106,0,135,0,80,132,0,212,180,0,180,392
11/26/2021,APA,CO,ANM,WE,Towers with Radar,0,56,58,2,116,0,45,215,2,262,0,101,273,4,378,429,2,431,809
11/27/2021,APA,CO,ANM,WE,Towers with Radar,0,103,128,0,231,0,30,240,6,276,0,133,368,6,507,299,0,299,806
11/28/2021,APA,CO,ANM,WE,Towers with Radar,0,109,201,1,311,0,51,292,3,346,0,160,493,4,657,326,0,326,983
11/29/2021,APA,CO,ANM,WE,Towers with Radar,0,103,121,4,228,0,60,276,7,343,0,163,397,11,571,489,0,489,1060
11/30/2021,APA,CO,ANM,WE,Towers with Radar,0,105,151,7,263,0,82,304,7,393,0,187,455,14,656,546,0,546,1202
12/01/2021,APA,CO,ANM,WE,Towers with Radar,0,79,140,4,223,0,78,288,10,376,0,157,428,14,599,534,4,538,1137
12/02/2021,APA,CO,ANM,WE,Towers with Radar,0,92,168,9,269,0,96,373,8,477,0,188,541,17,746,583,2,585,1331
12/03/2021,APA,CO,ANM,WE,Towers with Radar,0,79,131,19,229,0,48,207,4,259,0,127,338,23,488,498,0,498,986
12/04/2021,APA,CO,ANM,WE,Towers with Radar,0,76,94,6,176,0,40,417,7,464,0,116,511,13,640,390,0,390,1030
12/05/2021,APA,CO,ANM,WE,Towers with Radar,0,65,106,9,180,0,10,64,3,77,0,75,170,12,257,6,0,6,263
12/06/2021,APA,CO,ANM,WE,Towers with Radar,0,109,113,7,229,0,74,251,2,327,0,183,364,9,556,604,0,604,1160
12/07/2021,APA,CO,ANM,WE,Towers with Radar,0,89,125,6,220,0,50,257,6,313,0,139,382,12,533,460,0,460,993
12/08/2021,APA,CO,ANM,WE,Towers with Radar,0,108,120,11,239,0,39,315,12,366,0,147,435,23,605,448,4,452,1057
12/09/2021,APA,CO,ANM,WE,Towers with Radar,0,101,155,2,258,0,54,213,7,274,0,155,368,9,532,323,0,323,855
12/10/2021,APA,CO,ANM,WE,Towers with Radar,0,73,114,2,189,0,11,12,0,23,0,84,126,2,212,38,0,38,250
12/11/2021,APA,CO,ANM,WE,Towers with Radar,0,74,82,2,158,0,52,251,7,310,0,126,333,9,468,370,2,372,840
12/12/2021,APA,CO,ANM,WE,Towers with Radar,0,90,106,0,196,0,14,180,0,194,0,104,286,0,390,252,0,252,642
12/13/2021,APA,CO,ANM,WE,Towers with Radar,0,94,96,5,195,0,56,287,5,348,0,150,383,10,543,437,0,437,980
12/14/2021,APA,CO,ANM,WE,Towers with Radar,0,86,123,5,214,0,42,126,12,180,0,128,249,17,394,175,4,179,573
12/15/2021,APA,CO,ANM,WE,Towers with Radar,0,60,88,2,150,0,2,5,2,9,0,62,93,4,159,2,0,2,161
12/16/2021,APA,CO,ANM,WE,Towers with Radar,0,98,165,4,267,0,66,250,1,317,0,164,415,5,584,418,0,418,1002
12/17/2021,APA,CO,ANM,WE,Towers with Radar,0,101,146,12,259,0,69,296,3,368,0,170,442,15,627,553,0,553,1180
12/18/2021,APA,CO,ANM,WE,Towers with Radar,0,83,135,0,218,0,47,293,9,349,0,130,428,9,567,310,4,314,881
12/19/2021,APA,CO,ANM,WE,Towers with Radar,0,80,143,2,225,0,60,245,1,306,0,140,388,3,531,553,0,553,1084
12/20/2021,APA,CO,ANM,WE,Towers with Radar,0,84,131,0,215,0,59,324,2,385,0,143,455,2,600,643,0,643,1243
12/21/2021,APA,CO,ANM,WE,Towers with Radar,0,98,145,0,243,0,28,220,6,254,0,126,365,6,497,322,0,322,819
12/22/2021,APA,CO,ANM,WE,Towers with Radar,0,97,129,0,226,0,31,222,2,255,0,128,351,2,481,473,0,473,954
12/23/2021,APA,CO,ANM,WE,Towers with Radar,0,79,120,2,201,0,30,183,2,215,0,109,303,4,416,287,0,287,703
12/24/2021,APA,CO,ANM,WE,Towers with Radar,0,72,58,0,130,0,16,71,0,87,0,88,129,0,217,184,0,184,401
12/25/2021,APA,CO,ANM,WE,Towers with Radar,0,77,33,0,110,0,5,48,0,53,0,82,81,0,163,29,0,29,192
12/26/2021,APA,CO,ANM,WE,Towers with Radar,0,103,158,0,261,0,7,38,0,45,0,110,196,0,306,6,0,6,312
12/27/2021,APA,CO,ANM,WE,Towers with Radar,0,110,182,2,294,0,17,145,3,165,0,127,327,5,459,135,0,135,594
12/28/2021,APA,CO,ANM,WE,Towers with Radar,0,140,141,0,281,0,34,201,1,236,0,174,342,1,517,334,0,334,851
12/29/2021,APA,CO,ANM,WE,Towers with Radar,0,120,125,2,247,0,24,252,0,276,0,144,377,2,523,332,0,332,855
12/30/2021,APA,CO,ANM,WE,Towers with Radar,0,99,127,7,233,0,13,31,1,45,0,112,158,8,278,11,0,11,289
12/31/2021,APA,CO,ANM,WE,Towers with Radar,0,99,79,2,180,0,10,73,0,83,0,109,152,2,263,279,0,279,542
01/01/2022,APA,CO,ANM,WE,Towers with Radar,0,67,66,0,133,0,0,3,0,3,0,67,69,0,136,0,0,0,136
01/02/2022,APA,CO,ANM,WE,Towers with Radar,0,119,192,2,313,0,10,101,0,111,0,129,293,2,424,44,0,44,468
01/03/2022,APA,CO,ANM,WE,Towers with Radar,0,90,149,0,239,0,33,238,5,276,0,123,387,5,515,317,2,319,834
01/04/2022,APA,CO,ANM,WE,Towers with Radar,0,82,103,5,190,0,19,54,5,78,0,101,157,10,268,126,0,126,394
01/05/2022,APA,CO,ANM,WE,Towers with Radar,0,73,92,2,167,0,22,66,0,88,0,95,158,2,255,150,0,150,405
01/06/2022,APA,CO,ANM,WE,Towers with Radar,0,99,69,4,172,0,31,67,1,99,0,130,136,5,271,150,0,150,421
01/07/2022,APA,CO,ANM,WE,Towers with Radar,0,96,126,5,227,0,43,139,9,191,0,139,265,14,418,220,0,220,638
01/08/2022,APA,CO,ANM,WE,Towers with Radar,0,93,93,4,190,0,22,158,0,180,0,115,251,4,370,169,52,221,591
01/09/2022,APA,CO,ANM,WE,Towers with Radar,0,79,125,3,207,0,18,235,2,255,0,97,360,5,462,221,0,221,683
01/10/2022,APA,CO,ANM,WE,Towers with Radar,0,65,99,7,171,0,45,268,12,325,0,110,367,19,496,546,0,546,1042
01/11/2022,APA,CO,ANM,WE,Towers with Radar,0,85,82,0,167,0,66,293,1,360,0,151,375,1,527,588,0,588,1115
01/12/2022,APA,CO,ANM,WE,Towers with Radar,0,80,113,6,199,0,62,320,2,384,0,142,433,8,583,601,0,601,1184
01/13/2022,APA,CO,ANM,WE,Towers with Radar,0,83,159,5,247,0,51,326,6,383,0,134,485,11,630,473,0,473,1103
01/14/2022,APA,CO,ANM,WE,Towers with Radar,0,88,112,0,200,0,19,34,2,55,0,107,146,2,255,54,0,54,309
01/15/2022,APA,CO,ANM,WE,Towers with Radar,0,73,72,3,148,0,47,203,1,251,0,120,275,4,399,314,0,314,713
01/16/2022,APA,CO,ANM,WE,Towers with Radar,0,48,90,1,139,0,40,237,2,279,0,88,327,3,418,429,8,437,855
01/17/2022,APA,CO,ANM,WE,Towers with Radar,0,90,153,8,251,0,40,307,1,348,0,130,460,9,599,315,0,315,914
01/18/2022,APA,CO,ANM,WE,Towers with Radar,0,76,112,7,195,0,61,230,4,295,0,137,342,11,490,563,0,563,1053
01/19/2022,APA,CO,ANM,WE,Towers with Radar,0,61,79,1,141,0,0,1,0,1,0,61,80,1,142,0,0,0,142
01/20/2022,APA,CO,ANM,WE,Towers with Radar,0,107,139,8,254,0,44,182,7,233,0,151,321,15,487,590,0,590,1077
01/21/2022,APA,CO,ANM,WE,Towers with Radar,0,67,101,5,173,0,8,39,1,48,0,75,140,6,221,156,0,156,377
01/22/2022,APA,CO,ANM,WE,Towers with Radar,0,64,72,12,148,88,54,97,0,239,88,118,169,12,387,232,0,232,619
01/23/2022,APA,CO,ANM,WE,Towers with Radar,0,75,120,3,198,0,43,252,3,298,0,118,372,6,496,473,0,473,969
01/24/2022,APA,CO,ANM,WE,Towers with Radar,0,86,121,9,216,0,24,238,1,263,0,110,359,10,479,454,0,454,933
01/25/2022,APA,CO,ANM,WE,Towers with Radar,0,77,80,0,157,0,3,4,0,7,0,80,84,0,164,0,0,0,164
01/26/2022,APA,CO,ANM,WE,Towers with Radar,0,96,138,4,238,0,33,222,1,256,0,129,360,5,494,218,0,218,712
01/27/2022,APA,CO,ANM,WE,Towers with Radar,0,102,93,1,196,0,8,14,0,22,0,110,107,1,218,76,0,76,294
01/28/2022,APA,CO,ANM,WE,Towers with Radar,0,79,139,3,221,0,73,287,6,366,0,152,426,9,587,424,12,436,1023
01/29/2022,APA,CO,ANM,WE,Towers with Radar,0,50,93,0,143,0,44,319,5,368,0,94,412,5,511,343,3,346,857
01/30/2022,APA,CO,ANM,WE,Towers with Radar,0,81,125,1,207,0,40,265,5,310,0,121,390,6,517,403,1,404,921
01/31/2022,APA,CO,ANM,WE,Towers with Radar,0,63,98,5,166,0,44,193,6,243,0,107,291,11,409,541,0,541,950
02/01/2022,APA,CO,ANM,WE,Towers with Radar,0,92,85,2,179,0,34,98,3,135,0,126,183,5,314,327,2,329,643
02/02/2022,APA,CO,ANM,WE,Towers with Radar,0,69,64,0,133,0,0,0,0,0,0,69,64,0,133,0,0,0,133
02/03/2022,APA,CO,ANM,WE,Towers with Radar,0,98,114,1,213,0,54,128,2,184,0,152,242,3,397,203,0,203,600
02/04/2022,APA,CO,ANM,WE,Towers with Radar,0,85,133,5,223,0,61,231,7,299,0,146,364,12,522,556,0,556,1078
02/05/2022,APA,CO,ANM,WE,Towers with Radar,0,71,69,0,140,0,30,205,3,238,0,101,274,3,378,280,0,280,658
02/06/2022,APA,CO,ANM,WE,Towers with Radar,0,92,129,3,224,0,41,255,4,300,0,133,384,7,524,497,2,499,1023
02/07/2022,APA,CO,ANM,WE,Towers with Radar,0,70,138,4,212,0,51,286,5,342,0,121,424,9,554,573,2,575,1129
02/08/2022,APA,CO,ANM,WE,Towers with Radar,0,82,106,9,197,0,31,205,2,238,0,113,311,11,435,362,2,364,799
02/09/2022,APA,CO,ANM,WE,Towers with Radar,0,96,168,5,269,0,57,214,7,278,0,153,382,12,547,484,0,484,1031
02/10/2022,APA,CO,ANM,WE,Towers with Radar,0,107,150,3,260,0,75,321,8,404,0,182,471,11,664,370,0,370,1034
02/11/2022,APA,CO,ANM,WE,Towers with Radar,0,77,103,4,184,2,12,26,2,42,2,89,129,6,226,167,0,167,393
02/12/2022,APA,CO,ANM,WE,Towers with Radar,0,76,85,2,163,0,36,172,1,209,0,112,257,3,372,53,2,55,427
02/13/2022,APA,CO,ANM,WE,Towers with Radar,0,71,87,0,158,10,43,252,1,306,10,114,339,1,464,394,0,394,858
02/14/2022,APA,CO,ANM,WE,Towers with Radar,0,86,115,7,208,0,64,279,8,351,0,150,394,15,559,531,0,531,1090
02/15/2022,APA,CO,ANM,WE,Towers with Radar,0,85,127,6,218,0,73,314,4,391,0,158,441,10,609,614,0,614,1223
02/16/2022,APA,CO,ANM,WE,Towers with Radar,0,83,103,0,186,0,7,37,2,46,0,90,140,2,232,55,0,55,287
02/17/2022,APA,CO,ANM,WE,Towers with Radar,0,126,174,2,302,0,84,221,2,307,0,210,395,4,609,407,0,407,1016
02/18/2022,APA,CO,ANM,WE,Towers with Radar,0,89,156,6,251,0,65,341,6,412,0,154,497,12,663,499,12,511,1174
02/19/2022,APA,CO,ANM,WE,Towers with Radar,0,54,78,0,132,0,60,408,5,473,0,114,486,5,605,344,6,350,955
02/20/2022,APA,CO,ANM,WE,Towers with Radar,0,77,124,4,205,0,39,257,3,299,0,116,381,7,504,442,2,444,948
02/21/2022,APA,CO,ANM,WE,Towers with Radar,0,108,173,1,282,0,19,121,1,141,0,127,294,2,423,164,0,164,587
02/22/2022,APA,CO,ANM,WE,Towers with Radar,0,85,101,2,188,0,1,1,1,3,0,86,102,3,191,0,0,0,191
02/23/2022,APA,CO,ANM,WE,Towers with Radar,0,101,113,0,214,0,6,18,0,24,0,107,131,0,238,43,0,43,281
02/24/2022,APA,CO,ANM,WE,Towers with Radar,0,85,127,7,219,0,67,136,5,208,0,152,263,12,427,392,2,394,821
02/25/2022,APA,CO,ANM,WE,Towers with Radar,0,93,168,15,276,0,81,223,6,310,0,174,391,21,586,370,0,370,956
02/26/2022,APA,CO,ANM,WE,Towers with Radar,0,76,116,2,194,0,43,283,0,326,0,119,399,2,520,591,0,591,1111
02/27/2022,APA,CO,ANM,WE,Towers with Radar,0,93,153,4,250,0,58,302,5,365,0,151,455,9,615,523,4,527,1142
02/28/2022,APA,CO,ANM,WE,Towers with Radar,0,69,137,4,210,0,46,291,12,349,0,115,428,16,559,622,2,624,1183
03/01/2022,APA,CO,ANM,WE,Towers with Radar,0,81,134,6,221,0,56,238,11,305,0,137,372,17,526,589,0,589,1115
03/02/2022,APA,CO,ANM,WE,Towers with Radar,0,88,140,3,231,0,48,315,2,365,0,136,455,5,596,626,21,647,1243
03/03/2022,APA,CO,ANM,WE,Towers with Radar,0,92,159,9,260,0,84,357,7,448,0,176,516,16,708,604,2,606,1314
03/04/2022,APA,CO,ANM,WE,Towers with Radar,0,96,180,3,279,0,54,219,0,273,0,150,399,3,552,361,0,361,913
03/05/2022,APA,CO,ANM,WE,Towers with Radar,0,75,83,0,158,0,1,3,0,4,0,76,86,0,162,0,0,0,162
03/06/2022,APA,CO,ANM,WE,Towers with Radar,0,76,100,0,176,0,0,0,0,0,0,76,100,0,176,0,0,0,176
03/07/2022,APA,CO,ANM,WE,Towers with Radar,0,99,125,4,228,0,33,122,3,158,0,132,247,7,386,416,0,416,802
03/08/2022,APA,CO,ANM,WE,Towers with Radar,0,112,162,4,278,0,64,315,3,382,0,176,477,7,660,405,6,411,1071
03/09/2022,APA,CO,ANM,WE,Towers with Radar,0,92,119,2,213,0,2,0,0,2,0,94,119,2,215,0,0,0,215
03/10/2022,APA,CO,ANM,WE,Towers with Radar,0,88,133,3,224,0,12,31,0,43,0,100,164,3,267,139,2,141,408
03/11/2022,APA,CO,ANM,WE,Towers with Radar,1,94,166,9,270,0,74,266,3,343,1,168,432,12,613,405,0,405,1018
03/12/2022,APA,CO,ANM,WE,Towers with Radar,0,77,143,2,222,0,32,219,2,253,0,109,362,4,475,155,0,155,630
03/13/2022,APA,CO,ANM,WE,Towers with Radar,0,64,138,3,205,0,44,305,1,350,0,108,443,4,555,332,0,332,887
03/14/2022,APA,CO,ANM,WE,Towers with Radar,0,88,112,9,209,0,73,227,4,304,0,161,339,13,513,453,0,453,966
03/15/2022,APA,CO,ANM,WE,Towers with Radar,0,80,156,3,239,0,67,407,4,478,0,147,563,7,717,592,0,592,1309
03/16/2022,APA,CO,ANM,WE,Towers with Radar,0,96,155,6,257,0,34,170,4,208,0,130,325,10,465,457,4,461,926
03/17/2022,APA,CO,ANM,WE,Towers with Radar,0,85,107,4,196,0,2,7,0,9,0,87,114,4,205,19,0,19,224
03/18/2022,APA,CO,ANM,WE,Towers with Radar,0,101,156,8,265,0,77,283,1,361,0,178,439,9,626,567,0,567,1193
03/19/2022,APA,CO,ANM,WE,Towers with Radar,0,79,162,2,243,0,44,381,1,426,0,123,543,3,669,502,0,502,1171
03/20/2022,APA,CO,ANM,WE,Towers with Radar,0,93,181,9,283,0,22,130,0,152,0,115,311,9,435,195,0,195,630
03/21/2022,APA,CO,ANM,WE,Towers with Radar,0,86,83,6,175,0,3,5,0,8,0,89,88,6,183,44,0,44,227
03/22/2022,APA,CO,ANM,WE,Towers with Radar,0,96,110,0,206,0,19,29,0,48,0,115,139,0,254,93,0,93,347
03/23/2022,APA,CO,ANM,WE,Towers with Radar,0,80,108,4,192,0,21,35,4,60,0,101,143,8,252,142,0,142,394
03/24/2022,APA,CO,ANM,WE,Towers with Radar,0,81,160,20,261,0,80,282,8,370,0,161,442,28,631,487,7,494,1125
03/25/2022,APA,CO,ANM,WE,Towers with Radar,0,74,142,6,222,0,72,337,9,418,0,146,479,15,640,556,0,556,1196
03/26/2022,APA,CO,ANM,WE,Towers with Radar,0,83,126,11,220,0,55,282,4,341,0,138,408,15,561,49,0,49,610
03/27/2022,APA,CO,ANM,WE,Towers with Radar,0,83,153,0,236,0,56,294,5,355,0,139,447,5,591,322,2,324,915
03/28/2022,APA,CO,ANM,WE,Towers with Radar,0,90,109,9,208,0,68,251,10,329,0,158,360,19,537,530,6,536,1073
03/29/2022,APA,CO,ANM,WE,Towers with Radar,0,89,110,4,203,0,34,42,1,77,0,123,152,5,280,320,0,320,600
03/30/2022,APA,CO,ANM,WE,Towers with Radar,0,114,105,9,228,0,52,114,2,168,0,166,219,11,396,465,0,465,861
03/31/2022,APA,CO,ANM,WE,Towers with Radar,0,108,112,12,232,0,47,256,1,304,0,155,368,13,536,610,0,610,1146
04/01/2022,APA,CO,ANM,WE,Towers with Radar,0,95,115,2,212,0,74,205,1,280,0,169,320,3,492,664,0,664,1156
04/02/2022,APA,CO,ANM,WE,Towers with Radar,0,58,90,6,154,0,60,382,2,444,0,118,472,8,598,532,4,536,1134
04/03/2022,APA,CO,ANM,WE,Towers with Radar,0,92,131,2,225,0,57,178,0,235,0,149,309,2,460,426,0,426,886
04/04/2022,APA,CO,ANM,WE,Towers with Radar,0,81,115,4,200,0,34,210,3,247,0,115,325,7,447,384,0,384,831
04/05/2022,APA,CO,ANM,WE,Towers with Radar,0,79,97,4,180,0,7,24,0,31,0,86,121,4,211,31,0,31,242
04/06/2022,APA,CO,ANM,WE,Towers with Radar,0,87,104,2,193,0,5,37,4,46,0,92,141,6,239,0,0,0,239
04/07/2022,APA,CO,ANM,WE,Towers with Radar,0,98,136,12,246,0,24,83,4,111,0,122,219,16,357,192,0,192,549
04/08/2022,APA,CO,ANM,WE,Towers with Radar,0,78,139,7,224,0,66,464,10,540,0,144,603,17,764,720,0,720,1484
04/09/2022,APA,CO,ANM,WE,Towers with Radar,0,70,86,2,158,0,77,187,0,264,0,147,273,2,422,362,0,362,784
04/10/2022,APA,CO,ANM,WE,Towers with Radar,0,65,120,2,187,0,13,79,0,92,0,78,199,2,279,265,0,265,544
04/11/2022,APA,CO,ANM,WE,Towers with Radar,0,87,127,9,223,0,48,141,7,196,0,135,268,16,419,179,2,181,600
04/12/2022,APA,CO,ANM,WE,Towers with Radar,0,74,103,4,181,0,10,36,0,46,0,84,139,4,227,63,0,63,290
04/13/2022,APA,CO,ANM,WE,Towers with Radar,0,100,117,4,221,0,34,107,6,147,0,134,224,10,368,391,0,391,759
04/14/2022,APA,CO,ANM,WE,Towers with Radar,0,85,141,9,235,0,14,113,2,129,0,99,254,11,364,283,0,283,647
04/15/2022,APA,CO,ANM,WE,Towers with Radar,0,89,125,17,231,0,30,192,7,229,0,119,317,24,460,488,0,488,948
04/16/2022,APA,CO,ANM,WE,Towers with Radar,0,58,64,8,130,0,93,297,0,390,0,151,361,8,520,557,0,557,1077
04/17/2022,APA,CO,ANM,WE,Towers with Radar,0,58,81,4,143,0,24,88,6,118,0,82,169,10,261,244,1,245,506
04/18/2022,APA,CO,ANM,WE,Towers with Radar,0,86,112,4,202,0,52,307,3,362,0,138,419,7,564,746,0,746,1310
04/19/2022,APA,CO,ANM,WE,Towers with Radar,0,89,129,5,223,0,45,240,9,294,0,134,369,14,517,465,9,474,991
04/20/2022,APA,CO,ANM,WE,Towers with Radar,0,100,127,11,238,0,62,230,6,298,0,162,357,17,536,392,6,398,934
04/21/2022,APA,CO,ANM,WE,Towers with Radar,0,91,138,16,245,0,38,134,0,172,0,129,272,16,417,166,0,166,583
04/22/2022,APA,CO,ANM,WE,Towers with Radar,0,65,85,5,155,0,11,46,2,59,0,76,131,7,214,110,0,110,324
04/23/2022,APA,CO,ANM,WE,Towers with Radar,0,54,67,2,123,0,10,45,1,56,0,64,112,3,179,58,0,58,237
04/24/2022,APA,CO,ANM,WE,Towers with Radar,0,80,141,5,226,0,34,206,0,240,0,114,347,5,466,473,1,474,940
04/25/2022,APA,CO,ANM,WE,Towers with Radar,0,75,141,12,228,0,43,276,2,321,0,118,417,14,549,650,0,650,1199
04/26/2022,APA,CO,ANM,WE,Towers with Radar,0,90,134,7,231,0,73,304,13,390,0,163,438,20,621,568,2,570,1191
04/27/2022,APA,CO,ANM,WE,Towers with Radar,0,90,128,1,219,0,60,218,4,282,0,150,346,5,501,262,10,272,773
04/28/2022,APA,CO,ANM,WE,Towers with Radar,0,108,148,2,258,0,50,281,10,341,0,158,429,12,599,211,0,211,810
04/29/2022,APA,CO,ANM,WE,Towers with Radar,0,76,118,18,212,0,27,71,2,100,0,103,189,20,312,307,0,307,619
04/30/2022,APA,CO,ANM,WE,Towers with Radar,0,67,81,5,153,0,46,322,2,370,0,113,403,7,523,426,0,426,949
05/01/2022,APA,CO,ANM,WE,Towers with Radar,0,70,107,6,183,0,29,133,2,164,0,99,240,8,347,49,2,51,398
05/02/2022,APA,CO,ANM,WE,Towers with Radar,0,73,97,7,177,0,1,23,0,24,0,74,120,7,201,186,0,186,387
05/03/2022,APA,CO,ANM,WE,Towers with Radar,0,95,115,10,220,0,76,229,11,316,0,171,344,21,536,870,0,870,1406
05/04/2022,APA,CO,ANM,WE,Towers with Radar,0,105,134,7,246,0,5,10,2,17,0,110,144,9,263,132,0,132,395
05/05/2022,APA,CO,ANM,WE,Towers with Radar,0,93,146,11,250,0,56,289,6,351,0,149,435,17,601,789,0,789,1390
05/06/2022,APA,CO,ANM,WE,Towers with Radar,0,105,106,27,238,0,64,273,7,344,0,169,379,34,582,516,0,516,1098
05/07/2022,APA,CO,ANM,WE,Towers with Radar,0,63,74,5,142,0,48,140,4,192,0,111,214,9,334,201,0,201,535
05/08/2022,APA,CO,ANM,WE,Towers with Radar,0,76,97,7,180,0,24,96,12,132,0,100,193,19,312,73,0,73,385
05/09/2022,APA,CO,ANM,WE,Towers with Radar,0,89,119,4,212,0,20,62,1,83,0,109,181,5,295,113,0,113,408
05/10/2022,APA,CO,ANM,WE,Towers with Radar,0,104,113,5,222,0,63,322,9,394,0,167,435,14,616,683,0,683,1299
05/11/2022,APA,CO,ANM,WE,Towers with Radar,0,79,111,4,194,0,22,156,21,199,0,101,267,25,393,174,0,174,567
05/12/2022,APA,CO,ANM,WE,Towers with Radar,0,91,144,11,246,0,23,48,6,77,0,114,192,17,323,165,0,165,488
05/13/2022,APA,CO,ANM,WE,Towers with Radar,0,68,133,15,216,0,65,276,11,352,0,133,409,26,568,386,0,386,954
05/14/2022,APA,CO,ANM,WE,Towers with Radar,0,58,85,10,153,0,103,435,5,543,0,161,520,15,696,784,0,784,1480
05/15/2022,APA,CO,ANM,WE,Towers with Radar,0,78,142,13,233,3,35,245,3,286,3,113,387,16,519,391,2,393,912
05/16/2022,APA,CO,ANM,WE,Towers with Radar,0,84,109,12,205,0,68,280,4,352,0,152,389,16,557,424,2,426,983
05/17/2022,APA,CO,ANM,WE,Towers with Radar,0,83,107,5,195,0,53,231,5,289,0,136,338,10,484,599,2,601,1085
05/18/2022,APA,CO,ANM,WE,Towers with Radar,0,83,115,15,213,0,44,334,1,379,0,127,449,16,592,385,0,385,977
05/19/2022,APA,CO,ANM,WE,Towers with Radar,0,106,139,6,251,0,40,170,4,214,0,146,309,10,465,565,0,565,1030
05/20/2022,APA,CO,ANM,WE,Towers with Radar,0,80,92,1,173,0,0,0,0,0,0,80,92,1,173,0,0,0,173
05/21/2022,APA,CO,ANM,WE,Towers with Radar,0,81,63,1,145,0,0,4,0,4,0,81,67,1,149,0,0,0,149
05/22/2022,APA,CO,ANM,WE,Towers with Radar,0,84,117,4,205,0,68,235,2,305,0,152,352,6,510,1101,0,1101,1611
05/23/2022,APA,CO,ANM,WE,Towers with Radar,0,82,156,7,245,0,34,244,2,280,0,116,400,9,525,569,0,569,1094
05/24/2022,APA,CO,ANM,WE,Towers with Radar,0,89,122,6,217,0,19,75,0,94,0,108,197,6,311,481,0,481,792
05/25/2022,APA,CO,ANM,WE,Towers with Radar,0,96,135,11,242,0,52,260,3,315,0,148,395,14,557,365,0,365,922
05/26/2022,APA,CO,ANM,WE,Towers with Radar,0,114,142,5,261,0,81,379,1,461,0,195,521,6,722,841,0,841,1563
05/27/2022,APA,CO,ANM,WE,Towers with Radar,0,105,117,5,227,0,57,239,4,300,0,162,356,9,527,388,2,390,917
05/28/2022,APA,CO,ANM,WE,Towers with Radar,0,64,51,8,123,0,30,224,0,254,0,94,275,8,377,360,0,360,737
05/29/2022,APA,CO,ANM,WE,Towers with Radar,0,68,47,1,116,0,35,170,0,205,0,103,217,1,321,313,0,313,634
05/30/2022,APA,CO,ANM,WE,Towers with Radar,0,73,85,2,160,0,62,173,0,235,0,135,258,2,395,256,0,256,651
05/31/2022,APA,CO,ANM,WE,Towers with Radar,0,116,119,4,239,0,39,176,8,223,0,155,295,12,462,399,8,407,869
06/01/2022,APA,CO,ANM,WE,Towers with Radar,0,92,161,9,262,0,15,67,2,84,0,107,228,11,346,364,0,364,710
06/02/2022,APA,CO,ANM,WE,Towers with Radar,0,83,171,7,261,0,45,331,1,377,0,128,502,8,638,120,0,120,758
06/03/2022,APA,CO,ANM,WE,Towers with Radar,0,89,130,5,224,0,57,213,2,272,0,146,343,7,496,44,1,45,541
06/04/2022,APA,CO,ANM,WE,Towers with Radar,0,54,64,7,125,0,40,298,6,344,0,94,362,13,469,56,2,58,527
06/05/2022,APA,CO,ANM,WE,Towers with Radar,0,75,120,2,197,0,55,193,7,255,0,130,313,9,452,90,0,90,542
06/06/2022,APA,CO,ANM,WE,Towers with Radar,0,81,108,7,196,0,44,179,0,223,0,125,287,7,419,62,0,62,481
06/07/2022,APA,CO,ANM,WE,Towers with Radar,0,83,138,0,221,0,27,199,0,226,0,110,337,0,447,198,0,198,645
06/08/2022,APA,CO,ANM,WE,Towers with Radar,0,85,151,3,239,0,57,286,0,343,0,142,437,3,582,653,0,653,1235
06/09/2022,APA,CO,ANM,WE,Towers with Radar,0,103,173,0,276,0,46,283,10,339,0,149,456,10,615,610,9,619,1234
06/10/2022,APA,CO,ANM,WE,Towers with Radar,0,78,105,7,190,0,43,337,6,386,0,121,442,13,576,675,2,677,1253
06/11/2022,APA,CO,ANM,WE,Towers with Radar,0,81,94,5,180,0,46,242,5,293,0,127,336,10,473,361,0,361,834
06/12/2022,APA,CO,ANM,WE,Towers with Radar,0,103,125,7,235,0,36,180,2,218,0,139,305,9,453,376,2,378,831
06/13/2022,APA,CO,ANM,WE,Towers with Radar,0,85,132,7,224,0,31,155,3,189,0,116,287,10,413,192,0,192,605
06/14/2022,APA,CO,ANM,WE,Towers with Radar,0,99,116,9,224,0,58,324,20,402,0,157,440,29,626,600,26,626,1252
06/15/2022,APA,CO,ANM,WE,Towers with Radar,0,121,150,4,275,0,28,292,11,331,0,149,442,15,606,538,8,546,1152
06/16/2022,APA,CO,ANM,WE,Towers with Radar,0,123,144,7,274,0,36,315,7,358,0,159,459,14,632,543,2,545,1177
06/17/2022,APA,CO,ANM,WE,Towers with Radar,0,99,116,18,233,0,44,205,4,253,0,143,321,22,486,381,0,381,867
06/18/2022,APA,CO,ANM,WE,Towers with Radar,0,72,75,9,156,0,39,236,6,281,0,111,311,15,437,293,0,293,730
06/19/2022,APA,CO,ANM,WE,Towers with Radar,0,96,123,2,221,0,20,138,0,158,0,116,261,2,379,163,0,163,542
06/20/2022,APA,CO,ANM,WE,Towers with Radar,0,80,140,8,228,0,54,208,4,266,0,134,348,12,494,295,4,299,793
06/21/2022,APA,CO,ANM,WE,Towers with Radar,0,87,113,3,203,0,33,225,12,270,0,120,338,15,473,307,11,318,791
06/22/2022,APA,CO,ANM,WE,Towers with Radar,0,80,131,6,217,0,65,327,7,399,0,145,458,13,616,652,0,652,1268
06/23/2022,APA,CO,ANM,WE,Towers with Radar,0,84,141,15,240,0,37,240,8,285,0,121,381,23,525,575,2,577,1102
06/24/2022,APA,CO,ANM,WE,Towers with Radar,0,92,134,8,234,0,48,208,7,263,0,140,342,15,497,419,0,419,916
06/25/2022,APA,CO,ANM,WE,Towers with Radar,0,72,124,2,198,0,12,55,1,68,0,84,179,3,266,106,0,106,372
06/26/2022,APA,CO,ANM,WE,Towers with Radar,0,89,173,9,271,0,21,76,0,97,0,110,249,9,368,163,0,163,531
06/27/2022,APA,CO,ANM,WE,Towers with Radar,0,88,123,6,217,0,58,272,2,332,0,146,395,8,549,534,0,534,1083
06/28/2022,APA,CO,ANM,WE,Towers with Radar,1,88,148,4,241,0,56,306,4,366,1,144,454,8,607,477,0,477,1084
06/29/2022,APA,CO,ANM,WE,Towers with Radar,0,92,102,5,199,0,56,205,10,271,0,148,307,15,470,478,0,478,948
06/30/2022,APA,CO,ANM,WE,Towers with Radar,0,105,156,9,270,0,20,213,11,244,0,125,369,20,514,283,2,285,799
07/01/2022,APA,CO,ANM,WE,Towers with Radar,0,92,148,7,247,14,56,207,8,285,14,148,355,15,532,527,3,530,1062
07/02/2022,APA,CO,ANM,WE,Towers with Radar,0,64,89,3,156,0,56,351,4,411,0,120,440,7,567,537,6,543,1110
07/03/2022,APA,CO,ANM,WE,Towers with Radar,0,60,76,6,142,0,30,189,4,223,0,90,265,10,365,291,0,291,656
07/04/2022,APA,CO,ANM,WE,Towers with Radar,0,40,47,6,93,0,31,187,0,218,0,71,234,6,311,295,0,295,606
07/05/2022,APA,CO,ANM,WE,Towers with Radar,0,112,125,9,246,0,59,207,4,270,0,171,332,13,516,559,0,559,1075
07/06/2022,APA,CO,ANM,WE,Towers with Radar,0,82,139,2,223,0,19,142,0,161,0,101,281,2,384,136,0,136,520
07/07/2022,APA,CO,ANM,WE,Towers with Radar,0,98,125,2,225,0,48,259,2,309,0,146,384,4,534,663,0,663,1197
07/08/2022,APA,CO,ANM,WE,Towers with Radar,0,68,124,8,200,0,59,267,1,327,0,127,391,9,527,614,2,616,1143
07/09/2022,APA,CO,ANM,WE,Towers with Radar,0,62,91,2,155,0,43,324,3,370,0,105,415,5,525,432,0,432,957
07/10/2022,APA,CO,ANM,WE,Towers with Radar,0,97,132,4,233,0,19,205,1,225,0,116,337,5,458,321,0,321,779
07/11/2022,APA,CO,ANM,WE,Towers with Radar,0,92,166,7,265,0,29,121,0,150,0,121,287,7,415,511,0,511,926
07/12/2022,APA,CO,ANM,WE,Towers with Radar,0,90,127,5,222,0,47,343,2,392,0,137,470,7,614,647,0,647,1261
07/13/2022,APA,CO,ANM,WE,Towers with Radar,0,98,129,1,228,0,45,293,4,342,0,143,422,5,570,414,0,414,984
07/14/2022,APA,CO,ANM,WE,Towers with Radar,0,100,133,3,236,0,39,230,15,284,0,139,363,18,520,504,7,511,1031
07/15/2022,APA,CO,ANM,WE,Towers with Radar,0,61,135,4,200,0,45,289,3,337,0,106,424,7,537,442,0,442,979
07/16/2022,APA,CO,ANM,WE,Towers with Radar,0,66,107,2,175,0,48,273,0,321,0,114,380,2,496,343,0,343,839
07/17/2022,APA,CO,ANM,WE,Towers with Radar,0,91,133,3,227,0,18,272,5,295,0,109,405,8,522,323,0,323,845
07/18/2022,APA,CO,ANM,WE,Towers with Radar,0,74,137,4,215,0,36,250,7,293,0,110,387,11,508,532,4,536,1044
07/19/2022,APA,CO,ANM,WE,Towers with Radar,0,93,122,12,227,0,47,247,4,298,0,140,369,16,525,430,0,430,955
07/20/2022,APA,CO,ANM,WE,Towers with Radar,0,103,152,8,263,0,41,276,6,323,0,144,428,14,586,457,4,461,1047
07/21/2022,APA,CO,ANM,WE,Towers with Radar,0,89,137,9,235,0,34,340,9,383,0,123,477,18,618,844,1,845,1463
07/22/2022,APA,CO,ANM,WE,Towers with Radar,0,86,127,10,223,0,32,317,6,355,0,118,444,16,578,636,0,636,1214
07/23/2022,APA,CO,ANM,WE,Towers with Radar,0,57,120,4,181,0,17,218,2,237,0,74,338,6,418,351,0,351,769
07/24/2022,APA,CO,ANM,WE,Towers with Radar,0,87,138,2,227,0,33,211,1,245,0,120,349,3,472,375,0,375,847
07/25/2022,APA,CO,ANM,WE,Towers with Radar,0,61,150,5,216,0,32,261,6,299,0,93,411,11,515,601,2,603,1118
07/26/2022,APA,CO,ANM,WE,Towers with Radar,0,90,133,7,230,0,25,287,10,322,0,115,420,17,552,549,3,552,1104
07/27/2022,APA,CO,ANM,WE,Towers with Radar,0,116,177,5,298,0,64,267,0,331,0,180,444,5,629,679,0,679,1308
07/28/2022,APA,CO,ANM,WE,Towers with Radar,0,100,156,0,256,0,15,67,5,87,0,115,223,5,343,389,12,401,744
07/29/2022,APA,CO,ANM,WE,Towers with Radar,0,82,187,15,284,0,28,178,1,207,0,110,365,16,491,698,0,698,1189
07/30/2022,APA,CO,ANM,WE,Towers with Radar,0,61,116,2,179,0,28,303,3,334,0,89,419,5,513,695,2,697,1210
07/31/2022,APA,CO,ANM,WE,Towers with Radar,0,80,161,12,253,0,36,164,10,210,0,116,325,22,463,426,0,426,889
08/01/2022,APA,CO,ANM,WE,Towers with Radar,0,89,136,7,232,0,36,209,3,248,0,125,345,10,480,564,0,564,1044
08/02/2022,APA,CO,ANM,WE,Towers with Radar,0,98,114,4,216,0,32,215,1,248,0,130,329,5,464,604,0,604,1068
08/03/2022,APA,CO,ANM,WE,Towers with Radar,0,73,143,10,226,0,40,263,8,311,0,113,406,18,537,366,0,366,903
08/04/2022,APA,CO,ANM,WE,Towers with Radar,0,112,125,5,242,0,35,307,5,347,0,147,432,10,589,674,0,674,1263
08/05/2022,APA,CO,ANM,WE,Towers with Radar,0,73,109,10,192,0,35,228,5,268,0,108,337,15,460,463,2,465,925
08/06/2022,APA,CO,ANM,WE,Towers with Radar,0,72,77,4,153,0,37,273,2,312,0,109,350,6,465,513,0,513,978
08/07/2022,APA,CO,ANM,WE,Towers with Radar,0,91,161,5,257,0,30,183,9,222,0,121,344,14,479,239,0,239,718
08/08/2022,APA,CO,ANM,WE,Towers with Radar,0,85,145,4,234,0,31,270,11,312,0,116,415,15,546,543,2,545,1091
08/09/2022,APA,CO,ANM,WE,Towers with Radar,0,105,142,4,251,0,46,302,6,354,0,151,444,10,605,508,0,508,1113
08/10/2022,APA,CO,ANM,WE,Towers with Radar,0,90,160,5,255,0,49,265,17,331,0,139,425,22,586,587,0,587,1173
08/11/2022,APA,CO,ANM,WE,Towers with Radar,0,112,161,5,278,0,36,258,7,301,0,148,419,12,579,694,8,702,1281
08/12/2022,APA,CO,ANM,WE,Towers with Radar,0,87,138,15,240,0,51,340,9,400,0,138,478,24,640,590,6,596,1236
08/13/2022,APA,CO,ANM,WE,Towers with Radar,0,73,105,11,189,0,45,222,2,269,0,118,327,13,458,590,0,590,1048
08/14/2022,APA,CO,ANM,WE,Towers with Radar,0,75,125,11,211,0,10,232,5,247,0,85,357,16,458,52,0,52,510
08/15/2022,APA,CO,ANM,WE,Towers with Radar,0,87,106,1,194,0,26,200,1,227,0,113,306,2,421,268,0,268,689
08/16/2022,APA,CO,ANM,WE,Towers with Radar,0,100,172,2,274,0,16,59,2,77,0,116,231,4,351,228,0,228,579
08/17/2022,APA,CO,ANM,WE,Towers with Radar,0,124,157,7,288,0,48,266,2,316,0,172,423,9,604,792,0,792,1396
08/18/2022,APA,CO,ANM,WE,Towers with Radar,0,101,167,15,283,0,36,268,7,311,0,137,435,22,594,543,4,547,1141
08/19/2022,APA,CO,ANM,WE,Towers with Radar,0,75,130,7,212,0,48,277,6,331,0,123,407,13,543,632,2,634,1177
08/20/2022,APA,CO,ANM,WE,Towers with Radar,0,75,83,3,161,0,27,221,3,251,0,102,304,6,412,273,0,273,685
08/21/2022,APA,CO,ANM,WE,Towers with Radar,0,80,138,3,221,0,34,220,3,257,0,114,358,6,478,529,0,529,1007
08/22/2022,APA,CO,ANM,WE,Towers with Radar,0,71,121,3,195,0,35,223,3,261,0,106,344,6,456,431,2,433,889
08/23/2022,APA,CO,ANM,WE,Towers with Radar,0,84,144,3,231,0,37,292,13,342,0,121,436,16,573,637,3,640,1213
08/24/2022,APA,CO,ANM,WE,Towers with Radar,0,101,136,3,240,0,40,279,2,321,0,141,415,5,561,347,0,347,908
08/25/2022,APA,CO,ANM,WE,Towers with Radar,0,118,150,2,270,0,36,210,13,259,0,154,360,15,529,654,6,660,1189
08/26/2022,APA,CO,ANM,WE,Towers with Radar,0,88,100,2,190,0,46,223,4,273,0,134,323,6,463,455,6,461,924
08/27/2022,APA,CO,ANM,WE,Towers with Radar,0,75,93,3,171,0,29,270,11,310,0,104,363,14,481,455,0,455,936
08/28/2022,APA,CO,ANM,WE,Towers with Radar,0,67,95,6,168,0,38,238,4,280,0,105,333,10,448,315,0,315,763
08/29/2022,APA,CO,ANM,WE,Towers with Radar,0,82,110,2,194,0,38,289,9,336,0,120,399,11,530,143,2,145,675
08/30/2022,APA,CO,ANM,WE,Towers with Radar,0,74,121,6,201,0,32,261,5,298,0,106,382,11,499,448,0,448,947
08/31/2022,APA,CO,ANM,WE,Towers with Radar,0,89,121,8,218,0,36,207,5,248,0,125,328,13,466,371,0,371,837
09/01/2022,APA,CO,ANM,WE,Towers with Radar,0,110,174,7,291,0,53,354,3,410,0,163,528,10,701,659,6,665,1366
09/02/2022,APA,CO,ANM,WE,Towers with Radar,0,103,126,3,232,0,49,244,4,297,0,152,370,7,529,456,4,460,989
09/03/2022,APA,CO,ANM,WE,Towers with Radar,0,74,78,0,152,0,46,222,2,270,0,120,300,2,422,569,0,569,991
09/04/2022,APA,CO,ANM,WE,Towers with Radar,0,66,69,1,136,0,31,230,1,262,0,97,299,2,398,615,2,617,1015
09/05/2022,APA,CO,ANM,WE,Towers with Radar,0,88,114,0,202,0,30,258,0,288,0,118,372,0,490,418,0,418,908
09/06/2022,APA,CO,ANM,WE,Towers with Radar,0,97,122,11,230,0,50,225,6,281,0,147,347,17,511,64,0,64,575
09/07/2022,APA,CO,ANM,WE,Towers with Radar,0,105,141,4,250,0,19,289,4,312,0,124,430,8,562,30,0,30,592
09/08/2022,APA,CO,ANM,WE,Towers with Radar,0,87,138,0,225,0,27,214,3,244,0,114,352,3,469,12,0,12,481
09/09/2022,APA,CO,ANM,WE,Towers with Radar,0,75,159,13,247,0,35,155,1,191,0,110,314,14,438,22,0,22,460
09/10/2022,APA,CO,ANM,WE,Towers with Radar,0,74,101,2,177,0,4,0,0,4,0,78,101,2,181,0,0,0,181
09/11/2022,APA,CO,ANM,WE,Towers with Radar,0,82,120,3,205,0,24,228,5,257,0,106,348,8,462,12,0,12,474
09/12/2022,APA,CO,ANM,WE,Towers with Radar,0,65,130,2,197,0,43,313,4,360,0,108,443,6,557,34,0,34,591
09/13/2022,APA,CO,ANM,WE,Towers with Radar,0,110,117,3,230,0,41,279,3,323,0,151,396,6,553,47,0,47,600
09/14/2022,APA,CO,ANM,WE,Towers with Radar,0,100,154,9,263,0,29,200,5,234,0,129,354,14,497,14,0,14,511
09/15/2022,APA,CO,ANM,WE,Towers with Radar,0,113,133,6,252,0,47,252,11,310,0,160,385,17,562,70,2,72,634
09/16/2022,APA,CO,ANM,WE,Towers with Radar,0,74,124,6,204,0,39,248,5,292,0,113,372,11,496,35,0,35,531
09/17/2022,APA,CO,ANM,WE,Towers with Radar,0,63,93,2,158,0,33,246,3,282,0,96,339,5,440,41,2,43,483
09/18/2022,APA,CO,ANM,WE,Towers with Radar,0,101,137,2,240,0,29,284,7,320,0,130,421,9,560,42,0,42,602
09/19/2022,APA,CO,ANM,WE,Towers with Radar,0,94,136,1,231,0,18,316,3,337,0,112,452,4,568,30,0,30,598
09/20/2022,APA,CO,ANM,WE,Towers with Radar,0,91,142,8,241,0,43,282,15,340,0,134,424,23,581,56,0,56,637
09/21/2022,APA,CO,ANM,WE,Towers with Radar,0,98,175,8,281,0,11,47,0,58,0,109,222,8,339,17,0,17,356
09/22/2022,APA,CO,ANM,WE,Towers with Radar,1,110,187,3,301,0,11,53,0,64,1,121,240,3,365,47,0,47,412
09/23/2022,APA,CO,ANM,WE,Towers with Radar,0,86,146,6,238,0,35,272,8,315,0,121,418,14,553,24,0,24,577
09/24/2022,APA,CO,ANM,WE,Towers with Radar,0,75,86,5,166,0,44,328,2,374,0,119,414,7,540,26,0,26,566
09/25/2022,APA,CO,ANM,WE,Towers with Radar,0,103,150,4,257,0,22,276,4,302,0,125,426,8,559,12,0,12,571
09/26/2022,APA,CO,ANM,WE,Towers with Radar,0,96,135,9,240,0,32,363,5,400,0,128,498,14,640,36,0,36,676
09/27/2022,APA,CO,ANM,WE,Towers with Radar,0,105,122,10,237,0,43,252,4,299,0,148,374,14,536,21,0,21,557
09/28/2022,APA,CO,ANM,WE,Towers with Radar,0,80,121,7,208,0,46,318,3,367,0,126,439,10,575,56,0,56,631
09/29/2022,APA,CO,ANM,WE,Towers with Radar,0,91,143,5,239,0,28,268,8,304,0,119,411,13,543,29,0,29,572
09/30/2022,APA,CO,ANM,WE,Towers with Radar,0,93,119,3,215,0,32,192,10,234,0,125,311,13,449,37,0,37,486
10/01/2022,APA,CO,ANM,WE,Towers with Radar,0,73,71,2,146,0,43,238,1,282,0,116,309,3,428,12,0,12,440
10/02/2022,APA,CO,ANM,WE,Towers with Radar,0,74,107,0,181,0,27,112,3,142,0,101,219,3,323,22,0,22,345
10/03/2022,APA,CO,ANM,WE,Towers with Radar,0,87,111,9,207,0,39,262,7,308,0,126,373,16,515,27,0,27,542
10/04/2022,APA,CO,ANM,WE,Towers with Radar,0,98,145,11,254,0,38,240,6,284,0,136,385,17,538,219,0,219,757
10/05/2022,APA,CO,ANM,WE,Towers with Radar,0,105,126,5,236,0,56,290,0,346,0,161,416,5,582,712,0,712,1294
10/06/2022,APA,CO,ANM,WE,Towers with Radar,2,101,166,3,272,0,54,354,14,422,2,155,520,17,694,701,10,711,1405
10/07/2022,APA,CO,ANM,WE,Towers with Radar,0,100,170,6,276,0,1,19,1,21,0,101,189,7,297,64,0,64,361
10/08/2022,APA,CO,ANM,WE,Towers with Radar,0,77,64,1,142,0,32,187,0,219,0,109,251,1,361,368,0,368,729
10/09/2022,APA,CO,ANM,WE,Towers with Radar,0,98,117,0,215,0,39,356,0,395,0,137,473,0,610,553,0,553,1163
10/10/2022,APA,CO,ANM,WE,Towers with Radar,0,98,109,3,210,0,45,286,1,332,0,143,395,4,542,692,0,692,1234
10/11/2022,APA,CO,ANM,WE,Towers with Radar,0,102,109,8,219,0,38,229,15,282,0,140,338,23,501,273,0,273,774
10/12/2022,APA,CO,ANM,WE,Towers with Radar,0,128,152,6,286,0,40,214,11,265,0,168,366,17,551,571,0,571,1122
10/13/2022,APA,CO,ANM,WE,Towers with Radar,0,98,116,5,219,0,36,278,3,317,0,134,394,8,536,784,0,784,1320
10/14/2022,APA,CO,ANM,WE,Towers with Radar,0,79,137,7,223,0,62,324,5,391,0,141,461,12,614,707,0,707,1321
10/15/2022,APA,CO,ANM,WE,Towers with Radar,0,72,72,10,154,0,57,365,1,423,0,129,437,11,577,523,9,532,1109
10/16/2022,APA,CO,ANM,WE,Towers with Radar,0,85,116,8,209,0,15,155,0,170,0,100,271,8,379,620,0,620,999
10/17/2022,APA,CO,ANM,WE,Towers with Radar,0,88,138,9,235,0,29,304,1,334,0,117,442,10,569,697,0,697,1266
10/18/2022,APA,CO,ANM,WE,Towers with Radar,0,93,128,6,227,0,38,355,11,404,0,131,483,17,631,850,0,850,1481
10/19/2022,APA,CO,ANM,WE,Towers with Radar,0,115,131,3,249,0,32,292,5,329,0,147,423,8,578,581,2,583,1161
10/20/2022,APA,CO,ANM,WE,Towers with Radar,0,109,134,4,247,0,54,316,8,378,0,163,450,12,625,640,0,640,1265
10/21/2022,APA,CO,ANM,WE,Towers with Radar,0,94,126,18,238,0,50,348,10,408,0,144,474,28,646,698,2,700,1346
10/22/2022,APA,CO,ANM,WE,Towers with Radar,0,78,79,3,160,0,31,222,9,262,0,109,301,12,422,642,0,642,1064
10/23/2022,APA,CO,ANM,WE,Towers with Radar,0,83,99,4,186,0,19,29,9,57,0,102,128,13,243,11,0,11,254
10/24/2022,APA,CO,ANM,WE,Towers with Radar,0,79,126,4,209,0,30,218,3,251,0,109,344,7,460,23,0,23,483
10/25/2022,APA,CO,ANM,WE,Towers with Radar,0,80,115,5,200,0,48,296,9,353,0,128,411,14,553,69,0,69,622
10/26/2022,APA,CO,ANM,WE,Towers with Radar,0,97,122,3,222,0,43,247,8,298,0,140,369,11,520,640,0,640,1160
10/27/2022,APA,CO,ANM,WE,Towers with Radar,0,100,113,3,216,0,5,27,0,32,0,105,140,3,248,74,0,74,322
10/28/2022,APA,CO,ANM,WE,Towers with Radar,0,84,124,6,214,0,49,280,1,330,0,133,404,7,544,569,0,569,1113
10/29/2022,APA,CO,ANM,WE,Towers with Radar,0,57,63,10,130,0,43,358,9,410,0,100,421,19,540,662,2,664,1204
10/30/2022,APA,CO,ANM,WE,Towers with Radar,0,67,115,13,195,0,39,316,4,359,0,106,431,17,554,605,2,607,1161
10/31/2022,APA,CO,ANM,WE,Towers with Radar,0,71,85,6,162,0,31,275,1,307,0,102,360,7,469,467,0,467,936
11/01/2022,APA,CO,ANM,WE,Towers with Radar,0,99,119,6,224,0,17,294,5,316,0,116,413,11,540,705,0,705,1245
11/02/2022,APA,CO,ANM,WE,Towers with Radar,0,70,104,4,178,0,32,120,3,155,0,102,224,7,333,220,0,220,553
11/03/2022,APA,CO,ANM,WE,Towers with Radar,0,96,97,0,193,0,12,55,1,68,0,108,152,1,261,266,0,266,527
11/04/2022,APA,CO,ANM,WE,Towers with Radar,0,90,113,5,208,0,34,236,2,272,0,124,349,7,480,488,0,488,968
11/05/2022,APA,CO,ANM,WE,Towers with Radar,0,44,64,1,109,0,25,174,3,202,0,69,238,4,311,655,0,655,966
11/06/2022,APA,CO,ANM,WE,Towers with Radar,0,77,114,0,191,0,44,179,3,226,0,121,293,3,417,235,6,241,658
11/07/2022,APA,CO,ANM,WE,Towers with Radar,0,64,86,0,150,0,17,33,4,54,0,81,119,4,204,26,0,26,230
11/08/2022,APA,CO,ANM,WE,Towers with Radar,0,96,108,3,207,2,36,178,2,218,2,132,286,5,425,418,0,418,843
11/09/2022,APA,CO,ANM,WE,Towers with Radar,0,103,100,1,204,0,15,105,1,121,0,118,205,2,325,318,0,318,643
11/10/2022,APA,CO,ANM,WE,Towers with Radar,0,111,127,1,239,0,36,214,2,252,0,147,341,3,491,749,1,750,1241
11/11/2022,APA,CO,ANM,WE,Towers with Radar,0,79,104,3,186,0,34,257,1,292,0,113,361,4,478,625,1,626,1104
11/12/2022,APA,CO,ANM,WE,Towers with Radar,0,51,53,2,106,0,38,316,3,357,0,89,369,5,463,57,0,57,520
11/13/2022,APA,CO,ANM,WE,Towers with Radar,0,66,88,6,160,0,38,264,0,302,0,104,352,6,462,8,0,8,470
11/14/2022,APA,CO,ANM,WE,Towers with Radar,0,97,113,2,212,0,45,288,3,336,0,142,401,5,548,58,0,58,606
11/15/2022,APA,CO,ANM,WE,Towers with Radar,0,81,80,4,165,0,24,176,7,207,0,105,256,11,372,74,0,74,446
11/16/2022,APA,CO,ANM,WE,Towers with Radar,0,71,102,4,177,0,34,275,9,318,0,105,377,13,495,89,0,89,584
11/17/2022,APA,CO,ANM,WE,Towers with Radar,0,81,111,3,195,0,2,11,0,13,0,83,122,3,208,80,0,80,288
11/18/2022,APA,CO,ANM,WE,Towers with Radar,1,98,157,10,266,0,18,112,3,133,1,116,269,13,399,220,4,224,623
11/19/2022,APA,CO,ANM,WE,Towers with Radar,0,65,68,2,135,0,56,268,10,334,0,121,336,12,469,294,0,294,763
11/20/2022,APA,CO,ANM,WE,Towers with Radar,0,93,122,5,220,0,41,247,5,293,0,134,369,10,513,351,0,351,864
11/21/2022,APA,CO,ANM,WE,Towers with Radar,0,99,98,11,208,0,41,283,4,328,0,140,381,15,536,462,5,467,1003
11/22/2022,APA,CO,ANM,WE,Towers with Radar,0,108,113,5,226,0,48,261,5,314,0,156,374,10,540,404,0,404,944
11/23/2022,APA,CO,ANM,WE,Towers with Radar,0,66,120,2,188,0,48,228,1,277,0,114,348,3,465,466,0,466,931
11/24/2022,APA,CO,ANM,WE,Towers with Radar,0,44,23,0,67,0,6,21,0,27,0,50,44,0,94,137,0,137,231
11/25/2022,APA,CO,ANM,WE,Towers with Radar,0,48,66,0,114,0,35,226,0,261,0,83,292,0,375,386,0,386,761
11/26/2022,APA,CO,ANM,WE,Towers with Radar,0,84,111,0,195,0,30,212,3,245,0,114,323,3,440,383,0,383,823
11/27/2022,APA,CO,ANM,WE,Towers with Radar,0,98,161,0,259,0,31,201,1,233,0,129,362,1,492,621,4,625,1117
11/28/2022,APA,CO,ANM,WE,Towers with Radar,0,72,130,12,214,0,41,152,7,200,0,113,282,19,414,69,0,69,483
11/29/2022,APA,CO,ANM,WE,Towers with Radar,0,87,98,2,187,0,5,20,8,33,0,92,118,10,220,126,0,126,346
11/30/2022,APA,CO,ANM,WE,Towers with Radar,0,106,126,0,232,0,45,286,3,334,0,151,412,3,566,702,0,702,1268
12/01/2022,APA,CO,ANM,WE,Towers with Radar,0,76,109,5,190,0,18,113,3,134,0,94,222,8,324,253,6,259,583
12/02/2022,APA,CO,ANM,WE,Towers with Radar,0,67,78,2,147,0,7,37,0,44,0,74,115,2,191,43,0,43,234
12/03/2022,APA,CO,ANM,WE,Towers with Radar,0,46,90,9,145,0,24,273,3,300,0,70,363,12,445,453,0,453,898
12/04/2022,APA,CO,ANM,WE,Towers with Radar,0,59,99,7,165,0,41,346,0,387,0,100,445,7,552,305,0,305,857
12/05/2022,APA,CO,ANM,WE,Towers with Radar,0,101,90,4,195,0,62,304,7,373,0,163,394,11,568,509,0,509,1077
12/06/2022,APA,CO,ANM,WE,Towers with Radar,0,90,114,7,211,0,54,319,10,383,0,144,433,17,594,759,4,763,1357
12/07/2022,APA,CO,ANM,WE,Towers with Radar,0,90,91,1,182,0,25,224,8,257,0,115,315,9,439,711,0,711,1150
12/08/2022,APA,CO,ANM,WE,Towers with Radar,0,102,117,5,224,0,12,98,5,115,0,114,215,10,339,323,0,323,662
12/09/2022,APA,CO,ANM,WE,Towers with Radar,0,96,105,4,205,0,46,274,1,321,0,142,379,5,526,519,0,519,1045
12/10/2022,APA,CO,ANM,WE,Towers with Radar,0,72,80,3,155,0,38,312,5,355,0,110,392,8,510,649,0,649,1159
12/11/2022,APA,CO,ANM,WE,Towers with Radar,0,76,111,3,190,0,55,151,5,211,0,131,262,8,401,172,0,172,573
12/12/2022,APA,CO,ANM,WE,Towers with Radar,0,103,127,3,233,0,38,157,4,199,0,141,284,7,432,431,0,431,863
12/13/2022,APA,CO,ANM,WE,Towers with Radar,0,82,76,4,162,0,0,3,3,6,0,82,79,7,168,3,5,8,176
12/14/2022,APA,CO,ANM,WE,Towers with Radar,0,99,144,0,243,0,34,149,1,184,0,133,293,1,427,233,0,233,660
12/15/2022,APA,CO,ANM,WE,Towers with Radar,0,102,131,4,237,0,35,204,2,241,0,137,335,6,478,681,0,681,1159
12/16/2022,APA,CO,ANM,WE,Towers with Radar,0,90,133,9,232,0,43,182,11,236,0,133,315,20,468,425,0,425,893
12/17/2022,APA,CO,ANM,WE,Towers with Radar,0,91,85,3,179,0,61,287,3,351,0,152,372,6,530,460,0,460,990
12/18/2022,APA,CO,ANM,WE,Towers with Radar,0,81,93,7,181,0,18,258,3,279,0,99,351,10,460,513,0,513,973
12/19/2022,APA,CO,ANM,WE,Towers with Radar,0,84,100,4,188,1,34,237,4,276,1,118,337,8,464,595,0,595,1059
12/20/2022,APA,CO,ANM,WE,Towers with Radar,0,111,102,8,221,0,61,338,10,409,0,172,440,18,630,685,11,696,1326
12/21/2022,APA,CO,ANM,WE,Towers with Radar,0,99,101,0,200,0,29,96,1,126,0,128,197,1,326,302,0,302,628
12/22/2022,APA,CO,ANM,WE,Towers with Radar,0,88,91,1,180,0,5,8,0,13,0,93,99,1,193,5,0,5,198
12/23/2022,APA,CO,ANM,WE,Towers with Radar,0,88,108,0,196,0,26,103,0,129,0,114,211,0,325,238,0,238,563
12/24/2022,APA,CO,ANM,WE,Towers with Radar,0,75,55,0,130,0,13,96,0,109,0,88,151,0,239,180,0,180,419
12/25/2022,APA,CO,ANM,WE,Towers with Radar,0,55,29,0,84,0,14,49,0,63,0,69,78,0,147,38,0,38,185
12/26/2022,APA,CO,ANM,WE,Towers with Radar,0,85,173,0,258,0,8,238,0,246,0,93,411,0,504,182,0,182,686
12/27/2022,APA,CO,ANM,WE,Towers with Radar,0,110,187,0,297,0,31,168,1,200,0,141,355,1,497,247,0,247,744
12/28/2022,APA,CO,ANM,WE,Towers with Radar,0,96,130,4,230,0,20,131,1,152,0,116,261,5,382,451,0,451,833
12/29/2022,APA,CO,ANM,WE,Towers with Radar,0,96,117,0,213,0,19,47,0,66,0,115,164,0,279,166,0,166,445
12/30/2022,APA,CO,ANM,WE,Towers with Radar,0,88,110,0,198,0,47,202,2,251,0,135,312,2,449,363,0,363,812
12/31/2022,APA,CO,ANM,WE,Towers with Radar,0,61,82,0,143,0,37,226,1,264,0,98,308,1,407,380,0,380,787
01/01/2023,APA,CO,ANM,WE,Towers with Radar,0,68,105,0,173,0,12,72,0,84,0,80,177,0,257,268,0,268,525
01/02/2023,APA,CO,ANM,WE,Towers with Radar,0,58,111,2,171,0,0,3,0,3,0,58,114,2,174,0,0,0,174
01/03/2023,APA,CO,ANM,WE,Towers with Radar,0,129,156,0,285,0,11,82,11,104,0,140,238,11,389,108,0,108,497
01/04/2023,APA,CO,ANM,WE,Towers with Radar,0,104,131,5,240,0,29,274,6,309,0,133,405,11,549,655,2,657,1206
01/05/2023,APA,CO,ANM,WE,Towers with Radar,0,98,92,6,196,0,35,294,2,331,0,133,386,8,527,667,0,667,1194
01/06/2023,APA,CO,ANM,WE,Towers with Radar,0,95,120,7,222,0,30,258,4,292,0,125,378,11,514,414,2,416,930
01/07/2023,APA,CO,ANM,WE,Towers with Radar,0,69,108,2,179,0,35,333,1,369,0,104,441,3,548,344,0,344,892
01/08/2023,APA,CO,ANM,WE,Towers with Radar,0,50,110,2,162,0,35,261,0,296,0,85,371,2,458,451,0,451,909
01/09/2023,APA,CO,ANM,WE,Towers with Radar,0,62,90,6,158,0,40,226,1,267,0,102,316,7,425,520,0,520,945
01/10/2023,APA,CO,ANM,WE,Towers with Radar,0,96,108,2,206,0,44,194,5,243,0,140,302,7,449,390,7,397,846
01/11/2023,APA,CO,ANM,WE,Towers with Radar,0,48,65,0,113,0,0,2,0,2,0,48,67,0,115,0,0,0,115
01/12/2023,APA,CO,ANM,WE,Towers with Radar,0,83,149,4,236,0,45,327,6,378,0,128,476,10,614,823,0,823,1437
01/13/2023,APA,CO,ANM,WE,Towers with Radar,0,77,131,5,213,0,53,301,7,361,0,130,432,12,574,623,0,623,1197
01/14/2023,APA,CO,ANM,WE,Towers with Radar,0,61,88,3,152,0,43,316,0,359,0,104,404,3,511,603,0,603,1114
01/15/2023,APA,CO,ANM,WE,Towers with Radar,0,84,88,2,174,0,57,175,1,233,0,141,263,3,407,535,0,535,942
01/16/2023,APA,CO,ANM,WE,Towers with Radar,0,74,99,3,176,0,42,294,2,338,0,116,393,5,514,713,0,713,1227
01/17/2023,APA,CO,ANM,WE,Towers with Radar,0,97,87,1,185,0,42,189,2,233,0,139,276,3,418,550,0,550,968
01/18/2023,APA,CO,ANM,WE,Towers with Radar,0,58,33,0,91,0,0,1,0,1,0,58,34,0,92,0,0,0,92
01/19/2023,APA,CO,ANM,WE,Towers with Radar,0,76,105,8,189,0,41,145,4,190,0,117,250,12,379,262,0,262,641
01/20/2023,APA,CO,ANM,WE,Towers with Radar,0,56,79,3,138,0,15,98,0,113,0,71,177,3,251,491,0,491,742
01/21/2023,APA,CO,ANM,WE,Towers with Radar,0,65,67,1,133,0,9,12,0,21,0,74,79,1,154,58,0,58,212
01/22/2023,APA,CO,ANM,WE,Towers with Radar,0,74,88,2,164,0,49,215,1,265,0,123,303,3,429,477,0,477,906
01/23/2023,APA,CO,ANM,WE,Towers with Radar,0,55,68,2,125,0,16,61,1,78,0,71,129,3,203,211,0,211,414
01/24/2023,APA,CO,ANM,WE,Towers with Radar,0,79,92,4,175,0,24,183,2,209,0,103,275,6,384,577,0,577,961
01/25/2023,APA,CO,ANM,WE,Towers with Radar,0,60,101,4,165,0,14,32,1,47,0,74,133,5,212,142,0,142,354
01/26/2023,APA,CO,ANM,WE,Towers with Radar,0,101,144,3,248,0,50,220,2,272,0,151,364,5,520,461,0,461,981
01/27/2023,APA,CO,ANM,WE,Towers with Radar,0,76,112,8,196,0,44,320,4,368,0,120,432,12,564,436,0,436,1000
01/28/2023,APA,CO,ANM,WE,Towers with Radar,0,50,62,1,113,0,30,91,1,122,0,80,153,2,235,406,2,408,643
01/29/2023,APA,CO,ANM,WE,Towers with Radar,0,56,68,0,124,0,0,0,0,0,0,56,68,0,124,0,0,0,124
01/30/2023,APA,CO,ANM,WE,Towers with Radar,0,74,93,8,175,0,2,18,1,21,0,76,111,9,196,73,0,73,269
01/31/2023,APA,CO,ANM,WE,Towers with Radar,0,71,105,5,181,0,52,218,4,274,0,123,323,9,455,678,12,690,1145
02/01/2023,APA,CO,ANM,WE,Towers with Radar,0,61,107,1,169,0,50,272,5,327,0,111,379,6,496,888,0,888,1384
02/02/2023,APA,CO,ANM,WE,Towers with Radar,0,105,115,4,224,0,54,305,4,363,0,159,420,8,587,740,2,742,1329
02/03/2023,APA,CO,ANM,WE,Towers with Radar,0,59,114,11,184,0,37,301,5,343,0,96,415,16,527,622,0,622,1149
02/04/2023,APA,CO,ANM,WE,Towers with Radar,0,43,57,3,103,0,30,223,1,254,0,73,280,4,357,619,0,619,976
02/05/2023,APA,CO,ANM,WE,Towers with Radar,0,80,102,1,183,0,31,276,1,308,0,111,378,2,491,656,0,656,1147
02/06/2023,APA,CO,ANM,WE,Towers with Radar,0,85,95,7,187,0,31,109,3,143,0,116,204,10,330,146,0,146,476
02/07/2023,APA,CO,ANM,WE,Towers with Radar,0,71,100,9,180,0,46,266,4,316,0,117,366,13,496,763,0,763,1259
02/08/2023,APA,CO,ANM,WE,Towers with Radar,0,87,127,4,218,0,29,218,4,251,0,116,345,8,469,574,0,574,1043
02/09/2023,APA,CO,ANM,WE,Towers with Radar,0,101,91,0,192,0,23,55,8,86,0,124,146,8,278,95,0,95,373
02/10/2023,APA,CO,ANM,WE,Towers with Radar,0,67,107,12,186,0,34,370,9,413,0,101,477,21,599,688,4,692,1291
02/11/2023,APA,CO,ANM,WE,Towers with Radar,0,46,74,3,123,0,45,340,6,391,0,91,414,9,514,728,4,732,1246
02/12/2023,APA,CO,ANM,WE,Towers with Radar,0,85,75,5,165,0,37,247,1,285,0,122,322,6,450,577,0,577,1027
02/13/2023,APA,CO,ANM,WE,Towers with Radar,0,96,107,2,205,0,26,200,1,227,0,122,307,3,432,365,0,365,797
02/14/2023,APA,CO,ANM,WE,Towers with Radar,0,86,76,4,166,0,25,106,1,132,0,111,182,5,298,300,0,300,598
02/15/2023,APA,CO,ANM,WE,Towers with Radar,0,67,53,0,120,0,0,0,0,0,0,67,53,0,120,0,0,0,120
02/16/2023,APA,CO,ANM,WE,Towers with Radar,0,107,162,12,281,0,77,191,4,272,0,184,353,16,553,410,0,410,963
02/17/2023,APA,CO,ANM,WE,Towers with Radar,0,81,147,12,240,0,91,353,5,449,0,172,500,17,689,632,0,632,1321
02/18/2023,APA,CO,ANM,WE,Towers with Radar,0,67,67,1,135,0,65,369,1,435,0,132,436,2,570,526,0,526,1096
02/19/2023,APA,CO,ANM,WE,Towers with Radar,0,52,93,2,147,0,19,74,0,93,0,71,167,2,240,126,0,126,366
02/20/2023,APA,CO,ANM,WE,Towers with Radar,0,85,158,2,245,0,31,110,0,141,0,116,268,2,386,524,0,524,910
02/21/2023,APA,CO,ANM,WE,Towers with Radar,0,91,125,1,217,0,24,160,1,185,0,115,285,2,402,515,0,515,917
02/22/2023,APA,CO,ANM,WE,Towers with Radar,0,68,63,0,131,0,0,0,0,0,0,68,63,0,131,0,0,0,131
02/23/2023,APA,CO,ANM,WE,Towers with Radar,0,111,119,6,236,0,58,121,2,181,0,169,240,8,417,350,0,350,767
02/24/2023,APA,CO,ANM,WE,Towers with Radar,0,73,119,9,201,0,63,200,6,269,0,136,319,15,470,745,0,745,1215
02/25/2023,APA,CO,ANM,WE,Towers with Radar,0,76,94,6,176,0,49,182,3,234,0,125,276,9,410,144,0,144,554
02/26/2023,APA,CO,ANM,WE,Towers with Radar,0,65,116,3,184,0,9,60,0,69,0,74,176,3,253,132,0,132,385
02/27/2023,APA,CO,ANM,WE,Towers with Radar,0,83,122,1,206,0,40,214,7,261,0,123,336,8,467,456,0,456,923
02/28/2023,APA,CO,ANM,WE,Towers with Radar,0,82,98,2,182,0,23,66,3,92,0,105,164,5,274,105,10,115,389
03/01/2023,APA,CO,ANM,WE,Towers with Radar,0,94,130,5,229,0,33,86,1,120,0,127,216,6,349,361,0,361,710
03/02/2023,APA,CO,ANM,WE,Towers with Radar,0,95,127,8,230,0,82,248,7,337,0,177,375,15,567,663,0,663,1230
03/03/2023,APA,CO,ANM,WE,Towers with Radar,0,112,100,4,216,0,67,224,1,292,0,179,324,5,508,528,0,528,1036
03/04/2023,APA,CO,ANM,WE,Towers with Radar,0,81,85,3,169,0,39,142,0,181,0,120,227,3,350,265,0,265,615
03/05/2023,APA,CO,ANM,WE,Towers with Radar,0,40,92,4,136,0,28,35,2,65,0,68,127,6,201,100,0,100,301
03/06/2023,APA,CO,ANM,WE,Towers with Radar,0,89,121,12,222,0,43,198,3,244,0,132,319,15,466,385,0,385,851
03/07/2023,APA,CO,ANM,WE,Towers with Radar,0,81,95,3,179,0,0,6,0,6,0,81,101,3,185,0,0,0,185
03/08/2023,APA,CO,ANM,WE,Towers with Radar,0,64,119,7,190,0,45,101,4,150,0,109,220,11,340,875,0,875,1215
03/09/2023,APA,CO,ANM,WE,Towers with Radar,0,80,138,5,223,0,91,222,11,324,0,171,360,16,547,672,14,686,1233
03/10/2023,APA,CO,ANM,WE,Towers with Radar,0,88,122,15,225,0,42,193,1,236,0,130,315,16,461,363,0,363,824
03/11/2023,APA,CO,ANM,WE,Towers with Radar,0,68,96,3,167,0,62,204,3,269,0,130,300,6,436,564,0,564,1000
03/12/2023,APA,CO,ANM,WE,Towers with Radar,0,73,121,7,201,0,51,239,3,293,0,124,360,10,494,634,0,634,1128
03/13/2023,APA,CO,ANM,WE,Towers with Radar,0,65,106,1,172,0,76,307,1,384,0,141,413,2,556,755,0,755,1311
03/14/2023,APA,CO,ANM,WE,Towers with Radar,0,69,103,3,175,0,108,304,2,414,0,177,407,5,589,920,0,920,1509
03/15/2023,APA,CO,ANM,WE,Towers with Radar,0,93,104,4,201,0,52,191,8,251,0,145,295,12,452,587,0,587,1039
03/16/2023,APA,CO,ANM,WE,Towers with Radar,0,87,93,0,180,0,0,12,0,12,0,87,105,0,192,0,0,0,192
03/17/2023,APA,CO,ANM,WE,Towers with Radar,0,108,119,7,234,0,64,271,1,336,0,172,390,8,570,487,0,487,1057
03/18/2023,APA,CO,ANM,WE,Towers with Radar,0,85,114,7,206,0,62,338,6,406,0,147,452,13,612,387,0,387,999
03/19/2023,APA,CO,ANM,WE,Towers with Radar,0,98,115,6,219,0,62,223,2,287,0,160,338,8,506,577,0,577,1083
03/20/2023,APA,CO,ANM,WE,Towers with Radar,0,75,91,2,168,0,54,217,2,273,0,129,308,4,441,780,0,780,1221
03/21/2023,APA,CO,ANM,WE,Towers with Radar,0,97,83,6,186,0,58,199,1,258,0,155,282,7,444,665,0,665,1109
03/22/2023,APA,CO,ANM,WE,Towers with Radar,0,102,118,8,228,0,18,119,6,143,0,120,237,14,371,450,0,450,821
03/23/2023,APA,CO,ANM,WE,Towers with Radar,0,101,121,12,234,0,67,243,9,319,0,168,364,21,553,817,4,821,1374
03/24/2023,APA,CO,ANM,WE,Towers with Radar,0,67,93,10,170,0,64,204,8,276,0,131,297,18,446,578,2,580,1026
03/25/2023,APA,CO,ANM,WE,Towers with Radar,0,62,91,3,156,0,9,32,1,42,0,71,123,4,198,11,0,11,209
03/26/2023,APA,CO,ANM,WE,Towers with Radar,0,73,121,7,201,0,61,211,4,276,0,134,332,11,477,696,0,696,1173
03/27/2023,APA,CO,ANM,WE,Towers with Radar,0,65,81,3,149,0,22,29,0,51,0,87,110,3,200,205,0,205,405
03/28/2023,APA,CO,ANM,WE,Towers with Radar,0,83,98,5,186,0,93,343,4,440,0,176,441,9,626,946,0,946,1572
03/29/2023,APA,CO,ANM,WE,Towers with Radar,0,77,99,9,185,0,77,337,3,417,0,154,436,12,602,599,0,599,1201
03/30/2023,APA,CO,ANM,WE,Towers with Radar,0,59,83,7,149,0,15,33,3,51,0,74,116,10,200,115,0,115,315
03/31/2023,APA,CO,ANM,WE,Towers with Radar,0,81,81,11,173,0,11,12,3,26,0,92,93,14,199,4,0,4,203
04/01/2023,APA,CO,ANM,WE,Towers with Radar,0,76,63,15,154,0,52,300,9,361,0,128,363,24,515,555,0,555,1070
04/02/2023,APA,CO,ANM,WE,Towers with Radar,0,77,90,3,170,0,29,139,0,168,0,106,229,3,338,236,0,236,574
04/03/2023,APA,CO,ANM,WE,Towers with Radar,0,72,94,3,169,0,51,152,3,206,0,123,246,6,375,630,0,630,1005
04/04/2023,APA,CO,ANM,WE,Towers with Radar,0,77,64,2,143,0,0,0,0,0,0,77,64,2,143,0,0,0,143
04/05/2023,APA,CO,ANM,WE,Towers with Radar,0,87,105,2,194,0,61,170,11,242,0,148,275,13,436,629,2,631,1067
04/06/2023,APA,CO,ANM,WE,Towers with Radar,0,95,104,6,205,0,73,399,16,488,0,168,503,22,693,986,4,990,1683
04/07/2023,APA,CO,ANM,WE,Towers with Radar,0,75,112,4,191,0,63,402,7,472,0,138,514,11,663,944,0,944,1607
04/08/2023,APA,CO,ANM,WE,Towers with Radar,0,60,64,0,124,0,71,316,8,395,0,131,380,8,519,622,0,622,1141
04/09/2023,APA,CO,ANM,WE,Towers with Radar,0,48,66,0,114,0,56,290,4,350,0,104,356,4,464,685,0,685,1149
04/10/2023,APA,CO,ANM,WE,Towers with Radar,0,85,115,5,205,0,81,330,0,411,0,166,445,5,616,1035,0,1035,1651
04/11/2023,APA,CO,ANM,WE,Towers with Radar,0,70,96,12,178,0,65,334,2,401,0,135,430,14,579,971,1,972,1551
04/12/2023,APA,CO,ANM,WE,Towers with Radar,0,77,94,8,179,0,85,233,14,332,0,162,327,22,511,543,11,554,1065
04/13/2023,APA,CO,ANM,WE,Towers with Radar,0,52,99,9,160,0,49,97,15,161,0,101,196,24,321,371,8,379,700
04/14/2023,APA,CO,ANM,WE,Towers with Radar,0,63,84,2,149,0,11,24,0,35,0,74,108,2,184,68,0,68,252
04/15/2023,APA,CO,ANM,WE,Towers with Radar,0,55,47,8,110,0,47,126,2,175,0,102,173,10,285,313,0,313,598
04/16/2023,APA,CO,ANM,WE,Towers with Radar,0,76,101,5,182,0,80,447,6,533,0,156,548,11,715,745,0,745,1460
04/17/2023,APA,CO,ANM,WE,Towers with Radar,0,86,118,0,204,0,94,332,5,431,0,180,450,5,635,844,12,856,1491
04/18/2023,APA,CO,ANM,WE,Towers with Radar,0,70,99,6,175,0,45,101,1,147,0,115,200,7,322,414,0,414,736
04/19/2023,APA,CO,ANM,WE,Towers with Radar,0,51,97,7,155,0,45,119,3,167,0,96,216,10,322,300,0,300,622
04/20/2023,APA,CO,ANM,WE,Towers with Radar,0,81,99,4,184,0,42,61,4,107,0,123,160,8,291,59,0,59,350
04/21/2023,APA,CO,ANM,WE,Towers with Radar,0,71,98,8,177,0,61,257,3,321,0,132,355,11,498,961,0,961,1459
04/22/2023,APA,CO,ANM,WE,Towers with Radar,0,55,51,0,106,0,10,14,0,24,0,65,65,0,130,126,0,126,256
04/23/2023,APA,CO,ANM,WE,Towers with Radar,0,68,100,6,174,0,66,341,4,411,0,134,441,10,585,770,2,772,1357
04/24/2023,APA,CO,ANM,WE,Towers with Radar,0,71,100,9,180,0,64,316,6,386,0,135,416,15,566,826,0,826,1392
04/25/2023,APA,CO,ANM,WE,Towers with Radar,0,78,89,3,170,0,28,111,2,141,0,106,200,5,311,473,0,473,784
04/26/2023,APA,CO,ANM,WE,Towers with Radar,0,89,100,5,194,0,41,87,0,128,0,130,187,5,322,540,0,540,862
04/27/2023,APA,CO,ANM,WE,Towers with Radar,0,84,129,5,218,0,46,152,2,200,0,130,281,7,418,437,0,437,855
04/28/2023,APA,CO,ANM,WE,Towers with Radar,0,70,74,5,149,0,48,178,4,230,0,118,252,9,379,546,0,546,925
04/29/2023,APA,CO,ANM,WE,Towers with Radar,0,63,55,2,120,0,81,364,6,451,0,144,419,8,571,502,0,502,1073
04/30/2023,APA,CO,ANM,WE,Towers with Radar,0,70,86,0,156,0,77,361,0,438,0,147,447,0,594,819,0,819,1413
05/01/2023,APA,CO,ANM,WE,Towers with Radar,0,83,88,5,176,0,40,254,3,297,0,123,342,8,473,788,13,801,1274
05/02/2023,APA,CO,ANM,WE,Towers with Radar,0,66,98,5,169,0,72,200,2,274,0,138,298,7,443,665,4,669,1112
05/03/2023,APA,CO,ANM,WE,Towers with Radar,0,66,112,5,183,0,92,308,7,407,0,158,420,12,590,979,0,979,1569
05/04/2023,APA,CO,ANM,WE,Towers with Radar,0,87,103,8,198,0,21,45,4,70,0,108,148,12,268,274,0,274,542
05/05/2023,APA,CO,ANM,WE,Towers with Radar,0,91,85,23,199,0,67,216,7,290,0,158,301,30,489,680,0,680,1169
05/06/2023,APA,CO,ANM,WE,Towers with Radar,0,72,71,6,149,0,63,282,1,346,0,135,353,7,495,803,0,803,1298
05/07/2023,APA,CO,ANM,WE,Towers with Radar,0,105,106,4,215,0,71,253,18,342,0,176,359,22,557,707,0,707,1264
05/08/2023,APA,CO,ANM,WE,Towers with Radar,0,81,94,6,181,0,59,248,5,312,0,140,342,11,493,679,0,679,1172
05/09/2023,APA,CO,ANM,WE,Towers with Radar,0,83,98,2,183,0,58,269,2,329,0,141,367,4,512,822,4,826,1338
05/10/2023,APA,CO,ANM,WE,Towers with Radar,0,65,129,11,205,0,0,2,1,3,0,65,131,12,208,0,0,0,208
05/11/2023,APA,CO,ANM,WE,Towers with Radar,0,80,75,5,160,0,0,0,0,0,0,80,75,5,160,0,0,0,160
05/12/2023,APA,CO,ANM,WE,Towers with Radar,0,78,121,8,207,0,12,43,4,59,0,90,164,12,266,211,0,211,477
05/13/2023,APA,CO,ANM,WE,Towers with Radar,0,83,68,6,157,0,67,249,1,317,0,150,317,7,474,608,0,608,1082
05/14/2023,APA,CO,ANM,WE,Towers with Radar,0,58,80,6,144,0,0,0,0,0,0,58,80,6,144,43,0,43,187
05/15/2023,APA,CO,ANM,WE,Towers with Radar,0,91,131,4,226,0,46,102,1,149,0,137,233,5,375,726,0,726,1101
05/16/2023,APA,CO,ANM,WE,Towers with Radar,0,119,124,8,251,0,88,323,3,414,0,207,447,11,665,851,0,851,1516
05/17/2023,APA,CO,ANM,WE,Towers with Radar,0,89,124,5,218,0,86,258,2,346,0,175,382,7,564,794,0,794,1358
05/18/2023,APA,CO,ANM,WE,Towers with Radar,0,92,116,9,217,0,33,102,1,136,0,125,218,10,353,480,0,480,833
05/19/2023,APA,CO,ANM,WE,Towers with Radar,0,90,122,1,213,0,0,3,0,3,0,90,125,1,216,0,0,0,216
05/20/2023,APA,CO,ANM,WE,Towers with Radar,0,79,73,5,157,0,28,58,2,88,0,107,131,7,245,166,0,166,411
05/21/2023,APA,CO,ANM,WE,Towers with Radar,0,78,96,1,175,0,92,306,1,399,0,170,402,2,574,925,0,925,1499
05/22/2023,APA,CO,ANM,WE,Towers with Radar,0,64,121,8,193,0,51,240,7,298,0,115,361,15,491,911,0,911,1402
05/23/2023,APA,CO,ANM,WE,Towers with Radar,0,78,112,2,192,0,69,234,18,321,0,147,346,20,513,1001,0,1001,1514
05/24/2023,APA,CO,ANM,WE,Towers with Radar,0,102,113,5,220,0,38,124,6,168,0,140,237,11,388,575,0,575,963
05/25/2023,APA,CO,ANM,WE,Towers with Radar,1,118,104,8,231,0,54,187,1,242,1,172,291,9,473,568,0,568,1041
05/26/2023,APA,CO,ANM,WE,Towers with Radar,0,85,99,5,189,0,39,228,2,269,0,124,327,7,458,457,0,457,915
05/27/2023,APA,CO,ANM,WE,Towers with Radar,1,59,55,3,118,0,45,213,3,261,1,104,268,6,379,455,0,455,834
05/28/2023,APA,CO,ANM,WE,Towers with Radar,0,64,56,0,120,0,51,245,0,296,0,115,301,0,416,590,0,590,1006
05/29/2023,APA,CO,ANM,WE,Towers with Radar,0,84,73,1,158,0,67,246,1,314,0,151,319,2,472,674,0,674,1146
05/30/2023,APA,CO,ANM,WE,Towers with Radar,0,71,84,6,161,0,53,248,3,304,0,124,332,9,465,690,0,690,1155
05/31/2023,APA,CO,ANM,WE,Towers with Radar,0,93,95,4,192,0,81,248,10,339,0,174,343,14,531,711,0,711,1242
06/01/2023,APA,CO,ANM,WE,Towers with Radar,0,91,119,3,213,0,42,119,2,163,0,133,238,5,376,268,0,268,644
06/02/2023,APA,CO,ANM,WE,Towers with Radar,0,90,103,2,195,0,61,181,9,251,0,151,284,11,446,677,17,694,1140
06/03/2023,APA,CO,ANM,WE,Towers with Radar,0,68,88,2,158,1,5,8,0,14,1,73,96,2,172,22,0,22,194
06/04/2023,APA,CO,ANM,WE,Towers with Radar,0,74,113,1,188,0,5,9,0,14,0,79,122,1,202,6,0,6,208
06/05/2023,APA,CO,ANM,WE,Towers with Radar,0,117,95,9,221,0,49,214,9,272,0,166,309,18,493,656,0,656,1149
06/06/2023,APA,CO,ANM,WE,Towers with Radar,0,107,108,4,219,0,57,251,6,314,0,164,359,10,533,718,0,718,1251
06/07/2023,APA,CO,ANM,WE,Towers with Radar,0,88,121,4,213,0,75,251,3,329,0,163,372,7,542,662,0,662,1204
06/08/2023,APA,CO,ANM,WE,Towers with Radar,0,77,131,2,210,0,66,295,7,368,0,143,426,9,578,654,2,656,1234
06/09/2023,APA,CO,ANM,WE,Towers with Radar,0,81,83,4,168,0,49,254,7,310,0,130,337,11,478,469,0,469,947
06/10/2023,APA,CO,ANM,WE,Towers with Radar,0,73,88,1,162,0,77,359,6,442,0,150,447,7,604,873,0,873,1477
06/11/2023,APA,CO,ANM,WE,Towers with Radar,0,105,99,4,208,0,27,149,5,181,0,132,248,9,389,570,0,570,959
06/12/2023,APA,CO,ANM,WE,Towers with Radar,0,91,120,10,221,0,21,102,1,124,0,112,222,11,345,234,0,234,579
06/13/2023,APA,CO,ANM,WE,Towers with Radar,0,104,149,4,257,0,30,87,4,121,0,134,236,8,378,473,0,473,851
06/14/2023,APA,CO,ANM,WE,Towers with Radar,0,88,111,10,209,0,70,288,14,372,0,158,399,24,581,790,4,794,1375
06/15/2023,APA,CO,ANM,WE,Towers with Radar,0,83,109,5,197,0,61,203,7,271,0,144,312,12,468,679,2,681,1149
06/16/2023,APA,CO,ANM,WE,Towers with Radar,0,83,132,3,218,0,3,8,2,13,0,86,140,5,231,44,0,44,275
06/17/2023,APA,CO,ANM,WE,Towers with Radar,0,79,64,2,145,0,71,190,1,262,0,150,254,3,407,659,6,665,1072
06/18/2023,APA,CO,ANM,WE,Towers with Radar,0,66,92,0,158,0,42,301,1,344,0,108,393,1,502,535,0,535,1037
06/19/2023,APA,CO,ANM,WE,Towers with Radar,0,84,96,2,182,0,60,309,5,374,0,144,405,7,556,709,0,709,1265
06/20/2023,APA,CO,ANM,WE,Towers with Radar,0,75,94,22,191,3,65,317,4,389,3,140,411,26,580,837,0,837,1417
06/21/2023,APA,CO,ANM,WE,Towers with Radar,0,92,130,5,227,0,62,272,4,338,0,154,402,9,565,668,0,668,1233
06/22/2023,APA,CO,ANM,WE,Towers with Radar,0,84,119,0,203,0,49,139,5,193,0,133,258,5,396,479,0,479,875
06/23/2023,APA,CO,ANM,WE,Towers with Radar,0,86,148,13,247,31,79,258,31,399,31,165,406,44,646,663,0,663,1309
06/24/2023,APA,CO,ANM,WE,Towers with Radar,0,81,85,2,168,0,69,307,4,380,0,150,392,6,548,708,0,708,1256
06/25/2023,APA,CO,ANM,WE,Towers with Radar,0,83,123,15,221,0,64,349,1,414,0,147,472,16,635,818,0,818,1453
06/26/2023,APA,CO,ANM,WE,Towers with Radar,0,78,92,10,180,0,77,339,2,418,0,155,431,12,598,692,0,692,1290
06/27/2023,APA,CO,ANM,WE,Towers with Radar,0,94,109,12,215,0,41,109,4,154,0,135,218,16,369,206,0,206,575
06/28/2023,APA,CO,ANM,WE,Towers with Radar,0,100,158,7,265,0,70,322,6,398,0,170,480,13,663,746,0,746,1409
06/29/2023,APA,CO,ANM,WE,Towers with Radar,0,87,131,3,221,0,36,138,7,181,0,123,269,10,402,200,0,200,602
06/30/2023,APA,CO,ANM,WE,Towers with Radar,0,75,128,4,207,0,26,149,2,177,0,101,277,6,384,406,0,406,790
07/01/2023,APA,CO,ANM,WE,Towers with Radar,0,81,106,1,188,0,66,338,1,405,0,147,444,2,593,690,0,690,1283
07/02/2023,APA,CO,ANM,WE,Towers with Radar,0,67,84,2,153,0,54,222,1,277,0,121,306,3,430,641,0,641,1071
07/03/2023,APA,CO,ANM,WE,Towers with Radar,0,76,45,1,122,0,58,371,3,432,0,134,416,4,554,483,0,483,1037
07/04/2023,APA,CO,ANM,WE,Towers with Radar,0,61,43,2,106,0,78,190,4,272,0,139,233,6,378,555,0,555,933
07/05/2023,APA,CO,ANM,WE,Towers with Radar,0,83,109,7,199,0,4,74,0,78,0,87,183,7,277,128,0,128,405
07/06/2023,APA,CO,ANM,WE,Towers with Radar,0,80,145,4,229,0,40,109,1,150,0,120,254,5,379,504,0,504,883
07/07/2023,APA,CO,ANM,WE,Towers with Radar,0,75,116,3,194,0,42,193,3,238,0,117,309,6,432,696,0,696,1128
07/08/2023,APA,CO,ANM,WE,Towers with Radar,0,68,76,3,147,0,47,223,10,280,0,115,299,13,427,461,20,481,908
07/09/2023,APA,CO,ANM,WE,Towers with Radar,0,67,118,3,188,0,65,374,1,440,0,132,492,4,628,883,0,883,1511
07/10/2023,APA,CO,ANM,WE,Towers with Radar,0,81,110,3,194,0,57,229,5,291,0,138,339,8,485,703,0,703,1188
07/11/2023,APA,CO,ANM,WE,Towers with Radar,0,87,102,7,196,0,86,324,8,418,0,173,426,15,614,962,4,966,1580
07/12/2023,APA,CO,ANM,WE,Towers with Radar,0,89,127,2,218,0,117,325,5,447,0,206,452,7,665,989,6,995,1660
07/13/2023,APA,CO,ANM,WE,Towers with Radar,0,94,123,5,222,0,74,315,11,400,0,168,438,16,622,979,0,979,1601
07/14/2023,APA,CO,ANM,WE,Towers with Radar,0,107,132,5,244,0,52,289,10,351,0,159,421,15,595,499,0,499,1094
07/15/2023,APA,CO,ANM,WE,Towers with Radar,0,77,112,3,192,0,85,352,0,437,0,162,464,3,629,612,0,612,1241
07/16/2023,APA,CO,ANM,WE,Towers with Radar,0,95,147,7,249,0,74,344,2,420,0,169,491,9,669,662,3,665,1334
07/17/2023,APA,CO,ANM,WE,Towers with Radar,0,93,103,4,200,0,57,267,6,330,0,150,370,10,530,828,4,832,1362
07/18/2023,APA,CO,ANM,WE,Towers with Radar,0,88,110,13,211,0,63,252,9,324,0,151,362,22,535,766,0,766,1301
07/19/2023,APA,CO,ANM,WE,Towers with Radar,0,78,113,5,196,0,44,274,8,326,0,122,387,13,522,904,0,904,1426
07/20/2023,APA,CO,ANM,WE,Towers with Radar,0,77,131,13,221,0,20,98,3,121,0,97,229,16,342,238,0,238,580
07/21/2023,APA,CO,ANM,WE,Towers with Radar,0,93,131,22,246,9,61,325,13,408,9,154,456,35,654,727,2,729,1383
07/22/2023,APA,CO,ANM,WE,Towers with Radar,0,51,55,3,109,0,108,385,4,497,0,159,440,7,606,711,0,711,1317
07/23/2023,APA,CO,ANM,WE,Towers with Radar,0,101,178,10,289,0,71,236,2,309,0,172,414,12,598,492,0,492,1090
07/24/2023,APA,CO,ANM,WE,Towers with Radar,0,88,134,7,229,0,71,241,2,314,0,159,375,9,543,635,0,635,1178
07/25/2023,APA,CO,ANM,WE,Towers with Radar,0,85,100,10,195,0,80,288,4,372,0,165,388,14,567,146,0,146,713
07/26/2023,APA,CO,ANM,WE,Towers with Radar,0,93,102,7,202,0,94,268,4,366,0,187,370,11,568,65,0,65,633
07/27/2023,APA,CO,ANM,WE,Towers with Radar,0,87,107,9,203,0,97,235,5,337,0,184,342,14,540,634,0,634,1174
07/28/2023,APA,CO,ANM,WE,Towers with Radar,0,86,120,8,214,1,54,204,1,260,1,140,324,9,474,586,0,586,1060
07/29/2023,APA,CO,ANM,WE,Towers with Radar,0,64,97,7,168,0,86,251,3,340,0,150,348,10,508,607,14,621,1129
07/30/2023,APA,CO,ANM,WE,Towers with Radar,0,72,78,7,157,0,66,202,1,269,0,138,280,8,426,628,0,628,1054
07/31/2023,APA,CO,ANM,WE,Towers with Radar,0,80,87,6,173,0,22,207,1,230,0,102,294,7,403,325,0,325,728
08/01/2023,APA,CO,ANM,WE,Towers with Radar,0,84,104,8,196,0,50,218,9,277,0,134,322,17,473,719,2,721,1194
08/02/2023,APA,CO,ANM,WE,Towers with Radar,0,68,67,6,141,0,76,219,1,296,0,144,286,7,437,780,9,789,1226
08/03/2023,APA,CO,ANM,WE,Towers with Radar,0,69,107,7,183,0,75,271,4,350,0,144,378,11,533,676,0,676,1209
08/04/2023,APA,CO,ANM,WE,Towers with Radar,0,72,111,9,192,0,100,457,1,558,0,172,568,10,750,946,0,946,1696
08/05/2023,APA,CO,ANM,WE,Towers with Radar,0,52,61,4,117,0,62,278,3,343,0,114,339,7,460,445,0,445,905
08/06/2023,APA,CO,ANM,WE,Towers with Radar,0,78,114,2,194,0,23,195,0,218,0,101,309,2,412,579,0,579,991
08/07/2023,APA,CO,ANM,WE,Towers with Radar,1,74,112,6,193,0,69,519,1,589,1,143,631,7,782,853,0,853,1635
08/08/2023,APA,CO,ANM,WE,Towers with Radar,0,92,106,4,202,0,62,339,3,404,0,154,445,7,606,779,0,779,1385
08/09/2023,APA,CO,ANM,WE,Towers with Radar,1,89,104,5,199,0,79,395,2,476,1,168,499,7,675,890,0,890,1565
08/10/2023,APA,CO,ANM,WE,Towers with Radar,0,97,143,9,249,0,67,302,1,370,0,164,445,10,619,811,0,811,1430
08/11/2023,APA,CO,ANM,WE,Towers with Radar,0,63,133,19,215,0,69,281,5,355,0,132,414,24,570,603,0,603,1173
08/12/2023,APA,CO,ANM,WE,Towers with Radar,0,62,76,8,146,0,63,215,8,286,0,125,291,16,432,707,10,717,1149
08/13/2023,APA,CO,ANM,WE,Towers with Radar,0,109,119,11,239,0,52,174,0,226,0,161,293,11,465,481,0,481,946
08/14/2023,APA,CO,ANM,WE,Towers with Radar,0,93,110,10,213,0,72,378,2,452,0,165,488,12,665,816,0,816,1481
08/15/2023,APA,CO,ANM,WE,Towers with Radar,0,109,123,6,238,0,93,408,2,503,0,202,531,8,741,1152,0,1152,1893
08/16/2023,APA,CO,ANM,WE,Towers with Radar,0,72,123,3,198,0,77,296,3,376,0,149,419,6,574,726,0,726,1300
08/17/2023,APA,CO,ANM,WE,Towers with Radar,0,86,125,8,219,0,64,269,3,336,0,150,394,11,555,115,0,115,670
08/18/2023,APA,CO,ANM,WE,Towers with Radar,0,65,117,20,202,0,62,250,8,320,0,127,367,28,522,550,2,552,1074
08/19/2023,APA,CO,ANM,WE,Towers with Radar,0,72,85,7,164,0,105,301,14,420,0,177,386,21,584,540,1,541,1125
08/20/2023,APA,CO,ANM,WE,Towers with Radar,0,77,105,13,195,0,68,251,3,322,0,145,356,16,517,539,0,539,1056
08/21/2023,APA,CO,ANM,WE,Towers with Radar,0,82,83,7,172,0,69,177,5,251,0,151,260,12,423,495,0,495,918
08/22/2023,APA,CO,ANM,WE,Towers with Radar,0,95,101,13,209,0,91,241,5,337,0,186,342,18,546,621,0,621,1167
08/23/2023,APA,CO,ANM,WE,Towers with Radar,0,85,116,4,205,0,87,248,5,340,0,172,364,9,545,699,0,699,1244
08/24/2023,APA,CO,ANM,WE,Towers with Radar,0,88,149,7,244,0,82,312,5,399,0,170,461,12,643,877,0,877,1520
08/25/2023,APA,CO,ANM,WE,Towers with Radar,0,86,107,7,200,0,31,60,7,98,0,117,167,14,298,393,0,393,691
08/26/2023,APA,CO,ANM,WE,Towers with Radar,0,81,84,4,169,0,63,199,0,262,0,144,283,4,431,607,0,607,1038
08/27/2023,APA,CO,ANM,WE,Towers with Radar,0,72,131,7,210,0,45,290,2,337,0,117,421,9,547,517,0,517,1064
08/28/2023,APA,CO,ANM,WE,Towers with Radar,0,94,116,11,221,0,28,145,0,173,0,122,261,11,394,527,0,527,921
08/29/2023,APA,CO,ANM,WE,Towers with Radar,0,91,123,3,217,0,145,374,3,522,0,236,497,6,739,1090,0,1090,1829
08/30/2023,APA,CO,ANM,WE,Towers with Radar,0,82,137,11,230,0,135,332,5,472,0,217,469,16,702,977,4,981,1683
08/31/2023,APA,CO,ANM,WE,Towers with Radar,0,95,142,6,243,0,119,335,8,462,0,214,477,14,705,669,1,670,1375
