01/01/2020,APC,CA,AWP,WE,Towers with Radar,0,14,15,0,29,0,0,39,0,39,0,14,54,0,68,4,0,4,72
01/02/2020,APC,CA,AWP,WE,Towers with Radar,0,12,9,0,21,0,4,75,0,79,0,16,84,0,100,72,0,72,172
01/03/2020,APC,CA,AWP,WE,Towers with Radar,0,14,9,3,26,0,2,49,1,52,0,16,58,4,78,2,0,2,80
01/04/2020,APC,CA,AWP,WE,Towers with Radar,0,10,15,0,25,0,2,61,0,63,0,12,76,0,88,30,0,30,118
01/05/2020,APC,CA,AWP,WE,Towers with Radar,0,8,4,0,12,0,0,82,0,82,0,8,86,0,94,90,0,90,184
01/06/2020,APC,CA,AWP,WE,Towers with Radar,0,5,6,0,11,0,1,55,3,59,0,6,61,3,70,40,0,40,110
01/07/2020,APC,CA,AWP,WE,Towers with Radar,0,5,15,4,24,0,0,47,0,47,0,5,62,4,71,26,0,26,97
01/08/2020,APC,CA,AWP,WE,Towers with Radar,0,5,17,0,22,0,0,24,1,25,0,5,41,1,47,6,0,6,53
01/09/2020,APC,CA,AWP,WE,Towers with Radar,0,8,13,0,21,0,0,40,0,40,0,8,53,0,61,34,0,34,95
01/10/2020,APC,CA,AWP,WE,Towers with Radar,0,9,16,0,25,0,3,92,0,95,0,12,108,0,120,116,0,116,236
01/11/2020,APC,CA,AWP,WE,Towers with Radar,0,6,16,0,22,0,0,63,0,63,0,6,79,0,85,70,0,70,155
01/12/2020,APC,CA,AWP,WE,Towers with Radar,0,13,14,0,27,0,3,64,0,67,0,16,78,0,94,80,0,80,174
01/13/2020,APC,CA,AWP,WE,Towers with Radar,0,4,7,0,11,0,3,58,2,63,0,7,65,2,74,54,16,70,144
01/14/2020,APC,CA,AWP,WE,Towers with Radar,0,2,10,0,12,0,1,45,2,48,0,3,55,2,60,88,0,88,148
01/15/2020,APC,CA,AWP,WE,Towers with Radar,0,7,12,0,19,0,0,53,3,56,0,7,65,3,75,58,10,68,143
01/16/2020,APC,CA,AWP,WE,Towers with Radar,0,10,11,0,21,0,0,11,0,11,0,10,22,0,32,12,0,12,44
01/17/2020,APC,CA,AWP,WE,Towers with Radar,0,24,22,0,46,0,1,52,1,54,0,25,74,1,100,68,26,94,194
01/18/2020,APC,CA,AWP,WE,Towers with Radar,0,9,8,0,17,0,1,73,0,74,0,10,81,0,91,126,0,126,217
01/19/2020,APC,CA,AWP,WE,Towers with Radar,0,6,18,0,24,0,3,38,0,41,0,9,56,0,65,54,0,54,119
01/20/2020,APC,CA,AWP,WE,Towers with Radar,0,14,4,0,18,0,27,43,0,70,0,41,47,0,88,74,0,74,162
01/21/2020,APC,CA,AWP,WE,Towers with Radar,0,5,21,0,26,0,1,6,0,7,0,6,27,0,33,18,0,18,51
01/22/2020,APC,CA,AWP,WE,Towers with Radar,0,8,16,0,24,0,5,60,0,65,0,13,76,0,89,66,0,66,155
01/23/2020,APC,CA,AWP,WE,Towers with Radar,0,13,25,0,38,0,2,84,3,89,0,15,109,3,127,38,3,41,168
01/24/2020,APC,CA,AWP,WE,Towers with Radar,0,12,23,0,35,0,6,33,0,39,0,18,56,0,74,44,0,44,118
01/25/2020,APC,CA,AWP,WE,Towers with Radar,0,5,8,0,13,0,6,80,0,86,0,11,88,0,99,38,0,38,137
01/26/2020,APC,CA,AWP,WE,Towers with Radar,0,16,18,2,36,0,10,51,0,61,0,26,69,2,97,83,0,83,180
01/27/2020,APC,CA,AWP,WE,Towers with Radar,0,8,16,0,24,0,6,11,0,17,0,14,27,0,41,46,0,46,87
01/28/2020,APC,CA,AWP,WE,Towers with Radar,0,8,23,0,31,0,6,12,0,18,0,14,35,0,49,68,0,68,117
01/29/2020,APC,CA,AWP,WE,Towers with Radar,0,5,15,3,23,0,2,45,0,47,0,7,60,3,70,52,0,52,122
01/30/2020,APC,CA,AWP,WE,Towers with Radar,0,20,17,0,37,0,4,74,0,78,0,24,91,0,115,74,0,74,189
01/31/2020,APC,CA,AWP,WE,Towers with Radar,0,13,15,0,28,0,3,57,0,60,0,16,72,0,88,36,0,36,124
02/01/2020,APC,CA,AWP,WE,Towers with Radar,0,12,13,1,26,0,6,78,0,84,0,18,91,1,110,94,0,94,204
02/02/2020,APC,CA,AWP,WE,Towers with Radar,0,14,13,0,27,0,10,15,0,25,0,24,28,0,52,10,0,10,62
02/03/2020,APC,CA,AWP,WE,Towers with Radar,0,9,8,0,17,0,5,37,0,42,0,14,45,0,59,28,0,28,87
02/04/2020,APC,CA,AWP,WE,Towers with Radar,0,7,13,0,20,0,7,45,0,52,0,14,58,0,72,48,0,48,120
02/05/2020,APC,CA,AWP,WE,Towers with Radar,0,10,11,0,21,0,11,77,0,88,0,21,88,0,109,58,0,58,167
02/06/2020,APC,CA,AWP,WE,Towers with Radar,0,13,13,0,26,0,6,72,0,78,0,19,85,0,104,62,0,62,166
02/07/2020,APC,CA,AWP,WE,Towers with Radar,0,10,15,0,25,0,14,75,8,97,0,24,90,8,122,70,12,82,204
02/08/2020,APC,CA,AWP,WE,Towers with Radar,0,12,15,0,27,0,8,65,2,75,0,20,80,2,102,60,0,60,162
02/09/2020,APC,CA,AWP,WE,Towers with Radar,0,13,20,0,33,0,4,6,0,10,0,17,26,0,43,22,0,22,65
02/10/2020,APC,CA,AWP,WE,Towers with Radar,0,10,9,0,19,0,7,31,0,38,0,17,40,0,57,12,0,12,69
02/11/2020,APC,CA,AWP,WE,Towers with Radar,0,9,7,0,16,0,11,45,7,63,0,20,52,7,79,44,8,52,131
02/12/2020,APC,CA,AWP,WE,Towers with Radar,0,6,13,0,19,0,18,79,8,105,0,24,92,8,124,50,0,50,174
02/13/2020,APC,CA,AWP,WE,Towers with Radar,0,11,14,0,25,0,5,27,0,32,0,16,41,0,57,46,0,46,103
02/14/2020,APC,CA,AWP,WE,Towers with Radar,0,23,15,3,41,0,7,51,0,58,0,30,66,3,99,24,0,24,123
02/15/2020,APC,CA,AWP,WE,Towers with Radar,0,9,22,0,31,0,8,66,0,74,0,17,88,0,105,36,0,36,141
02/16/2020,APC,CA,AWP,WE,Towers with Radar,0,7,28,0,35,0,10,65,0,75,0,17,93,0,110,46,0,46,156
02/17/2020,APC,CA,AWP,WE,Towers with Radar,0,9,17,0,26,0,8,58,0,66,0,17,75,0,92,90,0,90,182
02/18/2020,APC,CA,AWP,WE,Towers with Radar,0,12,19,0,31,0,10,55,0,65,0,22,74,0,96,52,0,52,148
02/19/2020,APC,CA,AWP,WE,Towers with Radar,0,10,20,0,30,0,3,59,0,62,0,13,79,0,92,16,0,16,108
02/20/2020,APC,CA,AWP,WE,Towers with Radar,0,9,26,0,35,0,12,52,0,64,0,21,78,0,99,42,0,42,141
02/21/2020,APC,CA,AWP,WE,Towers with Radar,0,14,25,0,39,0,5,92,0,97,0,19,117,0,136,62,0,62,198
02/22/2020,APC,CA,AWP,WE,Towers with Radar,0,8,15,0,23,0,7,72,0,79,0,15,87,0,102,68,0,68,170
02/23/2020,APC,CA,AWP,WE,Towers with Radar,0,20,36,0,56,0,9,66,0,75,0,29,102,0,131,44,0,44,175
02/24/2020,APC,CA,AWP,WE,Towers with Radar,0,16,11,0,27,0,8,55,0,63,0,24,66,0,90,40,0,40,130
02/25/2020,APC,CA,AWP,WE,Towers with Radar,0,6,17,0,23,0,7,44,8,59,0,13,61,8,82,32,2,34,116
02/26/2020,APC,CA,AWP,WE,Towers with Radar,0,12,12,0,24,0,9,73,2,84,0,21,85,2,108,122,0,122,230
02/27/2020,APC,CA,AWP,WE,Towers with Radar,0,10,15,0,25,0,18,70,0,88,0,28,85,0,113,42,0,42,155
02/28/2020,APC,CA,AWP,WE,Towers with Radar,0,16,22,0,38,0,12,86,2,100,0,28,108,2,138,74,4,78,216
02/29/2020,APC,CA,AWP,WE,Towers with Radar,0,10,10,0,20,0,19,47,0,66,0,29,57,0,86,79,0,79,165
03/01/2020,APC,CA,AWP,WE,Towers with Radar,0,12,12,0,24,0,9,32,0,41,0,21,44,0,65,22,0,22,87
03/02/2020,APC,CA,AWP,WE,Towers with Radar,0,13,2,0,15,0,8,21,14,43,0,21,23,14,58,0,0,0,58
03/03/2020,APC,CA,AWP,WE,Towers with Radar,0,8,17,0,25,0,8,62,0,70,0,16,79,0,95,56,0,56,151
03/04/2020,APC,CA,AWP,WE,Towers with Radar,0,9,13,0,22,0,4,69,0,73,0,13,82,0,95,68,0,68,163
03/05/2020,APC,CA,AWP,WE,Towers with Radar,0,10,20,0,30,0,3,31,2,36,0,13,51,2,66,130,4,134,200
03/06/2020,APC,CA,AWP,WE,Towers with Radar,0,15,28,2,45,0,0,8,0,8,0,15,36,2,53,22,0,22,75
03/07/2020,APC,CA,AWP,WE,Towers with Radar,0,9,30,0,39,0,2,11,0,13,0,11,41,0,52,32,0,32,84
03/08/2020,APC,CA,AWP,WE,Towers with Radar,0,12,20,0,32,0,4,67,0,71,0,16,87,0,103,44,0,44,147
03/09/2020,APC,CA,AWP,WE,Towers with Radar,0,9,17,0,26,0,1,38,2,41,0,10,55,2,67,61,10,71,138
03/10/2020,APC,CA,AWP,WE,Towers with Radar,0,6,5,0,11,0,4,59,0,63,0,10,64,0,74,46,0,46,120
03/11/2020,APC,CA,AWP,WE,Towers with Radar,0,5,12,0,17,0,3,76,0,79,0,8,88,0,96,86,0,86,182
03/12/2020,APC,CA,AWP,WE,Towers with Radar,0,25,20,0,45,0,10,82,4,96,0,35,102,4,141,60,0,60,201
03/13/2020,APC,CA,AWP,WE,Towers with Radar,0,17,17,0,34,0,2,15,2,19,0,19,32,2,53,44,24,68,121
03/14/2020,APC,CA,AWP,WE,Towers with Radar,0,10,12,0,22,0,2,14,2,18,0,12,26,2,40,2,0,2,42
03/15/2020,APC,CA,AWP,WE,Towers with Radar,0,16,13,0,29,0,2,9,0,11,0,18,22,0,40,32,0,32,72
03/16/2020,APC,CA,AWP,WE,Towers with Radar,0,6,15,0,21,0,2,17,0,19,0,8,32,0,40,24,0,24,64
03/17/2020,APC,CA,AWP,WE,Towers with Radar,0,13,11,0,24,0,8,20,0,28,0,21,31,0,52,40,0,40,92
03/18/2020,APC,CA,AWP,WE,Towers with Radar,0,8,8,0,16,0,2,22,0,24,0,10,30,0,40,18,0,18,58
03/19/2020,APC,CA,AWP,WE,Towers with Radar,0,9,5,0,14,0,9,39,2,50,0,18,44,2,64,24,16,40,104
03/20/2020,APC,CA,AWP,WE,Towers with Radar,0,2,0,3,5,0,13,28,1,42,0,15,28,4,47,40,4,44,91
03/21/2020,APC,CA,AWP,WE,Towers with Radar,0,3,6,0,9,0,6,33,5,44,0,9,39,5,53,76,12,88,141
03/22/2020,APC,CA,AWP,WE,Towers with Radar,0,2,0,0,2,0,7,54,0,61,0,9,54,0,63,64,0,64,127
03/23/2020,APC,CA,AWP,WE,Towers with Radar,0,5,3,0,8,0,6,12,0,18,0,11,15,0,26,88,0,88,114
03/24/2020,APC,CA,AWP,WE,Towers with Radar,0,3,1,0,4,0,3,3,0,6,0,6,4,0,10,26,0,26,36
03/25/2020,APC,CA,AWP,WE,Towers with Radar,0,0,4,0,4,0,12,15,0,27,0,12,19,0,31,24,0,24,55
03/26/2020,APC,CA,AWP,WE,Towers with Radar,0,0,7,0,7,0,6,25,0,31,0,6,32,0,38,76,0,76,114
03/27/2020,APC,CA,AWP,WE,Towers with Radar,0,2,2,0,4,0,15,39,2,56,0,17,41,2,60,68,2,70,130
03/28/2020,APC,CA,AWP,WE,Towers with Radar,0,0,2,0,2,0,4,2,0,6,0,4,4,0,8,94,0,94,102
03/29/2020,APC,CA,AWP,WE,Towers with Radar,0,5,2,0,7,0,8,18,8,34,0,13,20,8,41,64,16,80,121
03/30/2020,APC,CA,AWP,WE,Towers with Radar,0,2,0,0,2,0,2,7,0,9,0,4,7,0,11,50,0,50,61
03/31/2020,APC,CA,AWP,WE,Towers with Radar,0,0,12,0,12,0,6,15,4,25,0,6,27,4,37,14,0,14,51
04/01/2020,APC,CA,AWP,WE,Towers with Radar,0,2,3,1,6,0,13,48,1,62,0,15,51,2,68,60,6,66,134
04/02/2020,APC,CA,AWP,WE,Towers with Radar,0,6,8,0,14,0,0,51,2,53,0,6,59,2,67,82,30,112,179
04/03/2020,APC,CA,AWP,WE,Towers with Radar,0,1,5,0,6,0,6,57,2,65,0,7,62,2,71,60,0,60,131
04/04/2020,APC,CA,AWP,WE,Towers with Radar,0,4,11,0,15,0,6,5,0,11,0,10,16,0,26,4,0,4,30
04/05/2020,APC,CA,AWP,WE,Towers with Radar,0,2,3,0,5,0,2,2,3,7,0,4,5,3,12,0,18,18,30
04/06/2020,APC,CA,AWP,WE,Towers with Radar,0,3,3,0,6,0,4,13,0,17,0,7,16,0,23,12,0,12,35
04/07/2020,APC,CA,AWP,WE,Towers with Radar,0,0,0,4,4,0,19,25,0,44,0,19,25,4,48,34,4,38,86
04/08/2020,APC,CA,AWP,WE,Towers with Radar,0,7,2,0,9,0,1,7,0,8,0,8,9,0,17,4,0,4,21
04/09/2020,APC,CA,AWP,WE,Towers with Radar,0,3,9,0,12,0,7,8,2,17,0,10,17,2,29,14,0,14,43
04/10/2020,APC,CA,AWP,WE,Towers with Radar,0,4,4,2,10,0,5,44,0,49,0,9,48,2,59,16,0,16,75
04/11/2020,APC,CA,AWP,WE,Towers with Radar,0,5,12,3,20,0,0,4,2,6,0,5,16,5,26,12,14,26,52
04/12/2020,APC,CA,AWP,WE,Towers with Radar,0,0,8,0,8,0,12,18,0,30,0,12,26,0,38,8,0,8,46
04/13/2020,APC,CA,AWP,WE,Towers with Radar,0,3,3,0,6,0,5,47,0,52,0,8,50,0,58,28,0,28,86
04/14/2020,APC,CA,AWP,WE,Towers with Radar,0,2,1,0,3,0,2,43,0,45,0,4,44,0,48,27,0,27,75
04/15/2020,APC,CA,AWP,WE,Towers with Radar,0,5,2,0,7,0,8,53,0,61,0,13,55,0,68,56,0,56,124
04/16/2020,APC,CA,AWP,WE,Towers with Radar,0,4,5,4,13,0,16,27,2,45,0,20,32,6,58,12,0,12,70
04/17/2020,APC,CA,AWP,WE,Towers with Radar,0,2,3,0,5,0,5,9,0,14,0,7,12,0,19,18,0,18,37
04/18/2020,APC,CA,AWP,WE,Towers with Radar,0,1,1,0,2,0,7,24,0,31,0,8,25,0,33,8,0,8,41
04/19/2020,APC,CA,AWP,WE,Towers with Radar,0,1,5,0,6,0,6,15,0,21,0,7,20,0,27,6,0,6,33
04/20/2020,APC,CA,AWP,WE,Towers with Radar,0,1,0,0,1,0,10,9,0,19,0,11,9,0,20,2,0,2,22
04/21/2020,APC,CA,AWP,WE,Towers with Radar,0,2,7,0,9,0,11,51,0,62,0,13,58,0,71,12,16,28,99
04/22/2020,APC,CA,AWP,WE,Towers with Radar,0,0,3,0,3,0,6,33,0,39,0,6,36,0,42,10,0,10,52
04/23/2020,APC,CA,AWP,WE,Towers with Radar,0,6,11,2,19,0,5,28,2,35,0,11,39,4,54,7,0,7,61
04/24/2020,APC,CA,AWP,WE,Towers with Radar,0,0,2,0,2,0,4,38,0,42,0,4,40,0,44,0,0,0,44
04/25/2020,APC,CA,AWP,WE,Towers with Radar,0,1,11,0,12,0,15,55,0,70,0,16,66,0,82,33,0,33,115
04/26/2020,APC,CA,AWP,WE,Towers with Radar,0,8,7,0,15,0,6,55,0,61,0,14,62,0,76,86,4,90,166
04/27/2020,APC,CA,AWP,WE,Towers with Radar,0,2,3,0,5,0,6,28,0,34,0,8,31,0,39,8,0,8,47
04/28/2020,APC,CA,AWP,WE,Towers with Radar,0,0,3,6,9,0,11,18,0,29,0,11,21,6,38,10,2,12,50
04/29/2020,APC,CA,AWP,WE,Towers with Radar,0,1,1,0,2,0,7,20,0,27,0,8,21,0,29,28,0,28,57
04/30/2020,APC,CA,AWP,WE,Towers with Radar,0,3,5,0,8,0,14,26,4,44,0,17,31,4,52,26,0,26,78
05/01/2020,APC,CA,AWP,WE,Towers with Radar,0,3,8,0,11,0,7,31,0,38,0,10,39,0,49,6,0,6,55
05/02/2020,APC,CA,AWP,WE,Towers with Radar,0,7,8,0,15,0,2,13,3,18,0,9,21,3,33,6,8,14,47
05/03/2020,APC,CA,AWP,WE,Towers with Radar,0,6,0,0,6,0,11,28,0,39,0,17,28,0,45,2,0,2,47
05/04/2020,APC,CA,AWP,WE,Towers with Radar,0,3,0,0,3,0,2,38,7,47,0,5,38,7,50,12,18,30,80
05/05/2020,APC,CA,AWP,WE,Towers with Radar,0,7,0,0,7,0,21,29,1,51,0,28,29,1,58,4,0,4,62
05/06/2020,APC,CA,AWP,WE,Towers with Radar,0,3,2,2,7,0,1,28,0,29,0,4,30,2,36,58,0,58,94
05/07/2020,APC,CA,AWP,WE,Towers with Radar,0,5,10,0,15,0,8,32,0,40,0,13,42,0,55,12,0,12,67
05/08/2020,APC,CA,AWP,WE,Towers with Radar,0,4,2,0,6,0,2,46,0,48,0,6,48,0,54,20,0,20,74
05/09/2020,APC,CA,AWP,WE,Towers with Radar,0,3,4,0,7,0,5,30,0,35,0,8,34,0,42,20,0,20,62
05/10/2020,APC,CA,AWP,WE,Towers with Radar,0,3,7,2,12,0,9,15,0,24,0,12,22,2,36,2,0,2,38
05/11/2020,APC,CA,AWP,WE,Towers with Radar,0,7,5,0,12,0,7,14,0,21,0,14,19,0,33,20,0,20,53
05/12/2020,APC,CA,AWP,WE,Towers with Radar,0,0,12,1,13,0,2,13,0,15,0,2,25,1,28,30,0,30,58
05/13/2020,APC,CA,AWP,WE,Towers with Radar,0,9,12,0,21,0,7,10,0,17,0,16,22,0,38,32,0,32,70
05/14/2020,APC,CA,AWP,WE,Towers with Radar,0,6,5,0,11,0,8,11,0,19,0,14,16,0,30,26,0,26,56
05/15/2020,APC,CA,AWP,WE,Towers with Radar,0,2,5,0,7,0,23,39,0,62,0,25,44,0,69,18,0,18,87
05/16/2020,APC,CA,AWP,WE,Towers with Radar,0,6,4,0,10,0,16,54,2,72,0,22,58,2,82,34,8,42,124
05/17/2020,APC,CA,AWP,WE,Towers with Radar,0,3,11,0,14,0,6,10,0,16,0,9,21,0,30,26,0,26,56
05/18/2020,APC,CA,AWP,WE,Towers with Radar,0,2,4,0,6,0,2,11,1,14,0,4,15,1,20,36,22,58,78
05/19/2020,APC,CA,AWP,WE,Towers with Radar,0,3,4,0,7,0,8,37,0,45,0,11,41,0,52,20,0,20,72
05/20/2020,APC,CA,AWP,WE,Towers with Radar,0,6,22,0,28,2,13,38,0,53,2,19,60,0,81,14,0,14,95
05/21/2020,APC,CA,AWP,WE,Towers with Radar,0,5,6,0,11,0,10,44,0,54,0,15,50,0,65,30,0,30,95
05/22/2020,APC,CA,AWP,WE,Towers with Radar,0,4,7,0,11,0,4,56,0,60,0,8,63,0,71,19,0,19,90
05/23/2020,APC,CA,AWP,WE,Towers with Radar,0,4,3,0,7,0,13,40,0,53,0,17,43,0,60,30,0,30,90
05/24/2020,APC,CA,AWP,WE,Towers with Radar,0,2,11,0,13,0,5,50,0,55,0,7,61,0,68,40,0,40,108
05/25/2020,APC,CA,AWP,WE,Towers with Radar,0,15,5,0,20,0,15,42,2,59,0,30,47,2,79,14,8,22,101
05/26/2020,APC,CA,AWP,WE,Towers with Radar,0,2,4,0,6,0,7,26,0,33,0,9,30,0,39,12,0,12,51
05/27/2020,APC,CA,AWP,WE,Towers with Radar,0,6,11,2,19,0,12,28,1,41,0,18,39,3,60,12,14,26,86
05/28/2020,APC,CA,AWP,WE,Towers with Radar,0,7,8,0,15,0,7,41,2,50,0,14,49,2,65,10,0,10,75
05/29/2020,APC,CA,AWP,WE,Towers with Radar,0,10,11,2,23,0,10,32,2,44,0,20,43,4,67,6,18,24,91
05/30/2020,APC,CA,AWP,WE,Towers with Radar,0,9,2,0,11,0,4,12,0,16,0,13,14,0,27,40,0,40,67
05/31/2020,APC,CA,AWP,WE,Towers with Radar,0,6,7,0,13,0,6,27,0,33,0,12,34,0,46,34,0,34,80
06/01/2020,APC,CA,AWP,WE,Towers with Radar,0,12,4,1,17,0,6,31,0,37,0,18,35,1,54,47,0,47,101
06/02/2020,APC,CA,AWP,WE,Towers with Radar,0,5,4,0,9,0,15,75,0,90,0,20,79,0,99,38,0,38,137
06/03/2020,APC,CA,AWP,WE,Towers with Radar,0,7,11,0,18,0,7,49,0,56,0,14,60,0,74,28,0,28,102
06/04/2020,APC,CA,AWP,WE,Towers with Radar,0,4,6,0,10,0,11,58,0,69,0,15,64,0,79,22,0,22,101
06/05/2020,APC,CA,AWP,WE,Towers with Radar,0,8,3,0,11,0,12,44,0,56,0,20,47,0,67,29,0,29,96
06/06/2020,APC,CA,AWP,WE,Towers with Radar,0,4,10,0,14,0,20,22,0,42,0,24,32,0,56,10,0,10,66
06/07/2020,APC,CA,AWP,WE,Towers with Radar,0,12,10,0,22,0,27,25,0,52,0,39,35,0,74,12,0,12,86
06/08/2020,APC,CA,AWP,WE,Towers with Radar,0,5,6,0,11,0,14,52,0,66,0,19,58,0,77,54,0,54,131
06/09/2020,APC,CA,AWP,WE,Towers with Radar,0,3,5,0,8,0,16,50,0,66,0,19,55,0,74,26,0,26,100
06/10/2020,APC,CA,AWP,WE,Towers with Radar,0,6,11,0,17,0,11,59,0,70,0,17,70,0,87,72,0,72,159
06/11/2020,APC,CA,AWP,WE,Towers with Radar,0,9,13,0,22,0,2,48,2,52,0,11,61,2,74,20,0,20,94
06/12/2020,APC,CA,AWP,WE,Towers with Radar,0,14,16,0,30,0,3,35,0,38,0,17,51,0,68,32,0,32,100
06/13/2020,APC,CA,AWP,WE,Towers with Radar,0,9,11,0,20,0,5,44,0,49,0,14,55,0,69,30,0,30,99
06/14/2020,APC,CA,AWP,WE,Towers with Radar,0,8,16,0,24,0,11,69,0,80,0,19,85,0,104,24,0,24,128
06/15/2020,APC,CA,AWP,WE,Towers with Radar,0,6,5,1,12,0,6,39,0,45,0,12,44,1,57,58,0,58,115
06/16/2020,APC,CA,AWP,WE,Towers with Radar,0,7,5,4,16,0,6,39,0,45,0,13,44,4,61,32,0,32,93
06/17/2020,APC,CA,AWP,WE,Towers with Radar,0,6,6,0,12,0,5,55,0,60,0,11,61,0,72,72,0,72,144
06/18/2020,APC,CA,AWP,WE,Towers with Radar,0,10,10,0,20,0,6,38,0,44,0,16,48,0,64,14,0,14,78
06/19/2020,APC,CA,AWP,WE,Towers with Radar,0,10,14,2,26,0,10,46,0,56,0,20,60,2,82,102,0,102,184
06/20/2020,APC,CA,AWP,WE,Towers with Radar,0,5,12,0,17,0,3,45,0,48,0,8,57,0,65,52,0,52,117
06/21/2020,APC,CA,AWP,WE,Towers with Radar,0,15,16,0,31,0,3,43,0,46,0,18,59,0,77,31,0,31,108
06/22/2020,APC,CA,AWP,WE,Towers with Radar,0,8,7,0,15,0,9,26,0,35,0,17,33,0,50,26,0,26,76
06/23/2020,APC,CA,AWP,WE,Towers with Radar,0,6,12,0,18,0,8,42,0,50,0,14,54,0,68,46,0,46,114
06/24/2020,APC,CA,AWP,WE,Towers with Radar,0,4,17,0,21,0,10,41,0,51,0,14,58,0,72,40,0,40,112
06/25/2020,APC,CA,AWP,WE,Towers with Radar,0,7,21,1,29,0,9,44,0,53,0,16,65,1,82,68,0,68,150
06/26/2020,APC,CA,AWP,WE,Towers with Radar,0,17,18,0,35,0,4,46,0,50,0,21,64,0,85,98,0,98,183
06/27/2020,APC,CA,AWP,WE,Towers with Radar,0,12,12,2,26,0,4,38,0,42,0,16,50,2,68,54,0,54,122
06/28/2020,APC,CA,AWP,WE,Towers with Radar,0,33,20,0,53,0,10,39,0,49,0,43,59,0,102,62,0,62,164
06/29/2020,APC,CA,AWP,WE,Towers with Radar,0,2,18,0,20,0,5,48,2,55,0,7,66,2,75,74,10,84,159
06/30/2020,APC,CA,AWP,WE,Towers with Radar,0,10,17,0,27,0,19,67,0,86,0,29,84,0,113,78,0,78,191
07/01/2020,APC,CA,AWP,WE,Towers with Radar,0,20,10,0,30,0,3,65,0,68,0,23,75,0,98,86,0,86,184
07/02/2020,APC,CA,AWP,WE,Towers with Radar,0,12,17,0,29,0,6,34,0,40,0,18,51,0,69,50,0,50,119
07/03/2020,APC,CA,AWP,WE,Towers with Radar,0,11,25,1,37,0,1,24,1,26,0,12,49,2,63,59,0,59,122
07/04/2020,APC,CA,AWP,WE,Towers with Radar,0,3,6,0,9,0,4,61,0,65,0,7,67,0,74,114,0,114,188
07/05/2020,APC,CA,AWP,WE,Towers with Radar,0,8,9,0,17,0,5,44,0,49,0,13,53,0,66,48,0,48,114
07/06/2020,APC,CA,AWP,WE,Towers with Radar,0,10,11,0,21,0,5,26,0,31,0,15,37,0,52,96,0,96,148
07/07/2020,APC,CA,AWP,WE,Towers with Radar,0,7,13,0,20,0,5,25,0,30,0,12,38,0,50,88,0,88,138
07/08/2020,APC,CA,AWP,WE,Towers with Radar,0,8,7,0,15,0,7,52,0,59,0,15,59,0,74,98,0,98,172
07/09/2020,APC,CA,AWP,WE,Towers with Radar,0,23,7,0,30,0,6,38,0,44,0,29,45,0,74,48,0,48,122
07/10/2020,APC,CA,AWP,WE,Towers with Radar,0,9,18,4,31,0,3,56,0,59,0,12,74,4,90,70,0,70,160
07/11/2020,APC,CA,AWP,WE,Towers with Radar,0,11,6,0,17,0,11,57,0,68,0,22,63,0,85,28,0,28,113
07/12/2020,APC,CA,AWP,WE,Towers with Radar,0,20,9,0,29,0,4,49,0,53,0,24,58,0,82,40,0,40,122
07/13/2020,APC,CA,AWP,WE,Towers with Radar,0,17,13,0,30,0,7,49,0,56,0,24,62,0,86,74,0,74,160
07/14/2020,APC,CA,AWP,WE,Towers with Radar,0,9,9,0,18,0,8,34,0,42,0,17,43,0,60,6,0,6,66
07/15/2020,APC,CA,AWP,WE,Towers with Radar,0,11,8,0,19,0,3,46,0,49,0,14,54,0,68,63,0,63,131
07/16/2020,APC,CA,AWP,WE,Towers with Radar,0,12,17,0,29,0,6,53,7,66,0,18,70,7,95,36,0,36,131
07/17/2020,APC,CA,AWP,WE,Towers with Radar,0,5,8,0,13,0,2,34,0,36,0,7,42,0,49,38,0,38,87
07/18/2020,APC,CA,AWP,WE,Towers with Radar,0,7,7,0,14,0,12,56,0,68,0,19,63,0,82,11,0,11,93
07/19/2020,APC,CA,AWP,WE,Towers with Radar,0,5,15,0,20,0,4,59,0,63,0,9,74,0,83,46,0,46,129
07/20/2020,APC,CA,AWP,WE,Towers with Radar,0,15,6,0,21,0,2,45,0,47,0,17,51,0,68,18,0,18,86
07/21/2020,APC,CA,AWP,WE,Towers with Radar,0,9,10,0,19,0,2,29,0,31,0,11,39,0,50,76,0,76,126
07/22/2020,APC,CA,AWP,WE,Towers with Radar,0,10,18,0,28,0,4,32,0,36,0,14,50,0,64,40,0,40,104
07/23/2020,APC,CA,AWP,WE,Towers with Radar,0,11,17,0,28,0,3,28,0,31,0,14,45,0,59,34,0,34,93
07/24/2020,APC,CA,AWP,WE,Towers with Radar,0,11,10,0,21,0,6,53,0,59,0,17,63,0,80,60,0,60,140
07/25/2020,APC,CA,AWP,WE,Towers with Radar,0,10,9,0,19,0,17,54,8,79,0,27,63,8,98,40,0,40,138
07/26/2020,APC,CA,AWP,WE,Towers with Radar,0,14,12,0,26,0,4,41,4,49,0,18,53,4,75,8,0,8,83
07/27/2020,APC,CA,AWP,WE,Towers with Radar,0,11,9,3,23,0,7,29,1,37,0,18,38,4,60,42,10,52,112
07/28/2020,APC,CA,AWP,WE,Towers with Radar,0,10,7,0,17,0,8,46,0,54,0,18,53,0,71,48,0,48,119
07/29/2020,APC,CA,AWP,WE,Towers with Radar,0,7,14,0,21,0,9,35,0,44,0,16,49,0,65,70,0,70,135
07/30/2020,APC,CA,AWP,WE,Towers with Radar,0,14,19,0,33,0,6,46,0,52,0,20,65,0,85,64,0,64,149
07/31/2020,APC,CA,AWP,WE,Towers with Radar,0,18,14,0,32,0,3,50,0,53,0,21,64,0,85,64,0,64,149
08/01/2020,APC,CA,AWP,WE,Towers with Radar,0,19,9,0,28,0,6,74,0,80,0,25,83,0,108,60,14,74,182
08/02/2020,APC,CA,AWP,WE,Towers with Radar,0,13,14,0,27,0,6,53,0,59,0,19,67,0,86,82,0,82,168
08/03/2020,APC,CA,AWP,WE,Towers with Radar,0,2,4,0,6,0,8,48,1,57,0,10,52,1,63,34,0,34,97
08/04/2020,APC,CA,AWP,WE,Towers with Radar,0,8,9,0,17,0,17,28,0,45,0,25,37,0,62,70,0,70,132
08/05/2020,APC,CA,AWP,WE,Towers with Radar,0,15,20,0,35,0,3,23,4,30,0,18,43,4,65,26,0,26,91
08/06/2020,APC,CA,AWP,WE,Towers with Radar,0,13,14,0,27,0,11,51,2,64,0,24,65,2,91,86,6,92,183
08/07/2020,APC,CA,AWP,WE,Towers with Radar,0,12,19,0,31,0,5,45,0,50,0,17,64,0,81,66,0,66,147
08/08/2020,APC,CA,AWP,WE,Towers with Radar,0,12,7,0,19,0,10,42,0,52,0,22,49,0,71,94,0,94,165
08/09/2020,APC,CA,AWP,WE,Towers with Radar,0,13,18,0,31,0,12,63,0,75,0,25,81,0,106,92,0,92,198
08/10/2020,APC,CA,AWP,WE,Towers with Radar,0,15,5,0,20,0,12,72,0,84,0,27,77,0,104,73,0,73,177
08/11/2020,APC,CA,AWP,WE,Towers with Radar,0,6,12,0,18,0,3,51,0,54,0,9,63,0,72,56,0,56,128
08/12/2020,APC,CA,AWP,WE,Towers with Radar,0,16,8,0,24,0,13,64,0,77,0,29,72,0,101,87,0,87,188
08/13/2020,APC,CA,AWP,WE,Towers with Radar,0,19,14,0,33,0,6,43,0,49,0,25,57,0,82,90,0,90,172
08/14/2020,APC,CA,AWP,WE,Towers with Radar,0,12,15,0,27,0,7,32,2,41,0,19,47,2,68,28,0,28,96
08/15/2020,APC,CA,AWP,WE,Towers with Radar,0,3,8,0,11,0,17,49,0,66,0,20,57,0,77,8,0,8,85
08/16/2020,APC,CA,AWP,WE,Towers with Radar,0,18,28,0,46,0,8,26,0,34,0,26,54,0,80,50,0,50,130
08/17/2020,APC,CA,AWP,WE,Towers with Radar,0,10,11,0,21,0,3,24,0,27,0,13,35,0,48,0,0,0,48
08/18/2020,APC,CA,AWP,WE,Towers with Radar,0,11,14,0,25,0,8,30,0,38,0,19,44,0,63,40,0,40,103
08/19/2020,APC,CA,AWP,WE,Towers with Radar,0,9,4,0,13,0,15,29,0,44,0,24,33,0,57,32,0,32,89
08/20/2020,APC,CA,AWP,WE,Towers with Radar,0,8,17,0,25,0,2,23,0,25,0,10,40,0,50,36,0,36,86
08/21/2020,APC,CA,AWP,WE,Towers with Radar,0,5,8,0,13,0,1,13,0,14,0,6,21,0,27,22,0,22,49
08/22/2020,APC,CA,AWP,WE,Towers with Radar,0,10,15,0,25,0,4,21,0,25,0,14,36,0,50,30,0,30,80
08/23/2020,APC,CA,AWP,WE,Towers with Radar,0,5,17,0,22,0,2,4,0,6,0,7,21,0,28,2,0,2,30
08/24/2020,APC,CA,AWP,WE,Towers with Radar,0,11,10,0,21,0,2,4,0,6,0,13,14,0,27,0,0,0,27
08/25/2020,APC,CA,AWP,WE,Towers with Radar,0,11,20,0,31,0,3,2,0,5,0,14,22,0,36,8,0,8,44
08/26/2020,APC,CA,AWP,WE,Towers with Radar,0,10,15,0,25,0,11,16,0,27,0,21,31,0,52,28,0,28,80
08/27/2020,APC,CA,AWP,WE,Towers with Radar,0,11,25,0,36,0,3,28,0,31,0,14,53,0,67,42,0,42,109
08/28/2020,APC,CA,AWP,WE,Towers with Radar,0,5,6,0,11,0,7,42,0,49,0,12,48,0,60,28,0,28,88
08/29/2020,APC,CA,AWP,WE,Towers with Radar,0,7,5,0,12,0,5,26,0,31,0,12,31,0,43,24,0,24,67
08/30/2020,APC,CA,AWP,WE,Towers with Radar,0,8,21,0,29,0,0,10,0,10,0,8,31,0,39,18,0,18,57
08/31/2020,APC,CA,AWP,WE,Towers with Radar,0,2,16,0,18,0,8,25,0,33,0,10,41,0,51,22,0,22,73
09/01/2020,APC,CA,AWP,WE,Towers with Radar,0,6,15,0,21,0,2,21,0,23,0,8,36,0,44,40,0,40,84
09/02/2020,APC,CA,AWP,WE,Towers with Radar,0,8,14,0,22,0,2,27,0,29,0,10,41,0,51,22,0,22,73
09/03/2020,APC,CA,AWP,WE,Towers with Radar,0,11,15,0,26,0,4,44,0,48,0,15,59,0,74,30,0,30,104
09/04/2020,APC,CA,AWP,WE,Towers with Radar,0,12,17,0,29,0,11,50,0,61,0,23,67,0,90,10,0,10,100
09/05/2020,APC,CA,AWP,WE,Towers with Radar,0,4,5,0,9,0,4,30,0,34,0,8,35,0,43,52,0,52,95
09/06/2020,APC,CA,AWP,WE,Towers with Radar,0,7,7,0,14,0,7,32,4,43,0,14,39,4,57,30,0,30,87
09/07/2020,APC,CA,AWP,WE,Towers with Radar,0,25,14,0,39,0,15,35,0,50,0,40,49,0,89,52,0,52,141
09/08/2020,APC,CA,AWP,WE,Towers with Radar,0,14,13,0,27,0,2,3,0,5,0,16,16,0,32,0,0,0,32
09/09/2020,APC,CA,AWP,WE,Towers with Radar,0,16,10,0,26,0,0,2,0,2,0,16,12,0,28,0,0,0,28
09/10/2020,APC,CA,AWP,WE,Towers with Radar,0,25,10,0,35,0,0,0,0,0,0,25,10,0,35,0,0,0,35
09/11/2020,APC,CA,AWP,WE,Towers with Radar,0,12,21,0,33,0,0,1,0,1,0,12,22,0,34,0,0,0,34
09/12/2020,APC,CA,AWP,WE,Towers with Radar,0,11,21,0,32,0,0,3,0,3,0,11,24,0,35,0,0,0,35
09/13/2020,APC,CA,AWP,WE,Towers with Radar,0,18,34,0,52,0,1,8,0,9,0,19,42,0,61,20,0,20,81
09/14/2020,APC,CA,AWP,WE,Towers with Radar,0,14,14,0,28,0,0,0,0,0,0,14,14,0,28,0,0,0,28
09/15/2020,APC,CA,AWP,WE,Towers with Radar,0,5,10,0,15,0,6,15,0,21,0,11,25,0,36,30,0,30,66
09/16/2020,APC,CA,AWP,WE,Towers with Radar,0,3,12,0,15,0,11,52,0,63,0,14,64,0,78,88,0,88,166
09/17/2020,APC,CA,AWP,WE,Towers with Radar,0,14,14,0,28,0,10,24,0,34,0,24,38,0,62,32,0,32,94
09/18/2020,APC,CA,AWP,WE,Towers with Radar,0,15,22,4,41,1,17,33,0,51,1,32,55,4,92,64,0,64,156
09/19/2020,APC,CA,AWP,WE,Towers with Radar,0,10,14,0,24,0,4,39,0,43,0,14,53,0,67,56,0,56,123
09/20/2020,APC,CA,AWP,WE,Towers with Radar,0,24,23,0,47,0,4,53,2,59,0,28,76,2,106,106,0,106,212
09/21/2020,APC,CA,AWP,WE,Towers with Radar,0,10,10,0,20,0,5,34,0,39,0,15,44,0,59,30,0,30,89
09/22/2020,APC,CA,AWP,WE,Towers with Radar,0,5,5,0,10,0,10,44,0,54,0,15,49,0,64,48,0,48,112
09/23/2020,APC,CA,AWP,WE,Towers with Radar,0,6,7,0,13,0,2,62,0,64,0,8,69,0,77,76,0,76,153
09/24/2020,APC,CA,AWP,WE,Towers with Radar,0,10,12,0,22,0,18,48,0,66,0,28,60,0,88,84,0,84,172
09/25/2020,APC,CA,AWP,WE,Towers with Radar,0,11,25,0,36,0,13,41,4,58,0,24,66,4,94,6,0,6,100
09/26/2020,APC,CA,AWP,WE,Towers with Radar,0,21,10,0,31,0,17,49,1,67,0,38,59,1,98,68,0,68,166
09/27/2020,APC,CA,AWP,WE,Towers with Radar,0,11,24,0,35,0,18,34,0,52,0,29,58,0,87,34,0,34,121
09/28/2020,APC,CA,AWP,WE,Towers with Radar,0,9,14,0,23,0,11,44,0,55,0,20,58,0,78,14,0,14,92
09/29/2020,APC,CA,AWP,WE,Towers with Radar,0,22,4,0,26,0,4,26,6,36,0,26,30,6,62,54,0,54,116
09/30/2020,APC,CA,AWP,WE,Towers with Radar,0,11,22,0,33,0,0,16,0,16,0,11,38,0,49,0,0,0,49
10/01/2020,APC,CA,AWP,WE,Towers with Radar,0,13,8,0,21,0,2,6,0,8,0,15,14,0,29,0,0,0,29
10/02/2020,APC,CA,AWP,WE,Towers with Radar,0,7,17,1,25,0,0,0,0,0,0,7,17,1,25,0,0,0,25
10/03/2020,APC,CA,AWP,WE,Towers with Radar,0,5,10,0,15,0,7,13,0,20,0,12,23,0,35,26,0,26,61
10/04/2020,APC,CA,AWP,WE,Towers with Radar,0,7,10,0,17,0,9,53,4,66,0,16,63,4,83,110,0,110,193
10/05/2020,APC,CA,AWP,WE,Towers with Radar,0,3,8,0,11,0,4,37,0,41,0,7,45,0,52,48,0,48,100
10/06/2020,APC,CA,AWP,WE,Towers with Radar,0,9,7,0,16,0,8,34,0,42,0,17,41,0,58,36,0,36,94
10/07/2020,APC,CA,AWP,WE,Towers with Radar,0,7,10,0,17,0,7,44,3,54,0,14,54,3,71,100,22,122,193
10/08/2020,APC,CA,AWP,WE,Towers with Radar,0,9,17,0,26,0,8,23,0,31,0,17,40,0,57,54,0,54,111
10/09/2020,APC,CA,AWP,WE,Towers with Radar,0,9,16,0,25,0,6,25,8,39,0,15,41,8,64,32,32,64,128
10/10/2020,APC,CA,AWP,WE,Towers with Radar,0,11,14,0,25,0,4,12,0,16,0,15,26,0,41,54,0,54,95
10/11/2020,APC,CA,AWP,WE,Towers with Radar,0,15,12,0,27,0,12,89,0,101,0,27,101,0,128,92,0,92,220
10/12/2020,APC,CA,AWP,WE,Towers with Radar,0,10,26,0,36,0,14,68,0,82,0,24,94,0,118,152,0,152,270
10/13/2020,APC,CA,AWP,WE,Towers with Radar,0,5,6,0,11,0,9,77,2,88,0,14,83,2,99,120,0,120,219
10/14/2020,APC,CA,AWP,WE,Towers with Radar,0,10,8,0,18,0,11,68,0,79,0,21,76,0,97,98,0,98,195
10/15/2020,APC,CA,AWP,WE,Towers with Radar,0,13,26,0,39,0,9,74,2,85,0,22,100,2,124,66,0,66,190
10/16/2020,APC,CA,AWP,WE,Towers with Radar,0,17,27,0,44,0,7,65,0,72,0,24,92,0,116,98,0,98,214
10/17/2020,APC,CA,AWP,WE,Towers with Radar,0,10,15,0,25,0,11,62,0,73,0,21,77,0,98,76,0,76,174
10/18/2020,APC,CA,AWP,WE,Towers with Radar,0,17,29,0,46,0,9,70,0,79,0,26,99,0,125,72,0,72,197
10/19/2020,APC,CA,AWP,WE,Towers with Radar,0,8,14,0,22,0,21,54,0,75,0,29,68,0,97,114,0,114,211
10/20/2020,APC,CA,AWP,WE,Towers with Radar,0,7,3,0,10,0,22,65,0,87,0,29,68,0,97,92,0,92,189
10/21/2020,APC,CA,AWP,WE,Towers with Radar,0,7,11,0,18,0,11,71,0,82,0,18,82,0,100,158,0,158,258
10/22/2020,APC,CA,AWP,WE,Towers with Radar,0,9,25,1,35,0,7,42,0,49,0,16,67,1,84,138,0,138,222
10/23/2020,APC,CA,AWP,WE,Towers with Radar,0,16,28,0,44,0,6,48,0,54,0,22,76,0,98,84,0,84,182
10/24/2020,APC,CA,AWP,WE,Towers with Radar,0,10,33,0,43,0,1,27,0,28,0,11,60,0,71,64,0,64,135
10/25/2020,APC,CA,AWP,WE,Towers with Radar,0,12,22,0,34,0,12,36,0,48,0,24,58,0,82,47,0,47,129
10/26/2020,APC,CA,AWP,WE,Towers with Radar,0,6,8,0,14,0,4,20,0,24,0,10,28,0,38,54,0,54,92
10/27/2020,APC,CA,AWP,WE,Towers with Radar,0,13,6,0,19,0,8,45,0,53,0,21,51,0,72,62,0,62,134
10/28/2020,APC,CA,AWP,WE,Towers with Radar,0,9,9,0,18,0,6,71,0,77,0,15,80,0,95,82,0,82,177
10/29/2020,APC,CA,AWP,WE,Towers with Radar,0,13,11,0,24,0,10,80,0,90,0,23,91,0,114,118,0,118,232
10/30/2020,APC,CA,AWP,WE,Towers with Radar,0,11,13,0,24,0,7,80,8,95,0,18,93,8,119,78,0,78,197
10/31/2020,APC,CA,AWP,WE,Towers with Radar,0,7,11,0,18,0,14,66,2,82,0,21,77,2,100,60,2,62,162
11/01/2020,APC,CA,AWP,WE,Towers with Radar,0,8,6,0,14,0,10,66,0,76,0,18,72,0,90,64,0,64,154
11/02/2020,APC,CA,AWP,WE,Towers with Radar,0,9,5,0,14,0,17,43,0,60,0,26,48,0,74,80,0,80,154
11/03/2020,APC,CA,AWP,WE,Towers with Radar,0,6,5,0,11,0,11,45,0,56,0,17,50,0,67,82,0,82,149
11/04/2020,APC,CA,AWP,WE,Towers with Radar,0,6,10,0,16,0,16,59,0,75,0,22,69,0,91,46,0,46,137
11/05/2020,APC,CA,AWP,WE,Towers with Radar,0,20,18,0,38,0,8,74,0,82,0,28,92,0,120,78,0,78,198
11/06/2020,APC,CA,AWP,WE,Towers with Radar,0,17,11,0,28,0,15,33,1,49,0,32,44,1,77,72,12,84,161
11/07/2020,APC,CA,AWP,WE,Towers with Radar,0,10,11,0,21,0,10,54,2,66,0,20,65,2,87,84,10,94,181
11/08/2020,APC,CA,AWP,WE,Towers with Radar,0,24,16,0,40,0,5,37,0,42,0,29,53,0,82,22,0,22,104
11/09/2020,APC,CA,AWP,WE,Towers with Radar,0,17,14,0,31,0,8,61,17,86,0,25,75,17,117,142,0,142,259
11/10/2020,APC,CA,AWP,WE,Towers with Radar,0,9,7,3,19,0,39,62,3,104,0,48,69,6,123,70,10,80,203
11/11/2020,APC,CA,AWP,WE,Towers with Radar,0,6,22,0,28,0,29,53,0,82,0,35,75,0,110,76,0,76,186
11/12/2020,APC,CA,AWP,WE,Towers with Radar,0,20,17,0,37,0,14,62,0,76,0,34,79,0,113,80,0,80,193
11/13/2020,APC,CA,AWP,WE,Towers with Radar,0,19,28,0,47,0,1,6,4,11,0,20,34,4,58,44,0,44,102
11/14/2020,APC,CA,AWP,WE,Towers with Radar,0,11,12,0,23,0,4,48,0,52,0,15,60,0,75,46,0,46,121
11/15/2020,APC,CA,AWP,WE,Towers with Radar,0,18,21,0,39,0,6,84,0,90,0,24,105,0,129,122,0,122,251
11/16/2020,APC,CA,AWP,WE,Towers with Radar,0,21,8,0,29,0,7,55,5,67,0,28,63,5,96,82,20,102,198
11/17/2020,APC,CA,AWP,WE,Towers with Radar,0,8,6,2,16,0,0,10,0,10,0,8,16,2,26,0,0,0,26
11/18/2020,APC,CA,AWP,WE,Towers with Radar,0,18,16,0,34,0,3,27,6,36,0,21,43,6,70,58,4,62,132
11/19/2020,APC,CA,AWP,WE,Towers with Radar,0,16,20,0,36,0,8,42,0,50,0,24,62,0,86,52,0,52,138
11/20/2020,APC,CA,AWP,WE,Towers with Radar,0,20,15,0,35,0,8,87,0,95,0,28,102,0,130,122,0,122,252
11/21/2020,APC,CA,AWP,WE,Towers with Radar,0,20,8,0,28,0,11,77,0,88,0,31,85,0,116,122,0,122,238
11/22/2020,APC,CA,AWP,WE,Towers with Radar,0,14,14,0,28,0,11,79,0,90,0,25,93,0,118,112,0,112,230
11/23/2020,APC,CA,AWP,WE,Towers with Radar,0,11,9,0,20,0,10,61,2,73,0,21,70,2,93,98,10,108,201
11/24/2020,APC,CA,AWP,WE,Towers with Radar,0,7,17,0,24,0,11,74,2,87,0,18,91,2,111,176,0,176,287
11/25/2020,APC,CA,AWP,WE,Towers with Radar,0,13,16,0,29,0,7,42,0,49,0,20,58,0,78,84,0,84,162
11/26/2020,APC,CA,AWP,WE,Towers with Radar,0,5,3,0,8,0,13,19,0,32,0,18,22,0,40,8,0,8,48
11/27/2020,APC,CA,AWP,WE,Towers with Radar,0,14,14,0,28,0,8,70,0,78,0,22,84,0,106,28,0,28,134
11/28/2020,APC,CA,AWP,WE,Towers with Radar,0,16,20,0,36,0,14,73,3,90,0,30,93,3,126,110,4,114,240
11/29/2020,APC,CA,AWP,WE,Towers with Radar,0,24,20,0,44,0,12,73,2,87,0,36,93,2,131,68,12,80,211
11/30/2020,APC,CA,AWP,WE,Towers with Radar,0,5,20,0,25,0,15,83,2,100,0,20,103,2,125,104,20,124,249
12/01/2020,APC,CA,AWP,WE,Towers with Radar,0,10,11,0,21,0,15,74,2,91,0,25,85,2,112,148,10,158,270
12/02/2020,APC,CA,AWP,WE,Towers with Radar,0,8,8,0,16,0,11,59,2,72,0,19,67,2,88,44,0,44,132
12/03/2020,APC,CA,AWP,WE,Towers with Radar,0,3,16,0,19,0,10,54,2,66,0,13,70,2,85,70,6,76,161
12/04/2020,APC,CA,AWP,WE,Towers with Radar,0,11,15,2,28,0,7,75,5,87,0,18,90,7,115,108,16,124,239
12/05/2020,APC,CA,AWP,WE,Towers with Radar,0,7,3,0,10,0,14,54,0,68,0,21,57,0,78,98,0,98,176
12/06/2020,APC,CA,AWP,WE,Towers with Radar,0,3,22,0,25,0,9,52,0,61,0,12,74,0,86,42,0,42,128
12/07/2020,APC,CA,AWP,WE,Towers with Radar,0,11,5,3,19,0,17,29,4,50,0,28,34,7,69,40,20,60,129
12/08/2020,APC,CA,AWP,WE,Towers with Radar,0,8,6,0,14,0,10,61,2,73,0,18,67,2,87,92,0,92,179
12/09/2020,APC,CA,AWP,WE,Towers with Radar,0,14,8,0,22,0,19,68,2,89,0,33,76,2,111,76,20,96,207
12/10/2020,APC,CA,AWP,WE,Towers with Radar,0,16,8,0,24,0,9,57,0,66,0,25,65,0,90,122,0,122,212
12/11/2020,APC,CA,AWP,WE,Towers with Radar,0,11,12,0,23,0,11,29,0,40,0,22,41,0,63,92,0,92,155
12/12/2020,APC,CA,AWP,WE,Towers with Radar,0,2,13,0,15,0,5,20,0,25,0,7,33,0,40,52,0,52,92
12/13/2020,APC,CA,AWP,WE,Towers with Radar,0,8,17,0,25,0,1,0,0,1,0,9,17,0,26,0,0,0,26
12/14/2020,APC,CA,AWP,WE,Towers with Radar,0,7,10,0,17,0,12,43,0,55,0,19,53,0,72,66,0,66,138
12/15/2020,APC,CA,AWP,WE,Towers with Radar,0,3,11,0,14,0,12,74,0,86,0,15,85,0,100,129,0,129,229
12/16/2020,APC,CA,AWP,WE,Towers with Radar,0,2,11,0,13,0,11,32,0,43,0,13,43,0,56,70,0,70,126
12/17/2020,APC,CA,AWP,WE,Towers with Radar,0,7,12,0,19,0,12,30,0,42,0,19,42,0,61,90,0,90,151
12/18/2020,APC,CA,AWP,WE,Towers with Radar,0,7,9,0,16,0,13,62,0,75,0,20,71,0,91,172,0,172,263
12/19/2020,APC,CA,AWP,WE,Towers with Radar,0,13,5,0,18,0,11,62,0,73,0,24,67,0,91,104,0,104,195
12/20/2020,APC,CA,AWP,WE,Towers with Radar,0,7,10,0,17,0,7,66,2,75,0,14,76,2,92,120,16,136,228
12/21/2020,APC,CA,AWP,WE,Towers with Radar,0,11,11,0,22,0,4,52,0,56,0,15,63,0,78,76,0,76,154
12/22/2020,APC,CA,AWP,WE,Towers with Radar,0,14,15,0,29,0,15,40,0,55,0,29,55,0,84,66,0,66,150
12/23/2020,APC,CA,AWP,WE,Towers with Radar,0,13,12,0,25,0,3,43,0,46,0,16,55,0,71,28,0,28,99
12/24/2020,APC,CA,AWP,WE,Towers with Radar,0,3,3,0,6,0,7,23,0,30,0,10,26,0,36,22,0,22,58
12/25/2020,APC,CA,AWP,WE,Towers with Radar,0,7,1,0,8,0,4,2,0,6,0,11,3,0,14,0,0,0,14
12/26/2020,APC,CA,AWP,WE,Towers with Radar,0,6,16,0,22,0,8,38,0,46,0,14,54,0,68,30,0,30,98
12/27/2020,APC,CA,AWP,WE,Towers with Radar,0,7,7,0,14,0,11,62,1,74,0,18,69,1,88,86,0,86,174
12/28/2020,APC,CA,AWP,WE,Towers with Radar,0,8,11,0,19,0,8,20,0,28,0,16,31,0,47,36,0,36,83
12/29/2020,APC,CA,AWP,WE,Towers with Radar,0,4,14,0,18,0,13,62,0,75,0,17,76,0,93,62,0,62,155
12/30/2020,APC,CA,AWP,WE,Towers with Radar,0,8,6,0,14,0,15,39,0,54,0,23,45,0,68,74,0,74,142
12/31/2020,APC,CA,AWP,WE,Towers with Radar,0,5,5,0,10,0,11,30,0,41,0,16,35,0,51,48,0,48,99
01/01/2021,APC,CA,AWP,WE,Towers with Radar,0,6,7,0,13,0,6,62,0,68,0,12,69,0,81,32,0,32,113
01/02/2021,APC,CA,AWP,WE,Towers with Radar,0,6,16,0,22,0,0,0,0,0,0,6,16,0,22,2,0,2,24
01/03/2021,APC,CA,AWP,WE,Towers with Radar,0,11,21,0,32,0,3,0,0,3,0,14,21,0,35,0,0,0,35
01/04/2021,APC,CA,AWP,WE,Towers with Radar,0,2,11,2,15,0,0,5,2,7,0,2,16,4,22,26,2,28,50
01/05/2021,APC,CA,AWP,WE,Towers with Radar,0,3,11,0,14,0,7,57,0,64,0,10,68,0,78,22,0,22,100
01/06/2021,APC,CA,AWP,WE,Towers with Radar,0,5,6,0,11,0,6,25,3,34,0,11,31,3,45,20,22,42,87
01/07/2021,APC,CA,AWP,WE,Towers with Radar,0,10,14,0,24,0,6,42,0,48,0,16,56,0,72,78,0,78,150
01/08/2021,APC,CA,AWP,WE,Towers with Radar,0,10,7,0,17,0,4,42,0,46,0,14,49,0,63,76,0,76,139
01/09/2021,APC,CA,AWP,WE,Towers with Radar,0,2,5,0,7,0,6,64,0,70,0,8,69,0,77,68,0,68,145
01/10/2021,APC,CA,AWP,WE,Towers with Radar,0,15,12,0,27,0,8,14,2,24,0,23,26,2,51,26,22,48,99
01/11/2021,APC,CA,AWP,WE,Towers with Radar,0,4,6,0,10,0,7,50,2,59,0,11,56,2,69,56,32,88,157
01/12/2021,APC,CA,AWP,WE,Towers with Radar,0,7,14,2,23,0,13,25,0,38,0,20,39,2,61,68,2,70,131
01/13/2021,APC,CA,AWP,WE,Towers with Radar,0,5,16,0,21,0,7,29,0,36,0,12,45,0,57,24,0,24,81
01/14/2021,APC,CA,AWP,WE,Towers with Radar,0,11,10,0,21,0,20,17,2,39,0,31,27,2,60,28,22,50,110
01/15/2021,APC,CA,AWP,WE,Towers with Radar,0,8,7,0,15,0,3,54,0,57,0,11,61,0,72,74,0,74,146
01/16/2021,APC,CA,AWP,WE,Towers with Radar,0,8,5,0,13,0,14,69,0,83,0,22,74,0,96,82,0,82,178
01/17/2021,APC,CA,AWP,WE,Towers with Radar,0,4,6,0,10,0,15,71,0,86,0,19,77,0,96,202,0,202,298
01/18/2021,APC,CA,AWP,WE,Towers with Radar,0,14,11,0,25,0,10,17,2,29,0,24,28,2,54,0,28,28,82
01/19/2021,APC,CA,AWP,WE,Towers with Radar,0,8,6,0,14,0,1,1,0,2,0,9,7,0,16,0,0,0,16
01/20/2021,APC,CA,AWP,WE,Towers with Radar,0,4,11,0,15,0,15,58,0,73,0,19,69,0,88,32,0,32,120
01/21/2021,APC,CA,AWP,WE,Towers with Radar,0,13,8,2,23,0,12,57,2,71,0,25,65,4,94,88,14,102,196
01/22/2021,APC,CA,AWP,WE,Towers with Radar,0,11,15,0,26,0,3,7,2,12,0,14,22,2,38,38,6,44,82
01/23/2021,APC,CA,AWP,WE,Towers with Radar,0,4,16,0,20,0,14,91,0,105,0,18,107,0,125,64,0,64,189
01/24/2021,APC,CA,AWP,WE,Towers with Radar,0,5,9,0,14,0,6,4,0,10,0,11,13,0,24,32,0,32,56
01/25/2021,APC,CA,AWP,WE,Towers with Radar,0,11,6,0,17,0,25,46,4,75,0,36,52,4,92,38,38,76,168
01/26/2021,APC,CA,AWP,WE,Towers with Radar,0,5,4,0,9,0,5,23,0,28,0,10,27,0,37,38,0,38,75
01/27/2021,APC,CA,AWP,WE,Towers with Radar,0,11,5,0,16,0,3,10,4,17,0,14,15,4,33,18,18,36,69
01/28/2021,APC,CA,AWP,WE,Towers with Radar,0,7,5,0,12,0,2,5,10,17,0,9,10,10,29,38,0,38,67
01/29/2021,APC,CA,AWP,WE,Towers with Radar,0,3,11,0,14,0,4,30,0,34,0,7,41,0,48,64,0,64,112
01/30/2021,APC,CA,AWP,WE,Towers with Radar,0,7,16,0,23,0,5,72,1,78,0,12,88,1,101,74,0,74,175
01/31/2021,APC,CA,AWP,WE,Towers with Radar,0,6,10,0,16,0,5,78,0,83,0,11,88,0,99,108,0,108,207
02/01/2021,APC,CA,AWP,WE,Towers with Radar,0,5,5,1,11,4,6,23,1,34,4,11,28,2,45,20,0,20,65
02/02/2021,APC,CA,AWP,WE,Towers with Radar,0,5,20,0,25,0,7,41,0,48,0,12,61,0,73,6,0,6,79
02/03/2021,APC,CA,AWP,WE,Towers with Radar,0,3,16,0,19,0,9,34,0,43,0,12,50,0,62,60,0,60,122
02/04/2021,APC,CA,AWP,WE,Towers with Radar,0,7,12,0,19,0,14,80,0,94,0,21,92,0,113,98,0,98,211
02/05/2021,APC,CA,AWP,WE,Towers with Radar,0,6,10,0,16,0,18,80,2,100,0,24,90,2,116,64,14,78,194
02/06/2021,APC,CA,AWP,WE,Towers with Radar,0,9,7,1,17,0,20,64,2,86,0,29,71,3,103,72,8,80,183
02/07/2021,APC,CA,AWP,WE,Towers with Radar,0,11,6,0,17,0,13,95,0,108,0,24,101,0,125,82,0,82,207
02/08/2021,APC,CA,AWP,WE,Towers with Radar,0,11,11,0,22,0,9,58,0,67,0,20,69,0,89,50,0,50,139
02/09/2021,APC,CA,AWP,WE,Towers with Radar,0,7,13,0,20,0,14,66,2,82,0,21,79,2,102,51,0,51,153
02/10/2021,APC,CA,AWP,WE,Towers with Radar,0,14,11,2,27,0,20,86,2,108,0,34,97,4,135,170,0,170,305
02/11/2021,APC,CA,AWP,WE,Towers with Radar,0,17,17,0,34,0,7,29,0,36,0,24,46,0,70,34,0,34,104
02/12/2021,APC,CA,AWP,WE,Towers with Radar,0,8,18,5,31,0,7,88,2,97,0,15,106,7,128,86,0,86,214
02/13/2021,APC,CA,AWP,WE,Towers with Radar,0,6,6,0,12,0,12,21,0,33,0,18,27,0,45,18,0,18,63
02/14/2021,APC,CA,AWP,WE,Towers with Radar,0,16,8,0,24,0,12,40,0,52,0,28,48,0,76,52,0,52,128
02/15/2021,APC,CA,AWP,WE,Towers with Radar,0,8,29,0,37,0,5,9,0,14,0,13,38,0,51,16,0,16,67
02/16/2021,APC,CA,AWP,WE,Towers with Radar,0,9,11,0,20,0,16,79,2,97,0,25,90,2,117,106,0,106,223
02/17/2021,APC,CA,AWP,WE,Towers with Radar,0,13,10,0,23,0,7,88,0,95,0,20,98,0,118,44,0,44,162
02/18/2021,APC,CA,AWP,WE,Towers with Radar,0,18,16,0,34,0,12,45,0,57,0,30,61,0,91,33,0,33,124
02/19/2021,APC,CA,AWP,WE,Towers with Radar,0,18,23,6,47,0,4,5,0,9,0,22,28,6,56,40,0,40,96
02/20/2021,APC,CA,AWP,WE,Towers with Radar,0,4,9,0,13,0,1,74,8,83,0,5,83,8,96,56,0,56,152
02/21/2021,APC,CA,AWP,WE,Towers with Radar,0,34,12,0,46,0,21,82,0,103,0,55,94,0,149,102,0,102,251
02/22/2021,APC,CA,AWP,WE,Towers with Radar,0,4,14,0,18,0,16,83,0,99,0,20,97,0,117,156,0,156,273
02/23/2021,APC,CA,AWP,WE,Towers with Radar,0,10,15,0,25,0,13,49,0,62,0,23,64,0,87,134,0,134,221
02/24/2021,APC,CA,AWP,WE,Towers with Radar,0,7,13,0,20,0,11,41,0,52,0,18,54,0,72,104,0,104,176
02/25/2021,APC,CA,AWP,WE,Towers with Radar,0,17,18,0,35,0,6,61,0,67,0,23,79,0,102,26,0,26,128
02/26/2021,APC,CA,AWP,WE,Towers with Radar,0,10,14,0,24,0,11,94,8,113,0,21,108,8,137,90,0,90,227
02/27/2021,APC,CA,AWP,WE,Towers with Radar,0,11,13,0,24,0,13,79,0,92,0,24,92,0,116,56,0,56,172
02/28/2021,APC,CA,AWP,WE,Towers with Radar,0,18,21,0,39,0,11,85,0,96,0,29,106,0,135,118,0,118,253
03/01/2021,APC,CA,AWP,WE,Towers with Radar,0,11,5,0,16,0,11,72,0,83,0,22,77,0,99,104,0,104,203
03/02/2021,APC,CA,AWP,WE,Towers with Radar,0,11,8,0,19,0,14,71,0,85,0,25,79,0,104,176,0,176,280
03/03/2021,APC,CA,AWP,WE,Towers with Radar,0,21,14,0,35,0,9,80,4,93,0,30,94,4,128,146,14,160,288
03/04/2021,APC,CA,AWP,WE,Towers with Radar,0,16,19,0,35,0,6,72,0,78,0,22,91,0,113,112,0,112,225
03/05/2021,APC,CA,AWP,WE,Towers with Radar,0,19,22,0,41,0,25,77,2,104,0,44,99,2,145,134,12,146,291
03/06/2021,APC,CA,AWP,WE,Towers with Radar,0,18,9,0,27,0,17,76,0,93,0,35,85,0,120,130,0,130,250
03/07/2021,APC,CA,AWP,WE,Towers with Radar,0,22,27,0,49,0,16,128,0,144,0,38,155,0,193,90,0,90,283
03/08/2021,APC,CA,AWP,WE,Towers with Radar,0,8,10,0,18,0,15,37,0,52,0,23,47,0,70,62,0,62,132
03/09/2021,APC,CA,AWP,WE,Towers with Radar,0,7,15,0,22,0,17,4,2,23,0,24,19,2,45,54,12,66,111
03/10/2021,APC,CA,AWP,WE,Towers with Radar,0,10,5,0,15,0,2,9,0,11,0,12,14,0,26,30,0,30,56
03/11/2021,APC,CA,AWP,WE,Towers with Radar,0,8,10,0,18,0,9,54,0,63,0,17,64,0,81,150,0,150,231
03/12/2021,APC,CA,AWP,WE,Towers with Radar,0,19,21,0,40,0,12,77,5,94,0,31,98,5,134,137,2,139,273
03/13/2021,APC,CA,AWP,WE,Towers with Radar,0,14,11,0,25,0,6,59,0,65,0,20,70,0,90,87,0,87,177
03/14/2021,APC,CA,AWP,WE,Towers with Radar,0,19,24,0,43,0,9,21,0,30,0,28,45,0,73,120,0,120,193
03/15/2021,APC,CA,AWP,WE,Towers with Radar,0,15,9,2,26,0,16,37,0,53,0,31,46,2,79,56,0,56,135
03/16/2021,APC,CA,AWP,WE,Towers with Radar,0,24,12,0,36,0,13,75,0,88,0,37,87,0,124,144,0,144,268
03/17/2021,APC,CA,AWP,WE,Towers with Radar,0,16,7,0,23,0,16,48,4,68,0,32,55,4,91,64,26,90,181
03/18/2021,APC,CA,AWP,WE,Towers with Radar,0,34,26,0,60,0,0,2,0,2,0,34,28,0,62,0,0,0,62
03/19/2021,APC,CA,AWP,WE,Towers with Radar,0,10,26,0,36,0,8,33,0,41,0,18,59,0,77,120,0,120,197
03/20/2021,APC,CA,AWP,WE,Towers with Radar,0,12,23,0,35,0,9,80,0,89,0,21,103,0,124,116,0,116,240
03/21/2021,APC,CA,AWP,WE,Towers with Radar,0,23,20,0,43,0,17,73,0,90,0,40,93,0,133,88,0,88,221
03/22/2021,APC,CA,AWP,WE,Towers with Radar,0,3,14,0,17,0,9,68,0,77,0,12,82,0,94,66,0,66,160
03/23/2021,APC,CA,AWP,WE,Towers with Radar,0,4,9,0,13,0,22,30,0,52,0,26,39,0,65,76,0,76,141
03/24/2021,APC,CA,AWP,WE,Towers with Radar,0,10,9,0,19,0,15,89,0,104,0,25,98,0,123,198,0,198,321
03/25/2021,APC,CA,AWP,WE,Towers with Radar,0,11,13,0,24,0,9,81,0,90,0,20,94,0,114,124,0,124,238
03/26/2021,APC,CA,AWP,WE,Towers with Radar,0,20,15,0,35,0,7,55,0,62,0,27,70,0,97,80,2,82,179
03/27/2021,APC,CA,AWP,WE,Towers with Radar,0,7,17,0,24,0,18,122,2,142,0,25,139,2,166,207,10,217,383
03/28/2021,APC,CA,AWP,WE,Towers with Radar,0,19,10,0,29,0,28,103,0,131,0,47,113,0,160,198,0,198,358
03/29/2021,APC,CA,AWP,WE,Towers with Radar,0,10,5,0,15,0,8,97,0,105,0,18,102,0,120,111,0,111,231
03/30/2021,APC,CA,AWP,WE,Towers with Radar,0,12,8,0,20,0,27,65,0,92,0,39,73,0,112,78,0,78,190
03/31/2021,APC,CA,AWP,WE,Towers with Radar,0,17,16,0,33,0,26,81,0,107,0,43,97,0,140,84,0,84,224
04/01/2021,APC,CA,AWP,WE,Towers with Radar,0,16,25,1,42,0,19,66,2,87,0,35,91,3,129,72,0,72,201
04/02/2021,APC,CA,AWP,WE,Towers with Radar,0,24,21,0,45,0,12,67,0,79,0,36,88,0,124,142,0,142,266
04/03/2021,APC,CA,AWP,WE,Towers with Radar,0,14,22,0,36,0,17,56,5,78,0,31,78,5,114,20,0,20,134
04/04/2021,APC,CA,AWP,WE,Towers with Radar,0,18,18,0,36,0,21,48,0,69,0,39,66,0,105,60,0,60,165
04/05/2021,APC,CA,AWP,WE,Towers with Radar,0,23,21,0,44,0,8,34,0,42,0,31,55,0,86,110,0,110,196
04/06/2021,APC,CA,AWP,WE,Towers with Radar,0,12,20,0,32,0,11,48,0,59,0,23,68,0,91,58,0,58,149
04/07/2021,APC,CA,AWP,WE,Towers with Radar,0,12,20,0,32,0,13,44,2,59,0,25,64,2,91,99,6,105,196
04/08/2021,APC,CA,AWP,WE,Towers with Radar,0,19,21,0,40,0,12,76,2,90,0,31,97,2,130,92,8,100,230
04/09/2021,APC,CA,AWP,WE,Towers with Radar,0,20,11,0,31,0,4,79,0,83,0,24,90,0,114,114,0,114,228
04/10/2021,APC,CA,AWP,WE,Towers with Radar,0,18,15,0,33,0,12,70,0,82,0,30,85,0,115,92,0,92,207
04/11/2021,APC,CA,AWP,WE,Towers with Radar,0,23,23,0,46,0,14,90,0,104,0,37,113,0,150,132,0,132,282
04/12/2021,APC,CA,AWP,WE,Towers with Radar,0,18,23,3,44,0,6,74,3,83,0,24,97,6,127,90,0,90,217
04/13/2021,APC,CA,AWP,WE,Towers with Radar,0,9,8,0,17,0,12,59,0,71,0,21,67,0,88,86,0,86,174
04/14/2021,APC,CA,AWP,WE,Towers with Radar,0,14,21,0,35,0,10,72,0,82,0,24,93,0,117,108,0,108,225
04/15/2021,APC,CA,AWP,WE,Towers with Radar,0,20,18,0,38,0,12,51,0,63,0,32,69,0,101,84,0,84,185
04/16/2021,APC,CA,AWP,WE,Towers with Radar,0,24,22,0,46,0,10,64,0,74,0,34,86,0,120,36,2,38,158
04/17/2021,APC,CA,AWP,WE,Towers with Radar,0,7,10,0,17,0,9,64,0,73,0,16,74,0,90,60,0,60,150
04/18/2021,APC,CA,AWP,WE,Towers with Radar,0,27,18,0,45,0,23,94,0,117,0,50,112,0,162,148,0,148,310
04/19/2021,APC,CA,AWP,WE,Towers with Radar,0,9,9,0,18,0,11,66,0,77,0,20,75,0,95,64,0,64,159
04/20/2021,APC,CA,AWP,WE,Towers with Radar,0,4,2,0,6,0,8,36,0,44,0,12,38,0,50,107,0,107,157
04/21/2021,APC,CA,AWP,WE,Towers with Radar,0,14,19,0,33,0,8,50,0,58,0,22,69,0,91,54,0,54,145
04/22/2021,APC,CA,AWP,WE,Towers with Radar,0,37,32,0,69,0,10,19,0,29,0,47,51,0,98,66,0,66,164
04/23/2021,APC,CA,AWP,WE,Towers with Radar,0,21,19,0,40,0,13,87,5,105,0,34,106,5,145,50,6,56,201
04/24/2021,APC,CA,AWP,WE,Towers with Radar,0,18,19,0,37,0,13,57,0,70,0,31,76,0,107,42,0,42,149
04/25/2021,APC,CA,AWP,WE,Towers with Radar,0,21,27,0,48,0,11,36,0,47,0,32,63,0,95,66,0,66,161
04/26/2021,APC,CA,AWP,WE,Towers with Radar,0,14,17,0,31,0,5,49,3,57,0,19,66,3,88,88,4,92,180
04/27/2021,APC,CA,AWP,WE,Towers with Radar,0,17,13,2,32,0,12,83,0,95,0,29,96,2,127,62,0,62,189
04/28/2021,APC,CA,AWP,WE,Towers with Radar,0,20,19,0,39,0,11,86,0,97,0,31,105,0,136,70,0,70,206
04/29/2021,APC,CA,AWP,WE,Towers with Radar,0,19,31,0,50,0,12,69,0,81,0,31,100,0,131,96,4,100,231
04/30/2021,APC,CA,AWP,WE,Towers with Radar,0,24,15,0,39,0,13,70,1,84,0,37,85,1,123,74,4,78,201
05/01/2021,APC,CA,AWP,WE,Towers with Radar,0,14,20,0,34,0,19,48,5,72,0,33,68,5,106,42,10,52,158
05/02/2021,APC,CA,AWP,WE,Towers with Radar,0,47,35,0,82,0,15,48,0,63,0,62,83,0,145,102,0,102,247
05/03/2021,APC,CA,AWP,WE,Towers with Radar,0,11,15,0,26,0,14,59,0,73,0,25,74,0,99,62,4,66,165
05/04/2021,APC,CA,AWP,WE,Towers with Radar,0,9,16,0,25,0,9,88,0,97,0,18,104,0,122,172,0,172,294
05/05/2021,APC,CA,AWP,WE,Towers with Radar,0,20,18,0,38,0,10,69,1,80,0,30,87,1,118,119,0,119,237
05/06/2021,APC,CA,AWP,WE,Towers with Radar,0,21,15,0,36,0,12,55,1,68,0,33,70,1,104,110,0,110,214
05/07/2021,APC,CA,AWP,WE,Towers with Radar,0,16,27,0,43,0,6,74,1,81,0,22,101,1,124,66,0,66,190
05/08/2021,APC,CA,AWP,WE,Towers with Radar,0,15,11,0,26,0,11,69,0,80,0,26,80,0,106,50,0,50,156
05/09/2021,APC,CA,AWP,WE,Towers with Radar,0,20,20,0,40,0,12,65,0,77,0,32,85,0,117,90,0,90,207
05/10/2021,APC,CA,AWP,WE,Towers with Radar,0,19,5,0,24,0,12,71,2,85,0,31,76,2,109,56,8,64,173
05/11/2021,APC,CA,AWP,WE,Towers with Radar,0,16,19,0,35,0,14,81,0,95,0,30,100,0,130,103,0,103,233
05/12/2021,APC,CA,AWP,WE,Towers with Radar,0,20,26,0,46,0,17,75,0,92,0,37,101,0,138,108,0,108,246
05/13/2021,APC,CA,AWP,WE,Towers with Radar,0,21,31,0,52,0,8,48,0,56,0,29,79,0,108,50,0,50,158
05/14/2021,APC,CA,AWP,WE,Towers with Radar,0,19,46,0,65,0,5,40,2,47,0,24,86,2,112,38,0,38,150
05/15/2021,APC,CA,AWP,WE,Towers with Radar,0,27,20,0,47,0,9,41,0,50,0,36,61,0,97,56,0,56,153
05/16/2021,APC,CA,AWP,WE,Towers with Radar,0,24,45,0,69,0,9,41,0,50,0,33,86,0,119,106,0,106,225
05/17/2021,APC,CA,AWP,WE,Towers with Radar,0,10,14,0,24,0,5,30,0,35,0,15,44,0,59,18,0,18,77
05/18/2021,APC,CA,AWP,WE,Towers with Radar,0,16,7,0,23,0,7,53,0,60,0,23,60,0,83,40,0,40,123
05/19/2021,APC,CA,AWP,WE,Towers with Radar,0,25,14,0,39,0,11,58,0,69,0,36,72,0,108,70,0,70,178
05/20/2021,APC,CA,AWP,WE,Towers with Radar,0,21,20,0,41,0,13,61,0,74,0,34,81,0,115,92,0,92,207
05/21/2021,APC,CA,AWP,WE,Towers with Radar,0,42,20,0,62,0,13,78,0,91,0,55,98,0,153,42,0,42,195
05/22/2021,APC,CA,AWP,WE,Towers with Radar,0,12,16,0,28,0,7,105,0,112,0,19,121,0,140,108,0,108,248
05/23/2021,APC,CA,AWP,WE,Towers with Radar,0,46,39,0,85,0,23,74,0,97,0,69,113,0,182,26,0,26,208
05/24/2021,APC,CA,AWP,WE,Towers with Radar,0,19,14,0,33,0,12,53,0,65,0,31,67,0,98,98,0,98,196
05/25/2021,APC,CA,AWP,WE,Towers with Radar,0,26,11,0,37,0,9,64,1,74,0,35,75,1,111,72,14,86,197
05/26/2021,APC,CA,AWP,WE,Towers with Radar,0,15,14,0,29,0,16,53,0,69,0,31,67,0,98,126,0,126,224
05/27/2021,APC,CA,AWP,WE,Towers with Radar,0,12,28,1,41,0,13,52,4,69,0,25,80,5,110,114,28,142,252
05/28/2021,APC,CA,AWP,WE,Towers with Radar,0,26,40,0,66,0,15,47,0,62,0,41,87,0,128,52,0,52,180
05/29/2021,APC,CA,AWP,WE,Towers with Radar,0,12,17,0,29,0,13,62,0,75,0,25,79,0,104,104,0,104,208
05/30/2021,APC,CA,AWP,WE,Towers with Radar,0,13,12,0,25,0,21,67,0,88,0,34,79,0,113,76,0,76,189
05/31/2021,APC,CA,AWP,WE,Towers with Radar,0,31,31,0,62,0,21,72,0,93,0,52,103,0,155,96,0,96,251
06/01/2021,APC,CA,AWP,WE,Towers with Radar,0,17,15,0,32,0,26,69,0,95,0,43,84,0,127,62,0,62,189
06/02/2021,APC,CA,AWP,WE,Towers with Radar,0,21,15,0,36,0,0,57,0,57,0,21,72,0,93,96,0,96,189
06/03/2021,APC,CA,AWP,WE,Towers with Radar,0,28,40,0,68,0,16,56,1,73,0,44,96,1,141,62,16,78,219
06/04/2021,APC,CA,AWP,WE,Towers with Radar,0,19,33,0,52,0,8,58,3,69,0,27,91,3,121,80,0,80,201
06/05/2021,APC,CA,AWP,WE,Towers with Radar,0,19,14,0,33,0,11,61,0,72,0,30,75,0,105,94,0,94,199
06/06/2021,APC,CA,AWP,WE,Towers with Radar,0,29,39,0,68,0,16,58,0,74,0,45,97,0,142,34,0,34,176
06/07/2021,APC,CA,AWP,WE,Towers with Radar,0,14,15,0,29,0,18,56,0,74,0,32,71,0,103,6,0,6,109
06/08/2021,APC,CA,AWP,WE,Towers with Radar,0,17,10,0,27,0,17,51,0,68,0,34,61,0,95,64,0,64,159
06/09/2021,APC,CA,AWP,WE,Towers with Radar,0,13,32,0,45,0,23,41,0,64,0,36,73,0,109,48,0,48,157
06/10/2021,APC,CA,AWP,WE,Towers with Radar,0,17,25,0,42,0,32,87,3,122,0,49,112,3,164,58,14,72,236
06/11/2021,APC,CA,AWP,WE,Towers with Radar,0,34,24,0,58,0,13,56,0,69,0,47,80,0,127,94,0,94,221
06/12/2021,APC,CA,AWP,WE,Towers with Radar,0,16,18,0,34,0,9,65,0,74,0,25,83,0,108,62,0,62,170
06/13/2021,APC,CA,AWP,WE,Towers with Radar,0,40,28,2,70,0,12,65,0,77,0,52,93,2,147,90,4,94,241
06/14/2021,APC,CA,AWP,WE,Towers with Radar,0,15,30,0,45,0,16,41,0,57,0,31,71,0,102,64,0,64,166
06/15/2021,APC,CA,AWP,WE,Towers with Radar,0,18,10,1,29,0,12,84,0,96,0,30,94,1,125,98,0,98,223
06/16/2021,APC,CA,AWP,WE,Towers with Radar,0,22,32,0,54,0,8,66,0,74,0,30,98,0,128,80,0,80,208
06/17/2021,APC,CA,AWP,WE,Towers with Radar,0,21,14,0,35,0,36,73,5,114,0,57,87,5,149,62,6,68,217
06/18/2021,APC,CA,AWP,WE,Towers with Radar,0,23,39,0,62,0,20,124,3,147,0,43,163,3,209,42,0,42,251
06/19/2021,APC,CA,AWP,WE,Towers with Radar,0,23,17,0,40,0,25,90,0,115,0,48,107,0,155,66,0,66,221
06/20/2021,APC,CA,AWP,WE,Towers with Radar,0,43,30,0,73,0,12,74,0,86,0,55,104,0,159,108,0,108,267
06/21/2021,APC,CA,AWP,WE,Towers with Radar,0,36,21,0,57,0,20,77,0,97,0,56,98,0,154,28,0,28,182
06/22/2021,APC,CA,AWP,WE,Towers with Radar,0,26,31,0,57,0,22,66,0,88,0,48,97,0,145,132,0,132,277
06/23/2021,APC,CA,AWP,WE,Towers with Radar,0,18,18,0,36,0,20,55,2,77,0,38,73,2,113,54,0,54,167
06/24/2021,APC,CA,AWP,WE,Towers with Radar,0,27,23,0,50,0,9,88,0,97,0,36,111,0,147,40,0,40,187
06/25/2021,APC,CA,AWP,WE,Towers with Radar,0,33,23,0,56,0,6,40,0,46,0,39,63,0,102,20,0,20,122
06/26/2021,APC,CA,AWP,WE,Towers with Radar,0,15,13,0,28,0,16,49,0,65,0,31,62,0,93,82,0,82,175
06/27/2021,APC,CA,AWP,WE,Towers with Radar,0,33,44,0,77,0,16,70,0,86,0,49,114,0,163,34,0,34,197
06/28/2021,APC,CA,AWP,WE,Towers with Radar,0,31,13,0,44,0,8,79,0,87,0,39,92,0,131,82,0,82,213
06/29/2021,APC,CA,AWP,WE,Towers with Radar,0,22,12,0,34,0,15,58,0,73,0,37,70,0,107,42,0,42,149
06/30/2021,APC,CA,AWP,WE,Towers with Radar,0,21,26,0,47,0,15,47,0,62,0,36,73,0,109,76,0,76,185
07/01/2021,APC,CA,AWP,WE,Towers with Radar,0,25,25,0,50,0,6,41,0,47,0,31,66,0,97,54,0,54,151
07/02/2021,APC,CA,AWP,WE,Towers with Radar,0,21,23,0,44,0,14,59,0,73,0,35,82,0,117,60,0,60,177
07/03/2021,APC,CA,AWP,WE,Towers with Radar,0,18,12,0,30,0,16,65,0,81,0,34,77,0,111,54,0,54,165
07/04/2021,APC,CA,AWP,WE,Towers with Radar,0,12,15,0,27,0,19,34,0,53,0,31,49,0,80,4,0,4,84
07/05/2021,APC,CA,AWP,WE,Towers with Radar,0,23,16,0,39,0,14,64,0,78,0,37,80,0,117,24,0,24,141
07/06/2021,APC,CA,AWP,WE,Towers with Radar,0,15,19,0,34,0,10,57,0,67,0,25,76,0,101,50,0,50,151
07/07/2021,APC,CA,AWP,WE,Towers with Radar,0,11,20,0,31,0,10,70,0,80,0,21,90,0,111,44,0,44,155
07/08/2021,APC,CA,AWP,WE,Towers with Radar,0,18,24,0,42,0,21,48,1,70,0,39,72,1,112,86,32,118,230
07/09/2021,APC,CA,AWP,WE,Towers with Radar,0,31,26,0,57,0,10,80,17,107,0,41,106,17,164,58,6,64,228
07/10/2021,APC,CA,AWP,WE,Towers with Radar,0,15,16,0,31,0,23,67,0,90,0,38,83,0,121,36,0,36,157
07/11/2021,APC,CA,AWP,WE,Towers with Radar,0,35,19,0,54,0,14,60,0,74,0,49,79,0,128,62,0,62,190
07/12/2021,APC,CA,AWP,WE,Towers with Radar,0,26,26,0,52,0,14,42,0,56,0,40,68,0,108,24,0,24,132
07/13/2021,APC,CA,AWP,WE,Towers with Radar,0,25,20,0,45,0,6,38,0,44,0,31,58,0,89,20,0,20,109
07/14/2021,APC,CA,AWP,WE,Towers with Radar,0,30,26,0,56,0,13,56,1,70,0,43,82,1,126,56,0,56,182
07/15/2021,APC,CA,AWP,WE,Towers with Radar,0,27,36,0,63,0,12,37,2,51,0,39,73,2,114,70,0,70,184
07/16/2021,APC,CA,AWP,WE,Towers with Radar,0,14,28,0,42,0,3,70,2,75,0,17,98,2,117,44,0,44,161
07/17/2021,APC,CA,AWP,WE,Towers with Radar,0,31,19,0,50,0,1,75,0,76,0,32,94,0,126,56,0,56,182
07/18/2021,APC,CA,AWP,WE,Towers with Radar,0,32,24,0,56,0,16,74,0,90,0,48,98,0,146,92,0,92,238
07/19/2021,APC,CA,AWP,WE,Towers with Radar,0,31,27,0,58,0,7,57,2,66,0,38,84,2,124,84,6,90,214
07/20/2021,APC,CA,AWP,WE,Towers with Radar,0,26,23,0,49,0,10,66,1,77,0,36,89,1,126,78,2,80,206
07/21/2021,APC,CA,AWP,WE,Towers with Radar,0,25,24,0,49,0,22,59,0,81,0,47,83,0,130,92,0,92,222
07/22/2021,APC,CA,AWP,WE,Towers with Radar,0,32,35,0,67,0,7,42,0,49,0,39,77,0,116,50,0,50,166
07/23/2021,APC,CA,AWP,WE,Towers with Radar,0,30,15,0,45,0,6,71,0,77,0,36,86,0,122,42,0,42,164
07/24/2021,APC,CA,AWP,WE,Towers with Radar,0,38,33,0,71,0,21,104,0,125,0,59,137,0,196,42,0,42,238
07/25/2021,APC,CA,AWP,WE,Towers with Radar,0,52,38,0,90,0,17,81,0,98,0,69,119,0,188,32,0,32,220
07/26/2021,APC,CA,AWP,WE,Towers with Radar,0,40,33,0,73,0,8,50,0,58,0,48,83,0,131,58,0,58,189
07/27/2021,APC,CA,AWP,WE,Towers with Radar,0,19,17,0,36,0,15,60,0,75,0,34,77,0,111,137,0,137,248
07/28/2021,APC,CA,AWP,WE,Towers with Radar,1,23,18,0,42,0,8,68,2,78,1,31,86,2,120,108,10,118,238
07/29/2021,APC,CA,AWP,WE,Towers with Radar,0,17,19,0,36,0,5,86,2,93,0,22,105,2,129,118,4,122,251
07/30/2021,APC,CA,AWP,WE,Towers with Radar,0,19,22,0,41,0,7,78,0,85,0,26,100,0,126,94,0,94,220
07/31/2021,APC,CA,AWP,WE,Towers with Radar,0,17,23,0,40,0,20,62,0,82,0,37,85,0,122,116,0,116,238
08/01/2021,APC,CA,AWP,WE,Towers with Radar,0,19,25,0,44,0,18,68,0,86,0,37,93,0,130,90,0,90,220
08/02/2021,APC,CA,AWP,WE,Towers with Radar,0,14,21,0,35,0,14,62,6,82,0,28,83,6,117,62,0,62,179
08/03/2021,APC,CA,AWP,WE,Towers with Radar,0,18,17,0,35,0,17,66,0,83,0,35,83,0,118,64,0,64,182
08/04/2021,APC,CA,AWP,WE,Towers with Radar,0,29,29,0,58,0,7,32,1,40,0,36,61,1,98,14,6,20,118
08/05/2021,APC,CA,AWP,WE,Towers with Radar,0,33,35,0,68,0,6,75,0,81,0,39,110,0,149,100,0,100,249
08/06/2021,APC,CA,AWP,WE,Towers with Radar,0,34,25,0,59,0,8,26,0,34,0,42,51,0,93,94,0,94,187
08/07/2021,APC,CA,AWP,WE,Towers with Radar,0,37,22,0,59,0,15,36,0,51,0,52,58,0,110,70,0,70,180
08/08/2021,APC,CA,AWP,WE,Towers with Radar,0,31,30,0,61,0,6,36,0,42,0,37,66,0,103,50,0,50,153
08/09/2021,APC,CA,AWP,WE,Towers with Radar,0,18,14,0,32,0,9,75,0,84,0,27,89,0,116,94,0,94,210
08/10/2021,APC,CA,AWP,WE,Towers with Radar,0,10,14,0,24,0,15,77,0,92,0,25,91,0,116,122,0,122,238
08/11/2021,APC,CA,AWP,WE,Towers with Radar,0,18,20,0,38,0,6,79,0,85,0,24,99,0,123,40,0,40,163
08/12/2021,APC,CA,AWP,WE,Towers with Radar,0,32,29,2,63,0,24,79,9,112,0,56,108,11,175,106,4,110,285
08/13/2021,APC,CA,AWP,WE,Towers with Radar,0,16,24,0,40,0,2,64,2,68,0,18,88,2,108,66,14,80,188
08/14/2021,APC,CA,AWP,WE,Towers with Radar,0,21,27,0,48,0,15,52,4,71,0,36,79,4,119,52,0,52,171
08/15/2021,APC,CA,AWP,WE,Towers with Radar,0,44,42,0,86,0,14,69,0,83,0,58,111,0,169,46,0,46,215
08/16/2021,APC,CA,AWP,WE,Towers with Radar,0,22,24,0,46,0,13,39,0,52,0,35,63,0,98,62,0,62,160
08/17/2021,APC,CA,AWP,WE,Towers with Radar,0,17,36,0,53,0,9,40,0,49,0,26,76,0,102,60,0,60,162
08/18/2021,APC,CA,AWP,WE,Towers with Radar,0,23,32,0,55,0,3,30,1,34,0,26,62,1,89,66,3,69,158
08/19/2021,APC,CA,AWP,WE,Towers with Radar,0,28,36,0,64,0,18,35,4,57,0,46,71,4,121,82,4,86,207
08/20/2021,APC,CA,AWP,WE,Towers with Radar,0,36,43,0,79,0,3,31,0,34,0,39,74,0,113,50,0,50,163
08/21/2021,APC,CA,AWP,WE,Towers with Radar,0,32,22,0,54,0,12,27,6,45,0,44,49,6,99,32,0,32,131
08/22/2021,APC,CA,AWP,WE,Towers with Radar,0,33,43,0,76,0,5,38,7,50,0,38,81,7,126,133,0,133,259
08/23/2021,APC,CA,AWP,WE,Towers with Radar,0,28,35,0,63,0,5,37,0,42,0,33,72,0,105,30,0,30,135
08/24/2021,APC,CA,AWP,WE,Towers with Radar,0,13,20,0,33,0,22,56,1,79,0,35,76,1,112,110,0,110,222
08/25/2021,APC,CA,AWP,WE,Towers with Radar,0,22,17,1,40,0,4,84,3,91,0,26,101,4,131,114,24,138,269
08/26/2021,APC,CA,AWP,WE,Towers with Radar,0,32,26,0,58,0,20,63,0,83,0,52,89,0,141,136,0,136,277
08/27/2021,APC,CA,AWP,WE,Towers with Radar,0,24,30,0,54,0,8,31,0,39,0,32,61,0,93,112,0,112,205
08/28/2021,APC,CA,AWP,WE,Towers with Radar,0,22,20,0,42,0,19,37,0,56,0,41,57,0,98,82,0,82,180
08/29/2021,APC,CA,AWP,WE,Towers with Radar,0,19,42,0,61,0,18,64,0,82,0,37,106,0,143,80,0,80,223
08/30/2021,APC,CA,AWP,WE,Towers with Radar,0,24,17,0,41,0,11,32,1,44,0,35,49,1,85,88,0,88,173
08/31/2021,APC,CA,AWP,WE,Towers with Radar,0,21,14,0,35,0,18,64,2,84,0,39,78,2,119,126,2,128,247
09/01/2021,APC,CA,AWP,WE,Towers with Radar,0,18,22,0,40,0,14,41,1,56,0,32,63,1,96,74,18,92,188
09/02/2021,APC,CA,AWP,WE,Towers with Radar,0,32,41,1,74,0,27,61,3,91,0,59,102,4,165,84,16,100,265
09/03/2021,APC,CA,AWP,WE,Towers with Radar,0,37,66,0,103,0,8,58,0,66,0,45,124,0,169,60,0,60,229
09/04/2021,APC,CA,AWP,WE,Towers with Radar,0,23,28,0,51,0,11,64,0,75,0,34,92,0,126,34,0,34,160
09/05/2021,APC,CA,AWP,WE,Towers with Radar,0,16,27,0,43,0,9,40,6,55,0,25,67,6,98,36,0,36,134
09/06/2021,APC,CA,AWP,WE,Towers with Radar,0,43,48,0,91,0,22,71,0,93,0,65,119,0,184,86,0,86,270
09/07/2021,APC,CA,AWP,WE,Towers with Radar,0,23,23,0,46,0,11,72,0,83,0,34,95,0,129,138,0,138,267
09/08/2021,APC,CA,AWP,WE,Towers with Radar,0,34,24,0,58,0,20,67,2,89,0,54,91,2,147,92,12,104,251
09/09/2021,APC,CA,AWP,WE,Towers with Radar,0,17,28,0,45,0,24,57,6,87,0,41,85,6,132,130,0,130,262
09/10/2021,APC,CA,AWP,WE,Towers with Radar,0,39,28,0,67,0,13,87,3,103,0,52,115,3,170,78,4,82,252
09/11/2021,APC,CA,AWP,WE,Towers with Radar,0,18,34,0,52,0,20,60,0,80,0,38,94,0,132,12,2,14,146
09/12/2021,APC,CA,AWP,WE,Towers with Radar,0,34,38,0,72,0,11,65,0,76,0,45,103,0,148,58,6,64,212
09/13/2021,APC,CA,AWP,WE,Towers with Radar,0,22,13,0,35,0,12,55,0,67,0,34,68,0,102,62,0,62,164
09/14/2021,APC,CA,AWP,WE,Towers with Radar,0,37,28,0,65,0,18,64,0,82,0,55,92,0,147,54,0,54,201
09/15/2021,APC,CA,AWP,WE,Towers with Radar,0,33,26,0,59,0,14,59,0,73,0,47,85,0,132,84,0,84,216
09/16/2021,APC,CA,AWP,WE,Towers with Radar,0,28,32,0,60,0,18,38,0,56,0,46,70,0,116,54,0,54,170
09/17/2021,APC,CA,AWP,WE,Towers with Radar,0,36,42,0,78,0,13,48,0,61,0,49,90,0,139,88,12,100,239
09/18/2021,APC,CA,AWP,WE,Towers with Radar,0,40,21,0,61,0,6,12,0,18,0,46,33,0,79,42,6,48,127
09/19/2021,APC,CA,AWP,WE,Towers with Radar,0,38,36,0,74,0,19,74,0,93,0,57,110,0,167,64,0,64,231
09/20/2021,APC,CA,AWP,WE,Towers with Radar,0,30,26,0,56,0,12,67,6,85,0,42,93,6,141,76,0,76,217
09/21/2021,APC,CA,AWP,WE,Towers with Radar,0,28,17,4,49,0,13,77,0,90,0,41,94,4,139,62,0,62,201
09/22/2021,APC,CA,AWP,WE,Towers with Radar,0,19,24,0,43,0,13,75,0,88,0,32,99,0,131,120,0,120,251
09/23/2021,APC,CA,AWP,WE,Towers with Radar,0,33,37,0,70,0,7,79,5,91,0,40,116,5,161,128,16,144,305
09/24/2021,APC,CA,AWP,WE,Towers with Radar,0,33,25,0,58,0,12,92,12,116,0,45,117,12,174,126,0,126,300
09/25/2021,APC,CA,AWP,WE,Towers with Radar,0,21,21,0,42,0,11,78,1,90,0,32,99,1,132,46,4,50,182
09/26/2021,APC,CA,AWP,WE,Towers with Radar,0,44,31,0,75,0,22,70,2,94,0,66,101,2,169,82,24,106,275
09/27/2021,APC,CA,AWP,WE,Towers with Radar,0,26,37,0,63,0,11,35,0,46,0,37,72,0,109,52,0,52,161
09/28/2021,APC,CA,AWP,WE,Towers with Radar,0,29,26,0,55,0,22,86,0,108,0,51,112,0,163,110,0,110,273
09/29/2021,APC,CA,AWP,WE,Towers with Radar,0,34,27,0,61,0,20,64,0,84,0,54,91,0,145,90,0,90,235
09/30/2021,APC,CA,AWP,WE,Towers with Radar,0,37,26,0,63,0,15,107,2,124,0,52,133,2,187,80,14,94,281
10/01/2021,APC,CA,AWP,WE,Towers with Radar,0,25,30,0,55,0,11,84,0,95,0,36,114,0,150,54,0,54,204
10/02/2021,APC,CA,AWP,WE,Towers with Radar,0,20,31,0,51,0,14,89,0,103,0,34,120,0,154,38,0,38,192
10/03/2021,APC,CA,AWP,WE,Towers with Radar,0,41,48,0,89,0,31,81,0,112,0,72,129,0,201,54,0,54,255
10/04/2021,APC,CA,AWP,WE,Towers with Radar,0,27,17,0,44,0,5,53,0,58,0,32,70,0,102,12,0,12,114
10/05/2021,APC,CA,AWP,WE,Towers with Radar,0,24,17,0,41,0,12,55,0,67,0,36,72,0,108,134,0,134,242
10/06/2021,APC,CA,AWP,WE,Towers with Radar,0,21,37,0,58,0,14,52,5,71,0,35,89,5,129,66,0,66,195
10/07/2021,APC,CA,AWP,WE,Towers with Radar,0,18,36,0,54,0,18,47,0,65,0,36,83,0,119,128,0,128,247
10/08/2021,APC,CA,AWP,WE,Towers with Radar,0,40,42,0,82,0,16,44,0,60,0,56,86,0,142,80,0,80,222
10/09/2021,APC,CA,AWP,WE,Towers with Radar,0,17,15,0,32,0,14,70,0,84,0,31,85,0,116,78,0,78,194
10/10/2021,APC,CA,AWP,WE,Towers with Radar,0,43,40,0,83,0,6,65,0,71,0,49,105,0,154,98,0,98,252
10/11/2021,APC,CA,AWP,WE,Towers with Radar,0,29,32,0,61,0,3,22,0,25,0,32,54,0,86,26,0,26,112
10/12/2021,APC,CA,AWP,WE,Towers with Radar,0,26,20,0,46,0,8,61,0,69,0,34,81,0,115,58,28,86,201
10/13/2021,APC,CA,AWP,WE,Towers with Radar,0,37,39,0,76,0,13,105,0,118,0,50,144,0,194,110,0,110,304
10/14/2021,APC,CA,AWP,WE,Towers with Radar,0,46,54,0,100,0,17,75,3,95,0,63,129,3,195,144,0,144,339
10/15/2021,APC,CA,AWP,WE,Towers with Radar,0,39,46,0,85,0,19,82,0,101,0,58,128,0,186,114,0,114,300
10/16/2021,APC,CA,AWP,WE,Towers with Radar,0,19,18,0,37,0,10,64,0,74,0,29,82,0,111,82,0,82,193
10/17/2021,APC,CA,AWP,WE,Towers with Radar,0,38,44,0,82,0,14,56,0,70,0,52,100,0,152,52,4,56,208
10/18/2021,APC,CA,AWP,WE,Towers with Radar,0,26,30,1,57,0,11,62,1,74,0,37,92,2,131,116,0,116,247
10/19/2021,APC,CA,AWP,WE,Towers with Radar,0,18,18,1,37,0,17,53,0,70,0,35,71,1,107,152,0,152,259
10/20/2021,APC,CA,AWP,WE,Towers with Radar,0,31,37,0,68,0,3,11,0,14,0,34,48,0,82,2,0,2,84
10/21/2021,APC,CA,AWP,WE,Towers with Radar,0,31,44,4,79,0,0,0,0,0,0,31,44,4,79,0,0,0,79
10/22/2021,APC,CA,AWP,WE,Towers with Radar,0,29,24,0,53,0,3,23,3,29,0,32,47,3,82,62,0,62,144
10/23/2021,APC,CA,AWP,WE,Towers with Radar,0,14,26,0,40,0,3,23,0,26,0,17,49,0,66,68,0,68,134
10/24/2021,APC,CA,AWP,WE,Towers with Radar,0,17,14,0,31,0,0,0,0,0,0,17,14,0,31,0,0,0,31
10/25/2021,APC,CA,AWP,WE,Towers with Radar,0,32,22,0,54,0,21,23,0,44,0,53,45,0,98,32,0,32,130
10/26/2021,APC,CA,AWP,WE,Towers with Radar,0,15,15,0,30,0,7,23,0,30,0,22,38,0,60,120,0,120,180
10/27/2021,APC,CA,AWP,WE,Towers with Radar,0,19,26,0,45,0,7,59,0,66,0,26,85,0,111,94,0,94,205
10/28/2021,APC,CA,AWP,WE,Towers with Radar,0,41,64,1,106,0,7,55,0,62,0,48,119,1,168,34,0,34,202
10/29/2021,APC,CA,AWP,WE,Towers with Radar,0,29,27,0,56,0,12,67,0,79,0,41,94,0,135,10,0,10,145
10/30/2021,APC,CA,AWP,WE,Towers with Radar,0,48,37,0,85,0,0,11,0,11,0,48,48,0,96,6,0,6,102
10/31/2021,APC,CA,AWP,WE,Towers with Radar,0,51,42,0,93,0,9,28,0,37,0,60,70,0,130,44,0,44,174
11/01/2021,APC,CA,AWP,WE,Towers with Radar,0,17,34,2,53,0,1,3,1,5,0,18,37,3,58,2,24,26,84
11/02/2021,APC,CA,AWP,WE,Towers with Radar,0,7,29,0,36,0,4,22,1,27,0,11,51,1,63,20,0,20,83
11/03/2021,APC,CA,AWP,WE,Towers with Radar,0,13,22,0,35,0,8,66,0,74,0,21,88,0,109,148,0,148,257
11/04/2021,APC,CA,AWP,WE,Towers with Radar,0,27,35,0,62,0,9,55,1,65,0,36,90,1,127,90,0,90,217
11/05/2021,APC,CA,AWP,WE,Towers with Radar,0,28,29,0,57,0,7,50,2,59,0,35,79,2,116,60,20,80,196
11/06/2021,APC,CA,AWP,WE,Towers with Radar,0,24,19,0,43,0,15,43,2,60,0,39,62,2,103,50,8,58,161
11/07/2021,APC,CA,AWP,WE,Towers with Radar,0,39,28,0,67,0,13,91,0,104,0,52,119,0,171,84,0,84,255
11/08/2021,APC,CA,AWP,WE,Towers with Radar,0,26,24,0,50,0,9,25,0,34,0,35,49,0,84,76,0,76,160
11/09/2021,APC,CA,AWP,WE,Towers with Radar,0,22,24,0,46,0,0,0,0,0,0,22,24,0,46,0,0,0,46
11/10/2021,APC,CA,AWP,WE,Towers with Radar,0,18,34,0,52,0,12,48,0,60,0,30,82,0,112,44,0,44,156
11/11/2021,APC,CA,AWP,WE,Towers with Radar,0,26,40,0,66,0,24,94,1,119,0,50,134,1,185,50,2,52,237
11/12/2021,APC,CA,AWP,WE,Towers with Radar,0,28,28,0,56,0,7,78,0,85,0,35,106,0,141,50,0,50,191
11/13/2021,APC,CA,AWP,WE,Towers with Radar,0,30,26,0,56,0,8,55,0,63,0,38,81,0,119,42,0,42,161
11/14/2021,APC,CA,AWP,WE,Towers with Radar,0,32,36,0,68,0,13,26,0,39,0,45,62,0,107,44,0,44,151
11/15/2021,APC,CA,AWP,WE,Towers with Radar,0,24,39,3,66,0,2,4,0,6,0,26,43,3,72,0,0,0,72
11/16/2021,APC,CA,AWP,WE,Towers with Radar,0,12,15,0,27,0,10,36,0,46,0,22,51,0,73,24,0,24,97
11/17/2021,APC,CA,AWP,WE,Towers with Radar,0,19,28,1,48,0,1,80,12,93,0,20,108,13,141,88,0,88,229
11/18/2021,APC,CA,AWP,WE,Towers with Radar,0,24,26,0,50,0,18,48,2,68,0,42,74,2,118,108,22,130,248
11/19/2021,APC,CA,AWP,WE,Towers with Radar,0,24,52,0,76,0,0,2,0,2,0,24,54,0,78,0,0,0,78
11/20/2021,APC,CA,AWP,WE,Towers with Radar,0,12,23,0,35,0,6,67,0,73,0,18,90,0,108,62,0,62,170
11/21/2021,APC,CA,AWP,WE,Towers with Radar,0,30,17,0,47,0,19,82,0,101,0,49,99,0,148,76,0,76,224
11/22/2021,APC,CA,AWP,WE,Towers with Radar,0,22,18,0,40,0,32,75,13,120,0,54,93,13,160,80,0,80,240
11/23/2021,APC,CA,AWP,WE,Towers with Radar,0,26,16,0,42,0,17,64,3,84,0,43,80,3,126,108,0,108,234
11/24/2021,APC,CA,AWP,WE,Towers with Radar,0,9,27,0,36,0,13,54,0,67,0,22,81,0,103,64,0,64,167
11/25/2021,APC,CA,AWP,WE,Towers with Radar,0,11,5,0,16,0,17,28,0,45,0,28,33,0,61,18,0,18,79
11/26/2021,APC,CA,AWP,WE,Towers with Radar,0,22,18,0,40,0,10,63,0,73,0,32,81,0,113,2,0,2,115
11/27/2021,APC,CA,AWP,WE,Towers with Radar,0,21,24,0,45,0,5,56,0,61,0,26,80,0,106,24,0,24,130
11/28/2021,APC,CA,AWP,WE,Towers with Radar,0,26,36,0,62,0,25,57,0,82,0,51,93,0,144,22,0,22,166
11/29/2021,APC,CA,AWP,WE,Towers with Radar,0,18,16,0,34,0,11,73,2,86,0,29,89,2,120,84,0,84,204
11/30/2021,APC,CA,AWP,WE,Towers with Radar,0,16,8,0,24,0,15,65,0,80,0,31,73,0,104,104,0,104,208
12/01/2021,APC,CA,AWP,WE,Towers with Radar,0,20,17,0,37,0,14,63,8,85,0,34,80,8,122,98,32,130,252
12/02/2021,APC,CA,AWP,WE,Towers with Radar,0,17,18,0,35,0,10,77,6,93,0,27,95,6,128,158,0,158,286
12/03/2021,APC,CA,AWP,WE,Towers with Radar,0,23,30,0,53,0,0,0,0,0,0,23,30,0,53,0,0,0,53
12/04/2021,APC,CA,AWP,WE,Towers with Radar,0,30,22,0,52,0,2,0,0,2,0,32,22,0,54,0,0,0,54
12/05/2021,APC,CA,AWP,WE,Towers with Radar,0,22,20,0,42,0,12,22,0,34,0,34,42,0,76,48,0,48,124
12/06/2021,APC,CA,AWP,WE,Towers with Radar,0,16,16,0,32,0,0,0,0,0,0,16,16,0,32,0,0,0,32
12/07/2021,APC,CA,AWP,WE,Towers with Radar,0,2,22,0,24,0,24,43,3,70,0,26,65,3,94,102,14,116,210
12/08/2021,APC,CA,AWP,WE,Towers with Radar,0,16,15,4,35,0,0,0,0,0,0,16,15,4,35,0,0,0,35
12/09/2021,APC,CA,AWP,WE,Towers with Radar,0,27,19,0,46,0,39,70,4,113,0,66,89,4,159,120,12,132,291
12/10/2021,APC,CA,AWP,WE,Towers with Radar,0,23,21,0,44,0,23,86,0,109,0,46,107,0,153,82,0,82,235
12/11/2021,APC,CA,AWP,WE,Towers with Radar,0,12,10,0,22,0,32,76,0,108,0,44,86,0,130,98,0,98,228
12/12/2021,APC,CA,AWP,WE,Towers with Radar,0,26,29,0,55,0,0,0,0,0,0,26,29,0,55,0,0,0,55
12/13/2021,APC,CA,AWP,WE,Towers with Radar,0,18,19,0,37,0,0,0,0,0,0,18,19,0,37,0,0,0,37
12/14/2021,APC,CA,AWP,WE,Towers with Radar,0,11,12,0,23,0,12,51,2,65,0,23,63,2,88,86,14,100,188
12/15/2021,APC,CA,AWP,WE,Towers with Radar,0,13,24,0,37,0,8,8,0,16,0,21,32,0,53,40,0,40,93
12/16/2021,APC,CA,AWP,WE,Towers with Radar,0,25,29,0,54,0,9,31,0,40,0,34,60,0,94,68,0,68,162
12/17/2021,APC,CA,AWP,WE,Towers with Radar,0,13,20,0,33,0,15,86,0,101,0,28,106,0,134,80,0,80,214
12/18/2021,APC,CA,AWP,WE,Towers with Radar,0,21,7,0,28,0,12,54,1,67,0,33,61,1,95,146,0,146,241
12/19/2021,APC,CA,AWP,WE,Towers with Radar,1,13,36,0,50,0,2,10,0,12,1,15,46,0,62,0,0,0,62
12/20/2021,APC,CA,AWP,WE,Towers with Radar,0,10,23,0,33,0,20,38,0,58,0,30,61,0,91,114,0,114,205
12/21/2021,APC,CA,AWP,WE,Towers with Radar,0,17,14,0,31,0,5,18,0,23,0,22,32,0,54,88,0,88,142
12/22/2021,APC,CA,AWP,WE,Towers with Radar,0,11,12,0,23,0,0,1,0,1,0,11,13,0,24,0,0,0,24
12/23/2021,APC,CA,AWP,WE,Towers with Radar,0,19,17,0,36,0,3,4,0,7,0,22,21,0,43,80,0,80,123
12/24/2021,APC,CA,AWP,WE,Towers with Radar,0,9,3,0,12,0,4,47,2,53,0,13,50,2,65,52,2,54,119
12/25/2021,APC,CA,AWP,WE,Towers with Radar,0,7,3,0,10,0,0,0,0,0,0,7,3,0,10,0,0,0,10
12/26/2021,APC,CA,AWP,WE,Towers with Radar,0,11,12,0,23,0,6,19,0,25,0,17,31,0,48,8,0,8,56
12/27/2021,APC,CA,AWP,WE,Towers with Radar,0,10,22,0,32,0,3,11,0,14,0,13,33,0,46,82,0,82,128
12/28/2021,APC,CA,AWP,WE,Towers with Radar,0,18,13,0,31,0,2,8,0,10,0,20,21,0,41,10,0,10,51
12/29/2021,APC,CA,AWP,WE,Towers with Radar,0,13,14,0,27,0,4,0,0,4,0,17,14,0,31,0,0,0,31
12/30/2021,APC,CA,AWP,WE,Towers with Radar,0,11,15,0,26,0,12,70,0,82,0,23,85,0,108,66,0,66,174
12/31/2021,APC,CA,AWP,WE,Towers with Radar,0,11,10,0,21,0,17,94,2,113,0,28,104,2,134,44,12,56,190
01/01/2022,APC,CA,AWP,WE,Towers with Radar,0,8,17,0,25,0,11,91,0,102,0,19,108,0,127,90,0,90,217
01/02/2022,APC,CA,AWP,WE,Towers with Radar,0,5,14,0,19,0,14,84,0,98,0,19,98,0,117,84,0,84,201
01/03/2022,APC,CA,AWP,WE,Towers with Radar,0,11,19,0,30,0,10,6,0,16,0,21,25,0,46,20,0,20,66
01/04/2022,APC,CA,AWP,WE,Towers with Radar,0,14,12,0,26,0,11,18,0,29,0,25,30,0,55,40,0,40,95
01/05/2022,APC,CA,AWP,WE,Towers with Radar,0,8,18,0,26,0,4,5,0,9,0,12,23,0,35,14,0,14,49
01/06/2022,APC,CA,AWP,WE,Towers with Radar,0,3,14,0,17,0,2,0,0,2,0,5,14,0,19,0,0,0,19
01/07/2022,APC,CA,AWP,WE,Towers with Radar,0,15,19,0,34,0,0,11,0,11,0,15,30,0,45,108,0,108,153
01/08/2022,APC,CA,AWP,WE,Towers with Radar,0,9,19,0,28,0,5,54,0,59,0,14,73,0,87,88,0,88,175
01/09/2022,APC,CA,AWP,WE,Towers with Radar,0,13,17,0,30,0,7,66,0,73,0,20,83,0,103,92,0,92,195
01/10/2022,APC,CA,AWP,WE,Towers with Radar,0,3,9,0,12,0,1,23,0,24,0,4,32,0,36,48,0,48,84
01/11/2022,APC,CA,AWP,WE,Towers with Radar,0,8,9,0,17,0,9,83,0,92,0,17,92,0,109,190,0,190,299
01/12/2022,APC,CA,AWP,WE,Towers with Radar,0,15,11,0,26,0,16,69,9,94,0,31,80,9,120,56,10,66,186
01/13/2022,APC,CA,AWP,WE,Towers with Radar,0,13,10,0,23,0,10,38,0,48,0,23,48,0,71,66,0,66,137
01/14/2022,APC,CA,AWP,WE,Towers with Radar,0,15,17,0,32,0,11,49,0,60,0,26,66,0,92,158,0,158,250
01/15/2022,APC,CA,AWP,WE,Towers with Radar,0,12,15,0,27,0,11,54,0,65,0,23,69,0,92,86,0,86,178
01/16/2022,APC,CA,AWP,WE,Towers with Radar,0,18,10,0,28,0,12,70,2,84,0,30,80,2,112,102,2,104,216
01/17/2022,APC,CA,AWP,WE,Towers with Radar,0,12,24,0,36,0,14,73,6,93,0,26,97,6,129,81,4,85,214
01/18/2022,APC,CA,AWP,WE,Towers with Radar,0,12,21,0,33,0,13,49,0,62,0,25,70,0,95,110,0,110,205
01/19/2022,APC,CA,AWP,WE,Towers with Radar,0,12,11,0,23,0,6,37,0,43,0,18,48,0,66,6,0,6,72
01/20/2022,APC,CA,AWP,WE,Towers with Radar,0,21,12,0,33,0,17,33,0,50,0,38,45,0,83,110,0,110,193
01/21/2022,APC,CA,AWP,WE,Towers with Radar,0,14,9,0,23,0,5,33,0,38,0,19,42,0,61,28,0,28,89
01/22/2022,APC,CA,AWP,WE,Towers with Radar,0,13,3,1,17,0,21,69,0,90,0,34,72,1,107,58,0,58,165
01/23/2022,APC,CA,AWP,WE,Towers with Radar,0,22,14,0,36,0,24,103,0,127,0,46,117,0,163,98,0,98,261
01/24/2022,APC,CA,AWP,WE,Towers with Radar,0,11,10,0,21,0,15,69,0,84,0,26,79,0,105,64,0,64,169
01/25/2022,APC,CA,AWP,WE,Towers with Radar,0,5,18,0,23,0,14,51,13,78,0,19,69,13,101,70,2,72,173
01/26/2022,APC,CA,AWP,WE,Towers with Radar,0,13,16,0,29,0,3,74,0,77,0,16,90,0,106,79,0,79,185
01/27/2022,APC,CA,AWP,WE,Towers with Radar,0,10,21,1,32,0,12,87,0,99,0,22,108,1,131,80,3,83,214
01/28/2022,APC,CA,AWP,WE,Towers with Radar,0,12,11,0,23,0,7,48,11,66,0,19,59,11,89,86,8,94,183
01/29/2022,APC,CA,AWP,WE,Towers with Radar,0,10,22,0,32,0,3,102,0,105,0,13,124,0,137,104,0,104,241
01/30/2022,APC,CA,AWP,WE,Towers with Radar,2,19,20,0,41,0,12,62,1,75,2,31,82,1,116,28,0,28,144
01/31/2022,APC,CA,AWP,WE,Towers with Radar,0,17,15,6,38,0,10,62,5,77,0,27,77,11,115,32,0,32,147
02/01/2022,APC,CA,AWP,WE,Towers with Radar,0,11,14,0,25,0,13,23,2,38,0,24,37,2,63,4,0,4,67
02/02/2022,APC,CA,AWP,WE,Towers with Radar,0,18,13,0,31,0,7,15,0,22,0,25,28,0,53,38,0,38,91
02/03/2022,APC,CA,AWP,WE,Towers with Radar,0,21,16,0,37,0,11,65,1,77,0,32,81,1,114,64,0,64,178
02/04/2022,APC,CA,AWP,WE,Towers with Radar,0,19,23,0,42,0,12,79,0,91,0,31,102,0,133,94,0,94,227
02/05/2022,APC,CA,AWP,WE,Towers with Radar,0,15,10,0,25,0,9,88,3,100,0,24,98,3,125,90,0,90,215
02/06/2022,APC,CA,AWP,WE,Towers with Radar,0,32,25,0,57,0,10,87,5,102,0,42,112,5,159,64,6,70,229
02/07/2022,APC,CA,AWP,WE,Towers with Radar,0,13,16,0,29,0,14,55,0,69,0,27,71,0,98,90,0,90,188
02/08/2022,APC,CA,AWP,WE,Towers with Radar,0,12,23,0,35,0,12,74,2,88,0,24,97,2,123,30,0,30,153
02/09/2022,APC,CA,AWP,WE,Towers with Radar,0,13,13,0,26,0,10,59,14,83,0,23,72,14,109,62,6,68,177
02/10/2022,APC,CA,AWP,WE,Towers with Radar,0,11,25,0,36,0,4,99,0,103,0,15,124,0,139,108,0,108,247
02/11/2022,APC,CA,AWP,WE,Towers with Radar,0,13,18,0,31,0,3,85,0,88,0,16,103,0,119,28,0,28,147
02/12/2022,APC,CA,AWP,WE,Towers with Radar,0,11,19,0,30,0,13,79,3,95,0,24,98,3,125,38,0,38,163
02/13/2022,APC,CA,AWP,WE,Towers with Radar,0,13,19,0,32,0,8,97,0,105,0,21,116,0,137,46,0,46,183
02/14/2022,APC,CA,AWP,WE,Towers with Radar,0,14,19,5,38,0,6,15,2,23,0,20,34,7,61,6,4,10,71
02/15/2022,APC,CA,AWP,WE,Towers with Radar,0,17,22,0,39,0,13,49,0,62,0,30,71,0,101,32,0,32,133
02/16/2022,APC,CA,AWP,WE,Towers with Radar,0,10,11,0,21,0,6,70,0,76,0,16,81,0,97,72,0,72,169
02/17/2022,APC,CA,AWP,WE,Towers with Radar,0,9,13,0,22,0,14,105,0,119,0,23,118,0,141,148,0,148,289
02/18/2022,APC,CA,AWP,WE,Towers with Radar,0,24,19,0,43,0,22,84,0,106,0,46,103,0,149,96,0,96,245
02/19/2022,APC,CA,AWP,WE,Towers with Radar,0,18,17,0,35,0,3,105,0,108,0,21,122,0,143,94,0,94,237
02/20/2022,APC,CA,AWP,WE,Towers with Radar,0,15,24,0,39,0,19,42,0,61,0,34,66,0,100,64,0,64,164
02/21/2022,APC,CA,AWP,WE,Towers with Radar,0,17,26,0,43,0,11,68,0,79,0,28,94,0,122,58,0,58,180
02/22/2022,APC,CA,AWP,WE,Towers with Radar,0,12,9,0,21,0,2,39,0,41,0,14,48,0,62,46,0,46,108
02/23/2022,APC,CA,AWP,WE,Towers with Radar,0,10,16,0,26,0,11,81,4,96,0,21,97,4,122,86,10,96,218
02/24/2022,APC,CA,AWP,WE,Towers with Radar,0,14,20,0,34,0,11,98,12,121,0,25,118,12,155,88,0,88,243
02/25/2022,APC,CA,AWP,WE,Towers with Radar,0,18,17,0,35,0,10,94,4,108,0,28,111,4,143,114,0,114,257
02/26/2022,APC,CA,AWP,WE,Towers with Radar,0,8,19,0,27,0,9,85,0,94,0,17,104,0,121,106,0,106,227
02/27/2022,APC,CA,AWP,WE,Towers with Radar,0,21,18,0,39,0,10,78,0,88,0,31,96,0,127,54,0,54,181
02/28/2022,APC,CA,AWP,WE,Towers with Radar,0,15,19,0,34,0,13,62,2,77,0,28,81,2,111,88,4,92,203
03/01/2022,APC,CA,AWP,WE,Towers with Radar,0,16,19,0,35,0,12,63,7,82,0,28,82,7,117,32,18,50,167
03/02/2022,APC,CA,AWP,WE,Towers with Radar,0,11,13,0,24,0,12,42,0,54,0,23,55,0,78,68,0,68,146
03/03/2022,APC,CA,AWP,WE,Towers with Radar,0,11,25,0,36,0,6,18,0,24,0,17,43,0,60,22,0,22,82
03/04/2022,APC,CA,AWP,WE,Towers with Radar,0,22,28,0,50,0,9,20,0,29,0,31,48,0,79,80,0,80,159
03/05/2022,APC,CA,AWP,WE,Towers with Radar,0,18,16,0,34,0,18,67,0,85,0,36,83,0,119,116,0,116,235
03/06/2022,APC,CA,AWP,WE,Towers with Radar,0,26,28,0,54,0,17,100,0,117,0,43,128,0,171,102,0,102,273
03/07/2022,APC,CA,AWP,WE,Towers with Radar,0,18,12,0,30,0,6,45,0,51,0,24,57,0,81,44,0,44,125
03/08/2022,APC,CA,AWP,WE,Towers with Radar,0,12,10,0,22,0,13,85,0,98,0,25,95,0,120,114,0,114,234
03/09/2022,APC,CA,AWP,WE,Towers with Radar,0,20,13,3,36,0,10,83,0,93,0,30,96,3,129,54,0,54,183
03/10/2022,APC,CA,AWP,WE,Towers with Radar,0,18,29,0,47,0,22,53,3,78,0,40,82,3,125,44,0,44,169
03/11/2022,APC,CA,AWP,WE,Towers with Radar,0,20,14,0,34,0,15,70,0,85,0,35,84,0,119,42,0,42,161
03/12/2022,APC,CA,AWP,WE,Towers with Radar,0,15,21,0,36,0,17,64,0,81,0,32,85,0,117,58,0,58,175
03/13/2022,APC,CA,AWP,WE,Towers with Radar,0,15,31,0,46,0,13,74,6,93,0,28,105,6,139,66,0,66,205
03/14/2022,APC,CA,AWP,WE,Towers with Radar,0,12,25,0,37,0,14,59,0,73,0,26,84,0,110,52,0,52,162
03/15/2022,APC,CA,AWP,WE,Towers with Radar,0,14,23,2,39,0,2,20,0,22,0,16,43,2,61,4,0,4,65
03/16/2022,APC,CA,AWP,WE,Towers with Radar,0,25,16,0,41,0,23,79,0,102,0,48,95,0,143,86,0,86,229
03/17/2022,APC,CA,AWP,WE,Towers with Radar,0,18,28,0,46,0,16,66,0,82,0,34,94,0,128,38,0,38,166
03/18/2022,APC,CA,AWP,WE,Towers with Radar,0,15,20,0,35,0,12,90,0,102,0,27,110,0,137,74,0,74,211
03/19/2022,APC,CA,AWP,WE,Towers with Radar,0,14,21,0,35,0,5,33,0,38,0,19,54,0,73,44,0,44,117
03/20/2022,APC,CA,AWP,WE,Towers with Radar,0,14,35,0,49,0,16,53,3,72,0,30,88,3,121,48,0,48,169
03/21/2022,APC,CA,AWP,WE,Towers with Radar,0,15,19,0,34,0,8,79,2,89,0,23,98,2,123,66,0,66,189
03/22/2022,APC,CA,AWP,WE,Towers with Radar,0,14,14,0,28,0,18,69,0,87,0,32,83,0,115,20,18,38,153
03/23/2022,APC,CA,AWP,WE,Towers with Radar,0,12,30,0,42,0,13,67,2,82,0,25,97,2,124,18,0,18,142
03/24/2022,APC,CA,AWP,WE,Towers with Radar,0,18,28,0,46,0,14,79,0,93,0,32,107,0,139,64,0,64,203
03/25/2022,APC,CA,AWP,WE,Towers with Radar,0,18,32,2,52,0,11,64,3,78,0,29,96,5,130,18,0,18,148
03/26/2022,APC,CA,AWP,WE,Towers with Radar,0,14,17,0,31,0,8,61,1,70,0,22,78,1,101,66,0,66,167
03/27/2022,APC,CA,AWP,WE,Towers with Radar,0,20,41,0,61,0,8,24,0,32,0,28,65,0,93,32,0,32,125
03/28/2022,APC,CA,AWP,WE,Towers with Radar,0,19,24,0,43,0,2,10,0,12,0,21,34,0,55,38,0,38,93
03/29/2022,APC,CA,AWP,WE,Towers with Radar,0,10,19,1,30,0,10,33,0,43,0,20,52,1,73,28,0,28,101
03/30/2022,APC,CA,AWP,WE,Towers with Radar,0,15,26,0,41,0,10,44,4,58,0,25,70,4,99,22,0,22,121
03/31/2022,APC,CA,AWP,WE,Towers with Radar,0,16,26,3,45,0,7,78,3,88,0,23,104,6,133,52,0,52,185
04/01/2022,APC,CA,AWP,WE,Towers with Radar,0,18,28,0,46,0,16,55,0,71,0,34,83,0,117,82,0,82,199
04/02/2022,APC,CA,AWP,WE,Towers with Radar,0,6,12,0,18,0,14,80,0,94,0,20,92,0,112,102,0,102,214
04/03/2022,APC,CA,AWP,WE,Towers with Radar,0,19,29,0,48,0,10,83,0,93,0,29,112,0,141,67,0,67,208
04/04/2022,APC,CA,AWP,WE,Towers with Radar,0,13,14,1,28,0,12,40,1,53,0,25,54,2,81,46,0,46,127
04/05/2022,APC,CA,AWP,WE,Towers with Radar,0,15,8,0,23,0,11,85,0,96,0,26,93,0,119,140,0,140,259
04/06/2022,APC,CA,AWP,WE,Towers with Radar,0,12,14,0,26,0,12,78,0,90,0,24,92,0,116,70,0,70,186
04/07/2022,APC,CA,AWP,WE,Towers with Radar,0,15,18,0,33,0,13,70,1,84,0,28,88,1,117,70,8,78,195
04/08/2022,APC,CA,AWP,WE,Towers with Radar,0,23,20,0,43,0,11,86,6,103,0,34,106,6,146,62,0,62,208
04/09/2022,APC,CA,AWP,WE,Towers with Radar,0,10,11,0,21,0,16,78,0,94,0,26,89,0,115,46,0,46,161
04/10/2022,APC,CA,AWP,WE,Towers with Radar,0,28,32,0,60,0,13,48,0,61,0,41,80,0,121,58,0,58,179
04/11/2022,APC,CA,AWP,WE,Towers with Radar,0,21,15,0,36,0,5,2,0,7,0,26,17,0,43,0,0,0,43
04/12/2022,APC,CA,AWP,WE,Towers with Radar,0,23,11,0,34,0,16,54,1,71,0,39,65,1,105,28,24,52,157
04/13/2022,APC,CA,AWP,WE,Towers with Radar,0,24,26,0,50,0,16,48,0,64,0,40,74,0,114,66,0,66,180
04/14/2022,APC,CA,AWP,WE,Towers with Radar,0,15,33,3,51,0,0,0,0,0,0,15,33,3,51,0,0,0,51
04/15/2022,APC,CA,AWP,WE,Towers with Radar,0,24,23,0,47,0,12,61,0,73,0,36,84,0,120,66,0,66,186
04/16/2022,APC,CA,AWP,WE,Towers with Radar,0,27,12,0,39,0,9,21,0,30,0,36,33,0,69,22,0,22,91
04/17/2022,APC,CA,AWP,WE,Towers with Radar,0,15,13,0,28,0,8,82,3,93,0,23,95,3,121,66,0,66,187
04/18/2022,APC,CA,AWP,WE,Towers with Radar,0,19,23,0,42,0,12,63,0,75,0,31,86,0,117,106,0,106,223
04/19/2022,APC,CA,AWP,WE,Towers with Radar,2,8,17,0,27,0,10,46,2,58,2,18,63,2,85,97,22,119,204
04/20/2022,APC,CA,AWP,WE,Towers with Radar,0,20,33,0,53,0,7,21,8,36,0,27,54,8,89,74,10,84,173
04/21/2022,APC,CA,AWP,WE,Towers with Radar,0,19,27,0,46,0,14,3,0,17,0,33,30,0,63,18,0,18,81
04/22/2022,APC,CA,AWP,WE,Towers with Radar,0,38,37,0,75,0,17,62,0,79,0,55,99,0,154,82,0,82,236
04/23/2022,APC,CA,AWP,WE,Towers with Radar,0,22,23,0,45,0,17,87,0,104,0,39,110,0,149,106,0,106,255
04/24/2022,APC,CA,AWP,WE,Towers with Radar,0,29,26,0,55,0,12,66,0,78,0,41,92,0,133,62,0,62,195
04/25/2022,APC,CA,AWP,WE,Towers with Radar,0,30,32,0,62,0,4,63,0,67,0,34,95,0,129,124,0,124,253
04/26/2022,APC,CA,AWP,WE,Towers with Radar,0,21,19,0,40,0,8,46,0,54,0,29,65,0,94,66,0,66,160
04/27/2022,APC,CA,AWP,WE,Towers with Radar,0,23,27,0,50,0,13,67,0,80,0,36,94,0,130,114,0,114,244
04/28/2022,APC,CA,AWP,WE,Towers with Radar,0,25,37,0,62,0,11,71,1,83,0,36,108,1,145,24,0,24,169
04/29/2022,APC,CA,AWP,WE,Towers with Radar,0,32,28,0,60,0,18,72,2,92,0,50,100,2,152,46,0,46,198
04/30/2022,APC,CA,AWP,WE,Towers with Radar,0,11,5,0,16,0,11,75,0,86,0,22,80,0,102,10,0,10,112
05/01/2022,APC,CA,AWP,WE,Towers with Radar,0,41,34,0,75,0,24,108,2,134,0,65,142,2,209,76,2,78,287
05/02/2022,APC,CA,AWP,WE,Towers with Radar,0,20,12,0,32,0,3,43,0,46,0,23,55,0,78,50,0,50,128
05/03/2022,APC,CA,AWP,WE,Towers with Radar,0,15,11,0,26,0,15,58,6,79,0,30,69,6,105,124,8,132,237
05/04/2022,APC,CA,AWP,WE,Towers with Radar,0,24,27,0,51,0,6,81,0,87,0,30,108,0,138,116,0,116,254
05/05/2022,APC,CA,AWP,WE,Towers with Radar,0,26,40,0,66,0,20,115,0,135,0,46,155,0,201,30,0,30,231
05/06/2022,APC,CA,AWP,WE,Towers with Radar,0,22,24,0,46,0,5,33,0,38,0,27,57,0,84,28,0,28,112
05/07/2022,APC,CA,AWP,WE,Towers with Radar,0,10,18,1,29,0,12,49,9,70,0,22,67,10,99,12,0,12,111
05/08/2022,APC,CA,AWP,WE,Towers with Radar,0,26,12,0,38,0,7,29,1,37,0,33,41,1,75,12,0,12,87
05/09/2022,APC,CA,AWP,WE,Towers with Radar,0,24,30,0,54,0,7,32,3,42,0,31,62,3,96,14,0,14,110
05/10/2022,APC,CA,AWP,WE,Towers with Radar,0,12,15,0,27,0,5,23,0,28,0,17,38,0,55,46,0,46,101
05/11/2022,APC,CA,AWP,WE,Towers with Radar,0,20,24,0,44,0,12,81,0,93,0,32,105,0,137,82,0,82,219
05/12/2022,APC,CA,AWP,WE,Towers with Radar,0,37,29,0,66,0,8,82,0,90,0,45,111,0,156,74,0,74,230
05/13/2022,APC,CA,AWP,WE,Towers with Radar,0,17,32,0,49,0,15,70,0,85,0,32,102,0,134,90,0,90,224
05/14/2022,APC,CA,AWP,WE,Towers with Radar,0,14,14,0,28,0,12,84,0,96,0,26,98,0,124,124,0,124,248
05/15/2022,APC,CA,AWP,WE,Towers with Radar,0,31,29,0,60,0,10,82,0,92,0,41,111,0,152,24,0,24,176
05/16/2022,APC,CA,AWP,WE,Towers with Radar,0,24,17,0,41,0,6,40,0,46,0,30,57,0,87,90,0,90,177
05/17/2022,APC,CA,AWP,WE,Towers with Radar,0,15,16,0,31,0,21,55,0,76,0,36,71,0,107,86,0,86,193
05/18/2022,APC,CA,AWP,WE,Towers with Radar,0,37,17,0,54,0,21,69,0,90,0,58,86,0,144,56,0,56,200
05/19/2022,APC,CA,AWP,WE,Towers with Radar,0,14,29,0,43,0,8,48,0,56,0,22,77,0,99,80,0,80,179
05/20/2022,APC,CA,AWP,WE,Towers with Radar,0,23,25,0,48,0,16,43,0,59,0,39,68,0,107,92,0,92,199
05/21/2022,APC,CA,AWP,WE,Towers with Radar,0,8,29,0,37,0,12,82,1,95,0,20,111,1,132,22,0,22,154
05/22/2022,APC,CA,AWP,WE,Towers with Radar,0,23,21,0,44,0,16,84,0,100,0,39,105,0,144,26,0,26,170
05/23/2022,APC,CA,AWP,WE,Towers with Radar,0,16,26,0,42,0,0,54,2,56,0,16,80,2,98,80,22,102,200
05/24/2022,APC,CA,AWP,WE,Towers with Radar,0,22,21,0,43,0,12,49,0,61,0,34,70,0,104,54,0,54,158
05/25/2022,APC,CA,AWP,WE,Towers with Radar,0,24,22,0,46,0,8,66,0,74,0,32,88,0,120,134,0,134,254
05/26/2022,APC,CA,AWP,WE,Towers with Radar,0,38,40,0,78,0,16,60,0,76,0,54,100,0,154,26,0,26,180
05/27/2022,APC,CA,AWP,WE,Towers with Radar,0,31,50,0,81,0,14,51,0,65,0,45,101,0,146,32,0,32,178
05/28/2022,APC,CA,AWP,WE,Towers with Radar,0,19,12,0,31,0,9,53,0,62,0,28,65,0,93,44,0,44,137
05/29/2022,APC,CA,AWP,WE,Towers with Radar,0,21,18,0,39,0,11,55,0,66,0,32,73,0,105,16,0,16,121
05/30/2022,APC,CA,AWP,WE,Towers with Radar,0,40,51,0,91,0,12,95,0,107,0,52,146,0,198,78,0,78,276
05/31/2022,APC,CA,AWP,WE,Towers with Radar,0,11,21,0,32,0,30,57,0,87,0,41,78,0,119,38,0,38,157
06/01/2022,APC,CA,AWP,WE,Towers with Radar,0,25,12,0,37,0,8,81,0,89,0,33,93,0,126,148,0,148,274
06/02/2022,APC,CA,AWP,WE,Towers with Radar,0,26,20,0,46,0,15,86,2,103,0,41,106,2,149,50,16,66,215
06/03/2022,APC,CA,AWP,WE,Towers with Radar,0,15,28,0,43,0,16,47,0,63,0,31,75,0,106,68,12,80,186
06/04/2022,APC,CA,AWP,WE,Towers with Radar,0,25,7,0,32,0,9,112,0,121,0,34,119,0,153,64,0,64,217
06/05/2022,APC,CA,AWP,WE,Towers with Radar,0,28,35,0,63,0,3,10,0,13,0,31,45,0,76,0,0,0,76
06/06/2022,APC,CA,AWP,WE,Towers with Radar,0,10,24,3,37,0,9,80,3,92,0,19,104,6,129,62,0,62,191
06/07/2022,APC,CA,AWP,WE,Towers with Radar,0,11,22,0,33,0,14,74,0,88,0,25,96,0,121,88,0,88,209
06/08/2022,APC,CA,AWP,WE,Towers with Radar,0,13,20,2,35,0,10,71,0,81,0,23,91,2,116,110,6,116,232
06/09/2022,APC,CA,AWP,WE,Towers with Radar,0,31,36,0,67,0,12,67,0,79,0,43,103,0,146,60,0,60,206
06/10/2022,APC,CA,AWP,WE,Towers with Radar,0,27,29,0,56,0,12,56,0,68,0,39,85,0,124,84,0,84,208
06/11/2022,APC,CA,AWP,WE,Towers with Radar,0,20,30,0,50,0,9,79,0,88,0,29,109,0,138,14,0,14,152
06/12/2022,APC,CA,AWP,WE,Towers with Radar,0,46,53,0,99,0,18,33,0,51,0,64,86,0,150,22,0,22,172
06/13/2022,APC,CA,AWP,WE,Towers with Radar,0,15,30,0,45,0,11,64,0,75,0,26,94,0,120,46,0,46,166
06/14/2022,APC,CA,AWP,WE,Towers with Radar,0,18,15,0,33,0,15,82,2,99,0,33,97,2,132,86,0,86,218
06/15/2022,APC,CA,AWP,WE,Towers with Radar,0,24,12,0,36,0,12,56,0,68,0,36,68,0,104,250,0,250,354
06/16/2022,APC,CA,AWP,WE,Towers with Radar,0,32,27,0,59,0,8,75,1,84,0,40,102,1,143,82,0,82,225
06/17/2022,APC,CA,AWP,WE,Towers with Radar,0,20,14,0,34,0,10,49,0,59,0,30,63,0,93,106,0,106,199
06/18/2022,APC,CA,AWP,WE,Towers with Radar,0,16,15,0,31,0,19,65,3,87,0,35,80,3,118,66,0,66,184
06/19/2022,APC,CA,AWP,WE,Towers with Radar,0,28,22,0,50,0,7,53,0,60,0,35,75,0,110,42,0,42,152
06/20/2022,APC,CA,AWP,WE,Towers with Radar,0,24,24,0,48,0,8,77,0,85,0,32,101,0,133,68,0,68,201
06/21/2022,APC,CA,AWP,WE,Towers with Radar,0,22,30,0,52,0,13,67,0,80,0,35,97,0,132,92,0,92,224
06/22/2022,APC,CA,AWP,WE,Towers with Radar,0,22,18,0,40,0,2,73,0,75,0,24,91,0,115,182,0,182,297
06/23/2022,APC,CA,AWP,WE,Towers with Radar,0,17,16,0,33,0,12,110,0,122,0,29,126,0,155,132,0,132,287
06/24/2022,APC,CA,AWP,WE,Towers with Radar,0,21,27,0,48,0,16,92,0,108,0,37,119,0,156,148,0,148,304
06/25/2022,APC,CA,AWP,WE,Towers with Radar,0,16,18,0,34,0,20,91,0,111,0,36,109,0,145,84,0,84,229
06/26/2022,APC,CA,AWP,WE,Towers with Radar,0,33,25,0,58,0,14,76,0,90,0,47,101,0,148,104,0,104,252
06/27/2022,APC,CA,AWP,WE,Towers with Radar,0,17,19,0,36,0,15,52,2,69,0,32,71,2,105,68,8,76,181
06/28/2022,APC,CA,AWP,WE,Towers with Radar,0,18,19,0,37,0,9,94,0,103,0,27,113,0,140,142,0,142,282
06/29/2022,APC,CA,AWP,WE,Towers with Radar,0,17,19,0,36,0,4,75,0,79,0,21,94,0,115,66,0,66,181
06/30/2022,APC,CA,AWP,WE,Towers with Radar,0,24,25,0,49,0,9,61,0,70,0,33,86,0,119,70,0,70,189
07/01/2022,APC,CA,AWP,WE,Towers with Radar,0,23,31,0,54,0,7,45,0,52,0,30,76,0,106,110,0,110,216
07/02/2022,APC,CA,AWP,WE,Towers with Radar,0,14,26,0,40,0,7,37,0,44,0,21,63,0,84,44,0,44,128
07/03/2022,APC,CA,AWP,WE,Towers with Radar,0,7,15,0,22,0,14,33,0,47,0,21,48,0,69,36,0,36,105
07/04/2022,APC,CA,AWP,WE,Towers with Radar,0,17,7,0,24,0,15,37,0,52,0,32,44,0,76,6,0,6,82
07/05/2022,APC,CA,AWP,WE,Towers with Radar,0,24,20,0,44,0,9,55,1,65,0,33,75,1,109,40,14,54,163
07/06/2022,APC,CA,AWP,WE,Towers with Radar,0,16,14,0,30,0,7,57,4,68,0,23,71,4,98,58,18,76,174
07/07/2022,APC,CA,AWP,WE,Towers with Radar,0,23,22,1,46,0,12,66,1,79,0,35,88,2,125,112,8,120,245
07/08/2022,APC,CA,AWP,WE,Towers with Radar,0,22,14,0,36,0,15,81,0,96,0,37,95,0,132,54,0,54,186
07/09/2022,APC,CA,AWP,WE,Towers with Radar,0,23,10,0,33,0,12,63,0,75,0,35,73,0,108,56,0,56,164
07/10/2022,APC,CA,AWP,WE,Towers with Radar,0,32,25,0,57,0,15,66,6,87,0,47,91,6,144,42,0,42,186
07/11/2022,APC,CA,AWP,WE,Towers with Radar,0,10,24,0,34,0,17,37,0,54,0,27,61,0,88,50,0,50,138
07/12/2022,APC,CA,AWP,WE,Towers with Radar,0,26,8,0,34,0,13,42,0,55,0,39,50,0,89,54,0,54,143
07/13/2022,APC,CA,AWP,WE,Towers with Radar,0,18,25,0,43,0,16,69,0,85,0,34,94,0,128,96,0,96,224
07/14/2022,APC,CA,AWP,WE,Towers with Radar,0,9,22,0,31,0,7,66,2,75,0,16,88,2,106,58,0,58,164
07/15/2022,APC,CA,AWP,WE,Towers with Radar,0,35,20,0,55,0,8,40,0,48,0,43,60,0,103,42,0,42,145
07/16/2022,APC,CA,AWP,WE,Towers with Radar,0,8,22,0,30,0,9,46,0,55,0,17,68,0,85,122,0,122,207
07/17/2022,APC,CA,AWP,WE,Towers with Radar,0,23,20,0,43,0,6,66,0,72,0,29,86,0,115,12,0,12,127
07/18/2022,APC,CA,AWP,WE,Towers with Radar,0,15,18,0,33,0,16,65,0,81,0,31,83,0,114,75,0,75,189
07/19/2022,APC,CA,AWP,WE,Towers with Radar,0,21,21,0,42,0,10,66,0,76,0,31,87,0,118,38,0,38,156
07/20/2022,APC,CA,AWP,WE,Towers with Radar,0,27,15,0,42,0,7,63,0,70,0,34,78,0,112,114,0,114,226
07/21/2022,APC,CA,AWP,WE,Towers with Radar,0,20,25,0,45,0,10,71,0,81,0,30,96,0,126,88,0,88,214
07/22/2022,APC,CA,AWP,WE,Towers with Radar,0,21,20,0,41,0,13,58,0,71,0,34,78,0,112,72,0,72,184
07/23/2022,APC,CA,AWP,WE,Towers with Radar,0,11,20,0,31,0,6,63,0,69,0,17,83,0,100,120,0,120,220
07/24/2022,APC,CA,AWP,WE,Towers with Radar,0,24,36,0,60,0,8,81,0,89,0,32,117,0,149,40,0,40,189
07/25/2022,APC,CA,AWP,WE,Towers with Radar,0,23,19,0,42,0,11,47,0,58,0,34,66,0,100,58,0,58,158
07/26/2022,APC,CA,AWP,WE,Towers with Radar,0,20,23,0,43,0,10,49,0,59,0,30,72,0,102,28,0,28,130
07/27/2022,APC,CA,AWP,WE,Towers with Radar,0,16,27,0,43,0,11,77,0,88,0,27,104,0,131,34,0,34,165
07/28/2022,APC,CA,AWP,WE,Towers with Radar,0,25,26,0,51,0,9,51,7,67,0,34,77,7,118,62,22,84,202
07/29/2022,APC,CA,AWP,WE,Towers with Radar,0,39,23,0,62,0,19,34,0,53,0,58,57,0,115,62,0,62,177
07/30/2022,APC,CA,AWP,WE,Towers with Radar,0,21,22,0,43,0,10,67,0,77,0,31,89,0,120,128,0,128,248
07/31/2022,APC,CA,AWP,WE,Towers with Radar,0,38,35,0,73,0,6,33,0,39,0,44,68,0,112,66,0,66,178
08/01/2022,APC,CA,AWP,WE,Towers with Radar,0,16,26,0,42,0,6,46,0,52,0,22,72,0,94,82,0,82,176
08/02/2022,APC,CA,AWP,WE,Towers with Radar,0,23,19,0,42,0,13,85,4,102,0,36,104,4,144,96,10,106,250
08/03/2022,APC,CA,AWP,WE,Towers with Radar,0,21,26,0,47,0,11,74,12,97,0,32,100,12,144,48,0,48,192
08/04/2022,APC,CA,AWP,WE,Towers with Radar,0,35,26,0,61,0,9,102,0,111,0,44,128,0,172,64,0,64,236
08/05/2022,APC,CA,AWP,WE,Towers with Radar,0,35,18,0,53,0,11,68,2,81,0,46,86,2,134,100,6,106,240
08/06/2022,APC,CA,AWP,WE,Towers with Radar,0,14,12,0,26,0,15,56,0,71,0,29,68,0,97,132,0,132,229
08/07/2022,APC,CA,AWP,WE,Towers with Radar,0,38,30,0,68,0,20,64,0,84,0,58,94,0,152,68,0,68,220
08/08/2022,APC,CA,AWP,WE,Towers with Radar,0,24,27,0,51,0,10,79,0,89,0,34,106,0,140,102,0,102,242
08/09/2022,APC,CA,AWP,WE,Towers with Radar,0,11,12,0,23,0,10,48,0,58,0,21,60,0,81,76,0,76,157
08/10/2022,APC,CA,AWP,WE,Towers with Radar,0,13,15,0,28,0,10,77,0,87,0,23,92,0,115,68,0,68,183
08/11/2022,APC,CA,AWP,WE,Towers with Radar,0,28,25,0,53,0,30,93,2,125,0,58,118,2,178,52,0,52,230
08/12/2022,APC,CA,AWP,WE,Towers with Radar,0,19,19,0,38,0,19,54,0,73,0,38,73,0,111,108,0,108,219
08/13/2022,APC,CA,AWP,WE,Towers with Radar,0,19,13,0,32,0,15,79,0,94,0,34,92,0,126,162,0,162,288
08/14/2022,APC,CA,AWP,WE,Towers with Radar,0,36,27,0,63,0,15,90,2,107,0,51,117,2,170,126,0,126,296
08/15/2022,APC,CA,AWP,WE,Towers with Radar,0,27,30,0,57,0,8,58,2,68,0,35,88,2,125,84,0,84,209
08/16/2022,APC,CA,AWP,WE,Towers with Radar,0,18,21,0,39,0,4,76,5,85,0,22,97,5,124,32,9,41,165
08/17/2022,APC,CA,AWP,WE,Towers with Radar,0,22,22,0,44,0,8,65,0,73,0,30,87,0,117,94,0,94,211
08/18/2022,APC,CA,AWP,WE,Towers with Radar,0,32,42,0,74,0,18,73,1,92,0,50,115,1,166,46,0,46,212
08/19/2022,APC,CA,AWP,WE,Towers with Radar,0,31,33,0,64,0,7,76,0,83,0,38,109,0,147,50,0,50,197
08/20/2022,APC,CA,AWP,WE,Towers with Radar,0,22,9,0,31,0,7,58,0,65,0,29,67,0,96,114,0,114,210
08/21/2022,APC,CA,AWP,WE,Towers with Radar,0,33,26,0,59,0,7,64,0,71,0,40,90,0,130,50,0,50,180
08/22/2022,APC,CA,AWP,WE,Towers with Radar,0,20,24,0,44,0,8,38,0,46,0,28,62,0,90,85,0,85,175
08/23/2022,APC,CA,AWP,WE,Towers with Radar,0,23,19,0,42,0,7,51,0,58,0,30,70,0,100,48,0,48,148
08/24/2022,APC,CA,AWP,WE,Towers with Radar,0,26,13,0,39,0,3,61,0,64,0,29,74,0,103,48,0,48,151
08/25/2022,APC,CA,AWP,WE,Towers with Radar,0,31,25,0,56,0,11,62,1,74,0,42,87,1,130,64,6,70,200
08/26/2022,APC,CA,AWP,WE,Towers with Radar,0,26,23,0,49,0,20,53,0,73,0,46,76,0,122,48,0,48,170
08/27/2022,APC,CA,AWP,WE,Towers with Radar,0,14,24,0,38,0,7,63,0,70,0,21,87,0,108,124,0,124,232
08/28/2022,APC,CA,AWP,WE,Towers with Radar,0,26,36,0,62,0,10,58,0,68,0,36,94,0,130,52,0,52,182
08/29/2022,APC,CA,AWP,WE,Towers with Radar,0,20,17,0,37,0,5,40,0,45,0,25,57,0,82,65,0,65,147
08/30/2022,APC,CA,AWP,WE,Towers with Radar,0,27,11,0,38,0,14,42,0,56,0,41,53,0,94,120,2,122,216
08/31/2022,APC,CA,AWP,WE,Towers with Radar,0,18,19,0,37,0,19,64,0,83,0,37,83,0,120,116,0,116,236
09/01/2022,APC,CA,AWP,WE,Towers with Radar,0,32,16,0,48,0,21,61,0,82,0,53,77,0,130,94,0,94,224
09/02/2022,APC,CA,AWP,WE,Towers with Radar,0,17,33,0,50,0,14,47,0,61,0,31,80,0,111,120,0,120,231
09/03/2022,APC,CA,AWP,WE,Towers with Radar,0,17,11,0,28,0,7,55,3,65,0,24,66,3,93,112,0,112,205
09/04/2022,APC,CA,AWP,WE,Towers with Radar,0,14,10,0,24,0,18,51,0,69,0,32,61,0,93,110,0,110,203
09/05/2022,APC,CA,AWP,WE,Towers with Radar,0,17,23,0,40,0,21,44,0,65,0,38,67,0,105,32,0,32,137
09/06/2022,APC,CA,AWP,WE,Towers with Radar,0,20,21,0,41,0,27,32,0,59,0,47,53,0,100,68,0,68,168
09/07/2022,APC,CA,AWP,WE,Towers with Radar,0,26,20,0,46,0,8,49,0,57,0,34,69,0,103,65,0,65,168
09/08/2022,APC,CA,AWP,WE,Towers with Radar,0,20,34,0,54,0,12,55,3,70,0,32,89,3,124,90,12,102,226
09/09/2022,APC,CA,AWP,WE,Towers with Radar,0,35,33,0,68,0,7,69,0,76,0,42,102,0,144,78,0,78,222
09/10/2022,APC,CA,AWP,WE,Towers with Radar,0,23,21,1,45,0,11,58,1,70,0,34,79,2,115,58,0,58,173
09/11/2022,APC,CA,AWP,WE,Towers with Radar,0,46,44,0,90,0,25,77,0,102,0,71,121,0,192,86,0,86,278
09/12/2022,APC,CA,AWP,WE,Towers with Radar,0,28,11,0,39,0,8,66,6,80,0,36,77,6,119,68,14,82,201
09/13/2022,APC,CA,AWP,WE,Towers with Radar,0,25,27,0,52,0,16,70,4,90,0,41,97,4,142,103,10,113,255
09/14/2022,APC,CA,AWP,WE,Towers with Radar,0,30,23,0,53,0,13,33,0,46,0,43,56,0,99,78,0,78,177
09/15/2022,APC,CA,AWP,WE,Towers with Radar,0,32,33,0,65,0,11,49,1,61,0,43,82,1,126,80,0,80,206
09/16/2022,APC,CA,AWP,WE,Towers with Radar,0,34,36,0,70,0,16,60,0,76,0,50,96,0,146,66,0,66,212
09/17/2022,APC,CA,AWP,WE,Towers with Radar,0,25,10,0,35,0,8,41,2,51,0,33,51,2,86,50,0,50,136
09/18/2022,APC,CA,AWP,WE,Towers with Radar,0,44,27,0,71,0,0,6,0,6,0,44,33,0,77,0,0,0,77
09/19/2022,APC,CA,AWP,WE,Towers with Radar,0,19,22,0,41,0,9,27,0,36,0,28,49,0,77,36,0,36,113
09/20/2022,APC,CA,AWP,WE,Towers with Radar,0,20,13,0,33,0,13,25,0,38,0,33,38,0,71,36,0,36,107
09/21/2022,APC,CA,AWP,WE,Towers with Radar,0,20,20,3,43,0,15,40,0,55,0,35,60,3,98,68,0,68,166
09/22/2022,APC,CA,AWP,WE,Towers with Radar,0,26,33,0,59,0,14,70,13,97,0,40,103,13,156,142,16,158,314
09/23/2022,APC,CA,AWP,WE,Towers with Radar,0,23,26,0,49,0,11,88,2,101,0,34,114,2,150,78,0,78,228
09/24/2022,APC,CA,AWP,WE,Towers with Radar,0,21,15,0,36,0,9,53,0,62,0,30,68,0,98,70,0,70,168
09/25/2022,APC,CA,AWP,WE,Towers with Radar,0,35,42,0,77,0,7,55,0,62,0,42,97,0,139,78,0,78,217
09/26/2022,APC,CA,AWP,WE,Towers with Radar,0,28,22,0,50,0,17,24,0,41,0,45,46,0,91,38,0,38,129
09/27/2022,APC,CA,AWP,WE,Towers with Radar,0,27,21,0,48,0,29,31,6,66,0,56,52,6,114,86,0,86,200
09/28/2022,APC,CA,AWP,WE,Towers with Radar,0,31,21,0,52,0,7,85,2,94,0,38,106,2,146,74,14,88,234
09/29/2022,APC,CA,AWP,WE,Towers with Radar,0,22,24,0,46,0,19,82,3,104,0,41,106,3,150,120,0,120,270
09/30/2022,APC,CA,AWP,WE,Towers with Radar,0,22,36,0,58,0,24,59,0,83,0,46,95,0,141,108,0,108,249
10/01/2022,APC,CA,AWP,WE,Towers with Radar,0,28,28,0,56,0,3,29,0,32,0,31,57,0,88,66,0,66,154
10/02/2022,APC,CA,AWP,WE,Towers with Radar,0,39,46,0,85,0,13,71,0,84,0,52,117,0,169,92,0,92,261
10/03/2022,APC,CA,AWP,WE,Towers with Radar,0,20,18,0,38,0,18,59,0,77,0,38,77,0,115,42,0,42,157
10/04/2022,APC,CA,AWP,WE,Towers with Radar,0,17,42,2,61,0,8,36,6,50,0,25,78,8,111,66,0,66,177
10/05/2022,APC,CA,AWP,WE,Towers with Radar,0,19,27,0,46,0,14,50,4,68,0,33,77,4,114,72,2,74,188
10/06/2022,APC,CA,AWP,WE,Towers with Radar,0,32,34,0,66,0,15,59,8,82,0,47,93,8,148,96,8,104,252
10/07/2022,APC,CA,AWP,WE,Towers with Radar,0,20,19,0,39,0,7,53,0,60,0,27,72,0,99,62,0,62,161
10/08/2022,APC,CA,AWP,WE,Towers with Radar,0,11,21,0,32,0,7,53,0,60,0,18,74,0,92,76,0,76,168
10/09/2022,APC,CA,AWP,WE,Towers with Radar,0,28,34,0,62,0,8,54,0,62,0,36,88,0,124,42,0,42,166
10/10/2022,APC,CA,AWP,WE,Towers with Radar,0,16,39,0,55,0,9,45,3,57,0,25,84,3,112,32,0,32,144
10/11/2022,APC,CA,AWP,WE,Towers with Radar,0,21,17,0,38,0,9,39,0,48,0,30,56,0,86,36,0,36,122
10/12/2022,APC,CA,AWP,WE,Towers with Radar,0,28,29,0,57,0,27,47,3,77,0,55,76,3,134,74,18,92,226
10/13/2022,APC,CA,AWP,WE,Towers with Radar,0,45,48,0,93,0,1,61,2,64,0,46,109,2,157,102,4,106,263
10/14/2022,APC,CA,AWP,WE,Towers with Radar,0,33,44,0,77,0,4,48,0,52,0,37,92,0,129,48,0,48,177
10/15/2022,APC,CA,AWP,WE,Towers with Radar,0,31,27,0,58,0,1,73,0,74,0,32,100,0,132,36,0,36,168
10/16/2022,APC,CA,AWP,WE,Towers with Radar,0,40,62,0,102,0,9,45,0,54,0,49,107,0,156,52,0,52,208
10/17/2022,APC,CA,AWP,WE,Towers with Radar,0,19,34,0,53,0,10,69,0,79,0,29,103,0,132,93,0,93,225
10/18/2022,APC,CA,AWP,WE,Towers with Radar,0,15,13,4,32,0,2,71,0,73,0,17,84,4,105,40,0,40,145
10/19/2022,APC,CA,AWP,WE,Towers with Radar,0,36,35,0,71,0,6,64,0,70,0,42,99,0,141,81,0,81,222
10/20/2022,APC,CA,AWP,WE,Towers with Radar,0,32,30,0,62,0,13,51,1,65,0,45,81,1,127,134,0,134,261
10/21/2022,APC,CA,AWP,WE,Towers with Radar,0,36,36,0,72,0,11,30,0,41,0,47,66,0,113,32,0,32,145
10/22/2022,APC,CA,AWP,WE,Towers with Radar,0,6,19,1,26,0,12,58,0,70,0,18,77,1,96,62,0,62,158
10/23/2022,APC,CA,AWP,WE,Towers with Radar,0,35,27,0,62,0,8,74,0,82,0,43,101,0,144,142,0,142,286
10/24/2022,APC,CA,AWP,WE,Towers with Radar,0,31,20,3,54,0,17,67,0,84,0,48,87,3,138,104,2,106,244
10/25/2022,APC,CA,AWP,WE,Towers with Radar,0,25,16,2,43,0,37,55,0,92,0,62,71,2,135,52,2,54,189
10/26/2022,APC,CA,AWP,WE,Towers with Radar,0,28,20,0,48,0,19,86,0,105,0,47,106,0,153,80,0,80,233
10/27/2022,APC,CA,AWP,WE,Towers with Radar,0,33,27,0,60,0,12,81,2,95,0,45,108,2,155,106,2,108,263
10/28/2022,APC,CA,AWP,WE,Towers with Radar,0,18,31,0,49,0,14,66,0,80,0,32,97,0,129,82,0,82,211
10/29/2022,APC,CA,AWP,WE,Towers with Radar,0,12,9,0,21,0,7,60,0,67,0,19,69,0,88,134,0,134,222
10/30/2022,APC,CA,AWP,WE,Towers with Radar,0,27,23,0,50,0,14,33,0,47,0,41,56,0,97,56,0,56,153
10/31/2022,APC,CA,AWP,WE,Towers with Radar,0,15,20,0,35,0,4,26,1,31,0,19,46,1,66,94,4,98,164
11/01/2022,APC,CA,AWP,WE,Towers with Radar,0,6,26,0,32,0,2,3,0,5,0,8,29,0,37,8,0,8,45
11/02/2022,APC,CA,AWP,WE,Towers with Radar,0,25,16,0,41,0,10,31,6,47,0,35,47,6,88,52,0,52,140
11/03/2022,APC,CA,AWP,WE,Towers with Radar,0,48,52,0,100,0,11,57,0,68,0,59,109,0,168,86,2,88,256
11/04/2022,APC,CA,AWP,WE,Towers with Radar,0,31,28,0,59,0,7,46,0,53,0,38,74,0,112,106,0,106,218
11/05/2022,APC,CA,AWP,WE,Towers with Radar,0,36,51,0,87,0,0,0,0,0,0,36,51,0,87,34,0,34,121
11/06/2022,APC,CA,AWP,WE,Towers with Radar,0,41,33,0,74,0,10,54,0,64,0,51,87,0,138,76,0,76,214
11/07/2022,APC,CA,AWP,WE,Towers with Radar,0,24,17,0,41,0,4,23,0,27,0,28,40,0,68,68,0,68,136
11/08/2022,APC,CA,AWP,WE,Towers with Radar,0,17,13,0,30,0,8,11,3,22,0,25,24,3,52,22,14,36,88
11/09/2022,APC,CA,AWP,WE,Towers with Radar,0,25,18,0,43,0,13,42,0,55,0,38,60,0,98,70,0,70,168
11/10/2022,APC,CA,AWP,WE,Towers with Radar,0,30,27,0,57,0,10,66,12,88,0,40,93,12,145,24,0,24,169
11/11/2022,APC,CA,AWP,WE,Towers with Radar,0,39,27,0,66,0,17,66,2,85,0,56,93,2,151,102,10,112,263
11/12/2022,APC,CA,AWP,WE,Towers with Radar,0,22,17,0,39,0,11,75,0,86,0,33,92,0,125,50,0,50,175
11/13/2022,APC,CA,AWP,WE,Towers with Radar,0,42,25,0,67,0,15,78,0,93,0,57,103,0,160,70,0,70,230
11/14/2022,APC,CA,AWP,WE,Towers with Radar,0,25,28,0,53,0,15,36,0,51,0,40,64,0,104,56,0,56,160
11/15/2022,APC,CA,AWP,WE,Towers with Radar,0,19,14,0,33,0,4,66,0,70,0,23,80,0,103,28,14,42,145
11/16/2022,APC,CA,AWP,WE,Towers with Radar,0,23,19,0,42,0,11,68,0,79,0,34,87,0,121,80,0,80,201
11/17/2022,APC,CA,AWP,WE,Towers with Radar,0,25,20,0,45,0,17,54,3,74,0,42,74,3,119,108,0,108,227
11/18/2022,APC,CA,AWP,WE,Towers with Radar,0,31,39,0,70,0,9,62,0,71,0,40,101,0,141,50,0,50,191
11/19/2022,APC,CA,AWP,WE,Towers with Radar,0,30,28,0,58,0,18,107,0,125,0,48,135,0,183,44,0,44,227
11/20/2022,APC,CA,AWP,WE,Towers with Radar,0,21,22,0,43,0,14,75,0,89,0,35,97,0,132,76,0,76,208
11/21/2022,APC,CA,AWP,WE,Towers with Radar,0,13,9,0,22,0,7,105,0,112,0,20,114,0,134,56,0,56,190
11/22/2022,APC,CA,AWP,WE,Towers with Radar,0,19,17,0,36,0,8,65,0,73,0,27,82,0,109,30,0,30,139
11/23/2022,APC,CA,AWP,WE,Towers with Radar,0,24,22,0,46,0,21,86,0,107,0,45,108,0,153,126,0,126,279
11/24/2022,APC,CA,AWP,WE,Towers with Radar,0,7,3,0,10,0,5,20,0,25,0,12,23,0,35,14,0,14,49
11/25/2022,APC,CA,AWP,WE,Towers with Radar,0,14,2,0,16,0,18,65,0,83,0,32,67,0,99,66,0,66,165
11/26/2022,APC,CA,AWP,WE,Towers with Radar,0,21,16,0,37,0,12,39,0,51,0,33,55,0,88,90,0,90,178
11/27/2022,APC,CA,AWP,WE,Towers with Radar,0,13,18,0,31,0,12,65,0,77,0,25,83,0,108,110,0,110,218
11/28/2022,APC,CA,AWP,WE,Towers with Radar,0,21,12,0,33,0,9,45,0,54,0,30,57,0,87,68,0,68,155
11/29/2022,APC,CA,AWP,WE,Towers with Radar,0,14,2,0,16,0,11,68,0,79,0,25,70,0,95,94,0,94,189
11/30/2022,APC,CA,AWP,WE,Towers with Radar,0,7,5,0,12,0,25,53,5,83,0,32,58,5,95,110,24,134,229
12/01/2022,APC,CA,AWP,WE,Towers with Radar,0,10,9,0,19,0,9,3,0,12,0,19,12,0,31,16,0,16,47
12/02/2022,APC,CA,AWP,WE,Towers with Radar,0,15,15,0,30,0,12,61,0,73,0,27,76,0,103,20,0,20,123
12/03/2022,APC,CA,AWP,WE,Towers with Radar,0,9,8,0,17,0,0,0,0,0,0,9,8,0,17,0,0,0,17
12/04/2022,APC,CA,AWP,WE,Towers with Radar,0,19,13,0,32,0,7,15,0,22,0,26,28,0,54,90,0,90,144
12/05/2022,APC,CA,AWP,WE,Towers with Radar,0,12,21,0,33,0,4,24,1,29,0,16,45,1,62,60,24,84,146
12/06/2022,APC,CA,AWP,WE,Towers with Radar,0,6,12,1,19,0,10,34,1,45,0,16,46,2,64,68,22,90,154
12/07/2022,APC,CA,AWP,WE,Towers with Radar,0,20,19,0,39,0,15,57,2,74,0,35,76,2,113,86,30,116,229
12/08/2022,APC,CA,AWP,WE,Towers with Radar,0,11,13,0,24,0,2,15,0,17,0,13,28,0,41,38,0,38,79
12/09/2022,APC,CA,AWP,WE,Towers with Radar,0,33,19,0,52,0,8,38,2,48,0,41,57,2,100,106,2,108,208
12/10/2022,APC,CA,AWP,WE,Towers with Radar,0,9,5,0,14,0,1,0,0,1,0,10,5,0,15,2,0,2,17
12/11/2022,APC,CA,AWP,WE,Towers with Radar,0,20,18,0,38,0,7,15,2,24,0,27,33,2,62,140,0,140,202
12/12/2022,APC,CA,AWP,WE,Towers with Radar,0,16,9,0,25,0,18,76,12,106,0,34,85,12,131,76,38,114,245
12/13/2022,APC,CA,AWP,WE,Towers with Radar,0,26,12,0,38,0,7,62,0,69,0,33,74,0,107,58,0,58,165
12/14/2022,APC,CA,AWP,WE,Towers with Radar,0,13,11,0,24,0,11,48,0,59,0,24,59,0,83,82,14,96,179
12/15/2022,APC,CA,AWP,WE,Towers with Radar,0,19,8,0,27,0,18,72,1,91,0,37,80,1,118,76,0,76,194
12/16/2022,APC,CA,AWP,WE,Towers with Radar,0,15,14,0,29,0,13,79,0,92,0,28,93,0,121,24,0,24,145
12/17/2022,APC,CA,AWP,WE,Towers with Radar,0,12,19,0,31,0,7,69,2,78,0,19,88,2,109,142,6,148,257
12/18/2022,APC,CA,AWP,WE,Towers with Radar,0,10,14,0,24,0,4,76,0,80,0,14,90,0,104,144,0,144,248
12/19/2022,APC,CA,AWP,WE,Towers with Radar,0,15,21,0,36,0,5,0,0,5,0,20,21,0,41,0,0,0,41
12/20/2022,APC,CA,AWP,WE,Towers with Radar,0,11,8,0,19,0,8,47,0,55,0,19,55,0,74,82,0,82,156
12/21/2022,APC,CA,AWP,WE,Towers with Radar,0,15,5,0,20,0,20,67,0,87,0,35,72,0,107,94,0,94,201
12/22/2022,APC,CA,AWP,WE,Towers with Radar,0,2,11,0,13,0,9,20,3,32,0,11,31,3,45,26,0,26,71
12/23/2022,APC,CA,AWP,WE,Towers with Radar,0,4,11,0,15,0,18,25,0,43,0,22,36,0,58,46,0,46,104
12/24/2022,APC,CA,AWP,WE,Towers with Radar,0,6,2,0,8,0,12,42,0,54,0,18,44,0,62,64,0,64,126
12/25/2022,APC,CA,AWP,WE,Towers with Radar,0,10,5,0,15,0,1,6,0,7,0,11,11,0,22,24,0,24,46
12/26/2022,APC,CA,AWP,WE,Towers with Radar,0,15,31,0,46,0,6,3,0,9,0,21,34,0,55,0,0,0,55
12/27/2022,APC,CA,AWP,WE,Towers with Radar,0,6,17,0,23,0,3,0,0,3,0,9,17,0,26,0,0,0,26
12/28/2022,APC,CA,AWP,WE,Towers with Radar,0,13,13,0,26,0,35,65,0,100,0,48,78,0,126,88,0,88,214
12/29/2022,APC,CA,AWP,WE,Towers with Radar,0,21,15,0,36,0,0,0,0,0,0,21,15,0,36,0,0,0,36
12/30/2022,APC,CA,AWP,WE,Towers with Radar,0,7,12,0,19,0,0,0,0,0,0,7,12,0,19,0,0,0,19
12/31/2022,APC,CA,AWP,WE,Towers with Radar,0,12,5,0,17,0,2,0,0,2,0,14,5,0,19,6,0,6,25
01/01/2023,APC,CA,AWP,WE,Towers with Radar,0,18,10,0,28,0,9,67,0,76,0,27,77,0,104,62,6,68,172
01/02/2023,APC,CA,AWP,WE,Towers with Radar,0,19,12,0,31,0,2,16,2,20,0,21,28,2,51,18,22,40,91
01/03/2023,APC,CA,AWP,WE,Towers with Radar,0,11,18,0,29,0,27,5,2,34,0,38,23,2,63,70,16,86,149
01/04/2023,APC,CA,AWP,WE,Towers with Radar,0,11,7,0,18,0,2,1,0,3,0,13,8,0,21,4,0,4,25
01/05/2023,APC,CA,AWP,WE,Towers with Radar,0,12,11,0,23,0,0,0,0,0,0,12,11,0,23,8,0,8,31
01/06/2023,APC,CA,AWP,WE,Towers with Radar,0,3,11,0,14,0,8,13,0,21,0,11,24,0,35,26,0,26,61
01/07/2023,APC,CA,AWP,WE,Towers with Radar,0,10,3,0,13,0,3,10,2,15,0,13,13,2,28,26,0,26,54
01/08/2023,APC,CA,AWP,WE,Towers with Radar,0,14,10,0,24,0,5,14,2,21,0,19,24,2,45,98,18,116,161
01/09/2023,APC,CA,AWP,WE,Towers with Radar,0,8,5,0,13,0,11,15,0,26,0,19,20,0,39,68,0,68,107
01/10/2023,APC,CA,AWP,WE,Towers with Radar,0,4,4,0,8,0,6,0,0,6,0,10,4,0,14,18,0,18,32
01/11/2023,APC,CA,AWP,WE,Towers with Radar,0,9,11,0,20,0,0,4,0,4,0,9,15,0,24,0,0,0,24
01/12/2023,APC,CA,AWP,WE,Towers with Radar,0,12,7,0,19,0,6,84,0,90,0,18,91,0,109,78,0,78,187
01/13/2023,APC,CA,AWP,WE,Towers with Radar,0,19,10,0,29,0,0,0,0,0,0,19,10,0,29,10,0,10,39
01/14/2023,APC,CA,AWP,WE,Towers with Radar,0,5,4,0,9,0,1,2,0,3,0,6,6,0,12,16,0,16,28
01/15/2023,APC,CA,AWP,WE,Towers with Radar,0,9,19,2,30,0,2,2,0,4,0,11,21,2,34,4,2,6,40
01/16/2023,APC,CA,AWP,WE,Towers with Radar,0,8,14,0,22,0,9,27,0,36,0,17,41,0,58,58,0,58,116
01/17/2023,APC,CA,AWP,WE,Towers with Radar,0,13,14,0,27,0,22,54,26,102,0,35,68,26,129,58,22,80,209
01/18/2023,APC,CA,AWP,WE,Towers with Radar,0,11,20,0,31,0,3,24,0,27,0,14,44,0,58,86,0,86,144
01/19/2023,APC,CA,AWP,WE,Towers with Radar,0,19,20,0,39,0,10,57,6,73,0,29,77,6,112,162,0,162,274
01/20/2023,APC,CA,AWP,WE,Towers with Radar,0,11,24,0,35,0,9,79,3,91,0,20,103,3,126,78,0,78,204
01/21/2023,APC,CA,AWP,WE,Towers with Radar,0,9,11,0,20,0,13,107,0,120,0,22,118,0,140,98,0,98,238
01/22/2023,APC,CA,AWP,WE,Towers with Radar,0,13,11,0,24,0,11,34,0,45,0,24,45,0,69,44,0,44,113
01/23/2023,APC,CA,AWP,WE,Towers with Radar,0,11,8,0,19,0,13,32,0,45,0,24,40,0,64,26,0,26,90
01/24/2023,APC,CA,AWP,WE,Towers with Radar,0,14,7,0,21,0,7,79,0,86,0,21,86,0,107,60,0,60,167
01/25/2023,APC,CA,AWP,WE,Towers with Radar,0,10,8,0,18,0,14,103,0,117,0,24,111,0,135,118,0,118,253
01/26/2023,APC,CA,AWP,WE,Towers with Radar,0,16,10,0,26,0,6,75,5,86,0,22,85,5,112,74,0,74,186
01/27/2023,APC,CA,AWP,WE,Towers with Radar,0,18,19,0,37,0,8,68,0,76,0,26,87,0,113,54,0,54,167
01/28/2023,APC,CA,AWP,WE,Towers with Radar,0,14,23,0,37,0,11,25,0,36,0,25,48,0,73,24,0,24,97
01/29/2023,APC,CA,AWP,WE,Towers with Radar,0,10,17,0,27,0,11,13,1,25,0,21,30,1,52,74,0,74,126
01/30/2023,APC,CA,AWP,WE,Towers with Radar,0,11,10,0,21,0,13,56,3,72,0,24,66,3,93,94,44,138,231
01/31/2023,APC,CA,AWP,WE,Towers with Radar,0,7,16,0,23,0,18,67,0,85,0,25,83,0,108,22,0,22,130
02/01/2023,APC,CA,AWP,WE,Towers with Radar,0,10,14,0,24,0,11,73,3,87,0,21,87,3,111,102,8,110,221
02/02/2023,APC,CA,AWP,WE,Towers with Radar,0,12,21,0,33,0,10,59,6,75,0,22,80,6,108,118,0,118,226
02/03/2023,APC,CA,AWP,WE,Towers with Radar,0,10,25,0,35,0,10,13,0,23,0,20,38,0,58,80,0,80,138
02/04/2023,APC,CA,AWP,WE,Towers with Radar,0,9,6,0,15,0,1,8,0,9,0,10,14,0,24,38,0,38,62
02/05/2023,APC,CA,AWP,WE,Towers with Radar,0,23,18,0,41,0,7,47,0,54,0,30,65,0,95,88,0,88,183
02/06/2023,APC,CA,AWP,WE,Towers with Radar,0,13,9,0,22,0,13,71,0,84,0,26,80,0,106,56,0,56,162
02/07/2023,APC,CA,AWP,WE,Towers with Radar,0,7,6,0,13,0,22,77,0,99,0,29,83,0,112,130,0,130,242
02/08/2023,APC,CA,AWP,WE,Towers with Radar,0,22,6,0,28,0,36,82,0,118,0,58,88,0,146,82,0,82,228
02/09/2023,APC,CA,AWP,WE,Towers with Radar,0,12,12,0,24,0,18,73,0,91,0,30,85,0,115,100,0,100,215
02/10/2023,APC,CA,AWP,WE,Towers with Radar,0,17,20,0,37,0,8,29,0,37,0,25,49,0,74,90,0,90,164
02/11/2023,APC,CA,AWP,WE,Towers with Radar,0,15,12,2,29,0,11,54,0,65,0,26,66,2,94,84,0,84,178
02/12/2023,APC,CA,AWP,WE,Towers with Radar,0,13,18,0,31,0,10,90,0,100,0,23,108,0,131,98,0,98,229
02/13/2023,APC,CA,AWP,WE,Towers with Radar,0,8,15,0,23,0,9,36,0,45,0,17,51,0,68,56,0,56,124
02/14/2023,APC,CA,AWP,WE,Towers with Radar,0,14,6,0,20,0,20,34,0,54,0,34,40,0,74,12,0,12,86
02/15/2023,APC,CA,AWP,WE,Towers with Radar,0,9,14,0,23,0,15,75,3,93,0,24,89,3,116,80,14,94,210
02/16/2023,APC,CA,AWP,WE,Towers with Radar,0,18,12,0,30,0,22,74,3,99,0,40,86,3,129,60,0,60,189
02/17/2023,APC,CA,AWP,WE,Towers with Radar,0,15,11,3,29,0,14,73,0,87,0,29,84,3,116,52,0,52,168
02/18/2023,APC,CA,AWP,WE,Towers with Radar,0,19,10,0,29,0,7,69,0,76,0,26,79,0,105,158,0,158,263
02/19/2023,APC,CA,AWP,WE,Towers with Radar,0,13,11,0,24,0,14,78,0,92,0,27,89,0,116,96,0,96,212
02/20/2023,APC,CA,AWP,WE,Towers with Radar,0,15,19,0,34,0,16,82,0,98,0,31,101,0,132,74,0,74,206
02/21/2023,APC,CA,AWP,WE,Towers with Radar,0,9,13,0,22,0,39,7,0,46,0,48,20,0,68,14,0,14,82
02/22/2023,APC,CA,AWP,WE,Towers with Radar,0,7,21,0,28,0,25,23,0,48,0,32,44,0,76,60,0,60,136
02/23/2023,APC,CA,AWP,WE,Towers with Radar,0,17,14,0,31,0,6,8,2,16,0,23,22,2,47,18,12,30,77
02/24/2023,APC,CA,AWP,WE,Towers with Radar,0,12,12,0,24,0,10,9,2,21,0,22,21,2,45,76,6,82,127
02/25/2023,APC,CA,AWP,WE,Towers with Radar,0,16,15,0,31,0,14,18,0,32,0,30,33,0,63,88,0,88,151
02/26/2023,APC,CA,AWP,WE,Towers with Radar,0,17,22,0,39,0,3,7,0,10,0,20,29,0,49,88,0,88,137
02/27/2023,APC,CA,AWP,WE,Towers with Radar,0,8,9,0,17,0,4,1,4,9,0,12,10,4,26,0,22,22,48
02/28/2023,APC,CA,AWP,WE,Towers with Radar,0,10,13,0,23,0,0,4,0,4,0,10,17,0,27,0,0,0,27
03/01/2023,APC,CA,AWP,WE,Towers with Radar,0,18,16,0,34,0,20,49,9,78,0,38,65,9,112,56,32,88,200
03/02/2023,APC,CA,AWP,WE,Towers with Radar,0,23,9,0,32,0,15,87,0,102,0,38,96,0,134,74,2,76,210
03/03/2023,APC,CA,AWP,WE,Towers with Radar,0,20,10,0,30,0,11,61,2,74,0,31,71,2,104,110,8,118,222
03/04/2023,APC,CA,AWP,WE,Towers with Radar,0,21,10,0,31,0,6,15,0,21,0,27,25,0,52,60,0,60,112
03/05/2023,APC,CA,AWP,WE,Towers with Radar,0,9,21,0,30,0,7,13,0,20,0,16,34,0,50,6,0,6,56
03/06/2023,APC,CA,AWP,WE,Towers with Radar,0,19,9,0,28,0,8,10,2,20,0,27,19,2,48,34,2,36,84
03/07/2023,APC,CA,AWP,WE,Towers with Radar,0,17,15,0,32,0,16,45,0,61,0,33,60,0,93,24,0,24,117
03/08/2023,APC,CA,AWP,WE,Towers with Radar,0,17,13,0,30,0,11,72,0,83,0,28,85,0,113,76,0,76,189
03/09/2023,APC,CA,AWP,WE,Towers with Radar,0,20,24,0,44,0,0,10,0,10,0,20,34,0,54,12,0,12,66
03/10/2023,APC,CA,AWP,WE,Towers with Radar,0,9,34,0,43,0,15,27,0,42,0,24,61,0,85,66,0,66,151
03/11/2023,APC,CA,AWP,WE,Towers with Radar,0,14,12,0,26,0,0,0,0,0,0,14,12,0,26,26,0,26,52
03/12/2023,APC,CA,AWP,WE,Towers with Radar,0,14,38,2,54,0,0,0,0,0,0,14,38,2,54,0,0,0,54
03/13/2023,APC,CA,AWP,WE,Towers with Radar,0,15,11,2,28,0,0,1,0,1,0,15,12,2,29,0,0,0,29
03/14/2023,APC,CA,AWP,WE,Towers with Radar,0,4,10,0,14,0,0,0,0,0,0,4,10,0,14,0,0,0,14
03/15/2023,APC,CA,AWP,WE,Towers with Radar,0,13,14,0,27,0,28,75,0,103,0,41,89,0,130,134,0,134,264
03/16/2023,APC,CA,AWP,WE,Towers with Radar,0,12,12,0,24,0,17,84,6,107,0,29,96,6,131,56,4,60,191
03/17/2023,APC,CA,AWP,WE,Towers with Radar,0,19,12,0,31,0,21,74,0,95,0,40,86,0,126,78,0,78,204
03/18/2023,APC,CA,AWP,WE,Towers with Radar,0,9,7,0,16,0,16,69,0,85,0,25,76,0,101,126,0,126,227
03/19/2023,APC,CA,AWP,WE,Towers with Radar,0,17,14,0,31,0,2,0,0,2,0,19,14,0,33,0,0,0,33
03/20/2023,APC,CA,AWP,WE,Towers with Radar,0,18,11,0,29,0,13,34,1,48,0,31,45,1,77,32,0,32,109
03/21/2023,APC,CA,AWP,WE,Towers with Radar,0,15,7,0,22,0,0,0,0,0,0,15,7,0,22,0,0,0,22
03/22/2023,APC,CA,AWP,WE,Towers with Radar,0,16,26,0,42,0,11,67,0,78,0,27,93,0,120,94,0,94,214
03/23/2023,APC,CA,AWP,WE,Towers with Radar,0,17,19,0,36,0,33,70,0,103,0,50,89,0,139,36,0,36,175
03/24/2023,APC,CA,AWP,WE,Towers with Radar,0,18,14,0,32,0,13,96,0,109,0,31,110,0,141,82,0,82,223
03/25/2023,APC,CA,AWP,WE,Towers with Radar,0,9,7,0,16,0,6,65,0,71,0,15,72,0,87,104,0,104,191
03/26/2023,APC,CA,AWP,WE,Towers with Radar,0,12,21,0,33,0,10,91,3,104,0,22,112,3,137,60,0,60,197
03/27/2023,APC,CA,AWP,WE,Towers with Radar,0,20,10,0,30,0,9,69,5,83,0,29,79,5,113,114,18,132,245
03/28/2023,APC,CA,AWP,WE,Towers with Radar,0,18,6,0,24,0,9,2,0,11,0,27,8,0,35,0,0,0,35
03/29/2023,APC,CA,AWP,WE,Towers with Radar,0,25,13,0,38,0,4,5,0,9,0,29,18,0,47,20,0,20,67
03/30/2023,APC,CA,AWP,WE,Towers with Radar,0,23,23,0,46,0,29,82,0,111,0,52,105,0,157,120,0,120,277
03/31/2023,APC,CA,AWP,WE,Towers with Radar,0,25,19,0,44,0,10,70,0,80,0,35,89,0,124,122,0,122,246
04/01/2023,APC,CA,AWP,WE,Towers with Radar,0,19,23,0,42,0,9,63,0,72,0,28,86,0,114,112,0,112,226
04/02/2023,APC,CA,AWP,WE,Towers with Radar,0,33,27,0,60,0,6,62,3,71,0,39,89,3,131,126,0,126,257
04/03/2023,APC,CA,AWP,WE,Towers with Radar,0,16,12,0,28,0,15,27,0,42,0,31,39,0,70,46,12,58,128
04/04/2023,APC,CA,AWP,WE,Towers with Radar,0,12,9,0,21,0,15,88,0,103,0,27,97,0,124,86,0,86,210
04/05/2023,APC,CA,AWP,WE,Towers with Radar,0,20,17,0,37,0,26,99,0,125,0,46,116,0,162,154,0,154,316
04/06/2023,APC,CA,AWP,WE,Towers with Radar,0,14,12,0,26,0,8,56,8,72,0,22,68,8,98,90,0,90,188
04/07/2023,APC,CA,AWP,WE,Towers with Radar,0,12,23,0,35,0,1,7,0,8,0,13,30,0,43,2,0,2,45
04/08/2023,APC,CA,AWP,WE,Towers with Radar,0,16,10,0,26,0,15,83,6,104,0,31,93,6,130,164,0,164,294
04/09/2023,APC,CA,AWP,WE,Towers with Radar,0,12,9,0,21,0,5,57,0,62,0,17,66,0,83,58,0,58,141
04/10/2023,APC,CA,AWP,WE,Towers with Radar,0,24,10,0,34,0,13,70,11,94,0,37,80,11,128,92,10,102,230
04/11/2023,APC,CA,AWP,WE,Towers with Radar,0,18,14,0,32,0,12,61,0,73,0,30,75,0,105,44,0,44,149
04/12/2023,APC,CA,AWP,WE,Towers with Radar,0,15,11,0,26,0,12,63,3,78,0,27,74,3,104,54,0,54,158
04/13/2023,APC,CA,AWP,WE,Towers with Radar,0,31,28,0,59,0,20,77,2,99,0,51,105,2,158,86,2,88,246
04/14/2023,APC,CA,AWP,WE,Towers with Radar,0,27,17,0,44,0,9,79,0,88,0,36,96,0,132,42,0,42,174
04/15/2023,APC,CA,AWP,WE,Towers with Radar,0,19,26,0,45,0,16,52,2,70,0,35,78,2,115,64,0,64,179
04/16/2023,APC,CA,AWP,WE,Towers with Radar,0,31,27,0,58,0,15,60,0,75,0,46,87,0,133,48,0,48,181
04/17/2023,APC,CA,AWP,WE,Towers with Radar,0,27,19,0,46,0,12,63,3,78,0,39,82,3,124,80,2,82,206
04/18/2023,APC,CA,AWP,WE,Towers with Radar,0,25,19,0,44,0,12,76,0,88,0,37,95,0,132,50,0,50,182
04/19/2023,APC,CA,AWP,WE,Towers with Radar,0,12,24,0,36,0,17,115,3,135,0,29,139,3,171,130,0,130,301
04/20/2023,APC,CA,AWP,WE,Towers with Radar,0,16,17,0,33,0,11,77,3,91,0,27,94,3,124,36,0,36,160
04/21/2023,APC,CA,AWP,WE,Towers with Radar,0,17,15,0,32,0,14,91,0,105,0,31,106,0,137,84,0,84,221
04/22/2023,APC,CA,AWP,WE,Towers with Radar,0,17,16,0,33,0,16,111,0,127,0,33,127,0,160,44,0,44,204
04/23/2023,APC,CA,AWP,WE,Towers with Radar,0,31,29,0,60,0,15,85,0,100,0,46,114,0,160,124,0,124,284
04/24/2023,APC,CA,AWP,WE,Towers with Radar,0,18,17,1,36,0,10,73,1,84,0,28,90,2,120,122,0,122,242
04/25/2023,APC,CA,AWP,WE,Towers with Radar,0,24,17,1,42,0,14,76,2,92,0,38,93,3,134,80,0,80,214
04/26/2023,APC,CA,AWP,WE,Towers with Radar,0,18,12,0,30,0,16,94,0,110,0,34,106,0,140,70,0,70,210
04/27/2023,APC,CA,AWP,WE,Towers with Radar,0,29,18,0,47,0,11,76,0,87,0,40,94,0,134,119,0,119,253
04/28/2023,APC,CA,AWP,WE,Towers with Radar,0,35,21,0,56,0,19,87,2,108,0,54,108,2,164,94,24,118,282
04/29/2023,APC,CA,AWP,WE,Towers with Radar,0,22,21,0,43,0,10,67,0,77,0,32,88,0,120,78,0,78,198
04/30/2023,APC,CA,AWP,WE,Towers with Radar,0,32,15,1,48,0,9,56,0,65,0,41,71,1,113,66,0,66,179
05/01/2023,APC,CA,AWP,WE,Towers with Radar,0,11,24,0,35,0,23,63,0,86,0,34,87,0,121,98,0,98,219
05/02/2023,APC,CA,AWP,WE,Towers with Radar,0,16,12,0,28,0,11,14,2,27,0,27,26,2,55,30,8,38,93
05/03/2023,APC,CA,AWP,WE,Towers with Radar,0,27,26,0,53,0,7,40,0,47,0,34,66,0,100,84,0,84,184
05/04/2023,APC,CA,AWP,WE,Towers with Radar,0,26,18,0,44,0,4,37,3,44,0,30,55,3,88,110,0,110,198
05/05/2023,APC,CA,AWP,WE,Towers with Radar,0,20,32,0,52,0,17,47,1,65,0,37,79,1,117,76,0,76,193
05/06/2023,APC,CA,AWP,WE,Towers with Radar,0,15,24,0,39,0,7,19,0,26,0,22,43,0,65,16,0,16,81
05/07/2023,APC,CA,AWP,WE,Towers with Radar,0,34,23,0,57,0,13,84,0,97,0,47,107,0,154,110,0,110,264
05/08/2023,APC,CA,AWP,WE,Towers with Radar,0,26,12,0,38,0,9,61,1,71,0,35,73,1,109,57,0,57,166
05/09/2023,APC,CA,AWP,WE,Towers with Radar,0,15,19,0,34,0,10,97,1,108,0,25,116,1,142,146,0,146,288
05/10/2023,APC,CA,AWP,WE,Towers with Radar,0,18,25,1,44,0,18,93,1,112,0,36,118,2,156,116,2,118,274
05/11/2023,APC,CA,AWP,WE,Towers with Radar,0,17,20,0,37,0,20,85,0,105,0,37,105,0,142,96,0,96,238
05/12/2023,APC,CA,AWP,WE,Towers with Radar,0,17,33,0,50,0,20,77,0,97,0,37,110,0,147,134,0,134,281
05/13/2023,APC,CA,AWP,WE,Towers with Radar,0,5,15,0,20,0,22,90,0,112,0,27,105,0,132,74,0,74,206
05/14/2023,APC,CA,AWP,WE,Towers with Radar,0,17,19,0,36,0,13,49,0,62,0,30,68,0,98,20,0,20,118
05/15/2023,APC,CA,AWP,WE,Towers with Radar,0,13,13,0,26,0,6,79,0,85,0,19,92,0,111,122,0,122,233
05/16/2023,APC,CA,AWP,WE,Towers with Radar,0,17,19,0,36,0,35,80,0,115,0,52,99,0,151,174,0,174,325
05/17/2023,APC,CA,AWP,WE,Towers with Radar,0,15,20,0,35,0,43,67,0,110,0,58,87,0,145,128,0,128,273
05/18/2023,APC,CA,AWP,WE,Towers with Radar,0,31,34,0,65,0,11,73,3,87,0,42,107,3,152,86,8,94,246
05/19/2023,APC,CA,AWP,WE,Towers with Radar,0,28,21,0,49,0,12,68,0,80,0,40,89,0,129,88,0,88,217
05/20/2023,APC,CA,AWP,WE,Towers with Radar,0,17,13,0,30,0,13,42,2,57,0,30,55,2,87,56,0,56,143
05/21/2023,APC,CA,AWP,WE,Towers with Radar,0,36,27,0,63,0,7,43,4,54,0,43,70,4,117,10,0,10,127
05/22/2023,APC,CA,AWP,WE,Towers with Radar,0,14,15,2,31,0,13,48,1,62,0,27,63,3,93,98,2,100,193
05/23/2023,APC,CA,AWP,WE,Towers with Radar,0,13,20,0,33,0,5,43,0,48,0,18,63,0,81,54,0,54,135
05/24/2023,APC,CA,AWP,WE,Towers with Radar,0,28,31,0,59,0,7,50,2,59,0,35,81,2,118,110,10,120,238
05/25/2023,APC,CA,AWP,WE,Towers with Radar,0,31,62,0,93,0,14,27,0,41,0,45,89,0,134,18,0,18,152
05/26/2023,APC,CA,AWP,WE,Towers with Radar,0,42,40,0,82,0,12,44,0,56,0,54,84,0,138,84,0,84,222
05/27/2023,APC,CA,AWP,WE,Towers with Radar,0,25,17,0,42,0,8,44,0,52,0,33,61,0,94,52,0,52,146
05/28/2023,APC,CA,AWP,WE,Towers with Radar,0,25,24,0,49,0,12,29,0,41,0,37,53,0,90,52,0,52,142
05/29/2023,APC,CA,AWP,WE,Towers with Radar,0,57,55,0,112,0,10,55,0,65,0,67,110,0,177,66,0,66,243
05/30/2023,APC,CA,AWP,WE,Towers with Radar,0,12,19,0,31,0,7,66,0,73,0,19,85,0,104,72,0,72,176
05/31/2023,APC,CA,AWP,WE,Towers with Radar,0,19,11,0,30,0,9,61,0,70,0,28,72,0,100,66,0,66,166
06/01/2023,APC,CA,AWP,WE,Towers with Radar,0,25,20,0,45,0,14,66,3,83,0,39,86,3,128,66,8,74,202
06/02/2023,APC,CA,AWP,WE,Towers with Radar,0,13,21,0,34,0,9,56,2,67,0,22,77,2,101,96,12,108,209
06/03/2023,APC,CA,AWP,WE,Towers with Radar,0,14,8,0,22,0,11,80,0,91,0,25,88,0,113,88,0,88,201
06/04/2023,APC,CA,AWP,WE,Towers with Radar,0,25,27,0,52,0,6,59,0,65,0,31,86,0,117,136,0,136,253
06/05/2023,APC,CA,AWP,WE,Towers with Radar,0,10,25,0,35,0,14,24,5,43,0,24,49,5,78,72,2,74,152
06/06/2023,APC,CA,AWP,WE,Towers with Radar,0,16,19,0,35,0,6,38,0,44,0,22,57,0,79,56,0,56,135
06/07/2023,APC,CA,AWP,WE,Towers with Radar,0,11,24,0,35,0,10,23,0,33,0,21,47,0,68,54,0,54,122
06/08/2023,APC,CA,AWP,WE,Towers with Radar,0,27,20,0,47,0,13,55,2,70,0,40,75,2,117,142,10,152,269
06/09/2023,APC,CA,AWP,WE,Towers with Radar,0,13,29,0,42,0,8,52,0,60,0,21,81,0,102,100,0,100,202
06/10/2023,APC,CA,AWP,WE,Towers with Radar,0,21,29,0,50,0,11,69,0,80,0,32,98,0,130,68,0,68,198
06/11/2023,APC,CA,AWP,WE,Towers with Radar,0,29,56,0,85,0,14,44,0,58,0,43,100,0,143,22,0,22,165
06/12/2023,APC,CA,AWP,WE,Towers with Radar,0,21,21,0,42,0,9,77,2,88,0,30,98,2,130,64,6,70,200
06/13/2023,APC,CA,AWP,WE,Towers with Radar,0,17,14,0,31,0,9,32,0,41,0,26,46,0,72,60,0,60,132
06/14/2023,APC,CA,AWP,WE,Towers with Radar,0,16,23,0,39,0,16,67,0,83,0,32,90,0,122,78,0,78,200
06/15/2023,APC,CA,AWP,WE,Towers with Radar,0,29,24,0,53,0,14,46,2,62,0,43,70,2,115,78,6,84,199
06/16/2023,APC,CA,AWP,WE,Towers with Radar,0,17,18,0,35,0,20,70,0,90,0,37,88,0,125,110,0,110,235
06/17/2023,APC,CA,AWP,WE,Towers with Radar,0,21,14,0,35,0,11,46,0,57,0,32,60,0,92,92,0,92,184
06/18/2023,APC,CA,AWP,WE,Towers with Radar,0,19,17,0,36,0,11,61,0,72,0,30,78,0,108,64,0,64,172
06/19/2023,APC,CA,AWP,WE,Towers with Radar,0,29,14,0,43,0,7,56,0,63,0,36,70,0,106,40,0,40,146
06/20/2023,APC,CA,AWP,WE,Towers with Radar,0,19,11,0,30,0,6,29,0,35,0,25,40,0,65,0,0,0,65
06/21/2023,APC,CA,AWP,WE,Towers with Radar,0,16,11,0,27,0,8,83,2,93,0,24,94,2,120,78,0,78,198
06/22/2023,APC,CA,AWP,WE,Towers with Radar,0,17,24,0,41,0,9,49,0,58,0,26,73,0,99,48,0,48,147
06/23/2023,APC,CA,AWP,WE,Towers with Radar,0,28,12,0,40,0,20,60,3,83,0,48,72,3,123,126,8,134,257
06/24/2023,APC,CA,AWP,WE,Towers with Radar,0,14,21,0,35,0,10,52,0,62,0,24,73,0,97,102,0,102,199
06/25/2023,APC,CA,AWP,WE,Towers with Radar,0,40,31,0,71,0,14,33,0,47,0,54,64,0,118,4,0,4,122
06/26/2023,APC,CA,AWP,WE,Towers with Radar,0,22,11,0,33,0,6,34,0,40,0,28,45,0,73,100,0,100,173
06/27/2023,APC,CA,AWP,WE,Towers with Radar,0,20,11,0,31,0,10,22,0,32,0,30,33,0,63,48,0,48,111
06/28/2023,APC,CA,AWP,WE,Towers with Radar,0,17,19,4,40,0,41,39,0,80,0,58,58,4,120,82,0,82,202
06/29/2023,APC,CA,AWP,WE,Towers with Radar,0,15,30,0,45,0,12,57,0,69,0,27,87,0,114,86,0,86,200
06/30/2023,APC,CA,AWP,WE,Towers with Radar,0,13,22,0,35,0,11,77,3,91,0,24,99,3,126,58,0,58,184
07/01/2023,APC,CA,AWP,WE,Towers with Radar,0,25,13,0,38,0,17,67,0,84,0,42,80,0,122,114,0,114,236
07/02/2023,APC,CA,AWP,WE,Towers with Radar,0,3,12,0,15,0,12,52,0,64,0,15,64,0,79,74,0,74,153
07/03/2023,APC,CA,AWP,WE,Towers with Radar,0,10,14,0,24,0,13,81,2,96,0,23,95,2,120,84,22,106,226
07/04/2023,APC,CA,AWP,WE,Towers with Radar,0,13,13,0,26,0,9,55,0,64,0,22,68,0,90,130,0,130,220
07/05/2023,APC,CA,AWP,WE,Towers with Radar,0,20,24,0,44,0,9,52,0,61,0,29,76,0,105,58,0,58,163
07/06/2023,APC,CA,AWP,WE,Towers with Radar,0,28,26,0,54,0,8,39,0,47,0,36,65,0,101,96,0,96,197
07/07/2023,APC,CA,AWP,WE,Towers with Radar,0,11,20,0,31,0,5,43,2,50,0,16,63,2,81,154,0,154,235
07/08/2023,APC,CA,AWP,WE,Towers with Radar,0,12,5,0,17,0,10,34,0,44,0,22,39,0,61,148,0,148,209
07/09/2023,APC,CA,AWP,WE,Towers with Radar,0,27,15,0,42,0,14,69,0,83,0,41,84,0,125,60,0,60,185
07/10/2023,APC,CA,AWP,WE,Towers with Radar,0,12,12,0,24,0,6,69,0,75,0,18,81,0,99,44,0,44,143
07/11/2023,APC,CA,AWP,WE,Towers with Radar,0,18,9,0,27,0,14,65,0,79,0,32,74,0,106,94,0,94,200
07/12/2023,APC,CA,AWP,WE,Towers with Radar,0,23,22,0,45,0,9,62,0,71,0,32,84,0,116,126,0,126,242
07/13/2023,APC,CA,AWP,WE,Towers with Radar,0,31,26,0,57,0,18,53,0,71,0,49,79,0,128,130,0,130,258
07/14/2023,APC,CA,AWP,WE,Towers with Radar,0,26,15,0,41,0,7,63,0,70,0,33,78,0,111,162,0,162,273
07/15/2023,APC,CA,AWP,WE,Towers with Radar,0,31,22,0,53,0,10,48,0,58,0,41,70,0,111,66,0,66,177
07/16/2023,APC,CA,AWP,WE,Towers with Radar,0,36,16,0,52,0,12,59,0,71,0,48,75,0,123,14,0,14,137
07/17/2023,APC,CA,AWP,WE,Towers with Radar,0,24,14,0,38,0,9,64,0,73,0,33,78,0,111,160,0,160,271
07/18/2023,APC,CA,AWP,WE,Towers with Radar,0,31,22,0,53,0,6,65,0,71,0,37,87,0,124,88,0,88,212
07/19/2023,APC,CA,AWP,WE,Towers with Radar,0,23,22,0,45,0,2,40,2,44,0,25,62,2,89,58,14,72,161
07/20/2023,APC,CA,AWP,WE,Towers with Radar,0,22,24,0,46,0,9,74,0,83,0,31,98,0,129,82,0,82,211
07/21/2023,APC,CA,AWP,WE,Towers with Radar,0,8,20,0,28,0,8,63,15,86,0,16,83,15,114,140,0,140,254
07/22/2023,APC,CA,AWP,WE,Towers with Radar,0,23,4,0,27,0,14,75,0,89,0,37,79,0,116,82,0,82,198
07/23/2023,APC,CA,AWP,WE,Towers with Radar,0,31,13,0,44,0,13,78,0,91,0,44,91,0,135,134,0,134,269
07/24/2023,APC,CA,AWP,WE,Towers with Radar,0,25,23,0,48,0,10,79,0,89,0,35,102,0,137,122,0,122,259
07/25/2023,APC,CA,AWP,WE,Towers with Radar,0,19,22,0,41,0,17,77,3,97,0,36,99,3,138,126,0,126,264
07/26/2023,APC,CA,AWP,WE,Towers with Radar,0,18,25,0,43,0,19,71,0,90,0,37,96,0,133,28,0,28,161
07/27/2023,APC,CA,AWP,WE,Towers with Radar,0,21,20,0,41,0,14,59,0,73,0,35,79,0,114,60,0,60,174
07/28/2023,APC,CA,AWP,WE,Towers with Radar,0,35,26,0,61,0,13,62,2,77,0,48,88,2,138,96,10,106,244
07/29/2023,APC,CA,AWP,WE,Towers with Radar,0,17,16,0,33,0,20,68,0,88,0,37,84,0,121,174,0,174,295
07/30/2023,APC,CA,AWP,WE,Towers with Radar,0,39,24,0,63,0,15,90,0,105,0,54,114,0,168,162,0,162,330
07/31/2023,APC,CA,AWP,WE,Towers with Radar,0,18,15,0,33,0,17,49,0,66,0,35,64,0,99,68,0,68,167
08/01/2023,APC,CA,AWP,WE,Towers with Radar,0,29,21,0,50,0,14,46,0,60,0,43,67,0,110,60,28,88,198
08/02/2023,APC,CA,AWP,WE,Towers with Radar,0,16,22,1,39,0,12,67,0,79,0,28,89,1,118,52,0,52,170
08/03/2023,APC,CA,AWP,WE,Towers with Radar,0,15,22,0,37,0,15,98,0,113,0,30,120,0,150,50,0,50,200
08/04/2023,APC,CA,AWP,WE,Towers with Radar,0,12,34,0,46,0,5,57,0,62,0,17,91,0,108,136,0,136,244
08/05/2023,APC,CA,AWP,WE,Towers with Radar,0,16,18,0,34,0,7,82,0,89,0,23,100,0,123,112,0,112,235
08/06/2023,APC,CA,AWP,WE,Towers with Radar,0,19,24,0,43,0,8,54,0,62,0,27,78,0,105,118,0,118,223
08/07/2023,APC,CA,AWP,WE,Towers with Radar,0,17,7,2,26,0,11,70,0,81,0,28,77,2,107,78,0,78,185
08/08/2023,APC,CA,AWP,WE,Towers with Radar,0,18,15,0,33,0,12,33,0,45,0,30,48,0,78,46,0,46,124
08/09/2023,APC,CA,AWP,WE,Towers with Radar,0,26,24,0,50,0,14,75,0,89,0,40,99,0,139,76,0,76,215
08/10/2023,APC,CA,AWP,WE,Towers with Radar,0,26,23,0,49,0,12,65,2,79,0,38,88,2,128,86,8,94,222
08/11/2023,APC,CA,AWP,WE,Towers with Radar,0,13,24,6,43,0,12,65,0,77,0,25,89,6,120,62,0,62,182
08/12/2023,APC,CA,AWP,WE,Towers with Radar,0,10,11,0,21,0,11,84,0,95,0,21,95,0,116,94,0,94,210
08/13/2023,APC,CA,AWP,WE,Towers with Radar,0,24,24,0,48,0,13,73,6,92,0,37,97,6,140,96,0,96,236
08/14/2023,APC,CA,AWP,WE,Towers with Radar,0,15,12,0,27,0,8,45,0,53,0,23,57,0,80,124,0,124,204
08/15/2023,APC,CA,AWP,WE,Towers with Radar,0,13,16,0,29,0,11,59,0,70,0,24,75,0,99,68,0,68,167
08/16/2023,APC,CA,AWP,WE,Towers with Radar,0,23,26,0,49,0,11,78,0,89,0,34,104,0,138,156,0,156,294
08/17/2023,APC,CA,AWP,WE,Towers with Radar,0,32,32,0,64,0,12,77,2,91,0,44,109,2,155,68,0,68,223
08/18/2023,APC,CA,AWP,WE,Towers with Radar,0,25,27,0,52,0,11,57,0,68,0,36,84,0,120,60,0,60,180
08/19/2023,APC,CA,AWP,WE,Towers with Radar,0,18,18,0,36,0,8,46,0,54,0,26,64,0,90,118,0,118,208
08/20/2023,APC,CA,AWP,WE,Towers with Radar,0,25,24,0,49,0,16,61,0,77,0,41,85,0,126,98,0,98,224
08/21/2023,APC,CA,AWP,WE,Towers with Radar,0,20,27,0,47,0,8,32,0,40,0,28,59,0,87,22,0,22,109
08/22/2023,APC,CA,AWP,WE,Towers with Radar,0,9,8,0,17,0,6,62,0,68,0,15,70,0,85,100,0,100,185
08/23/2023,APC,CA,AWP,WE,Towers with Radar,0,16,26,0,42,0,12,66,0,78,0,28,92,0,120,100,0,100,220
08/24/2023,APC,CA,AWP,WE,Towers with Radar,0,16,15,0,31,0,8,79,0,87,0,24,94,0,118,74,0,74,192
08/25/2023,APC,CA,AWP,WE,Towers with Radar,0,20,17,0,37,0,8,59,2,69,0,28,76,2,106,74,10,84,190
08/26/2023,APC,CA,AWP,WE,Towers with Radar,0,17,17,0,34,0,16,47,0,63,0,33,64,0,97,62,0,62,159
08/27/2023,APC,CA,AWP,WE,Towers with Radar,0,26,19,0,45,0,14,71,0,85,0,40,90,0,130,98,0,98,228
08/28/2023,APC,CA,AWP,WE,Towers with Radar,0,13,13,0,26,0,13,70,0,83,0,26,83,0,109,126,0,126,235
08/29/2023,APC,CA,AWP,WE,Towers with Radar,0,15,15,0,30,0,12,46,0,58,0,27,61,0,88,74,0,74,162
08/30/2023,APC,CA,AWP,WE,Towers with Radar,0,13,12,0,25,0,13,66,3,82,0,26,78,3,107,60,36,96,203
08/31/2023,APC,CA,AWP,WE,Towers with Radar,0,28,11,0,39,0,16,57,5,78,0,44,68,5,117,114,0,114,231
01/01/2020,APC,CA,AWP,WE,Towers with Radar,0,14,15,0,29,0,0,39,0,39,0,14,54,0,68,4,0,4,72
01/02/2020,APC,CA,AWP,WE,Towers with Radar,0,12,9,0,21,0,4,75,0,79,0,16,84,0,100,72,0,72,172
01/03/2020,APC,CA,AWP,WE,Towers with Radar,0,14,9,3,26,0,2,49,1,52,0,16,58,4,78,2,0,2,80
01/04/2020,APC,CA,AWP,WE,Towers with Radar,0,10,15,0,25,0,2,61,0,63,0,12,76,0,88,30,0,30,118
01/05/2020,APC,CA,AWP,WE,Towers with Radar,0,8,4,0,12,0,0,82,0,82,0,8,86,0,94,90,0,90,184
01/06/2020,APC,CA,AWP,WE,Towers with Radar,0,5,6,0,11,0,1,55,3,59,0,6,61,3,70,40,0,40,110
01/07/2020,APC,CA,AWP,WE,Towers with Radar,0,5,15,4,24,0,0,47,0,47,0,5,62,4,71,26,0,26,97
01/08/2020,APC,CA,AWP,WE,Towers with Radar,0,5,17,0,22,0,0,24,1,25,0,5,41,1,47,6,0,6,53
01/09/2020,APC,CA,AWP,WE,Towers with Radar,0,8,13,0,21,0,0,40,0,40,0,8,53,0,61,34,0,34,95
01/10/2020,APC,CA,AWP,WE,Towers with Radar,0,9,16,0,25,0,3,92,0,95,0,12,108,0,120,116,0,116,236
01/11/2020,APC,CA,AWP,WE,Towers with Radar,0,6,16,0,22,0,0,63,0,63,0,6,79,0,85,70,0,70,155
01/12/2020,APC,CA,AWP,WE,Towers with Radar,0,13,14,0,27,0,3,64,0,67,0,16,78,0,94,80,0,80,174
01/13/2020,APC,CA,AWP,WE,Towers with Radar,0,4,7,0,11,0,3,58,2,63,0,7,65,2,74,54,16,70,144
01/14/2020,APC,CA,AWP,WE,Towers with Radar,0,2,10,0,12,0,1,45,2,48,0,3,55,2,60,88,0,88,148
01/15/2020,APC,CA,AWP,WE,Towers with Radar,0,7,12,0,19,0,0,53,3,56,0,7,65,3,75,58,10,68,143
01/16/2020,APC,CA,AWP,WE,Towers with Radar,0,10,11,0,21,0,0,11,0,11,0,10,22,0,32,12,0,12,44
01/17/2020,APC,CA,AWP,WE,Towers with Radar,0,24,22,0,46,0,1,52,1,54,0,25,74,1,100,68,26,94,194
01/18/2020,APC,CA,AWP,WE,Towers with Radar,0,9,8,0,17,0,1,73,0,74,0,10,81,0,91,126,0,126,217
01/19/2020,APC,CA,AWP,WE,Towers with Radar,0,6,18,0,24,0,3,38,0,41,0,9,56,0,65,54,0,54,119
01/20/2020,APC,CA,AWP,WE,Towers with Radar,0,14,4,0,18,0,27,43,0,70,0,41,47,0,88,74,0,74,162
01/21/2020,APC,CA,AWP,WE,Towers with Radar,0,5,21,0,26,0,1,6,0,7,0,6,27,0,33,18,0,18,51
01/22/2020,APC,CA,AWP,WE,Towers with Radar,0,8,16,0,24,0,5,60,0,65,0,13,76,0,89,66,0,66,155
01/23/2020,APC,CA,AWP,WE,Towers with Radar,0,13,25,0,38,0,2,84,3,89,0,15,109,3,127,38,3,41,168
01/24/2020,APC,CA,AWP,WE,Towers with Radar,0,12,23,0,35,0,6,33,0,39,0,18,56,0,74,44,0,44,118
01/25/2020,APC,CA,AWP,WE,Towers with Radar,0,5,8,0,13,0,6,80,0,86,0,11,88,0,99,38,0,38,137
01/26/2020,APC,CA,AWP,WE,Towers with Radar,0,16,18,2,36,0,10,51,0,61,0,26,69,2,97,83,0,83,180
01/27/2020,APC,CA,AWP,WE,Towers with Radar,0,8,16,0,24,0,6,11,0,17,0,14,27,0,41,46,0,46,87
01/28/2020,APC,CA,AWP,WE,Towers with Radar,0,8,23,0,31,0,6,12,0,18,0,14,35,0,49,68,0,68,117
01/29/2020,APC,CA,AWP,WE,Towers with Radar,0,5,15,3,23,0,2,45,0,47,0,7,60,3,70,52,0,52,122
01/30/2020,APC,CA,AWP,WE,Towers with Radar,0,20,17,0,37,0,4,74,0,78,0,24,91,0,115,74,0,74,189
01/31/2020,APC,CA,AWP,WE,Towers with Radar,0,13,15,0,28,0,3,57,0,60,0,16,72,0,88,36,0,36,124
02/01/2020,APC,CA,AWP,WE,Towers with Radar,0,12,13,1,26,0,6,78,0,84,0,18,91,1,110,94,0,94,204
02/02/2020,APC,CA,AWP,WE,Towers with Radar,0,14,13,0,27,0,10,15,0,25,0,24,28,0,52,10,0,10,62
02/03/2020,APC,CA,AWP,WE,Towers with Radar,0,9,8,0,17,0,5,37,0,42,0,14,45,0,59,28,0,28,87
02/04/2020,APC,CA,AWP,WE,Towers with Radar,0,7,13,0,20,0,7,45,0,52,0,14,58,0,72,48,0,48,120
02/05/2020,APC,CA,AWP,WE,Towers with Radar,0,10,11,0,21,0,11,77,0,88,0,21,88,0,109,58,0,58,167
02/06/2020,APC,CA,AWP,WE,Towers with Radar,0,13,13,0,26,0,6,72,0,78,0,19,85,0,104,62,0,62,166
02/07/2020,APC,CA,AWP,WE,Towers with Radar,0,10,15,0,25,0,14,75,8,97,0,24,90,8,122,70,12,82,204
02/08/2020,APC,CA,AWP,WE,Towers with Radar,0,12,15,0,27,0,8,65,2,75,0,20,80,2,102,60,0,60,162
02/09/2020,APC,CA,AWP,WE,Towers with Radar,0,13,20,0,33,0,4,6,0,10,0,17,26,0,43,22,0,22,65
02/10/2020,APC,CA,AWP,WE,Towers with Radar,0,10,9,0,19,0,7,31,0,38,0,17,40,0,57,12,0,12,69
02/11/2020,APC,CA,AWP,WE,Towers with Radar,0,9,7,0,16,0,11,45,7,63,0,20,52,7,79,44,8,52,131
02/12/2020,APC,CA,AWP,WE,Towers with Radar,0,6,13,0,19,0,18,79,8,105,0,24,92,8,124,50,0,50,174
02/13/2020,APC,CA,AWP,WE,Towers with Radar,0,11,14,0,25,0,5,27,0,32,0,16,41,0,57,46,0,46,103
02/14/2020,APC,CA,AWP,WE,Towers with Radar,0,23,15,3,41,0,7,51,0,58,0,30,66,3,99,24,0,24,123
02/15/2020,APC,CA,AWP,WE,Towers with Radar,0,9,22,0,31,0,8,66,0,74,0,17,88,0,105,36,0,36,141
02/16/2020,APC,CA,AWP,WE,Towers with Radar,0,7,28,0,35,0,10,65,0,75,0,17,93,0,110,46,0,46,156
02/17/2020,APC,CA,AWP,WE,Towers with Radar,0,9,17,0,26,0,8,58,0,66,0,17,75,0,92,90,0,90,182
02/18/2020,APC,CA,AWP,WE,Towers with Radar,0,12,19,0,31,0,10,55,0,65,0,22,74,0,96,52,0,52,148
02/19/2020,APC,CA,AWP,WE,Towers with Radar,0,10,20,0,30,0,3,59,0,62,0,13,79,0,92,16,0,16,108
02/20/2020,APC,CA,AWP,WE,Towers with Radar,0,9,26,0,35,0,12,52,0,64,0,21,78,0,99,42,0,42,141
02/21/2020,APC,CA,AWP,WE,Towers with Radar,0,14,25,0,39,0,5,92,0,97,0,19,117,0,136,62,0,62,198
02/22/2020,APC,CA,AWP,WE,Towers with Radar,0,8,15,0,23,0,7,72,0,79,0,15,87,0,102,68,0,68,170
02/23/2020,APC,CA,AWP,WE,Towers with Radar,0,20,36,0,56,0,9,66,0,75,0,29,102,0,131,44,0,44,175
02/24/2020,APC,CA,AWP,WE,Towers with Radar,0,16,11,0,27,0,8,55,0,63,0,24,66,0,90,40,0,40,130
02/25/2020,APC,CA,AWP,WE,Towers with Radar,0,6,17,0,23,0,7,44,8,59,0,13,61,8,82,32,2,34,116
02/26/2020,APC,CA,AWP,WE,Towers with Radar,0,12,12,0,24,0,9,73,2,84,0,21,85,2,108,122,0,122,230
02/27/2020,APC,CA,AWP,WE,Towers with Radar,0,10,15,0,25,0,18,70,0,88,0,28,85,0,113,42,0,42,155
02/28/2020,APC,CA,AWP,WE,Towers with Radar,0,16,22,0,38,0,12,86,2,100,0,28,108,2,138,74,4,78,216
02/29/2020,APC,CA,AWP,WE,Towers with Radar,0,10,10,0,20,0,19,47,0,66,0,29,57,0,86,79,0,79,165
03/01/2020,APC,CA,AWP,WE,Towers with Radar,0,12,12,0,24,0,9,32,0,41,0,21,44,0,65,22,0,22,87
03/02/2020,APC,CA,AWP,WE,Towers with Radar,0,13,2,0,15,0,8,21,14,43,0,21,23,14,58,0,0,0,58
03/03/2020,APC,CA,AWP,WE,Towers with Radar,0,8,17,0,25,0,8,62,0,70,0,16,79,0,95,56,0,56,151
03/04/2020,APC,CA,AWP,WE,Towers with Radar,0,9,13,0,22,0,4,69,0,73,0,13,82,0,95,68,0,68,163
03/05/2020,APC,CA,AWP,WE,Towers with Radar,0,10,20,0,30,0,3,31,2,36,0,13,51,2,66,130,4,134,200
03/06/2020,APC,CA,AWP,WE,Towers with Radar,0,15,28,2,45,0,0,8,0,8,0,15,36,2,53,22,0,22,75
03/07/2020,APC,CA,AWP,WE,Towers with Radar,0,9,30,0,39,0,2,11,0,13,0,11,41,0,52,32,0,32,84
03/08/2020,APC,CA,AWP,WE,Towers with Radar,0,12,20,0,32,0,4,67,0,71,0,16,87,0,103,44,0,44,147
03/09/2020,APC,CA,AWP,WE,Towers with Radar,0,9,17,0,26,0,1,38,2,41,0,10,55,2,67,61,10,71,138
03/10/2020,APC,CA,AWP,WE,Towers with Radar,0,6,5,0,11,0,4,59,0,63,0,10,64,0,74,46,0,46,120
03/11/2020,APC,CA,AWP,WE,Towers with Radar,0,5,12,0,17,0,3,76,0,79,0,8,88,0,96,86,0,86,182
03/12/2020,APC,CA,AWP,WE,Towers with Radar,0,25,20,0,45,0,10,82,4,96,0,35,102,4,141,60,0,60,201
03/13/2020,APC,CA,AWP,WE,Towers with Radar,0,17,17,0,34,0,2,15,2,19,0,19,32,2,53,44,24,68,121
03/14/2020,APC,CA,AWP,WE,Towers with Radar,0,10,12,0,22,0,2,14,2,18,0,12,26,2,40,2,0,2,42
03/15/2020,APC,CA,AWP,WE,Towers with Radar,0,16,13,0,29,0,2,9,0,11,0,18,22,0,40,32,0,32,72
03/16/2020,APC,CA,AWP,WE,Towers with Radar,0,6,15,0,21,0,2,17,0,19,0,8,32,0,40,24,0,24,64
03/17/2020,APC,CA,AWP,WE,Towers with Radar,0,13,11,0,24,0,8,20,0,28,0,21,31,0,52,40,0,40,92
03/18/2020,APC,CA,AWP,WE,Towers with Radar,0,8,8,0,16,0,2,22,0,24,0,10,30,0,40,18,0,18,58
03/19/2020,APC,CA,AWP,WE,Towers with Radar,0,9,5,0,14,0,9,39,2,50,0,18,44,2,64,24,16,40,104
03/20/2020,APC,CA,AWP,WE,Towers with Radar,0,2,0,3,5,0,13,28,1,42,0,15,28,4,47,40,4,44,91
03/21/2020,APC,CA,AWP,WE,Towers with Radar,0,3,6,0,9,0,6,33,5,44,0,9,39,5,53,76,12,88,141
03/22/2020,APC,CA,AWP,WE,Towers with Radar,0,2,0,0,2,0,7,54,0,61,0,9,54,0,63,64,0,64,127
03/23/2020,APC,CA,AWP,WE,Towers with Radar,0,5,3,0,8,0,6,12,0,18,0,11,15,0,26,88,0,88,114
03/24/2020,APC,CA,AWP,WE,Towers with Radar,0,3,1,0,4,0,3,3,0,6,0,6,4,0,10,26,0,26,36
03/25/2020,APC,CA,AWP,WE,Towers with Radar,0,0,4,0,4,0,12,15,0,27,0,12,19,0,31,24,0,24,55
03/26/2020,APC,CA,AWP,WE,Towers with Radar,0,0,7,0,7,0,6,25,0,31,0,6,32,0,38,76,0,76,114
03/27/2020,APC,CA,AWP,WE,Towers with Radar,0,2,2,0,4,0,15,39,2,56,0,17,41,2,60,68,2,70,130
03/28/2020,APC,CA,AWP,WE,Towers with Radar,0,0,2,0,2,0,4,2,0,6,0,4,4,0,8,94,0,94,102
03/29/2020,APC,CA,AWP,WE,Towers with Radar,0,5,2,0,7,0,8,18,8,34,0,13,20,8,41,64,16,80,121
03/30/2020,APC,CA,AWP,WE,Towers with Radar,0,2,0,0,2,0,2,7,0,9,0,4,7,0,11,50,0,50,61
03/31/2020,APC,CA,AWP,WE,Towers with Radar,0,0,12,0,12,0,6,15,4,25,0,6,27,4,37,14,0,14,51
04/01/2020,APC,CA,AWP,WE,Towers with Radar,0,2,3,1,6,0,13,48,1,62,0,15,51,2,68,60,6,66,134
04/02/2020,APC,CA,AWP,WE,Towers with Radar,0,6,8,0,14,0,0,51,2,53,0,6,59,2,67,82,30,112,179
04/03/2020,APC,CA,AWP,WE,Towers with Radar,0,1,5,0,6,0,6,57,2,65,0,7,62,2,71,60,0,60,131
04/04/2020,APC,CA,AWP,WE,Towers with Radar,0,4,11,0,15,0,6,5,0,11,0,10,16,0,26,4,0,4,30
04/05/2020,APC,CA,AWP,WE,Towers with Radar,0,2,3,0,5,0,2,2,3,7,0,4,5,3,12,0,18,18,30
04/06/2020,APC,CA,AWP,WE,Towers with Radar,0,3,3,0,6,0,4,13,0,17,0,7,16,0,23,12,0,12,35
04/07/2020,APC,CA,AWP,WE,Towers with Radar,0,0,0,4,4,0,19,25,0,44,0,19,25,4,48,34,4,38,86
04/08/2020,APC,CA,AWP,WE,Towers with Radar,0,7,2,0,9,0,1,7,0,8,0,8,9,0,17,4,0,4,21
04/09/2020,APC,CA,AWP,WE,Towers with Radar,0,3,9,0,12,0,7,8,2,17,0,10,17,2,29,14,0,14,43
04/10/2020,APC,CA,AWP,WE,Towers with Radar,0,4,4,2,10,0,5,44,0,49,0,9,48,2,59,16,0,16,75
04/11/2020,APC,CA,AWP,WE,Towers with Radar,0,5,12,3,20,0,0,4,2,6,0,5,16,5,26,12,14,26,52
04/12/2020,APC,CA,AWP,WE,Towers with Radar,0,0,8,0,8,0,12,18,0,30,0,12,26,0,38,8,0,8,46
04/13/2020,APC,CA,AWP,WE,Towers with Radar,0,3,3,0,6,0,5,47,0,52,0,8,50,0,58,28,0,28,86
04/14/2020,APC,CA,AWP,WE,Towers with Radar,0,2,1,0,3,0,2,43,0,45,0,4,44,0,48,27,0,27,75
04/15/2020,APC,CA,AWP,WE,Towers with Radar,0,5,2,0,7,0,8,53,0,61,0,13,55,0,68,56,0,56,124
04/16/2020,APC,CA,AWP,WE,Towers with Radar,0,4,5,4,13,0,16,27,2,45,0,20,32,6,58,12,0,12,70
04/17/2020,APC,CA,AWP,WE,Towers with Radar,0,2,3,0,5,0,5,9,0,14,0,7,12,0,19,18,0,18,37
04/18/2020,APC,CA,AWP,WE,Towers with Radar,0,1,1,0,2,0,7,24,0,31,0,8,25,0,33,8,0,8,41
04/19/2020,APC,CA,AWP,WE,Towers with Radar,0,1,5,0,6,0,6,15,0,21,0,7,20,0,27,6,0,6,33
04/20/2020,APC,CA,AWP,WE,Towers with Radar,0,1,0,0,1,0,10,9,0,19,0,11,9,0,20,2,0,2,22
04/21/2020,APC,CA,AWP,WE,Towers with Radar,0,2,7,0,9,0,11,51,0,62,0,13,58,0,71,12,16,28,99
04/22/2020,APC,CA,AWP,WE,Towers with Radar,0,0,3,0,3,0,6,33,0,39,0,6,36,0,42,10,0,10,52
04/23/2020,APC,CA,AWP,WE,Towers with Radar,0,6,11,2,19,0,5,28,2,35,0,11,39,4,54,7,0,7,61
04/24/2020,APC,CA,AWP,WE,Towers with Radar,0,0,2,0,2,0,4,38,0,42,0,4,40,0,44,0,0,0,44
04/25/2020,APC,CA,AWP,WE,Towers with Radar,0,1,11,0,12,0,15,55,0,70,0,16,66,0,82,33,0,33,115
04/26/2020,APC,CA,AWP,WE,Towers with Radar,0,8,7,0,15,0,6,55,0,61,0,14,62,0,76,86,4,90,166
04/27/2020,APC,CA,AWP,WE,Towers with Radar,0,2,3,0,5,0,6,28,0,34,0,8,31,0,39,8,0,8,47
04/28/2020,APC,CA,AWP,WE,Towers with Radar,0,0,3,6,9,0,11,18,0,29,0,11,21,6,38,10,2,12,50
04/29/2020,APC,CA,AWP,WE,Towers with Radar,0,1,1,0,2,0,7,20,0,27,0,8,21,0,29,28,0,28,57
04/30/2020,APC,CA,AWP,WE,Towers with Radar,0,3,5,0,8,0,14,26,4,44,0,17,31,4,52,26,0,26,78
05/01/2020,APC,CA,AWP,WE,Towers with Radar,0,3,8,0,11,0,7,31,0,38,0,10,39,0,49,6,0,6,55
05/02/2020,APC,CA,AWP,WE,Towers with Radar,0,7,8,0,15,0,2,13,3,18,0,9,21,3,33,6,8,14,47
05/03/2020,APC,CA,AWP,WE,Towers with Radar,0,6,0,0,6,0,11,28,0,39,0,17,28,0,45,2,0,2,47
05/04/2020,APC,CA,AWP,WE,Towers with Radar,0,3,0,0,3,0,2,38,7,47,0,5,38,7,50,12,18,30,80
05/05/2020,APC,CA,AWP,WE,Towers with Radar,0,7,0,0,7,0,21,29,1,51,0,28,29,1,58,4,0,4,62
05/06/2020,APC,CA,AWP,WE,Towers with Radar,0,3,2,2,7,0,1,28,0,29,0,4,30,2,36,58,0,58,94
05/07/2020,APC,CA,AWP,WE,Towers with Radar,0,5,10,0,15,0,8,32,0,40,0,13,42,0,55,12,0,12,67
05/08/2020,APC,CA,AWP,WE,Towers with Radar,0,4,2,0,6,0,2,46,0,48,0,6,48,0,54,20,0,20,74
05/09/2020,APC,CA,AWP,WE,Towers with Radar,0,3,4,0,7,0,5,30,0,35,0,8,34,0,42,20,0,20,62
05/10/2020,APC,CA,AWP,WE,Towers with Radar,0,3,7,2,12,0,9,15,0,24,0,12,22,2,36,2,0,2,38
05/11/2020,APC,CA,AWP,WE,Towers with Radar,0,7,5,0,12,0,7,14,0,21,0,14,19,0,33,20,0,20,53
05/12/2020,APC,CA,AWP,WE,Towers with Radar,0,0,12,1,13,0,2,13,0,15,0,2,25,1,28,30,0,30,58
05/13/2020,APC,CA,AWP,WE,Towers with Radar,0,9,12,0,21,0,7,10,0,17,0,16,22,0,38,32,0,32,70
05/14/2020,APC,CA,AWP,WE,Towers with Radar,0,6,5,0,11,0,8,11,0,19,0,14,16,0,30,26,0,26,56
05/15/2020,APC,CA,AWP,WE,Towers with Radar,0,2,5,0,7,0,23,39,0,62,0,25,44,0,69,18,0,18,87
05/16/2020,APC,CA,AWP,WE,Towers with Radar,0,6,4,0,10,0,16,54,2,72,0,22,58,2,82,34,8,42,124
05/17/2020,APC,CA,AWP,WE,Towers with Radar,0,3,11,0,14,0,6,10,0,16,0,9,21,0,30,26,0,26,56
05/18/2020,APC,CA,AWP,WE,Towers with Radar,0,2,4,0,6,0,2,11,1,14,0,4,15,1,20,36,22,58,78
05/19/2020,APC,CA,AWP,WE,Towers with Radar,0,3,4,0,7,0,8,37,0,45,0,11,41,0,52,20,0,20,72
05/20/2020,APC,CA,AWP,WE,Towers with Radar,0,6,22,0,28,2,13,38,0,53,2,19,60,0,81,14,0,14,95
05/21/2020,APC,CA,AWP,WE,Towers with Radar,0,5,6,0,11,0,10,44,0,54,0,15,50,0,65,30,0,30,95
05/22/2020,APC,CA,AWP,WE,Towers with Radar,0,4,7,0,11,0,4,56,0,60,0,8,63,0,71,19,0,19,90
05/23/2020,APC,CA,AWP,WE,Towers with Radar,0,4,3,0,7,0,13,40,0,53,0,17,43,0,60,30,0,30,90
05/24/2020,APC,CA,AWP,WE,Towers with Radar,0,2,11,0,13,0,5,50,0,55,0,7,61,0,68,40,0,40,108
05/25/2020,APC,CA,AWP,WE,Towers with Radar,0,15,5,0,20,0,15,42,2,59,0,30,47,2,79,14,8,22,101
05/26/2020,APC,CA,AWP,WE,Towers with Radar,0,2,4,0,6,0,7,26,0,33,0,9,30,0,39,12,0,12,51
05/27/2020,APC,CA,AWP,WE,Towers with Radar,0,6,11,2,19,0,12,28,1,41,0,18,39,3,60,12,14,26,86
05/28/2020,APC,CA,AWP,WE,Towers with Radar,0,7,8,0,15,0,7,41,2,50,0,14,49,2,65,10,0,10,75
05/29/2020,APC,CA,AWP,WE,Towers with Radar,0,10,11,2,23,0,10,32,2,44,0,20,43,4,67,6,18,24,91
05/30/2020,APC,CA,AWP,WE,Towers with Radar,0,9,2,0,11,0,4,12,0,16,0,13,14,0,27,40,0,40,67
05/31/2020,APC,CA,AWP,WE,Towers with Radar,0,6,7,0,13,0,6,27,0,33,0,12,34,0,46,34,0,34,80
06/01/2020,APC,CA,AWP,WE,Towers with Radar,0,12,4,1,17,0,6,31,0,37,0,18,35,1,54,47,0,47,101
06/02/2020,APC,CA,AWP,WE,Towers with Radar,0,5,4,0,9,0,15,75,0,90,0,20,79,0,99,38,0,38,137
06/03/2020,APC,CA,AWP,WE,Towers with Radar,0,7,11,0,18,0,7,49,0,56,0,14,60,0,74,28,0,28,102
06/04/2020,APC,CA,AWP,WE,Towers with Radar,0,4,6,0,10,0,11,58,0,69,0,15,64,0,79,22,0,22,101
06/05/2020,APC,CA,AWP,WE,Towers with Radar,0,8,3,0,11,0,12,44,0,56,0,20,47,0,67,29,0,29,96
06/06/2020,APC,CA,AWP,WE,Towers with Radar,0,4,10,0,14,0,20,22,0,42,0,24,32,0,56,10,0,10,66
06/07/2020,APC,CA,AWP,WE,Towers with Radar,0,12,10,0,22,0,27,25,0,52,0,39,35,0,74,12,0,12,86
06/08/2020,APC,CA,AWP,WE,Towers with Radar,0,5,6,0,11,0,14,52,0,66,0,19,58,0,77,54,0,54,131
06/09/2020,APC,CA,AWP,WE,Towers with Radar,0,3,5,0,8,0,16,50,0,66,0,19,55,0,74,26,0,26,100
06/10/2020,APC,CA,AWP,WE,Towers with Radar,0,6,11,0,17,0,11,59,0,70,0,17,70,0,87,72,0,72,159
06/11/2020,APC,CA,AWP,WE,Towers with Radar,0,9,13,0,22,0,2,48,2,52,0,11,61,2,74,20,0,20,94
06/12/2020,APC,CA,AWP,WE,Towers with Radar,0,14,16,0,30,0,3,35,0,38,0,17,51,0,68,32,0,32,100
06/13/2020,APC,CA,AWP,WE,Towers with Radar,0,9,11,0,20,0,5,44,0,49,0,14,55,0,69,30,0,30,99
06/14/2020,APC,CA,AWP,WE,Towers with Radar,0,8,16,0,24,0,11,69,0,80,0,19,85,0,104,24,0,24,128
06/15/2020,APC,CA,AWP,WE,Towers with Radar,0,6,5,1,12,0,6,39,0,45,0,12,44,1,57,58,0,58,115
06/16/2020,APC,CA,AWP,WE,Towers with Radar,0,7,5,4,16,0,6,39,0,45,0,13,44,4,61,32,0,32,93
06/17/2020,APC,CA,AWP,WE,Towers with Radar,0,6,6,0,12,0,5,55,0,60,0,11,61,0,72,72,0,72,144
06/18/2020,APC,CA,AWP,WE,Towers with Radar,0,10,10,0,20,0,6,38,0,44,0,16,48,0,64,14,0,14,78
06/19/2020,APC,CA,AWP,WE,Towers with Radar,0,10,14,2,26,0,10,46,0,56,0,20,60,2,82,102,0,102,184
06/20/2020,APC,CA,AWP,WE,Towers with Radar,0,5,12,0,17,0,3,45,0,48,0,8,57,0,65,52,0,52,117
06/21/2020,APC,CA,AWP,WE,Towers with Radar,0,15,16,0,31,0,3,43,0,46,0,18,59,0,77,31,0,31,108
06/22/2020,APC,CA,AWP,WE,Towers with Radar,0,8,7,0,15,0,9,26,0,35,0,17,33,0,50,26,0,26,76
06/23/2020,APC,CA,AWP,WE,Towers with Radar,0,6,12,0,18,0,8,42,0,50,0,14,54,0,68,46,0,46,114
06/24/2020,APC,CA,AWP,WE,Towers with Radar,0,4,17,0,21,0,10,41,0,51,0,14,58,0,72,40,0,40,112
06/25/2020,APC,CA,AWP,WE,Towers with Radar,0,7,21,1,29,0,9,44,0,53,0,16,65,1,82,68,0,68,150
06/26/2020,APC,CA,AWP,WE,Towers with Radar,0,17,18,0,35,0,4,46,0,50,0,21,64,0,85,98,0,98,183
06/27/2020,APC,CA,AWP,WE,Towers with Radar,0,12,12,2,26,0,4,38,0,42,0,16,50,2,68,54,0,54,122
06/28/2020,APC,CA,AWP,WE,Towers with Radar,0,33,20,0,53,0,10,39,0,49,0,43,59,0,102,62,0,62,164
06/29/2020,APC,CA,AWP,WE,Towers with Radar,0,2,18,0,20,0,5,48,2,55,0,7,66,2,75,74,10,84,159
06/30/2020,APC,CA,AWP,WE,Towers with Radar,0,10,17,0,27,0,19,67,0,86,0,29,84,0,113,78,0,78,191
07/01/2020,APC,CA,AWP,WE,Towers with Radar,0,20,10,0,30,0,3,65,0,68,0,23,75,0,98,86,0,86,184
07/02/2020,APC,CA,AWP,WE,Towers with Radar,0,12,17,0,29,0,6,34,0,40,0,18,51,0,69,50,0,50,119
07/03/2020,APC,CA,AWP,WE,Towers with Radar,0,11,25,1,37,0,1,24,1,26,0,12,49,2,63,59,0,59,122
07/04/2020,APC,CA,AWP,WE,Towers with Radar,0,3,6,0,9,0,4,61,0,65,0,7,67,0,74,114,0,114,188
07/05/2020,APC,CA,AWP,WE,Towers with Radar,0,8,9,0,17,0,5,44,0,49,0,13,53,0,66,48,0,48,114
07/06/2020,APC,CA,AWP,WE,Towers with Radar,0,10,11,0,21,0,5,26,0,31,0,15,37,0,52,96,0,96,148
07/07/2020,APC,CA,AWP,WE,Towers with Radar,0,7,13,0,20,0,5,25,0,30,0,12,38,0,50,88,0,88,138
07/08/2020,APC,CA,AWP,WE,Towers with Radar,0,8,7,0,15,0,7,52,0,59,0,15,59,0,74,98,0,98,172
07/09/2020,APC,CA,AWP,WE,Towers with Radar,0,23,7,0,30,0,6,38,0,44,0,29,45,0,74,48,0,48,122
07/10/2020,APC,CA,AWP,WE,Towers with Radar,0,9,18,4,31,0,3,56,0,59,0,12,74,4,90,70,0,70,160
07/11/2020,APC,CA,AWP,WE,Towers with Radar,0,11,6,0,17,0,11,57,0,68,0,22,63,0,85,28,0,28,113
07/12/2020,APC,CA,AWP,WE,Towers with Radar,0,20,9,0,29,0,4,49,0,53,0,24,58,0,82,40,0,40,122
07/13/2020,APC,CA,AWP,WE,Towers with Radar,0,17,13,0,30,0,7,49,0,56,0,24,62,0,86,74,0,74,160
07/14/2020,APC,CA,AWP,WE,Towers with Radar,0,9,9,0,18,0,8,34,0,42,0,17,43,0,60,6,0,6,66
07/15/2020,APC,CA,AWP,WE,Towers with Radar,0,11,8,0,19,0,3,46,0,49,0,14,54,0,68,63,0,63,131
07/16/2020,APC,CA,AWP,WE,Towers with Radar,0,12,17,0,29,0,6,53,7,66,0,18,70,7,95,36,0,36,131
07/17/2020,APC,CA,AWP,WE,Towers with Radar,0,5,8,0,13,0,2,34,0,36,0,7,42,0,49,38,0,38,87
07/18/2020,APC,CA,AWP,WE,Towers with Radar,0,7,7,0,14,0,12,56,0,68,0,19,63,0,82,11,0,11,93
07/19/2020,APC,CA,AWP,WE,Towers with Radar,0,5,15,0,20,0,4,59,0,63,0,9,74,0,83,46,0,46,129
07/20/2020,APC,CA,AWP,WE,Towers with Radar,0,15,6,0,21,0,2,45,0,47,0,17,51,0,68,18,0,18,86
07/21/2020,APC,CA,AWP,WE,Towers with Radar,0,9,10,0,19,0,2,29,0,31,0,11,39,0,50,76,0,76,126
07/22/2020,APC,CA,AWP,WE,Towers with Radar,0,10,18,0,28,0,4,32,0,36,0,14,50,0,64,40,0,40,104
07/23/2020,APC,CA,AWP,WE,Towers with Radar,0,11,17,0,28,0,3,28,0,31,0,14,45,0,59,34,0,34,93
07/24/2020,APC,CA,AWP,WE,Towers with Radar,0,11,10,0,21,0,6,53,0,59,0,17,63,0,80,60,0,60,140
07/25/2020,APC,CA,AWP,WE,Towers with Radar,0,10,9,0,19,0,17,54,8,79,0,27,63,8,98,40,0,40,138
07/26/2020,APC,CA,AWP,WE,Towers with Radar,0,14,12,0,26,0,4,41,4,49,0,18,53,4,75,8,0,8,83
07/27/2020,APC,CA,AWP,WE,Towers with Radar,0,11,9,3,23,0,7,29,1,37,0,18,38,4,60,42,10,52,112
07/28/2020,APC,CA,AWP,WE,Towers with Radar,0,10,7,0,17,0,8,46,0,54,0,18,53,0,71,48,0,48,119
07/29/2020,APC,CA,AWP,WE,Towers with Radar,0,7,14,0,21,0,9,35,0,44,0,16,49,0,65,70,0,70,135
07/30/2020,APC,CA,AWP,WE,Towers with Radar,0,14,19,0,33,0,6,46,0,52,0,20,65,0,85,64,0,64,149
07/31/2020,APC,CA,AWP,WE,Towers with Radar,0,18,14,0,32,0,3,50,0,53,0,21,64,0,85,64,0,64,149
08/01/2020,APC,CA,AWP,WE,Towers with Radar,0,19,9,0,28,0,6,74,0,80,0,25,83,0,108,60,14,74,182
08/02/2020,APC,CA,AWP,WE,Towers with Radar,0,13,14,0,27,0,6,53,0,59,0,19,67,0,86,82,0,82,168
08/03/2020,APC,CA,AWP,WE,Towers with Radar,0,2,4,0,6,0,8,48,1,57,0,10,52,1,63,34,0,34,97
08/04/2020,APC,CA,AWP,WE,Towers with Radar,0,8,9,0,17,0,17,28,0,45,0,25,37,0,62,70,0,70,132
08/05/2020,APC,CA,AWP,WE,Towers with Radar,0,15,20,0,35,0,3,23,4,30,0,18,43,4,65,26,0,26,91
08/06/2020,APC,CA,AWP,WE,Towers with Radar,0,13,14,0,27,0,11,51,2,64,0,24,65,2,91,86,6,92,183
08/07/2020,APC,CA,AWP,WE,Towers with Radar,0,12,19,0,31,0,5,45,0,50,0,17,64,0,81,66,0,66,147
08/08/2020,APC,CA,AWP,WE,Towers with Radar,0,12,7,0,19,0,10,42,0,52,0,22,49,0,71,94,0,94,165
08/09/2020,APC,CA,AWP,WE,Towers with Radar,0,13,18,0,31,0,12,63,0,75,0,25,81,0,106,92,0,92,198
08/10/2020,APC,CA,AWP,WE,Towers with Radar,0,15,5,0,20,0,12,72,0,84,0,27,77,0,104,73,0,73,177
08/11/2020,APC,CA,AWP,WE,Towers with Radar,0,6,12,0,18,0,3,51,0,54,0,9,63,0,72,56,0,56,128
08/12/2020,APC,CA,AWP,WE,Towers with Radar,0,16,8,0,24,0,13,64,0,77,0,29,72,0,101,87,0,87,188
08/13/2020,APC,CA,AWP,WE,Towers with Radar,0,19,14,0,33,0,6,43,0,49,0,25,57,0,82,90,0,90,172
08/14/2020,APC,CA,AWP,WE,Towers with Radar,0,12,15,0,27,0,7,32,2,41,0,19,47,2,68,28,0,28,96
08/15/2020,APC,CA,AWP,WE,Towers with Radar,0,3,8,0,11,0,17,49,0,66,0,20,57,0,77,8,0,8,85
08/16/2020,APC,CA,AWP,WE,Towers with Radar,0,18,28,0,46,0,8,26,0,34,0,26,54,0,80,50,0,50,130
08/17/2020,APC,CA,AWP,WE,Towers with Radar,0,10,11,0,21,0,3,24,0,27,0,13,35,0,48,0,0,0,48
08/18/2020,APC,CA,AWP,WE,Towers with Radar,0,11,14,0,25,0,8,30,0,38,0,19,44,0,63,40,0,40,103
08/19/2020,APC,CA,AWP,WE,Towers with Radar,0,9,4,0,13,0,15,29,0,44,0,24,33,0,57,32,0,32,89
08/20/2020,APC,CA,AWP,WE,Towers with Radar,0,8,17,0,25,0,2,23,0,25,0,10,40,0,50,36,0,36,86
08/21/2020,APC,CA,AWP,WE,Towers with Radar,0,5,8,0,13,0,1,13,0,14,0,6,21,0,27,22,0,22,49
08/22/2020,APC,CA,AWP,WE,Towers with Radar,0,10,15,0,25,0,4,21,0,25,0,14,36,0,50,30,0,30,80
08/23/2020,APC,CA,AWP,WE,Towers with Radar,0,5,17,0,22,0,2,4,0,6,0,7,21,0,28,2,0,2,30
08/24/2020,APC,CA,AWP,WE,Towers with Radar,0,11,10,0,21,0,2,4,0,6,0,13,14,0,27,0,0,0,27
08/25/2020,APC,CA,AWP,WE,Towers with Radar,0,11,20,0,31,0,3,2,0,5,0,14,22,0,36,8,0,8,44
08/26/2020,APC,CA,AWP,WE,Towers with Radar,0,10,15,0,25,0,11,16,0,27,0,21,31,0,52,28,0,28,80
08/27/2020,APC,CA,AWP,WE,Towers with Radar,0,11,25,0,36,0,3,28,0,31,0,14,53,0,67,42,0,42,109
08/28/2020,APC,CA,AWP,WE,Towers with Radar,0,5,6,0,11,0,7,42,0,49,0,12,48,0,60,28,0,28,88
08/29/2020,APC,CA,AWP,WE,Towers with Radar,0,7,5,0,12,0,5,26,0,31,0,12,31,0,43,24,0,24,67
08/30/2020,APC,CA,AWP,WE,Towers with Radar,0,8,21,0,29,0,0,10,0,10,0,8,31,0,39,18,0,18,57
08/31/2020,APC,CA,AWP,WE,Towers with Radar,0,2,16,0,18,0,8,25,0,33,0,10,41,0,51,22,0,22,73
09/01/2020,APC,CA,AWP,WE,Towers with Radar,0,6,15,0,21,0,2,21,0,23,0,8,36,0,44,40,0,40,84
09/02/2020,APC,CA,AWP,WE,Towers with Radar,0,8,14,0,22,0,2,27,0,29,0,10,41,0,51,22,0,22,73
09/03/2020,APC,CA,AWP,WE,Towers with Radar,0,11,15,0,26,0,4,44,0,48,0,15,59,0,74,30,0,30,104
09/04/2020,APC,CA,AWP,WE,Towers with Radar,0,12,17,0,29,0,11,50,0,61,0,23,67,0,90,10,0,10,100
09/05/2020,APC,CA,AWP,WE,Towers with Radar,0,4,5,0,9,0,4,30,0,34,0,8,35,0,43,52,0,52,95
09/06/2020,APC,CA,AWP,WE,Towers with Radar,0,7,7,0,14,0,7,32,4,43,0,14,39,4,57,30,0,30,87
09/07/2020,APC,CA,AWP,WE,Towers with Radar,0,25,14,0,39,0,15,35,0,50,0,40,49,0,89,52,0,52,141
09/08/2020,APC,CA,AWP,WE,Towers with Radar,0,14,13,0,27,0,2,3,0,5,0,16,16,0,32,0,0,0,32
09/09/2020,APC,CA,AWP,WE,Towers with Radar,0,16,10,0,26,0,0,2,0,2,0,16,12,0,28,0,0,0,28
09/10/2020,APC,CA,AWP,WE,Towers with Radar,0,25,10,0,35,0,0,0,0,0,0,25,10,0,35,0,0,0,35
09/11/2020,APC,CA,AWP,WE,Towers with Radar,0,12,21,0,33,0,0,1,0,1,0,12,22,0,34,0,0,0,34
09/12/2020,APC,CA,AWP,WE,Towers with Radar,0,11,21,0,32,0,0,3,0,3,0,11,24,0,35,0,0,0,35
09/13/2020,APC,CA,AWP,WE,Towers with Radar,0,18,34,0,52,0,1,8,0,9,0,19,42,0,61,20,0,20,81
09/14/2020,APC,CA,AWP,WE,Towers with Radar,0,14,14,0,28,0,0,0,0,0,0,14,14,0,28,0,0,0,28
09/15/2020,APC,CA,AWP,WE,Towers with Radar,0,5,10,0,15,0,6,15,0,21,0,11,25,0,36,30,0,30,66
09/16/2020,APC,CA,AWP,WE,Towers with Radar,0,3,12,0,15,0,11,52,0,63,0,14,64,0,78,88,0,88,166
09/17/2020,APC,CA,AWP,WE,Towers with Radar,0,14,14,0,28,0,10,24,0,34,0,24,38,0,62,32,0,32,94
09/18/2020,APC,CA,AWP,WE,Towers with Radar,0,15,22,4,41,1,17,33,0,51,1,32,55,4,92,64,0,64,156
09/19/2020,APC,CA,AWP,WE,Towers with Radar,0,10,14,0,24,0,4,39,0,43,0,14,53,0,67,56,0,56,123
09/20/2020,APC,CA,AWP,WE,Towers with Radar,0,24,23,0,47,0,4,53,2,59,0,28,76,2,106,106,0,106,212
09/21/2020,APC,CA,AWP,WE,Towers with Radar,0,10,10,0,20,0,5,34,0,39,0,15,44,0,59,30,0,30,89
09/22/2020,APC,CA,AWP,WE,Towers with Radar,0,5,5,0,10,0,10,44,0,54,0,15,49,0,64,48,0,48,112
09/23/2020,APC,CA,AWP,WE,Towers with Radar,0,6,7,0,13,0,2,62,0,64,0,8,69,0,77,76,0,76,153
09/24/2020,APC,CA,AWP,WE,Towers with Radar,0,10,12,0,22,0,18,48,0,66,0,28,60,0,88,84,0,84,172
09/25/2020,APC,CA,AWP,WE,Towers with Radar,0,11,25,0,36,0,13,41,4,58,0,24,66,4,94,6,0,6,100
09/26/2020,APC,CA,AWP,WE,Towers with Radar,0,21,10,0,31,0,17,49,1,67,0,38,59,1,98,68,0,68,166
09/27/2020,APC,CA,AWP,WE,Towers with Radar,0,11,24,0,35,0,18,34,0,52,0,29,58,0,87,34,0,34,121
09/28/2020,APC,CA,AWP,WE,Towers with Radar,0,9,14,0,23,0,11,44,0,55,0,20,58,0,78,14,0,14,92
09/29/2020,APC,CA,AWP,WE,Towers with Radar,0,22,4,0,26,0,4,26,6,36,0,26,30,6,62,54,0,54,116
09/30/2020,APC,CA,AWP,WE,Towers with Radar,0,11,22,0,33,0,0,16,0,16,0,11,38,0,49,0,0,0,49
10/01/2020,APC,CA,AWP,WE,Towers with Radar,0,13,8,0,21,0,2,6,0,8,0,15,14,0,29,0,0,0,29
10/02/2020,APC,CA,AWP,WE,Towers with Radar,0,7,17,1,25,0,0,0,0,0,0,7,17,1,25,0,0,0,25
10/03/2020,APC,CA,AWP,WE,Towers with Radar,0,5,10,0,15,0,7,13,0,20,0,12,23,0,35,26,0,26,61
10/04/2020,APC,CA,AWP,WE,Towers with Radar,0,7,10,0,17,0,9,53,4,66,0,16,63,4,83,110,0,110,193
10/05/2020,APC,CA,AWP,WE,Towers with Radar,0,3,8,0,11,0,4,37,0,41,0,7,45,0,52,48,0,48,100
10/06/2020,APC,CA,AWP,WE,Towers with Radar,0,9,7,0,16,0,8,34,0,42,0,17,41,0,58,36,0,36,94
10/07/2020,APC,CA,AWP,WE,Towers with Radar,0,7,10,0,17,0,7,44,3,54,0,14,54,3,71,100,22,122,193
10/08/2020,APC,CA,AWP,WE,Towers with Radar,0,9,17,0,26,0,8,23,0,31,0,17,40,0,57,54,0,54,111
10/09/2020,APC,CA,AWP,WE,Towers with Radar,0,9,16,0,25,0,6,25,8,39,0,15,41,8,64,32,32,64,128
10/10/2020,APC,CA,AWP,WE,Towers with Radar,0,11,14,0,25,0,4,12,0,16,0,15,26,0,41,54,0,54,95
10/11/2020,APC,CA,AWP,WE,Towers with Radar,0,15,12,0,27,0,12,89,0,101,0,27,101,0,128,92,0,92,220
10/12/2020,APC,CA,AWP,WE,Towers with Radar,0,10,26,0,36,0,14,68,0,82,0,24,94,0,118,152,0,152,270
10/13/2020,APC,CA,AWP,WE,Towers with Radar,0,5,6,0,11,0,9,77,2,88,0,14,83,2,99,120,0,120,219
10/14/2020,APC,CA,AWP,WE,Towers with Radar,0,10,8,0,18,0,11,68,0,79,0,21,76,0,97,98,0,98,195
10/15/2020,APC,CA,AWP,WE,Towers with Radar,0,13,26,0,39,0,9,74,2,85,0,22,100,2,124,66,0,66,190
10/16/2020,APC,CA,AWP,WE,Towers with Radar,0,17,27,0,44,0,7,65,0,72,0,24,92,0,116,98,0,98,214
10/17/2020,APC,CA,AWP,WE,Towers with Radar,0,10,15,0,25,0,11,62,0,73,0,21,77,0,98,76,0,76,174
10/18/2020,APC,CA,AWP,WE,Towers with Radar,0,17,29,0,46,0,9,70,0,79,0,26,99,0,125,72,0,72,197
10/19/2020,APC,CA,AWP,WE,Towers with Radar,0,8,14,0,22,0,21,54,0,75,0,29,68,0,97,114,0,114,211
10/20/2020,APC,CA,AWP,WE,Towers with Radar,0,7,3,0,10,0,22,65,0,87,0,29,68,0,97,92,0,92,189
10/21/2020,APC,CA,AWP,WE,Towers with Radar,0,7,11,0,18,0,11,71,0,82,0,18,82,0,100,158,0,158,258
10/22/2020,APC,CA,AWP,WE,Towers with Radar,0,9,25,1,35,0,7,42,0,49,0,16,67,1,84,138,0,138,222
10/23/2020,APC,CA,AWP,WE,Towers with Radar,0,16,28,0,44,0,6,48,0,54,0,22,76,0,98,84,0,84,182
10/24/2020,APC,CA,AWP,WE,Towers with Radar,0,10,33,0,43,0,1,27,0,28,0,11,60,0,71,64,0,64,135
10/25/2020,APC,CA,AWP,WE,Towers with Radar,0,12,22,0,34,0,12,36,0,48,0,24,58,0,82,47,0,47,129
10/26/2020,APC,CA,AWP,WE,Towers with Radar,0,6,8,0,14,0,4,20,0,24,0,10,28,0,38,54,0,54,92
10/27/2020,APC,CA,AWP,WE,Towers with Radar,0,13,6,0,19,0,8,45,0,53,0,21,51,0,72,62,0,62,134
10/28/2020,APC,CA,AWP,WE,Towers with Radar,0,9,9,0,18,0,6,71,0,77,0,15,80,0,95,82,0,82,177
10/29/2020,APC,CA,AWP,WE,Towers with Radar,0,13,11,0,24,0,10,80,0,90,0,23,91,0,114,118,0,118,232
10/30/2020,APC,CA,AWP,WE,Towers with Radar,0,11,13,0,24,0,7,80,8,95,0,18,93,8,119,78,0,78,197
10/31/2020,APC,CA,AWP,WE,Towers with Radar,0,7,11,0,18,0,14,66,2,82,0,21,77,2,100,60,2,62,162
11/01/2020,APC,CA,AWP,WE,Towers with Radar,0,8,6,0,14,0,10,66,0,76,0,18,72,0,90,64,0,64,154
11/02/2020,APC,CA,AWP,WE,Towers with Radar,0,9,5,0,14,0,17,43,0,60,0,26,48,0,74,80,0,80,154
11/03/2020,APC,CA,AWP,WE,Towers with Radar,0,6,5,0,11,0,11,45,0,56,0,17,50,0,67,82,0,82,149
11/04/2020,APC,CA,AWP,WE,Towers with Radar,0,6,10,0,16,0,16,59,0,75,0,22,69,0,91,46,0,46,137
11/05/2020,APC,CA,AWP,WE,Towers with Radar,0,20,18,0,38,0,8,74,0,82,0,28,92,0,120,78,0,78,198
11/06/2020,APC,CA,AWP,WE,Towers with Radar,0,17,11,0,28,0,15,33,1,49,0,32,44,1,77,72,12,84,161
11/07/2020,APC,CA,AWP,WE,Towers with Radar,0,10,11,0,21,0,10,54,2,66,0,20,65,2,87,84,10,94,181
11/08/2020,APC,CA,AWP,WE,Towers with Radar,0,24,16,0,40,0,5,37,0,42,0,29,53,0,82,22,0,22,104
11/09/2020,APC,CA,AWP,WE,Towers with Radar,0,17,14,0,31,0,8,61,17,86,0,25,75,17,117,142,0,142,259
11/10/2020,APC,CA,AWP,WE,Towers with Radar,0,9,7,3,19,0,39,62,3,104,0,48,69,6,123,70,10,80,203
11/11/2020,APC,CA,AWP,WE,Towers with Radar,0,6,22,0,28,0,29,53,0,82,0,35,75,0,110,76,0,76,186
11/12/2020,APC,CA,AWP,WE,Towers with Radar,0,20,17,0,37,0,14,62,0,76,0,34,79,0,113,80,0,80,193
11/13/2020,APC,CA,AWP,WE,Towers with Radar,0,19,28,0,47,0,1,6,4,11,0,20,34,4,58,44,0,44,102
11/14/2020,APC,CA,AWP,WE,Towers with Radar,0,11,12,0,23,0,4,48,0,52,0,15,60,0,75,46,0,46,121
11/15/2020,APC,CA,AWP,WE,Towers with Radar,0,18,21,0,39,0,6,84,0,90,0,24,105,0,129,122,0,122,251
11/16/2020,APC,CA,AWP,WE,Towers with Radar,0,21,8,0,29,0,7,55,5,67,0,28,63,5,96,82,20,102,198
11/17/2020,APC,CA,AWP,WE,Towers with Radar,0,8,6,2,16,0,0,10,0,10,0,8,16,2,26,0,0,0,26
11/18/2020,APC,CA,AWP,WE,Towers with Radar,0,18,16,0,34,0,3,27,6,36,0,21,43,6,70,58,4,62,132
11/19/2020,APC,CA,AWP,WE,Towers with Radar,0,16,20,0,36,0,8,42,0,50,0,24,62,0,86,52,0,52,138
11/20/2020,APC,CA,AWP,WE,Towers with Radar,0,20,15,0,35,0,8,87,0,95,0,28,102,0,130,122,0,122,252
11/21/2020,APC,CA,AWP,WE,Towers with Radar,0,20,8,0,28,0,11,77,0,88,0,31,85,0,116,122,0,122,238
11/22/2020,APC,CA,AWP,WE,Towers with Radar,0,14,14,0,28,0,11,79,0,90,0,25,93,0,118,112,0,112,230
11/23/2020,APC,CA,AWP,WE,Towers with Radar,0,11,9,0,20,0,10,61,2,73,0,21,70,2,93,98,10,108,201
11/24/2020,APC,CA,AWP,WE,Towers with Radar,0,7,17,0,24,0,11,74,2,87,0,18,91,2,111,176,0,176,287
11/25/2020,APC,CA,AWP,WE,Towers with Radar,0,13,16,0,29,0,7,42,0,49,0,20,58,0,78,84,0,84,162
11/26/2020,APC,CA,AWP,WE,Towers with Radar,0,5,3,0,8,0,13,19,0,32,0,18,22,0,40,8,0,8,48
11/27/2020,APC,CA,AWP,WE,Towers with Radar,0,14,14,0,28,0,8,70,0,78,0,22,84,0,106,28,0,28,134
11/28/2020,APC,CA,AWP,WE,Towers with Radar,0,16,20,0,36,0,14,73,3,90,0,30,93,3,126,110,4,114,240
11/29/2020,APC,CA,AWP,WE,Towers with Radar,0,24,20,0,44,0,12,73,2,87,0,36,93,2,131,68,12,80,211
11/30/2020,APC,CA,AWP,WE,Towers with Radar,0,5,20,0,25,0,15,83,2,100,0,20,103,2,125,104,20,124,249
12/01/2020,APC,CA,AWP,WE,Towers with Radar,0,10,11,0,21,0,15,74,2,91,0,25,85,2,112,148,10,158,270
12/02/2020,APC,CA,AWP,WE,Towers with Radar,0,8,8,0,16,0,11,59,2,72,0,19,67,2,88,44,0,44,132
12/03/2020,APC,CA,AWP,WE,Towers with Radar,0,3,16,0,19,0,10,54,2,66,0,13,70,2,85,70,6,76,161
12/04/2020,APC,CA,AWP,WE,Towers with Radar,0,11,15,2,28,0,7,75,5,87,0,18,90,7,115,108,16,124,239
12/05/2020,APC,CA,AWP,WE,Towers with Radar,0,7,3,0,10,0,14,54,0,68,0,21,57,0,78,98,0,98,176
12/06/2020,APC,CA,AWP,WE,Towers with Radar,0,3,22,0,25,0,9,52,0,61,0,12,74,0,86,42,0,42,128
12/07/2020,APC,CA,AWP,WE,Towers with Radar,0,11,5,3,19,0,17,29,4,50,0,28,34,7,69,40,20,60,129
12/08/2020,APC,CA,AWP,WE,Towers with Radar,0,8,6,0,14,0,10,61,2,73,0,18,67,2,87,92,0,92,179
12/09/2020,APC,CA,AWP,WE,Towers with Radar,0,14,8,0,22,0,19,68,2,89,0,33,76,2,111,76,20,96,207
12/10/2020,APC,CA,AWP,WE,Towers with Radar,0,16,8,0,24,0,9,57,0,66,0,25,65,0,90,122,0,122,212
12/11/2020,APC,CA,AWP,WE,Towers with Radar,0,11,12,0,23,0,11,29,0,40,0,22,41,0,63,92,0,92,155
12/12/2020,APC,CA,AWP,WE,Towers with Radar,0,2,13,0,15,0,5,20,0,25,0,7,33,0,40,52,0,52,92
12/13/2020,APC,CA,AWP,WE,Towers with Radar,0,8,17,0,25,0,1,0,0,1,0,9,17,0,26,0,0,0,26
12/14/2020,APC,CA,AWP,WE,Towers with Radar,0,7,10,0,17,0,12,43,0,55,0,19,53,0,72,66,0,66,138
12/15/2020,APC,CA,AWP,WE,Towers with Radar,0,3,11,0,14,0,12,74,0,86,0,15,85,0,100,129,0,129,229
12/16/2020,APC,CA,AWP,WE,Towers with Radar,0,2,11,0,13,0,11,32,0,43,0,13,43,0,56,70,0,70,126
12/17/2020,APC,CA,AWP,WE,Towers with Radar,0,7,12,0,19,0,12,30,0,42,0,19,42,0,61,90,0,90,151
12/18/2020,APC,CA,AWP,WE,Towers with Radar,0,7,9,0,16,0,13,62,0,75,0,20,71,0,91,172,0,172,263
12/19/2020,APC,CA,AWP,WE,Towers with Radar,0,13,5,0,18,0,11,62,0,73,0,24,67,0,91,104,0,104,195
12/20/2020,APC,CA,AWP,WE,Towers with Radar,0,7,10,0,17,0,7,66,2,75,0,14,76,2,92,120,16,136,228
12/21/2020,APC,CA,AWP,WE,Towers with Radar,0,11,11,0,22,0,4,52,0,56,0,15,63,0,78,76,0,76,154
12/22/2020,APC,CA,AWP,WE,Towers with Radar,0,14,15,0,29,0,15,40,0,55,0,29,55,0,84,66,0,66,150
12/23/2020,APC,CA,AWP,WE,Towers with Radar,0,13,12,0,25,0,3,43,0,46,0,16,55,0,71,28,0,28,99
12/24/2020,APC,CA,AWP,WE,Towers with Radar,0,3,3,0,6,0,7,23,0,30,0,10,26,0,36,22,0,22,58
12/25/2020,APC,CA,AWP,WE,Towers with Radar,0,7,1,0,8,0,4,2,0,6,0,11,3,0,14,0,0,0,14
12/26/2020,APC,CA,AWP,WE,Towers with Radar,0,6,16,0,22,0,8,38,0,46,0,14,54,0,68,30,0,30,98
12/27/2020,APC,CA,AWP,WE,Towers with Radar,0,7,7,0,14,0,11,62,1,74,0,18,69,1,88,86,0,86,174
12/28/2020,APC,CA,AWP,WE,Towers with Radar,0,8,11,0,19,0,8,20,0,28,0,16,31,0,47,36,0,36,83
12/29/2020,APC,CA,AWP,WE,Towers with Radar,0,4,14,0,18,0,13,62,0,75,0,17,76,0,93,62,0,62,155
12/30/2020,APC,CA,AWP,WE,Towers with Radar,0,8,6,0,14,0,15,39,0,54,0,23,45,0,68,74,0,74,142
12/31/2020,APC,CA,AWP,WE,Towers with Radar,0,5,5,0,10,0,11,30,0,41,0,16,35,0,51,48,0,48,99
01/01/2021,APC,CA,AWP,WE,Towers with Radar,0,6,7,0,13,0,6,62,0,68,0,12,69,0,81,32,0,32,113
01/02/2021,APC,CA,AWP,WE,Towers with Radar,0,6,16,0,22,0,0,0,0,0,0,6,16,0,22,2,0,2,24
01/03/2021,APC,CA,AWP,WE,Towers with Radar,0,11,21,0,32,0,3,0,0,3,0,14,21,0,35,0,0,0,35
01/04/2021,APC,CA,AWP,WE,Towers with Radar,0,2,11,2,15,0,0,5,2,7,0,2,16,4,22,26,2,28,50
01/05/2021,APC,CA,AWP,WE,Towers with Radar,0,3,11,0,14,0,7,57,0,64,0,10,68,0,78,22,0,22,100
01/06/2021,APC,CA,AWP,WE,Towers with Radar,0,5,6,0,11,0,6,25,3,34,0,11,31,3,45,20,22,42,87
01/07/2021,APC,CA,AWP,WE,Towers with Radar,0,10,14,0,24,0,6,42,0,48,0,16,56,0,72,78,0,78,150
01/08/2021,APC,CA,AWP,WE,Towers with Radar,0,10,7,0,17,0,4,42,0,46,0,14,49,0,63,76,0,76,139
01/09/2021,APC,CA,AWP,WE,Towers with Radar,0,2,5,0,7,0,6,64,0,70,0,8,69,0,77,68,0,68,145
01/10/2021,APC,CA,AWP,WE,Towers with Radar,0,15,12,0,27,0,8,14,2,24,0,23,26,2,51,26,22,48,99
01/11/2021,APC,CA,AWP,WE,Towers with Radar,0,4,6,0,10,0,7,50,2,59,0,11,56,2,69,56,32,88,157
01/12/2021,APC,CA,AWP,WE,Towers with Radar,0,7,14,2,23,0,13,25,0,38,0,20,39,2,61,68,2,70,131
01/13/2021,APC,CA,AWP,WE,Towers with Radar,0,5,16,0,21,0,7,29,0,36,0,12,45,0,57,24,0,24,81
01/14/2021,APC,CA,AWP,WE,Towers with Radar,0,11,10,0,21,0,20,17,2,39,0,31,27,2,60,28,22,50,110
01/15/2021,APC,CA,AWP,WE,Towers with Radar,0,8,7,0,15,0,3,54,0,57,0,11,61,0,72,74,0,74,146
01/16/2021,APC,CA,AWP,WE,Towers with Radar,0,8,5,0,13,0,14,69,0,83,0,22,74,0,96,82,0,82,178
01/17/2021,APC,CA,AWP,WE,Towers with Radar,0,4,6,0,10,0,15,71,0,86,0,19,77,0,96,202,0,202,298
01/18/2021,APC,CA,AWP,WE,Towers with Radar,0,14,11,0,25,0,10,17,2,29,0,24,28,2,54,0,28,28,82
01/19/2021,APC,CA,AWP,WE,Towers with Radar,0,8,6,0,14,0,1,1,0,2,0,9,7,0,16,0,0,0,16
01/20/2021,APC,CA,AWP,WE,Towers with Radar,0,4,11,0,15,0,15,58,0,73,0,19,69,0,88,32,0,32,120
01/21/2021,APC,CA,AWP,WE,Towers with Radar,0,13,8,2,23,0,12,57,2,71,0,25,65,4,94,88,14,102,196
01/22/2021,APC,CA,AWP,WE,Towers with Radar,0,11,15,0,26,0,3,7,2,12,0,14,22,2,38,38,6,44,82
01/23/2021,APC,CA,AWP,WE,Towers with Radar,0,4,16,0,20,0,14,91,0,105,0,18,107,0,125,64,0,64,189
01/24/2021,APC,CA,AWP,WE,Towers with Radar,0,5,9,0,14,0,6,4,0,10,0,11,13,0,24,32,0,32,56
01/25/2021,APC,CA,AWP,WE,Towers with Radar,0,11,6,0,17,0,25,46,4,75,0,36,52,4,92,38,38,76,168
01/26/2021,APC,CA,AWP,WE,Towers with Radar,0,5,4,0,9,0,5,23,0,28,0,10,27,0,37,38,0,38,75
01/27/2021,APC,CA,AWP,WE,Towers with Radar,0,11,5,0,16,0,3,10,4,17,0,14,15,4,33,18,18,36,69
01/28/2021,APC,CA,AWP,WE,Towers with Radar,0,7,5,0,12,0,2,5,10,17,0,9,10,10,29,38,0,38,67
01/29/2021,APC,CA,AWP,WE,Towers with Radar,0,3,11,0,14,0,4,30,0,34,0,7,41,0,48,64,0,64,112
01/30/2021,APC,CA,AWP,WE,Towers with Radar,0,7,16,0,23,0,5,72,1,78,0,12,88,1,101,74,0,74,175
01/31/2021,APC,CA,AWP,WE,Towers with Radar,0,6,10,0,16,0,5,78,0,83,0,11,88,0,99,108,0,108,207
02/01/2021,APC,CA,AWP,WE,Towers with Radar,0,5,5,1,11,4,6,23,1,34,4,11,28,2,45,20,0,20,65
02/02/2021,APC,CA,AWP,WE,Towers with Radar,0,5,20,0,25,0,7,41,0,48,0,12,61,0,73,6,0,6,79
02/03/2021,APC,CA,AWP,WE,Towers with Radar,0,3,16,0,19,0,9,34,0,43,0,12,50,0,62,60,0,60,122
02/04/2021,APC,CA,AWP,WE,Towers with Radar,0,7,12,0,19,0,14,80,0,94,0,21,92,0,113,98,0,98,211
02/05/2021,APC,CA,AWP,WE,Towers with Radar,0,6,10,0,16,0,18,80,2,100,0,24,90,2,116,64,14,78,194
02/06/2021,APC,CA,AWP,WE,Towers with Radar,0,9,7,1,17,0,20,64,2,86,0,29,71,3,103,72,8,80,183
02/07/2021,APC,CA,AWP,WE,Towers with Radar,0,11,6,0,17,0,13,95,0,108,0,24,101,0,125,82,0,82,207
02/08/2021,APC,CA,AWP,WE,Towers with Radar,0,11,11,0,22,0,9,58,0,67,0,20,69,0,89,50,0,50,139
02/09/2021,APC,CA,AWP,WE,Towers with Radar,0,7,13,0,20,0,14,66,2,82,0,21,79,2,102,51,0,51,153
02/10/2021,APC,CA,AWP,WE,Towers with Radar,0,14,11,2,27,0,20,86,2,108,0,34,97,4,135,170,0,170,305
02/11/2021,APC,CA,AWP,WE,Towers with Radar,0,17,17,0,34,0,7,29,0,36,0,24,46,0,70,34,0,34,104
02/12/2021,APC,CA,AWP,WE,Towers with Radar,0,8,18,5,31,0,7,88,2,97,0,15,106,7,128,86,0,86,214
02/13/2021,APC,CA,AWP,WE,Towers with Radar,0,6,6,0,12,0,12,21,0,33,0,18,27,0,45,18,0,18,63
02/14/2021,APC,CA,AWP,WE,Towers with Radar,0,16,8,0,24,0,12,40,0,52,0,28,48,0,76,52,0,52,128
02/15/2021,APC,CA,AWP,WE,Towers with Radar,0,8,29,0,37,0,5,9,0,14,0,13,38,0,51,16,0,16,67
02/16/2021,APC,CA,AWP,WE,Towers with Radar,0,9,11,0,20,0,16,79,2,97,0,25,90,2,117,106,0,106,223
02/17/2021,APC,CA,AWP,WE,Towers with Radar,0,13,10,0,23,0,7,88,0,95,0,20,98,0,118,44,0,44,162
02/18/2021,APC,CA,AWP,WE,Towers with Radar,0,18,16,0,34,0,12,45,0,57,0,30,61,0,91,33,0,33,124
02/19/2021,APC,CA,AWP,WE,Towers with Radar,0,18,23,6,47,0,4,5,0,9,0,22,28,6,56,40,0,40,96
02/20/2021,APC,CA,AWP,WE,Towers with Radar,0,4,9,0,13,0,1,74,8,83,0,5,83,8,96,56,0,56,152
02/21/2021,APC,CA,AWP,WE,Towers with Radar,0,34,12,0,46,0,21,82,0,103,0,55,94,0,149,102,0,102,251
02/22/2021,APC,CA,AWP,WE,Towers with Radar,0,4,14,0,18,0,16,83,0,99,0,20,97,0,117,156,0,156,273
02/23/2021,APC,CA,AWP,WE,Towers with Radar,0,10,15,0,25,0,13,49,0,62,0,23,64,0,87,134,0,134,221
02/24/2021,APC,CA,AWP,WE,Towers with Radar,0,7,13,0,20,0,11,41,0,52,0,18,54,0,72,104,0,104,176
02/25/2021,APC,CA,AWP,WE,Towers with Radar,0,17,18,0,35,0,6,61,0,67,0,23,79,0,102,26,0,26,128
02/26/2021,APC,CA,AWP,WE,Towers with Radar,0,10,14,0,24,0,11,94,8,113,0,21,108,8,137,90,0,90,227
02/27/2021,APC,CA,AWP,WE,Towers with Radar,0,11,13,0,24,0,13,79,0,92,0,24,92,0,116,56,0,56,172
02/28/2021,APC,CA,AWP,WE,Towers with Radar,0,18,21,0,39,0,11,85,0,96,0,29,106,0,135,118,0,118,253
03/01/2021,APC,CA,AWP,WE,Towers with Radar,0,11,5,0,16,0,11,72,0,83,0,22,77,0,99,104,0,104,203
03/02/2021,APC,CA,AWP,WE,Towers with Radar,0,11,8,0,19,0,14,71,0,85,0,25,79,0,104,176,0,176,280
03/03/2021,APC,CA,AWP,WE,Towers with Radar,0,21,14,0,35,0,9,80,4,93,0,30,94,4,128,146,14,160,288
03/04/2021,APC,CA,AWP,WE,Towers with Radar,0,16,19,0,35,0,6,72,0,78,0,22,91,0,113,112,0,112,225
03/05/2021,APC,CA,AWP,WE,Towers with Radar,0,19,22,0,41,0,25,77,2,104,0,44,99,2,145,134,12,146,291
03/06/2021,APC,CA,AWP,WE,Towers with Radar,0,18,9,0,27,0,17,76,0,93,0,35,85,0,120,130,0,130,250
03/07/2021,APC,CA,AWP,WE,Towers with Radar,0,22,27,0,49,0,16,128,0,144,0,38,155,0,193,90,0,90,283
03/08/2021,APC,CA,AWP,WE,Towers with Radar,0,8,10,0,18,0,15,37,0,52,0,23,47,0,70,62,0,62,132
03/09/2021,APC,CA,AWP,WE,Towers with Radar,0,7,15,0,22,0,17,4,2,23,0,24,19,2,45,54,12,66,111
03/10/2021,APC,CA,AWP,WE,Towers with Radar,0,10,5,0,15,0,2,9,0,11,0,12,14,0,26,30,0,30,56
03/11/2021,APC,CA,AWP,WE,Towers with Radar,0,8,10,0,18,0,9,54,0,63,0,17,64,0,81,150,0,150,231
03/12/2021,APC,CA,AWP,WE,Towers with Radar,0,19,21,0,40,0,12,77,5,94,0,31,98,5,134,137,2,139,273
03/13/2021,APC,CA,AWP,WE,Towers with Radar,0,14,11,0,25,0,6,59,0,65,0,20,70,0,90,87,0,87,177
03/14/2021,APC,CA,AWP,WE,Towers with Radar,0,19,24,0,43,0,9,21,0,30,0,28,45,0,73,120,0,120,193
03/15/2021,APC,CA,AWP,WE,Towers with Radar,0,15,9,2,26,0,16,37,0,53,0,31,46,2,79,56,0,56,135
03/16/2021,APC,CA,AWP,WE,Towers with Radar,0,24,12,0,36,0,13,75,0,88,0,37,87,0,124,144,0,144,268
03/17/2021,APC,CA,AWP,WE,Towers with Radar,0,16,7,0,23,0,16,48,4,68,0,32,55,4,91,64,26,90,181
03/18/2021,APC,CA,AWP,WE,Towers with Radar,0,34,26,0,60,0,0,2,0,2,0,34,28,0,62,0,0,0,62
03/19/2021,APC,CA,AWP,WE,Towers with Radar,0,10,26,0,36,0,8,33,0,41,0,18,59,0,77,120,0,120,197
03/20/2021,APC,CA,AWP,WE,Towers with Radar,0,12,23,0,35,0,9,80,0,89,0,21,103,0,124,116,0,116,240
03/21/2021,APC,CA,AWP,WE,Towers with Radar,0,23,20,0,43,0,17,73,0,90,0,40,93,0,133,88,0,88,221
03/22/2021,APC,CA,AWP,WE,Towers with Radar,0,3,14,0,17,0,9,68,0,77,0,12,82,0,94,66,0,66,160
03/23/2021,APC,CA,AWP,WE,Towers with Radar,0,4,9,0,13,0,22,30,0,52,0,26,39,0,65,76,0,76,141
03/24/2021,APC,CA,AWP,WE,Towers with Radar,0,10,9,0,19,0,15,89,0,104,0,25,98,0,123,198,0,198,321
03/25/2021,APC,CA,AWP,WE,Towers with Radar,0,11,13,0,24,0,9,81,0,90,0,20,94,0,114,124,0,124,238
03/26/2021,APC,CA,AWP,WE,Towers with Radar,0,20,15,0,35,0,7,55,0,62,0,27,70,0,97,80,2,82,179
03/27/2021,APC,CA,AWP,WE,Towers with Radar,0,7,17,0,24,0,18,122,2,142,0,25,139,2,166,207,10,217,383
03/28/2021,APC,CA,AWP,WE,Towers with Radar,0,19,10,0,29,0,28,103,0,131,0,47,113,0,160,198,0,198,358
03/29/2021,APC,CA,AWP,WE,Towers with Radar,0,10,5,0,15,0,8,97,0,105,0,18,102,0,120,111,0,111,231
03/30/2021,APC,CA,AWP,WE,Towers with Radar,0,12,8,0,20,0,27,65,0,92,0,39,73,0,112,78,0,78,190
03/31/2021,APC,CA,AWP,WE,Towers with Radar,0,17,16,0,33,0,26,81,0,107,0,43,97,0,140,84,0,84,224
04/01/2021,APC,CA,AWP,WE,Towers with Radar,0,16,25,1,42,0,19,66,2,87,0,35,91,3,129,72,0,72,201
04/02/2021,APC,CA,AWP,WE,Towers with Radar,0,24,21,0,45,0,12,67,0,79,0,36,88,0,124,142,0,142,266
04/03/2021,APC,CA,AWP,WE,Towers with Radar,0,14,22,0,36,0,17,56,5,78,0,31,78,5,114,20,0,20,134
04/04/2021,APC,CA,AWP,WE,Towers with Radar,0,18,18,0,36,0,21,48,0,69,0,39,66,0,105,60,0,60,165
04/05/2021,APC,CA,AWP,WE,Towers with Radar,0,23,21,0,44,0,8,34,0,42,0,31,55,0,86,110,0,110,196
04/06/2021,APC,CA,AWP,WE,Towers with Radar,0,12,20,0,32,0,11,48,0,59,0,23,68,0,91,58,0,58,149
04/07/2021,APC,CA,AWP,WE,Towers with Radar,0,12,20,0,32,0,13,44,2,59,0,25,64,2,91,99,6,105,196
04/08/2021,APC,CA,AWP,WE,Towers with Radar,0,19,21,0,40,0,12,76,2,90,0,31,97,2,130,92,8,100,230
04/09/2021,APC,CA,AWP,WE,Towers with Radar,0,20,11,0,31,0,4,79,0,83,0,24,90,0,114,114,0,114,228
04/10/2021,APC,CA,AWP,WE,Towers with Radar,0,18,15,0,33,0,12,70,0,82,0,30,85,0,115,92,0,92,207
04/11/2021,APC,CA,AWP,WE,Towers with Radar,0,23,23,0,46,0,14,90,0,104,0,37,113,0,150,132,0,132,282
04/12/2021,APC,CA,AWP,WE,Towers with Radar,0,18,23,3,44,0,6,74,3,83,0,24,97,6,127,90,0,90,217
04/13/2021,APC,CA,AWP,WE,Towers with Radar,0,9,8,0,17,0,12,59,0,71,0,21,67,0,88,86,0,86,174
04/14/2021,APC,CA,AWP,WE,Towers with Radar,0,14,21,0,35,0,10,72,0,82,0,24,93,0,117,108,0,108,225
04/15/2021,APC,CA,AWP,WE,Towers with Radar,0,20,18,0,38,0,12,51,0,63,0,32,69,0,101,84,0,84,185
04/16/2021,APC,CA,AWP,WE,Towers with Radar,0,24,22,0,46,0,10,64,0,74,0,34,86,0,120,36,2,38,158
04/17/2021,APC,CA,AWP,WE,Towers with Radar,0,7,10,0,17,0,9,64,0,73,0,16,74,0,90,60,0,60,150
04/18/2021,APC,CA,AWP,WE,Towers with Radar,0,27,18,0,45,0,23,94,0,117,0,50,112,0,162,148,0,148,310
04/19/2021,APC,CA,AWP,WE,Towers with Radar,0,9,9,0,18,0,11,66,0,77,0,20,75,0,95,64,0,64,159
04/20/2021,APC,CA,AWP,WE,Towers with Radar,0,4,2,0,6,0,8,36,0,44,0,12,38,0,50,107,0,107,157
04/21/2021,APC,CA,AWP,WE,Towers with Radar,0,14,19,0,33,0,8,50,0,58,0,22,69,0,91,54,0,54,145
04/22/2021,APC,CA,AWP,WE,Towers with Radar,0,37,32,0,69,0,10,19,0,29,0,47,51,0,98,66,0,66,164
04/23/2021,APC,CA,AWP,WE,Towers with Radar,0,21,19,0,40,0,13,87,5,105,0,34,106,5,145,50,6,56,201
04/24/2021,APC,CA,AWP,WE,Towers with Radar,0,18,19,0,37,0,13,57,0,70,0,31,76,0,107,42,0,42,149
04/25/2021,APC,CA,AWP,WE,Towers with Radar,0,21,27,0,48,0,11,36,0,47,0,32,63,0,95,66,0,66,161
04/26/2021,APC,CA,AWP,WE,Towers with Radar,0,14,17,0,31,0,5,49,3,57,0,19,66,3,88,88,4,92,180
04/27/2021,APC,CA,AWP,WE,Towers with Radar,0,17,13,2,32,0,12,83,0,95,0,29,96,2,127,62,0,62,189
04/28/2021,APC,CA,AWP,WE,Towers with Radar,0,20,19,0,39,0,11,86,0,97,0,31,105,0,136,70,0,70,206
04/29/2021,APC,CA,AWP,WE,Towers with Radar,0,19,31,0,50,0,12,69,0,81,0,31,100,0,131,96,4,100,231
04/30/2021,APC,CA,AWP,WE,Towers with Radar,0,24,15,0,39,0,13,70,1,84,0,37,85,1,123,74,4,78,201
05/01/2021,APC,CA,AWP,WE,Towers with Radar,0,14,20,0,34,0,19,48,5,72,0,33,68,5,106,42,10,52,158
05/02/2021,APC,CA,AWP,WE,Towers with Radar,0,47,35,0,82,0,15,48,0,63,0,62,83,0,145,102,0,102,247
05/03/2021,APC,CA,AWP,WE,Towers with Radar,0,11,15,0,26,0,14,59,0,73,0,25,74,0,99,62,4,66,165
05/04/2021,APC,CA,AWP,WE,Towers with Radar,0,9,16,0,25,0,9,88,0,97,0,18,104,0,122,172,0,172,294
05/05/2021,APC,CA,AWP,WE,Towers with Radar,0,20,18,0,38,0,10,69,1,80,0,30,87,1,118,119,0,119,237
05/06/2021,APC,CA,AWP,WE,Towers with Radar,0,21,15,0,36,0,12,55,1,68,0,33,70,1,104,110,0,110,214
05/07/2021,APC,CA,AWP,WE,Towers with Radar,0,16,27,0,43,0,6,74,1,81,0,22,101,1,124,66,0,66,190
05/08/2021,APC,CA,AWP,WE,Towers with Radar,0,15,11,0,26,0,11,69,0,80,0,26,80,0,106,50,0,50,156
05/09/2021,APC,CA,AWP,WE,Towers with Radar,0,20,20,0,40,0,12,65,0,77,0,32,85,0,117,90,0,90,207
05/10/2021,APC,CA,AWP,WE,Towers with Radar,0,19,5,0,24,0,12,71,2,85,0,31,76,2,109,56,8,64,173
05/11/2021,APC,CA,AWP,WE,Towers with Radar,0,16,19,0,35,0,14,81,0,95,0,30,100,0,130,103,0,103,233
05/12/2021,APC,CA,AWP,WE,Towers with Radar,0,20,26,0,46,0,17,75,0,92,0,37,101,0,138,108,0,108,246
05/13/2021,APC,CA,AWP,WE,Towers with Radar,0,21,31,0,52,0,8,48,0,56,0,29,79,0,108,50,0,50,158
05/14/2021,APC,CA,AWP,WE,Towers with Radar,0,19,46,0,65,0,5,40,2,47,0,24,86,2,112,38,0,38,150
05/15/2021,APC,CA,AWP,WE,Towers with Radar,0,27,20,0,47,0,9,41,0,50,0,36,61,0,97,56,0,56,153
05/16/2021,APC,CA,AWP,WE,Towers with Radar,0,24,45,0,69,0,9,41,0,50,0,33,86,0,119,106,0,106,225
05/17/2021,APC,CA,AWP,WE,Towers with Radar,0,10,14,0,24,0,5,30,0,35,0,15,44,0,59,18,0,18,77
05/18/2021,APC,CA,AWP,WE,Towers with Radar,0,16,7,0,23,0,7,53,0,60,0,23,60,0,83,40,0,40,123
05/19/2021,APC,CA,AWP,WE,Towers with Radar,0,25,14,0,39,0,11,58,0,69,0,36,72,0,108,70,0,70,178
05/20/2021,APC,CA,AWP,WE,Towers with Radar,0,21,20,0,41,0,13,61,0,74,0,34,81,0,115,92,0,92,207
05/21/2021,APC,CA,AWP,WE,Towers with Radar,0,42,20,0,62,0,13,78,0,91,0,55,98,0,153,42,0,42,195
05/22/2021,APC,CA,AWP,WE,Towers with Radar,0,12,16,0,28,0,7,105,0,112,0,19,121,0,140,108,0,108,248
05/23/2021,APC,CA,AWP,WE,Towers with Radar,0,46,39,0,85,0,23,74,0,97,0,69,113,0,182,26,0,26,208
05/24/2021,APC,CA,AWP,WE,Towers with Radar,0,19,14,0,33,0,12,53,0,65,0,31,67,0,98,98,0,98,196
05/25/2021,APC,CA,AWP,WE,Towers with Radar,0,26,11,0,37,0,9,64,1,74,0,35,75,1,111,72,14,86,197
05/26/2021,APC,CA,AWP,WE,Towers with Radar,0,15,14,0,29,0,16,53,0,69,0,31,67,0,98,126,0,126,224
05/27/2021,APC,CA,AWP,WE,Towers with Radar,0,12,28,1,41,0,13,52,4,69,0,25,80,5,110,114,28,142,252
05/28/2021,APC,CA,AWP,WE,Towers with Radar,0,26,40,0,66,0,15,47,0,62,0,41,87,0,128,52,0,52,180
05/29/2021,APC,CA,AWP,WE,Towers with Radar,0,12,17,0,29,0,13,62,0,75,0,25,79,0,104,104,0,104,208
05/30/2021,APC,CA,AWP,WE,Towers with Radar,0,13,12,0,25,0,21,67,0,88,0,34,79,0,113,76,0,76,189
05/31/2021,APC,CA,AWP,WE,Towers with Radar,0,31,31,0,62,0,21,72,0,93,0,52,103,0,155,96,0,96,251
06/01/2021,APC,CA,AWP,WE,Towers with Radar,0,17,15,0,32,0,26,69,0,95,0,43,84,0,127,62,0,62,189
06/02/2021,APC,CA,AWP,WE,Towers with Radar,0,21,15,0,36,0,0,57,0,57,0,21,72,0,93,96,0,96,189
06/03/2021,APC,CA,AWP,WE,Towers with Radar,0,28,40,0,68,0,16,56,1,73,0,44,96,1,141,62,16,78,219
06/04/2021,APC,CA,AWP,WE,Towers with Radar,0,19,33,0,52,0,8,58,3,69,0,27,91,3,121,80,0,80,201
06/05/2021,APC,CA,AWP,WE,Towers with Radar,0,19,14,0,33,0,11,61,0,72,0,30,75,0,105,94,0,94,199
06/06/2021,APC,CA,AWP,WE,Towers with Radar,0,29,39,0,68,0,16,58,0,74,0,45,97,0,142,34,0,34,176
06/07/2021,APC,CA,AWP,WE,Towers with Radar,0,14,15,0,29,0,18,56,0,74,0,32,71,0,103,6,0,6,109
06/08/2021,APC,CA,AWP,WE,Towers with Radar,0,17,10,0,27,0,17,51,0,68,0,34,61,0,95,64,0,64,159
06/09/2021,APC,CA,AWP,WE,Towers with Radar,0,13,32,0,45,0,23,41,0,64,0,36,73,0,109,48,0,48,157
06/10/2021,APC,CA,AWP,WE,Towers with Radar,0,17,25,0,42,0,32,87,3,122,0,49,112,3,164,58,14,72,236
06/11/2021,APC,CA,AWP,WE,Towers with Radar,0,34,24,0,58,0,13,56,0,69,0,47,80,0,127,94,0,94,221
06/12/2021,APC,CA,AWP,WE,Towers with Radar,0,16,18,0,34,0,9,65,0,74,0,25,83,0,108,62,0,62,170
06/13/2021,APC,CA,AWP,WE,Towers with Radar,0,40,28,2,70,0,12,65,0,77,0,52,93,2,147,90,4,94,241
06/14/2021,APC,CA,AWP,WE,Towers with Radar,0,15,30,0,45,0,16,41,0,57,0,31,71,0,102,64,0,64,166
06/15/2021,APC,CA,AWP,WE,Towers with Radar,0,18,10,1,29,0,12,84,0,96,0,30,94,1,125,98,0,98,223
06/16/2021,APC,CA,AWP,WE,Towers with Radar,0,22,32,0,54,0,8,66,0,74,0,30,98,0,128,80,0,80,208
06/17/2021,APC,CA,AWP,WE,Towers with Radar,0,21,14,0,35,0,36,73,5,114,0,57,87,5,149,62,6,68,217
06/18/2021,APC,CA,AWP,WE,Towers with Radar,0,23,39,0,62,0,20,124,3,147,0,43,163,3,209,42,0,42,251
06/19/2021,APC,CA,AWP,WE,Towers with Radar,0,23,17,0,40,0,25,90,0,115,0,48,107,0,155,66,0,66,221
06/20/2021,APC,CA,AWP,WE,Towers with Radar,0,43,30,0,73,0,12,74,0,86,0,55,104,0,159,108,0,108,267
06/21/2021,APC,CA,AWP,WE,Towers with Radar,0,36,21,0,57,0,20,77,0,97,0,56,98,0,154,28,0,28,182
06/22/2021,APC,CA,AWP,WE,Towers with Radar,0,26,31,0,57,0,22,66,0,88,0,48,97,0,145,132,0,132,277
06/23/2021,APC,CA,AWP,WE,Towers with Radar,0,18,18,0,36,0,20,55,2,77,0,38,73,2,113,54,0,54,167
06/24/2021,APC,CA,AWP,WE,Towers with Radar,0,27,23,0,50,0,9,88,0,97,0,36,111,0,147,40,0,40,187
06/25/2021,APC,CA,AWP,WE,Towers with Radar,0,33,23,0,56,0,6,40,0,46,0,39,63,0,102,20,0,20,122
06/26/2021,APC,CA,AWP,WE,Towers with Radar,0,15,13,0,28,0,16,49,0,65,0,31,62,0,93,82,0,82,175
06/27/2021,APC,CA,AWP,WE,Towers with Radar,0,33,44,0,77,0,16,70,0,86,0,49,114,0,163,34,0,34,197
06/28/2021,APC,CA,AWP,WE,Towers with Radar,0,31,13,0,44,0,8,79,0,87,0,39,92,0,131,82,0,82,213
06/29/2021,APC,CA,AWP,WE,Towers with Radar,0,22,12,0,34,0,15,58,0,73,0,37,70,0,107,42,0,42,149
06/30/2021,APC,CA,AWP,WE,Towers with Radar,0,21,26,0,47,0,15,47,0,62,0,36,73,0,109,76,0,76,185
07/01/2021,APC,CA,AWP,WE,Towers with Radar,0,25,25,0,50,0,6,41,0,47,0,31,66,0,97,54,0,54,151
07/02/2021,APC,CA,AWP,WE,Towers with Radar,0,21,23,0,44,0,14,59,0,73,0,35,82,0,117,60,0,60,177
07/03/2021,APC,CA,AWP,WE,Towers with Radar,0,18,12,0,30,0,16,65,0,81,0,34,77,0,111,54,0,54,165
07/04/2021,APC,CA,AWP,WE,Towers with Radar,0,12,15,0,27,0,19,34,0,53,0,31,49,0,80,4,0,4,84
07/05/2021,APC,CA,AWP,WE,Towers with Radar,0,23,16,0,39,0,14,64,0,78,0,37,80,0,117,24,0,24,141
07/06/2021,APC,CA,AWP,WE,Towers with Radar,0,15,19,0,34,0,10,57,0,67,0,25,76,0,101,50,0,50,151
07/07/2021,APC,CA,AWP,WE,Towers with Radar,0,11,20,0,31,0,10,70,0,80,0,21,90,0,111,44,0,44,155
07/08/2021,APC,CA,AWP,WE,Towers with Radar,0,18,24,0,42,0,21,48,1,70,0,39,72,1,112,86,32,118,230
07/09/2021,APC,CA,AWP,WE,Towers with Radar,0,31,26,0,57,0,10,80,17,107,0,41,106,17,164,58,6,64,228
07/10/2021,APC,CA,AWP,WE,Towers with Radar,0,15,16,0,31,0,23,67,0,90,0,38,83,0,121,36,0,36,157
07/11/2021,APC,CA,AWP,WE,Towers with Radar,0,35,19,0,54,0,14,60,0,74,0,49,79,0,128,62,0,62,190
07/12/2021,APC,CA,AWP,WE,Towers with Radar,0,26,26,0,52,0,14,42,0,56,0,40,68,0,108,24,0,24,132
07/13/2021,APC,CA,AWP,WE,Towers with Radar,0,25,20,0,45,0,6,38,0,44,0,31,58,0,89,20,0,20,109
07/14/2021,APC,CA,AWP,WE,Towers with Radar,0,30,26,0,56,0,13,56,1,70,0,43,82,1,126,56,0,56,182
07/15/2021,APC,CA,AWP,WE,Towers with Radar,0,27,36,0,63,0,12,37,2,51,0,39,73,2,114,70,0,70,184
07/16/2021,APC,CA,AWP,WE,Towers with Radar,0,14,28,0,42,0,3,70,2,75,0,17,98,2,117,44,0,44,161
07/17/2021,APC,CA,AWP,WE,Towers with Radar,0,31,19,0,50,0,1,75,0,76,0,32,94,0,126,56,0,56,182
07/18/2021,APC,CA,AWP,WE,Towers with Radar,0,32,24,0,56,0,16,74,0,90,0,48,98,0,146,92,0,92,238
07/19/2021,APC,CA,AWP,WE,Towers with Radar,0,31,27,0,58,0,7,57,2,66,0,38,84,2,124,84,6,90,214
07/20/2021,APC,CA,AWP,WE,Towers with Radar,0,26,23,0,49,0,10,66,1,77,0,36,89,1,126,78,2,80,206
07/21/2021,APC,CA,AWP,WE,Towers with Radar,0,25,24,0,49,0,22,59,0,81,0,47,83,0,130,92,0,92,222
07/22/2021,APC,CA,AWP,WE,Towers with Radar,0,32,35,0,67,0,7,42,0,49,0,39,77,0,116,50,0,50,166
07/23/2021,APC,CA,AWP,WE,Towers with Radar,0,30,15,0,45,0,6,71,0,77,0,36,86,0,122,42,0,42,164
07/24/2021,APC,CA,AWP,WE,Towers with Radar,0,38,33,0,71,0,21,104,0,125,0,59,137,0,196,42,0,42,238
07/25/2021,APC,CA,AWP,WE,Towers with Radar,0,52,38,0,90,0,17,81,0,98,0,69,119,0,188,32,0,32,220
07/26/2021,APC,CA,AWP,WE,Towers with Radar,0,40,33,0,73,0,8,50,0,58,0,48,83,0,131,58,0,58,189
07/27/2021,APC,CA,AWP,WE,Towers with Radar,0,19,17,0,36,0,15,60,0,75,0,34,77,0,111,137,0,137,248
07/28/2021,APC,CA,AWP,WE,Towers with Radar,1,23,18,0,42,0,8,68,2,78,1,31,86,2,120,108,10,118,238
07/29/2021,APC,CA,AWP,WE,Towers with Radar,0,17,19,0,36,0,5,86,2,93,0,22,105,2,129,118,4,122,251
07/30/2021,APC,CA,AWP,WE,Towers with Radar,0,19,22,0,41,0,7,78,0,85,0,26,100,0,126,94,0,94,220
07/31/2021,APC,CA,AWP,WE,Towers with Radar,0,17,23,0,40,0,20,62,0,82,0,37,85,0,122,116,0,116,238
08/01/2021,APC,CA,AWP,WE,Towers with Radar,0,19,25,0,44,0,18,68,0,86,0,37,93,0,130,90,0,90,220
08/02/2021,APC,CA,AWP,WE,Towers with Radar,0,14,21,0,35,0,14,62,6,82,0,28,83,6,117,62,0,62,179
08/03/2021,APC,CA,AWP,WE,Towers with Radar,0,18,17,0,35,0,17,66,0,83,0,35,83,0,118,64,0,64,182
08/04/2021,APC,CA,AWP,WE,Towers with Radar,0,29,29,0,58,0,7,32,1,40,0,36,61,1,98,14,6,20,118
08/05/2021,APC,CA,AWP,WE,Towers with Radar,0,33,35,0,68,0,6,75,0,81,0,39,110,0,149,100,0,100,249
08/06/2021,APC,CA,AWP,WE,Towers with Radar,0,34,25,0,59,0,8,26,0,34,0,42,51,0,93,94,0,94,187
08/07/2021,APC,CA,AWP,WE,Towers with Radar,0,37,22,0,59,0,15,36,0,51,0,52,58,0,110,70,0,70,180
08/08/2021,APC,CA,AWP,WE,Towers with Radar,0,31,30,0,61,0,6,36,0,42,0,37,66,0,103,50,0,50,153
08/09/2021,APC,CA,AWP,WE,Towers with Radar,0,18,14,0,32,0,9,75,0,84,0,27,89,0,116,94,0,94,210
08/10/2021,APC,CA,AWP,WE,Towers with Radar,0,10,14,0,24,0,15,77,0,92,0,25,91,0,116,122,0,122,238
08/11/2021,APC,CA,AWP,WE,Towers with Radar,0,18,20,0,38,0,6,79,0,85,0,24,99,0,123,40,0,40,163
08/12/2021,APC,CA,AWP,WE,Towers with Radar,0,32,29,2,63,0,24,79,9,112,0,56,108,11,175,106,4,110,285
08/13/2021,APC,CA,AWP,WE,Towers with Radar,0,16,24,0,40,0,2,64,2,68,0,18,88,2,108,66,14,80,188
08/14/2021,APC,CA,AWP,WE,Towers with Radar,0,21,27,0,48,0,15,52,4,71,0,36,79,4,119,52,0,52,171
08/15/2021,APC,CA,AWP,WE,Towers with Radar,0,44,42,0,86,0,14,69,0,83,0,58,111,0,169,46,0,46,215
08/16/2021,APC,CA,AWP,WE,Towers with Radar,0,22,24,0,46,0,13,39,0,52,0,35,63,0,98,62,0,62,160
08/17/2021,APC,CA,AWP,WE,Towers with Radar,0,17,36,0,53,0,9,40,0,49,0,26,76,0,102,60,0,60,162
08/18/2021,APC,CA,AWP,WE,Towers with Radar,0,23,32,0,55,0,3,30,1,34,0,26,62,1,89,66,3,69,158
08/19/2021,APC,CA,AWP,WE,Towers with Radar,0,28,36,0,64,0,18,35,4,57,0,46,71,4,121,82,4,86,207
08/20/2021,APC,CA,AWP,WE,Towers with Radar,0,36,43,0,79,0,3,31,0,34,0,39,74,0,113,50,0,50,163
08/21/2021,APC,CA,AWP,WE,Towers with Radar,0,32,22,0,54,0,12,27,6,45,0,44,49,6,99,32,0,32,131
08/22/2021,APC,CA,AWP,WE,Towers with Radar,0,33,43,0,76,0,5,38,7,50,0,38,81,7,126,133,0,133,259
08/23/2021,APC,CA,AWP,WE,Towers with Radar,0,28,35,0,63,0,5,37,0,42,0,33,72,0,105,30,0,30,135
08/24/2021,APC,CA,AWP,WE,Towers with Radar,0,13,20,0,33,0,22,56,1,79,0,35,76,1,112,110,0,110,222
08/25/2021,APC,CA,AWP,WE,Towers with Radar,0,22,17,1,40,0,4,84,3,91,0,26,101,4,131,114,24,138,269
08/26/2021,APC,CA,AWP,WE,Towers with Radar,0,32,26,0,58,0,20,63,0,83,0,52,89,0,141,136,0,136,277
08/27/2021,APC,CA,AWP,WE,Towers with Radar,0,24,30,0,54,0,8,31,0,39,0,32,61,0,93,112,0,112,205
08/28/2021,APC,CA,AWP,WE,Towers with Radar,0,22,20,0,42,0,19,37,0,56,0,41,57,0,98,82,0,82,180
08/29/2021,APC,CA,AWP,WE,Towers with Radar,0,19,42,0,61,0,18,64,0,82,0,37,106,0,143,80,0,80,223
08/30/2021,APC,CA,AWP,WE,Towers with Radar,0,24,17,0,41,0,11,32,1,44,0,35,49,1,85,88,0,88,173
08/31/2021,APC,CA,AWP,WE,Towers with Radar,0,21,14,0,35,0,18,64,2,84,0,39,78,2,119,126,2,128,247
09/01/2021,APC,CA,AWP,WE,Towers with Radar,0,18,22,0,40,0,14,41,1,56,0,32,63,1,96,74,18,92,188
09/02/2021,APC,CA,AWP,WE,Towers with Radar,0,32,41,1,74,0,27,61,3,91,0,59,102,4,165,84,16,100,265
09/03/2021,APC,CA,AWP,WE,Towers with Radar,0,37,66,0,103,0,8,58,0,66,0,45,124,0,169,60,0,60,229
09/04/2021,APC,CA,AWP,WE,Towers with Radar,0,23,28,0,51,0,11,64,0,75,0,34,92,0,126,34,0,34,160
09/05/2021,APC,CA,AWP,WE,Towers with Radar,0,16,27,0,43,0,9,40,6,55,0,25,67,6,98,36,0,36,134
09/06/2021,APC,CA,AWP,WE,Towers with Radar,0,43,48,0,91,0,22,71,0,93,0,65,119,0,184,86,0,86,270
09/07/2021,APC,CA,AWP,WE,Towers with Radar,0,23,23,0,46,0,11,72,0,83,0,34,95,0,129,138,0,138,267
09/08/2021,APC,CA,AWP,WE,Towers with Radar,0,34,24,0,58,0,20,67,2,89,0,54,91,2,147,92,12,104,251
09/09/2021,APC,CA,AWP,WE,Towers with Radar,0,17,28,0,45,0,24,57,6,87,0,41,85,6,132,130,0,130,262
09/10/2021,APC,CA,AWP,WE,Towers with Radar,0,39,28,0,67,0,13,87,3,103,0,52,115,3,170,78,4,82,252
09/11/2021,APC,CA,AWP,WE,Towers with Radar,0,18,34,0,52,0,20,60,0,80,0,38,94,0,132,12,2,14,146
09/12/2021,APC,CA,AWP,WE,Towers with Radar,0,34,38,0,72,0,11,65,0,76,0,45,103,0,148,58,6,64,212
09/13/2021,APC,CA,AWP,WE,Towers with Radar,0,22,13,0,35,0,12,55,0,67,0,34,68,0,102,62,0,62,164
09/14/2021,APC,CA,AWP,WE,Towers with Radar,0,37,28,0,65,0,18,64,0,82,0,55,92,0,147,54,0,54,201
09/15/2021,APC,CA,AWP,WE,Towers with Radar,0,33,26,0,59,0,14,59,0,73,0,47,85,0,132,84,0,84,216
09/16/2021,APC,CA,AWP,WE,Towers with Radar,0,28,32,0,60,0,18,38,0,56,0,46,70,0,116,54,0,54,170
09/17/2021,APC,CA,AWP,WE,Towers with Radar,0,36,42,0,78,0,13,48,0,61,0,49,90,0,139,88,12,100,239
09/18/2021,APC,CA,AWP,WE,Towers with Radar,0,40,21,0,61,0,6,12,0,18,0,46,33,0,79,42,6,48,127
09/19/2021,APC,CA,AWP,WE,Towers with Radar,0,38,36,0,74,0,19,74,0,93,0,57,110,0,167,64,0,64,231
09/20/2021,APC,CA,AWP,WE,Towers with Radar,0,30,26,0,56,0,12,67,6,85,0,42,93,6,141,76,0,76,217
09/21/2021,APC,CA,AWP,WE,Towers with Radar,0,28,17,4,49,0,13,77,0,90,0,41,94,4,139,62,0,62,201
09/22/2021,APC,CA,AWP,WE,Towers with Radar,0,19,24,0,43,0,13,75,0,88,0,32,99,0,131,120,0,120,251
09/23/2021,APC,CA,AWP,WE,Towers with Radar,0,33,37,0,70,0,7,79,5,91,0,40,116,5,161,128,16,144,305
09/24/2021,APC,CA,AWP,WE,Towers with Radar,0,33,25,0,58,0,12,92,12,116,0,45,117,12,174,126,0,126,300
09/25/2021,APC,CA,AWP,WE,Towers with Radar,0,21,21,0,42,0,11,78,1,90,0,32,99,1,132,46,4,50,182
09/26/2021,APC,CA,AWP,WE,Towers with Radar,0,44,31,0,75,0,22,70,2,94,0,66,101,2,169,82,24,106,275
09/27/2021,APC,CA,AWP,WE,Towers with Radar,0,26,37,0,63,0,11,35,0,46,0,37,72,0,109,52,0,52,161
09/28/2021,APC,CA,AWP,WE,Towers with Radar,0,29,26,0,55,0,22,86,0,108,0,51,112,0,163,110,0,110,273
09/29/2021,APC,CA,AWP,WE,Towers with Radar,0,34,27,0,61,0,20,64,0,84,0,54,91,0,145,90,0,90,235
09/30/2021,APC,CA,AWP,WE,Towers with Radar,0,37,26,0,63,0,15,107,2,124,0,52,133,2,187,80,14,94,281
10/01/2021,APC,CA,AWP,WE,Towers with Radar,0,25,30,0,55,0,11,84,0,95,0,36,114,0,150,54,0,54,204
10/02/2021,APC,CA,AWP,WE,Towers with Radar,0,20,31,0,51,0,14,89,0,103,0,34,120,0,154,38,0,38,192
10/03/2021,APC,CA,AWP,WE,Towers with Radar,0,41,48,0,89,0,31,81,0,112,0,72,129,0,201,54,0,54,255
10/04/2021,APC,CA,AWP,WE,Towers with Radar,0,27,17,0,44,0,5,53,0,58,0,32,70,0,102,12,0,12,114
10/05/2021,APC,CA,AWP,WE,Towers with Radar,0,24,17,0,41,0,12,55,0,67,0,36,72,0,108,134,0,134,242
10/06/2021,APC,CA,AWP,WE,Towers with Radar,0,21,37,0,58,0,14,52,5,71,0,35,89,5,129,66,0,66,195
10/07/2021,APC,CA,AWP,WE,Towers with Radar,0,18,36,0,54,0,18,47,0,65,0,36,83,0,119,128,0,128,247
10/08/2021,APC,CA,AWP,WE,Towers with Radar,0,40,42,0,82,0,16,44,0,60,0,56,86,0,142,80,0,80,222
10/09/2021,APC,CA,AWP,WE,Towers with Radar,0,17,15,0,32,0,14,70,0,84,0,31,85,0,116,78,0,78,194
10/10/2021,APC,CA,AWP,WE,Towers with Radar,0,43,40,0,83,0,6,65,0,71,0,49,105,0,154,98,0,98,252
10/11/2021,APC,CA,AWP,WE,Towers with Radar,0,29,32,0,61,0,3,22,0,25,0,32,54,0,86,26,0,26,112
10/12/2021,APC,CA,AWP,WE,Towers with Radar,0,26,20,0,46,0,8,61,0,69,0,34,81,0,115,58,28,86,201
10/13/2021,APC,CA,AWP,WE,Towers with Radar,0,37,39,0,76,0,13,105,0,118,0,50,144,0,194,110,0,110,304
10/14/2021,APC,CA,AWP,WE,Towers with Radar,0,46,54,0,100,0,17,75,3,95,0,63,129,3,195,144,0,144,339
10/15/2021,APC,CA,AWP,WE,Towers with Radar,0,39,46,0,85,0,19,82,0,101,0,58,128,0,186,114,0,114,300
10/16/2021,APC,CA,AWP,WE,Towers with Radar,0,19,18,0,37,0,10,64,0,74,0,29,82,0,111,82,0,82,193
10/17/2021,APC,CA,AWP,WE,Towers with Radar,0,38,44,0,82,0,14,56,0,70,0,52,100,0,152,52,4,56,208
10/18/2021,APC,CA,AWP,WE,Towers with Radar,0,26,30,1,57,0,11,62,1,74,0,37,92,2,131,116,0,116,247
10/19/2021,APC,CA,AWP,WE,Towers with Radar,0,18,18,1,37,0,17,53,0,70,0,35,71,1,107,152,0,152,259
10/20/2021,APC,CA,AWP,WE,Towers with Radar,0,31,37,0,68,0,3,11,0,14,0,34,48,0,82,2,0,2,84
10/21/2021,APC,CA,AWP,WE,Towers with Radar,0,31,44,4,79,0,0,0,0,0,0,31,44,4,79,0,0,0,79
10/22/2021,APC,CA,AWP,WE,Towers with Radar,0,29,24,0,53,0,3,23,3,29,0,32,47,3,82,62,0,62,144
10/23/2021,APC,CA,AWP,WE,Towers with Radar,0,14,26,0,40,0,3,23,0,26,0,17,49,0,66,68,0,68,134
10/24/2021,APC,CA,AWP,WE,Towers with Radar,0,17,14,0,31,0,0,0,0,0,0,17,14,0,31,0,0,0,31
10/25/2021,APC,CA,AWP,WE,Towers with Radar,0,32,22,0,54,0,21,23,0,44,0,53,45,0,98,32,0,32,130
10/26/2021,APC,CA,AWP,WE,Towers with Radar,0,15,15,0,30,0,7,23,0,30,0,22,38,0,60,120,0,120,180
10/27/2021,APC,CA,AWP,WE,Towers with Radar,0,19,26,0,45,0,7,59,0,66,0,26,85,0,111,94,0,94,205
10/28/2021,APC,CA,AWP,WE,Towers with Radar,0,41,64,1,106,0,7,55,0,62,0,48,119,1,168,34,0,34,202
10/29/2021,APC,CA,AWP,WE,Towers with Radar,0,29,27,0,56,0,12,67,0,79,0,41,94,0,135,10,0,10,145
10/30/2021,APC,CA,AWP,WE,Towers with Radar,0,48,37,0,85,0,0,11,0,11,0,48,48,0,96,6,0,6,102
10/31/2021,APC,CA,AWP,WE,Towers with Radar,0,51,42,0,93,0,9,28,0,37,0,60,70,0,130,44,0,44,174
11/01/2021,APC,CA,AWP,WE,Towers with Radar,0,17,34,2,53,0,1,3,1,5,0,18,37,3,58,2,24,26,84
11/02/2021,APC,CA,AWP,WE,Towers with Radar,0,7,29,0,36,0,4,22,1,27,0,11,51,1,63,20,0,20,83
11/03/2021,APC,CA,AWP,WE,Towers with Radar,0,13,22,0,35,0,8,66,0,74,0,21,88,0,109,148,0,148,257
11/04/2021,APC,CA,AWP,WE,Towers with Radar,0,27,35,0,62,0,9,55,1,65,0,36,90,1,127,90,0,90,217
11/05/2021,APC,CA,AWP,WE,Towers with Radar,0,28,29,0,57,0,7,50,2,59,0,35,79,2,116,60,20,80,196
11/06/2021,APC,CA,AWP,WE,Towers with Radar,0,24,19,0,43,0,15,43,2,60,0,39,62,2,103,50,8,58,161
11/07/2021,APC,CA,AWP,WE,Towers with Radar,0,39,28,0,67,0,13,91,0,104,0,52,119,0,171,84,0,84,255
11/08/2021,APC,CA,AWP,WE,Towers with Radar,0,26,24,0,50,0,9,25,0,34,0,35,49,0,84,76,0,76,160
11/09/2021,APC,CA,AWP,WE,Towers with Radar,0,22,24,0,46,0,0,0,0,0,0,22,24,0,46,0,0,0,46
11/10/2021,APC,CA,AWP,WE,Towers with Radar,0,18,34,0,52,0,12,48,0,60,0,30,82,0,112,44,0,44,156
11/11/2021,APC,CA,AWP,WE,Towers with Radar,0,26,40,0,66,0,24,94,1,119,0,50,134,1,185,50,2,52,237
11/12/2021,APC,CA,AWP,WE,Towers with Radar,0,28,28,0,56,0,7,78,0,85,0,35,106,0,141,50,0,50,191
11/13/2021,APC,CA,AWP,WE,Towers with Radar,0,30,26,0,56,0,8,55,0,63,0,38,81,0,119,42,0,42,161
11/14/2021,APC,CA,AWP,WE,Towers with Radar,0,32,36,0,68,0,13,26,0,39,0,45,62,0,107,44,0,44,151
11/15/2021,APC,CA,AWP,WE,Towers with Radar,0,24,39,3,66,0,2,4,0,6,0,26,43,3,72,0,0,0,72
11/16/2021,APC,CA,AWP,WE,Towers with Radar,0,12,15,0,27,0,10,36,0,46,0,22,51,0,73,24,0,24,97
11/17/2021,APC,CA,AWP,WE,Towers with Radar,0,19,28,1,48,0,1,80,12,93,0,20,108,13,141,88,0,88,229
11/18/2021,APC,CA,AWP,WE,Towers with Radar,0,24,26,0,50,0,18,48,2,68,0,42,74,2,118,108,22,130,248
11/19/2021,APC,CA,AWP,WE,Towers with Radar,0,24,52,0,76,0,0,2,0,2,0,24,54,0,78,0,0,0,78
11/20/2021,APC,CA,AWP,WE,Towers with Radar,0,12,23,0,35,0,6,67,0,73,0,18,90,0,108,62,0,62,170
11/21/2021,APC,CA,AWP,WE,Towers with Radar,0,30,17,0,47,0,19,82,0,101,0,49,99,0,148,76,0,76,224
11/22/2021,APC,CA,AWP,WE,Towers with Radar,0,22,18,0,40,0,32,75,13,120,0,54,93,13,160,80,0,80,240
11/23/2021,APC,CA,AWP,WE,Towers with Radar,0,26,16,0,42,0,17,64,3,84,0,43,80,3,126,108,0,108,234
11/24/2021,APC,CA,AWP,WE,Towers with Radar,0,9,27,0,36,0,13,54,0,67,0,22,81,0,103,64,0,64,167
11/25/2021,APC,CA,AWP,WE,Towers with Radar,0,11,5,0,16,0,17,28,0,45,0,28,33,0,61,18,0,18,79
11/26/2021,APC,CA,AWP,WE,Towers with Radar,0,22,18,0,40,0,10,63,0,73,0,32,81,0,113,2,0,2,115
11/27/2021,APC,CA,AWP,WE,Towers with Radar,0,21,24,0,45,0,5,56,0,61,0,26,80,0,106,24,0,24,130
11/28/2021,APC,CA,AWP,WE,Towers with Radar,0,26,36,0,62,0,25,57,0,82,0,51,93,0,144,22,0,22,166
11/29/2021,APC,CA,AWP,WE,Towers with Radar,0,18,16,0,34,0,11,73,2,86,0,29,89,2,120,84,0,84,204
11/30/2021,APC,CA,AWP,WE,Towers with Radar,0,16,8,0,24,0,15,65,0,80,0,31,73,0,104,104,0,104,208
12/01/2021,APC,CA,AWP,WE,Towers with Radar,0,20,17,0,37,0,14,63,8,85,0,34,80,8,122,98,32,130,252
12/02/2021,APC,CA,AWP,WE,Towers with Radar,0,17,18,0,35,0,10,77,6,93,0,27,95,6,128,158,0,158,286
12/03/2021,APC,CA,AWP,WE,Towers with Radar,0,23,30,0,53,0,0,0,0,0,0,23,30,0,53,0,0,0,53
12/04/2021,APC,CA,AWP,WE,Towers with Radar,0,30,22,0,52,0,2,0,0,2,0,32,22,0,54,0,0,0,54
12/05/2021,APC,CA,AWP,WE,Towers with Radar,0,22,20,0,42,0,12,22,0,34,0,34,42,0,76,48,0,48,124
12/06/2021,APC,CA,AWP,WE,Towers with Radar,0,16,16,0,32,0,0,0,0,0,0,16,16,0,32,0,0,0,32
12/07/2021,APC,CA,AWP,WE,Towers with Radar,0,2,22,0,24,0,24,43,3,70,0,26,65,3,94,102,14,116,210
12/08/2021,APC,CA,AWP,WE,Towers with Radar,0,16,15,4,35,0,0,0,0,0,0,16,15,4,35,0,0,0,35
12/09/2021,APC,CA,AWP,WE,Towers with Radar,0,27,19,0,46,0,39,70,4,113,0,66,89,4,159,120,12,132,291
12/10/2021,APC,CA,AWP,WE,Towers with Radar,0,23,21,0,44,0,23,86,0,109,0,46,107,0,153,82,0,82,235
12/11/2021,APC,CA,AWP,WE,Towers with Radar,0,12,10,0,22,0,32,76,0,108,0,44,86,0,130,98,0,98,228
12/12/2021,APC,CA,AWP,WE,Towers with Radar,0,26,29,0,55,0,0,0,0,0,0,26,29,0,55,0,0,0,55
12/13/2021,APC,CA,AWP,WE,Towers with Radar,0,18,19,0,37,0,0,0,0,0,0,18,19,0,37,0,0,0,37
12/14/2021,APC,CA,AWP,WE,Towers with Radar,0,11,12,0,23,0,12,51,2,65,0,23,63,2,88,86,14,100,188
12/15/2021,APC,CA,AWP,WE,Towers with Radar,0,13,24,0,37,0,8,8,0,16,0,21,32,0,53,40,0,40,93
12/16/2021,APC,CA,AWP,WE,Towers with Radar,0,25,29,0,54,0,9,31,0,40,0,34,60,0,94,68,0,68,162
12/17/2021,APC,CA,AWP,WE,Towers with Radar,0,13,20,0,33,0,15,86,0,101,0,28,106,0,134,80,0,80,214
12/18/2021,APC,CA,AWP,WE,Towers with Radar,0,21,7,0,28,0,12,54,1,67,0,33,61,1,95,146,0,146,241
12/19/2021,APC,CA,AWP,WE,Towers with Radar,1,13,36,0,50,0,2,10,0,12,1,15,46,0,62,0,0,0,62
12/20/2021,APC,CA,AWP,WE,Towers with Radar,0,10,23,0,33,0,20,38,0,58,0,30,61,0,91,114,0,114,205
12/21/2021,APC,CA,AWP,WE,Towers with Radar,0,17,14,0,31,0,5,18,0,23,0,22,32,0,54,88,0,88,142
12/22/2021,APC,CA,AWP,WE,Towers with Radar,0,11,12,0,23,0,0,1,0,1,0,11,13,0,24,0,0,0,24
12/23/2021,APC,CA,AWP,WE,Towers with Radar,0,19,17,0,36,0,3,4,0,7,0,22,21,0,43,80,0,80,123
12/24/2021,APC,CA,AWP,WE,Towers with Radar,0,9,3,0,12,0,4,47,2,53,0,13,50,2,65,52,2,54,119
12/25/2021,APC,CA,AWP,WE,Towers with Radar,0,7,3,0,10,0,0,0,0,0,0,7,3,0,10,0,0,0,10
12/26/2021,APC,CA,AWP,WE,Towers with Radar,0,11,12,0,23,0,6,19,0,25,0,17,31,0,48,8,0,8,56
12/27/2021,APC,CA,AWP,WE,Towers with Radar,0,10,22,0,32,0,3,11,0,14,0,13,33,0,46,82,0,82,128
12/28/2021,APC,CA,AWP,WE,Towers with Radar,0,18,13,0,31,0,2,8,0,10,0,20,21,0,41,10,0,10,51
12/29/2021,APC,CA,AWP,WE,Towers with Radar,0,13,14,0,27,0,4,0,0,4,0,17,14,0,31,0,0,0,31
12/30/2021,APC,CA,AWP,WE,Towers with Radar,0,11,15,0,26,0,12,70,0,82,0,23,85,0,108,66,0,66,174
12/31/2021,APC,CA,AWP,WE,Towers with Radar,0,11,10,0,21,0,17,94,2,113,0,28,104,2,134,44,12,56,190
01/01/2022,APC,CA,AWP,WE,Towers with Radar,0,8,17,0,25,0,11,91,0,102,0,19,108,0,127,90,0,90,217
01/02/2022,APC,CA,AWP,WE,Towers with Radar,0,5,14,0,19,0,14,84,0,98,0,19,98,0,117,84,0,84,201
01/03/2022,APC,CA,AWP,WE,Towers with Radar,0,11,19,0,30,0,10,6,0,16,0,21,25,0,46,20,0,20,66
01/04/2022,APC,CA,AWP,WE,Towers with Radar,0,14,12,0,26,0,11,18,0,29,0,25,30,0,55,40,0,40,95
01/05/2022,APC,CA,AWP,WE,Towers with Radar,0,8,18,0,26,0,4,5,0,9,0,12,23,0,35,14,0,14,49
01/06/2022,APC,CA,AWP,WE,Towers with Radar,0,3,14,0,17,0,2,0,0,2,0,5,14,0,19,0,0,0,19
01/07/2022,APC,CA,AWP,WE,Towers with Radar,0,15,19,0,34,0,0,11,0,11,0,15,30,0,45,108,0,108,153
01/08/2022,APC,CA,AWP,WE,Towers with Radar,0,9,19,0,28,0,5,54,0,59,0,14,73,0,87,88,0,88,175
01/09/2022,APC,CA,AWP,WE,Towers with Radar,0,13,17,0,30,0,7,66,0,73,0,20,83,0,103,92,0,92,195
01/10/2022,APC,CA,AWP,WE,Towers with Radar,0,3,9,0,12,0,1,23,0,24,0,4,32,0,36,48,0,48,84
01/11/2022,APC,CA,AWP,WE,Towers with Radar,0,8,9,0,17,0,9,83,0,92,0,17,92,0,109,190,0,190,299
01/12/2022,APC,CA,AWP,WE,Towers with Radar,0,15,11,0,26,0,16,69,9,94,0,31,80,9,120,56,10,66,186
01/13/2022,APC,CA,AWP,WE,Towers with Radar,0,13,10,0,23,0,10,38,0,48,0,23,48,0,71,66,0,66,137
01/14/2022,APC,CA,AWP,WE,Towers with Radar,0,15,17,0,32,0,11,49,0,60,0,26,66,0,92,158,0,158,250
01/15/2022,APC,CA,AWP,WE,Towers with Radar,0,12,15,0,27,0,11,54,0,65,0,23,69,0,92,86,0,86,178
01/16/2022,APC,CA,AWP,WE,Towers with Radar,0,18,10,0,28,0,12,70,2,84,0,30,80,2,112,102,2,104,216
01/17/2022,APC,CA,AWP,WE,Towers with Radar,0,12,24,0,36,0,14,73,6,93,0,26,97,6,129,81,4,85,214
01/18/2022,APC,CA,AWP,WE,Towers with Radar,0,12,21,0,33,0,13,49,0,62,0,25,70,0,95,110,0,110,205
01/19/2022,APC,CA,AWP,WE,Towers with Radar,0,12,11,0,23,0,6,37,0,43,0,18,48,0,66,6,0,6,72
01/20/2022,APC,CA,AWP,WE,Towers with Radar,0,21,12,0,33,0,17,33,0,50,0,38,45,0,83,110,0,110,193
01/21/2022,APC,CA,AWP,WE,Towers with Radar,0,14,9,0,23,0,5,33,0,38,0,19,42,0,61,28,0,28,89
01/22/2022,APC,CA,AWP,WE,Towers with Radar,0,13,3,1,17,0,21,69,0,90,0,34,72,1,107,58,0,58,165
01/23/2022,APC,CA,AWP,WE,Towers with Radar,0,22,14,0,36,0,24,103,0,127,0,46,117,0,163,98,0,98,261
01/24/2022,APC,CA,AWP,WE,Towers with Radar,0,11,10,0,21,0,15,69,0,84,0,26,79,0,105,64,0,64,169
01/25/2022,APC,CA,AWP,WE,Towers with Radar,0,5,18,0,23,0,14,51,13,78,0,19,69,13,101,70,2,72,173
01/26/2022,APC,CA,AWP,WE,Towers with Radar,0,13,16,0,29,0,3,74,0,77,0,16,90,0,106,79,0,79,185
01/27/2022,APC,CA,AWP,WE,Towers with Radar,0,10,21,1,32,0,12,87,0,99,0,22,108,1,131,80,3,83,214
01/28/2022,APC,CA,AWP,WE,Towers with Radar,0,12,11,0,23,0,7,48,11,66,0,19,59,11,89,86,8,94,183
01/29/2022,APC,CA,AWP,WE,Towers with Radar,0,10,22,0,32,0,3,102,0,105,0,13,124,0,137,104,0,104,241
01/30/2022,APC,CA,AWP,WE,Towers with Radar,2,19,20,0,41,0,12,62,1,75,2,31,82,1,116,28,0,28,144
01/31/2022,APC,CA,AWP,WE,Towers with Radar,0,17,15,6,38,0,10,62,5,77,0,27,77,11,115,32,0,32,147
02/01/2022,APC,CA,AWP,WE,Towers with Radar,0,11,14,0,25,0,13,23,2,38,0,24,37,2,63,4,0,4,67
02/02/2022,APC,CA,AWP,WE,Towers with Radar,0,18,13,0,31,0,7,15,0,22,0,25,28,0,53,38,0,38,91
02/03/2022,APC,CA,AWP,WE,Towers with Radar,0,21,16,0,37,0,11,65,1,77,0,32,81,1,114,64,0,64,178
02/04/2022,APC,CA,AWP,WE,Towers with Radar,0,19,23,0,42,0,12,79,0,91,0,31,102,0,133,94,0,94,227
02/05/2022,APC,CA,AWP,WE,Towers with Radar,0,15,10,0,25,0,9,88,3,100,0,24,98,3,125,90,0,90,215
02/06/2022,APC,CA,AWP,WE,Towers with Radar,0,32,25,0,57,0,10,87,5,102,0,42,112,5,159,64,6,70,229
02/07/2022,APC,CA,AWP,WE,Towers with Radar,0,13,16,0,29,0,14,55,0,69,0,27,71,0,98,90,0,90,188
02/08/2022,APC,CA,AWP,WE,Towers with Radar,0,12,23,0,35,0,12,74,2,88,0,24,97,2,123,30,0,30,153
02/09/2022,APC,CA,AWP,WE,Towers with Radar,0,13,13,0,26,0,10,59,14,83,0,23,72,14,109,62,6,68,177
02/10/2022,APC,CA,AWP,WE,Towers with Radar,0,11,25,0,36,0,4,99,0,103,0,15,124,0,139,108,0,108,247
02/11/2022,APC,CA,AWP,WE,Towers with Radar,0,13,18,0,31,0,3,85,0,88,0,16,103,0,119,28,0,28,147
02/12/2022,APC,CA,AWP,WE,Towers with Radar,0,11,19,0,30,0,13,79,3,95,0,24,98,3,125,38,0,38,163
02/13/2022,APC,CA,AWP,WE,Towers with Radar,0,13,19,0,32,0,8,97,0,105,0,21,116,0,137,46,0,46,183
02/14/2022,APC,CA,AWP,WE,Towers with Radar,0,14,19,5,38,0,6,15,2,23,0,20,34,7,61,6,4,10,71
02/15/2022,APC,CA,AWP,WE,Towers with Radar,0,17,22,0,39,0,13,49,0,62,0,30,71,0,101,32,0,32,133
02/16/2022,APC,CA,AWP,WE,Towers with Radar,0,10,11,0,21,0,6,70,0,76,0,16,81,0,97,72,0,72,169
02/17/2022,APC,CA,AWP,WE,Towers with Radar,0,9,13,0,22,0,14,105,0,119,0,23,118,0,141,148,0,148,289
02/18/2022,APC,CA,AWP,WE,Towers with Radar,0,24,19,0,43,0,22,84,0,106,0,46,103,0,149,96,0,96,245
02/19/2022,APC,CA,AWP,WE,Towers with Radar,0,18,17,0,35,0,3,105,0,108,0,21,122,0,143,94,0,94,237
02/20/2022,APC,CA,AWP,WE,Towers with Radar,0,15,24,0,39,0,19,42,0,61,0,34,66,0,100,64,0,64,164
02/21/2022,APC,CA,AWP,WE,Towers with Radar,0,17,26,0,43,0,11,68,0,79,0,28,94,0,122,58,0,58,180
02/22/2022,APC,CA,AWP,WE,Towers with Radar,0,12,9,0,21,0,2,39,0,41,0,14,48,0,62,46,0,46,108
02/23/2022,APC,CA,AWP,WE,Towers with Radar,0,10,16,0,26,0,11,81,4,96,0,21,97,4,122,86,10,96,218
02/24/2022,APC,CA,AWP,WE,Towers with Radar,0,14,20,0,34,0,11,98,12,121,0,25,118,12,155,88,0,88,243
02/25/2022,APC,CA,AWP,WE,Towers with Radar,0,18,17,0,35,0,10,94,4,108,0,28,111,4,143,114,0,114,257
02/26/2022,APC,CA,AWP,WE,Towers with Radar,0,8,19,0,27,0,9,85,0,94,0,17,104,0,121,106,0,106,227
02/27/2022,APC,CA,AWP,WE,Towers with Radar,0,21,18,0,39,0,10,78,0,88,0,31,96,0,127,54,0,54,181
02/28/2022,APC,CA,AWP,WE,Towers with Radar,0,15,19,0,34,0,13,62,2,77,0,28,81,2,111,88,4,92,203
03/01/2022,APC,CA,AWP,WE,Towers with Radar,0,16,19,0,35,0,12,63,7,82,0,28,82,7,117,32,18,50,167
03/02/2022,APC,CA,AWP,WE,Towers with Radar,0,11,13,0,24,0,12,42,0,54,0,23,55,0,78,68,0,68,146
03/03/2022,APC,CA,AWP,WE,Towers with Radar,0,11,25,0,36,0,6,18,0,24,0,17,43,0,60,22,0,22,82
03/04/2022,APC,CA,AWP,WE,Towers with Radar,0,22,28,0,50,0,9,20,0,29,0,31,48,0,79,80,0,80,159
03/05/2022,APC,CA,AWP,WE,Towers with Radar,0,18,16,0,34,0,18,67,0,85,0,36,83,0,119,116,0,116,235
03/06/2022,APC,CA,AWP,WE,Towers with Radar,0,26,28,0,54,0,17,100,0,117,0,43,128,0,171,102,0,102,273
03/07/2022,APC,CA,AWP,WE,Towers with Radar,0,18,12,0,30,0,6,45,0,51,0,24,57,0,81,44,0,44,125
03/08/2022,APC,CA,AWP,WE,Towers with Radar,0,12,10,0,22,0,13,85,0,98,0,25,95,0,120,114,0,114,234
03/09/2022,APC,CA,AWP,WE,Towers with Radar,0,20,13,3,36,0,10,83,0,93,0,30,96,3,129,54,0,54,183
03/10/2022,APC,CA,AWP,WE,Towers with Radar,0,18,29,0,47,0,22,53,3,78,0,40,82,3,125,44,0,44,169
03/11/2022,APC,CA,AWP,WE,Towers with Radar,0,20,14,0,34,0,15,70,0,85,0,35,84,0,119,42,0,42,161
03/12/2022,APC,CA,AWP,WE,Towers with Radar,0,15,21,0,36,0,17,64,0,81,0,32,85,0,117,58,0,58,175
03/13/2022,APC,CA,AWP,WE,Towers with Radar,0,15,31,0,46,0,13,74,6,93,0,28,105,6,139,66,0,66,205
03/14/2022,APC,CA,AWP,WE,Towers with Radar,0,12,25,0,37,0,14,59,0,73,0,26,84,0,110,52,0,52,162
03/15/2022,APC,CA,AWP,WE,Towers with Radar,0,14,23,2,39,0,2,20,0,22,0,16,43,2,61,4,0,4,65
03/16/2022,APC,CA,AWP,WE,Towers with Radar,0,25,16,0,41,0,23,79,0,102,0,48,95,0,143,86,0,86,229
03/17/2022,APC,CA,AWP,WE,Towers with Radar,0,18,28,0,46,0,16,66,0,82,0,34,94,0,128,38,0,38,166
03/18/2022,APC,CA,AWP,WE,Towers with Radar,0,15,20,0,35,0,12,90,0,102,0,27,110,0,137,74,0,74,211
03/19/2022,APC,CA,AWP,WE,Towers with Radar,0,14,21,0,35,0,5,33,0,38,0,19,54,0,73,44,0,44,117
03/20/2022,APC,CA,AWP,WE,Towers with Radar,0,14,35,0,49,0,16,53,3,72,0,30,88,3,121,48,0,48,169
03/21/2022,APC,CA,AWP,WE,Towers with Radar,0,15,19,0,34,0,8,79,2,89,0,23,98,2,123,66,0,66,189
03/22/2022,APC,CA,AWP,WE,Towers with Radar,0,14,14,0,28,0,18,69,0,87,0,32,83,0,115,20,18,38,153
03/23/2022,APC,CA,AWP,WE,Towers with Radar,0,12,30,0,42,0,13,67,2,82,0,25,97,2,124,18,0,18,142
03/24/2022,APC,CA,AWP,WE,Towers with Radar,0,18,28,0,46,0,14,79,0,93,0,32,107,0,139,64,0,64,203
03/25/2022,APC,CA,AWP,WE,Towers with Radar,0,18,32,2,52,0,11,64,3,78,0,29,96,5,130,18,0,18,148
03/26/2022,APC,CA,AWP,WE,Towers with Radar,0,14,17,0,31,0,8,61,1,70,0,22,78,1,101,66,0,66,167
03/27/2022,APC,CA,AWP,WE,Towers with Radar,0,20,41,0,61,0,8,24,0,32,0,28,65,0,93,32,0,32,125
03/28/2022,APC,CA,AWP,WE,Towers with Radar,0,19,24,0,43,0,2,10,0,12,0,21,34,0,55,38,0,38,93
03/29/2022,APC,CA,AWP,WE,Towers with Radar,0,10,19,1,30,0,10,33,0,43,0,20,52,1,73,28,0,28,101
03/30/2022,APC,CA,AWP,WE,Towers with Radar,0,15,26,0,41,0,10,44,4,58,0,25,70,4,99,22,0,22,121
03/31/2022,APC,CA,AWP,WE,Towers with Radar,0,16,26,3,45,0,7,78,3,88,0,23,104,6,133,52,0,52,185
04/01/2022,APC,CA,AWP,WE,Towers with Radar,0,18,28,0,46,0,16,55,0,71,0,34,83,0,117,82,0,82,199
04/02/2022,APC,CA,AWP,WE,Towers with Radar,0,6,12,0,18,0,14,80,0,94,0,20,92,0,112,102,0,102,214
04/03/2022,APC,CA,AWP,WE,Towers with Radar,0,19,29,0,48,0,10,83,0,93,0,29,112,0,141,67,0,67,208
04/04/2022,APC,CA,AWP,WE,Towers with Radar,0,13,14,1,28,0,12,40,1,53,0,25,54,2,81,46,0,46,127
04/05/2022,APC,CA,AWP,WE,Towers with Radar,0,15,8,0,23,0,11,85,0,96,0,26,93,0,119,140,0,140,259
04/06/2022,APC,CA,AWP,WE,Towers with Radar,0,12,14,0,26,0,12,78,0,90,0,24,92,0,116,70,0,70,186
04/07/2022,APC,CA,AWP,WE,Towers with Radar,0,15,18,0,33,0,13,70,1,84,0,28,88,1,117,70,8,78,195
04/08/2022,APC,CA,AWP,WE,Towers with Radar,0,23,20,0,43,0,11,86,6,103,0,34,106,6,146,62,0,62,208
04/09/2022,APC,CA,AWP,WE,Towers with Radar,0,10,11,0,21,0,16,78,0,94,0,26,89,0,115,46,0,46,161
04/10/2022,APC,CA,AWP,WE,Towers with Radar,0,28,32,0,60,0,13,48,0,61,0,41,80,0,121,58,0,58,179
04/11/2022,APC,CA,AWP,WE,Towers with Radar,0,21,15,0,36,0,5,2,0,7,0,26,17,0,43,0,0,0,43
04/12/2022,APC,CA,AWP,WE,Towers with Radar,0,23,11,0,34,0,16,54,1,71,0,39,65,1,105,28,24,52,157
04/13/2022,APC,CA,AWP,WE,Towers with Radar,0,24,26,0,50,0,16,48,0,64,0,40,74,0,114,66,0,66,180
04/14/2022,APC,CA,AWP,WE,Towers with Radar,0,15,33,3,51,0,0,0,0,0,0,15,33,3,51,0,0,0,51
04/15/2022,APC,CA,AWP,WE,Towers with Radar,0,24,23,0,47,0,12,61,0,73,0,36,84,0,120,66,0,66,186
04/16/2022,APC,CA,AWP,WE,Towers with Radar,0,27,12,0,39,0,9,21,0,30,0,36,33,0,69,22,0,22,91
04/17/2022,APC,CA,AWP,WE,Towers with Radar,0,15,13,0,28,0,8,82,3,93,0,23,95,3,121,66,0,66,187
04/18/2022,APC,CA,AWP,WE,Towers with Radar,0,19,23,0,42,0,12,63,0,75,0,31,86,0,117,106,0,106,223
04/19/2022,APC,CA,AWP,WE,Towers with Radar,2,8,17,0,27,0,10,46,2,58,2,18,63,2,85,97,22,119,204
04/20/2022,APC,CA,AWP,WE,Towers with Radar,0,20,33,0,53,0,7,21,8,36,0,27,54,8,89,74,10,84,173
04/21/2022,APC,CA,AWP,WE,Towers with Radar,0,19,27,0,46,0,14,3,0,17,0,33,30,0,63,18,0,18,81
04/22/2022,APC,CA,AWP,WE,Towers with Radar,0,38,37,0,75,0,17,62,0,79,0,55,99,0,154,82,0,82,236
04/23/2022,APC,CA,AWP,WE,Towers with Radar,0,22,23,0,45,0,17,87,0,104,0,39,110,0,149,106,0,106,255
04/24/2022,APC,CA,AWP,WE,Towers with Radar,0,29,26,0,55,0,12,66,0,78,0,41,92,0,133,62,0,62,195
04/25/2022,APC,CA,AWP,WE,Towers with Radar,0,30,32,0,62,0,4,63,0,67,0,34,95,0,129,124,0,124,253
04/26/2022,APC,CA,AWP,WE,Towers with Radar,0,21,19,0,40,0,8,46,0,54,0,29,65,0,94,66,0,66,160
04/27/2022,APC,CA,AWP,WE,Towers with Radar,0,23,27,0,50,0,13,67,0,80,0,36,94,0,130,114,0,114,244
04/28/2022,APC,CA,AWP,WE,Towers with Radar,0,25,37,0,62,0,11,71,1,83,0,36,108,1,145,24,0,24,169
04/29/2022,APC,CA,AWP,WE,Towers with Radar,0,32,28,0,60,0,18,72,2,92,0,50,100,2,152,46,0,46,198
04/30/2022,APC,CA,AWP,WE,Towers with Radar,0,11,5,0,16,0,11,75,0,86,0,22,80,0,102,10,0,10,112
05/01/2022,APC,CA,AWP,WE,Towers with Radar,0,41,34,0,75,0,24,108,2,134,0,65,142,2,209,76,2,78,287
05/02/2022,APC,CA,AWP,WE,Towers with Radar,0,20,12,0,32,0,3,43,0,46,0,23,55,0,78,50,0,50,128
05/03/2022,APC,CA,AWP,WE,Towers with Radar,0,15,11,0,26,0,15,58,6,79,0,30,69,6,105,124,8,132,237
05/04/2022,APC,CA,AWP,WE,Towers with Radar,0,24,27,0,51,0,6,81,0,87,0,30,108,0,138,116,0,116,254
05/05/2022,APC,CA,AWP,WE,Towers with Radar,0,26,40,0,66,0,20,115,0,135,0,46,155,0,201,30,0,30,231
05/06/2022,APC,CA,AWP,WE,Towers with Radar,0,22,24,0,46,0,5,33,0,38,0,27,57,0,84,28,0,28,112
05/07/2022,APC,CA,AWP,WE,Towers with Radar,0,10,18,1,29,0,12,49,9,70,0,22,67,10,99,12,0,12,111
05/08/2022,APC,CA,AWP,WE,Towers with Radar,0,26,12,0,38,0,7,29,1,37,0,33,41,1,75,12,0,12,87
05/09/2022,APC,CA,AWP,WE,Towers with Radar,0,24,30,0,54,0,7,32,3,42,0,31,62,3,96,14,0,14,110
05/10/2022,APC,CA,AWP,WE,Towers with Radar,0,12,15,0,27,0,5,23,0,28,0,17,38,0,55,46,0,46,101
05/11/2022,APC,CA,AWP,WE,Towers with Radar,0,20,24,0,44,0,12,81,0,93,0,32,105,0,137,82,0,82,219
05/12/2022,APC,CA,AWP,WE,Towers with Radar,0,37,29,0,66,0,8,82,0,90,0,45,111,0,156,74,0,74,230
05/13/2022,APC,CA,AWP,WE,Towers with Radar,0,17,32,0,49,0,15,70,0,85,0,32,102,0,134,90,0,90,224
05/14/2022,APC,CA,AWP,WE,Towers with Radar,0,14,14,0,28,0,12,84,0,96,0,26,98,0,124,124,0,124,248
05/15/2022,APC,CA,AWP,WE,Towers with Radar,0,31,29,0,60,0,10,82,0,92,0,41,111,0,152,24,0,24,176
05/16/2022,APC,CA,AWP,WE,Towers with Radar,0,24,17,0,41,0,6,40,0,46,0,30,57,0,87,90,0,90,177
05/17/2022,APC,CA,AWP,WE,Towers with Radar,0,15,16,0,31,0,21,55,0,76,0,36,71,0,107,86,0,86,193
05/18/2022,APC,CA,AWP,WE,Towers with Radar,0,37,17,0,54,0,21,69,0,90,0,58,86,0,144,56,0,56,200
05/19/2022,APC,CA,AWP,WE,Towers with Radar,0,14,29,0,43,0,8,48,0,56,0,22,77,0,99,80,0,80,179
05/20/2022,APC,CA,AWP,WE,Towers with Radar,0,23,25,0,48,0,16,43,0,59,0,39,68,0,107,92,0,92,199
05/21/2022,APC,CA,AWP,WE,Towers with Radar,0,8,29,0,37,0,12,82,1,95,0,20,111,1,132,22,0,22,154
05/22/2022,APC,CA,AWP,WE,Towers with Radar,0,23,21,0,44,0,16,84,0,100,0,39,105,0,144,26,0,26,170
05/23/2022,APC,CA,AWP,WE,Towers with Radar,0,16,26,0,42,0,0,54,2,56,0,16,80,2,98,80,22,102,200
05/24/2022,APC,CA,AWP,WE,Towers with Radar,0,22,21,0,43,0,12,49,0,61,0,34,70,0,104,54,0,54,158
05/25/2022,APC,CA,AWP,WE,Towers with Radar,0,24,22,0,46,0,8,66,0,74,0,32,88,0,120,134,0,134,254
05/26/2022,APC,CA,AWP,WE,Towers with Radar,0,38,40,0,78,0,16,60,0,76,0,54,100,0,154,26,0,26,180
05/27/2022,APC,CA,AWP,WE,Towers with Radar,0,31,50,0,81,0,14,51,0,65,0,45,101,0,146,32,0,32,178
05/28/2022,APC,CA,AWP,WE,Towers with Radar,0,19,12,0,31,0,9,53,0,62,0,28,65,0,93,44,0,44,137
05/29/2022,APC,CA,AWP,WE,Towers with Radar,0,21,18,0,39,0,11,55,0,66,0,32,73,0,105,16,0,16,121
05/30/2022,APC,CA,AWP,WE,Towers with Radar,0,40,51,0,91,0,12,95,0,107,0,52,146,0,198,78,0,78,276
05/31/2022,APC,CA,AWP,WE,Towers with Radar,0,11,21,0,32,0,30,57,0,87,0,41,78,0,119,38,0,38,157
06/01/2022,APC,CA,AWP,WE,Towers with Radar,0,25,12,0,37,0,8,81,0,89,0,33,93,0,126,148,0,148,274
06/02/2022,APC,CA,AWP,WE,Towers with Radar,0,26,20,0,46,0,15,86,2,103,0,41,106,2,149,50,16,66,215
06/03/2022,APC,CA,AWP,WE,Towers with Radar,0,15,28,0,43,0,16,47,0,63,0,31,75,0,106,68,12,80,186
06/04/2022,APC,CA,AWP,WE,Towers with Radar,0,25,7,0,32,0,9,112,0,121,0,34,119,0,153,64,0,64,217
06/05/2022,APC,CA,AWP,WE,Towers with Radar,0,28,35,0,63,0,3,10,0,13,0,31,45,0,76,0,0,0,76
06/06/2022,APC,CA,AWP,WE,Towers with Radar,0,10,24,3,37,0,9,80,3,92,0,19,104,6,129,62,0,62,191
06/07/2022,APC,CA,AWP,WE,Towers with Radar,0,11,22,0,33,0,14,74,0,88,0,25,96,0,121,88,0,88,209
06/08/2022,APC,CA,AWP,WE,Towers with Radar,0,13,20,2,35,0,10,71,0,81,0,23,91,2,116,110,6,116,232
06/09/2022,APC,CA,AWP,WE,Towers with Radar,0,31,36,0,67,0,12,67,0,79,0,43,103,0,146,60,0,60,206
06/10/2022,APC,CA,AWP,WE,Towers with Radar,0,27,29,0,56,0,12,56,0,68,0,39,85,0,124,84,0,84,208
06/11/2022,APC,CA,AWP,WE,Towers with Radar,0,20,30,0,50,0,9,79,0,88,0,29,109,0,138,14,0,14,152
06/12/2022,APC,CA,AWP,WE,Towers with Radar,0,46,53,0,99,0,18,33,0,51,0,64,86,0,150,22,0,22,172
06/13/2022,APC,CA,AWP,WE,Towers with Radar,0,15,30,0,45,0,11,64,0,75,0,26,94,0,120,46,0,46,166
06/14/2022,APC,CA,AWP,WE,Towers with Radar,0,18,15,0,33,0,15,82,2,99,0,33,97,2,132,86,0,86,218
06/15/2022,APC,CA,AWP,WE,Towers with Radar,0,24,12,0,36,0,12,56,0,68,0,36,68,0,104,250,0,250,354
06/16/2022,APC,CA,AWP,WE,Towers with Radar,0,32,27,0,59,0,8,75,1,84,0,40,102,1,143,82,0,82,225
06/17/2022,APC,CA,AWP,WE,Towers with Radar,0,20,14,0,34,0,10,49,0,59,0,30,63,0,93,106,0,106,199
06/18/2022,APC,CA,AWP,WE,Towers with Radar,0,16,15,0,31,0,19,65,3,87,0,35,80,3,118,66,0,66,184
06/19/2022,APC,CA,AWP,WE,Towers with Radar,0,28,22,0,50,0,7,53,0,60,0,35,75,0,110,42,0,42,152
06/20/2022,APC,CA,AWP,WE,Towers with Radar,0,24,24,0,48,0,8,77,0,85,0,32,101,0,133,68,0,68,201
06/21/2022,APC,CA,AWP,WE,Towers with Radar,0,22,30,0,52,0,13,67,0,80,0,35,97,0,132,92,0,92,224
06/22/2022,APC,CA,AWP,WE,Towers with Radar,0,22,18,0,40,0,2,73,0,75,0,24,91,0,115,182,0,182,297
06/23/2022,APC,CA,AWP,WE,Towers with Radar,0,17,16,0,33,0,12,110,0,122,0,29,126,0,155,132,0,132,287
06/24/2022,APC,CA,AWP,WE,Towers with Radar,0,21,27,0,48,0,16,92,0,108,0,37,119,0,156,148,0,148,304
06/25/2022,APC,CA,AWP,WE,Towers with Radar,0,16,18,0,34,0,20,91,0,111,0,36,109,0,145,84,0,84,229
06/26/2022,APC,CA,AWP,WE,Towers with Radar,0,33,25,0,58,0,14,76,0,90,0,47,101,0,148,104,0,104,252
06/27/2022,APC,CA,AWP,WE,Towers with Radar,0,17,19,0,36,0,15,52,2,69,0,32,71,2,105,68,8,76,181
06/28/2022,APC,CA,AWP,WE,Towers with Radar,0,18,19,0,37,0,9,94,0,103,0,27,113,0,140,142,0,142,282
06/29/2022,APC,CA,AWP,WE,Towers with Radar,0,17,19,0,36,0,4,75,0,79,0,21,94,0,115,66,0,66,181
06/30/2022,APC,CA,AWP,WE,Towers with Radar,0,24,25,0,49,0,9,61,0,70,0,33,86,0,119,70,0,70,189
07/01/2022,APC,CA,AWP,WE,Towers with Radar,0,23,31,0,54,0,7,45,0,52,0,30,76,0,106,110,0,110,216
07/02/2022,APC,CA,AWP,WE,Towers with Radar,0,14,26,0,40,0,7,37,0,44,0,21,63,0,84,44,0,44,128
07/03/2022,APC,CA,AWP,WE,Towers with Radar,0,7,15,0,22,0,14,33,0,47,0,21,48,0,69,36,0,36,105
07/04/2022,APC,CA,AWP,WE,Towers with Radar,0,17,7,0,24,0,15,37,0,52,0,32,44,0,76,6,0,6,82
07/05/2022,APC,CA,AWP,WE,Towers with Radar,0,24,20,0,44,0,9,55,1,65,0,33,75,1,109,40,14,54,163
07/06/2022,APC,CA,AWP,WE,Towers with Radar,0,16,14,0,30,0,7,57,4,68,0,23,71,4,98,58,18,76,174
07/07/2022,APC,CA,AWP,WE,Towers with Radar,0,23,22,1,46,0,12,66,1,79,0,35,88,2,125,112,8,120,245
07/08/2022,APC,CA,AWP,WE,Towers with Radar,0,22,14,0,36,0,15,81,0,96,0,37,95,0,132,54,0,54,186
07/09/2022,APC,CA,AWP,WE,Towers with Radar,0,23,10,0,33,0,12,63,0,75,0,35,73,0,108,56,0,56,164
07/10/2022,APC,CA,AWP,WE,Towers with Radar,0,32,25,0,57,0,15,66,6,87,0,47,91,6,144,42,0,42,186
07/11/2022,APC,CA,AWP,WE,Towers with Radar,0,10,24,0,34,0,17,37,0,54,0,27,61,0,88,50,0,50,138
07/12/2022,APC,CA,AWP,WE,Towers with Radar,0,26,8,0,34,0,13,42,0,55,0,39,50,0,89,54,0,54,143
07/13/2022,APC,CA,AWP,WE,Towers with Radar,0,18,25,0,43,0,16,69,0,85,0,34,94,0,128,96,0,96,224
07/14/2022,APC,CA,AWP,WE,Towers with Radar,0,9,22,0,31,0,7,66,2,75,0,16,88,2,106,58,0,58,164
07/15/2022,APC,CA,AWP,WE,Towers with Radar,0,35,20,0,55,0,8,40,0,48,0,43,60,0,103,42,0,42,145
07/16/2022,APC,CA,AWP,WE,Towers with Radar,0,8,22,0,30,0,9,46,0,55,0,17,68,0,85,122,0,122,207
07/17/2022,APC,CA,AWP,WE,Towers with Radar,0,23,20,0,43,0,6,66,0,72,0,29,86,0,115,12,0,12,127
07/18/2022,APC,CA,AWP,WE,Towers with Radar,0,15,18,0,33,0,16,65,0,81,0,31,83,0,114,75,0,75,189
07/19/2022,APC,CA,AWP,WE,Towers with Radar,0,21,21,0,42,0,10,66,0,76,0,31,87,0,118,38,0,38,156
07/20/2022,APC,CA,AWP,WE,Towers with Radar,0,27,15,0,42,0,7,63,0,70,0,34,78,0,112,114,0,114,226
07/21/2022,APC,CA,AWP,WE,Towers with Radar,0,20,25,0,45,0,10,71,0,81,0,30,96,0,126,88,0,88,214
07/22/2022,APC,CA,AWP,WE,Towers with Radar,0,21,20,0,41,0,13,58,0,71,0,34,78,0,112,72,0,72,184
07/23/2022,APC,CA,AWP,WE,Towers with Radar,0,11,20,0,31,0,6,63,0,69,0,17,83,0,100,120,0,120,220
07/24/2022,APC,CA,AWP,WE,Towers with Radar,0,24,36,0,60,0,8,81,0,89,0,32,117,0,149,40,0,40,189
07/25/2022,APC,CA,AWP,WE,Towers with Radar,0,23,19,0,42,0,11,47,0,58,0,34,66,0,100,58,0,58,158
07/26/2022,APC,CA,AWP,WE,Towers with Radar,0,20,23,0,43,0,10,49,0,59,0,30,72,0,102,28,0,28,130
07/27/2022,APC,CA,AWP,WE,Towers with Radar,0,16,27,0,43,0,11,77,0,88,0,27,104,0,131,34,0,34,165
07/28/2022,APC,CA,AWP,WE,Towers with Radar,0,25,26,0,51,0,9,51,7,67,0,34,77,7,118,62,22,84,202
07/29/2022,APC,CA,AWP,WE,Towers with Radar,0,39,23,0,62,0,19,34,0,53,0,58,57,0,115,62,0,62,177
07/30/2022,APC,CA,AWP,WE,Towers with Radar,0,21,22,0,43,0,10,67,0,77,0,31,89,0,120,128,0,128,248
07/31/2022,APC,CA,AWP,WE,Towers with Radar,0,38,35,0,73,0,6,33,0,39,0,44,68,0,112,66,0,66,178
08/01/2022,APC,CA,AWP,WE,Towers with Radar,0,16,26,0,42,0,6,46,0,52,0,22,72,0,94,82,0,82,176
08/02/2022,APC,CA,AWP,WE,Towers with Radar,0,23,19,0,42,0,13,85,4,102,0,36,104,4,144,96,10,106,250
08/03/2022,APC,CA,AWP,WE,Towers with Radar,0,21,26,0,47,0,11,74,12,97,0,32,100,12,144,48,0,48,192
08/04/2022,APC,CA,AWP,WE,Towers with Radar,0,35,26,0,61,0,9,102,0,111,0,44,128,0,172,64,0,64,236
08/05/2022,APC,CA,AWP,WE,Towers with Radar,0,35,18,0,53,0,11,68,2,81,0,46,86,2,134,100,6,106,240
08/06/2022,APC,CA,AWP,WE,Towers with Radar,0,14,12,0,26,0,15,56,0,71,0,29,68,0,97,132,0,132,229
08/07/2022,APC,CA,AWP,WE,Towers with Radar,0,38,30,0,68,0,20,64,0,84,0,58,94,0,152,68,0,68,220
08/08/2022,APC,CA,AWP,WE,Towers with Radar,0,24,27,0,51,0,10,79,0,89,0,34,106,0,140,102,0,102,242
08/09/2022,APC,CA,AWP,WE,Towers with Radar,0,11,12,0,23,0,10,48,0,58,0,21,60,0,81,76,0,76,157
08/10/2022,APC,CA,AWP,WE,Towers with Radar,0,13,15,0,28,0,10,77,0,87,0,23,92,0,115,68,0,68,183
08/11/2022,APC,CA,AWP,WE,Towers with Radar,0,28,25,0,53,0,30,93,2,125,0,58,118,2,178,52,0,52,230
08/12/2022,APC,CA,AWP,WE,Towers with Radar,0,19,19,0,38,0,19,54,0,73,0,38,73,0,111,108,0,108,219
08/13/2022,APC,CA,AWP,WE,Towers with Radar,0,19,13,0,32,0,15,79,0,94,0,34,92,0,126,162,0,162,288
08/14/2022,APC,CA,AWP,WE,Towers with Radar,0,36,27,0,63,0,15,90,2,107,0,51,117,2,170,126,0,126,296
08/15/2022,APC,CA,AWP,WE,Towers with Radar,0,27,30,0,57,0,8,58,2,68,0,35,88,2,125,84,0,84,209
08/16/2022,APC,CA,AWP,WE,Towers with Radar,0,18,21,0,39,0,4,76,5,85,0,22,97,5,124,32,9,41,165
08/17/2022,APC,CA,AWP,WE,Towers with Radar,0,22,22,0,44,0,8,65,0,73,0,30,87,0,117,94,0,94,211
08/18/2022,APC,CA,AWP,WE,Towers with Radar,0,32,42,0,74,0,18,73,1,92,0,50,115,1,166,46,0,46,212
08/19/2022,APC,CA,AWP,WE,Towers with Radar,0,31,33,0,64,0,7,76,0,83,0,38,109,0,147,50,0,50,197
08/20/2022,APC,CA,AWP,WE,Towers with Radar,0,22,9,0,31,0,7,58,0,65,0,29,67,0,96,114,0,114,210
08/21/2022,APC,CA,AWP,WE,Towers with Radar,0,33,26,0,59,0,7,64,0,71,0,40,90,0,130,50,0,50,180
08/22/2022,APC,CA,AWP,WE,Towers with Radar,0,20,24,0,44,0,8,38,0,46,0,28,62,0,90,85,0,85,175
08/23/2022,APC,CA,AWP,WE,Towers with Radar,0,23,19,0,42,0,7,51,0,58,0,30,70,0,100,48,0,48,148
08/24/2022,APC,CA,AWP,WE,Towers with Radar,0,26,13,0,39,0,3,61,0,64,0,29,74,0,103,48,0,48,151
08/25/2022,APC,CA,AWP,WE,Towers with Radar,0,31,25,0,56,0,11,62,1,74,0,42,87,1,130,64,6,70,200
08/26/2022,APC,CA,AWP,WE,Towers with Radar,0,26,23,0,49,0,20,53,0,73,0,46,76,0,122,48,0,48,170
08/27/2022,APC,CA,AWP,WE,Towers with Radar,0,14,24,0,38,0,7,63,0,70,0,21,87,0,108,124,0,124,232
08/28/2022,APC,CA,AWP,WE,Towers with Radar,0,26,36,0,62,0,10,58,0,68,0,36,94,0,130,52,0,52,182
08/29/2022,APC,CA,AWP,WE,Towers with Radar,0,20,17,0,37,0,5,40,0,45,0,25,57,0,82,65,0,65,147
08/30/2022,APC,CA,AWP,WE,Towers with Radar,0,27,11,0,38,0,14,42,0,56,0,41,53,0,94,120,2,122,216
08/31/2022,APC,CA,AWP,WE,Towers with Radar,0,18,19,0,37,0,19,64,0,83,0,37,83,0,120,116,0,116,236
09/01/2022,APC,CA,AWP,WE,Towers with Radar,0,32,16,0,48,0,21,61,0,82,0,53,77,0,130,94,0,94,224
09/02/2022,APC,CA,AWP,WE,Towers with Radar,0,17,33,0,50,0,14,47,0,61,0,31,80,0,111,120,0,120,231
09/03/2022,APC,CA,AWP,WE,Towers with Radar,0,17,11,0,28,0,7,55,3,65,0,24,66,3,93,112,0,112,205
09/04/2022,APC,CA,AWP,WE,Towers with Radar,0,14,10,0,24,0,18,51,0,69,0,32,61,0,93,110,0,110,203
09/05/2022,APC,CA,AWP,WE,Towers with Radar,0,17,23,0,40,0,21,44,0,65,0,38,67,0,105,32,0,32,137
09/06/2022,APC,CA,AWP,WE,Towers with Radar,0,20,21,0,41,0,27,32,0,59,0,47,53,0,100,68,0,68,168
09/07/2022,APC,CA,AWP,WE,Towers with Radar,0,26,20,0,46,0,8,49,0,57,0,34,69,0,103,65,0,65,168
09/08/2022,APC,CA,AWP,WE,Towers with Radar,0,20,34,0,54,0,12,55,3,70,0,32,89,3,124,90,12,102,226
09/09/2022,APC,CA,AWP,WE,Towers with Radar,0,35,33,0,68,0,7,69,0,76,0,42,102,0,144,78,0,78,222
09/10/2022,APC,CA,AWP,WE,Towers with Radar,0,23,21,1,45,0,11,58,1,70,0,34,79,2,115,58,0,58,173
09/11/2022,APC,CA,AWP,WE,Towers with Radar,0,46,44,0,90,0,25,77,0,102,0,71,121,0,192,86,0,86,278
09/12/2022,APC,CA,AWP,WE,Towers with Radar,0,28,11,0,39,0,8,66,6,80,0,36,77,6,119,68,14,82,201
09/13/2022,APC,CA,AWP,WE,Towers with Radar,0,25,27,0,52,0,16,70,4,90,0,41,97,4,142,103,10,113,255
09/14/2022,APC,CA,AWP,WE,Towers with Radar,0,30,23,0,53,0,13,33,0,46,0,43,56,0,99,78,0,78,177
09/15/2022,APC,CA,AWP,WE,Towers with Radar,0,32,33,0,65,0,11,49,1,61,0,43,82,1,126,80,0,80,206
09/16/2022,APC,CA,AWP,WE,Towers with Radar,0,34,36,0,70,0,16,60,0,76,0,50,96,0,146,66,0,66,212
09/17/2022,APC,CA,AWP,WE,Towers with Radar,0,25,10,0,35,0,8,41,2,51,0,33,51,2,86,50,0,50,136
09/18/2022,APC,CA,AWP,WE,Towers with Radar,0,44,27,0,71,0,0,6,0,6,0,44,33,0,77,0,0,0,77
09/19/2022,APC,CA,AWP,WE,Towers with Radar,0,19,22,0,41,0,9,27,0,36,0,28,49,0,77,36,0,36,113
09/20/2022,APC,CA,AWP,WE,Towers with Radar,0,20,13,0,33,0,13,25,0,38,0,33,38,0,71,36,0,36,107
09/21/2022,APC,CA,AWP,WE,Towers with Radar,0,20,20,3,43,0,15,40,0,55,0,35,60,3,98,68,0,68,166
09/22/2022,APC,CA,AWP,WE,Towers with Radar,0,26,33,0,59,0,14,70,13,97,0,40,103,13,156,142,16,158,314
09/23/2022,APC,CA,AWP,WE,Towers with Radar,0,23,26,0,49,0,11,88,2,101,0,34,114,2,150,78,0,78,228
09/24/2022,APC,CA,AWP,WE,Towers with Radar,0,21,15,0,36,0,9,53,0,62,0,30,68,0,98,70,0,70,168
09/25/2022,APC,CA,AWP,WE,Towers with Radar,0,35,42,0,77,0,7,55,0,62,0,42,97,0,139,78,0,78,217
09/26/2022,APC,CA,AWP,WE,Towers with Radar,0,28,22,0,50,0,17,24,0,41,0,45,46,0,91,38,0,38,129
09/27/2022,APC,CA,AWP,WE,Towers with Radar,0,27,21,0,48,0,29,31,6,66,0,56,52,6,114,86,0,86,200
09/28/2022,APC,CA,AWP,WE,Towers with Radar,0,31,21,0,52,0,7,85,2,94,0,38,106,2,146,74,14,88,234
09/29/2022,APC,CA,AWP,WE,Towers with Radar,0,22,24,0,46,0,19,82,3,104,0,41,106,3,150,120,0,120,270
09/30/2022,APC,CA,AWP,WE,Towers with Radar,0,22,36,0,58,0,24,59,0,83,0,46,95,0,141,108,0,108,249
10/01/2022,APC,CA,AWP,WE,Towers with Radar,0,28,28,0,56,0,3,29,0,32,0,31,57,0,88,66,0,66,154
10/02/2022,APC,CA,AWP,WE,Towers with Radar,0,39,46,0,85,0,13,71,0,84,0,52,117,0,169,92,0,92,261
10/03/2022,APC,CA,AWP,WE,Towers with Radar,0,20,18,0,38,0,18,59,0,77,0,38,77,0,115,42,0,42,157
10/04/2022,APC,CA,AWP,WE,Towers with Radar,0,17,42,2,61,0,8,36,6,50,0,25,78,8,111,66,0,66,177
10/05/2022,APC,CA,AWP,WE,Towers with Radar,0,19,27,0,46,0,14,50,4,68,0,33,77,4,114,72,2,74,188
10/06/2022,APC,CA,AWP,WE,Towers with Radar,0,32,34,0,66,0,15,59,8,82,0,47,93,8,148,96,8,104,252
10/07/2022,APC,CA,AWP,WE,Towers with Radar,0,20,19,0,39,0,7,53,0,60,0,27,72,0,99,62,0,62,161
10/08/2022,APC,CA,AWP,WE,Towers with Radar,0,11,21,0,32,0,7,53,0,60,0,18,74,0,92,76,0,76,168
10/09/2022,APC,CA,AWP,WE,Towers with Radar,0,28,34,0,62,0,8,54,0,62,0,36,88,0,124,42,0,42,166
10/10/2022,APC,CA,AWP,WE,Towers with Radar,0,16,39,0,55,0,9,45,3,57,0,25,84,3,112,32,0,32,144
10/11/2022,APC,CA,AWP,WE,Towers with Radar,0,21,17,0,38,0,9,39,0,48,0,30,56,0,86,36,0,36,122
10/12/2022,APC,CA,AWP,WE,Towers with Radar,0,28,29,0,57,0,27,47,3,77,0,55,76,3,134,74,18,92,226
10/13/2022,APC,CA,AWP,WE,Towers with Radar,0,45,48,0,93,0,1,61,2,64,0,46,109,2,157,102,4,106,263
10/14/2022,APC,CA,AWP,WE,Towers with Radar,0,33,44,0,77,0,4,48,0,52,0,37,92,0,129,48,0,48,177
10/15/2022,APC,CA,AWP,WE,Towers with Radar,0,31,27,0,58,0,1,73,0,74,0,32,100,0,132,36,0,36,168
10/16/2022,APC,CA,AWP,WE,Towers with Radar,0,40,62,0,102,0,9,45,0,54,0,49,107,0,156,52,0,52,208
10/17/2022,APC,CA,AWP,WE,Towers with Radar,0,19,34,0,53,0,10,69,0,79,0,29,103,0,132,93,0,93,225
10/18/2022,APC,CA,AWP,WE,Towers with Radar,0,15,13,4,32,0,2,71,0,73,0,17,84,4,105,40,0,40,145
10/19/2022,APC,CA,AWP,WE,Towers with Radar,0,36,35,0,71,0,6,64,0,70,0,42,99,0,141,81,0,81,222
10/20/2022,APC,CA,AWP,WE,Towers with Radar,0,32,30,0,62,0,13,51,1,65,0,45,81,1,127,134,0,134,261
10/21/2022,APC,CA,AWP,WE,Towers with Radar,0,36,36,0,72,0,11,30,0,41,0,47,66,0,113,32,0,32,145
10/22/2022,APC,CA,AWP,WE,Towers with Radar,0,6,19,1,26,0,12,58,0,70,0,18,77,1,96,62,0,62,158
10/23/2022,APC,CA,AWP,WE,Towers with Radar,0,35,27,0,62,0,8,74,0,82,0,43,101,0,144,142,0,142,286
10/24/2022,APC,CA,AWP,WE,Towers with Radar,0,31,20,3,54,0,17,67,0,84,0,48,87,3,138,104,2,106,244
10/25/2022,APC,CA,AWP,WE,Towers with Radar,0,25,16,2,43,0,37,55,0,92,0,62,71,2,135,52,2,54,189
10/26/2022,APC,CA,AWP,WE,Towers with Radar,0,28,20,0,48,0,19,86,0,105,0,47,106,0,153,80,0,80,233
10/27/2022,APC,CA,AWP,WE,Towers with Radar,0,33,27,0,60,0,12,81,2,95,0,45,108,2,155,106,2,108,263
10/28/2022,APC,CA,AWP,WE,Towers with Radar,0,18,31,0,49,0,14,66,0,80,0,32,97,0,129,82,0,82,211
10/29/2022,APC,CA,AWP,WE,Towers with Radar,0,12,9,0,21,0,7,60,0,67,0,19,69,0,88,134,0,134,222
10/30/2022,APC,CA,AWP,WE,Towers with Radar,0,27,23,0,50,0,14,33,0,47,0,41,56,0,97,56,0,56,153
10/31/2022,APC,CA,AWP,WE,Towers with Radar,0,15,20,0,35,0,4,26,1,31,0,19,46,1,66,94,4,98,164
11/01/2022,APC,CA,AWP,WE,Towers with Radar,0,6,26,0,32,0,2,3,0,5,0,8,29,0,37,8,0,8,45
11/02/2022,APC,CA,AWP,WE,Towers with Radar,0,25,16,0,41,0,10,31,6,47,0,35,47,6,88,52,0,52,140
11/03/2022,APC,CA,AWP,WE,Towers with Radar,0,48,52,0,100,0,11,57,0,68,0,59,109,0,168,86,2,88,256
11/04/2022,APC,CA,AWP,WE,Towers with Radar,0,31,28,0,59,0,7,46,0,53,0,38,74,0,112,106,0,106,218
11/05/2022,APC,CA,AWP,WE,Towers with Radar,0,36,51,0,87,0,0,0,0,0,0,36,51,0,87,34,0,34,121
11/06/2022,APC,CA,AWP,WE,Towers with Radar,0,41,33,0,74,0,10,54,0,64,0,51,87,0,138,76,0,76,214
11/07/2022,APC,CA,AWP,WE,Towers with Radar,0,24,17,0,41,0,4,23,0,27,0,28,40,0,68,68,0,68,136
11/08/2022,APC,CA,AWP,WE,Towers with Radar,0,17,13,0,30,0,8,11,3,22,0,25,24,3,52,22,14,36,88
11/09/2022,APC,CA,AWP,WE,Towers with Radar,0,25,18,0,43,0,13,42,0,55,0,38,60,0,98,70,0,70,168
11/10/2022,APC,CA,AWP,WE,Towers with Radar,0,30,27,0,57,0,10,66,12,88,0,40,93,12,145,24,0,24,169
11/11/2022,APC,CA,AWP,WE,Towers with Radar,0,39,27,0,66,0,17,66,2,85,0,56,93,2,151,102,10,112,263
11/12/2022,APC,CA,AWP,WE,Towers with Radar,0,22,17,0,39,0,11,75,0,86,0,33,92,0,125,50,0,50,175
11/13/2022,APC,CA,AWP,WE,Towers with Radar,0,42,25,0,67,0,15,78,0,93,0,57,103,0,160,70,0,70,230
11/14/2022,APC,CA,AWP,WE,Towers with Radar,0,25,28,0,53,0,15,36,0,51,0,40,64,0,104,56,0,56,160
11/15/2022,APC,CA,AWP,WE,Towers with Radar,0,19,14,0,33,0,4,66,0,70,0,23,80,0,103,28,14,42,145
11/16/2022,APC,CA,AWP,WE,Towers with Radar,0,23,19,0,42,0,11,68,0,79,0,34,87,0,121,80,0,80,201
11/17/2022,APC,CA,AWP,WE,Towers with Radar,0,25,20,0,45,0,17,54,3,74,0,42,74,3,119,108,0,108,227
11/18/2022,APC,CA,AWP,WE,Towers with Radar,0,31,39,0,70,0,9,62,0,71,0,40,101,0,141,50,0,50,191
11/19/2022,APC,CA,AWP,WE,Towers with Radar,0,30,28,0,58,0,18,107,0,125,0,48,135,0,183,44,0,44,227
11/20/2022,APC,CA,AWP,WE,Towers with Radar,0,21,22,0,43,0,14,75,0,89,0,35,97,0,132,76,0,76,208
11/21/2022,APC,CA,AWP,WE,Towers with Radar,0,13,9,0,22,0,7,105,0,112,0,20,114,0,134,56,0,56,190
11/22/2022,APC,CA,AWP,WE,Towers with Radar,0,19,17,0,36,0,8,65,0,73,0,27,82,0,109,30,0,30,139
11/23/2022,APC,CA,AWP,WE,Towers with Radar,0,24,22,0,46,0,21,86,0,107,0,45,108,0,153,126,0,126,279
11/24/2022,APC,CA,AWP,WE,Towers with Radar,0,7,3,0,10,0,5,20,0,25,0,12,23,0,35,14,0,14,49
11/25/2022,APC,CA,AWP,WE,Towers with Radar,0,14,2,0,16,0,18,65,0,83,0,32,67,0,99,66,0,66,165
11/26/2022,APC,CA,AWP,WE,Towers with Radar,0,21,16,0,37,0,12,39,0,51,0,33,55,0,88,90,0,90,178
11/27/2022,APC,CA,AWP,WE,Towers with Radar,0,13,18,0,31,0,12,65,0,77,0,25,83,0,108,110,0,110,218
11/28/2022,APC,CA,AWP,WE,Towers with Radar,0,21,12,0,33,0,9,45,0,54,0,30,57,0,87,68,0,68,155
11/29/2022,APC,CA,AWP,WE,Towers with Radar,0,14,2,0,16,0,11,68,0,79,0,25,70,0,95,94,0,94,189
11/30/2022,APC,CA,AWP,WE,Towers with Radar,0,7,5,0,12,0,25,53,5,83,0,32,58,5,95,110,24,134,229
12/01/2022,APC,CA,AWP,WE,Towers with Radar,0,10,9,0,19,0,9,3,0,12,0,19,12,0,31,16,0,16,47
12/02/2022,APC,CA,AWP,WE,Towers with Radar,0,15,15,0,30,0,12,61,0,73,0,27,76,0,103,20,0,20,123
12/03/2022,APC,CA,AWP,WE,Towers with Radar,0,9,8,0,17,0,0,0,0,0,0,9,8,0,17,0,0,0,17
12/04/2022,APC,CA,AWP,WE,Towers with Radar,0,19,13,0,32,0,7,15,0,22,0,26,28,0,54,90,0,90,144
12/05/2022,APC,CA,AWP,WE,Towers with Radar,0,12,21,0,33,0,4,24,1,29,0,16,45,1,62,60,24,84,146
12/06/2022,APC,CA,AWP,WE,Towers with Radar,0,6,12,1,19,0,10,34,1,45,0,16,46,2,64,68,22,90,154
12/07/2022,APC,CA,AWP,WE,Towers with Radar,0,20,19,0,39,0,15,57,2,74,0,35,76,2,113,86,30,116,229
12/08/2022,APC,CA,AWP,WE,Towers with Radar,0,11,13,0,24,0,2,15,0,17,0,13,28,0,41,38,0,38,79
12/09/2022,APC,CA,AWP,WE,Towers with Radar,0,33,19,0,52,0,8,38,2,48,0,41,57,2,100,106,2,108,208
12/10/2022,APC,CA,AWP,WE,Towers with Radar,0,9,5,0,14,0,1,0,0,1,0,10,5,0,15,2,0,2,17
12/11/2022,APC,CA,AWP,WE,Towers with Radar,0,20,18,0,38,0,7,15,2,24,0,27,33,2,62,140,0,140,202
12/12/2022,APC,CA,AWP,WE,Towers with Radar,0,16,9,0,25,0,18,76,12,106,0,34,85,12,131,76,38,114,245
12/13/2022,APC,CA,AWP,WE,Towers with Radar,0,26,12,0,38,0,7,62,0,69,0,33,74,0,107,58,0,58,165
12/14/2022,APC,CA,AWP,WE,Towers with Radar,0,13,11,0,24,0,11,48,0,59,0,24,59,0,83,82,14,96,179
12/15/2022,APC,CA,AWP,WE,Towers with Radar,0,19,8,0,27,0,18,72,1,91,0,37,80,1,118,76,0,76,194
12/16/2022,APC,CA,AWP,WE,Towers with Radar,0,15,14,0,29,0,13,79,0,92,0,28,93,0,121,24,0,24,145
12/17/2022,APC,CA,AWP,WE,Towers with Radar,0,12,19,0,31,0,7,69,2,78,0,19,88,2,109,142,6,148,257
12/18/2022,APC,CA,AWP,WE,Towers with Radar,0,10,14,0,24,0,4,76,0,80,0,14,90,0,104,144,0,144,248
12/19/2022,APC,CA,AWP,WE,Towers with Radar,0,15,21,0,36,0,5,0,0,5,0,20,21,0,41,0,0,0,41
12/20/2022,APC,CA,AWP,WE,Towers with Radar,0,11,8,0,19,0,8,47,0,55,0,19,55,0,74,82,0,82,156
12/21/2022,APC,CA,AWP,WE,Towers with Radar,0,15,5,0,20,0,20,67,0,87,0,35,72,0,107,94,0,94,201
12/22/2022,APC,CA,AWP,WE,Towers with Radar,0,2,11,0,13,0,9,20,3,32,0,11,31,3,45,26,0,26,71
12/23/2022,APC,CA,AWP,WE,Towers with Radar,0,4,11,0,15,0,18,25,0,43,0,22,36,0,58,46,0,46,104
12/24/2022,APC,CA,AWP,WE,Towers with Radar,0,6,2,0,8,0,12,42,0,54,0,18,44,0,62,64,0,64,126
12/25/2022,APC,CA,AWP,WE,Towers with Radar,0,10,5,0,15,0,1,6,0,7,0,11,11,0,22,24,0,24,46
12/26/2022,APC,CA,AWP,WE,Towers with Radar,0,15,31,0,46,0,6,3,0,9,0,21,34,0,55,0,0,0,55
12/27/2022,APC,CA,AWP,WE,Towers with Radar,0,6,17,0,23,0,3,0,0,3,0,9,17,0,26,0,0,0,26
12/28/2022,APC,CA,AWP,WE,Towers with Radar,0,13,13,0,26,0,35,65,0,100,0,48,78,0,126,88,0,88,214
12/29/2022,APC,CA,AWP,WE,Towers with Radar,0,21,15,0,36,0,0,0,0,0,0,21,15,0,36,0,0,0,36
12/30/2022,APC,CA,AWP,WE,Towers with Radar,0,7,12,0,19,0,0,0,0,0,0,7,12,0,19,0,0,0,19
12/31/2022,APC,CA,AWP,WE,Towers with Radar,0,12,5,0,17,0,2,0,0,2,0,14,5,0,19,6,0,6,25
01/01/2023,APC,CA,AWP,WE,Towers with Radar,0,18,10,0,28,0,9,67,0,76,0,27,77,0,104,62,6,68,172
01/02/2023,APC,CA,AWP,WE,Towers with Radar,0,19,12,0,31,0,2,16,2,20,0,21,28,2,51,18,22,40,91
01/03/2023,APC,CA,AWP,WE,Towers with Radar,0,11,18,0,29,0,27,5,2,34,0,38,23,2,63,70,16,86,149
01/04/2023,APC,CA,AWP,WE,Towers with Radar,0,11,7,0,18,0,2,1,0,3,0,13,8,0,21,4,0,4,25
01/05/2023,APC,CA,AWP,WE,Towers with Radar,0,12,11,0,23,0,0,0,0,0,0,12,11,0,23,8,0,8,31
01/06/2023,APC,CA,AWP,WE,Towers with Radar,0,3,11,0,14,0,8,13,0,21,0,11,24,0,35,26,0,26,61
01/07/2023,APC,CA,AWP,WE,Towers with Radar,0,10,3,0,13,0,3,10,2,15,0,13,13,2,28,26,0,26,54
01/08/2023,APC,CA,AWP,WE,Towers with Radar,0,14,10,0,24,0,5,14,2,21,0,19,24,2,45,98,18,116,161
01/09/2023,APC,CA,AWP,WE,Towers with Radar,0,8,5,0,13,0,11,15,0,26,0,19,20,0,39,68,0,68,107
01/10/2023,APC,CA,AWP,WE,Towers with Radar,0,4,4,0,8,0,6,0,0,6,0,10,4,0,14,18,0,18,32
01/11/2023,APC,CA,AWP,WE,Towers with Radar,0,9,11,0,20,0,0,4,0,4,0,9,15,0,24,0,0,0,24
01/12/2023,APC,CA,AWP,WE,Towers with Radar,0,12,7,0,19,0,6,84,0,90,0,18,91,0,109,78,0,78,187
01/13/2023,APC,CA,AWP,WE,Towers with Radar,0,19,10,0,29,0,0,0,0,0,0,19,10,0,29,10,0,10,39
01/14/2023,APC,CA,AWP,WE,Towers with Radar,0,5,4,0,9,0,1,2,0,3,0,6,6,0,12,16,0,16,28
01/15/2023,APC,CA,AWP,WE,Towers with Radar,0,9,19,2,30,0,2,2,0,4,0,11,21,2,34,4,2,6,40
01/16/2023,APC,CA,AWP,WE,Towers with Radar,0,8,14,0,22,0,9,27,0,36,0,17,41,0,58,58,0,58,116
01/17/2023,APC,CA,AWP,WE,Towers with Radar,0,13,14,0,27,0,22,54,26,102,0,35,68,26,129,58,22,80,209
01/18/2023,APC,CA,AWP,WE,Towers with Radar,0,11,20,0,31,0,3,24,0,27,0,14,44,0,58,86,0,86,144
01/19/2023,APC,CA,AWP,WE,Towers with Radar,0,19,20,0,39,0,10,57,6,73,0,29,77,6,112,162,0,162,274
01/20/2023,APC,CA,AWP,WE,Towers with Radar,0,11,24,0,35,0,9,79,3,91,0,20,103,3,126,78,0,78,204
01/21/2023,APC,CA,AWP,WE,Towers with Radar,0,9,11,0,20,0,13,107,0,120,0,22,118,0,140,98,0,98,238
01/22/2023,APC,CA,AWP,WE,Towers with Radar,0,13,11,0,24,0,11,34,0,45,0,24,45,0,69,44,0,44,113
01/23/2023,APC,CA,AWP,WE,Towers with Radar,0,11,8,0,19,0,13,32,0,45,0,24,40,0,64,26,0,26,90
01/24/2023,APC,CA,AWP,WE,Towers with Radar,0,14,7,0,21,0,7,79,0,86,0,21,86,0,107,60,0,60,167
01/25/2023,APC,CA,AWP,WE,Towers with Radar,0,10,8,0,18,0,14,103,0,117,0,24,111,0,135,118,0,118,253
01/26/2023,APC,CA,AWP,WE,Towers with Radar,0,16,10,0,26,0,6,75,5,86,0,22,85,5,112,74,0,74,186
01/27/2023,APC,CA,AWP,WE,Towers with Radar,0,18,19,0,37,0,8,68,0,76,0,26,87,0,113,54,0,54,167
01/28/2023,APC,CA,AWP,WE,Towers with Radar,0,14,23,0,37,0,11,25,0,36,0,25,48,0,73,24,0,24,97
01/29/2023,APC,CA,AWP,WE,Towers with Radar,0,10,17,0,27,0,11,13,1,25,0,21,30,1,52,74,0,74,126
01/30/2023,APC,CA,AWP,WE,Towers with Radar,0,11,10,0,21,0,13,56,3,72,0,24,66,3,93,94,44,138,231
01/31/2023,APC,CA,AWP,WE,Towers with Radar,0,7,16,0,23,0,18,67,0,85,0,25,83,0,108,22,0,22,130
02/01/2023,APC,CA,AWP,WE,Towers with Radar,0,10,14,0,24,0,11,73,3,87,0,21,87,3,111,102,8,110,221
02/02/2023,APC,CA,AWP,WE,Towers with Radar,0,12,21,0,33,0,10,59,6,75,0,22,80,6,108,118,0,118,226
02/03/2023,APC,CA,AWP,WE,Towers with Radar,0,10,25,0,35,0,10,13,0,23,0,20,38,0,58,80,0,80,138
02/04/2023,APC,CA,AWP,WE,Towers with Radar,0,9,6,0,15,0,1,8,0,9,0,10,14,0,24,38,0,38,62
02/05/2023,APC,CA,AWP,WE,Towers with Radar,0,23,18,0,41,0,7,47,0,54,0,30,65,0,95,88,0,88,183
02/06/2023,APC,CA,AWP,WE,Towers with Radar,0,13,9,0,22,0,13,71,0,84,0,26,80,0,106,56,0,56,162
02/07/2023,APC,CA,AWP,WE,Towers with Radar,0,7,6,0,13,0,22,77,0,99,0,29,83,0,112,130,0,130,242
02/08/2023,APC,CA,AWP,WE,Towers with Radar,0,22,6,0,28,0,36,82,0,118,0,58,88,0,146,82,0,82,228
02/09/2023,APC,CA,AWP,WE,Towers with Radar,0,12,12,0,24,0,18,73,0,91,0,30,85,0,115,100,0,100,215
02/10/2023,APC,CA,AWP,WE,Towers with Radar,0,17,20,0,37,0,8,29,0,37,0,25,49,0,74,90,0,90,164
02/11/2023,APC,CA,AWP,WE,Towers with Radar,0,15,12,2,29,0,11,54,0,65,0,26,66,2,94,84,0,84,178
02/12/2023,APC,CA,AWP,WE,Towers with Radar,0,13,18,0,31,0,10,90,0,100,0,23,108,0,131,98,0,98,229
02/13/2023,APC,CA,AWP,WE,Towers with Radar,0,8,15,0,23,0,9,36,0,45,0,17,51,0,68,56,0,56,124
02/14/2023,APC,CA,AWP,WE,Towers with Radar,0,14,6,0,20,0,20,34,0,54,0,34,40,0,74,12,0,12,86
02/15/2023,APC,CA,AWP,WE,Towers with Radar,0,9,14,0,23,0,15,75,3,93,0,24,89,3,116,80,14,94,210
02/16/2023,APC,CA,AWP,WE,Towers with Radar,0,18,12,0,30,0,22,74,3,99,0,40,86,3,129,60,0,60,189
02/17/2023,APC,CA,AWP,WE,Towers with Radar,0,15,11,3,29,0,14,73,0,87,0,29,84,3,116,52,0,52,168
02/18/2023,APC,CA,AWP,WE,Towers with Radar,0,19,10,0,29,0,7,69,0,76,0,26,79,0,105,158,0,158,263
02/19/2023,APC,CA,AWP,WE,Towers with Radar,0,13,11,0,24,0,14,78,0,92,0,27,89,0,116,96,0,96,212
02/20/2023,APC,CA,AWP,WE,Towers with Radar,0,15,19,0,34,0,16,82,0,98,0,31,101,0,132,74,0,74,206
02/21/2023,APC,CA,AWP,WE,Towers with Radar,0,9,13,0,22,0,39,7,0,46,0,48,20,0,68,14,0,14,82
02/22/2023,APC,CA,AWP,WE,Towers with Radar,0,7,21,0,28,0,25,23,0,48,0,32,44,0,76,60,0,60,136
02/23/2023,APC,CA,AWP,WE,Towers with Radar,0,17,14,0,31,0,6,8,2,16,0,23,22,2,47,18,12,30,77
02/24/2023,APC,CA,AWP,WE,Towers with Radar,0,12,12,0,24,0,10,9,2,21,0,22,21,2,45,76,6,82,127
02/25/2023,APC,CA,AWP,WE,Towers with Radar,0,16,15,0,31,0,14,18,0,32,0,30,33,0,63,88,0,88,151
02/26/2023,APC,CA,AWP,WE,Towers with Radar,0,17,22,0,39,0,3,7,0,10,0,20,29,0,49,88,0,88,137
02/27/2023,APC,CA,AWP,WE,Towers with Radar,0,8,9,0,17,0,4,1,4,9,0,12,10,4,26,0,22,22,48
02/28/2023,APC,CA,AWP,WE,Towers with Radar,0,10,13,0,23,0,0,4,0,4,0,10,17,0,27,0,0,0,27
03/01/2023,APC,CA,AWP,WE,Towers with Radar,0,18,16,0,34,0,20,49,9,78,0,38,65,9,112,56,32,88,200
03/02/2023,APC,CA,AWP,WE,Towers with Radar,0,23,9,0,32,0,15,87,0,102,0,38,96,0,134,74,2,76,210
03/03/2023,APC,CA,AWP,WE,Towers with Radar,0,20,10,0,30,0,11,61,2,74,0,31,71,2,104,110,8,118,222
03/04/2023,APC,CA,AWP,WE,Towers with Radar,0,21,10,0,31,0,6,15,0,21,0,27,25,0,52,60,0,60,112
03/05/2023,APC,CA,AWP,WE,Towers with Radar,0,9,21,0,30,0,7,13,0,20,0,16,34,0,50,6,0,6,56
03/06/2023,APC,CA,AWP,WE,Towers with Radar,0,19,9,0,28,0,8,10,2,20,0,27,19,2,48,34,2,36,84
03/07/2023,APC,CA,AWP,WE,Towers with Radar,0,17,15,0,32,0,16,45,0,61,0,33,60,0,93,24,0,24,117
03/08/2023,APC,CA,AWP,WE,Towers with Radar,0,17,13,0,30,0,11,72,0,83,0,28,85,0,113,76,0,76,189
03/09/2023,APC,CA,AWP,WE,Towers with Radar,0,20,24,0,44,0,0,10,0,10,0,20,34,0,54,12,0,12,66
03/10/2023,APC,CA,AWP,WE,Towers with Radar,0,9,34,0,43,0,15,27,0,42,0,24,61,0,85,66,0,66,151
03/11/2023,APC,CA,AWP,WE,Towers with Radar,0,14,12,0,26,0,0,0,0,0,0,14,12,0,26,26,0,26,52
03/12/2023,APC,CA,AWP,WE,Towers with Radar,0,14,38,2,54,0,0,0,0,0,0,14,38,2,54,0,0,0,54
03/13/2023,APC,CA,AWP,WE,Towers with Radar,0,15,11,2,28,0,0,1,0,1,0,15,12,2,29,0,0,0,29
03/14/2023,APC,CA,AWP,WE,Towers with Radar,0,4,10,0,14,0,0,0,0,0,0,4,10,0,14,0,0,0,14
03/15/2023,APC,CA,AWP,WE,Towers with Radar,0,13,14,0,27,0,28,75,0,103,0,41,89,0,130,134,0,134,264
03/16/2023,APC,CA,AWP,WE,Towers with Radar,0,12,12,0,24,0,17,84,6,107,0,29,96,6,131,56,4,60,191
03/17/2023,APC,CA,AWP,WE,Towers with Radar,0,19,12,0,31,0,21,74,0,95,0,40,86,0,126,78,0,78,204
03/18/2023,APC,CA,AWP,WE,Towers with Radar,0,9,7,0,16,0,16,69,0,85,0,25,76,0,101,126,0,126,227
03/19/2023,APC,CA,AWP,WE,Towers with Radar,0,17,14,0,31,0,2,0,0,2,0,19,14,0,33,0,0,0,33
03/20/2023,APC,CA,AWP,WE,Towers with Radar,0,18,11,0,29,0,13,34,1,48,0,31,45,1,77,32,0,32,109
03/21/2023,APC,CA,AWP,WE,Towers with Radar,0,15,7,0,22,0,0,0,0,0,0,15,7,0,22,0,0,0,22
03/22/2023,APC,CA,AWP,WE,Towers with Radar,0,16,26,0,42,0,11,67,0,78,0,27,93,0,120,94,0,94,214
03/23/2023,APC,CA,AWP,WE,Towers with Radar,0,17,19,0,36,0,33,70,0,103,0,50,89,0,139,36,0,36,175
03/24/2023,APC,CA,AWP,WE,Towers with Radar,0,18,14,0,32,0,13,96,0,109,0,31,110,0,141,82,0,82,223
03/25/2023,APC,CA,AWP,WE,Towers with Radar,0,9,7,0,16,0,6,65,0,71,0,15,72,0,87,104,0,104,191
03/26/2023,APC,CA,AWP,WE,Towers with Radar,0,12,21,0,33,0,10,91,3,104,0,22,112,3,137,60,0,60,197
03/27/2023,APC,CA,AWP,WE,Towers with Radar,0,20,10,0,30,0,9,69,5,83,0,29,79,5,113,114,18,132,245
03/28/2023,APC,CA,AWP,WE,Towers with Radar,0,18,6,0,24,0,9,2,0,11,0,27,8,0,35,0,0,0,35
03/29/2023,APC,CA,AWP,WE,Towers with Radar,0,25,13,0,38,0,4,5,0,9,0,29,18,0,47,20,0,20,67
03/30/2023,APC,CA,AWP,WE,Towers with Radar,0,23,23,0,46,0,29,82,0,111,0,52,105,0,157,120,0,120,277
03/31/2023,APC,CA,AWP,WE,Towers with Radar,0,25,19,0,44,0,10,70,0,80,0,35,89,0,124,122,0,122,246
04/01/2023,APC,CA,AWP,WE,Towers with Radar,0,19,23,0,42,0,9,63,0,72,0,28,86,0,114,112,0,112,226
04/02/2023,APC,CA,AWP,WE,Towers with Radar,0,33,27,0,60,0,6,62,3,71,0,39,89,3,131,126,0,126,257
04/03/2023,APC,CA,AWP,WE,Towers with Radar,0,16,12,0,28,0,15,27,0,42,0,31,39,0,70,46,12,58,128
04/04/2023,APC,CA,AWP,WE,Towers with Radar,0,12,9,0,21,0,15,88,0,103,0,27,97,0,124,86,0,86,210
04/05/2023,APC,CA,AWP,WE,Towers with Radar,0,20,17,0,37,0,26,99,0,125,0,46,116,0,162,154,0,154,316
04/06/2023,APC,CA,AWP,WE,Towers with Radar,0,14,12,0,26,0,8,56,8,72,0,22,68,8,98,90,0,90,188
04/07/2023,APC,CA,AWP,WE,Towers with Radar,0,12,23,0,35,0,1,7,0,8,0,13,30,0,43,2,0,2,45
04/08/2023,APC,CA,AWP,WE,Towers with Radar,0,16,10,0,26,0,15,83,6,104,0,31,93,6,130,164,0,164,294
04/09/2023,APC,CA,AWP,WE,Towers with Radar,0,12,9,0,21,0,5,57,0,62,0,17,66,0,83,58,0,58,141
04/10/2023,APC,CA,AWP,WE,Towers with Radar,0,24,10,0,34,0,13,70,11,94,0,37,80,11,128,92,10,102,230
04/11/2023,APC,CA,AWP,WE,Towers with Radar,0,18,14,0,32,0,12,61,0,73,0,30,75,0,105,44,0,44,149
04/12/2023,APC,CA,AWP,WE,Towers with Radar,0,15,11,0,26,0,12,63,3,78,0,27,74,3,104,54,0,54,158
04/13/2023,APC,CA,AWP,WE,Towers with Radar,0,31,28,0,59,0,20,77,2,99,0,51,105,2,158,86,2,88,246
04/14/2023,APC,CA,AWP,WE,Towers with Radar,0,27,17,0,44,0,9,79,0,88,0,36,96,0,132,42,0,42,174
04/15/2023,APC,CA,AWP,WE,Towers with Radar,0,19,26,0,45,0,16,52,2,70,0,35,78,2,115,64,0,64,179
04/16/2023,APC,CA,AWP,WE,Towers with Radar,0,31,27,0,58,0,15,60,0,75,0,46,87,0,133,48,0,48,181
04/17/2023,APC,CA,AWP,WE,Towers with Radar,0,27,19,0,46,0,12,63,3,78,0,39,82,3,124,80,2,82,206
04/18/2023,APC,CA,AWP,WE,Towers with Radar,0,25,19,0,44,0,12,76,0,88,0,37,95,0,132,50,0,50,182
04/19/2023,APC,CA,AWP,WE,Towers with Radar,0,12,24,0,36,0,17,115,3,135,0,29,139,3,171,130,0,130,301
04/20/2023,APC,CA,AWP,WE,Towers with Radar,0,16,17,0,33,0,11,77,3,91,0,27,94,3,124,36,0,36,160
04/21/2023,APC,CA,AWP,WE,Towers with Radar,0,17,15,0,32,0,14,91,0,105,0,31,106,0,137,84,0,84,221
04/22/2023,APC,CA,AWP,WE,Towers with Radar,0,17,16,0,33,0,16,111,0,127,0,33,127,0,160,44,0,44,204
04/23/2023,APC,CA,AWP,WE,Towers with Radar,0,31,29,0,60,0,15,85,0,100,0,46,114,0,160,124,0,124,284
04/24/2023,APC,CA,AWP,WE,Towers with Radar,0,18,17,1,36,0,10,73,1,84,0,28,90,2,120,122,0,122,242
04/25/2023,APC,CA,AWP,WE,Towers with Radar,0,24,17,1,42,0,14,76,2,92,0,38,93,3,134,80,0,80,214
04/26/2023,APC,CA,AWP,WE,Towers with Radar,0,18,12,0,30,0,16,94,0,110,0,34,106,0,140,70,0,70,210
04/27/2023,APC,CA,AWP,WE,Towers with Radar,0,29,18,0,47,0,11,76,0,87,0,40,94,0,134,119,0,119,253
04/28/2023,APC,CA,AWP,WE,Towers with Radar,0,35,21,0,56,0,19,87,2,108,0,54,108,2,164,94,24,118,282
04/29/2023,APC,CA,AWP,WE,Towers with Radar,0,22,21,0,43,0,10,67,0,77,0,32,88,0,120,78,0,78,198
04/30/2023,APC,CA,AWP,WE,Towers with Radar,0,32,15,1,48,0,9,56,0,65,0,41,71,1,113,66,0,66,179
05/01/2023,APC,CA,AWP,WE,Towers with Radar,0,11,24,0,35,0,23,63,0,86,0,34,87,0,121,98,0,98,219
05/02/2023,APC,CA,AWP,WE,Towers with Radar,0,16,12,0,28,0,11,14,2,27,0,27,26,2,55,30,8,38,93
05/03/2023,APC,CA,AWP,WE,Towers with Radar,0,27,26,0,53,0,7,40,0,47,0,34,66,0,100,84,0,84,184
05/04/2023,APC,CA,AWP,WE,Towers with Radar,0,26,18,0,44,0,4,37,3,44,0,30,55,3,88,110,0,110,198
05/05/2023,APC,CA,AWP,WE,Towers with Radar,0,20,32,0,52,0,17,47,1,65,0,37,79,1,117,76,0,76,193
05/06/2023,APC,CA,AWP,WE,Towers with Radar,0,15,24,0,39,0,7,19,0,26,0,22,43,0,65,16,0,16,81
05/07/2023,APC,CA,AWP,WE,Towers with Radar,0,34,23,0,57,0,13,84,0,97,0,47,107,0,154,110,0,110,264
05/08/2023,APC,CA,AWP,WE,Towers with Radar,0,26,12,0,38,0,9,61,1,71,0,35,73,1,109,57,0,57,166
05/09/2023,APC,CA,AWP,WE,Towers with Radar,0,15,19,0,34,0,10,97,1,108,0,25,116,1,142,146,0,146,288
05/10/2023,APC,CA,AWP,WE,Towers with Radar,0,18,25,1,44,0,18,93,1,112,0,36,118,2,156,116,2,118,274
05/11/2023,APC,CA,AWP,WE,Towers with Radar,0,17,20,0,37,0,20,85,0,105,0,37,105,0,142,96,0,96,238
05/12/2023,APC,CA,AWP,WE,Towers with Radar,0,17,33,0,50,0,20,77,0,97,0,37,110,0,147,134,0,134,281
05/13/2023,APC,CA,AWP,WE,Towers with Radar,0,5,15,0,20,0,22,90,0,112,0,27,105,0,132,74,0,74,206
05/14/2023,APC,CA,AWP,WE,Towers with Radar,0,17,19,0,36,0,13,49,0,62,0,30,68,0,98,20,0,20,118
05/15/2023,APC,CA,AWP,WE,Towers with Radar,0,13,13,0,26,0,6,79,0,85,0,19,92,0,111,122,0,122,233
05/16/2023,APC,CA,AWP,WE,Towers with Radar,0,17,19,0,36,0,35,80,0,115,0,52,99,0,151,174,0,174,325
05/17/2023,APC,CA,AWP,WE,Towers with Radar,0,15,20,0,35,0,43,67,0,110,0,58,87,0,145,128,0,128,273
05/18/2023,APC,CA,AWP,WE,Towers with Radar,0,31,34,0,65,0,11,73,3,87,0,42,107,3,152,86,8,94,246
05/19/2023,APC,CA,AWP,WE,Towers with Radar,0,28,21,0,49,0,12,68,0,80,0,40,89,0,129,88,0,88,217
05/20/2023,APC,CA,AWP,WE,Towers with Radar,0,17,13,0,30,0,13,42,2,57,0,30,55,2,87,56,0,56,143
05/21/2023,APC,CA,AWP,WE,Towers with Radar,0,36,27,0,63,0,7,43,4,54,0,43,70,4,117,10,0,10,127
05/22/2023,APC,CA,AWP,WE,Towers with Radar,0,14,15,2,31,0,13,48,1,62,0,27,63,3,93,98,2,100,193
05/23/2023,APC,CA,AWP,WE,Towers with Radar,0,13,20,0,33,0,5,43,0,48,0,18,63,0,81,54,0,54,135
05/24/2023,APC,CA,AWP,WE,Towers with Radar,0,28,31,0,59,0,7,50,2,59,0,35,81,2,118,110,10,120,238
05/25/2023,APC,CA,AWP,WE,Towers with Radar,0,31,62,0,93,0,14,27,0,41,0,45,89,0,134,18,0,18,152
05/26/2023,APC,CA,AWP,WE,Towers with Radar,0,42,40,0,82,0,12,44,0,56,0,54,84,0,138,84,0,84,222
05/27/2023,APC,CA,AWP,WE,Towers with Radar,0,25,17,0,42,0,8,44,0,52,0,33,61,0,94,52,0,52,146
05/28/2023,APC,CA,AWP,WE,Towers with Radar,0,25,24,0,49,0,12,29,0,41,0,37,53,0,90,52,0,52,142
05/29/2023,APC,CA,AWP,WE,Towers with Radar,0,57,55,0,112,0,10,55,0,65,0,67,110,0,177,66,0,66,243
05/30/2023,APC,CA,AWP,WE,Towers with Radar,0,12,19,0,31,0,7,66,0,73,0,19,85,0,104,72,0,72,176
05/31/2023,APC,CA,AWP,WE,Towers with Radar,0,19,11,0,30,0,9,61,0,70,0,28,72,0,100,66,0,66,166
06/01/2023,APC,CA,AWP,WE,Towers with Radar,0,25,20,0,45,0,14,66,3,83,0,39,86,3,128,66,8,74,202
06/02/2023,APC,CA,AWP,WE,Towers with Radar,0,13,21,0,34,0,9,56,2,67,0,22,77,2,101,96,12,108,209
06/03/2023,APC,CA,AWP,WE,Towers with Radar,0,14,8,0,22,0,11,80,0,91,0,25,88,0,113,88,0,88,201
06/04/2023,APC,CA,AWP,WE,Towers with Radar,0,25,27,0,52,0,6,59,0,65,0,31,86,0,117,136,0,136,253
06/05/2023,APC,CA,AWP,WE,Towers with Radar,0,10,25,0,35,0,14,24,5,43,0,24,49,5,78,72,2,74,152
06/06/2023,APC,CA,AWP,WE,Towers with Radar,0,16,19,0,35,0,6,38,0,44,0,22,57,0,79,56,0,56,135
06/07/2023,APC,CA,AWP,WE,Towers with Radar,0,11,24,0,35,0,10,23,0,33,0,21,47,0,68,54,0,54,122
06/08/2023,APC,CA,AWP,WE,Towers with Radar,0,27,20,0,47,0,13,55,2,70,0,40,75,2,117,142,10,152,269
06/09/2023,APC,CA,AWP,WE,Towers with Radar,0,13,29,0,42,0,8,52,0,60,0,21,81,0,102,100,0,100,202
06/10/2023,APC,CA,AWP,WE,Towers with Radar,0,21,29,0,50,0,11,69,0,80,0,32,98,0,130,68,0,68,198
06/11/2023,APC,CA,AWP,WE,Towers with Radar,0,29,56,0,85,0,14,44,0,58,0,43,100,0,143,22,0,22,165
06/12/2023,APC,CA,AWP,WE,Towers with Radar,0,21,21,0,42,0,9,77,2,88,0,30,98,2,130,64,6,70,200
06/13/2023,APC,CA,AWP,WE,Towers with Radar,0,17,14,0,31,0,9,32,0,41,0,26,46,0,72,60,0,60,132
06/14/2023,APC,CA,AWP,WE,Towers with Radar,0,16,23,0,39,0,16,67,0,83,0,32,90,0,122,78,0,78,200
06/15/2023,APC,CA,AWP,WE,Towers with Radar,0,29,24,0,53,0,14,46,2,62,0,43,70,2,115,78,6,84,199
06/16/2023,APC,CA,AWP,WE,Towers with Radar,0,17,18,0,35,0,20,70,0,90,0,37,88,0,125,110,0,110,235
06/17/2023,APC,CA,AWP,WE,Towers with Radar,0,21,14,0,35,0,11,46,0,57,0,32,60,0,92,92,0,92,184
06/18/2023,APC,CA,AWP,WE,Towers with Radar,0,19,17,0,36,0,11,61,0,72,0,30,78,0,108,64,0,64,172
06/19/2023,APC,CA,AWP,WE,Towers with Radar,0,29,14,0,43,0,7,56,0,63,0,36,70,0,106,40,0,40,146
06/20/2023,APC,CA,AWP,WE,Towers with Radar,0,19,11,0,30,0,6,29,0,35,0,25,40,0,65,0,0,0,65
06/21/2023,APC,CA,AWP,WE,Towers with Radar,0,16,11,0,27,0,8,83,2,93,0,24,94,2,120,78,0,78,198
06/22/2023,APC,CA,AWP,WE,Towers with Radar,0,17,24,0,41,0,9,49,0,58,0,26,73,0,99,48,0,48,147
06/23/2023,APC,CA,AWP,WE,Towers with Radar,0,28,12,0,40,0,20,60,3,83,0,48,72,3,123,126,8,134,257
06/24/2023,APC,CA,AWP,WE,Towers with Radar,0,14,21,0,35,0,10,52,0,62,0,24,73,0,97,102,0,102,199
06/25/2023,APC,CA,AWP,WE,Towers with Radar,0,40,31,0,71,0,14,33,0,47,0,54,64,0,118,4,0,4,122
06/26/2023,APC,CA,AWP,WE,Towers with Radar,0,22,11,0,33,0,6,34,0,40,0,28,45,0,73,100,0,100,173
06/27/2023,APC,CA,AWP,WE,Towers with Radar,0,20,11,0,31,0,10,22,0,32,0,30,33,0,63,48,0,48,111
06/28/2023,APC,CA,AWP,WE,Towers with Radar,0,17,19,4,40,0,41,39,0,80,0,58,58,4,120,82,0,82,202
06/29/2023,APC,CA,AWP,WE,Towers with Radar,0,15,30,0,45,0,12,57,0,69,0,27,87,0,114,86,0,86,200
06/30/2023,APC,CA,AWP,WE,Towers with Radar,0,13,22,0,35,0,11,77,3,91,0,24,99,3,126,58,0,58,184
07/01/2023,APC,CA,AWP,WE,Towers with Radar,0,25,13,0,38,0,17,67,0,84,0,42,80,0,122,114,0,114,236
07/02/2023,APC,CA,AWP,WE,Towers with Radar,0,3,12,0,15,0,12,52,0,64,0,15,64,0,79,74,0,74,153
07/03/2023,APC,CA,AWP,WE,Towers with Radar,0,10,14,0,24,0,13,81,2,96,0,23,95,2,120,84,22,106,226
07/04/2023,APC,CA,AWP,WE,Towers with Radar,0,13,13,0,26,0,9,55,0,64,0,22,68,0,90,130,0,130,220
07/05/2023,APC,CA,AWP,WE,Towers with Radar,0,20,24,0,44,0,9,52,0,61,0,29,76,0,105,58,0,58,163
07/06/2023,APC,CA,AWP,WE,Towers with Radar,0,28,26,0,54,0,8,39,0,47,0,36,65,0,101,96,0,96,197
07/07/2023,APC,CA,AWP,WE,Towers with Radar,0,11,20,0,31,0,5,43,2,50,0,16,63,2,81,154,0,154,235
07/08/2023,APC,CA,AWP,WE,Towers with Radar,0,12,5,0,17,0,10,34,0,44,0,22,39,0,61,148,0,148,209
07/09/2023,APC,CA,AWP,WE,Towers with Radar,0,27,15,0,42,0,14,69,0,83,0,41,84,0,125,60,0,60,185
07/10/2023,APC,CA,AWP,WE,Towers with Radar,0,12,12,0,24,0,6,69,0,75,0,18,81,0,99,44,0,44,143
07/11/2023,APC,CA,AWP,WE,Towers with Radar,0,18,9,0,27,0,14,65,0,79,0,32,74,0,106,94,0,94,200
07/12/2023,APC,CA,AWP,WE,Towers with Radar,0,23,22,0,45,0,9,62,0,71,0,32,84,0,116,126,0,126,242
07/13/2023,APC,CA,AWP,WE,Towers with Radar,0,31,26,0,57,0,18,53,0,71,0,49,79,0,128,130,0,130,258
07/14/2023,APC,CA,AWP,WE,Towers with Radar,0,26,15,0,41,0,7,63,0,70,0,33,78,0,111,162,0,162,273
07/15/2023,APC,CA,AWP,WE,Towers with Radar,0,31,22,0,53,0,10,48,0,58,0,41,70,0,111,66,0,66,177
07/16/2023,APC,CA,AWP,WE,Towers with Radar,0,36,16,0,52,0,12,59,0,71,0,48,75,0,123,14,0,14,137
07/17/2023,APC,CA,AWP,WE,Towers with Radar,0,24,14,0,38,0,9,64,0,73,0,33,78,0,111,160,0,160,271
07/18/2023,APC,CA,AWP,WE,Towers with Radar,0,31,22,0,53,0,6,65,0,71,0,37,87,0,124,88,0,88,212
07/19/2023,APC,CA,AWP,WE,Towers with Radar,0,23,22,0,45,0,2,40,2,44,0,25,62,2,89,58,14,72,161
07/20/2023,APC,CA,AWP,WE,Towers with Radar,0,22,24,0,46,0,9,74,0,83,0,31,98,0,129,82,0,82,211
07/21/2023,APC,CA,AWP,WE,Towers with Radar,0,8,20,0,28,0,8,63,15,86,0,16,83,15,114,140,0,140,254
07/22/2023,APC,CA,AWP,WE,Towers with Radar,0,23,4,0,27,0,14,75,0,89,0,37,79,0,116,82,0,82,198
07/23/2023,APC,CA,AWP,WE,Towers with Radar,0,31,13,0,44,0,13,78,0,91,0,44,91,0,135,134,0,134,269
07/24/2023,APC,CA,AWP,WE,Towers with Radar,0,25,23,0,48,0,10,79,0,89,0,35,102,0,137,122,0,122,259
07/25/2023,APC,CA,AWP,WE,Towers with Radar,0,19,22,0,41,0,17,77,3,97,0,36,99,3,138,126,0,126,264
07/26/2023,APC,CA,AWP,WE,Towers with Radar,0,18,25,0,43,0,19,71,0,90,0,37,96,0,133,28,0,28,161
07/27/2023,APC,CA,AWP,WE,Towers with Radar,0,21,20,0,41,0,14,59,0,73,0,35,79,0,114,60,0,60,174
07/28/2023,APC,CA,AWP,WE,Towers with Radar,0,35,26,0,61,0,13,62,2,77,0,48,88,2,138,96,10,106,244
07/29/2023,APC,CA,AWP,WE,Towers with Radar,0,17,16,0,33,0,20,68,0,88,0,37,84,0,121,174,0,174,295
07/30/2023,APC,CA,AWP,WE,Towers with Radar,0,39,24,0,63,0,15,90,0,105,0,54,114,0,168,162,0,162,330
07/31/2023,APC,CA,AWP,WE,Towers with Radar,0,18,15,0,33,0,17,49,0,66,0,35,64,0,99,68,0,68,167
08/01/2023,APC,CA,AWP,WE,Towers with Radar,0,29,21,0,50,0,14,46,0,60,0,43,67,0,110,60,28,88,198
08/02/2023,APC,CA,AWP,WE,Towers with Radar,0,16,22,1,39,0,12,67,0,79,0,28,89,1,118,52,0,52,170
08/03/2023,APC,CA,AWP,WE,Towers with Radar,0,15,22,0,37,0,15,98,0,113,0,30,120,0,150,50,0,50,200
08/04/2023,APC,CA,AWP,WE,Towers with Radar,0,12,34,0,46,0,5,57,0,62,0,17,91,0,108,136,0,136,244
08/05/2023,APC,CA,AWP,WE,Towers with Radar,0,16,18,0,34,0,7,82,0,89,0,23,100,0,123,112,0,112,235
08/06/2023,APC,CA,AWP,WE,Towers with Radar,0,19,24,0,43,0,8,54,0,62,0,27,78,0,105,118,0,118,223
08/07/2023,APC,CA,AWP,WE,Towers with Radar,0,17,7,2,26,0,11,70,0,81,0,28,77,2,107,78,0,78,185
08/08/2023,APC,CA,AWP,WE,Towers with Radar,0,18,15,0,33,0,12,33,0,45,0,30,48,0,78,46,0,46,124
08/09/2023,APC,CA,AWP,WE,Towers with Radar,0,26,24,0,50,0,14,75,0,89,0,40,99,0,139,76,0,76,215
08/10/2023,APC,CA,AWP,WE,Towers with Radar,0,26,23,0,49,0,12,65,2,79,0,38,88,2,128,86,8,94,222
08/11/2023,APC,CA,AWP,WE,Towers with Radar,0,13,24,6,43,0,12,65,0,77,0,25,89,6,120,62,0,62,182
08/12/2023,APC,CA,AWP,WE,Towers with Radar,0,10,11,0,21,0,11,84,0,95,0,21,95,0,116,94,0,94,210
08/13/2023,APC,CA,AWP,WE,Towers with Radar,0,24,24,0,48,0,13,73,6,92,0,37,97,6,140,96,0,96,236
08/14/2023,APC,CA,AWP,WE,Towers with Radar,0,15,12,0,27,0,8,45,0,53,0,23,57,0,80,124,0,124,204
08/15/2023,APC,CA,AWP,WE,Towers with Radar,0,13,16,0,29,0,11,59,0,70,0,24,75,0,99,68,0,68,167
08/16/2023,APC,CA,AWP,WE,Towers with Radar,0,23,26,0,49,0,11,78,0,89,0,34,104,0,138,156,0,156,294
08/17/2023,APC,CA,AWP,WE,Towers with Radar,0,32,32,0,64,0,12,77,2,91,0,44,109,2,155,68,0,68,223
08/18/2023,APC,CA,AWP,WE,Towers with Radar,0,25,27,0,52,0,11,57,0,68,0,36,84,0,120,60,0,60,180
08/19/2023,APC,CA,AWP,WE,Towers with Radar,0,18,18,0,36,0,8,46,0,54,0,26,64,0,90,118,0,118,208
08/20/2023,APC,CA,AWP,WE,Towers with Radar,0,25,24,0,49,0,16,61,0,77,0,41,85,0,126,98,0,98,224
08/21/2023,APC,CA,AWP,WE,Towers with Radar,0,20,27,0,47,0,8,32,0,40,0,28,59,0,87,22,0,22,109
08/22/2023,APC,CA,AWP,WE,Towers with Radar,0,9,8,0,17,0,6,62,0,68,0,15,70,0,85,100,0,100,185
08/23/2023,APC,CA,AWP,WE,Towers with Radar,0,16,26,0,42,0,12,66,0,78,0,28,92,0,120,100,0,100,220
08/24/2023,APC,CA,AWP,WE,Towers with Radar,0,16,15,0,31,0,8,79,0,87,0,24,94,0,118,74,0,74,192
08/25/2023,APC,CA,AWP,WE,Towers with Radar,0,20,17,0,37,0,8,59,2,69,0,28,76,2,106,74,10,84,190
08/26/2023,APC,CA,AWP,WE,Towers with Radar,0,17,17,0,34,0,16,47,0,63,0,33,64,0,97,62,0,62,159
08/27/2023,APC,CA,AWP,WE,Towers with Radar,0,26,19,0,45,0,14,71,0,85,0,40,90,0,130,98,0,98,228
08/28/2023,APC,CA,AWP,WE,Towers with Radar,0,13,13,0,26,0,13,70,0,83,0,26,83,0,109,126,0,126,235
08/29/2023,APC,CA,AWP,WE,Towers with Radar,0,15,15,0,30,0,12,46,0,58,0,27,61,0,88,74,0,74,162
08/30/2023,APC,CA,AWP,WE,Towers with Radar,0,13,12,0,25,0,13,66,3,82,0,26,78,3,107,60,36,96,203
08/31/2023,APC,CA,AWP,WE,Towers with Radar,0,28,11,0,39,0,16,57,5,78,0,44,68,5,117,114,0,114,231
