01/01/2020,APF,FL,ASO,ES,Federal Contract Tower,0,74,100,0,174,0,1,96,0,97,0,75,196,0,271,18,0,18,289
01/02/2020,APF,FL,ASO,ES,Federal Contract Tower,0,86,132,0,218,0,1,132,0,133,0,87,264,0,351,42,0,42,393
01/03/2020,APF,FL,ASO,ES,Federal Contract Tower,0,77,127,1,205,0,2,119,0,121,0,79,246,1,326,9,0,9,335
01/04/2020,APF,FL,ASO,ES,Federal Contract Tower,0,73,159,0,232,0,0,41,0,41,0,73,200,0,273,0,0,0,273
01/05/2020,APF,FL,ASO,ES,Federal Contract Tower,0,90,155,0,245,0,1,136,0,137,0,91,291,0,382,6,0,6,388
01/06/2020,APF,FL,ASO,ES,Federal Contract Tower,0,63,112,0,175,0,0,172,0,172,0,63,284,0,347,24,0,24,371
01/07/2020,APF,FL,ASO,ES,Federal Contract Tower,0,44,66,0,110,0,0,163,0,163,0,44,229,0,273,141,0,141,414
01/08/2020,APF,FL,ASO,ES,Federal Contract Tower,0,37,117,0,154,0,0,128,0,128,0,37,245,0,282,102,0,102,384
01/09/2020,APF,FL,ASO,ES,Federal Contract Tower,0,32,95,0,127,0,1,128,0,129,0,33,223,0,256,88,0,88,344
01/10/2020,APF,FL,ASO,ES,Federal Contract Tower,0,41,119,4,164,0,2,99,1,102,0,43,218,5,266,48,0,48,314
01/11/2020,APF,FL,ASO,ES,Federal Contract Tower,0,49,79,0,128,0,1,79,0,80,0,50,158,0,208,38,0,38,246
01/12/2020,APF,FL,ASO,ES,Federal Contract Tower,0,55,109,0,164,0,0,104,0,104,0,55,213,0,268,75,0,75,343
01/13/2020,APF,FL,ASO,ES,Federal Contract Tower,0,39,71,1,111,0,0,104,0,104,0,39,175,1,215,154,0,154,369
01/14/2020,APF,FL,ASO,ES,Federal Contract Tower,0,36,101,2,139,0,0,133,0,133,0,36,234,2,272,161,0,161,433
01/15/2020,APF,FL,ASO,ES,Federal Contract Tower,0,51,129,0,180,0,0,204,0,204,0,51,333,0,384,126,0,126,510
01/16/2020,APF,FL,ASO,ES,Federal Contract Tower,0,51,143,0,194,0,8,245,0,253,0,59,388,0,447,148,0,148,595
01/18/2020,APF,FL,ASO,ES,Federal Contract Tower,0,39,94,0,133,0,5,232,0,237,0,44,326,0,370,94,0,94,464
01/19/2020,APF,FL,ASO,ES,Federal Contract Tower,0,79,106,0,185,0,0,123,0,123,0,79,229,0,308,19,0,19,327
01/20/2020,APF,FL,ASO,ES,Federal Contract Tower,0,83,137,0,220,0,3,105,0,108,0,86,242,0,328,84,0,84,412
01/21/2020,APF,FL,ASO,ES,Federal Contract Tower,0,57,115,0,172,0,0,116,0,116,0,57,231,0,288,34,0,34,322
01/22/2020,APF,FL,ASO,ES,Federal Contract Tower,0,37,99,0,136,0,0,112,0,112,0,37,211,0,248,70,0,70,318
01/23/2020,APF,FL,ASO,ES,Federal Contract Tower,0,54,131,0,185,0,0,139,0,139,0,54,270,0,324,96,0,96,420
01/24/2020,APF,FL,ASO,ES,Federal Contract Tower,0,58,134,0,192,0,2,142,0,144,0,60,276,0,336,106,0,106,442
01/25/2020,APF,FL,ASO,ES,Federal Contract Tower,0,41,137,0,178,0,0,148,0,148,0,41,285,0,326,46,0,46,372
01/26/2020,APF,FL,ASO,ES,Federal Contract Tower,0,66,145,0,211,0,0,136,0,136,0,66,281,0,347,20,0,20,367
01/27/2020,APF,FL,ASO,ES,Federal Contract Tower,0,48,89,1,138,0,0,118,1,119,0,48,207,2,257,192,0,192,449
01/28/2020,APF,FL,ASO,ES,Federal Contract Tower,0,50,116,0,166,0,0,135,0,135,0,50,251,0,301,92,0,92,393
01/29/2020,APF,FL,ASO,ES,Federal Contract Tower,0,55,114,0,169,0,0,170,0,170,0,55,284,0,339,128,0,128,467
01/30/2020,APF,FL,ASO,ES,Federal Contract Tower,0,56,133,0,189,0,5,183,0,188,0,61,316,0,377,92,0,92,469
01/31/2020,APF,FL,ASO,ES,Federal Contract Tower,0,52,156,0,208,0,1,116,0,117,0,53,272,0,325,64,0,64,389
02/01/2020,APF,FL,ASO,ES,Federal Contract Tower,0,39,82,0,121,0,0,22,0,22,0,39,104,0,143,39,0,39,182
02/02/2020,APF,FL,ASO,ES,Federal Contract Tower,0,56,110,0,166,0,1,125,0,126,0,57,235,0,292,10,0,10,302
02/03/2020,APF,FL,ASO,ES,Federal Contract Tower,0,70,175,0,245,0,2,172,0,174,0,72,347,0,419,74,0,74,493
02/04/2020,APF,FL,ASO,ES,Federal Contract Tower,0,60,113,0,173,0,0,152,0,152,0,60,265,0,325,99,0,99,424
02/05/2020,APF,FL,ASO,ES,Federal Contract Tower,0,51,120,0,171,0,3,134,0,137,0,54,254,0,308,68,0,68,376
02/06/2020,APF,FL,ASO,ES,Federal Contract Tower,0,60,112,0,172,0,0,48,0,48,0,60,160,0,220,23,0,23,243
02/07/2020,APF,FL,ASO,ES,Federal Contract Tower,0,53,155,0,208,0,1,102,0,103,0,54,257,0,311,30,0,30,341
02/08/2020,APF,FL,ASO,ES,Federal Contract Tower,0,63,108,0,171,0,0,176,0,176,0,63,284,0,347,27,0,27,374
02/09/2020,APF,FL,ASO,ES,Federal Contract Tower,0,67,132,0,199,0,1,111,0,112,0,68,243,0,311,16,0,16,327
02/10/2020,APF,FL,ASO,ES,Federal Contract Tower,0,45,106,0,151,0,1,125,0,126,0,46,231,0,277,64,0,64,341
02/11/2020,APF,FL,ASO,ES,Federal Contract Tower,0,47,135,2,184,0,0,150,0,150,0,47,285,2,334,120,0,120,454
02/12/2020,APF,FL,ASO,ES,Federal Contract Tower,0,66,151,0,217,0,0,130,0,130,0,66,281,0,347,32,0,32,379
02/13/2020,APF,FL,ASO,ES,Federal Contract Tower,0,75,176,0,251,0,0,118,0,118,0,75,294,0,369,20,0,20,389
02/14/2020,APF,FL,ASO,ES,Federal Contract Tower,0,77,166,0,243,0,0,84,0,84,0,77,250,0,327,28,0,28,355
02/15/2020,APF,FL,ASO,ES,Federal Contract Tower,0,63,138,0,201,0,0,0,0,0,0,63,138,0,201,48,0,48,249
02/16/2020,APF,FL,ASO,ES,Federal Contract Tower,0,75,120,0,195,0,0,94,0,94,0,75,214,0,289,8,0,8,297
02/17/2020,APF,FL,ASO,ES,Federal Contract Tower,0,95,174,0,269,0,0,152,0,152,0,95,326,0,421,64,0,64,485
02/18/2020,APF,FL,ASO,ES,Federal Contract Tower,0,83,150,4,237,0,0,185,0,185,0,83,335,4,422,98,0,98,520
02/19/2020,APF,FL,ASO,ES,Federal Contract Tower,0,70,157,0,227,0,0,137,0,137,0,70,294,0,364,101,0,101,465
02/20/2020,APF,FL,ASO,ES,Federal Contract Tower,0,57,191,0,248,0,0,184,0,184,0,57,375,0,432,68,0,68,500
02/21/2020,APF,FL,ASO,ES,Federal Contract Tower,0,64,167,1,232,0,0,41,0,41,0,64,208,1,273,28,0,28,301
02/22/2020,APF,FL,ASO,ES,Federal Contract Tower,0,62,149,0,211,0,0,170,0,170,0,62,319,0,381,44,0,44,425
02/23/2020,APF,FL,ASO,ES,Federal Contract Tower,0,61,151,0,212,0,0,157,0,157,0,61,308,0,369,8,0,8,377
02/24/2020,APF,FL,ASO,ES,Federal Contract Tower,0,48,129,0,177,0,0,146,0,146,0,48,275,0,323,76,0,76,399
02/25/2020,APF,FL,ASO,ES,Federal Contract Tower,0,44,125,0,169,0,0,156,0,156,0,44,281,0,325,92,0,92,417
02/26/2020,APF,FL,ASO,ES,Federal Contract Tower,0,54,124,0,178,0,0,63,2,65,0,54,187,2,243,44,0,44,287
02/27/2020,APF,FL,ASO,ES,Federal Contract Tower,0,62,181,0,243,0,0,113,0,113,0,62,294,0,356,52,0,52,408
02/28/2020,APF,FL,ASO,ES,Federal Contract Tower,0,57,130,0,187,0,0,167,0,167,0,57,297,0,354,52,0,52,406
02/29/2020,APF,FL,ASO,ES,Federal Contract Tower,0,39,110,0,149,0,0,135,0,135,0,39,245,0,284,48,0,48,332
03/01/2020,APF,FL,ASO,ES,Federal Contract Tower,0,70,162,0,232,0,4,165,0,169,0,74,327,0,401,51,0,51,452
03/02/2020,APF,FL,ASO,ES,Federal Contract Tower,0,39,100,8,147,0,1,106,2,109,0,40,206,10,256,168,0,168,424
03/03/2020,APF,FL,ASO,ES,Federal Contract Tower,0,50,109,0,159,0,1,124,2,127,0,51,233,2,286,162,0,162,448
03/04/2020,APF,FL,ASO,ES,Federal Contract Tower,0,38,123,0,161,0,0,120,2,122,0,38,243,2,283,78,0,78,361
03/05/2020,APF,FL,ASO,ES,Federal Contract Tower,0,53,114,0,167,0,0,84,0,84,0,53,198,0,251,74,0,74,325
03/07/2020,APF,FL,ASO,ES,Federal Contract Tower,0,52,113,0,165,0,0,132,0,132,0,52,245,0,297,56,0,56,353
03/08/2020,APF,FL,ASO,ES,Federal Contract Tower,0,88,150,7,245,0,3,79,0,82,0,91,229,7,327,16,0,16,343
03/09/2020,APF,FL,ASO,ES,Federal Contract Tower,0,58,112,0,170,0,5,90,0,95,0,63,202,0,265,56,0,56,321
03/10/2020,APF,FL,ASO,ES,Federal Contract Tower,0,52,114,0,166,0,0,147,1,148,0,52,261,1,314,102,0,102,416
03/11/2020,APF,FL,ASO,ES,Federal Contract Tower,0,62,117,0,179,0,0,158,2,160,0,62,275,2,339,152,0,152,491
03/12/2020,APF,FL,ASO,ES,Federal Contract Tower,0,66,149,0,215,0,1,178,0,179,0,67,327,0,394,76,0,76,470
03/13/2020,APF,FL,ASO,ES,Federal Contract Tower,0,81,172,0,253,0,0,221,0,221,0,81,393,0,474,30,0,30,504
03/14/2020,APF,FL,ASO,ES,Federal Contract Tower,0,101,124,0,225,0,0,141,0,141,0,101,265,0,366,74,0,74,440
03/15/2020,APF,FL,ASO,ES,Federal Contract Tower,0,95,143,0,238,0,0,107,0,107,0,95,250,0,345,26,0,26,371
03/16/2020,APF,FL,ASO,ES,Federal Contract Tower,0,97,135,0,232,0,2,122,0,124,0,99,257,0,356,100,0,100,456
03/17/2020,APF,FL,ASO,ES,Federal Contract Tower,0,96,137,0,233,0,0,135,2,137,0,96,272,2,370,73,0,73,443
03/18/2020,APF,FL,ASO,ES,Federal Contract Tower,0,61,143,0,204,0,0,124,0,124,0,61,267,0,328,92,0,92,420
03/19/2020,APF,FL,ASO,ES,Federal Contract Tower,0,66,118,0,184,0,0,110,0,110,0,66,228,0,294,54,0,54,348
03/20/2020,APF,FL,ASO,ES,Federal Contract Tower,0,76,130,0,206,0,0,100,0,100,0,76,230,0,306,86,0,86,392
03/21/2020,APF,FL,ASO,ES,Federal Contract Tower,0,76,119,0,195,0,0,82,0,82,0,76,201,0,277,78,0,78,355
03/22/2020,APF,FL,ASO,ES,Federal Contract Tower,0,46,67,0,113,0,0,55,0,55,0,46,122,0,168,6,0,6,174
03/23/2020,APF,FL,ASO,ES,Federal Contract Tower,0,37,87,2,126,0,0,98,0,98,0,37,185,2,224,98,0,98,322
03/24/2020,APF,FL,ASO,ES,Federal Contract Tower,0,29,71,0,100,0,0,98,0,98,0,29,169,0,198,89,0,89,287
03/25/2020,APF,FL,ASO,ES,Federal Contract Tower,0,31,77,0,108,0,0,77,0,77,0,31,154,0,185,192,0,192,377
03/26/2020,APF,FL,ASO,ES,Federal Contract Tower,0,24,109,0,133,0,0,93,0,93,0,24,202,0,226,66,0,66,292
03/27/2020,APF,FL,ASO,ES,Federal Contract Tower,0,31,65,0,96,0,0,103,0,103,0,31,168,0,199,36,0,36,235
03/28/2020,APF,FL,ASO,ES,Federal Contract Tower,0,34,55,0,89,0,0,121,0,121,0,34,176,0,210,30,0,30,240
03/29/2020,APF,FL,ASO,ES,Federal Contract Tower,0,25,42,0,67,0,0,71,0,71,0,25,113,0,138,36,0,36,174
03/30/2020,APF,FL,ASO,ES,Federal Contract Tower,0,31,62,0,93,0,0,80,0,80,0,31,142,0,173,34,0,34,207
03/31/2020,APF,FL,ASO,ES,Federal Contract Tower,0,44,51,0,95,0,0,82,0,82,0,44,133,0,177,53,0,53,230
04/01/2020,APF,FL,ASO,ES,Federal Contract Tower,0,27,36,0,63,0,2,62,0,64,0,29,98,0,127,90,0,90,217
04/02/2020,APF,FL,ASO,ES,Federal Contract Tower,0,33,45,0,78,0,0,117,0,117,0,33,162,0,195,66,0,66,261
04/03/2020,APF,FL,ASO,ES,Federal Contract Tower,0,25,50,0,75,0,2,75,0,77,0,27,125,0,152,70,0,70,222
04/04/2020,APF,FL,ASO,ES,Federal Contract Tower,0,35,36,0,71,0,0,89,0,89,0,35,125,0,160,44,0,44,204
04/05/2020,APF,FL,ASO,ES,Federal Contract Tower,0,29,38,0,67,0,0,42,0,42,0,29,80,0,109,44,0,44,153
04/06/2020,APF,FL,ASO,ES,Federal Contract Tower,0,26,39,0,65,0,0,21,0,21,0,26,60,0,86,38,0,38,124
04/08/2020,APF,FL,ASO,ES,Federal Contract Tower,0,30,61,0,91,0,0,81,0,81,0,30,142,0,172,70,0,70,242
04/09/2020,APF,FL,ASO,ES,Federal Contract Tower,0,20,56,0,76,0,1,63,0,64,0,21,119,0,140,2,0,2,142
04/10/2020,APF,FL,ASO,ES,Federal Contract Tower,0,26,47,0,73,0,0,24,0,24,0,26,71,0,97,18,0,18,115
04/11/2020,APF,FL,ASO,ES,Federal Contract Tower,0,20,53,0,73,0,2,56,0,58,0,22,109,0,131,84,0,84,215
04/12/2020,APF,FL,ASO,ES,Federal Contract Tower,0,11,16,0,27,0,0,14,0,14,0,11,30,0,41,8,0,8,49
04/13/2020,APF,FL,ASO,ES,Federal Contract Tower,0,13,44,0,57,0,1,36,0,37,0,14,80,0,94,68,0,68,162
04/14/2020,APF,FL,ASO,ES,Federal Contract Tower,0,24,59,0,83,0,0,90,0,90,0,24,149,0,173,34,0,34,207
04/15/2020,APF,FL,ASO,ES,Federal Contract Tower,0,20,71,0,91,0,0,60,0,60,0,20,131,0,151,28,0,28,179
04/16/2020,APF,FL,ASO,ES,Federal Contract Tower,0,30,49,0,79,0,0,32,0,32,0,30,81,0,111,38,0,38,149
04/17/2020,APF,FL,ASO,ES,Federal Contract Tower,0,23,43,0,66,0,1,53,0,54,0,24,96,0,120,38,0,38,158
04/18/2020,APF,FL,ASO,ES,Federal Contract Tower,0,22,33,0,55,0,0,69,0,69,0,22,102,0,124,6,0,6,130
04/19/2020,APF,FL,ASO,ES,Federal Contract Tower,0,17,48,0,65,0,0,105,0,105,0,17,153,0,170,33,0,33,203
04/20/2020,APF,FL,ASO,ES,Federal Contract Tower,0,18,32,0,50,0,0,22,0,22,0,18,54,0,72,22,0,22,94
04/21/2020,APF,FL,ASO,ES,Federal Contract Tower,0,12,48,0,60,0,4,65,0,69,0,16,113,0,129,48,0,48,177
04/22/2020,APF,FL,ASO,ES,Federal Contract Tower,0,25,66,0,91,0,1,104,0,105,0,26,170,0,196,98,0,98,294
04/23/2020,APF,FL,ASO,ES,Federal Contract Tower,0,29,54,0,83,0,0,68,0,68,0,29,122,0,151,58,0,58,209
04/24/2020,APF,FL,ASO,ES,Federal Contract Tower,0,29,30,0,59,0,0,40,0,40,0,29,70,0,99,22,0,22,121
04/25/2020,APF,FL,ASO,ES,Federal Contract Tower,0,26,29,0,55,0,0,19,0,19,0,26,48,0,74,42,0,42,116
04/26/2020,APF,FL,ASO,ES,Federal Contract Tower,0,37,15,0,52,0,0,8,0,8,0,37,23,0,60,0,0,0,60
04/27/2020,APF,FL,ASO,ES,Federal Contract Tower,0,29,52,0,81,0,1,127,0,128,0,30,179,0,209,52,14,66,275
04/28/2020,APF,FL,ASO,ES,Federal Contract Tower,0,27,59,0,86,0,1,111,0,112,0,28,170,0,198,74,0,74,272
04/29/2020,APF,FL,ASO,ES,Federal Contract Tower,0,38,58,0,96,0,0,116,0,116,0,38,174,0,212,48,0,48,260
04/30/2020,APF,FL,ASO,ES,Federal Contract Tower,0,33,41,0,74,0,0,5,0,5,0,33,46,0,79,0,0,0,79
05/01/2020,APF,FL,ASO,ES,Federal Contract Tower,0,56,51,0,107,0,0,117,0,117,0,56,168,0,224,38,0,38,262
05/02/2020,APF,FL,ASO,ES,Federal Contract Tower,0,31,62,0,93,0,0,97,0,97,0,31,159,0,190,54,0,54,244
05/03/2020,APF,FL,ASO,ES,Federal Contract Tower,0,25,43,0,68,0,1,87,0,88,0,26,130,0,156,84,0,84,240
05/04/2020,APF,FL,ASO,ES,Federal Contract Tower,0,31,58,0,89,0,0,90,0,90,0,31,148,0,179,53,0,53,232
05/05/2020,APF,FL,ASO,ES,Federal Contract Tower,0,26,77,0,103,0,2,118,1,121,0,28,195,1,224,44,0,44,268
05/06/2020,APF,FL,ASO,ES,Federal Contract Tower,0,39,72,0,111,0,1,100,0,101,0,40,172,0,212,20,0,20,232
05/07/2020,APF,FL,ASO,ES,Federal Contract Tower,0,46,57,0,103,0,0,72,0,72,0,46,129,0,175,56,0,56,231
05/08/2020,APF,FL,ASO,ES,Federal Contract Tower,0,44,79,0,123,0,0,101,0,101,0,44,180,0,224,46,0,46,270
05/09/2020,APF,FL,ASO,ES,Federal Contract Tower,0,50,66,0,116,0,0,119,0,119,0,50,185,0,235,32,0,32,267
05/10/2020,APF,FL,ASO,ES,Federal Contract Tower,0,33,38,0,71,0,0,6,0,6,0,33,44,0,77,0,0,0,77
05/11/2020,APF,FL,ASO,ES,Federal Contract Tower,0,42,62,0,104,0,1,70,0,71,0,43,132,0,175,28,0,28,203
05/12/2020,APF,FL,ASO,ES,Federal Contract Tower,0,42,74,0,116,0,2,103,0,105,0,44,177,0,221,64,0,64,285
05/13/2020,APF,FL,ASO,ES,Federal Contract Tower,0,43,68,0,111,0,0,62,0,62,0,43,130,0,173,42,0,42,215
05/14/2020,APF,FL,ASO,ES,Federal Contract Tower,0,58,70,0,128,0,0,49,0,49,0,58,119,0,177,12,0,12,189
05/15/2020,APF,FL,ASO,ES,Federal Contract Tower,0,62,67,0,129,0,0,26,0,26,0,62,93,0,155,24,0,24,179
05/16/2020,APF,FL,ASO,ES,Federal Contract Tower,0,50,59,0,109,0,0,57,0,57,0,50,116,0,166,46,0,46,212
05/17/2020,APF,FL,ASO,ES,Federal Contract Tower,0,61,94,0,155,0,0,98,0,98,0,61,192,0,253,28,0,28,281
05/18/2020,APF,FL,ASO,ES,Federal Contract Tower,0,64,69,0,133,0,2,45,0,47,0,66,114,0,180,42,0,42,222
05/19/2020,APF,FL,ASO,ES,Federal Contract Tower,0,47,62,0,109,0,0,50,0,50,0,47,112,0,159,64,0,64,223
05/20/2020,APF,FL,ASO,ES,Federal Contract Tower,0,66,102,0,168,0,1,130,0,131,0,67,232,0,299,40,0,40,339
05/21/2020,APF,FL,ASO,ES,Federal Contract Tower,0,71,87,0,158,0,0,118,0,118,0,71,205,0,276,54,0,54,330
05/22/2020,APF,FL,ASO,ES,Federal Contract Tower,0,47,86,0,133,0,0,86,0,86,0,47,172,0,219,10,0,10,229
05/23/2020,APF,FL,ASO,ES,Federal Contract Tower,0,50,60,0,110,0,0,66,0,66,0,50,126,0,176,0,0,0,176
05/24/2020,APF,FL,ASO,ES,Federal Contract Tower,0,32,38,0,70,0,0,5,0,5,0,32,43,0,75,0,0,0,75
05/25/2020,APF,FL,ASO,ES,Federal Contract Tower,0,40,66,0,106,0,0,26,0,26,0,40,92,0,132,44,0,44,176
05/26/2020,APF,FL,ASO,ES,Federal Contract Tower,0,60,91,2,153,0,1,78,0,79,0,61,169,2,232,39,0,39,271
05/27/2020,APF,FL,ASO,ES,Federal Contract Tower,0,62,77,0,139,0,0,78,0,78,0,62,155,0,217,54,0,54,271
05/28/2020,APF,FL,ASO,ES,Federal Contract Tower,0,57,70,0,127,0,0,93,0,93,0,57,163,0,220,34,0,34,254
05/29/2020,APF,FL,ASO,ES,Federal Contract Tower,0,52,100,2,154,0,0,103,0,103,0,52,203,2,257,6,0,6,263
05/30/2020,APF,FL,ASO,ES,Federal Contract Tower,0,54,80,0,134,0,0,114,0,114,0,54,194,0,248,32,0,32,280
05/31/2020,APF,FL,ASO,ES,Federal Contract Tower,0,69,94,0,163,0,0,107,0,107,0,69,201,0,270,22,0,22,292
06/01/2020,APF,FL,ASO,ES,Federal Contract Tower,0,60,97,0,157,0,0,99,0,99,0,60,196,0,256,38,0,38,294
06/02/2020,APF,FL,ASO,ES,Federal Contract Tower,0,45,54,0,99,0,0,82,2,84,0,45,136,2,183,32,0,32,215
06/03/2020,APF,FL,ASO,ES,Federal Contract Tower,0,55,54,0,109,0,0,64,0,64,0,55,118,0,173,52,0,52,225
06/04/2020,APF,FL,ASO,ES,Federal Contract Tower,0,54,65,0,119,0,0,82,0,82,0,54,147,0,201,30,0,30,231
06/05/2020,APF,FL,ASO,ES,Federal Contract Tower,0,43,59,0,102,0,0,78,0,78,0,43,137,0,180,50,0,50,230
06/06/2020,APF,FL,ASO,ES,Federal Contract Tower,0,37,71,0,108,0,0,31,0,31,0,37,102,0,139,0,0,0,139
06/07/2020,APF,FL,ASO,ES,Federal Contract Tower,0,41,48,0,89,0,44,0,0,44,0,85,48,0,133,8,0,8,141
06/08/2020,APF,FL,ASO,ES,Federal Contract Tower,0,32,92,0,124,0,0,91,8,99,0,32,183,8,223,70,0,70,293
06/09/2020,APF,FL,ASO,ES,Federal Contract Tower,0,59,84,0,143,0,0,106,0,106,0,59,190,0,249,30,0,30,279
06/10/2020,APF,FL,ASO,ES,Federal Contract Tower,0,54,68,0,122,0,2,116,0,118,0,56,184,0,240,74,0,74,314
06/11/2020,APF,FL,ASO,ES,Federal Contract Tower,0,42,70,0,112,0,2,100,0,102,0,44,170,0,214,56,0,56,270
06/12/2020,APF,FL,ASO,ES,Federal Contract Tower,0,57,112,0,169,0,0,126,0,126,0,57,238,0,295,18,0,18,313
06/13/2020,APF,FL,ASO,ES,Federal Contract Tower,0,42,60,0,102,0,2,67,0,69,0,44,127,0,171,4,0,4,175
06/14/2020,APF,FL,ASO,ES,Federal Contract Tower,0,38,78,0,116,0,0,40,0,40,0,38,118,0,156,44,0,44,200
06/15/2020,APF,FL,ASO,ES,Federal Contract Tower,0,28,72,0,100,0,3,74,0,77,0,31,146,0,177,37,0,37,214
06/17/2020,APF,FL,ASO,ES,Federal Contract Tower,0,32,55,0,87,0,0,98,0,98,0,32,153,0,185,36,0,36,221
06/18/2020,APF,FL,ASO,ES,Federal Contract Tower,0,33,79,0,112,0,1,43,0,44,0,34,122,0,156,38,0,38,194
06/19/2020,APF,FL,ASO,ES,Federal Contract Tower,0,52,76,0,128,0,0,86,0,86,0,52,162,0,214,68,0,68,282
06/20/2020,APF,FL,ASO,ES,Federal Contract Tower,0,46,63,0,109,0,2,82,0,84,0,48,145,0,193,16,0,16,209
06/21/2020,APF,FL,ASO,ES,Federal Contract Tower,0,30,45,0,75,0,0,50,0,50,0,30,95,0,125,2,0,2,127
06/22/2020,APF,FL,ASO,ES,Federal Contract Tower,0,37,84,0,121,0,0,100,0,100,0,37,184,0,221,36,0,36,257
06/23/2020,APF,FL,ASO,ES,Federal Contract Tower,0,43,60,0,103,0,3,107,0,110,0,46,167,0,213,70,0,70,283
06/24/2020,APF,FL,ASO,ES,Federal Contract Tower,0,57,96,0,153,0,0,129,0,129,0,57,225,0,282,30,0,30,312
06/25/2020,APF,FL,ASO,ES,Federal Contract Tower,0,48,83,7,138,0,2,81,0,83,0,50,164,7,221,46,0,46,267
06/26/2020,APF,FL,ASO,ES,Federal Contract Tower,0,32,94,0,126,0,2,114,0,116,0,34,208,0,242,50,0,50,292
06/27/2020,APF,FL,ASO,ES,Federal Contract Tower,0,38,70,2,110,0,1,76,0,77,0,39,146,2,187,12,0,12,199
06/28/2020,APF,FL,ASO,ES,Federal Contract Tower,0,29,60,0,89,0,2,96,0,98,0,31,156,0,187,39,0,39,226
06/29/2020,APF,FL,ASO,ES,Federal Contract Tower,0,39,78,0,117,0,0,89,0,89,0,39,167,0,206,66,0,66,272
06/30/2020,APF,FL,ASO,ES,Federal Contract Tower,0,37,81,0,118,0,0,94,0,94,0,37,175,0,212,47,0,47,259
07/01/2020,APF,FL,ASO,ES,Federal Contract Tower,0,30,103,0,133,0,0,102,0,102,0,30,205,0,235,74,0,74,309
07/02/2020,APF,FL,ASO,ES,Federal Contract Tower,0,23,86,0,109,0,0,93,0,93,0,23,179,0,202,74,0,74,276
07/03/2020,APF,FL,ASO,ES,Federal Contract Tower,0,25,79,0,104,0,0,97,0,97,0,25,176,0,201,36,0,36,237
07/04/2020,APF,FL,ASO,ES,Federal Contract Tower,0,30,26,0,56,0,0,52,0,52,0,30,78,0,108,30,0,30,138
07/05/2020,APF,FL,ASO,ES,Federal Contract Tower,0,26,51,0,77,0,0,54,0,54,0,26,105,0,131,36,0,36,167
07/06/2020,APF,FL,ASO,ES,Federal Contract Tower,0,34,57,4,95,0,0,20,0,20,0,34,77,4,115,6,0,6,121
07/07/2020,APF,FL,ASO,ES,Federal Contract Tower,0,48,67,0,115,0,0,92,3,95,0,48,159,3,210,40,0,40,250
07/08/2020,APF,FL,ASO,ES,Federal Contract Tower,0,29,74,0,103,0,0,68,4,72,0,29,142,4,175,50,0,50,225
07/09/2020,APF,FL,ASO,ES,Federal Contract Tower,0,19,50,0,69,0,0,97,0,97,0,19,147,0,166,40,0,40,206
07/10/2020,APF,FL,ASO,ES,Federal Contract Tower,0,33,54,4,91,0,0,85,0,85,0,33,139,4,176,82,0,82,258
07/11/2020,APF,FL,ASO,ES,Federal Contract Tower,0,28,39,0,67,0,0,39,0,39,0,28,78,0,106,11,0,11,117
07/12/2020,APF,FL,ASO,ES,Federal Contract Tower,0,23,42,0,65,0,2,25,0,27,0,25,67,0,92,14,0,14,106
07/13/2020,APF,FL,ASO,ES,Federal Contract Tower,0,19,54,0,73,0,1,84,0,85,0,20,138,0,158,46,0,46,204
07/14/2020,APF,FL,ASO,ES,Federal Contract Tower,0,17,53,0,70,0,0,100,0,100,0,17,153,0,170,36,0,36,206
07/15/2020,APF,FL,ASO,ES,Federal Contract Tower,0,29,76,1,106,0,0,85,1,86,0,29,161,2,192,70,0,70,262
07/16/2020,APF,FL,ASO,ES,Federal Contract Tower,0,24,71,0,95,0,0,91,0,91,0,24,162,0,186,32,2,34,220
07/17/2020,APF,FL,ASO,ES,Federal Contract Tower,0,17,65,0,82,0,0,63,0,63,0,17,128,0,145,62,0,62,207
07/18/2020,APF,FL,ASO,ES,Federal Contract Tower,0,17,44,0,61,0,0,65,0,65,0,17,109,0,126,28,0,28,154
07/19/2020,APF,FL,ASO,ES,Federal Contract Tower,0,23,35,0,58,0,2,55,0,57,0,25,90,0,115,38,0,38,153
07/20/2020,APF,FL,ASO,ES,Federal Contract Tower,0,23,55,2,80,0,1,99,0,100,0,24,154,2,180,80,0,80,260
07/21/2020,APF,FL,ASO,ES,Federal Contract Tower,0,17,41,0,58,0,2,44,0,46,0,19,85,0,104,66,0,66,170
07/22/2020,APF,FL,ASO,ES,Federal Contract Tower,0,23,44,0,67,0,0,36,0,36,0,23,80,0,103,56,0,56,159
07/23/2020,APF,FL,ASO,ES,Federal Contract Tower,0,10,34,0,44,0,0,53,0,53,0,10,87,0,97,98,0,98,195
07/24/2020,APF,FL,ASO,ES,Federal Contract Tower,0,13,49,0,62,0,1,74,0,75,0,14,123,0,137,35,0,35,172
07/25/2020,APF,FL,ASO,ES,Federal Contract Tower,0,21,49,0,70,0,0,89,0,89,0,21,138,0,159,79,0,79,238
07/26/2020,APF,FL,ASO,ES,Federal Contract Tower,0,22,43,0,65,0,0,69,0,69,0,22,112,0,134,28,0,28,162
07/27/2020,APF,FL,ASO,ES,Federal Contract Tower,0,15,45,0,60,0,0,122,0,122,0,15,167,0,182,56,0,56,238
07/28/2020,APF,FL,ASO,ES,Federal Contract Tower,0,19,62,0,81,0,0,92,0,92,0,19,154,0,173,34,0,34,207
07/29/2020,APF,FL,ASO,ES,Federal Contract Tower,0,34,52,0,86,0,0,108,0,108,0,34,160,0,194,52,0,52,246
07/30/2020,APF,FL,ASO,ES,Federal Contract Tower,0,30,54,0,84,0,0,115,0,115,0,30,169,0,199,66,0,66,265
07/31/2020,APF,FL,ASO,ES,Federal Contract Tower,0,21,62,0,83,0,0,104,0,104,0,21,166,0,187,36,0,36,223
08/01/2020,APF,FL,ASO,ES,Federal Contract Tower,0,20,36,0,56,0,0,58,0,58,0,20,94,0,114,30,0,30,144
08/02/2020,APF,FL,ASO,ES,Federal Contract Tower,0,26,23,0,49,0,0,0,0,0,0,26,23,0,49,6,0,6,55
08/03/2020,APF,FL,ASO,ES,Federal Contract Tower,0,18,56,0,74,0,3,93,0,96,0,21,149,0,170,68,0,68,238
08/04/2020,APF,FL,ASO,ES,Federal Contract Tower,0,18,62,0,80,0,0,86,2,88,0,18,148,2,168,22,0,22,190
08/05/2020,APF,FL,ASO,ES,Federal Contract Tower,0,19,111,0,130,0,0,33,0,33,0,19,144,0,163,16,0,16,179
08/06/2020,APF,FL,ASO,ES,Federal Contract Tower,0,32,52,0,84,0,0,127,0,127,0,32,179,0,211,38,0,38,249
08/07/2020,APF,FL,ASO,ES,Federal Contract Tower,0,17,51,0,68,0,0,98,0,98,0,17,149,0,166,46,0,46,212
08/08/2020,APF,FL,ASO,ES,Federal Contract Tower,0,22,45,0,67,0,0,91,0,91,0,22,136,0,158,10,0,10,168
08/09/2020,APF,FL,ASO,ES,Federal Contract Tower,0,24,50,0,74,0,0,65,0,65,0,24,115,0,139,30,0,30,169
08/10/2020,APF,FL,ASO,ES,Federal Contract Tower,0,27,51,2,80,0,0,81,0,81,0,27,132,2,161,54,0,54,215
08/11/2020,APF,FL,ASO,ES,Federal Contract Tower,0,13,54,0,67,0,0,93,0,93,0,13,147,0,160,38,0,38,198
08/12/2020,APF,FL,ASO,ES,Federal Contract Tower,0,23,54,0,77,0,0,83,2,85,0,23,137,2,162,86,6,92,254
08/13/2020,APF,FL,ASO,ES,Federal Contract Tower,0,22,69,0,91,0,2,90,0,92,0,24,159,0,183,80,0,80,263
08/14/2020,APF,FL,ASO,ES,Federal Contract Tower,0,15,83,0,98,0,0,110,0,110,0,15,193,0,208,44,0,44,252
08/15/2020,APF,FL,ASO,ES,Federal Contract Tower,0,22,41,0,63,0,0,83,0,83,0,22,124,0,146,28,8,36,182
08/16/2020,APF,FL,ASO,ES,Federal Contract Tower,0,24,33,0,57,0,0,63,0,63,0,24,96,0,120,62,0,62,182
08/17/2020,APF,FL,ASO,ES,Federal Contract Tower,0,24,41,0,65,0,1,74,0,75,0,25,115,0,140,57,0,57,197
08/18/2020,APF,FL,ASO,ES,Federal Contract Tower,0,24,57,0,81,0,4,81,0,85,0,28,138,0,166,64,0,64,230
08/19/2020,APF,FL,ASO,ES,Federal Contract Tower,0,26,59,0,85,0,0,86,0,86,0,26,145,0,171,38,0,38,209
08/20/2020,APF,FL,ASO,ES,Federal Contract Tower,0,31,61,0,92,0,0,67,0,67,0,31,128,0,159,72,0,72,231
08/21/2020,APF,FL,ASO,ES,Federal Contract Tower,0,33,61,0,94,0,0,87,0,87,0,33,148,0,181,38,0,38,219
08/22/2020,APF,FL,ASO,ES,Federal Contract Tower,0,15,25,4,44,0,0,45,0,45,0,15,70,4,89,26,0,26,115
08/23/2020,APF,FL,ASO,ES,Federal Contract Tower,0,23,47,0,70,0,0,46,0,46,0,23,93,0,116,20,0,20,136
08/24/2020,APF,FL,ASO,ES,Federal Contract Tower,0,16,26,0,42,0,0,26,0,26,0,16,52,0,68,4,0,4,72
08/25/2020,APF,FL,ASO,ES,Federal Contract Tower,0,18,40,0,58,0,0,66,0,66,0,18,106,0,124,52,0,52,176
08/26/2020,APF,FL,ASO,ES,Federal Contract Tower,0,18,40,0,58,0,0,84,0,84,0,18,124,0,142,20,0,20,162
08/27/2020,APF,FL,ASO,ES,Federal Contract Tower,0,16,46,2,64,0,1,66,0,67,0,17,112,2,131,36,0,36,167
08/28/2020,APF,FL,ASO,ES,Federal Contract Tower,0,17,62,0,79,0,0,84,0,84,0,17,146,0,163,18,0,18,181
08/29/2020,APF,FL,ASO,ES,Federal Contract Tower,0,9,36,0,45,0,0,59,0,59,0,9,95,0,104,40,0,40,144
08/30/2020,APF,FL,ASO,ES,Federal Contract Tower,0,24,54,0,78,0,0,51,0,51,0,24,105,0,129,41,0,41,170
08/31/2020,APF,FL,ASO,ES,Federal Contract Tower,0,14,47,0,61,0,0,57,10,67,0,14,104,10,128,40,0,40,168
09/01/2020,APF,FL,ASO,ES,Federal Contract Tower,0,13,37,0,50,0,2,68,0,70,0,15,105,0,120,18,0,18,138
09/02/2020,APF,FL,ASO,ES,Federal Contract Tower,0,16,61,0,77,0,0,84,0,84,0,16,145,0,161,34,0,34,195
09/03/2020,APF,FL,ASO,ES,Federal Contract Tower,0,36,61,0,97,0,0,56,0,56,0,36,117,0,153,38,0,38,191
09/04/2020,APF,FL,ASO,ES,Federal Contract Tower,0,20,74,0,94,0,2,75,0,77,0,22,149,0,171,26,0,26,197
09/05/2020,APF,FL,ASO,ES,Federal Contract Tower,0,12,27,0,39,0,0,69,0,69,0,12,96,0,108,30,0,30,138
09/06/2020,APF,FL,ASO,ES,Federal Contract Tower,0,15,16,0,31,0,0,31,0,31,0,15,47,0,62,16,0,16,78
09/07/2020,APF,FL,ASO,ES,Federal Contract Tower,0,25,69,0,94,0,1,58,0,59,0,26,127,0,153,18,0,18,171
09/08/2020,APF,FL,ASO,ES,Federal Contract Tower,0,33,71,0,104,0,0,59,0,59,0,33,130,0,163,24,0,24,187
09/09/2020,APF,FL,ASO,ES,Federal Contract Tower,0,24,49,0,73,0,0,27,0,27,0,24,76,0,100,6,0,6,106
09/10/2020,APF,FL,ASO,ES,Federal Contract Tower,0,23,55,4,82,0,3,56,0,59,0,26,111,4,141,54,0,54,195
09/11/2020,APF,FL,ASO,ES,Federal Contract Tower,0,18,39,0,57,0,0,91,0,91,0,18,130,0,148,66,0,66,214
09/12/2020,APF,FL,ASO,ES,Federal Contract Tower,0,14,27,0,41,0,0,3,0,3,0,14,30,0,44,8,0,8,52
09/13/2020,APF,FL,ASO,ES,Federal Contract Tower,0,25,44,0,69,0,0,8,0,8,0,25,52,0,77,0,0,0,77
09/14/2020,APF,FL,ASO,ES,Federal Contract Tower,0,21,43,0,64,0,1,41,0,42,0,22,84,0,106,16,0,16,122
09/15/2020,APF,FL,ASO,ES,Federal Contract Tower,0,33,63,0,96,0,3,101,0,104,0,36,164,0,200,52,0,52,252
09/16/2020,APF,FL,ASO,ES,Federal Contract Tower,0,33,71,0,104,0,0,83,2,85,0,33,154,2,189,42,0,42,231
09/17/2020,APF,FL,ASO,ES,Federal Contract Tower,0,26,68,0,94,0,1,108,0,109,0,27,176,0,203,24,0,24,227
09/18/2020,APF,FL,ASO,ES,Federal Contract Tower,0,24,54,0,78,0,0,57,0,57,0,24,111,0,135,23,0,23,158
09/19/2020,APF,FL,ASO,ES,Federal Contract Tower,0,19,41,0,60,0,2,111,0,113,0,21,152,0,173,63,0,63,236
09/20/2020,APF,FL,ASO,ES,Federal Contract Tower,0,31,79,0,110,0,0,58,0,58,0,31,137,0,168,10,0,10,178
09/21/2020,APF,FL,ASO,ES,Federal Contract Tower,0,28,56,0,84,0,0,41,0,41,0,28,97,0,125,12,0,12,137
09/22/2020,APF,FL,ASO,ES,Federal Contract Tower,0,28,63,0,91,0,2,100,0,102,0,30,163,0,193,62,0,62,255
09/23/2020,APF,FL,ASO,ES,Federal Contract Tower,0,30,65,2,97,0,0,137,2,139,0,30,202,4,236,86,0,86,322
09/24/2020,APF,FL,ASO,ES,Federal Contract Tower,0,31,87,0,118,0,0,116,0,116,0,31,203,0,234,46,0,46,280
09/25/2020,APF,FL,ASO,ES,Federal Contract Tower,0,29,67,0,96,0,0,89,0,89,0,29,156,0,185,52,0,52,237
09/26/2020,APF,FL,ASO,ES,Federal Contract Tower,0,25,38,0,63,0,0,109,0,109,0,25,147,0,172,32,0,32,204
09/27/2020,APF,FL,ASO,ES,Federal Contract Tower,0,35,65,0,100,0,1,74,0,75,0,36,139,0,175,30,0,30,205
09/28/2020,APF,FL,ASO,ES,Federal Contract Tower,0,32,65,0,97,0,0,86,0,86,0,32,151,0,183,75,0,75,258
09/29/2020,APF,FL,ASO,ES,Federal Contract Tower,0,35,58,0,93,0,1,77,0,78,0,36,135,0,171,46,0,46,217
09/30/2020,APF,FL,ASO,ES,Federal Contract Tower,0,36,70,0,106,0,0,26,0,26,0,36,96,0,132,30,0,30,162
10/01/2020,APF,FL,ASO,ES,Federal Contract Tower,0,49,91,0,140,0,0,69,0,69,0,49,160,0,209,60,0,60,269
10/02/2020,APF,FL,ASO,ES,Federal Contract Tower,0,41,69,0,110,0,0,34,0,34,0,41,103,0,144,31,0,31,175
10/03/2020,APF,FL,ASO,ES,Federal Contract Tower,0,30,51,0,81,0,0,38,0,38,0,30,89,0,119,14,0,14,133
10/04/2020,APF,FL,ASO,ES,Federal Contract Tower,0,42,74,0,116,0,0,4,0,4,0,42,78,0,120,8,0,8,128
10/05/2020,APF,FL,ASO,ES,Federal Contract Tower,0,26,78,4,108,0,2,44,0,46,0,28,122,4,154,26,0,26,180
10/06/2020,APF,FL,ASO,ES,Federal Contract Tower,0,29,75,0,104,0,0,85,0,85,0,29,160,0,189,51,0,51,240
10/07/2020,APF,FL,ASO,ES,Federal Contract Tower,0,36,68,0,104,0,2,120,0,122,0,38,188,0,226,84,0,84,310
10/08/2020,APF,FL,ASO,ES,Federal Contract Tower,0,42,102,0,144,0,2,148,0,150,0,44,250,0,294,62,0,62,356
10/09/2020,APF,FL,ASO,ES,Federal Contract Tower,0,34,64,4,102,0,2,90,0,92,0,36,154,4,194,76,0,76,270
10/10/2020,APF,FL,ASO,ES,Federal Contract Tower,0,33,57,0,90,0,0,64,0,64,0,33,121,0,154,22,0,22,176
10/11/2020,APF,FL,ASO,ES,Federal Contract Tower,0,45,69,0,114,0,0,59,0,59,0,45,128,0,173,16,0,16,189
10/12/2020,APF,FL,ASO,ES,Federal Contract Tower,0,40,79,4,123,0,0,83,0,83,0,40,162,4,206,52,0,52,258
10/13/2020,APF,FL,ASO,ES,Federal Contract Tower,0,59,76,4,139,0,0,111,0,111,0,59,187,4,250,38,0,38,288
10/14/2020,APF,FL,ASO,ES,Federal Contract Tower,0,63,103,0,166,0,1,111,0,112,0,64,214,0,278,64,0,64,342
10/15/2020,APF,FL,ASO,ES,Federal Contract Tower,0,87,113,0,200,0,0,123,0,123,0,87,236,0,323,56,0,56,379
10/16/2020,APF,FL,ASO,ES,Federal Contract Tower,0,52,92,0,144,0,2,59,0,61,0,54,151,0,205,21,0,21,226
10/17/2020,APF,FL,ASO,ES,Federal Contract Tower,0,66,74,4,144,0,0,71,0,71,0,66,145,4,215,42,0,42,257
10/18/2020,APF,FL,ASO,ES,Federal Contract Tower,0,64,93,2,159,0,2,49,0,51,0,66,142,2,210,22,0,22,232
10/19/2020,APF,FL,ASO,ES,Federal Contract Tower,0,48,78,4,130,0,0,20,0,20,0,48,98,4,150,8,0,8,158
10/20/2020,APF,FL,ASO,ES,Federal Contract Tower,0,52,97,0,149,0,0,38,0,38,0,52,135,0,187,30,0,30,217
10/21/2020,APF,FL,ASO,ES,Federal Contract Tower,0,65,64,6,135,0,0,32,0,32,0,65,96,6,167,14,0,14,181
10/22/2020,APF,FL,ASO,ES,Federal Contract Tower,0,49,119,0,168,0,0,76,0,76,0,49,195,0,244,22,0,22,266
10/23/2020,APF,FL,ASO,ES,Federal Contract Tower,0,53,101,0,154,0,0,131,0,131,0,53,232,0,285,42,0,42,327
10/24/2020,APF,FL,ASO,ES,Federal Contract Tower,0,62,88,0,150,0,0,99,0,99,0,62,187,0,249,57,0,57,306
10/25/2020,APF,FL,ASO,ES,Federal Contract Tower,0,52,74,0,126,0,0,18,0,18,0,52,92,0,144,24,0,24,168
10/26/2020,APF,FL,ASO,ES,Federal Contract Tower,0,38,89,0,127,0,2,95,0,97,0,40,184,0,224,92,0,92,316
10/27/2020,APF,FL,ASO,ES,Federal Contract Tower,0,48,84,0,132,0,0,126,0,126,0,48,210,0,258,78,0,78,336
10/28/2020,APF,FL,ASO,ES,Federal Contract Tower,0,67,93,0,160,0,1,123,0,124,0,68,216,0,284,50,4,54,338
10/29/2020,APF,FL,ASO,ES,Federal Contract Tower,0,57,113,0,170,0,0,115,0,115,0,57,228,0,285,50,0,50,335
10/30/2020,APF,FL,ASO,ES,Federal Contract Tower,0,76,89,0,165,0,2,93,0,95,0,78,182,0,260,36,0,36,296
10/31/2020,APF,FL,ASO,ES,Federal Contract Tower,0,60,95,1,156,0,0,124,0,124,0,60,219,1,280,132,0,132,412
11/01/2020,APF,FL,ASO,ES,Federal Contract Tower,0,66,133,0,199,0,0,107,0,107,0,66,240,0,306,32,0,32,338
11/02/2020,APF,FL,ASO,ES,Federal Contract Tower,0,50,101,0,151,0,3,64,0,67,0,53,165,0,218,14,0,14,232
11/03/2020,APF,FL,ASO,ES,Federal Contract Tower,0,39,64,0,103,0,0,100,0,100,0,39,164,0,203,100,0,100,303
11/04/2020,APF,FL,ASO,ES,Federal Contract Tower,0,50,89,0,139,0,3,92,0,95,0,53,181,0,234,42,0,42,276
11/05/2020,APF,FL,ASO,ES,Federal Contract Tower,0,58,88,0,146,0,2,72,0,74,0,60,160,0,220,64,0,64,284
11/06/2020,APF,FL,ASO,ES,Federal Contract Tower,0,66,102,1,169,0,2,76,0,78,0,68,178,1,247,90,0,90,337
11/07/2020,APF,FL,ASO,ES,Federal Contract Tower,0,59,84,4,147,0,0,44,0,44,0,59,128,4,191,20,0,20,211
11/08/2020,APF,FL,ASO,ES,Federal Contract Tower,0,47,70,0,117,0,0,1,0,1,0,47,71,0,118,0,0,0,118
11/09/2020,APF,FL,ASO,ES,Federal Contract Tower,0,19,14,0,33,0,0,0,0,0,0,19,14,0,33,0,0,0,33
11/10/2020,APF,FL,ASO,ES,Federal Contract Tower,0,39,52,0,91,0,2,32,0,34,0,41,84,0,125,56,0,56,181
11/11/2020,APF,FL,ASO,ES,Federal Contract Tower,0,33,33,0,66,0,0,4,0,4,0,33,37,0,70,0,0,0,70
11/12/2020,APF,FL,ASO,ES,Federal Contract Tower,0,66,87,0,153,0,0,66,0,66,0,66,153,0,219,46,0,46,265
11/13/2020,APF,FL,ASO,ES,Federal Contract Tower,0,72,115,0,187,0,1,142,0,143,0,73,257,0,330,54,2,56,386
11/14/2020,APF,FL,ASO,ES,Federal Contract Tower,0,52,104,0,156,0,0,37,0,37,0,52,141,0,193,48,0,48,241
11/15/2020,APF,FL,ASO,ES,Federal Contract Tower,0,50,108,0,158,0,1,85,0,86,0,51,193,0,244,12,0,12,256
11/16/2020,APF,FL,ASO,ES,Federal Contract Tower,0,58,125,0,183,0,0,147,0,147,0,58,272,0,330,105,0,105,435
11/17/2020,APF,FL,ASO,ES,Federal Contract Tower,0,52,86,0,138,0,7,123,0,130,0,59,209,0,268,38,0,38,306
11/18/2020,APF,FL,ASO,ES,Federal Contract Tower,0,72,94,0,166,0,1,101,0,102,0,73,195,0,268,77,0,77,345
11/19/2020,APF,FL,ASO,ES,Federal Contract Tower,0,78,141,0,219,0,0,97,0,97,0,78,238,0,316,70,0,70,386
11/20/2020,APF,FL,ASO,ES,Federal Contract Tower,0,108,149,0,257,0,0,73,0,73,0,108,222,0,330,54,0,54,384
11/21/2020,APF,FL,ASO,ES,Federal Contract Tower,0,103,134,0,237,0,0,82,0,82,0,103,216,0,319,0,0,0,319
11/22/2020,APF,FL,ASO,ES,Federal Contract Tower,0,89,145,0,234,0,2,85,0,87,0,91,230,0,321,48,0,48,369
11/23/2020,APF,FL,ASO,ES,Federal Contract Tower,0,82,124,4,210,0,0,74,0,74,0,82,198,4,284,46,0,46,330
11/24/2020,APF,FL,ASO,ES,Federal Contract Tower,0,59,140,2,201,0,0,136,0,136,0,59,276,2,337,95,0,95,432
11/25/2020,APF,FL,ASO,ES,Federal Contract Tower,0,63,132,0,195,0,0,84,0,84,0,63,216,0,279,74,0,74,353
11/26/2020,APF,FL,ASO,ES,Federal Contract Tower,0,14,20,0,34,0,0,69,0,69,0,14,89,0,103,54,0,54,157
11/27/2020,APF,FL,ASO,ES,Federal Contract Tower,0,64,96,0,160,0,0,161,0,161,0,64,257,0,321,34,0,34,355
11/28/2020,APF,FL,ASO,ES,Federal Contract Tower,0,86,131,0,217,0,1,128,0,129,0,87,259,0,346,100,0,100,446
11/29/2020,APF,FL,ASO,ES,Federal Contract Tower,0,125,174,0,299,0,0,88,0,88,0,125,262,0,387,11,0,11,398
11/30/2020,APF,FL,ASO,ES,Federal Contract Tower,0,90,111,0,201,0,0,53,0,53,0,90,164,0,254,73,0,73,327
12/01/2020,APF,FL,ASO,ES,Federal Contract Tower,0,81,137,0,218,0,0,141,0,141,0,81,278,0,359,72,0,72,431
12/02/2020,APF,FL,ASO,ES,Federal Contract Tower,0,54,126,0,180,0,0,127,0,127,0,54,253,0,307,102,0,102,409
12/03/2020,APF,FL,ASO,ES,Federal Contract Tower,0,64,97,0,161,0,0,166,0,166,0,64,263,0,327,100,0,100,427
12/04/2020,APF,FL,ASO,ES,Federal Contract Tower,0,47,90,0,137,0,0,103,0,103,0,47,193,0,240,88,0,88,328
12/05/2020,APF,FL,ASO,ES,Federal Contract Tower,0,51,99,0,150,0,0,65,0,65,0,51,164,0,215,52,0,52,267
12/06/2020,APF,FL,ASO,ES,Federal Contract Tower,0,72,120,0,192,0,0,103,0,103,0,72,223,0,295,14,0,14,309
12/07/2020,APF,FL,ASO,ES,Federal Contract Tower,0,57,78,0,135,0,0,22,0,22,0,57,100,0,157,4,0,4,161
12/08/2020,APF,FL,ASO,ES,Federal Contract Tower,0,50,78,4,132,0,0,121,0,121,0,50,199,4,253,60,0,60,313
12/09/2020,APF,FL,ASO,ES,Federal Contract Tower,0,62,107,0,169,0,0,143,2,145,0,62,250,2,314,48,0,48,362
12/10/2020,APF,FL,ASO,ES,Federal Contract Tower,0,53,107,0,160,0,0,155,5,160,0,53,262,5,320,68,0,68,388
12/11/2020,APF,FL,ASO,ES,Federal Contract Tower,0,72,120,0,192,0,0,147,0,147,0,72,267,0,339,89,0,89,428
12/12/2020,APF,FL,ASO,ES,Federal Contract Tower,0,48,84,0,132,0,0,100,0,100,0,48,184,0,232,53,0,53,285
12/13/2020,APF,FL,ASO,ES,Federal Contract Tower,0,63,117,6,186,0,0,93,0,93,0,63,210,6,279,21,4,25,304
12/14/2020,APF,FL,ASO,ES,Federal Contract Tower,0,47,90,0,137,0,0,76,0,76,0,47,166,0,213,54,0,54,267
12/15/2020,APF,FL,ASO,ES,Federal Contract Tower,0,51,106,0,157,0,1,38,0,39,0,52,144,0,196,26,0,26,222
12/16/2020,APF,FL,ASO,ES,Federal Contract Tower,0,68,87,0,155,0,0,86,0,86,0,68,173,0,241,46,0,46,287
12/17/2020,APF,FL,ASO,ES,Federal Contract Tower,0,59,133,0,192,0,1,71,0,72,0,60,204,0,264,32,0,32,296
12/18/2020,APF,FL,ASO,ES,Federal Contract Tower,0,81,150,0,231,0,0,141,0,141,0,81,291,0,372,46,0,46,418
12/19/2020,APF,FL,ASO,ES,Federal Contract Tower,0,96,135,0,231,0,0,123,0,123,0,96,258,0,354,22,0,22,376
12/20/2020,APF,FL,ASO,ES,Federal Contract Tower,0,91,129,0,220,0,0,90,0,90,0,91,219,0,310,8,0,8,318
12/21/2020,APF,FL,ASO,ES,Federal Contract Tower,0,68,106,1,175,0,0,75,0,75,0,68,181,1,250,22,0,22,272
12/22/2020,APF,FL,ASO,ES,Federal Contract Tower,0,66,105,1,172,0,2,97,0,99,0,68,202,1,271,53,0,53,324
12/23/2020,APF,FL,ASO,ES,Federal Contract Tower,0,77,136,0,213,0,1,108,0,109,0,78,244,0,322,36,0,36,358
12/24/2020,APF,FL,ASO,ES,Federal Contract Tower,0,27,36,0,63,0,0,42,0,42,0,27,78,0,105,20,0,20,125
12/25/2020,APF,FL,ASO,ES,Federal Contract Tower,0,84,35,0,119,0,0,42,0,42,0,84,77,0,161,12,0,12,173
12/26/2020,APF,FL,ASO,ES,Federal Contract Tower,0,131,228,0,359,0,4,101,0,105,0,135,329,0,464,10,0,10,474
12/27/2020,APF,FL,ASO,ES,Federal Contract Tower,0,140,210,0,350,0,0,121,0,121,0,140,331,0,471,5,0,5,476
12/28/2020,APF,FL,ASO,ES,Federal Contract Tower,0,161,158,0,319,0,2,96,0,98,0,163,254,0,417,0,0,0,417
12/29/2020,APF,FL,ASO,ES,Federal Contract Tower,0,123,142,0,265,0,6,114,0,120,0,129,256,0,385,2,0,2,387
12/30/2020,APF,FL,ASO,ES,Federal Contract Tower,0,124,144,0,268,0,0,85,0,85,0,124,229,0,353,6,0,6,359
12/31/2020,APF,FL,ASO,ES,Federal Contract Tower,0,84,104,0,188,0,0,57,0,57,0,84,161,0,245,2,0,2,247
01/01/2021,APF,FL,ASO,ES,Federal Contract Tower,0,75,90,1,166,0,2,50,0,52,0,77,140,1,218,15,0,15,233
01/02/2021,APF,FL,ASO,ES,Federal Contract Tower,0,170,183,0,353,0,0,38,0,38,0,170,221,0,391,0,0,0,391
01/03/2021,APF,FL,ASO,ES,Federal Contract Tower,0,132,243,0,375,0,0,63,0,63,0,132,306,0,438,0,0,0,438
01/04/2021,APF,FL,ASO,ES,Federal Contract Tower,0,102,157,0,259,0,1,82,0,83,0,103,239,0,342,0,0,0,342
01/05/2021,APF,FL,ASO,ES,Federal Contract Tower,0,97,133,0,230,0,0,129,0,129,0,97,262,0,359,51,0,51,410
01/06/2021,APF,FL,ASO,ES,Federal Contract Tower,0,58,119,0,177,0,2,103,0,105,0,60,222,0,282,50,0,50,332
01/07/2021,APF,FL,ASO,ES,Federal Contract Tower,0,68,108,0,176,0,0,159,0,159,0,68,267,0,335,52,0,52,387
01/08/2021,APF,FL,ASO,ES,Federal Contract Tower,0,76,125,0,201,0,0,112,0,112,0,76,237,0,313,46,0,46,359
01/09/2021,APF,FL,ASO,ES,Federal Contract Tower,0,94,122,0,216,0,2,97,0,99,0,96,219,0,315,22,0,22,337
01/10/2021,APF,FL,ASO,ES,Federal Contract Tower,0,87,167,2,256,0,2,102,0,104,0,89,269,2,360,6,0,6,366
01/11/2021,APF,FL,ASO,ES,Federal Contract Tower,0,78,105,0,183,0,0,119,0,119,0,78,224,0,302,48,0,48,350
01/12/2021,APF,FL,ASO,ES,Federal Contract Tower,0,57,127,0,184,0,0,37,0,37,0,57,164,0,221,34,0,34,255
01/13/2021,APF,FL,ASO,ES,Federal Contract Tower,0,70,82,0,152,0,0,82,0,82,0,70,164,0,234,24,0,24,258
01/14/2021,APF,FL,ASO,ES,Federal Contract Tower,0,64,113,0,177,0,1,184,0,185,0,65,297,0,362,48,0,48,410
01/15/2021,APF,FL,ASO,ES,Federal Contract Tower,0,77,133,0,210,0,0,161,0,161,0,77,294,0,371,49,0,49,420
01/16/2021,APF,FL,ASO,ES,Federal Contract Tower,0,80,92,0,172,0,1,70,0,71,0,81,162,0,243,16,0,16,259
01/17/2021,APF,FL,ASO,ES,Federal Contract Tower,0,77,135,0,212,0,0,99,0,99,0,77,234,0,311,26,0,26,337
01/18/2021,APF,FL,ASO,ES,Federal Contract Tower,0,73,148,0,221,0,0,131,0,131,0,73,279,0,352,62,0,62,414
01/19/2021,APF,FL,ASO,ES,Federal Contract Tower,0,43,109,1,153,0,0,162,1,163,0,43,271,2,316,58,6,64,380
01/20/2021,APF,FL,ASO,ES,Federal Contract Tower,0,50,113,0,163,0,0,147,0,147,0,50,260,0,310,60,0,60,370
01/21/2021,APF,FL,ASO,ES,Federal Contract Tower,0,70,124,0,194,0,4,160,0,164,0,74,284,0,358,40,0,40,398
01/22/2021,APF,FL,ASO,ES,Federal Contract Tower,0,74,168,0,242,0,2,215,0,217,0,76,383,0,459,48,0,48,507
01/23/2021,APF,FL,ASO,ES,Federal Contract Tower,0,89,117,0,206,0,4,164,0,168,0,93,281,0,374,58,0,58,432
01/24/2021,APF,FL,ASO,ES,Federal Contract Tower,0,85,166,0,251,0,1,87,0,88,0,86,253,0,339,18,0,18,357
01/25/2021,APF,FL,ASO,ES,Federal Contract Tower,0,67,151,10,228,0,3,112,0,115,0,70,263,10,343,70,0,70,413
01/26/2021,APF,FL,ASO,ES,Federal Contract Tower,0,59,139,1,199,0,0,123,0,123,0,59,262,1,322,50,0,50,372
01/27/2021,APF,FL,ASO,ES,Federal Contract Tower,0,75,168,0,243,0,0,63,0,63,0,75,231,0,306,32,0,32,338
01/28/2021,APF,FL,ASO,ES,Federal Contract Tower,0,80,128,0,208,0,2,99,0,101,0,82,227,0,309,26,0,26,335
01/29/2021,APF,FL,ASO,ES,Federal Contract Tower,0,88,143,0,231,0,2,141,0,143,0,90,284,0,374,40,0,40,414
01/30/2021,APF,FL,ASO,ES,Federal Contract Tower,0,93,133,0,226,0,0,94,0,94,0,93,227,0,320,26,0,26,346
01/31/2021,APF,FL,ASO,ES,Federal Contract Tower,0,64,153,0,217,0,1,83,0,84,0,65,236,0,301,18,0,18,319
02/01/2021,APF,FL,ASO,ES,Federal Contract Tower,0,50,91,2,143,0,2,30,0,32,0,52,121,2,175,12,0,12,187
02/02/2021,APF,FL,ASO,ES,Federal Contract Tower,0,41,119,0,160,0,0,22,0,22,0,41,141,0,182,17,0,17,199
02/03/2021,APF,FL,ASO,ES,Federal Contract Tower,0,56,137,0,193,0,0,171,0,171,0,56,308,0,364,36,0,36,400
02/04/2021,APF,FL,ASO,ES,Federal Contract Tower,0,67,118,0,185,0,2,190,0,192,0,69,308,0,377,66,0,66,443
02/05/2021,APF,FL,ASO,ES,Federal Contract Tower,0,84,135,0,219,0,0,161,0,161,0,84,296,0,380,92,0,92,472
02/06/2021,APF,FL,ASO,ES,Federal Contract Tower,0,76,112,0,188,0,1,67,0,68,0,77,179,0,256,90,0,90,346
02/07/2021,APF,FL,ASO,ES,Federal Contract Tower,0,54,114,0,168,0,0,8,0,8,0,54,122,0,176,0,0,0,176
02/08/2021,APF,FL,ASO,ES,Federal Contract Tower,0,75,157,0,232,0,1,75,0,76,0,76,232,0,308,51,0,51,359
02/09/2021,APF,FL,ASO,ES,Federal Contract Tower,0,53,142,0,195,0,0,106,0,106,0,53,248,0,301,44,0,44,345
02/10/2021,APF,FL,ASO,ES,Federal Contract Tower,0,71,172,0,243,0,0,193,0,193,0,71,365,0,436,74,0,74,510
02/11/2021,APF,FL,ASO,ES,Federal Contract Tower,0,89,172,2,263,0,0,150,0,150,0,89,322,2,413,62,0,62,475
02/12/2021,APF,FL,ASO,ES,Federal Contract Tower,0,104,167,0,271,0,0,126,0,126,0,104,293,0,397,14,0,14,411
02/13/2021,APF,FL,ASO,ES,Federal Contract Tower,0,100,155,0,255,0,0,93,0,93,0,100,248,0,348,8,0,8,356
02/14/2021,APF,FL,ASO,ES,Federal Contract Tower,0,99,121,0,220,0,1,87,0,88,0,100,208,0,308,2,0,2,310
02/15/2021,APF,FL,ASO,ES,Federal Contract Tower,0,95,182,0,277,0,0,117,0,117,0,95,299,0,394,12,2,14,408
02/16/2021,APF,FL,ASO,ES,Federal Contract Tower,0,109,145,0,254,0,0,68,0,68,0,109,213,0,322,16,0,16,338
02/17/2021,APF,FL,ASO,ES,Federal Contract Tower,0,101,171,0,272,0,1,91,0,92,0,102,262,0,364,70,0,70,434
02/18/2021,APF,FL,ASO,ES,Federal Contract Tower,0,70,159,0,229,0,0,153,0,153,0,70,312,0,382,58,0,58,440
02/19/2021,APF,FL,ASO,ES,Federal Contract Tower,0,81,145,0,226,0,4,70,0,74,0,85,215,0,300,36,0,36,336
02/20/2021,APF,FL,ASO,ES,Federal Contract Tower,0,94,242,0,336,0,0,171,0,171,0,94,413,0,507,2,0,2,509
02/21/2021,APF,FL,ASO,ES,Federal Contract Tower,0,137,199,2,338,0,1,106,0,107,0,138,305,2,445,10,0,10,455
02/22/2021,APF,FL,ASO,ES,Federal Contract Tower,0,79,149,0,228,0,0,131,0,131,0,79,280,0,359,40,0,40,399
02/23/2021,APF,FL,ASO,ES,Federal Contract Tower,0,70,149,0,219,0,1,150,0,151,0,71,299,0,370,54,0,54,424
02/24/2021,APF,FL,ASO,ES,Federal Contract Tower,0,87,137,0,224,0,2,117,0,119,0,89,254,0,343,20,0,20,363
02/25/2021,APF,FL,ASO,ES,Federal Contract Tower,0,98,162,0,260,0,0,198,0,198,0,98,360,0,458,84,0,84,542
02/26/2021,APF,FL,ASO,ES,Federal Contract Tower,0,91,137,0,228,0,2,152,0,154,0,93,289,0,382,32,0,32,414
02/27/2021,APF,FL,ASO,ES,Federal Contract Tower,0,101,149,0,250,0,6,156,0,162,0,107,305,0,412,2,0,2,414
02/28/2021,APF,FL,ASO,ES,Federal Contract Tower,0,111,168,0,279,0,4,90,0,94,0,115,258,0,373,8,0,8,381
03/01/2021,APF,FL,ASO,ES,Federal Contract Tower,0,75,147,0,222,0,3,117,0,120,0,78,264,0,342,44,0,44,386
03/02/2021,APF,FL,ASO,ES,Federal Contract Tower,0,73,115,0,188,0,0,97,0,97,0,73,212,0,285,44,0,44,329
03/03/2021,APF,FL,ASO,ES,Federal Contract Tower,0,74,152,2,228,0,2,62,0,64,0,76,214,2,292,0,0,0,292
03/04/2021,APF,FL,ASO,ES,Federal Contract Tower,0,88,153,3,244,0,0,174,0,174,0,88,327,3,418,72,0,72,490
03/05/2021,APF,FL,ASO,ES,Federal Contract Tower,0,87,151,0,238,0,0,177,0,177,0,87,328,0,415,54,0,54,469
03/06/2021,APF,FL,ASO,ES,Federal Contract Tower,0,77,90,5,172,0,0,29,0,29,0,77,119,5,201,10,0,10,211
03/07/2021,APF,FL,ASO,ES,Federal Contract Tower,0,93,145,3,241,0,2,71,1,74,0,95,216,4,315,4,0,4,319
03/08/2021,APF,FL,ASO,ES,Federal Contract Tower,0,69,123,0,192,0,7,104,0,111,0,76,227,0,303,6,0,6,309
03/09/2021,APF,FL,ASO,ES,Federal Contract Tower,0,81,120,0,201,0,0,125,0,125,0,81,245,0,326,53,0,53,379
03/10/2021,APF,FL,ASO,ES,Federal Contract Tower,0,69,127,0,196,0,0,111,0,111,0,69,238,0,307,24,0,24,331
03/11/2021,APF,FL,ASO,ES,Federal Contract Tower,0,77,158,0,235,0,0,86,0,86,0,77,244,0,321,32,0,32,353
03/12/2021,APF,FL,ASO,ES,Federal Contract Tower,0,88,184,1,273,0,0,147,0,147,0,88,331,1,420,98,0,98,518
03/13/2021,APF,FL,ASO,ES,Federal Contract Tower,0,127,140,0,267,0,4,146,0,150,0,131,286,0,417,41,0,41,458
03/14/2021,APF,FL,ASO,ES,Federal Contract Tower,0,112,165,0,277,0,0,132,0,132,0,112,297,0,409,28,0,28,437
03/15/2021,APF,FL,ASO,ES,Federal Contract Tower,0,78,141,0,219,0,0,115,0,115,0,78,256,0,334,28,0,28,362
03/16/2021,APF,FL,ASO,ES,Federal Contract Tower,0,54,141,1,196,0,2,144,0,146,0,56,285,1,342,60,0,60,402
03/17/2021,APF,FL,ASO,ES,Federal Contract Tower,0,79,114,0,193,0,1,140,0,141,0,80,254,0,334,64,0,64,398
03/18/2021,APF,FL,ASO,ES,Federal Contract Tower,0,96,153,2,251,0,1,100,0,101,0,97,253,2,352,56,0,56,408
03/19/2021,APF,FL,ASO,ES,Federal Contract Tower,0,110,166,0,276,0,1,116,0,117,0,111,282,0,393,32,0,32,425
03/20/2021,APF,FL,ASO,ES,Federal Contract Tower,0,117,195,1,313,0,1,120,0,121,0,118,315,1,434,36,0,36,470
03/21/2021,APF,FL,ASO,ES,Federal Contract Tower,0,113,178,2,293,0,0,81,0,81,0,113,259,2,374,2,0,2,376
03/22/2021,APF,FL,ASO,ES,Federal Contract Tower,0,87,160,0,247,0,2,126,0,128,0,89,286,0,375,72,0,72,447
03/23/2021,APF,FL,ASO,ES,Federal Contract Tower,0,68,129,0,197,0,2,142,0,144,0,70,271,0,341,98,0,98,439
03/24/2021,APF,FL,ASO,ES,Federal Contract Tower,0,79,140,0,219,0,4,178,0,182,0,83,318,0,401,94,0,94,495
03/25/2021,APF,FL,ASO,ES,Federal Contract Tower,0,103,170,2,275,0,1,101,0,102,0,104,271,2,377,12,0,12,389
03/26/2021,APF,FL,ASO,ES,Federal Contract Tower,0,118,223,2,343,0,5,111,0,116,0,123,334,2,459,3,0,3,462
03/27/2021,APF,FL,ASO,ES,Federal Contract Tower,0,134,173,0,307,0,0,118,0,118,0,134,291,0,425,14,0,14,439
03/28/2021,APF,FL,ASO,ES,Federal Contract Tower,0,100,126,0,226,0,0,122,0,122,0,100,248,0,348,10,0,10,358
03/29/2021,APF,FL,ASO,ES,Federal Contract Tower,0,71,145,0,216,0,1,143,0,144,0,72,288,0,360,66,0,66,426
03/30/2021,APF,FL,ASO,ES,Federal Contract Tower,0,74,116,0,190,0,1,110,2,113,0,75,226,2,303,54,0,54,357
03/31/2021,APF,FL,ASO,ES,Federal Contract Tower,0,90,148,0,238,0,0,134,0,134,0,90,282,0,372,20,0,20,392
04/01/2021,APF,FL,ASO,ES,Federal Contract Tower,0,132,208,0,340,0,4,96,0,100,0,136,304,0,440,6,0,6,446
04/02/2021,APF,FL,ASO,ES,Federal Contract Tower,0,117,168,0,285,0,0,88,0,88,0,117,256,0,373,12,0,12,385
04/03/2021,APF,FL,ASO,ES,Federal Contract Tower,0,88,149,0,237,0,0,84,0,84,0,88,233,0,321,14,0,14,335
04/04/2021,APF,FL,ASO,ES,Federal Contract Tower,0,104,112,0,216,0,0,63,0,63,0,104,175,0,279,20,0,20,299
04/05/2021,APF,FL,ASO,ES,Federal Contract Tower,0,138,190,0,328,0,0,155,0,155,0,138,345,0,483,32,0,32,515
04/06/2021,APF,FL,ASO,ES,Federal Contract Tower,0,106,134,0,240,0,3,152,0,155,0,109,286,0,395,30,0,30,425
04/07/2021,APF,FL,ASO,ES,Federal Contract Tower,0,92,127,0,219,0,0,147,0,147,0,92,274,0,366,83,0,83,449
04/08/2021,APF,FL,ASO,ES,Federal Contract Tower,0,77,156,0,233,0,0,166,1,167,0,77,322,1,400,80,0,80,480
04/09/2021,APF,FL,ASO,ES,Federal Contract Tower,0,89,163,1,253,0,0,152,0,152,0,89,315,1,405,98,0,98,503
04/10/2021,APF,FL,ASO,ES,Federal Contract Tower,0,104,146,2,252,0,4,120,0,124,0,108,266,2,376,30,0,30,406
04/11/2021,APF,FL,ASO,ES,Federal Contract Tower,0,56,104,0,160,0,0,30,0,30,0,56,134,0,190,22,0,22,212
04/12/2021,APF,FL,ASO,ES,Federal Contract Tower,0,164,207,0,371,0,0,80,0,80,0,164,287,0,451,28,0,28,479
04/13/2021,APF,FL,ASO,ES,Federal Contract Tower,0,84,123,0,207,0,2,151,0,153,0,86,274,0,360,80,0,80,440
04/14/2021,APF,FL,ASO,ES,Federal Contract Tower,0,89,137,0,226,0,1,135,0,136,0,90,272,0,362,70,0,70,432
04/15/2021,APF,FL,ASO,ES,Federal Contract Tower,0,101,137,0,238,0,6,147,0,153,0,107,284,0,391,12,0,12,403
04/16/2021,APF,FL,ASO,ES,Federal Contract Tower,0,83,150,0,233,0,0,128,0,128,0,83,278,0,361,34,0,34,395
04/17/2021,APF,FL,ASO,ES,Federal Contract Tower,0,91,102,2,195,0,2,121,0,123,0,93,223,2,318,52,0,52,370
04/18/2021,APF,FL,ASO,ES,Federal Contract Tower,0,99,153,0,252,0,4,90,0,94,0,103,243,0,346,10,0,10,356
04/19/2021,APF,FL,ASO,ES,Federal Contract Tower,0,97,99,0,196,0,1,26,0,27,0,98,125,0,223,2,0,2,225
04/20/2021,APF,FL,ASO,ES,Federal Contract Tower,0,68,102,0,170,0,0,18,0,18,0,68,120,0,188,10,0,10,198
04/21/2021,APF,FL,ASO,ES,Federal Contract Tower,0,83,139,0,222,0,0,45,0,45,0,83,184,0,267,30,0,30,297
04/22/2021,APF,FL,ASO,ES,Federal Contract Tower,0,82,149,0,231,0,0,147,0,147,0,82,296,0,378,26,0,26,404
04/23/2021,APF,FL,ASO,ES,Federal Contract Tower,0,87,157,0,244,0,2,123,0,125,0,89,280,0,369,65,0,65,434
04/24/2021,APF,FL,ASO,ES,Federal Contract Tower,0,76,108,0,184,0,1,60,0,61,0,77,168,0,245,38,0,38,283
04/25/2021,APF,FL,ASO,ES,Federal Contract Tower,0,111,159,1,271,0,2,51,0,53,0,113,210,1,324,0,0,0,324
04/26/2021,APF,FL,ASO,ES,Federal Contract Tower,0,67,116,5,188,0,3,114,0,117,0,70,230,5,305,40,0,40,345
04/27/2021,APF,FL,ASO,ES,Federal Contract Tower,0,73,86,0,159,0,0,115,0,115,0,73,201,0,274,48,0,48,322
04/28/2021,APF,FL,ASO,ES,Federal Contract Tower,0,58,121,0,179,0,0,188,0,188,0,58,309,0,367,54,0,54,421
04/29/2021,APF,FL,ASO,ES,Federal Contract Tower,0,89,151,0,240,0,0,149,0,149,0,89,300,0,389,52,0,52,441
04/30/2021,APF,FL,ASO,ES,Federal Contract Tower,0,105,148,0,253,0,1,123,0,124,0,106,271,0,377,70,0,70,447
05/01/2021,APF,FL,ASO,ES,Federal Contract Tower,0,85,86,0,171,0,0,88,0,88,0,85,174,0,259,38,0,38,297
05/02/2021,APF,FL,ASO,ES,Federal Contract Tower,0,93,135,4,232,0,1,86,0,87,0,94,221,4,319,0,0,0,319
05/03/2021,APF,FL,ASO,ES,Federal Contract Tower,0,88,110,4,202,0,0,105,0,105,0,88,215,4,307,47,0,47,354
05/04/2021,APF,FL,ASO,ES,Federal Contract Tower,0,80,84,0,164,0,0,126,0,126,0,80,210,0,290,52,0,52,342
05/05/2021,APF,FL,ASO,ES,Federal Contract Tower,0,91,122,0,213,0,5,128,0,133,0,96,250,0,346,68,0,68,414
05/06/2021,APF,FL,ASO,ES,Federal Contract Tower,0,64,130,0,194,0,0,85,0,85,0,64,215,0,279,46,0,46,325
05/07/2021,APF,FL,ASO,ES,Federal Contract Tower,0,109,159,2,270,0,2,91,0,93,0,111,250,2,363,32,0,32,395
05/08/2021,APF,FL,ASO,ES,Federal Contract Tower,0,64,105,0,169,0,1,90,0,91,0,65,195,0,260,26,0,26,286
05/09/2021,APF,FL,ASO,ES,Federal Contract Tower,0,75,88,0,163,0,0,63,0,63,0,75,151,0,226,6,0,6,232
05/10/2021,APF,FL,ASO,ES,Federal Contract Tower,0,63,110,1,174,0,0,106,3,109,0,63,216,4,283,62,0,62,345
05/11/2021,APF,FL,ASO,ES,Federal Contract Tower,0,50,83,0,133,0,0,125,0,125,0,50,208,0,258,58,0,58,316
05/12/2021,APF,FL,ASO,ES,Federal Contract Tower,0,70,106,0,176,0,1,109,0,110,0,71,215,0,286,52,0,52,338
05/13/2021,APF,FL,ASO,ES,Federal Contract Tower,0,85,130,0,215,0,1,102,0,103,0,86,232,0,318,44,0,44,362
05/14/2021,APF,FL,ASO,ES,Federal Contract Tower,0,70,130,0,200,0,4,125,0,129,0,74,255,0,329,30,0,30,359
05/15/2021,APF,FL,ASO,ES,Federal Contract Tower,0,91,82,0,173,0,2,118,0,120,0,93,200,0,293,22,0,22,315
05/16/2021,APF,FL,ASO,ES,Federal Contract Tower,0,66,144,0,210,0,1,81,0,82,0,67,225,0,292,8,0,8,300
05/17/2021,APF,FL,ASO,ES,Federal Contract Tower,0,61,90,0,151,0,0,92,0,92,0,61,182,0,243,38,0,38,281
05/18/2021,APF,FL,ASO,ES,Federal Contract Tower,0,70,86,0,156,0,2,89,0,91,0,72,175,0,247,62,0,62,309
05/19/2021,APF,FL,ASO,ES,Federal Contract Tower,0,68,123,0,191,0,0,85,0,85,0,68,208,0,276,66,0,66,342
05/20/2021,APF,FL,ASO,ES,Federal Contract Tower,0,71,142,0,213,0,1,84,0,85,0,72,226,0,298,72,0,72,370
05/21/2021,APF,FL,ASO,ES,Federal Contract Tower,0,95,119,0,214,0,2,64,0,66,0,97,183,0,280,44,0,44,324
05/22/2021,APF,FL,ASO,ES,Federal Contract Tower,0,69,88,0,157,0,0,71,0,71,0,69,159,0,228,16,0,16,244
05/23/2021,APF,FL,ASO,ES,Federal Contract Tower,0,77,131,0,208,0,0,75,0,75,0,77,206,0,283,38,0,38,321
05/24/2021,APF,FL,ASO,ES,Federal Contract Tower,0,52,84,0,136,0,2,105,0,107,0,54,189,0,243,96,0,96,339
05/25/2021,APF,FL,ASO,ES,Federal Contract Tower,0,54,103,0,157,0,0,139,0,139,0,54,242,0,296,71,0,71,367
05/26/2021,APF,FL,ASO,ES,Federal Contract Tower,0,80,85,0,165,0,8,84,0,92,0,88,169,0,257,48,0,48,305
05/27/2021,APF,FL,ASO,ES,Federal Contract Tower,0,64,109,0,173,0,0,108,0,108,0,64,217,0,281,48,0,48,329
05/28/2021,APF,FL,ASO,ES,Federal Contract Tower,0,65,110,0,175,0,2,122,0,124,0,67,232,0,299,6,0,6,305
05/29/2021,APF,FL,ASO,ES,Federal Contract Tower,0,40,73,0,113,0,3,86,0,89,0,43,159,0,202,20,0,20,222
05/30/2021,APF,FL,ASO,ES,Federal Contract Tower,0,34,57,0,91,0,0,66,0,66,0,34,123,0,157,0,0,0,157
05/31/2021,APF,FL,ASO,ES,Federal Contract Tower,0,64,111,0,175,0,0,58,0,58,0,64,169,0,233,7,0,7,240
06/01/2021,APF,FL,ASO,ES,Federal Contract Tower,0,57,96,0,153,0,0,79,0,79,0,57,175,0,232,44,0,44,276
06/02/2021,APF,FL,ASO,ES,Federal Contract Tower,0,43,107,0,150,0,1,79,0,80,0,44,186,0,230,70,0,70,300
06/03/2021,APF,FL,ASO,ES,Federal Contract Tower,0,51,77,0,128,0,0,78,0,78,0,51,155,0,206,12,0,12,218
06/04/2021,APF,FL,ASO,ES,Federal Contract Tower,0,46,97,0,143,0,0,118,0,118,0,46,215,0,261,34,0,34,295
06/05/2021,APF,FL,ASO,ES,Federal Contract Tower,0,40,61,0,101,0,1,37,0,38,0,41,98,0,139,18,0,18,157
06/06/2021,APF,FL,ASO,ES,Federal Contract Tower,0,31,76,0,107,0,2,68,0,70,0,33,144,0,177,14,0,14,191
06/07/2021,APF,FL,ASO,ES,Federal Contract Tower,0,34,75,0,109,0,0,126,0,126,0,34,201,0,235,58,0,58,293
06/08/2021,APF,FL,ASO,ES,Federal Contract Tower,0,42,61,0,103,0,0,98,0,98,0,42,159,0,201,66,0,66,267
06/09/2021,APF,FL,ASO,ES,Federal Contract Tower,0,38,84,0,122,0,0,121,0,121,0,38,205,0,243,104,0,104,347
06/10/2021,APF,FL,ASO,ES,Federal Contract Tower,0,41,83,0,124,0,4,115,0,119,0,45,198,0,243,68,0,68,311
06/11/2021,APF,FL,ASO,ES,Federal Contract Tower,0,40,79,0,119,0,2,125,0,127,0,42,204,0,246,58,0,58,304
06/12/2021,APF,FL,ASO,ES,Federal Contract Tower,0,54,71,0,125,0,0,120,0,120,0,54,191,0,245,46,0,46,291
06/13/2021,APF,FL,ASO,ES,Federal Contract Tower,0,51,67,0,118,0,0,82,0,82,0,51,149,0,200,28,0,28,228
06/14/2021,APF,FL,ASO,ES,Federal Contract Tower,0,30,70,0,100,0,0,57,0,57,0,30,127,0,157,38,0,38,195
06/15/2021,APF,FL,ASO,ES,Federal Contract Tower,0,48,65,0,113,0,0,66,0,66,0,48,131,0,179,84,0,84,263
06/16/2021,APF,FL,ASO,ES,Federal Contract Tower,0,49,54,0,103,0,0,42,0,42,0,49,96,0,145,84,0,84,229
06/17/2021,APF,FL,ASO,ES,Federal Contract Tower,0,63,74,0,137,0,0,57,0,57,0,63,131,0,194,75,0,75,269
06/18/2021,APF,FL,ASO,ES,Federal Contract Tower,0,31,84,0,115,0,6,91,0,97,0,37,175,0,212,36,0,36,248
06/19/2021,APF,FL,ASO,ES,Federal Contract Tower,0,31,77,0,108,0,0,80,0,80,0,31,157,0,188,44,0,44,232
06/20/2021,APF,FL,ASO,ES,Federal Contract Tower,0,45,52,0,97,0,4,76,0,80,0,49,128,0,177,32,0,32,209
06/21/2021,APF,FL,ASO,ES,Federal Contract Tower,0,45,83,0,128,0,0,69,0,69,0,45,152,0,197,88,0,88,285
06/22/2021,APF,FL,ASO,ES,Federal Contract Tower,0,34,95,0,129,0,0,69,0,69,0,34,164,0,198,76,0,76,274
06/23/2021,APF,FL,ASO,ES,Federal Contract Tower,0,40,73,0,113,0,2,83,0,85,0,42,156,0,198,42,0,42,240
06/24/2021,APF,FL,ASO,ES,Federal Contract Tower,0,36,71,0,107,0,0,90,0,90,0,36,161,0,197,60,0,60,257
06/25/2021,APF,FL,ASO,ES,Federal Contract Tower,0,40,73,0,113,0,0,83,0,83,0,40,156,0,196,16,0,16,212
06/26/2021,APF,FL,ASO,ES,Federal Contract Tower,0,41,52,6,99,0,1,84,0,85,0,42,136,6,184,32,0,32,216
06/27/2021,APF,FL,ASO,ES,Federal Contract Tower,0,46,81,0,127,0,0,63,0,63,0,46,144,0,190,6,0,6,196
06/28/2021,APF,FL,ASO,ES,Federal Contract Tower,0,41,56,0,97,0,0,79,0,79,0,41,135,0,176,60,0,60,236
06/29/2021,APF,FL,ASO,ES,Federal Contract Tower,0,47,61,0,108,0,2,74,0,76,0,49,135,0,184,24,0,24,208
06/30/2021,APF,FL,ASO,ES,Federal Contract Tower,0,34,75,0,109,0,0,71,1,72,0,34,146,1,181,82,0,82,263
07/01/2021,APF,FL,ASO,ES,Federal Contract Tower,0,50,67,0,117,0,0,59,0,59,0,50,126,0,176,48,0,48,224
07/02/2021,APF,FL,ASO,ES,Federal Contract Tower,0,38,79,0,117,0,3,61,0,64,0,41,140,0,181,70,0,70,251
07/03/2021,APF,FL,ASO,ES,Federal Contract Tower,0,17,51,0,68,0,0,77,0,77,0,17,128,0,145,42,0,42,187
07/04/2021,APF,FL,ASO,ES,Federal Contract Tower,0,39,48,0,87,0,2,61,0,63,0,41,109,0,150,6,0,6,156
07/05/2021,APF,FL,ASO,ES,Federal Contract Tower,0,30,53,4,87,0,0,39,0,39,0,30,92,4,126,10,0,10,136
07/06/2021,APF,FL,ASO,ES,Federal Contract Tower,0,10,2,0,12,0,0,1,0,1,0,10,3,0,13,0,0,0,13
07/07/2021,APF,FL,ASO,ES,Federal Contract Tower,0,33,44,0,77,0,0,21,0,21,0,33,65,0,98,22,6,28,126
07/08/2021,APF,FL,ASO,ES,Federal Contract Tower,0,37,81,0,118,0,0,103,0,103,0,37,184,0,221,66,0,66,287
07/09/2021,APF,FL,ASO,ES,Federal Contract Tower,0,23,48,0,71,0,0,114,0,114,0,23,162,0,185,48,0,48,233
07/10/2021,APF,FL,ASO,ES,Federal Contract Tower,0,34,49,4,87,0,0,73,0,73,0,34,122,4,160,26,0,26,186
07/11/2021,APF,FL,ASO,ES,Federal Contract Tower,0,46,63,0,109,0,0,34,0,34,0,46,97,0,143,24,0,24,167
07/12/2021,APF,FL,ASO,ES,Federal Contract Tower,0,25,51,0,76,0,3,64,0,67,0,28,115,0,143,48,0,48,191
07/13/2021,APF,FL,ASO,ES,Federal Contract Tower,0,23,52,0,75,0,0,85,0,85,0,23,137,0,160,84,0,84,244
07/14/2021,APF,FL,ASO,ES,Federal Contract Tower,0,26,82,0,108,0,0,52,0,52,0,26,134,0,160,22,0,22,182
07/15/2021,APF,FL,ASO,ES,Federal Contract Tower,0,38,65,0,103,0,0,110,0,110,0,38,175,0,213,28,0,28,241
07/16/2021,APF,FL,ASO,ES,Federal Contract Tower,0,34,72,0,106,0,0,95,0,95,0,34,167,0,201,68,0,68,269
07/17/2021,APF,FL,ASO,ES,Federal Contract Tower,0,14,43,0,57,0,0,46,0,46,0,14,89,0,103,34,6,40,143
07/18/2021,APF,FL,ASO,ES,Federal Contract Tower,0,37,59,4,100,0,0,99,0,99,0,37,158,4,199,36,0,36,235
07/19/2021,APF,FL,ASO,ES,Federal Contract Tower,0,34,54,0,88,0,0,64,0,64,0,34,118,0,152,44,0,44,196
07/20/2021,APF,FL,ASO,ES,Federal Contract Tower,0,34,55,0,89,0,0,87,0,87,0,34,142,0,176,121,0,121,297
07/21/2021,APF,FL,ASO,ES,Federal Contract Tower,0,37,61,0,98,0,0,96,0,96,0,37,157,0,194,84,0,84,278
07/22/2021,APF,FL,ASO,ES,Federal Contract Tower,0,36,68,1,105,0,0,89,0,89,0,36,157,1,194,68,0,68,262
07/23/2021,APF,FL,ASO,ES,Federal Contract Tower,0,34,80,0,114,0,1,83,0,84,0,35,163,0,198,30,0,30,228
07/24/2021,APF,FL,ASO,ES,Federal Contract Tower,0,25,42,5,72,0,0,49,3,52,0,25,91,8,124,50,0,50,174
07/25/2021,APF,FL,ASO,ES,Federal Contract Tower,0,31,55,2,88,0,1,71,0,72,0,32,126,2,160,13,0,13,173
07/26/2021,APF,FL,ASO,ES,Federal Contract Tower,0,23,42,0,65,0,0,16,0,16,0,23,58,0,81,36,0,36,117
07/27/2021,APF,FL,ASO,ES,Federal Contract Tower,0,23,34,0,57,0,0,89,0,89,0,23,123,0,146,170,0,170,316
07/28/2021,APF,FL,ASO,ES,Federal Contract Tower,0,38,99,0,137,0,0,55,0,55,0,38,154,0,192,39,0,39,231
07/29/2021,APF,FL,ASO,ES,Federal Contract Tower,0,30,64,0,94,0,0,101,0,101,0,30,165,0,195,50,0,50,245
07/30/2021,APF,FL,ASO,ES,Federal Contract Tower,0,32,50,0,82,0,1,105,0,106,0,33,155,0,188,60,0,60,248
07/31/2021,APF,FL,ASO,ES,Federal Contract Tower,0,38,54,0,92,0,0,74,0,74,0,38,128,0,166,22,0,22,188
08/01/2021,APF,FL,ASO,ES,Federal Contract Tower,0,22,68,4,94,0,2,50,0,52,0,24,118,4,146,11,0,11,157
08/02/2021,APF,FL,ASO,ES,Federal Contract Tower,0,46,59,0,105,0,0,72,0,72,0,46,131,0,177,78,0,78,255
08/03/2021,APF,FL,ASO,ES,Federal Contract Tower,0,23,50,0,73,0,0,61,0,61,0,23,111,0,134,52,0,52,186
08/04/2021,APF,FL,ASO,ES,Federal Contract Tower,0,20,59,0,79,0,0,44,0,44,0,20,103,0,123,102,0,102,225
08/05/2021,APF,FL,ASO,ES,Federal Contract Tower,0,30,80,0,110,0,0,85,0,85,0,30,165,0,195,152,0,152,347
08/06/2021,APF,FL,ASO,ES,Federal Contract Tower,0,32,77,0,109,0,0,102,0,102,0,32,179,0,211,60,0,60,271
08/07/2021,APF,FL,ASO,ES,Federal Contract Tower,0,21,45,0,66,0,0,63,0,63,0,21,108,0,129,24,0,24,153
08/08/2021,APF,FL,ASO,ES,Federal Contract Tower,0,22,70,0,92,0,0,78,0,78,0,22,148,0,170,6,0,6,176
08/09/2021,APF,FL,ASO,ES,Federal Contract Tower,0,35,61,0,96,0,1,79,0,80,0,36,140,0,176,111,0,111,287
08/10/2021,APF,FL,ASO,ES,Federal Contract Tower,0,20,53,1,74,0,1,87,0,88,0,21,140,1,162,78,0,78,240
08/11/2021,APF,FL,ASO,ES,Federal Contract Tower,0,32,49,0,81,0,3,112,0,115,0,35,161,0,196,94,0,94,290
08/12/2021,APF,FL,ASO,ES,Federal Contract Tower,0,26,70,0,96,0,2,83,0,85,0,28,153,0,181,62,0,62,243
08/13/2021,APF,FL,ASO,ES,Federal Contract Tower,0,26,71,0,97,0,4,67,0,71,0,30,138,0,168,44,0,44,212
08/14/2021,APF,FL,ASO,ES,Federal Contract Tower,0,14,26,0,40,0,0,1,0,1,0,14,27,0,41,0,0,0,41
08/15/2021,APF,FL,ASO,ES,Federal Contract Tower,0,25,46,0,71,0,0,7,0,7,0,25,53,0,78,0,0,0,78
08/16/2021,APF,FL,ASO,ES,Federal Contract Tower,0,27,89,0,116,0,0,83,0,83,0,27,172,0,199,96,0,96,295
08/17/2021,APF,FL,ASO,ES,Federal Contract Tower,0,30,46,0,76,0,1,53,0,54,0,31,99,0,130,127,0,127,257
08/18/2021,APF,FL,ASO,ES,Federal Contract Tower,0,23,73,0,96,0,0,75,0,75,0,23,148,0,171,56,0,56,227
08/19/2021,APF,FL,ASO,ES,Federal Contract Tower,0,34,96,0,130,0,0,76,0,76,0,34,172,0,206,82,0,82,288
08/20/2021,APF,FL,ASO,ES,Federal Contract Tower,0,38,60,0,98,0,0,101,0,101,0,38,161,0,199,80,0,80,279
08/21/2021,APF,FL,ASO,ES,Federal Contract Tower,0,14,62,0,76,0,0,102,0,102,0,14,164,0,178,54,0,54,232
08/22/2021,APF,FL,ASO,ES,Federal Contract Tower,0,21,52,0,73,0,0,82,0,82,0,21,134,0,155,30,0,30,185
08/23/2021,APF,FL,ASO,ES,Federal Contract Tower,0,21,68,0,89,0,0,78,0,78,0,21,146,0,167,74,0,74,241
08/24/2021,APF,FL,ASO,ES,Federal Contract Tower,0,29,57,0,86,0,0,74,0,74,0,29,131,0,160,114,0,114,274
08/25/2021,APF,FL,ASO,ES,Federal Contract Tower,0,28,86,7,121,0,0,74,0,74,0,28,160,7,195,80,0,80,275
08/26/2021,APF,FL,ASO,ES,Federal Contract Tower,0,26,70,0,96,0,0,64,0,64,0,26,134,0,160,114,0,114,274
08/27/2021,APF,FL,ASO,ES,Federal Contract Tower,0,31,84,0,115,0,0,86,0,86,0,31,170,0,201,66,0,66,267
08/28/2021,APF,FL,ASO,ES,Federal Contract Tower,0,15,41,0,56,0,0,55,0,55,0,15,96,0,111,20,0,20,131
08/29/2021,APF,FL,ASO,ES,Federal Contract Tower,0,23,70,0,93,0,2,56,0,58,0,25,126,0,151,8,0,8,159
08/30/2021,APF,FL,ASO,ES,Federal Contract Tower,0,25,79,0,104,0,0,99,0,99,0,25,178,0,203,75,0,75,278
08/31/2021,APF,FL,ASO,ES,Federal Contract Tower,0,22,56,0,78,0,0,86,0,86,0,22,142,0,164,90,0,90,254
09/01/2021,APF,FL,ASO,ES,Federal Contract Tower,0,22,61,0,83,0,1,75,0,76,0,23,136,0,159,2,0,2,161
09/02/2021,APF,FL,ASO,ES,Federal Contract Tower,0,27,73,0,100,0,0,50,0,50,0,27,123,0,150,82,0,82,232
09/03/2021,APF,FL,ASO,ES,Federal Contract Tower,0,43,79,0,122,0,1,36,0,37,0,44,115,0,159,56,0,56,215
09/04/2021,APF,FL,ASO,ES,Federal Contract Tower,0,20,53,0,73,0,0,62,0,62,0,20,115,0,135,58,0,58,193
09/05/2021,APF,FL,ASO,ES,Federal Contract Tower,0,18,43,0,61,0,0,42,0,42,0,18,85,0,103,22,0,22,125
09/06/2021,APF,FL,ASO,ES,Federal Contract Tower,0,27,77,0,104,0,2,104,0,106,0,29,181,0,210,66,0,66,276
09/07/2021,APF,FL,ASO,ES,Federal Contract Tower,0,45,64,0,109,0,0,100,0,100,0,45,164,0,209,38,0,38,247
09/08/2021,APF,FL,ASO,ES,Federal Contract Tower,0,31,72,0,103,0,0,70,0,70,0,31,142,0,173,104,0,104,277
09/09/2021,APF,FL,ASO,ES,Federal Contract Tower,0,42,63,0,105,0,5,111,0,116,0,47,174,0,221,116,0,116,337
09/10/2021,APF,FL,ASO,ES,Federal Contract Tower,0,28,65,0,93,0,1,110,0,111,0,29,175,0,204,118,0,118,322
09/11/2021,APF,FL,ASO,ES,Federal Contract Tower,0,33,42,0,75,0,0,82,0,82,0,33,124,0,157,26,0,26,183
09/12/2021,APF,FL,ASO,ES,Federal Contract Tower,0,30,50,0,80,0,0,60,0,60,0,30,110,0,140,14,0,14,154
09/13/2021,APF,FL,ASO,ES,Federal Contract Tower,0,30,65,0,95,0,0,54,0,54,0,30,119,0,149,78,0,78,227
09/14/2021,APF,FL,ASO,ES,Federal Contract Tower,0,22,58,0,80,0,0,74,0,74,0,22,132,0,154,94,0,94,248
09/15/2021,APF,FL,ASO,ES,Federal Contract Tower,0,49,69,0,118,0,0,74,0,74,0,49,143,0,192,114,0,114,306
09/16/2021,APF,FL,ASO,ES,Federal Contract Tower,0,38,38,0,76,0,0,52,0,52,0,38,90,0,128,18,0,18,146
09/17/2021,APF,FL,ASO,ES,Federal Contract Tower,0,39,59,0,98,0,0,66,0,66,0,39,125,0,164,74,0,74,238
09/18/2021,APF,FL,ASO,ES,Federal Contract Tower,0,38,42,0,80,0,0,80,0,80,0,38,122,0,160,58,0,58,218
09/19/2021,APF,FL,ASO,ES,Federal Contract Tower,0,38,74,0,112,0,0,69,0,69,0,38,143,0,181,24,0,24,205
09/20/2021,APF,FL,ASO,ES,Federal Contract Tower,0,34,59,0,93,0,0,118,0,118,0,34,177,0,211,78,0,78,289
09/21/2021,APF,FL,ASO,ES,Federal Contract Tower,0,26,38,0,64,0,0,78,0,78,0,26,116,0,142,48,0,48,190
09/22/2021,APF,FL,ASO,ES,Federal Contract Tower,0,47,83,0,130,0,0,91,0,91,0,47,174,0,221,140,0,140,361
09/23/2021,APF,FL,ASO,ES,Federal Contract Tower,0,30,68,4,102,0,0,105,0,105,0,30,173,4,207,126,0,126,333
09/24/2021,APF,FL,ASO,ES,Federal Contract Tower,0,30,89,0,119,0,0,88,0,88,0,30,177,0,207,90,0,90,297
09/25/2021,APF,FL,ASO,ES,Federal Contract Tower,0,28,70,0,98,0,0,102,0,102,0,28,172,0,200,22,0,22,222
09/26/2021,APF,FL,ASO,ES,Federal Contract Tower,0,40,74,0,114,0,0,90,0,90,0,40,164,0,204,24,0,24,228
09/27/2021,APF,FL,ASO,ES,Federal Contract Tower,0,47,84,0,131,0,2,144,1,147,0,49,228,1,278,88,0,88,366
09/28/2021,APF,FL,ASO,ES,Federal Contract Tower,0,36,56,0,92,0,0,123,0,123,0,36,179,0,215,58,0,58,273
09/29/2021,APF,FL,ASO,ES,Federal Contract Tower,0,43,80,0,123,0,0,128,0,128,0,43,208,0,251,86,0,86,337
09/30/2021,APF,FL,ASO,ES,Federal Contract Tower,0,47,60,0,107,0,0,101,0,101,0,47,161,0,208,80,0,80,288
10/01/2021,APF,FL,ASO,ES,Federal Contract Tower,0,54,93,0,147,0,0,86,0,86,0,54,179,0,233,112,2,114,347
10/02/2021,APF,FL,ASO,ES,Federal Contract Tower,0,34,45,0,79,0,0,89,0,89,0,34,134,0,168,26,0,26,194
10/03/2021,APF,FL,ASO,ES,Federal Contract Tower,0,43,59,0,102,0,0,80,0,80,0,43,139,0,182,44,0,44,226
10/04/2021,APF,FL,ASO,ES,Federal Contract Tower,0,47,81,0,128,0,2,107,0,109,0,49,188,0,237,82,0,82,319
10/05/2021,APF,FL,ASO,ES,Federal Contract Tower,0,33,87,0,120,0,0,117,0,117,0,33,204,0,237,82,0,82,319
10/06/2021,APF,FL,ASO,ES,Federal Contract Tower,0,56,77,0,133,0,0,79,0,79,0,56,156,0,212,62,0,62,274
10/07/2021,APF,FL,ASO,ES,Federal Contract Tower,0,47,99,0,146,0,0,57,0,57,0,47,156,0,203,56,0,56,259
10/08/2021,APF,FL,ASO,ES,Federal Contract Tower,0,48,90,0,138,0,0,66,0,66,0,48,156,0,204,62,0,62,266
10/09/2021,APF,FL,ASO,ES,Federal Contract Tower,0,44,49,4,97,0,0,64,0,64,0,44,113,4,161,56,0,56,217
10/10/2021,APF,FL,ASO,ES,Federal Contract Tower,0,56,96,0,152,0,0,88,0,88,0,56,184,0,240,20,0,20,260
10/11/2021,APF,FL,ASO,ES,Federal Contract Tower,0,35,89,0,124,0,0,134,12,146,0,35,223,12,270,42,2,44,314
10/12/2021,APF,FL,ASO,ES,Federal Contract Tower,0,51,87,0,138,0,0,76,0,76,0,51,163,0,214,20,0,20,234
10/13/2021,APF,FL,ASO,ES,Federal Contract Tower,0,56,96,0,152,0,1,124,0,125,0,57,220,0,277,12,0,12,289
10/14/2021,APF,FL,ASO,ES,Federal Contract Tower,0,77,100,8,185,0,0,121,0,121,0,77,221,8,306,70,4,74,380
10/15/2021,APF,FL,ASO,ES,Federal Contract Tower,0,79,118,0,197,0,0,70,0,70,0,79,188,0,267,42,0,42,309
10/16/2021,APF,FL,ASO,ES,Federal Contract Tower,0,42,67,0,109,0,0,114,0,114,0,42,181,0,223,40,0,40,263
10/17/2021,APF,FL,ASO,ES,Federal Contract Tower,0,74,109,0,183,0,0,73,0,73,0,74,182,0,256,26,0,26,282
10/18/2021,APF,FL,ASO,ES,Federal Contract Tower,0,57,103,0,160,0,2,115,0,117,0,59,218,0,277,88,0,88,365
10/19/2021,APF,FL,ASO,ES,Federal Contract Tower,0,58,114,1,173,0,0,94,0,94,0,58,208,1,267,40,0,40,307
10/20/2021,APF,FL,ASO,ES,Federal Contract Tower,0,62,117,0,179,0,0,104,0,104,0,62,221,0,283,42,0,42,325
10/21/2021,APF,FL,ASO,ES,Federal Contract Tower,0,73,106,0,179,0,1,128,0,129,0,74,234,0,308,10,0,10,318
10/22/2021,APF,FL,ASO,ES,Federal Contract Tower,0,85,135,0,220,0,2,114,0,116,0,87,249,0,336,50,0,50,386
10/23/2021,APF,FL,ASO,ES,Federal Contract Tower,0,71,74,0,145,0,0,76,0,76,0,71,150,0,221,48,0,48,269
10/24/2021,APF,FL,ASO,ES,Federal Contract Tower,0,78,123,0,201,0,0,21,0,21,0,78,144,0,222,0,0,0,222
10/25/2021,APF,FL,ASO,ES,Federal Contract Tower,0,75,110,4,189,0,1,50,0,51,0,76,160,4,240,40,0,40,280
10/26/2021,APF,FL,ASO,ES,Federal Contract Tower,0,72,106,0,178,0,2,85,0,87,0,74,191,0,265,54,0,54,319
10/27/2021,APF,FL,ASO,ES,Federal Contract Tower,0,95,123,0,218,0,2,122,0,124,0,97,245,0,342,46,0,46,388
10/28/2021,APF,FL,ASO,ES,Federal Contract Tower,0,66,88,0,154,0,1,58,0,59,0,67,146,0,213,20,0,20,233
10/29/2021,APF,FL,ASO,ES,Federal Contract Tower,0,72,131,2,205,0,0,67,0,67,0,72,198,2,272,28,0,28,300
10/30/2021,APF,FL,ASO,ES,Federal Contract Tower,0,75,82,0,157,0,2,56,0,58,0,77,138,0,215,28,0,28,243
10/31/2021,APF,FL,ASO,ES,Federal Contract Tower,0,89,129,2,220,0,0,125,0,125,0,89,254,2,345,10,0,10,355
11/01/2021,APF,FL,ASO,ES,Federal Contract Tower,0,90,132,13,235,0,0,115,0,115,0,90,247,13,350,78,0,78,428
11/02/2021,APF,FL,ASO,ES,Federal Contract Tower,0,67,119,1,187,0,1,124,0,125,0,68,243,1,312,78,0,78,390
11/03/2021,APF,FL,ASO,ES,Federal Contract Tower,0,79,124,0,203,0,0,117,0,117,0,79,241,0,320,32,0,32,352
11/04/2021,APF,FL,ASO,ES,Federal Contract Tower,0,75,121,0,196,0,3,101,0,104,0,78,222,0,300,48,0,48,348
11/05/2021,APF,FL,ASO,ES,Federal Contract Tower,0,63,93,0,156,0,0,7,0,7,0,63,100,0,163,0,0,0,163
11/06/2021,APF,FL,ASO,ES,Federal Contract Tower,0,83,83,0,166,0,0,55,0,55,0,83,138,0,221,24,0,24,245
11/07/2021,APF,FL,ASO,ES,Federal Contract Tower,0,77,104,0,181,0,0,0,0,0,0,77,104,0,181,22,0,22,203
11/08/2021,APF,FL,ASO,ES,Federal Contract Tower,0,67,117,0,184,0,1,147,0,148,0,68,264,0,332,16,0,16,348
11/09/2021,APF,FL,ASO,ES,Federal Contract Tower,0,81,131,0,212,0,8,185,0,193,0,89,316,0,405,60,0,60,465
11/10/2021,APF,FL,ASO,ES,Federal Contract Tower,0,85,144,0,229,0,0,131,0,131,0,85,275,0,360,70,0,70,430
11/11/2021,APF,FL,ASO,ES,Federal Contract Tower,0,98,136,0,234,0,0,110,0,110,0,98,246,0,344,102,0,102,446
11/12/2021,APF,FL,ASO,ES,Federal Contract Tower,0,61,145,0,206,0,0,69,0,69,0,61,214,0,275,42,0,42,317
11/13/2021,APF,FL,ASO,ES,Federal Contract Tower,0,66,104,2,172,0,2,108,0,110,0,68,212,2,282,22,4,26,308
11/14/2021,APF,FL,ASO,ES,Federal Contract Tower,0,91,145,0,236,0,0,99,0,99,0,91,244,0,335,12,0,12,347
11/15/2021,APF,FL,ASO,ES,Federal Contract Tower,0,76,118,0,194,0,2,133,0,135,0,78,251,0,329,62,0,62,391
11/16/2021,APF,FL,ASO,ES,Federal Contract Tower,0,79,108,0,187,0,2,131,0,133,0,81,239,0,320,82,0,82,402
11/17/2021,APF,FL,ASO,ES,Federal Contract Tower,0,65,138,0,203,0,0,154,0,154,0,65,292,0,357,68,0,68,425
11/18/2021,APF,FL,ASO,ES,Federal Contract Tower,0,82,140,0,222,0,0,88,0,88,0,82,228,0,310,114,0,114,424
11/19/2021,APF,FL,ASO,ES,Federal Contract Tower,0,92,158,7,257,0,0,124,0,124,0,92,282,7,381,42,0,42,423
11/20/2021,APF,FL,ASO,ES,Federal Contract Tower,0,110,109,0,219,0,2,74,0,76,0,112,183,0,295,8,0,8,303
11/21/2021,APF,FL,ASO,ES,Federal Contract Tower,0,103,132,1,236,0,0,45,0,45,0,103,177,1,281,6,0,6,287
11/22/2021,APF,FL,ASO,ES,Federal Contract Tower,0,107,124,0,231,0,0,18,0,18,0,107,142,0,249,6,0,6,255
11/23/2021,APF,FL,ASO,ES,Federal Contract Tower,0,118,179,0,297,0,3,152,0,155,0,121,331,0,452,52,0,52,504
11/24/2021,APF,FL,ASO,ES,Federal Contract Tower,0,92,152,3,247,0,4,126,0,130,0,96,278,3,377,42,0,42,419
11/25/2021,APF,FL,ASO,ES,Federal Contract Tower,0,33,39,0,72,0,0,50,0,50,0,33,89,0,122,2,0,2,124
11/26/2021,APF,FL,ASO,ES,Federal Contract Tower,0,59,118,0,177,0,0,133,0,133,0,59,251,0,310,36,4,40,350
11/27/2021,APF,FL,ASO,ES,Federal Contract Tower,0,167,165,0,332,0,1,88,0,89,0,168,253,0,421,8,0,8,429
11/28/2021,APF,FL,ASO,ES,Federal Contract Tower,0,171,214,0,385,0,0,90,0,90,0,171,304,0,475,2,0,2,477
11/29/2021,APF,FL,ASO,ES,Federal Contract Tower,0,121,163,0,284,0,0,107,0,107,0,121,270,0,391,6,0,6,397
11/30/2021,APF,FL,ASO,ES,Federal Contract Tower,0,80,119,0,199,0,2,134,0,136,0,82,253,0,335,88,0,88,423
12/01/2021,APF,FL,ASO,ES,Federal Contract Tower,0,90,133,0,223,0,1,140,0,141,0,91,273,0,364,32,0,32,396
12/02/2021,APF,FL,ASO,ES,Federal Contract Tower,0,94,119,0,213,0,0,143,0,143,0,94,262,0,356,70,0,70,426
12/03/2021,APF,FL,ASO,ES,Federal Contract Tower,0,56,110,0,166,0,0,117,0,117,0,56,227,0,283,100,0,100,383
12/04/2021,APF,FL,ASO,ES,Federal Contract Tower,0,45,111,0,156,0,0,117,0,117,0,45,228,0,273,20,0,20,293
12/05/2021,APF,FL,ASO,ES,Federal Contract Tower,0,85,106,0,191,0,0,104,0,104,0,85,210,0,295,6,0,6,301
12/06/2021,APF,FL,ASO,ES,Federal Contract Tower,0,73,135,0,208,0,0,100,0,100,0,73,235,0,308,54,0,54,362
12/07/2021,APF,FL,ASO,ES,Federal Contract Tower,0,81,139,0,220,0,0,116,0,116,0,81,255,0,336,76,0,76,412
12/08/2021,APF,FL,ASO,ES,Federal Contract Tower,0,78,110,0,188,0,1,173,0,174,0,79,283,0,362,78,0,78,440
12/09/2021,APF,FL,ASO,ES,Federal Contract Tower,0,80,100,0,180,0,2,55,0,57,0,82,155,0,237,20,0,20,257
12/10/2021,APF,FL,ASO,ES,Federal Contract Tower,0,76,109,1,186,0,1,116,0,117,0,77,225,1,303,56,0,56,359
12/11/2021,APF,FL,ASO,ES,Federal Contract Tower,0,63,77,1,141,0,0,148,0,148,0,63,225,1,289,24,0,24,313
12/12/2021,APF,FL,ASO,ES,Federal Contract Tower,0,106,123,0,229,0,0,111,0,111,0,106,234,0,340,14,0,14,354
12/13/2021,APF,FL,ASO,ES,Federal Contract Tower,0,78,120,0,198,0,2,74,0,76,0,80,194,0,274,30,0,30,304
12/14/2021,APF,FL,ASO,ES,Federal Contract Tower,0,77,136,0,213,0,0,96,0,96,0,77,232,0,309,68,0,68,377
12/15/2021,APF,FL,ASO,ES,Federal Contract Tower,0,72,119,2,193,0,0,135,0,135,0,72,254,2,328,47,0,47,375
12/16/2021,APF,FL,ASO,ES,Federal Contract Tower,0,101,137,0,238,0,1,151,0,152,0,102,288,0,390,72,0,72,462
12/17/2021,APF,FL,ASO,ES,Federal Contract Tower,0,113,158,0,271,0,3,149,0,152,0,116,307,0,423,30,8,38,461
12/18/2021,APF,FL,ASO,ES,Federal Contract Tower,0,101,114,0,215,0,0,94,0,94,0,101,208,0,309,36,0,36,345
12/19/2021,APF,FL,ASO,ES,Federal Contract Tower,0,94,134,0,228,0,0,92,0,92,0,94,226,0,320,22,0,22,342
12/20/2021,APF,FL,ASO,ES,Federal Contract Tower,0,96,116,0,212,0,2,102,0,104,0,98,218,0,316,54,0,54,370
12/21/2021,APF,FL,ASO,ES,Federal Contract Tower,0,82,97,0,179,0,0,13,0,13,0,82,110,0,192,62,0,62,254
12/22/2021,APF,FL,ASO,ES,Federal Contract Tower,0,96,121,0,217,0,0,96,2,98,0,96,217,2,315,66,0,66,381
12/23/2021,APF,FL,ASO,ES,Federal Contract Tower,0,108,136,0,244,0,0,109,0,109,0,108,245,0,353,50,0,50,403
12/24/2021,APF,FL,ASO,ES,Federal Contract Tower,0,43,35,0,78,0,2,70,0,72,0,45,105,0,150,44,0,44,194
12/25/2021,APF,FL,ASO,ES,Federal Contract Tower,0,103,57,0,160,0,0,43,0,43,0,103,100,0,203,4,0,4,207
12/26/2021,APF,FL,ASO,ES,Federal Contract Tower,0,143,240,4,387,0,1,98,0,99,0,144,338,4,486,0,0,0,486
12/27/2021,APF,FL,ASO,ES,Federal Contract Tower,0,172,196,0,368,0,0,171,0,171,0,172,367,0,539,0,0,0,539
12/28/2021,APF,FL,ASO,ES,Federal Contract Tower,0,158,187,0,345,0,0,183,0,183,0,158,370,0,528,18,0,18,546
12/29/2021,APF,FL,ASO,ES,Federal Contract Tower,0,173,152,0,325,0,3,129,0,132,0,176,281,0,457,28,0,28,485
12/30/2021,APF,FL,ASO,ES,Federal Contract Tower,0,143,170,0,313,0,0,98,0,98,0,143,268,0,411,4,0,4,415
12/31/2021,APF,FL,ASO,ES,Federal Contract Tower,0,99,131,0,230,0,1,63,0,64,0,100,194,0,294,2,0,2,296
01/01/2022,APF,FL,ASO,ES,Federal Contract Tower,0,119,119,1,239,0,7,66,0,73,0,126,185,1,312,8,0,8,320
01/02/2022,APF,FL,ASO,ES,Federal Contract Tower,0,149,227,0,376,0,0,65,0,65,0,149,292,0,441,4,0,4,445
01/03/2022,APF,FL,ASO,ES,Federal Contract Tower,0,160,195,0,355,0,1,78,0,79,0,161,273,0,434,0,0,0,434
01/04/2022,APF,FL,ASO,ES,Federal Contract Tower,0,126,167,0,293,0,1,115,0,116,0,127,282,0,409,18,0,18,427
01/05/2022,APF,FL,ASO,ES,Federal Contract Tower,0,94,120,0,214,0,0,115,0,115,0,94,235,0,329,40,0,40,369
01/06/2022,APF,FL,ASO,ES,Federal Contract Tower,0,104,150,0,254,0,1,145,0,146,0,105,295,0,400,44,0,44,444
01/07/2022,APF,FL,ASO,ES,Federal Contract Tower,0,98,142,2,242,0,1,117,0,118,0,99,259,2,360,74,2,76,436
01/08/2022,APF,FL,ASO,ES,Federal Contract Tower,0,102,111,0,213,0,3,144,0,147,0,105,255,0,360,66,0,66,426
01/09/2022,APF,FL,ASO,ES,Federal Contract Tower,0,103,164,0,267,0,2,96,0,98,0,105,260,0,365,28,0,28,393
01/10/2022,APF,FL,ASO,ES,Federal Contract Tower,0,64,126,0,190,0,2,118,0,120,0,66,244,0,310,58,0,58,368
01/11/2022,APF,FL,ASO,ES,Federal Contract Tower,0,72,113,0,185,0,0,101,0,101,0,72,214,0,286,62,0,62,348
01/12/2022,APF,FL,ASO,ES,Federal Contract Tower,0,92,153,0,245,0,1,128,2,131,0,93,281,2,376,54,0,54,430
01/13/2022,APF,FL,ASO,ES,Federal Contract Tower,0,98,143,0,241,0,1,109,0,110,0,99,252,0,351,40,0,40,391
01/14/2022,APF,FL,ASO,ES,Federal Contract Tower,0,110,163,8,281,0,2,187,0,189,0,112,350,8,470,23,0,23,493
01/15/2022,APF,FL,ASO,ES,Federal Contract Tower,0,82,118,0,200,0,0,188,0,188,0,82,306,0,388,32,0,32,420
01/16/2022,APF,FL,ASO,ES,Federal Contract Tower,0,69,80,0,149,0,0,13,0,13,0,69,93,0,162,0,0,0,162
01/17/2022,APF,FL,ASO,ES,Federal Contract Tower,0,104,160,0,264,0,3,101,0,104,0,107,261,0,368,18,0,18,386
01/18/2022,APF,FL,ASO,ES,Federal Contract Tower,0,91,134,0,225,0,0,166,0,166,0,91,300,0,391,120,0,120,511
01/19/2022,APF,FL,ASO,ES,Federal Contract Tower,0,93,136,0,229,0,2,158,0,160,0,95,294,0,389,34,0,34,423
01/20/2022,APF,FL,ASO,ES,Federal Contract Tower,0,107,145,0,252,0,0,111,0,111,0,107,256,0,363,52,0,52,415
01/21/2022,APF,FL,ASO,ES,Federal Contract Tower,0,79,123,6,208,0,3,84,0,87,0,82,207,6,295,34,0,34,329
01/22/2022,APF,FL,ASO,ES,Federal Contract Tower,0,80,95,0,175,0,0,1,0,1,0,80,96,0,176,0,0,0,176
01/23/2022,APF,FL,ASO,ES,Federal Contract Tower,0,111,156,0,267,0,0,30,0,30,0,111,186,0,297,0,0,0,297
01/24/2022,APF,FL,ASO,ES,Federal Contract Tower,0,63,153,2,218,0,0,162,0,162,0,63,315,2,380,26,0,26,406
01/25/2022,APF,FL,ASO,ES,Federal Contract Tower,0,66,99,0,165,0,1,150,0,151,0,67,249,0,316,70,0,70,386
01/26/2022,APF,FL,ASO,ES,Federal Contract Tower,0,72,138,0,210,0,0,46,0,46,0,72,184,0,256,24,0,24,280
01/27/2022,APF,FL,ASO,ES,Federal Contract Tower,0,105,160,2,267,0,1,119,0,120,0,106,279,2,387,28,0,28,415
01/28/2022,APF,FL,ASO,ES,Federal Contract Tower,0,72,148,0,220,0,2,14,0,16,0,74,162,0,236,26,0,26,262
01/29/2022,APF,FL,ASO,ES,Federal Contract Tower,0,76,72,0,148,0,0,44,0,44,0,76,116,0,192,14,0,14,206
01/30/2022,APF,FL,ASO,ES,Federal Contract Tower,0,116,151,0,267,0,0,177,0,177,0,116,328,0,444,6,0,6,450
01/31/2022,APF,FL,ASO,ES,Federal Contract Tower,0,93,165,0,258,0,0,178,0,178,0,93,343,0,436,30,0,30,466
02/01/2022,APF,FL,ASO,ES,Federal Contract Tower,0,87,143,0,230,0,0,120,0,120,0,87,263,0,350,48,0,48,398
02/02/2022,APF,FL,ASO,ES,Federal Contract Tower,0,82,134,4,220,0,1,144,0,145,0,83,278,4,365,8,0,8,373
02/03/2022,APF,FL,ASO,ES,Federal Contract Tower,0,115,133,0,248,0,2,113,0,115,0,117,246,0,363,38,0,38,401
02/04/2022,APF,FL,ASO,ES,Federal Contract Tower,0,65,157,0,222,0,1,157,0,158,0,66,314,0,380,28,0,28,408
02/05/2022,APF,FL,ASO,ES,Federal Contract Tower,0,64,143,0,207,0,0,99,0,99,0,64,242,0,306,30,0,30,336
02/06/2022,APF,FL,ASO,ES,Federal Contract Tower,0,98,184,0,282,0,1,89,0,90,0,99,273,0,372,6,0,6,378
02/07/2022,APF,FL,ASO,ES,Federal Contract Tower,0,86,158,0,244,0,0,94,2,96,0,86,252,2,340,52,0,52,392
02/08/2022,APF,FL,ASO,ES,Federal Contract Tower,0,67,152,2,221,0,0,60,0,60,0,67,212,2,281,46,0,46,327
02/09/2022,APF,FL,ASO,ES,Federal Contract Tower,0,73,168,4,245,0,1,59,0,60,0,74,227,4,305,24,0,24,329
02/10/2022,APF,FL,ASO,ES,Federal Contract Tower,0,106,212,0,318,0,1,187,0,188,0,107,399,0,506,32,0,32,538
02/11/2022,APF,FL,ASO,ES,Federal Contract Tower,0,104,166,0,270,0,6,152,0,158,0,110,318,0,428,100,0,100,528
02/12/2022,APF,FL,ASO,ES,Federal Contract Tower,0,86,128,1,215,0,0,151,0,151,0,86,279,1,366,36,0,36,402
02/13/2022,APF,FL,ASO,ES,Federal Contract Tower,0,84,138,0,222,0,0,47,0,47,0,84,185,0,269,4,4,8,277
02/14/2022,APF,FL,ASO,ES,Federal Contract Tower,0,118,191,0,309,0,0,123,0,123,0,118,314,0,432,28,0,28,460
02/15/2022,APF,FL,ASO,ES,Federal Contract Tower,0,88,155,4,247,0,1,141,0,142,0,89,296,4,389,22,0,22,411
02/16/2022,APF,FL,ASO,ES,Federal Contract Tower,0,117,183,0,300,0,4,130,0,134,0,121,313,0,434,52,0,52,486
02/17/2022,APF,FL,ASO,ES,Federal Contract Tower,0,91,181,0,272,0,0,131,0,131,0,91,312,0,403,88,0,88,491
02/18/2022,APF,FL,ASO,ES,Federal Contract Tower,0,129,195,0,324,0,0,147,0,147,0,129,342,0,471,14,0,14,485
02/19/2022,APF,FL,ASO,ES,Federal Contract Tower,0,114,156,0,270,0,0,54,0,54,0,114,210,0,324,2,0,2,326
02/20/2022,APF,FL,ASO,ES,Federal Contract Tower,0,122,174,0,296,0,1,122,0,123,0,123,296,0,419,6,0,6,425
02/21/2022,APF,FL,ASO,ES,Federal Contract Tower,0,132,187,0,319,0,2,195,0,197,0,134,382,0,516,4,0,4,520
02/22/2022,APF,FL,ASO,ES,Federal Contract Tower,0,122,153,0,275,0,0,151,0,151,0,122,304,0,426,102,0,102,528
02/23/2022,APF,FL,ASO,ES,Federal Contract Tower,0,116,189,0,305,0,2,167,0,169,0,118,356,0,474,88,0,88,562
02/24/2022,APF,FL,ASO,ES,Federal Contract Tower,0,109,222,2,333,0,0,142,0,142,0,109,364,2,475,48,0,48,523
02/25/2022,APF,FL,ASO,ES,Federal Contract Tower,0,112,167,0,279,0,3,134,0,137,0,115,301,0,416,90,0,90,506
02/26/2022,APF,FL,ASO,ES,Federal Contract Tower,0,108,149,0,257,0,0,123,0,123,0,108,272,0,380,20,0,20,400
02/27/2022,APF,FL,ASO,ES,Federal Contract Tower,0,117,198,0,315,0,1,115,0,116,0,118,313,0,431,42,0,42,473
02/28/2022,APF,FL,ASO,ES,Federal Contract Tower,0,104,158,0,262,0,0,125,0,125,0,104,283,0,387,84,0,84,471
03/01/2022,APF,FL,ASO,ES,Federal Contract Tower,0,81,155,8,244,0,0,128,0,128,0,81,283,8,372,106,0,106,478
03/02/2022,APF,FL,ASO,ES,Federal Contract Tower,0,110,148,0,258,0,0,176,0,176,0,110,324,0,434,106,0,106,540
03/03/2022,APF,FL,ASO,ES,Federal Contract Tower,0,98,191,0,289,0,1,148,0,149,0,99,339,0,438,52,0,52,490
03/04/2022,APF,FL,ASO,ES,Federal Contract Tower,0,102,163,0,265,0,3,173,0,176,0,105,336,0,441,114,0,114,555
03/05/2022,APF,FL,ASO,ES,Federal Contract Tower,0,97,154,0,251,0,0,95,0,95,0,97,249,0,346,6,0,6,352
03/06/2022,APF,FL,ASO,ES,Federal Contract Tower,0,127,197,0,324,0,2,116,0,118,0,129,313,0,442,6,0,6,448
03/07/2022,APF,FL,ASO,ES,Federal Contract Tower,0,75,143,0,218,0,0,135,0,135,0,75,278,0,353,106,0,106,459
03/08/2022,APF,FL,ASO,ES,Federal Contract Tower,0,93,162,2,257,0,0,143,0,143,0,93,305,2,400,50,0,50,450
03/09/2022,APF,FL,ASO,ES,Federal Contract Tower,0,102,152,0,254,0,2,128,1,131,0,104,280,1,385,120,0,120,505
03/10/2022,APF,FL,ASO,ES,Federal Contract Tower,0,120,174,3,297,0,2,93,0,95,0,122,267,3,392,32,0,32,424
03/11/2022,APF,FL,ASO,ES,Federal Contract Tower,0,103,132,2,237,0,2,86,0,88,0,105,218,2,325,26,0,26,351
03/12/2022,APF,FL,ASO,ES,Federal Contract Tower,0,91,111,0,202,0,0,11,0,11,0,91,122,0,213,0,0,0,213
03/13/2022,APF,FL,ASO,ES,Federal Contract Tower,0,117,187,0,304,0,1,100,0,101,0,118,287,0,405,10,0,10,415
03/14/2022,APF,FL,ASO,ES,Federal Contract Tower,0,97,154,8,259,0,0,141,0,141,0,97,295,8,400,88,0,88,488
03/15/2022,APF,FL,ASO,ES,Federal Contract Tower,0,98,147,0,245,0,0,49,0,49,0,98,196,0,294,64,0,64,358
03/16/2022,APF,FL,ASO,ES,Federal Contract Tower,0,89,157,0,246,0,1,57,0,58,0,90,214,0,304,56,0,56,360
03/17/2022,APF,FL,ASO,ES,Federal Contract Tower,0,113,203,0,316,0,0,120,2,122,0,113,323,2,438,34,0,34,472
03/18/2022,APF,FL,ASO,ES,Federal Contract Tower,0,121,178,0,299,0,0,185,2,187,0,121,363,2,486,84,0,84,570
03/19/2022,APF,FL,ASO,ES,Federal Contract Tower,0,146,193,0,339,0,0,131,0,131,0,146,324,0,470,0,0,0,470
03/20/2022,APF,FL,ASO,ES,Federal Contract Tower,0,143,181,0,324,0,2,64,0,66,0,145,245,0,390,0,0,0,390
03/21/2022,APF,FL,ASO,ES,Federal Contract Tower,0,98,120,4,222,0,1,146,0,147,0,99,266,4,369,84,0,84,453
03/22/2022,APF,FL,ASO,ES,Federal Contract Tower,0,83,125,0,208,0,1,152,0,153,0,84,277,0,361,90,0,90,451
03/23/2022,APF,FL,ASO,ES,Federal Contract Tower,0,93,113,0,206,0,0,93,0,93,0,93,206,0,299,62,0,62,361
03/24/2022,APF,FL,ASO,ES,Federal Contract Tower,0,119,159,0,278,0,1,101,1,103,0,120,260,1,381,42,0,42,423
03/25/2022,APF,FL,ASO,ES,Federal Contract Tower,0,114,184,0,298,0,2,154,0,156,0,116,338,0,454,60,0,60,514
03/26/2022,APF,FL,ASO,ES,Federal Contract Tower,0,129,155,0,284,0,0,154,0,154,0,129,309,0,438,38,0,38,476
03/27/2022,APF,FL,ASO,ES,Federal Contract Tower,0,138,170,0,308,0,0,110,0,110,0,138,280,0,418,36,0,36,454
03/28/2022,APF,FL,ASO,ES,Federal Contract Tower,0,84,169,0,253,0,0,154,0,154,0,84,323,0,407,86,0,86,493
03/29/2022,APF,FL,ASO,ES,Federal Contract Tower,0,96,108,0,204,0,0,165,0,165,0,96,273,0,369,78,0,78,447
03/30/2022,APF,FL,ASO,ES,Federal Contract Tower,0,113,119,4,236,0,1,123,0,124,0,114,242,4,360,118,0,118,478
03/31/2022,APF,FL,ASO,ES,Federal Contract Tower,0,125,121,0,246,0,4,85,0,89,0,129,206,0,335,40,0,40,375
04/01/2022,APF,FL,ASO,ES,Federal Contract Tower,0,106,187,8,301,0,1,98,0,99,0,107,285,8,400,48,0,48,448
04/02/2022,APF,FL,ASO,ES,Federal Contract Tower,0,127,126,0,253,0,0,67,0,67,0,127,193,0,320,4,0,4,324
04/03/2022,APF,FL,ASO,ES,Federal Contract Tower,0,158,245,0,403,0,3,56,0,59,0,161,301,0,462,6,0,6,468
04/04/2022,APF,FL,ASO,ES,Federal Contract Tower,0,95,190,2,287,0,0,129,0,129,0,95,319,2,416,74,0,74,490
04/05/2022,APF,FL,ASO,ES,Federal Contract Tower,0,97,128,0,225,0,0,158,0,158,0,97,286,0,383,56,0,56,439
04/06/2022,APF,FL,ASO,ES,Federal Contract Tower,0,92,160,0,252,0,0,160,0,160,0,92,320,0,412,110,0,110,522
04/07/2022,APF,FL,ASO,ES,Federal Contract Tower,0,94,157,0,251,0,2,67,0,69,0,96,224,0,320,38,0,38,358
04/08/2022,APF,FL,ASO,ES,Federal Contract Tower,0,88,159,0,247,0,0,162,0,162,0,88,321,0,409,100,0,100,509
04/09/2022,APF,FL,ASO,ES,Federal Contract Tower,0,90,130,0,220,0,3,84,0,87,0,93,214,0,307,24,0,24,331
04/10/2022,APF,FL,ASO,ES,Federal Contract Tower,0,117,156,0,273,0,0,172,0,172,0,117,328,0,445,26,0,26,471
04/11/2022,APF,FL,ASO,ES,Federal Contract Tower,0,105,138,0,243,0,2,157,0,159,0,107,295,0,402,84,0,84,486
04/12/2022,APF,FL,ASO,ES,Federal Contract Tower,0,100,88,0,188,0,0,128,0,128,0,100,216,0,316,56,0,56,372
04/13/2022,APF,FL,ASO,ES,Federal Contract Tower,0,91,156,0,247,0,0,165,0,165,0,91,321,0,412,96,0,96,508
04/14/2022,APF,FL,ASO,ES,Federal Contract Tower,0,153,185,0,338,0,0,161,0,161,0,153,346,0,499,68,0,68,567
04/15/2022,APF,FL,ASO,ES,Federal Contract Tower,0,117,168,0,285,0,0,113,0,113,0,117,281,0,398,60,0,60,458
04/16/2022,APF,FL,ASO,ES,Federal Contract Tower,0,75,96,0,171,0,1,135,0,136,0,76,231,0,307,54,0,54,361
04/17/2022,APF,FL,ASO,ES,Federal Contract Tower,0,95,86,0,181,0,0,78,0,78,0,95,164,0,259,42,0,42,301
04/18/2022,APF,FL,ASO,ES,Federal Contract Tower,0,150,200,0,350,0,0,185,0,185,0,150,385,0,535,66,0,66,601
04/19/2022,APF,FL,ASO,ES,Federal Contract Tower,0,93,144,0,237,0,0,155,0,155,0,93,299,0,392,40,0,40,432
04/20/2022,APF,FL,ASO,ES,Federal Contract Tower,0,118,160,2,280,0,0,128,0,128,0,118,288,2,408,50,0,50,458
04/21/2022,APF,FL,ASO,ES,Federal Contract Tower,0,98,140,0,238,0,4,122,0,126,0,102,262,0,364,22,0,22,386
04/22/2022,APF,FL,ASO,ES,Federal Contract Tower,0,105,148,0,253,0,2,105,0,107,0,107,253,0,360,44,0,44,404
04/23/2022,APF,FL,ASO,ES,Federal Contract Tower,0,89,120,1,210,0,2,93,0,95,0,91,213,1,305,52,0,52,357
04/24/2022,APF,FL,ASO,ES,Federal Contract Tower,0,128,144,1,273,0,2,123,0,125,0,130,267,1,398,20,0,20,418
04/25/2022,APF,FL,ASO,ES,Federal Contract Tower,0,113,132,4,249,0,2,146,0,148,0,115,278,4,397,48,12,60,457
04/26/2022,APF,FL,ASO,ES,Federal Contract Tower,0,67,117,0,184,0,0,139,0,139,0,67,256,0,323,68,0,68,391
04/27/2022,APF,FL,ASO,ES,Federal Contract Tower,0,89,133,4,226,0,3,152,0,155,0,92,285,4,381,88,0,88,469
04/28/2022,APF,FL,ASO,ES,Federal Contract Tower,0,96,168,1,265,0,0,133,0,133,0,96,301,1,398,92,0,92,490
04/29/2022,APF,FL,ASO,ES,Federal Contract Tower,0,92,157,0,249,0,2,135,0,137,0,94,292,0,386,64,0,64,450
04/30/2022,APF,FL,ASO,ES,Federal Contract Tower,0,69,104,0,173,0,0,67,0,67,0,69,171,0,240,4,0,4,244
05/01/2022,APF,FL,ASO,ES,Federal Contract Tower,0,94,148,0,242,0,0,60,0,60,0,94,208,0,302,8,0,8,310
05/02/2022,APF,FL,ASO,ES,Federal Contract Tower,0,64,130,0,194,0,0,112,0,112,0,64,242,0,306,80,0,80,386
05/03/2022,APF,FL,ASO,ES,Federal Contract Tower,0,91,108,0,199,0,2,104,0,106,0,93,212,0,305,70,0,70,375
05/04/2022,APF,FL,ASO,ES,Federal Contract Tower,0,87,134,0,221,0,1,76,0,77,0,88,210,0,298,32,0,32,330
05/05/2022,APF,FL,ASO,ES,Federal Contract Tower,0,107,133,2,242,0,1,125,0,126,0,108,258,2,368,96,0,96,464
05/06/2022,APF,FL,ASO,ES,Federal Contract Tower,0,92,132,0,224,0,2,117,0,119,0,94,249,0,343,96,0,96,439
05/07/2022,APF,FL,ASO,ES,Federal Contract Tower,0,73,90,0,163,0,0,37,0,37,0,73,127,0,200,38,0,38,238
05/08/2022,APF,FL,ASO,ES,Federal Contract Tower,0,85,109,0,194,0,0,64,0,64,0,85,173,0,258,2,0,2,260
05/09/2022,APF,FL,ASO,ES,Federal Contract Tower,0,95,117,0,212,0,0,158,0,158,0,95,275,0,370,96,0,96,466
05/10/2022,APF,FL,ASO,ES,Federal Contract Tower,0,72,98,0,170,0,0,127,0,127,0,72,225,0,297,110,0,110,407
05/11/2022,APF,FL,ASO,ES,Federal Contract Tower,0,71,111,0,182,0,0,151,0,151,0,71,262,0,333,54,0,54,387
05/12/2022,APF,FL,ASO,ES,Federal Contract Tower,0,87,113,0,200,0,0,99,0,99,0,87,212,0,299,32,0,32,331
05/13/2022,APF,FL,ASO,ES,Federal Contract Tower,0,65,119,0,184,0,2,116,0,118,0,67,235,0,302,44,0,44,346
05/14/2022,APF,FL,ASO,ES,Federal Contract Tower,0,71,58,0,129,0,0,81,0,81,0,71,139,0,210,2,2,4,214
05/15/2022,APF,FL,ASO,ES,Federal Contract Tower,0,92,103,0,195,0,0,78,0,78,0,92,181,0,273,4,0,4,277
05/16/2022,APF,FL,ASO,ES,Federal Contract Tower,0,68,103,0,171,0,0,123,0,123,0,68,226,0,294,34,0,34,328
05/17/2022,APF,FL,ASO,ES,Federal Contract Tower,0,66,104,0,170,0,0,127,0,127,0,66,231,0,297,46,0,46,343
05/18/2022,APF,FL,ASO,ES,Federal Contract Tower,0,56,118,0,174,0,2,135,0,137,0,58,253,0,311,80,0,80,391
05/19/2022,APF,FL,ASO,ES,Federal Contract Tower,0,84,128,0,212,0,1,135,0,136,0,85,263,0,348,72,0,72,420
05/20/2022,APF,FL,ASO,ES,Federal Contract Tower,0,83,79,0,162,0,0,63,0,63,0,83,142,0,225,32,0,32,257
05/21/2022,APF,FL,ASO,ES,Federal Contract Tower,0,55,69,0,124,0,0,58,0,58,0,55,127,0,182,16,0,16,198
05/22/2022,APF,FL,ASO,ES,Federal Contract Tower,0,70,84,0,154,0,0,72,0,72,0,70,156,0,226,28,0,28,254
05/23/2022,APF,FL,ASO,ES,Federal Contract Tower,0,67,114,0,181,0,0,81,0,81,0,67,195,0,262,4,0,4,266
05/24/2022,APF,FL,ASO,ES,Federal Contract Tower,0,71,84,0,155,0,0,93,0,93,0,71,177,0,248,38,0,38,286
05/25/2022,APF,FL,ASO,ES,Federal Contract Tower,0,78,130,0,208,0,0,104,0,104,0,78,234,0,312,46,0,46,358
05/26/2022,APF,FL,ASO,ES,Federal Contract Tower,0,67,109,0,176,0,2,79,0,81,0,69,188,0,257,68,0,68,325
05/27/2022,APF,FL,ASO,ES,Federal Contract Tower,0,47,104,0,151,0,1,92,0,93,0,48,196,0,244,12,0,12,256
05/28/2022,APF,FL,ASO,ES,Federal Contract Tower,0,34,78,0,112,0,0,75,0,75,0,34,153,0,187,52,0,52,239
05/29/2022,APF,FL,ASO,ES,Federal Contract Tower,0,41,44,0,85,0,1,45,0,46,0,42,89,0,131,12,0,12,143
05/30/2022,APF,FL,ASO,ES,Federal Contract Tower,0,54,69,0,123,0,0,57,0,57,0,54,126,0,180,34,0,34,214
05/31/2022,APF,FL,ASO,ES,Federal Contract Tower,0,66,94,0,160,0,0,91,4,95,0,66,185,4,255,56,0,56,311
06/01/2022,APF,FL,ASO,ES,Federal Contract Tower,0,57,97,4,158,0,0,87,12,99,0,57,184,16,257,44,0,44,301
06/02/2022,APF,FL,ASO,ES,Federal Contract Tower,0,47,99,0,146,0,0,93,0,93,0,47,192,0,239,88,0,88,327
06/03/2022,APF,FL,ASO,ES,Federal Contract Tower,0,32,66,0,98,0,0,0,0,0,0,32,66,0,98,0,0,0,98
06/04/2022,APF,FL,ASO,ES,Federal Contract Tower,0,23,30,0,53,0,1,10,0,11,0,24,40,0,64,0,0,0,64
06/05/2022,APF,FL,ASO,ES,Federal Contract Tower,0,42,88,0,130,0,0,74,0,74,0,42,162,0,204,36,0,36,240
06/06/2022,APF,FL,ASO,ES,Federal Contract Tower,0,43,97,0,140,0,0,88,0,88,0,43,185,0,228,68,0,68,296
06/07/2022,APF,FL,ASO,ES,Federal Contract Tower,0,43,84,0,127,0,2,69,0,71,0,45,153,0,198,114,0,114,312
06/08/2022,APF,FL,ASO,ES,Federal Contract Tower,0,43,75,0,118,0,1,104,0,105,0,44,179,0,223,30,0,30,253
06/09/2022,APF,FL,ASO,ES,Federal Contract Tower,0,51,91,0,142,0,1,58,0,59,0,52,149,0,201,70,0,70,271
06/10/2022,APF,FL,ASO,ES,Federal Contract Tower,0,35,88,0,123,0,1,59,0,60,0,36,147,0,183,90,0,90,273
06/11/2022,APF,FL,ASO,ES,Federal Contract Tower,0,46,68,0,114,0,0,73,0,73,0,46,141,0,187,32,0,32,219
06/12/2022,APF,FL,ASO,ES,Federal Contract Tower,0,41,78,0,119,0,0,76,0,76,0,41,154,0,195,42,0,42,237
06/13/2022,APF,FL,ASO,ES,Federal Contract Tower,0,34,80,4,118,0,0,115,0,115,0,34,195,4,233,56,8,64,297
06/14/2022,APF,FL,ASO,ES,Federal Contract Tower,0,27,75,0,102,0,0,86,0,86,0,27,161,0,188,70,0,70,258
06/15/2022,APF,FL,ASO,ES,Federal Contract Tower,0,34,72,0,106,0,0,113,0,113,0,34,185,0,219,106,0,106,325
06/16/2022,APF,FL,ASO,ES,Federal Contract Tower,0,37,72,0,109,0,0,111,0,111,0,37,183,0,220,62,0,62,282
06/17/2022,APF,FL,ASO,ES,Federal Contract Tower,0,34,70,0,104,0,0,95,0,95,0,34,165,0,199,70,0,70,269
06/18/2022,APF,FL,ASO,ES,Federal Contract Tower,0,26,56,0,82,0,0,89,0,89,0,26,145,0,171,24,0,24,195
06/19/2022,APF,FL,ASO,ES,Federal Contract Tower,0,39,51,0,90,0,0,55,0,55,0,39,106,0,145,10,0,10,155
06/20/2022,APF,FL,ASO,ES,Federal Contract Tower,0,35,61,0,96,0,3,82,0,85,0,38,143,0,181,56,0,56,237
06/21/2022,APF,FL,ASO,ES,Federal Contract Tower,0,37,72,0,109,0,1,110,0,111,0,38,182,0,220,98,0,98,318
06/22/2022,APF,FL,ASO,ES,Federal Contract Tower,0,40,42,0,82,0,5,122,0,127,0,45,164,0,209,162,0,162,371
06/23/2022,APF,FL,ASO,ES,Federal Contract Tower,0,48,66,0,114,0,0,112,0,112,0,48,178,0,226,128,0,128,354
06/24/2022,APF,FL,ASO,ES,Federal Contract Tower,0,33,72,0,105,0,4,89,0,93,0,37,161,0,198,144,0,144,342
06/25/2022,APF,FL,ASO,ES,Federal Contract Tower,0,35,50,0,85,0,0,73,0,73,0,35,123,0,158,42,0,42,200
06/26/2022,APF,FL,ASO,ES,Federal Contract Tower,0,38,65,2,105,0,0,41,0,41,0,38,106,2,146,8,0,8,154
06/27/2022,APF,FL,ASO,ES,Federal Contract Tower,0,47,64,0,111,0,3,112,0,115,0,50,176,0,226,58,0,58,284
06/28/2022,APF,FL,ASO,ES,Federal Contract Tower,0,27,64,0,91,0,3,102,0,105,0,30,166,0,196,38,0,38,234
06/29/2022,APF,FL,ASO,ES,Federal Contract Tower,0,40,68,0,108,0,0,97,0,97,0,40,165,0,205,86,0,86,291
06/30/2022,APF,FL,ASO,ES,Federal Contract Tower,0,51,73,0,124,0,1,94,0,95,0,52,167,0,219,88,0,88,307
07/01/2022,APF,FL,ASO,ES,Federal Contract Tower,0,42,80,0,122,0,3,73,0,76,0,45,153,0,198,84,0,84,282
07/02/2022,APF,FL,ASO,ES,Federal Contract Tower,0,31,60,0,91,0,1,57,0,58,0,32,117,0,149,18,0,18,167
07/03/2022,APF,FL,ASO,ES,Federal Contract Tower,0,22,32,0,54,0,0,77,0,77,0,22,109,0,131,50,0,50,181
07/04/2022,APF,FL,ASO,ES,Federal Contract Tower,0,15,21,0,36,0,0,48,0,48,0,15,69,0,84,24,0,24,108
07/05/2022,APF,FL,ASO,ES,Federal Contract Tower,0,32,64,0,96,0,0,72,0,72,0,32,136,0,168,14,0,14,182
07/06/2022,APF,FL,ASO,ES,Federal Contract Tower,0,42,66,0,108,0,1,53,0,54,0,43,119,0,162,106,0,106,268
07/07/2022,APF,FL,ASO,ES,Federal Contract Tower,0,48,61,0,109,0,0,72,0,72,0,48,133,0,181,90,0,90,271
07/08/2022,APF,FL,ASO,ES,Federal Contract Tower,0,33,69,0,102,0,2,86,0,88,0,35,155,0,190,62,0,62,252
07/09/2022,APF,FL,ASO,ES,Federal Contract Tower,0,27,54,2,83,0,0,89,0,89,0,27,143,2,172,24,0,24,196
07/10/2022,APF,FL,ASO,ES,Federal Contract Tower,0,34,54,0,88,0,1,33,0,34,0,35,87,0,122,4,0,4,126
07/11/2022,APF,FL,ASO,ES,Federal Contract Tower,0,33,69,0,102,0,0,78,0,78,0,33,147,0,180,40,0,40,220
07/12/2022,APF,FL,ASO,ES,Federal Contract Tower,0,40,56,0,96,0,0,105,0,105,0,40,161,0,201,66,0,66,267
07/13/2022,APF,FL,ASO,ES,Federal Contract Tower,0,25,66,0,91,0,1,107,0,108,0,26,173,0,199,54,0,54,253
07/14/2022,APF,FL,ASO,ES,Federal Contract Tower,0,31,70,0,101,0,0,76,0,76,0,31,146,0,177,34,0,34,211
07/15/2022,APF,FL,ASO,ES,Federal Contract Tower,0,27,74,0,101,0,0,65,0,65,0,27,139,0,166,62,0,62,228
07/16/2022,APF,FL,ASO,ES,Federal Contract Tower,0,19,50,0,69,0,0,78,0,78,0,19,128,0,147,82,0,82,229
07/17/2022,APF,FL,ASO,ES,Federal Contract Tower,0,37,57,0,94,0,0,62,0,62,0,37,119,0,156,30,0,30,186
07/18/2022,APF,FL,ASO,ES,Federal Contract Tower,0,24,78,0,102,0,1,109,0,110,0,25,187,0,212,50,0,50,262
07/19/2022,APF,FL,ASO,ES,Federal Contract Tower,0,37,66,0,103,0,0,108,0,108,0,37,174,0,211,110,0,110,321
07/20/2022,APF,FL,ASO,ES,Federal Contract Tower,0,28,66,0,94,0,0,91,0,91,0,28,157,0,185,108,0,108,293
07/21/2022,APF,FL,ASO,ES,Federal Contract Tower,0,36,62,0,98,0,0,84,0,84,0,36,146,0,182,80,0,80,262
07/22/2022,APF,FL,ASO,ES,Federal Contract Tower,0,36,78,0,114,0,0,75,0,75,0,36,153,0,189,46,0,46,235
07/23/2022,APF,FL,ASO,ES,Federal Contract Tower,0,33,46,0,79,0,0,71,0,71,0,33,117,0,150,32,0,32,182
07/24/2022,APF,FL,ASO,ES,Federal Contract Tower,0,39,70,0,109,0,2,63,0,65,0,41,133,0,174,4,0,4,178
07/25/2022,APF,FL,ASO,ES,Federal Contract Tower,0,33,50,5,88,0,0,90,0,90,0,33,140,5,178,22,0,22,200
07/26/2022,APF,FL,ASO,ES,Federal Contract Tower,0,40,40,0,80,0,0,61,0,61,0,40,101,0,141,98,0,98,239
07/27/2022,APF,FL,ASO,ES,Federal Contract Tower,0,30,54,2,86,0,2,89,0,91,0,32,143,2,177,68,0,68,245
07/28/2022,APF,FL,ASO,ES,Federal Contract Tower,0,38,77,0,115,0,2,136,0,138,0,40,213,0,253,52,0,52,305
07/29/2022,APF,FL,ASO,ES,Federal Contract Tower,0,26,63,0,89,0,0,85,0,85,0,26,148,0,174,60,0,60,234
07/30/2022,APF,FL,ASO,ES,Federal Contract Tower,0,36,60,0,96,0,1,85,0,86,0,37,145,0,182,54,0,54,236
07/31/2022,APF,FL,ASO,ES,Federal Contract Tower,0,27,69,0,96,0,2,81,0,83,0,29,150,0,179,32,0,32,211
08/01/2022,APF,FL,ASO,ES,Federal Contract Tower,0,20,61,0,81,0,0,80,0,80,0,20,141,0,161,70,0,70,231
08/02/2022,APF,FL,ASO,ES,Federal Contract Tower,0,25,54,0,79,0,1,97,0,98,0,26,151,0,177,72,0,72,249
08/03/2022,APF,FL,ASO,ES,Federal Contract Tower,0,21,63,0,84,0,1,78,0,79,0,22,141,0,163,72,0,72,235
08/04/2022,APF,FL,ASO,ES,Federal Contract Tower,0,27,70,0,97,0,0,71,0,71,0,27,141,0,168,110,0,110,278
08/05/2022,APF,FL,ASO,ES,Federal Contract Tower,0,29,75,0,104,0,2,60,0,62,0,31,135,0,166,86,0,86,252
08/06/2022,APF,FL,ASO,ES,Federal Contract Tower,0,39,41,2,82,0,0,52,0,52,0,39,93,2,134,10,0,10,144
08/07/2022,APF,FL,ASO,ES,Federal Contract Tower,0,34,70,0,104,0,0,65,0,65,0,34,135,0,169,18,0,18,187
08/08/2022,APF,FL,ASO,ES,Federal Contract Tower,0,29,68,0,97,0,0,132,0,132,0,29,200,0,229,112,0,112,341
08/09/2022,APF,FL,ASO,ES,Federal Contract Tower,0,25,66,0,91,0,0,90,0,90,0,25,156,0,181,66,0,66,247
08/10/2022,APF,FL,ASO,ES,Federal Contract Tower,0,32,56,0,88,0,0,113,0,113,0,32,169,0,201,81,0,81,282
08/11/2022,APF,FL,ASO,ES,Federal Contract Tower,0,43,60,0,103,0,0,128,0,128,0,43,188,0,231,36,0,36,267
08/12/2022,APF,FL,ASO,ES,Federal Contract Tower,0,26,69,0,95,0,0,121,0,121,0,26,190,0,216,62,0,62,278
08/13/2022,APF,FL,ASO,ES,Federal Contract Tower,0,24,41,0,65,0,0,84,0,84,0,24,125,0,149,32,0,32,181
08/14/2022,APF,FL,ASO,ES,Federal Contract Tower,0,31,63,0,94,0,0,71,0,71,0,31,134,0,165,6,0,6,171
08/15/2022,APF,FL,ASO,ES,Federal Contract Tower,0,28,46,0,74,0,0,70,0,70,0,28,116,0,144,110,0,110,254
08/16/2022,APF,FL,ASO,ES,Federal Contract Tower,0,22,51,0,73,0,0,97,0,97,0,22,148,0,170,142,0,142,312
08/17/2022,APF,FL,ASO,ES,Federal Contract Tower,0,40,69,4,113,0,2,100,0,102,0,42,169,4,215,72,0,72,287
08/18/2022,APF,FL,ASO,ES,Federal Contract Tower,0,37,73,0,110,0,2,72,0,74,0,39,145,0,184,90,0,90,274
08/19/2022,APF,FL,ASO,ES,Federal Contract Tower,0,25,61,0,86,0,2,88,0,90,0,27,149,0,176,82,0,82,258
08/20/2022,APF,FL,ASO,ES,Federal Contract Tower,0,23,42,0,65,0,0,108,0,108,0,23,150,0,173,46,0,46,219
08/21/2022,APF,FL,ASO,ES,Federal Contract Tower,0,41,63,0,104,0,0,60,0,60,0,41,123,0,164,22,0,22,186
08/22/2022,APF,FL,ASO,ES,Federal Contract Tower,0,22,51,2,75,0,0,77,0,77,0,22,128,2,152,90,0,90,242
08/23/2022,APF,FL,ASO,ES,Federal Contract Tower,0,37,46,0,83,0,0,118,0,118,0,37,164,0,201,84,0,84,285
08/24/2022,APF,FL,ASO,ES,Federal Contract Tower,0,31,64,0,95,0,0,111,0,111,0,31,175,0,206,90,0,90,296
08/25/2022,APF,FL,ASO,ES,Federal Contract Tower,0,29,63,1,93,0,0,98,0,98,0,29,161,1,191,30,0,30,221
08/26/2022,APF,FL,ASO,ES,Federal Contract Tower,0,30,57,9,96,0,0,93,0,93,0,30,150,9,189,52,0,52,241
08/27/2022,APF,FL,ASO,ES,Federal Contract Tower,0,30,35,0,65,0,0,60,0,60,0,30,95,0,125,72,0,72,197
08/28/2022,APF,FL,ASO,ES,Federal Contract Tower,0,41,66,4,111,0,0,51,0,51,0,41,117,4,162,28,0,28,190
08/29/2022,APF,FL,ASO,ES,Federal Contract Tower,0,27,41,0,68,0,0,54,0,54,0,27,95,0,122,22,0,22,144
08/30/2022,APF,FL,ASO,ES,Federal Contract Tower,0,33,36,0,69,0,0,79,0,79,0,33,115,0,148,46,0,46,194
08/31/2022,APF,FL,ASO,ES,Federal Contract Tower,0,31,62,0,93,0,0,107,0,107,0,31,169,0,200,80,0,80,280
09/01/2022,APF,FL,ASO,ES,Federal Contract Tower,0,38,66,0,104,0,1,82,0,83,0,39,148,0,187,50,0,50,237
09/02/2022,APF,FL,ASO,ES,Federal Contract Tower,0,47,76,0,123,0,0,111,0,111,0,47,187,0,234,68,0,68,302
09/03/2022,APF,FL,ASO,ES,Federal Contract Tower,0,21,35,0,56,0,2,68,0,70,0,23,103,0,126,34,0,34,160
09/04/2022,APF,FL,ASO,ES,Federal Contract Tower,0,17,33,0,50,0,4,107,0,111,0,21,140,0,161,6,0,6,167
09/05/2022,APF,FL,ASO,ES,Federal Contract Tower,0,55,58,0,113,0,0,96,0,96,0,55,154,0,209,16,0,16,225
09/06/2022,APF,FL,ASO,ES,Federal Contract Tower,0,35,73,0,108,0,0,106,0,106,0,35,179,0,214,112,0,112,326
09/07/2022,APF,FL,ASO,ES,Federal Contract Tower,0,42,41,1,84,0,2,98,0,100,0,44,139,1,184,82,0,82,266
09/08/2022,APF,FL,ASO,ES,Federal Contract Tower,0,35,46,0,81,0,1,89,0,90,0,36,135,0,171,42,0,42,213
09/09/2022,APF,FL,ASO,ES,Federal Contract Tower,0,34,69,2,105,0,2,86,0,88,0,36,155,2,193,60,0,60,253
09/10/2022,APF,FL,ASO,ES,Federal Contract Tower,0,21,32,0,53,0,0,54,0,54,0,21,86,0,107,2,0,2,109
09/11/2022,APF,FL,ASO,ES,Federal Contract Tower,0,42,63,0,105,0,0,54,0,54,0,42,117,0,159,16,0,16,175
09/12/2022,APF,FL,ASO,ES,Federal Contract Tower,0,32,63,0,95,0,0,72,0,72,0,32,135,0,167,70,0,70,237
09/13/2022,APF,FL,ASO,ES,Federal Contract Tower,0,25,55,0,80,0,2,69,0,71,0,27,124,0,151,32,0,32,183
09/14/2022,APF,FL,ASO,ES,Federal Contract Tower,0,32,42,0,74,0,1,76,0,77,0,33,118,0,151,38,0,38,189
09/15/2022,APF,FL,ASO,ES,Federal Contract Tower,0,50,71,0,121,0,0,67,0,67,0,50,138,0,188,60,0,60,248
09/16/2022,APF,FL,ASO,ES,Federal Contract Tower,0,34,62,0,96,0,0,51,0,51,0,34,113,0,147,34,0,34,181
09/17/2022,APF,FL,ASO,ES,Federal Contract Tower,0,31,34,0,65,0,0,90,0,90,0,31,124,0,155,44,0,44,199
09/18/2022,APF,FL,ASO,ES,Federal Contract Tower,0,33,82,0,115,0,0,88,0,88,0,33,170,0,203,56,0,56,259
09/19/2022,APF,FL,ASO,ES,Federal Contract Tower,0,42,56,0,98,0,1,81,0,82,0,43,137,0,180,42,0,42,222
09/20/2022,APF,FL,ASO,ES,Federal Contract Tower,0,30,41,0,71,0,0,99,0,99,0,30,140,0,170,44,0,44,214
09/21/2022,APF,FL,ASO,ES,Federal Contract Tower,0,43,81,0,124,0,0,102,0,102,0,43,183,0,226,68,0,68,294
09/22/2022,APF,FL,ASO,ES,Federal Contract Tower,0,42,71,0,113,0,0,100,0,100,0,42,171,0,213,84,0,84,297
09/23/2022,APF,FL,ASO,ES,Federal Contract Tower,0,37,80,0,117,0,2,127,0,129,0,39,207,0,246,78,0,78,324
09/24/2022,APF,FL,ASO,ES,Federal Contract Tower,0,31,48,0,79,0,0,63,0,63,0,31,111,0,142,58,0,58,200
09/25/2022,APF,FL,ASO,ES,Federal Contract Tower,0,55,77,2,134,0,0,63,10,73,0,55,140,12,207,38,0,38,245
09/26/2022,APF,FL,ASO,ES,Federal Contract Tower,0,71,84,0,155,0,7,82,0,89,0,78,166,0,244,44,0,44,288
09/27/2022,APF,FL,ASO,ES,Federal Contract Tower,0,24,24,0,48,0,0,1,0,1,0,24,25,0,49,0,0,0,49
09/28/2022,APF,FL,ASO,ES,Federal Contract Tower,0,0,0,0,0,0,0,0,0,0,0,0,0,0,0,0,0,0,0
09/30/2022,APF,FL,ASO,ES,Federal Contract Tower,0,24,50,0,74,0,0,16,0,16,0,24,66,0,90,0,0,0,90
10/01/2022,APF,FL,ASO,ES,Federal Contract Tower,0,42,77,0,119,0,0,62,0,62,0,42,139,0,181,0,0,0,181
10/02/2022,APF,FL,ASO,ES,Federal Contract Tower,0,70,62,0,132,0,1,100,0,101,0,71,162,0,233,0,0,0,233
10/03/2022,APF,FL,ASO,ES,Federal Contract Tower,0,71,86,0,157,0,0,102,0,102,0,71,188,0,259,0,0,0,259
10/04/2022,APF,FL,ASO,ES,Federal Contract Tower,0,69,87,0,156,0,0,99,0,99,0,69,186,0,255,2,0,2,257
10/05/2022,APF,FL,ASO,ES,Federal Contract Tower,0,68,71,0,139,0,0,50,0,50,0,68,121,0,189,2,0,2,191
10/06/2022,APF,FL,ASO,ES,Federal Contract Tower,0,67,80,0,147,0,1,114,0,115,0,68,194,0,262,40,0,40,302
10/07/2022,APF,FL,ASO,ES,Federal Contract Tower,0,61,75,0,136,0,0,82,0,82,0,61,157,0,218,42,0,42,260
10/08/2022,APF,FL,ASO,ES,Federal Contract Tower,0,53,64,0,117,0,1,68,0,69,0,54,132,0,186,12,0,12,198
10/09/2022,APF,FL,ASO,ES,Federal Contract Tower,0,67,71,0,138,0,0,37,0,37,0,67,108,0,175,4,0,4,179
10/10/2022,APF,FL,ASO,ES,Federal Contract Tower,0,67,100,0,167,0,0,65,0,65,0,67,165,0,232,10,0,10,242
10/11/2022,APF,FL,ASO,ES,Federal Contract Tower,0,42,79,0,121,0,0,62,0,62,0,42,141,0,183,38,0,38,221
10/12/2022,APF,FL,ASO,ES,Federal Contract Tower,0,39,82,0,121,0,0,102,0,102,0,39,184,0,223,72,0,72,295
10/13/2022,APF,FL,ASO,ES,Federal Contract Tower,0,40,81,0,121,0,0,59,0,59,0,40,140,0,180,52,0,52,232
10/14/2022,APF,FL,ASO,ES,Federal Contract Tower,0,53,89,0,142,0,0,112,0,112,0,53,201,0,254,56,0,56,310
10/15/2022,APF,FL,ASO,ES,Federal Contract Tower,0,57,56,0,113,0,0,66,0,66,0,57,122,0,179,8,0,8,187
10/16/2022,APF,FL,ASO,ES,Federal Contract Tower,0,75,86,0,161,0,3,61,0,64,0,78,147,0,225,4,0,4,229
10/17/2022,APF,FL,ASO,ES,Federal Contract Tower,0,69,99,0,168,0,1,80,0,81,0,70,179,0,249,36,0,36,285
10/18/2022,APF,FL,ASO,ES,Federal Contract Tower,0,59,99,0,158,0,0,75,0,75,0,59,174,0,233,80,0,80,313
10/19/2022,APF,FL,ASO,ES,Federal Contract Tower,0,48,102,0,150,0,1,83,0,84,0,49,185,0,234,70,0,70,304
10/20/2022,APF,FL,ASO,ES,Federal Contract Tower,0,80,108,0,188,0,0,108,0,108,0,80,216,0,296,88,0,88,384
10/21/2022,APF,FL,ASO,ES,Federal Contract Tower,0,61,116,0,177,0,0,143,0,143,0,61,259,0,320,70,0,70,390
10/22/2022,APF,FL,ASO,ES,Federal Contract Tower,0,40,50,0,90,0,0,96,0,96,0,40,146,0,186,28,0,28,214
10/23/2022,APF,FL,ASO,ES,Federal Contract Tower,0,76,79,0,155,0,6,112,0,118,0,82,191,0,273,30,0,30,303
10/24/2022,APF,FL,ASO,ES,Federal Contract Tower,0,54,109,0,163,0,0,109,0,109,0,54,218,0,272,118,0,118,390
10/25/2022,APF,FL,ASO,ES,Federal Contract Tower,0,47,76,0,123,0,0,122,0,122,0,47,198,0,245,184,0,184,429
10/26/2022,APF,FL,ASO,ES,Federal Contract Tower,0,65,96,0,161,0,0,120,0,120,0,65,216,0,281,64,2,66,347
10/27/2022,APF,FL,ASO,ES,Federal Contract Tower,0,86,126,0,212,0,0,149,0,149,0,86,275,0,361,94,0,94,455
10/28/2022,APF,FL,ASO,ES,Federal Contract Tower,0,67,121,0,188,0,0,123,0,123,0,67,244,0,311,88,0,88,399
10/29/2022,APF,FL,ASO,ES,Federal Contract Tower,0,62,75,2,139,0,0,87,0,87,0,62,162,2,226,34,0,34,260
10/30/2022,APF,FL,ASO,ES,Federal Contract Tower,0,70,79,0,149,0,2,69,0,71,0,72,148,0,220,0,0,0,220
10/31/2022,APF,FL,ASO,ES,Federal Contract Tower,0,87,102,0,189,0,2,95,0,97,0,89,197,0,286,94,0,94,380
11/01/2022,APF,FL,ASO,ES,Federal Contract Tower,0,75,103,0,178,0,1,115,0,116,0,76,218,0,294,94,0,94,388
11/02/2022,APF,FL,ASO,ES,Federal Contract Tower,0,67,99,0,166,0,2,68,0,70,0,69,167,0,236,68,0,68,304
11/03/2022,APF,FL,ASO,ES,Federal Contract Tower,0,49,131,0,180,0,0,137,0,137,0,49,268,0,317,54,0,54,371
11/04/2022,APF,FL,ASO,ES,Federal Contract Tower,0,56,126,2,184,0,0,144,0,144,0,56,270,2,328,162,0,162,490
11/05/2022,APF,FL,ASO,ES,Federal Contract Tower,0,48,63,0,111,0,0,67,0,67,0,48,130,0,178,50,0,50,228
11/06/2022,APF,FL,ASO,ES,Federal Contract Tower,0,63,106,0,169,0,0,64,0,64,0,63,170,0,233,20,0,20,253
11/07/2022,APF,FL,ASO,ES,Federal Contract Tower,0,62,106,0,168,0,0,116,0,116,0,62,222,0,284,92,0,92,376
11/08/2022,APF,FL,ASO,ES,Federal Contract Tower,0,59,99,0,158,0,0,121,0,121,0,59,220,0,279,42,0,42,321
11/09/2022,APF,FL,ASO,ES,Federal Contract Tower,0,56,53,0,109,0,0,18,0,18,0,56,71,0,127,14,0,14,141
11/10/2022,APF,FL,ASO,ES,Federal Contract Tower,0,33,43,0,76,0,0,16,0,16,0,33,59,0,92,0,0,0,92
11/11/2022,APF,FL,ASO,ES,Federal Contract Tower,0,58,96,1,155,0,0,115,1,116,0,58,211,2,271,74,0,74,345
11/12/2022,APF,FL,ASO,ES,Federal Contract Tower,0,54,87,0,141,0,1,110,0,111,0,55,197,0,252,42,0,42,294
11/13/2022,APF,FL,ASO,ES,Federal Contract Tower,0,83,129,0,212,0,0,95,0,95,0,83,224,0,307,14,0,14,321
11/14/2022,APF,FL,ASO,ES,Federal Contract Tower,0,79,136,0,215,0,0,89,0,89,0,79,225,0,304,46,0,46,350
11/15/2022,APF,FL,ASO,ES,Federal Contract Tower,0,75,105,0,180,0,1,158,0,159,0,76,263,0,339,82,0,82,421
11/16/2022,APF,FL,ASO,ES,Federal Contract Tower,0,73,129,0,202,0,0,168,0,168,0,73,297,0,370,152,0,152,522
11/17/2022,APF,FL,ASO,ES,Federal Contract Tower,0,93,148,0,241,0,0,133,0,133,0,93,281,0,374,92,0,92,466
11/18/2022,APF,FL,ASO,ES,Federal Contract Tower,0,92,143,0,235,0,3,120,0,123,0,95,263,0,358,76,0,76,434
11/19/2022,APF,FL,ASO,ES,Federal Contract Tower,0,127,108,0,235,0,0,122,0,122,0,127,230,0,357,10,0,10,367
11/20/2022,APF,FL,ASO,ES,Federal Contract Tower,0,84,123,0,207,0,2,37,0,39,0,86,160,0,246,8,0,8,254
11/21/2022,APF,FL,ASO,ES,Federal Contract Tower,0,67,95,2,164,0,0,64,2,66,0,67,159,4,230,94,0,94,324
11/22/2022,APF,FL,ASO,ES,Federal Contract Tower,0,78,139,0,217,0,1,69,0,70,0,79,208,0,287,72,0,72,359
11/23/2022,APF,FL,ASO,ES,Federal Contract Tower,0,85,100,0,185,0,0,69,0,69,0,85,169,0,254,16,0,16,270
11/24/2022,APF,FL,ASO,ES,Federal Contract Tower,0,18,27,0,45,0,0,25,0,25,0,18,52,0,70,22,0,22,92
11/25/2022,APF,FL,ASO,ES,Federal Contract Tower,0,62,47,0,109,0,1,85,0,86,0,63,132,0,195,54,0,54,249
11/26/2022,APF,FL,ASO,ES,Federal Contract Tower,0,111,120,0,231,0,1,89,0,90,0,112,209,0,321,16,0,16,337
11/27/2022,APF,FL,ASO,ES,Federal Contract Tower,0,110,166,0,276,0,2,83,0,85,0,112,249,0,361,0,0,0,361
11/28/2022,APF,FL,ASO,ES,Federal Contract Tower,0,99,116,0,215,0,1,53,0,54,0,100,169,0,269,22,0,22,291
11/29/2022,APF,FL,ASO,ES,Federal Contract Tower,0,73,122,0,195,0,0,128,0,128,0,73,250,0,323,84,0,84,407
11/30/2022,APF,FL,ASO,ES,Federal Contract Tower,0,72,104,0,176,0,0,137,0,137,0,72,241,0,313,98,0,98,411
12/01/2022,APF,FL,ASO,ES,Federal Contract Tower,0,87,89,0,176,0,2,114,0,116,0,89,203,0,292,96,0,96,388
12/02/2022,APF,FL,ASO,ES,Federal Contract Tower,0,45,101,0,146,0,1,104,0,105,0,46,205,0,251,62,0,62,313
12/03/2022,APF,FL,ASO,ES,Federal Contract Tower,0,60,82,0,142,0,2,76,0,78,0,62,158,0,220,34,0,34,254
12/04/2022,APF,FL,ASO,ES,Federal Contract Tower,0,84,99,0,183,0,0,103,0,103,0,84,202,0,286,14,0,14,300
12/05/2022,APF,FL,ASO,ES,Federal Contract Tower,0,36,66,0,102,0,0,116,0,116,0,36,182,0,218,92,0,92,310
12/06/2022,APF,FL,ASO,ES,Federal Contract Tower,0,63,77,0,140,0,0,138,0,138,0,63,215,0,278,124,0,124,402
12/07/2022,APF,FL,ASO,ES,Federal Contract Tower,0,53,77,0,130,0,2,115,0,117,0,55,192,0,247,86,0,86,333
12/08/2022,APF,FL,ASO,ES,Federal Contract Tower,0,57,103,5,165,0,1,103,4,108,0,58,206,9,273,96,0,96,369
12/09/2022,APF,FL,ASO,ES,Federal Contract Tower,0,60,88,0,148,0,4,81,0,85,0,64,169,0,233,46,0,46,279
12/10/2022,APF,FL,ASO,ES,Federal Contract Tower,0,43,98,0,141,0,0,91,0,91,0,43,189,0,232,66,0,66,298
12/11/2022,APF,FL,ASO,ES,Federal Contract Tower,0,77,104,0,181,0,0,79,0,79,0,77,183,0,260,18,0,18,278
12/12/2022,APF,FL,ASO,ES,Federal Contract Tower,0,93,97,0,190,0,0,90,0,90,0,93,187,0,280,158,0,158,438
12/13/2022,APF,FL,ASO,ES,Federal Contract Tower,0,53,91,1,145,0,0,126,0,126,0,53,217,1,271,120,0,120,391
12/14/2022,APF,FL,ASO,ES,Federal Contract Tower,0,73,86,0,159,0,0,133,0,133,0,73,219,0,292,74,0,74,366
12/15/2022,APF,FL,ASO,ES,Federal Contract Tower,0,70,86,0,156,0,0,88,0,88,0,70,174,0,244,24,0,24,268
12/16/2022,APF,FL,ASO,ES,Federal Contract Tower,0,85,143,4,232,0,3,73,0,76,0,88,216,4,308,42,0,42,350
12/17/2022,APF,FL,ASO,ES,Federal Contract Tower,0,66,94,0,160,0,0,75,4,79,0,66,169,4,239,6,0,6,245
12/18/2022,APF,FL,ASO,ES,Federal Contract Tower,0,81,117,0,198,0,80,0,0,80,0,161,117,0,278,4,0,4,282
12/19/2022,APF,FL,ASO,ES,Federal Contract Tower,0,65,98,0,163,0,0,111,0,111,0,65,209,0,274,34,0,34,308
12/20/2022,APF,FL,ASO,ES,Federal Contract Tower,0,66,87,0,153,0,2,65,0,67,0,68,152,0,220,26,0,26,246
12/21/2022,APF,FL,ASO,ES,Federal Contract Tower,0,102,122,0,224,0,0,74,0,74,0,102,196,0,298,34,0,34,332
12/22/2022,APF,FL,ASO,ES,Federal Contract Tower,0,98,98,0,196,0,0,27,0,27,0,98,125,0,223,0,0,0,223
12/23/2022,APF,FL,ASO,ES,Federal Contract Tower,0,57,68,0,125,0,0,47,0,47,0,57,115,0,172,2,0,2,174
12/24/2022,APF,FL,ASO,ES,Federal Contract Tower,0,53,41,0,94,0,0,52,0,52,0,53,93,0,146,2,0,2,148
12/25/2022,APF,FL,ASO,ES,Federal Contract Tower,0,110,41,0,151,0,0,17,0,17,0,110,58,0,168,0,0,0,168
12/26/2022,APF,FL,ASO,ES,Federal Contract Tower,0,190,234,0,424,0,3,76,0,79,0,193,310,0,503,6,0,6,509
12/27/2022,APF,FL,ASO,ES,Federal Contract Tower,0,172,205,0,377,0,1,104,0,105,0,173,309,0,482,0,0,0,482
12/28/2022,APF,FL,ASO,ES,Federal Contract Tower,0,144,170,0,314,0,5,131,0,136,0,149,301,0,450,6,0,6,456
12/29/2022,APF,FL,ASO,ES,Federal Contract Tower,0,167,122,2,291,0,1,130,0,131,0,168,252,2,422,8,0,8,430
12/30/2022,APF,FL,ASO,ES,Federal Contract Tower,0,109,129,0,238,0,0,102,0,102,0,109,231,0,340,2,0,2,342
12/31/2022,APF,FL,ASO,ES,Federal Contract Tower,0,90,75,0,165,0,0,70,0,70,0,90,145,0,235,14,0,14,249
01/01/2023,APF,FL,ASO,ES,Federal Contract Tower,0,116,128,0,244,0,0,49,0,49,0,116,177,0,293,18,0,18,311
01/02/2023,APF,FL,ASO,ES,Federal Contract Tower,0,147,152,0,299,0,0,127,0,127,0,147,279,0,426,0,0,0,426
01/03/2023,APF,FL,ASO,ES,Federal Contract Tower,0,100,147,0,247,0,0,80,0,80,0,100,227,0,327,0,0,0,327
01/04/2023,APF,FL,ASO,ES,Federal Contract Tower,0,95,96,0,191,0,0,118,0,118,0,95,214,0,309,24,0,24,333
01/05/2023,APF,FL,ASO,ES,Federal Contract Tower,0,80,108,0,188,0,0,122,0,122,0,80,230,0,310,44,0,44,354
01/06/2023,APF,FL,ASO,ES,Federal Contract Tower,0,100,120,0,220,0,0,158,0,158,0,100,278,0,378,50,0,50,428
01/07/2023,APF,FL,ASO,ES,Federal Contract Tower,0,84,88,0,172,0,1,134,0,135,0,85,222,0,307,10,0,10,317
01/08/2023,APF,FL,ASO,ES,Federal Contract Tower,0,104,102,0,206,0,0,116,0,116,0,104,218,0,322,40,0,40,362
01/09/2023,APF,FL,ASO,ES,Federal Contract Tower,0,69,134,0,203,0,0,141,0,141,0,69,275,0,344,114,0,114,458
01/10/2023,APF,FL,ASO,ES,Federal Contract Tower,0,53,112,0,165,0,0,163,0,163,0,53,275,0,328,112,0,112,440
01/11/2023,APF,FL,ASO,ES,Federal Contract Tower,0,61,79,0,140,0,2,130,2,134,0,63,209,2,274,104,0,104,378
01/12/2023,APF,FL,ASO,ES,Federal Contract Tower,0,80,121,0,201,0,4,154,0,158,0,84,275,0,359,60,0,60,419
01/13/2023,APF,FL,ASO,ES,Federal Contract Tower,0,69,91,0,160,0,0,49,0,49,0,69,140,0,209,70,0,70,279
01/14/2023,APF,FL,ASO,ES,Federal Contract Tower,0,88,75,0,163,0,0,77,0,77,0,88,152,0,240,6,0,6,246
01/15/2023,APF,FL,ASO,ES,Federal Contract Tower,0,80,114,0,194,0,2,137,0,139,0,82,251,0,333,20,0,20,353
01/16/2023,APF,FL,ASO,ES,Federal Contract Tower,0,92,129,0,221,0,0,153,0,153,0,92,282,0,374,118,0,118,492
01/17/2023,APF,FL,ASO,ES,Federal Contract Tower,0,95,97,0,192,0,0,198,2,200,0,95,295,2,392,66,0,66,458
01/18/2023,APF,FL,ASO,ES,Federal Contract Tower,0,87,90,0,177,0,0,158,4,162,0,87,248,4,339,122,0,122,461
01/19/2023,APF,FL,ASO,ES,Federal Contract Tower,0,97,123,2,222,0,0,161,5,166,0,97,284,7,388,118,1,119,507
01/20/2023,APF,FL,ASO,ES,Federal Contract Tower,0,80,116,0,196,0,3,134,3,140,0,83,250,3,336,58,0,58,394
01/21/2023,APF,FL,ASO,ES,Federal Contract Tower,0,74,90,0,164,0,1,117,0,118,0,75,207,0,282,16,0,16,298
01/22/2023,APF,FL,ASO,ES,Federal Contract Tower,0,111,111,0,222,0,4,84,1,89,0,115,195,1,311,6,0,6,317
01/23/2023,APF,FL,ASO,ES,Federal Contract Tower,0,85,102,0,187,0,0,55,0,55,0,85,157,0,242,28,0,28,270
01/24/2023,APF,FL,ASO,ES,Federal Contract Tower,0,88,112,0,200,0,0,0,0,0,0,88,112,0,200,0,0,0,200
01/25/2023,APF,FL,ASO,ES,Federal Contract Tower,0,86,104,0,190,0,1,142,1,144,0,87,246,1,334,74,0,74,408
01/26/2023,APF,FL,ASO,ES,Federal Contract Tower,0,77,142,0,219,0,1,114,2,117,0,78,256,2,336,59,0,59,395
01/27/2023,APF,FL,ASO,ES,Federal Contract Tower,0,103,110,0,213,0,2,101,2,105,0,105,211,2,318,40,0,40,358
01/28/2023,APF,FL,ASO,ES,Federal Contract Tower,0,77,93,0,170,0,0,74,2,76,0,77,167,2,246,18,0,18,264
01/29/2023,APF,FL,ASO,ES,Federal Contract Tower,0,118,99,0,217,0,1,128,0,129,0,119,227,0,346,18,0,18,364
01/30/2023,APF,FL,ASO,ES,Federal Contract Tower,0,88,113,0,201,0,0,186,0,186,0,88,299,0,387,116,0,116,503
01/31/2023,APF,FL,ASO,ES,Federal Contract Tower,0,76,75,0,151,0,2,176,0,178,0,78,251,0,329,68,0,68,397
02/01/2023,APF,FL,ASO,ES,Federal Contract Tower,0,91,118,0,209,0,0,159,0,159,0,91,277,0,368,66,0,66,434
02/02/2023,APF,FL,ASO,ES,Federal Contract Tower,0,103,114,0,217,0,1,198,0,199,0,104,312,0,416,60,0,60,476
02/03/2023,APF,FL,ASO,ES,Federal Contract Tower,0,86,128,0,214,0,0,130,4,134,0,86,258,4,348,42,0,42,390
02/04/2023,APF,FL,ASO,ES,Federal Contract Tower,0,67,86,0,153,0,1,60,3,64,0,68,146,3,217,38,0,38,255
02/05/2023,APF,FL,ASO,ES,Federal Contract Tower,0,86,97,0,183,0,2,62,2,66,0,88,159,2,249,12,0,12,261
02/06/2023,APF,FL,ASO,ES,Federal Contract Tower,0,71,91,0,162,0,0,177,2,179,0,71,268,2,341,80,0,80,421
02/07/2023,APF,FL,ASO,ES,Federal Contract Tower,0,57,114,0,171,0,0,165,2,167,0,57,279,2,338,106,0,106,444
02/08/2023,APF,FL,ASO,ES,Federal Contract Tower,0,83,135,0,218,0,3,147,1,151,0,86,282,1,369,140,0,140,509
02/09/2023,APF,FL,ASO,ES,Federal Contract Tower,0,113,134,2,249,0,0,196,0,196,0,113,330,2,445,128,0,128,573
02/10/2023,APF,FL,ASO,ES,Federal Contract Tower,0,111,137,0,248,0,2,154,8,164,0,113,291,8,412,66,0,66,478
02/11/2023,APF,FL,ASO,ES,Federal Contract Tower,0,83,86,0,169,0,3,83,0,86,0,86,169,0,255,20,0,20,275
02/12/2023,APF,FL,ASO,ES,Federal Contract Tower,0,87,95,1,183,0,4,52,1,57,0,91,147,2,240,8,0,8,248
02/13/2023,APF,FL,ASO,ES,Federal Contract Tower,0,94,140,0,234,0,0,173,0,173,0,94,313,0,407,102,0,102,509
02/14/2023,APF,FL,ASO,ES,Federal Contract Tower,0,99,101,4,204,0,0,169,1,170,0,99,270,5,374,76,0,76,450
02/15/2023,APF,FL,ASO,ES,Federal Contract Tower,0,86,116,0,202,0,2,168,0,170,0,88,284,0,372,158,0,158,530
02/16/2023,APF,FL,ASO,ES,Federal Contract Tower,0,115,136,0,251,0,3,206,2,211,0,118,342,2,462,94,0,94,556
02/17/2023,APF,FL,ASO,ES,Federal Contract Tower,0,104,160,0,264,0,0,171,0,171,0,104,331,0,435,162,4,166,601
02/18/2023,APF,FL,ASO,ES,Federal Contract Tower,0,110,126,0,236,0,7,69,0,76,0,117,195,0,312,18,0,18,330
02/19/2023,APF,FL,ASO,ES,Federal Contract Tower,0,96,129,0,225,0,2,127,0,129,0,98,256,0,354,12,0,12,366
02/20/2023,APF,FL,ASO,ES,Federal Contract Tower,0,117,160,0,277,0,0,184,0,184,0,117,344,0,461,26,0,26,487
02/21/2023,APF,FL,ASO,ES,Federal Contract Tower,0,111,136,0,247,0,0,102,0,102,0,111,238,0,349,109,0,109,458
02/22/2023,APF,FL,ASO,ES,Federal Contract Tower,0,99,132,0,231,0,2,165,0,167,0,101,297,0,398,182,0,182,580
02/23/2023,APF,FL,ASO,ES,Federal Contract Tower,0,109,145,0,254,0,2,188,0,190,0,111,333,0,444,98,0,98,542
02/24/2023,APF,FL,ASO,ES,Federal Contract Tower,0,118,170,0,288,0,0,192,0,192,0,118,362,0,480,70,0,70,550
02/25/2023,APF,FL,ASO,ES,Federal Contract Tower,0,104,98,0,202,0,2,126,0,128,0,106,224,0,330,28,0,28,358
02/26/2023,APF,FL,ASO,ES,Federal Contract Tower,0,135,162,0,297,0,1,153,0,154,0,136,315,0,451,6,0,6,457
02/27/2023,APF,FL,ASO,ES,Federal Contract Tower,0,77,121,0,198,0,0,127,0,127,0,77,248,0,325,88,0,88,413
02/28/2023,APF,FL,ASO,ES,Federal Contract Tower,0,77,115,0,192,0,0,158,2,160,0,77,273,2,352,78,0,78,430
03/01/2023,APF,FL,ASO,ES,Federal Contract Tower,0,96,118,0,214,0,1,162,0,163,0,97,280,0,377,114,0,114,491
03/02/2023,APF,FL,ASO,ES,Federal Contract Tower,0,88,177,0,265,0,0,136,0,136,0,88,313,0,401,60,0,60,461
03/03/2023,APF,FL,ASO,ES,Federal Contract Tower,0,94,101,0,195,0,4,82,3,89,0,98,183,3,284,26,0,26,310
03/04/2023,APF,FL,ASO,ES,Federal Contract Tower,0,66,104,0,170,0,0,90,0,90,0,66,194,0,260,32,0,32,292
03/05/2023,APF,FL,ASO,ES,Federal Contract Tower,0,108,131,0,239,0,2,117,0,119,0,110,248,0,358,10,0,10,368
03/06/2023,APF,FL,ASO,ES,Federal Contract Tower,0,97,126,0,223,0,3,132,0,135,0,100,258,0,358,100,0,100,458
03/07/2023,APF,FL,ASO,ES,Federal Contract Tower,0,85,106,1,192,0,1,135,0,136,0,86,241,1,328,112,0,112,440
03/08/2023,APF,FL,ASO,ES,Federal Contract Tower,0,103,99,0,202,0,3,122,0,125,0,106,221,0,327,72,0,72,399
03/09/2023,APF,FL,ASO,ES,Federal Contract Tower,0,90,121,0,211,0,2,167,0,169,0,92,288,0,380,128,0,128,508
03/10/2023,APF,FL,ASO,ES,Federal Contract Tower,0,107,118,4,229,0,0,180,0,180,0,107,298,4,409,76,0,76,485
03/11/2023,APF,FL,ASO,ES,Federal Contract Tower,0,126,112,0,238,0,0,103,0,103,0,126,215,0,341,70,0,70,411
03/12/2023,APF,FL,ASO,ES,Federal Contract Tower,0,96,98,0,194,0,1,132,0,133,0,97,230,0,327,24,0,24,351
03/13/2023,APF,FL,ASO,ES,Federal Contract Tower,0,107,100,0,207,0,1,94,0,95,0,108,194,0,302,74,0,74,376
03/14/2023,APF,FL,ASO,ES,Federal Contract Tower,0,99,117,0,216,0,0,98,0,98,0,99,215,0,314,130,0,130,444
03/15/2023,APF,FL,ASO,ES,Federal Contract Tower,0,81,113,0,194,0,3,158,0,161,0,84,271,0,355,102,0,102,457
03/16/2023,APF,FL,ASO,ES,Federal Contract Tower,0,82,148,0,230,0,2,163,0,165,0,84,311,0,395,56,0,56,451
03/17/2023,APF,FL,ASO,ES,Federal Contract Tower,0,83,127,0,210,0,1,135,0,136,0,84,262,0,346,96,0,96,442
03/18/2023,APF,FL,ASO,ES,Federal Contract Tower,0,109,129,0,238,0,0,121,4,125,0,109,250,4,363,64,0,64,427
03/19/2023,APF,FL,ASO,ES,Federal Contract Tower,0,130,125,0,255,0,0,15,0,15,0,130,140,0,270,12,0,12,282
03/20/2023,APF,FL,ASO,ES,Federal Contract Tower,0,89,127,0,216,0,1,126,2,129,0,90,253,2,345,98,0,98,443
03/21/2023,APF,FL,ASO,ES,Federal Contract Tower,0,83,115,0,198,0,0,172,0,172,0,83,287,0,370,118,0,118,488
03/22/2023,APF,FL,ASO,ES,Federal Contract Tower,0,83,100,2,185,0,2,208,0,210,0,85,308,2,395,116,0,116,511
03/23/2023,APF,FL,ASO,ES,Federal Contract Tower,0,125,169,0,294,0,0,170,10,180,0,125,339,10,474,50,0,50,524
03/24/2023,APF,FL,ASO,ES,Federal Contract Tower,0,116,158,0,274,0,0,165,0,165,0,116,323,0,439,48,0,48,487
03/25/2023,APF,FL,ASO,ES,Federal Contract Tower,0,96,107,0,203,0,0,119,0,119,0,96,226,0,322,56,0,56,378
03/26/2023,APF,FL,ASO,ES,Federal Contract Tower,0,119,137,0,256,0,0,96,0,96,0,119,233,0,352,14,0,14,366
03/27/2023,APF,FL,ASO,ES,Federal Contract Tower,0,89,132,0,221,0,1,141,0,142,0,90,273,0,363,112,0,112,475
03/28/2023,APF,FL,ASO,ES,Federal Contract Tower,0,61,96,0,157,0,0,90,0,90,0,61,186,0,247,62,0,62,309
03/29/2023,APF,FL,ASO,ES,Federal Contract Tower,0,79,119,0,198,0,3,121,0,124,0,82,240,0,322,42,0,42,364
03/30/2023,APF,FL,ASO,ES,Federal Contract Tower,0,108,145,2,255,0,1,170,0,171,0,109,315,2,426,98,0,98,524
03/31/2023,APF,FL,ASO,ES,Federal Contract Tower,0,122,120,2,244,0,0,133,0,133,0,122,253,2,377,48,0,48,425
04/01/2023,APF,FL,ASO,ES,Federal Contract Tower,0,100,95,0,195,0,5,113,0,118,0,105,208,0,313,14,0,14,327
04/02/2023,APF,FL,ASO,ES,Federal Contract Tower,0,110,122,0,232,0,2,98,0,100,0,112,220,0,332,18,0,18,350
04/03/2023,APF,FL,ASO,ES,Federal Contract Tower,0,79,124,1,204,0,1,148,0,149,0,80,272,1,353,180,0,180,533
04/04/2023,APF,FL,ASO,ES,Federal Contract Tower,0,72,145,0,217,0,0,152,0,152,0,72,297,0,369,108,0,108,477
04/05/2023,APF,FL,ASO,ES,Federal Contract Tower,0,109,115,0,224,0,0,130,0,130,0,109,245,0,354,56,0,56,410
04/06/2023,APF,FL,ASO,ES,Federal Contract Tower,0,128,159,0,287,0,4,144,0,148,0,132,303,0,435,34,0,34,469
04/07/2023,APF,FL,ASO,ES,Federal Contract Tower,0,115,112,0,227,0,0,142,0,142,0,115,254,0,369,76,0,76,445
04/08/2023,APF,FL,ASO,ES,Federal Contract Tower,0,73,77,0,150,0,2,145,0,147,0,75,222,0,297,28,0,28,325
04/09/2023,APF,FL,ASO,ES,Federal Contract Tower,0,87,77,0,164,0,0,66,0,66,0,87,143,0,230,2,0,2,232
04/10/2023,APF,FL,ASO,ES,Federal Contract Tower,0,141,150,0,291,0,0,54,0,54,0,141,204,0,345,6,0,6,351
04/11/2023,APF,FL,ASO,ES,Federal Contract Tower,0,86,129,0,215,0,0,84,0,84,0,86,213,0,299,44,0,44,343
04/12/2023,APF,FL,ASO,ES,Federal Contract Tower,0,62,94,0,156,0,0,13,0,13,0,62,107,0,169,40,0,40,209
04/13/2023,APF,FL,ASO,ES,Federal Contract Tower,0,86,109,0,195,0,1,135,0,136,0,87,244,0,331,66,0,66,397
04/14/2023,APF,FL,ASO,ES,Federal Contract Tower,0,93,98,0,191,0,6,156,0,162,0,99,254,0,353,64,0,64,417
04/15/2023,APF,FL,ASO,ES,Federal Contract Tower,0,88,102,0,190,0,0,159,0,159,0,88,261,0,349,42,0,42,391
04/16/2023,APF,FL,ASO,ES,Federal Contract Tower,0,101,137,0,238,0,0,80,0,80,0,101,217,0,318,6,0,6,324
04/17/2023,APF,FL,ASO,ES,Federal Contract Tower,0,101,106,0,207,0,0,106,0,106,0,101,212,0,313,66,0,66,379
04/18/2023,APF,FL,ASO,ES,Federal Contract Tower,0,83,91,0,174,0,0,163,0,163,0,83,254,0,337,84,0,84,421
04/19/2023,APF,FL,ASO,ES,Federal Contract Tower,0,89,115,0,204,0,0,122,0,122,0,89,237,0,326,82,0,82,408
04/20/2023,APF,FL,ASO,ES,Federal Contract Tower,0,92,107,0,199,0,0,136,0,136,0,92,243,0,335,102,0,102,437
04/21/2023,APF,FL,ASO,ES,Federal Contract Tower,0,90,104,0,194,0,3,111,0,114,0,93,215,0,308,68,0,68,376
04/22/2023,APF,FL,ASO,ES,Federal Contract Tower,0,70,94,0,164,0,0,147,0,147,0,70,241,0,311,28,0,28,339
04/23/2023,APF,FL,ASO,ES,Federal Contract Tower,0,82,99,0,181,0,3,120,0,123,0,85,219,0,304,28,0,28,332
04/24/2023,APF,FL,ASO,ES,Federal Contract Tower,0,81,108,0,189,0,0,0,0,0,0,81,108,0,189,62,0,62,251
04/25/2023,APF,FL,ASO,ES,Federal Contract Tower,0,77,87,0,164,0,0,98,0,98,0,77,185,0,262,50,0,50,312
04/26/2023,APF,FL,ASO,ES,Federal Contract Tower,0,76,98,0,174,0,0,154,0,154,0,76,252,0,328,80,0,80,408
04/27/2023,APF,FL,ASO,ES,Federal Contract Tower,0,82,135,0,217,0,0,148,1,149,0,82,283,1,366,96,0,96,462
04/28/2023,APF,FL,ASO,ES,Federal Contract Tower,0,93,118,0,211,0,0,122,0,122,0,93,240,0,333,50,0,50,383
04/29/2023,APF,FL,ASO,ES,Federal Contract Tower,0,81,64,0,145,0,2,105,0,107,0,83,169,0,252,20,0,20,272
04/30/2023,APF,FL,ASO,ES,Federal Contract Tower,0,100,89,0,189,0,0,15,0,15,0,100,104,0,204,0,0,0,204
05/01/2023,APF,FL,ASO,ES,Federal Contract Tower,0,91,131,0,222,0,1,148,0,149,0,92,279,0,371,94,0,94,465
05/02/2023,APF,FL,ASO,ES,Federal Contract Tower,0,88,102,0,190,0,0,129,0,129,0,88,231,0,319,106,0,106,425
05/03/2023,APF,FL,ASO,ES,Federal Contract Tower,0,97,104,0,201,0,0,120,0,120,0,97,224,0,321,80,0,80,401
05/04/2023,APF,FL,ASO,ES,Federal Contract Tower,0,75,123,0,198,0,0,149,0,149,0,75,272,0,347,122,0,122,469
05/05/2023,APF,FL,ASO,ES,Federal Contract Tower,0,82,121,0,203,0,0,171,0,171,0,82,292,0,374,60,0,60,434
05/06/2023,APF,FL,ASO,ES,Federal Contract Tower,0,54,77,1,132,0,4,134,0,138,0,58,211,1,270,20,0,20,290
05/07/2023,APF,FL,ASO,ES,Federal Contract Tower,0,80,105,0,185,0,1,103,0,104,0,81,208,0,289,36,0,36,325
05/08/2023,APF,FL,ASO,ES,Federal Contract Tower,0,93,108,0,201,0,0,114,0,114,0,93,222,0,315,64,0,64,379
05/09/2023,APF,FL,ASO,ES,Federal Contract Tower,0,75,65,1,141,0,0,120,0,120,0,75,185,1,261,52,0,52,313
05/10/2023,APF,FL,ASO,ES,Federal Contract Tower,0,52,81,0,133,0,1,172,0,173,0,53,253,0,306,78,0,78,384
05/11/2023,APF,FL,ASO,ES,Federal Contract Tower,0,57,105,0,162,0,0,143,0,143,0,57,248,0,305,84,0,84,389
05/12/2023,APF,FL,ASO,ES,Federal Contract Tower,0,77,89,0,166,0,1,148,0,149,0,78,237,0,315,60,0,60,375
05/13/2023,APF,FL,ASO,ES,Federal Contract Tower,0,68,82,0,150,0,0,112,0,112,0,68,194,0,262,28,0,28,290
05/14/2023,APF,FL,ASO,ES,Federal Contract Tower,0,94,74,0,168,0,1,58,0,59,0,95,132,0,227,6,0,6,233
05/15/2023,APF,FL,ASO,ES,Federal Contract Tower,0,85,83,0,168,0,4,133,0,137,0,89,216,0,305,101,0,101,406
05/16/2023,APF,FL,ASO,ES,Federal Contract Tower,0,79,85,0,164,0,0,126,0,126,0,79,211,0,290,118,0,118,408
05/17/2023,APF,FL,ASO,ES,Federal Contract Tower,0,96,74,0,170,0,1,127,0,128,0,97,201,0,298,74,0,74,372
05/18/2023,APF,FL,ASO,ES,Federal Contract Tower,0,63,117,0,180,0,4,92,0,96,0,67,209,0,276,28,0,28,304
05/19/2023,APF,FL,ASO,ES,Federal Contract Tower,0,70,89,0,159,0,2,121,0,123,0,72,210,0,282,108,0,108,390
05/20/2023,APF,FL,ASO,ES,Federal Contract Tower,0,50,70,8,128,0,4,101,0,105,0,54,171,8,233,24,0,24,257
05/21/2023,APF,FL,ASO,ES,Federal Contract Tower,0,54,78,0,132,0,2,81,0,83,0,56,159,0,215,30,0,30,245
05/22/2023,APF,FL,ASO,ES,Federal Contract Tower,0,70,94,0,164,0,0,115,0,115,0,70,209,0,279,70,0,70,349
05/23/2023,APF,FL,ASO,ES,Federal Contract Tower,0,59,66,0,125,0,0,106,0,106,0,59,172,0,231,78,0,78,309
05/24/2023,APF,FL,ASO,ES,Federal Contract Tower,0,54,103,0,157,0,0,116,0,116,0,54,219,0,273,90,0,90,363
05/25/2023,APF,FL,ASO,ES,Federal Contract Tower,0,80,120,4,204,0,0,105,0,105,0,80,225,4,309,34,0,34,343
05/26/2023,APF,FL,ASO,ES,Federal Contract Tower,0,69,76,0,145,0,0,82,0,82,0,69,158,0,227,50,0,50,277
05/27/2023,APF,FL,ASO,ES,Federal Contract Tower,0,48,64,0,112,0,1,115,0,116,0,49,179,0,228,30,0,30,258
05/28/2023,APF,FL,ASO,ES,Federal Contract Tower,0,19,43,4,66,0,0,109,0,109,0,19,152,4,175,44,0,44,219
05/29/2023,APF,FL,ASO,ES,Federal Contract Tower,0,58,75,0,133,0,2,108,0,110,0,60,183,0,243,50,0,50,293
05/30/2023,APF,FL,ASO,ES,Federal Contract Tower,0,51,64,0,115,0,0,123,0,123,0,51,187,0,238,20,0,20,258
05/31/2023,APF,FL,ASO,ES,Federal Contract Tower,0,52,81,0,133,0,4,112,0,116,0,56,193,0,249,112,0,112,361
06/01/2023,APF,FL,ASO,ES,Federal Contract Tower,0,42,83,2,127,0,0,72,0,72,0,42,155,2,199,110,0,110,309
06/02/2023,APF,FL,ASO,ES,Federal Contract Tower,0,40,59,0,99,0,0,94,0,94,0,40,153,0,193,108,0,108,301
06/03/2023,APF,FL,ASO,ES,Federal Contract Tower,0,37,34,0,71,0,2,72,0,74,0,39,106,0,145,46,0,46,191
06/04/2023,APF,FL,ASO,ES,Federal Contract Tower,0,59,66,0,125,0,0,50,0,50,0,59,116,0,175,24,0,24,199
06/05/2023,APF,FL,ASO,ES,Federal Contract Tower,0,49,77,0,126,0,1,108,0,109,0,50,185,0,235,116,0,116,351
06/06/2023,APF,FL,ASO,ES,Federal Contract Tower,0,49,80,0,129,0,2,88,2,92,0,51,168,2,221,88,0,88,309
06/07/2023,APF,FL,ASO,ES,Federal Contract Tower,0,38,84,0,122,0,3,91,0,94,0,41,175,0,216,122,0,122,338
06/08/2023,APF,FL,ASO,ES,Federal Contract Tower,0,52,85,0,137,0,0,96,0,96,0,52,181,0,233,134,0,134,367
06/09/2023,APF,FL,ASO,ES,Federal Contract Tower,0,32,80,0,112,0,3,99,0,102,0,35,179,0,214,118,0,118,332
06/10/2023,APF,FL,ASO,ES,Federal Contract Tower,0,31,61,0,92,0,0,151,0,151,0,31,212,0,243,16,0,16,259
06/11/2023,APF,FL,ASO,ES,Federal Contract Tower,0,37,55,0,92,0,0,89,0,89,0,37,144,0,181,62,0,62,243
06/12/2023,APF,FL,ASO,ES,Federal Contract Tower,0,32,65,0,97,0,1,88,0,89,0,33,153,0,186,114,0,114,300
06/13/2023,APF,FL,ASO,ES,Federal Contract Tower,0,25,76,2,103,0,3,99,0,102,0,28,175,2,205,66,0,66,271
06/14/2023,APF,FL,ASO,ES,Federal Contract Tower,0,41,58,0,99,0,0,123,0,123,0,41,181,0,222,107,0,107,329
06/16/2023,APF,FL,ASO,ES,Federal Contract Tower,0,39,78,0,117,0,2,94,0,96,0,41,172,0,213,92,0,92,305
06/17/2023,APF,FL,ASO,ES,Federal Contract Tower,0,36,58,0,94,0,1,58,0,59,0,37,116,0,153,10,0,10,163
06/18/2023,APF,FL,ASO,ES,Federal Contract Tower,0,30,34,0,64,0,0,16,0,16,0,30,50,0,80,14,0,14,94
06/19/2023,APF,FL,ASO,ES,Federal Contract Tower,0,36,92,0,128,0,0,96,0,96,0,36,188,0,224,108,0,108,332
06/20/2023,APF,FL,ASO,ES,Federal Contract Tower,0,30,61,0,91,0,0,87,0,87,0,30,148,0,178,88,0,88,266
06/21/2023,APF,FL,ASO,ES,Federal Contract Tower,0,33,61,0,94,0,0,102,0,102,0,33,163,0,196,56,0,56,252
06/22/2023,APF,FL,ASO,ES,Federal Contract Tower,0,42,42,0,84,0,0,98,0,98,0,42,140,0,182,86,0,86,268
06/23/2023,APF,FL,ASO,ES,Federal Contract Tower,0,41,56,0,97,0,0,104,0,104,0,41,160,0,201,76,0,76,277
06/24/2023,APF,FL,ASO,ES,Federal Contract Tower,0,24,37,0,61,0,0,92,0,92,0,24,129,0,153,22,0,22,175
06/25/2023,APF,FL,ASO,ES,Federal Contract Tower,0,56,62,0,118,0,0,100,0,100,0,56,162,0,218,36,0,36,254
06/26/2023,APF,FL,ASO,ES,Federal Contract Tower,0,30,71,0,101,0,1,122,0,123,0,31,193,0,224,78,0,78,302
06/27/2023,APF,FL,ASO,ES,Federal Contract Tower,0,24,70,0,94,0,0,106,0,106,0,24,176,0,200,74,0,74,274
06/28/2023,APF,FL,ASO,ES,Federal Contract Tower,0,49,82,2,133,0,2,122,0,124,0,51,204,2,257,72,4,76,333
06/29/2023,APF,FL,ASO,ES,Federal Contract Tower,0,25,80,0,105,0,2,89,0,91,0,27,169,0,196,90,0,90,286
06/30/2023,APF,FL,ASO,ES,Federal Contract Tower,0,50,86,0,136,0,3,107,0,110,0,53,193,0,246,60,0,60,306
07/01/2023,APF,FL,ASO,ES,Federal Contract Tower,0,40,59,0,99,0,0,73,2,75,0,40,132,2,174,32,0,32,206
07/02/2023,APF,FL,ASO,ES,Federal Contract Tower,0,25,51,0,76,0,0,63,0,63,0,25,114,0,139,8,0,8,147
07/03/2023,APF,FL,ASO,ES,Federal Contract Tower,0,9,43,0,52,0,0,93,0,93,0,9,136,0,145,84,0,84,229
07/04/2023,APF,FL,ASO,ES,Federal Contract Tower,0,12,25,0,37,0,0,65,0,65,0,12,90,0,102,26,0,26,128
07/05/2023,APF,FL,ASO,ES,Federal Contract Tower,0,25,48,0,73,0,0,93,0,93,0,25,141,0,166,112,0,112,278
07/06/2023,APF,FL,ASO,ES,Federal Contract Tower,0,33,51,0,84,0,0,85,0,85,0,33,136,0,169,112,0,112,281
07/07/2023,APF,FL,ASO,ES,Federal Contract Tower,0,23,80,0,103,0,2,83,0,85,0,25,163,0,188,48,0,48,236
07/08/2023,APF,FL,ASO,ES,Federal Contract Tower,0,43,47,0,90,0,0,53,0,53,0,43,100,0,143,2,0,2,145
07/09/2023,APF,FL,ASO,ES,Federal Contract Tower,0,41,68,0,109,0,0,73,0,73,0,41,141,0,182,42,0,42,224
07/10/2023,APF,FL,ASO,ES,Federal Contract Tower,0,35,65,0,100,0,0,114,0,114,0,35,179,0,214,76,0,76,290
07/11/2023,APF,FL,ASO,ES,Federal Contract Tower,0,33,66,0,99,0,0,131,0,131,0,33,197,0,230,96,0,96,326
07/12/2023,APF,FL,ASO,ES,Federal Contract Tower,0,30,77,2,109,0,0,99,0,99,0,30,176,2,208,116,0,116,324
07/13/2023,APF,FL,ASO,ES,Federal Contract Tower,0,29,87,4,120,0,1,98,1,100,0,30,185,5,220,92,0,92,312
07/14/2023,APF,FL,ASO,ES,Federal Contract Tower,0,25,55,0,80,0,2,91,0,93,0,27,146,0,173,66,0,66,239
07/15/2023,APF,FL,ASO,ES,Federal Contract Tower,0,36,33,0,69,0,0,117,0,117,0,36,150,0,186,22,0,22,208
07/16/2023,APF,FL,ASO,ES,Federal Contract Tower,0,31,57,4,92,0,0,130,0,130,0,31,187,4,222,44,0,44,266
07/17/2023,APF,FL,ASO,ES,Federal Contract Tower,0,18,77,0,95,0,0,115,0,115,0,18,192,0,210,76,0,76,286
07/18/2023,APF,FL,ASO,ES,Federal Contract Tower,0,19,56,6,81,0,0,88,0,88,0,19,144,6,169,140,0,140,309
07/19/2023,APF,FL,ASO,ES,Federal Contract Tower,0,24,75,2,101,0,0,92,0,92,0,24,167,2,193,60,0,60,253
07/20/2023,APF,FL,ASO,ES,Federal Contract Tower,0,22,73,0,95,0,0,137,0,137,0,22,210,0,232,82,0,82,314
07/21/2023,APF,FL,ASO,ES,Federal Contract Tower,0,40,63,0,103,0,0,88,0,88,0,40,151,0,191,78,0,78,269
07/22/2023,APF,FL,ASO,ES,Federal Contract Tower,0,28,58,0,86,0,0,102,0,102,0,28,160,0,188,40,0,40,228
07/23/2023,APF,FL,ASO,ES,Federal Contract Tower,0,22,72,0,94,0,0,89,0,89,0,22,161,0,183,54,0,54,237
07/24/2023,APF,FL,ASO,ES,Federal Contract Tower,0,26,56,4,86,0,0,128,0,128,0,26,184,4,214,136,0,136,350
07/25/2023,APF,FL,ASO,ES,Federal Contract Tower,0,18,52,0,70,0,1,123,0,124,0,19,175,0,194,74,0,74,268
07/26/2023,APF,FL,ASO,ES,Federal Contract Tower,0,25,53,0,78,0,0,90,0,90,0,25,143,0,168,108,0,108,276
07/27/2023,APF,FL,ASO,ES,Federal Contract Tower,0,28,69,0,97,0,0,98,0,98,0,28,167,0,195,56,0,56,251
07/28/2023,APF,FL,ASO,ES,Federal Contract Tower,0,40,61,0,101,0,0,51,2,53,0,40,112,2,154,30,0,30,184
07/29/2023,APF,FL,ASO,ES,Federal Contract Tower,0,34,44,4,82,0,0,101,0,101,0,34,145,4,183,42,0,42,225
07/30/2023,APF,FL,ASO,ES,Federal Contract Tower,0,43,67,3,113,0,0,101,0,101,0,43,168,3,214,28,0,28,242
07/31/2023,APF,FL,ASO,ES,Federal Contract Tower,0,21,50,0,71,0,0,83,0,83,0,21,133,0,154,66,0,66,220
08/01/2023,APF,FL,ASO,ES,Federal Contract Tower,0,27,23,0,50,0,0,97,0,97,0,27,120,0,147,40,0,40,187
08/02/2023,APF,FL,ASO,ES,Federal Contract Tower,0,31,63,0,94,0,0,118,0,118,0,31,181,0,212,110,0,110,322
08/03/2023,APF,FL,ASO,ES,Federal Contract Tower,0,33,66,0,99,0,0,91,0,91,0,33,157,0,190,66,0,66,256
08/04/2023,APF,FL,ASO,ES,Federal Contract Tower,0,31,56,0,87,0,0,122,0,122,0,31,178,0,209,52,0,52,261
08/05/2023,APF,FL,ASO,ES,Federal Contract Tower,0,35,52,0,87,0,0,89,0,89,0,35,141,0,176,30,0,30,206
08/06/2023,APF,FL,ASO,ES,Federal Contract Tower,0,55,59,5,119,0,0,91,0,91,0,55,150,5,210,36,0,36,246
08/07/2023,APF,FL,ASO,ES,Federal Contract Tower,0,30,51,0,81,0,1,107,0,108,0,31,158,0,189,60,0,60,249
08/08/2023,APF,FL,ASO,ES,Federal Contract Tower,0,31,53,0,84,0,0,92,0,92,0,31,145,0,176,54,0,54,230
08/09/2023,APF,FL,ASO,ES,Federal Contract Tower,0,35,70,2,107,0,1,83,0,84,0,36,153,2,191,84,0,84,275
08/10/2023,APF,FL,ASO,ES,Federal Contract Tower,0,31,56,0,87,0,0,44,0,44,0,31,100,0,131,52,0,52,183
08/11/2023,APF,FL,ASO,ES,Federal Contract Tower,0,44,55,0,99,0,1,101,0,102,0,45,156,0,201,78,0,78,279
08/12/2023,APF,FL,ASO,ES,Federal Contract Tower,0,29,43,0,72,0,0,80,0,80,0,29,123,0,152,38,0,38,190
08/13/2023,APF,FL,ASO,ES,Federal Contract Tower,0,39,42,0,81,0,0,53,0,53,0,39,95,0,134,22,0,22,156
08/14/2023,APF,FL,ASO,ES,Federal Contract Tower,0,37,95,0,132,0,0,103,0,103,0,37,198,0,235,86,0,86,321
08/15/2023,APF,FL,ASO,ES,Federal Contract Tower,0,21,41,0,62,0,0,93,0,93,0,21,134,0,155,68,0,68,223
08/16/2023,APF,FL,ASO,ES,Federal Contract Tower,0,33,46,0,79,0,0,77,0,77,0,33,123,0,156,64,0,64,220
08/17/2023,APF,FL,ASO,ES,Federal Contract Tower,0,45,63,0,108,0,0,85,0,85,0,45,148,0,193,50,0,50,243
08/18/2023,APF,FL,ASO,ES,Federal Contract Tower,0,27,42,1,70,0,0,76,0,76,0,27,118,1,146,42,0,42,188
08/19/2023,APF,FL,ASO,ES,Federal Contract Tower,0,23,50,4,77,0,0,89,0,89,0,23,139,4,166,36,0,36,202
08/20/2023,APF,FL,ASO,ES,Federal Contract Tower,0,29,51,0,80,0,0,62,0,62,0,29,113,0,142,20,0,20,162
08/21/2023,APF,FL,ASO,ES,Federal Contract Tower,0,35,57,12,104,0,0,84,0,84,0,35,141,12,188,10,0,10,198
08/22/2023,APF,FL,ASO,ES,Federal Contract Tower,0,34,53,0,87,0,0,107,0,107,0,34,160,0,194,40,0,40,234
08/23/2023,APF,FL,ASO,ES,Federal Contract Tower,0,44,44,6,94,0,0,113,0,113,0,44,157,6,207,80,0,80,287
08/24/2023,APF,FL,ASO,ES,Federal Contract Tower,0,25,58,0,83,0,0,94,0,94,0,25,152,0,177,86,0,86,263
08/25/2023,APF,FL,ASO,ES,Federal Contract Tower,0,32,71,0,103,0,0,108,0,108,0,32,179,0,211,82,0,82,293
08/26/2023,APF,FL,ASO,ES,Federal Contract Tower,0,19,44,0,63,0,0,116,0,116,0,19,160,0,179,66,0,66,245
08/27/2023,APF,FL,ASO,ES,Federal Contract Tower,0,24,39,0,63,0,0,0,0,0,0,24,39,0,63,24,0,24,87
08/28/2023,APF,FL,ASO,ES,Federal Contract Tower,0,34,73,0,107,0,0,48,0,48,0,34,121,0,155,28,0,28,183
08/29/2023,APF,FL,ASO,ES,Federal Contract Tower,0,11,16,0,27,0,0,11,1,12,0,11,27,1,39,0,0,0,39
08/30/2023,APF,FL,ASO,ES,Federal Contract Tower,0,7,21,0,28,0,0,4,0,4,0,7,25,0,32,0,0,0,32
08/31/2023,APF,FL,ASO,ES,Federal Contract Tower,0,32,78,0,110,0,0,51,0,51,0,32,129,0,161,46,0,46,207
01/01/2020,APF,FL,ASO,ES,Federal Contract Tower,0,74,100,0,174,0,1,96,0,97,0,75,196,0,271,18,0,18,289
01/02/2020,APF,FL,ASO,ES,Federal Contract Tower,0,86,132,0,218,0,1,132,0,133,0,87,264,0,351,42,0,42,393
01/03/2020,APF,FL,ASO,ES,Federal Contract Tower,0,77,127,1,205,0,2,119,0,121,0,79,246,1,326,9,0,9,335
01/04/2020,APF,FL,ASO,ES,Federal Contract Tower,0,73,159,0,232,0,0,41,0,41,0,73,200,0,273,0,0,0,273
01/05/2020,APF,FL,ASO,ES,Federal Contract Tower,0,90,155,0,245,0,1,136,0,137,0,91,291,0,382,6,0,6,388
01/06/2020,APF,FL,ASO,ES,Federal Contract Tower,0,63,112,0,175,0,0,172,0,172,0,63,284,0,347,24,0,24,371
01/07/2020,APF,FL,ASO,ES,Federal Contract Tower,0,44,66,0,110,0,0,163,0,163,0,44,229,0,273,141,0,141,414
01/08/2020,APF,FL,ASO,ES,Federal Contract Tower,0,37,117,0,154,0,0,128,0,128,0,37,245,0,282,102,0,102,384
01/09/2020,APF,FL,ASO,ES,Federal Contract Tower,0,32,95,0,127,0,1,128,0,129,0,33,223,0,256,88,0,88,344
01/10/2020,APF,FL,ASO,ES,Federal Contract Tower,0,41,119,4,164,0,2,99,1,102,0,43,218,5,266,48,0,48,314
01/11/2020,APF,FL,ASO,ES,Federal Contract Tower,0,49,79,0,128,0,1,79,0,80,0,50,158,0,208,38,0,38,246
01/12/2020,APF,FL,ASO,ES,Federal Contract Tower,0,55,109,0,164,0,0,104,0,104,0,55,213,0,268,75,0,75,343
01/13/2020,APF,FL,ASO,ES,Federal Contract Tower,0,39,71,1,111,0,0,104,0,104,0,39,175,1,215,154,0,154,369
01/14/2020,APF,FL,ASO,ES,Federal Contract Tower,0,36,101,2,139,0,0,133,0,133,0,36,234,2,272,161,0,161,433
01/15/2020,APF,FL,ASO,ES,Federal Contract Tower,0,51,129,0,180,0,0,204,0,204,0,51,333,0,384,126,0,126,510
01/16/2020,APF,FL,ASO,ES,Federal Contract Tower,0,51,143,0,194,0,8,245,0,253,0,59,388,0,447,148,0,148,595
01/18/2020,APF,FL,ASO,ES,Federal Contract Tower,0,39,94,0,133,0,5,232,0,237,0,44,326,0,370,94,0,94,464
01/19/2020,APF,FL,ASO,ES,Federal Contract Tower,0,79,106,0,185,0,0,123,0,123,0,79,229,0,308,19,0,19,327
01/20/2020,APF,FL,ASO,ES,Federal Contract Tower,0,83,137,0,220,0,3,105,0,108,0,86,242,0,328,84,0,84,412
01/21/2020,APF,FL,ASO,ES,Federal Contract Tower,0,57,115,0,172,0,0,116,0,116,0,57,231,0,288,34,0,34,322
01/22/2020,APF,FL,ASO,ES,Federal Contract Tower,0,37,99,0,136,0,0,112,0,112,0,37,211,0,248,70,0,70,318
01/23/2020,APF,FL,ASO,ES,Federal Contract Tower,0,54,131,0,185,0,0,139,0,139,0,54,270,0,324,96,0,96,420
01/24/2020,APF,FL,ASO,ES,Federal Contract Tower,0,58,134,0,192,0,2,142,0,144,0,60,276,0,336,106,0,106,442
01/25/2020,APF,FL,ASO,ES,Federal Contract Tower,0,41,137,0,178,0,0,148,0,148,0,41,285,0,326,46,0,46,372
01/26/2020,APF,FL,ASO,ES,Federal Contract Tower,0,66,145,0,211,0,0,136,0,136,0,66,281,0,347,20,0,20,367
01/27/2020,APF,FL,ASO,ES,Federal Contract Tower,0,48,89,1,138,0,0,118,1,119,0,48,207,2,257,192,0,192,449
01/28/2020,APF,FL,ASO,ES,Federal Contract Tower,0,50,116,0,166,0,0,135,0,135,0,50,251,0,301,92,0,92,393
01/29/2020,APF,FL,ASO,ES,Federal Contract Tower,0,55,114,0,169,0,0,170,0,170,0,55,284,0,339,128,0,128,467
01/30/2020,APF,FL,ASO,ES,Federal Contract Tower,0,56,133,0,189,0,5,183,0,188,0,61,316,0,377,92,0,92,469
01/31/2020,APF,FL,ASO,ES,Federal Contract Tower,0,52,156,0,208,0,1,116,0,117,0,53,272,0,325,64,0,64,389
02/01/2020,APF,FL,ASO,ES,Federal Contract Tower,0,39,82,0,121,0,0,22,0,22,0,39,104,0,143,39,0,39,182
02/02/2020,APF,FL,ASO,ES,Federal Contract Tower,0,56,110,0,166,0,1,125,0,126,0,57,235,0,292,10,0,10,302
02/03/2020,APF,FL,ASO,ES,Federal Contract Tower,0,70,175,0,245,0,2,172,0,174,0,72,347,0,419,74,0,74,493
02/04/2020,APF,FL,ASO,ES,Federal Contract Tower,0,60,113,0,173,0,0,152,0,152,0,60,265,0,325,99,0,99,424
02/05/2020,APF,FL,ASO,ES,Federal Contract Tower,0,51,120,0,171,0,3,134,0,137,0,54,254,0,308,68,0,68,376
02/06/2020,APF,FL,ASO,ES,Federal Contract Tower,0,60,112,0,172,0,0,48,0,48,0,60,160,0,220,23,0,23,243
02/07/2020,APF,FL,ASO,ES,Federal Contract Tower,0,53,155,0,208,0,1,102,0,103,0,54,257,0,311,30,0,30,341
02/08/2020,APF,FL,ASO,ES,Federal Contract Tower,0,63,108,0,171,0,0,176,0,176,0,63,284,0,347,27,0,27,374
02/09/2020,APF,FL,ASO,ES,Federal Contract Tower,0,67,132,0,199,0,1,111,0,112,0,68,243,0,311,16,0,16,327
02/10/2020,APF,FL,ASO,ES,Federal Contract Tower,0,45,106,0,151,0,1,125,0,126,0,46,231,0,277,64,0,64,341
02/11/2020,APF,FL,ASO,ES,Federal Contract Tower,0,47,135,2,184,0,0,150,0,150,0,47,285,2,334,120,0,120,454
02/12/2020,APF,FL,ASO,ES,Federal Contract Tower,0,66,151,0,217,0,0,130,0,130,0,66,281,0,347,32,0,32,379
02/13/2020,APF,FL,ASO,ES,Federal Contract Tower,0,75,176,0,251,0,0,118,0,118,0,75,294,0,369,20,0,20,389
02/14/2020,APF,FL,ASO,ES,Federal Contract Tower,0,77,166,0,243,0,0,84,0,84,0,77,250,0,327,28,0,28,355
02/15/2020,APF,FL,ASO,ES,Federal Contract Tower,0,63,138,0,201,0,0,0,0,0,0,63,138,0,201,48,0,48,249
02/16/2020,APF,FL,ASO,ES,Federal Contract Tower,0,75,120,0,195,0,0,94,0,94,0,75,214,0,289,8,0,8,297
02/17/2020,APF,FL,ASO,ES,Federal Contract Tower,0,95,174,0,269,0,0,152,0,152,0,95,326,0,421,64,0,64,485
02/18/2020,APF,FL,ASO,ES,Federal Contract Tower,0,83,150,4,237,0,0,185,0,185,0,83,335,4,422,98,0,98,520
02/19/2020,APF,FL,ASO,ES,Federal Contract Tower,0,70,157,0,227,0,0,137,0,137,0,70,294,0,364,101,0,101,465
02/20/2020,APF,FL,ASO,ES,Federal Contract Tower,0,57,191,0,248,0,0,184,0,184,0,57,375,0,432,68,0,68,500
02/21/2020,APF,FL,ASO,ES,Federal Contract Tower,0,64,167,1,232,0,0,41,0,41,0,64,208,1,273,28,0,28,301
02/22/2020,APF,FL,ASO,ES,Federal Contract Tower,0,62,149,0,211,0,0,170,0,170,0,62,319,0,381,44,0,44,425
02/23/2020,APF,FL,ASO,ES,Federal Contract Tower,0,61,151,0,212,0,0,157,0,157,0,61,308,0,369,8,0,8,377
02/24/2020,APF,FL,ASO,ES,Federal Contract Tower,0,48,129,0,177,0,0,146,0,146,0,48,275,0,323,76,0,76,399
02/25/2020,APF,FL,ASO,ES,Federal Contract Tower,0,44,125,0,169,0,0,156,0,156,0,44,281,0,325,92,0,92,417
02/26/2020,APF,FL,ASO,ES,Federal Contract Tower,0,54,124,0,178,0,0,63,2,65,0,54,187,2,243,44,0,44,287
02/27/2020,APF,FL,ASO,ES,Federal Contract Tower,0,62,181,0,243,0,0,113,0,113,0,62,294,0,356,52,0,52,408
02/28/2020,APF,FL,ASO,ES,Federal Contract Tower,0,57,130,0,187,0,0,167,0,167,0,57,297,0,354,52,0,52,406
02/29/2020,APF,FL,ASO,ES,Federal Contract Tower,0,39,110,0,149,0,0,135,0,135,0,39,245,0,284,48,0,48,332
03/01/2020,APF,FL,ASO,ES,Federal Contract Tower,0,70,162,0,232,0,4,165,0,169,0,74,327,0,401,51,0,51,452
03/02/2020,APF,FL,ASO,ES,Federal Contract Tower,0,39,100,8,147,0,1,106,2,109,0,40,206,10,256,168,0,168,424
03/03/2020,APF,FL,ASO,ES,Federal Contract Tower,0,50,109,0,159,0,1,124,2,127,0,51,233,2,286,162,0,162,448
03/04/2020,APF,FL,ASO,ES,Federal Contract Tower,0,38,123,0,161,0,0,120,2,122,0,38,243,2,283,78,0,78,361
03/05/2020,APF,FL,ASO,ES,Federal Contract Tower,0,53,114,0,167,0,0,84,0,84,0,53,198,0,251,74,0,74,325
03/07/2020,APF,FL,ASO,ES,Federal Contract Tower,0,52,113,0,165,0,0,132,0,132,0,52,245,0,297,56,0,56,353
03/08/2020,APF,FL,ASO,ES,Federal Contract Tower,0,88,150,7,245,0,3,79,0,82,0,91,229,7,327,16,0,16,343
03/09/2020,APF,FL,ASO,ES,Federal Contract Tower,0,58,112,0,170,0,5,90,0,95,0,63,202,0,265,56,0,56,321
03/10/2020,APF,FL,ASO,ES,Federal Contract Tower,0,52,114,0,166,0,0,147,1,148,0,52,261,1,314,102,0,102,416
03/11/2020,APF,FL,ASO,ES,Federal Contract Tower,0,62,117,0,179,0,0,158,2,160,0,62,275,2,339,152,0,152,491
03/12/2020,APF,FL,ASO,ES,Federal Contract Tower,0,66,149,0,215,0,1,178,0,179,0,67,327,0,394,76,0,76,470
03/13/2020,APF,FL,ASO,ES,Federal Contract Tower,0,81,172,0,253,0,0,221,0,221,0,81,393,0,474,30,0,30,504
03/14/2020,APF,FL,ASO,ES,Federal Contract Tower,0,101,124,0,225,0,0,141,0,141,0,101,265,0,366,74,0,74,440
03/15/2020,APF,FL,ASO,ES,Federal Contract Tower,0,95,143,0,238,0,0,107,0,107,0,95,250,0,345,26,0,26,371
03/16/2020,APF,FL,ASO,ES,Federal Contract Tower,0,97,135,0,232,0,2,122,0,124,0,99,257,0,356,100,0,100,456
03/17/2020,APF,FL,ASO,ES,Federal Contract Tower,0,96,137,0,233,0,0,135,2,137,0,96,272,2,370,73,0,73,443
03/18/2020,APF,FL,ASO,ES,Federal Contract Tower,0,61,143,0,204,0,0,124,0,124,0,61,267,0,328,92,0,92,420
03/19/2020,APF,FL,ASO,ES,Federal Contract Tower,0,66,118,0,184,0,0,110,0,110,0,66,228,0,294,54,0,54,348
03/20/2020,APF,FL,ASO,ES,Federal Contract Tower,0,76,130,0,206,0,0,100,0,100,0,76,230,0,306,86,0,86,392
03/21/2020,APF,FL,ASO,ES,Federal Contract Tower,0,76,119,0,195,0,0,82,0,82,0,76,201,0,277,78,0,78,355
03/22/2020,APF,FL,ASO,ES,Federal Contract Tower,0,46,67,0,113,0,0,55,0,55,0,46,122,0,168,6,0,6,174
03/23/2020,APF,FL,ASO,ES,Federal Contract Tower,0,37,87,2,126,0,0,98,0,98,0,37,185,2,224,98,0,98,322
03/24/2020,APF,FL,ASO,ES,Federal Contract Tower,0,29,71,0,100,0,0,98,0,98,0,29,169,0,198,89,0,89,287
03/25/2020,APF,FL,ASO,ES,Federal Contract Tower,0,31,77,0,108,0,0,77,0,77,0,31,154,0,185,192,0,192,377
03/26/2020,APF,FL,ASO,ES,Federal Contract Tower,0,24,109,0,133,0,0,93,0,93,0,24,202,0,226,66,0,66,292
03/27/2020,APF,FL,ASO,ES,Federal Contract Tower,0,31,65,0,96,0,0,103,0,103,0,31,168,0,199,36,0,36,235
03/28/2020,APF,FL,ASO,ES,Federal Contract Tower,0,34,55,0,89,0,0,121,0,121,0,34,176,0,210,30,0,30,240
03/29/2020,APF,FL,ASO,ES,Federal Contract Tower,0,25,42,0,67,0,0,71,0,71,0,25,113,0,138,36,0,36,174
03/30/2020,APF,FL,ASO,ES,Federal Contract Tower,0,31,62,0,93,0,0,80,0,80,0,31,142,0,173,34,0,34,207
03/31/2020,APF,FL,ASO,ES,Federal Contract Tower,0,44,51,0,95,0,0,82,0,82,0,44,133,0,177,53,0,53,230
04/01/2020,APF,FL,ASO,ES,Federal Contract Tower,0,27,36,0,63,0,2,62,0,64,0,29,98,0,127,90,0,90,217
04/02/2020,APF,FL,ASO,ES,Federal Contract Tower,0,33,45,0,78,0,0,117,0,117,0,33,162,0,195,66,0,66,261
04/03/2020,APF,FL,ASO,ES,Federal Contract Tower,0,25,50,0,75,0,2,75,0,77,0,27,125,0,152,70,0,70,222
04/04/2020,APF,FL,ASO,ES,Federal Contract Tower,0,35,36,0,71,0,0,89,0,89,0,35,125,0,160,44,0,44,204
04/05/2020,APF,FL,ASO,ES,Federal Contract Tower,0,29,38,0,67,0,0,42,0,42,0,29,80,0,109,44,0,44,153
04/06/2020,APF,FL,ASO,ES,Federal Contract Tower,0,26,39,0,65,0,0,21,0,21,0,26,60,0,86,38,0,38,124
04/08/2020,APF,FL,ASO,ES,Federal Contract Tower,0,30,61,0,91,0,0,81,0,81,0,30,142,0,172,70,0,70,242
04/09/2020,APF,FL,ASO,ES,Federal Contract Tower,0,20,56,0,76,0,1,63,0,64,0,21,119,0,140,2,0,2,142
04/10/2020,APF,FL,ASO,ES,Federal Contract Tower,0,26,47,0,73,0,0,24,0,24,0,26,71,0,97,18,0,18,115
04/11/2020,APF,FL,ASO,ES,Federal Contract Tower,0,20,53,0,73,0,2,56,0,58,0,22,109,0,131,84,0,84,215
04/12/2020,APF,FL,ASO,ES,Federal Contract Tower,0,11,16,0,27,0,0,14,0,14,0,11,30,0,41,8,0,8,49
04/13/2020,APF,FL,ASO,ES,Federal Contract Tower,0,13,44,0,57,0,1,36,0,37,0,14,80,0,94,68,0,68,162
04/14/2020,APF,FL,ASO,ES,Federal Contract Tower,0,24,59,0,83,0,0,90,0,90,0,24,149,0,173,34,0,34,207
04/15/2020,APF,FL,ASO,ES,Federal Contract Tower,0,20,71,0,91,0,0,60,0,60,0,20,131,0,151,28,0,28,179
04/16/2020,APF,FL,ASO,ES,Federal Contract Tower,0,30,49,0,79,0,0,32,0,32,0,30,81,0,111,38,0,38,149
04/17/2020,APF,FL,ASO,ES,Federal Contract Tower,0,23,43,0,66,0,1,53,0,54,0,24,96,0,120,38,0,38,158
04/18/2020,APF,FL,ASO,ES,Federal Contract Tower,0,22,33,0,55,0,0,69,0,69,0,22,102,0,124,6,0,6,130
04/19/2020,APF,FL,ASO,ES,Federal Contract Tower,0,17,48,0,65,0,0,105,0,105,0,17,153,0,170,33,0,33,203
04/20/2020,APF,FL,ASO,ES,Federal Contract Tower,0,18,32,0,50,0,0,22,0,22,0,18,54,0,72,22,0,22,94
04/21/2020,APF,FL,ASO,ES,Federal Contract Tower,0,12,48,0,60,0,4,65,0,69,0,16,113,0,129,48,0,48,177
04/22/2020,APF,FL,ASO,ES,Federal Contract Tower,0,25,66,0,91,0,1,104,0,105,0,26,170,0,196,98,0,98,294
04/23/2020,APF,FL,ASO,ES,Federal Contract Tower,0,29,54,0,83,0,0,68,0,68,0,29,122,0,151,58,0,58,209
04/24/2020,APF,FL,ASO,ES,Federal Contract Tower,0,29,30,0,59,0,0,40,0,40,0,29,70,0,99,22,0,22,121
04/25/2020,APF,FL,ASO,ES,Federal Contract Tower,0,26,29,0,55,0,0,19,0,19,0,26,48,0,74,42,0,42,116
04/26/2020,APF,FL,ASO,ES,Federal Contract Tower,0,37,15,0,52,0,0,8,0,8,0,37,23,0,60,0,0,0,60
04/27/2020,APF,FL,ASO,ES,Federal Contract Tower,0,29,52,0,81,0,1,127,0,128,0,30,179,0,209,52,14,66,275
04/28/2020,APF,FL,ASO,ES,Federal Contract Tower,0,27,59,0,86,0,1,111,0,112,0,28,170,0,198,74,0,74,272
04/29/2020,APF,FL,ASO,ES,Federal Contract Tower,0,38,58,0,96,0,0,116,0,116,0,38,174,0,212,48,0,48,260
04/30/2020,APF,FL,ASO,ES,Federal Contract Tower,0,33,41,0,74,0,0,5,0,5,0,33,46,0,79,0,0,0,79
05/01/2020,APF,FL,ASO,ES,Federal Contract Tower,0,56,51,0,107,0,0,117,0,117,0,56,168,0,224,38,0,38,262
05/02/2020,APF,FL,ASO,ES,Federal Contract Tower,0,31,62,0,93,0,0,97,0,97,0,31,159,0,190,54,0,54,244
05/03/2020,APF,FL,ASO,ES,Federal Contract Tower,0,25,43,0,68,0,1,87,0,88,0,26,130,0,156,84,0,84,240
05/04/2020,APF,FL,ASO,ES,Federal Contract Tower,0,31,58,0,89,0,0,90,0,90,0,31,148,0,179,53,0,53,232
05/05/2020,APF,FL,ASO,ES,Federal Contract Tower,0,26,77,0,103,0,2,118,1,121,0,28,195,1,224,44,0,44,268
05/06/2020,APF,FL,ASO,ES,Federal Contract Tower,0,39,72,0,111,0,1,100,0,101,0,40,172,0,212,20,0,20,232
05/07/2020,APF,FL,ASO,ES,Federal Contract Tower,0,46,57,0,103,0,0,72,0,72,0,46,129,0,175,56,0,56,231
05/08/2020,APF,FL,ASO,ES,Federal Contract Tower,0,44,79,0,123,0,0,101,0,101,0,44,180,0,224,46,0,46,270
05/09/2020,APF,FL,ASO,ES,Federal Contract Tower,0,50,66,0,116,0,0,119,0,119,0,50,185,0,235,32,0,32,267
05/10/2020,APF,FL,ASO,ES,Federal Contract Tower,0,33,38,0,71,0,0,6,0,6,0,33,44,0,77,0,0,0,77
05/11/2020,APF,FL,ASO,ES,Federal Contract Tower,0,42,62,0,104,0,1,70,0,71,0,43,132,0,175,28,0,28,203
05/12/2020,APF,FL,ASO,ES,Federal Contract Tower,0,42,74,0,116,0,2,103,0,105,0,44,177,0,221,64,0,64,285
05/13/2020,APF,FL,ASO,ES,Federal Contract Tower,0,43,68,0,111,0,0,62,0,62,0,43,130,0,173,42,0,42,215
05/14/2020,APF,FL,ASO,ES,Federal Contract Tower,0,58,70,0,128,0,0,49,0,49,0,58,119,0,177,12,0,12,189
05/15/2020,APF,FL,ASO,ES,Federal Contract Tower,0,62,67,0,129,0,0,26,0,26,0,62,93,0,155,24,0,24,179
05/16/2020,APF,FL,ASO,ES,Federal Contract Tower,0,50,59,0,109,0,0,57,0,57,0,50,116,0,166,46,0,46,212
05/17/2020,APF,FL,ASO,ES,Federal Contract Tower,0,61,94,0,155,0,0,98,0,98,0,61,192,0,253,28,0,28,281
05/18/2020,APF,FL,ASO,ES,Federal Contract Tower,0,64,69,0,133,0,2,45,0,47,0,66,114,0,180,42,0,42,222
05/19/2020,APF,FL,ASO,ES,Federal Contract Tower,0,47,62,0,109,0,0,50,0,50,0,47,112,0,159,64,0,64,223
05/20/2020,APF,FL,ASO,ES,Federal Contract Tower,0,66,102,0,168,0,1,130,0,131,0,67,232,0,299,40,0,40,339
05/21/2020,APF,FL,ASO,ES,Federal Contract Tower,0,71,87,0,158,0,0,118,0,118,0,71,205,0,276,54,0,54,330
05/22/2020,APF,FL,ASO,ES,Federal Contract Tower,0,47,86,0,133,0,0,86,0,86,0,47,172,0,219,10,0,10,229
05/23/2020,APF,FL,ASO,ES,Federal Contract Tower,0,50,60,0,110,0,0,66,0,66,0,50,126,0,176,0,0,0,176
05/24/2020,APF,FL,ASO,ES,Federal Contract Tower,0,32,38,0,70,0,0,5,0,5,0,32,43,0,75,0,0,0,75
05/25/2020,APF,FL,ASO,ES,Federal Contract Tower,0,40,66,0,106,0,0,26,0,26,0,40,92,0,132,44,0,44,176
05/26/2020,APF,FL,ASO,ES,Federal Contract Tower,0,60,91,2,153,0,1,78,0,79,0,61,169,2,232,39,0,39,271
05/27/2020,APF,FL,ASO,ES,Federal Contract Tower,0,62,77,0,139,0,0,78,0,78,0,62,155,0,217,54,0,54,271
05/28/2020,APF,FL,ASO,ES,Federal Contract Tower,0,57,70,0,127,0,0,93,0,93,0,57,163,0,220,34,0,34,254
05/29/2020,APF,FL,ASO,ES,Federal Contract Tower,0,52,100,2,154,0,0,103,0,103,0,52,203,2,257,6,0,6,263
05/30/2020,APF,FL,ASO,ES,Federal Contract Tower,0,54,80,0,134,0,0,114,0,114,0,54,194,0,248,32,0,32,280
05/31/2020,APF,FL,ASO,ES,Federal Contract Tower,0,69,94,0,163,0,0,107,0,107,0,69,201,0,270,22,0,22,292
06/01/2020,APF,FL,ASO,ES,Federal Contract Tower,0,60,97,0,157,0,0,99,0,99,0,60,196,0,256,38,0,38,294
06/02/2020,APF,FL,ASO,ES,Federal Contract Tower,0,45,54,0,99,0,0,82,2,84,0,45,136,2,183,32,0,32,215
06/03/2020,APF,FL,ASO,ES,Federal Contract Tower,0,55,54,0,109,0,0,64,0,64,0,55,118,0,173,52,0,52,225
06/04/2020,APF,FL,ASO,ES,Federal Contract Tower,0,54,65,0,119,0,0,82,0,82,0,54,147,0,201,30,0,30,231
06/05/2020,APF,FL,ASO,ES,Federal Contract Tower,0,43,59,0,102,0,0,78,0,78,0,43,137,0,180,50,0,50,230
06/06/2020,APF,FL,ASO,ES,Federal Contract Tower,0,37,71,0,108,0,0,31,0,31,0,37,102,0,139,0,0,0,139
06/07/2020,APF,FL,ASO,ES,Federal Contract Tower,0,41,48,0,89,0,44,0,0,44,0,85,48,0,133,8,0,8,141
06/08/2020,APF,FL,ASO,ES,Federal Contract Tower,0,32,92,0,124,0,0,91,8,99,0,32,183,8,223,70,0,70,293
06/09/2020,APF,FL,ASO,ES,Federal Contract Tower,0,59,84,0,143,0,0,106,0,106,0,59,190,0,249,30,0,30,279
06/10/2020,APF,FL,ASO,ES,Federal Contract Tower,0,54,68,0,122,0,2,116,0,118,0,56,184,0,240,74,0,74,314
06/11/2020,APF,FL,ASO,ES,Federal Contract Tower,0,42,70,0,112,0,2,100,0,102,0,44,170,0,214,56,0,56,270
06/12/2020,APF,FL,ASO,ES,Federal Contract Tower,0,57,112,0,169,0,0,126,0,126,0,57,238,0,295,18,0,18,313
06/13/2020,APF,FL,ASO,ES,Federal Contract Tower,0,42,60,0,102,0,2,67,0,69,0,44,127,0,171,4,0,4,175
06/14/2020,APF,FL,ASO,ES,Federal Contract Tower,0,38,78,0,116,0,0,40,0,40,0,38,118,0,156,44,0,44,200
06/15/2020,APF,FL,ASO,ES,Federal Contract Tower,0,28,72,0,100,0,3,74,0,77,0,31,146,0,177,37,0,37,214
06/17/2020,APF,FL,ASO,ES,Federal Contract Tower,0,32,55,0,87,0,0,98,0,98,0,32,153,0,185,36,0,36,221
06/18/2020,APF,FL,ASO,ES,Federal Contract Tower,0,33,79,0,112,0,1,43,0,44,0,34,122,0,156,38,0,38,194
06/19/2020,APF,FL,ASO,ES,Federal Contract Tower,0,52,76,0,128,0,0,86,0,86,0,52,162,0,214,68,0,68,282
06/20/2020,APF,FL,ASO,ES,Federal Contract Tower,0,46,63,0,109,0,2,82,0,84,0,48,145,0,193,16,0,16,209
06/21/2020,APF,FL,ASO,ES,Federal Contract Tower,0,30,45,0,75,0,0,50,0,50,0,30,95,0,125,2,0,2,127
06/22/2020,APF,FL,ASO,ES,Federal Contract Tower,0,37,84,0,121,0,0,100,0,100,0,37,184,0,221,36,0,36,257
06/23/2020,APF,FL,ASO,ES,Federal Contract Tower,0,43,60,0,103,0,3,107,0,110,0,46,167,0,213,70,0,70,283
06/24/2020,APF,FL,ASO,ES,Federal Contract Tower,0,57,96,0,153,0,0,129,0,129,0,57,225,0,282,30,0,30,312
06/25/2020,APF,FL,ASO,ES,Federal Contract Tower,0,48,83,7,138,0,2,81,0,83,0,50,164,7,221,46,0,46,267
06/26/2020,APF,FL,ASO,ES,Federal Contract Tower,0,32,94,0,126,0,2,114,0,116,0,34,208,0,242,50,0,50,292
06/27/2020,APF,FL,ASO,ES,Federal Contract Tower,0,38,70,2,110,0,1,76,0,77,0,39,146,2,187,12,0,12,199
06/28/2020,APF,FL,ASO,ES,Federal Contract Tower,0,29,60,0,89,0,2,96,0,98,0,31,156,0,187,39,0,39,226
06/29/2020,APF,FL,ASO,ES,Federal Contract Tower,0,39,78,0,117,0,0,89,0,89,0,39,167,0,206,66,0,66,272
06/30/2020,APF,FL,ASO,ES,Federal Contract Tower,0,37,81,0,118,0,0,94,0,94,0,37,175,0,212,47,0,47,259
07/01/2020,APF,FL,ASO,ES,Federal Contract Tower,0,30,103,0,133,0,0,102,0,102,0,30,205,0,235,74,0,74,309
07/02/2020,APF,FL,ASO,ES,Federal Contract Tower,0,23,86,0,109,0,0,93,0,93,0,23,179,0,202,74,0,74,276
07/03/2020,APF,FL,ASO,ES,Federal Contract Tower,0,25,79,0,104,0,0,97,0,97,0,25,176,0,201,36,0,36,237
07/04/2020,APF,FL,ASO,ES,Federal Contract Tower,0,30,26,0,56,0,0,52,0,52,0,30,78,0,108,30,0,30,138
07/05/2020,APF,FL,ASO,ES,Federal Contract Tower,0,26,51,0,77,0,0,54,0,54,0,26,105,0,131,36,0,36,167
07/06/2020,APF,FL,ASO,ES,Federal Contract Tower,0,34,57,4,95,0,0,20,0,20,0,34,77,4,115,6,0,6,121
07/07/2020,APF,FL,ASO,ES,Federal Contract Tower,0,48,67,0,115,0,0,92,3,95,0,48,159,3,210,40,0,40,250
07/08/2020,APF,FL,ASO,ES,Federal Contract Tower,0,29,74,0,103,0,0,68,4,72,0,29,142,4,175,50,0,50,225
07/09/2020,APF,FL,ASO,ES,Federal Contract Tower,0,19,50,0,69,0,0,97,0,97,0,19,147,0,166,40,0,40,206
07/10/2020,APF,FL,ASO,ES,Federal Contract Tower,0,33,54,4,91,0,0,85,0,85,0,33,139,4,176,82,0,82,258
07/11/2020,APF,FL,ASO,ES,Federal Contract Tower,0,28,39,0,67,0,0,39,0,39,0,28,78,0,106,11,0,11,117
07/12/2020,APF,FL,ASO,ES,Federal Contract Tower,0,23,42,0,65,0,2,25,0,27,0,25,67,0,92,14,0,14,106
07/13/2020,APF,FL,ASO,ES,Federal Contract Tower,0,19,54,0,73,0,1,84,0,85,0,20,138,0,158,46,0,46,204
07/14/2020,APF,FL,ASO,ES,Federal Contract Tower,0,17,53,0,70,0,0,100,0,100,0,17,153,0,170,36,0,36,206
07/15/2020,APF,FL,ASO,ES,Federal Contract Tower,0,29,76,1,106,0,0,85,1,86,0,29,161,2,192,70,0,70,262
07/16/2020,APF,FL,ASO,ES,Federal Contract Tower,0,24,71,0,95,0,0,91,0,91,0,24,162,0,186,32,2,34,220
07/17/2020,APF,FL,ASO,ES,Federal Contract Tower,0,17,65,0,82,0,0,63,0,63,0,17,128,0,145,62,0,62,207
07/18/2020,APF,FL,ASO,ES,Federal Contract Tower,0,17,44,0,61,0,0,65,0,65,0,17,109,0,126,28,0,28,154
07/19/2020,APF,FL,ASO,ES,Federal Contract Tower,0,23,35,0,58,0,2,55,0,57,0,25,90,0,115,38,0,38,153
07/20/2020,APF,FL,ASO,ES,Federal Contract Tower,0,23,55,2,80,0,1,99,0,100,0,24,154,2,180,80,0,80,260
07/21/2020,APF,FL,ASO,ES,Federal Contract Tower,0,17,41,0,58,0,2,44,0,46,0,19,85,0,104,66,0,66,170
07/22/2020,APF,FL,ASO,ES,Federal Contract Tower,0,23,44,0,67,0,0,36,0,36,0,23,80,0,103,56,0,56,159
07/23/2020,APF,FL,ASO,ES,Federal Contract Tower,0,10,34,0,44,0,0,53,0,53,0,10,87,0,97,98,0,98,195
07/24/2020,APF,FL,ASO,ES,Federal Contract Tower,0,13,49,0,62,0,1,74,0,75,0,14,123,0,137,35,0,35,172
07/25/2020,APF,FL,ASO,ES,Federal Contract Tower,0,21,49,0,70,0,0,89,0,89,0,21,138,0,159,79,0,79,238
07/26/2020,APF,FL,ASO,ES,Federal Contract Tower,0,22,43,0,65,0,0,69,0,69,0,22,112,0,134,28,0,28,162
07/27/2020,APF,FL,ASO,ES,Federal Contract Tower,0,15,45,0,60,0,0,122,0,122,0,15,167,0,182,56,0,56,238
07/28/2020,APF,FL,ASO,ES,Federal Contract Tower,0,19,62,0,81,0,0,92,0,92,0,19,154,0,173,34,0,34,207
07/29/2020,APF,FL,ASO,ES,Federal Contract Tower,0,34,52,0,86,0,0,108,0,108,0,34,160,0,194,52,0,52,246
07/30/2020,APF,FL,ASO,ES,Federal Contract Tower,0,30,54,0,84,0,0,115,0,115,0,30,169,0,199,66,0,66,265
07/31/2020,APF,FL,ASO,ES,Federal Contract Tower,0,21,62,0,83,0,0,104,0,104,0,21,166,0,187,36,0,36,223
08/01/2020,APF,FL,ASO,ES,Federal Contract Tower,0,20,36,0,56,0,0,58,0,58,0,20,94,0,114,30,0,30,144
08/02/2020,APF,FL,ASO,ES,Federal Contract Tower,0,26,23,0,49,0,0,0,0,0,0,26,23,0,49,6,0,6,55
08/03/2020,APF,FL,ASO,ES,Federal Contract Tower,0,18,56,0,74,0,3,93,0,96,0,21,149,0,170,68,0,68,238
08/04/2020,APF,FL,ASO,ES,Federal Contract Tower,0,18,62,0,80,0,0,86,2,88,0,18,148,2,168,22,0,22,190
08/05/2020,APF,FL,ASO,ES,Federal Contract Tower,0,19,111,0,130,0,0,33,0,33,0,19,144,0,163,16,0,16,179
08/06/2020,APF,FL,ASO,ES,Federal Contract Tower,0,32,52,0,84,0,0,127,0,127,0,32,179,0,211,38,0,38,249
08/07/2020,APF,FL,ASO,ES,Federal Contract Tower,0,17,51,0,68,0,0,98,0,98,0,17,149,0,166,46,0,46,212
08/08/2020,APF,FL,ASO,ES,Federal Contract Tower,0,22,45,0,67,0,0,91,0,91,0,22,136,0,158,10,0,10,168
08/09/2020,APF,FL,ASO,ES,Federal Contract Tower,0,24,50,0,74,0,0,65,0,65,0,24,115,0,139,30,0,30,169
08/10/2020,APF,FL,ASO,ES,Federal Contract Tower,0,27,51,2,80,0,0,81,0,81,0,27,132,2,161,54,0,54,215
08/11/2020,APF,FL,ASO,ES,Federal Contract Tower,0,13,54,0,67,0,0,93,0,93,0,13,147,0,160,38,0,38,198
08/12/2020,APF,FL,ASO,ES,Federal Contract Tower,0,23,54,0,77,0,0,83,2,85,0,23,137,2,162,86,6,92,254
08/13/2020,APF,FL,ASO,ES,Federal Contract Tower,0,22,69,0,91,0,2,90,0,92,0,24,159,0,183,80,0,80,263
08/14/2020,APF,FL,ASO,ES,Federal Contract Tower,0,15,83,0,98,0,0,110,0,110,0,15,193,0,208,44,0,44,252
08/15/2020,APF,FL,ASO,ES,Federal Contract Tower,0,22,41,0,63,0,0,83,0,83,0,22,124,0,146,28,8,36,182
08/16/2020,APF,FL,ASO,ES,Federal Contract Tower,0,24,33,0,57,0,0,63,0,63,0,24,96,0,120,62,0,62,182
08/17/2020,APF,FL,ASO,ES,Federal Contract Tower,0,24,41,0,65,0,1,74,0,75,0,25,115,0,140,57,0,57,197
08/18/2020,APF,FL,ASO,ES,Federal Contract Tower,0,24,57,0,81,0,4,81,0,85,0,28,138,0,166,64,0,64,230
08/19/2020,APF,FL,ASO,ES,Federal Contract Tower,0,26,59,0,85,0,0,86,0,86,0,26,145,0,171,38,0,38,209
08/20/2020,APF,FL,ASO,ES,Federal Contract Tower,0,31,61,0,92,0,0,67,0,67,0,31,128,0,159,72,0,72,231
08/21/2020,APF,FL,ASO,ES,Federal Contract Tower,0,33,61,0,94,0,0,87,0,87,0,33,148,0,181,38,0,38,219
08/22/2020,APF,FL,ASO,ES,Federal Contract Tower,0,15,25,4,44,0,0,45,0,45,0,15,70,4,89,26,0,26,115
08/23/2020,APF,FL,ASO,ES,Federal Contract Tower,0,23,47,0,70,0,0,46,0,46,0,23,93,0,116,20,0,20,136
08/24/2020,APF,FL,ASO,ES,Federal Contract Tower,0,16,26,0,42,0,0,26,0,26,0,16,52,0,68,4,0,4,72
08/25/2020,APF,FL,ASO,ES,Federal Contract Tower,0,18,40,0,58,0,0,66,0,66,0,18,106,0,124,52,0,52,176
08/26/2020,APF,FL,ASO,ES,Federal Contract Tower,0,18,40,0,58,0,0,84,0,84,0,18,124,0,142,20,0,20,162
08/27/2020,APF,FL,ASO,ES,Federal Contract Tower,0,16,46,2,64,0,1,66,0,67,0,17,112,2,131,36,0,36,167
08/28/2020,APF,FL,ASO,ES,Federal Contract Tower,0,17,62,0,79,0,0,84,0,84,0,17,146,0,163,18,0,18,181
08/29/2020,APF,FL,ASO,ES,Federal Contract Tower,0,9,36,0,45,0,0,59,0,59,0,9,95,0,104,40,0,40,144
08/30/2020,APF,FL,ASO,ES,Federal Contract Tower,0,24,54,0,78,0,0,51,0,51,0,24,105,0,129,41,0,41,170
08/31/2020,APF,FL,ASO,ES,Federal Contract Tower,0,14,47,0,61,0,0,57,10,67,0,14,104,10,128,40,0,40,168
09/01/2020,APF,FL,ASO,ES,Federal Contract Tower,0,13,37,0,50,0,2,68,0,70,0,15,105,0,120,18,0,18,138
09/02/2020,APF,FL,ASO,ES,Federal Contract Tower,0,16,61,0,77,0,0,84,0,84,0,16,145,0,161,34,0,34,195
09/03/2020,APF,FL,ASO,ES,Federal Contract Tower,0,36,61,0,97,0,0,56,0,56,0,36,117,0,153,38,0,38,191
09/04/2020,APF,FL,ASO,ES,Federal Contract Tower,0,20,74,0,94,0,2,75,0,77,0,22,149,0,171,26,0,26,197
09/05/2020,APF,FL,ASO,ES,Federal Contract Tower,0,12,27,0,39,0,0,69,0,69,0,12,96,0,108,30,0,30,138
09/06/2020,APF,FL,ASO,ES,Federal Contract Tower,0,15,16,0,31,0,0,31,0,31,0,15,47,0,62,16,0,16,78
09/07/2020,APF,FL,ASO,ES,Federal Contract Tower,0,25,69,0,94,0,1,58,0,59,0,26,127,0,153,18,0,18,171
09/08/2020,APF,FL,ASO,ES,Federal Contract Tower,0,33,71,0,104,0,0,59,0,59,0,33,130,0,163,24,0,24,187
09/09/2020,APF,FL,ASO,ES,Federal Contract Tower,0,24,49,0,73,0,0,27,0,27,0,24,76,0,100,6,0,6,106
09/10/2020,APF,FL,ASO,ES,Federal Contract Tower,0,23,55,4,82,0,3,56,0,59,0,26,111,4,141,54,0,54,195
09/11/2020,APF,FL,ASO,ES,Federal Contract Tower,0,18,39,0,57,0,0,91,0,91,0,18,130,0,148,66,0,66,214
09/12/2020,APF,FL,ASO,ES,Federal Contract Tower,0,14,27,0,41,0,0,3,0,3,0,14,30,0,44,8,0,8,52
09/13/2020,APF,FL,ASO,ES,Federal Contract Tower,0,25,44,0,69,0,0,8,0,8,0,25,52,0,77,0,0,0,77
09/14/2020,APF,FL,ASO,ES,Federal Contract Tower,0,21,43,0,64,0,1,41,0,42,0,22,84,0,106,16,0,16,122
09/15/2020,APF,FL,ASO,ES,Federal Contract Tower,0,33,63,0,96,0,3,101,0,104,0,36,164,0,200,52,0,52,252
09/16/2020,APF,FL,ASO,ES,Federal Contract Tower,0,33,71,0,104,0,0,83,2,85,0,33,154,2,189,42,0,42,231
09/17/2020,APF,FL,ASO,ES,Federal Contract Tower,0,26,68,0,94,0,1,108,0,109,0,27,176,0,203,24,0,24,227
09/18/2020,APF,FL,ASO,ES,Federal Contract Tower,0,24,54,0,78,0,0,57,0,57,0,24,111,0,135,23,0,23,158
09/19/2020,APF,FL,ASO,ES,Federal Contract Tower,0,19,41,0,60,0,2,111,0,113,0,21,152,0,173,63,0,63,236
09/20/2020,APF,FL,ASO,ES,Federal Contract Tower,0,31,79,0,110,0,0,58,0,58,0,31,137,0,168,10,0,10,178
09/21/2020,APF,FL,ASO,ES,Federal Contract Tower,0,28,56,0,84,0,0,41,0,41,0,28,97,0,125,12,0,12,137
09/22/2020,APF,FL,ASO,ES,Federal Contract Tower,0,28,63,0,91,0,2,100,0,102,0,30,163,0,193,62,0,62,255
09/23/2020,APF,FL,ASO,ES,Federal Contract Tower,0,30,65,2,97,0,0,137,2,139,0,30,202,4,236,86,0,86,322
09/24/2020,APF,FL,ASO,ES,Federal Contract Tower,0,31,87,0,118,0,0,116,0,116,0,31,203,0,234,46,0,46,280
09/25/2020,APF,FL,ASO,ES,Federal Contract Tower,0,29,67,0,96,0,0,89,0,89,0,29,156,0,185,52,0,52,237
09/26/2020,APF,FL,ASO,ES,Federal Contract Tower,0,25,38,0,63,0,0,109,0,109,0,25,147,0,172,32,0,32,204
09/27/2020,APF,FL,ASO,ES,Federal Contract Tower,0,35,65,0,100,0,1,74,0,75,0,36,139,0,175,30,0,30,205
09/28/2020,APF,FL,ASO,ES,Federal Contract Tower,0,32,65,0,97,0,0,86,0,86,0,32,151,0,183,75,0,75,258
09/29/2020,APF,FL,ASO,ES,Federal Contract Tower,0,35,58,0,93,0,1,77,0,78,0,36,135,0,171,46,0,46,217
09/30/2020,APF,FL,ASO,ES,Federal Contract Tower,0,36,70,0,106,0,0,26,0,26,0,36,96,0,132,30,0,30,162
10/01/2020,APF,FL,ASO,ES,Federal Contract Tower,0,49,91,0,140,0,0,69,0,69,0,49,160,0,209,60,0,60,269
10/02/2020,APF,FL,ASO,ES,Federal Contract Tower,0,41,69,0,110,0,0,34,0,34,0,41,103,0,144,31,0,31,175
10/03/2020,APF,FL,ASO,ES,Federal Contract Tower,0,30,51,0,81,0,0,38,0,38,0,30,89,0,119,14,0,14,133
10/04/2020,APF,FL,ASO,ES,Federal Contract Tower,0,42,74,0,116,0,0,4,0,4,0,42,78,0,120,8,0,8,128
10/05/2020,APF,FL,ASO,ES,Federal Contract Tower,0,26,78,4,108,0,2,44,0,46,0,28,122,4,154,26,0,26,180
10/06/2020,APF,FL,ASO,ES,Federal Contract Tower,0,29,75,0,104,0,0,85,0,85,0,29,160,0,189,51,0,51,240
10/07/2020,APF,FL,ASO,ES,Federal Contract Tower,0,36,68,0,104,0,2,120,0,122,0,38,188,0,226,84,0,84,310
10/08/2020,APF,FL,ASO,ES,Federal Contract Tower,0,42,102,0,144,0,2,148,0,150,0,44,250,0,294,62,0,62,356
10/09/2020,APF,FL,ASO,ES,Federal Contract Tower,0,34,64,4,102,0,2,90,0,92,0,36,154,4,194,76,0,76,270
10/10/2020,APF,FL,ASO,ES,Federal Contract Tower,0,33,57,0,90,0,0,64,0,64,0,33,121,0,154,22,0,22,176
10/11/2020,APF,FL,ASO,ES,Federal Contract Tower,0,45,69,0,114,0,0,59,0,59,0,45,128,0,173,16,0,16,189
10/12/2020,APF,FL,ASO,ES,Federal Contract Tower,0,40,79,4,123,0,0,83,0,83,0,40,162,4,206,52,0,52,258
10/13/2020,APF,FL,ASO,ES,Federal Contract Tower,0,59,76,4,139,0,0,111,0,111,0,59,187,4,250,38,0,38,288
10/14/2020,APF,FL,ASO,ES,Federal Contract Tower,0,63,103,0,166,0,1,111,0,112,0,64,214,0,278,64,0,64,342
10/15/2020,APF,FL,ASO,ES,Federal Contract Tower,0,87,113,0,200,0,0,123,0,123,0,87,236,0,323,56,0,56,379
10/16/2020,APF,FL,ASO,ES,Federal Contract Tower,0,52,92,0,144,0,2,59,0,61,0,54,151,0,205,21,0,21,226
10/17/2020,APF,FL,ASO,ES,Federal Contract Tower,0,66,74,4,144,0,0,71,0,71,0,66,145,4,215,42,0,42,257
10/18/2020,APF,FL,ASO,ES,Federal Contract Tower,0,64,93,2,159,0,2,49,0,51,0,66,142,2,210,22,0,22,232
10/19/2020,APF,FL,ASO,ES,Federal Contract Tower,0,48,78,4,130,0,0,20,0,20,0,48,98,4,150,8,0,8,158
10/20/2020,APF,FL,ASO,ES,Federal Contract Tower,0,52,97,0,149,0,0,38,0,38,0,52,135,0,187,30,0,30,217
10/21/2020,APF,FL,ASO,ES,Federal Contract Tower,0,65,64,6,135,0,0,32,0,32,0,65,96,6,167,14,0,14,181
10/22/2020,APF,FL,ASO,ES,Federal Contract Tower,0,49,119,0,168,0,0,76,0,76,0,49,195,0,244,22,0,22,266
10/23/2020,APF,FL,ASO,ES,Federal Contract Tower,0,53,101,0,154,0,0,131,0,131,0,53,232,0,285,42,0,42,327
10/24/2020,APF,FL,ASO,ES,Federal Contract Tower,0,62,88,0,150,0,0,99,0,99,0,62,187,0,249,57,0,57,306
10/25/2020,APF,FL,ASO,ES,Federal Contract Tower,0,52,74,0,126,0,0,18,0,18,0,52,92,0,144,24,0,24,168
10/26/2020,APF,FL,ASO,ES,Federal Contract Tower,0,38,89,0,127,0,2,95,0,97,0,40,184,0,224,92,0,92,316
10/27/2020,APF,FL,ASO,ES,Federal Contract Tower,0,48,84,0,132,0,0,126,0,126,0,48,210,0,258,78,0,78,336
10/28/2020,APF,FL,ASO,ES,Federal Contract Tower,0,67,93,0,160,0,1,123,0,124,0,68,216,0,284,50,4,54,338
10/29/2020,APF,FL,ASO,ES,Federal Contract Tower,0,57,113,0,170,0,0,115,0,115,0,57,228,0,285,50,0,50,335
10/30/2020,APF,FL,ASO,ES,Federal Contract Tower,0,76,89,0,165,0,2,93,0,95,0,78,182,0,260,36,0,36,296
10/31/2020,APF,FL,ASO,ES,Federal Contract Tower,0,60,95,1,156,0,0,124,0,124,0,60,219,1,280,132,0,132,412
11/01/2020,APF,FL,ASO,ES,Federal Contract Tower,0,66,133,0,199,0,0,107,0,107,0,66,240,0,306,32,0,32,338
11/02/2020,APF,FL,ASO,ES,Federal Contract Tower,0,50,101,0,151,0,3,64,0,67,0,53,165,0,218,14,0,14,232
11/03/2020,APF,FL,ASO,ES,Federal Contract Tower,0,39,64,0,103,0,0,100,0,100,0,39,164,0,203,100,0,100,303
11/04/2020,APF,FL,ASO,ES,Federal Contract Tower,0,50,89,0,139,0,3,92,0,95,0,53,181,0,234,42,0,42,276
11/05/2020,APF,FL,ASO,ES,Federal Contract Tower,0,58,88,0,146,0,2,72,0,74,0,60,160,0,220,64,0,64,284
11/06/2020,APF,FL,ASO,ES,Federal Contract Tower,0,66,102,1,169,0,2,76,0,78,0,68,178,1,247,90,0,90,337
11/07/2020,APF,FL,ASO,ES,Federal Contract Tower,0,59,84,4,147,0,0,44,0,44,0,59,128,4,191,20,0,20,211
11/08/2020,APF,FL,ASO,ES,Federal Contract Tower,0,47,70,0,117,0,0,1,0,1,0,47,71,0,118,0,0,0,118
11/09/2020,APF,FL,ASO,ES,Federal Contract Tower,0,19,14,0,33,0,0,0,0,0,0,19,14,0,33,0,0,0,33
11/10/2020,APF,FL,ASO,ES,Federal Contract Tower,0,39,52,0,91,0,2,32,0,34,0,41,84,0,125,56,0,56,181
11/11/2020,APF,FL,ASO,ES,Federal Contract Tower,0,33,33,0,66,0,0,4,0,4,0,33,37,0,70,0,0,0,70
11/12/2020,APF,FL,ASO,ES,Federal Contract Tower,0,66,87,0,153,0,0,66,0,66,0,66,153,0,219,46,0,46,265
11/13/2020,APF,FL,ASO,ES,Federal Contract Tower,0,72,115,0,187,0,1,142,0,143,0,73,257,0,330,54,2,56,386
11/14/2020,APF,FL,ASO,ES,Federal Contract Tower,0,52,104,0,156,0,0,37,0,37,0,52,141,0,193,48,0,48,241
11/15/2020,APF,FL,ASO,ES,Federal Contract Tower,0,50,108,0,158,0,1,85,0,86,0,51,193,0,244,12,0,12,256
11/16/2020,APF,FL,ASO,ES,Federal Contract Tower,0,58,125,0,183,0,0,147,0,147,0,58,272,0,330,105,0,105,435
11/17/2020,APF,FL,ASO,ES,Federal Contract Tower,0,52,86,0,138,0,7,123,0,130,0,59,209,0,268,38,0,38,306
11/18/2020,APF,FL,ASO,ES,Federal Contract Tower,0,72,94,0,166,0,1,101,0,102,0,73,195,0,268,77,0,77,345
11/19/2020,APF,FL,ASO,ES,Federal Contract Tower,0,78,141,0,219,0,0,97,0,97,0,78,238,0,316,70,0,70,386
11/20/2020,APF,FL,ASO,ES,Federal Contract Tower,0,108,149,0,257,0,0,73,0,73,0,108,222,0,330,54,0,54,384
11/21/2020,APF,FL,ASO,ES,Federal Contract Tower,0,103,134,0,237,0,0,82,0,82,0,103,216,0,319,0,0,0,319
11/22/2020,APF,FL,ASO,ES,Federal Contract Tower,0,89,145,0,234,0,2,85,0,87,0,91,230,0,321,48,0,48,369
11/23/2020,APF,FL,ASO,ES,Federal Contract Tower,0,82,124,4,210,0,0,74,0,74,0,82,198,4,284,46,0,46,330
11/24/2020,APF,FL,ASO,ES,Federal Contract Tower,0,59,140,2,201,0,0,136,0,136,0,59,276,2,337,95,0,95,432
11/25/2020,APF,FL,ASO,ES,Federal Contract Tower,0,63,132,0,195,0,0,84,0,84,0,63,216,0,279,74,0,74,353
11/26/2020,APF,FL,ASO,ES,Federal Contract Tower,0,14,20,0,34,0,0,69,0,69,0,14,89,0,103,54,0,54,157
11/27/2020,APF,FL,ASO,ES,Federal Contract Tower,0,64,96,0,160,0,0,161,0,161,0,64,257,0,321,34,0,34,355
11/28/2020,APF,FL,ASO,ES,Federal Contract Tower,0,86,131,0,217,0,1,128,0,129,0,87,259,0,346,100,0,100,446
11/29/2020,APF,FL,ASO,ES,Federal Contract Tower,0,125,174,0,299,0,0,88,0,88,0,125,262,0,387,11,0,11,398
11/30/2020,APF,FL,ASO,ES,Federal Contract Tower,0,90,111,0,201,0,0,53,0,53,0,90,164,0,254,73,0,73,327
12/01/2020,APF,FL,ASO,ES,Federal Contract Tower,0,81,137,0,218,0,0,141,0,141,0,81,278,0,359,72,0,72,431
12/02/2020,APF,FL,ASO,ES,Federal Contract Tower,0,54,126,0,180,0,0,127,0,127,0,54,253,0,307,102,0,102,409
12/03/2020,APF,FL,ASO,ES,Federal Contract Tower,0,64,97,0,161,0,0,166,0,166,0,64,263,0,327,100,0,100,427
12/04/2020,APF,FL,ASO,ES,Federal Contract Tower,0,47,90,0,137,0,0,103,0,103,0,47,193,0,240,88,0,88,328
12/05/2020,APF,FL,ASO,ES,Federal Contract Tower,0,51,99,0,150,0,0,65,0,65,0,51,164,0,215,52,0,52,267
12/06/2020,APF,FL,ASO,ES,Federal Contract Tower,0,72,120,0,192,0,0,103,0,103,0,72,223,0,295,14,0,14,309
12/07/2020,APF,FL,ASO,ES,Federal Contract Tower,0,57,78,0,135,0,0,22,0,22,0,57,100,0,157,4,0,4,161
12/08/2020,APF,FL,ASO,ES,Federal Contract Tower,0,50,78,4,132,0,0,121,0,121,0,50,199,4,253,60,0,60,313
12/09/2020,APF,FL,ASO,ES,Federal Contract Tower,0,62,107,0,169,0,0,143,2,145,0,62,250,2,314,48,0,48,362
12/10/2020,APF,FL,ASO,ES,Federal Contract Tower,0,53,107,0,160,0,0,155,5,160,0,53,262,5,320,68,0,68,388
12/11/2020,APF,FL,ASO,ES,Federal Contract Tower,0,72,120,0,192,0,0,147,0,147,0,72,267,0,339,89,0,89,428
12/12/2020,APF,FL,ASO,ES,Federal Contract Tower,0,48,84,0,132,0,0,100,0,100,0,48,184,0,232,53,0,53,285
12/13/2020,APF,FL,ASO,ES,Federal Contract Tower,0,63,117,6,186,0,0,93,0,93,0,63,210,6,279,21,4,25,304
12/14/2020,APF,FL,ASO,ES,Federal Contract Tower,0,47,90,0,137,0,0,76,0,76,0,47,166,0,213,54,0,54,267
12/15/2020,APF,FL,ASO,ES,Federal Contract Tower,0,51,106,0,157,0,1,38,0,39,0,52,144,0,196,26,0,26,222
12/16/2020,APF,FL,ASO,ES,Federal Contract Tower,0,68,87,0,155,0,0,86,0,86,0,68,173,0,241,46,0,46,287
12/17/2020,APF,FL,ASO,ES,Federal Contract Tower,0,59,133,0,192,0,1,71,0,72,0,60,204,0,264,32,0,32,296
12/18/2020,APF,FL,ASO,ES,Federal Contract Tower,0,81,150,0,231,0,0,141,0,141,0,81,291,0,372,46,0,46,418
12/19/2020,APF,FL,ASO,ES,Federal Contract Tower,0,96,135,0,231,0,0,123,0,123,0,96,258,0,354,22,0,22,376
12/20/2020,APF,FL,ASO,ES,Federal Contract Tower,0,91,129,0,220,0,0,90,0,90,0,91,219,0,310,8,0,8,318
12/21/2020,APF,FL,ASO,ES,Federal Contract Tower,0,68,106,1,175,0,0,75,0,75,0,68,181,1,250,22,0,22,272
12/22/2020,APF,FL,ASO,ES,Federal Contract Tower,0,66,105,1,172,0,2,97,0,99,0,68,202,1,271,53,0,53,324
12/23/2020,APF,FL,ASO,ES,Federal Contract Tower,0,77,136,0,213,0,1,108,0,109,0,78,244,0,322,36,0,36,358
12/24/2020,APF,FL,ASO,ES,Federal Contract Tower,0,27,36,0,63,0,0,42,0,42,0,27,78,0,105,20,0,20,125
12/25/2020,APF,FL,ASO,ES,Federal Contract Tower,0,84,35,0,119,0,0,42,0,42,0,84,77,0,161,12,0,12,173
12/26/2020,APF,FL,ASO,ES,Federal Contract Tower,0,131,228,0,359,0,4,101,0,105,0,135,329,0,464,10,0,10,474
12/27/2020,APF,FL,ASO,ES,Federal Contract Tower,0,140,210,0,350,0,0,121,0,121,0,140,331,0,471,5,0,5,476
12/28/2020,APF,FL,ASO,ES,Federal Contract Tower,0,161,158,0,319,0,2,96,0,98,0,163,254,0,417,0,0,0,417
12/29/2020,APF,FL,ASO,ES,Federal Contract Tower,0,123,142,0,265,0,6,114,0,120,0,129,256,0,385,2,0,2,387
12/30/2020,APF,FL,ASO,ES,Federal Contract Tower,0,124,144,0,268,0,0,85,0,85,0,124,229,0,353,6,0,6,359
12/31/2020,APF,FL,ASO,ES,Federal Contract Tower,0,84,104,0,188,0,0,57,0,57,0,84,161,0,245,2,0,2,247
01/01/2021,APF,FL,ASO,ES,Federal Contract Tower,0,75,90,1,166,0,2,50,0,52,0,77,140,1,218,15,0,15,233
01/02/2021,APF,FL,ASO,ES,Federal Contract Tower,0,170,183,0,353,0,0,38,0,38,0,170,221,0,391,0,0,0,391
01/03/2021,APF,FL,ASO,ES,Federal Contract Tower,0,132,243,0,375,0,0,63,0,63,0,132,306,0,438,0,0,0,438
01/04/2021,APF,FL,ASO,ES,Federal Contract Tower,0,102,157,0,259,0,1,82,0,83,0,103,239,0,342,0,0,0,342
01/05/2021,APF,FL,ASO,ES,Federal Contract Tower,0,97,133,0,230,0,0,129,0,129,0,97,262,0,359,51,0,51,410
01/06/2021,APF,FL,ASO,ES,Federal Contract Tower,0,58,119,0,177,0,2,103,0,105,0,60,222,0,282,50,0,50,332
01/07/2021,APF,FL,ASO,ES,Federal Contract Tower,0,68,108,0,176,0,0,159,0,159,0,68,267,0,335,52,0,52,387
01/08/2021,APF,FL,ASO,ES,Federal Contract Tower,0,76,125,0,201,0,0,112,0,112,0,76,237,0,313,46,0,46,359
01/09/2021,APF,FL,ASO,ES,Federal Contract Tower,0,94,122,0,216,0,2,97,0,99,0,96,219,0,315,22,0,22,337
01/10/2021,APF,FL,ASO,ES,Federal Contract Tower,0,87,167,2,256,0,2,102,0,104,0,89,269,2,360,6,0,6,366
01/11/2021,APF,FL,ASO,ES,Federal Contract Tower,0,78,105,0,183,0,0,119,0,119,0,78,224,0,302,48,0,48,350
01/12/2021,APF,FL,ASO,ES,Federal Contract Tower,0,57,127,0,184,0,0,37,0,37,0,57,164,0,221,34,0,34,255
01/13/2021,APF,FL,ASO,ES,Federal Contract Tower,0,70,82,0,152,0,0,82,0,82,0,70,164,0,234,24,0,24,258
01/14/2021,APF,FL,ASO,ES,Federal Contract Tower,0,64,113,0,177,0,1,184,0,185,0,65,297,0,362,48,0,48,410
01/15/2021,APF,FL,ASO,ES,Federal Contract Tower,0,77,133,0,210,0,0,161,0,161,0,77,294,0,371,49,0,49,420
01/16/2021,APF,FL,ASO,ES,Federal Contract Tower,0,80,92,0,172,0,1,70,0,71,0,81,162,0,243,16,0,16,259
01/17/2021,APF,FL,ASO,ES,Federal Contract Tower,0,77,135,0,212,0,0,99,0,99,0,77,234,0,311,26,0,26,337
01/18/2021,APF,FL,ASO,ES,Federal Contract Tower,0,73,148,0,221,0,0,131,0,131,0,73,279,0,352,62,0,62,414
01/19/2021,APF,FL,ASO,ES,Federal Contract Tower,0,43,109,1,153,0,0,162,1,163,0,43,271,2,316,58,6,64,380
01/20/2021,APF,FL,ASO,ES,Federal Contract Tower,0,50,113,0,163,0,0,147,0,147,0,50,260,0,310,60,0,60,370
01/21/2021,APF,FL,ASO,ES,Federal Contract Tower,0,70,124,0,194,0,4,160,0,164,0,74,284,0,358,40,0,40,398
01/22/2021,APF,FL,ASO,ES,Federal Contract Tower,0,74,168,0,242,0,2,215,0,217,0,76,383,0,459,48,0,48,507
01/23/2021,APF,FL,ASO,ES,Federal Contract Tower,0,89,117,0,206,0,4,164,0,168,0,93,281,0,374,58,0,58,432
01/24/2021,APF,FL,ASO,ES,Federal Contract Tower,0,85,166,0,251,0,1,87,0,88,0,86,253,0,339,18,0,18,357
01/25/2021,APF,FL,ASO,ES,Federal Contract Tower,0,67,151,10,228,0,3,112,0,115,0,70,263,10,343,70,0,70,413
01/26/2021,APF,FL,ASO,ES,Federal Contract Tower,0,59,139,1,199,0,0,123,0,123,0,59,262,1,322,50,0,50,372
01/27/2021,APF,FL,ASO,ES,Federal Contract Tower,0,75,168,0,243,0,0,63,0,63,0,75,231,0,306,32,0,32,338
01/28/2021,APF,FL,ASO,ES,Federal Contract Tower,0,80,128,0,208,0,2,99,0,101,0,82,227,0,309,26,0,26,335
01/29/2021,APF,FL,ASO,ES,Federal Contract Tower,0,88,143,0,231,0,2,141,0,143,0,90,284,0,374,40,0,40,414
01/30/2021,APF,FL,ASO,ES,Federal Contract Tower,0,93,133,0,226,0,0,94,0,94,0,93,227,0,320,26,0,26,346
01/31/2021,APF,FL,ASO,ES,Federal Contract Tower,0,64,153,0,217,0,1,83,0,84,0,65,236,0,301,18,0,18,319
02/01/2021,APF,FL,ASO,ES,Federal Contract Tower,0,50,91,2,143,0,2,30,0,32,0,52,121,2,175,12,0,12,187
02/02/2021,APF,FL,ASO,ES,Federal Contract Tower,0,41,119,0,160,0,0,22,0,22,0,41,141,0,182,17,0,17,199
02/03/2021,APF,FL,ASO,ES,Federal Contract Tower,0,56,137,0,193,0,0,171,0,171,0,56,308,0,364,36,0,36,400
02/04/2021,APF,FL,ASO,ES,Federal Contract Tower,0,67,118,0,185,0,2,190,0,192,0,69,308,0,377,66,0,66,443
02/05/2021,APF,FL,ASO,ES,Federal Contract Tower,0,84,135,0,219,0,0,161,0,161,0,84,296,0,380,92,0,92,472
02/06/2021,APF,FL,ASO,ES,Federal Contract Tower,0,76,112,0,188,0,1,67,0,68,0,77,179,0,256,90,0,90,346
02/07/2021,APF,FL,ASO,ES,Federal Contract Tower,0,54,114,0,168,0,0,8,0,8,0,54,122,0,176,0,0,0,176
02/08/2021,APF,FL,ASO,ES,Federal Contract Tower,0,75,157,0,232,0,1,75,0,76,0,76,232,0,308,51,0,51,359
02/09/2021,APF,FL,ASO,ES,Federal Contract Tower,0,53,142,0,195,0,0,106,0,106,0,53,248,0,301,44,0,44,345
02/10/2021,APF,FL,ASO,ES,Federal Contract Tower,0,71,172,0,243,0,0,193,0,193,0,71,365,0,436,74,0,74,510
02/11/2021,APF,FL,ASO,ES,Federal Contract Tower,0,89,172,2,263,0,0,150,0,150,0,89,322,2,413,62,0,62,475
02/12/2021,APF,FL,ASO,ES,Federal Contract Tower,0,104,167,0,271,0,0,126,0,126,0,104,293,0,397,14,0,14,411
02/13/2021,APF,FL,ASO,ES,Federal Contract Tower,0,100,155,0,255,0,0,93,0,93,0,100,248,0,348,8,0,8,356
02/14/2021,APF,FL,ASO,ES,Federal Contract Tower,0,99,121,0,220,0,1,87,0,88,0,100,208,0,308,2,0,2,310
02/15/2021,APF,FL,ASO,ES,Federal Contract Tower,0,95,182,0,277,0,0,117,0,117,0,95,299,0,394,12,2,14,408
02/16/2021,APF,FL,ASO,ES,Federal Contract Tower,0,109,145,0,254,0,0,68,0,68,0,109,213,0,322,16,0,16,338
02/17/2021,APF,FL,ASO,ES,Federal Contract Tower,0,101,171,0,272,0,1,91,0,92,0,102,262,0,364,70,0,70,434
02/18/2021,APF,FL,ASO,ES,Federal Contract Tower,0,70,159,0,229,0,0,153,0,153,0,70,312,0,382,58,0,58,440
02/19/2021,APF,FL,ASO,ES,Federal Contract Tower,0,81,145,0,226,0,4,70,0,74,0,85,215,0,300,36,0,36,336
02/20/2021,APF,FL,ASO,ES,Federal Contract Tower,0,94,242,0,336,0,0,171,0,171,0,94,413,0,507,2,0,2,509
02/21/2021,APF,FL,ASO,ES,Federal Contract Tower,0,137,199,2,338,0,1,106,0,107,0,138,305,2,445,10,0,10,455
02/22/2021,APF,FL,ASO,ES,Federal Contract Tower,0,79,149,0,228,0,0,131,0,131,0,79,280,0,359,40,0,40,399
02/23/2021,APF,FL,ASO,ES,Federal Contract Tower,0,70,149,0,219,0,1,150,0,151,0,71,299,0,370,54,0,54,424
02/24/2021,APF,FL,ASO,ES,Federal Contract Tower,0,87,137,0,224,0,2,117,0,119,0,89,254,0,343,20,0,20,363
02/25/2021,APF,FL,ASO,ES,Federal Contract Tower,0,98,162,0,260,0,0,198,0,198,0,98,360,0,458,84,0,84,542
02/26/2021,APF,FL,ASO,ES,Federal Contract Tower,0,91,137,0,228,0,2,152,0,154,0,93,289,0,382,32,0,32,414
02/27/2021,APF,FL,ASO,ES,Federal Contract Tower,0,101,149,0,250,0,6,156,0,162,0,107,305,0,412,2,0,2,414
02/28/2021,APF,FL,ASO,ES,Federal Contract Tower,0,111,168,0,279,0,4,90,0,94,0,115,258,0,373,8,0,8,381
03/01/2021,APF,FL,ASO,ES,Federal Contract Tower,0,75,147,0,222,0,3,117,0,120,0,78,264,0,342,44,0,44,386
03/02/2021,APF,FL,ASO,ES,Federal Contract Tower,0,73,115,0,188,0,0,97,0,97,0,73,212,0,285,44,0,44,329
03/03/2021,APF,FL,ASO,ES,Federal Contract Tower,0,74,152,2,228,0,2,62,0,64,0,76,214,2,292,0,0,0,292
03/04/2021,APF,FL,ASO,ES,Federal Contract Tower,0,88,153,3,244,0,0,174,0,174,0,88,327,3,418,72,0,72,490
03/05/2021,APF,FL,ASO,ES,Federal Contract Tower,0,87,151,0,238,0,0,177,0,177,0,87,328,0,415,54,0,54,469
03/06/2021,APF,FL,ASO,ES,Federal Contract Tower,0,77,90,5,172,0,0,29,0,29,0,77,119,5,201,10,0,10,211
03/07/2021,APF,FL,ASO,ES,Federal Contract Tower,0,93,145,3,241,0,2,71,1,74,0,95,216,4,315,4,0,4,319
03/08/2021,APF,FL,ASO,ES,Federal Contract Tower,0,69,123,0,192,0,7,104,0,111,0,76,227,0,303,6,0,6,309
03/09/2021,APF,FL,ASO,ES,Federal Contract Tower,0,81,120,0,201,0,0,125,0,125,0,81,245,0,326,53,0,53,379
03/10/2021,APF,FL,ASO,ES,Federal Contract Tower,0,69,127,0,196,0,0,111,0,111,0,69,238,0,307,24,0,24,331
03/11/2021,APF,FL,ASO,ES,Federal Contract Tower,0,77,158,0,235,0,0,86,0,86,0,77,244,0,321,32,0,32,353
03/12/2021,APF,FL,ASO,ES,Federal Contract Tower,0,88,184,1,273,0,0,147,0,147,0,88,331,1,420,98,0,98,518
03/13/2021,APF,FL,ASO,ES,Federal Contract Tower,0,127,140,0,267,0,4,146,0,150,0,131,286,0,417,41,0,41,458
03/14/2021,APF,FL,ASO,ES,Federal Contract Tower,0,112,165,0,277,0,0,132,0,132,0,112,297,0,409,28,0,28,437
03/15/2021,APF,FL,ASO,ES,Federal Contract Tower,0,78,141,0,219,0,0,115,0,115,0,78,256,0,334,28,0,28,362
03/16/2021,APF,FL,ASO,ES,Federal Contract Tower,0,54,141,1,196,0,2,144,0,146,0,56,285,1,342,60,0,60,402
03/17/2021,APF,FL,ASO,ES,Federal Contract Tower,0,79,114,0,193,0,1,140,0,141,0,80,254,0,334,64,0,64,398
03/18/2021,APF,FL,ASO,ES,Federal Contract Tower,0,96,153,2,251,0,1,100,0,101,0,97,253,2,352,56,0,56,408
03/19/2021,APF,FL,ASO,ES,Federal Contract Tower,0,110,166,0,276,0,1,116,0,117,0,111,282,0,393,32,0,32,425
03/20/2021,APF,FL,ASO,ES,Federal Contract Tower,0,117,195,1,313,0,1,120,0,121,0,118,315,1,434,36,0,36,470
03/21/2021,APF,FL,ASO,ES,Federal Contract Tower,0,113,178,2,293,0,0,81,0,81,0,113,259,2,374,2,0,2,376
03/22/2021,APF,FL,ASO,ES,Federal Contract Tower,0,87,160,0,247,0,2,126,0,128,0,89,286,0,375,72,0,72,447
03/23/2021,APF,FL,ASO,ES,Federal Contract Tower,0,68,129,0,197,0,2,142,0,144,0,70,271,0,341,98,0,98,439
03/24/2021,APF,FL,ASO,ES,Federal Contract Tower,0,79,140,0,219,0,4,178,0,182,0,83,318,0,401,94,0,94,495
03/25/2021,APF,FL,ASO,ES,Federal Contract Tower,0,103,170,2,275,0,1,101,0,102,0,104,271,2,377,12,0,12,389
03/26/2021,APF,FL,ASO,ES,Federal Contract Tower,0,118,223,2,343,0,5,111,0,116,0,123,334,2,459,3,0,3,462
03/27/2021,APF,FL,ASO,ES,Federal Contract Tower,0,134,173,0,307,0,0,118,0,118,0,134,291,0,425,14,0,14,439
03/28/2021,APF,FL,ASO,ES,Federal Contract Tower,0,100,126,0,226,0,0,122,0,122,0,100,248,0,348,10,0,10,358
03/29/2021,APF,FL,ASO,ES,Federal Contract Tower,0,71,145,0,216,0,1,143,0,144,0,72,288,0,360,66,0,66,426
03/30/2021,APF,FL,ASO,ES,Federal Contract Tower,0,74,116,0,190,0,1,110,2,113,0,75,226,2,303,54,0,54,357
03/31/2021,APF,FL,ASO,ES,Federal Contract Tower,0,90,148,0,238,0,0,134,0,134,0,90,282,0,372,20,0,20,392
04/01/2021,APF,FL,ASO,ES,Federal Contract Tower,0,132,208,0,340,0,4,96,0,100,0,136,304,0,440,6,0,6,446
04/02/2021,APF,FL,ASO,ES,Federal Contract Tower,0,117,168,0,285,0,0,88,0,88,0,117,256,0,373,12,0,12,385
04/03/2021,APF,FL,ASO,ES,Federal Contract Tower,0,88,149,0,237,0,0,84,0,84,0,88,233,0,321,14,0,14,335
04/04/2021,APF,FL,ASO,ES,Federal Contract Tower,0,104,112,0,216,0,0,63,0,63,0,104,175,0,279,20,0,20,299
04/05/2021,APF,FL,ASO,ES,Federal Contract Tower,0,138,190,0,328,0,0,155,0,155,0,138,345,0,483,32,0,32,515
04/06/2021,APF,FL,ASO,ES,Federal Contract Tower,0,106,134,0,240,0,3,152,0,155,0,109,286,0,395,30,0,30,425
04/07/2021,APF,FL,ASO,ES,Federal Contract Tower,0,92,127,0,219,0,0,147,0,147,0,92,274,0,366,83,0,83,449
04/08/2021,APF,FL,ASO,ES,Federal Contract Tower,0,77,156,0,233,0,0,166,1,167,0,77,322,1,400,80,0,80,480
04/09/2021,APF,FL,ASO,ES,Federal Contract Tower,0,89,163,1,253,0,0,152,0,152,0,89,315,1,405,98,0,98,503
04/10/2021,APF,FL,ASO,ES,Federal Contract Tower,0,104,146,2,252,0,4,120,0,124,0,108,266,2,376,30,0,30,406
04/11/2021,APF,FL,ASO,ES,Federal Contract Tower,0,56,104,0,160,0,0,30,0,30,0,56,134,0,190,22,0,22,212
04/12/2021,APF,FL,ASO,ES,Federal Contract Tower,0,164,207,0,371,0,0,80,0,80,0,164,287,0,451,28,0,28,479
04/13/2021,APF,FL,ASO,ES,Federal Contract Tower,0,84,123,0,207,0,2,151,0,153,0,86,274,0,360,80,0,80,440
04/14/2021,APF,FL,ASO,ES,Federal Contract Tower,0,89,137,0,226,0,1,135,0,136,0,90,272,0,362,70,0,70,432
04/15/2021,APF,FL,ASO,ES,Federal Contract Tower,0,101,137,0,238,0,6,147,0,153,0,107,284,0,391,12,0,12,403
04/16/2021,APF,FL,ASO,ES,Federal Contract Tower,0,83,150,0,233,0,0,128,0,128,0,83,278,0,361,34,0,34,395
04/17/2021,APF,FL,ASO,ES,Federal Contract Tower,0,91,102,2,195,0,2,121,0,123,0,93,223,2,318,52,0,52,370
04/18/2021,APF,FL,ASO,ES,Federal Contract Tower,0,99,153,0,252,0,4,90,0,94,0,103,243,0,346,10,0,10,356
04/19/2021,APF,FL,ASO,ES,Federal Contract Tower,0,97,99,0,196,0,1,26,0,27,0,98,125,0,223,2,0,2,225
04/20/2021,APF,FL,ASO,ES,Federal Contract Tower,0,68,102,0,170,0,0,18,0,18,0,68,120,0,188,10,0,10,198
04/21/2021,APF,FL,ASO,ES,Federal Contract Tower,0,83,139,0,222,0,0,45,0,45,0,83,184,0,267,30,0,30,297
04/22/2021,APF,FL,ASO,ES,Federal Contract Tower,0,82,149,0,231,0,0,147,0,147,0,82,296,0,378,26,0,26,404
04/23/2021,APF,FL,ASO,ES,Federal Contract Tower,0,87,157,0,244,0,2,123,0,125,0,89,280,0,369,65,0,65,434
04/24/2021,APF,FL,ASO,ES,Federal Contract Tower,0,76,108,0,184,0,1,60,0,61,0,77,168,0,245,38,0,38,283
04/25/2021,APF,FL,ASO,ES,Federal Contract Tower,0,111,159,1,271,0,2,51,0,53,0,113,210,1,324,0,0,0,324
04/26/2021,APF,FL,ASO,ES,Federal Contract Tower,0,67,116,5,188,0,3,114,0,117,0,70,230,5,305,40,0,40,345
04/27/2021,APF,FL,ASO,ES,Federal Contract Tower,0,73,86,0,159,0,0,115,0,115,0,73,201,0,274,48,0,48,322
04/28/2021,APF,FL,ASO,ES,Federal Contract Tower,0,58,121,0,179,0,0,188,0,188,0,58,309,0,367,54,0,54,421
04/29/2021,APF,FL,ASO,ES,Federal Contract Tower,0,89,151,0,240,0,0,149,0,149,0,89,300,0,389,52,0,52,441
04/30/2021,APF,FL,ASO,ES,Federal Contract Tower,0,105,148,0,253,0,1,123,0,124,0,106,271,0,377,70,0,70,447
05/01/2021,APF,FL,ASO,ES,Federal Contract Tower,0,85,86,0,171,0,0,88,0,88,0,85,174,0,259,38,0,38,297
05/02/2021,APF,FL,ASO,ES,Federal Contract Tower,0,93,135,4,232,0,1,86,0,87,0,94,221,4,319,0,0,0,319
05/03/2021,APF,FL,ASO,ES,Federal Contract Tower,0,88,110,4,202,0,0,105,0,105,0,88,215,4,307,47,0,47,354
05/04/2021,APF,FL,ASO,ES,Federal Contract Tower,0,80,84,0,164,0,0,126,0,126,0,80,210,0,290,52,0,52,342
05/05/2021,APF,FL,ASO,ES,Federal Contract Tower,0,91,122,0,213,0,5,128,0,133,0,96,250,0,346,68,0,68,414
05/06/2021,APF,FL,ASO,ES,Federal Contract Tower,0,64,130,0,194,0,0,85,0,85,0,64,215,0,279,46,0,46,325
05/07/2021,APF,FL,ASO,ES,Federal Contract Tower,0,109,159,2,270,0,2,91,0,93,0,111,250,2,363,32,0,32,395
05/08/2021,APF,FL,ASO,ES,Federal Contract Tower,0,64,105,0,169,0,1,90,0,91,0,65,195,0,260,26,0,26,286
05/09/2021,APF,FL,ASO,ES,Federal Contract Tower,0,75,88,0,163,0,0,63,0,63,0,75,151,0,226,6,0,6,232
05/10/2021,APF,FL,ASO,ES,Federal Contract Tower,0,63,110,1,174,0,0,106,3,109,0,63,216,4,283,62,0,62,345
05/11/2021,APF,FL,ASO,ES,Federal Contract Tower,0,50,83,0,133,0,0,125,0,125,0,50,208,0,258,58,0,58,316
05/12/2021,APF,FL,ASO,ES,Federal Contract Tower,0,70,106,0,176,0,1,109,0,110,0,71,215,0,286,52,0,52,338
05/13/2021,APF,FL,ASO,ES,Federal Contract Tower,0,85,130,0,215,0,1,102,0,103,0,86,232,0,318,44,0,44,362
05/14/2021,APF,FL,ASO,ES,Federal Contract Tower,0,70,130,0,200,0,4,125,0,129,0,74,255,0,329,30,0,30,359
05/15/2021,APF,FL,ASO,ES,Federal Contract Tower,0,91,82,0,173,0,2,118,0,120,0,93,200,0,293,22,0,22,315
05/16/2021,APF,FL,ASO,ES,Federal Contract Tower,0,66,144,0,210,0,1,81,0,82,0,67,225,0,292,8,0,8,300
05/17/2021,APF,FL,ASO,ES,Federal Contract Tower,0,61,90,0,151,0,0,92,0,92,0,61,182,0,243,38,0,38,281
05/18/2021,APF,FL,ASO,ES,Federal Contract Tower,0,70,86,0,156,0,2,89,0,91,0,72,175,0,247,62,0,62,309
05/19/2021,APF,FL,ASO,ES,Federal Contract Tower,0,68,123,0,191,0,0,85,0,85,0,68,208,0,276,66,0,66,342
05/20/2021,APF,FL,ASO,ES,Federal Contract Tower,0,71,142,0,213,0,1,84,0,85,0,72,226,0,298,72,0,72,370
05/21/2021,APF,FL,ASO,ES,Federal Contract Tower,0,95,119,0,214,0,2,64,0,66,0,97,183,0,280,44,0,44,324
05/22/2021,APF,FL,ASO,ES,Federal Contract Tower,0,69,88,0,157,0,0,71,0,71,0,69,159,0,228,16,0,16,244
05/23/2021,APF,FL,ASO,ES,Federal Contract Tower,0,77,131,0,208,0,0,75,0,75,0,77,206,0,283,38,0,38,321
05/24/2021,APF,FL,ASO,ES,Federal Contract Tower,0,52,84,0,136,0,2,105,0,107,0,54,189,0,243,96,0,96,339
05/25/2021,APF,FL,ASO,ES,Federal Contract Tower,0,54,103,0,157,0,0,139,0,139,0,54,242,0,296,71,0,71,367
05/26/2021,APF,FL,ASO,ES,Federal Contract Tower,0,80,85,0,165,0,8,84,0,92,0,88,169,0,257,48,0,48,305
05/27/2021,APF,FL,ASO,ES,Federal Contract Tower,0,64,109,0,173,0,0,108,0,108,0,64,217,0,281,48,0,48,329
05/28/2021,APF,FL,ASO,ES,Federal Contract Tower,0,65,110,0,175,0,2,122,0,124,0,67,232,0,299,6,0,6,305
05/29/2021,APF,FL,ASO,ES,Federal Contract Tower,0,40,73,0,113,0,3,86,0,89,0,43,159,0,202,20,0,20,222
05/30/2021,APF,FL,ASO,ES,Federal Contract Tower,0,34,57,0,91,0,0,66,0,66,0,34,123,0,157,0,0,0,157
05/31/2021,APF,FL,ASO,ES,Federal Contract Tower,0,64,111,0,175,0,0,58,0,58,0,64,169,0,233,7,0,7,240
06/01/2021,APF,FL,ASO,ES,Federal Contract Tower,0,57,96,0,153,0,0,79,0,79,0,57,175,0,232,44,0,44,276
06/02/2021,APF,FL,ASO,ES,Federal Contract Tower,0,43,107,0,150,0,1,79,0,80,0,44,186,0,230,70,0,70,300
06/03/2021,APF,FL,ASO,ES,Federal Contract Tower,0,51,77,0,128,0,0,78,0,78,0,51,155,0,206,12,0,12,218
06/04/2021,APF,FL,ASO,ES,Federal Contract Tower,0,46,97,0,143,0,0,118,0,118,0,46,215,0,261,34,0,34,295
06/05/2021,APF,FL,ASO,ES,Federal Contract Tower,0,40,61,0,101,0,1,37,0,38,0,41,98,0,139,18,0,18,157
06/06/2021,APF,FL,ASO,ES,Federal Contract Tower,0,31,76,0,107,0,2,68,0,70,0,33,144,0,177,14,0,14,191
06/07/2021,APF,FL,ASO,ES,Federal Contract Tower,0,34,75,0,109,0,0,126,0,126,0,34,201,0,235,58,0,58,293
06/08/2021,APF,FL,ASO,ES,Federal Contract Tower,0,42,61,0,103,0,0,98,0,98,0,42,159,0,201,66,0,66,267
06/09/2021,APF,FL,ASO,ES,Federal Contract Tower,0,38,84,0,122,0,0,121,0,121,0,38,205,0,243,104,0,104,347
06/10/2021,APF,FL,ASO,ES,Federal Contract Tower,0,41,83,0,124,0,4,115,0,119,0,45,198,0,243,68,0,68,311
06/11/2021,APF,FL,ASO,ES,Federal Contract Tower,0,40,79,0,119,0,2,125,0,127,0,42,204,0,246,58,0,58,304
06/12/2021,APF,FL,ASO,ES,Federal Contract Tower,0,54,71,0,125,0,0,120,0,120,0,54,191,0,245,46,0,46,291
06/13/2021,APF,FL,ASO,ES,Federal Contract Tower,0,51,67,0,118,0,0,82,0,82,0,51,149,0,200,28,0,28,228
06/14/2021,APF,FL,ASO,ES,Federal Contract Tower,0,30,70,0,100,0,0,57,0,57,0,30,127,0,157,38,0,38,195
06/15/2021,APF,FL,ASO,ES,Federal Contract Tower,0,48,65,0,113,0,0,66,0,66,0,48,131,0,179,84,0,84,263
06/16/2021,APF,FL,ASO,ES,Federal Contract Tower,0,49,54,0,103,0,0,42,0,42,0,49,96,0,145,84,0,84,229
06/17/2021,APF,FL,ASO,ES,Federal Contract Tower,0,63,74,0,137,0,0,57,0,57,0,63,131,0,194,75,0,75,269
06/18/2021,APF,FL,ASO,ES,Federal Contract Tower,0,31,84,0,115,0,6,91,0,97,0,37,175,0,212,36,0,36,248
06/19/2021,APF,FL,ASO,ES,Federal Contract Tower,0,31,77,0,108,0,0,80,0,80,0,31,157,0,188,44,0,44,232
06/20/2021,APF,FL,ASO,ES,Federal Contract Tower,0,45,52,0,97,0,4,76,0,80,0,49,128,0,177,32,0,32,209
06/21/2021,APF,FL,ASO,ES,Federal Contract Tower,0,45,83,0,128,0,0,69,0,69,0,45,152,0,197,88,0,88,285
06/22/2021,APF,FL,ASO,ES,Federal Contract Tower,0,34,95,0,129,0,0,69,0,69,0,34,164,0,198,76,0,76,274
06/23/2021,APF,FL,ASO,ES,Federal Contract Tower,0,40,73,0,113,0,2,83,0,85,0,42,156,0,198,42,0,42,240
06/24/2021,APF,FL,ASO,ES,Federal Contract Tower,0,36,71,0,107,0,0,90,0,90,0,36,161,0,197,60,0,60,257
06/25/2021,APF,FL,ASO,ES,Federal Contract Tower,0,40,73,0,113,0,0,83,0,83,0,40,156,0,196,16,0,16,212
06/26/2021,APF,FL,ASO,ES,Federal Contract Tower,0,41,52,6,99,0,1,84,0,85,0,42,136,6,184,32,0,32,216
06/27/2021,APF,FL,ASO,ES,Federal Contract Tower,0,46,81,0,127,0,0,63,0,63,0,46,144,0,190,6,0,6,196
06/28/2021,APF,FL,ASO,ES,Federal Contract Tower,0,41,56,0,97,0,0,79,0,79,0,41,135,0,176,60,0,60,236
06/29/2021,APF,FL,ASO,ES,Federal Contract Tower,0,47,61,0,108,0,2,74,0,76,0,49,135,0,184,24,0,24,208
06/30/2021,APF,FL,ASO,ES,Federal Contract Tower,0,34,75,0,109,0,0,71,1,72,0,34,146,1,181,82,0,82,263
07/01/2021,APF,FL,ASO,ES,Federal Contract Tower,0,50,67,0,117,0,0,59,0,59,0,50,126,0,176,48,0,48,224
07/02/2021,APF,FL,ASO,ES,Federal Contract Tower,0,38,79,0,117,0,3,61,0,64,0,41,140,0,181,70,0,70,251
07/03/2021,APF,FL,ASO,ES,Federal Contract Tower,0,17,51,0,68,0,0,77,0,77,0,17,128,0,145,42,0,42,187
07/04/2021,APF,FL,ASO,ES,Federal Contract Tower,0,39,48,0,87,0,2,61,0,63,0,41,109,0,150,6,0,6,156
07/05/2021,APF,FL,ASO,ES,Federal Contract Tower,0,30,53,4,87,0,0,39,0,39,0,30,92,4,126,10,0,10,136
07/06/2021,APF,FL,ASO,ES,Federal Contract Tower,0,10,2,0,12,0,0,1,0,1,0,10,3,0,13,0,0,0,13
07/07/2021,APF,FL,ASO,ES,Federal Contract Tower,0,33,44,0,77,0,0,21,0,21,0,33,65,0,98,22,6,28,126
07/08/2021,APF,FL,ASO,ES,Federal Contract Tower,0,37,81,0,118,0,0,103,0,103,0,37,184,0,221,66,0,66,287
07/09/2021,APF,FL,ASO,ES,Federal Contract Tower,0,23,48,0,71,0,0,114,0,114,0,23,162,0,185,48,0,48,233
07/10/2021,APF,FL,ASO,ES,Federal Contract Tower,0,34,49,4,87,0,0,73,0,73,0,34,122,4,160,26,0,26,186
07/11/2021,APF,FL,ASO,ES,Federal Contract Tower,0,46,63,0,109,0,0,34,0,34,0,46,97,0,143,24,0,24,167
07/12/2021,APF,FL,ASO,ES,Federal Contract Tower,0,25,51,0,76,0,3,64,0,67,0,28,115,0,143,48,0,48,191
07/13/2021,APF,FL,ASO,ES,Federal Contract Tower,0,23,52,0,75,0,0,85,0,85,0,23,137,0,160,84,0,84,244
07/14/2021,APF,FL,ASO,ES,Federal Contract Tower,0,26,82,0,108,0,0,52,0,52,0,26,134,0,160,22,0,22,182
07/15/2021,APF,FL,ASO,ES,Federal Contract Tower,0,38,65,0,103,0,0,110,0,110,0,38,175,0,213,28,0,28,241
07/16/2021,APF,FL,ASO,ES,Federal Contract Tower,0,34,72,0,106,0,0,95,0,95,0,34,167,0,201,68,0,68,269
07/17/2021,APF,FL,ASO,ES,Federal Contract Tower,0,14,43,0,57,0,0,46,0,46,0,14,89,0,103,34,6,40,143
07/18/2021,APF,FL,ASO,ES,Federal Contract Tower,0,37,59,4,100,0,0,99,0,99,0,37,158,4,199,36,0,36,235
07/19/2021,APF,FL,ASO,ES,Federal Contract Tower,0,34,54,0,88,0,0,64,0,64,0,34,118,0,152,44,0,44,196
07/20/2021,APF,FL,ASO,ES,Federal Contract Tower,0,34,55,0,89,0,0,87,0,87,0,34,142,0,176,121,0,121,297
07/21/2021,APF,FL,ASO,ES,Federal Contract Tower,0,37,61,0,98,0,0,96,0,96,0,37,157,0,194,84,0,84,278
07/22/2021,APF,FL,ASO,ES,Federal Contract Tower,0,36,68,1,105,0,0,89,0,89,0,36,157,1,194,68,0,68,262
07/23/2021,APF,FL,ASO,ES,Federal Contract Tower,0,34,80,0,114,0,1,83,0,84,0,35,163,0,198,30,0,30,228
07/24/2021,APF,FL,ASO,ES,Federal Contract Tower,0,25,42,5,72,0,0,49,3,52,0,25,91,8,124,50,0,50,174
07/25/2021,APF,FL,ASO,ES,Federal Contract Tower,0,31,55,2,88,0,1,71,0,72,0,32,126,2,160,13,0,13,173
07/26/2021,APF,FL,ASO,ES,Federal Contract Tower,0,23,42,0,65,0,0,16,0,16,0,23,58,0,81,36,0,36,117
07/27/2021,APF,FL,ASO,ES,Federal Contract Tower,0,23,34,0,57,0,0,89,0,89,0,23,123,0,146,170,0,170,316
07/28/2021,APF,FL,ASO,ES,Federal Contract Tower,0,38,99,0,137,0,0,55,0,55,0,38,154,0,192,39,0,39,231
07/29/2021,APF,FL,ASO,ES,Federal Contract Tower,0,30,64,0,94,0,0,101,0,101,0,30,165,0,195,50,0,50,245
07/30/2021,APF,FL,ASO,ES,Federal Contract Tower,0,32,50,0,82,0,1,105,0,106,0,33,155,0,188,60,0,60,248
07/31/2021,APF,FL,ASO,ES,Federal Contract Tower,0,38,54,0,92,0,0,74,0,74,0,38,128,0,166,22,0,22,188
08/01/2021,APF,FL,ASO,ES,Federal Contract Tower,0,22,68,4,94,0,2,50,0,52,0,24,118,4,146,11,0,11,157
08/02/2021,APF,FL,ASO,ES,Federal Contract Tower,0,46,59,0,105,0,0,72,0,72,0,46,131,0,177,78,0,78,255
08/03/2021,APF,FL,ASO,ES,Federal Contract Tower,0,23,50,0,73,0,0,61,0,61,0,23,111,0,134,52,0,52,186
08/04/2021,APF,FL,ASO,ES,Federal Contract Tower,0,20,59,0,79,0,0,44,0,44,0,20,103,0,123,102,0,102,225
08/05/2021,APF,FL,ASO,ES,Federal Contract Tower,0,30,80,0,110,0,0,85,0,85,0,30,165,0,195,152,0,152,347
08/06/2021,APF,FL,ASO,ES,Federal Contract Tower,0,32,77,0,109,0,0,102,0,102,0,32,179,0,211,60,0,60,271
08/07/2021,APF,FL,ASO,ES,Federal Contract Tower,0,21,45,0,66,0,0,63,0,63,0,21,108,0,129,24,0,24,153
08/08/2021,APF,FL,ASO,ES,Federal Contract Tower,0,22,70,0,92,0,0,78,0,78,0,22,148,0,170,6,0,6,176
08/09/2021,APF,FL,ASO,ES,Federal Contract Tower,0,35,61,0,96,0,1,79,0,80,0,36,140,0,176,111,0,111,287
08/10/2021,APF,FL,ASO,ES,Federal Contract Tower,0,20,53,1,74,0,1,87,0,88,0,21,140,1,162,78,0,78,240
08/11/2021,APF,FL,ASO,ES,Federal Contract Tower,0,32,49,0,81,0,3,112,0,115,0,35,161,0,196,94,0,94,290
08/12/2021,APF,FL,ASO,ES,Federal Contract Tower,0,26,70,0,96,0,2,83,0,85,0,28,153,0,181,62,0,62,243
08/13/2021,APF,FL,ASO,ES,Federal Contract Tower,0,26,71,0,97,0,4,67,0,71,0,30,138,0,168,44,0,44,212
08/14/2021,APF,FL,ASO,ES,Federal Contract Tower,0,14,26,0,40,0,0,1,0,1,0,14,27,0,41,0,0,0,41
08/15/2021,APF,FL,ASO,ES,Federal Contract Tower,0,25,46,0,71,0,0,7,0,7,0,25,53,0,78,0,0,0,78
08/16/2021,APF,FL,ASO,ES,Federal Contract Tower,0,27,89,0,116,0,0,83,0,83,0,27,172,0,199,96,0,96,295
08/17/2021,APF,FL,ASO,ES,Federal Contract Tower,0,30,46,0,76,0,1,53,0,54,0,31,99,0,130,127,0,127,257
08/18/2021,APF,FL,ASO,ES,Federal Contract Tower,0,23,73,0,96,0,0,75,0,75,0,23,148,0,171,56,0,56,227
08/19/2021,APF,FL,ASO,ES,Federal Contract Tower,0,34,96,0,130,0,0,76,0,76,0,34,172,0,206,82,0,82,288
08/20/2021,APF,FL,ASO,ES,Federal Contract Tower,0,38,60,0,98,0,0,101,0,101,0,38,161,0,199,80,0,80,279
08/21/2021,APF,FL,ASO,ES,Federal Contract Tower,0,14,62,0,76,0,0,102,0,102,0,14,164,0,178,54,0,54,232
08/22/2021,APF,FL,ASO,ES,Federal Contract Tower,0,21,52,0,73,0,0,82,0,82,0,21,134,0,155,30,0,30,185
08/23/2021,APF,FL,ASO,ES,Federal Contract Tower,0,21,68,0,89,0,0,78,0,78,0,21,146,0,167,74,0,74,241
08/24/2021,APF,FL,ASO,ES,Federal Contract Tower,0,29,57,0,86,0,0,74,0,74,0,29,131,0,160,114,0,114,274
08/25/2021,APF,FL,ASO,ES,Federal Contract Tower,0,28,86,7,121,0,0,74,0,74,0,28,160,7,195,80,0,80,275
08/26/2021,APF,FL,ASO,ES,Federal Contract Tower,0,26,70,0,96,0,0,64,0,64,0,26,134,0,160,114,0,114,274
08/27/2021,APF,FL,ASO,ES,Federal Contract Tower,0,31,84,0,115,0,0,86,0,86,0,31,170,0,201,66,0,66,267
08/28/2021,APF,FL,ASO,ES,Federal Contract Tower,0,15,41,0,56,0,0,55,0,55,0,15,96,0,111,20,0,20,131
08/29/2021,APF,FL,ASO,ES,Federal Contract Tower,0,23,70,0,93,0,2,56,0,58,0,25,126,0,151,8,0,8,159
08/30/2021,APF,FL,ASO,ES,Federal Contract Tower,0,25,79,0,104,0,0,99,0,99,0,25,178,0,203,75,0,75,278
08/31/2021,APF,FL,ASO,ES,Federal Contract Tower,0,22,56,0,78,0,0,86,0,86,0,22,142,0,164,90,0,90,254
09/01/2021,APF,FL,ASO,ES,Federal Contract Tower,0,22,61,0,83,0,1,75,0,76,0,23,136,0,159,2,0,2,161
09/02/2021,APF,FL,ASO,ES,Federal Contract Tower,0,27,73,0,100,0,0,50,0,50,0,27,123,0,150,82,0,82,232
09/03/2021,APF,FL,ASO,ES,Federal Contract Tower,0,43,79,0,122,0,1,36,0,37,0,44,115,0,159,56,0,56,215
09/04/2021,APF,FL,ASO,ES,Federal Contract Tower,0,20,53,0,73,0,0,62,0,62,0,20,115,0,135,58,0,58,193
09/05/2021,APF,FL,ASO,ES,Federal Contract Tower,0,18,43,0,61,0,0,42,0,42,0,18,85,0,103,22,0,22,125
09/06/2021,APF,FL,ASO,ES,Federal Contract Tower,0,27,77,0,104,0,2,104,0,106,0,29,181,0,210,66,0,66,276
09/07/2021,APF,FL,ASO,ES,Federal Contract Tower,0,45,64,0,109,0,0,100,0,100,0,45,164,0,209,38,0,38,247
09/08/2021,APF,FL,ASO,ES,Federal Contract Tower,0,31,72,0,103,0,0,70,0,70,0,31,142,0,173,104,0,104,277
09/09/2021,APF,FL,ASO,ES,Federal Contract Tower,0,42,63,0,105,0,5,111,0,116,0,47,174,0,221,116,0,116,337
09/10/2021,APF,FL,ASO,ES,Federal Contract Tower,0,28,65,0,93,0,1,110,0,111,0,29,175,0,204,118,0,118,322
09/11/2021,APF,FL,ASO,ES,Federal Contract Tower,0,33,42,0,75,0,0,82,0,82,0,33,124,0,157,26,0,26,183
09/12/2021,APF,FL,ASO,ES,Federal Contract Tower,0,30,50,0,80,0,0,60,0,60,0,30,110,0,140,14,0,14,154
09/13/2021,APF,FL,ASO,ES,Federal Contract Tower,0,30,65,0,95,0,0,54,0,54,0,30,119,0,149,78,0,78,227
09/14/2021,APF,FL,ASO,ES,Federal Contract Tower,0,22,58,0,80,0,0,74,0,74,0,22,132,0,154,94,0,94,248
09/15/2021,APF,FL,ASO,ES,Federal Contract Tower,0,49,69,0,118,0,0,74,0,74,0,49,143,0,192,114,0,114,306
09/16/2021,APF,FL,ASO,ES,Federal Contract Tower,0,38,38,0,76,0,0,52,0,52,0,38,90,0,128,18,0,18,146
09/17/2021,APF,FL,ASO,ES,Federal Contract Tower,0,39,59,0,98,0,0,66,0,66,0,39,125,0,164,74,0,74,238
09/18/2021,APF,FL,ASO,ES,Federal Contract Tower,0,38,42,0,80,0,0,80,0,80,0,38,122,0,160,58,0,58,218
09/19/2021,APF,FL,ASO,ES,Federal Contract Tower,0,38,74,0,112,0,0,69,0,69,0,38,143,0,181,24,0,24,205
09/20/2021,APF,FL,ASO,ES,Federal Contract Tower,0,34,59,0,93,0,0,118,0,118,0,34,177,0,211,78,0,78,289
09/21/2021,APF,FL,ASO,ES,Federal Contract Tower,0,26,38,0,64,0,0,78,0,78,0,26,116,0,142,48,0,48,190
09/22/2021,APF,FL,ASO,ES,Federal Contract Tower,0,47,83,0,130,0,0,91,0,91,0,47,174,0,221,140,0,140,361
09/23/2021,APF,FL,ASO,ES,Federal Contract Tower,0,30,68,4,102,0,0,105,0,105,0,30,173,4,207,126,0,126,333
09/24/2021,APF,FL,ASO,ES,Federal Contract Tower,0,30,89,0,119,0,0,88,0,88,0,30,177,0,207,90,0,90,297
09/25/2021,APF,FL,ASO,ES,Federal Contract Tower,0,28,70,0,98,0,0,102,0,102,0,28,172,0,200,22,0,22,222
09/26/2021,APF,FL,ASO,ES,Federal Contract Tower,0,40,74,0,114,0,0,90,0,90,0,40,164,0,204,24,0,24,228
09/27/2021,APF,FL,ASO,ES,Federal Contract Tower,0,47,84,0,131,0,2,144,1,147,0,49,228,1,278,88,0,88,366
09/28/2021,APF,FL,ASO,ES,Federal Contract Tower,0,36,56,0,92,0,0,123,0,123,0,36,179,0,215,58,0,58,273
09/29/2021,APF,FL,ASO,ES,Federal Contract Tower,0,43,80,0,123,0,0,128,0,128,0,43,208,0,251,86,0,86,337
09/30/2021,APF,FL,ASO,ES,Federal Contract Tower,0,47,60,0,107,0,0,101,0,101,0,47,161,0,208,80,0,80,288
10/01/2021,APF,FL,ASO,ES,Federal Contract Tower,0,54,93,0,147,0,0,86,0,86,0,54,179,0,233,112,2,114,347
10/02/2021,APF,FL,ASO,ES,Federal Contract Tower,0,34,45,0,79,0,0,89,0,89,0,34,134,0,168,26,0,26,194
10/03/2021,APF,FL,ASO,ES,Federal Contract Tower,0,43,59,0,102,0,0,80,0,80,0,43,139,0,182,44,0,44,226
10/04/2021,APF,FL,ASO,ES,Federal Contract Tower,0,47,81,0,128,0,2,107,0,109,0,49,188,0,237,82,0,82,319
10/05/2021,APF,FL,ASO,ES,Federal Contract Tower,0,33,87,0,120,0,0,117,0,117,0,33,204,0,237,82,0,82,319
10/06/2021,APF,FL,ASO,ES,Federal Contract Tower,0,56,77,0,133,0,0,79,0,79,0,56,156,0,212,62,0,62,274
10/07/2021,APF,FL,ASO,ES,Federal Contract Tower,0,47,99,0,146,0,0,57,0,57,0,47,156,0,203,56,0,56,259
10/08/2021,APF,FL,ASO,ES,Federal Contract Tower,0,48,90,0,138,0,0,66,0,66,0,48,156,0,204,62,0,62,266
10/09/2021,APF,FL,ASO,ES,Federal Contract Tower,0,44,49,4,97,0,0,64,0,64,0,44,113,4,161,56,0,56,217
10/10/2021,APF,FL,ASO,ES,Federal Contract Tower,0,56,96,0,152,0,0,88,0,88,0,56,184,0,240,20,0,20,260
10/11/2021,APF,FL,ASO,ES,Federal Contract Tower,0,35,89,0,124,0,0,134,12,146,0,35,223,12,270,42,2,44,314
10/12/2021,APF,FL,ASO,ES,Federal Contract Tower,0,51,87,0,138,0,0,76,0,76,0,51,163,0,214,20,0,20,234
10/13/2021,APF,FL,ASO,ES,Federal Contract Tower,0,56,96,0,152,0,1,124,0,125,0,57,220,0,277,12,0,12,289
10/14/2021,APF,FL,ASO,ES,Federal Contract Tower,0,77,100,8,185,0,0,121,0,121,0,77,221,8,306,70,4,74,380
10/15/2021,APF,FL,ASO,ES,Federal Contract Tower,0,79,118,0,197,0,0,70,0,70,0,79,188,0,267,42,0,42,309
10/16/2021,APF,FL,ASO,ES,Federal Contract Tower,0,42,67,0,109,0,0,114,0,114,0,42,181,0,223,40,0,40,263
10/17/2021,APF,FL,ASO,ES,Federal Contract Tower,0,74,109,0,183,0,0,73,0,73,0,74,182,0,256,26,0,26,282
10/18/2021,APF,FL,ASO,ES,Federal Contract Tower,0,57,103,0,160,0,2,115,0,117,0,59,218,0,277,88,0,88,365
10/19/2021,APF,FL,ASO,ES,Federal Contract Tower,0,58,114,1,173,0,0,94,0,94,0,58,208,1,267,40,0,40,307
10/20/2021,APF,FL,ASO,ES,Federal Contract Tower,0,62,117,0,179,0,0,104,0,104,0,62,221,0,283,42,0,42,325
10/21/2021,APF,FL,ASO,ES,Federal Contract Tower,0,73,106,0,179,0,1,128,0,129,0,74,234,0,308,10,0,10,318
10/22/2021,APF,FL,ASO,ES,Federal Contract Tower,0,85,135,0,220,0,2,114,0,116,0,87,249,0,336,50,0,50,386
10/23/2021,APF,FL,ASO,ES,Federal Contract Tower,0,71,74,0,145,0,0,76,0,76,0,71,150,0,221,48,0,48,269
10/24/2021,APF,FL,ASO,ES,Federal Contract Tower,0,78,123,0,201,0,0,21,0,21,0,78,144,0,222,0,0,0,222
10/25/2021,APF,FL,ASO,ES,Federal Contract Tower,0,75,110,4,189,0,1,50,0,51,0,76,160,4,240,40,0,40,280
10/26/2021,APF,FL,ASO,ES,Federal Contract Tower,0,72,106,0,178,0,2,85,0,87,0,74,191,0,265,54,0,54,319
10/27/2021,APF,FL,ASO,ES,Federal Contract Tower,0,95,123,0,218,0,2,122,0,124,0,97,245,0,342,46,0,46,388
10/28/2021,APF,FL,ASO,ES,Federal Contract Tower,0,66,88,0,154,0,1,58,0,59,0,67,146,0,213,20,0,20,233
10/29/2021,APF,FL,ASO,ES,Federal Contract Tower,0,72,131,2,205,0,0,67,0,67,0,72,198,2,272,28,0,28,300
10/30/2021,APF,FL,ASO,ES,Federal Contract Tower,0,75,82,0,157,0,2,56,0,58,0,77,138,0,215,28,0,28,243
10/31/2021,APF,FL,ASO,ES,Federal Contract Tower,0,89,129,2,220,0,0,125,0,125,0,89,254,2,345,10,0,10,355
11/01/2021,APF,FL,ASO,ES,Federal Contract Tower,0,90,132,13,235,0,0,115,0,115,0,90,247,13,350,78,0,78,428
11/02/2021,APF,FL,ASO,ES,Federal Contract Tower,0,67,119,1,187,0,1,124,0,125,0,68,243,1,312,78,0,78,390
11/03/2021,APF,FL,ASO,ES,Federal Contract Tower,0,79,124,0,203,0,0,117,0,117,0,79,241,0,320,32,0,32,352
11/04/2021,APF,FL,ASO,ES,Federal Contract Tower,0,75,121,0,196,0,3,101,0,104,0,78,222,0,300,48,0,48,348
11/05/2021,APF,FL,ASO,ES,Federal Contract Tower,0,63,93,0,156,0,0,7,0,7,0,63,100,0,163,0,0,0,163
11/06/2021,APF,FL,ASO,ES,Federal Contract Tower,0,83,83,0,166,0,0,55,0,55,0,83,138,0,221,24,0,24,245
11/07/2021,APF,FL,ASO,ES,Federal Contract Tower,0,77,104,0,181,0,0,0,0,0,0,77,104,0,181,22,0,22,203
11/08/2021,APF,FL,ASO,ES,Federal Contract Tower,0,67,117,0,184,0,1,147,0,148,0,68,264,0,332,16,0,16,348
11/09/2021,APF,FL,ASO,ES,Federal Contract Tower,0,81,131,0,212,0,8,185,0,193,0,89,316,0,405,60,0,60,465
11/10/2021,APF,FL,ASO,ES,Federal Contract Tower,0,85,144,0,229,0,0,131,0,131,0,85,275,0,360,70,0,70,430
11/11/2021,APF,FL,ASO,ES,Federal Contract Tower,0,98,136,0,234,0,0,110,0,110,0,98,246,0,344,102,0,102,446
11/12/2021,APF,FL,ASO,ES,Federal Contract Tower,0,61,145,0,206,0,0,69,0,69,0,61,214,0,275,42,0,42,317
11/13/2021,APF,FL,ASO,ES,Federal Contract Tower,0,66,104,2,172,0,2,108,0,110,0,68,212,2,282,22,4,26,308
11/14/2021,APF,FL,ASO,ES,Federal Contract Tower,0,91,145,0,236,0,0,99,0,99,0,91,244,0,335,12,0,12,347
11/15/2021,APF,FL,ASO,ES,Federal Contract Tower,0,76,118,0,194,0,2,133,0,135,0,78,251,0,329,62,0,62,391
11/16/2021,APF,FL,ASO,ES,Federal Contract Tower,0,79,108,0,187,0,2,131,0,133,0,81,239,0,320,82,0,82,402
11/17/2021,APF,FL,ASO,ES,Federal Contract Tower,0,65,138,0,203,0,0,154,0,154,0,65,292,0,357,68,0,68,425
11/18/2021,APF,FL,ASO,ES,Federal Contract Tower,0,82,140,0,222,0,0,88,0,88,0,82,228,0,310,114,0,114,424
11/19/2021,APF,FL,ASO,ES,Federal Contract Tower,0,92,158,7,257,0,0,124,0,124,0,92,282,7,381,42,0,42,423
11/20/2021,APF,FL,ASO,ES,Federal Contract Tower,0,110,109,0,219,0,2,74,0,76,0,112,183,0,295,8,0,8,303
11/21/2021,APF,FL,ASO,ES,Federal Contract Tower,0,103,132,1,236,0,0,45,0,45,0,103,177,1,281,6,0,6,287
11/22/2021,APF,FL,ASO,ES,Federal Contract Tower,0,107,124,0,231,0,0,18,0,18,0,107,142,0,249,6,0,6,255
11/23/2021,APF,FL,ASO,ES,Federal Contract Tower,0,118,179,0,297,0,3,152,0,155,0,121,331,0,452,52,0,52,504
11/24/2021,APF,FL,ASO,ES,Federal Contract Tower,0,92,152,3,247,0,4,126,0,130,0,96,278,3,377,42,0,42,419
11/25/2021,APF,FL,ASO,ES,Federal Contract Tower,0,33,39,0,72,0,0,50,0,50,0,33,89,0,122,2,0,2,124
11/26/2021,APF,FL,ASO,ES,Federal Contract Tower,0,59,118,0,177,0,0,133,0,133,0,59,251,0,310,36,4,40,350
11/27/2021,APF,FL,ASO,ES,Federal Contract Tower,0,167,165,0,332,0,1,88,0,89,0,168,253,0,421,8,0,8,429
11/28/2021,APF,FL,ASO,ES,Federal Contract Tower,0,171,214,0,385,0,0,90,0,90,0,171,304,0,475,2,0,2,477
11/29/2021,APF,FL,ASO,ES,Federal Contract Tower,0,121,163,0,284,0,0,107,0,107,0,121,270,0,391,6,0,6,397
11/30/2021,APF,FL,ASO,ES,Federal Contract Tower,0,80,119,0,199,0,2,134,0,136,0,82,253,0,335,88,0,88,423
12/01/2021,APF,FL,ASO,ES,Federal Contract Tower,0,90,133,0,223,0,1,140,0,141,0,91,273,0,364,32,0,32,396
12/02/2021,APF,FL,ASO,ES,Federal Contract Tower,0,94,119,0,213,0,0,143,0,143,0,94,262,0,356,70,0,70,426
12/03/2021,APF,FL,ASO,ES,Federal Contract Tower,0,56,110,0,166,0,0,117,0,117,0,56,227,0,283,100,0,100,383
12/04/2021,APF,FL,ASO,ES,Federal Contract Tower,0,45,111,0,156,0,0,117,0,117,0,45,228,0,273,20,0,20,293
12/05/2021,APF,FL,ASO,ES,Federal Contract Tower,0,85,106,0,191,0,0,104,0,104,0,85,210,0,295,6,0,6,301
12/06/2021,APF,FL,ASO,ES,Federal Contract Tower,0,73,135,0,208,0,0,100,0,100,0,73,235,0,308,54,0,54,362
12/07/2021,APF,FL,ASO,ES,Federal Contract Tower,0,81,139,0,220,0,0,116,0,116,0,81,255,0,336,76,0,76,412
12/08/2021,APF,FL,ASO,ES,Federal Contract Tower,0,78,110,0,188,0,1,173,0,174,0,79,283,0,362,78,0,78,440
12/09/2021,APF,FL,ASO,ES,Federal Contract Tower,0,80,100,0,180,0,2,55,0,57,0,82,155,0,237,20,0,20,257
12/10/2021,APF,FL,ASO,ES,Federal Contract Tower,0,76,109,1,186,0,1,116,0,117,0,77,225,1,303,56,0,56,359
12/11/2021,APF,FL,ASO,ES,Federal Contract Tower,0,63,77,1,141,0,0,148,0,148,0,63,225,1,289,24,0,24,313
12/12/2021,APF,FL,ASO,ES,Federal Contract Tower,0,106,123,0,229,0,0,111,0,111,0,106,234,0,340,14,0,14,354
12/13/2021,APF,FL,ASO,ES,Federal Contract Tower,0,78,120,0,198,0,2,74,0,76,0,80,194,0,274,30,0,30,304
12/14/2021,APF,FL,ASO,ES,Federal Contract Tower,0,77,136,0,213,0,0,96,0,96,0,77,232,0,309,68,0,68,377
12/15/2021,APF,FL,ASO,ES,Federal Contract Tower,0,72,119,2,193,0,0,135,0,135,0,72,254,2,328,47,0,47,375
12/16/2021,APF,FL,ASO,ES,Federal Contract Tower,0,101,137,0,238,0,1,151,0,152,0,102,288,0,390,72,0,72,462
12/17/2021,APF,FL,ASO,ES,Federal Contract Tower,0,113,158,0,271,0,3,149,0,152,0,116,307,0,423,30,8,38,461
12/18/2021,APF,FL,ASO,ES,Federal Contract Tower,0,101,114,0,215,0,0,94,0,94,0,101,208,0,309,36,0,36,345
12/19/2021,APF,FL,ASO,ES,Federal Contract Tower,0,94,134,0,228,0,0,92,0,92,0,94,226,0,320,22,0,22,342
12/20/2021,APF,FL,ASO,ES,Federal Contract Tower,0,96,116,0,212,0,2,102,0,104,0,98,218,0,316,54,0,54,370
12/21/2021,APF,FL,ASO,ES,Federal Contract Tower,0,82,97,0,179,0,0,13,0,13,0,82,110,0,192,62,0,62,254
12/22/2021,APF,FL,ASO,ES,Federal Contract Tower,0,96,121,0,217,0,0,96,2,98,0,96,217,2,315,66,0,66,381
12/23/2021,APF,FL,ASO,ES,Federal Contract Tower,0,108,136,0,244,0,0,109,0,109,0,108,245,0,353,50,0,50,403
12/24/2021,APF,FL,ASO,ES,Federal Contract Tower,0,43,35,0,78,0,2,70,0,72,0,45,105,0,150,44,0,44,194
12/25/2021,APF,FL,ASO,ES,Federal Contract Tower,0,103,57,0,160,0,0,43,0,43,0,103,100,0,203,4,0,4,207
12/26/2021,APF,FL,ASO,ES,Federal Contract Tower,0,143,240,4,387,0,1,98,0,99,0,144,338,4,486,0,0,0,486
12/27/2021,APF,FL,ASO,ES,Federal Contract Tower,0,172,196,0,368,0,0,171,0,171,0,172,367,0,539,0,0,0,539
12/28/2021,APF,FL,ASO,ES,Federal Contract Tower,0,158,187,0,345,0,0,183,0,183,0,158,370,0,528,18,0,18,546
12/29/2021,APF,FL,ASO,ES,Federal Contract Tower,0,173,152,0,325,0,3,129,0,132,0,176,281,0,457,28,0,28,485
12/30/2021,APF,FL,ASO,ES,Federal Contract Tower,0,143,170,0,313,0,0,98,0,98,0,143,268,0,411,4,0,4,415
12/31/2021,APF,FL,ASO,ES,Federal Contract Tower,0,99,131,0,230,0,1,63,0,64,0,100,194,0,294,2,0,2,296
01/01/2022,APF,FL,ASO,ES,Federal Contract Tower,0,119,119,1,239,0,7,66,0,73,0,126,185,1,312,8,0,8,320
01/02/2022,APF,FL,ASO,ES,Federal Contract Tower,0,149,227,0,376,0,0,65,0,65,0,149,292,0,441,4,0,4,445
01/03/2022,APF,FL,ASO,ES,Federal Contract Tower,0,160,195,0,355,0,1,78,0,79,0,161,273,0,434,0,0,0,434
01/04/2022,APF,FL,ASO,ES,Federal Contract Tower,0,126,167,0,293,0,1,115,0,116,0,127,282,0,409,18,0,18,427
01/05/2022,APF,FL,ASO,ES,Federal Contract Tower,0,94,120,0,214,0,0,115,0,115,0,94,235,0,329,40,0,40,369
01/06/2022,APF,FL,ASO,ES,Federal Contract Tower,0,104,150,0,254,0,1,145,0,146,0,105,295,0,400,44,0,44,444
01/07/2022,APF,FL,ASO,ES,Federal Contract Tower,0,98,142,2,242,0,1,117,0,118,0,99,259,2,360,74,2,76,436
01/08/2022,APF,FL,ASO,ES,Federal Contract Tower,0,102,111,0,213,0,3,144,0,147,0,105,255,0,360,66,0,66,426
01/09/2022,APF,FL,ASO,ES,Federal Contract Tower,0,103,164,0,267,0,2,96,0,98,0,105,260,0,365,28,0,28,393
01/10/2022,APF,FL,ASO,ES,Federal Contract Tower,0,64,126,0,190,0,2,118,0,120,0,66,244,0,310,58,0,58,368
01/11/2022,APF,FL,ASO,ES,Federal Contract Tower,0,72,113,0,185,0,0,101,0,101,0,72,214,0,286,62,0,62,348
01/12/2022,APF,FL,ASO,ES,Federal Contract Tower,0,92,153,0,245,0,1,128,2,131,0,93,281,2,376,54,0,54,430
01/13/2022,APF,FL,ASO,ES,Federal Contract Tower,0,98,143,0,241,0,1,109,0,110,0,99,252,0,351,40,0,40,391
01/14/2022,APF,FL,ASO,ES,Federal Contract Tower,0,110,163,8,281,0,2,187,0,189,0,112,350,8,470,23,0,23,493
01/15/2022,APF,FL,ASO,ES,Federal Contract Tower,0,82,118,0,200,0,0,188,0,188,0,82,306,0,388,32,0,32,420
01/16/2022,APF,FL,ASO,ES,Federal Contract Tower,0,69,80,0,149,0,0,13,0,13,0,69,93,0,162,0,0,0,162
01/17/2022,APF,FL,ASO,ES,Federal Contract Tower,0,104,160,0,264,0,3,101,0,104,0,107,261,0,368,18,0,18,386
01/18/2022,APF,FL,ASO,ES,Federal Contract Tower,0,91,134,0,225,0,0,166,0,166,0,91,300,0,391,120,0,120,511
01/19/2022,APF,FL,ASO,ES,Federal Contract Tower,0,93,136,0,229,0,2,158,0,160,0,95,294,0,389,34,0,34,423
01/20/2022,APF,FL,ASO,ES,Federal Contract Tower,0,107,145,0,252,0,0,111,0,111,0,107,256,0,363,52,0,52,415
01/21/2022,APF,FL,ASO,ES,Federal Contract Tower,0,79,123,6,208,0,3,84,0,87,0,82,207,6,295,34,0,34,329
01/22/2022,APF,FL,ASO,ES,Federal Contract Tower,0,80,95,0,175,0,0,1,0,1,0,80,96,0,176,0,0,0,176
01/23/2022,APF,FL,ASO,ES,Federal Contract Tower,0,111,156,0,267,0,0,30,0,30,0,111,186,0,297,0,0,0,297
01/24/2022,APF,FL,ASO,ES,Federal Contract Tower,0,63,153,2,218,0,0,162,0,162,0,63,315,2,380,26,0,26,406
01/25/2022,APF,FL,ASO,ES,Federal Contract Tower,0,66,99,0,165,0,1,150,0,151,0,67,249,0,316,70,0,70,386
01/26/2022,APF,FL,ASO,ES,Federal Contract Tower,0,72,138,0,210,0,0,46,0,46,0,72,184,0,256,24,0,24,280
01/27/2022,APF,FL,ASO,ES,Federal Contract Tower,0,105,160,2,267,0,1,119,0,120,0,106,279,2,387,28,0,28,415
01/28/2022,APF,FL,ASO,ES,Federal Contract Tower,0,72,148,0,220,0,2,14,0,16,0,74,162,0,236,26,0,26,262
01/29/2022,APF,FL,ASO,ES,Federal Contract Tower,0,76,72,0,148,0,0,44,0,44,0,76,116,0,192,14,0,14,206
01/30/2022,APF,FL,ASO,ES,Federal Contract Tower,0,116,151,0,267,0,0,177,0,177,0,116,328,0,444,6,0,6,450
01/31/2022,APF,FL,ASO,ES,Federal Contract Tower,0,93,165,0,258,0,0,178,0,178,0,93,343,0,436,30,0,30,466
02/01/2022,APF,FL,ASO,ES,Federal Contract Tower,0,87,143,0,230,0,0,120,0,120,0,87,263,0,350,48,0,48,398
02/02/2022,APF,FL,ASO,ES,Federal Contract Tower,0,82,134,4,220,0,1,144,0,145,0,83,278,4,365,8,0,8,373
02/03/2022,APF,FL,ASO,ES,Federal Contract Tower,0,115,133,0,248,0,2,113,0,115,0,117,246,0,363,38,0,38,401
02/04/2022,APF,FL,ASO,ES,Federal Contract Tower,0,65,157,0,222,0,1,157,0,158,0,66,314,0,380,28,0,28,408
02/05/2022,APF,FL,ASO,ES,Federal Contract Tower,0,64,143,0,207,0,0,99,0,99,0,64,242,0,306,30,0,30,336
02/06/2022,APF,FL,ASO,ES,Federal Contract Tower,0,98,184,0,282,0,1,89,0,90,0,99,273,0,372,6,0,6,378
02/07/2022,APF,FL,ASO,ES,Federal Contract Tower,0,86,158,0,244,0,0,94,2,96,0,86,252,2,340,52,0,52,392
02/08/2022,APF,FL,ASO,ES,Federal Contract Tower,0,67,152,2,221,0,0,60,0,60,0,67,212,2,281,46,0,46,327
02/09/2022,APF,FL,ASO,ES,Federal Contract Tower,0,73,168,4,245,0,1,59,0,60,0,74,227,4,305,24,0,24,329
02/10/2022,APF,FL,ASO,ES,Federal Contract Tower,0,106,212,0,318,0,1,187,0,188,0,107,399,0,506,32,0,32,538
02/11/2022,APF,FL,ASO,ES,Federal Contract Tower,0,104,166,0,270,0,6,152,0,158,0,110,318,0,428,100,0,100,528
02/12/2022,APF,FL,ASO,ES,Federal Contract Tower,0,86,128,1,215,0,0,151,0,151,0,86,279,1,366,36,0,36,402
02/13/2022,APF,FL,ASO,ES,Federal Contract Tower,0,84,138,0,222,0,0,47,0,47,0,84,185,0,269,4,4,8,277
02/14/2022,APF,FL,ASO,ES,Federal Contract Tower,0,118,191,0,309,0,0,123,0,123,0,118,314,0,432,28,0,28,460
02/15/2022,APF,FL,ASO,ES,Federal Contract Tower,0,88,155,4,247,0,1,141,0,142,0,89,296,4,389,22,0,22,411
02/16/2022,APF,FL,ASO,ES,Federal Contract Tower,0,117,183,0,300,0,4,130,0,134,0,121,313,0,434,52,0,52,486
02/17/2022,APF,FL,ASO,ES,Federal Contract Tower,0,91,181,0,272,0,0,131,0,131,0,91,312,0,403,88,0,88,491
02/18/2022,APF,FL,ASO,ES,Federal Contract Tower,0,129,195,0,324,0,0,147,0,147,0,129,342,0,471,14,0,14,485
02/19/2022,APF,FL,ASO,ES,Federal Contract Tower,0,114,156,0,270,0,0,54,0,54,0,114,210,0,324,2,0,2,326
02/20/2022,APF,FL,ASO,ES,Federal Contract Tower,0,122,174,0,296,0,1,122,0,123,0,123,296,0,419,6,0,6,425
02/21/2022,APF,FL,ASO,ES,Federal Contract Tower,0,132,187,0,319,0,2,195,0,197,0,134,382,0,516,4,0,4,520
02/22/2022,APF,FL,ASO,ES,Federal Contract Tower,0,122,153,0,275,0,0,151,0,151,0,122,304,0,426,102,0,102,528
02/23/2022,APF,FL,ASO,ES,Federal Contract Tower,0,116,189,0,305,0,2,167,0,169,0,118,356,0,474,88,0,88,562
02/24/2022,APF,FL,ASO,ES,Federal Contract Tower,0,109,222,2,333,0,0,142,0,142,0,109,364,2,475,48,0,48,523
02/25/2022,APF,FL,ASO,ES,Federal Contract Tower,0,112,167,0,279,0,3,134,0,137,0,115,301,0,416,90,0,90,506
02/26/2022,APF,FL,ASO,ES,Federal Contract Tower,0,108,149,0,257,0,0,123,0,123,0,108,272,0,380,20,0,20,400
02/27/2022,APF,FL,ASO,ES,Federal Contract Tower,0,117,198,0,315,0,1,115,0,116,0,118,313,0,431,42,0,42,473
02/28/2022,APF,FL,ASO,ES,Federal Contract Tower,0,104,158,0,262,0,0,125,0,125,0,104,283,0,387,84,0,84,471
03/01/2022,APF,FL,ASO,ES,Federal Contract Tower,0,81,155,8,244,0,0,128,0,128,0,81,283,8,372,106,0,106,478
03/02/2022,APF,FL,ASO,ES,Federal Contract Tower,0,110,148,0,258,0,0,176,0,176,0,110,324,0,434,106,0,106,540
03/03/2022,APF,FL,ASO,ES,Federal Contract Tower,0,98,191,0,289,0,1,148,0,149,0,99,339,0,438,52,0,52,490
03/04/2022,APF,FL,ASO,ES,Federal Contract Tower,0,102,163,0,265,0,3,173,0,176,0,105,336,0,441,114,0,114,555
03/05/2022,APF,FL,ASO,ES,Federal Contract Tower,0,97,154,0,251,0,0,95,0,95,0,97,249,0,346,6,0,6,352
03/06/2022,APF,FL,ASO,ES,Federal Contract Tower,0,127,197,0,324,0,2,116,0,118,0,129,313,0,442,6,0,6,448
03/07/2022,APF,FL,ASO,ES,Federal Contract Tower,0,75,143,0,218,0,0,135,0,135,0,75,278,0,353,106,0,106,459
03/08/2022,APF,FL,ASO,ES,Federal Contract Tower,0,93,162,2,257,0,0,143,0,143,0,93,305,2,400,50,0,50,450
03/09/2022,APF,FL,ASO,ES,Federal Contract Tower,0,102,152,0,254,0,2,128,1,131,0,104,280,1,385,120,0,120,505
03/10/2022,APF,FL,ASO,ES,Federal Contract Tower,0,120,174,3,297,0,2,93,0,95,0,122,267,3,392,32,0,32,424
03/11/2022,APF,FL,ASO,ES,Federal Contract Tower,0,103,132,2,237,0,2,86,0,88,0,105,218,2,325,26,0,26,351
03/12/2022,APF,FL,ASO,ES,Federal Contract Tower,0,91,111,0,202,0,0,11,0,11,0,91,122,0,213,0,0,0,213
03/13/2022,APF,FL,ASO,ES,Federal Contract Tower,0,117,187,0,304,0,1,100,0,101,0,118,287,0,405,10,0,10,415
03/14/2022,APF,FL,ASO,ES,Federal Contract Tower,0,97,154,8,259,0,0,141,0,141,0,97,295,8,400,88,0,88,488
03/15/2022,APF,FL,ASO,ES,Federal Contract Tower,0,98,147,0,245,0,0,49,0,49,0,98,196,0,294,64,0,64,358
03/16/2022,APF,FL,ASO,ES,Federal Contract Tower,0,89,157,0,246,0,1,57,0,58,0,90,214,0,304,56,0,56,360
03/17/2022,APF,FL,ASO,ES,Federal Contract Tower,0,113,203,0,316,0,0,120,2,122,0,113,323,2,438,34,0,34,472
03/18/2022,APF,FL,ASO,ES,Federal Contract Tower,0,121,178,0,299,0,0,185,2,187,0,121,363,2,486,84,0,84,570
03/19/2022,APF,FL,ASO,ES,Federal Contract Tower,0,146,193,0,339,0,0,131,0,131,0,146,324,0,470,0,0,0,470
03/20/2022,APF,FL,ASO,ES,Federal Contract Tower,0,143,181,0,324,0,2,64,0,66,0,145,245,0,390,0,0,0,390
03/21/2022,APF,FL,ASO,ES,Federal Contract Tower,0,98,120,4,222,0,1,146,0,147,0,99,266,4,369,84,0,84,453
03/22/2022,APF,FL,ASO,ES,Federal Contract Tower,0,83,125,0,208,0,1,152,0,153,0,84,277,0,361,90,0,90,451
03/23/2022,APF,FL,ASO,ES,Federal Contract Tower,0,93,113,0,206,0,0,93,0,93,0,93,206,0,299,62,0,62,361
03/24/2022,APF,FL,ASO,ES,Federal Contract Tower,0,119,159,0,278,0,1,101,1,103,0,120,260,1,381,42,0,42,423
03/25/2022,APF,FL,ASO,ES,Federal Contract Tower,0,114,184,0,298,0,2,154,0,156,0,116,338,0,454,60,0,60,514
03/26/2022,APF,FL,ASO,ES,Federal Contract Tower,0,129,155,0,284,0,0,154,0,154,0,129,309,0,438,38,0,38,476
03/27/2022,APF,FL,ASO,ES,Federal Contract Tower,0,138,170,0,308,0,0,110,0,110,0,138,280,0,418,36,0,36,454
03/28/2022,APF,FL,ASO,ES,Federal Contract Tower,0,84,169,0,253,0,0,154,0,154,0,84,323,0,407,86,0,86,493
03/29/2022,APF,FL,ASO,ES,Federal Contract Tower,0,96,108,0,204,0,0,165,0,165,0,96,273,0,369,78,0,78,447
03/30/2022,APF,FL,ASO,ES,Federal Contract Tower,0,113,119,4,236,0,1,123,0,124,0,114,242,4,360,118,0,118,478
03/31/2022,APF,FL,ASO,ES,Federal Contract Tower,0,125,121,0,246,0,4,85,0,89,0,129,206,0,335,40,0,40,375
04/01/2022,APF,FL,ASO,ES,Federal Contract Tower,0,106,187,8,301,0,1,98,0,99,0,107,285,8,400,48,0,48,448
04/02/2022,APF,FL,ASO,ES,Federal Contract Tower,0,127,126,0,253,0,0,67,0,67,0,127,193,0,320,4,0,4,324
04/03/2022,APF,FL,ASO,ES,Federal Contract Tower,0,158,245,0,403,0,3,56,0,59,0,161,301,0,462,6,0,6,468
04/04/2022,APF,FL,ASO,ES,Federal Contract Tower,0,95,190,2,287,0,0,129,0,129,0,95,319,2,416,74,0,74,490
04/05/2022,APF,FL,ASO,ES,Federal Contract Tower,0,97,128,0,225,0,0,158,0,158,0,97,286,0,383,56,0,56,439
04/06/2022,APF,FL,ASO,ES,Federal Contract Tower,0,92,160,0,252,0,0,160,0,160,0,92,320,0,412,110,0,110,522
04/07/2022,APF,FL,ASO,ES,Federal Contract Tower,0,94,157,0,251,0,2,67,0,69,0,96,224,0,320,38,0,38,358
04/08/2022,APF,FL,ASO,ES,Federal Contract Tower,0,88,159,0,247,0,0,162,0,162,0,88,321,0,409,100,0,100,509
04/09/2022,APF,FL,ASO,ES,Federal Contract Tower,0,90,130,0,220,0,3,84,0,87,0,93,214,0,307,24,0,24,331
04/10/2022,APF,FL,ASO,ES,Federal Contract Tower,0,117,156,0,273,0,0,172,0,172,0,117,328,0,445,26,0,26,471
04/11/2022,APF,FL,ASO,ES,Federal Contract Tower,0,105,138,0,243,0,2,157,0,159,0,107,295,0,402,84,0,84,486
04/12/2022,APF,FL,ASO,ES,Federal Contract Tower,0,100,88,0,188,0,0,128,0,128,0,100,216,0,316,56,0,56,372
04/13/2022,APF,FL,ASO,ES,Federal Contract Tower,0,91,156,0,247,0,0,165,0,165,0,91,321,0,412,96,0,96,508
04/14/2022,APF,FL,ASO,ES,Federal Contract Tower,0,153,185,0,338,0,0,161,0,161,0,153,346,0,499,68,0,68,567
04/15/2022,APF,FL,ASO,ES,Federal Contract Tower,0,117,168,0,285,0,0,113,0,113,0,117,281,0,398,60,0,60,458
04/16/2022,APF,FL,ASO,ES,Federal Contract Tower,0,75,96,0,171,0,1,135,0,136,0,76,231,0,307,54,0,54,361
04/17/2022,APF,FL,ASO,ES,Federal Contract Tower,0,95,86,0,181,0,0,78,0,78,0,95,164,0,259,42,0,42,301
04/18/2022,APF,FL,ASO,ES,Federal Contract Tower,0,150,200,0,350,0,0,185,0,185,0,150,385,0,535,66,0,66,601
04/19/2022,APF,FL,ASO,ES,Federal Contract Tower,0,93,144,0,237,0,0,155,0,155,0,93,299,0,392,40,0,40,432
04/20/2022,APF,FL,ASO,ES,Federal Contract Tower,0,118,160,2,280,0,0,128,0,128,0,118,288,2,408,50,0,50,458
04/21/2022,APF,FL,ASO,ES,Federal Contract Tower,0,98,140,0,238,0,4,122,0,126,0,102,262,0,364,22,0,22,386
04/22/2022,APF,FL,ASO,ES,Federal Contract Tower,0,105,148,0,253,0,2,105,0,107,0,107,253,0,360,44,0,44,404
04/23/2022,APF,FL,ASO,ES,Federal Contract Tower,0,89,120,1,210,0,2,93,0,95,0,91,213,1,305,52,0,52,357
04/24/2022,APF,FL,ASO,ES,Federal Contract Tower,0,128,144,1,273,0,2,123,0,125,0,130,267,1,398,20,0,20,418
04/25/2022,APF,FL,ASO,ES,Federal Contract Tower,0,113,132,4,249,0,2,146,0,148,0,115,278,4,397,48,12,60,457
04/26/2022,APF,FL,ASO,ES,Federal Contract Tower,0,67,117,0,184,0,0,139,0,139,0,67,256,0,323,68,0,68,391
04/27/2022,APF,FL,ASO,ES,Federal Contract Tower,0,89,133,4,226,0,3,152,0,155,0,92,285,4,381,88,0,88,469
04/28/2022,APF,FL,ASO,ES,Federal Contract Tower,0,96,168,1,265,0,0,133,0,133,0,96,301,1,398,92,0,92,490
04/29/2022,APF,FL,ASO,ES,Federal Contract Tower,0,92,157,0,249,0,2,135,0,137,0,94,292,0,386,64,0,64,450
04/30/2022,APF,FL,ASO,ES,Federal Contract Tower,0,69,104,0,173,0,0,67,0,67,0,69,171,0,240,4,0,4,244
05/01/2022,APF,FL,ASO,ES,Federal Contract Tower,0,94,148,0,242,0,0,60,0,60,0,94,208,0,302,8,0,8,310
05/02/2022,APF,FL,ASO,ES,Federal Contract Tower,0,64,130,0,194,0,0,112,0,112,0,64,242,0,306,80,0,80,386
05/03/2022,APF,FL,ASO,ES,Federal Contract Tower,0,91,108,0,199,0,2,104,0,106,0,93,212,0,305,70,0,70,375
05/04/2022,APF,FL,ASO,ES,Federal Contract Tower,0,87,134,0,221,0,1,76,0,77,0,88,210,0,298,32,0,32,330
05/05/2022,APF,FL,ASO,ES,Federal Contract Tower,0,107,133,2,242,0,1,125,0,126,0,108,258,2,368,96,0,96,464
05/06/2022,APF,FL,ASO,ES,Federal Contract Tower,0,92,132,0,224,0,2,117,0,119,0,94,249,0,343,96,0,96,439
05/07/2022,APF,FL,ASO,ES,Federal Contract Tower,0,73,90,0,163,0,0,37,0,37,0,73,127,0,200,38,0,38,238
05/08/2022,APF,FL,ASO,ES,Federal Contract Tower,0,85,109,0,194,0,0,64,0,64,0,85,173,0,258,2,0,2,260
05/09/2022,APF,FL,ASO,ES,Federal Contract Tower,0,95,117,0,212,0,0,158,0,158,0,95,275,0,370,96,0,96,466
05/10/2022,APF,FL,ASO,ES,Federal Contract Tower,0,72,98,0,170,0,0,127,0,127,0,72,225,0,297,110,0,110,407
05/11/2022,APF,FL,ASO,ES,Federal Contract Tower,0,71,111,0,182,0,0,151,0,151,0,71,262,0,333,54,0,54,387
05/12/2022,APF,FL,ASO,ES,Federal Contract Tower,0,87,113,0,200,0,0,99,0,99,0,87,212,0,299,32,0,32,331
05/13/2022,APF,FL,ASO,ES,Federal Contract Tower,0,65,119,0,184,0,2,116,0,118,0,67,235,0,302,44,0,44,346
05/14/2022,APF,FL,ASO,ES,Federal Contract Tower,0,71,58,0,129,0,0,81,0,81,0,71,139,0,210,2,2,4,214
05/15/2022,APF,FL,ASO,ES,Federal Contract Tower,0,92,103,0,195,0,0,78,0,78,0,92,181,0,273,4,0,4,277
05/16/2022,APF,FL,ASO,ES,Federal Contract Tower,0,68,103,0,171,0,0,123,0,123,0,68,226,0,294,34,0,34,328
05/17/2022,APF,FL,ASO,ES,Federal Contract Tower,0,66,104,0,170,0,0,127,0,127,0,66,231,0,297,46,0,46,343
05/18/2022,APF,FL,ASO,ES,Federal Contract Tower,0,56,118,0,174,0,2,135,0,137,0,58,253,0,311,80,0,80,391
05/19/2022,APF,FL,ASO,ES,Federal Contract Tower,0,84,128,0,212,0,1,135,0,136,0,85,263,0,348,72,0,72,420
05/20/2022,APF,FL,ASO,ES,Federal Contract Tower,0,83,79,0,162,0,0,63,0,63,0,83,142,0,225,32,0,32,257
05/21/2022,APF,FL,ASO,ES,Federal Contract Tower,0,55,69,0,124,0,0,58,0,58,0,55,127,0,182,16,0,16,198
05/22/2022,APF,FL,ASO,ES,Federal Contract Tower,0,70,84,0,154,0,0,72,0,72,0,70,156,0,226,28,0,28,254
05/23/2022,APF,FL,ASO,ES,Federal Contract Tower,0,67,114,0,181,0,0,81,0,81,0,67,195,0,262,4,0,4,266
05/24/2022,APF,FL,ASO,ES,Federal Contract Tower,0,71,84,0,155,0,0,93,0,93,0,71,177,0,248,38,0,38,286
05/25/2022,APF,FL,ASO,ES,Federal Contract Tower,0,78,130,0,208,0,0,104,0,104,0,78,234,0,312,46,0,46,358
05/26/2022,APF,FL,ASO,ES,Federal Contract Tower,0,67,109,0,176,0,2,79,0,81,0,69,188,0,257,68,0,68,325
05/27/2022,APF,FL,ASO,ES,Federal Contract Tower,0,47,104,0,151,0,1,92,0,93,0,48,196,0,244,12,0,12,256
05/28/2022,APF,FL,ASO,ES,Federal Contract Tower,0,34,78,0,112,0,0,75,0,75,0,34,153,0,187,52,0,52,239
05/29/2022,APF,FL,ASO,ES,Federal Contract Tower,0,41,44,0,85,0,1,45,0,46,0,42,89,0,131,12,0,12,143
05/30/2022,APF,FL,ASO,ES,Federal Contract Tower,0,54,69,0,123,0,0,57,0,57,0,54,126,0,180,34,0,34,214
05/31/2022,APF,FL,ASO,ES,Federal Contract Tower,0,66,94,0,160,0,0,91,4,95,0,66,185,4,255,56,0,56,311
06/01/2022,APF,FL,ASO,ES,Federal Contract Tower,0,57,97,4,158,0,0,87,12,99,0,57,184,16,257,44,0,44,301
06/02/2022,APF,FL,ASO,ES,Federal Contract Tower,0,47,99,0,146,0,0,93,0,93,0,47,192,0,239,88,0,88,327
06/03/2022,APF,FL,ASO,ES,Federal Contract Tower,0,32,66,0,98,0,0,0,0,0,0,32,66,0,98,0,0,0,98
06/04/2022,APF,FL,ASO,ES,Federal Contract Tower,0,23,30,0,53,0,1,10,0,11,0,24,40,0,64,0,0,0,64
06/05/2022,APF,FL,ASO,ES,Federal Contract Tower,0,42,88,0,130,0,0,74,0,74,0,42,162,0,204,36,0,36,240
06/06/2022,APF,FL,ASO,ES,Federal Contract Tower,0,43,97,0,140,0,0,88,0,88,0,43,185,0,228,68,0,68,296
06/07/2022,APF,FL,ASO,ES,Federal Contract Tower,0,43,84,0,127,0,2,69,0,71,0,45,153,0,198,114,0,114,312
06/08/2022,APF,FL,ASO,ES,Federal Contract Tower,0,43,75,0,118,0,1,104,0,105,0,44,179,0,223,30,0,30,253
06/09/2022,APF,FL,ASO,ES,Federal Contract Tower,0,51,91,0,142,0,1,58,0,59,0,52,149,0,201,70,0,70,271
06/10/2022,APF,FL,ASO,ES,Federal Contract Tower,0,35,88,0,123,0,1,59,0,60,0,36,147,0,183,90,0,90,273
06/11/2022,APF,FL,ASO,ES,Federal Contract Tower,0,46,68,0,114,0,0,73,0,73,0,46,141,0,187,32,0,32,219
06/12/2022,APF,FL,ASO,ES,Federal Contract Tower,0,41,78,0,119,0,0,76,0,76,0,41,154,0,195,42,0,42,237
06/13/2022,APF,FL,ASO,ES,Federal Contract Tower,0,34,80,4,118,0,0,115,0,115,0,34,195,4,233,56,8,64,297
06/14/2022,APF,FL,ASO,ES,Federal Contract Tower,0,27,75,0,102,0,0,86,0,86,0,27,161,0,188,70,0,70,258
06/15/2022,APF,FL,ASO,ES,Federal Contract Tower,0,34,72,0,106,0,0,113,0,113,0,34,185,0,219,106,0,106,325
06/16/2022,APF,FL,ASO,ES,Federal Contract Tower,0,37,72,0,109,0,0,111,0,111,0,37,183,0,220,62,0,62,282
06/17/2022,APF,FL,ASO,ES,Federal Contract Tower,0,34,70,0,104,0,0,95,0,95,0,34,165,0,199,70,0,70,269
06/18/2022,APF,FL,ASO,ES,Federal Contract Tower,0,26,56,0,82,0,0,89,0,89,0,26,145,0,171,24,0,24,195
06/19/2022,APF,FL,ASO,ES,Federal Contract Tower,0,39,51,0,90,0,0,55,0,55,0,39,106,0,145,10,0,10,155
06/20/2022,APF,FL,ASO,ES,Federal Contract Tower,0,35,61,0,96,0,3,82,0,85,0,38,143,0,181,56,0,56,237
06/21/2022,APF,FL,ASO,ES,Federal Contract Tower,0,37,72,0,109,0,1,110,0,111,0,38,182,0,220,98,0,98,318
06/22/2022,APF,FL,ASO,ES,Federal Contract Tower,0,40,42,0,82,0,5,122,0,127,0,45,164,0,209,162,0,162,371
06/23/2022,APF,FL,ASO,ES,Federal Contract Tower,0,48,66,0,114,0,0,112,0,112,0,48,178,0,226,128,0,128,354
06/24/2022,APF,FL,ASO,ES,Federal Contract Tower,0,33,72,0,105,0,4,89,0,93,0,37,161,0,198,144,0,144,342
06/25/2022,APF,FL,ASO,ES,Federal Contract Tower,0,35,50,0,85,0,0,73,0,73,0,35,123,0,158,42,0,42,200
06/26/2022,APF,FL,ASO,ES,Federal Contract Tower,0,38,65,2,105,0,0,41,0,41,0,38,106,2,146,8,0,8,154
06/27/2022,APF,FL,ASO,ES,Federal Contract Tower,0,47,64,0,111,0,3,112,0,115,0,50,176,0,226,58,0,58,284
06/28/2022,APF,FL,ASO,ES,Federal Contract Tower,0,27,64,0,91,0,3,102,0,105,0,30,166,0,196,38,0,38,234
06/29/2022,APF,FL,ASO,ES,Federal Contract Tower,0,40,68,0,108,0,0,97,0,97,0,40,165,0,205,86,0,86,291
06/30/2022,APF,FL,ASO,ES,Federal Contract Tower,0,51,73,0,124,0,1,94,0,95,0,52,167,0,219,88,0,88,307
07/01/2022,APF,FL,ASO,ES,Federal Contract Tower,0,42,80,0,122,0,3,73,0,76,0,45,153,0,198,84,0,84,282
07/02/2022,APF,FL,ASO,ES,Federal Contract Tower,0,31,60,0,91,0,1,57,0,58,0,32,117,0,149,18,0,18,167
07/03/2022,APF,FL,ASO,ES,Federal Contract Tower,0,22,32,0,54,0,0,77,0,77,0,22,109,0,131,50,0,50,181
07/04/2022,APF,FL,ASO,ES,Federal Contract Tower,0,15,21,0,36,0,0,48,0,48,0,15,69,0,84,24,0,24,108
07/05/2022,APF,FL,ASO,ES,Federal Contract Tower,0,32,64,0,96,0,0,72,0,72,0,32,136,0,168,14,0,14,182
07/06/2022,APF,FL,ASO,ES,Federal Contract Tower,0,42,66,0,108,0,1,53,0,54,0,43,119,0,162,106,0,106,268
07/07/2022,APF,FL,ASO,ES,Federal Contract Tower,0,48,61,0,109,0,0,72,0,72,0,48,133,0,181,90,0,90,271
07/08/2022,APF,FL,ASO,ES,Federal Contract Tower,0,33,69,0,102,0,2,86,0,88,0,35,155,0,190,62,0,62,252
07/09/2022,APF,FL,ASO,ES,Federal Contract Tower,0,27,54,2,83,0,0,89,0,89,0,27,143,2,172,24,0,24,196
07/10/2022,APF,FL,ASO,ES,Federal Contract Tower,0,34,54,0,88,0,1,33,0,34,0,35,87,0,122,4,0,4,126
07/11/2022,APF,FL,ASO,ES,Federal Contract Tower,0,33,69,0,102,0,0,78,0,78,0,33,147,0,180,40,0,40,220
07/12/2022,APF,FL,ASO,ES,Federal Contract Tower,0,40,56,0,96,0,0,105,0,105,0,40,161,0,201,66,0,66,267
07/13/2022,APF,FL,ASO,ES,Federal Contract Tower,0,25,66,0,91,0,1,107,0,108,0,26,173,0,199,54,0,54,253
07/14/2022,APF,FL,ASO,ES,Federal Contract Tower,0,31,70,0,101,0,0,76,0,76,0,31,146,0,177,34,0,34,211
07/15/2022,APF,FL,ASO,ES,Federal Contract Tower,0,27,74,0,101,0,0,65,0,65,0,27,139,0,166,62,0,62,228
07/16/2022,APF,FL,ASO,ES,Federal Contract Tower,0,19,50,0,69,0,0,78,0,78,0,19,128,0,147,82,0,82,229
07/17/2022,APF,FL,ASO,ES,Federal Contract Tower,0,37,57,0,94,0,0,62,0,62,0,37,119,0,156,30,0,30,186
07/18/2022,APF,FL,ASO,ES,Federal Contract Tower,0,24,78,0,102,0,1,109,0,110,0,25,187,0,212,50,0,50,262
07/19/2022,APF,FL,ASO,ES,Federal Contract Tower,0,37,66,0,103,0,0,108,0,108,0,37,174,0,211,110,0,110,321
07/20/2022,APF,FL,ASO,ES,Federal Contract Tower,0,28,66,0,94,0,0,91,0,91,0,28,157,0,185,108,0,108,293
07/21/2022,APF,FL,ASO,ES,Federal Contract Tower,0,36,62,0,98,0,0,84,0,84,0,36,146,0,182,80,0,80,262
07/22/2022,APF,FL,ASO,ES,Federal Contract Tower,0,36,78,0,114,0,0,75,0,75,0,36,153,0,189,46,0,46,235
07/23/2022,APF,FL,ASO,ES,Federal Contract Tower,0,33,46,0,79,0,0,71,0,71,0,33,117,0,150,32,0,32,182
07/24/2022,APF,FL,ASO,ES,Federal Contract Tower,0,39,70,0,109,0,2,63,0,65,0,41,133,0,174,4,0,4,178
07/25/2022,APF,FL,ASO,ES,Federal Contract Tower,0,33,50,5,88,0,0,90,0,90,0,33,140,5,178,22,0,22,200
07/26/2022,APF,FL,ASO,ES,Federal Contract Tower,0,40,40,0,80,0,0,61,0,61,0,40,101,0,141,98,0,98,239
07/27/2022,APF,FL,ASO,ES,Federal Contract Tower,0,30,54,2,86,0,2,89,0,91,0,32,143,2,177,68,0,68,245
07/28/2022,APF,FL,ASO,ES,Federal Contract Tower,0,38,77,0,115,0,2,136,0,138,0,40,213,0,253,52,0,52,305
07/29/2022,APF,FL,ASO,ES,Federal Contract Tower,0,26,63,0,89,0,0,85,0,85,0,26,148,0,174,60,0,60,234
07/30/2022,APF,FL,ASO,ES,Federal Contract Tower,0,36,60,0,96,0,1,85,0,86,0,37,145,0,182,54,0,54,236
07/31/2022,APF,FL,ASO,ES,Federal Contract Tower,0,27,69,0,96,0,2,81,0,83,0,29,150,0,179,32,0,32,211
08/01/2022,APF,FL,ASO,ES,Federal Contract Tower,0,20,61,0,81,0,0,80,0,80,0,20,141,0,161,70,0,70,231
08/02/2022,APF,FL,ASO,ES,Federal Contract Tower,0,25,54,0,79,0,1,97,0,98,0,26,151,0,177,72,0,72,249
08/03/2022,APF,FL,ASO,ES,Federal Contract Tower,0,21,63,0,84,0,1,78,0,79,0,22,141,0,163,72,0,72,235
08/04/2022,APF,FL,ASO,ES,Federal Contract Tower,0,27,70,0,97,0,0,71,0,71,0,27,141,0,168,110,0,110,278
08/05/2022,APF,FL,ASO,ES,Federal Contract Tower,0,29,75,0,104,0,2,60,0,62,0,31,135,0,166,86,0,86,252
08/06/2022,APF,FL,ASO,ES,Federal Contract Tower,0,39,41,2,82,0,0,52,0,52,0,39,93,2,134,10,0,10,144
08/07/2022,APF,FL,ASO,ES,Federal Contract Tower,0,34,70,0,104,0,0,65,0,65,0,34,135,0,169,18,0,18,187
08/08/2022,APF,FL,ASO,ES,Federal Contract Tower,0,29,68,0,97,0,0,132,0,132,0,29,200,0,229,112,0,112,341
08/09/2022,APF,FL,ASO,ES,Federal Contract Tower,0,25,66,0,91,0,0,90,0,90,0,25,156,0,181,66,0,66,247
08/10/2022,APF,FL,ASO,ES,Federal Contract Tower,0,32,56,0,88,0,0,113,0,113,0,32,169,0,201,81,0,81,282
08/11/2022,APF,FL,ASO,ES,Federal Contract Tower,0,43,60,0,103,0,0,128,0,128,0,43,188,0,231,36,0,36,267
08/12/2022,APF,FL,ASO,ES,Federal Contract Tower,0,26,69,0,95,0,0,121,0,121,0,26,190,0,216,62,0,62,278
08/13/2022,APF,FL,ASO,ES,Federal Contract Tower,0,24,41,0,65,0,0,84,0,84,0,24,125,0,149,32,0,32,181
08/14/2022,APF,FL,ASO,ES,Federal Contract Tower,0,31,63,0,94,0,0,71,0,71,0,31,134,0,165,6,0,6,171
08/15/2022,APF,FL,ASO,ES,Federal Contract Tower,0,28,46,0,74,0,0,70,0,70,0,28,116,0,144,110,0,110,254
08/16/2022,APF,FL,ASO,ES,Federal Contract Tower,0,22,51,0,73,0,0,97,0,97,0,22,148,0,170,142,0,142,312
08/17/2022,APF,FL,ASO,ES,Federal Contract Tower,0,40,69,4,113,0,2,100,0,102,0,42,169,4,215,72,0,72,287
08/18/2022,APF,FL,ASO,ES,Federal Contract Tower,0,37,73,0,110,0,2,72,0,74,0,39,145,0,184,90,0,90,274
08/19/2022,APF,FL,ASO,ES,Federal Contract Tower,0,25,61,0,86,0,2,88,0,90,0,27,149,0,176,82,0,82,258
08/20/2022,APF,FL,ASO,ES,Federal Contract Tower,0,23,42,0,65,0,0,108,0,108,0,23,150,0,173,46,0,46,219
08/21/2022,APF,FL,ASO,ES,Federal Contract Tower,0,41,63,0,104,0,0,60,0,60,0,41,123,0,164,22,0,22,186
08/22/2022,APF,FL,ASO,ES,Federal Contract Tower,0,22,51,2,75,0,0,77,0,77,0,22,128,2,152,90,0,90,242
08/23/2022,APF,FL,ASO,ES,Federal Contract Tower,0,37,46,0,83,0,0,118,0,118,0,37,164,0,201,84,0,84,285
08/24/2022,APF,FL,ASO,ES,Federal Contract Tower,0,31,64,0,95,0,0,111,0,111,0,31,175,0,206,90,0,90,296
08/25/2022,APF,FL,ASO,ES,Federal Contract Tower,0,29,63,1,93,0,0,98,0,98,0,29,161,1,191,30,0,30,221
08/26/2022,APF,FL,ASO,ES,Federal Contract Tower,0,30,57,9,96,0,0,93,0,93,0,30,150,9,189,52,0,52,241
08/27/2022,APF,FL,ASO,ES,Federal Contract Tower,0,30,35,0,65,0,0,60,0,60,0,30,95,0,125,72,0,72,197
08/28/2022,APF,FL,ASO,ES,Federal Contract Tower,0,41,66,4,111,0,0,51,0,51,0,41,117,4,162,28,0,28,190
08/29/2022,APF,FL,ASO,ES,Federal Contract Tower,0,27,41,0,68,0,0,54,0,54,0,27,95,0,122,22,0,22,144
08/30/2022,APF,FL,ASO,ES,Federal Contract Tower,0,33,36,0,69,0,0,79,0,79,0,33,115,0,148,46,0,46,194
08/31/2022,APF,FL,ASO,ES,Federal Contract Tower,0,31,62,0,93,0,0,107,0,107,0,31,169,0,200,80,0,80,280
09/01/2022,APF,FL,ASO,ES,Federal Contract Tower,0,38,66,0,104,0,1,82,0,83,0,39,148,0,187,50,0,50,237
09/02/2022,APF,FL,ASO,ES,Federal Contract Tower,0,47,76,0,123,0,0,111,0,111,0,47,187,0,234,68,0,68,302
09/03/2022,APF,FL,ASO,ES,Federal Contract Tower,0,21,35,0,56,0,2,68,0,70,0,23,103,0,126,34,0,34,160
09/04/2022,APF,FL,ASO,ES,Federal Contract Tower,0,17,33,0,50,0,4,107,0,111,0,21,140,0,161,6,0,6,167
09/05/2022,APF,FL,ASO,ES,Federal Contract Tower,0,55,58,0,113,0,0,96,0,96,0,55,154,0,209,16,0,16,225
09/06/2022,APF,FL,ASO,ES,Federal Contract Tower,0,35,73,0,108,0,0,106,0,106,0,35,179,0,214,112,0,112,326
09/07/2022,APF,FL,ASO,ES,Federal Contract Tower,0,42,41,1,84,0,2,98,0,100,0,44,139,1,184,82,0,82,266
09/08/2022,APF,FL,ASO,ES,Federal Contract Tower,0,35,46,0,81,0,1,89,0,90,0,36,135,0,171,42,0,42,213
09/09/2022,APF,FL,ASO,ES,Federal Contract Tower,0,34,69,2,105,0,2,86,0,88,0,36,155,2,193,60,0,60,253
09/10/2022,APF,FL,ASO,ES,Federal Contract Tower,0,21,32,0,53,0,0,54,0,54,0,21,86,0,107,2,0,2,109
09/11/2022,APF,FL,ASO,ES,Federal Contract Tower,0,42,63,0,105,0,0,54,0,54,0,42,117,0,159,16,0,16,175
09/12/2022,APF,FL,ASO,ES,Federal Contract Tower,0,32,63,0,95,0,0,72,0,72,0,32,135,0,167,70,0,70,237
09/13/2022,APF,FL,ASO,ES,Federal Contract Tower,0,25,55,0,80,0,2,69,0,71,0,27,124,0,151,32,0,32,183
09/14/2022,APF,FL,ASO,ES,Federal Contract Tower,0,32,42,0,74,0,1,76,0,77,0,33,118,0,151,38,0,38,189
09/15/2022,APF,FL,ASO,ES,Federal Contract Tower,0,50,71,0,121,0,0,67,0,67,0,50,138,0,188,60,0,60,248
09/16/2022,APF,FL,ASO,ES,Federal Contract Tower,0,34,62,0,96,0,0,51,0,51,0,34,113,0,147,34,0,34,181
09/17/2022,APF,FL,ASO,ES,Federal Contract Tower,0,31,34,0,65,0,0,90,0,90,0,31,124,0,155,44,0,44,199
09/18/2022,APF,FL,ASO,ES,Federal Contract Tower,0,33,82,0,115,0,0,88,0,88,0,33,170,0,203,56,0,56,259
09/19/2022,APF,FL,ASO,ES,Federal Contract Tower,0,42,56,0,98,0,1,81,0,82,0,43,137,0,180,42,0,42,222
09/20/2022,APF,FL,ASO,ES,Federal Contract Tower,0,30,41,0,71,0,0,99,0,99,0,30,140,0,170,44,0,44,214
09/21/2022,APF,FL,ASO,ES,Federal Contract Tower,0,43,81,0,124,0,0,102,0,102,0,43,183,0,226,68,0,68,294
09/22/2022,APF,FL,ASO,ES,Federal Contract Tower,0,42,71,0,113,0,0,100,0,100,0,42,171,0,213,84,0,84,297
09/23/2022,APF,FL,ASO,ES,Federal Contract Tower,0,37,80,0,117,0,2,127,0,129,0,39,207,0,246,78,0,78,324
09/24/2022,APF,FL,ASO,ES,Federal Contract Tower,0,31,48,0,79,0,0,63,0,63,0,31,111,0,142,58,0,58,200
09/25/2022,APF,FL,ASO,ES,Federal Contract Tower,0,55,77,2,134,0,0,63,10,73,0,55,140,12,207,38,0,38,245
09/26/2022,APF,FL,ASO,ES,Federal Contract Tower,0,71,84,0,155,0,7,82,0,89,0,78,166,0,244,44,0,44,288
09/27/2022,APF,FL,ASO,ES,Federal Contract Tower,0,24,24,0,48,0,0,1,0,1,0,24,25,0,49,0,0,0,49
09/28/2022,APF,FL,ASO,ES,Federal Contract Tower,0,0,0,0,0,0,0,0,0,0,0,0,0,0,0,0,0,0,0
09/30/2022,APF,FL,ASO,ES,Federal Contract Tower,0,24,50,0,74,0,0,16,0,16,0,24,66,0,90,0,0,0,90
10/01/2022,APF,FL,ASO,ES,Federal Contract Tower,0,42,77,0,119,0,0,62,0,62,0,42,139,0,181,0,0,0,181
10/02/2022,APF,FL,ASO,ES,Federal Contract Tower,0,70,62,0,132,0,1,100,0,101,0,71,162,0,233,0,0,0,233
10/03/2022,APF,FL,ASO,ES,Federal Contract Tower,0,71,86,0,157,0,0,102,0,102,0,71,188,0,259,0,0,0,259
10/04/2022,APF,FL,ASO,ES,Federal Contract Tower,0,69,87,0,156,0,0,99,0,99,0,69,186,0,255,2,0,2,257
10/05/2022,APF,FL,ASO,ES,Federal Contract Tower,0,68,71,0,139,0,0,50,0,50,0,68,121,0,189,2,0,2,191
10/06/2022,APF,FL,ASO,ES,Federal Contract Tower,0,67,80,0,147,0,1,114,0,115,0,68,194,0,262,40,0,40,302
10/07/2022,APF,FL,ASO,ES,Federal Contract Tower,0,61,75,0,136,0,0,82,0,82,0,61,157,0,218,42,0,42,260
10/08/2022,APF,FL,ASO,ES,Federal Contract Tower,0,53,64,0,117,0,1,68,0,69,0,54,132,0,186,12,0,12,198
10/09/2022,APF,FL,ASO,ES,Federal Contract Tower,0,67,71,0,138,0,0,37,0,37,0,67,108,0,175,4,0,4,179
10/10/2022,APF,FL,ASO,ES,Federal Contract Tower,0,67,100,0,167,0,0,65,0,65,0,67,165,0,232,10,0,10,242
10/11/2022,APF,FL,ASO,ES,Federal Contract Tower,0,42,79,0,121,0,0,62,0,62,0,42,141,0,183,38,0,38,221
10/12/2022,APF,FL,ASO,ES,Federal Contract Tower,0,39,82,0,121,0,0,102,0,102,0,39,184,0,223,72,0,72,295
10/13/2022,APF,FL,ASO,ES,Federal Contract Tower,0,40,81,0,121,0,0,59,0,59,0,40,140,0,180,52,0,52,232
10/14/2022,APF,FL,ASO,ES,Federal Contract Tower,0,53,89,0,142,0,0,112,0,112,0,53,201,0,254,56,0,56,310
10/15/2022,APF,FL,ASO,ES,Federal Contract Tower,0,57,56,0,113,0,0,66,0,66,0,57,122,0,179,8,0,8,187
10/16/2022,APF,FL,ASO,ES,Federal Contract Tower,0,75,86,0,161,0,3,61,0,64,0,78,147,0,225,4,0,4,229
10/17/2022,APF,FL,ASO,ES,Federal Contract Tower,0,69,99,0,168,0,1,80,0,81,0,70,179,0,249,36,0,36,285
10/18/2022,APF,FL,ASO,ES,Federal Contract Tower,0,59,99,0,158,0,0,75,0,75,0,59,174,0,233,80,0,80,313
10/19/2022,APF,FL,ASO,ES,Federal Contract Tower,0,48,102,0,150,0,1,83,0,84,0,49,185,0,234,70,0,70,304
10/20/2022,APF,FL,ASO,ES,Federal Contract Tower,0,80,108,0,188,0,0,108,0,108,0,80,216,0,296,88,0,88,384
10/21/2022,APF,FL,ASO,ES,Federal Contract Tower,0,61,116,0,177,0,0,143,0,143,0,61,259,0,320,70,0,70,390
10/22/2022,APF,FL,ASO,ES,Federal Contract Tower,0,40,50,0,90,0,0,96,0,96,0,40,146,0,186,28,0,28,214
10/23/2022,APF,FL,ASO,ES,Federal Contract Tower,0,76,79,0,155,0,6,112,0,118,0,82,191,0,273,30,0,30,303
10/24/2022,APF,FL,ASO,ES,Federal Contract Tower,0,54,109,0,163,0,0,109,0,109,0,54,218,0,272,118,0,118,390
10/25/2022,APF,FL,ASO,ES,Federal Contract Tower,0,47,76,0,123,0,0,122,0,122,0,47,198,0,245,184,0,184,429
10/26/2022,APF,FL,ASO,ES,Federal Contract Tower,0,65,96,0,161,0,0,120,0,120,0,65,216,0,281,64,2,66,347
10/27/2022,APF,FL,ASO,ES,Federal Contract Tower,0,86,126,0,212,0,0,149,0,149,0,86,275,0,361,94,0,94,455
10/28/2022,APF,FL,ASO,ES,Federal Contract Tower,0,67,121,0,188,0,0,123,0,123,0,67,244,0,311,88,0,88,399
10/29/2022,APF,FL,ASO,ES,Federal Contract Tower,0,62,75,2,139,0,0,87,0,87,0,62,162,2,226,34,0,34,260
10/30/2022,APF,FL,ASO,ES,Federal Contract Tower,0,70,79,0,149,0,2,69,0,71,0,72,148,0,220,0,0,0,220
10/31/2022,APF,FL,ASO,ES,Federal Contract Tower,0,87,102,0,189,0,2,95,0,97,0,89,197,0,286,94,0,94,380
11/01/2022,APF,FL,ASO,ES,Federal Contract Tower,0,75,103,0,178,0,1,115,0,116,0,76,218,0,294,94,0,94,388
11/02/2022,APF,FL,ASO,ES,Federal Contract Tower,0,67,99,0,166,0,2,68,0,70,0,69,167,0,236,68,0,68,304
11/03/2022,APF,FL,ASO,ES,Federal Contract Tower,0,49,131,0,180,0,0,137,0,137,0,49,268,0,317,54,0,54,371
11/04/2022,APF,FL,ASO,ES,Federal Contract Tower,0,56,126,2,184,0,0,144,0,144,0,56,270,2,328,162,0,162,490
11/05/2022,APF,FL,ASO,ES,Federal Contract Tower,0,48,63,0,111,0,0,67,0,67,0,48,130,0,178,50,0,50,228
11/06/2022,APF,FL,ASO,ES,Federal Contract Tower,0,63,106,0,169,0,0,64,0,64,0,63,170,0,233,20,0,20,253
11/07/2022,APF,FL,ASO,ES,Federal Contract Tower,0,62,106,0,168,0,0,116,0,116,0,62,222,0,284,92,0,92,376
11/08/2022,APF,FL,ASO,ES,Federal Contract Tower,0,59,99,0,158,0,0,121,0,121,0,59,220,0,279,42,0,42,321
11/09/2022,APF,FL,ASO,ES,Federal Contract Tower,0,56,53,0,109,0,0,18,0,18,0,56,71,0,127,14,0,14,141
11/10/2022,APF,FL,ASO,ES,Federal Contract Tower,0,33,43,0,76,0,0,16,0,16,0,33,59,0,92,0,0,0,92
11/11/2022,APF,FL,ASO,ES,Federal Contract Tower,0,58,96,1,155,0,0,115,1,116,0,58,211,2,271,74,0,74,345
11/12/2022,APF,FL,ASO,ES,Federal Contract Tower,0,54,87,0,141,0,1,110,0,111,0,55,197,0,252,42,0,42,294
11/13/2022,APF,FL,ASO,ES,Federal Contract Tower,0,83,129,0,212,0,0,95,0,95,0,83,224,0,307,14,0,14,321
11/14/2022,APF,FL,ASO,ES,Federal Contract Tower,0,79,136,0,215,0,0,89,0,89,0,79,225,0,304,46,0,46,350
11/15/2022,APF,FL,ASO,ES,Federal Contract Tower,0,75,105,0,180,0,1,158,0,159,0,76,263,0,339,82,0,82,421
11/16/2022,APF,FL,ASO,ES,Federal Contract Tower,0,73,129,0,202,0,0,168,0,168,0,73,297,0,370,152,0,152,522
11/17/2022,APF,FL,ASO,ES,Federal Contract Tower,0,93,148,0,241,0,0,133,0,133,0,93,281,0,374,92,0,92,466
11/18/2022,APF,FL,ASO,ES,Federal Contract Tower,0,92,143,0,235,0,3,120,0,123,0,95,263,0,358,76,0,76,434
11/19/2022,APF,FL,ASO,ES,Federal Contract Tower,0,127,108,0,235,0,0,122,0,122,0,127,230,0,357,10,0,10,367
11/20/2022,APF,FL,ASO,ES,Federal Contract Tower,0,84,123,0,207,0,2,37,0,39,0,86,160,0,246,8,0,8,254
11/21/2022,APF,FL,ASO,ES,Federal Contract Tower,0,67,95,2,164,0,0,64,2,66,0,67,159,4,230,94,0,94,324
11/22/2022,APF,FL,ASO,ES,Federal Contract Tower,0,78,139,0,217,0,1,69,0,70,0,79,208,0,287,72,0,72,359
11/23/2022,APF,FL,ASO,ES,Federal Contract Tower,0,85,100,0,185,0,0,69,0,69,0,85,169,0,254,16,0,16,270
11/24/2022,APF,FL,ASO,ES,Federal Contract Tower,0,18,27,0,45,0,0,25,0,25,0,18,52,0,70,22,0,22,92
11/25/2022,APF,FL,ASO,ES,Federal Contract Tower,0,62,47,0,109,0,1,85,0,86,0,63,132,0,195,54,0,54,249
11/26/2022,APF,FL,ASO,ES,Federal Contract Tower,0,111,120,0,231,0,1,89,0,90,0,112,209,0,321,16,0,16,337
11/27/2022,APF,FL,ASO,ES,Federal Contract Tower,0,110,166,0,276,0,2,83,0,85,0,112,249,0,361,0,0,0,361
11/28/2022,APF,FL,ASO,ES,Federal Contract Tower,0,99,116,0,215,0,1,53,0,54,0,100,169,0,269,22,0,22,291
11/29/2022,APF,FL,ASO,ES,Federal Contract Tower,0,73,122,0,195,0,0,128,0,128,0,73,250,0,323,84,0,84,407
11/30/2022,APF,FL,ASO,ES,Federal Contract Tower,0,72,104,0,176,0,0,137,0,137,0,72,241,0,313,98,0,98,411
12/01/2022,APF,FL,ASO,ES,Federal Contract Tower,0,87,89,0,176,0,2,114,0,116,0,89,203,0,292,96,0,96,388
12/02/2022,APF,FL,ASO,ES,Federal Contract Tower,0,45,101,0,146,0,1,104,0,105,0,46,205,0,251,62,0,62,313
12/03/2022,APF,FL,ASO,ES,Federal Contract Tower,0,60,82,0,142,0,2,76,0,78,0,62,158,0,220,34,0,34,254
12/04/2022,APF,FL,ASO,ES,Federal Contract Tower,0,84,99,0,183,0,0,103,0,103,0,84,202,0,286,14,0,14,300
12/05/2022,APF,FL,ASO,ES,Federal Contract Tower,0,36,66,0,102,0,0,116,0,116,0,36,182,0,218,92,0,92,310
12/06/2022,APF,FL,ASO,ES,Federal Contract Tower,0,63,77,0,140,0,0,138,0,138,0,63,215,0,278,124,0,124,402
12/07/2022,APF,FL,ASO,ES,Federal Contract Tower,0,53,77,0,130,0,2,115,0,117,0,55,192,0,247,86,0,86,333
12/08/2022,APF,FL,ASO,ES,Federal Contract Tower,0,57,103,5,165,0,1,103,4,108,0,58,206,9,273,96,0,96,369
12/09/2022,APF,FL,ASO,ES,Federal Contract Tower,0,60,88,0,148,0,4,81,0,85,0,64,169,0,233,46,0,46,279
12/10/2022,APF,FL,ASO,ES,Federal Contract Tower,0,43,98,0,141,0,0,91,0,91,0,43,189,0,232,66,0,66,298
12/11/2022,APF,FL,ASO,ES,Federal Contract Tower,0,77,104,0,181,0,0,79,0,79,0,77,183,0,260,18,0,18,278
12/12/2022,APF,FL,ASO,ES,Federal Contract Tower,0,93,97,0,190,0,0,90,0,90,0,93,187,0,280,158,0,158,438
12/13/2022,APF,FL,ASO,ES,Federal Contract Tower,0,53,91,1,145,0,0,126,0,126,0,53,217,1,271,120,0,120,391
12/14/2022,APF,FL,ASO,ES,Federal Contract Tower,0,73,86,0,159,0,0,133,0,133,0,73,219,0,292,74,0,74,366
12/15/2022,APF,FL,ASO,ES,Federal Contract Tower,0,70,86,0,156,0,0,88,0,88,0,70,174,0,244,24,0,24,268
12/16/2022,APF,FL,ASO,ES,Federal Contract Tower,0,85,143,4,232,0,3,73,0,76,0,88,216,4,308,42,0,42,350
12/17/2022,APF,FL,ASO,ES,Federal Contract Tower,0,66,94,0,160,0,0,75,4,79,0,66,169,4,239,6,0,6,245
12/18/2022,APF,FL,ASO,ES,Federal Contract Tower,0,81,117,0,198,0,80,0,0,80,0,161,117,0,278,4,0,4,282
12/19/2022,APF,FL,ASO,ES,Federal Contract Tower,0,65,98,0,163,0,0,111,0,111,0,65,209,0,274,34,0,34,308
12/20/2022,APF,FL,ASO,ES,Federal Contract Tower,0,66,87,0,153,0,2,65,0,67,0,68,152,0,220,26,0,26,246
12/21/2022,APF,FL,ASO,ES,Federal Contract Tower,0,102,122,0,224,0,0,74,0,74,0,102,196,0,298,34,0,34,332
12/22/2022,APF,FL,ASO,ES,Federal Contract Tower,0,98,98,0,196,0,0,27,0,27,0,98,125,0,223,0,0,0,223
12/23/2022,APF,FL,ASO,ES,Federal Contract Tower,0,57,68,0,125,0,0,47,0,47,0,57,115,0,172,2,0,2,174
12/24/2022,APF,FL,ASO,ES,Federal Contract Tower,0,53,41,0,94,0,0,52,0,52,0,53,93,0,146,2,0,2,148
12/25/2022,APF,FL,ASO,ES,Federal Contract Tower,0,110,41,0,151,0,0,17,0,17,0,110,58,0,168,0,0,0,168
12/26/2022,APF,FL,ASO,ES,Federal Contract Tower,0,190,234,0,424,0,3,76,0,79,0,193,310,0,503,6,0,6,509
12/27/2022,APF,FL,ASO,ES,Federal Contract Tower,0,172,205,0,377,0,1,104,0,105,0,173,309,0,482,0,0,0,482
12/28/2022,APF,FL,ASO,ES,Federal Contract Tower,0,144,170,0,314,0,5,131,0,136,0,149,301,0,450,6,0,6,456
12/29/2022,APF,FL,ASO,ES,Federal Contract Tower,0,167,122,2,291,0,1,130,0,131,0,168,252,2,422,8,0,8,430
12/30/2022,APF,FL,ASO,ES,Federal Contract Tower,0,109,129,0,238,0,0,102,0,102,0,109,231,0,340,2,0,2,342
12/31/2022,APF,FL,ASO,ES,Federal Contract Tower,0,90,75,0,165,0,0,70,0,70,0,90,145,0,235,14,0,14,249
01/01/2023,APF,FL,ASO,ES,Federal Contract Tower,0,116,128,0,244,0,0,49,0,49,0,116,177,0,293,18,0,18,311
01/02/2023,APF,FL,ASO,ES,Federal Contract Tower,0,147,152,0,299,0,0,127,0,127,0,147,279,0,426,0,0,0,426
01/03/2023,APF,FL,ASO,ES,Federal Contract Tower,0,100,147,0,247,0,0,80,0,80,0,100,227,0,327,0,0,0,327
01/04/2023,APF,FL,ASO,ES,Federal Contract Tower,0,95,96,0,191,0,0,118,0,118,0,95,214,0,309,24,0,24,333
01/05/2023,APF,FL,ASO,ES,Federal Contract Tower,0,80,108,0,188,0,0,122,0,122,0,80,230,0,310,44,0,44,354
01/06/2023,APF,FL,ASO,ES,Federal Contract Tower,0,100,120,0,220,0,0,158,0,158,0,100,278,0,378,50,0,50,428
01/07/2023,APF,FL,ASO,ES,Federal Contract Tower,0,84,88,0,172,0,1,134,0,135,0,85,222,0,307,10,0,10,317
01/08/2023,APF,FL,ASO,ES,Federal Contract Tower,0,104,102,0,206,0,0,116,0,116,0,104,218,0,322,40,0,40,362
01/09/2023,APF,FL,ASO,ES,Federal Contract Tower,0,69,134,0,203,0,0,141,0,141,0,69,275,0,344,114,0,114,458
01/10/2023,APF,FL,ASO,ES,Federal Contract Tower,0,53,112,0,165,0,0,163,0,163,0,53,275,0,328,112,0,112,440
01/11/2023,APF,FL,ASO,ES,Federal Contract Tower,0,61,79,0,140,0,2,130,2,134,0,63,209,2,274,104,0,104,378
01/12/2023,APF,FL,ASO,ES,Federal Contract Tower,0,80,121,0,201,0,4,154,0,158,0,84,275,0,359,60,0,60,419
01/13/2023,APF,FL,ASO,ES,Federal Contract Tower,0,69,91,0,160,0,0,49,0,49,0,69,140,0,209,70,0,70,279
01/14/2023,APF,FL,ASO,ES,Federal Contract Tower,0,88,75,0,163,0,0,77,0,77,0,88,152,0,240,6,0,6,246
01/15/2023,APF,FL,ASO,ES,Federal Contract Tower,0,80,114,0,194,0,2,137,0,139,0,82,251,0,333,20,0,20,353
01/16/2023,APF,FL,ASO,ES,Federal Contract Tower,0,92,129,0,221,0,0,153,0,153,0,92,282,0,374,118,0,118,492
01/17/2023,APF,FL,ASO,ES,Federal Contract Tower,0,95,97,0,192,0,0,198,2,200,0,95,295,2,392,66,0,66,458
01/18/2023,APF,FL,ASO,ES,Federal Contract Tower,0,87,90,0,177,0,0,158,4,162,0,87,248,4,339,122,0,122,461
01/19/2023,APF,FL,ASO,ES,Federal Contract Tower,0,97,123,2,222,0,0,161,5,166,0,97,284,7,388,118,1,119,507
01/20/2023,APF,FL,ASO,ES,Federal Contract Tower,0,80,116,0,196,0,3,134,3,140,0,83,250,3,336,58,0,58,394
01/21/2023,APF,FL,ASO,ES,Federal Contract Tower,0,74,90,0,164,0,1,117,0,118,0,75,207,0,282,16,0,16,298
01/22/2023,APF,FL,ASO,ES,Federal Contract Tower,0,111,111,0,222,0,4,84,1,89,0,115,195,1,311,6,0,6,317
01/23/2023,APF,FL,ASO,ES,Federal Contract Tower,0,85,102,0,187,0,0,55,0,55,0,85,157,0,242,28,0,28,270
01/24/2023,APF,FL,ASO,ES,Federal Contract Tower,0,88,112,0,200,0,0,0,0,0,0,88,112,0,200,0,0,0,200
01/25/2023,APF,FL,ASO,ES,Federal Contract Tower,0,86,104,0,190,0,1,142,1,144,0,87,246,1,334,74,0,74,408
01/26/2023,APF,FL,ASO,ES,Federal Contract Tower,0,77,142,0,219,0,1,114,2,117,0,78,256,2,336,59,0,59,395
01/27/2023,APF,FL,ASO,ES,Federal Contract Tower,0,103,110,0,213,0,2,101,2,105,0,105,211,2,318,40,0,40,358
01/28/2023,APF,FL,ASO,ES,Federal Contract Tower,0,77,93,0,170,0,0,74,2,76,0,77,167,2,246,18,0,18,264
01/29/2023,APF,FL,ASO,ES,Federal Contract Tower,0,118,99,0,217,0,1,128,0,129,0,119,227,0,346,18,0,18,364
01/30/2023,APF,FL,ASO,ES,Federal Contract Tower,0,88,113,0,201,0,0,186,0,186,0,88,299,0,387,116,0,116,503
01/31/2023,APF,FL,ASO,ES,Federal Contract Tower,0,76,75,0,151,0,2,176,0,178,0,78,251,0,329,68,0,68,397
02/01/2023,APF,FL,ASO,ES,Federal Contract Tower,0,91,118,0,209,0,0,159,0,159,0,91,277,0,368,66,0,66,434
02/02/2023,APF,FL,ASO,ES,Federal Contract Tower,0,103,114,0,217,0,1,198,0,199,0,104,312,0,416,60,0,60,476
02/03/2023,APF,FL,ASO,ES,Federal Contract Tower,0,86,128,0,214,0,0,130,4,134,0,86,258,4,348,42,0,42,390
02/04/2023,APF,FL,ASO,ES,Federal Contract Tower,0,67,86,0,153,0,1,60,3,64,0,68,146,3,217,38,0,38,255
02/05/2023,APF,FL,ASO,ES,Federal Contract Tower,0,86,97,0,183,0,2,62,2,66,0,88,159,2,249,12,0,12,261
02/06/2023,APF,FL,ASO,ES,Federal Contract Tower,0,71,91,0,162,0,0,177,2,179,0,71,268,2,341,80,0,80,421
02/07/2023,APF,FL,ASO,ES,Federal Contract Tower,0,57,114,0,171,0,0,165,2,167,0,57,279,2,338,106,0,106,444
02/08/2023,APF,FL,ASO,ES,Federal Contract Tower,0,83,135,0,218,0,3,147,1,151,0,86,282,1,369,140,0,140,509
02/09/2023,APF,FL,ASO,ES,Federal Contract Tower,0,113,134,2,249,0,0,196,0,196,0,113,330,2,445,128,0,128,573
02/10/2023,APF,FL,ASO,ES,Federal Contract Tower,0,111,137,0,248,0,2,154,8,164,0,113,291,8,412,66,0,66,478
02/11/2023,APF,FL,ASO,ES,Federal Contract Tower,0,83,86,0,169,0,3,83,0,86,0,86,169,0,255,20,0,20,275
02/12/2023,APF,FL,ASO,ES,Federal Contract Tower,0,87,95,1,183,0,4,52,1,57,0,91,147,2,240,8,0,8,248
02/13/2023,APF,FL,ASO,ES,Federal Contract Tower,0,94,140,0,234,0,0,173,0,173,0,94,313,0,407,102,0,102,509
02/14/2023,APF,FL,ASO,ES,Federal Contract Tower,0,99,101,4,204,0,0,169,1,170,0,99,270,5,374,76,0,76,450
02/15/2023,APF,FL,ASO,ES,Federal Contract Tower,0,86,116,0,202,0,2,168,0,170,0,88,284,0,372,158,0,158,530
02/16/2023,APF,FL,ASO,ES,Federal Contract Tower,0,115,136,0,251,0,3,206,2,211,0,118,342,2,462,94,0,94,556
02/17/2023,APF,FL,ASO,ES,Federal Contract Tower,0,104,160,0,264,0,0,171,0,171,0,104,331,0,435,162,4,166,601
02/18/2023,APF,FL,ASO,ES,Federal Contract Tower,0,110,126,0,236,0,7,69,0,76,0,117,195,0,312,18,0,18,330
02/19/2023,APF,FL,ASO,ES,Federal Contract Tower,0,96,129,0,225,0,2,127,0,129,0,98,256,0,354,12,0,12,366
02/20/2023,APF,FL,ASO,ES,Federal Contract Tower,0,117,160,0,277,0,0,184,0,184,0,117,344,0,461,26,0,26,487
02/21/2023,APF,FL,ASO,ES,Federal Contract Tower,0,111,136,0,247,0,0,102,0,102,0,111,238,0,349,109,0,109,458
02/22/2023,APF,FL,ASO,ES,Federal Contract Tower,0,99,132,0,231,0,2,165,0,167,0,101,297,0,398,182,0,182,580
02/23/2023,APF,FL,ASO,ES,Federal Contract Tower,0,109,145,0,254,0,2,188,0,190,0,111,333,0,444,98,0,98,542
02/24/2023,APF,FL,ASO,ES,Federal Contract Tower,0,118,170,0,288,0,0,192,0,192,0,118,362,0,480,70,0,70,550
02/25/2023,APF,FL,ASO,ES,Federal Contract Tower,0,104,98,0,202,0,2,126,0,128,0,106,224,0,330,28,0,28,358
02/26/2023,APF,FL,ASO,ES,Federal Contract Tower,0,135,162,0,297,0,1,153,0,154,0,136,315,0,451,6,0,6,457
02/27/2023,APF,FL,ASO,ES,Federal Contract Tower,0,77,121,0,198,0,0,127,0,127,0,77,248,0,325,88,0,88,413
02/28/2023,APF,FL,ASO,ES,Federal Contract Tower,0,77,115,0,192,0,0,158,2,160,0,77,273,2,352,78,0,78,430
03/01/2023,APF,FL,ASO,ES,Federal Contract Tower,0,96,118,0,214,0,1,162,0,163,0,97,280,0,377,114,0,114,491
03/02/2023,APF,FL,ASO,ES,Federal Contract Tower,0,88,177,0,265,0,0,136,0,136,0,88,313,0,401,60,0,60,461
03/03/2023,APF,FL,ASO,ES,Federal Contract Tower,0,94,101,0,195,0,4,82,3,89,0,98,183,3,284,26,0,26,310
03/04/2023,APF,FL,ASO,ES,Federal Contract Tower,0,66,104,0,170,0,0,90,0,90,0,66,194,0,260,32,0,32,292
03/05/2023,APF,FL,ASO,ES,Federal Contract Tower,0,108,131,0,239,0,2,117,0,119,0,110,248,0,358,10,0,10,368
03/06/2023,APF,FL,ASO,ES,Federal Contract Tower,0,97,126,0,223,0,3,132,0,135,0,100,258,0,358,100,0,100,458
03/07/2023,APF,FL,ASO,ES,Federal Contract Tower,0,85,106,1,192,0,1,135,0,136,0,86,241,1,328,112,0,112,440
03/08/2023,APF,FL,ASO,ES,Federal Contract Tower,0,103,99,0,202,0,3,122,0,125,0,106,221,0,327,72,0,72,399
03/09/2023,APF,FL,ASO,ES,Federal Contract Tower,0,90,121,0,211,0,2,167,0,169,0,92,288,0,380,128,0,128,508
03/10/2023,APF,FL,ASO,ES,Federal Contract Tower,0,107,118,4,229,0,0,180,0,180,0,107,298,4,409,76,0,76,485
03/11/2023,APF,FL,ASO,ES,Federal Contract Tower,0,126,112,0,238,0,0,103,0,103,0,126,215,0,341,70,0,70,411
03/12/2023,APF,FL,ASO,ES,Federal Contract Tower,0,96,98,0,194,0,1,132,0,133,0,97,230,0,327,24,0,24,351
03/13/2023,APF,FL,ASO,ES,Federal Contract Tower,0,107,100,0,207,0,1,94,0,95,0,108,194,0,302,74,0,74,376
03/14/2023,APF,FL,ASO,ES,Federal Contract Tower,0,99,117,0,216,0,0,98,0,98,0,99,215,0,314,130,0,130,444
03/15/2023,APF,FL,ASO,ES,Federal Contract Tower,0,81,113,0,194,0,3,158,0,161,0,84,271,0,355,102,0,102,457
03/16/2023,APF,FL,ASO,ES,Federal Contract Tower,0,82,148,0,230,0,2,163,0,165,0,84,311,0,395,56,0,56,451
03/17/2023,APF,FL,ASO,ES,Federal Contract Tower,0,83,127,0,210,0,1,135,0,136,0,84,262,0,346,96,0,96,442
03/18/2023,APF,FL,ASO,ES,Federal Contract Tower,0,109,129,0,238,0,0,121,4,125,0,109,250,4,363,64,0,64,427
03/19/2023,APF,FL,ASO,ES,Federal Contract Tower,0,130,125,0,255,0,0,15,0,15,0,130,140,0,270,12,0,12,282
03/20/2023,APF,FL,ASO,ES,Federal Contract Tower,0,89,127,0,216,0,1,126,2,129,0,90,253,2,345,98,0,98,443
03/21/2023,APF,FL,ASO,ES,Federal Contract Tower,0,83,115,0,198,0,0,172,0,172,0,83,287,0,370,118,0,118,488
03/22/2023,APF,FL,ASO,ES,Federal Contract Tower,0,83,100,2,185,0,2,208,0,210,0,85,308,2,395,116,0,116,511
03/23/2023,APF,FL,ASO,ES,Federal Contract Tower,0,125,169,0,294,0,0,170,10,180,0,125,339,10,474,50,0,50,524
03/24/2023,APF,FL,ASO,ES,Federal Contract Tower,0,116,158,0,274,0,0,165,0,165,0,116,323,0,439,48,0,48,487
03/25/2023,APF,FL,ASO,ES,Federal Contract Tower,0,96,107,0,203,0,0,119,0,119,0,96,226,0,322,56,0,56,378
03/26/2023,APF,FL,ASO,ES,Federal Contract Tower,0,119,137,0,256,0,0,96,0,96,0,119,233,0,352,14,0,14,366
03/27/2023,APF,FL,ASO,ES,Federal Contract Tower,0,89,132,0,221,0,1,141,0,142,0,90,273,0,363,112,0,112,475
03/28/2023,APF,FL,ASO,ES,Federal Contract Tower,0,61,96,0,157,0,0,90,0,90,0,61,186,0,247,62,0,62,309
03/29/2023,APF,FL,ASO,ES,Federal Contract Tower,0,79,119,0,198,0,3,121,0,124,0,82,240,0,322,42,0,42,364
03/30/2023,APF,FL,ASO,ES,Federal Contract Tower,0,108,145,2,255,0,1,170,0,171,0,109,315,2,426,98,0,98,524
03/31/2023,APF,FL,ASO,ES,Federal Contract Tower,0,122,120,2,244,0,0,133,0,133,0,122,253,2,377,48,0,48,425
04/01/2023,APF,FL,ASO,ES,Federal Contract Tower,0,100,95,0,195,0,5,113,0,118,0,105,208,0,313,14,0,14,327
04/02/2023,APF,FL,ASO,ES,Federal Contract Tower,0,110,122,0,232,0,2,98,0,100,0,112,220,0,332,18,0,18,350
04/03/2023,APF,FL,ASO,ES,Federal Contract Tower,0,79,124,1,204,0,1,148,0,149,0,80,272,1,353,180,0,180,533
04/04/2023,APF,FL,ASO,ES,Federal Contract Tower,0,72,145,0,217,0,0,152,0,152,0,72,297,0,369,108,0,108,477
04/05/2023,APF,FL,ASO,ES,Federal Contract Tower,0,109,115,0,224,0,0,130,0,130,0,109,245,0,354,56,0,56,410
04/06/2023,APF,FL,ASO,ES,Federal Contract Tower,0,128,159,0,287,0,4,144,0,148,0,132,303,0,435,34,0,34,469
04/07/2023,APF,FL,ASO,ES,Federal Contract Tower,0,115,112,0,227,0,0,142,0,142,0,115,254,0,369,76,0,76,445
04/08/2023,APF,FL,ASO,ES,Federal Contract Tower,0,73,77,0,150,0,2,145,0,147,0,75,222,0,297,28,0,28,325
04/09/2023,APF,FL,ASO,ES,Federal Contract Tower,0,87,77,0,164,0,0,66,0,66,0,87,143,0,230,2,0,2,232
04/10/2023,APF,FL,ASO,ES,Federal Contract Tower,0,141,150,0,291,0,0,54,0,54,0,141,204,0,345,6,0,6,351
04/11/2023,APF,FL,ASO,ES,Federal Contract Tower,0,86,129,0,215,0,0,84,0,84,0,86,213,0,299,44,0,44,343
04/12/2023,APF,FL,ASO,ES,Federal Contract Tower,0,62,94,0,156,0,0,13,0,13,0,62,107,0,169,40,0,40,209
04/13/2023,APF,FL,ASO,ES,Federal Contract Tower,0,86,109,0,195,0,1,135,0,136,0,87,244,0,331,66,0,66,397
04/14/2023,APF,FL,ASO,ES,Federal Contract Tower,0,93,98,0,191,0,6,156,0,162,0,99,254,0,353,64,0,64,417
04/15/2023,APF,FL,ASO,ES,Federal Contract Tower,0,88,102,0,190,0,0,159,0,159,0,88,261,0,349,42,0,42,391
04/16/2023,APF,FL,ASO,ES,Federal Contract Tower,0,101,137,0,238,0,0,80,0,80,0,101,217,0,318,6,0,6,324
04/17/2023,APF,FL,ASO,ES,Federal Contract Tower,0,101,106,0,207,0,0,106,0,106,0,101,212,0,313,66,0,66,379
04/18/2023,APF,FL,ASO,ES,Federal Contract Tower,0,83,91,0,174,0,0,163,0,163,0,83,254,0,337,84,0,84,421
04/19/2023,APF,FL,ASO,ES,Federal Contract Tower,0,89,115,0,204,0,0,122,0,122,0,89,237,0,326,82,0,82,408
04/20/2023,APF,FL,ASO,ES,Federal Contract Tower,0,92,107,0,199,0,0,136,0,136,0,92,243,0,335,102,0,102,437
04/21/2023,APF,FL,ASO,ES,Federal Contract Tower,0,90,104,0,194,0,3,111,0,114,0,93,215,0,308,68,0,68,376
04/22/2023,APF,FL,ASO,ES,Federal Contract Tower,0,70,94,0,164,0,0,147,0,147,0,70,241,0,311,28,0,28,339
04/23/2023,APF,FL,ASO,ES,Federal Contract Tower,0,82,99,0,181,0,3,120,0,123,0,85,219,0,304,28,0,28,332
04/24/2023,APF,FL,ASO,ES,Federal Contract Tower,0,81,108,0,189,0,0,0,0,0,0,81,108,0,189,62,0,62,251
04/25/2023,APF,FL,ASO,ES,Federal Contract Tower,0,77,87,0,164,0,0,98,0,98,0,77,185,0,262,50,0,50,312
04/26/2023,APF,FL,ASO,ES,Federal Contract Tower,0,76,98,0,174,0,0,154,0,154,0,76,252,0,328,80,0,80,408
04/27/2023,APF,FL,ASO,ES,Federal Contract Tower,0,82,135,0,217,0,0,148,1,149,0,82,283,1,366,96,0,96,462
04/28/2023,APF,FL,ASO,ES,Federal Contract Tower,0,93,118,0,211,0,0,122,0,122,0,93,240,0,333,50,0,50,383
04/29/2023,APF,FL,ASO,ES,Federal Contract Tower,0,81,64,0,145,0,2,105,0,107,0,83,169,0,252,20,0,20,272
04/30/2023,APF,FL,ASO,ES,Federal Contract Tower,0,100,89,0,189,0,0,15,0,15,0,100,104,0,204,0,0,0,204
05/01/2023,APF,FL,ASO,ES,Federal Contract Tower,0,91,131,0,222,0,1,148,0,149,0,92,279,0,371,94,0,94,465
05/02/2023,APF,FL,ASO,ES,Federal Contract Tower,0,88,102,0,190,0,0,129,0,129,0,88,231,0,319,106,0,106,425
05/03/2023,APF,FL,ASO,ES,Federal Contract Tower,0,97,104,0,201,0,0,120,0,120,0,97,224,0,321,80,0,80,401
05/04/2023,APF,FL,ASO,ES,Federal Contract Tower,0,75,123,0,198,0,0,149,0,149,0,75,272,0,347,122,0,122,469
05/05/2023,APF,FL,ASO,ES,Federal Contract Tower,0,82,121,0,203,0,0,171,0,171,0,82,292,0,374,60,0,60,434
05/06/2023,APF,FL,ASO,ES,Federal Contract Tower,0,54,77,1,132,0,4,134,0,138,0,58,211,1,270,20,0,20,290
05/07/2023,APF,FL,ASO,ES,Federal Contract Tower,0,80,105,0,185,0,1,103,0,104,0,81,208,0,289,36,0,36,325
05/08/2023,APF,FL,ASO,ES,Federal Contract Tower,0,93,108,0,201,0,0,114,0,114,0,93,222,0,315,64,0,64,379
05/09/2023,APF,FL,ASO,ES,Federal Contract Tower,0,75,65,1,141,0,0,120,0,120,0,75,185,1,261,52,0,52,313
05/10/2023,APF,FL,ASO,ES,Federal Contract Tower,0,52,81,0,133,0,1,172,0,173,0,53,253,0,306,78,0,78,384
05/11/2023,APF,FL,ASO,ES,Federal Contract Tower,0,57,105,0,162,0,0,143,0,143,0,57,248,0,305,84,0,84,389
05/12/2023,APF,FL,ASO,ES,Federal Contract Tower,0,77,89,0,166,0,1,148,0,149,0,78,237,0,315,60,0,60,375
05/13/2023,APF,FL,ASO,ES,Federal Contract Tower,0,68,82,0,150,0,0,112,0,112,0,68,194,0,262,28,0,28,290
05/14/2023,APF,FL,ASO,ES,Federal Contract Tower,0,94,74,0,168,0,1,58,0,59,0,95,132,0,227,6,0,6,233
05/15/2023,APF,FL,ASO,ES,Federal Contract Tower,0,85,83,0,168,0,4,133,0,137,0,89,216,0,305,101,0,101,406
05/16/2023,APF,FL,ASO,ES,Federal Contract Tower,0,79,85,0,164,0,0,126,0,126,0,79,211,0,290,118,0,118,408
05/17/2023,APF,FL,ASO,ES,Federal Contract Tower,0,96,74,0,170,0,1,127,0,128,0,97,201,0,298,74,0,74,372
05/18/2023,APF,FL,ASO,ES,Federal Contract Tower,0,63,117,0,180,0,4,92,0,96,0,67,209,0,276,28,0,28,304
05/19/2023,APF,FL,ASO,ES,Federal Contract Tower,0,70,89,0,159,0,2,121,0,123,0,72,210,0,282,108,0,108,390
05/20/2023,APF,FL,ASO,ES,Federal Contract Tower,0,50,70,8,128,0,4,101,0,105,0,54,171,8,233,24,0,24,257
05/21/2023,APF,FL,ASO,ES,Federal Contract Tower,0,54,78,0,132,0,2,81,0,83,0,56,159,0,215,30,0,30,245
05/22/2023,APF,FL,ASO,ES,Federal Contract Tower,0,70,94,0,164,0,0,115,0,115,0,70,209,0,279,70,0,70,349
05/23/2023,APF,FL,ASO,ES,Federal Contract Tower,0,59,66,0,125,0,0,106,0,106,0,59,172,0,231,78,0,78,309
05/24/2023,APF,FL,ASO,ES,Federal Contract Tower,0,54,103,0,157,0,0,116,0,116,0,54,219,0,273,90,0,90,363
05/25/2023,APF,FL,ASO,ES,Federal Contract Tower,0,80,120,4,204,0,0,105,0,105,0,80,225,4,309,34,0,34,343
05/26/2023,APF,FL,ASO,ES,Federal Contract Tower,0,69,76,0,145,0,0,82,0,82,0,69,158,0,227,50,0,50,277
05/27/2023,APF,FL,ASO,ES,Federal Contract Tower,0,48,64,0,112,0,1,115,0,116,0,49,179,0,228,30,0,30,258
05/28/2023,APF,FL,ASO,ES,Federal Contract Tower,0,19,43,4,66,0,0,109,0,109,0,19,152,4,175,44,0,44,219
05/29/2023,APF,FL,ASO,ES,Federal Contract Tower,0,58,75,0,133,0,2,108,0,110,0,60,183,0,243,50,0,50,293
05/30/2023,APF,FL,ASO,ES,Federal Contract Tower,0,51,64,0,115,0,0,123,0,123,0,51,187,0,238,20,0,20,258
05/31/2023,APF,FL,ASO,ES,Federal Contract Tower,0,52,81,0,133,0,4,112,0,116,0,56,193,0,249,112,0,112,361
06/01/2023,APF,FL,ASO,ES,Federal Contract Tower,0,42,83,2,127,0,0,72,0,72,0,42,155,2,199,110,0,110,309
06/02/2023,APF,FL,ASO,ES,Federal Contract Tower,0,40,59,0,99,0,0,94,0,94,0,40,153,0,193,108,0,108,301
06/03/2023,APF,FL,ASO,ES,Federal Contract Tower,0,37,34,0,71,0,2,72,0,74,0,39,106,0,145,46,0,46,191
06/04/2023,APF,FL,ASO,ES,Federal Contract Tower,0,59,66,0,125,0,0,50,0,50,0,59,116,0,175,24,0,24,199
06/05/2023,APF,FL,ASO,ES,Federal Contract Tower,0,49,77,0,126,0,1,108,0,109,0,50,185,0,235,116,0,116,351
06/06/2023,APF,FL,ASO,ES,Federal Contract Tower,0,49,80,0,129,0,2,88,2,92,0,51,168,2,221,88,0,88,309
06/07/2023,APF,FL,ASO,ES,Federal Contract Tower,0,38,84,0,122,0,3,91,0,94,0,41,175,0,216,122,0,122,338
06/08/2023,APF,FL,ASO,ES,Federal Contract Tower,0,52,85,0,137,0,0,96,0,96,0,52,181,0,233,134,0,134,367
06/09/2023,APF,FL,ASO,ES,Federal Contract Tower,0,32,80,0,112,0,3,99,0,102,0,35,179,0,214,118,0,118,332
06/10/2023,APF,FL,ASO,ES,Federal Contract Tower,0,31,61,0,92,0,0,151,0,151,0,31,212,0,243,16,0,16,259
06/11/2023,APF,FL,ASO,ES,Federal Contract Tower,0,37,55,0,92,0,0,89,0,89,0,37,144,0,181,62,0,62,243
06/12/2023,APF,FL,ASO,ES,Federal Contract Tower,0,32,65,0,97,0,1,88,0,89,0,33,153,0,186,114,0,114,300
06/13/2023,APF,FL,ASO,ES,Federal Contract Tower,0,25,76,2,103,0,3,99,0,102,0,28,175,2,205,66,0,66,271
06/14/2023,APF,FL,ASO,ES,Federal Contract Tower,0,41,58,0,99,0,0,123,0,123,0,41,181,0,222,107,0,107,329
06/16/2023,APF,FL,ASO,ES,Federal Contract Tower,0,39,78,0,117,0,2,94,0,96,0,41,172,0,213,92,0,92,305
06/17/2023,APF,FL,ASO,ES,Federal Contract Tower,0,36,58,0,94,0,1,58,0,59,0,37,116,0,153,10,0,10,163
06/18/2023,APF,FL,ASO,ES,Federal Contract Tower,0,30,34,0,64,0,0,16,0,16,0,30,50,0,80,14,0,14,94
06/19/2023,APF,FL,ASO,ES,Federal Contract Tower,0,36,92,0,128,0,0,96,0,96,0,36,188,0,224,108,0,108,332
06/20/2023,APF,FL,ASO,ES,Federal Contract Tower,0,30,61,0,91,0,0,87,0,87,0,30,148,0,178,88,0,88,266
06/21/2023,APF,FL,ASO,ES,Federal Contract Tower,0,33,61,0,94,0,0,102,0,102,0,33,163,0,196,56,0,56,252
06/22/2023,APF,FL,ASO,ES,Federal Contract Tower,0,42,42,0,84,0,0,98,0,98,0,42,140,0,182,86,0,86,268
06/23/2023,APF,FL,ASO,ES,Federal Contract Tower,0,41,56,0,97,0,0,104,0,104,0,41,160,0,201,76,0,76,277
06/24/2023,APF,FL,ASO,ES,Federal Contract Tower,0,24,37,0,61,0,0,92,0,92,0,24,129,0,153,22,0,22,175
06/25/2023,APF,FL,ASO,ES,Federal Contract Tower,0,56,62,0,118,0,0,100,0,100,0,56,162,0,218,36,0,36,254
06/26/2023,APF,FL,ASO,ES,Federal Contract Tower,0,30,71,0,101,0,1,122,0,123,0,31,193,0,224,78,0,78,302
06/27/2023,APF,FL,ASO,ES,Federal Contract Tower,0,24,70,0,94,0,0,106,0,106,0,24,176,0,200,74,0,74,274
06/28/2023,APF,FL,ASO,ES,Federal Contract Tower,0,49,82,2,133,0,2,122,0,124,0,51,204,2,257,72,4,76,333
06/29/2023,APF,FL,ASO,ES,Federal Contract Tower,0,25,80,0,105,0,2,89,0,91,0,27,169,0,196,90,0,90,286
06/30/2023,APF,FL,ASO,ES,Federal Contract Tower,0,50,86,0,136,0,3,107,0,110,0,53,193,0,246,60,0,60,306
07/01/2023,APF,FL,ASO,ES,Federal Contract Tower,0,40,59,0,99,0,0,73,2,75,0,40,132,2,174,32,0,32,206
07/02/2023,APF,FL,ASO,ES,Federal Contract Tower,0,25,51,0,76,0,0,63,0,63,0,25,114,0,139,8,0,8,147
07/03/2023,APF,FL,ASO,ES,Federal Contract Tower,0,9,43,0,52,0,0,93,0,93,0,9,136,0,145,84,0,84,229
07/04/2023,APF,FL,ASO,ES,Federal Contract Tower,0,12,25,0,37,0,0,65,0,65,0,12,90,0,102,26,0,26,128
07/05/2023,APF,FL,ASO,ES,Federal Contract Tower,0,25,48,0,73,0,0,93,0,93,0,25,141,0,166,112,0,112,278
07/06/2023,APF,FL,ASO,ES,Federal Contract Tower,0,33,51,0,84,0,0,85,0,85,0,33,136,0,169,112,0,112,281
07/07/2023,APF,FL,ASO,ES,Federal Contract Tower,0,23,80,0,103,0,2,83,0,85,0,25,163,0,188,48,0,48,236
07/08/2023,APF,FL,ASO,ES,Federal Contract Tower,0,43,47,0,90,0,0,53,0,53,0,43,100,0,143,2,0,2,145
07/09/2023,APF,FL,ASO,ES,Federal Contract Tower,0,41,68,0,109,0,0,73,0,73,0,41,141,0,182,42,0,42,224
07/10/2023,APF,FL,ASO,ES,Federal Contract Tower,0,35,65,0,100,0,0,114,0,114,0,35,179,0,214,76,0,76,290
07/11/2023,APF,FL,ASO,ES,Federal Contract Tower,0,33,66,0,99,0,0,131,0,131,0,33,197,0,230,96,0,96,326
07/12/2023,APF,FL,ASO,ES,Federal Contract Tower,0,30,77,2,109,0,0,99,0,99,0,30,176,2,208,116,0,116,324
07/13/2023,APF,FL,ASO,ES,Federal Contract Tower,0,29,87,4,120,0,1,98,1,100,0,30,185,5,220,92,0,92,312
07/14/2023,APF,FL,ASO,ES,Federal Contract Tower,0,25,55,0,80,0,2,91,0,93,0,27,146,0,173,66,0,66,239
07/15/2023,APF,FL,ASO,ES,Federal Contract Tower,0,36,33,0,69,0,0,117,0,117,0,36,150,0,186,22,0,22,208
07/16/2023,APF,FL,ASO,ES,Federal Contract Tower,0,31,57,4,92,0,0,130,0,130,0,31,187,4,222,44,0,44,266
07/17/2023,APF,FL,ASO,ES,Federal Contract Tower,0,18,77,0,95,0,0,115,0,115,0,18,192,0,210,76,0,76,286
07/18/2023,APF,FL,ASO,ES,Federal Contract Tower,0,19,56,6,81,0,0,88,0,88,0,19,144,6,169,140,0,140,309
07/19/2023,APF,FL,ASO,ES,Federal Contract Tower,0,24,75,2,101,0,0,92,0,92,0,24,167,2,193,60,0,60,253
07/20/2023,APF,FL,ASO,ES,Federal Contract Tower,0,22,73,0,95,0,0,137,0,137,0,22,210,0,232,82,0,82,314
07/21/2023,APF,FL,ASO,ES,Federal Contract Tower,0,40,63,0,103,0,0,88,0,88,0,40,151,0,191,78,0,78,269
07/22/2023,APF,FL,ASO,ES,Federal Contract Tower,0,28,58,0,86,0,0,102,0,102,0,28,160,0,188,40,0,40,228
07/23/2023,APF,FL,ASO,ES,Federal Contract Tower,0,22,72,0,94,0,0,89,0,89,0,22,161,0,183,54,0,54,237
07/24/2023,APF,FL,ASO,ES,Federal Contract Tower,0,26,56,4,86,0,0,128,0,128,0,26,184,4,214,136,0,136,350
07/25/2023,APF,FL,ASO,ES,Federal Contract Tower,0,18,52,0,70,0,1,123,0,124,0,19,175,0,194,74,0,74,268
07/26/2023,APF,FL,ASO,ES,Federal Contract Tower,0,25,53,0,78,0,0,90,0,90,0,25,143,0,168,108,0,108,276
07/27/2023,APF,FL,ASO,ES,Federal Contract Tower,0,28,69,0,97,0,0,98,0,98,0,28,167,0,195,56,0,56,251
07/28/2023,APF,FL,ASO,ES,Federal Contract Tower,0,40,61,0,101,0,0,51,2,53,0,40,112,2,154,30,0,30,184
07/29/2023,APF,FL,ASO,ES,Federal Contract Tower,0,34,44,4,82,0,0,101,0,101,0,34,145,4,183,42,0,42,225
07/30/2023,APF,FL,ASO,ES,Federal Contract Tower,0,43,67,3,113,0,0,101,0,101,0,43,168,3,214,28,0,28,242
07/31/2023,APF,FL,ASO,ES,Federal Contract Tower,0,21,50,0,71,0,0,83,0,83,0,21,133,0,154,66,0,66,220
08/01/2023,APF,FL,ASO,ES,Federal Contract Tower,0,27,23,0,50,0,0,97,0,97,0,27,120,0,147,40,0,40,187
08/02/2023,APF,FL,ASO,ES,Federal Contract Tower,0,31,63,0,94,0,0,118,0,118,0,31,181,0,212,110,0,110,322
08/03/2023,APF,FL,ASO,ES,Federal Contract Tower,0,33,66,0,99,0,0,91,0,91,0,33,157,0,190,66,0,66,256
08/04/2023,APF,FL,ASO,ES,Federal Contract Tower,0,31,56,0,87,0,0,122,0,122,0,31,178,0,209,52,0,52,261
08/05/2023,APF,FL,ASO,ES,Federal Contract Tower,0,35,52,0,87,0,0,89,0,89,0,35,141,0,176,30,0,30,206
08/06/2023,APF,FL,ASO,ES,Federal Contract Tower,0,55,59,5,119,0,0,91,0,91,0,55,150,5,210,36,0,36,246
08/07/2023,APF,FL,ASO,ES,Federal Contract Tower,0,30,51,0,81,0,1,107,0,108,0,31,158,0,189,60,0,60,249
08/08/2023,APF,FL,ASO,ES,Federal Contract Tower,0,31,53,0,84,0,0,92,0,92,0,31,145,0,176,54,0,54,230
08/09/2023,APF,FL,ASO,ES,Federal Contract Tower,0,35,70,2,107,0,1,83,0,84,0,36,153,2,191,84,0,84,275
08/10/2023,APF,FL,ASO,ES,Federal Contract Tower,0,31,56,0,87,0,0,44,0,44,0,31,100,0,131,52,0,52,183
08/11/2023,APF,FL,ASO,ES,Federal Contract Tower,0,44,55,0,99,0,1,101,0,102,0,45,156,0,201,78,0,78,279
08/12/2023,APF,FL,ASO,ES,Federal Contract Tower,0,29,43,0,72,0,0,80,0,80,0,29,123,0,152,38,0,38,190
08/13/2023,APF,FL,ASO,ES,Federal Contract Tower,0,39,42,0,81,0,0,53,0,53,0,39,95,0,134,22,0,22,156
08/14/2023,APF,FL,ASO,ES,Federal Contract Tower,0,37,95,0,132,0,0,103,0,103,0,37,198,0,235,86,0,86,321
08/15/2023,APF,FL,ASO,ES,Federal Contract Tower,0,21,41,0,62,0,0,93,0,93,0,21,134,0,155,68,0,68,223
08/16/2023,APF,FL,ASO,ES,Federal Contract Tower,0,33,46,0,79,0,0,77,0,77,0,33,123,0,156,64,0,64,220
08/17/2023,APF,FL,ASO,ES,Federal Contract Tower,0,45,63,0,108,0,0,85,0,85,0,45,148,0,193,50,0,50,243
08/18/2023,APF,FL,ASO,ES,Federal Contract Tower,0,27,42,1,70,0,0,76,0,76,0,27,118,1,146,42,0,42,188
08/19/2023,APF,FL,ASO,ES,Federal Contract Tower,0,23,50,4,77,0,0,89,0,89,0,23,139,4,166,36,0,36,202
08/20/2023,APF,FL,ASO,ES,Federal Contract Tower,0,29,51,0,80,0,0,62,0,62,0,29,113,0,142,20,0,20,162
08/21/2023,APF,FL,ASO,ES,Federal Contract Tower,0,35,57,12,104,0,0,84,0,84,0,35,141,12,188,10,0,10,198
08/22/2023,APF,FL,ASO,ES,Federal Contract Tower,0,34,53,0,87,0,0,107,0,107,0,34,160,0,194,40,0,40,234
08/23/2023,APF,FL,ASO,ES,Federal Contract Tower,0,44,44,6,94,0,0,113,0,113,0,44,157,6,207,80,0,80,287
08/24/2023,APF,FL,ASO,ES,Federal Contract Tower,0,25,58,0,83,0,0,94,0,94,0,25,152,0,177,86,0,86,263
08/25/2023,APF,FL,ASO,ES,Federal Contract Tower,0,32,71,0,103,0,0,108,0,108,0,32,179,0,211,82,0,82,293
08/26/2023,APF,FL,ASO,ES,Federal Contract Tower,0,19,44,0,63,0,0,116,0,116,0,19,160,0,179,66,0,66,245
08/27/2023,APF,FL,ASO,ES,Federal Contract Tower,0,24,39,0,63,0,0,0,0,0,0,24,39,0,63,24,0,24,87
08/28/2023,APF,FL,ASO,ES,Federal Contract Tower,0,34,73,0,107,0,0,48,0,48,0,34,121,0,155,28,0,28,183
08/29/2023,APF,FL,ASO,ES,Federal Contract Tower,0,11,16,0,27,0,0,11,1,12,0,11,27,1,39,0,0,0,39
08/30/2023,APF,FL,ASO,ES,Federal Contract Tower,0,7,21,0,28,0,0,4,0,4,0,7,25,0,32,0,0,0,32
08/31/2023,APF,FL,ASO,ES,Federal Contract Tower,0,32,78,0,110,0,0,51,0,51,0,32,129,0,161,46,0,46,207
