01/01/2020,ARA,LA,ASW,CE,Federal Contract Tower,0,0,0,0,0,0,59,6,0,65,0,59,6,0,65,6,0,6,71
01/02/2020,ARA,LA,ASW,CE,Federal Contract Tower,1,1,3,0,5,0,0,0,0,0,1,1,3,0,5,4,0,4,9
01/03/2020,ARA,LA,ASW,CE,Federal Contract Tower,1,0,2,0,3,0,40,9,0,49,1,40,11,0,52,26,0,26,78
01/04/2020,ARA,LA,ASW,CE,Federal Contract Tower,0,0,7,0,7,0,45,45,0,90,0,45,52,0,97,66,0,66,163
01/05/2020,ARA,LA,ASW,CE,Federal Contract Tower,0,2,5,0,7,0,32,25,0,57,0,34,30,0,64,32,0,32,96
01/06/2020,ARA,LA,ASW,CE,Federal Contract Tower,0,0,6,12,18,0,51,11,1,63,0,51,17,13,81,96,8,104,185
01/08/2020,ARA,LA,ASW,CE,Federal Contract Tower,0,0,3,6,9,0,70,28,0,98,0,70,31,6,107,96,0,96,203
01/09/2020,ARA,LA,ASW,CE,Federal Contract Tower,0,0,4,5,9,0,70,7,6,83,0,70,11,11,92,32,0,32,124
01/10/2020,ARA,LA,ASW,CE,Federal Contract Tower,2,1,0,7,10,0,22,8,3,33,2,23,8,10,43,36,10,46,89
01/11/2020,ARA,LA,ASW,CE,Federal Contract Tower,0,0,3,0,3,0,24,2,0,26,0,24,5,0,29,10,0,10,39
01/12/2020,ARA,LA,ASW,CE,Federal Contract Tower,0,9,5,1,15,0,20,12,1,33,0,29,17,2,48,34,0,34,82
01/13/2020,ARA,LA,ASW,CE,Federal Contract Tower,0,0,0,0,0,0,0,0,0,0,0,0,0,0,0,0,0,0,0
01/14/2020,ARA,LA,ASW,CE,Federal Contract Tower,1,2,3,0,6,0,34,2,2,38,1,36,5,2,44,150,0,150,194
01/15/2020,ARA,LA,ASW,CE,Federal Contract Tower,0,3,1,2,6,0,29,13,0,42,0,32,14,2,48,98,0,98,146
01/16/2020,ARA,LA,ASW,CE,Federal Contract Tower,0,0,9,0,9,0,2,3,0,5,0,2,12,0,14,44,0,44,58
01/17/2020,ARA,LA,ASW,CE,Federal Contract Tower,0,0,8,4,12,0,47,36,2,85,0,47,44,6,97,70,0,70,167
01/18/2020,ARA,LA,ASW,CE,Federal Contract Tower,0,3,8,0,11,0,2,0,1,3,0,5,8,1,14,0,0,0,14
01/19/2020,ARA,LA,ASW,CE,Federal Contract Tower,1,0,2,2,5,0,46,4,0,50,1,46,6,2,55,54,0,54,109
01/20/2020,ARA,LA,ASW,CE,Federal Contract Tower,0,2,6,9,17,0,44,17,0,61,0,46,23,9,78,122,0,122,200
01/21/2020,ARA,LA,ASW,CE,Federal Contract Tower,0,2,4,4,10,0,80,27,0,107,0,82,31,4,117,164,2,166,283
01/22/2020,ARA,LA,ASW,CE,Federal Contract Tower,0,2,3,6,11,0,85,12,0,97,0,87,15,6,108,178,4,182,290
01/23/2020,ARA,LA,ASW,CE,Federal Contract Tower,0,2,1,0,3,0,33,6,0,39,0,35,7,0,42,58,0,58,100
01/24/2020,ARA,LA,ASW,CE,Federal Contract Tower,0,0,7,28,35,0,57,51,4,112,0,57,58,32,147,112,8,120,267
01/25/2020,ARA,LA,ASW,CE,Federal Contract Tower,0,0,4,0,4,0,31,41,0,72,0,31,45,0,76,42,0,42,118
01/26/2020,ARA,LA,ASW,CE,Federal Contract Tower,0,3,2,0,5,0,0,0,0,0,0,3,2,0,5,0,0,0,5
01/27/2020,ARA,LA,ASW,CE,Federal Contract Tower,1,1,4,4,10,0,49,44,0,93,1,50,48,4,103,150,0,150,253
01/28/2020,ARA,LA,ASW,CE,Federal Contract Tower,1,1,3,2,7,0,46,32,0,78,1,47,35,2,85,102,2,104,189
01/29/2020,ARA,LA,ASW,CE,Federal Contract Tower,0,5,6,6,17,0,59,10,1,70,0,64,16,7,87,58,0,58,145
01/30/2020,ARA,LA,ASW,CE,Federal Contract Tower,0,6,5,6,17,0,62,15,1,78,0,68,20,7,95,80,0,80,175
01/31/2020,ARA,LA,ASW,CE,Federal Contract Tower,0,6,11,5,22,0,40,11,1,52,0,46,22,6,74,48,4,52,126
02/01/2020,ARA,LA,ASW,CE,Federal Contract Tower,2,1,2,0,5,0,33,21,0,54,2,34,23,0,59,86,4,90,149
02/02/2020,ARA,LA,ASW,CE,Federal Contract Tower,0,1,2,4,7,0,35,16,2,53,0,36,18,6,60,94,0,94,154
02/03/2020,ARA,LA,ASW,CE,Federal Contract Tower,0,0,6,16,22,0,61,42,0,103,0,61,48,16,125,234,32,266,391
02/04/2020,ARA,LA,ASW,CE,Federal Contract Tower,0,0,2,1,3,0,55,11,0,66,0,55,13,1,69,74,0,74,143
02/05/2020,ARA,LA,ASW,CE,Federal Contract Tower,0,5,0,0,5,0,4,0,0,4,0,9,0,0,9,0,0,0,9
02/06/2020,ARA,LA,ASW,CE,Federal Contract Tower,0,2,3,3,8,0,59,9,3,71,0,61,12,6,79,48,2,50,129
02/07/2020,ARA,LA,ASW,CE,Federal Contract Tower,0,0,7,18,25,0,48,31,5,84,0,48,38,23,109,72,4,76,185
02/08/2020,ARA,LA,ASW,CE,Federal Contract Tower,0,1,11,4,16,0,67,22,5,94,0,68,33,9,110,87,4,91,201
02/09/2020,ARA,LA,ASW,CE,Federal Contract Tower,0,0,3,2,5,0,38,9,0,47,0,38,12,2,52,24,0,24,76
02/10/2020,ARA,LA,ASW,CE,Federal Contract Tower,1,3,4,0,8,0,2,0,0,2,1,5,4,0,10,0,0,0,10
02/11/2020,ARA,LA,ASW,CE,Federal Contract Tower,0,0,8,0,8,0,13,30,2,45,0,13,38,2,53,176,0,176,229
02/13/2020,ARA,LA,ASW,CE,Federal Contract Tower,0,1,5,16,22,0,77,49,0,126,0,78,54,16,148,158,0,158,306
02/14/2020,ARA,LA,ASW,CE,Federal Contract Tower,2,1,12,6,21,0,44,26,1,71,2,45,38,7,92,134,2,136,228
02/15/2020,ARA,LA,ASW,CE,Federal Contract Tower,0,0,1,0,1,0,43,31,1,75,0,43,32,1,76,82,0,82,158
02/16/2020,ARA,LA,ASW,CE,Federal Contract Tower,0,1,0,0,1,0,8,0,0,8,0,9,0,0,9,40,0,40,49
02/17/2020,ARA,LA,ASW,CE,Federal Contract Tower,0,1,5,0,6,0,0,0,0,0,0,1,5,0,6,0,0,0,6
02/18/2020,ARA,LA,ASW,CE,Federal Contract Tower,0,4,6,2,12,0,14,26,0,40,0,18,32,2,52,148,0,148,200
02/19/2020,ARA,LA,ASW,CE,Federal Contract Tower,0,7,6,0,13,0,8,8,0,16,0,15,14,0,29,54,0,54,83
02/20/2020,ARA,LA,ASW,CE,Federal Contract Tower,0,6,1,0,7,0,11,0,0,11,0,17,1,0,18,68,0,68,86
02/21/2020,ARA,LA,ASW,CE,Federal Contract Tower,2,0,15,25,42,0,51,51,1,103,2,51,66,26,145,207,10,217,362
02/22/2020,ARA,LA,ASW,CE,Federal Contract Tower,0,0,4,14,18,0,43,28,1,72,0,43,32,15,90,68,22,90,180
02/23/2020,ARA,LA,ASW,CE,Federal Contract Tower,0,0,5,0,5,0,31,11,0,42,0,31,16,0,47,62,0,62,109
02/24/2020,ARA,LA,ASW,CE,Federal Contract Tower,0,0,10,1,11,0,23,3,1,27,0,23,13,2,38,12,0,12,50
02/25/2020,ARA,LA,ASW,CE,Federal Contract Tower,0,3,0,0,3,0,69,13,1,83,0,72,13,1,86,206,2,208,294
02/26/2020,ARA,LA,ASW,CE,Federal Contract Tower,0,1,6,3,10,0,87,11,3,101,0,88,17,6,111,120,6,126,237
02/27/2020,ARA,LA,ASW,CE,Federal Contract Tower,0,0,3,0,3,0,81,69,0,150,0,81,72,0,153,266,0,266,419
02/28/2020,ARA,LA,ASW,CE,Federal Contract Tower,0,0,5,32,37,0,48,41,3,92,0,48,46,35,129,99,8,107,236
02/29/2020,ARA,LA,ASW,CE,Federal Contract Tower,2,1,1,0,4,0,41,36,0,77,2,42,37,0,81,108,0,108,189
03/01/2020,ARA,LA,ASW,CE,Federal Contract Tower,0,0,7,0,7,0,47,13,0,60,0,47,20,0,67,27,0,27,94
03/02/2020,ARA,LA,ASW,CE,Federal Contract Tower,0,0,6,15,21,0,52,4,0,56,0,52,10,15,77,118,3,121,198
03/03/2020,ARA,LA,ASW,CE,Federal Contract Tower,0,1,6,4,11,0,40,15,0,55,0,41,21,4,66,36,0,36,102
03/04/2020,ARA,LA,ASW,CE,Federal Contract Tower,0,2,4,0,6,0,8,1,0,9,0,10,5,0,15,0,0,0,15
03/05/2020,ARA,LA,ASW,CE,Federal Contract Tower,2,0,2,1,5,0,82,23,4,109,2,82,25,5,114,158,0,158,272
03/06/2020,ARA,LA,ASW,CE,Federal Contract Tower,0,0,6,16,22,0,62,41,1,104,0,62,47,17,126,226,12,238,364
03/07/2020,ARA,LA,ASW,CE,Federal Contract Tower,0,0,3,2,5,0,40,19,1,60,0,40,22,3,65,40,2,42,107
03/08/2020,ARA,LA,ASW,CE,Federal Contract Tower,0,0,1,0,1,0,55,3,0,58,0,55,4,0,59,40,0,40,99
03/09/2020,ARA,LA,ASW,CE,Federal Contract Tower,0,0,1,22,23,0,37,9,0,46,0,37,10,22,69,106,8,114,183
03/10/2020,ARA,LA,ASW,CE,Federal Contract Tower,0,11,5,0,16,0,24,22,0,46,0,35,27,0,62,82,0,82,144
03/11/2020,ARA,LA,ASW,CE,Federal Contract Tower,0,2,11,0,13,0,33,28,0,61,0,35,39,0,74,138,0,138,212
03/12/2020,ARA,LA,ASW,CE,Federal Contract Tower,0,2,8,4,14,0,56,33,0,89,0,58,41,4,103,202,0,202,305
03/13/2020,ARA,LA,ASW,CE,Federal Contract Tower,2,1,3,5,11,0,34,18,0,52,2,35,21,5,63,94,0,94,157
03/14/2020,ARA,LA,ASW,CE,Federal Contract Tower,0,0,3,1,4,0,1,11,1,13,0,1,14,2,17,36,4,40,57
03/15/2020,ARA,LA,ASW,CE,Federal Contract Tower,0,0,1,3,4,0,34,19,0,53,0,34,20,3,57,51,2,53,110
03/16/2020,ARA,LA,ASW,CE,Federal Contract Tower,0,0,4,0,4,0,32,18,0,50,0,32,22,0,54,65,0,65,119
03/17/2020,ARA,LA,ASW,CE,Federal Contract Tower,0,0,2,0,2,0,33,13,0,46,0,33,15,0,48,44,0,44,92
03/18/2020,ARA,LA,ASW,CE,Federal Contract Tower,0,0,1,0,1,0,62,18,0,80,0,62,19,0,81,156,0,156,237
03/19/2020,ARA,LA,ASW,CE,Federal Contract Tower,1,4,2,0,7,0,39,5,0,44,1,43,7,0,51,88,0,88,139
03/20/2020,ARA,LA,ASW,CE,Federal Contract Tower,0,0,0,0,0,0,22,2,0,24,0,22,2,0,24,108,0,108,132
03/21/2020,ARA,LA,ASW,CE,Federal Contract Tower,0,1,0,0,1,0,63,5,0,68,0,64,5,0,69,4,0,4,73
03/22/2020,ARA,LA,ASW,CE,Federal Contract Tower,0,2,5,0,7,0,20,4,2,26,0,22,9,2,33,38,8,46,79
03/23/2020,ARA,LA,ASW,CE,Federal Contract Tower,0,8,2,0,10,0,31,12,0,43,0,39,14,0,53,46,0,46,99
03/24/2020,ARA,LA,ASW,CE,Federal Contract Tower,0,0,8,4,12,0,57,8,0,65,0,57,16,4,77,66,10,76,153
03/25/2020,ARA,LA,ASW,CE,Federal Contract Tower,0,0,3,0,3,0,69,38,0,107,0,69,41,0,110,62,0,62,172
03/26/2020,ARA,LA,ASW,CE,Federal Contract Tower,1,0,0,0,1,0,45,29,0,74,1,45,29,0,75,116,0,116,191
03/27/2020,ARA,LA,ASW,CE,Federal Contract Tower,0,0,2,0,2,0,7,25,0,32,0,7,27,0,34,78,0,78,112
03/28/2020,ARA,LA,ASW,CE,Federal Contract Tower,0,0,0,0,0,0,9,4,0,13,0,9,4,0,13,0,0,0,13
03/29/2020,ARA,LA,ASW,CE,Federal Contract Tower,0,0,1,0,1,0,43,7,0,50,0,43,8,0,51,46,0,46,97
03/30/2020,ARA,LA,ASW,CE,Federal Contract Tower,0,0,2,0,2,0,26,13,0,39,0,26,15,0,41,18,0,18,59
03/31/2020,ARA,LA,ASW,CE,Federal Contract Tower,0,0,1,1,2,0,47,8,0,55,0,47,9,1,57,4,0,4,61
04/01/2020,ARA,LA,ASW,CE,Federal Contract Tower,2,0,0,0,2,0,37,17,0,54,2,37,17,0,56,16,0,16,72
04/02/2020,ARA,LA,ASW,CE,Federal Contract Tower,0,1,2,0,3,0,40,6,0,46,0,41,8,0,49,30,0,30,79
04/03/2020,ARA,LA,ASW,CE,Federal Contract Tower,0,0,0,5,5,0,26,23,1,50,0,26,23,6,55,68,0,68,123
04/04/2020,ARA,LA,ASW,CE,Federal Contract Tower,0,0,0,0,0,0,16,6,0,22,0,16,6,0,22,2,0,2,24
04/05/2020,ARA,LA,ASW,CE,Federal Contract Tower,0,0,0,0,0,0,21,8,0,29,0,21,8,0,29,10,0,10,39
04/06/2020,ARA,LA,ASW,CE,Federal Contract Tower,0,0,0,0,0,0,18,10,0,28,0,18,10,0,28,27,0,27,55
04/07/2020,ARA,LA,ASW,CE,Federal Contract Tower,0,4,5,0,9,0,49,12,0,61,0,53,17,0,70,110,0,110,180
04/08/2020,ARA,LA,ASW,CE,Federal Contract Tower,0,2,1,1,4,0,32,12,5,49,0,34,13,6,53,30,0,30,83
04/09/2020,ARA,LA,ASW,CE,Federal Contract Tower,0,1,0,0,1,0,47,10,0,57,0,48,10,0,58,60,0,60,118
04/10/2020,ARA,LA,ASW,CE,Federal Contract Tower,1,0,1,0,2,0,18,6,0,24,1,18,7,0,26,16,0,16,42
04/11/2020,ARA,LA,ASW,CE,Federal Contract Tower,0,0,0,0,0,0,10,14,0,24,0,10,14,0,24,6,0,6,30
04/12/2020,ARA,LA,ASW,CE,Federal Contract Tower,0,0,0,0,0,0,11,0,0,11,0,11,0,0,11,0,0,0,11
04/13/2020,ARA,LA,ASW,CE,Federal Contract Tower,0,0,0,0,0,0,23,13,0,36,0,23,13,0,36,25,0,25,61
04/14/2020,ARA,LA,ASW,CE,Federal Contract Tower,0,1,3,0,4,0,38,9,2,49,0,39,12,2,53,28,0,28,81
04/15/2020,ARA,LA,ASW,CE,Federal Contract Tower,0,0,0,2,2,0,41,15,2,58,0,41,15,4,60,84,0,84,144
04/16/2020,ARA,LA,ASW,CE,Federal Contract Tower,2,0,3,0,5,0,29,24,0,53,2,29,27,0,58,84,0,84,142
04/17/2020,ARA,LA,ASW,CE,Federal Contract Tower,0,0,3,0,3,0,32,15,0,47,0,32,18,0,50,96,0,96,146
04/18/2020,ARA,LA,ASW,CE,Federal Contract Tower,0,0,0,0,0,0,22,7,0,29,0,22,7,0,29,82,0,82,111
04/19/2020,ARA,LA,ASW,CE,Federal Contract Tower,0,0,0,0,0,0,8,1,0,9,0,8,1,0,9,2,0,2,11
04/20/2020,ARA,LA,ASW,CE,Federal Contract Tower,0,0,3,0,3,0,12,18,0,30,0,12,21,0,33,36,0,36,69
04/21/2020,ARA,LA,ASW,CE,Federal Contract Tower,0,0,5,0,5,0,40,29,0,69,0,40,34,0,74,38,0,38,112
04/22/2020,ARA,LA,ASW,CE,Federal Contract Tower,0,0,1,0,1,0,31,19,0,50,0,31,20,0,51,128,0,128,179
04/23/2020,ARA,LA,ASW,CE,Federal Contract Tower,0,0,2,0,2,0,25,6,0,31,0,25,8,0,33,26,0,26,59
04/24/2020,ARA,LA,ASW,CE,Federal Contract Tower,1,0,4,0,5,0,31,24,0,55,1,31,28,0,60,56,0,56,116
04/25/2020,ARA,LA,ASW,CE,Federal Contract Tower,0,0,0,0,0,0,6,19,0,25,0,6,19,0,25,20,0,20,45
04/26/2020,ARA,LA,ASW,CE,Federal Contract Tower,0,0,1,4,5,0,16,14,0,30,0,16,15,4,35,76,0,76,111
04/27/2020,ARA,LA,ASW,CE,Federal Contract Tower,0,0,3,0,3,0,14,13,0,27,0,14,16,0,30,0,0,0,30
04/28/2020,ARA,LA,ASW,CE,Federal Contract Tower,0,0,5,0,5,0,24,11,0,35,0,24,16,0,40,24,0,24,64
04/29/2020,ARA,LA,ASW,CE,Federal Contract Tower,0,0,2,0,2,0,37,0,0,37,0,37,2,0,39,30,0,30,69
04/30/2020,ARA,LA,ASW,CE,Federal Contract Tower,0,0,9,0,9,0,29,21,0,50,0,29,30,0,59,42,0,42,101
05/01/2020,ARA,LA,ASW,CE,Federal Contract Tower,1,0,4,0,5,0,21,43,0,64,1,21,47,0,69,50,0,50,119
05/02/2020,ARA,LA,ASW,CE,Federal Contract Tower,0,0,1,0,1,0,14,30,0,44,0,14,31,0,45,20,0,20,65
05/03/2020,ARA,LA,ASW,CE,Federal Contract Tower,0,0,2,0,2,0,19,27,0,46,0,19,29,0,48,90,0,90,138
05/04/2020,ARA,LA,ASW,CE,Federal Contract Tower,0,0,4,0,4,0,4,10,0,14,0,4,14,0,18,24,0,24,42
05/05/2020,ARA,LA,ASW,CE,Federal Contract Tower,0,0,6,0,6,0,21,15,0,36,0,21,21,0,42,52,0,52,94
05/06/2020,ARA,LA,ASW,CE,Federal Contract Tower,0,0,2,0,2,0,9,13,2,24,0,9,15,2,26,26,0,26,52
05/07/2020,ARA,LA,ASW,CE,Federal Contract Tower,0,0,4,0,4,0,9,23,0,32,0,9,27,0,36,56,0,56,92
05/08/2020,ARA,LA,ASW,CE,Federal Contract Tower,0,0,1,0,1,0,7,5,0,12,0,7,6,0,13,26,0,26,39
05/09/2020,ARA,LA,ASW,CE,Federal Contract Tower,0,0,5,0,5,0,4,4,0,8,0,4,9,0,13,32,0,32,45
05/10/2020,ARA,LA,ASW,CE,Federal Contract Tower,0,0,1,0,1,0,7,18,0,25,0,7,19,0,26,36,0,36,62
05/11/2020,ARA,LA,ASW,CE,Federal Contract Tower,0,0,8,0,8,0,0,20,6,26,0,0,28,6,34,32,0,32,66
05/12/2020,ARA,LA,ASW,CE,Federal Contract Tower,2,0,3,0,5,0,19,32,0,51,2,19,35,0,56,20,0,20,76
05/13/2020,ARA,LA,ASW,CE,Federal Contract Tower,0,0,7,0,7,0,9,12,0,21,0,9,19,0,28,8,0,8,36
05/14/2020,ARA,LA,ASW,CE,Federal Contract Tower,0,2,8,0,10,0,21,3,0,24,0,23,11,0,34,26,0,26,60
05/15/2020,ARA,LA,ASW,CE,Federal Contract Tower,2,0,1,0,3,0,14,7,0,21,2,14,8,0,24,72,0,72,96
05/16/2020,ARA,LA,ASW,CE,Federal Contract Tower,0,0,1,0,1,0,10,6,0,16,0,10,7,0,17,18,0,18,35
05/17/2020,ARA,LA,ASW,CE,Federal Contract Tower,0,1,1,0,2,0,9,7,0,16,0,10,8,0,18,24,0,24,42
05/18/2020,ARA,LA,ASW,CE,Federal Contract Tower,0,0,1,0,1,0,6,40,0,46,0,6,41,0,47,154,0,154,201
05/19/2020,ARA,LA,ASW,CE,Federal Contract Tower,0,0,5,0,5,0,15,44,0,59,0,15,49,0,64,87,0,87,151
05/20/2020,ARA,LA,ASW,CE,Federal Contract Tower,0,0,2,0,2,0,9,20,0,29,0,9,22,0,31,38,0,38,69
05/21/2020,ARA,LA,ASW,CE,Federal Contract Tower,0,0,6,0,6,0,13,42,0,55,0,13,48,0,61,114,0,114,175
05/22/2020,ARA,LA,ASW,CE,Federal Contract Tower,0,1,6,1,8,0,13,20,0,33,0,14,26,1,41,92,0,92,133
05/23/2020,ARA,LA,ASW,CE,Federal Contract Tower,0,0,0,0,0,0,10,20,0,30,0,10,20,0,30,51,0,51,81
05/24/2020,ARA,LA,ASW,CE,Federal Contract Tower,0,0,4,0,4,0,3,11,0,14,0,3,15,0,18,30,0,30,48
05/25/2020,ARA,LA,ASW,CE,Federal Contract Tower,0,0,0,0,0,0,6,12,0,18,0,6,12,0,18,100,0,100,118
05/26/2020,ARA,LA,ASW,CE,Federal Contract Tower,1,0,5,0,6,0,17,14,0,31,1,17,19,0,37,188,0,188,225
05/27/2020,ARA,LA,ASW,CE,Federal Contract Tower,0,0,4,0,4,0,8,47,3,58,0,8,51,3,62,196,0,196,258
05/28/2020,ARA,LA,ASW,CE,Federal Contract Tower,0,0,2,0,2,0,12,24,4,40,0,12,26,4,42,130,0,130,172
05/29/2020,ARA,LA,ASW,CE,Federal Contract Tower,2,0,6,1,9,0,18,23,0,41,2,18,29,1,50,120,0,120,170
05/30/2020,ARA,LA,ASW,CE,Federal Contract Tower,0,0,8,0,8,0,11,15,0,26,0,11,23,0,34,10,0,10,44
05/31/2020,ARA,LA,ASW,CE,Federal Contract Tower,0,0,3,0,3,0,9,19,0,28,0,9,22,0,31,40,0,40,71
06/01/2020,ARA,LA,ASW,CE,Federal Contract Tower,0,0,9,0,9,0,11,32,0,43,0,11,41,0,52,70,0,70,122
06/02/2020,ARA,LA,ASW,CE,Federal Contract Tower,1,0,0,0,1,0,25,29,0,54,1,25,29,0,55,120,0,120,175
06/03/2020,ARA,LA,ASW,CE,Federal Contract Tower,0,0,2,0,2,0,11,23,2,36,0,11,25,2,38,126,0,126,164
06/04/2020,ARA,LA,ASW,CE,Federal Contract Tower,0,0,5,0,5,0,10,26,0,36,0,10,31,0,41,84,0,84,125
06/05/2020,ARA,LA,ASW,CE,Federal Contract Tower,0,0,6,0,6,0,4,29,0,33,0,4,35,0,39,32,0,32,71
06/06/2020,ARA,LA,ASW,CE,Federal Contract Tower,0,0,1,0,1,0,4,17,0,21,0,4,18,0,22,40,0,40,62
06/07/2020,ARA,LA,ASW,CE,Federal Contract Tower,0,0,0,0,0,0,0,2,0,2,0,0,2,0,2,6,0,6,8
06/08/2020,ARA,LA,ASW,CE,Federal Contract Tower,0,0,4,0,4,0,15,2,0,17,0,15,6,0,21,16,0,16,37
06/09/2020,ARA,LA,ASW,CE,Federal Contract Tower,0,0,2,0,2,0,22,11,0,33,0,22,13,0,35,196,0,196,231
06/10/2020,ARA,LA,ASW,CE,Federal Contract Tower,0,1,2,0,3,0,19,31,0,50,0,20,33,0,53,0,88,88,141
06/11/2020,ARA,LA,ASW,CE,Federal Contract Tower,1,0,6,0,7,0,11,26,0,37,1,11,32,0,44,30,0,30,74
06/12/2020,ARA,LA,ASW,CE,Federal Contract Tower,1,2,11,0,14,0,33,16,0,49,1,35,27,0,63,98,0,98,161
06/13/2020,ARA,LA,ASW,CE,Federal Contract Tower,0,0,7,0,7,0,8,13,0,21,0,8,20,0,28,34,0,34,62
06/14/2020,ARA,LA,ASW,CE,Federal Contract Tower,0,1,2,0,3,0,12,16,0,28,0,13,18,0,31,32,0,32,63
06/15/2020,ARA,LA,ASW,CE,Federal Contract Tower,0,3,5,0,8,0,8,23,0,31,0,11,28,0,39,64,0,64,103
06/16/2020,ARA,LA,ASW,CE,Federal Contract Tower,0,0,7,0,7,0,22,51,2,75,0,22,58,2,82,174,0,174,256
06/17/2020,ARA,LA,ASW,CE,Federal Contract Tower,0,0,3,1,4,0,13,26,0,39,0,13,29,1,43,58,0,58,101
06/18/2020,ARA,LA,ASW,CE,Federal Contract Tower,2,0,9,1,12,0,5,28,0,33,2,5,37,1,45,156,0,156,201
06/19/2020,ARA,LA,ASW,CE,Federal Contract Tower,0,0,7,0,7,0,18,30,5,53,0,18,37,5,60,65,0,65,125
06/20/2020,ARA,LA,ASW,CE,Federal Contract Tower,0,1,2,0,3,0,22,38,2,62,0,23,40,2,65,64,0,64,129
06/21/2020,ARA,LA,ASW,CE,Federal Contract Tower,0,0,0,0,0,0,11,13,0,24,0,11,13,0,24,24,0,24,48
06/22/2020,ARA,LA,ASW,CE,Federal Contract Tower,0,0,4,0,4,0,14,9,0,23,0,14,13,0,27,32,0,32,59
06/23/2020,ARA,LA,ASW,CE,Federal Contract Tower,0,0,3,0,3,0,26,21,2,49,0,26,24,2,52,106,0,106,158
06/24/2020,ARA,LA,ASW,CE,Federal Contract Tower,0,0,6,0,6,0,7,20,0,27,0,7,26,0,33,50,0,50,83
06/25/2020,ARA,LA,ASW,CE,Federal Contract Tower,0,0,5,0,5,0,14,10,0,24,0,14,15,0,29,40,0,40,69
06/26/2020,ARA,LA,ASW,CE,Federal Contract Tower,1,0,12,0,13,0,15,16,0,31,1,15,28,0,44,98,0,98,142
06/27/2020,ARA,LA,ASW,CE,Federal Contract Tower,0,0,5,0,5,0,9,10,0,19,0,9,15,0,24,8,0,8,32
06/28/2020,ARA,LA,ASW,CE,Federal Contract Tower,0,0,4,0,4,0,19,8,0,27,0,19,12,0,31,72,0,72,103
06/29/2020,ARA,LA,ASW,CE,Federal Contract Tower,0,0,3,3,6,0,12,20,1,33,0,12,23,4,39,80,0,80,119
06/30/2020,ARA,LA,ASW,CE,Federal Contract Tower,0,0,3,0,3,0,14,19,0,33,0,14,22,0,36,60,0,60,96
07/01/2020,ARA,LA,ASW,CE,Federal Contract Tower,0,2,4,1,7,0,18,27,0,45,0,20,31,1,52,128,0,128,180
07/02/2020,ARA,LA,ASW,CE,Federal Contract Tower,2,0,6,0,8,0,16,27,0,43,2,16,33,0,51,110,0,110,161
07/03/2020,ARA,LA,ASW,CE,Federal Contract Tower,0,0,3,0,3,0,4,11,0,15,0,4,14,0,18,38,0,38,56
07/04/2020,ARA,LA,ASW,CE,Federal Contract Tower,0,0,4,0,4,0,9,5,0,14,0,9,9,0,18,2,0,2,20
07/05/2020,ARA,LA,ASW,CE,Federal Contract Tower,0,0,4,0,4,0,1,2,0,3,0,1,6,0,7,6,0,6,13
07/06/2020,ARA,LA,ASW,CE,Federal Contract Tower,0,2,4,0,6,0,0,9,0,9,0,2,13,0,15,24,0,24,39
07/07/2020,ARA,LA,ASW,CE,Federal Contract Tower,0,0,2,0,2,0,18,3,0,21,0,18,5,0,23,12,0,12,35
07/08/2020,ARA,LA,ASW,CE,Federal Contract Tower,0,0,4,0,4,0,9,21,0,30,0,9,25,0,34,58,0,58,92
07/09/2020,ARA,LA,ASW,CE,Federal Contract Tower,3,0,2,0,5,0,17,20,4,41,3,17,22,4,46,108,0,108,154
07/10/2020,ARA,LA,ASW,CE,Federal Contract Tower,0,1,9,0,10,0,8,55,1,64,0,9,64,1,74,98,0,98,172
07/11/2020,ARA,LA,ASW,CE,Federal Contract Tower,0,0,0,0,0,0,11,9,0,20,0,11,9,0,20,14,0,14,34
07/12/2020,ARA,LA,ASW,CE,Federal Contract Tower,0,0,0,0,0,0,6,11,0,17,0,6,11,0,17,28,0,28,45
07/13/2020,ARA,LA,ASW,CE,Federal Contract Tower,0,0,3,2,5,0,8,18,0,26,0,8,21,2,31,82,2,84,115
07/14/2020,ARA,LA,ASW,CE,Federal Contract Tower,0,0,5,2,7,0,17,28,0,45,0,17,33,2,52,72,0,72,124
07/15/2020,ARA,LA,ASW,CE,Federal Contract Tower,0,0,3,0,3,0,16,25,0,41,0,16,28,0,44,122,0,122,166
07/16/2020,ARA,LA,ASW,CE,Federal Contract Tower,2,3,2,0,7,0,14,17,0,31,2,17,19,0,38,40,0,40,78
07/17/2020,ARA,LA,ASW,CE,Federal Contract Tower,0,0,2,0,2,0,11,27,0,38,0,11,29,0,40,66,0,66,106
07/18/2020,ARA,LA,ASW,CE,Federal Contract Tower,0,0,2,0,2,0,16,6,0,22,0,16,8,0,24,42,0,42,66
07/19/2020,ARA,LA,ASW,CE,Federal Contract Tower,0,1,5,0,6,0,15,17,0,32,0,16,22,0,38,16,0,16,54
07/20/2020,ARA,LA,ASW,CE,Federal Contract Tower,0,0,4,0,4,0,3,2,0,5,0,3,6,0,9,6,0,6,15
07/21/2020,ARA,LA,ASW,CE,Federal Contract Tower,0,0,3,0,3,0,17,32,0,49,0,17,35,0,52,62,0,62,114
07/22/2020,ARA,LA,ASW,CE,Federal Contract Tower,0,0,5,0,5,0,29,35,0,64,0,29,40,0,69,42,0,42,111
07/23/2020,ARA,LA,ASW,CE,Federal Contract Tower,1,0,5,0,6,0,16,31,0,47,1,16,36,0,53,74,0,74,127
07/24/2020,ARA,LA,ASW,CE,Federal Contract Tower,0,0,4,0,4,0,0,0,0,0,0,0,4,0,4,30,0,30,34
07/25/2020,ARA,LA,ASW,CE,Federal Contract Tower,0,1,3,0,4,0,0,0,0,0,0,1,3,0,4,0,0,0,4
07/26/2020,ARA,LA,ASW,CE,Federal Contract Tower,0,0,2,0,2,0,2,6,0,8,0,2,8,0,10,0,0,0,10
07/27/2020,ARA,LA,ASW,CE,Federal Contract Tower,1,0,6,0,7,0,6,4,0,10,1,6,10,0,17,0,0,0,17
07/28/2020,ARA,LA,ASW,CE,Federal Contract Tower,0,0,4,0,4,0,18,4,0,22,0,18,8,0,26,6,0,6,32
07/29/2020,ARA,LA,ASW,CE,Federal Contract Tower,0,0,6,0,6,0,15,19,0,34,0,15,25,0,40,114,0,114,154
07/30/2020,ARA,LA,ASW,CE,Federal Contract Tower,1,1,5,0,7,0,30,30,0,60,1,31,35,0,67,76,0,76,143
07/31/2020,ARA,LA,ASW,CE,Federal Contract Tower,0,0,9,1,10,0,14,10,2,26,0,14,19,3,36,28,0,28,64
08/01/2020,ARA,LA,ASW,CE,Federal Contract Tower,1,0,4,0,5,0,4,13,0,17,1,4,17,0,22,0,0,0,22
08/02/2020,ARA,LA,ASW,CE,Federal Contract Tower,0,1,5,0,6,0,10,14,0,24,0,11,19,0,30,32,0,32,62
08/03/2020,ARA,LA,ASW,CE,Federal Contract Tower,0,0,6,0,6,0,18,27,0,45,0,18,33,0,51,40,0,40,91
08/04/2020,ARA,LA,ASW,CE,Federal Contract Tower,0,0,4,0,4,0,14,26,0,40,0,14,30,0,44,106,0,106,150
08/05/2020,ARA,LA,ASW,CE,Federal Contract Tower,0,0,7,1,8,0,9,21,2,32,0,9,28,3,40,60,4,64,104
08/06/2020,ARA,LA,ASW,CE,Federal Contract Tower,2,4,1,2,9,0,27,23,1,51,2,31,24,3,60,24,0,24,84
08/07/2020,ARA,LA,ASW,CE,Federal Contract Tower,0,2,7,0,9,0,15,27,0,42,0,17,34,0,51,32,0,32,83
08/08/2020,ARA,LA,ASW,CE,Federal Contract Tower,0,0,0,0,0,0,17,12,4,33,0,17,12,4,33,32,2,34,67
08/09/2020,ARA,LA,ASW,CE,Federal Contract Tower,0,0,3,0,3,0,10,11,0,21,0,10,14,0,24,6,0,6,30
08/10/2020,ARA,LA,ASW,CE,Federal Contract Tower,0,0,3,0,3,0,21,34,0,55,0,21,37,0,58,48,0,48,106
08/11/2020,ARA,LA,ASW,CE,Federal Contract Tower,0,0,7,2,9,0,19,28,2,49,0,19,35,4,58,78,0,78,136
08/12/2020,ARA,LA,ASW,CE,Federal Contract Tower,0,0,7,0,7,0,12,23,0,35,0,12,30,0,42,100,0,100,142
08/13/2020,ARA,LA,ASW,CE,Federal Contract Tower,0,0,1,0,1,0,15,19,0,34,0,15,20,0,35,48,0,48,83
08/14/2020,ARA,LA,ASW,CE,Federal Contract Tower,0,0,3,0,3,0,26,13,0,39,0,26,16,0,42,78,0,78,120
08/15/2020,ARA,LA,ASW,CE,Federal Contract Tower,0,0,0,0,0,0,6,13,0,19,0,6,13,0,19,12,0,12,31
08/16/2020,ARA,LA,ASW,CE,Federal Contract Tower,1,0,6,4,11,0,6,20,0,26,1,6,26,4,37,8,4,12,49
08/17/2020,ARA,LA,ASW,CE,Federal Contract Tower,0,0,2,2,4,0,11,21,1,33,0,11,23,3,37,38,0,38,75
08/18/2020,ARA,LA,ASW,CE,Federal Contract Tower,0,0,16,0,16,0,13,31,0,44,0,13,47,0,60,36,0,36,96
08/19/2020,ARA,LA,ASW,CE,Federal Contract Tower,1,0,7,0,8,0,18,41,2,61,1,18,48,2,69,46,0,46,115
08/20/2020,ARA,LA,ASW,CE,Federal Contract Tower,2,0,12,0,14,0,13,30,17,60,2,13,42,17,74,48,4,52,126
08/21/2020,ARA,LA,ASW,CE,Federal Contract Tower,0,0,5,0,5,0,40,24,2,66,0,40,29,2,71,128,0,128,199
08/22/2020,ARA,LA,ASW,CE,Federal Contract Tower,0,0,0,1,1,0,24,22,0,46,0,24,22,1,47,8,0,8,55
08/23/2020,ARA,LA,ASW,CE,Federal Contract Tower,0,0,6,0,6,0,30,11,0,41,0,30,17,0,47,14,0,14,61
08/24/2020,ARA,LA,ASW,CE,Federal Contract Tower,0,0,2,0,2,0,4,8,0,12,0,4,10,0,14,0,0,0,14
08/25/2020,ARA,LA,ASW,CE,Federal Contract Tower,0,0,2,0,2,0,10,2,0,12,0,10,4,0,14,0,0,0,14
08/26/2020,ARA,LA,ASW,CE,Federal Contract Tower,0,0,0,0,0,0,0,0,0,0,0,0,0,0,0,0,0,0,0
08/27/2020,ARA,LA,ASW,CE,Federal Contract Tower,0,0,1,0,1,0,14,9,19,42,0,14,10,19,43,0,0,0,43
08/28/2020,ARA,LA,ASW,CE,Federal Contract Tower,0,7,12,0,19,0,40,25,9,74,0,47,37,9,93,4,0,4,97
08/29/2020,ARA,LA,ASW,CE,Federal Contract Tower,0,1,4,0,5,0,21,14,2,37,0,22,18,2,42,0,0,0,42
08/30/2020,ARA,LA,ASW,CE,Federal Contract Tower,0,2,4,0,6,0,20,6,0,26,0,22,10,0,32,0,0,0,32
08/31/2020,ARA,LA,ASW,CE,Federal Contract Tower,0,2,1,4,7,0,19,16,0,35,0,21,17,4,42,72,0,72,114
09/01/2020,ARA,LA,ASW,CE,Federal Contract Tower,0,1,15,0,16,0,22,45,2,69,0,23,60,2,85,66,0,66,151
09/02/2020,ARA,LA,ASW,CE,Federal Contract Tower,0,2,9,0,11,0,21,39,0,60,0,23,48,0,71,90,0,90,161
09/03/2020,ARA,LA,ASW,CE,Federal Contract Tower,0,4,1,3,8,0,17,31,1,49,0,21,32,4,57,58,0,58,115
09/04/2020,ARA,LA,ASW,CE,Federal Contract Tower,0,0,10,0,10,0,21,27,0,48,0,21,37,0,58,54,0,54,112
09/05/2020,ARA,LA,ASW,CE,Federal Contract Tower,2,0,4,2,8,0,12,27,0,39,2,12,31,2,47,10,0,10,57
09/06/2020,ARA,LA,ASW,CE,Federal Contract Tower,0,0,5,0,5,0,15,31,0,46,0,15,36,0,51,6,0,6,57
09/07/2020,ARA,LA,ASW,CE,Federal Contract Tower,0,0,6,0,6,0,14,23,0,37,0,14,29,0,43,16,0,16,59
09/08/2020,ARA,LA,ASW,CE,Federal Contract Tower,2,0,6,8,16,0,23,25,1,49,2,23,31,9,65,110,0,110,175
09/09/2020,ARA,LA,ASW,CE,Federal Contract Tower,0,0,3,0,3,0,4,28,0,32,0,4,31,0,35,72,0,72,107
09/10/2020,ARA,LA,ASW,CE,Federal Contract Tower,0,4,6,9,19,0,17,40,0,57,0,21,46,9,76,58,0,58,134
09/11/2020,ARA,LA,ASW,CE,Federal Contract Tower,0,1,3,0,4,0,23,13,0,36,0,24,16,0,40,74,0,74,114
09/12/2020,ARA,LA,ASW,CE,Federal Contract Tower,0,0,3,0,3,0,12,9,0,21,0,12,12,0,24,8,0,8,32
09/13/2020,ARA,LA,ASW,CE,Federal Contract Tower,0,5,5,11,21,0,42,18,5,65,0,47,23,16,86,0,0,0,86
09/14/2020,ARA,LA,ASW,CE,Federal Contract Tower,0,7,5,18,30,0,23,11,10,44,0,30,16,28,74,68,0,68,142
09/15/2020,ARA,LA,ASW,CE,Federal Contract Tower,0,8,3,2,13,0,53,16,3,72,0,61,19,5,85,34,0,34,119
09/16/2020,ARA,LA,ASW,CE,Federal Contract Tower,1,2,4,0,7,0,30,22,7,59,1,32,26,7,66,84,0,84,150
09/17/2020,ARA,LA,ASW,CE,Federal Contract Tower,0,4,3,1,8,0,39,32,5,76,0,43,35,6,84,144,0,144,228
09/18/2020,ARA,LA,ASW,CE,Federal Contract Tower,0,0,8,2,10,0,2,17,0,19,0,2,25,2,29,86,0,86,115
09/19/2020,ARA,LA,ASW,CE,Federal Contract Tower,2,0,3,0,5,0,1,3,0,4,2,1,6,0,9,8,0,8,17
09/20/2020,ARA,LA,ASW,CE,Federal Contract Tower,0,0,2,0,2,0,0,0,0,0,0,0,2,0,2,0,0,0,2
09/21/2020,ARA,LA,ASW,CE,Federal Contract Tower,0,0,0,0,0,0,0,0,0,0,0,0,0,0,0,0,0,0,0
09/22/2020,ARA,LA,ASW,CE,Federal Contract Tower,0,0,0,0,0,0,12,2,0,14,0,12,2,0,14,0,0,0,14
09/23/2020,ARA,LA,ASW,CE,Federal Contract Tower,0,0,1,0,1,0,21,7,0,28,0,21,8,0,29,12,0,12,41
09/24/2020,ARA,LA,ASW,CE,Federal Contract Tower,0,0,7,6,13,0,29,11,0,40,0,29,18,6,53,72,0,72,125
09/25/2020,ARA,LA,ASW,CE,Federal Contract Tower,2,0,14,11,27,0,17,28,0,45,2,17,42,11,72,126,4,130,202
09/26/2020,ARA,LA,ASW,CE,Federal Contract Tower,0,2,2,12,16,0,5,16,6,27,0,7,18,18,43,12,14,26,69
09/27/2020,ARA,LA,ASW,CE,Federal Contract Tower,0,0,6,0,6,0,13,19,0,32,0,13,25,0,38,22,0,22,60
09/28/2020,ARA,LA,ASW,CE,Federal Contract Tower,0,0,2,0,2,0,12,3,0,15,0,12,5,0,17,6,0,6,23
09/29/2020,ARA,LA,ASW,CE,Federal Contract Tower,0,0,11,5,16,0,18,44,4,66,0,18,55,9,82,94,2,96,178
09/30/2020,ARA,LA,ASW,CE,Federal Contract Tower,0,0,7,4,11,0,10,63,2,75,0,10,70,6,86,34,0,34,120
10/01/2020,ARA,LA,ASW,CE,Federal Contract Tower,0,0,16,4,20,0,20,63,0,83,0,20,79,4,103,18,0,18,121
10/02/2020,ARA,LA,ASW,CE,Federal Contract Tower,2,0,19,3,24,0,12,40,5,57,2,12,59,8,81,20,4,24,105
10/03/2020,ARA,LA,ASW,CE,Federal Contract Tower,0,0,2,17,19,1,13,22,2,38,1,13,24,19,57,10,4,14,71
10/04/2020,ARA,LA,ASW,CE,Federal Contract Tower,0,0,2,0,2,0,9,15,2,26,0,9,17,2,28,22,2,24,52
10/05/2020,ARA,LA,ASW,CE,Federal Contract Tower,0,0,2,0,2,0,26,18,0,44,0,26,20,0,46,92,0,92,138
10/06/2020,ARA,LA,ASW,CE,Federal Contract Tower,0,0,0,12,12,0,34,43,1,78,0,34,43,13,90,100,4,104,194
10/07/2020,ARA,LA,ASW,CE,Federal Contract Tower,0,0,9,0,9,0,23,27,4,54,0,23,36,4,63,0,80,80,143
10/08/2020,ARA,LA,ASW,CE,Federal Contract Tower,0,2,7,0,9,0,3,4,0,7,0,5,11,0,16,34,0,34,50
10/10/2020,ARA,LA,ASW,CE,Federal Contract Tower,0,0,4,0,4,0,35,21,6,62,0,35,25,6,66,0,0,0,66
10/11/2020,ARA,LA,ASW,CE,Federal Contract Tower,0,0,7,1,8,0,24,19,0,43,0,24,26,1,51,16,0,16,67
10/12/2020,ARA,LA,ASW,CE,Federal Contract Tower,0,0,2,0,2,0,15,15,0,30,0,15,17,0,32,26,0,26,58
10/13/2020,ARA,LA,ASW,CE,Federal Contract Tower,1,0,13,6,20,0,20,9,0,29,1,20,22,6,49,12,4,16,65
10/14/2020,ARA,LA,ASW,CE,Federal Contract Tower,0,3,3,2,8,0,21,36,0,57,0,24,39,2,65,112,0,112,177
10/15/2020,ARA,LA,ASW,CE,Federal Contract Tower,0,2,6,3,11,0,19,36,0,55,0,21,42,3,66,72,0,72,138
10/16/2020,ARA,LA,ASW,CE,Federal Contract Tower,0,1,4,0,5,0,31,23,0,54,0,32,27,0,59,224,0,224,283
10/17/2020,ARA,LA,ASW,CE,Federal Contract Tower,0,0,4,0,4,0,9,51,0,60,0,9,55,0,64,6,0,6,70
10/18/2020,ARA,LA,ASW,CE,Federal Contract Tower,0,1,1,2,4,0,14,7,0,21,0,15,8,2,25,34,0,34,59
10/19/2020,ARA,LA,ASW,CE,Federal Contract Tower,0,0,7,2,9,0,13,27,1,41,0,13,34,3,50,62,2,64,114
10/20/2020,ARA,LA,ASW,CE,Federal Contract Tower,0,2,2,0,4,0,21,19,0,40,0,23,21,0,44,10,0,10,54
10/21/2020,ARA,LA,ASW,CE,Federal Contract Tower,2,0,4,8,14,0,11,20,1,32,2,11,24,9,46,56,2,58,104
10/22/2020,ARA,LA,ASW,CE,Federal Contract Tower,0,1,7,1,9,0,18,19,3,40,0,19,26,4,49,16,0,16,65
10/23/2020,ARA,LA,ASW,CE,Federal Contract Tower,0,0,5,2,7,0,11,8,0,19,0,11,13,2,26,114,0,114,140
10/24/2020,ARA,LA,ASW,CE,Federal Contract Tower,0,1,2,0,3,0,21,8,0,29,0,22,10,0,32,54,0,54,86
10/25/2020,ARA,LA,ASW,CE,Federal Contract Tower,0,0,1,0,1,0,23,20,0,43,0,23,21,0,44,48,0,48,92
10/26/2020,ARA,LA,ASW,CE,Federal Contract Tower,0,0,5,0,5,0,16,33,0,49,0,16,38,0,54,60,0,60,114
10/27/2020,ARA,LA,ASW,CE,Federal Contract Tower,2,0,8,6,16,0,17,16,10,43,2,17,24,16,59,88,0,88,147
10/28/2020,ARA,LA,ASW,CE,Federal Contract Tower,1,11,0,0,12,0,2,15,0,17,1,13,15,0,29,24,0,24,53
10/29/2020,ARA,LA,ASW,CE,Federal Contract Tower,0,14,2,6,22,0,39,37,10,86,0,53,39,16,108,30,0,30,138
10/30/2020,ARA,LA,ASW,CE,Federal Contract Tower,1,21,7,6,35,0,31,30,0,61,1,52,37,6,96,162,0,162,258
10/31/2020,ARA,LA,ASW,CE,Federal Contract Tower,0,13,3,0,16,0,25,28,0,53,0,38,31,0,69,28,0,28,97
11/01/2020,ARA,LA,ASW,CE,Federal Contract Tower,0,2,5,2,9,0,15,10,0,25,0,17,15,2,34,40,0,40,74
11/02/2020,ARA,LA,ASW,CE,Federal Contract Tower,0,2,11,9,22,0,5,35,2,42,0,7,46,11,64,78,0,78,142
11/03/2020,ARA,LA,ASW,CE,Federal Contract Tower,1,6,0,19,26,0,28,19,5,52,1,34,19,24,78,88,0,88,166
11/04/2020,ARA,LA,ASW,CE,Federal Contract Tower,0,6,2,12,20,0,21,34,5,60,0,27,36,17,80,198,0,198,278
11/05/2020,ARA,LA,ASW,CE,Federal Contract Tower,0,7,10,12,29,0,15,36,5,56,0,22,46,17,85,70,4,74,159
11/06/2020,ARA,LA,ASW,CE,Federal Contract Tower,0,0,7,5,12,0,18,43,2,63,0,18,50,7,75,170,0,170,245
11/07/2020,ARA,LA,ASW,CE,Federal Contract Tower,0,2,2,0,4,0,5,14,0,19,0,7,16,0,23,8,0,8,31
11/08/2020,ARA,LA,ASW,CE,Federal Contract Tower,0,3,1,0,4,0,0,1,0,1,0,3,2,0,5,4,0,4,9
11/09/2020,ARA,LA,ASW,CE,Federal Contract Tower,0,2,3,1,6,0,2,23,1,26,0,4,26,2,32,40,0,40,72
11/10/2020,ARA,LA,ASW,CE,Federal Contract Tower,0,4,3,33,40,0,1,23,0,24,0,5,26,33,64,28,26,54,118
11/11/2020,ARA,LA,ASW,CE,Federal Contract Tower,0,12,3,1,16,0,4,12,1,17,0,16,15,2,33,12,2,14,47
11/12/2020,ARA,LA,ASW,CE,Federal Contract Tower,0,2,1,35,38,0,0,18,9,27,0,2,19,44,65,24,20,44,109
11/13/2020,ARA,LA,ASW,CE,Federal Contract Tower,0,6,9,22,37,0,3,26,3,32,0,9,35,25,69,32,2,34,103
11/14/2020,ARA,LA,ASW,CE,Federal Contract Tower,0,0,0,0,0,0,0,16,2,18,0,0,16,2,18,22,0,22,40
11/15/2020,ARA,LA,ASW,CE,Federal Contract Tower,0,2,5,1,8,0,2,15,1,18,0,4,20,2,26,48,0,48,74
11/16/2020,ARA,LA,ASW,CE,Federal Contract Tower,0,1,8,14,23,0,2,21,5,28,0,3,29,19,51,60,0,60,111
11/17/2020,ARA,LA,ASW,CE,Federal Contract Tower,1,0,8,7,16,0,1,28,1,30,1,1,36,8,46,104,0,104,150
11/18/2020,ARA,LA,ASW,CE,Federal Contract Tower,0,4,5,14,23,0,0,26,12,38,0,4,31,26,61,94,2,96,157
11/19/2020,ARA,LA,ASW,CE,Federal Contract Tower,0,1,3,17,21,0,5,20,13,38,0,6,23,30,59,54,4,58,117
11/20/2020,ARA,LA,ASW,CE,Federal Contract Tower,0,2,3,24,29,0,6,21,3,30,0,8,24,27,59,56,10,66,125
11/21/2020,ARA,LA,ASW,CE,Federal Contract Tower,0,0,0,0,0,0,0,21,0,21,0,0,21,0,21,38,0,38,59
11/22/2020,ARA,LA,ASW,CE,Federal Contract Tower,0,2,3,12,17,0,0,16,2,18,0,2,19,14,35,36,0,36,71
11/23/2020,ARA,LA,ASW,CE,Federal Contract Tower,1,0,10,11,22,0,4,40,1,45,1,4,50,12,67,180,2,182,249
11/24/2020,ARA,LA,ASW,CE,Federal Contract Tower,0,0,11,17,28,0,2,37,0,39,0,2,48,17,67,136,6,142,209
11/25/2020,ARA,LA,ASW,CE,Federal Contract Tower,0,0,3,0,3,0,0,15,0,15,0,0,18,0,18,88,0,88,106
11/26/2020,ARA,LA,ASW,CE,Federal Contract Tower,0,0,1,0,1,0,0,5,0,5,0,0,6,0,6,0,0,0,6
11/27/2020,ARA,LA,ASW,CE,Federal Contract Tower,0,0,2,0,2,0,0,0,0,0,0,0,2,0,2,0,0,0,2
11/28/2020,ARA,LA,ASW,CE,Federal Contract Tower,0,0,1,0,1,0,0,0,0,0,0,0,1,0,1,0,0,0,1
11/29/2020,ARA,LA,ASW,CE,Federal Contract Tower,0,0,5,0,5,0,0,0,0,0,0,0,5,0,5,0,0,0,5
11/30/2020,ARA,LA,ASW,CE,Federal Contract Tower,0,0,17,4,21,0,1,26,0,27,0,1,43,4,48,60,2,62,110
12/01/2020,ARA,LA,ASW,CE,Federal Contract Tower,0,0,14,11,25,0,1,43,7,51,0,1,57,18,76,168,10,178,254
12/02/2020,ARA,LA,ASW,CE,Federal Contract Tower,1,0,4,8,13,0,0,17,6,23,1,0,21,14,36,18,8,26,62
12/03/2020,ARA,LA,ASW,CE,Federal Contract Tower,0,0,2,2,4,0,3,26,0,29,0,3,28,2,33,102,0,102,135
12/04/2020,ARA,LA,ASW,CE,Federal Contract Tower,0,0,5,31,36,0,2,29,3,34,0,2,34,34,70,72,38,110,180
12/05/2020,ARA,LA,ASW,CE,Federal Contract Tower,0,0,3,0,3,0,2,22,0,24,0,2,25,0,27,44,0,44,71
12/06/2020,ARA,LA,ASW,CE,Federal Contract Tower,0,1,2,6,9,0,1,9,0,10,0,2,11,6,19,28,0,28,47
12/07/2020,ARA,LA,ASW,CE,Federal Contract Tower,0,0,3,8,11,0,2,32,2,36,0,2,35,10,47,136,18,154,201
12/08/2020,ARA,LA,ASW,CE,Federal Contract Tower,0,0,4,11,15,0,6,33,7,46,0,6,37,18,61,182,26,208,269
12/09/2020,ARA,LA,ASW,CE,Federal Contract Tower,0,2,1,2,5,0,6,33,3,42,0,8,34,5,47,124,18,142,189
12/10/2020,ARA,LA,ASW,CE,Federal Contract Tower,0,2,8,10,20,0,2,32,3,37,0,4,40,13,57,52,2,54,111
12/11/2020,ARA,LA,ASW,CE,Federal Contract Tower,0,0,3,51,54,0,4,22,6,32,0,4,25,57,86,66,18,84,170
12/12/2020,ARA,LA,ASW,CE,Federal Contract Tower,1,0,1,0,2,0,2,3,0,5,1,2,4,0,7,26,0,26,33
12/13/2020,ARA,LA,ASW,CE,Federal Contract Tower,0,0,0,1,1,0,7,2,0,9,0,7,2,1,10,54,0,54,64
12/14/2020,ARA,LA,ASW,CE,Federal Contract Tower,0,0,7,7,14,0,11,10,0,21,0,11,17,7,35,72,0,72,107
12/15/2020,ARA,LA,ASW,CE,Federal Contract Tower,0,0,14,7,21,0,7,10,0,17,0,7,24,7,38,96,0,96,134
12/16/2020,ARA,LA,ASW,CE,Federal Contract Tower,0,0,5,26,31,0,1,13,3,17,0,1,18,29,48,50,0,50,98
12/17/2020,ARA,LA,ASW,CE,Federal Contract Tower,0,0,9,24,33,0,5,26,3,34,0,5,35,27,67,84,6,90,157
12/18/2020,ARA,LA,ASW,CE,Federal Contract Tower,0,0,3,5,8,0,0,40,1,41,0,0,43,6,49,76,6,82,131
12/19/2020,ARA,LA,ASW,CE,Federal Contract Tower,0,0,5,4,9,0,0,9,2,11,0,0,14,6,20,30,0,30,50
12/20/2020,ARA,LA,ASW,CE,Federal Contract Tower,0,0,3,8,11,0,2,3,1,6,0,2,6,9,17,16,0,16,33
12/21/2020,ARA,LA,ASW,CE,Federal Contract Tower,0,0,6,7,13,0,0,25,2,27,0,0,31,9,40,40,2,42,82
12/22/2020,ARA,LA,ASW,CE,Federal Contract Tower,0,0,2,4,6,0,0,23,2,25,0,0,25,6,31,38,0,38,69
12/23/2020,ARA,LA,ASW,CE,Federal Contract Tower,0,0,3,4,7,0,1,17,0,18,0,1,20,4,25,0,0,0,25
12/24/2020,ARA,LA,ASW,CE,Federal Contract Tower,0,0,2,0,2,0,3,3,0,6,0,3,5,0,8,0,0,0,8
12/25/2020,ARA,LA,ASW,CE,Federal Contract Tower,0,0,0,0,0,0,0,5,0,5,0,0,5,0,5,0,0,0,5
12/26/2020,ARA,LA,ASW,CE,Federal Contract Tower,0,0,2,0,2,0,0,31,0,31,0,0,33,0,33,70,0,70,103
12/27/2020,ARA,LA,ASW,CE,Federal Contract Tower,0,0,2,0,2,0,0,12,0,12,0,0,14,0,14,10,0,10,24
12/28/2020,ARA,LA,ASW,CE,Federal Contract Tower,0,0,4,2,6,0,0,9,0,9,0,0,13,2,15,22,0,22,37
12/29/2020,ARA,LA,ASW,CE,Federal Contract Tower,0,0,3,4,7,0,0,19,4,23,0,0,22,8,30,26,0,26,56
12/30/2020,ARA,LA,ASW,CE,Federal Contract Tower,0,0,1,0,1,0,0,5,0,5,0,0,6,0,6,26,0,26,32
12/31/2020,ARA,LA,ASW,CE,Federal Contract Tower,0,0,0,0,0,0,0,7,0,7,0,0,7,0,7,2,0,2,9
01/01/2021,ARA,LA,ASW,CE,Federal Contract Tower,0,0,0,0,0,0,0,1,0,1,0,0,1,0,1,0,0,0,1
01/02/2021,ARA,LA,ASW,CE,Federal Contract Tower,1,0,0,0,1,0,2,18,0,20,1,2,18,0,21,32,0,32,53
01/03/2021,ARA,LA,ASW,CE,Federal Contract Tower,0,0,2,0,2,0,3,23,0,26,0,3,25,0,28,52,0,52,80
01/04/2021,ARA,LA,ASW,CE,Federal Contract Tower,0,0,3,0,3,0,3,18,6,27,0,3,21,6,30,52,0,52,82
01/05/2021,ARA,LA,ASW,CE,Federal Contract Tower,0,0,3,0,3,0,2,37,1,40,0,2,40,1,43,136,0,136,179
01/06/2021,ARA,LA,ASW,CE,Federal Contract Tower,0,0,0,2,2,0,1,20,4,25,0,1,20,6,27,108,2,110,137
01/07/2021,ARA,LA,ASW,CE,Federal Contract Tower,0,0,3,24,27,0,0,10,4,14,0,0,13,28,41,32,0,32,73
01/08/2021,ARA,LA,ASW,CE,Federal Contract Tower,0,0,11,9,20,0,0,26,0,26,0,0,37,9,46,118,0,118,164
01/09/2021,ARA,LA,ASW,CE,Federal Contract Tower,0,0,0,2,2,0,0,26,8,34,0,0,26,10,36,52,12,64,100
01/10/2021,ARA,LA,ASW,CE,Federal Contract Tower,0,0,0,0,0,0,3,11,0,14,0,3,11,0,14,96,0,96,110
01/11/2021,ARA,LA,ASW,CE,Federal Contract Tower,0,0,4,0,4,0,2,6,0,8,0,2,10,0,12,16,2,18,30
01/12/2021,ARA,LA,ASW,CE,Federal Contract Tower,0,1,13,8,22,0,6,19,4,29,0,7,32,12,51,196,12,208,259
01/13/2021,ARA,LA,ASW,CE,Federal Contract Tower,0,2,1,17,20,0,0,38,18,56,0,2,39,35,76,106,32,138,214
01/14/2021,ARA,LA,ASW,CE,Federal Contract Tower,0,0,7,14,21,0,0,25,4,29,0,0,32,18,50,138,8,146,196
01/15/2021,ARA,LA,ASW,CE,Federal Contract Tower,0,0,5,5,10,0,10,22,0,32,0,10,27,5,42,86,0,86,128
01/16/2021,ARA,LA,ASW,CE,Federal Contract Tower,0,0,5,4,9,0,1,25,0,26,0,1,30,4,35,36,0,36,71
01/17/2021,ARA,LA,ASW,CE,Federal Contract Tower,1,0,1,0,2,0,6,31,0,37,1,6,32,0,39,70,0,70,109
01/18/2021,ARA,LA,ASW,CE,Federal Contract Tower,0,0,3,0,3,0,0,20,0,20,0,0,23,0,23,92,0,92,115
01/19/2021,ARA,LA,ASW,CE,Federal Contract Tower,0,1,10,4,15,0,11,46,0,57,0,12,56,4,72,204,0,204,276
01/20/2021,ARA,LA,ASW,CE,Federal Contract Tower,0,0,8,2,10,0,0,29,2,31,0,0,37,4,41,134,6,140,181
01/21/2021,ARA,LA,ASW,CE,Federal Contract Tower,0,1,2,2,5,0,0,27,0,27,0,1,29,2,32,128,0,128,160
01/22/2021,ARA,LA,ASW,CE,Federal Contract Tower,0,0,10,0,10,0,0,5,0,5,0,0,15,0,15,8,0,8,23
01/23/2021,ARA,LA,ASW,CE,Federal Contract Tower,0,0,1,0,1,0,0,0,0,0,0,0,1,0,1,0,0,0,1
01/24/2021,ARA,LA,ASW,CE,Federal Contract Tower,0,0,2,0,2,0,0,4,0,4,0,0,6,0,6,88,0,88,94
01/25/2021,ARA,LA,ASW,CE,Federal Contract Tower,0,0,5,4,9,0,0,3,0,3,0,0,8,4,12,52,0,52,64
01/26/2021,ARA,LA,ASW,CE,Federal Contract Tower,1,0,7,0,8,0,4,18,3,25,1,4,25,3,33,52,6,58,91
01/27/2021,ARA,LA,ASW,CE,Federal Contract Tower,0,0,5,12,17,0,9,32,6,47,0,9,37,18,64,206,0,206,270
01/28/2021,ARA,LA,ASW,CE,Federal Contract Tower,0,0,3,17,20,0,0,34,13,47,0,0,37,30,67,198,16,214,281
01/29/2021,ARA,LA,ASW,CE,Federal Contract Tower,0,0,7,17,24,0,9,37,6,52,0,9,44,23,76,182,8,190,266
01/30/2021,ARA,LA,ASW,CE,Federal Contract Tower,2,0,0,4,6,0,3,12,2,17,2,3,12,6,23,64,0,64,87
01/31/2021,ARA,LA,ASW,CE,Federal Contract Tower,0,2,3,2,7,0,0,15,0,15,0,2,18,2,22,80,0,80,102
02/01/2021,ARA,LA,ASW,CE,Federal Contract Tower,0,0,7,4,11,0,2,15,0,17,0,2,22,4,28,52,0,52,80
02/02/2021,ARA,LA,ASW,CE,Federal Contract Tower,0,0,0,14,14,0,4,48,2,54,0,4,48,16,68,296,0,296,364
02/03/2021,ARA,LA,ASW,CE,Federal Contract Tower,0,0,4,8,12,0,0,47,9,56,0,0,51,17,68,96,22,118,186
02/04/2021,ARA,LA,ASW,CE,Federal Contract Tower,0,0,2,9,11,0,2,28,0,30,0,2,30,9,41,60,4,64,105
02/05/2021,ARA,LA,ASW,CE,Federal Contract Tower,0,0,4,5,9,0,5,9,1,15,0,5,13,6,24,34,0,34,58
02/06/2021,ARA,LA,ASW,CE,Federal Contract Tower,0,5,6,0,11,0,0,0,0,0,0,5,6,0,11,38,0,38,49
02/07/2021,ARA,LA,ASW,CE,Federal Contract Tower,0,0,3,11,14,0,0,27,2,29,0,0,30,13,43,90,2,92,135
02/08/2021,ARA,LA,ASW,CE,Federal Contract Tower,0,0,4,8,12,0,9,34,0,43,0,9,38,8,55,276,16,292,347
02/09/2021,ARA,LA,ASW,CE,Federal Contract Tower,1,2,0,2,5,0,11,19,0,30,1,13,19,2,35,160,10,170,205
02/10/2021,ARA,LA,ASW,CE,Federal Contract Tower,0,0,6,0,6,0,2,9,0,11,0,2,15,0,17,72,0,72,89
02/11/2021,ARA,LA,ASW,CE,Federal Contract Tower,0,0,4,0,4,0,0,0,0,0,0,0,4,0,4,0,0,0,4
02/12/2021,ARA,LA,ASW,CE,Federal Contract Tower,0,0,12,0,12,0,0,0,0,0,0,0,12,0,12,10,0,10,22
02/13/2021,ARA,LA,ASW,CE,Federal Contract Tower,0,3,2,26,31,0,4,5,0,9,0,7,7,26,40,48,0,48,88
02/14/2021,ARA,LA,ASW,CE,Federal Contract Tower,0,3,1,0,4,0,0,0,0,0,0,3,1,0,4,0,0,0,4
02/15/2021,ARA,LA,ASW,CE,Federal Contract Tower,0,0,0,0,0,0,0,0,0,0,0,0,0,0,0,0,0,0,0
02/16/2021,ARA,LA,ASW,CE,Federal Contract Tower,0,0,0,0,0,0,3,4,0,7,0,3,4,0,7,0,0,0,7
02/17/2021,ARA,LA,ASW,CE,Federal Contract Tower,1,0,2,0,3,0,0,2,0,2,1,0,4,0,5,0,0,0,5
02/18/2021,ARA,LA,ASW,CE,Federal Contract Tower,1,3,5,2,11,0,0,3,0,3,1,3,8,2,14,24,0,24,38
02/19/2021,ARA,LA,ASW,CE,Federal Contract Tower,0,0,0,8,8,0,0,46,4,50,0,0,46,12,58,196,8,204,262
02/20/2021,ARA,LA,ASW,CE,Federal Contract Tower,0,0,0,7,7,0,1,25,0,26,0,1,25,7,33,24,0,24,57
02/21/2021,ARA,LA,ASW,CE,Federal Contract Tower,0,0,2,7,9,0,0,26,0,26,0,0,28,7,35,96,0,96,131
02/22/2021,ARA,LA,ASW,CE,Federal Contract Tower,0,0,9,7,16,0,0,49,1,50,0,0,58,8,66,154,0,154,220
02/23/2021,ARA,LA,ASW,CE,Federal Contract Tower,0,0,7,14,21,0,3,50,0,53,0,3,57,14,74,252,6,258,332
02/24/2021,ARA,LA,ASW,CE,Federal Contract Tower,0,0,5,10,15,0,17,50,3,70,0,17,55,13,85,368,6,374,459
02/25/2021,ARA,LA,ASW,CE,Federal Contract Tower,0,0,6,7,13,0,6,49,2,57,0,6,55,9,70,192,8,200,270
02/26/2021,ARA,LA,ASW,CE,Federal Contract Tower,0,0,6,7,13,0,2,58,6,66,0,2,64,13,79,260,2,262,341
02/27/2021,ARA,LA,ASW,CE,Federal Contract Tower,0,0,1,0,1,0,0,14,0,14,0,0,15,0,15,32,0,32,47
02/28/2021,ARA,LA,ASW,CE,Federal Contract Tower,0,0,5,0,5,0,0,7,0,7,0,0,12,0,12,54,0,54,66
03/01/2021,ARA,LA,ASW,CE,Federal Contract Tower,0,2,2,16,20,0,0,14,0,14,0,2,16,16,34,106,0,106,140
03/02/2021,ARA,LA,ASW,CE,Federal Contract Tower,2,0,9,3,14,0,0,9,0,9,2,0,18,3,23,32,0,32,55
03/03/2021,ARA,LA,ASW,CE,Federal Contract Tower,0,0,8,7,15,0,11,54,4,69,0,11,62,11,84,214,2,216,300
03/04/2021,ARA,LA,ASW,CE,Federal Contract Tower,1,0,6,25,32,0,12,66,11,89,1,12,72,36,121,244,6,250,371
03/05/2021,ARA,LA,ASW,CE,Federal Contract Tower,0,0,0,7,7,0,4,46,21,71,0,4,46,28,78,224,10,234,312
03/06/2021,ARA,LA,ASW,CE,Federal Contract Tower,0,0,2,14,16,0,4,44,6,54,0,4,46,20,70,110,0,110,180
03/07/2021,ARA,LA,ASW,CE,Federal Contract Tower,0,0,4,0,4,0,4,22,0,26,0,4,26,0,30,72,0,72,102
03/08/2021,ARA,LA,ASW,CE,Federal Contract Tower,0,0,3,5,8,0,0,29,3,32,0,0,32,8,40,128,8,136,176
03/09/2021,ARA,LA,ASW,CE,Federal Contract Tower,0,0,5,5,10,0,6,35,6,47,0,6,40,11,57,122,6,128,185
03/10/2021,ARA,LA,ASW,CE,Federal Contract Tower,0,0,6,7,13,0,0,28,3,31,0,0,34,10,44,58,0,58,102
03/11/2021,ARA,LA,ASW,CE,Federal Contract Tower,0,0,3,8,11,0,6,45,0,51,0,6,48,8,62,204,0,204,266
03/12/2021,ARA,LA,ASW,CE,Federal Contract Tower,0,0,5,25,30,0,1,31,1,33,0,1,36,26,63,114,6,120,183
03/13/2021,ARA,LA,ASW,CE,Federal Contract Tower,0,0,7,2,9,0,6,23,1,30,0,6,30,3,39,94,0,94,133
03/14/2021,ARA,LA,ASW,CE,Federal Contract Tower,0,0,8,0,8,0,1,6,0,7,0,1,14,0,15,26,0,26,41
03/15/2021,ARA,LA,ASW,CE,Federal Contract Tower,2,0,7,6,15,0,1,23,0,24,2,1,30,6,39,118,0,118,157
03/16/2021,ARA,LA,ASW,CE,Federal Contract Tower,1,0,4,4,9,0,0,34,0,34,1,0,38,4,43,184,4,188,231
03/17/2021,ARA,LA,ASW,CE,Federal Contract Tower,1,0,1,0,2,0,0,0,0,0,1,0,1,0,2,0,0,0,2
03/18/2021,ARA,LA,ASW,CE,Federal Contract Tower,0,0,15,17,32,0,5,47,3,55,0,5,62,20,87,242,0,242,329
03/19/2021,ARA,LA,ASW,CE,Federal Contract Tower,0,0,14,14,28,0,0,49,3,52,0,0,63,17,80,90,0,90,170
03/20/2021,ARA,LA,ASW,CE,Federal Contract Tower,0,0,2,10,12,0,0,27,0,27,0,0,29,10,39,34,0,34,73
03/21/2021,ARA,LA,ASW,CE,Federal Contract Tower,1,0,5,3,9,0,0,30,1,31,1,0,35,4,40,90,0,90,130
03/22/2021,ARA,LA,ASW,CE,Federal Contract Tower,0,1,5,8,14,0,8,36,5,49,0,9,41,13,63,156,18,174,237
03/23/2021,ARA,LA,ASW,CE,Federal Contract Tower,0,0,1,0,1,0,0,0,0,0,0,0,1,0,1,0,0,0,1
03/24/2021,ARA,LA,ASW,CE,Federal Contract Tower,0,0,1,0,1,0,2,24,0,26,0,2,25,0,27,160,0,160,187
03/25/2021,ARA,LA,ASW,CE,Federal Contract Tower,0,2,5,0,7,0,0,21,0,21,0,2,26,0,28,40,0,40,68
03/26/2021,ARA,LA,ASW,CE,Federal Contract Tower,0,0,3,6,9,0,0,43,3,46,0,0,46,9,55,136,2,138,193
03/27/2021,ARA,LA,ASW,CE,Federal Contract Tower,0,0,4,0,4,0,0,8,2,10,0,0,12,2,14,16,0,16,30
03/28/2021,ARA,LA,ASW,CE,Federal Contract Tower,2,0,1,4,7,0,3,4,2,9,2,3,5,6,16,76,0,76,92
03/29/2021,ARA,LA,ASW,CE,Federal Contract Tower,1,0,7,13,21,0,4,51,1,56,1,4,58,14,77,180,12,192,269
03/30/2021,ARA,LA,ASW,CE,Federal Contract Tower,0,4,8,4,16,0,3,22,1,26,0,7,30,5,42,182,4,186,228
03/31/2021,ARA,LA,ASW,CE,Federal Contract Tower,0,0,4,0,4,0,4,8,0,12,0,4,12,0,16,82,0,82,98
04/01/2021,ARA,LA,ASW,CE,Federal Contract Tower,0,0,0,4,4,0,2,26,2,30,0,2,26,6,34,46,0,46,80
04/02/2021,ARA,LA,ASW,CE,Federal Contract Tower,0,0,4,2,6,0,0,39,1,40,0,0,43,3,46,54,0,54,100
04/03/2021,ARA,LA,ASW,CE,Federal Contract Tower,1,0,3,0,4,0,0,21,0,21,1,0,24,0,25,14,0,14,39
04/04/2021,ARA,LA,ASW,CE,Federal Contract Tower,0,0,4,0,4,0,0,20,0,20,0,0,24,0,24,16,0,16,40
04/05/2021,ARA,LA,ASW,CE,Federal Contract Tower,0,1,2,6,9,0,3,37,3,43,0,4,39,9,52,118,8,126,178
04/06/2021,ARA,LA,ASW,CE,Federal Contract Tower,0,1,6,0,7,0,6,32,0,38,0,7,38,0,45,188,0,188,233
04/07/2021,ARA,LA,ASW,CE,Federal Contract Tower,0,0,1,10,11,0,1,19,1,21,0,1,20,11,32,241,6,247,279
04/08/2021,ARA,LA,ASW,CE,Federal Contract Tower,0,0,10,3,13,0,5,51,3,59,0,5,61,6,72,246,10,256,328
04/09/2021,ARA,LA,ASW,CE,Federal Contract Tower,2,0,2,2,6,0,4,21,0,25,2,4,23,2,31,136,0,136,167
04/10/2021,ARA,LA,ASW,CE,Federal Contract Tower,0,0,3,0,3,0,4,22,0,26,0,4,25,0,29,74,0,74,103
04/11/2021,ARA,LA,ASW,CE,Federal Contract Tower,7,1,6,5,19,0,0,46,0,46,7,1,52,5,65,80,0,80,145
04/12/2021,ARA,LA,ASW,CE,Federal Contract Tower,0,0,3,0,3,0,0,57,0,57,0,0,60,0,60,168,0,168,228
04/13/2021,ARA,LA,ASW,CE,Federal Contract Tower,0,0,0,0,0,0,0,3,0,3,0,0,3,0,3,8,0,8,11
04/14/2021,ARA,LA,ASW,CE,Federal Contract Tower,0,1,3,2,6,0,0,3,0,3,0,1,6,2,9,0,0,0,9
04/15/2021,ARA,LA,ASW,CE,Federal Contract Tower,0,0,1,11,12,0,0,7,5,12,0,0,8,16,24,30,0,30,54
04/16/2021,ARA,LA,ASW,CE,Federal Contract Tower,0,0,3,0,3,0,2,11,0,13,0,2,14,0,16,74,0,74,90
04/17/2021,ARA,LA,ASW,CE,Federal Contract Tower,0,0,10,0,10,0,5,12,0,17,0,5,22,0,27,34,0,34,61
04/18/2021,ARA,LA,ASW,CE,Federal Contract Tower,0,0,2,0,2,0,6,53,0,59,0,6,55,0,61,178,0,178,239
04/19/2021,ARA,LA,ASW,CE,Federal Contract Tower,0,0,9,14,23,0,5,49,0,54,0,5,58,14,77,198,0,198,275
04/20/2021,ARA,LA,ASW,CE,Federal Contract Tower,0,0,19,3,22,0,1,88,5,94,0,1,107,8,116,320,2,322,438
04/21/2021,ARA,LA,ASW,CE,Federal Contract Tower,0,0,14,19,33,0,0,52,0,52,0,0,66,19,85,98,8,106,191
04/22/2021,ARA,LA,ASW,CE,Federal Contract Tower,0,0,9,20,29,0,5,55,1,61,0,5,64,21,90,84,20,104,194
04/23/2021,ARA,LA,ASW,CE,Federal Contract Tower,0,0,1,3,4,0,0,11,0,11,0,0,12,3,15,60,0,60,75
04/24/2021,ARA,LA,ASW,CE,Federal Contract Tower,1,1,4,0,6,0,0,4,0,4,1,1,8,0,10,12,0,12,22
04/25/2021,ARA,LA,ASW,CE,Federal Contract Tower,1,0,5,2,8,0,0,37,0,37,1,0,42,2,45,26,0,26,71
04/26/2021,ARA,LA,ASW,CE,Federal Contract Tower,0,0,8,4,12,0,1,42,1,44,0,1,50,5,56,98,14,112,168
04/27/2021,ARA,LA,ASW,CE,Federal Contract Tower,0,0,3,7,10,0,0,39,8,47,0,0,42,15,57,138,0,138,195
04/28/2021,ARA,LA,ASW,CE,Federal Contract Tower,0,0,5,8,13,0,0,32,9,41,0,0,37,17,54,38,0,38,92
04/29/2021,ARA,LA,ASW,CE,Federal Contract Tower,0,2,8,24,34,0,0,40,10,50,0,2,48,34,84,110,10,120,204
04/30/2021,ARA,LA,ASW,CE,Federal Contract Tower,0,0,6,0,6,0,2,18,0,20,0,2,24,0,26,28,0,28,54
05/01/2021,ARA,LA,ASW,CE,Federal Contract Tower,0,0,6,0,6,0,2,15,0,17,0,2,21,0,23,60,0,60,83
05/02/2021,ARA,LA,ASW,CE,Federal Contract Tower,0,0,3,0,3,0,2,10,0,12,0,2,13,0,15,34,0,34,49
05/03/2021,ARA,LA,ASW,CE,Federal Contract Tower,0,0,7,5,12,0,5,25,1,31,0,5,32,6,43,218,0,218,261
05/04/2021,ARA,LA,ASW,CE,Federal Contract Tower,0,0,3,0,3,0,2,10,0,12,0,2,13,0,15,86,0,86,101
05/05/2021,ARA,LA,ASW,CE,Federal Contract Tower,0,0,7,12,19,0,0,32,3,35,0,0,39,15,54,72,6,78,132
05/06/2021,ARA,LA,ASW,CE,Federal Contract Tower,0,0,9,2,11,0,3,51,13,67,0,3,60,15,78,124,6,130,208
05/07/2021,ARA,LA,ASW,CE,Federal Contract Tower,0,0,6,9,15,0,3,56,2,61,0,3,62,11,76,222,0,222,298
05/08/2021,ARA,LA,ASW,CE,Federal Contract Tower,1,0,4,6,11,0,8,31,0,39,1,8,35,6,50,106,0,106,156
05/09/2021,ARA,LA,ASW,CE,Federal Contract Tower,1,0,6,0,7,0,0,7,0,7,1,0,13,0,14,0,0,0,14
05/10/2021,ARA,LA,ASW,CE,Federal Contract Tower,1,0,3,0,4,0,0,22,0,22,1,0,25,0,26,56,0,56,82
05/11/2021,ARA,LA,ASW,CE,Federal Contract Tower,0,0,5,0,5,0,6,12,0,18,0,6,17,0,23,80,0,80,103
05/12/2021,ARA,LA,ASW,CE,Federal Contract Tower,0,3,4,2,9,0,6,10,2,18,0,9,14,4,27,54,0,54,81
05/13/2021,ARA,LA,ASW,CE,Federal Contract Tower,0,1,16,16,33,0,13,30,0,43,0,14,46,16,76,190,0,190,266
05/14/2021,ARA,LA,ASW,CE,Federal Contract Tower,0,0,8,12,20,0,1,31,2,34,0,1,39,14,54,126,2,128,182
05/15/2021,ARA,LA,ASW,CE,Federal Contract Tower,0,0,1,0,1,0,0,27,6,33,0,0,28,6,34,74,0,74,108
05/16/2021,ARA,LA,ASW,CE,Federal Contract Tower,0,0,4,0,4,0,0,11,0,11,0,0,15,0,15,10,0,10,25
05/17/2021,ARA,LA,ASW,CE,Federal Contract Tower,0,0,1,0,1,0,4,3,0,7,0,4,4,0,8,26,0,26,34
05/18/2021,ARA,LA,ASW,CE,Federal Contract Tower,0,0,1,0,1,0,16,6,0,22,0,16,7,0,23,82,0,82,105
05/19/2021,ARA,LA,ASW,CE,Federal Contract Tower,0,0,3,0,3,0,2,3,0,5,0,2,6,0,8,34,0,34,42
05/20/2021,ARA,LA,ASW,CE,Federal Contract Tower,0,0,3,0,3,0,12,15,0,27,0,12,18,0,30,150,0,150,180
05/21/2021,ARA,LA,ASW,CE,Federal Contract Tower,0,0,2,0,2,0,2,10,0,12,0,2,12,0,14,62,0,62,76
05/22/2021,ARA,LA,ASW,CE,Federal Contract Tower,0,0,3,4,7,0,2,32,2,36,0,2,35,6,43,86,2,88,131
05/23/2021,ARA,LA,ASW,CE,Federal Contract Tower,0,0,4,9,13,0,1,22,1,24,0,1,26,10,37,40,0,40,77
05/24/2021,ARA,LA,ASW,CE,Federal Contract Tower,2,0,4,1,7,0,3,32,0,35,2,3,36,1,42,74,0,74,116
05/25/2021,ARA,LA,ASW,CE,Federal Contract Tower,0,0,4,5,9,0,0,46,2,48,0,0,50,7,57,250,0,250,307
05/26/2021,ARA,LA,ASW,CE,Federal Contract Tower,1,0,2,9,12,0,0,26,4,30,1,0,28,13,42,128,0,128,170
05/27/2021,ARA,LA,ASW,CE,Federal Contract Tower,0,0,6,10,16,0,4,26,3,33,0,4,32,13,49,62,0,62,111
05/28/2021,ARA,LA,ASW,CE,Federal Contract Tower,3,0,2,2,7,0,0,37,2,39,3,0,39,4,46,96,4,100,146
05/29/2021,ARA,LA,ASW,CE,Federal Contract Tower,0,0,0,0,0,0,0,20,0,20,0,0,20,0,20,44,0,44,64
05/30/2021,ARA,LA,ASW,CE,Federal Contract Tower,0,0,1,2,3,0,14,18,0,32,0,14,19,2,35,102,0,102,137
05/31/2021,ARA,LA,ASW,CE,Federal Contract Tower,1,0,5,0,6,0,4,16,0,20,1,4,21,0,26,120,0,120,146
06/01/2021,ARA,LA,ASW,CE,Federal Contract Tower,0,0,6,5,11,0,8,30,1,39,0,8,36,6,50,156,2,158,208
06/02/2021,ARA,LA,ASW,CE,Federal Contract Tower,0,0,3,4,7,0,2,31,0,33,0,2,34,4,40,112,6,118,158
06/03/2021,ARA,LA,ASW,CE,Federal Contract Tower,0,0,4,2,6,0,2,14,3,19,0,2,18,5,25,30,0,30,55
06/04/2021,ARA,LA,ASW,CE,Federal Contract Tower,0,0,1,0,1,0,0,11,0,11,0,0,12,0,12,6,0,6,18
06/05/2021,ARA,LA,ASW,CE,Federal Contract Tower,0,0,0,0,0,0,5,2,0,7,0,5,2,0,7,38,0,38,45
06/06/2021,ARA,LA,ASW,CE,Federal Contract Tower,0,0,0,0,0,0,0,7,0,7,0,0,7,0,7,0,0,0,7
06/07/2021,ARA,LA,ASW,CE,Federal Contract Tower,0,0,3,19,22,0,2,29,4,35,0,2,32,23,57,222,0,222,279
06/08/2021,ARA,LA,ASW,CE,Federal Contract Tower,1,1,7,20,29,0,4,22,4,30,1,5,29,24,59,100,0,100,159
06/09/2021,ARA,LA,ASW,CE,Federal Contract Tower,1,0,3,15,19,0,6,37,5,48,1,6,40,20,67,102,10,112,179
06/10/2021,ARA,LA,ASW,CE,Federal Contract Tower,0,0,10,7,17,0,0,34,3,37,0,0,44,10,54,104,8,112,166
06/11/2021,ARA,LA,ASW,CE,Federal Contract Tower,0,0,5,38,43,0,4,33,5,42,0,4,38,43,85,144,12,156,241
06/12/2021,ARA,LA,ASW,CE,Federal Contract Tower,0,0,2,7,9,0,2,12,0,14,0,2,14,7,23,32,0,32,55
06/13/2021,ARA,LA,ASW,CE,Federal Contract Tower,1,0,3,0,4,0,3,16,2,21,1,3,19,2,25,50,14,64,89
06/14/2021,ARA,LA,ASW,CE,Federal Contract Tower,0,0,5,4,9,0,1,22,9,32,0,1,27,13,41,58,0,58,99
06/15/2021,ARA,LA,ASW,CE,Federal Contract Tower,0,0,3,6,9,0,15,35,0,50,0,15,38,6,59,144,0,144,203
06/16/2021,ARA,LA,ASW,CE,Federal Contract Tower,1,0,10,8,19,0,2,36,0,38,1,2,46,8,57,76,4,80,137
06/17/2021,ARA,LA,ASW,CE,Federal Contract Tower,0,0,7,5,12,0,0,43,3,46,0,0,50,8,58,54,12,66,124
06/18/2021,ARA,LA,ASW,CE,Federal Contract Tower,0,0,4,3,7,0,0,13,0,13,0,0,17,3,20,0,0,0,20
06/19/2021,ARA,LA,ASW,CE,Federal Contract Tower,0,0,0,0,0,0,4,16,0,20,0,4,16,0,20,34,0,34,54
06/20/2021,ARA,LA,ASW,CE,Federal Contract Tower,0,0,2,0,2,0,2,6,0,8,0,2,8,0,10,22,0,22,32
06/21/2021,ARA,LA,ASW,CE,Federal Contract Tower,1,0,3,0,4,0,0,19,0,19,1,0,22,0,23,66,0,66,89
06/22/2021,ARA,LA,ASW,CE,Federal Contract Tower,0,0,1,0,1,0,0,29,0,29,0,0,30,0,30,90,0,90,120
06/23/2021,ARA,LA,ASW,CE,Federal Contract Tower,1,1,6,1,9,0,2,34,2,38,1,3,40,3,47,66,0,66,113
06/24/2021,ARA,LA,ASW,CE,Federal Contract Tower,0,0,4,0,4,0,4,34,2,40,0,4,38,2,44,164,0,164,208
06/25/2021,ARA,LA,ASW,CE,Federal Contract Tower,0,0,1,2,3,0,3,31,1,35,0,3,32,3,38,140,4,144,182
06/26/2021,ARA,LA,ASW,CE,Federal Contract Tower,0,0,2,3,5,0,0,8,0,8,0,0,10,3,13,40,0,40,53
06/27/2021,ARA,LA,ASW,CE,Federal Contract Tower,0,0,6,0,6,0,0,6,0,6,0,0,12,0,12,0,0,0,12
06/28/2021,ARA,LA,ASW,CE,Federal Contract Tower,0,0,6,0,6,0,3,32,0,35,0,3,38,0,41,124,0,124,165
06/29/2021,ARA,LA,ASW,CE,Federal Contract Tower,0,0,5,5,10,0,8,33,0,41,0,8,38,5,51,168,0,168,219
06/30/2021,ARA,LA,ASW,CE,Federal Contract Tower,0,0,5,15,20,0,0,25,20,45,0,0,30,35,65,54,0,54,119
07/01/2021,ARA,LA,ASW,CE,Federal Contract Tower,0,1,11,8,20,0,0,38,1,39,0,1,49,9,59,58,6,64,123
07/02/2021,ARA,LA,ASW,CE,Federal Contract Tower,0,0,3,3,6,0,0,13,1,14,0,0,16,4,20,90,0,90,110
07/03/2021,ARA,LA,ASW,CE,Federal Contract Tower,0,2,0,0,2,0,0,0,0,0,0,2,0,0,2,12,0,12,14
07/04/2021,ARA,LA,ASW,CE,Federal Contract Tower,0,0,2,0,2,0,2,6,0,8,0,2,8,0,10,22,0,22,32
07/05/2021,ARA,LA,ASW,CE,Federal Contract Tower,0,0,4,0,4,0,2,6,0,8,0,2,10,0,12,32,0,32,44
07/06/2021,ARA,LA,ASW,CE,Federal Contract Tower,0,0,5,0,5,0,12,17,0,29,0,12,22,0,34,144,0,144,178
07/07/2021,ARA,LA,ASW,CE,Federal Contract Tower,0,0,2,4,6,0,2,33,1,36,0,2,35,5,42,112,4,116,158
07/08/2021,ARA,LA,ASW,CE,Federal Contract Tower,3,0,13,2,18,0,2,32,0,34,3,2,45,2,52,138,0,138,190
07/09/2021,ARA,LA,ASW,CE,Federal Contract Tower,0,0,6,3,9,0,3,29,1,33,0,3,35,4,42,86,0,86,128
07/10/2021,ARA,LA,ASW,CE,Federal Contract Tower,0,0,1,0,1,0,5,12,0,17,0,5,13,0,18,98,0,98,116
07/11/2021,ARA,LA,ASW,CE,Federal Contract Tower,0,0,1,0,1,0,2,35,0,37,0,2,36,0,38,48,0,48,86
07/12/2021,ARA,LA,ASW,CE,Federal Contract Tower,2,0,6,4,12,0,0,25,1,26,2,0,31,5,38,134,2,136,174
07/13/2021,ARA,LA,ASW,CE,Federal Contract Tower,0,0,2,7,9,0,6,28,0,34,0,6,30,7,43,128,2,130,173
07/14/2021,ARA,LA,ASW,CE,Federal Contract Tower,0,1,11,2,14,0,2,26,0,28,0,3,37,2,42,142,0,142,184
07/15/2021,ARA,LA,ASW,CE,Federal Contract Tower,1,1,6,0,8,0,4,34,0,38,1,5,40,0,46,30,0,30,76
07/16/2021,ARA,LA,ASW,CE,Federal Contract Tower,0,0,5,2,7,0,1,32,0,33,0,1,37,2,40,174,0,174,214
07/17/2021,ARA,LA,ASW,CE,Federal Contract Tower,0,1,8,0,9,0,4,49,0,53,0,5,57,0,62,120,0,120,182
07/18/2021,ARA,LA,ASW,CE,Federal Contract Tower,0,2,2,3,7,0,7,16,0,23,0,9,18,3,30,110,0,110,140
07/19/2021,ARA,LA,ASW,CE,Federal Contract Tower,0,0,2,0,2,0,0,18,0,18,0,0,20,0,20,94,0,94,114
07/20/2021,ARA,LA,ASW,CE,Federal Contract Tower,0,0,8,0,8,0,0,28,0,28,0,0,36,0,36,88,0,88,124
07/21/2021,ARA,LA,ASW,CE,Federal Contract Tower,0,0,3,9,12,0,0,41,1,42,0,0,44,10,54,158,0,158,212
07/22/2021,ARA,LA,ASW,CE,Federal Contract Tower,2,0,7,2,11,0,0,51,0,51,2,0,58,2,62,80,0,80,142
07/23/2021,ARA,LA,ASW,CE,Federal Contract Tower,0,1,5,0,6,0,2,40,0,42,0,3,45,0,48,90,0,90,138
07/24/2021,ARA,LA,ASW,CE,Federal Contract Tower,0,1,0,2,3,0,0,14,0,14,0,1,14,2,17,20,0,20,37
07/25/2021,ARA,LA,ASW,CE,Federal Contract Tower,2,0,3,4,9,0,1,11,0,12,2,1,14,4,21,14,0,14,35
07/26/2021,ARA,LA,ASW,CE,Federal Contract Tower,0,0,16,9,25,0,4,21,0,25,0,4,37,9,50,80,42,122,172
07/27/2021,ARA,LA,ASW,CE,Federal Contract Tower,0,0,13,11,24,0,15,20,3,38,0,15,33,14,62,44,16,60,122
07/28/2021,ARA,LA,ASW,CE,Federal Contract Tower,0,0,5,6,11,0,4,29,0,33,0,4,34,6,44,140,0,140,184
07/29/2021,ARA,LA,ASW,CE,Federal Contract Tower,0,0,7,8,15,0,3,31,2,36,0,3,38,10,51,76,6,82,133
07/30/2021,ARA,LA,ASW,CE,Federal Contract Tower,0,8,8,0,16,0,2,20,0,22,0,10,28,0,38,22,6,28,66
07/31/2021,ARA,LA,ASW,CE,Federal Contract Tower,1,0,5,0,6,0,0,22,0,22,1,0,27,0,28,0,0,0,28
08/01/2021,ARA,LA,ASW,CE,Federal Contract Tower,0,0,3,0,3,0,5,16,0,21,0,5,19,0,24,52,0,52,76
08/02/2021,ARA,LA,ASW,CE,Federal Contract Tower,0,1,7,0,8,0,3,22,0,25,0,4,29,0,33,152,0,152,185
08/03/2021,ARA,LA,ASW,CE,Federal Contract Tower,0,0,2,0,2,0,8,19,0,27,0,8,21,0,29,146,0,146,175
08/04/2021,ARA,LA,ASW,CE,Federal Contract Tower,2,0,10,5,17,0,7,30,0,37,2,7,40,5,54,164,0,164,218
08/05/2021,ARA,LA,ASW,CE,Federal Contract Tower,0,8,5,6,19,0,0,46,2,48,0,8,51,8,67,156,0,156,223
08/06/2021,ARA,LA,ASW,CE,Federal Contract Tower,0,0,3,7,10,0,1,37,1,39,0,1,40,8,49,106,2,108,157
08/07/2021,ARA,LA,ASW,CE,Federal Contract Tower,3,0,2,2,7,0,3,24,0,27,3,3,26,2,34,74,0,74,108
08/08/2021,ARA,LA,ASW,CE,Federal Contract Tower,0,0,0,1,1,0,7,13,1,21,0,7,13,2,22,96,2,98,120
08/09/2021,ARA,LA,ASW,CE,Federal Contract Tower,0,2,3,8,13,0,4,26,0,30,0,6,29,8,43,126,0,126,169
08/10/2021,ARA,LA,ASW,CE,Federal Contract Tower,0,0,3,5,8,0,8,31,2,41,0,8,34,7,49,102,0,102,151
08/11/2021,ARA,LA,ASW,CE,Federal Contract Tower,0,0,3,4,7,0,0,19,0,19,0,0,22,4,26,46,0,46,72
08/12/2021,ARA,LA,ASW,CE,Federal Contract Tower,0,0,6,0,6,0,6,27,0,33,0,6,33,0,39,58,0,58,97
08/13/2021,ARA,LA,ASW,CE,Federal Contract Tower,0,0,4,1,5,0,5,41,2,48,0,5,45,3,53,94,0,94,147
08/14/2021,ARA,LA,ASW,CE,Federal Contract Tower,0,0,1,0,1,0,3,19,0,22,0,3,20,0,23,82,0,82,105
08/15/2021,ARA,LA,ASW,CE,Federal Contract Tower,0,0,5,3,8,0,0,17,0,17,0,0,22,3,25,10,4,14,39
08/16/2021,ARA,LA,ASW,CE,Federal Contract Tower,0,1,7,2,10,0,0,22,0,22,0,1,29,2,32,90,0,90,122
08/17/2021,ARA,LA,ASW,CE,Federal Contract Tower,2,0,3,6,11,0,2,39,0,41,2,2,42,6,52,146,0,146,198
08/18/2021,ARA,LA,ASW,CE,Federal Contract Tower,0,0,8,10,18,0,3,42,5,50,0,3,50,15,68,62,0,62,130
08/19/2021,ARA,LA,ASW,CE,Federal Contract Tower,0,0,8,0,8,0,4,34,3,41,0,4,42,3,49,54,0,54,103
08/20/2021,ARA,LA,ASW,CE,Federal Contract Tower,3,0,7,7,17,0,0,27,1,28,3,0,34,8,45,22,0,22,67
08/21/2021,ARA,LA,ASW,CE,Federal Contract Tower,0,0,5,0,5,0,1,27,0,28,0,1,32,0,33,98,0,98,131
08/22/2021,ARA,LA,ASW,CE,Federal Contract Tower,0,0,5,9,14,0,2,16,5,23,0,2,21,14,37,74,18,92,129
08/23/2021,ARA,LA,ASW,CE,Federal Contract Tower,0,0,6,2,8,0,0,20,0,20,0,0,26,2,28,92,0,92,120
08/25/2021,ARA,LA,ASW,CE,Federal Contract Tower,0,1,13,5,19,0,0,47,3,50,0,1,60,8,69,104,0,104,173
08/26/2021,ARA,LA,ASW,CE,Federal Contract Tower,0,0,3,6,9,0,4,30,1,35,0,4,33,7,44,76,4,80,124
08/27/2021,ARA,LA,ASW,CE,Federal Contract Tower,0,0,13,1,14,0,2,33,1,36,0,2,46,2,50,100,0,100,150
08/28/2021,ARA,LA,ASW,CE,Federal Contract Tower,0,0,2,0,2,0,0,14,0,14,0,0,16,0,16,18,0,18,34
08/30/2021,ARA,LA,ASW,CE,Federal Contract Tower,0,0,1,0,1,0,4,16,0,20,0,4,17,0,21,0,0,0,21
08/31/2021,ARA,LA,ASW,CE,Federal Contract Tower,0,9,0,0,9,0,29,34,0,63,0,38,34,0,72,24,0,24,96
09/01/2021,ARA,LA,ASW,CE,Federal Contract Tower,1,9,7,0,17,0,34,30,0,64,1,43,37,0,81,102,0,102,183
09/02/2021,ARA,LA,ASW,CE,Federal Contract Tower,0,17,9,0,26,0,46,43,2,91,0,63,52,2,117,16,0,16,133
09/03/2021,ARA,LA,ASW,CE,Federal Contract Tower,0,15,5,3,23,0,36,38,0,74,0,51,43,3,97,144,12,156,253
09/04/2021,ARA,LA,ASW,CE,Federal Contract Tower,0,11,9,0,20,0,35,18,0,53,0,46,27,0,73,106,0,106,179
09/05/2021,ARA,LA,ASW,CE,Federal Contract Tower,0,6,4,2,12,0,24,8,2,34,0,30,12,4,46,106,0,106,152
09/06/2021,ARA,LA,ASW,CE,Federal Contract Tower,0,14,4,2,20,0,20,10,0,30,0,34,14,2,50,82,0,82,132
09/07/2021,ARA,LA,ASW,CE,Federal Contract Tower,2,21,6,7,36,0,34,42,0,76,2,55,48,7,112,96,2,98,210
09/08/2021,ARA,LA,ASW,CE,Federal Contract Tower,0,21,6,7,34,0,29,34,1,64,0,50,40,8,98,98,0,98,196
09/09/2021,ARA,LA,ASW,CE,Federal Contract Tower,0,20,8,8,36,0,28,35,8,71,0,48,43,16,107,164,22,186,293
09/10/2021,ARA,LA,ASW,CE,Federal Contract Tower,0,9,8,7,24,0,22,26,0,48,0,31,34,7,72,62,0,62,134
09/11/2021,ARA,LA,ASW,CE,Federal Contract Tower,0,7,6,12,25,0,20,28,0,48,0,27,34,12,73,2,0,2,75
09/12/2021,ARA,LA,ASW,CE,Federal Contract Tower,0,11,2,0,13,0,17,18,0,35,0,28,20,0,48,120,0,120,168
09/13/2021,ARA,LA,ASW,CE,Federal Contract Tower,0,19,1,0,20,0,23,18,0,41,0,42,19,0,61,90,0,90,151
09/14/2021,ARA,LA,ASW,CE,Federal Contract Tower,0,23,0,0,23,0,0,0,0,0,0,23,0,0,23,0,0,0,23
09/15/2021,ARA,LA,ASW,CE,Federal Contract Tower,2,27,3,0,32,0,18,31,0,49,2,45,34,0,81,50,0,50,131
09/16/2021,ARA,LA,ASW,CE,Federal Contract Tower,0,25,5,5,35,0,29,26,1,56,0,54,31,6,91,54,0,54,145
09/17/2021,ARA,LA,ASW,CE,Federal Contract Tower,0,13,8,5,26,0,40,33,0,73,0,53,41,5,99,194,0,194,293
09/18/2021,ARA,LA,ASW,CE,Federal Contract Tower,0,16,2,0,18,0,18,13,0,31,0,34,15,0,49,94,0,94,143
09/19/2021,ARA,LA,ASW,CE,Federal Contract Tower,0,12,3,0,15,0,20,10,0,30,0,32,13,0,45,60,0,60,105
09/20/2021,ARA,LA,ASW,CE,Federal Contract Tower,0,17,10,10,37,0,35,24,5,64,0,52,34,15,101,58,2,60,161
09/21/2021,ARA,LA,ASW,CE,Federal Contract Tower,2,23,4,1,30,0,19,14,2,35,2,42,18,3,65,66,10,76,141
09/22/2021,ARA,LA,ASW,CE,Federal Contract Tower,0,30,6,11,47,0,31,18,7,56,0,61,24,18,103,80,10,90,193
09/23/2021,ARA,LA,ASW,CE,Federal Contract Tower,0,19,13,10,42,0,40,54,10,104,0,59,67,20,146,180,0,180,326
09/24/2021,ARA,LA,ASW,CE,Federal Contract Tower,1,8,17,11,37,0,26,48,2,76,1,34,65,13,113,100,2,102,215
09/25/2021,ARA,LA,ASW,CE,Federal Contract Tower,0,2,2,0,4,0,21,35,0,56,0,23,37,0,60,60,0,60,120
09/26/2021,ARA,LA,ASW,CE,Federal Contract Tower,0,2,7,2,11,0,28,46,0,74,0,30,53,2,85,94,0,94,179
09/27/2021,ARA,LA,ASW,CE,Federal Contract Tower,0,6,14,7,27,0,22,55,1,78,0,28,69,8,105,168,2,170,275
09/28/2021,ARA,LA,ASW,CE,Federal Contract Tower,0,16,1,0,17,0,20,2,0,22,0,36,3,0,39,0,0,0,39
09/29/2021,ARA,LA,ASW,CE,Federal Contract Tower,0,13,6,0,19,0,11,19,0,30,0,24,25,0,49,50,0,50,99
09/30/2021,ARA,LA,ASW,CE,Federal Contract Tower,1,7,8,2,18,0,24,18,3,45,1,31,26,5,63,102,0,102,165
10/01/2021,ARA,LA,ASW,CE,Federal Contract Tower,1,26,6,4,37,0,20,24,0,44,1,46,30,4,81,30,0,30,111
10/03/2021,ARA,LA,ASW,CE,Federal Contract Tower,0,6,3,0,9,0,11,9,0,20,0,17,12,0,29,102,0,102,131
10/04/2021,ARA,LA,ASW,CE,Federal Contract Tower,0,9,7,10,26,0,32,38,0,70,0,41,45,10,96,138,2,140,236
10/05/2021,ARA,LA,ASW,CE,Federal Contract Tower,0,16,6,20,42,0,36,50,11,97,0,52,56,31,139,154,28,182,321
10/06/2021,ARA,LA,ASW,CE,Federal Contract Tower,0,8,17,12,37,0,43,54,9,106,0,51,71,21,143,280,0,280,423
10/07/2021,ARA,LA,ASW,CE,Federal Contract Tower,0,7,10,5,22,0,33,35,13,81,0,40,45,18,103,98,4,102,205
10/08/2021,ARA,LA,ASW,CE,Federal Contract Tower,0,4,8,2,14,0,23,29,0,52,0,27,37,2,66,72,0,72,138
10/09/2021,ARA,LA,ASW,CE,Federal Contract Tower,0,4,6,1,11,0,32,26,1,59,0,36,32,2,70,38,0,38,108
10/10/2021,ARA,LA,ASW,CE,Federal Contract Tower,0,1,6,0,7,0,20,34,0,54,0,21,40,0,61,94,0,94,155
10/11/2021,ARA,LA,ASW,CE,Federal Contract Tower,2,5,11,0,18,0,25,16,0,41,2,30,27,0,59,130,0,130,189
10/12/2021,ARA,LA,ASW,CE,Federal Contract Tower,0,4,6,3,13,0,20,31,5,56,0,24,37,8,69,120,4,124,193
10/13/2021,ARA,LA,ASW,CE,Federal Contract Tower,0,6,10,2,18,0,29,48,10,87,0,35,58,12,105,124,0,124,229
10/14/2021,ARA,LA,ASW,CE,Federal Contract Tower,0,7,10,6,23,0,21,20,2,43,0,28,30,8,66,170,4,174,240
10/15/2021,ARA,LA,ASW,CE,Federal Contract Tower,2,5,12,17,36,0,26,21,0,47,2,31,33,17,83,92,8,100,183
10/16/2021,ARA,LA,ASW,CE,Federal Contract Tower,0,6,4,0,10,0,14,11,2,27,0,20,15,2,37,60,0,60,97
10/17/2021,ARA,LA,ASW,CE,Federal Contract Tower,0,3,5,0,8,0,18,26,0,44,0,21,31,0,52,152,0,152,204
10/18/2021,ARA,LA,ASW,CE,Federal Contract Tower,1,2,10,13,26,0,23,33,4,60,1,25,43,17,86,84,0,84,170
10/19/2021,ARA,LA,ASW,CE,Federal Contract Tower,0,6,9,21,36,0,27,41,1,69,0,33,50,22,105,76,0,76,181
10/20/2021,ARA,LA,ASW,CE,Federal Contract Tower,0,13,5,6,24,0,8,12,0,20,0,21,17,6,44,22,0,22,66
10/21/2021,ARA,LA,ASW,CE,Federal Contract Tower,0,10,8,6,24,0,27,18,2,47,0,37,26,8,71,52,4,56,127
10/22/2021,ARA,LA,ASW,CE,Federal Contract Tower,0,3,8,6,17,0,21,34,0,55,0,24,42,6,72,122,6,128,200
10/23/2021,ARA,LA,ASW,CE,Federal Contract Tower,0,7,5,4,16,0,12,24,0,36,0,19,29,4,52,102,0,102,154
10/24/2021,ARA,LA,ASW,CE,Federal Contract Tower,2,3,3,0,8,0,9,19,0,28,2,12,22,0,36,14,0,14,50
10/25/2021,ARA,LA,ASW,CE,Federal Contract Tower,0,11,10,6,27,0,12,19,2,33,0,23,29,8,60,148,6,154,214
10/26/2021,ARA,LA,ASW,CE,Federal Contract Tower,0,2,14,11,27,0,20,37,4,61,0,22,51,15,88,68,6,74,162
10/27/2021,ARA,LA,ASW,CE,Federal Contract Tower,0,7,6,0,13,0,10,2,2,14,0,17,8,2,27,2,0,2,29
10/28/2021,ARA,LA,ASW,CE,Federal Contract Tower,2,0,3,0,5,0,14,20,1,35,2,14,23,1,40,98,0,98,138
10/29/2021,ARA,LA,ASW,CE,Federal Contract Tower,0,6,11,19,36,0,20,34,6,60,0,26,45,25,96,2,6,8,104
10/30/2021,ARA,LA,ASW,CE,Federal Contract Tower,0,1,8,2,11,0,18,35,0,53,0,19,43,2,64,80,0,80,144
10/31/2021,ARA,LA,ASW,CE,Federal Contract Tower,0,8,2,8,18,0,20,13,0,33,0,28,15,8,51,38,0,38,89
11/01/2021,ARA,LA,ASW,CE,Federal Contract Tower,0,4,8,13,25,0,22,37,7,66,0,26,45,20,91,84,30,114,205
11/02/2021,ARA,LA,ASW,CE,Federal Contract Tower,0,3,7,15,25,0,36,33,7,76,0,39,40,22,101,348,4,352,453
11/03/2021,ARA,LA,ASW,CE,Federal Contract Tower,0,3,7,10,20,0,35,43,8,86,0,38,50,18,106,112,14,126,232
11/04/2021,ARA,LA,ASW,CE,Federal Contract Tower,0,10,11,10,31,0,12,10,2,24,0,22,21,12,55,24,0,24,79
11/05/2021,ARA,LA,ASW,CE,Federal Contract Tower,0,10,7,18,35,0,6,17,0,23,0,16,24,18,58,80,0,80,138
11/06/2021,ARA,LA,ASW,CE,Federal Contract Tower,0,6,5,9,20,0,10,11,0,21,0,16,16,9,41,6,2,8,49
11/07/2021,ARA,LA,ASW,CE,Federal Contract Tower,0,3,5,21,29,0,13,37,3,53,0,16,42,24,82,86,0,86,168
11/08/2021,ARA,LA,ASW,CE,Federal Contract Tower,2,4,8,5,19,0,15,16,7,38,2,19,24,12,57,38,10,48,105
11/09/2021,ARA,LA,ASW,CE,Federal Contract Tower,0,8,7,16,31,0,47,49,3,99,0,55,56,19,130,162,0,162,292
11/10/2021,ARA,LA,ASW,CE,Federal Contract Tower,0,4,8,3,15,0,10,32,7,49,0,14,40,10,64,110,12,122,186
11/11/2021,ARA,LA,ASW,CE,Federal Contract Tower,1,5,4,0,10,0,21,17,0,38,1,26,21,0,48,58,0,58,106
11/12/2021,ARA,LA,ASW,CE,Federal Contract Tower,1,7,3,4,15,0,19,53,0,72,1,26,56,4,87,202,4,206,293
11/13/2021,ARA,LA,ASW,CE,Federal Contract Tower,0,4,2,0,6,0,11,20,0,31,0,15,22,0,37,64,0,64,101
11/14/2021,ARA,LA,ASW,CE,Federal Contract Tower,0,1,1,0,2,0,22,20,0,42,0,23,21,0,44,70,0,70,114
11/15/2021,ARA,LA,ASW,CE,Federal Contract Tower,0,8,14,1,23,0,7,23,0,30,0,15,37,1,53,40,0,40,93
11/16/2021,ARA,LA,ASW,CE,Federal Contract Tower,0,4,7,3,14,0,26,40,3,69,0,30,47,6,83,94,0,94,177
11/17/2021,ARA,LA,ASW,CE,Federal Contract Tower,0,4,9,13,26,0,27,21,0,48,0,31,30,13,74,134,0,134,208
11/18/2021,ARA,LA,ASW,CE,Federal Contract Tower,0,12,7,9,28,0,20,11,5,36,0,32,18,14,64,164,0,164,228
11/19/2021,ARA,LA,ASW,CE,Federal Contract Tower,0,3,4,8,15,0,21,32,5,58,0,24,36,13,73,160,2,162,235
11/20/2021,ARA,LA,ASW,CE,Federal Contract Tower,0,10,3,0,13,0,14,41,1,56,0,24,44,1,69,86,10,96,165
11/21/2021,ARA,LA,ASW,CE,Federal Contract Tower,0,4,6,0,10,0,8,8,0,16,0,12,14,0,26,46,0,46,72
11/22/2021,ARA,LA,ASW,CE,Federal Contract Tower,0,6,10,24,40,0,7,21,1,29,0,13,31,25,69,72,0,72,141
11/23/2021,ARA,LA,ASW,CE,Federal Contract Tower,2,5,9,4,20,0,17,56,1,74,2,22,65,5,94,266,10,276,370
11/24/2021,ARA,LA,ASW,CE,Federal Contract Tower,0,2,5,0,7,0,17,28,0,45,0,19,33,0,52,76,0,76,128
11/25/2021,ARA,LA,ASW,CE,Federal Contract Tower,0,3,0,0,3,0,12,4,0,16,0,15,4,0,19,2,0,2,21
11/26/2021,ARA,LA,ASW,CE,Federal Contract Tower,0,3,4,0,7,0,16,19,0,35,0,19,23,0,42,86,0,86,128
11/27/2021,ARA,LA,ASW,CE,Federal Contract Tower,0,1,3,0,4,0,13,16,0,29,0,14,19,0,33,34,0,34,67
11/28/2021,ARA,LA,ASW,CE,Federal Contract Tower,2,3,5,0,10,0,13,1,0,14,2,16,6,0,24,154,0,154,178
11/29/2021,ARA,LA,ASW,CE,Federal Contract Tower,0,4,11,9,24,0,28,19,1,48,0,32,30,10,72,110,0,110,182
11/30/2021,ARA,LA,ASW,CE,Federal Contract Tower,0,1,2,12,15,0,35,23,6,64,0,36,25,18,79,146,12,158,237
12/01/2021,ARA,LA,ASW,CE,Federal Contract Tower,0,0,7,5,12,0,35,29,0,64,0,35,36,5,76,152,0,152,228
12/02/2021,ARA,LA,ASW,CE,Federal Contract Tower,0,6,4,7,17,0,31,29,1,61,0,37,33,8,78,76,0,76,154
12/03/2021,ARA,LA,ASW,CE,Federal Contract Tower,0,10,8,3,21,0,22,37,0,59,0,32,45,3,80,72,0,72,152
12/04/2021,ARA,LA,ASW,CE,Federal Contract Tower,0,4,9,0,13,0,13,29,0,42,0,17,38,0,55,154,0,154,209
12/05/2021,ARA,LA,ASW,CE,Federal Contract Tower,0,3,2,0,5,0,9,15,0,24,0,12,17,0,29,68,0,68,97
12/06/2021,ARA,LA,ASW,CE,Federal Contract Tower,0,11,5,0,16,0,14,23,2,39,0,25,28,2,55,50,0,50,105
12/07/2021,ARA,LA,ASW,CE,Federal Contract Tower,2,21,3,0,26,0,0,0,0,0,2,21,3,0,26,0,0,0,26
12/08/2021,ARA,LA,ASW,CE,Federal Contract Tower,0,13,6,3,22,0,10,19,1,30,0,23,25,4,52,16,0,16,68
12/09/2021,ARA,LA,ASW,CE,Federal Contract Tower,0,22,7,0,29,0,2,6,0,8,0,24,13,0,37,4,0,4,41
12/10/2021,ARA,LA,ASW,CE,Federal Contract Tower,0,19,2,2,23,0,8,18,1,27,0,27,20,3,50,86,0,86,136
12/11/2021,ARA,LA,ASW,CE,Federal Contract Tower,0,9,1,0,10,0,10,2,0,12,0,19,3,0,22,16,0,16,38
12/12/2021,ARA,LA,ASW,CE,Federal Contract Tower,2,9,5,22,38,0,9,15,0,24,2,18,20,22,62,56,0,56,118
12/13/2021,ARA,LA,ASW,CE,Federal Contract Tower,0,13,3,2,18,0,19,21,1,41,0,32,24,3,59,42,0,42,101
12/14/2021,ARA,LA,ASW,CE,Federal Contract Tower,0,14,3,2,19,0,11,16,0,27,0,25,19,2,46,28,0,28,74
12/15/2021,ARA,LA,ASW,CE,Federal Contract Tower,0,15,1,2,18,0,26,38,0,64,0,41,39,2,82,82,0,82,164
12/16/2021,ARA,LA,ASW,CE,Federal Contract Tower,0,4,9,10,23,0,24,43,8,75,0,28,52,18,98,32,20,52,150
12/17/2021,ARA,LA,ASW,CE,Federal Contract Tower,0,10,10,4,24,0,9,32,0,41,0,19,42,4,65,58,0,58,123
12/18/2021,ARA,LA,ASW,CE,Federal Contract Tower,0,7,3,0,10,0,9,5,0,14,0,16,8,0,24,16,0,16,40
12/19/2021,ARA,LA,ASW,CE,Federal Contract Tower,0,9,2,2,13,0,10,12,0,22,0,19,14,2,35,48,0,48,83
12/20/2021,ARA,LA,ASW,CE,Federal Contract Tower,1,11,5,2,19,0,7,9,0,16,1,18,14,2,35,40,0,40,75
12/21/2021,ARA,LA,ASW,CE,Federal Contract Tower,2,11,5,11,29,0,12,33,2,47,2,23,38,13,76,110,2,112,188
12/22/2021,ARA,LA,ASW,CE,Federal Contract Tower,0,2,3,8,13,0,23,44,2,69,0,25,47,10,82,178,2,180,262
12/23/2021,ARA,LA,ASW,CE,Federal Contract Tower,0,3,5,0,8,0,19,34,0,53,0,22,39,0,61,30,0,30,91
12/24/2021,ARA,LA,ASW,CE,Federal Contract Tower,0,4,0,0,4,0,9,12,0,21,0,13,12,0,25,24,0,24,49
12/25/2021,ARA,LA,ASW,CE,Federal Contract Tower,0,0,2,0,2,0,12,8,0,20,0,12,10,0,22,0,0,0,22
12/26/2021,ARA,LA,ASW,CE,Federal Contract Tower,0,1,2,0,3,0,5,10,0,15,0,6,12,0,18,16,0,16,34
12/27/2021,ARA,LA,ASW,CE,Federal Contract Tower,2,6,0,2,10,0,14,18,0,32,2,20,18,2,42,18,0,18,60
12/28/2021,ARA,LA,ASW,CE,Federal Contract Tower,0,13,3,2,18,0,15,7,2,24,0,28,10,4,42,16,0,16,58
12/29/2021,ARA,LA,ASW,CE,Federal Contract Tower,0,25,0,5,30,0,7,7,6,20,0,32,7,11,50,6,0,6,56
12/30/2021,ARA,LA,ASW,CE,Federal Contract Tower,0,2,7,3,12,0,13,22,1,36,0,15,29,4,48,60,2,62,110
12/31/2021,ARA,LA,ASW,CE,Federal Contract Tower,0,12,1,0,13,0,16,17,0,33,0,28,18,0,46,122,0,122,168
01/01/2022,ARA,LA,ASW,CE,Federal Contract Tower,0,5,0,0,5,0,3,0,0,3,0,8,0,0,8,0,0,0,8
01/02/2022,ARA,LA,ASW,CE,Federal Contract Tower,0,9,0,0,9,0,8,0,0,8,0,17,0,0,17,0,0,0,17
01/03/2022,ARA,LA,ASW,CE,Federal Contract Tower,0,10,8,0,18,0,20,18,0,38,0,30,26,0,56,130,0,130,186
01/04/2022,ARA,LA,ASW,CE,Federal Contract Tower,0,2,0,8,10,0,17,40,2,59,0,19,40,10,69,114,0,114,183
01/05/2022,ARA,LA,ASW,CE,Federal Contract Tower,0,4,8,5,17,0,18,26,6,50,0,22,34,11,67,58,0,58,125
01/06/2022,ARA,LA,ASW,CE,Federal Contract Tower,0,9,2,18,29,0,12,31,8,51,0,21,33,26,80,68,4,72,152
01/07/2022,ARA,LA,ASW,CE,Federal Contract Tower,0,6,3,7,16,0,15,39,1,55,0,21,42,8,71,100,4,104,175
01/08/2022,ARA,LA,ASW,CE,Federal Contract Tower,0,6,1,0,7,0,8,5,0,13,0,14,6,0,20,20,0,20,40
01/09/2022,ARA,LA,ASW,CE,Federal Contract Tower,0,6,3,0,9,0,6,9,0,15,0,12,12,0,24,32,0,32,56
01/10/2022,ARA,LA,ASW,CE,Federal Contract Tower,1,9,4,3,17,0,24,7,0,31,1,33,11,3,48,56,2,58,106
01/11/2022,ARA,LA,ASW,CE,Federal Contract Tower,0,2,2,4,8,0,21,28,3,52,0,23,30,7,60,116,20,136,196
01/12/2022,ARA,LA,ASW,CE,Federal Contract Tower,0,7,14,5,26,0,28,56,6,90,0,35,70,11,116,182,2,184,300
01/13/2022,ARA,LA,ASW,CE,Federal Contract Tower,0,9,18,6,33,0,28,37,1,66,0,37,55,7,99,88,0,88,187
01/14/2022,ARA,LA,ASW,CE,Federal Contract Tower,2,5,5,15,27,0,22,39,7,68,2,27,44,22,95,158,6,164,259
01/15/2022,ARA,LA,ASW,CE,Federal Contract Tower,1,4,5,0,10,0,9,3,0,12,1,13,8,0,22,6,0,6,28
01/16/2022,ARA,LA,ASW,CE,Federal Contract Tower,0,2,8,1,11,0,14,13,0,27,0,16,21,1,38,20,0,20,58
01/17/2022,ARA,LA,ASW,CE,Federal Contract Tower,0,3,9,2,14,0,19,31,0,50,0,22,40,2,64,54,10,64,128
01/18/2022,ARA,LA,ASW,CE,Federal Contract Tower,0,4,3,7,14,0,22,20,2,44,0,26,23,9,58,80,16,96,154
01/19/2022,ARA,LA,ASW,CE,Federal Contract Tower,0,1,7,4,12,0,18,68,3,89,0,19,75,7,101,212,0,212,313
01/20/2022,ARA,LA,ASW,CE,Federal Contract Tower,0,10,4,0,14,0,3,2,0,5,0,13,6,0,19,4,0,4,23
01/21/2022,ARA,LA,ASW,CE,Federal Contract Tower,0,1,10,1,12,0,3,20,1,24,0,4,30,2,36,86,0,86,122
01/22/2022,ARA,LA,ASW,CE,Federal Contract Tower,0,0,3,4,7,0,6,12,3,21,0,6,15,7,28,12,8,20,48
01/23/2022,ARA,LA,ASW,CE,Federal Contract Tower,2,2,1,0,5,0,11,19,0,30,2,13,20,0,35,52,0,52,87
01/24/2022,ARA,LA,ASW,CE,Federal Contract Tower,0,3,5,16,24,0,7,2,2,11,0,10,7,18,35,0,0,0,35
01/25/2022,ARA,LA,ASW,CE,Federal Contract Tower,0,5,11,1,17,0,1,11,1,13,0,6,22,2,30,22,0,22,52
01/26/2022,ARA,LA,ASW,CE,Federal Contract Tower,0,1,6,2,9,0,3,47,3,53,0,4,53,5,62,50,8,58,120
01/27/2022,ARA,LA,ASW,CE,Federal Contract Tower,0,0,21,13,34,0,15,62,1,78,0,15,83,14,112,106,0,106,218
01/28/2022,ARA,LA,ASW,CE,Federal Contract Tower,0,0,6,13,19,0,9,26,4,39,0,9,32,17,58,50,2,52,110
01/29/2022,ARA,LA,ASW,CE,Federal Contract Tower,0,1,3,0,4,0,4,29,0,33,0,5,32,0,37,50,0,50,87
01/30/2022,ARA,LA,ASW,CE,Federal Contract Tower,0,0,2,0,2,0,8,16,2,26,0,8,18,2,28,26,0,26,54
01/31/2022,ARA,LA,ASW,CE,Federal Contract Tower,0,0,4,2,6,0,18,19,0,37,0,18,23,2,43,82,0,82,125
02/01/2022,ARA,LA,ASW,CE,Federal Contract Tower,2,4,3,0,9,0,2,13,0,15,2,6,16,0,24,24,0,24,48
02/02/2022,ARA,LA,ASW,CE,Federal Contract Tower,0,6,1,0,7,0,2,6,0,8,0,8,7,0,15,28,0,28,43
02/03/2022,ARA,LA,ASW,CE,Federal Contract Tower,0,4,2,0,6,0,0,0,0,0,0,4,2,0,6,0,0,0,6
02/04/2022,ARA,LA,ASW,CE,Federal Contract Tower,0,0,1,12,13,0,0,13,1,14,0,0,14,13,27,28,0,28,55
02/05/2022,ARA,LA,ASW,CE,Federal Contract Tower,0,2,4,2,8,0,2,16,2,20,0,4,20,4,28,12,0,12,40
02/06/2022,ARA,LA,ASW,CE,Federal Contract Tower,0,2,5,11,18,0,7,36,0,43,0,9,41,11,61,88,0,88,149
02/07/2022,ARA,LA,ASW,CE,Federal Contract Tower,2,4,8,5,19,0,10,21,1,32,2,14,29,6,51,94,0,94,145
02/08/2022,ARA,LA,ASW,CE,Federal Contract Tower,0,0,5,11,16,0,6,46,9,61,0,6,51,20,77,110,2,112,189
02/09/2022,ARA,LA,ASW,CE,Federal Contract Tower,0,1,6,7,14,0,9,33,15,57,0,10,39,22,71,72,14,86,157
02/10/2022,ARA,LA,ASW,CE,Federal Contract Tower,0,2,11,9,22,0,8,40,5,53,0,10,51,14,75,64,12,76,151
02/11/2022,ARA,LA,ASW,CE,Federal Contract Tower,0,1,5,0,6,0,16,56,0,72,0,17,61,0,78,222,0,222,300
02/12/2022,ARA,LA,ASW,CE,Federal Contract Tower,0,3,1,8,12,0,7,12,0,19,0,10,13,8,31,88,0,88,119
02/13/2022,ARA,LA,ASW,CE,Federal Contract Tower,0,0,3,2,5,0,11,7,0,18,0,11,10,2,23,30,0,30,53
02/14/2022,ARA,LA,ASW,CE,Federal Contract Tower,0,0,13,26,39,0,19,20,0,39,0,19,33,26,78,150,4,154,232
02/15/2022,ARA,LA,ASW,CE,Federal Contract Tower,2,0,7,3,12,0,6,33,5,44,2,6,40,8,56,100,0,100,156
02/16/2022,ARA,LA,ASW,CE,Federal Contract Tower,0,0,6,14,20,0,5,12,4,21,0,5,18,18,41,0,0,0,41
02/17/2022,ARA,LA,ASW,CE,Federal Contract Tower,0,1,2,0,3,0,5,1,0,6,0,6,3,0,9,0,0,0,9
02/18/2022,ARA,LA,ASW,CE,Federal Contract Tower,0,2,3,20,25,0,13,27,1,41,0,15,30,21,66,116,2,118,184
02/19/2022,ARA,LA,ASW,CE,Federal Contract Tower,2,0,3,0,5,0,3,28,0,31,2,3,31,0,36,50,0,50,86
02/20/2022,ARA,LA,ASW,CE,Federal Contract Tower,0,3,5,1,9,0,9,38,0,47,0,12,43,1,56,130,2,132,188
02/21/2022,ARA,LA,ASW,CE,Federal Contract Tower,0,1,1,0,2,0,7,7,0,14,0,8,8,0,16,0,0,0,16
02/22/2022,ARA,LA,ASW,CE,Federal Contract Tower,0,3,1,4,8,0,13,23,0,36,0,16,24,4,44,32,0,32,76
02/23/2022,ARA,LA,ASW,CE,Federal Contract Tower,0,3,6,6,15,0,8,14,0,22,0,11,20,6,37,34,0,34,71
02/24/2022,ARA,LA,ASW,CE,Federal Contract Tower,0,2,5,1,8,0,3,12,2,17,0,5,17,3,25,56,2,58,83
02/25/2022,ARA,LA,ASW,CE,Federal Contract Tower,0,2,6,12,20,0,11,19,0,30,0,13,25,12,50,40,0,40,90
02/26/2022,ARA,LA,ASW,CE,Federal Contract Tower,0,2,3,4,9,0,8,5,0,13,0,10,8,4,22,34,0,34,56
02/27/2022,ARA,LA,ASW,CE,Federal Contract Tower,0,0,3,6,9,0,1,6,0,7,0,1,9,6,16,4,0,4,20
02/28/2022,ARA,LA,ASW,CE,Federal Contract Tower,0,0,8,16,24,0,12,25,1,38,0,12,33,17,62,10,2,12,74
03/01/2022,ARA,LA,ASW,CE,Federal Contract Tower,0,0,2,14,16,0,5,26,11,42,0,5,28,25,58,18,28,46,104
03/02/2022,ARA,LA,ASW,CE,Federal Contract Tower,2,3,9,6,20,0,14,20,4,38,2,17,29,10,58,84,2,86,144
03/03/2022,ARA,LA,ASW,CE,Federal Contract Tower,0,0,0,2,2,0,5,37,4,46,0,5,37,6,48,96,2,98,146
03/04/2022,ARA,LA,ASW,CE,Federal Contract Tower,0,1,14,7,22,0,5,38,5,48,0,6,52,12,70,34,0,34,104
03/05/2022,ARA,LA,ASW,CE,Federal Contract Tower,0,5,3,0,8,0,0,5,3,8,0,5,8,3,16,0,4,4,20
03/06/2022,ARA,LA,ASW,CE,Federal Contract Tower,0,1,4,4,9,0,2,7,0,9,0,3,11,4,18,0,0,0,18
03/07/2022,ARA,LA,ASW,CE,Federal Contract Tower,2,0,4,8,14,0,4,12,2,18,2,4,16,10,32,120,0,120,152
03/08/2022,ARA,LA,ASW,CE,Federal Contract Tower,0,4,2,0,6,0,0,7,0,7,0,4,9,0,13,76,0,76,89
03/09/2022,ARA,LA,ASW,CE,Federal Contract Tower,0,2,9,25,36,0,9,23,2,34,0,11,32,27,70,92,2,94,164
03/10/2022,ARA,LA,ASW,CE,Federal Contract Tower,0,2,18,28,48,0,7,35,23,65,0,9,53,51,113,90,12,102,215
03/11/2022,ARA,LA,ASW,CE,Federal Contract Tower,0,0,11,11,22,0,5,15,2,22,0,5,26,13,44,60,2,62,106
03/12/2022,ARA,LA,ASW,CE,Federal Contract Tower,0,2,4,24,30,0,5,5,0,10,0,7,9,24,40,25,6,31,71
03/13/2022,ARA,LA,ASW,CE,Federal Contract Tower,0,1,4,1,6,0,0,36,0,36,0,1,40,1,42,90,0,90,132
03/14/2022,ARA,LA,ASW,CE,Federal Contract Tower,0,1,5,2,8,0,5,13,0,18,0,6,18,2,26,102,0,102,128
03/15/2022,ARA,LA,ASW,CE,Federal Contract Tower,1,0,0,5,6,0,6,18,8,32,1,6,18,13,38,110,2,112,150
03/16/2022,ARA,LA,ASW,CE,Federal Contract Tower,0,3,10,9,22,0,10,36,6,52,0,13,46,15,74,136,8,144,218
03/17/2022,ARA,LA,ASW,CE,Federal Contract Tower,1,1,5,7,14,0,7,47,7,61,1,8,52,14,75,102,8,110,185
03/18/2022,ARA,LA,ASW,CE,Federal Contract Tower,0,0,0,9,9,0,4,34,0,38,0,4,34,9,47,182,0,182,229
03/19/2022,ARA,LA,ASW,CE,Federal Contract Tower,0,0,6,15,21,0,6,28,1,35,0,6,34,16,56,58,34,92,148
03/20/2022,ARA,LA,ASW,CE,Federal Contract Tower,2,0,2,8,12,0,6,19,0,25,2,6,21,8,37,70,0,70,107
03/21/2022,ARA,LA,ASW,CE,Federal Contract Tower,1,0,1,2,4,0,10,19,0,29,1,10,20,2,33,36,0,36,69
03/22/2022,ARA,LA,ASW,CE,Federal Contract Tower,0,1,0,0,1,0,5,1,0,6,0,6,1,0,7,44,0,44,51
03/23/2022,ARA,LA,ASW,CE,Federal Contract Tower,0,1,10,11,22,0,16,34,8,58,0,17,44,19,80,36,26,62,142
03/24/2022,ARA,LA,ASW,CE,Federal Contract Tower,0,0,12,3,15,0,8,43,4,55,0,8,55,7,70,96,2,98,168
03/25/2022,ARA,LA,ASW,CE,Federal Contract Tower,0,1,4,4,9,0,1,25,2,28,0,2,29,6,37,72,6,78,115
03/26/2022,ARA,LA,ASW,CE,Federal Contract Tower,0,0,1,6,7,0,2,39,2,43,0,2,40,8,50,40,4,44,94
03/27/2022,ARA,LA,ASW,CE,Federal Contract Tower,0,1,1,1,3,0,2,29,1,32,0,3,30,2,35,68,0,68,103
03/28/2022,ARA,LA,ASW,CE,Federal Contract Tower,0,1,9,6,16,0,10,36,1,47,0,11,45,7,63,114,0,114,177
03/29/2022,ARA,LA,ASW,CE,Federal Contract Tower,0,0,6,13,19,0,3,9,3,15,0,3,15,16,34,46,4,50,84
03/30/2022,ARA,LA,ASW,CE,Federal Contract Tower,0,0,1,0,1,0,0,1,0,1,0,0,2,0,2,0,0,0,2
03/31/2022,ARA,LA,ASW,CE,Federal Contract Tower,0,0,16,21,37,0,3,30,7,40,0,3,46,28,77,112,0,112,189
04/01/2022,ARA,LA,ASW,CE,Federal Contract Tower,0,1,7,1,9,0,8,24,7,39,0,9,31,8,48,100,6,106,154
04/02/2022,ARA,LA,ASW,CE,Federal Contract Tower,0,2,11,1,14,0,3,14,0,17,0,5,25,1,31,30,0,30,61
04/03/2022,ARA,LA,ASW,CE,Federal Contract Tower,2,2,5,3,12,0,2,22,2,26,2,4,27,5,38,62,24,86,124
04/04/2022,ARA,LA,ASW,CE,Federal Contract Tower,0,0,7,1,8,0,7,19,1,27,0,7,26,2,35,82,14,96,131
04/05/2022,ARA,LA,ASW,CE,Federal Contract Tower,0,0,2,8,10,0,2,16,0,18,0,2,18,8,28,52,2,54,82
04/06/2022,ARA,LA,ASW,CE,Federal Contract Tower,2,0,10,4,16,0,3,29,4,36,2,3,39,8,52,10,0,10,62
04/07/2022,ARA,LA,ASW,CE,Federal Contract Tower,0,2,10,13,25,0,3,36,0,39,0,5,46,13,64,84,10,94,158
04/08/2022,ARA,LA,ASW,CE,Federal Contract Tower,0,6,10,14,30,0,4,34,10,48,0,10,44,24,78,122,14,136,214
04/09/2022,ARA,LA,ASW,CE,Federal Contract Tower,0,0,7,4,11,0,5,30,4,39,0,5,37,8,50,90,0,90,140
04/10/2022,ARA,LA,ASW,CE,Federal Contract Tower,0,0,2,0,2,0,5,9,0,14,0,5,11,0,16,0,0,0,16
04/11/2022,ARA,LA,ASW,CE,Federal Contract Tower,0,2,6,0,8,0,4,19,0,23,0,6,25,0,31,46,0,46,77
04/12/2022,ARA,LA,ASW,CE,Federal Contract Tower,0,0,4,5,9,0,0,11,0,11,0,0,15,5,20,106,0,106,126
04/13/2022,ARA,LA,ASW,CE,Federal Contract Tower,0,0,3,2,5,0,8,14,2,24,0,8,17,4,29,30,0,30,59
04/14/2022,ARA,LA,ASW,CE,Federal Contract Tower,0,1,11,13,25,0,7,58,8,73,0,8,69,21,98,104,14,118,216
04/15/2022,ARA,LA,ASW,CE,Federal Contract Tower,0,2,1,1,4,0,6,8,0,14,0,8,9,1,18,38,0,38,56
04/16/2022,ARA,LA,ASW,CE,Federal Contract Tower,0,1,0,0,1,0,3,6,0,9,0,4,6,0,10,0,0,0,10
04/17/2022,ARA,LA,ASW,CE,Federal Contract Tower,0,0,1,0,1,0,3,3,0,6,0,3,4,0,7,0,0,0,7
04/18/2022,ARA,LA,ASW,CE,Federal Contract Tower,4,3,5,5,17,0,7,16,2,25,4,10,21,7,42,16,0,16,58
04/19/2022,ARA,LA,ASW,CE,Federal Contract Tower,0,1,3,10,14,0,3,35,5,43,0,4,38,15,57,92,8,100,157
04/20/2022,ARA,LA,ASW,CE,Federal Contract Tower,0,1,5,4,10,0,12,27,6,45,0,13,32,10,55,208,0,208,263
04/21/2022,ARA,LA,ASW,CE,Federal Contract Tower,0,0,4,0,4,0,12,23,0,35,0,12,27,0,39,140,0,140,179
04/22/2022,ARA,LA,ASW,CE,Federal Contract Tower,0,4,4,0,8,0,9,35,0,44,0,13,39,0,52,74,0,74,126
04/23/2022,ARA,LA,ASW,CE,Federal Contract Tower,2,0,5,0,7,0,5,13,0,18,2,5,18,0,25,2,0,2,27
04/24/2022,ARA,LA,ASW,CE,Federal Contract Tower,0,2,2,0,4,0,6,9,0,15,0,8,11,0,19,52,0,52,71
04/25/2022,ARA,LA,ASW,CE,Federal Contract Tower,0,2,11,3,16,0,4,5,0,9,0,6,16,3,25,0,2,2,27
04/26/2022,ARA,LA,ASW,CE,Federal Contract Tower,0,2,8,15,25,0,6,24,3,33,0,8,32,18,58,76,6,82,140
04/27/2022,ARA,LA,ASW,CE,Federal Contract Tower,0,1,9,12,22,0,8,48,3,59,0,9,57,15,81,204,2,206,287
04/28/2022,ARA,LA,ASW,CE,Federal Contract Tower,0,1,16,3,20,0,7,47,1,55,0,8,63,4,75,98,0,98,173
04/29/2022,ARA,LA,ASW,CE,Federal Contract Tower,0,1,3,26,30,0,15,35,2,52,0,16,38,28,82,108,6,114,196
04/30/2022,ARA,LA,ASW,CE,Federal Contract Tower,0,0,1,11,12,0,3,48,0,51,0,3,49,11,63,40,12,52,115
05/01/2022,ARA,LA,ASW,CE,Federal Contract Tower,2,2,1,0,5,0,6,2,0,8,2,8,3,0,13,10,0,10,23
05/02/2022,ARA,LA,ASW,CE,Federal Contract Tower,0,3,15,0,18,0,9,29,0,38,0,12,44,0,56,98,0,98,154
05/03/2022,ARA,LA,ASW,CE,Federal Contract Tower,0,3,2,0,5,0,5,27,0,32,0,8,29,0,37,200,0,200,237
05/04/2022,ARA,LA,ASW,CE,Federal Contract Tower,0,2,10,4,16,0,9,31,2,42,0,11,41,6,58,128,2,130,188
05/05/2022,ARA,LA,ASW,CE,Federal Contract Tower,0,2,3,4,9,0,3,22,4,29,0,5,25,8,38,80,0,80,118
05/06/2022,ARA,LA,ASW,CE,Federal Contract Tower,0,0,20,0,20,0,9,27,2,38,0,9,47,2,58,34,0,34,92
05/07/2022,ARA,LA,ASW,CE,Federal Contract Tower,0,1,4,0,5,0,10,23,0,33,0,11,27,0,38,60,0,60,98
05/08/2022,ARA,LA,ASW,CE,Federal Contract Tower,0,1,4,6,11,0,1,24,0,25,0,2,28,6,36,30,14,44,80
05/09/2022,ARA,LA,ASW,CE,Federal Contract Tower,2,3,12,6,23,0,2,12,1,15,2,5,24,7,38,84,0,84,122
05/10/2022,ARA,LA,ASW,CE,Federal Contract Tower,0,1,2,5,8,0,6,31,0,37,0,7,33,5,45,150,0,150,195
05/11/2022,ARA,LA,ASW,CE,Federal Contract Tower,0,1,4,3,8,0,2,30,3,35,0,3,34,6,43,108,6,114,157
05/12/2022,ARA,LA,ASW,CE,Federal Contract Tower,0,0,9,22,31,0,13,28,0,41,0,13,37,22,72,114,30,144,216
05/13/2022,ARA,LA,ASW,CE,Federal Contract Tower,0,6,5,0,11,0,6,20,4,30,0,12,25,4,41,18,2,20,61
05/14/2022,ARA,LA,ASW,CE,Federal Contract Tower,0,2,4,4,10,0,1,23,0,24,0,3,27,4,34,42,0,42,76
05/15/2022,ARA,LA,ASW,CE,Federal Contract Tower,2,0,3,0,5,0,7,15,0,22,2,7,18,0,27,30,0,30,57
05/16/2022,ARA,LA,ASW,CE,Federal Contract Tower,1,0,8,1,10,0,6,19,0,25,1,6,27,1,35,164,0,164,199
05/17/2022,ARA,LA,ASW,CE,Federal Contract Tower,0,6,0,14,20,0,5,12,4,21,0,11,12,18,41,0,0,0,41
05/18/2022,ARA,LA,ASW,CE,Federal Contract Tower,0,0,6,3,9,0,5,30,4,39,0,5,36,7,48,20,8,28,76
05/19/2022,ARA,LA,ASW,CE,Federal Contract Tower,0,0,8,15,23,0,12,35,8,55,0,12,43,23,78,26,12,38,116
05/20/2022,ARA,LA,ASW,CE,Federal Contract Tower,0,3,6,8,17,0,6,29,0,35,0,9,35,8,52,62,0,62,114
05/21/2022,ARA,LA,ASW,CE,Federal Contract Tower,0,0,6,7,13,0,14,5,2,21,0,14,11,9,34,10,0,10,44
05/22/2022,ARA,LA,ASW,CE,Federal Contract Tower,1,1,5,0,7,0,10,1,0,11,1,11,6,0,18,4,0,4,22
05/23/2022,ARA,LA,ASW,CE,Federal Contract Tower,1,5,3,2,11,0,9,5,0,14,1,14,8,2,25,22,0,22,47
05/24/2022,ARA,LA,ASW,CE,Federal Contract Tower,0,0,5,4,9,0,6,18,0,24,0,6,23,4,33,58,0,58,91
05/25/2022,ARA,LA,ASW,CE,Federal Contract Tower,0,0,0,0,0,0,3,7,0,10,0,3,7,0,10,28,0,28,38
05/26/2022,ARA,LA,ASW,CE,Federal Contract Tower,0,0,6,4,10,0,11,40,0,51,0,11,46,4,61,58,0,58,119
05/27/2022,ARA,LA,ASW,CE,Federal Contract Tower,0,3,2,0,5,0,4,35,0,39,0,7,37,0,44,52,0,52,96
05/28/2022,ARA,LA,ASW,CE,Federal Contract Tower,0,1,5,1,7,0,4,19,0,23,0,5,24,1,30,30,0,30,60
05/29/2022,ARA,LA,ASW,CE,Federal Contract Tower,0,0,1,0,1,0,5,18,0,23,0,5,19,0,24,12,0,12,36
05/30/2022,ARA,LA,ASW,CE,Federal Contract Tower,0,0,6,0,6,0,5,12,0,17,0,5,18,0,23,20,0,20,43
05/31/2022,ARA,LA,ASW,CE,Federal Contract Tower,2,2,3,1,8,0,6,17,4,27,2,8,20,5,35,74,0,74,109
06/01/2022,ARA,LA,ASW,CE,Federal Contract Tower,0,3,9,2,14,0,8,35,4,47,0,11,44,6,61,146,14,160,221
06/02/2022,ARA,LA,ASW,CE,Federal Contract Tower,0,0,6,0,6,0,9,23,2,34,0,9,29,2,40,78,16,94,134
06/03/2022,ARA,LA,ASW,CE,Federal Contract Tower,0,3,2,11,16,0,6,24,0,30,0,9,26,11,46,76,0,76,122
06/04/2022,ARA,LA,ASW,CE,Federal Contract Tower,0,0,0,0,0,0,14,20,0,34,0,14,20,0,34,78,0,78,112
06/05/2022,ARA,LA,ASW,CE,Federal Contract Tower,0,0,0,0,0,0,10,20,0,30,0,10,20,0,30,94,0,94,124
06/06/2022,ARA,LA,ASW,CE,Federal Contract Tower,0,0,4,5,9,0,10,24,3,37,0,10,28,8,46,102,10,112,158
06/07/2022,ARA,LA,ASW,CE,Federal Contract Tower,2,0,4,10,16,0,3,38,2,43,2,3,42,12,59,150,0,150,209
06/08/2022,ARA,LA,ASW,CE,Federal Contract Tower,0,1,8,2,11,0,12,42,4,58,0,13,50,6,69,174,4,178,247
06/09/2022,ARA,LA,ASW,CE,Federal Contract Tower,0,1,2,4,7,0,15,15,0,30,0,16,17,4,37,78,0,78,115
06/10/2022,ARA,LA,ASW,CE,Federal Contract Tower,0,0,3,0,3,0,8,16,0,24,0,8,19,0,27,68,0,68,95
06/11/2022,ARA,LA,ASW,CE,Federal Contract Tower,0,1,2,4,7,0,16,17,0,33,0,17,19,4,40,116,0,116,156
06/12/2022,ARA,LA,ASW,CE,Federal Contract Tower,0,0,2,5,7,0,8,23,1,32,0,8,25,6,39,62,6,68,107
06/13/2022,ARA,LA,ASW,CE,Federal Contract Tower,0,1,6,0,7,0,14,21,0,35,0,15,27,0,42,94,0,94,136
06/14/2022,ARA,LA,ASW,CE,Federal Contract Tower,0,0,5,2,7,0,10,50,0,60,0,10,55,2,67,176,0,176,243
06/15/2022,ARA,LA,ASW,CE,Federal Contract Tower,1,0,3,4,8,0,8,21,1,30,1,8,24,5,38,124,14,138,176
06/16/2022,ARA,LA,ASW,CE,Federal Contract Tower,0,0,11,14,25,0,7,23,0,30,0,7,34,14,55,58,0,58,113
06/17/2022,ARA,LA,ASW,CE,Federal Contract Tower,0,0,7,0,7,0,14,7,0,21,0,14,14,0,28,32,0,32,60
06/18/2022,ARA,LA,ASW,CE,Federal Contract Tower,0,1,2,0,3,0,12,14,0,26,0,13,16,0,29,40,0,40,69
06/19/2022,ARA,LA,ASW,CE,Federal Contract Tower,0,0,1,0,1,0,14,12,0,26,0,14,13,0,27,18,0,18,45
06/20/2022,ARA,LA,ASW,CE,Federal Contract Tower,0,0,4,0,4,0,7,29,0,36,0,7,33,0,40,32,0,32,72
06/21/2022,ARA,LA,ASW,CE,Federal Contract Tower,0,0,0,6,6,0,12,18,0,30,0,12,18,6,36,4,0,4,40
06/22/2022,ARA,LA,ASW,CE,Federal Contract Tower,0,0,6,10,16,0,6,27,1,34,0,6,33,11,50,64,4,68,118
06/23/2022,ARA,LA,ASW,CE,Federal Contract Tower,0,1,3,1,5,0,10,22,1,33,0,11,25,2,38,114,0,114,152
06/24/2022,ARA,LA,ASW,CE,Federal Contract Tower,0,0,11,13,24,0,10,40,4,54,0,10,51,17,78,156,4,160,238
06/25/2022,ARA,LA,ASW,CE,Federal Contract Tower,2,2,3,0,7,0,9,7,0,16,2,11,10,0,23,16,0,16,39
06/26/2022,ARA,LA,ASW,CE,Federal Contract Tower,0,1,1,0,2,0,5,9,0,14,0,6,10,0,16,18,0,18,34
06/27/2022,ARA,LA,ASW,CE,Federal Contract Tower,0,0,4,4,8,0,5,12,0,17,0,5,16,4,25,36,10,46,71
06/28/2022,ARA,LA,ASW,CE,Federal Contract Tower,0,2,2,1,5,0,15,17,1,33,0,17,19,2,38,128,8,136,174
06/29/2022,ARA,LA,ASW,CE,Federal Contract Tower,0,1,9,2,12,0,10,22,0,32,0,11,31,2,44,112,0,112,156
06/30/2022,ARA,LA,ASW,CE,Federal Contract Tower,0,1,6,0,7,0,7,15,0,22,0,8,21,0,29,32,0,32,61
07/01/2022,ARA,LA,ASW,CE,Federal Contract Tower,0,2,1,0,3,0,5,4,0,9,0,7,5,0,12,0,0,0,12
07/02/2022,ARA,LA,ASW,CE,Federal Contract Tower,2,1,3,0,6,0,6,15,0,21,2,7,18,0,27,8,0,8,35
07/03/2022,ARA,LA,ASW,CE,Federal Contract Tower,0,0,1,0,1,0,6,26,0,32,0,6,27,0,33,44,0,44,77
07/04/2022,ARA,LA,ASW,CE,Federal Contract Tower,0,0,0,0,0,0,8,21,0,29,0,8,21,0,29,98,0,98,127
07/05/2022,ARA,LA,ASW,CE,Federal Contract Tower,0,1,5,3,9,0,4,18,0,22,0,5,23,3,31,38,0,38,69
07/06/2022,ARA,LA,ASW,CE,Federal Contract Tower,0,0,5,0,5,0,12,6,0,18,0,12,11,0,23,58,0,58,81
07/07/2022,ARA,LA,ASW,CE,Federal Contract Tower,0,0,7,2,9,0,18,24,1,43,0,18,31,3,52,102,0,102,154
07/08/2022,ARA,LA,ASW,CE,Federal Contract Tower,0,0,8,3,11,0,6,35,1,42,0,6,43,4,53,68,0,68,121
07/09/2022,ARA,LA,ASW,CE,Federal Contract Tower,0,1,3,2,6,0,10,27,0,37,0,11,30,2,43,52,8,60,103
07/10/2022,ARA,LA,ASW,CE,Federal Contract Tower,0,0,1,0,1,0,8,19,0,27,0,8,20,0,28,18,0,18,46
07/11/2022,ARA,LA,ASW,CE,Federal Contract Tower,0,2,2,0,4,0,9,8,0,17,0,11,10,0,21,68,0,68,89
07/12/2022,ARA,LA,ASW,CE,Federal Contract Tower,0,2,3,0,5,0,6,21,0,27,0,8,24,0,32,2,0,2,34
07/13/2022,ARA,LA,ASW,CE,Federal Contract Tower,2,0,8,3,13,0,14,33,1,48,2,14,41,4,61,106,2,108,169
07/14/2022,ARA,LA,ASW,CE,Federal Contract Tower,0,0,2,0,2,0,10,33,0,43,0,10,35,0,45,18,0,18,63
07/15/2022,ARA,LA,ASW,CE,Federal Contract Tower,0,0,5,4,9,0,22,24,0,46,0,22,29,4,55,108,0,108,163
07/16/2022,ARA,LA,ASW,CE,Federal Contract Tower,0,0,4,0,4,0,9,44,0,53,0,9,48,0,57,28,0,28,85
07/17/2022,ARA,LA,ASW,CE,Federal Contract Tower,0,0,1,0,1,0,5,26,0,31,0,5,27,0,32,78,0,78,110
07/18/2022,ARA,LA,ASW,CE,Federal Contract Tower,2,0,5,4,11,0,12,25,0,37,2,12,30,4,48,40,0,40,88
07/19/2022,ARA,LA,ASW,CE,Federal Contract Tower,0,0,3,0,3,0,10,16,1,27,0,10,19,1,30,88,0,88,118
07/20/2022,ARA,LA,ASW,CE,Federal Contract Tower,0,1,2,0,3,0,8,53,0,61,0,9,55,0,64,144,0,144,208
07/21/2022,ARA,LA,ASW,CE,Federal Contract Tower,0,1,7,0,8,0,4,22,0,26,0,5,29,0,34,86,0,86,120
07/22/2022,ARA,LA,ASW,CE,Federal Contract Tower,0,2,2,0,4,0,4,16,0,20,0,6,18,0,24,80,0,80,104
07/23/2022,ARA,LA,ASW,CE,Federal Contract Tower,0,1,2,0,3,0,11,17,0,28,0,12,19,0,31,40,0,40,71
07/24/2022,ARA,LA,ASW,CE,Federal Contract Tower,0,0,2,0,2,0,4,17,0,21,0,4,19,0,23,16,0,16,39
07/25/2022,ARA,LA,ASW,CE,Federal Contract Tower,0,1,3,0,4,0,7,12,0,19,0,8,15,0,23,20,0,20,43
07/26/2022,ARA,LA,ASW,CE,Federal Contract Tower,0,1,11,0,12,0,9,14,0,23,0,10,25,0,35,78,0,78,113
07/27/2022,ARA,LA,ASW,CE,Federal Contract Tower,0,0,3,2,5,0,14,25,0,39,0,14,28,2,44,68,0,68,112
07/28/2022,ARA,LA,ASW,CE,Federal Contract Tower,0,0,9,0,9,0,9,34,0,43,0,9,43,0,52,48,0,48,100
07/29/2022,ARA,LA,ASW,CE,Federal Contract Tower,0,2,3,3,8,0,15,22,1,38,0,17,25,4,46,86,0,86,132
07/30/2022,ARA,LA,ASW,CE,Federal Contract Tower,0,0,7,0,7,0,11,12,0,23,0,11,19,0,30,100,0,100,130
07/31/2022,ARA,LA,ASW,CE,Federal Contract Tower,0,1,0,0,1,0,5,22,0,27,0,6,22,0,28,76,0,76,104
08/01/2022,ARA,LA,ASW,CE,Federal Contract Tower,0,0,5,5,10,0,6,18,0,24,0,6,23,5,34,48,4,52,86
08/02/2022,ARA,LA,ASW,CE,Federal Contract Tower,0,0,3,0,3,0,12,42,0,54,0,12,45,0,57,62,0,62,119
08/03/2022,ARA,LA,ASW,CE,Federal Contract Tower,0,0,4,0,4,0,10,5,0,15,0,10,9,0,19,18,0,18,37
08/04/2022,ARA,LA,ASW,CE,Federal Contract Tower,0,0,2,0,2,0,4,33,0,37,0,4,35,0,39,28,0,28,67
08/05/2022,ARA,LA,ASW,CE,Federal Contract Tower,0,1,3,0,4,0,13,30,0,43,0,14,33,0,47,92,0,92,139
08/06/2022,ARA,LA,ASW,CE,Federal Contract Tower,0,1,2,0,3,0,8,27,0,35,0,9,29,0,38,10,0,10,48
08/07/2022,ARA,LA,ASW,CE,Federal Contract Tower,1,0,2,0,3,0,5,15,2,22,1,5,17,2,25,8,0,8,33
08/08/2022,ARA,LA,ASW,CE,Federal Contract Tower,1,0,6,4,11,0,5,23,0,28,1,5,29,4,39,40,0,40,79
08/09/2022,ARA,LA,ASW,CE,Federal Contract Tower,0,2,5,0,7,0,14,28,0,42,0,16,33,0,49,88,0,88,137
08/10/2022,ARA,LA,ASW,CE,Federal Contract Tower,0,1,2,0,3,0,3,27,0,30,0,4,29,0,33,92,0,92,125
08/11/2022,ARA,LA,ASW,CE,Federal Contract Tower,0,1,5,0,6,0,1,14,0,15,0,2,19,0,21,18,0,18,39
08/12/2022,ARA,LA,ASW,CE,Federal Contract Tower,0,0,5,0,5,0,13,32,0,45,0,13,37,0,50,112,0,112,162
08/13/2022,ARA,LA,ASW,CE,Federal Contract Tower,0,2,1,0,3,0,2,21,0,23,0,4,22,0,26,36,0,36,62
08/14/2022,ARA,LA,ASW,CE,Federal Contract Tower,0,0,3,0,3,0,7,25,0,32,0,7,28,0,35,68,0,68,103
08/15/2022,ARA,LA,ASW,CE,Federal Contract Tower,1,0,5,2,8,0,2,22,0,24,1,2,27,2,32,58,4,62,94
08/16/2022,ARA,LA,ASW,CE,Federal Contract Tower,0,2,2,0,4,0,2,42,0,44,0,4,44,0,48,158,0,158,206
08/17/2022,ARA,LA,ASW,CE,Federal Contract Tower,0,0,3,3,6,0,1,35,1,37,0,1,38,4,43,166,0,166,209
08/18/2022,ARA,LA,ASW,CE,Federal Contract Tower,0,0,5,0,5,0,9,24,0,33,0,9,29,0,38,4,0,4,42
08/19/2022,ARA,LA,ASW,CE,Federal Contract Tower,0,2,6,4,12,0,5,26,0,31,0,7,32,4,43,44,0,44,87
08/20/2022,ARA,LA,ASW,CE,Federal Contract Tower,0,1,4,0,5,0,6,11,0,17,0,7,15,0,22,20,0,20,42
08/21/2022,ARA,LA,ASW,CE,Federal Contract Tower,0,1,2,0,3,0,2,21,0,23,0,3,23,0,26,58,0,58,84
08/22/2022,ARA,LA,ASW,CE,Federal Contract Tower,0,1,4,0,5,0,4,13,0,17,0,5,17,0,22,52,0,52,74
08/23/2022,ARA,LA,ASW,CE,Federal Contract Tower,0,3,2,0,5,0,2,2,0,4,0,5,4,0,9,56,0,56,65
08/24/2022,ARA,LA,ASW,CE,Federal Contract Tower,0,1,7,0,8,0,3,13,0,16,0,4,20,0,24,36,0,36,60
08/25/2022,ARA,LA,ASW,CE,Federal Contract Tower,0,1,6,0,7,0,9,23,0,32,0,10,29,0,39,30,0,30,69
08/26/2022,ARA,LA,ASW,CE,Federal Contract Tower,0,3,9,0,12,0,2,34,0,36,0,5,43,0,48,74,0,74,122
08/27/2022,ARA,LA,ASW,CE,Federal Contract Tower,2,0,4,0,6,0,15,14,0,29,2,15,18,0,35,60,0,60,95
08/28/2022,ARA,LA,ASW,CE,Federal Contract Tower,0,1,4,0,5,0,9,13,0,22,0,10,17,0,27,56,0,56,83
08/29/2022,ARA,LA,ASW,CE,Federal Contract Tower,0,2,6,1,9,0,16,23,1,40,0,18,29,2,49,196,0,196,245
08/30/2022,ARA,LA,ASW,CE,Federal Contract Tower,0,1,13,0,14,0,6,38,0,44,0,7,51,0,58,128,0,128,186
08/31/2022,ARA,LA,ASW,CE,Federal Contract Tower,0,0,7,6,13,0,11,69,4,84,0,11,76,10,97,136,48,184,281
09/01/2022,ARA,LA,ASW,CE,Federal Contract Tower,0,4,7,1,12,0,6,38,2,46,0,10,45,3,58,80,4,84,142
09/02/2022,ARA,LA,ASW,CE,Federal Contract Tower,0,0,10,0,10,0,1,40,0,41,0,1,50,0,51,80,0,80,131
09/03/2022,ARA,LA,ASW,CE,Federal Contract Tower,1,1,4,0,6,0,0,9,0,9,1,1,13,0,15,4,0,4,19
09/04/2022,ARA,LA,ASW,CE,Federal Contract Tower,1,0,3,0,4,0,3,1,0,4,1,3,4,0,8,0,0,0,8
09/05/2022,ARA,LA,ASW,CE,Federal Contract Tower,0,2,17,0,19,0,2,35,0,37,0,4,52,0,56,164,0,164,220
09/06/2022,ARA,LA,ASW,CE,Federal Contract Tower,0,1,3,0,4,0,13,28,0,41,0,14,31,0,45,86,0,86,131
09/07/2022,ARA,LA,ASW,CE,Federal Contract Tower,0,1,9,2,12,0,15,33,2,50,0,16,42,4,62,138,0,138,200
09/08/2022,ARA,LA,ASW,CE,Federal Contract Tower,0,1,8,3,12,0,4,31,3,38,0,5,39,6,50,96,0,96,146
09/09/2022,ARA,LA,ASW,CE,Federal Contract Tower,0,0,11,6,17,0,6,40,1,47,0,6,51,7,64,103,0,103,167
09/10/2022,ARA,LA,ASW,CE,Federal Contract Tower,0,0,8,0,8,0,11,23,0,34,0,11,31,0,42,26,0,26,68
09/11/2022,ARA,LA,ASW,CE,Federal Contract Tower,0,0,1,2,3,0,3,22,1,26,0,3,23,3,29,24,0,24,53
09/12/2022,ARA,LA,ASW,CE,Federal Contract Tower,0,0,4,2,6,0,7,49,0,56,0,7,53,2,62,84,0,84,146
09/13/2022,ARA,LA,ASW,CE,Federal Contract Tower,2,0,9,3,14,0,28,38,0,66,2,28,47,3,80,76,4,80,160
09/14/2022,ARA,LA,ASW,CE,Federal Contract Tower,0,0,5,1,6,0,9,47,9,65,0,9,52,10,71,92,0,92,163
09/15/2022,ARA,LA,ASW,CE,Federal Contract Tower,0,0,5,5,10,0,4,37,1,42,0,4,42,6,52,96,4,100,152
09/16/2022,ARA,LA,ASW,CE,Federal Contract Tower,0,1,5,0,6,0,3,38,2,43,0,4,43,2,49,118,0,118,167
09/17/2022,ARA,LA,ASW,CE,Federal Contract Tower,0,0,8,0,8,0,4,27,0,31,0,4,35,0,39,32,0,32,71
09/18/2022,ARA,LA,ASW,CE,Federal Contract Tower,0,0,6,6,12,0,3,20,0,23,0,3,26,6,35,20,0,20,55
09/19/2022,ARA,LA,ASW,CE,Federal Contract Tower,0,0,10,0,10,0,3,23,2,28,0,3,33,2,38,82,0,82,120
09/20/2022,ARA,LA,ASW,CE,Federal Contract Tower,1,0,10,0,11,0,6,35,0,41,1,6,45,0,52,114,0,114,166
09/21/2022,ARA,LA,ASW,CE,Federal Contract Tower,0,0,13,0,13,0,7,36,1,44,0,7,49,1,57,18,0,18,75
09/22/2022,ARA,LA,ASW,CE,Federal Contract Tower,0,0,0,5,5,0,15,34,2,51,0,15,34,7,56,104,0,104,160
09/23/2022,ARA,LA,ASW,CE,Federal Contract Tower,0,0,13,0,13,0,10,32,0,42,0,10,45,0,55,52,0,52,107
09/24/2022,ARA,LA,ASW,CE,Federal Contract Tower,0,0,3,0,3,0,11,25,0,36,0,11,28,0,39,70,0,70,109
09/25/2022,ARA,LA,ASW,CE,Federal Contract Tower,2,0,1,0,3,0,3,26,8,37,2,3,27,8,40,32,8,40,80
09/26/2022,ARA,LA,ASW,CE,Federal Contract Tower,0,0,8,0,8,0,8,26,2,36,0,8,34,2,44,110,0,110,154
09/27/2022,ARA,LA,ASW,CE,Federal Contract Tower,0,1,4,4,9,0,9,33,2,44,0,10,37,6,53,128,0,128,181
09/28/2022,ARA,LA,ASW,CE,Federal Contract Tower,0,0,16,0,16,0,10,34,0,44,0,10,50,0,60,94,0,94,154
09/29/2022,ARA,LA,ASW,CE,Federal Contract Tower,0,0,3,9,12,0,6,30,1,37,0,6,33,10,49,116,0,116,165
09/30/2022,ARA,LA,ASW,CE,Federal Contract Tower,2,0,5,4,11,0,4,48,2,54,2,4,53,6,65,164,4,168,233
10/01/2022,ARA,LA,ASW,CE,Federal Contract Tower,0,0,2,0,2,0,5,25,0,30,0,5,27,0,32,12,0,12,44
10/02/2022,ARA,LA,ASW,CE,Federal Contract Tower,0,0,0,0,0,0,4,15,0,19,0,4,15,0,19,8,0,8,27
10/03/2022,ARA,LA,ASW,CE,Federal Contract Tower,1,2,9,6,18,0,4,25,0,29,1,6,34,6,47,64,0,64,111
10/04/2022,ARA,LA,ASW,CE,Federal Contract Tower,0,1,9,3,13,0,13,30,1,44,0,14,39,4,57,114,0,114,171
10/05/2022,ARA,LA,ASW,CE,Federal Contract Tower,0,1,2,0,3,0,11,36,2,49,0,12,38,2,52,104,0,104,156
10/06/2022,ARA,LA,ASW,CE,Federal Contract Tower,0,7,0,6,13,0,12,31,2,45,0,19,31,8,58,94,0,94,152
10/07/2022,ARA,LA,ASW,CE,Federal Contract Tower,0,3,2,3,8,0,14,38,3,55,0,17,40,6,63,110,8,118,181
10/08/2022,ARA,LA,ASW,CE,Federal Contract Tower,0,4,3,0,7,0,18,8,0,26,0,22,11,0,33,0,0,0,33
10/09/2022,ARA,LA,ASW,CE,Federal Contract Tower,0,4,1,0,5,0,17,12,1,30,0,21,13,1,35,74,0,74,109
10/10/2022,ARA,LA,ASW,CE,Federal Contract Tower,0,3,5,0,8,0,11,31,0,42,0,14,36,0,50,146,0,146,196
10/11/2022,ARA,LA,ASW,CE,Federal Contract Tower,0,0,9,1,10,0,21,40,2,63,0,21,49,3,73,92,0,92,165
10/12/2022,ARA,LA,ASW,CE,Federal Contract Tower,0,2,12,0,14,0,8,31,0,39,0,10,43,0,53,46,0,46,99
10/13/2022,ARA,LA,ASW,CE,Federal Contract Tower,0,3,13,4,20,0,4,51,3,58,0,7,64,7,78,80,10,90,168
10/14/2022,ARA,LA,ASW,CE,Federal Contract Tower,0,1,7,3,11,0,7,48,0,55,0,8,55,3,66,146,0,146,212
10/15/2022,ARA,LA,ASW,CE,Federal Contract Tower,2,1,9,4,16,0,11,46,12,69,2,12,55,16,85,76,0,76,161
10/16/2022,ARA,LA,ASW,CE,Federal Contract Tower,0,2,1,0,3,0,8,15,0,23,0,10,16,0,26,66,0,66,92
10/17/2022,ARA,LA,ASW,CE,Federal Contract Tower,0,2,9,1,12,0,8,17,1,26,0,10,26,2,38,112,0,112,150
10/18/2022,ARA,LA,ASW,CE,Federal Contract Tower,2,1,5,4,12,0,4,24,1,29,2,5,29,5,41,18,0,18,59
10/19/2022,ARA,LA,ASW,CE,Federal Contract Tower,0,0,8,3,11,0,8,27,0,35,0,8,35,3,46,88,0,88,134
10/20/2022,ARA,LA,ASW,CE,Federal Contract Tower,0,0,3,4,7,0,10,23,0,33,0,10,26,4,40,80,0,80,120
10/21/2022,ARA,LA,ASW,CE,Federal Contract Tower,0,0,6,2,8,0,9,32,4,45,0,9,38,6,53,86,0,86,139
10/22/2022,ARA,LA,ASW,CE,Federal Contract Tower,0,0,1,0,1,0,10,20,0,30,0,10,21,0,31,72,0,72,103
10/23/2022,ARA,LA,ASW,CE,Federal Contract Tower,0,2,1,2,5,0,6,18,0,24,0,8,19,2,29,50,0,50,79
10/24/2022,ARA,LA,ASW,CE,Federal Contract Tower,0,0,6,5,11,0,4,19,2,25,0,4,25,7,36,42,4,46,82
10/25/2022,ARA,LA,ASW,CE,Federal Contract Tower,0,2,7,0,9,0,7,8,0,15,0,9,15,0,24,68,0,68,92
10/26/2022,ARA,LA,ASW,CE,Federal Contract Tower,0,0,8,4,12,0,25,43,3,71,0,25,51,7,83,184,4,188,271
10/27/2022,ARA,LA,ASW,CE,Federal Contract Tower,0,0,10,0,10,0,6,41,0,47,0,6,51,0,57,30,0,30,87
10/28/2022,ARA,LA,ASW,CE,Federal Contract Tower,1,2,1,0,4,0,10,23,0,33,1,12,24,0,37,86,0,86,123
10/29/2022,ARA,LA,ASW,CE,Federal Contract Tower,0,1,1,0,2,0,7,6,0,13,0,8,7,0,15,106,0,106,121
10/30/2022,ARA,LA,ASW,CE,Federal Contract Tower,0,2,0,0,2,0,6,17,0,23,0,8,17,0,25,76,0,76,101
10/31/2022,ARA,LA,ASW,CE,Federal Contract Tower,0,1,3,2,6,0,4,30,0,34,0,5,33,2,40,62,0,62,102
11/01/2022,ARA,LA,ASW,CE,Federal Contract Tower,0,3,3,0,6,0,6,54,0,60,0,9,57,0,66,132,0,132,198
11/02/2022,ARA,LA,ASW,CE,Federal Contract Tower,0,0,5,0,5,0,10,40,3,53,0,10,45,3,58,102,0,102,160
11/03/2022,ARA,LA,ASW,CE,Federal Contract Tower,2,0,10,10,22,0,14,43,4,61,2,14,53,14,83,106,8,114,197
11/04/2022,ARA,LA,ASW,CE,Federal Contract Tower,0,2,1,7,10,0,13,18,0,31,0,15,19,7,41,148,0,148,189
11/05/2022,ARA,LA,ASW,CE,Federal Contract Tower,0,0,0,0,0,0,5,17,0,22,0,5,17,0,22,48,0,48,70
11/06/2022,ARA,LA,ASW,CE,Federal Contract Tower,0,1,6,0,7,0,5,14,0,19,0,6,20,0,26,92,0,92,118
11/07/2022,ARA,LA,ASW,CE,Federal Contract Tower,2,2,3,3,10,0,11,21,0,32,2,13,24,3,42,34,0,34,76
11/08/2022,ARA,LA,ASW,CE,Federal Contract Tower,0,1,3,2,6,0,11,25,0,36,0,12,28,2,42,156,4,160,202
11/09/2022,ARA,LA,ASW,CE,Federal Contract Tower,0,1,5,6,12,0,8,29,1,38,0,9,34,7,50,134,2,136,186
11/10/2022,ARA,LA,ASW,CE,Federal Contract Tower,0,0,7,8,15,0,16,47,0,63,0,16,54,8,78,286,0,286,364
11/11/2022,ARA,LA,ASW,CE,Federal Contract Tower,0,1,5,0,6,0,3,26,0,29,0,4,31,0,35,112,0,112,147
11/12/2022,ARA,LA,ASW,CE,Federal Contract Tower,0,1,2,0,3,0,10,4,0,14,0,11,6,0,17,122,0,122,139
11/13/2022,ARA,LA,ASW,CE,Federal Contract Tower,0,0,7,0,7,0,4,16,0,20,0,4,23,0,27,20,0,20,47
11/14/2022,ARA,LA,ASW,CE,Federal Contract Tower,0,0,3,0,3,0,7,14,0,21,0,7,17,0,24,68,0,68,92
11/15/2022,ARA,LA,ASW,CE,Federal Contract Tower,0,4,7,2,13,0,4,13,0,17,0,8,20,2,30,130,0,130,160
11/16/2022,ARA,LA,ASW,CE,Federal Contract Tower,0,0,14,0,14,0,2,43,0,45,0,2,57,0,59,70,0,70,129
11/17/2022,ARA,LA,ASW,CE,Federal Contract Tower,0,0,3,14,17,0,5,32,0,37,0,5,35,14,54,120,2,122,176
11/18/2022,ARA,LA,ASW,CE,Federal Contract Tower,0,0,7,2,9,0,6,50,1,57,0,6,57,3,66,110,6,116,182
11/19/2022,ARA,LA,ASW,CE,Federal Contract Tower,0,1,0,0,1,0,10,2,0,12,0,11,2,0,13,50,0,50,63
11/20/2022,ARA,LA,ASW,CE,Federal Contract Tower,0,0,3,2,5,0,3,22,0,25,0,3,25,2,30,60,0,60,90
11/21/2022,ARA,LA,ASW,CE,Federal Contract Tower,0,0,2,0,2,0,1,21,0,22,0,1,23,0,24,32,0,32,56
11/22/2022,ARA,LA,ASW,CE,Federal Contract Tower,0,2,13,2,17,0,10,19,0,29,0,12,32,2,46,110,6,116,162
11/23/2022,ARA,LA,ASW,CE,Federal Contract Tower,2,0,8,2,12,0,14,38,0,52,2,14,46,2,64,140,0,140,204
11/24/2022,ARA,LA,ASW,CE,Federal Contract Tower,0,0,0,0,0,0,3,5,0,8,0,3,5,0,8,4,0,4,12
11/25/2022,ARA,LA,ASW,CE,Federal Contract Tower,0,6,6,2,14,0,0,0,0,0,0,6,6,2,14,0,0,0,14
11/26/2022,ARA,LA,ASW,CE,Federal Contract Tower,0,3,1,0,4,0,1,0,0,1,0,4,1,0,5,0,0,0,5
11/27/2022,ARA,LA,ASW,CE,Federal Contract Tower,0,0,2,0,2,0,14,15,0,29,0,14,17,0,31,30,0,30,61
11/28/2022,ARA,LA,ASW,CE,Federal Contract Tower,0,1,6,0,7,0,16,27,0,43,0,17,33,0,50,78,0,78,128
11/29/2022,ARA,LA,ASW,CE,Federal Contract Tower,1,2,6,0,9,0,1,4,0,5,1,3,10,0,14,16,0,16,30
11/30/2022,ARA,LA,ASW,CE,Federal Contract Tower,0,4,7,0,11,0,18,23,0,41,0,22,30,0,52,48,0,48,100
12/01/2022,ARA,LA,ASW,CE,Federal Contract Tower,0,0,8,4,12,0,12,35,0,47,0,12,43,4,59,120,0,120,179
12/02/2022,ARA,LA,ASW,CE,Federal Contract Tower,0,0,4,18,22,0,12,36,4,52,0,12,40,22,74,86,10,96,170
12/03/2022,ARA,LA,ASW,CE,Federal Contract Tower,0,2,4,0,6,0,5,6,0,11,0,7,10,0,17,22,0,22,39
12/04/2022,ARA,LA,ASW,CE,Federal Contract Tower,0,2,3,0,5,0,9,19,0,28,0,11,22,0,33,126,0,126,159
12/05/2022,ARA,LA,ASW,CE,Federal Contract Tower,0,1,4,5,10,0,9,17,0,26,0,10,21,5,36,210,0,210,246
12/06/2022,ARA,LA,ASW,CE,Federal Contract Tower,1,1,5,11,18,0,20,23,3,46,1,21,28,14,64,130,6,136,200
12/07/2022,ARA,LA,ASW,CE,Federal Contract Tower,0,1,5,1,7,0,20,33,0,53,0,21,38,1,60,204,0,204,264
12/08/2022,ARA,LA,ASW,CE,Federal Contract Tower,0,1,5,0,6,0,3,21,0,24,0,4,26,0,30,98,0,98,128
12/09/2022,ARA,LA,ASW,CE,Federal Contract Tower,0,2,13,0,15,0,4,9,0,13,0,6,22,0,28,62,0,62,90
12/11/2022,ARA,LA,ASW,CE,Federal Contract Tower,0,2,0,0,2,0,6,7,0,13,0,8,7,0,15,56,8,64,79
12/12/2022,ARA,LA,ASW,CE,Federal Contract Tower,0,1,3,0,4,0,12,10,0,22,0,13,13,0,26,84,0,84,110
12/13/2022,ARA,LA,ASW,CE,Federal Contract Tower,0,6,4,2,12,0,15,5,0,20,0,21,9,2,32,94,0,94,126
12/14/2022,ARA,LA,ASW,CE,Federal Contract Tower,0,0,2,0,2,0,0,0,0,0,0,0,2,0,2,0,0,0,2
12/15/2022,ARA,LA,ASW,CE,Federal Contract Tower,0,5,17,6,28,0,10,22,6,38,0,15,39,12,66,98,6,104,170
12/16/2022,ARA,LA,ASW,CE,Federal Contract Tower,0,0,3,0,3,0,17,40,0,57,0,17,43,0,60,106,0,106,166
12/17/2022,ARA,LA,ASW,CE,Federal Contract Tower,0,1,3,0,4,0,18,22,0,40,0,19,25,0,44,172,0,172,216
12/18/2022,ARA,LA,ASW,CE,Federal Contract Tower,0,2,3,0,5,0,7,25,0,32,0,9,28,0,37,50,0,50,87
12/19/2022,ARA,LA,ASW,CE,Federal Contract Tower,0,1,3,0,4,0,8,29,0,37,0,9,32,0,41,90,0,90,131
12/20/2022,ARA,LA,ASW,CE,Federal Contract Tower,0,7,4,3,14,0,1,1,0,2,0,8,5,3,16,0,0,0,16
12/21/2022,ARA,LA,ASW,CE,Federal Contract Tower,0,6,8,2,16,0,0,0,0,0,0,6,8,2,16,26,0,26,42
12/22/2022,ARA,LA,ASW,CE,Federal Contract Tower,0,5,10,1,16,0,12,3,0,15,0,17,13,1,31,80,0,80,111
12/23/2022,ARA,LA,ASW,CE,Federal Contract Tower,0,0,2,0,2,0,10,7,0,17,0,10,9,0,19,54,0,54,73
12/24/2022,ARA,LA,ASW,CE,Federal Contract Tower,0,0,0,0,0,0,6,6,0,12,0,6,6,0,12,2,0,2,14
12/25/2022,ARA,LA,ASW,CE,Federal Contract Tower,0,0,0,0,0,0,2,7,0,9,0,2,7,0,9,0,0,0,9
12/26/2022,ARA,LA,ASW,CE,Federal Contract Tower,0,0,3,0,3,0,5,16,0,21,0,5,19,0,24,26,0,26,50
12/27/2022,ARA,LA,ASW,CE,Federal Contract Tower,1,0,1,0,2,0,3,21,0,24,1,3,22,0,26,44,0,44,70
12/28/2022,ARA,LA,ASW,CE,Federal Contract Tower,0,1,5,6,12,0,8,38,10,56,0,9,43,16,68,90,36,126,194
12/29/2022,ARA,LA,ASW,CE,Federal Contract Tower,0,1,3,1,5,0,8,27,1,36,0,9,30,2,41,82,0,82,123
12/30/2022,ARA,LA,ASW,CE,Federal Contract Tower,0,0,6,0,6,0,0,0,0,0,0,0,6,0,6,0,0,0,6
12/31/2022,ARA,LA,ASW,CE,Federal Contract Tower,0,1,3,0,4,0,2,9,0,11,0,3,12,0,15,0,0,0,15
01/01/2023,ARA,LA,ASW,CE,Federal Contract Tower,0,1,1,0,2,0,0,0,0,0,0,1,1,0,2,0,0,0,2
01/02/2023,ARA,LA,ASW,CE,Federal Contract Tower,0,6,7,0,13,0,2,2,0,4,0,8,9,0,17,0,0,0,17
01/03/2023,ARA,LA,ASW,CE,Federal Contract Tower,0,2,2,0,4,0,0,0,0,0,0,2,2,0,4,0,0,0,4
01/04/2023,ARA,LA,ASW,CE,Federal Contract Tower,2,2,4,0,8,0,8,38,4,50,2,10,42,4,58,120,0,120,178
01/05/2023,ARA,LA,ASW,CE,Federal Contract Tower,0,0,6,4,10,0,4,34,2,40,0,4,40,6,50,66,2,68,118
01/06/2023,ARA,LA,ASW,CE,Federal Contract Tower,0,3,4,2,9,0,3,46,2,51,0,6,50,4,60,50,2,52,112
01/07/2023,ARA,LA,ASW,CE,Federal Contract Tower,0,0,10,0,10,0,0,17,0,17,0,0,27,0,27,28,0,28,55
01/08/2023,ARA,LA,ASW,CE,Federal Contract Tower,0,0,1,0,1,0,0,4,0,4,0,0,5,0,5,4,0,4,9
01/09/2023,ARA,LA,ASW,CE,Federal Contract Tower,0,0,2,0,2,0,1,24,0,25,0,1,26,0,27,40,0,40,67
01/10/2023,ARA,LA,ASW,CE,Federal Contract Tower,1,0,5,5,11,0,2,22,2,26,1,2,27,7,37,82,0,82,119
01/11/2023,ARA,LA,ASW,CE,Federal Contract Tower,0,0,6,4,10,0,4,7,5,16,0,4,13,9,26,40,0,40,66
01/12/2023,ARA,LA,ASW,CE,Federal Contract Tower,0,0,5,5,10,0,7,23,1,31,0,7,28,6,41,44,0,44,85
01/13/2023,ARA,LA,ASW,CE,Federal Contract Tower,0,0,7,3,10,0,0,20,1,21,0,0,27,4,31,88,0,88,119
01/14/2023,ARA,LA,ASW,CE,Federal Contract Tower,0,0,5,0,5,0,6,27,0,33,0,6,32,0,38,66,0,66,104
01/15/2023,ARA,LA,ASW,CE,Federal Contract Tower,0,0,5,0,5,0,2,11,0,13,0,2,16,0,18,26,0,26,44
01/16/2023,ARA,LA,ASW,CE,Federal Contract Tower,1,0,3,0,4,0,0,20,0,20,1,0,23,0,24,24,0,24,48
01/17/2023,ARA,LA,ASW,CE,Federal Contract Tower,0,2,19,2,23,0,3,14,2,19,0,5,33,4,42,70,0,70,112
01/18/2023,ARA,LA,ASW,CE,Federal Contract Tower,0,0,4,0,4,0,4,5,0,9,0,4,9,0,13,46,0,46,59
01/19/2023,ARA,LA,ASW,CE,Federal Contract Tower,0,0,8,11,19,0,1,44,3,48,0,1,52,14,67,132,0,132,199
01/20/2023,ARA,LA,ASW,CE,Federal Contract Tower,0,0,7,15,22,0,2,34,3,39,0,2,41,18,61,80,0,80,141
01/21/2023,ARA,LA,ASW,CE,Federal Contract Tower,0,0,2,0,2,0,0,0,0,0,0,0,2,0,2,0,0,0,2
01/22/2023,ARA,LA,ASW,CE,Federal Contract Tower,0,0,2,0,2,0,2,11,0,13,0,2,13,0,15,30,0,30,45
01/23/2023,ARA,LA,ASW,CE,Federal Contract Tower,0,0,11,2,13,0,2,36,0,38,0,2,47,2,51,76,0,76,127
01/24/2023,ARA,LA,ASW,CE,Federal Contract Tower,0,0,0,2,2,0,0,4,0,4,0,0,4,2,6,0,0,0,6
01/25/2023,ARA,LA,ASW,CE,Federal Contract Tower,0,1,2,6,9,0,0,39,1,40,0,1,41,7,49,56,0,56,105
01/26/2023,ARA,LA,ASW,CE,Federal Contract Tower,0,1,13,2,16,0,2,33,0,35,0,3,46,2,51,72,0,72,123
01/27/2023,ARA,LA,ASW,CE,Federal Contract Tower,0,0,5,0,5,0,0,52,0,52,0,0,57,0,57,188,0,188,245
01/28/2023,ARA,LA,ASW,CE,Federal Contract Tower,0,1,2,0,3,0,1,21,0,22,0,2,23,0,25,20,0,20,45
01/29/2023,ARA,LA,ASW,CE,Federal Contract Tower,0,0,0,0,0,0,0,0,0,0,0,0,0,0,0,0,0,0,0
01/30/2023,ARA,LA,ASW,CE,Federal Contract Tower,0,0,3,0,3,0,0,0,0,0,0,0,3,0,3,0,0,0,3
01/31/2023,ARA,LA,ASW,CE,Federal Contract Tower,0,0,4,0,4,0,0,0,0,0,0,0,4,0,4,0,0,0,4
02/01/2023,ARA,LA,ASW,CE,Federal Contract Tower,0,0,8,0,8,0,0,0,0,0,0,0,8,0,8,0,0,0,8
02/02/2023,ARA,LA,ASW,CE,Federal Contract Tower,0,0,4,0,4,0,0,0,0,0,0,0,4,0,4,0,0,0,4
02/03/2023,ARA,LA,ASW,CE,Federal Contract Tower,0,0,6,5,11,0,15,64,1,80,0,15,70,6,91,188,0,188,279
02/04/2023,ARA,LA,ASW,CE,Federal Contract Tower,1,0,5,0,6,0,6,45,0,51,1,6,50,0,57,74,0,74,131
02/05/2023,ARA,LA,ASW,CE,Federal Contract Tower,0,0,3,0,3,0,1,40,16,57,0,1,43,16,60,46,0,46,106
02/06/2023,ARA,LA,ASW,CE,Federal Contract Tower,0,0,4,3,7,0,3,31,3,37,0,3,35,6,44,190,0,190,234
02/07/2023,ARA,LA,ASW,CE,Federal Contract Tower,0,1,2,3,6,0,7,44,0,51,0,8,46,3,57,154,0,154,211
02/08/2023,ARA,LA,ASW,CE,Federal Contract Tower,0,1,7,2,10,0,0,2,0,2,0,1,9,2,12,20,0,20,32
02/09/2023,ARA,LA,ASW,CE,Federal Contract Tower,0,1,5,6,12,0,4,26,1,31,0,5,31,7,43,100,6,106,149
02/10/2023,ARA,LA,ASW,CE,Federal Contract Tower,0,0,4,22,26,0,2,31,7,40,0,2,35,29,66,106,0,106,172
02/11/2023,ARA,LA,ASW,CE,Federal Contract Tower,0,0,4,0,4,0,0,4,2,6,0,0,8,2,10,70,0,70,80
02/12/2023,ARA,LA,ASW,CE,Federal Contract Tower,0,0,3,0,3,0,4,30,0,34,0,4,33,0,37,112,0,112,149
02/13/2023,ARA,LA,ASW,CE,Federal Contract Tower,2,2,3,0,7,0,1,23,0,24,2,3,26,0,31,98,0,98,129
02/14/2023,ARA,LA,ASW,CE,Federal Contract Tower,0,0,1,0,1,0,4,7,0,11,0,4,8,0,12,26,0,26,38
02/15/2023,ARA,LA,ASW,CE,Federal Contract Tower,0,0,4,0,4,0,0,9,0,9,0,0,13,0,13,22,0,22,35
02/16/2023,ARA,LA,ASW,CE,Federal Contract Tower,0,0,2,0,2,0,0,0,0,0,0,0,2,0,2,0,0,0,2
02/17/2023,ARA,LA,ASW,CE,Federal Contract Tower,0,0,4,2,6,0,3,19,0,22,0,3,23,2,28,164,0,164,192
02/18/2023,ARA,LA,ASW,CE,Federal Contract Tower,0,0,0,0,0,0,0,12,0,12,0,0,12,0,12,32,0,32,44
02/19/2023,ARA,LA,ASW,CE,Federal Contract Tower,0,0,4,0,4,0,0,23,0,23,0,0,27,0,27,12,0,12,39
02/20/2023,ARA,LA,ASW,CE,Federal Contract Tower,0,0,11,2,13,0,0,9,0,9,0,0,20,2,22,6,0,6,28
02/21/2023,ARA,LA,ASW,CE,Federal Contract Tower,0,0,5,0,5,0,0,11,0,11,0,0,16,0,16,12,0,12,28
02/22/2023,ARA,LA,ASW,CE,Federal Contract Tower,0,0,6,4,10,0,2,11,0,13,0,2,17,4,23,42,0,42,65
02/23/2023,ARA,LA,ASW,CE,Federal Contract Tower,1,0,7,1,9,0,2,27,1,30,1,2,34,2,39,78,0,78,117
02/24/2023,ARA,LA,ASW,CE,Federal Contract Tower,0,0,4,10,14,0,2,20,1,23,0,2,24,11,37,118,2,120,157
02/25/2023,ARA,LA,ASW,CE,Federal Contract Tower,0,0,1,0,1,0,2,18,0,20,0,2,19,0,21,84,0,84,105
02/26/2023,ARA,LA,ASW,CE,Federal Contract Tower,0,0,1,0,1,0,3,35,0,38,0,3,36,0,39,78,0,78,117
02/27/2023,ARA,LA,ASW,CE,Federal Contract Tower,0,0,7,4,11,0,2,15,2,19,0,2,22,6,30,90,0,90,120
02/28/2023,ARA,LA,ASW,CE,Federal Contract Tower,0,0,4,6,10,0,2,44,0,46,0,2,48,6,56,140,0,140,196
03/01/2023,ARA,LA,ASW,CE,Federal Contract Tower,0,0,5,3,8,0,0,28,0,28,0,0,33,3,36,96,0,96,132
03/02/2023,ARA,LA,ASW,CE,Federal Contract Tower,0,0,3,2,5,0,5,20,5,30,0,5,23,7,35,102,18,120,155
03/03/2023,ARA,LA,ASW,CE,Federal Contract Tower,0,0,1,17,18,0,0,23,2,25,0,0,24,19,43,22,6,28,71
03/04/2023,ARA,LA,ASW,CE,Federal Contract Tower,2,0,4,0,6,0,3,30,0,33,2,3,34,0,39,70,0,70,109
03/05/2023,ARA,LA,ASW,CE,Federal Contract Tower,0,0,4,0,4,0,2,17,0,19,0,2,21,0,23,14,0,14,37
03/06/2023,ARA,LA,ASW,CE,Federal Contract Tower,0,0,6,4,10,0,6,21,0,27,0,6,27,4,37,90,0,90,127
03/07/2023,ARA,LA,ASW,CE,Federal Contract Tower,0,0,6,1,7,0,5,39,0,44,0,5,45,1,51,150,0,150,201
03/08/2023,ARA,LA,ASW,CE,Federal Contract Tower,0,1,10,5,16,0,2,42,0,44,0,3,52,5,60,132,6,138,198
03/09/2023,ARA,LA,ASW,CE,Federal Contract Tower,0,0,12,1,13,0,2,34,4,40,0,2,46,5,53,78,0,78,131
03/10/2023,ARA,LA,ASW,CE,Federal Contract Tower,0,0,5,0,5,0,2,20,0,22,0,2,25,0,27,64,0,64,91
03/11/2023,ARA,LA,ASW,CE,Federal Contract Tower,2,0,1,0,3,0,0,8,1,9,2,0,9,1,12,34,0,34,46
03/12/2023,ARA,LA,ASW,CE,Federal Contract Tower,0,0,11,0,11,0,0,12,0,12,0,0,23,0,23,30,0,30,53
03/13/2023,ARA,LA,ASW,CE,Federal Contract Tower,2,0,6,9,17,0,1,20,0,21,2,1,26,9,38,34,0,34,72
03/14/2023,ARA,LA,ASW,CE,Federal Contract Tower,0,0,9,6,15,0,2,50,0,52,0,2,59,6,67,78,0,78,145
03/15/2023,ARA,LA,ASW,CE,Federal Contract Tower,1,0,8,5,14,0,6,62,2,70,1,6,70,7,84,132,0,132,216
03/16/2023,ARA,LA,ASW,CE,Federal Contract Tower,0,0,7,8,15,0,3,33,0,36,0,3,40,8,51,66,0,66,117
03/17/2023,ARA,LA,ASW,CE,Federal Contract Tower,0,0,6,0,6,0,0,0,0,0,0,0,6,0,6,16,0,16,22
03/18/2023,ARA,LA,ASW,CE,Federal Contract Tower,1,0,0,7,8,0,2,9,0,11,1,2,9,7,19,32,0,32,51
03/19/2023,ARA,LA,ASW,CE,Federal Contract Tower,0,0,4,2,6,0,4,15,0,19,0,4,19,2,25,30,0,30,55
03/20/2023,ARA,LA,ASW,CE,Federal Contract Tower,0,0,2,0,2,0,0,45,0,45,0,0,47,0,47,106,0,106,153
03/21/2023,ARA,LA,ASW,CE,Federal Contract Tower,0,0,5,8,13,0,1,41,3,45,0,1,46,11,58,80,2,82,140
03/22/2023,ARA,LA,ASW,CE,Federal Contract Tower,0,0,8,10,18,0,7,38,0,45,0,7,46,10,63,100,0,100,163
03/23/2023,ARA,LA,ASW,CE,Federal Contract Tower,0,0,2,1,3,0,0,12,1,13,0,0,14,2,16,0,0,0,16
03/24/2023,ARA,LA,ASW,CE,Federal Contract Tower,0,0,3,0,3,0,0,7,0,7,0,0,10,0,10,0,0,0,10
03/25/2023,ARA,LA,ASW,CE,Federal Contract Tower,0,0,2,0,2,0,2,45,1,48,0,2,47,1,50,84,0,84,134
03/26/2023,ARA,LA,ASW,CE,Federal Contract Tower,0,0,2,1,3,0,0,6,2,8,0,0,8,3,11,14,0,14,25
03/27/2023,ARA,LA,ASW,CE,Federal Contract Tower,2,0,3,0,5,0,2,26,0,28,2,2,29,0,33,38,0,38,71
03/28/2023,ARA,LA,ASW,CE,Federal Contract Tower,2,2,1,1,6,0,3,33,2,38,2,5,34,3,44,144,0,144,188
03/29/2023,ARA,LA,ASW,CE,Federal Contract Tower,0,0,4,6,10,0,1,58,1,60,0,1,62,7,70,160,2,162,232
03/30/2023,ARA,LA,ASW,CE,Federal Contract Tower,0,0,9,17,26,0,2,35,7,44,0,2,44,24,70,164,10,174,244
03/31/2023,ARA,LA,ASW,CE,Federal Contract Tower,0,0,2,6,8,0,7,21,2,30,0,7,23,8,38,92,0,92,130
04/01/2023,ARA,LA,ASW,CE,Federal Contract Tower,0,3,6,0,9,0,0,20,0,20,0,3,26,0,29,66,0,66,95
04/02/2023,ARA,LA,ASW,CE,Federal Contract Tower,0,1,1,2,4,0,2,10,0,12,0,3,11,2,16,30,0,30,46
04/03/2023,ARA,LA,ASW,CE,Federal Contract Tower,0,0,5,13,18,0,4,12,2,18,0,4,17,15,36,26,0,26,62
04/04/2023,ARA,LA,ASW,CE,Federal Contract Tower,0,0,2,9,11,0,0,6,3,9,0,0,8,12,20,46,0,46,66
04/05/2023,ARA,LA,ASW,CE,Federal Contract Tower,2,0,7,0,9,0,5,11,4,20,2,5,18,4,29,70,0,70,99
04/06/2023,ARA,LA,ASW,CE,Federal Contract Tower,1,1,4,1,7,0,0,19,1,20,1,1,23,2,27,36,0,36,63
04/07/2023,ARA,LA,ASW,CE,Federal Contract Tower,0,0,1,0,1,0,0,2,0,2,0,0,3,0,3,8,0,8,11
04/08/2023,ARA,LA,ASW,CE,Federal Contract Tower,1,0,3,0,4,0,1,1,0,2,1,1,4,0,6,44,0,44,50
04/09/2023,ARA,LA,ASW,CE,Federal Contract Tower,0,0,0,0,0,0,13,1,0,14,0,13,1,0,14,144,0,144,158
04/10/2023,ARA,LA,ASW,CE,Federal Contract Tower,0,5,8,0,13,0,8,43,0,51,0,13,51,0,64,80,0,80,144
04/11/2023,ARA,LA,ASW,CE,Federal Contract Tower,0,0,9,5,14,0,0,38,0,38,0,0,47,5,52,146,2,148,200
04/12/2023,ARA,LA,ASW,CE,Federal Contract Tower,3,0,7,2,12,1,0,26,2,29,4,0,33,4,41,30,8,38,79
04/13/2023,ARA,LA,ASW,CE,Federal Contract Tower,0,1,2,6,9,0,6,54,1,61,0,7,56,7,70,96,0,96,166
04/14/2023,ARA,LA,ASW,CE,Federal Contract Tower,2,1,12,9,24,0,1,60,3,64,2,2,72,12,88,140,0,140,228
04/15/2023,ARA,LA,ASW,CE,Federal Contract Tower,2,0,0,0,2,0,2,4,0,6,2,2,4,0,8,24,0,24,32
04/16/2023,ARA,LA,ASW,CE,Federal Contract Tower,0,0,5,0,5,0,2,13,0,15,0,2,18,0,20,62,0,62,82
04/17/2023,ARA,LA,ASW,CE,Federal Contract Tower,0,0,4,8,12,0,0,42,2,44,0,0,46,10,56,124,2,126,182
04/18/2023,ARA,LA,ASW,CE,Federal Contract Tower,0,0,6,3,9,0,3,27,0,30,0,3,33,3,39,60,0,60,99
04/19/2023,ARA,LA,ASW,CE,Federal Contract Tower,0,2,11,0,13,0,8,57,2,67,0,10,68,2,80,168,0,168,248
04/20/2023,ARA,LA,ASW,CE,Federal Contract Tower,0,4,6,2,12,0,4,44,0,48,0,8,50,2,60,92,0,92,152
04/21/2023,ARA,LA,ASW,CE,Federal Contract Tower,0,0,0,0,0,0,0,8,0,8,0,0,8,0,8,28,0,28,36
04/22/2023,ARA,LA,ASW,CE,Federal Contract Tower,0,0,3,4,7,0,4,36,1,41,0,4,39,5,48,56,0,56,104
04/23/2023,ARA,LA,ASW,CE,Federal Contract Tower,0,0,10,2,12,0,2,23,1,26,0,2,33,3,38,52,0,52,90
04/24/2023,ARA,LA,ASW,CE,Federal Contract Tower,0,0,4,0,4,0,1,20,0,21,0,1,24,0,25,62,0,62,87
04/25/2023,ARA,LA,ASW,CE,Federal Contract Tower,2,0,5,1,8,0,1,34,2,37,2,1,39,3,45,32,0,32,77
04/26/2023,ARA,LA,ASW,CE,Federal Contract Tower,0,0,3,2,5,0,2,25,4,31,0,2,28,6,36,42,0,42,78
04/27/2023,ARA,LA,ASW,CE,Federal Contract Tower,0,5,4,0,9,0,9,18,2,29,0,14,22,2,38,74,0,74,112
04/28/2023,ARA,LA,ASW,CE,Federal Contract Tower,0,0,5,4,9,0,0,62,0,62,0,0,67,4,71,84,0,84,155
04/29/2023,ARA,LA,ASW,CE,Federal Contract Tower,0,0,0,0,0,0,3,2,0,5,0,3,2,0,5,0,0,0,5
04/30/2023,ARA,LA,ASW,CE,Federal Contract Tower,0,0,5,3,8,0,0,21,3,24,0,0,26,6,32,10,0,10,42
05/01/2023,ARA,LA,ASW,CE,Federal Contract Tower,0,0,9,12,21,0,2,30,0,32,0,2,39,12,53,169,0,169,222
05/02/2023,ARA,LA,ASW,CE,Federal Contract Tower,0,2,5,8,15,0,0,58,0,58,0,2,63,8,73,88,0,88,161
05/03/2023,ARA,LA,ASW,CE,Federal Contract Tower,0,0,8,5,13,0,4,37,4,45,0,4,45,9,58,118,10,128,186
05/04/2023,ARA,LA,ASW,CE,Federal Contract Tower,3,1,7,5,16,0,4,34,1,39,3,5,41,6,55,76,0,76,131
05/05/2023,ARA,LA,ASW,CE,Federal Contract Tower,0,0,1,0,1,0,6,15,0,21,0,6,16,0,22,72,0,72,94
05/06/2023,ARA,LA,ASW,CE,Federal Contract Tower,0,0,6,0,6,0,2,5,0,7,0,2,11,0,13,30,0,30,43
05/07/2023,ARA,LA,ASW,CE,Federal Contract Tower,0,0,9,2,11,0,2,13,0,15,0,2,22,2,26,22,0,22,48
05/08/2023,ARA,LA,ASW,CE,Federal Contract Tower,0,2,7,0,9,0,0,27,0,27,0,2,34,0,36,214,0,214,250
05/09/2023,ARA,LA,ASW,CE,Federal Contract Tower,0,0,3,0,3,0,2,10,0,12,0,2,13,0,15,44,0,44,59
05/10/2023,ARA,LA,ASW,CE,Federal Contract Tower,0,0,8,0,8,0,6,43,0,49,0,6,51,0,57,90,0,90,147
05/11/2023,ARA,LA,ASW,CE,Federal Contract Tower,0,0,5,7,12,0,3,38,1,42,0,3,43,8,54,110,8,118,172
05/12/2023,ARA,LA,ASW,CE,Federal Contract Tower,0,0,3,7,10,0,2,34,2,38,0,2,37,9,48,70,0,70,118
05/13/2023,ARA,LA,ASW,CE,Federal Contract Tower,2,0,6,0,8,0,0,38,0,38,2,0,44,0,46,54,0,54,100
05/14/2023,ARA,LA,ASW,CE,Federal Contract Tower,0,0,5,0,5,0,3,10,0,13,0,3,15,0,18,12,0,12,30
05/15/2023,ARA,LA,ASW,CE,Federal Contract Tower,0,0,6,1,7,0,10,23,0,33,0,10,29,1,40,108,0,108,148
05/16/2023,ARA,LA,ASW,CE,Federal Contract Tower,0,0,7,5,12,0,2,34,1,37,0,2,41,6,49,98,0,98,147
05/17/2023,ARA,LA,ASW,CE,Federal Contract Tower,0,0,8,4,12,0,5,32,0,37,0,5,40,4,49,88,4,92,141
05/18/2023,ARA,LA,ASW,CE,Federal Contract Tower,0,0,3,8,11,0,2,38,0,40,0,2,41,8,51,56,0,56,107
05/19/2023,ARA,LA,ASW,CE,Federal Contract Tower,0,0,6,11,17,0,1,46,4,51,0,1,52,15,68,126,18,144,212
05/20/2023,ARA,LA,ASW,CE,Federal Contract Tower,0,0,2,0,2,0,6,5,2,13,0,6,7,2,15,20,0,20,35
05/21/2023,ARA,LA,ASW,CE,Federal Contract Tower,4,0,3,4,11,0,0,21,0,21,4,0,24,4,32,42,0,42,74
05/22/2023,ARA,LA,ASW,CE,Federal Contract Tower,2,0,8,8,18,0,2,46,1,49,2,2,54,9,67,182,0,182,249
05/23/2023,ARA,LA,ASW,CE,Federal Contract Tower,0,0,14,2,16,0,1,44,0,45,0,1,58,2,61,72,0,72,133
05/24/2023,ARA,LA,ASW,CE,Federal Contract Tower,4,0,3,2,9,0,2,29,0,31,4,2,32,2,40,78,0,78,118
05/25/2023,ARA,LA,ASW,CE,Federal Contract Tower,0,0,7,12,19,0,4,49,1,54,0,4,56,13,73,96,2,98,171
05/26/2023,ARA,LA,ASW,CE,Federal Contract Tower,0,0,6,2,8,0,2,29,1,32,0,2,35,3,40,64,0,64,104
05/27/2023,ARA,LA,ASW,CE,Federal Contract Tower,0,0,8,0,8,0,0,23,0,23,0,0,31,0,31,36,0,36,67
05/28/2023,ARA,LA,ASW,CE,Federal Contract Tower,0,0,2,0,2,0,2,8,0,10,0,2,10,0,12,14,0,14,26
05/29/2023,ARA,LA,ASW,CE,Federal Contract Tower,0,0,9,0,9,0,0,26,0,26,0,0,35,0,35,42,0,42,77
05/30/2023,ARA,LA,ASW,CE,Federal Contract Tower,0,0,4,7,11,0,0,62,0,62,0,0,66,7,73,118,0,118,191
05/31/2023,ARA,LA,ASW,CE,Federal Contract Tower,0,0,10,3,13,0,5,33,2,40,0,5,43,5,53,52,6,58,111
06/01/2023,ARA,LA,ASW,CE,Federal Contract Tower,0,0,2,0,2,0,5,27,0,32,0,5,29,0,34,34,0,34,68
06/02/2023,ARA,LA,ASW,CE,Federal Contract Tower,0,0,13,4,17,0,2,51,0,53,0,2,64,4,70,132,0,132,202
06/03/2023,ARA,LA,ASW,CE,Federal Contract Tower,2,0,3,2,7,0,4,36,0,40,2,4,39,2,47,138,0,138,185
06/04/2023,ARA,LA,ASW,CE,Federal Contract Tower,0,0,2,4,6,0,0,13,0,13,0,0,15,4,19,24,8,32,51
06/05/2023,ARA,LA,ASW,CE,Federal Contract Tower,0,0,7,0,7,0,0,19,0,19,0,0,26,0,26,26,0,26,52
06/06/2023,ARA,LA,ASW,CE,Federal Contract Tower,0,0,2,1,3,0,2,21,0,23,0,2,23,1,26,12,0,12,38
06/07/2023,ARA,LA,ASW,CE,Federal Contract Tower,0,0,4,2,6,0,0,33,3,36,0,0,37,5,42,54,14,68,110
06/08/2023,ARA,LA,ASW,CE,Federal Contract Tower,0,0,9,4,13,0,0,25,0,25,0,0,34,4,38,6,0,6,44
06/09/2023,ARA,LA,ASW,CE,Federal Contract Tower,0,0,1,5,6,0,2,32,1,35,0,2,33,6,41,78,0,78,119
06/10/2023,ARA,LA,ASW,CE,Federal Contract Tower,0,0,2,0,2,0,0,34,0,34,0,0,36,0,36,46,0,46,82
06/11/2023,ARA,LA,ASW,CE,Federal Contract Tower,0,0,0,4,4,0,0,23,0,23,0,0,23,4,27,108,0,108,135
06/12/2023,ARA,LA,ASW,CE,Federal Contract Tower,0,1,3,4,8,0,1,38,2,41,0,2,41,6,49,126,0,126,175
06/13/2023,ARA,LA,ASW,CE,Federal Contract Tower,0,0,4,5,9,0,2,55,1,58,0,2,59,6,67,32,4,36,103
06/14/2023,ARA,LA,ASW,CE,Federal Contract Tower,0,0,6,0,6,0,3,25,0,28,0,3,31,0,34,34,0,34,68
06/15/2023,ARA,LA,ASW,CE,Federal Contract Tower,0,0,5,11,16,0,1,30,0,31,0,1,35,11,47,42,14,56,103
06/16/2023,ARA,LA,ASW,CE,Federal Contract Tower,1,1,6,2,10,0,0,42,0,42,1,1,48,2,52,30,0,30,82
06/17/2023,ARA,LA,ASW,CE,Federal Contract Tower,0,0,4,0,4,0,7,21,0,28,0,7,25,0,32,112,0,112,144
06/18/2023,ARA,LA,ASW,CE,Federal Contract Tower,0,0,1,0,1,0,0,7,0,7,0,0,8,0,8,6,0,6,14
06/19/2023,ARA,LA,ASW,CE,Federal Contract Tower,0,0,6,0,6,0,0,9,0,9,0,0,15,0,15,34,0,34,49
06/20/2023,ARA,LA,ASW,CE,Federal Contract Tower,0,0,8,0,8,0,2,21,0,23,0,2,29,0,31,44,0,44,75
06/21/2023,ARA,LA,ASW,CE,Federal Contract Tower,0,0,9,0,9,0,2,10,2,14,0,2,19,2,23,6,0,6,29
06/22/2023,ARA,LA,ASW,CE,Federal Contract Tower,0,1,4,2,7,0,0,34,0,34,0,1,38,2,41,32,0,32,73
06/23/2023,ARA,LA,ASW,CE,Federal Contract Tower,0,0,2,0,2,0,0,20,0,20,0,0,22,0,22,12,0,12,34
06/24/2023,ARA,LA,ASW,CE,Federal Contract Tower,0,0,5,0,5,0,4,18,0,22,0,4,23,0,27,36,0,36,63
06/25/2023,ARA,LA,ASW,CE,Federal Contract Tower,0,0,1,10,11,0,4,25,0,29,0,4,26,10,40,72,10,82,122
06/26/2023,ARA,LA,ASW,CE,Federal Contract Tower,0,0,5,4,9,0,3,23,0,26,0,3,28,4,35,78,6,84,119
06/27/2023,ARA,LA,ASW,CE,Federal Contract Tower,0,1,4,5,10,0,7,36,0,43,0,8,40,5,53,140,0,140,193
06/28/2023,ARA,LA,ASW,CE,Federal Contract Tower,0,0,4,0,4,0,6,61,4,71,0,6,65,4,75,96,0,96,171
06/29/2023,ARA,LA,ASW,CE,Federal Contract Tower,2,0,6,13,21,0,0,57,2,59,2,0,63,15,80,76,18,94,174
06/30/2023,ARA,LA,ASW,CE,Federal Contract Tower,1,0,7,0,8,0,1,48,0,49,1,1,55,0,57,136,0,136,193
07/01/2023,ARA,LA,ASW,CE,Federal Contract Tower,0,0,5,0,5,0,0,20,0,20,0,0,25,0,25,24,0,24,49
07/02/2023,ARA,LA,ASW,CE,Federal Contract Tower,0,0,0,0,0,0,0,9,0,9,0,0,9,0,9,0,0,0,9
07/03/2023,ARA,LA,ASW,CE,Federal Contract Tower,0,0,2,0,2,0,0,24,0,24,0,0,26,0,26,92,0,92,118
07/04/2023,ARA,LA,ASW,CE,Federal Contract Tower,0,0,0,0,0,0,0,13,0,13,0,0,13,0,13,20,0,20,33
07/05/2023,ARA,LA,ASW,CE,Federal Contract Tower,0,2,1,0,3,0,3,23,0,26,0,5,24,0,29,58,0,58,87
07/06/2023,ARA,LA,ASW,CE,Federal Contract Tower,2,0,1,3,6,0,2,23,0,25,2,2,24,3,31,30,0,30,61
07/07/2023,ARA,LA,ASW,CE,Federal Contract Tower,2,0,3,0,5,0,4,24,0,28,2,4,27,0,33,74,0,74,107
07/08/2023,ARA,LA,ASW,CE,Federal Contract Tower,1,0,3,0,4,0,4,18,0,22,1,4,21,0,26,78,0,78,104
07/09/2023,ARA,LA,ASW,CE,Federal Contract Tower,0,0,0,0,0,0,0,4,0,4,0,0,4,0,4,0,0,0,4
07/10/2023,ARA,LA,ASW,CE,Federal Contract Tower,0,0,4,2,6,0,5,35,0,40,0,5,39,2,46,100,0,100,146
07/11/2023,ARA,LA,ASW,CE,Federal Contract Tower,0,0,7,13,20,0,2,25,0,27,0,2,32,13,47,84,0,84,131
07/12/2023,ARA,LA,ASW,CE,Federal Contract Tower,0,0,8,6,14,0,0,28,0,28,0,0,36,6,42,50,0,50,92
07/13/2023,ARA,LA,ASW,CE,Federal Contract Tower,1,0,3,0,4,0,5,41,0,46,1,5,44,0,50,116,0,116,166
07/14/2023,ARA,LA,ASW,CE,Federal Contract Tower,0,1,1,0,2,0,7,36,1,44,0,8,37,1,46,74,0,74,120
07/15/2023,ARA,LA,ASW,CE,Federal Contract Tower,0,0,10,0,10,0,7,25,0,32,0,7,35,0,42,72,0,72,114
07/16/2023,ARA,LA,ASW,CE,Federal Contract Tower,0,0,2,0,2,0,4,16,0,20,0,4,18,0,22,62,0,62,84
07/17/2023,ARA,LA,ASW,CE,Federal Contract Tower,0,0,0,2,2,0,6,24,0,30,0,6,24,2,32,106,0,106,138
07/18/2023,ARA,LA,ASW,CE,Federal Contract Tower,0,0,4,7,11,0,10,31,2,43,0,10,35,9,54,106,6,112,166
07/19/2023,ARA,LA,ASW,CE,Federal Contract Tower,0,0,11,11,22,0,0,33,0,33,0,0,44,11,55,56,0,56,111
07/20/2023,ARA,LA,ASW,CE,Federal Contract Tower,0,1,8,4,13,0,2,47,2,51,0,3,55,6,64,76,8,84,148
07/21/2023,ARA,LA,ASW,CE,Federal Contract Tower,0,0,6,5,11,0,4,22,0,26,0,4,28,5,37,84,0,84,121
07/22/2023,ARA,LA,ASW,CE,Federal Contract Tower,0,0,4,0,4,0,5,35,1,41,0,5,39,1,45,126,0,126,171
07/23/2023,ARA,LA,ASW,CE,Federal Contract Tower,0,0,5,7,12,0,0,7,0,7,0,0,12,7,19,16,6,22,41
07/24/2023,ARA,LA,ASW,CE,Federal Contract Tower,0,0,9,10,19,0,2,33,0,35,0,2,42,10,54,58,0,58,112
07/25/2023,ARA,LA,ASW,CE,Federal Contract Tower,0,2,9,1,12,0,2,32,2,36,0,4,41,3,48,160,12,172,220
07/26/2023,ARA,LA,ASW,CE,Federal Contract Tower,2,0,2,8,12,1,3,26,5,35,3,3,28,13,47,58,2,60,107
07/27/2023,ARA,LA,ASW,CE,Federal Contract Tower,0,0,4,5,9,0,0,39,7,46,0,0,43,12,55,72,0,72,127
07/28/2023,ARA,LA,ASW,CE,Federal Contract Tower,0,0,12,6,18,0,4,36,0,40,0,4,48,6,58,86,2,88,146
07/29/2023,ARA,LA,ASW,CE,Federal Contract Tower,0,0,13,4,17,0,2,13,3,18,0,2,26,7,35,2,28,30,65
07/30/2023,ARA,LA,ASW,CE,Federal Contract Tower,0,0,0,0,0,0,2,7,0,9,0,2,7,0,9,66,0,66,75
07/31/2023,ARA,LA,ASW,CE,Federal Contract Tower,1,0,11,18,30,0,0,36,1,37,1,0,47,19,67,6,6,12,79
08/01/2023,ARA,LA,ASW,CE,Federal Contract Tower,0,0,5,4,9,0,3,19,1,23,0,3,24,5,32,110,0,110,142
08/02/2023,ARA,LA,ASW,CE,Federal Contract Tower,0,0,6,2,8,0,5,25,0,30,0,5,31,2,38,36,0,36,74
08/03/2023,ARA,LA,ASW,CE,Federal Contract Tower,0,0,4,9,13,0,2,34,0,36,0,2,38,9,49,134,0,134,183
08/04/2023,ARA,LA,ASW,CE,Federal Contract Tower,0,0,2,6,8,0,0,26,5,31,0,0,28,11,39,62,4,66,105
08/05/2023,ARA,LA,ASW,CE,Federal Contract Tower,0,0,3,0,3,0,0,20,0,20,0,0,23,0,23,0,0,0,23
08/06/2023,ARA,LA,ASW,CE,Federal Contract Tower,0,0,2,0,2,0,0,17,0,17,0,0,19,0,19,6,0,6,25
08/07/2023,ARA,LA,ASW,CE,Federal Contract Tower,0,0,5,13,18,0,0,7,6,13,0,0,12,19,31,30,0,30,61
08/08/2023,ARA,LA,ASW,CE,Federal Contract Tower,0,0,5,1,6,0,3,29,2,34,0,3,34,3,40,42,0,42,82
08/09/2023,ARA,LA,ASW,CE,Federal Contract Tower,0,0,5,0,5,0,0,18,0,18,0,0,23,0,23,58,0,58,81
08/10/2023,ARA,LA,ASW,CE,Federal Contract Tower,2,0,12,8,22,0,0,29,0,29,2,0,41,8,51,6,0,6,57
08/11/2023,ARA,LA,ASW,CE,Federal Contract Tower,0,0,9,4,13,0,3,34,1,38,0,3,43,5,51,86,2,88,139
08/12/2023,ARA,LA,ASW,CE,Federal Contract Tower,0,0,3,0,3,0,0,28,0,28,0,0,31,0,31,26,0,26,57
08/13/2023,ARA,LA,ASW,CE,Federal Contract Tower,0,0,2,0,2,0,2,11,0,13,0,2,13,0,15,70,0,70,85
08/14/2023,ARA,LA,ASW,CE,Federal Contract Tower,0,0,3,0,3,0,3,16,0,19,0,3,19,0,22,50,0,50,72
08/15/2023,ARA,LA,ASW,CE,Federal Contract Tower,0,0,6,5,11,0,2,24,1,27,0,2,30,6,38,60,0,60,98
08/16/2023,ARA,LA,ASW,CE,Federal Contract Tower,0,0,7,4,11,0,0,36,0,36,0,0,43,4,47,8,8,16,63
08/17/2023,ARA,LA,ASW,CE,Federal Contract Tower,0,1,5,1,7,0,5,46,1,52,0,6,51,2,59,54,0,54,113
08/18/2023,ARA,LA,ASW,CE,Federal Contract Tower,2,0,12,3,17,0,0,42,5,47,2,0,54,8,64,106,2,108,172
08/19/2023,ARA,LA,ASW,CE,Federal Contract Tower,2,4,11,2,19,0,3,24,1,28,2,7,35,3,47,64,0,64,111
08/20/2023,ARA,LA,ASW,CE,Federal Contract Tower,0,0,2,6,8,0,0,12,0,12,0,0,14,6,20,34,0,34,54
08/21/2023,ARA,LA,ASW,CE,Federal Contract Tower,0,0,9,1,10,0,3,12,1,16,0,3,21,2,26,40,0,40,66
08/22/2023,ARA,LA,ASW,CE,Federal Contract Tower,0,2,10,2,14,0,0,16,0,16,0,2,26,2,30,26,0,26,56
08/23/2023,ARA,LA,ASW,CE,Federal Contract Tower,0,0,5,4,9,0,0,49,2,51,0,0,54,6,60,54,4,58,118
08/24/2023,ARA,LA,ASW,CE,Federal Contract Tower,0,0,8,4,12,0,0,32,1,33,0,0,40,5,45,16,2,18,63
08/25/2023,ARA,LA,ASW,CE,Federal Contract Tower,0,0,5,3,8,0,1,24,0,25,0,1,29,3,33,40,2,42,75
08/26/2023,ARA,LA,ASW,CE,Federal Contract Tower,0,0,6,0,6,0,5,12,0,17,0,5,18,0,23,74,0,74,97
08/27/2023,ARA,LA,ASW,CE,Federal Contract Tower,0,0,3,11,14,0,9,19,2,30,0,9,22,13,44,172,0,172,216
08/28/2023,ARA,LA,ASW,CE,Federal Contract Tower,2,0,9,10,21,0,2,16,0,18,2,2,25,10,39,70,0,70,109
08/29/2023,ARA,LA,ASW,CE,Federal Contract Tower,0,14,1,0,15,0,4,20,1,25,0,18,21,1,40,52,10,62,102
08/30/2023,ARA,LA,ASW,CE,Federal Contract Tower,0,0,4,9,13,0,16,37,0,53,0,16,41,9,66,122,0,122,188
08/31/2023,ARA,LA,ASW,CE,Federal Contract Tower,1,0,7,10,18,0,3,27,2,32,1,3,34,12,50,10,4,14,64
01/01/2020,ARA,LA,ASW,CE,Federal Contract Tower,0,0,0,0,0,0,59,6,0,65,0,59,6,0,65,6,0,6,71
01/02/2020,ARA,LA,ASW,CE,Federal Contract Tower,1,1,3,0,5,0,0,0,0,0,1,1,3,0,5,4,0,4,9
01/03/2020,ARA,LA,ASW,CE,Federal Contract Tower,1,0,2,0,3,0,40,9,0,49,1,40,11,0,52,26,0,26,78
01/04/2020,ARA,LA,ASW,CE,Federal Contract Tower,0,0,7,0,7,0,45,45,0,90,0,45,52,0,97,66,0,66,163
01/05/2020,ARA,LA,ASW,CE,Federal Contract Tower,0,2,5,0,7,0,32,25,0,57,0,34,30,0,64,32,0,32,96
01/06/2020,ARA,LA,ASW,CE,Federal Contract Tower,0,0,6,12,18,0,51,11,1,63,0,51,17,13,81,96,8,104,185
01/08/2020,ARA,LA,ASW,CE,Federal Contract Tower,0,0,3,6,9,0,70,28,0,98,0,70,31,6,107,96,0,96,203
01/09/2020,ARA,LA,ASW,CE,Federal Contract Tower,0,0,4,5,9,0,70,7,6,83,0,70,11,11,92,32,0,32,124
01/10/2020,ARA,LA,ASW,CE,Federal Contract Tower,2,1,0,7,10,0,22,8,3,33,2,23,8,10,43,36,10,46,89
01/11/2020,ARA,LA,ASW,CE,Federal Contract Tower,0,0,3,0,3,0,24,2,0,26,0,24,5,0,29,10,0,10,39
01/12/2020,ARA,LA,ASW,CE,Federal Contract Tower,0,9,5,1,15,0,20,12,1,33,0,29,17,2,48,34,0,34,82
01/13/2020,ARA,LA,ASW,CE,Federal Contract Tower,0,0,0,0,0,0,0,0,0,0,0,0,0,0,0,0,0,0,0
01/14/2020,ARA,LA,ASW,CE,Federal Contract Tower,1,2,3,0,6,0,34,2,2,38,1,36,5,2,44,150,0,150,194
01/15/2020,ARA,LA,ASW,CE,Federal Contract Tower,0,3,1,2,6,0,29,13,0,42,0,32,14,2,48,98,0,98,146
01/16/2020,ARA,LA,ASW,CE,Federal Contract Tower,0,0,9,0,9,0,2,3,0,5,0,2,12,0,14,44,0,44,58
01/17/2020,ARA,LA,ASW,CE,Federal Contract Tower,0,0,8,4,12,0,47,36,2,85,0,47,44,6,97,70,0,70,167
01/18/2020,ARA,LA,ASW,CE,Federal Contract Tower,0,3,8,0,11,0,2,0,1,3,0,5,8,1,14,0,0,0,14
01/19/2020,ARA,LA,ASW,CE,Federal Contract Tower,1,0,2,2,5,0,46,4,0,50,1,46,6,2,55,54,0,54,109
01/20/2020,ARA,LA,ASW,CE,Federal Contract Tower,0,2,6,9,17,0,44,17,0,61,0,46,23,9,78,122,0,122,200
01/21/2020,ARA,LA,ASW,CE,Federal Contract Tower,0,2,4,4,10,0,80,27,0,107,0,82,31,4,117,164,2,166,283
01/22/2020,ARA,LA,ASW,CE,Federal Contract Tower,0,2,3,6,11,0,85,12,0,97,0,87,15,6,108,178,4,182,290
01/23/2020,ARA,LA,ASW,CE,Federal Contract Tower,0,2,1,0,3,0,33,6,0,39,0,35,7,0,42,58,0,58,100
01/24/2020,ARA,LA,ASW,CE,Federal Contract Tower,0,0,7,28,35,0,57,51,4,112,0,57,58,32,147,112,8,120,267
01/25/2020,ARA,LA,ASW,CE,Federal Contract Tower,0,0,4,0,4,0,31,41,0,72,0,31,45,0,76,42,0,42,118
01/26/2020,ARA,LA,ASW,CE,Federal Contract Tower,0,3,2,0,5,0,0,0,0,0,0,3,2,0,5,0,0,0,5
01/27/2020,ARA,LA,ASW,CE,Federal Contract Tower,1,1,4,4,10,0,49,44,0,93,1,50,48,4,103,150,0,150,253
01/28/2020,ARA,LA,ASW,CE,Federal Contract Tower,1,1,3,2,7,0,46,32,0,78,1,47,35,2,85,102,2,104,189
01/29/2020,ARA,LA,ASW,CE,Federal Contract Tower,0,5,6,6,17,0,59,10,1,70,0,64,16,7,87,58,0,58,145
01/30/2020,ARA,LA,ASW,CE,Federal Contract Tower,0,6,5,6,17,0,62,15,1,78,0,68,20,7,95,80,0,80,175
01/31/2020,ARA,LA,ASW,CE,Federal Contract Tower,0,6,11,5,22,0,40,11,1,52,0,46,22,6,74,48,4,52,126
02/01/2020,ARA,LA,ASW,CE,Federal Contract Tower,2,1,2,0,5,0,33,21,0,54,2,34,23,0,59,86,4,90,149
02/02/2020,ARA,LA,ASW,CE,Federal Contract Tower,0,1,2,4,7,0,35,16,2,53,0,36,18,6,60,94,0,94,154
02/03/2020,ARA,LA,ASW,CE,Federal Contract Tower,0,0,6,16,22,0,61,42,0,103,0,61,48,16,125,234,32,266,391
02/04/2020,ARA,LA,ASW,CE,Federal Contract Tower,0,0,2,1,3,0,55,11,0,66,0,55,13,1,69,74,0,74,143
02/05/2020,ARA,LA,ASW,CE,Federal Contract Tower,0,5,0,0,5,0,4,0,0,4,0,9,0,0,9,0,0,0,9
02/06/2020,ARA,LA,ASW,CE,Federal Contract Tower,0,2,3,3,8,0,59,9,3,71,0,61,12,6,79,48,2,50,129
02/07/2020,ARA,LA,ASW,CE,Federal Contract Tower,0,0,7,18,25,0,48,31,5,84,0,48,38,23,109,72,4,76,185
02/08/2020,ARA,LA,ASW,CE,Federal Contract Tower,0,1,11,4,16,0,67,22,5,94,0,68,33,9,110,87,4,91,201
02/09/2020,ARA,LA,ASW,CE,Federal Contract Tower,0,0,3,2,5,0,38,9,0,47,0,38,12,2,52,24,0,24,76
02/10/2020,ARA,LA,ASW,CE,Federal Contract Tower,1,3,4,0,8,0,2,0,0,2,1,5,4,0,10,0,0,0,10
02/11/2020,ARA,LA,ASW,CE,Federal Contract Tower,0,0,8,0,8,0,13,30,2,45,0,13,38,2,53,176,0,176,229
02/13/2020,ARA,LA,ASW,CE,Federal Contract Tower,0,1,5,16,22,0,77,49,0,126,0,78,54,16,148,158,0,158,306
02/14/2020,ARA,LA,ASW,CE,Federal Contract Tower,2,1,12,6,21,0,44,26,1,71,2,45,38,7,92,134,2,136,228
02/15/2020,ARA,LA,ASW,CE,Federal Contract Tower,0,0,1,0,1,0,43,31,1,75,0,43,32,1,76,82,0,82,158
02/16/2020,ARA,LA,ASW,CE,Federal Contract Tower,0,1,0,0,1,0,8,0,0,8,0,9,0,0,9,40,0,40,49
02/17/2020,ARA,LA,ASW,CE,Federal Contract Tower,0,1,5,0,6,0,0,0,0,0,0,1,5,0,6,0,0,0,6
02/18/2020,ARA,LA,ASW,CE,Federal Contract Tower,0,4,6,2,12,0,14,26,0,40,0,18,32,2,52,148,0,148,200
02/19/2020,ARA,LA,ASW,CE,Federal Contract Tower,0,7,6,0,13,0,8,8,0,16,0,15,14,0,29,54,0,54,83
02/20/2020,ARA,LA,ASW,CE,Federal Contract Tower,0,6,1,0,7,0,11,0,0,11,0,17,1,0,18,68,0,68,86
02/21/2020,ARA,LA,ASW,CE,Federal Contract Tower,2,0,15,25,42,0,51,51,1,103,2,51,66,26,145,207,10,217,362
02/22/2020,ARA,LA,ASW,CE,Federal Contract Tower,0,0,4,14,18,0,43,28,1,72,0,43,32,15,90,68,22,90,180
02/23/2020,ARA,LA,ASW,CE,Federal Contract Tower,0,0,5,0,5,0,31,11,0,42,0,31,16,0,47,62,0,62,109
02/24/2020,ARA,LA,ASW,CE,Federal Contract Tower,0,0,10,1,11,0,23,3,1,27,0,23,13,2,38,12,0,12,50
02/25/2020,ARA,LA,ASW,CE,Federal Contract Tower,0,3,0,0,3,0,69,13,1,83,0,72,13,1,86,206,2,208,294
02/26/2020,ARA,LA,ASW,CE,Federal Contract Tower,0,1,6,3,10,0,87,11,3,101,0,88,17,6,111,120,6,126,237
02/27/2020,ARA,LA,ASW,CE,Federal Contract Tower,0,0,3,0,3,0,81,69,0,150,0,81,72,0,153,266,0,266,419
02/28/2020,ARA,LA,ASW,CE,Federal Contract Tower,0,0,5,32,37,0,48,41,3,92,0,48,46,35,129,99,8,107,236
02/29/2020,ARA,LA,ASW,CE,Federal Contract Tower,2,1,1,0,4,0,41,36,0,77,2,42,37,0,81,108,0,108,189
03/01/2020,ARA,LA,ASW,CE,Federal Contract Tower,0,0,7,0,7,0,47,13,0,60,0,47,20,0,67,27,0,27,94
03/02/2020,ARA,LA,ASW,CE,Federal Contract Tower,0,0,6,15,21,0,52,4,0,56,0,52,10,15,77,118,3,121,198
03/03/2020,ARA,LA,ASW,CE,Federal Contract Tower,0,1,6,4,11,0,40,15,0,55,0,41,21,4,66,36,0,36,102
03/04/2020,ARA,LA,ASW,CE,Federal Contract Tower,0,2,4,0,6,0,8,1,0,9,0,10,5,0,15,0,0,0,15
03/05/2020,ARA,LA,ASW,CE,Federal Contract Tower,2,0,2,1,5,0,82,23,4,109,2,82,25,5,114,158,0,158,272
03/06/2020,ARA,LA,ASW,CE,Federal Contract Tower,0,0,6,16,22,0,62,41,1,104,0,62,47,17,126,226,12,238,364
03/07/2020,ARA,LA,ASW,CE,Federal Contract Tower,0,0,3,2,5,0,40,19,1,60,0,40,22,3,65,40,2,42,107
03/08/2020,ARA,LA,ASW,CE,Federal Contract Tower,0,0,1,0,1,0,55,3,0,58,0,55,4,0,59,40,0,40,99
03/09/2020,ARA,LA,ASW,CE,Federal Contract Tower,0,0,1,22,23,0,37,9,0,46,0,37,10,22,69,106,8,114,183
03/10/2020,ARA,LA,ASW,CE,Federal Contract Tower,0,11,5,0,16,0,24,22,0,46,0,35,27,0,62,82,0,82,144
03/11/2020,ARA,LA,ASW,CE,Federal Contract Tower,0,2,11,0,13,0,33,28,0,61,0,35,39,0,74,138,0,138,212
03/12/2020,ARA,LA,ASW,CE,Federal Contract Tower,0,2,8,4,14,0,56,33,0,89,0,58,41,4,103,202,0,202,305
03/13/2020,ARA,LA,ASW,CE,Federal Contract Tower,2,1,3,5,11,0,34,18,0,52,2,35,21,5,63,94,0,94,157
03/14/2020,ARA,LA,ASW,CE,Federal Contract Tower,0,0,3,1,4,0,1,11,1,13,0,1,14,2,17,36,4,40,57
03/15/2020,ARA,LA,ASW,CE,Federal Contract Tower,0,0,1,3,4,0,34,19,0,53,0,34,20,3,57,51,2,53,110
03/16/2020,ARA,LA,ASW,CE,Federal Contract Tower,0,0,4,0,4,0,32,18,0,50,0,32,22,0,54,65,0,65,119
03/17/2020,ARA,LA,ASW,CE,Federal Contract Tower,0,0,2,0,2,0,33,13,0,46,0,33,15,0,48,44,0,44,92
03/18/2020,ARA,LA,ASW,CE,Federal Contract Tower,0,0,1,0,1,0,62,18,0,80,0,62,19,0,81,156,0,156,237
03/19/2020,ARA,LA,ASW,CE,Federal Contract Tower,1,4,2,0,7,0,39,5,0,44,1,43,7,0,51,88,0,88,139
03/20/2020,ARA,LA,ASW,CE,Federal Contract Tower,0,0,0,0,0,0,22,2,0,24,0,22,2,0,24,108,0,108,132
03/21/2020,ARA,LA,ASW,CE,Federal Contract Tower,0,1,0,0,1,0,63,5,0,68,0,64,5,0,69,4,0,4,73
03/22/2020,ARA,LA,ASW,CE,Federal Contract Tower,0,2,5,0,7,0,20,4,2,26,0,22,9,2,33,38,8,46,79
03/23/2020,ARA,LA,ASW,CE,Federal Contract Tower,0,8,2,0,10,0,31,12,0,43,0,39,14,0,53,46,0,46,99
03/24/2020,ARA,LA,ASW,CE,Federal Contract Tower,0,0,8,4,12,0,57,8,0,65,0,57,16,4,77,66,10,76,153
03/25/2020,ARA,LA,ASW,CE,Federal Contract Tower,0,0,3,0,3,0,69,38,0,107,0,69,41,0,110,62,0,62,172
03/26/2020,ARA,LA,ASW,CE,Federal Contract Tower,1,0,0,0,1,0,45,29,0,74,1,45,29,0,75,116,0,116,191
03/27/2020,ARA,LA,ASW,CE,Federal Contract Tower,0,0,2,0,2,0,7,25,0,32,0,7,27,0,34,78,0,78,112
03/28/2020,ARA,LA,ASW,CE,Federal Contract Tower,0,0,0,0,0,0,9,4,0,13,0,9,4,0,13,0,0,0,13
03/29/2020,ARA,LA,ASW,CE,Federal Contract Tower,0,0,1,0,1,0,43,7,0,50,0,43,8,0,51,46,0,46,97
03/30/2020,ARA,LA,ASW,CE,Federal Contract Tower,0,0,2,0,2,0,26,13,0,39,0,26,15,0,41,18,0,18,59
03/31/2020,ARA,LA,ASW,CE,Federal Contract Tower,0,0,1,1,2,0,47,8,0,55,0,47,9,1,57,4,0,4,61
04/01/2020,ARA,LA,ASW,CE,Federal Contract Tower,2,0,0,0,2,0,37,17,0,54,2,37,17,0,56,16,0,16,72
04/02/2020,ARA,LA,ASW,CE,Federal Contract Tower,0,1,2,0,3,0,40,6,0,46,0,41,8,0,49,30,0,30,79
04/03/2020,ARA,LA,ASW,CE,Federal Contract Tower,0,0,0,5,5,0,26,23,1,50,0,26,23,6,55,68,0,68,123
04/04/2020,ARA,LA,ASW,CE,Federal Contract Tower,0,0,0,0,0,0,16,6,0,22,0,16,6,0,22,2,0,2,24
04/05/2020,ARA,LA,ASW,CE,Federal Contract Tower,0,0,0,0,0,0,21,8,0,29,0,21,8,0,29,10,0,10,39
04/06/2020,ARA,LA,ASW,CE,Federal Contract Tower,0,0,0,0,0,0,18,10,0,28,0,18,10,0,28,27,0,27,55
04/07/2020,ARA,LA,ASW,CE,Federal Contract Tower,0,4,5,0,9,0,49,12,0,61,0,53,17,0,70,110,0,110,180
04/08/2020,ARA,LA,ASW,CE,Federal Contract Tower,0,2,1,1,4,0,32,12,5,49,0,34,13,6,53,30,0,30,83
04/09/2020,ARA,LA,ASW,CE,Federal Contract Tower,0,1,0,0,1,0,47,10,0,57,0,48,10,0,58,60,0,60,118
04/10/2020,ARA,LA,ASW,CE,Federal Contract Tower,1,0,1,0,2,0,18,6,0,24,1,18,7,0,26,16,0,16,42
04/11/2020,ARA,LA,ASW,CE,Federal Contract Tower,0,0,0,0,0,0,10,14,0,24,0,10,14,0,24,6,0,6,30
04/12/2020,ARA,LA,ASW,CE,Federal Contract Tower,0,0,0,0,0,0,11,0,0,11,0,11,0,0,11,0,0,0,11
04/13/2020,ARA,LA,ASW,CE,Federal Contract Tower,0,0,0,0,0,0,23,13,0,36,0,23,13,0,36,25,0,25,61
04/14/2020,ARA,LA,ASW,CE,Federal Contract Tower,0,1,3,0,4,0,38,9,2,49,0,39,12,2,53,28,0,28,81
04/15/2020,ARA,LA,ASW,CE,Federal Contract Tower,0,0,0,2,2,0,41,15,2,58,0,41,15,4,60,84,0,84,144
04/16/2020,ARA,LA,ASW,CE,Federal Contract Tower,2,0,3,0,5,0,29,24,0,53,2,29,27,0,58,84,0,84,142
04/17/2020,ARA,LA,ASW,CE,Federal Contract Tower,0,0,3,0,3,0,32,15,0,47,0,32,18,0,50,96,0,96,146
04/18/2020,ARA,LA,ASW,CE,Federal Contract Tower,0,0,0,0,0,0,22,7,0,29,0,22,7,0,29,82,0,82,111
04/19/2020,ARA,LA,ASW,CE,Federal Contract Tower,0,0,0,0,0,0,8,1,0,9,0,8,1,0,9,2,0,2,11
04/20/2020,ARA,LA,ASW,CE,Federal Contract Tower,0,0,3,0,3,0,12,18,0,30,0,12,21,0,33,36,0,36,69
04/21/2020,ARA,LA,ASW,CE,Federal Contract Tower,0,0,5,0,5,0,40,29,0,69,0,40,34,0,74,38,0,38,112
04/22/2020,ARA,LA,ASW,CE,Federal Contract Tower,0,0,1,0,1,0,31,19,0,50,0,31,20,0,51,128,0,128,179
04/23/2020,ARA,LA,ASW,CE,Federal Contract Tower,0,0,2,0,2,0,25,6,0,31,0,25,8,0,33,26,0,26,59
04/24/2020,ARA,LA,ASW,CE,Federal Contract Tower,1,0,4,0,5,0,31,24,0,55,1,31,28,0,60,56,0,56,116
04/25/2020,ARA,LA,ASW,CE,Federal Contract Tower,0,0,0,0,0,0,6,19,0,25,0,6,19,0,25,20,0,20,45
04/26/2020,ARA,LA,ASW,CE,Federal Contract Tower,0,0,1,4,5,0,16,14,0,30,0,16,15,4,35,76,0,76,111
04/27/2020,ARA,LA,ASW,CE,Federal Contract Tower,0,0,3,0,3,0,14,13,0,27,0,14,16,0,30,0,0,0,30
04/28/2020,ARA,LA,ASW,CE,Federal Contract Tower,0,0,5,0,5,0,24,11,0,35,0,24,16,0,40,24,0,24,64
04/29/2020,ARA,LA,ASW,CE,Federal Contract Tower,0,0,2,0,2,0,37,0,0,37,0,37,2,0,39,30,0,30,69
04/30/2020,ARA,LA,ASW,CE,Federal Contract Tower,0,0,9,0,9,0,29,21,0,50,0,29,30,0,59,42,0,42,101
05/01/2020,ARA,LA,ASW,CE,Federal Contract Tower,1,0,4,0,5,0,21,43,0,64,1,21,47,0,69,50,0,50,119
05/02/2020,ARA,LA,ASW,CE,Federal Contract Tower,0,0,1,0,1,0,14,30,0,44,0,14,31,0,45,20,0,20,65
05/03/2020,ARA,LA,ASW,CE,Federal Contract Tower,0,0,2,0,2,0,19,27,0,46,0,19,29,0,48,90,0,90,138
05/04/2020,ARA,LA,ASW,CE,Federal Contract Tower,0,0,4,0,4,0,4,10,0,14,0,4,14,0,18,24,0,24,42
05/05/2020,ARA,LA,ASW,CE,Federal Contract Tower,0,0,6,0,6,0,21,15,0,36,0,21,21,0,42,52,0,52,94
05/06/2020,ARA,LA,ASW,CE,Federal Contract Tower,0,0,2,0,2,0,9,13,2,24,0,9,15,2,26,26,0,26,52
05/07/2020,ARA,LA,ASW,CE,Federal Contract Tower,0,0,4,0,4,0,9,23,0,32,0,9,27,0,36,56,0,56,92
05/08/2020,ARA,LA,ASW,CE,Federal Contract Tower,0,0,1,0,1,0,7,5,0,12,0,7,6,0,13,26,0,26,39
05/09/2020,ARA,LA,ASW,CE,Federal Contract Tower,0,0,5,0,5,0,4,4,0,8,0,4,9,0,13,32,0,32,45
05/10/2020,ARA,LA,ASW,CE,Federal Contract Tower,0,0,1,0,1,0,7,18,0,25,0,7,19,0,26,36,0,36,62
05/11/2020,ARA,LA,ASW,CE,Federal Contract Tower,0,0,8,0,8,0,0,20,6,26,0,0,28,6,34,32,0,32,66
05/12/2020,ARA,LA,ASW,CE,Federal Contract Tower,2,0,3,0,5,0,19,32,0,51,2,19,35,0,56,20,0,20,76
05/13/2020,ARA,LA,ASW,CE,Federal Contract Tower,0,0,7,0,7,0,9,12,0,21,0,9,19,0,28,8,0,8,36
05/14/2020,ARA,LA,ASW,CE,Federal Contract Tower,0,2,8,0,10,0,21,3,0,24,0,23,11,0,34,26,0,26,60
05/15/2020,ARA,LA,ASW,CE,Federal Contract Tower,2,0,1,0,3,0,14,7,0,21,2,14,8,0,24,72,0,72,96
05/16/2020,ARA,LA,ASW,CE,Federal Contract Tower,0,0,1,0,1,0,10,6,0,16,0,10,7,0,17,18,0,18,35
05/17/2020,ARA,LA,ASW,CE,Federal Contract Tower,0,1,1,0,2,0,9,7,0,16,0,10,8,0,18,24,0,24,42
05/18/2020,ARA,LA,ASW,CE,Federal Contract Tower,0,0,1,0,1,0,6,40,0,46,0,6,41,0,47,154,0,154,201
05/19/2020,ARA,LA,ASW,CE,Federal Contract Tower,0,0,5,0,5,0,15,44,0,59,0,15,49,0,64,87,0,87,151
05/20/2020,ARA,LA,ASW,CE,Federal Contract Tower,0,0,2,0,2,0,9,20,0,29,0,9,22,0,31,38,0,38,69
05/21/2020,ARA,LA,ASW,CE,Federal Contract Tower,0,0,6,0,6,0,13,42,0,55,0,13,48,0,61,114,0,114,175
05/22/2020,ARA,LA,ASW,CE,Federal Contract Tower,0,1,6,1,8,0,13,20,0,33,0,14,26,1,41,92,0,92,133
05/23/2020,ARA,LA,ASW,CE,Federal Contract Tower,0,0,0,0,0,0,10,20,0,30,0,10,20,0,30,51,0,51,81
05/24/2020,ARA,LA,ASW,CE,Federal Contract Tower,0,0,4,0,4,0,3,11,0,14,0,3,15,0,18,30,0,30,48
05/25/2020,ARA,LA,ASW,CE,Federal Contract Tower,0,0,0,0,0,0,6,12,0,18,0,6,12,0,18,100,0,100,118
05/26/2020,ARA,LA,ASW,CE,Federal Contract Tower,1,0,5,0,6,0,17,14,0,31,1,17,19,0,37,188,0,188,225
05/27/2020,ARA,LA,ASW,CE,Federal Contract Tower,0,0,4,0,4,0,8,47,3,58,0,8,51,3,62,196,0,196,258
05/28/2020,ARA,LA,ASW,CE,Federal Contract Tower,0,0,2,0,2,0,12,24,4,40,0,12,26,4,42,130,0,130,172
05/29/2020,ARA,LA,ASW,CE,Federal Contract Tower,2,0,6,1,9,0,18,23,0,41,2,18,29,1,50,120,0,120,170
05/30/2020,ARA,LA,ASW,CE,Federal Contract Tower,0,0,8,0,8,0,11,15,0,26,0,11,23,0,34,10,0,10,44
05/31/2020,ARA,LA,ASW,CE,Federal Contract Tower,0,0,3,0,3,0,9,19,0,28,0,9,22,0,31,40,0,40,71
06/01/2020,ARA,LA,ASW,CE,Federal Contract Tower,0,0,9,0,9,0,11,32,0,43,0,11,41,0,52,70,0,70,122
06/02/2020,ARA,LA,ASW,CE,Federal Contract Tower,1,0,0,0,1,0,25,29,0,54,1,25,29,0,55,120,0,120,175
06/03/2020,ARA,LA,ASW,CE,Federal Contract Tower,0,0,2,0,2,0,11,23,2,36,0,11,25,2,38,126,0,126,164
06/04/2020,ARA,LA,ASW,CE,Federal Contract Tower,0,0,5,0,5,0,10,26,0,36,0,10,31,0,41,84,0,84,125
06/05/2020,ARA,LA,ASW,CE,Federal Contract Tower,0,0,6,0,6,0,4,29,0,33,0,4,35,0,39,32,0,32,71
06/06/2020,ARA,LA,ASW,CE,Federal Contract Tower,0,0,1,0,1,0,4,17,0,21,0,4,18,0,22,40,0,40,62
06/07/2020,ARA,LA,ASW,CE,Federal Contract Tower,0,0,0,0,0,0,0,2,0,2,0,0,2,0,2,6,0,6,8
06/08/2020,ARA,LA,ASW,CE,Federal Contract Tower,0,0,4,0,4,0,15,2,0,17,0,15,6,0,21,16,0,16,37
06/09/2020,ARA,LA,ASW,CE,Federal Contract Tower,0,0,2,0,2,0,22,11,0,33,0,22,13,0,35,196,0,196,231
06/10/2020,ARA,LA,ASW,CE,Federal Contract Tower,0,1,2,0,3,0,19,31,0,50,0,20,33,0,53,0,88,88,141
06/11/2020,ARA,LA,ASW,CE,Federal Contract Tower,1,0,6,0,7,0,11,26,0,37,1,11,32,0,44,30,0,30,74
06/12/2020,ARA,LA,ASW,CE,Federal Contract Tower,1,2,11,0,14,0,33,16,0,49,1,35,27,0,63,98,0,98,161
06/13/2020,ARA,LA,ASW,CE,Federal Contract Tower,0,0,7,0,7,0,8,13,0,21,0,8,20,0,28,34,0,34,62
06/14/2020,ARA,LA,ASW,CE,Federal Contract Tower,0,1,2,0,3,0,12,16,0,28,0,13,18,0,31,32,0,32,63
06/15/2020,ARA,LA,ASW,CE,Federal Contract Tower,0,3,5,0,8,0,8,23,0,31,0,11,28,0,39,64,0,64,103
06/16/2020,ARA,LA,ASW,CE,Federal Contract Tower,0,0,7,0,7,0,22,51,2,75,0,22,58,2,82,174,0,174,256
06/17/2020,ARA,LA,ASW,CE,Federal Contract Tower,0,0,3,1,4,0,13,26,0,39,0,13,29,1,43,58,0,58,101
06/18/2020,ARA,LA,ASW,CE,Federal Contract Tower,2,0,9,1,12,0,5,28,0,33,2,5,37,1,45,156,0,156,201
06/19/2020,ARA,LA,ASW,CE,Federal Contract Tower,0,0,7,0,7,0,18,30,5,53,0,18,37,5,60,65,0,65,125
06/20/2020,ARA,LA,ASW,CE,Federal Contract Tower,0,1,2,0,3,0,22,38,2,62,0,23,40,2,65,64,0,64,129
06/21/2020,ARA,LA,ASW,CE,Federal Contract Tower,0,0,0,0,0,0,11,13,0,24,0,11,13,0,24,24,0,24,48
06/22/2020,ARA,LA,ASW,CE,Federal Contract Tower,0,0,4,0,4,0,14,9,0,23,0,14,13,0,27,32,0,32,59
06/23/2020,ARA,LA,ASW,CE,Federal Contract Tower,0,0,3,0,3,0,26,21,2,49,0,26,24,2,52,106,0,106,158
06/24/2020,ARA,LA,ASW,CE,Federal Contract Tower,0,0,6,0,6,0,7,20,0,27,0,7,26,0,33,50,0,50,83
06/25/2020,ARA,LA,ASW,CE,Federal Contract Tower,0,0,5,0,5,0,14,10,0,24,0,14,15,0,29,40,0,40,69
06/26/2020,ARA,LA,ASW,CE,Federal Contract Tower,1,0,12,0,13,0,15,16,0,31,1,15,28,0,44,98,0,98,142
06/27/2020,ARA,LA,ASW,CE,Federal Contract Tower,0,0,5,0,5,0,9,10,0,19,0,9,15,0,24,8,0,8,32
06/28/2020,ARA,LA,ASW,CE,Federal Contract Tower,0,0,4,0,4,0,19,8,0,27,0,19,12,0,31,72,0,72,103
06/29/2020,ARA,LA,ASW,CE,Federal Contract Tower,0,0,3,3,6,0,12,20,1,33,0,12,23,4,39,80,0,80,119
06/30/2020,ARA,LA,ASW,CE,Federal Contract Tower,0,0,3,0,3,0,14,19,0,33,0,14,22,0,36,60,0,60,96
07/01/2020,ARA,LA,ASW,CE,Federal Contract Tower,0,2,4,1,7,0,18,27,0,45,0,20,31,1,52,128,0,128,180
07/02/2020,ARA,LA,ASW,CE,Federal Contract Tower,2,0,6,0,8,0,16,27,0,43,2,16,33,0,51,110,0,110,161
07/03/2020,ARA,LA,ASW,CE,Federal Contract Tower,0,0,3,0,3,0,4,11,0,15,0,4,14,0,18,38,0,38,56
07/04/2020,ARA,LA,ASW,CE,Federal Contract Tower,0,0,4,0,4,0,9,5,0,14,0,9,9,0,18,2,0,2,20
07/05/2020,ARA,LA,ASW,CE,Federal Contract Tower,0,0,4,0,4,0,1,2,0,3,0,1,6,0,7,6,0,6,13
07/06/2020,ARA,LA,ASW,CE,Federal Contract Tower,0,2,4,0,6,0,0,9,0,9,0,2,13,0,15,24,0,24,39
07/07/2020,ARA,LA,ASW,CE,Federal Contract Tower,0,0,2,0,2,0,18,3,0,21,0,18,5,0,23,12,0,12,35
07/08/2020,ARA,LA,ASW,CE,Federal Contract Tower,0,0,4,0,4,0,9,21,0,30,0,9,25,0,34,58,0,58,92
07/09/2020,ARA,LA,ASW,CE,Federal Contract Tower,3,0,2,0,5,0,17,20,4,41,3,17,22,4,46,108,0,108,154
07/10/2020,ARA,LA,ASW,CE,Federal Contract Tower,0,1,9,0,10,0,8,55,1,64,0,9,64,1,74,98,0,98,172
07/11/2020,ARA,LA,ASW,CE,Federal Contract Tower,0,0,0,0,0,0,11,9,0,20,0,11,9,0,20,14,0,14,34
07/12/2020,ARA,LA,ASW,CE,Federal Contract Tower,0,0,0,0,0,0,6,11,0,17,0,6,11,0,17,28,0,28,45
07/13/2020,ARA,LA,ASW,CE,Federal Contract Tower,0,0,3,2,5,0,8,18,0,26,0,8,21,2,31,82,2,84,115
07/14/2020,ARA,LA,ASW,CE,Federal Contract Tower,0,0,5,2,7,0,17,28,0,45,0,17,33,2,52,72,0,72,124
07/15/2020,ARA,LA,ASW,CE,Federal Contract Tower,0,0,3,0,3,0,16,25,0,41,0,16,28,0,44,122,0,122,166
07/16/2020,ARA,LA,ASW,CE,Federal Contract Tower,2,3,2,0,7,0,14,17,0,31,2,17,19,0,38,40,0,40,78
07/17/2020,ARA,LA,ASW,CE,Federal Contract Tower,0,0,2,0,2,0,11,27,0,38,0,11,29,0,40,66,0,66,106
07/18/2020,ARA,LA,ASW,CE,Federal Contract Tower,0,0,2,0,2,0,16,6,0,22,0,16,8,0,24,42,0,42,66
07/19/2020,ARA,LA,ASW,CE,Federal Contract Tower,0,1,5,0,6,0,15,17,0,32,0,16,22,0,38,16,0,16,54
07/20/2020,ARA,LA,ASW,CE,Federal Contract Tower,0,0,4,0,4,0,3,2,0,5,0,3,6,0,9,6,0,6,15
07/21/2020,ARA,LA,ASW,CE,Federal Contract Tower,0,0,3,0,3,0,17,32,0,49,0,17,35,0,52,62,0,62,114
07/22/2020,ARA,LA,ASW,CE,Federal Contract Tower,0,0,5,0,5,0,29,35,0,64,0,29,40,0,69,42,0,42,111
07/23/2020,ARA,LA,ASW,CE,Federal Contract Tower,1,0,5,0,6,0,16,31,0,47,1,16,36,0,53,74,0,74,127
07/24/2020,ARA,LA,ASW,CE,Federal Contract Tower,0,0,4,0,4,0,0,0,0,0,0,0,4,0,4,30,0,30,34
07/25/2020,ARA,LA,ASW,CE,Federal Contract Tower,0,1,3,0,4,0,0,0,0,0,0,1,3,0,4,0,0,0,4
07/26/2020,ARA,LA,ASW,CE,Federal Contract Tower,0,0,2,0,2,0,2,6,0,8,0,2,8,0,10,0,0,0,10
07/27/2020,ARA,LA,ASW,CE,Federal Contract Tower,1,0,6,0,7,0,6,4,0,10,1,6,10,0,17,0,0,0,17
07/28/2020,ARA,LA,ASW,CE,Federal Contract Tower,0,0,4,0,4,0,18,4,0,22,0,18,8,0,26,6,0,6,32
07/29/2020,ARA,LA,ASW,CE,Federal Contract Tower,0,0,6,0,6,0,15,19,0,34,0,15,25,0,40,114,0,114,154
07/30/2020,ARA,LA,ASW,CE,Federal Contract Tower,1,1,5,0,7,0,30,30,0,60,1,31,35,0,67,76,0,76,143
07/31/2020,ARA,LA,ASW,CE,Federal Contract Tower,0,0,9,1,10,0,14,10,2,26,0,14,19,3,36,28,0,28,64
08/01/2020,ARA,LA,ASW,CE,Federal Contract Tower,1,0,4,0,5,0,4,13,0,17,1,4,17,0,22,0,0,0,22
08/02/2020,ARA,LA,ASW,CE,Federal Contract Tower,0,1,5,0,6,0,10,14,0,24,0,11,19,0,30,32,0,32,62
08/03/2020,ARA,LA,ASW,CE,Federal Contract Tower,0,0,6,0,6,0,18,27,0,45,0,18,33,0,51,40,0,40,91
08/04/2020,ARA,LA,ASW,CE,Federal Contract Tower,0,0,4,0,4,0,14,26,0,40,0,14,30,0,44,106,0,106,150
08/05/2020,ARA,LA,ASW,CE,Federal Contract Tower,0,0,7,1,8,0,9,21,2,32,0,9,28,3,40,60,4,64,104
08/06/2020,ARA,LA,ASW,CE,Federal Contract Tower,2,4,1,2,9,0,27,23,1,51,2,31,24,3,60,24,0,24,84
08/07/2020,ARA,LA,ASW,CE,Federal Contract Tower,0,2,7,0,9,0,15,27,0,42,0,17,34,0,51,32,0,32,83
08/08/2020,ARA,LA,ASW,CE,Federal Contract Tower,0,0,0,0,0,0,17,12,4,33,0,17,12,4,33,32,2,34,67
08/09/2020,ARA,LA,ASW,CE,Federal Contract Tower,0,0,3,0,3,0,10,11,0,21,0,10,14,0,24,6,0,6,30
08/10/2020,ARA,LA,ASW,CE,Federal Contract Tower,0,0,3,0,3,0,21,34,0,55,0,21,37,0,58,48,0,48,106
08/11/2020,ARA,LA,ASW,CE,Federal Contract Tower,0,0,7,2,9,0,19,28,2,49,0,19,35,4,58,78,0,78,136
08/12/2020,ARA,LA,ASW,CE,Federal Contract Tower,0,0,7,0,7,0,12,23,0,35,0,12,30,0,42,100,0,100,142
08/13/2020,ARA,LA,ASW,CE,Federal Contract Tower,0,0,1,0,1,0,15,19,0,34,0,15,20,0,35,48,0,48,83
08/14/2020,ARA,LA,ASW,CE,Federal Contract Tower,0,0,3,0,3,0,26,13,0,39,0,26,16,0,42,78,0,78,120
08/15/2020,ARA,LA,ASW,CE,Federal Contract Tower,0,0,0,0,0,0,6,13,0,19,0,6,13,0,19,12,0,12,31
08/16/2020,ARA,LA,ASW,CE,Federal Contract Tower,1,0,6,4,11,0,6,20,0,26,1,6,26,4,37,8,4,12,49
08/17/2020,ARA,LA,ASW,CE,Federal Contract Tower,0,0,2,2,4,0,11,21,1,33,0,11,23,3,37,38,0,38,75
08/18/2020,ARA,LA,ASW,CE,Federal Contract Tower,0,0,16,0,16,0,13,31,0,44,0,13,47,0,60,36,0,36,96
08/19/2020,ARA,LA,ASW,CE,Federal Contract Tower,1,0,7,0,8,0,18,41,2,61,1,18,48,2,69,46,0,46,115
08/20/2020,ARA,LA,ASW,CE,Federal Contract Tower,2,0,12,0,14,0,13,30,17,60,2,13,42,17,74,48,4,52,126
08/21/2020,ARA,LA,ASW,CE,Federal Contract Tower,0,0,5,0,5,0,40,24,2,66,0,40,29,2,71,128,0,128,199
08/22/2020,ARA,LA,ASW,CE,Federal Contract Tower,0,0,0,1,1,0,24,22,0,46,0,24,22,1,47,8,0,8,55
08/23/2020,ARA,LA,ASW,CE,Federal Contract Tower,0,0,6,0,6,0,30,11,0,41,0,30,17,0,47,14,0,14,61
08/24/2020,ARA,LA,ASW,CE,Federal Contract Tower,0,0,2,0,2,0,4,8,0,12,0,4,10,0,14,0,0,0,14
08/25/2020,ARA,LA,ASW,CE,Federal Contract Tower,0,0,2,0,2,0,10,2,0,12,0,10,4,0,14,0,0,0,14
08/26/2020,ARA,LA,ASW,CE,Federal Contract Tower,0,0,0,0,0,0,0,0,0,0,0,0,0,0,0,0,0,0,0
08/27/2020,ARA,LA,ASW,CE,Federal Contract Tower,0,0,1,0,1,0,14,9,19,42,0,14,10,19,43,0,0,0,43
08/28/2020,ARA,LA,ASW,CE,Federal Contract Tower,0,7,12,0,19,0,40,25,9,74,0,47,37,9,93,4,0,4,97
08/29/2020,ARA,LA,ASW,CE,Federal Contract Tower,0,1,4,0,5,0,21,14,2,37,0,22,18,2,42,0,0,0,42
08/30/2020,ARA,LA,ASW,CE,Federal Contract Tower,0,2,4,0,6,0,20,6,0,26,0,22,10,0,32,0,0,0,32
08/31/2020,ARA,LA,ASW,CE,Federal Contract Tower,0,2,1,4,7,0,19,16,0,35,0,21,17,4,42,72,0,72,114
09/01/2020,ARA,LA,ASW,CE,Federal Contract Tower,0,1,15,0,16,0,22,45,2,69,0,23,60,2,85,66,0,66,151
09/02/2020,ARA,LA,ASW,CE,Federal Contract Tower,0,2,9,0,11,0,21,39,0,60,0,23,48,0,71,90,0,90,161
09/03/2020,ARA,LA,ASW,CE,Federal Contract Tower,0,4,1,3,8,0,17,31,1,49,0,21,32,4,57,58,0,58,115
09/04/2020,ARA,LA,ASW,CE,Federal Contract Tower,0,0,10,0,10,0,21,27,0,48,0,21,37,0,58,54,0,54,112
09/05/2020,ARA,LA,ASW,CE,Federal Contract Tower,2,0,4,2,8,0,12,27,0,39,2,12,31,2,47,10,0,10,57
09/06/2020,ARA,LA,ASW,CE,Federal Contract Tower,0,0,5,0,5,0,15,31,0,46,0,15,36,0,51,6,0,6,57
09/07/2020,ARA,LA,ASW,CE,Federal Contract Tower,0,0,6,0,6,0,14,23,0,37,0,14,29,0,43,16,0,16,59
09/08/2020,ARA,LA,ASW,CE,Federal Contract Tower,2,0,6,8,16,0,23,25,1,49,2,23,31,9,65,110,0,110,175
09/09/2020,ARA,LA,ASW,CE,Federal Contract Tower,0,0,3,0,3,0,4,28,0,32,0,4,31,0,35,72,0,72,107
09/10/2020,ARA,LA,ASW,CE,Federal Contract Tower,0,4,6,9,19,0,17,40,0,57,0,21,46,9,76,58,0,58,134
09/11/2020,ARA,LA,ASW,CE,Federal Contract Tower,0,1,3,0,4,0,23,13,0,36,0,24,16,0,40,74,0,74,114
09/12/2020,ARA,LA,ASW,CE,Federal Contract Tower,0,0,3,0,3,0,12,9,0,21,0,12,12,0,24,8,0,8,32
09/13/2020,ARA,LA,ASW,CE,Federal Contract Tower,0,5,5,11,21,0,42,18,5,65,0,47,23,16,86,0,0,0,86
09/14/2020,ARA,LA,ASW,CE,Federal Contract Tower,0,7,5,18,30,0,23,11,10,44,0,30,16,28,74,68,0,68,142
09/15/2020,ARA,LA,ASW,CE,Federal Contract Tower,0,8,3,2,13,0,53,16,3,72,0,61,19,5,85,34,0,34,119
09/16/2020,ARA,LA,ASW,CE,Federal Contract Tower,1,2,4,0,7,0,30,22,7,59,1,32,26,7,66,84,0,84,150
09/17/2020,ARA,LA,ASW,CE,Federal Contract Tower,0,4,3,1,8,0,39,32,5,76,0,43,35,6,84,144,0,144,228
09/18/2020,ARA,LA,ASW,CE,Federal Contract Tower,0,0,8,2,10,0,2,17,0,19,0,2,25,2,29,86,0,86,115
09/19/2020,ARA,LA,ASW,CE,Federal Contract Tower,2,0,3,0,5,0,1,3,0,4,2,1,6,0,9,8,0,8,17
09/20/2020,ARA,LA,ASW,CE,Federal Contract Tower,0,0,2,0,2,0,0,0,0,0,0,0,2,0,2,0,0,0,2
09/21/2020,ARA,LA,ASW,CE,Federal Contract Tower,0,0,0,0,0,0,0,0,0,0,0,0,0,0,0,0,0,0,0
09/22/2020,ARA,LA,ASW,CE,Federal Contract Tower,0,0,0,0,0,0,12,2,0,14,0,12,2,0,14,0,0,0,14
09/23/2020,ARA,LA,ASW,CE,Federal Contract Tower,0,0,1,0,1,0,21,7,0,28,0,21,8,0,29,12,0,12,41
09/24/2020,ARA,LA,ASW,CE,Federal Contract Tower,0,0,7,6,13,0,29,11,0,40,0,29,18,6,53,72,0,72,125
09/25/2020,ARA,LA,ASW,CE,Federal Contract Tower,2,0,14,11,27,0,17,28,0,45,2,17,42,11,72,126,4,130,202
09/26/2020,ARA,LA,ASW,CE,Federal Contract Tower,0,2,2,12,16,0,5,16,6,27,0,7,18,18,43,12,14,26,69
09/27/2020,ARA,LA,ASW,CE,Federal Contract Tower,0,0,6,0,6,0,13,19,0,32,0,13,25,0,38,22,0,22,60
09/28/2020,ARA,LA,ASW,CE,Federal Contract Tower,0,0,2,0,2,0,12,3,0,15,0,12,5,0,17,6,0,6,23
09/29/2020,ARA,LA,ASW,CE,Federal Contract Tower,0,0,11,5,16,0,18,44,4,66,0,18,55,9,82,94,2,96,178
09/30/2020,ARA,LA,ASW,CE,Federal Contract Tower,0,0,7,4,11,0,10,63,2,75,0,10,70,6,86,34,0,34,120
10/01/2020,ARA,LA,ASW,CE,Federal Contract Tower,0,0,16,4,20,0,20,63,0,83,0,20,79,4,103,18,0,18,121
10/02/2020,ARA,LA,ASW,CE,Federal Contract Tower,2,0,19,3,24,0,12,40,5,57,2,12,59,8,81,20,4,24,105
10/03/2020,ARA,LA,ASW,CE,Federal Contract Tower,0,0,2,17,19,1,13,22,2,38,1,13,24,19,57,10,4,14,71
10/04/2020,ARA,LA,ASW,CE,Federal Contract Tower,0,0,2,0,2,0,9,15,2,26,0,9,17,2,28,22,2,24,52
10/05/2020,ARA,LA,ASW,CE,Federal Contract Tower,0,0,2,0,2,0,26,18,0,44,0,26,20,0,46,92,0,92,138
10/06/2020,ARA,LA,ASW,CE,Federal Contract Tower,0,0,0,12,12,0,34,43,1,78,0,34,43,13,90,100,4,104,194
10/07/2020,ARA,LA,ASW,CE,Federal Contract Tower,0,0,9,0,9,0,23,27,4,54,0,23,36,4,63,0,80,80,143
10/08/2020,ARA,LA,ASW,CE,Federal Contract Tower,0,2,7,0,9,0,3,4,0,7,0,5,11,0,16,34,0,34,50
10/10/2020,ARA,LA,ASW,CE,Federal Contract Tower,0,0,4,0,4,0,35,21,6,62,0,35,25,6,66,0,0,0,66
10/11/2020,ARA,LA,ASW,CE,Federal Contract Tower,0,0,7,1,8,0,24,19,0,43,0,24,26,1,51,16,0,16,67
10/12/2020,ARA,LA,ASW,CE,Federal Contract Tower,0,0,2,0,2,0,15,15,0,30,0,15,17,0,32,26,0,26,58
10/13/2020,ARA,LA,ASW,CE,Federal Contract Tower,1,0,13,6,20,0,20,9,0,29,1,20,22,6,49,12,4,16,65
10/14/2020,ARA,LA,ASW,CE,Federal Contract Tower,0,3,3,2,8,0,21,36,0,57,0,24,39,2,65,112,0,112,177
10/15/2020,ARA,LA,ASW,CE,Federal Contract Tower,0,2,6,3,11,0,19,36,0,55,0,21,42,3,66,72,0,72,138
10/16/2020,ARA,LA,ASW,CE,Federal Contract Tower,0,1,4,0,5,0,31,23,0,54,0,32,27,0,59,224,0,224,283
10/17/2020,ARA,LA,ASW,CE,Federal Contract Tower,0,0,4,0,4,0,9,51,0,60,0,9,55,0,64,6,0,6,70
10/18/2020,ARA,LA,ASW,CE,Federal Contract Tower,0,1,1,2,4,0,14,7,0,21,0,15,8,2,25,34,0,34,59
10/19/2020,ARA,LA,ASW,CE,Federal Contract Tower,0,0,7,2,9,0,13,27,1,41,0,13,34,3,50,62,2,64,114
10/20/2020,ARA,LA,ASW,CE,Federal Contract Tower,0,2,2,0,4,0,21,19,0,40,0,23,21,0,44,10,0,10,54
10/21/2020,ARA,LA,ASW,CE,Federal Contract Tower,2,0,4,8,14,0,11,20,1,32,2,11,24,9,46,56,2,58,104
10/22/2020,ARA,LA,ASW,CE,Federal Contract Tower,0,1,7,1,9,0,18,19,3,40,0,19,26,4,49,16,0,16,65
10/23/2020,ARA,LA,ASW,CE,Federal Contract Tower,0,0,5,2,7,0,11,8,0,19,0,11,13,2,26,114,0,114,140
10/24/2020,ARA,LA,ASW,CE,Federal Contract Tower,0,1,2,0,3,0,21,8,0,29,0,22,10,0,32,54,0,54,86
10/25/2020,ARA,LA,ASW,CE,Federal Contract Tower,0,0,1,0,1,0,23,20,0,43,0,23,21,0,44,48,0,48,92
10/26/2020,ARA,LA,ASW,CE,Federal Contract Tower,0,0,5,0,5,0,16,33,0,49,0,16,38,0,54,60,0,60,114
10/27/2020,ARA,LA,ASW,CE,Federal Contract Tower,2,0,8,6,16,0,17,16,10,43,2,17,24,16,59,88,0,88,147
10/28/2020,ARA,LA,ASW,CE,Federal Contract Tower,1,11,0,0,12,0,2,15,0,17,1,13,15,0,29,24,0,24,53
10/29/2020,ARA,LA,ASW,CE,Federal Contract Tower,0,14,2,6,22,0,39,37,10,86,0,53,39,16,108,30,0,30,138
10/30/2020,ARA,LA,ASW,CE,Federal Contract Tower,1,21,7,6,35,0,31,30,0,61,1,52,37,6,96,162,0,162,258
10/31/2020,ARA,LA,ASW,CE,Federal Contract Tower,0,13,3,0,16,0,25,28,0,53,0,38,31,0,69,28,0,28,97
11/01/2020,ARA,LA,ASW,CE,Federal Contract Tower,0,2,5,2,9,0,15,10,0,25,0,17,15,2,34,40,0,40,74
11/02/2020,ARA,LA,ASW,CE,Federal Contract Tower,0,2,11,9,22,0,5,35,2,42,0,7,46,11,64,78,0,78,142
11/03/2020,ARA,LA,ASW,CE,Federal Contract Tower,1,6,0,19,26,0,28,19,5,52,1,34,19,24,78,88,0,88,166
11/04/2020,ARA,LA,ASW,CE,Federal Contract Tower,0,6,2,12,20,0,21,34,5,60,0,27,36,17,80,198,0,198,278
11/05/2020,ARA,LA,ASW,CE,Federal Contract Tower,0,7,10,12,29,0,15,36,5,56,0,22,46,17,85,70,4,74,159
11/06/2020,ARA,LA,ASW,CE,Federal Contract Tower,0,0,7,5,12,0,18,43,2,63,0,18,50,7,75,170,0,170,245
11/07/2020,ARA,LA,ASW,CE,Federal Contract Tower,0,2,2,0,4,0,5,14,0,19,0,7,16,0,23,8,0,8,31
11/08/2020,ARA,LA,ASW,CE,Federal Contract Tower,0,3,1,0,4,0,0,1,0,1,0,3,2,0,5,4,0,4,9
11/09/2020,ARA,LA,ASW,CE,Federal Contract Tower,0,2,3,1,6,0,2,23,1,26,0,4,26,2,32,40,0,40,72
11/10/2020,ARA,LA,ASW,CE,Federal Contract Tower,0,4,3,33,40,0,1,23,0,24,0,5,26,33,64,28,26,54,118
11/11/2020,ARA,LA,ASW,CE,Federal Contract Tower,0,12,3,1,16,0,4,12,1,17,0,16,15,2,33,12,2,14,47
11/12/2020,ARA,LA,ASW,CE,Federal Contract Tower,0,2,1,35,38,0,0,18,9,27,0,2,19,44,65,24,20,44,109
11/13/2020,ARA,LA,ASW,CE,Federal Contract Tower,0,6,9,22,37,0,3,26,3,32,0,9,35,25,69,32,2,34,103
11/14/2020,ARA,LA,ASW,CE,Federal Contract Tower,0,0,0,0,0,0,0,16,2,18,0,0,16,2,18,22,0,22,40
11/15/2020,ARA,LA,ASW,CE,Federal Contract Tower,0,2,5,1,8,0,2,15,1,18,0,4,20,2,26,48,0,48,74
11/16/2020,ARA,LA,ASW,CE,Federal Contract Tower,0,1,8,14,23,0,2,21,5,28,0,3,29,19,51,60,0,60,111
11/17/2020,ARA,LA,ASW,CE,Federal Contract Tower,1,0,8,7,16,0,1,28,1,30,1,1,36,8,46,104,0,104,150
11/18/2020,ARA,LA,ASW,CE,Federal Contract Tower,0,4,5,14,23,0,0,26,12,38,0,4,31,26,61,94,2,96,157
11/19/2020,ARA,LA,ASW,CE,Federal Contract Tower,0,1,3,17,21,0,5,20,13,38,0,6,23,30,59,54,4,58,117
11/20/2020,ARA,LA,ASW,CE,Federal Contract Tower,0,2,3,24,29,0,6,21,3,30,0,8,24,27,59,56,10,66,125
11/21/2020,ARA,LA,ASW,CE,Federal Contract Tower,0,0,0,0,0,0,0,21,0,21,0,0,21,0,21,38,0,38,59
11/22/2020,ARA,LA,ASW,CE,Federal Contract Tower,0,2,3,12,17,0,0,16,2,18,0,2,19,14,35,36,0,36,71
11/23/2020,ARA,LA,ASW,CE,Federal Contract Tower,1,0,10,11,22,0,4,40,1,45,1,4,50,12,67,180,2,182,249
11/24/2020,ARA,LA,ASW,CE,Federal Contract Tower,0,0,11,17,28,0,2,37,0,39,0,2,48,17,67,136,6,142,209
11/25/2020,ARA,LA,ASW,CE,Federal Contract Tower,0,0,3,0,3,0,0,15,0,15,0,0,18,0,18,88,0,88,106
11/26/2020,ARA,LA,ASW,CE,Federal Contract Tower,0,0,1,0,1,0,0,5,0,5,0,0,6,0,6,0,0,0,6
11/27/2020,ARA,LA,ASW,CE,Federal Contract Tower,0,0,2,0,2,0,0,0,0,0,0,0,2,0,2,0,0,0,2
11/28/2020,ARA,LA,ASW,CE,Federal Contract Tower,0,0,1,0,1,0,0,0,0,0,0,0,1,0,1,0,0,0,1
11/29/2020,ARA,LA,ASW,CE,Federal Contract Tower,0,0,5,0,5,0,0,0,0,0,0,0,5,0,5,0,0,0,5
11/30/2020,ARA,LA,ASW,CE,Federal Contract Tower,0,0,17,4,21,0,1,26,0,27,0,1,43,4,48,60,2,62,110
12/01/2020,ARA,LA,ASW,CE,Federal Contract Tower,0,0,14,11,25,0,1,43,7,51,0,1,57,18,76,168,10,178,254
12/02/2020,ARA,LA,ASW,CE,Federal Contract Tower,1,0,4,8,13,0,0,17,6,23,1,0,21,14,36,18,8,26,62
12/03/2020,ARA,LA,ASW,CE,Federal Contract Tower,0,0,2,2,4,0,3,26,0,29,0,3,28,2,33,102,0,102,135
12/04/2020,ARA,LA,ASW,CE,Federal Contract Tower,0,0,5,31,36,0,2,29,3,34,0,2,34,34,70,72,38,110,180
12/05/2020,ARA,LA,ASW,CE,Federal Contract Tower,0,0,3,0,3,0,2,22,0,24,0,2,25,0,27,44,0,44,71
12/06/2020,ARA,LA,ASW,CE,Federal Contract Tower,0,1,2,6,9,0,1,9,0,10,0,2,11,6,19,28,0,28,47
12/07/2020,ARA,LA,ASW,CE,Federal Contract Tower,0,0,3,8,11,0,2,32,2,36,0,2,35,10,47,136,18,154,201
12/08/2020,ARA,LA,ASW,CE,Federal Contract Tower,0,0,4,11,15,0,6,33,7,46,0,6,37,18,61,182,26,208,269
12/09/2020,ARA,LA,ASW,CE,Federal Contract Tower,0,2,1,2,5,0,6,33,3,42,0,8,34,5,47,124,18,142,189
12/10/2020,ARA,LA,ASW,CE,Federal Contract Tower,0,2,8,10,20,0,2,32,3,37,0,4,40,13,57,52,2,54,111
12/11/2020,ARA,LA,ASW,CE,Federal Contract Tower,0,0,3,51,54,0,4,22,6,32,0,4,25,57,86,66,18,84,170
12/12/2020,ARA,LA,ASW,CE,Federal Contract Tower,1,0,1,0,2,0,2,3,0,5,1,2,4,0,7,26,0,26,33
12/13/2020,ARA,LA,ASW,CE,Federal Contract Tower,0,0,0,1,1,0,7,2,0,9,0,7,2,1,10,54,0,54,64
12/14/2020,ARA,LA,ASW,CE,Federal Contract Tower,0,0,7,7,14,0,11,10,0,21,0,11,17,7,35,72,0,72,107
12/15/2020,ARA,LA,ASW,CE,Federal Contract Tower,0,0,14,7,21,0,7,10,0,17,0,7,24,7,38,96,0,96,134
12/16/2020,ARA,LA,ASW,CE,Federal Contract Tower,0,0,5,26,31,0,1,13,3,17,0,1,18,29,48,50,0,50,98
12/17/2020,ARA,LA,ASW,CE,Federal Contract Tower,0,0,9,24,33,0,5,26,3,34,0,5,35,27,67,84,6,90,157
12/18/2020,ARA,LA,ASW,CE,Federal Contract Tower,0,0,3,5,8,0,0,40,1,41,0,0,43,6,49,76,6,82,131
12/19/2020,ARA,LA,ASW,CE,Federal Contract Tower,0,0,5,4,9,0,0,9,2,11,0,0,14,6,20,30,0,30,50
12/20/2020,ARA,LA,ASW,CE,Federal Contract Tower,0,0,3,8,11,0,2,3,1,6,0,2,6,9,17,16,0,16,33
12/21/2020,ARA,LA,ASW,CE,Federal Contract Tower,0,0,6,7,13,0,0,25,2,27,0,0,31,9,40,40,2,42,82
12/22/2020,ARA,LA,ASW,CE,Federal Contract Tower,0,0,2,4,6,0,0,23,2,25,0,0,25,6,31,38,0,38,69
12/23/2020,ARA,LA,ASW,CE,Federal Contract Tower,0,0,3,4,7,0,1,17,0,18,0,1,20,4,25,0,0,0,25
12/24/2020,ARA,LA,ASW,CE,Federal Contract Tower,0,0,2,0,2,0,3,3,0,6,0,3,5,0,8,0,0,0,8
12/25/2020,ARA,LA,ASW,CE,Federal Contract Tower,0,0,0,0,0,0,0,5,0,5,0,0,5,0,5,0,0,0,5
12/26/2020,ARA,LA,ASW,CE,Federal Contract Tower,0,0,2,0,2,0,0,31,0,31,0,0,33,0,33,70,0,70,103
12/27/2020,ARA,LA,ASW,CE,Federal Contract Tower,0,0,2,0,2,0,0,12,0,12,0,0,14,0,14,10,0,10,24
12/28/2020,ARA,LA,ASW,CE,Federal Contract Tower,0,0,4,2,6,0,0,9,0,9,0,0,13,2,15,22,0,22,37
12/29/2020,ARA,LA,ASW,CE,Federal Contract Tower,0,0,3,4,7,0,0,19,4,23,0,0,22,8,30,26,0,26,56
12/30/2020,ARA,LA,ASW,CE,Federal Contract Tower,0,0,1,0,1,0,0,5,0,5,0,0,6,0,6,26,0,26,32
12/31/2020,ARA,LA,ASW,CE,Federal Contract Tower,0,0,0,0,0,0,0,7,0,7,0,0,7,0,7,2,0,2,9
01/01/2021,ARA,LA,ASW,CE,Federal Contract Tower,0,0,0,0,0,0,0,1,0,1,0,0,1,0,1,0,0,0,1
01/02/2021,ARA,LA,ASW,CE,Federal Contract Tower,1,0,0,0,1,0,2,18,0,20,1,2,18,0,21,32,0,32,53
01/03/2021,ARA,LA,ASW,CE,Federal Contract Tower,0,0,2,0,2,0,3,23,0,26,0,3,25,0,28,52,0,52,80
01/04/2021,ARA,LA,ASW,CE,Federal Contract Tower,0,0,3,0,3,0,3,18,6,27,0,3,21,6,30,52,0,52,82
01/05/2021,ARA,LA,ASW,CE,Federal Contract Tower,0,0,3,0,3,0,2,37,1,40,0,2,40,1,43,136,0,136,179
01/06/2021,ARA,LA,ASW,CE,Federal Contract Tower,0,0,0,2,2,0,1,20,4,25,0,1,20,6,27,108,2,110,137
01/07/2021,ARA,LA,ASW,CE,Federal Contract Tower,0,0,3,24,27,0,0,10,4,14,0,0,13,28,41,32,0,32,73
01/08/2021,ARA,LA,ASW,CE,Federal Contract Tower,0,0,11,9,20,0,0,26,0,26,0,0,37,9,46,118,0,118,164
01/09/2021,ARA,LA,ASW,CE,Federal Contract Tower,0,0,0,2,2,0,0,26,8,34,0,0,26,10,36,52,12,64,100
01/10/2021,ARA,LA,ASW,CE,Federal Contract Tower,0,0,0,0,0,0,3,11,0,14,0,3,11,0,14,96,0,96,110
01/11/2021,ARA,LA,ASW,CE,Federal Contract Tower,0,0,4,0,4,0,2,6,0,8,0,2,10,0,12,16,2,18,30
01/12/2021,ARA,LA,ASW,CE,Federal Contract Tower,0,1,13,8,22,0,6,19,4,29,0,7,32,12,51,196,12,208,259
01/13/2021,ARA,LA,ASW,CE,Federal Contract Tower,0,2,1,17,20,0,0,38,18,56,0,2,39,35,76,106,32,138,214
01/14/2021,ARA,LA,ASW,CE,Federal Contract Tower,0,0,7,14,21,0,0,25,4,29,0,0,32,18,50,138,8,146,196
01/15/2021,ARA,LA,ASW,CE,Federal Contract Tower,0,0,5,5,10,0,10,22,0,32,0,10,27,5,42,86,0,86,128
01/16/2021,ARA,LA,ASW,CE,Federal Contract Tower,0,0,5,4,9,0,1,25,0,26,0,1,30,4,35,36,0,36,71
01/17/2021,ARA,LA,ASW,CE,Federal Contract Tower,1,0,1,0,2,0,6,31,0,37,1,6,32,0,39,70,0,70,109
01/18/2021,ARA,LA,ASW,CE,Federal Contract Tower,0,0,3,0,3,0,0,20,0,20,0,0,23,0,23,92,0,92,115
01/19/2021,ARA,LA,ASW,CE,Federal Contract Tower,0,1,10,4,15,0,11,46,0,57,0,12,56,4,72,204,0,204,276
01/20/2021,ARA,LA,ASW,CE,Federal Contract Tower,0,0,8,2,10,0,0,29,2,31,0,0,37,4,41,134,6,140,181
01/21/2021,ARA,LA,ASW,CE,Federal Contract Tower,0,1,2,2,5,0,0,27,0,27,0,1,29,2,32,128,0,128,160
01/22/2021,ARA,LA,ASW,CE,Federal Contract Tower,0,0,10,0,10,0,0,5,0,5,0,0,15,0,15,8,0,8,23
01/23/2021,ARA,LA,ASW,CE,Federal Contract Tower,0,0,1,0,1,0,0,0,0,0,0,0,1,0,1,0,0,0,1
01/24/2021,ARA,LA,ASW,CE,Federal Contract Tower,0,0,2,0,2,0,0,4,0,4,0,0,6,0,6,88,0,88,94
01/25/2021,ARA,LA,ASW,CE,Federal Contract Tower,0,0,5,4,9,0,0,3,0,3,0,0,8,4,12,52,0,52,64
01/26/2021,ARA,LA,ASW,CE,Federal Contract Tower,1,0,7,0,8,0,4,18,3,25,1,4,25,3,33,52,6,58,91
01/27/2021,ARA,LA,ASW,CE,Federal Contract Tower,0,0,5,12,17,0,9,32,6,47,0,9,37,18,64,206,0,206,270
01/28/2021,ARA,LA,ASW,CE,Federal Contract Tower,0,0,3,17,20,0,0,34,13,47,0,0,37,30,67,198,16,214,281
01/29/2021,ARA,LA,ASW,CE,Federal Contract Tower,0,0,7,17,24,0,9,37,6,52,0,9,44,23,76,182,8,190,266
01/30/2021,ARA,LA,ASW,CE,Federal Contract Tower,2,0,0,4,6,0,3,12,2,17,2,3,12,6,23,64,0,64,87
01/31/2021,ARA,LA,ASW,CE,Federal Contract Tower,0,2,3,2,7,0,0,15,0,15,0,2,18,2,22,80,0,80,102
02/01/2021,ARA,LA,ASW,CE,Federal Contract Tower,0,0,7,4,11,0,2,15,0,17,0,2,22,4,28,52,0,52,80
02/02/2021,ARA,LA,ASW,CE,Federal Contract Tower,0,0,0,14,14,0,4,48,2,54,0,4,48,16,68,296,0,296,364
02/03/2021,ARA,LA,ASW,CE,Federal Contract Tower,0,0,4,8,12,0,0,47,9,56,0,0,51,17,68,96,22,118,186
02/04/2021,ARA,LA,ASW,CE,Federal Contract Tower,0,0,2,9,11,0,2,28,0,30,0,2,30,9,41,60,4,64,105
02/05/2021,ARA,LA,ASW,CE,Federal Contract Tower,0,0,4,5,9,0,5,9,1,15,0,5,13,6,24,34,0,34,58
02/06/2021,ARA,LA,ASW,CE,Federal Contract Tower,0,5,6,0,11,0,0,0,0,0,0,5,6,0,11,38,0,38,49
02/07/2021,ARA,LA,ASW,CE,Federal Contract Tower,0,0,3,11,14,0,0,27,2,29,0,0,30,13,43,90,2,92,135
02/08/2021,ARA,LA,ASW,CE,Federal Contract Tower,0,0,4,8,12,0,9,34,0,43,0,9,38,8,55,276,16,292,347
02/09/2021,ARA,LA,ASW,CE,Federal Contract Tower,1,2,0,2,5,0,11,19,0,30,1,13,19,2,35,160,10,170,205
02/10/2021,ARA,LA,ASW,CE,Federal Contract Tower,0,0,6,0,6,0,2,9,0,11,0,2,15,0,17,72,0,72,89
02/11/2021,ARA,LA,ASW,CE,Federal Contract Tower,0,0,4,0,4,0,0,0,0,0,0,0,4,0,4,0,0,0,4
02/12/2021,ARA,LA,ASW,CE,Federal Contract Tower,0,0,12,0,12,0,0,0,0,0,0,0,12,0,12,10,0,10,22
02/13/2021,ARA,LA,ASW,CE,Federal Contract Tower,0,3,2,26,31,0,4,5,0,9,0,7,7,26,40,48,0,48,88
02/14/2021,ARA,LA,ASW,CE,Federal Contract Tower,0,3,1,0,4,0,0,0,0,0,0,3,1,0,4,0,0,0,4
02/15/2021,ARA,LA,ASW,CE,Federal Contract Tower,0,0,0,0,0,0,0,0,0,0,0,0,0,0,0,0,0,0,0
02/16/2021,ARA,LA,ASW,CE,Federal Contract Tower,0,0,0,0,0,0,3,4,0,7,0,3,4,0,7,0,0,0,7
02/17/2021,ARA,LA,ASW,CE,Federal Contract Tower,1,0,2,0,3,0,0,2,0,2,1,0,4,0,5,0,0,0,5
02/18/2021,ARA,LA,ASW,CE,Federal Contract Tower,1,3,5,2,11,0,0,3,0,3,1,3,8,2,14,24,0,24,38
02/19/2021,ARA,LA,ASW,CE,Federal Contract Tower,0,0,0,8,8,0,0,46,4,50,0,0,46,12,58,196,8,204,262
02/20/2021,ARA,LA,ASW,CE,Federal Contract Tower,0,0,0,7,7,0,1,25,0,26,0,1,25,7,33,24,0,24,57
02/21/2021,ARA,LA,ASW,CE,Federal Contract Tower,0,0,2,7,9,0,0,26,0,26,0,0,28,7,35,96,0,96,131
02/22/2021,ARA,LA,ASW,CE,Federal Contract Tower,0,0,9,7,16,0,0,49,1,50,0,0,58,8,66,154,0,154,220
02/23/2021,ARA,LA,ASW,CE,Federal Contract Tower,0,0,7,14,21,0,3,50,0,53,0,3,57,14,74,252,6,258,332
02/24/2021,ARA,LA,ASW,CE,Federal Contract Tower,0,0,5,10,15,0,17,50,3,70,0,17,55,13,85,368,6,374,459
02/25/2021,ARA,LA,ASW,CE,Federal Contract Tower,0,0,6,7,13,0,6,49,2,57,0,6,55,9,70,192,8,200,270
02/26/2021,ARA,LA,ASW,CE,Federal Contract Tower,0,0,6,7,13,0,2,58,6,66,0,2,64,13,79,260,2,262,341
02/27/2021,ARA,LA,ASW,CE,Federal Contract Tower,0,0,1,0,1,0,0,14,0,14,0,0,15,0,15,32,0,32,47
02/28/2021,ARA,LA,ASW,CE,Federal Contract Tower,0,0,5,0,5,0,0,7,0,7,0,0,12,0,12,54,0,54,66
03/01/2021,ARA,LA,ASW,CE,Federal Contract Tower,0,2,2,16,20,0,0,14,0,14,0,2,16,16,34,106,0,106,140
03/02/2021,ARA,LA,ASW,CE,Federal Contract Tower,2,0,9,3,14,0,0,9,0,9,2,0,18,3,23,32,0,32,55
03/03/2021,ARA,LA,ASW,CE,Federal Contract Tower,0,0,8,7,15,0,11,54,4,69,0,11,62,11,84,214,2,216,300
03/04/2021,ARA,LA,ASW,CE,Federal Contract Tower,1,0,6,25,32,0,12,66,11,89,1,12,72,36,121,244,6,250,371
03/05/2021,ARA,LA,ASW,CE,Federal Contract Tower,0,0,0,7,7,0,4,46,21,71,0,4,46,28,78,224,10,234,312
03/06/2021,ARA,LA,ASW,CE,Federal Contract Tower,0,0,2,14,16,0,4,44,6,54,0,4,46,20,70,110,0,110,180
03/07/2021,ARA,LA,ASW,CE,Federal Contract Tower,0,0,4,0,4,0,4,22,0,26,0,4,26,0,30,72,0,72,102
03/08/2021,ARA,LA,ASW,CE,Federal Contract Tower,0,0,3,5,8,0,0,29,3,32,0,0,32,8,40,128,8,136,176
03/09/2021,ARA,LA,ASW,CE,Federal Contract Tower,0,0,5,5,10,0,6,35,6,47,0,6,40,11,57,122,6,128,185
03/10/2021,ARA,LA,ASW,CE,Federal Contract Tower,0,0,6,7,13,0,0,28,3,31,0,0,34,10,44,58,0,58,102
03/11/2021,ARA,LA,ASW,CE,Federal Contract Tower,0,0,3,8,11,0,6,45,0,51,0,6,48,8,62,204,0,204,266
03/12/2021,ARA,LA,ASW,CE,Federal Contract Tower,0,0,5,25,30,0,1,31,1,33,0,1,36,26,63,114,6,120,183
03/13/2021,ARA,LA,ASW,CE,Federal Contract Tower,0,0,7,2,9,0,6,23,1,30,0,6,30,3,39,94,0,94,133
03/14/2021,ARA,LA,ASW,CE,Federal Contract Tower,0,0,8,0,8,0,1,6,0,7,0,1,14,0,15,26,0,26,41
03/15/2021,ARA,LA,ASW,CE,Federal Contract Tower,2,0,7,6,15,0,1,23,0,24,2,1,30,6,39,118,0,118,157
03/16/2021,ARA,LA,ASW,CE,Federal Contract Tower,1,0,4,4,9,0,0,34,0,34,1,0,38,4,43,184,4,188,231
03/17/2021,ARA,LA,ASW,CE,Federal Contract Tower,1,0,1,0,2,0,0,0,0,0,1,0,1,0,2,0,0,0,2
03/18/2021,ARA,LA,ASW,CE,Federal Contract Tower,0,0,15,17,32,0,5,47,3,55,0,5,62,20,87,242,0,242,329
03/19/2021,ARA,LA,ASW,CE,Federal Contract Tower,0,0,14,14,28,0,0,49,3,52,0,0,63,17,80,90,0,90,170
03/20/2021,ARA,LA,ASW,CE,Federal Contract Tower,0,0,2,10,12,0,0,27,0,27,0,0,29,10,39,34,0,34,73
03/21/2021,ARA,LA,ASW,CE,Federal Contract Tower,1,0,5,3,9,0,0,30,1,31,1,0,35,4,40,90,0,90,130
03/22/2021,ARA,LA,ASW,CE,Federal Contract Tower,0,1,5,8,14,0,8,36,5,49,0,9,41,13,63,156,18,174,237
03/23/2021,ARA,LA,ASW,CE,Federal Contract Tower,0,0,1,0,1,0,0,0,0,0,0,0,1,0,1,0,0,0,1
03/24/2021,ARA,LA,ASW,CE,Federal Contract Tower,0,0,1,0,1,0,2,24,0,26,0,2,25,0,27,160,0,160,187
03/25/2021,ARA,LA,ASW,CE,Federal Contract Tower,0,2,5,0,7,0,0,21,0,21,0,2,26,0,28,40,0,40,68
03/26/2021,ARA,LA,ASW,CE,Federal Contract Tower,0,0,3,6,9,0,0,43,3,46,0,0,46,9,55,136,2,138,193
03/27/2021,ARA,LA,ASW,CE,Federal Contract Tower,0,0,4,0,4,0,0,8,2,10,0,0,12,2,14,16,0,16,30
03/28/2021,ARA,LA,ASW,CE,Federal Contract Tower,2,0,1,4,7,0,3,4,2,9,2,3,5,6,16,76,0,76,92
03/29/2021,ARA,LA,ASW,CE,Federal Contract Tower,1,0,7,13,21,0,4,51,1,56,1,4,58,14,77,180,12,192,269
03/30/2021,ARA,LA,ASW,CE,Federal Contract Tower,0,4,8,4,16,0,3,22,1,26,0,7,30,5,42,182,4,186,228
03/31/2021,ARA,LA,ASW,CE,Federal Contract Tower,0,0,4,0,4,0,4,8,0,12,0,4,12,0,16,82,0,82,98
04/01/2021,ARA,LA,ASW,CE,Federal Contract Tower,0,0,0,4,4,0,2,26,2,30,0,2,26,6,34,46,0,46,80
04/02/2021,ARA,LA,ASW,CE,Federal Contract Tower,0,0,4,2,6,0,0,39,1,40,0,0,43,3,46,54,0,54,100
04/03/2021,ARA,LA,ASW,CE,Federal Contract Tower,1,0,3,0,4,0,0,21,0,21,1,0,24,0,25,14,0,14,39
04/04/2021,ARA,LA,ASW,CE,Federal Contract Tower,0,0,4,0,4,0,0,20,0,20,0,0,24,0,24,16,0,16,40
04/05/2021,ARA,LA,ASW,CE,Federal Contract Tower,0,1,2,6,9,0,3,37,3,43,0,4,39,9,52,118,8,126,178
04/06/2021,ARA,LA,ASW,CE,Federal Contract Tower,0,1,6,0,7,0,6,32,0,38,0,7,38,0,45,188,0,188,233
04/07/2021,ARA,LA,ASW,CE,Federal Contract Tower,0,0,1,10,11,0,1,19,1,21,0,1,20,11,32,241,6,247,279
04/08/2021,ARA,LA,ASW,CE,Federal Contract Tower,0,0,10,3,13,0,5,51,3,59,0,5,61,6,72,246,10,256,328
04/09/2021,ARA,LA,ASW,CE,Federal Contract Tower,2,0,2,2,6,0,4,21,0,25,2,4,23,2,31,136,0,136,167
04/10/2021,ARA,LA,ASW,CE,Federal Contract Tower,0,0,3,0,3,0,4,22,0,26,0,4,25,0,29,74,0,74,103
04/11/2021,ARA,LA,ASW,CE,Federal Contract Tower,7,1,6,5,19,0,0,46,0,46,7,1,52,5,65,80,0,80,145
04/12/2021,ARA,LA,ASW,CE,Federal Contract Tower,0,0,3,0,3,0,0,57,0,57,0,0,60,0,60,168,0,168,228
04/13/2021,ARA,LA,ASW,CE,Federal Contract Tower,0,0,0,0,0,0,0,3,0,3,0,0,3,0,3,8,0,8,11
04/14/2021,ARA,LA,ASW,CE,Federal Contract Tower,0,1,3,2,6,0,0,3,0,3,0,1,6,2,9,0,0,0,9
04/15/2021,ARA,LA,ASW,CE,Federal Contract Tower,0,0,1,11,12,0,0,7,5,12,0,0,8,16,24,30,0,30,54
04/16/2021,ARA,LA,ASW,CE,Federal Contract Tower,0,0,3,0,3,0,2,11,0,13,0,2,14,0,16,74,0,74,90
04/17/2021,ARA,LA,ASW,CE,Federal Contract Tower,0,0,10,0,10,0,5,12,0,17,0,5,22,0,27,34,0,34,61
04/18/2021,ARA,LA,ASW,CE,Federal Contract Tower,0,0,2,0,2,0,6,53,0,59,0,6,55,0,61,178,0,178,239
04/19/2021,ARA,LA,ASW,CE,Federal Contract Tower,0,0,9,14,23,0,5,49,0,54,0,5,58,14,77,198,0,198,275
04/20/2021,ARA,LA,ASW,CE,Federal Contract Tower,0,0,19,3,22,0,1,88,5,94,0,1,107,8,116,320,2,322,438
04/21/2021,ARA,LA,ASW,CE,Federal Contract Tower,0,0,14,19,33,0,0,52,0,52,0,0,66,19,85,98,8,106,191
04/22/2021,ARA,LA,ASW,CE,Federal Contract Tower,0,0,9,20,29,0,5,55,1,61,0,5,64,21,90,84,20,104,194
04/23/2021,ARA,LA,ASW,CE,Federal Contract Tower,0,0,1,3,4,0,0,11,0,11,0,0,12,3,15,60,0,60,75
04/24/2021,ARA,LA,ASW,CE,Federal Contract Tower,1,1,4,0,6,0,0,4,0,4,1,1,8,0,10,12,0,12,22
04/25/2021,ARA,LA,ASW,CE,Federal Contract Tower,1,0,5,2,8,0,0,37,0,37,1,0,42,2,45,26,0,26,71
04/26/2021,ARA,LA,ASW,CE,Federal Contract Tower,0,0,8,4,12,0,1,42,1,44,0,1,50,5,56,98,14,112,168
04/27/2021,ARA,LA,ASW,CE,Federal Contract Tower,0,0,3,7,10,0,0,39,8,47,0,0,42,15,57,138,0,138,195
04/28/2021,ARA,LA,ASW,CE,Federal Contract Tower,0,0,5,8,13,0,0,32,9,41,0,0,37,17,54,38,0,38,92
04/29/2021,ARA,LA,ASW,CE,Federal Contract Tower,0,2,8,24,34,0,0,40,10,50,0,2,48,34,84,110,10,120,204
04/30/2021,ARA,LA,ASW,CE,Federal Contract Tower,0,0,6,0,6,0,2,18,0,20,0,2,24,0,26,28,0,28,54
05/01/2021,ARA,LA,ASW,CE,Federal Contract Tower,0,0,6,0,6,0,2,15,0,17,0,2,21,0,23,60,0,60,83
05/02/2021,ARA,LA,ASW,CE,Federal Contract Tower,0,0,3,0,3,0,2,10,0,12,0,2,13,0,15,34,0,34,49
05/03/2021,ARA,LA,ASW,CE,Federal Contract Tower,0,0,7,5,12,0,5,25,1,31,0,5,32,6,43,218,0,218,261
05/04/2021,ARA,LA,ASW,CE,Federal Contract Tower,0,0,3,0,3,0,2,10,0,12,0,2,13,0,15,86,0,86,101
05/05/2021,ARA,LA,ASW,CE,Federal Contract Tower,0,0,7,12,19,0,0,32,3,35,0,0,39,15,54,72,6,78,132
05/06/2021,ARA,LA,ASW,CE,Federal Contract Tower,0,0,9,2,11,0,3,51,13,67,0,3,60,15,78,124,6,130,208
05/07/2021,ARA,LA,ASW,CE,Federal Contract Tower,0,0,6,9,15,0,3,56,2,61,0,3,62,11,76,222,0,222,298
05/08/2021,ARA,LA,ASW,CE,Federal Contract Tower,1,0,4,6,11,0,8,31,0,39,1,8,35,6,50,106,0,106,156
05/09/2021,ARA,LA,ASW,CE,Federal Contract Tower,1,0,6,0,7,0,0,7,0,7,1,0,13,0,14,0,0,0,14
05/10/2021,ARA,LA,ASW,CE,Federal Contract Tower,1,0,3,0,4,0,0,22,0,22,1,0,25,0,26,56,0,56,82
05/11/2021,ARA,LA,ASW,CE,Federal Contract Tower,0,0,5,0,5,0,6,12,0,18,0,6,17,0,23,80,0,80,103
05/12/2021,ARA,LA,ASW,CE,Federal Contract Tower,0,3,4,2,9,0,6,10,2,18,0,9,14,4,27,54,0,54,81
05/13/2021,ARA,LA,ASW,CE,Federal Contract Tower,0,1,16,16,33,0,13,30,0,43,0,14,46,16,76,190,0,190,266
05/14/2021,ARA,LA,ASW,CE,Federal Contract Tower,0,0,8,12,20,0,1,31,2,34,0,1,39,14,54,126,2,128,182
05/15/2021,ARA,LA,ASW,CE,Federal Contract Tower,0,0,1,0,1,0,0,27,6,33,0,0,28,6,34,74,0,74,108
05/16/2021,ARA,LA,ASW,CE,Federal Contract Tower,0,0,4,0,4,0,0,11,0,11,0,0,15,0,15,10,0,10,25
05/17/2021,ARA,LA,ASW,CE,Federal Contract Tower,0,0,1,0,1,0,4,3,0,7,0,4,4,0,8,26,0,26,34
05/18/2021,ARA,LA,ASW,CE,Federal Contract Tower,0,0,1,0,1,0,16,6,0,22,0,16,7,0,23,82,0,82,105
05/19/2021,ARA,LA,ASW,CE,Federal Contract Tower,0,0,3,0,3,0,2,3,0,5,0,2,6,0,8,34,0,34,42
05/20/2021,ARA,LA,ASW,CE,Federal Contract Tower,0,0,3,0,3,0,12,15,0,27,0,12,18,0,30,150,0,150,180
05/21/2021,ARA,LA,ASW,CE,Federal Contract Tower,0,0,2,0,2,0,2,10,0,12,0,2,12,0,14,62,0,62,76
05/22/2021,ARA,LA,ASW,CE,Federal Contract Tower,0,0,3,4,7,0,2,32,2,36,0,2,35,6,43,86,2,88,131
05/23/2021,ARA,LA,ASW,CE,Federal Contract Tower,0,0,4,9,13,0,1,22,1,24,0,1,26,10,37,40,0,40,77
05/24/2021,ARA,LA,ASW,CE,Federal Contract Tower,2,0,4,1,7,0,3,32,0,35,2,3,36,1,42,74,0,74,116
05/25/2021,ARA,LA,ASW,CE,Federal Contract Tower,0,0,4,5,9,0,0,46,2,48,0,0,50,7,57,250,0,250,307
05/26/2021,ARA,LA,ASW,CE,Federal Contract Tower,1,0,2,9,12,0,0,26,4,30,1,0,28,13,42,128,0,128,170
05/27/2021,ARA,LA,ASW,CE,Federal Contract Tower,0,0,6,10,16,0,4,26,3,33,0,4,32,13,49,62,0,62,111
05/28/2021,ARA,LA,ASW,CE,Federal Contract Tower,3,0,2,2,7,0,0,37,2,39,3,0,39,4,46,96,4,100,146
05/29/2021,ARA,LA,ASW,CE,Federal Contract Tower,0,0,0,0,0,0,0,20,0,20,0,0,20,0,20,44,0,44,64
05/30/2021,ARA,LA,ASW,CE,Federal Contract Tower,0,0,1,2,3,0,14,18,0,32,0,14,19,2,35,102,0,102,137
05/31/2021,ARA,LA,ASW,CE,Federal Contract Tower,1,0,5,0,6,0,4,16,0,20,1,4,21,0,26,120,0,120,146
06/01/2021,ARA,LA,ASW,CE,Federal Contract Tower,0,0,6,5,11,0,8,30,1,39,0,8,36,6,50,156,2,158,208
06/02/2021,ARA,LA,ASW,CE,Federal Contract Tower,0,0,3,4,7,0,2,31,0,33,0,2,34,4,40,112,6,118,158
06/03/2021,ARA,LA,ASW,CE,Federal Contract Tower,0,0,4,2,6,0,2,14,3,19,0,2,18,5,25,30,0,30,55
06/04/2021,ARA,LA,ASW,CE,Federal Contract Tower,0,0,1,0,1,0,0,11,0,11,0,0,12,0,12,6,0,6,18
06/05/2021,ARA,LA,ASW,CE,Federal Contract Tower,0,0,0,0,0,0,5,2,0,7,0,5,2,0,7,38,0,38,45
06/06/2021,ARA,LA,ASW,CE,Federal Contract Tower,0,0,0,0,0,0,0,7,0,7,0,0,7,0,7,0,0,0,7
06/07/2021,ARA,LA,ASW,CE,Federal Contract Tower,0,0,3,19,22,0,2,29,4,35,0,2,32,23,57,222,0,222,279
06/08/2021,ARA,LA,ASW,CE,Federal Contract Tower,1,1,7,20,29,0,4,22,4,30,1,5,29,24,59,100,0,100,159
06/09/2021,ARA,LA,ASW,CE,Federal Contract Tower,1,0,3,15,19,0,6,37,5,48,1,6,40,20,67,102,10,112,179
06/10/2021,ARA,LA,ASW,CE,Federal Contract Tower,0,0,10,7,17,0,0,34,3,37,0,0,44,10,54,104,8,112,166
06/11/2021,ARA,LA,ASW,CE,Federal Contract Tower,0,0,5,38,43,0,4,33,5,42,0,4,38,43,85,144,12,156,241
06/12/2021,ARA,LA,ASW,CE,Federal Contract Tower,0,0,2,7,9,0,2,12,0,14,0,2,14,7,23,32,0,32,55
06/13/2021,ARA,LA,ASW,CE,Federal Contract Tower,1,0,3,0,4,0,3,16,2,21,1,3,19,2,25,50,14,64,89
06/14/2021,ARA,LA,ASW,CE,Federal Contract Tower,0,0,5,4,9,0,1,22,9,32,0,1,27,13,41,58,0,58,99
06/15/2021,ARA,LA,ASW,CE,Federal Contract Tower,0,0,3,6,9,0,15,35,0,50,0,15,38,6,59,144,0,144,203
06/16/2021,ARA,LA,ASW,CE,Federal Contract Tower,1,0,10,8,19,0,2,36,0,38,1,2,46,8,57,76,4,80,137
06/17/2021,ARA,LA,ASW,CE,Federal Contract Tower,0,0,7,5,12,0,0,43,3,46,0,0,50,8,58,54,12,66,124
06/18/2021,ARA,LA,ASW,CE,Federal Contract Tower,0,0,4,3,7,0,0,13,0,13,0,0,17,3,20,0,0,0,20
06/19/2021,ARA,LA,ASW,CE,Federal Contract Tower,0,0,0,0,0,0,4,16,0,20,0,4,16,0,20,34,0,34,54
06/20/2021,ARA,LA,ASW,CE,Federal Contract Tower,0,0,2,0,2,0,2,6,0,8,0,2,8,0,10,22,0,22,32
06/21/2021,ARA,LA,ASW,CE,Federal Contract Tower,1,0,3,0,4,0,0,19,0,19,1,0,22,0,23,66,0,66,89
06/22/2021,ARA,LA,ASW,CE,Federal Contract Tower,0,0,1,0,1,0,0,29,0,29,0,0,30,0,30,90,0,90,120
06/23/2021,ARA,LA,ASW,CE,Federal Contract Tower,1,1,6,1,9,0,2,34,2,38,1,3,40,3,47,66,0,66,113
06/24/2021,ARA,LA,ASW,CE,Federal Contract Tower,0,0,4,0,4,0,4,34,2,40,0,4,38,2,44,164,0,164,208
06/25/2021,ARA,LA,ASW,CE,Federal Contract Tower,0,0,1,2,3,0,3,31,1,35,0,3,32,3,38,140,4,144,182
06/26/2021,ARA,LA,ASW,CE,Federal Contract Tower,0,0,2,3,5,0,0,8,0,8,0,0,10,3,13,40,0,40,53
06/27/2021,ARA,LA,ASW,CE,Federal Contract Tower,0,0,6,0,6,0,0,6,0,6,0,0,12,0,12,0,0,0,12
06/28/2021,ARA,LA,ASW,CE,Federal Contract Tower,0,0,6,0,6,0,3,32,0,35,0,3,38,0,41,124,0,124,165
06/29/2021,ARA,LA,ASW,CE,Federal Contract Tower,0,0,5,5,10,0,8,33,0,41,0,8,38,5,51,168,0,168,219
06/30/2021,ARA,LA,ASW,CE,Federal Contract Tower,0,0,5,15,20,0,0,25,20,45,0,0,30,35,65,54,0,54,119
07/01/2021,ARA,LA,ASW,CE,Federal Contract Tower,0,1,11,8,20,0,0,38,1,39,0,1,49,9,59,58,6,64,123
07/02/2021,ARA,LA,ASW,CE,Federal Contract Tower,0,0,3,3,6,0,0,13,1,14,0,0,16,4,20,90,0,90,110
07/03/2021,ARA,LA,ASW,CE,Federal Contract Tower,0,2,0,0,2,0,0,0,0,0,0,2,0,0,2,12,0,12,14
07/04/2021,ARA,LA,ASW,CE,Federal Contract Tower,0,0,2,0,2,0,2,6,0,8,0,2,8,0,10,22,0,22,32
07/05/2021,ARA,LA,ASW,CE,Federal Contract Tower,0,0,4,0,4,0,2,6,0,8,0,2,10,0,12,32,0,32,44
07/06/2021,ARA,LA,ASW,CE,Federal Contract Tower,0,0,5,0,5,0,12,17,0,29,0,12,22,0,34,144,0,144,178
07/07/2021,ARA,LA,ASW,CE,Federal Contract Tower,0,0,2,4,6,0,2,33,1,36,0,2,35,5,42,112,4,116,158
07/08/2021,ARA,LA,ASW,CE,Federal Contract Tower,3,0,13,2,18,0,2,32,0,34,3,2,45,2,52,138,0,138,190
07/09/2021,ARA,LA,ASW,CE,Federal Contract Tower,0,0,6,3,9,0,3,29,1,33,0,3,35,4,42,86,0,86,128
07/10/2021,ARA,LA,ASW,CE,Federal Contract Tower,0,0,1,0,1,0,5,12,0,17,0,5,13,0,18,98,0,98,116
07/11/2021,ARA,LA,ASW,CE,Federal Contract Tower,0,0,1,0,1,0,2,35,0,37,0,2,36,0,38,48,0,48,86
07/12/2021,ARA,LA,ASW,CE,Federal Contract Tower,2,0,6,4,12,0,0,25,1,26,2,0,31,5,38,134,2,136,174
07/13/2021,ARA,LA,ASW,CE,Federal Contract Tower,0,0,2,7,9,0,6,28,0,34,0,6,30,7,43,128,2,130,173
07/14/2021,ARA,LA,ASW,CE,Federal Contract Tower,0,1,11,2,14,0,2,26,0,28,0,3,37,2,42,142,0,142,184
07/15/2021,ARA,LA,ASW,CE,Federal Contract Tower,1,1,6,0,8,0,4,34,0,38,1,5,40,0,46,30,0,30,76
07/16/2021,ARA,LA,ASW,CE,Federal Contract Tower,0,0,5,2,7,0,1,32,0,33,0,1,37,2,40,174,0,174,214
07/17/2021,ARA,LA,ASW,CE,Federal Contract Tower,0,1,8,0,9,0,4,49,0,53,0,5,57,0,62,120,0,120,182
07/18/2021,ARA,LA,ASW,CE,Federal Contract Tower,0,2,2,3,7,0,7,16,0,23,0,9,18,3,30,110,0,110,140
07/19/2021,ARA,LA,ASW,CE,Federal Contract Tower,0,0,2,0,2,0,0,18,0,18,0,0,20,0,20,94,0,94,114
07/20/2021,ARA,LA,ASW,CE,Federal Contract Tower,0,0,8,0,8,0,0,28,0,28,0,0,36,0,36,88,0,88,124
07/21/2021,ARA,LA,ASW,CE,Federal Contract Tower,0,0,3,9,12,0,0,41,1,42,0,0,44,10,54,158,0,158,212
07/22/2021,ARA,LA,ASW,CE,Federal Contract Tower,2,0,7,2,11,0,0,51,0,51,2,0,58,2,62,80,0,80,142
07/23/2021,ARA,LA,ASW,CE,Federal Contract Tower,0,1,5,0,6,0,2,40,0,42,0,3,45,0,48,90,0,90,138
07/24/2021,ARA,LA,ASW,CE,Federal Contract Tower,0,1,0,2,3,0,0,14,0,14,0,1,14,2,17,20,0,20,37
07/25/2021,ARA,LA,ASW,CE,Federal Contract Tower,2,0,3,4,9,0,1,11,0,12,2,1,14,4,21,14,0,14,35
07/26/2021,ARA,LA,ASW,CE,Federal Contract Tower,0,0,16,9,25,0,4,21,0,25,0,4,37,9,50,80,42,122,172
07/27/2021,ARA,LA,ASW,CE,Federal Contract Tower,0,0,13,11,24,0,15,20,3,38,0,15,33,14,62,44,16,60,122
07/28/2021,ARA,LA,ASW,CE,Federal Contract Tower,0,0,5,6,11,0,4,29,0,33,0,4,34,6,44,140,0,140,184
07/29/2021,ARA,LA,ASW,CE,Federal Contract Tower,0,0,7,8,15,0,3,31,2,36,0,3,38,10,51,76,6,82,133
07/30/2021,ARA,LA,ASW,CE,Federal Contract Tower,0,8,8,0,16,0,2,20,0,22,0,10,28,0,38,22,6,28,66
07/31/2021,ARA,LA,ASW,CE,Federal Contract Tower,1,0,5,0,6,0,0,22,0,22,1,0,27,0,28,0,0,0,28
08/01/2021,ARA,LA,ASW,CE,Federal Contract Tower,0,0,3,0,3,0,5,16,0,21,0,5,19,0,24,52,0,52,76
08/02/2021,ARA,LA,ASW,CE,Federal Contract Tower,0,1,7,0,8,0,3,22,0,25,0,4,29,0,33,152,0,152,185
08/03/2021,ARA,LA,ASW,CE,Federal Contract Tower,0,0,2,0,2,0,8,19,0,27,0,8,21,0,29,146,0,146,175
08/04/2021,ARA,LA,ASW,CE,Federal Contract Tower,2,0,10,5,17,0,7,30,0,37,2,7,40,5,54,164,0,164,218
08/05/2021,ARA,LA,ASW,CE,Federal Contract Tower,0,8,5,6,19,0,0,46,2,48,0,8,51,8,67,156,0,156,223
08/06/2021,ARA,LA,ASW,CE,Federal Contract Tower,0,0,3,7,10,0,1,37,1,39,0,1,40,8,49,106,2,108,157
08/07/2021,ARA,LA,ASW,CE,Federal Contract Tower,3,0,2,2,7,0,3,24,0,27,3,3,26,2,34,74,0,74,108
08/08/2021,ARA,LA,ASW,CE,Federal Contract Tower,0,0,0,1,1,0,7,13,1,21,0,7,13,2,22,96,2,98,120
08/09/2021,ARA,LA,ASW,CE,Federal Contract Tower,0,2,3,8,13,0,4,26,0,30,0,6,29,8,43,126,0,126,169
08/10/2021,ARA,LA,ASW,CE,Federal Contract Tower,0,0,3,5,8,0,8,31,2,41,0,8,34,7,49,102,0,102,151
08/11/2021,ARA,LA,ASW,CE,Federal Contract Tower,0,0,3,4,7,0,0,19,0,19,0,0,22,4,26,46,0,46,72
08/12/2021,ARA,LA,ASW,CE,Federal Contract Tower,0,0,6,0,6,0,6,27,0,33,0,6,33,0,39,58,0,58,97
08/13/2021,ARA,LA,ASW,CE,Federal Contract Tower,0,0,4,1,5,0,5,41,2,48,0,5,45,3,53,94,0,94,147
08/14/2021,ARA,LA,ASW,CE,Federal Contract Tower,0,0,1,0,1,0,3,19,0,22,0,3,20,0,23,82,0,82,105
08/15/2021,ARA,LA,ASW,CE,Federal Contract Tower,0,0,5,3,8,0,0,17,0,17,0,0,22,3,25,10,4,14,39
08/16/2021,ARA,LA,ASW,CE,Federal Contract Tower,0,1,7,2,10,0,0,22,0,22,0,1,29,2,32,90,0,90,122
08/17/2021,ARA,LA,ASW,CE,Federal Contract Tower,2,0,3,6,11,0,2,39,0,41,2,2,42,6,52,146,0,146,198
08/18/2021,ARA,LA,ASW,CE,Federal Contract Tower,0,0,8,10,18,0,3,42,5,50,0,3,50,15,68,62,0,62,130
08/19/2021,ARA,LA,ASW,CE,Federal Contract Tower,0,0,8,0,8,0,4,34,3,41,0,4,42,3,49,54,0,54,103
08/20/2021,ARA,LA,ASW,CE,Federal Contract Tower,3,0,7,7,17,0,0,27,1,28,3,0,34,8,45,22,0,22,67
08/21/2021,ARA,LA,ASW,CE,Federal Contract Tower,0,0,5,0,5,0,1,27,0,28,0,1,32,0,33,98,0,98,131
08/22/2021,ARA,LA,ASW,CE,Federal Contract Tower,0,0,5,9,14,0,2,16,5,23,0,2,21,14,37,74,18,92,129
08/23/2021,ARA,LA,ASW,CE,Federal Contract Tower,0,0,6,2,8,0,0,20,0,20,0,0,26,2,28,92,0,92,120
08/25/2021,ARA,LA,ASW,CE,Federal Contract Tower,0,1,13,5,19,0,0,47,3,50,0,1,60,8,69,104,0,104,173
08/26/2021,ARA,LA,ASW,CE,Federal Contract Tower,0,0,3,6,9,0,4,30,1,35,0,4,33,7,44,76,4,80,124
08/27/2021,ARA,LA,ASW,CE,Federal Contract Tower,0,0,13,1,14,0,2,33,1,36,0,2,46,2,50,100,0,100,150
08/28/2021,ARA,LA,ASW,CE,Federal Contract Tower,0,0,2,0,2,0,0,14,0,14,0,0,16,0,16,18,0,18,34
08/30/2021,ARA,LA,ASW,CE,Federal Contract Tower,0,0,1,0,1,0,4,16,0,20,0,4,17,0,21,0,0,0,21
08/31/2021,ARA,LA,ASW,CE,Federal Contract Tower,0,9,0,0,9,0,29,34,0,63,0,38,34,0,72,24,0,24,96
09/01/2021,ARA,LA,ASW,CE,Federal Contract Tower,1,9,7,0,17,0,34,30,0,64,1,43,37,0,81,102,0,102,183
09/02/2021,ARA,LA,ASW,CE,Federal Contract Tower,0,17,9,0,26,0,46,43,2,91,0,63,52,2,117,16,0,16,133
09/03/2021,ARA,LA,ASW,CE,Federal Contract Tower,0,15,5,3,23,0,36,38,0,74,0,51,43,3,97,144,12,156,253
09/04/2021,ARA,LA,ASW,CE,Federal Contract Tower,0,11,9,0,20,0,35,18,0,53,0,46,27,0,73,106,0,106,179
09/05/2021,ARA,LA,ASW,CE,Federal Contract Tower,0,6,4,2,12,0,24,8,2,34,0,30,12,4,46,106,0,106,152
09/06/2021,ARA,LA,ASW,CE,Federal Contract Tower,0,14,4,2,20,0,20,10,0,30,0,34,14,2,50,82,0,82,132
09/07/2021,ARA,LA,ASW,CE,Federal Contract Tower,2,21,6,7,36,0,34,42,0,76,2,55,48,7,112,96,2,98,210
09/08/2021,ARA,LA,ASW,CE,Federal Contract Tower,0,21,6,7,34,0,29,34,1,64,0,50,40,8,98,98,0,98,196
09/09/2021,ARA,LA,ASW,CE,Federal Contract Tower,0,20,8,8,36,0,28,35,8,71,0,48,43,16,107,164,22,186,293
09/10/2021,ARA,LA,ASW,CE,Federal Contract Tower,0,9,8,7,24,0,22,26,0,48,0,31,34,7,72,62,0,62,134
09/11/2021,ARA,LA,ASW,CE,Federal Contract Tower,0,7,6,12,25,0,20,28,0,48,0,27,34,12,73,2,0,2,75
09/12/2021,ARA,LA,ASW,CE,Federal Contract Tower,0,11,2,0,13,0,17,18,0,35,0,28,20,0,48,120,0,120,168
09/13/2021,ARA,LA,ASW,CE,Federal Contract Tower,0,19,1,0,20,0,23,18,0,41,0,42,19,0,61,90,0,90,151
09/14/2021,ARA,LA,ASW,CE,Federal Contract Tower,0,23,0,0,23,0,0,0,0,0,0,23,0,0,23,0,0,0,23
09/15/2021,ARA,LA,ASW,CE,Federal Contract Tower,2,27,3,0,32,0,18,31,0,49,2,45,34,0,81,50,0,50,131
09/16/2021,ARA,LA,ASW,CE,Federal Contract Tower,0,25,5,5,35,0,29,26,1,56,0,54,31,6,91,54,0,54,145
09/17/2021,ARA,LA,ASW,CE,Federal Contract Tower,0,13,8,5,26,0,40,33,0,73,0,53,41,5,99,194,0,194,293
09/18/2021,ARA,LA,ASW,CE,Federal Contract Tower,0,16,2,0,18,0,18,13,0,31,0,34,15,0,49,94,0,94,143
09/19/2021,ARA,LA,ASW,CE,Federal Contract Tower,0,12,3,0,15,0,20,10,0,30,0,32,13,0,45,60,0,60,105
09/20/2021,ARA,LA,ASW,CE,Federal Contract Tower,0,17,10,10,37,0,35,24,5,64,0,52,34,15,101,58,2,60,161
09/21/2021,ARA,LA,ASW,CE,Federal Contract Tower,2,23,4,1,30,0,19,14,2,35,2,42,18,3,65,66,10,76,141
09/22/2021,ARA,LA,ASW,CE,Federal Contract Tower,0,30,6,11,47,0,31,18,7,56,0,61,24,18,103,80,10,90,193
09/23/2021,ARA,LA,ASW,CE,Federal Contract Tower,0,19,13,10,42,0,40,54,10,104,0,59,67,20,146,180,0,180,326
09/24/2021,ARA,LA,ASW,CE,Federal Contract Tower,1,8,17,11,37,0,26,48,2,76,1,34,65,13,113,100,2,102,215
09/25/2021,ARA,LA,ASW,CE,Federal Contract Tower,0,2,2,0,4,0,21,35,0,56,0,23,37,0,60,60,0,60,120
09/26/2021,ARA,LA,ASW,CE,Federal Contract Tower,0,2,7,2,11,0,28,46,0,74,0,30,53,2,85,94,0,94,179
09/27/2021,ARA,LA,ASW,CE,Federal Contract Tower,0,6,14,7,27,0,22,55,1,78,0,28,69,8,105,168,2,170,275
09/28/2021,ARA,LA,ASW,CE,Federal Contract Tower,0,16,1,0,17,0,20,2,0,22,0,36,3,0,39,0,0,0,39
09/29/2021,ARA,LA,ASW,CE,Federal Contract Tower,0,13,6,0,19,0,11,19,0,30,0,24,25,0,49,50,0,50,99
09/30/2021,ARA,LA,ASW,CE,Federal Contract Tower,1,7,8,2,18,0,24,18,3,45,1,31,26,5,63,102,0,102,165
10/01/2021,ARA,LA,ASW,CE,Federal Contract Tower,1,26,6,4,37,0,20,24,0,44,1,46,30,4,81,30,0,30,111
10/03/2021,ARA,LA,ASW,CE,Federal Contract Tower,0,6,3,0,9,0,11,9,0,20,0,17,12,0,29,102,0,102,131
10/04/2021,ARA,LA,ASW,CE,Federal Contract Tower,0,9,7,10,26,0,32,38,0,70,0,41,45,10,96,138,2,140,236
10/05/2021,ARA,LA,ASW,CE,Federal Contract Tower,0,16,6,20,42,0,36,50,11,97,0,52,56,31,139,154,28,182,321
10/06/2021,ARA,LA,ASW,CE,Federal Contract Tower,0,8,17,12,37,0,43,54,9,106,0,51,71,21,143,280,0,280,423
10/07/2021,ARA,LA,ASW,CE,Federal Contract Tower,0,7,10,5,22,0,33,35,13,81,0,40,45,18,103,98,4,102,205
10/08/2021,ARA,LA,ASW,CE,Federal Contract Tower,0,4,8,2,14,0,23,29,0,52,0,27,37,2,66,72,0,72,138
10/09/2021,ARA,LA,ASW,CE,Federal Contract Tower,0,4,6,1,11,0,32,26,1,59,0,36,32,2,70,38,0,38,108
10/10/2021,ARA,LA,ASW,CE,Federal Contract Tower,0,1,6,0,7,0,20,34,0,54,0,21,40,0,61,94,0,94,155
10/11/2021,ARA,LA,ASW,CE,Federal Contract Tower,2,5,11,0,18,0,25,16,0,41,2,30,27,0,59,130,0,130,189
10/12/2021,ARA,LA,ASW,CE,Federal Contract Tower,0,4,6,3,13,0,20,31,5,56,0,24,37,8,69,120,4,124,193
10/13/2021,ARA,LA,ASW,CE,Federal Contract Tower,0,6,10,2,18,0,29,48,10,87,0,35,58,12,105,124,0,124,229
10/14/2021,ARA,LA,ASW,CE,Federal Contract Tower,0,7,10,6,23,0,21,20,2,43,0,28,30,8,66,170,4,174,240
10/15/2021,ARA,LA,ASW,CE,Federal Contract Tower,2,5,12,17,36,0,26,21,0,47,2,31,33,17,83,92,8,100,183
10/16/2021,ARA,LA,ASW,CE,Federal Contract Tower,0,6,4,0,10,0,14,11,2,27,0,20,15,2,37,60,0,60,97
10/17/2021,ARA,LA,ASW,CE,Federal Contract Tower,0,3,5,0,8,0,18,26,0,44,0,21,31,0,52,152,0,152,204
10/18/2021,ARA,LA,ASW,CE,Federal Contract Tower,1,2,10,13,26,0,23,33,4,60,1,25,43,17,86,84,0,84,170
10/19/2021,ARA,LA,ASW,CE,Federal Contract Tower,0,6,9,21,36,0,27,41,1,69,0,33,50,22,105,76,0,76,181
10/20/2021,ARA,LA,ASW,CE,Federal Contract Tower,0,13,5,6,24,0,8,12,0,20,0,21,17,6,44,22,0,22,66
10/21/2021,ARA,LA,ASW,CE,Federal Contract Tower,0,10,8,6,24,0,27,18,2,47,0,37,26,8,71,52,4,56,127
10/22/2021,ARA,LA,ASW,CE,Federal Contract Tower,0,3,8,6,17,0,21,34,0,55,0,24,42,6,72,122,6,128,200
10/23/2021,ARA,LA,ASW,CE,Federal Contract Tower,0,7,5,4,16,0,12,24,0,36,0,19,29,4,52,102,0,102,154
10/24/2021,ARA,LA,ASW,CE,Federal Contract Tower,2,3,3,0,8,0,9,19,0,28,2,12,22,0,36,14,0,14,50
10/25/2021,ARA,LA,ASW,CE,Federal Contract Tower,0,11,10,6,27,0,12,19,2,33,0,23,29,8,60,148,6,154,214
10/26/2021,ARA,LA,ASW,CE,Federal Contract Tower,0,2,14,11,27,0,20,37,4,61,0,22,51,15,88,68,6,74,162
10/27/2021,ARA,LA,ASW,CE,Federal Contract Tower,0,7,6,0,13,0,10,2,2,14,0,17,8,2,27,2,0,2,29
10/28/2021,ARA,LA,ASW,CE,Federal Contract Tower,2,0,3,0,5,0,14,20,1,35,2,14,23,1,40,98,0,98,138
10/29/2021,ARA,LA,ASW,CE,Federal Contract Tower,0,6,11,19,36,0,20,34,6,60,0,26,45,25,96,2,6,8,104
10/30/2021,ARA,LA,ASW,CE,Federal Contract Tower,0,1,8,2,11,0,18,35,0,53,0,19,43,2,64,80,0,80,144
10/31/2021,ARA,LA,ASW,CE,Federal Contract Tower,0,8,2,8,18,0,20,13,0,33,0,28,15,8,51,38,0,38,89
11/01/2021,ARA,LA,ASW,CE,Federal Contract Tower,0,4,8,13,25,0,22,37,7,66,0,26,45,20,91,84,30,114,205
11/02/2021,ARA,LA,ASW,CE,Federal Contract Tower,0,3,7,15,25,0,36,33,7,76,0,39,40,22,101,348,4,352,453
11/03/2021,ARA,LA,ASW,CE,Federal Contract Tower,0,3,7,10,20,0,35,43,8,86,0,38,50,18,106,112,14,126,232
11/04/2021,ARA,LA,ASW,CE,Federal Contract Tower,0,10,11,10,31,0,12,10,2,24,0,22,21,12,55,24,0,24,79
11/05/2021,ARA,LA,ASW,CE,Federal Contract Tower,0,10,7,18,35,0,6,17,0,23,0,16,24,18,58,80,0,80,138
11/06/2021,ARA,LA,ASW,CE,Federal Contract Tower,0,6,5,9,20,0,10,11,0,21,0,16,16,9,41,6,2,8,49
11/07/2021,ARA,LA,ASW,CE,Federal Contract Tower,0,3,5,21,29,0,13,37,3,53,0,16,42,24,82,86,0,86,168
11/08/2021,ARA,LA,ASW,CE,Federal Contract Tower,2,4,8,5,19,0,15,16,7,38,2,19,24,12,57,38,10,48,105
11/09/2021,ARA,LA,ASW,CE,Federal Contract Tower,0,8,7,16,31,0,47,49,3,99,0,55,56,19,130,162,0,162,292
11/10/2021,ARA,LA,ASW,CE,Federal Contract Tower,0,4,8,3,15,0,10,32,7,49,0,14,40,10,64,110,12,122,186
11/11/2021,ARA,LA,ASW,CE,Federal Contract Tower,1,5,4,0,10,0,21,17,0,38,1,26,21,0,48,58,0,58,106
11/12/2021,ARA,LA,ASW,CE,Federal Contract Tower,1,7,3,4,15,0,19,53,0,72,1,26,56,4,87,202,4,206,293
11/13/2021,ARA,LA,ASW,CE,Federal Contract Tower,0,4,2,0,6,0,11,20,0,31,0,15,22,0,37,64,0,64,101
11/14/2021,ARA,LA,ASW,CE,Federal Contract Tower,0,1,1,0,2,0,22,20,0,42,0,23,21,0,44,70,0,70,114
11/15/2021,ARA,LA,ASW,CE,Federal Contract Tower,0,8,14,1,23,0,7,23,0,30,0,15,37,1,53,40,0,40,93
11/16/2021,ARA,LA,ASW,CE,Federal Contract Tower,0,4,7,3,14,0,26,40,3,69,0,30,47,6,83,94,0,94,177
11/17/2021,ARA,LA,ASW,CE,Federal Contract Tower,0,4,9,13,26,0,27,21,0,48,0,31,30,13,74,134,0,134,208
11/18/2021,ARA,LA,ASW,CE,Federal Contract Tower,0,12,7,9,28,0,20,11,5,36,0,32,18,14,64,164,0,164,228
11/19/2021,ARA,LA,ASW,CE,Federal Contract Tower,0,3,4,8,15,0,21,32,5,58,0,24,36,13,73,160,2,162,235
11/20/2021,ARA,LA,ASW,CE,Federal Contract Tower,0,10,3,0,13,0,14,41,1,56,0,24,44,1,69,86,10,96,165
11/21/2021,ARA,LA,ASW,CE,Federal Contract Tower,0,4,6,0,10,0,8,8,0,16,0,12,14,0,26,46,0,46,72
11/22/2021,ARA,LA,ASW,CE,Federal Contract Tower,0,6,10,24,40,0,7,21,1,29,0,13,31,25,69,72,0,72,141
11/23/2021,ARA,LA,ASW,CE,Federal Contract Tower,2,5,9,4,20,0,17,56,1,74,2,22,65,5,94,266,10,276,370
11/24/2021,ARA,LA,ASW,CE,Federal Contract Tower,0,2,5,0,7,0,17,28,0,45,0,19,33,0,52,76,0,76,128
11/25/2021,ARA,LA,ASW,CE,Federal Contract Tower,0,3,0,0,3,0,12,4,0,16,0,15,4,0,19,2,0,2,21
11/26/2021,ARA,LA,ASW,CE,Federal Contract Tower,0,3,4,0,7,0,16,19,0,35,0,19,23,0,42,86,0,86,128
11/27/2021,ARA,LA,ASW,CE,Federal Contract Tower,0,1,3,0,4,0,13,16,0,29,0,14,19,0,33,34,0,34,67
11/28/2021,ARA,LA,ASW,CE,Federal Contract Tower,2,3,5,0,10,0,13,1,0,14,2,16,6,0,24,154,0,154,178
11/29/2021,ARA,LA,ASW,CE,Federal Contract Tower,0,4,11,9,24,0,28,19,1,48,0,32,30,10,72,110,0,110,182
11/30/2021,ARA,LA,ASW,CE,Federal Contract Tower,0,1,2,12,15,0,35,23,6,64,0,36,25,18,79,146,12,158,237
12/01/2021,ARA,LA,ASW,CE,Federal Contract Tower,0,0,7,5,12,0,35,29,0,64,0,35,36,5,76,152,0,152,228
12/02/2021,ARA,LA,ASW,CE,Federal Contract Tower,0,6,4,7,17,0,31,29,1,61,0,37,33,8,78,76,0,76,154
12/03/2021,ARA,LA,ASW,CE,Federal Contract Tower,0,10,8,3,21,0,22,37,0,59,0,32,45,3,80,72,0,72,152
12/04/2021,ARA,LA,ASW,CE,Federal Contract Tower,0,4,9,0,13,0,13,29,0,42,0,17,38,0,55,154,0,154,209
12/05/2021,ARA,LA,ASW,CE,Federal Contract Tower,0,3,2,0,5,0,9,15,0,24,0,12,17,0,29,68,0,68,97
12/06/2021,ARA,LA,ASW,CE,Federal Contract Tower,0,11,5,0,16,0,14,23,2,39,0,25,28,2,55,50,0,50,105
12/07/2021,ARA,LA,ASW,CE,Federal Contract Tower,2,21,3,0,26,0,0,0,0,0,2,21,3,0,26,0,0,0,26
12/08/2021,ARA,LA,ASW,CE,Federal Contract Tower,0,13,6,3,22,0,10,19,1,30,0,23,25,4,52,16,0,16,68
12/09/2021,ARA,LA,ASW,CE,Federal Contract Tower,0,22,7,0,29,0,2,6,0,8,0,24,13,0,37,4,0,4,41
12/10/2021,ARA,LA,ASW,CE,Federal Contract Tower,0,19,2,2,23,0,8,18,1,27,0,27,20,3,50,86,0,86,136
12/11/2021,ARA,LA,ASW,CE,Federal Contract Tower,0,9,1,0,10,0,10,2,0,12,0,19,3,0,22,16,0,16,38
12/12/2021,ARA,LA,ASW,CE,Federal Contract Tower,2,9,5,22,38,0,9,15,0,24,2,18,20,22,62,56,0,56,118
12/13/2021,ARA,LA,ASW,CE,Federal Contract Tower,0,13,3,2,18,0,19,21,1,41,0,32,24,3,59,42,0,42,101
12/14/2021,ARA,LA,ASW,CE,Federal Contract Tower,0,14,3,2,19,0,11,16,0,27,0,25,19,2,46,28,0,28,74
12/15/2021,ARA,LA,ASW,CE,Federal Contract Tower,0,15,1,2,18,0,26,38,0,64,0,41,39,2,82,82,0,82,164
12/16/2021,ARA,LA,ASW,CE,Federal Contract Tower,0,4,9,10,23,0,24,43,8,75,0,28,52,18,98,32,20,52,150
12/17/2021,ARA,LA,ASW,CE,Federal Contract Tower,0,10,10,4,24,0,9,32,0,41,0,19,42,4,65,58,0,58,123
12/18/2021,ARA,LA,ASW,CE,Federal Contract Tower,0,7,3,0,10,0,9,5,0,14,0,16,8,0,24,16,0,16,40
12/19/2021,ARA,LA,ASW,CE,Federal Contract Tower,0,9,2,2,13,0,10,12,0,22,0,19,14,2,35,48,0,48,83
12/20/2021,ARA,LA,ASW,CE,Federal Contract Tower,1,11,5,2,19,0,7,9,0,16,1,18,14,2,35,40,0,40,75
12/21/2021,ARA,LA,ASW,CE,Federal Contract Tower,2,11,5,11,29,0,12,33,2,47,2,23,38,13,76,110,2,112,188
12/22/2021,ARA,LA,ASW,CE,Federal Contract Tower,0,2,3,8,13,0,23,44,2,69,0,25,47,10,82,178,2,180,262
12/23/2021,ARA,LA,ASW,CE,Federal Contract Tower,0,3,5,0,8,0,19,34,0,53,0,22,39,0,61,30,0,30,91
12/24/2021,ARA,LA,ASW,CE,Federal Contract Tower,0,4,0,0,4,0,9,12,0,21,0,13,12,0,25,24,0,24,49
12/25/2021,ARA,LA,ASW,CE,Federal Contract Tower,0,0,2,0,2,0,12,8,0,20,0,12,10,0,22,0,0,0,22
12/26/2021,ARA,LA,ASW,CE,Federal Contract Tower,0,1,2,0,3,0,5,10,0,15,0,6,12,0,18,16,0,16,34
12/27/2021,ARA,LA,ASW,CE,Federal Contract Tower,2,6,0,2,10,0,14,18,0,32,2,20,18,2,42,18,0,18,60
12/28/2021,ARA,LA,ASW,CE,Federal Contract Tower,0,13,3,2,18,0,15,7,2,24,0,28,10,4,42,16,0,16,58
12/29/2021,ARA,LA,ASW,CE,Federal Contract Tower,0,25,0,5,30,0,7,7,6,20,0,32,7,11,50,6,0,6,56
12/30/2021,ARA,LA,ASW,CE,Federal Contract Tower,0,2,7,3,12,0,13,22,1,36,0,15,29,4,48,60,2,62,110
12/31/2021,ARA,LA,ASW,CE,Federal Contract Tower,0,12,1,0,13,0,16,17,0,33,0,28,18,0,46,122,0,122,168
01/01/2022,ARA,LA,ASW,CE,Federal Contract Tower,0,5,0,0,5,0,3,0,0,3,0,8,0,0,8,0,0,0,8
01/02/2022,ARA,LA,ASW,CE,Federal Contract Tower,0,9,0,0,9,0,8,0,0,8,0,17,0,0,17,0,0,0,17
01/03/2022,ARA,LA,ASW,CE,Federal Contract Tower,0,10,8,0,18,0,20,18,0,38,0,30,26,0,56,130,0,130,186
01/04/2022,ARA,LA,ASW,CE,Federal Contract Tower,0,2,0,8,10,0,17,40,2,59,0,19,40,10,69,114,0,114,183
01/05/2022,ARA,LA,ASW,CE,Federal Contract Tower,0,4,8,5,17,0,18,26,6,50,0,22,34,11,67,58,0,58,125
01/06/2022,ARA,LA,ASW,CE,Federal Contract Tower,0,9,2,18,29,0,12,31,8,51,0,21,33,26,80,68,4,72,152
01/07/2022,ARA,LA,ASW,CE,Federal Contract Tower,0,6,3,7,16,0,15,39,1,55,0,21,42,8,71,100,4,104,175
01/08/2022,ARA,LA,ASW,CE,Federal Contract Tower,0,6,1,0,7,0,8,5,0,13,0,14,6,0,20,20,0,20,40
01/09/2022,ARA,LA,ASW,CE,Federal Contract Tower,0,6,3,0,9,0,6,9,0,15,0,12,12,0,24,32,0,32,56
01/10/2022,ARA,LA,ASW,CE,Federal Contract Tower,1,9,4,3,17,0,24,7,0,31,1,33,11,3,48,56,2,58,106
01/11/2022,ARA,LA,ASW,CE,Federal Contract Tower,0,2,2,4,8,0,21,28,3,52,0,23,30,7,60,116,20,136,196
01/12/2022,ARA,LA,ASW,CE,Federal Contract Tower,0,7,14,5,26,0,28,56,6,90,0,35,70,11,116,182,2,184,300
01/13/2022,ARA,LA,ASW,CE,Federal Contract Tower,0,9,18,6,33,0,28,37,1,66,0,37,55,7,99,88,0,88,187
01/14/2022,ARA,LA,ASW,CE,Federal Contract Tower,2,5,5,15,27,0,22,39,7,68,2,27,44,22,95,158,6,164,259
01/15/2022,ARA,LA,ASW,CE,Federal Contract Tower,1,4,5,0,10,0,9,3,0,12,1,13,8,0,22,6,0,6,28
01/16/2022,ARA,LA,ASW,CE,Federal Contract Tower,0,2,8,1,11,0,14,13,0,27,0,16,21,1,38,20,0,20,58
01/17/2022,ARA,LA,ASW,CE,Federal Contract Tower,0,3,9,2,14,0,19,31,0,50,0,22,40,2,64,54,10,64,128
01/18/2022,ARA,LA,ASW,CE,Federal Contract Tower,0,4,3,7,14,0,22,20,2,44,0,26,23,9,58,80,16,96,154
01/19/2022,ARA,LA,ASW,CE,Federal Contract Tower,0,1,7,4,12,0,18,68,3,89,0,19,75,7,101,212,0,212,313
01/20/2022,ARA,LA,ASW,CE,Federal Contract Tower,0,10,4,0,14,0,3,2,0,5,0,13,6,0,19,4,0,4,23
01/21/2022,ARA,LA,ASW,CE,Federal Contract Tower,0,1,10,1,12,0,3,20,1,24,0,4,30,2,36,86,0,86,122
01/22/2022,ARA,LA,ASW,CE,Federal Contract Tower,0,0,3,4,7,0,6,12,3,21,0,6,15,7,28,12,8,20,48
01/23/2022,ARA,LA,ASW,CE,Federal Contract Tower,2,2,1,0,5,0,11,19,0,30,2,13,20,0,35,52,0,52,87
01/24/2022,ARA,LA,ASW,CE,Federal Contract Tower,0,3,5,16,24,0,7,2,2,11,0,10,7,18,35,0,0,0,35
01/25/2022,ARA,LA,ASW,CE,Federal Contract Tower,0,5,11,1,17,0,1,11,1,13,0,6,22,2,30,22,0,22,52
01/26/2022,ARA,LA,ASW,CE,Federal Contract Tower,0,1,6,2,9,0,3,47,3,53,0,4,53,5,62,50,8,58,120
01/27/2022,ARA,LA,ASW,CE,Federal Contract Tower,0,0,21,13,34,0,15,62,1,78,0,15,83,14,112,106,0,106,218
01/28/2022,ARA,LA,ASW,CE,Federal Contract Tower,0,0,6,13,19,0,9,26,4,39,0,9,32,17,58,50,2,52,110
01/29/2022,ARA,LA,ASW,CE,Federal Contract Tower,0,1,3,0,4,0,4,29,0,33,0,5,32,0,37,50,0,50,87
01/30/2022,ARA,LA,ASW,CE,Federal Contract Tower,0,0,2,0,2,0,8,16,2,26,0,8,18,2,28,26,0,26,54
01/31/2022,ARA,LA,ASW,CE,Federal Contract Tower,0,0,4,2,6,0,18,19,0,37,0,18,23,2,43,82,0,82,125
02/01/2022,ARA,LA,ASW,CE,Federal Contract Tower,2,4,3,0,9,0,2,13,0,15,2,6,16,0,24,24,0,24,48
02/02/2022,ARA,LA,ASW,CE,Federal Contract Tower,0,6,1,0,7,0,2,6,0,8,0,8,7,0,15,28,0,28,43
02/03/2022,ARA,LA,ASW,CE,Federal Contract Tower,0,4,2,0,6,0,0,0,0,0,0,4,2,0,6,0,0,0,6
02/04/2022,ARA,LA,ASW,CE,Federal Contract Tower,0,0,1,12,13,0,0,13,1,14,0,0,14,13,27,28,0,28,55
02/05/2022,ARA,LA,ASW,CE,Federal Contract Tower,0,2,4,2,8,0,2,16,2,20,0,4,20,4,28,12,0,12,40
02/06/2022,ARA,LA,ASW,CE,Federal Contract Tower,0,2,5,11,18,0,7,36,0,43,0,9,41,11,61,88,0,88,149
02/07/2022,ARA,LA,ASW,CE,Federal Contract Tower,2,4,8,5,19,0,10,21,1,32,2,14,29,6,51,94,0,94,145
02/08/2022,ARA,LA,ASW,CE,Federal Contract Tower,0,0,5,11,16,0,6,46,9,61,0,6,51,20,77,110,2,112,189
02/09/2022,ARA,LA,ASW,CE,Federal Contract Tower,0,1,6,7,14,0,9,33,15,57,0,10,39,22,71,72,14,86,157
02/10/2022,ARA,LA,ASW,CE,Federal Contract Tower,0,2,11,9,22,0,8,40,5,53,0,10,51,14,75,64,12,76,151
02/11/2022,ARA,LA,ASW,CE,Federal Contract Tower,0,1,5,0,6,0,16,56,0,72,0,17,61,0,78,222,0,222,300
02/12/2022,ARA,LA,ASW,CE,Federal Contract Tower,0,3,1,8,12,0,7,12,0,19,0,10,13,8,31,88,0,88,119
02/13/2022,ARA,LA,ASW,CE,Federal Contract Tower,0,0,3,2,5,0,11,7,0,18,0,11,10,2,23,30,0,30,53
02/14/2022,ARA,LA,ASW,CE,Federal Contract Tower,0,0,13,26,39,0,19,20,0,39,0,19,33,26,78,150,4,154,232
02/15/2022,ARA,LA,ASW,CE,Federal Contract Tower,2,0,7,3,12,0,6,33,5,44,2,6,40,8,56,100,0,100,156
02/16/2022,ARA,LA,ASW,CE,Federal Contract Tower,0,0,6,14,20,0,5,12,4,21,0,5,18,18,41,0,0,0,41
02/17/2022,ARA,LA,ASW,CE,Federal Contract Tower,0,1,2,0,3,0,5,1,0,6,0,6,3,0,9,0,0,0,9
02/18/2022,ARA,LA,ASW,CE,Federal Contract Tower,0,2,3,20,25,0,13,27,1,41,0,15,30,21,66,116,2,118,184
02/19/2022,ARA,LA,ASW,CE,Federal Contract Tower,2,0,3,0,5,0,3,28,0,31,2,3,31,0,36,50,0,50,86
02/20/2022,ARA,LA,ASW,CE,Federal Contract Tower,0,3,5,1,9,0,9,38,0,47,0,12,43,1,56,130,2,132,188
02/21/2022,ARA,LA,ASW,CE,Federal Contract Tower,0,1,1,0,2,0,7,7,0,14,0,8,8,0,16,0,0,0,16
02/22/2022,ARA,LA,ASW,CE,Federal Contract Tower,0,3,1,4,8,0,13,23,0,36,0,16,24,4,44,32,0,32,76
02/23/2022,ARA,LA,ASW,CE,Federal Contract Tower,0,3,6,6,15,0,8,14,0,22,0,11,20,6,37,34,0,34,71
02/24/2022,ARA,LA,ASW,CE,Federal Contract Tower,0,2,5,1,8,0,3,12,2,17,0,5,17,3,25,56,2,58,83
02/25/2022,ARA,LA,ASW,CE,Federal Contract Tower,0,2,6,12,20,0,11,19,0,30,0,13,25,12,50,40,0,40,90
02/26/2022,ARA,LA,ASW,CE,Federal Contract Tower,0,2,3,4,9,0,8,5,0,13,0,10,8,4,22,34,0,34,56
02/27/2022,ARA,LA,ASW,CE,Federal Contract Tower,0,0,3,6,9,0,1,6,0,7,0,1,9,6,16,4,0,4,20
02/28/2022,ARA,LA,ASW,CE,Federal Contract Tower,0,0,8,16,24,0,12,25,1,38,0,12,33,17,62,10,2,12,74
03/01/2022,ARA,LA,ASW,CE,Federal Contract Tower,0,0,2,14,16,0,5,26,11,42,0,5,28,25,58,18,28,46,104
03/02/2022,ARA,LA,ASW,CE,Federal Contract Tower,2,3,9,6,20,0,14,20,4,38,2,17,29,10,58,84,2,86,144
03/03/2022,ARA,LA,ASW,CE,Federal Contract Tower,0,0,0,2,2,0,5,37,4,46,0,5,37,6,48,96,2,98,146
03/04/2022,ARA,LA,ASW,CE,Federal Contract Tower,0,1,14,7,22,0,5,38,5,48,0,6,52,12,70,34,0,34,104
03/05/2022,ARA,LA,ASW,CE,Federal Contract Tower,0,5,3,0,8,0,0,5,3,8,0,5,8,3,16,0,4,4,20
03/06/2022,ARA,LA,ASW,CE,Federal Contract Tower,0,1,4,4,9,0,2,7,0,9,0,3,11,4,18,0,0,0,18
03/07/2022,ARA,LA,ASW,CE,Federal Contract Tower,2,0,4,8,14,0,4,12,2,18,2,4,16,10,32,120,0,120,152
03/08/2022,ARA,LA,ASW,CE,Federal Contract Tower,0,4,2,0,6,0,0,7,0,7,0,4,9,0,13,76,0,76,89
03/09/2022,ARA,LA,ASW,CE,Federal Contract Tower,0,2,9,25,36,0,9,23,2,34,0,11,32,27,70,92,2,94,164
03/10/2022,ARA,LA,ASW,CE,Federal Contract Tower,0,2,18,28,48,0,7,35,23,65,0,9,53,51,113,90,12,102,215
03/11/2022,ARA,LA,ASW,CE,Federal Contract Tower,0,0,11,11,22,0,5,15,2,22,0,5,26,13,44,60,2,62,106
03/12/2022,ARA,LA,ASW,CE,Federal Contract Tower,0,2,4,24,30,0,5,5,0,10,0,7,9,24,40,25,6,31,71
03/13/2022,ARA,LA,ASW,CE,Federal Contract Tower,0,1,4,1,6,0,0,36,0,36,0,1,40,1,42,90,0,90,132
03/14/2022,ARA,LA,ASW,CE,Federal Contract Tower,0,1,5,2,8,0,5,13,0,18,0,6,18,2,26,102,0,102,128
03/15/2022,ARA,LA,ASW,CE,Federal Contract Tower,1,0,0,5,6,0,6,18,8,32,1,6,18,13,38,110,2,112,150
03/16/2022,ARA,LA,ASW,CE,Federal Contract Tower,0,3,10,9,22,0,10,36,6,52,0,13,46,15,74,136,8,144,218
03/17/2022,ARA,LA,ASW,CE,Federal Contract Tower,1,1,5,7,14,0,7,47,7,61,1,8,52,14,75,102,8,110,185
03/18/2022,ARA,LA,ASW,CE,Federal Contract Tower,0,0,0,9,9,0,4,34,0,38,0,4,34,9,47,182,0,182,229
03/19/2022,ARA,LA,ASW,CE,Federal Contract Tower,0,0,6,15,21,0,6,28,1,35,0,6,34,16,56,58,34,92,148
03/20/2022,ARA,LA,ASW,CE,Federal Contract Tower,2,0,2,8,12,0,6,19,0,25,2,6,21,8,37,70,0,70,107
03/21/2022,ARA,LA,ASW,CE,Federal Contract Tower,1,0,1,2,4,0,10,19,0,29,1,10,20,2,33,36,0,36,69
03/22/2022,ARA,LA,ASW,CE,Federal Contract Tower,0,1,0,0,1,0,5,1,0,6,0,6,1,0,7,44,0,44,51
03/23/2022,ARA,LA,ASW,CE,Federal Contract Tower,0,1,10,11,22,0,16,34,8,58,0,17,44,19,80,36,26,62,142
03/24/2022,ARA,LA,ASW,CE,Federal Contract Tower,0,0,12,3,15,0,8,43,4,55,0,8,55,7,70,96,2,98,168
03/25/2022,ARA,LA,ASW,CE,Federal Contract Tower,0,1,4,4,9,0,1,25,2,28,0,2,29,6,37,72,6,78,115
03/26/2022,ARA,LA,ASW,CE,Federal Contract Tower,0,0,1,6,7,0,2,39,2,43,0,2,40,8,50,40,4,44,94
03/27/2022,ARA,LA,ASW,CE,Federal Contract Tower,0,1,1,1,3,0,2,29,1,32,0,3,30,2,35,68,0,68,103
03/28/2022,ARA,LA,ASW,CE,Federal Contract Tower,0,1,9,6,16,0,10,36,1,47,0,11,45,7,63,114,0,114,177
03/29/2022,ARA,LA,ASW,CE,Federal Contract Tower,0,0,6,13,19,0,3,9,3,15,0,3,15,16,34,46,4,50,84
03/30/2022,ARA,LA,ASW,CE,Federal Contract Tower,0,0,1,0,1,0,0,1,0,1,0,0,2,0,2,0,0,0,2
03/31/2022,ARA,LA,ASW,CE,Federal Contract Tower,0,0,16,21,37,0,3,30,7,40,0,3,46,28,77,112,0,112,189
04/01/2022,ARA,LA,ASW,CE,Federal Contract Tower,0,1,7,1,9,0,8,24,7,39,0,9,31,8,48,100,6,106,154
04/02/2022,ARA,LA,ASW,CE,Federal Contract Tower,0,2,11,1,14,0,3,14,0,17,0,5,25,1,31,30,0,30,61
04/03/2022,ARA,LA,ASW,CE,Federal Contract Tower,2,2,5,3,12,0,2,22,2,26,2,4,27,5,38,62,24,86,124
04/04/2022,ARA,LA,ASW,CE,Federal Contract Tower,0,0,7,1,8,0,7,19,1,27,0,7,26,2,35,82,14,96,131
04/05/2022,ARA,LA,ASW,CE,Federal Contract Tower,0,0,2,8,10,0,2,16,0,18,0,2,18,8,28,52,2,54,82
04/06/2022,ARA,LA,ASW,CE,Federal Contract Tower,2,0,10,4,16,0,3,29,4,36,2,3,39,8,52,10,0,10,62
04/07/2022,ARA,LA,ASW,CE,Federal Contract Tower,0,2,10,13,25,0,3,36,0,39,0,5,46,13,64,84,10,94,158
04/08/2022,ARA,LA,ASW,CE,Federal Contract Tower,0,6,10,14,30,0,4,34,10,48,0,10,44,24,78,122,14,136,214
04/09/2022,ARA,LA,ASW,CE,Federal Contract Tower,0,0,7,4,11,0,5,30,4,39,0,5,37,8,50,90,0,90,140
04/10/2022,ARA,LA,ASW,CE,Federal Contract Tower,0,0,2,0,2,0,5,9,0,14,0,5,11,0,16,0,0,0,16
04/11/2022,ARA,LA,ASW,CE,Federal Contract Tower,0,2,6,0,8,0,4,19,0,23,0,6,25,0,31,46,0,46,77
04/12/2022,ARA,LA,ASW,CE,Federal Contract Tower,0,0,4,5,9,0,0,11,0,11,0,0,15,5,20,106,0,106,126
04/13/2022,ARA,LA,ASW,CE,Federal Contract Tower,0,0,3,2,5,0,8,14,2,24,0,8,17,4,29,30,0,30,59
04/14/2022,ARA,LA,ASW,CE,Federal Contract Tower,0,1,11,13,25,0,7,58,8,73,0,8,69,21,98,104,14,118,216
04/15/2022,ARA,LA,ASW,CE,Federal Contract Tower,0,2,1,1,4,0,6,8,0,14,0,8,9,1,18,38,0,38,56
04/16/2022,ARA,LA,ASW,CE,Federal Contract Tower,0,1,0,0,1,0,3,6,0,9,0,4,6,0,10,0,0,0,10
04/17/2022,ARA,LA,ASW,CE,Federal Contract Tower,0,0,1,0,1,0,3,3,0,6,0,3,4,0,7,0,0,0,7
04/18/2022,ARA,LA,ASW,CE,Federal Contract Tower,4,3,5,5,17,0,7,16,2,25,4,10,21,7,42,16,0,16,58
04/19/2022,ARA,LA,ASW,CE,Federal Contract Tower,0,1,3,10,14,0,3,35,5,43,0,4,38,15,57,92,8,100,157
04/20/2022,ARA,LA,ASW,CE,Federal Contract Tower,0,1,5,4,10,0,12,27,6,45,0,13,32,10,55,208,0,208,263
04/21/2022,ARA,LA,ASW,CE,Federal Contract Tower,0,0,4,0,4,0,12,23,0,35,0,12,27,0,39,140,0,140,179
04/22/2022,ARA,LA,ASW,CE,Federal Contract Tower,0,4,4,0,8,0,9,35,0,44,0,13,39,0,52,74,0,74,126
04/23/2022,ARA,LA,ASW,CE,Federal Contract Tower,2,0,5,0,7,0,5,13,0,18,2,5,18,0,25,2,0,2,27
04/24/2022,ARA,LA,ASW,CE,Federal Contract Tower,0,2,2,0,4,0,6,9,0,15,0,8,11,0,19,52,0,52,71
04/25/2022,ARA,LA,ASW,CE,Federal Contract Tower,0,2,11,3,16,0,4,5,0,9,0,6,16,3,25,0,2,2,27
04/26/2022,ARA,LA,ASW,CE,Federal Contract Tower,0,2,8,15,25,0,6,24,3,33,0,8,32,18,58,76,6,82,140
04/27/2022,ARA,LA,ASW,CE,Federal Contract Tower,0,1,9,12,22,0,8,48,3,59,0,9,57,15,81,204,2,206,287
04/28/2022,ARA,LA,ASW,CE,Federal Contract Tower,0,1,16,3,20,0,7,47,1,55,0,8,63,4,75,98,0,98,173
04/29/2022,ARA,LA,ASW,CE,Federal Contract Tower,0,1,3,26,30,0,15,35,2,52,0,16,38,28,82,108,6,114,196
04/30/2022,ARA,LA,ASW,CE,Federal Contract Tower,0,0,1,11,12,0,3,48,0,51,0,3,49,11,63,40,12,52,115
05/01/2022,ARA,LA,ASW,CE,Federal Contract Tower,2,2,1,0,5,0,6,2,0,8,2,8,3,0,13,10,0,10,23
05/02/2022,ARA,LA,ASW,CE,Federal Contract Tower,0,3,15,0,18,0,9,29,0,38,0,12,44,0,56,98,0,98,154
05/03/2022,ARA,LA,ASW,CE,Federal Contract Tower,0,3,2,0,5,0,5,27,0,32,0,8,29,0,37,200,0,200,237
05/04/2022,ARA,LA,ASW,CE,Federal Contract Tower,0,2,10,4,16,0,9,31,2,42,0,11,41,6,58,128,2,130,188
05/05/2022,ARA,LA,ASW,CE,Federal Contract Tower,0,2,3,4,9,0,3,22,4,29,0,5,25,8,38,80,0,80,118
05/06/2022,ARA,LA,ASW,CE,Federal Contract Tower,0,0,20,0,20,0,9,27,2,38,0,9,47,2,58,34,0,34,92
05/07/2022,ARA,LA,ASW,CE,Federal Contract Tower,0,1,4,0,5,0,10,23,0,33,0,11,27,0,38,60,0,60,98
05/08/2022,ARA,LA,ASW,CE,Federal Contract Tower,0,1,4,6,11,0,1,24,0,25,0,2,28,6,36,30,14,44,80
05/09/2022,ARA,LA,ASW,CE,Federal Contract Tower,2,3,12,6,23,0,2,12,1,15,2,5,24,7,38,84,0,84,122
05/10/2022,ARA,LA,ASW,CE,Federal Contract Tower,0,1,2,5,8,0,6,31,0,37,0,7,33,5,45,150,0,150,195
05/11/2022,ARA,LA,ASW,CE,Federal Contract Tower,0,1,4,3,8,0,2,30,3,35,0,3,34,6,43,108,6,114,157
05/12/2022,ARA,LA,ASW,CE,Federal Contract Tower,0,0,9,22,31,0,13,28,0,41,0,13,37,22,72,114,30,144,216
05/13/2022,ARA,LA,ASW,CE,Federal Contract Tower,0,6,5,0,11,0,6,20,4,30,0,12,25,4,41,18,2,20,61
05/14/2022,ARA,LA,ASW,CE,Federal Contract Tower,0,2,4,4,10,0,1,23,0,24,0,3,27,4,34,42,0,42,76
05/15/2022,ARA,LA,ASW,CE,Federal Contract Tower,2,0,3,0,5,0,7,15,0,22,2,7,18,0,27,30,0,30,57
05/16/2022,ARA,LA,ASW,CE,Federal Contract Tower,1,0,8,1,10,0,6,19,0,25,1,6,27,1,35,164,0,164,199
05/17/2022,ARA,LA,ASW,CE,Federal Contract Tower,0,6,0,14,20,0,5,12,4,21,0,11,12,18,41,0,0,0,41
05/18/2022,ARA,LA,ASW,CE,Federal Contract Tower,0,0,6,3,9,0,5,30,4,39,0,5,36,7,48,20,8,28,76
05/19/2022,ARA,LA,ASW,CE,Federal Contract Tower,0,0,8,15,23,0,12,35,8,55,0,12,43,23,78,26,12,38,116
05/20/2022,ARA,LA,ASW,CE,Federal Contract Tower,0,3,6,8,17,0,6,29,0,35,0,9,35,8,52,62,0,62,114
05/21/2022,ARA,LA,ASW,CE,Federal Contract Tower,0,0,6,7,13,0,14,5,2,21,0,14,11,9,34,10,0,10,44
05/22/2022,ARA,LA,ASW,CE,Federal Contract Tower,1,1,5,0,7,0,10,1,0,11,1,11,6,0,18,4,0,4,22
05/23/2022,ARA,LA,ASW,CE,Federal Contract Tower,1,5,3,2,11,0,9,5,0,14,1,14,8,2,25,22,0,22,47
05/24/2022,ARA,LA,ASW,CE,Federal Contract Tower,0,0,5,4,9,0,6,18,0,24,0,6,23,4,33,58,0,58,91
05/25/2022,ARA,LA,ASW,CE,Federal Contract Tower,0,0,0,0,0,0,3,7,0,10,0,3,7,0,10,28,0,28,38
05/26/2022,ARA,LA,ASW,CE,Federal Contract Tower,0,0,6,4,10,0,11,40,0,51,0,11,46,4,61,58,0,58,119
05/27/2022,ARA,LA,ASW,CE,Federal Contract Tower,0,3,2,0,5,0,4,35,0,39,0,7,37,0,44,52,0,52,96
05/28/2022,ARA,LA,ASW,CE,Federal Contract Tower,0,1,5,1,7,0,4,19,0,23,0,5,24,1,30,30,0,30,60
05/29/2022,ARA,LA,ASW,CE,Federal Contract Tower,0,0,1,0,1,0,5,18,0,23,0,5,19,0,24,12,0,12,36
05/30/2022,ARA,LA,ASW,CE,Federal Contract Tower,0,0,6,0,6,0,5,12,0,17,0,5,18,0,23,20,0,20,43
05/31/2022,ARA,LA,ASW,CE,Federal Contract Tower,2,2,3,1,8,0,6,17,4,27,2,8,20,5,35,74,0,74,109
06/01/2022,ARA,LA,ASW,CE,Federal Contract Tower,0,3,9,2,14,0,8,35,4,47,0,11,44,6,61,146,14,160,221
06/02/2022,ARA,LA,ASW,CE,Federal Contract Tower,0,0,6,0,6,0,9,23,2,34,0,9,29,2,40,78,16,94,134
06/03/2022,ARA,LA,ASW,CE,Federal Contract Tower,0,3,2,11,16,0,6,24,0,30,0,9,26,11,46,76,0,76,122
06/04/2022,ARA,LA,ASW,CE,Federal Contract Tower,0,0,0,0,0,0,14,20,0,34,0,14,20,0,34,78,0,78,112
06/05/2022,ARA,LA,ASW,CE,Federal Contract Tower,0,0,0,0,0,0,10,20,0,30,0,10,20,0,30,94,0,94,124
06/06/2022,ARA,LA,ASW,CE,Federal Contract Tower,0,0,4,5,9,0,10,24,3,37,0,10,28,8,46,102,10,112,158
06/07/2022,ARA,LA,ASW,CE,Federal Contract Tower,2,0,4,10,16,0,3,38,2,43,2,3,42,12,59,150,0,150,209
06/08/2022,ARA,LA,ASW,CE,Federal Contract Tower,0,1,8,2,11,0,12,42,4,58,0,13,50,6,69,174,4,178,247
06/09/2022,ARA,LA,ASW,CE,Federal Contract Tower,0,1,2,4,7,0,15,15,0,30,0,16,17,4,37,78,0,78,115
06/10/2022,ARA,LA,ASW,CE,Federal Contract Tower,0,0,3,0,3,0,8,16,0,24,0,8,19,0,27,68,0,68,95
06/11/2022,ARA,LA,ASW,CE,Federal Contract Tower,0,1,2,4,7,0,16,17,0,33,0,17,19,4,40,116,0,116,156
06/12/2022,ARA,LA,ASW,CE,Federal Contract Tower,0,0,2,5,7,0,8,23,1,32,0,8,25,6,39,62,6,68,107
06/13/2022,ARA,LA,ASW,CE,Federal Contract Tower,0,1,6,0,7,0,14,21,0,35,0,15,27,0,42,94,0,94,136
06/14/2022,ARA,LA,ASW,CE,Federal Contract Tower,0,0,5,2,7,0,10,50,0,60,0,10,55,2,67,176,0,176,243
06/15/2022,ARA,LA,ASW,CE,Federal Contract Tower,1,0,3,4,8,0,8,21,1,30,1,8,24,5,38,124,14,138,176
06/16/2022,ARA,LA,ASW,CE,Federal Contract Tower,0,0,11,14,25,0,7,23,0,30,0,7,34,14,55,58,0,58,113
06/17/2022,ARA,LA,ASW,CE,Federal Contract Tower,0,0,7,0,7,0,14,7,0,21,0,14,14,0,28,32,0,32,60
06/18/2022,ARA,LA,ASW,CE,Federal Contract Tower,0,1,2,0,3,0,12,14,0,26,0,13,16,0,29,40,0,40,69
06/19/2022,ARA,LA,ASW,CE,Federal Contract Tower,0,0,1,0,1,0,14,12,0,26,0,14,13,0,27,18,0,18,45
06/20/2022,ARA,LA,ASW,CE,Federal Contract Tower,0,0,4,0,4,0,7,29,0,36,0,7,33,0,40,32,0,32,72
06/21/2022,ARA,LA,ASW,CE,Federal Contract Tower,0,0,0,6,6,0,12,18,0,30,0,12,18,6,36,4,0,4,40
06/22/2022,ARA,LA,ASW,CE,Federal Contract Tower,0,0,6,10,16,0,6,27,1,34,0,6,33,11,50,64,4,68,118
06/23/2022,ARA,LA,ASW,CE,Federal Contract Tower,0,1,3,1,5,0,10,22,1,33,0,11,25,2,38,114,0,114,152
06/24/2022,ARA,LA,ASW,CE,Federal Contract Tower,0,0,11,13,24,0,10,40,4,54,0,10,51,17,78,156,4,160,238
06/25/2022,ARA,LA,ASW,CE,Federal Contract Tower,2,2,3,0,7,0,9,7,0,16,2,11,10,0,23,16,0,16,39
06/26/2022,ARA,LA,ASW,CE,Federal Contract Tower,0,1,1,0,2,0,5,9,0,14,0,6,10,0,16,18,0,18,34
06/27/2022,ARA,LA,ASW,CE,Federal Contract Tower,0,0,4,4,8,0,5,12,0,17,0,5,16,4,25,36,10,46,71
06/28/2022,ARA,LA,ASW,CE,Federal Contract Tower,0,2,2,1,5,0,15,17,1,33,0,17,19,2,38,128,8,136,174
06/29/2022,ARA,LA,ASW,CE,Federal Contract Tower,0,1,9,2,12,0,10,22,0,32,0,11,31,2,44,112,0,112,156
06/30/2022,ARA,LA,ASW,CE,Federal Contract Tower,0,1,6,0,7,0,7,15,0,22,0,8,21,0,29,32,0,32,61
07/01/2022,ARA,LA,ASW,CE,Federal Contract Tower,0,2,1,0,3,0,5,4,0,9,0,7,5,0,12,0,0,0,12
07/02/2022,ARA,LA,ASW,CE,Federal Contract Tower,2,1,3,0,6,0,6,15,0,21,2,7,18,0,27,8,0,8,35
07/03/2022,ARA,LA,ASW,CE,Federal Contract Tower,0,0,1,0,1,0,6,26,0,32,0,6,27,0,33,44,0,44,77
07/04/2022,ARA,LA,ASW,CE,Federal Contract Tower,0,0,0,0,0,0,8,21,0,29,0,8,21,0,29,98,0,98,127
07/05/2022,ARA,LA,ASW,CE,Federal Contract Tower,0,1,5,3,9,0,4,18,0,22,0,5,23,3,31,38,0,38,69
07/06/2022,ARA,LA,ASW,CE,Federal Contract Tower,0,0,5,0,5,0,12,6,0,18,0,12,11,0,23,58,0,58,81
07/07/2022,ARA,LA,ASW,CE,Federal Contract Tower,0,0,7,2,9,0,18,24,1,43,0,18,31,3,52,102,0,102,154
07/08/2022,ARA,LA,ASW,CE,Federal Contract Tower,0,0,8,3,11,0,6,35,1,42,0,6,43,4,53,68,0,68,121
07/09/2022,ARA,LA,ASW,CE,Federal Contract Tower,0,1,3,2,6,0,10,27,0,37,0,11,30,2,43,52,8,60,103
07/10/2022,ARA,LA,ASW,CE,Federal Contract Tower,0,0,1,0,1,0,8,19,0,27,0,8,20,0,28,18,0,18,46
07/11/2022,ARA,LA,ASW,CE,Federal Contract Tower,0,2,2,0,4,0,9,8,0,17,0,11,10,0,21,68,0,68,89
07/12/2022,ARA,LA,ASW,CE,Federal Contract Tower,0,2,3,0,5,0,6,21,0,27,0,8,24,0,32,2,0,2,34
07/13/2022,ARA,LA,ASW,CE,Federal Contract Tower,2,0,8,3,13,0,14,33,1,48,2,14,41,4,61,106,2,108,169
07/14/2022,ARA,LA,ASW,CE,Federal Contract Tower,0,0,2,0,2,0,10,33,0,43,0,10,35,0,45,18,0,18,63
07/15/2022,ARA,LA,ASW,CE,Federal Contract Tower,0,0,5,4,9,0,22,24,0,46,0,22,29,4,55,108,0,108,163
07/16/2022,ARA,LA,ASW,CE,Federal Contract Tower,0,0,4,0,4,0,9,44,0,53,0,9,48,0,57,28,0,28,85
07/17/2022,ARA,LA,ASW,CE,Federal Contract Tower,0,0,1,0,1,0,5,26,0,31,0,5,27,0,32,78,0,78,110
07/18/2022,ARA,LA,ASW,CE,Federal Contract Tower,2,0,5,4,11,0,12,25,0,37,2,12,30,4,48,40,0,40,88
07/19/2022,ARA,LA,ASW,CE,Federal Contract Tower,0,0,3,0,3,0,10,16,1,27,0,10,19,1,30,88,0,88,118
07/20/2022,ARA,LA,ASW,CE,Federal Contract Tower,0,1,2,0,3,0,8,53,0,61,0,9,55,0,64,144,0,144,208
07/21/2022,ARA,LA,ASW,CE,Federal Contract Tower,0,1,7,0,8,0,4,22,0,26,0,5,29,0,34,86,0,86,120
07/22/2022,ARA,LA,ASW,CE,Federal Contract Tower,0,2,2,0,4,0,4,16,0,20,0,6,18,0,24,80,0,80,104
07/23/2022,ARA,LA,ASW,CE,Federal Contract Tower,0,1,2,0,3,0,11,17,0,28,0,12,19,0,31,40,0,40,71
07/24/2022,ARA,LA,ASW,CE,Federal Contract Tower,0,0,2,0,2,0,4,17,0,21,0,4,19,0,23,16,0,16,39
07/25/2022,ARA,LA,ASW,CE,Federal Contract Tower,0,1,3,0,4,0,7,12,0,19,0,8,15,0,23,20,0,20,43
07/26/2022,ARA,LA,ASW,CE,Federal Contract Tower,0,1,11,0,12,0,9,14,0,23,0,10,25,0,35,78,0,78,113
07/27/2022,ARA,LA,ASW,CE,Federal Contract Tower,0,0,3,2,5,0,14,25,0,39,0,14,28,2,44,68,0,68,112
07/28/2022,ARA,LA,ASW,CE,Federal Contract Tower,0,0,9,0,9,0,9,34,0,43,0,9,43,0,52,48,0,48,100
07/29/2022,ARA,LA,ASW,CE,Federal Contract Tower,0,2,3,3,8,0,15,22,1,38,0,17,25,4,46,86,0,86,132
07/30/2022,ARA,LA,ASW,CE,Federal Contract Tower,0,0,7,0,7,0,11,12,0,23,0,11,19,0,30,100,0,100,130
07/31/2022,ARA,LA,ASW,CE,Federal Contract Tower,0,1,0,0,1,0,5,22,0,27,0,6,22,0,28,76,0,76,104
08/01/2022,ARA,LA,ASW,CE,Federal Contract Tower,0,0,5,5,10,0,6,18,0,24,0,6,23,5,34,48,4,52,86
08/02/2022,ARA,LA,ASW,CE,Federal Contract Tower,0,0,3,0,3,0,12,42,0,54,0,12,45,0,57,62,0,62,119
08/03/2022,ARA,LA,ASW,CE,Federal Contract Tower,0,0,4,0,4,0,10,5,0,15,0,10,9,0,19,18,0,18,37
08/04/2022,ARA,LA,ASW,CE,Federal Contract Tower,0,0,2,0,2,0,4,33,0,37,0,4,35,0,39,28,0,28,67
08/05/2022,ARA,LA,ASW,CE,Federal Contract Tower,0,1,3,0,4,0,13,30,0,43,0,14,33,0,47,92,0,92,139
08/06/2022,ARA,LA,ASW,CE,Federal Contract Tower,0,1,2,0,3,0,8,27,0,35,0,9,29,0,38,10,0,10,48
08/07/2022,ARA,LA,ASW,CE,Federal Contract Tower,1,0,2,0,3,0,5,15,2,22,1,5,17,2,25,8,0,8,33
08/08/2022,ARA,LA,ASW,CE,Federal Contract Tower,1,0,6,4,11,0,5,23,0,28,1,5,29,4,39,40,0,40,79
08/09/2022,ARA,LA,ASW,CE,Federal Contract Tower,0,2,5,0,7,0,14,28,0,42,0,16,33,0,49,88,0,88,137
08/10/2022,ARA,LA,ASW,CE,Federal Contract Tower,0,1,2,0,3,0,3,27,0,30,0,4,29,0,33,92,0,92,125
08/11/2022,ARA,LA,ASW,CE,Federal Contract Tower,0,1,5,0,6,0,1,14,0,15,0,2,19,0,21,18,0,18,39
08/12/2022,ARA,LA,ASW,CE,Federal Contract Tower,0,0,5,0,5,0,13,32,0,45,0,13,37,0,50,112,0,112,162
08/13/2022,ARA,LA,ASW,CE,Federal Contract Tower,0,2,1,0,3,0,2,21,0,23,0,4,22,0,26,36,0,36,62
08/14/2022,ARA,LA,ASW,CE,Federal Contract Tower,0,0,3,0,3,0,7,25,0,32,0,7,28,0,35,68,0,68,103
08/15/2022,ARA,LA,ASW,CE,Federal Contract Tower,1,0,5,2,8,0,2,22,0,24,1,2,27,2,32,58,4,62,94
08/16/2022,ARA,LA,ASW,CE,Federal Contract Tower,0,2,2,0,4,0,2,42,0,44,0,4,44,0,48,158,0,158,206
08/17/2022,ARA,LA,ASW,CE,Federal Contract Tower,0,0,3,3,6,0,1,35,1,37,0,1,38,4,43,166,0,166,209
08/18/2022,ARA,LA,ASW,CE,Federal Contract Tower,0,0,5,0,5,0,9,24,0,33,0,9,29,0,38,4,0,4,42
08/19/2022,ARA,LA,ASW,CE,Federal Contract Tower,0,2,6,4,12,0,5,26,0,31,0,7,32,4,43,44,0,44,87
08/20/2022,ARA,LA,ASW,CE,Federal Contract Tower,0,1,4,0,5,0,6,11,0,17,0,7,15,0,22,20,0,20,42
08/21/2022,ARA,LA,ASW,CE,Federal Contract Tower,0,1,2,0,3,0,2,21,0,23,0,3,23,0,26,58,0,58,84
08/22/2022,ARA,LA,ASW,CE,Federal Contract Tower,0,1,4,0,5,0,4,13,0,17,0,5,17,0,22,52,0,52,74
08/23/2022,ARA,LA,ASW,CE,Federal Contract Tower,0,3,2,0,5,0,2,2,0,4,0,5,4,0,9,56,0,56,65
08/24/2022,ARA,LA,ASW,CE,Federal Contract Tower,0,1,7,0,8,0,3,13,0,16,0,4,20,0,24,36,0,36,60
08/25/2022,ARA,LA,ASW,CE,Federal Contract Tower,0,1,6,0,7,0,9,23,0,32,0,10,29,0,39,30,0,30,69
08/26/2022,ARA,LA,ASW,CE,Federal Contract Tower,0,3,9,0,12,0,2,34,0,36,0,5,43,0,48,74,0,74,122
08/27/2022,ARA,LA,ASW,CE,Federal Contract Tower,2,0,4,0,6,0,15,14,0,29,2,15,18,0,35,60,0,60,95
08/28/2022,ARA,LA,ASW,CE,Federal Contract Tower,0,1,4,0,5,0,9,13,0,22,0,10,17,0,27,56,0,56,83
08/29/2022,ARA,LA,ASW,CE,Federal Contract Tower,0,2,6,1,9,0,16,23,1,40,0,18,29,2,49,196,0,196,245
08/30/2022,ARA,LA,ASW,CE,Federal Contract Tower,0,1,13,0,14,0,6,38,0,44,0,7,51,0,58,128,0,128,186
08/31/2022,ARA,LA,ASW,CE,Federal Contract Tower,0,0,7,6,13,0,11,69,4,84,0,11,76,10,97,136,48,184,281
09/01/2022,ARA,LA,ASW,CE,Federal Contract Tower,0,4,7,1,12,0,6,38,2,46,0,10,45,3,58,80,4,84,142
09/02/2022,ARA,LA,ASW,CE,Federal Contract Tower,0,0,10,0,10,0,1,40,0,41,0,1,50,0,51,80,0,80,131
09/03/2022,ARA,LA,ASW,CE,Federal Contract Tower,1,1,4,0,6,0,0,9,0,9,1,1,13,0,15,4,0,4,19
09/04/2022,ARA,LA,ASW,CE,Federal Contract Tower,1,0,3,0,4,0,3,1,0,4,1,3,4,0,8,0,0,0,8
09/05/2022,ARA,LA,ASW,CE,Federal Contract Tower,0,2,17,0,19,0,2,35,0,37,0,4,52,0,56,164,0,164,220
09/06/2022,ARA,LA,ASW,CE,Federal Contract Tower,0,1,3,0,4,0,13,28,0,41,0,14,31,0,45,86,0,86,131
09/07/2022,ARA,LA,ASW,CE,Federal Contract Tower,0,1,9,2,12,0,15,33,2,50,0,16,42,4,62,138,0,138,200
09/08/2022,ARA,LA,ASW,CE,Federal Contract Tower,0,1,8,3,12,0,4,31,3,38,0,5,39,6,50,96,0,96,146
09/09/2022,ARA,LA,ASW,CE,Federal Contract Tower,0,0,11,6,17,0,6,40,1,47,0,6,51,7,64,103,0,103,167
09/10/2022,ARA,LA,ASW,CE,Federal Contract Tower,0,0,8,0,8,0,11,23,0,34,0,11,31,0,42,26,0,26,68
09/11/2022,ARA,LA,ASW,CE,Federal Contract Tower,0,0,1,2,3,0,3,22,1,26,0,3,23,3,29,24,0,24,53
09/12/2022,ARA,LA,ASW,CE,Federal Contract Tower,0,0,4,2,6,0,7,49,0,56,0,7,53,2,62,84,0,84,146
09/13/2022,ARA,LA,ASW,CE,Federal Contract Tower,2,0,9,3,14,0,28,38,0,66,2,28,47,3,80,76,4,80,160
09/14/2022,ARA,LA,ASW,CE,Federal Contract Tower,0,0,5,1,6,0,9,47,9,65,0,9,52,10,71,92,0,92,163
09/15/2022,ARA,LA,ASW,CE,Federal Contract Tower,0,0,5,5,10,0,4,37,1,42,0,4,42,6,52,96,4,100,152
09/16/2022,ARA,LA,ASW,CE,Federal Contract Tower,0,1,5,0,6,0,3,38,2,43,0,4,43,2,49,118,0,118,167
09/17/2022,ARA,LA,ASW,CE,Federal Contract Tower,0,0,8,0,8,0,4,27,0,31,0,4,35,0,39,32,0,32,71
09/18/2022,ARA,LA,ASW,CE,Federal Contract Tower,0,0,6,6,12,0,3,20,0,23,0,3,26,6,35,20,0,20,55
09/19/2022,ARA,LA,ASW,CE,Federal Contract Tower,0,0,10,0,10,0,3,23,2,28,0,3,33,2,38,82,0,82,120
09/20/2022,ARA,LA,ASW,CE,Federal Contract Tower,1,0,10,0,11,0,6,35,0,41,1,6,45,0,52,114,0,114,166
09/21/2022,ARA,LA,ASW,CE,Federal Contract Tower,0,0,13,0,13,0,7,36,1,44,0,7,49,1,57,18,0,18,75
09/22/2022,ARA,LA,ASW,CE,Federal Contract Tower,0,0,0,5,5,0,15,34,2,51,0,15,34,7,56,104,0,104,160
09/23/2022,ARA,LA,ASW,CE,Federal Contract Tower,0,0,13,0,13,0,10,32,0,42,0,10,45,0,55,52,0,52,107
09/24/2022,ARA,LA,ASW,CE,Federal Contract Tower,0,0,3,0,3,0,11,25,0,36,0,11,28,0,39,70,0,70,109
09/25/2022,ARA,LA,ASW,CE,Federal Contract Tower,2,0,1,0,3,0,3,26,8,37,2,3,27,8,40,32,8,40,80
09/26/2022,ARA,LA,ASW,CE,Federal Contract Tower,0,0,8,0,8,0,8,26,2,36,0,8,34,2,44,110,0,110,154
09/27/2022,ARA,LA,ASW,CE,Federal Contract Tower,0,1,4,4,9,0,9,33,2,44,0,10,37,6,53,128,0,128,181
09/28/2022,ARA,LA,ASW,CE,Federal Contract Tower,0,0,16,0,16,0,10,34,0,44,0,10,50,0,60,94,0,94,154
09/29/2022,ARA,LA,ASW,CE,Federal Contract Tower,0,0,3,9,12,0,6,30,1,37,0,6,33,10,49,116,0,116,165
09/30/2022,ARA,LA,ASW,CE,Federal Contract Tower,2,0,5,4,11,0,4,48,2,54,2,4,53,6,65,164,4,168,233
10/01/2022,ARA,LA,ASW,CE,Federal Contract Tower,0,0,2,0,2,0,5,25,0,30,0,5,27,0,32,12,0,12,44
10/02/2022,ARA,LA,ASW,CE,Federal Contract Tower,0,0,0,0,0,0,4,15,0,19,0,4,15,0,19,8,0,8,27
10/03/2022,ARA,LA,ASW,CE,Federal Contract Tower,1,2,9,6,18,0,4,25,0,29,1,6,34,6,47,64,0,64,111
10/04/2022,ARA,LA,ASW,CE,Federal Contract Tower,0,1,9,3,13,0,13,30,1,44,0,14,39,4,57,114,0,114,171
10/05/2022,ARA,LA,ASW,CE,Federal Contract Tower,0,1,2,0,3,0,11,36,2,49,0,12,38,2,52,104,0,104,156
10/06/2022,ARA,LA,ASW,CE,Federal Contract Tower,0,7,0,6,13,0,12,31,2,45,0,19,31,8,58,94,0,94,152
10/07/2022,ARA,LA,ASW,CE,Federal Contract Tower,0,3,2,3,8,0,14,38,3,55,0,17,40,6,63,110,8,118,181
10/08/2022,ARA,LA,ASW,CE,Federal Contract Tower,0,4,3,0,7,0,18,8,0,26,0,22,11,0,33,0,0,0,33
10/09/2022,ARA,LA,ASW,CE,Federal Contract Tower,0,4,1,0,5,0,17,12,1,30,0,21,13,1,35,74,0,74,109
10/10/2022,ARA,LA,ASW,CE,Federal Contract Tower,0,3,5,0,8,0,11,31,0,42,0,14,36,0,50,146,0,146,196
10/11/2022,ARA,LA,ASW,CE,Federal Contract Tower,0,0,9,1,10,0,21,40,2,63,0,21,49,3,73,92,0,92,165
10/12/2022,ARA,LA,ASW,CE,Federal Contract Tower,0,2,12,0,14,0,8,31,0,39,0,10,43,0,53,46,0,46,99
10/13/2022,ARA,LA,ASW,CE,Federal Contract Tower,0,3,13,4,20,0,4,51,3,58,0,7,64,7,78,80,10,90,168
10/14/2022,ARA,LA,ASW,CE,Federal Contract Tower,0,1,7,3,11,0,7,48,0,55,0,8,55,3,66,146,0,146,212
10/15/2022,ARA,LA,ASW,CE,Federal Contract Tower,2,1,9,4,16,0,11,46,12,69,2,12,55,16,85,76,0,76,161
10/16/2022,ARA,LA,ASW,CE,Federal Contract Tower,0,2,1,0,3,0,8,15,0,23,0,10,16,0,26,66,0,66,92
10/17/2022,ARA,LA,ASW,CE,Federal Contract Tower,0,2,9,1,12,0,8,17,1,26,0,10,26,2,38,112,0,112,150
10/18/2022,ARA,LA,ASW,CE,Federal Contract Tower,2,1,5,4,12,0,4,24,1,29,2,5,29,5,41,18,0,18,59
10/19/2022,ARA,LA,ASW,CE,Federal Contract Tower,0,0,8,3,11,0,8,27,0,35,0,8,35,3,46,88,0,88,134
10/20/2022,ARA,LA,ASW,CE,Federal Contract Tower,0,0,3,4,7,0,10,23,0,33,0,10,26,4,40,80,0,80,120
10/21/2022,ARA,LA,ASW,CE,Federal Contract Tower,0,0,6,2,8,0,9,32,4,45,0,9,38,6,53,86,0,86,139
10/22/2022,ARA,LA,ASW,CE,Federal Contract Tower,0,0,1,0,1,0,10,20,0,30,0,10,21,0,31,72,0,72,103
10/23/2022,ARA,LA,ASW,CE,Federal Contract Tower,0,2,1,2,5,0,6,18,0,24,0,8,19,2,29,50,0,50,79
10/24/2022,ARA,LA,ASW,CE,Federal Contract Tower,0,0,6,5,11,0,4,19,2,25,0,4,25,7,36,42,4,46,82
10/25/2022,ARA,LA,ASW,CE,Federal Contract Tower,0,2,7,0,9,0,7,8,0,15,0,9,15,0,24,68,0,68,92
10/26/2022,ARA,LA,ASW,CE,Federal Contract Tower,0,0,8,4,12,0,25,43,3,71,0,25,51,7,83,184,4,188,271
10/27/2022,ARA,LA,ASW,CE,Federal Contract Tower,0,0,10,0,10,0,6,41,0,47,0,6,51,0,57,30,0,30,87
10/28/2022,ARA,LA,ASW,CE,Federal Contract Tower,1,2,1,0,4,0,10,23,0,33,1,12,24,0,37,86,0,86,123
10/29/2022,ARA,LA,ASW,CE,Federal Contract Tower,0,1,1,0,2,0,7,6,0,13,0,8,7,0,15,106,0,106,121
10/30/2022,ARA,LA,ASW,CE,Federal Contract Tower,0,2,0,0,2,0,6,17,0,23,0,8,17,0,25,76,0,76,101
10/31/2022,ARA,LA,ASW,CE,Federal Contract Tower,0,1,3,2,6,0,4,30,0,34,0,5,33,2,40,62,0,62,102
11/01/2022,ARA,LA,ASW,CE,Federal Contract Tower,0,3,3,0,6,0,6,54,0,60,0,9,57,0,66,132,0,132,198
11/02/2022,ARA,LA,ASW,CE,Federal Contract Tower,0,0,5,0,5,0,10,40,3,53,0,10,45,3,58,102,0,102,160
11/03/2022,ARA,LA,ASW,CE,Federal Contract Tower,2,0,10,10,22,0,14,43,4,61,2,14,53,14,83,106,8,114,197
11/04/2022,ARA,LA,ASW,CE,Federal Contract Tower,0,2,1,7,10,0,13,18,0,31,0,15,19,7,41,148,0,148,189
11/05/2022,ARA,LA,ASW,CE,Federal Contract Tower,0,0,0,0,0,0,5,17,0,22,0,5,17,0,22,48,0,48,70
11/06/2022,ARA,LA,ASW,CE,Federal Contract Tower,0,1,6,0,7,0,5,14,0,19,0,6,20,0,26,92,0,92,118
11/07/2022,ARA,LA,ASW,CE,Federal Contract Tower,2,2,3,3,10,0,11,21,0,32,2,13,24,3,42,34,0,34,76
11/08/2022,ARA,LA,ASW,CE,Federal Contract Tower,0,1,3,2,6,0,11,25,0,36,0,12,28,2,42,156,4,160,202
11/09/2022,ARA,LA,ASW,CE,Federal Contract Tower,0,1,5,6,12,0,8,29,1,38,0,9,34,7,50,134,2,136,186
11/10/2022,ARA,LA,ASW,CE,Federal Contract Tower,0,0,7,8,15,0,16,47,0,63,0,16,54,8,78,286,0,286,364
11/11/2022,ARA,LA,ASW,CE,Federal Contract Tower,0,1,5,0,6,0,3,26,0,29,0,4,31,0,35,112,0,112,147
11/12/2022,ARA,LA,ASW,CE,Federal Contract Tower,0,1,2,0,3,0,10,4,0,14,0,11,6,0,17,122,0,122,139
11/13/2022,ARA,LA,ASW,CE,Federal Contract Tower,0,0,7,0,7,0,4,16,0,20,0,4,23,0,27,20,0,20,47
11/14/2022,ARA,LA,ASW,CE,Federal Contract Tower,0,0,3,0,3,0,7,14,0,21,0,7,17,0,24,68,0,68,92
11/15/2022,ARA,LA,ASW,CE,Federal Contract Tower,0,4,7,2,13,0,4,13,0,17,0,8,20,2,30,130,0,130,160
11/16/2022,ARA,LA,ASW,CE,Federal Contract Tower,0,0,14,0,14,0,2,43,0,45,0,2,57,0,59,70,0,70,129
11/17/2022,ARA,LA,ASW,CE,Federal Contract Tower,0,0,3,14,17,0,5,32,0,37,0,5,35,14,54,120,2,122,176
11/18/2022,ARA,LA,ASW,CE,Federal Contract Tower,0,0,7,2,9,0,6,50,1,57,0,6,57,3,66,110,6,116,182
11/19/2022,ARA,LA,ASW,CE,Federal Contract Tower,0,1,0,0,1,0,10,2,0,12,0,11,2,0,13,50,0,50,63
11/20/2022,ARA,LA,ASW,CE,Federal Contract Tower,0,0,3,2,5,0,3,22,0,25,0,3,25,2,30,60,0,60,90
11/21/2022,ARA,LA,ASW,CE,Federal Contract Tower,0,0,2,0,2,0,1,21,0,22,0,1,23,0,24,32,0,32,56
11/22/2022,ARA,LA,ASW,CE,Federal Contract Tower,0,2,13,2,17,0,10,19,0,29,0,12,32,2,46,110,6,116,162
11/23/2022,ARA,LA,ASW,CE,Federal Contract Tower,2,0,8,2,12,0,14,38,0,52,2,14,46,2,64,140,0,140,204
11/24/2022,ARA,LA,ASW,CE,Federal Contract Tower,0,0,0,0,0,0,3,5,0,8,0,3,5,0,8,4,0,4,12
11/25/2022,ARA,LA,ASW,CE,Federal Contract Tower,0,6,6,2,14,0,0,0,0,0,0,6,6,2,14,0,0,0,14
11/26/2022,ARA,LA,ASW,CE,Federal Contract Tower,0,3,1,0,4,0,1,0,0,1,0,4,1,0,5,0,0,0,5
11/27/2022,ARA,LA,ASW,CE,Federal Contract Tower,0,0,2,0,2,0,14,15,0,29,0,14,17,0,31,30,0,30,61
11/28/2022,ARA,LA,ASW,CE,Federal Contract Tower,0,1,6,0,7,0,16,27,0,43,0,17,33,0,50,78,0,78,128
11/29/2022,ARA,LA,ASW,CE,Federal Contract Tower,1,2,6,0,9,0,1,4,0,5,1,3,10,0,14,16,0,16,30
11/30/2022,ARA,LA,ASW,CE,Federal Contract Tower,0,4,7,0,11,0,18,23,0,41,0,22,30,0,52,48,0,48,100
12/01/2022,ARA,LA,ASW,CE,Federal Contract Tower,0,0,8,4,12,0,12,35,0,47,0,12,43,4,59,120,0,120,179
12/02/2022,ARA,LA,ASW,CE,Federal Contract Tower,0,0,4,18,22,0,12,36,4,52,0,12,40,22,74,86,10,96,170
12/03/2022,ARA,LA,ASW,CE,Federal Contract Tower,0,2,4,0,6,0,5,6,0,11,0,7,10,0,17,22,0,22,39
12/04/2022,ARA,LA,ASW,CE,Federal Contract Tower,0,2,3,0,5,0,9,19,0,28,0,11,22,0,33,126,0,126,159
12/05/2022,ARA,LA,ASW,CE,Federal Contract Tower,0,1,4,5,10,0,9,17,0,26,0,10,21,5,36,210,0,210,246
12/06/2022,ARA,LA,ASW,CE,Federal Contract Tower,1,1,5,11,18,0,20,23,3,46,1,21,28,14,64,130,6,136,200
12/07/2022,ARA,LA,ASW,CE,Federal Contract Tower,0,1,5,1,7,0,20,33,0,53,0,21,38,1,60,204,0,204,264
12/08/2022,ARA,LA,ASW,CE,Federal Contract Tower,0,1,5,0,6,0,3,21,0,24,0,4,26,0,30,98,0,98,128
12/09/2022,ARA,LA,ASW,CE,Federal Contract Tower,0,2,13,0,15,0,4,9,0,13,0,6,22,0,28,62,0,62,90
12/11/2022,ARA,LA,ASW,CE,Federal Contract Tower,0,2,0,0,2,0,6,7,0,13,0,8,7,0,15,56,8,64,79
12/12/2022,ARA,LA,ASW,CE,Federal Contract Tower,0,1,3,0,4,0,12,10,0,22,0,13,13,0,26,84,0,84,110
12/13/2022,ARA,LA,ASW,CE,Federal Contract Tower,0,6,4,2,12,0,15,5,0,20,0,21,9,2,32,94,0,94,126
12/14/2022,ARA,LA,ASW,CE,Federal Contract Tower,0,0,2,0,2,0,0,0,0,0,0,0,2,0,2,0,0,0,2
12/15/2022,ARA,LA,ASW,CE,Federal Contract Tower,0,5,17,6,28,0,10,22,6,38,0,15,39,12,66,98,6,104,170
12/16/2022,ARA,LA,ASW,CE,Federal Contract Tower,0,0,3,0,3,0,17,40,0,57,0,17,43,0,60,106,0,106,166
12/17/2022,ARA,LA,ASW,CE,Federal Contract Tower,0,1,3,0,4,0,18,22,0,40,0,19,25,0,44,172,0,172,216
12/18/2022,ARA,LA,ASW,CE,Federal Contract Tower,0,2,3,0,5,0,7,25,0,32,0,9,28,0,37,50,0,50,87
12/19/2022,ARA,LA,ASW,CE,Federal Contract Tower,0,1,3,0,4,0,8,29,0,37,0,9,32,0,41,90,0,90,131
12/20/2022,ARA,LA,ASW,CE,Federal Contract Tower,0,7,4,3,14,0,1,1,0,2,0,8,5,3,16,0,0,0,16
12/21/2022,ARA,LA,ASW,CE,Federal Contract Tower,0,6,8,2,16,0,0,0,0,0,0,6,8,2,16,26,0,26,42
12/22/2022,ARA,LA,ASW,CE,Federal Contract Tower,0,5,10,1,16,0,12,3,0,15,0,17,13,1,31,80,0,80,111
12/23/2022,ARA,LA,ASW,CE,Federal Contract Tower,0,0,2,0,2,0,10,7,0,17,0,10,9,0,19,54,0,54,73
12/24/2022,ARA,LA,ASW,CE,Federal Contract Tower,0,0,0,0,0,0,6,6,0,12,0,6,6,0,12,2,0,2,14
12/25/2022,ARA,LA,ASW,CE,Federal Contract Tower,0,0,0,0,0,0,2,7,0,9,0,2,7,0,9,0,0,0,9
12/26/2022,ARA,LA,ASW,CE,Federal Contract Tower,0,0,3,0,3,0,5,16,0,21,0,5,19,0,24,26,0,26,50
12/27/2022,ARA,LA,ASW,CE,Federal Contract Tower,1,0,1,0,2,0,3,21,0,24,1,3,22,0,26,44,0,44,70
12/28/2022,ARA,LA,ASW,CE,Federal Contract Tower,0,1,5,6,12,0,8,38,10,56,0,9,43,16,68,90,36,126,194
12/29/2022,ARA,LA,ASW,CE,Federal Contract Tower,0,1,3,1,5,0,8,27,1,36,0,9,30,2,41,82,0,82,123
12/30/2022,ARA,LA,ASW,CE,Federal Contract Tower,0,0,6,0,6,0,0,0,0,0,0,0,6,0,6,0,0,0,6
12/31/2022,ARA,LA,ASW,CE,Federal Contract Tower,0,1,3,0,4,0,2,9,0,11,0,3,12,0,15,0,0,0,15
01/01/2023,ARA,LA,ASW,CE,Federal Contract Tower,0,1,1,0,2,0,0,0,0,0,0,1,1,0,2,0,0,0,2
01/02/2023,ARA,LA,ASW,CE,Federal Contract Tower,0,6,7,0,13,0,2,2,0,4,0,8,9,0,17,0,0,0,17
01/03/2023,ARA,LA,ASW,CE,Federal Contract Tower,0,2,2,0,4,0,0,0,0,0,0,2,2,0,4,0,0,0,4
01/04/2023,ARA,LA,ASW,CE,Federal Contract Tower,2,2,4,0,8,0,8,38,4,50,2,10,42,4,58,120,0,120,178
01/05/2023,ARA,LA,ASW,CE,Federal Contract Tower,0,0,6,4,10,0,4,34,2,40,0,4,40,6,50,66,2,68,118
01/06/2023,ARA,LA,ASW,CE,Federal Contract Tower,0,3,4,2,9,0,3,46,2,51,0,6,50,4,60,50,2,52,112
01/07/2023,ARA,LA,ASW,CE,Federal Contract Tower,0,0,10,0,10,0,0,17,0,17,0,0,27,0,27,28,0,28,55
01/08/2023,ARA,LA,ASW,CE,Federal Contract Tower,0,0,1,0,1,0,0,4,0,4,0,0,5,0,5,4,0,4,9
01/09/2023,ARA,LA,ASW,CE,Federal Contract Tower,0,0,2,0,2,0,1,24,0,25,0,1,26,0,27,40,0,40,67
01/10/2023,ARA,LA,ASW,CE,Federal Contract Tower,1,0,5,5,11,0,2,22,2,26,1,2,27,7,37,82,0,82,119
01/11/2023,ARA,LA,ASW,CE,Federal Contract Tower,0,0,6,4,10,0,4,7,5,16,0,4,13,9,26,40,0,40,66
01/12/2023,ARA,LA,ASW,CE,Federal Contract Tower,0,0,5,5,10,0,7,23,1,31,0,7,28,6,41,44,0,44,85
01/13/2023,ARA,LA,ASW,CE,Federal Contract Tower,0,0,7,3,10,0,0,20,1,21,0,0,27,4,31,88,0,88,119
01/14/2023,ARA,LA,ASW,CE,Federal Contract Tower,0,0,5,0,5,0,6,27,0,33,0,6,32,0,38,66,0,66,104
01/15/2023,ARA,LA,ASW,CE,Federal Contract Tower,0,0,5,0,5,0,2,11,0,13,0,2,16,0,18,26,0,26,44
01/16/2023,ARA,LA,ASW,CE,Federal Contract Tower,1,0,3,0,4,0,0,20,0,20,1,0,23,0,24,24,0,24,48
01/17/2023,ARA,LA,ASW,CE,Federal Contract Tower,0,2,19,2,23,0,3,14,2,19,0,5,33,4,42,70,0,70,112
01/18/2023,ARA,LA,ASW,CE,Federal Contract Tower,0,0,4,0,4,0,4,5,0,9,0,4,9,0,13,46,0,46,59
01/19/2023,ARA,LA,ASW,CE,Federal Contract Tower,0,0,8,11,19,0,1,44,3,48,0,1,52,14,67,132,0,132,199
01/20/2023,ARA,LA,ASW,CE,Federal Contract Tower,0,0,7,15,22,0,2,34,3,39,0,2,41,18,61,80,0,80,141
01/21/2023,ARA,LA,ASW,CE,Federal Contract Tower,0,0,2,0,2,0,0,0,0,0,0,0,2,0,2,0,0,0,2
01/22/2023,ARA,LA,ASW,CE,Federal Contract Tower,0,0,2,0,2,0,2,11,0,13,0,2,13,0,15,30,0,30,45
01/23/2023,ARA,LA,ASW,CE,Federal Contract Tower,0,0,11,2,13,0,2,36,0,38,0,2,47,2,51,76,0,76,127
01/24/2023,ARA,LA,ASW,CE,Federal Contract Tower,0,0,0,2,2,0,0,4,0,4,0,0,4,2,6,0,0,0,6
01/25/2023,ARA,LA,ASW,CE,Federal Contract Tower,0,1,2,6,9,0,0,39,1,40,0,1,41,7,49,56,0,56,105
01/26/2023,ARA,LA,ASW,CE,Federal Contract Tower,0,1,13,2,16,0,2,33,0,35,0,3,46,2,51,72,0,72,123
01/27/2023,ARA,LA,ASW,CE,Federal Contract Tower,0,0,5,0,5,0,0,52,0,52,0,0,57,0,57,188,0,188,245
01/28/2023,ARA,LA,ASW,CE,Federal Contract Tower,0,1,2,0,3,0,1,21,0,22,0,2,23,0,25,20,0,20,45
01/29/2023,ARA,LA,ASW,CE,Federal Contract Tower,0,0,0,0,0,0,0,0,0,0,0,0,0,0,0,0,0,0,0
01/30/2023,ARA,LA,ASW,CE,Federal Contract Tower,0,0,3,0,3,0,0,0,0,0,0,0,3,0,3,0,0,0,3
01/31/2023,ARA,LA,ASW,CE,Federal Contract Tower,0,0,4,0,4,0,0,0,0,0,0,0,4,0,4,0,0,0,4
02/01/2023,ARA,LA,ASW,CE,Federal Contract Tower,0,0,8,0,8,0,0,0,0,0,0,0,8,0,8,0,0,0,8
02/02/2023,ARA,LA,ASW,CE,Federal Contract Tower,0,0,4,0,4,0,0,0,0,0,0,0,4,0,4,0,0,0,4
02/03/2023,ARA,LA,ASW,CE,Federal Contract Tower,0,0,6,5,11,0,15,64,1,80,0,15,70,6,91,188,0,188,279
02/04/2023,ARA,LA,ASW,CE,Federal Contract Tower,1,0,5,0,6,0,6,45,0,51,1,6,50,0,57,74,0,74,131
02/05/2023,ARA,LA,ASW,CE,Federal Contract Tower,0,0,3,0,3,0,1,40,16,57,0,1,43,16,60,46,0,46,106
02/06/2023,ARA,LA,ASW,CE,Federal Contract Tower,0,0,4,3,7,0,3,31,3,37,0,3,35,6,44,190,0,190,234
02/07/2023,ARA,LA,ASW,CE,Federal Contract Tower,0,1,2,3,6,0,7,44,0,51,0,8,46,3,57,154,0,154,211
02/08/2023,ARA,LA,ASW,CE,Federal Contract Tower,0,1,7,2,10,0,0,2,0,2,0,1,9,2,12,20,0,20,32
02/09/2023,ARA,LA,ASW,CE,Federal Contract Tower,0,1,5,6,12,0,4,26,1,31,0,5,31,7,43,100,6,106,149
02/10/2023,ARA,LA,ASW,CE,Federal Contract Tower,0,0,4,22,26,0,2,31,7,40,0,2,35,29,66,106,0,106,172
02/11/2023,ARA,LA,ASW,CE,Federal Contract Tower,0,0,4,0,4,0,0,4,2,6,0,0,8,2,10,70,0,70,80
02/12/2023,ARA,LA,ASW,CE,Federal Contract Tower,0,0,3,0,3,0,4,30,0,34,0,4,33,0,37,112,0,112,149
02/13/2023,ARA,LA,ASW,CE,Federal Contract Tower,2,2,3,0,7,0,1,23,0,24,2,3,26,0,31,98,0,98,129
02/14/2023,ARA,LA,ASW,CE,Federal Contract Tower,0,0,1,0,1,0,4,7,0,11,0,4,8,0,12,26,0,26,38
02/15/2023,ARA,LA,ASW,CE,Federal Contract Tower,0,0,4,0,4,0,0,9,0,9,0,0,13,0,13,22,0,22,35
02/16/2023,ARA,LA,ASW,CE,Federal Contract Tower,0,0,2,0,2,0,0,0,0,0,0,0,2,0,2,0,0,0,2
02/17/2023,ARA,LA,ASW,CE,Federal Contract Tower,0,0,4,2,6,0,3,19,0,22,0,3,23,2,28,164,0,164,192
02/18/2023,ARA,LA,ASW,CE,Federal Contract Tower,0,0,0,0,0,0,0,12,0,12,0,0,12,0,12,32,0,32,44
02/19/2023,ARA,LA,ASW,CE,Federal Contract Tower,0,0,4,0,4,0,0,23,0,23,0,0,27,0,27,12,0,12,39
02/20/2023,ARA,LA,ASW,CE,Federal Contract Tower,0,0,11,2,13,0,0,9,0,9,0,0,20,2,22,6,0,6,28
02/21/2023,ARA,LA,ASW,CE,Federal Contract Tower,0,0,5,0,5,0,0,11,0,11,0,0,16,0,16,12,0,12,28
02/22/2023,ARA,LA,ASW,CE,Federal Contract Tower,0,0,6,4,10,0,2,11,0,13,0,2,17,4,23,42,0,42,65
02/23/2023,ARA,LA,ASW,CE,Federal Contract Tower,1,0,7,1,9,0,2,27,1,30,1,2,34,2,39,78,0,78,117
02/24/2023,ARA,LA,ASW,CE,Federal Contract Tower,0,0,4,10,14,0,2,20,1,23,0,2,24,11,37,118,2,120,157
02/25/2023,ARA,LA,ASW,CE,Federal Contract Tower,0,0,1,0,1,0,2,18,0,20,0,2,19,0,21,84,0,84,105
02/26/2023,ARA,LA,ASW,CE,Federal Contract Tower,0,0,1,0,1,0,3,35,0,38,0,3,36,0,39,78,0,78,117
02/27/2023,ARA,LA,ASW,CE,Federal Contract Tower,0,0,7,4,11,0,2,15,2,19,0,2,22,6,30,90,0,90,120
02/28/2023,ARA,LA,ASW,CE,Federal Contract Tower,0,0,4,6,10,0,2,44,0,46,0,2,48,6,56,140,0,140,196
03/01/2023,ARA,LA,ASW,CE,Federal Contract Tower,0,0,5,3,8,0,0,28,0,28,0,0,33,3,36,96,0,96,132
03/02/2023,ARA,LA,ASW,CE,Federal Contract Tower,0,0,3,2,5,0,5,20,5,30,0,5,23,7,35,102,18,120,155
03/03/2023,ARA,LA,ASW,CE,Federal Contract Tower,0,0,1,17,18,0,0,23,2,25,0,0,24,19,43,22,6,28,71
03/04/2023,ARA,LA,ASW,CE,Federal Contract Tower,2,0,4,0,6,0,3,30,0,33,2,3,34,0,39,70,0,70,109
03/05/2023,ARA,LA,ASW,CE,Federal Contract Tower,0,0,4,0,4,0,2,17,0,19,0,2,21,0,23,14,0,14,37
03/06/2023,ARA,LA,ASW,CE,Federal Contract Tower,0,0,6,4,10,0,6,21,0,27,0,6,27,4,37,90,0,90,127
03/07/2023,ARA,LA,ASW,CE,Federal Contract Tower,0,0,6,1,7,0,5,39,0,44,0,5,45,1,51,150,0,150,201
03/08/2023,ARA,LA,ASW,CE,Federal Contract Tower,0,1,10,5,16,0,2,42,0,44,0,3,52,5,60,132,6,138,198
03/09/2023,ARA,LA,ASW,CE,Federal Contract Tower,0,0,12,1,13,0,2,34,4,40,0,2,46,5,53,78,0,78,131
03/10/2023,ARA,LA,ASW,CE,Federal Contract Tower,0,0,5,0,5,0,2,20,0,22,0,2,25,0,27,64,0,64,91
03/11/2023,ARA,LA,ASW,CE,Federal Contract Tower,2,0,1,0,3,0,0,8,1,9,2,0,9,1,12,34,0,34,46
03/12/2023,ARA,LA,ASW,CE,Federal Contract Tower,0,0,11,0,11,0,0,12,0,12,0,0,23,0,23,30,0,30,53
03/13/2023,ARA,LA,ASW,CE,Federal Contract Tower,2,0,6,9,17,0,1,20,0,21,2,1,26,9,38,34,0,34,72
03/14/2023,ARA,LA,ASW,CE,Federal Contract Tower,0,0,9,6,15,0,2,50,0,52,0,2,59,6,67,78,0,78,145
03/15/2023,ARA,LA,ASW,CE,Federal Contract Tower,1,0,8,5,14,0,6,62,2,70,1,6,70,7,84,132,0,132,216
03/16/2023,ARA,LA,ASW,CE,Federal Contract Tower,0,0,7,8,15,0,3,33,0,36,0,3,40,8,51,66,0,66,117
03/17/2023,ARA,LA,ASW,CE,Federal Contract Tower,0,0,6,0,6,0,0,0,0,0,0,0,6,0,6,16,0,16,22
03/18/2023,ARA,LA,ASW,CE,Federal Contract Tower,1,0,0,7,8,0,2,9,0,11,1,2,9,7,19,32,0,32,51
03/19/2023,ARA,LA,ASW,CE,Federal Contract Tower,0,0,4,2,6,0,4,15,0,19,0,4,19,2,25,30,0,30,55
03/20/2023,ARA,LA,ASW,CE,Federal Contract Tower,0,0,2,0,2,0,0,45,0,45,0,0,47,0,47,106,0,106,153
03/21/2023,ARA,LA,ASW,CE,Federal Contract Tower,0,0,5,8,13,0,1,41,3,45,0,1,46,11,58,80,2,82,140
03/22/2023,ARA,LA,ASW,CE,Federal Contract Tower,0,0,8,10,18,0,7,38,0,45,0,7,46,10,63,100,0,100,163
03/23/2023,ARA,LA,ASW,CE,Federal Contract Tower,0,0,2,1,3,0,0,12,1,13,0,0,14,2,16,0,0,0,16
03/24/2023,ARA,LA,ASW,CE,Federal Contract Tower,0,0,3,0,3,0,0,7,0,7,0,0,10,0,10,0,0,0,10
03/25/2023,ARA,LA,ASW,CE,Federal Contract Tower,0,0,2,0,2,0,2,45,1,48,0,2,47,1,50,84,0,84,134
03/26/2023,ARA,LA,ASW,CE,Federal Contract Tower,0,0,2,1,3,0,0,6,2,8,0,0,8,3,11,14,0,14,25
03/27/2023,ARA,LA,ASW,CE,Federal Contract Tower,2,0,3,0,5,0,2,26,0,28,2,2,29,0,33,38,0,38,71
03/28/2023,ARA,LA,ASW,CE,Federal Contract Tower,2,2,1,1,6,0,3,33,2,38,2,5,34,3,44,144,0,144,188
03/29/2023,ARA,LA,ASW,CE,Federal Contract Tower,0,0,4,6,10,0,1,58,1,60,0,1,62,7,70,160,2,162,232
03/30/2023,ARA,LA,ASW,CE,Federal Contract Tower,0,0,9,17,26,0,2,35,7,44,0,2,44,24,70,164,10,174,244
03/31/2023,ARA,LA,ASW,CE,Federal Contract Tower,0,0,2,6,8,0,7,21,2,30,0,7,23,8,38,92,0,92,130
04/01/2023,ARA,LA,ASW,CE,Federal Contract Tower,0,3,6,0,9,0,0,20,0,20,0,3,26,0,29,66,0,66,95
04/02/2023,ARA,LA,ASW,CE,Federal Contract Tower,0,1,1,2,4,0,2,10,0,12,0,3,11,2,16,30,0,30,46
04/03/2023,ARA,LA,ASW,CE,Federal Contract Tower,0,0,5,13,18,0,4,12,2,18,0,4,17,15,36,26,0,26,62
04/04/2023,ARA,LA,ASW,CE,Federal Contract Tower,0,0,2,9,11,0,0,6,3,9,0,0,8,12,20,46,0,46,66
04/05/2023,ARA,LA,ASW,CE,Federal Contract Tower,2,0,7,0,9,0,5,11,4,20,2,5,18,4,29,70,0,70,99
04/06/2023,ARA,LA,ASW,CE,Federal Contract Tower,1,1,4,1,7,0,0,19,1,20,1,1,23,2,27,36,0,36,63
04/07/2023,ARA,LA,ASW,CE,Federal Contract Tower,0,0,1,0,1,0,0,2,0,2,0,0,3,0,3,8,0,8,11
04/08/2023,ARA,LA,ASW,CE,Federal Contract Tower,1,0,3,0,4,0,1,1,0,2,1,1,4,0,6,44,0,44,50
04/09/2023,ARA,LA,ASW,CE,Federal Contract Tower,0,0,0,0,0,0,13,1,0,14,0,13,1,0,14,144,0,144,158
04/10/2023,ARA,LA,ASW,CE,Federal Contract Tower,0,5,8,0,13,0,8,43,0,51,0,13,51,0,64,80,0,80,144
04/11/2023,ARA,LA,ASW,CE,Federal Contract Tower,0,0,9,5,14,0,0,38,0,38,0,0,47,5,52,146,2,148,200
04/12/2023,ARA,LA,ASW,CE,Federal Contract Tower,3,0,7,2,12,1,0,26,2,29,4,0,33,4,41,30,8,38,79
04/13/2023,ARA,LA,ASW,CE,Federal Contract Tower,0,1,2,6,9,0,6,54,1,61,0,7,56,7,70,96,0,96,166
04/14/2023,ARA,LA,ASW,CE,Federal Contract Tower,2,1,12,9,24,0,1,60,3,64,2,2,72,12,88,140,0,140,228
04/15/2023,ARA,LA,ASW,CE,Federal Contract Tower,2,0,0,0,2,0,2,4,0,6,2,2,4,0,8,24,0,24,32
04/16/2023,ARA,LA,ASW,CE,Federal Contract Tower,0,0,5,0,5,0,2,13,0,15,0,2,18,0,20,62,0,62,82
04/17/2023,ARA,LA,ASW,CE,Federal Contract Tower,0,0,4,8,12,0,0,42,2,44,0,0,46,10,56,124,2,126,182
04/18/2023,ARA,LA,ASW,CE,Federal Contract Tower,0,0,6,3,9,0,3,27,0,30,0,3,33,3,39,60,0,60,99
04/19/2023,ARA,LA,ASW,CE,Federal Contract Tower,0,2,11,0,13,0,8,57,2,67,0,10,68,2,80,168,0,168,248
04/20/2023,ARA,LA,ASW,CE,Federal Contract Tower,0,4,6,2,12,0,4,44,0,48,0,8,50,2,60,92,0,92,152
04/21/2023,ARA,LA,ASW,CE,Federal Contract Tower,0,0,0,0,0,0,0,8,0,8,0,0,8,0,8,28,0,28,36
04/22/2023,ARA,LA,ASW,CE,Federal Contract Tower,0,0,3,4,7,0,4,36,1,41,0,4,39,5,48,56,0,56,104
04/23/2023,ARA,LA,ASW,CE,Federal Contract Tower,0,0,10,2,12,0,2,23,1,26,0,2,33,3,38,52,0,52,90
04/24/2023,ARA,LA,ASW,CE,Federal Contract Tower,0,0,4,0,4,0,1,20,0,21,0,1,24,0,25,62,0,62,87
04/25/2023,ARA,LA,ASW,CE,Federal Contract Tower,2,0,5,1,8,0,1,34,2,37,2,1,39,3,45,32,0,32,77
04/26/2023,ARA,LA,ASW,CE,Federal Contract Tower,0,0,3,2,5,0,2,25,4,31,0,2,28,6,36,42,0,42,78
04/27/2023,ARA,LA,ASW,CE,Federal Contract Tower,0,5,4,0,9,0,9,18,2,29,0,14,22,2,38,74,0,74,112
04/28/2023,ARA,LA,ASW,CE,Federal Contract Tower,0,0,5,4,9,0,0,62,0,62,0,0,67,4,71,84,0,84,155
04/29/2023,ARA,LA,ASW,CE,Federal Contract Tower,0,0,0,0,0,0,3,2,0,5,0,3,2,0,5,0,0,0,5
04/30/2023,ARA,LA,ASW,CE,Federal Contract Tower,0,0,5,3,8,0,0,21,3,24,0,0,26,6,32,10,0,10,42
05/01/2023,ARA,LA,ASW,CE,Federal Contract Tower,0,0,9,12,21,0,2,30,0,32,0,2,39,12,53,169,0,169,222
05/02/2023,ARA,LA,ASW,CE,Federal Contract Tower,0,2,5,8,15,0,0,58,0,58,0,2,63,8,73,88,0,88,161
05/03/2023,ARA,LA,ASW,CE,Federal Contract Tower,0,0,8,5,13,0,4,37,4,45,0,4,45,9,58,118,10,128,186
05/04/2023,ARA,LA,ASW,CE,Federal Contract Tower,3,1,7,5,16,0,4,34,1,39,3,5,41,6,55,76,0,76,131
05/05/2023,ARA,LA,ASW,CE,Federal Contract Tower,0,0,1,0,1,0,6,15,0,21,0,6,16,0,22,72,0,72,94
05/06/2023,ARA,LA,ASW,CE,Federal Contract Tower,0,0,6,0,6,0,2,5,0,7,0,2,11,0,13,30,0,30,43
05/07/2023,ARA,LA,ASW,CE,Federal Contract Tower,0,0,9,2,11,0,2,13,0,15,0,2,22,2,26,22,0,22,48
05/08/2023,ARA,LA,ASW,CE,Federal Contract Tower,0,2,7,0,9,0,0,27,0,27,0,2,34,0,36,214,0,214,250
05/09/2023,ARA,LA,ASW,CE,Federal Contract Tower,0,0,3,0,3,0,2,10,0,12,0,2,13,0,15,44,0,44,59
05/10/2023,ARA,LA,ASW,CE,Federal Contract Tower,0,0,8,0,8,0,6,43,0,49,0,6,51,0,57,90,0,90,147
05/11/2023,ARA,LA,ASW,CE,Federal Contract Tower,0,0,5,7,12,0,3,38,1,42,0,3,43,8,54,110,8,118,172
05/12/2023,ARA,LA,ASW,CE,Federal Contract Tower,0,0,3,7,10,0,2,34,2,38,0,2,37,9,48,70,0,70,118
05/13/2023,ARA,LA,ASW,CE,Federal Contract Tower,2,0,6,0,8,0,0,38,0,38,2,0,44,0,46,54,0,54,100
05/14/2023,ARA,LA,ASW,CE,Federal Contract Tower,0,0,5,0,5,0,3,10,0,13,0,3,15,0,18,12,0,12,30
05/15/2023,ARA,LA,ASW,CE,Federal Contract Tower,0,0,6,1,7,0,10,23,0,33,0,10,29,1,40,108,0,108,148
05/16/2023,ARA,LA,ASW,CE,Federal Contract Tower,0,0,7,5,12,0,2,34,1,37,0,2,41,6,49,98,0,98,147
05/17/2023,ARA,LA,ASW,CE,Federal Contract Tower,0,0,8,4,12,0,5,32,0,37,0,5,40,4,49,88,4,92,141
05/18/2023,ARA,LA,ASW,CE,Federal Contract Tower,0,0,3,8,11,0,2,38,0,40,0,2,41,8,51,56,0,56,107
05/19/2023,ARA,LA,ASW,CE,Federal Contract Tower,0,0,6,11,17,0,1,46,4,51,0,1,52,15,68,126,18,144,212
05/20/2023,ARA,LA,ASW,CE,Federal Contract Tower,0,0,2,0,2,0,6,5,2,13,0,6,7,2,15,20,0,20,35
05/21/2023,ARA,LA,ASW,CE,Federal Contract Tower,4,0,3,4,11,0,0,21,0,21,4,0,24,4,32,42,0,42,74
05/22/2023,ARA,LA,ASW,CE,Federal Contract Tower,2,0,8,8,18,0,2,46,1,49,2,2,54,9,67,182,0,182,249
05/23/2023,ARA,LA,ASW,CE,Federal Contract Tower,0,0,14,2,16,0,1,44,0,45,0,1,58,2,61,72,0,72,133
05/24/2023,ARA,LA,ASW,CE,Federal Contract Tower,4,0,3,2,9,0,2,29,0,31,4,2,32,2,40,78,0,78,118
05/25/2023,ARA,LA,ASW,CE,Federal Contract Tower,0,0,7,12,19,0,4,49,1,54,0,4,56,13,73,96,2,98,171
05/26/2023,ARA,LA,ASW,CE,Federal Contract Tower,0,0,6,2,8,0,2,29,1,32,0,2,35,3,40,64,0,64,104
05/27/2023,ARA,LA,ASW,CE,Federal Contract Tower,0,0,8,0,8,0,0,23,0,23,0,0,31,0,31,36,0,36,67
05/28/2023,ARA,LA,ASW,CE,Federal Contract Tower,0,0,2,0,2,0,2,8,0,10,0,2,10,0,12,14,0,14,26
05/29/2023,ARA,LA,ASW,CE,Federal Contract Tower,0,0,9,0,9,0,0,26,0,26,0,0,35,0,35,42,0,42,77
05/30/2023,ARA,LA,ASW,CE,Federal Contract Tower,0,0,4,7,11,0,0,62,0,62,0,0,66,7,73,118,0,118,191
05/31/2023,ARA,LA,ASW,CE,Federal Contract Tower,0,0,10,3,13,0,5,33,2,40,0,5,43,5,53,52,6,58,111
06/01/2023,ARA,LA,ASW,CE,Federal Contract Tower,0,0,2,0,2,0,5,27,0,32,0,5,29,0,34,34,0,34,68
06/02/2023,ARA,LA,ASW,CE,Federal Contract Tower,0,0,13,4,17,0,2,51,0,53,0,2,64,4,70,132,0,132,202
06/03/2023,ARA,LA,ASW,CE,Federal Contract Tower,2,0,3,2,7,0,4,36,0,40,2,4,39,2,47,138,0,138,185
06/04/2023,ARA,LA,ASW,CE,Federal Contract Tower,0,0,2,4,6,0,0,13,0,13,0,0,15,4,19,24,8,32,51
06/05/2023,ARA,LA,ASW,CE,Federal Contract Tower,0,0,7,0,7,0,0,19,0,19,0,0,26,0,26,26,0,26,52
06/06/2023,ARA,LA,ASW,CE,Federal Contract Tower,0,0,2,1,3,0,2,21,0,23,0,2,23,1,26,12,0,12,38
06/07/2023,ARA,LA,ASW,CE,Federal Contract Tower,0,0,4,2,6,0,0,33,3,36,0,0,37,5,42,54,14,68,110
06/08/2023,ARA,LA,ASW,CE,Federal Contract Tower,0,0,9,4,13,0,0,25,0,25,0,0,34,4,38,6,0,6,44
06/09/2023,ARA,LA,ASW,CE,Federal Contract Tower,0,0,1,5,6,0,2,32,1,35,0,2,33,6,41,78,0,78,119
06/10/2023,ARA,LA,ASW,CE,Federal Contract Tower,0,0,2,0,2,0,0,34,0,34,0,0,36,0,36,46,0,46,82
06/11/2023,ARA,LA,ASW,CE,Federal Contract Tower,0,0,0,4,4,0,0,23,0,23,0,0,23,4,27,108,0,108,135
06/12/2023,ARA,LA,ASW,CE,Federal Contract Tower,0,1,3,4,8,0,1,38,2,41,0,2,41,6,49,126,0,126,175
06/13/2023,ARA,LA,ASW,CE,Federal Contract Tower,0,0,4,5,9,0,2,55,1,58,0,2,59,6,67,32,4,36,103
06/14/2023,ARA,LA,ASW,CE,Federal Contract Tower,0,0,6,0,6,0,3,25,0,28,0,3,31,0,34,34,0,34,68
06/15/2023,ARA,LA,ASW,CE,Federal Contract Tower,0,0,5,11,16,0,1,30,0,31,0,1,35,11,47,42,14,56,103
06/16/2023,ARA,LA,ASW,CE,Federal Contract Tower,1,1,6,2,10,0,0,42,0,42,1,1,48,2,52,30,0,30,82
06/17/2023,ARA,LA,ASW,CE,Federal Contract Tower,0,0,4,0,4,0,7,21,0,28,0,7,25,0,32,112,0,112,144
06/18/2023,ARA,LA,ASW,CE,Federal Contract Tower,0,0,1,0,1,0,0,7,0,7,0,0,8,0,8,6,0,6,14
06/19/2023,ARA,LA,ASW,CE,Federal Contract Tower,0,0,6,0,6,0,0,9,0,9,0,0,15,0,15,34,0,34,49
06/20/2023,ARA,LA,ASW,CE,Federal Contract Tower,0,0,8,0,8,0,2,21,0,23,0,2,29,0,31,44,0,44,75
06/21/2023,ARA,LA,ASW,CE,Federal Contract Tower,0,0,9,0,9,0,2,10,2,14,0,2,19,2,23,6,0,6,29
06/22/2023,ARA,LA,ASW,CE,Federal Contract Tower,0,1,4,2,7,0,0,34,0,34,0,1,38,2,41,32,0,32,73
06/23/2023,ARA,LA,ASW,CE,Federal Contract Tower,0,0,2,0,2,0,0,20,0,20,0,0,22,0,22,12,0,12,34
06/24/2023,ARA,LA,ASW,CE,Federal Contract Tower,0,0,5,0,5,0,4,18,0,22,0,4,23,0,27,36,0,36,63
06/25/2023,ARA,LA,ASW,CE,Federal Contract Tower,0,0,1,10,11,0,4,25,0,29,0,4,26,10,40,72,10,82,122
06/26/2023,ARA,LA,ASW,CE,Federal Contract Tower,0,0,5,4,9,0,3,23,0,26,0,3,28,4,35,78,6,84,119
06/27/2023,ARA,LA,ASW,CE,Federal Contract Tower,0,1,4,5,10,0,7,36,0,43,0,8,40,5,53,140,0,140,193
06/28/2023,ARA,LA,ASW,CE,Federal Contract Tower,0,0,4,0,4,0,6,61,4,71,0,6,65,4,75,96,0,96,171
06/29/2023,ARA,LA,ASW,CE,Federal Contract Tower,2,0,6,13,21,0,0,57,2,59,2,0,63,15,80,76,18,94,174
06/30/2023,ARA,LA,ASW,CE,Federal Contract Tower,1,0,7,0,8,0,1,48,0,49,1,1,55,0,57,136,0,136,193
07/01/2023,ARA,LA,ASW,CE,Federal Contract Tower,0,0,5,0,5,0,0,20,0,20,0,0,25,0,25,24,0,24,49
07/02/2023,ARA,LA,ASW,CE,Federal Contract Tower,0,0,0,0,0,0,0,9,0,9,0,0,9,0,9,0,0,0,9
07/03/2023,ARA,LA,ASW,CE,Federal Contract Tower,0,0,2,0,2,0,0,24,0,24,0,0,26,0,26,92,0,92,118
07/04/2023,ARA,LA,ASW,CE,Federal Contract Tower,0,0,0,0,0,0,0,13,0,13,0,0,13,0,13,20,0,20,33
07/05/2023,ARA,LA,ASW,CE,Federal Contract Tower,0,2,1,0,3,0,3,23,0,26,0,5,24,0,29,58,0,58,87
07/06/2023,ARA,LA,ASW,CE,Federal Contract Tower,2,0,1,3,6,0,2,23,0,25,2,2,24,3,31,30,0,30,61
07/07/2023,ARA,LA,ASW,CE,Federal Contract Tower,2,0,3,0,5,0,4,24,0,28,2,4,27,0,33,74,0,74,107
07/08/2023,ARA,LA,ASW,CE,Federal Contract Tower,1,0,3,0,4,0,4,18,0,22,1,4,21,0,26,78,0,78,104
07/09/2023,ARA,LA,ASW,CE,Federal Contract Tower,0,0,0,0,0,0,0,4,0,4,0,0,4,0,4,0,0,0,4
07/10/2023,ARA,LA,ASW,CE,Federal Contract Tower,0,0,4,2,6,0,5,35,0,40,0,5,39,2,46,100,0,100,146
07/11/2023,ARA,LA,ASW,CE,Federal Contract Tower,0,0,7,13,20,0,2,25,0,27,0,2,32,13,47,84,0,84,131
07/12/2023,ARA,LA,ASW,CE,Federal Contract Tower,0,0,8,6,14,0,0,28,0,28,0,0,36,6,42,50,0,50,92
07/13/2023,ARA,LA,ASW,CE,Federal Contract Tower,1,0,3,0,4,0,5,41,0,46,1,5,44,0,50,116,0,116,166
07/14/2023,ARA,LA,ASW,CE,Federal Contract Tower,0,1,1,0,2,0,7,36,1,44,0,8,37,1,46,74,0,74,120
07/15/2023,ARA,LA,ASW,CE,Federal Contract Tower,0,0,10,0,10,0,7,25,0,32,0,7,35,0,42,72,0,72,114
07/16/2023,ARA,LA,ASW,CE,Federal Contract Tower,0,0,2,0,2,0,4,16,0,20,0,4,18,0,22,62,0,62,84
07/17/2023,ARA,LA,ASW,CE,Federal Contract Tower,0,0,0,2,2,0,6,24,0,30,0,6,24,2,32,106,0,106,138
07/18/2023,ARA,LA,ASW,CE,Federal Contract Tower,0,0,4,7,11,0,10,31,2,43,0,10,35,9,54,106,6,112,166
07/19/2023,ARA,LA,ASW,CE,Federal Contract Tower,0,0,11,11,22,0,0,33,0,33,0,0,44,11,55,56,0,56,111
07/20/2023,ARA,LA,ASW,CE,Federal Contract Tower,0,1,8,4,13,0,2,47,2,51,0,3,55,6,64,76,8,84,148
07/21/2023,ARA,LA,ASW,CE,Federal Contract Tower,0,0,6,5,11,0,4,22,0,26,0,4,28,5,37,84,0,84,121
07/22/2023,ARA,LA,ASW,CE,Federal Contract Tower,0,0,4,0,4,0,5,35,1,41,0,5,39,1,45,126,0,126,171
07/23/2023,ARA,LA,ASW,CE,Federal Contract Tower,0,0,5,7,12,0,0,7,0,7,0,0,12,7,19,16,6,22,41
07/24/2023,ARA,LA,ASW,CE,Federal Contract Tower,0,0,9,10,19,0,2,33,0,35,0,2,42,10,54,58,0,58,112
07/25/2023,ARA,LA,ASW,CE,Federal Contract Tower,0,2,9,1,12,0,2,32,2,36,0,4,41,3,48,160,12,172,220
07/26/2023,ARA,LA,ASW,CE,Federal Contract Tower,2,0,2,8,12,1,3,26,5,35,3,3,28,13,47,58,2,60,107
07/27/2023,ARA,LA,ASW,CE,Federal Contract Tower,0,0,4,5,9,0,0,39,7,46,0,0,43,12,55,72,0,72,127
07/28/2023,ARA,LA,ASW,CE,Federal Contract Tower,0,0,12,6,18,0,4,36,0,40,0,4,48,6,58,86,2,88,146
07/29/2023,ARA,LA,ASW,CE,Federal Contract Tower,0,0,13,4,17,0,2,13,3,18,0,2,26,7,35,2,28,30,65
07/30/2023,ARA,LA,ASW,CE,Federal Contract Tower,0,0,0,0,0,0,2,7,0,9,0,2,7,0,9,66,0,66,75
07/31/2023,ARA,LA,ASW,CE,Federal Contract Tower,1,0,11,18,30,0,0,36,1,37,1,0,47,19,67,6,6,12,79
08/01/2023,ARA,LA,ASW,CE,Federal Contract Tower,0,0,5,4,9,0,3,19,1,23,0,3,24,5,32,110,0,110,142
08/02/2023,ARA,LA,ASW,CE,Federal Contract Tower,0,0,6,2,8,0,5,25,0,30,0,5,31,2,38,36,0,36,74
08/03/2023,ARA,LA,ASW,CE,Federal Contract Tower,0,0,4,9,13,0,2,34,0,36,0,2,38,9,49,134,0,134,183
08/04/2023,ARA,LA,ASW,CE,Federal Contract Tower,0,0,2,6,8,0,0,26,5,31,0,0,28,11,39,62,4,66,105
08/05/2023,ARA,LA,ASW,CE,Federal Contract Tower,0,0,3,0,3,0,0,20,0,20,0,0,23,0,23,0,0,0,23
08/06/2023,ARA,LA,ASW,CE,Federal Contract Tower,0,0,2,0,2,0,0,17,0,17,0,0,19,0,19,6,0,6,25
08/07/2023,ARA,LA,ASW,CE,Federal Contract Tower,0,0,5,13,18,0,0,7,6,13,0,0,12,19,31,30,0,30,61
08/08/2023,ARA,LA,ASW,CE,Federal Contract Tower,0,0,5,1,6,0,3,29,2,34,0,3,34,3,40,42,0,42,82
08/09/2023,ARA,LA,ASW,CE,Federal Contract Tower,0,0,5,0,5,0,0,18,0,18,0,0,23,0,23,58,0,58,81
08/10/2023,ARA,LA,ASW,CE,Federal Contract Tower,2,0,12,8,22,0,0,29,0,29,2,0,41,8,51,6,0,6,57
08/11/2023,ARA,LA,ASW,CE,Federal Contract Tower,0,0,9,4,13,0,3,34,1,38,0,3,43,5,51,86,2,88,139
08/12/2023,ARA,LA,ASW,CE,Federal Contract Tower,0,0,3,0,3,0,0,28,0,28,0,0,31,0,31,26,0,26,57
08/13/2023,ARA,LA,ASW,CE,Federal Contract Tower,0,0,2,0,2,0,2,11,0,13,0,2,13,0,15,70,0,70,85
08/14/2023,ARA,LA,ASW,CE,Federal Contract Tower,0,0,3,0,3,0,3,16,0,19,0,3,19,0,22,50,0,50,72
08/15/2023,ARA,LA,ASW,CE,Federal Contract Tower,0,0,6,5,11,0,2,24,1,27,0,2,30,6,38,60,0,60,98
08/16/2023,ARA,LA,ASW,CE,Federal Contract Tower,0,0,7,4,11,0,0,36,0,36,0,0,43,4,47,8,8,16,63
08/17/2023,ARA,LA,ASW,CE,Federal Contract Tower,0,1,5,1,7,0,5,46,1,52,0,6,51,2,59,54,0,54,113
08/18/2023,ARA,LA,ASW,CE,Federal Contract Tower,2,0,12,3,17,0,0,42,5,47,2,0,54,8,64,106,2,108,172
08/19/2023,ARA,LA,ASW,CE,Federal Contract Tower,2,4,11,2,19,0,3,24,1,28,2,7,35,3,47,64,0,64,111
08/20/2023,ARA,LA,ASW,CE,Federal Contract Tower,0,0,2,6,8,0,0,12,0,12,0,0,14,6,20,34,0,34,54
08/21/2023,ARA,LA,ASW,CE,Federal Contract Tower,0,0,9,1,10,0,3,12,1,16,0,3,21,2,26,40,0,40,66
08/22/2023,ARA,LA,ASW,CE,Federal Contract Tower,0,2,10,2,14,0,0,16,0,16,0,2,26,2,30,26,0,26,56
08/23/2023,ARA,LA,ASW,CE,Federal Contract Tower,0,0,5,4,9,0,0,49,2,51,0,0,54,6,60,54,4,58,118
08/24/2023,ARA,LA,ASW,CE,Federal Contract Tower,0,0,8,4,12,0,0,32,1,33,0,0,40,5,45,16,2,18,63
08/25/2023,ARA,LA,ASW,CE,Federal Contract Tower,0,0,5,3,8,0,1,24,0,25,0,1,29,3,33,40,2,42,75
08/26/2023,ARA,LA,ASW,CE,Federal Contract Tower,0,0,6,0,6,0,5,12,0,17,0,5,18,0,23,74,0,74,97
08/27/2023,ARA,LA,ASW,CE,Federal Contract Tower,0,0,3,11,14,0,9,19,2,30,0,9,22,13,44,172,0,172,216
08/28/2023,ARA,LA,ASW,CE,Federal Contract Tower,2,0,9,10,21,0,2,16,0,18,2,2,25,10,39,70,0,70,109
08/29/2023,ARA,LA,ASW,CE,Federal Contract Tower,0,14,1,0,15,0,4,20,1,25,0,18,21,1,40,52,10,62,102
08/30/2023,ARA,LA,ASW,CE,Federal Contract Tower,0,0,4,9,13,0,16,37,0,53,0,16,41,9,66,122,0,122,188
08/31/2023,ARA,LA,ASW,CE,Federal Contract Tower,1,0,7,10,18,0,3,27,2,32,1,3,34,12,50,10,4,14,64
