01/01/2020,AUS,TX,ASW,CE,Combined TRACON& Tower with Radar,344,26,34,0,404,0,0,9,0,9,344,26,43,0,413,10,0,10,423
01/02/2020,AUS,TX,ASW,CE,Combined TRACON& Tower with Radar,385,42,59,1,487,1,0,20,0,21,386,42,79,1,508,0,0,0,508
01/03/2020,AUS,TX,ASW,CE,Combined TRACON& Tower with Radar,398,42,48,3,491,0,0,49,7,56,398,42,97,10,547,0,0,0,547
01/04/2020,AUS,TX,ASW,CE,Combined TRACON& Tower with Radar,324,48,61,2,435,0,0,60,1,61,324,48,121,3,496,0,0,0,496
01/05/2020,AUS,TX,ASW,CE,Combined TRACON& Tower with Radar,366,31,70,1,468,0,0,75,0,75,366,31,145,1,543,0,0,0,543
01/06/2020,AUS,TX,ASW,CE,Combined TRACON& Tower with Radar,372,44,51,2,469,0,0,43,6,49,372,44,94,8,518,0,0,0,518
01/07/2020,AUS,TX,ASW,CE,Combined TRACON& Tower with Radar,373,48,54,12,487,0,2,32,12,46,373,50,86,24,533,0,0,0,533
01/08/2020,AUS,TX,ASW,CE,Combined TRACON& Tower with Radar,371,42,75,7,495,0,2,37,9,48,371,44,112,16,543,0,0,0,543
01/09/2020,AUS,TX,ASW,CE,Combined TRACON& Tower with Radar,386,47,86,10,529,0,0,7,13,20,386,47,93,23,549,0,0,0,549
01/10/2020,AUS,TX,ASW,CE,Combined TRACON& Tower with Radar,359,49,52,10,470,0,0,0,8,8,359,49,52,18,478,0,0,0,478
01/11/2020,AUS,TX,ASW,CE,Combined TRACON& Tower with Radar,291,37,56,8,392,0,1,53,10,64,291,38,109,18,456,0,0,0,456
01/12/2020,AUS,TX,ASW,CE,Combined TRACON& Tower with Radar,357,39,56,5,457,0,1,68,5,74,357,40,124,10,531,0,0,0,531
01/13/2020,AUS,TX,ASW,CE,Combined TRACON& Tower with Radar,380,21,78,1,480,0,0,0,0,0,380,21,78,1,480,0,0,0,480
01/14/2020,AUS,TX,ASW,CE,Combined TRACON& Tower with Radar,365,43,69,9,486,0,0,3,2,5,365,43,72,11,491,0,0,0,491
01/15/2020,AUS,TX,ASW,CE,Combined TRACON& Tower with Radar,369,55,73,17,514,0,0,24,10,34,369,55,97,27,548,12,0,12,560
01/16/2020,AUS,TX,ASW,CE,Combined TRACON& Tower with Radar,411,54,100,4,569,0,0,0,0,0,411,54,100,4,569,0,0,0,569
01/17/2020,AUS,TX,ASW,CE,Combined TRACON& Tower with Radar,417,42,83,1,543,0,0,3,3,6,417,42,86,4,549,0,0,0,549
01/18/2020,AUS,TX,ASW,CE,Combined TRACON& Tower with Radar,263,24,64,3,354,0,0,31,3,34,263,24,95,6,388,0,0,0,388
01/19/2020,AUS,TX,ASW,CE,Combined TRACON& Tower with Radar,352,16,47,6,421,0,0,45,2,47,352,16,92,8,468,0,0,0,468
01/20/2020,AUS,TX,ASW,CE,Combined TRACON& Tower with Radar,375,44,88,3,510,0,1,63,6,70,375,45,151,9,580,0,0,0,580
01/21/2020,AUS,TX,ASW,CE,Combined TRACON& Tower with Radar,359,40,102,8,509,0,0,55,10,65,359,40,157,18,574,24,0,24,598
01/22/2020,AUS,TX,ASW,CE,Combined TRACON& Tower with Radar,370,51,86,1,508,0,0,0,0,0,370,51,86,1,508,0,0,0,508
01/23/2020,AUS,TX,ASW,CE,Combined TRACON& Tower with Radar,388,49,91,17,545,0,1,53,19,73,388,50,144,36,618,10,0,10,628
01/24/2020,AUS,TX,ASW,CE,Combined TRACON& Tower with Radar,391,44,77,15,527,0,3,69,14,86,391,47,146,29,613,0,0,0,613
01/25/2020,AUS,TX,ASW,CE,Combined TRACON& Tower with Radar,272,31,40,10,353,0,0,56,8,64,272,31,96,18,417,0,0,0,417
01/26/2020,AUS,TX,ASW,CE,Combined TRACON& Tower with Radar,361,28,57,10,456,0,0,65,6,71,361,28,122,16,527,0,0,0,527
01/27/2020,AUS,TX,ASW,CE,Combined TRACON& Tower with Radar,388,42,81,11,522,0,0,27,2,29,388,42,108,13,551,0,0,0,551
01/28/2020,AUS,TX,ASW,CE,Combined TRACON& Tower with Radar,378,58,77,4,517,0,0,13,12,25,378,58,90,16,542,0,0,0,542
01/29/2020,AUS,TX,ASW,CE,Combined TRACON& Tower with Radar,372,53,93,9,527,0,2,60,19,81,372,55,153,28,608,0,0,0,608
01/30/2020,AUS,TX,ASW,CE,Combined TRACON& Tower with Radar,388,60,102,21,571,0,0,6,10,16,388,60,108,31,587,0,0,0,587
01/31/2020,AUS,TX,ASW,CE,Combined TRACON& Tower with Radar,394,50,62,13,519,0,1,56,14,71,394,51,118,27,590,0,0,0,590
02/01/2020,AUS,TX,ASW,CE,Combined TRACON& Tower with Radar,279,25,41,8,353,0,1,67,0,68,279,26,108,8,421,0,0,0,421
02/02/2020,AUS,TX,ASW,CE,Combined TRACON& Tower with Radar,359,31,49,3,442,0,0,58,2,60,359,31,107,5,502,0,0,0,502
02/03/2020,AUS,TX,ASW,CE,Combined TRACON& Tower with Radar,374,54,85,11,524,0,0,21,9,30,374,54,106,20,554,0,12,12,566
02/04/2020,AUS,TX,ASW,CE,Combined TRACON& Tower with Radar,360,48,80,10,498,1,0,28,9,38,361,48,108,19,536,14,0,14,550
02/05/2020,AUS,TX,ASW,CE,Combined TRACON& Tower with Radar,371,36,76,4,487,0,0,5,6,11,371,36,81,10,498,0,0,0,498
02/06/2020,AUS,TX,ASW,CE,Combined TRACON& Tower with Radar,386,56,80,8,530,0,0,80,13,93,386,56,160,21,623,0,0,0,623
02/07/2020,AUS,TX,ASW,CE,Combined TRACON& Tower with Radar,382,55,76,14,527,0,2,70,10,82,382,57,146,24,609,0,0,0,609
02/08/2020,AUS,TX,ASW,CE,Combined TRACON& Tower with Radar,280,22,45,10,357,0,0,47,17,64,280,22,92,27,421,6,12,18,439
02/09/2020,AUS,TX,ASW,CE,Combined TRACON& Tower with Radar,357,38,47,2,444,0,0,0,1,1,357,38,47,3,445,0,0,0,445
02/10/2020,AUS,TX,ASW,CE,Combined TRACON& Tower with Radar,395,36,65,4,500,0,0,0,0,0,395,36,65,4,500,0,0,0,500
02/11/2020,AUS,TX,ASW,CE,Combined TRACON& Tower with Radar,362,34,85,0,481,0,0,0,0,0,362,34,85,0,481,0,0,0,481
02/12/2020,AUS,TX,ASW,CE,Combined TRACON& Tower with Radar,362,50,115,4,531,0,0,19,14,33,362,50,134,18,564,0,2,2,566
02/13/2020,AUS,TX,ASW,CE,Combined TRACON& Tower with Radar,394,48,106,5,553,0,0,86,19,105,394,48,192,24,658,0,0,0,658
02/14/2020,AUS,TX,ASW,CE,Combined TRACON& Tower with Radar,403,42,84,5,534,0,0,71,7,78,403,42,155,12,612,0,0,0,612
02/15/2020,AUS,TX,ASW,CE,Combined TRACON& Tower with Radar,299,29,44,6,378,0,0,45,4,49,299,29,89,10,427,0,0,0,427
02/16/2020,AUS,TX,ASW,CE,Combined TRACON& Tower with Radar,352,20,57,3,432,0,0,45,2,47,352,20,102,5,479,0,0,0,479
02/17/2020,AUS,TX,ASW,CE,Combined TRACON& Tower with Radar,386,48,93,0,527,0,1,31,1,33,386,49,124,1,560,0,0,0,560
02/18/2020,AUS,TX,ASW,CE,Combined TRACON& Tower with Radar,384,50,79,1,514,0,0,0,0,0,384,50,79,1,514,0,0,0,514
02/19/2020,AUS,TX,ASW,CE,Combined TRACON& Tower with Radar,382,47,75,14,518,0,0,0,0,0,382,47,75,14,518,0,0,0,518
02/20/2020,AUS,TX,ASW,CE,Combined TRACON& Tower with Radar,390,44,75,4,513,1,0,2,3,6,391,44,77,7,519,0,0,0,519
02/21/2020,AUS,TX,ASW,CE,Combined TRACON& Tower with Radar,403,47,70,9,529,0,0,75,19,94,403,47,145,28,623,0,0,0,623
02/22/2020,AUS,TX,ASW,CE,Combined TRACON& Tower with Radar,301,27,45,13,386,0,0,66,1,67,301,27,111,14,453,0,0,0,453
02/23/2020,AUS,TX,ASW,CE,Combined TRACON& Tower with Radar,366,42,60,3,471,0,0,10,2,12,366,42,70,5,483,0,0,0,483
02/24/2020,AUS,TX,ASW,CE,Combined TRACON& Tower with Radar,395,39,62,11,507,0,2,43,6,51,395,41,105,17,558,8,0,8,566
02/25/2020,AUS,TX,ASW,CE,Combined TRACON& Tower with Radar,378,45,95,7,525,0,3,75,11,89,378,48,170,18,614,0,0,0,614
02/26/2020,AUS,TX,ASW,CE,Combined TRACON& Tower with Radar,385,43,95,22,545,0,0,45,12,57,385,43,140,34,602,0,0,0,602
02/27/2020,AUS,TX,ASW,CE,Combined TRACON& Tower with Radar,399,58,92,11,560,0,3,66,12,81,399,61,158,23,641,0,0,0,641
02/28/2020,AUS,TX,ASW,CE,Combined TRACON& Tower with Radar,403,50,96,11,560,0,1,63,13,77,403,51,159,24,637,0,0,0,637
02/29/2020,AUS,TX,ASW,CE,Combined TRACON& Tower with Radar,304,25,42,4,375,0,2,52,3,57,304,27,94,7,432,0,0,0,432
03/01/2020,AUS,TX,ASW,CE,Combined TRACON& Tower with Radar,375,37,80,5,497,0,0,22,1,23,375,37,102,6,520,0,0,0,520
03/02/2020,AUS,TX,ASW,CE,Combined TRACON& Tower with Radar,395,35,72,1,503,0,0,15,5,20,395,35,87,6,523,0,0,0,523
03/03/2020,AUS,TX,ASW,CE,Combined TRACON& Tower with Radar,382,45,94,7,528,0,0,17,7,24,382,45,111,14,552,0,0,0,552
03/04/2020,AUS,TX,ASW,CE,Combined TRACON& Tower with Radar,379,53,70,1,503,0,2,2,10,14,379,55,72,11,517,4,0,4,521
03/05/2020,AUS,TX,ASW,CE,Combined TRACON& Tower with Radar,408,66,106,4,584,0,6,78,9,93,408,72,184,13,677,0,0,0,677
03/06/2020,AUS,TX,ASW,CE,Combined TRACON& Tower with Radar,407,66,86,7,566,0,0,78,18,96,407,66,164,25,662,0,0,0,662
03/07/2020,AUS,TX,ASW,CE,Combined TRACON& Tower with Radar,328,41,46,9,424,0,0,66,6,72,328,41,112,15,496,0,0,0,496
03/08/2020,AUS,TX,ASW,CE,Combined TRACON& Tower with Radar,390,48,66,6,510,0,0,17,2,19,390,48,83,8,529,0,0,0,529
03/09/2020,AUS,TX,ASW,CE,Combined TRACON& Tower with Radar,407,41,60,11,519,0,0,6,0,6,407,41,66,11,525,0,32,32,557
03/10/2020,AUS,TX,ASW,CE,Combined TRACON& Tower with Radar,395,36,76,6,513,0,0,30,9,39,395,36,106,15,552,0,0,0,552
03/11/2020,AUS,TX,ASW,CE,Combined TRACON& Tower with Radar,410,53,80,8,551,0,2,55,12,69,410,55,135,20,620,0,0,0,620
03/12/2020,AUS,TX,ASW,CE,Combined TRACON& Tower with Radar,419,42,102,10,573,0,0,63,28,91,419,42,165,38,664,0,0,0,664
03/13/2020,AUS,TX,ASW,CE,Combined TRACON& Tower with Radar,425,57,80,11,573,0,0,34,4,38,425,57,114,15,611,0,0,0,611
03/14/2020,AUS,TX,ASW,CE,Combined TRACON& Tower with Radar,360,36,57,6,459,0,0,20,2,22,360,36,77,8,481,0,0,0,481
03/15/2020,AUS,TX,ASW,CE,Combined TRACON& Tower with Radar,421,22,51,4,498,0,0,1,0,1,421,22,52,4,499,0,0,0,499
03/16/2020,AUS,TX,ASW,CE,Combined TRACON& Tower with Radar,399,40,53,3,495,0,0,5,1,6,399,40,58,4,501,0,0,0,501
03/17/2020,AUS,TX,ASW,CE,Combined TRACON& Tower with Radar,367,36,38,11,452,0,0,10,5,15,367,36,48,16,467,0,0,0,467
03/18/2020,AUS,TX,ASW,CE,Combined TRACON& Tower with Radar,382,29,51,8,470,0,2,20,7,29,382,31,71,15,499,0,0,0,499
03/19/2020,AUS,TX,ASW,CE,Combined TRACON& Tower with Radar,386,23,36,7,452,0,0,13,11,24,386,23,49,18,476,0,0,0,476
03/20/2020,AUS,TX,ASW,CE,Combined TRACON& Tower with Radar,343,23,38,0,404,0,0,1,0,1,343,23,39,0,405,0,0,0,405
03/21/2020,AUS,TX,ASW,CE,Combined TRACON& Tower with Radar,272,18,23,2,315,0,1,0,2,3,272,19,23,4,318,0,0,0,318
03/22/2020,AUS,TX,ASW,CE,Combined TRACON& Tower with Radar,324,22,20,1,367,1,0,0,0,1,325,22,20,1,368,0,0,0,368
03/23/2020,AUS,TX,ASW,CE,Combined TRACON& Tower with Radar,255,15,23,0,293,0,1,10,3,14,255,16,33,3,307,0,0,0,307
03/24/2020,AUS,TX,ASW,CE,Combined TRACON& Tower with Radar,271,26,21,17,335,0,0,19,6,25,271,26,40,23,360,0,0,0,360
03/25/2020,AUS,TX,ASW,CE,Combined TRACON& Tower with Radar,248,18,21,6,293,0,0,16,8,24,248,18,37,14,317,0,0,0,317
03/26/2020,AUS,TX,ASW,CE,Combined TRACON& Tower with Radar,232,24,21,9,286,0,2,7,13,22,232,26,28,22,308,0,0,0,308
03/27/2020,AUS,TX,ASW,CE,Combined TRACON& Tower with Radar,189,17,28,4,238,0,0,11,11,22,189,17,39,15,260,0,0,0,260
03/28/2020,AUS,TX,ASW,CE,Combined TRACON& Tower with Radar,184,11,13,0,208,0,2,11,2,15,184,13,24,2,223,0,0,0,223
03/29/2020,AUS,TX,ASW,CE,Combined TRACON& Tower with Radar,222,10,13,0,245,0,0,19,0,19,222,10,32,0,264,0,0,0,264
03/30/2020,AUS,TX,ASW,CE,Combined TRACON& Tower with Radar,177,14,8,5,204,0,0,0,0,0,177,14,8,5,204,0,0,0,204
03/31/2020,AUS,TX,ASW,CE,Combined TRACON& Tower with Radar,176,26,19,4,225,0,1,17,5,23,176,27,36,9,248,0,0,0,248
04/01/2020,AUS,TX,ASW,CE,Combined TRACON& Tower with Radar,175,17,19,4,215,0,2,28,10,40,175,19,47,14,255,0,0,0,255
04/02/2020,AUS,TX,ASW,CE,Combined TRACON& Tower with Radar,171,14,21,13,219,0,0,1,4,5,171,14,22,17,224,0,0,0,224
04/03/2020,AUS,TX,ASW,CE,Combined TRACON& Tower with Radar,175,16,16,0,207,0,0,0,0,0,175,16,16,0,207,0,0,0,207
04/04/2020,AUS,TX,ASW,CE,Combined TRACON& Tower with Radar,132,6,7,0,145,0,0,0,0,0,132,6,7,0,145,0,0,0,145
04/05/2020,AUS,TX,ASW,CE,Combined TRACON& Tower with Radar,148,6,21,0,175,0,0,0,0,0,148,6,21,0,175,0,0,0,175
04/06/2020,AUS,TX,ASW,CE,Combined TRACON& Tower with Radar,144,9,11,1,165,0,1,9,4,14,144,10,20,5,179,0,0,0,179
04/07/2020,AUS,TX,ASW,CE,Combined TRACON& Tower with Radar,122,15,13,6,156,0,2,9,9,20,122,17,22,15,176,0,0,0,176
04/08/2020,AUS,TX,ASW,CE,Combined TRACON& Tower with Radar,126,18,19,7,170,0,0,11,10,21,126,18,30,17,191,0,0,0,191
04/09/2020,AUS,TX,ASW,CE,Combined TRACON& Tower with Radar,134,18,10,8,170,0,0,0,8,8,134,18,10,16,178,0,0,0,178
04/10/2020,AUS,TX,ASW,CE,Combined TRACON& Tower with Radar,130,10,18,0,158,0,0,13,3,16,130,10,31,3,174,0,0,0,174
04/11/2020,AUS,TX,ASW,CE,Combined TRACON& Tower with Radar,98,10,8,0,116,0,0,1,2,3,98,10,9,2,119,0,0,0,119
04/12/2020,AUS,TX,ASW,CE,Combined TRACON& Tower with Radar,106,2,3,0,111,0,1,4,0,5,106,3,7,0,116,0,0,0,116
04/13/2020,AUS,TX,ASW,CE,Combined TRACON& Tower with Radar,116,18,15,2,151,0,0,18,4,22,116,18,33,6,173,0,0,0,173
04/14/2020,AUS,TX,ASW,CE,Combined TRACON& Tower with Radar,128,16,23,11,178,0,0,19,14,33,128,16,42,25,211,0,0,0,211
04/15/2020,AUS,TX,ASW,CE,Combined TRACON& Tower with Radar,126,16,19,12,173,0,0,25,6,31,126,16,44,18,204,0,0,0,204
04/16/2020,AUS,TX,ASW,CE,Combined TRACON& Tower with Radar,116,20,28,7,171,0,5,34,16,55,116,25,62,23,226,0,0,0,226
04/17/2020,AUS,TX,ASW,CE,Combined TRACON& Tower with Radar,117,21,29,6,173,0,0,3,8,11,117,21,32,14,184,0,0,0,184
04/18/2020,AUS,TX,ASW,CE,Combined TRACON& Tower with Radar,65,11,17,0,93,0,0,0,0,0,65,11,17,0,93,0,0,0,93
04/19/2020,AUS,TX,ASW,CE,Combined TRACON& Tower with Radar,98,8,13,0,119,0,0,7,0,7,98,8,20,0,126,0,0,0,126
04/20/2020,AUS,TX,ASW,CE,Combined TRACON& Tower with Radar,112,8,13,1,134,0,0,20,6,26,112,8,33,7,160,0,0,0,160
04/21/2020,AUS,TX,ASW,CE,Combined TRACON& Tower with Radar,105,17,23,6,151,0,0,9,14,23,105,17,32,20,174,0,0,0,174
04/22/2020,AUS,TX,ASW,CE,Combined TRACON& Tower with Radar,110,17,14,0,141,0,0,5,4,9,110,17,19,4,150,0,0,0,150
04/23/2020,AUS,TX,ASW,CE,Combined TRACON& Tower with Radar,126,14,32,5,177,0,1,34,14,49,126,15,66,19,226,0,0,0,226
04/24/2020,AUS,TX,ASW,CE,Combined TRACON& Tower with Radar,118,22,27,3,170,0,2,38,3,43,118,24,65,6,213,0,0,0,213
04/25/2020,AUS,TX,ASW,CE,Combined TRACON& Tower with Radar,64,15,26,0,105,0,0,24,4,28,64,15,50,4,133,0,0,0,133
04/26/2020,AUS,TX,ASW,CE,Combined TRACON& Tower with Radar,85,7,15,1,108,0,0,29,0,29,85,7,44,1,137,0,0,0,137
04/27/2020,AUS,TX,ASW,CE,Combined TRACON& Tower with Radar,96,11,22,4,133,0,0,21,7,28,96,11,43,11,161,0,0,0,161
04/28/2020,AUS,TX,ASW,CE,Combined TRACON& Tower with Radar,97,13,33,15,158,0,0,17,8,25,97,13,50,23,183,0,0,0,183
04/29/2020,AUS,TX,ASW,CE,Combined TRACON& Tower with Radar,111,15,31,18,175,0,0,31,20,51,111,15,62,38,226,0,0,0,226
04/30/2020,AUS,TX,ASW,CE,Combined TRACON& Tower with Radar,111,15,26,15,167,0,0,54,9,63,111,15,80,24,230,0,0,0,230
05/01/2020,AUS,TX,ASW,CE,Combined TRACON& Tower with Radar,127,25,30,3,185,0,0,40,10,50,127,25,70,13,235,16,0,16,251
05/02/2020,AUS,TX,ASW,CE,Combined TRACON& Tower with Radar,74,21,18,0,113,0,0,16,0,16,74,21,34,0,129,0,0,0,129
05/03/2020,AUS,TX,ASW,CE,Combined TRACON& Tower with Radar,104,12,24,0,140,0,2,24,0,26,104,14,48,0,166,0,0,0,166
05/04/2020,AUS,TX,ASW,CE,Combined TRACON& Tower with Radar,100,14,30,9,153,0,0,25,5,30,100,14,55,14,183,0,0,0,183
05/05/2020,AUS,TX,ASW,CE,Combined TRACON& Tower with Radar,95,25,29,8,157,0,0,12,9,21,95,25,41,17,178,0,0,0,178
05/06/2020,AUS,TX,ASW,CE,Combined TRACON& Tower with Radar,99,24,35,7,165,0,0,30,8,38,99,24,65,15,203,0,0,0,203
05/07/2020,AUS,TX,ASW,CE,Combined TRACON& Tower with Radar,92,34,46,5,177,0,0,21,11,32,92,34,67,16,209,0,0,0,209
05/08/2020,AUS,TX,ASW,CE,Combined TRACON& Tower with Radar,110,27,52,6,195,0,0,17,6,23,110,27,69,12,218,0,0,0,218
05/09/2020,AUS,TX,ASW,CE,Combined TRACON& Tower with Radar,83,33,39,0,155,0,1,62,3,66,83,34,101,3,221,0,0,0,221
05/10/2020,AUS,TX,ASW,CE,Combined TRACON& Tower with Radar,82,17,34,0,133,0,0,55,2,57,82,17,89,2,190,24,0,24,214
05/11/2020,AUS,TX,ASW,CE,Combined TRACON& Tower with Radar,88,21,49,3,161,0,0,69,3,72,88,21,118,6,233,0,0,0,233
05/12/2020,AUS,TX,ASW,CE,Combined TRACON& Tower with Radar,90,23,26,2,141,0,0,0,0,0,90,23,26,2,141,0,0,0,141
05/13/2020,AUS,TX,ASW,CE,Combined TRACON& Tower with Radar,92,26,57,13,188,0,0,36,15,51,92,26,93,28,239,0,0,0,239
05/14/2020,AUS,TX,ASW,CE,Combined TRACON& Tower with Radar,104,35,42,5,186,0,4,43,11,58,104,39,85,16,244,0,0,0,244
05/15/2020,AUS,TX,ASW,CE,Combined TRACON& Tower with Radar,106,22,54,5,187,0,0,15,3,18,106,22,69,8,205,0,0,0,205
05/16/2020,AUS,TX,ASW,CE,Combined TRACON& Tower with Radar,83,17,27,2,129,0,2,18,1,21,83,19,45,3,150,0,0,0,150
05/17/2020,AUS,TX,ASW,CE,Combined TRACON& Tower with Radar,91,9,38,2,140,0,0,59,1,60,91,9,97,3,200,0,0,0,200
05/18/2020,AUS,TX,ASW,CE,Combined TRACON& Tower with Radar,96,15,35,11,157,0,0,66,3,69,96,15,101,14,226,0,0,0,226
05/19/2020,AUS,TX,ASW,CE,Combined TRACON& Tower with Radar,85,27,46,11,169,0,0,63,13,76,85,27,109,24,245,0,0,0,245
05/20/2020,AUS,TX,ASW,CE,Combined TRACON& Tower with Radar,91,25,76,10,202,0,0,60,10,70,91,25,136,20,272,34,0,34,306
05/21/2020,AUS,TX,ASW,CE,Combined TRACON& Tower with Radar,111,34,92,6,243,0,1,62,10,73,111,35,154,16,316,52,0,52,368
05/22/2020,AUS,TX,ASW,CE,Combined TRACON& Tower with Radar,112,46,60,0,218,0,0,44,2,46,112,46,104,2,264,0,0,0,264
05/23/2020,AUS,TX,ASW,CE,Combined TRACON& Tower with Radar,82,21,37,0,140,0,0,43,4,47,82,21,80,4,187,0,0,0,187
05/24/2020,AUS,TX,ASW,CE,Combined TRACON& Tower with Radar,103,16,25,0,144,0,0,6,0,6,103,16,31,0,150,0,0,0,150
05/25/2020,AUS,TX,ASW,CE,Combined TRACON& Tower with Radar,106,28,38,0,172,0,0,6,0,6,106,28,44,0,178,0,0,0,178
05/26/2020,AUS,TX,ASW,CE,Combined TRACON& Tower with Radar,86,29,50,8,173,0,0,65,6,71,86,29,115,14,244,0,0,0,244
05/27/2020,AUS,TX,ASW,CE,Combined TRACON& Tower with Radar,95,31,59,10,195,0,0,48,17,65,95,31,107,27,260,0,0,0,260
05/28/2020,AUS,TX,ASW,CE,Combined TRACON& Tower with Radar,110,35,63,3,211,0,0,46,10,56,110,35,109,13,267,0,0,0,267
05/29/2020,AUS,TX,ASW,CE,Combined TRACON& Tower with Radar,114,35,69,5,223,0,3,83,10,96,114,38,152,15,319,0,0,0,319
05/30/2020,AUS,TX,ASW,CE,Combined TRACON& Tower with Radar,81,20,42,0,143,0,3,71,3,77,81,23,113,3,220,0,0,0,220
05/31/2020,AUS,TX,ASW,CE,Combined TRACON& Tower with Radar,103,19,60,4,186,0,0,12,1,13,103,19,72,5,199,0,0,0,199
06/01/2020,AUS,TX,ASW,CE,Combined TRACON& Tower with Radar,115,30,35,11,191,0,0,11,9,20,115,30,46,20,211,8,0,8,219
06/02/2020,AUS,TX,ASW,CE,Combined TRACON& Tower with Radar,94,30,78,4,206,0,0,26,10,36,94,30,104,14,242,0,0,0,242
06/03/2020,AUS,TX,ASW,CE,Combined TRACON& Tower with Radar,97,40,46,7,190,0,0,55,12,67,97,40,101,19,257,0,0,0,257
06/04/2020,AUS,TX,ASW,CE,Combined TRACON& Tower with Radar,122,41,65,9,237,0,2,62,11,75,122,43,127,20,312,0,0,0,312
06/05/2020,AUS,TX,ASW,CE,Combined TRACON& Tower with Radar,124,35,61,3,223,0,0,69,11,80,124,35,130,14,303,0,0,0,303
06/06/2020,AUS,TX,ASW,CE,Combined TRACON& Tower with Radar,99,31,35,1,166,0,0,53,5,58,99,31,88,6,224,24,0,24,248
06/07/2020,AUS,TX,ASW,CE,Combined TRACON& Tower with Radar,130,26,41,2,199,0,0,49,0,49,130,26,90,2,248,0,0,0,248
06/08/2020,AUS,TX,ASW,CE,Combined TRACON& Tower with Radar,144,21,58,9,232,0,0,43,9,52,144,21,101,18,284,0,0,0,284
06/09/2020,AUS,TX,ASW,CE,Combined TRACON& Tower with Radar,124,33,41,1,199,0,0,51,5,56,124,33,92,6,255,0,0,0,255
06/10/2020,AUS,TX,ASW,CE,Combined TRACON& Tower with Radar,123,39,61,6,229,0,1,71,10,82,123,40,132,16,311,0,0,0,311
06/11/2020,AUS,TX,ASW,CE,Combined TRACON& Tower with Radar,146,43,75,4,268,0,1,84,10,95,146,44,159,14,363,22,0,22,385
06/12/2020,AUS,TX,ASW,CE,Combined TRACON& Tower with Radar,153,30,45,9,237,0,0,69,13,82,153,30,114,22,319,0,0,0,319
06/13/2020,AUS,TX,ASW,CE,Combined TRACON& Tower with Radar,118,20,30,3,171,0,3,67,4,74,118,23,97,7,245,0,0,0,245
06/14/2020,AUS,TX,ASW,CE,Combined TRACON& Tower with Radar,145,30,56,0,231,0,0,46,0,46,145,30,102,0,277,0,0,0,277
06/15/2020,AUS,TX,ASW,CE,Combined TRACON& Tower with Radar,152,35,59,4,250,0,1,38,6,45,152,36,97,10,295,0,0,0,295
06/16/2020,AUS,TX,ASW,CE,Combined TRACON& Tower with Radar,128,38,55,10,231,0,1,61,8,70,128,39,116,18,301,0,0,0,301
06/17/2020,AUS,TX,ASW,CE,Combined TRACON& Tower with Radar,121,41,67,3,232,0,1,58,13,72,121,42,125,16,304,0,0,0,304
06/18/2020,AUS,TX,ASW,CE,Combined TRACON& Tower with Radar,149,50,92,2,293,0,0,56,13,69,149,50,148,15,362,0,0,0,362
06/19/2020,AUS,TX,ASW,CE,Combined TRACON& Tower with Radar,166,49,60,3,278,0,0,28,12,40,166,49,88,15,318,0,0,0,318
06/20/2020,AUS,TX,ASW,CE,Combined TRACON& Tower with Radar,125,29,49,0,203,0,2,27,9,38,125,31,76,9,241,0,0,0,241
06/21/2020,AUS,TX,ASW,CE,Combined TRACON& Tower with Radar,144,26,46,4,220,0,0,30,1,31,144,26,76,5,251,0,0,0,251
06/22/2020,AUS,TX,ASW,CE,Combined TRACON& Tower with Radar,172,50,54,3,279,0,0,27,20,47,172,50,81,23,326,0,0,0,326
06/23/2020,AUS,TX,ASW,CE,Combined TRACON& Tower with Radar,126,46,45,2,219,0,0,23,12,35,126,46,68,14,254,0,0,0,254
06/24/2020,AUS,TX,ASW,CE,Combined TRACON& Tower with Radar,120,45,57,2,224,0,0,28,15,43,120,45,85,17,267,0,0,0,267
06/25/2020,AUS,TX,ASW,CE,Combined TRACON& Tower with Radar,161,48,62,6,277,0,0,46,10,56,161,48,108,16,333,0,0,0,333
06/26/2020,AUS,TX,ASW,CE,Combined TRACON& Tower with Radar,161,37,71,0,269,0,0,12,2,14,161,37,83,2,283,0,0,0,283
06/27/2020,AUS,TX,ASW,CE,Combined TRACON& Tower with Radar,125,35,42,6,208,0,0,13,0,13,125,35,55,6,221,0,0,0,221
06/28/2020,AUS,TX,ASW,CE,Combined TRACON& Tower with Radar,153,32,61,0,246,0,0,9,1,10,153,32,70,1,256,0,0,0,256
06/29/2020,AUS,TX,ASW,CE,Combined TRACON& Tower with Radar,169,32,55,9,265,0,0,45,7,52,169,32,100,16,317,0,0,0,317
06/30/2020,AUS,TX,ASW,CE,Combined TRACON& Tower with Radar,138,52,67,3,260,0,0,62,9,71,138,52,129,12,331,0,0,0,331
07/01/2020,AUS,TX,ASW,CE,Combined TRACON& Tower with Radar,155,68,75,12,310,0,1,42,12,55,155,69,117,24,365,0,0,0,365
07/02/2020,AUS,TX,ASW,CE,Combined TRACON& Tower with Radar,218,43,80,2,343,0,1,62,5,68,218,44,142,7,411,0,0,0,411
07/03/2020,AUS,TX,ASW,CE,Combined TRACON& Tower with Radar,208,41,40,0,289,0,3,52,2,57,208,44,92,2,346,0,0,0,346
07/04/2020,AUS,TX,ASW,CE,Combined TRACON& Tower with Radar,133,25,17,0,175,0,0,44,2,46,133,25,61,2,221,0,0,0,221
07/05/2020,AUS,TX,ASW,CE,Combined TRACON& Tower with Radar,223,36,44,0,303,0,0,35,0,35,223,36,79,0,338,0,0,0,338
07/06/2020,AUS,TX,ASW,CE,Combined TRACON& Tower with Radar,209,43,47,3,302,0,0,43,2,45,209,43,90,5,347,0,0,0,347
07/07/2020,AUS,TX,ASW,CE,Combined TRACON& Tower with Radar,181,32,60,4,277,0,0,35,10,45,181,32,95,14,322,0,0,0,322
07/08/2020,AUS,TX,ASW,CE,Combined TRACON& Tower with Radar,184,34,83,4,305,0,0,62,23,85,184,34,145,27,390,0,0,0,390
07/09/2020,AUS,TX,ASW,CE,Combined TRACON& Tower with Radar,224,39,57,1,321,0,0,63,19,82,224,39,120,20,403,0,0,0,403
07/10/2020,AUS,TX,ASW,CE,Combined TRACON& Tower with Radar,231,32,44,1,308,0,0,45,10,55,231,32,89,11,363,0,0,0,363
07/11/2020,AUS,TX,ASW,CE,Combined TRACON& Tower with Radar,193,24,35,0,252,0,1,46,10,57,193,25,81,10,309,0,0,0,309
07/12/2020,AUS,TX,ASW,CE,Combined TRACON& Tower with Radar,211,39,37,2,289,0,0,42,6,48,211,39,79,8,337,0,0,0,337
07/13/2020,AUS,TX,ASW,CE,Combined TRACON& Tower with Radar,231,28,60,2,321,0,0,55,15,70,231,28,115,17,391,0,0,0,391
07/14/2020,AUS,TX,ASW,CE,Combined TRACON& Tower with Radar,185,35,41,16,277,0,3,47,6,56,185,38,88,22,333,0,0,0,333
07/15/2020,AUS,TX,ASW,CE,Combined TRACON& Tower with Radar,188,41,57,8,294,0,1,46,13,60,188,42,103,21,354,0,0,0,354
07/16/2020,AUS,TX,ASW,CE,Combined TRACON& Tower with Radar,229,32,73,5,339,0,0,62,10,72,229,32,135,15,411,0,0,0,411
07/17/2020,AUS,TX,ASW,CE,Combined TRACON& Tower with Radar,245,34,66,10,355,0,1,59,13,73,245,35,125,23,428,0,0,0,428
07/18/2020,AUS,TX,ASW,CE,Combined TRACON& Tower with Radar,198,46,35,8,287,0,1,42,12,55,198,47,77,20,342,0,0,0,342
07/19/2020,AUS,TX,ASW,CE,Combined TRACON& Tower with Radar,220,38,54,5,317,0,0,35,6,41,220,38,89,11,358,0,0,0,358
07/20/2020,AUS,TX,ASW,CE,Combined TRACON& Tower with Radar,234,40,32,9,315,0,1,39,4,44,234,41,71,13,359,0,0,0,359
07/21/2020,AUS,TX,ASW,CE,Combined TRACON& Tower with Radar,189,42,48,1,280,0,0,25,5,30,189,42,73,6,310,0,0,0,310
07/22/2020,AUS,TX,ASW,CE,Combined TRACON& Tower with Radar,195,39,45,9,288,0,0,39,10,49,195,39,84,19,337,0,0,0,337
07/23/2020,AUS,TX,ASW,CE,Combined TRACON& Tower with Radar,235,37,62,15,349,0,0,55,9,64,235,37,117,24,413,0,0,0,413
07/24/2020,AUS,TX,ASW,CE,Combined TRACON& Tower with Radar,239,50,48,4,341,0,1,44,6,51,239,51,92,10,392,0,0,0,392
07/25/2020,AUS,TX,ASW,CE,Combined TRACON& Tower with Radar,200,38,51,3,292,0,1,3,0,4,200,39,54,3,296,0,0,0,296
07/26/2020,AUS,TX,ASW,CE,Combined TRACON& Tower with Radar,214,34,52,3,303,0,0,7,2,9,214,34,59,5,312,0,0,0,312
07/27/2020,AUS,TX,ASW,CE,Combined TRACON& Tower with Radar,233,38,35,9,315,0,2,26,1,29,233,40,61,10,344,0,0,0,344
07/28/2020,AUS,TX,ASW,CE,Combined TRACON& Tower with Radar,202,39,62,8,311,0,4,38,15,57,202,43,100,23,368,0,0,0,368
07/29/2020,AUS,TX,ASW,CE,Combined TRACON& Tower with Radar,195,36,69,0,300,0,0,38,13,51,195,36,107,13,351,0,0,0,351
07/30/2020,AUS,TX,ASW,CE,Combined TRACON& Tower with Radar,228,39,62,5,334,0,0,55,11,66,228,39,117,16,400,0,0,0,400
07/31/2020,AUS,TX,ASW,CE,Combined TRACON& Tower with Radar,236,40,79,19,374,0,0,25,14,39,236,40,104,33,413,0,0,0,413
08/01/2020,AUS,TX,ASW,CE,Combined TRACON& Tower with Radar,210,35,49,4,298,0,0,69,6,75,210,35,118,10,373,0,0,0,373
08/02/2020,AUS,TX,ASW,CE,Combined TRACON& Tower with Radar,225,38,44,19,326,0,0,42,4,46,225,38,86,23,372,0,0,0,372
08/03/2020,AUS,TX,ASW,CE,Combined TRACON& Tower with Radar,238,26,51,8,323,0,1,36,9,46,238,27,87,17,369,0,0,0,369
08/04/2020,AUS,TX,ASW,CE,Combined TRACON& Tower with Radar,190,29,49,2,270,0,1,43,13,57,190,30,92,15,327,0,0,0,327
08/05/2020,AUS,TX,ASW,CE,Combined TRACON& Tower with Radar,182,44,40,11,277,0,0,49,8,57,182,44,89,19,334,0,0,0,334
08/06/2020,AUS,TX,ASW,CE,Combined TRACON& Tower with Radar,227,35,75,17,354,0,0,39,13,52,227,35,114,30,406,0,0,0,406
08/07/2020,AUS,TX,ASW,CE,Combined TRACON& Tower with Radar,234,32,71,11,348,0,0,64,15,79,234,32,135,26,427,0,0,0,427
08/08/2020,AUS,TX,ASW,CE,Combined TRACON& Tower with Radar,194,24,35,8,261,0,0,53,7,60,194,24,88,15,321,0,0,0,321
08/09/2020,AUS,TX,ASW,CE,Combined TRACON& Tower with Radar,211,25,76,0,312,0,0,40,2,42,211,25,116,2,354,0,0,0,354
08/10/2020,AUS,TX,ASW,CE,Combined TRACON& Tower with Radar,221,37,62,3,323,0,0,37,2,39,221,37,99,5,362,0,0,0,362
08/11/2020,AUS,TX,ASW,CE,Combined TRACON& Tower with Radar,192,34,78,9,313,0,0,39,16,55,192,34,117,25,368,0,0,0,368
08/12/2020,AUS,TX,ASW,CE,Combined TRACON& Tower with Radar,195,45,64,16,320,0,1,44,18,63,195,46,108,34,383,0,0,0,383
08/13/2020,AUS,TX,ASW,CE,Combined TRACON& Tower with Radar,224,57,73,11,365,0,0,48,20,68,224,57,121,31,433,0,0,0,433
08/14/2020,AUS,TX,ASW,CE,Combined TRACON& Tower with Radar,234,50,62,18,364,0,2,41,25,68,234,52,103,43,432,0,0,0,432
08/15/2020,AUS,TX,ASW,CE,Combined TRACON& Tower with Radar,192,54,36,6,288,0,1,48,12,61,192,55,84,18,349,0,0,0,349
08/16/2020,AUS,TX,ASW,CE,Combined TRACON& Tower with Radar,243,66,44,10,363,0,0,46,11,57,243,66,90,21,420,0,0,0,420
08/17/2020,AUS,TX,ASW,CE,Combined TRACON& Tower with Radar,228,45,54,4,331,0,0,45,6,51,228,45,99,10,382,0,0,0,382
08/18/2020,AUS,TX,ASW,CE,Combined TRACON& Tower with Radar,191,31,56,4,282,0,2,43,14,59,191,33,99,18,341,0,0,0,341
08/19/2020,AUS,TX,ASW,CE,Combined TRACON& Tower with Radar,188,42,41,2,273,0,0,44,14,58,188,42,85,16,331,0,0,0,331
08/20/2020,AUS,TX,ASW,CE,Combined TRACON& Tower with Radar,223,47,53,9,332,0,1,53,15,69,223,48,106,24,401,0,0,0,401
08/21/2020,AUS,TX,ASW,CE,Combined TRACON& Tower with Radar,223,49,41,5,318,0,1,57,7,65,223,50,98,12,383,0,0,0,383
08/22/2020,AUS,TX,ASW,CE,Combined TRACON& Tower with Radar,190,31,55,5,281,0,1,37,6,44,190,32,92,11,325,0,0,0,325
08/23/2020,AUS,TX,ASW,CE,Combined TRACON& Tower with Radar,217,32,52,5,306,0,0,58,5,63,217,32,110,10,369,0,0,0,369
08/24/2020,AUS,TX,ASW,CE,Combined TRACON& Tower with Radar,215,46,56,5,322,0,1,52,10,63,215,47,108,15,385,0,0,0,385
08/25/2020,AUS,TX,ASW,CE,Combined TRACON& Tower with Radar,195,36,62,10,303,0,0,55,13,68,195,36,117,23,371,0,0,0,371
08/26/2020,AUS,TX,ASW,CE,Combined TRACON& Tower with Radar,196,45,86,1,328,0,2,31,5,38,196,47,117,6,366,0,0,0,366
08/27/2020,AUS,TX,ASW,CE,Combined TRACON& Tower with Radar,221,44,80,3,348,0,0,53,5,58,221,44,133,8,406,0,0,0,406
08/28/2020,AUS,TX,ASW,CE,Combined TRACON& Tower with Radar,223,31,69,16,339,0,3,65,5,73,223,34,134,21,412,0,0,0,412
08/29/2020,AUS,TX,ASW,CE,Combined TRACON& Tower with Radar,191,23,44,3,261,0,0,58,4,62,191,23,102,7,323,0,0,0,323
08/30/2020,AUS,TX,ASW,CE,Combined TRACON& Tower with Radar,225,33,56,2,316,0,5,42,3,50,225,38,98,5,366,0,0,0,366
08/31/2020,AUS,TX,ASW,CE,Combined TRACON& Tower with Radar,212,43,43,7,305,0,0,33,7,40,212,43,76,14,345,0,0,0,345
09/01/2020,AUS,TX,ASW,CE,Combined TRACON& Tower with Radar,222,48,70,6,346,0,0,33,11,44,222,48,103,17,390,0,0,0,390
09/02/2020,AUS,TX,ASW,CE,Combined TRACON& Tower with Radar,188,43,54,6,291,0,0,5,6,11,188,43,59,12,302,0,0,0,302
09/03/2020,AUS,TX,ASW,CE,Combined TRACON& Tower with Radar,224,49,53,4,330,0,0,12,9,21,224,49,65,13,351,0,0,0,351
09/04/2020,AUS,TX,ASW,CE,Combined TRACON& Tower with Radar,227,38,60,1,326,0,0,10,2,12,227,38,70,3,338,0,0,0,338
09/05/2020,AUS,TX,ASW,CE,Combined TRACON& Tower with Radar,168,30,39,2,239,0,0,34,2,36,168,30,73,4,275,0,0,0,275
09/06/2020,AUS,TX,ASW,CE,Combined TRACON& Tower with Radar,169,14,39,1,223,0,1,37,4,42,169,15,76,5,265,0,0,0,265
09/07/2020,AUS,TX,ASW,CE,Combined TRACON& Tower with Radar,195,35,67,0,297,0,4,71,4,79,195,39,138,4,376,0,0,0,376
09/08/2020,AUS,TX,ASW,CE,Combined TRACON& Tower with Radar,164,28,93,1,286,0,0,10,7,17,164,28,103,8,303,0,0,0,303
09/09/2020,AUS,TX,ASW,CE,Combined TRACON& Tower with Radar,163,50,49,0,262,0,1,1,0,2,163,51,50,0,264,0,0,0,264
09/10/2020,AUS,TX,ASW,CE,Combined TRACON& Tower with Radar,197,60,71,6,334,0,0,2,19,21,197,60,73,25,355,0,0,0,355
09/11/2020,AUS,TX,ASW,CE,Combined TRACON& Tower with Radar,181,43,68,20,312,0,3,24,8,35,181,46,92,28,347,0,0,0,347
09/12/2020,AUS,TX,ASW,CE,Combined TRACON& Tower with Radar,160,35,50,10,255,0,2,52,11,65,160,37,102,21,320,0,0,0,320
09/13/2020,AUS,TX,ASW,CE,Combined TRACON& Tower with Radar,181,36,56,4,277,0,2,45,0,47,181,38,101,4,324,0,0,0,324
09/14/2020,AUS,TX,ASW,CE,Combined TRACON& Tower with Radar,174,50,39,11,274,0,1,40,10,51,174,51,79,21,325,0,0,0,325
09/15/2020,AUS,TX,ASW,CE,Combined TRACON& Tower with Radar,149,47,77,8,281,0,2,36,17,55,149,49,113,25,336,0,2,2,338
09/16/2020,AUS,TX,ASW,CE,Combined TRACON& Tower with Radar,154,54,60,9,277,0,0,45,24,69,154,54,105,33,346,0,0,0,346
09/17/2020,AUS,TX,ASW,CE,Combined TRACON& Tower with Radar,186,48,62,8,304,0,0,33,7,40,186,48,95,15,344,0,0,0,344
09/18/2020,AUS,TX,ASW,CE,Combined TRACON& Tower with Radar,186,46,84,8,324,0,0,54,4,58,186,46,138,12,382,0,0,0,382
09/19/2020,AUS,TX,ASW,CE,Combined TRACON& Tower with Radar,161,26,51,25,263,0,0,40,5,45,161,26,91,30,308,0,0,0,308
09/20/2020,AUS,TX,ASW,CE,Combined TRACON& Tower with Radar,180,36,68,11,295,0,0,28,0,28,180,36,96,11,323,0,0,0,323
09/21/2020,AUS,TX,ASW,CE,Combined TRACON& Tower with Radar,174,36,55,3,268,0,0,0,0,0,174,36,55,3,268,0,0,0,268
09/22/2020,AUS,TX,ASW,CE,Combined TRACON& Tower with Radar,150,37,35,3,225,0,0,1,2,3,150,37,36,5,228,0,0,0,228
09/23/2020,AUS,TX,ASW,CE,Combined TRACON& Tower with Radar,160,41,61,4,266,0,0,17,12,29,160,41,78,16,295,0,0,0,295
09/24/2020,AUS,TX,ASW,CE,Combined TRACON& Tower with Radar,184,61,87,13,345,0,3,43,15,61,184,64,130,28,406,0,0,0,406
09/25/2020,AUS,TX,ASW,CE,Combined TRACON& Tower with Radar,190,39,63,15,307,0,0,66,8,74,190,39,129,23,381,0,0,0,381
09/26/2020,AUS,TX,ASW,CE,Combined TRACON& Tower with Radar,163,33,58,5,259,0,0,44,6,50,163,33,102,11,309,0,0,0,309
09/27/2020,AUS,TX,ASW,CE,Combined TRACON& Tower with Radar,182,34,62,5,283,0,0,29,2,31,182,34,91,7,314,0,0,0,314
09/28/2020,AUS,TX,ASW,CE,Combined TRACON& Tower with Radar,174,39,47,10,270,0,0,10,4,14,174,39,57,14,284,0,0,0,284
09/29/2020,AUS,TX,ASW,CE,Combined TRACON& Tower with Radar,152,35,60,4,251,0,0,59,5,64,152,35,119,9,315,0,0,0,315
09/30/2020,AUS,TX,ASW,CE,Combined TRACON& Tower with Radar,156,59,75,8,298,0,0,63,8,71,156,59,138,16,369,0,0,0,369
10/01/2020,AUS,TX,ASW,CE,Combined TRACON& Tower with Radar,190,54,78,7,329,0,1,48,5,54,190,55,126,12,383,0,0,0,383
10/02/2020,AUS,TX,ASW,CE,Combined TRACON& Tower with Radar,199,45,52,13,309,0,0,48,10,58,199,45,100,23,367,0,0,0,367
10/03/2020,AUS,TX,ASW,CE,Combined TRACON& Tower with Radar,162,37,45,17,261,0,3,48,3,54,162,40,93,20,315,0,0,0,315
10/04/2020,AUS,TX,ASW,CE,Combined TRACON& Tower with Radar,190,48,77,4,319,0,1,49,2,52,190,49,126,6,371,0,0,0,371
10/05/2020,AUS,TX,ASW,CE,Combined TRACON& Tower with Radar,195,39,48,5,287,0,3,47,2,52,195,42,95,7,339,0,0,0,339
10/06/2020,AUS,TX,ASW,CE,Combined TRACON& Tower with Radar,160,36,49,8,253,0,0,41,11,52,160,36,90,19,305,0,0,0,305
10/07/2020,AUS,TX,ASW,CE,Combined TRACON& Tower with Radar,162,41,53,12,268,0,0,58,18,76,162,41,111,30,344,0,0,0,344
10/08/2020,AUS,TX,ASW,CE,Combined TRACON& Tower with Radar,205,43,72,8,328,0,2,61,17,80,205,45,133,25,408,0,0,0,408
10/09/2020,AUS,TX,ASW,CE,Combined TRACON& Tower with Radar,206,38,90,4,338,0,1,33,7,41,206,39,123,11,379,0,0,0,379
10/10/2020,AUS,TX,ASW,CE,Combined TRACON& Tower with Radar,167,40,69,6,282,0,1,57,1,59,167,41,126,7,341,0,0,0,341
10/11/2020,AUS,TX,ASW,CE,Combined TRACON& Tower with Radar,194,48,75,1,318,0,0,26,1,27,194,48,101,2,345,0,0,0,345
10/12/2020,AUS,TX,ASW,CE,Combined TRACON& Tower with Radar,199,35,84,6,324,0,0,22,0,22,199,35,106,6,346,0,0,0,346
10/13/2020,AUS,TX,ASW,CE,Combined TRACON& Tower with Radar,164,42,67,7,280,0,0,56,18,74,164,42,123,25,354,0,0,0,354
10/14/2020,AUS,TX,ASW,CE,Combined TRACON& Tower with Radar,167,47,61,20,295,0,1,38,15,54,167,48,99,35,349,0,0,0,349
10/15/2020,AUS,TX,ASW,CE,Combined TRACON& Tower with Radar,203,59,87,18,367,0,0,23,16,39,203,59,110,34,406,0,0,0,406
10/16/2020,AUS,TX,ASW,CE,Combined TRACON& Tower with Radar,215,63,77,6,361,0,1,51,15,67,215,64,128,21,428,0,0,0,428
10/17/2020,AUS,TX,ASW,CE,Combined TRACON& Tower with Radar,163,40,58,6,267,0,0,6,5,11,163,40,64,11,278,0,0,0,278
10/18/2020,AUS,TX,ASW,CE,Combined TRACON& Tower with Radar,194,37,87,9,327,0,0,19,13,32,194,37,106,22,359,0,0,0,359
10/19/2020,AUS,TX,ASW,CE,Combined TRACON& Tower with Radar,196,33,62,18,309,0,0,28,11,39,196,33,90,29,348,0,0,0,348
10/20/2020,AUS,TX,ASW,CE,Combined TRACON& Tower with Radar,164,48,53,12,277,0,0,23,9,32,164,48,76,21,309,0,0,0,309
10/21/2020,AUS,TX,ASW,CE,Combined TRACON& Tower with Radar,163,43,73,10,289,0,0,37,7,44,163,43,110,17,333,0,0,0,333
10/22/2020,AUS,TX,ASW,CE,Combined TRACON& Tower with Radar,203,55,75,1,334,0,0,34,6,40,203,55,109,7,374,0,0,0,374
10/23/2020,AUS,TX,ASW,CE,Combined TRACON& Tower with Radar,220,51,87,8,366,0,2,8,6,16,220,53,95,14,382,0,0,0,382
10/24/2020,AUS,TX,ASW,CE,Combined TRACON& Tower with Radar,157,33,58,21,269,0,1,40,4,45,157,34,98,25,314,0,0,0,314
10/25/2020,AUS,TX,ASW,CE,Combined TRACON& Tower with Radar,187,44,107,15,353,0,0,26,2,28,187,44,133,17,381,0,0,0,381
10/26/2020,AUS,TX,ASW,CE,Combined TRACON& Tower with Radar,192,44,68,11,315,0,2,2,0,4,192,46,70,11,319,0,0,0,319
10/27/2020,AUS,TX,ASW,CE,Combined TRACON& Tower with Radar,160,40,63,8,271,0,0,0,0,0,160,40,63,8,271,0,0,0,271
10/28/2020,AUS,TX,ASW,CE,Combined TRACON& Tower with Radar,166,52,69,12,299,0,1,33,17,51,166,53,102,29,350,0,0,0,350
10/29/2020,AUS,TX,ASW,CE,Combined TRACON& Tower with Radar,196,60,72,22,350,0,4,24,9,37,196,64,96,31,387,0,0,0,387
10/30/2020,AUS,TX,ASW,CE,Combined TRACON& Tower with Radar,203,49,64,7,323,0,1,78,15,94,203,50,142,22,417,0,0,0,417
10/31/2020,AUS,TX,ASW,CE,Combined TRACON& Tower with Radar,143,33,31,4,211,0,0,50,8,58,143,33,81,12,269,0,0,0,269
11/01/2020,AUS,TX,ASW,CE,Combined TRACON& Tower with Radar,183,31,65,7,286,0,1,56,1,58,183,32,121,8,344,0,0,0,344
11/02/2020,AUS,TX,ASW,CE,Combined TRACON& Tower with Radar,194,25,58,20,297,0,1,40,5,46,194,26,98,25,343,0,0,0,343
11/03/2020,AUS,TX,ASW,CE,Combined TRACON& Tower with Radar,151,22,51,12,236,0,0,42,11,53,151,22,93,23,289,0,6,6,295
11/04/2020,AUS,TX,ASW,CE,Combined TRACON& Tower with Radar,152,42,79,17,290,0,1,52,13,66,152,43,131,30,356,0,0,0,356
11/05/2020,AUS,TX,ASW,CE,Combined TRACON& Tower with Radar,215,39,72,19,345,0,1,38,10,49,215,40,110,29,394,0,0,0,394
11/06/2020,AUS,TX,ASW,CE,Combined TRACON& Tower with Radar,222,36,68,14,340,0,0,36,5,41,222,36,104,19,381,0,0,0,381
11/07/2020,AUS,TX,ASW,CE,Combined TRACON& Tower with Radar,158,19,48,2,227,0,2,40,4,46,158,21,88,6,273,0,0,0,273
11/08/2020,AUS,TX,ASW,CE,Combined TRACON& Tower with Radar,217,44,81,1,343,0,0,19,0,19,217,44,100,1,362,0,0,0,362
11/09/2020,AUS,TX,ASW,CE,Combined TRACON& Tower with Radar,213,41,59,18,331,0,0,31,10,41,213,41,90,28,372,0,0,0,372
11/10/2020,AUS,TX,ASW,CE,Combined TRACON& Tower with Radar,141,51,54,12,258,0,0,27,19,46,141,51,81,31,304,0,0,0,304
11/11/2020,AUS,TX,ASW,CE,Combined TRACON& Tower with Radar,160,57,67,3,287,0,0,55,1,56,160,57,122,4,343,0,0,0,343
11/12/2020,AUS,TX,ASW,CE,Combined TRACON& Tower with Radar,215,69,52,14,350,0,0,44,15,59,215,69,96,29,409,0,0,0,409
11/13/2020,AUS,TX,ASW,CE,Combined TRACON& Tower with Radar,218,51,96,13,378,0,0,32,5,37,218,51,128,18,415,0,0,0,415
11/14/2020,AUS,TX,ASW,CE,Combined TRACON& Tower with Radar,160,27,55,18,260,0,0,26,6,32,160,27,81,24,292,0,0,0,292
11/15/2020,AUS,TX,ASW,CE,Combined TRACON& Tower with Radar,211,48,72,9,340,0,1,23,4,28,211,49,95,13,368,0,0,0,368
11/16/2020,AUS,TX,ASW,CE,Combined TRACON& Tower with Radar,209,38,74,7,328,1,1,51,6,59,210,39,125,13,387,0,0,0,387
11/17/2020,AUS,TX,ASW,CE,Combined TRACON& Tower with Radar,139,45,50,7,241,0,1,53,6,60,139,46,103,13,301,0,0,0,301
11/18/2020,AUS,TX,ASW,CE,Combined TRACON& Tower with Radar,163,45,73,8,289,0,0,46,15,61,163,45,119,23,350,0,0,0,350
11/19/2020,AUS,TX,ASW,CE,Combined TRACON& Tower with Radar,220,46,99,2,367,0,0,36,12,48,220,46,135,14,415,0,0,0,415
11/20/2020,AUS,TX,ASW,CE,Combined TRACON& Tower with Radar,241,68,82,10,401,0,0,37,12,49,241,68,119,22,450,0,0,0,450
11/21/2020,AUS,TX,ASW,CE,Combined TRACON& Tower with Radar,230,53,59,8,350,0,0,29,0,29,230,53,88,8,379,0,0,0,379
11/22/2020,AUS,TX,ASW,CE,Combined TRACON& Tower with Radar,217,33,50,8,308,0,0,20,0,20,217,33,70,8,328,0,0,0,328
11/23/2020,AUS,TX,ASW,CE,Combined TRACON& Tower with Radar,243,33,48,6,330,0,0,25,11,36,243,33,73,17,366,0,0,0,366
11/24/2020,AUS,TX,ASW,CE,Combined TRACON& Tower with Radar,255,67,67,6,395,0,2,10,7,19,255,69,77,13,414,0,0,0,414
11/25/2020,AUS,TX,ASW,CE,Combined TRACON& Tower with Radar,262,34,70,2,368,0,1,38,5,44,262,35,108,7,412,0,0,0,412
11/26/2020,AUS,TX,ASW,CE,Combined TRACON& Tower with Radar,119,14,15,0,148,0,0,13,0,13,119,14,28,0,161,0,0,0,161
11/27/2020,AUS,TX,ASW,CE,Combined TRACON& Tower with Radar,206,46,69,1,322,0,0,0,0,0,206,46,69,1,322,0,0,0,322
11/28/2020,AUS,TX,ASW,CE,Combined TRACON& Tower with Radar,258,48,43,0,349,0,0,0,0,0,258,48,43,0,349,0,0,0,349
11/29/2020,AUS,TX,ASW,CE,Combined TRACON& Tower with Radar,276,45,101,0,422,0,0,9,1,10,276,45,110,1,432,0,0,0,432
11/30/2020,AUS,TX,ASW,CE,Combined TRACON& Tower with Radar,258,38,55,3,354,0,4,35,3,42,258,42,90,6,396,0,0,0,396
12/01/2020,AUS,TX,ASW,CE,Combined TRACON& Tower with Radar,203,54,54,13,324,0,4,38,9,51,203,58,92,22,375,0,0,0,375
12/02/2020,AUS,TX,ASW,CE,Combined TRACON& Tower with Radar,157,39,59,14,269,0,0,22,18,40,157,39,81,32,309,0,0,0,309
12/03/2020,AUS,TX,ASW,CE,Combined TRACON& Tower with Radar,181,55,72,13,321,0,1,37,19,57,181,56,109,32,378,0,0,0,378
12/04/2020,AUS,TX,ASW,CE,Combined TRACON& Tower with Radar,196,48,68,8,320,0,0,72,10,82,196,48,140,18,402,0,0,0,402
12/05/2020,AUS,TX,ASW,CE,Combined TRACON& Tower with Radar,148,34,40,1,223,0,2,53,0,55,148,36,93,1,278,0,0,0,278
12/06/2020,AUS,TX,ASW,CE,Combined TRACON& Tower with Radar,182,34,50,7,273,0,1,60,1,62,182,35,110,8,335,0,0,0,335
12/07/2020,AUS,TX,ASW,CE,Combined TRACON& Tower with Radar,185,25,63,10,283,0,1,44,5,50,185,26,107,15,333,0,0,0,333
12/08/2020,AUS,TX,ASW,CE,Combined TRACON& Tower with Radar,137,43,65,4,249,0,0,63,10,73,137,43,128,14,322,0,0,0,322
12/09/2020,AUS,TX,ASW,CE,Combined TRACON& Tower with Radar,147,45,64,7,263,0,1,76,25,102,147,46,140,32,365,0,0,0,365
12/10/2020,AUS,TX,ASW,CE,Combined TRACON& Tower with Radar,185,59,95,10,349,0,2,51,12,65,185,61,146,22,414,0,0,0,414
12/11/2020,AUS,TX,ASW,CE,Combined TRACON& Tower with Radar,193,37,58,6,294,0,2,16,3,21,193,39,74,9,315,0,0,0,315
12/12/2020,AUS,TX,ASW,CE,Combined TRACON& Tower with Radar,146,36,35,6,223,0,3,59,1,63,146,39,94,7,286,0,0,0,286
12/13/2020,AUS,TX,ASW,CE,Combined TRACON& Tower with Radar,189,37,48,5,279,0,0,3,0,3,189,37,51,5,282,0,0,0,282
12/14/2020,AUS,TX,ASW,CE,Combined TRACON& Tower with Radar,183,32,48,10,273,0,0,32,12,44,183,32,80,22,317,0,0,0,317
12/15/2020,AUS,TX,ASW,CE,Combined TRACON& Tower with Radar,136,35,73,9,253,0,3,13,12,28,136,38,86,21,281,0,0,0,281
12/16/2020,AUS,TX,ASW,CE,Combined TRACON& Tower with Radar,154,61,87,18,320,0,2,60,23,85,154,63,147,41,405,0,0,0,405
12/17/2020,AUS,TX,ASW,CE,Combined TRACON& Tower with Radar,213,48,91,7,359,0,1,45,10,56,213,49,136,17,415,0,0,0,415
12/18/2020,AUS,TX,ASW,CE,Combined TRACON& Tower with Radar,228,73,104,5,410,0,0,38,9,47,228,73,142,14,457,0,0,0,457
12/19/2020,AUS,TX,ASW,CE,Combined TRACON& Tower with Radar,241,47,51,1,340,0,0,14,3,17,241,47,65,4,357,0,0,0,357
12/20/2020,AUS,TX,ASW,CE,Combined TRACON& Tower with Radar,230,36,65,1,332,0,0,44,2,46,230,36,109,3,378,0,0,0,378
12/21/2020,AUS,TX,ASW,CE,Combined TRACON& Tower with Radar,235,47,57,7,346,0,1,40,10,51,235,48,97,17,397,0,0,0,397
12/22/2020,AUS,TX,ASW,CE,Combined TRACON& Tower with Radar,227,60,74,8,369,0,2,30,9,41,227,62,104,17,410,0,0,0,410
12/23/2020,AUS,TX,ASW,CE,Combined TRACON& Tower with Radar,261,65,89,1,416,0,0,9,4,13,261,65,98,5,429,0,0,0,429
12/24/2020,AUS,TX,ASW,CE,Combined TRACON& Tower with Radar,154,23,35,0,212,0,0,22,0,22,154,23,57,0,234,0,0,0,234
12/25/2020,AUS,TX,ASW,CE,Combined TRACON& Tower with Radar,127,29,21,0,177,0,0,14,0,14,127,29,35,0,191,0,0,0,191
12/26/2020,AUS,TX,ASW,CE,Combined TRACON& Tower with Radar,222,67,78,0,367,0,0,41,0,41,222,67,119,0,408,0,0,0,408
12/27/2020,AUS,TX,ASW,CE,Combined TRACON& Tower with Radar,260,43,95,0,398,0,0,27,2,29,260,43,122,2,427,0,0,0,427
12/28/2020,AUS,TX,ASW,CE,Combined TRACON& Tower with Radar,215,46,71,3,335,0,0,11,3,14,215,46,82,6,349,0,0,0,349
12/29/2020,AUS,TX,ASW,CE,Combined TRACON& Tower with Radar,227,64,63,0,354,0,1,10,16,27,227,65,73,16,381,0,0,0,381
12/30/2020,AUS,TX,ASW,CE,Combined TRACON& Tower with Radar,238,38,62,0,338,0,0,0,0,0,238,38,62,0,338,0,0,0,338
12/31/2020,AUS,TX,ASW,CE,Combined TRACON& Tower with Radar,157,27,24,0,208,0,0,0,0,0,157,27,24,0,208,0,0,0,208
01/01/2021,AUS,TX,ASW,CE,Combined TRACON& Tower with Radar,151,26,45,0,222,0,3,26,1,30,151,29,71,1,252,0,0,0,252
01/02/2021,AUS,TX,ASW,CE,Combined TRACON& Tower with Radar,234,52,83,0,369,0,0,39,0,39,234,52,122,0,408,0,0,0,408
01/03/2021,AUS,TX,ASW,CE,Combined TRACON& Tower with Radar,263,47,104,0,414,0,1,54,0,55,263,48,158,0,469,0,0,0,469
01/04/2021,AUS,TX,ASW,CE,Combined TRACON& Tower with Radar,216,57,67,1,341,1,0,39,7,47,217,57,106,8,388,0,0,0,388
01/05/2021,AUS,TX,ASW,CE,Combined TRACON& Tower with Radar,179,39,41,3,262,0,0,60,12,72,179,39,101,15,334,0,0,0,334
01/06/2021,AUS,TX,ASW,CE,Combined TRACON& Tower with Radar,184,42,56,0,282,0,0,13,6,19,184,42,69,6,301,0,0,0,301
01/07/2021,AUS,TX,ASW,CE,Combined TRACON& Tower with Radar,186,56,61,5,308,0,0,54,7,61,186,56,115,12,369,0,0,0,369
01/08/2021,AUS,TX,ASW,CE,Combined TRACON& Tower with Radar,192,54,49,10,305,0,2,52,10,64,192,56,101,20,369,0,0,0,369
01/09/2021,AUS,TX,ASW,CE,Combined TRACON& Tower with Radar,148,29,48,3,228,0,0,51,15,66,148,29,99,18,294,0,0,0,294
01/10/2021,AUS,TX,ASW,CE,Combined TRACON& Tower with Radar,169,25,35,0,229,0,0,0,1,1,169,25,35,1,230,0,0,0,230
01/11/2021,AUS,TX,ASW,CE,Combined TRACON& Tower with Radar,183,44,75,11,313,0,2,20,5,27,183,46,95,16,340,0,0,0,340
01/12/2021,AUS,TX,ASW,CE,Combined TRACON& Tower with Radar,150,42,58,6,256,0,0,48,13,61,150,42,106,19,317,0,0,0,317
01/13/2021,AUS,TX,ASW,CE,Combined TRACON& Tower with Radar,149,62,82,14,307,0,0,47,18,65,149,62,129,32,372,0,0,0,372
01/14/2021,AUS,TX,ASW,CE,Combined TRACON& Tower with Radar,188,52,78,7,325,0,1,36,14,51,188,53,114,21,376,0,0,0,376
01/15/2021,AUS,TX,ASW,CE,Combined TRACON& Tower with Radar,193,54,66,9,322,0,2,39,12,53,193,56,105,21,375,0,0,0,375
01/16/2021,AUS,TX,ASW,CE,Combined TRACON& Tower with Radar,149,33,50,3,235,0,0,61,5,66,149,33,111,8,301,0,0,0,301
01/17/2021,AUS,TX,ASW,CE,Combined TRACON& Tower with Radar,179,42,43,5,269,0,0,45,2,47,179,42,88,7,316,0,0,0,316
01/18/2021,AUS,TX,ASW,CE,Combined TRACON& Tower with Radar,181,46,74,0,301,0,0,22,4,26,181,46,96,4,327,0,0,0,327
01/19/2021,AUS,TX,ASW,CE,Combined TRACON& Tower with Radar,153,43,65,2,263,0,0,0,1,1,153,43,65,3,264,0,0,0,264
01/20/2021,AUS,TX,ASW,CE,Combined TRACON& Tower with Radar,149,56,61,0,266,0,0,0,0,0,149,56,61,0,266,14,4,18,284
01/21/2021,AUS,TX,ASW,CE,Combined TRACON& Tower with Radar,187,51,68,5,311,0,0,18,9,27,187,51,86,14,338,0,0,0,338
01/22/2021,AUS,TX,ASW,CE,Combined TRACON& Tower with Radar,188,44,84,16,332,0,0,37,9,46,188,44,121,25,378,0,0,0,378
01/23/2021,AUS,TX,ASW,CE,Combined TRACON& Tower with Radar,147,44,54,1,246,0,0,4,0,4,147,44,58,1,250,0,0,0,250
01/24/2021,AUS,TX,ASW,CE,Combined TRACON& Tower with Radar,184,24,50,7,265,0,0,0,0,0,184,24,50,7,265,0,0,0,265
01/25/2021,AUS,TX,ASW,CE,Combined TRACON& Tower with Radar,178,27,68,18,291,0,0,38,7,45,178,27,106,25,336,0,0,0,336
01/26/2021,AUS,TX,ASW,CE,Combined TRACON& Tower with Radar,144,51,63,12,270,0,0,61,7,68,144,51,124,19,338,0,0,0,338
01/27/2021,AUS,TX,ASW,CE,Combined TRACON& Tower with Radar,144,49,77,8,278,0,0,55,13,68,144,49,132,21,346,0,0,0,346
01/28/2021,AUS,TX,ASW,CE,Combined TRACON& Tower with Radar,184,48,93,17,342,0,0,57,17,74,184,48,150,34,416,0,0,0,416
01/29/2021,AUS,TX,ASW,CE,Combined TRACON& Tower with Radar,183,53,72,12,320,0,2,36,17,55,183,55,108,29,375,0,0,0,375
01/30/2021,AUS,TX,ASW,CE,Combined TRACON& Tower with Radar,170,41,57,2,270,0,1,24,1,26,170,42,81,3,296,0,0,0,296
01/31/2021,AUS,TX,ASW,CE,Combined TRACON& Tower with Radar,176,43,86,7,312,0,1,59,4,64,176,44,145,11,376,0,0,0,376
02/01/2021,AUS,TX,ASW,CE,Combined TRACON& Tower with Radar,169,48,49,10,276,0,1,37,4,42,169,49,86,14,318,0,0,0,318
02/02/2021,AUS,TX,ASW,CE,Combined TRACON& Tower with Radar,150,44,59,7,260,0,0,48,15,63,150,44,107,22,323,6,0,6,329
02/03/2021,AUS,TX,ASW,CE,Combined TRACON& Tower with Radar,149,72,75,8,304,0,0,33,19,52,149,72,108,27,356,0,0,0,356
02/04/2021,AUS,TX,ASW,CE,Combined TRACON& Tower with Radar,191,55,88,5,339,0,3,34,12,49,191,58,122,17,388,0,0,0,388
02/05/2021,AUS,TX,ASW,CE,Combined TRACON& Tower with Radar,200,37,77,16,330,0,0,32,10,42,200,37,109,26,372,0,0,0,372
02/06/2021,AUS,TX,ASW,CE,Combined TRACON& Tower with Radar,153,30,47,11,241,0,0,22,0,22,153,30,69,11,263,0,0,0,263
02/07/2021,AUS,TX,ASW,CE,Combined TRACON& Tower with Radar,176,39,54,10,279,0,0,43,3,46,176,39,97,13,325,0,0,0,325
02/08/2021,AUS,TX,ASW,CE,Combined TRACON& Tower with Radar,183,52,68,14,317,0,0,17,4,21,183,52,85,18,338,0,0,0,338
02/09/2021,AUS,TX,ASW,CE,Combined TRACON& Tower with Radar,154,69,69,7,299,0,0,13,14,27,154,69,82,21,326,0,0,0,326
02/10/2021,AUS,TX,ASW,CE,Combined TRACON& Tower with Radar,154,56,102,6,318,0,0,0,0,0,154,56,102,6,318,0,0,0,318
02/11/2021,AUS,TX,ASW,CE,Combined TRACON& Tower with Radar,200,40,61,1,302,0,0,0,0,0,200,40,61,1,302,0,0,0,302
02/12/2021,AUS,TX,ASW,CE,Combined TRACON& Tower with Radar,221,46,84,4,355,0,0,2,5,7,221,46,86,9,362,0,0,0,362
02/13/2021,AUS,TX,ASW,CE,Combined TRACON& Tower with Radar,142,27,33,1,203,0,0,0,0,0,142,27,33,1,203,0,0,0,203
02/14/2021,AUS,TX,ASW,CE,Combined TRACON& Tower with Radar,67,5,18,0,90,0,0,0,0,0,67,5,18,0,90,0,0,0,90
02/15/2021,AUS,TX,ASW,CE,Combined TRACON& Tower with Radar,0,0,0,0,0,0,0,0,0,0,0,0,0,0,0,0,0,0,0
02/16/2021,AUS,TX,ASW,CE,Combined TRACON& Tower with Radar,0,0,0,0,0,0,0,1,0,1,0,0,1,0,1,0,0,0,1
02/17/2021,AUS,TX,ASW,CE,Combined TRACON& Tower with Radar,8,16,17,0,41,0,0,0,0,0,8,16,17,0,41,0,0,0,41
02/18/2021,AUS,TX,ASW,CE,Combined TRACON& Tower with Radar,61,28,55,0,144,0,0,6,0,6,61,28,61,0,150,0,0,0,150
02/19/2021,AUS,TX,ASW,CE,Combined TRACON& Tower with Radar,178,69,87,3,337,0,1,18,9,28,178,70,105,12,365,0,0,0,365
02/20/2021,AUS,TX,ASW,CE,Combined TRACON& Tower with Radar,155,41,49,2,247,0,2,24,22,48,155,43,73,24,295,0,0,0,295
02/21/2021,AUS,TX,ASW,CE,Combined TRACON& Tower with Radar,198,38,46,6,288,0,0,19,20,39,198,38,65,26,327,0,0,0,327
02/22/2021,AUS,TX,ASW,CE,Combined TRACON& Tower with Radar,207,50,59,6,322,0,1,53,18,72,207,51,112,24,394,0,0,0,394
02/23/2021,AUS,TX,ASW,CE,Combined TRACON& Tower with Radar,160,75,97,11,343,0,0,51,22,73,160,75,148,33,416,0,0,0,416
02/24/2021,AUS,TX,ASW,CE,Combined TRACON& Tower with Radar,163,70,88,9,330,0,0,45,19,64,163,70,133,28,394,0,0,0,394
02/25/2021,AUS,TX,ASW,CE,Combined TRACON& Tower with Radar,215,69,100,8,392,0,0,0,1,1,215,69,100,9,393,0,0,0,393
02/26/2021,AUS,TX,ASW,CE,Combined TRACON& Tower with Radar,220,80,113,19,432,0,0,6,2,8,220,80,119,21,440,0,0,0,440
02/27/2021,AUS,TX,ASW,CE,Combined TRACON& Tower with Radar,149,50,64,9,272,0,1,11,3,15,149,51,75,12,287,0,0,0,287
02/28/2021,AUS,TX,ASW,CE,Combined TRACON& Tower with Radar,219,47,79,3,348,0,0,9,0,9,219,47,88,3,357,0,0,0,357
03/01/2021,AUS,TX,ASW,CE,Combined TRACON& Tower with Radar,210,59,76,1,346,0,0,7,2,9,210,59,83,3,355,0,0,0,355
03/02/2021,AUS,TX,ASW,CE,Combined TRACON& Tower with Radar,174,48,79,5,306,0,0,67,3,70,174,48,146,8,376,0,0,0,376
03/03/2021,AUS,TX,ASW,CE,Combined TRACON& Tower with Radar,182,72,95,13,362,0,0,96,16,112,182,72,191,29,474,0,0,0,474
03/04/2021,AUS,TX,ASW,CE,Combined TRACON& Tower with Radar,226,74,90,4,394,0,2,63,17,82,226,76,153,21,476,0,0,0,476
03/05/2021,AUS,TX,ASW,CE,Combined TRACON& Tower with Radar,243,54,119,17,433,0,0,31,7,38,243,54,150,24,471,0,0,0,471
03/06/2021,AUS,TX,ASW,CE,Combined TRACON& Tower with Radar,198,43,42,4,287,0,1,82,4,87,198,44,124,8,374,0,0,0,374
03/07/2021,AUS,TX,ASW,CE,Combined TRACON& Tower with Radar,250,76,86,2,414,0,1,79,0,80,250,77,165,2,494,0,0,0,494
03/08/2021,AUS,TX,ASW,CE,Combined TRACON& Tower with Radar,266,36,66,3,371,0,2,37,3,42,266,38,103,6,413,0,0,0,413
03/09/2021,AUS,TX,ASW,CE,Combined TRACON& Tower with Radar,202,50,82,5,339,0,0,16,15,31,202,50,98,20,370,0,0,0,370
03/10/2021,AUS,TX,ASW,CE,Combined TRACON& Tower with Radar,207,59,102,11,379,0,0,16,10,26,207,59,118,21,405,0,0,0,405
03/11/2021,AUS,TX,ASW,CE,Combined TRACON& Tower with Radar,275,68,118,5,466,0,0,9,17,26,275,68,127,22,492,0,0,0,492
03/12/2021,AUS,TX,ASW,CE,Combined TRACON& Tower with Radar,288,78,149,19,534,0,0,13,8,21,288,78,162,27,555,0,0,0,555
03/13/2021,AUS,TX,ASW,CE,Combined TRACON& Tower with Radar,245,73,81,7,406,0,0,8,6,14,245,73,89,13,420,0,0,0,420
03/14/2021,AUS,TX,ASW,CE,Combined TRACON& Tower with Radar,254,62,75,4,395,0,0,26,5,31,254,62,101,9,426,0,0,0,426
03/15/2021,AUS,TX,ASW,CE,Combined TRACON& Tower with Radar,291,74,89,8,462,0,2,49,4,55,291,76,138,12,517,0,0,0,517
03/16/2021,AUS,TX,ASW,CE,Combined TRACON& Tower with Radar,247,47,67,3,364,0,1,13,12,26,247,48,80,15,390,0,0,0,390
03/17/2021,AUS,TX,ASW,CE,Combined TRACON& Tower with Radar,242,53,75,4,374,0,0,35,8,43,242,53,110,12,417,0,0,0,417
03/18/2021,AUS,TX,ASW,CE,Combined TRACON& Tower with Radar,288,71,88,7,454,0,0,44,8,52,288,71,132,15,506,0,0,0,506
03/19/2021,AUS,TX,ASW,CE,Combined TRACON& Tower with Radar,296,77,99,2,474,0,0,67,10,77,296,77,166,12,551,0,0,0,551
03/20/2021,AUS,TX,ASW,CE,Combined TRACON& Tower with Radar,252,67,108,10,437,0,0,78,0,78,252,67,186,10,515,0,0,0,515
03/21/2021,AUS,TX,ASW,CE,Combined TRACON& Tower with Radar,283,97,130,15,525,0,3,48,0,51,283,100,178,15,576,0,0,0,576
03/22/2021,AUS,TX,ASW,CE,Combined TRACON& Tower with Radar,303,70,100,4,477,0,0,5,6,11,303,70,105,10,488,0,0,0,488
03/23/2021,AUS,TX,ASW,CE,Combined TRACON& Tower with Radar,263,54,79,5,401,0,3,53,5,61,263,57,132,10,462,0,0,0,462
03/24/2021,AUS,TX,ASW,CE,Combined TRACON& Tower with Radar,265,66,110,4,445,0,0,4,7,11,265,66,114,11,456,0,0,0,456
03/25/2021,AUS,TX,ASW,CE,Combined TRACON& Tower with Radar,288,63,100,8,459,0,2,48,8,58,288,65,148,16,517,0,0,0,517
03/26/2021,AUS,TX,ASW,CE,Combined TRACON& Tower with Radar,296,83,95,20,494,0,1,58,13,72,296,84,153,33,566,0,0,0,566
03/27/2021,AUS,TX,ASW,CE,Combined TRACON& Tower with Radar,255,59,80,17,411,0,0,29,7,36,255,59,109,24,447,0,0,0,447
03/28/2021,AUS,TX,ASW,CE,Combined TRACON& Tower with Radar,277,56,80,11,424,0,0,20,5,25,277,56,100,16,449,0,0,0,449
03/29/2021,AUS,TX,ASW,CE,Combined TRACON& Tower with Radar,289,35,67,9,400,0,1,56,5,62,289,36,123,14,462,0,0,0,462
03/30/2021,AUS,TX,ASW,CE,Combined TRACON& Tower with Radar,260,52,88,13,413,0,0,23,9,32,260,52,111,22,445,0,0,0,445
03/31/2021,AUS,TX,ASW,CE,Combined TRACON& Tower with Radar,261,57,113,21,452,0,1,21,15,37,261,58,134,36,489,0,0,0,489
04/01/2021,AUS,TX,ASW,CE,Combined TRACON& Tower with Radar,289,66,118,13,486,0,2,75,24,101,289,68,193,37,587,0,0,0,587
04/02/2021,AUS,TX,ASW,CE,Combined TRACON& Tower with Radar,305,54,104,6,469,0,4,58,7,69,305,58,162,13,538,0,0,0,538
04/03/2021,AUS,TX,ASW,CE,Combined TRACON& Tower with Radar,256,36,81,1,374,0,0,28,0,28,256,36,109,1,402,0,0,0,402
04/04/2021,AUS,TX,ASW,CE,Combined TRACON& Tower with Radar,283,52,82,0,417,0,0,30,0,30,283,52,112,0,447,0,0,0,447
04/05/2021,AUS,TX,ASW,CE,Combined TRACON& Tower with Radar,304,70,101,7,482,0,1,38,1,40,304,71,139,8,522,0,0,0,522
04/06/2021,AUS,TX,ASW,CE,Combined TRACON& Tower with Radar,264,72,94,7,437,0,0,8,8,16,264,72,102,15,453,0,0,0,453
04/07/2021,AUS,TX,ASW,CE,Combined TRACON& Tower with Radar,270,69,101,11,451,0,0,39,10,49,270,69,140,21,500,0,0,0,500
04/08/2021,AUS,TX,ASW,CE,Combined TRACON& Tower with Radar,305,77,113,4,499,0,0,50,18,68,305,77,163,22,567,0,0,0,567
04/09/2021,AUS,TX,ASW,CE,Combined TRACON& Tower with Radar,312,60,109,9,490,0,0,34,20,54,312,60,143,29,544,0,0,0,544
04/10/2021,AUS,TX,ASW,CE,Combined TRACON& Tower with Radar,270,35,64,12,381,0,1,48,14,63,270,36,112,26,444,0,0,0,444
04/11/2021,AUS,TX,ASW,CE,Combined TRACON& Tower with Radar,276,43,91,4,414,0,0,65,7,72,276,43,156,11,486,0,0,0,486
04/12/2021,AUS,TX,ASW,CE,Combined TRACON& Tower with Radar,312,57,87,4,460,0,2,19,6,27,312,59,106,10,487,0,0,0,487
04/13/2021,AUS,TX,ASW,CE,Combined TRACON& Tower with Radar,244,48,87,10,389,0,0,15,14,29,244,48,102,24,418,0,0,0,418
04/14/2021,AUS,TX,ASW,CE,Combined TRACON& Tower with Radar,240,75,103,6,424,0,1,13,7,21,240,76,116,13,445,0,0,0,445
04/15/2021,AUS,TX,ASW,CE,Combined TRACON& Tower with Radar,308,64,124,8,504,0,0,1,0,1,308,64,125,8,505,0,0,0,505
04/16/2021,AUS,TX,ASW,CE,Combined TRACON& Tower with Radar,318,56,101,3,478,0,0,0,0,0,318,56,101,3,478,0,0,0,478
04/17/2021,AUS,TX,ASW,CE,Combined TRACON& Tower with Radar,262,24,58,8,352,0,0,28,7,35,262,24,86,15,387,0,0,0,387
04/18/2021,AUS,TX,ASW,CE,Combined TRACON& Tower with Radar,290,47,89,11,437,0,3,75,9,87,290,50,164,20,524,0,0,0,524
04/19/2021,AUS,TX,ASW,CE,Combined TRACON& Tower with Radar,299,64,85,4,452,0,2,53,10,65,299,66,138,14,517,0,0,0,517
04/20/2021,AUS,TX,ASW,CE,Combined TRACON& Tower with Radar,243,49,115,2,409,0,0,51,13,64,243,49,166,15,473,0,0,0,473
04/21/2021,AUS,TX,ASW,CE,Combined TRACON& Tower with Radar,247,64,96,1,408,0,2,64,17,83,247,66,160,18,491,0,0,0,491
04/22/2021,AUS,TX,ASW,CE,Combined TRACON& Tower with Radar,305,69,128,8,510,0,0,26,10,36,305,69,154,18,546,0,0,0,546
04/23/2021,AUS,TX,ASW,CE,Combined TRACON& Tower with Radar,324,66,100,4,494,0,0,3,0,3,324,66,103,4,497,0,0,0,497
04/24/2021,AUS,TX,ASW,CE,Combined TRACON& Tower with Radar,264,55,53,3,375,0,2,66,3,71,264,57,119,6,446,0,0,0,446
04/25/2021,AUS,TX,ASW,CE,Combined TRACON& Tower with Radar,294,61,140,4,499,0,2,89,1,92,294,63,229,5,591,0,0,0,591
04/26/2021,AUS,TX,ASW,CE,Combined TRACON& Tower with Radar,301,49,63,1,414,0,0,31,4,35,301,49,94,5,449,0,0,0,449
04/27/2021,AUS,TX,ASW,CE,Combined TRACON& Tower with Radar,241,58,100,0,399,0,0,4,4,8,241,58,104,4,407,0,0,0,407
04/28/2021,AUS,TX,ASW,CE,Combined TRACON& Tower with Radar,243,87,81,2,413,0,0,13,12,25,243,87,94,14,438,0,0,0,438
04/29/2021,AUS,TX,ASW,CE,Combined TRACON& Tower with Radar,307,74,129,11,521,0,0,3,1,4,307,74,132,12,525,0,0,0,525
04/30/2021,AUS,TX,ASW,CE,Combined TRACON& Tower with Radar,312,60,78,2,452,0,0,0,4,4,312,60,78,6,456,0,0,0,456
05/01/2021,AUS,TX,ASW,CE,Combined TRACON& Tower with Radar,256,38,50,9,353,0,0,1,1,2,256,38,51,10,355,0,0,0,355
05/02/2021,AUS,TX,ASW,CE,Combined TRACON& Tower with Radar,294,53,125,2,474,0,0,56,4,60,294,53,181,6,534,0,0,0,534
05/03/2021,AUS,TX,ASW,CE,Combined TRACON& Tower with Radar,318,58,58,5,439,0,2,31,4,37,318,60,89,9,476,0,0,0,476
05/04/2021,AUS,TX,ASW,CE,Combined TRACON& Tower with Radar,241,42,83,6,372,0,2,36,11,49,241,44,119,17,421,0,0,0,421
05/05/2021,AUS,TX,ASW,CE,Combined TRACON& Tower with Radar,249,67,77,13,406,0,1,77,20,98,249,68,154,33,504,0,0,0,504
05/06/2021,AUS,TX,ASW,CE,Combined TRACON& Tower with Radar,305,110,119,2,536,0,6,80,16,102,305,116,199,18,638,0,0,0,638
05/07/2021,AUS,TX,ASW,CE,Combined TRACON& Tower with Radar,328,81,101,9,519,0,8,45,18,71,328,89,146,27,590,0,0,0,590
05/08/2021,AUS,TX,ASW,CE,Combined TRACON& Tower with Radar,286,44,70,2,402,0,0,23,3,26,286,44,93,5,428,0,0,0,428
05/09/2021,AUS,TX,ASW,CE,Combined TRACON& Tower with Radar,329,43,97,0,469,0,0,6,2,8,329,43,103,2,477,0,0,0,477
05/10/2021,AUS,TX,ASW,CE,Combined TRACON& Tower with Radar,349,53,97,5,504,0,0,3,1,4,349,53,100,6,508,0,0,0,508
05/11/2021,AUS,TX,ASW,CE,Combined TRACON& Tower with Radar,320,35,102,6,463,0,0,0,0,0,320,35,102,6,463,0,0,0,463
05/12/2021,AUS,TX,ASW,CE,Combined TRACON& Tower with Radar,305,66,92,8,471,0,2,12,16,30,305,68,104,24,501,0,0,0,501
05/13/2021,AUS,TX,ASW,CE,Combined TRACON& Tower with Radar,337,68,116,6,527,0,1,48,13,62,337,69,164,19,589,0,0,0,589
05/14/2021,AUS,TX,ASW,CE,Combined TRACON& Tower with Radar,350,66,104,19,539,0,1,59,9,69,350,67,163,28,608,0,0,0,608
05/15/2021,AUS,TX,ASW,CE,Combined TRACON& Tower with Radar,299,47,83,7,436,0,0,20,8,28,299,47,103,15,464,0,0,0,464
05/16/2021,AUS,TX,ASW,CE,Combined TRACON& Tower with Radar,325,66,88,2,481,0,0,10,4,14,325,66,98,6,495,0,0,0,495
05/17/2021,AUS,TX,ASW,CE,Combined TRACON& Tower with Radar,361,51,86,0,498,0,0,14,2,16,361,51,100,2,514,0,0,0,514
05/18/2021,AUS,TX,ASW,CE,Combined TRACON& Tower with Radar,313,42,63,4,422,0,0,6,3,9,313,42,69,7,431,0,0,0,431
05/19/2021,AUS,TX,ASW,CE,Combined TRACON& Tower with Radar,319,57,79,1,456,0,0,11,18,29,319,57,90,19,485,0,0,0,485
05/20/2021,AUS,TX,ASW,CE,Combined TRACON& Tower with Radar,346,81,99,6,532,0,2,42,6,50,346,83,141,12,582,0,0,0,582
05/21/2021,AUS,TX,ASW,CE,Combined TRACON& Tower with Radar,353,62,143,13,571,0,0,28,13,41,353,62,171,26,612,0,0,0,612
05/22/2021,AUS,TX,ASW,CE,Combined TRACON& Tower with Radar,300,41,71,7,419,0,1,9,2,12,300,42,80,9,431,0,0,0,431
05/23/2021,AUS,TX,ASW,CE,Combined TRACON& Tower with Radar,336,69,163,4,572,0,0,3,1,4,336,69,166,5,576,0,0,0,576
05/24/2021,AUS,TX,ASW,CE,Combined TRACON& Tower with Radar,361,52,72,3,488,1,2,4,4,11,362,54,76,7,499,0,0,0,499
05/25/2021,AUS,TX,ASW,CE,Combined TRACON& Tower with Radar,317,69,89,5,480,0,0,21,14,35,317,69,110,19,515,0,0,0,515
05/26/2021,AUS,TX,ASW,CE,Combined TRACON& Tower with Radar,316,85,117,10,528,0,1,49,18,68,316,86,166,28,596,0,0,0,596
05/27/2021,AUS,TX,ASW,CE,Combined TRACON& Tower with Radar,339,76,110,9,534,0,2,44,14,60,339,78,154,23,594,0,0,0,594
05/28/2021,AUS,TX,ASW,CE,Combined TRACON& Tower with Radar,363,69,80,3,515,0,0,23,3,26,363,69,103,6,541,0,0,0,541
05/29/2021,AUS,TX,ASW,CE,Combined TRACON& Tower with Radar,307,58,63,3,431,0,0,25,5,30,307,58,88,8,461,0,0,0,461
05/30/2021,AUS,TX,ASW,CE,Combined TRACON& Tower with Radar,323,27,55,2,407,0,0,17,5,22,323,27,72,7,429,0,0,0,429
05/31/2021,AUS,TX,ASW,CE,Combined TRACON& Tower with Radar,351,53,100,7,511,0,0,20,1,21,351,53,120,8,532,0,0,0,532
06/01/2021,AUS,TX,ASW,CE,Combined TRACON& Tower with Radar,320,41,85,22,468,0,0,20,8,28,320,41,105,30,496,0,0,0,496
06/02/2021,AUS,TX,ASW,CE,Combined TRACON& Tower with Radar,330,52,112,4,498,0,0,26,12,38,330,52,138,16,536,0,0,0,536
06/03/2021,AUS,TX,ASW,CE,Combined TRACON& Tower with Radar,358,57,118,0,533,0,0,4,10,14,358,57,122,10,547,0,0,0,547
06/04/2021,AUS,TX,ASW,CE,Combined TRACON& Tower with Radar,381,68,92,10,551,0,0,6,6,12,381,68,98,16,563,0,2,2,565
06/05/2021,AUS,TX,ASW,CE,Combined TRACON& Tower with Radar,323,37,73,3,436,0,0,6,4,10,323,37,79,7,446,0,0,0,446
06/06/2021,AUS,TX,ASW,CE,Combined TRACON& Tower with Radar,396,63,91,0,550,0,0,33,6,39,396,63,124,6,589,0,0,0,589
06/07/2021,AUS,TX,ASW,CE,Combined TRACON& Tower with Radar,413,58,108,8,587,0,1,19,8,28,413,59,127,16,615,6,0,6,621
06/08/2021,AUS,TX,ASW,CE,Combined TRACON& Tower with Radar,372,58,97,17,544,0,0,28,6,34,372,58,125,23,578,0,10,10,588
06/09/2021,AUS,TX,ASW,CE,Combined TRACON& Tower with Radar,385,58,93,19,555,0,0,37,22,59,385,58,130,41,614,0,10,10,624
06/10/2021,AUS,TX,ASW,CE,Combined TRACON& Tower with Radar,409,84,103,13,609,0,0,43,19,62,409,84,146,32,671,0,0,0,671
06/11/2021,AUS,TX,ASW,CE,Combined TRACON& Tower with Radar,415,54,92,13,574,0,0,49,7,56,415,54,141,20,630,0,0,0,630
06/12/2021,AUS,TX,ASW,CE,Combined TRACON& Tower with Radar,323,31,80,13,447,0,0,66,11,77,323,31,146,24,524,0,0,0,524
06/13/2021,AUS,TX,ASW,CE,Combined TRACON& Tower with Radar,393,56,78,2,529,0,0,40,0,40,393,56,118,2,569,0,0,0,569
06/14/2021,AUS,TX,ASW,CE,Combined TRACON& Tower with Radar,414,45,73,6,538,0,1,42,7,50,414,46,115,13,588,0,0,0,588
06/15/2021,AUS,TX,ASW,CE,Combined TRACON& Tower with Radar,370,49,82,11,512,0,1,47,11,59,370,50,129,22,571,0,0,0,571
06/16/2021,AUS,TX,ASW,CE,Combined TRACON& Tower with Radar,378,60,102,25,565,0,5,57,9,71,378,65,159,34,636,0,0,0,636
06/17/2021,AUS,TX,ASW,CE,Combined TRACON& Tower with Radar,410,94,108,10,622,1,1,76,9,87,411,95,184,19,709,0,0,0,709
06/18/2021,AUS,TX,ASW,CE,Combined TRACON& Tower with Radar,417,69,80,1,567,0,3,64,4,71,417,72,144,5,638,0,0,0,638
06/19/2021,AUS,TX,ASW,CE,Combined TRACON& Tower with Radar,333,39,69,7,448,0,4,50,2,56,333,43,119,9,504,0,0,0,504
06/20/2021,AUS,TX,ASW,CE,Combined TRACON& Tower with Radar,396,53,80,14,543,0,1,47,0,48,396,54,127,14,591,0,0,0,591
06/21/2021,AUS,TX,ASW,CE,Combined TRACON& Tower with Radar,423,52,85,11,571,0,0,37,4,41,423,52,122,15,612,0,0,0,612
06/22/2021,AUS,TX,ASW,CE,Combined TRACON& Tower with Radar,396,55,98,10,559,0,2,23,10,35,396,57,121,20,594,0,0,0,594
06/23/2021,AUS,TX,ASW,CE,Combined TRACON& Tower with Radar,389,63,99,5,556,0,0,48,23,71,389,63,147,28,627,0,0,0,627
06/24/2021,AUS,TX,ASW,CE,Combined TRACON& Tower with Radar,410,65,99,28,602,0,0,55,11,66,410,65,154,39,668,0,0,0,668
06/25/2021,AUS,TX,ASW,CE,Combined TRACON& Tower with Radar,416,75,96,25,612,0,0,33,4,37,416,75,129,29,649,0,0,0,649
06/26/2021,AUS,TX,ASW,CE,Combined TRACON& Tower with Radar,339,46,76,12,473,0,0,44,6,50,339,46,120,18,523,0,0,0,523
06/27/2021,AUS,TX,ASW,CE,Combined TRACON& Tower with Radar,391,63,97,5,556,0,0,14,2,16,391,63,111,7,572,0,0,0,572
06/28/2021,AUS,TX,ASW,CE,Combined TRACON& Tower with Radar,414,68,77,8,567,0,0,5,2,7,414,68,82,10,574,0,0,0,574
06/29/2021,AUS,TX,ASW,CE,Combined TRACON& Tower with Radar,396,70,81,5,552,0,1,8,7,16,396,71,89,12,568,0,8,8,576
06/30/2021,AUS,TX,ASW,CE,Combined TRACON& Tower with Radar,390,65,124,10,589,0,0,27,6,33,390,65,151,16,622,0,0,0,622
07/01/2021,AUS,TX,ASW,CE,Combined TRACON& Tower with Radar,449,85,105,11,650,0,0,50,13,63,449,85,155,24,713,0,0,0,713
07/02/2021,AUS,TX,ASW,CE,Combined TRACON& Tower with Radar,460,74,97,0,631,0,0,65,10,75,460,74,162,10,706,0,0,0,706
07/03/2021,AUS,TX,ASW,CE,Combined TRACON& Tower with Radar,334,37,35,0,406,0,1,7,0,8,334,38,42,0,414,0,0,0,414
07/04/2021,AUS,TX,ASW,CE,Combined TRACON& Tower with Radar,378,23,20,0,421,0,0,8,0,8,378,23,28,0,429,0,0,0,429
07/05/2021,AUS,TX,ASW,CE,Combined TRACON& Tower with Radar,426,50,75,0,551,0,0,3,0,3,426,50,78,0,554,0,0,0,554
07/06/2021,AUS,TX,ASW,CE,Combined TRACON& Tower with Radar,398,45,73,4,520,0,0,23,2,25,398,45,96,6,545,0,0,0,545
07/07/2021,AUS,TX,ASW,CE,Combined TRACON& Tower with Radar,398,64,89,7,558,0,0,24,7,31,398,64,113,14,589,0,0,0,589
07/08/2021,AUS,TX,ASW,CE,Combined TRACON& Tower with Radar,439,67,76,11,593,0,0,20,9,29,439,67,96,20,622,0,0,0,622
07/09/2021,AUS,TX,ASW,CE,Combined TRACON& Tower with Radar,435,51,86,4,576,0,0,0,0,0,435,51,86,4,576,0,0,0,576
07/10/2021,AUS,TX,ASW,CE,Combined TRACON& Tower with Radar,342,43,87,9,481,0,0,34,1,35,342,43,121,10,516,0,0,0,516
07/11/2021,AUS,TX,ASW,CE,Combined TRACON& Tower with Radar,413,45,90,8,556,0,2,41,0,43,413,47,131,8,599,0,0,0,599
07/12/2021,AUS,TX,ASW,CE,Combined TRACON& Tower with Radar,441,56,66,10,573,0,0,22,12,34,441,56,88,22,607,0,34,34,641
07/13/2021,AUS,TX,ASW,CE,Combined TRACON& Tower with Radar,411,72,82,10,575,0,0,31,14,45,411,72,113,24,620,0,0,0,620
07/14/2021,AUS,TX,ASW,CE,Combined TRACON& Tower with Radar,410,60,97,6,573,0,0,38,14,52,410,60,135,20,625,0,0,0,625
07/15/2021,AUS,TX,ASW,CE,Combined TRACON& Tower with Radar,434,64,92,9,599,0,2,52,19,73,434,66,144,28,672,0,0,0,672
07/16/2021,AUS,TX,ASW,CE,Combined TRACON& Tower with Radar,449,71,98,12,630,0,0,34,4,38,449,71,132,16,668,0,0,0,668
07/17/2021,AUS,TX,ASW,CE,Combined TRACON& Tower with Radar,344,49,68,9,470,0,0,45,6,51,344,49,113,15,521,6,0,6,527
07/18/2021,AUS,TX,ASW,CE,Combined TRACON& Tower with Radar,405,47,110,14,576,0,0,48,1,49,405,47,158,15,625,0,0,0,625
07/19/2021,AUS,TX,ASW,CE,Combined TRACON& Tower with Radar,444,34,86,12,576,0,0,25,5,30,444,34,111,17,606,0,0,0,606
07/20/2021,AUS,TX,ASW,CE,Combined TRACON& Tower with Radar,417,36,87,12,552,0,0,56,6,62,417,36,143,18,614,0,0,0,614
07/21/2021,AUS,TX,ASW,CE,Combined TRACON& Tower with Radar,406,40,103,8,557,0,0,52,18,70,406,40,155,26,627,0,0,0,627
07/22/2021,AUS,TX,ASW,CE,Combined TRACON& Tower with Radar,429,46,106,4,585,0,2,32,7,41,429,48,138,11,626,0,0,0,626
07/23/2021,AUS,TX,ASW,CE,Combined TRACON& Tower with Radar,438,63,100,10,611,0,0,45,8,53,438,63,145,18,664,0,0,0,664
07/24/2021,AUS,TX,ASW,CE,Combined TRACON& Tower with Radar,358,54,56,9,477,0,4,49,12,65,358,58,105,21,542,0,0,0,542
07/25/2021,AUS,TX,ASW,CE,Combined TRACON& Tower with Radar,418,47,66,10,541,0,1,47,7,55,418,48,113,17,596,0,0,0,596
07/26/2021,AUS,TX,ASW,CE,Combined TRACON& Tower with Radar,437,37,91,10,575,0,0,42,13,55,437,37,133,23,630,0,0,0,630
07/27/2021,AUS,TX,ASW,CE,Combined TRACON& Tower with Radar,406,53,80,9,548,0,0,59,14,73,406,53,139,23,621,0,0,0,621
07/28/2021,AUS,TX,ASW,CE,Combined TRACON& Tower with Radar,410,64,101,9,584,0,2,52,13,67,410,66,153,22,651,0,0,0,651
07/29/2021,AUS,TX,ASW,CE,Combined TRACON& Tower with Radar,437,73,99,5,614,0,0,50,13,63,437,73,149,18,677,0,0,0,677
07/30/2021,AUS,TX,ASW,CE,Combined TRACON& Tower with Radar,443,51,70,5,569,0,0,42,11,53,443,51,112,16,622,0,0,0,622
07/31/2021,AUS,TX,ASW,CE,Combined TRACON& Tower with Radar,352,61,67,3,483,0,0,35,1,36,352,61,102,4,519,0,0,0,519
08/01/2021,AUS,TX,ASW,CE,Combined TRACON& Tower with Radar,404,59,79,2,544,0,0,22,0,22,404,59,101,2,566,0,0,0,566
08/02/2021,AUS,TX,ASW,CE,Combined TRACON& Tower with Radar,411,55,80,8,554,0,0,9,0,9,411,55,89,8,563,0,0,0,563
08/03/2021,AUS,TX,ASW,CE,Combined TRACON& Tower with Radar,391,47,100,9,547,0,0,43,3,46,391,47,143,12,593,0,0,0,593
08/04/2021,AUS,TX,ASW,CE,Combined TRACON& Tower with Radar,397,40,122,9,568,0,1,75,11,87,397,41,197,20,655,0,0,0,655
08/05/2021,AUS,TX,ASW,CE,Combined TRACON& Tower with Radar,434,51,98,3,586,0,1,41,7,49,434,52,139,10,635,0,0,0,635
08/06/2021,AUS,TX,ASW,CE,Combined TRACON& Tower with Radar,440,55,84,1,580,0,0,26,17,43,440,55,110,18,623,0,0,0,623
08/07/2021,AUS,TX,ASW,CE,Combined TRACON& Tower with Radar,359,54,75,0,488,0,1,34,1,36,359,55,109,1,524,0,0,0,524
08/08/2021,AUS,TX,ASW,CE,Combined TRACON& Tower with Radar,424,68,102,0,594,0,1,32,2,35,424,69,134,2,629,0,0,0,629
08/09/2021,AUS,TX,ASW,CE,Combined TRACON& Tower with Radar,432,41,81,13,567,1,0,22,6,29,433,41,103,19,596,0,0,0,596
08/10/2021,AUS,TX,ASW,CE,Combined TRACON& Tower with Radar,403,65,96,16,580,0,1,38,6,45,403,66,134,22,625,0,0,0,625
08/11/2021,AUS,TX,ASW,CE,Combined TRACON& Tower with Radar,400,50,76,6,532,0,0,45,12,57,400,50,121,18,589,0,0,0,589
08/12/2021,AUS,TX,ASW,CE,Combined TRACON& Tower with Radar,436,47,118,17,618,0,0,46,1,47,436,47,164,18,665,0,0,0,665
08/13/2021,AUS,TX,ASW,CE,Combined TRACON& Tower with Radar,446,50,89,5,590,0,1,42,11,54,446,51,131,16,644,0,0,0,644
08/14/2021,AUS,TX,ASW,CE,Combined TRACON& Tower with Radar,379,27,54,7,467,0,0,38,2,40,379,27,92,9,507,0,0,0,507
08/15/2021,AUS,TX,ASW,CE,Combined TRACON& Tower with Radar,388,62,80,3,533,0,0,6,0,6,388,62,86,3,539,0,0,0,539
08/16/2021,AUS,TX,ASW,CE,Combined TRACON& Tower with Radar,453,55,80,11,599,0,3,38,4,45,453,58,118,15,644,0,0,0,644
08/17/2021,AUS,TX,ASW,CE,Combined TRACON& Tower with Radar,414,42,93,4,553,0,0,15,6,21,414,42,108,10,574,0,0,0,574
08/18/2021,AUS,TX,ASW,CE,Combined TRACON& Tower with Radar,412,49,100,2,563,0,1,18,10,29,412,50,118,12,592,0,0,0,592
08/19/2021,AUS,TX,ASW,CE,Combined TRACON& Tower with Radar,430,61,104,9,604,0,0,39,3,42,430,61,143,12,646,0,0,0,646
08/20/2021,AUS,TX,ASW,CE,Combined TRACON& Tower with Radar,441,54,74,15,584,0,3,41,11,55,441,57,115,26,639,0,0,0,639
08/21/2021,AUS,TX,ASW,CE,Combined TRACON& Tower with Radar,348,34,40,6,428,0,0,39,9,48,348,34,79,15,476,0,0,0,476
08/22/2021,AUS,TX,ASW,CE,Combined TRACON& Tower with Radar,410,45,72,6,533,0,0,45,3,48,410,45,117,9,581,0,0,0,581
08/23/2021,AUS,TX,ASW,CE,Combined TRACON& Tower with Radar,426,32,69,5,532,0,0,49,17,66,426,32,118,22,598,0,0,0,598
08/24/2021,AUS,TX,ASW,CE,Combined TRACON& Tower with Radar,394,57,94,8,553,0,0,43,13,56,394,57,137,21,609,0,0,0,609
08/25/2021,AUS,TX,ASW,CE,Combined TRACON& Tower with Radar,394,59,96,13,562,0,2,60,18,80,394,61,156,31,642,0,0,0,642
08/26/2021,AUS,TX,ASW,CE,Combined TRACON& Tower with Radar,433,58,95,8,594,0,2,29,21,52,433,60,124,29,646,0,0,0,646
08/27/2021,AUS,TX,ASW,CE,Combined TRACON& Tower with Radar,439,67,87,10,603,0,0,26,3,29,439,67,113,13,632,0,0,0,632
08/28/2021,AUS,TX,ASW,CE,Combined TRACON& Tower with Radar,359,39,55,13,466,0,1,34,10,45,359,40,89,23,511,0,0,0,511
08/29/2021,AUS,TX,ASW,CE,Combined TRACON& Tower with Radar,412,42,72,8,534,0,0,30,2,32,412,42,102,10,566,0,0,0,566
08/30/2021,AUS,TX,ASW,CE,Combined TRACON& Tower with Radar,428,37,85,4,554,0,1,27,4,32,428,38,112,8,586,0,0,0,586
08/31/2021,AUS,TX,ASW,CE,Combined TRACON& Tower with Radar,386,34,81,11,512,0,0,56,10,66,386,34,137,21,578,0,0,0,578
09/01/2021,AUS,TX,ASW,CE,Combined TRACON& Tower with Radar,385,52,100,6,543,0,0,43,8,51,385,52,143,14,594,0,0,0,594
09/02/2021,AUS,TX,ASW,CE,Combined TRACON& Tower with Radar,429,56,117,3,605,0,0,46,10,56,429,56,163,13,661,0,0,0,661
09/03/2021,AUS,TX,ASW,CE,Combined TRACON& Tower with Radar,456,83,109,5,653,0,2,48,5,55,456,85,157,10,708,0,0,0,708
09/04/2021,AUS,TX,ASW,CE,Combined TRACON& Tower with Radar,337,31,66,0,434,0,2,48,3,53,337,33,114,3,487,0,0,0,487
09/05/2021,AUS,TX,ASW,CE,Combined TRACON& Tower with Radar,382,29,56,1,468,0,3,40,2,45,382,32,96,3,513,0,0,0,513
09/06/2021,AUS,TX,ASW,CE,Combined TRACON& Tower with Radar,404,48,98,2,552,0,0,42,2,44,404,48,140,4,596,0,0,0,596
09/07/2021,AUS,TX,ASW,CE,Combined TRACON& Tower with Radar,381,47,71,8,507,0,3,56,14,73,381,50,127,22,580,0,0,0,580
09/08/2021,AUS,TX,ASW,CE,Combined TRACON& Tower with Radar,414,60,91,4,569,0,0,58,8,66,414,60,149,12,635,0,0,0,635
09/09/2021,AUS,TX,ASW,CE,Combined TRACON& Tower with Radar,449,66,120,10,645,0,0,75,4,79,449,66,195,14,724,0,0,0,724
09/10/2021,AUS,TX,ASW,CE,Combined TRACON& Tower with Radar,467,78,99,2,646,0,0,65,6,71,467,78,164,8,717,0,0,0,717
09/11/2021,AUS,TX,ASW,CE,Combined TRACON& Tower with Radar,369,35,60,6,470,0,0,51,3,54,369,35,111,9,524,0,0,0,524
09/12/2021,AUS,TX,ASW,CE,Combined TRACON& Tower with Radar,446,59,102,1,608,0,2,42,1,45,446,61,144,2,653,0,0,0,653
09/13/2021,AUS,TX,ASW,CE,Combined TRACON& Tower with Radar,456,37,64,10,567,0,0,9,3,12,456,37,73,13,579,0,0,0,579
09/14/2021,AUS,TX,ASW,CE,Combined TRACON& Tower with Radar,415,54,102,10,581,0,3,34,3,40,415,57,136,13,621,0,0,0,621
09/15/2021,AUS,TX,ASW,CE,Combined TRACON& Tower with Radar,423,60,94,6,583,0,1,51,7,59,423,61,145,13,642,0,0,0,642
09/16/2021,AUS,TX,ASW,CE,Combined TRACON& Tower with Radar,472,73,101,5,651,0,0,66,5,71,472,73,167,10,722,0,0,0,722
09/17/2021,AUS,TX,ASW,CE,Combined TRACON& Tower with Radar,475,71,104,6,656,0,2,54,9,65,475,73,158,15,721,0,0,0,721
09/18/2021,AUS,TX,ASW,CE,Combined TRACON& Tower with Radar,376,40,66,4,486,0,3,57,4,64,376,43,123,8,550,0,0,0,550
09/19/2021,AUS,TX,ASW,CE,Combined TRACON& Tower with Radar,448,79,97,3,627,0,1,65,2,68,448,80,162,5,695,0,0,0,695
09/20/2021,AUS,TX,ASW,CE,Combined TRACON& Tower with Radar,461,61,96,9,627,0,1,63,2,66,461,62,159,11,693,0,0,0,693
09/21/2021,AUS,TX,ASW,CE,Combined TRACON& Tower with Radar,412,48,105,8,573,0,0,29,7,36,412,48,134,15,609,0,0,0,609
09/22/2021,AUS,TX,ASW,CE,Combined TRACON& Tower with Radar,418,46,97,12,573,0,5,54,9,68,418,51,151,21,641,0,0,0,641
09/23/2021,AUS,TX,ASW,CE,Combined TRACON& Tower with Radar,445,80,140,7,672,0,0,59,6,65,445,80,199,13,737,0,0,0,737
09/24/2021,AUS,TX,ASW,CE,Combined TRACON& Tower with Radar,475,83,137,3,698,0,0,59,4,63,475,83,196,7,761,0,0,0,761
09/25/2021,AUS,TX,ASW,CE,Combined TRACON& Tower with Radar,375,55,109,0,539,0,3,55,0,58,375,58,164,0,597,0,0,0,597
09/26/2021,AUS,TX,ASW,CE,Combined TRACON& Tower with Radar,449,93,124,1,667,0,1,75,0,76,449,94,199,1,743,0,0,0,743
09/27/2021,AUS,TX,ASW,CE,Combined TRACON& Tower with Radar,461,77,100,7,645,0,1,49,10,60,461,78,149,17,705,0,0,0,705
09/28/2021,AUS,TX,ASW,CE,Combined TRACON& Tower with Radar,396,64,90,7,557,0,1,46,9,56,396,65,136,16,613,0,0,0,613
09/29/2021,AUS,TX,ASW,CE,Combined TRACON& Tower with Radar,451,72,123,9,655,0,2,32,4,38,451,74,155,13,693,0,0,0,693
09/30/2021,AUS,TX,ASW,CE,Combined TRACON& Tower with Radar,469,92,133,10,704,0,0,17,6,23,469,92,150,16,727,0,0,0,727
10/01/2021,AUS,TX,ASW,CE,Combined TRACON& Tower with Radar,473,76,127,3,679,0,0,15,7,22,473,76,142,10,701,0,0,0,701
10/02/2021,AUS,TX,ASW,CE,Combined TRACON& Tower with Radar,365,45,83,0,493,0,0,23,5,28,365,45,106,5,521,0,0,0,521
10/03/2021,AUS,TX,ASW,CE,Combined TRACON& Tower with Radar,454,89,121,0,664,0,0,35,0,35,454,89,156,0,699,0,0,0,699
10/04/2021,AUS,TX,ASW,CE,Combined TRACON& Tower with Radar,462,56,117,11,646,0,1,49,5,55,462,57,166,16,701,0,0,0,701
10/05/2021,AUS,TX,ASW,CE,Combined TRACON& Tower with Radar,417,52,101,10,580,0,1,43,11,55,417,53,144,21,635,0,0,0,635
10/06/2021,AUS,TX,ASW,CE,Combined TRACON& Tower with Radar,422,79,118,20,639,0,0,74,11,85,422,79,192,31,724,12,0,12,736
10/07/2021,AUS,TX,ASW,CE,Combined TRACON& Tower with Radar,490,93,165,5,753,0,1,60,21,82,490,94,225,26,835,0,0,0,835
10/08/2021,AUS,TX,ASW,CE,Combined TRACON& Tower with Radar,510,87,144,6,747,0,1,63,11,75,510,88,207,17,822,0,0,0,822
10/09/2021,AUS,TX,ASW,CE,Combined TRACON& Tower with Radar,363,65,92,0,520,0,0,53,6,59,363,65,145,6,579,0,0,0,579
10/10/2021,AUS,TX,ASW,CE,Combined TRACON& Tower with Radar,417,68,116,2,603,0,0,17,1,18,417,68,133,3,621,0,0,0,621
10/11/2021,AUS,TX,ASW,CE,Combined TRACON& Tower with Radar,500,76,118,4,698,0,0,48,4,52,500,76,166,8,750,0,0,0,750
10/12/2021,AUS,TX,ASW,CE,Combined TRACON& Tower with Radar,469,71,109,4,653,0,0,7,3,10,469,71,116,7,663,0,0,0,663
10/13/2021,AUS,TX,ASW,CE,Combined TRACON& Tower with Radar,458,52,125,3,638,0,0,24,2,26,458,52,149,5,664,0,0,0,664
10/14/2021,AUS,TX,ASW,CE,Combined TRACON& Tower with Radar,522,96,137,7,762,0,0,20,6,26,522,96,157,13,788,0,0,0,788
10/15/2021,AUS,TX,ASW,CE,Combined TRACON& Tower with Radar,524,82,137,7,750,0,0,37,6,43,524,82,174,13,793,0,0,0,793
10/16/2021,AUS,TX,ASW,CE,Combined TRACON& Tower with Radar,377,60,101,2,540,0,1,69,0,70,377,61,170,2,610,0,0,0,610
10/17/2021,AUS,TX,ASW,CE,Combined TRACON& Tower with Radar,477,87,158,2,724,0,3,70,2,75,477,90,228,4,799,10,0,10,809
10/18/2021,AUS,TX,ASW,CE,Combined TRACON& Tower with Radar,513,71,113,2,699,0,0,63,13,76,513,71,176,15,775,0,0,0,775
10/19/2021,AUS,TX,ASW,CE,Combined TRACON& Tower with Radar,477,72,118,1,668,0,0,73,9,82,477,72,191,10,750,0,0,0,750
10/20/2021,AUS,TX,ASW,CE,Combined TRACON& Tower with Radar,471,84,143,5,703,0,1,43,9,53,471,85,186,14,756,0,0,0,756
10/21/2021,AUS,TX,ASW,CE,Combined TRACON& Tower with Radar,497,142,196,6,841,0,2,58,10,70,497,144,254,16,911,0,0,0,911
10/22/2021,AUS,TX,ASW,CE,Combined TRACON& Tower with Radar,505,162,258,3,928,0,0,54,8,62,505,162,312,11,990,0,0,0,990
10/23/2021,AUS,TX,ASW,CE,Combined TRACON& Tower with Radar,382,96,114,4,596,0,0,35,12,47,382,96,149,16,643,0,0,0,643
10/24/2021,AUS,TX,ASW,CE,Combined TRACON& Tower with Radar,479,225,309,4,1017,0,2,36,9,47,479,227,345,13,1064,0,0,0,1064
10/25/2021,AUS,TX,ASW,CE,Combined TRACON& Tower with Radar,518,147,233,6,904,0,1,33,3,37,518,148,266,9,941,0,0,0,941
10/26/2021,AUS,TX,ASW,CE,Combined TRACON& Tower with Radar,478,88,134,6,706,0,0,23,19,42,478,88,157,25,748,0,0,0,748
10/27/2021,AUS,TX,ASW,CE,Combined TRACON& Tower with Radar,478,79,105,8,670,0,0,24,10,34,478,79,129,18,704,0,0,0,704
10/28/2021,AUS,TX,ASW,CE,Combined TRACON& Tower with Radar,498,65,124,10,697,0,0,23,12,35,498,65,147,22,732,0,0,0,732
10/29/2021,AUS,TX,ASW,CE,Combined TRACON& Tower with Radar,508,89,122,13,732,0,0,30,18,48,508,89,152,31,780,0,0,0,780
10/30/2021,AUS,TX,ASW,CE,Combined TRACON& Tower with Radar,362,51,61,0,474,0,0,53,14,67,362,51,114,14,541,0,0,0,541
10/31/2021,AUS,TX,ASW,CE,Combined TRACON& Tower with Radar,405,68,89,5,567,0,1,62,1,64,405,69,151,6,631,0,0,0,631
11/01/2021,AUS,TX,ASW,CE,Combined TRACON& Tower with Radar,488,53,101,23,665,0,0,52,5,57,488,53,153,28,722,0,0,0,722
11/02/2021,AUS,TX,ASW,CE,Combined TRACON& Tower with Radar,473,60,100,19,652,0,0,31,10,41,473,60,131,29,693,0,4,4,697
11/03/2021,AUS,TX,ASW,CE,Combined TRACON& Tower with Radar,497,83,86,3,669,0,0,0,0,0,497,83,86,3,669,0,0,0,669
11/04/2021,AUS,TX,ASW,CE,Combined TRACON& Tower with Radar,513,94,148,13,768,0,2,16,12,30,513,96,164,25,798,0,0,0,798
11/05/2021,AUS,TX,ASW,CE,Combined TRACON& Tower with Radar,540,79,102,4,725,0,0,62,8,70,540,79,164,12,795,0,0,0,795
11/06/2021,AUS,TX,ASW,CE,Combined TRACON& Tower with Radar,420,57,80,1,558,0,0,45,9,54,420,57,125,10,612,0,0,0,612
11/07/2021,AUS,TX,ASW,CE,Combined TRACON& Tower with Radar,487,87,118,3,695,0,2,55,5,62,487,89,173,8,757,0,0,0,757
11/08/2021,AUS,TX,ASW,CE,Combined TRACON& Tower with Radar,524,73,98,4,699,0,0,36,10,46,524,73,134,14,745,0,0,0,745
11/09/2021,AUS,TX,ASW,CE,Combined TRACON& Tower with Radar,470,56,104,7,637,0,0,53,2,55,470,56,157,9,692,0,0,0,692
11/10/2021,AUS,TX,ASW,CE,Combined TRACON& Tower with Radar,513,88,126,7,734,0,3,32,6,41,513,91,158,13,775,0,0,0,775
11/11/2021,AUS,TX,ASW,CE,Combined TRACON& Tower with Radar,518,104,119,5,746,0,3,54,7,64,518,107,173,12,810,0,0,0,810
11/12/2021,AUS,TX,ASW,CE,Combined TRACON& Tower with Radar,542,68,138,5,753,0,0,51,7,58,542,68,189,12,811,0,0,0,811
11/13/2021,AUS,TX,ASW,CE,Combined TRACON& Tower with Radar,422,56,75,0,553,0,0,53,2,55,422,56,128,2,608,0,0,0,608
11/14/2021,AUS,TX,ASW,CE,Combined TRACON& Tower with Radar,515,69,143,2,729,0,0,66,3,69,515,69,209,5,798,0,0,0,798
11/15/2021,AUS,TX,ASW,CE,Combined TRACON& Tower with Radar,535,56,125,3,719,0,0,28,3,31,535,56,153,6,750,0,0,0,750
11/16/2021,AUS,TX,ASW,CE,Combined TRACON& Tower with Radar,479,75,127,14,695,0,0,30,7,37,479,75,157,21,732,0,4,4,736
11/17/2021,AUS,TX,ASW,CE,Combined TRACON& Tower with Radar,494,100,144,8,746,0,0,41,20,61,494,100,185,28,807,0,0,0,807
11/18/2021,AUS,TX,ASW,CE,Combined TRACON& Tower with Radar,519,104,135,3,761,0,0,55,19,74,519,104,190,22,835,0,0,0,835
11/19/2021,AUS,TX,ASW,CE,Combined TRACON& Tower with Radar,532,110,128,6,776,0,0,72,12,84,532,110,200,18,860,0,0,0,860
11/20/2021,AUS,TX,ASW,CE,Combined TRACON& Tower with Radar,464,63,107,2,636,0,0,39,7,46,464,63,146,9,682,0,0,0,682
11/21/2021,AUS,TX,ASW,CE,Combined TRACON& Tower with Radar,520,70,119,3,712,0,1,24,0,25,520,71,143,3,737,0,0,0,737
11/22/2021,AUS,TX,ASW,CE,Combined TRACON& Tower with Radar,522,68,104,2,696,0,0,65,3,68,522,68,169,5,764,0,0,0,764
11/23/2021,AUS,TX,ASW,CE,Combined TRACON& Tower with Radar,516,74,108,2,700,0,0,66,9,75,516,74,174,11,775,0,0,0,775
11/24/2021,AUS,TX,ASW,CE,Combined TRACON& Tower with Radar,520,66,107,2,695,0,0,27,4,31,520,66,134,6,726,0,0,0,726
11/25/2021,AUS,TX,ASW,CE,Combined TRACON& Tower with Radar,337,32,22,0,391,0,0,2,0,2,337,32,24,0,393,0,0,0,393
11/26/2021,AUS,TX,ASW,CE,Combined TRACON& Tower with Radar,414,63,60,0,537,0,0,40,0,40,414,63,100,0,577,0,0,0,577
11/27/2021,AUS,TX,ASW,CE,Combined TRACON& Tower with Radar,492,74,120,0,686,0,0,3,0,3,492,74,123,0,689,0,0,0,689
11/28/2021,AUS,TX,ASW,CE,Combined TRACON& Tower with Radar,517,65,195,0,777,0,3,46,1,50,517,68,241,1,827,0,0,0,827
11/29/2021,AUS,TX,ASW,CE,Combined TRACON& Tower with Radar,530,66,106,2,704,0,2,47,5,54,530,68,153,7,758,0,0,0,758
11/30/2021,AUS,TX,ASW,CE,Combined TRACON& Tower with Radar,490,70,116,3,679,0,4,64,7,75,490,74,180,10,754,0,0,0,754
12/01/2021,AUS,TX,ASW,CE,Combined TRACON& Tower with Radar,487,71,109,2,669,0,2,62,16,80,487,73,171,18,749,0,0,0,749
12/02/2021,AUS,TX,ASW,CE,Combined TRACON& Tower with Radar,512,76,111,7,706,0,1,39,9,49,512,77,150,16,755,0,0,0,755
12/03/2021,AUS,TX,ASW,CE,Combined TRACON& Tower with Radar,512,58,103,5,678,0,0,25,4,29,512,58,128,9,707,0,0,0,707
12/04/2021,AUS,TX,ASW,CE,Combined TRACON& Tower with Radar,399,50,73,14,536,0,0,24,8,32,399,50,97,22,568,0,0,0,568
12/05/2021,AUS,TX,ASW,CE,Combined TRACON& Tower with Radar,486,67,110,14,677,0,0,16,4,20,486,67,126,18,697,0,6,6,703
12/06/2021,AUS,TX,ASW,CE,Combined TRACON& Tower with Radar,510,50,85,8,653,0,0,18,5,23,510,50,103,13,676,0,0,0,676
12/07/2021,AUS,TX,ASW,CE,Combined TRACON& Tower with Radar,453,69,115,3,640,0,2,51,7,60,453,71,166,10,700,0,0,0,700
12/08/2021,AUS,TX,ASW,CE,Combined TRACON& Tower with Radar,474,88,127,5,694,0,2,78,12,92,474,90,205,17,786,0,0,0,786
12/09/2021,AUS,TX,ASW,CE,Combined TRACON& Tower with Radar,512,80,127,4,723,0,0,35,17,52,512,80,162,21,775,4,0,4,779
12/10/2021,AUS,TX,ASW,CE,Combined TRACON& Tower with Radar,517,51,127,10,705,0,2,35,12,49,517,53,162,22,754,0,0,0,754
12/11/2021,AUS,TX,ASW,CE,Combined TRACON& Tower with Radar,401,41,65,7,514,0,0,36,9,45,401,41,101,16,559,0,0,0,559
12/12/2021,AUS,TX,ASW,CE,Combined TRACON& Tower with Radar,486,42,106,4,638,0,0,85,6,91,486,42,191,10,729,0,0,0,729
12/13/2021,AUS,TX,ASW,CE,Combined TRACON& Tower with Radar,513,49,114,6,682,0,1,17,4,22,513,50,131,10,704,0,0,0,704
12/14/2021,AUS,TX,ASW,CE,Combined TRACON& Tower with Radar,455,55,81,9,600,0,0,4,8,12,455,55,85,17,612,0,0,0,612
12/15/2021,AUS,TX,ASW,CE,Combined TRACON& Tower with Radar,462,80,95,16,653,0,0,42,4,46,462,80,137,20,699,0,0,0,699
12/16/2021,AUS,TX,ASW,CE,Combined TRACON& Tower with Radar,513,75,145,13,746,0,0,50,11,61,513,75,195,24,807,0,0,0,807
12/17/2021,AUS,TX,ASW,CE,Combined TRACON& Tower with Radar,520,76,140,11,747,0,0,29,3,32,520,76,169,14,779,0,0,0,779
12/18/2021,AUS,TX,ASW,CE,Combined TRACON& Tower with Radar,446,59,90,4,599,0,0,4,0,4,446,59,94,4,603,0,0,0,603
12/19/2021,AUS,TX,ASW,CE,Combined TRACON& Tower with Radar,488,54,77,7,626,0,0,51,1,52,488,54,128,8,678,0,0,0,678
12/20/2021,AUS,TX,ASW,CE,Combined TRACON& Tower with Radar,512,48,88,8,656,0,0,61,8,69,512,48,149,16,725,0,0,0,725
12/21/2021,AUS,TX,ASW,CE,Combined TRACON& Tower with Radar,479,57,101,11,648,0,1,77,13,91,479,58,178,24,739,0,0,0,739
12/22/2021,AUS,TX,ASW,CE,Combined TRACON& Tower with Radar,492,71,97,2,662,1,0,56,7,64,493,71,153,9,726,0,0,0,726
12/23/2021,AUS,TX,ASW,CE,Combined TRACON& Tower with Radar,500,64,88,6,658,0,1,24,2,27,500,65,112,8,685,0,0,0,685
12/24/2021,AUS,TX,ASW,CE,Combined TRACON& Tower with Radar,463,35,41,0,539,0,0,7,1,8,463,35,48,1,547,0,0,0,547
12/25/2021,AUS,TX,ASW,CE,Combined TRACON& Tower with Radar,360,29,20,0,409,0,0,11,0,11,360,29,31,0,420,0,0,0,420
12/26/2021,AUS,TX,ASW,CE,Combined TRACON& Tower with Radar,449,38,107,0,594,0,0,12,1,13,449,38,119,1,607,0,0,0,607
12/27/2021,AUS,TX,ASW,CE,Combined TRACON& Tower with Radar,481,53,111,0,645,0,1,17,0,18,481,54,128,0,663,0,0,0,663
12/28/2021,AUS,TX,ASW,CE,Combined TRACON& Tower with Radar,475,61,83,7,626,0,0,26,4,30,475,61,109,11,656,0,0,0,656
12/29/2021,AUS,TX,ASW,CE,Combined TRACON& Tower with Radar,486,58,96,4,644,0,0,21,9,30,486,58,117,13,674,0,0,0,674
12/30/2021,AUS,TX,ASW,CE,Combined TRACON& Tower with Radar,484,55,79,2,620,0,0,56,6,62,484,55,135,8,682,0,0,0,682
12/31/2021,AUS,TX,ASW,CE,Combined TRACON& Tower with Radar,436,36,48,0,520,0,0,13,0,13,436,36,61,0,533,0,0,0,533
01/01/2022,AUS,TX,ASW,CE,Combined TRACON& Tower with Radar,378,51,43,0,472,0,0,9,0,9,378,51,52,0,481,0,0,0,481
01/02/2022,AUS,TX,ASW,CE,Combined TRACON& Tower with Radar,442,52,107,0,601,0,0,15,0,15,442,52,122,0,616,0,0,0,616
01/03/2022,AUS,TX,ASW,CE,Combined TRACON& Tower with Radar,462,66,92,1,621,0,0,45,4,49,462,66,137,5,670,0,0,0,670
01/04/2022,AUS,TX,ASW,CE,Combined TRACON& Tower with Radar,434,67,89,0,590,0,0,26,5,31,434,67,115,5,621,0,0,0,621
01/05/2022,AUS,TX,ASW,CE,Combined TRACON& Tower with Radar,468,59,69,6,602,0,2,41,3,46,468,61,110,9,648,0,0,0,648
01/06/2022,AUS,TX,ASW,CE,Combined TRACON& Tower with Radar,447,56,76,11,590,0,0,60,11,71,447,56,136,22,661,0,0,0,661
01/07/2022,AUS,TX,ASW,CE,Combined TRACON& Tower with Radar,459,52,84,8,603,0,0,14,4,18,459,52,98,12,621,0,0,0,621
01/08/2022,AUS,TX,ASW,CE,Combined TRACON& Tower with Radar,382,49,49,4,484,0,0,0,0,0,382,49,49,4,484,0,0,0,484
01/09/2022,AUS,TX,ASW,CE,Combined TRACON& Tower with Radar,464,45,73,5,587,0,0,30,1,31,464,45,103,6,618,0,0,0,618
01/10/2022,AUS,TX,ASW,CE,Combined TRACON& Tower with Radar,470,46,66,12,594,0,0,28,5,33,470,46,94,17,627,0,0,0,627
01/11/2022,AUS,TX,ASW,CE,Combined TRACON& Tower with Radar,434,47,78,3,562,0,1,43,10,54,434,48,121,13,616,0,0,0,616
01/12/2022,AUS,TX,ASW,CE,Combined TRACON& Tower with Radar,475,56,87,13,631,0,0,49,12,61,475,56,136,25,692,0,0,0,692
01/13/2022,AUS,TX,ASW,CE,Combined TRACON& Tower with Radar,487,51,86,8,632,0,0,60,21,81,487,51,146,29,713,0,0,0,713
01/14/2022,AUS,TX,ASW,CE,Combined TRACON& Tower with Radar,492,61,98,5,656,0,0,54,7,61,492,61,152,12,717,0,0,0,717
01/15/2022,AUS,TX,ASW,CE,Combined TRACON& Tower with Radar,395,45,59,11,510,0,0,2,0,2,395,45,61,11,512,0,0,0,512
01/16/2022,AUS,TX,ASW,CE,Combined TRACON& Tower with Radar,408,40,81,1,530,0,1,67,0,68,408,41,148,1,598,0,0,0,598
01/17/2022,AUS,TX,ASW,CE,Combined TRACON& Tower with Radar,489,70,114,4,677,0,2,68,2,72,489,72,182,6,749,4,0,4,753
01/18/2022,AUS,TX,ASW,CE,Combined TRACON& Tower with Radar,461,78,88,19,646,0,0,47,10,57,461,78,135,29,703,0,0,0,703
01/19/2022,AUS,TX,ASW,CE,Combined TRACON& Tower with Radar,487,40,88,10,625,0,0,28,18,46,487,40,116,28,671,0,0,0,671
01/20/2022,AUS,TX,ASW,CE,Combined TRACON& Tower with Radar,483,46,92,0,621,0,0,8,2,10,483,46,100,2,631,0,0,0,631
01/21/2022,AUS,TX,ASW,CE,Combined TRACON& Tower with Radar,503,55,85,13,656,0,0,52,2,54,503,55,137,15,710,0,0,0,710
01/22/2022,AUS,TX,ASW,CE,Combined TRACON& Tower with Radar,388,49,41,14,492,0,0,43,8,51,388,49,84,22,543,0,0,0,543
01/23/2022,AUS,TX,ASW,CE,Combined TRACON& Tower with Radar,476,45,88,13,622,0,0,70,2,72,476,45,158,15,694,0,0,0,694
01/24/2022,AUS,TX,ASW,CE,Combined TRACON& Tower with Radar,496,41,62,0,599,0,0,0,0,0,496,41,62,0,599,0,0,0,599
01/25/2022,AUS,TX,ASW,CE,Combined TRACON& Tower with Radar,464,50,114,3,631,0,0,12,2,14,464,50,126,5,645,0,12,12,657
01/26/2022,AUS,TX,ASW,CE,Combined TRACON& Tower with Radar,469,53,104,10,636,0,0,65,13,78,469,53,169,23,714,0,0,0,714
01/27/2022,AUS,TX,ASW,CE,Combined TRACON& Tower with Radar,501,66,121,5,693,0,0,76,15,91,501,66,197,20,784,0,0,0,784
01/28/2022,AUS,TX,ASW,CE,Combined TRACON& Tower with Radar,497,54,92,10,653,0,2,68,2,72,497,56,160,12,725,0,0,0,725
01/29/2022,AUS,TX,ASW,CE,Combined TRACON& Tower with Radar,362,33,66,4,465,0,0,53,6,59,362,33,119,10,524,0,0,0,524
01/30/2022,AUS,TX,ASW,CE,Combined TRACON& Tower with Radar,471,50,117,10,648,0,0,63,1,64,471,50,180,11,712,0,0,0,712
01/31/2022,AUS,TX,ASW,CE,Combined TRACON& Tower with Radar,506,62,64,5,637,0,1,0,0,1,506,63,64,5,638,0,0,0,638
02/01/2022,AUS,TX,ASW,CE,Combined TRACON& Tower with Radar,471,52,89,10,622,0,0,24,5,29,471,52,113,15,651,0,0,0,651
02/02/2022,AUS,TX,ASW,CE,Combined TRACON& Tower with Radar,389,80,85,1,555,5,1,2,0,8,394,81,87,1,563,0,0,0,563
02/03/2022,AUS,TX,ASW,CE,Combined TRACON& Tower with Radar,41,11,20,0,72,0,0,0,0,0,41,11,20,0,72,0,0,0,72
02/04/2022,AUS,TX,ASW,CE,Combined TRACON& Tower with Radar,347,49,102,9,507,0,2,25,4,31,347,51,127,13,538,0,0,0,538
02/05/2022,AUS,TX,ASW,CE,Combined TRACON& Tower with Radar,339,41,48,12,440,0,1,50,13,64,339,42,98,25,504,0,0,0,504
02/06/2022,AUS,TX,ASW,CE,Combined TRACON& Tower with Radar,469,50,86,2,607,0,4,58,4,66,469,54,144,6,673,0,0,0,673
02/07/2022,AUS,TX,ASW,CE,Combined TRACON& Tower with Radar,501,66,93,6,666,0,1,72,5,78,501,67,165,11,744,0,0,0,744
02/08/2022,AUS,TX,ASW,CE,Combined TRACON& Tower with Radar,473,60,98,2,633,0,0,74,17,91,473,60,172,19,724,0,0,0,724
02/09/2022,AUS,TX,ASW,CE,Combined TRACON& Tower with Radar,482,62,98,8,650,0,0,60,22,82,482,62,158,30,732,0,0,0,732
02/10/2022,AUS,TX,ASW,CE,Combined TRACON& Tower with Radar,509,86,102,5,702,0,0,65,15,80,509,86,167,20,782,0,0,0,782
02/11/2022,AUS,TX,ASW,CE,Combined TRACON& Tower with Radar,514,73,84,13,684,0,2,59,7,68,514,75,143,20,752,0,0,0,752
02/12/2022,AUS,TX,ASW,CE,Combined TRACON& Tower with Radar,393,45,57,10,505,0,1,12,2,15,393,46,69,12,520,0,0,0,520
02/13/2022,AUS,TX,ASW,CE,Combined TRACON& Tower with Radar,471,66,77,4,618,0,1,56,2,59,471,67,133,6,677,0,0,0,677
02/14/2022,AUS,TX,ASW,CE,Combined TRACON& Tower with Radar,509,67,86,5,667,0,0,39,4,43,509,67,125,9,710,0,0,0,710
02/15/2022,AUS,TX,ASW,CE,Combined TRACON& Tower with Radar,476,76,82,11,645,0,0,44,6,50,476,76,126,17,695,0,0,0,695
02/16/2022,AUS,TX,ASW,CE,Combined TRACON& Tower with Radar,491,88,122,7,708,0,0,4,12,16,491,88,126,19,724,0,0,0,724
02/17/2022,AUS,TX,ASW,CE,Combined TRACON& Tower with Radar,481,85,152,10,728,0,0,35,15,50,481,85,187,25,778,0,0,0,778
02/18/2022,AUS,TX,ASW,CE,Combined TRACON& Tower with Radar,516,58,118,11,703,0,1,66,16,83,516,59,184,27,786,0,0,0,786
02/19/2022,AUS,TX,ASW,CE,Combined TRACON& Tower with Radar,421,45,69,6,541,0,1,60,2,63,421,46,129,8,604,0,0,0,604
02/20/2022,AUS,TX,ASW,CE,Combined TRACON& Tower with Radar,461,55,95,7,618,0,0,49,2,51,461,55,144,9,669,0,0,0,669
02/21/2022,AUS,TX,ASW,CE,Combined TRACON& Tower with Radar,505,49,131,4,689,0,0,8,0,8,505,49,139,4,697,0,0,0,697
02/22/2022,AUS,TX,ASW,CE,Combined TRACON& Tower with Radar,476,66,136,7,685,0,1,49,11,61,476,67,185,18,746,0,2,2,748
02/23/2022,AUS,TX,ASW,CE,Combined TRACON& Tower with Radar,440,61,81,9,591,0,0,0,0,0,440,61,81,9,591,0,0,0,591
02/24/2022,AUS,TX,ASW,CE,Combined TRACON& Tower with Radar,423,72,96,3,594,0,0,0,0,0,423,72,96,3,594,0,0,0,594
02/25/2022,AUS,TX,ASW,CE,Combined TRACON& Tower with Radar,492,82,84,24,682,0,0,15,11,26,492,82,99,35,708,0,0,0,708
02/26/2022,AUS,TX,ASW,CE,Combined TRACON& Tower with Radar,425,44,61,2,532,0,0,0,2,2,425,44,61,4,534,0,0,0,534
02/27/2022,AUS,TX,ASW,CE,Combined TRACON& Tower with Radar,484,55,100,4,643,0,0,59,7,66,484,55,159,11,709,0,0,0,709
02/28/2022,AUS,TX,ASW,CE,Combined TRACON& Tower with Radar,521,65,87,3,676,0,1,64,6,71,521,66,151,9,747,0,0,0,747
03/01/2022,AUS,TX,ASW,CE,Combined TRACON& Tower with Radar,478,75,105,3,661,1,0,63,17,81,479,75,168,20,742,0,0,0,742
03/02/2022,AUS,TX,ASW,CE,Combined TRACON& Tower with Radar,493,84,115,9,701,0,3,65,7,75,493,87,180,16,776,4,0,4,780
03/03/2022,AUS,TX,ASW,CE,Combined TRACON& Tower with Radar,499,88,161,14,762,0,2,56,5,63,499,90,217,19,825,0,0,0,825
03/04/2022,AUS,TX,ASW,CE,Combined TRACON& Tower with Radar,510,87,122,3,722,0,0,19,13,32,510,87,141,16,754,0,0,0,754
03/05/2022,AUS,TX,ASW,CE,Combined TRACON& Tower with Radar,400,71,91,5,567,0,0,30,13,43,400,71,121,18,610,0,0,0,610
03/06/2022,AUS,TX,ASW,CE,Combined TRACON& Tower with Radar,497,107,134,3,741,0,0,14,2,16,497,107,148,5,757,0,0,0,757
03/07/2022,AUS,TX,ASW,CE,Combined TRACON& Tower with Radar,516,66,86,8,676,0,0,28,4,32,516,66,114,12,708,6,0,6,714
03/08/2022,AUS,TX,ASW,CE,Combined TRACON& Tower with Radar,499,66,99,11,675,0,0,22,5,27,499,66,121,16,702,0,0,0,702
03/09/2022,AUS,TX,ASW,CE,Combined TRACON& Tower with Radar,491,74,127,7,699,0,1,72,14,87,491,75,199,21,786,0,0,0,786
03/10/2022,AUS,TX,ASW,CE,Combined TRACON& Tower with Radar,552,101,144,13,810,0,0,67,10,77,552,101,211,23,887,0,0,0,887
03/11/2022,AUS,TX,ASW,CE,Combined TRACON& Tower with Radar,568,116,157,5,846,0,0,9,5,14,568,116,166,10,860,0,0,0,860
03/12/2022,AUS,TX,ASW,CE,Combined TRACON& Tower with Radar,452,85,117,4,658,0,0,71,4,75,452,85,188,8,733,0,0,0,733
03/13/2022,AUS,TX,ASW,CE,Combined TRACON& Tower with Radar,515,68,116,7,706,0,0,52,0,52,515,68,168,7,758,0,0,0,758
03/14/2022,AUS,TX,ASW,CE,Combined TRACON& Tower with Radar,569,68,115,8,760,0,0,15,11,26,569,68,130,19,786,0,0,0,786
03/15/2022,AUS,TX,ASW,CE,Combined TRACON& Tower with Radar,548,56,85,6,695,0,2,45,13,60,548,58,130,19,755,0,0,0,755
03/16/2022,AUS,TX,ASW,CE,Combined TRACON& Tower with Radar,554,72,120,6,752,0,1,66,15,82,554,73,186,21,834,0,0,0,834
03/17/2022,AUS,TX,ASW,CE,Combined TRACON& Tower with Radar,573,79,98,4,754,0,0,15,7,22,573,79,113,11,776,0,0,0,776
03/18/2022,AUS,TX,ASW,CE,Combined TRACON& Tower with Radar,562,75,119,8,764,0,0,42,6,48,562,75,161,14,812,0,0,0,812
03/19/2022,AUS,TX,ASW,CE,Combined TRACON& Tower with Radar,479,85,114,3,681,0,0,73,0,73,479,85,187,3,754,0,0,0,754
03/20/2022,AUS,TX,ASW,CE,Combined TRACON& Tower with Radar,563,97,147,6,813,0,0,49,0,49,563,97,196,6,862,0,0,0,862
03/21/2022,AUS,TX,ASW,CE,Combined TRACON& Tower with Radar,454,74,64,7,599,0,0,0,2,2,454,74,64,9,601,0,0,0,601
03/22/2022,AUS,TX,ASW,CE,Combined TRACON& Tower with Radar,559,60,88,6,713,0,1,27,10,38,559,61,115,16,751,0,0,0,751
03/23/2022,AUS,TX,ASW,CE,Combined TRACON& Tower with Radar,554,72,127,6,759,0,3,53,9,65,554,75,180,15,824,0,0,0,824
03/24/2022,AUS,TX,ASW,CE,Combined TRACON& Tower with Radar,576,80,132,6,794,0,0,69,5,74,576,80,201,11,868,12,0,12,880
03/25/2022,AUS,TX,ASW,CE,Combined TRACON& Tower with Radar,576,95,144,3,818,0,4,82,8,94,576,99,226,11,912,0,0,0,912
03/26/2022,AUS,TX,ASW,CE,Combined TRACON& Tower with Radar,475,80,98,0,653,0,2,62,4,68,475,82,160,4,721,0,0,0,721
03/27/2022,AUS,TX,ASW,CE,Combined TRACON& Tower with Radar,546,101,172,2,821,0,2,48,6,56,546,103,220,8,877,0,0,0,877
03/28/2022,AUS,TX,ASW,CE,Combined TRACON& Tower with Radar,563,59,106,6,734,0,0,38,6,44,563,59,144,12,778,0,0,0,778
03/29/2022,AUS,TX,ASW,CE,Combined TRACON& Tower with Radar,557,54,116,8,735,0,1,17,7,25,557,55,133,15,760,0,0,0,760
03/30/2022,AUS,TX,ASW,CE,Combined TRACON& Tower with Radar,550,78,96,2,726,0,0,26,9,35,550,78,122,11,761,0,0,0,761
03/31/2022,AUS,TX,ASW,CE,Combined TRACON& Tower with Radar,556,81,127,8,772,0,7,110,19,136,556,88,237,27,908,0,0,0,908
04/01/2022,AUS,TX,ASW,CE,Combined TRACON& Tower with Radar,560,86,119,9,774,0,3,47,10,60,560,89,166,19,834,0,0,0,834
04/02/2022,AUS,TX,ASW,CE,Combined TRACON& Tower with Radar,426,69,63,8,566,0,8,55,4,67,426,77,118,12,633,0,0,0,633
04/03/2022,AUS,TX,ASW,CE,Combined TRACON& Tower with Radar,529,96,104,6,735,0,4,66,3,73,529,100,170,9,808,0,0,0,808
04/04/2022,AUS,TX,ASW,CE,Combined TRACON& Tower with Radar,558,69,101,6,734,0,0,5,3,8,558,69,106,9,742,0,0,0,742
04/05/2022,AUS,TX,ASW,CE,Combined TRACON& Tower with Radar,546,59,93,10,708,0,2,38,7,47,546,61,131,17,755,0,0,0,755
04/06/2022,AUS,TX,ASW,CE,Combined TRACON& Tower with Radar,542,56,126,15,739,0,0,53,6,59,542,56,179,21,798,0,0,0,798
04/07/2022,AUS,TX,ASW,CE,Combined TRACON& Tower with Radar,551,97,129,12,789,0,1,60,11,72,551,98,189,23,861,0,0,0,861
04/08/2022,AUS,TX,ASW,CE,Combined TRACON& Tower with Radar,574,73,125,8,780,0,0,72,7,79,574,73,197,15,859,0,0,0,859
04/09/2022,AUS,TX,ASW,CE,Combined TRACON& Tower with Radar,435,48,64,8,555,0,0,64,5,69,435,48,128,13,624,0,0,0,624
04/10/2022,AUS,TX,ASW,CE,Combined TRACON& Tower with Radar,554,78,124,6,762,0,0,27,3,30,554,78,151,9,792,0,0,0,792
04/11/2022,AUS,TX,ASW,CE,Combined TRACON& Tower with Radar,572,78,117,11,778,0,0,32,3,35,572,78,149,14,813,0,0,0,813
04/12/2022,AUS,TX,ASW,CE,Combined TRACON& Tower with Radar,534,89,114,7,744,0,0,19,4,23,534,89,133,11,767,0,0,0,767
04/13/2022,AUS,TX,ASW,CE,Combined TRACON& Tower with Radar,552,86,127,5,770,0,0,56,9,65,552,86,183,14,835,0,0,0,835
04/14/2022,AUS,TX,ASW,CE,Combined TRACON& Tower with Radar,580,103,157,9,849,0,4,78,14,96,580,107,235,23,945,0,0,0,945
04/15/2022,AUS,TX,ASW,CE,Combined TRACON& Tower with Radar,575,84,112,2,773,0,0,15,0,15,575,84,127,2,788,0,0,0,788
04/16/2022,AUS,TX,ASW,CE,Combined TRACON& Tower with Radar,427,39,45,0,511,0,0,20,0,20,427,39,65,0,531,0,0,0,531
04/17/2022,AUS,TX,ASW,CE,Combined TRACON& Tower with Radar,554,65,88,0,707,0,0,14,2,16,554,65,102,2,723,0,0,0,723
04/18/2022,AUS,TX,ASW,CE,Combined TRACON& Tower with Radar,558,80,115,4,757,0,1,52,5,58,558,81,167,9,815,0,0,0,815
04/19/2022,AUS,TX,ASW,CE,Combined TRACON& Tower with Radar,544,73,116,6,739,0,0,37,6,43,544,73,153,12,782,0,0,0,782
04/20/2022,AUS,TX,ASW,CE,Combined TRACON& Tower with Radar,543,82,111,6,742,0,0,28,10,38,543,82,139,16,780,0,0,0,780
04/21/2022,AUS,TX,ASW,CE,Combined TRACON& Tower with Radar,573,81,128,10,792,0,1,22,4,27,573,82,150,14,819,0,0,0,819
04/22/2022,AUS,TX,ASW,CE,Combined TRACON& Tower with Radar,572,87,112,5,776,0,0,31,4,35,572,87,143,9,811,0,0,0,811
04/23/2022,AUS,TX,ASW,CE,Combined TRACON& Tower with Radar,438,45,80,5,568,0,2,23,0,25,438,47,103,5,593,0,0,0,593
04/24/2022,AUS,TX,ASW,CE,Combined TRACON& Tower with Radar,560,76,91,4,731,0,0,33,5,38,560,76,124,9,769,0,0,0,769
04/25/2022,AUS,TX,ASW,CE,Combined TRACON& Tower with Radar,507,52,70,0,629,0,0,1,0,1,507,52,71,0,630,0,0,0,630
04/26/2022,AUS,TX,ASW,CE,Combined TRACON& Tower with Radar,551,60,112,6,729,0,0,51,9,60,551,60,163,15,789,0,0,0,789
04/27/2022,AUS,TX,ASW,CE,Combined TRACON& Tower with Radar,547,69,146,5,767,0,0,64,5,69,547,69,210,10,836,0,0,0,836
04/28/2022,AUS,TX,ASW,CE,Combined TRACON& Tower with Radar,574,79,158,3,814,0,0,54,5,59,574,79,212,8,873,0,0,0,873
04/29/2022,AUS,TX,ASW,CE,Combined TRACON& Tower with Radar,577,71,142,11,801,0,0,32,3,35,577,71,174,14,836,0,0,0,836
04/30/2022,AUS,TX,ASW,CE,Combined TRACON& Tower with Radar,432,60,107,3,602,0,2,29,2,33,432,62,136,5,635,0,0,0,635
05/01/2022,AUS,TX,ASW,CE,Combined TRACON& Tower with Radar,549,95,125,11,780,0,0,35,0,35,549,95,160,11,815,0,0,0,815
05/02/2022,AUS,TX,ASW,CE,Combined TRACON& Tower with Radar,560,61,102,7,730,0,2,25,7,34,560,63,127,14,764,0,0,0,764
05/03/2022,AUS,TX,ASW,CE,Combined TRACON& Tower with Radar,547,55,123,3,728,0,0,46,9,55,547,55,169,12,783,0,0,0,783
05/04/2022,AUS,TX,ASW,CE,Combined TRACON& Tower with Radar,549,75,126,9,759,0,0,37,9,46,549,75,163,18,805,0,0,0,805
05/05/2022,AUS,TX,ASW,CE,Combined TRACON& Tower with Radar,568,80,124,6,778,0,0,15,8,23,568,80,139,14,801,0,0,0,801
05/06/2022,AUS,TX,ASW,CE,Combined TRACON& Tower with Radar,576,89,122,16,803,0,0,64,10,74,576,89,186,26,877,0,0,0,877
05/07/2022,AUS,TX,ASW,CE,Combined TRACON& Tower with Radar,430,46,68,2,546,0,4,54,5,63,430,50,122,7,609,6,0,6,615
05/08/2022,AUS,TX,ASW,CE,Combined TRACON& Tower with Radar,544,84,117,3,748,0,1,51,1,53,544,85,168,4,801,0,0,0,801
05/09/2022,AUS,TX,ASW,CE,Combined TRACON& Tower with Radar,562,63,125,5,755,0,0,56,2,58,562,63,181,7,813,0,0,0,813
05/10/2022,AUS,TX,ASW,CE,Combined TRACON& Tower with Radar,544,60,121,7,732,0,0,41,14,55,544,60,162,21,787,0,0,0,787
05/11/2022,AUS,TX,ASW,CE,Combined TRACON& Tower with Radar,554,67,128,6,755,0,0,51,6,57,554,67,179,12,812,0,0,0,812
05/12/2022,AUS,TX,ASW,CE,Combined TRACON& Tower with Radar,570,80,156,7,813,0,2,66,9,77,570,82,222,16,890,0,0,0,890
05/13/2022,AUS,TX,ASW,CE,Combined TRACON& Tower with Radar,567,57,120,17,761,0,1,72,6,79,567,58,192,23,840,0,0,0,840
05/14/2022,AUS,TX,ASW,CE,Combined TRACON& Tower with Radar,419,42,63,7,531,0,2,51,13,66,419,44,114,20,597,0,0,0,597
05/15/2022,AUS,TX,ASW,CE,Combined TRACON& Tower with Radar,542,59,113,3,717,0,2,76,16,94,542,61,189,19,811,0,0,0,811
05/16/2022,AUS,TX,ASW,CE,Combined TRACON& Tower with Radar,558,63,118,8,747,0,1,72,2,75,558,64,190,10,822,0,0,0,822
05/17/2022,AUS,TX,ASW,CE,Combined TRACON& Tower with Radar,537,73,133,20,763,0,0,55,10,65,537,73,188,30,828,0,0,0,828
05/18/2022,AUS,TX,ASW,CE,Combined TRACON& Tower with Radar,558,85,146,17,806,0,0,68,12,80,558,85,214,29,886,0,0,0,886
05/19/2022,AUS,TX,ASW,CE,Combined TRACON& Tower with Radar,567,88,187,6,848,0,0,68,22,90,567,88,255,28,938,0,0,0,938
05/20/2022,AUS,TX,ASW,CE,Combined TRACON& Tower with Radar,568,94,187,4,853,0,0,40,14,54,568,94,227,18,907,0,0,0,907
05/21/2022,AUS,TX,ASW,CE,Combined TRACON& Tower with Radar,420,47,88,1,556,0,2,30,3,35,420,49,118,4,591,0,0,0,591
05/22/2022,AUS,TX,ASW,CE,Combined TRACON& Tower with Radar,536,75,121,5,737,0,0,39,1,40,536,75,160,6,777,0,0,0,777
05/23/2022,AUS,TX,ASW,CE,Combined TRACON& Tower with Radar,569,54,98,2,723,0,1,10,3,14,569,55,108,5,737,0,0,0,737
05/24/2022,AUS,TX,ASW,CE,Combined TRACON& Tower with Radar,546,71,102,3,722,0,0,42,4,46,546,71,144,7,768,0,0,0,768
05/25/2022,AUS,TX,ASW,CE,Combined TRACON& Tower with Radar,562,74,132,2,770,0,0,51,13,64,562,74,183,15,834,0,0,0,834
05/26/2022,AUS,TX,ASW,CE,Combined TRACON& Tower with Radar,570,86,134,1,791,0,2,91,8,101,570,88,225,9,892,0,0,0,892
05/27/2022,AUS,TX,ASW,CE,Combined TRACON& Tower with Radar,572,85,88,9,754,0,2,59,5,66,572,87,147,14,820,0,0,0,820
05/28/2022,AUS,TX,ASW,CE,Combined TRACON& Tower with Radar,433,39,68,2,542,0,4,28,0,32,433,43,96,2,574,0,0,0,574
05/29/2022,AUS,TX,ASW,CE,Combined TRACON& Tower with Radar,517,45,46,4,612,0,5,45,1,51,517,50,91,5,663,0,0,0,663
05/30/2022,AUS,TX,ASW,CE,Combined TRACON& Tower with Radar,576,58,71,2,707,0,1,30,2,33,576,59,101,4,740,0,0,0,740
05/31/2022,AUS,TX,ASW,CE,Combined TRACON& Tower with Radar,537,61,68,3,669,0,0,39,7,46,537,61,107,10,715,0,0,0,715
06/01/2022,AUS,TX,ASW,CE,Combined TRACON& Tower with Radar,567,60,84,6,717,0,0,28,15,43,567,60,112,21,760,0,0,0,760
06/02/2022,AUS,TX,ASW,CE,Combined TRACON& Tower with Radar,550,52,99,11,712,0,2,44,15,61,550,54,143,26,773,0,0,0,773
06/03/2022,AUS,TX,ASW,CE,Combined TRACON& Tower with Radar,583,67,99,3,752,0,1,77,8,86,583,68,176,11,838,0,0,0,838
06/04/2022,AUS,TX,ASW,CE,Combined TRACON& Tower with Radar,440,33,66,5,544,0,0,56,0,56,440,33,122,5,600,0,0,0,600
06/05/2022,AUS,TX,ASW,CE,Combined TRACON& Tower with Radar,539,61,84,4,688,0,0,54,5,59,539,61,138,9,747,0,0,0,747
06/06/2022,AUS,TX,ASW,CE,Combined TRACON& Tower with Radar,576,54,76,5,711,0,2,39,7,48,576,56,115,12,759,0,0,0,759
06/07/2022,AUS,TX,ASW,CE,Combined TRACON& Tower with Radar,547,62,84,13,706,0,0,48,29,77,547,62,132,42,783,0,0,0,783
06/08/2022,AUS,TX,ASW,CE,Combined TRACON& Tower with Radar,546,85,119,8,758,0,2,54,24,80,546,87,173,32,838,8,0,8,846
06/09/2022,AUS,TX,ASW,CE,Combined TRACON& Tower with Radar,559,72,134,2,767,0,2,78,16,96,559,74,212,18,863,0,0,0,863
06/10/2022,AUS,TX,ASW,CE,Combined TRACON& Tower with Radar,575,73,92,3,743,0,0,46,21,67,575,73,138,24,810,0,0,0,810
06/11/2022,AUS,TX,ASW,CE,Combined TRACON& Tower with Radar,463,57,73,5,598,0,3,47,19,69,463,60,120,24,667,0,0,0,667
06/12/2022,AUS,TX,ASW,CE,Combined TRACON& Tower with Radar,536,65,97,4,702,0,0,56,3,59,536,65,153,7,761,0,0,0,761
06/13/2022,AUS,TX,ASW,CE,Combined TRACON& Tower with Radar,571,52,101,4,728,0,0,38,12,50,571,52,139,16,778,0,0,0,778
06/14/2022,AUS,TX,ASW,CE,Combined TRACON& Tower with Radar,548,37,81,12,678,0,1,31,18,50,548,38,112,30,728,0,0,0,728
06/15/2022,AUS,TX,ASW,CE,Combined TRACON& Tower with Radar,561,65,96,6,728,0,2,57,13,72,561,67,153,19,800,0,0,0,800
06/16/2022,AUS,TX,ASW,CE,Combined TRACON& Tower with Radar,550,68,100,7,725,0,0,59,6,65,550,68,159,13,790,0,0,0,790
06/17/2022,AUS,TX,ASW,CE,Combined TRACON& Tower with Radar,571,65,115,6,757,0,0,65,13,78,571,65,180,19,835,0,8,8,843
06/18/2022,AUS,TX,ASW,CE,Combined TRACON& Tower with Radar,461,47,63,1,572,0,0,52,22,74,461,47,115,23,646,0,0,0,646
06/19/2022,AUS,TX,ASW,CE,Combined TRACON& Tower with Radar,549,57,82,2,690,0,0,50,0,50,549,57,132,2,740,0,0,0,740
06/20/2022,AUS,TX,ASW,CE,Combined TRACON& Tower with Radar,580,57,98,5,740,0,0,62,2,64,580,57,160,7,804,0,0,0,804
06/21/2022,AUS,TX,ASW,CE,Combined TRACON& Tower with Radar,546,59,91,8,704,0,0,71,3,74,546,59,162,11,778,0,0,0,778
06/22/2022,AUS,TX,ASW,CE,Combined TRACON& Tower with Radar,549,77,115,1,742,0,0,54,2,56,549,77,169,3,798,0,0,0,798
06/23/2022,AUS,TX,ASW,CE,Combined TRACON& Tower with Radar,483,54,87,6,630,0,2,57,5,64,483,56,144,11,694,0,0,0,694
06/24/2022,AUS,TX,ASW,CE,Combined TRACON& Tower with Radar,585,62,87,8,742,0,1,61,3,65,585,63,148,11,807,0,0,0,807
06/25/2022,AUS,TX,ASW,CE,Combined TRACON& Tower with Radar,460,51,64,5,580,0,0,41,4,45,460,51,105,9,625,0,16,16,641
06/26/2022,AUS,TX,ASW,CE,Combined TRACON& Tower with Radar,540,61,79,12,692,0,0,57,0,57,540,61,136,12,749,0,0,0,749
06/27/2022,AUS,TX,ASW,CE,Combined TRACON& Tower with Radar,476,40,77,1,594,0,0,17,0,17,476,40,94,1,611,0,0,0,611
06/28/2022,AUS,TX,ASW,CE,Combined TRACON& Tower with Radar,551,58,89,5,703,0,0,35,4,39,551,58,124,9,742,0,0,0,742
06/29/2022,AUS,TX,ASW,CE,Combined TRACON& Tower with Radar,555,59,105,5,724,0,1,57,9,67,555,60,162,14,791,0,0,0,791
06/30/2022,AUS,TX,ASW,CE,Combined TRACON& Tower with Radar,575,64,101,9,749,0,2,56,15,73,575,66,157,24,822,0,0,0,822
07/01/2022,AUS,TX,ASW,CE,Combined TRACON& Tower with Radar,568,66,108,1,743,0,1,48,7,56,568,67,156,8,799,0,8,8,807
07/02/2022,AUS,TX,ASW,CE,Combined TRACON& Tower with Radar,462,40,76,1,579,0,0,45,7,52,462,40,121,8,631,0,0,0,631
07/03/2022,AUS,TX,ASW,CE,Combined TRACON& Tower with Radar,514,23,49,0,586,0,0,61,17,78,514,23,110,17,664,12,12,24,688
07/04/2022,AUS,TX,ASW,CE,Combined TRACON& Tower with Radar,546,29,47,0,622,0,0,40,6,46,546,29,87,6,668,4,0,4,672
07/05/2022,AUS,TX,ASW,CE,Combined TRACON& Tower with Radar,533,55,82,0,670,0,5,51,5,61,533,60,133,5,731,0,0,0,731
07/06/2022,AUS,TX,ASW,CE,Combined TRACON& Tower with Radar,542,59,70,14,685,0,1,38,17,56,542,60,108,31,741,0,0,0,741
07/07/2022,AUS,TX,ASW,CE,Combined TRACON& Tower with Radar,548,53,84,12,697,0,0,62,14,76,548,53,146,26,773,0,0,0,773
07/08/2022,AUS,TX,ASW,CE,Combined TRACON& Tower with Radar,572,46,80,18,716,0,1,39,13,53,572,47,119,31,769,0,6,6,775
07/09/2022,AUS,TX,ASW,CE,Combined TRACON& Tower with Radar,451,51,54,13,569,0,2,27,0,29,451,53,81,13,598,0,0,0,598
07/10/2022,AUS,TX,ASW,CE,Combined TRACON& Tower with Radar,556,41,78,8,683,0,1,50,1,52,556,42,128,9,735,0,0,0,735
07/11/2022,AUS,TX,ASW,CE,Combined TRACON& Tower with Radar,580,31,88,11,710,0,0,42,9,51,580,31,130,20,761,0,0,0,761
07/12/2022,AUS,TX,ASW,CE,Combined TRACON& Tower with Radar,536,55,71,7,669,0,0,47,13,60,536,55,118,20,729,0,0,0,729
07/13/2022,AUS,TX,ASW,CE,Combined TRACON& Tower with Radar,554,42,71,8,675,0,0,53,13,66,554,42,124,21,741,0,0,0,741
07/14/2022,AUS,TX,ASW,CE,Combined TRACON& Tower with Radar,556,40,95,2,693,0,0,45,8,53,556,40,140,10,746,0,0,0,746
07/15/2022,AUS,TX,ASW,CE,Combined TRACON& Tower with Radar,577,46,70,5,698,0,0,40,9,49,577,46,110,14,747,0,0,0,747
07/16/2022,AUS,TX,ASW,CE,Combined TRACON& Tower with Radar,450,39,66,3,558,0,1,28,0,29,450,40,94,3,587,0,0,0,587
07/17/2022,AUS,TX,ASW,CE,Combined TRACON& Tower with Radar,540,52,64,6,662,1,3,43,4,51,541,55,107,10,713,0,0,0,713
07/18/2022,AUS,TX,ASW,CE,Combined TRACON& Tower with Radar,558,55,95,3,711,6,0,43,6,55,564,55,138,9,766,0,0,0,766
07/19/2022,AUS,TX,ASW,CE,Combined TRACON& Tower with Radar,533,61,90,0,684,5,2,50,10,67,538,63,140,10,751,0,0,0,751
07/20/2022,AUS,TX,ASW,CE,Combined TRACON& Tower with Radar,557,68,85,5,715,8,0,56,15,79,565,68,141,20,794,0,0,0,794
07/21/2022,AUS,TX,ASW,CE,Combined TRACON& Tower with Radar,567,64,81,6,718,0,0,56,9,65,567,64,137,15,783,0,0,0,783
07/22/2022,AUS,TX,ASW,CE,Combined TRACON& Tower with Radar,577,60,82,14,733,0,0,40,6,46,577,60,122,20,779,0,0,0,779
07/23/2022,AUS,TX,ASW,CE,Combined TRACON& Tower with Radar,454,37,45,9,545,4,0,38,11,53,458,37,83,20,598,16,0,16,614
07/24/2022,AUS,TX,ASW,CE,Combined TRACON& Tower with Radar,534,54,80,6,674,4,0,33,2,39,538,54,113,8,713,0,0,0,713
07/25/2022,AUS,TX,ASW,CE,Combined TRACON& Tower with Radar,557,45,77,12,691,0,0,26,4,30,557,45,103,16,721,2,0,2,723
07/26/2022,AUS,TX,ASW,CE,Combined TRACON& Tower with Radar,548,56,62,4,670,0,0,47,10,57,548,56,109,14,727,0,0,0,727
07/27/2022,AUS,TX,ASW,CE,Combined TRACON& Tower with Radar,547,61,82,8,698,0,0,43,13,56,547,61,125,21,754,0,0,0,754
07/28/2022,AUS,TX,ASW,CE,Combined TRACON& Tower with Radar,571,57,71,2,701,5,2,32,15,54,576,59,103,17,755,0,0,0,755
07/29/2022,AUS,TX,ASW,CE,Combined TRACON& Tower with Radar,592,60,90,4,746,0,2,44,5,51,592,62,134,9,797,12,0,12,809
07/30/2022,AUS,TX,ASW,CE,Combined TRACON& Tower with Radar,456,43,40,8,547,0,0,73,1,74,456,43,113,9,621,0,0,0,621
07/31/2022,AUS,TX,ASW,CE,Combined TRACON& Tower with Radar,534,54,83,2,673,0,0,38,2,40,534,54,121,4,713,0,0,0,713
08/01/2022,AUS,TX,ASW,CE,Combined TRACON& Tower with Radar,575,40,83,3,701,0,0,51,4,55,575,40,134,7,756,0,0,0,756
08/02/2022,AUS,TX,ASW,CE,Combined TRACON& Tower with Radar,539,47,70,1,657,1,1,58,28,88,540,48,128,29,745,0,0,0,745
08/03/2022,AUS,TX,ASW,CE,Combined TRACON& Tower with Radar,539,33,100,4,676,3,0,61,28,92,542,33,161,32,768,28,0,28,796
08/04/2022,AUS,TX,ASW,CE,Combined TRACON& Tower with Radar,553,60,92,12,717,1,0,41,25,67,554,60,133,37,784,0,0,0,784
08/05/2022,AUS,TX,ASW,CE,Combined TRACON& Tower with Radar,558,53,83,8,702,0,1,37,15,53,558,54,120,23,755,0,0,0,755
08/06/2022,AUS,TX,ASW,CE,Combined TRACON& Tower with Radar,456,42,69,2,569,0,0,32,11,43,456,42,101,13,612,0,0,0,612
08/07/2022,AUS,TX,ASW,CE,Combined TRACON& Tower with Radar,548,63,87,2,700,0,1,37,8,46,548,64,124,10,746,0,0,0,746
08/08/2022,AUS,TX,ASW,CE,Combined TRACON& Tower with Radar,567,51,79,0,697,0,0,33,10,43,567,51,112,10,740,0,0,0,740
08/09/2022,AUS,TX,ASW,CE,Combined TRACON& Tower with Radar,536,43,69,10,658,1,6,63,21,91,537,49,132,31,749,0,0,0,749
08/10/2022,AUS,TX,ASW,CE,Combined TRACON& Tower with Radar,536,45,86,12,679,0,1,55,6,62,536,46,141,18,741,0,0,0,741
08/11/2022,AUS,TX,ASW,CE,Combined TRACON& Tower with Radar,567,62,79,3,711,3,3,45,30,81,570,65,124,33,792,0,0,0,792
08/12/2022,AUS,TX,ASW,CE,Combined TRACON& Tower with Radar,581,58,110,7,756,0,0,38,33,71,581,58,148,40,827,0,0,0,827
08/13/2022,AUS,TX,ASW,CE,Combined TRACON& Tower with Radar,454,47,55,6,562,0,0,58,2,60,454,47,113,8,622,0,0,0,622
08/14/2022,AUS,TX,ASW,CE,Combined TRACON& Tower with Radar,535,71,94,9,709,0,1,34,2,37,535,72,128,11,746,0,0,0,746
08/15/2022,AUS,TX,ASW,CE,Combined TRACON& Tower with Radar,561,44,108,8,721,0,0,33,3,36,561,44,141,11,757,0,0,0,757
08/16/2022,AUS,TX,ASW,CE,Combined TRACON& Tower with Radar,545,56,109,10,720,0,0,51,9,60,545,56,160,19,780,0,0,0,780
08/17/2022,AUS,TX,ASW,CE,Combined TRACON& Tower with Radar,540,61,109,3,713,0,1,66,14,81,540,62,175,17,794,0,0,0,794
08/18/2022,AUS,TX,ASW,CE,Combined TRACON& Tower with Radar,555,73,105,4,737,0,0,33,12,45,555,73,138,16,782,0,0,0,782
08/19/2022,AUS,TX,ASW,CE,Combined TRACON& Tower with Radar,571,51,75,13,710,0,0,19,9,28,571,51,94,22,738,0,0,0,738
08/20/2022,AUS,TX,ASW,CE,Combined TRACON& Tower with Radar,451,46,68,6,571,0,1,40,4,45,451,47,108,10,616,0,0,0,616
08/21/2022,AUS,TX,ASW,CE,Combined TRACON& Tower with Radar,565,59,79,19,722,0,0,22,2,24,565,59,101,21,746,0,0,0,746
08/22/2022,AUS,TX,ASW,CE,Combined TRACON& Tower with Radar,463,43,70,7,583,0,0,2,2,4,463,43,72,9,587,0,0,0,587
08/23/2022,AUS,TX,ASW,CE,Combined TRACON& Tower with Radar,540,48,110,5,703,0,0,18,5,23,540,48,128,10,726,0,0,0,726
08/24/2022,AUS,TX,ASW,CE,Combined TRACON& Tower with Radar,548,59,83,5,695,0,0,32,13,45,548,59,115,18,740,0,0,0,740
08/25/2022,AUS,TX,ASW,CE,Combined TRACON& Tower with Radar,571,64,110,11,756,0,0,56,11,67,571,64,166,22,823,0,32,32,855
08/26/2022,AUS,TX,ASW,CE,Combined TRACON& Tower with Radar,568,68,97,17,750,0,2,53,21,76,568,70,150,38,826,0,0,0,826
08/27/2022,AUS,TX,ASW,CE,Combined TRACON& Tower with Radar,449,52,54,9,564,0,0,41,4,45,449,52,95,13,609,0,0,0,609
08/28/2022,AUS,TX,ASW,CE,Combined TRACON& Tower with Radar,543,55,81,9,688,0,0,45,3,48,543,55,126,12,736,0,0,0,736
08/29/2022,AUS,TX,ASW,CE,Combined TRACON& Tower with Radar,572,38,77,4,691,0,1,26,3,30,572,39,103,7,721,0,0,0,721
08/30/2022,AUS,TX,ASW,CE,Combined TRACON& Tower with Radar,536,52,74,7,669,0,1,4,1,6,536,53,78,8,675,0,0,0,675
08/31/2022,AUS,TX,ASW,CE,Combined TRACON& Tower with Radar,547,62,115,5,729,0,0,14,13,27,547,62,129,18,756,0,0,0,756
09/01/2022,AUS,TX,ASW,CE,Combined TRACON& Tower with Radar,589,75,100,4,768,0,0,37,16,53,589,75,137,20,821,0,0,0,821
09/02/2022,AUS,TX,ASW,CE,Combined TRACON& Tower with Radar,567,67,110,2,746,0,2,39,7,48,567,69,149,9,794,0,0,0,794
09/03/2022,AUS,TX,ASW,CE,Combined TRACON& Tower with Radar,440,40,59,1,540,0,0,12,0,12,440,40,71,1,552,0,0,0,552
09/04/2022,AUS,TX,ASW,CE,Combined TRACON& Tower with Radar,495,24,41,0,560,0,0,45,0,45,495,24,86,0,605,0,0,0,605
09/05/2022,AUS,TX,ASW,CE,Combined TRACON& Tower with Radar,539,62,96,1,698,0,1,53,4,58,539,63,149,5,756,0,0,0,756
09/06/2022,AUS,TX,ASW,CE,Combined TRACON& Tower with Radar,526,58,90,2,676,0,1,58,9,68,526,59,148,11,744,0,0,0,744
09/07/2022,AUS,TX,ASW,CE,Combined TRACON& Tower with Radar,438,67,99,8,612,0,0,38,7,45,438,67,137,15,657,0,0,0,657
09/08/2022,AUS,TX,ASW,CE,Combined TRACON& Tower with Radar,572,96,142,2,812,0,0,70,16,86,572,96,212,18,898,0,0,0,898
09/09/2022,AUS,TX,ASW,CE,Combined TRACON& Tower with Radar,583,107,195,2,887,0,0,56,9,65,583,107,251,11,952,0,0,0,952
09/10/2022,AUS,TX,ASW,CE,Combined TRACON& Tower with Radar,467,87,146,5,705,0,0,53,8,61,467,87,199,13,766,0,0,0,766
09/11/2022,AUS,TX,ASW,CE,Combined TRACON& Tower with Radar,545,107,159,2,813,0,0,62,0,62,545,107,221,2,875,0,0,0,875
09/12/2022,AUS,TX,ASW,CE,Combined TRACON& Tower with Radar,576,43,86,3,708,0,0,45,7,52,576,43,131,10,760,0,0,0,760
09/13/2022,AUS,TX,ASW,CE,Combined TRACON& Tower with Radar,554,57,98,8,717,0,0,56,13,69,554,57,154,21,786,0,0,0,786
09/14/2022,AUS,TX,ASW,CE,Combined TRACON& Tower with Radar,547,69,114,8,738,0,0,53,23,76,547,69,167,31,814,0,0,0,814
09/15/2022,AUS,TX,ASW,CE,Combined TRACON& Tower with Radar,580,73,121,4,778,0,0,43,15,58,580,73,164,19,836,0,0,0,836
09/16/2022,AUS,TX,ASW,CE,Combined TRACON& Tower with Radar,582,84,135,11,812,0,3,39,3,45,582,87,174,14,857,0,0,0,857
09/17/2022,AUS,TX,ASW,CE,Combined TRACON& Tower with Radar,455,50,73,1,579,0,0,23,5,28,455,50,96,6,607,0,0,0,607
09/18/2022,AUS,TX,ASW,CE,Combined TRACON& Tower with Radar,519,85,117,3,724,0,0,42,2,44,519,85,159,5,768,0,0,0,768
09/19/2022,AUS,TX,ASW,CE,Combined TRACON& Tower with Radar,573,56,84,4,717,0,0,44,5,49,573,56,128,9,766,10,0,10,776
09/20/2022,AUS,TX,ASW,CE,Combined TRACON& Tower with Radar,544,69,108,5,726,0,0,68,12,80,544,69,176,17,806,0,0,0,806
09/21/2022,AUS,TX,ASW,CE,Combined TRACON& Tower with Radar,553,85,100,3,741,0,0,57,18,75,553,85,157,21,816,0,0,0,816
09/22/2022,AUS,TX,ASW,CE,Combined TRACON& Tower with Radar,571,72,145,8,796,0,0,49,12,61,571,72,194,20,857,0,0,0,857
09/23/2022,AUS,TX,ASW,CE,Combined TRACON& Tower with Radar,590,79,136,8,813,0,1,56,12,69,590,80,192,20,882,0,0,0,882
09/24/2022,AUS,TX,ASW,CE,Combined TRACON& Tower with Radar,463,72,82,4,621,0,1,44,6,51,463,73,126,10,672,0,0,0,672
09/25/2022,AUS,TX,ASW,CE,Combined TRACON& Tower with Radar,533,62,112,2,709,0,0,68,3,71,533,62,180,5,780,0,0,0,780
09/26/2022,AUS,TX,ASW,CE,Combined TRACON& Tower with Radar,573,69,82,3,727,0,1,34,11,46,573,70,116,14,773,0,0,0,773
09/27/2022,AUS,TX,ASW,CE,Combined TRACON& Tower with Radar,550,54,97,1,702,0,0,49,15,64,550,54,146,16,766,0,0,0,766
09/28/2022,AUS,TX,ASW,CE,Combined TRACON& Tower with Radar,517,56,104,7,684,0,0,49,8,57,517,56,153,15,741,0,0,0,741
09/29/2022,AUS,TX,ASW,CE,Combined TRACON& Tower with Radar,548,81,106,3,738,0,0,62,10,72,548,81,168,13,810,0,0,0,810
09/30/2022,AUS,TX,ASW,CE,Combined TRACON& Tower with Radar,561,69,130,5,765,0,0,74,13,87,561,69,204,18,852,0,0,0,852
10/01/2022,AUS,TX,ASW,CE,Combined TRACON& Tower with Radar,458,35,76,2,571,0,3,58,6,67,458,38,134,8,638,10,0,10,648
10/02/2022,AUS,TX,ASW,CE,Combined TRACON& Tower with Radar,519,78,116,0,713,0,1,63,3,67,519,79,179,3,780,0,0,0,780
10/03/2022,AUS,TX,ASW,CE,Combined TRACON& Tower with Radar,579,54,91,3,727,0,0,47,11,58,579,54,138,14,785,0,0,0,785
10/04/2022,AUS,TX,ASW,CE,Combined TRACON& Tower with Radar,546,72,72,11,701,0,1,62,29,92,546,73,134,40,793,0,0,0,793
10/05/2022,AUS,TX,ASW,CE,Combined TRACON& Tower with Radar,548,86,91,12,737,0,0,63,12,75,548,86,154,24,812,8,0,8,820
10/06/2022,AUS,TX,ASW,CE,Combined TRACON& Tower with Radar,562,77,133,3,775,0,1,69,16,86,562,78,202,19,861,0,0,0,861
10/07/2022,AUS,TX,ASW,CE,Combined TRACON& Tower with Radar,570,86,89,8,753,0,0,50,12,62,570,86,139,20,815,0,0,0,815
10/08/2022,AUS,TX,ASW,CE,Combined TRACON& Tower with Radar,457,37,51,4,549,0,4,34,3,41,457,41,85,7,590,0,0,0,590
10/09/2022,AUS,TX,ASW,CE,Combined TRACON& Tower with Radar,516,69,105,5,695,0,0,48,2,50,516,69,153,7,745,2,0,2,747
10/10/2022,AUS,TX,ASW,CE,Combined TRACON& Tower with Radar,566,78,112,0,756,0,1,51,9,61,566,79,163,9,817,0,0,0,817
10/11/2022,AUS,TX,ASW,CE,Combined TRACON& Tower with Radar,544,64,91,7,706,0,0,52,10,62,544,64,143,17,768,0,0,0,768
10/12/2022,AUS,TX,ASW,CE,Combined TRACON& Tower with Radar,561,66,102,2,731,0,0,42,12,54,561,66,144,14,785,0,0,0,785
10/13/2022,AUS,TX,ASW,CE,Combined TRACON& Tower with Radar,579,87,112,0,778,0,6,42,7,55,579,93,154,7,833,0,0,0,833
10/14/2022,AUS,TX,ASW,CE,Combined TRACON& Tower with Radar,567,74,142,6,789,0,1,61,6,68,567,75,203,12,857,0,0,0,857
10/15/2022,AUS,TX,ASW,CE,Combined TRACON& Tower with Radar,455,53,103,2,613,0,0,21,4,25,455,53,124,6,638,0,0,0,638
10/16/2022,AUS,TX,ASW,CE,Combined TRACON& Tower with Radar,526,75,103,2,706,0,0,38,1,39,526,75,141,3,745,0,0,0,745
10/17/2022,AUS,TX,ASW,CE,Combined TRACON& Tower with Radar,573,55,115,2,745,0,0,14,2,16,573,55,129,4,761,0,0,0,761
10/18/2022,AUS,TX,ASW,CE,Combined TRACON& Tower with Radar,546,56,121,4,727,0,0,64,10,74,546,56,185,14,801,0,0,0,801
10/19/2022,AUS,TX,ASW,CE,Combined TRACON& Tower with Radar,556,66,124,4,750,0,1,73,8,82,556,67,197,12,832,0,0,0,832
10/20/2022,AUS,TX,ASW,CE,Combined TRACON& Tower with Radar,597,142,139,8,886,0,0,22,7,29,597,142,161,15,915,0,0,0,915
10/21/2022,AUS,TX,ASW,CE,Combined TRACON& Tower with Radar,579,129,160,7,875,0,0,24,3,27,579,129,184,10,902,0,0,0,902
10/22/2022,AUS,TX,ASW,CE,Combined TRACON& Tower with Radar,452,84,85,3,624,0,0,5,0,5,452,84,90,3,629,0,0,0,629
10/23/2022,AUS,TX,ASW,CE,Combined TRACON& Tower with Radar,527,170,167,1,865,0,0,10,0,10,527,170,177,1,875,0,0,0,875
10/24/2022,AUS,TX,ASW,CE,Combined TRACON& Tower with Radar,628,140,145,6,919,0,2,5,0,7,628,142,150,6,926,14,0,14,940
10/25/2022,AUS,TX,ASW,CE,Combined TRACON& Tower with Radar,560,59,106,3,728,0,0,29,8,37,560,59,135,11,765,0,0,0,765
10/26/2022,AUS,TX,ASW,CE,Combined TRACON& Tower with Radar,544,58,142,7,751,0,0,73,18,91,544,58,215,25,842,0,0,0,842
10/27/2022,AUS,TX,ASW,CE,Combined TRACON& Tower with Radar,572,67,107,5,751,0,1,71,19,91,572,68,178,24,842,0,8,8,850
10/28/2022,AUS,TX,ASW,CE,Combined TRACON& Tower with Radar,554,69,90,1,714,0,1,2,4,7,554,70,92,5,721,0,0,0,721
10/29/2022,AUS,TX,ASW,CE,Combined TRACON& Tower with Radar,445,49,74,2,570,0,0,30,2,32,445,49,104,4,602,0,0,0,602
10/30/2022,AUS,TX,ASW,CE,Combined TRACON& Tower with Radar,503,46,95,0,644,0,2,60,1,63,503,48,155,1,707,0,0,0,707
10/31/2022,AUS,TX,ASW,CE,Combined TRACON& Tower with Radar,527,50,44,2,623,0,0,64,1,65,527,50,108,3,688,0,0,0,688
11/01/2022,AUS,TX,ASW,CE,Combined TRACON& Tower with Radar,536,60,105,2,703,0,1,25,3,29,536,61,130,5,732,0,0,0,732
11/02/2022,AUS,TX,ASW,CE,Combined TRACON& Tower with Radar,546,71,124,3,744,0,0,38,4,42,546,71,162,7,786,0,0,0,786
11/03/2022,AUS,TX,ASW,CE,Combined TRACON& Tower with Radar,555,74,124,1,754,0,0,23,9,32,555,74,147,10,786,0,0,0,786
11/04/2022,AUS,TX,ASW,CE,Combined TRACON& Tower with Radar,562,78,104,7,751,0,0,5,1,6,562,78,109,8,757,0,0,0,757
11/05/2022,AUS,TX,ASW,CE,Combined TRACON& Tower with Radar,449,47,60,4,560,0,4,53,7,64,449,51,113,11,624,0,0,0,624
11/06/2022,AUS,TX,ASW,CE,Combined TRACON& Tower with Radar,532,74,113,3,722,0,2,33,2,37,532,76,146,5,759,0,0,0,759
11/07/2022,AUS,TX,ASW,CE,Combined TRACON& Tower with Radar,542,49,103,3,697,0,1,19,1,21,542,50,122,4,718,12,0,12,730
11/08/2022,AUS,TX,ASW,CE,Combined TRACON& Tower with Radar,520,72,98,6,696,0,0,27,5,32,520,72,125,11,728,0,0,0,728
11/09/2022,AUS,TX,ASW,CE,Combined TRACON& Tower with Radar,529,94,130,2,755,0,0,32,5,37,529,94,162,7,792,0,0,0,792
11/10/2022,AUS,TX,ASW,CE,Combined TRACON& Tower with Radar,535,88,128,5,756,0,0,45,11,56,535,88,173,16,812,8,8,16,828
11/11/2022,AUS,TX,ASW,CE,Combined TRACON& Tower with Radar,567,107,103,3,780,0,0,5,0,5,567,107,108,3,785,0,0,0,785
11/12/2022,AUS,TX,ASW,CE,Combined TRACON& Tower with Radar,432,67,117,1,617,0,0,41,1,42,432,67,158,2,659,0,0,0,659
11/13/2022,AUS,TX,ASW,CE,Combined TRACON& Tower with Radar,542,96,113,3,754,0,0,66,0,66,542,96,179,3,820,0,0,0,820
11/14/2022,AUS,TX,ASW,CE,Combined TRACON& Tower with Radar,572,48,97,2,719,0,0,1,0,1,572,48,98,2,720,6,0,6,726
11/15/2022,AUS,TX,ASW,CE,Combined TRACON& Tower with Radar,538,60,131,5,734,0,0,41,14,55,538,60,172,19,789,0,0,0,789
11/16/2022,AUS,TX,ASW,CE,Combined TRACON& Tower with Radar,546,98,123,10,777,0,0,61,25,86,546,98,184,35,863,0,0,0,863
11/17/2022,AUS,TX,ASW,CE,Combined TRACON& Tower with Radar,544,77,132,8,761,0,0,66,17,83,544,77,198,25,844,0,0,0,844
11/18/2022,AUS,TX,ASW,CE,Combined TRACON& Tower with Radar,566,85,113,2,766,0,0,36,15,51,566,85,149,17,817,18,0,18,835
11/19/2022,AUS,TX,ASW,CE,Combined TRACON& Tower with Radar,464,67,82,4,617,0,0,1,0,1,464,67,83,4,618,0,0,0,618
11/20/2022,AUS,TX,ASW,CE,Combined TRACON& Tower with Radar,547,71,75,6,699,0,0,49,5,54,547,71,124,11,753,0,0,0,753
11/21/2022,AUS,TX,ASW,CE,Combined TRACON& Tower with Radar,567,70,81,3,721,0,0,2,3,5,567,70,83,6,726,0,0,0,726
11/22/2022,AUS,TX,ASW,CE,Combined TRACON& Tower with Radar,564,70,104,1,739,0,0,0,4,4,564,70,104,5,743,0,0,0,743
11/23/2022,AUS,TX,ASW,CE,Combined TRACON& Tower with Radar,588,53,128,2,771,1,0,18,7,26,589,53,146,9,797,0,0,0,797
11/24/2022,AUS,TX,ASW,CE,Combined TRACON& Tower with Radar,430,23,11,0,464,0,0,0,0,0,430,23,11,0,464,0,0,0,464
11/25/2022,AUS,TX,ASW,CE,Combined TRACON& Tower with Radar,497,50,62,1,610,0,0,0,0,0,497,50,62,1,610,0,0,0,610
11/26/2022,AUS,TX,ASW,CE,Combined TRACON& Tower with Radar,483,68,119,2,672,0,0,16,2,18,483,68,135,4,690,0,0,0,690
11/27/2022,AUS,TX,ASW,CE,Combined TRACON& Tower with Radar,548,72,116,0,736,0,1,77,2,80,548,73,193,2,816,0,0,0,816
11/28/2022,AUS,TX,ASW,CE,Combined TRACON& Tower with Radar,568,54,100,0,722,0,0,67,5,72,568,54,167,5,794,0,0,0,794
11/29/2022,AUS,TX,ASW,CE,Combined TRACON& Tower with Radar,539,53,90,3,685,0,0,42,19,61,539,53,132,22,746,0,0,0,746
11/30/2022,AUS,TX,ASW,CE,Combined TRACON& Tower with Radar,544,88,104,3,739,0,0,48,20,68,544,88,152,23,807,0,0,0,807
12/01/2022,AUS,TX,ASW,CE,Combined TRACON& Tower with Radar,549,84,134,4,771,0,2,28,19,49,549,86,162,23,820,0,40,40,860
12/02/2022,AUS,TX,ASW,CE,Combined TRACON& Tower with Radar,560,70,116,5,751,0,0,2,0,2,560,70,118,5,753,0,0,0,753
12/03/2022,AUS,TX,ASW,CE,Combined TRACON& Tower with Radar,422,33,58,2,515,0,0,19,8,27,422,33,77,10,542,0,0,0,542
12/04/2022,AUS,TX,ASW,CE,Combined TRACON& Tower with Radar,528,47,105,12,692,0,0,3,6,9,528,47,108,18,701,0,0,0,701
12/05/2022,AUS,TX,ASW,CE,Combined TRACON& Tower with Radar,553,56,90,2,701,0,0,45,1,46,553,56,135,3,747,0,0,0,747
12/06/2022,AUS,TX,ASW,CE,Combined TRACON& Tower with Radar,538,65,121,2,726,0,0,32,8,40,538,65,153,10,766,0,0,0,766
12/07/2022,AUS,TX,ASW,CE,Combined TRACON& Tower with Radar,537,64,101,5,707,0,0,47,18,65,537,64,148,23,772,0,0,0,772
12/08/2022,AUS,TX,ASW,CE,Combined TRACON& Tower with Radar,550,69,135,7,761,0,0,45,5,50,550,69,180,12,811,0,0,0,811
12/09/2022,AUS,TX,ASW,CE,Combined TRACON& Tower with Radar,562,86,118,9,775,0,0,54,16,70,562,86,172,25,845,0,0,0,845
12/10/2022,AUS,TX,ASW,CE,Combined TRACON& Tower with Radar,436,51,55,2,544,0,1,14,1,16,436,52,69,3,560,0,0,0,560
12/11/2022,AUS,TX,ASW,CE,Combined TRACON& Tower with Radar,530,50,102,1,683,0,0,0,0,0,530,50,102,1,683,0,0,0,683
12/12/2022,AUS,TX,ASW,CE,Combined TRACON& Tower with Radar,558,70,82,7,717,0,0,0,0,0,558,70,82,7,717,0,0,0,717
12/13/2022,AUS,TX,ASW,CE,Combined TRACON& Tower with Radar,531,46,104,12,693,0,0,27,15,42,531,46,131,27,735,0,0,0,735
12/14/2022,AUS,TX,ASW,CE,Combined TRACON& Tower with Radar,532,77,104,7,720,0,0,60,10,70,532,77,164,17,790,0,0,0,790
12/15/2022,AUS,TX,ASW,CE,Combined TRACON& Tower with Radar,542,90,96,6,734,0,0,93,13,106,542,90,189,19,840,0,0,0,840
12/16/2022,AUS,TX,ASW,CE,Combined TRACON& Tower with Radar,558,84,121,7,770,0,2,56,9,67,558,86,177,16,837,0,0,0,837
12/17/2022,AUS,TX,ASW,CE,Combined TRACON& Tower with Radar,462,55,55,2,574,0,2,58,0,60,462,57,113,2,634,0,0,0,634
12/18/2022,AUS,TX,ASW,CE,Combined TRACON& Tower with Radar,527,52,79,3,661,0,3,54,1,58,527,55,133,4,719,0,0,0,719
12/19/2022,AUS,TX,ASW,CE,Combined TRACON& Tower with Radar,536,69,55,0,660,0,0,1,0,1,536,69,56,0,661,0,0,0,661
12/20/2022,AUS,TX,ASW,CE,Combined TRACON& Tower with Radar,540,67,83,3,693,0,0,11,6,17,540,67,94,9,710,0,0,0,710
12/21/2022,AUS,TX,ASW,CE,Combined TRACON& Tower with Radar,532,69,97,6,704,0,3,5,7,15,532,72,102,13,719,0,0,0,719
12/22/2022,AUS,TX,ASW,CE,Combined TRACON& Tower with Radar,485,60,82,2,629,0,0,2,8,10,485,60,84,10,639,0,0,0,639
12/23/2022,AUS,TX,ASW,CE,Combined TRACON& Tower with Radar,439,54,60,2,555,0,2,10,0,12,439,56,70,2,567,0,0,0,567
12/24/2022,AUS,TX,ASW,CE,Combined TRACON& Tower with Radar,324,28,23,0,375,0,0,13,0,13,324,28,36,0,388,0,0,0,388
12/25/2022,AUS,TX,ASW,CE,Combined TRACON& Tower with Radar,320,41,17,0,378,0,0,10,0,10,320,41,27,0,388,0,0,0,388
12/26/2022,AUS,TX,ASW,CE,Combined TRACON& Tower with Radar,336,64,99,0,499,0,2,47,1,50,336,66,146,1,549,0,0,0,549
12/27/2022,AUS,TX,ASW,CE,Combined TRACON& Tower with Radar,383,67,106,0,556,0,1,75,1,77,383,68,181,1,633,0,0,0,633
12/28/2022,AUS,TX,ASW,CE,Combined TRACON& Tower with Radar,418,69,75,5,567,0,0,50,8,58,418,69,125,13,625,0,0,0,625
12/29/2022,AUS,TX,ASW,CE,Combined TRACON& Tower with Radar,436,54,75,4,569,0,0,20,6,26,436,54,95,10,595,0,0,0,595
12/30/2022,AUS,TX,ASW,CE,Combined TRACON& Tower with Radar,546,51,66,0,663,0,3,37,6,46,546,54,103,6,709,0,0,0,709
12/31/2022,AUS,TX,ASW,CE,Combined TRACON& Tower with Radar,411,36,34,0,481,0,0,37,0,37,411,36,71,0,518,0,0,0,518
01/01/2023,AUS,TX,ASW,CE,Combined TRACON& Tower with Radar,460,40,51,0,551,0,0,11,0,11,460,40,62,0,562,0,0,0,562
01/02/2023,AUS,TX,ASW,CE,Combined TRACON& Tower with Radar,502,61,88,0,651,0,2,17,0,19,502,63,105,0,670,8,0,8,678
01/03/2023,AUS,TX,ASW,CE,Combined TRACON& Tower with Radar,548,56,85,2,691,0,0,35,12,47,548,56,120,14,738,0,0,0,738
01/04/2023,AUS,TX,ASW,CE,Combined TRACON& Tower with Radar,535,60,93,0,688,0,2,50,27,79,535,62,143,27,767,0,0,0,767
01/05/2023,AUS,TX,ASW,CE,Combined TRACON& Tower with Radar,538,50,77,2,667,0,1,76,16,93,538,51,153,18,760,0,0,0,760
01/06/2023,AUS,TX,ASW,CE,Combined TRACON& Tower with Radar,545,49,75,2,671,0,0,34,6,40,545,49,109,8,711,0,0,0,711
01/07/2023,AUS,TX,ASW,CE,Combined TRACON& Tower with Radar,408,49,51,3,511,0,1,5,2,8,408,50,56,5,519,0,0,0,519
01/08/2023,AUS,TX,ASW,CE,Combined TRACON& Tower with Radar,510,55,66,4,635,0,0,59,2,61,510,55,125,6,696,0,0,0,696
01/09/2023,AUS,TX,ASW,CE,Combined TRACON& Tower with Radar,549,43,89,4,685,0,0,70,6,76,549,43,159,10,761,0,0,0,761
01/10/2023,AUS,TX,ASW,CE,Combined TRACON& Tower with Radar,531,58,107,0,696,0,2,50,6,58,531,60,157,6,754,0,0,0,754
01/11/2023,AUS,TX,ASW,CE,Combined TRACON& Tower with Radar,497,68,69,6,640,0,0,26,12,38,497,68,95,18,678,0,0,0,678
01/12/2023,AUS,TX,ASW,CE,Combined TRACON& Tower with Radar,554,59,92,5,710,0,0,29,11,40,554,59,121,16,750,0,0,0,750
01/13/2023,AUS,TX,ASW,CE,Combined TRACON& Tower with Radar,554,82,106,2,744,0,0,77,2,79,554,82,183,4,823,0,0,0,823
01/14/2023,AUS,TX,ASW,CE,Combined TRACON& Tower with Radar,380,35,38,0,453,0,0,65,4,69,380,35,103,4,522,0,0,0,522
01/15/2023,AUS,TX,ASW,CE,Combined TRACON& Tower with Radar,493,42,68,0,603,0,4,32,1,37,493,46,100,1,640,0,0,0,640
01/16/2023,AUS,TX,ASW,CE,Combined TRACON& Tower with Radar,547,69,108,0,724,0,0,49,0,49,547,69,157,0,773,0,0,0,773
01/17/2023,AUS,TX,ASW,CE,Combined TRACON& Tower with Radar,533,54,124,1,712,0,1,50,18,69,533,55,174,19,781,0,0,0,781
01/18/2023,AUS,TX,ASW,CE,Combined TRACON& Tower with Radar,530,45,98,5,678,0,0,56,19,75,530,45,154,24,753,0,0,0,753
01/19/2023,AUS,TX,ASW,CE,Combined TRACON& Tower with Radar,553,64,99,5,721,0,6,92,7,105,553,70,191,12,826,0,0,0,826
01/20/2023,AUS,TX,ASW,CE,Combined TRACON& Tower with Radar,549,68,68,8,693,0,0,51,11,62,549,68,119,19,755,0,0,0,755
01/21/2023,AUS,TX,ASW,CE,Combined TRACON& Tower with Radar,393,28,37,3,461,0,0,15,8,23,393,28,52,11,484,0,0,0,484
01/22/2023,AUS,TX,ASW,CE,Combined TRACON& Tower with Radar,506,52,54,5,617,0,1,69,25,95,506,53,123,30,712,0,0,0,712
01/23/2023,AUS,TX,ASW,CE,Combined TRACON& Tower with Radar,548,44,93,6,691,0,0,66,3,69,548,44,159,9,760,0,0,0,760
01/24/2023,AUS,TX,ASW,CE,Combined TRACON& Tower with Radar,554,54,84,6,698,1,0,10,4,15,555,54,94,10,713,0,0,0,713
01/25/2023,AUS,TX,ASW,CE,Combined TRACON& Tower with Radar,534,62,108,2,706,0,0,62,19,81,534,62,170,21,787,0,0,0,787
01/26/2023,AUS,TX,ASW,CE,Combined TRACON& Tower with Radar,551,57,118,5,731,0,2,75,18,95,551,59,193,23,826,0,0,0,826
01/27/2023,AUS,TX,ASW,CE,Combined TRACON& Tower with Radar,559,54,100,11,724,0,0,77,8,85,559,54,177,19,809,0,0,0,809
01/28/2023,AUS,TX,ASW,CE,Combined TRACON& Tower with Radar,396,33,55,5,489,0,0,0,0,0,396,33,55,5,489,0,0,0,489
01/29/2023,AUS,TX,ASW,CE,Combined TRACON& Tower with Radar,504,63,85,3,655,0,0,13,0,13,504,63,98,3,668,0,0,0,668
01/30/2023,AUS,TX,ASW,CE,Combined TRACON& Tower with Radar,475,33,76,1,585,0,0,0,0,0,475,33,76,1,585,0,0,0,585
01/31/2023,AUS,TX,ASW,CE,Combined TRACON& Tower with Radar,243,22,24,1,290,0,0,0,0,0,243,22,24,1,290,0,0,0,290
02/01/2023,AUS,TX,ASW,CE,Combined TRACON& Tower with Radar,174,22,22,0,218,0,0,0,0,0,174,22,22,0,218,0,0,0,218
02/02/2023,AUS,TX,ASW,CE,Combined TRACON& Tower with Radar,474,63,90,1,628,0,0,0,0,0,474,63,90,1,628,0,0,0,628
02/03/2023,AUS,TX,ASW,CE,Combined TRACON& Tower with Radar,553,57,94,7,711,0,0,38,5,43,553,57,132,12,754,0,0,0,754
02/04/2023,AUS,TX,ASW,CE,Combined TRACON& Tower with Radar,398,28,59,0,485,0,0,41,8,49,398,28,100,8,534,0,0,0,534
02/05/2023,AUS,TX,ASW,CE,Combined TRACON& Tower with Radar,508,60,82,1,651,0,2,50,3,55,508,62,132,4,706,0,0,0,706
02/06/2023,AUS,TX,ASW,CE,Combined TRACON& Tower with Radar,558,56,97,3,714,0,0,26,3,29,558,56,123,6,743,0,0,0,743
02/07/2023,AUS,TX,ASW,CE,Combined TRACON& Tower with Radar,538,65,100,4,707,0,0,4,2,6,538,65,104,6,713,0,0,0,713
02/08/2023,AUS,TX,ASW,CE,Combined TRACON& Tower with Radar,550,78,113,3,744,0,0,19,6,25,550,78,132,9,769,0,0,0,769
02/09/2023,AUS,TX,ASW,CE,Combined TRACON& Tower with Radar,555,72,134,6,767,0,0,79,20,99,555,72,213,26,866,0,0,0,866
02/10/2023,AUS,TX,ASW,CE,Combined TRACON& Tower with Radar,545,52,90,11,698,0,1,33,9,43,545,53,123,20,741,0,0,0,741
02/11/2023,AUS,TX,ASW,CE,Combined TRACON& Tower with Radar,413,49,49,6,517,0,2,64,1,67,413,51,113,7,584,0,0,0,584
02/12/2023,AUS,TX,ASW,CE,Combined TRACON& Tower with Radar,506,45,64,4,619,0,2,64,2,68,506,47,128,6,687,0,0,0,687
02/13/2023,AUS,TX,ASW,CE,Combined TRACON& Tower with Radar,531,60,96,0,687,0,0,64,12,76,531,60,160,12,763,0,0,0,763
02/14/2023,AUS,TX,ASW,CE,Combined TRACON& Tower with Radar,539,47,75,0,661,0,0,22,17,39,539,47,97,17,700,0,0,0,700
02/15/2023,AUS,TX,ASW,CE,Combined TRACON& Tower with Radar,538,58,120,3,719,0,0,26,9,35,538,58,146,12,754,0,0,0,754
02/16/2023,AUS,TX,ASW,CE,Combined TRACON& Tower with Radar,544,85,134,3,766,0,0,41,8,49,544,85,175,11,815,0,0,0,815
02/17/2023,AUS,TX,ASW,CE,Combined TRACON& Tower with Radar,569,75,110,7,761,0,1,83,9,93,569,76,193,16,854,6,16,22,876
02/18/2023,AUS,TX,ASW,CE,Combined TRACON& Tower with Radar,411,48,46,0,505,0,1,72,6,79,411,49,118,6,584,0,0,0,584
02/19/2023,AUS,TX,ASW,CE,Combined TRACON& Tower with Radar,509,53,84,1,647,0,2,43,2,47,509,55,127,3,694,0,0,0,694
02/20/2023,AUS,TX,ASW,CE,Combined TRACON& Tower with Radar,551,76,112,2,741,0,2,38,5,45,551,78,150,7,786,0,0,0,786
02/21/2023,AUS,TX,ASW,CE,Combined TRACON& Tower with Radar,548,65,148,9,770,0,0,48,7,55,548,65,196,16,825,0,0,0,825
02/22/2023,AUS,TX,ASW,CE,Combined TRACON& Tower with Radar,525,81,111,3,720,0,0,46,15,61,525,81,157,18,781,0,10,10,791
02/23/2023,AUS,TX,ASW,CE,Combined TRACON& Tower with Radar,549,72,148,4,773,0,0,49,15,64,549,72,197,19,837,0,0,0,837
02/24/2023,AUS,TX,ASW,CE,Combined TRACON& Tower with Radar,556,79,126,19,780,0,0,7,11,18,556,79,133,30,798,0,0,0,798
02/25/2023,AUS,TX,ASW,CE,Combined TRACON& Tower with Radar,420,46,80,4,550,0,1,0,5,6,420,47,80,9,556,2,10,12,568
02/26/2023,AUS,TX,ASW,CE,Combined TRACON& Tower with Radar,511,63,100,7,681,0,0,10,3,13,511,63,110,10,694,0,0,0,694
02/27/2023,AUS,TX,ASW,CE,Combined TRACON& Tower with Radar,558,56,99,0,713,0,0,55,9,64,558,56,154,9,777,0,0,0,777
02/28/2023,AUS,TX,ASW,CE,Combined TRACON& Tower with Radar,543,81,97,6,727,0,0,59,13,72,543,81,156,19,799,32,0,32,831
03/01/2023,AUS,TX,ASW,CE,Combined TRACON& Tower with Radar,540,60,123,3,726,0,0,42,6,48,540,60,165,9,774,56,4,60,834
03/02/2023,AUS,TX,ASW,CE,Combined TRACON& Tower with Radar,529,61,129,0,719,0,0,10,0,10,529,61,139,0,729,70,0,70,799
03/03/2023,AUS,TX,ASW,CE,Combined TRACON& Tower with Radar,562,79,93,8,742,0,2,65,7,74,562,81,158,15,816,0,0,0,816
03/04/2023,AUS,TX,ASW,CE,Combined TRACON& Tower with Radar,420,44,63,3,530,0,0,85,5,90,420,44,148,8,620,0,0,0,620
03/05/2023,AUS,TX,ASW,CE,Combined TRACON& Tower with Radar,509,69,93,8,679,0,0,54,2,56,509,69,147,10,735,0,0,0,735
03/06/2023,AUS,TX,ASW,CE,Combined TRACON& Tower with Radar,558,55,108,1,722,0,0,43,0,43,558,55,151,1,765,0,0,0,765
03/07/2023,AUS,TX,ASW,CE,Combined TRACON& Tower with Radar,545,63,102,0,710,0,0,27,7,34,545,63,129,7,744,0,0,0,744
03/08/2023,AUS,TX,ASW,CE,Combined TRACON& Tower with Radar,556,74,130,5,765,0,2,55,11,68,556,76,185,16,833,0,0,0,833
03/09/2023,AUS,TX,ASW,CE,Combined TRACON& Tower with Radar,584,79,127,2,792,0,2,29,14,45,584,81,156,16,837,0,0,0,837
03/10/2023,AUS,TX,ASW,CE,Combined TRACON& Tower with Radar,579,98,122,4,803,0,2,32,7,41,579,100,154,11,844,0,0,0,844
03/11/2023,AUS,TX,ASW,CE,Combined TRACON& Tower with Radar,459,73,83,2,617,0,0,35,8,43,459,73,118,10,660,0,0,0,660
03/12/2023,AUS,TX,ASW,CE,Combined TRACON& Tower with Radar,554,92,112,2,760,0,1,46,3,50,554,93,158,5,810,0,0,0,810
03/13/2023,AUS,TX,ASW,CE,Combined TRACON& Tower with Radar,583,69,98,2,752,0,2,44,3,49,583,71,142,5,801,0,0,0,801
03/14/2023,AUS,TX,ASW,CE,Combined TRACON& Tower with Radar,568,53,66,6,693,0,0,31,5,36,568,53,97,11,729,0,0,0,729
03/15/2023,AUS,TX,ASW,CE,Combined TRACON& Tower with Radar,562,71,118,2,753,1,0,68,12,81,563,71,186,14,834,0,0,0,834
03/16/2023,AUS,TX,ASW,CE,Combined TRACON& Tower with Radar,566,74,72,10,722,0,0,5,3,8,566,74,77,13,730,0,0,0,730
03/17/2023,AUS,TX,ASW,CE,Combined TRACON& Tower with Radar,563,75,67,5,710,0,0,30,8,38,563,75,97,13,748,0,0,0,748
03/18/2023,AUS,TX,ASW,CE,Combined TRACON& Tower with Radar,460,74,80,0,614,0,0,35,2,37,460,74,115,2,651,0,0,0,651
03/19/2023,AUS,TX,ASW,CE,Combined TRACON& Tower with Radar,564,103,108,4,779,0,0,77,1,78,564,103,185,5,857,0,0,0,857
03/20/2023,AUS,TX,ASW,CE,Combined TRACON& Tower with Radar,582,62,86,5,735,0,0,31,6,37,582,62,117,11,772,0,0,0,772
03/21/2023,AUS,TX,ASW,CE,Combined TRACON& Tower with Radar,557,63,111,5,736,0,0,0,0,0,557,63,111,5,736,0,0,0,736
03/22/2023,AUS,TX,ASW,CE,Combined TRACON& Tower with Radar,557,61,105,7,730,0,0,16,14,30,557,61,121,21,760,0,0,0,760
03/23/2023,AUS,TX,ASW,CE,Combined TRACON& Tower with Radar,577,91,154,2,824,0,0,25,14,39,577,91,179,16,863,0,0,0,863
03/24/2023,AUS,TX,ASW,CE,Combined TRACON& Tower with Radar,591,80,113,2,786,0,0,32,20,52,591,80,145,22,838,0,0,0,838
03/25/2023,AUS,TX,ASW,CE,Combined TRACON& Tower with Radar,461,75,80,5,621,0,0,69,20,89,461,75,149,25,710,24,0,24,734
03/26/2023,AUS,TX,ASW,CE,Combined TRACON& Tower with Radar,539,93,147,9,788,0,0,39,2,41,539,93,186,11,829,0,0,0,829
03/27/2023,AUS,TX,ASW,CE,Combined TRACON& Tower with Radar,582,55,103,2,742,0,0,36,2,38,582,55,139,4,780,0,0,0,780
03/28/2023,AUS,TX,ASW,CE,Combined TRACON& Tower with Radar,554,56,111,7,728,0,2,23,4,29,554,58,134,11,757,0,0,0,757
03/29/2023,AUS,TX,ASW,CE,Combined TRACON& Tower with Radar,559,56,133,6,754,0,1,52,13,66,559,57,185,19,820,0,0,0,820
03/30/2023,AUS,TX,ASW,CE,Combined TRACON& Tower with Radar,574,68,117,7,766,0,0,5,9,14,574,68,122,16,780,0,0,0,780
03/31/2023,AUS,TX,ASW,CE,Combined TRACON& Tower with Radar,585,70,119,3,777,0,0,13,8,21,585,70,132,11,798,4,2,6,804
04/01/2023,AUS,TX,ASW,CE,Combined TRACON& Tower with Radar,438,48,89,3,578,0,1,75,4,80,438,49,164,7,658,0,0,0,658
04/02/2023,AUS,TX,ASW,CE,Combined TRACON& Tower with Radar,555,76,108,6,745,0,0,14,2,16,555,76,122,8,761,0,0,0,761
04/03/2023,AUS,TX,ASW,CE,Combined TRACON& Tower with Radar,578,77,91,9,755,0,0,46,3,49,578,77,137,12,804,0,0,0,804
04/04/2023,AUS,TX,ASW,CE,Combined TRACON& Tower with Radar,554,77,104,7,742,0,0,43,8,51,554,77,147,15,793,0,0,0,793
04/05/2023,AUS,TX,ASW,CE,Combined TRACON& Tower with Radar,566,95,128,1,790,1,0,43,21,65,567,95,171,22,855,0,0,0,855
04/06/2023,AUS,TX,ASW,CE,Combined TRACON& Tower with Radar,581,66,82,1,730,0,0,0,4,4,581,66,82,5,734,0,0,0,734
04/07/2023,AUS,TX,ASW,CE,Combined TRACON& Tower with Radar,603,72,82,2,759,0,0,0,0,0,603,72,82,2,759,0,0,0,759
04/08/2023,AUS,TX,ASW,CE,Combined TRACON& Tower with Radar,456,37,53,1,547,0,0,2,2,4,456,37,55,3,551,0,0,0,551
04/09/2023,AUS,TX,ASW,CE,Combined TRACON& Tower with Radar,526,49,63,1,639,0,2,19,0,21,526,51,82,1,660,0,0,0,660
04/10/2023,AUS,TX,ASW,CE,Combined TRACON& Tower with Radar,567,67,92,3,729,0,1,26,0,27,567,68,118,3,756,0,0,0,756
04/11/2023,AUS,TX,ASW,CE,Combined TRACON& Tower with Radar,559,68,93,5,725,0,8,62,12,82,559,76,155,17,807,0,0,0,807
04/12/2023,AUS,TX,ASW,CE,Combined TRACON& Tower with Radar,560,68,104,12,744,0,6,88,14,108,560,74,192,26,852,0,0,0,852
04/13/2023,AUS,TX,ASW,CE,Combined TRACON& Tower with Radar,565,59,144,4,772,0,2,59,26,87,565,61,203,30,859,0,0,0,859
04/14/2023,AUS,TX,ASW,CE,Combined TRACON& Tower with Radar,578,72,143,17,810,0,0,17,11,28,578,72,160,28,838,0,0,0,838
04/15/2023,AUS,TX,ASW,CE,Combined TRACON& Tower with Radar,444,43,79,4,570,0,3,46,8,57,444,46,125,12,627,0,0,0,627
04/16/2023,AUS,TX,ASW,CE,Combined TRACON& Tower with Radar,526,81,128,7,742,0,5,70,6,81,526,86,198,13,823,0,0,0,823
04/17/2023,AUS,TX,ASW,CE,Combined TRACON& Tower with Radar,574,69,127,9,779,0,2,55,1,58,574,71,182,10,837,0,0,0,837
04/18/2023,AUS,TX,ASW,CE,Combined TRACON& Tower with Radar,557,70,117,12,756,0,1,20,4,25,557,71,137,16,781,0,0,0,781
04/19/2023,AUS,TX,ASW,CE,Combined TRACON& Tower with Radar,556,58,155,5,774,0,1,39,16,56,556,59,194,21,830,0,0,0,830
04/20/2023,AUS,TX,ASW,CE,Combined TRACON& Tower with Radar,505,72,131,5,713,0,1,10,15,26,505,73,141,20,739,0,0,0,739
04/21/2023,AUS,TX,ASW,CE,Combined TRACON& Tower with Radar,604,93,122,7,826,0,5,46,17,68,604,98,168,24,894,0,0,0,894
04/22/2023,AUS,TX,ASW,CE,Combined TRACON& Tower with Radar,450,55,70,6,581,0,7,61,23,91,450,62,131,29,672,0,0,0,672
04/23/2023,AUS,TX,ASW,CE,Combined TRACON& Tower with Radar,527,89,113,6,735,0,4,11,13,28,527,93,124,19,763,0,0,0,763
04/24/2023,AUS,TX,ASW,CE,Combined TRACON& Tower with Radar,578,56,119,2,755,0,2,27,10,39,578,58,146,12,794,0,0,0,794
04/25/2023,AUS,TX,ASW,CE,Combined TRACON& Tower with Radar,551,54,79,7,691,0,0,6,18,24,551,54,85,25,715,0,0,0,715
04/26/2023,AUS,TX,ASW,CE,Combined TRACON& Tower with Radar,558,66,127,5,756,0,4,20,8,32,558,70,147,13,788,0,0,0,788
04/27/2023,AUS,TX,ASW,CE,Combined TRACON& Tower with Radar,579,75,136,12,802,0,2,54,15,71,579,77,190,27,873,24,0,24,897
04/28/2023,AUS,TX,ASW,CE,Combined TRACON& Tower with Radar,541,72,122,5,740,0,0,27,4,31,541,72,149,9,771,0,0,0,771
04/29/2023,AUS,TX,ASW,CE,Combined TRACON& Tower with Radar,467,44,67,0,578,0,0,29,7,36,467,44,96,7,614,0,0,0,614
04/30/2023,AUS,TX,ASW,CE,Combined TRACON& Tower with Radar,521,66,98,2,687,0,7,89,8,104,521,73,187,10,791,0,0,0,791
05/01/2023,AUS,TX,ASW,CE,Combined TRACON& Tower with Radar,582,56,84,2,724,0,7,43,1,51,582,63,127,3,775,0,0,0,775
05/02/2023,AUS,TX,ASW,CE,Combined TRACON& Tower with Radar,565,58,122,2,747,0,3,32,6,41,565,61,154,8,788,0,0,0,788
05/03/2023,AUS,TX,ASW,CE,Combined TRACON& Tower with Radar,556,77,106,1,740,0,3,49,2,54,556,80,155,3,794,0,0,0,794
05/04/2023,AUS,TX,ASW,CE,Combined TRACON& Tower with Radar,577,108,122,1,808,0,1,8,10,19,577,109,130,11,827,0,0,0,827
05/05/2023,AUS,TX,ASW,CE,Combined TRACON& Tower with Radar,586,68,89,2,745,0,7,38,8,53,586,75,127,10,798,0,6,6,804
05/06/2023,AUS,TX,ASW,CE,Combined TRACON& Tower with Radar,442,36,59,0,537,0,0,26,8,34,442,36,85,8,571,0,0,0,571
05/07/2023,AUS,TX,ASW,CE,Combined TRACON& Tower with Radar,543,72,96,4,715,0,3,11,5,19,543,75,107,9,734,0,0,0,734
05/08/2023,AUS,TX,ASW,CE,Combined TRACON& Tower with Radar,604,68,114,18,804,0,2,20,6,28,604,70,134,24,832,46,0,46,878
05/09/2023,AUS,TX,ASW,CE,Combined TRACON& Tower with Radar,567,62,87,9,725,0,0,7,8,15,567,62,94,17,740,0,0,0,740
05/10/2023,AUS,TX,ASW,CE,Combined TRACON& Tower with Radar,568,87,85,3,743,0,1,19,16,36,568,88,104,19,779,0,0,0,779
05/11/2023,AUS,TX,ASW,CE,Combined TRACON& Tower with Radar,581,75,101,10,767,0,0,8,5,13,581,75,109,15,780,20,0,20,800
05/12/2023,AUS,TX,ASW,CE,Combined TRACON& Tower with Radar,583,92,98,10,783,0,0,15,8,23,583,92,113,18,806,0,0,0,806
05/13/2023,AUS,TX,ASW,CE,Combined TRACON& Tower with Radar,436,39,30,2,507,0,1,5,3,9,436,40,35,5,516,0,0,0,516
05/14/2023,AUS,TX,ASW,CE,Combined TRACON& Tower with Radar,560,61,54,4,679,0,1,19,0,20,560,62,73,4,699,0,0,0,699
05/15/2023,AUS,TX,ASW,CE,Combined TRACON& Tower with Radar,594,61,87,10,752,0,4,20,2,26,594,65,107,12,778,20,2,22,800
05/16/2023,AUS,TX,ASW,CE,Combined TRACON& Tower with Radar,583,68,81,6,738,0,2,31,13,46,583,70,112,19,784,0,0,0,784
05/17/2023,AUS,TX,ASW,CE,Combined TRACON& Tower with Radar,566,81,119,14,780,0,3,82,8,93,566,84,201,22,873,0,0,0,873
05/18/2023,AUS,TX,ASW,CE,Combined TRACON& Tower with Radar,585,97,104,11,797,0,3,76,26,105,585,100,180,37,902,0,0,0,902
05/19/2023,AUS,TX,ASW,CE,Combined TRACON& Tower with Radar,603,79,111,9,802,0,1,58,8,67,603,80,169,17,869,0,0,0,869
05/20/2023,AUS,TX,ASW,CE,Combined TRACON& Tower with Radar,448,61,65,5,579,0,2,28,11,41,448,63,93,16,620,0,0,0,620
05/21/2023,AUS,TX,ASW,CE,Combined TRACON& Tower with Radar,550,94,86,10,740,0,0,39,3,42,550,94,125,13,782,12,0,12,794
05/22/2023,AUS,TX,ASW,CE,Combined TRACON& Tower with Radar,592,86,109,4,791,0,0,44,4,48,592,86,153,8,839,0,0,0,839
05/23/2023,AUS,TX,ASW,CE,Combined TRACON& Tower with Radar,569,72,88,8,737,0,0,52,19,71,569,72,140,27,808,0,0,0,808
05/24/2023,AUS,TX,ASW,CE,Combined TRACON& Tower with Radar,572,70,114,4,760,0,0,46,16,62,572,70,160,20,822,0,0,0,822
05/25/2023,AUS,TX,ASW,CE,Combined TRACON& Tower with Radar,581,73,118,0,772,0,2,58,11,71,581,75,176,11,843,0,0,0,843
05/26/2023,AUS,TX,ASW,CE,Combined TRACON& Tower with Radar,598,70,84,5,757,0,10,70,6,86,598,80,154,11,843,0,0,0,843
05/27/2023,AUS,TX,ASW,CE,Combined TRACON& Tower with Radar,433,40,48,1,522,0,5,43,3,51,433,45,91,4,573,0,0,0,573
05/28/2023,AUS,TX,ASW,CE,Combined TRACON& Tower with Radar,504,37,47,3,591,0,4,36,2,42,504,41,83,5,633,0,0,0,633
05/29/2023,AUS,TX,ASW,CE,Combined TRACON& Tower with Radar,581,63,64,1,709,0,2,39,1,42,581,65,103,2,751,0,0,0,751
05/30/2023,AUS,TX,ASW,CE,Combined TRACON& Tower with Radar,576,49,72,3,700,0,2,33,10,45,576,51,105,13,745,0,0,0,745
05/31/2023,AUS,TX,ASW,CE,Combined TRACON& Tower with Radar,576,72,93,5,746,0,1,59,21,81,576,73,152,26,827,6,0,6,833
06/01/2023,AUS,TX,ASW,CE,Combined TRACON& Tower with Radar,571,70,93,4,738,0,4,56,17,77,571,74,149,21,815,0,0,0,815
06/02/2023,AUS,TX,ASW,CE,Combined TRACON& Tower with Radar,588,71,92,10,761,0,11,47,6,64,588,82,139,16,825,0,0,0,825
06/03/2023,AUS,TX,ASW,CE,Combined TRACON& Tower with Radar,447,42,71,9,569,0,3,46,4,53,447,45,117,13,622,0,0,0,622
06/04/2023,AUS,TX,ASW,CE,Combined TRACON& Tower with Radar,540,55,71,7,673,0,2,28,0,30,540,57,99,7,703,0,0,0,703
06/05/2023,AUS,TX,ASW,CE,Combined TRACON& Tower with Radar,598,50,71,4,723,0,1,26,7,34,598,51,97,11,757,0,0,0,757
06/06/2023,AUS,TX,ASW,CE,Combined TRACON& Tower with Radar,588,78,73,2,741,0,10,48,8,66,588,88,121,10,807,0,0,0,807
06/07/2023,AUS,TX,ASW,CE,Combined TRACON& Tower with Radar,611,68,94,2,775,0,6,57,11,74,611,74,151,13,849,0,0,0,849
06/08/2023,AUS,TX,ASW,CE,Combined TRACON& Tower with Radar,602,66,92,1,761,0,4,53,13,70,602,70,145,14,831,0,0,0,831
06/09/2023,AUS,TX,ASW,CE,Combined TRACON& Tower with Radar,587,70,94,6,757,0,11,51,1,63,587,81,145,7,820,0,0,0,820
06/10/2023,AUS,TX,ASW,CE,Combined TRACON& Tower with Radar,461,50,48,1,560,0,6,40,10,56,461,56,88,11,616,0,0,0,616
06/11/2023,AUS,TX,ASW,CE,Combined TRACON& Tower with Radar,543,61,103,5,712,0,7,50,11,68,543,68,153,16,780,0,12,12,792
06/12/2023,AUS,TX,ASW,CE,Combined TRACON& Tower with Radar,586,70,86,3,745,0,5,23,17,45,586,75,109,20,790,0,0,0,790
06/13/2023,AUS,TX,ASW,CE,Combined TRACON& Tower with Radar,595,63,115,0,773,0,5,18,8,31,595,68,133,8,804,0,0,0,804
06/14/2023,AUS,TX,ASW,CE,Combined TRACON& Tower with Radar,578,78,106,7,769,0,6,52,15,73,578,84,158,22,842,0,0,0,842
06/15/2023,AUS,TX,ASW,CE,Combined TRACON& Tower with Radar,598,84,105,0,787,0,4,41,17,62,598,88,146,17,849,0,0,0,849
06/16/2023,AUS,TX,ASW,CE,Combined TRACON& Tower with Radar,603,54,96,12,765,0,6,39,10,55,603,60,135,22,820,0,0,0,820
06/17/2023,AUS,TX,ASW,CE,Combined TRACON& Tower with Radar,464,47,83,0,594,0,2,39,20,61,464,49,122,20,655,0,0,0,655
06/18/2023,AUS,TX,ASW,CE,Combined TRACON& Tower with Radar,540,50,73,1,664,0,2,21,10,33,540,52,94,11,697,0,0,0,697
06/19/2023,AUS,TX,ASW,CE,Combined TRACON& Tower with Radar,591,54,74,2,721,0,6,37,12,55,591,60,111,14,776,0,0,0,776
06/20/2023,AUS,TX,ASW,CE,Combined TRACON& Tower with Radar,577,62,84,1,724,0,7,31,17,55,577,69,115,18,779,0,0,0,779
06/21/2023,AUS,TX,ASW,CE,Combined TRACON& Tower with Radar,587,63,92,6,748,0,5,36,7,48,587,68,128,13,796,0,0,0,796
06/22/2023,AUS,TX,ASW,CE,Combined TRACON& Tower with Radar,616,67,92,5,780,0,2,36,14,52,616,69,128,19,832,0,0,0,832
06/23/2023,AUS,TX,ASW,CE,Combined TRACON& Tower with Radar,615,74,96,14,799,0,2,29,12,43,615,76,125,26,842,0,0,0,842
06/24/2023,AUS,TX,ASW,CE,Combined TRACON& Tower with Radar,453,39,54,9,555,0,7,42,15,64,453,46,96,24,619,0,0,0,619
06/25/2023,AUS,TX,ASW,CE,Combined TRACON& Tower with Radar,523,52,81,13,669,0,5,39,4,48,523,57,120,17,717,0,0,0,717
06/26/2023,AUS,TX,ASW,CE,Combined TRACON& Tower with Radar,574,59,67,1,701,0,5,36,5,46,574,64,103,6,747,0,0,0,747
06/27/2023,AUS,TX,ASW,CE,Combined TRACON& Tower with Radar,544,73,81,3,701,0,2,64,12,78,544,75,145,15,779,0,0,0,779
06/28/2023,AUS,TX,ASW,CE,Combined TRACON& Tower with Radar,562,65,89,4,720,0,5,62,17,84,562,70,151,21,804,0,0,0,804
06/29/2023,AUS,TX,ASW,CE,Combined TRACON& Tower with Radar,559,81,84,8,732,0,2,78,12,92,559,83,162,20,824,0,0,0,824
06/30/2023,AUS,TX,ASW,CE,Combined TRACON& Tower with Radar,562,94,68,4,728,0,4,43,6,53,562,98,111,10,781,0,0,0,781
07/01/2023,AUS,TX,ASW,CE,Combined TRACON& Tower with Radar,461,44,47,2,554,0,2,40,5,47,461,46,87,7,601,0,0,0,601
07/02/2023,AUS,TX,ASW,CE,Combined TRACON& Tower with Radar,512,38,46,0,596,0,4,38,10,52,512,42,84,10,648,0,0,0,648
07/03/2023,AUS,TX,ASW,CE,Combined TRACON& Tower with Radar,512,37,41,0,590,0,3,43,4,50,512,40,84,4,640,0,0,0,640
07/04/2023,AUS,TX,ASW,CE,Combined TRACON& Tower with Radar,476,17,19,0,512,0,0,27,7,34,476,17,46,7,546,0,0,0,546
07/05/2023,AUS,TX,ASW,CE,Combined TRACON& Tower with Radar,554,40,73,4,671,0,0,26,12,38,554,40,99,16,709,0,0,0,709
07/06/2023,AUS,TX,ASW,CE,Combined TRACON& Tower with Radar,607,54,60,4,725,0,0,36,8,44,607,54,96,12,769,0,0,0,769
07/07/2023,AUS,TX,ASW,CE,Combined TRACON& Tower with Radar,587,56,60,11,714,0,1,35,14,50,587,57,95,25,764,0,0,0,764
07/08/2023,AUS,TX,ASW,CE,Combined TRACON& Tower with Radar,468,45,59,13,585,0,2,35,5,42,468,47,94,18,627,0,0,0,627
07/09/2023,AUS,TX,ASW,CE,Combined TRACON& Tower with Radar,562,63,75,1,701,0,0,42,2,44,562,63,117,3,745,0,0,0,745
07/10/2023,AUS,TX,ASW,CE,Combined TRACON& Tower with Radar,600,38,52,4,694,0,0,46,8,54,600,38,98,12,748,0,0,0,748
07/11/2023,AUS,TX,ASW,CE,Combined TRACON& Tower with Radar,591,63,85,1,740,0,0,37,16,53,591,63,122,17,793,0,0,0,793
07/12/2023,AUS,TX,ASW,CE,Combined TRACON& Tower with Radar,596,71,74,2,743,1,8,38,18,65,597,79,112,20,808,0,0,0,808
07/13/2023,AUS,TX,ASW,CE,Combined TRACON& Tower with Radar,617,65,74,2,758,1,2,64,19,86,618,67,138,21,844,0,0,0,844
07/14/2023,AUS,TX,ASW,CE,Combined TRACON& Tower with Radar,600,68,59,4,731,0,2,45,23,70,600,70,104,27,801,0,0,0,801
07/15/2023,AUS,TX,ASW,CE,Combined TRACON& Tower with Radar,476,47,61,6,590,0,7,33,22,62,476,54,94,28,652,0,0,0,652
07/16/2023,AUS,TX,ASW,CE,Combined TRACON& Tower with Radar,559,59,79,7,704,0,5,55,8,68,559,64,134,15,772,0,0,0,772
07/17/2023,AUS,TX,ASW,CE,Combined TRACON& Tower with Radar,620,65,70,4,759,1,2,43,2,48,621,67,113,6,807,0,0,0,807
07/18/2023,AUS,TX,ASW,CE,Combined TRACON& Tower with Radar,585,62,75,2,724,0,2,52,10,64,585,64,127,12,788,0,0,0,788
07/19/2023,AUS,TX,ASW,CE,Combined TRACON& Tower with Radar,606,71,89,3,769,0,6,46,18,70,606,77,135,21,839,0,0,0,839
07/20/2023,AUS,TX,ASW,CE,Combined TRACON& Tower with Radar,606,62,70,8,746,1,0,44,16,61,607,62,114,24,807,0,0,0,807
07/21/2023,AUS,TX,ASW,CE,Combined TRACON& Tower with Radar,607,52,79,4,742,0,2,35,16,53,607,54,114,20,795,10,0,10,805
07/22/2023,AUS,TX,ASW,CE,Combined TRACON& Tower with Radar,483,42,38,2,565,1,7,43,23,74,484,49,81,25,639,4,0,4,643
07/23/2023,AUS,TX,ASW,CE,Combined TRACON& Tower with Radar,563,55,58,11,687,0,2,38,18,58,563,57,96,29,745,0,0,0,745
07/24/2023,AUS,TX,ASW,CE,Combined TRACON& Tower with Radar,613,58,83,8,762,1,1,18,5,25,614,59,101,13,787,0,0,0,787
07/25/2023,AUS,TX,ASW,CE,Combined TRACON& Tower with Radar,573,53,82,4,712,0,0,28,7,35,573,53,110,11,747,0,0,0,747
07/26/2023,AUS,TX,ASW,CE,Combined TRACON& Tower with Radar,586,72,107,10,775,0,1,24,16,41,586,73,131,26,816,0,0,0,816
07/27/2023,AUS,TX,ASW,CE,Combined TRACON& Tower with Radar,608,64,104,8,784,0,0,25,10,35,608,64,129,18,819,0,0,0,819
07/28/2023,AUS,TX,ASW,CE,Combined TRACON& Tower with Radar,601,67,76,13,757,0,1,25,11,37,601,68,101,24,794,0,0,0,794
07/29/2023,AUS,TX,ASW,CE,Combined TRACON& Tower with Radar,478,49,89,4,620,0,0,26,3,29,478,49,115,7,649,0,0,0,649
07/30/2023,AUS,TX,ASW,CE,Combined TRACON& Tower with Radar,566,54,92,11,723,0,1,25,6,32,566,55,117,17,755,0,0,0,755
07/31/2023,AUS,TX,ASW,CE,Combined TRACON& Tower with Radar,611,63,82,5,761,1,0,21,5,27,612,63,103,10,788,0,0,0,788
08/01/2023,AUS,TX,ASW,CE,Combined TRACON& Tower with Radar,577,62,84,6,729,0,0,14,8,22,577,62,98,14,751,0,0,0,751
08/02/2023,AUS,TX,ASW,CE,Combined TRACON& Tower with Radar,594,46,109,5,754,0,0,32,17,49,594,46,141,22,803,0,0,0,803
08/03/2023,AUS,TX,ASW,CE,Combined TRACON& Tower with Radar,602,59,74,14,749,0,0,25,13,38,602,59,99,27,787,0,0,0,787
08/04/2023,AUS,TX,ASW,CE,Combined TRACON& Tower with Radar,605,62,72,20,759,0,3,17,15,35,605,65,89,35,794,0,0,0,794
08/05/2023,AUS,TX,ASW,CE,Combined TRACON& Tower with Radar,485,35,69,12,601,1,3,28,5,37,486,38,97,17,638,0,0,0,638
08/06/2023,AUS,TX,ASW,CE,Combined TRACON& Tower with Radar,536,45,81,3,665,0,3,20,7,30,536,48,101,10,695,0,0,0,695
08/07/2023,AUS,TX,ASW,CE,Combined TRACON& Tower with Radar,593,38,89,18,738,1,2,24,7,34,594,40,113,25,772,0,0,0,772
08/08/2023,AUS,TX,ASW,CE,Combined TRACON& Tower with Radar,580,53,92,7,732,0,1,13,8,22,580,54,105,15,754,0,0,0,754
08/09/2023,AUS,TX,ASW,CE,Combined TRACON& Tower with Radar,598,70,122,3,793,0,1,26,14,41,598,71,148,17,834,0,0,0,834
08/10/2023,AUS,TX,ASW,CE,Combined TRACON& Tower with Radar,603,69,100,2,774,0,3,25,9,37,603,72,125,11,811,0,0,0,811
08/11/2023,AUS,TX,ASW,CE,Combined TRACON& Tower with Radar,600,69,95,7,771,0,3,24,13,40,600,72,119,20,811,0,0,0,811
08/12/2023,AUS,TX,ASW,CE,Combined TRACON& Tower with Radar,475,33,53,2,563,0,2,16,13,31,475,35,69,15,594,0,0,0,594
08/13/2023,AUS,TX,ASW,CE,Combined TRACON& Tower with Radar,557,59,72,4,692,0,0,10,6,16,557,59,82,10,708,0,0,0,708
08/14/2023,AUS,TX,ASW,CE,Combined TRACON& Tower with Radar,595,53,93,6,747,0,1,18,6,25,595,54,111,12,772,0,0,0,772
08/15/2023,AUS,TX,ASW,CE,Combined TRACON& Tower with Radar,575,51,70,5,701,0,0,20,12,32,575,51,90,17,733,0,0,0,733
08/16/2023,AUS,TX,ASW,CE,Combined TRACON& Tower with Radar,572,66,129,11,778,1,2,33,9,45,573,68,162,20,823,0,0,0,823
08/17/2023,AUS,TX,ASW,CE,Combined TRACON& Tower with Radar,580,62,82,4,728,1,1,14,8,24,581,63,96,12,752,0,0,0,752
08/18/2023,AUS,TX,ASW,CE,Combined TRACON& Tower with Radar,593,74,104,22,793,0,2,25,6,33,593,76,129,28,826,0,0,0,826
08/19/2023,AUS,TX,ASW,CE,Combined TRACON& Tower with Radar,452,41,61,9,563,0,0,17,4,21,452,41,78,13,584,0,0,0,584
08/20/2023,AUS,TX,ASW,CE,Combined TRACON& Tower with Radar,548,61,70,4,683,0,0,21,6,27,548,61,91,10,710,0,0,0,710
08/21/2023,AUS,TX,ASW,CE,Combined TRACON& Tower with Radar,604,53,92,4,753,0,4,15,6,25,604,57,107,10,778,0,0,0,778
08/22/2023,AUS,TX,ASW,CE,Combined TRACON& Tower with Radar,569,45,90,1,705,0,1,11,9,21,569,46,101,10,726,0,0,0,726
08/23/2023,AUS,TX,ASW,CE,Combined TRACON& Tower with Radar,565,55,121,3,744,0,3,18,15,36,565,58,139,18,780,0,0,0,780
08/24/2023,AUS,TX,ASW,CE,Combined TRACON& Tower with Radar,589,65,96,2,752,2,0,23,15,40,591,65,119,17,792,0,0,0,792
08/25/2023,AUS,TX,ASW,CE,Combined TRACON& Tower with Radar,591,56,96,9,752,0,3,31,11,45,591,59,127,20,797,0,0,0,797
08/26/2023,AUS,TX,ASW,CE,Combined TRACON& Tower with Radar,451,43,52,9,555,0,0,19,1,20,451,43,71,10,575,0,0,0,575
08/27/2023,AUS,TX,ASW,CE,Combined TRACON& Tower with Radar,558,42,90,6,696,0,0,19,3,22,558,42,109,9,718,0,0,0,718
08/28/2023,AUS,TX,ASW,CE,Combined TRACON& Tower with Radar,598,56,90,5,749,0,2,17,2,21,598,58,107,7,770,0,0,0,770
08/29/2023,AUS,TX,ASW,CE,Combined TRACON& Tower with Radar,551,59,92,4,706,0,3,27,16,46,551,62,119,20,752,20,0,20,772
08/30/2023,AUS,TX,ASW,CE,Combined TRACON& Tower with Radar,556,64,101,8,729,1,0,31,19,51,557,64,132,27,780,0,0,0,780
08/31/2023,AUS,TX,ASW,CE,Combined TRACON& Tower with Radar,592,87,127,7,813,0,2,27,8,37,592,89,154,15,850,0,0,0,850
01/01/2020,AUS,TX,ASW,CE,Combined TRACON& Tower with Radar,344,26,34,0,404,0,0,9,0,9,344,26,43,0,413,10,0,10,423
01/02/2020,AUS,TX,ASW,CE,Combined TRACON& Tower with Radar,385,42,59,1,487,1,0,20,0,21,386,42,79,1,508,0,0,0,508
01/03/2020,AUS,TX,ASW,CE,Combined TRACON& Tower with Radar,398,42,48,3,491,0,0,49,7,56,398,42,97,10,547,0,0,0,547
01/04/2020,AUS,TX,ASW,CE,Combined TRACON& Tower with Radar,324,48,61,2,435,0,0,60,1,61,324,48,121,3,496,0,0,0,496
01/05/2020,AUS,TX,ASW,CE,Combined TRACON& Tower with Radar,366,31,70,1,468,0,0,75,0,75,366,31,145,1,543,0,0,0,543
01/06/2020,AUS,TX,ASW,CE,Combined TRACON& Tower with Radar,372,44,51,2,469,0,0,43,6,49,372,44,94,8,518,0,0,0,518
01/07/2020,AUS,TX,ASW,CE,Combined TRACON& Tower with Radar,373,48,54,12,487,0,2,32,12,46,373,50,86,24,533,0,0,0,533
01/08/2020,AUS,TX,ASW,CE,Combined TRACON& Tower with Radar,371,42,75,7,495,0,2,37,9,48,371,44,112,16,543,0,0,0,543
01/09/2020,AUS,TX,ASW,CE,Combined TRACON& Tower with Radar,386,47,86,10,529,0,0,7,13,20,386,47,93,23,549,0,0,0,549
01/10/2020,AUS,TX,ASW,CE,Combined TRACON& Tower with Radar,359,49,52,10,470,0,0,0,8,8,359,49,52,18,478,0,0,0,478
01/11/2020,AUS,TX,ASW,CE,Combined TRACON& Tower with Radar,291,37,56,8,392,0,1,53,10,64,291,38,109,18,456,0,0,0,456
01/12/2020,AUS,TX,ASW,CE,Combined TRACON& Tower with Radar,357,39,56,5,457,0,1,68,5,74,357,40,124,10,531,0,0,0,531
01/13/2020,AUS,TX,ASW,CE,Combined TRACON& Tower with Radar,380,21,78,1,480,0,0,0,0,0,380,21,78,1,480,0,0,0,480
01/14/2020,AUS,TX,ASW,CE,Combined TRACON& Tower with Radar,365,43,69,9,486,0,0,3,2,5,365,43,72,11,491,0,0,0,491
01/15/2020,AUS,TX,ASW,CE,Combined TRACON& Tower with Radar,369,55,73,17,514,0,0,24,10,34,369,55,97,27,548,12,0,12,560
01/16/2020,AUS,TX,ASW,CE,Combined TRACON& Tower with Radar,411,54,100,4,569,0,0,0,0,0,411,54,100,4,569,0,0,0,569
01/17/2020,AUS,TX,ASW,CE,Combined TRACON& Tower with Radar,417,42,83,1,543,0,0,3,3,6,417,42,86,4,549,0,0,0,549
01/18/2020,AUS,TX,ASW,CE,Combined TRACON& Tower with Radar,263,24,64,3,354,0,0,31,3,34,263,24,95,6,388,0,0,0,388
01/19/2020,AUS,TX,ASW,CE,Combined TRACON& Tower with Radar,352,16,47,6,421,0,0,45,2,47,352,16,92,8,468,0,0,0,468
01/20/2020,AUS,TX,ASW,CE,Combined TRACON& Tower with Radar,375,44,88,3,510,0,1,63,6,70,375,45,151,9,580,0,0,0,580
01/21/2020,AUS,TX,ASW,CE,Combined TRACON& Tower with Radar,359,40,102,8,509,0,0,55,10,65,359,40,157,18,574,24,0,24,598
01/22/2020,AUS,TX,ASW,CE,Combined TRACON& Tower with Radar,370,51,86,1,508,0,0,0,0,0,370,51,86,1,508,0,0,0,508
01/23/2020,AUS,TX,ASW,CE,Combined TRACON& Tower with Radar,388,49,91,17,545,0,1,53,19,73,388,50,144,36,618,10,0,10,628
01/24/2020,AUS,TX,ASW,CE,Combined TRACON& Tower with Radar,391,44,77,15,527,0,3,69,14,86,391,47,146,29,613,0,0,0,613
01/25/2020,AUS,TX,ASW,CE,Combined TRACON& Tower with Radar,272,31,40,10,353,0,0,56,8,64,272,31,96,18,417,0,0,0,417
01/26/2020,AUS,TX,ASW,CE,Combined TRACON& Tower with Radar,361,28,57,10,456,0,0,65,6,71,361,28,122,16,527,0,0,0,527
01/27/2020,AUS,TX,ASW,CE,Combined TRACON& Tower with Radar,388,42,81,11,522,0,0,27,2,29,388,42,108,13,551,0,0,0,551
01/28/2020,AUS,TX,ASW,CE,Combined TRACON& Tower with Radar,378,58,77,4,517,0,0,13,12,25,378,58,90,16,542,0,0,0,542
01/29/2020,AUS,TX,ASW,CE,Combined TRACON& Tower with Radar,372,53,93,9,527,0,2,60,19,81,372,55,153,28,608,0,0,0,608
01/30/2020,AUS,TX,ASW,CE,Combined TRACON& Tower with Radar,388,60,102,21,571,0,0,6,10,16,388,60,108,31,587,0,0,0,587
01/31/2020,AUS,TX,ASW,CE,Combined TRACON& Tower with Radar,394,50,62,13,519,0,1,56,14,71,394,51,118,27,590,0,0,0,590
02/01/2020,AUS,TX,ASW,CE,Combined TRACON& Tower with Radar,279,25,41,8,353,0,1,67,0,68,279,26,108,8,421,0,0,0,421
02/02/2020,AUS,TX,ASW,CE,Combined TRACON& Tower with Radar,359,31,49,3,442,0,0,58,2,60,359,31,107,5,502,0,0,0,502
02/03/2020,AUS,TX,ASW,CE,Combined TRACON& Tower with Radar,374,54,85,11,524,0,0,21,9,30,374,54,106,20,554,0,12,12,566
02/04/2020,AUS,TX,ASW,CE,Combined TRACON& Tower with Radar,360,48,80,10,498,1,0,28,9,38,361,48,108,19,536,14,0,14,550
02/05/2020,AUS,TX,ASW,CE,Combined TRACON& Tower with Radar,371,36,76,4,487,0,0,5,6,11,371,36,81,10,498,0,0,0,498
02/06/2020,AUS,TX,ASW,CE,Combined TRACON& Tower with Radar,386,56,80,8,530,0,0,80,13,93,386,56,160,21,623,0,0,0,623
02/07/2020,AUS,TX,ASW,CE,Combined TRACON& Tower with Radar,382,55,76,14,527,0,2,70,10,82,382,57,146,24,609,0,0,0,609
02/08/2020,AUS,TX,ASW,CE,Combined TRACON& Tower with Radar,280,22,45,10,357,0,0,47,17,64,280,22,92,27,421,6,12,18,439
02/09/2020,AUS,TX,ASW,CE,Combined TRACON& Tower with Radar,357,38,47,2,444,0,0,0,1,1,357,38,47,3,445,0,0,0,445
02/10/2020,AUS,TX,ASW,CE,Combined TRACON& Tower with Radar,395,36,65,4,500,0,0,0,0,0,395,36,65,4,500,0,0,0,500
02/11/2020,AUS,TX,ASW,CE,Combined TRACON& Tower with Radar,362,34,85,0,481,0,0,0,0,0,362,34,85,0,481,0,0,0,481
02/12/2020,AUS,TX,ASW,CE,Combined TRACON& Tower with Radar,362,50,115,4,531,0,0,19,14,33,362,50,134,18,564,0,2,2,566
02/13/2020,AUS,TX,ASW,CE,Combined TRACON& Tower with Radar,394,48,106,5,553,0,0,86,19,105,394,48,192,24,658,0,0,0,658
02/14/2020,AUS,TX,ASW,CE,Combined TRACON& Tower with Radar,403,42,84,5,534,0,0,71,7,78,403,42,155,12,612,0,0,0,612
02/15/2020,AUS,TX,ASW,CE,Combined TRACON& Tower with Radar,299,29,44,6,378,0,0,45,4,49,299,29,89,10,427,0,0,0,427
02/16/2020,AUS,TX,ASW,CE,Combined TRACON& Tower with Radar,352,20,57,3,432,0,0,45,2,47,352,20,102,5,479,0,0,0,479
02/17/2020,AUS,TX,ASW,CE,Combined TRACON& Tower with Radar,386,48,93,0,527,0,1,31,1,33,386,49,124,1,560,0,0,0,560
02/18/2020,AUS,TX,ASW,CE,Combined TRACON& Tower with Radar,384,50,79,1,514,0,0,0,0,0,384,50,79,1,514,0,0,0,514
02/19/2020,AUS,TX,ASW,CE,Combined TRACON& Tower with Radar,382,47,75,14,518,0,0,0,0,0,382,47,75,14,518,0,0,0,518
02/20/2020,AUS,TX,ASW,CE,Combined TRACON& Tower with Radar,390,44,75,4,513,1,0,2,3,6,391,44,77,7,519,0,0,0,519
02/21/2020,AUS,TX,ASW,CE,Combined TRACON& Tower with Radar,403,47,70,9,529,0,0,75,19,94,403,47,145,28,623,0,0,0,623
02/22/2020,AUS,TX,ASW,CE,Combined TRACON& Tower with Radar,301,27,45,13,386,0,0,66,1,67,301,27,111,14,453,0,0,0,453
02/23/2020,AUS,TX,ASW,CE,Combined TRACON& Tower with Radar,366,42,60,3,471,0,0,10,2,12,366,42,70,5,483,0,0,0,483
02/24/2020,AUS,TX,ASW,CE,Combined TRACON& Tower with Radar,395,39,62,11,507,0,2,43,6,51,395,41,105,17,558,8,0,8,566
02/25/2020,AUS,TX,ASW,CE,Combined TRACON& Tower with Radar,378,45,95,7,525,0,3,75,11,89,378,48,170,18,614,0,0,0,614
02/26/2020,AUS,TX,ASW,CE,Combined TRACON& Tower with Radar,385,43,95,22,545,0,0,45,12,57,385,43,140,34,602,0,0,0,602
02/27/2020,AUS,TX,ASW,CE,Combined TRACON& Tower with Radar,399,58,92,11,560,0,3,66,12,81,399,61,158,23,641,0,0,0,641
02/28/2020,AUS,TX,ASW,CE,Combined TRACON& Tower with Radar,403,50,96,11,560,0,1,63,13,77,403,51,159,24,637,0,0,0,637
02/29/2020,AUS,TX,ASW,CE,Combined TRACON& Tower with Radar,304,25,42,4,375,0,2,52,3,57,304,27,94,7,432,0,0,0,432
03/01/2020,AUS,TX,ASW,CE,Combined TRACON& Tower with Radar,375,37,80,5,497,0,0,22,1,23,375,37,102,6,520,0,0,0,520
03/02/2020,AUS,TX,ASW,CE,Combined TRACON& Tower with Radar,395,35,72,1,503,0,0,15,5,20,395,35,87,6,523,0,0,0,523
03/03/2020,AUS,TX,ASW,CE,Combined TRACON& Tower with Radar,382,45,94,7,528,0,0,17,7,24,382,45,111,14,552,0,0,0,552
03/04/2020,AUS,TX,ASW,CE,Combined TRACON& Tower with Radar,379,53,70,1,503,0,2,2,10,14,379,55,72,11,517,4,0,4,521
03/05/2020,AUS,TX,ASW,CE,Combined TRACON& Tower with Radar,408,66,106,4,584,0,6,78,9,93,408,72,184,13,677,0,0,0,677
03/06/2020,AUS,TX,ASW,CE,Combined TRACON& Tower with Radar,407,66,86,7,566,0,0,78,18,96,407,66,164,25,662,0,0,0,662
03/07/2020,AUS,TX,ASW,CE,Combined TRACON& Tower with Radar,328,41,46,9,424,0,0,66,6,72,328,41,112,15,496,0,0,0,496
03/08/2020,AUS,TX,ASW,CE,Combined TRACON& Tower with Radar,390,48,66,6,510,0,0,17,2,19,390,48,83,8,529,0,0,0,529
03/09/2020,AUS,TX,ASW,CE,Combined TRACON& Tower with Radar,407,41,60,11,519,0,0,6,0,6,407,41,66,11,525,0,32,32,557
03/10/2020,AUS,TX,ASW,CE,Combined TRACON& Tower with Radar,395,36,76,6,513,0,0,30,9,39,395,36,106,15,552,0,0,0,552
03/11/2020,AUS,TX,ASW,CE,Combined TRACON& Tower with Radar,410,53,80,8,551,0,2,55,12,69,410,55,135,20,620,0,0,0,620
03/12/2020,AUS,TX,ASW,CE,Combined TRACON& Tower with Radar,419,42,102,10,573,0,0,63,28,91,419,42,165,38,664,0,0,0,664
03/13/2020,AUS,TX,ASW,CE,Combined TRACON& Tower with Radar,425,57,80,11,573,0,0,34,4,38,425,57,114,15,611,0,0,0,611
03/14/2020,AUS,TX,ASW,CE,Combined TRACON& Tower with Radar,360,36,57,6,459,0,0,20,2,22,360,36,77,8,481,0,0,0,481
03/15/2020,AUS,TX,ASW,CE,Combined TRACON& Tower with Radar,421,22,51,4,498,0,0,1,0,1,421,22,52,4,499,0,0,0,499
03/16/2020,AUS,TX,ASW,CE,Combined TRACON& Tower with Radar,399,40,53,3,495,0,0,5,1,6,399,40,58,4,501,0,0,0,501
03/17/2020,AUS,TX,ASW,CE,Combined TRACON& Tower with Radar,367,36,38,11,452,0,0,10,5,15,367,36,48,16,467,0,0,0,467
03/18/2020,AUS,TX,ASW,CE,Combined TRACON& Tower with Radar,382,29,51,8,470,0,2,20,7,29,382,31,71,15,499,0,0,0,499
03/19/2020,AUS,TX,ASW,CE,Combined TRACON& Tower with Radar,386,23,36,7,452,0,0,13,11,24,386,23,49,18,476,0,0,0,476
03/20/2020,AUS,TX,ASW,CE,Combined TRACON& Tower with Radar,343,23,38,0,404,0,0,1,0,1,343,23,39,0,405,0,0,0,405
03/21/2020,AUS,TX,ASW,CE,Combined TRACON& Tower with Radar,272,18,23,2,315,0,1,0,2,3,272,19,23,4,318,0,0,0,318
03/22/2020,AUS,TX,ASW,CE,Combined TRACON& Tower with Radar,324,22,20,1,367,1,0,0,0,1,325,22,20,1,368,0,0,0,368
03/23/2020,AUS,TX,ASW,CE,Combined TRACON& Tower with Radar,255,15,23,0,293,0,1,10,3,14,255,16,33,3,307,0,0,0,307
03/24/2020,AUS,TX,ASW,CE,Combined TRACON& Tower with Radar,271,26,21,17,335,0,0,19,6,25,271,26,40,23,360,0,0,0,360
03/25/2020,AUS,TX,ASW,CE,Combined TRACON& Tower with Radar,248,18,21,6,293,0,0,16,8,24,248,18,37,14,317,0,0,0,317
03/26/2020,AUS,TX,ASW,CE,Combined TRACON& Tower with Radar,232,24,21,9,286,0,2,7,13,22,232,26,28,22,308,0,0,0,308
03/27/2020,AUS,TX,ASW,CE,Combined TRACON& Tower with Radar,189,17,28,4,238,0,0,11,11,22,189,17,39,15,260,0,0,0,260
03/28/2020,AUS,TX,ASW,CE,Combined TRACON& Tower with Radar,184,11,13,0,208,0,2,11,2,15,184,13,24,2,223,0,0,0,223
03/29/2020,AUS,TX,ASW,CE,Combined TRACON& Tower with Radar,222,10,13,0,245,0,0,19,0,19,222,10,32,0,264,0,0,0,264
03/30/2020,AUS,TX,ASW,CE,Combined TRACON& Tower with Radar,177,14,8,5,204,0,0,0,0,0,177,14,8,5,204,0,0,0,204
03/31/2020,AUS,TX,ASW,CE,Combined TRACON& Tower with Radar,176,26,19,4,225,0,1,17,5,23,176,27,36,9,248,0,0,0,248
04/01/2020,AUS,TX,ASW,CE,Combined TRACON& Tower with Radar,175,17,19,4,215,0,2,28,10,40,175,19,47,14,255,0,0,0,255
04/02/2020,AUS,TX,ASW,CE,Combined TRACON& Tower with Radar,171,14,21,13,219,0,0,1,4,5,171,14,22,17,224,0,0,0,224
04/03/2020,AUS,TX,ASW,CE,Combined TRACON& Tower with Radar,175,16,16,0,207,0,0,0,0,0,175,16,16,0,207,0,0,0,207
04/04/2020,AUS,TX,ASW,CE,Combined TRACON& Tower with Radar,132,6,7,0,145,0,0,0,0,0,132,6,7,0,145,0,0,0,145
04/05/2020,AUS,TX,ASW,CE,Combined TRACON& Tower with Radar,148,6,21,0,175,0,0,0,0,0,148,6,21,0,175,0,0,0,175
04/06/2020,AUS,TX,ASW,CE,Combined TRACON& Tower with Radar,144,9,11,1,165,0,1,9,4,14,144,10,20,5,179,0,0,0,179
04/07/2020,AUS,TX,ASW,CE,Combined TRACON& Tower with Radar,122,15,13,6,156,0,2,9,9,20,122,17,22,15,176,0,0,0,176
04/08/2020,AUS,TX,ASW,CE,Combined TRACON& Tower with Radar,126,18,19,7,170,0,0,11,10,21,126,18,30,17,191,0,0,0,191
04/09/2020,AUS,TX,ASW,CE,Combined TRACON& Tower with Radar,134,18,10,8,170,0,0,0,8,8,134,18,10,16,178,0,0,0,178
04/10/2020,AUS,TX,ASW,CE,Combined TRACON& Tower with Radar,130,10,18,0,158,0,0,13,3,16,130,10,31,3,174,0,0,0,174
04/11/2020,AUS,TX,ASW,CE,Combined TRACON& Tower with Radar,98,10,8,0,116,0,0,1,2,3,98,10,9,2,119,0,0,0,119
04/12/2020,AUS,TX,ASW,CE,Combined TRACON& Tower with Radar,106,2,3,0,111,0,1,4,0,5,106,3,7,0,116,0,0,0,116
04/13/2020,AUS,TX,ASW,CE,Combined TRACON& Tower with Radar,116,18,15,2,151,0,0,18,4,22,116,18,33,6,173,0,0,0,173
04/14/2020,AUS,TX,ASW,CE,Combined TRACON& Tower with Radar,128,16,23,11,178,0,0,19,14,33,128,16,42,25,211,0,0,0,211
04/15/2020,AUS,TX,ASW,CE,Combined TRACON& Tower with Radar,126,16,19,12,173,0,0,25,6,31,126,16,44,18,204,0,0,0,204
04/16/2020,AUS,TX,ASW,CE,Combined TRACON& Tower with Radar,116,20,28,7,171,0,5,34,16,55,116,25,62,23,226,0,0,0,226
04/17/2020,AUS,TX,ASW,CE,Combined TRACON& Tower with Radar,117,21,29,6,173,0,0,3,8,11,117,21,32,14,184,0,0,0,184
04/18/2020,AUS,TX,ASW,CE,Combined TRACON& Tower with Radar,65,11,17,0,93,0,0,0,0,0,65,11,17,0,93,0,0,0,93
04/19/2020,AUS,TX,ASW,CE,Combined TRACON& Tower with Radar,98,8,13,0,119,0,0,7,0,7,98,8,20,0,126,0,0,0,126
04/20/2020,AUS,TX,ASW,CE,Combined TRACON& Tower with Radar,112,8,13,1,134,0,0,20,6,26,112,8,33,7,160,0,0,0,160
04/21/2020,AUS,TX,ASW,CE,Combined TRACON& Tower with Radar,105,17,23,6,151,0,0,9,14,23,105,17,32,20,174,0,0,0,174
04/22/2020,AUS,TX,ASW,CE,Combined TRACON& Tower with Radar,110,17,14,0,141,0,0,5,4,9,110,17,19,4,150,0,0,0,150
04/23/2020,AUS,TX,ASW,CE,Combined TRACON& Tower with Radar,126,14,32,5,177,0,1,34,14,49,126,15,66,19,226,0,0,0,226
04/24/2020,AUS,TX,ASW,CE,Combined TRACON& Tower with Radar,118,22,27,3,170,0,2,38,3,43,118,24,65,6,213,0,0,0,213
04/25/2020,AUS,TX,ASW,CE,Combined TRACON& Tower with Radar,64,15,26,0,105,0,0,24,4,28,64,15,50,4,133,0,0,0,133
04/26/2020,AUS,TX,ASW,CE,Combined TRACON& Tower with Radar,85,7,15,1,108,0,0,29,0,29,85,7,44,1,137,0,0,0,137
04/27/2020,AUS,TX,ASW,CE,Combined TRACON& Tower with Radar,96,11,22,4,133,0,0,21,7,28,96,11,43,11,161,0,0,0,161
04/28/2020,AUS,TX,ASW,CE,Combined TRACON& Tower with Radar,97,13,33,15,158,0,0,17,8,25,97,13,50,23,183,0,0,0,183
04/29/2020,AUS,TX,ASW,CE,Combined TRACON& Tower with Radar,111,15,31,18,175,0,0,31,20,51,111,15,62,38,226,0,0,0,226
04/30/2020,AUS,TX,ASW,CE,Combined TRACON& Tower with Radar,111,15,26,15,167,0,0,54,9,63,111,15,80,24,230,0,0,0,230
05/01/2020,AUS,TX,ASW,CE,Combined TRACON& Tower with Radar,127,25,30,3,185,0,0,40,10,50,127,25,70,13,235,16,0,16,251
05/02/2020,AUS,TX,ASW,CE,Combined TRACON& Tower with Radar,74,21,18,0,113,0,0,16,0,16,74,21,34,0,129,0,0,0,129
05/03/2020,AUS,TX,ASW,CE,Combined TRACON& Tower with Radar,104,12,24,0,140,0,2,24,0,26,104,14,48,0,166,0,0,0,166
05/04/2020,AUS,TX,ASW,CE,Combined TRACON& Tower with Radar,100,14,30,9,153,0,0,25,5,30,100,14,55,14,183,0,0,0,183
05/05/2020,AUS,TX,ASW,CE,Combined TRACON& Tower with Radar,95,25,29,8,157,0,0,12,9,21,95,25,41,17,178,0,0,0,178
05/06/2020,AUS,TX,ASW,CE,Combined TRACON& Tower with Radar,99,24,35,7,165,0,0,30,8,38,99,24,65,15,203,0,0,0,203
05/07/2020,AUS,TX,ASW,CE,Combined TRACON& Tower with Radar,92,34,46,5,177,0,0,21,11,32,92,34,67,16,209,0,0,0,209
05/08/2020,AUS,TX,ASW,CE,Combined TRACON& Tower with Radar,110,27,52,6,195,0,0,17,6,23,110,27,69,12,218,0,0,0,218
05/09/2020,AUS,TX,ASW,CE,Combined TRACON& Tower with Radar,83,33,39,0,155,0,1,62,3,66,83,34,101,3,221,0,0,0,221
05/10/2020,AUS,TX,ASW,CE,Combined TRACON& Tower with Radar,82,17,34,0,133,0,0,55,2,57,82,17,89,2,190,24,0,24,214
05/11/2020,AUS,TX,ASW,CE,Combined TRACON& Tower with Radar,88,21,49,3,161,0,0,69,3,72,88,21,118,6,233,0,0,0,233
05/12/2020,AUS,TX,ASW,CE,Combined TRACON& Tower with Radar,90,23,26,2,141,0,0,0,0,0,90,23,26,2,141,0,0,0,141
05/13/2020,AUS,TX,ASW,CE,Combined TRACON& Tower with Radar,92,26,57,13,188,0,0,36,15,51,92,26,93,28,239,0,0,0,239
05/14/2020,AUS,TX,ASW,CE,Combined TRACON& Tower with Radar,104,35,42,5,186,0,4,43,11,58,104,39,85,16,244,0,0,0,244
05/15/2020,AUS,TX,ASW,CE,Combined TRACON& Tower with Radar,106,22,54,5,187,0,0,15,3,18,106,22,69,8,205,0,0,0,205
05/16/2020,AUS,TX,ASW,CE,Combined TRACON& Tower with Radar,83,17,27,2,129,0,2,18,1,21,83,19,45,3,150,0,0,0,150
05/17/2020,AUS,TX,ASW,CE,Combined TRACON& Tower with Radar,91,9,38,2,140,0,0,59,1,60,91,9,97,3,200,0,0,0,200
05/18/2020,AUS,TX,ASW,CE,Combined TRACON& Tower with Radar,96,15,35,11,157,0,0,66,3,69,96,15,101,14,226,0,0,0,226
05/19/2020,AUS,TX,ASW,CE,Combined TRACON& Tower with Radar,85,27,46,11,169,0,0,63,13,76,85,27,109,24,245,0,0,0,245
05/20/2020,AUS,TX,ASW,CE,Combined TRACON& Tower with Radar,91,25,76,10,202,0,0,60,10,70,91,25,136,20,272,34,0,34,306
05/21/2020,AUS,TX,ASW,CE,Combined TRACON& Tower with Radar,111,34,92,6,243,0,1,62,10,73,111,35,154,16,316,52,0,52,368
05/22/2020,AUS,TX,ASW,CE,Combined TRACON& Tower with Radar,112,46,60,0,218,0,0,44,2,46,112,46,104,2,264,0,0,0,264
05/23/2020,AUS,TX,ASW,CE,Combined TRACON& Tower with Radar,82,21,37,0,140,0,0,43,4,47,82,21,80,4,187,0,0,0,187
05/24/2020,AUS,TX,ASW,CE,Combined TRACON& Tower with Radar,103,16,25,0,144,0,0,6,0,6,103,16,31,0,150,0,0,0,150
05/25/2020,AUS,TX,ASW,CE,Combined TRACON& Tower with Radar,106,28,38,0,172,0,0,6,0,6,106,28,44,0,178,0,0,0,178
05/26/2020,AUS,TX,ASW,CE,Combined TRACON& Tower with Radar,86,29,50,8,173,0,0,65,6,71,86,29,115,14,244,0,0,0,244
05/27/2020,AUS,TX,ASW,CE,Combined TRACON& Tower with Radar,95,31,59,10,195,0,0,48,17,65,95,31,107,27,260,0,0,0,260
05/28/2020,AUS,TX,ASW,CE,Combined TRACON& Tower with Radar,110,35,63,3,211,0,0,46,10,56,110,35,109,13,267,0,0,0,267
05/29/2020,AUS,TX,ASW,CE,Combined TRACON& Tower with Radar,114,35,69,5,223,0,3,83,10,96,114,38,152,15,319,0,0,0,319
05/30/2020,AUS,TX,ASW,CE,Combined TRACON& Tower with Radar,81,20,42,0,143,0,3,71,3,77,81,23,113,3,220,0,0,0,220
05/31/2020,AUS,TX,ASW,CE,Combined TRACON& Tower with Radar,103,19,60,4,186,0,0,12,1,13,103,19,72,5,199,0,0,0,199
06/01/2020,AUS,TX,ASW,CE,Combined TRACON& Tower with Radar,115,30,35,11,191,0,0,11,9,20,115,30,46,20,211,8,0,8,219
06/02/2020,AUS,TX,ASW,CE,Combined TRACON& Tower with Radar,94,30,78,4,206,0,0,26,10,36,94,30,104,14,242,0,0,0,242
06/03/2020,AUS,TX,ASW,CE,Combined TRACON& Tower with Radar,97,40,46,7,190,0,0,55,12,67,97,40,101,19,257,0,0,0,257
06/04/2020,AUS,TX,ASW,CE,Combined TRACON& Tower with Radar,122,41,65,9,237,0,2,62,11,75,122,43,127,20,312,0,0,0,312
06/05/2020,AUS,TX,ASW,CE,Combined TRACON& Tower with Radar,124,35,61,3,223,0,0,69,11,80,124,35,130,14,303,0,0,0,303
06/06/2020,AUS,TX,ASW,CE,Combined TRACON& Tower with Radar,99,31,35,1,166,0,0,53,5,58,99,31,88,6,224,24,0,24,248
06/07/2020,AUS,TX,ASW,CE,Combined TRACON& Tower with Radar,130,26,41,2,199,0,0,49,0,49,130,26,90,2,248,0,0,0,248
06/08/2020,AUS,TX,ASW,CE,Combined TRACON& Tower with Radar,144,21,58,9,232,0,0,43,9,52,144,21,101,18,284,0,0,0,284
06/09/2020,AUS,TX,ASW,CE,Combined TRACON& Tower with Radar,124,33,41,1,199,0,0,51,5,56,124,33,92,6,255,0,0,0,255
06/10/2020,AUS,TX,ASW,CE,Combined TRACON& Tower with Radar,123,39,61,6,229,0,1,71,10,82,123,40,132,16,311,0,0,0,311
06/11/2020,AUS,TX,ASW,CE,Combined TRACON& Tower with Radar,146,43,75,4,268,0,1,84,10,95,146,44,159,14,363,22,0,22,385
06/12/2020,AUS,TX,ASW,CE,Combined TRACON& Tower with Radar,153,30,45,9,237,0,0,69,13,82,153,30,114,22,319,0,0,0,319
06/13/2020,AUS,TX,ASW,CE,Combined TRACON& Tower with Radar,118,20,30,3,171,0,3,67,4,74,118,23,97,7,245,0,0,0,245
06/14/2020,AUS,TX,ASW,CE,Combined TRACON& Tower with Radar,145,30,56,0,231,0,0,46,0,46,145,30,102,0,277,0,0,0,277
06/15/2020,AUS,TX,ASW,CE,Combined TRACON& Tower with Radar,152,35,59,4,250,0,1,38,6,45,152,36,97,10,295,0,0,0,295
06/16/2020,AUS,TX,ASW,CE,Combined TRACON& Tower with Radar,128,38,55,10,231,0,1,61,8,70,128,39,116,18,301,0,0,0,301
06/17/2020,AUS,TX,ASW,CE,Combined TRACON& Tower with Radar,121,41,67,3,232,0,1,58,13,72,121,42,125,16,304,0,0,0,304
06/18/2020,AUS,TX,ASW,CE,Combined TRACON& Tower with Radar,149,50,92,2,293,0,0,56,13,69,149,50,148,15,362,0,0,0,362
06/19/2020,AUS,TX,ASW,CE,Combined TRACON& Tower with Radar,166,49,60,3,278,0,0,28,12,40,166,49,88,15,318,0,0,0,318
06/20/2020,AUS,TX,ASW,CE,Combined TRACON& Tower with Radar,125,29,49,0,203,0,2,27,9,38,125,31,76,9,241,0,0,0,241
06/21/2020,AUS,TX,ASW,CE,Combined TRACON& Tower with Radar,144,26,46,4,220,0,0,30,1,31,144,26,76,5,251,0,0,0,251
06/22/2020,AUS,TX,ASW,CE,Combined TRACON& Tower with Radar,172,50,54,3,279,0,0,27,20,47,172,50,81,23,326,0,0,0,326
06/23/2020,AUS,TX,ASW,CE,Combined TRACON& Tower with Radar,126,46,45,2,219,0,0,23,12,35,126,46,68,14,254,0,0,0,254
06/24/2020,AUS,TX,ASW,CE,Combined TRACON& Tower with Radar,120,45,57,2,224,0,0,28,15,43,120,45,85,17,267,0,0,0,267
06/25/2020,AUS,TX,ASW,CE,Combined TRACON& Tower with Radar,161,48,62,6,277,0,0,46,10,56,161,48,108,16,333,0,0,0,333
06/26/2020,AUS,TX,ASW,CE,Combined TRACON& Tower with Radar,161,37,71,0,269,0,0,12,2,14,161,37,83,2,283,0,0,0,283
06/27/2020,AUS,TX,ASW,CE,Combined TRACON& Tower with Radar,125,35,42,6,208,0,0,13,0,13,125,35,55,6,221,0,0,0,221
06/28/2020,AUS,TX,ASW,CE,Combined TRACON& Tower with Radar,153,32,61,0,246,0,0,9,1,10,153,32,70,1,256,0,0,0,256
06/29/2020,AUS,TX,ASW,CE,Combined TRACON& Tower with Radar,169,32,55,9,265,0,0,45,7,52,169,32,100,16,317,0,0,0,317
06/30/2020,AUS,TX,ASW,CE,Combined TRACON& Tower with Radar,138,52,67,3,260,0,0,62,9,71,138,52,129,12,331,0,0,0,331
07/01/2020,AUS,TX,ASW,CE,Combined TRACON& Tower with Radar,155,68,75,12,310,0,1,42,12,55,155,69,117,24,365,0,0,0,365
07/02/2020,AUS,TX,ASW,CE,Combined TRACON& Tower with Radar,218,43,80,2,343,0,1,62,5,68,218,44,142,7,411,0,0,0,411
07/03/2020,AUS,TX,ASW,CE,Combined TRACON& Tower with Radar,208,41,40,0,289,0,3,52,2,57,208,44,92,2,346,0,0,0,346
07/04/2020,AUS,TX,ASW,CE,Combined TRACON& Tower with Radar,133,25,17,0,175,0,0,44,2,46,133,25,61,2,221,0,0,0,221
07/05/2020,AUS,TX,ASW,CE,Combined TRACON& Tower with Radar,223,36,44,0,303,0,0,35,0,35,223,36,79,0,338,0,0,0,338
07/06/2020,AUS,TX,ASW,CE,Combined TRACON& Tower with Radar,209,43,47,3,302,0,0,43,2,45,209,43,90,5,347,0,0,0,347
07/07/2020,AUS,TX,ASW,CE,Combined TRACON& Tower with Radar,181,32,60,4,277,0,0,35,10,45,181,32,95,14,322,0,0,0,322
07/08/2020,AUS,TX,ASW,CE,Combined TRACON& Tower with Radar,184,34,83,4,305,0,0,62,23,85,184,34,145,27,390,0,0,0,390
07/09/2020,AUS,TX,ASW,CE,Combined TRACON& Tower with Radar,224,39,57,1,321,0,0,63,19,82,224,39,120,20,403,0,0,0,403
07/10/2020,AUS,TX,ASW,CE,Combined TRACON& Tower with Radar,231,32,44,1,308,0,0,45,10,55,231,32,89,11,363,0,0,0,363
07/11/2020,AUS,TX,ASW,CE,Combined TRACON& Tower with Radar,193,24,35,0,252,0,1,46,10,57,193,25,81,10,309,0,0,0,309
07/12/2020,AUS,TX,ASW,CE,Combined TRACON& Tower with Radar,211,39,37,2,289,0,0,42,6,48,211,39,79,8,337,0,0,0,337
07/13/2020,AUS,TX,ASW,CE,Combined TRACON& Tower with Radar,231,28,60,2,321,0,0,55,15,70,231,28,115,17,391,0,0,0,391
07/14/2020,AUS,TX,ASW,CE,Combined TRACON& Tower with Radar,185,35,41,16,277,0,3,47,6,56,185,38,88,22,333,0,0,0,333
07/15/2020,AUS,TX,ASW,CE,Combined TRACON& Tower with Radar,188,41,57,8,294,0,1,46,13,60,188,42,103,21,354,0,0,0,354
07/16/2020,AUS,TX,ASW,CE,Combined TRACON& Tower with Radar,229,32,73,5,339,0,0,62,10,72,229,32,135,15,411,0,0,0,411
07/17/2020,AUS,TX,ASW,CE,Combined TRACON& Tower with Radar,245,34,66,10,355,0,1,59,13,73,245,35,125,23,428,0,0,0,428
07/18/2020,AUS,TX,ASW,CE,Combined TRACON& Tower with Radar,198,46,35,8,287,0,1,42,12,55,198,47,77,20,342,0,0,0,342
07/19/2020,AUS,TX,ASW,CE,Combined TRACON& Tower with Radar,220,38,54,5,317,0,0,35,6,41,220,38,89,11,358,0,0,0,358
07/20/2020,AUS,TX,ASW,CE,Combined TRACON& Tower with Radar,234,40,32,9,315,0,1,39,4,44,234,41,71,13,359,0,0,0,359
07/21/2020,AUS,TX,ASW,CE,Combined TRACON& Tower with Radar,189,42,48,1,280,0,0,25,5,30,189,42,73,6,310,0,0,0,310
07/22/2020,AUS,TX,ASW,CE,Combined TRACON& Tower with Radar,195,39,45,9,288,0,0,39,10,49,195,39,84,19,337,0,0,0,337
07/23/2020,AUS,TX,ASW,CE,Combined TRACON& Tower with Radar,235,37,62,15,349,0,0,55,9,64,235,37,117,24,413,0,0,0,413
07/24/2020,AUS,TX,ASW,CE,Combined TRACON& Tower with Radar,239,50,48,4,341,0,1,44,6,51,239,51,92,10,392,0,0,0,392
07/25/2020,AUS,TX,ASW,CE,Combined TRACON& Tower with Radar,200,38,51,3,292,0,1,3,0,4,200,39,54,3,296,0,0,0,296
07/26/2020,AUS,TX,ASW,CE,Combined TRACON& Tower with Radar,214,34,52,3,303,0,0,7,2,9,214,34,59,5,312,0,0,0,312
07/27/2020,AUS,TX,ASW,CE,Combined TRACON& Tower with Radar,233,38,35,9,315,0,2,26,1,29,233,40,61,10,344,0,0,0,344
07/28/2020,AUS,TX,ASW,CE,Combined TRACON& Tower with Radar,202,39,62,8,311,0,4,38,15,57,202,43,100,23,368,0,0,0,368
07/29/2020,AUS,TX,ASW,CE,Combined TRACON& Tower with Radar,195,36,69,0,300,0,0,38,13,51,195,36,107,13,351,0,0,0,351
07/30/2020,AUS,TX,ASW,CE,Combined TRACON& Tower with Radar,228,39,62,5,334,0,0,55,11,66,228,39,117,16,400,0,0,0,400
07/31/2020,AUS,TX,ASW,CE,Combined TRACON& Tower with Radar,236,40,79,19,374,0,0,25,14,39,236,40,104,33,413,0,0,0,413
08/01/2020,AUS,TX,ASW,CE,Combined TRACON& Tower with Radar,210,35,49,4,298,0,0,69,6,75,210,35,118,10,373,0,0,0,373
08/02/2020,AUS,TX,ASW,CE,Combined TRACON& Tower with Radar,225,38,44,19,326,0,0,42,4,46,225,38,86,23,372,0,0,0,372
08/03/2020,AUS,TX,ASW,CE,Combined TRACON& Tower with Radar,238,26,51,8,323,0,1,36,9,46,238,27,87,17,369,0,0,0,369
08/04/2020,AUS,TX,ASW,CE,Combined TRACON& Tower with Radar,190,29,49,2,270,0,1,43,13,57,190,30,92,15,327,0,0,0,327
08/05/2020,AUS,TX,ASW,CE,Combined TRACON& Tower with Radar,182,44,40,11,277,0,0,49,8,57,182,44,89,19,334,0,0,0,334
08/06/2020,AUS,TX,ASW,CE,Combined TRACON& Tower with Radar,227,35,75,17,354,0,0,39,13,52,227,35,114,30,406,0,0,0,406
08/07/2020,AUS,TX,ASW,CE,Combined TRACON& Tower with Radar,234,32,71,11,348,0,0,64,15,79,234,32,135,26,427,0,0,0,427
08/08/2020,AUS,TX,ASW,CE,Combined TRACON& Tower with Radar,194,24,35,8,261,0,0,53,7,60,194,24,88,15,321,0,0,0,321
08/09/2020,AUS,TX,ASW,CE,Combined TRACON& Tower with Radar,211,25,76,0,312,0,0,40,2,42,211,25,116,2,354,0,0,0,354
08/10/2020,AUS,TX,ASW,CE,Combined TRACON& Tower with Radar,221,37,62,3,323,0,0,37,2,39,221,37,99,5,362,0,0,0,362
08/11/2020,AUS,TX,ASW,CE,Combined TRACON& Tower with Radar,192,34,78,9,313,0,0,39,16,55,192,34,117,25,368,0,0,0,368
08/12/2020,AUS,TX,ASW,CE,Combined TRACON& Tower with Radar,195,45,64,16,320,0,1,44,18,63,195,46,108,34,383,0,0,0,383
08/13/2020,AUS,TX,ASW,CE,Combined TRACON& Tower with Radar,224,57,73,11,365,0,0,48,20,68,224,57,121,31,433,0,0,0,433
08/14/2020,AUS,TX,ASW,CE,Combined TRACON& Tower with Radar,234,50,62,18,364,0,2,41,25,68,234,52,103,43,432,0,0,0,432
08/15/2020,AUS,TX,ASW,CE,Combined TRACON& Tower with Radar,192,54,36,6,288,0,1,48,12,61,192,55,84,18,349,0,0,0,349
08/16/2020,AUS,TX,ASW,CE,Combined TRACON& Tower with Radar,243,66,44,10,363,0,0,46,11,57,243,66,90,21,420,0,0,0,420
08/17/2020,AUS,TX,ASW,CE,Combined TRACON& Tower with Radar,228,45,54,4,331,0,0,45,6,51,228,45,99,10,382,0,0,0,382
08/18/2020,AUS,TX,ASW,CE,Combined TRACON& Tower with Radar,191,31,56,4,282,0,2,43,14,59,191,33,99,18,341,0,0,0,341
08/19/2020,AUS,TX,ASW,CE,Combined TRACON& Tower with Radar,188,42,41,2,273,0,0,44,14,58,188,42,85,16,331,0,0,0,331
08/20/2020,AUS,TX,ASW,CE,Combined TRACON& Tower with Radar,223,47,53,9,332,0,1,53,15,69,223,48,106,24,401,0,0,0,401
08/21/2020,AUS,TX,ASW,CE,Combined TRACON& Tower with Radar,223,49,41,5,318,0,1,57,7,65,223,50,98,12,383,0,0,0,383
08/22/2020,AUS,TX,ASW,CE,Combined TRACON& Tower with Radar,190,31,55,5,281,0,1,37,6,44,190,32,92,11,325,0,0,0,325
08/23/2020,AUS,TX,ASW,CE,Combined TRACON& Tower with Radar,217,32,52,5,306,0,0,58,5,63,217,32,110,10,369,0,0,0,369
08/24/2020,AUS,TX,ASW,CE,Combined TRACON& Tower with Radar,215,46,56,5,322,0,1,52,10,63,215,47,108,15,385,0,0,0,385
08/25/2020,AUS,TX,ASW,CE,Combined TRACON& Tower with Radar,195,36,62,10,303,0,0,55,13,68,195,36,117,23,371,0,0,0,371
08/26/2020,AUS,TX,ASW,CE,Combined TRACON& Tower with Radar,196,45,86,1,328,0,2,31,5,38,196,47,117,6,366,0,0,0,366
08/27/2020,AUS,TX,ASW,CE,Combined TRACON& Tower with Radar,221,44,80,3,348,0,0,53,5,58,221,44,133,8,406,0,0,0,406
08/28/2020,AUS,TX,ASW,CE,Combined TRACON& Tower with Radar,223,31,69,16,339,0,3,65,5,73,223,34,134,21,412,0,0,0,412
08/29/2020,AUS,TX,ASW,CE,Combined TRACON& Tower with Radar,191,23,44,3,261,0,0,58,4,62,191,23,102,7,323,0,0,0,323
08/30/2020,AUS,TX,ASW,CE,Combined TRACON& Tower with Radar,225,33,56,2,316,0,5,42,3,50,225,38,98,5,366,0,0,0,366
08/31/2020,AUS,TX,ASW,CE,Combined TRACON& Tower with Radar,212,43,43,7,305,0,0,33,7,40,212,43,76,14,345,0,0,0,345
09/01/2020,AUS,TX,ASW,CE,Combined TRACON& Tower with Radar,222,48,70,6,346,0,0,33,11,44,222,48,103,17,390,0,0,0,390
09/02/2020,AUS,TX,ASW,CE,Combined TRACON& Tower with Radar,188,43,54,6,291,0,0,5,6,11,188,43,59,12,302,0,0,0,302
09/03/2020,AUS,TX,ASW,CE,Combined TRACON& Tower with Radar,224,49,53,4,330,0,0,12,9,21,224,49,65,13,351,0,0,0,351
09/04/2020,AUS,TX,ASW,CE,Combined TRACON& Tower with Radar,227,38,60,1,326,0,0,10,2,12,227,38,70,3,338,0,0,0,338
09/05/2020,AUS,TX,ASW,CE,Combined TRACON& Tower with Radar,168,30,39,2,239,0,0,34,2,36,168,30,73,4,275,0,0,0,275
09/06/2020,AUS,TX,ASW,CE,Combined TRACON& Tower with Radar,169,14,39,1,223,0,1,37,4,42,169,15,76,5,265,0,0,0,265
09/07/2020,AUS,TX,ASW,CE,Combined TRACON& Tower with Radar,195,35,67,0,297,0,4,71,4,79,195,39,138,4,376,0,0,0,376
09/08/2020,AUS,TX,ASW,CE,Combined TRACON& Tower with Radar,164,28,93,1,286,0,0,10,7,17,164,28,103,8,303,0,0,0,303
09/09/2020,AUS,TX,ASW,CE,Combined TRACON& Tower with Radar,163,50,49,0,262,0,1,1,0,2,163,51,50,0,264,0,0,0,264
09/10/2020,AUS,TX,ASW,CE,Combined TRACON& Tower with Radar,197,60,71,6,334,0,0,2,19,21,197,60,73,25,355,0,0,0,355
09/11/2020,AUS,TX,ASW,CE,Combined TRACON& Tower with Radar,181,43,68,20,312,0,3,24,8,35,181,46,92,28,347,0,0,0,347
09/12/2020,AUS,TX,ASW,CE,Combined TRACON& Tower with Radar,160,35,50,10,255,0,2,52,11,65,160,37,102,21,320,0,0,0,320
09/13/2020,AUS,TX,ASW,CE,Combined TRACON& Tower with Radar,181,36,56,4,277,0,2,45,0,47,181,38,101,4,324,0,0,0,324
09/14/2020,AUS,TX,ASW,CE,Combined TRACON& Tower with Radar,174,50,39,11,274,0,1,40,10,51,174,51,79,21,325,0,0,0,325
09/15/2020,AUS,TX,ASW,CE,Combined TRACON& Tower with Radar,149,47,77,8,281,0,2,36,17,55,149,49,113,25,336,0,2,2,338
09/16/2020,AUS,TX,ASW,CE,Combined TRACON& Tower with Radar,154,54,60,9,277,0,0,45,24,69,154,54,105,33,346,0,0,0,346
09/17/2020,AUS,TX,ASW,CE,Combined TRACON& Tower with Radar,186,48,62,8,304,0,0,33,7,40,186,48,95,15,344,0,0,0,344
09/18/2020,AUS,TX,ASW,CE,Combined TRACON& Tower with Radar,186,46,84,8,324,0,0,54,4,58,186,46,138,12,382,0,0,0,382
09/19/2020,AUS,TX,ASW,CE,Combined TRACON& Tower with Radar,161,26,51,25,263,0,0,40,5,45,161,26,91,30,308,0,0,0,308
09/20/2020,AUS,TX,ASW,CE,Combined TRACON& Tower with Radar,180,36,68,11,295,0,0,28,0,28,180,36,96,11,323,0,0,0,323
09/21/2020,AUS,TX,ASW,CE,Combined TRACON& Tower with Radar,174,36,55,3,268,0,0,0,0,0,174,36,55,3,268,0,0,0,268
09/22/2020,AUS,TX,ASW,CE,Combined TRACON& Tower with Radar,150,37,35,3,225,0,0,1,2,3,150,37,36,5,228,0,0,0,228
09/23/2020,AUS,TX,ASW,CE,Combined TRACON& Tower with Radar,160,41,61,4,266,0,0,17,12,29,160,41,78,16,295,0,0,0,295
09/24/2020,AUS,TX,ASW,CE,Combined TRACON& Tower with Radar,184,61,87,13,345,0,3,43,15,61,184,64,130,28,406,0,0,0,406
09/25/2020,AUS,TX,ASW,CE,Combined TRACON& Tower with Radar,190,39,63,15,307,0,0,66,8,74,190,39,129,23,381,0,0,0,381
09/26/2020,AUS,TX,ASW,CE,Combined TRACON& Tower with Radar,163,33,58,5,259,0,0,44,6,50,163,33,102,11,309,0,0,0,309
09/27/2020,AUS,TX,ASW,CE,Combined TRACON& Tower with Radar,182,34,62,5,283,0,0,29,2,31,182,34,91,7,314,0,0,0,314
09/28/2020,AUS,TX,ASW,CE,Combined TRACON& Tower with Radar,174,39,47,10,270,0,0,10,4,14,174,39,57,14,284,0,0,0,284
09/29/2020,AUS,TX,ASW,CE,Combined TRACON& Tower with Radar,152,35,60,4,251,0,0,59,5,64,152,35,119,9,315,0,0,0,315
09/30/2020,AUS,TX,ASW,CE,Combined TRACON& Tower with Radar,156,59,75,8,298,0,0,63,8,71,156,59,138,16,369,0,0,0,369
10/01/2020,AUS,TX,ASW,CE,Combined TRACON& Tower with Radar,190,54,78,7,329,0,1,48,5,54,190,55,126,12,383,0,0,0,383
10/02/2020,AUS,TX,ASW,CE,Combined TRACON& Tower with Radar,199,45,52,13,309,0,0,48,10,58,199,45,100,23,367,0,0,0,367
10/03/2020,AUS,TX,ASW,CE,Combined TRACON& Tower with Radar,162,37,45,17,261,0,3,48,3,54,162,40,93,20,315,0,0,0,315
10/04/2020,AUS,TX,ASW,CE,Combined TRACON& Tower with Radar,190,48,77,4,319,0,1,49,2,52,190,49,126,6,371,0,0,0,371
10/05/2020,AUS,TX,ASW,CE,Combined TRACON& Tower with Radar,195,39,48,5,287,0,3,47,2,52,195,42,95,7,339,0,0,0,339
10/06/2020,AUS,TX,ASW,CE,Combined TRACON& Tower with Radar,160,36,49,8,253,0,0,41,11,52,160,36,90,19,305,0,0,0,305
10/07/2020,AUS,TX,ASW,CE,Combined TRACON& Tower with Radar,162,41,53,12,268,0,0,58,18,76,162,41,111,30,344,0,0,0,344
10/08/2020,AUS,TX,ASW,CE,Combined TRACON& Tower with Radar,205,43,72,8,328,0,2,61,17,80,205,45,133,25,408,0,0,0,408
10/09/2020,AUS,TX,ASW,CE,Combined TRACON& Tower with Radar,206,38,90,4,338,0,1,33,7,41,206,39,123,11,379,0,0,0,379
10/10/2020,AUS,TX,ASW,CE,Combined TRACON& Tower with Radar,167,40,69,6,282,0,1,57,1,59,167,41,126,7,341,0,0,0,341
10/11/2020,AUS,TX,ASW,CE,Combined TRACON& Tower with Radar,194,48,75,1,318,0,0,26,1,27,194,48,101,2,345,0,0,0,345
10/12/2020,AUS,TX,ASW,CE,Combined TRACON& Tower with Radar,199,35,84,6,324,0,0,22,0,22,199,35,106,6,346,0,0,0,346
10/13/2020,AUS,TX,ASW,CE,Combined TRACON& Tower with Radar,164,42,67,7,280,0,0,56,18,74,164,42,123,25,354,0,0,0,354
10/14/2020,AUS,TX,ASW,CE,Combined TRACON& Tower with Radar,167,47,61,20,295,0,1,38,15,54,167,48,99,35,349,0,0,0,349
10/15/2020,AUS,TX,ASW,CE,Combined TRACON& Tower with Radar,203,59,87,18,367,0,0,23,16,39,203,59,110,34,406,0,0,0,406
10/16/2020,AUS,TX,ASW,CE,Combined TRACON& Tower with Radar,215,63,77,6,361,0,1,51,15,67,215,64,128,21,428,0,0,0,428
10/17/2020,AUS,TX,ASW,CE,Combined TRACON& Tower with Radar,163,40,58,6,267,0,0,6,5,11,163,40,64,11,278,0,0,0,278
10/18/2020,AUS,TX,ASW,CE,Combined TRACON& Tower with Radar,194,37,87,9,327,0,0,19,13,32,194,37,106,22,359,0,0,0,359
10/19/2020,AUS,TX,ASW,CE,Combined TRACON& Tower with Radar,196,33,62,18,309,0,0,28,11,39,196,33,90,29,348,0,0,0,348
10/20/2020,AUS,TX,ASW,CE,Combined TRACON& Tower with Radar,164,48,53,12,277,0,0,23,9,32,164,48,76,21,309,0,0,0,309
10/21/2020,AUS,TX,ASW,CE,Combined TRACON& Tower with Radar,163,43,73,10,289,0,0,37,7,44,163,43,110,17,333,0,0,0,333
10/22/2020,AUS,TX,ASW,CE,Combined TRACON& Tower with Radar,203,55,75,1,334,0,0,34,6,40,203,55,109,7,374,0,0,0,374
10/23/2020,AUS,TX,ASW,CE,Combined TRACON& Tower with Radar,220,51,87,8,366,0,2,8,6,16,220,53,95,14,382,0,0,0,382
10/24/2020,AUS,TX,ASW,CE,Combined TRACON& Tower with Radar,157,33,58,21,269,0,1,40,4,45,157,34,98,25,314,0,0,0,314
10/25/2020,AUS,TX,ASW,CE,Combined TRACON& Tower with Radar,187,44,107,15,353,0,0,26,2,28,187,44,133,17,381,0,0,0,381
10/26/2020,AUS,TX,ASW,CE,Combined TRACON& Tower with Radar,192,44,68,11,315,0,2,2,0,4,192,46,70,11,319,0,0,0,319
10/27/2020,AUS,TX,ASW,CE,Combined TRACON& Tower with Radar,160,40,63,8,271,0,0,0,0,0,160,40,63,8,271,0,0,0,271
10/28/2020,AUS,TX,ASW,CE,Combined TRACON& Tower with Radar,166,52,69,12,299,0,1,33,17,51,166,53,102,29,350,0,0,0,350
10/29/2020,AUS,TX,ASW,CE,Combined TRACON& Tower with Radar,196,60,72,22,350,0,4,24,9,37,196,64,96,31,387,0,0,0,387
10/30/2020,AUS,TX,ASW,CE,Combined TRACON& Tower with Radar,203,49,64,7,323,0,1,78,15,94,203,50,142,22,417,0,0,0,417
10/31/2020,AUS,TX,ASW,CE,Combined TRACON& Tower with Radar,143,33,31,4,211,0,0,50,8,58,143,33,81,12,269,0,0,0,269
11/01/2020,AUS,TX,ASW,CE,Combined TRACON& Tower with Radar,183,31,65,7,286,0,1,56,1,58,183,32,121,8,344,0,0,0,344
11/02/2020,AUS,TX,ASW,CE,Combined TRACON& Tower with Radar,194,25,58,20,297,0,1,40,5,46,194,26,98,25,343,0,0,0,343
11/03/2020,AUS,TX,ASW,CE,Combined TRACON& Tower with Radar,151,22,51,12,236,0,0,42,11,53,151,22,93,23,289,0,6,6,295
11/04/2020,AUS,TX,ASW,CE,Combined TRACON& Tower with Radar,152,42,79,17,290,0,1,52,13,66,152,43,131,30,356,0,0,0,356
11/05/2020,AUS,TX,ASW,CE,Combined TRACON& Tower with Radar,215,39,72,19,345,0,1,38,10,49,215,40,110,29,394,0,0,0,394
11/06/2020,AUS,TX,ASW,CE,Combined TRACON& Tower with Radar,222,36,68,14,340,0,0,36,5,41,222,36,104,19,381,0,0,0,381
11/07/2020,AUS,TX,ASW,CE,Combined TRACON& Tower with Radar,158,19,48,2,227,0,2,40,4,46,158,21,88,6,273,0,0,0,273
11/08/2020,AUS,TX,ASW,CE,Combined TRACON& Tower with Radar,217,44,81,1,343,0,0,19,0,19,217,44,100,1,362,0,0,0,362
11/09/2020,AUS,TX,ASW,CE,Combined TRACON& Tower with Radar,213,41,59,18,331,0,0,31,10,41,213,41,90,28,372,0,0,0,372
11/10/2020,AUS,TX,ASW,CE,Combined TRACON& Tower with Radar,141,51,54,12,258,0,0,27,19,46,141,51,81,31,304,0,0,0,304
11/11/2020,AUS,TX,ASW,CE,Combined TRACON& Tower with Radar,160,57,67,3,287,0,0,55,1,56,160,57,122,4,343,0,0,0,343
11/12/2020,AUS,TX,ASW,CE,Combined TRACON& Tower with Radar,215,69,52,14,350,0,0,44,15,59,215,69,96,29,409,0,0,0,409
11/13/2020,AUS,TX,ASW,CE,Combined TRACON& Tower with Radar,218,51,96,13,378,0,0,32,5,37,218,51,128,18,415,0,0,0,415
11/14/2020,AUS,TX,ASW,CE,Combined TRACON& Tower with Radar,160,27,55,18,260,0,0,26,6,32,160,27,81,24,292,0,0,0,292
11/15/2020,AUS,TX,ASW,CE,Combined TRACON& Tower with Radar,211,48,72,9,340,0,1,23,4,28,211,49,95,13,368,0,0,0,368
11/16/2020,AUS,TX,ASW,CE,Combined TRACON& Tower with Radar,209,38,74,7,328,1,1,51,6,59,210,39,125,13,387,0,0,0,387
11/17/2020,AUS,TX,ASW,CE,Combined TRACON& Tower with Radar,139,45,50,7,241,0,1,53,6,60,139,46,103,13,301,0,0,0,301
11/18/2020,AUS,TX,ASW,CE,Combined TRACON& Tower with Radar,163,45,73,8,289,0,0,46,15,61,163,45,119,23,350,0,0,0,350
11/19/2020,AUS,TX,ASW,CE,Combined TRACON& Tower with Radar,220,46,99,2,367,0,0,36,12,48,220,46,135,14,415,0,0,0,415
11/20/2020,AUS,TX,ASW,CE,Combined TRACON& Tower with Radar,241,68,82,10,401,0,0,37,12,49,241,68,119,22,450,0,0,0,450
11/21/2020,AUS,TX,ASW,CE,Combined TRACON& Tower with Radar,230,53,59,8,350,0,0,29,0,29,230,53,88,8,379,0,0,0,379
11/22/2020,AUS,TX,ASW,CE,Combined TRACON& Tower with Radar,217,33,50,8,308,0,0,20,0,20,217,33,70,8,328,0,0,0,328
11/23/2020,AUS,TX,ASW,CE,Combined TRACON& Tower with Radar,243,33,48,6,330,0,0,25,11,36,243,33,73,17,366,0,0,0,366
11/24/2020,AUS,TX,ASW,CE,Combined TRACON& Tower with Radar,255,67,67,6,395,0,2,10,7,19,255,69,77,13,414,0,0,0,414
11/25/2020,AUS,TX,ASW,CE,Combined TRACON& Tower with Radar,262,34,70,2,368,0,1,38,5,44,262,35,108,7,412,0,0,0,412
11/26/2020,AUS,TX,ASW,CE,Combined TRACON& Tower with Radar,119,14,15,0,148,0,0,13,0,13,119,14,28,0,161,0,0,0,161
11/27/2020,AUS,TX,ASW,CE,Combined TRACON& Tower with Radar,206,46,69,1,322,0,0,0,0,0,206,46,69,1,322,0,0,0,322
11/28/2020,AUS,TX,ASW,CE,Combined TRACON& Tower with Radar,258,48,43,0,349,0,0,0,0,0,258,48,43,0,349,0,0,0,349
11/29/2020,AUS,TX,ASW,CE,Combined TRACON& Tower with Radar,276,45,101,0,422,0,0,9,1,10,276,45,110,1,432,0,0,0,432
11/30/2020,AUS,TX,ASW,CE,Combined TRACON& Tower with Radar,258,38,55,3,354,0,4,35,3,42,258,42,90,6,396,0,0,0,396
12/01/2020,AUS,TX,ASW,CE,Combined TRACON& Tower with Radar,203,54,54,13,324,0,4,38,9,51,203,58,92,22,375,0,0,0,375
12/02/2020,AUS,TX,ASW,CE,Combined TRACON& Tower with Radar,157,39,59,14,269,0,0,22,18,40,157,39,81,32,309,0,0,0,309
12/03/2020,AUS,TX,ASW,CE,Combined TRACON& Tower with Radar,181,55,72,13,321,0,1,37,19,57,181,56,109,32,378,0,0,0,378
12/04/2020,AUS,TX,ASW,CE,Combined TRACON& Tower with Radar,196,48,68,8,320,0,0,72,10,82,196,48,140,18,402,0,0,0,402
12/05/2020,AUS,TX,ASW,CE,Combined TRACON& Tower with Radar,148,34,40,1,223,0,2,53,0,55,148,36,93,1,278,0,0,0,278
12/06/2020,AUS,TX,ASW,CE,Combined TRACON& Tower with Radar,182,34,50,7,273,0,1,60,1,62,182,35,110,8,335,0,0,0,335
12/07/2020,AUS,TX,ASW,CE,Combined TRACON& Tower with Radar,185,25,63,10,283,0,1,44,5,50,185,26,107,15,333,0,0,0,333
12/08/2020,AUS,TX,ASW,CE,Combined TRACON& Tower with Radar,137,43,65,4,249,0,0,63,10,73,137,43,128,14,322,0,0,0,322
12/09/2020,AUS,TX,ASW,CE,Combined TRACON& Tower with Radar,147,45,64,7,263,0,1,76,25,102,147,46,140,32,365,0,0,0,365
12/10/2020,AUS,TX,ASW,CE,Combined TRACON& Tower with Radar,185,59,95,10,349,0,2,51,12,65,185,61,146,22,414,0,0,0,414
12/11/2020,AUS,TX,ASW,CE,Combined TRACON& Tower with Radar,193,37,58,6,294,0,2,16,3,21,193,39,74,9,315,0,0,0,315
12/12/2020,AUS,TX,ASW,CE,Combined TRACON& Tower with Radar,146,36,35,6,223,0,3,59,1,63,146,39,94,7,286,0,0,0,286
12/13/2020,AUS,TX,ASW,CE,Combined TRACON& Tower with Radar,189,37,48,5,279,0,0,3,0,3,189,37,51,5,282,0,0,0,282
12/14/2020,AUS,TX,ASW,CE,Combined TRACON& Tower with Radar,183,32,48,10,273,0,0,32,12,44,183,32,80,22,317,0,0,0,317
12/15/2020,AUS,TX,ASW,CE,Combined TRACON& Tower with Radar,136,35,73,9,253,0,3,13,12,28,136,38,86,21,281,0,0,0,281
12/16/2020,AUS,TX,ASW,CE,Combined TRACON& Tower with Radar,154,61,87,18,320,0,2,60,23,85,154,63,147,41,405,0,0,0,405
12/17/2020,AUS,TX,ASW,CE,Combined TRACON& Tower with Radar,213,48,91,7,359,0,1,45,10,56,213,49,136,17,415,0,0,0,415
12/18/2020,AUS,TX,ASW,CE,Combined TRACON& Tower with Radar,228,73,104,5,410,0,0,38,9,47,228,73,142,14,457,0,0,0,457
12/19/2020,AUS,TX,ASW,CE,Combined TRACON& Tower with Radar,241,47,51,1,340,0,0,14,3,17,241,47,65,4,357,0,0,0,357
12/20/2020,AUS,TX,ASW,CE,Combined TRACON& Tower with Radar,230,36,65,1,332,0,0,44,2,46,230,36,109,3,378,0,0,0,378
12/21/2020,AUS,TX,ASW,CE,Combined TRACON& Tower with Radar,235,47,57,7,346,0,1,40,10,51,235,48,97,17,397,0,0,0,397
12/22/2020,AUS,TX,ASW,CE,Combined TRACON& Tower with Radar,227,60,74,8,369,0,2,30,9,41,227,62,104,17,410,0,0,0,410
12/23/2020,AUS,TX,ASW,CE,Combined TRACON& Tower with Radar,261,65,89,1,416,0,0,9,4,13,261,65,98,5,429,0,0,0,429
12/24/2020,AUS,TX,ASW,CE,Combined TRACON& Tower with Radar,154,23,35,0,212,0,0,22,0,22,154,23,57,0,234,0,0,0,234
12/25/2020,AUS,TX,ASW,CE,Combined TRACON& Tower with Radar,127,29,21,0,177,0,0,14,0,14,127,29,35,0,191,0,0,0,191
12/26/2020,AUS,TX,ASW,CE,Combined TRACON& Tower with Radar,222,67,78,0,367,0,0,41,0,41,222,67,119,0,408,0,0,0,408
12/27/2020,AUS,TX,ASW,CE,Combined TRACON& Tower with Radar,260,43,95,0,398,0,0,27,2,29,260,43,122,2,427,0,0,0,427
12/28/2020,AUS,TX,ASW,CE,Combined TRACON& Tower with Radar,215,46,71,3,335,0,0,11,3,14,215,46,82,6,349,0,0,0,349
12/29/2020,AUS,TX,ASW,CE,Combined TRACON& Tower with Radar,227,64,63,0,354,0,1,10,16,27,227,65,73,16,381,0,0,0,381
12/30/2020,AUS,TX,ASW,CE,Combined TRACON& Tower with Radar,238,38,62,0,338,0,0,0,0,0,238,38,62,0,338,0,0,0,338
12/31/2020,AUS,TX,ASW,CE,Combined TRACON& Tower with Radar,157,27,24,0,208,0,0,0,0,0,157,27,24,0,208,0,0,0,208
01/01/2021,AUS,TX,ASW,CE,Combined TRACON& Tower with Radar,151,26,45,0,222,0,3,26,1,30,151,29,71,1,252,0,0,0,252
01/02/2021,AUS,TX,ASW,CE,Combined TRACON& Tower with Radar,234,52,83,0,369,0,0,39,0,39,234,52,122,0,408,0,0,0,408
01/03/2021,AUS,TX,ASW,CE,Combined TRACON& Tower with Radar,263,47,104,0,414,0,1,54,0,55,263,48,158,0,469,0,0,0,469
01/04/2021,AUS,TX,ASW,CE,Combined TRACON& Tower with Radar,216,57,67,1,341,1,0,39,7,47,217,57,106,8,388,0,0,0,388
01/05/2021,AUS,TX,ASW,CE,Combined TRACON& Tower with Radar,179,39,41,3,262,0,0,60,12,72,179,39,101,15,334,0,0,0,334
01/06/2021,AUS,TX,ASW,CE,Combined TRACON& Tower with Radar,184,42,56,0,282,0,0,13,6,19,184,42,69,6,301,0,0,0,301
01/07/2021,AUS,TX,ASW,CE,Combined TRACON& Tower with Radar,186,56,61,5,308,0,0,54,7,61,186,56,115,12,369,0,0,0,369
01/08/2021,AUS,TX,ASW,CE,Combined TRACON& Tower with Radar,192,54,49,10,305,0,2,52,10,64,192,56,101,20,369,0,0,0,369
01/09/2021,AUS,TX,ASW,CE,Combined TRACON& Tower with Radar,148,29,48,3,228,0,0,51,15,66,148,29,99,18,294,0,0,0,294
01/10/2021,AUS,TX,ASW,CE,Combined TRACON& Tower with Radar,169,25,35,0,229,0,0,0,1,1,169,25,35,1,230,0,0,0,230
01/11/2021,AUS,TX,ASW,CE,Combined TRACON& Tower with Radar,183,44,75,11,313,0,2,20,5,27,183,46,95,16,340,0,0,0,340
01/12/2021,AUS,TX,ASW,CE,Combined TRACON& Tower with Radar,150,42,58,6,256,0,0,48,13,61,150,42,106,19,317,0,0,0,317
01/13/2021,AUS,TX,ASW,CE,Combined TRACON& Tower with Radar,149,62,82,14,307,0,0,47,18,65,149,62,129,32,372,0,0,0,372
01/14/2021,AUS,TX,ASW,CE,Combined TRACON& Tower with Radar,188,52,78,7,325,0,1,36,14,51,188,53,114,21,376,0,0,0,376
01/15/2021,AUS,TX,ASW,CE,Combined TRACON& Tower with Radar,193,54,66,9,322,0,2,39,12,53,193,56,105,21,375,0,0,0,375
01/16/2021,AUS,TX,ASW,CE,Combined TRACON& Tower with Radar,149,33,50,3,235,0,0,61,5,66,149,33,111,8,301,0,0,0,301
01/17/2021,AUS,TX,ASW,CE,Combined TRACON& Tower with Radar,179,42,43,5,269,0,0,45,2,47,179,42,88,7,316,0,0,0,316
01/18/2021,AUS,TX,ASW,CE,Combined TRACON& Tower with Radar,181,46,74,0,301,0,0,22,4,26,181,46,96,4,327,0,0,0,327
01/19/2021,AUS,TX,ASW,CE,Combined TRACON& Tower with Radar,153,43,65,2,263,0,0,0,1,1,153,43,65,3,264,0,0,0,264
01/20/2021,AUS,TX,ASW,CE,Combined TRACON& Tower with Radar,149,56,61,0,266,0,0,0,0,0,149,56,61,0,266,14,4,18,284
01/21/2021,AUS,TX,ASW,CE,Combined TRACON& Tower with Radar,187,51,68,5,311,0,0,18,9,27,187,51,86,14,338,0,0,0,338
01/22/2021,AUS,TX,ASW,CE,Combined TRACON& Tower with Radar,188,44,84,16,332,0,0,37,9,46,188,44,121,25,378,0,0,0,378
01/23/2021,AUS,TX,ASW,CE,Combined TRACON& Tower with Radar,147,44,54,1,246,0,0,4,0,4,147,44,58,1,250,0,0,0,250
01/24/2021,AUS,TX,ASW,CE,Combined TRACON& Tower with Radar,184,24,50,7,265,0,0,0,0,0,184,24,50,7,265,0,0,0,265
01/25/2021,AUS,TX,ASW,CE,Combined TRACON& Tower with Radar,178,27,68,18,291,0,0,38,7,45,178,27,106,25,336,0,0,0,336
01/26/2021,AUS,TX,ASW,CE,Combined TRACON& Tower with Radar,144,51,63,12,270,0,0,61,7,68,144,51,124,19,338,0,0,0,338
01/27/2021,AUS,TX,ASW,CE,Combined TRACON& Tower with Radar,144,49,77,8,278,0,0,55,13,68,144,49,132,21,346,0,0,0,346
01/28/2021,AUS,TX,ASW,CE,Combined TRACON& Tower with Radar,184,48,93,17,342,0,0,57,17,74,184,48,150,34,416,0,0,0,416
01/29/2021,AUS,TX,ASW,CE,Combined TRACON& Tower with Radar,183,53,72,12,320,0,2,36,17,55,183,55,108,29,375,0,0,0,375
01/30/2021,AUS,TX,ASW,CE,Combined TRACON& Tower with Radar,170,41,57,2,270,0,1,24,1,26,170,42,81,3,296,0,0,0,296
01/31/2021,AUS,TX,ASW,CE,Combined TRACON& Tower with Radar,176,43,86,7,312,0,1,59,4,64,176,44,145,11,376,0,0,0,376
02/01/2021,AUS,TX,ASW,CE,Combined TRACON& Tower with Radar,169,48,49,10,276,0,1,37,4,42,169,49,86,14,318,0,0,0,318
02/02/2021,AUS,TX,ASW,CE,Combined TRACON& Tower with Radar,150,44,59,7,260,0,0,48,15,63,150,44,107,22,323,6,0,6,329
02/03/2021,AUS,TX,ASW,CE,Combined TRACON& Tower with Radar,149,72,75,8,304,0,0,33,19,52,149,72,108,27,356,0,0,0,356
02/04/2021,AUS,TX,ASW,CE,Combined TRACON& Tower with Radar,191,55,88,5,339,0,3,34,12,49,191,58,122,17,388,0,0,0,388
02/05/2021,AUS,TX,ASW,CE,Combined TRACON& Tower with Radar,200,37,77,16,330,0,0,32,10,42,200,37,109,26,372,0,0,0,372
02/06/2021,AUS,TX,ASW,CE,Combined TRACON& Tower with Radar,153,30,47,11,241,0,0,22,0,22,153,30,69,11,263,0,0,0,263
02/07/2021,AUS,TX,ASW,CE,Combined TRACON& Tower with Radar,176,39,54,10,279,0,0,43,3,46,176,39,97,13,325,0,0,0,325
02/08/2021,AUS,TX,ASW,CE,Combined TRACON& Tower with Radar,183,52,68,14,317,0,0,17,4,21,183,52,85,18,338,0,0,0,338
02/09/2021,AUS,TX,ASW,CE,Combined TRACON& Tower with Radar,154,69,69,7,299,0,0,13,14,27,154,69,82,21,326,0,0,0,326
02/10/2021,AUS,TX,ASW,CE,Combined TRACON& Tower with Radar,154,56,102,6,318,0,0,0,0,0,154,56,102,6,318,0,0,0,318
02/11/2021,AUS,TX,ASW,CE,Combined TRACON& Tower with Radar,200,40,61,1,302,0,0,0,0,0,200,40,61,1,302,0,0,0,302
02/12/2021,AUS,TX,ASW,CE,Combined TRACON& Tower with Radar,221,46,84,4,355,0,0,2,5,7,221,46,86,9,362,0,0,0,362
02/13/2021,AUS,TX,ASW,CE,Combined TRACON& Tower with Radar,142,27,33,1,203,0,0,0,0,0,142,27,33,1,203,0,0,0,203
02/14/2021,AUS,TX,ASW,CE,Combined TRACON& Tower with Radar,67,5,18,0,90,0,0,0,0,0,67,5,18,0,90,0,0,0,90
02/15/2021,AUS,TX,ASW,CE,Combined TRACON& Tower with Radar,0,0,0,0,0,0,0,0,0,0,0,0,0,0,0,0,0,0,0
02/16/2021,AUS,TX,ASW,CE,Combined TRACON& Tower with Radar,0,0,0,0,0,0,0,1,0,1,0,0,1,0,1,0,0,0,1
02/17/2021,AUS,TX,ASW,CE,Combined TRACON& Tower with Radar,8,16,17,0,41,0,0,0,0,0,8,16,17,0,41,0,0,0,41
02/18/2021,AUS,TX,ASW,CE,Combined TRACON& Tower with Radar,61,28,55,0,144,0,0,6,0,6,61,28,61,0,150,0,0,0,150
02/19/2021,AUS,TX,ASW,CE,Combined TRACON& Tower with Radar,178,69,87,3,337,0,1,18,9,28,178,70,105,12,365,0,0,0,365
02/20/2021,AUS,TX,ASW,CE,Combined TRACON& Tower with Radar,155,41,49,2,247,0,2,24,22,48,155,43,73,24,295,0,0,0,295
02/21/2021,AUS,TX,ASW,CE,Combined TRACON& Tower with Radar,198,38,46,6,288,0,0,19,20,39,198,38,65,26,327,0,0,0,327
02/22/2021,AUS,TX,ASW,CE,Combined TRACON& Tower with Radar,207,50,59,6,322,0,1,53,18,72,207,51,112,24,394,0,0,0,394
02/23/2021,AUS,TX,ASW,CE,Combined TRACON& Tower with Radar,160,75,97,11,343,0,0,51,22,73,160,75,148,33,416,0,0,0,416
02/24/2021,AUS,TX,ASW,CE,Combined TRACON& Tower with Radar,163,70,88,9,330,0,0,45,19,64,163,70,133,28,394,0,0,0,394
02/25/2021,AUS,TX,ASW,CE,Combined TRACON& Tower with Radar,215,69,100,8,392,0,0,0,1,1,215,69,100,9,393,0,0,0,393
02/26/2021,AUS,TX,ASW,CE,Combined TRACON& Tower with Radar,220,80,113,19,432,0,0,6,2,8,220,80,119,21,440,0,0,0,440
02/27/2021,AUS,TX,ASW,CE,Combined TRACON& Tower with Radar,149,50,64,9,272,0,1,11,3,15,149,51,75,12,287,0,0,0,287
02/28/2021,AUS,TX,ASW,CE,Combined TRACON& Tower with Radar,219,47,79,3,348,0,0,9,0,9,219,47,88,3,357,0,0,0,357
03/01/2021,AUS,TX,ASW,CE,Combined TRACON& Tower with Radar,210,59,76,1,346,0,0,7,2,9,210,59,83,3,355,0,0,0,355
03/02/2021,AUS,TX,ASW,CE,Combined TRACON& Tower with Radar,174,48,79,5,306,0,0,67,3,70,174,48,146,8,376,0,0,0,376
03/03/2021,AUS,TX,ASW,CE,Combined TRACON& Tower with Radar,182,72,95,13,362,0,0,96,16,112,182,72,191,29,474,0,0,0,474
03/04/2021,AUS,TX,ASW,CE,Combined TRACON& Tower with Radar,226,74,90,4,394,0,2,63,17,82,226,76,153,21,476,0,0,0,476
03/05/2021,AUS,TX,ASW,CE,Combined TRACON& Tower with Radar,243,54,119,17,433,0,0,31,7,38,243,54,150,24,471,0,0,0,471
03/06/2021,AUS,TX,ASW,CE,Combined TRACON& Tower with Radar,198,43,42,4,287,0,1,82,4,87,198,44,124,8,374,0,0,0,374
03/07/2021,AUS,TX,ASW,CE,Combined TRACON& Tower with Radar,250,76,86,2,414,0,1,79,0,80,250,77,165,2,494,0,0,0,494
03/08/2021,AUS,TX,ASW,CE,Combined TRACON& Tower with Radar,266,36,66,3,371,0,2,37,3,42,266,38,103,6,413,0,0,0,413
03/09/2021,AUS,TX,ASW,CE,Combined TRACON& Tower with Radar,202,50,82,5,339,0,0,16,15,31,202,50,98,20,370,0,0,0,370
03/10/2021,AUS,TX,ASW,CE,Combined TRACON& Tower with Radar,207,59,102,11,379,0,0,16,10,26,207,59,118,21,405,0,0,0,405
03/11/2021,AUS,TX,ASW,CE,Combined TRACON& Tower with Radar,275,68,118,5,466,0,0,9,17,26,275,68,127,22,492,0,0,0,492
03/12/2021,AUS,TX,ASW,CE,Combined TRACON& Tower with Radar,288,78,149,19,534,0,0,13,8,21,288,78,162,27,555,0,0,0,555
03/13/2021,AUS,TX,ASW,CE,Combined TRACON& Tower with Radar,245,73,81,7,406,0,0,8,6,14,245,73,89,13,420,0,0,0,420
03/14/2021,AUS,TX,ASW,CE,Combined TRACON& Tower with Radar,254,62,75,4,395,0,0,26,5,31,254,62,101,9,426,0,0,0,426
03/15/2021,AUS,TX,ASW,CE,Combined TRACON& Tower with Radar,291,74,89,8,462,0,2,49,4,55,291,76,138,12,517,0,0,0,517
03/16/2021,AUS,TX,ASW,CE,Combined TRACON& Tower with Radar,247,47,67,3,364,0,1,13,12,26,247,48,80,15,390,0,0,0,390
03/17/2021,AUS,TX,ASW,CE,Combined TRACON& Tower with Radar,242,53,75,4,374,0,0,35,8,43,242,53,110,12,417,0,0,0,417
03/18/2021,AUS,TX,ASW,CE,Combined TRACON& Tower with Radar,288,71,88,7,454,0,0,44,8,52,288,71,132,15,506,0,0,0,506
03/19/2021,AUS,TX,ASW,CE,Combined TRACON& Tower with Radar,296,77,99,2,474,0,0,67,10,77,296,77,166,12,551,0,0,0,551
03/20/2021,AUS,TX,ASW,CE,Combined TRACON& Tower with Radar,252,67,108,10,437,0,0,78,0,78,252,67,186,10,515,0,0,0,515
03/21/2021,AUS,TX,ASW,CE,Combined TRACON& Tower with Radar,283,97,130,15,525,0,3,48,0,51,283,100,178,15,576,0,0,0,576
03/22/2021,AUS,TX,ASW,CE,Combined TRACON& Tower with Radar,303,70,100,4,477,0,0,5,6,11,303,70,105,10,488,0,0,0,488
03/23/2021,AUS,TX,ASW,CE,Combined TRACON& Tower with Radar,263,54,79,5,401,0,3,53,5,61,263,57,132,10,462,0,0,0,462
03/24/2021,AUS,TX,ASW,CE,Combined TRACON& Tower with Radar,265,66,110,4,445,0,0,4,7,11,265,66,114,11,456,0,0,0,456
03/25/2021,AUS,TX,ASW,CE,Combined TRACON& Tower with Radar,288,63,100,8,459,0,2,48,8,58,288,65,148,16,517,0,0,0,517
03/26/2021,AUS,TX,ASW,CE,Combined TRACON& Tower with Radar,296,83,95,20,494,0,1,58,13,72,296,84,153,33,566,0,0,0,566
03/27/2021,AUS,TX,ASW,CE,Combined TRACON& Tower with Radar,255,59,80,17,411,0,0,29,7,36,255,59,109,24,447,0,0,0,447
03/28/2021,AUS,TX,ASW,CE,Combined TRACON& Tower with Radar,277,56,80,11,424,0,0,20,5,25,277,56,100,16,449,0,0,0,449
03/29/2021,AUS,TX,ASW,CE,Combined TRACON& Tower with Radar,289,35,67,9,400,0,1,56,5,62,289,36,123,14,462,0,0,0,462
03/30/2021,AUS,TX,ASW,CE,Combined TRACON& Tower with Radar,260,52,88,13,413,0,0,23,9,32,260,52,111,22,445,0,0,0,445
03/31/2021,AUS,TX,ASW,CE,Combined TRACON& Tower with Radar,261,57,113,21,452,0,1,21,15,37,261,58,134,36,489,0,0,0,489
04/01/2021,AUS,TX,ASW,CE,Combined TRACON& Tower with Radar,289,66,118,13,486,0,2,75,24,101,289,68,193,37,587,0,0,0,587
04/02/2021,AUS,TX,ASW,CE,Combined TRACON& Tower with Radar,305,54,104,6,469,0,4,58,7,69,305,58,162,13,538,0,0,0,538
04/03/2021,AUS,TX,ASW,CE,Combined TRACON& Tower with Radar,256,36,81,1,374,0,0,28,0,28,256,36,109,1,402,0,0,0,402
04/04/2021,AUS,TX,ASW,CE,Combined TRACON& Tower with Radar,283,52,82,0,417,0,0,30,0,30,283,52,112,0,447,0,0,0,447
04/05/2021,AUS,TX,ASW,CE,Combined TRACON& Tower with Radar,304,70,101,7,482,0,1,38,1,40,304,71,139,8,522,0,0,0,522
04/06/2021,AUS,TX,ASW,CE,Combined TRACON& Tower with Radar,264,72,94,7,437,0,0,8,8,16,264,72,102,15,453,0,0,0,453
04/07/2021,AUS,TX,ASW,CE,Combined TRACON& Tower with Radar,270,69,101,11,451,0,0,39,10,49,270,69,140,21,500,0,0,0,500
04/08/2021,AUS,TX,ASW,CE,Combined TRACON& Tower with Radar,305,77,113,4,499,0,0,50,18,68,305,77,163,22,567,0,0,0,567
04/09/2021,AUS,TX,ASW,CE,Combined TRACON& Tower with Radar,312,60,109,9,490,0,0,34,20,54,312,60,143,29,544,0,0,0,544
04/10/2021,AUS,TX,ASW,CE,Combined TRACON& Tower with Radar,270,35,64,12,381,0,1,48,14,63,270,36,112,26,444,0,0,0,444
04/11/2021,AUS,TX,ASW,CE,Combined TRACON& Tower with Radar,276,43,91,4,414,0,0,65,7,72,276,43,156,11,486,0,0,0,486
04/12/2021,AUS,TX,ASW,CE,Combined TRACON& Tower with Radar,312,57,87,4,460,0,2,19,6,27,312,59,106,10,487,0,0,0,487
04/13/2021,AUS,TX,ASW,CE,Combined TRACON& Tower with Radar,244,48,87,10,389,0,0,15,14,29,244,48,102,24,418,0,0,0,418
04/14/2021,AUS,TX,ASW,CE,Combined TRACON& Tower with Radar,240,75,103,6,424,0,1,13,7,21,240,76,116,13,445,0,0,0,445
04/15/2021,AUS,TX,ASW,CE,Combined TRACON& Tower with Radar,308,64,124,8,504,0,0,1,0,1,308,64,125,8,505,0,0,0,505
04/16/2021,AUS,TX,ASW,CE,Combined TRACON& Tower with Radar,318,56,101,3,478,0,0,0,0,0,318,56,101,3,478,0,0,0,478
04/17/2021,AUS,TX,ASW,CE,Combined TRACON& Tower with Radar,262,24,58,8,352,0,0,28,7,35,262,24,86,15,387,0,0,0,387
04/18/2021,AUS,TX,ASW,CE,Combined TRACON& Tower with Radar,290,47,89,11,437,0,3,75,9,87,290,50,164,20,524,0,0,0,524
04/19/2021,AUS,TX,ASW,CE,Combined TRACON& Tower with Radar,299,64,85,4,452,0,2,53,10,65,299,66,138,14,517,0,0,0,517
04/20/2021,AUS,TX,ASW,CE,Combined TRACON& Tower with Radar,243,49,115,2,409,0,0,51,13,64,243,49,166,15,473,0,0,0,473
04/21/2021,AUS,TX,ASW,CE,Combined TRACON& Tower with Radar,247,64,96,1,408,0,2,64,17,83,247,66,160,18,491,0,0,0,491
04/22/2021,AUS,TX,ASW,CE,Combined TRACON& Tower with Radar,305,69,128,8,510,0,0,26,10,36,305,69,154,18,546,0,0,0,546
04/23/2021,AUS,TX,ASW,CE,Combined TRACON& Tower with Radar,324,66,100,4,494,0,0,3,0,3,324,66,103,4,497,0,0,0,497
04/24/2021,AUS,TX,ASW,CE,Combined TRACON& Tower with Radar,264,55,53,3,375,0,2,66,3,71,264,57,119,6,446,0,0,0,446
04/25/2021,AUS,TX,ASW,CE,Combined TRACON& Tower with Radar,294,61,140,4,499,0,2,89,1,92,294,63,229,5,591,0,0,0,591
04/26/2021,AUS,TX,ASW,CE,Combined TRACON& Tower with Radar,301,49,63,1,414,0,0,31,4,35,301,49,94,5,449,0,0,0,449
04/27/2021,AUS,TX,ASW,CE,Combined TRACON& Tower with Radar,241,58,100,0,399,0,0,4,4,8,241,58,104,4,407,0,0,0,407
04/28/2021,AUS,TX,ASW,CE,Combined TRACON& Tower with Radar,243,87,81,2,413,0,0,13,12,25,243,87,94,14,438,0,0,0,438
04/29/2021,AUS,TX,ASW,CE,Combined TRACON& Tower with Radar,307,74,129,11,521,0,0,3,1,4,307,74,132,12,525,0,0,0,525
04/30/2021,AUS,TX,ASW,CE,Combined TRACON& Tower with Radar,312,60,78,2,452,0,0,0,4,4,312,60,78,6,456,0,0,0,456
05/01/2021,AUS,TX,ASW,CE,Combined TRACON& Tower with Radar,256,38,50,9,353,0,0,1,1,2,256,38,51,10,355,0,0,0,355
05/02/2021,AUS,TX,ASW,CE,Combined TRACON& Tower with Radar,294,53,125,2,474,0,0,56,4,60,294,53,181,6,534,0,0,0,534
05/03/2021,AUS,TX,ASW,CE,Combined TRACON& Tower with Radar,318,58,58,5,439,0,2,31,4,37,318,60,89,9,476,0,0,0,476
05/04/2021,AUS,TX,ASW,CE,Combined TRACON& Tower with Radar,241,42,83,6,372,0,2,36,11,49,241,44,119,17,421,0,0,0,421
05/05/2021,AUS,TX,ASW,CE,Combined TRACON& Tower with Radar,249,67,77,13,406,0,1,77,20,98,249,68,154,33,504,0,0,0,504
05/06/2021,AUS,TX,ASW,CE,Combined TRACON& Tower with Radar,305,110,119,2,536,0,6,80,16,102,305,116,199,18,638,0,0,0,638
05/07/2021,AUS,TX,ASW,CE,Combined TRACON& Tower with Radar,328,81,101,9,519,0,8,45,18,71,328,89,146,27,590,0,0,0,590
05/08/2021,AUS,TX,ASW,CE,Combined TRACON& Tower with Radar,286,44,70,2,402,0,0,23,3,26,286,44,93,5,428,0,0,0,428
05/09/2021,AUS,TX,ASW,CE,Combined TRACON& Tower with Radar,329,43,97,0,469,0,0,6,2,8,329,43,103,2,477,0,0,0,477
05/10/2021,AUS,TX,ASW,CE,Combined TRACON& Tower with Radar,349,53,97,5,504,0,0,3,1,4,349,53,100,6,508,0,0,0,508
05/11/2021,AUS,TX,ASW,CE,Combined TRACON& Tower with Radar,320,35,102,6,463,0,0,0,0,0,320,35,102,6,463,0,0,0,463
05/12/2021,AUS,TX,ASW,CE,Combined TRACON& Tower with Radar,305,66,92,8,471,0,2,12,16,30,305,68,104,24,501,0,0,0,501
05/13/2021,AUS,TX,ASW,CE,Combined TRACON& Tower with Radar,337,68,116,6,527,0,1,48,13,62,337,69,164,19,589,0,0,0,589
05/14/2021,AUS,TX,ASW,CE,Combined TRACON& Tower with Radar,350,66,104,19,539,0,1,59,9,69,350,67,163,28,608,0,0,0,608
05/15/2021,AUS,TX,ASW,CE,Combined TRACON& Tower with Radar,299,47,83,7,436,0,0,20,8,28,299,47,103,15,464,0,0,0,464
05/16/2021,AUS,TX,ASW,CE,Combined TRACON& Tower with Radar,325,66,88,2,481,0,0,10,4,14,325,66,98,6,495,0,0,0,495
05/17/2021,AUS,TX,ASW,CE,Combined TRACON& Tower with Radar,361,51,86,0,498,0,0,14,2,16,361,51,100,2,514,0,0,0,514
05/18/2021,AUS,TX,ASW,CE,Combined TRACON& Tower with Radar,313,42,63,4,422,0,0,6,3,9,313,42,69,7,431,0,0,0,431
05/19/2021,AUS,TX,ASW,CE,Combined TRACON& Tower with Radar,319,57,79,1,456,0,0,11,18,29,319,57,90,19,485,0,0,0,485
05/20/2021,AUS,TX,ASW,CE,Combined TRACON& Tower with Radar,346,81,99,6,532,0,2,42,6,50,346,83,141,12,582,0,0,0,582
05/21/2021,AUS,TX,ASW,CE,Combined TRACON& Tower with Radar,353,62,143,13,571,0,0,28,13,41,353,62,171,26,612,0,0,0,612
05/22/2021,AUS,TX,ASW,CE,Combined TRACON& Tower with Radar,300,41,71,7,419,0,1,9,2,12,300,42,80,9,431,0,0,0,431
05/23/2021,AUS,TX,ASW,CE,Combined TRACON& Tower with Radar,336,69,163,4,572,0,0,3,1,4,336,69,166,5,576,0,0,0,576
05/24/2021,AUS,TX,ASW,CE,Combined TRACON& Tower with Radar,361,52,72,3,488,1,2,4,4,11,362,54,76,7,499,0,0,0,499
05/25/2021,AUS,TX,ASW,CE,Combined TRACON& Tower with Radar,317,69,89,5,480,0,0,21,14,35,317,69,110,19,515,0,0,0,515
05/26/2021,AUS,TX,ASW,CE,Combined TRACON& Tower with Radar,316,85,117,10,528,0,1,49,18,68,316,86,166,28,596,0,0,0,596
05/27/2021,AUS,TX,ASW,CE,Combined TRACON& Tower with Radar,339,76,110,9,534,0,2,44,14,60,339,78,154,23,594,0,0,0,594
05/28/2021,AUS,TX,ASW,CE,Combined TRACON& Tower with Radar,363,69,80,3,515,0,0,23,3,26,363,69,103,6,541,0,0,0,541
05/29/2021,AUS,TX,ASW,CE,Combined TRACON& Tower with Radar,307,58,63,3,431,0,0,25,5,30,307,58,88,8,461,0,0,0,461
05/30/2021,AUS,TX,ASW,CE,Combined TRACON& Tower with Radar,323,27,55,2,407,0,0,17,5,22,323,27,72,7,429,0,0,0,429
05/31/2021,AUS,TX,ASW,CE,Combined TRACON& Tower with Radar,351,53,100,7,511,0,0,20,1,21,351,53,120,8,532,0,0,0,532
06/01/2021,AUS,TX,ASW,CE,Combined TRACON& Tower with Radar,320,41,85,22,468,0,0,20,8,28,320,41,105,30,496,0,0,0,496
06/02/2021,AUS,TX,ASW,CE,Combined TRACON& Tower with Radar,330,52,112,4,498,0,0,26,12,38,330,52,138,16,536,0,0,0,536
06/03/2021,AUS,TX,ASW,CE,Combined TRACON& Tower with Radar,358,57,118,0,533,0,0,4,10,14,358,57,122,10,547,0,0,0,547
06/04/2021,AUS,TX,ASW,CE,Combined TRACON& Tower with Radar,381,68,92,10,551,0,0,6,6,12,381,68,98,16,563,0,2,2,565
06/05/2021,AUS,TX,ASW,CE,Combined TRACON& Tower with Radar,323,37,73,3,436,0,0,6,4,10,323,37,79,7,446,0,0,0,446
06/06/2021,AUS,TX,ASW,CE,Combined TRACON& Tower with Radar,396,63,91,0,550,0,0,33,6,39,396,63,124,6,589,0,0,0,589
06/07/2021,AUS,TX,ASW,CE,Combined TRACON& Tower with Radar,413,58,108,8,587,0,1,19,8,28,413,59,127,16,615,6,0,6,621
06/08/2021,AUS,TX,ASW,CE,Combined TRACON& Tower with Radar,372,58,97,17,544,0,0,28,6,34,372,58,125,23,578,0,10,10,588
06/09/2021,AUS,TX,ASW,CE,Combined TRACON& Tower with Radar,385,58,93,19,555,0,0,37,22,59,385,58,130,41,614,0,10,10,624
06/10/2021,AUS,TX,ASW,CE,Combined TRACON& Tower with Radar,409,84,103,13,609,0,0,43,19,62,409,84,146,32,671,0,0,0,671
06/11/2021,AUS,TX,ASW,CE,Combined TRACON& Tower with Radar,415,54,92,13,574,0,0,49,7,56,415,54,141,20,630,0,0,0,630
06/12/2021,AUS,TX,ASW,CE,Combined TRACON& Tower with Radar,323,31,80,13,447,0,0,66,11,77,323,31,146,24,524,0,0,0,524
06/13/2021,AUS,TX,ASW,CE,Combined TRACON& Tower with Radar,393,56,78,2,529,0,0,40,0,40,393,56,118,2,569,0,0,0,569
06/14/2021,AUS,TX,ASW,CE,Combined TRACON& Tower with Radar,414,45,73,6,538,0,1,42,7,50,414,46,115,13,588,0,0,0,588
06/15/2021,AUS,TX,ASW,CE,Combined TRACON& Tower with Radar,370,49,82,11,512,0,1,47,11,59,370,50,129,22,571,0,0,0,571
06/16/2021,AUS,TX,ASW,CE,Combined TRACON& Tower with Radar,378,60,102,25,565,0,5,57,9,71,378,65,159,34,636,0,0,0,636
06/17/2021,AUS,TX,ASW,CE,Combined TRACON& Tower with Radar,410,94,108,10,622,1,1,76,9,87,411,95,184,19,709,0,0,0,709
06/18/2021,AUS,TX,ASW,CE,Combined TRACON& Tower with Radar,417,69,80,1,567,0,3,64,4,71,417,72,144,5,638,0,0,0,638
06/19/2021,AUS,TX,ASW,CE,Combined TRACON& Tower with Radar,333,39,69,7,448,0,4,50,2,56,333,43,119,9,504,0,0,0,504
06/20/2021,AUS,TX,ASW,CE,Combined TRACON& Tower with Radar,396,53,80,14,543,0,1,47,0,48,396,54,127,14,591,0,0,0,591
06/21/2021,AUS,TX,ASW,CE,Combined TRACON& Tower with Radar,423,52,85,11,571,0,0,37,4,41,423,52,122,15,612,0,0,0,612
06/22/2021,AUS,TX,ASW,CE,Combined TRACON& Tower with Radar,396,55,98,10,559,0,2,23,10,35,396,57,121,20,594,0,0,0,594
06/23/2021,AUS,TX,ASW,CE,Combined TRACON& Tower with Radar,389,63,99,5,556,0,0,48,23,71,389,63,147,28,627,0,0,0,627
06/24/2021,AUS,TX,ASW,CE,Combined TRACON& Tower with Radar,410,65,99,28,602,0,0,55,11,66,410,65,154,39,668,0,0,0,668
06/25/2021,AUS,TX,ASW,CE,Combined TRACON& Tower with Radar,416,75,96,25,612,0,0,33,4,37,416,75,129,29,649,0,0,0,649
06/26/2021,AUS,TX,ASW,CE,Combined TRACON& Tower with Radar,339,46,76,12,473,0,0,44,6,50,339,46,120,18,523,0,0,0,523
06/27/2021,AUS,TX,ASW,CE,Combined TRACON& Tower with Radar,391,63,97,5,556,0,0,14,2,16,391,63,111,7,572,0,0,0,572
06/28/2021,AUS,TX,ASW,CE,Combined TRACON& Tower with Radar,414,68,77,8,567,0,0,5,2,7,414,68,82,10,574,0,0,0,574
06/29/2021,AUS,TX,ASW,CE,Combined TRACON& Tower with Radar,396,70,81,5,552,0,1,8,7,16,396,71,89,12,568,0,8,8,576
06/30/2021,AUS,TX,ASW,CE,Combined TRACON& Tower with Radar,390,65,124,10,589,0,0,27,6,33,390,65,151,16,622,0,0,0,622
07/01/2021,AUS,TX,ASW,CE,Combined TRACON& Tower with Radar,449,85,105,11,650,0,0,50,13,63,449,85,155,24,713,0,0,0,713
07/02/2021,AUS,TX,ASW,CE,Combined TRACON& Tower with Radar,460,74,97,0,631,0,0,65,10,75,460,74,162,10,706,0,0,0,706
07/03/2021,AUS,TX,ASW,CE,Combined TRACON& Tower with Radar,334,37,35,0,406,0,1,7,0,8,334,38,42,0,414,0,0,0,414
07/04/2021,AUS,TX,ASW,CE,Combined TRACON& Tower with Radar,378,23,20,0,421,0,0,8,0,8,378,23,28,0,429,0,0,0,429
07/05/2021,AUS,TX,ASW,CE,Combined TRACON& Tower with Radar,426,50,75,0,551,0,0,3,0,3,426,50,78,0,554,0,0,0,554
07/06/2021,AUS,TX,ASW,CE,Combined TRACON& Tower with Radar,398,45,73,4,520,0,0,23,2,25,398,45,96,6,545,0,0,0,545
07/07/2021,AUS,TX,ASW,CE,Combined TRACON& Tower with Radar,398,64,89,7,558,0,0,24,7,31,398,64,113,14,589,0,0,0,589
07/08/2021,AUS,TX,ASW,CE,Combined TRACON& Tower with Radar,439,67,76,11,593,0,0,20,9,29,439,67,96,20,622,0,0,0,622
07/09/2021,AUS,TX,ASW,CE,Combined TRACON& Tower with Radar,435,51,86,4,576,0,0,0,0,0,435,51,86,4,576,0,0,0,576
07/10/2021,AUS,TX,ASW,CE,Combined TRACON& Tower with Radar,342,43,87,9,481,0,0,34,1,35,342,43,121,10,516,0,0,0,516
07/11/2021,AUS,TX,ASW,CE,Combined TRACON& Tower with Radar,413,45,90,8,556,0,2,41,0,43,413,47,131,8,599,0,0,0,599
07/12/2021,AUS,TX,ASW,CE,Combined TRACON& Tower with Radar,441,56,66,10,573,0,0,22,12,34,441,56,88,22,607,0,34,34,641
07/13/2021,AUS,TX,ASW,CE,Combined TRACON& Tower with Radar,411,72,82,10,575,0,0,31,14,45,411,72,113,24,620,0,0,0,620
07/14/2021,AUS,TX,ASW,CE,Combined TRACON& Tower with Radar,410,60,97,6,573,0,0,38,14,52,410,60,135,20,625,0,0,0,625
07/15/2021,AUS,TX,ASW,CE,Combined TRACON& Tower with Radar,434,64,92,9,599,0,2,52,19,73,434,66,144,28,672,0,0,0,672
07/16/2021,AUS,TX,ASW,CE,Combined TRACON& Tower with Radar,449,71,98,12,630,0,0,34,4,38,449,71,132,16,668,0,0,0,668
07/17/2021,AUS,TX,ASW,CE,Combined TRACON& Tower with Radar,344,49,68,9,470,0,0,45,6,51,344,49,113,15,521,6,0,6,527
07/18/2021,AUS,TX,ASW,CE,Combined TRACON& Tower with Radar,405,47,110,14,576,0,0,48,1,49,405,47,158,15,625,0,0,0,625
07/19/2021,AUS,TX,ASW,CE,Combined TRACON& Tower with Radar,444,34,86,12,576,0,0,25,5,30,444,34,111,17,606,0,0,0,606
07/20/2021,AUS,TX,ASW,CE,Combined TRACON& Tower with Radar,417,36,87,12,552,0,0,56,6,62,417,36,143,18,614,0,0,0,614
07/21/2021,AUS,TX,ASW,CE,Combined TRACON& Tower with Radar,406,40,103,8,557,0,0,52,18,70,406,40,155,26,627,0,0,0,627
07/22/2021,AUS,TX,ASW,CE,Combined TRACON& Tower with Radar,429,46,106,4,585,0,2,32,7,41,429,48,138,11,626,0,0,0,626
07/23/2021,AUS,TX,ASW,CE,Combined TRACON& Tower with Radar,438,63,100,10,611,0,0,45,8,53,438,63,145,18,664,0,0,0,664
07/24/2021,AUS,TX,ASW,CE,Combined TRACON& Tower with Radar,358,54,56,9,477,0,4,49,12,65,358,58,105,21,542,0,0,0,542
07/25/2021,AUS,TX,ASW,CE,Combined TRACON& Tower with Radar,418,47,66,10,541,0,1,47,7,55,418,48,113,17,596,0,0,0,596
07/26/2021,AUS,TX,ASW,CE,Combined TRACON& Tower with Radar,437,37,91,10,575,0,0,42,13,55,437,37,133,23,630,0,0,0,630
07/27/2021,AUS,TX,ASW,CE,Combined TRACON& Tower with Radar,406,53,80,9,548,0,0,59,14,73,406,53,139,23,621,0,0,0,621
07/28/2021,AUS,TX,ASW,CE,Combined TRACON& Tower with Radar,410,64,101,9,584,0,2,52,13,67,410,66,153,22,651,0,0,0,651
07/29/2021,AUS,TX,ASW,CE,Combined TRACON& Tower with Radar,437,73,99,5,614,0,0,50,13,63,437,73,149,18,677,0,0,0,677
07/30/2021,AUS,TX,ASW,CE,Combined TRACON& Tower with Radar,443,51,70,5,569,0,0,42,11,53,443,51,112,16,622,0,0,0,622
07/31/2021,AUS,TX,ASW,CE,Combined TRACON& Tower with Radar,352,61,67,3,483,0,0,35,1,36,352,61,102,4,519,0,0,0,519
08/01/2021,AUS,TX,ASW,CE,Combined TRACON& Tower with Radar,404,59,79,2,544,0,0,22,0,22,404,59,101,2,566,0,0,0,566
08/02/2021,AUS,TX,ASW,CE,Combined TRACON& Tower with Radar,411,55,80,8,554,0,0,9,0,9,411,55,89,8,563,0,0,0,563
08/03/2021,AUS,TX,ASW,CE,Combined TRACON& Tower with Radar,391,47,100,9,547,0,0,43,3,46,391,47,143,12,593,0,0,0,593
08/04/2021,AUS,TX,ASW,CE,Combined TRACON& Tower with Radar,397,40,122,9,568,0,1,75,11,87,397,41,197,20,655,0,0,0,655
08/05/2021,AUS,TX,ASW,CE,Combined TRACON& Tower with Radar,434,51,98,3,586,0,1,41,7,49,434,52,139,10,635,0,0,0,635
08/06/2021,AUS,TX,ASW,CE,Combined TRACON& Tower with Radar,440,55,84,1,580,0,0,26,17,43,440,55,110,18,623,0,0,0,623
08/07/2021,AUS,TX,ASW,CE,Combined TRACON& Tower with Radar,359,54,75,0,488,0,1,34,1,36,359,55,109,1,524,0,0,0,524
08/08/2021,AUS,TX,ASW,CE,Combined TRACON& Tower with Radar,424,68,102,0,594,0,1,32,2,35,424,69,134,2,629,0,0,0,629
08/09/2021,AUS,TX,ASW,CE,Combined TRACON& Tower with Radar,432,41,81,13,567,1,0,22,6,29,433,41,103,19,596,0,0,0,596
08/10/2021,AUS,TX,ASW,CE,Combined TRACON& Tower with Radar,403,65,96,16,580,0,1,38,6,45,403,66,134,22,625,0,0,0,625
08/11/2021,AUS,TX,ASW,CE,Combined TRACON& Tower with Radar,400,50,76,6,532,0,0,45,12,57,400,50,121,18,589,0,0,0,589
08/12/2021,AUS,TX,ASW,CE,Combined TRACON& Tower with Radar,436,47,118,17,618,0,0,46,1,47,436,47,164,18,665,0,0,0,665
08/13/2021,AUS,TX,ASW,CE,Combined TRACON& Tower with Radar,446,50,89,5,590,0,1,42,11,54,446,51,131,16,644,0,0,0,644
08/14/2021,AUS,TX,ASW,CE,Combined TRACON& Tower with Radar,379,27,54,7,467,0,0,38,2,40,379,27,92,9,507,0,0,0,507
08/15/2021,AUS,TX,ASW,CE,Combined TRACON& Tower with Radar,388,62,80,3,533,0,0,6,0,6,388,62,86,3,539,0,0,0,539
08/16/2021,AUS,TX,ASW,CE,Combined TRACON& Tower with Radar,453,55,80,11,599,0,3,38,4,45,453,58,118,15,644,0,0,0,644
08/17/2021,AUS,TX,ASW,CE,Combined TRACON& Tower with Radar,414,42,93,4,553,0,0,15,6,21,414,42,108,10,574,0,0,0,574
08/18/2021,AUS,TX,ASW,CE,Combined TRACON& Tower with Radar,412,49,100,2,563,0,1,18,10,29,412,50,118,12,592,0,0,0,592
08/19/2021,AUS,TX,ASW,CE,Combined TRACON& Tower with Radar,430,61,104,9,604,0,0,39,3,42,430,61,143,12,646,0,0,0,646
08/20/2021,AUS,TX,ASW,CE,Combined TRACON& Tower with Radar,441,54,74,15,584,0,3,41,11,55,441,57,115,26,639,0,0,0,639
08/21/2021,AUS,TX,ASW,CE,Combined TRACON& Tower with Radar,348,34,40,6,428,0,0,39,9,48,348,34,79,15,476,0,0,0,476
08/22/2021,AUS,TX,ASW,CE,Combined TRACON& Tower with Radar,410,45,72,6,533,0,0,45,3,48,410,45,117,9,581,0,0,0,581
08/23/2021,AUS,TX,ASW,CE,Combined TRACON& Tower with Radar,426,32,69,5,532,0,0,49,17,66,426,32,118,22,598,0,0,0,598
08/24/2021,AUS,TX,ASW,CE,Combined TRACON& Tower with Radar,394,57,94,8,553,0,0,43,13,56,394,57,137,21,609,0,0,0,609
08/25/2021,AUS,TX,ASW,CE,Combined TRACON& Tower with Radar,394,59,96,13,562,0,2,60,18,80,394,61,156,31,642,0,0,0,642
08/26/2021,AUS,TX,ASW,CE,Combined TRACON& Tower with Radar,433,58,95,8,594,0,2,29,21,52,433,60,124,29,646,0,0,0,646
08/27/2021,AUS,TX,ASW,CE,Combined TRACON& Tower with Radar,439,67,87,10,603,0,0,26,3,29,439,67,113,13,632,0,0,0,632
08/28/2021,AUS,TX,ASW,CE,Combined TRACON& Tower with Radar,359,39,55,13,466,0,1,34,10,45,359,40,89,23,511,0,0,0,511
08/29/2021,AUS,TX,ASW,CE,Combined TRACON& Tower with Radar,412,42,72,8,534,0,0,30,2,32,412,42,102,10,566,0,0,0,566
08/30/2021,AUS,TX,ASW,CE,Combined TRACON& Tower with Radar,428,37,85,4,554,0,1,27,4,32,428,38,112,8,586,0,0,0,586
08/31/2021,AUS,TX,ASW,CE,Combined TRACON& Tower with Radar,386,34,81,11,512,0,0,56,10,66,386,34,137,21,578,0,0,0,578
09/01/2021,AUS,TX,ASW,CE,Combined TRACON& Tower with Radar,385,52,100,6,543,0,0,43,8,51,385,52,143,14,594,0,0,0,594
09/02/2021,AUS,TX,ASW,CE,Combined TRACON& Tower with Radar,429,56,117,3,605,0,0,46,10,56,429,56,163,13,661,0,0,0,661
09/03/2021,AUS,TX,ASW,CE,Combined TRACON& Tower with Radar,456,83,109,5,653,0,2,48,5,55,456,85,157,10,708,0,0,0,708
09/04/2021,AUS,TX,ASW,CE,Combined TRACON& Tower with Radar,337,31,66,0,434,0,2,48,3,53,337,33,114,3,487,0,0,0,487
09/05/2021,AUS,TX,ASW,CE,Combined TRACON& Tower with Radar,382,29,56,1,468,0,3,40,2,45,382,32,96,3,513,0,0,0,513
09/06/2021,AUS,TX,ASW,CE,Combined TRACON& Tower with Radar,404,48,98,2,552,0,0,42,2,44,404,48,140,4,596,0,0,0,596
09/07/2021,AUS,TX,ASW,CE,Combined TRACON& Tower with Radar,381,47,71,8,507,0,3,56,14,73,381,50,127,22,580,0,0,0,580
09/08/2021,AUS,TX,ASW,CE,Combined TRACON& Tower with Radar,414,60,91,4,569,0,0,58,8,66,414,60,149,12,635,0,0,0,635
09/09/2021,AUS,TX,ASW,CE,Combined TRACON& Tower with Radar,449,66,120,10,645,0,0,75,4,79,449,66,195,14,724,0,0,0,724
09/10/2021,AUS,TX,ASW,CE,Combined TRACON& Tower with Radar,467,78,99,2,646,0,0,65,6,71,467,78,164,8,717,0,0,0,717
09/11/2021,AUS,TX,ASW,CE,Combined TRACON& Tower with Radar,369,35,60,6,470,0,0,51,3,54,369,35,111,9,524,0,0,0,524
09/12/2021,AUS,TX,ASW,CE,Combined TRACON& Tower with Radar,446,59,102,1,608,0,2,42,1,45,446,61,144,2,653,0,0,0,653
09/13/2021,AUS,TX,ASW,CE,Combined TRACON& Tower with Radar,456,37,64,10,567,0,0,9,3,12,456,37,73,13,579,0,0,0,579
09/14/2021,AUS,TX,ASW,CE,Combined TRACON& Tower with Radar,415,54,102,10,581,0,3,34,3,40,415,57,136,13,621,0,0,0,621
09/15/2021,AUS,TX,ASW,CE,Combined TRACON& Tower with Radar,423,60,94,6,583,0,1,51,7,59,423,61,145,13,642,0,0,0,642
09/16/2021,AUS,TX,ASW,CE,Combined TRACON& Tower with Radar,472,73,101,5,651,0,0,66,5,71,472,73,167,10,722,0,0,0,722
09/17/2021,AUS,TX,ASW,CE,Combined TRACON& Tower with Radar,475,71,104,6,656,0,2,54,9,65,475,73,158,15,721,0,0,0,721
09/18/2021,AUS,TX,ASW,CE,Combined TRACON& Tower with Radar,376,40,66,4,486,0,3,57,4,64,376,43,123,8,550,0,0,0,550
09/19/2021,AUS,TX,ASW,CE,Combined TRACON& Tower with Radar,448,79,97,3,627,0,1,65,2,68,448,80,162,5,695,0,0,0,695
09/20/2021,AUS,TX,ASW,CE,Combined TRACON& Tower with Radar,461,61,96,9,627,0,1,63,2,66,461,62,159,11,693,0,0,0,693
09/21/2021,AUS,TX,ASW,CE,Combined TRACON& Tower with Radar,412,48,105,8,573,0,0,29,7,36,412,48,134,15,609,0,0,0,609
09/22/2021,AUS,TX,ASW,CE,Combined TRACON& Tower with Radar,418,46,97,12,573,0,5,54,9,68,418,51,151,21,641,0,0,0,641
09/23/2021,AUS,TX,ASW,CE,Combined TRACON& Tower with Radar,445,80,140,7,672,0,0,59,6,65,445,80,199,13,737,0,0,0,737
09/24/2021,AUS,TX,ASW,CE,Combined TRACON& Tower with Radar,475,83,137,3,698,0,0,59,4,63,475,83,196,7,761,0,0,0,761
09/25/2021,AUS,TX,ASW,CE,Combined TRACON& Tower with Radar,375,55,109,0,539,0,3,55,0,58,375,58,164,0,597,0,0,0,597
09/26/2021,AUS,TX,ASW,CE,Combined TRACON& Tower with Radar,449,93,124,1,667,0,1,75,0,76,449,94,199,1,743,0,0,0,743
09/27/2021,AUS,TX,ASW,CE,Combined TRACON& Tower with Radar,461,77,100,7,645,0,1,49,10,60,461,78,149,17,705,0,0,0,705
09/28/2021,AUS,TX,ASW,CE,Combined TRACON& Tower with Radar,396,64,90,7,557,0,1,46,9,56,396,65,136,16,613,0,0,0,613
09/29/2021,AUS,TX,ASW,CE,Combined TRACON& Tower with Radar,451,72,123,9,655,0,2,32,4,38,451,74,155,13,693,0,0,0,693
09/30/2021,AUS,TX,ASW,CE,Combined TRACON& Tower with Radar,469,92,133,10,704,0,0,17,6,23,469,92,150,16,727,0,0,0,727
10/01/2021,AUS,TX,ASW,CE,Combined TRACON& Tower with Radar,473,76,127,3,679,0,0,15,7,22,473,76,142,10,701,0,0,0,701
10/02/2021,AUS,TX,ASW,CE,Combined TRACON& Tower with Radar,365,45,83,0,493,0,0,23,5,28,365,45,106,5,521,0,0,0,521
10/03/2021,AUS,TX,ASW,CE,Combined TRACON& Tower with Radar,454,89,121,0,664,0,0,35,0,35,454,89,156,0,699,0,0,0,699
10/04/2021,AUS,TX,ASW,CE,Combined TRACON& Tower with Radar,462,56,117,11,646,0,1,49,5,55,462,57,166,16,701,0,0,0,701
10/05/2021,AUS,TX,ASW,CE,Combined TRACON& Tower with Radar,417,52,101,10,580,0,1,43,11,55,417,53,144,21,635,0,0,0,635
10/06/2021,AUS,TX,ASW,CE,Combined TRACON& Tower with Radar,422,79,118,20,639,0,0,74,11,85,422,79,192,31,724,12,0,12,736
10/07/2021,AUS,TX,ASW,CE,Combined TRACON& Tower with Radar,490,93,165,5,753,0,1,60,21,82,490,94,225,26,835,0,0,0,835
10/08/2021,AUS,TX,ASW,CE,Combined TRACON& Tower with Radar,510,87,144,6,747,0,1,63,11,75,510,88,207,17,822,0,0,0,822
10/09/2021,AUS,TX,ASW,CE,Combined TRACON& Tower with Radar,363,65,92,0,520,0,0,53,6,59,363,65,145,6,579,0,0,0,579
10/10/2021,AUS,TX,ASW,CE,Combined TRACON& Tower with Radar,417,68,116,2,603,0,0,17,1,18,417,68,133,3,621,0,0,0,621
10/11/2021,AUS,TX,ASW,CE,Combined TRACON& Tower with Radar,500,76,118,4,698,0,0,48,4,52,500,76,166,8,750,0,0,0,750
10/12/2021,AUS,TX,ASW,CE,Combined TRACON& Tower with Radar,469,71,109,4,653,0,0,7,3,10,469,71,116,7,663,0,0,0,663
10/13/2021,AUS,TX,ASW,CE,Combined TRACON& Tower with Radar,458,52,125,3,638,0,0,24,2,26,458,52,149,5,664,0,0,0,664
10/14/2021,AUS,TX,ASW,CE,Combined TRACON& Tower with Radar,522,96,137,7,762,0,0,20,6,26,522,96,157,13,788,0,0,0,788
10/15/2021,AUS,TX,ASW,CE,Combined TRACON& Tower with Radar,524,82,137,7,750,0,0,37,6,43,524,82,174,13,793,0,0,0,793
10/16/2021,AUS,TX,ASW,CE,Combined TRACON& Tower with Radar,377,60,101,2,540,0,1,69,0,70,377,61,170,2,610,0,0,0,610
10/17/2021,AUS,TX,ASW,CE,Combined TRACON& Tower with Radar,477,87,158,2,724,0,3,70,2,75,477,90,228,4,799,10,0,10,809
10/18/2021,AUS,TX,ASW,CE,Combined TRACON& Tower with Radar,513,71,113,2,699,0,0,63,13,76,513,71,176,15,775,0,0,0,775
10/19/2021,AUS,TX,ASW,CE,Combined TRACON& Tower with Radar,477,72,118,1,668,0,0,73,9,82,477,72,191,10,750,0,0,0,750
10/20/2021,AUS,TX,ASW,CE,Combined TRACON& Tower with Radar,471,84,143,5,703,0,1,43,9,53,471,85,186,14,756,0,0,0,756
10/21/2021,AUS,TX,ASW,CE,Combined TRACON& Tower with Radar,497,142,196,6,841,0,2,58,10,70,497,144,254,16,911,0,0,0,911
10/22/2021,AUS,TX,ASW,CE,Combined TRACON& Tower with Radar,505,162,258,3,928,0,0,54,8,62,505,162,312,11,990,0,0,0,990
10/23/2021,AUS,TX,ASW,CE,Combined TRACON& Tower with Radar,382,96,114,4,596,0,0,35,12,47,382,96,149,16,643,0,0,0,643
10/24/2021,AUS,TX,ASW,CE,Combined TRACON& Tower with Radar,479,225,309,4,1017,0,2,36,9,47,479,227,345,13,1064,0,0,0,1064
10/25/2021,AUS,TX,ASW,CE,Combined TRACON& Tower with Radar,518,147,233,6,904,0,1,33,3,37,518,148,266,9,941,0,0,0,941
10/26/2021,AUS,TX,ASW,CE,Combined TRACON& Tower with Radar,478,88,134,6,706,0,0,23,19,42,478,88,157,25,748,0,0,0,748
10/27/2021,AUS,TX,ASW,CE,Combined TRACON& Tower with Radar,478,79,105,8,670,0,0,24,10,34,478,79,129,18,704,0,0,0,704
10/28/2021,AUS,TX,ASW,CE,Combined TRACON& Tower with Radar,498,65,124,10,697,0,0,23,12,35,498,65,147,22,732,0,0,0,732
10/29/2021,AUS,TX,ASW,CE,Combined TRACON& Tower with Radar,508,89,122,13,732,0,0,30,18,48,508,89,152,31,780,0,0,0,780
10/30/2021,AUS,TX,ASW,CE,Combined TRACON& Tower with Radar,362,51,61,0,474,0,0,53,14,67,362,51,114,14,541,0,0,0,541
10/31/2021,AUS,TX,ASW,CE,Combined TRACON& Tower with Radar,405,68,89,5,567,0,1,62,1,64,405,69,151,6,631,0,0,0,631
11/01/2021,AUS,TX,ASW,CE,Combined TRACON& Tower with Radar,488,53,101,23,665,0,0,52,5,57,488,53,153,28,722,0,0,0,722
11/02/2021,AUS,TX,ASW,CE,Combined TRACON& Tower with Radar,473,60,100,19,652,0,0,31,10,41,473,60,131,29,693,0,4,4,697
11/03/2021,AUS,TX,ASW,CE,Combined TRACON& Tower with Radar,497,83,86,3,669,0,0,0,0,0,497,83,86,3,669,0,0,0,669
11/04/2021,AUS,TX,ASW,CE,Combined TRACON& Tower with Radar,513,94,148,13,768,0,2,16,12,30,513,96,164,25,798,0,0,0,798
11/05/2021,AUS,TX,ASW,CE,Combined TRACON& Tower with Radar,540,79,102,4,725,0,0,62,8,70,540,79,164,12,795,0,0,0,795
11/06/2021,AUS,TX,ASW,CE,Combined TRACON& Tower with Radar,420,57,80,1,558,0,0,45,9,54,420,57,125,10,612,0,0,0,612
11/07/2021,AUS,TX,ASW,CE,Combined TRACON& Tower with Radar,487,87,118,3,695,0,2,55,5,62,487,89,173,8,757,0,0,0,757
11/08/2021,AUS,TX,ASW,CE,Combined TRACON& Tower with Radar,524,73,98,4,699,0,0,36,10,46,524,73,134,14,745,0,0,0,745
11/09/2021,AUS,TX,ASW,CE,Combined TRACON& Tower with Radar,470,56,104,7,637,0,0,53,2,55,470,56,157,9,692,0,0,0,692
11/10/2021,AUS,TX,ASW,CE,Combined TRACON& Tower with Radar,513,88,126,7,734,0,3,32,6,41,513,91,158,13,775,0,0,0,775
11/11/2021,AUS,TX,ASW,CE,Combined TRACON& Tower with Radar,518,104,119,5,746,0,3,54,7,64,518,107,173,12,810,0,0,0,810
11/12/2021,AUS,TX,ASW,CE,Combined TRACON& Tower with Radar,542,68,138,5,753,0,0,51,7,58,542,68,189,12,811,0,0,0,811
11/13/2021,AUS,TX,ASW,CE,Combined TRACON& Tower with Radar,422,56,75,0,553,0,0,53,2,55,422,56,128,2,608,0,0,0,608
11/14/2021,AUS,TX,ASW,CE,Combined TRACON& Tower with Radar,515,69,143,2,729,0,0,66,3,69,515,69,209,5,798,0,0,0,798
11/15/2021,AUS,TX,ASW,CE,Combined TRACON& Tower with Radar,535,56,125,3,719,0,0,28,3,31,535,56,153,6,750,0,0,0,750
11/16/2021,AUS,TX,ASW,CE,Combined TRACON& Tower with Radar,479,75,127,14,695,0,0,30,7,37,479,75,157,21,732,0,4,4,736
11/17/2021,AUS,TX,ASW,CE,Combined TRACON& Tower with Radar,494,100,144,8,746,0,0,41,20,61,494,100,185,28,807,0,0,0,807
11/18/2021,AUS,TX,ASW,CE,Combined TRACON& Tower with Radar,519,104,135,3,761,0,0,55,19,74,519,104,190,22,835,0,0,0,835
11/19/2021,AUS,TX,ASW,CE,Combined TRACON& Tower with Radar,532,110,128,6,776,0,0,72,12,84,532,110,200,18,860,0,0,0,860
11/20/2021,AUS,TX,ASW,CE,Combined TRACON& Tower with Radar,464,63,107,2,636,0,0,39,7,46,464,63,146,9,682,0,0,0,682
11/21/2021,AUS,TX,ASW,CE,Combined TRACON& Tower with Radar,520,70,119,3,712,0,1,24,0,25,520,71,143,3,737,0,0,0,737
11/22/2021,AUS,TX,ASW,CE,Combined TRACON& Tower with Radar,522,68,104,2,696,0,0,65,3,68,522,68,169,5,764,0,0,0,764
11/23/2021,AUS,TX,ASW,CE,Combined TRACON& Tower with Radar,516,74,108,2,700,0,0,66,9,75,516,74,174,11,775,0,0,0,775
11/24/2021,AUS,TX,ASW,CE,Combined TRACON& Tower with Radar,520,66,107,2,695,0,0,27,4,31,520,66,134,6,726,0,0,0,726
11/25/2021,AUS,TX,ASW,CE,Combined TRACON& Tower with Radar,337,32,22,0,391,0,0,2,0,2,337,32,24,0,393,0,0,0,393
11/26/2021,AUS,TX,ASW,CE,Combined TRACON& Tower with Radar,414,63,60,0,537,0,0,40,0,40,414,63,100,0,577,0,0,0,577
11/27/2021,AUS,TX,ASW,CE,Combined TRACON& Tower with Radar,492,74,120,0,686,0,0,3,0,3,492,74,123,0,689,0,0,0,689
11/28/2021,AUS,TX,ASW,CE,Combined TRACON& Tower with Radar,517,65,195,0,777,0,3,46,1,50,517,68,241,1,827,0,0,0,827
11/29/2021,AUS,TX,ASW,CE,Combined TRACON& Tower with Radar,530,66,106,2,704,0,2,47,5,54,530,68,153,7,758,0,0,0,758
11/30/2021,AUS,TX,ASW,CE,Combined TRACON& Tower with Radar,490,70,116,3,679,0,4,64,7,75,490,74,180,10,754,0,0,0,754
12/01/2021,AUS,TX,ASW,CE,Combined TRACON& Tower with Radar,487,71,109,2,669,0,2,62,16,80,487,73,171,18,749,0,0,0,749
12/02/2021,AUS,TX,ASW,CE,Combined TRACON& Tower with Radar,512,76,111,7,706,0,1,39,9,49,512,77,150,16,755,0,0,0,755
12/03/2021,AUS,TX,ASW,CE,Combined TRACON& Tower with Radar,512,58,103,5,678,0,0,25,4,29,512,58,128,9,707,0,0,0,707
12/04/2021,AUS,TX,ASW,CE,Combined TRACON& Tower with Radar,399,50,73,14,536,0,0,24,8,32,399,50,97,22,568,0,0,0,568
12/05/2021,AUS,TX,ASW,CE,Combined TRACON& Tower with Radar,486,67,110,14,677,0,0,16,4,20,486,67,126,18,697,0,6,6,703
12/06/2021,AUS,TX,ASW,CE,Combined TRACON& Tower with Radar,510,50,85,8,653,0,0,18,5,23,510,50,103,13,676,0,0,0,676
12/07/2021,AUS,TX,ASW,CE,Combined TRACON& Tower with Radar,453,69,115,3,640,0,2,51,7,60,453,71,166,10,700,0,0,0,700
12/08/2021,AUS,TX,ASW,CE,Combined TRACON& Tower with Radar,474,88,127,5,694,0,2,78,12,92,474,90,205,17,786,0,0,0,786
12/09/2021,AUS,TX,ASW,CE,Combined TRACON& Tower with Radar,512,80,127,4,723,0,0,35,17,52,512,80,162,21,775,4,0,4,779
12/10/2021,AUS,TX,ASW,CE,Combined TRACON& Tower with Radar,517,51,127,10,705,0,2,35,12,49,517,53,162,22,754,0,0,0,754
12/11/2021,AUS,TX,ASW,CE,Combined TRACON& Tower with Radar,401,41,65,7,514,0,0,36,9,45,401,41,101,16,559,0,0,0,559
12/12/2021,AUS,TX,ASW,CE,Combined TRACON& Tower with Radar,486,42,106,4,638,0,0,85,6,91,486,42,191,10,729,0,0,0,729
12/13/2021,AUS,TX,ASW,CE,Combined TRACON& Tower with Radar,513,49,114,6,682,0,1,17,4,22,513,50,131,10,704,0,0,0,704
12/14/2021,AUS,TX,ASW,CE,Combined TRACON& Tower with Radar,455,55,81,9,600,0,0,4,8,12,455,55,85,17,612,0,0,0,612
12/15/2021,AUS,TX,ASW,CE,Combined TRACON& Tower with Radar,462,80,95,16,653,0,0,42,4,46,462,80,137,20,699,0,0,0,699
12/16/2021,AUS,TX,ASW,CE,Combined TRACON& Tower with Radar,513,75,145,13,746,0,0,50,11,61,513,75,195,24,807,0,0,0,807
12/17/2021,AUS,TX,ASW,CE,Combined TRACON& Tower with Radar,520,76,140,11,747,0,0,29,3,32,520,76,169,14,779,0,0,0,779
12/18/2021,AUS,TX,ASW,CE,Combined TRACON& Tower with Radar,446,59,90,4,599,0,0,4,0,4,446,59,94,4,603,0,0,0,603
12/19/2021,AUS,TX,ASW,CE,Combined TRACON& Tower with Radar,488,54,77,7,626,0,0,51,1,52,488,54,128,8,678,0,0,0,678
12/20/2021,AUS,TX,ASW,CE,Combined TRACON& Tower with Radar,512,48,88,8,656,0,0,61,8,69,512,48,149,16,725,0,0,0,725
12/21/2021,AUS,TX,ASW,CE,Combined TRACON& Tower with Radar,479,57,101,11,648,0,1,77,13,91,479,58,178,24,739,0,0,0,739
12/22/2021,AUS,TX,ASW,CE,Combined TRACON& Tower with Radar,492,71,97,2,662,1,0,56,7,64,493,71,153,9,726,0,0,0,726
12/23/2021,AUS,TX,ASW,CE,Combined TRACON& Tower with Radar,500,64,88,6,658,0,1,24,2,27,500,65,112,8,685,0,0,0,685
12/24/2021,AUS,TX,ASW,CE,Combined TRACON& Tower with Radar,463,35,41,0,539,0,0,7,1,8,463,35,48,1,547,0,0,0,547
12/25/2021,AUS,TX,ASW,CE,Combined TRACON& Tower with Radar,360,29,20,0,409,0,0,11,0,11,360,29,31,0,420,0,0,0,420
12/26/2021,AUS,TX,ASW,CE,Combined TRACON& Tower with Radar,449,38,107,0,594,0,0,12,1,13,449,38,119,1,607,0,0,0,607
12/27/2021,AUS,TX,ASW,CE,Combined TRACON& Tower with Radar,481,53,111,0,645,0,1,17,0,18,481,54,128,0,663,0,0,0,663
12/28/2021,AUS,TX,ASW,CE,Combined TRACON& Tower with Radar,475,61,83,7,626,0,0,26,4,30,475,61,109,11,656,0,0,0,656
12/29/2021,AUS,TX,ASW,CE,Combined TRACON& Tower with Radar,486,58,96,4,644,0,0,21,9,30,486,58,117,13,674,0,0,0,674
12/30/2021,AUS,TX,ASW,CE,Combined TRACON& Tower with Radar,484,55,79,2,620,0,0,56,6,62,484,55,135,8,682,0,0,0,682
12/31/2021,AUS,TX,ASW,CE,Combined TRACON& Tower with Radar,436,36,48,0,520,0,0,13,0,13,436,36,61,0,533,0,0,0,533
01/01/2022,AUS,TX,ASW,CE,Combined TRACON& Tower with Radar,378,51,43,0,472,0,0,9,0,9,378,51,52,0,481,0,0,0,481
01/02/2022,AUS,TX,ASW,CE,Combined TRACON& Tower with Radar,442,52,107,0,601,0,0,15,0,15,442,52,122,0,616,0,0,0,616
01/03/2022,AUS,TX,ASW,CE,Combined TRACON& Tower with Radar,462,66,92,1,621,0,0,45,4,49,462,66,137,5,670,0,0,0,670
01/04/2022,AUS,TX,ASW,CE,Combined TRACON& Tower with Radar,434,67,89,0,590,0,0,26,5,31,434,67,115,5,621,0,0,0,621
01/05/2022,AUS,TX,ASW,CE,Combined TRACON& Tower with Radar,468,59,69,6,602,0,2,41,3,46,468,61,110,9,648,0,0,0,648
01/06/2022,AUS,TX,ASW,CE,Combined TRACON& Tower with Radar,447,56,76,11,590,0,0,60,11,71,447,56,136,22,661,0,0,0,661
01/07/2022,AUS,TX,ASW,CE,Combined TRACON& Tower with Radar,459,52,84,8,603,0,0,14,4,18,459,52,98,12,621,0,0,0,621
01/08/2022,AUS,TX,ASW,CE,Combined TRACON& Tower with Radar,382,49,49,4,484,0,0,0,0,0,382,49,49,4,484,0,0,0,484
01/09/2022,AUS,TX,ASW,CE,Combined TRACON& Tower with Radar,464,45,73,5,587,0,0,30,1,31,464,45,103,6,618,0,0,0,618
01/10/2022,AUS,TX,ASW,CE,Combined TRACON& Tower with Radar,470,46,66,12,594,0,0,28,5,33,470,46,94,17,627,0,0,0,627
01/11/2022,AUS,TX,ASW,CE,Combined TRACON& Tower with Radar,434,47,78,3,562,0,1,43,10,54,434,48,121,13,616,0,0,0,616
01/12/2022,AUS,TX,ASW,CE,Combined TRACON& Tower with Radar,475,56,87,13,631,0,0,49,12,61,475,56,136,25,692,0,0,0,692
01/13/2022,AUS,TX,ASW,CE,Combined TRACON& Tower with Radar,487,51,86,8,632,0,0,60,21,81,487,51,146,29,713,0,0,0,713
01/14/2022,AUS,TX,ASW,CE,Combined TRACON& Tower with Radar,492,61,98,5,656,0,0,54,7,61,492,61,152,12,717,0,0,0,717
01/15/2022,AUS,TX,ASW,CE,Combined TRACON& Tower with Radar,395,45,59,11,510,0,0,2,0,2,395,45,61,11,512,0,0,0,512
01/16/2022,AUS,TX,ASW,CE,Combined TRACON& Tower with Radar,408,40,81,1,530,0,1,67,0,68,408,41,148,1,598,0,0,0,598
01/17/2022,AUS,TX,ASW,CE,Combined TRACON& Tower with Radar,489,70,114,4,677,0,2,68,2,72,489,72,182,6,749,4,0,4,753
01/18/2022,AUS,TX,ASW,CE,Combined TRACON& Tower with Radar,461,78,88,19,646,0,0,47,10,57,461,78,135,29,703,0,0,0,703
01/19/2022,AUS,TX,ASW,CE,Combined TRACON& Tower with Radar,487,40,88,10,625,0,0,28,18,46,487,40,116,28,671,0,0,0,671
01/20/2022,AUS,TX,ASW,CE,Combined TRACON& Tower with Radar,483,46,92,0,621,0,0,8,2,10,483,46,100,2,631,0,0,0,631
01/21/2022,AUS,TX,ASW,CE,Combined TRACON& Tower with Radar,503,55,85,13,656,0,0,52,2,54,503,55,137,15,710,0,0,0,710
01/22/2022,AUS,TX,ASW,CE,Combined TRACON& Tower with Radar,388,49,41,14,492,0,0,43,8,51,388,49,84,22,543,0,0,0,543
01/23/2022,AUS,TX,ASW,CE,Combined TRACON& Tower with Radar,476,45,88,13,622,0,0,70,2,72,476,45,158,15,694,0,0,0,694
01/24/2022,AUS,TX,ASW,CE,Combined TRACON& Tower with Radar,496,41,62,0,599,0,0,0,0,0,496,41,62,0,599,0,0,0,599
01/25/2022,AUS,TX,ASW,CE,Combined TRACON& Tower with Radar,464,50,114,3,631,0,0,12,2,14,464,50,126,5,645,0,12,12,657
01/26/2022,AUS,TX,ASW,CE,Combined TRACON& Tower with Radar,469,53,104,10,636,0,0,65,13,78,469,53,169,23,714,0,0,0,714
01/27/2022,AUS,TX,ASW,CE,Combined TRACON& Tower with Radar,501,66,121,5,693,0,0,76,15,91,501,66,197,20,784,0,0,0,784
01/28/2022,AUS,TX,ASW,CE,Combined TRACON& Tower with Radar,497,54,92,10,653,0,2,68,2,72,497,56,160,12,725,0,0,0,725
01/29/2022,AUS,TX,ASW,CE,Combined TRACON& Tower with Radar,362,33,66,4,465,0,0,53,6,59,362,33,119,10,524,0,0,0,524
01/30/2022,AUS,TX,ASW,CE,Combined TRACON& Tower with Radar,471,50,117,10,648,0,0,63,1,64,471,50,180,11,712,0,0,0,712
01/31/2022,AUS,TX,ASW,CE,Combined TRACON& Tower with Radar,506,62,64,5,637,0,1,0,0,1,506,63,64,5,638,0,0,0,638
02/01/2022,AUS,TX,ASW,CE,Combined TRACON& Tower with Radar,471,52,89,10,622,0,0,24,5,29,471,52,113,15,651,0,0,0,651
02/02/2022,AUS,TX,ASW,CE,Combined TRACON& Tower with Radar,389,80,85,1,555,5,1,2,0,8,394,81,87,1,563,0,0,0,563
02/03/2022,AUS,TX,ASW,CE,Combined TRACON& Tower with Radar,41,11,20,0,72,0,0,0,0,0,41,11,20,0,72,0,0,0,72
02/04/2022,AUS,TX,ASW,CE,Combined TRACON& Tower with Radar,347,49,102,9,507,0,2,25,4,31,347,51,127,13,538,0,0,0,538
02/05/2022,AUS,TX,ASW,CE,Combined TRACON& Tower with Radar,339,41,48,12,440,0,1,50,13,64,339,42,98,25,504,0,0,0,504
02/06/2022,AUS,TX,ASW,CE,Combined TRACON& Tower with Radar,469,50,86,2,607,0,4,58,4,66,469,54,144,6,673,0,0,0,673
02/07/2022,AUS,TX,ASW,CE,Combined TRACON& Tower with Radar,501,66,93,6,666,0,1,72,5,78,501,67,165,11,744,0,0,0,744
02/08/2022,AUS,TX,ASW,CE,Combined TRACON& Tower with Radar,473,60,98,2,633,0,0,74,17,91,473,60,172,19,724,0,0,0,724
02/09/2022,AUS,TX,ASW,CE,Combined TRACON& Tower with Radar,482,62,98,8,650,0,0,60,22,82,482,62,158,30,732,0,0,0,732
02/10/2022,AUS,TX,ASW,CE,Combined TRACON& Tower with Radar,509,86,102,5,702,0,0,65,15,80,509,86,167,20,782,0,0,0,782
02/11/2022,AUS,TX,ASW,CE,Combined TRACON& Tower with Radar,514,73,84,13,684,0,2,59,7,68,514,75,143,20,752,0,0,0,752
02/12/2022,AUS,TX,ASW,CE,Combined TRACON& Tower with Radar,393,45,57,10,505,0,1,12,2,15,393,46,69,12,520,0,0,0,520
02/13/2022,AUS,TX,ASW,CE,Combined TRACON& Tower with Radar,471,66,77,4,618,0,1,56,2,59,471,67,133,6,677,0,0,0,677
02/14/2022,AUS,TX,ASW,CE,Combined TRACON& Tower with Radar,509,67,86,5,667,0,0,39,4,43,509,67,125,9,710,0,0,0,710
02/15/2022,AUS,TX,ASW,CE,Combined TRACON& Tower with Radar,476,76,82,11,645,0,0,44,6,50,476,76,126,17,695,0,0,0,695
02/16/2022,AUS,TX,ASW,CE,Combined TRACON& Tower with Radar,491,88,122,7,708,0,0,4,12,16,491,88,126,19,724,0,0,0,724
02/17/2022,AUS,TX,ASW,CE,Combined TRACON& Tower with Radar,481,85,152,10,728,0,0,35,15,50,481,85,187,25,778,0,0,0,778
02/18/2022,AUS,TX,ASW,CE,Combined TRACON& Tower with Radar,516,58,118,11,703,0,1,66,16,83,516,59,184,27,786,0,0,0,786
02/19/2022,AUS,TX,ASW,CE,Combined TRACON& Tower with Radar,421,45,69,6,541,0,1,60,2,63,421,46,129,8,604,0,0,0,604
02/20/2022,AUS,TX,ASW,CE,Combined TRACON& Tower with Radar,461,55,95,7,618,0,0,49,2,51,461,55,144,9,669,0,0,0,669
02/21/2022,AUS,TX,ASW,CE,Combined TRACON& Tower with Radar,505,49,131,4,689,0,0,8,0,8,505,49,139,4,697,0,0,0,697
02/22/2022,AUS,TX,ASW,CE,Combined TRACON& Tower with Radar,476,66,136,7,685,0,1,49,11,61,476,67,185,18,746,0,2,2,748
02/23/2022,AUS,TX,ASW,CE,Combined TRACON& Tower with Radar,440,61,81,9,591,0,0,0,0,0,440,61,81,9,591,0,0,0,591
02/24/2022,AUS,TX,ASW,CE,Combined TRACON& Tower with Radar,423,72,96,3,594,0,0,0,0,0,423,72,96,3,594,0,0,0,594
02/25/2022,AUS,TX,ASW,CE,Combined TRACON& Tower with Radar,492,82,84,24,682,0,0,15,11,26,492,82,99,35,708,0,0,0,708
02/26/2022,AUS,TX,ASW,CE,Combined TRACON& Tower with Radar,425,44,61,2,532,0,0,0,2,2,425,44,61,4,534,0,0,0,534
02/27/2022,AUS,TX,ASW,CE,Combined TRACON& Tower with Radar,484,55,100,4,643,0,0,59,7,66,484,55,159,11,709,0,0,0,709
02/28/2022,AUS,TX,ASW,CE,Combined TRACON& Tower with Radar,521,65,87,3,676,0,1,64,6,71,521,66,151,9,747,0,0,0,747
03/01/2022,AUS,TX,ASW,CE,Combined TRACON& Tower with Radar,478,75,105,3,661,1,0,63,17,81,479,75,168,20,742,0,0,0,742
03/02/2022,AUS,TX,ASW,CE,Combined TRACON& Tower with Radar,493,84,115,9,701,0,3,65,7,75,493,87,180,16,776,4,0,4,780
03/03/2022,AUS,TX,ASW,CE,Combined TRACON& Tower with Radar,499,88,161,14,762,0,2,56,5,63,499,90,217,19,825,0,0,0,825
03/04/2022,AUS,TX,ASW,CE,Combined TRACON& Tower with Radar,510,87,122,3,722,0,0,19,13,32,510,87,141,16,754,0,0,0,754
03/05/2022,AUS,TX,ASW,CE,Combined TRACON& Tower with Radar,400,71,91,5,567,0,0,30,13,43,400,71,121,18,610,0,0,0,610
03/06/2022,AUS,TX,ASW,CE,Combined TRACON& Tower with Radar,497,107,134,3,741,0,0,14,2,16,497,107,148,5,757,0,0,0,757
03/07/2022,AUS,TX,ASW,CE,Combined TRACON& Tower with Radar,516,66,86,8,676,0,0,28,4,32,516,66,114,12,708,6,0,6,714
03/08/2022,AUS,TX,ASW,CE,Combined TRACON& Tower with Radar,499,66,99,11,675,0,0,22,5,27,499,66,121,16,702,0,0,0,702
03/09/2022,AUS,TX,ASW,CE,Combined TRACON& Tower with Radar,491,74,127,7,699,0,1,72,14,87,491,75,199,21,786,0,0,0,786
03/10/2022,AUS,TX,ASW,CE,Combined TRACON& Tower with Radar,552,101,144,13,810,0,0,67,10,77,552,101,211,23,887,0,0,0,887
03/11/2022,AUS,TX,ASW,CE,Combined TRACON& Tower with Radar,568,116,157,5,846,0,0,9,5,14,568,116,166,10,860,0,0,0,860
03/12/2022,AUS,TX,ASW,CE,Combined TRACON& Tower with Radar,452,85,117,4,658,0,0,71,4,75,452,85,188,8,733,0,0,0,733
03/13/2022,AUS,TX,ASW,CE,Combined TRACON& Tower with Radar,515,68,116,7,706,0,0,52,0,52,515,68,168,7,758,0,0,0,758
03/14/2022,AUS,TX,ASW,CE,Combined TRACON& Tower with Radar,569,68,115,8,760,0,0,15,11,26,569,68,130,19,786,0,0,0,786
03/15/2022,AUS,TX,ASW,CE,Combined TRACON& Tower with Radar,548,56,85,6,695,0,2,45,13,60,548,58,130,19,755,0,0,0,755
03/16/2022,AUS,TX,ASW,CE,Combined TRACON& Tower with Radar,554,72,120,6,752,0,1,66,15,82,554,73,186,21,834,0,0,0,834
03/17/2022,AUS,TX,ASW,CE,Combined TRACON& Tower with Radar,573,79,98,4,754,0,0,15,7,22,573,79,113,11,776,0,0,0,776
03/18/2022,AUS,TX,ASW,CE,Combined TRACON& Tower with Radar,562,75,119,8,764,0,0,42,6,48,562,75,161,14,812,0,0,0,812
03/19/2022,AUS,TX,ASW,CE,Combined TRACON& Tower with Radar,479,85,114,3,681,0,0,73,0,73,479,85,187,3,754,0,0,0,754
03/20/2022,AUS,TX,ASW,CE,Combined TRACON& Tower with Radar,563,97,147,6,813,0,0,49,0,49,563,97,196,6,862,0,0,0,862
03/21/2022,AUS,TX,ASW,CE,Combined TRACON& Tower with Radar,454,74,64,7,599,0,0,0,2,2,454,74,64,9,601,0,0,0,601
03/22/2022,AUS,TX,ASW,CE,Combined TRACON& Tower with Radar,559,60,88,6,713,0,1,27,10,38,559,61,115,16,751,0,0,0,751
03/23/2022,AUS,TX,ASW,CE,Combined TRACON& Tower with Radar,554,72,127,6,759,0,3,53,9,65,554,75,180,15,824,0,0,0,824
03/24/2022,AUS,TX,ASW,CE,Combined TRACON& Tower with Radar,576,80,132,6,794,0,0,69,5,74,576,80,201,11,868,12,0,12,880
03/25/2022,AUS,TX,ASW,CE,Combined TRACON& Tower with Radar,576,95,144,3,818,0,4,82,8,94,576,99,226,11,912,0,0,0,912
03/26/2022,AUS,TX,ASW,CE,Combined TRACON& Tower with Radar,475,80,98,0,653,0,2,62,4,68,475,82,160,4,721,0,0,0,721
03/27/2022,AUS,TX,ASW,CE,Combined TRACON& Tower with Radar,546,101,172,2,821,0,2,48,6,56,546,103,220,8,877,0,0,0,877
03/28/2022,AUS,TX,ASW,CE,Combined TRACON& Tower with Radar,563,59,106,6,734,0,0,38,6,44,563,59,144,12,778,0,0,0,778
03/29/2022,AUS,TX,ASW,CE,Combined TRACON& Tower with Radar,557,54,116,8,735,0,1,17,7,25,557,55,133,15,760,0,0,0,760
03/30/2022,AUS,TX,ASW,CE,Combined TRACON& Tower with Radar,550,78,96,2,726,0,0,26,9,35,550,78,122,11,761,0,0,0,761
03/31/2022,AUS,TX,ASW,CE,Combined TRACON& Tower with Radar,556,81,127,8,772,0,7,110,19,136,556,88,237,27,908,0,0,0,908
04/01/2022,AUS,TX,ASW,CE,Combined TRACON& Tower with Radar,560,86,119,9,774,0,3,47,10,60,560,89,166,19,834,0,0,0,834
04/02/2022,AUS,TX,ASW,CE,Combined TRACON& Tower with Radar,426,69,63,8,566,0,8,55,4,67,426,77,118,12,633,0,0,0,633
04/03/2022,AUS,TX,ASW,CE,Combined TRACON& Tower with Radar,529,96,104,6,735,0,4,66,3,73,529,100,170,9,808,0,0,0,808
04/04/2022,AUS,TX,ASW,CE,Combined TRACON& Tower with Radar,558,69,101,6,734,0,0,5,3,8,558,69,106,9,742,0,0,0,742
04/05/2022,AUS,TX,ASW,CE,Combined TRACON& Tower with Radar,546,59,93,10,708,0,2,38,7,47,546,61,131,17,755,0,0,0,755
04/06/2022,AUS,TX,ASW,CE,Combined TRACON& Tower with Radar,542,56,126,15,739,0,0,53,6,59,542,56,179,21,798,0,0,0,798
04/07/2022,AUS,TX,ASW,CE,Combined TRACON& Tower with Radar,551,97,129,12,789,0,1,60,11,72,551,98,189,23,861,0,0,0,861
04/08/2022,AUS,TX,ASW,CE,Combined TRACON& Tower with Radar,574,73,125,8,780,0,0,72,7,79,574,73,197,15,859,0,0,0,859
04/09/2022,AUS,TX,ASW,CE,Combined TRACON& Tower with Radar,435,48,64,8,555,0,0,64,5,69,435,48,128,13,624,0,0,0,624
04/10/2022,AUS,TX,ASW,CE,Combined TRACON& Tower with Radar,554,78,124,6,762,0,0,27,3,30,554,78,151,9,792,0,0,0,792
04/11/2022,AUS,TX,ASW,CE,Combined TRACON& Tower with Radar,572,78,117,11,778,0,0,32,3,35,572,78,149,14,813,0,0,0,813
04/12/2022,AUS,TX,ASW,CE,Combined TRACON& Tower with Radar,534,89,114,7,744,0,0,19,4,23,534,89,133,11,767,0,0,0,767
04/13/2022,AUS,TX,ASW,CE,Combined TRACON& Tower with Radar,552,86,127,5,770,0,0,56,9,65,552,86,183,14,835,0,0,0,835
04/14/2022,AUS,TX,ASW,CE,Combined TRACON& Tower with Radar,580,103,157,9,849,0,4,78,14,96,580,107,235,23,945,0,0,0,945
04/15/2022,AUS,TX,ASW,CE,Combined TRACON& Tower with Radar,575,84,112,2,773,0,0,15,0,15,575,84,127,2,788,0,0,0,788
04/16/2022,AUS,TX,ASW,CE,Combined TRACON& Tower with Radar,427,39,45,0,511,0,0,20,0,20,427,39,65,0,531,0,0,0,531
04/17/2022,AUS,TX,ASW,CE,Combined TRACON& Tower with Radar,554,65,88,0,707,0,0,14,2,16,554,65,102,2,723,0,0,0,723
04/18/2022,AUS,TX,ASW,CE,Combined TRACON& Tower with Radar,558,80,115,4,757,0,1,52,5,58,558,81,167,9,815,0,0,0,815
04/19/2022,AUS,TX,ASW,CE,Combined TRACON& Tower with Radar,544,73,116,6,739,0,0,37,6,43,544,73,153,12,782,0,0,0,782
04/20/2022,AUS,TX,ASW,CE,Combined TRACON& Tower with Radar,543,82,111,6,742,0,0,28,10,38,543,82,139,16,780,0,0,0,780
04/21/2022,AUS,TX,ASW,CE,Combined TRACON& Tower with Radar,573,81,128,10,792,0,1,22,4,27,573,82,150,14,819,0,0,0,819
04/22/2022,AUS,TX,ASW,CE,Combined TRACON& Tower with Radar,572,87,112,5,776,0,0,31,4,35,572,87,143,9,811,0,0,0,811
04/23/2022,AUS,TX,ASW,CE,Combined TRACON& Tower with Radar,438,45,80,5,568,0,2,23,0,25,438,47,103,5,593,0,0,0,593
04/24/2022,AUS,TX,ASW,CE,Combined TRACON& Tower with Radar,560,76,91,4,731,0,0,33,5,38,560,76,124,9,769,0,0,0,769
04/25/2022,AUS,TX,ASW,CE,Combined TRACON& Tower with Radar,507,52,70,0,629,0,0,1,0,1,507,52,71,0,630,0,0,0,630
04/26/2022,AUS,TX,ASW,CE,Combined TRACON& Tower with Radar,551,60,112,6,729,0,0,51,9,60,551,60,163,15,789,0,0,0,789
04/27/2022,AUS,TX,ASW,CE,Combined TRACON& Tower with Radar,547,69,146,5,767,0,0,64,5,69,547,69,210,10,836,0,0,0,836
04/28/2022,AUS,TX,ASW,CE,Combined TRACON& Tower with Radar,574,79,158,3,814,0,0,54,5,59,574,79,212,8,873,0,0,0,873
04/29/2022,AUS,TX,ASW,CE,Combined TRACON& Tower with Radar,577,71,142,11,801,0,0,32,3,35,577,71,174,14,836,0,0,0,836
04/30/2022,AUS,TX,ASW,CE,Combined TRACON& Tower with Radar,432,60,107,3,602,0,2,29,2,33,432,62,136,5,635,0,0,0,635
05/01/2022,AUS,TX,ASW,CE,Combined TRACON& Tower with Radar,549,95,125,11,780,0,0,35,0,35,549,95,160,11,815,0,0,0,815
05/02/2022,AUS,TX,ASW,CE,Combined TRACON& Tower with Radar,560,61,102,7,730,0,2,25,7,34,560,63,127,14,764,0,0,0,764
05/03/2022,AUS,TX,ASW,CE,Combined TRACON& Tower with Radar,547,55,123,3,728,0,0,46,9,55,547,55,169,12,783,0,0,0,783
05/04/2022,AUS,TX,ASW,CE,Combined TRACON& Tower with Radar,549,75,126,9,759,0,0,37,9,46,549,75,163,18,805,0,0,0,805
05/05/2022,AUS,TX,ASW,CE,Combined TRACON& Tower with Radar,568,80,124,6,778,0,0,15,8,23,568,80,139,14,801,0,0,0,801
05/06/2022,AUS,TX,ASW,CE,Combined TRACON& Tower with Radar,576,89,122,16,803,0,0,64,10,74,576,89,186,26,877,0,0,0,877
05/07/2022,AUS,TX,ASW,CE,Combined TRACON& Tower with Radar,430,46,68,2,546,0,4,54,5,63,430,50,122,7,609,6,0,6,615
05/08/2022,AUS,TX,ASW,CE,Combined TRACON& Tower with Radar,544,84,117,3,748,0,1,51,1,53,544,85,168,4,801,0,0,0,801
05/09/2022,AUS,TX,ASW,CE,Combined TRACON& Tower with Radar,562,63,125,5,755,0,0,56,2,58,562,63,181,7,813,0,0,0,813
05/10/2022,AUS,TX,ASW,CE,Combined TRACON& Tower with Radar,544,60,121,7,732,0,0,41,14,55,544,60,162,21,787,0,0,0,787
05/11/2022,AUS,TX,ASW,CE,Combined TRACON& Tower with Radar,554,67,128,6,755,0,0,51,6,57,554,67,179,12,812,0,0,0,812
05/12/2022,AUS,TX,ASW,CE,Combined TRACON& Tower with Radar,570,80,156,7,813,0,2,66,9,77,570,82,222,16,890,0,0,0,890
05/13/2022,AUS,TX,ASW,CE,Combined TRACON& Tower with Radar,567,57,120,17,761,0,1,72,6,79,567,58,192,23,840,0,0,0,840
05/14/2022,AUS,TX,ASW,CE,Combined TRACON& Tower with Radar,419,42,63,7,531,0,2,51,13,66,419,44,114,20,597,0,0,0,597
05/15/2022,AUS,TX,ASW,CE,Combined TRACON& Tower with Radar,542,59,113,3,717,0,2,76,16,94,542,61,189,19,811,0,0,0,811
05/16/2022,AUS,TX,ASW,CE,Combined TRACON& Tower with Radar,558,63,118,8,747,0,1,72,2,75,558,64,190,10,822,0,0,0,822
05/17/2022,AUS,TX,ASW,CE,Combined TRACON& Tower with Radar,537,73,133,20,763,0,0,55,10,65,537,73,188,30,828,0,0,0,828
05/18/2022,AUS,TX,ASW,CE,Combined TRACON& Tower with Radar,558,85,146,17,806,0,0,68,12,80,558,85,214,29,886,0,0,0,886
05/19/2022,AUS,TX,ASW,CE,Combined TRACON& Tower with Radar,567,88,187,6,848,0,0,68,22,90,567,88,255,28,938,0,0,0,938
05/20/2022,AUS,TX,ASW,CE,Combined TRACON& Tower with Radar,568,94,187,4,853,0,0,40,14,54,568,94,227,18,907,0,0,0,907
05/21/2022,AUS,TX,ASW,CE,Combined TRACON& Tower with Radar,420,47,88,1,556,0,2,30,3,35,420,49,118,4,591,0,0,0,591
05/22/2022,AUS,TX,ASW,CE,Combined TRACON& Tower with Radar,536,75,121,5,737,0,0,39,1,40,536,75,160,6,777,0,0,0,777
05/23/2022,AUS,TX,ASW,CE,Combined TRACON& Tower with Radar,569,54,98,2,723,0,1,10,3,14,569,55,108,5,737,0,0,0,737
05/24/2022,AUS,TX,ASW,CE,Combined TRACON& Tower with Radar,546,71,102,3,722,0,0,42,4,46,546,71,144,7,768,0,0,0,768
05/25/2022,AUS,TX,ASW,CE,Combined TRACON& Tower with Radar,562,74,132,2,770,0,0,51,13,64,562,74,183,15,834,0,0,0,834
05/26/2022,AUS,TX,ASW,CE,Combined TRACON& Tower with Radar,570,86,134,1,791,0,2,91,8,101,570,88,225,9,892,0,0,0,892
05/27/2022,AUS,TX,ASW,CE,Combined TRACON& Tower with Radar,572,85,88,9,754,0,2,59,5,66,572,87,147,14,820,0,0,0,820
05/28/2022,AUS,TX,ASW,CE,Combined TRACON& Tower with Radar,433,39,68,2,542,0,4,28,0,32,433,43,96,2,574,0,0,0,574
05/29/2022,AUS,TX,ASW,CE,Combined TRACON& Tower with Radar,517,45,46,4,612,0,5,45,1,51,517,50,91,5,663,0,0,0,663
05/30/2022,AUS,TX,ASW,CE,Combined TRACON& Tower with Radar,576,58,71,2,707,0,1,30,2,33,576,59,101,4,740,0,0,0,740
05/31/2022,AUS,TX,ASW,CE,Combined TRACON& Tower with Radar,537,61,68,3,669,0,0,39,7,46,537,61,107,10,715,0,0,0,715
06/01/2022,AUS,TX,ASW,CE,Combined TRACON& Tower with Radar,567,60,84,6,717,0,0,28,15,43,567,60,112,21,760,0,0,0,760
06/02/2022,AUS,TX,ASW,CE,Combined TRACON& Tower with Radar,550,52,99,11,712,0,2,44,15,61,550,54,143,26,773,0,0,0,773
06/03/2022,AUS,TX,ASW,CE,Combined TRACON& Tower with Radar,583,67,99,3,752,0,1,77,8,86,583,68,176,11,838,0,0,0,838
06/04/2022,AUS,TX,ASW,CE,Combined TRACON& Tower with Radar,440,33,66,5,544,0,0,56,0,56,440,33,122,5,600,0,0,0,600
06/05/2022,AUS,TX,ASW,CE,Combined TRACON& Tower with Radar,539,61,84,4,688,0,0,54,5,59,539,61,138,9,747,0,0,0,747
06/06/2022,AUS,TX,ASW,CE,Combined TRACON& Tower with Radar,576,54,76,5,711,0,2,39,7,48,576,56,115,12,759,0,0,0,759
06/07/2022,AUS,TX,ASW,CE,Combined TRACON& Tower with Radar,547,62,84,13,706,0,0,48,29,77,547,62,132,42,783,0,0,0,783
06/08/2022,AUS,TX,ASW,CE,Combined TRACON& Tower with Radar,546,85,119,8,758,0,2,54,24,80,546,87,173,32,838,8,0,8,846
06/09/2022,AUS,TX,ASW,CE,Combined TRACON& Tower with Radar,559,72,134,2,767,0,2,78,16,96,559,74,212,18,863,0,0,0,863
06/10/2022,AUS,TX,ASW,CE,Combined TRACON& Tower with Radar,575,73,92,3,743,0,0,46,21,67,575,73,138,24,810,0,0,0,810
06/11/2022,AUS,TX,ASW,CE,Combined TRACON& Tower with Radar,463,57,73,5,598,0,3,47,19,69,463,60,120,24,667,0,0,0,667
06/12/2022,AUS,TX,ASW,CE,Combined TRACON& Tower with Radar,536,65,97,4,702,0,0,56,3,59,536,65,153,7,761,0,0,0,761
06/13/2022,AUS,TX,ASW,CE,Combined TRACON& Tower with Radar,571,52,101,4,728,0,0,38,12,50,571,52,139,16,778,0,0,0,778
06/14/2022,AUS,TX,ASW,CE,Combined TRACON& Tower with Radar,548,37,81,12,678,0,1,31,18,50,548,38,112,30,728,0,0,0,728
06/15/2022,AUS,TX,ASW,CE,Combined TRACON& Tower with Radar,561,65,96,6,728,0,2,57,13,72,561,67,153,19,800,0,0,0,800
06/16/2022,AUS,TX,ASW,CE,Combined TRACON& Tower with Radar,550,68,100,7,725,0,0,59,6,65,550,68,159,13,790,0,0,0,790
06/17/2022,AUS,TX,ASW,CE,Combined TRACON& Tower with Radar,571,65,115,6,757,0,0,65,13,78,571,65,180,19,835,0,8,8,843
06/18/2022,AUS,TX,ASW,CE,Combined TRACON& Tower with Radar,461,47,63,1,572,0,0,52,22,74,461,47,115,23,646,0,0,0,646
06/19/2022,AUS,TX,ASW,CE,Combined TRACON& Tower with Radar,549,57,82,2,690,0,0,50,0,50,549,57,132,2,740,0,0,0,740
06/20/2022,AUS,TX,ASW,CE,Combined TRACON& Tower with Radar,580,57,98,5,740,0,0,62,2,64,580,57,160,7,804,0,0,0,804
06/21/2022,AUS,TX,ASW,CE,Combined TRACON& Tower with Radar,546,59,91,8,704,0,0,71,3,74,546,59,162,11,778,0,0,0,778
06/22/2022,AUS,TX,ASW,CE,Combined TRACON& Tower with Radar,549,77,115,1,742,0,0,54,2,56,549,77,169,3,798,0,0,0,798
06/23/2022,AUS,TX,ASW,CE,Combined TRACON& Tower with Radar,483,54,87,6,630,0,2,57,5,64,483,56,144,11,694,0,0,0,694
06/24/2022,AUS,TX,ASW,CE,Combined TRACON& Tower with Radar,585,62,87,8,742,0,1,61,3,65,585,63,148,11,807,0,0,0,807
06/25/2022,AUS,TX,ASW,CE,Combined TRACON& Tower with Radar,460,51,64,5,580,0,0,41,4,45,460,51,105,9,625,0,16,16,641
06/26/2022,AUS,TX,ASW,CE,Combined TRACON& Tower with Radar,540,61,79,12,692,0,0,57,0,57,540,61,136,12,749,0,0,0,749
06/27/2022,AUS,TX,ASW,CE,Combined TRACON& Tower with Radar,476,40,77,1,594,0,0,17,0,17,476,40,94,1,611,0,0,0,611
06/28/2022,AUS,TX,ASW,CE,Combined TRACON& Tower with Radar,551,58,89,5,703,0,0,35,4,39,551,58,124,9,742,0,0,0,742
06/29/2022,AUS,TX,ASW,CE,Combined TRACON& Tower with Radar,555,59,105,5,724,0,1,57,9,67,555,60,162,14,791,0,0,0,791
06/30/2022,AUS,TX,ASW,CE,Combined TRACON& Tower with Radar,575,64,101,9,749,0,2,56,15,73,575,66,157,24,822,0,0,0,822
07/01/2022,AUS,TX,ASW,CE,Combined TRACON& Tower with Radar,568,66,108,1,743,0,1,48,7,56,568,67,156,8,799,0,8,8,807
07/02/2022,AUS,TX,ASW,CE,Combined TRACON& Tower with Radar,462,40,76,1,579,0,0,45,7,52,462,40,121,8,631,0,0,0,631
07/03/2022,AUS,TX,ASW,CE,Combined TRACON& Tower with Radar,514,23,49,0,586,0,0,61,17,78,514,23,110,17,664,12,12,24,688
07/04/2022,AUS,TX,ASW,CE,Combined TRACON& Tower with Radar,546,29,47,0,622,0,0,40,6,46,546,29,87,6,668,4,0,4,672
07/05/2022,AUS,TX,ASW,CE,Combined TRACON& Tower with Radar,533,55,82,0,670,0,5,51,5,61,533,60,133,5,731,0,0,0,731
07/06/2022,AUS,TX,ASW,CE,Combined TRACON& Tower with Radar,542,59,70,14,685,0,1,38,17,56,542,60,108,31,741,0,0,0,741
07/07/2022,AUS,TX,ASW,CE,Combined TRACON& Tower with Radar,548,53,84,12,697,0,0,62,14,76,548,53,146,26,773,0,0,0,773
07/08/2022,AUS,TX,ASW,CE,Combined TRACON& Tower with Radar,572,46,80,18,716,0,1,39,13,53,572,47,119,31,769,0,6,6,775
07/09/2022,AUS,TX,ASW,CE,Combined TRACON& Tower with Radar,451,51,54,13,569,0,2,27,0,29,451,53,81,13,598,0,0,0,598
07/10/2022,AUS,TX,ASW,CE,Combined TRACON& Tower with Radar,556,41,78,8,683,0,1,50,1,52,556,42,128,9,735,0,0,0,735
07/11/2022,AUS,TX,ASW,CE,Combined TRACON& Tower with Radar,580,31,88,11,710,0,0,42,9,51,580,31,130,20,761,0,0,0,761
07/12/2022,AUS,TX,ASW,CE,Combined TRACON& Tower with Radar,536,55,71,7,669,0,0,47,13,60,536,55,118,20,729,0,0,0,729
07/13/2022,AUS,TX,ASW,CE,Combined TRACON& Tower with Radar,554,42,71,8,675,0,0,53,13,66,554,42,124,21,741,0,0,0,741
07/14/2022,AUS,TX,ASW,CE,Combined TRACON& Tower with Radar,556,40,95,2,693,0,0,45,8,53,556,40,140,10,746,0,0,0,746
07/15/2022,AUS,TX,ASW,CE,Combined TRACON& Tower with Radar,577,46,70,5,698,0,0,40,9,49,577,46,110,14,747,0,0,0,747
07/16/2022,AUS,TX,ASW,CE,Combined TRACON& Tower with Radar,450,39,66,3,558,0,1,28,0,29,450,40,94,3,587,0,0,0,587
07/17/2022,AUS,TX,ASW,CE,Combined TRACON& Tower with Radar,540,52,64,6,662,1,3,43,4,51,541,55,107,10,713,0,0,0,713
07/18/2022,AUS,TX,ASW,CE,Combined TRACON& Tower with Radar,558,55,95,3,711,6,0,43,6,55,564,55,138,9,766,0,0,0,766
07/19/2022,AUS,TX,ASW,CE,Combined TRACON& Tower with Radar,533,61,90,0,684,5,2,50,10,67,538,63,140,10,751,0,0,0,751
07/20/2022,AUS,TX,ASW,CE,Combined TRACON& Tower with Radar,557,68,85,5,715,8,0,56,15,79,565,68,141,20,794,0,0,0,794
07/21/2022,AUS,TX,ASW,CE,Combined TRACON& Tower with Radar,567,64,81,6,718,0,0,56,9,65,567,64,137,15,783,0,0,0,783
07/22/2022,AUS,TX,ASW,CE,Combined TRACON& Tower with Radar,577,60,82,14,733,0,0,40,6,46,577,60,122,20,779,0,0,0,779
07/23/2022,AUS,TX,ASW,CE,Combined TRACON& Tower with Radar,454,37,45,9,545,4,0,38,11,53,458,37,83,20,598,16,0,16,614
07/24/2022,AUS,TX,ASW,CE,Combined TRACON& Tower with Radar,534,54,80,6,674,4,0,33,2,39,538,54,113,8,713,0,0,0,713
07/25/2022,AUS,TX,ASW,CE,Combined TRACON& Tower with Radar,557,45,77,12,691,0,0,26,4,30,557,45,103,16,721,2,0,2,723
07/26/2022,AUS,TX,ASW,CE,Combined TRACON& Tower with Radar,548,56,62,4,670,0,0,47,10,57,548,56,109,14,727,0,0,0,727
07/27/2022,AUS,TX,ASW,CE,Combined TRACON& Tower with Radar,547,61,82,8,698,0,0,43,13,56,547,61,125,21,754,0,0,0,754
07/28/2022,AUS,TX,ASW,CE,Combined TRACON& Tower with Radar,571,57,71,2,701,5,2,32,15,54,576,59,103,17,755,0,0,0,755
07/29/2022,AUS,TX,ASW,CE,Combined TRACON& Tower with Radar,592,60,90,4,746,0,2,44,5,51,592,62,134,9,797,12,0,12,809
07/30/2022,AUS,TX,ASW,CE,Combined TRACON& Tower with Radar,456,43,40,8,547,0,0,73,1,74,456,43,113,9,621,0,0,0,621
07/31/2022,AUS,TX,ASW,CE,Combined TRACON& Tower with Radar,534,54,83,2,673,0,0,38,2,40,534,54,121,4,713,0,0,0,713
08/01/2022,AUS,TX,ASW,CE,Combined TRACON& Tower with Radar,575,40,83,3,701,0,0,51,4,55,575,40,134,7,756,0,0,0,756
08/02/2022,AUS,TX,ASW,CE,Combined TRACON& Tower with Radar,539,47,70,1,657,1,1,58,28,88,540,48,128,29,745,0,0,0,745
08/03/2022,AUS,TX,ASW,CE,Combined TRACON& Tower with Radar,539,33,100,4,676,3,0,61,28,92,542,33,161,32,768,28,0,28,796
08/04/2022,AUS,TX,ASW,CE,Combined TRACON& Tower with Radar,553,60,92,12,717,1,0,41,25,67,554,60,133,37,784,0,0,0,784
08/05/2022,AUS,TX,ASW,CE,Combined TRACON& Tower with Radar,558,53,83,8,702,0,1,37,15,53,558,54,120,23,755,0,0,0,755
08/06/2022,AUS,TX,ASW,CE,Combined TRACON& Tower with Radar,456,42,69,2,569,0,0,32,11,43,456,42,101,13,612,0,0,0,612
08/07/2022,AUS,TX,ASW,CE,Combined TRACON& Tower with Radar,548,63,87,2,700,0,1,37,8,46,548,64,124,10,746,0,0,0,746
08/08/2022,AUS,TX,ASW,CE,Combined TRACON& Tower with Radar,567,51,79,0,697,0,0,33,10,43,567,51,112,10,740,0,0,0,740
08/09/2022,AUS,TX,ASW,CE,Combined TRACON& Tower with Radar,536,43,69,10,658,1,6,63,21,91,537,49,132,31,749,0,0,0,749
08/10/2022,AUS,TX,ASW,CE,Combined TRACON& Tower with Radar,536,45,86,12,679,0,1,55,6,62,536,46,141,18,741,0,0,0,741
08/11/2022,AUS,TX,ASW,CE,Combined TRACON& Tower with Radar,567,62,79,3,711,3,3,45,30,81,570,65,124,33,792,0,0,0,792
08/12/2022,AUS,TX,ASW,CE,Combined TRACON& Tower with Radar,581,58,110,7,756,0,0,38,33,71,581,58,148,40,827,0,0,0,827
08/13/2022,AUS,TX,ASW,CE,Combined TRACON& Tower with Radar,454,47,55,6,562,0,0,58,2,60,454,47,113,8,622,0,0,0,622
08/14/2022,AUS,TX,ASW,CE,Combined TRACON& Tower with Radar,535,71,94,9,709,0,1,34,2,37,535,72,128,11,746,0,0,0,746
08/15/2022,AUS,TX,ASW,CE,Combined TRACON& Tower with Radar,561,44,108,8,721,0,0,33,3,36,561,44,141,11,757,0,0,0,757
08/16/2022,AUS,TX,ASW,CE,Combined TRACON& Tower with Radar,545,56,109,10,720,0,0,51,9,60,545,56,160,19,780,0,0,0,780
08/17/2022,AUS,TX,ASW,CE,Combined TRACON& Tower with Radar,540,61,109,3,713,0,1,66,14,81,540,62,175,17,794,0,0,0,794
08/18/2022,AUS,TX,ASW,CE,Combined TRACON& Tower with Radar,555,73,105,4,737,0,0,33,12,45,555,73,138,16,782,0,0,0,782
08/19/2022,AUS,TX,ASW,CE,Combined TRACON& Tower with Radar,571,51,75,13,710,0,0,19,9,28,571,51,94,22,738,0,0,0,738
08/20/2022,AUS,TX,ASW,CE,Combined TRACON& Tower with Radar,451,46,68,6,571,0,1,40,4,45,451,47,108,10,616,0,0,0,616
08/21/2022,AUS,TX,ASW,CE,Combined TRACON& Tower with Radar,565,59,79,19,722,0,0,22,2,24,565,59,101,21,746,0,0,0,746
08/22/2022,AUS,TX,ASW,CE,Combined TRACON& Tower with Radar,463,43,70,7,583,0,0,2,2,4,463,43,72,9,587,0,0,0,587
08/23/2022,AUS,TX,ASW,CE,Combined TRACON& Tower with Radar,540,48,110,5,703,0,0,18,5,23,540,48,128,10,726,0,0,0,726
08/24/2022,AUS,TX,ASW,CE,Combined TRACON& Tower with Radar,548,59,83,5,695,0,0,32,13,45,548,59,115,18,740,0,0,0,740
08/25/2022,AUS,TX,ASW,CE,Combined TRACON& Tower with Radar,571,64,110,11,756,0,0,56,11,67,571,64,166,22,823,0,32,32,855
08/26/2022,AUS,TX,ASW,CE,Combined TRACON& Tower with Radar,568,68,97,17,750,0,2,53,21,76,568,70,150,38,826,0,0,0,826
08/27/2022,AUS,TX,ASW,CE,Combined TRACON& Tower with Radar,449,52,54,9,564,0,0,41,4,45,449,52,95,13,609,0,0,0,609
08/28/2022,AUS,TX,ASW,CE,Combined TRACON& Tower with Radar,543,55,81,9,688,0,0,45,3,48,543,55,126,12,736,0,0,0,736
08/29/2022,AUS,TX,ASW,CE,Combined TRACON& Tower with Radar,572,38,77,4,691,0,1,26,3,30,572,39,103,7,721,0,0,0,721
08/30/2022,AUS,TX,ASW,CE,Combined TRACON& Tower with Radar,536,52,74,7,669,0,1,4,1,6,536,53,78,8,675,0,0,0,675
08/31/2022,AUS,TX,ASW,CE,Combined TRACON& Tower with Radar,547,62,115,5,729,0,0,14,13,27,547,62,129,18,756,0,0,0,756
09/01/2022,AUS,TX,ASW,CE,Combined TRACON& Tower with Radar,589,75,100,4,768,0,0,37,16,53,589,75,137,20,821,0,0,0,821
09/02/2022,AUS,TX,ASW,CE,Combined TRACON& Tower with Radar,567,67,110,2,746,0,2,39,7,48,567,69,149,9,794,0,0,0,794
09/03/2022,AUS,TX,ASW,CE,Combined TRACON& Tower with Radar,440,40,59,1,540,0,0,12,0,12,440,40,71,1,552,0,0,0,552
09/04/2022,AUS,TX,ASW,CE,Combined TRACON& Tower with Radar,495,24,41,0,560,0,0,45,0,45,495,24,86,0,605,0,0,0,605
09/05/2022,AUS,TX,ASW,CE,Combined TRACON& Tower with Radar,539,62,96,1,698,0,1,53,4,58,539,63,149,5,756,0,0,0,756
09/06/2022,AUS,TX,ASW,CE,Combined TRACON& Tower with Radar,526,58,90,2,676,0,1,58,9,68,526,59,148,11,744,0,0,0,744
09/07/2022,AUS,TX,ASW,CE,Combined TRACON& Tower with Radar,438,67,99,8,612,0,0,38,7,45,438,67,137,15,657,0,0,0,657
09/08/2022,AUS,TX,ASW,CE,Combined TRACON& Tower with Radar,572,96,142,2,812,0,0,70,16,86,572,96,212,18,898,0,0,0,898
09/09/2022,AUS,TX,ASW,CE,Combined TRACON& Tower with Radar,583,107,195,2,887,0,0,56,9,65,583,107,251,11,952,0,0,0,952
09/10/2022,AUS,TX,ASW,CE,Combined TRACON& Tower with Radar,467,87,146,5,705,0,0,53,8,61,467,87,199,13,766,0,0,0,766
09/11/2022,AUS,TX,ASW,CE,Combined TRACON& Tower with Radar,545,107,159,2,813,0,0,62,0,62,545,107,221,2,875,0,0,0,875
09/12/2022,AUS,TX,ASW,CE,Combined TRACON& Tower with Radar,576,43,86,3,708,0,0,45,7,52,576,43,131,10,760,0,0,0,760
09/13/2022,AUS,TX,ASW,CE,Combined TRACON& Tower with Radar,554,57,98,8,717,0,0,56,13,69,554,57,154,21,786,0,0,0,786
09/14/2022,AUS,TX,ASW,CE,Combined TRACON& Tower with Radar,547,69,114,8,738,0,0,53,23,76,547,69,167,31,814,0,0,0,814
09/15/2022,AUS,TX,ASW,CE,Combined TRACON& Tower with Radar,580,73,121,4,778,0,0,43,15,58,580,73,164,19,836,0,0,0,836
09/16/2022,AUS,TX,ASW,CE,Combined TRACON& Tower with Radar,582,84,135,11,812,0,3,39,3,45,582,87,174,14,857,0,0,0,857
09/17/2022,AUS,TX,ASW,CE,Combined TRACON& Tower with Radar,455,50,73,1,579,0,0,23,5,28,455,50,96,6,607,0,0,0,607
09/18/2022,AUS,TX,ASW,CE,Combined TRACON& Tower with Radar,519,85,117,3,724,0,0,42,2,44,519,85,159,5,768,0,0,0,768
09/19/2022,AUS,TX,ASW,CE,Combined TRACON& Tower with Radar,573,56,84,4,717,0,0,44,5,49,573,56,128,9,766,10,0,10,776
09/20/2022,AUS,TX,ASW,CE,Combined TRACON& Tower with Radar,544,69,108,5,726,0,0,68,12,80,544,69,176,17,806,0,0,0,806
09/21/2022,AUS,TX,ASW,CE,Combined TRACON& Tower with Radar,553,85,100,3,741,0,0,57,18,75,553,85,157,21,816,0,0,0,816
09/22/2022,AUS,TX,ASW,CE,Combined TRACON& Tower with Radar,571,72,145,8,796,0,0,49,12,61,571,72,194,20,857,0,0,0,857
09/23/2022,AUS,TX,ASW,CE,Combined TRACON& Tower with Radar,590,79,136,8,813,0,1,56,12,69,590,80,192,20,882,0,0,0,882
09/24/2022,AUS,TX,ASW,CE,Combined TRACON& Tower with Radar,463,72,82,4,621,0,1,44,6,51,463,73,126,10,672,0,0,0,672
09/25/2022,AUS,TX,ASW,CE,Combined TRACON& Tower with Radar,533,62,112,2,709,0,0,68,3,71,533,62,180,5,780,0,0,0,780
09/26/2022,AUS,TX,ASW,CE,Combined TRACON& Tower with Radar,573,69,82,3,727,0,1,34,11,46,573,70,116,14,773,0,0,0,773
09/27/2022,AUS,TX,ASW,CE,Combined TRACON& Tower with Radar,550,54,97,1,702,0,0,49,15,64,550,54,146,16,766,0,0,0,766
09/28/2022,AUS,TX,ASW,CE,Combined TRACON& Tower with Radar,517,56,104,7,684,0,0,49,8,57,517,56,153,15,741,0,0,0,741
09/29/2022,AUS,TX,ASW,CE,Combined TRACON& Tower with Radar,548,81,106,3,738,0,0,62,10,72,548,81,168,13,810,0,0,0,810
09/30/2022,AUS,TX,ASW,CE,Combined TRACON& Tower with Radar,561,69,130,5,765,0,0,74,13,87,561,69,204,18,852,0,0,0,852
10/01/2022,AUS,TX,ASW,CE,Combined TRACON& Tower with Radar,458,35,76,2,571,0,3,58,6,67,458,38,134,8,638,10,0,10,648
10/02/2022,AUS,TX,ASW,CE,Combined TRACON& Tower with Radar,519,78,116,0,713,0,1,63,3,67,519,79,179,3,780,0,0,0,780
10/03/2022,AUS,TX,ASW,CE,Combined TRACON& Tower with Radar,579,54,91,3,727,0,0,47,11,58,579,54,138,14,785,0,0,0,785
10/04/2022,AUS,TX,ASW,CE,Combined TRACON& Tower with Radar,546,72,72,11,701,0,1,62,29,92,546,73,134,40,793,0,0,0,793
10/05/2022,AUS,TX,ASW,CE,Combined TRACON& Tower with Radar,548,86,91,12,737,0,0,63,12,75,548,86,154,24,812,8,0,8,820
10/06/2022,AUS,TX,ASW,CE,Combined TRACON& Tower with Radar,562,77,133,3,775,0,1,69,16,86,562,78,202,19,861,0,0,0,861
10/07/2022,AUS,TX,ASW,CE,Combined TRACON& Tower with Radar,570,86,89,8,753,0,0,50,12,62,570,86,139,20,815,0,0,0,815
10/08/2022,AUS,TX,ASW,CE,Combined TRACON& Tower with Radar,457,37,51,4,549,0,4,34,3,41,457,41,85,7,590,0,0,0,590
10/09/2022,AUS,TX,ASW,CE,Combined TRACON& Tower with Radar,516,69,105,5,695,0,0,48,2,50,516,69,153,7,745,2,0,2,747
10/10/2022,AUS,TX,ASW,CE,Combined TRACON& Tower with Radar,566,78,112,0,756,0,1,51,9,61,566,79,163,9,817,0,0,0,817
10/11/2022,AUS,TX,ASW,CE,Combined TRACON& Tower with Radar,544,64,91,7,706,0,0,52,10,62,544,64,143,17,768,0,0,0,768
10/12/2022,AUS,TX,ASW,CE,Combined TRACON& Tower with Radar,561,66,102,2,731,0,0,42,12,54,561,66,144,14,785,0,0,0,785
10/13/2022,AUS,TX,ASW,CE,Combined TRACON& Tower with Radar,579,87,112,0,778,0,6,42,7,55,579,93,154,7,833,0,0,0,833
10/14/2022,AUS,TX,ASW,CE,Combined TRACON& Tower with Radar,567,74,142,6,789,0,1,61,6,68,567,75,203,12,857,0,0,0,857
10/15/2022,AUS,TX,ASW,CE,Combined TRACON& Tower with Radar,455,53,103,2,613,0,0,21,4,25,455,53,124,6,638,0,0,0,638
10/16/2022,AUS,TX,ASW,CE,Combined TRACON& Tower with Radar,526,75,103,2,706,0,0,38,1,39,526,75,141,3,745,0,0,0,745
10/17/2022,AUS,TX,ASW,CE,Combined TRACON& Tower with Radar,573,55,115,2,745,0,0,14,2,16,573,55,129,4,761,0,0,0,761
10/18/2022,AUS,TX,ASW,CE,Combined TRACON& Tower with Radar,546,56,121,4,727,0,0,64,10,74,546,56,185,14,801,0,0,0,801
10/19/2022,AUS,TX,ASW,CE,Combined TRACON& Tower with Radar,556,66,124,4,750,0,1,73,8,82,556,67,197,12,832,0,0,0,832
10/20/2022,AUS,TX,ASW,CE,Combined TRACON& Tower with Radar,597,142,139,8,886,0,0,22,7,29,597,142,161,15,915,0,0,0,915
10/21/2022,AUS,TX,ASW,CE,Combined TRACON& Tower with Radar,579,129,160,7,875,0,0,24,3,27,579,129,184,10,902,0,0,0,902
10/22/2022,AUS,TX,ASW,CE,Combined TRACON& Tower with Radar,452,84,85,3,624,0,0,5,0,5,452,84,90,3,629,0,0,0,629
10/23/2022,AUS,TX,ASW,CE,Combined TRACON& Tower with Radar,527,170,167,1,865,0,0,10,0,10,527,170,177,1,875,0,0,0,875
10/24/2022,AUS,TX,ASW,CE,Combined TRACON& Tower with Radar,628,140,145,6,919,0,2,5,0,7,628,142,150,6,926,14,0,14,940
10/25/2022,AUS,TX,ASW,CE,Combined TRACON& Tower with Radar,560,59,106,3,728,0,0,29,8,37,560,59,135,11,765,0,0,0,765
10/26/2022,AUS,TX,ASW,CE,Combined TRACON& Tower with Radar,544,58,142,7,751,0,0,73,18,91,544,58,215,25,842,0,0,0,842
10/27/2022,AUS,TX,ASW,CE,Combined TRACON& Tower with Radar,572,67,107,5,751,0,1,71,19,91,572,68,178,24,842,0,8,8,850
10/28/2022,AUS,TX,ASW,CE,Combined TRACON& Tower with Radar,554,69,90,1,714,0,1,2,4,7,554,70,92,5,721,0,0,0,721
10/29/2022,AUS,TX,ASW,CE,Combined TRACON& Tower with Radar,445,49,74,2,570,0,0,30,2,32,445,49,104,4,602,0,0,0,602
10/30/2022,AUS,TX,ASW,CE,Combined TRACON& Tower with Radar,503,46,95,0,644,0,2,60,1,63,503,48,155,1,707,0,0,0,707
10/31/2022,AUS,TX,ASW,CE,Combined TRACON& Tower with Radar,527,50,44,2,623,0,0,64,1,65,527,50,108,3,688,0,0,0,688
11/01/2022,AUS,TX,ASW,CE,Combined TRACON& Tower with Radar,536,60,105,2,703,0,1,25,3,29,536,61,130,5,732,0,0,0,732
11/02/2022,AUS,TX,ASW,CE,Combined TRACON& Tower with Radar,546,71,124,3,744,0,0,38,4,42,546,71,162,7,786,0,0,0,786
11/03/2022,AUS,TX,ASW,CE,Combined TRACON& Tower with Radar,555,74,124,1,754,0,0,23,9,32,555,74,147,10,786,0,0,0,786
11/04/2022,AUS,TX,ASW,CE,Combined TRACON& Tower with Radar,562,78,104,7,751,0,0,5,1,6,562,78,109,8,757,0,0,0,757
11/05/2022,AUS,TX,ASW,CE,Combined TRACON& Tower with Radar,449,47,60,4,560,0,4,53,7,64,449,51,113,11,624,0,0,0,624
11/06/2022,AUS,TX,ASW,CE,Combined TRACON& Tower with Radar,532,74,113,3,722,0,2,33,2,37,532,76,146,5,759,0,0,0,759
11/07/2022,AUS,TX,ASW,CE,Combined TRACON& Tower with Radar,542,49,103,3,697,0,1,19,1,21,542,50,122,4,718,12,0,12,730
11/08/2022,AUS,TX,ASW,CE,Combined TRACON& Tower with Radar,520,72,98,6,696,0,0,27,5,32,520,72,125,11,728,0,0,0,728
11/09/2022,AUS,TX,ASW,CE,Combined TRACON& Tower with Radar,529,94,130,2,755,0,0,32,5,37,529,94,162,7,792,0,0,0,792
11/10/2022,AUS,TX,ASW,CE,Combined TRACON& Tower with Radar,535,88,128,5,756,0,0,45,11,56,535,88,173,16,812,8,8,16,828
11/11/2022,AUS,TX,ASW,CE,Combined TRACON& Tower with Radar,567,107,103,3,780,0,0,5,0,5,567,107,108,3,785,0,0,0,785
11/12/2022,AUS,TX,ASW,CE,Combined TRACON& Tower with Radar,432,67,117,1,617,0,0,41,1,42,432,67,158,2,659,0,0,0,659
11/13/2022,AUS,TX,ASW,CE,Combined TRACON& Tower with Radar,542,96,113,3,754,0,0,66,0,66,542,96,179,3,820,0,0,0,820
11/14/2022,AUS,TX,ASW,CE,Combined TRACON& Tower with Radar,572,48,97,2,719,0,0,1,0,1,572,48,98,2,720,6,0,6,726
11/15/2022,AUS,TX,ASW,CE,Combined TRACON& Tower with Radar,538,60,131,5,734,0,0,41,14,55,538,60,172,19,789,0,0,0,789
11/16/2022,AUS,TX,ASW,CE,Combined TRACON& Tower with Radar,546,98,123,10,777,0,0,61,25,86,546,98,184,35,863,0,0,0,863
11/17/2022,AUS,TX,ASW,CE,Combined TRACON& Tower with Radar,544,77,132,8,761,0,0,66,17,83,544,77,198,25,844,0,0,0,844
11/18/2022,AUS,TX,ASW,CE,Combined TRACON& Tower with Radar,566,85,113,2,766,0,0,36,15,51,566,85,149,17,817,18,0,18,835
11/19/2022,AUS,TX,ASW,CE,Combined TRACON& Tower with Radar,464,67,82,4,617,0,0,1,0,1,464,67,83,4,618,0,0,0,618
11/20/2022,AUS,TX,ASW,CE,Combined TRACON& Tower with Radar,547,71,75,6,699,0,0,49,5,54,547,71,124,11,753,0,0,0,753
11/21/2022,AUS,TX,ASW,CE,Combined TRACON& Tower with Radar,567,70,81,3,721,0,0,2,3,5,567,70,83,6,726,0,0,0,726
11/22/2022,AUS,TX,ASW,CE,Combined TRACON& Tower with Radar,564,70,104,1,739,0,0,0,4,4,564,70,104,5,743,0,0,0,743
11/23/2022,AUS,TX,ASW,CE,Combined TRACON& Tower with Radar,588,53,128,2,771,1,0,18,7,26,589,53,146,9,797,0,0,0,797
11/24/2022,AUS,TX,ASW,CE,Combined TRACON& Tower with Radar,430,23,11,0,464,0,0,0,0,0,430,23,11,0,464,0,0,0,464
11/25/2022,AUS,TX,ASW,CE,Combined TRACON& Tower with Radar,497,50,62,1,610,0,0,0,0,0,497,50,62,1,610,0,0,0,610
11/26/2022,AUS,TX,ASW,CE,Combined TRACON& Tower with Radar,483,68,119,2,672,0,0,16,2,18,483,68,135,4,690,0,0,0,690
11/27/2022,AUS,TX,ASW,CE,Combined TRACON& Tower with Radar,548,72,116,0,736,0,1,77,2,80,548,73,193,2,816,0,0,0,816
11/28/2022,AUS,TX,ASW,CE,Combined TRACON& Tower with Radar,568,54,100,0,722,0,0,67,5,72,568,54,167,5,794,0,0,0,794
11/29/2022,AUS,TX,ASW,CE,Combined TRACON& Tower with Radar,539,53,90,3,685,0,0,42,19,61,539,53,132,22,746,0,0,0,746
11/30/2022,AUS,TX,ASW,CE,Combined TRACON& Tower with Radar,544,88,104,3,739,0,0,48,20,68,544,88,152,23,807,0,0,0,807
12/01/2022,AUS,TX,ASW,CE,Combined TRACON& Tower with Radar,549,84,134,4,771,0,2,28,19,49,549,86,162,23,820,0,40,40,860
12/02/2022,AUS,TX,ASW,CE,Combined TRACON& Tower with Radar,560,70,116,5,751,0,0,2,0,2,560,70,118,5,753,0,0,0,753
12/03/2022,AUS,TX,ASW,CE,Combined TRACON& Tower with Radar,422,33,58,2,515,0,0,19,8,27,422,33,77,10,542,0,0,0,542
12/04/2022,AUS,TX,ASW,CE,Combined TRACON& Tower with Radar,528,47,105,12,692,0,0,3,6,9,528,47,108,18,701,0,0,0,701
12/05/2022,AUS,TX,ASW,CE,Combined TRACON& Tower with Radar,553,56,90,2,701,0,0,45,1,46,553,56,135,3,747,0,0,0,747
12/06/2022,AUS,TX,ASW,CE,Combined TRACON& Tower with Radar,538,65,121,2,726,0,0,32,8,40,538,65,153,10,766,0,0,0,766
12/07/2022,AUS,TX,ASW,CE,Combined TRACON& Tower with Radar,537,64,101,5,707,0,0,47,18,65,537,64,148,23,772,0,0,0,772
12/08/2022,AUS,TX,ASW,CE,Combined TRACON& Tower with Radar,550,69,135,7,761,0,0,45,5,50,550,69,180,12,811,0,0,0,811
12/09/2022,AUS,TX,ASW,CE,Combined TRACON& Tower with Radar,562,86,118,9,775,0,0,54,16,70,562,86,172,25,845,0,0,0,845
12/10/2022,AUS,TX,ASW,CE,Combined TRACON& Tower with Radar,436,51,55,2,544,0,1,14,1,16,436,52,69,3,560,0,0,0,560
12/11/2022,AUS,TX,ASW,CE,Combined TRACON& Tower with Radar,530,50,102,1,683,0,0,0,0,0,530,50,102,1,683,0,0,0,683
12/12/2022,AUS,TX,ASW,CE,Combined TRACON& Tower with Radar,558,70,82,7,717,0,0,0,0,0,558,70,82,7,717,0,0,0,717
12/13/2022,AUS,TX,ASW,CE,Combined TRACON& Tower with Radar,531,46,104,12,693,0,0,27,15,42,531,46,131,27,735,0,0,0,735
12/14/2022,AUS,TX,ASW,CE,Combined TRACON& Tower with Radar,532,77,104,7,720,0,0,60,10,70,532,77,164,17,790,0,0,0,790
12/15/2022,AUS,TX,ASW,CE,Combined TRACON& Tower with Radar,542,90,96,6,734,0,0,93,13,106,542,90,189,19,840,0,0,0,840
12/16/2022,AUS,TX,ASW,CE,Combined TRACON& Tower with Radar,558,84,121,7,770,0,2,56,9,67,558,86,177,16,837,0,0,0,837
12/17/2022,AUS,TX,ASW,CE,Combined TRACON& Tower with Radar,462,55,55,2,574,0,2,58,0,60,462,57,113,2,634,0,0,0,634
12/18/2022,AUS,TX,ASW,CE,Combined TRACON& Tower with Radar,527,52,79,3,661,0,3,54,1,58,527,55,133,4,719,0,0,0,719
12/19/2022,AUS,TX,ASW,CE,Combined TRACON& Tower with Radar,536,69,55,0,660,0,0,1,0,1,536,69,56,0,661,0,0,0,661
12/20/2022,AUS,TX,ASW,CE,Combined TRACON& Tower with Radar,540,67,83,3,693,0,0,11,6,17,540,67,94,9,710,0,0,0,710
12/21/2022,AUS,TX,ASW,CE,Combined TRACON& Tower with Radar,532,69,97,6,704,0,3,5,7,15,532,72,102,13,719,0,0,0,719
12/22/2022,AUS,TX,ASW,CE,Combined TRACON& Tower with Radar,485,60,82,2,629,0,0,2,8,10,485,60,84,10,639,0,0,0,639
12/23/2022,AUS,TX,ASW,CE,Combined TRACON& Tower with Radar,439,54,60,2,555,0,2,10,0,12,439,56,70,2,567,0,0,0,567
12/24/2022,AUS,TX,ASW,CE,Combined TRACON& Tower with Radar,324,28,23,0,375,0,0,13,0,13,324,28,36,0,388,0,0,0,388
12/25/2022,AUS,TX,ASW,CE,Combined TRACON& Tower with Radar,320,41,17,0,378,0,0,10,0,10,320,41,27,0,388,0,0,0,388
12/26/2022,AUS,TX,ASW,CE,Combined TRACON& Tower with Radar,336,64,99,0,499,0,2,47,1,50,336,66,146,1,549,0,0,0,549
12/27/2022,AUS,TX,ASW,CE,Combined TRACON& Tower with Radar,383,67,106,0,556,0,1,75,1,77,383,68,181,1,633,0,0,0,633
12/28/2022,AUS,TX,ASW,CE,Combined TRACON& Tower with Radar,418,69,75,5,567,0,0,50,8,58,418,69,125,13,625,0,0,0,625
12/29/2022,AUS,TX,ASW,CE,Combined TRACON& Tower with Radar,436,54,75,4,569,0,0,20,6,26,436,54,95,10,595,0,0,0,595
12/30/2022,AUS,TX,ASW,CE,Combined TRACON& Tower with Radar,546,51,66,0,663,0,3,37,6,46,546,54,103,6,709,0,0,0,709
12/31/2022,AUS,TX,ASW,CE,Combined TRACON& Tower with Radar,411,36,34,0,481,0,0,37,0,37,411,36,71,0,518,0,0,0,518
01/01/2023,AUS,TX,ASW,CE,Combined TRACON& Tower with Radar,460,40,51,0,551,0,0,11,0,11,460,40,62,0,562,0,0,0,562
01/02/2023,AUS,TX,ASW,CE,Combined TRACON& Tower with Radar,502,61,88,0,651,0,2,17,0,19,502,63,105,0,670,8,0,8,678
01/03/2023,AUS,TX,ASW,CE,Combined TRACON& Tower with Radar,548,56,85,2,691,0,0,35,12,47,548,56,120,14,738,0,0,0,738
01/04/2023,AUS,TX,ASW,CE,Combined TRACON& Tower with Radar,535,60,93,0,688,0,2,50,27,79,535,62,143,27,767,0,0,0,767
01/05/2023,AUS,TX,ASW,CE,Combined TRACON& Tower with Radar,538,50,77,2,667,0,1,76,16,93,538,51,153,18,760,0,0,0,760
01/06/2023,AUS,TX,ASW,CE,Combined TRACON& Tower with Radar,545,49,75,2,671,0,0,34,6,40,545,49,109,8,711,0,0,0,711
01/07/2023,AUS,TX,ASW,CE,Combined TRACON& Tower with Radar,408,49,51,3,511,0,1,5,2,8,408,50,56,5,519,0,0,0,519
01/08/2023,AUS,TX,ASW,CE,Combined TRACON& Tower with Radar,510,55,66,4,635,0,0,59,2,61,510,55,125,6,696,0,0,0,696
01/09/2023,AUS,TX,ASW,CE,Combined TRACON& Tower with Radar,549,43,89,4,685,0,0,70,6,76,549,43,159,10,761,0,0,0,761
01/10/2023,AUS,TX,ASW,CE,Combined TRACON& Tower with Radar,531,58,107,0,696,0,2,50,6,58,531,60,157,6,754,0,0,0,754
01/11/2023,AUS,TX,ASW,CE,Combined TRACON& Tower with Radar,497,68,69,6,640,0,0,26,12,38,497,68,95,18,678,0,0,0,678
01/12/2023,AUS,TX,ASW,CE,Combined TRACON& Tower with Radar,554,59,92,5,710,0,0,29,11,40,554,59,121,16,750,0,0,0,750
01/13/2023,AUS,TX,ASW,CE,Combined TRACON& Tower with Radar,554,82,106,2,744,0,0,77,2,79,554,82,183,4,823,0,0,0,823
01/14/2023,AUS,TX,ASW,CE,Combined TRACON& Tower with Radar,380,35,38,0,453,0,0,65,4,69,380,35,103,4,522,0,0,0,522
01/15/2023,AUS,TX,ASW,CE,Combined TRACON& Tower with Radar,493,42,68,0,603,0,4,32,1,37,493,46,100,1,640,0,0,0,640
01/16/2023,AUS,TX,ASW,CE,Combined TRACON& Tower with Radar,547,69,108,0,724,0,0,49,0,49,547,69,157,0,773,0,0,0,773
01/17/2023,AUS,TX,ASW,CE,Combined TRACON& Tower with Radar,533,54,124,1,712,0,1,50,18,69,533,55,174,19,781,0,0,0,781
01/18/2023,AUS,TX,ASW,CE,Combined TRACON& Tower with Radar,530,45,98,5,678,0,0,56,19,75,530,45,154,24,753,0,0,0,753
01/19/2023,AUS,TX,ASW,CE,Combined TRACON& Tower with Radar,553,64,99,5,721,0,6,92,7,105,553,70,191,12,826,0,0,0,826
01/20/2023,AUS,TX,ASW,CE,Combined TRACON& Tower with Radar,549,68,68,8,693,0,0,51,11,62,549,68,119,19,755,0,0,0,755
01/21/2023,AUS,TX,ASW,CE,Combined TRACON& Tower with Radar,393,28,37,3,461,0,0,15,8,23,393,28,52,11,484,0,0,0,484
01/22/2023,AUS,TX,ASW,CE,Combined TRACON& Tower with Radar,506,52,54,5,617,0,1,69,25,95,506,53,123,30,712,0,0,0,712
01/23/2023,AUS,TX,ASW,CE,Combined TRACON& Tower with Radar,548,44,93,6,691,0,0,66,3,69,548,44,159,9,760,0,0,0,760
01/24/2023,AUS,TX,ASW,CE,Combined TRACON& Tower with Radar,554,54,84,6,698,1,0,10,4,15,555,54,94,10,713,0,0,0,713
01/25/2023,AUS,TX,ASW,CE,Combined TRACON& Tower with Radar,534,62,108,2,706,0,0,62,19,81,534,62,170,21,787,0,0,0,787
01/26/2023,AUS,TX,ASW,CE,Combined TRACON& Tower with Radar,551,57,118,5,731,0,2,75,18,95,551,59,193,23,826,0,0,0,826
01/27/2023,AUS,TX,ASW,CE,Combined TRACON& Tower with Radar,559,54,100,11,724,0,0,77,8,85,559,54,177,19,809,0,0,0,809
01/28/2023,AUS,TX,ASW,CE,Combined TRACON& Tower with Radar,396,33,55,5,489,0,0,0,0,0,396,33,55,5,489,0,0,0,489
01/29/2023,AUS,TX,ASW,CE,Combined TRACON& Tower with Radar,504,63,85,3,655,0,0,13,0,13,504,63,98,3,668,0,0,0,668
01/30/2023,AUS,TX,ASW,CE,Combined TRACON& Tower with Radar,475,33,76,1,585,0,0,0,0,0,475,33,76,1,585,0,0,0,585
01/31/2023,AUS,TX,ASW,CE,Combined TRACON& Tower with Radar,243,22,24,1,290,0,0,0,0,0,243,22,24,1,290,0,0,0,290
02/01/2023,AUS,TX,ASW,CE,Combined TRACON& Tower with Radar,174,22,22,0,218,0,0,0,0,0,174,22,22,0,218,0,0,0,218
02/02/2023,AUS,TX,ASW,CE,Combined TRACON& Tower with Radar,474,63,90,1,628,0,0,0,0,0,474,63,90,1,628,0,0,0,628
02/03/2023,AUS,TX,ASW,CE,Combined TRACON& Tower with Radar,553,57,94,7,711,0,0,38,5,43,553,57,132,12,754,0,0,0,754
02/04/2023,AUS,TX,ASW,CE,Combined TRACON& Tower with Radar,398,28,59,0,485,0,0,41,8,49,398,28,100,8,534,0,0,0,534
02/05/2023,AUS,TX,ASW,CE,Combined TRACON& Tower with Radar,508,60,82,1,651,0,2,50,3,55,508,62,132,4,706,0,0,0,706
02/06/2023,AUS,TX,ASW,CE,Combined TRACON& Tower with Radar,558,56,97,3,714,0,0,26,3,29,558,56,123,6,743,0,0,0,743
02/07/2023,AUS,TX,ASW,CE,Combined TRACON& Tower with Radar,538,65,100,4,707,0,0,4,2,6,538,65,104,6,713,0,0,0,713
02/08/2023,AUS,TX,ASW,CE,Combined TRACON& Tower with Radar,550,78,113,3,744,0,0,19,6,25,550,78,132,9,769,0,0,0,769
02/09/2023,AUS,TX,ASW,CE,Combined TRACON& Tower with Radar,555,72,134,6,767,0,0,79,20,99,555,72,213,26,866,0,0,0,866
02/10/2023,AUS,TX,ASW,CE,Combined TRACON& Tower with Radar,545,52,90,11,698,0,1,33,9,43,545,53,123,20,741,0,0,0,741
02/11/2023,AUS,TX,ASW,CE,Combined TRACON& Tower with Radar,413,49,49,6,517,0,2,64,1,67,413,51,113,7,584,0,0,0,584
02/12/2023,AUS,TX,ASW,CE,Combined TRACON& Tower with Radar,506,45,64,4,619,0,2,64,2,68,506,47,128,6,687,0,0,0,687
02/13/2023,AUS,TX,ASW,CE,Combined TRACON& Tower with Radar,531,60,96,0,687,0,0,64,12,76,531,60,160,12,763,0,0,0,763
02/14/2023,AUS,TX,ASW,CE,Combined TRACON& Tower with Radar,539,47,75,0,661,0,0,22,17,39,539,47,97,17,700,0,0,0,700
02/15/2023,AUS,TX,ASW,CE,Combined TRACON& Tower with Radar,538,58,120,3,719,0,0,26,9,35,538,58,146,12,754,0,0,0,754
02/16/2023,AUS,TX,ASW,CE,Combined TRACON& Tower with Radar,544,85,134,3,766,0,0,41,8,49,544,85,175,11,815,0,0,0,815
02/17/2023,AUS,TX,ASW,CE,Combined TRACON& Tower with Radar,569,75,110,7,761,0,1,83,9,93,569,76,193,16,854,6,16,22,876
02/18/2023,AUS,TX,ASW,CE,Combined TRACON& Tower with Radar,411,48,46,0,505,0,1,72,6,79,411,49,118,6,584,0,0,0,584
02/19/2023,AUS,TX,ASW,CE,Combined TRACON& Tower with Radar,509,53,84,1,647,0,2,43,2,47,509,55,127,3,694,0,0,0,694
02/20/2023,AUS,TX,ASW,CE,Combined TRACON& Tower with Radar,551,76,112,2,741,0,2,38,5,45,551,78,150,7,786,0,0,0,786
02/21/2023,AUS,TX,ASW,CE,Combined TRACON& Tower with Radar,548,65,148,9,770,0,0,48,7,55,548,65,196,16,825,0,0,0,825
02/22/2023,AUS,TX,ASW,CE,Combined TRACON& Tower with Radar,525,81,111,3,720,0,0,46,15,61,525,81,157,18,781,0,10,10,791
02/23/2023,AUS,TX,ASW,CE,Combined TRACON& Tower with Radar,549,72,148,4,773,0,0,49,15,64,549,72,197,19,837,0,0,0,837
02/24/2023,AUS,TX,ASW,CE,Combined TRACON& Tower with Radar,556,79,126,19,780,0,0,7,11,18,556,79,133,30,798,0,0,0,798
02/25/2023,AUS,TX,ASW,CE,Combined TRACON& Tower with Radar,420,46,80,4,550,0,1,0,5,6,420,47,80,9,556,2,10,12,568
02/26/2023,AUS,TX,ASW,CE,Combined TRACON& Tower with Radar,511,63,100,7,681,0,0,10,3,13,511,63,110,10,694,0,0,0,694
02/27/2023,AUS,TX,ASW,CE,Combined TRACON& Tower with Radar,558,56,99,0,713,0,0,55,9,64,558,56,154,9,777,0,0,0,777
02/28/2023,AUS,TX,ASW,CE,Combined TRACON& Tower with Radar,543,81,97,6,727,0,0,59,13,72,543,81,156,19,799,32,0,32,831
03/01/2023,AUS,TX,ASW,CE,Combined TRACON& Tower with Radar,540,60,123,3,726,0,0,42,6,48,540,60,165,9,774,56,4,60,834
03/02/2023,AUS,TX,ASW,CE,Combined TRACON& Tower with Radar,529,61,129,0,719,0,0,10,0,10,529,61,139,0,729,70,0,70,799
03/03/2023,AUS,TX,ASW,CE,Combined TRACON& Tower with Radar,562,79,93,8,742,0,2,65,7,74,562,81,158,15,816,0,0,0,816
03/04/2023,AUS,TX,ASW,CE,Combined TRACON& Tower with Radar,420,44,63,3,530,0,0,85,5,90,420,44,148,8,620,0,0,0,620
03/05/2023,AUS,TX,ASW,CE,Combined TRACON& Tower with Radar,509,69,93,8,679,0,0,54,2,56,509,69,147,10,735,0,0,0,735
03/06/2023,AUS,TX,ASW,CE,Combined TRACON& Tower with Radar,558,55,108,1,722,0,0,43,0,43,558,55,151,1,765,0,0,0,765
03/07/2023,AUS,TX,ASW,CE,Combined TRACON& Tower with Radar,545,63,102,0,710,0,0,27,7,34,545,63,129,7,744,0,0,0,744
03/08/2023,AUS,TX,ASW,CE,Combined TRACON& Tower with Radar,556,74,130,5,765,0,2,55,11,68,556,76,185,16,833,0,0,0,833
03/09/2023,AUS,TX,ASW,CE,Combined TRACON& Tower with Radar,584,79,127,2,792,0,2,29,14,45,584,81,156,16,837,0,0,0,837
03/10/2023,AUS,TX,ASW,CE,Combined TRACON& Tower with Radar,579,98,122,4,803,0,2,32,7,41,579,100,154,11,844,0,0,0,844
03/11/2023,AUS,TX,ASW,CE,Combined TRACON& Tower with Radar,459,73,83,2,617,0,0,35,8,43,459,73,118,10,660,0,0,0,660
03/12/2023,AUS,TX,ASW,CE,Combined TRACON& Tower with Radar,554,92,112,2,760,0,1,46,3,50,554,93,158,5,810,0,0,0,810
03/13/2023,AUS,TX,ASW,CE,Combined TRACON& Tower with Radar,583,69,98,2,752,0,2,44,3,49,583,71,142,5,801,0,0,0,801
03/14/2023,AUS,TX,ASW,CE,Combined TRACON& Tower with Radar,568,53,66,6,693,0,0,31,5,36,568,53,97,11,729,0,0,0,729
03/15/2023,AUS,TX,ASW,CE,Combined TRACON& Tower with Radar,562,71,118,2,753,1,0,68,12,81,563,71,186,14,834,0,0,0,834
03/16/2023,AUS,TX,ASW,CE,Combined TRACON& Tower with Radar,566,74,72,10,722,0,0,5,3,8,566,74,77,13,730,0,0,0,730
03/17/2023,AUS,TX,ASW,CE,Combined TRACON& Tower with Radar,563,75,67,5,710,0,0,30,8,38,563,75,97,13,748,0,0,0,748
03/18/2023,AUS,TX,ASW,CE,Combined TRACON& Tower with Radar,460,74,80,0,614,0,0,35,2,37,460,74,115,2,651,0,0,0,651
03/19/2023,AUS,TX,ASW,CE,Combined TRACON& Tower with Radar,564,103,108,4,779,0,0,77,1,78,564,103,185,5,857,0,0,0,857
03/20/2023,AUS,TX,ASW,CE,Combined TRACON& Tower with Radar,582,62,86,5,735,0,0,31,6,37,582,62,117,11,772,0,0,0,772
03/21/2023,AUS,TX,ASW,CE,Combined TRACON& Tower with Radar,557,63,111,5,736,0,0,0,0,0,557,63,111,5,736,0,0,0,736
03/22/2023,AUS,TX,ASW,CE,Combined TRACON& Tower with Radar,557,61,105,7,730,0,0,16,14,30,557,61,121,21,760,0,0,0,760
03/23/2023,AUS,TX,ASW,CE,Combined TRACON& Tower with Radar,577,91,154,2,824,0,0,25,14,39,577,91,179,16,863,0,0,0,863
03/24/2023,AUS,TX,ASW,CE,Combined TRACON& Tower with Radar,591,80,113,2,786,0,0,32,20,52,591,80,145,22,838,0,0,0,838
03/25/2023,AUS,TX,ASW,CE,Combined TRACON& Tower with Radar,461,75,80,5,621,0,0,69,20,89,461,75,149,25,710,24,0,24,734
03/26/2023,AUS,TX,ASW,CE,Combined TRACON& Tower with Radar,539,93,147,9,788,0,0,39,2,41,539,93,186,11,829,0,0,0,829
03/27/2023,AUS,TX,ASW,CE,Combined TRACON& Tower with Radar,582,55,103,2,742,0,0,36,2,38,582,55,139,4,780,0,0,0,780
03/28/2023,AUS,TX,ASW,CE,Combined TRACON& Tower with Radar,554,56,111,7,728,0,2,23,4,29,554,58,134,11,757,0,0,0,757
03/29/2023,AUS,TX,ASW,CE,Combined TRACON& Tower with Radar,559,56,133,6,754,0,1,52,13,66,559,57,185,19,820,0,0,0,820
03/30/2023,AUS,TX,ASW,CE,Combined TRACON& Tower with Radar,574,68,117,7,766,0,0,5,9,14,574,68,122,16,780,0,0,0,780
03/31/2023,AUS,TX,ASW,CE,Combined TRACON& Tower with Radar,585,70,119,3,777,0,0,13,8,21,585,70,132,11,798,4,2,6,804
04/01/2023,AUS,TX,ASW,CE,Combined TRACON& Tower with Radar,438,48,89,3,578,0,1,75,4,80,438,49,164,7,658,0,0,0,658
04/02/2023,AUS,TX,ASW,CE,Combined TRACON& Tower with Radar,555,76,108,6,745,0,0,14,2,16,555,76,122,8,761,0,0,0,761
04/03/2023,AUS,TX,ASW,CE,Combined TRACON& Tower with Radar,578,77,91,9,755,0,0,46,3,49,578,77,137,12,804,0,0,0,804
04/04/2023,AUS,TX,ASW,CE,Combined TRACON& Tower with Radar,554,77,104,7,742,0,0,43,8,51,554,77,147,15,793,0,0,0,793
04/05/2023,AUS,TX,ASW,CE,Combined TRACON& Tower with Radar,566,95,128,1,790,1,0,43,21,65,567,95,171,22,855,0,0,0,855
04/06/2023,AUS,TX,ASW,CE,Combined TRACON& Tower with Radar,581,66,82,1,730,0,0,0,4,4,581,66,82,5,734,0,0,0,734
04/07/2023,AUS,TX,ASW,CE,Combined TRACON& Tower with Radar,603,72,82,2,759,0,0,0,0,0,603,72,82,2,759,0,0,0,759
04/08/2023,AUS,TX,ASW,CE,Combined TRACON& Tower with Radar,456,37,53,1,547,0,0,2,2,4,456,37,55,3,551,0,0,0,551
04/09/2023,AUS,TX,ASW,CE,Combined TRACON& Tower with Radar,526,49,63,1,639,0,2,19,0,21,526,51,82,1,660,0,0,0,660
04/10/2023,AUS,TX,ASW,CE,Combined TRACON& Tower with Radar,567,67,92,3,729,0,1,26,0,27,567,68,118,3,756,0,0,0,756
04/11/2023,AUS,TX,ASW,CE,Combined TRACON& Tower with Radar,559,68,93,5,725,0,8,62,12,82,559,76,155,17,807,0,0,0,807
04/12/2023,AUS,TX,ASW,CE,Combined TRACON& Tower with Radar,560,68,104,12,744,0,6,88,14,108,560,74,192,26,852,0,0,0,852
04/13/2023,AUS,TX,ASW,CE,Combined TRACON& Tower with Radar,565,59,144,4,772,0,2,59,26,87,565,61,203,30,859,0,0,0,859
04/14/2023,AUS,TX,ASW,CE,Combined TRACON& Tower with Radar,578,72,143,17,810,0,0,17,11,28,578,72,160,28,838,0,0,0,838
04/15/2023,AUS,TX,ASW,CE,Combined TRACON& Tower with Radar,444,43,79,4,570,0,3,46,8,57,444,46,125,12,627,0,0,0,627
04/16/2023,AUS,TX,ASW,CE,Combined TRACON& Tower with Radar,526,81,128,7,742,0,5,70,6,81,526,86,198,13,823,0,0,0,823
04/17/2023,AUS,TX,ASW,CE,Combined TRACON& Tower with Radar,574,69,127,9,779,0,2,55,1,58,574,71,182,10,837,0,0,0,837
04/18/2023,AUS,TX,ASW,CE,Combined TRACON& Tower with Radar,557,70,117,12,756,0,1,20,4,25,557,71,137,16,781,0,0,0,781
04/19/2023,AUS,TX,ASW,CE,Combined TRACON& Tower with Radar,556,58,155,5,774,0,1,39,16,56,556,59,194,21,830,0,0,0,830
04/20/2023,AUS,TX,ASW,CE,Combined TRACON& Tower with Radar,505,72,131,5,713,0,1,10,15,26,505,73,141,20,739,0,0,0,739
04/21/2023,AUS,TX,ASW,CE,Combined TRACON& Tower with Radar,604,93,122,7,826,0,5,46,17,68,604,98,168,24,894,0,0,0,894
04/22/2023,AUS,TX,ASW,CE,Combined TRACON& Tower with Radar,450,55,70,6,581,0,7,61,23,91,450,62,131,29,672,0,0,0,672
04/23/2023,AUS,TX,ASW,CE,Combined TRACON& Tower with Radar,527,89,113,6,735,0,4,11,13,28,527,93,124,19,763,0,0,0,763
04/24/2023,AUS,TX,ASW,CE,Combined TRACON& Tower with Radar,578,56,119,2,755,0,2,27,10,39,578,58,146,12,794,0,0,0,794
04/25/2023,AUS,TX,ASW,CE,Combined TRACON& Tower with Radar,551,54,79,7,691,0,0,6,18,24,551,54,85,25,715,0,0,0,715
04/26/2023,AUS,TX,ASW,CE,Combined TRACON& Tower with Radar,558,66,127,5,756,0,4,20,8,32,558,70,147,13,788,0,0,0,788
04/27/2023,AUS,TX,ASW,CE,Combined TRACON& Tower with Radar,579,75,136,12,802,0,2,54,15,71,579,77,190,27,873,24,0,24,897
04/28/2023,AUS,TX,ASW,CE,Combined TRACON& Tower with Radar,541,72,122,5,740,0,0,27,4,31,541,72,149,9,771,0,0,0,771
04/29/2023,AUS,TX,ASW,CE,Combined TRACON& Tower with Radar,467,44,67,0,578,0,0,29,7,36,467,44,96,7,614,0,0,0,614
04/30/2023,AUS,TX,ASW,CE,Combined TRACON& Tower with Radar,521,66,98,2,687,0,7,89,8,104,521,73,187,10,791,0,0,0,791
05/01/2023,AUS,TX,ASW,CE,Combined TRACON& Tower with Radar,582,56,84,2,724,0,7,43,1,51,582,63,127,3,775,0,0,0,775
05/02/2023,AUS,TX,ASW,CE,Combined TRACON& Tower with Radar,565,58,122,2,747,0,3,32,6,41,565,61,154,8,788,0,0,0,788
05/03/2023,AUS,TX,ASW,CE,Combined TRACON& Tower with Radar,556,77,106,1,740,0,3,49,2,54,556,80,155,3,794,0,0,0,794
05/04/2023,AUS,TX,ASW,CE,Combined TRACON& Tower with Radar,577,108,122,1,808,0,1,8,10,19,577,109,130,11,827,0,0,0,827
05/05/2023,AUS,TX,ASW,CE,Combined TRACON& Tower with Radar,586,68,89,2,745,0,7,38,8,53,586,75,127,10,798,0,6,6,804
05/06/2023,AUS,TX,ASW,CE,Combined TRACON& Tower with Radar,442,36,59,0,537,0,0,26,8,34,442,36,85,8,571,0,0,0,571
05/07/2023,AUS,TX,ASW,CE,Combined TRACON& Tower with Radar,543,72,96,4,715,0,3,11,5,19,543,75,107,9,734,0,0,0,734
05/08/2023,AUS,TX,ASW,CE,Combined TRACON& Tower with Radar,604,68,114,18,804,0,2,20,6,28,604,70,134,24,832,46,0,46,878
05/09/2023,AUS,TX,ASW,CE,Combined TRACON& Tower with Radar,567,62,87,9,725,0,0,7,8,15,567,62,94,17,740,0,0,0,740
05/10/2023,AUS,TX,ASW,CE,Combined TRACON& Tower with Radar,568,87,85,3,743,0,1,19,16,36,568,88,104,19,779,0,0,0,779
05/11/2023,AUS,TX,ASW,CE,Combined TRACON& Tower with Radar,581,75,101,10,767,0,0,8,5,13,581,75,109,15,780,20,0,20,800
05/12/2023,AUS,TX,ASW,CE,Combined TRACON& Tower with Radar,583,92,98,10,783,0,0,15,8,23,583,92,113,18,806,0,0,0,806
05/13/2023,AUS,TX,ASW,CE,Combined TRACON& Tower with Radar,436,39,30,2,507,0,1,5,3,9,436,40,35,5,516,0,0,0,516
05/14/2023,AUS,TX,ASW,CE,Combined TRACON& Tower with Radar,560,61,54,4,679,0,1,19,0,20,560,62,73,4,699,0,0,0,699
05/15/2023,AUS,TX,ASW,CE,Combined TRACON& Tower with Radar,594,61,87,10,752,0,4,20,2,26,594,65,107,12,778,20,2,22,800
05/16/2023,AUS,TX,ASW,CE,Combined TRACON& Tower with Radar,583,68,81,6,738,0,2,31,13,46,583,70,112,19,784,0,0,0,784
05/17/2023,AUS,TX,ASW,CE,Combined TRACON& Tower with Radar,566,81,119,14,780,0,3,82,8,93,566,84,201,22,873,0,0,0,873
05/18/2023,AUS,TX,ASW,CE,Combined TRACON& Tower with Radar,585,97,104,11,797,0,3,76,26,105,585,100,180,37,902,0,0,0,902
05/19/2023,AUS,TX,ASW,CE,Combined TRACON& Tower with Radar,603,79,111,9,802,0,1,58,8,67,603,80,169,17,869,0,0,0,869
05/20/2023,AUS,TX,ASW,CE,Combined TRACON& Tower with Radar,448,61,65,5,579,0,2,28,11,41,448,63,93,16,620,0,0,0,620
05/21/2023,AUS,TX,ASW,CE,Combined TRACON& Tower with Radar,550,94,86,10,740,0,0,39,3,42,550,94,125,13,782,12,0,12,794
05/22/2023,AUS,TX,ASW,CE,Combined TRACON& Tower with Radar,592,86,109,4,791,0,0,44,4,48,592,86,153,8,839,0,0,0,839
05/23/2023,AUS,TX,ASW,CE,Combined TRACON& Tower with Radar,569,72,88,8,737,0,0,52,19,71,569,72,140,27,808,0,0,0,808
05/24/2023,AUS,TX,ASW,CE,Combined TRACON& Tower with Radar,572,70,114,4,760,0,0,46,16,62,572,70,160,20,822,0,0,0,822
05/25/2023,AUS,TX,ASW,CE,Combined TRACON& Tower with Radar,581,73,118,0,772,0,2,58,11,71,581,75,176,11,843,0,0,0,843
05/26/2023,AUS,TX,ASW,CE,Combined TRACON& Tower with Radar,598,70,84,5,757,0,10,70,6,86,598,80,154,11,843,0,0,0,843
05/27/2023,AUS,TX,ASW,CE,Combined TRACON& Tower with Radar,433,40,48,1,522,0,5,43,3,51,433,45,91,4,573,0,0,0,573
05/28/2023,AUS,TX,ASW,CE,Combined TRACON& Tower with Radar,504,37,47,3,591,0,4,36,2,42,504,41,83,5,633,0,0,0,633
05/29/2023,AUS,TX,ASW,CE,Combined TRACON& Tower with Radar,581,63,64,1,709,0,2,39,1,42,581,65,103,2,751,0,0,0,751
05/30/2023,AUS,TX,ASW,CE,Combined TRACON& Tower with Radar,576,49,72,3,700,0,2,33,10,45,576,51,105,13,745,0,0,0,745
05/31/2023,AUS,TX,ASW,CE,Combined TRACON& Tower with Radar,576,72,93,5,746,0,1,59,21,81,576,73,152,26,827,6,0,6,833
06/01/2023,AUS,TX,ASW,CE,Combined TRACON& Tower with Radar,571,70,93,4,738,0,4,56,17,77,571,74,149,21,815,0,0,0,815
06/02/2023,AUS,TX,ASW,CE,Combined TRACON& Tower with Radar,588,71,92,10,761,0,11,47,6,64,588,82,139,16,825,0,0,0,825
06/03/2023,AUS,TX,ASW,CE,Combined TRACON& Tower with Radar,447,42,71,9,569,0,3,46,4,53,447,45,117,13,622,0,0,0,622
06/04/2023,AUS,TX,ASW,CE,Combined TRACON& Tower with Radar,540,55,71,7,673,0,2,28,0,30,540,57,99,7,703,0,0,0,703
06/05/2023,AUS,TX,ASW,CE,Combined TRACON& Tower with Radar,598,50,71,4,723,0,1,26,7,34,598,51,97,11,757,0,0,0,757
06/06/2023,AUS,TX,ASW,CE,Combined TRACON& Tower with Radar,588,78,73,2,741,0,10,48,8,66,588,88,121,10,807,0,0,0,807
06/07/2023,AUS,TX,ASW,CE,Combined TRACON& Tower with Radar,611,68,94,2,775,0,6,57,11,74,611,74,151,13,849,0,0,0,849
06/08/2023,AUS,TX,ASW,CE,Combined TRACON& Tower with Radar,602,66,92,1,761,0,4,53,13,70,602,70,145,14,831,0,0,0,831
06/09/2023,AUS,TX,ASW,CE,Combined TRACON& Tower with Radar,587,70,94,6,757,0,11,51,1,63,587,81,145,7,820,0,0,0,820
06/10/2023,AUS,TX,ASW,CE,Combined TRACON& Tower with Radar,461,50,48,1,560,0,6,40,10,56,461,56,88,11,616,0,0,0,616
06/11/2023,AUS,TX,ASW,CE,Combined TRACON& Tower with Radar,543,61,103,5,712,0,7,50,11,68,543,68,153,16,780,0,12,12,792
06/12/2023,AUS,TX,ASW,CE,Combined TRACON& Tower with Radar,586,70,86,3,745,0,5,23,17,45,586,75,109,20,790,0,0,0,790
06/13/2023,AUS,TX,ASW,CE,Combined TRACON& Tower with Radar,595,63,115,0,773,0,5,18,8,31,595,68,133,8,804,0,0,0,804
06/14/2023,AUS,TX,ASW,CE,Combined TRACON& Tower with Radar,578,78,106,7,769,0,6,52,15,73,578,84,158,22,842,0,0,0,842
06/15/2023,AUS,TX,ASW,CE,Combined TRACON& Tower with Radar,598,84,105,0,787,0,4,41,17,62,598,88,146,17,849,0,0,0,849
06/16/2023,AUS,TX,ASW,CE,Combined TRACON& Tower with Radar,603,54,96,12,765,0,6,39,10,55,603,60,135,22,820,0,0,0,820
06/17/2023,AUS,TX,ASW,CE,Combined TRACON& Tower with Radar,464,47,83,0,594,0,2,39,20,61,464,49,122,20,655,0,0,0,655
06/18/2023,AUS,TX,ASW,CE,Combined TRACON& Tower with Radar,540,50,73,1,664,0,2,21,10,33,540,52,94,11,697,0,0,0,697
06/19/2023,AUS,TX,ASW,CE,Combined TRACON& Tower with Radar,591,54,74,2,721,0,6,37,12,55,591,60,111,14,776,0,0,0,776
06/20/2023,AUS,TX,ASW,CE,Combined TRACON& Tower with Radar,577,62,84,1,724,0,7,31,17,55,577,69,115,18,779,0,0,0,779
06/21/2023,AUS,TX,ASW,CE,Combined TRACON& Tower with Radar,587,63,92,6,748,0,5,36,7,48,587,68,128,13,796,0,0,0,796
06/22/2023,AUS,TX,ASW,CE,Combined TRACON& Tower with Radar,616,67,92,5,780,0,2,36,14,52,616,69,128,19,832,0,0,0,832
06/23/2023,AUS,TX,ASW,CE,Combined TRACON& Tower with Radar,615,74,96,14,799,0,2,29,12,43,615,76,125,26,842,0,0,0,842
06/24/2023,AUS,TX,ASW,CE,Combined TRACON& Tower with Radar,453,39,54,9,555,0,7,42,15,64,453,46,96,24,619,0,0,0,619
06/25/2023,AUS,TX,ASW,CE,Combined TRACON& Tower with Radar,523,52,81,13,669,0,5,39,4,48,523,57,120,17,717,0,0,0,717
06/26/2023,AUS,TX,ASW,CE,Combined TRACON& Tower with Radar,574,59,67,1,701,0,5,36,5,46,574,64,103,6,747,0,0,0,747
06/27/2023,AUS,TX,ASW,CE,Combined TRACON& Tower with Radar,544,73,81,3,701,0,2,64,12,78,544,75,145,15,779,0,0,0,779
06/28/2023,AUS,TX,ASW,CE,Combined TRACON& Tower with Radar,562,65,89,4,720,0,5,62,17,84,562,70,151,21,804,0,0,0,804
06/29/2023,AUS,TX,ASW,CE,Combined TRACON& Tower with Radar,559,81,84,8,732,0,2,78,12,92,559,83,162,20,824,0,0,0,824
06/30/2023,AUS,TX,ASW,CE,Combined TRACON& Tower with Radar,562,94,68,4,728,0,4,43,6,53,562,98,111,10,781,0,0,0,781
07/01/2023,AUS,TX,ASW,CE,Combined TRACON& Tower with Radar,461,44,47,2,554,0,2,40,5,47,461,46,87,7,601,0,0,0,601
07/02/2023,AUS,TX,ASW,CE,Combined TRACON& Tower with Radar,512,38,46,0,596,0,4,38,10,52,512,42,84,10,648,0,0,0,648
07/03/2023,AUS,TX,ASW,CE,Combined TRACON& Tower with Radar,512,37,41,0,590,0,3,43,4,50,512,40,84,4,640,0,0,0,640
07/04/2023,AUS,TX,ASW,CE,Combined TRACON& Tower with Radar,476,17,19,0,512,0,0,27,7,34,476,17,46,7,546,0,0,0,546
07/05/2023,AUS,TX,ASW,CE,Combined TRACON& Tower with Radar,554,40,73,4,671,0,0,26,12,38,554,40,99,16,709,0,0,0,709
07/06/2023,AUS,TX,ASW,CE,Combined TRACON& Tower with Radar,607,54,60,4,725,0,0,36,8,44,607,54,96,12,769,0,0,0,769
07/07/2023,AUS,TX,ASW,CE,Combined TRACON& Tower with Radar,587,56,60,11,714,0,1,35,14,50,587,57,95,25,764,0,0,0,764
07/08/2023,AUS,TX,ASW,CE,Combined TRACON& Tower with Radar,468,45,59,13,585,0,2,35,5,42,468,47,94,18,627,0,0,0,627
07/09/2023,AUS,TX,ASW,CE,Combined TRACON& Tower with Radar,562,63,75,1,701,0,0,42,2,44,562,63,117,3,745,0,0,0,745
07/10/2023,AUS,TX,ASW,CE,Combined TRACON& Tower with Radar,600,38,52,4,694,0,0,46,8,54,600,38,98,12,748,0,0,0,748
07/11/2023,AUS,TX,ASW,CE,Combined TRACON& Tower with Radar,591,63,85,1,740,0,0,37,16,53,591,63,122,17,793,0,0,0,793
07/12/2023,AUS,TX,ASW,CE,Combined TRACON& Tower with Radar,596,71,74,2,743,1,8,38,18,65,597,79,112,20,808,0,0,0,808
07/13/2023,AUS,TX,ASW,CE,Combined TRACON& Tower with Radar,617,65,74,2,758,1,2,64,19,86,618,67,138,21,844,0,0,0,844
07/14/2023,AUS,TX,ASW,CE,Combined TRACON& Tower with Radar,600,68,59,4,731,0,2,45,23,70,600,70,104,27,801,0,0,0,801
07/15/2023,AUS,TX,ASW,CE,Combined TRACON& Tower with Radar,476,47,61,6,590,0,7,33,22,62,476,54,94,28,652,0,0,0,652
07/16/2023,AUS,TX,ASW,CE,Combined TRACON& Tower with Radar,559,59,79,7,704,0,5,55,8,68,559,64,134,15,772,0,0,0,772
07/17/2023,AUS,TX,ASW,CE,Combined TRACON& Tower with Radar,620,65,70,4,759,1,2,43,2,48,621,67,113,6,807,0,0,0,807
07/18/2023,AUS,TX,ASW,CE,Combined TRACON& Tower with Radar,585,62,75,2,724,0,2,52,10,64,585,64,127,12,788,0,0,0,788
07/19/2023,AUS,TX,ASW,CE,Combined TRACON& Tower with Radar,606,71,89,3,769,0,6,46,18,70,606,77,135,21,839,0,0,0,839
07/20/2023,AUS,TX,ASW,CE,Combined TRACON& Tower with Radar,606,62,70,8,746,1,0,44,16,61,607,62,114,24,807,0,0,0,807
07/21/2023,AUS,TX,ASW,CE,Combined TRACON& Tower with Radar,607,52,79,4,742,0,2,35,16,53,607,54,114,20,795,10,0,10,805
07/22/2023,AUS,TX,ASW,CE,Combined TRACON& Tower with Radar,483,42,38,2,565,1,7,43,23,74,484,49,81,25,639,4,0,4,643
07/23/2023,AUS,TX,ASW,CE,Combined TRACON& Tower with Radar,563,55,58,11,687,0,2,38,18,58,563,57,96,29,745,0,0,0,745
07/24/2023,AUS,TX,ASW,CE,Combined TRACON& Tower with Radar,613,58,83,8,762,1,1,18,5,25,614,59,101,13,787,0,0,0,787
07/25/2023,AUS,TX,ASW,CE,Combined TRACON& Tower with Radar,573,53,82,4,712,0,0,28,7,35,573,53,110,11,747,0,0,0,747
07/26/2023,AUS,TX,ASW,CE,Combined TRACON& Tower with Radar,586,72,107,10,775,0,1,24,16,41,586,73,131,26,816,0,0,0,816
07/27/2023,AUS,TX,ASW,CE,Combined TRACON& Tower with Radar,608,64,104,8,784,0,0,25,10,35,608,64,129,18,819,0,0,0,819
07/28/2023,AUS,TX,ASW,CE,Combined TRACON& Tower with Radar,601,67,76,13,757,0,1,25,11,37,601,68,101,24,794,0,0,0,794
07/29/2023,AUS,TX,ASW,CE,Combined TRACON& Tower with Radar,478,49,89,4,620,0,0,26,3,29,478,49,115,7,649,0,0,0,649
07/30/2023,AUS,TX,ASW,CE,Combined TRACON& Tower with Radar,566,54,92,11,723,0,1,25,6,32,566,55,117,17,755,0,0,0,755
07/31/2023,AUS,TX,ASW,CE,Combined TRACON& Tower with Radar,611,63,82,5,761,1,0,21,5,27,612,63,103,10,788,0,0,0,788
08/01/2023,AUS,TX,ASW,CE,Combined TRACON& Tower with Radar,577,62,84,6,729,0,0,14,8,22,577,62,98,14,751,0,0,0,751
08/02/2023,AUS,TX,ASW,CE,Combined TRACON& Tower with Radar,594,46,109,5,754,0,0,32,17,49,594,46,141,22,803,0,0,0,803
08/03/2023,AUS,TX,ASW,CE,Combined TRACON& Tower with Radar,602,59,74,14,749,0,0,25,13,38,602,59,99,27,787,0,0,0,787
08/04/2023,AUS,TX,ASW,CE,Combined TRACON& Tower with Radar,605,62,72,20,759,0,3,17,15,35,605,65,89,35,794,0,0,0,794
08/05/2023,AUS,TX,ASW,CE,Combined TRACON& Tower with Radar,485,35,69,12,601,1,3,28,5,37,486,38,97,17,638,0,0,0,638
08/06/2023,AUS,TX,ASW,CE,Combined TRACON& Tower with Radar,536,45,81,3,665,0,3,20,7,30,536,48,101,10,695,0,0,0,695
08/07/2023,AUS,TX,ASW,CE,Combined TRACON& Tower with Radar,593,38,89,18,738,1,2,24,7,34,594,40,113,25,772,0,0,0,772
08/08/2023,AUS,TX,ASW,CE,Combined TRACON& Tower with Radar,580,53,92,7,732,0,1,13,8,22,580,54,105,15,754,0,0,0,754
08/09/2023,AUS,TX,ASW,CE,Combined TRACON& Tower with Radar,598,70,122,3,793,0,1,26,14,41,598,71,148,17,834,0,0,0,834
08/10/2023,AUS,TX,ASW,CE,Combined TRACON& Tower with Radar,603,69,100,2,774,0,3,25,9,37,603,72,125,11,811,0,0,0,811
08/11/2023,AUS,TX,ASW,CE,Combined TRACON& Tower with Radar,600,69,95,7,771,0,3,24,13,40,600,72,119,20,811,0,0,0,811
08/12/2023,AUS,TX,ASW,CE,Combined TRACON& Tower with Radar,475,33,53,2,563,0,2,16,13,31,475,35,69,15,594,0,0,0,594
08/13/2023,AUS,TX,ASW,CE,Combined TRACON& Tower with Radar,557,59,72,4,692,0,0,10,6,16,557,59,82,10,708,0,0,0,708
08/14/2023,AUS,TX,ASW,CE,Combined TRACON& Tower with Radar,595,53,93,6,747,0,1,18,6,25,595,54,111,12,772,0,0,0,772
08/15/2023,AUS,TX,ASW,CE,Combined TRACON& Tower with Radar,575,51,70,5,701,0,0,20,12,32,575,51,90,17,733,0,0,0,733
08/16/2023,AUS,TX,ASW,CE,Combined TRACON& Tower with Radar,572,66,129,11,778,1,2,33,9,45,573,68,162,20,823,0,0,0,823
08/17/2023,AUS,TX,ASW,CE,Combined TRACON& Tower with Radar,580,62,82,4,728,1,1,14,8,24,581,63,96,12,752,0,0,0,752
08/18/2023,AUS,TX,ASW,CE,Combined TRACON& Tower with Radar,593,74,104,22,793,0,2,25,6,33,593,76,129,28,826,0,0,0,826
08/19/2023,AUS,TX,ASW,CE,Combined TRACON& Tower with Radar,452,41,61,9,563,0,0,17,4,21,452,41,78,13,584,0,0,0,584
08/20/2023,AUS,TX,ASW,CE,Combined TRACON& Tower with Radar,548,61,70,4,683,0,0,21,6,27,548,61,91,10,710,0,0,0,710
08/21/2023,AUS,TX,ASW,CE,Combined TRACON& Tower with Radar,604,53,92,4,753,0,4,15,6,25,604,57,107,10,778,0,0,0,778
08/22/2023,AUS,TX,ASW,CE,Combined TRACON& Tower with Radar,569,45,90,1,705,0,1,11,9,21,569,46,101,10,726,0,0,0,726
08/23/2023,AUS,TX,ASW,CE,Combined TRACON& Tower with Radar,565,55,121,3,744,0,3,18,15,36,565,58,139,18,780,0,0,0,780
08/24/2023,AUS,TX,ASW,CE,Combined TRACON& Tower with Radar,589,65,96,2,752,2,0,23,15,40,591,65,119,17,792,0,0,0,792
08/25/2023,AUS,TX,ASW,CE,Combined TRACON& Tower with Radar,591,56,96,9,752,0,3,31,11,45,591,59,127,20,797,0,0,0,797
08/26/2023,AUS,TX,ASW,CE,Combined TRACON& Tower with Radar,451,43,52,9,555,0,0,19,1,20,451,43,71,10,575,0,0,0,575
08/27/2023,AUS,TX,ASW,CE,Combined TRACON& Tower with Radar,558,42,90,6,696,0,0,19,3,22,558,42,109,9,718,0,0,0,718
08/28/2023,AUS,TX,ASW,CE,Combined TRACON& Tower with Radar,598,56,90,5,749,0,2,17,2,21,598,58,107,7,770,0,0,0,770
08/29/2023,AUS,TX,ASW,CE,Combined TRACON& Tower with Radar,551,59,92,4,706,0,3,27,16,46,551,62,119,20,752,20,0,20,772
08/30/2023,AUS,TX,ASW,CE,Combined TRACON& Tower with Radar,556,64,101,8,729,1,0,31,19,51,557,64,132,27,780,0,0,0,780
08/31/2023,AUS,TX,ASW,CE,Combined TRACON& Tower with Radar,592,87,127,7,813,0,2,27,8,37,592,89,154,15,850,0,0,0,850
