01/01/2020,AVL,NC,ASO,ES,Combined TRACON& Tower with Radar,31,20,24,0,75,0,0,43,0,43,31,20,67,0,118,54,0,54,172
01/02/2020,AVL,NC,ASO,ES,Combined TRACON& Tower with Radar,41,29,35,11,116,0,0,9,2,11,41,29,44,13,127,55,4,59,186
01/03/2020,AVL,NC,ASO,ES,Combined TRACON& Tower with Radar,42,30,14,3,89,0,0,0,0,0,42,30,14,3,89,0,0,0,89
01/04/2020,AVL,NC,ASO,ES,Combined TRACON& Tower with Radar,38,27,19,2,86,0,0,9,0,9,38,27,28,2,95,6,0,6,101
01/05/2020,AVL,NC,ASO,ES,Combined TRACON& Tower with Radar,45,26,33,0,104,0,0,54,0,54,45,26,87,0,158,96,0,96,254
01/06/2020,AVL,NC,ASO,ES,Combined TRACON& Tower with Radar,39,29,29,3,100,0,0,52,1,53,39,29,81,4,153,64,0,64,217
01/07/2020,AVL,NC,ASO,ES,Combined TRACON& Tower with Radar,24,28,25,2,79,0,0,16,0,16,24,28,41,2,95,14,0,14,109
01/08/2020,AVL,NC,ASO,ES,Combined TRACON& Tower with Radar,22,27,27,2,78,0,1,34,5,40,22,28,61,7,118,14,0,14,132
01/09/2020,AVL,NC,ASO,ES,Combined TRACON& Tower with Radar,35,30,29,2,96,0,2,59,2,63,35,32,88,4,159,64,2,66,225
01/10/2020,AVL,NC,ASO,ES,Combined TRACON& Tower with Radar,33,24,34,12,103,0,0,4,0,4,33,24,38,12,107,0,0,0,107
01/11/2020,AVL,NC,ASO,ES,Combined TRACON& Tower with Radar,32,13,10,1,56,0,0,0,0,0,32,13,10,1,56,0,0,0,56
01/12/2020,AVL,NC,ASO,ES,Combined TRACON& Tower with Radar,38,20,27,1,86,0,1,58,2,61,38,21,85,3,147,77,0,77,224
01/13/2020,AVL,NC,ASO,ES,Combined TRACON& Tower with Radar,31,22,18,16,87,0,1,10,0,11,31,23,28,16,98,96,0,96,194
01/14/2020,AVL,NC,ASO,ES,Combined TRACON& Tower with Radar,26,18,17,2,63,0,0,2,2,4,26,18,19,4,67,9,0,9,76
01/15/2020,AVL,NC,ASO,ES,Combined TRACON& Tower with Radar,26,25,47,0,98,0,1,9,0,10,26,26,56,0,108,37,0,37,145
01/16/2020,AVL,NC,ASO,ES,Combined TRACON& Tower with Radar,38,36,19,3,96,0,0,23,3,26,38,36,42,6,122,24,0,24,146
01/17/2020,AVL,NC,ASO,ES,Combined TRACON& Tower with Radar,33,34,41,6,114,0,0,61,2,63,33,34,102,8,177,66,0,66,243
01/18/2020,AVL,NC,ASO,ES,Combined TRACON& Tower with Radar,22,16,7,1,46,0,0,0,0,0,22,16,7,1,46,0,0,0,46
01/19/2020,AVL,NC,ASO,ES,Combined TRACON& Tower with Radar,35,26,23,0,84,0,2,3,0,5,35,28,26,0,89,0,0,0,89
01/20/2020,AVL,NC,ASO,ES,Combined TRACON& Tower with Radar,33,30,26,0,89,0,0,43,1,44,33,30,69,1,133,20,0,20,153
01/21/2020,AVL,NC,ASO,ES,Combined TRACON& Tower with Radar,23,26,31,4,84,0,1,51,2,54,23,27,82,6,138,40,0,40,178
01/22/2020,AVL,NC,ASO,ES,Combined TRACON& Tower with Radar,20,31,22,9,82,0,3,54,0,57,20,34,76,9,139,117,0,117,256
01/23/2020,AVL,NC,ASO,ES,Combined TRACON& Tower with Radar,34,26,34,2,96,0,0,49,2,51,34,26,83,4,147,133,0,133,280
01/24/2020,AVL,NC,ASO,ES,Combined TRACON& Tower with Radar,33,28,13,0,74,0,0,0,0,0,33,28,13,0,74,0,0,0,74
01/25/2020,AVL,NC,ASO,ES,Combined TRACON& Tower with Radar,25,27,32,2,86,0,0,39,1,40,25,27,71,3,126,130,0,130,256
01/26/2020,AVL,NC,ASO,ES,Combined TRACON& Tower with Radar,40,27,24,6,97,0,0,54,0,54,40,27,78,6,151,54,0,54,205
01/27/2020,AVL,NC,ASO,ES,Combined TRACON& Tower with Radar,31,22,15,0,68,0,0,8,0,8,31,22,23,0,76,67,0,67,143
01/28/2020,AVL,NC,ASO,ES,Combined TRACON& Tower with Radar,21,28,34,10,93,0,0,62,4,66,21,28,96,14,159,144,5,149,308
01/29/2020,AVL,NC,ASO,ES,Combined TRACON& Tower with Radar,21,25,31,2,79,0,0,44,3,47,21,25,75,5,126,102,0,102,228
01/30/2020,AVL,NC,ASO,ES,Combined TRACON& Tower with Radar,35,26,29,2,92,0,0,34,0,34,35,26,63,2,126,153,0,153,279
01/31/2020,AVL,NC,ASO,ES,Combined TRACON& Tower with Radar,34,21,23,0,78,0,0,2,0,2,34,21,25,0,80,16,0,16,96
02/01/2020,AVL,NC,ASO,ES,Combined TRACON& Tower with Radar,34,25,13,0,72,0,0,5,0,5,34,25,18,0,77,63,0,63,140
02/02/2020,AVL,NC,ASO,ES,Combined TRACON& Tower with Radar,34,29,24,0,87,0,0,59,0,59,34,29,83,0,146,69,0,69,215
02/03/2020,AVL,NC,ASO,ES,Combined TRACON& Tower with Radar,33,29,31,9,102,0,0,55,1,56,33,29,86,10,158,102,0,102,260
02/04/2020,AVL,NC,ASO,ES,Combined TRACON& Tower with Radar,24,20,37,10,91,0,2,43,2,47,24,22,80,12,138,100,0,100,238
02/05/2020,AVL,NC,ASO,ES,Combined TRACON& Tower with Radar,24,29,21,0,74,0,0,0,0,0,24,29,21,0,74,0,0,0,74
02/06/2020,AVL,NC,ASO,ES,Combined TRACON& Tower with Radar,35,18,6,0,59,0,0,0,0,0,35,18,6,0,59,0,0,0,59
02/07/2020,AVL,NC,ASO,ES,Combined TRACON& Tower with Radar,35,23,34,3,95,0,0,17,0,17,35,23,51,3,112,27,0,27,139
02/08/2020,AVL,NC,ASO,ES,Combined TRACON& Tower with Radar,25,24,9,4,62,0,0,8,1,9,25,24,17,5,71,6,0,6,77
02/09/2020,AVL,NC,ASO,ES,Combined TRACON& Tower with Radar,37,24,22,0,83,0,0,62,0,62,37,24,84,0,145,87,0,87,232
02/10/2020,AVL,NC,ASO,ES,Combined TRACON& Tower with Radar,33,34,27,1,95,0,0,2,0,2,33,34,29,1,97,12,0,12,109
02/11/2020,AVL,NC,ASO,ES,Combined TRACON& Tower with Radar,20,23,16,0,59,0,0,17,1,18,20,23,33,1,77,47,0,47,124
02/12/2020,AVL,NC,ASO,ES,Combined TRACON& Tower with Radar,27,22,27,0,76,0,0,3,1,4,27,22,30,1,80,37,0,37,117
02/13/2020,AVL,NC,ASO,ES,Combined TRACON& Tower with Radar,39,22,22,3,86,0,0,9,0,9,39,22,31,3,95,0,0,0,95
02/14/2020,AVL,NC,ASO,ES,Combined TRACON& Tower with Radar,33,28,33,6,100,0,4,95,0,99,33,32,128,6,199,81,0,81,280
02/15/2020,AVL,NC,ASO,ES,Combined TRACON& Tower with Radar,30,19,24,0,73,0,1,111,0,112,30,20,135,0,185,109,0,109,294
02/16/2020,AVL,NC,ASO,ES,Combined TRACON& Tower with Radar,37,20,36,3,96,0,0,64,0,64,37,20,100,3,160,151,0,151,311
02/17/2020,AVL,NC,ASO,ES,Combined TRACON& Tower with Radar,38,36,38,3,115,0,3,75,0,78,38,39,113,3,193,63,0,63,256
02/18/2020,AVL,NC,ASO,ES,Combined TRACON& Tower with Radar,27,23,23,1,74,0,0,0,0,0,27,23,23,1,74,0,0,0,74
02/19/2020,AVL,NC,ASO,ES,Combined TRACON& Tower with Radar,29,27,43,3,102,0,0,26,0,26,29,27,69,3,128,108,0,108,236
02/20/2020,AVL,NC,ASO,ES,Combined TRACON& Tower with Radar,33,23,9,0,65,0,0,0,0,0,33,23,9,0,65,0,0,0,65
02/21/2020,AVL,NC,ASO,ES,Combined TRACON& Tower with Radar,35,26,45,9,115,0,2,70,3,75,35,28,115,12,190,28,8,36,226
02/22/2020,AVL,NC,ASO,ES,Combined TRACON& Tower with Radar,29,24,27,2,82,0,0,108,0,108,29,24,135,2,190,76,0,76,266
02/23/2020,AVL,NC,ASO,ES,Combined TRACON& Tower with Radar,37,29,42,4,112,0,0,87,1,88,37,29,129,5,200,118,0,118,318
02/24/2020,AVL,NC,ASO,ES,Combined TRACON& Tower with Radar,35,24,20,0,79,0,0,0,0,0,35,24,20,0,79,31,0,31,110
02/25/2020,AVL,NC,ASO,ES,Combined TRACON& Tower with Radar,24,28,19,7,78,0,0,37,0,37,24,28,56,7,115,102,0,102,217
02/26/2020,AVL,NC,ASO,ES,Combined TRACON& Tower with Radar,31,24,28,0,83,0,0,15,0,15,31,24,43,0,98,8,0,8,106
02/27/2020,AVL,NC,ASO,ES,Combined TRACON& Tower with Radar,35,29,34,2,100,0,0,45,3,48,35,29,79,5,148,6,0,6,154
02/28/2020,AVL,NC,ASO,ES,Combined TRACON& Tower with Radar,37,25,24,2,88,0,0,36,0,36,37,25,60,2,124,62,0,62,186
02/29/2020,AVL,NC,ASO,ES,Combined TRACON& Tower with Radar,32,28,12,9,81,0,0,26,3,29,32,28,38,12,110,2,4,6,116
03/01/2020,AVL,NC,ASO,ES,Combined TRACON& Tower with Radar,37,29,37,12,115,0,0,100,2,102,37,29,137,14,217,65,0,65,282
03/02/2020,AVL,NC,ASO,ES,Combined TRACON& Tower with Radar,36,28,9,0,73,0,0,11,0,11,36,28,20,0,84,14,0,14,98
03/03/2020,AVL,NC,ASO,ES,Combined TRACON& Tower with Radar,24,32,9,2,67,0,0,12,0,12,24,32,21,2,79,18,0,18,97
03/04/2020,AVL,NC,ASO,ES,Combined TRACON& Tower with Radar,27,34,30,5,96,0,0,75,2,77,27,34,105,7,173,115,0,115,288
03/05/2020,AVL,NC,ASO,ES,Combined TRACON& Tower with Radar,40,29,36,0,105,0,1,28,0,29,40,30,64,0,134,72,0,72,206
03/06/2020,AVL,NC,ASO,ES,Combined TRACON& Tower with Radar,34,33,26,20,113,0,0,11,16,27,34,33,37,36,140,0,16,16,156
03/07/2020,AVL,NC,ASO,ES,Combined TRACON& Tower with Radar,32,21,25,2,80,0,0,53,1,54,32,21,78,3,134,57,0,57,191
03/08/2020,AVL,NC,ASO,ES,Combined TRACON& Tower with Radar,41,29,30,10,110,0,2,99,1,102,41,31,129,11,212,127,6,133,345
03/09/2020,AVL,NC,ASO,ES,Combined TRACON& Tower with Radar,35,36,38,2,111,0,0,38,8,46,35,36,76,10,157,90,0,90,247
03/10/2020,AVL,NC,ASO,ES,Combined TRACON& Tower with Radar,24,25,20,5,74,0,0,16,7,23,24,25,36,12,97,38,0,38,135
03/11/2020,AVL,NC,ASO,ES,Combined TRACON& Tower with Radar,25,31,37,14,107,0,0,29,5,34,25,31,66,19,141,92,4,96,237
03/12/2020,AVL,NC,ASO,ES,Combined TRACON& Tower with Radar,37,35,34,14,120,0,0,37,3,40,37,35,71,17,160,53,3,56,216
03/13/2020,AVL,NC,ASO,ES,Combined TRACON& Tower with Radar,34,34,35,25,128,0,0,22,0,22,34,34,57,25,150,64,2,66,216
03/14/2020,AVL,NC,ASO,ES,Combined TRACON& Tower with Radar,30,22,40,8,100,0,1,34,2,37,30,23,74,10,137,60,6,66,203
03/15/2020,AVL,NC,ASO,ES,Combined TRACON& Tower with Radar,39,27,34,2,102,0,0,24,0,24,39,27,58,2,126,42,0,42,168
03/16/2020,AVL,NC,ASO,ES,Combined TRACON& Tower with Radar,34,33,26,9,102,0,2,1,0,3,34,35,27,9,105,0,0,0,105
03/17/2020,AVL,NC,ASO,ES,Combined TRACON& Tower with Radar,22,27,14,0,63,0,0,8,0,8,22,27,22,0,71,42,0,42,113
03/18/2020,AVL,NC,ASO,ES,Combined TRACON& Tower with Radar,27,19,8,3,57,0,0,1,0,1,27,19,9,3,58,0,0,0,58
03/19/2020,AVL,NC,ASO,ES,Combined TRACON& Tower with Radar,27,32,24,6,89,0,3,3,0,6,27,35,27,6,95,16,0,16,111
03/20/2020,AVL,NC,ASO,ES,Combined TRACON& Tower with Radar,30,25,17,1,73,0,0,28,1,29,30,25,45,2,102,18,0,18,120
03/21/2020,AVL,NC,ASO,ES,Combined TRACON& Tower with Radar,23,19,22,0,64,0,0,34,0,34,23,19,56,0,98,26,0,26,124
03/22/2020,AVL,NC,ASO,ES,Combined TRACON& Tower with Radar,23,23,23,0,69,0,0,10,0,10,23,23,33,0,79,75,0,75,154
03/23/2020,AVL,NC,ASO,ES,Combined TRACON& Tower with Radar,21,16,6,0,43,0,0,0,0,0,21,16,6,0,43,0,0,0,43
03/24/2020,AVL,NC,ASO,ES,Combined TRACON& Tower with Radar,8,16,5,0,29,0,0,0,0,0,8,16,5,0,29,0,0,0,29
03/25/2020,AVL,NC,ASO,ES,Combined TRACON& Tower with Radar,14,10,2,0,26,0,0,7,0,7,14,10,9,0,33,0,0,0,33
03/26/2020,AVL,NC,ASO,ES,Combined TRACON& Tower with Radar,16,11,29,1,57,0,2,18,3,23,16,13,47,4,80,13,0,13,93
03/27/2020,AVL,NC,ASO,ES,Combined TRACON& Tower with Radar,15,5,12,6,38,0,0,15,4,19,15,5,27,10,57,6,0,6,63
03/28/2020,AVL,NC,ASO,ES,Combined TRACON& Tower with Radar,11,3,11,0,25,0,4,36,1,41,11,7,47,1,66,6,0,6,72
03/29/2020,AVL,NC,ASO,ES,Combined TRACON& Tower with Radar,16,5,12,0,33,0,1,14,0,15,16,6,26,0,48,0,0,0,48
03/30/2020,AVL,NC,ASO,ES,Combined TRACON& Tower with Radar,11,7,17,0,35,0,0,25,0,25,11,7,42,0,60,8,0,8,68
03/31/2020,AVL,NC,ASO,ES,Combined TRACON& Tower with Radar,8,6,10,2,26,0,0,0,0,0,8,6,10,2,26,0,0,0,26
04/01/2020,AVL,NC,ASO,ES,Combined TRACON& Tower with Radar,9,6,6,0,21,0,1,2,0,3,9,7,8,0,24,30,0,30,54
04/02/2020,AVL,NC,ASO,ES,Combined TRACON& Tower with Radar,13,2,15,9,39,0,0,17,8,25,13,2,32,17,64,0,0,0,64
04/03/2020,AVL,NC,ASO,ES,Combined TRACON& Tower with Radar,11,4,13,0,28,0,2,30,5,37,11,6,43,5,65,0,0,0,65
04/04/2020,AVL,NC,ASO,ES,Combined TRACON& Tower with Radar,12,2,9,0,23,0,0,28,1,29,12,2,37,1,52,6,0,6,58
04/05/2020,AVL,NC,ASO,ES,Combined TRACON& Tower with Radar,12,2,17,0,31,0,0,20,1,21,12,2,37,1,52,36,0,36,88
04/06/2020,AVL,NC,ASO,ES,Combined TRACON& Tower with Radar,9,6,9,1,25,0,0,11,1,12,9,6,20,2,37,2,0,2,39
04/07/2020,AVL,NC,ASO,ES,Combined TRACON& Tower with Radar,9,4,10,3,26,0,0,10,3,13,9,4,20,6,39,0,0,0,39
04/08/2020,AVL,NC,ASO,ES,Combined TRACON& Tower with Radar,14,4,10,14,42,0,0,7,10,17,14,4,17,24,59,14,0,14,73
04/09/2020,AVL,NC,ASO,ES,Combined TRACON& Tower with Radar,12,2,4,3,21,0,0,3,4,7,12,2,7,7,28,0,0,0,28
04/10/2020,AVL,NC,ASO,ES,Combined TRACON& Tower with Radar,12,5,5,2,24,0,0,12,16,28,12,5,17,18,52,0,0,0,52
04/11/2020,AVL,NC,ASO,ES,Combined TRACON& Tower with Radar,8,5,18,0,31,0,0,54,3,57,8,5,72,3,88,30,0,30,118
04/12/2020,AVL,NC,ASO,ES,Combined TRACON& Tower with Radar,13,2,8,0,23,0,2,0,0,2,13,4,8,0,25,0,0,0,25
04/13/2020,AVL,NC,ASO,ES,Combined TRACON& Tower with Radar,9,2,4,0,15,0,0,2,0,2,9,2,6,0,17,2,0,2,19
04/14/2020,AVL,NC,ASO,ES,Combined TRACON& Tower with Radar,11,3,11,4,29,0,0,13,0,13,11,3,24,4,42,12,0,12,54
04/15/2020,AVL,NC,ASO,ES,Combined TRACON& Tower with Radar,12,9,7,5,33,0,0,14,0,14,12,9,21,5,47,12,0,12,59
04/16/2020,AVL,NC,ASO,ES,Combined TRACON& Tower with Radar,12,9,22,1,44,0,2,19,2,23,12,11,41,3,67,26,0,26,93
04/17/2020,AVL,NC,ASO,ES,Combined TRACON& Tower with Radar,13,5,16,3,37,0,0,30,0,30,13,5,46,3,67,16,0,16,83
04/18/2020,AVL,NC,ASO,ES,Combined TRACON& Tower with Radar,6,10,9,0,25,0,2,5,0,7,6,12,14,0,32,4,0,4,36
04/19/2020,AVL,NC,ASO,ES,Combined TRACON& Tower with Radar,10,6,13,0,29,0,0,14,1,15,10,6,27,1,44,22,0,22,66
04/20/2020,AVL,NC,ASO,ES,Combined TRACON& Tower with Radar,8,4,26,4,42,0,0,6,1,7,8,4,32,5,49,0,0,0,49
04/21/2020,AVL,NC,ASO,ES,Combined TRACON& Tower with Radar,8,4,12,0,24,0,0,8,2,10,8,4,20,2,34,0,2,2,36
04/22/2020,AVL,NC,ASO,ES,Combined TRACON& Tower with Radar,7,4,27,5,43,0,0,42,0,42,7,4,69,5,85,20,0,20,105
04/23/2020,AVL,NC,ASO,ES,Combined TRACON& Tower with Radar,9,9,7,0,25,0,0,0,0,0,9,9,7,0,25,0,0,0,25
04/24/2020,AVL,NC,ASO,ES,Combined TRACON& Tower with Radar,8,11,10,9,38,0,0,14,0,14,8,11,24,9,52,19,0,19,71
04/25/2020,AVL,NC,ASO,ES,Combined TRACON& Tower with Radar,5,6,8,0,19,0,0,2,0,2,5,6,10,0,21,0,0,0,21
04/26/2020,AVL,NC,ASO,ES,Combined TRACON& Tower with Radar,7,7,8,0,22,0,0,7,0,7,7,7,15,0,29,10,0,10,39
04/27/2020,AVL,NC,ASO,ES,Combined TRACON& Tower with Radar,6,3,13,0,22,0,1,11,0,12,6,4,24,0,34,0,0,0,34
04/28/2020,AVL,NC,ASO,ES,Combined TRACON& Tower with Radar,6,7,25,6,44,0,0,34,0,34,6,7,59,6,78,49,0,49,127
04/29/2020,AVL,NC,ASO,ES,Combined TRACON& Tower with Radar,3,6,8,1,18,0,0,10,3,13,3,6,18,4,31,0,0,0,31
04/30/2020,AVL,NC,ASO,ES,Combined TRACON& Tower with Radar,12,7,13,9,41,0,0,3,0,3,12,7,16,9,44,9,0,9,53
05/01/2020,AVL,NC,ASO,ES,Combined TRACON& Tower with Radar,13,4,17,0,34,0,0,16,0,16,13,4,33,0,50,4,0,4,54
05/02/2020,AVL,NC,ASO,ES,Combined TRACON& Tower with Radar,4,6,15,0,25,0,1,81,0,82,4,7,96,0,107,40,0,40,147
05/03/2020,AVL,NC,ASO,ES,Combined TRACON& Tower with Radar,11,10,15,0,36,0,0,45,1,46,11,10,60,1,82,34,0,34,116
05/04/2020,AVL,NC,ASO,ES,Combined TRACON& Tower with Radar,10,4,24,0,38,0,2,33,1,36,10,6,57,1,74,49,0,49,123
05/05/2020,AVL,NC,ASO,ES,Combined TRACON& Tower with Radar,6,6,13,2,27,0,0,12,2,14,6,6,25,4,41,0,0,0,41
05/06/2020,AVL,NC,ASO,ES,Combined TRACON& Tower with Radar,11,2,29,4,46,0,0,17,2,19,11,2,46,6,65,15,0,15,80
05/07/2020,AVL,NC,ASO,ES,Combined TRACON& Tower with Radar,10,4,32,0,46,0,0,70,2,72,10,4,102,2,118,48,0,48,166
05/08/2020,AVL,NC,ASO,ES,Combined TRACON& Tower with Radar,16,4,14,7,41,0,0,13,0,13,16,4,27,7,54,0,0,0,54
05/09/2020,AVL,NC,ASO,ES,Combined TRACON& Tower with Radar,9,9,18,0,36,0,0,33,0,33,9,9,51,0,69,0,0,0,69
05/10/2020,AVL,NC,ASO,ES,Combined TRACON& Tower with Radar,11,8,19,0,38,0,0,52,0,52,11,8,71,0,90,32,0,32,122
05/11/2020,AVL,NC,ASO,ES,Combined TRACON& Tower with Radar,16,8,14,1,39,0,0,18,1,19,16,8,32,2,58,0,0,0,58
05/12/2020,AVL,NC,ASO,ES,Combined TRACON& Tower with Radar,9,6,34,1,50,0,0,44,3,47,9,6,78,4,97,24,0,24,121
05/13/2020,AVL,NC,ASO,ES,Combined TRACON& Tower with Radar,11,7,18,3,39,0,1,38,0,39,11,8,56,3,78,55,0,55,133
05/14/2020,AVL,NC,ASO,ES,Combined TRACON& Tower with Radar,16,5,31,11,63,0,2,35,0,37,16,7,66,11,100,51,0,51,151
05/15/2020,AVL,NC,ASO,ES,Combined TRACON& Tower with Radar,13,9,19,3,44,0,2,76,2,80,13,11,95,5,124,51,0,51,175
05/16/2020,AVL,NC,ASO,ES,Combined TRACON& Tower with Radar,9,8,29,0,46,0,0,54,1,55,9,8,83,1,101,91,0,91,192
05/17/2020,AVL,NC,ASO,ES,Combined TRACON& Tower with Radar,16,14,30,0,60,0,0,57,0,57,16,14,87,0,117,35,0,35,152
05/18/2020,AVL,NC,ASO,ES,Combined TRACON& Tower with Radar,15,6,19,0,40,0,0,0,0,0,15,6,19,0,40,13,0,13,53
05/19/2020,AVL,NC,ASO,ES,Combined TRACON& Tower with Radar,7,2,26,0,35,0,0,0,1,1,7,2,26,1,36,0,0,0,36
05/20/2020,AVL,NC,ASO,ES,Combined TRACON& Tower with Radar,11,9,20,0,40,0,0,0,1,1,11,9,20,1,41,0,0,0,41
05/21/2020,AVL,NC,ASO,ES,Combined TRACON& Tower with Radar,15,9,60,2,86,0,0,6,0,6,15,9,66,2,92,147,0,147,239
05/22/2020,AVL,NC,ASO,ES,Combined TRACON& Tower with Radar,18,7,37,0,62,0,0,19,0,19,18,7,56,0,81,46,0,46,127
05/23/2020,AVL,NC,ASO,ES,Combined TRACON& Tower with Radar,14,7,41,0,62,0,0,52,0,52,14,7,93,0,114,136,0,136,250
05/24/2020,AVL,NC,ASO,ES,Combined TRACON& Tower with Radar,14,5,25,0,44,0,0,32,0,32,14,5,57,0,76,55,0,55,131
05/25/2020,AVL,NC,ASO,ES,Combined TRACON& Tower with Radar,16,5,36,0,57,0,0,10,0,10,16,5,46,0,67,64,0,64,131
05/26/2020,AVL,NC,ASO,ES,Combined TRACON& Tower with Radar,10,11,46,0,67,0,0,3,0,3,10,11,49,0,70,0,0,0,70
05/27/2020,AVL,NC,ASO,ES,Combined TRACON& Tower with Radar,11,16,36,0,63,0,0,0,0,0,11,16,36,0,63,15,0,15,78
05/28/2020,AVL,NC,ASO,ES,Combined TRACON& Tower with Radar,10,10,31,0,51,0,1,20,0,21,10,11,51,0,72,60,0,60,132
05/29/2020,AVL,NC,ASO,ES,Combined TRACON& Tower with Radar,19,15,33,0,67,0,0,22,0,22,19,15,55,0,89,34,0,34,123
05/30/2020,AVL,NC,ASO,ES,Combined TRACON& Tower with Radar,15,6,27,2,50,0,0,54,0,54,15,6,81,2,104,47,0,47,151
05/31/2020,AVL,NC,ASO,ES,Combined TRACON& Tower with Radar,12,5,49,2,68,0,0,57,0,57,12,5,106,2,125,26,0,26,151
06/01/2020,AVL,NC,ASO,ES,Combined TRACON& Tower with Radar,20,14,45,14,93,0,4,77,0,81,20,18,122,14,174,75,20,95,269
06/02/2020,AVL,NC,ASO,ES,Combined TRACON& Tower with Radar,9,8,33,5,55,0,0,65,2,67,9,8,98,7,122,98,0,98,220
06/03/2020,AVL,NC,ASO,ES,Combined TRACON& Tower with Radar,15,8,39,0,62,0,2,43,0,45,15,10,82,0,107,83,0,83,190
06/04/2020,AVL,NC,ASO,ES,Combined TRACON& Tower with Radar,22,23,40,4,89,0,1,33,1,35,22,24,73,5,124,64,0,64,188
06/05/2020,AVL,NC,ASO,ES,Combined TRACON& Tower with Radar,19,12,38,6,75,0,0,17,6,23,19,12,55,12,98,0,0,0,98
06/06/2020,AVL,NC,ASO,ES,Combined TRACON& Tower with Radar,16,14,33,0,63,0,1,40,0,41,16,15,73,0,104,61,0,61,165
06/07/2020,AVL,NC,ASO,ES,Combined TRACON& Tower with Radar,23,23,23,0,69,0,0,46,1,47,23,23,69,1,116,101,0,101,217
06/08/2020,AVL,NC,ASO,ES,Combined TRACON& Tower with Radar,18,16,42,2,78,0,0,18,0,18,18,16,60,2,96,104,0,104,200
06/09/2020,AVL,NC,ASO,ES,Combined TRACON& Tower with Radar,9,12,44,2,67,0,2,14,0,16,9,14,58,2,83,53,0,53,136
06/10/2020,AVL,NC,ASO,ES,Combined TRACON& Tower with Radar,15,6,31,0,52,0,0,0,0,0,15,6,31,0,52,0,0,0,52
06/11/2020,AVL,NC,ASO,ES,Combined TRACON& Tower with Radar,24,26,34,5,89,0,0,46,2,48,24,26,80,7,137,37,0,37,174
06/12/2020,AVL,NC,ASO,ES,Combined TRACON& Tower with Radar,18,23,44,2,87,0,3,52,0,55,18,26,96,2,142,48,0,48,190
06/13/2020,AVL,NC,ASO,ES,Combined TRACON& Tower with Radar,18,22,37,3,80,0,1,83,1,85,18,23,120,4,165,119,0,119,284
06/14/2020,AVL,NC,ASO,ES,Combined TRACON& Tower with Radar,23,11,43,0,77,0,0,24,0,24,23,11,67,0,101,17,0,17,118
06/15/2020,AVL,NC,ASO,ES,Combined TRACON& Tower with Radar,18,17,52,2,89,0,0,11,0,11,18,17,63,2,100,85,0,85,185
06/16/2020,AVL,NC,ASO,ES,Combined TRACON& Tower with Radar,9,7,34,4,54,0,0,2,0,2,9,7,36,4,56,18,0,18,74
06/17/2020,AVL,NC,ASO,ES,Combined TRACON& Tower with Radar,15,9,58,8,90,0,0,10,1,11,15,9,68,9,101,23,0,23,124
06/18/2020,AVL,NC,ASO,ES,Combined TRACON& Tower with Radar,22,25,50,3,100,0,0,8,0,8,22,25,58,3,108,16,0,16,124
06/19/2020,AVL,NC,ASO,ES,Combined TRACON& Tower with Radar,15,24,61,0,100,0,2,22,0,24,15,26,83,0,124,27,0,27,151
06/20/2020,AVL,NC,ASO,ES,Combined TRACON& Tower with Radar,17,24,38,0,79,0,0,64,0,64,17,24,102,0,143,143,0,143,286
06/21/2020,AVL,NC,ASO,ES,Combined TRACON& Tower with Radar,23,22,38,0,83,0,1,53,0,54,23,23,91,0,137,50,0,50,187
06/22/2020,AVL,NC,ASO,ES,Combined TRACON& Tower with Radar,18,25,49,0,92,0,0,27,0,27,18,25,76,0,119,50,0,50,169
06/23/2020,AVL,NC,ASO,ES,Combined TRACON& Tower with Radar,9,17,45,4,75,0,0,9,0,9,9,17,54,4,84,36,0,36,120
06/24/2020,AVL,NC,ASO,ES,Combined TRACON& Tower with Radar,15,23,38,4,80,0,3,31,0,34,15,26,69,4,114,64,0,64,178
06/25/2020,AVL,NC,ASO,ES,Combined TRACON& Tower with Radar,23,19,61,6,109,0,1,37,0,38,23,20,98,6,147,60,0,60,207
06/26/2020,AVL,NC,ASO,ES,Combined TRACON& Tower with Radar,18,23,58,10,109,0,0,60,0,60,18,23,118,10,169,28,0,28,197
06/27/2020,AVL,NC,ASO,ES,Combined TRACON& Tower with Radar,19,12,36,0,67,0,0,31,0,31,19,12,67,0,98,15,0,15,113
06/28/2020,AVL,NC,ASO,ES,Combined TRACON& Tower with Radar,23,26,47,0,96,0,0,24,0,24,23,26,71,0,120,36,0,36,156
06/29/2020,AVL,NC,ASO,ES,Combined TRACON& Tower with Radar,18,22,55,2,97,0,0,31,0,31,18,22,86,2,128,68,0,68,196
06/30/2020,AVL,NC,ASO,ES,Combined TRACON& Tower with Radar,9,14,49,4,76,0,0,34,3,37,9,14,83,7,113,9,0,9,122
07/01/2020,AVL,NC,ASO,ES,Combined TRACON& Tower with Radar,21,27,41,2,91,0,0,17,0,17,21,27,58,2,108,46,0,46,154
07/02/2020,AVL,NC,ASO,ES,Combined TRACON& Tower with Radar,28,33,54,7,122,0,0,45,2,47,28,33,99,9,169,30,0,30,199
07/03/2020,AVL,NC,ASO,ES,Combined TRACON& Tower with Radar,25,22,49,0,96,0,0,58,0,58,25,22,107,0,154,22,0,22,176
07/04/2020,AVL,NC,ASO,ES,Combined TRACON& Tower with Radar,19,9,14,0,42,0,1,28,0,29,19,10,42,0,71,16,0,16,87
07/05/2020,AVL,NC,ASO,ES,Combined TRACON& Tower with Radar,30,26,78,0,134,0,0,38,2,40,30,26,116,2,174,51,0,51,225
07/06/2020,AVL,NC,ASO,ES,Combined TRACON& Tower with Radar,22,22,35,0,79,0,1,36,1,38,22,23,71,1,117,60,0,60,177
07/07/2020,AVL,NC,ASO,ES,Combined TRACON& Tower with Radar,17,15,48,0,80,0,0,3,0,3,17,15,51,0,83,0,0,0,83
07/08/2020,AVL,NC,ASO,ES,Combined TRACON& Tower with Radar,25,29,34,10,98,0,0,41,0,41,25,29,75,10,139,83,0,83,222
07/09/2020,AVL,NC,ASO,ES,Combined TRACON& Tower with Radar,31,23,45,0,99,0,0,39,0,39,31,23,84,0,138,88,0,88,226
07/10/2020,AVL,NC,ASO,ES,Combined TRACON& Tower with Radar,28,21,46,4,99,0,0,34,1,35,28,21,80,5,134,10,0,10,144
07/11/2020,AVL,NC,ASO,ES,Combined TRACON& Tower with Radar,30,28,56,4,118,0,0,79,1,80,30,28,135,5,198,48,0,48,246
07/12/2020,AVL,NC,ASO,ES,Combined TRACON& Tower with Radar,33,25,58,0,116,0,0,53,0,53,33,25,111,0,169,47,0,47,216
07/13/2020,AVL,NC,ASO,ES,Combined TRACON& Tower with Radar,29,21,30,6,86,0,2,54,1,57,29,23,84,7,143,77,0,77,220
07/14/2020,AVL,NC,ASO,ES,Combined TRACON& Tower with Radar,18,24,34,10,86,0,0,69,3,72,18,24,103,13,158,68,0,68,226
07/15/2020,AVL,NC,ASO,ES,Combined TRACON& Tower with Radar,23,24,55,0,102,0,3,56,3,62,23,27,111,3,164,68,0,68,232
07/16/2020,AVL,NC,ASO,ES,Combined TRACON& Tower with Radar,32,25,61,2,120,0,0,26,6,32,32,25,87,8,152,46,0,46,198
07/17/2020,AVL,NC,ASO,ES,Combined TRACON& Tower with Radar,27,23,57,3,110,0,0,46,2,48,27,23,103,5,158,23,2,25,183
07/18/2020,AVL,NC,ASO,ES,Combined TRACON& Tower with Radar,28,21,44,0,93,0,1,37,0,38,28,22,81,0,131,66,0,66,197
07/19/2020,AVL,NC,ASO,ES,Combined TRACON& Tower with Radar,33,25,61,0,119,0,0,39,0,39,33,25,100,0,158,37,0,37,195
07/20/2020,AVL,NC,ASO,ES,Combined TRACON& Tower with Radar,29,23,45,3,100,0,1,30,0,31,29,24,75,3,131,29,0,29,160
07/21/2020,AVL,NC,ASO,ES,Combined TRACON& Tower with Radar,15,20,26,4,65,1,1,26,2,30,16,21,52,6,95,40,0,40,135
07/22/2020,AVL,NC,ASO,ES,Combined TRACON& Tower with Radar,24,21,56,1,102,0,0,24,2,26,24,21,80,3,128,46,0,46,174
07/23/2020,AVL,NC,ASO,ES,Combined TRACON& Tower with Radar,32,23,50,4,109,0,0,27,0,27,32,23,77,4,136,23,0,23,159
07/24/2020,AVL,NC,ASO,ES,Combined TRACON& Tower with Radar,31,19,47,0,97,0,0,14,0,14,31,19,61,0,111,8,0,8,119
07/25/2020,AVL,NC,ASO,ES,Combined TRACON& Tower with Radar,26,19,31,0,76,0,1,27,0,28,26,20,58,0,104,80,0,80,184
07/26/2020,AVL,NC,ASO,ES,Combined TRACON& Tower with Radar,33,28,59,0,120,0,3,63,0,66,33,31,122,0,186,50,0,50,236
07/27/2020,AVL,NC,ASO,ES,Combined TRACON& Tower with Radar,29,28,44,0,101,0,0,39,2,41,29,28,83,2,142,53,0,53,195
07/28/2020,AVL,NC,ASO,ES,Combined TRACON& Tower with Radar,15,18,52,0,85,0,0,37,7,44,15,18,89,7,129,36,6,42,171
07/29/2020,AVL,NC,ASO,ES,Combined TRACON& Tower with Radar,25,21,49,3,98,0,0,36,1,37,25,21,85,4,135,71,0,71,206
07/30/2020,AVL,NC,ASO,ES,Combined TRACON& Tower with Radar,30,24,59,6,119,0,0,27,0,27,30,24,86,6,146,67,0,67,213
07/31/2020,AVL,NC,ASO,ES,Combined TRACON& Tower with Radar,28,22,67,2,119,0,0,42,0,42,28,22,109,2,161,92,0,92,253
08/01/2020,AVL,NC,ASO,ES,Combined TRACON& Tower with Radar,27,16,53,2,98,1,2,40,0,43,28,18,93,2,141,32,0,32,173
08/02/2020,AVL,NC,ASO,ES,Combined TRACON& Tower with Radar,33,20,45,1,99,0,0,27,3,30,33,20,72,4,129,78,2,80,209
08/03/2020,AVL,NC,ASO,ES,Combined TRACON& Tower with Radar,26,20,28,2,76,0,0,0,0,0,26,20,28,2,76,0,0,0,76
08/04/2020,AVL,NC,ASO,ES,Combined TRACON& Tower with Radar,15,17,32,4,68,0,4,29,4,37,15,21,61,8,105,60,0,60,165
08/05/2020,AVL,NC,ASO,ES,Combined TRACON& Tower with Radar,26,32,44,6,108,0,2,14,0,16,26,34,58,6,124,34,0,34,158
08/06/2020,AVL,NC,ASO,ES,Combined TRACON& Tower with Radar,35,20,53,1,109,1,0,10,0,11,36,20,63,1,120,0,0,0,120
08/07/2020,AVL,NC,ASO,ES,Combined TRACON& Tower with Radar,32,34,70,2,138,0,0,12,4,16,32,34,82,6,154,0,0,0,154
08/08/2020,AVL,NC,ASO,ES,Combined TRACON& Tower with Radar,27,31,34,0,92,0,1,55,1,57,27,32,89,1,149,74,18,92,241
08/09/2020,AVL,NC,ASO,ES,Combined TRACON& Tower with Radar,37,29,57,1,124,0,0,41,2,43,37,29,98,3,167,42,0,42,209
08/10/2020,AVL,NC,ASO,ES,Combined TRACON& Tower with Radar,29,21,42,4,96,0,1,49,0,50,29,22,91,4,146,169,0,169,315
08/11/2020,AVL,NC,ASO,ES,Combined TRACON& Tower with Radar,15,16,37,1,69,0,0,54,0,54,15,16,91,1,123,46,0,46,169
08/12/2020,AVL,NC,ASO,ES,Combined TRACON& Tower with Radar,26,22,50,7,105,1,0,29,1,31,27,22,79,8,136,60,0,60,196
08/13/2020,AVL,NC,ASO,ES,Combined TRACON& Tower with Radar,36,21,46,3,106,0,0,24,0,24,36,21,70,3,130,49,0,49,179
08/14/2020,AVL,NC,ASO,ES,Combined TRACON& Tower with Radar,30,32,68,2,132,0,0,5,1,6,30,32,73,3,138,0,0,0,138
08/15/2020,AVL,NC,ASO,ES,Combined TRACON& Tower with Radar,28,27,30,0,85,0,0,2,0,2,28,27,32,0,87,0,0,0,87
08/16/2020,AVL,NC,ASO,ES,Combined TRACON& Tower with Radar,35,27,64,2,128,0,0,41,1,42,35,27,105,3,170,10,0,10,180
08/17/2020,AVL,NC,ASO,ES,Combined TRACON& Tower with Radar,28,15,34,0,77,0,0,22,8,30,28,15,56,8,107,17,0,17,124
08/18/2020,AVL,NC,ASO,ES,Combined TRACON& Tower with Radar,15,21,40,3,79,0,0,26,5,31,15,21,66,8,110,10,0,10,120
08/19/2020,AVL,NC,ASO,ES,Combined TRACON& Tower with Radar,18,15,63,0,96,0,0,15,1,16,18,15,78,1,112,14,0,14,126
08/20/2020,AVL,NC,ASO,ES,Combined TRACON& Tower with Radar,36,11,33,1,81,0,0,2,0,2,36,11,35,1,83,0,0,0,83
08/21/2020,AVL,NC,ASO,ES,Combined TRACON& Tower with Radar,32,15,57,11,115,0,0,3,0,3,32,15,60,11,118,0,0,0,118
08/22/2020,AVL,NC,ASO,ES,Combined TRACON& Tower with Radar,28,26,47,0,101,0,0,23,1,24,28,26,70,1,125,10,0,10,135
08/23/2020,AVL,NC,ASO,ES,Combined TRACON& Tower with Radar,36,20,60,2,118,1,0,19,0,20,37,20,79,2,138,45,0,45,183
08/24/2020,AVL,NC,ASO,ES,Combined TRACON& Tower with Radar,31,10,33,6,80,0,0,7,7,14,31,10,40,13,94,0,0,0,94
08/25/2020,AVL,NC,ASO,ES,Combined TRACON& Tower with Radar,16,21,32,8,77,0,2,15,2,19,16,23,47,10,96,36,0,36,132
08/26/2020,AVL,NC,ASO,ES,Combined TRACON& Tower with Radar,18,18,54,14,104,0,0,64,7,71,18,18,118,21,175,51,0,51,226
08/27/2020,AVL,NC,ASO,ES,Combined TRACON& Tower with Radar,34,25,36,5,100,0,1,41,0,42,34,26,77,5,142,114,0,114,256
08/28/2020,AVL,NC,ASO,ES,Combined TRACON& Tower with Radar,35,13,52,1,101,0,1,25,0,26,35,14,77,1,127,17,0,17,144
08/29/2020,AVL,NC,ASO,ES,Combined TRACON& Tower with Radar,27,25,12,5,69,0,1,17,1,19,27,26,29,6,88,42,0,42,130
08/30/2020,AVL,NC,ASO,ES,Combined TRACON& Tower with Radar,27,38,36,1,102,2,0,66,0,68,29,38,102,1,170,122,0,122,292
08/31/2020,AVL,NC,ASO,ES,Combined TRACON& Tower with Radar,32,19,42,2,95,0,0,3,0,3,32,19,45,2,98,0,0,0,98
09/01/2020,AVL,NC,ASO,ES,Combined TRACON& Tower with Radar,15,18,45,3,81,0,0,5,10,15,15,18,50,13,96,27,30,57,153
09/02/2020,AVL,NC,ASO,ES,Combined TRACON& Tower with Radar,14,16,59,9,98,1,0,56,10,67,15,16,115,19,165,65,0,65,230
09/03/2020,AVL,NC,ASO,ES,Combined TRACON& Tower with Radar,34,26,60,7,127,1,0,63,2,66,35,26,123,9,193,54,0,54,247
09/04/2020,AVL,NC,ASO,ES,Combined TRACON& Tower with Radar,31,29,87,7,154,0,2,47,3,52,31,31,134,10,206,16,0,16,222
09/05/2020,AVL,NC,ASO,ES,Combined TRACON& Tower with Radar,21,12,24,0,57,0,0,46,0,46,21,12,70,0,103,32,0,32,135
09/06/2020,AVL,NC,ASO,ES,Combined TRACON& Tower with Radar,32,22,20,1,75,0,0,82,2,84,32,22,102,3,159,45,0,45,204
09/07/2020,AVL,NC,ASO,ES,Combined TRACON& Tower with Radar,33,35,82,8,158,0,0,84,5,89,33,35,166,13,247,84,0,84,331
09/08/2020,AVL,NC,ASO,ES,Combined TRACON& Tower with Radar,15,24,31,6,76,0,0,52,0,52,15,24,83,6,128,93,12,105,233
09/09/2020,AVL,NC,ASO,ES,Combined TRACON& Tower with Radar,18,27,49,7,101,0,0,8,1,9,18,27,57,8,110,16,0,16,126
09/10/2020,AVL,NC,ASO,ES,Combined TRACON& Tower with Radar,32,25,39,6,102,0,0,26,0,26,32,25,65,6,128,71,0,71,199
09/11/2020,AVL,NC,ASO,ES,Combined TRACON& Tower with Radar,29,21,56,2,108,0,0,8,3,11,29,21,64,5,119,12,5,17,136
09/12/2020,AVL,NC,ASO,ES,Combined TRACON& Tower with Radar,21,29,18,4,72,0,0,3,0,3,21,29,21,4,75,0,0,0,75
09/13/2020,AVL,NC,ASO,ES,Combined TRACON& Tower with Radar,34,32,48,0,114,0,0,6,3,9,34,32,54,3,123,0,0,0,123
09/14/2020,AVL,NC,ASO,ES,Combined TRACON& Tower with Radar,28,26,42,2,98,0,0,25,0,25,28,26,67,2,123,16,0,16,139
09/15/2020,AVL,NC,ASO,ES,Combined TRACON& Tower with Radar,18,16,48,5,87,0,0,38,2,40,18,16,86,7,127,98,0,98,225
09/16/2020,AVL,NC,ASO,ES,Combined TRACON& Tower with Radar,18,24,46,0,88,0,0,31,0,31,18,24,77,0,119,60,0,60,179
09/17/2020,AVL,NC,ASO,ES,Combined TRACON& Tower with Radar,34,18,28,0,80,0,0,0,0,0,34,18,28,0,80,0,0,0,80
09/18/2020,AVL,NC,ASO,ES,Combined TRACON& Tower with Radar,29,28,62,2,121,0,0,24,3,27,29,28,86,5,148,49,0,49,197
09/19/2020,AVL,NC,ASO,ES,Combined TRACON& Tower with Radar,21,27,54,8,110,0,0,55,2,57,21,27,109,10,167,54,10,64,231
09/20/2020,AVL,NC,ASO,ES,Combined TRACON& Tower with Radar,33,22,74,5,134,0,0,69,3,72,33,22,143,8,206,36,0,36,242
09/21/2020,AVL,NC,ASO,ES,Combined TRACON& Tower with Radar,28,38,51,6,123,0,0,78,8,86,28,38,129,14,209,72,0,72,281
09/22/2020,AVL,NC,ASO,ES,Combined TRACON& Tower with Radar,20,16,32,1,69,0,0,79,22,101,20,16,111,23,170,77,4,81,251
09/23/2020,AVL,NC,ASO,ES,Combined TRACON& Tower with Radar,18,25,58,4,105,0,1,62,23,86,18,26,120,27,191,57,2,59,250
09/24/2020,AVL,NC,ASO,ES,Combined TRACON& Tower with Radar,37,24,54,8,123,0,0,6,1,7,37,24,60,9,130,12,0,12,142
09/25/2020,AVL,NC,ASO,ES,Combined TRACON& Tower with Radar,32,23,59,4,118,0,0,0,0,0,32,23,59,4,118,0,0,0,118
09/26/2020,AVL,NC,ASO,ES,Combined TRACON& Tower with Radar,22,24,53,4,103,0,0,30,1,31,22,24,83,5,134,109,14,123,257
09/27/2020,AVL,NC,ASO,ES,Combined TRACON& Tower with Radar,40,27,81,9,157,0,0,38,2,40,40,27,119,11,197,42,0,42,239
09/28/2020,AVL,NC,ASO,ES,Combined TRACON& Tower with Radar,29,23,44,10,106,0,1,36,2,39,29,24,80,12,145,64,6,70,215
09/29/2020,AVL,NC,ASO,ES,Combined TRACON& Tower with Radar,22,17,24,0,63,0,0,1,0,1,22,17,25,0,64,0,0,0,64
09/30/2020,AVL,NC,ASO,ES,Combined TRACON& Tower with Radar,19,24,57,3,103,0,3,82,18,103,19,27,139,21,206,40,6,46,252
10/01/2020,AVL,NC,ASO,ES,Combined TRACON& Tower with Radar,40,31,60,5,136,0,1,66,10,77,40,32,126,15,213,69,0,69,282
10/02/2020,AVL,NC,ASO,ES,Combined TRACON& Tower with Radar,38,28,60,6,132,0,4,82,9,95,38,32,142,15,227,22,0,22,249
10/03/2020,AVL,NC,ASO,ES,Combined TRACON& Tower with Radar,30,23,55,5,113,0,2,73,1,76,30,25,128,6,189,32,0,32,221
10/04/2020,AVL,NC,ASO,ES,Combined TRACON& Tower with Radar,44,35,64,6,149,0,3,70,0,73,44,38,134,6,222,36,0,36,258
10/05/2020,AVL,NC,ASO,ES,Combined TRACON& Tower with Radar,35,20,40,7,102,0,4,50,2,56,35,24,90,9,158,108,0,108,266
10/06/2020,AVL,NC,ASO,ES,Combined TRACON& Tower with Radar,21,28,44,3,96,0,8,57,4,69,21,36,101,7,165,90,0,90,255
10/07/2020,AVL,NC,ASO,ES,Combined TRACON& Tower with Radar,26,28,50,2,106,0,2,68,5,75,26,30,118,7,181,48,0,48,229
10/08/2020,AVL,NC,ASO,ES,Combined TRACON& Tower with Radar,42,28,58,11,139,0,2,81,6,89,42,30,139,17,228,52,2,54,282
10/09/2020,AVL,NC,ASO,ES,Combined TRACON& Tower with Radar,33,32,52,2,119,0,2,56,1,59,33,34,108,3,178,25,0,25,203
10/10/2020,AVL,NC,ASO,ES,Combined TRACON& Tower with Radar,29,25,19,0,73,0,0,0,0,0,29,25,19,0,73,0,0,0,73
10/11/2020,AVL,NC,ASO,ES,Combined TRACON& Tower with Radar,46,28,43,0,117,0,0,0,0,0,46,28,43,0,117,0,0,0,117
10/12/2020,AVL,NC,ASO,ES,Combined TRACON& Tower with Radar,31,33,74,0,138,0,0,10,0,10,31,33,84,0,148,12,0,12,160
10/13/2020,AVL,NC,ASO,ES,Combined TRACON& Tower with Radar,19,32,57,6,114,0,0,46,2,48,19,32,103,8,162,10,0,10,172
10/14/2020,AVL,NC,ASO,ES,Combined TRACON& Tower with Radar,27,34,55,3,119,0,2,64,3,69,27,36,119,6,188,0,0,0,188
10/15/2020,AVL,NC,ASO,ES,Combined TRACON& Tower with Radar,44,31,68,2,145,0,3,53,0,56,44,34,121,2,201,9,0,9,210
10/16/2020,AVL,NC,ASO,ES,Combined TRACON& Tower with Radar,32,30,84,14,160,0,4,34,8,46,32,34,118,22,206,8,0,8,214
10/17/2020,AVL,NC,ASO,ES,Combined TRACON& Tower with Radar,33,27,41,4,105,0,6,73,11,90,33,33,114,15,195,0,12,12,207
10/18/2020,AVL,NC,ASO,ES,Combined TRACON& Tower with Radar,43,42,65,12,162,0,7,63,7,77,43,49,128,19,239,0,0,0,239
10/19/2020,AVL,NC,ASO,ES,Combined TRACON& Tower with Radar,33,26,69,2,130,0,5,52,3,60,33,31,121,5,190,6,0,6,196
10/20/2020,AVL,NC,ASO,ES,Combined TRACON& Tower with Radar,24,24,51,1,100,0,6,54,5,65,24,30,105,6,165,6,0,6,171
10/21/2020,AVL,NC,ASO,ES,Combined TRACON& Tower with Radar,29,33,56,7,125,0,6,51,0,57,29,39,107,7,182,0,0,0,182
10/22/2020,AVL,NC,ASO,ES,Combined TRACON& Tower with Radar,44,22,82,3,151,0,2,56,3,61,44,24,138,6,212,7,0,7,219
10/23/2020,AVL,NC,ASO,ES,Combined TRACON& Tower with Radar,33,20,57,10,120,1,5,41,12,59,34,25,98,22,179,6,6,12,191
10/24/2020,AVL,NC,ASO,ES,Combined TRACON& Tower with Radar,31,27,49,8,115,0,1,25,10,36,31,28,74,18,151,4,12,16,167
10/25/2020,AVL,NC,ASO,ES,Combined TRACON& Tower with Radar,32,22,77,3,134,0,0,3,0,3,32,22,80,3,137,0,0,0,137
10/26/2020,AVL,NC,ASO,ES,Combined TRACON& Tower with Radar,33,13,73,2,121,0,2,24,0,26,33,15,97,2,147,14,0,14,161
10/27/2020,AVL,NC,ASO,ES,Combined TRACON& Tower with Radar,20,18,55,2,95,0,1,39,0,40,20,19,94,2,135,0,0,0,135
10/28/2020,AVL,NC,ASO,ES,Combined TRACON& Tower with Radar,32,26,27,1,86,0,0,1,0,1,32,26,28,1,87,0,0,0,87
10/29/2020,AVL,NC,ASO,ES,Combined TRACON& Tower with Radar,38,17,24,0,79,0,3,4,2,9,38,20,28,2,88,0,0,0,88
10/30/2020,AVL,NC,ASO,ES,Combined TRACON& Tower with Radar,32,24,44,0,100,0,3,24,0,27,32,27,68,0,127,0,0,0,127
10/31/2020,AVL,NC,ASO,ES,Combined TRACON& Tower with Radar,21,17,61,0,99,0,3,40,1,44,21,20,101,1,143,45,0,45,188
11/01/2020,AVL,NC,ASO,ES,Combined TRACON& Tower with Radar,36,17,47,0,100,0,0,40,0,40,36,17,87,0,140,6,0,6,146
11/02/2020,AVL,NC,ASO,ES,Combined TRACON& Tower with Radar,29,23,26,2,80,0,4,17,1,22,29,27,43,3,102,11,0,11,113
11/03/2020,AVL,NC,ASO,ES,Combined TRACON& Tower with Radar,20,14,32,10,76,0,0,77,6,83,20,14,109,16,159,63,8,71,230
11/04/2020,AVL,NC,ASO,ES,Combined TRACON& Tower with Radar,24,14,45,0,83,0,0,63,0,63,24,14,108,0,146,98,0,98,244
11/05/2020,AVL,NC,ASO,ES,Combined TRACON& Tower with Radar,42,19,48,12,121,0,4,86,4,94,42,23,134,16,215,131,16,147,362
11/06/2020,AVL,NC,ASO,ES,Combined TRACON& Tower with Radar,32,20,63,11,126,0,10,66,4,80,32,30,129,15,206,110,0,110,316
11/07/2020,AVL,NC,ASO,ES,Combined TRACON& Tower with Radar,29,13,42,2,86,0,2,34,0,36,29,15,76,2,122,106,0,106,228
11/08/2020,AVL,NC,ASO,ES,Combined TRACON& Tower with Radar,43,19,53,2,117,0,4,20,0,24,43,23,73,2,141,20,0,20,161
11/09/2020,AVL,NC,ASO,ES,Combined TRACON& Tower with Radar,33,21,43,2,99,0,0,27,0,27,33,21,70,2,126,28,0,28,154
11/10/2020,AVL,NC,ASO,ES,Combined TRACON& Tower with Radar,21,13,33,0,67,0,0,4,0,4,21,13,37,0,71,0,0,0,71
11/11/2020,AVL,NC,ASO,ES,Combined TRACON& Tower with Radar,27,13,17,1,58,0,0,4,0,4,27,13,21,1,62,0,0,0,62
11/12/2020,AVL,NC,ASO,ES,Combined TRACON& Tower with Radar,39,22,41,2,104,0,4,9,0,13,39,26,50,2,117,51,0,51,168
11/13/2020,AVL,NC,ASO,ES,Combined TRACON& Tower with Radar,34,18,61,11,124,0,1,63,3,67,34,19,124,14,191,29,14,43,234
11/14/2020,AVL,NC,ASO,ES,Combined TRACON& Tower with Radar,32,18,36,13,99,0,5,92,5,102,32,23,128,18,201,65,14,79,280
11/15/2020,AVL,NC,ASO,ES,Combined TRACON& Tower with Radar,37,25,47,2,111,0,4,5,0,9,37,29,52,2,120,0,0,0,120
11/16/2020,AVL,NC,ASO,ES,Combined TRACON& Tower with Radar,35,38,38,0,111,0,6,25,0,31,35,44,63,0,142,0,0,0,142
11/17/2020,AVL,NC,ASO,ES,Combined TRACON& Tower with Radar,17,15,16,3,51,0,8,10,3,21,17,23,26,6,72,0,6,6,78
11/18/2020,AVL,NC,ASO,ES,Combined TRACON& Tower with Radar,21,13,26,0,60,0,5,48,1,54,21,18,74,1,114,64,0,64,178
11/19/2020,AVL,NC,ASO,ES,Combined TRACON& Tower with Radar,43,19,50,20,132,0,8,76,7,91,43,27,126,27,223,70,16,86,309
11/20/2020,AVL,NC,ASO,ES,Combined TRACON& Tower with Radar,39,20,45,27,131,0,4,59,16,79,39,24,104,43,210,57,24,81,291
11/21/2020,AVL,NC,ASO,ES,Combined TRACON& Tower with Radar,34,24,38,15,111,0,1,99,2,102,34,25,137,17,213,78,0,78,291
11/22/2020,AVL,NC,ASO,ES,Combined TRACON& Tower with Radar,43,30,54,19,146,0,0,16,3,19,43,30,70,22,165,39,0,39,204
11/23/2020,AVL,NC,ASO,ES,Combined TRACON& Tower with Radar,34,20,29,6,89,0,2,22,1,25,34,22,51,7,114,6,0,6,120
11/24/2020,AVL,NC,ASO,ES,Combined TRACON& Tower with Radar,41,29,47,9,126,0,0,59,3,62,41,29,106,12,188,4,14,18,206
11/25/2020,AVL,NC,ASO,ES,Combined TRACON& Tower with Radar,44,27,52,0,123,0,0,0,0,0,44,27,52,0,123,0,0,0,123
11/26/2020,AVL,NC,ASO,ES,Combined TRACON& Tower with Radar,23,10,11,0,44,0,0,11,0,11,23,10,22,0,55,30,0,30,85
11/27/2020,AVL,NC,ASO,ES,Combined TRACON& Tower with Radar,30,11,34,0,75,0,3,64,0,67,30,14,98,0,142,72,0,72,214
11/28/2020,AVL,NC,ASO,ES,Combined TRACON& Tower with Radar,45,28,50,0,123,0,0,49,0,49,45,28,99,0,172,28,0,28,200
11/29/2020,AVL,NC,ASO,ES,Combined TRACON& Tower with Radar,42,31,77,0,150,0,3,29,0,32,42,34,106,0,182,97,0,97,279
11/30/2020,AVL,NC,ASO,ES,Combined TRACON& Tower with Radar,41,34,20,2,97,0,0,0,0,0,41,34,20,2,97,0,0,0,97
12/01/2020,AVL,NC,ASO,ES,Combined TRACON& Tower with Radar,25,20,20,28,93,0,0,13,5,18,25,20,33,33,111,26,28,54,165
12/02/2020,AVL,NC,ASO,ES,Combined TRACON& Tower with Radar,21,32,44,2,99,0,5,15,5,25,21,37,59,7,124,14,0,14,138
12/03/2020,AVL,NC,ASO,ES,Combined TRACON& Tower with Radar,36,21,44,2,103,0,8,50,4,62,36,29,94,6,165,54,0,54,219
12/04/2020,AVL,NC,ASO,ES,Combined TRACON& Tower with Radar,33,23,20,2,78,0,1,2,2,5,33,24,22,4,83,20,0,20,103
12/05/2020,AVL,NC,ASO,ES,Combined TRACON& Tower with Radar,23,10,20,0,53,0,2,16,13,31,23,12,36,13,84,25,14,39,123
12/06/2020,AVL,NC,ASO,ES,Combined TRACON& Tower with Radar,34,11,55,0,100,0,3,49,1,53,34,14,104,1,153,118,0,118,271
12/07/2020,AVL,NC,ASO,ES,Combined TRACON& Tower with Radar,31,19,20,0,70,0,2,2,0,4,31,21,22,0,74,0,0,0,74
12/08/2020,AVL,NC,ASO,ES,Combined TRACON& Tower with Radar,17,14,28,7,66,0,0,33,5,38,17,14,61,12,104,17,0,17,121
12/09/2020,AVL,NC,ASO,ES,Combined TRACON& Tower with Radar,19,13,32,1,65,0,0,47,5,52,19,13,79,6,117,82,0,82,199
12/10/2020,AVL,NC,ASO,ES,Combined TRACON& Tower with Radar,36,9,33,16,94,0,5,69,2,76,36,14,102,18,170,135,4,139,309
12/11/2020,AVL,NC,ASO,ES,Combined TRACON& Tower with Radar,35,19,23,6,83,0,2,50,2,54,35,21,73,8,137,95,0,95,232
12/12/2020,AVL,NC,ASO,ES,Combined TRACON& Tower with Radar,21,17,25,1,64,0,4,12,1,17,21,21,37,2,81,2,0,2,83
12/13/2020,AVL,NC,ASO,ES,Combined TRACON& Tower with Radar,35,13,33,12,93,0,0,44,2,46,35,13,77,14,139,91,0,91,230
12/14/2020,AVL,NC,ASO,ES,Combined TRACON& Tower with Radar,31,10,16,0,57,0,0,2,0,2,31,10,18,0,59,0,0,0,59
12/15/2020,AVL,NC,ASO,ES,Combined TRACON& Tower with Radar,17,15,32,9,73,0,5,59,6,70,17,20,91,15,143,110,16,126,269
12/16/2020,AVL,NC,ASO,ES,Combined TRACON& Tower with Radar,20,8,11,0,39,0,0,0,0,0,20,8,11,0,39,0,0,0,39
12/17/2020,AVL,NC,ASO,ES,Combined TRACON& Tower with Radar,30,16,23,6,75,0,6,12,0,18,30,22,35,6,93,44,0,44,137
12/18/2020,AVL,NC,ASO,ES,Combined TRACON& Tower with Radar,34,17,54,2,107,0,0,47,3,50,34,17,101,5,157,52,0,52,209
12/19/2020,AVL,NC,ASO,ES,Combined TRACON& Tower with Radar,43,17,48,1,109,0,3,55,0,58,43,20,103,1,167,62,0,62,229
12/20/2020,AVL,NC,ASO,ES,Combined TRACON& Tower with Radar,36,14,21,0,71,0,0,22,3,25,36,14,43,3,96,58,0,58,154
12/21/2020,AVL,NC,ASO,ES,Combined TRACON& Tower with Radar,33,8,26,2,69,0,1,27,1,29,33,9,53,3,98,34,0,34,132
12/22/2020,AVL,NC,ASO,ES,Combined TRACON& Tower with Radar,31,21,25,0,77,0,1,12,0,13,31,22,37,0,90,24,0,24,114
12/23/2020,AVL,NC,ASO,ES,Combined TRACON& Tower with Radar,38,26,35,10,109,0,2,38,9,49,38,28,73,19,158,60,12,72,230
12/24/2020,AVL,NC,ASO,ES,Combined TRACON& Tower with Radar,33,9,8,0,50,0,0,0,0,0,33,9,8,0,50,0,0,0,50
12/25/2020,AVL,NC,ASO,ES,Combined TRACON& Tower with Radar,23,5,3,0,31,0,0,3,0,3,23,5,6,0,34,0,0,0,34
12/26/2020,AVL,NC,ASO,ES,Combined TRACON& Tower with Radar,41,22,28,0,91,0,2,23,2,27,41,24,51,2,118,42,0,42,160
12/27/2020,AVL,NC,ASO,ES,Combined TRACON& Tower with Radar,38,17,59,0,114,0,0,50,0,50,38,17,109,0,164,35,0,35,199
12/28/2020,AVL,NC,ASO,ES,Combined TRACON& Tower with Radar,38,15,34,10,97,0,2,42,1,45,38,17,76,11,142,51,2,53,195
12/29/2020,AVL,NC,ASO,ES,Combined TRACON& Tower with Radar,34,10,53,4,101,0,3,73,0,76,34,13,126,4,177,36,0,36,213
12/30/2020,AVL,NC,ASO,ES,Combined TRACON& Tower with Radar,36,22,21,3,82,0,0,0,0,0,36,22,21,3,82,0,0,0,82
12/31/2020,AVL,NC,ASO,ES,Combined TRACON& Tower with Radar,33,14,19,0,66,0,0,2,0,2,33,14,21,0,68,0,0,0,68
01/01/2021,AVL,NC,ASO,ES,Combined TRACON& Tower with Radar,19,11,8,0,38,0,0,0,0,0,19,11,8,0,38,0,0,0,38
01/02/2021,AVL,NC,ASO,ES,Combined TRACON& Tower with Radar,41,26,35,0,102,0,0,28,0,28,41,26,63,0,130,28,0,28,158
01/03/2021,AVL,NC,ASO,ES,Combined TRACON& Tower with Radar,38,18,28,0,84,0,0,13,0,13,38,18,41,0,97,7,0,7,104
01/04/2021,AVL,NC,ASO,ES,Combined TRACON& Tower with Radar,34,16,31,6,87,0,0,36,3,39,34,16,67,9,126,50,2,52,178
01/05/2021,AVL,NC,ASO,ES,Combined TRACON& Tower with Radar,22,16,20,2,60,0,0,5,0,5,22,16,25,2,65,0,0,0,65
01/06/2021,AVL,NC,ASO,ES,Combined TRACON& Tower with Radar,21,9,37,6,73,0,0,42,4,46,21,9,79,10,119,74,0,74,193
01/07/2021,AVL,NC,ASO,ES,Combined TRACON& Tower with Radar,33,33,22,4,92,0,1,18,0,19,33,34,40,4,111,46,0,46,157
01/08/2021,AVL,NC,ASO,ES,Combined TRACON& Tower with Radar,26,8,3,0,37,0,0,0,0,0,26,8,3,0,37,0,0,0,37
01/09/2021,AVL,NC,ASO,ES,Combined TRACON& Tower with Radar,20,14,7,8,49,0,3,9,0,12,20,17,16,8,61,0,0,0,61
01/10/2021,AVL,NC,ASO,ES,Combined TRACON& Tower with Radar,32,15,40,1,88,0,2,66,1,69,32,17,106,2,157,40,0,40,197
01/11/2021,AVL,NC,ASO,ES,Combined TRACON& Tower with Radar,30,7,14,10,61,0,0,2,0,2,30,7,16,10,63,0,0,0,63
01/12/2021,AVL,NC,ASO,ES,Combined TRACON& Tower with Radar,18,14,17,9,58,0,0,18,2,20,18,14,35,11,78,60,0,60,138
01/13/2021,AVL,NC,ASO,ES,Combined TRACON& Tower with Radar,22,18,18,3,61,0,4,50,1,55,22,22,68,4,116,104,0,104,220
01/14/2021,AVL,NC,ASO,ES,Combined TRACON& Tower with Radar,31,13,29,18,91,0,4,53,0,57,31,17,82,18,148,43,8,51,199
01/15/2021,AVL,NC,ASO,ES,Combined TRACON& Tower with Radar,30,11,42,4,87,0,2,8,0,10,30,13,50,4,97,0,0,0,97
01/16/2021,AVL,NC,ASO,ES,Combined TRACON& Tower with Radar,22,8,13,8,51,0,0,12,0,12,22,8,25,8,63,28,0,28,91
01/17/2021,AVL,NC,ASO,ES,Combined TRACON& Tower with Radar,32,11,33,4,80,0,0,36,2,38,32,11,69,6,118,0,4,4,122
01/18/2021,AVL,NC,ASO,ES,Combined TRACON& Tower with Radar,30,13,15,1,59,0,2,19,1,22,30,15,34,2,81,26,0,26,107
01/19/2021,AVL,NC,ASO,ES,Combined TRACON& Tower with Radar,18,7,33,10,68,0,0,55,2,57,18,7,88,12,125,82,0,82,207
01/20/2021,AVL,NC,ASO,ES,Combined TRACON& Tower with Radar,20,8,28,4,60,0,0,13,4,17,20,8,41,8,77,0,0,0,77
01/21/2021,AVL,NC,ASO,ES,Combined TRACON& Tower with Radar,34,10,21,2,67,0,0,1,0,1,34,10,22,2,68,0,0,0,68
01/22/2021,AVL,NC,ASO,ES,Combined TRACON& Tower with Radar,31,16,20,18,85,0,2,61,11,74,31,18,81,29,159,80,0,80,239
01/23/2021,AVL,NC,ASO,ES,Combined TRACON& Tower with Radar,21,8,40,2,71,0,2,65,11,78,21,10,105,13,149,4,14,18,167
01/24/2021,AVL,NC,ASO,ES,Combined TRACON& Tower with Radar,36,14,27,2,79,0,1,68,0,69,36,15,95,2,148,36,0,36,184
01/25/2021,AVL,NC,ASO,ES,Combined TRACON& Tower with Radar,30,20,8,0,58,0,0,0,0,0,30,20,8,0,58,0,0,0,58
01/26/2021,AVL,NC,ASO,ES,Combined TRACON& Tower with Radar,20,12,17,0,49,0,2,14,1,17,20,14,31,1,66,23,2,25,91
01/27/2021,AVL,NC,ASO,ES,Combined TRACON& Tower with Radar,22,7,17,3,49,0,4,30,0,34,22,11,47,3,83,56,0,56,139
01/28/2021,AVL,NC,ASO,ES,Combined TRACON& Tower with Radar,28,8,11,7,54,0,1,8,4,13,28,9,19,11,67,0,0,0,67
01/29/2021,AVL,NC,ASO,ES,Combined TRACON& Tower with Radar,32,10,35,7,84,0,1,77,7,85,32,11,112,14,169,95,10,105,274
01/30/2021,AVL,NC,ASO,ES,Combined TRACON& Tower with Radar,18,9,20,0,47,0,1,46,1,48,18,10,66,1,95,36,0,36,131
01/31/2021,AVL,NC,ASO,ES,Combined TRACON& Tower with Radar,29,6,17,0,52,0,0,0,0,0,29,6,17,0,52,0,0,0,52
02/01/2021,AVL,NC,ASO,ES,Combined TRACON& Tower with Radar,31,10,3,1,45,0,1,1,0,2,31,11,4,1,47,0,0,0,47
02/02/2021,AVL,NC,ASO,ES,Combined TRACON& Tower with Radar,18,13,8,0,39,0,0,3,0,3,18,13,11,0,42,0,0,0,42
02/03/2021,AVL,NC,ASO,ES,Combined TRACON& Tower with Radar,20,13,21,4,58,0,1,12,0,13,20,14,33,4,71,0,0,0,71
02/04/2021,AVL,NC,ASO,ES,Combined TRACON& Tower with Radar,34,14,22,3,73,0,5,55,1,61,34,19,77,4,134,34,5,39,173
02/05/2021,AVL,NC,ASO,ES,Combined TRACON& Tower with Radar,31,19,26,0,76,0,1,31,0,32,31,20,57,0,108,48,0,48,156
02/06/2021,AVL,NC,ASO,ES,Combined TRACON& Tower with Radar,20,15,18,0,53,0,3,56,0,59,20,18,74,0,112,40,0,40,152
02/07/2021,AVL,NC,ASO,ES,Combined TRACON& Tower with Radar,31,10,27,2,70,0,2,5,1,8,31,12,32,3,78,3,0,3,81
02/08/2021,AVL,NC,ASO,ES,Combined TRACON& Tower with Radar,30,20,28,4,82,0,2,38,2,42,30,22,66,6,124,26,0,26,150
02/09/2021,AVL,NC,ASO,ES,Combined TRACON& Tower with Radar,18,15,30,12,75,0,5,24,2,31,18,20,54,14,106,42,0,42,148
02/10/2021,AVL,NC,ASO,ES,Combined TRACON& Tower with Radar,29,25,35,4,93,0,2,37,0,39,29,27,72,4,132,56,0,56,188
02/11/2021,AVL,NC,ASO,ES,Combined TRACON& Tower with Radar,39,15,15,0,69,0,0,0,0,0,39,15,15,0,69,0,0,0,69
02/12/2021,AVL,NC,ASO,ES,Combined TRACON& Tower with Radar,45,24,26,0,95,0,0,0,0,0,45,24,26,0,95,0,0,0,95
02/13/2021,AVL,NC,ASO,ES,Combined TRACON& Tower with Radar,26,16,2,0,44,0,0,0,0,0,26,16,2,0,44,0,0,0,44
02/14/2021,AVL,NC,ASO,ES,Combined TRACON& Tower with Radar,32,16,15,0,63,0,0,0,0,0,32,16,15,0,63,0,0,0,63
02/15/2021,AVL,NC,ASO,ES,Combined TRACON& Tower with Radar,39,15,14,0,68,0,0,0,0,0,39,15,14,0,68,0,0,0,68
02/16/2021,AVL,NC,ASO,ES,Combined TRACON& Tower with Radar,22,18,13,4,57,0,1,8,0,9,22,19,21,4,66,0,0,0,66
02/17/2021,AVL,NC,ASO,ES,Combined TRACON& Tower with Radar,23,18,25,3,69,0,2,63,0,65,23,20,88,3,134,102,0,102,236
02/18/2021,AVL,NC,ASO,ES,Combined TRACON& Tower with Radar,29,9,3,0,41,0,0,0,0,0,29,9,3,0,41,0,0,0,41
02/19/2021,AVL,NC,ASO,ES,Combined TRACON& Tower with Radar,32,14,24,4,74,0,1,9,1,11,32,15,33,5,85,0,0,0,85
02/20/2021,AVL,NC,ASO,ES,Combined TRACON& Tower with Radar,26,11,30,1,68,0,2,57,0,59,26,13,87,1,127,44,0,44,171
02/21/2021,AVL,NC,ASO,ES,Combined TRACON& Tower with Radar,38,15,32,2,87,0,0,62,1,63,38,15,94,3,150,131,0,131,281
02/22/2021,AVL,NC,ASO,ES,Combined TRACON& Tower with Radar,40,13,9,16,78,0,0,9,0,9,40,13,18,16,87,36,0,36,123
02/23/2021,AVL,NC,ASO,ES,Combined TRACON& Tower with Radar,22,15,15,4,56,0,0,27,2,29,22,15,42,6,85,36,0,36,121
02/24/2021,AVL,NC,ASO,ES,Combined TRACON& Tower with Radar,30,14,33,8,85,0,0,79,7,86,30,14,112,15,171,24,0,24,195
02/25/2021,AVL,NC,ASO,ES,Combined TRACON& Tower with Radar,36,12,35,9,92,0,2,87,5,94,36,14,122,14,186,34,0,34,220
02/26/2021,AVL,NC,ASO,ES,Combined TRACON& Tower with Radar,38,17,14,3,72,0,0,7,0,7,38,17,21,3,79,15,0,15,94
02/27/2021,AVL,NC,ASO,ES,Combined TRACON& Tower with Radar,26,9,19,1,55,0,4,34,0,38,26,13,53,1,93,118,0,118,211
02/28/2021,AVL,NC,ASO,ES,Combined TRACON& Tower with Radar,39,19,28,3,89,0,1,10,2,13,39,20,38,5,102,6,0,6,108
03/01/2021,AVL,NC,ASO,ES,Combined TRACON& Tower with Radar,35,19,18,0,72,0,1,8,0,9,35,20,26,0,81,12,0,12,93
03/02/2021,AVL,NC,ASO,ES,Combined TRACON& Tower with Radar,20,12,23,0,55,0,0,63,2,65,20,12,86,2,120,114,0,114,234
03/03/2021,AVL,NC,ASO,ES,Combined TRACON& Tower with Radar,34,20,34,17,105,0,1,46,3,50,34,21,80,20,155,10,8,18,173
03/04/2021,AVL,NC,ASO,ES,Combined TRACON& Tower with Radar,49,16,47,3,115,0,0,55,1,56,49,16,102,4,171,46,0,46,217
03/05/2021,AVL,NC,ASO,ES,Combined TRACON& Tower with Radar,44,15,38,13,110,0,4,63,17,84,44,19,101,30,194,63,8,71,265
03/06/2021,AVL,NC,ASO,ES,Combined TRACON& Tower with Radar,35,19,29,1,84,0,0,62,12,74,35,19,91,13,158,48,4,52,210
03/07/2021,AVL,NC,ASO,ES,Combined TRACON& Tower with Radar,49,15,25,6,95,0,0,35,8,43,49,15,60,14,138,0,0,0,138
03/08/2021,AVL,NC,ASO,ES,Combined TRACON& Tower with Radar,42,19,17,0,78,0,3,60,5,68,42,22,77,5,146,43,0,43,189
03/09/2021,AVL,NC,ASO,ES,Combined TRACON& Tower with Radar,30,11,35,7,83,0,1,62,5,68,30,12,97,12,151,84,0,84,235
03/10/2021,AVL,NC,ASO,ES,Combined TRACON& Tower with Radar,38,10,29,16,93,0,4,66,9,79,38,14,95,25,172,56,0,56,228
03/11/2021,AVL,NC,ASO,ES,Combined TRACON& Tower with Radar,50,28,54,4,136,0,9,69,4,82,50,37,123,8,218,50,0,50,268
03/12/2021,AVL,NC,ASO,ES,Combined TRACON& Tower with Radar,46,10,49,0,105,0,5,88,2,95,46,15,137,2,200,28,0,28,228
03/13/2021,AVL,NC,ASO,ES,Combined TRACON& Tower with Radar,35,13,25,4,77,0,0,2,1,3,35,13,27,5,80,22,0,22,102
03/14/2021,AVL,NC,ASO,ES,Combined TRACON& Tower with Radar,49,21,43,8,121,0,0,42,0,42,49,21,85,8,163,14,0,14,177
03/15/2021,AVL,NC,ASO,ES,Combined TRACON& Tower with Radar,46,18,35,2,101,0,4,28,0,32,46,22,63,2,133,23,0,23,156
03/16/2021,AVL,NC,ASO,ES,Combined TRACON& Tower with Radar,31,15,21,0,67,0,0,0,0,0,31,15,21,0,67,0,0,0,67
03/17/2021,AVL,NC,ASO,ES,Combined TRACON& Tower with Radar,37,22,19,4,82,0,4,4,0,8,37,26,23,4,90,19,0,19,109
03/18/2021,AVL,NC,ASO,ES,Combined TRACON& Tower with Radar,54,10,26,0,90,0,1,2,2,5,54,11,28,2,95,0,0,0,95
03/19/2021,AVL,NC,ASO,ES,Combined TRACON& Tower with Radar,47,18,42,17,124,0,0,6,0,6,47,18,48,17,130,20,0,20,150
03/20/2021,AVL,NC,ASO,ES,Combined TRACON& Tower with Radar,36,19,31,6,92,0,4,89,1,94,36,23,120,7,186,81,4,85,271
03/21/2021,AVL,NC,ASO,ES,Combined TRACON& Tower with Radar,44,21,37,4,106,0,2,51,1,54,44,23,88,5,160,63,0,63,223
03/22/2021,AVL,NC,ASO,ES,Combined TRACON& Tower with Radar,48,13,32,11,104,0,0,99,5,104,48,13,131,16,208,150,10,160,368
03/23/2021,AVL,NC,ASO,ES,Combined TRACON& Tower with Radar,33,10,31,13,87,0,1,29,0,30,33,11,60,13,117,106,8,114,231
03/24/2021,AVL,NC,ASO,ES,Combined TRACON& Tower with Radar,37,10,19,20,86,0,0,8,3,11,37,10,27,23,97,0,0,0,97
03/25/2021,AVL,NC,ASO,ES,Combined TRACON& Tower with Radar,47,18,25,1,91,0,0,0,0,0,47,18,25,1,91,0,0,0,91
03/26/2021,AVL,NC,ASO,ES,Combined TRACON& Tower with Radar,47,19,52,11,129,0,2,66,4,72,47,21,118,15,201,13,0,13,214
03/27/2021,AVL,NC,ASO,ES,Combined TRACON& Tower with Radar,37,21,27,0,85,0,0,32,0,32,37,21,59,0,117,16,0,16,133
03/28/2021,AVL,NC,ASO,ES,Combined TRACON& Tower with Radar,52,19,12,7,90,0,5,9,1,15,52,24,21,8,105,0,0,0,105
03/29/2021,AVL,NC,ASO,ES,Combined TRACON& Tower with Radar,46,14,37,16,113,0,1,86,1,88,46,15,123,17,201,112,7,119,320
03/30/2021,AVL,NC,ASO,ES,Combined TRACON& Tower with Radar,30,13,44,8,95,0,0,58,2,60,30,13,102,10,155,56,10,66,221
03/31/2021,AVL,NC,ASO,ES,Combined TRACON& Tower with Radar,40,19,31,0,90,0,0,0,0,0,40,19,31,0,90,0,0,0,90
04/01/2021,AVL,NC,ASO,ES,Combined TRACON& Tower with Radar,50,17,22,10,99,0,1,6,1,8,50,18,28,11,107,0,0,0,107
04/02/2021,AVL,NC,ASO,ES,Combined TRACON& Tower with Radar,42,24,33,0,99,0,2,36,2,40,42,26,69,2,139,4,0,4,143
04/03/2021,AVL,NC,ASO,ES,Combined TRACON& Tower with Radar,38,19,27,0,84,0,1,101,0,102,38,20,128,0,186,32,0,32,218
04/04/2021,AVL,NC,ASO,ES,Combined TRACON& Tower with Radar,47,19,21,0,87,0,3,58,0,61,47,22,79,0,148,10,0,10,158
04/05/2021,AVL,NC,ASO,ES,Combined TRACON& Tower with Radar,42,39,36,1,118,0,0,74,1,75,42,39,110,2,193,44,0,44,237
04/06/2021,AVL,NC,ASO,ES,Combined TRACON& Tower with Radar,31,14,56,6,107,0,4,56,3,63,31,18,112,9,170,26,0,26,196
04/07/2021,AVL,NC,ASO,ES,Combined TRACON& Tower with Radar,35,20,41,20,116,0,2,87,0,89,35,22,128,20,205,48,0,48,253
04/08/2021,AVL,NC,ASO,ES,Combined TRACON& Tower with Radar,49,17,40,4,110,0,0,25,0,25,49,17,65,4,135,34,0,34,169
04/09/2021,AVL,NC,ASO,ES,Combined TRACON& Tower with Radar,43,26,36,15,120,0,0,48,2,50,43,26,84,17,170,28,0,28,198
04/10/2021,AVL,NC,ASO,ES,Combined TRACON& Tower with Radar,34,19,12,0,65,0,0,3,0,3,34,19,15,0,68,0,0,0,68
04/11/2021,AVL,NC,ASO,ES,Combined TRACON& Tower with Radar,39,28,45,3,115,0,1,33,6,40,39,29,78,9,155,44,4,48,203
04/12/2021,AVL,NC,ASO,ES,Combined TRACON& Tower with Radar,41,15,26,7,89,0,2,31,0,33,41,17,57,7,122,14,6,20,142
04/13/2021,AVL,NC,ASO,ES,Combined TRACON& Tower with Radar,33,15,27,24,99,0,2,63,4,69,33,17,90,28,168,49,16,65,233
04/14/2021,AVL,NC,ASO,ES,Combined TRACON& Tower with Radar,30,12,28,8,78,0,1,63,1,65,30,13,91,9,143,26,0,26,169
04/15/2021,AVL,NC,ASO,ES,Combined TRACON& Tower with Radar,45,42,43,2,132,0,0,40,6,46,45,42,83,8,178,26,0,26,204
04/16/2021,AVL,NC,ASO,ES,Combined TRACON& Tower with Radar,40,42,55,75,212,0,3,86,5,94,40,45,141,80,306,45,10,55,361
04/17/2021,AVL,NC,ASO,ES,Combined TRACON& Tower with Radar,33,17,23,6,79,0,0,51,0,51,33,17,74,6,130,70,0,70,200
04/18/2021,AVL,NC,ASO,ES,Combined TRACON& Tower with Radar,42,25,47,14,128,0,3,76,9,88,42,28,123,23,216,54,0,54,270
04/19/2021,AVL,NC,ASO,ES,Combined TRACON& Tower with Radar,41,26,36,1,104,0,6,40,1,47,41,32,76,2,151,75,0,75,226
04/20/2021,AVL,NC,ASO,ES,Combined TRACON& Tower with Radar,26,18,30,34,108,0,3,57,8,68,26,21,87,42,176,17,14,31,207
04/21/2021,AVL,NC,ASO,ES,Combined TRACON& Tower with Radar,30,16,55,2,103,0,0,7,0,7,30,16,62,2,110,0,0,0,110
04/22/2021,AVL,NC,ASO,ES,Combined TRACON& Tower with Radar,45,27,44,19,135,0,5,42,0,47,45,32,86,19,182,40,8,48,230
04/23/2021,AVL,NC,ASO,ES,Combined TRACON& Tower with Radar,42,34,47,20,143,0,1,90,2,93,42,35,137,22,236,88,2,90,326
04/24/2021,AVL,NC,ASO,ES,Combined TRACON& Tower with Radar,30,21,10,0,61,0,0,1,0,1,30,21,11,0,62,0,0,0,62
04/25/2021,AVL,NC,ASO,ES,Combined TRACON& Tower with Radar,43,32,58,2,135,0,1,18,0,19,43,33,76,2,154,0,0,0,154
04/26/2021,AVL,NC,ASO,ES,Combined TRACON& Tower with Radar,41,24,40,22,127,0,2,86,0,88,41,26,126,22,215,118,10,128,343
04/27/2021,AVL,NC,ASO,ES,Combined TRACON& Tower with Radar,24,18,47,5,94,0,0,69,0,69,24,18,116,5,163,60,0,60,223
04/28/2021,AVL,NC,ASO,ES,Combined TRACON& Tower with Radar,31,17,50,12,110,0,1,61,1,63,31,18,111,13,173,116,0,116,289
04/29/2021,AVL,NC,ASO,ES,Combined TRACON& Tower with Radar,46,31,49,1,127,0,4,26,1,31,46,35,75,2,158,0,0,0,158
04/30/2021,AVL,NC,ASO,ES,Combined TRACON& Tower with Radar,42,37,45,16,140,0,2,14,2,18,42,39,59,18,158,4,0,4,162
05/01/2021,AVL,NC,ASO,ES,Combined TRACON& Tower with Radar,33,30,39,9,111,0,0,102,5,107,33,30,141,14,218,107,20,127,345
05/02/2021,AVL,NC,ASO,ES,Combined TRACON& Tower with Radar,42,34,64,13,153,0,2,49,1,52,42,36,113,14,205,10,0,10,215
05/03/2021,AVL,NC,ASO,ES,Combined TRACON& Tower with Radar,40,30,23,0,93,0,0,1,0,1,40,30,24,0,94,0,0,0,94
05/04/2021,AVL,NC,ASO,ES,Combined TRACON& Tower with Radar,23,25,23,0,71,0,0,2,0,2,23,25,25,0,73,0,0,0,73
05/05/2021,AVL,NC,ASO,ES,Combined TRACON& Tower with Radar,32,30,44,6,112,0,0,17,0,17,32,30,61,6,129,8,0,8,137
05/06/2021,AVL,NC,ASO,ES,Combined TRACON& Tower with Radar,46,37,51,3,137,0,5,82,0,87,46,42,133,3,224,125,14,139,363
05/07/2021,AVL,NC,ASO,ES,Combined TRACON& Tower with Radar,43,26,58,9,136,0,0,14,0,14,43,26,72,9,150,0,0,0,150
05/08/2021,AVL,NC,ASO,ES,Combined TRACON& Tower with Radar,40,37,45,6,128,0,1,41,0,42,40,38,86,6,170,123,0,123,293
05/09/2021,AVL,NC,ASO,ES,Combined TRACON& Tower with Radar,46,39,48,3,136,0,0,30,0,30,46,39,78,3,166,74,4,78,244
05/10/2021,AVL,NC,ASO,ES,Combined TRACON& Tower with Radar,45,23,29,5,102,0,0,22,0,22,45,23,51,5,124,57,0,57,181
05/11/2021,AVL,NC,ASO,ES,Combined TRACON& Tower with Radar,28,28,62,0,118,0,7,24,0,31,28,35,86,0,149,70,0,70,219
05/12/2021,AVL,NC,ASO,ES,Combined TRACON& Tower with Radar,33,44,54,1,132,0,0,0,0,0,33,44,54,1,132,0,0,0,132
05/13/2021,AVL,NC,ASO,ES,Combined TRACON& Tower with Radar,49,36,62,1,148,0,3,76,1,80,49,39,138,2,228,74,0,74,302
05/14/2021,AVL,NC,ASO,ES,Combined TRACON& Tower with Radar,47,37,64,3,151,0,5,54,7,66,47,42,118,10,217,8,0,8,225
05/15/2021,AVL,NC,ASO,ES,Combined TRACON& Tower with Radar,40,37,29,4,110,0,1,88,7,96,40,38,117,11,206,54,8,62,268
05/16/2021,AVL,NC,ASO,ES,Combined TRACON& Tower with Radar,44,57,70,1,172,0,2,48,4,54,44,59,118,5,226,46,0,46,272
05/17/2021,AVL,NC,ASO,ES,Combined TRACON& Tower with Radar,47,30,38,7,122,0,0,45,1,46,47,30,83,8,168,60,0,60,228
05/18/2021,AVL,NC,ASO,ES,Combined TRACON& Tower with Radar,31,26,47,5,109,0,0,55,1,56,31,26,102,6,165,32,0,32,197
05/19/2021,AVL,NC,ASO,ES,Combined TRACON& Tower with Radar,36,34,72,7,149,0,0,44,0,44,36,34,116,7,193,55,0,55,248
05/20/2021,AVL,NC,ASO,ES,Combined TRACON& Tower with Radar,48,37,50,13,148,0,4,61,0,65,48,41,111,13,213,12,6,18,231
05/21/2021,AVL,NC,ASO,ES,Combined TRACON& Tower with Radar,49,30,70,14,163,0,2,68,3,73,49,32,138,17,236,63,0,63,299
05/22/2021,AVL,NC,ASO,ES,Combined TRACON& Tower with Radar,39,38,46,11,134,0,2,89,4,95,39,40,135,15,229,62,0,62,291
05/23/2021,AVL,NC,ASO,ES,Combined TRACON& Tower with Radar,46,46,69,2,163,0,2,67,0,69,46,48,136,2,232,54,0,54,286
05/24/2021,AVL,NC,ASO,ES,Combined TRACON& Tower with Radar,46,40,38,16,140,0,2,47,3,52,46,42,85,19,192,46,6,52,244
05/25/2021,AVL,NC,ASO,ES,Combined TRACON& Tower with Radar,32,30,41,6,109,0,4,45,2,51,32,34,86,8,160,85,2,87,247
05/26/2021,AVL,NC,ASO,ES,Combined TRACON& Tower with Radar,34,45,52,7,138,0,0,51,1,52,34,45,103,8,190,49,0,49,239
05/27/2021,AVL,NC,ASO,ES,Combined TRACON& Tower with Radar,57,38,57,2,154,0,0,67,0,67,57,38,124,2,221,72,0,72,293
05/28/2021,AVL,NC,ASO,ES,Combined TRACON& Tower with Radar,57,38,77,12,184,0,1,14,6,21,57,39,91,18,205,9,13,22,227
05/29/2021,AVL,NC,ASO,ES,Combined TRACON& Tower with Radar,49,29,60,0,138,0,2,20,0,22,49,31,80,0,160,31,0,31,191
05/30/2021,AVL,NC,ASO,ES,Combined TRACON& Tower with Radar,57,26,55,0,138,0,1,28,0,29,57,27,83,0,167,24,0,24,191
05/31/2021,AVL,NC,ASO,ES,Combined TRACON& Tower with Radar,55,38,69,0,162,0,2,68,0,70,55,40,137,0,232,69,0,69,301
06/01/2021,AVL,NC,ASO,ES,Combined TRACON& Tower with Radar,34,25,63,5,127,0,1,81,0,82,34,26,144,5,209,138,4,142,351
06/02/2021,AVL,NC,ASO,ES,Combined TRACON& Tower with Radar,41,27,47,17,132,0,2,28,0,30,41,29,75,17,162,92,8,100,262
06/03/2021,AVL,NC,ASO,ES,Combined TRACON& Tower with Radar,52,40,58,10,160,0,0,12,0,12,52,40,70,10,172,14,5,19,191
06/04/2021,AVL,NC,ASO,ES,Combined TRACON& Tower with Radar,48,45,74,31,198,0,0,33,4,37,48,45,107,35,235,66,10,76,311
06/05/2021,AVL,NC,ASO,ES,Combined TRACON& Tower with Radar,40,41,37,22,140,0,1,60,3,64,40,42,97,25,204,86,12,98,302
06/06/2021,AVL,NC,ASO,ES,Combined TRACON& Tower with Radar,50,45,97,13,205,0,2,27,0,29,50,47,124,13,234,24,0,24,258
06/07/2021,AVL,NC,ASO,ES,Combined TRACON& Tower with Radar,44,48,67,4,163,0,0,12,0,12,44,48,79,4,175,36,0,36,211
06/08/2021,AVL,NC,ASO,ES,Combined TRACON& Tower with Radar,29,36,50,12,127,0,0,12,0,12,29,36,62,12,139,18,0,18,157
06/09/2021,AVL,NC,ASO,ES,Combined TRACON& Tower with Radar,37,49,52,4,142,0,0,22,0,22,37,49,74,4,164,12,0,12,176
06/10/2021,AVL,NC,ASO,ES,Combined TRACON& Tower with Radar,53,34,61,15,163,0,0,11,0,11,53,34,72,15,174,38,6,44,218
06/11/2021,AVL,NC,ASO,ES,Combined TRACON& Tower with Radar,44,42,53,2,141,0,1,7,0,8,44,43,60,2,149,13,0,13,162
06/12/2021,AVL,NC,ASO,ES,Combined TRACON& Tower with Radar,42,49,37,2,130,0,0,2,0,2,42,49,39,2,132,0,0,0,132
06/13/2021,AVL,NC,ASO,ES,Combined TRACON& Tower with Radar,50,53,86,0,189,0,2,42,0,44,50,55,128,0,233,28,0,28,261
06/14/2021,AVL,NC,ASO,ES,Combined TRACON& Tower with Radar,47,41,65,4,157,0,7,72,0,79,47,48,137,4,236,83,0,83,319
06/15/2021,AVL,NC,ASO,ES,Combined TRACON& Tower with Radar,32,41,39,14,126,0,0,52,6,58,32,41,91,20,184,53,10,63,247
06/16/2021,AVL,NC,ASO,ES,Combined TRACON& Tower with Radar,36,52,75,33,196,0,5,78,1,84,36,57,153,34,280,112,23,135,415
06/17/2021,AVL,NC,ASO,ES,Combined TRACON& Tower with Radar,54,46,64,8,172,0,0,91,0,91,54,46,155,8,263,34,4,38,301
06/18/2021,AVL,NC,ASO,ES,Combined TRACON& Tower with Radar,46,44,81,3,174,0,0,90,2,92,46,44,171,5,266,41,0,41,307
06/19/2021,AVL,NC,ASO,ES,Combined TRACON& Tower with Radar,43,46,65,2,156,0,3,55,0,58,43,49,120,2,214,59,5,64,278
06/20/2021,AVL,NC,ASO,ES,Combined TRACON& Tower with Radar,49,62,59,0,170,0,0,4,0,4,49,62,63,0,174,21,0,21,195
06/21/2021,AVL,NC,ASO,ES,Combined TRACON& Tower with Radar,42,41,61,6,150,0,0,39,2,41,42,41,100,8,191,41,6,47,238
06/22/2021,AVL,NC,ASO,ES,Combined TRACON& Tower with Radar,39,56,52,8,155,0,0,15,0,15,39,56,67,8,170,19,0,19,189
06/23/2021,AVL,NC,ASO,ES,Combined TRACON& Tower with Radar,40,47,71,7,165,0,0,38,2,40,40,47,109,9,205,91,0,91,296
06/24/2021,AVL,NC,ASO,ES,Combined TRACON& Tower with Radar,51,50,95,16,212,0,0,32,4,36,51,50,127,20,248,32,4,36,284
06/25/2021,AVL,NC,ASO,ES,Combined TRACON& Tower with Radar,44,63,119,16,242,0,0,71,1,72,44,63,190,17,314,62,18,80,394
06/26/2021,AVL,NC,ASO,ES,Combined TRACON& Tower with Radar,38,54,65,4,161,0,0,58,0,58,38,54,123,4,219,62,0,62,281
06/27/2021,AVL,NC,ASO,ES,Combined TRACON& Tower with Radar,59,69,101,3,232,0,2,16,0,18,59,71,117,3,250,19,0,19,269
06/28/2021,AVL,NC,ASO,ES,Combined TRACON& Tower with Radar,50,52,54,1,157,0,0,54,5,59,50,52,108,6,216,43,0,43,259
06/29/2021,AVL,NC,ASO,ES,Combined TRACON& Tower with Radar,33,49,49,5,136,0,2,2,0,4,33,51,51,5,140,0,0,0,140
06/30/2021,AVL,NC,ASO,ES,Combined TRACON& Tower with Radar,37,60,78,3,178,0,3,53,1,57,37,63,131,4,235,60,0,60,295
07/01/2021,AVL,NC,ASO,ES,Combined TRACON& Tower with Radar,56,60,63,2,181,0,0,31,2,33,56,60,94,4,214,0,6,6,220
07/02/2021,AVL,NC,ASO,ES,Combined TRACON& Tower with Radar,48,67,64,0,179,0,1,8,0,9,48,68,72,0,188,0,0,0,188
07/03/2021,AVL,NC,ASO,ES,Combined TRACON& Tower with Radar,37,55,55,0,147,0,2,77,0,79,37,57,132,0,226,18,0,18,244
07/04/2021,AVL,NC,ASO,ES,Combined TRACON& Tower with Radar,54,50,32,0,136,0,1,46,0,47,54,51,78,0,183,13,0,13,196
07/05/2021,AVL,NC,ASO,ES,Combined TRACON& Tower with Radar,48,44,89,4,185,0,1,79,0,80,48,45,168,4,265,47,0,47,312
07/06/2021,AVL,NC,ASO,ES,Combined TRACON& Tower with Radar,33,42,65,0,140,0,0,90,0,90,33,42,155,0,230,63,0,63,293
07/07/2021,AVL,NC,ASO,ES,Combined TRACON& Tower with Radar,37,42,51,4,134,0,0,32,0,32,37,42,83,4,166,29,2,31,197
07/08/2021,AVL,NC,ASO,ES,Combined TRACON& Tower with Radar,53,48,45,23,169,0,0,20,0,20,53,48,65,23,189,32,0,32,221
07/09/2021,AVL,NC,ASO,ES,Combined TRACON& Tower with Radar,50,56,59,4,169,0,1,31,0,32,50,57,90,4,201,23,0,23,224
07/10/2021,AVL,NC,ASO,ES,Combined TRACON& Tower with Radar,46,53,55,0,154,0,2,50,0,52,46,55,105,0,206,65,0,65,271
07/11/2021,AVL,NC,ASO,ES,Combined TRACON& Tower with Radar,57,81,80,0,218,0,2,15,1,18,57,83,95,1,236,23,0,23,259
07/12/2021,AVL,NC,ASO,ES,Combined TRACON& Tower with Radar,44,41,42,1,128,0,0,14,3,17,44,41,56,4,145,48,0,48,193
07/13/2021,AVL,NC,ASO,ES,Combined TRACON& Tower with Radar,35,50,38,12,135,0,0,18,2,20,35,50,56,14,155,52,2,54,209
07/14/2021,AVL,NC,ASO,ES,Combined TRACON& Tower with Radar,36,50,56,5,147,0,0,24,3,27,36,50,80,8,174,20,8,28,202
07/15/2021,AVL,NC,ASO,ES,Combined TRACON& Tower with Radar,54,61,72,24,211,0,0,44,0,44,54,61,116,24,255,50,0,50,305
07/16/2021,AVL,NC,ASO,ES,Combined TRACON& Tower with Radar,51,69,63,8,191,0,0,62,6,68,51,69,125,14,259,83,6,89,348
07/17/2021,AVL,NC,ASO,ES,Combined TRACON& Tower with Radar,40,47,40,9,136,0,2,29,0,31,40,49,69,9,167,42,0,42,209
07/18/2021,AVL,NC,ASO,ES,Combined TRACON& Tower with Radar,56,59,74,0,189,0,0,8,0,8,56,59,82,0,197,0,0,0,197
07/19/2021,AVL,NC,ASO,ES,Combined TRACON& Tower with Radar,48,51,52,2,153,0,0,6,0,6,48,51,58,2,159,6,2,8,167
07/20/2021,AVL,NC,ASO,ES,Combined TRACON& Tower with Radar,30,54,39,18,141,0,2,12,5,19,30,56,51,23,160,43,8,51,211
07/21/2021,AVL,NC,ASO,ES,Combined TRACON& Tower with Radar,34,47,53,54,188,0,6,53,8,67,34,53,106,62,255,41,16,57,312
07/22/2021,AVL,NC,ASO,ES,Combined TRACON& Tower with Radar,57,52,68,1,178,0,1,35,1,37,57,53,103,2,215,54,0,54,269
07/23/2021,AVL,NC,ASO,ES,Combined TRACON& Tower with Radar,52,57,84,16,209,0,4,29,0,33,52,61,113,16,242,39,0,39,281
07/24/2021,AVL,NC,ASO,ES,Combined TRACON& Tower with Radar,39,52,59,7,157,0,0,24,0,24,39,52,83,7,181,45,0,45,226
07/25/2021,AVL,NC,ASO,ES,Combined TRACON& Tower with Radar,59,62,100,1,222,0,1,28,0,29,59,63,128,1,251,60,0,60,311
07/26/2021,AVL,NC,ASO,ES,Combined TRACON& Tower with Radar,50,45,41,4,140,0,2,23,0,25,50,47,64,4,165,35,0,35,200
07/27/2021,AVL,NC,ASO,ES,Combined TRACON& Tower with Radar,30,42,69,18,159,0,0,23,10,33,30,42,92,28,192,10,10,20,212
07/28/2021,AVL,NC,ASO,ES,Combined TRACON& Tower with Radar,37,51,60,33,181,0,0,58,2,60,37,51,118,35,241,85,0,85,326
07/29/2021,AVL,NC,ASO,ES,Combined TRACON& Tower with Radar,57,56,76,2,191,0,7,63,2,72,57,63,139,4,263,55,0,55,318
07/30/2021,AVL,NC,ASO,ES,Combined TRACON& Tower with Radar,52,45,84,11,192,0,2,42,0,44,52,47,126,11,236,4,0,4,240
07/31/2021,AVL,NC,ASO,ES,Combined TRACON& Tower with Radar,45,49,61,6,161,0,0,55,6,61,45,49,116,12,222,90,2,92,314
08/01/2021,AVL,NC,ASO,ES,Combined TRACON& Tower with Radar,57,48,74,2,181,0,0,15,1,16,57,48,89,3,197,12,0,12,209
08/02/2021,AVL,NC,ASO,ES,Combined TRACON& Tower with Radar,53,58,75,15,201,0,3,57,3,63,53,61,132,18,264,29,6,35,299
08/03/2021,AVL,NC,ASO,ES,Combined TRACON& Tower with Radar,37,48,56,1,142,0,1,1,0,2,37,49,57,1,144,0,0,0,144
08/04/2021,AVL,NC,ASO,ES,Combined TRACON& Tower with Radar,41,43,77,15,176,0,14,24,2,40,41,57,101,17,216,54,18,72,288
08/05/2021,AVL,NC,ASO,ES,Combined TRACON& Tower with Radar,53,47,75,11,186,0,5,72,4,81,53,52,147,15,267,95,2,97,364
08/06/2021,AVL,NC,ASO,ES,Combined TRACON& Tower with Radar,51,53,60,14,178,0,0,56,4,60,51,53,116,18,238,58,0,58,296
08/07/2021,AVL,NC,ASO,ES,Combined TRACON& Tower with Radar,43,44,47,11,145,0,2,27,0,29,43,46,74,11,174,36,0,36,210
08/08/2021,AVL,NC,ASO,ES,Combined TRACON& Tower with Radar,44,65,79,3,191,0,3,52,0,55,44,68,131,3,246,48,0,48,294
08/09/2021,AVL,NC,ASO,ES,Combined TRACON& Tower with Radar,50,47,56,6,159,0,1,28,3,32,50,48,84,9,191,37,6,43,234
08/10/2021,AVL,NC,ASO,ES,Combined TRACON& Tower with Radar,29,43,50,10,132,0,0,25,2,27,29,43,75,12,159,57,0,57,216
08/11/2021,AVL,NC,ASO,ES,Combined TRACON& Tower with Radar,41,48,57,5,151,0,2,32,1,35,41,50,89,6,186,63,0,63,249
08/12/2021,AVL,NC,ASO,ES,Combined TRACON& Tower with Radar,48,70,75,7,200,0,0,63,3,66,48,70,138,10,266,84,0,84,350
08/13/2021,AVL,NC,ASO,ES,Combined TRACON& Tower with Radar,50,47,64,25,186,0,1,56,3,60,50,48,120,28,246,42,6,48,294
08/14/2021,AVL,NC,ASO,ES,Combined TRACON& Tower with Radar,38,43,34,0,115,0,2,26,0,28,38,45,60,0,143,86,0,86,229
08/15/2021,AVL,NC,ASO,ES,Combined TRACON& Tower with Radar,46,59,59,8,172,0,0,17,0,17,46,59,76,8,189,4,0,4,193
08/16/2021,AVL,NC,ASO,ES,Combined TRACON& Tower with Radar,49,40,55,0,144,0,0,1,0,1,49,40,56,0,145,0,0,0,145
08/17/2021,AVL,NC,ASO,ES,Combined TRACON& Tower with Radar,27,32,19,0,78,0,0,0,0,0,27,32,19,0,78,0,0,0,78
08/18/2021,AVL,NC,ASO,ES,Combined TRACON& Tower with Radar,33,52,76,4,165,0,2,47,5,54,33,54,123,9,219,79,5,84,303
08/19/2021,AVL,NC,ASO,ES,Combined TRACON& Tower with Radar,51,37,61,13,162,0,1,43,3,47,51,38,104,16,209,97,1,98,307
08/20/2021,AVL,NC,ASO,ES,Combined TRACON& Tower with Radar,47,48,60,9,164,0,1,31,3,35,47,49,91,12,199,74,2,76,275
08/21/2021,AVL,NC,ASO,ES,Combined TRACON& Tower with Radar,39,38,57,18,152,0,1,35,0,36,39,39,92,18,188,14,6,20,208
08/22/2021,AVL,NC,ASO,ES,Combined TRACON& Tower with Radar,51,35,60,7,153,0,0,40,0,40,51,35,100,7,193,68,0,68,261
08/23/2021,AVL,NC,ASO,ES,Combined TRACON& Tower with Radar,47,44,69,5,165,0,3,66,1,70,47,47,135,6,235,75,0,75,310
08/24/2021,AVL,NC,ASO,ES,Combined TRACON& Tower with Radar,31,50,38,19,138,0,1,50,0,51,31,51,88,19,189,12,0,12,201
08/25/2021,AVL,NC,ASO,ES,Combined TRACON& Tower with Radar,38,39,68,20,165,0,1,34,0,35,38,40,102,20,200,98,0,98,298
08/26/2021,AVL,NC,ASO,ES,Combined TRACON& Tower with Radar,55,52,47,15,169,0,0,30,0,30,55,52,77,15,199,75,0,75,274
08/27/2021,AVL,NC,ASO,ES,Combined TRACON& Tower with Radar,53,40,78,19,190,0,0,17,1,18,53,40,95,20,208,2,0,2,210
08/28/2021,AVL,NC,ASO,ES,Combined TRACON& Tower with Radar,42,32,53,13,140,0,4,72,6,82,42,36,125,19,222,96,16,112,334
08/29/2021,AVL,NC,ASO,ES,Combined TRACON& Tower with Radar,52,51,64,4,171,0,2,57,5,64,52,53,121,9,235,53,10,63,298
08/30/2021,AVL,NC,ASO,ES,Combined TRACON& Tower with Radar,47,44,48,8,147,0,2,62,1,65,47,46,110,9,212,54,0,54,266
08/31/2021,AVL,NC,ASO,ES,Combined TRACON& Tower with Radar,32,31,29,2,94,0,0,6,0,6,32,31,35,2,100,0,0,0,100
09/01/2021,AVL,NC,ASO,ES,Combined TRACON& Tower with Radar,38,32,37,2,109,0,1,4,0,5,38,33,41,2,114,8,0,8,122
09/02/2021,AVL,NC,ASO,ES,Combined TRACON& Tower with Radar,54,32,46,9,141,0,2,78,2,82,54,34,124,11,223,72,0,72,295
09/03/2021,AVL,NC,ASO,ES,Combined TRACON& Tower with Radar,53,56,73,2,184,0,1,75,0,76,53,57,148,2,260,74,0,74,334
09/04/2021,AVL,NC,ASO,ES,Combined TRACON& Tower with Radar,37,30,53,0,120,0,0,49,1,50,37,30,102,1,170,34,0,34,204
09/05/2021,AVL,NC,ASO,ES,Combined TRACON& Tower with Radar,47,38,38,12,135,0,0,41,0,41,47,38,79,12,176,21,8,29,205
09/06/2021,AVL,NC,ASO,ES,Combined TRACON& Tower with Radar,49,53,82,0,184,0,2,38,1,41,49,55,120,1,225,47,0,47,272
09/07/2021,AVL,NC,ASO,ES,Combined TRACON& Tower with Radar,32,41,58,23,154,0,2,27,1,30,32,43,85,24,184,67,17,84,268
09/08/2021,AVL,NC,ASO,ES,Combined TRACON& Tower with Radar,29,32,45,8,114,0,0,6,3,9,29,32,51,11,123,33,0,33,156
09/09/2021,AVL,NC,ASO,ES,Combined TRACON& Tower with Radar,45,50,79,2,176,0,2,59,0,61,45,52,138,2,237,19,0,19,256
09/10/2021,AVL,NC,ASO,ES,Combined TRACON& Tower with Radar,37,59,49,7,152,0,0,61,4,65,37,59,110,11,217,58,0,58,275
09/11/2021,AVL,NC,ASO,ES,Combined TRACON& Tower with Radar,32,38,49,6,125,0,1,76,3,80,32,39,125,9,205,92,0,92,297
09/12/2021,AVL,NC,ASO,ES,Combined TRACON& Tower with Radar,47,60,67,5,179,0,0,75,4,79,47,60,142,9,258,40,0,40,298
09/13/2021,AVL,NC,ASO,ES,Combined TRACON& Tower with Radar,39,46,43,2,130,0,3,36,2,41,39,49,79,4,171,71,0,71,242
09/14/2021,AVL,NC,ASO,ES,Combined TRACON& Tower with Radar,28,39,41,18,126,0,7,40,1,48,28,46,81,19,174,98,2,100,274
09/15/2021,AVL,NC,ASO,ES,Combined TRACON& Tower with Radar,30,34,56,6,126,0,0,30,2,32,30,34,86,8,158,147,12,159,317
09/16/2021,AVL,NC,ASO,ES,Combined TRACON& Tower with Radar,45,40,59,0,144,0,0,6,0,6,45,40,65,0,150,10,0,10,160
09/17/2021,AVL,NC,ASO,ES,Combined TRACON& Tower with Radar,44,40,65,14,163,0,4,7,6,17,44,44,72,20,180,10,0,10,190
09/18/2021,AVL,NC,ASO,ES,Combined TRACON& Tower with Radar,32,39,45,0,116,0,0,17,0,17,32,39,62,0,133,20,0,20,153
09/19/2021,AVL,NC,ASO,ES,Combined TRACON& Tower with Radar,46,44,56,4,150,0,0,13,4,17,46,44,69,8,167,14,0,14,181
09/20/2021,AVL,NC,ASO,ES,Combined TRACON& Tower with Radar,40,44,47,2,133,0,0,5,0,5,40,44,52,2,138,0,0,0,138
09/21/2021,AVL,NC,ASO,ES,Combined TRACON& Tower with Radar,26,35,29,0,90,0,0,0,0,0,26,35,29,0,90,0,0,0,90
09/22/2021,AVL,NC,ASO,ES,Combined TRACON& Tower with Radar,33,57,31,8,129,0,0,4,0,4,33,57,35,8,133,10,4,14,147
09/23/2021,AVL,NC,ASO,ES,Combined TRACON& Tower with Radar,43,53,79,8,183,0,4,63,4,71,43,57,142,12,254,36,0,36,290
09/24/2021,AVL,NC,ASO,ES,Combined TRACON& Tower with Radar,39,46,62,22,169,0,0,90,1,91,39,46,152,23,260,79,0,79,339
09/25/2021,AVL,NC,ASO,ES,Combined TRACON& Tower with Radar,28,41,31,2,102,0,0,96,1,97,28,41,127,3,199,52,0,52,251
09/26/2021,AVL,NC,ASO,ES,Combined TRACON& Tower with Radar,43,53,77,4,177,0,0,63,0,63,43,53,140,4,240,80,0,80,320
09/27/2021,AVL,NC,ASO,ES,Combined TRACON& Tower with Radar,38,38,57,11,144,0,1,62,3,66,38,39,119,14,210,94,8,102,312
09/28/2021,AVL,NC,ASO,ES,Combined TRACON& Tower with Radar,22,39,52,28,141,0,1,57,2,60,22,40,109,30,201,25,0,25,226
09/29/2021,AVL,NC,ASO,ES,Combined TRACON& Tower with Radar,30,42,38,16,126,0,2,54,0,56,30,44,92,16,182,37,4,41,223
09/30/2021,AVL,NC,ASO,ES,Combined TRACON& Tower with Radar,48,48,63,13,172,0,5,55,2,62,48,53,118,15,234,100,0,100,334
10/01/2021,AVL,NC,ASO,ES,Combined TRACON& Tower with Radar,40,65,75,30,210,0,0,48,7,55,40,65,123,37,265,30,12,42,307
10/02/2021,AVL,NC,ASO,ES,Combined TRACON& Tower with Radar,34,48,61,15,158,0,4,20,0,24,34,52,81,15,182,2,0,2,184
10/03/2021,AVL,NC,ASO,ES,Combined TRACON& Tower with Radar,48,77,80,0,205,0,0,11,5,16,48,77,91,5,221,9,0,9,230
10/04/2021,AVL,NC,ASO,ES,Combined TRACON& Tower with Radar,38,50,36,4,128,0,0,2,0,2,38,50,38,4,130,0,0,0,130
10/05/2021,AVL,NC,ASO,ES,Combined TRACON& Tower with Radar,29,42,34,16,121,0,0,3,0,3,29,42,37,16,124,0,0,0,124
10/06/2021,AVL,NC,ASO,ES,Combined TRACON& Tower with Radar,38,45,38,2,123,0,0,1,0,1,38,45,39,2,124,0,0,0,124
10/07/2021,AVL,NC,ASO,ES,Combined TRACON& Tower with Radar,55,61,55,0,171,0,0,2,0,2,55,61,57,0,173,7,0,7,180
10/08/2021,AVL,NC,ASO,ES,Combined TRACON& Tower with Radar,42,45,54,0,141,0,2,1,0,3,42,47,55,0,144,6,0,6,150
10/09/2021,AVL,NC,ASO,ES,Combined TRACON& Tower with Radar,35,57,43,0,135,0,1,33,0,34,35,58,76,0,169,22,0,22,191
10/10/2021,AVL,NC,ASO,ES,Combined TRACON& Tower with Radar,56,58,81,0,195,0,3,76,0,79,56,61,157,0,274,8,0,8,282
10/11/2021,AVL,NC,ASO,ES,Combined TRACON& Tower with Radar,42,43,77,0,162,0,0,65,0,65,42,43,142,0,227,38,0,38,265
10/12/2021,AVL,NC,ASO,ES,Combined TRACON& Tower with Radar,32,43,60,20,155,0,2,38,1,41,32,45,98,21,196,40,0,40,236
10/13/2021,AVL,NC,ASO,ES,Combined TRACON& Tower with Radar,39,46,62,21,168,0,2,45,8,55,39,48,107,29,223,31,20,51,274
10/14/2021,AVL,NC,ASO,ES,Combined TRACON& Tower with Radar,53,47,80,10,190,0,2,64,1,67,53,49,144,11,257,20,0,20,277
10/15/2021,AVL,NC,ASO,ES,Combined TRACON& Tower with Radar,48,62,82,5,197,0,0,43,7,50,48,62,125,12,247,60,14,74,321
10/16/2021,AVL,NC,ASO,ES,Combined TRACON& Tower with Radar,37,39,30,0,106,0,0,17,0,17,37,39,47,0,123,0,0,0,123
10/17/2021,AVL,NC,ASO,ES,Combined TRACON& Tower with Radar,19,81,60,3,163,0,17,63,2,82,19,98,123,5,245,6,0,6,251
10/18/2021,AVL,NC,ASO,ES,Combined TRACON& Tower with Radar,46,43,56,14,159,0,4,62,3,69,46,47,118,17,228,28,2,30,258
10/19/2021,AVL,NC,ASO,ES,Combined TRACON& Tower with Radar,31,49,37,10,127,0,0,66,1,67,31,49,103,11,194,28,0,28,222
10/20/2021,AVL,NC,ASO,ES,Combined TRACON& Tower with Radar,37,41,48,17,143,0,0,78,3,81,37,41,126,20,224,76,0,76,300
10/21/2021,AVL,NC,ASO,ES,Combined TRACON& Tower with Radar,56,59,78,10,203,0,2,45,0,47,56,61,123,10,250,4,0,4,254
10/22/2021,AVL,NC,ASO,ES,Combined TRACON& Tower with Radar,45,54,69,11,179,0,0,69,2,71,45,54,138,13,250,37,0,37,287
10/23/2021,AVL,NC,ASO,ES,Combined TRACON& Tower with Radar,35,49,41,0,125,0,0,70,0,70,35,49,111,0,195,14,0,14,209
10/24/2021,AVL,NC,ASO,ES,Combined TRACON& Tower with Radar,56,56,82,4,198,0,2,79,2,83,56,58,161,6,281,55,0,55,336
10/25/2021,AVL,NC,ASO,ES,Combined TRACON& Tower with Radar,41,58,56,23,178,0,2,24,0,26,41,60,80,23,204,12,0,12,216
10/26/2021,AVL,NC,ASO,ES,Combined TRACON& Tower with Radar,33,40,50,12,135,0,1,15,7,23,33,41,65,19,158,0,8,8,166
10/27/2021,AVL,NC,ASO,ES,Combined TRACON& Tower with Radar,35,55,59,36,185,0,2,83,9,94,35,57,142,45,279,77,22,99,378
10/28/2021,AVL,NC,ASO,ES,Combined TRACON& Tower with Radar,52,37,50,0,139,0,0,8,1,9,52,37,58,1,148,8,0,8,156
10/29/2021,AVL,NC,ASO,ES,Combined TRACON& Tower with Radar,44,46,47,4,141,0,0,0,0,0,44,46,47,4,141,2,0,2,143
10/30/2021,AVL,NC,ASO,ES,Combined TRACON& Tower with Radar,32,36,47,0,115,0,0,1,0,1,32,36,48,0,116,0,0,0,116
10/31/2021,AVL,NC,ASO,ES,Combined TRACON& Tower with Radar,52,31,59,0,142,0,0,19,0,19,52,31,78,0,161,8,0,8,169
11/01/2021,AVL,NC,ASO,ES,Combined TRACON& Tower with Radar,40,35,52,28,155,0,7,62,10,79,40,42,114,38,234,25,28,53,287
11/02/2021,AVL,NC,ASO,ES,Combined TRACON& Tower with Radar,24,25,57,42,148,0,1,54,4,59,24,26,111,46,207,42,10,52,259
11/03/2021,AVL,NC,ASO,ES,Combined TRACON& Tower with Radar,29,25,62,14,130,0,0,4,1,5,29,25,66,15,135,38,0,38,173
11/04/2021,AVL,NC,ASO,ES,Combined TRACON& Tower with Radar,44,23,55,0,122,0,0,0,0,0,44,23,55,0,122,0,0,0,122
11/05/2021,AVL,NC,ASO,ES,Combined TRACON& Tower with Radar,41,29,54,46,170,0,0,55,3,58,41,29,109,49,228,32,12,44,272
11/06/2021,AVL,NC,ASO,ES,Combined TRACON& Tower with Radar,26,28,38,9,101,0,0,52,2,54,26,28,90,11,155,54,16,70,225
11/07/2021,AVL,NC,ASO,ES,Combined TRACON& Tower with Radar,46,32,46,9,133,0,1,56,0,57,46,33,102,9,190,32,0,32,222
11/08/2021,AVL,NC,ASO,ES,Combined TRACON& Tower with Radar,40,26,45,15,126,0,0,78,3,81,40,26,123,18,207,24,12,36,243
11/09/2021,AVL,NC,ASO,ES,Combined TRACON& Tower with Radar,22,26,38,6,92,0,2,62,6,70,22,28,100,12,162,46,2,48,210
11/10/2021,AVL,NC,ASO,ES,Combined TRACON& Tower with Radar,28,27,49,21,125,0,0,76,5,81,28,27,125,26,206,39,0,39,245
11/11/2021,AVL,NC,ASO,ES,Combined TRACON& Tower with Radar,45,28,58,2,133,0,0,7,0,7,45,28,65,2,140,12,0,12,152
11/12/2021,AVL,NC,ASO,ES,Combined TRACON& Tower with Radar,44,30,49,3,126,0,0,61,4,65,44,30,110,7,191,86,0,86,277
11/13/2021,AVL,NC,ASO,ES,Combined TRACON& Tower with Radar,26,19,21,10,76,0,2,45,0,47,26,21,66,10,123,42,0,42,165
11/14/2021,AVL,NC,ASO,ES,Combined TRACON& Tower with Radar,42,30,67,0,139,0,0,68,0,68,42,30,135,0,207,55,0,55,262
11/15/2021,AVL,NC,ASO,ES,Combined TRACON& Tower with Radar,40,21,34,10,105,0,2,60,6,68,40,23,94,16,173,86,12,98,271
11/16/2021,AVL,NC,ASO,ES,Combined TRACON& Tower with Radar,26,20,32,13,91,0,1,55,2,58,26,21,87,15,149,92,13,105,254
11/17/2021,AVL,NC,ASO,ES,Combined TRACON& Tower with Radar,29,33,48,7,117,0,0,57,0,57,29,33,105,7,174,38,0,38,212
11/18/2021,AVL,NC,ASO,ES,Combined TRACON& Tower with Radar,44,31,44,11,130,0,0,31,1,32,44,31,75,12,162,29,6,35,197
11/19/2021,AVL,NC,ASO,ES,Combined TRACON& Tower with Radar,39,42,54,3,138,0,2,36,0,38,39,44,90,3,176,8,2,10,186
11/20/2021,AVL,NC,ASO,ES,Combined TRACON& Tower with Radar,28,36,69,3,136,0,1,72,5,78,28,37,141,8,214,64,8,72,286
11/21/2021,AVL,NC,ASO,ES,Combined TRACON& Tower with Radar,39,44,44,3,130,0,0,26,1,27,39,44,70,4,157,49,0,49,206
11/22/2021,AVL,NC,ASO,ES,Combined TRACON& Tower with Radar,36,32,26,8,102,0,0,8,4,12,36,32,34,12,114,6,8,14,128
11/23/2021,AVL,NC,ASO,ES,Combined TRACON& Tower with Radar,41,40,42,13,136,0,0,44,1,45,41,40,86,14,181,79,6,85,266
11/24/2021,AVL,NC,ASO,ES,Combined TRACON& Tower with Radar,37,31,83,10,161,0,1,58,0,59,37,32,141,10,220,38,2,40,260
11/25/2021,AVL,NC,ASO,ES,Combined TRACON& Tower with Radar,21,13,16,0,50,0,0,13,0,13,21,13,29,0,63,0,0,0,63
11/26/2021,AVL,NC,ASO,ES,Combined TRACON& Tower with Radar,26,24,37,1,88,0,7,12,0,19,26,31,49,1,107,0,0,0,107
11/27/2021,AVL,NC,ASO,ES,Combined TRACON& Tower with Radar,46,29,36,1,112,0,0,65,1,66,46,29,101,2,178,58,0,58,236
11/28/2021,AVL,NC,ASO,ES,Combined TRACON& Tower with Radar,40,47,65,0,152,0,4,72,0,76,40,51,137,0,228,42,0,42,270
11/29/2021,AVL,NC,ASO,ES,Combined TRACON& Tower with Radar,37,43,39,4,123,0,2,47,0,49,37,45,86,4,172,8,0,8,180
11/30/2021,AVL,NC,ASO,ES,Combined TRACON& Tower with Radar,24,25,49,6,104,0,4,57,2,63,24,29,106,8,167,38,8,46,213
12/01/2021,AVL,NC,ASO,ES,Combined TRACON& Tower with Radar,31,20,37,18,106,0,2,64,3,69,31,22,101,21,175,72,0,72,247
12/02/2021,AVL,NC,ASO,ES,Combined TRACON& Tower with Radar,46,21,47,19,133,0,2,65,6,73,46,23,112,25,206,54,0,54,260
12/03/2021,AVL,NC,ASO,ES,Combined TRACON& Tower with Radar,38,19,46,25,128,0,3,62,0,65,38,22,108,25,193,14,0,14,207
12/04/2021,AVL,NC,ASO,ES,Combined TRACON& Tower with Radar,27,17,42,32,118,0,1,48,13,62,27,18,90,45,180,47,22,69,249
12/05/2021,AVL,NC,ASO,ES,Combined TRACON& Tower with Radar,46,34,64,8,152,0,0,23,0,23,46,34,87,8,175,117,0,117,292
12/06/2021,AVL,NC,ASO,ES,Combined TRACON& Tower with Radar,36,24,29,0,89,0,0,5,0,5,36,24,34,0,94,0,0,0,94
12/07/2021,AVL,NC,ASO,ES,Combined TRACON& Tower with Radar,22,26,30,5,83,0,3,37,7,47,22,29,67,12,130,49,8,57,187
12/08/2021,AVL,NC,ASO,ES,Combined TRACON& Tower with Radar,21,20,30,2,73,0,0,41,0,41,21,20,71,2,114,58,0,58,172
12/09/2021,AVL,NC,ASO,ES,Combined TRACON& Tower with Radar,46,26,37,38,147,0,0,48,6,54,46,26,85,44,201,96,24,120,321
12/10/2021,AVL,NC,ASO,ES,Combined TRACON& Tower with Radar,37,29,46,7,119,0,1,1,0,2,37,30,47,7,121,4,0,4,125
12/11/2021,AVL,NC,ASO,ES,Combined TRACON& Tower with Radar,26,18,13,0,57,0,2,1,0,3,26,20,14,0,60,0,0,0,60
12/12/2021,AVL,NC,ASO,ES,Combined TRACON& Tower with Radar,44,20,37,3,104,0,3,45,0,48,44,23,82,3,152,4,0,4,156
12/13/2021,AVL,NC,ASO,ES,Combined TRACON& Tower with Radar,37,26,45,4,112,0,0,74,0,74,37,26,119,4,186,60,0,60,246
12/14/2021,AVL,NC,ASO,ES,Combined TRACON& Tower with Radar,27,26,43,4,100,0,0,77,3,80,27,26,120,7,180,59,1,60,240
12/15/2021,AVL,NC,ASO,ES,Combined TRACON& Tower with Radar,23,30,50,8,111,0,0,45,5,50,23,30,95,13,161,8,0,8,169
12/16/2021,AVL,NC,ASO,ES,Combined TRACON& Tower with Radar,45,29,37,41,152,0,0,57,2,59,45,29,94,43,211,18,12,30,241
12/17/2021,AVL,NC,ASO,ES,Combined TRACON& Tower with Radar,39,35,66,1,141,0,0,32,0,32,39,35,98,1,173,54,0,54,227
12/18/2021,AVL,NC,ASO,ES,Combined TRACON& Tower with Radar,30,21,31,0,82,0,0,0,0,0,30,21,31,0,82,4,0,4,86
12/19/2021,AVL,NC,ASO,ES,Combined TRACON& Tower with Radar,39,35,30,0,104,0,1,7,0,8,39,36,37,0,112,4,0,4,116
12/20/2021,AVL,NC,ASO,ES,Combined TRACON& Tower with Radar,44,25,42,33,144,0,0,80,3,83,44,25,122,36,227,31,14,45,272
12/21/2021,AVL,NC,ASO,ES,Combined TRACON& Tower with Radar,32,19,29,9,89,0,0,44,29,73,32,19,73,38,162,42,62,104,266
12/22/2021,AVL,NC,ASO,ES,Combined TRACON& Tower with Radar,41,24,34,8,107,0,0,19,6,25,41,24,53,14,132,0,2,2,134
12/23/2021,AVL,NC,ASO,ES,Combined TRACON& Tower with Radar,37,30,36,0,103,0,0,78,0,78,37,30,114,0,181,44,0,44,225
12/24/2021,AVL,NC,ASO,ES,Combined TRACON& Tower with Radar,38,18,16,0,72,0,2,21,0,23,38,20,37,0,95,6,0,6,101
12/25/2021,AVL,NC,ASO,ES,Combined TRACON& Tower with Radar,22,20,9,0,51,0,0,6,0,6,22,20,15,0,57,0,0,0,57
12/26/2021,AVL,NC,ASO,ES,Combined TRACON& Tower with Radar,40,18,30,0,88,0,2,41,0,43,40,20,71,0,131,0,0,0,131
12/27/2021,AVL,NC,ASO,ES,Combined TRACON& Tower with Radar,40,32,53,5,130,0,0,28,0,28,40,32,81,5,158,48,0,48,206
12/28/2021,AVL,NC,ASO,ES,Combined TRACON& Tower with Radar,35,24,45,1,105,0,1,22,0,23,35,25,67,1,128,29,0,29,157
12/29/2021,AVL,NC,ASO,ES,Combined TRACON& Tower with Radar,32,32,34,6,104,0,0,14,0,14,32,32,48,6,118,48,0,48,166
12/30/2021,AVL,NC,ASO,ES,Combined TRACON& Tower with Radar,40,30,40,0,110,0,0,12,0,12,40,30,52,0,122,22,0,22,144
12/31/2021,AVL,NC,ASO,ES,Combined TRACON& Tower with Radar,33,17,31,0,81,0,0,34,0,34,33,17,65,0,115,60,0,60,175
01/01/2022,AVL,NC,ASO,ES,Combined TRACON& Tower with Radar,23,22,23,0,68,0,0,7,0,7,23,22,30,0,75,8,0,8,83
01/02/2022,AVL,NC,ASO,ES,Combined TRACON& Tower with Radar,37,15,29,0,81,0,3,10,0,13,37,18,39,0,94,2,0,2,96
01/03/2022,AVL,NC,ASO,ES,Combined TRACON& Tower with Radar,30,23,21,0,74,0,2,4,0,6,30,25,25,0,80,0,0,0,80
01/04/2022,AVL,NC,ASO,ES,Combined TRACON& Tower with Radar,30,13,49,11,103,0,2,61,5,68,30,15,110,16,171,44,11,55,226
01/05/2022,AVL,NC,ASO,ES,Combined TRACON& Tower with Radar,28,13,33,10,84,0,1,76,1,78,28,14,109,11,162,72,0,72,234
01/06/2022,AVL,NC,ASO,ES,Combined TRACON& Tower with Radar,41,17,21,2,81,0,0,21,0,21,41,17,42,2,102,14,0,14,116
01/07/2022,AVL,NC,ASO,ES,Combined TRACON& Tower with Radar,35,20,22,29,106,0,2,37,2,41,35,22,59,31,147,50,2,52,199
01/08/2022,AVL,NC,ASO,ES,Combined TRACON& Tower with Radar,27,14,32,19,92,0,6,73,6,85,27,20,105,25,177,59,3,62,239
01/09/2022,AVL,NC,ASO,ES,Combined TRACON& Tower with Radar,35,19,11,1,66,0,0,0,0,0,35,19,11,1,66,0,0,0,66
01/10/2022,AVL,NC,ASO,ES,Combined TRACON& Tower with Radar,33,24,23,2,82,0,3,17,0,20,33,27,40,2,102,0,0,0,102
01/11/2022,AVL,NC,ASO,ES,Combined TRACON& Tower with Radar,21,16,33,29,99,0,0,47,6,53,21,16,80,35,152,136,2,138,290
01/12/2022,AVL,NC,ASO,ES,Combined TRACON& Tower with Radar,25,14,19,5,63,0,0,75,7,82,25,14,94,12,145,145,7,152,297
01/13/2022,AVL,NC,ASO,ES,Combined TRACON& Tower with Radar,43,20,32,33,128,0,1,50,3,54,43,21,82,36,182,102,14,116,298
01/14/2022,AVL,NC,ASO,ES,Combined TRACON& Tower with Radar,37,14,33,6,90,0,0,35,1,36,37,14,68,7,126,50,0,50,176
01/15/2022,AVL,NC,ASO,ES,Combined TRACON& Tower with Radar,29,15,22,0,66,0,4,29,0,33,29,19,51,0,99,31,0,31,130
01/16/2022,AVL,NC,ASO,ES,Combined TRACON& Tower with Radar,0,0,0,0,0,0,0,0,0,0,0,0,0,0,0,0,0,0,0
01/17/2022,AVL,NC,ASO,ES,Combined TRACON& Tower with Radar,13,6,18,0,37,0,1,2,0,3,13,7,20,0,40,0,0,0,40
01/18/2022,AVL,NC,ASO,ES,Combined TRACON& Tower with Radar,23,18,16,17,74,0,1,16,3,20,23,19,32,20,94,6,7,13,107
01/19/2022,AVL,NC,ASO,ES,Combined TRACON& Tower with Radar,25,14,24,7,70,0,2,32,3,37,25,16,56,10,107,34,0,34,141
01/20/2022,AVL,NC,ASO,ES,Combined TRACON& Tower with Radar,42,14,16,0,72,0,0,0,0,0,42,14,16,0,72,0,0,0,72
01/21/2022,AVL,NC,ASO,ES,Combined TRACON& Tower with Radar,37,11,11,4,63,0,0,0,0,0,37,11,11,4,63,0,0,0,63
01/22/2022,AVL,NC,ASO,ES,Combined TRACON& Tower with Radar,25,11,18,1,55,0,4,67,1,72,25,15,85,2,127,50,6,56,183
01/23/2022,AVL,NC,ASO,ES,Combined TRACON& Tower with Radar,40,15,33,4,92,0,3,71,0,74,40,18,104,4,166,40,0,40,206
01/24/2022,AVL,NC,ASO,ES,Combined TRACON& Tower with Radar,35,15,26,10,86,0,0,46,4,50,35,15,72,14,136,48,0,48,184
01/25/2022,AVL,NC,ASO,ES,Combined TRACON& Tower with Radar,23,6,28,14,71,0,0,52,4,56,23,6,80,18,127,85,8,93,220
01/26/2022,AVL,NC,ASO,ES,Combined TRACON& Tower with Radar,24,13,34,31,102,0,0,43,6,49,24,13,77,37,151,12,16,28,179
01/27/2022,AVL,NC,ASO,ES,Combined TRACON& Tower with Radar,44,12,40,30,126,0,0,49,13,62,44,12,89,43,188,68,18,86,274
01/28/2022,AVL,NC,ASO,ES,Combined TRACON& Tower with Radar,37,11,12,0,60,0,2,22,0,24,37,13,34,0,84,70,0,70,154
01/29/2022,AVL,NC,ASO,ES,Combined TRACON& Tower with Radar,27,9,11,2,49,0,2,3,2,7,27,11,14,4,56,0,0,0,56
01/30/2022,AVL,NC,ASO,ES,Combined TRACON& Tower with Radar,43,10,40,2,95,0,0,45,2,47,43,10,85,4,142,26,0,26,168
01/31/2022,AVL,NC,ASO,ES,Combined TRACON& Tower with Radar,36,6,29,5,76,0,0,52,9,61,36,6,81,14,137,33,15,48,185
02/01/2022,AVL,NC,ASO,ES,Combined TRACON& Tower with Radar,27,17,17,27,88,0,6,53,9,68,27,23,70,36,156,76,10,86,242
02/02/2022,AVL,NC,ASO,ES,Combined TRACON& Tower with Radar,26,14,19,1,60,0,1,12,2,15,26,15,31,3,75,52,0,52,127
02/03/2022,AVL,NC,ASO,ES,Combined TRACON& Tower with Radar,38,6,9,0,53,0,0,0,0,0,38,6,9,0,53,0,0,0,53
02/04/2022,AVL,NC,ASO,ES,Combined TRACON& Tower with Radar,35,17,36,0,88,0,1,0,0,1,35,18,36,0,89,0,0,0,89
02/05/2022,AVL,NC,ASO,ES,Combined TRACON& Tower with Radar,27,11,21,0,59,0,3,66,2,71,27,14,87,2,130,58,0,58,188
02/06/2022,AVL,NC,ASO,ES,Combined TRACON& Tower with Radar,42,15,26,0,83,0,2,78,0,80,42,17,104,0,163,93,0,93,256
02/07/2022,AVL,NC,ASO,ES,Combined TRACON& Tower with Radar,36,16,25,4,81,0,2,31,0,33,36,18,56,4,114,42,0,42,156
02/08/2022,AVL,NC,ASO,ES,Combined TRACON& Tower with Radar,23,18,32,9,82,0,2,52,3,57,23,20,84,12,139,44,0,44,183
02/09/2022,AVL,NC,ASO,ES,Combined TRACON& Tower with Radar,25,18,42,24,109,0,0,73,3,76,25,18,115,27,185,68,0,68,253
02/10/2022,AVL,NC,ASO,ES,Combined TRACON& Tower with Radar,43,12,37,17,109,0,0,35,3,38,43,12,72,20,147,30,8,38,185
02/11/2022,AVL,NC,ASO,ES,Combined TRACON& Tower with Radar,36,23,40,8,107,0,7,45,4,56,36,30,85,12,163,10,4,14,177
02/12/2022,AVL,NC,ASO,ES,Combined TRACON& Tower with Radar,29,14,30,6,79,0,1,66,7,74,29,15,96,13,153,90,0,90,243
02/13/2022,AVL,NC,ASO,ES,Combined TRACON& Tower with Radar,41,21,17,0,79,0,0,14,3,17,41,21,31,3,96,25,0,25,121
02/14/2022,AVL,NC,ASO,ES,Combined TRACON& Tower with Radar,37,11,16,6,70,0,1,39,11,51,37,12,55,17,121,85,0,85,206
02/15/2022,AVL,NC,ASO,ES,Combined TRACON& Tower with Radar,25,19,34,17,95,0,3,62,13,78,25,22,96,30,173,97,2,99,272
02/16/2022,AVL,NC,ASO,ES,Combined TRACON& Tower with Radar,30,14,34,10,88,0,1,4,0,5,30,15,38,10,93,36,6,42,135
02/17/2022,AVL,NC,ASO,ES,Combined TRACON& Tower with Radar,44,15,42,4,105,0,0,0,0,0,44,15,42,4,105,0,0,0,105
02/18/2022,AVL,NC,ASO,ES,Combined TRACON& Tower with Radar,35,15,34,9,93,0,0,13,4,17,35,15,47,13,110,0,0,0,110
02/19/2022,AVL,NC,ASO,ES,Combined TRACON& Tower with Radar,33,13,30,3,79,0,0,24,7,31,33,13,54,10,110,40,0,40,150
02/20/2022,AVL,NC,ASO,ES,Combined TRACON& Tower with Radar,40,15,33,6,94,0,2,87,12,101,40,17,120,18,195,53,0,53,248
02/21/2022,AVL,NC,ASO,ES,Combined TRACON& Tower with Radar,44,24,55,1,124,0,1,43,6,50,44,25,98,7,174,37,0,37,211
02/22/2022,AVL,NC,ASO,ES,Combined TRACON& Tower with Radar,25,20,31,6,82,0,0,3,0,3,25,20,34,6,85,0,0,0,85
02/23/2022,AVL,NC,ASO,ES,Combined TRACON& Tower with Radar,26,18,31,9,84,0,0,27,0,27,26,18,58,9,111,109,0,109,220
02/24/2022,AVL,NC,ASO,ES,Combined TRACON& Tower with Radar,43,21,33,0,97,0,2,10,0,12,43,23,43,0,109,0,0,0,109
02/25/2022,AVL,NC,ASO,ES,Combined TRACON& Tower with Radar,36,23,20,0,79,0,0,10,3,13,36,23,30,3,92,18,0,18,110
02/26/2022,AVL,NC,ASO,ES,Combined TRACON& Tower with Radar,30,14,23,3,70,0,0,62,24,86,30,14,85,27,156,32,2,34,190
02/27/2022,AVL,NC,ASO,ES,Combined TRACON& Tower with Radar,41,16,24,0,81,0,0,0,0,0,41,16,24,0,81,0,0,0,81
02/28/2022,AVL,NC,ASO,ES,Combined TRACON& Tower with Radar,44,10,31,0,85,0,5,60,4,69,44,15,91,4,154,35,0,35,189
03/01/2022,AVL,NC,ASO,ES,Combined TRACON& Tower with Radar,26,20,26,25,97,0,5,62,5,72,26,25,88,30,169,78,6,84,253
03/02/2022,AVL,NC,ASO,ES,Combined TRACON& Tower with Radar,30,24,32,18,104,0,2,79,2,83,30,26,111,20,187,32,14,46,233
03/03/2022,AVL,NC,ASO,ES,Combined TRACON& Tower with Radar,41,21,42,11,115,0,3,68,11,82,41,24,110,22,197,86,0,86,283
03/04/2022,AVL,NC,ASO,ES,Combined TRACON& Tower with Radar,45,22,45,42,154,0,5,53,15,73,45,27,98,57,227,14,32,46,273
03/05/2022,AVL,NC,ASO,ES,Combined TRACON& Tower with Radar,34,18,30,0,82,0,3,40,12,55,34,21,70,12,137,28,0,28,165
03/06/2022,AVL,NC,ASO,ES,Combined TRACON& Tower with Radar,43,17,29,4,93,0,0,13,0,13,43,17,42,4,106,38,0,38,144
03/07/2022,AVL,NC,ASO,ES,Combined TRACON& Tower with Radar,50,12,16,0,78,0,1,4,0,5,50,13,20,0,83,0,0,0,83
03/08/2022,AVL,NC,ASO,ES,Combined TRACON& Tower with Radar,24,14,46,3,87,0,0,33,0,33,24,14,79,3,120,23,2,25,145
03/09/2022,AVL,NC,ASO,ES,Combined TRACON& Tower with Radar,29,20,21,3,73,0,0,0,5,5,29,20,21,8,78,0,15,15,93
03/10/2022,AVL,NC,ASO,ES,Combined TRACON& Tower with Radar,47,24,25,10,106,0,0,6,0,6,47,24,31,10,112,27,0,27,139
03/11/2022,AVL,NC,ASO,ES,Combined TRACON& Tower with Radar,42,12,28,14,96,0,1,28,6,35,42,13,56,20,131,26,0,26,157
03/12/2022,AVL,NC,ASO,ES,Combined TRACON& Tower with Radar,22,8,11,0,41,0,1,1,0,2,22,9,12,0,43,0,0,0,43
03/13/2022,AVL,NC,ASO,ES,Combined TRACON& Tower with Radar,44,17,38,2,101,0,1,72,15,88,44,18,110,17,189,51,0,51,240
03/14/2022,AVL,NC,ASO,ES,Combined TRACON& Tower with Radar,48,10,32,12,102,0,1,91,12,104,48,11,123,24,206,46,6,52,258
03/15/2022,AVL,NC,ASO,ES,Combined TRACON& Tower with Radar,29,13,39,0,81,0,0,58,0,58,29,13,97,0,139,100,0,100,239
03/16/2022,AVL,NC,ASO,ES,Combined TRACON& Tower with Radar,33,10,38,2,83,0,0,5,0,5,33,10,43,2,88,12,0,12,100
03/17/2022,AVL,NC,ASO,ES,Combined TRACON& Tower with Radar,42,15,39,13,109,0,3,57,2,62,42,18,96,15,171,70,4,74,245
03/18/2022,AVL,NC,ASO,ES,Combined TRACON& Tower with Radar,39,18,31,3,91,0,0,21,0,21,39,18,52,3,112,49,0,49,161
03/19/2022,AVL,NC,ASO,ES,Combined TRACON& Tower with Radar,34,7,25,12,78,0,0,17,2,19,34,7,42,14,97,0,0,0,97
03/20/2022,AVL,NC,ASO,ES,Combined TRACON& Tower with Radar,44,21,52,0,117,0,0,26,10,36,44,21,78,10,153,0,0,0,153
03/21/2022,AVL,NC,ASO,ES,Combined TRACON& Tower with Radar,46,11,46,4,107,0,0,94,2,96,46,11,140,6,203,116,4,120,323
03/22/2022,AVL,NC,ASO,ES,Combined TRACON& Tower with Radar,29,13,36,6,84,0,1,54,6,61,29,14,90,12,145,42,0,42,187
03/23/2022,AVL,NC,ASO,ES,Combined TRACON& Tower with Radar,29,9,21,0,59,0,0,0,0,0,29,9,21,0,59,20,0,20,79
03/24/2022,AVL,NC,ASO,ES,Combined TRACON& Tower with Radar,44,19,49,16,128,0,0,45,4,49,44,19,94,20,177,90,0,90,267
03/25/2022,AVL,NC,ASO,ES,Combined TRACON& Tower with Radar,46,17,32,19,114,0,0,36,14,50,46,17,68,33,164,56,0,56,220
03/26/2022,AVL,NC,ASO,ES,Combined TRACON& Tower with Radar,36,16,25,3,80,0,0,8,1,9,36,16,33,4,89,0,0,0,89
03/27/2022,AVL,NC,ASO,ES,Combined TRACON& Tower with Radar,45,19,36,3,103,0,3,14,4,21,45,22,50,7,124,8,24,32,156
03/28/2022,AVL,NC,ASO,ES,Combined TRACON& Tower with Radar,45,9,26,3,83,0,2,42,3,47,45,11,68,6,130,16,0,16,146
03/29/2022,AVL,NC,ASO,ES,Combined TRACON& Tower with Radar,25,15,42,2,84,0,1,66,3,70,25,16,108,5,154,126,0,126,280
03/30/2022,AVL,NC,ASO,ES,Combined TRACON& Tower with Radar,27,14,48,9,98,0,2,15,1,18,27,16,63,10,116,19,0,19,135
03/31/2022,AVL,NC,ASO,ES,Combined TRACON& Tower with Radar,40,18,21,10,89,0,0,6,0,6,40,18,27,10,95,0,0,0,95
04/01/2022,AVL,NC,ASO,ES,Combined TRACON& Tower with Radar,44,9,45,18,116,0,2,45,18,65,44,11,90,36,181,42,4,46,227
04/02/2022,AVL,NC,ASO,ES,Combined TRACON& Tower with Radar,30,12,31,2,75,0,2,60,11,73,30,14,91,13,148,63,0,63,211
04/03/2022,AVL,NC,ASO,ES,Combined TRACON& Tower with Radar,39,14,44,13,110,0,2,27,16,45,39,16,71,29,155,41,0,41,196
04/04/2022,AVL,NC,ASO,ES,Combined TRACON& Tower with Radar,45,18,55,0,118,0,13,80,9,102,45,31,135,9,220,127,0,127,347
04/05/2022,AVL,NC,ASO,ES,Combined TRACON& Tower with Radar,28,21,27,6,82,0,1,9,1,11,28,22,36,7,93,17,0,17,110
04/06/2022,AVL,NC,ASO,ES,Combined TRACON& Tower with Radar,29,14,46,22,111,0,0,53,5,58,29,14,99,27,169,52,21,73,242
04/07/2022,AVL,NC,ASO,ES,Combined TRACON& Tower with Radar,37,18,51,10,116,0,0,18,8,26,37,18,69,18,142,14,8,22,164
04/08/2022,AVL,NC,ASO,ES,Combined TRACON& Tower with Radar,46,20,26,9,101,0,0,26,3,29,46,20,52,12,130,12,0,12,142
04/09/2022,AVL,NC,ASO,ES,Combined TRACON& Tower with Radar,35,22,39,20,116,0,0,8,18,26,35,22,47,38,142,27,28,55,197
04/10/2022,AVL,NC,ASO,ES,Combined TRACON& Tower with Radar,42,22,58,5,127,0,0,65,11,76,42,22,123,16,203,42,0,42,245
04/11/2022,AVL,NC,ASO,ES,Combined TRACON& Tower with Radar,48,21,50,23,142,0,0,51,3,54,48,21,101,26,196,32,0,32,228
04/12/2022,AVL,NC,ASO,ES,Combined TRACON& Tower with Radar,31,17,33,2,83,0,0,38,0,38,31,17,71,2,121,95,0,95,216
04/13/2022,AVL,NC,ASO,ES,Combined TRACON& Tower with Radar,33,22,36,13,104,0,0,20,0,20,33,22,56,13,124,38,0,38,162
04/14/2022,AVL,NC,ASO,ES,Combined TRACON& Tower with Radar,43,22,46,18,129,0,0,12,11,23,43,22,58,29,152,84,10,94,246
04/15/2022,AVL,NC,ASO,ES,Combined TRACON& Tower with Radar,48,31,57,3,139,0,2,82,13,97,48,33,139,16,236,113,4,117,353
04/16/2022,AVL,NC,ASO,ES,Combined TRACON& Tower with Radar,36,17,29,1,83,0,0,15,2,17,36,17,44,3,100,61,0,61,161
04/17/2022,AVL,NC,ASO,ES,Combined TRACON& Tower with Radar,45,22,34,0,101,0,1,35,8,44,45,23,69,8,145,49,0,49,194
04/18/2022,AVL,NC,ASO,ES,Combined TRACON& Tower with Radar,46,25,42,0,113,0,0,5,0,5,46,25,47,0,118,32,0,32,150
04/19/2022,AVL,NC,ASO,ES,Combined TRACON& Tower with Radar,30,22,33,3,88,0,0,35,1,36,30,22,68,4,124,58,0,58,182
04/20/2022,AVL,NC,ASO,ES,Combined TRACON& Tower with Radar,31,25,51,26,133,0,0,60,6,66,31,25,111,32,199,61,15,76,275
04/21/2022,AVL,NC,ASO,ES,Combined TRACON& Tower with Radar,45,36,53,28,162,0,0,56,21,77,45,36,109,49,239,77,27,104,343
04/22/2022,AVL,NC,ASO,ES,Combined TRACON& Tower with Radar,49,25,73,17,164,0,0,68,21,89,49,25,141,38,253,76,8,84,337
04/23/2022,AVL,NC,ASO,ES,Combined TRACON& Tower with Radar,46,29,36,4,115,0,4,61,24,89,46,33,97,28,204,24,0,24,228
04/24/2022,AVL,NC,ASO,ES,Combined TRACON& Tower with Radar,44,29,49,5,127,0,1,51,16,68,44,30,100,21,195,41,0,41,236
04/25/2022,AVL,NC,ASO,ES,Combined TRACON& Tower with Radar,49,24,45,0,118,0,4,49,1,54,49,28,94,1,172,136,0,136,308
04/26/2022,AVL,NC,ASO,ES,Combined TRACON& Tower with Radar,28,23,18,6,75,0,0,8,0,8,28,23,26,6,83,24,0,24,107
04/27/2022,AVL,NC,ASO,ES,Combined TRACON& Tower with Radar,34,27,51,19,131,0,0,51,0,51,34,27,102,19,182,35,7,42,224
04/28/2022,AVL,NC,ASO,ES,Combined TRACON& Tower with Radar,47,22,72,11,152,0,1,83,7,91,47,23,155,18,243,32,0,32,275
04/29/2022,AVL,NC,ASO,ES,Combined TRACON& Tower with Radar,41,29,61,11,142,0,0,71,26,97,41,29,132,37,239,56,3,59,298
04/30/2022,AVL,NC,ASO,ES,Combined TRACON& Tower with Radar,35,22,42,10,109,0,0,52,4,56,35,22,94,14,165,83,13,96,261
05/01/2022,AVL,NC,ASO,ES,Combined TRACON& Tower with Radar,44,35,50,6,135,0,1,9,4,14,44,36,59,10,149,8,0,8,157
05/02/2022,AVL,NC,ASO,ES,Combined TRACON& Tower with Radar,47,30,53,8,138,0,11,59,5,75,47,41,112,13,213,115,8,123,336
05/03/2022,AVL,NC,ASO,ES,Combined TRACON& Tower with Radar,32,28,38,5,103,0,0,32,1,33,32,28,70,6,136,10,0,10,146
05/04/2022,AVL,NC,ASO,ES,Combined TRACON& Tower with Radar,33,25,33,11,102,0,0,38,2,40,33,25,71,13,142,50,0,50,192
05/05/2022,AVL,NC,ASO,ES,Combined TRACON& Tower with Radar,51,38,58,13,160,0,1,72,4,77,51,39,130,17,237,54,4,58,295
05/06/2022,AVL,NC,ASO,ES,Combined TRACON& Tower with Radar,53,18,54,11,136,0,0,2,0,2,53,18,56,11,138,0,0,0,138
05/07/2022,AVL,NC,ASO,ES,Combined TRACON& Tower with Radar,37,13,45,1,96,0,0,8,3,11,37,13,53,4,107,8,0,8,115
05/08/2022,AVL,NC,ASO,ES,Combined TRACON& Tower with Radar,49,56,49,0,154,0,0,14,2,16,49,56,63,2,170,35,0,35,205
05/09/2022,AVL,NC,ASO,ES,Combined TRACON& Tower with Radar,53,28,49,19,149,0,1,62,0,63,53,29,111,19,212,75,0,75,287
05/10/2022,AVL,NC,ASO,ES,Combined TRACON& Tower with Radar,38,31,39,6,114,0,0,82,2,84,38,31,121,8,198,94,2,96,294
05/11/2022,AVL,NC,ASO,ES,Combined TRACON& Tower with Radar,38,25,44,1,108,0,0,81,3,84,38,25,125,4,192,96,0,96,288
05/12/2022,AVL,NC,ASO,ES,Combined TRACON& Tower with Radar,51,35,60,26,172,0,2,49,10,61,51,37,109,36,233,74,0,74,307
05/13/2022,AVL,NC,ASO,ES,Combined TRACON& Tower with Radar,54,31,51,5,141,0,0,11,3,14,54,31,62,8,155,38,0,38,193
05/14/2022,AVL,NC,ASO,ES,Combined TRACON& Tower with Radar,39,24,36,0,99,0,2,12,0,14,39,26,48,0,113,18,0,18,131
05/15/2022,AVL,NC,ASO,ES,Combined TRACON& Tower with Radar,52,46,75,0,173,0,6,28,1,35,52,52,103,1,208,47,0,47,255
05/16/2022,AVL,NC,ASO,ES,Combined TRACON& Tower with Radar,51,30,34,2,117,0,0,24,5,29,51,30,58,7,146,51,3,54,200
05/17/2022,AVL,NC,ASO,ES,Combined TRACON& Tower with Radar,37,26,36,9,108,0,0,93,12,105,37,26,129,21,213,41,12,53,266
05/18/2022,AVL,NC,ASO,ES,Combined TRACON& Tower with Radar,38,24,50,23,135,0,1,87,2,90,38,25,137,25,225,65,8,73,298
05/19/2022,AVL,NC,ASO,ES,Combined TRACON& Tower with Radar,54,30,49,4,137,0,3,40,3,46,54,33,89,7,183,156,0,156,339
05/20/2022,AVL,NC,ASO,ES,Combined TRACON& Tower with Radar,51,38,45,24,158,0,0,50,24,74,51,38,95,48,232,58,0,58,290
05/21/2022,AVL,NC,ASO,ES,Combined TRACON& Tower with Radar,45,25,22,1,93,0,0,42,7,49,45,25,64,8,142,24,0,24,166
05/22/2022,AVL,NC,ASO,ES,Combined TRACON& Tower with Radar,52,29,47,6,134,0,0,13,6,19,52,29,60,12,153,17,0,17,170
05/23/2022,AVL,NC,ASO,ES,Combined TRACON& Tower with Radar,48,14,27,2,91,0,0,0,0,0,48,14,27,2,91,0,0,0,91
05/24/2022,AVL,NC,ASO,ES,Combined TRACON& Tower with Radar,38,17,47,8,110,0,0,19,0,19,38,17,66,8,129,105,0,105,234
05/25/2022,AVL,NC,ASO,ES,Combined TRACON& Tower with Radar,39,18,71,8,136,0,0,2,0,2,39,18,73,8,138,0,0,0,138
05/26/2022,AVL,NC,ASO,ES,Combined TRACON& Tower with Radar,54,23,44,0,121,0,0,0,0,0,54,23,44,0,121,0,0,0,121
05/27/2022,AVL,NC,ASO,ES,Combined TRACON& Tower with Radar,52,18,90,0,160,0,1,51,0,52,52,19,141,0,212,141,0,141,353
05/28/2022,AVL,NC,ASO,ES,Combined TRACON& Tower with Radar,44,22,47,0,113,0,4,73,4,81,44,26,120,4,194,71,0,71,265
05/29/2022,AVL,NC,ASO,ES,Combined TRACON& Tower with Radar,49,20,36,0,105,0,0,58,10,68,49,20,94,10,173,42,0,42,215
05/30/2022,AVL,NC,ASO,ES,Combined TRACON& Tower with Radar,56,21,60,0,137,0,0,39,6,45,56,21,99,6,182,28,0,28,210
05/31/2022,AVL,NC,ASO,ES,Combined TRACON& Tower with Radar,43,36,56,20,155,0,2,80,3,85,43,38,136,23,240,53,16,69,309
06/01/2022,AVL,NC,ASO,ES,Combined TRACON& Tower with Radar,42,20,48,17,127,0,0,46,8,54,42,20,94,25,181,36,16,52,233
06/02/2022,AVL,NC,ASO,ES,Combined TRACON& Tower with Radar,51,32,67,6,156,0,0,22,2,24,51,32,89,8,180,28,0,28,208
06/03/2022,AVL,NC,ASO,ES,Combined TRACON& Tower with Radar,48,32,63,19,162,0,0,24,6,30,48,32,87,25,192,32,0,32,224
06/04/2022,AVL,NC,ASO,ES,Combined TRACON& Tower with Radar,65,22,33,4,124,0,3,48,6,57,65,25,81,10,181,87,0,87,268
06/05/2022,AVL,NC,ASO,ES,Combined TRACON& Tower with Radar,62,43,96,2,203,0,0,53,5,58,62,43,149,7,261,66,4,70,331
06/06/2022,AVL,NC,ASO,ES,Combined TRACON& Tower with Radar,54,37,81,3,175,0,0,65,4,69,54,37,146,7,244,103,2,105,349
06/07/2022,AVL,NC,ASO,ES,Combined TRACON& Tower with Radar,44,21,46,5,116,0,0,11,0,11,44,21,57,5,127,28,0,28,155
06/08/2022,AVL,NC,ASO,ES,Combined TRACON& Tower with Radar,48,22,38,0,108,0,0,9,2,11,48,22,47,2,119,94,0,94,213
06/09/2022,AVL,NC,ASO,ES,Combined TRACON& Tower with Radar,58,32,85,5,180,0,0,40,10,50,58,32,125,15,230,138,0,138,368
06/10/2022,AVL,NC,ASO,ES,Combined TRACON& Tower with Radar,53,41,51,22,167,0,1,63,8,72,53,42,114,30,239,62,8,70,309
06/11/2022,AVL,NC,ASO,ES,Combined TRACON& Tower with Radar,66,30,78,0,174,0,0,78,1,79,66,30,156,1,253,30,0,30,283
06/12/2022,AVL,NC,ASO,ES,Combined TRACON& Tower with Radar,62,43,83,4,192,0,3,50,13,66,62,46,133,17,258,46,0,46,304
06/13/2022,AVL,NC,ASO,ES,Combined TRACON& Tower with Radar,50,24,40,6,120,0,0,43,0,43,50,24,83,6,163,74,0,74,237
06/14/2022,AVL,NC,ASO,ES,Combined TRACON& Tower with Radar,46,22,44,3,115,0,0,46,1,47,46,22,90,4,162,71,0,71,233
06/15/2022,AVL,NC,ASO,ES,Combined TRACON& Tower with Radar,48,30,47,1,126,0,0,37,3,40,48,30,84,4,166,27,1,28,194
06/16/2022,AVL,NC,ASO,ES,Combined TRACON& Tower with Radar,54,27,60,7,148,0,0,23,4,27,54,27,83,11,175,46,2,48,223
06/17/2022,AVL,NC,ASO,ES,Combined TRACON& Tower with Radar,54,30,67,5,156,0,0,32,9,41,54,30,99,14,197,38,0,38,235
06/18/2022,AVL,NC,ASO,ES,Combined TRACON& Tower with Radar,66,33,62,0,161,0,0,44,10,54,66,33,106,10,215,10,0,10,225
06/19/2022,AVL,NC,ASO,ES,Combined TRACON& Tower with Radar,63,36,66,8,173,0,2,64,16,82,63,38,130,24,255,44,0,44,299
06/20/2022,AVL,NC,ASO,ES,Combined TRACON& Tower with Radar,57,35,74,1,167,0,0,76,0,76,57,35,150,1,243,30,0,30,273
06/21/2022,AVL,NC,ASO,ES,Combined TRACON& Tower with Radar,45,36,53,11,145,0,0,51,5,56,45,36,104,16,201,40,3,43,244
06/22/2022,AVL,NC,ASO,ES,Combined TRACON& Tower with Radar,45,36,52,15,148,0,0,50,10,60,45,36,102,25,208,44,18,62,270
06/23/2022,AVL,NC,ASO,ES,Combined TRACON& Tower with Radar,60,46,77,1,184,0,1,63,4,68,60,47,140,5,252,41,0,41,293
06/24/2022,AVL,NC,ASO,ES,Combined TRACON& Tower with Radar,57,44,116,12,229,0,0,25,3,28,57,44,141,15,257,38,0,38,295
06/25/2022,AVL,NC,ASO,ES,Combined TRACON& Tower with Radar,64,33,47,2,146,0,1,43,2,46,64,34,90,4,192,110,0,110,302
06/26/2022,AVL,NC,ASO,ES,Combined TRACON& Tower with Radar,64,61,108,0,233,0,0,24,7,31,64,61,132,7,264,12,0,12,276
06/27/2022,AVL,NC,ASO,ES,Combined TRACON& Tower with Radar,58,43,68,0,169,0,0,22,0,22,58,43,90,0,191,22,0,22,213
06/28/2022,AVL,NC,ASO,ES,Combined TRACON& Tower with Radar,43,23,50,2,118,0,2,74,7,83,43,25,124,9,201,142,0,142,343
06/29/2022,AVL,NC,ASO,ES,Combined TRACON& Tower with Radar,50,49,62,3,164,0,1,21,1,23,50,50,83,4,187,30,0,30,217
06/30/2022,AVL,NC,ASO,ES,Combined TRACON& Tower with Radar,63,46,89,12,210,0,0,28,4,32,63,46,117,16,242,24,0,24,266
07/01/2022,AVL,NC,ASO,ES,Combined TRACON& Tower with Radar,59,56,97,0,212,0,0,29,8,37,59,56,126,8,249,36,0,36,285
07/02/2022,AVL,NC,ASO,ES,Combined TRACON& Tower with Radar,74,32,45,0,151,0,0,20,0,20,74,32,65,0,171,28,0,28,199
07/03/2022,AVL,NC,ASO,ES,Combined TRACON& Tower with Radar,63,30,38,0,131,0,0,32,0,32,63,30,70,0,163,14,0,14,177
07/04/2022,AVL,NC,ASO,ES,Combined TRACON& Tower with Radar,59,41,18,0,118,0,0,23,0,23,59,41,41,0,141,78,0,78,219
07/05/2022,AVL,NC,ASO,ES,Combined TRACON& Tower with Radar,49,31,60,2,142,0,0,29,0,29,49,31,89,2,171,100,0,100,271
07/06/2022,AVL,NC,ASO,ES,Combined TRACON& Tower with Radar,51,28,51,6,136,0,0,25,0,25,51,28,76,6,161,26,0,26,187
07/07/2022,AVL,NC,ASO,ES,Combined TRACON& Tower with Radar,59,41,46,11,157,0,0,29,0,29,59,41,75,11,186,80,0,80,266
07/08/2022,AVL,NC,ASO,ES,Combined TRACON& Tower with Radar,55,42,61,15,173,0,1,47,17,65,55,43,108,32,238,56,0,56,294
07/09/2022,AVL,NC,ASO,ES,Combined TRACON& Tower with Radar,70,44,37,0,151,0,3,36,5,44,70,47,73,5,195,68,0,68,263
07/10/2022,AVL,NC,ASO,ES,Combined TRACON& Tower with Radar,63,29,76,1,169,0,0,0,4,4,63,29,76,5,173,2,2,4,177
07/11/2022,AVL,NC,ASO,ES,Combined TRACON& Tower with Radar,58,30,67,2,157,0,0,15,0,15,58,30,82,2,172,56,0,56,228
07/12/2022,AVL,NC,ASO,ES,Combined TRACON& Tower with Radar,41,32,67,25,165,0,0,70,3,73,41,32,137,28,238,60,1,61,299
07/13/2022,AVL,NC,ASO,ES,Combined TRACON& Tower with Radar,50,45,52,5,152,0,1,21,5,27,50,46,73,10,179,39,0,39,218
07/14/2022,AVL,NC,ASO,ES,Combined TRACON& Tower with Radar,64,33,71,21,189,0,1,65,1,67,64,34,136,22,256,40,0,40,296
07/15/2022,AVL,NC,ASO,ES,Combined TRACON& Tower with Radar,55,37,69,23,184,0,0,55,23,78,55,37,124,46,262,16,16,32,294
07/16/2022,AVL,NC,ASO,ES,Combined TRACON& Tower with Radar,69,29,36,1,135,0,1,60,14,75,69,30,96,15,210,36,0,36,246
07/17/2022,AVL,NC,ASO,ES,Combined TRACON& Tower with Radar,65,37,78,0,180,0,0,40,3,43,65,37,118,3,223,48,0,48,271
07/18/2022,AVL,NC,ASO,ES,Combined TRACON& Tower with Radar,58,30,35,1,124,0,0,32,3,35,58,30,67,4,159,66,0,66,225
07/19/2022,AVL,NC,ASO,ES,Combined TRACON& Tower with Radar,40,39,48,2,129,0,0,27,2,29,40,39,75,4,158,32,0,32,190
07/20/2022,AVL,NC,ASO,ES,Combined TRACON& Tower with Radar,51,34,66,0,151,0,1,30,3,34,51,35,96,3,185,58,0,58,243
07/21/2022,AVL,NC,ASO,ES,Combined TRACON& Tower with Radar,55,38,48,28,169,0,2,28,9,39,55,40,76,37,208,58,0,58,266
07/22/2022,AVL,NC,ASO,ES,Combined TRACON& Tower with Radar,55,36,60,11,162,0,0,66,8,74,55,36,126,19,236,29,0,29,265
07/23/2022,AVL,NC,ASO,ES,Combined TRACON& Tower with Radar,69,32,49,11,161,0,0,73,15,88,69,32,122,26,249,43,0,43,292
07/24/2022,AVL,NC,ASO,ES,Combined TRACON& Tower with Radar,64,44,75,5,188,0,0,47,13,60,64,44,122,18,248,30,0,30,278
07/25/2022,AVL,NC,ASO,ES,Combined TRACON& Tower with Radar,58,40,33,0,131,0,1,20,0,21,58,41,53,0,152,40,0,40,192
07/26/2022,AVL,NC,ASO,ES,Combined TRACON& Tower with Radar,39,25,44,8,116,0,0,32,7,39,39,25,76,15,155,112,4,116,271
07/27/2022,AVL,NC,ASO,ES,Combined TRACON& Tower with Radar,48,25,69,0,142,0,0,49,1,50,48,25,118,1,192,96,0,96,288
07/28/2022,AVL,NC,ASO,ES,Combined TRACON& Tower with Radar,60,50,76,14,200,0,0,35,3,38,60,50,111,17,238,32,10,42,280
07/29/2022,AVL,NC,ASO,ES,Combined TRACON& Tower with Radar,56,32,101,8,197,0,1,38,15,54,56,33,139,23,251,125,0,125,376
07/30/2022,AVL,NC,ASO,ES,Combined TRACON& Tower with Radar,71,42,38,0,151,0,0,27,0,27,71,42,65,0,178,46,0,46,224
07/31/2022,AVL,NC,ASO,ES,Combined TRACON& Tower with Radar,67,59,50,3,179,0,0,9,8,17,67,59,59,11,196,2,0,2,198
08/01/2022,AVL,NC,ASO,ES,Combined TRACON& Tower with Radar,55,32,57,0,144,0,0,3,2,5,55,32,60,2,149,40,0,40,189
08/02/2022,AVL,NC,ASO,ES,Combined TRACON& Tower with Radar,47,39,55,0,141,0,1,46,1,48,47,40,101,1,189,27,1,28,217
08/03/2022,AVL,NC,ASO,ES,Combined TRACON& Tower with Radar,51,27,66,16,160,0,0,46,6,52,51,27,112,22,212,54,12,66,278
08/04/2022,AVL,NC,ASO,ES,Combined TRACON& Tower with Radar,57,42,67,4,170,0,2,53,9,64,57,44,120,13,234,49,0,49,283
08/05/2022,AVL,NC,ASO,ES,Combined TRACON& Tower with Radar,54,48,47,0,149,0,2,33,5,40,54,50,80,5,189,64,0,64,253
08/06/2022,AVL,NC,ASO,ES,Combined TRACON& Tower with Radar,62,30,39,1,132,0,0,6,13,19,62,30,45,14,151,54,0,54,205
08/07/2022,AVL,NC,ASO,ES,Combined TRACON& Tower with Radar,64,47,86,1,198,0,0,27,9,36,64,47,113,10,234,54,0,54,288
08/08/2022,AVL,NC,ASO,ES,Combined TRACON& Tower with Radar,49,31,55,4,139,0,0,35,0,35,49,31,90,4,174,63,2,65,239
08/09/2022,AVL,NC,ASO,ES,Combined TRACON& Tower with Radar,39,30,48,10,127,0,0,15,6,21,39,30,63,16,148,68,0,68,216
08/10/2022,AVL,NC,ASO,ES,Combined TRACON& Tower with Radar,49,23,62,3,137,0,0,22,1,23,49,23,84,4,160,56,0,56,216
08/11/2022,AVL,NC,ASO,ES,Combined TRACON& Tower with Radar,61,36,64,17,178,0,0,16,4,20,61,36,80,21,198,50,0,50,248
08/12/2022,AVL,NC,ASO,ES,Combined TRACON& Tower with Radar,53,62,73,30,218,0,0,70,8,78,53,62,143,38,296,69,0,69,365
08/13/2022,AVL,NC,ASO,ES,Combined TRACON& Tower with Radar,67,36,53,7,163,0,2,42,8,52,67,38,95,15,215,106,2,108,323
08/14/2022,AVL,NC,ASO,ES,Combined TRACON& Tower with Radar,62,32,63,20,177,0,0,55,7,62,62,32,118,27,239,52,4,56,295
08/15/2022,AVL,NC,ASO,ES,Combined TRACON& Tower with Radar,53,28,50,5,136,0,0,23,1,24,53,28,73,6,160,49,0,49,209
08/16/2022,AVL,NC,ASO,ES,Combined TRACON& Tower with Radar,43,24,52,7,126,0,0,13,0,13,43,24,65,7,139,122,0,122,261
08/17/2022,AVL,NC,ASO,ES,Combined TRACON& Tower with Radar,50,23,79,5,157,0,0,22,0,22,50,23,101,5,179,85,0,85,264
08/18/2022,AVL,NC,ASO,ES,Combined TRACON& Tower with Radar,63,47,64,11,185,0,0,31,2,33,63,47,95,13,218,74,0,74,292
08/19/2022,AVL,NC,ASO,ES,Combined TRACON& Tower with Radar,59,31,62,6,158,0,1,12,0,13,59,32,74,6,171,84,0,84,255
08/20/2022,AVL,NC,ASO,ES,Combined TRACON& Tower with Radar,63,33,51,9,156,0,0,24,10,34,63,33,75,19,190,64,8,72,262
08/21/2022,AVL,NC,ASO,ES,Combined TRACON& Tower with Radar,59,42,60,0,161,0,0,17,0,17,59,42,77,0,178,74,0,74,252
08/22/2022,AVL,NC,ASO,ES,Combined TRACON& Tower with Radar,53,28,48,0,129,0,0,20,0,20,53,28,68,0,149,136,0,136,285
08/23/2022,AVL,NC,ASO,ES,Combined TRACON& Tower with Radar,38,32,51,15,136,0,0,65,5,70,38,32,116,20,206,61,2,63,269
08/24/2022,AVL,NC,ASO,ES,Combined TRACON& Tower with Radar,46,40,61,2,149,0,0,43,0,43,46,40,104,2,192,96,0,96,288
08/25/2022,AVL,NC,ASO,ES,Combined TRACON& Tower with Radar,61,36,56,2,155,0,0,17,0,17,61,36,73,2,172,74,0,74,246
08/26/2022,AVL,NC,ASO,ES,Combined TRACON& Tower with Radar,60,46,76,4,186,0,0,32,13,45,60,46,108,17,231,30,0,30,261
08/27/2022,AVL,NC,ASO,ES,Combined TRACON& Tower with Radar,63,29,45,2,139,0,2,42,11,55,63,31,87,13,194,92,0,92,286
08/28/2022,AVL,NC,ASO,ES,Combined TRACON& Tower with Radar,61,48,78,3,190,0,0,55,9,64,61,48,133,12,254,30,0,30,284
08/29/2022,AVL,NC,ASO,ES,Combined TRACON& Tower with Radar,61,26,57,0,144,0,0,57,2,59,61,26,114,2,203,102,0,102,305
08/30/2022,AVL,NC,ASO,ES,Combined TRACON& Tower with Radar,35,26,49,14,124,0,0,27,2,29,35,26,76,16,153,36,4,40,193
08/31/2022,AVL,NC,ASO,ES,Combined TRACON& Tower with Radar,42,29,56,2,129,0,4,68,3,75,42,33,124,5,204,68,0,68,272
09/01/2022,AVL,NC,ASO,ES,Combined TRACON& Tower with Radar,62,40,49,0,151,0,0,66,2,68,62,40,115,2,219,148,0,148,367
09/02/2022,AVL,NC,ASO,ES,Combined TRACON& Tower with Radar,63,42,69,2,176,0,2,62,3,67,63,44,131,5,243,116,0,116,359
09/03/2022,AVL,NC,ASO,ES,Combined TRACON& Tower with Radar,57,22,28,0,107,0,1,24,1,26,57,23,52,1,133,87,0,87,220
09/04/2022,AVL,NC,ASO,ES,Combined TRACON& Tower with Radar,57,31,37,0,125,0,0,4,0,4,57,31,41,0,129,0,0,0,129
09/05/2022,AVL,NC,ASO,ES,Combined TRACON& Tower with Radar,63,47,74,0,184,0,0,0,0,0,63,47,74,0,184,0,0,0,184
09/06/2022,AVL,NC,ASO,ES,Combined TRACON& Tower with Radar,52,43,44,12,151,0,0,20,1,21,52,43,64,13,172,38,2,40,212
09/07/2022,AVL,NC,ASO,ES,Combined TRACON& Tower with Radar,37,31,43,3,114,0,0,22,1,23,37,31,65,4,137,68,0,68,205
09/08/2022,AVL,NC,ASO,ES,Combined TRACON& Tower with Radar,55,40,53,6,154,0,0,49,9,58,55,40,102,15,212,68,2,70,282
09/09/2022,AVL,NC,ASO,ES,Combined TRACON& Tower with Radar,52,28,77,22,179,0,0,43,4,47,52,28,120,26,226,157,0,157,383
09/10/2022,AVL,NC,ASO,ES,Combined TRACON& Tower with Radar,52,30,22,0,104,0,0,0,0,0,52,30,22,0,104,0,0,0,104
09/11/2022,AVL,NC,ASO,ES,Combined TRACON& Tower with Radar,59,34,50,0,143,0,1,19,3,23,59,35,69,3,166,6,0,6,172
09/12/2022,AVL,NC,ASO,ES,Combined TRACON& Tower with Radar,55,45,50,4,154,0,0,35,4,39,55,45,85,8,193,74,0,74,267
09/13/2022,AVL,NC,ASO,ES,Combined TRACON& Tower with Radar,39,30,45,3,117,0,1,71,13,85,39,31,116,16,202,43,2,45,247
09/14/2022,AVL,NC,ASO,ES,Combined TRACON& Tower with Radar,39,43,62,7,151,0,0,61,13,74,39,43,123,20,225,36,6,42,267
09/15/2022,AVL,NC,ASO,ES,Combined TRACON& Tower with Radar,62,34,56,15,167,0,1,73,3,77,62,35,129,18,244,60,0,60,304
09/16/2022,AVL,NC,ASO,ES,Combined TRACON& Tower with Radar,53,43,62,4,162,0,2,65,7,74,53,45,127,11,236,50,0,50,286
09/17/2022,AVL,NC,ASO,ES,Combined TRACON& Tower with Radar,53,24,40,2,119,0,3,46,17,66,53,27,86,19,185,50,0,50,235
09/18/2022,AVL,NC,ASO,ES,Combined TRACON& Tower with Radar,65,34,57,15,171,0,0,67,7,74,65,34,124,22,245,20,0,20,265
09/19/2022,AVL,NC,ASO,ES,Combined TRACON& Tower with Radar,55,22,59,15,151,0,0,43,2,45,55,22,102,17,196,54,0,54,250
09/20/2022,AVL,NC,ASO,ES,Combined TRACON& Tower with Radar,40,26,55,6,127,0,0,59,1,60,40,26,114,7,187,58,0,58,245
09/21/2022,AVL,NC,ASO,ES,Combined TRACON& Tower with Radar,38,28,74,18,158,0,2,76,3,81,38,30,150,21,239,18,0,18,257
09/22/2022,AVL,NC,ASO,ES,Combined TRACON& Tower with Radar,55,42,69,13,179,0,1,24,0,25,55,43,93,13,204,14,0,14,218
09/23/2022,AVL,NC,ASO,ES,Combined TRACON& Tower with Radar,58,35,81,19,193,0,0,51,6,57,58,35,132,25,250,36,4,40,290
09/24/2022,AVL,NC,ASO,ES,Combined TRACON& Tower with Radar,52,25,30,14,121,0,0,65,9,74,52,25,95,23,195,12,0,12,207
09/25/2022,AVL,NC,ASO,ES,Combined TRACON& Tower with Radar,57,48,84,3,192,0,0,38,5,43,57,48,122,8,235,62,0,62,297
09/26/2022,AVL,NC,ASO,ES,Combined TRACON& Tower with Radar,53,24,45,15,137,0,0,53,1,54,53,24,98,16,191,78,0,78,269
09/27/2022,AVL,NC,ASO,ES,Combined TRACON& Tower with Radar,41,40,54,0,135,0,0,61,9,70,41,40,115,9,205,32,0,32,237
09/28/2022,AVL,NC,ASO,ES,Combined TRACON& Tower with Radar,39,27,34,1,101,0,1,71,3,75,39,28,105,4,176,12,0,12,188
09/29/2022,AVL,NC,ASO,ES,Combined TRACON& Tower with Radar,50,37,44,0,131,0,0,26,1,27,50,37,70,1,158,36,0,36,194
09/30/2022,AVL,NC,ASO,ES,Combined TRACON& Tower with Radar,46,29,25,0,100,0,0,4,0,4,46,29,29,0,104,0,0,0,104
10/01/2022,AVL,NC,ASO,ES,Combined TRACON& Tower with Radar,56,29,20,1,106,0,0,10,0,10,56,29,30,1,116,24,0,24,140
10/02/2022,AVL,NC,ASO,ES,Combined TRACON& Tower with Radar,56,46,40,1,143,0,0,6,6,12,56,46,46,7,155,2,0,2,157
10/03/2022,AVL,NC,ASO,ES,Combined TRACON& Tower with Radar,54,35,41,18,148,0,0,24,0,24,54,35,65,18,172,78,0,78,250
10/04/2022,AVL,NC,ASO,ES,Combined TRACON& Tower with Radar,43,29,57,16,145,0,1,49,2,52,43,30,106,18,197,8,6,14,211
10/05/2022,AVL,NC,ASO,ES,Combined TRACON& Tower with Radar,45,38,76,10,169,0,1,72,1,74,45,39,148,11,243,30,10,40,283
10/06/2022,AVL,NC,ASO,ES,Combined TRACON& Tower with Radar,67,34,66,14,181,0,2,67,8,77,67,36,133,22,258,40,0,40,298
10/07/2022,AVL,NC,ASO,ES,Combined TRACON& Tower with Radar,60,32,86,10,188,0,0,91,6,97,60,32,177,16,285,32,0,32,317
10/08/2022,AVL,NC,ASO,ES,Combined TRACON& Tower with Radar,57,31,48,0,136,0,2,63,23,88,57,33,111,23,224,24,0,24,248
10/09/2022,AVL,NC,ASO,ES,Combined TRACON& Tower with Radar,69,47,72,0,188,0,0,62,8,70,69,47,134,8,258,39,0,39,297
10/10/2022,AVL,NC,ASO,ES,Combined TRACON& Tower with Radar,60,36,65,0,161,0,0,85,0,85,60,36,150,0,246,34,0,34,280
10/11/2022,AVL,NC,ASO,ES,Combined TRACON& Tower with Radar,45,28,71,9,153,0,0,69,1,70,45,28,140,10,223,79,0,79,302
10/12/2022,AVL,NC,ASO,ES,Combined TRACON& Tower with Radar,47,32,69,1,149,0,0,1,0,1,47,32,70,1,150,0,0,0,150
10/13/2022,AVL,NC,ASO,ES,Combined TRACON& Tower with Radar,66,39,66,6,177,0,1,34,4,39,66,40,100,10,216,28,4,32,248
10/14/2022,AVL,NC,ASO,ES,Combined TRACON& Tower with Radar,61,30,55,6,152,0,2,46,5,53,61,32,101,11,205,90,2,92,297
10/15/2022,AVL,NC,ASO,ES,Combined TRACON& Tower with Radar,59,25,38,0,122,0,0,77,0,77,59,25,115,0,199,18,0,18,217
10/16/2022,AVL,NC,ASO,ES,Combined TRACON& Tower with Radar,68,45,68,2,183,0,1,58,1,60,68,46,126,3,243,88,0,88,331
10/17/2022,AVL,NC,ASO,ES,Combined TRACON& Tower with Radar,59,31,58,6,154,0,2,24,2,28,59,33,82,8,182,18,0,18,200
10/18/2022,AVL,NC,ASO,ES,Combined TRACON& Tower with Radar,42,30,33,21,126,0,4,24,0,28,42,34,57,21,154,14,16,30,184
10/19/2022,AVL,NC,ASO,ES,Combined TRACON& Tower with Radar,26,48,51,6,131,0,1,60,3,64,26,49,111,9,195,16,0,16,211
10/20/2022,AVL,NC,ASO,ES,Combined TRACON& Tower with Radar,66,34,58,10,168,0,0,75,22,97,66,34,133,32,265,90,14,104,369
10/21/2022,AVL,NC,ASO,ES,Combined TRACON& Tower with Radar,47,42,42,4,135,1,2,76,14,93,48,44,118,18,228,9,0,9,237
10/22/2022,AVL,NC,ASO,ES,Combined TRACON& Tower with Radar,58,28,46,6,138,0,1,113,18,132,58,29,159,24,270,48,10,58,328
10/23/2022,AVL,NC,ASO,ES,Combined TRACON& Tower with Radar,69,50,81,0,200,0,2,75,19,96,69,52,156,19,296,52,0,52,348
10/24/2022,AVL,NC,ASO,ES,Combined TRACON& Tower with Radar,60,38,52,7,157,0,5,58,7,70,60,43,110,14,227,51,12,63,290
10/25/2022,AVL,NC,ASO,ES,Combined TRACON& Tower with Radar,37,22,33,14,106,0,7,39,0,46,37,29,72,14,152,62,0,62,214
10/26/2022,AVL,NC,ASO,ES,Combined TRACON& Tower with Radar,46,48,51,11,156,0,0,15,7,22,46,48,66,18,178,27,4,31,209
10/27/2022,AVL,NC,ASO,ES,Combined TRACON& Tower with Radar,69,39,67,15,190,0,1,77,18,96,69,40,144,33,286,73,10,83,369
10/28/2022,AVL,NC,ASO,ES,Combined TRACON& Tower with Radar,58,28,67,24,177,0,0,64,16,80,58,28,131,40,257,74,0,74,331
10/29/2022,AVL,NC,ASO,ES,Combined TRACON& Tower with Radar,53,33,40,0,126,0,0,50,15,65,53,33,90,15,191,136,0,136,327
10/30/2022,AVL,NC,ASO,ES,Combined TRACON& Tower with Radar,67,45,55,0,167,0,0,0,0,0,67,45,55,0,167,0,0,0,167
10/31/2022,AVL,NC,ASO,ES,Combined TRACON& Tower with Radar,51,23,18,0,92,0,0,3,0,3,51,23,21,0,95,4,0,4,99
11/01/2022,AVL,NC,ASO,ES,Combined TRACON& Tower with Radar,40,38,58,19,155,0,0,62,5,67,40,38,120,24,222,41,8,49,271
11/02/2022,AVL,NC,ASO,ES,Combined TRACON& Tower with Radar,46,16,41,4,107,0,0,35,4,39,46,16,76,8,146,41,0,41,187
11/03/2022,AVL,NC,ASO,ES,Combined TRACON& Tower with Radar,53,30,66,1,150,0,0,45,18,63,53,30,111,19,213,49,0,49,262
11/04/2022,AVL,NC,ASO,ES,Combined TRACON& Tower with Radar,39,24,83,10,156,0,0,60,15,75,39,24,143,25,231,91,0,91,322
11/05/2022,AVL,NC,ASO,ES,Combined TRACON& Tower with Radar,44,22,24,2,92,0,0,2,2,4,44,22,26,4,96,2,0,2,98
11/06/2022,AVL,NC,ASO,ES,Combined TRACON& Tower with Radar,55,29,68,4,156,0,0,15,5,20,55,29,83,9,176,36,1,37,213
11/07/2022,AVL,NC,ASO,ES,Combined TRACON& Tower with Radar,44,32,38,16,130,0,0,32,17,49,44,32,70,33,179,100,1,101,280
11/08/2022,AVL,NC,ASO,ES,Combined TRACON& Tower with Radar,35,16,28,8,87,0,2,50,8,60,35,18,78,16,147,188,6,194,341
11/09/2022,AVL,NC,ASO,ES,Combined TRACON& Tower with Radar,35,26,41,14,116,0,0,50,3,53,35,26,91,17,169,51,4,55,224
11/10/2022,AVL,NC,ASO,ES,Combined TRACON& Tower with Radar,53,24,27,2,106,0,0,3,0,3,53,24,30,2,109,0,0,0,109
11/11/2022,AVL,NC,ASO,ES,Combined TRACON& Tower with Radar,48,19,17,0,84,0,0,0,0,0,48,19,17,0,84,0,0,0,84
11/12/2022,AVL,NC,ASO,ES,Combined TRACON& Tower with Radar,42,32,45,0,119,0,0,21,6,27,42,32,66,6,146,76,0,76,222
11/13/2022,AVL,NC,ASO,ES,Combined TRACON& Tower with Radar,58,36,50,0,144,0,3,17,5,25,58,39,67,5,169,6,0,6,175
11/14/2022,AVL,NC,ASO,ES,Combined TRACON& Tower with Radar,46,26,34,15,121,0,1,70,7,78,46,27,104,22,199,130,14,144,343
11/15/2022,AVL,NC,ASO,ES,Combined TRACON& Tower with Radar,33,22,14,0,69,0,0,0,0,0,33,22,14,0,69,0,0,0,69
11/16/2022,AVL,NC,ASO,ES,Combined TRACON& Tower with Radar,36,25,40,6,107,0,0,23,1,24,36,25,63,7,131,50,0,50,181
11/17/2022,AVL,NC,ASO,ES,Combined TRACON& Tower with Radar,51,37,61,7,156,0,0,25,0,25,51,37,86,7,181,70,0,70,251
11/18/2022,AVL,NC,ASO,ES,Combined TRACON& Tower with Radar,54,31,72,13,170,0,0,34,6,40,54,31,106,19,210,66,0,66,276
11/19/2022,AVL,NC,ASO,ES,Combined TRACON& Tower with Radar,46,39,55,10,150,0,2,43,6,51,46,41,98,16,201,37,0,37,238
11/20/2022,AVL,NC,ASO,ES,Combined TRACON& Tower with Radar,54,41,53,28,176,0,2,16,11,29,54,43,69,39,205,6,6,12,217
11/21/2022,AVL,NC,ASO,ES,Combined TRACON& Tower with Radar,54,33,59,27,173,0,0,32,1,33,54,33,91,28,206,38,2,40,246
11/22/2022,AVL,NC,ASO,ES,Combined TRACON& Tower with Radar,56,29,80,18,183,0,2,32,3,37,56,31,112,21,220,79,10,89,309
11/23/2022,AVL,NC,ASO,ES,Combined TRACON& Tower with Radar,52,36,55,0,143,0,0,30,0,30,52,36,85,0,173,58,0,58,231
11/24/2022,AVL,NC,ASO,ES,Combined TRACON& Tower with Radar,32,12,13,0,57,0,0,7,1,8,32,12,20,1,65,6,0,6,71
11/25/2022,AVL,NC,ASO,ES,Combined TRACON& Tower with Radar,42,29,32,0,103,0,0,6,0,6,42,29,38,0,109,4,0,4,113
11/26/2022,AVL,NC,ASO,ES,Combined TRACON& Tower with Radar,55,43,58,0,156,0,0,39,0,39,55,43,97,0,195,48,0,48,243
11/27/2022,AVL,NC,ASO,ES,Combined TRACON& Tower with Radar,54,47,51,2,154,0,2,9,3,14,54,49,60,5,168,0,0,0,168
11/28/2022,AVL,NC,ASO,ES,Combined TRACON& Tower with Radar,49,37,70,0,156,0,3,30,0,33,49,40,100,0,189,4,0,4,193
11/29/2022,AVL,NC,ASO,ES,Combined TRACON& Tower with Radar,36,35,42,20,133,0,0,28,2,30,36,35,70,22,163,62,0,62,225
11/30/2022,AVL,NC,ASO,ES,Combined TRACON& Tower with Radar,33,22,35,9,99,0,0,9,1,10,33,22,44,10,109,4,0,4,113
12/01/2022,AVL,NC,ASO,ES,Combined TRACON& Tower with Radar,54,15,55,16,140,0,0,31,6,37,54,15,86,22,177,21,10,31,208
12/02/2022,AVL,NC,ASO,ES,Combined TRACON& Tower with Radar,52,22,38,7,119,0,0,19,17,36,52,22,57,24,155,50,14,64,219
12/03/2022,AVL,NC,ASO,ES,Combined TRACON& Tower with Radar,37,16,27,0,80,0,0,9,0,9,37,16,36,0,89,22,0,22,111
12/04/2022,AVL,NC,ASO,ES,Combined TRACON& Tower with Radar,52,14,62,2,130,0,0,30,3,33,52,14,92,5,163,16,0,16,179
12/05/2022,AVL,NC,ASO,ES,Combined TRACON& Tower with Radar,55,9,39,0,103,0,0,2,0,2,55,9,41,0,105,18,0,18,123
12/06/2022,AVL,NC,ASO,ES,Combined TRACON& Tower with Radar,38,11,23,2,74,0,0,0,0,0,38,11,23,2,74,0,0,0,74
12/07/2022,AVL,NC,ASO,ES,Combined TRACON& Tower with Radar,37,13,26,0,76,0,0,1,0,1,37,13,27,0,77,0,0,0,77
12/08/2022,AVL,NC,ASO,ES,Combined TRACON& Tower with Radar,55,24,38,0,117,0,0,2,0,2,55,24,40,0,119,0,0,0,119
12/09/2022,AVL,NC,ASO,ES,Combined TRACON& Tower with Radar,53,23,19,0,95,0,0,0,0,0,53,23,19,0,95,0,0,0,95
12/10/2022,AVL,NC,ASO,ES,Combined TRACON& Tower with Radar,36,16,21,2,75,0,0,0,2,2,36,16,21,4,77,0,0,0,77
12/11/2022,AVL,NC,ASO,ES,Combined TRACON& Tower with Radar,53,13,23,0,89,0,0,0,0,0,53,13,23,0,89,0,0,0,89
12/12/2022,AVL,NC,ASO,ES,Combined TRACON& Tower with Radar,53,24,60,22,159,0,0,36,0,36,53,24,96,22,195,110,10,120,315
12/13/2022,AVL,NC,ASO,ES,Combined TRACON& Tower with Radar,35,14,46,7,102,0,1,4,0,5,35,15,50,7,107,0,0,0,107
12/14/2022,AVL,NC,ASO,ES,Combined TRACON& Tower with Radar,35,15,22,0,72,0,0,0,0,0,35,15,22,0,72,0,0,0,72
12/15/2022,AVL,NC,ASO,ES,Combined TRACON& Tower with Radar,57,13,17,4,91,0,0,2,0,2,57,13,19,4,93,0,0,0,93
12/16/2022,AVL,NC,ASO,ES,Combined TRACON& Tower with Radar,54,22,62,15,153,0,0,56,1,57,54,22,118,16,210,162,0,162,372
12/17/2022,AVL,NC,ASO,ES,Combined TRACON& Tower with Radar,51,25,54,4,134,0,0,44,8,52,51,25,98,12,186,40,0,40,226
12/18/2022,AVL,NC,ASO,ES,Combined TRACON& Tower with Radar,55,16,32,14,117,0,0,22,11,33,55,16,54,25,150,51,0,51,201
12/19/2022,AVL,NC,ASO,ES,Combined TRACON& Tower with Radar,56,24,56,10,146,0,1,46,1,48,56,25,102,11,194,42,0,42,236
12/20/2022,AVL,NC,ASO,ES,Combined TRACON& Tower with Radar,49,12,49,21,131,0,0,26,7,33,49,12,75,28,164,85,17,102,266
12/21/2022,AVL,NC,ASO,ES,Combined TRACON& Tower with Radar,53,22,82,3,160,0,2,39,0,41,53,24,121,3,201,28,0,28,229
12/22/2022,AVL,NC,ASO,ES,Combined TRACON& Tower with Radar,52,24,10,0,86,0,0,1,0,1,52,24,11,0,87,0,0,0,87
12/23/2022,AVL,NC,ASO,ES,Combined TRACON& Tower with Radar,45,15,16,0,76,0,1,1,0,2,45,16,17,0,78,0,0,0,78
12/24/2022,AVL,NC,ASO,ES,Combined TRACON& Tower with Radar,37,8,7,0,52,0,2,3,0,5,37,10,10,0,57,0,0,0,57
12/25/2022,AVL,NC,ASO,ES,Combined TRACON& Tower with Radar,36,11,7,0,54,0,0,5,0,5,36,11,12,0,59,0,0,0,59
12/26/2022,AVL,NC,ASO,ES,Combined TRACON& Tower with Radar,46,19,48,0,113,0,0,23,0,23,46,19,71,0,136,40,0,40,176
12/27/2022,AVL,NC,ASO,ES,Combined TRACON& Tower with Radar,50,20,55,3,128,0,0,30,2,32,50,20,85,5,160,94,0,94,254
12/28/2022,AVL,NC,ASO,ES,Combined TRACON& Tower with Radar,48,17,53,30,148,0,0,39,0,39,48,17,92,30,187,108,18,126,313
12/29/2022,AVL,NC,ASO,ES,Combined TRACON& Tower with Radar,48,18,68,25,159,0,1,42,6,49,48,19,110,31,208,44,0,44,252
12/30/2022,AVL,NC,ASO,ES,Combined TRACON& Tower with Radar,50,20,39,1,110,0,0,0,3,3,50,20,39,4,113,0,0,0,113
12/31/2022,AVL,NC,ASO,ES,Combined TRACON& Tower with Radar,42,5,11,0,58,0,0,0,0,0,42,5,11,0,58,0,0,0,58
01/01/2023,AVL,NC,ASO,ES,Combined TRACON& Tower with Radar,42,15,39,4,100,0,0,12,7,19,42,15,51,11,119,62,0,62,181
01/02/2023,AVL,NC,ASO,ES,Combined TRACON& Tower with Radar,45,23,57,2,127,0,0,24,5,29,45,23,81,7,156,46,0,46,202
01/03/2023,AVL,NC,ASO,ES,Combined TRACON& Tower with Radar,45,24,22,2,93,0,0,2,1,3,45,24,24,3,96,0,0,0,96
01/04/2023,AVL,NC,ASO,ES,Combined TRACON& Tower with Radar,38,17,13,0,68,0,0,2,1,3,38,17,15,1,71,0,0,0,71
01/05/2023,AVL,NC,ASO,ES,Combined TRACON& Tower with Radar,43,15,51,19,128,0,1,27,4,32,43,16,78,23,160,45,5,50,210
01/06/2023,AVL,NC,ASO,ES,Combined TRACON& Tower with Radar,42,11,27,19,99,0,1,51,1,53,42,12,78,20,152,41,4,45,197
01/07/2023,AVL,NC,ASO,ES,Combined TRACON& Tower with Radar,36,12,26,7,81,0,0,71,1,72,36,12,97,8,153,80,0,80,233
01/08/2023,AVL,NC,ASO,ES,Combined TRACON& Tower with Radar,50,14,13,0,77,0,0,0,0,0,50,14,13,0,77,0,0,0,77
01/09/2023,AVL,NC,ASO,ES,Combined TRACON& Tower with Radar,46,17,24,2,89,0,1,18,4,23,46,18,42,6,112,24,0,24,136
01/10/2023,AVL,NC,ASO,ES,Combined TRACON& Tower with Radar,29,17,46,19,111,0,0,68,1,69,29,17,114,20,180,81,0,81,261
01/11/2023,AVL,NC,ASO,ES,Combined TRACON& Tower with Radar,26,17,45,9,97,0,2,54,0,56,26,19,99,9,153,37,2,39,192
01/12/2023,AVL,NC,ASO,ES,Combined TRACON& Tower with Radar,54,15,23,2,94,0,0,0,0,0,54,15,23,2,94,0,0,0,94
01/13/2023,AVL,NC,ASO,ES,Combined TRACON& Tower with Radar,47,21,22,0,90,0,0,1,0,1,47,21,23,0,91,0,0,0,91
01/14/2023,AVL,NC,ASO,ES,Combined TRACON& Tower with Radar,32,23,8,0,63,0,0,11,0,11,32,23,19,0,74,0,0,0,74
01/15/2023,AVL,NC,ASO,ES,Combined TRACON& Tower with Radar,48,15,22,0,85,0,2,75,0,77,48,17,97,0,162,50,0,50,212
01/16/2023,AVL,NC,ASO,ES,Combined TRACON& Tower with Radar,50,12,29,4,95,0,0,65,0,65,50,12,94,4,160,93,0,93,253
01/17/2023,AVL,NC,ASO,ES,Combined TRACON& Tower with Radar,30,19,35,0,84,0,0,19,1,20,30,19,54,1,104,38,0,38,142
01/18/2023,AVL,NC,ASO,ES,Combined TRACON& Tower with Radar,36,15,42,6,99,0,0,47,1,48,36,15,89,7,147,100,0,100,247
01/19/2023,AVL,NC,ASO,ES,Combined TRACON& Tower with Radar,53,18,25,0,96,0,0,12,0,12,53,18,37,0,108,0,0,0,108
01/20/2023,AVL,NC,ASO,ES,Combined TRACON& Tower with Radar,47,12,19,13,91,0,0,23,4,27,47,12,42,17,118,24,12,36,154
01/21/2023,AVL,NC,ASO,ES,Combined TRACON& Tower with Radar,36,10,31,4,81,0,0,82,2,84,36,10,113,6,165,74,0,74,239
01/22/2023,AVL,NC,ASO,ES,Combined TRACON& Tower with Radar,53,12,13,4,82,0,0,0,0,0,53,12,13,4,82,0,0,0,82
01/23/2023,AVL,NC,ASO,ES,Combined TRACON& Tower with Radar,43,15,23,2,83,0,1,10,0,11,43,16,33,2,94,42,0,42,136
01/24/2023,AVL,NC,ASO,ES,Combined TRACON& Tower with Radar,31,21,40,2,94,0,7,79,2,88,31,28,119,4,182,114,1,115,297
01/25/2023,AVL,NC,ASO,ES,Combined TRACON& Tower with Radar,37,11,13,9,70,0,1,1,0,2,37,12,14,9,72,12,0,12,84
01/26/2023,AVL,NC,ASO,ES,Combined TRACON& Tower with Radar,53,18,32,0,103,0,1,44,2,47,53,19,76,2,150,86,0,86,236
01/27/2023,AVL,NC,ASO,ES,Combined TRACON& Tower with Radar,47,17,28,11,103,0,2,58,2,62,47,19,86,13,165,107,0,107,272
01/28/2023,AVL,NC,ASO,ES,Combined TRACON& Tower with Radar,35,6,50,6,97,0,0,90,1,91,35,6,140,7,188,70,3,73,261
01/29/2023,AVL,NC,ASO,ES,Combined TRACON& Tower with Radar,53,15,27,5,100,0,2,14,3,19,53,17,41,8,119,57,0,57,176
01/30/2023,AVL,NC,ASO,ES,Combined TRACON& Tower with Radar,49,16,34,0,99,0,0,9,0,9,49,16,43,0,108,91,0,91,199
01/31/2023,AVL,NC,ASO,ES,Combined TRACON& Tower with Radar,31,10,19,0,60,0,0,4,0,4,31,10,23,0,64,0,0,0,64
02/01/2023,AVL,NC,ASO,ES,Combined TRACON& Tower with Radar,32,16,30,20,98,0,0,0,0,0,32,16,30,20,98,44,0,44,142
02/02/2023,AVL,NC,ASO,ES,Combined TRACON& Tower with Radar,52,12,15,0,79,0,0,0,0,0,52,12,15,0,79,0,0,0,79
02/03/2023,AVL,NC,ASO,ES,Combined TRACON& Tower with Radar,44,10,34,5,93,0,0,11,0,11,44,10,45,5,104,0,0,0,104
02/04/2023,AVL,NC,ASO,ES,Combined TRACON& Tower with Radar,34,12,25,0,71,0,0,82,1,83,34,12,107,1,154,124,0,124,278
02/05/2023,AVL,NC,ASO,ES,Combined TRACON& Tower with Radar,50,15,21,2,88,0,0,37,0,37,50,15,58,2,125,36,0,36,161
02/06/2023,AVL,NC,ASO,ES,Combined TRACON& Tower with Radar,45,8,30,8,91,0,0,26,4,30,45,8,56,12,121,21,0,21,142
02/07/2023,AVL,NC,ASO,ES,Combined TRACON& Tower with Radar,29,9,42,20,100,0,3,62,5,70,29,12,104,25,170,100,12,112,282
02/08/2023,AVL,NC,ASO,ES,Combined TRACON& Tower with Radar,34,8,42,12,96,0,0,39,2,41,34,8,81,14,137,141,0,141,278
02/09/2023,AVL,NC,ASO,ES,Combined TRACON& Tower with Radar,53,15,19,2,89,0,0,1,0,1,53,15,20,2,90,0,0,0,90
02/10/2023,AVL,NC,ASO,ES,Combined TRACON& Tower with Radar,49,9,27,10,95,0,0,39,0,39,49,9,66,10,134,28,0,28,162
02/11/2023,AVL,NC,ASO,ES,Combined TRACON& Tower with Radar,37,7,26,2,72,0,2,59,0,61,37,9,85,2,133,150,0,150,283
02/12/2023,AVL,NC,ASO,ES,Combined TRACON& Tower with Radar,50,6,9,0,65,0,0,1,0,1,50,6,10,0,66,0,0,0,66
02/13/2023,AVL,NC,ASO,ES,Combined TRACON& Tower with Radar,46,14,26,8,94,0,0,55,0,55,46,14,81,8,149,74,0,74,223
02/14/2023,AVL,NC,ASO,ES,Combined TRACON& Tower with Radar,35,12,30,0,77,0,4,52,3,59,35,16,82,3,136,54,0,54,190
02/15/2023,AVL,NC,ASO,ES,Combined TRACON& Tower with Radar,36,16,36,2,90,0,0,35,0,35,36,16,71,2,125,172,0,172,297
02/16/2023,AVL,NC,ASO,ES,Combined TRACON& Tower with Radar,54,5,16,0,75,0,0,7,0,7,54,5,23,0,82,0,0,0,82
02/17/2023,AVL,NC,ASO,ES,Combined TRACON& Tower with Radar,50,16,22,0,88,0,0,2,0,2,50,16,24,0,90,0,0,0,90
02/18/2023,AVL,NC,ASO,ES,Combined TRACON& Tower with Radar,44,15,42,0,101,0,0,109,0,109,44,15,151,0,210,63,0,63,273
02/19/2023,AVL,NC,ASO,ES,Combined TRACON& Tower with Radar,56,14,27,3,100,0,0,29,4,33,56,14,56,7,133,78,0,78,211
02/20/2023,AVL,NC,ASO,ES,Combined TRACON& Tower with Radar,51,17,23,0,91,0,0,32,1,33,51,17,55,1,124,64,0,64,188
02/21/2023,AVL,NC,ASO,ES,Combined TRACON& Tower with Radar,34,12,27,4,77,0,0,14,3,17,34,12,41,7,94,47,0,47,141
02/22/2023,AVL,NC,ASO,ES,Combined TRACON& Tower with Radar,38,13,24,9,84,0,2,21,3,26,38,15,45,12,110,7,0,7,117
02/23/2023,AVL,NC,ASO,ES,Combined TRACON& Tower with Radar,55,12,42,8,117,0,0,6,1,7,55,12,48,9,124,50,0,50,174
02/24/2023,AVL,NC,ASO,ES,Combined TRACON& Tower with Radar,49,18,34,7,108,0,0,31,0,31,49,18,65,7,139,20,0,20,159
02/25/2023,AVL,NC,ASO,ES,Combined TRACON& Tower with Radar,46,11,12,3,72,0,0,0,0,0,46,11,12,3,72,0,0,0,72
02/26/2023,AVL,NC,ASO,ES,Combined TRACON& Tower with Radar,56,24,30,2,112,0,1,47,0,48,56,25,77,2,160,122,0,122,282
02/27/2023,AVL,NC,ASO,ES,Combined TRACON& Tower with Radar,49,13,15,7,84,0,0,4,0,4,49,13,19,7,88,0,0,0,88
02/28/2023,AVL,NC,ASO,ES,Combined TRACON& Tower with Radar,35,11,31,0,77,0,3,65,1,69,35,14,96,1,146,78,0,78,224
03/01/2023,AVL,NC,ASO,ES,Combined TRACON& Tower with Radar,41,18,35,13,107,0,5,67,0,72,41,23,102,13,179,60,0,60,239
03/02/2023,AVL,NC,ASO,ES,Combined TRACON& Tower with Radar,58,21,27,0,106,0,0,12,2,14,58,21,39,2,120,40,0,40,160
03/03/2023,AVL,NC,ASO,ES,Combined TRACON& Tower with Radar,49,11,13,2,75,0,0,1,0,1,49,11,14,2,76,0,0,0,76
03/04/2023,AVL,NC,ASO,ES,Combined TRACON& Tower with Radar,44,11,30,11,96,0,0,69,5,74,44,11,99,16,170,72,10,82,252
03/05/2023,AVL,NC,ASO,ES,Combined TRACON& Tower with Radar,56,13,19,1,89,0,5,98,1,104,56,18,117,2,193,61,4,65,258
03/06/2023,AVL,NC,ASO,ES,Combined TRACON& Tower with Radar,53,10,28,2,93,0,3,66,3,72,53,13,94,5,165,76,0,76,241
03/07/2023,AVL,NC,ASO,ES,Combined TRACON& Tower with Radar,36,18,19,1,74,0,0,20,1,21,36,18,39,2,95,0,0,0,95
03/08/2023,AVL,NC,ASO,ES,Combined TRACON& Tower with Radar,42,11,32,8,93,0,3,57,0,60,42,14,89,8,153,81,0,81,234
03/09/2023,AVL,NC,ASO,ES,Combined TRACON& Tower with Radar,57,15,28,22,122,0,7,44,5,56,57,22,72,27,178,124,4,128,306
03/10/2023,AVL,NC,ASO,ES,Combined TRACON& Tower with Radar,52,20,31,11,114,0,0,8,0,8,52,20,39,11,122,28,4,32,154
03/11/2023,AVL,NC,ASO,ES,Combined TRACON& Tower with Radar,43,19,22,0,84,0,0,64,0,64,43,19,86,0,148,42,0,42,190
03/12/2023,AVL,NC,ASO,ES,Combined TRACON& Tower with Radar,58,26,4,0,88,0,0,0,0,0,58,26,4,0,88,0,0,0,88
03/13/2023,AVL,NC,ASO,ES,Combined TRACON& Tower with Radar,52,22,23,2,99,0,0,13,0,13,52,22,36,2,112,0,0,0,112
03/14/2023,AVL,NC,ASO,ES,Combined TRACON& Tower with Radar,33,19,25,4,81,0,1,9,0,10,33,20,34,4,91,0,0,0,91
03/15/2023,AVL,NC,ASO,ES,Combined TRACON& Tower with Radar,42,19,19,2,82,0,4,57,2,63,42,23,76,4,145,37,0,37,182
03/16/2023,AVL,NC,ASO,ES,Combined TRACON& Tower with Radar,56,11,45,6,118,0,4,75,8,87,56,15,120,14,205,93,12,105,310
03/17/2023,AVL,NC,ASO,ES,Combined TRACON& Tower with Radar,54,12,22,0,88,0,0,0,0,0,54,12,22,0,88,0,0,0,88
03/18/2023,AVL,NC,ASO,ES,Combined TRACON& Tower with Radar,46,31,31,3,111,0,1,23,0,24,46,32,54,3,135,0,0,0,135
03/19/2023,AVL,NC,ASO,ES,Combined TRACON& Tower with Radar,60,32,41,1,134,0,0,42,0,42,60,32,83,1,176,6,0,6,182
03/20/2023,AVL,NC,ASO,ES,Combined TRACON& Tower with Radar,55,19,30,9,113,0,0,86,1,87,55,19,116,10,200,58,6,64,264
03/21/2023,AVL,NC,ASO,ES,Combined TRACON& Tower with Radar,35,15,35,2,87,0,7,49,2,58,35,22,84,4,145,150,0,150,295
03/22/2023,AVL,NC,ASO,ES,Combined TRACON& Tower with Radar,44,16,31,0,91,0,0,2,0,2,44,16,33,0,93,0,0,0,93
03/23/2023,AVL,NC,ASO,ES,Combined TRACON& Tower with Radar,59,28,39,3,129,0,4,52,1,57,59,32,91,4,186,62,0,62,248
03/24/2023,AVL,NC,ASO,ES,Combined TRACON& Tower with Radar,55,24,30,3,112,0,0,46,2,48,55,24,76,5,160,50,0,50,210
03/25/2023,AVL,NC,ASO,ES,Combined TRACON& Tower with Radar,47,17,15,0,79,0,0,4,0,4,47,17,19,0,83,0,0,0,83
03/26/2023,AVL,NC,ASO,ES,Combined TRACON& Tower with Radar,53,29,36,0,118,0,2,85,3,90,53,31,121,3,208,92,0,92,300
03/27/2023,AVL,NC,ASO,ES,Combined TRACON& Tower with Radar,54,15,36,2,107,0,0,30,0,30,54,15,66,2,137,90,0,90,227
03/28/2023,AVL,NC,ASO,ES,Combined TRACON& Tower with Radar,38,17,36,2,93,0,1,43,4,48,38,18,79,6,141,26,3,29,170
03/29/2023,AVL,NC,ASO,ES,Combined TRACON& Tower with Radar,42,27,43,6,118,0,34,68,2,104,42,61,111,8,222,62,0,62,284
03/30/2023,AVL,NC,ASO,ES,Combined TRACON& Tower with Radar,56,21,25,21,123,0,14,87,3,104,56,35,112,24,227,79,4,83,310
03/31/2023,AVL,NC,ASO,ES,Combined TRACON& Tower with Radar,55,21,30,10,116,0,5,8,2,15,55,26,38,12,131,44,0,44,175
04/01/2023,AVL,NC,ASO,ES,Combined TRACON& Tower with Radar,47,23,6,0,76,0,0,2,2,4,47,23,8,2,80,6,0,6,86
04/02/2023,AVL,NC,ASO,ES,Combined TRACON& Tower with Radar,58,20,40,14,132,0,1,92,2,95,58,21,132,16,227,64,0,64,291
04/03/2023,AVL,NC,ASO,ES,Combined TRACON& Tower with Radar,54,20,30,2,106,0,1,14,0,15,54,21,44,2,121,63,0,63,184
04/04/2023,AVL,NC,ASO,ES,Combined TRACON& Tower with Radar,36,20,32,7,95,0,5,64,1,70,36,25,96,8,165,72,0,72,237
04/05/2023,AVL,NC,ASO,ES,Combined TRACON& Tower with Radar,37,8,55,32,132,0,0,27,0,27,37,8,82,32,159,16,16,32,191
04/06/2023,AVL,NC,ASO,ES,Combined TRACON& Tower with Radar,46,30,56,16,148,0,1,47,1,49,46,31,103,17,197,85,6,91,288
04/07/2023,AVL,NC,ASO,ES,Combined TRACON& Tower with Radar,49,16,24,0,89,0,0,0,0,0,49,16,24,0,89,0,0,0,89
04/08/2023,AVL,NC,ASO,ES,Combined TRACON& Tower with Radar,42,18,9,0,69,0,0,2,1,3,42,18,11,1,72,0,0,0,72
04/09/2023,AVL,NC,ASO,ES,Combined TRACON& Tower with Radar,56,24,31,0,111,0,0,55,0,55,56,24,86,0,166,73,0,73,239
04/10/2023,AVL,NC,ASO,ES,Combined TRACON& Tower with Radar,50,27,57,1,135,0,7,61,0,68,50,34,118,1,203,101,0,101,304
04/11/2023,AVL,NC,ASO,ES,Combined TRACON& Tower with Radar,37,25,39,19,120,0,8,61,8,77,37,33,100,27,197,110,11,121,318
04/12/2023,AVL,NC,ASO,ES,Combined TRACON& Tower with Radar,37,25,38,1,101,0,17,110,3,130,37,42,148,4,231,70,0,70,301
04/13/2023,AVL,NC,ASO,ES,Combined TRACON& Tower with Radar,55,33,43,2,133,0,8,47,5,60,55,41,90,7,193,40,0,40,233
04/14/2023,AVL,NC,ASO,ES,Combined TRACON& Tower with Radar,50,21,40,0,111,0,0,2,0,2,50,21,42,0,113,2,0,2,115
04/15/2023,AVL,NC,ASO,ES,Combined TRACON& Tower with Radar,40,21,28,3,92,0,2,64,4,70,40,23,92,7,162,51,0,51,213
04/16/2023,AVL,NC,ASO,ES,Combined TRACON& Tower with Radar,54,34,29,3,120,0,0,10,2,12,54,34,39,5,132,78,0,78,210
04/17/2023,AVL,NC,ASO,ES,Combined TRACON& Tower with Radar,54,19,43,10,126,0,0,26,7,33,54,19,69,17,159,27,8,35,194
04/18/2023,AVL,NC,ASO,ES,Combined TRACON& Tower with Radar,35,25,35,8,103,0,4,25,3,32,35,29,60,11,135,23,0,23,158
04/19/2023,AVL,NC,ASO,ES,Combined TRACON& Tower with Radar,39,35,45,22,141,0,4,83,7,94,39,39,128,29,235,44,5,49,284
04/20/2023,AVL,NC,ASO,ES,Combined TRACON& Tower with Radar,57,26,63,4,150,0,4,87,12,103,57,30,150,16,253,54,12,66,319
04/21/2023,AVL,NC,ASO,ES,Combined TRACON& Tower with Radar,52,37,43,22,154,0,7,69,0,76,52,44,112,22,230,68,0,68,298
04/22/2023,AVL,NC,ASO,ES,Combined TRACON& Tower with Radar,44,22,21,1,88,0,0,17,1,18,44,22,38,2,106,0,0,0,106
04/23/2023,AVL,NC,ASO,ES,Combined TRACON& Tower with Radar,52,35,37,14,138,0,9,82,6,97,52,44,119,20,235,65,0,65,300
04/24/2023,AVL,NC,ASO,ES,Combined TRACON& Tower with Radar,52,17,32,2,103,0,3,64,8,75,52,20,96,10,178,98,0,98,276
04/25/2023,AVL,NC,ASO,ES,Combined TRACON& Tower with Radar,34,27,41,10,112,0,8,58,4,70,34,35,99,14,182,26,0,26,208
04/26/2023,AVL,NC,ASO,ES,Combined TRACON& Tower with Radar,37,32,43,15,127,0,0,3,2,5,37,32,46,17,132,2,0,2,134
04/27/2023,AVL,NC,ASO,ES,Combined TRACON& Tower with Radar,53,20,18,3,94,0,0,0,0,0,53,20,18,3,94,0,0,0,94
04/28/2023,AVL,NC,ASO,ES,Combined TRACON& Tower with Radar,54,35,41,16,146,0,0,9,4,13,54,35,50,20,159,30,0,30,189
04/29/2023,AVL,NC,ASO,ES,Combined TRACON& Tower with Radar,43,27,29,3,102,0,6,52,2,60,43,33,81,5,162,123,0,123,285
04/30/2023,AVL,NC,ASO,ES,Combined TRACON& Tower with Radar,52,43,41,0,136,0,0,10,0,10,52,43,51,0,146,18,0,18,164
05/01/2023,AVL,NC,ASO,ES,Combined TRACON& Tower with Radar,58,29,32,1,120,0,2,13,0,15,58,31,45,1,135,8,0,8,143
05/02/2023,AVL,NC,ASO,ES,Combined TRACON& Tower with Radar,34,26,37,2,99,0,0,9,2,11,34,26,46,4,110,0,0,0,110
05/03/2023,AVL,NC,ASO,ES,Combined TRACON& Tower with Radar,37,33,38,5,113,0,0,9,4,13,37,33,47,9,126,0,8,8,134
05/04/2023,AVL,NC,ASO,ES,Combined TRACON& Tower with Radar,56,42,58,25,181,0,1,69,3,73,56,43,127,28,254,78,12,90,344
05/05/2023,AVL,NC,ASO,ES,Combined TRACON& Tower with Radar,55,21,49,16,141,0,1,72,1,74,55,22,121,17,215,64,0,64,279
05/06/2023,AVL,NC,ASO,ES,Combined TRACON& Tower with Radar,38,24,40,3,105,0,2,53,0,55,38,26,93,3,160,82,0,82,242
05/07/2023,AVL,NC,ASO,ES,Combined TRACON& Tower with Radar,57,29,30,3,119,0,0,49,1,50,57,29,79,4,169,104,0,104,273
05/08/2023,AVL,NC,ASO,ES,Combined TRACON& Tower with Radar,57,30,24,15,126,0,0,21,1,22,57,30,45,16,148,81,3,84,232
05/09/2023,AVL,NC,ASO,ES,Combined TRACON& Tower with Radar,35,29,61,6,131,0,0,34,2,36,35,29,95,8,167,96,2,98,265
05/10/2023,AVL,NC,ASO,ES,Combined TRACON& Tower with Radar,41,20,51,1,113,0,0,71,1,72,41,20,122,2,185,138,0,138,323
05/11/2023,AVL,NC,ASO,ES,Combined TRACON& Tower with Radar,59,33,40,2,134,0,0,69,4,73,59,33,109,6,207,108,0,108,315
05/12/2023,AVL,NC,ASO,ES,Combined TRACON& Tower with Radar,55,37,60,8,160,0,0,3,2,5,55,37,63,10,165,63,2,65,230
05/13/2023,AVL,NC,ASO,ES,Combined TRACON& Tower with Radar,39,40,26,2,107,0,0,39,0,39,39,40,65,2,146,88,0,88,234
05/14/2023,AVL,NC,ASO,ES,Combined TRACON& Tower with Radar,56,47,49,10,162,0,0,34,2,36,56,47,83,12,198,0,0,0,198
05/15/2023,AVL,NC,ASO,ES,Combined TRACON& Tower with Radar,57,30,35,8,130,0,0,9,1,10,57,30,44,9,140,44,0,44,184
05/16/2023,AVL,NC,ASO,ES,Combined TRACON& Tower with Radar,39,26,46,0,111,0,1,33,2,36,39,27,79,2,147,85,0,85,232
05/17/2023,AVL,NC,ASO,ES,Combined TRACON& Tower with Radar,41,26,76,7,150,0,2,64,3,69,41,28,140,10,219,87,0,87,306
05/18/2023,AVL,NC,ASO,ES,Combined TRACON& Tower with Radar,57,33,54,4,148,0,0,12,1,13,57,33,66,5,161,102,4,106,267
05/19/2023,AVL,NC,ASO,ES,Combined TRACON& Tower with Radar,55,47,74,16,192,0,0,55,4,59,55,47,129,20,251,117,8,125,376
05/20/2023,AVL,NC,ASO,ES,Combined TRACON& Tower with Radar,37,37,30,0,104,0,0,6,0,6,37,37,36,0,110,108,0,108,218
05/21/2023,AVL,NC,ASO,ES,Combined TRACON& Tower with Radar,56,46,65,6,173,0,0,83,2,85,56,46,148,8,258,85,0,85,343
05/22/2023,AVL,NC,ASO,ES,Combined TRACON& Tower with Radar,57,40,43,1,141,0,1,61,4,66,57,41,104,5,207,103,0,103,310
05/23/2023,AVL,NC,ASO,ES,Combined TRACON& Tower with Radar,38,36,40,5,119,0,0,47,1,48,38,36,87,6,167,125,12,137,304
05/24/2023,AVL,NC,ASO,ES,Combined TRACON& Tower with Radar,43,32,61,16,152,0,4,74,3,81,43,36,135,19,233,114,0,114,347
05/25/2023,AVL,NC,ASO,ES,Combined TRACON& Tower with Radar,57,34,65,6,162,0,4,41,4,49,57,38,106,10,211,93,10,103,314
05/26/2023,AVL,NC,ASO,ES,Combined TRACON& Tower with Radar,60,42,52,4,158,0,0,66,0,66,60,42,118,4,224,84,0,84,308
05/27/2023,AVL,NC,ASO,ES,Combined TRACON& Tower with Radar,42,23,23,0,88,0,0,19,0,19,42,23,42,0,107,8,0,8,115
05/28/2023,AVL,NC,ASO,ES,Combined TRACON& Tower with Radar,52,20,21,2,95,0,0,3,0,3,52,20,24,2,98,0,0,0,98
05/29/2023,AVL,NC,ASO,ES,Combined TRACON& Tower with Radar,63,37,29,0,129,0,0,31,0,31,63,37,60,0,160,64,0,64,224
05/30/2023,AVL,NC,ASO,ES,Combined TRACON& Tower with Radar,41,27,37,11,116,0,0,21,1,22,41,27,58,12,138,88,0,88,226
05/31/2023,AVL,NC,ASO,ES,Combined TRACON& Tower with Radar,48,37,49,14,148,0,1,19,0,20,48,38,68,14,168,71,13,84,252
06/01/2023,AVL,NC,ASO,ES,Combined TRACON& Tower with Radar,62,36,73,20,191,0,2,61,8,71,62,38,134,28,262,44,24,68,330
06/02/2023,AVL,NC,ASO,ES,Combined TRACON& Tower with Radar,64,34,44,13,155,0,0,63,1,64,64,34,107,14,219,46,8,54,273
06/03/2023,AVL,NC,ASO,ES,Combined TRACON& Tower with Radar,71,41,48,24,184,0,1,105,2,108,71,42,153,26,292,43,6,49,341
06/04/2023,AVL,NC,ASO,ES,Combined TRACON& Tower with Radar,65,47,77,5,194,0,0,23,2,25,65,47,100,7,219,34,0,34,253
06/05/2023,AVL,NC,ASO,ES,Combined TRACON& Tower with Radar,68,31,77,3,179,0,0,30,1,31,68,31,107,4,210,75,4,79,289
06/06/2023,AVL,NC,ASO,ES,Combined TRACON& Tower with Radar,42,32,46,7,127,0,0,41,6,47,42,32,87,13,174,52,2,54,228
06/07/2023,AVL,NC,ASO,ES,Combined TRACON& Tower with Radar,54,26,52,21,153,0,1,45,5,51,54,27,97,26,204,24,3,27,231
06/08/2023,AVL,NC,ASO,ES,Combined TRACON& Tower with Radar,72,38,45,19,174,0,0,35,9,44,72,38,80,28,218,32,24,56,274
06/09/2023,AVL,NC,ASO,ES,Combined TRACON& Tower with Radar,71,38,57,8,174,0,0,60,2,62,71,38,117,10,236,27,0,27,263
06/10/2023,AVL,NC,ASO,ES,Combined TRACON& Tower with Radar,65,33,44,3,145,0,1,75,1,77,65,34,119,4,222,22,0,22,244
06/11/2023,AVL,NC,ASO,ES,Combined TRACON& Tower with Radar,71,57,61,0,189,0,0,14,0,14,71,57,75,0,203,0,0,0,203
06/12/2023,AVL,NC,ASO,ES,Combined TRACON& Tower with Radar,70,29,38,2,139,0,0,15,3,18,70,29,53,5,157,54,0,54,211
06/13/2023,AVL,NC,ASO,ES,Combined TRACON& Tower with Radar,46,25,25,9,105,0,1,52,9,62,46,26,77,18,167,60,0,60,227
06/14/2023,AVL,NC,ASO,ES,Combined TRACON& Tower with Radar,52,36,46,13,147,0,0,58,5,63,52,36,104,18,210,36,0,36,246
06/15/2023,AVL,NC,ASO,ES,Combined TRACON& Tower with Radar,73,40,48,2,163,0,0,57,3,60,73,40,105,5,223,22,0,22,245
06/16/2023,AVL,NC,ASO,ES,Combined TRACON& Tower with Radar,69,31,57,10,167,0,0,39,4,43,69,31,96,14,210,22,14,36,246
06/17/2023,AVL,NC,ASO,ES,Combined TRACON& Tower with Radar,65,31,52,1,149,0,0,68,2,70,65,31,120,3,219,48,0,48,267
06/18/2023,AVL,NC,ASO,ES,Combined TRACON& Tower with Radar,73,45,54,3,175,0,2,50,2,54,73,47,104,5,229,26,0,26,255
06/19/2023,AVL,NC,ASO,ES,Combined TRACON& Tower with Radar,66,22,38,0,126,0,0,0,0,0,66,22,38,0,126,6,0,6,132
06/20/2023,AVL,NC,ASO,ES,Combined TRACON& Tower with Radar,50,23,29,0,102,0,0,3,0,3,50,23,32,0,105,0,0,0,105
06/21/2023,AVL,NC,ASO,ES,Combined TRACON& Tower with Radar,55,42,52,0,149,0,0,0,0,0,55,42,52,0,149,0,0,0,149
06/22/2023,AVL,NC,ASO,ES,Combined TRACON& Tower with Radar,72,48,43,2,165,0,0,2,0,2,72,48,45,2,167,0,0,0,167
06/23/2023,AVL,NC,ASO,ES,Combined TRACON& Tower with Radar,68,38,113,9,228,0,0,29,1,30,68,38,142,10,258,12,0,12,270
06/24/2023,AVL,NC,ASO,ES,Combined TRACON& Tower with Radar,69,34,34,0,137,0,0,53,0,53,69,34,87,0,190,39,0,39,229
06/25/2023,AVL,NC,ASO,ES,Combined TRACON& Tower with Radar,68,42,79,9,198,0,0,61,0,61,68,42,140,9,259,12,2,14,273
06/26/2023,AVL,NC,ASO,ES,Combined TRACON& Tower with Radar,71,39,53,5,168,0,1,50,2,53,71,40,103,7,221,91,4,95,316
06/27/2023,AVL,NC,ASO,ES,Combined TRACON& Tower with Radar,40,28,67,20,155,0,0,39,2,41,40,28,106,22,196,70,0,70,266
06/28/2023,AVL,NC,ASO,ES,Combined TRACON& Tower with Radar,56,42,76,29,203,0,1,62,2,65,56,43,138,31,268,56,0,56,324
06/29/2023,AVL,NC,ASO,ES,Combined TRACON& Tower with Radar,76,32,73,27,208,0,0,38,1,39,76,32,111,28,247,67,0,67,314
06/30/2023,AVL,NC,ASO,ES,Combined TRACON& Tower with Radar,69,52,103,0,224,0,0,27,0,27,69,52,130,0,251,50,0,50,301
07/01/2023,AVL,NC,ASO,ES,Combined TRACON& Tower with Radar,71,44,62,0,177,0,2,53,0,55,71,46,115,0,232,16,0,16,248
07/02/2023,AVL,NC,ASO,ES,Combined TRACON& Tower with Radar,71,35,44,0,150,0,0,53,0,53,71,35,97,0,203,67,0,67,270
07/03/2023,AVL,NC,ASO,ES,Combined TRACON& Tower with Radar,60,38,40,0,138,0,0,24,0,24,60,38,64,0,162,46,0,46,208
07/04/2023,AVL,NC,ASO,ES,Combined TRACON& Tower with Radar,44,22,28,0,94,0,0,28,1,29,44,22,56,1,123,42,0,42,165
07/05/2023,AVL,NC,ASO,ES,Combined TRACON& Tower with Radar,57,30,62,2,151,0,0,30,0,30,57,30,92,2,181,52,0,52,233
07/06/2023,AVL,NC,ASO,ES,Combined TRACON& Tower with Radar,76,54,56,17,203,0,1,23,3,27,76,55,79,20,230,35,7,42,272
07/07/2023,AVL,NC,ASO,ES,Combined TRACON& Tower with Radar,70,56,52,6,184,0,1,48,0,49,70,57,100,6,233,37,0,37,270
07/08/2023,AVL,NC,ASO,ES,Combined TRACON& Tower with Radar,73,34,61,0,168,0,0,80,0,80,73,34,141,0,248,45,0,45,293
07/09/2023,AVL,NC,ASO,ES,Combined TRACON& Tower with Radar,70,45,62,1,178,0,0,29,1,30,70,45,91,2,208,54,0,54,262
07/10/2023,AVL,NC,ASO,ES,Combined TRACON& Tower with Radar,70,36,55,4,165,0,0,32,1,33,70,36,87,5,198,73,0,73,271
07/11/2023,AVL,NC,ASO,ES,Combined TRACON& Tower with Radar,54,28,46,21,149,0,5,52,1,58,54,33,98,22,207,56,6,62,269
07/12/2023,AVL,NC,ASO,ES,Combined TRACON& Tower with Radar,59,28,67,49,203,0,4,57,6,67,59,32,124,55,270,57,16,73,343
07/13/2023,AVL,NC,ASO,ES,Combined TRACON& Tower with Radar,79,36,42,15,172,0,0,30,5,35,79,36,72,20,207,38,16,54,261
07/14/2023,AVL,NC,ASO,ES,Combined TRACON& Tower with Radar,71,45,67,13,196,0,0,25,3,28,71,45,92,16,224,26,0,26,250
07/15/2023,AVL,NC,ASO,ES,Combined TRACON& Tower with Radar,74,41,39,2,156,0,2,14,1,17,74,43,53,3,173,26,10,36,209
07/16/2023,AVL,NC,ASO,ES,Combined TRACON& Tower with Radar,70,48,67,4,189,0,0,42,4,46,70,48,109,8,235,48,0,48,283
07/17/2023,AVL,NC,ASO,ES,Combined TRACON& Tower with Radar,74,25,70,13,182,0,0,21,1,22,74,25,91,14,204,66,4,70,274
07/18/2023,AVL,NC,ASO,ES,Combined TRACON& Tower with Radar,54,24,64,5,147,0,0,21,1,22,54,24,85,6,169,72,0,72,241
07/19/2023,AVL,NC,ASO,ES,Combined TRACON& Tower with Radar,60,36,60,5,161,0,0,21,0,21,60,36,81,5,182,78,0,78,260
07/20/2023,AVL,NC,ASO,ES,Combined TRACON& Tower with Radar,80,47,47,0,174,0,0,3,0,3,80,47,50,0,177,0,0,0,177
07/21/2023,AVL,NC,ASO,ES,Combined TRACON& Tower with Radar,68,59,98,3,228,0,4,55,0,59,68,63,153,3,287,13,0,13,300
07/22/2023,AVL,NC,ASO,ES,Combined TRACON& Tower with Radar,75,30,57,1,163,0,0,44,1,45,75,30,101,2,208,59,4,63,271
07/23/2023,AVL,NC,ASO,ES,Combined TRACON& Tower with Radar,76,43,64,2,185,0,0,51,2,53,76,43,115,4,238,48,0,48,286
07/24/2023,AVL,NC,ASO,ES,Combined TRACON& Tower with Radar,78,22,73,17,190,0,1,30,0,31,78,23,103,17,221,88,0,88,309
07/25/2023,AVL,NC,ASO,ES,Combined TRACON& Tower with Radar,50,20,68,11,149,0,0,32,1,33,50,20,100,12,182,118,0,118,300
07/26/2023,AVL,NC,ASO,ES,Combined TRACON& Tower with Radar,59,28,98,34,219,0,0,39,5,44,59,28,137,39,263,88,10,98,361
07/27/2023,AVL,NC,ASO,ES,Combined TRACON& Tower with Radar,78,47,91,12,228,0,0,24,6,30,78,47,115,18,258,50,12,62,320
07/28/2023,AVL,NC,ASO,ES,Combined TRACON& Tower with Radar,73,39,82,22,216,0,0,15,2,17,73,39,97,24,233,48,12,60,293
07/29/2023,AVL,NC,ASO,ES,Combined TRACON& Tower with Radar,79,34,60,4,177,0,2,29,1,32,79,36,89,5,209,34,0,34,243
07/30/2023,AVL,NC,ASO,ES,Combined TRACON& Tower with Radar,79,31,93,4,207,0,0,18,1,19,79,31,111,5,226,20,0,20,246
07/31/2023,AVL,NC,ASO,ES,Combined TRACON& Tower with Radar,77,32,88,4,201,0,2,20,0,22,77,34,108,4,223,40,0,40,263
08/01/2023,AVL,NC,ASO,ES,Combined TRACON& Tower with Radar,53,28,75,12,168,0,1,33,2,36,53,29,108,14,204,50,6,56,260
08/02/2023,AVL,NC,ASO,ES,Combined TRACON& Tower with Radar,54,28,71,12,165,0,0,18,2,20,54,28,89,14,185,78,0,78,263
08/03/2023,AVL,NC,ASO,ES,Combined TRACON& Tower with Radar,81,51,45,0,177,0,0,0,0,0,81,51,45,0,177,2,0,2,179
08/04/2023,AVL,NC,ASO,ES,Combined TRACON& Tower with Radar,71,46,81,8,206,0,0,15,4,19,71,46,96,12,225,10,0,10,235
08/05/2023,AVL,NC,ASO,ES,Combined TRACON& Tower with Radar,69,26,88,0,183,0,0,46,1,47,69,26,134,1,230,10,0,10,240
08/06/2023,AVL,NC,ASO,ES,Combined TRACON& Tower with Radar,67,52,74,1,194,0,0,14,2,16,67,52,88,3,210,6,0,6,216
08/07/2023,AVL,NC,ASO,ES,Combined TRACON& Tower with Radar,58,28,44,2,132,0,0,15,1,16,58,28,59,3,148,23,0,23,171
08/08/2023,AVL,NC,ASO,ES,Combined TRACON& Tower with Radar,51,20,84,12,167,0,0,37,5,42,51,20,121,17,209,66,14,80,289
08/09/2023,AVL,NC,ASO,ES,Combined TRACON& Tower with Radar,54,34,96,11,195,0,0,40,5,45,54,34,136,16,240,73,8,81,321
08/10/2023,AVL,NC,ASO,ES,Combined TRACON& Tower with Radar,75,37,65,0,177,0,0,12,0,12,75,37,77,0,189,22,0,22,211
08/11/2023,AVL,NC,ASO,ES,Combined TRACON& Tower with Radar,71,50,87,10,218,0,1,14,0,15,71,51,101,10,233,45,3,48,281
08/12/2023,AVL,NC,ASO,ES,Combined TRACON& Tower with Radar,67,19,67,0,153,0,0,31,0,31,67,19,98,0,184,20,0,20,204
08/13/2023,AVL,NC,ASO,ES,Combined TRACON& Tower with Radar,73,56,92,2,223,0,0,45,2,47,73,56,137,4,270,24,0,24,294
08/14/2023,AVL,NC,ASO,ES,Combined TRACON& Tower with Radar,71,31,70,2,174,0,0,24,2,26,71,31,94,4,200,38,0,38,238
08/15/2023,AVL,NC,ASO,ES,Combined TRACON& Tower with Radar,54,31,46,10,141,0,0,16,4,20,54,31,62,14,161,82,10,92,253
08/16/2023,AVL,NC,ASO,ES,Combined TRACON& Tower with Radar,61,36,84,18,199,0,2,33,5,40,61,38,117,23,239,86,10,96,335
08/17/2023,AVL,NC,ASO,ES,Combined TRACON& Tower with Radar,77,36,78,5,196,0,0,34,1,35,77,36,112,6,231,55,0,55,286
08/18/2023,AVL,NC,ASO,ES,Combined TRACON& Tower with Radar,76,40,64,26,206,0,0,22,4,26,76,40,86,30,232,38,10,48,280
08/19/2023,AVL,NC,ASO,ES,Combined TRACON& Tower with Radar,58,24,69,0,151,0,2,45,0,47,58,26,114,0,198,50,0,50,248
08/20/2023,AVL,NC,ASO,ES,Combined TRACON& Tower with Radar,77,36,90,1,204,0,0,41,3,44,77,36,131,4,248,28,0,28,276
08/21/2023,AVL,NC,ASO,ES,Combined TRACON& Tower with Radar,76,36,56,11,179,0,0,28,1,29,76,36,84,12,208,28,0,28,236
08/22/2023,AVL,NC,ASO,ES,Combined TRACON& Tower with Radar,52,34,61,12,159,0,1,20,0,21,52,35,81,12,180,10,0,10,190
08/23/2023,AVL,NC,ASO,ES,Combined TRACON& Tower with Radar,61,29,69,8,167,0,0,24,1,25,61,29,93,9,192,58,0,58,250
08/24/2023,AVL,NC,ASO,ES,Combined TRACON& Tower with Radar,79,37,61,24,201,0,0,27,0,27,79,37,88,24,228,44,4,48,276
08/25/2023,AVL,NC,ASO,ES,Combined TRACON& Tower with Radar,75,37,84,16,212,0,0,28,0,28,75,37,112,16,240,28,9,37,277
08/26/2023,AVL,NC,ASO,ES,Combined TRACON& Tower with Radar,60,24,66,0,150,0,0,57,3,60,60,24,123,3,210,21,0,21,231
08/27/2023,AVL,NC,ASO,ES,Combined TRACON& Tower with Radar,74,30,62,1,167,0,2,22,0,24,74,32,84,1,191,18,0,18,209
08/28/2023,AVL,NC,ASO,ES,Combined TRACON& Tower with Radar,73,27,30,6,136,0,1,1,0,2,73,28,31,6,138,0,0,0,138
08/29/2023,AVL,NC,ASO,ES,Combined TRACON& Tower with Radar,49,27,34,2,112,0,0,2,0,2,49,27,36,2,114,0,0,0,114
08/30/2023,AVL,NC,ASO,ES,Combined TRACON& Tower with Radar,50,32,20,3,105,0,0,4,0,4,50,32,24,3,109,6,0,6,115
08/31/2023,AVL,NC,ASO,ES,Combined TRACON& Tower with Radar,76,25,82,5,188,0,0,42,2,44,76,25,124,7,232,34,0,34,266
01/01/2020,AVL,NC,ASO,ES,Combined TRACON& Tower with Radar,31,20,24,0,75,0,0,43,0,43,31,20,67,0,118,54,0,54,172
01/02/2020,AVL,NC,ASO,ES,Combined TRACON& Tower with Radar,41,29,35,11,116,0,0,9,2,11,41,29,44,13,127,55,4,59,186
01/03/2020,AVL,NC,ASO,ES,Combined TRACON& Tower with Radar,42,30,14,3,89,0,0,0,0,0,42,30,14,3,89,0,0,0,89
01/04/2020,AVL,NC,ASO,ES,Combined TRACON& Tower with Radar,38,27,19,2,86,0,0,9,0,9,38,27,28,2,95,6,0,6,101
01/05/2020,AVL,NC,ASO,ES,Combined TRACON& Tower with Radar,45,26,33,0,104,0,0,54,0,54,45,26,87,0,158,96,0,96,254
01/06/2020,AVL,NC,ASO,ES,Combined TRACON& Tower with Radar,39,29,29,3,100,0,0,52,1,53,39,29,81,4,153,64,0,64,217
01/07/2020,AVL,NC,ASO,ES,Combined TRACON& Tower with Radar,24,28,25,2,79,0,0,16,0,16,24,28,41,2,95,14,0,14,109
01/08/2020,AVL,NC,ASO,ES,Combined TRACON& Tower with Radar,22,27,27,2,78,0,1,34,5,40,22,28,61,7,118,14,0,14,132
01/09/2020,AVL,NC,ASO,ES,Combined TRACON& Tower with Radar,35,30,29,2,96,0,2,59,2,63,35,32,88,4,159,64,2,66,225
01/10/2020,AVL,NC,ASO,ES,Combined TRACON& Tower with Radar,33,24,34,12,103,0,0,4,0,4,33,24,38,12,107,0,0,0,107
01/11/2020,AVL,NC,ASO,ES,Combined TRACON& Tower with Radar,32,13,10,1,56,0,0,0,0,0,32,13,10,1,56,0,0,0,56
01/12/2020,AVL,NC,ASO,ES,Combined TRACON& Tower with Radar,38,20,27,1,86,0,1,58,2,61,38,21,85,3,147,77,0,77,224
01/13/2020,AVL,NC,ASO,ES,Combined TRACON& Tower with Radar,31,22,18,16,87,0,1,10,0,11,31,23,28,16,98,96,0,96,194
01/14/2020,AVL,NC,ASO,ES,Combined TRACON& Tower with Radar,26,18,17,2,63,0,0,2,2,4,26,18,19,4,67,9,0,9,76
01/15/2020,AVL,NC,ASO,ES,Combined TRACON& Tower with Radar,26,25,47,0,98,0,1,9,0,10,26,26,56,0,108,37,0,37,145
01/16/2020,AVL,NC,ASO,ES,Combined TRACON& Tower with Radar,38,36,19,3,96,0,0,23,3,26,38,36,42,6,122,24,0,24,146
01/17/2020,AVL,NC,ASO,ES,Combined TRACON& Tower with Radar,33,34,41,6,114,0,0,61,2,63,33,34,102,8,177,66,0,66,243
01/18/2020,AVL,NC,ASO,ES,Combined TRACON& Tower with Radar,22,16,7,1,46,0,0,0,0,0,22,16,7,1,46,0,0,0,46
01/19/2020,AVL,NC,ASO,ES,Combined TRACON& Tower with Radar,35,26,23,0,84,0,2,3,0,5,35,28,26,0,89,0,0,0,89
01/20/2020,AVL,NC,ASO,ES,Combined TRACON& Tower with Radar,33,30,26,0,89,0,0,43,1,44,33,30,69,1,133,20,0,20,153
01/21/2020,AVL,NC,ASO,ES,Combined TRACON& Tower with Radar,23,26,31,4,84,0,1,51,2,54,23,27,82,6,138,40,0,40,178
01/22/2020,AVL,NC,ASO,ES,Combined TRACON& Tower with Radar,20,31,22,9,82,0,3,54,0,57,20,34,76,9,139,117,0,117,256
01/23/2020,AVL,NC,ASO,ES,Combined TRACON& Tower with Radar,34,26,34,2,96,0,0,49,2,51,34,26,83,4,147,133,0,133,280
01/24/2020,AVL,NC,ASO,ES,Combined TRACON& Tower with Radar,33,28,13,0,74,0,0,0,0,0,33,28,13,0,74,0,0,0,74
01/25/2020,AVL,NC,ASO,ES,Combined TRACON& Tower with Radar,25,27,32,2,86,0,0,39,1,40,25,27,71,3,126,130,0,130,256
01/26/2020,AVL,NC,ASO,ES,Combined TRACON& Tower with Radar,40,27,24,6,97,0,0,54,0,54,40,27,78,6,151,54,0,54,205
01/27/2020,AVL,NC,ASO,ES,Combined TRACON& Tower with Radar,31,22,15,0,68,0,0,8,0,8,31,22,23,0,76,67,0,67,143
01/28/2020,AVL,NC,ASO,ES,Combined TRACON& Tower with Radar,21,28,34,10,93,0,0,62,4,66,21,28,96,14,159,144,5,149,308
01/29/2020,AVL,NC,ASO,ES,Combined TRACON& Tower with Radar,21,25,31,2,79,0,0,44,3,47,21,25,75,5,126,102,0,102,228
01/30/2020,AVL,NC,ASO,ES,Combined TRACON& Tower with Radar,35,26,29,2,92,0,0,34,0,34,35,26,63,2,126,153,0,153,279
01/31/2020,AVL,NC,ASO,ES,Combined TRACON& Tower with Radar,34,21,23,0,78,0,0,2,0,2,34,21,25,0,80,16,0,16,96
02/01/2020,AVL,NC,ASO,ES,Combined TRACON& Tower with Radar,34,25,13,0,72,0,0,5,0,5,34,25,18,0,77,63,0,63,140
02/02/2020,AVL,NC,ASO,ES,Combined TRACON& Tower with Radar,34,29,24,0,87,0,0,59,0,59,34,29,83,0,146,69,0,69,215
02/03/2020,AVL,NC,ASO,ES,Combined TRACON& Tower with Radar,33,29,31,9,102,0,0,55,1,56,33,29,86,10,158,102,0,102,260
02/04/2020,AVL,NC,ASO,ES,Combined TRACON& Tower with Radar,24,20,37,10,91,0,2,43,2,47,24,22,80,12,138,100,0,100,238
02/05/2020,AVL,NC,ASO,ES,Combined TRACON& Tower with Radar,24,29,21,0,74,0,0,0,0,0,24,29,21,0,74,0,0,0,74
02/06/2020,AVL,NC,ASO,ES,Combined TRACON& Tower with Radar,35,18,6,0,59,0,0,0,0,0,35,18,6,0,59,0,0,0,59
02/07/2020,AVL,NC,ASO,ES,Combined TRACON& Tower with Radar,35,23,34,3,95,0,0,17,0,17,35,23,51,3,112,27,0,27,139
02/08/2020,AVL,NC,ASO,ES,Combined TRACON& Tower with Radar,25,24,9,4,62,0,0,8,1,9,25,24,17,5,71,6,0,6,77
02/09/2020,AVL,NC,ASO,ES,Combined TRACON& Tower with Radar,37,24,22,0,83,0,0,62,0,62,37,24,84,0,145,87,0,87,232
02/10/2020,AVL,NC,ASO,ES,Combined TRACON& Tower with Radar,33,34,27,1,95,0,0,2,0,2,33,34,29,1,97,12,0,12,109
02/11/2020,AVL,NC,ASO,ES,Combined TRACON& Tower with Radar,20,23,16,0,59,0,0,17,1,18,20,23,33,1,77,47,0,47,124
02/12/2020,AVL,NC,ASO,ES,Combined TRACON& Tower with Radar,27,22,27,0,76,0,0,3,1,4,27,22,30,1,80,37,0,37,117
02/13/2020,AVL,NC,ASO,ES,Combined TRACON& Tower with Radar,39,22,22,3,86,0,0,9,0,9,39,22,31,3,95,0,0,0,95
02/14/2020,AVL,NC,ASO,ES,Combined TRACON& Tower with Radar,33,28,33,6,100,0,4,95,0,99,33,32,128,6,199,81,0,81,280
02/15/2020,AVL,NC,ASO,ES,Combined TRACON& Tower with Radar,30,19,24,0,73,0,1,111,0,112,30,20,135,0,185,109,0,109,294
02/16/2020,AVL,NC,ASO,ES,Combined TRACON& Tower with Radar,37,20,36,3,96,0,0,64,0,64,37,20,100,3,160,151,0,151,311
02/17/2020,AVL,NC,ASO,ES,Combined TRACON& Tower with Radar,38,36,38,3,115,0,3,75,0,78,38,39,113,3,193,63,0,63,256
02/18/2020,AVL,NC,ASO,ES,Combined TRACON& Tower with Radar,27,23,23,1,74,0,0,0,0,0,27,23,23,1,74,0,0,0,74
02/19/2020,AVL,NC,ASO,ES,Combined TRACON& Tower with Radar,29,27,43,3,102,0,0,26,0,26,29,27,69,3,128,108,0,108,236
02/20/2020,AVL,NC,ASO,ES,Combined TRACON& Tower with Radar,33,23,9,0,65,0,0,0,0,0,33,23,9,0,65,0,0,0,65
02/21/2020,AVL,NC,ASO,ES,Combined TRACON& Tower with Radar,35,26,45,9,115,0,2,70,3,75,35,28,115,12,190,28,8,36,226
02/22/2020,AVL,NC,ASO,ES,Combined TRACON& Tower with Radar,29,24,27,2,82,0,0,108,0,108,29,24,135,2,190,76,0,76,266
02/23/2020,AVL,NC,ASO,ES,Combined TRACON& Tower with Radar,37,29,42,4,112,0,0,87,1,88,37,29,129,5,200,118,0,118,318
02/24/2020,AVL,NC,ASO,ES,Combined TRACON& Tower with Radar,35,24,20,0,79,0,0,0,0,0,35,24,20,0,79,31,0,31,110
02/25/2020,AVL,NC,ASO,ES,Combined TRACON& Tower with Radar,24,28,19,7,78,0,0,37,0,37,24,28,56,7,115,102,0,102,217
02/26/2020,AVL,NC,ASO,ES,Combined TRACON& Tower with Radar,31,24,28,0,83,0,0,15,0,15,31,24,43,0,98,8,0,8,106
02/27/2020,AVL,NC,ASO,ES,Combined TRACON& Tower with Radar,35,29,34,2,100,0,0,45,3,48,35,29,79,5,148,6,0,6,154
02/28/2020,AVL,NC,ASO,ES,Combined TRACON& Tower with Radar,37,25,24,2,88,0,0,36,0,36,37,25,60,2,124,62,0,62,186
02/29/2020,AVL,NC,ASO,ES,Combined TRACON& Tower with Radar,32,28,12,9,81,0,0,26,3,29,32,28,38,12,110,2,4,6,116
03/01/2020,AVL,NC,ASO,ES,Combined TRACON& Tower with Radar,37,29,37,12,115,0,0,100,2,102,37,29,137,14,217,65,0,65,282
03/02/2020,AVL,NC,ASO,ES,Combined TRACON& Tower with Radar,36,28,9,0,73,0,0,11,0,11,36,28,20,0,84,14,0,14,98
03/03/2020,AVL,NC,ASO,ES,Combined TRACON& Tower with Radar,24,32,9,2,67,0,0,12,0,12,24,32,21,2,79,18,0,18,97
03/04/2020,AVL,NC,ASO,ES,Combined TRACON& Tower with Radar,27,34,30,5,96,0,0,75,2,77,27,34,105,7,173,115,0,115,288
03/05/2020,AVL,NC,ASO,ES,Combined TRACON& Tower with Radar,40,29,36,0,105,0,1,28,0,29,40,30,64,0,134,72,0,72,206
03/06/2020,AVL,NC,ASO,ES,Combined TRACON& Tower with Radar,34,33,26,20,113,0,0,11,16,27,34,33,37,36,140,0,16,16,156
03/07/2020,AVL,NC,ASO,ES,Combined TRACON& Tower with Radar,32,21,25,2,80,0,0,53,1,54,32,21,78,3,134,57,0,57,191
03/08/2020,AVL,NC,ASO,ES,Combined TRACON& Tower with Radar,41,29,30,10,110,0,2,99,1,102,41,31,129,11,212,127,6,133,345
03/09/2020,AVL,NC,ASO,ES,Combined TRACON& Tower with Radar,35,36,38,2,111,0,0,38,8,46,35,36,76,10,157,90,0,90,247
03/10/2020,AVL,NC,ASO,ES,Combined TRACON& Tower with Radar,24,25,20,5,74,0,0,16,7,23,24,25,36,12,97,38,0,38,135
03/11/2020,AVL,NC,ASO,ES,Combined TRACON& Tower with Radar,25,31,37,14,107,0,0,29,5,34,25,31,66,19,141,92,4,96,237
03/12/2020,AVL,NC,ASO,ES,Combined TRACON& Tower with Radar,37,35,34,14,120,0,0,37,3,40,37,35,71,17,160,53,3,56,216
03/13/2020,AVL,NC,ASO,ES,Combined TRACON& Tower with Radar,34,34,35,25,128,0,0,22,0,22,34,34,57,25,150,64,2,66,216
03/14/2020,AVL,NC,ASO,ES,Combined TRACON& Tower with Radar,30,22,40,8,100,0,1,34,2,37,30,23,74,10,137,60,6,66,203
03/15/2020,AVL,NC,ASO,ES,Combined TRACON& Tower with Radar,39,27,34,2,102,0,0,24,0,24,39,27,58,2,126,42,0,42,168
03/16/2020,AVL,NC,ASO,ES,Combined TRACON& Tower with Radar,34,33,26,9,102,0,2,1,0,3,34,35,27,9,105,0,0,0,105
03/17/2020,AVL,NC,ASO,ES,Combined TRACON& Tower with Radar,22,27,14,0,63,0,0,8,0,8,22,27,22,0,71,42,0,42,113
03/18/2020,AVL,NC,ASO,ES,Combined TRACON& Tower with Radar,27,19,8,3,57,0,0,1,0,1,27,19,9,3,58,0,0,0,58
03/19/2020,AVL,NC,ASO,ES,Combined TRACON& Tower with Radar,27,32,24,6,89,0,3,3,0,6,27,35,27,6,95,16,0,16,111
03/20/2020,AVL,NC,ASO,ES,Combined TRACON& Tower with Radar,30,25,17,1,73,0,0,28,1,29,30,25,45,2,102,18,0,18,120
03/21/2020,AVL,NC,ASO,ES,Combined TRACON& Tower with Radar,23,19,22,0,64,0,0,34,0,34,23,19,56,0,98,26,0,26,124
03/22/2020,AVL,NC,ASO,ES,Combined TRACON& Tower with Radar,23,23,23,0,69,0,0,10,0,10,23,23,33,0,79,75,0,75,154
03/23/2020,AVL,NC,ASO,ES,Combined TRACON& Tower with Radar,21,16,6,0,43,0,0,0,0,0,21,16,6,0,43,0,0,0,43
03/24/2020,AVL,NC,ASO,ES,Combined TRACON& Tower with Radar,8,16,5,0,29,0,0,0,0,0,8,16,5,0,29,0,0,0,29
03/25/2020,AVL,NC,ASO,ES,Combined TRACON& Tower with Radar,14,10,2,0,26,0,0,7,0,7,14,10,9,0,33,0,0,0,33
03/26/2020,AVL,NC,ASO,ES,Combined TRACON& Tower with Radar,16,11,29,1,57,0,2,18,3,23,16,13,47,4,80,13,0,13,93
03/27/2020,AVL,NC,ASO,ES,Combined TRACON& Tower with Radar,15,5,12,6,38,0,0,15,4,19,15,5,27,10,57,6,0,6,63
03/28/2020,AVL,NC,ASO,ES,Combined TRACON& Tower with Radar,11,3,11,0,25,0,4,36,1,41,11,7,47,1,66,6,0,6,72
03/29/2020,AVL,NC,ASO,ES,Combined TRACON& Tower with Radar,16,5,12,0,33,0,1,14,0,15,16,6,26,0,48,0,0,0,48
03/30/2020,AVL,NC,ASO,ES,Combined TRACON& Tower with Radar,11,7,17,0,35,0,0,25,0,25,11,7,42,0,60,8,0,8,68
03/31/2020,AVL,NC,ASO,ES,Combined TRACON& Tower with Radar,8,6,10,2,26,0,0,0,0,0,8,6,10,2,26,0,0,0,26
04/01/2020,AVL,NC,ASO,ES,Combined TRACON& Tower with Radar,9,6,6,0,21,0,1,2,0,3,9,7,8,0,24,30,0,30,54
04/02/2020,AVL,NC,ASO,ES,Combined TRACON& Tower with Radar,13,2,15,9,39,0,0,17,8,25,13,2,32,17,64,0,0,0,64
04/03/2020,AVL,NC,ASO,ES,Combined TRACON& Tower with Radar,11,4,13,0,28,0,2,30,5,37,11,6,43,5,65,0,0,0,65
04/04/2020,AVL,NC,ASO,ES,Combined TRACON& Tower with Radar,12,2,9,0,23,0,0,28,1,29,12,2,37,1,52,6,0,6,58
04/05/2020,AVL,NC,ASO,ES,Combined TRACON& Tower with Radar,12,2,17,0,31,0,0,20,1,21,12,2,37,1,52,36,0,36,88
04/06/2020,AVL,NC,ASO,ES,Combined TRACON& Tower with Radar,9,6,9,1,25,0,0,11,1,12,9,6,20,2,37,2,0,2,39
04/07/2020,AVL,NC,ASO,ES,Combined TRACON& Tower with Radar,9,4,10,3,26,0,0,10,3,13,9,4,20,6,39,0,0,0,39
04/08/2020,AVL,NC,ASO,ES,Combined TRACON& Tower with Radar,14,4,10,14,42,0,0,7,10,17,14,4,17,24,59,14,0,14,73
04/09/2020,AVL,NC,ASO,ES,Combined TRACON& Tower with Radar,12,2,4,3,21,0,0,3,4,7,12,2,7,7,28,0,0,0,28
04/10/2020,AVL,NC,ASO,ES,Combined TRACON& Tower with Radar,12,5,5,2,24,0,0,12,16,28,12,5,17,18,52,0,0,0,52
04/11/2020,AVL,NC,ASO,ES,Combined TRACON& Tower with Radar,8,5,18,0,31,0,0,54,3,57,8,5,72,3,88,30,0,30,118
04/12/2020,AVL,NC,ASO,ES,Combined TRACON& Tower with Radar,13,2,8,0,23,0,2,0,0,2,13,4,8,0,25,0,0,0,25
04/13/2020,AVL,NC,ASO,ES,Combined TRACON& Tower with Radar,9,2,4,0,15,0,0,2,0,2,9,2,6,0,17,2,0,2,19
04/14/2020,AVL,NC,ASO,ES,Combined TRACON& Tower with Radar,11,3,11,4,29,0,0,13,0,13,11,3,24,4,42,12,0,12,54
04/15/2020,AVL,NC,ASO,ES,Combined TRACON& Tower with Radar,12,9,7,5,33,0,0,14,0,14,12,9,21,5,47,12,0,12,59
04/16/2020,AVL,NC,ASO,ES,Combined TRACON& Tower with Radar,12,9,22,1,44,0,2,19,2,23,12,11,41,3,67,26,0,26,93
04/17/2020,AVL,NC,ASO,ES,Combined TRACON& Tower with Radar,13,5,16,3,37,0,0,30,0,30,13,5,46,3,67,16,0,16,83
04/18/2020,AVL,NC,ASO,ES,Combined TRACON& Tower with Radar,6,10,9,0,25,0,2,5,0,7,6,12,14,0,32,4,0,4,36
04/19/2020,AVL,NC,ASO,ES,Combined TRACON& Tower with Radar,10,6,13,0,29,0,0,14,1,15,10,6,27,1,44,22,0,22,66
04/20/2020,AVL,NC,ASO,ES,Combined TRACON& Tower with Radar,8,4,26,4,42,0,0,6,1,7,8,4,32,5,49,0,0,0,49
04/21/2020,AVL,NC,ASO,ES,Combined TRACON& Tower with Radar,8,4,12,0,24,0,0,8,2,10,8,4,20,2,34,0,2,2,36
04/22/2020,AVL,NC,ASO,ES,Combined TRACON& Tower with Radar,7,4,27,5,43,0,0,42,0,42,7,4,69,5,85,20,0,20,105
04/23/2020,AVL,NC,ASO,ES,Combined TRACON& Tower with Radar,9,9,7,0,25,0,0,0,0,0,9,9,7,0,25,0,0,0,25
04/24/2020,AVL,NC,ASO,ES,Combined TRACON& Tower with Radar,8,11,10,9,38,0,0,14,0,14,8,11,24,9,52,19,0,19,71
04/25/2020,AVL,NC,ASO,ES,Combined TRACON& Tower with Radar,5,6,8,0,19,0,0,2,0,2,5,6,10,0,21,0,0,0,21
04/26/2020,AVL,NC,ASO,ES,Combined TRACON& Tower with Radar,7,7,8,0,22,0,0,7,0,7,7,7,15,0,29,10,0,10,39
04/27/2020,AVL,NC,ASO,ES,Combined TRACON& Tower with Radar,6,3,13,0,22,0,1,11,0,12,6,4,24,0,34,0,0,0,34
04/28/2020,AVL,NC,ASO,ES,Combined TRACON& Tower with Radar,6,7,25,6,44,0,0,34,0,34,6,7,59,6,78,49,0,49,127
04/29/2020,AVL,NC,ASO,ES,Combined TRACON& Tower with Radar,3,6,8,1,18,0,0,10,3,13,3,6,18,4,31,0,0,0,31
04/30/2020,AVL,NC,ASO,ES,Combined TRACON& Tower with Radar,12,7,13,9,41,0,0,3,0,3,12,7,16,9,44,9,0,9,53
05/01/2020,AVL,NC,ASO,ES,Combined TRACON& Tower with Radar,13,4,17,0,34,0,0,16,0,16,13,4,33,0,50,4,0,4,54
05/02/2020,AVL,NC,ASO,ES,Combined TRACON& Tower with Radar,4,6,15,0,25,0,1,81,0,82,4,7,96,0,107,40,0,40,147
05/03/2020,AVL,NC,ASO,ES,Combined TRACON& Tower with Radar,11,10,15,0,36,0,0,45,1,46,11,10,60,1,82,34,0,34,116
05/04/2020,AVL,NC,ASO,ES,Combined TRACON& Tower with Radar,10,4,24,0,38,0,2,33,1,36,10,6,57,1,74,49,0,49,123
05/05/2020,AVL,NC,ASO,ES,Combined TRACON& Tower with Radar,6,6,13,2,27,0,0,12,2,14,6,6,25,4,41,0,0,0,41
05/06/2020,AVL,NC,ASO,ES,Combined TRACON& Tower with Radar,11,2,29,4,46,0,0,17,2,19,11,2,46,6,65,15,0,15,80
05/07/2020,AVL,NC,ASO,ES,Combined TRACON& Tower with Radar,10,4,32,0,46,0,0,70,2,72,10,4,102,2,118,48,0,48,166
05/08/2020,AVL,NC,ASO,ES,Combined TRACON& Tower with Radar,16,4,14,7,41,0,0,13,0,13,16,4,27,7,54,0,0,0,54
05/09/2020,AVL,NC,ASO,ES,Combined TRACON& Tower with Radar,9,9,18,0,36,0,0,33,0,33,9,9,51,0,69,0,0,0,69
05/10/2020,AVL,NC,ASO,ES,Combined TRACON& Tower with Radar,11,8,19,0,38,0,0,52,0,52,11,8,71,0,90,32,0,32,122
05/11/2020,AVL,NC,ASO,ES,Combined TRACON& Tower with Radar,16,8,14,1,39,0,0,18,1,19,16,8,32,2,58,0,0,0,58
05/12/2020,AVL,NC,ASO,ES,Combined TRACON& Tower with Radar,9,6,34,1,50,0,0,44,3,47,9,6,78,4,97,24,0,24,121
05/13/2020,AVL,NC,ASO,ES,Combined TRACON& Tower with Radar,11,7,18,3,39,0,1,38,0,39,11,8,56,3,78,55,0,55,133
05/14/2020,AVL,NC,ASO,ES,Combined TRACON& Tower with Radar,16,5,31,11,63,0,2,35,0,37,16,7,66,11,100,51,0,51,151
05/15/2020,AVL,NC,ASO,ES,Combined TRACON& Tower with Radar,13,9,19,3,44,0,2,76,2,80,13,11,95,5,124,51,0,51,175
05/16/2020,AVL,NC,ASO,ES,Combined TRACON& Tower with Radar,9,8,29,0,46,0,0,54,1,55,9,8,83,1,101,91,0,91,192
05/17/2020,AVL,NC,ASO,ES,Combined TRACON& Tower with Radar,16,14,30,0,60,0,0,57,0,57,16,14,87,0,117,35,0,35,152
05/18/2020,AVL,NC,ASO,ES,Combined TRACON& Tower with Radar,15,6,19,0,40,0,0,0,0,0,15,6,19,0,40,13,0,13,53
05/19/2020,AVL,NC,ASO,ES,Combined TRACON& Tower with Radar,7,2,26,0,35,0,0,0,1,1,7,2,26,1,36,0,0,0,36
05/20/2020,AVL,NC,ASO,ES,Combined TRACON& Tower with Radar,11,9,20,0,40,0,0,0,1,1,11,9,20,1,41,0,0,0,41
05/21/2020,AVL,NC,ASO,ES,Combined TRACON& Tower with Radar,15,9,60,2,86,0,0,6,0,6,15,9,66,2,92,147,0,147,239
05/22/2020,AVL,NC,ASO,ES,Combined TRACON& Tower with Radar,18,7,37,0,62,0,0,19,0,19,18,7,56,0,81,46,0,46,127
05/23/2020,AVL,NC,ASO,ES,Combined TRACON& Tower with Radar,14,7,41,0,62,0,0,52,0,52,14,7,93,0,114,136,0,136,250
05/24/2020,AVL,NC,ASO,ES,Combined TRACON& Tower with Radar,14,5,25,0,44,0,0,32,0,32,14,5,57,0,76,55,0,55,131
05/25/2020,AVL,NC,ASO,ES,Combined TRACON& Tower with Radar,16,5,36,0,57,0,0,10,0,10,16,5,46,0,67,64,0,64,131
05/26/2020,AVL,NC,ASO,ES,Combined TRACON& Tower with Radar,10,11,46,0,67,0,0,3,0,3,10,11,49,0,70,0,0,0,70
05/27/2020,AVL,NC,ASO,ES,Combined TRACON& Tower with Radar,11,16,36,0,63,0,0,0,0,0,11,16,36,0,63,15,0,15,78
05/28/2020,AVL,NC,ASO,ES,Combined TRACON& Tower with Radar,10,10,31,0,51,0,1,20,0,21,10,11,51,0,72,60,0,60,132
05/29/2020,AVL,NC,ASO,ES,Combined TRACON& Tower with Radar,19,15,33,0,67,0,0,22,0,22,19,15,55,0,89,34,0,34,123
05/30/2020,AVL,NC,ASO,ES,Combined TRACON& Tower with Radar,15,6,27,2,50,0,0,54,0,54,15,6,81,2,104,47,0,47,151
05/31/2020,AVL,NC,ASO,ES,Combined TRACON& Tower with Radar,12,5,49,2,68,0,0,57,0,57,12,5,106,2,125,26,0,26,151
06/01/2020,AVL,NC,ASO,ES,Combined TRACON& Tower with Radar,20,14,45,14,93,0,4,77,0,81,20,18,122,14,174,75,20,95,269
06/02/2020,AVL,NC,ASO,ES,Combined TRACON& Tower with Radar,9,8,33,5,55,0,0,65,2,67,9,8,98,7,122,98,0,98,220
06/03/2020,AVL,NC,ASO,ES,Combined TRACON& Tower with Radar,15,8,39,0,62,0,2,43,0,45,15,10,82,0,107,83,0,83,190
06/04/2020,AVL,NC,ASO,ES,Combined TRACON& Tower with Radar,22,23,40,4,89,0,1,33,1,35,22,24,73,5,124,64,0,64,188
06/05/2020,AVL,NC,ASO,ES,Combined TRACON& Tower with Radar,19,12,38,6,75,0,0,17,6,23,19,12,55,12,98,0,0,0,98
06/06/2020,AVL,NC,ASO,ES,Combined TRACON& Tower with Radar,16,14,33,0,63,0,1,40,0,41,16,15,73,0,104,61,0,61,165
06/07/2020,AVL,NC,ASO,ES,Combined TRACON& Tower with Radar,23,23,23,0,69,0,0,46,1,47,23,23,69,1,116,101,0,101,217
06/08/2020,AVL,NC,ASO,ES,Combined TRACON& Tower with Radar,18,16,42,2,78,0,0,18,0,18,18,16,60,2,96,104,0,104,200
06/09/2020,AVL,NC,ASO,ES,Combined TRACON& Tower with Radar,9,12,44,2,67,0,2,14,0,16,9,14,58,2,83,53,0,53,136
06/10/2020,AVL,NC,ASO,ES,Combined TRACON& Tower with Radar,15,6,31,0,52,0,0,0,0,0,15,6,31,0,52,0,0,0,52
06/11/2020,AVL,NC,ASO,ES,Combined TRACON& Tower with Radar,24,26,34,5,89,0,0,46,2,48,24,26,80,7,137,37,0,37,174
06/12/2020,AVL,NC,ASO,ES,Combined TRACON& Tower with Radar,18,23,44,2,87,0,3,52,0,55,18,26,96,2,142,48,0,48,190
06/13/2020,AVL,NC,ASO,ES,Combined TRACON& Tower with Radar,18,22,37,3,80,0,1,83,1,85,18,23,120,4,165,119,0,119,284
06/14/2020,AVL,NC,ASO,ES,Combined TRACON& Tower with Radar,23,11,43,0,77,0,0,24,0,24,23,11,67,0,101,17,0,17,118
06/15/2020,AVL,NC,ASO,ES,Combined TRACON& Tower with Radar,18,17,52,2,89,0,0,11,0,11,18,17,63,2,100,85,0,85,185
06/16/2020,AVL,NC,ASO,ES,Combined TRACON& Tower with Radar,9,7,34,4,54,0,0,2,0,2,9,7,36,4,56,18,0,18,74
06/17/2020,AVL,NC,ASO,ES,Combined TRACON& Tower with Radar,15,9,58,8,90,0,0,10,1,11,15,9,68,9,101,23,0,23,124
06/18/2020,AVL,NC,ASO,ES,Combined TRACON& Tower with Radar,22,25,50,3,100,0,0,8,0,8,22,25,58,3,108,16,0,16,124
06/19/2020,AVL,NC,ASO,ES,Combined TRACON& Tower with Radar,15,24,61,0,100,0,2,22,0,24,15,26,83,0,124,27,0,27,151
06/20/2020,AVL,NC,ASO,ES,Combined TRACON& Tower with Radar,17,24,38,0,79,0,0,64,0,64,17,24,102,0,143,143,0,143,286
06/21/2020,AVL,NC,ASO,ES,Combined TRACON& Tower with Radar,23,22,38,0,83,0,1,53,0,54,23,23,91,0,137,50,0,50,187
06/22/2020,AVL,NC,ASO,ES,Combined TRACON& Tower with Radar,18,25,49,0,92,0,0,27,0,27,18,25,76,0,119,50,0,50,169
06/23/2020,AVL,NC,ASO,ES,Combined TRACON& Tower with Radar,9,17,45,4,75,0,0,9,0,9,9,17,54,4,84,36,0,36,120
06/24/2020,AVL,NC,ASO,ES,Combined TRACON& Tower with Radar,15,23,38,4,80,0,3,31,0,34,15,26,69,4,114,64,0,64,178
06/25/2020,AVL,NC,ASO,ES,Combined TRACON& Tower with Radar,23,19,61,6,109,0,1,37,0,38,23,20,98,6,147,60,0,60,207
06/26/2020,AVL,NC,ASO,ES,Combined TRACON& Tower with Radar,18,23,58,10,109,0,0,60,0,60,18,23,118,10,169,28,0,28,197
06/27/2020,AVL,NC,ASO,ES,Combined TRACON& Tower with Radar,19,12,36,0,67,0,0,31,0,31,19,12,67,0,98,15,0,15,113
06/28/2020,AVL,NC,ASO,ES,Combined TRACON& Tower with Radar,23,26,47,0,96,0,0,24,0,24,23,26,71,0,120,36,0,36,156
06/29/2020,AVL,NC,ASO,ES,Combined TRACON& Tower with Radar,18,22,55,2,97,0,0,31,0,31,18,22,86,2,128,68,0,68,196
06/30/2020,AVL,NC,ASO,ES,Combined TRACON& Tower with Radar,9,14,49,4,76,0,0,34,3,37,9,14,83,7,113,9,0,9,122
07/01/2020,AVL,NC,ASO,ES,Combined TRACON& Tower with Radar,21,27,41,2,91,0,0,17,0,17,21,27,58,2,108,46,0,46,154
07/02/2020,AVL,NC,ASO,ES,Combined TRACON& Tower with Radar,28,33,54,7,122,0,0,45,2,47,28,33,99,9,169,30,0,30,199
07/03/2020,AVL,NC,ASO,ES,Combined TRACON& Tower with Radar,25,22,49,0,96,0,0,58,0,58,25,22,107,0,154,22,0,22,176
07/04/2020,AVL,NC,ASO,ES,Combined TRACON& Tower with Radar,19,9,14,0,42,0,1,28,0,29,19,10,42,0,71,16,0,16,87
07/05/2020,AVL,NC,ASO,ES,Combined TRACON& Tower with Radar,30,26,78,0,134,0,0,38,2,40,30,26,116,2,174,51,0,51,225
07/06/2020,AVL,NC,ASO,ES,Combined TRACON& Tower with Radar,22,22,35,0,79,0,1,36,1,38,22,23,71,1,117,60,0,60,177
07/07/2020,AVL,NC,ASO,ES,Combined TRACON& Tower with Radar,17,15,48,0,80,0,0,3,0,3,17,15,51,0,83,0,0,0,83
07/08/2020,AVL,NC,ASO,ES,Combined TRACON& Tower with Radar,25,29,34,10,98,0,0,41,0,41,25,29,75,10,139,83,0,83,222
07/09/2020,AVL,NC,ASO,ES,Combined TRACON& Tower with Radar,31,23,45,0,99,0,0,39,0,39,31,23,84,0,138,88,0,88,226
07/10/2020,AVL,NC,ASO,ES,Combined TRACON& Tower with Radar,28,21,46,4,99,0,0,34,1,35,28,21,80,5,134,10,0,10,144
07/11/2020,AVL,NC,ASO,ES,Combined TRACON& Tower with Radar,30,28,56,4,118,0,0,79,1,80,30,28,135,5,198,48,0,48,246
07/12/2020,AVL,NC,ASO,ES,Combined TRACON& Tower with Radar,33,25,58,0,116,0,0,53,0,53,33,25,111,0,169,47,0,47,216
07/13/2020,AVL,NC,ASO,ES,Combined TRACON& Tower with Radar,29,21,30,6,86,0,2,54,1,57,29,23,84,7,143,77,0,77,220
07/14/2020,AVL,NC,ASO,ES,Combined TRACON& Tower with Radar,18,24,34,10,86,0,0,69,3,72,18,24,103,13,158,68,0,68,226
07/15/2020,AVL,NC,ASO,ES,Combined TRACON& Tower with Radar,23,24,55,0,102,0,3,56,3,62,23,27,111,3,164,68,0,68,232
07/16/2020,AVL,NC,ASO,ES,Combined TRACON& Tower with Radar,32,25,61,2,120,0,0,26,6,32,32,25,87,8,152,46,0,46,198
07/17/2020,AVL,NC,ASO,ES,Combined TRACON& Tower with Radar,27,23,57,3,110,0,0,46,2,48,27,23,103,5,158,23,2,25,183
07/18/2020,AVL,NC,ASO,ES,Combined TRACON& Tower with Radar,28,21,44,0,93,0,1,37,0,38,28,22,81,0,131,66,0,66,197
07/19/2020,AVL,NC,ASO,ES,Combined TRACON& Tower with Radar,33,25,61,0,119,0,0,39,0,39,33,25,100,0,158,37,0,37,195
07/20/2020,AVL,NC,ASO,ES,Combined TRACON& Tower with Radar,29,23,45,3,100,0,1,30,0,31,29,24,75,3,131,29,0,29,160
07/21/2020,AVL,NC,ASO,ES,Combined TRACON& Tower with Radar,15,20,26,4,65,1,1,26,2,30,16,21,52,6,95,40,0,40,135
07/22/2020,AVL,NC,ASO,ES,Combined TRACON& Tower with Radar,24,21,56,1,102,0,0,24,2,26,24,21,80,3,128,46,0,46,174
07/23/2020,AVL,NC,ASO,ES,Combined TRACON& Tower with Radar,32,23,50,4,109,0,0,27,0,27,32,23,77,4,136,23,0,23,159
07/24/2020,AVL,NC,ASO,ES,Combined TRACON& Tower with Radar,31,19,47,0,97,0,0,14,0,14,31,19,61,0,111,8,0,8,119
07/25/2020,AVL,NC,ASO,ES,Combined TRACON& Tower with Radar,26,19,31,0,76,0,1,27,0,28,26,20,58,0,104,80,0,80,184
07/26/2020,AVL,NC,ASO,ES,Combined TRACON& Tower with Radar,33,28,59,0,120,0,3,63,0,66,33,31,122,0,186,50,0,50,236
07/27/2020,AVL,NC,ASO,ES,Combined TRACON& Tower with Radar,29,28,44,0,101,0,0,39,2,41,29,28,83,2,142,53,0,53,195
07/28/2020,AVL,NC,ASO,ES,Combined TRACON& Tower with Radar,15,18,52,0,85,0,0,37,7,44,15,18,89,7,129,36,6,42,171
07/29/2020,AVL,NC,ASO,ES,Combined TRACON& Tower with Radar,25,21,49,3,98,0,0,36,1,37,25,21,85,4,135,71,0,71,206
07/30/2020,AVL,NC,ASO,ES,Combined TRACON& Tower with Radar,30,24,59,6,119,0,0,27,0,27,30,24,86,6,146,67,0,67,213
07/31/2020,AVL,NC,ASO,ES,Combined TRACON& Tower with Radar,28,22,67,2,119,0,0,42,0,42,28,22,109,2,161,92,0,92,253
08/01/2020,AVL,NC,ASO,ES,Combined TRACON& Tower with Radar,27,16,53,2,98,1,2,40,0,43,28,18,93,2,141,32,0,32,173
08/02/2020,AVL,NC,ASO,ES,Combined TRACON& Tower with Radar,33,20,45,1,99,0,0,27,3,30,33,20,72,4,129,78,2,80,209
08/03/2020,AVL,NC,ASO,ES,Combined TRACON& Tower with Radar,26,20,28,2,76,0,0,0,0,0,26,20,28,2,76,0,0,0,76
08/04/2020,AVL,NC,ASO,ES,Combined TRACON& Tower with Radar,15,17,32,4,68,0,4,29,4,37,15,21,61,8,105,60,0,60,165
08/05/2020,AVL,NC,ASO,ES,Combined TRACON& Tower with Radar,26,32,44,6,108,0,2,14,0,16,26,34,58,6,124,34,0,34,158
08/06/2020,AVL,NC,ASO,ES,Combined TRACON& Tower with Radar,35,20,53,1,109,1,0,10,0,11,36,20,63,1,120,0,0,0,120
08/07/2020,AVL,NC,ASO,ES,Combined TRACON& Tower with Radar,32,34,70,2,138,0,0,12,4,16,32,34,82,6,154,0,0,0,154
08/08/2020,AVL,NC,ASO,ES,Combined TRACON& Tower with Radar,27,31,34,0,92,0,1,55,1,57,27,32,89,1,149,74,18,92,241
08/09/2020,AVL,NC,ASO,ES,Combined TRACON& Tower with Radar,37,29,57,1,124,0,0,41,2,43,37,29,98,3,167,42,0,42,209
08/10/2020,AVL,NC,ASO,ES,Combined TRACON& Tower with Radar,29,21,42,4,96,0,1,49,0,50,29,22,91,4,146,169,0,169,315
08/11/2020,AVL,NC,ASO,ES,Combined TRACON& Tower with Radar,15,16,37,1,69,0,0,54,0,54,15,16,91,1,123,46,0,46,169
08/12/2020,AVL,NC,ASO,ES,Combined TRACON& Tower with Radar,26,22,50,7,105,1,0,29,1,31,27,22,79,8,136,60,0,60,196
08/13/2020,AVL,NC,ASO,ES,Combined TRACON& Tower with Radar,36,21,46,3,106,0,0,24,0,24,36,21,70,3,130,49,0,49,179
08/14/2020,AVL,NC,ASO,ES,Combined TRACON& Tower with Radar,30,32,68,2,132,0,0,5,1,6,30,32,73,3,138,0,0,0,138
08/15/2020,AVL,NC,ASO,ES,Combined TRACON& Tower with Radar,28,27,30,0,85,0,0,2,0,2,28,27,32,0,87,0,0,0,87
08/16/2020,AVL,NC,ASO,ES,Combined TRACON& Tower with Radar,35,27,64,2,128,0,0,41,1,42,35,27,105,3,170,10,0,10,180
08/17/2020,AVL,NC,ASO,ES,Combined TRACON& Tower with Radar,28,15,34,0,77,0,0,22,8,30,28,15,56,8,107,17,0,17,124
08/18/2020,AVL,NC,ASO,ES,Combined TRACON& Tower with Radar,15,21,40,3,79,0,0,26,5,31,15,21,66,8,110,10,0,10,120
08/19/2020,AVL,NC,ASO,ES,Combined TRACON& Tower with Radar,18,15,63,0,96,0,0,15,1,16,18,15,78,1,112,14,0,14,126
08/20/2020,AVL,NC,ASO,ES,Combined TRACON& Tower with Radar,36,11,33,1,81,0,0,2,0,2,36,11,35,1,83,0,0,0,83
08/21/2020,AVL,NC,ASO,ES,Combined TRACON& Tower with Radar,32,15,57,11,115,0,0,3,0,3,32,15,60,11,118,0,0,0,118
08/22/2020,AVL,NC,ASO,ES,Combined TRACON& Tower with Radar,28,26,47,0,101,0,0,23,1,24,28,26,70,1,125,10,0,10,135
08/23/2020,AVL,NC,ASO,ES,Combined TRACON& Tower with Radar,36,20,60,2,118,1,0,19,0,20,37,20,79,2,138,45,0,45,183
08/24/2020,AVL,NC,ASO,ES,Combined TRACON& Tower with Radar,31,10,33,6,80,0,0,7,7,14,31,10,40,13,94,0,0,0,94
08/25/2020,AVL,NC,ASO,ES,Combined TRACON& Tower with Radar,16,21,32,8,77,0,2,15,2,19,16,23,47,10,96,36,0,36,132
08/26/2020,AVL,NC,ASO,ES,Combined TRACON& Tower with Radar,18,18,54,14,104,0,0,64,7,71,18,18,118,21,175,51,0,51,226
08/27/2020,AVL,NC,ASO,ES,Combined TRACON& Tower with Radar,34,25,36,5,100,0,1,41,0,42,34,26,77,5,142,114,0,114,256
08/28/2020,AVL,NC,ASO,ES,Combined TRACON& Tower with Radar,35,13,52,1,101,0,1,25,0,26,35,14,77,1,127,17,0,17,144
08/29/2020,AVL,NC,ASO,ES,Combined TRACON& Tower with Radar,27,25,12,5,69,0,1,17,1,19,27,26,29,6,88,42,0,42,130
08/30/2020,AVL,NC,ASO,ES,Combined TRACON& Tower with Radar,27,38,36,1,102,2,0,66,0,68,29,38,102,1,170,122,0,122,292
08/31/2020,AVL,NC,ASO,ES,Combined TRACON& Tower with Radar,32,19,42,2,95,0,0,3,0,3,32,19,45,2,98,0,0,0,98
09/01/2020,AVL,NC,ASO,ES,Combined TRACON& Tower with Radar,15,18,45,3,81,0,0,5,10,15,15,18,50,13,96,27,30,57,153
09/02/2020,AVL,NC,ASO,ES,Combined TRACON& Tower with Radar,14,16,59,9,98,1,0,56,10,67,15,16,115,19,165,65,0,65,230
09/03/2020,AVL,NC,ASO,ES,Combined TRACON& Tower with Radar,34,26,60,7,127,1,0,63,2,66,35,26,123,9,193,54,0,54,247
09/04/2020,AVL,NC,ASO,ES,Combined TRACON& Tower with Radar,31,29,87,7,154,0,2,47,3,52,31,31,134,10,206,16,0,16,222
09/05/2020,AVL,NC,ASO,ES,Combined TRACON& Tower with Radar,21,12,24,0,57,0,0,46,0,46,21,12,70,0,103,32,0,32,135
09/06/2020,AVL,NC,ASO,ES,Combined TRACON& Tower with Radar,32,22,20,1,75,0,0,82,2,84,32,22,102,3,159,45,0,45,204
09/07/2020,AVL,NC,ASO,ES,Combined TRACON& Tower with Radar,33,35,82,8,158,0,0,84,5,89,33,35,166,13,247,84,0,84,331
09/08/2020,AVL,NC,ASO,ES,Combined TRACON& Tower with Radar,15,24,31,6,76,0,0,52,0,52,15,24,83,6,128,93,12,105,233
09/09/2020,AVL,NC,ASO,ES,Combined TRACON& Tower with Radar,18,27,49,7,101,0,0,8,1,9,18,27,57,8,110,16,0,16,126
09/10/2020,AVL,NC,ASO,ES,Combined TRACON& Tower with Radar,32,25,39,6,102,0,0,26,0,26,32,25,65,6,128,71,0,71,199
09/11/2020,AVL,NC,ASO,ES,Combined TRACON& Tower with Radar,29,21,56,2,108,0,0,8,3,11,29,21,64,5,119,12,5,17,136
09/12/2020,AVL,NC,ASO,ES,Combined TRACON& Tower with Radar,21,29,18,4,72,0,0,3,0,3,21,29,21,4,75,0,0,0,75
09/13/2020,AVL,NC,ASO,ES,Combined TRACON& Tower with Radar,34,32,48,0,114,0,0,6,3,9,34,32,54,3,123,0,0,0,123
09/14/2020,AVL,NC,ASO,ES,Combined TRACON& Tower with Radar,28,26,42,2,98,0,0,25,0,25,28,26,67,2,123,16,0,16,139
09/15/2020,AVL,NC,ASO,ES,Combined TRACON& Tower with Radar,18,16,48,5,87,0,0,38,2,40,18,16,86,7,127,98,0,98,225
09/16/2020,AVL,NC,ASO,ES,Combined TRACON& Tower with Radar,18,24,46,0,88,0,0,31,0,31,18,24,77,0,119,60,0,60,179
09/17/2020,AVL,NC,ASO,ES,Combined TRACON& Tower with Radar,34,18,28,0,80,0,0,0,0,0,34,18,28,0,80,0,0,0,80
09/18/2020,AVL,NC,ASO,ES,Combined TRACON& Tower with Radar,29,28,62,2,121,0,0,24,3,27,29,28,86,5,148,49,0,49,197
09/19/2020,AVL,NC,ASO,ES,Combined TRACON& Tower with Radar,21,27,54,8,110,0,0,55,2,57,21,27,109,10,167,54,10,64,231
09/20/2020,AVL,NC,ASO,ES,Combined TRACON& Tower with Radar,33,22,74,5,134,0,0,69,3,72,33,22,143,8,206,36,0,36,242
09/21/2020,AVL,NC,ASO,ES,Combined TRACON& Tower with Radar,28,38,51,6,123,0,0,78,8,86,28,38,129,14,209,72,0,72,281
09/22/2020,AVL,NC,ASO,ES,Combined TRACON& Tower with Radar,20,16,32,1,69,0,0,79,22,101,20,16,111,23,170,77,4,81,251
09/23/2020,AVL,NC,ASO,ES,Combined TRACON& Tower with Radar,18,25,58,4,105,0,1,62,23,86,18,26,120,27,191,57,2,59,250
09/24/2020,AVL,NC,ASO,ES,Combined TRACON& Tower with Radar,37,24,54,8,123,0,0,6,1,7,37,24,60,9,130,12,0,12,142
09/25/2020,AVL,NC,ASO,ES,Combined TRACON& Tower with Radar,32,23,59,4,118,0,0,0,0,0,32,23,59,4,118,0,0,0,118
09/26/2020,AVL,NC,ASO,ES,Combined TRACON& Tower with Radar,22,24,53,4,103,0,0,30,1,31,22,24,83,5,134,109,14,123,257
09/27/2020,AVL,NC,ASO,ES,Combined TRACON& Tower with Radar,40,27,81,9,157,0,0,38,2,40,40,27,119,11,197,42,0,42,239
09/28/2020,AVL,NC,ASO,ES,Combined TRACON& Tower with Radar,29,23,44,10,106,0,1,36,2,39,29,24,80,12,145,64,6,70,215
09/29/2020,AVL,NC,ASO,ES,Combined TRACON& Tower with Radar,22,17,24,0,63,0,0,1,0,1,22,17,25,0,64,0,0,0,64
09/30/2020,AVL,NC,ASO,ES,Combined TRACON& Tower with Radar,19,24,57,3,103,0,3,82,18,103,19,27,139,21,206,40,6,46,252
10/01/2020,AVL,NC,ASO,ES,Combined TRACON& Tower with Radar,40,31,60,5,136,0,1,66,10,77,40,32,126,15,213,69,0,69,282
10/02/2020,AVL,NC,ASO,ES,Combined TRACON& Tower with Radar,38,28,60,6,132,0,4,82,9,95,38,32,142,15,227,22,0,22,249
10/03/2020,AVL,NC,ASO,ES,Combined TRACON& Tower with Radar,30,23,55,5,113,0,2,73,1,76,30,25,128,6,189,32,0,32,221
10/04/2020,AVL,NC,ASO,ES,Combined TRACON& Tower with Radar,44,35,64,6,149,0,3,70,0,73,44,38,134,6,222,36,0,36,258
10/05/2020,AVL,NC,ASO,ES,Combined TRACON& Tower with Radar,35,20,40,7,102,0,4,50,2,56,35,24,90,9,158,108,0,108,266
10/06/2020,AVL,NC,ASO,ES,Combined TRACON& Tower with Radar,21,28,44,3,96,0,8,57,4,69,21,36,101,7,165,90,0,90,255
10/07/2020,AVL,NC,ASO,ES,Combined TRACON& Tower with Radar,26,28,50,2,106,0,2,68,5,75,26,30,118,7,181,48,0,48,229
10/08/2020,AVL,NC,ASO,ES,Combined TRACON& Tower with Radar,42,28,58,11,139,0,2,81,6,89,42,30,139,17,228,52,2,54,282
10/09/2020,AVL,NC,ASO,ES,Combined TRACON& Tower with Radar,33,32,52,2,119,0,2,56,1,59,33,34,108,3,178,25,0,25,203
10/10/2020,AVL,NC,ASO,ES,Combined TRACON& Tower with Radar,29,25,19,0,73,0,0,0,0,0,29,25,19,0,73,0,0,0,73
10/11/2020,AVL,NC,ASO,ES,Combined TRACON& Tower with Radar,46,28,43,0,117,0,0,0,0,0,46,28,43,0,117,0,0,0,117
10/12/2020,AVL,NC,ASO,ES,Combined TRACON& Tower with Radar,31,33,74,0,138,0,0,10,0,10,31,33,84,0,148,12,0,12,160
10/13/2020,AVL,NC,ASO,ES,Combined TRACON& Tower with Radar,19,32,57,6,114,0,0,46,2,48,19,32,103,8,162,10,0,10,172
10/14/2020,AVL,NC,ASO,ES,Combined TRACON& Tower with Radar,27,34,55,3,119,0,2,64,3,69,27,36,119,6,188,0,0,0,188
10/15/2020,AVL,NC,ASO,ES,Combined TRACON& Tower with Radar,44,31,68,2,145,0,3,53,0,56,44,34,121,2,201,9,0,9,210
10/16/2020,AVL,NC,ASO,ES,Combined TRACON& Tower with Radar,32,30,84,14,160,0,4,34,8,46,32,34,118,22,206,8,0,8,214
10/17/2020,AVL,NC,ASO,ES,Combined TRACON& Tower with Radar,33,27,41,4,105,0,6,73,11,90,33,33,114,15,195,0,12,12,207
10/18/2020,AVL,NC,ASO,ES,Combined TRACON& Tower with Radar,43,42,65,12,162,0,7,63,7,77,43,49,128,19,239,0,0,0,239
10/19/2020,AVL,NC,ASO,ES,Combined TRACON& Tower with Radar,33,26,69,2,130,0,5,52,3,60,33,31,121,5,190,6,0,6,196
10/20/2020,AVL,NC,ASO,ES,Combined TRACON& Tower with Radar,24,24,51,1,100,0,6,54,5,65,24,30,105,6,165,6,0,6,171
10/21/2020,AVL,NC,ASO,ES,Combined TRACON& Tower with Radar,29,33,56,7,125,0,6,51,0,57,29,39,107,7,182,0,0,0,182
10/22/2020,AVL,NC,ASO,ES,Combined TRACON& Tower with Radar,44,22,82,3,151,0,2,56,3,61,44,24,138,6,212,7,0,7,219
10/23/2020,AVL,NC,ASO,ES,Combined TRACON& Tower with Radar,33,20,57,10,120,1,5,41,12,59,34,25,98,22,179,6,6,12,191
10/24/2020,AVL,NC,ASO,ES,Combined TRACON& Tower with Radar,31,27,49,8,115,0,1,25,10,36,31,28,74,18,151,4,12,16,167
10/25/2020,AVL,NC,ASO,ES,Combined TRACON& Tower with Radar,32,22,77,3,134,0,0,3,0,3,32,22,80,3,137,0,0,0,137
10/26/2020,AVL,NC,ASO,ES,Combined TRACON& Tower with Radar,33,13,73,2,121,0,2,24,0,26,33,15,97,2,147,14,0,14,161
10/27/2020,AVL,NC,ASO,ES,Combined TRACON& Tower with Radar,20,18,55,2,95,0,1,39,0,40,20,19,94,2,135,0,0,0,135
10/28/2020,AVL,NC,ASO,ES,Combined TRACON& Tower with Radar,32,26,27,1,86,0,0,1,0,1,32,26,28,1,87,0,0,0,87
10/29/2020,AVL,NC,ASO,ES,Combined TRACON& Tower with Radar,38,17,24,0,79,0,3,4,2,9,38,20,28,2,88,0,0,0,88
10/30/2020,AVL,NC,ASO,ES,Combined TRACON& Tower with Radar,32,24,44,0,100,0,3,24,0,27,32,27,68,0,127,0,0,0,127
10/31/2020,AVL,NC,ASO,ES,Combined TRACON& Tower with Radar,21,17,61,0,99,0,3,40,1,44,21,20,101,1,143,45,0,45,188
11/01/2020,AVL,NC,ASO,ES,Combined TRACON& Tower with Radar,36,17,47,0,100,0,0,40,0,40,36,17,87,0,140,6,0,6,146
11/02/2020,AVL,NC,ASO,ES,Combined TRACON& Tower with Radar,29,23,26,2,80,0,4,17,1,22,29,27,43,3,102,11,0,11,113
11/03/2020,AVL,NC,ASO,ES,Combined TRACON& Tower with Radar,20,14,32,10,76,0,0,77,6,83,20,14,109,16,159,63,8,71,230
11/04/2020,AVL,NC,ASO,ES,Combined TRACON& Tower with Radar,24,14,45,0,83,0,0,63,0,63,24,14,108,0,146,98,0,98,244
11/05/2020,AVL,NC,ASO,ES,Combined TRACON& Tower with Radar,42,19,48,12,121,0,4,86,4,94,42,23,134,16,215,131,16,147,362
11/06/2020,AVL,NC,ASO,ES,Combined TRACON& Tower with Radar,32,20,63,11,126,0,10,66,4,80,32,30,129,15,206,110,0,110,316
11/07/2020,AVL,NC,ASO,ES,Combined TRACON& Tower with Radar,29,13,42,2,86,0,2,34,0,36,29,15,76,2,122,106,0,106,228
11/08/2020,AVL,NC,ASO,ES,Combined TRACON& Tower with Radar,43,19,53,2,117,0,4,20,0,24,43,23,73,2,141,20,0,20,161
11/09/2020,AVL,NC,ASO,ES,Combined TRACON& Tower with Radar,33,21,43,2,99,0,0,27,0,27,33,21,70,2,126,28,0,28,154
11/10/2020,AVL,NC,ASO,ES,Combined TRACON& Tower with Radar,21,13,33,0,67,0,0,4,0,4,21,13,37,0,71,0,0,0,71
11/11/2020,AVL,NC,ASO,ES,Combined TRACON& Tower with Radar,27,13,17,1,58,0,0,4,0,4,27,13,21,1,62,0,0,0,62
11/12/2020,AVL,NC,ASO,ES,Combined TRACON& Tower with Radar,39,22,41,2,104,0,4,9,0,13,39,26,50,2,117,51,0,51,168
11/13/2020,AVL,NC,ASO,ES,Combined TRACON& Tower with Radar,34,18,61,11,124,0,1,63,3,67,34,19,124,14,191,29,14,43,234
11/14/2020,AVL,NC,ASO,ES,Combined TRACON& Tower with Radar,32,18,36,13,99,0,5,92,5,102,32,23,128,18,201,65,14,79,280
11/15/2020,AVL,NC,ASO,ES,Combined TRACON& Tower with Radar,37,25,47,2,111,0,4,5,0,9,37,29,52,2,120,0,0,0,120
11/16/2020,AVL,NC,ASO,ES,Combined TRACON& Tower with Radar,35,38,38,0,111,0,6,25,0,31,35,44,63,0,142,0,0,0,142
11/17/2020,AVL,NC,ASO,ES,Combined TRACON& Tower with Radar,17,15,16,3,51,0,8,10,3,21,17,23,26,6,72,0,6,6,78
11/18/2020,AVL,NC,ASO,ES,Combined TRACON& Tower with Radar,21,13,26,0,60,0,5,48,1,54,21,18,74,1,114,64,0,64,178
11/19/2020,AVL,NC,ASO,ES,Combined TRACON& Tower with Radar,43,19,50,20,132,0,8,76,7,91,43,27,126,27,223,70,16,86,309
11/20/2020,AVL,NC,ASO,ES,Combined TRACON& Tower with Radar,39,20,45,27,131,0,4,59,16,79,39,24,104,43,210,57,24,81,291
11/21/2020,AVL,NC,ASO,ES,Combined TRACON& Tower with Radar,34,24,38,15,111,0,1,99,2,102,34,25,137,17,213,78,0,78,291
11/22/2020,AVL,NC,ASO,ES,Combined TRACON& Tower with Radar,43,30,54,19,146,0,0,16,3,19,43,30,70,22,165,39,0,39,204
11/23/2020,AVL,NC,ASO,ES,Combined TRACON& Tower with Radar,34,20,29,6,89,0,2,22,1,25,34,22,51,7,114,6,0,6,120
11/24/2020,AVL,NC,ASO,ES,Combined TRACON& Tower with Radar,41,29,47,9,126,0,0,59,3,62,41,29,106,12,188,4,14,18,206
11/25/2020,AVL,NC,ASO,ES,Combined TRACON& Tower with Radar,44,27,52,0,123,0,0,0,0,0,44,27,52,0,123,0,0,0,123
11/26/2020,AVL,NC,ASO,ES,Combined TRACON& Tower with Radar,23,10,11,0,44,0,0,11,0,11,23,10,22,0,55,30,0,30,85
11/27/2020,AVL,NC,ASO,ES,Combined TRACON& Tower with Radar,30,11,34,0,75,0,3,64,0,67,30,14,98,0,142,72,0,72,214
11/28/2020,AVL,NC,ASO,ES,Combined TRACON& Tower with Radar,45,28,50,0,123,0,0,49,0,49,45,28,99,0,172,28,0,28,200
11/29/2020,AVL,NC,ASO,ES,Combined TRACON& Tower with Radar,42,31,77,0,150,0,3,29,0,32,42,34,106,0,182,97,0,97,279
11/30/2020,AVL,NC,ASO,ES,Combined TRACON& Tower with Radar,41,34,20,2,97,0,0,0,0,0,41,34,20,2,97,0,0,0,97
12/01/2020,AVL,NC,ASO,ES,Combined TRACON& Tower with Radar,25,20,20,28,93,0,0,13,5,18,25,20,33,33,111,26,28,54,165
12/02/2020,AVL,NC,ASO,ES,Combined TRACON& Tower with Radar,21,32,44,2,99,0,5,15,5,25,21,37,59,7,124,14,0,14,138
12/03/2020,AVL,NC,ASO,ES,Combined TRACON& Tower with Radar,36,21,44,2,103,0,8,50,4,62,36,29,94,6,165,54,0,54,219
12/04/2020,AVL,NC,ASO,ES,Combined TRACON& Tower with Radar,33,23,20,2,78,0,1,2,2,5,33,24,22,4,83,20,0,20,103
12/05/2020,AVL,NC,ASO,ES,Combined TRACON& Tower with Radar,23,10,20,0,53,0,2,16,13,31,23,12,36,13,84,25,14,39,123
12/06/2020,AVL,NC,ASO,ES,Combined TRACON& Tower with Radar,34,11,55,0,100,0,3,49,1,53,34,14,104,1,153,118,0,118,271
12/07/2020,AVL,NC,ASO,ES,Combined TRACON& Tower with Radar,31,19,20,0,70,0,2,2,0,4,31,21,22,0,74,0,0,0,74
12/08/2020,AVL,NC,ASO,ES,Combined TRACON& Tower with Radar,17,14,28,7,66,0,0,33,5,38,17,14,61,12,104,17,0,17,121
12/09/2020,AVL,NC,ASO,ES,Combined TRACON& Tower with Radar,19,13,32,1,65,0,0,47,5,52,19,13,79,6,117,82,0,82,199
12/10/2020,AVL,NC,ASO,ES,Combined TRACON& Tower with Radar,36,9,33,16,94,0,5,69,2,76,36,14,102,18,170,135,4,139,309
12/11/2020,AVL,NC,ASO,ES,Combined TRACON& Tower with Radar,35,19,23,6,83,0,2,50,2,54,35,21,73,8,137,95,0,95,232
12/12/2020,AVL,NC,ASO,ES,Combined TRACON& Tower with Radar,21,17,25,1,64,0,4,12,1,17,21,21,37,2,81,2,0,2,83
12/13/2020,AVL,NC,ASO,ES,Combined TRACON& Tower with Radar,35,13,33,12,93,0,0,44,2,46,35,13,77,14,139,91,0,91,230
12/14/2020,AVL,NC,ASO,ES,Combined TRACON& Tower with Radar,31,10,16,0,57,0,0,2,0,2,31,10,18,0,59,0,0,0,59
12/15/2020,AVL,NC,ASO,ES,Combined TRACON& Tower with Radar,17,15,32,9,73,0,5,59,6,70,17,20,91,15,143,110,16,126,269
12/16/2020,AVL,NC,ASO,ES,Combined TRACON& Tower with Radar,20,8,11,0,39,0,0,0,0,0,20,8,11,0,39,0,0,0,39
12/17/2020,AVL,NC,ASO,ES,Combined TRACON& Tower with Radar,30,16,23,6,75,0,6,12,0,18,30,22,35,6,93,44,0,44,137
12/18/2020,AVL,NC,ASO,ES,Combined TRACON& Tower with Radar,34,17,54,2,107,0,0,47,3,50,34,17,101,5,157,52,0,52,209
12/19/2020,AVL,NC,ASO,ES,Combined TRACON& Tower with Radar,43,17,48,1,109,0,3,55,0,58,43,20,103,1,167,62,0,62,229
12/20/2020,AVL,NC,ASO,ES,Combined TRACON& Tower with Radar,36,14,21,0,71,0,0,22,3,25,36,14,43,3,96,58,0,58,154
12/21/2020,AVL,NC,ASO,ES,Combined TRACON& Tower with Radar,33,8,26,2,69,0,1,27,1,29,33,9,53,3,98,34,0,34,132
12/22/2020,AVL,NC,ASO,ES,Combined TRACON& Tower with Radar,31,21,25,0,77,0,1,12,0,13,31,22,37,0,90,24,0,24,114
12/23/2020,AVL,NC,ASO,ES,Combined TRACON& Tower with Radar,38,26,35,10,109,0,2,38,9,49,38,28,73,19,158,60,12,72,230
12/24/2020,AVL,NC,ASO,ES,Combined TRACON& Tower with Radar,33,9,8,0,50,0,0,0,0,0,33,9,8,0,50,0,0,0,50
12/25/2020,AVL,NC,ASO,ES,Combined TRACON& Tower with Radar,23,5,3,0,31,0,0,3,0,3,23,5,6,0,34,0,0,0,34
12/26/2020,AVL,NC,ASO,ES,Combined TRACON& Tower with Radar,41,22,28,0,91,0,2,23,2,27,41,24,51,2,118,42,0,42,160
12/27/2020,AVL,NC,ASO,ES,Combined TRACON& Tower with Radar,38,17,59,0,114,0,0,50,0,50,38,17,109,0,164,35,0,35,199
12/28/2020,AVL,NC,ASO,ES,Combined TRACON& Tower with Radar,38,15,34,10,97,0,2,42,1,45,38,17,76,11,142,51,2,53,195
12/29/2020,AVL,NC,ASO,ES,Combined TRACON& Tower with Radar,34,10,53,4,101,0,3,73,0,76,34,13,126,4,177,36,0,36,213
12/30/2020,AVL,NC,ASO,ES,Combined TRACON& Tower with Radar,36,22,21,3,82,0,0,0,0,0,36,22,21,3,82,0,0,0,82
12/31/2020,AVL,NC,ASO,ES,Combined TRACON& Tower with Radar,33,14,19,0,66,0,0,2,0,2,33,14,21,0,68,0,0,0,68
01/01/2021,AVL,NC,ASO,ES,Combined TRACON& Tower with Radar,19,11,8,0,38,0,0,0,0,0,19,11,8,0,38,0,0,0,38
01/02/2021,AVL,NC,ASO,ES,Combined TRACON& Tower with Radar,41,26,35,0,102,0,0,28,0,28,41,26,63,0,130,28,0,28,158
01/03/2021,AVL,NC,ASO,ES,Combined TRACON& Tower with Radar,38,18,28,0,84,0,0,13,0,13,38,18,41,0,97,7,0,7,104
01/04/2021,AVL,NC,ASO,ES,Combined TRACON& Tower with Radar,34,16,31,6,87,0,0,36,3,39,34,16,67,9,126,50,2,52,178
01/05/2021,AVL,NC,ASO,ES,Combined TRACON& Tower with Radar,22,16,20,2,60,0,0,5,0,5,22,16,25,2,65,0,0,0,65
01/06/2021,AVL,NC,ASO,ES,Combined TRACON& Tower with Radar,21,9,37,6,73,0,0,42,4,46,21,9,79,10,119,74,0,74,193
01/07/2021,AVL,NC,ASO,ES,Combined TRACON& Tower with Radar,33,33,22,4,92,0,1,18,0,19,33,34,40,4,111,46,0,46,157
01/08/2021,AVL,NC,ASO,ES,Combined TRACON& Tower with Radar,26,8,3,0,37,0,0,0,0,0,26,8,3,0,37,0,0,0,37
01/09/2021,AVL,NC,ASO,ES,Combined TRACON& Tower with Radar,20,14,7,8,49,0,3,9,0,12,20,17,16,8,61,0,0,0,61
01/10/2021,AVL,NC,ASO,ES,Combined TRACON& Tower with Radar,32,15,40,1,88,0,2,66,1,69,32,17,106,2,157,40,0,40,197
01/11/2021,AVL,NC,ASO,ES,Combined TRACON& Tower with Radar,30,7,14,10,61,0,0,2,0,2,30,7,16,10,63,0,0,0,63
01/12/2021,AVL,NC,ASO,ES,Combined TRACON& Tower with Radar,18,14,17,9,58,0,0,18,2,20,18,14,35,11,78,60,0,60,138
01/13/2021,AVL,NC,ASO,ES,Combined TRACON& Tower with Radar,22,18,18,3,61,0,4,50,1,55,22,22,68,4,116,104,0,104,220
01/14/2021,AVL,NC,ASO,ES,Combined TRACON& Tower with Radar,31,13,29,18,91,0,4,53,0,57,31,17,82,18,148,43,8,51,199
01/15/2021,AVL,NC,ASO,ES,Combined TRACON& Tower with Radar,30,11,42,4,87,0,2,8,0,10,30,13,50,4,97,0,0,0,97
01/16/2021,AVL,NC,ASO,ES,Combined TRACON& Tower with Radar,22,8,13,8,51,0,0,12,0,12,22,8,25,8,63,28,0,28,91
01/17/2021,AVL,NC,ASO,ES,Combined TRACON& Tower with Radar,32,11,33,4,80,0,0,36,2,38,32,11,69,6,118,0,4,4,122
01/18/2021,AVL,NC,ASO,ES,Combined TRACON& Tower with Radar,30,13,15,1,59,0,2,19,1,22,30,15,34,2,81,26,0,26,107
01/19/2021,AVL,NC,ASO,ES,Combined TRACON& Tower with Radar,18,7,33,10,68,0,0,55,2,57,18,7,88,12,125,82,0,82,207
01/20/2021,AVL,NC,ASO,ES,Combined TRACON& Tower with Radar,20,8,28,4,60,0,0,13,4,17,20,8,41,8,77,0,0,0,77
01/21/2021,AVL,NC,ASO,ES,Combined TRACON& Tower with Radar,34,10,21,2,67,0,0,1,0,1,34,10,22,2,68,0,0,0,68
01/22/2021,AVL,NC,ASO,ES,Combined TRACON& Tower with Radar,31,16,20,18,85,0,2,61,11,74,31,18,81,29,159,80,0,80,239
01/23/2021,AVL,NC,ASO,ES,Combined TRACON& Tower with Radar,21,8,40,2,71,0,2,65,11,78,21,10,105,13,149,4,14,18,167
01/24/2021,AVL,NC,ASO,ES,Combined TRACON& Tower with Radar,36,14,27,2,79,0,1,68,0,69,36,15,95,2,148,36,0,36,184
01/25/2021,AVL,NC,ASO,ES,Combined TRACON& Tower with Radar,30,20,8,0,58,0,0,0,0,0,30,20,8,0,58,0,0,0,58
01/26/2021,AVL,NC,ASO,ES,Combined TRACON& Tower with Radar,20,12,17,0,49,0,2,14,1,17,20,14,31,1,66,23,2,25,91
01/27/2021,AVL,NC,ASO,ES,Combined TRACON& Tower with Radar,22,7,17,3,49,0,4,30,0,34,22,11,47,3,83,56,0,56,139
01/28/2021,AVL,NC,ASO,ES,Combined TRACON& Tower with Radar,28,8,11,7,54,0,1,8,4,13,28,9,19,11,67,0,0,0,67
01/29/2021,AVL,NC,ASO,ES,Combined TRACON& Tower with Radar,32,10,35,7,84,0,1,77,7,85,32,11,112,14,169,95,10,105,274
01/30/2021,AVL,NC,ASO,ES,Combined TRACON& Tower with Radar,18,9,20,0,47,0,1,46,1,48,18,10,66,1,95,36,0,36,131
01/31/2021,AVL,NC,ASO,ES,Combined TRACON& Tower with Radar,29,6,17,0,52,0,0,0,0,0,29,6,17,0,52,0,0,0,52
02/01/2021,AVL,NC,ASO,ES,Combined TRACON& Tower with Radar,31,10,3,1,45,0,1,1,0,2,31,11,4,1,47,0,0,0,47
02/02/2021,AVL,NC,ASO,ES,Combined TRACON& Tower with Radar,18,13,8,0,39,0,0,3,0,3,18,13,11,0,42,0,0,0,42
02/03/2021,AVL,NC,ASO,ES,Combined TRACON& Tower with Radar,20,13,21,4,58,0,1,12,0,13,20,14,33,4,71,0,0,0,71
02/04/2021,AVL,NC,ASO,ES,Combined TRACON& Tower with Radar,34,14,22,3,73,0,5,55,1,61,34,19,77,4,134,34,5,39,173
02/05/2021,AVL,NC,ASO,ES,Combined TRACON& Tower with Radar,31,19,26,0,76,0,1,31,0,32,31,20,57,0,108,48,0,48,156
02/06/2021,AVL,NC,ASO,ES,Combined TRACON& Tower with Radar,20,15,18,0,53,0,3,56,0,59,20,18,74,0,112,40,0,40,152
02/07/2021,AVL,NC,ASO,ES,Combined TRACON& Tower with Radar,31,10,27,2,70,0,2,5,1,8,31,12,32,3,78,3,0,3,81
02/08/2021,AVL,NC,ASO,ES,Combined TRACON& Tower with Radar,30,20,28,4,82,0,2,38,2,42,30,22,66,6,124,26,0,26,150
02/09/2021,AVL,NC,ASO,ES,Combined TRACON& Tower with Radar,18,15,30,12,75,0,5,24,2,31,18,20,54,14,106,42,0,42,148
02/10/2021,AVL,NC,ASO,ES,Combined TRACON& Tower with Radar,29,25,35,4,93,0,2,37,0,39,29,27,72,4,132,56,0,56,188
02/11/2021,AVL,NC,ASO,ES,Combined TRACON& Tower with Radar,39,15,15,0,69,0,0,0,0,0,39,15,15,0,69,0,0,0,69
02/12/2021,AVL,NC,ASO,ES,Combined TRACON& Tower with Radar,45,24,26,0,95,0,0,0,0,0,45,24,26,0,95,0,0,0,95
02/13/2021,AVL,NC,ASO,ES,Combined TRACON& Tower with Radar,26,16,2,0,44,0,0,0,0,0,26,16,2,0,44,0,0,0,44
02/14/2021,AVL,NC,ASO,ES,Combined TRACON& Tower with Radar,32,16,15,0,63,0,0,0,0,0,32,16,15,0,63,0,0,0,63
02/15/2021,AVL,NC,ASO,ES,Combined TRACON& Tower with Radar,39,15,14,0,68,0,0,0,0,0,39,15,14,0,68,0,0,0,68
02/16/2021,AVL,NC,ASO,ES,Combined TRACON& Tower with Radar,22,18,13,4,57,0,1,8,0,9,22,19,21,4,66,0,0,0,66
02/17/2021,AVL,NC,ASO,ES,Combined TRACON& Tower with Radar,23,18,25,3,69,0,2,63,0,65,23,20,88,3,134,102,0,102,236
02/18/2021,AVL,NC,ASO,ES,Combined TRACON& Tower with Radar,29,9,3,0,41,0,0,0,0,0,29,9,3,0,41,0,0,0,41
02/19/2021,AVL,NC,ASO,ES,Combined TRACON& Tower with Radar,32,14,24,4,74,0,1,9,1,11,32,15,33,5,85,0,0,0,85
02/20/2021,AVL,NC,ASO,ES,Combined TRACON& Tower with Radar,26,11,30,1,68,0,2,57,0,59,26,13,87,1,127,44,0,44,171
02/21/2021,AVL,NC,ASO,ES,Combined TRACON& Tower with Radar,38,15,32,2,87,0,0,62,1,63,38,15,94,3,150,131,0,131,281
02/22/2021,AVL,NC,ASO,ES,Combined TRACON& Tower with Radar,40,13,9,16,78,0,0,9,0,9,40,13,18,16,87,36,0,36,123
02/23/2021,AVL,NC,ASO,ES,Combined TRACON& Tower with Radar,22,15,15,4,56,0,0,27,2,29,22,15,42,6,85,36,0,36,121
02/24/2021,AVL,NC,ASO,ES,Combined TRACON& Tower with Radar,30,14,33,8,85,0,0,79,7,86,30,14,112,15,171,24,0,24,195
02/25/2021,AVL,NC,ASO,ES,Combined TRACON& Tower with Radar,36,12,35,9,92,0,2,87,5,94,36,14,122,14,186,34,0,34,220
02/26/2021,AVL,NC,ASO,ES,Combined TRACON& Tower with Radar,38,17,14,3,72,0,0,7,0,7,38,17,21,3,79,15,0,15,94
02/27/2021,AVL,NC,ASO,ES,Combined TRACON& Tower with Radar,26,9,19,1,55,0,4,34,0,38,26,13,53,1,93,118,0,118,211
02/28/2021,AVL,NC,ASO,ES,Combined TRACON& Tower with Radar,39,19,28,3,89,0,1,10,2,13,39,20,38,5,102,6,0,6,108
03/01/2021,AVL,NC,ASO,ES,Combined TRACON& Tower with Radar,35,19,18,0,72,0,1,8,0,9,35,20,26,0,81,12,0,12,93
03/02/2021,AVL,NC,ASO,ES,Combined TRACON& Tower with Radar,20,12,23,0,55,0,0,63,2,65,20,12,86,2,120,114,0,114,234
03/03/2021,AVL,NC,ASO,ES,Combined TRACON& Tower with Radar,34,20,34,17,105,0,1,46,3,50,34,21,80,20,155,10,8,18,173
03/04/2021,AVL,NC,ASO,ES,Combined TRACON& Tower with Radar,49,16,47,3,115,0,0,55,1,56,49,16,102,4,171,46,0,46,217
03/05/2021,AVL,NC,ASO,ES,Combined TRACON& Tower with Radar,44,15,38,13,110,0,4,63,17,84,44,19,101,30,194,63,8,71,265
03/06/2021,AVL,NC,ASO,ES,Combined TRACON& Tower with Radar,35,19,29,1,84,0,0,62,12,74,35,19,91,13,158,48,4,52,210
03/07/2021,AVL,NC,ASO,ES,Combined TRACON& Tower with Radar,49,15,25,6,95,0,0,35,8,43,49,15,60,14,138,0,0,0,138
03/08/2021,AVL,NC,ASO,ES,Combined TRACON& Tower with Radar,42,19,17,0,78,0,3,60,5,68,42,22,77,5,146,43,0,43,189
03/09/2021,AVL,NC,ASO,ES,Combined TRACON& Tower with Radar,30,11,35,7,83,0,1,62,5,68,30,12,97,12,151,84,0,84,235
03/10/2021,AVL,NC,ASO,ES,Combined TRACON& Tower with Radar,38,10,29,16,93,0,4,66,9,79,38,14,95,25,172,56,0,56,228
03/11/2021,AVL,NC,ASO,ES,Combined TRACON& Tower with Radar,50,28,54,4,136,0,9,69,4,82,50,37,123,8,218,50,0,50,268
03/12/2021,AVL,NC,ASO,ES,Combined TRACON& Tower with Radar,46,10,49,0,105,0,5,88,2,95,46,15,137,2,200,28,0,28,228
03/13/2021,AVL,NC,ASO,ES,Combined TRACON& Tower with Radar,35,13,25,4,77,0,0,2,1,3,35,13,27,5,80,22,0,22,102
03/14/2021,AVL,NC,ASO,ES,Combined TRACON& Tower with Radar,49,21,43,8,121,0,0,42,0,42,49,21,85,8,163,14,0,14,177
03/15/2021,AVL,NC,ASO,ES,Combined TRACON& Tower with Radar,46,18,35,2,101,0,4,28,0,32,46,22,63,2,133,23,0,23,156
03/16/2021,AVL,NC,ASO,ES,Combined TRACON& Tower with Radar,31,15,21,0,67,0,0,0,0,0,31,15,21,0,67,0,0,0,67
03/17/2021,AVL,NC,ASO,ES,Combined TRACON& Tower with Radar,37,22,19,4,82,0,4,4,0,8,37,26,23,4,90,19,0,19,109
03/18/2021,AVL,NC,ASO,ES,Combined TRACON& Tower with Radar,54,10,26,0,90,0,1,2,2,5,54,11,28,2,95,0,0,0,95
03/19/2021,AVL,NC,ASO,ES,Combined TRACON& Tower with Radar,47,18,42,17,124,0,0,6,0,6,47,18,48,17,130,20,0,20,150
03/20/2021,AVL,NC,ASO,ES,Combined TRACON& Tower with Radar,36,19,31,6,92,0,4,89,1,94,36,23,120,7,186,81,4,85,271
03/21/2021,AVL,NC,ASO,ES,Combined TRACON& Tower with Radar,44,21,37,4,106,0,2,51,1,54,44,23,88,5,160,63,0,63,223
03/22/2021,AVL,NC,ASO,ES,Combined TRACON& Tower with Radar,48,13,32,11,104,0,0,99,5,104,48,13,131,16,208,150,10,160,368
03/23/2021,AVL,NC,ASO,ES,Combined TRACON& Tower with Radar,33,10,31,13,87,0,1,29,0,30,33,11,60,13,117,106,8,114,231
03/24/2021,AVL,NC,ASO,ES,Combined TRACON& Tower with Radar,37,10,19,20,86,0,0,8,3,11,37,10,27,23,97,0,0,0,97
03/25/2021,AVL,NC,ASO,ES,Combined TRACON& Tower with Radar,47,18,25,1,91,0,0,0,0,0,47,18,25,1,91,0,0,0,91
03/26/2021,AVL,NC,ASO,ES,Combined TRACON& Tower with Radar,47,19,52,11,129,0,2,66,4,72,47,21,118,15,201,13,0,13,214
03/27/2021,AVL,NC,ASO,ES,Combined TRACON& Tower with Radar,37,21,27,0,85,0,0,32,0,32,37,21,59,0,117,16,0,16,133
03/28/2021,AVL,NC,ASO,ES,Combined TRACON& Tower with Radar,52,19,12,7,90,0,5,9,1,15,52,24,21,8,105,0,0,0,105
03/29/2021,AVL,NC,ASO,ES,Combined TRACON& Tower with Radar,46,14,37,16,113,0,1,86,1,88,46,15,123,17,201,112,7,119,320
03/30/2021,AVL,NC,ASO,ES,Combined TRACON& Tower with Radar,30,13,44,8,95,0,0,58,2,60,30,13,102,10,155,56,10,66,221
03/31/2021,AVL,NC,ASO,ES,Combined TRACON& Tower with Radar,40,19,31,0,90,0,0,0,0,0,40,19,31,0,90,0,0,0,90
04/01/2021,AVL,NC,ASO,ES,Combined TRACON& Tower with Radar,50,17,22,10,99,0,1,6,1,8,50,18,28,11,107,0,0,0,107
04/02/2021,AVL,NC,ASO,ES,Combined TRACON& Tower with Radar,42,24,33,0,99,0,2,36,2,40,42,26,69,2,139,4,0,4,143
04/03/2021,AVL,NC,ASO,ES,Combined TRACON& Tower with Radar,38,19,27,0,84,0,1,101,0,102,38,20,128,0,186,32,0,32,218
04/04/2021,AVL,NC,ASO,ES,Combined TRACON& Tower with Radar,47,19,21,0,87,0,3,58,0,61,47,22,79,0,148,10,0,10,158
04/05/2021,AVL,NC,ASO,ES,Combined TRACON& Tower with Radar,42,39,36,1,118,0,0,74,1,75,42,39,110,2,193,44,0,44,237
04/06/2021,AVL,NC,ASO,ES,Combined TRACON& Tower with Radar,31,14,56,6,107,0,4,56,3,63,31,18,112,9,170,26,0,26,196
04/07/2021,AVL,NC,ASO,ES,Combined TRACON& Tower with Radar,35,20,41,20,116,0,2,87,0,89,35,22,128,20,205,48,0,48,253
04/08/2021,AVL,NC,ASO,ES,Combined TRACON& Tower with Radar,49,17,40,4,110,0,0,25,0,25,49,17,65,4,135,34,0,34,169
04/09/2021,AVL,NC,ASO,ES,Combined TRACON& Tower with Radar,43,26,36,15,120,0,0,48,2,50,43,26,84,17,170,28,0,28,198
04/10/2021,AVL,NC,ASO,ES,Combined TRACON& Tower with Radar,34,19,12,0,65,0,0,3,0,3,34,19,15,0,68,0,0,0,68
04/11/2021,AVL,NC,ASO,ES,Combined TRACON& Tower with Radar,39,28,45,3,115,0,1,33,6,40,39,29,78,9,155,44,4,48,203
04/12/2021,AVL,NC,ASO,ES,Combined TRACON& Tower with Radar,41,15,26,7,89,0,2,31,0,33,41,17,57,7,122,14,6,20,142
04/13/2021,AVL,NC,ASO,ES,Combined TRACON& Tower with Radar,33,15,27,24,99,0,2,63,4,69,33,17,90,28,168,49,16,65,233
04/14/2021,AVL,NC,ASO,ES,Combined TRACON& Tower with Radar,30,12,28,8,78,0,1,63,1,65,30,13,91,9,143,26,0,26,169
04/15/2021,AVL,NC,ASO,ES,Combined TRACON& Tower with Radar,45,42,43,2,132,0,0,40,6,46,45,42,83,8,178,26,0,26,204
04/16/2021,AVL,NC,ASO,ES,Combined TRACON& Tower with Radar,40,42,55,75,212,0,3,86,5,94,40,45,141,80,306,45,10,55,361
04/17/2021,AVL,NC,ASO,ES,Combined TRACON& Tower with Radar,33,17,23,6,79,0,0,51,0,51,33,17,74,6,130,70,0,70,200
04/18/2021,AVL,NC,ASO,ES,Combined TRACON& Tower with Radar,42,25,47,14,128,0,3,76,9,88,42,28,123,23,216,54,0,54,270
04/19/2021,AVL,NC,ASO,ES,Combined TRACON& Tower with Radar,41,26,36,1,104,0,6,40,1,47,41,32,76,2,151,75,0,75,226
04/20/2021,AVL,NC,ASO,ES,Combined TRACON& Tower with Radar,26,18,30,34,108,0,3,57,8,68,26,21,87,42,176,17,14,31,207
04/21/2021,AVL,NC,ASO,ES,Combined TRACON& Tower with Radar,30,16,55,2,103,0,0,7,0,7,30,16,62,2,110,0,0,0,110
04/22/2021,AVL,NC,ASO,ES,Combined TRACON& Tower with Radar,45,27,44,19,135,0,5,42,0,47,45,32,86,19,182,40,8,48,230
04/23/2021,AVL,NC,ASO,ES,Combined TRACON& Tower with Radar,42,34,47,20,143,0,1,90,2,93,42,35,137,22,236,88,2,90,326
04/24/2021,AVL,NC,ASO,ES,Combined TRACON& Tower with Radar,30,21,10,0,61,0,0,1,0,1,30,21,11,0,62,0,0,0,62
04/25/2021,AVL,NC,ASO,ES,Combined TRACON& Tower with Radar,43,32,58,2,135,0,1,18,0,19,43,33,76,2,154,0,0,0,154
04/26/2021,AVL,NC,ASO,ES,Combined TRACON& Tower with Radar,41,24,40,22,127,0,2,86,0,88,41,26,126,22,215,118,10,128,343
04/27/2021,AVL,NC,ASO,ES,Combined TRACON& Tower with Radar,24,18,47,5,94,0,0,69,0,69,24,18,116,5,163,60,0,60,223
04/28/2021,AVL,NC,ASO,ES,Combined TRACON& Tower with Radar,31,17,50,12,110,0,1,61,1,63,31,18,111,13,173,116,0,116,289
04/29/2021,AVL,NC,ASO,ES,Combined TRACON& Tower with Radar,46,31,49,1,127,0,4,26,1,31,46,35,75,2,158,0,0,0,158
04/30/2021,AVL,NC,ASO,ES,Combined TRACON& Tower with Radar,42,37,45,16,140,0,2,14,2,18,42,39,59,18,158,4,0,4,162
05/01/2021,AVL,NC,ASO,ES,Combined TRACON& Tower with Radar,33,30,39,9,111,0,0,102,5,107,33,30,141,14,218,107,20,127,345
05/02/2021,AVL,NC,ASO,ES,Combined TRACON& Tower with Radar,42,34,64,13,153,0,2,49,1,52,42,36,113,14,205,10,0,10,215
05/03/2021,AVL,NC,ASO,ES,Combined TRACON& Tower with Radar,40,30,23,0,93,0,0,1,0,1,40,30,24,0,94,0,0,0,94
05/04/2021,AVL,NC,ASO,ES,Combined TRACON& Tower with Radar,23,25,23,0,71,0,0,2,0,2,23,25,25,0,73,0,0,0,73
05/05/2021,AVL,NC,ASO,ES,Combined TRACON& Tower with Radar,32,30,44,6,112,0,0,17,0,17,32,30,61,6,129,8,0,8,137
05/06/2021,AVL,NC,ASO,ES,Combined TRACON& Tower with Radar,46,37,51,3,137,0,5,82,0,87,46,42,133,3,224,125,14,139,363
05/07/2021,AVL,NC,ASO,ES,Combined TRACON& Tower with Radar,43,26,58,9,136,0,0,14,0,14,43,26,72,9,150,0,0,0,150
05/08/2021,AVL,NC,ASO,ES,Combined TRACON& Tower with Radar,40,37,45,6,128,0,1,41,0,42,40,38,86,6,170,123,0,123,293
05/09/2021,AVL,NC,ASO,ES,Combined TRACON& Tower with Radar,46,39,48,3,136,0,0,30,0,30,46,39,78,3,166,74,4,78,244
05/10/2021,AVL,NC,ASO,ES,Combined TRACON& Tower with Radar,45,23,29,5,102,0,0,22,0,22,45,23,51,5,124,57,0,57,181
05/11/2021,AVL,NC,ASO,ES,Combined TRACON& Tower with Radar,28,28,62,0,118,0,7,24,0,31,28,35,86,0,149,70,0,70,219
05/12/2021,AVL,NC,ASO,ES,Combined TRACON& Tower with Radar,33,44,54,1,132,0,0,0,0,0,33,44,54,1,132,0,0,0,132
05/13/2021,AVL,NC,ASO,ES,Combined TRACON& Tower with Radar,49,36,62,1,148,0,3,76,1,80,49,39,138,2,228,74,0,74,302
05/14/2021,AVL,NC,ASO,ES,Combined TRACON& Tower with Radar,47,37,64,3,151,0,5,54,7,66,47,42,118,10,217,8,0,8,225
05/15/2021,AVL,NC,ASO,ES,Combined TRACON& Tower with Radar,40,37,29,4,110,0,1,88,7,96,40,38,117,11,206,54,8,62,268
05/16/2021,AVL,NC,ASO,ES,Combined TRACON& Tower with Radar,44,57,70,1,172,0,2,48,4,54,44,59,118,5,226,46,0,46,272
05/17/2021,AVL,NC,ASO,ES,Combined TRACON& Tower with Radar,47,30,38,7,122,0,0,45,1,46,47,30,83,8,168,60,0,60,228
05/18/2021,AVL,NC,ASO,ES,Combined TRACON& Tower with Radar,31,26,47,5,109,0,0,55,1,56,31,26,102,6,165,32,0,32,197
05/19/2021,AVL,NC,ASO,ES,Combined TRACON& Tower with Radar,36,34,72,7,149,0,0,44,0,44,36,34,116,7,193,55,0,55,248
05/20/2021,AVL,NC,ASO,ES,Combined TRACON& Tower with Radar,48,37,50,13,148,0,4,61,0,65,48,41,111,13,213,12,6,18,231
05/21/2021,AVL,NC,ASO,ES,Combined TRACON& Tower with Radar,49,30,70,14,163,0,2,68,3,73,49,32,138,17,236,63,0,63,299
05/22/2021,AVL,NC,ASO,ES,Combined TRACON& Tower with Radar,39,38,46,11,134,0,2,89,4,95,39,40,135,15,229,62,0,62,291
05/23/2021,AVL,NC,ASO,ES,Combined TRACON& Tower with Radar,46,46,69,2,163,0,2,67,0,69,46,48,136,2,232,54,0,54,286
05/24/2021,AVL,NC,ASO,ES,Combined TRACON& Tower with Radar,46,40,38,16,140,0,2,47,3,52,46,42,85,19,192,46,6,52,244
05/25/2021,AVL,NC,ASO,ES,Combined TRACON& Tower with Radar,32,30,41,6,109,0,4,45,2,51,32,34,86,8,160,85,2,87,247
05/26/2021,AVL,NC,ASO,ES,Combined TRACON& Tower with Radar,34,45,52,7,138,0,0,51,1,52,34,45,103,8,190,49,0,49,239
05/27/2021,AVL,NC,ASO,ES,Combined TRACON& Tower with Radar,57,38,57,2,154,0,0,67,0,67,57,38,124,2,221,72,0,72,293
05/28/2021,AVL,NC,ASO,ES,Combined TRACON& Tower with Radar,57,38,77,12,184,0,1,14,6,21,57,39,91,18,205,9,13,22,227
05/29/2021,AVL,NC,ASO,ES,Combined TRACON& Tower with Radar,49,29,60,0,138,0,2,20,0,22,49,31,80,0,160,31,0,31,191
05/30/2021,AVL,NC,ASO,ES,Combined TRACON& Tower with Radar,57,26,55,0,138,0,1,28,0,29,57,27,83,0,167,24,0,24,191
05/31/2021,AVL,NC,ASO,ES,Combined TRACON& Tower with Radar,55,38,69,0,162,0,2,68,0,70,55,40,137,0,232,69,0,69,301
06/01/2021,AVL,NC,ASO,ES,Combined TRACON& Tower with Radar,34,25,63,5,127,0,1,81,0,82,34,26,144,5,209,138,4,142,351
06/02/2021,AVL,NC,ASO,ES,Combined TRACON& Tower with Radar,41,27,47,17,132,0,2,28,0,30,41,29,75,17,162,92,8,100,262
06/03/2021,AVL,NC,ASO,ES,Combined TRACON& Tower with Radar,52,40,58,10,160,0,0,12,0,12,52,40,70,10,172,14,5,19,191
06/04/2021,AVL,NC,ASO,ES,Combined TRACON& Tower with Radar,48,45,74,31,198,0,0,33,4,37,48,45,107,35,235,66,10,76,311
06/05/2021,AVL,NC,ASO,ES,Combined TRACON& Tower with Radar,40,41,37,22,140,0,1,60,3,64,40,42,97,25,204,86,12,98,302
06/06/2021,AVL,NC,ASO,ES,Combined TRACON& Tower with Radar,50,45,97,13,205,0,2,27,0,29,50,47,124,13,234,24,0,24,258
06/07/2021,AVL,NC,ASO,ES,Combined TRACON& Tower with Radar,44,48,67,4,163,0,0,12,0,12,44,48,79,4,175,36,0,36,211
06/08/2021,AVL,NC,ASO,ES,Combined TRACON& Tower with Radar,29,36,50,12,127,0,0,12,0,12,29,36,62,12,139,18,0,18,157
06/09/2021,AVL,NC,ASO,ES,Combined TRACON& Tower with Radar,37,49,52,4,142,0,0,22,0,22,37,49,74,4,164,12,0,12,176
06/10/2021,AVL,NC,ASO,ES,Combined TRACON& Tower with Radar,53,34,61,15,163,0,0,11,0,11,53,34,72,15,174,38,6,44,218
06/11/2021,AVL,NC,ASO,ES,Combined TRACON& Tower with Radar,44,42,53,2,141,0,1,7,0,8,44,43,60,2,149,13,0,13,162
06/12/2021,AVL,NC,ASO,ES,Combined TRACON& Tower with Radar,42,49,37,2,130,0,0,2,0,2,42,49,39,2,132,0,0,0,132
06/13/2021,AVL,NC,ASO,ES,Combined TRACON& Tower with Radar,50,53,86,0,189,0,2,42,0,44,50,55,128,0,233,28,0,28,261
06/14/2021,AVL,NC,ASO,ES,Combined TRACON& Tower with Radar,47,41,65,4,157,0,7,72,0,79,47,48,137,4,236,83,0,83,319
06/15/2021,AVL,NC,ASO,ES,Combined TRACON& Tower with Radar,32,41,39,14,126,0,0,52,6,58,32,41,91,20,184,53,10,63,247
06/16/2021,AVL,NC,ASO,ES,Combined TRACON& Tower with Radar,36,52,75,33,196,0,5,78,1,84,36,57,153,34,280,112,23,135,415
06/17/2021,AVL,NC,ASO,ES,Combined TRACON& Tower with Radar,54,46,64,8,172,0,0,91,0,91,54,46,155,8,263,34,4,38,301
06/18/2021,AVL,NC,ASO,ES,Combined TRACON& Tower with Radar,46,44,81,3,174,0,0,90,2,92,46,44,171,5,266,41,0,41,307
06/19/2021,AVL,NC,ASO,ES,Combined TRACON& Tower with Radar,43,46,65,2,156,0,3,55,0,58,43,49,120,2,214,59,5,64,278
06/20/2021,AVL,NC,ASO,ES,Combined TRACON& Tower with Radar,49,62,59,0,170,0,0,4,0,4,49,62,63,0,174,21,0,21,195
06/21/2021,AVL,NC,ASO,ES,Combined TRACON& Tower with Radar,42,41,61,6,150,0,0,39,2,41,42,41,100,8,191,41,6,47,238
06/22/2021,AVL,NC,ASO,ES,Combined TRACON& Tower with Radar,39,56,52,8,155,0,0,15,0,15,39,56,67,8,170,19,0,19,189
06/23/2021,AVL,NC,ASO,ES,Combined TRACON& Tower with Radar,40,47,71,7,165,0,0,38,2,40,40,47,109,9,205,91,0,91,296
06/24/2021,AVL,NC,ASO,ES,Combined TRACON& Tower with Radar,51,50,95,16,212,0,0,32,4,36,51,50,127,20,248,32,4,36,284
06/25/2021,AVL,NC,ASO,ES,Combined TRACON& Tower with Radar,44,63,119,16,242,0,0,71,1,72,44,63,190,17,314,62,18,80,394
06/26/2021,AVL,NC,ASO,ES,Combined TRACON& Tower with Radar,38,54,65,4,161,0,0,58,0,58,38,54,123,4,219,62,0,62,281
06/27/2021,AVL,NC,ASO,ES,Combined TRACON& Tower with Radar,59,69,101,3,232,0,2,16,0,18,59,71,117,3,250,19,0,19,269
06/28/2021,AVL,NC,ASO,ES,Combined TRACON& Tower with Radar,50,52,54,1,157,0,0,54,5,59,50,52,108,6,216,43,0,43,259
06/29/2021,AVL,NC,ASO,ES,Combined TRACON& Tower with Radar,33,49,49,5,136,0,2,2,0,4,33,51,51,5,140,0,0,0,140
06/30/2021,AVL,NC,ASO,ES,Combined TRACON& Tower with Radar,37,60,78,3,178,0,3,53,1,57,37,63,131,4,235,60,0,60,295
07/01/2021,AVL,NC,ASO,ES,Combined TRACON& Tower with Radar,56,60,63,2,181,0,0,31,2,33,56,60,94,4,214,0,6,6,220
07/02/2021,AVL,NC,ASO,ES,Combined TRACON& Tower with Radar,48,67,64,0,179,0,1,8,0,9,48,68,72,0,188,0,0,0,188
07/03/2021,AVL,NC,ASO,ES,Combined TRACON& Tower with Radar,37,55,55,0,147,0,2,77,0,79,37,57,132,0,226,18,0,18,244
07/04/2021,AVL,NC,ASO,ES,Combined TRACON& Tower with Radar,54,50,32,0,136,0,1,46,0,47,54,51,78,0,183,13,0,13,196
07/05/2021,AVL,NC,ASO,ES,Combined TRACON& Tower with Radar,48,44,89,4,185,0,1,79,0,80,48,45,168,4,265,47,0,47,312
07/06/2021,AVL,NC,ASO,ES,Combined TRACON& Tower with Radar,33,42,65,0,140,0,0,90,0,90,33,42,155,0,230,63,0,63,293
07/07/2021,AVL,NC,ASO,ES,Combined TRACON& Tower with Radar,37,42,51,4,134,0,0,32,0,32,37,42,83,4,166,29,2,31,197
07/08/2021,AVL,NC,ASO,ES,Combined TRACON& Tower with Radar,53,48,45,23,169,0,0,20,0,20,53,48,65,23,189,32,0,32,221
07/09/2021,AVL,NC,ASO,ES,Combined TRACON& Tower with Radar,50,56,59,4,169,0,1,31,0,32,50,57,90,4,201,23,0,23,224
07/10/2021,AVL,NC,ASO,ES,Combined TRACON& Tower with Radar,46,53,55,0,154,0,2,50,0,52,46,55,105,0,206,65,0,65,271
07/11/2021,AVL,NC,ASO,ES,Combined TRACON& Tower with Radar,57,81,80,0,218,0,2,15,1,18,57,83,95,1,236,23,0,23,259
07/12/2021,AVL,NC,ASO,ES,Combined TRACON& Tower with Radar,44,41,42,1,128,0,0,14,3,17,44,41,56,4,145,48,0,48,193
07/13/2021,AVL,NC,ASO,ES,Combined TRACON& Tower with Radar,35,50,38,12,135,0,0,18,2,20,35,50,56,14,155,52,2,54,209
07/14/2021,AVL,NC,ASO,ES,Combined TRACON& Tower with Radar,36,50,56,5,147,0,0,24,3,27,36,50,80,8,174,20,8,28,202
07/15/2021,AVL,NC,ASO,ES,Combined TRACON& Tower with Radar,54,61,72,24,211,0,0,44,0,44,54,61,116,24,255,50,0,50,305
07/16/2021,AVL,NC,ASO,ES,Combined TRACON& Tower with Radar,51,69,63,8,191,0,0,62,6,68,51,69,125,14,259,83,6,89,348
07/17/2021,AVL,NC,ASO,ES,Combined TRACON& Tower with Radar,40,47,40,9,136,0,2,29,0,31,40,49,69,9,167,42,0,42,209
07/18/2021,AVL,NC,ASO,ES,Combined TRACON& Tower with Radar,56,59,74,0,189,0,0,8,0,8,56,59,82,0,197,0,0,0,197
07/19/2021,AVL,NC,ASO,ES,Combined TRACON& Tower with Radar,48,51,52,2,153,0,0,6,0,6,48,51,58,2,159,6,2,8,167
07/20/2021,AVL,NC,ASO,ES,Combined TRACON& Tower with Radar,30,54,39,18,141,0,2,12,5,19,30,56,51,23,160,43,8,51,211
07/21/2021,AVL,NC,ASO,ES,Combined TRACON& Tower with Radar,34,47,53,54,188,0,6,53,8,67,34,53,106,62,255,41,16,57,312
07/22/2021,AVL,NC,ASO,ES,Combined TRACON& Tower with Radar,57,52,68,1,178,0,1,35,1,37,57,53,103,2,215,54,0,54,269
07/23/2021,AVL,NC,ASO,ES,Combined TRACON& Tower with Radar,52,57,84,16,209,0,4,29,0,33,52,61,113,16,242,39,0,39,281
07/24/2021,AVL,NC,ASO,ES,Combined TRACON& Tower with Radar,39,52,59,7,157,0,0,24,0,24,39,52,83,7,181,45,0,45,226
07/25/2021,AVL,NC,ASO,ES,Combined TRACON& Tower with Radar,59,62,100,1,222,0,1,28,0,29,59,63,128,1,251,60,0,60,311
07/26/2021,AVL,NC,ASO,ES,Combined TRACON& Tower with Radar,50,45,41,4,140,0,2,23,0,25,50,47,64,4,165,35,0,35,200
07/27/2021,AVL,NC,ASO,ES,Combined TRACON& Tower with Radar,30,42,69,18,159,0,0,23,10,33,30,42,92,28,192,10,10,20,212
07/28/2021,AVL,NC,ASO,ES,Combined TRACON& Tower with Radar,37,51,60,33,181,0,0,58,2,60,37,51,118,35,241,85,0,85,326
07/29/2021,AVL,NC,ASO,ES,Combined TRACON& Tower with Radar,57,56,76,2,191,0,7,63,2,72,57,63,139,4,263,55,0,55,318
07/30/2021,AVL,NC,ASO,ES,Combined TRACON& Tower with Radar,52,45,84,11,192,0,2,42,0,44,52,47,126,11,236,4,0,4,240
07/31/2021,AVL,NC,ASO,ES,Combined TRACON& Tower with Radar,45,49,61,6,161,0,0,55,6,61,45,49,116,12,222,90,2,92,314
08/01/2021,AVL,NC,ASO,ES,Combined TRACON& Tower with Radar,57,48,74,2,181,0,0,15,1,16,57,48,89,3,197,12,0,12,209
08/02/2021,AVL,NC,ASO,ES,Combined TRACON& Tower with Radar,53,58,75,15,201,0,3,57,3,63,53,61,132,18,264,29,6,35,299
08/03/2021,AVL,NC,ASO,ES,Combined TRACON& Tower with Radar,37,48,56,1,142,0,1,1,0,2,37,49,57,1,144,0,0,0,144
08/04/2021,AVL,NC,ASO,ES,Combined TRACON& Tower with Radar,41,43,77,15,176,0,14,24,2,40,41,57,101,17,216,54,18,72,288
08/05/2021,AVL,NC,ASO,ES,Combined TRACON& Tower with Radar,53,47,75,11,186,0,5,72,4,81,53,52,147,15,267,95,2,97,364
08/06/2021,AVL,NC,ASO,ES,Combined TRACON& Tower with Radar,51,53,60,14,178,0,0,56,4,60,51,53,116,18,238,58,0,58,296
08/07/2021,AVL,NC,ASO,ES,Combined TRACON& Tower with Radar,43,44,47,11,145,0,2,27,0,29,43,46,74,11,174,36,0,36,210
08/08/2021,AVL,NC,ASO,ES,Combined TRACON& Tower with Radar,44,65,79,3,191,0,3,52,0,55,44,68,131,3,246,48,0,48,294
08/09/2021,AVL,NC,ASO,ES,Combined TRACON& Tower with Radar,50,47,56,6,159,0,1,28,3,32,50,48,84,9,191,37,6,43,234
08/10/2021,AVL,NC,ASO,ES,Combined TRACON& Tower with Radar,29,43,50,10,132,0,0,25,2,27,29,43,75,12,159,57,0,57,216
08/11/2021,AVL,NC,ASO,ES,Combined TRACON& Tower with Radar,41,48,57,5,151,0,2,32,1,35,41,50,89,6,186,63,0,63,249
08/12/2021,AVL,NC,ASO,ES,Combined TRACON& Tower with Radar,48,70,75,7,200,0,0,63,3,66,48,70,138,10,266,84,0,84,350
08/13/2021,AVL,NC,ASO,ES,Combined TRACON& Tower with Radar,50,47,64,25,186,0,1,56,3,60,50,48,120,28,246,42,6,48,294
08/14/2021,AVL,NC,ASO,ES,Combined TRACON& Tower with Radar,38,43,34,0,115,0,2,26,0,28,38,45,60,0,143,86,0,86,229
08/15/2021,AVL,NC,ASO,ES,Combined TRACON& Tower with Radar,46,59,59,8,172,0,0,17,0,17,46,59,76,8,189,4,0,4,193
08/16/2021,AVL,NC,ASO,ES,Combined TRACON& Tower with Radar,49,40,55,0,144,0,0,1,0,1,49,40,56,0,145,0,0,0,145
08/17/2021,AVL,NC,ASO,ES,Combined TRACON& Tower with Radar,27,32,19,0,78,0,0,0,0,0,27,32,19,0,78,0,0,0,78
08/18/2021,AVL,NC,ASO,ES,Combined TRACON& Tower with Radar,33,52,76,4,165,0,2,47,5,54,33,54,123,9,219,79,5,84,303
08/19/2021,AVL,NC,ASO,ES,Combined TRACON& Tower with Radar,51,37,61,13,162,0,1,43,3,47,51,38,104,16,209,97,1,98,307
08/20/2021,AVL,NC,ASO,ES,Combined TRACON& Tower with Radar,47,48,60,9,164,0,1,31,3,35,47,49,91,12,199,74,2,76,275
08/21/2021,AVL,NC,ASO,ES,Combined TRACON& Tower with Radar,39,38,57,18,152,0,1,35,0,36,39,39,92,18,188,14,6,20,208
08/22/2021,AVL,NC,ASO,ES,Combined TRACON& Tower with Radar,51,35,60,7,153,0,0,40,0,40,51,35,100,7,193,68,0,68,261
08/23/2021,AVL,NC,ASO,ES,Combined TRACON& Tower with Radar,47,44,69,5,165,0,3,66,1,70,47,47,135,6,235,75,0,75,310
08/24/2021,AVL,NC,ASO,ES,Combined TRACON& Tower with Radar,31,50,38,19,138,0,1,50,0,51,31,51,88,19,189,12,0,12,201
08/25/2021,AVL,NC,ASO,ES,Combined TRACON& Tower with Radar,38,39,68,20,165,0,1,34,0,35,38,40,102,20,200,98,0,98,298
08/26/2021,AVL,NC,ASO,ES,Combined TRACON& Tower with Radar,55,52,47,15,169,0,0,30,0,30,55,52,77,15,199,75,0,75,274
08/27/2021,AVL,NC,ASO,ES,Combined TRACON& Tower with Radar,53,40,78,19,190,0,0,17,1,18,53,40,95,20,208,2,0,2,210
08/28/2021,AVL,NC,ASO,ES,Combined TRACON& Tower with Radar,42,32,53,13,140,0,4,72,6,82,42,36,125,19,222,96,16,112,334
08/29/2021,AVL,NC,ASO,ES,Combined TRACON& Tower with Radar,52,51,64,4,171,0,2,57,5,64,52,53,121,9,235,53,10,63,298
08/30/2021,AVL,NC,ASO,ES,Combined TRACON& Tower with Radar,47,44,48,8,147,0,2,62,1,65,47,46,110,9,212,54,0,54,266
08/31/2021,AVL,NC,ASO,ES,Combined TRACON& Tower with Radar,32,31,29,2,94,0,0,6,0,6,32,31,35,2,100,0,0,0,100
09/01/2021,AVL,NC,ASO,ES,Combined TRACON& Tower with Radar,38,32,37,2,109,0,1,4,0,5,38,33,41,2,114,8,0,8,122
09/02/2021,AVL,NC,ASO,ES,Combined TRACON& Tower with Radar,54,32,46,9,141,0,2,78,2,82,54,34,124,11,223,72,0,72,295
09/03/2021,AVL,NC,ASO,ES,Combined TRACON& Tower with Radar,53,56,73,2,184,0,1,75,0,76,53,57,148,2,260,74,0,74,334
09/04/2021,AVL,NC,ASO,ES,Combined TRACON& Tower with Radar,37,30,53,0,120,0,0,49,1,50,37,30,102,1,170,34,0,34,204
09/05/2021,AVL,NC,ASO,ES,Combined TRACON& Tower with Radar,47,38,38,12,135,0,0,41,0,41,47,38,79,12,176,21,8,29,205
09/06/2021,AVL,NC,ASO,ES,Combined TRACON& Tower with Radar,49,53,82,0,184,0,2,38,1,41,49,55,120,1,225,47,0,47,272
09/07/2021,AVL,NC,ASO,ES,Combined TRACON& Tower with Radar,32,41,58,23,154,0,2,27,1,30,32,43,85,24,184,67,17,84,268
09/08/2021,AVL,NC,ASO,ES,Combined TRACON& Tower with Radar,29,32,45,8,114,0,0,6,3,9,29,32,51,11,123,33,0,33,156
09/09/2021,AVL,NC,ASO,ES,Combined TRACON& Tower with Radar,45,50,79,2,176,0,2,59,0,61,45,52,138,2,237,19,0,19,256
09/10/2021,AVL,NC,ASO,ES,Combined TRACON& Tower with Radar,37,59,49,7,152,0,0,61,4,65,37,59,110,11,217,58,0,58,275
09/11/2021,AVL,NC,ASO,ES,Combined TRACON& Tower with Radar,32,38,49,6,125,0,1,76,3,80,32,39,125,9,205,92,0,92,297
09/12/2021,AVL,NC,ASO,ES,Combined TRACON& Tower with Radar,47,60,67,5,179,0,0,75,4,79,47,60,142,9,258,40,0,40,298
09/13/2021,AVL,NC,ASO,ES,Combined TRACON& Tower with Radar,39,46,43,2,130,0,3,36,2,41,39,49,79,4,171,71,0,71,242
09/14/2021,AVL,NC,ASO,ES,Combined TRACON& Tower with Radar,28,39,41,18,126,0,7,40,1,48,28,46,81,19,174,98,2,100,274
09/15/2021,AVL,NC,ASO,ES,Combined TRACON& Tower with Radar,30,34,56,6,126,0,0,30,2,32,30,34,86,8,158,147,12,159,317
09/16/2021,AVL,NC,ASO,ES,Combined TRACON& Tower with Radar,45,40,59,0,144,0,0,6,0,6,45,40,65,0,150,10,0,10,160
09/17/2021,AVL,NC,ASO,ES,Combined TRACON& Tower with Radar,44,40,65,14,163,0,4,7,6,17,44,44,72,20,180,10,0,10,190
09/18/2021,AVL,NC,ASO,ES,Combined TRACON& Tower with Radar,32,39,45,0,116,0,0,17,0,17,32,39,62,0,133,20,0,20,153
09/19/2021,AVL,NC,ASO,ES,Combined TRACON& Tower with Radar,46,44,56,4,150,0,0,13,4,17,46,44,69,8,167,14,0,14,181
09/20/2021,AVL,NC,ASO,ES,Combined TRACON& Tower with Radar,40,44,47,2,133,0,0,5,0,5,40,44,52,2,138,0,0,0,138
09/21/2021,AVL,NC,ASO,ES,Combined TRACON& Tower with Radar,26,35,29,0,90,0,0,0,0,0,26,35,29,0,90,0,0,0,90
09/22/2021,AVL,NC,ASO,ES,Combined TRACON& Tower with Radar,33,57,31,8,129,0,0,4,0,4,33,57,35,8,133,10,4,14,147
09/23/2021,AVL,NC,ASO,ES,Combined TRACON& Tower with Radar,43,53,79,8,183,0,4,63,4,71,43,57,142,12,254,36,0,36,290
09/24/2021,AVL,NC,ASO,ES,Combined TRACON& Tower with Radar,39,46,62,22,169,0,0,90,1,91,39,46,152,23,260,79,0,79,339
09/25/2021,AVL,NC,ASO,ES,Combined TRACON& Tower with Radar,28,41,31,2,102,0,0,96,1,97,28,41,127,3,199,52,0,52,251
09/26/2021,AVL,NC,ASO,ES,Combined TRACON& Tower with Radar,43,53,77,4,177,0,0,63,0,63,43,53,140,4,240,80,0,80,320
09/27/2021,AVL,NC,ASO,ES,Combined TRACON& Tower with Radar,38,38,57,11,144,0,1,62,3,66,38,39,119,14,210,94,8,102,312
09/28/2021,AVL,NC,ASO,ES,Combined TRACON& Tower with Radar,22,39,52,28,141,0,1,57,2,60,22,40,109,30,201,25,0,25,226
09/29/2021,AVL,NC,ASO,ES,Combined TRACON& Tower with Radar,30,42,38,16,126,0,2,54,0,56,30,44,92,16,182,37,4,41,223
09/30/2021,AVL,NC,ASO,ES,Combined TRACON& Tower with Radar,48,48,63,13,172,0,5,55,2,62,48,53,118,15,234,100,0,100,334
10/01/2021,AVL,NC,ASO,ES,Combined TRACON& Tower with Radar,40,65,75,30,210,0,0,48,7,55,40,65,123,37,265,30,12,42,307
10/02/2021,AVL,NC,ASO,ES,Combined TRACON& Tower with Radar,34,48,61,15,158,0,4,20,0,24,34,52,81,15,182,2,0,2,184
10/03/2021,AVL,NC,ASO,ES,Combined TRACON& Tower with Radar,48,77,80,0,205,0,0,11,5,16,48,77,91,5,221,9,0,9,230
10/04/2021,AVL,NC,ASO,ES,Combined TRACON& Tower with Radar,38,50,36,4,128,0,0,2,0,2,38,50,38,4,130,0,0,0,130
10/05/2021,AVL,NC,ASO,ES,Combined TRACON& Tower with Radar,29,42,34,16,121,0,0,3,0,3,29,42,37,16,124,0,0,0,124
10/06/2021,AVL,NC,ASO,ES,Combined TRACON& Tower with Radar,38,45,38,2,123,0,0,1,0,1,38,45,39,2,124,0,0,0,124
10/07/2021,AVL,NC,ASO,ES,Combined TRACON& Tower with Radar,55,61,55,0,171,0,0,2,0,2,55,61,57,0,173,7,0,7,180
10/08/2021,AVL,NC,ASO,ES,Combined TRACON& Tower with Radar,42,45,54,0,141,0,2,1,0,3,42,47,55,0,144,6,0,6,150
10/09/2021,AVL,NC,ASO,ES,Combined TRACON& Tower with Radar,35,57,43,0,135,0,1,33,0,34,35,58,76,0,169,22,0,22,191
10/10/2021,AVL,NC,ASO,ES,Combined TRACON& Tower with Radar,56,58,81,0,195,0,3,76,0,79,56,61,157,0,274,8,0,8,282
10/11/2021,AVL,NC,ASO,ES,Combined TRACON& Tower with Radar,42,43,77,0,162,0,0,65,0,65,42,43,142,0,227,38,0,38,265
10/12/2021,AVL,NC,ASO,ES,Combined TRACON& Tower with Radar,32,43,60,20,155,0,2,38,1,41,32,45,98,21,196,40,0,40,236
10/13/2021,AVL,NC,ASO,ES,Combined TRACON& Tower with Radar,39,46,62,21,168,0,2,45,8,55,39,48,107,29,223,31,20,51,274
10/14/2021,AVL,NC,ASO,ES,Combined TRACON& Tower with Radar,53,47,80,10,190,0,2,64,1,67,53,49,144,11,257,20,0,20,277
10/15/2021,AVL,NC,ASO,ES,Combined TRACON& Tower with Radar,48,62,82,5,197,0,0,43,7,50,48,62,125,12,247,60,14,74,321
10/16/2021,AVL,NC,ASO,ES,Combined TRACON& Tower with Radar,37,39,30,0,106,0,0,17,0,17,37,39,47,0,123,0,0,0,123
10/17/2021,AVL,NC,ASO,ES,Combined TRACON& Tower with Radar,19,81,60,3,163,0,17,63,2,82,19,98,123,5,245,6,0,6,251
10/18/2021,AVL,NC,ASO,ES,Combined TRACON& Tower with Radar,46,43,56,14,159,0,4,62,3,69,46,47,118,17,228,28,2,30,258
10/19/2021,AVL,NC,ASO,ES,Combined TRACON& Tower with Radar,31,49,37,10,127,0,0,66,1,67,31,49,103,11,194,28,0,28,222
10/20/2021,AVL,NC,ASO,ES,Combined TRACON& Tower with Radar,37,41,48,17,143,0,0,78,3,81,37,41,126,20,224,76,0,76,300
10/21/2021,AVL,NC,ASO,ES,Combined TRACON& Tower with Radar,56,59,78,10,203,0,2,45,0,47,56,61,123,10,250,4,0,4,254
10/22/2021,AVL,NC,ASO,ES,Combined TRACON& Tower with Radar,45,54,69,11,179,0,0,69,2,71,45,54,138,13,250,37,0,37,287
10/23/2021,AVL,NC,ASO,ES,Combined TRACON& Tower with Radar,35,49,41,0,125,0,0,70,0,70,35,49,111,0,195,14,0,14,209
10/24/2021,AVL,NC,ASO,ES,Combined TRACON& Tower with Radar,56,56,82,4,198,0,2,79,2,83,56,58,161,6,281,55,0,55,336
10/25/2021,AVL,NC,ASO,ES,Combined TRACON& Tower with Radar,41,58,56,23,178,0,2,24,0,26,41,60,80,23,204,12,0,12,216
10/26/2021,AVL,NC,ASO,ES,Combined TRACON& Tower with Radar,33,40,50,12,135,0,1,15,7,23,33,41,65,19,158,0,8,8,166
10/27/2021,AVL,NC,ASO,ES,Combined TRACON& Tower with Radar,35,55,59,36,185,0,2,83,9,94,35,57,142,45,279,77,22,99,378
10/28/2021,AVL,NC,ASO,ES,Combined TRACON& Tower with Radar,52,37,50,0,139,0,0,8,1,9,52,37,58,1,148,8,0,8,156
10/29/2021,AVL,NC,ASO,ES,Combined TRACON& Tower with Radar,44,46,47,4,141,0,0,0,0,0,44,46,47,4,141,2,0,2,143
10/30/2021,AVL,NC,ASO,ES,Combined TRACON& Tower with Radar,32,36,47,0,115,0,0,1,0,1,32,36,48,0,116,0,0,0,116
10/31/2021,AVL,NC,ASO,ES,Combined TRACON& Tower with Radar,52,31,59,0,142,0,0,19,0,19,52,31,78,0,161,8,0,8,169
11/01/2021,AVL,NC,ASO,ES,Combined TRACON& Tower with Radar,40,35,52,28,155,0,7,62,10,79,40,42,114,38,234,25,28,53,287
11/02/2021,AVL,NC,ASO,ES,Combined TRACON& Tower with Radar,24,25,57,42,148,0,1,54,4,59,24,26,111,46,207,42,10,52,259
11/03/2021,AVL,NC,ASO,ES,Combined TRACON& Tower with Radar,29,25,62,14,130,0,0,4,1,5,29,25,66,15,135,38,0,38,173
11/04/2021,AVL,NC,ASO,ES,Combined TRACON& Tower with Radar,44,23,55,0,122,0,0,0,0,0,44,23,55,0,122,0,0,0,122
11/05/2021,AVL,NC,ASO,ES,Combined TRACON& Tower with Radar,41,29,54,46,170,0,0,55,3,58,41,29,109,49,228,32,12,44,272
11/06/2021,AVL,NC,ASO,ES,Combined TRACON& Tower with Radar,26,28,38,9,101,0,0,52,2,54,26,28,90,11,155,54,16,70,225
11/07/2021,AVL,NC,ASO,ES,Combined TRACON& Tower with Radar,46,32,46,9,133,0,1,56,0,57,46,33,102,9,190,32,0,32,222
11/08/2021,AVL,NC,ASO,ES,Combined TRACON& Tower with Radar,40,26,45,15,126,0,0,78,3,81,40,26,123,18,207,24,12,36,243
11/09/2021,AVL,NC,ASO,ES,Combined TRACON& Tower with Radar,22,26,38,6,92,0,2,62,6,70,22,28,100,12,162,46,2,48,210
11/10/2021,AVL,NC,ASO,ES,Combined TRACON& Tower with Radar,28,27,49,21,125,0,0,76,5,81,28,27,125,26,206,39,0,39,245
11/11/2021,AVL,NC,ASO,ES,Combined TRACON& Tower with Radar,45,28,58,2,133,0,0,7,0,7,45,28,65,2,140,12,0,12,152
11/12/2021,AVL,NC,ASO,ES,Combined TRACON& Tower with Radar,44,30,49,3,126,0,0,61,4,65,44,30,110,7,191,86,0,86,277
11/13/2021,AVL,NC,ASO,ES,Combined TRACON& Tower with Radar,26,19,21,10,76,0,2,45,0,47,26,21,66,10,123,42,0,42,165
11/14/2021,AVL,NC,ASO,ES,Combined TRACON& Tower with Radar,42,30,67,0,139,0,0,68,0,68,42,30,135,0,207,55,0,55,262
11/15/2021,AVL,NC,ASO,ES,Combined TRACON& Tower with Radar,40,21,34,10,105,0,2,60,6,68,40,23,94,16,173,86,12,98,271
11/16/2021,AVL,NC,ASO,ES,Combined TRACON& Tower with Radar,26,20,32,13,91,0,1,55,2,58,26,21,87,15,149,92,13,105,254
11/17/2021,AVL,NC,ASO,ES,Combined TRACON& Tower with Radar,29,33,48,7,117,0,0,57,0,57,29,33,105,7,174,38,0,38,212
11/18/2021,AVL,NC,ASO,ES,Combined TRACON& Tower with Radar,44,31,44,11,130,0,0,31,1,32,44,31,75,12,162,29,6,35,197
11/19/2021,AVL,NC,ASO,ES,Combined TRACON& Tower with Radar,39,42,54,3,138,0,2,36,0,38,39,44,90,3,176,8,2,10,186
11/20/2021,AVL,NC,ASO,ES,Combined TRACON& Tower with Radar,28,36,69,3,136,0,1,72,5,78,28,37,141,8,214,64,8,72,286
11/21/2021,AVL,NC,ASO,ES,Combined TRACON& Tower with Radar,39,44,44,3,130,0,0,26,1,27,39,44,70,4,157,49,0,49,206
11/22/2021,AVL,NC,ASO,ES,Combined TRACON& Tower with Radar,36,32,26,8,102,0,0,8,4,12,36,32,34,12,114,6,8,14,128
11/23/2021,AVL,NC,ASO,ES,Combined TRACON& Tower with Radar,41,40,42,13,136,0,0,44,1,45,41,40,86,14,181,79,6,85,266
11/24/2021,AVL,NC,ASO,ES,Combined TRACON& Tower with Radar,37,31,83,10,161,0,1,58,0,59,37,32,141,10,220,38,2,40,260
11/25/2021,AVL,NC,ASO,ES,Combined TRACON& Tower with Radar,21,13,16,0,50,0,0,13,0,13,21,13,29,0,63,0,0,0,63
11/26/2021,AVL,NC,ASO,ES,Combined TRACON& Tower with Radar,26,24,37,1,88,0,7,12,0,19,26,31,49,1,107,0,0,0,107
11/27/2021,AVL,NC,ASO,ES,Combined TRACON& Tower with Radar,46,29,36,1,112,0,0,65,1,66,46,29,101,2,178,58,0,58,236
11/28/2021,AVL,NC,ASO,ES,Combined TRACON& Tower with Radar,40,47,65,0,152,0,4,72,0,76,40,51,137,0,228,42,0,42,270
11/29/2021,AVL,NC,ASO,ES,Combined TRACON& Tower with Radar,37,43,39,4,123,0,2,47,0,49,37,45,86,4,172,8,0,8,180
11/30/2021,AVL,NC,ASO,ES,Combined TRACON& Tower with Radar,24,25,49,6,104,0,4,57,2,63,24,29,106,8,167,38,8,46,213
12/01/2021,AVL,NC,ASO,ES,Combined TRACON& Tower with Radar,31,20,37,18,106,0,2,64,3,69,31,22,101,21,175,72,0,72,247
12/02/2021,AVL,NC,ASO,ES,Combined TRACON& Tower with Radar,46,21,47,19,133,0,2,65,6,73,46,23,112,25,206,54,0,54,260
12/03/2021,AVL,NC,ASO,ES,Combined TRACON& Tower with Radar,38,19,46,25,128,0,3,62,0,65,38,22,108,25,193,14,0,14,207
12/04/2021,AVL,NC,ASO,ES,Combined TRACON& Tower with Radar,27,17,42,32,118,0,1,48,13,62,27,18,90,45,180,47,22,69,249
12/05/2021,AVL,NC,ASO,ES,Combined TRACON& Tower with Radar,46,34,64,8,152,0,0,23,0,23,46,34,87,8,175,117,0,117,292
12/06/2021,AVL,NC,ASO,ES,Combined TRACON& Tower with Radar,36,24,29,0,89,0,0,5,0,5,36,24,34,0,94,0,0,0,94
12/07/2021,AVL,NC,ASO,ES,Combined TRACON& Tower with Radar,22,26,30,5,83,0,3,37,7,47,22,29,67,12,130,49,8,57,187
12/08/2021,AVL,NC,ASO,ES,Combined TRACON& Tower with Radar,21,20,30,2,73,0,0,41,0,41,21,20,71,2,114,58,0,58,172
12/09/2021,AVL,NC,ASO,ES,Combined TRACON& Tower with Radar,46,26,37,38,147,0,0,48,6,54,46,26,85,44,201,96,24,120,321
12/10/2021,AVL,NC,ASO,ES,Combined TRACON& Tower with Radar,37,29,46,7,119,0,1,1,0,2,37,30,47,7,121,4,0,4,125
12/11/2021,AVL,NC,ASO,ES,Combined TRACON& Tower with Radar,26,18,13,0,57,0,2,1,0,3,26,20,14,0,60,0,0,0,60
12/12/2021,AVL,NC,ASO,ES,Combined TRACON& Tower with Radar,44,20,37,3,104,0,3,45,0,48,44,23,82,3,152,4,0,4,156
12/13/2021,AVL,NC,ASO,ES,Combined TRACON& Tower with Radar,37,26,45,4,112,0,0,74,0,74,37,26,119,4,186,60,0,60,246
12/14/2021,AVL,NC,ASO,ES,Combined TRACON& Tower with Radar,27,26,43,4,100,0,0,77,3,80,27,26,120,7,180,59,1,60,240
12/15/2021,AVL,NC,ASO,ES,Combined TRACON& Tower with Radar,23,30,50,8,111,0,0,45,5,50,23,30,95,13,161,8,0,8,169
12/16/2021,AVL,NC,ASO,ES,Combined TRACON& Tower with Radar,45,29,37,41,152,0,0,57,2,59,45,29,94,43,211,18,12,30,241
12/17/2021,AVL,NC,ASO,ES,Combined TRACON& Tower with Radar,39,35,66,1,141,0,0,32,0,32,39,35,98,1,173,54,0,54,227
12/18/2021,AVL,NC,ASO,ES,Combined TRACON& Tower with Radar,30,21,31,0,82,0,0,0,0,0,30,21,31,0,82,4,0,4,86
12/19/2021,AVL,NC,ASO,ES,Combined TRACON& Tower with Radar,39,35,30,0,104,0,1,7,0,8,39,36,37,0,112,4,0,4,116
12/20/2021,AVL,NC,ASO,ES,Combined TRACON& Tower with Radar,44,25,42,33,144,0,0,80,3,83,44,25,122,36,227,31,14,45,272
12/21/2021,AVL,NC,ASO,ES,Combined TRACON& Tower with Radar,32,19,29,9,89,0,0,44,29,73,32,19,73,38,162,42,62,104,266
12/22/2021,AVL,NC,ASO,ES,Combined TRACON& Tower with Radar,41,24,34,8,107,0,0,19,6,25,41,24,53,14,132,0,2,2,134
12/23/2021,AVL,NC,ASO,ES,Combined TRACON& Tower with Radar,37,30,36,0,103,0,0,78,0,78,37,30,114,0,181,44,0,44,225
12/24/2021,AVL,NC,ASO,ES,Combined TRACON& Tower with Radar,38,18,16,0,72,0,2,21,0,23,38,20,37,0,95,6,0,6,101
12/25/2021,AVL,NC,ASO,ES,Combined TRACON& Tower with Radar,22,20,9,0,51,0,0,6,0,6,22,20,15,0,57,0,0,0,57
12/26/2021,AVL,NC,ASO,ES,Combined TRACON& Tower with Radar,40,18,30,0,88,0,2,41,0,43,40,20,71,0,131,0,0,0,131
12/27/2021,AVL,NC,ASO,ES,Combined TRACON& Tower with Radar,40,32,53,5,130,0,0,28,0,28,40,32,81,5,158,48,0,48,206
12/28/2021,AVL,NC,ASO,ES,Combined TRACON& Tower with Radar,35,24,45,1,105,0,1,22,0,23,35,25,67,1,128,29,0,29,157
12/29/2021,AVL,NC,ASO,ES,Combined TRACON& Tower with Radar,32,32,34,6,104,0,0,14,0,14,32,32,48,6,118,48,0,48,166
12/30/2021,AVL,NC,ASO,ES,Combined TRACON& Tower with Radar,40,30,40,0,110,0,0,12,0,12,40,30,52,0,122,22,0,22,144
12/31/2021,AVL,NC,ASO,ES,Combined TRACON& Tower with Radar,33,17,31,0,81,0,0,34,0,34,33,17,65,0,115,60,0,60,175
01/01/2022,AVL,NC,ASO,ES,Combined TRACON& Tower with Radar,23,22,23,0,68,0,0,7,0,7,23,22,30,0,75,8,0,8,83
01/02/2022,AVL,NC,ASO,ES,Combined TRACON& Tower with Radar,37,15,29,0,81,0,3,10,0,13,37,18,39,0,94,2,0,2,96
01/03/2022,AVL,NC,ASO,ES,Combined TRACON& Tower with Radar,30,23,21,0,74,0,2,4,0,6,30,25,25,0,80,0,0,0,80
01/04/2022,AVL,NC,ASO,ES,Combined TRACON& Tower with Radar,30,13,49,11,103,0,2,61,5,68,30,15,110,16,171,44,11,55,226
01/05/2022,AVL,NC,ASO,ES,Combined TRACON& Tower with Radar,28,13,33,10,84,0,1,76,1,78,28,14,109,11,162,72,0,72,234
01/06/2022,AVL,NC,ASO,ES,Combined TRACON& Tower with Radar,41,17,21,2,81,0,0,21,0,21,41,17,42,2,102,14,0,14,116
01/07/2022,AVL,NC,ASO,ES,Combined TRACON& Tower with Radar,35,20,22,29,106,0,2,37,2,41,35,22,59,31,147,50,2,52,199
01/08/2022,AVL,NC,ASO,ES,Combined TRACON& Tower with Radar,27,14,32,19,92,0,6,73,6,85,27,20,105,25,177,59,3,62,239
01/09/2022,AVL,NC,ASO,ES,Combined TRACON& Tower with Radar,35,19,11,1,66,0,0,0,0,0,35,19,11,1,66,0,0,0,66
01/10/2022,AVL,NC,ASO,ES,Combined TRACON& Tower with Radar,33,24,23,2,82,0,3,17,0,20,33,27,40,2,102,0,0,0,102
01/11/2022,AVL,NC,ASO,ES,Combined TRACON& Tower with Radar,21,16,33,29,99,0,0,47,6,53,21,16,80,35,152,136,2,138,290
01/12/2022,AVL,NC,ASO,ES,Combined TRACON& Tower with Radar,25,14,19,5,63,0,0,75,7,82,25,14,94,12,145,145,7,152,297
01/13/2022,AVL,NC,ASO,ES,Combined TRACON& Tower with Radar,43,20,32,33,128,0,1,50,3,54,43,21,82,36,182,102,14,116,298
01/14/2022,AVL,NC,ASO,ES,Combined TRACON& Tower with Radar,37,14,33,6,90,0,0,35,1,36,37,14,68,7,126,50,0,50,176
01/15/2022,AVL,NC,ASO,ES,Combined TRACON& Tower with Radar,29,15,22,0,66,0,4,29,0,33,29,19,51,0,99,31,0,31,130
01/16/2022,AVL,NC,ASO,ES,Combined TRACON& Tower with Radar,0,0,0,0,0,0,0,0,0,0,0,0,0,0,0,0,0,0,0
01/17/2022,AVL,NC,ASO,ES,Combined TRACON& Tower with Radar,13,6,18,0,37,0,1,2,0,3,13,7,20,0,40,0,0,0,40
01/18/2022,AVL,NC,ASO,ES,Combined TRACON& Tower with Radar,23,18,16,17,74,0,1,16,3,20,23,19,32,20,94,6,7,13,107
01/19/2022,AVL,NC,ASO,ES,Combined TRACON& Tower with Radar,25,14,24,7,70,0,2,32,3,37,25,16,56,10,107,34,0,34,141
01/20/2022,AVL,NC,ASO,ES,Combined TRACON& Tower with Radar,42,14,16,0,72,0,0,0,0,0,42,14,16,0,72,0,0,0,72
01/21/2022,AVL,NC,ASO,ES,Combined TRACON& Tower with Radar,37,11,11,4,63,0,0,0,0,0,37,11,11,4,63,0,0,0,63
01/22/2022,AVL,NC,ASO,ES,Combined TRACON& Tower with Radar,25,11,18,1,55,0,4,67,1,72,25,15,85,2,127,50,6,56,183
01/23/2022,AVL,NC,ASO,ES,Combined TRACON& Tower with Radar,40,15,33,4,92,0,3,71,0,74,40,18,104,4,166,40,0,40,206
01/24/2022,AVL,NC,ASO,ES,Combined TRACON& Tower with Radar,35,15,26,10,86,0,0,46,4,50,35,15,72,14,136,48,0,48,184
01/25/2022,AVL,NC,ASO,ES,Combined TRACON& Tower with Radar,23,6,28,14,71,0,0,52,4,56,23,6,80,18,127,85,8,93,220
01/26/2022,AVL,NC,ASO,ES,Combined TRACON& Tower with Radar,24,13,34,31,102,0,0,43,6,49,24,13,77,37,151,12,16,28,179
01/27/2022,AVL,NC,ASO,ES,Combined TRACON& Tower with Radar,44,12,40,30,126,0,0,49,13,62,44,12,89,43,188,68,18,86,274
01/28/2022,AVL,NC,ASO,ES,Combined TRACON& Tower with Radar,37,11,12,0,60,0,2,22,0,24,37,13,34,0,84,70,0,70,154
01/29/2022,AVL,NC,ASO,ES,Combined TRACON& Tower with Radar,27,9,11,2,49,0,2,3,2,7,27,11,14,4,56,0,0,0,56
01/30/2022,AVL,NC,ASO,ES,Combined TRACON& Tower with Radar,43,10,40,2,95,0,0,45,2,47,43,10,85,4,142,26,0,26,168
01/31/2022,AVL,NC,ASO,ES,Combined TRACON& Tower with Radar,36,6,29,5,76,0,0,52,9,61,36,6,81,14,137,33,15,48,185
02/01/2022,AVL,NC,ASO,ES,Combined TRACON& Tower with Radar,27,17,17,27,88,0,6,53,9,68,27,23,70,36,156,76,10,86,242
02/02/2022,AVL,NC,ASO,ES,Combined TRACON& Tower with Radar,26,14,19,1,60,0,1,12,2,15,26,15,31,3,75,52,0,52,127
02/03/2022,AVL,NC,ASO,ES,Combined TRACON& Tower with Radar,38,6,9,0,53,0,0,0,0,0,38,6,9,0,53,0,0,0,53
02/04/2022,AVL,NC,ASO,ES,Combined TRACON& Tower with Radar,35,17,36,0,88,0,1,0,0,1,35,18,36,0,89,0,0,0,89
02/05/2022,AVL,NC,ASO,ES,Combined TRACON& Tower with Radar,27,11,21,0,59,0,3,66,2,71,27,14,87,2,130,58,0,58,188
02/06/2022,AVL,NC,ASO,ES,Combined TRACON& Tower with Radar,42,15,26,0,83,0,2,78,0,80,42,17,104,0,163,93,0,93,256
02/07/2022,AVL,NC,ASO,ES,Combined TRACON& Tower with Radar,36,16,25,4,81,0,2,31,0,33,36,18,56,4,114,42,0,42,156
02/08/2022,AVL,NC,ASO,ES,Combined TRACON& Tower with Radar,23,18,32,9,82,0,2,52,3,57,23,20,84,12,139,44,0,44,183
02/09/2022,AVL,NC,ASO,ES,Combined TRACON& Tower with Radar,25,18,42,24,109,0,0,73,3,76,25,18,115,27,185,68,0,68,253
02/10/2022,AVL,NC,ASO,ES,Combined TRACON& Tower with Radar,43,12,37,17,109,0,0,35,3,38,43,12,72,20,147,30,8,38,185
02/11/2022,AVL,NC,ASO,ES,Combined TRACON& Tower with Radar,36,23,40,8,107,0,7,45,4,56,36,30,85,12,163,10,4,14,177
02/12/2022,AVL,NC,ASO,ES,Combined TRACON& Tower with Radar,29,14,30,6,79,0,1,66,7,74,29,15,96,13,153,90,0,90,243
02/13/2022,AVL,NC,ASO,ES,Combined TRACON& Tower with Radar,41,21,17,0,79,0,0,14,3,17,41,21,31,3,96,25,0,25,121
02/14/2022,AVL,NC,ASO,ES,Combined TRACON& Tower with Radar,37,11,16,6,70,0,1,39,11,51,37,12,55,17,121,85,0,85,206
02/15/2022,AVL,NC,ASO,ES,Combined TRACON& Tower with Radar,25,19,34,17,95,0,3,62,13,78,25,22,96,30,173,97,2,99,272
02/16/2022,AVL,NC,ASO,ES,Combined TRACON& Tower with Radar,30,14,34,10,88,0,1,4,0,5,30,15,38,10,93,36,6,42,135
02/17/2022,AVL,NC,ASO,ES,Combined TRACON& Tower with Radar,44,15,42,4,105,0,0,0,0,0,44,15,42,4,105,0,0,0,105
02/18/2022,AVL,NC,ASO,ES,Combined TRACON& Tower with Radar,35,15,34,9,93,0,0,13,4,17,35,15,47,13,110,0,0,0,110
02/19/2022,AVL,NC,ASO,ES,Combined TRACON& Tower with Radar,33,13,30,3,79,0,0,24,7,31,33,13,54,10,110,40,0,40,150
02/20/2022,AVL,NC,ASO,ES,Combined TRACON& Tower with Radar,40,15,33,6,94,0,2,87,12,101,40,17,120,18,195,53,0,53,248
02/21/2022,AVL,NC,ASO,ES,Combined TRACON& Tower with Radar,44,24,55,1,124,0,1,43,6,50,44,25,98,7,174,37,0,37,211
02/22/2022,AVL,NC,ASO,ES,Combined TRACON& Tower with Radar,25,20,31,6,82,0,0,3,0,3,25,20,34,6,85,0,0,0,85
02/23/2022,AVL,NC,ASO,ES,Combined TRACON& Tower with Radar,26,18,31,9,84,0,0,27,0,27,26,18,58,9,111,109,0,109,220
02/24/2022,AVL,NC,ASO,ES,Combined TRACON& Tower with Radar,43,21,33,0,97,0,2,10,0,12,43,23,43,0,109,0,0,0,109
02/25/2022,AVL,NC,ASO,ES,Combined TRACON& Tower with Radar,36,23,20,0,79,0,0,10,3,13,36,23,30,3,92,18,0,18,110
02/26/2022,AVL,NC,ASO,ES,Combined TRACON& Tower with Radar,30,14,23,3,70,0,0,62,24,86,30,14,85,27,156,32,2,34,190
02/27/2022,AVL,NC,ASO,ES,Combined TRACON& Tower with Radar,41,16,24,0,81,0,0,0,0,0,41,16,24,0,81,0,0,0,81
02/28/2022,AVL,NC,ASO,ES,Combined TRACON& Tower with Radar,44,10,31,0,85,0,5,60,4,69,44,15,91,4,154,35,0,35,189
03/01/2022,AVL,NC,ASO,ES,Combined TRACON& Tower with Radar,26,20,26,25,97,0,5,62,5,72,26,25,88,30,169,78,6,84,253
03/02/2022,AVL,NC,ASO,ES,Combined TRACON& Tower with Radar,30,24,32,18,104,0,2,79,2,83,30,26,111,20,187,32,14,46,233
03/03/2022,AVL,NC,ASO,ES,Combined TRACON& Tower with Radar,41,21,42,11,115,0,3,68,11,82,41,24,110,22,197,86,0,86,283
03/04/2022,AVL,NC,ASO,ES,Combined TRACON& Tower with Radar,45,22,45,42,154,0,5,53,15,73,45,27,98,57,227,14,32,46,273
03/05/2022,AVL,NC,ASO,ES,Combined TRACON& Tower with Radar,34,18,30,0,82,0,3,40,12,55,34,21,70,12,137,28,0,28,165
03/06/2022,AVL,NC,ASO,ES,Combined TRACON& Tower with Radar,43,17,29,4,93,0,0,13,0,13,43,17,42,4,106,38,0,38,144
03/07/2022,AVL,NC,ASO,ES,Combined TRACON& Tower with Radar,50,12,16,0,78,0,1,4,0,5,50,13,20,0,83,0,0,0,83
03/08/2022,AVL,NC,ASO,ES,Combined TRACON& Tower with Radar,24,14,46,3,87,0,0,33,0,33,24,14,79,3,120,23,2,25,145
03/09/2022,AVL,NC,ASO,ES,Combined TRACON& Tower with Radar,29,20,21,3,73,0,0,0,5,5,29,20,21,8,78,0,15,15,93
03/10/2022,AVL,NC,ASO,ES,Combined TRACON& Tower with Radar,47,24,25,10,106,0,0,6,0,6,47,24,31,10,112,27,0,27,139
03/11/2022,AVL,NC,ASO,ES,Combined TRACON& Tower with Radar,42,12,28,14,96,0,1,28,6,35,42,13,56,20,131,26,0,26,157
03/12/2022,AVL,NC,ASO,ES,Combined TRACON& Tower with Radar,22,8,11,0,41,0,1,1,0,2,22,9,12,0,43,0,0,0,43
03/13/2022,AVL,NC,ASO,ES,Combined TRACON& Tower with Radar,44,17,38,2,101,0,1,72,15,88,44,18,110,17,189,51,0,51,240
03/14/2022,AVL,NC,ASO,ES,Combined TRACON& Tower with Radar,48,10,32,12,102,0,1,91,12,104,48,11,123,24,206,46,6,52,258
03/15/2022,AVL,NC,ASO,ES,Combined TRACON& Tower with Radar,29,13,39,0,81,0,0,58,0,58,29,13,97,0,139,100,0,100,239
03/16/2022,AVL,NC,ASO,ES,Combined TRACON& Tower with Radar,33,10,38,2,83,0,0,5,0,5,33,10,43,2,88,12,0,12,100
03/17/2022,AVL,NC,ASO,ES,Combined TRACON& Tower with Radar,42,15,39,13,109,0,3,57,2,62,42,18,96,15,171,70,4,74,245
03/18/2022,AVL,NC,ASO,ES,Combined TRACON& Tower with Radar,39,18,31,3,91,0,0,21,0,21,39,18,52,3,112,49,0,49,161
03/19/2022,AVL,NC,ASO,ES,Combined TRACON& Tower with Radar,34,7,25,12,78,0,0,17,2,19,34,7,42,14,97,0,0,0,97
03/20/2022,AVL,NC,ASO,ES,Combined TRACON& Tower with Radar,44,21,52,0,117,0,0,26,10,36,44,21,78,10,153,0,0,0,153
03/21/2022,AVL,NC,ASO,ES,Combined TRACON& Tower with Radar,46,11,46,4,107,0,0,94,2,96,46,11,140,6,203,116,4,120,323
03/22/2022,AVL,NC,ASO,ES,Combined TRACON& Tower with Radar,29,13,36,6,84,0,1,54,6,61,29,14,90,12,145,42,0,42,187
03/23/2022,AVL,NC,ASO,ES,Combined TRACON& Tower with Radar,29,9,21,0,59,0,0,0,0,0,29,9,21,0,59,20,0,20,79
03/24/2022,AVL,NC,ASO,ES,Combined TRACON& Tower with Radar,44,19,49,16,128,0,0,45,4,49,44,19,94,20,177,90,0,90,267
03/25/2022,AVL,NC,ASO,ES,Combined TRACON& Tower with Radar,46,17,32,19,114,0,0,36,14,50,46,17,68,33,164,56,0,56,220
03/26/2022,AVL,NC,ASO,ES,Combined TRACON& Tower with Radar,36,16,25,3,80,0,0,8,1,9,36,16,33,4,89,0,0,0,89
03/27/2022,AVL,NC,ASO,ES,Combined TRACON& Tower with Radar,45,19,36,3,103,0,3,14,4,21,45,22,50,7,124,8,24,32,156
03/28/2022,AVL,NC,ASO,ES,Combined TRACON& Tower with Radar,45,9,26,3,83,0,2,42,3,47,45,11,68,6,130,16,0,16,146
03/29/2022,AVL,NC,ASO,ES,Combined TRACON& Tower with Radar,25,15,42,2,84,0,1,66,3,70,25,16,108,5,154,126,0,126,280
03/30/2022,AVL,NC,ASO,ES,Combined TRACON& Tower with Radar,27,14,48,9,98,0,2,15,1,18,27,16,63,10,116,19,0,19,135
03/31/2022,AVL,NC,ASO,ES,Combined TRACON& Tower with Radar,40,18,21,10,89,0,0,6,0,6,40,18,27,10,95,0,0,0,95
04/01/2022,AVL,NC,ASO,ES,Combined TRACON& Tower with Radar,44,9,45,18,116,0,2,45,18,65,44,11,90,36,181,42,4,46,227
04/02/2022,AVL,NC,ASO,ES,Combined TRACON& Tower with Radar,30,12,31,2,75,0,2,60,11,73,30,14,91,13,148,63,0,63,211
04/03/2022,AVL,NC,ASO,ES,Combined TRACON& Tower with Radar,39,14,44,13,110,0,2,27,16,45,39,16,71,29,155,41,0,41,196
04/04/2022,AVL,NC,ASO,ES,Combined TRACON& Tower with Radar,45,18,55,0,118,0,13,80,9,102,45,31,135,9,220,127,0,127,347
04/05/2022,AVL,NC,ASO,ES,Combined TRACON& Tower with Radar,28,21,27,6,82,0,1,9,1,11,28,22,36,7,93,17,0,17,110
04/06/2022,AVL,NC,ASO,ES,Combined TRACON& Tower with Radar,29,14,46,22,111,0,0,53,5,58,29,14,99,27,169,52,21,73,242
04/07/2022,AVL,NC,ASO,ES,Combined TRACON& Tower with Radar,37,18,51,10,116,0,0,18,8,26,37,18,69,18,142,14,8,22,164
04/08/2022,AVL,NC,ASO,ES,Combined TRACON& Tower with Radar,46,20,26,9,101,0,0,26,3,29,46,20,52,12,130,12,0,12,142
04/09/2022,AVL,NC,ASO,ES,Combined TRACON& Tower with Radar,35,22,39,20,116,0,0,8,18,26,35,22,47,38,142,27,28,55,197
04/10/2022,AVL,NC,ASO,ES,Combined TRACON& Tower with Radar,42,22,58,5,127,0,0,65,11,76,42,22,123,16,203,42,0,42,245
04/11/2022,AVL,NC,ASO,ES,Combined TRACON& Tower with Radar,48,21,50,23,142,0,0,51,3,54,48,21,101,26,196,32,0,32,228
04/12/2022,AVL,NC,ASO,ES,Combined TRACON& Tower with Radar,31,17,33,2,83,0,0,38,0,38,31,17,71,2,121,95,0,95,216
04/13/2022,AVL,NC,ASO,ES,Combined TRACON& Tower with Radar,33,22,36,13,104,0,0,20,0,20,33,22,56,13,124,38,0,38,162
04/14/2022,AVL,NC,ASO,ES,Combined TRACON& Tower with Radar,43,22,46,18,129,0,0,12,11,23,43,22,58,29,152,84,10,94,246
04/15/2022,AVL,NC,ASO,ES,Combined TRACON& Tower with Radar,48,31,57,3,139,0,2,82,13,97,48,33,139,16,236,113,4,117,353
04/16/2022,AVL,NC,ASO,ES,Combined TRACON& Tower with Radar,36,17,29,1,83,0,0,15,2,17,36,17,44,3,100,61,0,61,161
04/17/2022,AVL,NC,ASO,ES,Combined TRACON& Tower with Radar,45,22,34,0,101,0,1,35,8,44,45,23,69,8,145,49,0,49,194
04/18/2022,AVL,NC,ASO,ES,Combined TRACON& Tower with Radar,46,25,42,0,113,0,0,5,0,5,46,25,47,0,118,32,0,32,150
04/19/2022,AVL,NC,ASO,ES,Combined TRACON& Tower with Radar,30,22,33,3,88,0,0,35,1,36,30,22,68,4,124,58,0,58,182
04/20/2022,AVL,NC,ASO,ES,Combined TRACON& Tower with Radar,31,25,51,26,133,0,0,60,6,66,31,25,111,32,199,61,15,76,275
04/21/2022,AVL,NC,ASO,ES,Combined TRACON& Tower with Radar,45,36,53,28,162,0,0,56,21,77,45,36,109,49,239,77,27,104,343
04/22/2022,AVL,NC,ASO,ES,Combined TRACON& Tower with Radar,49,25,73,17,164,0,0,68,21,89,49,25,141,38,253,76,8,84,337
04/23/2022,AVL,NC,ASO,ES,Combined TRACON& Tower with Radar,46,29,36,4,115,0,4,61,24,89,46,33,97,28,204,24,0,24,228
04/24/2022,AVL,NC,ASO,ES,Combined TRACON& Tower with Radar,44,29,49,5,127,0,1,51,16,68,44,30,100,21,195,41,0,41,236
04/25/2022,AVL,NC,ASO,ES,Combined TRACON& Tower with Radar,49,24,45,0,118,0,4,49,1,54,49,28,94,1,172,136,0,136,308
04/26/2022,AVL,NC,ASO,ES,Combined TRACON& Tower with Radar,28,23,18,6,75,0,0,8,0,8,28,23,26,6,83,24,0,24,107
04/27/2022,AVL,NC,ASO,ES,Combined TRACON& Tower with Radar,34,27,51,19,131,0,0,51,0,51,34,27,102,19,182,35,7,42,224
04/28/2022,AVL,NC,ASO,ES,Combined TRACON& Tower with Radar,47,22,72,11,152,0,1,83,7,91,47,23,155,18,243,32,0,32,275
04/29/2022,AVL,NC,ASO,ES,Combined TRACON& Tower with Radar,41,29,61,11,142,0,0,71,26,97,41,29,132,37,239,56,3,59,298
04/30/2022,AVL,NC,ASO,ES,Combined TRACON& Tower with Radar,35,22,42,10,109,0,0,52,4,56,35,22,94,14,165,83,13,96,261
05/01/2022,AVL,NC,ASO,ES,Combined TRACON& Tower with Radar,44,35,50,6,135,0,1,9,4,14,44,36,59,10,149,8,0,8,157
05/02/2022,AVL,NC,ASO,ES,Combined TRACON& Tower with Radar,47,30,53,8,138,0,11,59,5,75,47,41,112,13,213,115,8,123,336
05/03/2022,AVL,NC,ASO,ES,Combined TRACON& Tower with Radar,32,28,38,5,103,0,0,32,1,33,32,28,70,6,136,10,0,10,146
05/04/2022,AVL,NC,ASO,ES,Combined TRACON& Tower with Radar,33,25,33,11,102,0,0,38,2,40,33,25,71,13,142,50,0,50,192
05/05/2022,AVL,NC,ASO,ES,Combined TRACON& Tower with Radar,51,38,58,13,160,0,1,72,4,77,51,39,130,17,237,54,4,58,295
05/06/2022,AVL,NC,ASO,ES,Combined TRACON& Tower with Radar,53,18,54,11,136,0,0,2,0,2,53,18,56,11,138,0,0,0,138
05/07/2022,AVL,NC,ASO,ES,Combined TRACON& Tower with Radar,37,13,45,1,96,0,0,8,3,11,37,13,53,4,107,8,0,8,115
05/08/2022,AVL,NC,ASO,ES,Combined TRACON& Tower with Radar,49,56,49,0,154,0,0,14,2,16,49,56,63,2,170,35,0,35,205
05/09/2022,AVL,NC,ASO,ES,Combined TRACON& Tower with Radar,53,28,49,19,149,0,1,62,0,63,53,29,111,19,212,75,0,75,287
05/10/2022,AVL,NC,ASO,ES,Combined TRACON& Tower with Radar,38,31,39,6,114,0,0,82,2,84,38,31,121,8,198,94,2,96,294
05/11/2022,AVL,NC,ASO,ES,Combined TRACON& Tower with Radar,38,25,44,1,108,0,0,81,3,84,38,25,125,4,192,96,0,96,288
05/12/2022,AVL,NC,ASO,ES,Combined TRACON& Tower with Radar,51,35,60,26,172,0,2,49,10,61,51,37,109,36,233,74,0,74,307
05/13/2022,AVL,NC,ASO,ES,Combined TRACON& Tower with Radar,54,31,51,5,141,0,0,11,3,14,54,31,62,8,155,38,0,38,193
05/14/2022,AVL,NC,ASO,ES,Combined TRACON& Tower with Radar,39,24,36,0,99,0,2,12,0,14,39,26,48,0,113,18,0,18,131
05/15/2022,AVL,NC,ASO,ES,Combined TRACON& Tower with Radar,52,46,75,0,173,0,6,28,1,35,52,52,103,1,208,47,0,47,255
05/16/2022,AVL,NC,ASO,ES,Combined TRACON& Tower with Radar,51,30,34,2,117,0,0,24,5,29,51,30,58,7,146,51,3,54,200
05/17/2022,AVL,NC,ASO,ES,Combined TRACON& Tower with Radar,37,26,36,9,108,0,0,93,12,105,37,26,129,21,213,41,12,53,266
05/18/2022,AVL,NC,ASO,ES,Combined TRACON& Tower with Radar,38,24,50,23,135,0,1,87,2,90,38,25,137,25,225,65,8,73,298
05/19/2022,AVL,NC,ASO,ES,Combined TRACON& Tower with Radar,54,30,49,4,137,0,3,40,3,46,54,33,89,7,183,156,0,156,339
05/20/2022,AVL,NC,ASO,ES,Combined TRACON& Tower with Radar,51,38,45,24,158,0,0,50,24,74,51,38,95,48,232,58,0,58,290
05/21/2022,AVL,NC,ASO,ES,Combined TRACON& Tower with Radar,45,25,22,1,93,0,0,42,7,49,45,25,64,8,142,24,0,24,166
05/22/2022,AVL,NC,ASO,ES,Combined TRACON& Tower with Radar,52,29,47,6,134,0,0,13,6,19,52,29,60,12,153,17,0,17,170
05/23/2022,AVL,NC,ASO,ES,Combined TRACON& Tower with Radar,48,14,27,2,91,0,0,0,0,0,48,14,27,2,91,0,0,0,91
05/24/2022,AVL,NC,ASO,ES,Combined TRACON& Tower with Radar,38,17,47,8,110,0,0,19,0,19,38,17,66,8,129,105,0,105,234
05/25/2022,AVL,NC,ASO,ES,Combined TRACON& Tower with Radar,39,18,71,8,136,0,0,2,0,2,39,18,73,8,138,0,0,0,138
05/26/2022,AVL,NC,ASO,ES,Combined TRACON& Tower with Radar,54,23,44,0,121,0,0,0,0,0,54,23,44,0,121,0,0,0,121
05/27/2022,AVL,NC,ASO,ES,Combined TRACON& Tower with Radar,52,18,90,0,160,0,1,51,0,52,52,19,141,0,212,141,0,141,353
05/28/2022,AVL,NC,ASO,ES,Combined TRACON& Tower with Radar,44,22,47,0,113,0,4,73,4,81,44,26,120,4,194,71,0,71,265
05/29/2022,AVL,NC,ASO,ES,Combined TRACON& Tower with Radar,49,20,36,0,105,0,0,58,10,68,49,20,94,10,173,42,0,42,215
05/30/2022,AVL,NC,ASO,ES,Combined TRACON& Tower with Radar,56,21,60,0,137,0,0,39,6,45,56,21,99,6,182,28,0,28,210
05/31/2022,AVL,NC,ASO,ES,Combined TRACON& Tower with Radar,43,36,56,20,155,0,2,80,3,85,43,38,136,23,240,53,16,69,309
06/01/2022,AVL,NC,ASO,ES,Combined TRACON& Tower with Radar,42,20,48,17,127,0,0,46,8,54,42,20,94,25,181,36,16,52,233
06/02/2022,AVL,NC,ASO,ES,Combined TRACON& Tower with Radar,51,32,67,6,156,0,0,22,2,24,51,32,89,8,180,28,0,28,208
06/03/2022,AVL,NC,ASO,ES,Combined TRACON& Tower with Radar,48,32,63,19,162,0,0,24,6,30,48,32,87,25,192,32,0,32,224
06/04/2022,AVL,NC,ASO,ES,Combined TRACON& Tower with Radar,65,22,33,4,124,0,3,48,6,57,65,25,81,10,181,87,0,87,268
06/05/2022,AVL,NC,ASO,ES,Combined TRACON& Tower with Radar,62,43,96,2,203,0,0,53,5,58,62,43,149,7,261,66,4,70,331
06/06/2022,AVL,NC,ASO,ES,Combined TRACON& Tower with Radar,54,37,81,3,175,0,0,65,4,69,54,37,146,7,244,103,2,105,349
06/07/2022,AVL,NC,ASO,ES,Combined TRACON& Tower with Radar,44,21,46,5,116,0,0,11,0,11,44,21,57,5,127,28,0,28,155
06/08/2022,AVL,NC,ASO,ES,Combined TRACON& Tower with Radar,48,22,38,0,108,0,0,9,2,11,48,22,47,2,119,94,0,94,213
06/09/2022,AVL,NC,ASO,ES,Combined TRACON& Tower with Radar,58,32,85,5,180,0,0,40,10,50,58,32,125,15,230,138,0,138,368
06/10/2022,AVL,NC,ASO,ES,Combined TRACON& Tower with Radar,53,41,51,22,167,0,1,63,8,72,53,42,114,30,239,62,8,70,309
06/11/2022,AVL,NC,ASO,ES,Combined TRACON& Tower with Radar,66,30,78,0,174,0,0,78,1,79,66,30,156,1,253,30,0,30,283
06/12/2022,AVL,NC,ASO,ES,Combined TRACON& Tower with Radar,62,43,83,4,192,0,3,50,13,66,62,46,133,17,258,46,0,46,304
06/13/2022,AVL,NC,ASO,ES,Combined TRACON& Tower with Radar,50,24,40,6,120,0,0,43,0,43,50,24,83,6,163,74,0,74,237
06/14/2022,AVL,NC,ASO,ES,Combined TRACON& Tower with Radar,46,22,44,3,115,0,0,46,1,47,46,22,90,4,162,71,0,71,233
06/15/2022,AVL,NC,ASO,ES,Combined TRACON& Tower with Radar,48,30,47,1,126,0,0,37,3,40,48,30,84,4,166,27,1,28,194
06/16/2022,AVL,NC,ASO,ES,Combined TRACON& Tower with Radar,54,27,60,7,148,0,0,23,4,27,54,27,83,11,175,46,2,48,223
06/17/2022,AVL,NC,ASO,ES,Combined TRACON& Tower with Radar,54,30,67,5,156,0,0,32,9,41,54,30,99,14,197,38,0,38,235
06/18/2022,AVL,NC,ASO,ES,Combined TRACON& Tower with Radar,66,33,62,0,161,0,0,44,10,54,66,33,106,10,215,10,0,10,225
06/19/2022,AVL,NC,ASO,ES,Combined TRACON& Tower with Radar,63,36,66,8,173,0,2,64,16,82,63,38,130,24,255,44,0,44,299
06/20/2022,AVL,NC,ASO,ES,Combined TRACON& Tower with Radar,57,35,74,1,167,0,0,76,0,76,57,35,150,1,243,30,0,30,273
06/21/2022,AVL,NC,ASO,ES,Combined TRACON& Tower with Radar,45,36,53,11,145,0,0,51,5,56,45,36,104,16,201,40,3,43,244
06/22/2022,AVL,NC,ASO,ES,Combined TRACON& Tower with Radar,45,36,52,15,148,0,0,50,10,60,45,36,102,25,208,44,18,62,270
06/23/2022,AVL,NC,ASO,ES,Combined TRACON& Tower with Radar,60,46,77,1,184,0,1,63,4,68,60,47,140,5,252,41,0,41,293
06/24/2022,AVL,NC,ASO,ES,Combined TRACON& Tower with Radar,57,44,116,12,229,0,0,25,3,28,57,44,141,15,257,38,0,38,295
06/25/2022,AVL,NC,ASO,ES,Combined TRACON& Tower with Radar,64,33,47,2,146,0,1,43,2,46,64,34,90,4,192,110,0,110,302
06/26/2022,AVL,NC,ASO,ES,Combined TRACON& Tower with Radar,64,61,108,0,233,0,0,24,7,31,64,61,132,7,264,12,0,12,276
06/27/2022,AVL,NC,ASO,ES,Combined TRACON& Tower with Radar,58,43,68,0,169,0,0,22,0,22,58,43,90,0,191,22,0,22,213
06/28/2022,AVL,NC,ASO,ES,Combined TRACON& Tower with Radar,43,23,50,2,118,0,2,74,7,83,43,25,124,9,201,142,0,142,343
06/29/2022,AVL,NC,ASO,ES,Combined TRACON& Tower with Radar,50,49,62,3,164,0,1,21,1,23,50,50,83,4,187,30,0,30,217
06/30/2022,AVL,NC,ASO,ES,Combined TRACON& Tower with Radar,63,46,89,12,210,0,0,28,4,32,63,46,117,16,242,24,0,24,266
07/01/2022,AVL,NC,ASO,ES,Combined TRACON& Tower with Radar,59,56,97,0,212,0,0,29,8,37,59,56,126,8,249,36,0,36,285
07/02/2022,AVL,NC,ASO,ES,Combined TRACON& Tower with Radar,74,32,45,0,151,0,0,20,0,20,74,32,65,0,171,28,0,28,199
07/03/2022,AVL,NC,ASO,ES,Combined TRACON& Tower with Radar,63,30,38,0,131,0,0,32,0,32,63,30,70,0,163,14,0,14,177
07/04/2022,AVL,NC,ASO,ES,Combined TRACON& Tower with Radar,59,41,18,0,118,0,0,23,0,23,59,41,41,0,141,78,0,78,219
07/05/2022,AVL,NC,ASO,ES,Combined TRACON& Tower with Radar,49,31,60,2,142,0,0,29,0,29,49,31,89,2,171,100,0,100,271
07/06/2022,AVL,NC,ASO,ES,Combined TRACON& Tower with Radar,51,28,51,6,136,0,0,25,0,25,51,28,76,6,161,26,0,26,187
07/07/2022,AVL,NC,ASO,ES,Combined TRACON& Tower with Radar,59,41,46,11,157,0,0,29,0,29,59,41,75,11,186,80,0,80,266
07/08/2022,AVL,NC,ASO,ES,Combined TRACON& Tower with Radar,55,42,61,15,173,0,1,47,17,65,55,43,108,32,238,56,0,56,294
07/09/2022,AVL,NC,ASO,ES,Combined TRACON& Tower with Radar,70,44,37,0,151,0,3,36,5,44,70,47,73,5,195,68,0,68,263
07/10/2022,AVL,NC,ASO,ES,Combined TRACON& Tower with Radar,63,29,76,1,169,0,0,0,4,4,63,29,76,5,173,2,2,4,177
07/11/2022,AVL,NC,ASO,ES,Combined TRACON& Tower with Radar,58,30,67,2,157,0,0,15,0,15,58,30,82,2,172,56,0,56,228
07/12/2022,AVL,NC,ASO,ES,Combined TRACON& Tower with Radar,41,32,67,25,165,0,0,70,3,73,41,32,137,28,238,60,1,61,299
07/13/2022,AVL,NC,ASO,ES,Combined TRACON& Tower with Radar,50,45,52,5,152,0,1,21,5,27,50,46,73,10,179,39,0,39,218
07/14/2022,AVL,NC,ASO,ES,Combined TRACON& Tower with Radar,64,33,71,21,189,0,1,65,1,67,64,34,136,22,256,40,0,40,296
07/15/2022,AVL,NC,ASO,ES,Combined TRACON& Tower with Radar,55,37,69,23,184,0,0,55,23,78,55,37,124,46,262,16,16,32,294
07/16/2022,AVL,NC,ASO,ES,Combined TRACON& Tower with Radar,69,29,36,1,135,0,1,60,14,75,69,30,96,15,210,36,0,36,246
07/17/2022,AVL,NC,ASO,ES,Combined TRACON& Tower with Radar,65,37,78,0,180,0,0,40,3,43,65,37,118,3,223,48,0,48,271
07/18/2022,AVL,NC,ASO,ES,Combined TRACON& Tower with Radar,58,30,35,1,124,0,0,32,3,35,58,30,67,4,159,66,0,66,225
07/19/2022,AVL,NC,ASO,ES,Combined TRACON& Tower with Radar,40,39,48,2,129,0,0,27,2,29,40,39,75,4,158,32,0,32,190
07/20/2022,AVL,NC,ASO,ES,Combined TRACON& Tower with Radar,51,34,66,0,151,0,1,30,3,34,51,35,96,3,185,58,0,58,243
07/21/2022,AVL,NC,ASO,ES,Combined TRACON& Tower with Radar,55,38,48,28,169,0,2,28,9,39,55,40,76,37,208,58,0,58,266
07/22/2022,AVL,NC,ASO,ES,Combined TRACON& Tower with Radar,55,36,60,11,162,0,0,66,8,74,55,36,126,19,236,29,0,29,265
07/23/2022,AVL,NC,ASO,ES,Combined TRACON& Tower with Radar,69,32,49,11,161,0,0,73,15,88,69,32,122,26,249,43,0,43,292
07/24/2022,AVL,NC,ASO,ES,Combined TRACON& Tower with Radar,64,44,75,5,188,0,0,47,13,60,64,44,122,18,248,30,0,30,278
07/25/2022,AVL,NC,ASO,ES,Combined TRACON& Tower with Radar,58,40,33,0,131,0,1,20,0,21,58,41,53,0,152,40,0,40,192
07/26/2022,AVL,NC,ASO,ES,Combined TRACON& Tower with Radar,39,25,44,8,116,0,0,32,7,39,39,25,76,15,155,112,4,116,271
07/27/2022,AVL,NC,ASO,ES,Combined TRACON& Tower with Radar,48,25,69,0,142,0,0,49,1,50,48,25,118,1,192,96,0,96,288
07/28/2022,AVL,NC,ASO,ES,Combined TRACON& Tower with Radar,60,50,76,14,200,0,0,35,3,38,60,50,111,17,238,32,10,42,280
07/29/2022,AVL,NC,ASO,ES,Combined TRACON& Tower with Radar,56,32,101,8,197,0,1,38,15,54,56,33,139,23,251,125,0,125,376
07/30/2022,AVL,NC,ASO,ES,Combined TRACON& Tower with Radar,71,42,38,0,151,0,0,27,0,27,71,42,65,0,178,46,0,46,224
07/31/2022,AVL,NC,ASO,ES,Combined TRACON& Tower with Radar,67,59,50,3,179,0,0,9,8,17,67,59,59,11,196,2,0,2,198
08/01/2022,AVL,NC,ASO,ES,Combined TRACON& Tower with Radar,55,32,57,0,144,0,0,3,2,5,55,32,60,2,149,40,0,40,189
08/02/2022,AVL,NC,ASO,ES,Combined TRACON& Tower with Radar,47,39,55,0,141,0,1,46,1,48,47,40,101,1,189,27,1,28,217
08/03/2022,AVL,NC,ASO,ES,Combined TRACON& Tower with Radar,51,27,66,16,160,0,0,46,6,52,51,27,112,22,212,54,12,66,278
08/04/2022,AVL,NC,ASO,ES,Combined TRACON& Tower with Radar,57,42,67,4,170,0,2,53,9,64,57,44,120,13,234,49,0,49,283
08/05/2022,AVL,NC,ASO,ES,Combined TRACON& Tower with Radar,54,48,47,0,149,0,2,33,5,40,54,50,80,5,189,64,0,64,253
08/06/2022,AVL,NC,ASO,ES,Combined TRACON& Tower with Radar,62,30,39,1,132,0,0,6,13,19,62,30,45,14,151,54,0,54,205
08/07/2022,AVL,NC,ASO,ES,Combined TRACON& Tower with Radar,64,47,86,1,198,0,0,27,9,36,64,47,113,10,234,54,0,54,288
08/08/2022,AVL,NC,ASO,ES,Combined TRACON& Tower with Radar,49,31,55,4,139,0,0,35,0,35,49,31,90,4,174,63,2,65,239
08/09/2022,AVL,NC,ASO,ES,Combined TRACON& Tower with Radar,39,30,48,10,127,0,0,15,6,21,39,30,63,16,148,68,0,68,216
08/10/2022,AVL,NC,ASO,ES,Combined TRACON& Tower with Radar,49,23,62,3,137,0,0,22,1,23,49,23,84,4,160,56,0,56,216
08/11/2022,AVL,NC,ASO,ES,Combined TRACON& Tower with Radar,61,36,64,17,178,0,0,16,4,20,61,36,80,21,198,50,0,50,248
08/12/2022,AVL,NC,ASO,ES,Combined TRACON& Tower with Radar,53,62,73,30,218,0,0,70,8,78,53,62,143,38,296,69,0,69,365
08/13/2022,AVL,NC,ASO,ES,Combined TRACON& Tower with Radar,67,36,53,7,163,0,2,42,8,52,67,38,95,15,215,106,2,108,323
08/14/2022,AVL,NC,ASO,ES,Combined TRACON& Tower with Radar,62,32,63,20,177,0,0,55,7,62,62,32,118,27,239,52,4,56,295
08/15/2022,AVL,NC,ASO,ES,Combined TRACON& Tower with Radar,53,28,50,5,136,0,0,23,1,24,53,28,73,6,160,49,0,49,209
08/16/2022,AVL,NC,ASO,ES,Combined TRACON& Tower with Radar,43,24,52,7,126,0,0,13,0,13,43,24,65,7,139,122,0,122,261
08/17/2022,AVL,NC,ASO,ES,Combined TRACON& Tower with Radar,50,23,79,5,157,0,0,22,0,22,50,23,101,5,179,85,0,85,264
08/18/2022,AVL,NC,ASO,ES,Combined TRACON& Tower with Radar,63,47,64,11,185,0,0,31,2,33,63,47,95,13,218,74,0,74,292
08/19/2022,AVL,NC,ASO,ES,Combined TRACON& Tower with Radar,59,31,62,6,158,0,1,12,0,13,59,32,74,6,171,84,0,84,255
08/20/2022,AVL,NC,ASO,ES,Combined TRACON& Tower with Radar,63,33,51,9,156,0,0,24,10,34,63,33,75,19,190,64,8,72,262
08/21/2022,AVL,NC,ASO,ES,Combined TRACON& Tower with Radar,59,42,60,0,161,0,0,17,0,17,59,42,77,0,178,74,0,74,252
08/22/2022,AVL,NC,ASO,ES,Combined TRACON& Tower with Radar,53,28,48,0,129,0,0,20,0,20,53,28,68,0,149,136,0,136,285
08/23/2022,AVL,NC,ASO,ES,Combined TRACON& Tower with Radar,38,32,51,15,136,0,0,65,5,70,38,32,116,20,206,61,2,63,269
08/24/2022,AVL,NC,ASO,ES,Combined TRACON& Tower with Radar,46,40,61,2,149,0,0,43,0,43,46,40,104,2,192,96,0,96,288
08/25/2022,AVL,NC,ASO,ES,Combined TRACON& Tower with Radar,61,36,56,2,155,0,0,17,0,17,61,36,73,2,172,74,0,74,246
08/26/2022,AVL,NC,ASO,ES,Combined TRACON& Tower with Radar,60,46,76,4,186,0,0,32,13,45,60,46,108,17,231,30,0,30,261
08/27/2022,AVL,NC,ASO,ES,Combined TRACON& Tower with Radar,63,29,45,2,139,0,2,42,11,55,63,31,87,13,194,92,0,92,286
08/28/2022,AVL,NC,ASO,ES,Combined TRACON& Tower with Radar,61,48,78,3,190,0,0,55,9,64,61,48,133,12,254,30,0,30,284
08/29/2022,AVL,NC,ASO,ES,Combined TRACON& Tower with Radar,61,26,57,0,144,0,0,57,2,59,61,26,114,2,203,102,0,102,305
08/30/2022,AVL,NC,ASO,ES,Combined TRACON& Tower with Radar,35,26,49,14,124,0,0,27,2,29,35,26,76,16,153,36,4,40,193
08/31/2022,AVL,NC,ASO,ES,Combined TRACON& Tower with Radar,42,29,56,2,129,0,4,68,3,75,42,33,124,5,204,68,0,68,272
09/01/2022,AVL,NC,ASO,ES,Combined TRACON& Tower with Radar,62,40,49,0,151,0,0,66,2,68,62,40,115,2,219,148,0,148,367
09/02/2022,AVL,NC,ASO,ES,Combined TRACON& Tower with Radar,63,42,69,2,176,0,2,62,3,67,63,44,131,5,243,116,0,116,359
09/03/2022,AVL,NC,ASO,ES,Combined TRACON& Tower with Radar,57,22,28,0,107,0,1,24,1,26,57,23,52,1,133,87,0,87,220
09/04/2022,AVL,NC,ASO,ES,Combined TRACON& Tower with Radar,57,31,37,0,125,0,0,4,0,4,57,31,41,0,129,0,0,0,129
09/05/2022,AVL,NC,ASO,ES,Combined TRACON& Tower with Radar,63,47,74,0,184,0,0,0,0,0,63,47,74,0,184,0,0,0,184
09/06/2022,AVL,NC,ASO,ES,Combined TRACON& Tower with Radar,52,43,44,12,151,0,0,20,1,21,52,43,64,13,172,38,2,40,212
09/07/2022,AVL,NC,ASO,ES,Combined TRACON& Tower with Radar,37,31,43,3,114,0,0,22,1,23,37,31,65,4,137,68,0,68,205
09/08/2022,AVL,NC,ASO,ES,Combined TRACON& Tower with Radar,55,40,53,6,154,0,0,49,9,58,55,40,102,15,212,68,2,70,282
09/09/2022,AVL,NC,ASO,ES,Combined TRACON& Tower with Radar,52,28,77,22,179,0,0,43,4,47,52,28,120,26,226,157,0,157,383
09/10/2022,AVL,NC,ASO,ES,Combined TRACON& Tower with Radar,52,30,22,0,104,0,0,0,0,0,52,30,22,0,104,0,0,0,104
09/11/2022,AVL,NC,ASO,ES,Combined TRACON& Tower with Radar,59,34,50,0,143,0,1,19,3,23,59,35,69,3,166,6,0,6,172
09/12/2022,AVL,NC,ASO,ES,Combined TRACON& Tower with Radar,55,45,50,4,154,0,0,35,4,39,55,45,85,8,193,74,0,74,267
09/13/2022,AVL,NC,ASO,ES,Combined TRACON& Tower with Radar,39,30,45,3,117,0,1,71,13,85,39,31,116,16,202,43,2,45,247
09/14/2022,AVL,NC,ASO,ES,Combined TRACON& Tower with Radar,39,43,62,7,151,0,0,61,13,74,39,43,123,20,225,36,6,42,267
09/15/2022,AVL,NC,ASO,ES,Combined TRACON& Tower with Radar,62,34,56,15,167,0,1,73,3,77,62,35,129,18,244,60,0,60,304
09/16/2022,AVL,NC,ASO,ES,Combined TRACON& Tower with Radar,53,43,62,4,162,0,2,65,7,74,53,45,127,11,236,50,0,50,286
09/17/2022,AVL,NC,ASO,ES,Combined TRACON& Tower with Radar,53,24,40,2,119,0,3,46,17,66,53,27,86,19,185,50,0,50,235
09/18/2022,AVL,NC,ASO,ES,Combined TRACON& Tower with Radar,65,34,57,15,171,0,0,67,7,74,65,34,124,22,245,20,0,20,265
09/19/2022,AVL,NC,ASO,ES,Combined TRACON& Tower with Radar,55,22,59,15,151,0,0,43,2,45,55,22,102,17,196,54,0,54,250
09/20/2022,AVL,NC,ASO,ES,Combined TRACON& Tower with Radar,40,26,55,6,127,0,0,59,1,60,40,26,114,7,187,58,0,58,245
09/21/2022,AVL,NC,ASO,ES,Combined TRACON& Tower with Radar,38,28,74,18,158,0,2,76,3,81,38,30,150,21,239,18,0,18,257
09/22/2022,AVL,NC,ASO,ES,Combined TRACON& Tower with Radar,55,42,69,13,179,0,1,24,0,25,55,43,93,13,204,14,0,14,218
09/23/2022,AVL,NC,ASO,ES,Combined TRACON& Tower with Radar,58,35,81,19,193,0,0,51,6,57,58,35,132,25,250,36,4,40,290
09/24/2022,AVL,NC,ASO,ES,Combined TRACON& Tower with Radar,52,25,30,14,121,0,0,65,9,74,52,25,95,23,195,12,0,12,207
09/25/2022,AVL,NC,ASO,ES,Combined TRACON& Tower with Radar,57,48,84,3,192,0,0,38,5,43,57,48,122,8,235,62,0,62,297
09/26/2022,AVL,NC,ASO,ES,Combined TRACON& Tower with Radar,53,24,45,15,137,0,0,53,1,54,53,24,98,16,191,78,0,78,269
09/27/2022,AVL,NC,ASO,ES,Combined TRACON& Tower with Radar,41,40,54,0,135,0,0,61,9,70,41,40,115,9,205,32,0,32,237
09/28/2022,AVL,NC,ASO,ES,Combined TRACON& Tower with Radar,39,27,34,1,101,0,1,71,3,75,39,28,105,4,176,12,0,12,188
09/29/2022,AVL,NC,ASO,ES,Combined TRACON& Tower with Radar,50,37,44,0,131,0,0,26,1,27,50,37,70,1,158,36,0,36,194
09/30/2022,AVL,NC,ASO,ES,Combined TRACON& Tower with Radar,46,29,25,0,100,0,0,4,0,4,46,29,29,0,104,0,0,0,104
10/01/2022,AVL,NC,ASO,ES,Combined TRACON& Tower with Radar,56,29,20,1,106,0,0,10,0,10,56,29,30,1,116,24,0,24,140
10/02/2022,AVL,NC,ASO,ES,Combined TRACON& Tower with Radar,56,46,40,1,143,0,0,6,6,12,56,46,46,7,155,2,0,2,157
10/03/2022,AVL,NC,ASO,ES,Combined TRACON& Tower with Radar,54,35,41,18,148,0,0,24,0,24,54,35,65,18,172,78,0,78,250
10/04/2022,AVL,NC,ASO,ES,Combined TRACON& Tower with Radar,43,29,57,16,145,0,1,49,2,52,43,30,106,18,197,8,6,14,211
10/05/2022,AVL,NC,ASO,ES,Combined TRACON& Tower with Radar,45,38,76,10,169,0,1,72,1,74,45,39,148,11,243,30,10,40,283
10/06/2022,AVL,NC,ASO,ES,Combined TRACON& Tower with Radar,67,34,66,14,181,0,2,67,8,77,67,36,133,22,258,40,0,40,298
10/07/2022,AVL,NC,ASO,ES,Combined TRACON& Tower with Radar,60,32,86,10,188,0,0,91,6,97,60,32,177,16,285,32,0,32,317
10/08/2022,AVL,NC,ASO,ES,Combined TRACON& Tower with Radar,57,31,48,0,136,0,2,63,23,88,57,33,111,23,224,24,0,24,248
10/09/2022,AVL,NC,ASO,ES,Combined TRACON& Tower with Radar,69,47,72,0,188,0,0,62,8,70,69,47,134,8,258,39,0,39,297
10/10/2022,AVL,NC,ASO,ES,Combined TRACON& Tower with Radar,60,36,65,0,161,0,0,85,0,85,60,36,150,0,246,34,0,34,280
10/11/2022,AVL,NC,ASO,ES,Combined TRACON& Tower with Radar,45,28,71,9,153,0,0,69,1,70,45,28,140,10,223,79,0,79,302
10/12/2022,AVL,NC,ASO,ES,Combined TRACON& Tower with Radar,47,32,69,1,149,0,0,1,0,1,47,32,70,1,150,0,0,0,150
10/13/2022,AVL,NC,ASO,ES,Combined TRACON& Tower with Radar,66,39,66,6,177,0,1,34,4,39,66,40,100,10,216,28,4,32,248
10/14/2022,AVL,NC,ASO,ES,Combined TRACON& Tower with Radar,61,30,55,6,152,0,2,46,5,53,61,32,101,11,205,90,2,92,297
10/15/2022,AVL,NC,ASO,ES,Combined TRACON& Tower with Radar,59,25,38,0,122,0,0,77,0,77,59,25,115,0,199,18,0,18,217
10/16/2022,AVL,NC,ASO,ES,Combined TRACON& Tower with Radar,68,45,68,2,183,0,1,58,1,60,68,46,126,3,243,88,0,88,331
10/17/2022,AVL,NC,ASO,ES,Combined TRACON& Tower with Radar,59,31,58,6,154,0,2,24,2,28,59,33,82,8,182,18,0,18,200
10/18/2022,AVL,NC,ASO,ES,Combined TRACON& Tower with Radar,42,30,33,21,126,0,4,24,0,28,42,34,57,21,154,14,16,30,184
10/19/2022,AVL,NC,ASO,ES,Combined TRACON& Tower with Radar,26,48,51,6,131,0,1,60,3,64,26,49,111,9,195,16,0,16,211
10/20/2022,AVL,NC,ASO,ES,Combined TRACON& Tower with Radar,66,34,58,10,168,0,0,75,22,97,66,34,133,32,265,90,14,104,369
10/21/2022,AVL,NC,ASO,ES,Combined TRACON& Tower with Radar,47,42,42,4,135,1,2,76,14,93,48,44,118,18,228,9,0,9,237
10/22/2022,AVL,NC,ASO,ES,Combined TRACON& Tower with Radar,58,28,46,6,138,0,1,113,18,132,58,29,159,24,270,48,10,58,328
10/23/2022,AVL,NC,ASO,ES,Combined TRACON& Tower with Radar,69,50,81,0,200,0,2,75,19,96,69,52,156,19,296,52,0,52,348
10/24/2022,AVL,NC,ASO,ES,Combined TRACON& Tower with Radar,60,38,52,7,157,0,5,58,7,70,60,43,110,14,227,51,12,63,290
10/25/2022,AVL,NC,ASO,ES,Combined TRACON& Tower with Radar,37,22,33,14,106,0,7,39,0,46,37,29,72,14,152,62,0,62,214
10/26/2022,AVL,NC,ASO,ES,Combined TRACON& Tower with Radar,46,48,51,11,156,0,0,15,7,22,46,48,66,18,178,27,4,31,209
10/27/2022,AVL,NC,ASO,ES,Combined TRACON& Tower with Radar,69,39,67,15,190,0,1,77,18,96,69,40,144,33,286,73,10,83,369
10/28/2022,AVL,NC,ASO,ES,Combined TRACON& Tower with Radar,58,28,67,24,177,0,0,64,16,80,58,28,131,40,257,74,0,74,331
10/29/2022,AVL,NC,ASO,ES,Combined TRACON& Tower with Radar,53,33,40,0,126,0,0,50,15,65,53,33,90,15,191,136,0,136,327
10/30/2022,AVL,NC,ASO,ES,Combined TRACON& Tower with Radar,67,45,55,0,167,0,0,0,0,0,67,45,55,0,167,0,0,0,167
10/31/2022,AVL,NC,ASO,ES,Combined TRACON& Tower with Radar,51,23,18,0,92,0,0,3,0,3,51,23,21,0,95,4,0,4,99
11/01/2022,AVL,NC,ASO,ES,Combined TRACON& Tower with Radar,40,38,58,19,155,0,0,62,5,67,40,38,120,24,222,41,8,49,271
11/02/2022,AVL,NC,ASO,ES,Combined TRACON& Tower with Radar,46,16,41,4,107,0,0,35,4,39,46,16,76,8,146,41,0,41,187
11/03/2022,AVL,NC,ASO,ES,Combined TRACON& Tower with Radar,53,30,66,1,150,0,0,45,18,63,53,30,111,19,213,49,0,49,262
11/04/2022,AVL,NC,ASO,ES,Combined TRACON& Tower with Radar,39,24,83,10,156,0,0,60,15,75,39,24,143,25,231,91,0,91,322
11/05/2022,AVL,NC,ASO,ES,Combined TRACON& Tower with Radar,44,22,24,2,92,0,0,2,2,4,44,22,26,4,96,2,0,2,98
11/06/2022,AVL,NC,ASO,ES,Combined TRACON& Tower with Radar,55,29,68,4,156,0,0,15,5,20,55,29,83,9,176,36,1,37,213
11/07/2022,AVL,NC,ASO,ES,Combined TRACON& Tower with Radar,44,32,38,16,130,0,0,32,17,49,44,32,70,33,179,100,1,101,280
11/08/2022,AVL,NC,ASO,ES,Combined TRACON& Tower with Radar,35,16,28,8,87,0,2,50,8,60,35,18,78,16,147,188,6,194,341
11/09/2022,AVL,NC,ASO,ES,Combined TRACON& Tower with Radar,35,26,41,14,116,0,0,50,3,53,35,26,91,17,169,51,4,55,224
11/10/2022,AVL,NC,ASO,ES,Combined TRACON& Tower with Radar,53,24,27,2,106,0,0,3,0,3,53,24,30,2,109,0,0,0,109
11/11/2022,AVL,NC,ASO,ES,Combined TRACON& Tower with Radar,48,19,17,0,84,0,0,0,0,0,48,19,17,0,84,0,0,0,84
11/12/2022,AVL,NC,ASO,ES,Combined TRACON& Tower with Radar,42,32,45,0,119,0,0,21,6,27,42,32,66,6,146,76,0,76,222
11/13/2022,AVL,NC,ASO,ES,Combined TRACON& Tower with Radar,58,36,50,0,144,0,3,17,5,25,58,39,67,5,169,6,0,6,175
11/14/2022,AVL,NC,ASO,ES,Combined TRACON& Tower with Radar,46,26,34,15,121,0,1,70,7,78,46,27,104,22,199,130,14,144,343
11/15/2022,AVL,NC,ASO,ES,Combined TRACON& Tower with Radar,33,22,14,0,69,0,0,0,0,0,33,22,14,0,69,0,0,0,69
11/16/2022,AVL,NC,ASO,ES,Combined TRACON& Tower with Radar,36,25,40,6,107,0,0,23,1,24,36,25,63,7,131,50,0,50,181
11/17/2022,AVL,NC,ASO,ES,Combined TRACON& Tower with Radar,51,37,61,7,156,0,0,25,0,25,51,37,86,7,181,70,0,70,251
11/18/2022,AVL,NC,ASO,ES,Combined TRACON& Tower with Radar,54,31,72,13,170,0,0,34,6,40,54,31,106,19,210,66,0,66,276
11/19/2022,AVL,NC,ASO,ES,Combined TRACON& Tower with Radar,46,39,55,10,150,0,2,43,6,51,46,41,98,16,201,37,0,37,238
11/20/2022,AVL,NC,ASO,ES,Combined TRACON& Tower with Radar,54,41,53,28,176,0,2,16,11,29,54,43,69,39,205,6,6,12,217
11/21/2022,AVL,NC,ASO,ES,Combined TRACON& Tower with Radar,54,33,59,27,173,0,0,32,1,33,54,33,91,28,206,38,2,40,246
11/22/2022,AVL,NC,ASO,ES,Combined TRACON& Tower with Radar,56,29,80,18,183,0,2,32,3,37,56,31,112,21,220,79,10,89,309
11/23/2022,AVL,NC,ASO,ES,Combined TRACON& Tower with Radar,52,36,55,0,143,0,0,30,0,30,52,36,85,0,173,58,0,58,231
11/24/2022,AVL,NC,ASO,ES,Combined TRACON& Tower with Radar,32,12,13,0,57,0,0,7,1,8,32,12,20,1,65,6,0,6,71
11/25/2022,AVL,NC,ASO,ES,Combined TRACON& Tower with Radar,42,29,32,0,103,0,0,6,0,6,42,29,38,0,109,4,0,4,113
11/26/2022,AVL,NC,ASO,ES,Combined TRACON& Tower with Radar,55,43,58,0,156,0,0,39,0,39,55,43,97,0,195,48,0,48,243
11/27/2022,AVL,NC,ASO,ES,Combined TRACON& Tower with Radar,54,47,51,2,154,0,2,9,3,14,54,49,60,5,168,0,0,0,168
11/28/2022,AVL,NC,ASO,ES,Combined TRACON& Tower with Radar,49,37,70,0,156,0,3,30,0,33,49,40,100,0,189,4,0,4,193
11/29/2022,AVL,NC,ASO,ES,Combined TRACON& Tower with Radar,36,35,42,20,133,0,0,28,2,30,36,35,70,22,163,62,0,62,225
11/30/2022,AVL,NC,ASO,ES,Combined TRACON& Tower with Radar,33,22,35,9,99,0,0,9,1,10,33,22,44,10,109,4,0,4,113
12/01/2022,AVL,NC,ASO,ES,Combined TRACON& Tower with Radar,54,15,55,16,140,0,0,31,6,37,54,15,86,22,177,21,10,31,208
12/02/2022,AVL,NC,ASO,ES,Combined TRACON& Tower with Radar,52,22,38,7,119,0,0,19,17,36,52,22,57,24,155,50,14,64,219
12/03/2022,AVL,NC,ASO,ES,Combined TRACON& Tower with Radar,37,16,27,0,80,0,0,9,0,9,37,16,36,0,89,22,0,22,111
12/04/2022,AVL,NC,ASO,ES,Combined TRACON& Tower with Radar,52,14,62,2,130,0,0,30,3,33,52,14,92,5,163,16,0,16,179
12/05/2022,AVL,NC,ASO,ES,Combined TRACON& Tower with Radar,55,9,39,0,103,0,0,2,0,2,55,9,41,0,105,18,0,18,123
12/06/2022,AVL,NC,ASO,ES,Combined TRACON& Tower with Radar,38,11,23,2,74,0,0,0,0,0,38,11,23,2,74,0,0,0,74
12/07/2022,AVL,NC,ASO,ES,Combined TRACON& Tower with Radar,37,13,26,0,76,0,0,1,0,1,37,13,27,0,77,0,0,0,77
12/08/2022,AVL,NC,ASO,ES,Combined TRACON& Tower with Radar,55,24,38,0,117,0,0,2,0,2,55,24,40,0,119,0,0,0,119
12/09/2022,AVL,NC,ASO,ES,Combined TRACON& Tower with Radar,53,23,19,0,95,0,0,0,0,0,53,23,19,0,95,0,0,0,95
12/10/2022,AVL,NC,ASO,ES,Combined TRACON& Tower with Radar,36,16,21,2,75,0,0,0,2,2,36,16,21,4,77,0,0,0,77
12/11/2022,AVL,NC,ASO,ES,Combined TRACON& Tower with Radar,53,13,23,0,89,0,0,0,0,0,53,13,23,0,89,0,0,0,89
12/12/2022,AVL,NC,ASO,ES,Combined TRACON& Tower with Radar,53,24,60,22,159,0,0,36,0,36,53,24,96,22,195,110,10,120,315
12/13/2022,AVL,NC,ASO,ES,Combined TRACON& Tower with Radar,35,14,46,7,102,0,1,4,0,5,35,15,50,7,107,0,0,0,107
12/14/2022,AVL,NC,ASO,ES,Combined TRACON& Tower with Radar,35,15,22,0,72,0,0,0,0,0,35,15,22,0,72,0,0,0,72
12/15/2022,AVL,NC,ASO,ES,Combined TRACON& Tower with Radar,57,13,17,4,91,0,0,2,0,2,57,13,19,4,93,0,0,0,93
12/16/2022,AVL,NC,ASO,ES,Combined TRACON& Tower with Radar,54,22,62,15,153,0,0,56,1,57,54,22,118,16,210,162,0,162,372
12/17/2022,AVL,NC,ASO,ES,Combined TRACON& Tower with Radar,51,25,54,4,134,0,0,44,8,52,51,25,98,12,186,40,0,40,226
12/18/2022,AVL,NC,ASO,ES,Combined TRACON& Tower with Radar,55,16,32,14,117,0,0,22,11,33,55,16,54,25,150,51,0,51,201
12/19/2022,AVL,NC,ASO,ES,Combined TRACON& Tower with Radar,56,24,56,10,146,0,1,46,1,48,56,25,102,11,194,42,0,42,236
12/20/2022,AVL,NC,ASO,ES,Combined TRACON& Tower with Radar,49,12,49,21,131,0,0,26,7,33,49,12,75,28,164,85,17,102,266
12/21/2022,AVL,NC,ASO,ES,Combined TRACON& Tower with Radar,53,22,82,3,160,0,2,39,0,41,53,24,121,3,201,28,0,28,229
12/22/2022,AVL,NC,ASO,ES,Combined TRACON& Tower with Radar,52,24,10,0,86,0,0,1,0,1,52,24,11,0,87,0,0,0,87
12/23/2022,AVL,NC,ASO,ES,Combined TRACON& Tower with Radar,45,15,16,0,76,0,1,1,0,2,45,16,17,0,78,0,0,0,78
12/24/2022,AVL,NC,ASO,ES,Combined TRACON& Tower with Radar,37,8,7,0,52,0,2,3,0,5,37,10,10,0,57,0,0,0,57
12/25/2022,AVL,NC,ASO,ES,Combined TRACON& Tower with Radar,36,11,7,0,54,0,0,5,0,5,36,11,12,0,59,0,0,0,59
12/26/2022,AVL,NC,ASO,ES,Combined TRACON& Tower with Radar,46,19,48,0,113,0,0,23,0,23,46,19,71,0,136,40,0,40,176
12/27/2022,AVL,NC,ASO,ES,Combined TRACON& Tower with Radar,50,20,55,3,128,0,0,30,2,32,50,20,85,5,160,94,0,94,254
12/28/2022,AVL,NC,ASO,ES,Combined TRACON& Tower with Radar,48,17,53,30,148,0,0,39,0,39,48,17,92,30,187,108,18,126,313
12/29/2022,AVL,NC,ASO,ES,Combined TRACON& Tower with Radar,48,18,68,25,159,0,1,42,6,49,48,19,110,31,208,44,0,44,252
12/30/2022,AVL,NC,ASO,ES,Combined TRACON& Tower with Radar,50,20,39,1,110,0,0,0,3,3,50,20,39,4,113,0,0,0,113
12/31/2022,AVL,NC,ASO,ES,Combined TRACON& Tower with Radar,42,5,11,0,58,0,0,0,0,0,42,5,11,0,58,0,0,0,58
01/01/2023,AVL,NC,ASO,ES,Combined TRACON& Tower with Radar,42,15,39,4,100,0,0,12,7,19,42,15,51,11,119,62,0,62,181
01/02/2023,AVL,NC,ASO,ES,Combined TRACON& Tower with Radar,45,23,57,2,127,0,0,24,5,29,45,23,81,7,156,46,0,46,202
01/03/2023,AVL,NC,ASO,ES,Combined TRACON& Tower with Radar,45,24,22,2,93,0,0,2,1,3,45,24,24,3,96,0,0,0,96
01/04/2023,AVL,NC,ASO,ES,Combined TRACON& Tower with Radar,38,17,13,0,68,0,0,2,1,3,38,17,15,1,71,0,0,0,71
01/05/2023,AVL,NC,ASO,ES,Combined TRACON& Tower with Radar,43,15,51,19,128,0,1,27,4,32,43,16,78,23,160,45,5,50,210
01/06/2023,AVL,NC,ASO,ES,Combined TRACON& Tower with Radar,42,11,27,19,99,0,1,51,1,53,42,12,78,20,152,41,4,45,197
01/07/2023,AVL,NC,ASO,ES,Combined TRACON& Tower with Radar,36,12,26,7,81,0,0,71,1,72,36,12,97,8,153,80,0,80,233
01/08/2023,AVL,NC,ASO,ES,Combined TRACON& Tower with Radar,50,14,13,0,77,0,0,0,0,0,50,14,13,0,77,0,0,0,77
01/09/2023,AVL,NC,ASO,ES,Combined TRACON& Tower with Radar,46,17,24,2,89,0,1,18,4,23,46,18,42,6,112,24,0,24,136
01/10/2023,AVL,NC,ASO,ES,Combined TRACON& Tower with Radar,29,17,46,19,111,0,0,68,1,69,29,17,114,20,180,81,0,81,261
01/11/2023,AVL,NC,ASO,ES,Combined TRACON& Tower with Radar,26,17,45,9,97,0,2,54,0,56,26,19,99,9,153,37,2,39,192
01/12/2023,AVL,NC,ASO,ES,Combined TRACON& Tower with Radar,54,15,23,2,94,0,0,0,0,0,54,15,23,2,94,0,0,0,94
01/13/2023,AVL,NC,ASO,ES,Combined TRACON& Tower with Radar,47,21,22,0,90,0,0,1,0,1,47,21,23,0,91,0,0,0,91
01/14/2023,AVL,NC,ASO,ES,Combined TRACON& Tower with Radar,32,23,8,0,63,0,0,11,0,11,32,23,19,0,74,0,0,0,74
01/15/2023,AVL,NC,ASO,ES,Combined TRACON& Tower with Radar,48,15,22,0,85,0,2,75,0,77,48,17,97,0,162,50,0,50,212
01/16/2023,AVL,NC,ASO,ES,Combined TRACON& Tower with Radar,50,12,29,4,95,0,0,65,0,65,50,12,94,4,160,93,0,93,253
01/17/2023,AVL,NC,ASO,ES,Combined TRACON& Tower with Radar,30,19,35,0,84,0,0,19,1,20,30,19,54,1,104,38,0,38,142
01/18/2023,AVL,NC,ASO,ES,Combined TRACON& Tower with Radar,36,15,42,6,99,0,0,47,1,48,36,15,89,7,147,100,0,100,247
01/19/2023,AVL,NC,ASO,ES,Combined TRACON& Tower with Radar,53,18,25,0,96,0,0,12,0,12,53,18,37,0,108,0,0,0,108
01/20/2023,AVL,NC,ASO,ES,Combined TRACON& Tower with Radar,47,12,19,13,91,0,0,23,4,27,47,12,42,17,118,24,12,36,154
01/21/2023,AVL,NC,ASO,ES,Combined TRACON& Tower with Radar,36,10,31,4,81,0,0,82,2,84,36,10,113,6,165,74,0,74,239
01/22/2023,AVL,NC,ASO,ES,Combined TRACON& Tower with Radar,53,12,13,4,82,0,0,0,0,0,53,12,13,4,82,0,0,0,82
01/23/2023,AVL,NC,ASO,ES,Combined TRACON& Tower with Radar,43,15,23,2,83,0,1,10,0,11,43,16,33,2,94,42,0,42,136
01/24/2023,AVL,NC,ASO,ES,Combined TRACON& Tower with Radar,31,21,40,2,94,0,7,79,2,88,31,28,119,4,182,114,1,115,297
01/25/2023,AVL,NC,ASO,ES,Combined TRACON& Tower with Radar,37,11,13,9,70,0,1,1,0,2,37,12,14,9,72,12,0,12,84
01/26/2023,AVL,NC,ASO,ES,Combined TRACON& Tower with Radar,53,18,32,0,103,0,1,44,2,47,53,19,76,2,150,86,0,86,236
01/27/2023,AVL,NC,ASO,ES,Combined TRACON& Tower with Radar,47,17,28,11,103,0,2,58,2,62,47,19,86,13,165,107,0,107,272
01/28/2023,AVL,NC,ASO,ES,Combined TRACON& Tower with Radar,35,6,50,6,97,0,0,90,1,91,35,6,140,7,188,70,3,73,261
01/29/2023,AVL,NC,ASO,ES,Combined TRACON& Tower with Radar,53,15,27,5,100,0,2,14,3,19,53,17,41,8,119,57,0,57,176
01/30/2023,AVL,NC,ASO,ES,Combined TRACON& Tower with Radar,49,16,34,0,99,0,0,9,0,9,49,16,43,0,108,91,0,91,199
01/31/2023,AVL,NC,ASO,ES,Combined TRACON& Tower with Radar,31,10,19,0,60,0,0,4,0,4,31,10,23,0,64,0,0,0,64
02/01/2023,AVL,NC,ASO,ES,Combined TRACON& Tower with Radar,32,16,30,20,98,0,0,0,0,0,32,16,30,20,98,44,0,44,142
02/02/2023,AVL,NC,ASO,ES,Combined TRACON& Tower with Radar,52,12,15,0,79,0,0,0,0,0,52,12,15,0,79,0,0,0,79
02/03/2023,AVL,NC,ASO,ES,Combined TRACON& Tower with Radar,44,10,34,5,93,0,0,11,0,11,44,10,45,5,104,0,0,0,104
02/04/2023,AVL,NC,ASO,ES,Combined TRACON& Tower with Radar,34,12,25,0,71,0,0,82,1,83,34,12,107,1,154,124,0,124,278
02/05/2023,AVL,NC,ASO,ES,Combined TRACON& Tower with Radar,50,15,21,2,88,0,0,37,0,37,50,15,58,2,125,36,0,36,161
02/06/2023,AVL,NC,ASO,ES,Combined TRACON& Tower with Radar,45,8,30,8,91,0,0,26,4,30,45,8,56,12,121,21,0,21,142
02/07/2023,AVL,NC,ASO,ES,Combined TRACON& Tower with Radar,29,9,42,20,100,0,3,62,5,70,29,12,104,25,170,100,12,112,282
02/08/2023,AVL,NC,ASO,ES,Combined TRACON& Tower with Radar,34,8,42,12,96,0,0,39,2,41,34,8,81,14,137,141,0,141,278
02/09/2023,AVL,NC,ASO,ES,Combined TRACON& Tower with Radar,53,15,19,2,89,0,0,1,0,1,53,15,20,2,90,0,0,0,90
02/10/2023,AVL,NC,ASO,ES,Combined TRACON& Tower with Radar,49,9,27,10,95,0,0,39,0,39,49,9,66,10,134,28,0,28,162
02/11/2023,AVL,NC,ASO,ES,Combined TRACON& Tower with Radar,37,7,26,2,72,0,2,59,0,61,37,9,85,2,133,150,0,150,283
02/12/2023,AVL,NC,ASO,ES,Combined TRACON& Tower with Radar,50,6,9,0,65,0,0,1,0,1,50,6,10,0,66,0,0,0,66
02/13/2023,AVL,NC,ASO,ES,Combined TRACON& Tower with Radar,46,14,26,8,94,0,0,55,0,55,46,14,81,8,149,74,0,74,223
02/14/2023,AVL,NC,ASO,ES,Combined TRACON& Tower with Radar,35,12,30,0,77,0,4,52,3,59,35,16,82,3,136,54,0,54,190
02/15/2023,AVL,NC,ASO,ES,Combined TRACON& Tower with Radar,36,16,36,2,90,0,0,35,0,35,36,16,71,2,125,172,0,172,297
02/16/2023,AVL,NC,ASO,ES,Combined TRACON& Tower with Radar,54,5,16,0,75,0,0,7,0,7,54,5,23,0,82,0,0,0,82
02/17/2023,AVL,NC,ASO,ES,Combined TRACON& Tower with Radar,50,16,22,0,88,0,0,2,0,2,50,16,24,0,90,0,0,0,90
02/18/2023,AVL,NC,ASO,ES,Combined TRACON& Tower with Radar,44,15,42,0,101,0,0,109,0,109,44,15,151,0,210,63,0,63,273
02/19/2023,AVL,NC,ASO,ES,Combined TRACON& Tower with Radar,56,14,27,3,100,0,0,29,4,33,56,14,56,7,133,78,0,78,211
02/20/2023,AVL,NC,ASO,ES,Combined TRACON& Tower with Radar,51,17,23,0,91,0,0,32,1,33,51,17,55,1,124,64,0,64,188
02/21/2023,AVL,NC,ASO,ES,Combined TRACON& Tower with Radar,34,12,27,4,77,0,0,14,3,17,34,12,41,7,94,47,0,47,141
02/22/2023,AVL,NC,ASO,ES,Combined TRACON& Tower with Radar,38,13,24,9,84,0,2,21,3,26,38,15,45,12,110,7,0,7,117
02/23/2023,AVL,NC,ASO,ES,Combined TRACON& Tower with Radar,55,12,42,8,117,0,0,6,1,7,55,12,48,9,124,50,0,50,174
02/24/2023,AVL,NC,ASO,ES,Combined TRACON& Tower with Radar,49,18,34,7,108,0,0,31,0,31,49,18,65,7,139,20,0,20,159
02/25/2023,AVL,NC,ASO,ES,Combined TRACON& Tower with Radar,46,11,12,3,72,0,0,0,0,0,46,11,12,3,72,0,0,0,72
02/26/2023,AVL,NC,ASO,ES,Combined TRACON& Tower with Radar,56,24,30,2,112,0,1,47,0,48,56,25,77,2,160,122,0,122,282
02/27/2023,AVL,NC,ASO,ES,Combined TRACON& Tower with Radar,49,13,15,7,84,0,0,4,0,4,49,13,19,7,88,0,0,0,88
02/28/2023,AVL,NC,ASO,ES,Combined TRACON& Tower with Radar,35,11,31,0,77,0,3,65,1,69,35,14,96,1,146,78,0,78,224
03/01/2023,AVL,NC,ASO,ES,Combined TRACON& Tower with Radar,41,18,35,13,107,0,5,67,0,72,41,23,102,13,179,60,0,60,239
03/02/2023,AVL,NC,ASO,ES,Combined TRACON& Tower with Radar,58,21,27,0,106,0,0,12,2,14,58,21,39,2,120,40,0,40,160
03/03/2023,AVL,NC,ASO,ES,Combined TRACON& Tower with Radar,49,11,13,2,75,0,0,1,0,1,49,11,14,2,76,0,0,0,76
03/04/2023,AVL,NC,ASO,ES,Combined TRACON& Tower with Radar,44,11,30,11,96,0,0,69,5,74,44,11,99,16,170,72,10,82,252
03/05/2023,AVL,NC,ASO,ES,Combined TRACON& Tower with Radar,56,13,19,1,89,0,5,98,1,104,56,18,117,2,193,61,4,65,258
03/06/2023,AVL,NC,ASO,ES,Combined TRACON& Tower with Radar,53,10,28,2,93,0,3,66,3,72,53,13,94,5,165,76,0,76,241
03/07/2023,AVL,NC,ASO,ES,Combined TRACON& Tower with Radar,36,18,19,1,74,0,0,20,1,21,36,18,39,2,95,0,0,0,95
03/08/2023,AVL,NC,ASO,ES,Combined TRACON& Tower with Radar,42,11,32,8,93,0,3,57,0,60,42,14,89,8,153,81,0,81,234
03/09/2023,AVL,NC,ASO,ES,Combined TRACON& Tower with Radar,57,15,28,22,122,0,7,44,5,56,57,22,72,27,178,124,4,128,306
03/10/2023,AVL,NC,ASO,ES,Combined TRACON& Tower with Radar,52,20,31,11,114,0,0,8,0,8,52,20,39,11,122,28,4,32,154
03/11/2023,AVL,NC,ASO,ES,Combined TRACON& Tower with Radar,43,19,22,0,84,0,0,64,0,64,43,19,86,0,148,42,0,42,190
03/12/2023,AVL,NC,ASO,ES,Combined TRACON& Tower with Radar,58,26,4,0,88,0,0,0,0,0,58,26,4,0,88,0,0,0,88
03/13/2023,AVL,NC,ASO,ES,Combined TRACON& Tower with Radar,52,22,23,2,99,0,0,13,0,13,52,22,36,2,112,0,0,0,112
03/14/2023,AVL,NC,ASO,ES,Combined TRACON& Tower with Radar,33,19,25,4,81,0,1,9,0,10,33,20,34,4,91,0,0,0,91
03/15/2023,AVL,NC,ASO,ES,Combined TRACON& Tower with Radar,42,19,19,2,82,0,4,57,2,63,42,23,76,4,145,37,0,37,182
03/16/2023,AVL,NC,ASO,ES,Combined TRACON& Tower with Radar,56,11,45,6,118,0,4,75,8,87,56,15,120,14,205,93,12,105,310
03/17/2023,AVL,NC,ASO,ES,Combined TRACON& Tower with Radar,54,12,22,0,88,0,0,0,0,0,54,12,22,0,88,0,0,0,88
03/18/2023,AVL,NC,ASO,ES,Combined TRACON& Tower with Radar,46,31,31,3,111,0,1,23,0,24,46,32,54,3,135,0,0,0,135
03/19/2023,AVL,NC,ASO,ES,Combined TRACON& Tower with Radar,60,32,41,1,134,0,0,42,0,42,60,32,83,1,176,6,0,6,182
03/20/2023,AVL,NC,ASO,ES,Combined TRACON& Tower with Radar,55,19,30,9,113,0,0,86,1,87,55,19,116,10,200,58,6,64,264
03/21/2023,AVL,NC,ASO,ES,Combined TRACON& Tower with Radar,35,15,35,2,87,0,7,49,2,58,35,22,84,4,145,150,0,150,295
03/22/2023,AVL,NC,ASO,ES,Combined TRACON& Tower with Radar,44,16,31,0,91,0,0,2,0,2,44,16,33,0,93,0,0,0,93
03/23/2023,AVL,NC,ASO,ES,Combined TRACON& Tower with Radar,59,28,39,3,129,0,4,52,1,57,59,32,91,4,186,62,0,62,248
03/24/2023,AVL,NC,ASO,ES,Combined TRACON& Tower with Radar,55,24,30,3,112,0,0,46,2,48,55,24,76,5,160,50,0,50,210
03/25/2023,AVL,NC,ASO,ES,Combined TRACON& Tower with Radar,47,17,15,0,79,0,0,4,0,4,47,17,19,0,83,0,0,0,83
03/26/2023,AVL,NC,ASO,ES,Combined TRACON& Tower with Radar,53,29,36,0,118,0,2,85,3,90,53,31,121,3,208,92,0,92,300
03/27/2023,AVL,NC,ASO,ES,Combined TRACON& Tower with Radar,54,15,36,2,107,0,0,30,0,30,54,15,66,2,137,90,0,90,227
03/28/2023,AVL,NC,ASO,ES,Combined TRACON& Tower with Radar,38,17,36,2,93,0,1,43,4,48,38,18,79,6,141,26,3,29,170
03/29/2023,AVL,NC,ASO,ES,Combined TRACON& Tower with Radar,42,27,43,6,118,0,34,68,2,104,42,61,111,8,222,62,0,62,284
03/30/2023,AVL,NC,ASO,ES,Combined TRACON& Tower with Radar,56,21,25,21,123,0,14,87,3,104,56,35,112,24,227,79,4,83,310
03/31/2023,AVL,NC,ASO,ES,Combined TRACON& Tower with Radar,55,21,30,10,116,0,5,8,2,15,55,26,38,12,131,44,0,44,175
04/01/2023,AVL,NC,ASO,ES,Combined TRACON& Tower with Radar,47,23,6,0,76,0,0,2,2,4,47,23,8,2,80,6,0,6,86
04/02/2023,AVL,NC,ASO,ES,Combined TRACON& Tower with Radar,58,20,40,14,132,0,1,92,2,95,58,21,132,16,227,64,0,64,291
04/03/2023,AVL,NC,ASO,ES,Combined TRACON& Tower with Radar,54,20,30,2,106,0,1,14,0,15,54,21,44,2,121,63,0,63,184
04/04/2023,AVL,NC,ASO,ES,Combined TRACON& Tower with Radar,36,20,32,7,95,0,5,64,1,70,36,25,96,8,165,72,0,72,237
04/05/2023,AVL,NC,ASO,ES,Combined TRACON& Tower with Radar,37,8,55,32,132,0,0,27,0,27,37,8,82,32,159,16,16,32,191
04/06/2023,AVL,NC,ASO,ES,Combined TRACON& Tower with Radar,46,30,56,16,148,0,1,47,1,49,46,31,103,17,197,85,6,91,288
04/07/2023,AVL,NC,ASO,ES,Combined TRACON& Tower with Radar,49,16,24,0,89,0,0,0,0,0,49,16,24,0,89,0,0,0,89
04/08/2023,AVL,NC,ASO,ES,Combined TRACON& Tower with Radar,42,18,9,0,69,0,0,2,1,3,42,18,11,1,72,0,0,0,72
04/09/2023,AVL,NC,ASO,ES,Combined TRACON& Tower with Radar,56,24,31,0,111,0,0,55,0,55,56,24,86,0,166,73,0,73,239
04/10/2023,AVL,NC,ASO,ES,Combined TRACON& Tower with Radar,50,27,57,1,135,0,7,61,0,68,50,34,118,1,203,101,0,101,304
04/11/2023,AVL,NC,ASO,ES,Combined TRACON& Tower with Radar,37,25,39,19,120,0,8,61,8,77,37,33,100,27,197,110,11,121,318
04/12/2023,AVL,NC,ASO,ES,Combined TRACON& Tower with Radar,37,25,38,1,101,0,17,110,3,130,37,42,148,4,231,70,0,70,301
04/13/2023,AVL,NC,ASO,ES,Combined TRACON& Tower with Radar,55,33,43,2,133,0,8,47,5,60,55,41,90,7,193,40,0,40,233
04/14/2023,AVL,NC,ASO,ES,Combined TRACON& Tower with Radar,50,21,40,0,111,0,0,2,0,2,50,21,42,0,113,2,0,2,115
04/15/2023,AVL,NC,ASO,ES,Combined TRACON& Tower with Radar,40,21,28,3,92,0,2,64,4,70,40,23,92,7,162,51,0,51,213
04/16/2023,AVL,NC,ASO,ES,Combined TRACON& Tower with Radar,54,34,29,3,120,0,0,10,2,12,54,34,39,5,132,78,0,78,210
04/17/2023,AVL,NC,ASO,ES,Combined TRACON& Tower with Radar,54,19,43,10,126,0,0,26,7,33,54,19,69,17,159,27,8,35,194
04/18/2023,AVL,NC,ASO,ES,Combined TRACON& Tower with Radar,35,25,35,8,103,0,4,25,3,32,35,29,60,11,135,23,0,23,158
04/19/2023,AVL,NC,ASO,ES,Combined TRACON& Tower with Radar,39,35,45,22,141,0,4,83,7,94,39,39,128,29,235,44,5,49,284
04/20/2023,AVL,NC,ASO,ES,Combined TRACON& Tower with Radar,57,26,63,4,150,0,4,87,12,103,57,30,150,16,253,54,12,66,319
04/21/2023,AVL,NC,ASO,ES,Combined TRACON& Tower with Radar,52,37,43,22,154,0,7,69,0,76,52,44,112,22,230,68,0,68,298
04/22/2023,AVL,NC,ASO,ES,Combined TRACON& Tower with Radar,44,22,21,1,88,0,0,17,1,18,44,22,38,2,106,0,0,0,106
04/23/2023,AVL,NC,ASO,ES,Combined TRACON& Tower with Radar,52,35,37,14,138,0,9,82,6,97,52,44,119,20,235,65,0,65,300
04/24/2023,AVL,NC,ASO,ES,Combined TRACON& Tower with Radar,52,17,32,2,103,0,3,64,8,75,52,20,96,10,178,98,0,98,276
04/25/2023,AVL,NC,ASO,ES,Combined TRACON& Tower with Radar,34,27,41,10,112,0,8,58,4,70,34,35,99,14,182,26,0,26,208
04/26/2023,AVL,NC,ASO,ES,Combined TRACON& Tower with Radar,37,32,43,15,127,0,0,3,2,5,37,32,46,17,132,2,0,2,134
04/27/2023,AVL,NC,ASO,ES,Combined TRACON& Tower with Radar,53,20,18,3,94,0,0,0,0,0,53,20,18,3,94,0,0,0,94
04/28/2023,AVL,NC,ASO,ES,Combined TRACON& Tower with Radar,54,35,41,16,146,0,0,9,4,13,54,35,50,20,159,30,0,30,189
04/29/2023,AVL,NC,ASO,ES,Combined TRACON& Tower with Radar,43,27,29,3,102,0,6,52,2,60,43,33,81,5,162,123,0,123,285
04/30/2023,AVL,NC,ASO,ES,Combined TRACON& Tower with Radar,52,43,41,0,136,0,0,10,0,10,52,43,51,0,146,18,0,18,164
05/01/2023,AVL,NC,ASO,ES,Combined TRACON& Tower with Radar,58,29,32,1,120,0,2,13,0,15,58,31,45,1,135,8,0,8,143
05/02/2023,AVL,NC,ASO,ES,Combined TRACON& Tower with Radar,34,26,37,2,99,0,0,9,2,11,34,26,46,4,110,0,0,0,110
05/03/2023,AVL,NC,ASO,ES,Combined TRACON& Tower with Radar,37,33,38,5,113,0,0,9,4,13,37,33,47,9,126,0,8,8,134
05/04/2023,AVL,NC,ASO,ES,Combined TRACON& Tower with Radar,56,42,58,25,181,0,1,69,3,73,56,43,127,28,254,78,12,90,344
05/05/2023,AVL,NC,ASO,ES,Combined TRACON& Tower with Radar,55,21,49,16,141,0,1,72,1,74,55,22,121,17,215,64,0,64,279
05/06/2023,AVL,NC,ASO,ES,Combined TRACON& Tower with Radar,38,24,40,3,105,0,2,53,0,55,38,26,93,3,160,82,0,82,242
05/07/2023,AVL,NC,ASO,ES,Combined TRACON& Tower with Radar,57,29,30,3,119,0,0,49,1,50,57,29,79,4,169,104,0,104,273
05/08/2023,AVL,NC,ASO,ES,Combined TRACON& Tower with Radar,57,30,24,15,126,0,0,21,1,22,57,30,45,16,148,81,3,84,232
05/09/2023,AVL,NC,ASO,ES,Combined TRACON& Tower with Radar,35,29,61,6,131,0,0,34,2,36,35,29,95,8,167,96,2,98,265
05/10/2023,AVL,NC,ASO,ES,Combined TRACON& Tower with Radar,41,20,51,1,113,0,0,71,1,72,41,20,122,2,185,138,0,138,323
05/11/2023,AVL,NC,ASO,ES,Combined TRACON& Tower with Radar,59,33,40,2,134,0,0,69,4,73,59,33,109,6,207,108,0,108,315
05/12/2023,AVL,NC,ASO,ES,Combined TRACON& Tower with Radar,55,37,60,8,160,0,0,3,2,5,55,37,63,10,165,63,2,65,230
05/13/2023,AVL,NC,ASO,ES,Combined TRACON& Tower with Radar,39,40,26,2,107,0,0,39,0,39,39,40,65,2,146,88,0,88,234
05/14/2023,AVL,NC,ASO,ES,Combined TRACON& Tower with Radar,56,47,49,10,162,0,0,34,2,36,56,47,83,12,198,0,0,0,198
05/15/2023,AVL,NC,ASO,ES,Combined TRACON& Tower with Radar,57,30,35,8,130,0,0,9,1,10,57,30,44,9,140,44,0,44,184
05/16/2023,AVL,NC,ASO,ES,Combined TRACON& Tower with Radar,39,26,46,0,111,0,1,33,2,36,39,27,79,2,147,85,0,85,232
05/17/2023,AVL,NC,ASO,ES,Combined TRACON& Tower with Radar,41,26,76,7,150,0,2,64,3,69,41,28,140,10,219,87,0,87,306
05/18/2023,AVL,NC,ASO,ES,Combined TRACON& Tower with Radar,57,33,54,4,148,0,0,12,1,13,57,33,66,5,161,102,4,106,267
05/19/2023,AVL,NC,ASO,ES,Combined TRACON& Tower with Radar,55,47,74,16,192,0,0,55,4,59,55,47,129,20,251,117,8,125,376
05/20/2023,AVL,NC,ASO,ES,Combined TRACON& Tower with Radar,37,37,30,0,104,0,0,6,0,6,37,37,36,0,110,108,0,108,218
05/21/2023,AVL,NC,ASO,ES,Combined TRACON& Tower with Radar,56,46,65,6,173,0,0,83,2,85,56,46,148,8,258,85,0,85,343
05/22/2023,AVL,NC,ASO,ES,Combined TRACON& Tower with Radar,57,40,43,1,141,0,1,61,4,66,57,41,104,5,207,103,0,103,310
05/23/2023,AVL,NC,ASO,ES,Combined TRACON& Tower with Radar,38,36,40,5,119,0,0,47,1,48,38,36,87,6,167,125,12,137,304
05/24/2023,AVL,NC,ASO,ES,Combined TRACON& Tower with Radar,43,32,61,16,152,0,4,74,3,81,43,36,135,19,233,114,0,114,347
05/25/2023,AVL,NC,ASO,ES,Combined TRACON& Tower with Radar,57,34,65,6,162,0,4,41,4,49,57,38,106,10,211,93,10,103,314
05/26/2023,AVL,NC,ASO,ES,Combined TRACON& Tower with Radar,60,42,52,4,158,0,0,66,0,66,60,42,118,4,224,84,0,84,308
05/27/2023,AVL,NC,ASO,ES,Combined TRACON& Tower with Radar,42,23,23,0,88,0,0,19,0,19,42,23,42,0,107,8,0,8,115
05/28/2023,AVL,NC,ASO,ES,Combined TRACON& Tower with Radar,52,20,21,2,95,0,0,3,0,3,52,20,24,2,98,0,0,0,98
05/29/2023,AVL,NC,ASO,ES,Combined TRACON& Tower with Radar,63,37,29,0,129,0,0,31,0,31,63,37,60,0,160,64,0,64,224
05/30/2023,AVL,NC,ASO,ES,Combined TRACON& Tower with Radar,41,27,37,11,116,0,0,21,1,22,41,27,58,12,138,88,0,88,226
05/31/2023,AVL,NC,ASO,ES,Combined TRACON& Tower with Radar,48,37,49,14,148,0,1,19,0,20,48,38,68,14,168,71,13,84,252
06/01/2023,AVL,NC,ASO,ES,Combined TRACON& Tower with Radar,62,36,73,20,191,0,2,61,8,71,62,38,134,28,262,44,24,68,330
06/02/2023,AVL,NC,ASO,ES,Combined TRACON& Tower with Radar,64,34,44,13,155,0,0,63,1,64,64,34,107,14,219,46,8,54,273
06/03/2023,AVL,NC,ASO,ES,Combined TRACON& Tower with Radar,71,41,48,24,184,0,1,105,2,108,71,42,153,26,292,43,6,49,341
06/04/2023,AVL,NC,ASO,ES,Combined TRACON& Tower with Radar,65,47,77,5,194,0,0,23,2,25,65,47,100,7,219,34,0,34,253
06/05/2023,AVL,NC,ASO,ES,Combined TRACON& Tower with Radar,68,31,77,3,179,0,0,30,1,31,68,31,107,4,210,75,4,79,289
06/06/2023,AVL,NC,ASO,ES,Combined TRACON& Tower with Radar,42,32,46,7,127,0,0,41,6,47,42,32,87,13,174,52,2,54,228
06/07/2023,AVL,NC,ASO,ES,Combined TRACON& Tower with Radar,54,26,52,21,153,0,1,45,5,51,54,27,97,26,204,24,3,27,231
06/08/2023,AVL,NC,ASO,ES,Combined TRACON& Tower with Radar,72,38,45,19,174,0,0,35,9,44,72,38,80,28,218,32,24,56,274
06/09/2023,AVL,NC,ASO,ES,Combined TRACON& Tower with Radar,71,38,57,8,174,0,0,60,2,62,71,38,117,10,236,27,0,27,263
06/10/2023,AVL,NC,ASO,ES,Combined TRACON& Tower with Radar,65,33,44,3,145,0,1,75,1,77,65,34,119,4,222,22,0,22,244
06/11/2023,AVL,NC,ASO,ES,Combined TRACON& Tower with Radar,71,57,61,0,189,0,0,14,0,14,71,57,75,0,203,0,0,0,203
06/12/2023,AVL,NC,ASO,ES,Combined TRACON& Tower with Radar,70,29,38,2,139,0,0,15,3,18,70,29,53,5,157,54,0,54,211
06/13/2023,AVL,NC,ASO,ES,Combined TRACON& Tower with Radar,46,25,25,9,105,0,1,52,9,62,46,26,77,18,167,60,0,60,227
06/14/2023,AVL,NC,ASO,ES,Combined TRACON& Tower with Radar,52,36,46,13,147,0,0,58,5,63,52,36,104,18,210,36,0,36,246
06/15/2023,AVL,NC,ASO,ES,Combined TRACON& Tower with Radar,73,40,48,2,163,0,0,57,3,60,73,40,105,5,223,22,0,22,245
06/16/2023,AVL,NC,ASO,ES,Combined TRACON& Tower with Radar,69,31,57,10,167,0,0,39,4,43,69,31,96,14,210,22,14,36,246
06/17/2023,AVL,NC,ASO,ES,Combined TRACON& Tower with Radar,65,31,52,1,149,0,0,68,2,70,65,31,120,3,219,48,0,48,267
06/18/2023,AVL,NC,ASO,ES,Combined TRACON& Tower with Radar,73,45,54,3,175,0,2,50,2,54,73,47,104,5,229,26,0,26,255
06/19/2023,AVL,NC,ASO,ES,Combined TRACON& Tower with Radar,66,22,38,0,126,0,0,0,0,0,66,22,38,0,126,6,0,6,132
06/20/2023,AVL,NC,ASO,ES,Combined TRACON& Tower with Radar,50,23,29,0,102,0,0,3,0,3,50,23,32,0,105,0,0,0,105
06/21/2023,AVL,NC,ASO,ES,Combined TRACON& Tower with Radar,55,42,52,0,149,0,0,0,0,0,55,42,52,0,149,0,0,0,149
06/22/2023,AVL,NC,ASO,ES,Combined TRACON& Tower with Radar,72,48,43,2,165,0,0,2,0,2,72,48,45,2,167,0,0,0,167
06/23/2023,AVL,NC,ASO,ES,Combined TRACON& Tower with Radar,68,38,113,9,228,0,0,29,1,30,68,38,142,10,258,12,0,12,270
06/24/2023,AVL,NC,ASO,ES,Combined TRACON& Tower with Radar,69,34,34,0,137,0,0,53,0,53,69,34,87,0,190,39,0,39,229
06/25/2023,AVL,NC,ASO,ES,Combined TRACON& Tower with Radar,68,42,79,9,198,0,0,61,0,61,68,42,140,9,259,12,2,14,273
06/26/2023,AVL,NC,ASO,ES,Combined TRACON& Tower with Radar,71,39,53,5,168,0,1,50,2,53,71,40,103,7,221,91,4,95,316
06/27/2023,AVL,NC,ASO,ES,Combined TRACON& Tower with Radar,40,28,67,20,155,0,0,39,2,41,40,28,106,22,196,70,0,70,266
06/28/2023,AVL,NC,ASO,ES,Combined TRACON& Tower with Radar,56,42,76,29,203,0,1,62,2,65,56,43,138,31,268,56,0,56,324
06/29/2023,AVL,NC,ASO,ES,Combined TRACON& Tower with Radar,76,32,73,27,208,0,0,38,1,39,76,32,111,28,247,67,0,67,314
06/30/2023,AVL,NC,ASO,ES,Combined TRACON& Tower with Radar,69,52,103,0,224,0,0,27,0,27,69,52,130,0,251,50,0,50,301
07/01/2023,AVL,NC,ASO,ES,Combined TRACON& Tower with Radar,71,44,62,0,177,0,2,53,0,55,71,46,115,0,232,16,0,16,248
07/02/2023,AVL,NC,ASO,ES,Combined TRACON& Tower with Radar,71,35,44,0,150,0,0,53,0,53,71,35,97,0,203,67,0,67,270
07/03/2023,AVL,NC,ASO,ES,Combined TRACON& Tower with Radar,60,38,40,0,138,0,0,24,0,24,60,38,64,0,162,46,0,46,208
07/04/2023,AVL,NC,ASO,ES,Combined TRACON& Tower with Radar,44,22,28,0,94,0,0,28,1,29,44,22,56,1,123,42,0,42,165
07/05/2023,AVL,NC,ASO,ES,Combined TRACON& Tower with Radar,57,30,62,2,151,0,0,30,0,30,57,30,92,2,181,52,0,52,233
07/06/2023,AVL,NC,ASO,ES,Combined TRACON& Tower with Radar,76,54,56,17,203,0,1,23,3,27,76,55,79,20,230,35,7,42,272
07/07/2023,AVL,NC,ASO,ES,Combined TRACON& Tower with Radar,70,56,52,6,184,0,1,48,0,49,70,57,100,6,233,37,0,37,270
07/08/2023,AVL,NC,ASO,ES,Combined TRACON& Tower with Radar,73,34,61,0,168,0,0,80,0,80,73,34,141,0,248,45,0,45,293
07/09/2023,AVL,NC,ASO,ES,Combined TRACON& Tower with Radar,70,45,62,1,178,0,0,29,1,30,70,45,91,2,208,54,0,54,262
07/10/2023,AVL,NC,ASO,ES,Combined TRACON& Tower with Radar,70,36,55,4,165,0,0,32,1,33,70,36,87,5,198,73,0,73,271
07/11/2023,AVL,NC,ASO,ES,Combined TRACON& Tower with Radar,54,28,46,21,149,0,5,52,1,58,54,33,98,22,207,56,6,62,269
07/12/2023,AVL,NC,ASO,ES,Combined TRACON& Tower with Radar,59,28,67,49,203,0,4,57,6,67,59,32,124,55,270,57,16,73,343
07/13/2023,AVL,NC,ASO,ES,Combined TRACON& Tower with Radar,79,36,42,15,172,0,0,30,5,35,79,36,72,20,207,38,16,54,261
07/14/2023,AVL,NC,ASO,ES,Combined TRACON& Tower with Radar,71,45,67,13,196,0,0,25,3,28,71,45,92,16,224,26,0,26,250
07/15/2023,AVL,NC,ASO,ES,Combined TRACON& Tower with Radar,74,41,39,2,156,0,2,14,1,17,74,43,53,3,173,26,10,36,209
07/16/2023,AVL,NC,ASO,ES,Combined TRACON& Tower with Radar,70,48,67,4,189,0,0,42,4,46,70,48,109,8,235,48,0,48,283
07/17/2023,AVL,NC,ASO,ES,Combined TRACON& Tower with Radar,74,25,70,13,182,0,0,21,1,22,74,25,91,14,204,66,4,70,274
07/18/2023,AVL,NC,ASO,ES,Combined TRACON& Tower with Radar,54,24,64,5,147,0,0,21,1,22,54,24,85,6,169,72,0,72,241
07/19/2023,AVL,NC,ASO,ES,Combined TRACON& Tower with Radar,60,36,60,5,161,0,0,21,0,21,60,36,81,5,182,78,0,78,260
07/20/2023,AVL,NC,ASO,ES,Combined TRACON& Tower with Radar,80,47,47,0,174,0,0,3,0,3,80,47,50,0,177,0,0,0,177
07/21/2023,AVL,NC,ASO,ES,Combined TRACON& Tower with Radar,68,59,98,3,228,0,4,55,0,59,68,63,153,3,287,13,0,13,300
07/22/2023,AVL,NC,ASO,ES,Combined TRACON& Tower with Radar,75,30,57,1,163,0,0,44,1,45,75,30,101,2,208,59,4,63,271
07/23/2023,AVL,NC,ASO,ES,Combined TRACON& Tower with Radar,76,43,64,2,185,0,0,51,2,53,76,43,115,4,238,48,0,48,286
07/24/2023,AVL,NC,ASO,ES,Combined TRACON& Tower with Radar,78,22,73,17,190,0,1,30,0,31,78,23,103,17,221,88,0,88,309
07/25/2023,AVL,NC,ASO,ES,Combined TRACON& Tower with Radar,50,20,68,11,149,0,0,32,1,33,50,20,100,12,182,118,0,118,300
07/26/2023,AVL,NC,ASO,ES,Combined TRACON& Tower with Radar,59,28,98,34,219,0,0,39,5,44,59,28,137,39,263,88,10,98,361
07/27/2023,AVL,NC,ASO,ES,Combined TRACON& Tower with Radar,78,47,91,12,228,0,0,24,6,30,78,47,115,18,258,50,12,62,320
07/28/2023,AVL,NC,ASO,ES,Combined TRACON& Tower with Radar,73,39,82,22,216,0,0,15,2,17,73,39,97,24,233,48,12,60,293
07/29/2023,AVL,NC,ASO,ES,Combined TRACON& Tower with Radar,79,34,60,4,177,0,2,29,1,32,79,36,89,5,209,34,0,34,243
07/30/2023,AVL,NC,ASO,ES,Combined TRACON& Tower with Radar,79,31,93,4,207,0,0,18,1,19,79,31,111,5,226,20,0,20,246
07/31/2023,AVL,NC,ASO,ES,Combined TRACON& Tower with Radar,77,32,88,4,201,0,2,20,0,22,77,34,108,4,223,40,0,40,263
08/01/2023,AVL,NC,ASO,ES,Combined TRACON& Tower with Radar,53,28,75,12,168,0,1,33,2,36,53,29,108,14,204,50,6,56,260
08/02/2023,AVL,NC,ASO,ES,Combined TRACON& Tower with Radar,54,28,71,12,165,0,0,18,2,20,54,28,89,14,185,78,0,78,263
08/03/2023,AVL,NC,ASO,ES,Combined TRACON& Tower with Radar,81,51,45,0,177,0,0,0,0,0,81,51,45,0,177,2,0,2,179
08/04/2023,AVL,NC,ASO,ES,Combined TRACON& Tower with Radar,71,46,81,8,206,0,0,15,4,19,71,46,96,12,225,10,0,10,235
08/05/2023,AVL,NC,ASO,ES,Combined TRACON& Tower with Radar,69,26,88,0,183,0,0,46,1,47,69,26,134,1,230,10,0,10,240
08/06/2023,AVL,NC,ASO,ES,Combined TRACON& Tower with Radar,67,52,74,1,194,0,0,14,2,16,67,52,88,3,210,6,0,6,216
08/07/2023,AVL,NC,ASO,ES,Combined TRACON& Tower with Radar,58,28,44,2,132,0,0,15,1,16,58,28,59,3,148,23,0,23,171
08/08/2023,AVL,NC,ASO,ES,Combined TRACON& Tower with Radar,51,20,84,12,167,0,0,37,5,42,51,20,121,17,209,66,14,80,289
08/09/2023,AVL,NC,ASO,ES,Combined TRACON& Tower with Radar,54,34,96,11,195,0,0,40,5,45,54,34,136,16,240,73,8,81,321
08/10/2023,AVL,NC,ASO,ES,Combined TRACON& Tower with Radar,75,37,65,0,177,0,0,12,0,12,75,37,77,0,189,22,0,22,211
08/11/2023,AVL,NC,ASO,ES,Combined TRACON& Tower with Radar,71,50,87,10,218,0,1,14,0,15,71,51,101,10,233,45,3,48,281
08/12/2023,AVL,NC,ASO,ES,Combined TRACON& Tower with Radar,67,19,67,0,153,0,0,31,0,31,67,19,98,0,184,20,0,20,204
08/13/2023,AVL,NC,ASO,ES,Combined TRACON& Tower with Radar,73,56,92,2,223,0,0,45,2,47,73,56,137,4,270,24,0,24,294
08/14/2023,AVL,NC,ASO,ES,Combined TRACON& Tower with Radar,71,31,70,2,174,0,0,24,2,26,71,31,94,4,200,38,0,38,238
08/15/2023,AVL,NC,ASO,ES,Combined TRACON& Tower with Radar,54,31,46,10,141,0,0,16,4,20,54,31,62,14,161,82,10,92,253
08/16/2023,AVL,NC,ASO,ES,Combined TRACON& Tower with Radar,61,36,84,18,199,0,2,33,5,40,61,38,117,23,239,86,10,96,335
08/17/2023,AVL,NC,ASO,ES,Combined TRACON& Tower with Radar,77,36,78,5,196,0,0,34,1,35,77,36,112,6,231,55,0,55,286
08/18/2023,AVL,NC,ASO,ES,Combined TRACON& Tower with Radar,76,40,64,26,206,0,0,22,4,26,76,40,86,30,232,38,10,48,280
08/19/2023,AVL,NC,ASO,ES,Combined TRACON& Tower with Radar,58,24,69,0,151,0,2,45,0,47,58,26,114,0,198,50,0,50,248
08/20/2023,AVL,NC,ASO,ES,Combined TRACON& Tower with Radar,77,36,90,1,204,0,0,41,3,44,77,36,131,4,248,28,0,28,276
08/21/2023,AVL,NC,ASO,ES,Combined TRACON& Tower with Radar,76,36,56,11,179,0,0,28,1,29,76,36,84,12,208,28,0,28,236
08/22/2023,AVL,NC,ASO,ES,Combined TRACON& Tower with Radar,52,34,61,12,159,0,1,20,0,21,52,35,81,12,180,10,0,10,190
08/23/2023,AVL,NC,ASO,ES,Combined TRACON& Tower with Radar,61,29,69,8,167,0,0,24,1,25,61,29,93,9,192,58,0,58,250
08/24/2023,AVL,NC,ASO,ES,Combined TRACON& Tower with Radar,79,37,61,24,201,0,0,27,0,27,79,37,88,24,228,44,4,48,276
08/25/2023,AVL,NC,ASO,ES,Combined TRACON& Tower with Radar,75,37,84,16,212,0,0,28,0,28,75,37,112,16,240,28,9,37,277
08/26/2023,AVL,NC,ASO,ES,Combined TRACON& Tower with Radar,60,24,66,0,150,0,0,57,3,60,60,24,123,3,210,21,0,21,231
08/27/2023,AVL,NC,ASO,ES,Combined TRACON& Tower with Radar,74,30,62,1,167,0,2,22,0,24,74,32,84,1,191,18,0,18,209
08/28/2023,AVL,NC,ASO,ES,Combined TRACON& Tower with Radar,73,27,30,6,136,0,1,1,0,2,73,28,31,6,138,0,0,0,138
08/29/2023,AVL,NC,ASO,ES,Combined TRACON& Tower with Radar,49,27,34,2,112,0,0,2,0,2,49,27,36,2,114,0,0,0,114
08/30/2023,AVL,NC,ASO,ES,Combined TRACON& Tower with Radar,50,32,20,3,105,0,0,4,0,4,50,32,24,3,109,6,0,6,115
08/31/2023,AVL,NC,ASO,ES,Combined TRACON& Tower with Radar,76,25,82,5,188,0,0,42,2,44,76,25,124,7,232,34,0,34,266
