01/01/2020,AVP,PA,AEA,EN,Combined TRACON& Tower with Radar,10,21,6,0,37,0,16,34,0,50,10,37,40,0,87,168,0,168,255
01/02/2020,AVP,PA,AEA,EN,Combined TRACON& Tower with Radar,10,26,13,1,50,0,24,58,1,83,10,50,71,2,133,213,3,216,349
01/03/2020,AVP,PA,AEA,EN,Combined TRACON& Tower with Radar,10,21,3,0,34,0,27,33,0,60,10,48,36,0,94,162,0,162,256
01/04/2020,AVP,PA,AEA,EN,Combined TRACON& Tower with Radar,9,29,3,0,41,0,1,0,0,1,9,30,3,0,42,0,0,0,42
01/05/2020,AVP,PA,AEA,EN,Combined TRACON& Tower with Radar,8,27,4,0,39,0,2,17,0,19,8,29,21,0,58,51,2,53,111
01/06/2020,AVP,PA,AEA,EN,Combined TRACON& Tower with Radar,9,26,9,0,44,0,9,13,0,22,9,35,22,0,66,20,0,20,86
01/07/2020,AVP,PA,AEA,EN,Combined TRACON& Tower with Radar,9,25,16,0,50,0,35,37,0,72,9,60,53,0,122,146,0,146,268
01/08/2020,AVP,PA,AEA,EN,Combined TRACON& Tower with Radar,9,30,6,0,45,0,22,32,0,54,9,52,38,0,99,214,0,214,313
01/09/2020,AVP,PA,AEA,EN,Combined TRACON& Tower with Radar,10,30,23,1,64,0,26,54,1,81,10,56,77,2,145,200,0,200,345
01/10/2020,AVP,PA,AEA,EN,Combined TRACON& Tower with Radar,10,34,6,0,50,0,22,33,0,55,10,56,39,0,105,204,0,204,309
01/11/2020,AVP,PA,AEA,EN,Combined TRACON& Tower with Radar,9,14,2,0,25,0,5,4,0,9,9,19,6,0,34,68,0,68,102
01/12/2020,AVP,PA,AEA,EN,Combined TRACON& Tower with Radar,9,25,2,0,36,0,16,4,0,20,9,41,6,0,56,76,0,76,132
01/13/2020,AVP,PA,AEA,EN,Combined TRACON& Tower with Radar,10,27,7,0,44,0,0,10,0,10,10,27,17,0,54,41,0,41,95
01/14/2020,AVP,PA,AEA,EN,Combined TRACON& Tower with Radar,9,25,14,0,48,0,2,9,0,11,9,27,23,0,59,31,0,31,90
01/15/2020,AVP,PA,AEA,EN,Combined TRACON& Tower with Radar,12,30,14,0,56,0,4,32,0,36,12,34,46,0,92,14,0,14,106
01/16/2020,AVP,PA,AEA,EN,Combined TRACON& Tower with Radar,9,24,4,0,37,0,0,0,0,0,9,24,4,0,37,0,0,0,37
01/17/2020,AVP,PA,AEA,EN,Combined TRACON& Tower with Radar,12,24,5,0,41,0,4,9,0,13,12,28,14,0,54,0,0,0,54
01/18/2020,AVP,PA,AEA,EN,Combined TRACON& Tower with Radar,8,16,3,0,27,0,0,6,0,6,8,16,9,0,33,42,0,42,75
01/19/2020,AVP,PA,AEA,EN,Combined TRACON& Tower with Radar,9,25,8,0,42,0,2,8,0,10,9,27,16,0,52,24,0,24,76
01/20/2020,AVP,PA,AEA,EN,Combined TRACON& Tower with Radar,9,25,11,0,45,0,2,21,0,23,9,27,32,0,68,82,0,82,150
01/21/2020,AVP,PA,AEA,EN,Combined TRACON& Tower with Radar,9,29,15,1,54,0,3,21,1,25,9,32,36,2,79,19,0,19,98
01/22/2020,AVP,PA,AEA,EN,Combined TRACON& Tower with Radar,9,30,5,2,46,0,2,29,0,31,9,32,34,2,77,14,0,14,91
01/23/2020,AVP,PA,AEA,EN,Combined TRACON& Tower with Radar,11,27,9,0,47,0,11,30,2,43,11,38,39,2,90,80,0,80,170
01/24/2020,AVP,PA,AEA,EN,Combined TRACON& Tower with Radar,9,30,11,0,50,0,3,46,0,49,9,33,57,0,99,88,0,88,187
01/25/2020,AVP,PA,AEA,EN,Combined TRACON& Tower with Radar,9,20,2,0,31,0,3,3,0,6,9,23,5,0,37,70,0,70,107
01/26/2020,AVP,PA,AEA,EN,Combined TRACON& Tower with Radar,9,24,2,0,35,0,1,8,0,9,9,25,10,0,44,17,0,17,61
01/27/2020,AVP,PA,AEA,EN,Combined TRACON& Tower with Radar,15,26,5,0,46,0,4,11,0,15,15,30,16,0,61,24,0,24,85
01/28/2020,AVP,PA,AEA,EN,Combined TRACON& Tower with Radar,10,28,8,0,46,0,3,0,0,3,10,31,8,0,49,0,0,0,49
01/29/2020,AVP,PA,AEA,EN,Combined TRACON& Tower with Radar,13,26,3,0,42,0,3,16,0,19,13,29,19,0,61,17,1,18,79
01/30/2020,AVP,PA,AEA,EN,Combined TRACON& Tower with Radar,10,33,16,1,60,0,5,57,1,63,10,38,73,2,123,114,0,114,237
01/31/2020,AVP,PA,AEA,EN,Combined TRACON& Tower with Radar,10,32,13,0,55,0,2,24,0,26,10,34,37,0,81,10,0,10,91
02/01/2020,AVP,PA,AEA,EN,Combined TRACON& Tower with Radar,11,18,1,0,30,0,2,18,0,20,11,20,19,0,50,92,0,92,142
02/02/2020,AVP,PA,AEA,EN,Combined TRACON& Tower with Radar,9,25,2,0,36,0,0,6,0,6,9,25,8,0,42,30,0,30,72
02/03/2020,AVP,PA,AEA,EN,Combined TRACON& Tower with Radar,14,27,14,1,56,0,11,34,0,45,14,38,48,1,101,82,0,82,183
02/04/2020,AVP,PA,AEA,EN,Combined TRACON& Tower with Radar,9,28,11,0,48,0,12,13,0,25,9,40,24,0,73,40,0,40,113
02/05/2020,AVP,PA,AEA,EN,Combined TRACON& Tower with Radar,9,28,9,0,46,0,7,10,1,18,9,35,19,1,64,0,0,0,64
02/06/2020,AVP,PA,AEA,EN,Combined TRACON& Tower with Radar,6,24,12,0,42,0,0,0,0,0,6,24,12,0,42,0,0,0,42
02/07/2020,AVP,PA,AEA,EN,Combined TRACON& Tower with Radar,8,40,2,0,50,0,0,8,0,8,8,40,10,0,58,38,0,38,96
02/08/2020,AVP,PA,AEA,EN,Combined TRACON& Tower with Radar,7,22,5,0,34,0,5,10,0,15,7,27,15,0,49,58,0,58,107
02/09/2020,AVP,PA,AEA,EN,Combined TRACON& Tower with Radar,9,25,10,0,44,0,2,12,0,14,9,27,22,0,58,22,0,22,80
02/10/2020,AVP,PA,AEA,EN,Combined TRACON& Tower with Radar,11,28,10,0,49,0,2,6,0,8,11,30,16,0,57,36,0,36,93
02/11/2020,AVP,PA,AEA,EN,Combined TRACON& Tower with Radar,8,29,13,0,50,0,0,0,0,0,8,29,13,0,50,0,0,0,50
02/12/2020,AVP,PA,AEA,EN,Combined TRACON& Tower with Radar,9,30,6,1,46,0,4,27,2,33,9,34,33,3,79,0,0,0,79
02/13/2020,AVP,PA,AEA,EN,Combined TRACON& Tower with Radar,10,34,1,0,45,0,8,0,0,8,10,42,1,0,53,0,0,0,53
02/14/2020,AVP,PA,AEA,EN,Combined TRACON& Tower with Radar,10,29,14,4,57,0,4,2,0,6,10,33,16,4,63,0,0,0,63
02/15/2020,AVP,PA,AEA,EN,Combined TRACON& Tower with Radar,7,21,17,0,45,0,4,30,0,34,7,25,47,0,79,0,0,0,79
02/16/2020,AVP,PA,AEA,EN,Combined TRACON& Tower with Radar,9,26,10,0,45,0,3,27,0,30,9,29,37,0,75,0,0,0,75
02/17/2020,AVP,PA,AEA,EN,Combined TRACON& Tower with Radar,10,25,16,0,51,0,14,23,0,37,10,39,39,0,88,80,0,80,168
02/18/2020,AVP,PA,AEA,EN,Combined TRACON& Tower with Radar,8,31,6,0,45,0,2,0,0,2,8,33,6,0,47,0,0,0,47
02/19/2020,AVP,PA,AEA,EN,Combined TRACON& Tower with Radar,14,25,10,0,49,0,12,17,0,29,14,37,27,0,78,92,0,92,170
02/20/2020,AVP,PA,AEA,EN,Combined TRACON& Tower with Radar,12,28,14,0,54,0,11,36,0,47,12,39,50,0,101,81,0,81,182
02/21/2020,AVP,PA,AEA,EN,Combined TRACON& Tower with Radar,10,31,7,1,49,0,9,31,1,41,10,40,38,2,90,73,0,73,163
02/22/2020,AVP,PA,AEA,EN,Combined TRACON& Tower with Radar,7,19,4,8,38,0,6,21,5,32,7,25,25,13,70,36,23,59,129
02/23/2020,AVP,PA,AEA,EN,Combined TRACON& Tower with Radar,9,26,8,0,43,0,4,41,0,45,9,30,49,0,88,130,6,136,224
02/24/2020,AVP,PA,AEA,EN,Combined TRACON& Tower with Radar,10,34,14,0,58,0,0,25,0,25,10,34,39,0,83,4,0,4,87
02/25/2020,AVP,PA,AEA,EN,Combined TRACON& Tower with Radar,12,33,4,0,49,0,3,7,0,10,12,36,11,0,59,16,0,16,75
02/26/2020,AVP,PA,AEA,EN,Combined TRACON& Tower with Radar,14,22,15,0,51,0,5,3,0,8,14,27,18,0,59,68,0,68,127
02/27/2020,AVP,PA,AEA,EN,Combined TRACON& Tower with Radar,12,29,7,0,48,0,2,2,0,4,12,31,9,0,52,0,0,0,52
02/28/2020,AVP,PA,AEA,EN,Combined TRACON& Tower with Radar,10,38,11,0,59,0,8,12,0,20,10,46,23,0,79,8,0,8,87
02/29/2020,AVP,PA,AEA,EN,Combined TRACON& Tower with Radar,7,19,7,0,33,0,0,24,0,24,7,19,31,0,57,120,10,130,187
03/01/2020,AVP,PA,AEA,EN,Combined TRACON& Tower with Radar,9,24,6,0,39,0,4,13,0,17,9,28,19,0,56,81,0,81,137
03/02/2020,AVP,PA,AEA,EN,Combined TRACON& Tower with Radar,10,28,12,0,50,0,5,8,2,15,10,33,20,2,65,11,0,11,76
03/03/2020,AVP,PA,AEA,EN,Combined TRACON& Tower with Radar,8,33,16,3,60,0,1,0,1,2,8,34,16,4,62,0,0,0,62
03/04/2020,AVP,PA,AEA,EN,Combined TRACON& Tower with Radar,10,28,10,2,50,0,3,23,0,26,10,31,33,2,76,76,0,76,152
03/05/2020,AVP,PA,AEA,EN,Combined TRACON& Tower with Radar,11,31,26,6,74,0,8,35,0,43,11,39,61,6,117,74,0,74,191
03/06/2020,AVP,PA,AEA,EN,Combined TRACON& Tower with Radar,10,34,7,2,53,0,0,3,0,3,10,34,10,2,56,0,0,0,56
03/07/2020,AVP,PA,AEA,EN,Combined TRACON& Tower with Radar,8,27,5,0,40,0,5,5,0,10,8,32,10,0,50,0,0,0,50
03/08/2020,AVP,PA,AEA,EN,Combined TRACON& Tower with Radar,10,24,13,0,47,0,1,52,0,53,10,25,65,0,100,112,4,116,216
03/09/2020,AVP,PA,AEA,EN,Combined TRACON& Tower with Radar,10,30,12,0,52,0,3,31,0,34,10,33,43,0,86,57,0,57,143
03/10/2020,AVP,PA,AEA,EN,Combined TRACON& Tower with Radar,8,30,7,3,48,0,2,2,3,7,8,32,9,6,55,0,0,0,55
03/11/2020,AVP,PA,AEA,EN,Combined TRACON& Tower with Radar,11,31,10,0,52,0,2,16,1,19,11,33,26,1,71,27,0,27,98
03/12/2020,AVP,PA,AEA,EN,Combined TRACON& Tower with Radar,11,30,14,0,55,0,4,7,0,11,11,34,21,0,66,17,0,17,83
03/13/2020,AVP,PA,AEA,EN,Combined TRACON& Tower with Radar,10,43,6,0,59,0,4,2,0,6,10,47,8,0,65,0,0,0,65
03/14/2020,AVP,PA,AEA,EN,Combined TRACON& Tower with Radar,10,22,12,0,44,0,7,15,0,22,10,29,27,0,66,24,0,24,90
03/15/2020,AVP,PA,AEA,EN,Combined TRACON& Tower with Radar,9,24,6,0,39,0,9,33,0,42,9,33,39,0,81,80,0,80,161
03/16/2020,AVP,PA,AEA,EN,Combined TRACON& Tower with Radar,14,26,11,0,51,0,7,18,1,26,14,33,29,1,77,79,0,79,156
03/17/2020,AVP,PA,AEA,EN,Combined TRACON& Tower with Radar,9,31,1,0,41,0,5,1,0,6,9,36,2,0,47,0,0,0,47
03/18/2020,AVP,PA,AEA,EN,Combined TRACON& Tower with Radar,10,27,5,2,44,0,3,21,0,24,10,30,26,2,68,14,0,14,82
03/19/2020,AVP,PA,AEA,EN,Combined TRACON& Tower with Radar,9,30,4,0,43,0,7,5,0,12,9,37,9,0,55,68,0,68,123
03/20/2020,AVP,PA,AEA,EN,Combined TRACON& Tower with Radar,8,28,8,0,44,0,1,1,0,2,8,29,9,0,46,0,0,0,46
03/21/2020,AVP,PA,AEA,EN,Combined TRACON& Tower with Radar,7,20,5,0,32,0,3,9,0,12,7,23,14,0,44,0,0,0,44
03/22/2020,AVP,PA,AEA,EN,Combined TRACON& Tower with Radar,7,17,12,0,36,0,2,23,0,25,7,19,35,0,61,22,0,22,83
03/23/2020,AVP,PA,AEA,EN,Combined TRACON& Tower with Radar,7,20,0,0,27,0,0,0,0,0,7,20,0,0,27,0,0,0,27
03/24/2020,AVP,PA,AEA,EN,Combined TRACON& Tower with Radar,4,26,2,0,32,0,0,2,0,2,4,26,4,0,34,0,0,0,34
03/25/2020,AVP,PA,AEA,EN,Combined TRACON& Tower with Radar,2,20,3,2,27,0,2,12,0,14,2,22,15,2,41,72,4,76,117
03/26/2020,AVP,PA,AEA,EN,Combined TRACON& Tower with Radar,3,31,5,0,39,0,2,15,2,19,3,33,20,2,58,20,0,20,78
03/27/2020,AVP,PA,AEA,EN,Combined TRACON& Tower with Radar,3,23,5,4,35,0,5,14,0,19,3,28,19,4,54,35,0,35,89
03/28/2020,AVP,PA,AEA,EN,Combined TRACON& Tower with Radar,3,10,11,0,24,0,0,0,0,0,3,10,11,0,24,0,0,0,24
03/29/2020,AVP,PA,AEA,EN,Combined TRACON& Tower with Radar,6,20,4,0,30,0,0,0,0,0,6,20,4,0,30,0,0,0,30
03/30/2020,AVP,PA,AEA,EN,Combined TRACON& Tower with Radar,3,18,6,0,27,0,2,4,0,6,3,20,10,0,33,0,0,0,33
03/31/2020,AVP,PA,AEA,EN,Combined TRACON& Tower with Radar,5,20,0,2,27,0,2,0,0,2,5,22,0,2,29,0,0,0,29
04/01/2020,AVP,PA,AEA,EN,Combined TRACON& Tower with Radar,4,21,6,0,31,0,2,3,0,5,4,23,9,0,36,0,0,0,36
04/02/2020,AVP,PA,AEA,EN,Combined TRACON& Tower with Radar,4,18,5,0,27,0,4,0,0,4,4,22,5,0,31,10,0,10,41
04/03/2020,AVP,PA,AEA,EN,Combined TRACON& Tower with Radar,4,15,0,6,25,0,0,0,0,0,4,15,0,6,25,0,0,0,25
04/04/2020,AVP,PA,AEA,EN,Combined TRACON& Tower with Radar,4,14,2,0,20,0,1,0,0,1,4,15,2,0,21,0,0,0,21
04/05/2020,AVP,PA,AEA,EN,Combined TRACON& Tower with Radar,6,10,5,0,21,0,0,8,0,8,6,10,13,0,29,0,0,0,29
04/06/2020,AVP,PA,AEA,EN,Combined TRACON& Tower with Radar,4,11,7,0,22,0,0,16,0,16,4,11,23,0,38,0,0,0,38
04/07/2020,AVP,PA,AEA,EN,Combined TRACON& Tower with Radar,3,20,1,0,24,0,8,12,0,20,3,28,13,0,44,2,0,2,46
04/08/2020,AVP,PA,AEA,EN,Combined TRACON& Tower with Radar,5,15,8,0,28,0,5,8,0,13,5,20,16,0,41,19,0,19,60
04/09/2020,AVP,PA,AEA,EN,Combined TRACON& Tower with Radar,4,15,0,0,19,0,0,0,0,0,4,15,0,0,19,0,0,0,19
04/10/2020,AVP,PA,AEA,EN,Combined TRACON& Tower with Radar,4,13,2,0,19,0,0,0,0,0,4,13,2,0,19,0,0,0,19
04/11/2020,AVP,PA,AEA,EN,Combined TRACON& Tower with Radar,4,11,7,0,22,0,3,7,0,10,4,14,14,0,32,0,0,0,32
04/12/2020,AVP,PA,AEA,EN,Combined TRACON& Tower with Radar,4,8,6,0,18,0,3,12,0,15,4,11,18,0,33,72,0,72,105
04/13/2020,AVP,PA,AEA,EN,Combined TRACON& Tower with Radar,4,13,0,0,17,0,0,0,0,0,4,13,0,0,17,0,0,0,17
04/14/2020,AVP,PA,AEA,EN,Combined TRACON& Tower with Radar,3,14,1,2,20,0,6,4,0,10,3,20,5,2,30,0,0,0,30
04/15/2020,AVP,PA,AEA,EN,Combined TRACON& Tower with Radar,5,12,1,2,20,0,3,16,0,19,5,15,17,2,39,13,0,13,52
04/16/2020,AVP,PA,AEA,EN,Combined TRACON& Tower with Radar,4,10,1,0,15,0,1,10,0,11,4,11,11,0,26,1,0,1,27
04/17/2020,AVP,PA,AEA,EN,Combined TRACON& Tower with Radar,4,11,7,0,22,0,1,16,0,17,4,12,23,0,39,40,4,44,83
04/18/2020,AVP,PA,AEA,EN,Combined TRACON& Tower with Radar,4,9,0,0,13,0,0,9,0,9,4,9,9,0,22,62,2,64,86
04/19/2020,AVP,PA,AEA,EN,Combined TRACON& Tower with Radar,3,8,4,0,15,0,6,15,0,21,3,14,19,0,36,2,0,2,38
04/20/2020,AVP,PA,AEA,EN,Combined TRACON& Tower with Radar,3,10,3,0,16,0,4,22,2,28,3,14,25,2,44,30,0,30,74
04/21/2020,AVP,PA,AEA,EN,Combined TRACON& Tower with Radar,4,10,3,0,17,0,0,1,0,1,4,10,4,0,18,0,0,0,18
04/22/2020,AVP,PA,AEA,EN,Combined TRACON& Tower with Radar,4,10,3,0,17,0,0,4,0,4,4,10,7,0,21,2,0,2,23
04/23/2020,AVP,PA,AEA,EN,Combined TRACON& Tower with Radar,4,13,3,0,20,0,7,8,0,15,4,20,11,0,35,0,0,0,35
04/24/2020,AVP,PA,AEA,EN,Combined TRACON& Tower with Radar,4,13,2,0,19,0,2,0,0,2,4,15,2,0,21,0,0,0,21
04/25/2020,AVP,PA,AEA,EN,Combined TRACON& Tower with Radar,3,10,13,0,26,0,3,8,0,11,3,13,21,0,37,0,0,0,37
04/26/2020,AVP,PA,AEA,EN,Combined TRACON& Tower with Radar,5,6,0,0,11,0,0,0,0,0,5,6,0,0,11,0,0,0,11
04/27/2020,AVP,PA,AEA,EN,Combined TRACON& Tower with Radar,4,5,0,0,9,0,0,0,0,0,4,5,0,0,9,0,0,0,9
04/28/2020,AVP,PA,AEA,EN,Combined TRACON& Tower with Radar,4,11,5,2,22,0,2,28,0,30,4,13,33,2,52,0,0,0,52
04/29/2020,AVP,PA,AEA,EN,Combined TRACON& Tower with Radar,4,14,4,4,26,0,2,4,0,6,4,16,8,4,32,0,0,0,32
04/30/2020,AVP,PA,AEA,EN,Combined TRACON& Tower with Radar,4,12,3,0,19,0,0,0,0,0,4,12,3,0,19,0,0,0,19
05/01/2020,AVP,PA,AEA,EN,Combined TRACON& Tower with Radar,4,17,5,0,26,0,2,2,0,4,4,19,7,0,30,0,0,0,30
05/02/2020,AVP,PA,AEA,EN,Combined TRACON& Tower with Radar,4,11,12,0,27,0,0,38,0,38,4,11,50,0,65,88,2,90,155
05/03/2020,AVP,PA,AEA,EN,Combined TRACON& Tower with Radar,5,9,5,0,19,0,2,19,0,21,5,11,24,0,40,0,0,0,40
05/04/2020,AVP,PA,AEA,EN,Combined TRACON& Tower with Radar,4,14,5,0,23,0,2,5,0,7,4,16,10,0,30,0,0,0,30
05/05/2020,AVP,PA,AEA,EN,Combined TRACON& Tower with Radar,4,8,7,1,20,0,2,29,2,33,4,10,36,3,53,0,2,2,55
05/06/2020,AVP,PA,AEA,EN,Combined TRACON& Tower with Radar,2,10,4,0,16,0,1,7,0,8,2,11,11,0,24,36,0,36,60
05/07/2020,AVP,PA,AEA,EN,Combined TRACON& Tower with Radar,5,9,9,0,23,0,2,9,0,11,5,11,18,0,34,1,0,1,35
05/08/2020,AVP,PA,AEA,EN,Combined TRACON& Tower with Radar,4,11,0,0,15,0,0,4,0,4,4,11,4,0,19,0,0,0,19
05/09/2020,AVP,PA,AEA,EN,Combined TRACON& Tower with Radar,4,7,2,0,13,0,2,0,0,2,4,9,2,0,15,0,0,0,15
05/10/2020,AVP,PA,AEA,EN,Combined TRACON& Tower with Radar,4,7,3,0,14,0,0,4,0,4,4,7,7,0,18,16,0,16,34
05/11/2020,AVP,PA,AEA,EN,Combined TRACON& Tower with Radar,4,5,0,2,11,0,4,3,0,7,4,9,3,2,18,0,0,0,18
05/12/2020,AVP,PA,AEA,EN,Combined TRACON& Tower with Radar,4,13,3,0,20,0,1,8,3,12,4,14,11,3,32,6,0,6,38
05/13/2020,AVP,PA,AEA,EN,Combined TRACON& Tower with Radar,4,15,13,0,32,0,2,29,0,31,4,17,42,0,63,10,0,10,73
05/14/2020,AVP,PA,AEA,EN,Combined TRACON& Tower with Radar,4,13,5,0,22,0,2,21,0,23,4,15,26,0,45,24,0,24,69
05/15/2020,AVP,PA,AEA,EN,Combined TRACON& Tower with Radar,4,12,7,2,25,0,3,5,0,8,4,15,12,2,33,41,0,41,74
05/16/2020,AVP,PA,AEA,EN,Combined TRACON& Tower with Radar,4,9,6,0,19,0,7,19,0,26,4,16,25,0,45,54,0,54,99
05/17/2020,AVP,PA,AEA,EN,Combined TRACON& Tower with Radar,4,5,11,0,20,0,2,23,0,25,4,7,34,0,45,46,0,46,91
05/18/2020,AVP,PA,AEA,EN,Combined TRACON& Tower with Radar,4,8,7,1,20,0,0,22,1,23,4,8,29,2,43,34,4,38,81
05/19/2020,AVP,PA,AEA,EN,Combined TRACON& Tower with Radar,4,12,1,2,19,0,3,11,0,14,4,15,12,2,33,14,0,14,47
05/20/2020,AVP,PA,AEA,EN,Combined TRACON& Tower with Radar,4,12,4,0,20,0,10,24,0,34,4,22,28,0,54,54,2,56,110
05/21/2020,AVP,PA,AEA,EN,Combined TRACON& Tower with Radar,4,13,20,0,37,0,6,52,0,58,4,19,72,0,95,43,2,45,140
05/22/2020,AVP,PA,AEA,EN,Combined TRACON& Tower with Radar,4,12,8,0,24,0,1,8,0,9,4,13,16,0,33,8,0,8,41
05/23/2020,AVP,PA,AEA,EN,Combined TRACON& Tower with Radar,4,7,13,0,24,0,5,7,0,12,4,12,20,0,36,11,0,11,47
05/24/2020,AVP,PA,AEA,EN,Combined TRACON& Tower with Radar,4,5,3,0,12,0,4,5,0,9,4,9,8,0,21,16,0,16,37
05/25/2020,AVP,PA,AEA,EN,Combined TRACON& Tower with Radar,4,9,7,0,20,0,6,13,0,19,4,15,20,0,39,10,0,10,49
05/26/2020,AVP,PA,AEA,EN,Combined TRACON& Tower with Radar,4,12,11,14,41,0,9,27,0,36,4,21,38,14,77,52,0,52,129
05/27/2020,AVP,PA,AEA,EN,Combined TRACON& Tower with Radar,4,12,11,0,27,0,13,22,0,35,4,25,33,0,62,70,0,70,132
05/28/2020,AVP,PA,AEA,EN,Combined TRACON& Tower with Radar,4,13,17,0,34,0,6,8,0,14,4,19,25,0,48,42,0,42,90
05/29/2020,AVP,PA,AEA,EN,Combined TRACON& Tower with Radar,4,11,9,0,24,0,8,9,0,17,4,19,18,0,41,46,0,46,87
05/30/2020,AVP,PA,AEA,EN,Combined TRACON& Tower with Radar,4,5,25,0,34,0,6,22,0,28,4,11,47,0,62,82,0,82,144
05/31/2020,AVP,PA,AEA,EN,Combined TRACON& Tower with Radar,4,10,14,0,28,0,12,21,0,33,4,22,35,0,61,54,0,54,115
06/01/2020,AVP,PA,AEA,EN,Combined TRACON& Tower with Radar,4,12,16,0,32,0,8,90,0,98,4,20,106,0,130,44,0,44,174
06/02/2020,AVP,PA,AEA,EN,Combined TRACON& Tower with Radar,4,9,19,4,36,0,4,33,0,37,4,13,52,4,73,66,0,66,139
06/03/2020,AVP,PA,AEA,EN,Combined TRACON& Tower with Radar,4,9,0,0,13,0,4,3,0,7,4,13,3,0,20,8,0,8,28
06/04/2020,AVP,PA,AEA,EN,Combined TRACON& Tower with Radar,4,11,8,0,23,0,10,34,0,44,4,21,42,0,67,48,0,48,115
06/05/2020,AVP,PA,AEA,EN,Combined TRACON& Tower with Radar,4,15,11,0,30,0,0,2,0,2,4,15,13,0,32,23,0,23,55
06/06/2020,AVP,PA,AEA,EN,Combined TRACON& Tower with Radar,4,9,7,0,20,0,3,6,0,9,4,12,13,0,29,64,0,64,93
06/07/2020,AVP,PA,AEA,EN,Combined TRACON& Tower with Radar,4,10,7,0,21,0,7,12,0,19,4,17,19,0,40,70,0,70,110
06/08/2020,AVP,PA,AEA,EN,Combined TRACON& Tower with Radar,4,8,11,2,25,0,4,26,0,30,4,12,37,2,55,82,0,82,137
06/09/2020,AVP,PA,AEA,EN,Combined TRACON& Tower with Radar,4,18,21,4,47,0,3,37,0,40,4,21,58,4,87,62,0,62,149
06/10/2020,AVP,PA,AEA,EN,Combined TRACON& Tower with Radar,4,8,8,0,20,0,2,17,0,19,4,10,25,0,39,60,0,60,99
06/11/2020,AVP,PA,AEA,EN,Combined TRACON& Tower with Radar,4,10,13,0,27,0,4,9,0,13,4,14,22,0,40,52,0,52,92
06/12/2020,AVP,PA,AEA,EN,Combined TRACON& Tower with Radar,4,11,12,4,31,0,2,35,0,37,4,13,47,4,68,58,0,58,126
06/13/2020,AVP,PA,AEA,EN,Combined TRACON& Tower with Radar,4,10,11,0,25,0,3,16,0,19,4,13,27,0,44,39,0,39,83
06/14/2020,AVP,PA,AEA,EN,Combined TRACON& Tower with Radar,4,8,12,0,24,0,3,31,0,34,4,11,43,0,58,72,0,72,130
06/15/2020,AVP,PA,AEA,EN,Combined TRACON& Tower with Radar,4,9,12,0,25,0,4,18,0,22,4,13,30,0,47,14,0,14,61
06/16/2020,AVP,PA,AEA,EN,Combined TRACON& Tower with Radar,4,16,19,2,41,0,2,29,2,33,4,18,48,4,74,26,0,26,100
06/17/2020,AVP,PA,AEA,EN,Combined TRACON& Tower with Radar,4,8,21,0,33,0,8,28,0,36,4,16,49,0,69,60,0,60,129
06/18/2020,AVP,PA,AEA,EN,Combined TRACON& Tower with Radar,4,13,18,1,36,0,15,17,0,32,4,28,35,1,68,72,0,72,140
06/19/2020,AVP,PA,AEA,EN,Combined TRACON& Tower with Radar,4,11,20,0,35,0,10,23,2,35,4,21,43,2,70,70,0,70,140
06/20/2020,AVP,PA,AEA,EN,Combined TRACON& Tower with Radar,4,7,4,0,15,0,10,21,0,31,4,17,25,0,46,54,0,54,100
06/21/2020,AVP,PA,AEA,EN,Combined TRACON& Tower with Radar,4,8,12,0,24,0,2,18,0,20,4,10,30,0,44,8,0,8,52
06/22/2020,AVP,PA,AEA,EN,Combined TRACON& Tower with Radar,4,12,6,2,24,0,0,6,0,6,4,12,12,2,30,18,0,18,48
06/23/2020,AVP,PA,AEA,EN,Combined TRACON& Tower with Radar,4,14,11,3,32,0,2,10,0,12,4,16,21,3,44,34,0,34,78
06/24/2020,AVP,PA,AEA,EN,Combined TRACON& Tower with Radar,4,8,5,10,27,0,0,20,1,21,4,8,25,11,48,6,0,6,54
06/25/2020,AVP,PA,AEA,EN,Combined TRACON& Tower with Radar,4,9,22,0,35,0,4,39,0,43,4,13,61,0,78,14,0,14,92
06/26/2020,AVP,PA,AEA,EN,Combined TRACON& Tower with Radar,4,9,43,0,56,0,6,32,0,38,4,15,75,0,94,44,0,44,138
06/27/2020,AVP,PA,AEA,EN,Combined TRACON& Tower with Radar,4,7,9,0,20,0,0,1,0,1,4,7,10,0,21,23,0,23,44
06/28/2020,AVP,PA,AEA,EN,Combined TRACON& Tower with Radar,4,9,35,0,48,0,3,18,0,21,4,12,53,0,69,8,0,8,77
06/29/2020,AVP,PA,AEA,EN,Combined TRACON& Tower with Radar,5,11,20,2,38,0,8,22,1,31,5,19,42,3,69,18,0,18,87
06/30/2020,AVP,PA,AEA,EN,Combined TRACON& Tower with Radar,5,15,14,0,34,0,2,14,0,16,5,17,28,0,50,5,0,5,55
07/01/2020,AVP,PA,AEA,EN,Combined TRACON& Tower with Radar,4,10,23,0,37,0,5,9,0,14,4,15,32,0,51,1,0,1,52
07/02/2020,AVP,PA,AEA,EN,Combined TRACON& Tower with Radar,4,11,19,1,35,0,6,30,0,36,4,17,49,1,71,8,0,8,79
07/03/2020,AVP,PA,AEA,EN,Combined TRACON& Tower with Radar,4,15,17,0,36,0,3,21,0,24,4,18,38,0,60,51,0,51,111
07/04/2020,AVP,PA,AEA,EN,Combined TRACON& Tower with Radar,4,3,10,0,17,0,8,3,0,11,4,11,13,0,28,18,0,18,46
07/05/2020,AVP,PA,AEA,EN,Combined TRACON& Tower with Radar,7,4,18,0,29,0,6,17,0,23,7,10,35,0,52,0,0,0,52
07/06/2020,AVP,PA,AEA,EN,Combined TRACON& Tower with Radar,5,8,9,0,22,0,5,26,0,31,5,13,35,0,53,63,0,63,116
07/07/2020,AVP,PA,AEA,EN,Combined TRACON& Tower with Radar,4,15,21,0,40,0,3,21,0,24,4,18,42,0,64,76,0,76,140
07/08/2020,AVP,PA,AEA,EN,Combined TRACON& Tower with Radar,4,11,10,0,25,0,3,3,0,6,4,14,13,0,31,0,0,0,31
07/09/2020,AVP,PA,AEA,EN,Combined TRACON& Tower with Radar,10,8,24,0,42,0,7,23,0,30,10,15,47,0,72,50,0,50,122
07/10/2020,AVP,PA,AEA,EN,Combined TRACON& Tower with Radar,6,9,18,0,33,0,3,12,0,15,6,12,30,0,48,64,0,64,112
07/11/2020,AVP,PA,AEA,EN,Combined TRACON& Tower with Radar,6,8,10,0,24,0,2,0,0,2,6,10,10,0,26,0,0,0,26
07/12/2020,AVP,PA,AEA,EN,Combined TRACON& Tower with Radar,6,5,13,2,26,0,4,18,0,22,6,9,31,2,48,0,0,0,48
07/13/2020,AVP,PA,AEA,EN,Combined TRACON& Tower with Radar,6,9,15,0,30,0,6,13,0,19,6,15,28,0,49,6,0,6,55
07/14/2020,AVP,PA,AEA,EN,Combined TRACON& Tower with Radar,4,12,11,0,27,0,6,27,2,35,4,18,38,2,62,18,0,18,80
07/15/2020,AVP,PA,AEA,EN,Combined TRACON& Tower with Radar,4,8,8,2,22,0,4,22,0,26,4,12,30,2,48,26,0,26,74
07/16/2020,AVP,PA,AEA,EN,Combined TRACON& Tower with Radar,6,9,11,2,28,0,7,10,0,17,6,16,21,2,45,4,0,4,49
07/17/2020,AVP,PA,AEA,EN,Combined TRACON& Tower with Radar,6,11,6,0,23,0,15,17,0,32,6,26,23,0,55,44,0,44,99
07/18/2020,AVP,PA,AEA,EN,Combined TRACON& Tower with Radar,8,7,14,0,29,0,8,28,0,36,8,15,42,0,65,24,0,24,89
07/19/2020,AVP,PA,AEA,EN,Combined TRACON& Tower with Radar,8,9,3,0,20,0,2,20,0,22,8,11,23,0,42,0,0,0,42
07/20/2020,AVP,PA,AEA,EN,Combined TRACON& Tower with Radar,6,9,6,0,21,0,6,31,0,37,6,15,37,0,58,14,0,14,72
07/21/2020,AVP,PA,AEA,EN,Combined TRACON& Tower with Radar,3,13,5,0,21,0,1,38,0,39,3,14,43,0,60,15,0,15,75
07/22/2020,AVP,PA,AEA,EN,Combined TRACON& Tower with Radar,3,12,4,0,19,0,2,17,0,19,3,14,21,0,38,62,0,62,100
07/23/2020,AVP,PA,AEA,EN,Combined TRACON& Tower with Radar,6,12,10,0,28,0,5,8,0,13,6,17,18,0,41,0,0,0,41
07/24/2020,AVP,PA,AEA,EN,Combined TRACON& Tower with Radar,6,10,9,0,25,0,0,4,0,4,6,10,13,0,29,0,0,0,29
07/25/2020,AVP,PA,AEA,EN,Combined TRACON& Tower with Radar,6,6,8,0,20,0,5,16,0,21,6,11,24,0,41,24,0,24,65
07/26/2020,AVP,PA,AEA,EN,Combined TRACON& Tower with Radar,6,8,10,0,24,0,7,23,0,30,6,15,33,0,54,70,0,70,124
07/27/2020,AVP,PA,AEA,EN,Combined TRACON& Tower with Radar,5,9,4,2,20,0,4,19,0,23,5,13,23,2,43,66,0,66,109
07/28/2020,AVP,PA,AEA,EN,Combined TRACON& Tower with Radar,4,10,7,0,21,0,5,10,0,15,4,15,17,0,36,66,0,66,102
07/29/2020,AVP,PA,AEA,EN,Combined TRACON& Tower with Radar,4,10,11,0,25,0,5,35,0,40,4,15,46,0,65,108,0,108,173
07/30/2020,AVP,PA,AEA,EN,Combined TRACON& Tower with Radar,6,9,13,0,28,0,6,24,0,30,6,15,37,0,58,52,0,52,110
07/31/2020,AVP,PA,AEA,EN,Combined TRACON& Tower with Radar,6,14,21,0,41,0,13,20,0,33,6,27,41,0,74,54,0,54,128
08/01/2020,AVP,PA,AEA,EN,Combined TRACON& Tower with Radar,6,7,13,0,26,0,4,33,2,39,6,11,46,2,65,24,0,24,89
08/02/2020,AVP,PA,AEA,EN,Combined TRACON& Tower with Radar,6,2,9,0,17,0,6,12,0,18,6,8,21,0,35,52,0,52,87
08/03/2020,AVP,PA,AEA,EN,Combined TRACON& Tower with Radar,6,12,15,0,33,0,4,13,0,17,6,16,28,0,50,0,0,0,50
08/04/2020,AVP,PA,AEA,EN,Combined TRACON& Tower with Radar,2,9,4,0,15,0,2,4,0,6,2,11,8,0,21,30,0,30,51
08/05/2020,AVP,PA,AEA,EN,Combined TRACON& Tower with Radar,4,11,18,0,33,0,3,29,0,32,4,14,47,0,65,123,0,123,188
08/06/2020,AVP,PA,AEA,EN,Combined TRACON& Tower with Radar,6,11,14,0,31,0,4,27,0,31,6,15,41,0,62,108,0,108,170
08/07/2020,AVP,PA,AEA,EN,Combined TRACON& Tower with Radar,6,14,7,0,27,0,4,3,0,7,6,18,10,0,34,84,0,84,118
08/08/2020,AVP,PA,AEA,EN,Combined TRACON& Tower with Radar,6,4,14,0,24,0,7,28,0,35,6,11,42,0,59,142,0,142,201
08/09/2020,AVP,PA,AEA,EN,Combined TRACON& Tower with Radar,6,6,22,0,34,0,12,25,0,37,6,18,47,0,71,110,0,110,181
08/10/2020,AVP,PA,AEA,EN,Combined TRACON& Tower with Radar,8,14,9,0,31,0,5,24,4,33,8,19,33,4,64,66,2,68,132
08/11/2020,AVP,PA,AEA,EN,Combined TRACON& Tower with Radar,4,10,13,0,27,0,2,24,0,26,4,12,37,0,53,64,2,66,119
08/12/2020,AVP,PA,AEA,EN,Combined TRACON& Tower with Radar,4,11,13,0,28,0,5,13,0,18,4,16,26,0,46,45,0,45,91
08/13/2020,AVP,PA,AEA,EN,Combined TRACON& Tower with Radar,6,12,30,0,48,0,4,18,0,22,6,16,48,0,70,9,0,9,79
08/14/2020,AVP,PA,AEA,EN,Combined TRACON& Tower with Radar,6,16,10,0,32,0,4,21,1,26,6,20,31,1,58,33,2,35,93
08/15/2020,AVP,PA,AEA,EN,Combined TRACON& Tower with Radar,6,5,16,0,27,0,29,50,0,79,6,34,66,0,106,160,0,160,266
08/16/2020,AVP,PA,AEA,EN,Combined TRACON& Tower with Radar,6,9,11,0,26,0,21,39,0,60,6,30,50,0,86,196,0,196,282
08/17/2020,AVP,PA,AEA,EN,Combined TRACON& Tower with Radar,6,20,15,0,41,0,20,34,0,54,6,40,49,0,95,179,0,179,274
08/18/2020,AVP,PA,AEA,EN,Combined TRACON& Tower with Radar,5,12,7,7,31,0,22,55,3,80,5,34,62,10,111,172,0,172,283
08/19/2020,AVP,PA,AEA,EN,Combined TRACON& Tower with Radar,6,8,20,2,36,0,27,59,0,86,6,35,79,2,122,176,0,176,298
08/20/2020,AVP,PA,AEA,EN,Combined TRACON& Tower with Radar,8,10,10,6,34,0,8,40,4,52,8,18,50,10,86,44,0,44,130
08/21/2020,AVP,PA,AEA,EN,Combined TRACON& Tower with Radar,8,12,24,2,46,0,12,39,5,56,8,24,63,7,102,14,0,14,116
08/22/2020,AVP,PA,AEA,EN,Combined TRACON& Tower with Radar,8,4,5,0,17,0,5,25,0,30,8,9,30,0,47,28,0,28,75
08/23/2020,AVP,PA,AEA,EN,Combined TRACON& Tower with Radar,8,4,12,0,24,0,4,18,0,22,8,8,30,0,46,18,0,18,64
08/24/2020,AVP,PA,AEA,EN,Combined TRACON& Tower with Radar,8,8,11,0,27,0,4,15,0,19,8,12,26,0,46,6,0,6,52
08/25/2020,AVP,PA,AEA,EN,Combined TRACON& Tower with Radar,6,9,14,4,33,0,6,9,2,17,6,15,23,6,50,90,0,90,140
08/26/2020,AVP,PA,AEA,EN,Combined TRACON& Tower with Radar,6,9,12,0,27,0,14,35,0,49,6,23,47,0,76,152,0,152,228
08/27/2020,AVP,PA,AEA,EN,Combined TRACON& Tower with Radar,10,9,9,2,30,0,15,20,0,35,10,24,29,2,65,156,0,156,221
08/28/2020,AVP,PA,AEA,EN,Combined TRACON& Tower with Radar,8,14,10,0,32,0,3,16,0,19,8,17,26,0,51,78,0,78,129
08/29/2020,AVP,PA,AEA,EN,Combined TRACON& Tower with Radar,8,8,0,0,16,0,26,25,0,51,8,34,25,0,67,142,0,142,209
08/30/2020,AVP,PA,AEA,EN,Combined TRACON& Tower with Radar,9,6,7,0,22,0,4,19,0,23,9,10,26,0,45,36,0,36,81
08/31/2020,AVP,PA,AEA,EN,Combined TRACON& Tower with Radar,9,8,15,3,35,0,4,20,0,24,9,12,35,3,59,2,0,2,61
09/01/2020,AVP,PA,AEA,EN,Combined TRACON& Tower with Radar,8,10,16,3,37,0,0,12,0,12,8,10,28,3,49,13,0,13,62
09/02/2020,AVP,PA,AEA,EN,Combined TRACON& Tower with Radar,6,7,11,6,30,0,0,1,0,1,6,7,12,6,31,4,0,4,35
09/03/2020,AVP,PA,AEA,EN,Combined TRACON& Tower with Radar,8,13,18,0,39,0,4,22,0,26,8,17,40,0,65,18,0,18,83
09/04/2020,AVP,PA,AEA,EN,Combined TRACON& Tower with Radar,8,9,25,0,42,0,8,36,0,44,8,17,61,0,86,105,0,105,191
09/05/2020,AVP,PA,AEA,EN,Combined TRACON& Tower with Radar,8,5,12,0,25,0,5,44,0,49,8,10,56,0,74,150,0,150,224
09/06/2020,AVP,PA,AEA,EN,Combined TRACON& Tower with Radar,6,6,13,0,25,0,8,40,0,48,6,14,53,0,73,140,0,140,213
09/07/2020,AVP,PA,AEA,EN,Combined TRACON& Tower with Radar,8,7,17,0,32,0,33,51,0,84,8,40,68,0,116,168,0,168,284
09/08/2020,AVP,PA,AEA,EN,Combined TRACON& Tower with Radar,6,6,8,0,20,0,2,43,0,45,6,8,51,0,65,140,0,140,205
09/09/2020,AVP,PA,AEA,EN,Combined TRACON& Tower with Radar,9,12,13,10,44,0,1,22,0,23,9,13,35,10,67,33,0,33,100
09/10/2020,AVP,PA,AEA,EN,Combined TRACON& Tower with Radar,8,17,8,0,33,0,2,4,0,6,8,19,12,0,39,2,0,2,41
09/11/2020,AVP,PA,AEA,EN,Combined TRACON& Tower with Radar,8,13,14,0,35,0,6,21,0,27,8,19,35,0,62,16,0,16,78
09/12/2020,AVP,PA,AEA,EN,Combined TRACON& Tower with Radar,8,12,14,0,34,0,4,24,0,28,8,16,38,0,62,66,0,66,128
09/13/2020,AVP,PA,AEA,EN,Combined TRACON& Tower with Radar,8,14,20,0,42,0,0,2,0,2,8,14,22,0,44,0,0,0,44
09/14/2020,AVP,PA,AEA,EN,Combined TRACON& Tower with Radar,8,14,15,0,37,0,1,22,0,23,8,15,37,0,60,93,0,93,153
09/15/2020,AVP,PA,AEA,EN,Combined TRACON& Tower with Radar,8,9,12,4,33,0,2,53,0,55,8,11,65,4,88,116,0,116,204
09/16/2020,AVP,PA,AEA,EN,Combined TRACON& Tower with Radar,8,9,16,0,33,0,4,33,0,37,8,13,49,0,70,97,0,97,167
09/17/2020,AVP,PA,AEA,EN,Combined TRACON& Tower with Radar,8,16,18,1,43,0,9,51,1,61,8,25,69,2,104,134,0,134,238
09/18/2020,AVP,PA,AEA,EN,Combined TRACON& Tower with Radar,8,15,16,0,39,0,2,16,0,18,8,17,32,0,57,84,0,84,141
09/19/2020,AVP,PA,AEA,EN,Combined TRACON& Tower with Radar,8,8,11,0,27,0,4,38,0,42,8,12,49,0,69,72,0,72,141
09/20/2020,AVP,PA,AEA,EN,Combined TRACON& Tower with Radar,8,9,13,2,32,0,8,37,0,45,8,17,50,2,77,2,0,2,79
09/21/2020,AVP,PA,AEA,EN,Combined TRACON& Tower with Radar,8,11,14,0,33,0,0,28,0,28,8,11,42,0,61,83,0,83,144
09/22/2020,AVP,PA,AEA,EN,Combined TRACON& Tower with Radar,8,10,11,0,29,0,3,21,0,24,8,13,32,0,53,25,0,25,78
09/23/2020,AVP,PA,AEA,EN,Combined TRACON& Tower with Radar,8,12,7,2,29,0,5,19,0,24,8,17,26,2,53,80,0,80,133
09/24/2020,AVP,PA,AEA,EN,Combined TRACON& Tower with Radar,8,13,12,0,33,0,6,39,0,45,8,19,51,0,78,119,0,119,197
09/25/2020,AVP,PA,AEA,EN,Combined TRACON& Tower with Radar,7,21,18,0,46,0,7,35,0,42,7,28,53,0,88,116,0,116,204
09/26/2020,AVP,PA,AEA,EN,Combined TRACON& Tower with Radar,8,9,6,0,23,0,8,5,0,13,8,17,11,0,36,100,0,100,136
09/27/2020,AVP,PA,AEA,EN,Combined TRACON& Tower with Radar,8,13,17,0,38,0,5,16,0,21,8,18,33,0,59,80,0,80,139
09/28/2020,AVP,PA,AEA,EN,Combined TRACON& Tower with Radar,8,11,17,0,36,0,2,2,0,4,8,13,19,0,40,0,0,0,40
09/29/2020,AVP,PA,AEA,EN,Combined TRACON& Tower with Radar,8,13,21,0,42,0,8,6,0,14,8,21,27,0,56,86,0,86,142
09/30/2020,AVP,PA,AEA,EN,Combined TRACON& Tower with Radar,8,11,19,0,38,0,0,1,0,1,8,11,20,0,39,0,0,0,39
10/01/2020,AVP,PA,AEA,EN,Combined TRACON& Tower with Radar,8,14,20,0,42,0,2,34,0,36,8,16,54,0,78,59,0,59,137
10/02/2020,AVP,PA,AEA,EN,Combined TRACON& Tower with Radar,8,14,15,0,37,0,4,6,0,10,8,18,21,0,47,0,0,0,47
10/03/2020,AVP,PA,AEA,EN,Combined TRACON& Tower with Radar,8,11,9,0,28,0,0,21,0,21,8,11,30,0,49,0,0,0,49
10/04/2020,AVP,PA,AEA,EN,Combined TRACON& Tower with Radar,8,15,8,0,31,0,4,17,0,21,8,19,25,0,52,114,0,114,166
10/05/2020,AVP,PA,AEA,EN,Combined TRACON& Tower with Radar,8,13,20,0,41,0,6,15,0,21,8,19,35,0,62,114,0,114,176
10/06/2020,AVP,PA,AEA,EN,Combined TRACON& Tower with Radar,8,12,16,4,40,0,4,13,1,18,8,16,29,5,58,24,0,24,82
10/07/2020,AVP,PA,AEA,EN,Combined TRACON& Tower with Radar,6,10,9,2,27,0,2,5,0,7,6,12,14,2,34,97,0,97,131
10/08/2020,AVP,PA,AEA,EN,Combined TRACON& Tower with Radar,8,18,6,0,32,0,7,15,0,22,8,25,21,0,54,0,0,0,54
10/09/2020,AVP,PA,AEA,EN,Combined TRACON& Tower with Radar,8,17,15,0,40,0,0,33,0,33,8,17,48,0,73,44,0,44,117
10/10/2020,AVP,PA,AEA,EN,Combined TRACON& Tower with Radar,6,15,9,0,30,0,2,24,0,26,6,17,33,0,56,20,0,20,76
10/11/2020,AVP,PA,AEA,EN,Combined TRACON& Tower with Radar,8,9,13,0,30,0,3,18,0,21,8,12,31,0,51,68,0,68,119
10/12/2020,AVP,PA,AEA,EN,Combined TRACON& Tower with Radar,8,12,12,0,32,0,1,2,0,3,8,13,14,0,35,28,0,28,63
10/13/2020,AVP,PA,AEA,EN,Combined TRACON& Tower with Radar,6,16,10,0,32,0,2,6,0,8,6,18,16,0,40,62,0,62,102
10/14/2020,AVP,PA,AEA,EN,Combined TRACON& Tower with Radar,6,9,17,1,33,0,7,36,1,44,6,16,53,2,77,104,0,104,181
10/15/2020,AVP,PA,AEA,EN,Combined TRACON& Tower with Radar,8,17,12,0,37,0,5,13,0,18,8,22,25,0,55,108,0,108,163
10/16/2020,AVP,PA,AEA,EN,Combined TRACON& Tower with Radar,8,16,11,2,37,0,9,8,0,17,8,25,19,2,54,112,0,112,166
10/17/2020,AVP,PA,AEA,EN,Combined TRACON& Tower with Radar,6,5,10,4,25,0,32,62,0,94,6,37,72,4,119,224,0,224,343
10/18/2020,AVP,PA,AEA,EN,Combined TRACON& Tower with Radar,8,9,4,0,21,0,24,43,0,67,8,33,47,0,88,166,0,166,254
10/19/2020,AVP,PA,AEA,EN,Combined TRACON& Tower with Radar,8,19,24,0,51,0,18,34,0,52,8,37,58,0,103,136,0,136,239
10/20/2020,AVP,PA,AEA,EN,Combined TRACON& Tower with Radar,6,13,21,0,40,0,0,25,0,25,6,13,46,0,65,66,0,66,131
10/21/2020,AVP,PA,AEA,EN,Combined TRACON& Tower with Radar,6,12,28,0,46,0,5,21,0,26,6,17,49,0,72,40,0,40,112
10/22/2020,AVP,PA,AEA,EN,Combined TRACON& Tower with Radar,8,17,22,4,51,0,6,20,1,27,8,23,42,5,78,30,0,30,108
10/23/2020,AVP,PA,AEA,EN,Combined TRACON& Tower with Radar,8,12,23,0,43,0,6,25,0,31,8,18,48,0,74,77,0,77,151
10/24/2020,AVP,PA,AEA,EN,Combined TRACON& Tower with Radar,6,7,10,0,23,0,20,37,0,57,6,27,47,0,80,172,0,172,252
10/25/2020,AVP,PA,AEA,EN,Combined TRACON& Tower with Radar,8,8,11,0,27,0,27,72,0,99,8,35,83,0,126,184,0,184,310
10/26/2020,AVP,PA,AEA,EN,Combined TRACON& Tower with Radar,8,12,17,0,37,0,28,27,0,55,8,40,44,0,92,146,0,146,238
10/27/2020,AVP,PA,AEA,EN,Combined TRACON& Tower with Radar,6,11,25,3,45,0,24,34,0,58,6,35,59,3,103,170,0,170,273
10/28/2020,AVP,PA,AEA,EN,Combined TRACON& Tower with Radar,6,10,19,2,37,0,19,39,0,58,6,29,58,2,95,170,0,170,265
10/29/2020,AVP,PA,AEA,EN,Combined TRACON& Tower with Radar,8,16,3,2,29,0,0,2,0,2,8,16,5,2,31,14,0,14,45
10/30/2020,AVP,PA,AEA,EN,Combined TRACON& Tower with Radar,8,15,3,0,26,0,4,7,0,11,8,19,10,0,37,26,0,26,63
10/31/2020,AVP,PA,AEA,EN,Combined TRACON& Tower with Radar,4,3,20,4,31,0,4,38,0,42,4,7,58,4,73,52,0,52,125
11/01/2020,AVP,PA,AEA,EN,Combined TRACON& Tower with Radar,4,12,1,7,24,0,0,0,0,0,4,12,1,7,24,0,0,0,24
11/02/2020,AVP,PA,AEA,EN,Combined TRACON& Tower with Radar,10,14,10,6,40,0,0,9,0,9,10,14,19,6,49,44,0,44,93
11/03/2020,AVP,PA,AEA,EN,Combined TRACON& Tower with Radar,6,11,12,2,31,0,3,21,1,25,6,14,33,3,56,94,0,94,150
11/04/2020,AVP,PA,AEA,EN,Combined TRACON& Tower with Radar,4,11,12,0,27,0,7,26,0,33,4,18,38,0,60,137,0,137,197
11/05/2020,AVP,PA,AEA,EN,Combined TRACON& Tower with Radar,11,21,15,4,51,0,29,67,4,100,11,50,82,8,151,204,0,204,355
11/06/2020,AVP,PA,AEA,EN,Combined TRACON& Tower with Radar,6,13,12,6,37,0,39,60,4,103,6,52,72,10,140,230,0,230,370
11/07/2020,AVP,PA,AEA,EN,Combined TRACON& Tower with Radar,6,7,15,0,28,0,7,53,0,60,6,14,68,0,88,106,0,106,194
11/08/2020,AVP,PA,AEA,EN,Combined TRACON& Tower with Radar,6,6,19,0,31,0,26,63,0,89,6,32,82,0,120,213,0,213,333
11/09/2020,AVP,PA,AEA,EN,Combined TRACON& Tower with Radar,6,11,7,0,24,0,8,45,0,53,6,19,52,0,77,17,0,17,94
11/10/2020,AVP,PA,AEA,EN,Combined TRACON& Tower with Radar,4,10,13,0,27,0,3,16,2,21,4,13,29,2,48,16,0,16,64
11/11/2020,AVP,PA,AEA,EN,Combined TRACON& Tower with Radar,4,10,18,0,32,0,0,0,0,0,4,10,18,0,32,0,0,0,32
11/12/2020,AVP,PA,AEA,EN,Combined TRACON& Tower with Radar,6,16,14,0,36,0,5,4,0,9,6,21,18,0,45,2,0,2,47
11/13/2020,AVP,PA,AEA,EN,Combined TRACON& Tower with Radar,6,12,13,4,35,0,3,10,0,13,6,15,23,4,48,108,0,108,156
11/14/2020,AVP,PA,AEA,EN,Combined TRACON& Tower with Radar,6,8,15,0,29,0,21,59,0,80,6,29,74,0,109,248,0,248,357
11/15/2020,AVP,PA,AEA,EN,Combined TRACON& Tower with Radar,6,6,2,0,14,0,19,42,0,61,6,25,44,0,75,226,0,226,301
11/16/2020,AVP,PA,AEA,EN,Combined TRACON& Tower with Radar,6,8,7,0,21,0,24,37,0,61,6,32,44,0,82,248,0,248,330
11/17/2020,AVP,PA,AEA,EN,Combined TRACON& Tower with Radar,4,8,1,0,13,0,29,35,0,64,4,37,36,0,77,232,0,232,309
11/18/2020,AVP,PA,AEA,EN,Combined TRACON& Tower with Radar,4,12,9,0,25,0,22,26,0,48,4,34,35,0,73,148,0,148,221
11/19/2020,AVP,PA,AEA,EN,Combined TRACON& Tower with Radar,6,11,15,5,37,0,7,22,1,30,6,18,37,6,67,0,0,0,67
11/20/2020,AVP,PA,AEA,EN,Combined TRACON& Tower with Radar,6,12,20,2,40,0,7,23,0,30,6,19,43,2,70,82,0,82,152
11/21/2020,AVP,PA,AEA,EN,Combined TRACON& Tower with Radar,6,8,18,0,32,0,3,30,0,33,6,11,48,0,65,50,0,50,115
11/22/2020,AVP,PA,AEA,EN,Combined TRACON& Tower with Radar,6,7,6,0,19,0,6,3,0,9,6,13,9,0,28,4,0,4,32
11/23/2020,AVP,PA,AEA,EN,Combined TRACON& Tower with Radar,2,8,8,1,19,0,32,35,1,68,2,40,43,2,87,176,0,176,263
11/24/2020,AVP,PA,AEA,EN,Combined TRACON& Tower with Radar,6,11,14,0,31,0,17,51,0,68,6,28,65,0,99,112,0,112,211
11/25/2020,AVP,PA,AEA,EN,Combined TRACON& Tower with Radar,6,11,5,0,22,0,39,52,0,91,6,50,57,0,113,170,0,170,283
11/26/2020,AVP,PA,AEA,EN,Combined TRACON& Tower with Radar,2,4,4,0,10,0,21,27,0,48,2,25,31,0,58,144,0,144,202
11/27/2020,AVP,PA,AEA,EN,Combined TRACON& Tower with Radar,4,8,12,0,24,0,0,15,0,15,4,8,27,0,39,114,0,114,153
11/28/2020,AVP,PA,AEA,EN,Combined TRACON& Tower with Radar,6,14,18,0,38,0,11,28,0,39,6,25,46,0,77,70,0,70,147
11/29/2020,AVP,PA,AEA,EN,Combined TRACON& Tower with Radar,6,9,26,0,41,0,3,50,0,53,6,12,76,0,94,40,0,40,134
11/30/2020,AVP,PA,AEA,EN,Combined TRACON& Tower with Radar,6,9,2,0,17,0,2,6,0,8,6,11,8,0,25,24,0,24,49
12/01/2020,AVP,PA,AEA,EN,Combined TRACON& Tower with Radar,6,10,12,2,30,0,2,5,0,7,6,12,17,2,37,20,0,20,57
12/02/2020,AVP,PA,AEA,EN,Combined TRACON& Tower with Radar,4,12,8,0,24,0,5,9,0,14,4,17,17,0,38,60,0,60,98
12/03/2020,AVP,PA,AEA,EN,Combined TRACON& Tower with Radar,6,10,26,0,42,0,4,32,2,38,6,14,58,2,80,79,0,79,159
12/04/2020,AVP,PA,AEA,EN,Combined TRACON& Tower with Radar,6,12,13,0,31,0,7,26,0,33,6,19,39,0,64,112,0,112,176
12/05/2020,AVP,PA,AEA,EN,Combined TRACON& Tower with Radar,4,9,1,0,14,0,11,6,0,17,4,20,7,0,31,110,0,110,141
12/06/2020,AVP,PA,AEA,EN,Combined TRACON& Tower with Radar,6,6,7,0,19,0,6,11,0,17,6,12,18,0,36,92,0,92,128
12/07/2020,AVP,PA,AEA,EN,Combined TRACON& Tower with Radar,6,8,7,4,25,0,3,34,0,37,6,11,41,4,62,100,0,100,162
12/08/2020,AVP,PA,AEA,EN,Combined TRACON& Tower with Radar,4,7,5,0,16,0,1,9,0,10,4,8,14,0,26,0,0,0,26
12/09/2020,AVP,PA,AEA,EN,Combined TRACON& Tower with Radar,4,10,12,0,26,0,4,0,0,4,4,14,12,0,30,26,0,26,56
12/10/2020,AVP,PA,AEA,EN,Combined TRACON& Tower with Radar,6,8,23,1,38,0,5,12,1,18,6,13,35,2,56,0,0,0,56
12/11/2020,AVP,PA,AEA,EN,Combined TRACON& Tower with Radar,6,8,13,0,27,0,2,29,0,31,6,10,42,0,58,8,0,8,66
12/12/2020,AVP,PA,AEA,EN,Combined TRACON& Tower with Radar,4,6,4,0,14,0,5,3,0,8,4,11,7,0,22,0,0,0,22
12/13/2020,AVP,PA,AEA,EN,Combined TRACON& Tower with Radar,6,6,5,0,17,0,19,45,0,64,6,25,50,0,81,178,0,178,259
12/14/2020,AVP,PA,AEA,EN,Combined TRACON& Tower with Radar,6,9,2,4,21,0,20,27,0,47,6,29,29,4,68,166,0,166,234
12/15/2020,AVP,PA,AEA,EN,Combined TRACON& Tower with Radar,4,14,12,0,30,0,27,67,0,94,4,41,79,0,124,178,0,178,302
12/16/2020,AVP,PA,AEA,EN,Combined TRACON& Tower with Radar,1,5,6,0,12,0,5,1,0,6,1,10,7,0,18,40,0,40,58
12/17/2020,AVP,PA,AEA,EN,Combined TRACON& Tower with Radar,5,6,4,0,15,0,5,0,1,6,5,11,4,1,21,0,0,0,21
12/18/2020,AVP,PA,AEA,EN,Combined TRACON& Tower with Radar,6,11,10,0,27,0,4,12,0,16,6,15,22,0,43,34,0,34,77
12/19/2020,AVP,PA,AEA,EN,Combined TRACON& Tower with Radar,6,10,8,0,24,0,0,12,0,12,6,10,20,0,36,1,0,1,37
12/20/2020,AVP,PA,AEA,EN,Combined TRACON& Tower with Radar,6,10,9,0,25,0,0,5,0,5,6,10,14,0,30,36,0,36,66
12/21/2020,AVP,PA,AEA,EN,Combined TRACON& Tower with Radar,6,12,7,0,25,0,4,7,0,11,6,16,14,0,36,24,0,24,60
12/22/2020,AVP,PA,AEA,EN,Combined TRACON& Tower with Radar,6,16,7,0,29,0,0,6,0,6,6,16,13,0,35,0,0,0,35
12/23/2020,AVP,PA,AEA,EN,Combined TRACON& Tower with Radar,6,13,10,6,35,0,0,29,0,29,6,13,39,6,64,73,2,75,139
12/24/2020,AVP,PA,AEA,EN,Combined TRACON& Tower with Radar,4,15,4,0,23,0,0,0,0,0,4,15,4,0,23,0,0,0,23
12/25/2020,AVP,PA,AEA,EN,Combined TRACON& Tower with Radar,4,9,2,0,15,0,0,0,0,0,4,9,2,0,15,0,0,0,15
12/26/2020,AVP,PA,AEA,EN,Combined TRACON& Tower with Radar,6,16,7,0,29,0,1,8,0,9,6,17,15,0,38,70,0,70,108
12/27/2020,AVP,PA,AEA,EN,Combined TRACON& Tower with Radar,6,10,14,2,32,0,3,20,0,23,6,13,34,2,55,62,0,62,117
12/28/2020,AVP,PA,AEA,EN,Combined TRACON& Tower with Radar,6,12,3,2,23,0,2,16,0,18,6,14,19,2,41,24,0,24,65
12/29/2020,AVP,PA,AEA,EN,Combined TRACON& Tower with Radar,6,13,7,1,27,0,6,10,0,16,6,19,17,1,43,36,0,36,79
12/30/2020,AVP,PA,AEA,EN,Combined TRACON& Tower with Radar,6,15,15,4,40,0,9,28,0,37,6,24,43,4,77,34,0,34,111
12/31/2020,AVP,PA,AEA,EN,Combined TRACON& Tower with Radar,4,10,0,0,14,0,3,0,0,3,4,13,0,0,17,0,0,0,17
01/01/2021,AVP,PA,AEA,EN,Combined TRACON& Tower with Radar,4,9,0,0,13,0,2,7,0,9,4,11,7,0,22,6,0,6,28
01/02/2021,AVP,PA,AEA,EN,Combined TRACON& Tower with Radar,6,11,7,0,24,0,9,3,0,12,6,20,10,0,36,100,0,100,136
01/03/2021,AVP,PA,AEA,EN,Combined TRACON& Tower with Radar,6,8,6,0,20,0,3,3,0,6,6,11,9,0,26,22,0,22,48
01/04/2021,AVP,PA,AEA,EN,Combined TRACON& Tower with Radar,6,9,20,0,35,0,0,15,0,15,6,9,35,0,50,89,0,89,139
01/05/2021,AVP,PA,AEA,EN,Combined TRACON& Tower with Radar,4,16,8,1,29,0,7,5,1,13,4,23,13,2,42,98,0,98,140
01/06/2021,AVP,PA,AEA,EN,Combined TRACON& Tower with Radar,4,14,13,0,31,0,3,5,0,8,4,17,18,0,39,106,0,106,145
01/07/2021,AVP,PA,AEA,EN,Combined TRACON& Tower with Radar,6,19,1,2,28,0,0,10,0,10,6,19,11,2,38,0,0,0,38
01/08/2021,AVP,PA,AEA,EN,Combined TRACON& Tower with Radar,6,15,6,4,31,0,4,8,0,12,6,19,14,4,43,0,0,0,43
01/09/2021,AVP,PA,AEA,EN,Combined TRACON& Tower with Radar,4,10,6,0,20,0,5,14,0,19,4,15,20,0,39,0,0,0,39
01/10/2021,AVP,PA,AEA,EN,Combined TRACON& Tower with Radar,6,9,7,0,22,0,11,26,0,37,6,20,33,0,59,14,0,14,73
01/11/2021,AVP,PA,AEA,EN,Combined TRACON& Tower with Radar,6,16,22,4,48,0,2,44,0,46,6,18,66,4,94,76,0,76,170
01/12/2021,AVP,PA,AEA,EN,Combined TRACON& Tower with Radar,4,16,9,4,33,0,29,65,0,94,4,45,74,4,127,222,0,222,349
01/13/2021,AVP,PA,AEA,EN,Combined TRACON& Tower with Radar,4,18,22,3,47,0,9,11,1,21,4,27,33,4,68,92,0,92,160
01/14/2021,AVP,PA,AEA,EN,Combined TRACON& Tower with Radar,6,16,12,0,34,0,26,29,0,55,6,42,41,0,89,192,0,192,281
01/15/2021,AVP,PA,AEA,EN,Combined TRACON& Tower with Radar,6,19,13,0,38,0,26,33,0,59,6,45,46,0,97,158,0,158,255
01/16/2021,AVP,PA,AEA,EN,Combined TRACON& Tower with Radar,4,8,7,0,19,0,18,28,0,46,4,26,35,0,65,187,0,187,252
01/17/2021,AVP,PA,AEA,EN,Combined TRACON& Tower with Radar,6,11,0,0,17,0,9,2,0,11,6,20,2,0,28,0,0,0,28
01/18/2021,AVP,PA,AEA,EN,Combined TRACON& Tower with Radar,6,8,9,0,23,0,1,1,0,2,6,9,10,0,25,0,0,0,25
01/19/2021,AVP,PA,AEA,EN,Combined TRACON& Tower with Radar,4,13,16,0,33,0,9,5,0,14,4,22,21,0,47,0,0,0,47
01/20/2021,AVP,PA,AEA,EN,Combined TRACON& Tower with Radar,4,12,7,0,23,0,4,0,0,4,4,16,7,0,27,0,0,0,27
01/21/2021,AVP,PA,AEA,EN,Combined TRACON& Tower with Radar,6,12,18,0,36,0,2,25,2,29,6,14,43,2,65,10,0,10,75
01/22/2021,AVP,PA,AEA,EN,Combined TRACON& Tower with Radar,6,12,2,0,20,0,16,29,0,45,6,28,31,0,65,184,0,184,249
01/23/2021,AVP,PA,AEA,EN,Combined TRACON& Tower with Radar,4,9,3,0,16,0,18,29,0,47,4,27,32,0,63,200,0,200,263
01/24/2021,AVP,PA,AEA,EN,Combined TRACON& Tower with Radar,6,8,13,0,27,0,12,21,3,36,6,20,34,3,63,116,0,116,179
01/25/2021,AVP,PA,AEA,EN,Combined TRACON& Tower with Radar,6,11,10,0,27,0,8,34,0,42,6,19,44,0,69,122,0,122,191
01/26/2021,AVP,PA,AEA,EN,Combined TRACON& Tower with Radar,4,10,1,0,15,0,4,4,0,8,4,14,5,0,23,96,0,96,119
01/27/2021,AVP,PA,AEA,EN,Combined TRACON& Tower with Radar,4,10,6,0,20,0,2,7,0,9,4,12,13,0,29,0,0,0,29
01/28/2021,AVP,PA,AEA,EN,Combined TRACON& Tower with Radar,2,18,11,0,31,0,5,9,1,15,2,23,20,1,46,1,4,5,51
01/29/2021,AVP,PA,AEA,EN,Combined TRACON& Tower with Radar,5,14,7,0,26,0,4,0,0,4,5,18,7,0,30,2,0,2,32
01/30/2021,AVP,PA,AEA,EN,Combined TRACON& Tower with Radar,5,12,17,2,36,0,2,42,1,45,5,14,59,3,81,46,6,52,133
01/31/2021,AVP,PA,AEA,EN,Combined TRACON& Tower with Radar,5,3,8,2,18,0,0,2,3,5,5,3,10,5,23,16,0,16,39
02/01/2021,AVP,PA,AEA,EN,Combined TRACON& Tower with Radar,0,0,2,0,2,0,0,0,0,0,0,0,2,0,2,0,0,0,2
02/02/2021,AVP,PA,AEA,EN,Combined TRACON& Tower with Radar,3,10,5,0,18,0,1,5,0,6,3,11,10,0,24,34,0,34,58
02/03/2021,AVP,PA,AEA,EN,Combined TRACON& Tower with Radar,4,10,8,0,22,0,9,4,0,13,4,19,12,0,35,76,0,76,111
02/04/2021,AVP,PA,AEA,EN,Combined TRACON& Tower with Radar,6,15,14,1,36,0,12,15,3,30,6,27,29,4,66,99,0,99,165
02/05/2021,AVP,PA,AEA,EN,Combined TRACON& Tower with Radar,6,16,13,0,35,0,5,8,0,13,6,21,21,0,48,106,0,106,154
02/06/2021,AVP,PA,AEA,EN,Combined TRACON& Tower with Radar,4,7,15,1,27,0,2,21,1,24,4,9,36,2,51,0,0,0,51
02/07/2021,AVP,PA,AEA,EN,Combined TRACON& Tower with Radar,6,8,1,0,15,0,2,0,0,2,6,10,1,0,17,0,0,0,17
02/08/2021,AVP,PA,AEA,EN,Combined TRACON& Tower with Radar,6,15,16,0,37,0,7,30,0,37,6,22,46,0,74,16,0,16,90
02/09/2021,AVP,PA,AEA,EN,Combined TRACON& Tower with Radar,4,14,5,0,23,0,0,0,0,0,4,14,5,0,23,0,0,0,23
02/10/2021,AVP,PA,AEA,EN,Combined TRACON& Tower with Radar,4,10,17,0,31,0,6,24,0,30,4,16,41,0,61,2,0,2,63
02/11/2021,AVP,PA,AEA,EN,Combined TRACON& Tower with Radar,6,12,6,0,24,0,6,6,0,12,6,18,12,0,36,116,0,116,152
02/12/2021,AVP,PA,AEA,EN,Combined TRACON& Tower with Radar,6,17,12,0,35,0,3,32,0,35,6,20,44,0,70,90,0,90,160
02/13/2021,AVP,PA,AEA,EN,Combined TRACON& Tower with Radar,4,8,5,0,17,0,2,19,0,21,4,10,24,0,38,86,0,86,124
02/14/2021,AVP,PA,AEA,EN,Combined TRACON& Tower with Radar,6,10,5,0,21,0,2,10,0,12,6,12,15,0,33,98,0,98,131
02/15/2021,AVP,PA,AEA,EN,Combined TRACON& Tower with Radar,1,10,5,0,16,0,5,4,0,9,1,15,9,0,25,74,0,74,99
02/16/2021,AVP,PA,AEA,EN,Combined TRACON& Tower with Radar,3,8,9,0,20,0,2,1,0,3,3,10,10,0,23,0,0,0,23
02/17/2021,AVP,PA,AEA,EN,Combined TRACON& Tower with Radar,5,12,34,0,51,0,4,33,0,37,5,16,67,0,88,5,0,5,93
02/18/2021,AVP,PA,AEA,EN,Combined TRACON& Tower with Radar,7,7,0,0,14,0,0,0,0,0,7,7,0,0,14,0,0,0,14
02/19/2021,AVP,PA,AEA,EN,Combined TRACON& Tower with Radar,6,15,4,0,25,0,4,0,0,4,6,19,4,0,29,0,0,0,29
02/20/2021,AVP,PA,AEA,EN,Combined TRACON& Tower with Radar,4,8,15,0,27,0,2,8,0,10,4,10,23,0,37,0,0,0,37
02/21/2021,AVP,PA,AEA,EN,Combined TRACON& Tower with Radar,6,11,15,0,32,0,6,38,0,44,6,17,53,0,76,87,0,87,163
02/22/2021,AVP,PA,AEA,EN,Combined TRACON& Tower with Radar,6,11,8,0,25,0,6,6,0,12,6,17,14,0,37,90,0,90,127
02/23/2021,AVP,PA,AEA,EN,Combined TRACON& Tower with Radar,4,16,4,0,24,0,7,4,0,11,4,23,8,0,35,112,0,112,147
02/24/2021,AVP,PA,AEA,EN,Combined TRACON& Tower with Radar,4,11,22,0,37,0,19,73,0,92,4,30,95,0,129,166,0,166,295
02/25/2021,AVP,PA,AEA,EN,Combined TRACON& Tower with Radar,6,15,20,0,41,0,13,23,0,36,6,28,43,0,77,112,0,112,189
02/26/2021,AVP,PA,AEA,EN,Combined TRACON& Tower with Radar,6,16,9,0,31,0,3,33,0,36,6,19,42,0,67,44,0,44,111
02/27/2021,AVP,PA,AEA,EN,Combined TRACON& Tower with Radar,4,12,18,0,34,0,3,5,0,8,4,15,23,0,42,30,0,30,72
02/28/2021,AVP,PA,AEA,EN,Combined TRACON& Tower with Radar,6,11,6,0,23,0,7,1,0,8,6,18,7,0,31,0,0,0,31
03/01/2021,AVP,PA,AEA,EN,Combined TRACON& Tower with Radar,6,16,12,0,34,0,2,4,0,6,6,18,16,0,40,20,0,20,60
03/02/2021,AVP,PA,AEA,EN,Combined TRACON& Tower with Radar,4,17,5,0,26,0,2,9,0,11,4,19,14,0,37,11,0,11,48
03/03/2021,AVP,PA,AEA,EN,Combined TRACON& Tower with Radar,4,12,11,1,28,0,7,22,1,30,4,19,33,2,58,80,0,80,138
03/04/2021,AVP,PA,AEA,EN,Combined TRACON& Tower with Radar,7,21,5,0,33,0,7,10,2,19,7,28,15,2,52,84,0,84,136
03/05/2021,AVP,PA,AEA,EN,Combined TRACON& Tower with Radar,8,12,7,0,27,0,10,13,0,23,8,22,20,0,50,82,0,82,132
03/06/2021,AVP,PA,AEA,EN,Combined TRACON& Tower with Radar,8,15,4,0,27,0,6,7,0,13,8,21,11,0,40,98,0,98,138
03/07/2021,AVP,PA,AEA,EN,Combined TRACON& Tower with Radar,10,8,8,0,26,0,7,35,0,42,10,15,43,0,68,130,0,130,198
03/08/2021,AVP,PA,AEA,EN,Combined TRACON& Tower with Radar,8,14,20,0,42,0,4,24,0,28,8,18,44,0,70,12,0,12,82
03/09/2021,AVP,PA,AEA,EN,Combined TRACON& Tower with Radar,8,18,16,1,43,0,5,28,2,35,8,23,44,3,78,23,12,35,113
03/10/2021,AVP,PA,AEA,EN,Combined TRACON& Tower with Radar,8,12,35,0,55,0,2,22,0,24,8,14,57,0,79,0,0,0,79
03/11/2021,AVP,PA,AEA,EN,Combined TRACON& Tower with Radar,8,16,20,0,44,0,8,15,1,24,8,24,35,1,68,3,0,3,71
03/12/2021,AVP,PA,AEA,EN,Combined TRACON& Tower with Radar,8,14,13,0,35,0,10,11,0,21,8,24,24,0,56,0,0,0,56
03/13/2021,AVP,PA,AEA,EN,Combined TRACON& Tower with Radar,8,9,9,0,26,0,7,25,0,32,8,16,34,0,58,114,0,114,172
03/14/2021,AVP,PA,AEA,EN,Combined TRACON& Tower with Radar,10,9,13,0,32,0,12,11,0,23,10,21,24,0,55,126,0,126,181
03/15/2021,AVP,PA,AEA,EN,Combined TRACON& Tower with Radar,8,11,19,0,38,0,8,11,0,19,8,19,30,0,57,106,0,106,163
03/16/2021,AVP,PA,AEA,EN,Combined TRACON& Tower with Radar,8,14,3,1,26,0,8,9,0,17,8,22,12,1,43,96,0,96,139
03/17/2021,AVP,PA,AEA,EN,Combined TRACON& Tower with Radar,10,19,14,0,43,0,7,8,0,15,10,26,22,0,58,94,0,94,152
03/18/2021,AVP,PA,AEA,EN,Combined TRACON& Tower with Radar,8,16,8,0,32,0,0,0,0,0,8,16,8,0,32,0,0,0,32
03/19/2021,AVP,PA,AEA,EN,Combined TRACON& Tower with Radar,8,12,12,0,32,0,2,4,0,6,8,14,16,0,38,0,0,0,38
03/20/2021,AVP,PA,AEA,EN,Combined TRACON& Tower with Radar,8,9,20,0,37,0,6,36,0,42,8,15,56,0,79,0,0,0,79
03/21/2021,AVP,PA,AEA,EN,Combined TRACON& Tower with Radar,8,12,26,0,46,0,0,63,0,63,8,12,89,0,109,63,0,63,172
03/22/2021,AVP,PA,AEA,EN,Combined TRACON& Tower with Radar,8,15,17,0,40,0,5,42,2,49,8,20,59,2,89,36,0,36,125
03/23/2021,AVP,PA,AEA,EN,Combined TRACON& Tower with Radar,8,15,19,0,42,0,19,48,0,67,8,34,67,0,109,154,0,154,263
03/24/2021,AVP,PA,AEA,EN,Combined TRACON& Tower with Radar,8,14,6,0,28,0,10,27,0,37,8,24,33,0,65,102,0,102,167
03/25/2021,AVP,PA,AEA,EN,Combined TRACON& Tower with Radar,8,15,22,9,54,0,26,39,0,65,8,41,61,9,119,190,0,190,309
03/26/2021,AVP,PA,AEA,EN,Combined TRACON& Tower with Radar,8,15,6,0,29,0,24,23,0,47,8,39,29,0,76,127,0,127,203
03/27/2021,AVP,PA,AEA,EN,Combined TRACON& Tower with Radar,8,13,17,0,38,0,31,61,0,92,8,44,78,0,130,192,0,192,322
03/28/2021,AVP,PA,AEA,EN,Combined TRACON& Tower with Radar,7,14,12,0,33,0,3,2,0,5,7,17,14,0,38,14,0,14,52
03/29/2021,AVP,PA,AEA,EN,Combined TRACON& Tower with Radar,9,16,13,0,38,0,6,12,2,20,9,22,25,2,58,50,0,50,108
03/30/2021,AVP,PA,AEA,EN,Combined TRACON& Tower with Radar,8,22,17,4,51,0,7,24,0,31,8,29,41,4,82,12,8,20,102
03/31/2021,AVP,PA,AEA,EN,Combined TRACON& Tower with Radar,10,18,23,0,51,0,0,0,0,0,10,18,23,0,51,6,0,6,57
04/01/2021,AVP,PA,AEA,EN,Combined TRACON& Tower with Radar,8,15,14,0,37,0,4,7,0,11,8,19,21,0,48,2,0,2,50
04/02/2021,AVP,PA,AEA,EN,Combined TRACON& Tower with Radar,7,13,3,0,23,0,5,11,0,16,7,18,14,0,39,102,0,102,141
04/03/2021,AVP,PA,AEA,EN,Combined TRACON& Tower with Radar,8,10,11,0,29,0,11,44,0,55,8,21,55,0,84,122,0,122,206
04/04/2021,AVP,PA,AEA,EN,Combined TRACON& Tower with Radar,8,8,3,0,19,0,6,25,0,31,8,14,28,0,50,76,0,76,126
04/05/2021,AVP,PA,AEA,EN,Combined TRACON& Tower with Radar,8,9,4,0,21,0,5,20,0,25,8,14,24,0,46,94,0,94,140
04/06/2021,AVP,PA,AEA,EN,Combined TRACON& Tower with Radar,7,16,13,0,36,0,21,34,0,55,7,37,47,0,91,110,0,110,201
04/07/2021,AVP,PA,AEA,EN,Combined TRACON& Tower with Radar,8,12,14,0,34,0,0,35,0,35,8,12,49,0,69,94,0,94,163
04/08/2021,AVP,PA,AEA,EN,Combined TRACON& Tower with Radar,8,12,26,0,46,0,9,20,0,29,8,21,46,0,75,0,0,0,75
04/09/2021,AVP,PA,AEA,EN,Combined TRACON& Tower with Radar,8,12,17,2,39,0,1,15,0,16,8,13,32,2,55,2,0,2,57
04/10/2021,AVP,PA,AEA,EN,Combined TRACON& Tower with Radar,8,8,12,0,28,0,5,8,0,13,8,13,20,0,41,0,0,0,41
04/11/2021,AVP,PA,AEA,EN,Combined TRACON& Tower with Radar,8,13,11,2,34,0,6,0,0,6,8,19,11,2,40,0,0,0,40
04/12/2021,AVP,PA,AEA,EN,Combined TRACON& Tower with Radar,8,7,12,2,29,0,5,3,0,8,8,12,15,2,37,95,0,95,132
04/13/2021,AVP,PA,AEA,EN,Combined TRACON& Tower with Radar,8,11,10,2,31,0,13,32,0,45,8,24,42,2,76,96,0,96,172
04/14/2021,AVP,PA,AEA,EN,Combined TRACON& Tower with Radar,8,15,24,2,49,0,7,23,0,30,8,22,47,2,79,116,0,116,195
04/15/2021,AVP,PA,AEA,EN,Combined TRACON& Tower with Radar,8,11,15,0,34,0,9,6,0,15,8,20,21,0,49,120,0,120,169
04/16/2021,AVP,PA,AEA,EN,Combined TRACON& Tower with Radar,9,11,2,0,22,0,6,5,0,11,9,17,7,0,33,104,0,104,137
04/17/2021,AVP,PA,AEA,EN,Combined TRACON& Tower with Radar,7,8,8,0,23,0,2,1,0,3,7,10,9,0,26,36,0,36,62
04/18/2021,AVP,PA,AEA,EN,Combined TRACON& Tower with Radar,11,6,15,0,32,0,5,25,0,30,11,11,40,0,62,31,0,31,93
04/19/2021,AVP,PA,AEA,EN,Combined TRACON& Tower with Radar,7,8,16,0,31,0,1,28,0,29,7,9,44,0,60,60,0,60,120
04/20/2021,AVP,PA,AEA,EN,Combined TRACON& Tower with Radar,8,10,12,0,30,0,7,20,0,27,8,17,32,0,57,14,0,14,71
04/21/2021,AVP,PA,AEA,EN,Combined TRACON& Tower with Radar,8,11,9,0,28,0,7,4,0,11,8,18,13,0,39,18,0,18,57
04/22/2021,AVP,PA,AEA,EN,Combined TRACON& Tower with Radar,10,12,11,2,35,0,5,4,0,9,10,17,15,2,44,0,0,0,44
04/23/2021,AVP,PA,AEA,EN,Combined TRACON& Tower with Radar,8,13,15,0,36,0,7,21,0,28,8,20,36,0,64,14,0,14,78
04/24/2021,AVP,PA,AEA,EN,Combined TRACON& Tower with Radar,9,12,14,0,35,0,8,39,0,47,9,20,53,0,82,96,0,96,178
04/25/2021,AVP,PA,AEA,EN,Combined TRACON& Tower with Radar,8,11,4,0,23,0,8,3,0,11,8,19,7,0,34,104,0,104,138
04/26/2021,AVP,PA,AEA,EN,Combined TRACON& Tower with Radar,8,9,4,0,21,0,6,10,0,16,8,15,14,0,37,10,0,10,47
04/27/2021,AVP,PA,AEA,EN,Combined TRACON& Tower with Radar,8,10,18,0,36,0,4,25,0,29,8,14,43,0,65,10,0,10,75
04/28/2021,AVP,PA,AEA,EN,Combined TRACON& Tower with Radar,8,10,20,10,48,0,0,24,0,24,8,10,44,10,72,0,0,0,72
04/29/2021,AVP,PA,AEA,EN,Combined TRACON& Tower with Radar,9,12,10,0,31,0,0,0,0,0,9,12,10,0,31,0,0,0,31
04/30/2021,AVP,PA,AEA,EN,Combined TRACON& Tower with Radar,7,14,11,0,32,0,2,0,0,2,7,16,11,0,34,0,0,0,34
05/01/2021,AVP,PA,AEA,EN,Combined TRACON& Tower with Radar,8,12,6,2,28,0,12,32,0,44,8,24,38,2,72,122,0,122,194
05/02/2021,AVP,PA,AEA,EN,Combined TRACON& Tower with Radar,12,9,9,0,30,0,26,27,0,53,12,35,36,0,83,128,0,128,211
05/03/2021,AVP,PA,AEA,EN,Combined TRACON& Tower with Radar,8,11,15,0,34,0,9,10,0,19,8,20,25,0,53,65,0,65,118
05/04/2021,AVP,PA,AEA,EN,Combined TRACON& Tower with Radar,8,7,17,0,32,0,0,4,0,4,8,7,21,0,36,0,0,0,36
05/05/2021,AVP,PA,AEA,EN,Combined TRACON& Tower with Radar,8,16,12,0,36,0,3,0,0,3,8,19,12,0,39,0,0,0,39
05/06/2021,AVP,PA,AEA,EN,Combined TRACON& Tower with Radar,10,15,26,19,70,0,4,12,1,17,10,19,38,20,87,22,0,22,109
05/07/2021,AVP,PA,AEA,EN,Combined TRACON& Tower with Radar,11,12,7,0,30,0,7,16,0,23,11,19,23,0,53,18,0,18,71
05/08/2021,AVP,PA,AEA,EN,Combined TRACON& Tower with Radar,10,10,7,0,27,0,4,0,0,4,10,14,7,0,31,0,0,0,31
05/09/2021,AVP,PA,AEA,EN,Combined TRACON& Tower with Radar,10,10,9,0,29,0,0,6,0,6,10,10,15,0,35,0,0,0,35
05/10/2021,AVP,PA,AEA,EN,Combined TRACON& Tower with Radar,10,12,12,2,36,0,6,10,0,16,10,18,22,2,52,17,0,17,69
05/11/2021,AVP,PA,AEA,EN,Combined TRACON& Tower with Radar,10,19,4,2,35,0,3,15,0,18,10,22,19,2,53,31,0,31,84
05/12/2021,AVP,PA,AEA,EN,Combined TRACON& Tower with Radar,10,14,16,0,40,0,21,33,0,54,10,35,49,0,94,67,0,67,161
05/13/2021,AVP,PA,AEA,EN,Combined TRACON& Tower with Radar,10,17,18,0,45,0,28,48,1,77,10,45,66,1,122,92,0,92,214
05/14/2021,AVP,PA,AEA,EN,Combined TRACON& Tower with Radar,10,14,10,0,34,0,17,63,0,80,10,31,73,0,114,149,0,149,263
05/15/2021,AVP,PA,AEA,EN,Combined TRACON& Tower with Radar,10,11,9,0,30,0,23,35,1,59,10,34,44,1,89,131,0,131,220
05/16/2021,AVP,PA,AEA,EN,Combined TRACON& Tower with Radar,10,8,10,0,28,0,23,35,0,58,10,31,45,0,86,122,0,122,208
05/17/2021,AVP,PA,AEA,EN,Combined TRACON& Tower with Radar,10,15,14,0,39,0,7,18,1,26,10,22,32,1,65,49,0,49,114
05/18/2021,AVP,PA,AEA,EN,Combined TRACON& Tower with Radar,9,11,21,0,41,0,9,22,0,31,9,20,43,0,72,10,0,10,82
05/19/2021,AVP,PA,AEA,EN,Combined TRACON& Tower with Radar,11,11,25,0,47,0,5,23,1,29,11,16,48,1,76,68,0,68,144
05/20/2021,AVP,PA,AEA,EN,Combined TRACON& Tower with Radar,9,19,12,2,42,0,6,30,6,42,9,25,42,8,84,9,0,9,93
05/21/2021,AVP,PA,AEA,EN,Combined TRACON& Tower with Radar,13,14,11,0,38,0,7,18,0,25,13,21,29,0,63,46,0,46,109
05/22/2021,AVP,PA,AEA,EN,Combined TRACON& Tower with Radar,10,13,15,0,38,0,5,35,0,40,10,18,50,0,78,106,0,106,184
05/23/2021,AVP,PA,AEA,EN,Combined TRACON& Tower with Radar,10,9,8,0,27,0,9,16,0,25,10,18,24,0,52,118,0,118,170
05/24/2021,AVP,PA,AEA,EN,Combined TRACON& Tower with Radar,10,9,17,8,44,0,16,27,4,47,10,25,44,12,91,166,0,166,257
05/25/2021,AVP,PA,AEA,EN,Combined TRACON& Tower with Radar,10,13,20,8,51,0,0,8,0,8,10,13,28,8,59,0,0,0,59
05/26/2021,AVP,PA,AEA,EN,Combined TRACON& Tower with Radar,10,13,10,0,33,0,5,12,0,17,10,18,22,0,50,120,0,120,170
05/27/2021,AVP,PA,AEA,EN,Combined TRACON& Tower with Radar,10,16,18,0,44,0,11,40,0,51,10,27,58,0,95,120,0,120,215
05/28/2021,AVP,PA,AEA,EN,Combined TRACON& Tower with Radar,10,14,12,0,36,0,5,11,0,16,10,19,23,0,52,44,0,44,96
05/29/2021,AVP,PA,AEA,EN,Combined TRACON& Tower with Radar,9,13,8,0,30,0,2,1,0,3,9,15,9,0,33,8,0,8,41
05/30/2021,AVP,PA,AEA,EN,Combined TRACON& Tower with Radar,9,13,5,0,27,0,2,0,0,2,9,15,5,0,29,0,0,0,29
05/31/2021,AVP,PA,AEA,EN,Combined TRACON& Tower with Radar,10,10,15,0,35,0,4,13,0,17,10,14,28,0,52,58,0,58,110
06/01/2021,AVP,PA,AEA,EN,Combined TRACON& Tower with Radar,12,16,16,0,44,0,8,38,2,48,12,24,54,2,92,92,0,92,184
06/02/2021,AVP,PA,AEA,EN,Combined TRACON& Tower with Radar,10,17,17,0,44,0,11,18,0,29,10,28,35,0,73,88,0,88,161
06/03/2021,AVP,PA,AEA,EN,Combined TRACON& Tower with Radar,11,19,8,0,38,0,4,6,0,10,11,23,14,0,48,122,0,122,170
06/04/2021,AVP,PA,AEA,EN,Combined TRACON& Tower with Radar,7,17,10,0,34,0,8,5,0,13,7,25,15,0,47,120,0,120,167
06/05/2021,AVP,PA,AEA,EN,Combined TRACON& Tower with Radar,7,12,16,0,35,0,5,16,2,23,7,17,32,2,58,104,0,104,162
06/06/2021,AVP,PA,AEA,EN,Combined TRACON& Tower with Radar,7,9,19,0,35,0,6,27,0,33,7,15,46,0,68,148,0,148,216
06/07/2021,AVP,PA,AEA,EN,Combined TRACON& Tower with Radar,6,10,21,0,37,0,2,22,0,24,6,12,43,0,61,2,0,2,63
06/08/2021,AVP,PA,AEA,EN,Combined TRACON& Tower with Radar,8,12,13,0,33,0,0,4,0,4,8,12,17,0,37,2,0,2,39
06/09/2021,AVP,PA,AEA,EN,Combined TRACON& Tower with Radar,11,11,20,0,42,0,0,2,1,3,11,11,22,1,45,0,0,0,45
06/10/2021,AVP,PA,AEA,EN,Combined TRACON& Tower with Radar,8,15,20,0,43,0,9,37,0,46,8,24,57,0,89,28,0,28,117
06/11/2021,AVP,PA,AEA,EN,Combined TRACON& Tower with Radar,7,13,27,4,51,0,2,9,0,11,7,15,36,4,62,12,0,12,74
06/12/2021,AVP,PA,AEA,EN,Combined TRACON& Tower with Radar,6,14,13,0,33,0,2,0,0,2,6,16,13,0,35,0,0,0,35
06/13/2021,AVP,PA,AEA,EN,Combined TRACON& Tower with Radar,9,12,11,0,32,0,3,1,0,4,9,15,12,0,36,0,0,0,36
06/14/2021,AVP,PA,AEA,EN,Combined TRACON& Tower with Radar,8,11,10,0,29,0,4,4,1,9,8,15,14,1,38,4,0,4,42
06/15/2021,AVP,PA,AEA,EN,Combined TRACON& Tower with Radar,8,22,15,1,46,0,8,16,1,25,8,30,31,2,71,118,0,118,189
06/16/2021,AVP,PA,AEA,EN,Combined TRACON& Tower with Radar,8,16,15,0,39,0,21,51,0,72,8,37,66,0,111,126,0,126,237
06/17/2021,AVP,PA,AEA,EN,Combined TRACON& Tower with Radar,8,19,15,2,44,0,16,60,2,78,8,35,75,4,122,159,0,159,281
06/18/2021,AVP,PA,AEA,EN,Combined TRACON& Tower with Radar,8,16,17,0,41,0,8,35,0,43,8,24,52,0,84,74,0,74,158
06/19/2021,AVP,PA,AEA,EN,Combined TRACON& Tower with Radar,6,10,7,0,23,0,6,15,0,21,6,16,22,0,44,32,0,32,76
06/20/2021,AVP,PA,AEA,EN,Combined TRACON& Tower with Radar,7,10,6,0,23,0,2,6,0,8,7,12,12,0,31,0,0,0,31
06/21/2021,AVP,PA,AEA,EN,Combined TRACON& Tower with Radar,8,18,9,0,35,0,2,7,0,9,8,20,16,0,44,74,0,74,118
06/22/2021,AVP,PA,AEA,EN,Combined TRACON& Tower with Radar,8,15,16,0,39,0,11,4,0,15,8,26,20,0,54,126,0,126,180
06/23/2021,AVP,PA,AEA,EN,Combined TRACON& Tower with Radar,8,18,22,0,48,0,7,33,0,40,8,25,55,0,88,79,0,79,167
06/24/2021,AVP,PA,AEA,EN,Combined TRACON& Tower with Radar,9,16,21,2,48,0,10,43,0,53,9,26,64,2,101,89,0,89,190
06/25/2021,AVP,PA,AEA,EN,Combined TRACON& Tower with Radar,8,17,25,0,50,0,5,41,0,46,8,22,66,0,96,116,0,116,212
06/26/2021,AVP,PA,AEA,EN,Combined TRACON& Tower with Radar,5,9,25,0,39,0,8,7,0,15,5,17,32,0,54,72,0,72,126
06/27/2021,AVP,PA,AEA,EN,Combined TRACON& Tower with Radar,8,13,35,0,56,0,13,19,1,33,8,26,54,1,89,0,0,0,89
06/28/2021,AVP,PA,AEA,EN,Combined TRACON& Tower with Radar,9,13,10,0,32,0,9,27,0,36,9,22,37,0,68,122,0,122,190
06/29/2021,AVP,PA,AEA,EN,Combined TRACON& Tower with Radar,8,19,14,0,41,0,10,29,0,39,8,29,43,0,80,126,0,126,206
06/30/2021,AVP,PA,AEA,EN,Combined TRACON& Tower with Radar,7,23,15,0,45,0,4,12,0,16,7,27,27,0,61,112,0,112,173
07/01/2021,AVP,PA,AEA,EN,Combined TRACON& Tower with Radar,7,17,19,0,43,0,0,4,0,4,7,17,23,0,47,30,0,30,77
07/02/2021,AVP,PA,AEA,EN,Combined TRACON& Tower with Radar,8,18,12,0,38,0,13,7,0,20,8,31,19,0,58,76,0,76,134
07/03/2021,AVP,PA,AEA,EN,Combined TRACON& Tower with Radar,6,15,15,0,36,0,5,7,0,12,6,20,22,0,48,117,0,117,165
07/04/2021,AVP,PA,AEA,EN,Combined TRACON& Tower with Radar,7,9,6,0,22,0,3,9,0,12,7,12,15,0,34,0,0,0,34
07/05/2021,AVP,PA,AEA,EN,Combined TRACON& Tower with Radar,8,10,21,0,39,0,20,57,0,77,8,30,78,0,116,162,0,162,278
07/06/2021,AVP,PA,AEA,EN,Combined TRACON& Tower with Radar,7,21,13,0,41,0,18,35,0,53,7,39,48,0,94,116,0,116,210
07/07/2021,AVP,PA,AEA,EN,Combined TRACON& Tower with Radar,9,20,19,0,48,0,17,29,0,46,9,37,48,0,94,141,0,141,235
07/08/2021,AVP,PA,AEA,EN,Combined TRACON& Tower with Radar,8,18,6,0,32,0,5,4,0,9,8,23,10,0,41,0,0,0,41
07/09/2021,AVP,PA,AEA,EN,Combined TRACON& Tower with Radar,7,20,11,0,38,0,3,9,0,12,7,23,20,0,50,26,0,26,76
07/10/2021,AVP,PA,AEA,EN,Combined TRACON& Tower with Radar,7,14,10,0,31,0,2,12,0,14,7,16,22,0,45,0,0,0,45
07/11/2021,AVP,PA,AEA,EN,Combined TRACON& Tower with Radar,7,12,13,0,32,0,3,5,0,8,7,15,18,0,40,16,0,16,56
07/12/2021,AVP,PA,AEA,EN,Combined TRACON& Tower with Radar,10,17,8,1,36,0,3,3,0,6,10,20,11,1,42,0,0,0,42
07/13/2021,AVP,PA,AEA,EN,Combined TRACON& Tower with Radar,9,23,19,3,54,0,1,22,0,23,9,24,41,3,77,144,0,144,221
07/14/2021,AVP,PA,AEA,EN,Combined TRACON& Tower with Radar,7,18,20,0,45,0,24,28,0,52,7,42,48,0,97,106,0,106,203
07/15/2021,AVP,PA,AEA,EN,Combined TRACON& Tower with Radar,8,21,17,0,46,0,18,56,0,74,8,39,73,0,120,142,0,142,262
07/16/2021,AVP,PA,AEA,EN,Combined TRACON& Tower with Radar,8,18,16,0,42,0,2,9,2,13,8,20,25,2,55,0,0,0,55
07/17/2021,AVP,PA,AEA,EN,Combined TRACON& Tower with Radar,6,18,7,0,31,0,4,13,0,17,6,22,20,0,48,6,0,6,54
07/18/2021,AVP,PA,AEA,EN,Combined TRACON& Tower with Radar,6,16,13,0,35,0,3,0,0,3,6,19,13,0,38,0,0,0,38
07/19/2021,AVP,PA,AEA,EN,Combined TRACON& Tower with Radar,8,18,8,0,34,0,9,23,0,32,8,27,31,0,66,85,0,85,151
07/20/2021,AVP,PA,AEA,EN,Combined TRACON& Tower with Radar,9,27,12,0,48,0,4,10,0,14,9,31,22,0,62,20,0,20,82
07/21/2021,AVP,PA,AEA,EN,Combined TRACON& Tower with Radar,8,16,24,0,48,0,3,12,0,15,8,19,36,0,63,10,0,10,73
07/22/2021,AVP,PA,AEA,EN,Combined TRACON& Tower with Radar,8,22,27,0,57,0,5,34,0,39,8,27,61,0,96,18,0,18,114
07/23/2021,AVP,PA,AEA,EN,Combined TRACON& Tower with Radar,7,25,20,0,52,0,13,36,0,49,7,38,56,0,101,56,0,56,157
07/24/2021,AVP,PA,AEA,EN,Combined TRACON& Tower with Radar,6,17,18,0,41,0,11,42,0,53,6,28,60,0,94,106,0,106,200
07/25/2021,AVP,PA,AEA,EN,Combined TRACON& Tower with Radar,8,16,21,0,45,0,14,10,0,24,8,30,31,0,69,140,0,140,209
07/26/2021,AVP,PA,AEA,EN,Combined TRACON& Tower with Radar,8,10,23,0,41,0,13,32,0,45,8,23,55,0,86,108,0,108,194
07/27/2021,AVP,PA,AEA,EN,Combined TRACON& Tower with Radar,8,16,15,0,39,0,17,36,0,53,8,33,51,0,92,140,0,140,232
07/28/2021,AVP,PA,AEA,EN,Combined TRACON& Tower with Radar,8,15,22,0,45,0,7,31,2,40,8,22,53,2,85,80,0,80,165
07/29/2021,AVP,PA,AEA,EN,Combined TRACON& Tower with Radar,7,16,32,0,55,0,15,16,0,31,7,31,48,0,86,110,0,110,196
07/30/2021,AVP,PA,AEA,EN,Combined TRACON& Tower with Radar,9,19,24,0,52,0,4,22,0,26,9,23,46,0,78,80,0,80,158
07/31/2021,AVP,PA,AEA,EN,Combined TRACON& Tower with Radar,6,13,7,0,26,0,23,43,0,66,6,36,50,0,92,112,0,112,204
08/01/2021,AVP,PA,AEA,EN,Combined TRACON& Tower with Radar,8,13,26,0,47,0,4,10,0,14,8,17,36,0,61,61,0,61,122
08/02/2021,AVP,PA,AEA,EN,Combined TRACON& Tower with Radar,8,16,18,0,42,0,19,34,0,53,8,35,52,0,95,146,0,146,241
08/03/2021,AVP,PA,AEA,EN,Combined TRACON& Tower with Radar,7,20,16,0,43,0,15,50,0,65,7,35,66,0,108,112,0,112,220
08/04/2021,AVP,PA,AEA,EN,Combined TRACON& Tower with Radar,9,21,18,0,48,0,2,28,0,30,9,23,46,0,78,14,0,14,92
08/05/2021,AVP,PA,AEA,EN,Combined TRACON& Tower with Radar,8,21,25,0,54,0,11,31,0,42,8,32,56,0,96,90,0,90,186
08/06/2021,AVP,PA,AEA,EN,Combined TRACON& Tower with Radar,7,21,15,0,43,0,9,19,0,28,7,30,34,0,71,39,0,39,110
08/07/2021,AVP,PA,AEA,EN,Combined TRACON& Tower with Radar,7,12,16,0,35,0,3,9,0,12,7,15,25,0,47,6,0,6,53
08/08/2021,AVP,PA,AEA,EN,Combined TRACON& Tower with Radar,7,10,8,0,25,0,7,28,1,36,7,17,36,1,61,90,0,90,151
08/09/2021,AVP,PA,AEA,EN,Combined TRACON& Tower with Radar,8,9,24,0,41,0,19,53,0,72,8,28,77,0,113,146,0,146,259
08/10/2021,AVP,PA,AEA,EN,Combined TRACON& Tower with Radar,10,14,7,0,31,0,20,16,0,36,10,34,23,0,67,132,0,132,199
08/11/2021,AVP,PA,AEA,EN,Combined TRACON& Tower with Radar,7,17,21,0,45,0,25,27,0,52,7,42,48,0,97,132,0,132,229
08/12/2021,AVP,PA,AEA,EN,Combined TRACON& Tower with Radar,9,21,17,2,49,0,3,23,2,28,9,24,40,4,77,40,0,40,117
08/13/2021,AVP,PA,AEA,EN,Combined TRACON& Tower with Radar,7,17,22,0,46,0,1,38,0,39,7,18,60,0,85,78,0,78,163
08/14/2021,AVP,PA,AEA,EN,Combined TRACON& Tower with Radar,6,17,8,0,31,0,4,29,0,33,6,21,37,0,64,55,0,55,119
08/15/2021,AVP,PA,AEA,EN,Combined TRACON& Tower with Radar,6,11,17,0,34,0,7,38,0,45,6,18,55,0,79,0,0,0,79
08/16/2021,AVP,PA,AEA,EN,Combined TRACON& Tower with Radar,6,13,24,8,51,0,4,35,0,39,6,17,59,8,90,78,0,78,168
08/17/2021,AVP,PA,AEA,EN,Combined TRACON& Tower with Radar,7,28,23,11,69,0,3,4,2,9,7,31,27,13,78,0,0,0,78
08/18/2021,AVP,PA,AEA,EN,Combined TRACON& Tower with Radar,8,15,16,1,40,0,5,5,0,10,8,20,21,1,50,44,0,44,94
08/19/2021,AVP,PA,AEA,EN,Combined TRACON& Tower with Radar,7,31,15,5,58,0,3,8,8,19,7,34,23,13,77,0,0,0,77
08/20/2021,AVP,PA,AEA,EN,Combined TRACON& Tower with Radar,9,17,11,1,38,0,2,12,5,19,9,19,23,6,57,5,0,5,62
08/21/2021,AVP,PA,AEA,EN,Combined TRACON& Tower with Radar,6,15,21,0,42,0,2,9,12,23,6,17,30,12,65,0,0,0,65
08/22/2021,AVP,PA,AEA,EN,Combined TRACON& Tower with Radar,8,19,12,0,39,0,4,4,1,9,8,23,16,1,48,32,0,32,80
08/23/2021,AVP,PA,AEA,EN,Combined TRACON& Tower with Radar,6,16,11,0,33,0,16,25,0,41,6,32,36,0,74,104,0,104,178
08/24/2021,AVP,PA,AEA,EN,Combined TRACON& Tower with Radar,6,16,20,2,44,0,19,47,1,67,6,35,67,3,111,136,0,136,247
08/25/2021,AVP,PA,AEA,EN,Combined TRACON& Tower with Radar,8,18,20,4,50,0,23,53,1,77,8,41,73,5,127,156,0,156,283
08/26/2021,AVP,PA,AEA,EN,Combined TRACON& Tower with Radar,8,24,13,2,47,0,25,47,1,73,8,49,60,3,120,141,0,141,261
08/27/2021,AVP,PA,AEA,EN,Combined TRACON& Tower with Radar,8,22,27,0,57,0,2,18,0,20,8,24,45,0,77,50,0,50,127
08/28/2021,AVP,PA,AEA,EN,Combined TRACON& Tower with Radar,6,16,17,0,39,0,2,2,0,4,6,18,19,0,43,0,0,0,43
08/29/2021,AVP,PA,AEA,EN,Combined TRACON& Tower with Radar,8,20,19,2,49,0,7,1,0,8,8,27,20,2,57,0,0,0,57
08/30/2021,AVP,PA,AEA,EN,Combined TRACON& Tower with Radar,6,18,2,4,30,0,17,24,2,43,6,35,26,6,73,146,0,146,219
08/31/2021,AVP,PA,AEA,EN,Combined TRACON& Tower with Radar,6,23,22,0,51,0,19,44,0,63,6,42,66,0,114,132,0,132,246
09/01/2021,AVP,PA,AEA,EN,Combined TRACON& Tower with Radar,8,17,4,0,29,0,0,0,0,0,8,17,4,0,29,0,0,0,29
09/02/2021,AVP,PA,AEA,EN,Combined TRACON& Tower with Radar,8,19,13,0,40,0,2,9,0,11,8,21,22,0,51,0,0,0,51
09/03/2021,AVP,PA,AEA,EN,Combined TRACON& Tower with Radar,8,17,17,0,42,0,15,11,1,27,8,32,28,1,69,0,0,0,69
09/04/2021,AVP,PA,AEA,EN,Combined TRACON& Tower with Radar,6,12,6,0,24,0,5,42,0,47,6,17,48,0,71,0,0,0,71
09/05/2021,AVP,PA,AEA,EN,Combined TRACON& Tower with Radar,4,9,13,0,26,0,2,2,0,4,4,11,15,0,30,0,0,0,30
09/06/2021,AVP,PA,AEA,EN,Combined TRACON& Tower with Radar,6,11,8,0,25,0,4,15,0,19,6,15,23,0,44,24,0,24,68
09/07/2021,AVP,PA,AEA,EN,Combined TRACON& Tower with Radar,6,13,14,2,35,0,6,22,0,28,6,19,36,2,63,104,0,104,167
09/08/2021,AVP,PA,AEA,EN,Combined TRACON& Tower with Radar,7,16,12,0,35,0,1,14,0,15,7,17,26,0,50,0,0,0,50
09/09/2021,AVP,PA,AEA,EN,Combined TRACON& Tower with Radar,10,19,19,0,48,0,23,24,0,47,10,42,43,0,95,136,0,136,231
09/10/2021,AVP,PA,AEA,EN,Combined TRACON& Tower with Radar,10,12,17,0,39,0,6,28,0,34,10,18,45,0,73,86,2,88,161
09/11/2021,AVP,PA,AEA,EN,Combined TRACON& Tower with Radar,9,16,20,0,45,0,3,32,0,35,9,19,52,0,80,21,0,21,101
09/12/2021,AVP,PA,AEA,EN,Combined TRACON& Tower with Radar,9,12,18,0,39,0,17,25,0,42,9,29,43,0,81,50,0,50,131
09/13/2021,AVP,PA,AEA,EN,Combined TRACON& Tower with Radar,8,11,14,0,33,0,7,12,0,19,8,18,26,0,52,50,0,50,102
09/14/2021,AVP,PA,AEA,EN,Combined TRACON& Tower with Radar,7,18,24,0,49,0,18,25,0,43,7,36,49,0,92,130,0,130,222
09/15/2021,AVP,PA,AEA,EN,Combined TRACON& Tower with Radar,7,11,9,1,28,0,14,14,0,28,7,25,23,1,56,59,0,59,115
09/16/2021,AVP,PA,AEA,EN,Combined TRACON& Tower with Radar,10,17,39,0,66,0,3,9,0,12,10,20,48,0,78,55,0,55,133
09/17/2021,AVP,PA,AEA,EN,Combined TRACON& Tower with Radar,9,21,20,14,64,0,5,1,0,6,9,26,21,14,70,0,0,0,70
09/18/2021,AVP,PA,AEA,EN,Combined TRACON& Tower with Radar,8,18,20,1,47,0,7,13,1,21,8,25,33,2,68,0,0,0,68
09/19/2021,AVP,PA,AEA,EN,Combined TRACON& Tower with Radar,10,15,12,0,37,0,10,35,0,45,10,25,47,0,82,55,0,55,137
09/20/2021,AVP,PA,AEA,EN,Combined TRACON& Tower with Radar,12,14,27,0,53,0,5,36,0,41,12,19,63,0,94,58,0,58,152
09/21/2021,AVP,PA,AEA,EN,Combined TRACON& Tower with Radar,8,18,25,2,53,0,11,14,0,25,8,29,39,2,78,90,0,90,168
09/22/2021,AVP,PA,AEA,EN,Combined TRACON& Tower with Radar,7,19,10,2,38,0,6,5,0,11,7,25,15,2,49,90,0,90,139
09/23/2021,AVP,PA,AEA,EN,Combined TRACON& Tower with Radar,10,16,11,0,37,0,2,6,0,8,10,18,17,0,45,50,0,50,95
09/24/2021,AVP,PA,AEA,EN,Combined TRACON& Tower with Radar,10,22,24,0,56,0,7,25,0,32,10,29,49,0,88,109,0,109,197
09/25/2021,AVP,PA,AEA,EN,Combined TRACON& Tower with Radar,9,14,15,2,40,0,15,23,1,39,9,29,38,3,79,51,0,51,130
09/26/2021,AVP,PA,AEA,EN,Combined TRACON& Tower with Radar,9,14,16,0,39,0,9,16,0,25,9,23,32,0,64,0,0,0,64
09/27/2021,AVP,PA,AEA,EN,Combined TRACON& Tower with Radar,8,16,15,0,39,0,8,23,0,31,8,24,38,0,70,0,0,0,70
09/28/2021,AVP,PA,AEA,EN,Combined TRACON& Tower with Radar,7,18,12,0,37,0,16,21,0,37,7,34,33,0,74,128,0,128,202
09/29/2021,AVP,PA,AEA,EN,Combined TRACON& Tower with Radar,7,16,17,6,46,0,24,31,0,55,7,40,48,6,101,148,0,148,249
09/30/2021,AVP,PA,AEA,EN,Combined TRACON& Tower with Radar,10,19,31,0,60,0,5,18,0,23,10,24,49,0,83,80,0,80,163
10/01/2021,AVP,PA,AEA,EN,Combined TRACON& Tower with Radar,10,23,22,0,55,0,14,40,0,54,10,37,62,0,109,152,0,152,261
10/02/2021,AVP,PA,AEA,EN,Combined TRACON& Tower with Radar,7,12,11,0,30,0,6,34,0,40,7,18,45,0,70,52,0,52,122
10/03/2021,AVP,PA,AEA,EN,Combined TRACON& Tower with Radar,8,15,16,0,39,0,8,9,0,17,8,23,25,0,56,98,0,98,154
10/04/2021,AVP,PA,AEA,EN,Combined TRACON& Tower with Radar,9,14,13,0,36,0,4,4,0,8,9,18,17,0,44,32,0,32,76
10/05/2021,AVP,PA,AEA,EN,Combined TRACON& Tower with Radar,7,17,18,8,50,0,8,7,0,15,7,25,25,8,65,66,0,66,131
10/06/2021,AVP,PA,AEA,EN,Combined TRACON& Tower with Radar,7,19,21,2,49,0,14,6,1,21,7,33,27,3,70,86,0,86,156
10/07/2021,AVP,PA,AEA,EN,Combined TRACON& Tower with Radar,9,14,30,9,62,0,2,19,0,21,9,16,49,9,83,66,0,66,149
10/08/2021,AVP,PA,AEA,EN,Combined TRACON& Tower with Radar,8,19,18,0,45,0,11,12,0,23,8,30,30,0,68,72,0,72,140
10/09/2021,AVP,PA,AEA,EN,Combined TRACON& Tower with Radar,6,13,8,0,27,0,13,6,0,19,6,26,14,0,46,32,0,32,78
10/10/2021,AVP,PA,AEA,EN,Combined TRACON& Tower with Radar,10,12,23,0,45,0,1,0,0,1,10,13,23,0,46,0,0,0,46
10/11/2021,AVP,PA,AEA,EN,Combined TRACON& Tower with Radar,8,10,27,0,45,0,33,27,0,60,8,43,54,0,105,210,0,210,315
10/12/2021,AVP,PA,AEA,EN,Combined TRACON& Tower with Radar,6,23,22,0,51,0,23,24,0,47,6,46,46,0,98,160,0,160,258
10/13/2021,AVP,PA,AEA,EN,Combined TRACON& Tower with Radar,8,19,23,1,51,0,19,20,0,39,8,38,43,1,90,144,0,144,234
10/14/2021,AVP,PA,AEA,EN,Combined TRACON& Tower with Radar,8,21,20,0,49,0,21,48,0,69,8,42,68,0,118,168,0,168,286
10/15/2021,AVP,PA,AEA,EN,Combined TRACON& Tower with Radar,8,18,23,0,49,0,18,29,0,47,8,36,52,0,96,136,0,136,232
10/16/2021,AVP,PA,AEA,EN,Combined TRACON& Tower with Radar,9,15,12,0,36,0,3,2,0,5,9,18,14,0,41,0,0,0,41
10/17/2021,AVP,PA,AEA,EN,Combined TRACON& Tower with Radar,9,17,4,0,30,0,4,4,2,10,9,21,8,2,40,0,0,0,40
10/18/2021,AVP,PA,AEA,EN,Combined TRACON& Tower with Radar,8,15,8,0,31,0,8,6,0,14,8,23,14,0,45,75,0,75,120
10/19/2021,AVP,PA,AEA,EN,Combined TRACON& Tower with Radar,6,19,6,2,33,0,12,22,0,34,6,31,28,2,67,103,0,103,170
10/20/2021,AVP,PA,AEA,EN,Combined TRACON& Tower with Radar,8,20,16,4,48,0,19,30,2,51,8,39,46,6,99,158,0,158,257
10/21/2021,AVP,PA,AEA,EN,Combined TRACON& Tower with Radar,8,23,14,0,45,0,23,44,2,69,8,46,58,2,114,150,0,150,264
10/22/2021,AVP,PA,AEA,EN,Combined TRACON& Tower with Radar,8,20,10,0,38,0,4,7,0,11,8,24,17,0,49,72,0,72,121
10/23/2021,AVP,PA,AEA,EN,Combined TRACON& Tower with Radar,8,11,5,0,24,0,4,9,0,13,8,15,14,0,37,16,0,16,53
10/24/2021,AVP,PA,AEA,EN,Combined TRACON& Tower with Radar,8,14,10,0,32,0,0,4,0,4,8,14,14,0,36,0,0,0,36
10/25/2021,AVP,PA,AEA,EN,Combined TRACON& Tower with Radar,11,15,26,2,54,0,17,43,2,62,11,32,69,4,116,173,4,177,293
10/26/2021,AVP,PA,AEA,EN,Combined TRACON& Tower with Radar,8,27,9,0,44,0,9,10,0,19,8,36,19,0,63,80,0,80,143
10/27/2021,AVP,PA,AEA,EN,Combined TRACON& Tower with Radar,8,17,14,2,41,0,14,26,0,40,8,31,40,2,81,183,0,183,264
10/28/2021,AVP,PA,AEA,EN,Combined TRACON& Tower with Radar,9,18,17,0,44,0,5,39,1,45,9,23,56,1,89,0,0,0,89
10/29/2021,AVP,PA,AEA,EN,Combined TRACON& Tower with Radar,8,19,17,0,44,0,3,0,0,3,8,22,17,0,47,0,0,0,47
10/30/2021,AVP,PA,AEA,EN,Combined TRACON& Tower with Radar,6,15,3,0,24,0,3,2,1,6,6,18,5,1,30,0,0,0,30
10/31/2021,AVP,PA,AEA,EN,Combined TRACON& Tower with Radar,6,13,10,0,29,0,4,1,0,5,6,17,11,0,34,0,0,0,34
11/01/2021,AVP,PA,AEA,EN,Combined TRACON& Tower with Radar,8,13,9,1,31,0,23,39,1,63,8,36,48,2,94,178,0,178,272
11/02/2021,AVP,PA,AEA,EN,Combined TRACON& Tower with Radar,7,19,12,6,44,0,28,38,0,66,7,47,50,6,110,146,6,152,262
11/03/2021,AVP,PA,AEA,EN,Combined TRACON& Tower with Radar,11,18,16,0,45,0,20,34,2,56,11,38,50,2,101,144,0,144,245
11/04/2021,AVP,PA,AEA,EN,Combined TRACON& Tower with Radar,13,9,18,6,46,0,31,55,0,86,13,40,73,6,132,174,0,174,306
11/05/2021,AVP,PA,AEA,EN,Combined TRACON& Tower with Radar,12,13,15,0,40,0,18,30,0,48,12,31,45,0,88,96,0,96,184
11/06/2021,AVP,PA,AEA,EN,Combined TRACON& Tower with Radar,10,7,9,0,26,0,14,36,0,50,10,21,45,0,76,52,0,52,128
11/07/2021,AVP,PA,AEA,EN,Combined TRACON& Tower with Radar,12,6,13,0,31,0,32,47,1,80,12,38,60,1,111,163,0,163,274
11/08/2021,AVP,PA,AEA,EN,Combined TRACON& Tower with Radar,12,7,18,0,37,0,15,11,1,27,12,22,29,1,64,0,0,0,64
11/09/2021,AVP,PA,AEA,EN,Combined TRACON& Tower with Radar,10,8,11,2,31,0,10,33,4,47,10,18,44,6,78,158,0,158,236
11/10/2021,AVP,PA,AEA,EN,Combined TRACON& Tower with Radar,12,13,13,0,38,0,16,29,0,45,12,29,42,0,83,144,0,144,227
11/11/2021,AVP,PA,AEA,EN,Combined TRACON& Tower with Radar,12,12,22,0,46,0,5,27,0,32,12,17,49,0,78,97,0,97,175
11/12/2021,AVP,PA,AEA,EN,Combined TRACON& Tower with Radar,11,11,12,0,34,0,8,18,0,26,11,19,30,0,60,68,0,68,128
11/13/2021,AVP,PA,AEA,EN,Combined TRACON& Tower with Radar,12,5,4,0,21,0,2,2,0,4,12,7,6,0,25,0,0,0,25
11/14/2021,AVP,PA,AEA,EN,Combined TRACON& Tower with Radar,13,10,11,0,34,0,6,26,0,32,13,16,37,0,66,94,0,94,160
11/15/2021,AVP,PA,AEA,EN,Combined TRACON& Tower with Radar,12,11,5,0,28,0,10,7,0,17,12,21,12,0,45,84,0,84,129
11/16/2021,AVP,PA,AEA,EN,Combined TRACON& Tower with Radar,10,9,8,0,27,0,15,38,3,56,10,24,46,3,83,96,0,96,179
11/17/2021,AVP,PA,AEA,EN,Combined TRACON& Tower with Radar,12,11,17,0,40,0,18,30,4,52,12,29,47,4,92,153,0,153,245
11/18/2021,AVP,PA,AEA,EN,Combined TRACON& Tower with Radar,12,13,5,0,30,0,18,35,1,54,12,31,40,1,84,128,0,128,212
11/19/2021,AVP,PA,AEA,EN,Combined TRACON& Tower with Radar,12,19,13,0,44,0,6,5,0,11,12,25,18,0,55,69,0,69,124
11/20/2021,AVP,PA,AEA,EN,Combined TRACON& Tower with Radar,11,8,14,0,33,0,18,55,1,74,11,26,69,1,107,115,0,115,222
11/21/2021,AVP,PA,AEA,EN,Combined TRACON& Tower with Radar,13,9,7,0,29,0,7,13,0,20,13,16,20,0,49,0,0,0,49
11/22/2021,AVP,PA,AEA,EN,Combined TRACON& Tower with Radar,12,8,21,0,41,0,16,27,0,43,12,24,48,0,84,136,0,136,220
11/23/2021,AVP,PA,AEA,EN,Combined TRACON& Tower with Radar,12,20,13,0,45,0,18,24,2,44,12,38,37,2,89,134,0,134,223
11/24/2021,AVP,PA,AEA,EN,Combined TRACON& Tower with Radar,12,9,19,2,42,0,26,73,0,99,12,35,92,2,141,166,0,166,307
11/25/2021,AVP,PA,AEA,EN,Combined TRACON& Tower with Radar,4,2,2,0,8,0,8,11,0,19,4,10,13,0,27,34,0,34,61
11/26/2021,AVP,PA,AEA,EN,Combined TRACON& Tower with Radar,9,6,4,0,19,0,1,2,0,3,9,7,6,0,22,26,0,26,48
11/27/2021,AVP,PA,AEA,EN,Combined TRACON& Tower with Radar,15,5,8,0,28,0,0,4,0,4,15,5,12,0,32,0,0,0,32
11/28/2021,AVP,PA,AEA,EN,Combined TRACON& Tower with Radar,12,4,6,0,22,0,0,0,0,0,12,4,6,0,22,0,0,0,22
11/29/2021,AVP,PA,AEA,EN,Combined TRACON& Tower with Radar,11,12,10,2,35,0,0,3,0,3,11,12,13,2,38,0,0,0,38
11/30/2021,AVP,PA,AEA,EN,Combined TRACON& Tower with Radar,12,10,4,0,26,0,4,12,0,16,12,14,16,0,42,106,0,106,148
12/01/2021,AVP,PA,AEA,EN,Combined TRACON& Tower with Radar,12,12,28,1,53,0,25,37,1,63,12,37,65,2,116,125,0,125,241
12/02/2021,AVP,PA,AEA,EN,Combined TRACON& Tower with Radar,12,10,14,0,36,0,3,11,0,14,12,13,25,0,50,40,2,42,92
12/03/2021,AVP,PA,AEA,EN,Combined TRACON& Tower with Radar,12,9,17,0,38,0,8,17,0,25,12,17,34,0,63,56,0,56,119
12/04/2021,AVP,PA,AEA,EN,Combined TRACON& Tower with Radar,11,15,2,0,28,0,13,28,1,42,11,28,30,1,70,96,0,96,166
12/05/2021,AVP,PA,AEA,EN,Combined TRACON& Tower with Radar,13,10,14,0,37,0,15,30,0,45,13,25,44,0,82,114,0,114,196
12/06/2021,AVP,PA,AEA,EN,Combined TRACON& Tower with Radar,10,19,7,0,36,0,4,4,0,8,10,23,11,0,44,56,0,56,100
12/07/2021,AVP,PA,AEA,EN,Combined TRACON& Tower with Radar,10,12,26,0,48,0,25,23,0,48,10,37,49,0,96,134,0,134,230
12/08/2021,AVP,PA,AEA,EN,Combined TRACON& Tower with Radar,12,15,15,0,42,0,17,27,0,44,12,32,42,0,86,150,0,150,236
12/09/2021,AVP,PA,AEA,EN,Combined TRACON& Tower with Radar,12,13,8,0,33,0,24,34,0,58,12,37,42,0,91,138,0,138,229
12/10/2021,AVP,PA,AEA,EN,Combined TRACON& Tower with Radar,12,15,12,0,39,0,7,14,2,23,12,22,26,2,62,0,0,0,62
12/11/2021,AVP,PA,AEA,EN,Combined TRACON& Tower with Radar,16,7,1,0,24,0,1,2,0,3,16,8,3,0,27,20,4,24,51
12/12/2021,AVP,PA,AEA,EN,Combined TRACON& Tower with Radar,12,8,15,0,35,0,7,30,0,37,12,15,45,0,72,45,0,45,117
12/13/2021,AVP,PA,AEA,EN,Combined TRACON& Tower with Radar,10,17,25,0,52,0,19,26,0,45,10,36,51,0,97,144,0,144,241
12/14/2021,AVP,PA,AEA,EN,Combined TRACON& Tower with Radar,10,16,20,0,46,0,16,39,2,57,10,32,59,2,103,164,0,164,267
12/15/2021,AVP,PA,AEA,EN,Combined TRACON& Tower with Radar,12,12,18,0,42,0,19,24,0,43,12,31,42,0,85,172,0,172,257
12/16/2021,AVP,PA,AEA,EN,Combined TRACON& Tower with Radar,12,15,21,0,48,0,15,24,2,41,12,30,45,2,89,148,0,148,237
12/17/2021,AVP,PA,AEA,EN,Combined TRACON& Tower with Radar,13,20,25,0,58,0,6,35,0,41,13,26,60,0,99,78,0,78,177
12/18/2021,AVP,PA,AEA,EN,Combined TRACON& Tower with Radar,11,9,7,0,27,0,1,0,0,1,11,10,7,0,28,0,0,0,28
12/19/2021,AVP,PA,AEA,EN,Combined TRACON& Tower with Radar,12,10,4,0,26,0,2,0,0,2,12,12,4,0,28,0,0,0,28
12/20/2021,AVP,PA,AEA,EN,Combined TRACON& Tower with Radar,12,7,20,0,39,0,14,65,2,81,12,21,85,2,120,160,0,160,280
12/21/2021,AVP,PA,AEA,EN,Combined TRACON& Tower with Radar,12,19,20,2,53,0,16,60,0,76,12,35,80,2,129,176,0,176,305
12/22/2021,AVP,PA,AEA,EN,Combined TRACON& Tower with Radar,14,14,10,0,38,0,11,15,0,26,14,25,25,0,64,60,0,60,124
12/23/2021,AVP,PA,AEA,EN,Combined TRACON& Tower with Radar,12,15,15,1,43,0,16,41,0,57,12,31,56,1,100,213,0,213,313
12/24/2021,AVP,PA,AEA,EN,Combined TRACON& Tower with Radar,10,12,2,0,24,0,9,13,0,22,10,21,15,0,46,14,0,14,60
12/25/2021,AVP,PA,AEA,EN,Combined TRACON& Tower with Radar,12,8,3,0,23,0,1,0,0,1,12,9,3,0,24,0,0,0,24
12/26/2021,AVP,PA,AEA,EN,Combined TRACON& Tower with Radar,14,6,6,0,26,0,8,13,0,21,14,14,19,0,47,80,0,80,127
12/27/2021,AVP,PA,AEA,EN,Combined TRACON& Tower with Radar,12,13,3,4,32,0,13,14,0,27,12,26,17,4,59,96,20,116,175
12/28/2021,AVP,PA,AEA,EN,Combined TRACON& Tower with Radar,12,11,17,1,41,0,12,30,2,44,12,23,47,3,85,136,0,136,221
12/29/2021,AVP,PA,AEA,EN,Combined TRACON& Tower with Radar,12,12,8,0,32,0,14,19,0,33,12,26,27,0,65,148,0,148,213
12/30/2021,AVP,PA,AEA,EN,Combined TRACON& Tower with Radar,16,10,5,0,31,0,0,0,0,0,16,10,5,0,31,0,0,0,31
12/31/2021,AVP,PA,AEA,EN,Combined TRACON& Tower with Radar,8,10,8,0,26,0,2,0,0,2,8,12,8,0,28,0,0,0,28
01/01/2022,AVP,PA,AEA,EN,Combined TRACON& Tower with Radar,11,10,0,0,21,0,0,0,0,0,11,10,0,0,21,0,0,0,21
01/02/2022,AVP,PA,AEA,EN,Combined TRACON& Tower with Radar,12,10,3,0,25,0,3,3,0,6,12,13,6,0,31,58,0,58,89
01/03/2022,AVP,PA,AEA,EN,Combined TRACON& Tower with Radar,11,9,4,6,30,0,12,17,4,33,11,21,21,10,63,98,0,98,161
01/04/2022,AVP,PA,AEA,EN,Combined TRACON& Tower with Radar,7,13,13,1,34,0,4,36,0,40,7,17,49,1,74,136,0,136,210
01/05/2022,AVP,PA,AEA,EN,Combined TRACON& Tower with Radar,6,15,14,0,35,0,3,7,0,10,6,18,21,0,45,0,0,0,45
01/06/2022,AVP,PA,AEA,EN,Combined TRACON& Tower with Radar,6,15,15,1,37,0,5,12,1,18,6,20,27,2,55,24,0,24,79
01/07/2022,AVP,PA,AEA,EN,Combined TRACON& Tower with Radar,6,12,6,0,24,0,4,0,0,4,6,16,6,0,28,0,0,0,28
01/08/2022,AVP,PA,AEA,EN,Combined TRACON& Tower with Radar,4,11,25,0,40,0,4,27,0,31,4,15,52,0,71,24,0,24,95
01/09/2022,AVP,PA,AEA,EN,Combined TRACON& Tower with Radar,6,10,1,0,17,0,2,0,0,2,6,12,1,0,19,0,0,0,19
01/10/2022,AVP,PA,AEA,EN,Combined TRACON& Tower with Radar,6,14,10,0,30,0,5,8,1,14,6,19,18,1,44,0,0,0,44
01/11/2022,AVP,PA,AEA,EN,Combined TRACON& Tower with Radar,6,15,18,0,39,0,4,20,0,24,6,19,38,0,63,0,0,0,63
01/12/2022,AVP,PA,AEA,EN,Combined TRACON& Tower with Radar,6,15,15,0,36,0,15,37,0,52,6,30,52,0,88,168,0,168,256
01/13/2022,AVP,PA,AEA,EN,Combined TRACON& Tower with Radar,6,15,10,0,31,0,8,20,0,28,6,23,30,0,59,0,0,0,59
01/14/2022,AVP,PA,AEA,EN,Combined TRACON& Tower with Radar,6,12,8,0,26,0,22,17,0,39,6,34,25,0,65,132,0,132,197
01/15/2022,AVP,PA,AEA,EN,Combined TRACON& Tower with Radar,4,10,16,0,30,0,8,20,0,28,4,18,36,0,58,86,0,86,144
01/16/2022,AVP,PA,AEA,EN,Combined TRACON& Tower with Radar,0,5,0,0,5,0,2,8,0,10,0,7,8,0,15,0,0,0,15
01/17/2022,AVP,PA,AEA,EN,Combined TRACON& Tower with Radar,2,5,3,0,10,0,2,0,0,2,2,7,3,0,12,0,0,0,12
01/18/2022,AVP,PA,AEA,EN,Combined TRACON& Tower with Radar,6,16,9,1,32,0,14,16,3,33,6,30,25,4,65,76,0,76,141
01/19/2022,AVP,PA,AEA,EN,Combined TRACON& Tower with Radar,6,13,12,0,31,0,15,30,1,46,6,28,42,1,77,98,0,98,175
01/20/2022,AVP,PA,AEA,EN,Combined TRACON& Tower with Radar,6,22,4,0,32,0,12,11,0,23,6,34,15,0,55,92,0,92,147
01/21/2022,AVP,PA,AEA,EN,Combined TRACON& Tower with Radar,6,17,12,0,35,0,23,35,1,59,6,40,47,1,94,134,0,134,228
01/22/2022,AVP,PA,AEA,EN,Combined TRACON& Tower with Radar,2,9,18,0,29,0,9,33,0,42,2,18,51,0,71,20,0,20,91
01/23/2022,AVP,PA,AEA,EN,Combined TRACON& Tower with Radar,6,8,9,0,23,0,11,19,0,30,6,19,28,0,53,160,0,160,213
01/24/2022,AVP,PA,AEA,EN,Combined TRACON& Tower with Radar,6,14,6,0,26,0,15,23,0,38,6,29,29,0,64,90,0,90,154
01/25/2022,AVP,PA,AEA,EN,Combined TRACON& Tower with Radar,6,13,10,0,29,0,12,15,0,27,6,25,25,0,56,112,0,112,168
01/26/2022,AVP,PA,AEA,EN,Combined TRACON& Tower with Radar,6,13,16,3,38,0,17,19,2,38,6,30,35,5,76,108,0,108,184
01/27/2022,AVP,PA,AEA,EN,Combined TRACON& Tower with Radar,6,14,8,0,28,0,18,41,0,59,6,32,49,0,87,117,0,117,204
01/28/2022,AVP,PA,AEA,EN,Combined TRACON& Tower with Radar,6,14,4,1,25,0,6,8,0,14,6,20,12,1,39,70,0,70,109
01/29/2022,AVP,PA,AEA,EN,Combined TRACON& Tower with Radar,4,12,2,0,18,0,0,4,0,4,4,12,6,0,22,40,0,40,62
01/30/2022,AVP,PA,AEA,EN,Combined TRACON& Tower with Radar,6,16,7,0,29,0,12,13,1,26,6,28,20,1,55,82,0,82,137
01/31/2022,AVP,PA,AEA,EN,Combined TRACON& Tower with Radar,6,21,10,0,37,0,12,24,0,36,6,33,34,0,73,86,0,86,159
02/01/2022,AVP,PA,AEA,EN,Combined TRACON& Tower with Radar,6,14,21,2,43,0,24,29,0,53,6,38,50,2,96,178,0,178,274
02/02/2022,AVP,PA,AEA,EN,Combined TRACON& Tower with Radar,6,10,13,0,29,0,0,1,0,1,6,10,14,0,30,0,0,0,30
02/03/2022,AVP,PA,AEA,EN,Combined TRACON& Tower with Radar,4,9,0,0,13,0,0,0,0,0,4,9,0,0,13,0,0,0,13
02/04/2022,AVP,PA,AEA,EN,Combined TRACON& Tower with Radar,0,7,1,0,8,0,0,0,0,0,0,7,1,0,8,0,0,0,8
02/05/2022,AVP,PA,AEA,EN,Combined TRACON& Tower with Radar,3,10,4,0,17,0,2,6,0,8,3,12,10,0,25,30,0,30,55
02/06/2022,AVP,PA,AEA,EN,Combined TRACON& Tower with Radar,4,13,10,0,27,0,8,31,0,39,4,21,41,0,66,60,0,60,126
02/07/2022,AVP,PA,AEA,EN,Combined TRACON& Tower with Radar,5,13,2,0,20,0,1,2,0,3,5,14,4,0,23,0,0,0,23
02/08/2022,AVP,PA,AEA,EN,Combined TRACON& Tower with Radar,6,11,4,0,21,0,2,4,0,6,6,13,8,0,27,0,0,0,27
02/09/2022,AVP,PA,AEA,EN,Combined TRACON& Tower with Radar,6,20,22,0,48,0,11,76,2,89,6,31,98,2,137,186,0,186,323
02/10/2022,AVP,PA,AEA,EN,Combined TRACON& Tower with Radar,6,12,11,2,31,0,4,20,1,25,6,16,31,3,56,0,0,0,56
02/11/2022,AVP,PA,AEA,EN,Combined TRACON& Tower with Radar,6,14,15,0,35,0,8,24,0,32,6,22,39,0,67,0,0,0,67
02/12/2022,AVP,PA,AEA,EN,Combined TRACON& Tower with Radar,4,10,4,0,18,0,14,21,0,35,4,24,25,0,53,154,0,154,207
02/13/2022,AVP,PA,AEA,EN,Combined TRACON& Tower with Radar,6,7,2,0,15,0,0,1,0,1,6,7,3,0,16,0,0,0,16
02/14/2022,AVP,PA,AEA,EN,Combined TRACON& Tower with Radar,6,10,13,3,32,0,13,15,3,31,6,23,28,6,63,122,0,122,185
02/15/2022,AVP,PA,AEA,EN,Combined TRACON& Tower with Radar,6,12,23,6,47,0,8,36,0,44,6,20,59,6,91,100,2,102,193
02/16/2022,AVP,PA,AEA,EN,Combined TRACON& Tower with Radar,6,14,9,2,31,0,4,13,0,17,6,18,22,2,48,0,0,0,48
02/17/2022,AVP,PA,AEA,EN,Combined TRACON& Tower with Radar,6,13,13,0,32,0,4,2,0,6,6,17,15,0,38,0,0,0,38
02/18/2022,AVP,PA,AEA,EN,Combined TRACON& Tower with Radar,6,15,7,0,28,0,4,3,0,7,6,19,10,0,35,0,0,0,35
02/19/2022,AVP,PA,AEA,EN,Combined TRACON& Tower with Radar,8,11,4,0,23,0,0,3,0,3,8,11,7,0,26,0,0,0,26
02/20/2022,AVP,PA,AEA,EN,Combined TRACON& Tower with Radar,6,13,14,0,33,0,0,25,0,25,6,13,39,0,58,0,0,0,58
02/21/2022,AVP,PA,AEA,EN,Combined TRACON& Tower with Radar,6,17,19,0,42,0,15,40,0,55,6,32,59,0,97,142,0,142,239
02/22/2022,AVP,PA,AEA,EN,Combined TRACON& Tower with Radar,6,20,18,0,44,0,10,14,0,24,6,30,32,0,68,114,0,114,182
02/23/2022,AVP,PA,AEA,EN,Combined TRACON& Tower with Radar,6,18,8,0,32,0,16,15,0,31,6,34,23,0,63,96,0,96,159
02/24/2022,AVP,PA,AEA,EN,Combined TRACON& Tower with Radar,5,16,13,1,35,0,18,25,3,46,5,34,38,4,81,160,0,160,241
02/25/2022,AVP,PA,AEA,EN,Combined TRACON& Tower with Radar,7,11,4,0,22,0,0,4,0,4,7,11,8,0,26,40,0,40,66
02/26/2022,AVP,PA,AEA,EN,Combined TRACON& Tower with Radar,4,12,17,0,33,0,4,17,0,21,4,16,34,0,54,76,0,76,130
02/27/2022,AVP,PA,AEA,EN,Combined TRACON& Tower with Radar,6,15,5,0,26,0,0,6,0,6,6,15,11,0,32,20,0,20,52
02/28/2022,AVP,PA,AEA,EN,Combined TRACON& Tower with Radar,6,11,18,0,35,0,13,33,0,46,6,24,51,0,81,162,0,162,243
03/01/2022,AVP,PA,AEA,EN,Combined TRACON& Tower with Radar,6,13,5,0,24,0,8,25,0,33,6,21,30,0,57,88,0,88,145
03/02/2022,AVP,PA,AEA,EN,Combined TRACON& Tower with Radar,6,19,11,0,36,0,16,50,0,66,6,35,61,0,102,150,0,150,252
03/03/2022,AVP,PA,AEA,EN,Combined TRACON& Tower with Radar,7,11,11,0,29,0,7,10,0,17,7,18,21,0,46,0,0,0,46
03/04/2022,AVP,PA,AEA,EN,Combined TRACON& Tower with Radar,10,9,18,0,37,0,4,47,0,51,10,13,65,0,88,33,0,33,121
03/05/2022,AVP,PA,AEA,EN,Combined TRACON& Tower with Radar,6,6,11,0,23,0,14,28,0,42,6,20,39,0,65,164,0,164,229
03/06/2022,AVP,PA,AEA,EN,Combined TRACON& Tower with Radar,12,8,1,0,21,0,6,6,0,12,12,14,7,0,33,0,0,0,33
03/07/2022,AVP,PA,AEA,EN,Combined TRACON& Tower with Radar,13,10,7,0,30,0,9,11,0,20,13,19,18,0,50,106,0,106,156
03/08/2022,AVP,PA,AEA,EN,Combined TRACON& Tower with Radar,13,13,9,0,35,0,15,32,0,47,13,28,41,0,82,150,0,150,232
03/09/2022,AVP,PA,AEA,EN,Combined TRACON& Tower with Radar,10,10,2,0,22,0,7,0,0,7,10,17,2,0,29,36,0,36,65
03/10/2022,AVP,PA,AEA,EN,Combined TRACON& Tower with Radar,12,9,25,0,46,0,13,34,2,49,12,22,59,2,95,146,0,146,241
03/11/2022,AVP,PA,AEA,EN,Combined TRACON& Tower with Radar,12,13,9,0,34,0,21,25,0,46,12,34,34,0,80,143,0,143,223
03/12/2022,AVP,PA,AEA,EN,Combined TRACON& Tower with Radar,7,5,2,0,14,0,1,0,0,1,7,6,2,0,15,0,0,0,15
03/13/2022,AVP,PA,AEA,EN,Combined TRACON& Tower with Radar,12,7,2,0,21,0,6,2,0,8,12,13,4,0,29,0,0,0,29
03/14/2022,AVP,PA,AEA,EN,Combined TRACON& Tower with Radar,11,12,9,0,32,0,10,18,0,28,11,22,27,0,60,0,0,0,60
03/15/2022,AVP,PA,AEA,EN,Combined TRACON& Tower with Radar,10,12,22,1,45,0,10,19,0,29,10,22,41,1,74,0,0,0,74
03/16/2022,AVP,PA,AEA,EN,Combined TRACON& Tower with Radar,10,15,21,8,54,0,17,63,2,82,10,32,84,10,136,166,0,166,302
03/17/2022,AVP,PA,AEA,EN,Combined TRACON& Tower with Radar,14,12,13,1,40,0,14,23,0,37,14,26,36,1,77,104,0,104,181
03/18/2022,AVP,PA,AEA,EN,Combined TRACON& Tower with Radar,10,28,18,0,56,0,1,17,0,18,10,29,35,0,74,50,0,50,124
03/19/2022,AVP,PA,AEA,EN,Combined TRACON& Tower with Radar,8,7,2,0,17,0,4,5,0,9,8,11,7,0,26,46,0,46,72
03/20/2022,AVP,PA,AEA,EN,Combined TRACON& Tower with Radar,10,15,11,0,36,0,0,0,2,2,10,15,11,2,38,0,0,0,38
03/21/2022,AVP,PA,AEA,EN,Combined TRACON& Tower with Radar,12,8,10,0,30,0,14,31,0,45,12,22,41,0,75,176,0,176,251
03/22/2022,AVP,PA,AEA,EN,Combined TRACON& Tower with Radar,10,17,29,0,56,0,20,27,0,47,10,37,56,0,103,122,0,122,225
03/23/2022,AVP,PA,AEA,EN,Combined TRACON& Tower with Radar,10,11,14,4,39,0,4,24,4,32,10,15,38,8,71,39,1,40,111
03/24/2022,AVP,PA,AEA,EN,Combined TRACON& Tower with Radar,9,14,12,2,37,0,0,6,0,6,9,14,18,2,43,24,0,24,67
03/25/2022,AVP,PA,AEA,EN,Combined TRACON& Tower with Radar,11,10,12,0,33,0,0,7,0,7,11,10,19,0,40,0,0,0,40
03/26/2022,AVP,PA,AEA,EN,Combined TRACON& Tower with Radar,8,7,0,0,15,0,2,1,0,3,8,9,1,0,18,0,0,0,18
03/27/2022,AVP,PA,AEA,EN,Combined TRACON& Tower with Radar,7,9,3,0,19,0,2,2,0,4,7,11,5,0,23,0,0,0,23
03/28/2022,AVP,PA,AEA,EN,Combined TRACON& Tower with Radar,11,13,9,0,33,0,2,5,0,7,11,15,14,0,40,0,0,0,40
03/29/2022,AVP,PA,AEA,EN,Combined TRACON& Tower with Radar,10,15,13,0,38,0,9,16,4,29,10,24,29,4,67,68,0,68,135
03/30/2022,AVP,PA,AEA,EN,Combined TRACON& Tower with Radar,10,15,11,0,36,0,18,25,0,43,10,33,36,0,79,136,0,136,215
03/31/2022,AVP,PA,AEA,EN,Combined TRACON& Tower with Radar,12,15,13,0,40,0,2,0,0,2,12,17,13,0,42,0,0,0,42
04/01/2022,AVP,PA,AEA,EN,Combined TRACON& Tower with Radar,10,13,5,2,30,0,4,2,0,6,10,17,7,2,36,0,0,0,36
04/02/2022,AVP,PA,AEA,EN,Combined TRACON& Tower with Radar,6,8,21,0,35,0,2,21,0,23,6,10,42,0,58,0,0,0,58
04/03/2022,AVP,PA,AEA,EN,Combined TRACON& Tower with Radar,8,7,8,0,23,0,0,2,0,2,8,7,10,0,25,0,0,0,25
04/04/2022,AVP,PA,AEA,EN,Combined TRACON& Tower with Radar,10,18,14,0,42,0,22,26,1,49,10,40,40,1,91,146,0,146,237
04/05/2022,AVP,PA,AEA,EN,Combined TRACON& Tower with Radar,10,19,16,2,47,0,17,36,0,53,10,36,52,2,100,174,0,174,274
04/06/2022,AVP,PA,AEA,EN,Combined TRACON& Tower with Radar,10,19,15,5,49,0,7,10,0,17,10,26,25,5,66,134,0,134,200
04/07/2022,AVP,PA,AEA,EN,Combined TRACON& Tower with Radar,9,15,11,0,35,0,11,13,0,24,9,26,24,0,59,92,0,92,151
04/08/2022,AVP,PA,AEA,EN,Combined TRACON& Tower with Radar,9,13,9,1,32,0,7,12,1,20,9,20,21,2,52,0,0,0,52
04/09/2022,AVP,PA,AEA,EN,Combined TRACON& Tower with Radar,6,12,5,0,23,0,7,3,0,10,6,19,8,0,33,0,0,0,33
04/10/2022,AVP,PA,AEA,EN,Combined TRACON& Tower with Radar,10,10,15,0,35,0,8,3,0,11,10,18,18,0,46,0,0,0,46
04/11/2022,AVP,PA,AEA,EN,Combined TRACON& Tower with Radar,9,11,14,2,36,0,19,44,3,66,9,30,58,5,102,188,0,188,290
04/12/2022,AVP,PA,AEA,EN,Combined TRACON& Tower with Radar,10,16,20,1,47,0,5,17,3,25,10,21,37,4,72,0,0,0,72
04/13/2022,AVP,PA,AEA,EN,Combined TRACON& Tower with Radar,10,14,19,0,43,0,16,60,0,76,10,30,79,0,119,152,2,154,273
04/14/2022,AVP,PA,AEA,EN,Combined TRACON& Tower with Radar,10,12,13,4,39,0,16,24,0,40,10,28,37,4,79,184,0,184,263
04/15/2022,AVP,PA,AEA,EN,Combined TRACON& Tower with Radar,10,12,8,0,30,0,4,19,0,23,10,16,27,0,53,6,0,6,59
04/16/2022,AVP,PA,AEA,EN,Combined TRACON& Tower with Radar,8,10,16,0,34,0,1,4,0,5,8,11,20,0,39,0,0,0,39
04/17/2022,AVP,PA,AEA,EN,Combined TRACON& Tower with Radar,10,8,1,0,19,0,1,3,0,4,10,9,4,0,23,0,0,0,23
04/18/2022,AVP,PA,AEA,EN,Combined TRACON& Tower with Radar,10,14,4,0,28,0,3,5,0,8,10,17,9,0,36,0,0,0,36
04/19/2022,AVP,PA,AEA,EN,Combined TRACON& Tower with Radar,10,17,5,0,32,0,2,1,0,3,10,19,6,0,35,0,0,0,35
04/20/2022,AVP,PA,AEA,EN,Combined TRACON& Tower with Radar,10,17,25,1,53,0,17,39,1,57,10,34,64,2,110,136,0,136,246
04/21/2022,AVP,PA,AEA,EN,Combined TRACON& Tower with Radar,10,13,8,0,31,0,14,22,0,36,10,27,30,0,67,150,0,150,217
04/22/2022,AVP,PA,AEA,EN,Combined TRACON& Tower with Radar,10,14,11,1,36,0,15,25,1,41,10,29,36,2,77,0,0,0,77
04/23/2022,AVP,PA,AEA,EN,Combined TRACON& Tower with Radar,8,11,15,0,34,0,9,38,1,48,8,20,53,1,82,0,0,0,82
04/24/2022,AVP,PA,AEA,EN,Combined TRACON& Tower with Radar,8,17,9,0,34,0,10,17,0,27,8,27,26,0,61,0,0,0,61
04/25/2022,AVP,PA,AEA,EN,Combined TRACON& Tower with Radar,10,12,12,0,34,0,9,7,0,16,10,21,19,0,50,0,0,0,50
04/26/2022,AVP,PA,AEA,EN,Combined TRACON& Tower with Radar,12,22,18,0,52,0,9,6,0,15,12,31,24,0,67,80,0,80,147
04/27/2022,AVP,PA,AEA,EN,Combined TRACON& Tower with Radar,10,14,15,0,39,0,12,6,0,18,10,26,21,0,57,72,0,72,129
04/28/2022,AVP,PA,AEA,EN,Combined TRACON& Tower with Radar,9,18,10,0,37,0,15,17,0,32,9,33,27,0,69,110,0,110,179
04/29/2022,AVP,PA,AEA,EN,Combined TRACON& Tower with Radar,11,12,6,0,29,0,6,8,0,14,11,18,14,0,43,0,0,0,43
04/30/2022,AVP,PA,AEA,EN,Combined TRACON& Tower with Radar,10,13,17,0,40,0,4,49,0,53,10,17,66,0,93,0,0,0,93
05/01/2022,AVP,PA,AEA,EN,Combined TRACON& Tower with Radar,8,8,16,0,32,0,4,12,0,16,8,12,28,0,48,0,0,0,48
05/02/2022,AVP,PA,AEA,EN,Combined TRACON& Tower with Radar,9,10,10,0,29,0,4,5,0,9,9,14,15,0,38,0,0,0,38
05/03/2022,AVP,PA,AEA,EN,Combined TRACON& Tower with Radar,10,16,21,0,47,0,4,30,0,34,10,20,51,0,81,0,0,0,81
05/04/2022,AVP,PA,AEA,EN,Combined TRACON& Tower with Radar,11,15,5,0,31,0,10,19,0,29,11,25,24,0,60,94,0,94,154
05/05/2022,AVP,PA,AEA,EN,Combined TRACON& Tower with Radar,9,15,15,0,39,0,23,52,0,75,9,38,67,0,114,180,0,180,294
05/06/2022,AVP,PA,AEA,EN,Combined TRACON& Tower with Radar,10,18,16,0,44,0,2,0,0,2,10,20,16,0,46,0,0,0,46
05/07/2022,AVP,PA,AEA,EN,Combined TRACON& Tower with Radar,9,11,10,0,30,0,2,4,0,6,9,13,14,0,36,36,2,38,74
05/08/2022,AVP,PA,AEA,EN,Combined TRACON& Tower with Radar,14,8,3,0,25,0,2,19,0,21,14,10,22,0,46,0,0,0,46
05/09/2022,AVP,PA,AEA,EN,Combined TRACON& Tower with Radar,9,12,19,0,40,0,2,30,2,34,9,14,49,2,74,0,0,0,74
05/10/2022,AVP,PA,AEA,EN,Combined TRACON& Tower with Radar,9,17,20,3,49,0,16,30,4,50,9,33,50,7,99,156,0,156,255
05/11/2022,AVP,PA,AEA,EN,Combined TRACON& Tower with Radar,8,26,33,0,67,0,8,39,1,48,8,34,72,1,115,0,0,0,115
05/12/2022,AVP,PA,AEA,EN,Combined TRACON& Tower with Radar,10,22,11,0,43,0,8,21,0,29,10,30,32,0,72,0,0,0,72
05/13/2022,AVP,PA,AEA,EN,Combined TRACON& Tower with Radar,11,20,26,0,57,0,0,8,0,8,11,20,34,0,65,46,2,48,113
05/14/2022,AVP,PA,AEA,EN,Combined TRACON& Tower with Radar,11,10,8,2,31,0,11,23,0,34,11,21,31,2,65,172,0,172,237
05/15/2022,AVP,PA,AEA,EN,Combined TRACON& Tower with Radar,11,11,10,0,32,0,20,22,0,42,11,31,32,0,74,164,0,164,238
05/16/2022,AVP,PA,AEA,EN,Combined TRACON& Tower with Radar,10,11,11,0,32,0,13,16,0,29,10,24,27,0,61,124,0,124,185
05/17/2022,AVP,PA,AEA,EN,Combined TRACON& Tower with Radar,7,16,9,0,32,0,7,23,0,30,7,23,32,0,62,54,0,54,116
05/18/2022,AVP,PA,AEA,EN,Combined TRACON& Tower with Radar,9,13,18,0,40,0,15,31,2,48,9,28,49,2,88,92,0,92,180
05/19/2022,AVP,PA,AEA,EN,Combined TRACON& Tower with Radar,10,12,17,1,40,0,23,20,1,44,10,35,37,2,84,146,0,146,230
05/20/2022,AVP,PA,AEA,EN,Combined TRACON& Tower with Radar,9,15,17,0,41,0,8,27,1,36,9,23,44,1,77,128,0,128,205
05/21/2022,AVP,PA,AEA,EN,Combined TRACON& Tower with Radar,12,10,13,0,35,0,12,26,0,38,12,22,39,0,73,0,0,0,73
05/22/2022,AVP,PA,AEA,EN,Combined TRACON& Tower with Radar,10,12,9,0,31,0,4,12,0,16,10,16,21,0,47,0,0,0,47
05/23/2022,AVP,PA,AEA,EN,Combined TRACON& Tower with Radar,10,13,16,2,41,0,1,15,1,17,10,14,31,3,58,0,0,0,58
05/24/2022,AVP,PA,AEA,EN,Combined TRACON& Tower with Radar,9,14,17,0,40,0,3,16,0,19,9,17,33,0,59,0,0,0,59
05/25/2022,AVP,PA,AEA,EN,Combined TRACON& Tower with Radar,8,15,19,0,42,0,4,30,2,36,8,19,49,2,78,0,0,0,78
05/26/2022,AVP,PA,AEA,EN,Combined TRACON& Tower with Radar,10,17,24,6,57,0,5,6,0,11,10,22,30,6,68,0,0,0,68
05/27/2022,AVP,PA,AEA,EN,Combined TRACON& Tower with Radar,11,12,17,0,40,0,8,10,0,18,11,20,27,0,58,52,2,54,112
05/28/2022,AVP,PA,AEA,EN,Combined TRACON& Tower with Radar,11,10,4,0,25,0,7,0,0,7,11,17,4,0,32,0,0,0,32
05/29/2022,AVP,PA,AEA,EN,Combined TRACON& Tower with Radar,9,8,19,0,36,0,4,36,0,40,9,12,55,0,76,0,0,0,76
05/30/2022,AVP,PA,AEA,EN,Combined TRACON& Tower with Radar,11,9,12,0,32,0,12,18,0,30,11,21,30,0,62,111,0,111,173
05/31/2022,AVP,PA,AEA,EN,Combined TRACON& Tower with Radar,8,17,14,0,39,0,18,32,2,52,8,35,46,2,91,174,0,174,265
06/01/2022,AVP,PA,AEA,EN,Combined TRACON& Tower with Radar,7,21,9,0,37,0,14,23,0,37,7,35,32,0,74,174,0,174,248
06/02/2022,AVP,PA,AEA,EN,Combined TRACON& Tower with Radar,11,17,12,0,40,2,12,24,0,38,13,29,36,0,78,126,0,126,204
06/03/2022,AVP,PA,AEA,EN,Combined TRACON& Tower with Radar,13,13,14,1,41,0,16,43,1,60,13,29,57,2,101,140,0,140,241
06/04/2022,AVP,PA,AEA,EN,Combined TRACON& Tower with Radar,11,10,11,0,32,0,15,43,0,58,11,25,54,0,90,128,0,128,218
06/05/2022,AVP,PA,AEA,EN,Combined TRACON& Tower with Radar,10,15,11,2,38,0,7,18,0,25,10,22,29,2,63,88,0,88,151
06/06/2022,AVP,PA,AEA,EN,Combined TRACON& Tower with Radar,12,14,18,0,44,0,6,22,2,30,12,20,40,2,74,68,0,68,142
06/07/2022,AVP,PA,AEA,EN,Combined TRACON& Tower with Radar,13,20,10,2,45,0,9,22,0,31,13,29,32,2,76,90,0,90,166
06/08/2022,AVP,PA,AEA,EN,Combined TRACON& Tower with Radar,13,15,15,0,43,0,14,36,1,51,13,29,51,1,94,140,0,140,234
06/09/2022,AVP,PA,AEA,EN,Combined TRACON& Tower with Radar,12,14,16,2,44,0,9,5,2,16,12,23,21,4,60,0,0,0,60
06/10/2022,AVP,PA,AEA,EN,Combined TRACON& Tower with Radar,12,14,7,4,37,0,21,29,0,50,12,35,36,4,87,136,0,136,223
06/11/2022,AVP,PA,AEA,EN,Combined TRACON& Tower with Radar,10,11,14,0,35,0,7,24,2,33,10,18,38,2,68,68,2,70,138
06/12/2022,AVP,PA,AEA,EN,Combined TRACON& Tower with Radar,10,10,13,0,33,0,0,6,0,6,10,10,19,0,39,66,2,68,107
06/13/2022,AVP,PA,AEA,EN,Combined TRACON& Tower with Radar,12,14,10,2,38,0,14,22,1,37,12,28,32,3,75,56,0,56,131
06/14/2022,AVP,PA,AEA,EN,Combined TRACON& Tower with Radar,14,19,12,2,47,0,9,37,0,46,14,28,49,2,93,88,0,88,181
06/15/2022,AVP,PA,AEA,EN,Combined TRACON& Tower with Radar,12,13,14,0,39,0,7,22,0,29,12,20,36,0,68,0,0,0,68
06/16/2022,AVP,PA,AEA,EN,Combined TRACON& Tower with Radar,7,13,19,0,39,0,3,0,0,3,7,16,19,0,42,0,0,0,42
06/17/2022,AVP,PA,AEA,EN,Combined TRACON& Tower with Radar,7,20,14,0,41,0,6,22,0,28,7,26,36,0,69,0,0,0,69
06/18/2022,AVP,PA,AEA,EN,Combined TRACON& Tower with Radar,9,10,7,0,26,0,13,11,0,24,9,23,18,0,50,112,0,112,162
06/19/2022,AVP,PA,AEA,EN,Combined TRACON& Tower with Radar,11,19,4,0,34,0,8,14,0,22,11,27,18,0,56,104,2,106,162
06/20/2022,AVP,PA,AEA,EN,Combined TRACON& Tower with Radar,12,14,12,0,38,0,8,34,0,42,12,22,46,0,80,51,0,51,131
06/21/2022,AVP,PA,AEA,EN,Combined TRACON& Tower with Radar,11,11,16,0,38,0,15,20,0,35,11,26,36,0,73,87,0,87,160
06/22/2022,AVP,PA,AEA,EN,Combined TRACON& Tower with Radar,10,8,23,0,41,0,5,11,0,16,10,13,34,0,57,60,0,60,117
06/23/2022,AVP,PA,AEA,EN,Combined TRACON& Tower with Radar,11,18,34,0,63,0,7,43,0,50,11,25,77,0,113,93,0,93,206
06/24/2022,AVP,PA,AEA,EN,Combined TRACON& Tower with Radar,12,12,6,0,30,0,9,23,0,32,12,21,29,0,62,80,0,80,142
06/25/2022,AVP,PA,AEA,EN,Combined TRACON& Tower with Radar,13,14,12,2,41,0,10,27,0,37,13,24,39,2,78,113,0,113,191
06/26/2022,AVP,PA,AEA,EN,Combined TRACON& Tower with Radar,15,13,16,2,46,0,9,19,0,28,15,22,35,2,74,120,0,120,194
06/27/2022,AVP,PA,AEA,EN,Combined TRACON& Tower with Radar,11,17,29,0,57,0,17,36,0,53,11,34,65,0,110,139,0,139,249
06/28/2022,AVP,PA,AEA,EN,Combined TRACON& Tower with Radar,13,12,13,0,38,0,16,63,0,79,13,28,76,0,117,138,0,138,255
06/29/2022,AVP,PA,AEA,EN,Combined TRACON& Tower with Radar,12,14,25,0,51,0,13,35,0,48,12,27,60,0,99,178,0,178,277
06/30/2022,AVP,PA,AEA,EN,Combined TRACON& Tower with Radar,12,15,14,0,41,0,18,37,0,55,12,33,51,0,96,174,0,174,270
07/01/2022,AVP,PA,AEA,EN,Combined TRACON& Tower with Radar,9,12,13,0,34,0,17,76,0,93,9,29,89,0,127,296,0,296,423
07/02/2022,AVP,PA,AEA,EN,Combined TRACON& Tower with Radar,11,11,6,0,28,0,9,22,0,31,11,20,28,0,59,64,0,64,123
07/03/2022,AVP,PA,AEA,EN,Combined TRACON& Tower with Radar,8,9,4,0,21,0,7,23,1,31,8,16,27,1,52,62,0,62,114
07/04/2022,AVP,PA,AEA,EN,Combined TRACON& Tower with Radar,10,9,6,0,25,0,11,25,0,36,10,20,31,0,61,129,0,129,190
07/05/2022,AVP,PA,AEA,EN,Combined TRACON& Tower with Radar,7,14,5,0,26,0,18,35,0,53,7,32,40,0,79,88,0,88,167
07/06/2022,AVP,PA,AEA,EN,Combined TRACON& Tower with Radar,7,16,15,4,42,0,14,38,0,52,7,30,53,4,94,140,0,140,234
07/07/2022,AVP,PA,AEA,EN,Combined TRACON& Tower with Radar,9,13,29,0,51,0,21,37,0,58,9,34,66,0,109,144,0,144,253
07/08/2022,AVP,PA,AEA,EN,Combined TRACON& Tower with Radar,11,17,13,0,41,0,10,11,0,21,11,27,24,0,62,68,0,68,130
07/09/2022,AVP,PA,AEA,EN,Combined TRACON& Tower with Radar,8,13,14,0,35,0,14,39,0,53,8,27,53,0,88,108,0,108,196
07/10/2022,AVP,PA,AEA,EN,Combined TRACON& Tower with Radar,9,14,16,4,43,0,18,60,0,78,9,32,76,4,121,170,0,170,291
07/11/2022,AVP,PA,AEA,EN,Combined TRACON& Tower with Radar,11,10,8,2,31,0,15,42,2,59,11,25,50,4,90,205,0,205,295
07/12/2022,AVP,PA,AEA,EN,Combined TRACON& Tower with Radar,8,16,9,6,39,0,16,11,0,27,8,32,20,6,66,118,0,118,184
07/13/2022,AVP,PA,AEA,EN,Combined TRACON& Tower with Radar,8,17,12,2,39,0,28,48,0,76,8,45,60,2,115,156,0,156,271
07/14/2022,AVP,PA,AEA,EN,Combined TRACON& Tower with Radar,10,14,6,2,32,0,12,46,0,58,10,26,52,2,90,130,0,130,220
07/15/2022,AVP,PA,AEA,EN,Combined TRACON& Tower with Radar,10,17,12,0,39,0,8,27,0,35,10,25,39,0,74,102,0,102,176
07/16/2022,AVP,PA,AEA,EN,Combined TRACON& Tower with Radar,7,10,20,0,37,0,3,22,0,25,7,13,42,0,62,116,0,116,178
07/17/2022,AVP,PA,AEA,EN,Combined TRACON& Tower with Radar,11,8,16,1,36,0,5,17,0,22,11,13,33,1,58,184,0,184,242
07/18/2022,AVP,PA,AEA,EN,Combined TRACON& Tower with Radar,18,13,16,0,47,0,5,8,0,13,18,18,24,0,60,114,0,114,174
07/19/2022,AVP,PA,AEA,EN,Combined TRACON& Tower with Radar,8,13,25,4,50,0,17,37,1,55,8,30,62,5,105,146,0,146,251
07/20/2022,AVP,PA,AEA,EN,Combined TRACON& Tower with Radar,8,14,16,2,40,0,13,47,0,60,8,27,63,2,100,163,0,163,263
07/21/2022,AVP,PA,AEA,EN,Combined TRACON& Tower with Radar,12,17,29,2,60,0,7,20,0,27,12,24,49,2,87,61,0,61,148
07/22/2022,AVP,PA,AEA,EN,Combined TRACON& Tower with Radar,10,20,31,2,63,0,6,29,1,36,10,26,60,3,99,110,0,110,209
07/23/2022,AVP,PA,AEA,EN,Combined TRACON& Tower with Radar,8,15,21,0,44,0,2,15,0,17,8,17,36,0,61,0,0,0,61
07/24/2022,AVP,PA,AEA,EN,Combined TRACON& Tower with Radar,14,12,31,0,57,0,8,12,0,20,14,20,43,0,77,204,0,204,281
07/25/2022,AVP,PA,AEA,EN,Combined TRACON& Tower with Radar,10,17,12,1,40,0,13,7,0,20,10,30,19,1,60,122,0,122,182
07/26/2022,AVP,PA,AEA,EN,Combined TRACON& Tower with Radar,8,14,22,2,46,0,15,41,0,56,8,29,63,2,102,119,0,119,221
07/27/2022,AVP,PA,AEA,EN,Combined TRACON& Tower with Radar,8,15,15,0,38,0,21,29,0,50,8,36,44,0,88,116,0,116,204
07/28/2022,AVP,PA,AEA,EN,Combined TRACON& Tower with Radar,10,18,12,0,40,0,6,5,0,11,10,24,17,0,51,102,0,102,153
07/29/2022,AVP,PA,AEA,EN,Combined TRACON& Tower with Radar,9,19,9,0,37,0,12,27,1,40,9,31,36,1,77,100,2,102,179
07/30/2022,AVP,PA,AEA,EN,Combined TRACON& Tower with Radar,9,10,13,0,32,0,7,39,0,46,9,17,52,0,78,73,0,73,151
07/31/2022,AVP,PA,AEA,EN,Combined TRACON& Tower with Radar,8,9,14,0,31,0,10,34,0,44,8,19,48,0,75,96,0,96,171
08/01/2022,AVP,PA,AEA,EN,Combined TRACON& Tower with Radar,10,13,15,0,38,0,8,25,0,33,10,21,40,0,71,113,0,113,184
08/02/2022,AVP,PA,AEA,EN,Combined TRACON& Tower with Radar,7,15,12,5,39,0,25,17,0,42,7,40,29,5,81,156,0,156,237
08/03/2022,AVP,PA,AEA,EN,Combined TRACON& Tower with Radar,9,7,16,0,32,0,17,28,0,45,9,24,44,0,77,222,0,222,299
08/04/2022,AVP,PA,AEA,EN,Combined TRACON& Tower with Radar,8,17,8,4,37,0,21,31,0,52,8,38,39,4,89,153,0,153,242
08/05/2022,AVP,PA,AEA,EN,Combined TRACON& Tower with Radar,5,17,10,0,32,0,6,20,0,26,5,23,30,0,58,102,4,106,164
08/06/2022,AVP,PA,AEA,EN,Combined TRACON& Tower with Radar,6,10,11,0,27,0,9,28,0,37,6,19,39,0,64,110,0,110,174
08/07/2022,AVP,PA,AEA,EN,Combined TRACON& Tower with Radar,10,6,13,0,29,0,7,6,0,13,10,13,19,0,42,92,0,92,134
08/08/2022,AVP,PA,AEA,EN,Combined TRACON& Tower with Radar,11,10,7,0,28,0,13,25,1,39,11,23,32,1,67,172,0,172,239
08/09/2022,AVP,PA,AEA,EN,Combined TRACON& Tower with Radar,10,13,21,0,44,0,14,33,0,47,10,27,54,0,91,190,0,190,281
08/10/2022,AVP,PA,AEA,EN,Combined TRACON& Tower with Radar,8,12,17,0,37,0,0,29,0,29,8,12,46,0,66,72,0,72,138
08/11/2022,AVP,PA,AEA,EN,Combined TRACON& Tower with Radar,10,13,19,0,42,0,12,37,2,51,10,25,56,2,93,54,0,54,147
08/12/2022,AVP,PA,AEA,EN,Combined TRACON& Tower with Radar,9,14,16,0,39,0,9,44,0,53,9,23,60,0,92,145,0,145,237
08/13/2022,AVP,PA,AEA,EN,Combined TRACON& Tower with Radar,11,10,8,0,29,0,12,29,0,41,11,22,37,0,70,170,0,170,240
08/14/2022,AVP,PA,AEA,EN,Combined TRACON& Tower with Radar,10,12,15,0,37,0,8,34,0,42,10,20,49,0,79,0,0,0,79
08/15/2022,AVP,PA,AEA,EN,Combined TRACON& Tower with Radar,9,10,8,1,28,0,10,16,1,27,9,20,24,2,55,184,0,184,239
08/16/2022,AVP,PA,AEA,EN,Combined TRACON& Tower with Radar,11,20,3,0,34,0,18,28,0,46,11,38,31,0,80,233,0,233,313
08/17/2022,AVP,PA,AEA,EN,Combined TRACON& Tower with Radar,10,15,15,0,40,0,15,31,1,47,10,30,46,1,87,57,0,57,144
08/18/2022,AVP,PA,AEA,EN,Combined TRACON& Tower with Radar,9,18,9,4,40,0,8,26,2,36,9,26,35,6,76,179,0,179,255
08/19/2022,AVP,PA,AEA,EN,Combined TRACON& Tower with Radar,10,16,9,0,35,0,14,34,0,48,10,30,43,0,83,82,0,82,165
08/20/2022,AVP,PA,AEA,EN,Combined TRACON& Tower with Radar,10,19,5,0,34,0,11,27,0,38,10,30,32,0,72,74,0,74,146
08/21/2022,AVP,PA,AEA,EN,Combined TRACON& Tower with Radar,11,15,17,0,43,0,11,14,0,25,11,26,31,0,68,160,0,160,228
08/22/2022,AVP,PA,AEA,EN,Combined TRACON& Tower with Radar,10,14,13,4,41,0,16,10,0,26,10,30,23,4,67,62,0,62,129
08/23/2022,AVP,PA,AEA,EN,Combined TRACON& Tower with Radar,8,15,14,0,37,0,6,14,0,20,8,21,28,0,57,149,0,149,206
08/24/2022,AVP,PA,AEA,EN,Combined TRACON& Tower with Radar,11,13,23,2,49,0,6,27,0,33,11,19,50,2,82,0,0,0,82
08/25/2022,AVP,PA,AEA,EN,Combined TRACON& Tower with Radar,10,13,15,1,39,0,11,19,1,31,10,24,34,2,70,0,0,0,70
08/26/2022,AVP,PA,AEA,EN,Combined TRACON& Tower with Radar,11,15,13,0,39,0,4,4,0,8,11,19,17,0,47,0,0,0,47
08/27/2022,AVP,PA,AEA,EN,Combined TRACON& Tower with Radar,10,9,9,12,40,0,9,26,1,36,10,18,35,13,76,0,0,0,76
08/28/2022,AVP,PA,AEA,EN,Combined TRACON& Tower with Radar,10,11,20,0,41,0,28,13,0,41,10,39,33,0,82,76,0,76,158
08/29/2022,AVP,PA,AEA,EN,Combined TRACON& Tower with Radar,10,10,10,2,32,0,18,18,0,36,10,28,28,2,68,78,0,78,146
08/30/2022,AVP,PA,AEA,EN,Combined TRACON& Tower with Radar,10,15,5,2,32,0,0,9,0,9,10,15,14,2,41,0,0,0,41
08/31/2022,AVP,PA,AEA,EN,Combined TRACON& Tower with Radar,11,21,13,5,50,0,9,15,1,25,11,30,28,6,75,0,0,0,75
09/01/2022,AVP,PA,AEA,EN,Combined TRACON& Tower with Radar,7,20,16,0,43,0,7,20,0,27,7,27,36,0,70,0,0,0,70
09/02/2022,AVP,PA,AEA,EN,Combined TRACON& Tower with Radar,9,14,18,0,41,0,5,21,0,26,9,19,39,0,67,0,0,0,67
09/03/2022,AVP,PA,AEA,EN,Combined TRACON& Tower with Radar,8,13,9,0,30,0,18,16,0,34,8,31,25,0,64,36,0,36,100
09/04/2022,AVP,PA,AEA,EN,Combined TRACON& Tower with Radar,7,8,6,0,21,0,4,9,0,13,7,12,15,0,34,0,0,0,34
09/05/2022,AVP,PA,AEA,EN,Combined TRACON& Tower with Radar,11,10,8,0,29,0,1,0,0,1,11,11,8,0,30,0,0,0,30
09/06/2022,AVP,PA,AEA,EN,Combined TRACON& Tower with Radar,9,19,12,0,40,0,5,0,0,5,9,24,12,0,45,0,0,0,45
09/07/2022,AVP,PA,AEA,EN,Combined TRACON& Tower with Radar,9,15,14,0,38,0,8,4,0,12,9,23,18,0,50,46,0,46,96
09/08/2022,AVP,PA,AEA,EN,Combined TRACON& Tower with Radar,10,13,13,0,36,0,7,36,1,44,10,20,49,1,80,120,0,120,200
09/09/2022,AVP,PA,AEA,EN,Combined TRACON& Tower with Radar,9,15,11,0,35,0,9,55,2,66,9,24,66,2,101,118,0,118,219
09/10/2022,AVP,PA,AEA,EN,Combined TRACON& Tower with Radar,9,12,20,6,47,0,9,45,0,54,9,21,65,6,101,32,2,34,135
09/11/2022,AVP,PA,AEA,EN,Combined TRACON& Tower with Radar,7,9,10,0,26,0,6,7,0,13,7,15,17,0,39,52,0,52,91
09/12/2022,AVP,PA,AEA,EN,Combined TRACON& Tower with Radar,10,13,10,1,34,0,2,0,0,2,10,15,10,1,36,0,0,0,36
09/13/2022,AVP,PA,AEA,EN,Combined TRACON& Tower with Radar,9,13,20,0,42,0,2,7,0,9,9,15,27,0,51,0,0,0,51
09/14/2022,AVP,PA,AEA,EN,Combined TRACON& Tower with Radar,8,14,26,0,48,0,6,38,0,44,8,20,64,0,92,0,0,0,92
09/15/2022,AVP,PA,AEA,EN,Combined TRACON& Tower with Radar,10,18,25,2,55,0,6,30,0,36,10,24,55,2,91,0,0,0,91
09/16/2022,AVP,PA,AEA,EN,Combined TRACON& Tower with Radar,7,15,14,0,36,0,10,33,0,43,7,25,47,0,79,0,0,0,79
09/17/2022,AVP,PA,AEA,EN,Combined TRACON& Tower with Radar,4,13,13,0,30,0,7,23,0,30,4,20,36,0,60,0,0,0,60
09/18/2022,AVP,PA,AEA,EN,Combined TRACON& Tower with Radar,9,14,14,0,37,0,5,36,0,41,9,19,50,0,78,0,0,0,78
09/19/2022,AVP,PA,AEA,EN,Combined TRACON& Tower with Radar,6,17,10,1,34,0,5,8,1,14,6,22,18,2,48,0,0,0,48
09/20/2022,AVP,PA,AEA,EN,Combined TRACON& Tower with Radar,8,14,16,2,40,0,6,24,0,30,8,20,40,2,70,0,0,0,70
09/21/2022,AVP,PA,AEA,EN,Combined TRACON& Tower with Radar,6,14,13,5,38,0,10,12,1,23,6,24,25,6,61,0,0,0,61
09/22/2022,AVP,PA,AEA,EN,Combined TRACON& Tower with Radar,7,16,18,1,42,0,4,2,0,6,7,20,20,1,48,0,0,0,48
09/23/2022,AVP,PA,AEA,EN,Combined TRACON& Tower with Radar,9,20,8,0,37,0,8,12,2,22,9,28,20,2,59,0,0,0,59
09/24/2022,AVP,PA,AEA,EN,Combined TRACON& Tower with Radar,8,10,13,0,31,0,8,35,1,44,8,18,48,1,75,0,0,0,75
09/25/2022,AVP,PA,AEA,EN,Combined TRACON& Tower with Radar,8,12,5,0,25,0,12,7,0,19,8,24,12,0,44,0,0,0,44
09/26/2022,AVP,PA,AEA,EN,Combined TRACON& Tower with Radar,11,11,19,8,49,0,4,8,2,14,11,15,27,10,63,0,0,0,63
09/27/2022,AVP,PA,AEA,EN,Combined TRACON& Tower with Radar,9,18,14,0,41,0,6,8,0,14,9,24,22,0,55,42,0,42,97
09/28/2022,AVP,PA,AEA,EN,Combined TRACON& Tower with Radar,8,26,16,0,50,0,10,13,0,23,8,36,29,0,73,46,0,46,119
09/29/2022,AVP,PA,AEA,EN,Combined TRACON& Tower with Radar,9,12,9,0,30,0,6,20,0,26,9,18,29,0,56,28,0,28,84
09/30/2022,AVP,PA,AEA,EN,Combined TRACON& Tower with Radar,10,14,15,0,39,0,21,33,0,54,10,35,48,0,93,22,0,22,115
10/01/2022,AVP,PA,AEA,EN,Combined TRACON& Tower with Radar,9,9,1,0,19,0,9,2,0,11,9,18,3,0,30,22,0,22,52
10/02/2022,AVP,PA,AEA,EN,Combined TRACON& Tower with Radar,9,7,7,0,23,0,8,8,0,16,9,15,15,0,39,54,0,54,93
10/03/2022,AVP,PA,AEA,EN,Combined TRACON& Tower with Radar,10,9,18,0,37,0,12,18,0,30,10,21,36,0,67,0,0,0,67
10/04/2022,AVP,PA,AEA,EN,Combined TRACON& Tower with Radar,9,10,8,0,27,0,2,0,0,2,9,12,8,0,29,0,0,0,29
10/05/2022,AVP,PA,AEA,EN,Combined TRACON& Tower with Radar,8,12,19,0,39,0,4,0,0,4,8,16,19,0,43,0,0,0,43
10/06/2022,AVP,PA,AEA,EN,Combined TRACON& Tower with Radar,10,11,35,2,58,0,6,28,1,35,10,17,63,3,93,19,0,19,112
10/07/2022,AVP,PA,AEA,EN,Combined TRACON& Tower with Radar,10,12,21,0,43,0,2,28,0,30,10,14,49,0,73,76,0,76,149
10/08/2022,AVP,PA,AEA,EN,Combined TRACON& Tower with Radar,10,9,4,0,23,0,2,12,0,14,10,11,16,0,37,0,0,0,37
10/09/2022,AVP,PA,AEA,EN,Combined TRACON& Tower with Radar,11,9,10,0,30,0,4,16,0,20,11,13,26,0,50,0,0,0,50
10/10/2022,AVP,PA,AEA,EN,Combined TRACON& Tower with Radar,13,12,17,0,42,0,3,21,0,24,13,15,38,0,66,44,0,44,110
10/11/2022,AVP,PA,AEA,EN,Combined TRACON& Tower with Radar,8,11,21,1,41,0,12,55,0,67,8,23,76,1,108,68,0,68,176
10/12/2022,AVP,PA,AEA,EN,Combined TRACON& Tower with Radar,8,17,12,0,37,0,11,28,0,39,8,28,40,0,76,84,0,84,160
10/13/2022,AVP,PA,AEA,EN,Combined TRACON& Tower with Radar,10,14,5,0,29,0,3,0,0,3,10,17,5,0,32,0,0,0,32
10/14/2022,AVP,PA,AEA,EN,Combined TRACON& Tower with Radar,10,10,19,0,39,0,9,22,0,31,10,19,41,0,70,58,0,58,128
10/15/2022,AVP,PA,AEA,EN,Combined TRACON& Tower with Radar,12,14,8,0,34,0,3,18,0,21,12,17,26,0,55,16,0,16,71
10/16/2022,AVP,PA,AEA,EN,Combined TRACON& Tower with Radar,11,7,17,0,35,0,1,25,0,26,11,8,42,0,61,40,0,40,101
10/17/2022,AVP,PA,AEA,EN,Combined TRACON& Tower with Radar,10,9,23,0,42,0,8,5,0,13,10,17,28,0,55,26,0,26,81
10/18/2022,AVP,PA,AEA,EN,Combined TRACON& Tower with Radar,9,14,20,0,43,0,5,19,0,24,9,19,39,0,67,15,0,15,82
10/19/2022,AVP,PA,AEA,EN,Combined TRACON& Tower with Radar,8,15,15,0,38,0,8,9,0,17,8,23,24,0,55,16,0,16,71
10/20/2022,AVP,PA,AEA,EN,Combined TRACON& Tower with Radar,10,13,17,2,42,0,6,15,0,21,10,19,32,2,63,6,0,6,69
10/21/2022,AVP,PA,AEA,EN,Combined TRACON& Tower with Radar,9,10,11,0,30,0,7,29,1,37,9,17,40,1,67,18,0,18,85
10/22/2022,AVP,PA,AEA,EN,Combined TRACON& Tower with Radar,13,12,7,0,32,0,12,14,0,26,13,24,21,0,58,36,0,36,94
10/23/2022,AVP,PA,AEA,EN,Combined TRACON& Tower with Radar,8,8,10,0,26,0,8,1,2,11,8,16,11,2,37,20,0,20,57
10/24/2022,AVP,PA,AEA,EN,Combined TRACON& Tower with Radar,13,13,13,0,39,0,0,0,0,0,13,13,13,0,39,19,0,19,58
10/25/2022,AVP,PA,AEA,EN,Combined TRACON& Tower with Radar,13,16,18,3,50,0,4,1,1,6,13,20,19,4,56,0,0,0,56
10/26/2022,AVP,PA,AEA,EN,Combined TRACON& Tower with Radar,12,21,15,2,50,0,7,2,1,10,12,28,17,3,60,0,0,0,60
10/27/2022,AVP,PA,AEA,EN,Combined TRACON& Tower with Radar,9,18,26,0,53,0,3,8,0,11,9,21,34,0,64,0,0,0,64
10/28/2022,AVP,PA,AEA,EN,Combined TRACON& Tower with Radar,11,18,16,0,45,0,4,12,0,16,11,22,28,0,61,0,0,0,61
10/29/2022,AVP,PA,AEA,EN,Combined TRACON& Tower with Radar,8,9,11,0,28,0,5,36,0,41,8,14,47,0,69,0,0,0,69
10/30/2022,AVP,PA,AEA,EN,Combined TRACON& Tower with Radar,9,9,16,0,34,0,0,36,0,36,9,9,52,0,70,30,0,30,100
10/31/2022,AVP,PA,AEA,EN,Combined TRACON& Tower with Radar,9,11,11,6,37,0,0,13,0,13,9,11,24,6,50,12,0,12,62
11/01/2022,AVP,PA,AEA,EN,Combined TRACON& Tower with Radar,10,13,12,1,36,0,1,0,1,2,10,14,12,2,38,0,0,0,38
11/02/2022,AVP,PA,AEA,EN,Combined TRACON& Tower with Radar,8,16,24,1,49,0,4,24,0,28,8,20,48,1,77,0,0,0,77
11/03/2022,AVP,PA,AEA,EN,Combined TRACON& Tower with Radar,10,11,12,0,33,0,9,26,0,35,10,20,38,0,68,59,0,59,127
11/04/2022,AVP,PA,AEA,EN,Combined TRACON& Tower with Radar,11,10,8,0,29,0,8,28,0,36,11,18,36,0,65,44,0,44,109
11/05/2022,AVP,PA,AEA,EN,Combined TRACON& Tower with Radar,8,4,1,2,15,0,0,10,0,10,8,4,11,2,25,20,0,20,45
11/06/2022,AVP,PA,AEA,EN,Combined TRACON& Tower with Radar,12,6,20,0,38,0,2,0,2,4,12,8,20,2,42,0,0,0,42
11/07/2022,AVP,PA,AEA,EN,Combined TRACON& Tower with Radar,10,7,15,0,32,0,3,21,0,24,10,10,36,0,56,18,0,18,74
11/08/2022,AVP,PA,AEA,EN,Combined TRACON& Tower with Radar,10,8,13,0,31,0,2,18,1,21,10,10,31,1,52,0,0,0,52
11/09/2022,AVP,PA,AEA,EN,Combined TRACON& Tower with Radar,10,11,17,2,40,0,2,46,1,49,10,13,63,3,89,36,0,36,125
11/10/2022,AVP,PA,AEA,EN,Combined TRACON& Tower with Radar,10,10,15,0,35,0,4,30,2,36,10,14,45,2,71,30,0,30,101
11/11/2022,AVP,PA,AEA,EN,Combined TRACON& Tower with Radar,11,8,11,0,30,0,0,0,0,0,11,8,11,0,30,0,0,0,30
11/12/2022,AVP,PA,AEA,EN,Combined TRACON& Tower with Radar,8,7,5,0,20,0,0,1,0,1,8,7,6,0,21,0,0,0,21
11/13/2022,AVP,PA,AEA,EN,Combined TRACON& Tower with Radar,12,7,6,0,25,0,2,3,0,5,12,9,9,0,30,0,0,0,30
11/14/2022,AVP,PA,AEA,EN,Combined TRACON& Tower with Radar,10,10,15,1,36,0,4,16,1,21,10,14,31,2,57,0,0,0,57
11/15/2022,AVP,PA,AEA,EN,Combined TRACON& Tower with Radar,11,7,13,0,31,0,2,13,4,19,11,9,26,4,50,0,0,0,50
11/16/2022,AVP,PA,AEA,EN,Combined TRACON& Tower with Radar,10,8,9,0,27,0,4,0,0,4,10,12,9,0,31,0,0,0,31
11/17/2022,AVP,PA,AEA,EN,Combined TRACON& Tower with Radar,10,17,2,0,29,0,9,10,0,19,10,26,12,0,48,46,0,46,94
11/18/2022,AVP,PA,AEA,EN,Combined TRACON& Tower with Radar,9,15,10,0,34,0,6,14,0,20,9,21,24,0,54,70,2,72,126
11/19/2022,AVP,PA,AEA,EN,Combined TRACON& Tower with Radar,10,6,12,0,28,0,12,19,0,31,10,18,31,0,59,48,0,48,107
11/20/2022,AVP,PA,AEA,EN,Combined TRACON& Tower with Radar,13,7,4,0,24,0,7,8,0,15,13,14,12,0,39,0,0,0,39
11/21/2022,AVP,PA,AEA,EN,Combined TRACON& Tower with Radar,9,10,13,0,32,0,4,21,0,25,9,14,34,0,57,0,0,0,57
11/22/2022,AVP,PA,AEA,EN,Combined TRACON& Tower with Radar,11,13,25,0,49,0,18,34,0,52,11,31,59,0,101,54,0,54,155
11/23/2022,AVP,PA,AEA,EN,Combined TRACON& Tower with Radar,10,11,4,0,25,0,8,32,0,40,10,19,36,0,65,39,0,39,104
11/24/2022,AVP,PA,AEA,EN,Combined TRACON& Tower with Radar,4,7,4,0,15,0,7,21,0,28,4,14,25,0,43,36,0,36,79
11/25/2022,AVP,PA,AEA,EN,Combined TRACON& Tower with Radar,8,8,5,0,21,0,12,1,0,13,8,20,6,0,34,0,0,0,34
11/26/2022,AVP,PA,AEA,EN,Combined TRACON& Tower with Radar,11,7,8,0,26,0,1,26,0,27,11,8,34,0,53,0,0,0,53
11/27/2022,AVP,PA,AEA,EN,Combined TRACON& Tower with Radar,14,5,6,0,25,0,4,0,0,4,14,9,6,0,29,0,0,0,29
11/28/2022,AVP,PA,AEA,EN,Combined TRACON& Tower with Radar,10,5,4,0,19,0,3,3,0,6,10,8,7,0,25,0,0,0,25
11/29/2022,AVP,PA,AEA,EN,Combined TRACON& Tower with Radar,11,14,22,1,48,0,12,25,4,41,11,26,47,5,89,92,0,92,181
11/30/2022,AVP,PA,AEA,EN,Combined TRACON& Tower with Radar,9,9,6,0,24,0,0,0,0,0,9,9,6,0,24,0,0,0,24
12/01/2022,AVP,PA,AEA,EN,Combined TRACON& Tower with Radar,10,9,3,1,23,0,6,7,0,13,10,15,10,1,36,0,0,0,36
12/02/2022,AVP,PA,AEA,EN,Combined TRACON& Tower with Radar,11,9,8,0,28,0,6,26,0,32,11,15,34,0,60,64,2,66,126
12/03/2022,AVP,PA,AEA,EN,Combined TRACON& Tower with Radar,7,5,1,0,13,0,2,0,0,2,7,7,1,0,15,0,0,0,15
12/04/2022,AVP,PA,AEA,EN,Combined TRACON& Tower with Radar,12,6,5,0,23,0,8,11,0,19,12,14,16,0,42,6,0,6,48
12/05/2022,AVP,PA,AEA,EN,Combined TRACON& Tower with Radar,11,10,11,0,32,0,5,23,0,28,11,15,34,0,60,6,0,6,66
12/06/2022,AVP,PA,AEA,EN,Combined TRACON& Tower with Radar,9,9,16,0,34,0,1,0,0,1,9,10,16,0,35,0,0,0,35
12/07/2022,AVP,PA,AEA,EN,Combined TRACON& Tower with Radar,11,10,11,4,36,0,2,0,0,2,11,12,11,4,38,0,0,0,38
12/08/2022,AVP,PA,AEA,EN,Combined TRACON& Tower with Radar,10,15,7,0,32,0,5,2,2,9,10,20,9,2,41,0,0,0,41
12/09/2022,AVP,PA,AEA,EN,Combined TRACON& Tower with Radar,10,14,13,2,39,0,15,38,0,53,10,29,51,2,92,78,0,78,170
12/10/2022,AVP,PA,AEA,EN,Combined TRACON& Tower with Radar,9,7,12,0,28,0,10,30,0,40,9,17,42,0,68,0,0,0,68
12/11/2022,AVP,PA,AEA,EN,Combined TRACON& Tower with Radar,10,9,1,0,20,0,2,0,0,2,10,11,1,0,22,0,0,0,22
12/12/2022,AVP,PA,AEA,EN,Combined TRACON& Tower with Radar,10,17,9,0,36,0,9,1,0,10,10,26,10,0,46,0,0,0,46
12/13/2022,AVP,PA,AEA,EN,Combined TRACON& Tower with Radar,11,9,20,0,40,0,11,31,2,44,11,20,51,2,84,0,0,0,84
12/14/2022,AVP,PA,AEA,EN,Combined TRACON& Tower with Radar,9,13,11,0,33,0,9,15,0,24,9,22,26,0,57,0,0,0,57
12/15/2022,AVP,PA,AEA,EN,Combined TRACON& Tower with Radar,10,8,2,0,20,0,2,0,0,2,10,10,2,0,22,0,0,0,22
12/16/2022,AVP,PA,AEA,EN,Combined TRACON& Tower with Radar,13,9,2,0,24,0,0,0,0,0,13,9,2,0,24,0,0,0,24
12/17/2022,AVP,PA,AEA,EN,Combined TRACON& Tower with Radar,16,8,1,0,25,0,4,1,0,5,16,12,2,0,30,0,0,0,30
12/18/2022,AVP,PA,AEA,EN,Combined TRACON& Tower with Radar,10,4,3,0,17,0,6,7,0,13,10,10,10,0,30,0,0,0,30
12/19/2022,AVP,PA,AEA,EN,Combined TRACON& Tower with Radar,10,5,2,0,17,0,4,6,1,11,10,9,8,1,28,23,0,23,51
12/20/2022,AVP,PA,AEA,EN,Combined TRACON& Tower with Radar,10,18,3,6,37,0,2,3,0,5,10,20,6,6,42,12,0,12,54
12/21/2022,AVP,PA,AEA,EN,Combined TRACON& Tower with Radar,10,10,22,1,43,0,8,30,2,40,10,18,52,3,83,36,0,36,119
12/22/2022,AVP,PA,AEA,EN,Combined TRACON& Tower with Radar,11,8,8,0,27,0,0,1,0,1,11,8,9,0,28,0,0,0,28
12/23/2022,AVP,PA,AEA,EN,Combined TRACON& Tower with Radar,8,1,3,0,12,0,0,0,0,0,8,1,3,0,12,0,0,0,12
12/24/2022,AVP,PA,AEA,EN,Combined TRACON& Tower with Radar,8,2,0,0,10,0,4,0,0,4,8,6,0,0,14,0,0,0,14
12/25/2022,AVP,PA,AEA,EN,Combined TRACON& Tower with Radar,8,5,0,0,13,0,2,0,0,2,8,7,0,0,15,0,0,0,15
12/26/2022,AVP,PA,AEA,EN,Combined TRACON& Tower with Radar,9,5,9,0,23,0,6,14,0,20,9,11,23,0,43,12,0,12,55
12/27/2022,AVP,PA,AEA,EN,Combined TRACON& Tower with Radar,11,15,13,0,39,0,6,14,0,20,11,21,27,0,59,16,0,16,75
12/28/2022,AVP,PA,AEA,EN,Combined TRACON& Tower with Radar,9,19,12,0,40,0,8,17,0,25,9,27,29,0,65,18,0,18,83
12/29/2022,AVP,PA,AEA,EN,Combined TRACON& Tower with Radar,11,10,23,0,44,0,0,26,0,26,11,10,49,0,70,2,0,2,72
12/30/2022,AVP,PA,AEA,EN,Combined TRACON& Tower with Radar,10,8,21,0,39,0,4,29,0,33,10,12,50,0,72,0,0,0,72
12/31/2022,AVP,PA,AEA,EN,Combined TRACON& Tower with Radar,18,13,11,0,42,0,2,0,0,2,18,15,11,0,44,0,0,0,44
01/01/2023,AVP,PA,AEA,EN,Combined TRACON& Tower with Radar,7,5,4,0,16,0,3,4,0,7,7,8,8,0,23,4,0,4,27
01/02/2023,AVP,PA,AEA,EN,Combined TRACON& Tower with Radar,11,6,9,0,26,0,4,9,0,13,11,10,18,0,39,2,0,2,41
01/03/2023,AVP,PA,AEA,EN,Combined TRACON& Tower with Radar,9,10,2,0,21,0,2,0,0,2,9,12,2,0,23,0,0,0,23
01/04/2023,AVP,PA,AEA,EN,Combined TRACON& Tower with Radar,11,14,15,0,40,0,2,1,0,3,11,16,16,0,43,0,0,0,43
01/05/2023,AVP,PA,AEA,EN,Combined TRACON& Tower with Radar,8,15,12,13,48,0,15,26,3,44,8,30,38,16,92,66,0,66,158
01/06/2023,AVP,PA,AEA,EN,Combined TRACON& Tower with Radar,8,14,10,2,34,0,7,0,0,7,8,21,10,2,41,0,0,0,41
01/07/2023,AVP,PA,AEA,EN,Combined TRACON& Tower with Radar,9,13,9,0,31,0,3,0,0,3,9,16,9,0,34,0,0,0,34
01/08/2023,AVP,PA,AEA,EN,Combined TRACON& Tower with Radar,11,15,19,0,45,0,1,21,0,22,11,16,40,0,67,15,0,15,82
01/09/2023,AVP,PA,AEA,EN,Combined TRACON& Tower with Radar,10,12,10,0,32,0,4,24,1,29,10,16,34,1,61,66,0,66,127
01/10/2023,AVP,PA,AEA,EN,Combined TRACON& Tower with Radar,10,14,17,0,41,0,2,2,0,4,10,16,19,0,45,0,0,0,45
01/11/2023,AVP,PA,AEA,EN,Combined TRACON& Tower with Radar,10,12,15,0,37,0,7,18,2,27,10,19,33,2,64,79,0,79,143
01/12/2023,AVP,PA,AEA,EN,Combined TRACON& Tower with Radar,10,8,9,0,27,0,3,0,0,3,10,11,9,0,30,0,0,0,30
01/13/2023,AVP,PA,AEA,EN,Combined TRACON& Tower with Radar,10,10,10,0,30,0,2,0,0,2,10,12,10,0,32,0,0,0,32
01/14/2023,AVP,PA,AEA,EN,Combined TRACON& Tower with Radar,8,6,10,0,24,0,4,2,0,6,8,10,12,0,30,0,0,0,30
01/15/2023,AVP,PA,AEA,EN,Combined TRACON& Tower with Radar,8,6,3,0,17,0,5,7,0,12,8,11,10,0,29,0,0,0,29
01/16/2023,AVP,PA,AEA,EN,Combined TRACON& Tower with Radar,10,10,11,0,31,0,11,21,0,32,10,21,32,0,63,3,0,3,66
01/17/2023,AVP,PA,AEA,EN,Combined TRACON& Tower with Radar,10,13,12,1,36,0,4,2,1,7,10,17,14,2,43,0,0,0,43
01/18/2023,AVP,PA,AEA,EN,Combined TRACON& Tower with Radar,12,16,5,0,33,0,7,4,2,13,12,23,9,2,46,10,0,10,56
01/19/2023,AVP,PA,AEA,EN,Combined TRACON& Tower with Radar,10,10,3,0,23,0,0,0,0,0,10,10,3,0,23,2,0,2,25
01/20/2023,AVP,PA,AEA,EN,Combined TRACON& Tower with Radar,10,9,4,2,25,0,0,1,0,1,10,9,5,2,26,0,0,0,26
01/21/2023,AVP,PA,AEA,EN,Combined TRACON& Tower with Radar,8,8,2,0,18,0,3,5,0,8,8,11,7,0,26,7,0,7,33
01/22/2023,AVP,PA,AEA,EN,Combined TRACON& Tower with Radar,10,4,6,0,20,0,3,1,0,4,10,7,7,0,24,0,0,0,24
01/23/2023,AVP,PA,AEA,EN,Combined TRACON& Tower with Radar,10,9,7,0,26,0,2,0,0,2,10,11,7,0,28,10,0,10,38
01/24/2023,AVP,PA,AEA,EN,Combined TRACON& Tower with Radar,10,11,10,3,34,0,3,7,4,14,10,14,17,7,48,3,0,3,51
01/25/2023,AVP,PA,AEA,EN,Combined TRACON& Tower with Radar,14,10,3,0,27,0,0,0,0,0,14,10,3,0,27,0,0,0,27
01/26/2023,AVP,PA,AEA,EN,Combined TRACON& Tower with Radar,10,15,6,0,31,0,2,0,0,2,10,17,6,0,33,0,0,0,33
01/27/2023,AVP,PA,AEA,EN,Combined TRACON& Tower with Radar,10,8,9,0,27,0,0,14,0,14,10,8,23,0,41,18,0,18,59
01/28/2023,AVP,PA,AEA,EN,Combined TRACON& Tower with Radar,8,6,5,0,19,0,1,14,0,15,8,7,19,0,34,10,0,10,44
01/29/2023,AVP,PA,AEA,EN,Combined TRACON& Tower with Radar,10,5,5,0,20,0,9,11,0,20,10,14,16,0,40,16,0,16,56
01/30/2023,AVP,PA,AEA,EN,Combined TRACON& Tower with Radar,10,7,18,0,35,0,6,1,0,7,10,13,19,0,42,0,0,0,42
01/31/2023,AVP,PA,AEA,EN,Combined TRACON& Tower with Radar,10,13,10,0,33,0,6,8,0,14,10,19,18,0,47,0,0,0,47
02/01/2023,AVP,PA,AEA,EN,Combined TRACON& Tower with Radar,10,9,6,2,27,0,7,30,0,37,10,16,36,2,64,63,0,63,127
02/02/2023,AVP,PA,AEA,EN,Combined TRACON& Tower with Radar,8,13,18,1,40,0,6,10,1,17,8,19,28,2,57,12,0,12,69
02/03/2023,AVP,PA,AEA,EN,Combined TRACON& Tower with Radar,10,8,2,0,20,0,3,2,0,5,10,11,4,0,25,0,0,0,25
02/04/2023,AVP,PA,AEA,EN,Combined TRACON& Tower with Radar,14,7,5,0,26,0,2,20,4,26,14,9,25,4,52,19,0,19,71
02/05/2023,AVP,PA,AEA,EN,Combined TRACON& Tower with Radar,10,6,14,0,30,0,6,16,0,22,10,12,30,0,52,6,0,6,58
02/06/2023,AVP,PA,AEA,EN,Combined TRACON& Tower with Radar,10,8,10,4,32,0,4,3,0,7,10,12,13,4,39,4,0,4,43
02/07/2023,AVP,PA,AEA,EN,Combined TRACON& Tower with Radar,10,15,13,0,38,0,8,22,0,30,10,23,35,0,68,35,0,35,103
02/08/2023,AVP,PA,AEA,EN,Combined TRACON& Tower with Radar,10,15,14,0,39,0,5,12,2,19,10,20,26,2,58,1,0,1,59
02/09/2023,AVP,PA,AEA,EN,Combined TRACON& Tower with Radar,9,17,8,0,34,0,3,0,0,3,9,20,8,0,37,0,0,0,37
02/10/2023,AVP,PA,AEA,EN,Combined TRACON& Tower with Radar,11,12,12,0,35,0,6,6,0,12,11,18,18,0,47,11,0,11,58
02/11/2023,AVP,PA,AEA,EN,Combined TRACON& Tower with Radar,9,7,2,0,18,0,3,9,0,12,9,10,11,0,30,0,0,0,30
02/12/2023,AVP,PA,AEA,EN,Combined TRACON& Tower with Radar,11,7,18,0,36,0,2,31,0,33,11,9,49,0,69,4,0,4,73
02/13/2023,AVP,PA,AEA,EN,Combined TRACON& Tower with Radar,9,10,8,0,27,0,5,24,0,29,9,15,32,0,56,5,0,5,61
02/14/2023,AVP,PA,AEA,EN,Combined TRACON& Tower with Radar,11,12,8,0,31,0,0,26,0,26,11,12,34,0,57,29,2,31,88
02/15/2023,AVP,PA,AEA,EN,Combined TRACON& Tower with Radar,10,13,9,0,32,0,9,8,0,17,10,22,17,0,49,22,0,22,71
02/16/2023,AVP,PA,AEA,EN,Combined TRACON& Tower with Radar,10,12,7,2,31,0,4,6,0,10,10,16,13,2,41,0,0,0,41
02/17/2023,AVP,PA,AEA,EN,Combined TRACON& Tower with Radar,11,11,7,0,29,0,2,1,0,3,11,13,8,0,32,0,0,0,32
02/18/2023,AVP,PA,AEA,EN,Combined TRACON& Tower with Radar,9,9,22,0,40,0,0,33,0,33,9,9,55,0,73,2,0,2,75
02/19/2023,AVP,PA,AEA,EN,Combined TRACON& Tower with Radar,10,6,11,0,27,0,4,18,2,24,10,10,29,2,51,6,0,6,57
02/20/2023,AVP,PA,AEA,EN,Combined TRACON& Tower with Radar,10,9,6,0,25,0,0,6,0,6,10,9,12,0,31,12,2,14,45
02/21/2023,AVP,PA,AEA,EN,Combined TRACON& Tower with Radar,10,12,6,0,28,0,7,0,0,7,10,19,6,0,35,0,0,0,35
02/22/2023,AVP,PA,AEA,EN,Combined TRACON& Tower with Radar,10,10,3,0,23,0,3,7,0,10,10,13,10,0,33,18,0,18,51
02/23/2023,AVP,PA,AEA,EN,Combined TRACON& Tower with Radar,8,8,7,0,23,0,0,3,0,3,8,8,10,0,26,0,0,0,26
02/24/2023,AVP,PA,AEA,EN,Combined TRACON& Tower with Radar,12,10,5,0,27,0,4,6,2,12,12,14,11,2,39,0,0,0,39
02/25/2023,AVP,PA,AEA,EN,Combined TRACON& Tower with Radar,10,7,5,0,22,0,4,8,0,12,10,11,13,0,34,0,0,0,34
02/26/2023,AVP,PA,AEA,EN,Combined TRACON& Tower with Radar,10,6,7,0,23,0,2,3,0,5,10,8,10,0,28,0,0,0,28
02/27/2023,AVP,PA,AEA,EN,Combined TRACON& Tower with Radar,10,7,17,0,34,0,3,22,0,25,10,10,39,0,59,6,0,6,65
02/28/2023,AVP,PA,AEA,EN,Combined TRACON& Tower with Radar,10,7,6,0,23,0,3,2,0,5,10,10,8,0,28,0,0,0,28
03/01/2023,AVP,PA,AEA,EN,Combined TRACON& Tower with Radar,9,12,21,11,53,0,3,25,4,32,9,15,46,15,85,33,0,33,118
03/02/2023,AVP,PA,AEA,EN,Combined TRACON& Tower with Radar,10,12,16,0,38,0,6,4,0,10,10,18,20,0,48,0,0,0,48
03/03/2023,AVP,PA,AEA,EN,Combined TRACON& Tower with Radar,10,13,15,0,38,0,2,32,2,36,10,15,47,2,74,21,0,21,95
03/04/2023,AVP,PA,AEA,EN,Combined TRACON& Tower with Radar,11,9,4,0,24,0,0,0,0,0,11,9,4,0,24,0,0,0,24
03/05/2023,AVP,PA,AEA,EN,Combined TRACON& Tower with Radar,12,6,9,0,27,0,2,4,0,6,12,8,13,0,33,0,0,0,33
03/06/2023,AVP,PA,AEA,EN,Combined TRACON& Tower with Radar,9,7,19,2,37,0,5,28,0,33,9,12,47,2,70,0,0,0,70
03/07/2023,AVP,PA,AEA,EN,Combined TRACON& Tower with Radar,11,9,4,2,26,0,4,8,0,12,11,13,12,2,38,0,0,0,38
03/08/2023,AVP,PA,AEA,EN,Combined TRACON& Tower with Radar,10,13,11,2,36,0,4,6,0,10,10,17,17,2,46,0,0,0,46
03/09/2023,AVP,PA,AEA,EN,Combined TRACON& Tower with Radar,9,10,12,0,31,0,0,2,4,6,9,10,14,4,37,0,0,0,37
03/10/2023,AVP,PA,AEA,EN,Combined TRACON& Tower with Radar,11,10,8,0,29,0,4,6,0,10,11,14,14,0,39,0,0,0,39
03/11/2023,AVP,PA,AEA,EN,Combined TRACON& Tower with Radar,11,11,2,0,24,0,2,0,0,2,11,13,2,0,26,0,0,0,26
03/12/2023,AVP,PA,AEA,EN,Combined TRACON& Tower with Radar,13,7,11,0,31,0,6,32,0,38,13,13,43,0,69,8,0,8,77
03/13/2023,AVP,PA,AEA,EN,Combined TRACON& Tower with Radar,9,6,16,0,31,0,0,0,0,0,9,6,16,0,31,0,0,0,31
03/14/2023,AVP,PA,AEA,EN,Combined TRACON& Tower with Radar,7,5,2,0,14,0,0,0,0,0,7,5,2,0,14,0,0,0,14
03/15/2023,AVP,PA,AEA,EN,Combined TRACON& Tower with Radar,9,20,3,1,33,0,1,0,1,2,9,21,3,2,35,0,0,0,35
03/16/2023,AVP,PA,AEA,EN,Combined TRACON& Tower with Radar,11,14,15,0,40,0,4,48,1,53,11,18,63,1,93,130,0,130,223
03/17/2023,AVP,PA,AEA,EN,Combined TRACON& Tower with Radar,10,13,6,0,29,0,2,12,0,14,10,15,18,0,43,1,0,1,44
03/18/2023,AVP,PA,AEA,EN,Combined TRACON& Tower with Radar,12,8,10,0,30,0,9,20,0,29,12,17,30,0,59,42,0,42,101
03/19/2023,AVP,PA,AEA,EN,Combined TRACON& Tower with Radar,10,5,1,0,16,0,0,10,0,10,10,5,11,0,26,4,0,4,30
03/20/2023,AVP,PA,AEA,EN,Combined TRACON& Tower with Radar,10,10,17,0,37,0,4,38,0,42,10,14,55,0,79,92,0,92,171
03/21/2023,AVP,PA,AEA,EN,Combined TRACON& Tower with Radar,12,13,27,0,52,0,8,34,0,42,12,21,61,0,94,8,0,8,102
03/22/2023,AVP,PA,AEA,EN,Combined TRACON& Tower with Radar,10,15,17,9,51,0,5,26,1,32,10,20,43,10,83,40,0,40,123
03/23/2023,AVP,PA,AEA,EN,Combined TRACON& Tower with Radar,9,10,14,0,33,0,1,2,0,3,9,11,16,0,36,0,0,0,36
03/24/2023,AVP,PA,AEA,EN,Combined TRACON& Tower with Radar,10,8,27,0,45,0,0,30,0,30,10,8,57,0,75,14,0,14,89
03/25/2023,AVP,PA,AEA,EN,Combined TRACON& Tower with Radar,10,8,5,0,23,0,0,0,0,0,10,8,5,0,23,0,0,0,23
03/26/2023,AVP,PA,AEA,EN,Combined TRACON& Tower with Radar,14,6,7,0,27,0,0,17,0,17,14,6,24,0,44,4,0,4,48
03/27/2023,AVP,PA,AEA,EN,Combined TRACON& Tower with Radar,11,5,6,2,24,0,2,14,0,16,11,7,20,2,40,1,0,1,41
03/28/2023,AVP,PA,AEA,EN,Combined TRACON& Tower with Radar,13,12,14,0,39,0,6,15,0,21,13,18,29,0,60,5,0,5,65
03/29/2023,AVP,PA,AEA,EN,Combined TRACON& Tower with Radar,12,13,7,0,32,0,2,36,1,39,12,15,43,1,71,26,0,26,97
03/30/2023,AVP,PA,AEA,EN,Combined TRACON& Tower with Radar,11,8,11,0,30,0,8,20,3,31,11,16,31,3,61,6,0,6,67
03/31/2023,AVP,PA,AEA,EN,Combined TRACON& Tower with Radar,12,7,10,0,29,0,4,14,0,18,12,11,24,0,47,6,0,6,53
04/01/2023,AVP,PA,AEA,EN,Combined TRACON& Tower with Radar,10,4,2,0,16,0,0,2,0,2,10,4,4,0,18,0,0,0,18
04/02/2023,AVP,PA,AEA,EN,Combined TRACON& Tower with Radar,12,7,5,0,24,0,4,18,0,22,12,11,23,0,46,0,0,0,46
04/03/2023,AVP,PA,AEA,EN,Combined TRACON& Tower with Radar,12,6,17,0,35,0,4,25,0,29,12,10,42,0,64,18,0,18,82
04/04/2023,AVP,PA,AEA,EN,Combined TRACON& Tower with Radar,13,14,27,0,54,0,4,44,0,48,13,18,71,0,102,17,0,17,119
04/05/2023,AVP,PA,AEA,EN,Combined TRACON& Tower with Radar,12,13,21,6,52,0,0,1,0,1,12,13,22,6,53,33,0,33,86
04/06/2023,AVP,PA,AEA,EN,Combined TRACON& Tower with Radar,12,10,20,0,42,0,1,2,0,3,12,11,22,0,45,0,0,0,45
04/07/2023,AVP,PA,AEA,EN,Combined TRACON& Tower with Radar,12,15,17,0,44,0,5,20,0,25,12,20,37,0,69,0,0,0,69
04/08/2023,AVP,PA,AEA,EN,Combined TRACON& Tower with Radar,12,6,14,0,32,0,4,44,0,48,12,10,58,0,80,0,0,0,80
04/09/2023,AVP,PA,AEA,EN,Combined TRACON& Tower with Radar,14,6,6,0,26,0,2,17,0,19,14,8,23,0,45,0,0,0,45
04/10/2023,AVP,PA,AEA,EN,Combined TRACON& Tower with Radar,12,7,10,0,29,0,4,36,0,40,12,11,46,0,69,3,0,3,72
04/11/2023,AVP,PA,AEA,EN,Combined TRACON& Tower with Radar,12,19,22,0,53,0,5,14,0,19,12,24,36,0,72,43,0,43,115
04/12/2023,AVP,PA,AEA,EN,Combined TRACON& Tower with Radar,12,16,9,0,37,0,6,9,1,16,12,22,18,1,53,0,0,0,53
04/13/2023,AVP,PA,AEA,EN,Combined TRACON& Tower with Radar,12,10,17,0,39,0,4,30,3,37,12,14,47,3,76,1,0,1,77
04/14/2023,AVP,PA,AEA,EN,Combined TRACON& Tower with Radar,12,10,15,0,37,0,2,31,0,33,12,12,46,0,70,26,0,26,96
04/15/2023,AVP,PA,AEA,EN,Combined TRACON& Tower with Radar,13,5,7,0,25,0,1,3,0,4,13,6,10,0,29,0,0,0,29
04/16/2023,AVP,PA,AEA,EN,Combined TRACON& Tower with Radar,14,4,13,0,31,0,3,8,0,11,14,7,21,0,42,31,0,31,73
04/17/2023,AVP,PA,AEA,EN,Combined TRACON& Tower with Radar,11,6,17,0,34,0,2,12,0,14,11,8,29,0,48,0,0,0,48
04/18/2023,AVP,PA,AEA,EN,Combined TRACON& Tower with Radar,12,9,8,2,31,0,4,3,0,7,12,13,11,2,38,0,0,0,38
04/19/2023,AVP,PA,AEA,EN,Combined TRACON& Tower with Radar,12,13,9,0,34,0,3,8,0,11,12,16,17,0,45,2,0,2,47
04/20/2023,AVP,PA,AEA,EN,Combined TRACON& Tower with Radar,11,10,22,0,43,0,6,52,0,58,11,16,74,0,101,11,0,11,112
04/21/2023,AVP,PA,AEA,EN,Combined TRACON& Tower with Radar,13,10,20,0,43,0,7,31,0,38,13,17,51,0,81,30,0,30,111
04/22/2023,AVP,PA,AEA,EN,Combined TRACON& Tower with Radar,16,10,5,0,31,0,2,0,0,2,16,12,5,0,33,0,0,0,33
04/23/2023,AVP,PA,AEA,EN,Combined TRACON& Tower with Radar,12,8,12,0,32,0,7,7,0,14,12,15,19,0,46,5,0,5,51
04/24/2023,AVP,PA,AEA,EN,Combined TRACON& Tower with Radar,11,6,5,0,22,0,5,17,0,22,11,11,22,0,44,8,0,8,52
04/25/2023,AVP,PA,AEA,EN,Combined TRACON& Tower with Radar,12,14,9,4,39,0,4,27,5,36,12,18,36,9,75,18,0,18,93
04/26/2023,AVP,PA,AEA,EN,Combined TRACON& Tower with Radar,12,9,12,1,34,0,6,7,2,15,12,15,19,3,49,4,2,6,55
04/27/2023,AVP,PA,AEA,EN,Combined TRACON& Tower with Radar,12,10,24,0,46,0,4,13,1,18,12,14,37,1,64,16,0,16,80
04/28/2023,AVP,PA,AEA,EN,Combined TRACON& Tower with Radar,12,14,11,0,37,0,9,0,0,9,12,23,11,0,46,0,0,0,46
04/29/2023,AVP,PA,AEA,EN,Combined TRACON& Tower with Radar,12,7,8,1,28,0,0,0,3,3,12,7,8,4,31,1,0,1,32
04/30/2023,AVP,PA,AEA,EN,Combined TRACON& Tower with Radar,10,6,4,0,20,0,0,0,0,0,10,6,4,0,20,0,0,0,20
05/01/2023,AVP,PA,AEA,EN,Combined TRACON& Tower with Radar,12,10,6,0,28,0,0,6,1,7,12,10,12,1,35,0,0,0,35
05/02/2023,AVP,PA,AEA,EN,Combined TRACON& Tower with Radar,12,6,17,0,35,0,4,2,0,6,12,10,19,0,41,0,0,0,41
05/03/2023,AVP,PA,AEA,EN,Combined TRACON& Tower with Radar,12,8,4,0,24,0,4,1,0,5,12,12,5,0,29,0,0,0,29
05/04/2023,AVP,PA,AEA,EN,Combined TRACON& Tower with Radar,12,6,12,0,30,0,8,12,0,20,12,14,24,0,50,22,0,22,72
05/05/2023,AVP,PA,AEA,EN,Combined TRACON& Tower with Radar,11,11,19,0,41,0,3,9,0,12,11,14,28,0,53,20,0,20,73
05/06/2023,AVP,PA,AEA,EN,Combined TRACON& Tower with Radar,12,10,11,0,33,0,3,27,0,30,12,13,38,0,63,29,17,46,109
05/07/2023,AVP,PA,AEA,EN,Combined TRACON& Tower with Radar,10,9,5,0,24,0,5,16,0,21,10,14,21,0,45,13,0,13,58
05/08/2023,AVP,PA,AEA,EN,Combined TRACON& Tower with Radar,10,7,14,0,31,0,3,20,0,23,10,10,34,0,54,0,0,0,54
05/09/2023,AVP,PA,AEA,EN,Combined TRACON& Tower with Radar,10,12,23,2,47,0,6,25,0,31,10,18,48,2,78,20,0,20,98
05/10/2023,AVP,PA,AEA,EN,Combined TRACON& Tower with Radar,10,14,15,1,40,0,8,30,0,38,10,22,45,1,78,31,0,31,109
05/11/2023,AVP,PA,AEA,EN,Combined TRACON& Tower with Radar,10,13,16,0,39,0,9,33,0,42,10,22,49,0,81,9,0,9,90
05/12/2023,AVP,PA,AEA,EN,Combined TRACON& Tower with Radar,10,15,14,0,39,0,3,33,0,36,10,18,47,0,75,38,0,38,113
05/13/2023,AVP,PA,AEA,EN,Combined TRACON& Tower with Radar,10,14,13,0,37,0,2,14,0,16,10,16,27,0,53,6,0,6,59
05/14/2023,AVP,PA,AEA,EN,Combined TRACON& Tower with Radar,10,6,8,0,24,0,2,18,0,20,10,8,26,0,44,0,0,0,44
05/15/2023,AVP,PA,AEA,EN,Combined TRACON& Tower with Radar,10,19,15,1,45,0,5,33,1,39,10,24,48,2,84,24,0,24,108
05/16/2023,AVP,PA,AEA,EN,Combined TRACON& Tower with Radar,9,23,12,4,48,0,2,18,1,21,9,25,30,5,69,0,0,0,69
05/17/2023,AVP,PA,AEA,EN,Combined TRACON& Tower with Radar,11,18,10,0,39,0,5,7,1,13,11,23,17,1,52,4,0,4,56
05/18/2023,AVP,PA,AEA,EN,Combined TRACON& Tower with Radar,10,10,17,0,37,0,3,42,3,48,10,13,59,3,85,0,0,0,85
05/19/2023,AVP,PA,AEA,EN,Combined TRACON& Tower with Radar,10,13,15,4,42,0,9,5,2,16,10,22,20,6,58,0,0,0,58
05/20/2023,AVP,PA,AEA,EN,Combined TRACON& Tower with Radar,10,11,8,0,29,0,2,0,0,2,10,13,8,0,31,0,0,0,31
05/21/2023,AVP,PA,AEA,EN,Combined TRACON& Tower with Radar,15,15,8,0,38,0,4,1,0,5,15,19,9,0,43,0,0,0,43
05/22/2023,AVP,PA,AEA,EN,Combined TRACON& Tower with Radar,11,6,8,0,25,0,2,17,3,22,11,8,25,3,47,0,0,0,47
05/23/2023,AVP,PA,AEA,EN,Combined TRACON& Tower with Radar,10,12,21,10,53,0,3,30,0,33,10,15,51,10,86,38,0,38,124
05/24/2023,AVP,PA,AEA,EN,Combined TRACON& Tower with Radar,10,17,18,1,46,0,4,11,0,15,10,21,29,1,61,16,0,16,77
05/25/2023,AVP,PA,AEA,EN,Combined TRACON& Tower with Radar,10,17,22,2,51,0,11,32,3,46,10,28,54,5,97,1,0,1,98
05/26/2023,AVP,PA,AEA,EN,Combined TRACON& Tower with Radar,10,9,6,2,27,0,15,29,2,46,10,24,35,4,73,6,0,6,79
05/27/2023,AVP,PA,AEA,EN,Combined TRACON& Tower with Radar,9,8,6,0,23,0,8,19,4,31,9,16,25,4,54,7,0,7,61
05/28/2023,AVP,PA,AEA,EN,Combined TRACON& Tower with Radar,10,7,8,0,25,0,5,31,4,40,10,12,39,4,65,26,0,26,91
05/29/2023,AVP,PA,AEA,EN,Combined TRACON& Tower with Radar,12,7,12,2,33,0,6,23,0,29,12,13,35,2,62,7,0,7,69
05/30/2023,AVP,PA,AEA,EN,Combined TRACON& Tower with Radar,10,18,15,1,44,0,3,24,1,28,10,21,39,2,72,11,0,11,83
05/31/2023,AVP,PA,AEA,EN,Combined TRACON& Tower with Radar,10,14,30,3,57,0,2,28,1,31,10,16,58,4,88,51,2,53,141
06/01/2023,AVP,PA,AEA,EN,Combined TRACON& Tower with Radar,10,9,1,2,22,0,6,44,2,52,10,15,45,4,74,28,0,28,102
06/02/2023,AVP,PA,AEA,EN,Combined TRACON& Tower with Radar,9,13,13,0,35,0,4,16,1,21,9,17,29,1,56,11,0,11,67
06/03/2023,AVP,PA,AEA,EN,Combined TRACON& Tower with Radar,12,9,8,0,29,0,4,9,0,13,12,13,17,0,42,0,0,0,42
06/04/2023,AVP,PA,AEA,EN,Combined TRACON& Tower with Radar,9,6,10,0,25,0,0,16,1,17,9,6,26,1,42,0,0,0,42
06/05/2023,AVP,PA,AEA,EN,Combined TRACON& Tower with Radar,10,11,11,0,32,0,5,12,0,17,10,16,23,0,49,0,0,0,49
06/06/2023,AVP,PA,AEA,EN,Combined TRACON& Tower with Radar,8,16,18,0,42,0,3,7,0,10,8,19,25,0,52,0,0,0,52
06/07/2023,AVP,PA,AEA,EN,Combined TRACON& Tower with Radar,8,9,20,0,37,0,1,0,0,1,8,10,20,0,38,0,0,0,38
06/08/2023,AVP,PA,AEA,EN,Combined TRACON& Tower with Radar,10,14,20,0,44,0,0,2,0,2,10,14,22,0,46,0,0,0,46
06/09/2023,AVP,PA,AEA,EN,Combined TRACON& Tower with Radar,10,12,8,0,30,0,6,15,1,22,10,18,23,1,52,11,0,11,63
06/10/2023,AVP,PA,AEA,EN,Combined TRACON& Tower with Radar,9,9,16,0,34,0,6,20,0,26,9,15,36,0,60,3,0,3,63
06/11/2023,AVP,PA,AEA,EN,Combined TRACON& Tower with Radar,11,14,13,0,38,0,9,25,0,34,11,23,38,0,72,0,0,0,72
06/12/2023,AVP,PA,AEA,EN,Combined TRACON& Tower with Radar,8,20,3,0,31,0,1,2,0,3,8,21,5,0,34,0,0,0,34
06/13/2023,AVP,PA,AEA,EN,Combined TRACON& Tower with Radar,10,17,22,0,49,0,6,27,0,33,10,23,49,0,82,10,0,10,92
06/14/2023,AVP,PA,AEA,EN,Combined TRACON& Tower with Radar,8,17,14,1,40,0,10,0,1,11,8,27,14,2,51,0,0,0,51
06/15/2023,AVP,PA,AEA,EN,Combined TRACON& Tower with Radar,10,13,10,0,33,0,7,22,0,29,10,20,32,0,62,32,0,32,94
06/16/2023,AVP,PA,AEA,EN,Combined TRACON& Tower with Radar,10,10,8,0,28,0,6,4,0,10,10,16,12,0,38,0,0,0,38
06/17/2023,AVP,PA,AEA,EN,Combined TRACON& Tower with Radar,9,6,18,0,33,0,4,10,0,14,9,10,28,0,47,0,0,0,47
06/18/2023,AVP,PA,AEA,EN,Combined TRACON& Tower with Radar,11,9,15,0,35,0,0,16,0,16,11,9,31,0,51,34,0,34,85
06/19/2023,AVP,PA,AEA,EN,Combined TRACON& Tower with Radar,10,11,21,0,42,0,4,39,0,43,10,15,60,0,85,0,0,0,85
06/20/2023,AVP,PA,AEA,EN,Combined TRACON& Tower with Radar,7,18,13,3,41,0,11,17,1,29,7,29,30,4,70,21,0,21,91
06/21/2023,AVP,PA,AEA,EN,Combined TRACON& Tower with Radar,11,9,15,0,35,0,8,23,0,31,11,17,38,0,66,60,0,60,126
06/22/2023,AVP,PA,AEA,EN,Combined TRACON& Tower with Radar,10,11,18,0,39,0,4,3,0,7,10,15,21,0,46,12,0,12,58
06/23/2023,AVP,PA,AEA,EN,Combined TRACON& Tower with Radar,10,9,18,0,37,0,5,2,0,7,10,14,20,0,44,0,0,0,44
06/24/2023,AVP,PA,AEA,EN,Combined TRACON& Tower with Radar,8,14,12,0,34,0,2,6,0,8,8,16,18,0,42,0,0,0,42
06/25/2023,AVP,PA,AEA,EN,Combined TRACON& Tower with Radar,11,8,13,0,32,0,3,2,0,5,11,11,15,0,37,8,0,8,45
06/26/2023,AVP,PA,AEA,EN,Combined TRACON& Tower with Radar,8,11,6,0,25,0,3,3,0,6,8,14,9,0,31,15,0,15,46
06/27/2023,AVP,PA,AEA,EN,Combined TRACON& Tower with Radar,9,10,10,0,29,0,0,1,0,1,9,10,11,0,30,0,0,0,30
06/28/2023,AVP,PA,AEA,EN,Combined TRACON& Tower with Radar,10,14,23,3,50,0,1,0,1,2,10,15,23,4,52,0,0,0,52
06/29/2023,AVP,PA,AEA,EN,Combined TRACON& Tower with Radar,10,12,20,0,42,0,3,2,2,7,10,15,22,2,49,0,0,0,49
06/30/2023,AVP,PA,AEA,EN,Combined TRACON& Tower with Radar,12,11,19,0,42,0,2,2,0,4,12,13,21,0,46,0,0,0,46
07/01/2023,AVP,PA,AEA,EN,Combined TRACON& Tower with Radar,9,10,15,0,34,0,1,4,0,5,9,11,19,0,39,0,0,0,39
07/02/2023,AVP,PA,AEA,EN,Combined TRACON& Tower with Radar,11,9,12,0,32,0,0,0,0,0,11,9,12,0,32,7,0,7,39
07/03/2023,AVP,PA,AEA,EN,Combined TRACON& Tower with Radar,8,10,11,0,29,0,4,8,0,12,8,14,19,0,41,0,0,0,41
07/04/2023,AVP,PA,AEA,EN,Combined TRACON& Tower with Radar,4,6,12,0,22,0,0,5,0,5,4,6,17,0,27,0,0,0,27
07/05/2023,AVP,PA,AEA,EN,Combined TRACON& Tower with Radar,8,10,20,0,38,0,5,40,0,45,8,15,60,0,83,0,0,0,83
07/06/2023,AVP,PA,AEA,EN,Combined TRACON& Tower with Radar,15,13,22,0,50,0,12,34,0,46,15,25,56,0,96,26,0,26,122
07/07/2023,AVP,PA,AEA,EN,Combined TRACON& Tower with Radar,13,7,10,0,30,0,6,13,0,19,13,13,23,0,49,0,0,0,49
07/08/2023,AVP,PA,AEA,EN,Combined TRACON& Tower with Radar,9,8,21,0,38,0,7,29,0,36,9,15,50,0,74,16,0,16,90
07/09/2023,AVP,PA,AEA,EN,Combined TRACON& Tower with Radar,10,4,11,0,25,0,2,3,0,5,10,6,14,0,30,0,0,0,30
07/10/2023,AVP,PA,AEA,EN,Combined TRACON& Tower with Radar,11,6,17,0,34,0,1,5,0,6,11,7,22,0,40,0,0,0,40
07/11/2023,AVP,PA,AEA,EN,Combined TRACON& Tower with Radar,8,9,15,2,34,0,12,36,0,48,8,21,51,2,82,0,0,0,82
07/12/2023,AVP,PA,AEA,EN,Combined TRACON& Tower with Radar,9,6,21,0,36,0,7,27,0,34,9,13,48,0,70,40,0,40,110
07/13/2023,AVP,PA,AEA,EN,Combined TRACON& Tower with Radar,15,7,13,0,35,0,7,34,0,41,15,14,47,0,76,23,0,23,99
07/14/2023,AVP,PA,AEA,EN,Combined TRACON& Tower with Radar,14,11,19,0,44,0,2,14,0,16,14,13,33,0,60,54,0,54,114
07/15/2023,AVP,PA,AEA,EN,Combined TRACON& Tower with Radar,9,10,10,0,29,0,3,4,1,8,9,13,14,1,37,2,0,2,39
07/16/2023,AVP,PA,AEA,EN,Combined TRACON& Tower with Radar,12,4,16,0,32,0,0,4,0,4,12,4,20,0,36,13,0,13,49
07/17/2023,AVP,PA,AEA,EN,Combined TRACON& Tower with Radar,13,6,20,0,39,0,2,11,0,13,13,8,31,0,52,59,0,59,111
07/18/2023,AVP,PA,AEA,EN,Combined TRACON& Tower with Radar,10,12,11,3,36,0,5,3,1,9,10,17,14,4,45,29,0,29,74
07/19/2023,AVP,PA,AEA,EN,Combined TRACON& Tower with Radar,14,6,28,9,57,0,5,27,0,32,14,11,55,9,89,42,0,42,131
07/20/2023,AVP,PA,AEA,EN,Combined TRACON& Tower with Radar,12,12,27,3,54,0,5,43,1,49,12,17,70,4,103,26,0,26,129
07/21/2023,AVP,PA,AEA,EN,Combined TRACON& Tower with Radar,12,9,19,0,40,0,0,12,0,12,12,9,31,0,52,0,0,0,52
07/22/2023,AVP,PA,AEA,EN,Combined TRACON& Tower with Radar,9,10,34,0,53,0,0,38,2,40,9,10,72,2,93,8,0,8,101
07/23/2023,AVP,PA,AEA,EN,Combined TRACON& Tower with Radar,13,16,31,1,61,0,6,31,1,38,13,22,62,2,99,0,0,0,99
07/24/2023,AVP,PA,AEA,EN,Combined TRACON& Tower with Radar,10,10,13,0,33,0,4,3,0,7,10,14,16,0,40,0,0,0,40
07/25/2023,AVP,PA,AEA,EN,Combined TRACON& Tower with Radar,8,9,18,0,35,0,8,10,0,18,8,17,28,0,53,12,0,12,65
07/26/2023,AVP,PA,AEA,EN,Combined TRACON& Tower with Radar,10,17,25,0,52,0,7,30,0,37,10,24,55,0,89,0,0,0,89
07/27/2023,AVP,PA,AEA,EN,Combined TRACON& Tower with Radar,9,8,14,3,34,0,6,5,0,11,9,14,19,3,45,0,0,0,45
07/28/2023,AVP,PA,AEA,EN,Combined TRACON& Tower with Radar,13,5,14,2,34,0,6,27,0,33,13,11,41,2,67,0,0,0,67
07/29/2023,AVP,PA,AEA,EN,Combined TRACON& Tower with Radar,8,10,7,0,25,0,0,3,0,3,8,10,10,0,28,0,0,0,28
07/30/2023,AVP,PA,AEA,EN,Combined TRACON& Tower with Radar,14,8,13,0,35,0,2,21,0,23,14,10,34,0,58,5,0,5,63
07/31/2023,AVP,PA,AEA,EN,Combined TRACON& Tower with Radar,12,6,27,2,47,0,6,38,0,44,12,12,65,2,91,50,0,50,141
08/01/2023,AVP,PA,AEA,EN,Combined TRACON& Tower with Radar,8,11,18,2,39,0,5,28,0,33,8,16,46,2,72,0,0,0,72
08/02/2023,AVP,PA,AEA,EN,Combined TRACON& Tower with Radar,10,8,23,0,41,0,4,40,0,44,10,12,63,0,85,0,0,0,85
08/03/2023,AVP,PA,AEA,EN,Combined TRACON& Tower with Radar,12,8,21,0,41,0,1,16,0,17,12,9,37,0,58,8,0,8,66
08/04/2023,AVP,PA,AEA,EN,Combined TRACON& Tower with Radar,12,9,16,0,37,0,3,2,0,5,12,12,18,0,42,0,0,0,42
08/05/2023,AVP,PA,AEA,EN,Combined TRACON& Tower with Radar,9,8,9,0,26,0,2,16,0,18,9,10,25,0,44,0,0,0,44
08/06/2023,AVP,PA,AEA,EN,Combined TRACON& Tower with Radar,10,7,13,0,30,0,2,24,0,26,10,9,37,0,56,11,0,11,67
08/07/2023,AVP,PA,AEA,EN,Combined TRACON& Tower with Radar,13,8,6,2,29,0,2,0,0,2,13,10,6,2,31,0,0,0,31
08/08/2023,AVP,PA,AEA,EN,Combined TRACON& Tower with Radar,9,12,20,0,41,0,6,6,0,12,9,18,26,0,53,0,0,0,53
08/09/2023,AVP,PA,AEA,EN,Combined TRACON& Tower with Radar,12,15,12,0,39,0,0,27,0,27,12,15,39,0,66,6,0,6,72
08/10/2023,AVP,PA,AEA,EN,Combined TRACON& Tower with Radar,15,13,11,0,39,0,3,3,0,6,15,16,14,0,45,4,0,4,49
08/11/2023,AVP,PA,AEA,EN,Combined TRACON& Tower with Radar,12,9,16,2,39,0,2,15,0,17,12,11,31,2,56,8,0,8,64
08/12/2023,AVP,PA,AEA,EN,Combined TRACON& Tower with Radar,9,12,10,0,31,0,2,12,0,14,9,14,22,0,45,14,0,14,59
08/13/2023,AVP,PA,AEA,EN,Combined TRACON& Tower with Radar,13,4,15,0,32,0,2,22,0,24,13,6,37,0,56,15,0,15,71
08/14/2023,AVP,PA,AEA,EN,Combined TRACON& Tower with Radar,12,10,19,6,47,0,2,33,0,35,12,12,52,6,82,59,0,59,141
08/15/2023,AVP,PA,AEA,EN,Combined TRACON& Tower with Radar,12,8,23,8,51,0,2,3,1,6,12,10,26,9,57,16,0,16,73
08/16/2023,AVP,PA,AEA,EN,Combined TRACON& Tower with Radar,12,13,24,1,50,0,0,16,0,16,12,13,40,1,66,28,0,28,94
08/17/2023,AVP,PA,AEA,EN,Combined TRACON& Tower with Radar,12,11,24,3,50,0,2,3,0,5,12,13,27,3,55,0,0,0,55
08/18/2023,AVP,PA,AEA,EN,Combined TRACON& Tower with Radar,12,9,6,2,29,0,4,15,0,19,12,13,21,2,48,14,0,14,62
08/19/2023,AVP,PA,AEA,EN,Combined TRACON& Tower with Radar,11,13,8,0,32,0,1,23,0,24,11,14,31,0,56,10,0,10,66
08/20/2023,AVP,PA,AEA,EN,Combined TRACON& Tower with Radar,12,9,11,0,32,0,4,61,0,65,12,13,72,0,97,0,0,0,97
08/21/2023,AVP,PA,AEA,EN,Combined TRACON& Tower with Radar,12,9,25,0,46,0,2,33,0,35,12,11,58,0,81,8,0,8,89
08/22/2023,AVP,PA,AEA,EN,Combined TRACON& Tower with Radar,13,7,22,2,44,0,4,20,0,24,13,11,42,2,68,15,0,15,83
08/23/2023,AVP,PA,AEA,EN,Combined TRACON& Tower with Radar,12,10,10,3,35,0,5,40,1,46,12,15,50,4,81,61,0,61,142
08/24/2023,AVP,PA,AEA,EN,Combined TRACON& Tower with Radar,11,8,15,2,36,0,7,2,0,9,11,15,17,2,45,0,0,0,45
08/25/2023,AVP,PA,AEA,EN,Combined TRACON& Tower with Radar,13,6,16,2,37,0,2,6,0,8,13,8,22,2,45,8,0,8,53
08/26/2023,AVP,PA,AEA,EN,Combined TRACON& Tower with Radar,12,6,12,0,30,0,0,19,0,19,12,6,31,0,49,21,0,21,70
08/27/2023,AVP,PA,AEA,EN,Combined TRACON& Tower with Radar,12,7,15,0,34,0,2,20,0,22,12,9,35,0,56,41,0,41,97
08/28/2023,AVP,PA,AEA,EN,Combined TRACON& Tower with Radar,12,7,16,0,35,0,0,4,0,4,12,7,20,0,39,0,0,0,39
08/29/2023,AVP,PA,AEA,EN,Combined TRACON& Tower with Radar,12,11,15,2,40,0,2,16,0,18,12,13,31,2,58,30,0,30,88
08/30/2023,AVP,PA,AEA,EN,Combined TRACON& Tower with Radar,12,8,12,0,32,0,4,8,0,12,12,12,20,0,44,0,0,0,44
08/31/2023,AVP,PA,AEA,EN,Combined TRACON& Tower with Radar,12,14,15,4,45,0,6,20,0,26,12,20,35,4,71,11,0,11,82
01/01/2020,AVP,PA,AEA,EN,Combined TRACON& Tower with Radar,10,21,6,0,37,0,16,34,0,50,10,37,40,0,87,168,0,168,255
01/02/2020,AVP,PA,AEA,EN,Combined TRACON& Tower with Radar,10,26,13,1,50,0,24,58,1,83,10,50,71,2,133,213,3,216,349
01/03/2020,AVP,PA,AEA,EN,Combined TRACON& Tower with Radar,10,21,3,0,34,0,27,33,0,60,10,48,36,0,94,162,0,162,256
01/04/2020,AVP,PA,AEA,EN,Combined TRACON& Tower with Radar,9,29,3,0,41,0,1,0,0,1,9,30,3,0,42,0,0,0,42
01/05/2020,AVP,PA,AEA,EN,Combined TRACON& Tower with Radar,8,27,4,0,39,0,2,17,0,19,8,29,21,0,58,51,2,53,111
01/06/2020,AVP,PA,AEA,EN,Combined TRACON& Tower with Radar,9,26,9,0,44,0,9,13,0,22,9,35,22,0,66,20,0,20,86
01/07/2020,AVP,PA,AEA,EN,Combined TRACON& Tower with Radar,9,25,16,0,50,0,35,37,0,72,9,60,53,0,122,146,0,146,268
01/08/2020,AVP,PA,AEA,EN,Combined TRACON& Tower with Radar,9,30,6,0,45,0,22,32,0,54,9,52,38,0,99,214,0,214,313
01/09/2020,AVP,PA,AEA,EN,Combined TRACON& Tower with Radar,10,30,23,1,64,0,26,54,1,81,10,56,77,2,145,200,0,200,345
01/10/2020,AVP,PA,AEA,EN,Combined TRACON& Tower with Radar,10,34,6,0,50,0,22,33,0,55,10,56,39,0,105,204,0,204,309
01/11/2020,AVP,PA,AEA,EN,Combined TRACON& Tower with Radar,9,14,2,0,25,0,5,4,0,9,9,19,6,0,34,68,0,68,102
01/12/2020,AVP,PA,AEA,EN,Combined TRACON& Tower with Radar,9,25,2,0,36,0,16,4,0,20,9,41,6,0,56,76,0,76,132
01/13/2020,AVP,PA,AEA,EN,Combined TRACON& Tower with Radar,10,27,7,0,44,0,0,10,0,10,10,27,17,0,54,41,0,41,95
01/14/2020,AVP,PA,AEA,EN,Combined TRACON& Tower with Radar,9,25,14,0,48,0,2,9,0,11,9,27,23,0,59,31,0,31,90
01/15/2020,AVP,PA,AEA,EN,Combined TRACON& Tower with Radar,12,30,14,0,56,0,4,32,0,36,12,34,46,0,92,14,0,14,106
01/16/2020,AVP,PA,AEA,EN,Combined TRACON& Tower with Radar,9,24,4,0,37,0,0,0,0,0,9,24,4,0,37,0,0,0,37
01/17/2020,AVP,PA,AEA,EN,Combined TRACON& Tower with Radar,12,24,5,0,41,0,4,9,0,13,12,28,14,0,54,0,0,0,54
01/18/2020,AVP,PA,AEA,EN,Combined TRACON& Tower with Radar,8,16,3,0,27,0,0,6,0,6,8,16,9,0,33,42,0,42,75
01/19/2020,AVP,PA,AEA,EN,Combined TRACON& Tower with Radar,9,25,8,0,42,0,2,8,0,10,9,27,16,0,52,24,0,24,76
01/20/2020,AVP,PA,AEA,EN,Combined TRACON& Tower with Radar,9,25,11,0,45,0,2,21,0,23,9,27,32,0,68,82,0,82,150
01/21/2020,AVP,PA,AEA,EN,Combined TRACON& Tower with Radar,9,29,15,1,54,0,3,21,1,25,9,32,36,2,79,19,0,19,98
01/22/2020,AVP,PA,AEA,EN,Combined TRACON& Tower with Radar,9,30,5,2,46,0,2,29,0,31,9,32,34,2,77,14,0,14,91
01/23/2020,AVP,PA,AEA,EN,Combined TRACON& Tower with Radar,11,27,9,0,47,0,11,30,2,43,11,38,39,2,90,80,0,80,170
01/24/2020,AVP,PA,AEA,EN,Combined TRACON& Tower with Radar,9,30,11,0,50,0,3,46,0,49,9,33,57,0,99,88,0,88,187
01/25/2020,AVP,PA,AEA,EN,Combined TRACON& Tower with Radar,9,20,2,0,31,0,3,3,0,6,9,23,5,0,37,70,0,70,107
01/26/2020,AVP,PA,AEA,EN,Combined TRACON& Tower with Radar,9,24,2,0,35,0,1,8,0,9,9,25,10,0,44,17,0,17,61
01/27/2020,AVP,PA,AEA,EN,Combined TRACON& Tower with Radar,15,26,5,0,46,0,4,11,0,15,15,30,16,0,61,24,0,24,85
01/28/2020,AVP,PA,AEA,EN,Combined TRACON& Tower with Radar,10,28,8,0,46,0,3,0,0,3,10,31,8,0,49,0,0,0,49
01/29/2020,AVP,PA,AEA,EN,Combined TRACON& Tower with Radar,13,26,3,0,42,0,3,16,0,19,13,29,19,0,61,17,1,18,79
01/30/2020,AVP,PA,AEA,EN,Combined TRACON& Tower with Radar,10,33,16,1,60,0,5,57,1,63,10,38,73,2,123,114,0,114,237
01/31/2020,AVP,PA,AEA,EN,Combined TRACON& Tower with Radar,10,32,13,0,55,0,2,24,0,26,10,34,37,0,81,10,0,10,91
02/01/2020,AVP,PA,AEA,EN,Combined TRACON& Tower with Radar,11,18,1,0,30,0,2,18,0,20,11,20,19,0,50,92,0,92,142
02/02/2020,AVP,PA,AEA,EN,Combined TRACON& Tower with Radar,9,25,2,0,36,0,0,6,0,6,9,25,8,0,42,30,0,30,72
02/03/2020,AVP,PA,AEA,EN,Combined TRACON& Tower with Radar,14,27,14,1,56,0,11,34,0,45,14,38,48,1,101,82,0,82,183
02/04/2020,AVP,PA,AEA,EN,Combined TRACON& Tower with Radar,9,28,11,0,48,0,12,13,0,25,9,40,24,0,73,40,0,40,113
02/05/2020,AVP,PA,AEA,EN,Combined TRACON& Tower with Radar,9,28,9,0,46,0,7,10,1,18,9,35,19,1,64,0,0,0,64
02/06/2020,AVP,PA,AEA,EN,Combined TRACON& Tower with Radar,6,24,12,0,42,0,0,0,0,0,6,24,12,0,42,0,0,0,42
02/07/2020,AVP,PA,AEA,EN,Combined TRACON& Tower with Radar,8,40,2,0,50,0,0,8,0,8,8,40,10,0,58,38,0,38,96
02/08/2020,AVP,PA,AEA,EN,Combined TRACON& Tower with Radar,7,22,5,0,34,0,5,10,0,15,7,27,15,0,49,58,0,58,107
02/09/2020,AVP,PA,AEA,EN,Combined TRACON& Tower with Radar,9,25,10,0,44,0,2,12,0,14,9,27,22,0,58,22,0,22,80
02/10/2020,AVP,PA,AEA,EN,Combined TRACON& Tower with Radar,11,28,10,0,49,0,2,6,0,8,11,30,16,0,57,36,0,36,93
02/11/2020,AVP,PA,AEA,EN,Combined TRACON& Tower with Radar,8,29,13,0,50,0,0,0,0,0,8,29,13,0,50,0,0,0,50
02/12/2020,AVP,PA,AEA,EN,Combined TRACON& Tower with Radar,9,30,6,1,46,0,4,27,2,33,9,34,33,3,79,0,0,0,79
02/13/2020,AVP,PA,AEA,EN,Combined TRACON& Tower with Radar,10,34,1,0,45,0,8,0,0,8,10,42,1,0,53,0,0,0,53
02/14/2020,AVP,PA,AEA,EN,Combined TRACON& Tower with Radar,10,29,14,4,57,0,4,2,0,6,10,33,16,4,63,0,0,0,63
02/15/2020,AVP,PA,AEA,EN,Combined TRACON& Tower with Radar,7,21,17,0,45,0,4,30,0,34,7,25,47,0,79,0,0,0,79
02/16/2020,AVP,PA,AEA,EN,Combined TRACON& Tower with Radar,9,26,10,0,45,0,3,27,0,30,9,29,37,0,75,0,0,0,75
02/17/2020,AVP,PA,AEA,EN,Combined TRACON& Tower with Radar,10,25,16,0,51,0,14,23,0,37,10,39,39,0,88,80,0,80,168
02/18/2020,AVP,PA,AEA,EN,Combined TRACON& Tower with Radar,8,31,6,0,45,0,2,0,0,2,8,33,6,0,47,0,0,0,47
02/19/2020,AVP,PA,AEA,EN,Combined TRACON& Tower with Radar,14,25,10,0,49,0,12,17,0,29,14,37,27,0,78,92,0,92,170
02/20/2020,AVP,PA,AEA,EN,Combined TRACON& Tower with Radar,12,28,14,0,54,0,11,36,0,47,12,39,50,0,101,81,0,81,182
02/21/2020,AVP,PA,AEA,EN,Combined TRACON& Tower with Radar,10,31,7,1,49,0,9,31,1,41,10,40,38,2,90,73,0,73,163
02/22/2020,AVP,PA,AEA,EN,Combined TRACON& Tower with Radar,7,19,4,8,38,0,6,21,5,32,7,25,25,13,70,36,23,59,129
02/23/2020,AVP,PA,AEA,EN,Combined TRACON& Tower with Radar,9,26,8,0,43,0,4,41,0,45,9,30,49,0,88,130,6,136,224
02/24/2020,AVP,PA,AEA,EN,Combined TRACON& Tower with Radar,10,34,14,0,58,0,0,25,0,25,10,34,39,0,83,4,0,4,87
02/25/2020,AVP,PA,AEA,EN,Combined TRACON& Tower with Radar,12,33,4,0,49,0,3,7,0,10,12,36,11,0,59,16,0,16,75
02/26/2020,AVP,PA,AEA,EN,Combined TRACON& Tower with Radar,14,22,15,0,51,0,5,3,0,8,14,27,18,0,59,68,0,68,127
02/27/2020,AVP,PA,AEA,EN,Combined TRACON& Tower with Radar,12,29,7,0,48,0,2,2,0,4,12,31,9,0,52,0,0,0,52
02/28/2020,AVP,PA,AEA,EN,Combined TRACON& Tower with Radar,10,38,11,0,59,0,8,12,0,20,10,46,23,0,79,8,0,8,87
02/29/2020,AVP,PA,AEA,EN,Combined TRACON& Tower with Radar,7,19,7,0,33,0,0,24,0,24,7,19,31,0,57,120,10,130,187
03/01/2020,AVP,PA,AEA,EN,Combined TRACON& Tower with Radar,9,24,6,0,39,0,4,13,0,17,9,28,19,0,56,81,0,81,137
03/02/2020,AVP,PA,AEA,EN,Combined TRACON& Tower with Radar,10,28,12,0,50,0,5,8,2,15,10,33,20,2,65,11,0,11,76
03/03/2020,AVP,PA,AEA,EN,Combined TRACON& Tower with Radar,8,33,16,3,60,0,1,0,1,2,8,34,16,4,62,0,0,0,62
03/04/2020,AVP,PA,AEA,EN,Combined TRACON& Tower with Radar,10,28,10,2,50,0,3,23,0,26,10,31,33,2,76,76,0,76,152
03/05/2020,AVP,PA,AEA,EN,Combined TRACON& Tower with Radar,11,31,26,6,74,0,8,35,0,43,11,39,61,6,117,74,0,74,191
03/06/2020,AVP,PA,AEA,EN,Combined TRACON& Tower with Radar,10,34,7,2,53,0,0,3,0,3,10,34,10,2,56,0,0,0,56
03/07/2020,AVP,PA,AEA,EN,Combined TRACON& Tower with Radar,8,27,5,0,40,0,5,5,0,10,8,32,10,0,50,0,0,0,50
03/08/2020,AVP,PA,AEA,EN,Combined TRACON& Tower with Radar,10,24,13,0,47,0,1,52,0,53,10,25,65,0,100,112,4,116,216
03/09/2020,AVP,PA,AEA,EN,Combined TRACON& Tower with Radar,10,30,12,0,52,0,3,31,0,34,10,33,43,0,86,57,0,57,143
03/10/2020,AVP,PA,AEA,EN,Combined TRACON& Tower with Radar,8,30,7,3,48,0,2,2,3,7,8,32,9,6,55,0,0,0,55
03/11/2020,AVP,PA,AEA,EN,Combined TRACON& Tower with Radar,11,31,10,0,52,0,2,16,1,19,11,33,26,1,71,27,0,27,98
03/12/2020,AVP,PA,AEA,EN,Combined TRACON& Tower with Radar,11,30,14,0,55,0,4,7,0,11,11,34,21,0,66,17,0,17,83
03/13/2020,AVP,PA,AEA,EN,Combined TRACON& Tower with Radar,10,43,6,0,59,0,4,2,0,6,10,47,8,0,65,0,0,0,65
03/14/2020,AVP,PA,AEA,EN,Combined TRACON& Tower with Radar,10,22,12,0,44,0,7,15,0,22,10,29,27,0,66,24,0,24,90
03/15/2020,AVP,PA,AEA,EN,Combined TRACON& Tower with Radar,9,24,6,0,39,0,9,33,0,42,9,33,39,0,81,80,0,80,161
03/16/2020,AVP,PA,AEA,EN,Combined TRACON& Tower with Radar,14,26,11,0,51,0,7,18,1,26,14,33,29,1,77,79,0,79,156
03/17/2020,AVP,PA,AEA,EN,Combined TRACON& Tower with Radar,9,31,1,0,41,0,5,1,0,6,9,36,2,0,47,0,0,0,47
03/18/2020,AVP,PA,AEA,EN,Combined TRACON& Tower with Radar,10,27,5,2,44,0,3,21,0,24,10,30,26,2,68,14,0,14,82
03/19/2020,AVP,PA,AEA,EN,Combined TRACON& Tower with Radar,9,30,4,0,43,0,7,5,0,12,9,37,9,0,55,68,0,68,123
03/20/2020,AVP,PA,AEA,EN,Combined TRACON& Tower with Radar,8,28,8,0,44,0,1,1,0,2,8,29,9,0,46,0,0,0,46
03/21/2020,AVP,PA,AEA,EN,Combined TRACON& Tower with Radar,7,20,5,0,32,0,3,9,0,12,7,23,14,0,44,0,0,0,44
03/22/2020,AVP,PA,AEA,EN,Combined TRACON& Tower with Radar,7,17,12,0,36,0,2,23,0,25,7,19,35,0,61,22,0,22,83
03/23/2020,AVP,PA,AEA,EN,Combined TRACON& Tower with Radar,7,20,0,0,27,0,0,0,0,0,7,20,0,0,27,0,0,0,27
03/24/2020,AVP,PA,AEA,EN,Combined TRACON& Tower with Radar,4,26,2,0,32,0,0,2,0,2,4,26,4,0,34,0,0,0,34
03/25/2020,AVP,PA,AEA,EN,Combined TRACON& Tower with Radar,2,20,3,2,27,0,2,12,0,14,2,22,15,2,41,72,4,76,117
03/26/2020,AVP,PA,AEA,EN,Combined TRACON& Tower with Radar,3,31,5,0,39,0,2,15,2,19,3,33,20,2,58,20,0,20,78
03/27/2020,AVP,PA,AEA,EN,Combined TRACON& Tower with Radar,3,23,5,4,35,0,5,14,0,19,3,28,19,4,54,35,0,35,89
03/28/2020,AVP,PA,AEA,EN,Combined TRACON& Tower with Radar,3,10,11,0,24,0,0,0,0,0,3,10,11,0,24,0,0,0,24
03/29/2020,AVP,PA,AEA,EN,Combined TRACON& Tower with Radar,6,20,4,0,30,0,0,0,0,0,6,20,4,0,30,0,0,0,30
03/30/2020,AVP,PA,AEA,EN,Combined TRACON& Tower with Radar,3,18,6,0,27,0,2,4,0,6,3,20,10,0,33,0,0,0,33
03/31/2020,AVP,PA,AEA,EN,Combined TRACON& Tower with Radar,5,20,0,2,27,0,2,0,0,2,5,22,0,2,29,0,0,0,29
04/01/2020,AVP,PA,AEA,EN,Combined TRACON& Tower with Radar,4,21,6,0,31,0,2,3,0,5,4,23,9,0,36,0,0,0,36
04/02/2020,AVP,PA,AEA,EN,Combined TRACON& Tower with Radar,4,18,5,0,27,0,4,0,0,4,4,22,5,0,31,10,0,10,41
04/03/2020,AVP,PA,AEA,EN,Combined TRACON& Tower with Radar,4,15,0,6,25,0,0,0,0,0,4,15,0,6,25,0,0,0,25
04/04/2020,AVP,PA,AEA,EN,Combined TRACON& Tower with Radar,4,14,2,0,20,0,1,0,0,1,4,15,2,0,21,0,0,0,21
04/05/2020,AVP,PA,AEA,EN,Combined TRACON& Tower with Radar,6,10,5,0,21,0,0,8,0,8,6,10,13,0,29,0,0,0,29
04/06/2020,AVP,PA,AEA,EN,Combined TRACON& Tower with Radar,4,11,7,0,22,0,0,16,0,16,4,11,23,0,38,0,0,0,38
04/07/2020,AVP,PA,AEA,EN,Combined TRACON& Tower with Radar,3,20,1,0,24,0,8,12,0,20,3,28,13,0,44,2,0,2,46
04/08/2020,AVP,PA,AEA,EN,Combined TRACON& Tower with Radar,5,15,8,0,28,0,5,8,0,13,5,20,16,0,41,19,0,19,60
04/09/2020,AVP,PA,AEA,EN,Combined TRACON& Tower with Radar,4,15,0,0,19,0,0,0,0,0,4,15,0,0,19,0,0,0,19
04/10/2020,AVP,PA,AEA,EN,Combined TRACON& Tower with Radar,4,13,2,0,19,0,0,0,0,0,4,13,2,0,19,0,0,0,19
04/11/2020,AVP,PA,AEA,EN,Combined TRACON& Tower with Radar,4,11,7,0,22,0,3,7,0,10,4,14,14,0,32,0,0,0,32
04/12/2020,AVP,PA,AEA,EN,Combined TRACON& Tower with Radar,4,8,6,0,18,0,3,12,0,15,4,11,18,0,33,72,0,72,105
04/13/2020,AVP,PA,AEA,EN,Combined TRACON& Tower with Radar,4,13,0,0,17,0,0,0,0,0,4,13,0,0,17,0,0,0,17
04/14/2020,AVP,PA,AEA,EN,Combined TRACON& Tower with Radar,3,14,1,2,20,0,6,4,0,10,3,20,5,2,30,0,0,0,30
04/15/2020,AVP,PA,AEA,EN,Combined TRACON& Tower with Radar,5,12,1,2,20,0,3,16,0,19,5,15,17,2,39,13,0,13,52
04/16/2020,AVP,PA,AEA,EN,Combined TRACON& Tower with Radar,4,10,1,0,15,0,1,10,0,11,4,11,11,0,26,1,0,1,27
04/17/2020,AVP,PA,AEA,EN,Combined TRACON& Tower with Radar,4,11,7,0,22,0,1,16,0,17,4,12,23,0,39,40,4,44,83
04/18/2020,AVP,PA,AEA,EN,Combined TRACON& Tower with Radar,4,9,0,0,13,0,0,9,0,9,4,9,9,0,22,62,2,64,86
04/19/2020,AVP,PA,AEA,EN,Combined TRACON& Tower with Radar,3,8,4,0,15,0,6,15,0,21,3,14,19,0,36,2,0,2,38
04/20/2020,AVP,PA,AEA,EN,Combined TRACON& Tower with Radar,3,10,3,0,16,0,4,22,2,28,3,14,25,2,44,30,0,30,74
04/21/2020,AVP,PA,AEA,EN,Combined TRACON& Tower with Radar,4,10,3,0,17,0,0,1,0,1,4,10,4,0,18,0,0,0,18
04/22/2020,AVP,PA,AEA,EN,Combined TRACON& Tower with Radar,4,10,3,0,17,0,0,4,0,4,4,10,7,0,21,2,0,2,23
04/23/2020,AVP,PA,AEA,EN,Combined TRACON& Tower with Radar,4,13,3,0,20,0,7,8,0,15,4,20,11,0,35,0,0,0,35
04/24/2020,AVP,PA,AEA,EN,Combined TRACON& Tower with Radar,4,13,2,0,19,0,2,0,0,2,4,15,2,0,21,0,0,0,21
04/25/2020,AVP,PA,AEA,EN,Combined TRACON& Tower with Radar,3,10,13,0,26,0,3,8,0,11,3,13,21,0,37,0,0,0,37
04/26/2020,AVP,PA,AEA,EN,Combined TRACON& Tower with Radar,5,6,0,0,11,0,0,0,0,0,5,6,0,0,11,0,0,0,11
04/27/2020,AVP,PA,AEA,EN,Combined TRACON& Tower with Radar,4,5,0,0,9,0,0,0,0,0,4,5,0,0,9,0,0,0,9
04/28/2020,AVP,PA,AEA,EN,Combined TRACON& Tower with Radar,4,11,5,2,22,0,2,28,0,30,4,13,33,2,52,0,0,0,52
04/29/2020,AVP,PA,AEA,EN,Combined TRACON& Tower with Radar,4,14,4,4,26,0,2,4,0,6,4,16,8,4,32,0,0,0,32
04/30/2020,AVP,PA,AEA,EN,Combined TRACON& Tower with Radar,4,12,3,0,19,0,0,0,0,0,4,12,3,0,19,0,0,0,19
05/01/2020,AVP,PA,AEA,EN,Combined TRACON& Tower with Radar,4,17,5,0,26,0,2,2,0,4,4,19,7,0,30,0,0,0,30
05/02/2020,AVP,PA,AEA,EN,Combined TRACON& Tower with Radar,4,11,12,0,27,0,0,38,0,38,4,11,50,0,65,88,2,90,155
05/03/2020,AVP,PA,AEA,EN,Combined TRACON& Tower with Radar,5,9,5,0,19,0,2,19,0,21,5,11,24,0,40,0,0,0,40
05/04/2020,AVP,PA,AEA,EN,Combined TRACON& Tower with Radar,4,14,5,0,23,0,2,5,0,7,4,16,10,0,30,0,0,0,30
05/05/2020,AVP,PA,AEA,EN,Combined TRACON& Tower with Radar,4,8,7,1,20,0,2,29,2,33,4,10,36,3,53,0,2,2,55
05/06/2020,AVP,PA,AEA,EN,Combined TRACON& Tower with Radar,2,10,4,0,16,0,1,7,0,8,2,11,11,0,24,36,0,36,60
05/07/2020,AVP,PA,AEA,EN,Combined TRACON& Tower with Radar,5,9,9,0,23,0,2,9,0,11,5,11,18,0,34,1,0,1,35
05/08/2020,AVP,PA,AEA,EN,Combined TRACON& Tower with Radar,4,11,0,0,15,0,0,4,0,4,4,11,4,0,19,0,0,0,19
05/09/2020,AVP,PA,AEA,EN,Combined TRACON& Tower with Radar,4,7,2,0,13,0,2,0,0,2,4,9,2,0,15,0,0,0,15
05/10/2020,AVP,PA,AEA,EN,Combined TRACON& Tower with Radar,4,7,3,0,14,0,0,4,0,4,4,7,7,0,18,16,0,16,34
05/11/2020,AVP,PA,AEA,EN,Combined TRACON& Tower with Radar,4,5,0,2,11,0,4,3,0,7,4,9,3,2,18,0,0,0,18
05/12/2020,AVP,PA,AEA,EN,Combined TRACON& Tower with Radar,4,13,3,0,20,0,1,8,3,12,4,14,11,3,32,6,0,6,38
05/13/2020,AVP,PA,AEA,EN,Combined TRACON& Tower with Radar,4,15,13,0,32,0,2,29,0,31,4,17,42,0,63,10,0,10,73
05/14/2020,AVP,PA,AEA,EN,Combined TRACON& Tower with Radar,4,13,5,0,22,0,2,21,0,23,4,15,26,0,45,24,0,24,69
05/15/2020,AVP,PA,AEA,EN,Combined TRACON& Tower with Radar,4,12,7,2,25,0,3,5,0,8,4,15,12,2,33,41,0,41,74
05/16/2020,AVP,PA,AEA,EN,Combined TRACON& Tower with Radar,4,9,6,0,19,0,7,19,0,26,4,16,25,0,45,54,0,54,99
05/17/2020,AVP,PA,AEA,EN,Combined TRACON& Tower with Radar,4,5,11,0,20,0,2,23,0,25,4,7,34,0,45,46,0,46,91
05/18/2020,AVP,PA,AEA,EN,Combined TRACON& Tower with Radar,4,8,7,1,20,0,0,22,1,23,4,8,29,2,43,34,4,38,81
05/19/2020,AVP,PA,AEA,EN,Combined TRACON& Tower with Radar,4,12,1,2,19,0,3,11,0,14,4,15,12,2,33,14,0,14,47
05/20/2020,AVP,PA,AEA,EN,Combined TRACON& Tower with Radar,4,12,4,0,20,0,10,24,0,34,4,22,28,0,54,54,2,56,110
05/21/2020,AVP,PA,AEA,EN,Combined TRACON& Tower with Radar,4,13,20,0,37,0,6,52,0,58,4,19,72,0,95,43,2,45,140
05/22/2020,AVP,PA,AEA,EN,Combined TRACON& Tower with Radar,4,12,8,0,24,0,1,8,0,9,4,13,16,0,33,8,0,8,41
05/23/2020,AVP,PA,AEA,EN,Combined TRACON& Tower with Radar,4,7,13,0,24,0,5,7,0,12,4,12,20,0,36,11,0,11,47
05/24/2020,AVP,PA,AEA,EN,Combined TRACON& Tower with Radar,4,5,3,0,12,0,4,5,0,9,4,9,8,0,21,16,0,16,37
05/25/2020,AVP,PA,AEA,EN,Combined TRACON& Tower with Radar,4,9,7,0,20,0,6,13,0,19,4,15,20,0,39,10,0,10,49
05/26/2020,AVP,PA,AEA,EN,Combined TRACON& Tower with Radar,4,12,11,14,41,0,9,27,0,36,4,21,38,14,77,52,0,52,129
05/27/2020,AVP,PA,AEA,EN,Combined TRACON& Tower with Radar,4,12,11,0,27,0,13,22,0,35,4,25,33,0,62,70,0,70,132
05/28/2020,AVP,PA,AEA,EN,Combined TRACON& Tower with Radar,4,13,17,0,34,0,6,8,0,14,4,19,25,0,48,42,0,42,90
05/29/2020,AVP,PA,AEA,EN,Combined TRACON& Tower with Radar,4,11,9,0,24,0,8,9,0,17,4,19,18,0,41,46,0,46,87
05/30/2020,AVP,PA,AEA,EN,Combined TRACON& Tower with Radar,4,5,25,0,34,0,6,22,0,28,4,11,47,0,62,82,0,82,144
05/31/2020,AVP,PA,AEA,EN,Combined TRACON& Tower with Radar,4,10,14,0,28,0,12,21,0,33,4,22,35,0,61,54,0,54,115
06/01/2020,AVP,PA,AEA,EN,Combined TRACON& Tower with Radar,4,12,16,0,32,0,8,90,0,98,4,20,106,0,130,44,0,44,174
06/02/2020,AVP,PA,AEA,EN,Combined TRACON& Tower with Radar,4,9,19,4,36,0,4,33,0,37,4,13,52,4,73,66,0,66,139
06/03/2020,AVP,PA,AEA,EN,Combined TRACON& Tower with Radar,4,9,0,0,13,0,4,3,0,7,4,13,3,0,20,8,0,8,28
06/04/2020,AVP,PA,AEA,EN,Combined TRACON& Tower with Radar,4,11,8,0,23,0,10,34,0,44,4,21,42,0,67,48,0,48,115
06/05/2020,AVP,PA,AEA,EN,Combined TRACON& Tower with Radar,4,15,11,0,30,0,0,2,0,2,4,15,13,0,32,23,0,23,55
06/06/2020,AVP,PA,AEA,EN,Combined TRACON& Tower with Radar,4,9,7,0,20,0,3,6,0,9,4,12,13,0,29,64,0,64,93
06/07/2020,AVP,PA,AEA,EN,Combined TRACON& Tower with Radar,4,10,7,0,21,0,7,12,0,19,4,17,19,0,40,70,0,70,110
06/08/2020,AVP,PA,AEA,EN,Combined TRACON& Tower with Radar,4,8,11,2,25,0,4,26,0,30,4,12,37,2,55,82,0,82,137
06/09/2020,AVP,PA,AEA,EN,Combined TRACON& Tower with Radar,4,18,21,4,47,0,3,37,0,40,4,21,58,4,87,62,0,62,149
06/10/2020,AVP,PA,AEA,EN,Combined TRACON& Tower with Radar,4,8,8,0,20,0,2,17,0,19,4,10,25,0,39,60,0,60,99
06/11/2020,AVP,PA,AEA,EN,Combined TRACON& Tower with Radar,4,10,13,0,27,0,4,9,0,13,4,14,22,0,40,52,0,52,92
06/12/2020,AVP,PA,AEA,EN,Combined TRACON& Tower with Radar,4,11,12,4,31,0,2,35,0,37,4,13,47,4,68,58,0,58,126
06/13/2020,AVP,PA,AEA,EN,Combined TRACON& Tower with Radar,4,10,11,0,25,0,3,16,0,19,4,13,27,0,44,39,0,39,83
06/14/2020,AVP,PA,AEA,EN,Combined TRACON& Tower with Radar,4,8,12,0,24,0,3,31,0,34,4,11,43,0,58,72,0,72,130
06/15/2020,AVP,PA,AEA,EN,Combined TRACON& Tower with Radar,4,9,12,0,25,0,4,18,0,22,4,13,30,0,47,14,0,14,61
06/16/2020,AVP,PA,AEA,EN,Combined TRACON& Tower with Radar,4,16,19,2,41,0,2,29,2,33,4,18,48,4,74,26,0,26,100
06/17/2020,AVP,PA,AEA,EN,Combined TRACON& Tower with Radar,4,8,21,0,33,0,8,28,0,36,4,16,49,0,69,60,0,60,129
06/18/2020,AVP,PA,AEA,EN,Combined TRACON& Tower with Radar,4,13,18,1,36,0,15,17,0,32,4,28,35,1,68,72,0,72,140
06/19/2020,AVP,PA,AEA,EN,Combined TRACON& Tower with Radar,4,11,20,0,35,0,10,23,2,35,4,21,43,2,70,70,0,70,140
06/20/2020,AVP,PA,AEA,EN,Combined TRACON& Tower with Radar,4,7,4,0,15,0,10,21,0,31,4,17,25,0,46,54,0,54,100
06/21/2020,AVP,PA,AEA,EN,Combined TRACON& Tower with Radar,4,8,12,0,24,0,2,18,0,20,4,10,30,0,44,8,0,8,52
06/22/2020,AVP,PA,AEA,EN,Combined TRACON& Tower with Radar,4,12,6,2,24,0,0,6,0,6,4,12,12,2,30,18,0,18,48
06/23/2020,AVP,PA,AEA,EN,Combined TRACON& Tower with Radar,4,14,11,3,32,0,2,10,0,12,4,16,21,3,44,34,0,34,78
06/24/2020,AVP,PA,AEA,EN,Combined TRACON& Tower with Radar,4,8,5,10,27,0,0,20,1,21,4,8,25,11,48,6,0,6,54
06/25/2020,AVP,PA,AEA,EN,Combined TRACON& Tower with Radar,4,9,22,0,35,0,4,39,0,43,4,13,61,0,78,14,0,14,92
06/26/2020,AVP,PA,AEA,EN,Combined TRACON& Tower with Radar,4,9,43,0,56,0,6,32,0,38,4,15,75,0,94,44,0,44,138
06/27/2020,AVP,PA,AEA,EN,Combined TRACON& Tower with Radar,4,7,9,0,20,0,0,1,0,1,4,7,10,0,21,23,0,23,44
06/28/2020,AVP,PA,AEA,EN,Combined TRACON& Tower with Radar,4,9,35,0,48,0,3,18,0,21,4,12,53,0,69,8,0,8,77
06/29/2020,AVP,PA,AEA,EN,Combined TRACON& Tower with Radar,5,11,20,2,38,0,8,22,1,31,5,19,42,3,69,18,0,18,87
06/30/2020,AVP,PA,AEA,EN,Combined TRACON& Tower with Radar,5,15,14,0,34,0,2,14,0,16,5,17,28,0,50,5,0,5,55
07/01/2020,AVP,PA,AEA,EN,Combined TRACON& Tower with Radar,4,10,23,0,37,0,5,9,0,14,4,15,32,0,51,1,0,1,52
07/02/2020,AVP,PA,AEA,EN,Combined TRACON& Tower with Radar,4,11,19,1,35,0,6,30,0,36,4,17,49,1,71,8,0,8,79
07/03/2020,AVP,PA,AEA,EN,Combined TRACON& Tower with Radar,4,15,17,0,36,0,3,21,0,24,4,18,38,0,60,51,0,51,111
07/04/2020,AVP,PA,AEA,EN,Combined TRACON& Tower with Radar,4,3,10,0,17,0,8,3,0,11,4,11,13,0,28,18,0,18,46
07/05/2020,AVP,PA,AEA,EN,Combined TRACON& Tower with Radar,7,4,18,0,29,0,6,17,0,23,7,10,35,0,52,0,0,0,52
07/06/2020,AVP,PA,AEA,EN,Combined TRACON& Tower with Radar,5,8,9,0,22,0,5,26,0,31,5,13,35,0,53,63,0,63,116
07/07/2020,AVP,PA,AEA,EN,Combined TRACON& Tower with Radar,4,15,21,0,40,0,3,21,0,24,4,18,42,0,64,76,0,76,140
07/08/2020,AVP,PA,AEA,EN,Combined TRACON& Tower with Radar,4,11,10,0,25,0,3,3,0,6,4,14,13,0,31,0,0,0,31
07/09/2020,AVP,PA,AEA,EN,Combined TRACON& Tower with Radar,10,8,24,0,42,0,7,23,0,30,10,15,47,0,72,50,0,50,122
07/10/2020,AVP,PA,AEA,EN,Combined TRACON& Tower with Radar,6,9,18,0,33,0,3,12,0,15,6,12,30,0,48,64,0,64,112
07/11/2020,AVP,PA,AEA,EN,Combined TRACON& Tower with Radar,6,8,10,0,24,0,2,0,0,2,6,10,10,0,26,0,0,0,26
07/12/2020,AVP,PA,AEA,EN,Combined TRACON& Tower with Radar,6,5,13,2,26,0,4,18,0,22,6,9,31,2,48,0,0,0,48
07/13/2020,AVP,PA,AEA,EN,Combined TRACON& Tower with Radar,6,9,15,0,30,0,6,13,0,19,6,15,28,0,49,6,0,6,55
07/14/2020,AVP,PA,AEA,EN,Combined TRACON& Tower with Radar,4,12,11,0,27,0,6,27,2,35,4,18,38,2,62,18,0,18,80
07/15/2020,AVP,PA,AEA,EN,Combined TRACON& Tower with Radar,4,8,8,2,22,0,4,22,0,26,4,12,30,2,48,26,0,26,74
07/16/2020,AVP,PA,AEA,EN,Combined TRACON& Tower with Radar,6,9,11,2,28,0,7,10,0,17,6,16,21,2,45,4,0,4,49
07/17/2020,AVP,PA,AEA,EN,Combined TRACON& Tower with Radar,6,11,6,0,23,0,15,17,0,32,6,26,23,0,55,44,0,44,99
07/18/2020,AVP,PA,AEA,EN,Combined TRACON& Tower with Radar,8,7,14,0,29,0,8,28,0,36,8,15,42,0,65,24,0,24,89
07/19/2020,AVP,PA,AEA,EN,Combined TRACON& Tower with Radar,8,9,3,0,20,0,2,20,0,22,8,11,23,0,42,0,0,0,42
07/20/2020,AVP,PA,AEA,EN,Combined TRACON& Tower with Radar,6,9,6,0,21,0,6,31,0,37,6,15,37,0,58,14,0,14,72
07/21/2020,AVP,PA,AEA,EN,Combined TRACON& Tower with Radar,3,13,5,0,21,0,1,38,0,39,3,14,43,0,60,15,0,15,75
07/22/2020,AVP,PA,AEA,EN,Combined TRACON& Tower with Radar,3,12,4,0,19,0,2,17,0,19,3,14,21,0,38,62,0,62,100
07/23/2020,AVP,PA,AEA,EN,Combined TRACON& Tower with Radar,6,12,10,0,28,0,5,8,0,13,6,17,18,0,41,0,0,0,41
07/24/2020,AVP,PA,AEA,EN,Combined TRACON& Tower with Radar,6,10,9,0,25,0,0,4,0,4,6,10,13,0,29,0,0,0,29
07/25/2020,AVP,PA,AEA,EN,Combined TRACON& Tower with Radar,6,6,8,0,20,0,5,16,0,21,6,11,24,0,41,24,0,24,65
07/26/2020,AVP,PA,AEA,EN,Combined TRACON& Tower with Radar,6,8,10,0,24,0,7,23,0,30,6,15,33,0,54,70,0,70,124
07/27/2020,AVP,PA,AEA,EN,Combined TRACON& Tower with Radar,5,9,4,2,20,0,4,19,0,23,5,13,23,2,43,66,0,66,109
07/28/2020,AVP,PA,AEA,EN,Combined TRACON& Tower with Radar,4,10,7,0,21,0,5,10,0,15,4,15,17,0,36,66,0,66,102
07/29/2020,AVP,PA,AEA,EN,Combined TRACON& Tower with Radar,4,10,11,0,25,0,5,35,0,40,4,15,46,0,65,108,0,108,173
07/30/2020,AVP,PA,AEA,EN,Combined TRACON& Tower with Radar,6,9,13,0,28,0,6,24,0,30,6,15,37,0,58,52,0,52,110
07/31/2020,AVP,PA,AEA,EN,Combined TRACON& Tower with Radar,6,14,21,0,41,0,13,20,0,33,6,27,41,0,74,54,0,54,128
08/01/2020,AVP,PA,AEA,EN,Combined TRACON& Tower with Radar,6,7,13,0,26,0,4,33,2,39,6,11,46,2,65,24,0,24,89
08/02/2020,AVP,PA,AEA,EN,Combined TRACON& Tower with Radar,6,2,9,0,17,0,6,12,0,18,6,8,21,0,35,52,0,52,87
08/03/2020,AVP,PA,AEA,EN,Combined TRACON& Tower with Radar,6,12,15,0,33,0,4,13,0,17,6,16,28,0,50,0,0,0,50
08/04/2020,AVP,PA,AEA,EN,Combined TRACON& Tower with Radar,2,9,4,0,15,0,2,4,0,6,2,11,8,0,21,30,0,30,51
08/05/2020,AVP,PA,AEA,EN,Combined TRACON& Tower with Radar,4,11,18,0,33,0,3,29,0,32,4,14,47,0,65,123,0,123,188
08/06/2020,AVP,PA,AEA,EN,Combined TRACON& Tower with Radar,6,11,14,0,31,0,4,27,0,31,6,15,41,0,62,108,0,108,170
08/07/2020,AVP,PA,AEA,EN,Combined TRACON& Tower with Radar,6,14,7,0,27,0,4,3,0,7,6,18,10,0,34,84,0,84,118
08/08/2020,AVP,PA,AEA,EN,Combined TRACON& Tower with Radar,6,4,14,0,24,0,7,28,0,35,6,11,42,0,59,142,0,142,201
08/09/2020,AVP,PA,AEA,EN,Combined TRACON& Tower with Radar,6,6,22,0,34,0,12,25,0,37,6,18,47,0,71,110,0,110,181
08/10/2020,AVP,PA,AEA,EN,Combined TRACON& Tower with Radar,8,14,9,0,31,0,5,24,4,33,8,19,33,4,64,66,2,68,132
08/11/2020,AVP,PA,AEA,EN,Combined TRACON& Tower with Radar,4,10,13,0,27,0,2,24,0,26,4,12,37,0,53,64,2,66,119
08/12/2020,AVP,PA,AEA,EN,Combined TRACON& Tower with Radar,4,11,13,0,28,0,5,13,0,18,4,16,26,0,46,45,0,45,91
08/13/2020,AVP,PA,AEA,EN,Combined TRACON& Tower with Radar,6,12,30,0,48,0,4,18,0,22,6,16,48,0,70,9,0,9,79
08/14/2020,AVP,PA,AEA,EN,Combined TRACON& Tower with Radar,6,16,10,0,32,0,4,21,1,26,6,20,31,1,58,33,2,35,93
08/15/2020,AVP,PA,AEA,EN,Combined TRACON& Tower with Radar,6,5,16,0,27,0,29,50,0,79,6,34,66,0,106,160,0,160,266
08/16/2020,AVP,PA,AEA,EN,Combined TRACON& Tower with Radar,6,9,11,0,26,0,21,39,0,60,6,30,50,0,86,196,0,196,282
08/17/2020,AVP,PA,AEA,EN,Combined TRACON& Tower with Radar,6,20,15,0,41,0,20,34,0,54,6,40,49,0,95,179,0,179,274
08/18/2020,AVP,PA,AEA,EN,Combined TRACON& Tower with Radar,5,12,7,7,31,0,22,55,3,80,5,34,62,10,111,172,0,172,283
08/19/2020,AVP,PA,AEA,EN,Combined TRACON& Tower with Radar,6,8,20,2,36,0,27,59,0,86,6,35,79,2,122,176,0,176,298
08/20/2020,AVP,PA,AEA,EN,Combined TRACON& Tower with Radar,8,10,10,6,34,0,8,40,4,52,8,18,50,10,86,44,0,44,130
08/21/2020,AVP,PA,AEA,EN,Combined TRACON& Tower with Radar,8,12,24,2,46,0,12,39,5,56,8,24,63,7,102,14,0,14,116
08/22/2020,AVP,PA,AEA,EN,Combined TRACON& Tower with Radar,8,4,5,0,17,0,5,25,0,30,8,9,30,0,47,28,0,28,75
08/23/2020,AVP,PA,AEA,EN,Combined TRACON& Tower with Radar,8,4,12,0,24,0,4,18,0,22,8,8,30,0,46,18,0,18,64
08/24/2020,AVP,PA,AEA,EN,Combined TRACON& Tower with Radar,8,8,11,0,27,0,4,15,0,19,8,12,26,0,46,6,0,6,52
08/25/2020,AVP,PA,AEA,EN,Combined TRACON& Tower with Radar,6,9,14,4,33,0,6,9,2,17,6,15,23,6,50,90,0,90,140
08/26/2020,AVP,PA,AEA,EN,Combined TRACON& Tower with Radar,6,9,12,0,27,0,14,35,0,49,6,23,47,0,76,152,0,152,228
08/27/2020,AVP,PA,AEA,EN,Combined TRACON& Tower with Radar,10,9,9,2,30,0,15,20,0,35,10,24,29,2,65,156,0,156,221
08/28/2020,AVP,PA,AEA,EN,Combined TRACON& Tower with Radar,8,14,10,0,32,0,3,16,0,19,8,17,26,0,51,78,0,78,129
08/29/2020,AVP,PA,AEA,EN,Combined TRACON& Tower with Radar,8,8,0,0,16,0,26,25,0,51,8,34,25,0,67,142,0,142,209
08/30/2020,AVP,PA,AEA,EN,Combined TRACON& Tower with Radar,9,6,7,0,22,0,4,19,0,23,9,10,26,0,45,36,0,36,81
08/31/2020,AVP,PA,AEA,EN,Combined TRACON& Tower with Radar,9,8,15,3,35,0,4,20,0,24,9,12,35,3,59,2,0,2,61
09/01/2020,AVP,PA,AEA,EN,Combined TRACON& Tower with Radar,8,10,16,3,37,0,0,12,0,12,8,10,28,3,49,13,0,13,62
09/02/2020,AVP,PA,AEA,EN,Combined TRACON& Tower with Radar,6,7,11,6,30,0,0,1,0,1,6,7,12,6,31,4,0,4,35
09/03/2020,AVP,PA,AEA,EN,Combined TRACON& Tower with Radar,8,13,18,0,39,0,4,22,0,26,8,17,40,0,65,18,0,18,83
09/04/2020,AVP,PA,AEA,EN,Combined TRACON& Tower with Radar,8,9,25,0,42,0,8,36,0,44,8,17,61,0,86,105,0,105,191
09/05/2020,AVP,PA,AEA,EN,Combined TRACON& Tower with Radar,8,5,12,0,25,0,5,44,0,49,8,10,56,0,74,150,0,150,224
09/06/2020,AVP,PA,AEA,EN,Combined TRACON& Tower with Radar,6,6,13,0,25,0,8,40,0,48,6,14,53,0,73,140,0,140,213
09/07/2020,AVP,PA,AEA,EN,Combined TRACON& Tower with Radar,8,7,17,0,32,0,33,51,0,84,8,40,68,0,116,168,0,168,284
09/08/2020,AVP,PA,AEA,EN,Combined TRACON& Tower with Radar,6,6,8,0,20,0,2,43,0,45,6,8,51,0,65,140,0,140,205
09/09/2020,AVP,PA,AEA,EN,Combined TRACON& Tower with Radar,9,12,13,10,44,0,1,22,0,23,9,13,35,10,67,33,0,33,100
09/10/2020,AVP,PA,AEA,EN,Combined TRACON& Tower with Radar,8,17,8,0,33,0,2,4,0,6,8,19,12,0,39,2,0,2,41
09/11/2020,AVP,PA,AEA,EN,Combined TRACON& Tower with Radar,8,13,14,0,35,0,6,21,0,27,8,19,35,0,62,16,0,16,78
09/12/2020,AVP,PA,AEA,EN,Combined TRACON& Tower with Radar,8,12,14,0,34,0,4,24,0,28,8,16,38,0,62,66,0,66,128
09/13/2020,AVP,PA,AEA,EN,Combined TRACON& Tower with Radar,8,14,20,0,42,0,0,2,0,2,8,14,22,0,44,0,0,0,44
09/14/2020,AVP,PA,AEA,EN,Combined TRACON& Tower with Radar,8,14,15,0,37,0,1,22,0,23,8,15,37,0,60,93,0,93,153
09/15/2020,AVP,PA,AEA,EN,Combined TRACON& Tower with Radar,8,9,12,4,33,0,2,53,0,55,8,11,65,4,88,116,0,116,204
09/16/2020,AVP,PA,AEA,EN,Combined TRACON& Tower with Radar,8,9,16,0,33,0,4,33,0,37,8,13,49,0,70,97,0,97,167
09/17/2020,AVP,PA,AEA,EN,Combined TRACON& Tower with Radar,8,16,18,1,43,0,9,51,1,61,8,25,69,2,104,134,0,134,238
09/18/2020,AVP,PA,AEA,EN,Combined TRACON& Tower with Radar,8,15,16,0,39,0,2,16,0,18,8,17,32,0,57,84,0,84,141
09/19/2020,AVP,PA,AEA,EN,Combined TRACON& Tower with Radar,8,8,11,0,27,0,4,38,0,42,8,12,49,0,69,72,0,72,141
09/20/2020,AVP,PA,AEA,EN,Combined TRACON& Tower with Radar,8,9,13,2,32,0,8,37,0,45,8,17,50,2,77,2,0,2,79
09/21/2020,AVP,PA,AEA,EN,Combined TRACON& Tower with Radar,8,11,14,0,33,0,0,28,0,28,8,11,42,0,61,83,0,83,144
09/22/2020,AVP,PA,AEA,EN,Combined TRACON& Tower with Radar,8,10,11,0,29,0,3,21,0,24,8,13,32,0,53,25,0,25,78
09/23/2020,AVP,PA,AEA,EN,Combined TRACON& Tower with Radar,8,12,7,2,29,0,5,19,0,24,8,17,26,2,53,80,0,80,133
09/24/2020,AVP,PA,AEA,EN,Combined TRACON& Tower with Radar,8,13,12,0,33,0,6,39,0,45,8,19,51,0,78,119,0,119,197
09/25/2020,AVP,PA,AEA,EN,Combined TRACON& Tower with Radar,7,21,18,0,46,0,7,35,0,42,7,28,53,0,88,116,0,116,204
09/26/2020,AVP,PA,AEA,EN,Combined TRACON& Tower with Radar,8,9,6,0,23,0,8,5,0,13,8,17,11,0,36,100,0,100,136
09/27/2020,AVP,PA,AEA,EN,Combined TRACON& Tower with Radar,8,13,17,0,38,0,5,16,0,21,8,18,33,0,59,80,0,80,139
09/28/2020,AVP,PA,AEA,EN,Combined TRACON& Tower with Radar,8,11,17,0,36,0,2,2,0,4,8,13,19,0,40,0,0,0,40
09/29/2020,AVP,PA,AEA,EN,Combined TRACON& Tower with Radar,8,13,21,0,42,0,8,6,0,14,8,21,27,0,56,86,0,86,142
09/30/2020,AVP,PA,AEA,EN,Combined TRACON& Tower with Radar,8,11,19,0,38,0,0,1,0,1,8,11,20,0,39,0,0,0,39
10/01/2020,AVP,PA,AEA,EN,Combined TRACON& Tower with Radar,8,14,20,0,42,0,2,34,0,36,8,16,54,0,78,59,0,59,137
10/02/2020,AVP,PA,AEA,EN,Combined TRACON& Tower with Radar,8,14,15,0,37,0,4,6,0,10,8,18,21,0,47,0,0,0,47
10/03/2020,AVP,PA,AEA,EN,Combined TRACON& Tower with Radar,8,11,9,0,28,0,0,21,0,21,8,11,30,0,49,0,0,0,49
10/04/2020,AVP,PA,AEA,EN,Combined TRACON& Tower with Radar,8,15,8,0,31,0,4,17,0,21,8,19,25,0,52,114,0,114,166
10/05/2020,AVP,PA,AEA,EN,Combined TRACON& Tower with Radar,8,13,20,0,41,0,6,15,0,21,8,19,35,0,62,114,0,114,176
10/06/2020,AVP,PA,AEA,EN,Combined TRACON& Tower with Radar,8,12,16,4,40,0,4,13,1,18,8,16,29,5,58,24,0,24,82
10/07/2020,AVP,PA,AEA,EN,Combined TRACON& Tower with Radar,6,10,9,2,27,0,2,5,0,7,6,12,14,2,34,97,0,97,131
10/08/2020,AVP,PA,AEA,EN,Combined TRACON& Tower with Radar,8,18,6,0,32,0,7,15,0,22,8,25,21,0,54,0,0,0,54
10/09/2020,AVP,PA,AEA,EN,Combined TRACON& Tower with Radar,8,17,15,0,40,0,0,33,0,33,8,17,48,0,73,44,0,44,117
10/10/2020,AVP,PA,AEA,EN,Combined TRACON& Tower with Radar,6,15,9,0,30,0,2,24,0,26,6,17,33,0,56,20,0,20,76
10/11/2020,AVP,PA,AEA,EN,Combined TRACON& Tower with Radar,8,9,13,0,30,0,3,18,0,21,8,12,31,0,51,68,0,68,119
10/12/2020,AVP,PA,AEA,EN,Combined TRACON& Tower with Radar,8,12,12,0,32,0,1,2,0,3,8,13,14,0,35,28,0,28,63
10/13/2020,AVP,PA,AEA,EN,Combined TRACON& Tower with Radar,6,16,10,0,32,0,2,6,0,8,6,18,16,0,40,62,0,62,102
10/14/2020,AVP,PA,AEA,EN,Combined TRACON& Tower with Radar,6,9,17,1,33,0,7,36,1,44,6,16,53,2,77,104,0,104,181
10/15/2020,AVP,PA,AEA,EN,Combined TRACON& Tower with Radar,8,17,12,0,37,0,5,13,0,18,8,22,25,0,55,108,0,108,163
10/16/2020,AVP,PA,AEA,EN,Combined TRACON& Tower with Radar,8,16,11,2,37,0,9,8,0,17,8,25,19,2,54,112,0,112,166
10/17/2020,AVP,PA,AEA,EN,Combined TRACON& Tower with Radar,6,5,10,4,25,0,32,62,0,94,6,37,72,4,119,224,0,224,343
10/18/2020,AVP,PA,AEA,EN,Combined TRACON& Tower with Radar,8,9,4,0,21,0,24,43,0,67,8,33,47,0,88,166,0,166,254
10/19/2020,AVP,PA,AEA,EN,Combined TRACON& Tower with Radar,8,19,24,0,51,0,18,34,0,52,8,37,58,0,103,136,0,136,239
10/20/2020,AVP,PA,AEA,EN,Combined TRACON& Tower with Radar,6,13,21,0,40,0,0,25,0,25,6,13,46,0,65,66,0,66,131
10/21/2020,AVP,PA,AEA,EN,Combined TRACON& Tower with Radar,6,12,28,0,46,0,5,21,0,26,6,17,49,0,72,40,0,40,112
10/22/2020,AVP,PA,AEA,EN,Combined TRACON& Tower with Radar,8,17,22,4,51,0,6,20,1,27,8,23,42,5,78,30,0,30,108
10/23/2020,AVP,PA,AEA,EN,Combined TRACON& Tower with Radar,8,12,23,0,43,0,6,25,0,31,8,18,48,0,74,77,0,77,151
10/24/2020,AVP,PA,AEA,EN,Combined TRACON& Tower with Radar,6,7,10,0,23,0,20,37,0,57,6,27,47,0,80,172,0,172,252
10/25/2020,AVP,PA,AEA,EN,Combined TRACON& Tower with Radar,8,8,11,0,27,0,27,72,0,99,8,35,83,0,126,184,0,184,310
10/26/2020,AVP,PA,AEA,EN,Combined TRACON& Tower with Radar,8,12,17,0,37,0,28,27,0,55,8,40,44,0,92,146,0,146,238
10/27/2020,AVP,PA,AEA,EN,Combined TRACON& Tower with Radar,6,11,25,3,45,0,24,34,0,58,6,35,59,3,103,170,0,170,273
10/28/2020,AVP,PA,AEA,EN,Combined TRACON& Tower with Radar,6,10,19,2,37,0,19,39,0,58,6,29,58,2,95,170,0,170,265
10/29/2020,AVP,PA,AEA,EN,Combined TRACON& Tower with Radar,8,16,3,2,29,0,0,2,0,2,8,16,5,2,31,14,0,14,45
10/30/2020,AVP,PA,AEA,EN,Combined TRACON& Tower with Radar,8,15,3,0,26,0,4,7,0,11,8,19,10,0,37,26,0,26,63
10/31/2020,AVP,PA,AEA,EN,Combined TRACON& Tower with Radar,4,3,20,4,31,0,4,38,0,42,4,7,58,4,73,52,0,52,125
11/01/2020,AVP,PA,AEA,EN,Combined TRACON& Tower with Radar,4,12,1,7,24,0,0,0,0,0,4,12,1,7,24,0,0,0,24
11/02/2020,AVP,PA,AEA,EN,Combined TRACON& Tower with Radar,10,14,10,6,40,0,0,9,0,9,10,14,19,6,49,44,0,44,93
11/03/2020,AVP,PA,AEA,EN,Combined TRACON& Tower with Radar,6,11,12,2,31,0,3,21,1,25,6,14,33,3,56,94,0,94,150
11/04/2020,AVP,PA,AEA,EN,Combined TRACON& Tower with Radar,4,11,12,0,27,0,7,26,0,33,4,18,38,0,60,137,0,137,197
11/05/2020,AVP,PA,AEA,EN,Combined TRACON& Tower with Radar,11,21,15,4,51,0,29,67,4,100,11,50,82,8,151,204,0,204,355
11/06/2020,AVP,PA,AEA,EN,Combined TRACON& Tower with Radar,6,13,12,6,37,0,39,60,4,103,6,52,72,10,140,230,0,230,370
11/07/2020,AVP,PA,AEA,EN,Combined TRACON& Tower with Radar,6,7,15,0,28,0,7,53,0,60,6,14,68,0,88,106,0,106,194
11/08/2020,AVP,PA,AEA,EN,Combined TRACON& Tower with Radar,6,6,19,0,31,0,26,63,0,89,6,32,82,0,120,213,0,213,333
11/09/2020,AVP,PA,AEA,EN,Combined TRACON& Tower with Radar,6,11,7,0,24,0,8,45,0,53,6,19,52,0,77,17,0,17,94
11/10/2020,AVP,PA,AEA,EN,Combined TRACON& Tower with Radar,4,10,13,0,27,0,3,16,2,21,4,13,29,2,48,16,0,16,64
11/11/2020,AVP,PA,AEA,EN,Combined TRACON& Tower with Radar,4,10,18,0,32,0,0,0,0,0,4,10,18,0,32,0,0,0,32
11/12/2020,AVP,PA,AEA,EN,Combined TRACON& Tower with Radar,6,16,14,0,36,0,5,4,0,9,6,21,18,0,45,2,0,2,47
11/13/2020,AVP,PA,AEA,EN,Combined TRACON& Tower with Radar,6,12,13,4,35,0,3,10,0,13,6,15,23,4,48,108,0,108,156
11/14/2020,AVP,PA,AEA,EN,Combined TRACON& Tower with Radar,6,8,15,0,29,0,21,59,0,80,6,29,74,0,109,248,0,248,357
11/15/2020,AVP,PA,AEA,EN,Combined TRACON& Tower with Radar,6,6,2,0,14,0,19,42,0,61,6,25,44,0,75,226,0,226,301
11/16/2020,AVP,PA,AEA,EN,Combined TRACON& Tower with Radar,6,8,7,0,21,0,24,37,0,61,6,32,44,0,82,248,0,248,330
11/17/2020,AVP,PA,AEA,EN,Combined TRACON& Tower with Radar,4,8,1,0,13,0,29,35,0,64,4,37,36,0,77,232,0,232,309
11/18/2020,AVP,PA,AEA,EN,Combined TRACON& Tower with Radar,4,12,9,0,25,0,22,26,0,48,4,34,35,0,73,148,0,148,221
11/19/2020,AVP,PA,AEA,EN,Combined TRACON& Tower with Radar,6,11,15,5,37,0,7,22,1,30,6,18,37,6,67,0,0,0,67
11/20/2020,AVP,PA,AEA,EN,Combined TRACON& Tower with Radar,6,12,20,2,40,0,7,23,0,30,6,19,43,2,70,82,0,82,152
11/21/2020,AVP,PA,AEA,EN,Combined TRACON& Tower with Radar,6,8,18,0,32,0,3,30,0,33,6,11,48,0,65,50,0,50,115
11/22/2020,AVP,PA,AEA,EN,Combined TRACON& Tower with Radar,6,7,6,0,19,0,6,3,0,9,6,13,9,0,28,4,0,4,32
11/23/2020,AVP,PA,AEA,EN,Combined TRACON& Tower with Radar,2,8,8,1,19,0,32,35,1,68,2,40,43,2,87,176,0,176,263
11/24/2020,AVP,PA,AEA,EN,Combined TRACON& Tower with Radar,6,11,14,0,31,0,17,51,0,68,6,28,65,0,99,112,0,112,211
11/25/2020,AVP,PA,AEA,EN,Combined TRACON& Tower with Radar,6,11,5,0,22,0,39,52,0,91,6,50,57,0,113,170,0,170,283
11/26/2020,AVP,PA,AEA,EN,Combined TRACON& Tower with Radar,2,4,4,0,10,0,21,27,0,48,2,25,31,0,58,144,0,144,202
11/27/2020,AVP,PA,AEA,EN,Combined TRACON& Tower with Radar,4,8,12,0,24,0,0,15,0,15,4,8,27,0,39,114,0,114,153
11/28/2020,AVP,PA,AEA,EN,Combined TRACON& Tower with Radar,6,14,18,0,38,0,11,28,0,39,6,25,46,0,77,70,0,70,147
11/29/2020,AVP,PA,AEA,EN,Combined TRACON& Tower with Radar,6,9,26,0,41,0,3,50,0,53,6,12,76,0,94,40,0,40,134
11/30/2020,AVP,PA,AEA,EN,Combined TRACON& Tower with Radar,6,9,2,0,17,0,2,6,0,8,6,11,8,0,25,24,0,24,49
12/01/2020,AVP,PA,AEA,EN,Combined TRACON& Tower with Radar,6,10,12,2,30,0,2,5,0,7,6,12,17,2,37,20,0,20,57
12/02/2020,AVP,PA,AEA,EN,Combined TRACON& Tower with Radar,4,12,8,0,24,0,5,9,0,14,4,17,17,0,38,60,0,60,98
12/03/2020,AVP,PA,AEA,EN,Combined TRACON& Tower with Radar,6,10,26,0,42,0,4,32,2,38,6,14,58,2,80,79,0,79,159
12/04/2020,AVP,PA,AEA,EN,Combined TRACON& Tower with Radar,6,12,13,0,31,0,7,26,0,33,6,19,39,0,64,112,0,112,176
12/05/2020,AVP,PA,AEA,EN,Combined TRACON& Tower with Radar,4,9,1,0,14,0,11,6,0,17,4,20,7,0,31,110,0,110,141
12/06/2020,AVP,PA,AEA,EN,Combined TRACON& Tower with Radar,6,6,7,0,19,0,6,11,0,17,6,12,18,0,36,92,0,92,128
12/07/2020,AVP,PA,AEA,EN,Combined TRACON& Tower with Radar,6,8,7,4,25,0,3,34,0,37,6,11,41,4,62,100,0,100,162
12/08/2020,AVP,PA,AEA,EN,Combined TRACON& Tower with Radar,4,7,5,0,16,0,1,9,0,10,4,8,14,0,26,0,0,0,26
12/09/2020,AVP,PA,AEA,EN,Combined TRACON& Tower with Radar,4,10,12,0,26,0,4,0,0,4,4,14,12,0,30,26,0,26,56
12/10/2020,AVP,PA,AEA,EN,Combined TRACON& Tower with Radar,6,8,23,1,38,0,5,12,1,18,6,13,35,2,56,0,0,0,56
12/11/2020,AVP,PA,AEA,EN,Combined TRACON& Tower with Radar,6,8,13,0,27,0,2,29,0,31,6,10,42,0,58,8,0,8,66
12/12/2020,AVP,PA,AEA,EN,Combined TRACON& Tower with Radar,4,6,4,0,14,0,5,3,0,8,4,11,7,0,22,0,0,0,22
12/13/2020,AVP,PA,AEA,EN,Combined TRACON& Tower with Radar,6,6,5,0,17,0,19,45,0,64,6,25,50,0,81,178,0,178,259
12/14/2020,AVP,PA,AEA,EN,Combined TRACON& Tower with Radar,6,9,2,4,21,0,20,27,0,47,6,29,29,4,68,166,0,166,234
12/15/2020,AVP,PA,AEA,EN,Combined TRACON& Tower with Radar,4,14,12,0,30,0,27,67,0,94,4,41,79,0,124,178,0,178,302
12/16/2020,AVP,PA,AEA,EN,Combined TRACON& Tower with Radar,1,5,6,0,12,0,5,1,0,6,1,10,7,0,18,40,0,40,58
12/17/2020,AVP,PA,AEA,EN,Combined TRACON& Tower with Radar,5,6,4,0,15,0,5,0,1,6,5,11,4,1,21,0,0,0,21
12/18/2020,AVP,PA,AEA,EN,Combined TRACON& Tower with Radar,6,11,10,0,27,0,4,12,0,16,6,15,22,0,43,34,0,34,77
12/19/2020,AVP,PA,AEA,EN,Combined TRACON& Tower with Radar,6,10,8,0,24,0,0,12,0,12,6,10,20,0,36,1,0,1,37
12/20/2020,AVP,PA,AEA,EN,Combined TRACON& Tower with Radar,6,10,9,0,25,0,0,5,0,5,6,10,14,0,30,36,0,36,66
12/21/2020,AVP,PA,AEA,EN,Combined TRACON& Tower with Radar,6,12,7,0,25,0,4,7,0,11,6,16,14,0,36,24,0,24,60
12/22/2020,AVP,PA,AEA,EN,Combined TRACON& Tower with Radar,6,16,7,0,29,0,0,6,0,6,6,16,13,0,35,0,0,0,35
12/23/2020,AVP,PA,AEA,EN,Combined TRACON& Tower with Radar,6,13,10,6,35,0,0,29,0,29,6,13,39,6,64,73,2,75,139
12/24/2020,AVP,PA,AEA,EN,Combined TRACON& Tower with Radar,4,15,4,0,23,0,0,0,0,0,4,15,4,0,23,0,0,0,23
12/25/2020,AVP,PA,AEA,EN,Combined TRACON& Tower with Radar,4,9,2,0,15,0,0,0,0,0,4,9,2,0,15,0,0,0,15
12/26/2020,AVP,PA,AEA,EN,Combined TRACON& Tower with Radar,6,16,7,0,29,0,1,8,0,9,6,17,15,0,38,70,0,70,108
12/27/2020,AVP,PA,AEA,EN,Combined TRACON& Tower with Radar,6,10,14,2,32,0,3,20,0,23,6,13,34,2,55,62,0,62,117
12/28/2020,AVP,PA,AEA,EN,Combined TRACON& Tower with Radar,6,12,3,2,23,0,2,16,0,18,6,14,19,2,41,24,0,24,65
12/29/2020,AVP,PA,AEA,EN,Combined TRACON& Tower with Radar,6,13,7,1,27,0,6,10,0,16,6,19,17,1,43,36,0,36,79
12/30/2020,AVP,PA,AEA,EN,Combined TRACON& Tower with Radar,6,15,15,4,40,0,9,28,0,37,6,24,43,4,77,34,0,34,111
12/31/2020,AVP,PA,AEA,EN,Combined TRACON& Tower with Radar,4,10,0,0,14,0,3,0,0,3,4,13,0,0,17,0,0,0,17
01/01/2021,AVP,PA,AEA,EN,Combined TRACON& Tower with Radar,4,9,0,0,13,0,2,7,0,9,4,11,7,0,22,6,0,6,28
01/02/2021,AVP,PA,AEA,EN,Combined TRACON& Tower with Radar,6,11,7,0,24,0,9,3,0,12,6,20,10,0,36,100,0,100,136
01/03/2021,AVP,PA,AEA,EN,Combined TRACON& Tower with Radar,6,8,6,0,20,0,3,3,0,6,6,11,9,0,26,22,0,22,48
01/04/2021,AVP,PA,AEA,EN,Combined TRACON& Tower with Radar,6,9,20,0,35,0,0,15,0,15,6,9,35,0,50,89,0,89,139
01/05/2021,AVP,PA,AEA,EN,Combined TRACON& Tower with Radar,4,16,8,1,29,0,7,5,1,13,4,23,13,2,42,98,0,98,140
01/06/2021,AVP,PA,AEA,EN,Combined TRACON& Tower with Radar,4,14,13,0,31,0,3,5,0,8,4,17,18,0,39,106,0,106,145
01/07/2021,AVP,PA,AEA,EN,Combined TRACON& Tower with Radar,6,19,1,2,28,0,0,10,0,10,6,19,11,2,38,0,0,0,38
01/08/2021,AVP,PA,AEA,EN,Combined TRACON& Tower with Radar,6,15,6,4,31,0,4,8,0,12,6,19,14,4,43,0,0,0,43
01/09/2021,AVP,PA,AEA,EN,Combined TRACON& Tower with Radar,4,10,6,0,20,0,5,14,0,19,4,15,20,0,39,0,0,0,39
01/10/2021,AVP,PA,AEA,EN,Combined TRACON& Tower with Radar,6,9,7,0,22,0,11,26,0,37,6,20,33,0,59,14,0,14,73
01/11/2021,AVP,PA,AEA,EN,Combined TRACON& Tower with Radar,6,16,22,4,48,0,2,44,0,46,6,18,66,4,94,76,0,76,170
01/12/2021,AVP,PA,AEA,EN,Combined TRACON& Tower with Radar,4,16,9,4,33,0,29,65,0,94,4,45,74,4,127,222,0,222,349
01/13/2021,AVP,PA,AEA,EN,Combined TRACON& Tower with Radar,4,18,22,3,47,0,9,11,1,21,4,27,33,4,68,92,0,92,160
01/14/2021,AVP,PA,AEA,EN,Combined TRACON& Tower with Radar,6,16,12,0,34,0,26,29,0,55,6,42,41,0,89,192,0,192,281
01/15/2021,AVP,PA,AEA,EN,Combined TRACON& Tower with Radar,6,19,13,0,38,0,26,33,0,59,6,45,46,0,97,158,0,158,255
01/16/2021,AVP,PA,AEA,EN,Combined TRACON& Tower with Radar,4,8,7,0,19,0,18,28,0,46,4,26,35,0,65,187,0,187,252
01/17/2021,AVP,PA,AEA,EN,Combined TRACON& Tower with Radar,6,11,0,0,17,0,9,2,0,11,6,20,2,0,28,0,0,0,28
01/18/2021,AVP,PA,AEA,EN,Combined TRACON& Tower with Radar,6,8,9,0,23,0,1,1,0,2,6,9,10,0,25,0,0,0,25
01/19/2021,AVP,PA,AEA,EN,Combined TRACON& Tower with Radar,4,13,16,0,33,0,9,5,0,14,4,22,21,0,47,0,0,0,47
01/20/2021,AVP,PA,AEA,EN,Combined TRACON& Tower with Radar,4,12,7,0,23,0,4,0,0,4,4,16,7,0,27,0,0,0,27
01/21/2021,AVP,PA,AEA,EN,Combined TRACON& Tower with Radar,6,12,18,0,36,0,2,25,2,29,6,14,43,2,65,10,0,10,75
01/22/2021,AVP,PA,AEA,EN,Combined TRACON& Tower with Radar,6,12,2,0,20,0,16,29,0,45,6,28,31,0,65,184,0,184,249
01/23/2021,AVP,PA,AEA,EN,Combined TRACON& Tower with Radar,4,9,3,0,16,0,18,29,0,47,4,27,32,0,63,200,0,200,263
01/24/2021,AVP,PA,AEA,EN,Combined TRACON& Tower with Radar,6,8,13,0,27,0,12,21,3,36,6,20,34,3,63,116,0,116,179
01/25/2021,AVP,PA,AEA,EN,Combined TRACON& Tower with Radar,6,11,10,0,27,0,8,34,0,42,6,19,44,0,69,122,0,122,191
01/26/2021,AVP,PA,AEA,EN,Combined TRACON& Tower with Radar,4,10,1,0,15,0,4,4,0,8,4,14,5,0,23,96,0,96,119
01/27/2021,AVP,PA,AEA,EN,Combined TRACON& Tower with Radar,4,10,6,0,20,0,2,7,0,9,4,12,13,0,29,0,0,0,29
01/28/2021,AVP,PA,AEA,EN,Combined TRACON& Tower with Radar,2,18,11,0,31,0,5,9,1,15,2,23,20,1,46,1,4,5,51
01/29/2021,AVP,PA,AEA,EN,Combined TRACON& Tower with Radar,5,14,7,0,26,0,4,0,0,4,5,18,7,0,30,2,0,2,32
01/30/2021,AVP,PA,AEA,EN,Combined TRACON& Tower with Radar,5,12,17,2,36,0,2,42,1,45,5,14,59,3,81,46,6,52,133
01/31/2021,AVP,PA,AEA,EN,Combined TRACON& Tower with Radar,5,3,8,2,18,0,0,2,3,5,5,3,10,5,23,16,0,16,39
02/01/2021,AVP,PA,AEA,EN,Combined TRACON& Tower with Radar,0,0,2,0,2,0,0,0,0,0,0,0,2,0,2,0,0,0,2
02/02/2021,AVP,PA,AEA,EN,Combined TRACON& Tower with Radar,3,10,5,0,18,0,1,5,0,6,3,11,10,0,24,34,0,34,58
02/03/2021,AVP,PA,AEA,EN,Combined TRACON& Tower with Radar,4,10,8,0,22,0,9,4,0,13,4,19,12,0,35,76,0,76,111
02/04/2021,AVP,PA,AEA,EN,Combined TRACON& Tower with Radar,6,15,14,1,36,0,12,15,3,30,6,27,29,4,66,99,0,99,165
02/05/2021,AVP,PA,AEA,EN,Combined TRACON& Tower with Radar,6,16,13,0,35,0,5,8,0,13,6,21,21,0,48,106,0,106,154
02/06/2021,AVP,PA,AEA,EN,Combined TRACON& Tower with Radar,4,7,15,1,27,0,2,21,1,24,4,9,36,2,51,0,0,0,51
02/07/2021,AVP,PA,AEA,EN,Combined TRACON& Tower with Radar,6,8,1,0,15,0,2,0,0,2,6,10,1,0,17,0,0,0,17
02/08/2021,AVP,PA,AEA,EN,Combined TRACON& Tower with Radar,6,15,16,0,37,0,7,30,0,37,6,22,46,0,74,16,0,16,90
02/09/2021,AVP,PA,AEA,EN,Combined TRACON& Tower with Radar,4,14,5,0,23,0,0,0,0,0,4,14,5,0,23,0,0,0,23
02/10/2021,AVP,PA,AEA,EN,Combined TRACON& Tower with Radar,4,10,17,0,31,0,6,24,0,30,4,16,41,0,61,2,0,2,63
02/11/2021,AVP,PA,AEA,EN,Combined TRACON& Tower with Radar,6,12,6,0,24,0,6,6,0,12,6,18,12,0,36,116,0,116,152
02/12/2021,AVP,PA,AEA,EN,Combined TRACON& Tower with Radar,6,17,12,0,35,0,3,32,0,35,6,20,44,0,70,90,0,90,160
02/13/2021,AVP,PA,AEA,EN,Combined TRACON& Tower with Radar,4,8,5,0,17,0,2,19,0,21,4,10,24,0,38,86,0,86,124
02/14/2021,AVP,PA,AEA,EN,Combined TRACON& Tower with Radar,6,10,5,0,21,0,2,10,0,12,6,12,15,0,33,98,0,98,131
02/15/2021,AVP,PA,AEA,EN,Combined TRACON& Tower with Radar,1,10,5,0,16,0,5,4,0,9,1,15,9,0,25,74,0,74,99
02/16/2021,AVP,PA,AEA,EN,Combined TRACON& Tower with Radar,3,8,9,0,20,0,2,1,0,3,3,10,10,0,23,0,0,0,23
02/17/2021,AVP,PA,AEA,EN,Combined TRACON& Tower with Radar,5,12,34,0,51,0,4,33,0,37,5,16,67,0,88,5,0,5,93
02/18/2021,AVP,PA,AEA,EN,Combined TRACON& Tower with Radar,7,7,0,0,14,0,0,0,0,0,7,7,0,0,14,0,0,0,14
02/19/2021,AVP,PA,AEA,EN,Combined TRACON& Tower with Radar,6,15,4,0,25,0,4,0,0,4,6,19,4,0,29,0,0,0,29
02/20/2021,AVP,PA,AEA,EN,Combined TRACON& Tower with Radar,4,8,15,0,27,0,2,8,0,10,4,10,23,0,37,0,0,0,37
02/21/2021,AVP,PA,AEA,EN,Combined TRACON& Tower with Radar,6,11,15,0,32,0,6,38,0,44,6,17,53,0,76,87,0,87,163
02/22/2021,AVP,PA,AEA,EN,Combined TRACON& Tower with Radar,6,11,8,0,25,0,6,6,0,12,6,17,14,0,37,90,0,90,127
02/23/2021,AVP,PA,AEA,EN,Combined TRACON& Tower with Radar,4,16,4,0,24,0,7,4,0,11,4,23,8,0,35,112,0,112,147
02/24/2021,AVP,PA,AEA,EN,Combined TRACON& Tower with Radar,4,11,22,0,37,0,19,73,0,92,4,30,95,0,129,166,0,166,295
02/25/2021,AVP,PA,AEA,EN,Combined TRACON& Tower with Radar,6,15,20,0,41,0,13,23,0,36,6,28,43,0,77,112,0,112,189
02/26/2021,AVP,PA,AEA,EN,Combined TRACON& Tower with Radar,6,16,9,0,31,0,3,33,0,36,6,19,42,0,67,44,0,44,111
02/27/2021,AVP,PA,AEA,EN,Combined TRACON& Tower with Radar,4,12,18,0,34,0,3,5,0,8,4,15,23,0,42,30,0,30,72
02/28/2021,AVP,PA,AEA,EN,Combined TRACON& Tower with Radar,6,11,6,0,23,0,7,1,0,8,6,18,7,0,31,0,0,0,31
03/01/2021,AVP,PA,AEA,EN,Combined TRACON& Tower with Radar,6,16,12,0,34,0,2,4,0,6,6,18,16,0,40,20,0,20,60
03/02/2021,AVP,PA,AEA,EN,Combined TRACON& Tower with Radar,4,17,5,0,26,0,2,9,0,11,4,19,14,0,37,11,0,11,48
03/03/2021,AVP,PA,AEA,EN,Combined TRACON& Tower with Radar,4,12,11,1,28,0,7,22,1,30,4,19,33,2,58,80,0,80,138
03/04/2021,AVP,PA,AEA,EN,Combined TRACON& Tower with Radar,7,21,5,0,33,0,7,10,2,19,7,28,15,2,52,84,0,84,136
03/05/2021,AVP,PA,AEA,EN,Combined TRACON& Tower with Radar,8,12,7,0,27,0,10,13,0,23,8,22,20,0,50,82,0,82,132
03/06/2021,AVP,PA,AEA,EN,Combined TRACON& Tower with Radar,8,15,4,0,27,0,6,7,0,13,8,21,11,0,40,98,0,98,138
03/07/2021,AVP,PA,AEA,EN,Combined TRACON& Tower with Radar,10,8,8,0,26,0,7,35,0,42,10,15,43,0,68,130,0,130,198
03/08/2021,AVP,PA,AEA,EN,Combined TRACON& Tower with Radar,8,14,20,0,42,0,4,24,0,28,8,18,44,0,70,12,0,12,82
03/09/2021,AVP,PA,AEA,EN,Combined TRACON& Tower with Radar,8,18,16,1,43,0,5,28,2,35,8,23,44,3,78,23,12,35,113
03/10/2021,AVP,PA,AEA,EN,Combined TRACON& Tower with Radar,8,12,35,0,55,0,2,22,0,24,8,14,57,0,79,0,0,0,79
03/11/2021,AVP,PA,AEA,EN,Combined TRACON& Tower with Radar,8,16,20,0,44,0,8,15,1,24,8,24,35,1,68,3,0,3,71
03/12/2021,AVP,PA,AEA,EN,Combined TRACON& Tower with Radar,8,14,13,0,35,0,10,11,0,21,8,24,24,0,56,0,0,0,56
03/13/2021,AVP,PA,AEA,EN,Combined TRACON& Tower with Radar,8,9,9,0,26,0,7,25,0,32,8,16,34,0,58,114,0,114,172
03/14/2021,AVP,PA,AEA,EN,Combined TRACON& Tower with Radar,10,9,13,0,32,0,12,11,0,23,10,21,24,0,55,126,0,126,181
03/15/2021,AVP,PA,AEA,EN,Combined TRACON& Tower with Radar,8,11,19,0,38,0,8,11,0,19,8,19,30,0,57,106,0,106,163
03/16/2021,AVP,PA,AEA,EN,Combined TRACON& Tower with Radar,8,14,3,1,26,0,8,9,0,17,8,22,12,1,43,96,0,96,139
03/17/2021,AVP,PA,AEA,EN,Combined TRACON& Tower with Radar,10,19,14,0,43,0,7,8,0,15,10,26,22,0,58,94,0,94,152
03/18/2021,AVP,PA,AEA,EN,Combined TRACON& Tower with Radar,8,16,8,0,32,0,0,0,0,0,8,16,8,0,32,0,0,0,32
03/19/2021,AVP,PA,AEA,EN,Combined TRACON& Tower with Radar,8,12,12,0,32,0,2,4,0,6,8,14,16,0,38,0,0,0,38
03/20/2021,AVP,PA,AEA,EN,Combined TRACON& Tower with Radar,8,9,20,0,37,0,6,36,0,42,8,15,56,0,79,0,0,0,79
03/21/2021,AVP,PA,AEA,EN,Combined TRACON& Tower with Radar,8,12,26,0,46,0,0,63,0,63,8,12,89,0,109,63,0,63,172
03/22/2021,AVP,PA,AEA,EN,Combined TRACON& Tower with Radar,8,15,17,0,40,0,5,42,2,49,8,20,59,2,89,36,0,36,125
03/23/2021,AVP,PA,AEA,EN,Combined TRACON& Tower with Radar,8,15,19,0,42,0,19,48,0,67,8,34,67,0,109,154,0,154,263
03/24/2021,AVP,PA,AEA,EN,Combined TRACON& Tower with Radar,8,14,6,0,28,0,10,27,0,37,8,24,33,0,65,102,0,102,167
03/25/2021,AVP,PA,AEA,EN,Combined TRACON& Tower with Radar,8,15,22,9,54,0,26,39,0,65,8,41,61,9,119,190,0,190,309
03/26/2021,AVP,PA,AEA,EN,Combined TRACON& Tower with Radar,8,15,6,0,29,0,24,23,0,47,8,39,29,0,76,127,0,127,203
03/27/2021,AVP,PA,AEA,EN,Combined TRACON& Tower with Radar,8,13,17,0,38,0,31,61,0,92,8,44,78,0,130,192,0,192,322
03/28/2021,AVP,PA,AEA,EN,Combined TRACON& Tower with Radar,7,14,12,0,33,0,3,2,0,5,7,17,14,0,38,14,0,14,52
03/29/2021,AVP,PA,AEA,EN,Combined TRACON& Tower with Radar,9,16,13,0,38,0,6,12,2,20,9,22,25,2,58,50,0,50,108
03/30/2021,AVP,PA,AEA,EN,Combined TRACON& Tower with Radar,8,22,17,4,51,0,7,24,0,31,8,29,41,4,82,12,8,20,102
03/31/2021,AVP,PA,AEA,EN,Combined TRACON& Tower with Radar,10,18,23,0,51,0,0,0,0,0,10,18,23,0,51,6,0,6,57
04/01/2021,AVP,PA,AEA,EN,Combined TRACON& Tower with Radar,8,15,14,0,37,0,4,7,0,11,8,19,21,0,48,2,0,2,50
04/02/2021,AVP,PA,AEA,EN,Combined TRACON& Tower with Radar,7,13,3,0,23,0,5,11,0,16,7,18,14,0,39,102,0,102,141
04/03/2021,AVP,PA,AEA,EN,Combined TRACON& Tower with Radar,8,10,11,0,29,0,11,44,0,55,8,21,55,0,84,122,0,122,206
04/04/2021,AVP,PA,AEA,EN,Combined TRACON& Tower with Radar,8,8,3,0,19,0,6,25,0,31,8,14,28,0,50,76,0,76,126
04/05/2021,AVP,PA,AEA,EN,Combined TRACON& Tower with Radar,8,9,4,0,21,0,5,20,0,25,8,14,24,0,46,94,0,94,140
04/06/2021,AVP,PA,AEA,EN,Combined TRACON& Tower with Radar,7,16,13,0,36,0,21,34,0,55,7,37,47,0,91,110,0,110,201
04/07/2021,AVP,PA,AEA,EN,Combined TRACON& Tower with Radar,8,12,14,0,34,0,0,35,0,35,8,12,49,0,69,94,0,94,163
04/08/2021,AVP,PA,AEA,EN,Combined TRACON& Tower with Radar,8,12,26,0,46,0,9,20,0,29,8,21,46,0,75,0,0,0,75
04/09/2021,AVP,PA,AEA,EN,Combined TRACON& Tower with Radar,8,12,17,2,39,0,1,15,0,16,8,13,32,2,55,2,0,2,57
04/10/2021,AVP,PA,AEA,EN,Combined TRACON& Tower with Radar,8,8,12,0,28,0,5,8,0,13,8,13,20,0,41,0,0,0,41
04/11/2021,AVP,PA,AEA,EN,Combined TRACON& Tower with Radar,8,13,11,2,34,0,6,0,0,6,8,19,11,2,40,0,0,0,40
04/12/2021,AVP,PA,AEA,EN,Combined TRACON& Tower with Radar,8,7,12,2,29,0,5,3,0,8,8,12,15,2,37,95,0,95,132
04/13/2021,AVP,PA,AEA,EN,Combined TRACON& Tower with Radar,8,11,10,2,31,0,13,32,0,45,8,24,42,2,76,96,0,96,172
04/14/2021,AVP,PA,AEA,EN,Combined TRACON& Tower with Radar,8,15,24,2,49,0,7,23,0,30,8,22,47,2,79,116,0,116,195
04/15/2021,AVP,PA,AEA,EN,Combined TRACON& Tower with Radar,8,11,15,0,34,0,9,6,0,15,8,20,21,0,49,120,0,120,169
04/16/2021,AVP,PA,AEA,EN,Combined TRACON& Tower with Radar,9,11,2,0,22,0,6,5,0,11,9,17,7,0,33,104,0,104,137
04/17/2021,AVP,PA,AEA,EN,Combined TRACON& Tower with Radar,7,8,8,0,23,0,2,1,0,3,7,10,9,0,26,36,0,36,62
04/18/2021,AVP,PA,AEA,EN,Combined TRACON& Tower with Radar,11,6,15,0,32,0,5,25,0,30,11,11,40,0,62,31,0,31,93
04/19/2021,AVP,PA,AEA,EN,Combined TRACON& Tower with Radar,7,8,16,0,31,0,1,28,0,29,7,9,44,0,60,60,0,60,120
04/20/2021,AVP,PA,AEA,EN,Combined TRACON& Tower with Radar,8,10,12,0,30,0,7,20,0,27,8,17,32,0,57,14,0,14,71
04/21/2021,AVP,PA,AEA,EN,Combined TRACON& Tower with Radar,8,11,9,0,28,0,7,4,0,11,8,18,13,0,39,18,0,18,57
04/22/2021,AVP,PA,AEA,EN,Combined TRACON& Tower with Radar,10,12,11,2,35,0,5,4,0,9,10,17,15,2,44,0,0,0,44
04/23/2021,AVP,PA,AEA,EN,Combined TRACON& Tower with Radar,8,13,15,0,36,0,7,21,0,28,8,20,36,0,64,14,0,14,78
04/24/2021,AVP,PA,AEA,EN,Combined TRACON& Tower with Radar,9,12,14,0,35,0,8,39,0,47,9,20,53,0,82,96,0,96,178
04/25/2021,AVP,PA,AEA,EN,Combined TRACON& Tower with Radar,8,11,4,0,23,0,8,3,0,11,8,19,7,0,34,104,0,104,138
04/26/2021,AVP,PA,AEA,EN,Combined TRACON& Tower with Radar,8,9,4,0,21,0,6,10,0,16,8,15,14,0,37,10,0,10,47
04/27/2021,AVP,PA,AEA,EN,Combined TRACON& Tower with Radar,8,10,18,0,36,0,4,25,0,29,8,14,43,0,65,10,0,10,75
04/28/2021,AVP,PA,AEA,EN,Combined TRACON& Tower with Radar,8,10,20,10,48,0,0,24,0,24,8,10,44,10,72,0,0,0,72
04/29/2021,AVP,PA,AEA,EN,Combined TRACON& Tower with Radar,9,12,10,0,31,0,0,0,0,0,9,12,10,0,31,0,0,0,31
04/30/2021,AVP,PA,AEA,EN,Combined TRACON& Tower with Radar,7,14,11,0,32,0,2,0,0,2,7,16,11,0,34,0,0,0,34
05/01/2021,AVP,PA,AEA,EN,Combined TRACON& Tower with Radar,8,12,6,2,28,0,12,32,0,44,8,24,38,2,72,122,0,122,194
05/02/2021,AVP,PA,AEA,EN,Combined TRACON& Tower with Radar,12,9,9,0,30,0,26,27,0,53,12,35,36,0,83,128,0,128,211
05/03/2021,AVP,PA,AEA,EN,Combined TRACON& Tower with Radar,8,11,15,0,34,0,9,10,0,19,8,20,25,0,53,65,0,65,118
05/04/2021,AVP,PA,AEA,EN,Combined TRACON& Tower with Radar,8,7,17,0,32,0,0,4,0,4,8,7,21,0,36,0,0,0,36
05/05/2021,AVP,PA,AEA,EN,Combined TRACON& Tower with Radar,8,16,12,0,36,0,3,0,0,3,8,19,12,0,39,0,0,0,39
05/06/2021,AVP,PA,AEA,EN,Combined TRACON& Tower with Radar,10,15,26,19,70,0,4,12,1,17,10,19,38,20,87,22,0,22,109
05/07/2021,AVP,PA,AEA,EN,Combined TRACON& Tower with Radar,11,12,7,0,30,0,7,16,0,23,11,19,23,0,53,18,0,18,71
05/08/2021,AVP,PA,AEA,EN,Combined TRACON& Tower with Radar,10,10,7,0,27,0,4,0,0,4,10,14,7,0,31,0,0,0,31
05/09/2021,AVP,PA,AEA,EN,Combined TRACON& Tower with Radar,10,10,9,0,29,0,0,6,0,6,10,10,15,0,35,0,0,0,35
05/10/2021,AVP,PA,AEA,EN,Combined TRACON& Tower with Radar,10,12,12,2,36,0,6,10,0,16,10,18,22,2,52,17,0,17,69
05/11/2021,AVP,PA,AEA,EN,Combined TRACON& Tower with Radar,10,19,4,2,35,0,3,15,0,18,10,22,19,2,53,31,0,31,84
05/12/2021,AVP,PA,AEA,EN,Combined TRACON& Tower with Radar,10,14,16,0,40,0,21,33,0,54,10,35,49,0,94,67,0,67,161
05/13/2021,AVP,PA,AEA,EN,Combined TRACON& Tower with Radar,10,17,18,0,45,0,28,48,1,77,10,45,66,1,122,92,0,92,214
05/14/2021,AVP,PA,AEA,EN,Combined TRACON& Tower with Radar,10,14,10,0,34,0,17,63,0,80,10,31,73,0,114,149,0,149,263
05/15/2021,AVP,PA,AEA,EN,Combined TRACON& Tower with Radar,10,11,9,0,30,0,23,35,1,59,10,34,44,1,89,131,0,131,220
05/16/2021,AVP,PA,AEA,EN,Combined TRACON& Tower with Radar,10,8,10,0,28,0,23,35,0,58,10,31,45,0,86,122,0,122,208
05/17/2021,AVP,PA,AEA,EN,Combined TRACON& Tower with Radar,10,15,14,0,39,0,7,18,1,26,10,22,32,1,65,49,0,49,114
05/18/2021,AVP,PA,AEA,EN,Combined TRACON& Tower with Radar,9,11,21,0,41,0,9,22,0,31,9,20,43,0,72,10,0,10,82
05/19/2021,AVP,PA,AEA,EN,Combined TRACON& Tower with Radar,11,11,25,0,47,0,5,23,1,29,11,16,48,1,76,68,0,68,144
05/20/2021,AVP,PA,AEA,EN,Combined TRACON& Tower with Radar,9,19,12,2,42,0,6,30,6,42,9,25,42,8,84,9,0,9,93
05/21/2021,AVP,PA,AEA,EN,Combined TRACON& Tower with Radar,13,14,11,0,38,0,7,18,0,25,13,21,29,0,63,46,0,46,109
05/22/2021,AVP,PA,AEA,EN,Combined TRACON& Tower with Radar,10,13,15,0,38,0,5,35,0,40,10,18,50,0,78,106,0,106,184
05/23/2021,AVP,PA,AEA,EN,Combined TRACON& Tower with Radar,10,9,8,0,27,0,9,16,0,25,10,18,24,0,52,118,0,118,170
05/24/2021,AVP,PA,AEA,EN,Combined TRACON& Tower with Radar,10,9,17,8,44,0,16,27,4,47,10,25,44,12,91,166,0,166,257
05/25/2021,AVP,PA,AEA,EN,Combined TRACON& Tower with Radar,10,13,20,8,51,0,0,8,0,8,10,13,28,8,59,0,0,0,59
05/26/2021,AVP,PA,AEA,EN,Combined TRACON& Tower with Radar,10,13,10,0,33,0,5,12,0,17,10,18,22,0,50,120,0,120,170
05/27/2021,AVP,PA,AEA,EN,Combined TRACON& Tower with Radar,10,16,18,0,44,0,11,40,0,51,10,27,58,0,95,120,0,120,215
05/28/2021,AVP,PA,AEA,EN,Combined TRACON& Tower with Radar,10,14,12,0,36,0,5,11,0,16,10,19,23,0,52,44,0,44,96
05/29/2021,AVP,PA,AEA,EN,Combined TRACON& Tower with Radar,9,13,8,0,30,0,2,1,0,3,9,15,9,0,33,8,0,8,41
05/30/2021,AVP,PA,AEA,EN,Combined TRACON& Tower with Radar,9,13,5,0,27,0,2,0,0,2,9,15,5,0,29,0,0,0,29
05/31/2021,AVP,PA,AEA,EN,Combined TRACON& Tower with Radar,10,10,15,0,35,0,4,13,0,17,10,14,28,0,52,58,0,58,110
06/01/2021,AVP,PA,AEA,EN,Combined TRACON& Tower with Radar,12,16,16,0,44,0,8,38,2,48,12,24,54,2,92,92,0,92,184
06/02/2021,AVP,PA,AEA,EN,Combined TRACON& Tower with Radar,10,17,17,0,44,0,11,18,0,29,10,28,35,0,73,88,0,88,161
06/03/2021,AVP,PA,AEA,EN,Combined TRACON& Tower with Radar,11,19,8,0,38,0,4,6,0,10,11,23,14,0,48,122,0,122,170
06/04/2021,AVP,PA,AEA,EN,Combined TRACON& Tower with Radar,7,17,10,0,34,0,8,5,0,13,7,25,15,0,47,120,0,120,167
06/05/2021,AVP,PA,AEA,EN,Combined TRACON& Tower with Radar,7,12,16,0,35,0,5,16,2,23,7,17,32,2,58,104,0,104,162
06/06/2021,AVP,PA,AEA,EN,Combined TRACON& Tower with Radar,7,9,19,0,35,0,6,27,0,33,7,15,46,0,68,148,0,148,216
06/07/2021,AVP,PA,AEA,EN,Combined TRACON& Tower with Radar,6,10,21,0,37,0,2,22,0,24,6,12,43,0,61,2,0,2,63
06/08/2021,AVP,PA,AEA,EN,Combined TRACON& Tower with Radar,8,12,13,0,33,0,0,4,0,4,8,12,17,0,37,2,0,2,39
06/09/2021,AVP,PA,AEA,EN,Combined TRACON& Tower with Radar,11,11,20,0,42,0,0,2,1,3,11,11,22,1,45,0,0,0,45
06/10/2021,AVP,PA,AEA,EN,Combined TRACON& Tower with Radar,8,15,20,0,43,0,9,37,0,46,8,24,57,0,89,28,0,28,117
06/11/2021,AVP,PA,AEA,EN,Combined TRACON& Tower with Radar,7,13,27,4,51,0,2,9,0,11,7,15,36,4,62,12,0,12,74
06/12/2021,AVP,PA,AEA,EN,Combined TRACON& Tower with Radar,6,14,13,0,33,0,2,0,0,2,6,16,13,0,35,0,0,0,35
06/13/2021,AVP,PA,AEA,EN,Combined TRACON& Tower with Radar,9,12,11,0,32,0,3,1,0,4,9,15,12,0,36,0,0,0,36
06/14/2021,AVP,PA,AEA,EN,Combined TRACON& Tower with Radar,8,11,10,0,29,0,4,4,1,9,8,15,14,1,38,4,0,4,42
06/15/2021,AVP,PA,AEA,EN,Combined TRACON& Tower with Radar,8,22,15,1,46,0,8,16,1,25,8,30,31,2,71,118,0,118,189
06/16/2021,AVP,PA,AEA,EN,Combined TRACON& Tower with Radar,8,16,15,0,39,0,21,51,0,72,8,37,66,0,111,126,0,126,237
06/17/2021,AVP,PA,AEA,EN,Combined TRACON& Tower with Radar,8,19,15,2,44,0,16,60,2,78,8,35,75,4,122,159,0,159,281
06/18/2021,AVP,PA,AEA,EN,Combined TRACON& Tower with Radar,8,16,17,0,41,0,8,35,0,43,8,24,52,0,84,74,0,74,158
06/19/2021,AVP,PA,AEA,EN,Combined TRACON& Tower with Radar,6,10,7,0,23,0,6,15,0,21,6,16,22,0,44,32,0,32,76
06/20/2021,AVP,PA,AEA,EN,Combined TRACON& Tower with Radar,7,10,6,0,23,0,2,6,0,8,7,12,12,0,31,0,0,0,31
06/21/2021,AVP,PA,AEA,EN,Combined TRACON& Tower with Radar,8,18,9,0,35,0,2,7,0,9,8,20,16,0,44,74,0,74,118
06/22/2021,AVP,PA,AEA,EN,Combined TRACON& Tower with Radar,8,15,16,0,39,0,11,4,0,15,8,26,20,0,54,126,0,126,180
06/23/2021,AVP,PA,AEA,EN,Combined TRACON& Tower with Radar,8,18,22,0,48,0,7,33,0,40,8,25,55,0,88,79,0,79,167
06/24/2021,AVP,PA,AEA,EN,Combined TRACON& Tower with Radar,9,16,21,2,48,0,10,43,0,53,9,26,64,2,101,89,0,89,190
06/25/2021,AVP,PA,AEA,EN,Combined TRACON& Tower with Radar,8,17,25,0,50,0,5,41,0,46,8,22,66,0,96,116,0,116,212
06/26/2021,AVP,PA,AEA,EN,Combined TRACON& Tower with Radar,5,9,25,0,39,0,8,7,0,15,5,17,32,0,54,72,0,72,126
06/27/2021,AVP,PA,AEA,EN,Combined TRACON& Tower with Radar,8,13,35,0,56,0,13,19,1,33,8,26,54,1,89,0,0,0,89
06/28/2021,AVP,PA,AEA,EN,Combined TRACON& Tower with Radar,9,13,10,0,32,0,9,27,0,36,9,22,37,0,68,122,0,122,190
06/29/2021,AVP,PA,AEA,EN,Combined TRACON& Tower with Radar,8,19,14,0,41,0,10,29,0,39,8,29,43,0,80,126,0,126,206
06/30/2021,AVP,PA,AEA,EN,Combined TRACON& Tower with Radar,7,23,15,0,45,0,4,12,0,16,7,27,27,0,61,112,0,112,173
07/01/2021,AVP,PA,AEA,EN,Combined TRACON& Tower with Radar,7,17,19,0,43,0,0,4,0,4,7,17,23,0,47,30,0,30,77
07/02/2021,AVP,PA,AEA,EN,Combined TRACON& Tower with Radar,8,18,12,0,38,0,13,7,0,20,8,31,19,0,58,76,0,76,134
07/03/2021,AVP,PA,AEA,EN,Combined TRACON& Tower with Radar,6,15,15,0,36,0,5,7,0,12,6,20,22,0,48,117,0,117,165
07/04/2021,AVP,PA,AEA,EN,Combined TRACON& Tower with Radar,7,9,6,0,22,0,3,9,0,12,7,12,15,0,34,0,0,0,34
07/05/2021,AVP,PA,AEA,EN,Combined TRACON& Tower with Radar,8,10,21,0,39,0,20,57,0,77,8,30,78,0,116,162,0,162,278
07/06/2021,AVP,PA,AEA,EN,Combined TRACON& Tower with Radar,7,21,13,0,41,0,18,35,0,53,7,39,48,0,94,116,0,116,210
07/07/2021,AVP,PA,AEA,EN,Combined TRACON& Tower with Radar,9,20,19,0,48,0,17,29,0,46,9,37,48,0,94,141,0,141,235
07/08/2021,AVP,PA,AEA,EN,Combined TRACON& Tower with Radar,8,18,6,0,32,0,5,4,0,9,8,23,10,0,41,0,0,0,41
07/09/2021,AVP,PA,AEA,EN,Combined TRACON& Tower with Radar,7,20,11,0,38,0,3,9,0,12,7,23,20,0,50,26,0,26,76
07/10/2021,AVP,PA,AEA,EN,Combined TRACON& Tower with Radar,7,14,10,0,31,0,2,12,0,14,7,16,22,0,45,0,0,0,45
07/11/2021,AVP,PA,AEA,EN,Combined TRACON& Tower with Radar,7,12,13,0,32,0,3,5,0,8,7,15,18,0,40,16,0,16,56
07/12/2021,AVP,PA,AEA,EN,Combined TRACON& Tower with Radar,10,17,8,1,36,0,3,3,0,6,10,20,11,1,42,0,0,0,42
07/13/2021,AVP,PA,AEA,EN,Combined TRACON& Tower with Radar,9,23,19,3,54,0,1,22,0,23,9,24,41,3,77,144,0,144,221
07/14/2021,AVP,PA,AEA,EN,Combined TRACON& Tower with Radar,7,18,20,0,45,0,24,28,0,52,7,42,48,0,97,106,0,106,203
07/15/2021,AVP,PA,AEA,EN,Combined TRACON& Tower with Radar,8,21,17,0,46,0,18,56,0,74,8,39,73,0,120,142,0,142,262
07/16/2021,AVP,PA,AEA,EN,Combined TRACON& Tower with Radar,8,18,16,0,42,0,2,9,2,13,8,20,25,2,55,0,0,0,55
07/17/2021,AVP,PA,AEA,EN,Combined TRACON& Tower with Radar,6,18,7,0,31,0,4,13,0,17,6,22,20,0,48,6,0,6,54
07/18/2021,AVP,PA,AEA,EN,Combined TRACON& Tower with Radar,6,16,13,0,35,0,3,0,0,3,6,19,13,0,38,0,0,0,38
07/19/2021,AVP,PA,AEA,EN,Combined TRACON& Tower with Radar,8,18,8,0,34,0,9,23,0,32,8,27,31,0,66,85,0,85,151
07/20/2021,AVP,PA,AEA,EN,Combined TRACON& Tower with Radar,9,27,12,0,48,0,4,10,0,14,9,31,22,0,62,20,0,20,82
07/21/2021,AVP,PA,AEA,EN,Combined TRACON& Tower with Radar,8,16,24,0,48,0,3,12,0,15,8,19,36,0,63,10,0,10,73
07/22/2021,AVP,PA,AEA,EN,Combined TRACON& Tower with Radar,8,22,27,0,57,0,5,34,0,39,8,27,61,0,96,18,0,18,114
07/23/2021,AVP,PA,AEA,EN,Combined TRACON& Tower with Radar,7,25,20,0,52,0,13,36,0,49,7,38,56,0,101,56,0,56,157
07/24/2021,AVP,PA,AEA,EN,Combined TRACON& Tower with Radar,6,17,18,0,41,0,11,42,0,53,6,28,60,0,94,106,0,106,200
07/25/2021,AVP,PA,AEA,EN,Combined TRACON& Tower with Radar,8,16,21,0,45,0,14,10,0,24,8,30,31,0,69,140,0,140,209
07/26/2021,AVP,PA,AEA,EN,Combined TRACON& Tower with Radar,8,10,23,0,41,0,13,32,0,45,8,23,55,0,86,108,0,108,194
07/27/2021,AVP,PA,AEA,EN,Combined TRACON& Tower with Radar,8,16,15,0,39,0,17,36,0,53,8,33,51,0,92,140,0,140,232
07/28/2021,AVP,PA,AEA,EN,Combined TRACON& Tower with Radar,8,15,22,0,45,0,7,31,2,40,8,22,53,2,85,80,0,80,165
07/29/2021,AVP,PA,AEA,EN,Combined TRACON& Tower with Radar,7,16,32,0,55,0,15,16,0,31,7,31,48,0,86,110,0,110,196
07/30/2021,AVP,PA,AEA,EN,Combined TRACON& Tower with Radar,9,19,24,0,52,0,4,22,0,26,9,23,46,0,78,80,0,80,158
07/31/2021,AVP,PA,AEA,EN,Combined TRACON& Tower with Radar,6,13,7,0,26,0,23,43,0,66,6,36,50,0,92,112,0,112,204
08/01/2021,AVP,PA,AEA,EN,Combined TRACON& Tower with Radar,8,13,26,0,47,0,4,10,0,14,8,17,36,0,61,61,0,61,122
08/02/2021,AVP,PA,AEA,EN,Combined TRACON& Tower with Radar,8,16,18,0,42,0,19,34,0,53,8,35,52,0,95,146,0,146,241
08/03/2021,AVP,PA,AEA,EN,Combined TRACON& Tower with Radar,7,20,16,0,43,0,15,50,0,65,7,35,66,0,108,112,0,112,220
08/04/2021,AVP,PA,AEA,EN,Combined TRACON& Tower with Radar,9,21,18,0,48,0,2,28,0,30,9,23,46,0,78,14,0,14,92
08/05/2021,AVP,PA,AEA,EN,Combined TRACON& Tower with Radar,8,21,25,0,54,0,11,31,0,42,8,32,56,0,96,90,0,90,186
08/06/2021,AVP,PA,AEA,EN,Combined TRACON& Tower with Radar,7,21,15,0,43,0,9,19,0,28,7,30,34,0,71,39,0,39,110
08/07/2021,AVP,PA,AEA,EN,Combined TRACON& Tower with Radar,7,12,16,0,35,0,3,9,0,12,7,15,25,0,47,6,0,6,53
08/08/2021,AVP,PA,AEA,EN,Combined TRACON& Tower with Radar,7,10,8,0,25,0,7,28,1,36,7,17,36,1,61,90,0,90,151
08/09/2021,AVP,PA,AEA,EN,Combined TRACON& Tower with Radar,8,9,24,0,41,0,19,53,0,72,8,28,77,0,113,146,0,146,259
08/10/2021,AVP,PA,AEA,EN,Combined TRACON& Tower with Radar,10,14,7,0,31,0,20,16,0,36,10,34,23,0,67,132,0,132,199
08/11/2021,AVP,PA,AEA,EN,Combined TRACON& Tower with Radar,7,17,21,0,45,0,25,27,0,52,7,42,48,0,97,132,0,132,229
08/12/2021,AVP,PA,AEA,EN,Combined TRACON& Tower with Radar,9,21,17,2,49,0,3,23,2,28,9,24,40,4,77,40,0,40,117
08/13/2021,AVP,PA,AEA,EN,Combined TRACON& Tower with Radar,7,17,22,0,46,0,1,38,0,39,7,18,60,0,85,78,0,78,163
08/14/2021,AVP,PA,AEA,EN,Combined TRACON& Tower with Radar,6,17,8,0,31,0,4,29,0,33,6,21,37,0,64,55,0,55,119
08/15/2021,AVP,PA,AEA,EN,Combined TRACON& Tower with Radar,6,11,17,0,34,0,7,38,0,45,6,18,55,0,79,0,0,0,79
08/16/2021,AVP,PA,AEA,EN,Combined TRACON& Tower with Radar,6,13,24,8,51,0,4,35,0,39,6,17,59,8,90,78,0,78,168
08/17/2021,AVP,PA,AEA,EN,Combined TRACON& Tower with Radar,7,28,23,11,69,0,3,4,2,9,7,31,27,13,78,0,0,0,78
08/18/2021,AVP,PA,AEA,EN,Combined TRACON& Tower with Radar,8,15,16,1,40,0,5,5,0,10,8,20,21,1,50,44,0,44,94
08/19/2021,AVP,PA,AEA,EN,Combined TRACON& Tower with Radar,7,31,15,5,58,0,3,8,8,19,7,34,23,13,77,0,0,0,77
08/20/2021,AVP,PA,AEA,EN,Combined TRACON& Tower with Radar,9,17,11,1,38,0,2,12,5,19,9,19,23,6,57,5,0,5,62
08/21/2021,AVP,PA,AEA,EN,Combined TRACON& Tower with Radar,6,15,21,0,42,0,2,9,12,23,6,17,30,12,65,0,0,0,65
08/22/2021,AVP,PA,AEA,EN,Combined TRACON& Tower with Radar,8,19,12,0,39,0,4,4,1,9,8,23,16,1,48,32,0,32,80
08/23/2021,AVP,PA,AEA,EN,Combined TRACON& Tower with Radar,6,16,11,0,33,0,16,25,0,41,6,32,36,0,74,104,0,104,178
08/24/2021,AVP,PA,AEA,EN,Combined TRACON& Tower with Radar,6,16,20,2,44,0,19,47,1,67,6,35,67,3,111,136,0,136,247
08/25/2021,AVP,PA,AEA,EN,Combined TRACON& Tower with Radar,8,18,20,4,50,0,23,53,1,77,8,41,73,5,127,156,0,156,283
08/26/2021,AVP,PA,AEA,EN,Combined TRACON& Tower with Radar,8,24,13,2,47,0,25,47,1,73,8,49,60,3,120,141,0,141,261
08/27/2021,AVP,PA,AEA,EN,Combined TRACON& Tower with Radar,8,22,27,0,57,0,2,18,0,20,8,24,45,0,77,50,0,50,127
08/28/2021,AVP,PA,AEA,EN,Combined TRACON& Tower with Radar,6,16,17,0,39,0,2,2,0,4,6,18,19,0,43,0,0,0,43
08/29/2021,AVP,PA,AEA,EN,Combined TRACON& Tower with Radar,8,20,19,2,49,0,7,1,0,8,8,27,20,2,57,0,0,0,57
08/30/2021,AVP,PA,AEA,EN,Combined TRACON& Tower with Radar,6,18,2,4,30,0,17,24,2,43,6,35,26,6,73,146,0,146,219
08/31/2021,AVP,PA,AEA,EN,Combined TRACON& Tower with Radar,6,23,22,0,51,0,19,44,0,63,6,42,66,0,114,132,0,132,246
09/01/2021,AVP,PA,AEA,EN,Combined TRACON& Tower with Radar,8,17,4,0,29,0,0,0,0,0,8,17,4,0,29,0,0,0,29
09/02/2021,AVP,PA,AEA,EN,Combined TRACON& Tower with Radar,8,19,13,0,40,0,2,9,0,11,8,21,22,0,51,0,0,0,51
09/03/2021,AVP,PA,AEA,EN,Combined TRACON& Tower with Radar,8,17,17,0,42,0,15,11,1,27,8,32,28,1,69,0,0,0,69
09/04/2021,AVP,PA,AEA,EN,Combined TRACON& Tower with Radar,6,12,6,0,24,0,5,42,0,47,6,17,48,0,71,0,0,0,71
09/05/2021,AVP,PA,AEA,EN,Combined TRACON& Tower with Radar,4,9,13,0,26,0,2,2,0,4,4,11,15,0,30,0,0,0,30
09/06/2021,AVP,PA,AEA,EN,Combined TRACON& Tower with Radar,6,11,8,0,25,0,4,15,0,19,6,15,23,0,44,24,0,24,68
09/07/2021,AVP,PA,AEA,EN,Combined TRACON& Tower with Radar,6,13,14,2,35,0,6,22,0,28,6,19,36,2,63,104,0,104,167
09/08/2021,AVP,PA,AEA,EN,Combined TRACON& Tower with Radar,7,16,12,0,35,0,1,14,0,15,7,17,26,0,50,0,0,0,50
09/09/2021,AVP,PA,AEA,EN,Combined TRACON& Tower with Radar,10,19,19,0,48,0,23,24,0,47,10,42,43,0,95,136,0,136,231
09/10/2021,AVP,PA,AEA,EN,Combined TRACON& Tower with Radar,10,12,17,0,39,0,6,28,0,34,10,18,45,0,73,86,2,88,161
09/11/2021,AVP,PA,AEA,EN,Combined TRACON& Tower with Radar,9,16,20,0,45,0,3,32,0,35,9,19,52,0,80,21,0,21,101
09/12/2021,AVP,PA,AEA,EN,Combined TRACON& Tower with Radar,9,12,18,0,39,0,17,25,0,42,9,29,43,0,81,50,0,50,131
09/13/2021,AVP,PA,AEA,EN,Combined TRACON& Tower with Radar,8,11,14,0,33,0,7,12,0,19,8,18,26,0,52,50,0,50,102
09/14/2021,AVP,PA,AEA,EN,Combined TRACON& Tower with Radar,7,18,24,0,49,0,18,25,0,43,7,36,49,0,92,130,0,130,222
09/15/2021,AVP,PA,AEA,EN,Combined TRACON& Tower with Radar,7,11,9,1,28,0,14,14,0,28,7,25,23,1,56,59,0,59,115
09/16/2021,AVP,PA,AEA,EN,Combined TRACON& Tower with Radar,10,17,39,0,66,0,3,9,0,12,10,20,48,0,78,55,0,55,133
09/17/2021,AVP,PA,AEA,EN,Combined TRACON& Tower with Radar,9,21,20,14,64,0,5,1,0,6,9,26,21,14,70,0,0,0,70
09/18/2021,AVP,PA,AEA,EN,Combined TRACON& Tower with Radar,8,18,20,1,47,0,7,13,1,21,8,25,33,2,68,0,0,0,68
09/19/2021,AVP,PA,AEA,EN,Combined TRACON& Tower with Radar,10,15,12,0,37,0,10,35,0,45,10,25,47,0,82,55,0,55,137
09/20/2021,AVP,PA,AEA,EN,Combined TRACON& Tower with Radar,12,14,27,0,53,0,5,36,0,41,12,19,63,0,94,58,0,58,152
09/21/2021,AVP,PA,AEA,EN,Combined TRACON& Tower with Radar,8,18,25,2,53,0,11,14,0,25,8,29,39,2,78,90,0,90,168
09/22/2021,AVP,PA,AEA,EN,Combined TRACON& Tower with Radar,7,19,10,2,38,0,6,5,0,11,7,25,15,2,49,90,0,90,139
09/23/2021,AVP,PA,AEA,EN,Combined TRACON& Tower with Radar,10,16,11,0,37,0,2,6,0,8,10,18,17,0,45,50,0,50,95
09/24/2021,AVP,PA,AEA,EN,Combined TRACON& Tower with Radar,10,22,24,0,56,0,7,25,0,32,10,29,49,0,88,109,0,109,197
09/25/2021,AVP,PA,AEA,EN,Combined TRACON& Tower with Radar,9,14,15,2,40,0,15,23,1,39,9,29,38,3,79,51,0,51,130
09/26/2021,AVP,PA,AEA,EN,Combined TRACON& Tower with Radar,9,14,16,0,39,0,9,16,0,25,9,23,32,0,64,0,0,0,64
09/27/2021,AVP,PA,AEA,EN,Combined TRACON& Tower with Radar,8,16,15,0,39,0,8,23,0,31,8,24,38,0,70,0,0,0,70
09/28/2021,AVP,PA,AEA,EN,Combined TRACON& Tower with Radar,7,18,12,0,37,0,16,21,0,37,7,34,33,0,74,128,0,128,202
09/29/2021,AVP,PA,AEA,EN,Combined TRACON& Tower with Radar,7,16,17,6,46,0,24,31,0,55,7,40,48,6,101,148,0,148,249
09/30/2021,AVP,PA,AEA,EN,Combined TRACON& Tower with Radar,10,19,31,0,60,0,5,18,0,23,10,24,49,0,83,80,0,80,163
10/01/2021,AVP,PA,AEA,EN,Combined TRACON& Tower with Radar,10,23,22,0,55,0,14,40,0,54,10,37,62,0,109,152,0,152,261
10/02/2021,AVP,PA,AEA,EN,Combined TRACON& Tower with Radar,7,12,11,0,30,0,6,34,0,40,7,18,45,0,70,52,0,52,122
10/03/2021,AVP,PA,AEA,EN,Combined TRACON& Tower with Radar,8,15,16,0,39,0,8,9,0,17,8,23,25,0,56,98,0,98,154
10/04/2021,AVP,PA,AEA,EN,Combined TRACON& Tower with Radar,9,14,13,0,36,0,4,4,0,8,9,18,17,0,44,32,0,32,76
10/05/2021,AVP,PA,AEA,EN,Combined TRACON& Tower with Radar,7,17,18,8,50,0,8,7,0,15,7,25,25,8,65,66,0,66,131
10/06/2021,AVP,PA,AEA,EN,Combined TRACON& Tower with Radar,7,19,21,2,49,0,14,6,1,21,7,33,27,3,70,86,0,86,156
10/07/2021,AVP,PA,AEA,EN,Combined TRACON& Tower with Radar,9,14,30,9,62,0,2,19,0,21,9,16,49,9,83,66,0,66,149
10/08/2021,AVP,PA,AEA,EN,Combined TRACON& Tower with Radar,8,19,18,0,45,0,11,12,0,23,8,30,30,0,68,72,0,72,140
10/09/2021,AVP,PA,AEA,EN,Combined TRACON& Tower with Radar,6,13,8,0,27,0,13,6,0,19,6,26,14,0,46,32,0,32,78
10/10/2021,AVP,PA,AEA,EN,Combined TRACON& Tower with Radar,10,12,23,0,45,0,1,0,0,1,10,13,23,0,46,0,0,0,46
10/11/2021,AVP,PA,AEA,EN,Combined TRACON& Tower with Radar,8,10,27,0,45,0,33,27,0,60,8,43,54,0,105,210,0,210,315
10/12/2021,AVP,PA,AEA,EN,Combined TRACON& Tower with Radar,6,23,22,0,51,0,23,24,0,47,6,46,46,0,98,160,0,160,258
10/13/2021,AVP,PA,AEA,EN,Combined TRACON& Tower with Radar,8,19,23,1,51,0,19,20,0,39,8,38,43,1,90,144,0,144,234
10/14/2021,AVP,PA,AEA,EN,Combined TRACON& Tower with Radar,8,21,20,0,49,0,21,48,0,69,8,42,68,0,118,168,0,168,286
10/15/2021,AVP,PA,AEA,EN,Combined TRACON& Tower with Radar,8,18,23,0,49,0,18,29,0,47,8,36,52,0,96,136,0,136,232
10/16/2021,AVP,PA,AEA,EN,Combined TRACON& Tower with Radar,9,15,12,0,36,0,3,2,0,5,9,18,14,0,41,0,0,0,41
10/17/2021,AVP,PA,AEA,EN,Combined TRACON& Tower with Radar,9,17,4,0,30,0,4,4,2,10,9,21,8,2,40,0,0,0,40
10/18/2021,AVP,PA,AEA,EN,Combined TRACON& Tower with Radar,8,15,8,0,31,0,8,6,0,14,8,23,14,0,45,75,0,75,120
10/19/2021,AVP,PA,AEA,EN,Combined TRACON& Tower with Radar,6,19,6,2,33,0,12,22,0,34,6,31,28,2,67,103,0,103,170
10/20/2021,AVP,PA,AEA,EN,Combined TRACON& Tower with Radar,8,20,16,4,48,0,19,30,2,51,8,39,46,6,99,158,0,158,257
10/21/2021,AVP,PA,AEA,EN,Combined TRACON& Tower with Radar,8,23,14,0,45,0,23,44,2,69,8,46,58,2,114,150,0,150,264
10/22/2021,AVP,PA,AEA,EN,Combined TRACON& Tower with Radar,8,20,10,0,38,0,4,7,0,11,8,24,17,0,49,72,0,72,121
10/23/2021,AVP,PA,AEA,EN,Combined TRACON& Tower with Radar,8,11,5,0,24,0,4,9,0,13,8,15,14,0,37,16,0,16,53
10/24/2021,AVP,PA,AEA,EN,Combined TRACON& Tower with Radar,8,14,10,0,32,0,0,4,0,4,8,14,14,0,36,0,0,0,36
10/25/2021,AVP,PA,AEA,EN,Combined TRACON& Tower with Radar,11,15,26,2,54,0,17,43,2,62,11,32,69,4,116,173,4,177,293
10/26/2021,AVP,PA,AEA,EN,Combined TRACON& Tower with Radar,8,27,9,0,44,0,9,10,0,19,8,36,19,0,63,80,0,80,143
10/27/2021,AVP,PA,AEA,EN,Combined TRACON& Tower with Radar,8,17,14,2,41,0,14,26,0,40,8,31,40,2,81,183,0,183,264
10/28/2021,AVP,PA,AEA,EN,Combined TRACON& Tower with Radar,9,18,17,0,44,0,5,39,1,45,9,23,56,1,89,0,0,0,89
10/29/2021,AVP,PA,AEA,EN,Combined TRACON& Tower with Radar,8,19,17,0,44,0,3,0,0,3,8,22,17,0,47,0,0,0,47
10/30/2021,AVP,PA,AEA,EN,Combined TRACON& Tower with Radar,6,15,3,0,24,0,3,2,1,6,6,18,5,1,30,0,0,0,30
10/31/2021,AVP,PA,AEA,EN,Combined TRACON& Tower with Radar,6,13,10,0,29,0,4,1,0,5,6,17,11,0,34,0,0,0,34
11/01/2021,AVP,PA,AEA,EN,Combined TRACON& Tower with Radar,8,13,9,1,31,0,23,39,1,63,8,36,48,2,94,178,0,178,272
11/02/2021,AVP,PA,AEA,EN,Combined TRACON& Tower with Radar,7,19,12,6,44,0,28,38,0,66,7,47,50,6,110,146,6,152,262
11/03/2021,AVP,PA,AEA,EN,Combined TRACON& Tower with Radar,11,18,16,0,45,0,20,34,2,56,11,38,50,2,101,144,0,144,245
11/04/2021,AVP,PA,AEA,EN,Combined TRACON& Tower with Radar,13,9,18,6,46,0,31,55,0,86,13,40,73,6,132,174,0,174,306
11/05/2021,AVP,PA,AEA,EN,Combined TRACON& Tower with Radar,12,13,15,0,40,0,18,30,0,48,12,31,45,0,88,96,0,96,184
11/06/2021,AVP,PA,AEA,EN,Combined TRACON& Tower with Radar,10,7,9,0,26,0,14,36,0,50,10,21,45,0,76,52,0,52,128
11/07/2021,AVP,PA,AEA,EN,Combined TRACON& Tower with Radar,12,6,13,0,31,0,32,47,1,80,12,38,60,1,111,163,0,163,274
11/08/2021,AVP,PA,AEA,EN,Combined TRACON& Tower with Radar,12,7,18,0,37,0,15,11,1,27,12,22,29,1,64,0,0,0,64
11/09/2021,AVP,PA,AEA,EN,Combined TRACON& Tower with Radar,10,8,11,2,31,0,10,33,4,47,10,18,44,6,78,158,0,158,236
11/10/2021,AVP,PA,AEA,EN,Combined TRACON& Tower with Radar,12,13,13,0,38,0,16,29,0,45,12,29,42,0,83,144,0,144,227
11/11/2021,AVP,PA,AEA,EN,Combined TRACON& Tower with Radar,12,12,22,0,46,0,5,27,0,32,12,17,49,0,78,97,0,97,175
11/12/2021,AVP,PA,AEA,EN,Combined TRACON& Tower with Radar,11,11,12,0,34,0,8,18,0,26,11,19,30,0,60,68,0,68,128
11/13/2021,AVP,PA,AEA,EN,Combined TRACON& Tower with Radar,12,5,4,0,21,0,2,2,0,4,12,7,6,0,25,0,0,0,25
11/14/2021,AVP,PA,AEA,EN,Combined TRACON& Tower with Radar,13,10,11,0,34,0,6,26,0,32,13,16,37,0,66,94,0,94,160
11/15/2021,AVP,PA,AEA,EN,Combined TRACON& Tower with Radar,12,11,5,0,28,0,10,7,0,17,12,21,12,0,45,84,0,84,129
11/16/2021,AVP,PA,AEA,EN,Combined TRACON& Tower with Radar,10,9,8,0,27,0,15,38,3,56,10,24,46,3,83,96,0,96,179
11/17/2021,AVP,PA,AEA,EN,Combined TRACON& Tower with Radar,12,11,17,0,40,0,18,30,4,52,12,29,47,4,92,153,0,153,245
11/18/2021,AVP,PA,AEA,EN,Combined TRACON& Tower with Radar,12,13,5,0,30,0,18,35,1,54,12,31,40,1,84,128,0,128,212
11/19/2021,AVP,PA,AEA,EN,Combined TRACON& Tower with Radar,12,19,13,0,44,0,6,5,0,11,12,25,18,0,55,69,0,69,124
11/20/2021,AVP,PA,AEA,EN,Combined TRACON& Tower with Radar,11,8,14,0,33,0,18,55,1,74,11,26,69,1,107,115,0,115,222
11/21/2021,AVP,PA,AEA,EN,Combined TRACON& Tower with Radar,13,9,7,0,29,0,7,13,0,20,13,16,20,0,49,0,0,0,49
11/22/2021,AVP,PA,AEA,EN,Combined TRACON& Tower with Radar,12,8,21,0,41,0,16,27,0,43,12,24,48,0,84,136,0,136,220
11/23/2021,AVP,PA,AEA,EN,Combined TRACON& Tower with Radar,12,20,13,0,45,0,18,24,2,44,12,38,37,2,89,134,0,134,223
11/24/2021,AVP,PA,AEA,EN,Combined TRACON& Tower with Radar,12,9,19,2,42,0,26,73,0,99,12,35,92,2,141,166,0,166,307
11/25/2021,AVP,PA,AEA,EN,Combined TRACON& Tower with Radar,4,2,2,0,8,0,8,11,0,19,4,10,13,0,27,34,0,34,61
11/26/2021,AVP,PA,AEA,EN,Combined TRACON& Tower with Radar,9,6,4,0,19,0,1,2,0,3,9,7,6,0,22,26,0,26,48
11/27/2021,AVP,PA,AEA,EN,Combined TRACON& Tower with Radar,15,5,8,0,28,0,0,4,0,4,15,5,12,0,32,0,0,0,32
11/28/2021,AVP,PA,AEA,EN,Combined TRACON& Tower with Radar,12,4,6,0,22,0,0,0,0,0,12,4,6,0,22,0,0,0,22
11/29/2021,AVP,PA,AEA,EN,Combined TRACON& Tower with Radar,11,12,10,2,35,0,0,3,0,3,11,12,13,2,38,0,0,0,38
11/30/2021,AVP,PA,AEA,EN,Combined TRACON& Tower with Radar,12,10,4,0,26,0,4,12,0,16,12,14,16,0,42,106,0,106,148
12/01/2021,AVP,PA,AEA,EN,Combined TRACON& Tower with Radar,12,12,28,1,53,0,25,37,1,63,12,37,65,2,116,125,0,125,241
12/02/2021,AVP,PA,AEA,EN,Combined TRACON& Tower with Radar,12,10,14,0,36,0,3,11,0,14,12,13,25,0,50,40,2,42,92
12/03/2021,AVP,PA,AEA,EN,Combined TRACON& Tower with Radar,12,9,17,0,38,0,8,17,0,25,12,17,34,0,63,56,0,56,119
12/04/2021,AVP,PA,AEA,EN,Combined TRACON& Tower with Radar,11,15,2,0,28,0,13,28,1,42,11,28,30,1,70,96,0,96,166
12/05/2021,AVP,PA,AEA,EN,Combined TRACON& Tower with Radar,13,10,14,0,37,0,15,30,0,45,13,25,44,0,82,114,0,114,196
12/06/2021,AVP,PA,AEA,EN,Combined TRACON& Tower with Radar,10,19,7,0,36,0,4,4,0,8,10,23,11,0,44,56,0,56,100
12/07/2021,AVP,PA,AEA,EN,Combined TRACON& Tower with Radar,10,12,26,0,48,0,25,23,0,48,10,37,49,0,96,134,0,134,230
12/08/2021,AVP,PA,AEA,EN,Combined TRACON& Tower with Radar,12,15,15,0,42,0,17,27,0,44,12,32,42,0,86,150,0,150,236
12/09/2021,AVP,PA,AEA,EN,Combined TRACON& Tower with Radar,12,13,8,0,33,0,24,34,0,58,12,37,42,0,91,138,0,138,229
12/10/2021,AVP,PA,AEA,EN,Combined TRACON& Tower with Radar,12,15,12,0,39,0,7,14,2,23,12,22,26,2,62,0,0,0,62
12/11/2021,AVP,PA,AEA,EN,Combined TRACON& Tower with Radar,16,7,1,0,24,0,1,2,0,3,16,8,3,0,27,20,4,24,51
12/12/2021,AVP,PA,AEA,EN,Combined TRACON& Tower with Radar,12,8,15,0,35,0,7,30,0,37,12,15,45,0,72,45,0,45,117
12/13/2021,AVP,PA,AEA,EN,Combined TRACON& Tower with Radar,10,17,25,0,52,0,19,26,0,45,10,36,51,0,97,144,0,144,241
12/14/2021,AVP,PA,AEA,EN,Combined TRACON& Tower with Radar,10,16,20,0,46,0,16,39,2,57,10,32,59,2,103,164,0,164,267
12/15/2021,AVP,PA,AEA,EN,Combined TRACON& Tower with Radar,12,12,18,0,42,0,19,24,0,43,12,31,42,0,85,172,0,172,257
12/16/2021,AVP,PA,AEA,EN,Combined TRACON& Tower with Radar,12,15,21,0,48,0,15,24,2,41,12,30,45,2,89,148,0,148,237
12/17/2021,AVP,PA,AEA,EN,Combined TRACON& Tower with Radar,13,20,25,0,58,0,6,35,0,41,13,26,60,0,99,78,0,78,177
12/18/2021,AVP,PA,AEA,EN,Combined TRACON& Tower with Radar,11,9,7,0,27,0,1,0,0,1,11,10,7,0,28,0,0,0,28
12/19/2021,AVP,PA,AEA,EN,Combined TRACON& Tower with Radar,12,10,4,0,26,0,2,0,0,2,12,12,4,0,28,0,0,0,28
12/20/2021,AVP,PA,AEA,EN,Combined TRACON& Tower with Radar,12,7,20,0,39,0,14,65,2,81,12,21,85,2,120,160,0,160,280
12/21/2021,AVP,PA,AEA,EN,Combined TRACON& Tower with Radar,12,19,20,2,53,0,16,60,0,76,12,35,80,2,129,176,0,176,305
12/22/2021,AVP,PA,AEA,EN,Combined TRACON& Tower with Radar,14,14,10,0,38,0,11,15,0,26,14,25,25,0,64,60,0,60,124
12/23/2021,AVP,PA,AEA,EN,Combined TRACON& Tower with Radar,12,15,15,1,43,0,16,41,0,57,12,31,56,1,100,213,0,213,313
12/24/2021,AVP,PA,AEA,EN,Combined TRACON& Tower with Radar,10,12,2,0,24,0,9,13,0,22,10,21,15,0,46,14,0,14,60
12/25/2021,AVP,PA,AEA,EN,Combined TRACON& Tower with Radar,12,8,3,0,23,0,1,0,0,1,12,9,3,0,24,0,0,0,24
12/26/2021,AVP,PA,AEA,EN,Combined TRACON& Tower with Radar,14,6,6,0,26,0,8,13,0,21,14,14,19,0,47,80,0,80,127
12/27/2021,AVP,PA,AEA,EN,Combined TRACON& Tower with Radar,12,13,3,4,32,0,13,14,0,27,12,26,17,4,59,96,20,116,175
12/28/2021,AVP,PA,AEA,EN,Combined TRACON& Tower with Radar,12,11,17,1,41,0,12,30,2,44,12,23,47,3,85,136,0,136,221
12/29/2021,AVP,PA,AEA,EN,Combined TRACON& Tower with Radar,12,12,8,0,32,0,14,19,0,33,12,26,27,0,65,148,0,148,213
12/30/2021,AVP,PA,AEA,EN,Combined TRACON& Tower with Radar,16,10,5,0,31,0,0,0,0,0,16,10,5,0,31,0,0,0,31
12/31/2021,AVP,PA,AEA,EN,Combined TRACON& Tower with Radar,8,10,8,0,26,0,2,0,0,2,8,12,8,0,28,0,0,0,28
01/01/2022,AVP,PA,AEA,EN,Combined TRACON& Tower with Radar,11,10,0,0,21,0,0,0,0,0,11,10,0,0,21,0,0,0,21
01/02/2022,AVP,PA,AEA,EN,Combined TRACON& Tower with Radar,12,10,3,0,25,0,3,3,0,6,12,13,6,0,31,58,0,58,89
01/03/2022,AVP,PA,AEA,EN,Combined TRACON& Tower with Radar,11,9,4,6,30,0,12,17,4,33,11,21,21,10,63,98,0,98,161
01/04/2022,AVP,PA,AEA,EN,Combined TRACON& Tower with Radar,7,13,13,1,34,0,4,36,0,40,7,17,49,1,74,136,0,136,210
01/05/2022,AVP,PA,AEA,EN,Combined TRACON& Tower with Radar,6,15,14,0,35,0,3,7,0,10,6,18,21,0,45,0,0,0,45
01/06/2022,AVP,PA,AEA,EN,Combined TRACON& Tower with Radar,6,15,15,1,37,0,5,12,1,18,6,20,27,2,55,24,0,24,79
01/07/2022,AVP,PA,AEA,EN,Combined TRACON& Tower with Radar,6,12,6,0,24,0,4,0,0,4,6,16,6,0,28,0,0,0,28
01/08/2022,AVP,PA,AEA,EN,Combined TRACON& Tower with Radar,4,11,25,0,40,0,4,27,0,31,4,15,52,0,71,24,0,24,95
01/09/2022,AVP,PA,AEA,EN,Combined TRACON& Tower with Radar,6,10,1,0,17,0,2,0,0,2,6,12,1,0,19,0,0,0,19
01/10/2022,AVP,PA,AEA,EN,Combined TRACON& Tower with Radar,6,14,10,0,30,0,5,8,1,14,6,19,18,1,44,0,0,0,44
01/11/2022,AVP,PA,AEA,EN,Combined TRACON& Tower with Radar,6,15,18,0,39,0,4,20,0,24,6,19,38,0,63,0,0,0,63
01/12/2022,AVP,PA,AEA,EN,Combined TRACON& Tower with Radar,6,15,15,0,36,0,15,37,0,52,6,30,52,0,88,168,0,168,256
01/13/2022,AVP,PA,AEA,EN,Combined TRACON& Tower with Radar,6,15,10,0,31,0,8,20,0,28,6,23,30,0,59,0,0,0,59
01/14/2022,AVP,PA,AEA,EN,Combined TRACON& Tower with Radar,6,12,8,0,26,0,22,17,0,39,6,34,25,0,65,132,0,132,197
01/15/2022,AVP,PA,AEA,EN,Combined TRACON& Tower with Radar,4,10,16,0,30,0,8,20,0,28,4,18,36,0,58,86,0,86,144
01/16/2022,AVP,PA,AEA,EN,Combined TRACON& Tower with Radar,0,5,0,0,5,0,2,8,0,10,0,7,8,0,15,0,0,0,15
01/17/2022,AVP,PA,AEA,EN,Combined TRACON& Tower with Radar,2,5,3,0,10,0,2,0,0,2,2,7,3,0,12,0,0,0,12
01/18/2022,AVP,PA,AEA,EN,Combined TRACON& Tower with Radar,6,16,9,1,32,0,14,16,3,33,6,30,25,4,65,76,0,76,141
01/19/2022,AVP,PA,AEA,EN,Combined TRACON& Tower with Radar,6,13,12,0,31,0,15,30,1,46,6,28,42,1,77,98,0,98,175
01/20/2022,AVP,PA,AEA,EN,Combined TRACON& Tower with Radar,6,22,4,0,32,0,12,11,0,23,6,34,15,0,55,92,0,92,147
01/21/2022,AVP,PA,AEA,EN,Combined TRACON& Tower with Radar,6,17,12,0,35,0,23,35,1,59,6,40,47,1,94,134,0,134,228
01/22/2022,AVP,PA,AEA,EN,Combined TRACON& Tower with Radar,2,9,18,0,29,0,9,33,0,42,2,18,51,0,71,20,0,20,91
01/23/2022,AVP,PA,AEA,EN,Combined TRACON& Tower with Radar,6,8,9,0,23,0,11,19,0,30,6,19,28,0,53,160,0,160,213
01/24/2022,AVP,PA,AEA,EN,Combined TRACON& Tower with Radar,6,14,6,0,26,0,15,23,0,38,6,29,29,0,64,90,0,90,154
01/25/2022,AVP,PA,AEA,EN,Combined TRACON& Tower with Radar,6,13,10,0,29,0,12,15,0,27,6,25,25,0,56,112,0,112,168
01/26/2022,AVP,PA,AEA,EN,Combined TRACON& Tower with Radar,6,13,16,3,38,0,17,19,2,38,6,30,35,5,76,108,0,108,184
01/27/2022,AVP,PA,AEA,EN,Combined TRACON& Tower with Radar,6,14,8,0,28,0,18,41,0,59,6,32,49,0,87,117,0,117,204
01/28/2022,AVP,PA,AEA,EN,Combined TRACON& Tower with Radar,6,14,4,1,25,0,6,8,0,14,6,20,12,1,39,70,0,70,109
01/29/2022,AVP,PA,AEA,EN,Combined TRACON& Tower with Radar,4,12,2,0,18,0,0,4,0,4,4,12,6,0,22,40,0,40,62
01/30/2022,AVP,PA,AEA,EN,Combined TRACON& Tower with Radar,6,16,7,0,29,0,12,13,1,26,6,28,20,1,55,82,0,82,137
01/31/2022,AVP,PA,AEA,EN,Combined TRACON& Tower with Radar,6,21,10,0,37,0,12,24,0,36,6,33,34,0,73,86,0,86,159
02/01/2022,AVP,PA,AEA,EN,Combined TRACON& Tower with Radar,6,14,21,2,43,0,24,29,0,53,6,38,50,2,96,178,0,178,274
02/02/2022,AVP,PA,AEA,EN,Combined TRACON& Tower with Radar,6,10,13,0,29,0,0,1,0,1,6,10,14,0,30,0,0,0,30
02/03/2022,AVP,PA,AEA,EN,Combined TRACON& Tower with Radar,4,9,0,0,13,0,0,0,0,0,4,9,0,0,13,0,0,0,13
02/04/2022,AVP,PA,AEA,EN,Combined TRACON& Tower with Radar,0,7,1,0,8,0,0,0,0,0,0,7,1,0,8,0,0,0,8
02/05/2022,AVP,PA,AEA,EN,Combined TRACON& Tower with Radar,3,10,4,0,17,0,2,6,0,8,3,12,10,0,25,30,0,30,55
02/06/2022,AVP,PA,AEA,EN,Combined TRACON& Tower with Radar,4,13,10,0,27,0,8,31,0,39,4,21,41,0,66,60,0,60,126
02/07/2022,AVP,PA,AEA,EN,Combined TRACON& Tower with Radar,5,13,2,0,20,0,1,2,0,3,5,14,4,0,23,0,0,0,23
02/08/2022,AVP,PA,AEA,EN,Combined TRACON& Tower with Radar,6,11,4,0,21,0,2,4,0,6,6,13,8,0,27,0,0,0,27
02/09/2022,AVP,PA,AEA,EN,Combined TRACON& Tower with Radar,6,20,22,0,48,0,11,76,2,89,6,31,98,2,137,186,0,186,323
02/10/2022,AVP,PA,AEA,EN,Combined TRACON& Tower with Radar,6,12,11,2,31,0,4,20,1,25,6,16,31,3,56,0,0,0,56
02/11/2022,AVP,PA,AEA,EN,Combined TRACON& Tower with Radar,6,14,15,0,35,0,8,24,0,32,6,22,39,0,67,0,0,0,67
02/12/2022,AVP,PA,AEA,EN,Combined TRACON& Tower with Radar,4,10,4,0,18,0,14,21,0,35,4,24,25,0,53,154,0,154,207
02/13/2022,AVP,PA,AEA,EN,Combined TRACON& Tower with Radar,6,7,2,0,15,0,0,1,0,1,6,7,3,0,16,0,0,0,16
02/14/2022,AVP,PA,AEA,EN,Combined TRACON& Tower with Radar,6,10,13,3,32,0,13,15,3,31,6,23,28,6,63,122,0,122,185
02/15/2022,AVP,PA,AEA,EN,Combined TRACON& Tower with Radar,6,12,23,6,47,0,8,36,0,44,6,20,59,6,91,100,2,102,193
02/16/2022,AVP,PA,AEA,EN,Combined TRACON& Tower with Radar,6,14,9,2,31,0,4,13,0,17,6,18,22,2,48,0,0,0,48
02/17/2022,AVP,PA,AEA,EN,Combined TRACON& Tower with Radar,6,13,13,0,32,0,4,2,0,6,6,17,15,0,38,0,0,0,38
02/18/2022,AVP,PA,AEA,EN,Combined TRACON& Tower with Radar,6,15,7,0,28,0,4,3,0,7,6,19,10,0,35,0,0,0,35
02/19/2022,AVP,PA,AEA,EN,Combined TRACON& Tower with Radar,8,11,4,0,23,0,0,3,0,3,8,11,7,0,26,0,0,0,26
02/20/2022,AVP,PA,AEA,EN,Combined TRACON& Tower with Radar,6,13,14,0,33,0,0,25,0,25,6,13,39,0,58,0,0,0,58
02/21/2022,AVP,PA,AEA,EN,Combined TRACON& Tower with Radar,6,17,19,0,42,0,15,40,0,55,6,32,59,0,97,142,0,142,239
02/22/2022,AVP,PA,AEA,EN,Combined TRACON& Tower with Radar,6,20,18,0,44,0,10,14,0,24,6,30,32,0,68,114,0,114,182
02/23/2022,AVP,PA,AEA,EN,Combined TRACON& Tower with Radar,6,18,8,0,32,0,16,15,0,31,6,34,23,0,63,96,0,96,159
02/24/2022,AVP,PA,AEA,EN,Combined TRACON& Tower with Radar,5,16,13,1,35,0,18,25,3,46,5,34,38,4,81,160,0,160,241
02/25/2022,AVP,PA,AEA,EN,Combined TRACON& Tower with Radar,7,11,4,0,22,0,0,4,0,4,7,11,8,0,26,40,0,40,66
02/26/2022,AVP,PA,AEA,EN,Combined TRACON& Tower with Radar,4,12,17,0,33,0,4,17,0,21,4,16,34,0,54,76,0,76,130
02/27/2022,AVP,PA,AEA,EN,Combined TRACON& Tower with Radar,6,15,5,0,26,0,0,6,0,6,6,15,11,0,32,20,0,20,52
02/28/2022,AVP,PA,AEA,EN,Combined TRACON& Tower with Radar,6,11,18,0,35,0,13,33,0,46,6,24,51,0,81,162,0,162,243
03/01/2022,AVP,PA,AEA,EN,Combined TRACON& Tower with Radar,6,13,5,0,24,0,8,25,0,33,6,21,30,0,57,88,0,88,145
03/02/2022,AVP,PA,AEA,EN,Combined TRACON& Tower with Radar,6,19,11,0,36,0,16,50,0,66,6,35,61,0,102,150,0,150,252
03/03/2022,AVP,PA,AEA,EN,Combined TRACON& Tower with Radar,7,11,11,0,29,0,7,10,0,17,7,18,21,0,46,0,0,0,46
03/04/2022,AVP,PA,AEA,EN,Combined TRACON& Tower with Radar,10,9,18,0,37,0,4,47,0,51,10,13,65,0,88,33,0,33,121
03/05/2022,AVP,PA,AEA,EN,Combined TRACON& Tower with Radar,6,6,11,0,23,0,14,28,0,42,6,20,39,0,65,164,0,164,229
03/06/2022,AVP,PA,AEA,EN,Combined TRACON& Tower with Radar,12,8,1,0,21,0,6,6,0,12,12,14,7,0,33,0,0,0,33
03/07/2022,AVP,PA,AEA,EN,Combined TRACON& Tower with Radar,13,10,7,0,30,0,9,11,0,20,13,19,18,0,50,106,0,106,156
03/08/2022,AVP,PA,AEA,EN,Combined TRACON& Tower with Radar,13,13,9,0,35,0,15,32,0,47,13,28,41,0,82,150,0,150,232
03/09/2022,AVP,PA,AEA,EN,Combined TRACON& Tower with Radar,10,10,2,0,22,0,7,0,0,7,10,17,2,0,29,36,0,36,65
03/10/2022,AVP,PA,AEA,EN,Combined TRACON& Tower with Radar,12,9,25,0,46,0,13,34,2,49,12,22,59,2,95,146,0,146,241
03/11/2022,AVP,PA,AEA,EN,Combined TRACON& Tower with Radar,12,13,9,0,34,0,21,25,0,46,12,34,34,0,80,143,0,143,223
03/12/2022,AVP,PA,AEA,EN,Combined TRACON& Tower with Radar,7,5,2,0,14,0,1,0,0,1,7,6,2,0,15,0,0,0,15
03/13/2022,AVP,PA,AEA,EN,Combined TRACON& Tower with Radar,12,7,2,0,21,0,6,2,0,8,12,13,4,0,29,0,0,0,29
03/14/2022,AVP,PA,AEA,EN,Combined TRACON& Tower with Radar,11,12,9,0,32,0,10,18,0,28,11,22,27,0,60,0,0,0,60
03/15/2022,AVP,PA,AEA,EN,Combined TRACON& Tower with Radar,10,12,22,1,45,0,10,19,0,29,10,22,41,1,74,0,0,0,74
03/16/2022,AVP,PA,AEA,EN,Combined TRACON& Tower with Radar,10,15,21,8,54,0,17,63,2,82,10,32,84,10,136,166,0,166,302
03/17/2022,AVP,PA,AEA,EN,Combined TRACON& Tower with Radar,14,12,13,1,40,0,14,23,0,37,14,26,36,1,77,104,0,104,181
03/18/2022,AVP,PA,AEA,EN,Combined TRACON& Tower with Radar,10,28,18,0,56,0,1,17,0,18,10,29,35,0,74,50,0,50,124
03/19/2022,AVP,PA,AEA,EN,Combined TRACON& Tower with Radar,8,7,2,0,17,0,4,5,0,9,8,11,7,0,26,46,0,46,72
03/20/2022,AVP,PA,AEA,EN,Combined TRACON& Tower with Radar,10,15,11,0,36,0,0,0,2,2,10,15,11,2,38,0,0,0,38
03/21/2022,AVP,PA,AEA,EN,Combined TRACON& Tower with Radar,12,8,10,0,30,0,14,31,0,45,12,22,41,0,75,176,0,176,251
03/22/2022,AVP,PA,AEA,EN,Combined TRACON& Tower with Radar,10,17,29,0,56,0,20,27,0,47,10,37,56,0,103,122,0,122,225
03/23/2022,AVP,PA,AEA,EN,Combined TRACON& Tower with Radar,10,11,14,4,39,0,4,24,4,32,10,15,38,8,71,39,1,40,111
03/24/2022,AVP,PA,AEA,EN,Combined TRACON& Tower with Radar,9,14,12,2,37,0,0,6,0,6,9,14,18,2,43,24,0,24,67
03/25/2022,AVP,PA,AEA,EN,Combined TRACON& Tower with Radar,11,10,12,0,33,0,0,7,0,7,11,10,19,0,40,0,0,0,40
03/26/2022,AVP,PA,AEA,EN,Combined TRACON& Tower with Radar,8,7,0,0,15,0,2,1,0,3,8,9,1,0,18,0,0,0,18
03/27/2022,AVP,PA,AEA,EN,Combined TRACON& Tower with Radar,7,9,3,0,19,0,2,2,0,4,7,11,5,0,23,0,0,0,23
03/28/2022,AVP,PA,AEA,EN,Combined TRACON& Tower with Radar,11,13,9,0,33,0,2,5,0,7,11,15,14,0,40,0,0,0,40
03/29/2022,AVP,PA,AEA,EN,Combined TRACON& Tower with Radar,10,15,13,0,38,0,9,16,4,29,10,24,29,4,67,68,0,68,135
03/30/2022,AVP,PA,AEA,EN,Combined TRACON& Tower with Radar,10,15,11,0,36,0,18,25,0,43,10,33,36,0,79,136,0,136,215
03/31/2022,AVP,PA,AEA,EN,Combined TRACON& Tower with Radar,12,15,13,0,40,0,2,0,0,2,12,17,13,0,42,0,0,0,42
04/01/2022,AVP,PA,AEA,EN,Combined TRACON& Tower with Radar,10,13,5,2,30,0,4,2,0,6,10,17,7,2,36,0,0,0,36
04/02/2022,AVP,PA,AEA,EN,Combined TRACON& Tower with Radar,6,8,21,0,35,0,2,21,0,23,6,10,42,0,58,0,0,0,58
04/03/2022,AVP,PA,AEA,EN,Combined TRACON& Tower with Radar,8,7,8,0,23,0,0,2,0,2,8,7,10,0,25,0,0,0,25
04/04/2022,AVP,PA,AEA,EN,Combined TRACON& Tower with Radar,10,18,14,0,42,0,22,26,1,49,10,40,40,1,91,146,0,146,237
04/05/2022,AVP,PA,AEA,EN,Combined TRACON& Tower with Radar,10,19,16,2,47,0,17,36,0,53,10,36,52,2,100,174,0,174,274
04/06/2022,AVP,PA,AEA,EN,Combined TRACON& Tower with Radar,10,19,15,5,49,0,7,10,0,17,10,26,25,5,66,134,0,134,200
04/07/2022,AVP,PA,AEA,EN,Combined TRACON& Tower with Radar,9,15,11,0,35,0,11,13,0,24,9,26,24,0,59,92,0,92,151
04/08/2022,AVP,PA,AEA,EN,Combined TRACON& Tower with Radar,9,13,9,1,32,0,7,12,1,20,9,20,21,2,52,0,0,0,52
04/09/2022,AVP,PA,AEA,EN,Combined TRACON& Tower with Radar,6,12,5,0,23,0,7,3,0,10,6,19,8,0,33,0,0,0,33
04/10/2022,AVP,PA,AEA,EN,Combined TRACON& Tower with Radar,10,10,15,0,35,0,8,3,0,11,10,18,18,0,46,0,0,0,46
04/11/2022,AVP,PA,AEA,EN,Combined TRACON& Tower with Radar,9,11,14,2,36,0,19,44,3,66,9,30,58,5,102,188,0,188,290
04/12/2022,AVP,PA,AEA,EN,Combined TRACON& Tower with Radar,10,16,20,1,47,0,5,17,3,25,10,21,37,4,72,0,0,0,72
04/13/2022,AVP,PA,AEA,EN,Combined TRACON& Tower with Radar,10,14,19,0,43,0,16,60,0,76,10,30,79,0,119,152,2,154,273
04/14/2022,AVP,PA,AEA,EN,Combined TRACON& Tower with Radar,10,12,13,4,39,0,16,24,0,40,10,28,37,4,79,184,0,184,263
04/15/2022,AVP,PA,AEA,EN,Combined TRACON& Tower with Radar,10,12,8,0,30,0,4,19,0,23,10,16,27,0,53,6,0,6,59
04/16/2022,AVP,PA,AEA,EN,Combined TRACON& Tower with Radar,8,10,16,0,34,0,1,4,0,5,8,11,20,0,39,0,0,0,39
04/17/2022,AVP,PA,AEA,EN,Combined TRACON& Tower with Radar,10,8,1,0,19,0,1,3,0,4,10,9,4,0,23,0,0,0,23
04/18/2022,AVP,PA,AEA,EN,Combined TRACON& Tower with Radar,10,14,4,0,28,0,3,5,0,8,10,17,9,0,36,0,0,0,36
04/19/2022,AVP,PA,AEA,EN,Combined TRACON& Tower with Radar,10,17,5,0,32,0,2,1,0,3,10,19,6,0,35,0,0,0,35
04/20/2022,AVP,PA,AEA,EN,Combined TRACON& Tower with Radar,10,17,25,1,53,0,17,39,1,57,10,34,64,2,110,136,0,136,246
04/21/2022,AVP,PA,AEA,EN,Combined TRACON& Tower with Radar,10,13,8,0,31,0,14,22,0,36,10,27,30,0,67,150,0,150,217
04/22/2022,AVP,PA,AEA,EN,Combined TRACON& Tower with Radar,10,14,11,1,36,0,15,25,1,41,10,29,36,2,77,0,0,0,77
04/23/2022,AVP,PA,AEA,EN,Combined TRACON& Tower with Radar,8,11,15,0,34,0,9,38,1,48,8,20,53,1,82,0,0,0,82
04/24/2022,AVP,PA,AEA,EN,Combined TRACON& Tower with Radar,8,17,9,0,34,0,10,17,0,27,8,27,26,0,61,0,0,0,61
04/25/2022,AVP,PA,AEA,EN,Combined TRACON& Tower with Radar,10,12,12,0,34,0,9,7,0,16,10,21,19,0,50,0,0,0,50
04/26/2022,AVP,PA,AEA,EN,Combined TRACON& Tower with Radar,12,22,18,0,52,0,9,6,0,15,12,31,24,0,67,80,0,80,147
04/27/2022,AVP,PA,AEA,EN,Combined TRACON& Tower with Radar,10,14,15,0,39,0,12,6,0,18,10,26,21,0,57,72,0,72,129
04/28/2022,AVP,PA,AEA,EN,Combined TRACON& Tower with Radar,9,18,10,0,37,0,15,17,0,32,9,33,27,0,69,110,0,110,179
04/29/2022,AVP,PA,AEA,EN,Combined TRACON& Tower with Radar,11,12,6,0,29,0,6,8,0,14,11,18,14,0,43,0,0,0,43
04/30/2022,AVP,PA,AEA,EN,Combined TRACON& Tower with Radar,10,13,17,0,40,0,4,49,0,53,10,17,66,0,93,0,0,0,93
05/01/2022,AVP,PA,AEA,EN,Combined TRACON& Tower with Radar,8,8,16,0,32,0,4,12,0,16,8,12,28,0,48,0,0,0,48
05/02/2022,AVP,PA,AEA,EN,Combined TRACON& Tower with Radar,9,10,10,0,29,0,4,5,0,9,9,14,15,0,38,0,0,0,38
05/03/2022,AVP,PA,AEA,EN,Combined TRACON& Tower with Radar,10,16,21,0,47,0,4,30,0,34,10,20,51,0,81,0,0,0,81
05/04/2022,AVP,PA,AEA,EN,Combined TRACON& Tower with Radar,11,15,5,0,31,0,10,19,0,29,11,25,24,0,60,94,0,94,154
05/05/2022,AVP,PA,AEA,EN,Combined TRACON& Tower with Radar,9,15,15,0,39,0,23,52,0,75,9,38,67,0,114,180,0,180,294
05/06/2022,AVP,PA,AEA,EN,Combined TRACON& Tower with Radar,10,18,16,0,44,0,2,0,0,2,10,20,16,0,46,0,0,0,46
05/07/2022,AVP,PA,AEA,EN,Combined TRACON& Tower with Radar,9,11,10,0,30,0,2,4,0,6,9,13,14,0,36,36,2,38,74
05/08/2022,AVP,PA,AEA,EN,Combined TRACON& Tower with Radar,14,8,3,0,25,0,2,19,0,21,14,10,22,0,46,0,0,0,46
05/09/2022,AVP,PA,AEA,EN,Combined TRACON& Tower with Radar,9,12,19,0,40,0,2,30,2,34,9,14,49,2,74,0,0,0,74
05/10/2022,AVP,PA,AEA,EN,Combined TRACON& Tower with Radar,9,17,20,3,49,0,16,30,4,50,9,33,50,7,99,156,0,156,255
05/11/2022,AVP,PA,AEA,EN,Combined TRACON& Tower with Radar,8,26,33,0,67,0,8,39,1,48,8,34,72,1,115,0,0,0,115
05/12/2022,AVP,PA,AEA,EN,Combined TRACON& Tower with Radar,10,22,11,0,43,0,8,21,0,29,10,30,32,0,72,0,0,0,72
05/13/2022,AVP,PA,AEA,EN,Combined TRACON& Tower with Radar,11,20,26,0,57,0,0,8,0,8,11,20,34,0,65,46,2,48,113
05/14/2022,AVP,PA,AEA,EN,Combined TRACON& Tower with Radar,11,10,8,2,31,0,11,23,0,34,11,21,31,2,65,172,0,172,237
05/15/2022,AVP,PA,AEA,EN,Combined TRACON& Tower with Radar,11,11,10,0,32,0,20,22,0,42,11,31,32,0,74,164,0,164,238
05/16/2022,AVP,PA,AEA,EN,Combined TRACON& Tower with Radar,10,11,11,0,32,0,13,16,0,29,10,24,27,0,61,124,0,124,185
05/17/2022,AVP,PA,AEA,EN,Combined TRACON& Tower with Radar,7,16,9,0,32,0,7,23,0,30,7,23,32,0,62,54,0,54,116
05/18/2022,AVP,PA,AEA,EN,Combined TRACON& Tower with Radar,9,13,18,0,40,0,15,31,2,48,9,28,49,2,88,92,0,92,180
05/19/2022,AVP,PA,AEA,EN,Combined TRACON& Tower with Radar,10,12,17,1,40,0,23,20,1,44,10,35,37,2,84,146,0,146,230
05/20/2022,AVP,PA,AEA,EN,Combined TRACON& Tower with Radar,9,15,17,0,41,0,8,27,1,36,9,23,44,1,77,128,0,128,205
05/21/2022,AVP,PA,AEA,EN,Combined TRACON& Tower with Radar,12,10,13,0,35,0,12,26,0,38,12,22,39,0,73,0,0,0,73
05/22/2022,AVP,PA,AEA,EN,Combined TRACON& Tower with Radar,10,12,9,0,31,0,4,12,0,16,10,16,21,0,47,0,0,0,47
05/23/2022,AVP,PA,AEA,EN,Combined TRACON& Tower with Radar,10,13,16,2,41,0,1,15,1,17,10,14,31,3,58,0,0,0,58
05/24/2022,AVP,PA,AEA,EN,Combined TRACON& Tower with Radar,9,14,17,0,40,0,3,16,0,19,9,17,33,0,59,0,0,0,59
05/25/2022,AVP,PA,AEA,EN,Combined TRACON& Tower with Radar,8,15,19,0,42,0,4,30,2,36,8,19,49,2,78,0,0,0,78
05/26/2022,AVP,PA,AEA,EN,Combined TRACON& Tower with Radar,10,17,24,6,57,0,5,6,0,11,10,22,30,6,68,0,0,0,68
05/27/2022,AVP,PA,AEA,EN,Combined TRACON& Tower with Radar,11,12,17,0,40,0,8,10,0,18,11,20,27,0,58,52,2,54,112
05/28/2022,AVP,PA,AEA,EN,Combined TRACON& Tower with Radar,11,10,4,0,25,0,7,0,0,7,11,17,4,0,32,0,0,0,32
05/29/2022,AVP,PA,AEA,EN,Combined TRACON& Tower with Radar,9,8,19,0,36,0,4,36,0,40,9,12,55,0,76,0,0,0,76
05/30/2022,AVP,PA,AEA,EN,Combined TRACON& Tower with Radar,11,9,12,0,32,0,12,18,0,30,11,21,30,0,62,111,0,111,173
05/31/2022,AVP,PA,AEA,EN,Combined TRACON& Tower with Radar,8,17,14,0,39,0,18,32,2,52,8,35,46,2,91,174,0,174,265
06/01/2022,AVP,PA,AEA,EN,Combined TRACON& Tower with Radar,7,21,9,0,37,0,14,23,0,37,7,35,32,0,74,174,0,174,248
06/02/2022,AVP,PA,AEA,EN,Combined TRACON& Tower with Radar,11,17,12,0,40,2,12,24,0,38,13,29,36,0,78,126,0,126,204
06/03/2022,AVP,PA,AEA,EN,Combined TRACON& Tower with Radar,13,13,14,1,41,0,16,43,1,60,13,29,57,2,101,140,0,140,241
06/04/2022,AVP,PA,AEA,EN,Combined TRACON& Tower with Radar,11,10,11,0,32,0,15,43,0,58,11,25,54,0,90,128,0,128,218
06/05/2022,AVP,PA,AEA,EN,Combined TRACON& Tower with Radar,10,15,11,2,38,0,7,18,0,25,10,22,29,2,63,88,0,88,151
06/06/2022,AVP,PA,AEA,EN,Combined TRACON& Tower with Radar,12,14,18,0,44,0,6,22,2,30,12,20,40,2,74,68,0,68,142
06/07/2022,AVP,PA,AEA,EN,Combined TRACON& Tower with Radar,13,20,10,2,45,0,9,22,0,31,13,29,32,2,76,90,0,90,166
06/08/2022,AVP,PA,AEA,EN,Combined TRACON& Tower with Radar,13,15,15,0,43,0,14,36,1,51,13,29,51,1,94,140,0,140,234
06/09/2022,AVP,PA,AEA,EN,Combined TRACON& Tower with Radar,12,14,16,2,44,0,9,5,2,16,12,23,21,4,60,0,0,0,60
06/10/2022,AVP,PA,AEA,EN,Combined TRACON& Tower with Radar,12,14,7,4,37,0,21,29,0,50,12,35,36,4,87,136,0,136,223
06/11/2022,AVP,PA,AEA,EN,Combined TRACON& Tower with Radar,10,11,14,0,35,0,7,24,2,33,10,18,38,2,68,68,2,70,138
06/12/2022,AVP,PA,AEA,EN,Combined TRACON& Tower with Radar,10,10,13,0,33,0,0,6,0,6,10,10,19,0,39,66,2,68,107
06/13/2022,AVP,PA,AEA,EN,Combined TRACON& Tower with Radar,12,14,10,2,38,0,14,22,1,37,12,28,32,3,75,56,0,56,131
06/14/2022,AVP,PA,AEA,EN,Combined TRACON& Tower with Radar,14,19,12,2,47,0,9,37,0,46,14,28,49,2,93,88,0,88,181
06/15/2022,AVP,PA,AEA,EN,Combined TRACON& Tower with Radar,12,13,14,0,39,0,7,22,0,29,12,20,36,0,68,0,0,0,68
06/16/2022,AVP,PA,AEA,EN,Combined TRACON& Tower with Radar,7,13,19,0,39,0,3,0,0,3,7,16,19,0,42,0,0,0,42
06/17/2022,AVP,PA,AEA,EN,Combined TRACON& Tower with Radar,7,20,14,0,41,0,6,22,0,28,7,26,36,0,69,0,0,0,69
06/18/2022,AVP,PA,AEA,EN,Combined TRACON& Tower with Radar,9,10,7,0,26,0,13,11,0,24,9,23,18,0,50,112,0,112,162
06/19/2022,AVP,PA,AEA,EN,Combined TRACON& Tower with Radar,11,19,4,0,34,0,8,14,0,22,11,27,18,0,56,104,2,106,162
06/20/2022,AVP,PA,AEA,EN,Combined TRACON& Tower with Radar,12,14,12,0,38,0,8,34,0,42,12,22,46,0,80,51,0,51,131
06/21/2022,AVP,PA,AEA,EN,Combined TRACON& Tower with Radar,11,11,16,0,38,0,15,20,0,35,11,26,36,0,73,87,0,87,160
06/22/2022,AVP,PA,AEA,EN,Combined TRACON& Tower with Radar,10,8,23,0,41,0,5,11,0,16,10,13,34,0,57,60,0,60,117
06/23/2022,AVP,PA,AEA,EN,Combined TRACON& Tower with Radar,11,18,34,0,63,0,7,43,0,50,11,25,77,0,113,93,0,93,206
06/24/2022,AVP,PA,AEA,EN,Combined TRACON& Tower with Radar,12,12,6,0,30,0,9,23,0,32,12,21,29,0,62,80,0,80,142
06/25/2022,AVP,PA,AEA,EN,Combined TRACON& Tower with Radar,13,14,12,2,41,0,10,27,0,37,13,24,39,2,78,113,0,113,191
06/26/2022,AVP,PA,AEA,EN,Combined TRACON& Tower with Radar,15,13,16,2,46,0,9,19,0,28,15,22,35,2,74,120,0,120,194
06/27/2022,AVP,PA,AEA,EN,Combined TRACON& Tower with Radar,11,17,29,0,57,0,17,36,0,53,11,34,65,0,110,139,0,139,249
06/28/2022,AVP,PA,AEA,EN,Combined TRACON& Tower with Radar,13,12,13,0,38,0,16,63,0,79,13,28,76,0,117,138,0,138,255
06/29/2022,AVP,PA,AEA,EN,Combined TRACON& Tower with Radar,12,14,25,0,51,0,13,35,0,48,12,27,60,0,99,178,0,178,277
06/30/2022,AVP,PA,AEA,EN,Combined TRACON& Tower with Radar,12,15,14,0,41,0,18,37,0,55,12,33,51,0,96,174,0,174,270
07/01/2022,AVP,PA,AEA,EN,Combined TRACON& Tower with Radar,9,12,13,0,34,0,17,76,0,93,9,29,89,0,127,296,0,296,423
07/02/2022,AVP,PA,AEA,EN,Combined TRACON& Tower with Radar,11,11,6,0,28,0,9,22,0,31,11,20,28,0,59,64,0,64,123
07/03/2022,AVP,PA,AEA,EN,Combined TRACON& Tower with Radar,8,9,4,0,21,0,7,23,1,31,8,16,27,1,52,62,0,62,114
07/04/2022,AVP,PA,AEA,EN,Combined TRACON& Tower with Radar,10,9,6,0,25,0,11,25,0,36,10,20,31,0,61,129,0,129,190
07/05/2022,AVP,PA,AEA,EN,Combined TRACON& Tower with Radar,7,14,5,0,26,0,18,35,0,53,7,32,40,0,79,88,0,88,167
07/06/2022,AVP,PA,AEA,EN,Combined TRACON& Tower with Radar,7,16,15,4,42,0,14,38,0,52,7,30,53,4,94,140,0,140,234
07/07/2022,AVP,PA,AEA,EN,Combined TRACON& Tower with Radar,9,13,29,0,51,0,21,37,0,58,9,34,66,0,109,144,0,144,253
07/08/2022,AVP,PA,AEA,EN,Combined TRACON& Tower with Radar,11,17,13,0,41,0,10,11,0,21,11,27,24,0,62,68,0,68,130
07/09/2022,AVP,PA,AEA,EN,Combined TRACON& Tower with Radar,8,13,14,0,35,0,14,39,0,53,8,27,53,0,88,108,0,108,196
07/10/2022,AVP,PA,AEA,EN,Combined TRACON& Tower with Radar,9,14,16,4,43,0,18,60,0,78,9,32,76,4,121,170,0,170,291
07/11/2022,AVP,PA,AEA,EN,Combined TRACON& Tower with Radar,11,10,8,2,31,0,15,42,2,59,11,25,50,4,90,205,0,205,295
07/12/2022,AVP,PA,AEA,EN,Combined TRACON& Tower with Radar,8,16,9,6,39,0,16,11,0,27,8,32,20,6,66,118,0,118,184
07/13/2022,AVP,PA,AEA,EN,Combined TRACON& Tower with Radar,8,17,12,2,39,0,28,48,0,76,8,45,60,2,115,156,0,156,271
07/14/2022,AVP,PA,AEA,EN,Combined TRACON& Tower with Radar,10,14,6,2,32,0,12,46,0,58,10,26,52,2,90,130,0,130,220
07/15/2022,AVP,PA,AEA,EN,Combined TRACON& Tower with Radar,10,17,12,0,39,0,8,27,0,35,10,25,39,0,74,102,0,102,176
07/16/2022,AVP,PA,AEA,EN,Combined TRACON& Tower with Radar,7,10,20,0,37,0,3,22,0,25,7,13,42,0,62,116,0,116,178
07/17/2022,AVP,PA,AEA,EN,Combined TRACON& Tower with Radar,11,8,16,1,36,0,5,17,0,22,11,13,33,1,58,184,0,184,242
07/18/2022,AVP,PA,AEA,EN,Combined TRACON& Tower with Radar,18,13,16,0,47,0,5,8,0,13,18,18,24,0,60,114,0,114,174
07/19/2022,AVP,PA,AEA,EN,Combined TRACON& Tower with Radar,8,13,25,4,50,0,17,37,1,55,8,30,62,5,105,146,0,146,251
07/20/2022,AVP,PA,AEA,EN,Combined TRACON& Tower with Radar,8,14,16,2,40,0,13,47,0,60,8,27,63,2,100,163,0,163,263
07/21/2022,AVP,PA,AEA,EN,Combined TRACON& Tower with Radar,12,17,29,2,60,0,7,20,0,27,12,24,49,2,87,61,0,61,148
07/22/2022,AVP,PA,AEA,EN,Combined TRACON& Tower with Radar,10,20,31,2,63,0,6,29,1,36,10,26,60,3,99,110,0,110,209
07/23/2022,AVP,PA,AEA,EN,Combined TRACON& Tower with Radar,8,15,21,0,44,0,2,15,0,17,8,17,36,0,61,0,0,0,61
07/24/2022,AVP,PA,AEA,EN,Combined TRACON& Tower with Radar,14,12,31,0,57,0,8,12,0,20,14,20,43,0,77,204,0,204,281
07/25/2022,AVP,PA,AEA,EN,Combined TRACON& Tower with Radar,10,17,12,1,40,0,13,7,0,20,10,30,19,1,60,122,0,122,182
07/26/2022,AVP,PA,AEA,EN,Combined TRACON& Tower with Radar,8,14,22,2,46,0,15,41,0,56,8,29,63,2,102,119,0,119,221
07/27/2022,AVP,PA,AEA,EN,Combined TRACON& Tower with Radar,8,15,15,0,38,0,21,29,0,50,8,36,44,0,88,116,0,116,204
07/28/2022,AVP,PA,AEA,EN,Combined TRACON& Tower with Radar,10,18,12,0,40,0,6,5,0,11,10,24,17,0,51,102,0,102,153
07/29/2022,AVP,PA,AEA,EN,Combined TRACON& Tower with Radar,9,19,9,0,37,0,12,27,1,40,9,31,36,1,77,100,2,102,179
07/30/2022,AVP,PA,AEA,EN,Combined TRACON& Tower with Radar,9,10,13,0,32,0,7,39,0,46,9,17,52,0,78,73,0,73,151
07/31/2022,AVP,PA,AEA,EN,Combined TRACON& Tower with Radar,8,9,14,0,31,0,10,34,0,44,8,19,48,0,75,96,0,96,171
08/01/2022,AVP,PA,AEA,EN,Combined TRACON& Tower with Radar,10,13,15,0,38,0,8,25,0,33,10,21,40,0,71,113,0,113,184
08/02/2022,AVP,PA,AEA,EN,Combined TRACON& Tower with Radar,7,15,12,5,39,0,25,17,0,42,7,40,29,5,81,156,0,156,237
08/03/2022,AVP,PA,AEA,EN,Combined TRACON& Tower with Radar,9,7,16,0,32,0,17,28,0,45,9,24,44,0,77,222,0,222,299
08/04/2022,AVP,PA,AEA,EN,Combined TRACON& Tower with Radar,8,17,8,4,37,0,21,31,0,52,8,38,39,4,89,153,0,153,242
08/05/2022,AVP,PA,AEA,EN,Combined TRACON& Tower with Radar,5,17,10,0,32,0,6,20,0,26,5,23,30,0,58,102,4,106,164
08/06/2022,AVP,PA,AEA,EN,Combined TRACON& Tower with Radar,6,10,11,0,27,0,9,28,0,37,6,19,39,0,64,110,0,110,174
08/07/2022,AVP,PA,AEA,EN,Combined TRACON& Tower with Radar,10,6,13,0,29,0,7,6,0,13,10,13,19,0,42,92,0,92,134
08/08/2022,AVP,PA,AEA,EN,Combined TRACON& Tower with Radar,11,10,7,0,28,0,13,25,1,39,11,23,32,1,67,172,0,172,239
08/09/2022,AVP,PA,AEA,EN,Combined TRACON& Tower with Radar,10,13,21,0,44,0,14,33,0,47,10,27,54,0,91,190,0,190,281
08/10/2022,AVP,PA,AEA,EN,Combined TRACON& Tower with Radar,8,12,17,0,37,0,0,29,0,29,8,12,46,0,66,72,0,72,138
08/11/2022,AVP,PA,AEA,EN,Combined TRACON& Tower with Radar,10,13,19,0,42,0,12,37,2,51,10,25,56,2,93,54,0,54,147
08/12/2022,AVP,PA,AEA,EN,Combined TRACON& Tower with Radar,9,14,16,0,39,0,9,44,0,53,9,23,60,0,92,145,0,145,237
08/13/2022,AVP,PA,AEA,EN,Combined TRACON& Tower with Radar,11,10,8,0,29,0,12,29,0,41,11,22,37,0,70,170,0,170,240
08/14/2022,AVP,PA,AEA,EN,Combined TRACON& Tower with Radar,10,12,15,0,37,0,8,34,0,42,10,20,49,0,79,0,0,0,79
08/15/2022,AVP,PA,AEA,EN,Combined TRACON& Tower with Radar,9,10,8,1,28,0,10,16,1,27,9,20,24,2,55,184,0,184,239
08/16/2022,AVP,PA,AEA,EN,Combined TRACON& Tower with Radar,11,20,3,0,34,0,18,28,0,46,11,38,31,0,80,233,0,233,313
08/17/2022,AVP,PA,AEA,EN,Combined TRACON& Tower with Radar,10,15,15,0,40,0,15,31,1,47,10,30,46,1,87,57,0,57,144
08/18/2022,AVP,PA,AEA,EN,Combined TRACON& Tower with Radar,9,18,9,4,40,0,8,26,2,36,9,26,35,6,76,179,0,179,255
08/19/2022,AVP,PA,AEA,EN,Combined TRACON& Tower with Radar,10,16,9,0,35,0,14,34,0,48,10,30,43,0,83,82,0,82,165
08/20/2022,AVP,PA,AEA,EN,Combined TRACON& Tower with Radar,10,19,5,0,34,0,11,27,0,38,10,30,32,0,72,74,0,74,146
08/21/2022,AVP,PA,AEA,EN,Combined TRACON& Tower with Radar,11,15,17,0,43,0,11,14,0,25,11,26,31,0,68,160,0,160,228
08/22/2022,AVP,PA,AEA,EN,Combined TRACON& Tower with Radar,10,14,13,4,41,0,16,10,0,26,10,30,23,4,67,62,0,62,129
08/23/2022,AVP,PA,AEA,EN,Combined TRACON& Tower with Radar,8,15,14,0,37,0,6,14,0,20,8,21,28,0,57,149,0,149,206
08/24/2022,AVP,PA,AEA,EN,Combined TRACON& Tower with Radar,11,13,23,2,49,0,6,27,0,33,11,19,50,2,82,0,0,0,82
08/25/2022,AVP,PA,AEA,EN,Combined TRACON& Tower with Radar,10,13,15,1,39,0,11,19,1,31,10,24,34,2,70,0,0,0,70
08/26/2022,AVP,PA,AEA,EN,Combined TRACON& Tower with Radar,11,15,13,0,39,0,4,4,0,8,11,19,17,0,47,0,0,0,47
08/27/2022,AVP,PA,AEA,EN,Combined TRACON& Tower with Radar,10,9,9,12,40,0,9,26,1,36,10,18,35,13,76,0,0,0,76
08/28/2022,AVP,PA,AEA,EN,Combined TRACON& Tower with Radar,10,11,20,0,41,0,28,13,0,41,10,39,33,0,82,76,0,76,158
08/29/2022,AVP,PA,AEA,EN,Combined TRACON& Tower with Radar,10,10,10,2,32,0,18,18,0,36,10,28,28,2,68,78,0,78,146
08/30/2022,AVP,PA,AEA,EN,Combined TRACON& Tower with Radar,10,15,5,2,32,0,0,9,0,9,10,15,14,2,41,0,0,0,41
08/31/2022,AVP,PA,AEA,EN,Combined TRACON& Tower with Radar,11,21,13,5,50,0,9,15,1,25,11,30,28,6,75,0,0,0,75
09/01/2022,AVP,PA,AEA,EN,Combined TRACON& Tower with Radar,7,20,16,0,43,0,7,20,0,27,7,27,36,0,70,0,0,0,70
09/02/2022,AVP,PA,AEA,EN,Combined TRACON& Tower with Radar,9,14,18,0,41,0,5,21,0,26,9,19,39,0,67,0,0,0,67
09/03/2022,AVP,PA,AEA,EN,Combined TRACON& Tower with Radar,8,13,9,0,30,0,18,16,0,34,8,31,25,0,64,36,0,36,100
09/04/2022,AVP,PA,AEA,EN,Combined TRACON& Tower with Radar,7,8,6,0,21,0,4,9,0,13,7,12,15,0,34,0,0,0,34
09/05/2022,AVP,PA,AEA,EN,Combined TRACON& Tower with Radar,11,10,8,0,29,0,1,0,0,1,11,11,8,0,30,0,0,0,30
09/06/2022,AVP,PA,AEA,EN,Combined TRACON& Tower with Radar,9,19,12,0,40,0,5,0,0,5,9,24,12,0,45,0,0,0,45
09/07/2022,AVP,PA,AEA,EN,Combined TRACON& Tower with Radar,9,15,14,0,38,0,8,4,0,12,9,23,18,0,50,46,0,46,96
09/08/2022,AVP,PA,AEA,EN,Combined TRACON& Tower with Radar,10,13,13,0,36,0,7,36,1,44,10,20,49,1,80,120,0,120,200
09/09/2022,AVP,PA,AEA,EN,Combined TRACON& Tower with Radar,9,15,11,0,35,0,9,55,2,66,9,24,66,2,101,118,0,118,219
09/10/2022,AVP,PA,AEA,EN,Combined TRACON& Tower with Radar,9,12,20,6,47,0,9,45,0,54,9,21,65,6,101,32,2,34,135
09/11/2022,AVP,PA,AEA,EN,Combined TRACON& Tower with Radar,7,9,10,0,26,0,6,7,0,13,7,15,17,0,39,52,0,52,91
09/12/2022,AVP,PA,AEA,EN,Combined TRACON& Tower with Radar,10,13,10,1,34,0,2,0,0,2,10,15,10,1,36,0,0,0,36
09/13/2022,AVP,PA,AEA,EN,Combined TRACON& Tower with Radar,9,13,20,0,42,0,2,7,0,9,9,15,27,0,51,0,0,0,51
09/14/2022,AVP,PA,AEA,EN,Combined TRACON& Tower with Radar,8,14,26,0,48,0,6,38,0,44,8,20,64,0,92,0,0,0,92
09/15/2022,AVP,PA,AEA,EN,Combined TRACON& Tower with Radar,10,18,25,2,55,0,6,30,0,36,10,24,55,2,91,0,0,0,91
09/16/2022,AVP,PA,AEA,EN,Combined TRACON& Tower with Radar,7,15,14,0,36,0,10,33,0,43,7,25,47,0,79,0,0,0,79
09/17/2022,AVP,PA,AEA,EN,Combined TRACON& Tower with Radar,4,13,13,0,30,0,7,23,0,30,4,20,36,0,60,0,0,0,60
09/18/2022,AVP,PA,AEA,EN,Combined TRACON& Tower with Radar,9,14,14,0,37,0,5,36,0,41,9,19,50,0,78,0,0,0,78
09/19/2022,AVP,PA,AEA,EN,Combined TRACON& Tower with Radar,6,17,10,1,34,0,5,8,1,14,6,22,18,2,48,0,0,0,48
09/20/2022,AVP,PA,AEA,EN,Combined TRACON& Tower with Radar,8,14,16,2,40,0,6,24,0,30,8,20,40,2,70,0,0,0,70
09/21/2022,AVP,PA,AEA,EN,Combined TRACON& Tower with Radar,6,14,13,5,38,0,10,12,1,23,6,24,25,6,61,0,0,0,61
09/22/2022,AVP,PA,AEA,EN,Combined TRACON& Tower with Radar,7,16,18,1,42,0,4,2,0,6,7,20,20,1,48,0,0,0,48
09/23/2022,AVP,PA,AEA,EN,Combined TRACON& Tower with Radar,9,20,8,0,37,0,8,12,2,22,9,28,20,2,59,0,0,0,59
09/24/2022,AVP,PA,AEA,EN,Combined TRACON& Tower with Radar,8,10,13,0,31,0,8,35,1,44,8,18,48,1,75,0,0,0,75
09/25/2022,AVP,PA,AEA,EN,Combined TRACON& Tower with Radar,8,12,5,0,25,0,12,7,0,19,8,24,12,0,44,0,0,0,44
09/26/2022,AVP,PA,AEA,EN,Combined TRACON& Tower with Radar,11,11,19,8,49,0,4,8,2,14,11,15,27,10,63,0,0,0,63
09/27/2022,AVP,PA,AEA,EN,Combined TRACON& Tower with Radar,9,18,14,0,41,0,6,8,0,14,9,24,22,0,55,42,0,42,97
09/28/2022,AVP,PA,AEA,EN,Combined TRACON& Tower with Radar,8,26,16,0,50,0,10,13,0,23,8,36,29,0,73,46,0,46,119
09/29/2022,AVP,PA,AEA,EN,Combined TRACON& Tower with Radar,9,12,9,0,30,0,6,20,0,26,9,18,29,0,56,28,0,28,84
09/30/2022,AVP,PA,AEA,EN,Combined TRACON& Tower with Radar,10,14,15,0,39,0,21,33,0,54,10,35,48,0,93,22,0,22,115
10/01/2022,AVP,PA,AEA,EN,Combined TRACON& Tower with Radar,9,9,1,0,19,0,9,2,0,11,9,18,3,0,30,22,0,22,52
10/02/2022,AVP,PA,AEA,EN,Combined TRACON& Tower with Radar,9,7,7,0,23,0,8,8,0,16,9,15,15,0,39,54,0,54,93
10/03/2022,AVP,PA,AEA,EN,Combined TRACON& Tower with Radar,10,9,18,0,37,0,12,18,0,30,10,21,36,0,67,0,0,0,67
10/04/2022,AVP,PA,AEA,EN,Combined TRACON& Tower with Radar,9,10,8,0,27,0,2,0,0,2,9,12,8,0,29,0,0,0,29
10/05/2022,AVP,PA,AEA,EN,Combined TRACON& Tower with Radar,8,12,19,0,39,0,4,0,0,4,8,16,19,0,43,0,0,0,43
10/06/2022,AVP,PA,AEA,EN,Combined TRACON& Tower with Radar,10,11,35,2,58,0,6,28,1,35,10,17,63,3,93,19,0,19,112
10/07/2022,AVP,PA,AEA,EN,Combined TRACON& Tower with Radar,10,12,21,0,43,0,2,28,0,30,10,14,49,0,73,76,0,76,149
10/08/2022,AVP,PA,AEA,EN,Combined TRACON& Tower with Radar,10,9,4,0,23,0,2,12,0,14,10,11,16,0,37,0,0,0,37
10/09/2022,AVP,PA,AEA,EN,Combined TRACON& Tower with Radar,11,9,10,0,30,0,4,16,0,20,11,13,26,0,50,0,0,0,50
10/10/2022,AVP,PA,AEA,EN,Combined TRACON& Tower with Radar,13,12,17,0,42,0,3,21,0,24,13,15,38,0,66,44,0,44,110
10/11/2022,AVP,PA,AEA,EN,Combined TRACON& Tower with Radar,8,11,21,1,41,0,12,55,0,67,8,23,76,1,108,68,0,68,176
10/12/2022,AVP,PA,AEA,EN,Combined TRACON& Tower with Radar,8,17,12,0,37,0,11,28,0,39,8,28,40,0,76,84,0,84,160
10/13/2022,AVP,PA,AEA,EN,Combined TRACON& Tower with Radar,10,14,5,0,29,0,3,0,0,3,10,17,5,0,32,0,0,0,32
10/14/2022,AVP,PA,AEA,EN,Combined TRACON& Tower with Radar,10,10,19,0,39,0,9,22,0,31,10,19,41,0,70,58,0,58,128
10/15/2022,AVP,PA,AEA,EN,Combined TRACON& Tower with Radar,12,14,8,0,34,0,3,18,0,21,12,17,26,0,55,16,0,16,71
10/16/2022,AVP,PA,AEA,EN,Combined TRACON& Tower with Radar,11,7,17,0,35,0,1,25,0,26,11,8,42,0,61,40,0,40,101
10/17/2022,AVP,PA,AEA,EN,Combined TRACON& Tower with Radar,10,9,23,0,42,0,8,5,0,13,10,17,28,0,55,26,0,26,81
10/18/2022,AVP,PA,AEA,EN,Combined TRACON& Tower with Radar,9,14,20,0,43,0,5,19,0,24,9,19,39,0,67,15,0,15,82
10/19/2022,AVP,PA,AEA,EN,Combined TRACON& Tower with Radar,8,15,15,0,38,0,8,9,0,17,8,23,24,0,55,16,0,16,71
10/20/2022,AVP,PA,AEA,EN,Combined TRACON& Tower with Radar,10,13,17,2,42,0,6,15,0,21,10,19,32,2,63,6,0,6,69
10/21/2022,AVP,PA,AEA,EN,Combined TRACON& Tower with Radar,9,10,11,0,30,0,7,29,1,37,9,17,40,1,67,18,0,18,85
10/22/2022,AVP,PA,AEA,EN,Combined TRACON& Tower with Radar,13,12,7,0,32,0,12,14,0,26,13,24,21,0,58,36,0,36,94
10/23/2022,AVP,PA,AEA,EN,Combined TRACON& Tower with Radar,8,8,10,0,26,0,8,1,2,11,8,16,11,2,37,20,0,20,57
10/24/2022,AVP,PA,AEA,EN,Combined TRACON& Tower with Radar,13,13,13,0,39,0,0,0,0,0,13,13,13,0,39,19,0,19,58
10/25/2022,AVP,PA,AEA,EN,Combined TRACON& Tower with Radar,13,16,18,3,50,0,4,1,1,6,13,20,19,4,56,0,0,0,56
10/26/2022,AVP,PA,AEA,EN,Combined TRACON& Tower with Radar,12,21,15,2,50,0,7,2,1,10,12,28,17,3,60,0,0,0,60
10/27/2022,AVP,PA,AEA,EN,Combined TRACON& Tower with Radar,9,18,26,0,53,0,3,8,0,11,9,21,34,0,64,0,0,0,64
10/28/2022,AVP,PA,AEA,EN,Combined TRACON& Tower with Radar,11,18,16,0,45,0,4,12,0,16,11,22,28,0,61,0,0,0,61
10/29/2022,AVP,PA,AEA,EN,Combined TRACON& Tower with Radar,8,9,11,0,28,0,5,36,0,41,8,14,47,0,69,0,0,0,69
10/30/2022,AVP,PA,AEA,EN,Combined TRACON& Tower with Radar,9,9,16,0,34,0,0,36,0,36,9,9,52,0,70,30,0,30,100
10/31/2022,AVP,PA,AEA,EN,Combined TRACON& Tower with Radar,9,11,11,6,37,0,0,13,0,13,9,11,24,6,50,12,0,12,62
11/01/2022,AVP,PA,AEA,EN,Combined TRACON& Tower with Radar,10,13,12,1,36,0,1,0,1,2,10,14,12,2,38,0,0,0,38
11/02/2022,AVP,PA,AEA,EN,Combined TRACON& Tower with Radar,8,16,24,1,49,0,4,24,0,28,8,20,48,1,77,0,0,0,77
11/03/2022,AVP,PA,AEA,EN,Combined TRACON& Tower with Radar,10,11,12,0,33,0,9,26,0,35,10,20,38,0,68,59,0,59,127
11/04/2022,AVP,PA,AEA,EN,Combined TRACON& Tower with Radar,11,10,8,0,29,0,8,28,0,36,11,18,36,0,65,44,0,44,109
11/05/2022,AVP,PA,AEA,EN,Combined TRACON& Tower with Radar,8,4,1,2,15,0,0,10,0,10,8,4,11,2,25,20,0,20,45
11/06/2022,AVP,PA,AEA,EN,Combined TRACON& Tower with Radar,12,6,20,0,38,0,2,0,2,4,12,8,20,2,42,0,0,0,42
11/07/2022,AVP,PA,AEA,EN,Combined TRACON& Tower with Radar,10,7,15,0,32,0,3,21,0,24,10,10,36,0,56,18,0,18,74
11/08/2022,AVP,PA,AEA,EN,Combined TRACON& Tower with Radar,10,8,13,0,31,0,2,18,1,21,10,10,31,1,52,0,0,0,52
11/09/2022,AVP,PA,AEA,EN,Combined TRACON& Tower with Radar,10,11,17,2,40,0,2,46,1,49,10,13,63,3,89,36,0,36,125
11/10/2022,AVP,PA,AEA,EN,Combined TRACON& Tower with Radar,10,10,15,0,35,0,4,30,2,36,10,14,45,2,71,30,0,30,101
11/11/2022,AVP,PA,AEA,EN,Combined TRACON& Tower with Radar,11,8,11,0,30,0,0,0,0,0,11,8,11,0,30,0,0,0,30
11/12/2022,AVP,PA,AEA,EN,Combined TRACON& Tower with Radar,8,7,5,0,20,0,0,1,0,1,8,7,6,0,21,0,0,0,21
11/13/2022,AVP,PA,AEA,EN,Combined TRACON& Tower with Radar,12,7,6,0,25,0,2,3,0,5,12,9,9,0,30,0,0,0,30
11/14/2022,AVP,PA,AEA,EN,Combined TRACON& Tower with Radar,10,10,15,1,36,0,4,16,1,21,10,14,31,2,57,0,0,0,57
11/15/2022,AVP,PA,AEA,EN,Combined TRACON& Tower with Radar,11,7,13,0,31,0,2,13,4,19,11,9,26,4,50,0,0,0,50
11/16/2022,AVP,PA,AEA,EN,Combined TRACON& Tower with Radar,10,8,9,0,27,0,4,0,0,4,10,12,9,0,31,0,0,0,31
11/17/2022,AVP,PA,AEA,EN,Combined TRACON& Tower with Radar,10,17,2,0,29,0,9,10,0,19,10,26,12,0,48,46,0,46,94
11/18/2022,AVP,PA,AEA,EN,Combined TRACON& Tower with Radar,9,15,10,0,34,0,6,14,0,20,9,21,24,0,54,70,2,72,126
11/19/2022,AVP,PA,AEA,EN,Combined TRACON& Tower with Radar,10,6,12,0,28,0,12,19,0,31,10,18,31,0,59,48,0,48,107
11/20/2022,AVP,PA,AEA,EN,Combined TRACON& Tower with Radar,13,7,4,0,24,0,7,8,0,15,13,14,12,0,39,0,0,0,39
11/21/2022,AVP,PA,AEA,EN,Combined TRACON& Tower with Radar,9,10,13,0,32,0,4,21,0,25,9,14,34,0,57,0,0,0,57
11/22/2022,AVP,PA,AEA,EN,Combined TRACON& Tower with Radar,11,13,25,0,49,0,18,34,0,52,11,31,59,0,101,54,0,54,155
11/23/2022,AVP,PA,AEA,EN,Combined TRACON& Tower with Radar,10,11,4,0,25,0,8,32,0,40,10,19,36,0,65,39,0,39,104
11/24/2022,AVP,PA,AEA,EN,Combined TRACON& Tower with Radar,4,7,4,0,15,0,7,21,0,28,4,14,25,0,43,36,0,36,79
11/25/2022,AVP,PA,AEA,EN,Combined TRACON& Tower with Radar,8,8,5,0,21,0,12,1,0,13,8,20,6,0,34,0,0,0,34
11/26/2022,AVP,PA,AEA,EN,Combined TRACON& Tower with Radar,11,7,8,0,26,0,1,26,0,27,11,8,34,0,53,0,0,0,53
11/27/2022,AVP,PA,AEA,EN,Combined TRACON& Tower with Radar,14,5,6,0,25,0,4,0,0,4,14,9,6,0,29,0,0,0,29
11/28/2022,AVP,PA,AEA,EN,Combined TRACON& Tower with Radar,10,5,4,0,19,0,3,3,0,6,10,8,7,0,25,0,0,0,25
11/29/2022,AVP,PA,AEA,EN,Combined TRACON& Tower with Radar,11,14,22,1,48,0,12,25,4,41,11,26,47,5,89,92,0,92,181
11/30/2022,AVP,PA,AEA,EN,Combined TRACON& Tower with Radar,9,9,6,0,24,0,0,0,0,0,9,9,6,0,24,0,0,0,24
12/01/2022,AVP,PA,AEA,EN,Combined TRACON& Tower with Radar,10,9,3,1,23,0,6,7,0,13,10,15,10,1,36,0,0,0,36
12/02/2022,AVP,PA,AEA,EN,Combined TRACON& Tower with Radar,11,9,8,0,28,0,6,26,0,32,11,15,34,0,60,64,2,66,126
12/03/2022,AVP,PA,AEA,EN,Combined TRACON& Tower with Radar,7,5,1,0,13,0,2,0,0,2,7,7,1,0,15,0,0,0,15
12/04/2022,AVP,PA,AEA,EN,Combined TRACON& Tower with Radar,12,6,5,0,23,0,8,11,0,19,12,14,16,0,42,6,0,6,48
12/05/2022,AVP,PA,AEA,EN,Combined TRACON& Tower with Radar,11,10,11,0,32,0,5,23,0,28,11,15,34,0,60,6,0,6,66
12/06/2022,AVP,PA,AEA,EN,Combined TRACON& Tower with Radar,9,9,16,0,34,0,1,0,0,1,9,10,16,0,35,0,0,0,35
12/07/2022,AVP,PA,AEA,EN,Combined TRACON& Tower with Radar,11,10,11,4,36,0,2,0,0,2,11,12,11,4,38,0,0,0,38
12/08/2022,AVP,PA,AEA,EN,Combined TRACON& Tower with Radar,10,15,7,0,32,0,5,2,2,9,10,20,9,2,41,0,0,0,41
12/09/2022,AVP,PA,AEA,EN,Combined TRACON& Tower with Radar,10,14,13,2,39,0,15,38,0,53,10,29,51,2,92,78,0,78,170
12/10/2022,AVP,PA,AEA,EN,Combined TRACON& Tower with Radar,9,7,12,0,28,0,10,30,0,40,9,17,42,0,68,0,0,0,68
12/11/2022,AVP,PA,AEA,EN,Combined TRACON& Tower with Radar,10,9,1,0,20,0,2,0,0,2,10,11,1,0,22,0,0,0,22
12/12/2022,AVP,PA,AEA,EN,Combined TRACON& Tower with Radar,10,17,9,0,36,0,9,1,0,10,10,26,10,0,46,0,0,0,46
12/13/2022,AVP,PA,AEA,EN,Combined TRACON& Tower with Radar,11,9,20,0,40,0,11,31,2,44,11,20,51,2,84,0,0,0,84
12/14/2022,AVP,PA,AEA,EN,Combined TRACON& Tower with Radar,9,13,11,0,33,0,9,15,0,24,9,22,26,0,57,0,0,0,57
12/15/2022,AVP,PA,AEA,EN,Combined TRACON& Tower with Radar,10,8,2,0,20,0,2,0,0,2,10,10,2,0,22,0,0,0,22
12/16/2022,AVP,PA,AEA,EN,Combined TRACON& Tower with Radar,13,9,2,0,24,0,0,0,0,0,13,9,2,0,24,0,0,0,24
12/17/2022,AVP,PA,AEA,EN,Combined TRACON& Tower with Radar,16,8,1,0,25,0,4,1,0,5,16,12,2,0,30,0,0,0,30
12/18/2022,AVP,PA,AEA,EN,Combined TRACON& Tower with Radar,10,4,3,0,17,0,6,7,0,13,10,10,10,0,30,0,0,0,30
12/19/2022,AVP,PA,AEA,EN,Combined TRACON& Tower with Radar,10,5,2,0,17,0,4,6,1,11,10,9,8,1,28,23,0,23,51
12/20/2022,AVP,PA,AEA,EN,Combined TRACON& Tower with Radar,10,18,3,6,37,0,2,3,0,5,10,20,6,6,42,12,0,12,54
12/21/2022,AVP,PA,AEA,EN,Combined TRACON& Tower with Radar,10,10,22,1,43,0,8,30,2,40,10,18,52,3,83,36,0,36,119
12/22/2022,AVP,PA,AEA,EN,Combined TRACON& Tower with Radar,11,8,8,0,27,0,0,1,0,1,11,8,9,0,28,0,0,0,28
12/23/2022,AVP,PA,AEA,EN,Combined TRACON& Tower with Radar,8,1,3,0,12,0,0,0,0,0,8,1,3,0,12,0,0,0,12
12/24/2022,AVP,PA,AEA,EN,Combined TRACON& Tower with Radar,8,2,0,0,10,0,4,0,0,4,8,6,0,0,14,0,0,0,14
12/25/2022,AVP,PA,AEA,EN,Combined TRACON& Tower with Radar,8,5,0,0,13,0,2,0,0,2,8,7,0,0,15,0,0,0,15
12/26/2022,AVP,PA,AEA,EN,Combined TRACON& Tower with Radar,9,5,9,0,23,0,6,14,0,20,9,11,23,0,43,12,0,12,55
12/27/2022,AVP,PA,AEA,EN,Combined TRACON& Tower with Radar,11,15,13,0,39,0,6,14,0,20,11,21,27,0,59,16,0,16,75
12/28/2022,AVP,PA,AEA,EN,Combined TRACON& Tower with Radar,9,19,12,0,40,0,8,17,0,25,9,27,29,0,65,18,0,18,83
12/29/2022,AVP,PA,AEA,EN,Combined TRACON& Tower with Radar,11,10,23,0,44,0,0,26,0,26,11,10,49,0,70,2,0,2,72
12/30/2022,AVP,PA,AEA,EN,Combined TRACON& Tower with Radar,10,8,21,0,39,0,4,29,0,33,10,12,50,0,72,0,0,0,72
12/31/2022,AVP,PA,AEA,EN,Combined TRACON& Tower with Radar,18,13,11,0,42,0,2,0,0,2,18,15,11,0,44,0,0,0,44
01/01/2023,AVP,PA,AEA,EN,Combined TRACON& Tower with Radar,7,5,4,0,16,0,3,4,0,7,7,8,8,0,23,4,0,4,27
01/02/2023,AVP,PA,AEA,EN,Combined TRACON& Tower with Radar,11,6,9,0,26,0,4,9,0,13,11,10,18,0,39,2,0,2,41
01/03/2023,AVP,PA,AEA,EN,Combined TRACON& Tower with Radar,9,10,2,0,21,0,2,0,0,2,9,12,2,0,23,0,0,0,23
01/04/2023,AVP,PA,AEA,EN,Combined TRACON& Tower with Radar,11,14,15,0,40,0,2,1,0,3,11,16,16,0,43,0,0,0,43
01/05/2023,AVP,PA,AEA,EN,Combined TRACON& Tower with Radar,8,15,12,13,48,0,15,26,3,44,8,30,38,16,92,66,0,66,158
01/06/2023,AVP,PA,AEA,EN,Combined TRACON& Tower with Radar,8,14,10,2,34,0,7,0,0,7,8,21,10,2,41,0,0,0,41
01/07/2023,AVP,PA,AEA,EN,Combined TRACON& Tower with Radar,9,13,9,0,31,0,3,0,0,3,9,16,9,0,34,0,0,0,34
01/08/2023,AVP,PA,AEA,EN,Combined TRACON& Tower with Radar,11,15,19,0,45,0,1,21,0,22,11,16,40,0,67,15,0,15,82
01/09/2023,AVP,PA,AEA,EN,Combined TRACON& Tower with Radar,10,12,10,0,32,0,4,24,1,29,10,16,34,1,61,66,0,66,127
01/10/2023,AVP,PA,AEA,EN,Combined TRACON& Tower with Radar,10,14,17,0,41,0,2,2,0,4,10,16,19,0,45,0,0,0,45
01/11/2023,AVP,PA,AEA,EN,Combined TRACON& Tower with Radar,10,12,15,0,37,0,7,18,2,27,10,19,33,2,64,79,0,79,143
01/12/2023,AVP,PA,AEA,EN,Combined TRACON& Tower with Radar,10,8,9,0,27,0,3,0,0,3,10,11,9,0,30,0,0,0,30
01/13/2023,AVP,PA,AEA,EN,Combined TRACON& Tower with Radar,10,10,10,0,30,0,2,0,0,2,10,12,10,0,32,0,0,0,32
01/14/2023,AVP,PA,AEA,EN,Combined TRACON& Tower with Radar,8,6,10,0,24,0,4,2,0,6,8,10,12,0,30,0,0,0,30
01/15/2023,AVP,PA,AEA,EN,Combined TRACON& Tower with Radar,8,6,3,0,17,0,5,7,0,12,8,11,10,0,29,0,0,0,29
01/16/2023,AVP,PA,AEA,EN,Combined TRACON& Tower with Radar,10,10,11,0,31,0,11,21,0,32,10,21,32,0,63,3,0,3,66
01/17/2023,AVP,PA,AEA,EN,Combined TRACON& Tower with Radar,10,13,12,1,36,0,4,2,1,7,10,17,14,2,43,0,0,0,43
01/18/2023,AVP,PA,AEA,EN,Combined TRACON& Tower with Radar,12,16,5,0,33,0,7,4,2,13,12,23,9,2,46,10,0,10,56
01/19/2023,AVP,PA,AEA,EN,Combined TRACON& Tower with Radar,10,10,3,0,23,0,0,0,0,0,10,10,3,0,23,2,0,2,25
01/20/2023,AVP,PA,AEA,EN,Combined TRACON& Tower with Radar,10,9,4,2,25,0,0,1,0,1,10,9,5,2,26,0,0,0,26
01/21/2023,AVP,PA,AEA,EN,Combined TRACON& Tower with Radar,8,8,2,0,18,0,3,5,0,8,8,11,7,0,26,7,0,7,33
01/22/2023,AVP,PA,AEA,EN,Combined TRACON& Tower with Radar,10,4,6,0,20,0,3,1,0,4,10,7,7,0,24,0,0,0,24
01/23/2023,AVP,PA,AEA,EN,Combined TRACON& Tower with Radar,10,9,7,0,26,0,2,0,0,2,10,11,7,0,28,10,0,10,38
01/24/2023,AVP,PA,AEA,EN,Combined TRACON& Tower with Radar,10,11,10,3,34,0,3,7,4,14,10,14,17,7,48,3,0,3,51
01/25/2023,AVP,PA,AEA,EN,Combined TRACON& Tower with Radar,14,10,3,0,27,0,0,0,0,0,14,10,3,0,27,0,0,0,27
01/26/2023,AVP,PA,AEA,EN,Combined TRACON& Tower with Radar,10,15,6,0,31,0,2,0,0,2,10,17,6,0,33,0,0,0,33
01/27/2023,AVP,PA,AEA,EN,Combined TRACON& Tower with Radar,10,8,9,0,27,0,0,14,0,14,10,8,23,0,41,18,0,18,59
01/28/2023,AVP,PA,AEA,EN,Combined TRACON& Tower with Radar,8,6,5,0,19,0,1,14,0,15,8,7,19,0,34,10,0,10,44
01/29/2023,AVP,PA,AEA,EN,Combined TRACON& Tower with Radar,10,5,5,0,20,0,9,11,0,20,10,14,16,0,40,16,0,16,56
01/30/2023,AVP,PA,AEA,EN,Combined TRACON& Tower with Radar,10,7,18,0,35,0,6,1,0,7,10,13,19,0,42,0,0,0,42
01/31/2023,AVP,PA,AEA,EN,Combined TRACON& Tower with Radar,10,13,10,0,33,0,6,8,0,14,10,19,18,0,47,0,0,0,47
02/01/2023,AVP,PA,AEA,EN,Combined TRACON& Tower with Radar,10,9,6,2,27,0,7,30,0,37,10,16,36,2,64,63,0,63,127
02/02/2023,AVP,PA,AEA,EN,Combined TRACON& Tower with Radar,8,13,18,1,40,0,6,10,1,17,8,19,28,2,57,12,0,12,69
02/03/2023,AVP,PA,AEA,EN,Combined TRACON& Tower with Radar,10,8,2,0,20,0,3,2,0,5,10,11,4,0,25,0,0,0,25
02/04/2023,AVP,PA,AEA,EN,Combined TRACON& Tower with Radar,14,7,5,0,26,0,2,20,4,26,14,9,25,4,52,19,0,19,71
02/05/2023,AVP,PA,AEA,EN,Combined TRACON& Tower with Radar,10,6,14,0,30,0,6,16,0,22,10,12,30,0,52,6,0,6,58
02/06/2023,AVP,PA,AEA,EN,Combined TRACON& Tower with Radar,10,8,10,4,32,0,4,3,0,7,10,12,13,4,39,4,0,4,43
02/07/2023,AVP,PA,AEA,EN,Combined TRACON& Tower with Radar,10,15,13,0,38,0,8,22,0,30,10,23,35,0,68,35,0,35,103
02/08/2023,AVP,PA,AEA,EN,Combined TRACON& Tower with Radar,10,15,14,0,39,0,5,12,2,19,10,20,26,2,58,1,0,1,59
02/09/2023,AVP,PA,AEA,EN,Combined TRACON& Tower with Radar,9,17,8,0,34,0,3,0,0,3,9,20,8,0,37,0,0,0,37
02/10/2023,AVP,PA,AEA,EN,Combined TRACON& Tower with Radar,11,12,12,0,35,0,6,6,0,12,11,18,18,0,47,11,0,11,58
02/11/2023,AVP,PA,AEA,EN,Combined TRACON& Tower with Radar,9,7,2,0,18,0,3,9,0,12,9,10,11,0,30,0,0,0,30
02/12/2023,AVP,PA,AEA,EN,Combined TRACON& Tower with Radar,11,7,18,0,36,0,2,31,0,33,11,9,49,0,69,4,0,4,73
02/13/2023,AVP,PA,AEA,EN,Combined TRACON& Tower with Radar,9,10,8,0,27,0,5,24,0,29,9,15,32,0,56,5,0,5,61
02/14/2023,AVP,PA,AEA,EN,Combined TRACON& Tower with Radar,11,12,8,0,31,0,0,26,0,26,11,12,34,0,57,29,2,31,88
02/15/2023,AVP,PA,AEA,EN,Combined TRACON& Tower with Radar,10,13,9,0,32,0,9,8,0,17,10,22,17,0,49,22,0,22,71
02/16/2023,AVP,PA,AEA,EN,Combined TRACON& Tower with Radar,10,12,7,2,31,0,4,6,0,10,10,16,13,2,41,0,0,0,41
02/17/2023,AVP,PA,AEA,EN,Combined TRACON& Tower with Radar,11,11,7,0,29,0,2,1,0,3,11,13,8,0,32,0,0,0,32
02/18/2023,AVP,PA,AEA,EN,Combined TRACON& Tower with Radar,9,9,22,0,40,0,0,33,0,33,9,9,55,0,73,2,0,2,75
02/19/2023,AVP,PA,AEA,EN,Combined TRACON& Tower with Radar,10,6,11,0,27,0,4,18,2,24,10,10,29,2,51,6,0,6,57
02/20/2023,AVP,PA,AEA,EN,Combined TRACON& Tower with Radar,10,9,6,0,25,0,0,6,0,6,10,9,12,0,31,12,2,14,45
02/21/2023,AVP,PA,AEA,EN,Combined TRACON& Tower with Radar,10,12,6,0,28,0,7,0,0,7,10,19,6,0,35,0,0,0,35
02/22/2023,AVP,PA,AEA,EN,Combined TRACON& Tower with Radar,10,10,3,0,23,0,3,7,0,10,10,13,10,0,33,18,0,18,51
02/23/2023,AVP,PA,AEA,EN,Combined TRACON& Tower with Radar,8,8,7,0,23,0,0,3,0,3,8,8,10,0,26,0,0,0,26
02/24/2023,AVP,PA,AEA,EN,Combined TRACON& Tower with Radar,12,10,5,0,27,0,4,6,2,12,12,14,11,2,39,0,0,0,39
02/25/2023,AVP,PA,AEA,EN,Combined TRACON& Tower with Radar,10,7,5,0,22,0,4,8,0,12,10,11,13,0,34,0,0,0,34
02/26/2023,AVP,PA,AEA,EN,Combined TRACON& Tower with Radar,10,6,7,0,23,0,2,3,0,5,10,8,10,0,28,0,0,0,28
02/27/2023,AVP,PA,AEA,EN,Combined TRACON& Tower with Radar,10,7,17,0,34,0,3,22,0,25,10,10,39,0,59,6,0,6,65
02/28/2023,AVP,PA,AEA,EN,Combined TRACON& Tower with Radar,10,7,6,0,23,0,3,2,0,5,10,10,8,0,28,0,0,0,28
03/01/2023,AVP,PA,AEA,EN,Combined TRACON& Tower with Radar,9,12,21,11,53,0,3,25,4,32,9,15,46,15,85,33,0,33,118
03/02/2023,AVP,PA,AEA,EN,Combined TRACON& Tower with Radar,10,12,16,0,38,0,6,4,0,10,10,18,20,0,48,0,0,0,48
03/03/2023,AVP,PA,AEA,EN,Combined TRACON& Tower with Radar,10,13,15,0,38,0,2,32,2,36,10,15,47,2,74,21,0,21,95
03/04/2023,AVP,PA,AEA,EN,Combined TRACON& Tower with Radar,11,9,4,0,24,0,0,0,0,0,11,9,4,0,24,0,0,0,24
03/05/2023,AVP,PA,AEA,EN,Combined TRACON& Tower with Radar,12,6,9,0,27,0,2,4,0,6,12,8,13,0,33,0,0,0,33
03/06/2023,AVP,PA,AEA,EN,Combined TRACON& Tower with Radar,9,7,19,2,37,0,5,28,0,33,9,12,47,2,70,0,0,0,70
03/07/2023,AVP,PA,AEA,EN,Combined TRACON& Tower with Radar,11,9,4,2,26,0,4,8,0,12,11,13,12,2,38,0,0,0,38
03/08/2023,AVP,PA,AEA,EN,Combined TRACON& Tower with Radar,10,13,11,2,36,0,4,6,0,10,10,17,17,2,46,0,0,0,46
03/09/2023,AVP,PA,AEA,EN,Combined TRACON& Tower with Radar,9,10,12,0,31,0,0,2,4,6,9,10,14,4,37,0,0,0,37
03/10/2023,AVP,PA,AEA,EN,Combined TRACON& Tower with Radar,11,10,8,0,29,0,4,6,0,10,11,14,14,0,39,0,0,0,39
03/11/2023,AVP,PA,AEA,EN,Combined TRACON& Tower with Radar,11,11,2,0,24,0,2,0,0,2,11,13,2,0,26,0,0,0,26
03/12/2023,AVP,PA,AEA,EN,Combined TRACON& Tower with Radar,13,7,11,0,31,0,6,32,0,38,13,13,43,0,69,8,0,8,77
03/13/2023,AVP,PA,AEA,EN,Combined TRACON& Tower with Radar,9,6,16,0,31,0,0,0,0,0,9,6,16,0,31,0,0,0,31
03/14/2023,AVP,PA,AEA,EN,Combined TRACON& Tower with Radar,7,5,2,0,14,0,0,0,0,0,7,5,2,0,14,0,0,0,14
03/15/2023,AVP,PA,AEA,EN,Combined TRACON& Tower with Radar,9,20,3,1,33,0,1,0,1,2,9,21,3,2,35,0,0,0,35
03/16/2023,AVP,PA,AEA,EN,Combined TRACON& Tower with Radar,11,14,15,0,40,0,4,48,1,53,11,18,63,1,93,130,0,130,223
03/17/2023,AVP,PA,AEA,EN,Combined TRACON& Tower with Radar,10,13,6,0,29,0,2,12,0,14,10,15,18,0,43,1,0,1,44
03/18/2023,AVP,PA,AEA,EN,Combined TRACON& Tower with Radar,12,8,10,0,30,0,9,20,0,29,12,17,30,0,59,42,0,42,101
03/19/2023,AVP,PA,AEA,EN,Combined TRACON& Tower with Radar,10,5,1,0,16,0,0,10,0,10,10,5,11,0,26,4,0,4,30
03/20/2023,AVP,PA,AEA,EN,Combined TRACON& Tower with Radar,10,10,17,0,37,0,4,38,0,42,10,14,55,0,79,92,0,92,171
03/21/2023,AVP,PA,AEA,EN,Combined TRACON& Tower with Radar,12,13,27,0,52,0,8,34,0,42,12,21,61,0,94,8,0,8,102
03/22/2023,AVP,PA,AEA,EN,Combined TRACON& Tower with Radar,10,15,17,9,51,0,5,26,1,32,10,20,43,10,83,40,0,40,123
03/23/2023,AVP,PA,AEA,EN,Combined TRACON& Tower with Radar,9,10,14,0,33,0,1,2,0,3,9,11,16,0,36,0,0,0,36
03/24/2023,AVP,PA,AEA,EN,Combined TRACON& Tower with Radar,10,8,27,0,45,0,0,30,0,30,10,8,57,0,75,14,0,14,89
03/25/2023,AVP,PA,AEA,EN,Combined TRACON& Tower with Radar,10,8,5,0,23,0,0,0,0,0,10,8,5,0,23,0,0,0,23
03/26/2023,AVP,PA,AEA,EN,Combined TRACON& Tower with Radar,14,6,7,0,27,0,0,17,0,17,14,6,24,0,44,4,0,4,48
03/27/2023,AVP,PA,AEA,EN,Combined TRACON& Tower with Radar,11,5,6,2,24,0,2,14,0,16,11,7,20,2,40,1,0,1,41
03/28/2023,AVP,PA,AEA,EN,Combined TRACON& Tower with Radar,13,12,14,0,39,0,6,15,0,21,13,18,29,0,60,5,0,5,65
03/29/2023,AVP,PA,AEA,EN,Combined TRACON& Tower with Radar,12,13,7,0,32,0,2,36,1,39,12,15,43,1,71,26,0,26,97
03/30/2023,AVP,PA,AEA,EN,Combined TRACON& Tower with Radar,11,8,11,0,30,0,8,20,3,31,11,16,31,3,61,6,0,6,67
03/31/2023,AVP,PA,AEA,EN,Combined TRACON& Tower with Radar,12,7,10,0,29,0,4,14,0,18,12,11,24,0,47,6,0,6,53
04/01/2023,AVP,PA,AEA,EN,Combined TRACON& Tower with Radar,10,4,2,0,16,0,0,2,0,2,10,4,4,0,18,0,0,0,18
04/02/2023,AVP,PA,AEA,EN,Combined TRACON& Tower with Radar,12,7,5,0,24,0,4,18,0,22,12,11,23,0,46,0,0,0,46
04/03/2023,AVP,PA,AEA,EN,Combined TRACON& Tower with Radar,12,6,17,0,35,0,4,25,0,29,12,10,42,0,64,18,0,18,82
04/04/2023,AVP,PA,AEA,EN,Combined TRACON& Tower with Radar,13,14,27,0,54,0,4,44,0,48,13,18,71,0,102,17,0,17,119
04/05/2023,AVP,PA,AEA,EN,Combined TRACON& Tower with Radar,12,13,21,6,52,0,0,1,0,1,12,13,22,6,53,33,0,33,86
04/06/2023,AVP,PA,AEA,EN,Combined TRACON& Tower with Radar,12,10,20,0,42,0,1,2,0,3,12,11,22,0,45,0,0,0,45
04/07/2023,AVP,PA,AEA,EN,Combined TRACON& Tower with Radar,12,15,17,0,44,0,5,20,0,25,12,20,37,0,69,0,0,0,69
04/08/2023,AVP,PA,AEA,EN,Combined TRACON& Tower with Radar,12,6,14,0,32,0,4,44,0,48,12,10,58,0,80,0,0,0,80
04/09/2023,AVP,PA,AEA,EN,Combined TRACON& Tower with Radar,14,6,6,0,26,0,2,17,0,19,14,8,23,0,45,0,0,0,45
04/10/2023,AVP,PA,AEA,EN,Combined TRACON& Tower with Radar,12,7,10,0,29,0,4,36,0,40,12,11,46,0,69,3,0,3,72
04/11/2023,AVP,PA,AEA,EN,Combined TRACON& Tower with Radar,12,19,22,0,53,0,5,14,0,19,12,24,36,0,72,43,0,43,115
04/12/2023,AVP,PA,AEA,EN,Combined TRACON& Tower with Radar,12,16,9,0,37,0,6,9,1,16,12,22,18,1,53,0,0,0,53
04/13/2023,AVP,PA,AEA,EN,Combined TRACON& Tower with Radar,12,10,17,0,39,0,4,30,3,37,12,14,47,3,76,1,0,1,77
04/14/2023,AVP,PA,AEA,EN,Combined TRACON& Tower with Radar,12,10,15,0,37,0,2,31,0,33,12,12,46,0,70,26,0,26,96
04/15/2023,AVP,PA,AEA,EN,Combined TRACON& Tower with Radar,13,5,7,0,25,0,1,3,0,4,13,6,10,0,29,0,0,0,29
04/16/2023,AVP,PA,AEA,EN,Combined TRACON& Tower with Radar,14,4,13,0,31,0,3,8,0,11,14,7,21,0,42,31,0,31,73
04/17/2023,AVP,PA,AEA,EN,Combined TRACON& Tower with Radar,11,6,17,0,34,0,2,12,0,14,11,8,29,0,48,0,0,0,48
04/18/2023,AVP,PA,AEA,EN,Combined TRACON& Tower with Radar,12,9,8,2,31,0,4,3,0,7,12,13,11,2,38,0,0,0,38
04/19/2023,AVP,PA,AEA,EN,Combined TRACON& Tower with Radar,12,13,9,0,34,0,3,8,0,11,12,16,17,0,45,2,0,2,47
04/20/2023,AVP,PA,AEA,EN,Combined TRACON& Tower with Radar,11,10,22,0,43,0,6,52,0,58,11,16,74,0,101,11,0,11,112
04/21/2023,AVP,PA,AEA,EN,Combined TRACON& Tower with Radar,13,10,20,0,43,0,7,31,0,38,13,17,51,0,81,30,0,30,111
04/22/2023,AVP,PA,AEA,EN,Combined TRACON& Tower with Radar,16,10,5,0,31,0,2,0,0,2,16,12,5,0,33,0,0,0,33
04/23/2023,AVP,PA,AEA,EN,Combined TRACON& Tower with Radar,12,8,12,0,32,0,7,7,0,14,12,15,19,0,46,5,0,5,51
04/24/2023,AVP,PA,AEA,EN,Combined TRACON& Tower with Radar,11,6,5,0,22,0,5,17,0,22,11,11,22,0,44,8,0,8,52
04/25/2023,AVP,PA,AEA,EN,Combined TRACON& Tower with Radar,12,14,9,4,39,0,4,27,5,36,12,18,36,9,75,18,0,18,93
04/26/2023,AVP,PA,AEA,EN,Combined TRACON& Tower with Radar,12,9,12,1,34,0,6,7,2,15,12,15,19,3,49,4,2,6,55
04/27/2023,AVP,PA,AEA,EN,Combined TRACON& Tower with Radar,12,10,24,0,46,0,4,13,1,18,12,14,37,1,64,16,0,16,80
04/28/2023,AVP,PA,AEA,EN,Combined TRACON& Tower with Radar,12,14,11,0,37,0,9,0,0,9,12,23,11,0,46,0,0,0,46
04/29/2023,AVP,PA,AEA,EN,Combined TRACON& Tower with Radar,12,7,8,1,28,0,0,0,3,3,12,7,8,4,31,1,0,1,32
04/30/2023,AVP,PA,AEA,EN,Combined TRACON& Tower with Radar,10,6,4,0,20,0,0,0,0,0,10,6,4,0,20,0,0,0,20
05/01/2023,AVP,PA,AEA,EN,Combined TRACON& Tower with Radar,12,10,6,0,28,0,0,6,1,7,12,10,12,1,35,0,0,0,35
05/02/2023,AVP,PA,AEA,EN,Combined TRACON& Tower with Radar,12,6,17,0,35,0,4,2,0,6,12,10,19,0,41,0,0,0,41
05/03/2023,AVP,PA,AEA,EN,Combined TRACON& Tower with Radar,12,8,4,0,24,0,4,1,0,5,12,12,5,0,29,0,0,0,29
05/04/2023,AVP,PA,AEA,EN,Combined TRACON& Tower with Radar,12,6,12,0,30,0,8,12,0,20,12,14,24,0,50,22,0,22,72
05/05/2023,AVP,PA,AEA,EN,Combined TRACON& Tower with Radar,11,11,19,0,41,0,3,9,0,12,11,14,28,0,53,20,0,20,73
05/06/2023,AVP,PA,AEA,EN,Combined TRACON& Tower with Radar,12,10,11,0,33,0,3,27,0,30,12,13,38,0,63,29,17,46,109
05/07/2023,AVP,PA,AEA,EN,Combined TRACON& Tower with Radar,10,9,5,0,24,0,5,16,0,21,10,14,21,0,45,13,0,13,58
05/08/2023,AVP,PA,AEA,EN,Combined TRACON& Tower with Radar,10,7,14,0,31,0,3,20,0,23,10,10,34,0,54,0,0,0,54
05/09/2023,AVP,PA,AEA,EN,Combined TRACON& Tower with Radar,10,12,23,2,47,0,6,25,0,31,10,18,48,2,78,20,0,20,98
05/10/2023,AVP,PA,AEA,EN,Combined TRACON& Tower with Radar,10,14,15,1,40,0,8,30,0,38,10,22,45,1,78,31,0,31,109
05/11/2023,AVP,PA,AEA,EN,Combined TRACON& Tower with Radar,10,13,16,0,39,0,9,33,0,42,10,22,49,0,81,9,0,9,90
05/12/2023,AVP,PA,AEA,EN,Combined TRACON& Tower with Radar,10,15,14,0,39,0,3,33,0,36,10,18,47,0,75,38,0,38,113
05/13/2023,AVP,PA,AEA,EN,Combined TRACON& Tower with Radar,10,14,13,0,37,0,2,14,0,16,10,16,27,0,53,6,0,6,59
05/14/2023,AVP,PA,AEA,EN,Combined TRACON& Tower with Radar,10,6,8,0,24,0,2,18,0,20,10,8,26,0,44,0,0,0,44
05/15/2023,AVP,PA,AEA,EN,Combined TRACON& Tower with Radar,10,19,15,1,45,0,5,33,1,39,10,24,48,2,84,24,0,24,108
05/16/2023,AVP,PA,AEA,EN,Combined TRACON& Tower with Radar,9,23,12,4,48,0,2,18,1,21,9,25,30,5,69,0,0,0,69
05/17/2023,AVP,PA,AEA,EN,Combined TRACON& Tower with Radar,11,18,10,0,39,0,5,7,1,13,11,23,17,1,52,4,0,4,56
05/18/2023,AVP,PA,AEA,EN,Combined TRACON& Tower with Radar,10,10,17,0,37,0,3,42,3,48,10,13,59,3,85,0,0,0,85
05/19/2023,AVP,PA,AEA,EN,Combined TRACON& Tower with Radar,10,13,15,4,42,0,9,5,2,16,10,22,20,6,58,0,0,0,58
05/20/2023,AVP,PA,AEA,EN,Combined TRACON& Tower with Radar,10,11,8,0,29,0,2,0,0,2,10,13,8,0,31,0,0,0,31
05/21/2023,AVP,PA,AEA,EN,Combined TRACON& Tower with Radar,15,15,8,0,38,0,4,1,0,5,15,19,9,0,43,0,0,0,43
05/22/2023,AVP,PA,AEA,EN,Combined TRACON& Tower with Radar,11,6,8,0,25,0,2,17,3,22,11,8,25,3,47,0,0,0,47
05/23/2023,AVP,PA,AEA,EN,Combined TRACON& Tower with Radar,10,12,21,10,53,0,3,30,0,33,10,15,51,10,86,38,0,38,124
05/24/2023,AVP,PA,AEA,EN,Combined TRACON& Tower with Radar,10,17,18,1,46,0,4,11,0,15,10,21,29,1,61,16,0,16,77
05/25/2023,AVP,PA,AEA,EN,Combined TRACON& Tower with Radar,10,17,22,2,51,0,11,32,3,46,10,28,54,5,97,1,0,1,98
05/26/2023,AVP,PA,AEA,EN,Combined TRACON& Tower with Radar,10,9,6,2,27,0,15,29,2,46,10,24,35,4,73,6,0,6,79
05/27/2023,AVP,PA,AEA,EN,Combined TRACON& Tower with Radar,9,8,6,0,23,0,8,19,4,31,9,16,25,4,54,7,0,7,61
05/28/2023,AVP,PA,AEA,EN,Combined TRACON& Tower with Radar,10,7,8,0,25,0,5,31,4,40,10,12,39,4,65,26,0,26,91
05/29/2023,AVP,PA,AEA,EN,Combined TRACON& Tower with Radar,12,7,12,2,33,0,6,23,0,29,12,13,35,2,62,7,0,7,69
05/30/2023,AVP,PA,AEA,EN,Combined TRACON& Tower with Radar,10,18,15,1,44,0,3,24,1,28,10,21,39,2,72,11,0,11,83
05/31/2023,AVP,PA,AEA,EN,Combined TRACON& Tower with Radar,10,14,30,3,57,0,2,28,1,31,10,16,58,4,88,51,2,53,141
06/01/2023,AVP,PA,AEA,EN,Combined TRACON& Tower with Radar,10,9,1,2,22,0,6,44,2,52,10,15,45,4,74,28,0,28,102
06/02/2023,AVP,PA,AEA,EN,Combined TRACON& Tower with Radar,9,13,13,0,35,0,4,16,1,21,9,17,29,1,56,11,0,11,67
06/03/2023,AVP,PA,AEA,EN,Combined TRACON& Tower with Radar,12,9,8,0,29,0,4,9,0,13,12,13,17,0,42,0,0,0,42
06/04/2023,AVP,PA,AEA,EN,Combined TRACON& Tower with Radar,9,6,10,0,25,0,0,16,1,17,9,6,26,1,42,0,0,0,42
06/05/2023,AVP,PA,AEA,EN,Combined TRACON& Tower with Radar,10,11,11,0,32,0,5,12,0,17,10,16,23,0,49,0,0,0,49
06/06/2023,AVP,PA,AEA,EN,Combined TRACON& Tower with Radar,8,16,18,0,42,0,3,7,0,10,8,19,25,0,52,0,0,0,52
06/07/2023,AVP,PA,AEA,EN,Combined TRACON& Tower with Radar,8,9,20,0,37,0,1,0,0,1,8,10,20,0,38,0,0,0,38
06/08/2023,AVP,PA,AEA,EN,Combined TRACON& Tower with Radar,10,14,20,0,44,0,0,2,0,2,10,14,22,0,46,0,0,0,46
06/09/2023,AVP,PA,AEA,EN,Combined TRACON& Tower with Radar,10,12,8,0,30,0,6,15,1,22,10,18,23,1,52,11,0,11,63
06/10/2023,AVP,PA,AEA,EN,Combined TRACON& Tower with Radar,9,9,16,0,34,0,6,20,0,26,9,15,36,0,60,3,0,3,63
06/11/2023,AVP,PA,AEA,EN,Combined TRACON& Tower with Radar,11,14,13,0,38,0,9,25,0,34,11,23,38,0,72,0,0,0,72
06/12/2023,AVP,PA,AEA,EN,Combined TRACON& Tower with Radar,8,20,3,0,31,0,1,2,0,3,8,21,5,0,34,0,0,0,34
06/13/2023,AVP,PA,AEA,EN,Combined TRACON& Tower with Radar,10,17,22,0,49,0,6,27,0,33,10,23,49,0,82,10,0,10,92
06/14/2023,AVP,PA,AEA,EN,Combined TRACON& Tower with Radar,8,17,14,1,40,0,10,0,1,11,8,27,14,2,51,0,0,0,51
06/15/2023,AVP,PA,AEA,EN,Combined TRACON& Tower with Radar,10,13,10,0,33,0,7,22,0,29,10,20,32,0,62,32,0,32,94
06/16/2023,AVP,PA,AEA,EN,Combined TRACON& Tower with Radar,10,10,8,0,28,0,6,4,0,10,10,16,12,0,38,0,0,0,38
06/17/2023,AVP,PA,AEA,EN,Combined TRACON& Tower with Radar,9,6,18,0,33,0,4,10,0,14,9,10,28,0,47,0,0,0,47
06/18/2023,AVP,PA,AEA,EN,Combined TRACON& Tower with Radar,11,9,15,0,35,0,0,16,0,16,11,9,31,0,51,34,0,34,85
06/19/2023,AVP,PA,AEA,EN,Combined TRACON& Tower with Radar,10,11,21,0,42,0,4,39,0,43,10,15,60,0,85,0,0,0,85
06/20/2023,AVP,PA,AEA,EN,Combined TRACON& Tower with Radar,7,18,13,3,41,0,11,17,1,29,7,29,30,4,70,21,0,21,91
06/21/2023,AVP,PA,AEA,EN,Combined TRACON& Tower with Radar,11,9,15,0,35,0,8,23,0,31,11,17,38,0,66,60,0,60,126
06/22/2023,AVP,PA,AEA,EN,Combined TRACON& Tower with Radar,10,11,18,0,39,0,4,3,0,7,10,15,21,0,46,12,0,12,58
06/23/2023,AVP,PA,AEA,EN,Combined TRACON& Tower with Radar,10,9,18,0,37,0,5,2,0,7,10,14,20,0,44,0,0,0,44
06/24/2023,AVP,PA,AEA,EN,Combined TRACON& Tower with Radar,8,14,12,0,34,0,2,6,0,8,8,16,18,0,42,0,0,0,42
06/25/2023,AVP,PA,AEA,EN,Combined TRACON& Tower with Radar,11,8,13,0,32,0,3,2,0,5,11,11,15,0,37,8,0,8,45
06/26/2023,AVP,PA,AEA,EN,Combined TRACON& Tower with Radar,8,11,6,0,25,0,3,3,0,6,8,14,9,0,31,15,0,15,46
06/27/2023,AVP,PA,AEA,EN,Combined TRACON& Tower with Radar,9,10,10,0,29,0,0,1,0,1,9,10,11,0,30,0,0,0,30
06/28/2023,AVP,PA,AEA,EN,Combined TRACON& Tower with Radar,10,14,23,3,50,0,1,0,1,2,10,15,23,4,52,0,0,0,52
06/29/2023,AVP,PA,AEA,EN,Combined TRACON& Tower with Radar,10,12,20,0,42,0,3,2,2,7,10,15,22,2,49,0,0,0,49
06/30/2023,AVP,PA,AEA,EN,Combined TRACON& Tower with Radar,12,11,19,0,42,0,2,2,0,4,12,13,21,0,46,0,0,0,46
07/01/2023,AVP,PA,AEA,EN,Combined TRACON& Tower with Radar,9,10,15,0,34,0,1,4,0,5,9,11,19,0,39,0,0,0,39
07/02/2023,AVP,PA,AEA,EN,Combined TRACON& Tower with Radar,11,9,12,0,32,0,0,0,0,0,11,9,12,0,32,7,0,7,39
07/03/2023,AVP,PA,AEA,EN,Combined TRACON& Tower with Radar,8,10,11,0,29,0,4,8,0,12,8,14,19,0,41,0,0,0,41
07/04/2023,AVP,PA,AEA,EN,Combined TRACON& Tower with Radar,4,6,12,0,22,0,0,5,0,5,4,6,17,0,27,0,0,0,27
07/05/2023,AVP,PA,AEA,EN,Combined TRACON& Tower with Radar,8,10,20,0,38,0,5,40,0,45,8,15,60,0,83,0,0,0,83
07/06/2023,AVP,PA,AEA,EN,Combined TRACON& Tower with Radar,15,13,22,0,50,0,12,34,0,46,15,25,56,0,96,26,0,26,122
07/07/2023,AVP,PA,AEA,EN,Combined TRACON& Tower with Radar,13,7,10,0,30,0,6,13,0,19,13,13,23,0,49,0,0,0,49
07/08/2023,AVP,PA,AEA,EN,Combined TRACON& Tower with Radar,9,8,21,0,38,0,7,29,0,36,9,15,50,0,74,16,0,16,90
07/09/2023,AVP,PA,AEA,EN,Combined TRACON& Tower with Radar,10,4,11,0,25,0,2,3,0,5,10,6,14,0,30,0,0,0,30
07/10/2023,AVP,PA,AEA,EN,Combined TRACON& Tower with Radar,11,6,17,0,34,0,1,5,0,6,11,7,22,0,40,0,0,0,40
07/11/2023,AVP,PA,AEA,EN,Combined TRACON& Tower with Radar,8,9,15,2,34,0,12,36,0,48,8,21,51,2,82,0,0,0,82
07/12/2023,AVP,PA,AEA,EN,Combined TRACON& Tower with Radar,9,6,21,0,36,0,7,27,0,34,9,13,48,0,70,40,0,40,110
07/13/2023,AVP,PA,AEA,EN,Combined TRACON& Tower with Radar,15,7,13,0,35,0,7,34,0,41,15,14,47,0,76,23,0,23,99
07/14/2023,AVP,PA,AEA,EN,Combined TRACON& Tower with Radar,14,11,19,0,44,0,2,14,0,16,14,13,33,0,60,54,0,54,114
07/15/2023,AVP,PA,AEA,EN,Combined TRACON& Tower with Radar,9,10,10,0,29,0,3,4,1,8,9,13,14,1,37,2,0,2,39
07/16/2023,AVP,PA,AEA,EN,Combined TRACON& Tower with Radar,12,4,16,0,32,0,0,4,0,4,12,4,20,0,36,13,0,13,49
07/17/2023,AVP,PA,AEA,EN,Combined TRACON& Tower with Radar,13,6,20,0,39,0,2,11,0,13,13,8,31,0,52,59,0,59,111
07/18/2023,AVP,PA,AEA,EN,Combined TRACON& Tower with Radar,10,12,11,3,36,0,5,3,1,9,10,17,14,4,45,29,0,29,74
07/19/2023,AVP,PA,AEA,EN,Combined TRACON& Tower with Radar,14,6,28,9,57,0,5,27,0,32,14,11,55,9,89,42,0,42,131
07/20/2023,AVP,PA,AEA,EN,Combined TRACON& Tower with Radar,12,12,27,3,54,0,5,43,1,49,12,17,70,4,103,26,0,26,129
07/21/2023,AVP,PA,AEA,EN,Combined TRACON& Tower with Radar,12,9,19,0,40,0,0,12,0,12,12,9,31,0,52,0,0,0,52
07/22/2023,AVP,PA,AEA,EN,Combined TRACON& Tower with Radar,9,10,34,0,53,0,0,38,2,40,9,10,72,2,93,8,0,8,101
07/23/2023,AVP,PA,AEA,EN,Combined TRACON& Tower with Radar,13,16,31,1,61,0,6,31,1,38,13,22,62,2,99,0,0,0,99
07/24/2023,AVP,PA,AEA,EN,Combined TRACON& Tower with Radar,10,10,13,0,33,0,4,3,0,7,10,14,16,0,40,0,0,0,40
07/25/2023,AVP,PA,AEA,EN,Combined TRACON& Tower with Radar,8,9,18,0,35,0,8,10,0,18,8,17,28,0,53,12,0,12,65
07/26/2023,AVP,PA,AEA,EN,Combined TRACON& Tower with Radar,10,17,25,0,52,0,7,30,0,37,10,24,55,0,89,0,0,0,89
07/27/2023,AVP,PA,AEA,EN,Combined TRACON& Tower with Radar,9,8,14,3,34,0,6,5,0,11,9,14,19,3,45,0,0,0,45
07/28/2023,AVP,PA,AEA,EN,Combined TRACON& Tower with Radar,13,5,14,2,34,0,6,27,0,33,13,11,41,2,67,0,0,0,67
07/29/2023,AVP,PA,AEA,EN,Combined TRACON& Tower with Radar,8,10,7,0,25,0,0,3,0,3,8,10,10,0,28,0,0,0,28
07/30/2023,AVP,PA,AEA,EN,Combined TRACON& Tower with Radar,14,8,13,0,35,0,2,21,0,23,14,10,34,0,58,5,0,5,63
07/31/2023,AVP,PA,AEA,EN,Combined TRACON& Tower with Radar,12,6,27,2,47,0,6,38,0,44,12,12,65,2,91,50,0,50,141
08/01/2023,AVP,PA,AEA,EN,Combined TRACON& Tower with Radar,8,11,18,2,39,0,5,28,0,33,8,16,46,2,72,0,0,0,72
08/02/2023,AVP,PA,AEA,EN,Combined TRACON& Tower with Radar,10,8,23,0,41,0,4,40,0,44,10,12,63,0,85,0,0,0,85
08/03/2023,AVP,PA,AEA,EN,Combined TRACON& Tower with Radar,12,8,21,0,41,0,1,16,0,17,12,9,37,0,58,8,0,8,66
08/04/2023,AVP,PA,AEA,EN,Combined TRACON& Tower with Radar,12,9,16,0,37,0,3,2,0,5,12,12,18,0,42,0,0,0,42
08/05/2023,AVP,PA,AEA,EN,Combined TRACON& Tower with Radar,9,8,9,0,26,0,2,16,0,18,9,10,25,0,44,0,0,0,44
08/06/2023,AVP,PA,AEA,EN,Combined TRACON& Tower with Radar,10,7,13,0,30,0,2,24,0,26,10,9,37,0,56,11,0,11,67
08/07/2023,AVP,PA,AEA,EN,Combined TRACON& Tower with Radar,13,8,6,2,29,0,2,0,0,2,13,10,6,2,31,0,0,0,31
08/08/2023,AVP,PA,AEA,EN,Combined TRACON& Tower with Radar,9,12,20,0,41,0,6,6,0,12,9,18,26,0,53,0,0,0,53
08/09/2023,AVP,PA,AEA,EN,Combined TRACON& Tower with Radar,12,15,12,0,39,0,0,27,0,27,12,15,39,0,66,6,0,6,72
08/10/2023,AVP,PA,AEA,EN,Combined TRACON& Tower with Radar,15,13,11,0,39,0,3,3,0,6,15,16,14,0,45,4,0,4,49
08/11/2023,AVP,PA,AEA,EN,Combined TRACON& Tower with Radar,12,9,16,2,39,0,2,15,0,17,12,11,31,2,56,8,0,8,64
08/12/2023,AVP,PA,AEA,EN,Combined TRACON& Tower with Radar,9,12,10,0,31,0,2,12,0,14,9,14,22,0,45,14,0,14,59
08/13/2023,AVP,PA,AEA,EN,Combined TRACON& Tower with Radar,13,4,15,0,32,0,2,22,0,24,13,6,37,0,56,15,0,15,71
08/14/2023,AVP,PA,AEA,EN,Combined TRACON& Tower with Radar,12,10,19,6,47,0,2,33,0,35,12,12,52,6,82,59,0,59,141
08/15/2023,AVP,PA,AEA,EN,Combined TRACON& Tower with Radar,12,8,23,8,51,0,2,3,1,6,12,10,26,9,57,16,0,16,73
08/16/2023,AVP,PA,AEA,EN,Combined TRACON& Tower with Radar,12,13,24,1,50,0,0,16,0,16,12,13,40,1,66,28,0,28,94
08/17/2023,AVP,PA,AEA,EN,Combined TRACON& Tower with Radar,12,11,24,3,50,0,2,3,0,5,12,13,27,3,55,0,0,0,55
08/18/2023,AVP,PA,AEA,EN,Combined TRACON& Tower with Radar,12,9,6,2,29,0,4,15,0,19,12,13,21,2,48,14,0,14,62
08/19/2023,AVP,PA,AEA,EN,Combined TRACON& Tower with Radar,11,13,8,0,32,0,1,23,0,24,11,14,31,0,56,10,0,10,66
08/20/2023,AVP,PA,AEA,EN,Combined TRACON& Tower with Radar,12,9,11,0,32,0,4,61,0,65,12,13,72,0,97,0,0,0,97
08/21/2023,AVP,PA,AEA,EN,Combined TRACON& Tower with Radar,12,9,25,0,46,0,2,33,0,35,12,11,58,0,81,8,0,8,89
08/22/2023,AVP,PA,AEA,EN,Combined TRACON& Tower with Radar,13,7,22,2,44,0,4,20,0,24,13,11,42,2,68,15,0,15,83
08/23/2023,AVP,PA,AEA,EN,Combined TRACON& Tower with Radar,12,10,10,3,35,0,5,40,1,46,12,15,50,4,81,61,0,61,142
08/24/2023,AVP,PA,AEA,EN,Combined TRACON& Tower with Radar,11,8,15,2,36,0,7,2,0,9,11,15,17,2,45,0,0,0,45
08/25/2023,AVP,PA,AEA,EN,Combined TRACON& Tower with Radar,13,6,16,2,37,0,2,6,0,8,13,8,22,2,45,8,0,8,53
08/26/2023,AVP,PA,AEA,EN,Combined TRACON& Tower with Radar,12,6,12,0,30,0,0,19,0,19,12,6,31,0,49,21,0,21,70
08/27/2023,AVP,PA,AEA,EN,Combined TRACON& Tower with Radar,12,7,15,0,34,0,2,20,0,22,12,9,35,0,56,41,0,41,97
08/28/2023,AVP,PA,AEA,EN,Combined TRACON& Tower with Radar,12,7,16,0,35,0,0,4,0,4,12,7,20,0,39,0,0,0,39
08/29/2023,AVP,PA,AEA,EN,Combined TRACON& Tower with Radar,12,11,15,2,40,0,2,16,0,18,12,13,31,2,58,30,0,30,88
08/30/2023,AVP,PA,AEA,EN,Combined TRACON& Tower with Radar,12,8,12,0,32,0,4,8,0,12,12,12,20,0,44,0,0,0,44
08/31/2023,AVP,PA,AEA,EN,Combined TRACON& Tower with Radar,12,14,15,4,45,0,6,20,0,26,12,20,35,4,71,11,0,11,82
