01/01/2020,BAF,MA,ANE,EN,Federal Contract Tower,0,0,6,0,6,0,0,14,0,14,0,0,20,0,20,14,0,14,34
01/02/2020,BAF,MA,ANE,EN,Federal Contract Tower,0,0,3,0,3,0,0,52,3,55,0,0,55,3,58,28,0,28,86
01/03/2020,BAF,MA,ANE,EN,Federal Contract Tower,0,2,6,7,15,0,4,30,16,50,0,6,36,23,65,64,4,68,133
01/04/2020,BAF,MA,ANE,EN,Federal Contract Tower,0,2,5,0,7,0,0,0,0,0,0,2,5,0,7,0,0,0,7
01/05/2020,BAF,MA,ANE,EN,Federal Contract Tower,0,3,10,0,13,0,2,34,0,36,0,5,44,0,49,30,0,30,79
01/06/2020,BAF,MA,ANE,EN,Federal Contract Tower,0,0,3,8,11,0,0,8,0,8,0,0,11,8,19,14,2,16,35
01/07/2020,BAF,MA,ANE,EN,Federal Contract Tower,0,0,12,13,25,0,0,40,6,46,0,0,52,19,71,52,16,68,139
01/08/2020,BAF,MA,ANE,EN,Federal Contract Tower,0,0,2,12,14,0,0,35,3,38,0,0,37,15,52,18,2,20,72
01/09/2020,BAF,MA,ANE,EN,Federal Contract Tower,0,1,5,8,14,0,2,56,12,70,0,3,61,20,84,78,10,88,172
01/10/2020,BAF,MA,ANE,EN,Federal Contract Tower,0,5,7,6,18,0,0,45,16,61,0,5,52,22,79,82,0,82,161
01/11/2020,BAF,MA,ANE,EN,Federal Contract Tower,0,4,5,5,14,0,2,31,26,59,0,6,36,31,73,36,0,36,109
01/12/2020,BAF,MA,ANE,EN,Federal Contract Tower,0,0,1,0,1,0,0,9,6,15,0,0,10,6,16,8,6,14,30
01/13/2020,BAF,MA,ANE,EN,Federal Contract Tower,0,1,14,0,15,0,0,2,0,2,0,1,16,0,17,0,0,0,17
01/14/2020,BAF,MA,ANE,EN,Federal Contract Tower,0,0,11,11,22,0,0,33,9,42,0,0,44,20,64,12,56,68,132
01/15/2020,BAF,MA,ANE,EN,Federal Contract Tower,0,3,14,8,25,0,0,60,13,73,0,3,74,21,98,86,0,86,184
01/16/2020,BAF,MA,ANE,EN,Federal Contract Tower,0,1,2,10,13,0,0,2,3,5,0,1,4,13,18,0,24,24,42
01/17/2020,BAF,MA,ANE,EN,Federal Contract Tower,0,1,8,6,15,0,4,14,4,22,0,5,22,10,37,16,0,16,53
01/18/2020,BAF,MA,ANE,EN,Federal Contract Tower,0,0,4,1,5,0,4,26,4,34,0,4,30,5,39,46,0,46,85
01/19/2020,BAF,MA,ANE,EN,Federal Contract Tower,0,0,7,0,7,0,0,8,0,8,0,0,15,0,15,6,0,6,21
01/20/2020,BAF,MA,ANE,EN,Federal Contract Tower,0,1,8,0,9,0,0,40,0,40,0,1,48,0,49,78,0,78,127
01/21/2020,BAF,MA,ANE,EN,Federal Contract Tower,0,3,22,7,32,0,2,37,21,60,0,5,59,28,92,36,0,36,128
01/22/2020,BAF,MA,ANE,EN,Federal Contract Tower,0,0,3,10,13,0,0,42,17,59,0,0,45,27,72,66,0,66,138
01/23/2020,BAF,MA,ANE,EN,Federal Contract Tower,0,6,5,4,15,0,0,90,2,92,0,6,95,6,107,120,0,120,227
01/24/2020,BAF,MA,ANE,EN,Federal Contract Tower,0,2,6,4,12,0,0,77,1,78,0,2,83,5,90,102,0,102,192
01/25/2020,BAF,MA,ANE,EN,Federal Contract Tower,0,3,4,0,7,0,0,0,0,0,0,3,4,0,7,0,0,0,7
01/26/2020,BAF,MA,ANE,EN,Federal Contract Tower,0,2,9,3,14,0,0,56,1,57,0,2,65,4,71,72,0,72,143
01/27/2020,BAF,MA,ANE,EN,Federal Contract Tower,0,2,5,1,8,0,2,42,12,56,0,4,47,13,64,32,4,36,100
01/28/2020,BAF,MA,ANE,EN,Federal Contract Tower,0,1,6,8,15,0,4,34,18,56,0,5,40,26,71,48,8,56,127
01/29/2020,BAF,MA,ANE,EN,Federal Contract Tower,0,1,13,11,25,0,0,53,32,85,0,1,66,43,110,32,12,44,154
01/30/2020,BAF,MA,ANE,EN,Federal Contract Tower,0,0,9,9,18,0,4,74,1,79,0,4,83,10,97,90,4,94,191
01/31/2020,BAF,MA,ANE,EN,Federal Contract Tower,0,2,6,8,16,0,0,57,0,57,0,2,63,8,73,34,0,34,107
02/01/2020,BAF,MA,ANE,EN,Federal Contract Tower,0,0,6,12,18,0,0,0,0,0,0,0,6,12,18,0,0,0,18
02/02/2020,BAF,MA,ANE,EN,Federal Contract Tower,0,1,3,4,8,0,0,63,0,63,0,1,66,4,71,62,0,62,133
02/03/2020,BAF,MA,ANE,EN,Federal Contract Tower,0,0,3,0,3,0,0,39,2,41,0,0,42,2,44,32,0,32,76
02/04/2020,BAF,MA,ANE,EN,Federal Contract Tower,0,3,4,8,15,0,0,42,18,60,0,3,46,26,75,74,0,74,149
02/05/2020,BAF,MA,ANE,EN,Federal Contract Tower,0,1,8,7,16,0,8,51,24,83,0,9,59,31,99,74,2,76,175
02/06/2020,BAF,MA,ANE,EN,Federal Contract Tower,0,1,1,0,2,0,0,0,0,0,0,1,1,0,2,0,0,0,2
02/07/2020,BAF,MA,ANE,EN,Federal Contract Tower,0,0,0,0,0,0,0,0,0,0,0,0,0,0,0,0,0,0,0
02/08/2020,BAF,MA,ANE,EN,Federal Contract Tower,0,2,11,0,13,0,0,31,17,48,0,2,42,17,61,38,18,56,117
02/09/2020,BAF,MA,ANE,EN,Federal Contract Tower,0,3,6,0,9,0,0,30,0,30,0,3,36,0,39,44,0,44,83
02/10/2020,BAF,MA,ANE,EN,Federal Contract Tower,0,0,12,12,24,0,0,9,0,9,0,0,21,12,33,22,0,22,55
02/11/2020,BAF,MA,ANE,EN,Federal Contract Tower,0,3,2,4,9,0,0,0,0,0,0,3,2,4,9,0,0,0,9
02/12/2020,BAF,MA,ANE,EN,Federal Contract Tower,0,1,19,13,33,0,3,45,5,53,0,4,64,18,86,52,6,58,144
02/13/2020,BAF,MA,ANE,EN,Federal Contract Tower,0,1,7,0,8,0,0,0,0,0,0,1,7,0,8,0,0,0,8
02/14/2020,BAF,MA,ANE,EN,Federal Contract Tower,0,1,12,5,18,0,2,29,0,31,0,3,41,5,49,32,2,34,83
02/15/2020,BAF,MA,ANE,EN,Federal Contract Tower,0,3,8,0,11,0,0,85,0,85,0,3,93,0,96,80,0,80,176
02/16/2020,BAF,MA,ANE,EN,Federal Contract Tower,0,2,3,0,5,0,0,44,0,44,0,2,47,0,49,48,0,48,97
02/17/2020,BAF,MA,ANE,EN,Federal Contract Tower,0,0,8,0,8,0,4,73,0,77,0,4,81,0,85,76,0,76,161
02/18/2020,BAF,MA,ANE,EN,Federal Contract Tower,0,1,4,4,9,0,0,22,8,30,0,1,26,12,39,10,6,16,55
02/19/2020,BAF,MA,ANE,EN,Federal Contract Tower,0,4,6,9,19,0,0,39,20,59,0,4,45,29,78,14,2,16,94
02/20/2020,BAF,MA,ANE,EN,Federal Contract Tower,0,0,8,9,17,0,1,50,1,52,0,1,58,10,69,38,6,44,113
02/21/2020,BAF,MA,ANE,EN,Federal Contract Tower,0,0,8,4,12,0,0,66,3,69,0,0,74,7,81,74,0,74,155
02/22/2020,BAF,MA,ANE,EN,Federal Contract Tower,0,1,8,0,9,0,1,55,0,56,0,2,63,0,65,60,0,60,125
02/23/2020,BAF,MA,ANE,EN,Federal Contract Tower,0,4,2,0,6,0,0,81,0,81,0,4,83,0,87,110,0,110,197
02/24/2020,BAF,MA,ANE,EN,Federal Contract Tower,0,0,6,4,10,0,1,69,1,71,0,1,75,5,81,88,8,96,177
02/25/2020,BAF,MA,ANE,EN,Federal Contract Tower,0,2,3,14,19,0,0,23,6,29,0,2,26,20,48,48,14,62,110
02/26/2020,BAF,MA,ANE,EN,Federal Contract Tower,0,2,8,21,31,0,0,8,5,13,0,2,16,26,44,18,16,34,78
02/27/2020,BAF,MA,ANE,EN,Federal Contract Tower,0,0,3,10,13,0,0,7,4,11,0,0,10,14,24,8,14,22,46
02/28/2020,BAF,MA,ANE,EN,Federal Contract Tower,0,0,7,2,9,0,1,33,14,48,0,1,40,16,57,36,4,40,97
02/29/2020,BAF,MA,ANE,EN,Federal Contract Tower,0,0,4,0,4,0,2,35,2,39,0,2,39,2,43,56,2,58,101
03/01/2020,BAF,MA,ANE,EN,Federal Contract Tower,0,2,6,0,8,0,2,33,0,35,0,4,39,0,43,28,0,28,71
03/02/2020,BAF,MA,ANE,EN,Federal Contract Tower,0,0,11,13,24,0,6,69,0,75,0,6,80,13,99,88,4,92,191
03/03/2020,BAF,MA,ANE,EN,Federal Contract Tower,0,0,7,9,16,0,3,41,9,53,0,3,48,18,69,54,8,62,131
03/04/2020,BAF,MA,ANE,EN,Federal Contract Tower,0,0,5,5,10,0,0,20,4,24,0,0,25,9,34,0,16,16,50
03/05/2020,BAF,MA,ANE,EN,Federal Contract Tower,0,0,4,12,16,0,4,57,8,69,0,4,61,20,85,84,14,98,183
03/06/2020,BAF,MA,ANE,EN,Federal Contract Tower,0,1,3,12,16,0,0,28,2,30,0,1,31,14,46,54,2,56,102
03/07/2020,BAF,MA,ANE,EN,Federal Contract Tower,0,2,0,0,2,0,2,36,0,38,0,4,36,0,40,58,0,58,98
03/08/2020,BAF,MA,ANE,EN,Federal Contract Tower,0,0,13,0,13,0,2,99,0,101,0,2,112,0,114,104,0,104,218
03/09/2020,BAF,MA,ANE,EN,Federal Contract Tower,0,0,6,0,6,0,0,53,11,64,0,0,59,11,70,78,4,82,152
03/10/2020,BAF,MA,ANE,EN,Federal Contract Tower,0,1,11,7,19,0,2,22,5,29,0,3,33,12,48,46,12,58,106
03/11/2020,BAF,MA,ANE,EN,Federal Contract Tower,0,0,6,8,14,0,0,50,11,61,0,0,56,19,75,52,2,54,129
03/12/2020,BAF,MA,ANE,EN,Federal Contract Tower,0,0,9,10,19,0,0,49,15,64,0,0,58,25,83,48,8,56,139
03/13/2020,BAF,MA,ANE,EN,Federal Contract Tower,0,2,4,0,6,0,0,0,0,0,0,2,4,0,6,0,0,0,6
03/14/2020,BAF,MA,ANE,EN,Federal Contract Tower,0,0,9,0,9,0,0,39,0,39,0,0,48,0,48,36,0,36,84
03/15/2020,BAF,MA,ANE,EN,Federal Contract Tower,0,0,15,0,15,0,0,88,0,88,0,0,103,0,103,110,4,114,217
03/16/2020,BAF,MA,ANE,EN,Federal Contract Tower,0,1,7,0,8,0,0,36,0,36,0,1,43,0,44,72,0,72,116
03/17/2020,BAF,MA,ANE,EN,Federal Contract Tower,0,3,3,0,6,0,0,8,0,8,0,3,11,0,14,20,0,20,34
03/18/2020,BAF,MA,ANE,EN,Federal Contract Tower,0,1,7,0,8,0,0,59,0,59,0,1,66,0,67,72,0,72,139
03/19/2020,BAF,MA,ANE,EN,Federal Contract Tower,0,0,1,5,6,0,0,0,0,0,0,0,1,5,6,0,0,0,6
03/20/2020,BAF,MA,ANE,EN,Federal Contract Tower,0,0,2,0,2,0,0,0,0,0,0,0,2,0,2,0,0,0,2
03/21/2020,BAF,MA,ANE,EN,Federal Contract Tower,0,0,3,0,3,0,2,53,0,55,0,2,56,0,58,84,0,84,142
03/22/2020,BAF,MA,ANE,EN,Federal Contract Tower,0,0,8,0,8,0,2,47,0,49,0,2,55,0,57,50,0,50,107
03/23/2020,BAF,MA,ANE,EN,Federal Contract Tower,0,1,2,0,3,0,0,0,0,0,0,1,2,0,3,0,0,0,3
03/24/2020,BAF,MA,ANE,EN,Federal Contract Tower,0,0,7,0,7,0,0,24,0,24,0,0,31,0,31,14,0,14,45
03/25/2020,BAF,MA,ANE,EN,Federal Contract Tower,0,0,1,0,1,0,0,24,0,24,0,0,25,0,25,30,0,30,55
03/26/2020,BAF,MA,ANE,EN,Federal Contract Tower,0,1,2,0,3,0,0,43,6,49,0,1,45,6,52,48,0,48,100
03/27/2020,BAF,MA,ANE,EN,Federal Contract Tower,0,4,3,0,7,0,4,37,0,41,0,8,40,0,48,36,0,36,84
03/28/2020,BAF,MA,ANE,EN,Federal Contract Tower,0,0,9,0,9,0,0,24,0,24,0,0,33,0,33,30,0,30,63
03/29/2020,BAF,MA,ANE,EN,Federal Contract Tower,0,1,2,0,3,0,0,0,0,0,0,1,2,0,3,0,0,0,3
03/30/2020,BAF,MA,ANE,EN,Federal Contract Tower,0,1,12,4,17,0,0,4,0,4,0,1,16,4,21,2,0,2,23
03/31/2020,BAF,MA,ANE,EN,Federal Contract Tower,0,0,9,7,16,0,0,12,16,28,0,0,21,23,44,10,22,32,76
04/01/2020,BAF,MA,ANE,EN,Federal Contract Tower,0,2,4,0,6,0,0,22,5,27,0,2,26,5,33,18,0,18,51
04/02/2020,BAF,MA,ANE,EN,Federal Contract Tower,0,0,1,2,3,0,0,16,0,16,0,0,17,2,19,26,4,30,49
04/03/2020,BAF,MA,ANE,EN,Federal Contract Tower,0,4,5,2,11,0,0,3,0,3,0,4,8,2,14,2,0,2,16
04/04/2020,BAF,MA,ANE,EN,Federal Contract Tower,0,0,3,0,3,0,0,14,0,14,0,0,17,0,17,10,0,10,27
04/05/2020,BAF,MA,ANE,EN,Federal Contract Tower,0,0,5,1,6,0,1,24,1,26,0,1,29,2,32,26,0,26,58
04/06/2020,BAF,MA,ANE,EN,Federal Contract Tower,0,2,4,0,6,0,0,32,5,37,0,2,36,5,43,30,0,30,73
04/07/2020,BAF,MA,ANE,EN,Federal Contract Tower,0,0,7,8,15,0,4,30,1,35,0,4,37,9,50,20,2,22,72
04/08/2020,BAF,MA,ANE,EN,Federal Contract Tower,0,0,2,0,2,0,1,27,0,28,0,1,29,0,30,32,0,32,62
04/09/2020,BAF,MA,ANE,EN,Federal Contract Tower,0,1,0,7,8,0,0,0,0,0,0,1,0,7,8,0,0,0,8
04/10/2020,BAF,MA,ANE,EN,Federal Contract Tower,0,0,0,0,0,0,0,2,0,2,0,0,2,0,2,0,0,0,2
04/11/2020,BAF,MA,ANE,EN,Federal Contract Tower,0,0,4,0,4,0,2,10,0,12,0,2,14,0,16,6,0,6,22
04/12/2020,BAF,MA,ANE,EN,Federal Contract Tower,0,0,3,0,3,0,0,40,0,40,0,0,43,0,43,26,0,26,69
04/13/2020,BAF,MA,ANE,EN,Federal Contract Tower,0,0,0,0,0,0,0,0,0,0,0,0,0,0,0,0,0,0,0
04/14/2020,BAF,MA,ANE,EN,Federal Contract Tower,0,1,2,6,9,0,2,39,2,43,0,3,41,8,52,56,0,56,108
04/15/2020,BAF,MA,ANE,EN,Federal Contract Tower,0,1,0,0,1,0,4,25,2,31,0,5,25,2,32,36,10,46,78
04/16/2020,BAF,MA,ANE,EN,Federal Contract Tower,0,0,0,5,5,0,0,11,0,11,0,0,11,5,16,0,0,0,16
04/17/2020,BAF,MA,ANE,EN,Federal Contract Tower,0,0,0,0,0,0,0,21,0,21,0,0,21,0,21,18,0,18,39
04/18/2020,BAF,MA,ANE,EN,Federal Contract Tower,0,1,0,0,1,0,0,9,0,9,0,1,9,0,10,8,0,8,18
04/19/2020,BAF,MA,ANE,EN,Federal Contract Tower,0,0,6,0,6,0,0,62,0,62,0,0,68,0,68,32,0,32,100
04/20/2020,BAF,MA,ANE,EN,Federal Contract Tower,0,0,8,0,8,0,4,61,1,66,0,4,69,1,74,90,0,90,164
04/21/2020,BAF,MA,ANE,EN,Federal Contract Tower,0,0,5,7,12,0,4,1,8,13,0,4,6,15,25,0,0,0,25
04/22/2020,BAF,MA,ANE,EN,Federal Contract Tower,0,0,1,0,1,0,2,29,6,37,0,2,30,6,38,20,2,22,60
04/23/2020,BAF,MA,ANE,EN,Federal Contract Tower,0,0,3,2,5,0,1,50,14,65,0,1,53,16,70,26,14,40,110
04/24/2020,BAF,MA,ANE,EN,Federal Contract Tower,0,0,2,0,2,0,0,0,0,0,0,0,2,0,2,0,0,0,2
04/26/2020,BAF,MA,ANE,EN,Federal Contract Tower,0,3,7,0,10,0,0,19,0,19,0,3,26,0,29,26,0,26,55
04/27/2020,BAF,MA,ANE,EN,Federal Contract Tower,0,0,2,0,2,0,0,4,0,4,0,0,6,0,6,2,0,2,8
04/28/2020,BAF,MA,ANE,EN,Federal Contract Tower,0,1,1,7,9,0,0,0,0,0,0,1,1,7,9,72,16,88,97
04/29/2020,BAF,MA,ANE,EN,Federal Contract Tower,0,0,1,0,1,0,0,46,0,46,0,0,47,0,47,50,2,52,99
04/30/2020,BAF,MA,ANE,EN,Federal Contract Tower,0,1,4,6,11,0,0,0,8,8,0,1,4,14,19,0,0,0,19
05/01/2020,BAF,MA,ANE,EN,Federal Contract Tower,0,3,4,0,7,0,0,0,0,0,0,3,4,0,7,0,0,0,7
05/02/2020,BAF,MA,ANE,EN,Federal Contract Tower,0,0,3,0,3,0,0,55,0,55,0,0,58,0,58,62,0,62,120
05/03/2020,BAF,MA,ANE,EN,Federal Contract Tower,0,0,3,0,3,0,0,52,0,52,0,0,55,0,55,34,0,34,89
05/04/2020,BAF,MA,ANE,EN,Federal Contract Tower,0,2,2,10,14,0,1,26,0,27,0,3,28,10,41,24,8,32,73
05/05/2020,BAF,MA,ANE,EN,Federal Contract Tower,0,2,2,1,5,0,1,49,4,54,0,3,51,5,59,70,0,70,129
05/06/2020,BAF,MA,ANE,EN,Federal Contract Tower,0,1,2,6,9,0,1,57,8,66,0,2,59,14,75,46,10,56,131
05/07/2020,BAF,MA,ANE,EN,Federal Contract Tower,0,0,0,3,3,0,0,49,7,56,0,0,49,10,59,44,4,48,107
05/08/2020,BAF,MA,ANE,EN,Federal Contract Tower,0,0,3,8,11,0,0,38,2,40,0,0,41,10,51,29,4,33,84
05/09/2020,BAF,MA,ANE,EN,Federal Contract Tower,0,0,1,0,1,0,0,0,0,0,0,0,1,0,1,0,0,0,1
05/10/2020,BAF,MA,ANE,EN,Federal Contract Tower,0,2,4,0,6,0,0,26,0,26,0,2,30,0,32,10,0,10,42
05/11/2020,BAF,MA,ANE,EN,Federal Contract Tower,0,0,6,9,15,0,0,22,0,22,0,0,28,9,37,20,0,20,57
05/12/2020,BAF,MA,ANE,EN,Federal Contract Tower,0,0,7,2,9,0,0,41,5,46,0,0,48,7,55,42,8,50,105
05/13/2020,BAF,MA,ANE,EN,Federal Contract Tower,0,1,4,7,12,0,0,36,6,42,0,1,40,13,54,60,0,60,114
05/14/2020,BAF,MA,ANE,EN,Federal Contract Tower,0,0,3,1,4,0,0,77,2,79,0,0,80,3,83,58,2,60,143
05/15/2020,BAF,MA,ANE,EN,Federal Contract Tower,0,0,4,8,12,0,0,41,4,45,0,0,45,12,57,60,0,60,117
05/16/2020,BAF,MA,ANE,EN,Federal Contract Tower,0,1,9,0,10,0,4,45,0,49,0,5,54,0,59,78,0,78,137
05/17/2020,BAF,MA,ANE,EN,Federal Contract Tower,0,1,7,0,8,0,4,42,0,46,0,5,49,0,54,60,0,60,114
05/18/2020,BAF,MA,ANE,EN,Federal Contract Tower,0,2,4,14,20,0,2,31,0,33,0,4,35,14,53,36,0,36,89
05/19/2020,BAF,MA,ANE,EN,Federal Contract Tower,0,2,4,3,9,0,0,47,2,49,0,2,51,5,58,32,0,32,90
05/20/2020,BAF,MA,ANE,EN,Federal Contract Tower,0,1,5,10,16,0,3,56,12,71,0,4,61,22,87,84,12,96,183
05/21/2020,BAF,MA,ANE,EN,Federal Contract Tower,0,3,7,2,12,0,0,56,4,60,0,3,63,6,72,52,0,52,124
05/22/2020,BAF,MA,ANE,EN,Federal Contract Tower,0,1,5,11,17,0,2,38,5,45,0,3,43,16,62,68,4,72,134
05/23/2020,BAF,MA,ANE,EN,Federal Contract Tower,0,0,10,0,10,0,2,8,2,12,0,2,18,2,22,2,2,4,26
05/24/2020,BAF,MA,ANE,EN,Federal Contract Tower,0,0,5,0,5,0,1,57,0,58,0,1,62,0,63,40,0,40,103
05/25/2020,BAF,MA,ANE,EN,Federal Contract Tower,0,0,12,5,17,0,0,19,0,19,0,0,31,5,36,28,0,28,64
05/26/2020,BAF,MA,ANE,EN,Federal Contract Tower,0,1,8,2,11,0,0,54,0,54,0,1,62,2,65,36,0,36,101
05/27/2020,BAF,MA,ANE,EN,Federal Contract Tower,0,0,11,8,19,0,2,75,6,83,0,2,86,14,102,68,0,68,170
05/28/2020,BAF,MA,ANE,EN,Federal Contract Tower,0,0,7,4,11,0,0,15,0,15,0,0,22,4,26,8,0,8,34
05/29/2020,BAF,MA,ANE,EN,Federal Contract Tower,0,0,6,15,21,0,0,13,0,13,0,0,19,15,34,10,0,10,44
05/30/2020,BAF,MA,ANE,EN,Federal Contract Tower,0,1,10,0,11,0,2,59,2,63,0,3,69,2,74,40,6,46,120
05/31/2020,BAF,MA,ANE,EN,Federal Contract Tower,0,2,3,0,5,0,0,45,1,46,0,2,48,1,51,12,0,12,63
06/01/2020,BAF,MA,ANE,EN,Federal Contract Tower,0,0,5,5,10,0,2,39,12,53,0,2,44,17,63,58,0,58,121
06/02/2020,BAF,MA,ANE,EN,Federal Contract Tower,0,1,4,3,8,0,4,49,2,55,0,5,53,5,63,80,0,80,143
06/03/2020,BAF,MA,ANE,EN,Federal Contract Tower,0,0,5,2,7,0,3,65,0,68,0,3,70,2,75,136,0,136,211
06/04/2020,BAF,MA,ANE,EN,Federal Contract Tower,0,7,3,9,19,0,0,68,1,69,0,7,71,10,88,84,0,84,172
06/05/2020,BAF,MA,ANE,EN,Federal Contract Tower,0,0,5,12,17,0,2,10,0,12,0,2,15,12,29,19,6,25,54
06/06/2020,BAF,MA,ANE,EN,Federal Contract Tower,0,1,8,0,9,0,3,32,0,35,0,4,40,0,44,50,0,50,94
06/07/2020,BAF,MA,ANE,EN,Federal Contract Tower,0,0,5,1,6,0,3,30,1,34,0,3,35,2,40,28,8,36,76
06/08/2020,BAF,MA,ANE,EN,Federal Contract Tower,0,0,7,6,13,0,2,67,3,72,0,2,74,9,85,56,0,56,141
06/09/2020,BAF,MA,ANE,EN,Federal Contract Tower,0,0,7,12,19,0,2,72,15,89,0,2,79,27,108,100,4,104,212
06/10/2020,BAF,MA,ANE,EN,Federal Contract Tower,0,1,21,16,38,0,5,64,41,110,0,6,85,57,148,148,6,154,302
06/11/2020,BAF,MA,ANE,EN,Federal Contract Tower,0,0,3,5,8,0,0,0,0,0,0,0,3,5,8,4,0,4,12
06/12/2020,BAF,MA,ANE,EN,Federal Contract Tower,0,0,9,12,21,0,0,62,0,62,0,0,71,12,83,104,8,112,195
06/13/2020,BAF,MA,ANE,EN,Federal Contract Tower,0,0,7,0,7,0,3,60,0,63,0,3,67,0,70,90,0,90,160
06/14/2020,BAF,MA,ANE,EN,Federal Contract Tower,0,0,13,0,13,0,2,80,0,82,0,2,93,0,95,52,0,52,147
06/15/2020,BAF,MA,ANE,EN,Federal Contract Tower,0,0,16,16,32,0,3,58,0,61,0,3,74,16,93,70,0,70,163
06/16/2020,BAF,MA,ANE,EN,Federal Contract Tower,0,0,6,16,22,0,0,67,32,99,0,0,73,48,121,96,16,112,233
06/17/2020,BAF,MA,ANE,EN,Federal Contract Tower,0,0,19,19,38,0,2,53,27,82,0,2,72,46,120,136,18,154,274
06/18/2020,BAF,MA,ANE,EN,Federal Contract Tower,0,1,4,10,15,0,2,65,12,79,0,3,69,22,94,108,8,116,210
06/19/2020,BAF,MA,ANE,EN,Federal Contract Tower,0,0,7,6,13,0,0,62,0,62,0,0,69,6,75,86,0,86,161
06/20/2020,BAF,MA,ANE,EN,Federal Contract Tower,0,1,5,0,6,0,2,68,0,70,0,3,73,0,76,84,0,84,160
06/21/2020,BAF,MA,ANE,EN,Federal Contract Tower,0,0,6,0,6,0,2,58,0,60,0,2,64,0,66,76,0,76,142
06/22/2020,BAF,MA,ANE,EN,Federal Contract Tower,0,0,14,7,21,0,0,41,5,46,0,0,55,12,67,82,0,82,149
06/23/2020,BAF,MA,ANE,EN,Federal Contract Tower,0,4,7,9,20,0,1,45,13,59,0,5,52,22,79,76,2,78,157
06/24/2020,BAF,MA,ANE,EN,Federal Contract Tower,0,0,7,5,12,0,1,37,3,41,0,1,44,8,53,28,0,28,81
06/25/2020,BAF,MA,ANE,EN,Federal Contract Tower,0,3,10,6,19,0,0,69,0,69,0,3,79,6,88,74,16,90,178
06/26/2020,BAF,MA,ANE,EN,Federal Contract Tower,0,1,6,15,22,0,0,57,2,59,0,1,63,17,81,70,16,86,167
06/27/2020,BAF,MA,ANE,EN,Federal Contract Tower,0,0,1,0,1,0,4,31,0,35,0,4,32,0,36,58,0,58,94
06/28/2020,BAF,MA,ANE,EN,Federal Contract Tower,0,2,16,0,18,0,2,21,0,23,0,4,37,0,41,40,0,40,81
06/29/2020,BAF,MA,ANE,EN,Federal Contract Tower,0,2,10,9,21,0,0,0,0,0,0,2,10,9,21,0,10,10,31
06/30/2020,BAF,MA,ANE,EN,Federal Contract Tower,0,0,12,16,28,0,0,4,4,8,0,0,16,20,36,6,64,70,106
07/01/2020,BAF,MA,ANE,EN,Federal Contract Tower,0,3,10,13,26,0,0,21,2,23,0,3,31,15,49,48,18,66,115
07/02/2020,BAF,MA,ANE,EN,Federal Contract Tower,0,1,12,0,13,0,0,100,5,105,0,1,112,5,118,88,6,94,212
07/03/2020,BAF,MA,ANE,EN,Federal Contract Tower,0,0,3,0,3,0,0,16,0,16,0,0,19,0,19,48,0,48,67
07/04/2020,BAF,MA,ANE,EN,Federal Contract Tower,0,0,8,0,8,0,4,69,0,73,0,4,77,0,81,72,0,72,153
07/05/2020,BAF,MA,ANE,EN,Federal Contract Tower,0,0,15,0,15,0,1,60,0,61,0,1,75,0,76,56,0,56,132
07/06/2020,BAF,MA,ANE,EN,Federal Contract Tower,0,2,12,0,14,0,0,54,4,58,0,2,66,4,72,68,0,68,140
07/07/2020,BAF,MA,ANE,EN,Federal Contract Tower,0,0,16,18,34,0,4,35,4,43,0,4,51,22,77,82,24,106,183
07/08/2020,BAF,MA,ANE,EN,Federal Contract Tower,0,4,10,12,26,0,4,22,24,50,0,8,32,36,76,56,30,86,162
07/09/2020,BAF,MA,ANE,EN,Federal Contract Tower,0,0,13,12,25,0,0,76,25,101,0,0,89,37,126,82,12,94,220
07/10/2020,BAF,MA,ANE,EN,Federal Contract Tower,0,7,21,8,36,0,4,12,0,16,0,11,33,8,52,60,0,60,112
07/11/2020,BAF,MA,ANE,EN,Federal Contract Tower,0,0,11,0,11,0,4,18,0,22,0,4,29,0,33,54,0,54,87
07/12/2020,BAF,MA,ANE,EN,Federal Contract Tower,0,0,7,0,7,0,2,87,0,89,0,2,94,0,96,70,0,70,166
07/13/2020,BAF,MA,ANE,EN,Federal Contract Tower,0,3,5,11,19,0,4,83,10,97,0,7,88,21,116,128,4,132,248
07/14/2020,BAF,MA,ANE,EN,Federal Contract Tower,0,2,7,10,19,0,2,52,7,61,0,4,59,17,80,80,44,124,204
07/15/2020,BAF,MA,ANE,EN,Federal Contract Tower,0,2,15,16,33,0,0,139,2,141,0,2,154,18,174,154,0,154,328
07/16/2020,BAF,MA,ANE,EN,Federal Contract Tower,0,0,9,11,20,0,0,88,23,111,0,0,97,34,131,134,14,148,279
07/17/2020,BAF,MA,ANE,EN,Federal Contract Tower,0,0,18,9,27,0,0,16,0,16,0,0,34,9,43,6,0,6,49
07/18/2020,BAF,MA,ANE,EN,Federal Contract Tower,0,0,2,0,2,0,2,90,3,95,0,2,92,3,97,118,10,128,225
07/19/2020,BAF,MA,ANE,EN,Federal Contract Tower,0,0,9,2,11,0,2,99,4,105,0,2,108,6,116,90,6,96,212
07/20/2020,BAF,MA,ANE,EN,Federal Contract Tower,0,0,8,0,8,0,4,65,5,74,0,4,73,5,82,130,6,136,218
07/21/2020,BAF,MA,ANE,EN,Federal Contract Tower,0,0,14,13,27,0,0,91,3,94,0,0,105,16,121,96,21,117,238
07/22/2020,BAF,MA,ANE,EN,Federal Contract Tower,0,0,7,9,16,0,0,69,0,69,0,0,76,9,85,84,0,84,169
07/23/2020,BAF,MA,ANE,EN,Federal Contract Tower,0,0,5,5,10,0,0,52,4,56,0,0,57,9,66,64,14,78,144
07/24/2020,BAF,MA,ANE,EN,Federal Contract Tower,0,1,9,6,16,0,0,60,13,73,0,1,69,19,89,72,16,88,177
07/25/2020,BAF,MA,ANE,EN,Federal Contract Tower,0,1,5,6,12,0,5,77,5,87,0,6,82,11,99,194,0,194,293
07/26/2020,BAF,MA,ANE,EN,Federal Contract Tower,0,1,4,5,10,0,4,90,4,98,0,5,94,9,108,152,0,152,260
07/27/2020,BAF,MA,ANE,EN,Federal Contract Tower,0,3,4,6,13,0,3,54,8,65,0,6,58,14,78,70,20,90,168
07/28/2020,BAF,MA,ANE,EN,Federal Contract Tower,0,1,7,15,23,0,0,52,7,59,0,1,59,22,82,94,10,104,186
07/29/2020,BAF,MA,ANE,EN,Federal Contract Tower,0,0,13,10,23,0,0,65,8,73,0,0,78,18,96,86,42,128,224
07/30/2020,BAF,MA,ANE,EN,Federal Contract Tower,0,1,7,15,23,0,0,57,15,72,0,1,64,30,95,92,12,104,199
07/31/2020,BAF,MA,ANE,EN,Federal Contract Tower,0,4,7,0,11,0,0,72,4,76,0,4,79,4,87,108,0,108,195
08/01/2020,BAF,MA,ANE,EN,Federal Contract Tower,0,0,6,0,6,0,4,75,0,79,0,4,81,0,85,136,0,136,221
08/02/2020,BAF,MA,ANE,EN,Federal Contract Tower,0,0,8,0,8,0,0,2,0,2,0,0,10,0,10,36,0,36,46
08/03/2020,BAF,MA,ANE,EN,Federal Contract Tower,0,0,4,13,17,0,0,68,17,85,0,0,72,30,102,82,22,104,206
08/05/2020,BAF,MA,ANE,EN,Federal Contract Tower,0,1,7,7,15,0,0,70,6,76,0,1,77,13,91,66,14,80,171
08/06/2020,BAF,MA,ANE,EN,Federal Contract Tower,0,0,22,3,25,0,0,70,4,74,0,0,92,7,99,102,2,104,203
08/07/2020,BAF,MA,ANE,EN,Federal Contract Tower,0,0,7,7,14,0,2,39,4,45,0,2,46,11,59,34,10,44,103
08/08/2020,BAF,MA,ANE,EN,Federal Contract Tower,0,0,6,7,13,0,2,72,7,81,0,2,78,14,94,116,0,116,210
08/09/2020,BAF,MA,ANE,EN,Federal Contract Tower,0,3,12,5,20,0,2,85,2,89,0,5,97,7,109,74,0,74,183
08/10/2020,BAF,MA,ANE,EN,Federal Contract Tower,0,0,8,8,16,0,0,86,4,90,0,0,94,12,106,104,12,116,222
08/11/2020,BAF,MA,ANE,EN,Federal Contract Tower,0,0,6,7,13,0,0,75,9,84,0,0,81,16,97,98,0,98,195
08/12/2020,BAF,MA,ANE,EN,Federal Contract Tower,0,0,4,5,9,0,0,68,8,76,0,0,72,13,85,124,14,138,223
08/13/2020,BAF,MA,ANE,EN,Federal Contract Tower,0,0,1,13,14,0,0,61,7,68,0,0,62,20,82,58,22,80,162
08/14/2020,BAF,MA,ANE,EN,Federal Contract Tower,0,0,7,6,13,0,0,91,5,96,0,0,98,11,109,72,16,88,197
08/15/2020,BAF,MA,ANE,EN,Federal Contract Tower,0,0,6,4,10,0,2,27,8,37,0,2,33,12,47,51,28,79,126
08/16/2020,BAF,MA,ANE,EN,Federal Contract Tower,0,0,12,4,16,0,2,26,0,28,0,2,38,4,44,58,0,58,102
08/17/2020,BAF,MA,ANE,EN,Federal Contract Tower,0,0,16,7,23,0,4,48,19,71,0,4,64,26,94,94,40,134,228
08/18/2020,BAF,MA,ANE,EN,Federal Contract Tower,0,0,8,12,20,0,2,66,6,74,0,2,74,18,94,116,44,160,254
08/19/2020,BAF,MA,ANE,EN,Federal Contract Tower,0,0,9,5,14,0,0,100,6,106,0,0,109,11,120,132,38,170,290
08/20/2020,BAF,MA,ANE,EN,Federal Contract Tower,0,2,16,12,30,0,0,80,9,89,0,2,96,21,119,84,8,92,211
08/21/2020,BAF,MA,ANE,EN,Federal Contract Tower,0,0,5,7,12,0,0,78,1,79,0,0,83,8,91,46,0,46,137
08/22/2020,BAF,MA,ANE,EN,Federal Contract Tower,0,0,1,0,1,0,2,61,2,65,0,2,62,2,66,138,0,138,204
08/23/2020,BAF,MA,ANE,EN,Federal Contract Tower,0,0,10,0,10,0,0,78,2,80,0,0,88,2,90,64,0,64,154
08/24/2020,BAF,MA,ANE,EN,Federal Contract Tower,0,0,10,2,12,0,1,35,4,40,0,1,45,6,52,72,0,72,124
08/25/2020,BAF,MA,ANE,EN,Federal Contract Tower,0,1,5,8,14,0,2,63,3,68,0,3,68,11,82,80,14,94,176
08/26/2020,BAF,MA,ANE,EN,Federal Contract Tower,0,0,6,13,19,0,2,90,2,94,0,2,96,15,113,58,16,74,187
08/27/2020,BAF,MA,ANE,EN,Federal Contract Tower,0,1,3,8,12,0,0,28,8,36,0,1,31,16,48,36,8,44,92
08/28/2020,BAF,MA,ANE,EN,Federal Contract Tower,0,0,16,10,26,0,0,65,20,85,0,0,81,30,111,76,14,90,201
08/29/2020,BAF,MA,ANE,EN,Federal Contract Tower,0,0,5,0,5,0,0,0,0,0,0,0,5,0,5,4,0,4,9
08/30/2020,BAF,MA,ANE,EN,Federal Contract Tower,0,0,5,0,5,0,2,88,0,90,0,2,93,0,95,86,0,86,181
08/31/2020,BAF,MA,ANE,EN,Federal Contract Tower,0,0,8,0,8,0,0,75,7,82,0,0,83,7,90,98,0,98,188
09/01/2020,BAF,MA,ANE,EN,Federal Contract Tower,0,2,10,12,24,0,0,67,8,75,0,2,77,20,99,90,18,108,207
09/02/2020,BAF,MA,ANE,EN,Federal Contract Tower,0,2,23,13,38,0,0,0,0,0,0,2,23,13,38,0,0,0,38
09/03/2020,BAF,MA,ANE,EN,Federal Contract Tower,0,0,10,16,26,0,0,62,15,77,0,0,72,31,103,76,6,82,185
09/04/2020,BAF,MA,ANE,EN,Federal Contract Tower,0,2,10,0,12,0,0,87,0,87,0,2,97,0,99,90,0,90,189
09/05/2020,BAF,MA,ANE,EN,Federal Contract Tower,0,0,4,0,4,0,4,81,0,85,0,4,85,0,89,160,0,160,249
09/06/2020,BAF,MA,ANE,EN,Federal Contract Tower,0,0,7,0,7,0,0,107,0,107,0,0,114,0,114,140,0,140,254
09/07/2020,BAF,MA,ANE,EN,Federal Contract Tower,0,0,7,0,7,0,2,65,0,67,0,2,72,0,74,98,0,98,172
09/08/2020,BAF,MA,ANE,EN,Federal Contract Tower,0,1,10,15,26,0,0,49,5,54,0,1,59,20,80,104,0,104,184
09/09/2020,BAF,MA,ANE,EN,Federal Contract Tower,0,3,8,15,26,0,0,41,3,44,0,3,49,18,70,100,12,112,182
09/10/2020,BAF,MA,ANE,EN,Federal Contract Tower,0,1,10,5,16,0,0,0,0,0,0,1,10,5,16,0,0,0,16
09/11/2020,BAF,MA,ANE,EN,Federal Contract Tower,0,0,5,8,13,0,0,65,2,67,0,0,70,10,80,110,12,122,202
09/12/2020,BAF,MA,ANE,EN,Federal Contract Tower,0,0,4,0,4,0,4,93,5,102,0,4,97,5,106,102,0,102,208
09/13/2020,BAF,MA,ANE,EN,Federal Contract Tower,0,2,13,0,15,0,4,89,0,93,0,6,102,0,108,120,0,120,228
09/14/2020,BAF,MA,ANE,EN,Federal Contract Tower,0,0,10,1,11,0,2,67,2,71,0,2,77,3,82,96,0,96,178
09/15/2020,BAF,MA,ANE,EN,Federal Contract Tower,0,1,3,17,21,0,0,70,8,78,0,1,73,25,99,50,8,58,157
09/16/2020,BAF,MA,ANE,EN,Federal Contract Tower,0,2,4,9,15,0,1,70,16,87,0,3,74,25,102,88,44,132,234
09/17/2020,BAF,MA,ANE,EN,Federal Contract Tower,0,0,5,10,15,0,0,77,16,93,0,0,82,26,108,72,14,86,194
09/18/2020,BAF,MA,ANE,EN,Federal Contract Tower,0,2,7,8,17,0,0,35,2,37,0,2,42,10,54,38,4,42,96
09/19/2020,BAF,MA,ANE,EN,Federal Contract Tower,0,4,5,0,9,0,2,98,0,100,0,6,103,0,109,82,0,82,191
09/20/2020,BAF,MA,ANE,EN,Federal Contract Tower,0,0,5,0,5,0,3,70,2,75,0,3,75,2,80,54,0,54,134
09/21/2020,BAF,MA,ANE,EN,Federal Contract Tower,0,0,5,7,12,0,0,60,5,65,0,0,65,12,77,92,4,96,173
09/22/2020,BAF,MA,ANE,EN,Federal Contract Tower,0,1,3,13,17,0,0,58,4,62,0,1,61,17,79,70,14,84,163
09/23/2020,BAF,MA,ANE,EN,Federal Contract Tower,0,0,7,12,19,0,0,52,5,57,0,0,59,17,76,40,18,58,134
09/24/2020,BAF,MA,ANE,EN,Federal Contract Tower,0,0,3,15,18,0,0,55,7,62,0,0,58,22,80,82,8,90,170
09/25/2020,BAF,MA,ANE,EN,Federal Contract Tower,0,1,5,6,12,0,4,99,3,106,0,5,104,9,118,76,2,78,196
09/26/2020,BAF,MA,ANE,EN,Federal Contract Tower,0,0,17,0,17,0,4,34,4,42,0,4,51,4,59,68,14,82,141
09/27/2020,BAF,MA,ANE,EN,Federal Contract Tower,0,0,17,0,17,0,2,25,0,27,0,2,42,0,44,68,0,68,112
09/28/2020,BAF,MA,ANE,EN,Federal Contract Tower,0,5,9,10,24,0,0,34,3,37,0,5,43,13,61,62,8,70,131
09/29/2020,BAF,MA,ANE,EN,Federal Contract Tower,0,0,8,10,18,0,0,7,2,9,0,0,15,12,27,42,0,42,69
09/30/2020,BAF,MA,ANE,EN,Federal Contract Tower,0,0,4,11,15,0,1,25,14,40,0,1,29,25,55,16,4,20,75
10/01/2020,BAF,MA,ANE,EN,Federal Contract Tower,0,1,4,1,6,0,2,74,7,83,0,3,78,8,89,70,16,86,175
10/03/2020,BAF,MA,ANE,EN,Federal Contract Tower,0,1,13,0,14,0,2,92,0,94,0,3,105,0,108,99,0,99,207
10/04/2020,BAF,MA,ANE,EN,Federal Contract Tower,0,0,6,3,9,0,6,91,0,97,0,6,97,3,106,30,0,30,136
10/05/2020,BAF,MA,ANE,EN,Federal Contract Tower,0,0,9,1,10,0,2,66,3,71,0,2,75,4,81,98,0,98,179
10/06/2020,BAF,MA,ANE,EN,Federal Contract Tower,0,0,3,0,3,0,0,24,4,28,0,0,27,4,31,10,2,12,43
10/07/2020,BAF,MA,ANE,EN,Federal Contract Tower,0,0,3,1,4,0,0,11,12,23,0,0,14,13,27,44,6,50,77
10/08/2020,BAF,MA,ANE,EN,Federal Contract Tower,0,0,1,1,2,0,0,25,0,25,0,0,26,1,27,32,0,32,59
10/09/2020,BAF,MA,ANE,EN,Federal Contract Tower,0,0,10,0,10,0,0,78,6,84,0,0,88,6,94,114,0,114,208
10/10/2020,BAF,MA,ANE,EN,Federal Contract Tower,0,0,9,0,9,0,0,51,0,51,0,0,60,0,60,66,0,66,126
10/11/2020,BAF,MA,ANE,EN,Federal Contract Tower,0,0,13,0,13,0,6,61,0,67,0,6,74,0,80,42,0,42,122
10/12/2020,BAF,MA,ANE,EN,Federal Contract Tower,0,0,13,0,13,0,2,16,0,18,0,2,29,0,31,36,0,36,67
10/13/2020,BAF,MA,ANE,EN,Federal Contract Tower,0,0,15,4,19,0,0,0,0,0,0,0,15,4,19,0,30,30,49
10/14/2020,BAF,MA,ANE,EN,Federal Contract Tower,0,0,19,12,31,0,0,126,2,128,0,0,145,14,159,130,4,134,293
10/15/2020,BAF,MA,ANE,EN,Federal Contract Tower,0,0,14,11,25,0,0,77,16,93,0,0,91,27,118,106,36,142,260
10/16/2020,BAF,MA,ANE,EN,Federal Contract Tower,0,0,14,9,23,0,0,12,6,18,0,0,26,15,41,4,0,4,45
10/17/2020,BAF,MA,ANE,EN,Federal Contract Tower,0,2,3,11,16,0,0,58,22,80,0,2,61,33,96,72,2,74,170
10/18/2020,BAF,MA,ANE,EN,Federal Contract Tower,0,1,5,0,6,0,5,110,2,117,0,6,115,2,123,84,2,86,209
10/19/2020,BAF,MA,ANE,EN,Federal Contract Tower,0,1,8,1,10,0,2,45,8,55,0,3,53,9,65,80,0,80,145
10/20/2020,BAF,MA,ANE,EN,Federal Contract Tower,0,2,8,11,21,0,2,24,2,28,0,4,32,13,49,68,4,72,121
10/21/2020,BAF,MA,ANE,EN,Federal Contract Tower,0,1,16,16,33,0,6,34,3,43,0,7,50,19,76,70,0,70,146
10/22/2020,BAF,MA,ANE,EN,Federal Contract Tower,0,3,8,15,26,0,1,153,11,165,0,4,161,26,191,202,0,202,393
10/23/2020,BAF,MA,ANE,EN,Federal Contract Tower,0,0,19,9,28,0,0,13,0,13,0,0,32,9,41,32,0,32,73
10/24/2020,BAF,MA,ANE,EN,Federal Contract Tower,0,0,8,0,8,0,0,57,12,69,0,0,65,12,77,72,0,72,149
10/25/2020,BAF,MA,ANE,EN,Federal Contract Tower,0,2,6,0,8,0,2,99,0,101,0,4,105,0,109,98,0,98,207
10/26/2020,BAF,MA,ANE,EN,Federal Contract Tower,0,2,6,0,8,0,0,0,0,0,0,2,6,0,8,0,0,0,8
10/27/2020,BAF,MA,ANE,EN,Federal Contract Tower,0,0,11,13,24,0,2,76,8,86,0,2,87,21,110,142,24,166,276
10/28/2020,BAF,MA,ANE,EN,Federal Contract Tower,0,1,18,9,28,0,0,0,0,0,0,1,18,9,28,2,0,2,30
10/29/2020,BAF,MA,ANE,EN,Federal Contract Tower,0,1,2,10,13,0,0,0,0,0,0,1,2,10,13,0,0,0,13
10/30/2020,BAF,MA,ANE,EN,Federal Contract Tower,0,0,1,0,1,0,0,3,0,3,0,0,4,0,4,8,0,8,12
10/31/2020,BAF,MA,ANE,EN,Federal Contract Tower,0,0,6,0,6,0,1,82,0,83,0,1,88,0,89,146,0,146,235
11/01/2020,BAF,MA,ANE,EN,Federal Contract Tower,0,1,10,0,11,0,0,25,0,25,0,1,35,0,36,30,0,30,66
11/02/2020,BAF,MA,ANE,EN,Federal Contract Tower,0,0,2,0,2,0,0,2,1,3,0,0,4,1,5,0,0,0,5
11/03/2020,BAF,MA,ANE,EN,Federal Contract Tower,0,1,0,15,16,0,8,11,3,22,0,9,11,18,38,22,26,48,86
11/04/2020,BAF,MA,ANE,EN,Federal Contract Tower,0,3,4,11,18,0,0,67,5,72,0,3,71,16,90,70,0,70,160
11/05/2020,BAF,MA,ANE,EN,Federal Contract Tower,0,2,10,9,21,0,0,70,2,72,0,2,80,11,93,114,10,124,217
11/06/2020,BAF,MA,ANE,EN,Federal Contract Tower,0,1,5,8,14,0,0,70,2,72,0,1,75,10,86,112,2,114,200
11/07/2020,BAF,MA,ANE,EN,Federal Contract Tower,2,1,2,0,5,0,0,69,0,69,2,1,71,0,74,134,0,134,208
11/08/2020,BAF,MA,ANE,EN,Federal Contract Tower,0,0,2,0,2,0,2,95,0,97,0,2,97,0,99,56,0,56,155
11/09/2020,BAF,MA,ANE,EN,Federal Contract Tower,0,0,7,1,8,0,0,84,4,88,0,0,91,5,96,148,0,148,244
11/10/2020,BAF,MA,ANE,EN,Federal Contract Tower,0,0,12,15,27,0,2,135,13,150,0,2,147,28,177,206,0,206,383
11/11/2020,BAF,MA,ANE,EN,Federal Contract Tower,0,0,4,0,4,0,0,14,0,14,0,0,18,0,18,46,0,46,64
11/12/2020,BAF,MA,ANE,EN,Federal Contract Tower,0,0,9,10,19,0,0,37,22,59,0,0,46,32,78,72,0,72,150
11/13/2020,BAF,MA,ANE,EN,Federal Contract Tower,0,2,4,5,11,0,0,4,0,4,0,2,8,5,15,2,0,2,17
11/14/2020,BAF,MA,ANE,EN,Federal Contract Tower,0,0,4,12,16,0,0,65,0,65,0,0,69,12,81,72,2,74,155
11/15/2020,BAF,MA,ANE,EN,Federal Contract Tower,0,0,5,0,5,0,2,48,2,52,0,2,53,2,57,82,0,82,139
11/16/2020,BAF,MA,ANE,EN,Federal Contract Tower,0,0,6,0,6,0,0,45,6,51,0,0,51,6,57,56,22,78,135
11/17/2020,BAF,MA,ANE,EN,Federal Contract Tower,0,1,7,12,20,0,4,51,8,63,0,5,58,20,83,112,32,144,227
11/18/2020,BAF,MA,ANE,EN,Federal Contract Tower,0,2,8,9,19,0,2,42,14,58,0,4,50,23,77,30,28,58,135
11/19/2020,BAF,MA,ANE,EN,Federal Contract Tower,2,1,17,19,39,0,1,64,4,69,2,2,81,23,108,98,22,120,228
11/20/2020,BAF,MA,ANE,EN,Federal Contract Tower,0,0,13,15,28,0,0,76,5,81,0,0,89,20,109,144,0,144,253
11/21/2020,BAF,MA,ANE,EN,Federal Contract Tower,0,0,8,1,9,0,0,63,0,63,0,0,71,1,72,122,0,122,194
11/22/2020,BAF,MA,ANE,EN,Federal Contract Tower,0,0,2,0,2,0,0,38,0,38,0,0,40,0,40,82,0,82,122
11/23/2020,BAF,MA,ANE,EN,Federal Contract Tower,0,2,10,0,12,0,2,6,4,12,0,4,16,4,24,0,0,0,24
11/24/2020,BAF,MA,ANE,EN,Federal Contract Tower,0,0,5,11,16,0,2,67,2,71,0,2,72,13,87,82,14,96,183
11/25/2020,BAF,MA,ANE,EN,Federal Contract Tower,0,0,4,10,14,0,0,37,2,39,0,0,41,12,53,66,6,72,125
11/26/2020,BAF,MA,ANE,EN,Federal Contract Tower,2,0,0,0,2,0,0,0,0,0,2,0,0,0,2,0,0,0,2
11/27/2020,BAF,MA,ANE,EN,Federal Contract Tower,2,0,4,0,6,0,0,54,0,54,2,0,58,0,60,136,0,136,196
11/28/2020,BAF,MA,ANE,EN,Federal Contract Tower,0,0,3,0,3,0,0,52,0,52,0,0,55,0,55,128,0,128,183
11/29/2020,BAF,MA,ANE,EN,Federal Contract Tower,0,1,4,0,5,0,4,74,0,78,0,5,78,0,83,116,0,116,199
11/30/2020,BAF,MA,ANE,EN,Federal Contract Tower,0,0,2,0,2,0,0,0,0,0,0,0,2,0,2,0,0,0,2
12/01/2020,BAF,MA,ANE,EN,Federal Contract Tower,0,11,2,19,32,0,0,17,11,28,0,11,19,30,60,30,46,76,136
12/02/2020,BAF,MA,ANE,EN,Federal Contract Tower,0,3,9,15,27,0,1,56,16,73,0,4,65,31,100,50,22,72,172
12/03/2020,BAF,MA,ANE,EN,Federal Contract Tower,0,0,9,7,16,0,0,81,23,104,0,0,90,30,120,174,10,184,304
12/04/2020,BAF,MA,ANE,EN,Federal Contract Tower,0,0,0,8,8,0,0,54,20,74,0,0,54,28,82,90,8,98,180
12/05/2020,BAF,MA,ANE,EN,Federal Contract Tower,0,0,0,0,0,0,0,0,0,0,0,0,0,0,0,0,0,0,0
12/06/2020,BAF,MA,ANE,EN,Federal Contract Tower,0,3,1,0,4,0,0,18,0,18,0,3,19,0,22,32,0,32,54
12/07/2020,BAF,MA,ANE,EN,Federal Contract Tower,0,0,3,4,7,0,2,56,8,66,0,2,59,12,73,78,2,80,153
12/08/2020,BAF,MA,ANE,EN,Federal Contract Tower,0,0,2,12,14,0,0,21,4,25,0,0,23,16,39,38,2,40,79
12/09/2020,BAF,MA,ANE,EN,Federal Contract Tower,0,2,3,12,17,0,2,38,3,43,0,4,41,15,60,22,14,36,96
12/10/2020,BAF,MA,ANE,EN,Federal Contract Tower,0,1,8,12,21,0,3,58,5,66,0,4,66,17,87,104,0,104,191
12/11/2020,BAF,MA,ANE,EN,Federal Contract Tower,0,0,6,8,14,0,0,71,6,77,0,0,77,14,91,124,0,124,215
12/12/2020,BAF,MA,ANE,EN,Federal Contract Tower,0,1,1,0,2,0,0,0,0,0,0,1,1,0,2,0,0,0,2
12/13/2020,BAF,MA,ANE,EN,Federal Contract Tower,0,0,9,0,9,0,1,39,0,40,0,1,48,0,49,50,0,50,99
12/14/2020,BAF,MA,ANE,EN,Federal Contract Tower,0,0,2,0,2,0,0,0,0,0,0,0,2,0,2,0,0,0,2
12/15/2020,BAF,MA,ANE,EN,Federal Contract Tower,0,0,8,13,21,0,0,59,29,88,0,0,67,42,109,68,18,86,195
12/16/2020,BAF,MA,ANE,EN,Federal Contract Tower,0,2,7,8,17,0,0,46,6,52,0,2,53,14,69,66,16,82,151
12/17/2020,BAF,MA,ANE,EN,Federal Contract Tower,0,0,0,5,5,0,0,0,0,0,0,0,0,5,5,0,0,0,5
12/18/2020,BAF,MA,ANE,EN,Federal Contract Tower,0,7,4,6,17,0,0,27,0,27,0,7,31,6,44,26,0,26,70
12/19/2020,BAF,MA,ANE,EN,Federal Contract Tower,0,0,4,0,4,0,0,51,0,51,0,0,55,0,55,88,0,88,143
12/20/2020,BAF,MA,ANE,EN,Federal Contract Tower,0,0,4,0,4,0,0,30,0,30,0,0,34,0,34,62,0,62,96
12/21/2020,BAF,MA,ANE,EN,Federal Contract Tower,0,0,7,10,17,0,0,6,3,9,0,0,13,13,26,30,0,30,56
12/22/2020,BAF,MA,ANE,EN,Federal Contract Tower,0,2,8,17,27,0,0,51,3,54,0,2,59,20,81,60,4,64,145
12/23/2020,BAF,MA,ANE,EN,Federal Contract Tower,0,3,11,2,16,0,0,135,3,138,0,3,146,5,154,206,0,206,360
12/24/2020,BAF,MA,ANE,EN,Federal Contract Tower,0,0,0,0,0,0,1,4,0,5,0,1,4,0,5,6,0,6,11
12/25/2020,BAF,MA,ANE,EN,Federal Contract Tower,0,0,0,0,0,0,0,0,0,0,0,0,0,0,0,0,0,0,0
12/26/2020,BAF,MA,ANE,EN,Federal Contract Tower,0,0,1,0,1,0,0,50,0,50,0,0,51,0,51,122,0,122,173
12/27/2020,BAF,MA,ANE,EN,Federal Contract Tower,0,0,9,0,9,0,4,93,0,97,0,4,102,0,106,86,16,102,208
12/28/2020,BAF,MA,ANE,EN,Federal Contract Tower,0,0,8,0,8,0,2,20,0,22,0,2,28,0,30,36,0,36,66
12/29/2020,BAF,MA,ANE,EN,Federal Contract Tower,0,0,1,2,3,0,0,29,5,34,0,0,30,7,37,20,0,20,57
12/30/2020,BAF,MA,ANE,EN,Federal Contract Tower,0,3,7,4,14,0,2,55,2,59,0,5,62,6,73,68,0,68,141
12/31/2020,BAF,MA,ANE,EN,Federal Contract Tower,0,0,3,0,3,0,0,36,0,36,0,0,39,0,39,12,0,12,51
01/01/2021,BAF,MA,ANE,EN,Federal Contract Tower,0,0,1,0,1,0,0,61,0,61,0,0,62,0,62,92,0,92,154
01/02/2021,BAF,MA,ANE,EN,Federal Contract Tower,0,0,6,0,6,0,0,9,0,9,0,0,15,0,15,8,0,8,23
01/03/2021,BAF,MA,ANE,EN,Federal Contract Tower,0,0,1,0,1,0,0,10,0,10,0,0,11,0,11,36,0,36,47
01/04/2021,BAF,MA,ANE,EN,Federal Contract Tower,0,2,9,10,21,0,0,22,0,22,0,2,31,10,43,38,0,38,81
01/05/2021,BAF,MA,ANE,EN,Federal Contract Tower,0,3,6,9,18,0,0,36,7,43,0,3,42,16,61,105,30,135,196
01/06/2021,BAF,MA,ANE,EN,Federal Contract Tower,0,1,9,11,21,0,0,44,7,51,0,1,53,18,72,46,14,60,132
01/07/2021,BAF,MA,ANE,EN,Federal Contract Tower,0,2,2,11,15,0,5,54,17,76,0,7,56,28,91,88,12,100,191
01/08/2021,BAF,MA,ANE,EN,Federal Contract Tower,0,1,2,12,15,0,0,51,16,67,0,1,53,28,82,76,6,82,164
01/09/2021,BAF,MA,ANE,EN,Federal Contract Tower,0,0,1,0,1,0,0,68,11,79,0,0,69,11,80,118,10,128,208
01/10/2021,BAF,MA,ANE,EN,Federal Contract Tower,0,2,5,0,7,0,2,81,0,83,0,4,86,0,90,84,0,84,174
01/11/2021,BAF,MA,ANE,EN,Federal Contract Tower,0,1,5,0,6,0,4,22,0,26,0,5,27,0,32,52,0,52,84
01/12/2021,BAF,MA,ANE,EN,Federal Contract Tower,0,2,12,14,28,0,0,56,5,61,0,2,68,19,89,54,0,54,143
01/13/2021,BAF,MA,ANE,EN,Federal Contract Tower,0,0,7,11,18,3,2,83,2,90,3,2,90,13,108,86,2,88,196
01/14/2021,BAF,MA,ANE,EN,Federal Contract Tower,0,3,4,7,14,0,0,2,0,2,0,3,6,7,16,2,0,2,18
01/15/2021,BAF,MA,ANE,EN,Federal Contract Tower,0,6,4,11,21,0,0,3,0,3,0,6,7,11,24,0,0,0,24
01/16/2021,BAF,MA,ANE,EN,Federal Contract Tower,0,1,3,0,4,0,0,0,0,0,0,1,3,0,4,0,0,0,4
01/17/2021,BAF,MA,ANE,EN,Federal Contract Tower,0,5,5,0,10,0,2,28,0,30,0,7,33,0,40,40,0,40,80
01/18/2021,BAF,MA,ANE,EN,Federal Contract Tower,0,2,3,0,5,0,0,26,0,26,0,2,29,0,31,58,0,58,89
01/19/2021,BAF,MA,ANE,EN,Federal Contract Tower,0,1,13,12,26,0,2,56,0,58,0,3,69,12,84,68,0,68,152
01/20/2021,BAF,MA,ANE,EN,Federal Contract Tower,0,1,13,10,24,0,0,19,1,20,0,1,32,11,44,0,0,0,44
01/21/2021,BAF,MA,ANE,EN,Federal Contract Tower,0,5,2,9,16,0,2,40,11,53,0,7,42,20,69,56,18,74,143
01/22/2021,BAF,MA,ANE,EN,Federal Contract Tower,0,2,5,6,13,0,0,69,19,88,0,2,74,25,101,134,18,152,253
01/23/2021,BAF,MA,ANE,EN,Federal Contract Tower,0,2,2,0,4,0,0,24,0,24,0,2,26,0,28,17,0,17,45
01/24/2021,BAF,MA,ANE,EN,Federal Contract Tower,0,1,4,0,5,0,2,22,0,24,0,3,26,0,29,4,0,4,33
01/25/2021,BAF,MA,ANE,EN,Federal Contract Tower,0,4,6,0,10,0,0,53,2,55,0,4,59,2,65,60,0,60,125
01/26/2021,BAF,MA,ANE,EN,Federal Contract Tower,0,0,5,8,13,0,0,9,2,11,0,0,14,10,24,32,0,32,56
01/27/2021,BAF,MA,ANE,EN,Federal Contract Tower,0,0,4,7,11,0,0,18,8,26,0,0,22,15,37,80,14,94,131
01/28/2021,BAF,MA,ANE,EN,Federal Contract Tower,0,0,5,15,20,0,2,41,16,59,0,2,46,31,79,42,6,48,127
01/29/2021,BAF,MA,ANE,EN,Federal Contract Tower,0,1,2,4,7,0,2,15,12,29,0,3,17,16,36,12,2,14,50
01/30/2021,BAF,MA,ANE,EN,Federal Contract Tower,0,0,7,0,7,0,1,60,0,61,0,1,67,0,68,54,0,54,122
01/31/2021,BAF,MA,ANE,EN,Federal Contract Tower,0,3,4,0,7,0,2,70,1,73,0,5,74,1,80,132,0,132,212
02/01/2021,BAF,MA,ANE,EN,Federal Contract Tower,0,0,0,0,0,0,0,0,0,0,0,0,0,0,0,0,0,0,0
02/02/2021,BAF,MA,ANE,EN,Federal Contract Tower,0,0,1,5,6,0,0,0,0,0,0,0,1,5,6,0,0,0,6
02/03/2021,BAF,MA,ANE,EN,Federal Contract Tower,0,0,1,5,6,0,0,19,1,20,0,0,20,6,26,42,2,44,70
02/04/2021,BAF,MA,ANE,EN,Federal Contract Tower,0,0,6,7,13,0,0,62,12,74,0,0,68,19,87,50,6,56,143
02/05/2021,BAF,MA,ANE,EN,Federal Contract Tower,0,2,5,2,9,0,0,21,0,21,0,2,26,2,30,6,0,6,36
02/06/2021,BAF,MA,ANE,EN,Federal Contract Tower,0,3,3,0,6,0,2,45,0,47,0,5,48,0,53,58,0,58,111
02/07/2021,BAF,MA,ANE,EN,Federal Contract Tower,2,1,1,0,4,0,0,0,0,0,2,1,1,0,4,0,0,0,4
02/08/2021,BAF,MA,ANE,EN,Federal Contract Tower,0,0,4,0,4,0,2,43,0,45,0,2,47,0,49,48,0,48,97
02/10/2021,BAF,MA,ANE,EN,Federal Contract Tower,0,1,7,15,23,0,4,81,12,97,0,5,88,27,120,64,14,78,198
02/11/2021,BAF,MA,ANE,EN,Federal Contract Tower,0,2,8,12,22,0,0,65,9,74,0,2,73,21,96,82,16,98,194
02/12/2021,BAF,MA,ANE,EN,Federal Contract Tower,0,0,5,5,10,0,0,72,3,75,0,0,77,8,85,80,0,80,165
02/13/2021,BAF,MA,ANE,EN,Federal Contract Tower,0,3,8,0,11,0,0,79,0,79,0,3,87,0,90,76,0,76,166
02/14/2021,BAF,MA,ANE,EN,Federal Contract Tower,0,1,0,0,1,0,2,50,0,52,0,3,50,0,53,72,0,72,125
02/15/2021,BAF,MA,ANE,EN,Federal Contract Tower,0,0,1,0,1,0,0,6,0,6,0,0,7,0,7,18,0,18,25
02/16/2021,BAF,MA,ANE,EN,Federal Contract Tower,0,0,4,0,4,0,0,0,0,0,0,0,4,0,4,0,0,0,4
02/17/2021,BAF,MA,ANE,EN,Federal Contract Tower,0,3,11,13,27,0,0,56,18,74,0,3,67,31,101,70,6,76,177
02/18/2021,BAF,MA,ANE,EN,Federal Contract Tower,0,1,2,9,12,0,1,10,2,13,0,2,12,11,25,34,12,46,71
02/19/2021,BAF,MA,ANE,EN,Federal Contract Tower,0,0,1,0,1,0,0,0,0,0,0,0,1,0,1,0,0,0,1
02/20/2021,BAF,MA,ANE,EN,Federal Contract Tower,0,0,5,0,5,0,0,39,4,43,0,0,44,4,48,38,24,62,110
02/21/2021,BAF,MA,ANE,EN,Federal Contract Tower,0,3,10,0,13,0,4,95,2,101,0,7,105,2,114,108,12,120,234
02/22/2021,BAF,MA,ANE,EN,Federal Contract Tower,0,2,3,0,5,0,0,2,0,2,0,2,5,0,7,0,0,0,7
02/23/2021,BAF,MA,ANE,EN,Federal Contract Tower,0,3,16,15,34,0,0,51,16,67,0,3,67,31,101,94,22,116,217
02/24/2021,BAF,MA,ANE,EN,Federal Contract Tower,0,2,14,12,28,0,80,17,0,97,0,82,31,12,125,78,12,90,215
02/25/2021,BAF,MA,ANE,EN,Federal Contract Tower,0,6,10,0,16,0,0,17,5,22,0,6,27,5,38,24,10,34,72
02/26/2021,BAF,MA,ANE,EN,Federal Contract Tower,0,1,7,6,14,0,0,92,0,92,0,1,99,6,106,122,0,122,228
02/27/2021,BAF,MA,ANE,EN,Federal Contract Tower,0,0,0,0,0,0,0,0,0,0,0,0,0,0,0,0,0,0,0
02/28/2021,BAF,MA,ANE,EN,Federal Contract Tower,0,0,7,0,7,0,2,62,0,64,0,2,69,0,71,102,0,102,173
03/01/2021,BAF,MA,ANE,EN,Federal Contract Tower,0,1,1,0,2,0,0,4,2,6,0,1,5,2,8,6,0,6,14
03/02/2021,BAF,MA,ANE,EN,Federal Contract Tower,0,0,2,4,6,0,0,11,10,21,0,0,13,14,27,0,0,0,27
03/04/2021,BAF,MA,ANE,EN,Federal Contract Tower,0,0,2,6,8,0,0,7,6,13,0,0,9,12,21,0,0,0,21
03/05/2021,BAF,MA,ANE,EN,Federal Contract Tower,0,0,8,4,12,0,0,20,7,27,0,0,28,11,39,8,8,16,55
03/06/2021,BAF,MA,ANE,EN,Federal Contract Tower,0,1,5,0,6,0,0,61,8,69,0,1,66,8,75,82,2,84,159
03/07/2021,BAF,MA,ANE,EN,Federal Contract Tower,0,5,11,0,16,0,2,78,4,84,0,7,89,4,100,162,0,162,262
03/08/2021,BAF,MA,ANE,EN,Federal Contract Tower,0,0,3,3,6,0,2,60,9,71,0,2,63,12,77,108,12,120,197
03/09/2021,BAF,MA,ANE,EN,Federal Contract Tower,0,1,5,5,11,0,4,72,11,87,0,5,77,16,98,116,12,128,226
03/10/2021,BAF,MA,ANE,EN,Federal Contract Tower,0,2,16,4,22,0,2,100,9,111,0,4,116,13,133,122,6,128,261
03/11/2021,BAF,MA,ANE,EN,Federal Contract Tower,0,1,10,9,20,0,0,61,3,64,0,1,71,12,84,58,0,58,142
03/12/2021,BAF,MA,ANE,EN,Federal Contract Tower,0,0,3,7,10,0,0,41,10,51,0,0,44,17,61,30,0,30,91
03/13/2021,BAF,MA,ANE,EN,Federal Contract Tower,0,0,1,8,9,0,0,55,0,55,0,0,56,8,64,58,0,58,122
03/14/2021,BAF,MA,ANE,EN,Federal Contract Tower,0,2,2,0,4,0,2,39,0,41,0,4,41,0,45,42,0,42,87
03/15/2021,BAF,MA,ANE,EN,Federal Contract Tower,0,3,14,1,18,0,2,21,3,26,0,5,35,4,44,8,0,8,52
03/16/2021,BAF,MA,ANE,EN,Federal Contract Tower,0,4,14,12,30,0,2,82,20,104,0,6,96,32,134,122,12,134,268
03/17/2021,BAF,MA,ANE,EN,Federal Contract Tower,0,0,14,17,31,0,2,89,26,117,0,2,103,43,148,134,18,152,300
03/18/2021,BAF,MA,ANE,EN,Federal Contract Tower,0,2,2,13,17,0,0,0,0,0,0,2,2,13,17,0,0,0,17
03/19/2021,BAF,MA,ANE,EN,Federal Contract Tower,0,2,2,7,11,0,0,17,2,19,0,2,19,9,30,22,0,22,52
03/20/2021,BAF,MA,ANE,EN,Federal Contract Tower,0,1,4,0,5,0,2,99,4,105,0,3,103,4,110,102,0,102,212
03/21/2021,BAF,MA,ANE,EN,Federal Contract Tower,0,0,7,0,7,0,2,127,2,131,0,2,134,2,138,184,6,190,328
03/22/2021,BAF,MA,ANE,EN,Federal Contract Tower,0,2,8,2,12,0,4,68,6,78,0,6,76,8,90,108,6,114,204
03/23/2021,BAF,MA,ANE,EN,Federal Contract Tower,0,0,9,13,22,0,3,139,24,166,0,3,148,37,188,190,14,204,392
03/24/2021,BAF,MA,ANE,EN,Federal Contract Tower,0,2,9,15,26,0,0,72,19,91,0,2,81,34,117,126,28,154,271
03/25/2021,BAF,MA,ANE,EN,Federal Contract Tower,0,0,12,6,18,0,0,21,9,30,0,0,33,15,48,60,12,72,120
03/26/2021,BAF,MA,ANE,EN,Federal Contract Tower,0,0,7,4,11,0,0,0,0,0,0,0,7,4,11,0,0,0,11
03/27/2021,BAF,MA,ANE,EN,Federal Contract Tower,0,4,10,0,14,0,0,82,0,82,0,4,92,0,96,239,0,239,335
03/28/2021,BAF,MA,ANE,EN,Federal Contract Tower,0,2,4,2,8,0,0,1,0,1,0,2,5,2,9,6,0,6,15
03/29/2021,BAF,MA,ANE,EN,Federal Contract Tower,0,5,0,0,5,0,2,12,4,18,0,7,12,4,23,2,0,2,25
03/30/2021,BAF,MA,ANE,EN,Federal Contract Tower,0,1,5,19,25,0,2,65,18,85,0,3,70,37,110,78,30,108,218
03/31/2021,BAF,MA,ANE,EN,Federal Contract Tower,0,1,7,21,29,0,0,1,4,5,0,1,8,25,34,10,22,32,66
04/01/2021,BAF,MA,ANE,EN,Federal Contract Tower,0,2,9,12,23,0,0,3,3,6,0,2,12,15,29,0,0,0,29
04/02/2021,BAF,MA,ANE,EN,Federal Contract Tower,0,1,1,11,13,0,2,44,3,49,0,3,45,14,62,76,0,76,138
04/03/2021,BAF,MA,ANE,EN,Federal Contract Tower,0,2,2,0,4,0,0,70,0,70,0,2,72,0,74,140,0,140,214
04/04/2021,BAF,MA,ANE,EN,Federal Contract Tower,0,0,0,0,0,0,4,56,0,60,0,4,56,0,60,120,0,120,180
04/05/2021,BAF,MA,ANE,EN,Federal Contract Tower,0,5,5,1,11,0,0,31,2,33,0,5,36,3,44,40,4,44,88
04/06/2021,BAF,MA,ANE,EN,Federal Contract Tower,0,1,12,15,28,0,2,74,16,92,0,3,86,31,120,116,0,116,236
04/07/2021,BAF,MA,ANE,EN,Federal Contract Tower,0,0,6,12,18,0,1,95,10,106,0,1,101,22,124,84,16,100,224
04/08/2021,BAF,MA,ANE,EN,Federal Contract Tower,0,2,4,5,11,0,0,72,2,74,0,2,76,7,85,128,0,128,213
04/09/2021,BAF,MA,ANE,EN,Federal Contract Tower,0,1,10,2,13,0,2,75,5,82,0,3,85,7,95,72,0,72,167
04/10/2021,BAF,MA,ANE,EN,Federal Contract Tower,0,0,10,0,10,0,0,84,5,89,0,0,94,5,99,124,0,124,223
04/11/2021,BAF,MA,ANE,EN,Federal Contract Tower,2,6,10,0,18,0,0,10,0,10,2,6,20,0,28,18,0,18,46
04/12/2021,BAF,MA,ANE,EN,Federal Contract Tower,0,3,5,2,10,0,2,5,0,7,0,5,10,2,17,6,0,6,23
04/13/2021,BAF,MA,ANE,EN,Federal Contract Tower,0,6,5,1,12,0,0,68,2,70,0,6,73,3,82,78,0,78,160
04/14/2021,BAF,MA,ANE,EN,Federal Contract Tower,0,4,16,2,22,0,4,93,13,110,0,8,109,15,132,130,24,154,286
04/15/2021,BAF,MA,ANE,EN,Federal Contract Tower,0,3,6,2,11,0,0,0,0,0,0,3,6,2,11,0,0,0,11
04/16/2021,BAF,MA,ANE,EN,Federal Contract Tower,0,1,5,0,6,0,0,0,0,0,0,1,5,0,6,0,0,0,6
04/17/2021,BAF,MA,ANE,EN,Federal Contract Tower,0,0,5,0,5,0,0,31,10,41,0,0,36,10,46,74,0,74,120
04/18/2021,BAF,MA,ANE,EN,Federal Contract Tower,0,0,13,0,13,0,2,89,0,91,0,2,102,0,104,66,0,66,170
04/19/2021,BAF,MA,ANE,EN,Federal Contract Tower,0,2,4,3,9,0,1,47,2,50,0,3,51,5,59,78,0,78,137
04/20/2021,BAF,MA,ANE,EN,Federal Contract Tower,0,1,15,1,17,0,2,44,11,57,0,3,59,12,74,52,4,56,130
04/21/2021,BAF,MA,ANE,EN,Federal Contract Tower,0,1,6,8,15,0,0,20,6,26,0,1,26,14,41,12,6,18,59
04/22/2021,BAF,MA,ANE,EN,Federal Contract Tower,0,1,5,4,10,0,0,1,7,8,0,1,6,11,18,0,4,4,22
04/23/2021,BAF,MA,ANE,EN,Federal Contract Tower,0,0,9,3,12,0,3,16,5,24,0,3,25,8,36,0,0,0,36
04/24/2021,BAF,MA,ANE,EN,Federal Contract Tower,0,0,4,8,12,0,0,59,0,59,0,0,63,8,71,42,0,42,113
04/25/2021,BAF,MA,ANE,EN,Federal Contract Tower,0,6,15,2,23,0,0,23,0,23,0,6,38,2,46,38,0,38,84
04/26/2021,BAF,MA,ANE,EN,Federal Contract Tower,0,3,6,1,10,0,0,3,3,6,0,3,9,4,16,6,0,6,22
04/27/2021,BAF,MA,ANE,EN,Federal Contract Tower,0,0,7,6,13,0,0,74,10,84,0,0,81,16,97,176,0,176,273
04/28/2021,BAF,MA,ANE,EN,Federal Contract Tower,0,2,12,8,22,0,2,96,18,116,0,4,108,26,138,118,18,136,274
04/29/2021,BAF,MA,ANE,EN,Federal Contract Tower,0,3,12,7,22,0,0,0,0,0,0,3,12,7,22,0,0,0,22
04/30/2021,BAF,MA,ANE,EN,Federal Contract Tower,0,2,6,4,12,0,0,2,14,16,0,2,8,18,28,10,16,26,54
05/01/2021,BAF,MA,ANE,EN,Federal Contract Tower,0,2,6,0,8,0,0,44,5,49,0,2,50,5,57,38,0,38,95
05/02/2021,BAF,MA,ANE,EN,Federal Contract Tower,0,0,8,0,8,0,0,69,3,72,0,0,77,3,80,64,0,64,144
05/03/2021,BAF,MA,ANE,EN,Federal Contract Tower,0,1,8,4,13,0,0,58,3,61,0,1,66,7,74,98,18,116,190
05/04/2021,BAF,MA,ANE,EN,Federal Contract Tower,0,2,7,9,18,0,2,3,5,10,0,4,10,14,28,2,12,14,42
05/05/2021,BAF,MA,ANE,EN,Federal Contract Tower,0,2,13,5,20,0,0,0,0,0,0,2,13,5,20,2,0,2,22
05/06/2021,BAF,MA,ANE,EN,Federal Contract Tower,0,0,10,8,18,0,0,53,11,64,0,0,63,19,82,86,16,102,184
05/07/2021,BAF,MA,ANE,EN,Federal Contract Tower,0,0,7,3,10,0,0,71,0,71,0,0,78,3,81,110,0,110,191
05/08/2021,BAF,MA,ANE,EN,Federal Contract Tower,0,0,8,0,8,0,0,73,0,73,0,0,81,0,81,64,0,64,145
05/09/2021,BAF,MA,ANE,EN,Federal Contract Tower,0,0,6,0,6,0,0,68,0,68,0,0,74,0,74,66,0,66,140
05/10/2021,BAF,MA,ANE,EN,Federal Contract Tower,0,4,8,2,14,0,0,42,3,45,0,4,50,5,59,104,0,104,163
05/11/2021,BAF,MA,ANE,EN,Federal Contract Tower,0,2,6,9,17,0,8,46,14,68,0,10,52,23,85,20,8,28,113
05/12/2021,BAF,MA,ANE,EN,Federal Contract Tower,0,0,11,18,29,0,0,58,32,90,0,0,69,50,119,80,10,90,209
05/13/2021,BAF,MA,ANE,EN,Federal Contract Tower,0,2,12,13,27,0,2,81,17,100,0,4,93,30,127,132,4,136,263
05/14/2021,BAF,MA,ANE,EN,Federal Contract Tower,0,0,5,7,12,0,2,65,5,72,0,2,70,12,84,112,2,114,198
05/15/2021,BAF,MA,ANE,EN,Federal Contract Tower,0,0,2,7,9,0,0,75,9,84,0,0,77,16,93,156,6,162,255
05/16/2021,BAF,MA,ANE,EN,Federal Contract Tower,0,0,2,0,2,0,0,68,0,68,0,0,70,0,70,106,0,106,176
05/17/2021,BAF,MA,ANE,EN,Federal Contract Tower,0,0,9,2,11,0,2,64,4,70,0,2,73,6,81,112,12,124,205
05/18/2021,BAF,MA,ANE,EN,Federal Contract Tower,0,4,10,14,28,0,1,66,7,74,0,5,76,21,102,54,24,78,180
05/19/2021,BAF,MA,ANE,EN,Federal Contract Tower,0,2,9,11,22,0,3,100,6,109,0,5,109,17,131,146,0,146,277
05/20/2021,BAF,MA,ANE,EN,Federal Contract Tower,0,2,6,9,17,0,6,67,8,81,0,8,73,17,98,128,10,138,236
05/21/2021,BAF,MA,ANE,EN,Federal Contract Tower,0,0,11,5,16,0,0,95,6,101,0,0,106,11,117,162,4,166,283
05/22/2021,BAF,MA,ANE,EN,Federal Contract Tower,0,2,9,0,11,0,0,73,0,73,0,2,82,0,84,78,0,78,162
05/23/2021,BAF,MA,ANE,EN,Federal Contract Tower,0,1,7,0,8,0,4,40,1,45,0,5,47,1,53,32,0,32,85
05/24/2021,BAF,MA,ANE,EN,Federal Contract Tower,0,7,13,0,20,0,4,74,0,78,0,11,87,0,98,120,0,120,218
05/25/2021,BAF,MA,ANE,EN,Federal Contract Tower,0,1,12,11,24,0,3,76,14,93,0,4,88,25,117,54,8,62,179
05/26/2021,BAF,MA,ANE,EN,Federal Contract Tower,0,0,12,11,23,0,1,21,28,50,0,1,33,39,73,26,0,26,99
05/27/2021,BAF,MA,ANE,EN,Federal Contract Tower,0,0,9,8,17,0,0,44,8,52,0,0,53,16,69,58,2,60,129
05/28/2021,BAF,MA,ANE,EN,Federal Contract Tower,0,6,9,4,19,0,0,61,4,65,0,6,70,8,84,64,10,74,158
05/29/2021,BAF,MA,ANE,EN,Federal Contract Tower,0,2,6,0,8,0,0,0,0,0,0,2,6,0,8,0,0,0,8
05/30/2021,BAF,MA,ANE,EN,Federal Contract Tower,0,1,4,0,5,0,0,2,0,2,0,1,6,0,7,18,0,18,25
05/31/2021,BAF,MA,ANE,EN,Federal Contract Tower,0,9,31,0,40,0,2,28,4,34,0,11,59,4,74,48,6,54,128
06/01/2021,BAF,MA,ANE,EN,Federal Contract Tower,0,0,11,10,21,0,1,72,12,85,0,1,83,22,106,96,0,96,202
06/02/2021,BAF,MA,ANE,EN,Federal Contract Tower,0,4,12,13,29,0,0,74,7,81,0,4,86,20,110,68,14,82,192
06/03/2021,BAF,MA,ANE,EN,Federal Contract Tower,0,0,10,14,24,0,0,19,4,23,0,0,29,18,47,56,14,70,117
06/04/2021,BAF,MA,ANE,EN,Federal Contract Tower,0,0,4,6,10,0,0,21,12,33,0,0,25,18,43,74,0,74,117
06/05/2021,BAF,MA,ANE,EN,Federal Contract Tower,0,1,7,0,8,0,4,79,9,92,0,5,86,9,100,88,0,88,188
06/06/2021,BAF,MA,ANE,EN,Federal Contract Tower,0,2,7,0,9,0,0,82,4,86,0,2,89,4,95,124,0,124,219
06/07/2021,BAF,MA,ANE,EN,Federal Contract Tower,0,1,9,0,10,0,0,51,10,61,0,1,60,10,71,48,6,54,125
06/08/2021,BAF,MA,ANE,EN,Federal Contract Tower,0,0,10,2,12,0,0,25,3,28,0,0,35,5,40,30,0,30,70
06/09/2021,BAF,MA,ANE,EN,Federal Contract Tower,0,0,11,5,16,0,2,45,8,55,0,2,56,13,71,30,0,30,101
06/10/2021,BAF,MA,ANE,EN,Federal Contract Tower,0,1,6,15,22,0,0,69,4,73,0,1,75,19,95,66,6,72,167
06/11/2021,BAF,MA,ANE,EN,Federal Contract Tower,0,0,11,13,24,0,1,84,14,99,0,1,95,27,123,92,6,98,221
06/12/2021,BAF,MA,ANE,EN,Federal Contract Tower,0,2,12,10,24,0,0,59,16,75,0,2,71,26,99,116,8,124,223
06/13/2021,BAF,MA,ANE,EN,Federal Contract Tower,0,0,5,0,5,0,0,66,2,68,0,0,71,2,73,72,0,72,145
06/14/2021,BAF,MA,ANE,EN,Federal Contract Tower,0,2,1,3,6,0,0,2,2,4,0,2,3,5,10,6,20,26,36
06/15/2021,BAF,MA,ANE,EN,Federal Contract Tower,0,1,1,13,15,0,2,42,20,64,0,3,43,33,79,86,0,86,165
06/16/2021,BAF,MA,ANE,EN,Federal Contract Tower,0,0,13,17,30,0,2,100,29,131,0,2,113,46,161,82,4,86,247
06/17/2021,BAF,MA,ANE,EN,Federal Contract Tower,0,3,8,21,32,0,2,99,1,102,0,5,107,22,134,94,0,94,228
06/18/2021,BAF,MA,ANE,EN,Federal Contract Tower,0,0,4,0,4,0,0,86,0,86,0,0,90,0,90,104,0,104,194
06/19/2021,BAF,MA,ANE,EN,Federal Contract Tower,0,0,7,0,7,0,0,109,0,109,0,0,116,0,116,92,2,94,210
06/20/2021,BAF,MA,ANE,EN,Federal Contract Tower,0,0,5,0,5,0,0,0,0,0,0,0,5,0,5,72,0,72,77
06/21/2021,BAF,MA,ANE,EN,Federal Contract Tower,0,0,10,0,10,0,0,44,0,44,0,0,54,0,54,60,2,62,116
06/22/2021,BAF,MA,ANE,EN,Federal Contract Tower,0,3,8,20,31,0,0,5,20,25,0,3,13,40,56,4,44,48,104
06/23/2021,BAF,MA,ANE,EN,Federal Contract Tower,0,3,10,16,29,0,2,77,30,109,0,5,87,46,138,106,12,118,256
06/24/2021,BAF,MA,ANE,EN,Federal Contract Tower,0,2,4,28,34,0,2,74,11,87,0,4,78,39,121,88,16,104,225
06/25/2021,BAF,MA,ANE,EN,Federal Contract Tower,0,4,15,1,20,0,0,19,0,19,0,4,34,1,39,36,0,36,75
06/26/2021,BAF,MA,ANE,EN,Federal Contract Tower,0,1,15,1,17,0,1,38,0,39,0,2,53,1,56,62,0,62,118
06/27/2021,BAF,MA,ANE,EN,Federal Contract Tower,0,2,20,1,23,0,5,52,1,58,0,7,72,2,81,56,0,56,137
06/28/2021,BAF,MA,ANE,EN,Federal Contract Tower,0,0,5,1,6,0,6,57,10,73,0,6,62,11,79,126,38,164,243
06/29/2021,BAF,MA,ANE,EN,Federal Contract Tower,0,3,3,13,19,0,0,58,17,75,0,3,61,30,94,30,0,30,124
06/30/2021,BAF,MA,ANE,EN,Federal Contract Tower,0,1,4,6,11,0,2,39,12,53,0,3,43,18,64,38,4,42,106
07/01/2021,BAF,MA,ANE,EN,Federal Contract Tower,0,1,13,10,24,0,1,22,2,25,0,2,35,12,49,32,0,32,81
07/02/2021,BAF,MA,ANE,EN,Federal Contract Tower,0,1,8,0,9,0,0,0,0,0,0,1,8,0,9,0,0,0,9
07/03/2021,BAF,MA,ANE,EN,Federal Contract Tower,0,1,4,0,5,0,0,0,0,0,0,1,4,0,5,0,0,0,5
07/04/2021,BAF,MA,ANE,EN,Federal Contract Tower,0,1,15,2,18,0,2,12,0,14,0,3,27,2,32,6,4,10,42
07/05/2021,BAF,MA,ANE,EN,Federal Contract Tower,0,1,14,0,15,0,0,16,0,16,0,1,30,0,31,24,0,24,55
07/06/2021,BAF,MA,ANE,EN,Federal Contract Tower,0,0,7,11,18,0,2,36,1,39,0,2,43,12,57,34,0,34,91
07/07/2021,BAF,MA,ANE,EN,Federal Contract Tower,0,1,13,12,26,0,2,54,3,59,0,3,67,15,85,70,0,70,155
07/08/2021,BAF,MA,ANE,EN,Federal Contract Tower,0,1,7,9,17,0,0,3,0,3,0,1,10,9,20,10,4,14,34
07/09/2021,BAF,MA,ANE,EN,Federal Contract Tower,0,0,2,1,3,0,0,14,0,14,0,0,16,1,17,44,0,44,61
07/10/2021,BAF,MA,ANE,EN,Federal Contract Tower,0,0,13,2,15,0,0,117,1,118,0,0,130,3,133,176,0,176,309
07/11/2021,BAF,MA,ANE,EN,Federal Contract Tower,0,0,15,0,15,0,0,35,0,35,0,0,50,0,50,54,0,54,104
07/12/2021,BAF,MA,ANE,EN,Federal Contract Tower,0,0,9,2,11,0,0,13,5,18,0,0,22,7,29,10,0,10,39
07/13/2021,BAF,MA,ANE,EN,Federal Contract Tower,0,2,6,14,22,0,0,0,0,0,0,2,6,14,22,0,0,0,22
07/14/2021,BAF,MA,ANE,EN,Federal Contract Tower,0,3,10,22,35,0,0,21,2,23,0,3,31,24,58,42,6,48,106
07/15/2021,BAF,MA,ANE,EN,Federal Contract Tower,0,4,9,18,31,0,4,97,2,103,0,8,106,20,134,88,0,88,222
07/16/2021,BAF,MA,ANE,EN,Federal Contract Tower,0,0,14,7,21,0,4,61,0,65,0,4,75,7,86,90,0,90,176
07/17/2021,BAF,MA,ANE,EN,Federal Contract Tower,0,1,4,0,5,0,0,53,1,54,0,1,57,1,59,66,0,66,125
07/18/2021,BAF,MA,ANE,EN,Federal Contract Tower,0,7,15,0,22,0,0,2,0,2,0,7,17,0,24,6,0,6,30
07/19/2021,BAF,MA,ANE,EN,Federal Contract Tower,0,1,11,2,14,0,0,28,6,34,0,1,39,8,48,50,20,70,118
07/20/2021,BAF,MA,ANE,EN,Federal Contract Tower,0,3,15,20,38,0,0,0,0,0,0,3,15,20,38,70,20,90,128
07/21/2021,BAF,MA,ANE,EN,Federal Contract Tower,0,2,6,11,19,0,0,52,14,66,0,2,58,25,85,120,58,178,263
07/22/2021,BAF,MA,ANE,EN,Federal Contract Tower,0,2,6,10,18,0,4,83,8,95,0,6,89,18,113,110,38,148,261
07/23/2021,BAF,MA,ANE,EN,Federal Contract Tower,0,3,8,2,13,0,2,72,0,74,0,5,80,2,87,124,0,124,211
07/24/2021,BAF,MA,ANE,EN,Federal Contract Tower,0,1,3,0,4,0,0,93,0,93,0,1,96,0,97,124,0,124,221
07/25/2021,BAF,MA,ANE,EN,Federal Contract Tower,0,1,6,0,7,0,0,4,0,4,0,1,10,0,11,4,0,4,15
07/26/2021,BAF,MA,ANE,EN,Federal Contract Tower,0,6,8,3,17,0,0,17,0,17,0,6,25,3,34,28,0,28,62
07/27/2021,BAF,MA,ANE,EN,Federal Contract Tower,0,0,0,0,0,0,3,66,5,74,0,3,66,5,74,58,22,80,154
07/28/2021,BAF,MA,ANE,EN,Federal Contract Tower,0,1,10,11,22,0,1,60,10,71,0,2,70,21,93,82,10,92,185
07/29/2021,BAF,MA,ANE,EN,Federal Contract Tower,0,3,18,9,30,0,0,35,8,43,0,3,53,17,73,52,4,56,129
07/30/2021,BAF,MA,ANE,EN,Federal Contract Tower,0,3,9,6,18,0,0,62,1,63,0,3,71,7,81,40,0,40,121
07/31/2021,BAF,MA,ANE,EN,Federal Contract Tower,0,1,2,0,3,0,4,98,0,102,0,5,100,0,105,132,0,132,237
08/01/2021,BAF,MA,ANE,EN,Federal Contract Tower,2,0,5,0,7,0,4,65,0,69,2,4,70,0,76,64,0,64,140
08/02/2021,BAF,MA,ANE,EN,Federal Contract Tower,0,2,14,0,16,0,6,60,0,66,0,8,74,0,82,118,0,118,200
08/03/2021,BAF,MA,ANE,EN,Federal Contract Tower,0,0,6,0,6,0,0,84,0,84,0,0,90,0,90,110,0,110,200
08/04/2021,BAF,MA,ANE,EN,Federal Contract Tower,0,1,10,8,19,0,1,93,4,98,0,2,103,12,117,66,12,78,195
08/05/2021,BAF,MA,ANE,EN,Federal Contract Tower,0,3,10,11,24,0,0,15,5,20,0,3,25,16,44,50,11,61,105
08/06/2021,BAF,MA,ANE,EN,Federal Contract Tower,0,0,13,4,17,0,0,79,5,84,0,0,92,9,101,72,0,72,173
08/07/2021,BAF,MA,ANE,EN,Federal Contract Tower,0,7,0,0,7,0,4,135,0,139,0,11,135,0,146,86,0,86,232
08/08/2021,BAF,MA,ANE,EN,Federal Contract Tower,0,3,2,2,7,0,0,92,0,92,0,3,94,2,99,78,4,82,181
08/09/2021,BAF,MA,ANE,EN,Federal Contract Tower,0,6,10,2,18,0,2,37,0,39,0,8,47,2,57,74,2,76,133
08/10/2021,BAF,MA,ANE,EN,Federal Contract Tower,0,1,20,3,24,0,1,26,6,33,0,2,46,9,57,80,16,96,153
08/11/2021,BAF,MA,ANE,EN,Federal Contract Tower,0,1,13,4,18,0,6,79,5,90,0,7,92,9,108,74,2,76,184
08/12/2021,BAF,MA,ANE,EN,Federal Contract Tower,0,0,7,15,22,0,4,49,1,54,0,4,56,16,76,8,0,8,84
08/13/2021,BAF,MA,ANE,EN,Federal Contract Tower,0,1,11,0,12,0,0,55,4,59,0,1,66,4,71,90,8,98,169
08/14/2021,BAF,MA,ANE,EN,Federal Contract Tower,0,0,8,9,17,0,0,38,0,38,0,0,46,9,55,52,6,58,113
08/15/2021,BAF,MA,ANE,EN,Federal Contract Tower,0,0,4,3,7,0,2,78,1,81,0,2,82,4,88,88,2,90,178
08/16/2021,BAF,MA,ANE,EN,Federal Contract Tower,0,0,4,0,4,0,0,66,3,69,0,0,70,3,73,104,0,104,177
08/17/2021,BAF,MA,ANE,EN,Federal Contract Tower,0,2,14,8,24,0,0,59,21,80,0,2,73,29,104,90,26,116,220
08/18/2021,BAF,MA,ANE,EN,Federal Contract Tower,0,1,11,7,19,0,0,53,5,58,0,1,64,12,77,58,20,78,155
08/19/2021,BAF,MA,ANE,EN,Federal Contract Tower,0,1,9,8,18,0,0,4,2,6,0,1,13,10,24,8,16,24,48
08/20/2021,BAF,MA,ANE,EN,Federal Contract Tower,0,1,12,9,22,0,0,66,2,68,0,1,78,11,90,126,2,128,218
08/21/2021,BAF,MA,ANE,EN,Federal Contract Tower,0,0,6,0,6,0,0,32,0,32,0,0,38,0,38,38,0,38,76
08/22/2021,BAF,MA,ANE,EN,Federal Contract Tower,0,0,0,0,0,0,0,0,0,0,0,0,0,0,0,0,0,0,0
08/23/2021,BAF,MA,ANE,EN,Federal Contract Tower,0,0,5,0,5,0,0,0,0,0,0,0,5,0,5,0,0,0,5
08/24/2021,BAF,MA,ANE,EN,Federal Contract Tower,0,0,7,6,13,0,2,88,4,94,0,2,95,10,107,104,0,104,211
08/25/2021,BAF,MA,ANE,EN,Federal Contract Tower,0,5,12,9,26,0,0,101,4,105,0,5,113,13,131,74,10,84,215
08/26/2021,BAF,MA,ANE,EN,Federal Contract Tower,0,2,11,11,24,0,0,69,7,76,0,2,80,18,100,78,0,78,178
08/27/2021,BAF,MA,ANE,EN,Federal Contract Tower,0,2,6,7,15,0,3,58,4,65,0,5,64,11,80,76,8,84,164
08/28/2021,BAF,MA,ANE,EN,Federal Contract Tower,0,0,9,0,9,0,0,72,0,72,0,0,81,0,81,154,0,154,235
08/29/2021,BAF,MA,ANE,EN,Federal Contract Tower,0,1,17,0,18,0,3,41,0,44,0,4,58,0,62,114,0,114,176
08/30/2021,BAF,MA,ANE,EN,Federal Contract Tower,0,4,14,0,18,0,0,34,9,43,0,4,48,9,61,48,18,66,127
08/31/2021,BAF,MA,ANE,EN,Federal Contract Tower,0,2,7,10,19,0,1,84,13,98,0,3,91,23,117,86,24,110,227
09/01/2021,BAF,MA,ANE,EN,Federal Contract Tower,0,1,13,8,22,0,0,2,0,2,0,1,15,8,24,6,0,6,30
09/02/2021,BAF,MA,ANE,EN,Federal Contract Tower,0,0,4,11,15,0,1,52,8,61,0,1,56,19,76,65,12,77,153
09/03/2021,BAF,MA,ANE,EN,Federal Contract Tower,0,0,12,3,15,0,5,74,0,79,0,5,86,3,94,70,2,72,166
09/04/2021,BAF,MA,ANE,EN,Federal Contract Tower,0,0,2,0,2,0,0,100,0,100,0,0,102,0,102,84,0,84,186
09/05/2021,BAF,MA,ANE,EN,Federal Contract Tower,0,0,9,0,9,0,0,39,1,40,0,0,48,1,49,24,0,24,73
09/06/2021,BAF,MA,ANE,EN,Federal Contract Tower,0,0,3,0,3,0,6,88,0,94,0,6,91,0,97,132,0,132,229
09/07/2021,BAF,MA,ANE,EN,Federal Contract Tower,0,1,13,10,24,0,2,89,17,108,0,3,102,27,132,66,8,74,206
09/08/2021,BAF,MA,ANE,EN,Federal Contract Tower,0,2,7,7,16,0,6,47,17,70,0,8,54,24,86,46,18,64,150
09/09/2021,BAF,MA,ANE,EN,Federal Contract Tower,0,8,11,15,34,0,0,8,0,8,0,8,19,15,42,0,0,0,42
09/10/2021,BAF,MA,ANE,EN,Federal Contract Tower,0,12,8,3,23,0,0,73,4,77,0,12,81,7,100,42,0,42,142
09/11/2021,BAF,MA,ANE,EN,Federal Contract Tower,0,0,25,1,26,0,2,133,8,143,0,2,158,9,169,66,0,66,235
09/12/2021,BAF,MA,ANE,EN,Federal Contract Tower,0,11,11,0,22,0,0,78,3,81,0,11,89,3,103,88,0,88,191
09/13/2021,BAF,MA,ANE,EN,Federal Contract Tower,0,5,10,5,20,0,0,40,2,42,0,5,50,7,62,58,8,66,128
09/14/2021,BAF,MA,ANE,EN,Federal Contract Tower,0,5,14,10,29,0,2,75,2,79,0,7,89,12,108,86,20,106,214
09/15/2021,BAF,MA,ANE,EN,Federal Contract Tower,0,1,11,11,23,0,0,25,3,28,0,1,36,14,51,42,20,62,113
09/16/2021,BAF,MA,ANE,EN,Federal Contract Tower,0,0,18,7,25,0,0,19,10,29,0,0,37,17,54,32,48,80,134
09/17/2021,BAF,MA,ANE,EN,Federal Contract Tower,0,2,23,4,29,0,0,5,0,5,0,2,28,4,34,18,0,18,52
09/18/2021,BAF,MA,ANE,EN,Federal Contract Tower,1,5,21,10,37,0,0,74,0,74,1,5,95,10,111,46,32,78,189
09/19/2021,BAF,MA,ANE,EN,Federal Contract Tower,0,5,12,0,17,0,0,101,0,101,0,5,113,0,118,76,0,76,194
09/20/2021,BAF,MA,ANE,EN,Federal Contract Tower,0,3,7,1,11,0,0,83,5,88,0,3,90,6,99,100,0,100,199
09/21/2021,BAF,MA,ANE,EN,Federal Contract Tower,0,5,14,12,31,0,0,84,16,100,0,5,98,28,131,100,14,114,245
09/22/2021,BAF,MA,ANE,EN,Federal Contract Tower,0,0,5,10,15,0,0,5,2,7,0,0,10,12,22,2,8,10,32
09/23/2021,BAF,MA,ANE,EN,Federal Contract Tower,0,2,4,2,8,0,0,7,1,8,0,2,11,3,16,0,0,0,16
09/24/2021,BAF,MA,ANE,EN,Federal Contract Tower,2,5,5,2,14,0,2,30,0,32,2,7,35,2,46,44,0,44,90
09/25/2021,BAF,MA,ANE,EN,Federal Contract Tower,2,0,13,0,15,0,0,113,1,114,2,0,126,1,129,136,0,136,265
09/26/2021,BAF,MA,ANE,EN,Federal Contract Tower,0,3,8,0,11,0,3,75,1,79,0,6,83,1,90,88,0,88,178
09/27/2021,BAF,MA,ANE,EN,Federal Contract Tower,0,0,13,1,14,0,3,73,4,80,0,3,86,5,94,76,14,90,184
09/28/2021,BAF,MA,ANE,EN,Federal Contract Tower,0,0,14,3,17,0,0,38,13,51,0,0,52,16,68,44,0,44,112
09/29/2021,BAF,MA,ANE,EN,Federal Contract Tower,0,0,13,1,14,0,0,99,9,108,0,0,112,10,122,92,2,94,216
09/30/2021,BAF,MA,ANE,EN,Federal Contract Tower,0,4,8,1,13,0,1,53,5,59,0,5,61,6,72,78,0,78,150
10/01/2021,BAF,MA,ANE,EN,Federal Contract Tower,0,1,3,4,8,0,1,72,0,73,0,2,75,4,81,104,0,104,185
10/02/2021,BAF,MA,ANE,EN,Federal Contract Tower,1,0,4,0,5,0,0,90,0,90,1,0,94,0,95,102,0,102,197
10/03/2021,BAF,MA,ANE,EN,Federal Contract Tower,0,2,13,0,15,0,0,76,0,76,0,2,89,0,91,80,0,80,171
10/04/2021,BAF,MA,ANE,EN,Federal Contract Tower,0,1,17,5,23,0,0,0,0,0,0,1,17,5,23,0,0,0,23
10/05/2021,BAF,MA,ANE,EN,Federal Contract Tower,0,0,5,10,15,0,0,10,0,10,0,0,15,10,25,26,0,26,51
10/06/2021,BAF,MA,ANE,EN,Federal Contract Tower,0,1,29,11,41,0,0,107,14,121,0,1,136,25,162,114,8,122,284
10/07/2021,BAF,MA,ANE,EN,Federal Contract Tower,0,2,24,2,28,0,0,61,11,72,0,2,85,13,100,98,22,120,220
10/08/2021,BAF,MA,ANE,EN,Federal Contract Tower,0,2,17,9,28,0,0,62,0,62,0,2,79,9,90,89,12,101,191
10/09/2021,BAF,MA,ANE,EN,Federal Contract Tower,0,5,7,0,12,0,0,31,0,31,0,5,38,0,43,62,0,62,105
10/10/2021,BAF,MA,ANE,EN,Federal Contract Tower,0,7,12,0,19,0,0,5,0,5,0,7,17,0,24,20,0,20,44
10/11/2021,BAF,MA,ANE,EN,Federal Contract Tower,0,6,14,7,27,0,2,40,1,43,0,8,54,8,70,84,0,84,154
10/12/2021,BAF,MA,ANE,EN,Federal Contract Tower,0,3,3,9,15,0,1,50,2,53,0,4,53,11,68,52,0,52,120
10/13/2021,BAF,MA,ANE,EN,Federal Contract Tower,0,0,17,9,26,0,0,48,1,49,0,0,65,10,75,100,0,100,175
10/14/2021,BAF,MA,ANE,EN,Federal Contract Tower,0,3,8,8,19,0,0,62,5,67,0,3,70,13,86,88,4,92,178
10/15/2021,BAF,MA,ANE,EN,Federal Contract Tower,0,2,15,6,23,0,0,13,0,13,0,2,28,6,36,18,0,18,54
10/16/2021,BAF,MA,ANE,EN,Federal Contract Tower,0,0,7,10,17,0,0,12,3,15,0,0,19,13,32,36,10,46,78
10/17/2021,BAF,MA,ANE,EN,Federal Contract Tower,0,5,8,0,13,0,0,83,1,84,0,5,91,1,97,82,0,82,179
10/18/2021,BAF,MA,ANE,EN,Federal Contract Tower,0,0,3,0,3,0,2,35,2,39,0,2,38,2,42,46,0,46,88
10/20/2021,BAF,MA,ANE,EN,Federal Contract Tower,0,2,7,9,18,0,3,70,6,79,0,5,77,15,97,90,0,90,187
10/21/2021,BAF,MA,ANE,EN,Federal Contract Tower,0,6,10,15,31,0,4,82,9,95,0,10,92,24,126,144,0,144,270
10/22/2021,BAF,MA,ANE,EN,Federal Contract Tower,2,11,7,5,25,0,2,74,3,79,2,13,81,8,104,66,0,66,170
10/23/2021,BAF,MA,ANE,EN,Federal Contract Tower,1,5,8,0,14,0,2,95,0,97,1,7,103,0,111,112,0,112,223
10/24/2021,BAF,MA,ANE,EN,Federal Contract Tower,0,1,12,0,13,0,6,100,0,106,0,7,112,0,119,70,0,70,189
10/25/2021,BAF,MA,ANE,EN,Federal Contract Tower,0,2,14,0,16,0,0,0,0,0,0,2,14,0,16,0,0,0,16
10/26/2021,BAF,MA,ANE,EN,Federal Contract Tower,0,4,5,1,10,0,0,0,0,0,0,4,5,1,10,0,0,0,10
10/27/2021,BAF,MA,ANE,EN,Federal Contract Tower,0,3,4,10,17,0,0,2,13,15,0,3,6,23,32,16,22,38,70
10/28/2021,BAF,MA,ANE,EN,Federal Contract Tower,1,2,11,13,27,0,0,68,2,70,1,2,79,15,97,72,2,74,171
10/29/2021,BAF,MA,ANE,EN,Federal Contract Tower,1,2,7,6,16,0,3,22,2,27,1,5,29,8,43,52,12,64,107
10/30/2021,BAF,MA,ANE,EN,Federal Contract Tower,2,2,8,0,12,0,0,0,0,0,2,2,8,0,12,0,0,0,12
10/31/2021,BAF,MA,ANE,EN,Federal Contract Tower,0,4,6,0,10,0,0,43,2,45,0,4,49,2,55,58,6,64,119
11/01/2021,BAF,MA,ANE,EN,Federal Contract Tower,0,3,8,2,13,0,2,41,11,54,0,5,49,13,67,22,0,22,89
11/02/2021,BAF,MA,ANE,EN,Federal Contract Tower,0,0,14,1,15,0,1,72,8,81,0,1,86,9,96,44,8,52,148
11/03/2021,BAF,MA,ANE,EN,Federal Contract Tower,0,6,5,5,16,0,6,67,3,76,0,12,72,8,92,70,12,82,174
11/04/2021,BAF,MA,ANE,EN,Federal Contract Tower,0,0,7,16,23,0,1,67,8,76,0,1,74,24,99,102,20,122,221
11/05/2021,BAF,MA,ANE,EN,Federal Contract Tower,0,3,6,18,27,0,4,84,4,92,0,7,90,22,119,128,0,128,247
11/06/2021,BAF,MA,ANE,EN,Federal Contract Tower,0,0,2,8,10,0,0,105,2,107,0,0,107,10,117,96,0,96,213
11/07/2021,BAF,MA,ANE,EN,Federal Contract Tower,0,2,12,0,14,0,4,92,1,97,0,6,104,1,111,62,6,68,179
11/08/2021,BAF,MA,ANE,EN,Federal Contract Tower,0,3,5,2,10,0,2,42,6,50,0,5,47,8,60,60,10,70,130
11/09/2021,BAF,MA,ANE,EN,Federal Contract Tower,0,3,4,10,17,0,2,73,14,89,0,5,77,24,106,54,0,54,160
11/10/2021,BAF,MA,ANE,EN,Federal Contract Tower,0,2,8,10,20,0,2,76,4,82,0,4,84,14,102,64,14,78,180
11/11/2021,BAF,MA,ANE,EN,Federal Contract Tower,0,0,15,0,15,0,1,76,0,77,0,1,91,0,92,74,0,74,166
11/12/2021,BAF,MA,ANE,EN,Federal Contract Tower,0,5,6,0,11,0,0,4,0,4,0,5,10,0,15,2,0,2,17
11/13/2021,BAF,MA,ANE,EN,Federal Contract Tower,0,5,8,0,13,0,0,17,0,17,0,5,25,0,30,22,0,22,52
11/14/2021,BAF,MA,ANE,EN,Federal Contract Tower,1,4,7,1,13,0,0,69,0,69,1,4,76,1,82,70,0,70,152
11/15/2021,BAF,MA,ANE,EN,Federal Contract Tower,0,6,7,9,22,0,0,37,18,55,0,6,44,27,77,44,0,44,121
11/16/2021,BAF,MA,ANE,EN,Federal Contract Tower,0,0,5,8,13,0,1,34,12,47,0,1,39,20,60,40,0,40,100
11/17/2021,BAF,MA,ANE,EN,Federal Contract Tower,0,1,8,10,19,0,0,86,8,94,0,1,94,18,113,78,8,86,199
11/18/2021,BAF,MA,ANE,EN,Federal Contract Tower,0,3,6,14,23,0,0,0,0,0,0,3,6,14,23,76,0,76,99
11/19/2021,BAF,MA,ANE,EN,Federal Contract Tower,0,2,10,7,19,0,32,2,0,34,0,34,12,7,53,16,0,16,69
11/20/2021,BAF,MA,ANE,EN,Federal Contract Tower,0,1,10,0,11,0,0,103,3,106,0,1,113,3,117,102,0,102,219
11/21/2021,BAF,MA,ANE,EN,Federal Contract Tower,0,2,2,0,4,0,0,68,0,68,0,2,70,0,72,68,0,68,140
11/22/2021,BAF,MA,ANE,EN,Federal Contract Tower,0,1,15,10,26,0,0,31,13,44,0,1,46,23,70,14,6,20,90
11/23/2021,BAF,MA,ANE,EN,Federal Contract Tower,0,12,12,11,35,0,0,50,11,61,0,12,62,22,96,66,0,66,162
11/24/2021,BAF,MA,ANE,EN,Federal Contract Tower,0,2,3,4,9,0,0,59,6,65,0,2,62,10,74,102,2,104,178
11/25/2021,BAF,MA,ANE,EN,Federal Contract Tower,0,0,5,2,7,0,0,10,1,11,0,0,15,3,18,6,0,6,24
11/26/2021,BAF,MA,ANE,EN,Federal Contract Tower,0,2,7,0,9,0,1,0,0,1,0,3,7,0,10,0,0,0,10
11/27/2021,BAF,MA,ANE,EN,Federal Contract Tower,0,2,5,0,7,0,0,15,0,15,0,2,20,0,22,6,0,6,28
11/28/2021,BAF,MA,ANE,EN,Federal Contract Tower,0,3,12,2,17,0,0,44,4,48,0,3,56,6,65,60,10,70,135
11/29/2021,BAF,MA,ANE,EN,Federal Contract Tower,0,6,9,2,17,0,0,21,8,29,0,6,30,10,46,26,12,38,84
11/30/2021,BAF,MA,ANE,EN,Federal Contract Tower,0,4,5,8,17,0,1,50,12,63,0,5,55,20,80,104,32,136,216
12/01/2021,BAF,MA,ANE,EN,Federal Contract Tower,0,0,5,17,22,0,0,59,6,65,0,0,64,23,87,38,28,66,153
12/02/2021,BAF,MA,ANE,EN,Federal Contract Tower,0,0,1,8,9,0,1,4,4,9,0,1,5,12,18,0,0,0,18
12/03/2021,BAF,MA,ANE,EN,Federal Contract Tower,0,1,8,4,13,0,0,7,4,11,0,1,15,8,24,36,6,42,66
12/04/2021,BAF,MA,ANE,EN,Federal Contract Tower,0,1,7,9,17,0,0,77,5,82,0,1,84,14,99,80,2,82,181
12/05/2021,BAF,MA,ANE,EN,Federal Contract Tower,0,2,14,0,16,0,1,70,1,72,0,3,84,1,88,106,0,106,194
12/06/2021,BAF,MA,ANE,EN,Federal Contract Tower,0,4,8,0,12,0,0,0,0,0,0,4,8,0,12,0,0,0,12
12/07/2021,BAF,MA,ANE,EN,Federal Contract Tower,0,0,9,9,18,0,0,49,22,71,0,0,58,31,89,44,20,64,153
12/08/2021,BAF,MA,ANE,EN,Federal Contract Tower,0,2,10,0,12,0,0,21,11,32,0,2,31,11,44,26,8,34,78
12/09/2021,BAF,MA,ANE,EN,Federal Contract Tower,0,5,2,8,15,0,1,17,6,24,0,6,19,14,39,46,4,50,89
12/10/2021,BAF,MA,ANE,EN,Federal Contract Tower,0,3,10,4,17,0,0,55,1,56,0,3,65,5,73,76,0,76,149
12/11/2021,BAF,MA,ANE,EN,Federal Contract Tower,0,0,3,0,3,0,0,0,0,0,0,0,3,0,3,0,0,0,3
12/12/2021,BAF,MA,ANE,EN,Federal Contract Tower,0,4,4,0,8,0,0,30,1,31,0,4,34,1,39,38,6,44,83
12/13/2021,BAF,MA,ANE,EN,Federal Contract Tower,0,6,8,7,21,0,1,38,19,58,0,7,46,26,79,58,20,78,157
12/14/2021,BAF,MA,ANE,EN,Federal Contract Tower,0,4,10,11,25,0,6,83,22,111,0,10,93,33,136,128,30,158,294
12/15/2021,BAF,MA,ANE,EN,Federal Contract Tower,0,1,8,6,15,0,2,45,9,56,0,3,53,15,71,98,0,98,169
12/16/2021,BAF,MA,ANE,EN,Federal Contract Tower,0,3,7,8,18,0,0,28,5,33,0,3,35,13,51,52,8,60,111
12/17/2021,BAF,MA,ANE,EN,Federal Contract Tower,0,4,8,0,12,0,0,28,0,28,0,4,36,0,40,32,0,32,72
12/18/2021,BAF,MA,ANE,EN,Federal Contract Tower,0,0,0,2,2,0,0,5,1,6,0,0,5,3,8,0,4,4,12
12/19/2021,BAF,MA,ANE,EN,Federal Contract Tower,0,0,2,0,2,0,2,17,1,20,0,2,19,1,22,26,0,26,48
12/20/2021,BAF,MA,ANE,EN,Federal Contract Tower,0,4,7,10,21,0,0,51,28,79,0,4,58,38,100,52,28,80,180
12/21/2021,BAF,MA,ANE,EN,Federal Contract Tower,0,5,8,10,23,0,0,85,74,159,0,5,93,84,182,128,26,154,336
12/22/2021,BAF,MA,ANE,EN,Federal Contract Tower,0,2,9,0,11,0,0,9,7,16,0,2,18,7,27,4,6,10,37
12/23/2021,BAF,MA,ANE,EN,Federal Contract Tower,0,3,3,0,6,0,0,32,6,38,0,3,35,6,44,34,0,34,78
12/24/2021,BAF,MA,ANE,EN,Federal Contract Tower,0,0,1,0,1,0,0,2,0,2,0,0,3,0,3,38,0,38,41
12/25/2021,BAF,MA,ANE,EN,Federal Contract Tower,0,0,0,0,0,0,0,0,0,0,0,0,0,0,0,0,0,0,0
12/26/2021,BAF,MA,ANE,EN,Federal Contract Tower,0,0,0,0,0,0,0,19,0,19,0,0,19,0,19,30,0,30,49
12/27/2021,BAF,MA,ANE,EN,Federal Contract Tower,0,1,3,0,4,0,0,59,0,59,0,1,62,0,63,108,0,108,171
12/28/2021,BAF,MA,ANE,EN,Federal Contract Tower,0,0,18,4,22,0,0,35,3,38,0,0,53,7,60,26,0,26,86
12/29/2021,BAF,MA,ANE,EN,Federal Contract Tower,0,1,3,0,4,0,0,0,0,0,0,1,3,0,4,0,0,0,4
12/30/2021,BAF,MA,ANE,EN,Federal Contract Tower,0,0,8,2,10,0,0,2,0,2,0,0,10,2,12,2,0,2,14
12/31/2021,BAF,MA,ANE,EN,Federal Contract Tower,0,1,6,0,7,0,0,0,0,0,0,1,6,0,7,0,0,0,7
01/01/2022,BAF,MA,ANE,EN,Federal Contract Tower,0,0,3,0,3,0,0,0,0,0,0,0,3,0,3,0,0,0,3
01/02/2022,BAF,MA,ANE,EN,Federal Contract Tower,0,2,2,0,4,0,0,2,0,2,0,2,4,0,6,6,0,6,12
01/03/2022,BAF,MA,ANE,EN,Federal Contract Tower,0,2,2,2,6,0,2,34,0,36,0,4,36,2,42,34,0,34,76
01/04/2022,BAF,MA,ANE,EN,Federal Contract Tower,0,1,10,5,16,0,3,82,7,92,0,4,92,12,108,128,0,128,236
01/05/2022,BAF,MA,ANE,EN,Federal Contract Tower,0,0,1,2,3,0,0,0,0,0,0,0,1,2,3,0,0,0,3
01/06/2022,BAF,MA,ANE,EN,Federal Contract Tower,0,0,9,2,11,0,0,41,8,49,0,0,50,10,60,30,0,30,90
01/07/2022,BAF,MA,ANE,EN,Federal Contract Tower,0,2,1,2,5,0,0,1,0,1,0,2,2,2,6,0,0,0,6
01/08/2022,BAF,MA,ANE,EN,Federal Contract Tower,0,2,3,0,5,0,0,72,7,79,0,2,75,7,84,98,0,98,182
01/09/2022,BAF,MA,ANE,EN,Federal Contract Tower,0,2,2,0,4,0,0,0,0,0,0,2,2,0,4,0,0,0,4
01/10/2022,BAF,MA,ANE,EN,Federal Contract Tower,0,7,4,2,13,0,4,15,3,22,0,11,19,5,35,44,12,56,91
01/11/2022,BAF,MA,ANE,EN,Federal Contract Tower,0,2,5,3,10,0,4,24,9,37,0,6,29,12,47,40,12,52,99
01/12/2022,BAF,MA,ANE,EN,Federal Contract Tower,0,3,6,4,13,0,1,37,6,44,0,4,43,10,57,78,18,96,153
01/13/2022,BAF,MA,ANE,EN,Federal Contract Tower,0,4,5,6,15,0,0,46,2,48,0,4,51,8,63,68,0,68,131
01/14/2022,BAF,MA,ANE,EN,Federal Contract Tower,0,2,3,3,8,0,0,20,1,21,0,2,23,4,29,36,0,36,65
01/15/2022,BAF,MA,ANE,EN,Federal Contract Tower,0,0,1,0,1,0,0,20,0,20,0,0,21,0,21,14,0,14,35
01/16/2022,BAF,MA,ANE,EN,Federal Contract Tower,0,2,7,2,11,0,1,50,1,52,0,3,57,3,63,54,0,54,117
01/17/2022,BAF,MA,ANE,EN,Federal Contract Tower,0,1,2,0,3,0,0,0,0,0,0,1,2,0,3,0,0,0,3
01/18/2022,BAF,MA,ANE,EN,Federal Contract Tower,2,0,5,3,10,0,2,15,6,23,2,2,20,9,33,24,8,32,65
01/19/2022,BAF,MA,ANE,EN,Federal Contract Tower,0,2,10,12,24,0,0,36,8,44,0,2,46,20,68,54,28,82,150
01/20/2022,BAF,MA,ANE,EN,Federal Contract Tower,0,0,5,3,8,0,0,30,11,41,0,0,35,14,49,50,40,90,139
01/21/2022,BAF,MA,ANE,EN,Federal Contract Tower,0,5,8,6,19,0,0,47,3,50,0,5,55,9,69,70,8,78,147
01/22/2022,BAF,MA,ANE,EN,Federal Contract Tower,0,2,7,1,10,0,0,72,2,74,0,2,79,3,84,84,0,84,168
01/23/2022,BAF,MA,ANE,EN,Federal Contract Tower,0,2,5,0,7,0,0,74,0,74,0,2,79,0,81,74,0,74,155
01/24/2022,BAF,MA,ANE,EN,Federal Contract Tower,0,2,4,0,6,0,3,45,3,51,0,5,49,3,57,58,0,58,115
01/25/2022,BAF,MA,ANE,EN,Federal Contract Tower,0,3,4,10,17,0,0,48,2,50,0,3,52,12,67,60,0,60,127
01/26/2022,BAF,MA,ANE,EN,Federal Contract Tower,0,5,5,14,24,0,1,33,5,39,0,6,38,19,63,52,32,84,147
01/27/2022,BAF,MA,ANE,EN,Federal Contract Tower,0,2,2,12,16,0,0,43,4,47,0,2,45,16,63,52,0,52,115
01/28/2022,BAF,MA,ANE,EN,Federal Contract Tower,2,1,6,3,12,0,0,36,3,39,2,1,42,6,51,78,0,78,129
01/29/2022,BAF,MA,ANE,EN,Federal Contract Tower,0,0,0,0,0,0,0,0,0,0,0,0,0,0,0,0,0,0,0
01/30/2022,BAF,MA,ANE,EN,Federal Contract Tower,0,3,4,0,7,0,4,36,2,42,0,7,40,2,49,54,2,56,105
01/31/2022,BAF,MA,ANE,EN,Federal Contract Tower,0,7,3,12,22,0,0,40,23,63,0,7,43,35,85,36,22,58,143
02/01/2022,BAF,MA,ANE,EN,Federal Contract Tower,0,5,4,14,23,0,1,56,10,67,0,6,60,24,90,180,14,194,284
02/02/2022,BAF,MA,ANE,EN,Federal Contract Tower,0,3,6,14,23,0,1,20,8,29,0,4,26,22,52,48,22,70,122
02/03/2022,BAF,MA,ANE,EN,Federal Contract Tower,0,4,2,0,6,0,0,0,0,0,0,4,2,0,6,0,0,0,6
02/04/2022,BAF,MA,ANE,EN,Federal Contract Tower,0,0,1,0,1,0,0,0,0,0,0,0,1,0,1,0,0,0,1
02/05/2022,BAF,MA,ANE,EN,Federal Contract Tower,0,0,1,7,8,0,0,27,24,51,0,0,28,31,59,2,10,12,71
02/06/2022,BAF,MA,ANE,EN,Federal Contract Tower,0,0,9,0,9,0,2,101,0,103,0,2,110,0,112,50,0,50,162
02/07/2022,BAF,MA,ANE,EN,Federal Contract Tower,0,10,6,0,16,0,0,0,0,0,0,10,6,0,16,0,0,0,16
02/08/2022,BAF,MA,ANE,EN,Federal Contract Tower,0,2,2,14,18,0,0,33,13,46,0,2,35,27,64,56,8,64,128
02/09/2022,BAF,MA,ANE,EN,Federal Contract Tower,0,3,10,14,27,0,2,90,11,103,0,5,100,25,130,118,16,134,264
02/10/2022,BAF,MA,ANE,EN,Federal Contract Tower,1,5,6,9,21,0,0,47,1,48,1,5,53,10,69,64,0,64,133
02/11/2022,BAF,MA,ANE,EN,Federal Contract Tower,0,2,4,7,13,0,0,68,0,68,0,2,72,7,81,104,0,104,185
02/12/2022,BAF,MA,ANE,EN,Federal Contract Tower,1,0,0,0,1,0,0,59,0,59,1,0,59,0,60,74,0,74,134
02/13/2022,BAF,MA,ANE,EN,Federal Contract Tower,0,2,1,0,3,0,0,3,0,3,0,2,4,0,6,12,0,12,18
02/14/2022,BAF,MA,ANE,EN,Federal Contract Tower,0,0,4,4,8,0,4,11,7,22,0,4,15,11,30,2,8,10,40
02/15/2022,BAF,MA,ANE,EN,Federal Contract Tower,0,3,7,16,26,0,2,71,13,86,0,5,78,29,112,86,30,116,228
02/16/2022,BAF,MA,ANE,EN,Federal Contract Tower,0,0,7,12,19,0,2,30,13,45,0,2,37,25,64,40,24,64,128
02/17/2022,BAF,MA,ANE,EN,Federal Contract Tower,0,5,6,19,30,0,0,24,8,32,0,5,30,27,62,14,28,42,104
02/18/2022,BAF,MA,ANE,EN,Federal Contract Tower,0,5,3,3,11,0,1,2,1,4,0,6,5,4,15,2,2,4,19
02/19/2022,BAF,MA,ANE,EN,Federal Contract Tower,2,1,4,0,7,0,0,38,0,38,2,1,42,0,45,48,0,48,93
02/20/2022,BAF,MA,ANE,EN,Federal Contract Tower,0,5,14,1,20,0,0,121,3,124,0,5,135,4,144,118,0,118,262
02/21/2022,BAF,MA,ANE,EN,Federal Contract Tower,0,3,11,2,16,0,2,108,4,114,0,5,119,6,130,102,0,102,232
02/22/2022,BAF,MA,ANE,EN,Federal Contract Tower,0,3,7,14,24,0,0,4,0,4,0,3,11,14,28,2,0,2,30
02/23/2022,BAF,MA,ANE,EN,Federal Contract Tower,1,3,6,12,22,0,2,30,7,39,1,5,36,19,61,26,0,26,87
02/24/2022,BAF,MA,ANE,EN,Federal Contract Tower,2,7,11,16,36,0,2,69,8,79,2,9,80,24,115,108,2,110,225
02/25/2022,BAF,MA,ANE,EN,Federal Contract Tower,0,0,1,0,1,0,0,0,0,0,0,0,1,0,1,0,0,0,1
02/26/2022,BAF,MA,ANE,EN,Federal Contract Tower,2,2,8,0,12,0,1,60,0,61,2,3,68,0,73,92,0,92,165
02/27/2022,BAF,MA,ANE,EN,Federal Contract Tower,0,2,2,0,4,0,0,24,0,24,0,2,26,0,28,12,0,12,40
02/28/2022,BAF,MA,ANE,EN,Federal Contract Tower,0,7,4,0,11,0,2,42,9,53,0,9,46,9,64,98,12,110,174
03/01/2022,BAF,MA,ANE,EN,Federal Contract Tower,0,2,5,17,24,0,3,40,2,45,0,5,45,19,69,52,18,70,139
03/02/2022,BAF,MA,ANE,EN,Federal Contract Tower,0,2,11,9,22,0,0,68,10,78,0,2,79,19,100,108,6,114,214
03/03/2022,BAF,MA,ANE,EN,Federal Contract Tower,0,0,4,14,18,0,0,35,9,44,0,0,39,23,62,46,0,46,108
03/04/2022,BAF,MA,ANE,EN,Federal Contract Tower,0,9,7,2,18,0,2,70,0,72,0,11,77,2,90,80,2,82,172
03/05/2022,BAF,MA,ANE,EN,Federal Contract Tower,0,2,6,0,8,0,2,82,2,86,0,4,88,2,94,76,0,76,170
03/06/2022,BAF,MA,ANE,EN,Federal Contract Tower,0,1,9,0,10,0,0,2,0,2,0,1,11,0,12,14,0,14,26
03/07/2022,BAF,MA,ANE,EN,Federal Contract Tower,0,1,5,0,6,0,1,6,1,8,0,2,11,1,14,10,0,10,24
03/08/2022,BAF,MA,ANE,EN,Federal Contract Tower,0,3,4,12,19,0,2,5,2,9,0,5,9,14,28,4,0,4,32
03/09/2022,BAF,MA,ANE,EN,Federal Contract Tower,0,3,5,5,13,0,0,11,0,11,0,3,16,5,24,20,0,20,44
03/10/2022,BAF,MA,ANE,EN,Federal Contract Tower,0,6,9,11,26,0,2,66,4,72,0,8,75,15,98,104,0,104,202
03/11/2022,BAF,MA,ANE,EN,Federal Contract Tower,0,3,3,7,13,0,0,73,0,73,0,3,76,7,86,92,0,92,178
03/12/2022,BAF,MA,ANE,EN,Federal Contract Tower,0,2,0,0,2,0,0,0,0,0,0,2,0,0,2,0,0,0,2
03/13/2022,BAF,MA,ANE,EN,Federal Contract Tower,0,5,7,0,12,0,0,1,0,1,0,5,8,0,13,0,0,0,13
03/14/2022,BAF,MA,ANE,EN,Federal Contract Tower,0,1,2,13,16,0,5,36,8,49,0,6,38,21,65,20,60,80,145
03/15/2022,BAF,MA,ANE,EN,Federal Contract Tower,0,2,7,17,26,0,3,93,10,106,0,5,100,27,132,64,26,90,222
03/16/2022,BAF,MA,ANE,EN,Federal Contract Tower,0,0,12,21,33,0,0,82,31,113,0,0,94,52,146,132,42,174,320
03/17/2022,BAF,MA,ANE,EN,Federal Contract Tower,0,3,8,0,11,0,0,0,0,0,0,3,8,0,11,0,0,0,11
03/18/2022,BAF,MA,ANE,EN,Federal Contract Tower,0,0,7,8,15,0,3,77,0,80,0,3,84,8,95,116,0,116,211
03/19/2022,BAF,MA,ANE,EN,Federal Contract Tower,0,1,5,0,6,0,0,0,0,0,0,1,5,0,6,0,0,0,6
03/20/2022,BAF,MA,ANE,EN,Federal Contract Tower,2,7,17,1,27,0,0,58,1,59,2,7,75,2,86,88,0,88,174
03/21/2022,BAF,MA,ANE,EN,Federal Contract Tower,0,2,1,1,4,0,2,10,6,18,0,4,11,7,22,0,2,2,24
03/22/2022,BAF,MA,ANE,EN,Federal Contract Tower,0,4,4,21,29,0,3,43,6,52,0,7,47,27,81,60,0,60,141
03/23/2022,BAF,MA,ANE,EN,Federal Contract Tower,0,3,6,13,22,0,1,93,2,96,0,4,99,15,118,164,0,164,282
03/24/2022,BAF,MA,ANE,EN,Federal Contract Tower,0,1,5,14,20,0,0,0,0,0,0,1,5,14,20,0,0,0,20
03/25/2022,BAF,MA,ANE,EN,Federal Contract Tower,0,2,13,10,25,0,2,74,5,81,0,4,87,15,106,104,26,130,236
03/26/2022,BAF,MA,ANE,EN,Federal Contract Tower,0,0,4,1,5,0,0,47,4,51,0,0,51,5,56,58,22,80,136
03/27/2022,BAF,MA,ANE,EN,Federal Contract Tower,0,1,5,0,6,0,0,4,3,7,0,1,9,3,13,0,0,0,13
03/28/2022,BAF,MA,ANE,EN,Federal Contract Tower,0,0,0,1,1,0,0,0,1,1,0,0,0,2,2,0,0,0,2
03/29/2022,BAF,MA,ANE,EN,Federal Contract Tower,0,0,4,17,21,0,2,13,11,26,0,2,17,28,47,6,12,18,65
03/30/2022,BAF,MA,ANE,EN,Federal Contract Tower,0,2,5,20,27,0,0,104,4,108,0,2,109,24,135,138,0,138,273
03/31/2022,BAF,MA,ANE,EN,Federal Contract Tower,0,0,3,6,9,0,0,2,0,2,0,0,5,6,11,0,0,0,11
04/01/2022,BAF,MA,ANE,EN,Federal Contract Tower,0,2,9,5,16,0,0,9,3,12,0,2,18,8,28,2,0,2,30
04/02/2022,BAF,MA,ANE,EN,Federal Contract Tower,0,0,1,15,16,0,0,41,1,42,0,0,42,16,58,34,0,34,92
04/03/2022,BAF,MA,ANE,EN,Federal Contract Tower,0,1,8,0,9,0,0,28,0,28,0,1,36,0,37,46,0,46,83
04/04/2022,BAF,MA,ANE,EN,Federal Contract Tower,0,4,7,0,11,0,0,27,10,37,0,4,34,10,48,20,22,42,90
04/05/2022,BAF,MA,ANE,EN,Federal Contract Tower,0,1,11,16,28,0,2,108,5,115,0,3,119,21,143,134,8,142,285
04/06/2022,BAF,MA,ANE,EN,Federal Contract Tower,0,2,11,0,13,0,0,0,0,0,0,2,11,0,13,0,0,0,13
04/07/2022,BAF,MA,ANE,EN,Federal Contract Tower,0,0,3,8,11,0,0,0,0,0,0,0,3,8,11,0,0,0,11
04/08/2022,BAF,MA,ANE,EN,Federal Contract Tower,0,1,9,1,11,0,0,22,6,28,0,1,31,7,39,36,20,56,95
04/09/2022,BAF,MA,ANE,EN,Federal Contract Tower,0,2,8,4,14,0,0,0,0,0,0,2,8,4,14,0,0,0,14
04/10/2022,BAF,MA,ANE,EN,Federal Contract Tower,0,1,7,0,8,0,4,43,2,49,0,5,50,2,57,52,0,52,109
04/11/2022,BAF,MA,ANE,EN,Federal Contract Tower,0,2,3,0,5,0,6,93,3,102,0,8,96,3,107,128,0,128,235
04/12/2022,BAF,MA,ANE,EN,Federal Contract Tower,0,0,9,14,23,0,0,43,0,43,0,0,52,14,66,124,0,124,190
04/13/2022,BAF,MA,ANE,EN,Federal Contract Tower,0,5,15,9,29,0,0,89,3,92,0,5,104,12,121,140,12,152,273
04/14/2022,BAF,MA,ANE,EN,Federal Contract Tower,0,4,1,6,11,0,2,20,2,24,0,6,21,8,35,60,0,60,95
04/15/2022,BAF,MA,ANE,EN,Federal Contract Tower,0,0,5,5,10,0,2,62,2,66,0,2,67,7,76,38,8,46,122
04/16/2022,BAF,MA,ANE,EN,Federal Contract Tower,0,1,2,0,3,0,0,21,0,21,0,1,23,0,24,28,0,28,52
04/17/2022,BAF,MA,ANE,EN,Federal Contract Tower,0,3,4,0,7,0,1,16,0,17,0,4,20,0,24,0,0,0,24
04/18/2022,BAF,MA,ANE,EN,Federal Contract Tower,0,3,10,0,13,0,2,64,0,66,0,5,74,0,79,94,0,94,173
04/19/2022,BAF,MA,ANE,EN,Federal Contract Tower,0,0,6,9,15,0,0,3,4,7,0,0,9,13,22,0,0,0,22
04/20/2022,BAF,MA,ANE,EN,Federal Contract Tower,0,0,7,6,13,0,4,20,6,30,0,4,27,12,43,28,4,32,75
04/21/2022,BAF,MA,ANE,EN,Federal Contract Tower,0,7,4,12,23,0,0,45,4,49,0,7,49,16,72,66,0,66,138
04/22/2022,BAF,MA,ANE,EN,Federal Contract Tower,0,7,4,4,15,0,0,60,1,61,0,7,64,5,76,32,0,32,108
04/23/2022,BAF,MA,ANE,EN,Federal Contract Tower,0,1,14,1,16,0,1,106,9,116,0,2,120,10,132,122,0,122,254
04/24/2022,BAF,MA,ANE,EN,Federal Contract Tower,0,0,9,0,9,0,0,82,0,82,0,0,91,0,91,112,0,112,203
04/25/2022,BAF,MA,ANE,EN,Federal Contract Tower,0,2,14,0,16,0,5,52,2,59,0,7,66,2,75,88,0,88,163
04/26/2022,BAF,MA,ANE,EN,Federal Contract Tower,0,3,10,8,21,0,2,4,2,8,0,5,14,10,29,32,14,46,75
04/27/2022,BAF,MA,ANE,EN,Federal Contract Tower,0,6,7,0,13,0,2,12,11,25,0,8,19,11,38,10,0,10,48
04/28/2022,BAF,MA,ANE,EN,Federal Contract Tower,0,5,7,15,27,0,1,13,6,20,0,6,20,21,47,4,0,4,51
04/29/2022,BAF,MA,ANE,EN,Federal Contract Tower,0,0,3,5,8,0,2,20,10,32,0,2,23,15,40,28,0,28,68
04/30/2022,BAF,MA,ANE,EN,Federal Contract Tower,0,2,11,0,13,0,0,56,0,56,0,2,67,0,69,90,0,90,159
05/01/2022,BAF,MA,ANE,EN,Federal Contract Tower,0,5,13,0,18,0,2,143,0,145,0,7,156,0,163,160,0,160,323
05/02/2022,BAF,MA,ANE,EN,Federal Contract Tower,0,6,18,9,33,0,0,24,2,26,0,6,42,11,59,48,2,50,109
05/03/2022,BAF,MA,ANE,EN,Federal Contract Tower,0,3,24,13,40,0,0,17,1,18,0,3,41,14,58,72,0,72,130
05/04/2022,BAF,MA,ANE,EN,Federal Contract Tower,0,3,19,4,26,0,0,0,0,0,0,3,19,4,26,0,0,0,26
05/05/2022,BAF,MA,ANE,EN,Federal Contract Tower,0,3,10,4,17,0,2,86,1,89,0,5,96,5,106,122,0,122,228
05/06/2022,BAF,MA,ANE,EN,Federal Contract Tower,0,3,6,7,16,0,0,66,0,66,0,3,72,7,82,130,0,130,212
05/07/2022,BAF,MA,ANE,EN,Federal Contract Tower,0,1,7,0,8,0,0,11,0,11,0,1,18,0,19,0,0,0,19
05/08/2022,BAF,MA,ANE,EN,Federal Contract Tower,0,2,2,1,5,0,2,9,1,12,0,4,11,2,17,10,0,10,27
05/09/2022,BAF,MA,ANE,EN,Federal Contract Tower,0,4,12,0,16,0,2,19,1,22,0,6,31,1,38,18,0,18,56
05/10/2022,BAF,MA,ANE,EN,Federal Contract Tower,0,0,4,2,6,0,2,46,5,53,0,2,50,7,59,124,14,138,197
05/11/2022,BAF,MA,ANE,EN,Federal Contract Tower,0,2,4,1,7,0,0,49,7,56,0,2,53,8,63,82,2,84,147
05/12/2022,BAF,MA,ANE,EN,Federal Contract Tower,0,3,17,6,26,0,2,59,4,65,0,5,76,10,91,58,20,78,169
05/13/2022,BAF,MA,ANE,EN,Federal Contract Tower,0,1,5,1,7,0,0,29,0,29,0,1,34,1,36,42,0,42,78
05/14/2022,BAF,MA,ANE,EN,Federal Contract Tower,0,0,9,1,10,0,0,43,0,43,0,0,52,1,53,58,0,58,111
05/15/2022,BAF,MA,ANE,EN,Federal Contract Tower,0,1,7,1,9,0,0,23,0,23,0,1,30,1,32,26,0,26,58
05/16/2022,BAF,MA,ANE,EN,Federal Contract Tower,0,5,8,0,13,0,0,23,0,23,0,5,31,0,36,80,0,80,116
05/17/2022,BAF,MA,ANE,EN,Federal Contract Tower,0,3,3,0,6,0,4,15,11,30,0,7,18,11,36,4,0,4,40
05/18/2022,BAF,MA,ANE,EN,Federal Contract Tower,0,0,5,0,5,0,4,59,10,73,0,4,64,10,78,34,4,38,116
05/19/2022,BAF,MA,ANE,EN,Federal Contract Tower,0,1,3,2,6,0,0,0,0,0,0,1,3,2,6,0,0,0,6
05/20/2022,BAF,MA,ANE,EN,Federal Contract Tower,0,4,13,5,22,0,0,58,2,60,0,4,71,7,82,106,4,110,192
05/21/2022,BAF,MA,ANE,EN,Federal Contract Tower,0,0,14,4,18,0,0,48,0,48,0,0,62,4,66,32,0,32,98
05/22/2022,BAF,MA,ANE,EN,Federal Contract Tower,0,1,14,3,18,0,0,47,21,68,0,1,61,24,86,78,0,78,164
05/23/2022,BAF,MA,ANE,EN,Federal Contract Tower,0,3,18,2,23,0,7,75,4,86,0,10,93,6,109,52,0,52,161
05/24/2022,BAF,MA,ANE,EN,Federal Contract Tower,0,2,2,13,17,0,2,73,10,85,0,4,75,23,102,58,6,64,166
05/25/2022,BAF,MA,ANE,EN,Federal Contract Tower,0,3,13,15,31,0,4,104,3,111,0,7,117,18,142,142,4,146,288
05/26/2022,BAF,MA,ANE,EN,Federal Contract Tower,0,0,7,11,18,0,0,70,8,78,0,0,77,19,96,58,20,78,174
05/27/2022,BAF,MA,ANE,EN,Federal Contract Tower,0,0,9,2,11,0,0,2,0,2,0,0,11,2,13,22,0,22,35
05/28/2022,BAF,MA,ANE,EN,Federal Contract Tower,0,3,0,0,3,0,0,2,0,2,0,3,2,0,5,0,0,0,5
05/29/2022,BAF,MA,ANE,EN,Federal Contract Tower,0,3,10,0,13,0,3,96,4,103,0,6,106,4,116,180,0,180,296
05/30/2022,BAF,MA,ANE,EN,Federal Contract Tower,0,3,6,0,9,0,4,60,0,64,0,7,66,0,73,48,0,48,121
05/31/2022,BAF,MA,ANE,EN,Federal Contract Tower,0,3,5,12,20,0,1,31,9,41,0,4,36,21,61,24,20,44,105
06/01/2022,BAF,MA,ANE,EN,Federal Contract Tower,0,1,7,12,20,0,0,21,1,22,0,1,28,13,42,38,0,38,80
06/02/2022,BAF,MA,ANE,EN,Federal Contract Tower,0,1,7,15,23,0,0,17,4,21,0,1,24,19,44,32,0,32,76
06/03/2022,BAF,MA,ANE,EN,Federal Contract Tower,0,0,8,6,14,0,0,49,2,51,0,0,57,8,65,72,12,84,149
06/04/2022,BAF,MA,ANE,EN,Federal Contract Tower,0,2,12,0,14,0,0,77,0,77,0,2,89,0,91,96,0,96,187
06/05/2022,BAF,MA,ANE,EN,Federal Contract Tower,0,2,14,0,16,0,1,81,2,84,0,3,95,2,100,94,4,98,198
06/06/2022,BAF,MA,ANE,EN,Federal Contract Tower,0,0,16,0,16,0,6,77,6,89,0,6,93,6,105,144,0,144,249
06/07/2022,BAF,MA,ANE,EN,Federal Contract Tower,0,0,5,18,23,0,4,42,6,52,0,4,47,24,75,28,4,32,107
06/08/2022,BAF,MA,ANE,EN,Federal Contract Tower,0,2,12,13,27,0,2,41,2,45,0,4,53,15,72,56,4,60,132
06/09/2022,BAF,MA,ANE,EN,Federal Contract Tower,0,3,11,5,19,0,0,15,10,25,0,3,26,15,44,0,0,0,44
06/10/2022,BAF,MA,ANE,EN,Federal Contract Tower,0,1,8,5,14,0,8,70,6,84,0,9,78,11,98,112,2,114,212
06/11/2022,BAF,MA,ANE,EN,Federal Contract Tower,0,1,10,10,21,0,0,72,29,101,0,1,82,39,122,130,2,132,254
06/12/2022,BAF,MA,ANE,EN,Federal Contract Tower,0,1,10,0,11,0,8,46,10,64,0,9,56,10,75,80,0,80,155
06/13/2022,BAF,MA,ANE,EN,Federal Contract Tower,0,0,19,0,19,0,4,38,6,48,0,4,57,6,67,76,0,76,143
06/14/2022,BAF,MA,ANE,EN,Federal Contract Tower,0,1,8,12,21,0,4,80,4,88,0,5,88,16,109,160,18,178,287
06/15/2022,BAF,MA,ANE,EN,Federal Contract Tower,0,0,5,13,18,0,1,89,7,97,0,1,94,20,115,178,12,190,305
06/16/2022,BAF,MA,ANE,EN,Federal Contract Tower,0,3,9,9,21,0,0,33,5,38,0,3,42,14,59,36,0,36,95
06/17/2022,BAF,MA,ANE,EN,Federal Contract Tower,0,3,9,3,15,0,2,36,3,41,0,5,45,6,56,48,0,48,104
06/18/2022,BAF,MA,ANE,EN,Federal Contract Tower,0,1,6,1,8,0,0,8,2,10,0,1,14,3,18,2,0,2,20
06/19/2022,BAF,MA,ANE,EN,Federal Contract Tower,0,1,7,1,9,0,1,17,1,19,0,2,24,2,28,6,0,6,34
06/20/2022,BAF,MA,ANE,EN,Federal Contract Tower,0,3,17,2,22,0,2,70,0,72,0,5,87,2,94,64,0,64,158
06/21/2022,BAF,MA,ANE,EN,Federal Contract Tower,0,0,7,16,23,0,1,54,2,57,0,1,61,18,80,112,6,118,198
06/22/2022,BAF,MA,ANE,EN,Federal Contract Tower,0,3,11,18,32,0,0,17,0,17,0,3,28,18,49,44,0,44,93
06/23/2022,BAF,MA,ANE,EN,Federal Contract Tower,0,4,17,19,40,0,0,37,4,41,0,4,54,23,81,122,0,122,203
06/24/2022,BAF,MA,ANE,EN,Federal Contract Tower,0,1,9,7,17,0,2,59,0,61,0,3,68,7,78,84,6,90,168
06/25/2022,BAF,MA,ANE,EN,Federal Contract Tower,0,0,15,1,16,0,0,100,4,104,0,0,115,5,120,84,0,84,204
06/26/2022,BAF,MA,ANE,EN,Federal Contract Tower,0,0,15,0,15,0,2,77,3,82,0,2,92,3,97,118,0,118,215
06/27/2022,BAF,MA,ANE,EN,Federal Contract Tower,0,0,2,0,2,0,2,20,2,24,0,2,22,2,26,82,0,82,108
06/28/2022,BAF,MA,ANE,EN,Federal Contract Tower,0,1,18,13,32,0,0,85,11,96,0,1,103,24,128,110,4,114,242
06/29/2022,BAF,MA,ANE,EN,Federal Contract Tower,0,1,13,7,21,0,2,103,7,112,0,3,116,14,133,132,6,138,271
06/30/2022,BAF,MA,ANE,EN,Federal Contract Tower,0,0,8,5,13,0,2,63,7,72,0,2,71,12,85,162,0,162,247
07/01/2022,BAF,MA,ANE,EN,Federal Contract Tower,0,0,11,2,13,0,0,52,0,52,0,0,63,2,65,48,0,48,113
07/02/2022,BAF,MA,ANE,EN,Federal Contract Tower,0,1,8,5,14,0,0,16,0,16,0,1,24,5,30,54,0,54,84
07/03/2022,BAF,MA,ANE,EN,Federal Contract Tower,0,3,8,5,16,0,3,61,0,64,0,6,69,5,80,64,6,70,150
07/04/2022,BAF,MA,ANE,EN,Federal Contract Tower,0,1,6,1,8,0,2,46,4,52,0,3,52,5,60,52,4,56,116
07/05/2022,BAF,MA,ANE,EN,Federal Contract Tower,0,1,5,1,7,0,0,29,2,31,0,1,34,3,38,38,0,38,76
07/06/2022,BAF,MA,ANE,EN,Federal Contract Tower,0,0,12,6,18,0,0,55,14,69,0,0,67,20,87,108,0,108,195
07/07/2022,BAF,MA,ANE,EN,Federal Contract Tower,0,2,8,5,15,0,0,76,6,82,0,2,84,11,97,196,4,200,297
07/08/2022,BAF,MA,ANE,EN,Federal Contract Tower,0,2,23,1,26,0,2,68,1,71,0,4,91,2,97,98,0,98,195
07/09/2022,BAF,MA,ANE,EN,Federal Contract Tower,0,0,3,4,7,0,2,67,6,75,0,2,70,10,82,96,0,96,178
07/10/2022,BAF,MA,ANE,EN,Federal Contract Tower,0,2,9,4,15,0,2,98,5,105,0,4,107,9,120,78,0,78,198
07/11/2022,BAF,MA,ANE,EN,Federal Contract Tower,0,2,12,0,14,0,2,42,1,45,0,4,54,1,59,76,0,76,135
07/12/2022,BAF,MA,ANE,EN,Federal Contract Tower,0,0,9,13,22,0,0,22,6,28,0,0,31,19,50,82,0,82,132
07/13/2022,BAF,MA,ANE,EN,Federal Contract Tower,0,2,6,10,18,0,5,56,10,71,0,7,62,20,89,64,0,64,153
07/14/2022,BAF,MA,ANE,EN,Federal Contract Tower,0,4,13,12,29,0,3,61,7,71,0,7,74,19,100,124,2,126,226
07/15/2022,BAF,MA,ANE,EN,Federal Contract Tower,0,0,11,6,17,0,0,94,0,94,0,0,105,6,111,132,0,132,243
07/16/2022,BAF,MA,ANE,EN,Federal Contract Tower,0,0,10,4,14,0,0,64,1,65,0,0,74,5,79,90,0,90,169
07/17/2022,BAF,MA,ANE,EN,Federal Contract Tower,0,0,4,0,4,0,3,47,8,58,0,3,51,8,62,44,0,44,106
07/18/2022,BAF,MA,ANE,EN,Federal Contract Tower,0,3,3,0,6,0,0,0,0,0,0,3,3,0,6,0,0,0,6
07/19/2022,BAF,MA,ANE,EN,Federal Contract Tower,0,1,4,20,25,0,0,75,9,84,0,1,79,29,109,62,22,84,193
07/20/2022,BAF,MA,ANE,EN,Federal Contract Tower,0,2,7,15,24,0,2,83,8,93,0,4,90,23,117,74,2,76,193
07/21/2022,BAF,MA,ANE,EN,Federal Contract Tower,0,0,8,3,11,0,0,64,1,65,0,0,72,4,76,86,0,86,162
07/22/2022,BAF,MA,ANE,EN,Federal Contract Tower,0,0,5,5,10,0,2,64,14,80,0,2,69,19,90,76,4,80,170
07/23/2022,BAF,MA,ANE,EN,Federal Contract Tower,0,0,8,0,8,0,0,70,0,70,0,0,78,0,78,146,0,146,224
07/24/2022,BAF,MA,ANE,EN,Federal Contract Tower,0,1,5,0,6,0,1,44,0,45,0,2,49,0,51,98,0,98,149
07/25/2022,BAF,MA,ANE,EN,Federal Contract Tower,0,0,12,0,12,0,0,3,2,5,0,0,15,2,17,56,0,56,73
07/26/2022,BAF,MA,ANE,EN,Federal Contract Tower,0,3,14,13,30,0,0,91,16,107,0,3,105,29,137,80,6,86,223
07/27/2022,BAF,MA,ANE,EN,Federal Contract Tower,0,2,4,7,13,0,2,75,0,77,0,4,79,7,90,100,2,102,192
07/28/2022,BAF,MA,ANE,EN,Federal Contract Tower,0,2,9,1,12,0,0,46,8,54,0,2,55,9,66,88,18,106,172
07/29/2022,BAF,MA,ANE,EN,Federal Contract Tower,0,3,8,0,11,0,2,56,0,58,0,5,64,0,69,116,0,116,185
07/30/2022,BAF,MA,ANE,EN,Federal Contract Tower,0,3,2,0,5,0,0,53,1,54,0,3,55,1,59,70,0,70,129
07/31/2022,BAF,MA,ANE,EN,Federal Contract Tower,0,0,16,0,16,0,0,72,0,72,0,0,88,0,88,126,0,126,214
08/01/2022,BAF,MA,ANE,EN,Federal Contract Tower,0,1,12,7,20,0,4,47,2,53,0,5,59,9,73,160,6,166,239
08/02/2022,BAF,MA,ANE,EN,Federal Contract Tower,0,0,7,13,20,0,0,40,4,44,0,0,47,17,64,70,12,82,146
08/03/2022,BAF,MA,ANE,EN,Federal Contract Tower,0,5,7,0,12,0,3,84,6,93,0,8,91,6,105,114,6,120,225
08/04/2022,BAF,MA,ANE,EN,Federal Contract Tower,0,0,8,2,10,0,1,49,16,66,0,1,57,18,76,76,24,100,176
08/05/2022,BAF,MA,ANE,EN,Federal Contract Tower,0,0,6,0,6,0,2,51,4,57,0,2,57,4,63,106,0,106,169
08/06/2022,BAF,MA,ANE,EN,Federal Contract Tower,0,0,8,0,8,0,0,0,0,0,0,0,8,0,8,98,0,98,106
08/07/2022,BAF,MA,ANE,EN,Federal Contract Tower,0,0,13,6,19,0,0,41,2,43,0,0,54,8,62,40,0,40,102
08/08/2022,BAF,MA,ANE,EN,Federal Contract Tower,0,5,7,3,15,0,4,16,2,22,0,9,23,5,37,62,0,62,99
08/09/2022,BAF,MA,ANE,EN,Federal Contract Tower,0,4,4,0,8,0,0,44,1,45,0,4,48,1,53,92,0,92,145
08/10/2022,BAF,MA,ANE,EN,Federal Contract Tower,0,0,11,3,14,0,2,65,7,74,0,2,76,10,88,134,0,134,222
08/11/2022,BAF,MA,ANE,EN,Federal Contract Tower,0,0,9,7,16,0,0,68,4,72,0,0,77,11,88,148,0,148,236
08/12/2022,BAF,MA,ANE,EN,Federal Contract Tower,0,1,7,6,14,0,1,66,3,70,0,2,73,9,84,100,2,102,186
08/13/2022,BAF,MA,ANE,EN,Federal Contract Tower,0,0,3,4,7,0,0,81,2,83,0,0,84,6,90,142,0,142,232
08/14/2022,BAF,MA,ANE,EN,Federal Contract Tower,0,1,8,5,14,0,1,85,1,87,0,2,93,6,101,92,4,96,197
08/15/2022,BAF,MA,ANE,EN,Federal Contract Tower,0,3,8,5,16,0,0,65,13,78,0,3,73,18,94,56,0,56,150
08/16/2022,BAF,MA,ANE,EN,Federal Contract Tower,0,1,10,5,16,0,2,41,5,48,0,3,51,10,64,54,0,54,118
08/17/2022,BAF,MA,ANE,EN,Federal Contract Tower,0,2,2,7,11,0,0,29,7,36,0,2,31,14,47,52,8,60,107
08/19/2022,BAF,MA,ANE,EN,Federal Contract Tower,0,2,10,6,18,0,2,66,0,68,0,4,76,6,86,102,0,102,188
08/20/2022,BAF,MA,ANE,EN,Federal Contract Tower,0,0,6,4,10,0,2,57,11,70,0,2,63,15,80,70,0,70,150
08/21/2022,BAF,MA,ANE,EN,Federal Contract Tower,0,1,6,5,12,0,1,55,3,59,0,2,61,8,71,50,0,50,121
08/22/2022,BAF,MA,ANE,EN,Federal Contract Tower,0,0,9,5,14,0,0,5,9,14,0,0,14,14,28,0,36,36,64
08/23/2022,BAF,MA,ANE,EN,Federal Contract Tower,0,2,3,5,10,0,0,0,0,0,0,2,3,5,10,0,0,0,10
08/24/2022,BAF,MA,ANE,EN,Federal Contract Tower,0,3,10,4,17,0,0,86,5,91,0,3,96,9,108,158,0,158,266
08/25/2022,BAF,MA,ANE,EN,Federal Contract Tower,0,0,19,3,22,0,1,89,8,98,0,1,108,11,120,88,6,94,214
08/26/2022,BAF,MA,ANE,EN,Federal Contract Tower,0,0,5,4,9,0,0,31,0,31,0,0,36,4,40,54,0,54,94
08/27/2022,BAF,MA,ANE,EN,Federal Contract Tower,0,0,16,3,19,0,0,80,2,82,0,0,96,5,101,122,0,122,223
08/28/2022,BAF,MA,ANE,EN,Federal Contract Tower,0,2,23,5,30,0,1,38,1,40,0,3,61,6,70,94,0,94,164
08/29/2022,BAF,MA,ANE,EN,Federal Contract Tower,0,5,6,6,17,0,0,36,6,42,0,5,42,12,59,106,14,120,179
08/30/2022,BAF,MA,ANE,EN,Federal Contract Tower,0,7,8,13,28,0,0,59,11,70,0,7,67,24,98,62,6,68,166
08/31/2022,BAF,MA,ANE,EN,Federal Contract Tower,0,0,2,5,7,0,0,58,12,70,0,0,60,17,77,132,2,134,211
09/01/2022,BAF,MA,ANE,EN,Federal Contract Tower,0,0,2,3,5,0,0,87,9,96,0,0,89,12,101,94,12,106,207
09/02/2022,BAF,MA,ANE,EN,Federal Contract Tower,0,5,3,2,10,0,0,81,2,83,0,5,84,4,93,132,0,132,225
09/03/2022,BAF,MA,ANE,EN,Federal Contract Tower,0,1,10,4,15,0,6,91,5,102,0,7,101,9,117,86,0,86,203
09/04/2022,BAF,MA,ANE,EN,Federal Contract Tower,0,1,4,4,9,0,0,35,1,36,0,1,39,5,45,76,0,76,121
09/05/2022,BAF,MA,ANE,EN,Federal Contract Tower,0,4,3,1,8,0,0,0,0,0,0,4,3,1,8,0,0,0,8
09/06/2022,BAF,MA,ANE,EN,Federal Contract Tower,0,1,3,0,4,0,0,0,0,0,0,1,3,0,4,0,0,0,4
09/07/2022,BAF,MA,ANE,EN,Federal Contract Tower,0,5,8,14,27,0,0,39,6,45,0,5,47,20,72,70,0,70,142
09/08/2022,BAF,MA,ANE,EN,Federal Contract Tower,0,1,9,12,22,0,3,50,6,59,0,4,59,18,81,26,0,26,107
09/09/2022,BAF,MA,ANE,EN,Federal Contract Tower,0,1,10,5,16,0,1,74,2,77,0,2,84,7,93,128,0,128,221
09/10/2022,BAF,MA,ANE,EN,Federal Contract Tower,0,2,7,4,13,0,3,64,15,82,0,5,71,19,95,98,2,100,195
09/11/2022,BAF,MA,ANE,EN,Federal Contract Tower,0,3,9,1,13,0,4,42,2,48,0,7,51,3,61,76,10,86,147
09/12/2022,BAF,MA,ANE,EN,Federal Contract Tower,0,1,8,4,13,0,3,34,3,40,0,4,42,7,53,44,6,50,103
09/13/2022,BAF,MA,ANE,EN,Federal Contract Tower,0,1,8,12,21,0,0,0,3,3,0,1,8,15,24,0,6,6,30
09/14/2022,BAF,MA,ANE,EN,Federal Contract Tower,0,2,9,11,22,0,2,58,6,66,0,4,67,17,88,78,14,92,180
09/15/2022,BAF,MA,ANE,EN,Federal Contract Tower,0,0,7,12,19,0,1,63,8,72,0,1,70,20,91,84,28,112,203
09/16/2022,BAF,MA,ANE,EN,Federal Contract Tower,0,2,10,0,12,0,3,65,0,68,0,5,75,0,80,90,0,90,170
09/17/2022,BAF,MA,ANE,EN,Federal Contract Tower,0,1,10,1,12,0,1,80,3,84,0,2,90,4,96,104,0,104,200
09/18/2022,BAF,MA,ANE,EN,Federal Contract Tower,0,3,10,0,13,0,4,77,5,86,0,7,87,5,99,98,0,98,197
09/19/2022,BAF,MA,ANE,EN,Federal Contract Tower,0,1,10,3,14,0,2,16,8,26,0,3,26,11,40,22,38,60,100
09/20/2022,BAF,MA,ANE,EN,Federal Contract Tower,0,0,14,7,21,0,0,54,7,61,0,0,68,14,82,124,0,124,206
09/21/2022,BAF,MA,ANE,EN,Federal Contract Tower,0,0,16,14,30,0,2,78,8,88,0,2,94,22,118,136,8,144,262
09/22/2022,BAF,MA,ANE,EN,Federal Contract Tower,0,2,4,11,17,0,4,6,7,17,0,6,10,18,34,4,2,6,40
09/23/2022,BAF,MA,ANE,EN,Federal Contract Tower,0,5,8,0,13,0,3,9,0,12,0,8,17,0,25,14,0,14,39
09/24/2022,BAF,MA,ANE,EN,Federal Contract Tower,0,1,6,3,10,0,1,62,3,66,0,2,68,6,76,24,0,24,100
09/25/2022,BAF,MA,ANE,EN,Federal Contract Tower,0,3,9,7,19,0,4,83,11,98,0,7,92,18,117,62,16,78,195
09/26/2022,BAF,MA,ANE,EN,Federal Contract Tower,0,2,9,1,12,0,2,24,3,29,0,4,33,4,41,80,0,80,121
09/27/2022,BAF,MA,ANE,EN,Federal Contract Tower,0,1,5,11,17,0,2,87,11,100,0,3,92,22,117,142,20,162,279
09/28/2022,BAF,MA,ANE,EN,Federal Contract Tower,0,0,14,4,18,0,1,70,8,79,0,1,84,12,97,108,16,124,221
09/29/2022,BAF,MA,ANE,EN,Federal Contract Tower,0,2,13,3,18,0,0,60,13,73,0,2,73,16,91,96,4,100,191
09/30/2022,BAF,MA,ANE,EN,Federal Contract Tower,0,3,12,9,24,0,5,75,5,85,0,8,87,14,109,147,28,175,284
10/01/2022,BAF,MA,ANE,EN,Federal Contract Tower,1,0,7,0,8,0,0,34,0,34,1,0,41,0,42,90,0,90,132
10/02/2022,BAF,MA,ANE,EN,Federal Contract Tower,0,1,3,0,4,0,2,4,0,6,0,3,7,0,10,36,0,36,46
10/03/2022,BAF,MA,ANE,EN,Federal Contract Tower,0,0,6,0,6,0,4,41,6,51,0,4,47,6,57,90,0,90,147
10/04/2022,BAF,MA,ANE,EN,Federal Contract Tower,0,1,6,9,16,0,0,5,2,7,0,1,11,11,23,16,0,16,39
10/05/2022,BAF,MA,ANE,EN,Federal Contract Tower,0,2,5,9,16,0,0,4,0,4,0,2,9,9,20,8,0,8,28
10/06/2022,BAF,MA,ANE,EN,Federal Contract Tower,0,3,11,7,21,0,2,59,5,66,0,5,70,12,87,96,4,100,187
10/07/2022,BAF,MA,ANE,EN,Federal Contract Tower,0,3,5,0,8,0,0,48,3,51,0,3,53,3,59,62,0,62,121
10/08/2022,BAF,MA,ANE,EN,Federal Contract Tower,0,1,12,0,13,0,3,48,0,51,0,4,60,0,64,82,0,82,146
10/09/2022,BAF,MA,ANE,EN,Federal Contract Tower,0,2,14,0,16,0,2,77,0,79,0,4,91,0,95,112,0,112,207
10/10/2022,BAF,MA,ANE,EN,Federal Contract Tower,0,0,1,11,12,0,2,64,0,66,0,2,65,11,78,66,0,66,144
10/11/2022,BAF,MA,ANE,EN,Federal Contract Tower,0,3,5,10,18,0,2,87,8,97,0,5,92,18,115,126,0,126,241
10/12/2022,BAF,MA,ANE,EN,Federal Contract Tower,0,1,6,11,18,0,0,68,10,78,0,1,74,21,96,80,4,84,180
10/13/2022,BAF,MA,ANE,EN,Federal Contract Tower,0,7,6,11,24,0,0,2,2,4,0,7,8,13,28,16,0,16,44
10/14/2022,BAF,MA,ANE,EN,Federal Contract Tower,0,2,14,2,18,0,0,24,0,24,0,2,38,2,42,124,0,124,166
10/15/2022,BAF,MA,ANE,EN,Federal Contract Tower,0,3,4,0,7,0,0,94,0,94,0,3,98,0,101,74,0,74,175
10/16/2022,BAF,MA,ANE,EN,Federal Contract Tower,0,2,6,0,8,0,1,61,6,68,0,3,67,6,76,112,0,112,188
10/17/2022,BAF,MA,ANE,EN,Federal Contract Tower,0,6,9,2,17,0,0,0,2,2,0,6,9,4,19,0,0,0,19
10/18/2022,BAF,MA,ANE,EN,Federal Contract Tower,0,2,3,14,19,0,1,62,4,67,0,3,65,18,86,88,4,92,178
10/19/2022,BAF,MA,ANE,EN,Federal Contract Tower,0,1,7,13,21,0,2,59,3,64,0,3,66,16,85,78,0,78,163
10/20/2022,BAF,MA,ANE,EN,Federal Contract Tower,0,3,7,4,14,0,0,57,7,64,0,3,64,11,78,70,0,70,148
10/21/2022,BAF,MA,ANE,EN,Federal Contract Tower,0,2,6,2,10,0,0,78,14,92,0,2,84,16,102,120,24,144,246
10/22/2022,BAF,MA,ANE,EN,Federal Contract Tower,0,3,8,0,11,0,0,110,0,110,0,3,118,0,121,154,0,154,275
10/23/2022,BAF,MA,ANE,EN,Federal Contract Tower,0,3,4,0,7,0,0,64,2,66,0,3,68,2,73,130,6,136,209
10/24/2022,BAF,MA,ANE,EN,Federal Contract Tower,0,1,5,2,8,0,0,0,0,0,0,1,5,2,8,0,0,0,8
10/25/2022,BAF,MA,ANE,EN,Federal Contract Tower,0,0,5,2,7,0,0,0,0,0,0,0,5,2,7,0,0,0,7
10/26/2022,BAF,MA,ANE,EN,Federal Contract Tower,0,3,3,12,18,0,0,0,1,1,0,3,3,13,19,0,2,2,21
10/27/2022,BAF,MA,ANE,EN,Federal Contract Tower,0,3,9,8,20,0,5,59,10,74,0,8,68,18,94,104,6,110,204
10/28/2022,BAF,MA,ANE,EN,Federal Contract Tower,1,2,11,5,19,0,0,58,4,62,1,2,69,9,81,128,0,128,209
10/30/2022,BAF,MA,ANE,EN,Federal Contract Tower,0,0,10,0,10,0,6,107,1,114,0,6,117,1,124,158,0,158,282
10/31/2022,BAF,MA,ANE,EN,Federal Contract Tower,0,0,4,1,5,0,6,45,8,59,0,6,49,9,64,72,0,72,136
11/01/2022,BAF,MA,ANE,EN,Federal Contract Tower,0,0,4,14,18,0,0,8,2,10,0,0,12,16,28,40,0,40,68
11/02/2022,BAF,MA,ANE,EN,Federal Contract Tower,0,0,20,8,28,0,0,97,9,106,0,0,117,17,134,144,4,148,282
11/03/2022,BAF,MA,ANE,EN,Federal Contract Tower,0,2,5,0,7,0,4,71,0,75,0,6,76,0,82,104,0,104,186
11/04/2022,BAF,MA,ANE,EN,Federal Contract Tower,0,3,7,9,19,0,1,51,7,59,0,4,58,16,78,102,14,116,194
11/05/2022,BAF,MA,ANE,EN,Federal Contract Tower,0,0,7,8,15,0,0,41,1,42,0,0,48,9,57,46,0,46,103
11/06/2022,BAF,MA,ANE,EN,Federal Contract Tower,0,0,10,7,17,0,4,22,5,31,0,4,32,12,48,32,6,38,86
11/07/2022,BAF,MA,ANE,EN,Federal Contract Tower,0,1,9,0,10,0,0,37,9,46,0,1,46,9,56,28,8,36,92
11/08/2022,BAF,MA,ANE,EN,Federal Contract Tower,0,0,9,18,27,0,0,41,12,53,0,0,50,30,80,30,8,38,118
11/09/2022,BAF,MA,ANE,EN,Federal Contract Tower,0,2,11,13,26,0,0,93,18,111,0,2,104,31,137,96,0,96,233
11/10/2022,BAF,MA,ANE,EN,Federal Contract Tower,1,4,9,9,23,0,0,51,0,51,1,4,60,9,74,46,0,46,120
11/11/2022,BAF,MA,ANE,EN,Federal Contract Tower,1,2,5,1,9,0,0,32,0,32,1,2,37,1,41,48,0,48,89
11/12/2022,BAF,MA,ANE,EN,Federal Contract Tower,0,0,1,0,1,0,2,8,0,10,0,2,9,0,11,6,0,6,17
11/13/2022,BAF,MA,ANE,EN,Federal Contract Tower,0,0,7,1,8,0,0,15,0,15,0,0,22,1,23,82,0,82,105
11/14/2022,BAF,MA,ANE,EN,Federal Contract Tower,0,1,8,1,10,0,1,27,17,45,0,2,35,18,55,46,2,48,103
11/15/2022,BAF,MA,ANE,EN,Federal Contract Tower,0,3,8,15,26,0,2,59,11,72,0,5,67,26,98,76,12,88,186
11/16/2022,BAF,MA,ANE,EN,Federal Contract Tower,0,1,8,9,18,0,0,4,5,9,0,1,12,14,27,20,0,20,47
11/17/2022,BAF,MA,ANE,EN,Federal Contract Tower,0,1,6,15,22,0,0,41,10,51,0,1,47,25,73,32,0,32,105
11/18/2022,BAF,MA,ANE,EN,Federal Contract Tower,1,0,2,6,9,0,0,43,5,48,1,0,45,11,57,70,0,70,127
11/19/2022,BAF,MA,ANE,EN,Federal Contract Tower,2,2,28,0,32,0,2,100,0,102,2,4,128,0,134,96,0,96,230
11/20/2022,BAF,MA,ANE,EN,Federal Contract Tower,0,1,3,0,4,0,0,0,0,0,0,1,3,0,4,0,0,0,4
11/21/2022,BAF,MA,ANE,EN,Federal Contract Tower,0,5,13,12,30,0,2,26,10,38,0,7,39,22,68,86,10,96,164
11/22/2022,BAF,MA,ANE,EN,Federal Contract Tower,0,2,10,12,24,0,2,118,8,128,0,4,128,20,152,122,16,138,290
11/23/2022,BAF,MA,ANE,EN,Federal Contract Tower,0,0,9,0,9,0,4,110,0,114,0,4,119,0,123,140,4,144,267
11/24/2022,BAF,MA,ANE,EN,Federal Contract Tower,0,0,2,0,2,0,4,15,0,19,0,4,17,0,21,12,0,12,33
11/25/2022,BAF,MA,ANE,EN,Federal Contract Tower,0,0,6,0,6,0,0,7,0,7,0,0,13,0,13,38,0,38,51
11/26/2022,BAF,MA,ANE,EN,Federal Contract Tower,0,2,3,0,5,0,2,45,3,50,0,4,48,3,55,68,2,70,125
11/27/2022,BAF,MA,ANE,EN,Federal Contract Tower,0,1,7,0,8,0,0,44,0,44,0,1,51,0,52,66,0,66,118
11/28/2022,BAF,MA,ANE,EN,Federal Contract Tower,0,0,6,3,9,0,4,29,7,40,0,4,35,10,49,34,0,34,83
11/29/2022,BAF,MA,ANE,EN,Federal Contract Tower,0,0,2,6,8,0,2,119,21,142,0,2,121,27,150,166,32,198,348
11/30/2022,BAF,MA,ANE,EN,Federal Contract Tower,0,0,4,8,12,0,0,0,0,0,0,0,4,8,12,0,0,0,12
12/01/2022,BAF,MA,ANE,EN,Federal Contract Tower,0,1,7,14,22,0,2,2,2,6,0,3,9,16,28,0,0,0,28
12/02/2022,BAF,MA,ANE,EN,Federal Contract Tower,0,1,3,2,6,0,1,54,4,59,0,2,57,6,65,162,14,176,241
12/03/2022,BAF,MA,ANE,EN,Federal Contract Tower,0,2,0,3,5,0,0,0,0,0,0,2,0,3,5,0,0,0,5
12/04/2022,BAF,MA,ANE,EN,Federal Contract Tower,0,0,11,0,11,0,0,63,2,65,0,0,74,2,76,132,6,138,214
12/05/2022,BAF,MA,ANE,EN,Federal Contract Tower,0,2,4,5,11,0,2,51,19,72,0,4,55,24,83,62,28,90,173
12/06/2022,BAF,MA,ANE,EN,Federal Contract Tower,0,4,8,9,21,0,0,2,13,15,0,4,10,22,36,34,4,38,74
12/07/2022,BAF,MA,ANE,EN,Federal Contract Tower,0,3,0,0,3,0,0,0,0,0,0,3,0,0,3,0,0,0,3
12/08/2022,BAF,MA,ANE,EN,Federal Contract Tower,0,2,6,13,21,0,3,55,9,67,0,5,61,22,88,52,10,62,150
12/09/2022,BAF,MA,ANE,EN,Federal Contract Tower,0,6,8,0,14,0,2,51,0,53,0,8,59,0,67,62,0,62,129
12/10/2022,BAF,MA,ANE,EN,Federal Contract Tower,0,0,14,0,14,0,1,67,1,69,0,1,81,1,83,58,0,58,141
12/11/2022,BAF,MA,ANE,EN,Federal Contract Tower,0,2,0,0,2,0,0,4,0,4,0,2,4,0,6,6,0,6,12
12/12/2022,BAF,MA,ANE,EN,Federal Contract Tower,0,2,5,1,8,0,0,11,6,17,0,2,16,7,25,34,4,38,63
12/14/2022,BAF,MA,ANE,EN,Federal Contract Tower,0,0,5,17,22,0,2,21,8,31,0,2,26,25,53,4,0,4,57
12/15/2022,BAF,MA,ANE,EN,Federal Contract Tower,0,3,6,10,19,0,0,30,7,37,0,3,36,17,56,48,28,76,132
12/16/2022,BAF,MA,ANE,EN,Federal Contract Tower,0,0,5,0,5,0,0,0,0,0,0,0,5,0,5,0,0,0,5
12/17/2022,BAF,MA,ANE,EN,Federal Contract Tower,0,0,5,0,5,0,0,19,3,22,0,0,24,3,27,34,0,34,61
12/18/2022,BAF,MA,ANE,EN,Federal Contract Tower,0,0,12,0,12,0,3,84,2,89,0,3,96,2,101,166,0,166,267
12/19/2022,BAF,MA,ANE,EN,Federal Contract Tower,0,3,6,0,9,0,4,22,10,36,0,7,28,10,45,30,16,46,91
12/20/2022,BAF,MA,ANE,EN,Federal Contract Tower,0,0,10,15,25,0,4,61,12,77,0,4,71,27,102,60,14,74,176
12/21/2022,BAF,MA,ANE,EN,Federal Contract Tower,0,1,6,13,20,0,2,87,4,93,0,3,93,17,113,154,8,162,275
12/22/2022,BAF,MA,ANE,EN,Federal Contract Tower,0,1,7,7,15,0,1,34,3,38,0,2,41,10,53,50,16,66,119
12/23/2022,BAF,MA,ANE,EN,Federal Contract Tower,0,0,0,0,0,0,0,0,0,0,0,0,0,0,0,0,0,0,0
12/24/2022,BAF,MA,ANE,EN,Federal Contract Tower,0,0,1,0,1,0,0,6,0,6,0,0,7,0,7,2,0,2,9
12/25/2022,BAF,MA,ANE,EN,Federal Contract Tower,0,2,0,0,2,0,2,6,0,8,0,4,6,0,10,2,0,2,12
12/26/2022,BAF,MA,ANE,EN,Federal Contract Tower,0,1,5,0,6,0,2,51,1,54,0,3,56,1,60,80,0,80,140
12/27/2022,BAF,MA,ANE,EN,Federal Contract Tower,0,0,8,0,8,0,0,59,0,59,0,0,67,0,67,62,0,62,129
12/28/2022,BAF,MA,ANE,EN,Federal Contract Tower,0,2,1,0,3,0,2,67,2,71,0,4,68,2,74,120,0,120,194
12/29/2022,BAF,MA,ANE,EN,Federal Contract Tower,0,6,11,1,18,0,0,82,0,82,0,6,93,1,100,90,0,90,190
12/30/2022,BAF,MA,ANE,EN,Federal Contract Tower,0,3,10,0,13,0,5,71,0,76,0,8,81,0,89,162,0,162,251
12/31/2022,BAF,MA,ANE,EN,Federal Contract Tower,0,0,3,0,3,0,0,0,0,0,0,0,3,0,3,0,0,0,3
01/01/2023,BAF,MA,ANE,EN,Federal Contract Tower,0,0,2,0,2,0,2,12,0,14,0,2,14,0,16,4,0,4,20
01/02/2023,BAF,MA,ANE,EN,Federal Contract Tower,0,3,20,1,24,0,2,80,2,84,0,5,100,3,108,122,10,132,240
01/03/2023,BAF,MA,ANE,EN,Federal Contract Tower,0,3,3,5,11,0,0,0,0,0,0,3,3,5,11,0,0,0,11
01/04/2023,BAF,MA,ANE,EN,Federal Contract Tower,0,0,3,15,18,0,0,0,0,0,0,0,3,15,18,0,0,0,18
01/05/2023,BAF,MA,ANE,EN,Federal Contract Tower,0,2,5,11,18,0,0,0,0,0,0,2,5,11,18,0,0,0,18
01/06/2023,BAF,MA,ANE,EN,Federal Contract Tower,0,0,7,0,7,0,0,0,0,0,0,0,7,0,7,0,0,0,7
01/07/2023,BAF,MA,ANE,EN,Federal Contract Tower,0,2,2,10,14,0,0,41,3,44,0,2,43,13,58,76,8,84,142
01/08/2023,BAF,MA,ANE,EN,Federal Contract Tower,0,1,9,0,10,0,0,102,5,107,0,1,111,5,117,58,8,66,183
01/09/2023,BAF,MA,ANE,EN,Federal Contract Tower,0,1,6,0,7,0,2,39,8,49,0,3,45,8,56,86,0,86,142
01/10/2023,BAF,MA,ANE,EN,Federal Contract Tower,0,1,8,8,17,0,0,53,12,65,0,1,61,20,82,58,48,106,188
01/11/2023,BAF,MA,ANE,EN,Federal Contract Tower,0,0,5,12,17,0,1,104,15,120,0,1,109,27,137,130,38,168,305
01/12/2023,BAF,MA,ANE,EN,Federal Contract Tower,0,0,5,2,7,0,0,0,0,0,0,0,5,2,7,0,0,0,7
01/13/2023,BAF,MA,ANE,EN,Federal Contract Tower,0,3,12,0,15,0,0,0,0,0,0,3,12,0,15,0,0,0,15
01/14/2023,BAF,MA,ANE,EN,Federal Contract Tower,0,2,2,0,4,0,0,25,0,25,0,2,27,0,29,100,0,100,129
01/15/2023,BAF,MA,ANE,EN,Federal Contract Tower,0,4,3,0,7,0,2,17,0,19,0,6,20,0,26,26,0,26,52
01/16/2023,BAF,MA,ANE,EN,Federal Contract Tower,0,3,9,0,12,0,2,32,0,34,0,5,41,0,46,38,0,38,84
01/17/2023,BAF,MA,ANE,EN,Federal Contract Tower,0,0,7,8,15,0,2,65,12,79,0,2,72,20,94,76,20,96,190
01/18/2023,BAF,MA,ANE,EN,Federal Contract Tower,0,2,11,14,27,0,0,26,11,37,0,2,37,25,64,10,26,36,100
01/19/2023,BAF,MA,ANE,EN,Federal Contract Tower,0,1,3,6,10,0,0,17,6,23,0,1,20,12,33,16,16,32,65
01/20/2023,BAF,MA,ANE,EN,Federal Contract Tower,0,2,2,6,10,0,0,0,0,0,0,2,2,6,10,0,0,0,10
01/21/2023,BAF,MA,ANE,EN,Federal Contract Tower,0,0,4,5,9,0,0,43,5,48,0,0,47,10,57,158,4,162,219
01/22/2023,BAF,MA,ANE,EN,Federal Contract Tower,0,1,8,0,9,0,0,37,3,40,0,1,45,3,49,148,6,154,203
01/23/2023,BAF,MA,ANE,EN,Federal Contract Tower,0,0,3,0,3,0,0,0,0,0,0,0,3,0,3,0,0,0,3
01/24/2023,BAF,MA,ANE,EN,Federal Contract Tower,0,1,12,12,25,0,2,31,28,61,0,3,43,40,86,10,30,40,126
01/25/2023,BAF,MA,ANE,EN,Federal Contract Tower,0,3,3,8,14,0,0,12,5,17,0,3,15,13,31,36,4,40,71
01/26/2023,BAF,MA,ANE,EN,Federal Contract Tower,0,2,6,11,19,0,2,4,6,12,0,4,10,17,31,4,38,42,73
01/27/2023,BAF,MA,ANE,EN,Federal Contract Tower,0,4,7,5,16,0,4,56,19,79,0,8,63,24,95,54,16,70,165
01/28/2023,BAF,MA,ANE,EN,Federal Contract Tower,0,3,11,0,14,0,1,70,0,71,0,4,81,0,85,110,0,110,195
01/29/2023,BAF,MA,ANE,EN,Federal Contract Tower,0,3,7,0,10,0,2,103,16,121,0,5,110,16,131,174,0,174,305
01/30/2023,BAF,MA,ANE,EN,Federal Contract Tower,0,1,6,0,7,0,2,36,2,40,0,3,42,2,47,48,0,48,95
01/31/2023,BAF,MA,ANE,EN,Federal Contract Tower,1,0,10,10,21,0,2,46,3,51,1,2,56,13,72,84,4,88,160
02/01/2023,BAF,MA,ANE,EN,Federal Contract Tower,0,1,7,1,9,0,2,72,2,76,0,3,79,3,85,124,8,132,217
02/02/2023,BAF,MA,ANE,EN,Federal Contract Tower,1,5,8,8,22,0,1,54,1,56,1,6,62,9,78,92,28,120,198
02/03/2023,BAF,MA,ANE,EN,Federal Contract Tower,0,0,2,3,5,0,0,0,0,0,0,0,2,3,5,0,0,0,5
02/04/2023,BAF,MA,ANE,EN,Federal Contract Tower,0,0,4,4,8,0,0,9,1,10,0,0,13,5,18,0,0,0,18
02/05/2023,BAF,MA,ANE,EN,Federal Contract Tower,0,0,7,2,9,0,0,2,53,55,0,0,9,55,64,118,0,118,182
02/06/2023,BAF,MA,ANE,EN,Federal Contract Tower,0,9,9,4,22,0,2,32,6,40,0,11,41,10,62,34,0,34,96
02/07/2023,BAF,MA,ANE,EN,Federal Contract Tower,0,2,3,7,12,0,0,50,11,61,0,2,53,18,73,58,14,72,145
02/08/2023,BAF,MA,ANE,EN,Federal Contract Tower,1,2,8,3,14,0,4,23,2,29,1,6,31,5,43,26,6,32,75
02/09/2023,BAF,MA,ANE,EN,Federal Contract Tower,0,3,7,3,13,0,2,27,4,33,0,5,34,7,46,24,8,32,78
02/10/2023,BAF,MA,ANE,EN,Federal Contract Tower,0,3,3,1,7,0,2,10,3,15,0,5,13,4,22,4,0,4,26
02/11/2023,BAF,MA,ANE,EN,Federal Contract Tower,0,2,8,0,10,0,3,40,4,47,0,5,48,4,57,58,4,62,119
02/12/2023,BAF,MA,ANE,EN,Federal Contract Tower,0,3,16,0,19,0,6,111,5,122,0,9,127,5,141,138,0,138,279
02/13/2023,BAF,MA,ANE,EN,Federal Contract Tower,0,4,15,0,19,0,2,46,0,48,0,6,61,0,67,94,0,94,161
02/14/2023,BAF,MA,ANE,EN,Federal Contract Tower,0,0,5,2,7,0,0,37,0,37,0,0,42,2,44,38,0,38,82
02/15/2023,BAF,MA,ANE,EN,Federal Contract Tower,0,0,4,9,13,0,3,14,8,25,0,3,18,17,38,0,30,30,68
02/16/2023,BAF,MA,ANE,EN,Federal Contract Tower,0,0,8,4,12,0,0,50,3,53,0,0,58,7,65,106,30,136,201
02/17/2023,BAF,MA,ANE,EN,Federal Contract Tower,0,3,6,3,12,0,0,0,2,2,0,3,6,5,14,0,0,0,14
02/18/2023,BAF,MA,ANE,EN,Federal Contract Tower,0,2,7,0,9,0,1,71,2,74,0,3,78,2,83,102,0,102,185
02/19/2023,BAF,MA,ANE,EN,Federal Contract Tower,0,0,10,0,10,0,0,92,2,94,0,0,102,2,104,116,0,116,220
02/20/2023,BAF,MA,ANE,EN,Federal Contract Tower,0,4,14,0,18,0,0,46,8,54,0,4,60,8,72,78,6,84,156
02/21/2023,BAF,MA,ANE,EN,Federal Contract Tower,1,1,3,5,10,0,0,0,0,0,1,1,3,5,10,0,0,0,10
02/22/2023,BAF,MA,ANE,EN,Federal Contract Tower,0,2,15,7,24,0,2,49,3,54,0,4,64,10,78,68,22,90,168
02/23/2023,BAF,MA,ANE,EN,Federal Contract Tower,1,2,2,6,11,0,0,0,0,0,1,2,2,6,11,0,0,0,11
02/24/2023,BAF,MA,ANE,EN,Federal Contract Tower,0,2,6,0,8,0,0,2,0,2,0,2,8,0,10,0,0,0,10
02/25/2023,BAF,MA,ANE,EN,Federal Contract Tower,0,7,1,0,8,0,0,7,0,7,0,7,8,0,15,12,0,12,27
02/26/2023,BAF,MA,ANE,EN,Federal Contract Tower,0,0,3,0,3,0,0,11,0,11,0,0,14,0,14,48,0,48,62
02/27/2023,BAF,MA,ANE,EN,Federal Contract Tower,0,3,5,0,8,0,3,46,6,55,0,6,51,6,63,88,12,100,163
02/28/2023,BAF,MA,ANE,EN,Federal Contract Tower,0,0,1,0,1,0,0,0,0,0,0,0,1,0,1,0,0,0,1
03/01/2023,BAF,MA,ANE,EN,Federal Contract Tower,0,3,3,11,17,0,2,31,5,38,0,5,34,16,55,50,0,50,105
03/02/2023,BAF,MA,ANE,EN,Federal Contract Tower,0,3,4,10,17,0,0,2,0,2,0,3,6,10,19,12,0,12,31
03/03/2023,BAF,MA,ANE,EN,Federal Contract Tower,0,4,2,8,14,0,0,52,3,55,0,4,54,11,69,130,18,148,217
03/04/2023,BAF,MA,ANE,EN,Federal Contract Tower,0,0,3,0,3,0,0,0,0,0,0,0,3,0,3,0,0,0,3
03/05/2023,BAF,MA,ANE,EN,Federal Contract Tower,0,3,19,0,22,0,0,56,0,56,0,3,75,0,78,138,0,138,216
03/06/2023,BAF,MA,ANE,EN,Federal Contract Tower,0,2,4,0,6,0,4,23,0,27,0,6,27,0,33,28,0,28,61
03/07/2023,BAF,MA,ANE,EN,Federal Contract Tower,0,1,0,14,15,0,2,13,4,19,0,3,13,18,34,8,10,18,52
03/08/2023,BAF,MA,ANE,EN,Federal Contract Tower,0,2,3,17,22,0,1,13,1,15,0,3,16,18,37,8,14,22,59
03/09/2023,BAF,MA,ANE,EN,Federal Contract Tower,0,0,9,11,20,0,0,52,10,62,0,0,61,21,82,94,12,106,188
03/10/2023,BAF,MA,ANE,EN,Federal Contract Tower,0,1,4,6,11,0,0,62,8,70,0,1,66,14,81,122,0,122,203
03/11/2023,BAF,MA,ANE,EN,Federal Contract Tower,0,0,1,0,1,0,7,7,0,14,0,7,8,0,15,79,0,79,94
03/12/2023,BAF,MA,ANE,EN,Federal Contract Tower,0,2,18,0,20,0,4,145,18,167,0,6,163,18,187,148,0,148,335
03/13/2023,BAF,MA,ANE,EN,Federal Contract Tower,0,2,2,0,4,0,0,2,0,2,0,2,4,0,6,20,0,20,26
03/16/2023,BAF,MA,ANE,EN,Federal Contract Tower,0,5,17,15,37,0,0,48,6,54,0,5,65,21,91,78,0,78,169
03/17/2023,BAF,MA,ANE,EN,Federal Contract Tower,0,2,9,5,16,0,0,48,2,50,0,2,57,7,66,120,6,126,192
03/18/2023,BAF,MA,ANE,EN,Federal Contract Tower,0,0,8,0,8,0,1,62,0,63,0,1,70,0,71,82,0,82,153
03/19/2023,BAF,MA,ANE,EN,Federal Contract Tower,0,3,3,0,6,0,0,6,0,6,0,3,9,0,12,6,0,6,18
03/20/2023,BAF,MA,ANE,EN,Federal Contract Tower,0,7,10,2,19,0,5,46,4,55,0,12,56,6,74,76,0,76,150
03/21/2023,BAF,MA,ANE,EN,Federal Contract Tower,0,4,9,10,23,0,4,71,0,75,0,8,80,10,98,84,0,84,182
03/22/2023,BAF,MA,ANE,EN,Federal Contract Tower,0,4,3,9,16,0,7,100,0,107,0,11,103,9,123,150,6,156,279
03/23/2023,BAF,MA,ANE,EN,Federal Contract Tower,0,2,2,12,16,0,0,5,0,5,0,2,7,12,21,42,0,42,63
03/24/2023,BAF,MA,ANE,EN,Federal Contract Tower,0,1,3,2,6,0,1,72,3,76,0,2,75,5,82,106,2,108,190
03/25/2023,BAF,MA,ANE,EN,Federal Contract Tower,0,0,2,0,2,0,0,8,0,8,0,0,10,0,10,8,0,8,18
03/26/2023,BAF,MA,ANE,EN,Federal Contract Tower,0,1,4,0,5,0,0,19,0,19,0,1,23,0,24,6,0,6,30
03/27/2023,BAF,MA,ANE,EN,Federal Contract Tower,0,0,12,0,12,0,4,56,2,62,0,4,68,2,74,66,0,66,140
03/28/2023,BAF,MA,ANE,EN,Federal Contract Tower,0,2,4,12,18,0,2,44,2,48,0,4,48,14,66,6,90,96,162
03/29/2023,BAF,MA,ANE,EN,Federal Contract Tower,0,15,11,0,26,0,0,116,2,118,0,15,127,2,144,146,8,154,298
03/30/2023,BAF,MA,ANE,EN,Federal Contract Tower,0,2,3,11,16,0,5,29,0,34,0,7,32,11,50,32,2,34,84
03/31/2023,BAF,MA,ANE,EN,Federal Contract Tower,0,2,2,4,8,0,0,45,7,52,0,2,47,11,60,72,16,88,148
04/01/2023,BAF,MA,ANE,EN,Federal Contract Tower,0,0,15,0,15,0,0,5,0,5,0,0,20,0,20,24,0,24,44
04/02/2023,BAF,MA,ANE,EN,Federal Contract Tower,0,0,2,0,2,0,1,34,1,36,0,1,36,1,38,28,0,28,66
04/03/2023,BAF,MA,ANE,EN,Federal Contract Tower,0,1,8,0,9,0,2,40,2,44,0,3,48,2,53,36,0,36,89
04/04/2023,BAF,MA,ANE,EN,Federal Contract Tower,0,2,9,9,20,0,0,121,0,121,0,2,130,9,141,168,4,172,313
04/05/2023,BAF,MA,ANE,EN,Federal Contract Tower,0,0,4,14,18,0,0,8,3,11,0,0,12,17,29,32,12,44,73
04/06/2023,BAF,MA,ANE,EN,Federal Contract Tower,0,7,9,4,20,0,0,28,0,28,0,7,37,4,48,44,0,44,92
04/07/2023,BAF,MA,ANE,EN,Federal Contract Tower,0,2,5,4,11,0,0,6,2,8,0,2,11,6,19,0,8,8,27
04/08/2023,BAF,MA,ANE,EN,Federal Contract Tower,0,4,6,2,12,0,3,116,1,120,0,7,122,3,132,132,0,132,264
04/09/2023,BAF,MA,ANE,EN,Federal Contract Tower,0,1,7,0,8,0,6,66,2,74,0,7,73,2,82,100,2,102,184
04/10/2023,BAF,MA,ANE,EN,Federal Contract Tower,0,2,6,0,8,0,0,67,5,72,0,2,73,5,80,134,4,138,218
04/11/2023,BAF,MA,ANE,EN,Federal Contract Tower,0,1,4,10,15,0,0,46,3,49,0,1,50,13,64,60,6,66,130
04/12/2023,BAF,MA,ANE,EN,Federal Contract Tower,0,3,6,8,17,0,18,3,0,21,0,21,9,8,38,0,24,24,62
04/13/2023,BAF,MA,ANE,EN,Federal Contract Tower,0,2,6,8,16,0,2,51,1,54,0,4,57,9,70,68,14,82,152
04/14/2023,BAF,MA,ANE,EN,Federal Contract Tower,0,1,7,4,12,0,2,98,8,108,0,3,105,12,120,110,14,124,244
04/15/2023,BAF,MA,ANE,EN,Federal Contract Tower,0,0,12,1,13,0,0,56,0,56,0,0,68,1,69,116,0,116,185
04/16/2023,BAF,MA,ANE,EN,Federal Contract Tower,0,0,37,0,37,0,2,13,0,15,0,2,50,0,52,50,0,50,102
04/17/2023,BAF,MA,ANE,EN,Federal Contract Tower,0,3,10,0,13,0,0,3,6,9,0,3,13,6,22,6,10,16,38
04/18/2023,BAF,MA,ANE,EN,Federal Contract Tower,0,4,9,0,13,0,2,39,1,42,0,6,48,1,55,62,0,62,117
04/19/2023,BAF,MA,ANE,EN,Federal Contract Tower,0,0,2,4,6,0,2,27,10,39,0,2,29,14,45,12,12,24,69
04/20/2023,BAF,MA,ANE,EN,Federal Contract Tower,0,5,3,6,14,0,2,82,4,88,0,7,85,10,102,138,4,142,244
04/21/2023,BAF,MA,ANE,EN,Federal Contract Tower,0,1,9,2,12,0,3,74,0,77,0,4,83,2,89,86,0,86,175
04/22/2023,BAF,MA,ANE,EN,Federal Contract Tower,0,4,7,4,15,0,0,3,0,3,0,4,10,4,18,56,0,56,74
04/23/2023,BAF,MA,ANE,EN,Federal Contract Tower,0,0,6,2,8,0,0,0,0,0,0,0,6,2,8,0,0,0,8
04/24/2023,BAF,MA,ANE,EN,Federal Contract Tower,0,9,33,2,44,0,2,40,4,46,0,11,73,6,90,134,5,139,229
04/25/2023,BAF,MA,ANE,EN,Federal Contract Tower,0,3,23,3,29,0,8,82,1,91,0,11,105,4,120,124,0,124,244
04/26/2023,BAF,MA,ANE,EN,Federal Contract Tower,0,1,12,7,20,0,0,107,12,119,0,1,119,19,139,154,32,186,325
04/27/2023,BAF,MA,ANE,EN,Federal Contract Tower,0,5,18,7,30,0,2,18,18,38,0,7,36,25,68,68,0,68,136
04/28/2023,BAF,MA,ANE,EN,Federal Contract Tower,0,1,18,7,26,0,0,40,3,43,0,1,58,10,69,102,4,106,175
04/29/2023,BAF,MA,ANE,EN,Federal Contract Tower,0,0,5,0,5,0,0,5,0,5,0,0,10,0,10,6,0,6,16
04/30/2023,BAF,MA,ANE,EN,Federal Contract Tower,0,7,4,0,11,0,0,0,0,0,0,7,4,0,11,0,0,0,11
05/01/2023,BAF,MA,ANE,EN,Federal Contract Tower,0,2,3,2,7,0,4,4,2,10,0,6,7,4,17,2,14,16,33
05/02/2023,BAF,MA,ANE,EN,Federal Contract Tower,0,1,4,12,17,0,0,4,0,4,0,1,8,12,21,0,0,0,21
05/03/2023,BAF,MA,ANE,EN,Federal Contract Tower,0,1,7,11,19,0,0,31,0,31,0,1,38,11,50,72,18,90,140
05/04/2023,BAF,MA,ANE,EN,Federal Contract Tower,0,2,3,6,11,0,0,24,0,24,0,2,27,6,35,44,0,44,79
05/05/2023,BAF,MA,ANE,EN,Federal Contract Tower,0,0,8,8,16,0,3,67,0,70,0,3,75,8,86,96,14,110,196
05/06/2023,BAF,MA,ANE,EN,Federal Contract Tower,0,1,3,0,4,0,3,103,6,112,0,4,106,6,116,100,4,104,220
05/07/2023,BAF,MA,ANE,EN,Federal Contract Tower,0,0,13,0,13,0,0,75,0,75,0,0,88,0,88,112,0,112,200
05/08/2023,BAF,MA,ANE,EN,Federal Contract Tower,0,0,6,1,7,0,4,36,0,40,0,4,42,1,47,26,2,28,75
05/09/2023,BAF,MA,ANE,EN,Federal Contract Tower,0,1,6,2,9,0,5,90,1,96,0,6,96,3,105,126,4,130,235
05/10/2023,BAF,MA,ANE,EN,Federal Contract Tower,0,0,6,2,8,0,0,78,3,81,0,0,84,5,89,162,0,162,251
05/11/2023,BAF,MA,ANE,EN,Federal Contract Tower,0,5,3,5,13,0,3,29,6,38,0,8,32,11,51,0,0,0,51
05/12/2023,BAF,MA,ANE,EN,Federal Contract Tower,0,2,1,1,4,0,0,14,4,18,0,2,15,5,22,0,10,10,32
05/13/2023,BAF,MA,ANE,EN,Federal Contract Tower,0,0,1,0,1,0,0,31,4,35,0,0,32,4,36,10,4,14,50
05/14/2023,BAF,MA,ANE,EN,Federal Contract Tower,0,0,0,1,1,0,1,41,5,47,0,1,41,6,48,0,20,20,68
05/15/2023,BAF,MA,ANE,EN,Federal Contract Tower,0,0,7,10,17,0,4,21,5,30,0,4,28,15,47,0,0,0,47
05/16/2023,BAF,MA,ANE,EN,Federal Contract Tower,0,5,5,0,10,0,0,60,1,61,0,5,65,1,71,0,0,0,71
05/17/2023,BAF,MA,ANE,EN,Federal Contract Tower,0,3,7,4,14,0,3,10,3,16,0,6,17,7,30,12,0,12,42
05/18/2023,BAF,MA,ANE,EN,Federal Contract Tower,0,1,14,4,19,0,1,76,2,79,0,2,90,6,98,84,12,96,194
05/19/2023,BAF,MA,ANE,EN,Federal Contract Tower,0,4,15,6,25,0,1,57,4,62,0,5,72,10,87,80,2,82,169
05/20/2023,BAF,MA,ANE,EN,Federal Contract Tower,0,1,8,0,9,0,0,0,0,0,0,1,8,0,9,0,0,0,9
05/21/2023,BAF,MA,ANE,EN,Federal Contract Tower,0,5,7,0,12,0,0,43,1,44,0,5,50,1,56,70,0,70,126
05/22/2023,BAF,MA,ANE,EN,Federal Contract Tower,0,2,14,0,16,0,5,65,2,72,0,7,79,2,88,70,2,72,160
05/23/2023,BAF,MA,ANE,EN,Federal Contract Tower,0,7,14,4,25,0,3,84,0,87,0,10,98,4,112,164,10,174,286
05/24/2023,BAF,MA,ANE,EN,Federal Contract Tower,0,4,8,14,26,0,2,80,0,82,0,6,88,14,108,62,8,70,178
05/25/2023,BAF,MA,ANE,EN,Federal Contract Tower,0,7,10,6,23,0,3,62,0,65,0,10,72,6,88,90,0,90,178
05/26/2023,BAF,MA,ANE,EN,Federal Contract Tower,0,2,6,1,9,0,1,65,2,68,0,3,71,3,77,114,0,114,191
05/27/2023,BAF,MA,ANE,EN,Federal Contract Tower,0,5,5,2,12,0,2,78,0,80,0,7,83,2,92,100,0,100,192
05/28/2023,BAF,MA,ANE,EN,Federal Contract Tower,0,4,2,0,6,0,6,69,17,92,0,10,71,17,98,74,0,74,172
05/29/2023,BAF,MA,ANE,EN,Federal Contract Tower,0,7,1,0,8,0,6,48,0,54,0,13,49,0,62,50,0,50,112
05/30/2023,BAF,MA,ANE,EN,Federal Contract Tower,0,1,10,0,11,0,2,81,0,83,0,3,91,0,94,148,0,148,242
05/31/2023,BAF,MA,ANE,EN,Federal Contract Tower,0,5,6,3,14,0,3,87,5,95,0,8,93,8,109,146,0,146,255
06/01/2023,BAF,MA,ANE,EN,Federal Contract Tower,0,2,7,7,16,0,3,69,0,72,0,5,76,7,88,120,0,120,208
06/02/2023,BAF,MA,ANE,EN,Federal Contract Tower,0,3,8,4,15,0,0,52,8,60,0,3,60,12,75,86,22,108,183
06/03/2023,BAF,MA,ANE,EN,Federal Contract Tower,0,1,13,6,20,0,0,8,0,8,0,1,21,6,28,46,0,46,74
06/04/2023,BAF,MA,ANE,EN,Federal Contract Tower,0,0,12,2,14,0,0,31,3,34,0,0,43,5,48,66,28,94,142
06/05/2023,BAF,MA,ANE,EN,Federal Contract Tower,0,1,6,6,13,0,0,48,4,52,0,1,54,10,65,124,0,124,189
06/06/2023,BAF,MA,ANE,EN,Federal Contract Tower,0,0,3,4,7,0,0,27,1,28,0,0,30,5,35,78,2,80,115
06/07/2023,BAF,MA,ANE,EN,Federal Contract Tower,0,0,11,1,12,0,0,24,1,25,0,0,35,2,37,92,50,142,179
06/08/2023,BAF,MA,ANE,EN,Federal Contract Tower,0,4,5,2,11,0,0,18,2,20,0,4,23,4,31,88,0,88,119
06/09/2023,BAF,MA,ANE,EN,Federal Contract Tower,0,1,7,1,9,0,0,32,0,32,0,1,39,1,41,100,0,100,141
06/10/2023,BAF,MA,ANE,EN,Federal Contract Tower,0,3,19,3,25,0,0,85,2,87,0,3,104,5,112,90,0,90,202
06/11/2023,BAF,MA,ANE,EN,Federal Contract Tower,0,5,14,4,23,0,6,153,21,180,0,11,167,25,203,128,0,128,331
06/12/2023,BAF,MA,ANE,EN,Federal Contract Tower,0,4,19,2,25,0,2,36,6,44,0,6,55,8,69,92,6,98,167
06/13/2023,BAF,MA,ANE,EN,Federal Contract Tower,0,3,10,4,17,0,2,63,4,69,0,5,73,8,86,122,0,122,208
06/14/2023,BAF,MA,ANE,EN,Federal Contract Tower,0,2,11,4,17,0,0,32,0,32,0,2,43,4,49,74,0,74,123
06/15/2023,BAF,MA,ANE,EN,Federal Contract Tower,0,1,15,2,18,0,2,64,4,70,0,3,79,6,88,146,4,150,238
06/16/2023,BAF,MA,ANE,EN,Federal Contract Tower,0,3,3,0,6,0,1,27,0,28,0,4,30,0,34,60,30,90,124
06/17/2023,BAF,MA,ANE,EN,Federal Contract Tower,0,0,5,0,5,0,0,23,0,23,0,0,28,0,28,68,0,68,96
06/18/2023,BAF,MA,ANE,EN,Federal Contract Tower,0,5,6,0,11,0,2,33,0,35,0,7,39,0,46,56,0,56,102
06/19/2023,BAF,MA,ANE,EN,Federal Contract Tower,0,1,13,0,14,0,5,62,0,67,0,6,75,0,81,114,0,114,195
06/20/2023,BAF,MA,ANE,EN,Federal Contract Tower,0,2,2,9,13,0,2,77,6,85,0,4,79,15,98,244,0,244,342
06/21/2023,BAF,MA,ANE,EN,Federal Contract Tower,0,2,5,1,8,0,3,107,5,115,0,5,112,6,123,188,4,192,315
06/22/2023,BAF,MA,ANE,EN,Federal Contract Tower,0,0,3,5,8,0,5,120,9,134,0,5,123,14,142,128,16,144,286
06/23/2023,BAF,MA,ANE,EN,Federal Contract Tower,0,1,17,0,18,0,0,53,0,53,0,1,70,0,71,112,0,112,183
06/24/2023,BAF,MA,ANE,EN,Federal Contract Tower,0,0,4,9,13,0,0,0,0,0,0,0,4,9,13,0,0,0,13
06/25/2023,BAF,MA,ANE,EN,Federal Contract Tower,0,1,7,4,12,0,2,20,0,22,0,3,27,4,34,56,4,60,94
06/26/2023,BAF,MA,ANE,EN,Federal Contract Tower,0,1,6,5,12,0,0,2,0,2,0,1,8,5,14,12,6,18,32
06/27/2023,BAF,MA,ANE,EN,Federal Contract Tower,0,3,9,6,18,0,2,32,2,36,0,5,41,8,54,88,20,108,162
06/28/2023,BAF,MA,ANE,EN,Federal Contract Tower,0,4,11,2,17,0,0,4,0,4,0,4,15,2,21,6,0,6,27
06/29/2023,BAF,MA,ANE,EN,Federal Contract Tower,0,0,19,2,21,0,1,77,4,82,0,1,96,6,103,118,16,134,237
06/30/2023,BAF,MA,ANE,EN,Federal Contract Tower,0,3,22,3,28,0,0,47,1,48,0,3,69,4,76,78,0,78,154
07/01/2023,BAF,MA,ANE,EN,Federal Contract Tower,0,0,29,0,29,0,0,18,0,18,0,0,47,0,47,100,0,100,147
07/02/2023,BAF,MA,ANE,EN,Federal Contract Tower,0,5,3,0,8,0,0,0,0,0,0,5,3,0,8,0,0,0,8
07/03/2023,BAF,MA,ANE,EN,Federal Contract Tower,0,2,22,0,24,0,2,18,0,20,0,4,40,0,44,46,0,46,90
07/04/2023,BAF,MA,ANE,EN,Federal Contract Tower,0,0,4,0,4,0,0,2,0,2,0,0,6,0,6,0,0,0,6
07/05/2023,BAF,MA,ANE,EN,Federal Contract Tower,0,1,20,5,26,0,7,113,10,130,0,8,133,15,156,152,10,162,318
07/06/2023,BAF,MA,ANE,EN,Federal Contract Tower,0,3,4,6,13,0,4,75,4,83,0,7,79,10,96,116,2,118,214
07/07/2023,BAF,MA,ANE,EN,Federal Contract Tower,0,0,13,5,18,0,0,67,0,67,0,0,80,5,85,100,6,106,191
07/08/2023,BAF,MA,ANE,EN,Federal Contract Tower,0,0,12,2,14,0,0,59,1,60,0,0,71,3,74,106,0,106,180
07/09/2023,BAF,MA,ANE,EN,Federal Contract Tower,0,2,8,0,10,0,1,8,0,9,0,3,16,0,19,26,0,26,45
07/10/2023,BAF,MA,ANE,EN,Federal Contract Tower,0,0,12,0,12,0,2,11,0,13,0,2,23,0,25,50,0,50,75
07/11/2023,BAF,MA,ANE,EN,Federal Contract Tower,0,0,13,7,20,0,3,86,6,95,0,3,99,13,115,120,0,120,235
07/12/2023,BAF,MA,ANE,EN,Federal Contract Tower,0,1,11,5,17,0,4,85,7,96,0,5,96,12,113,90,12,102,215
07/13/2023,BAF,MA,ANE,EN,Federal Contract Tower,0,0,2,6,8,0,0,52,0,52,0,0,54,6,60,102,12,114,174
07/14/2023,BAF,MA,ANE,EN,Federal Contract Tower,0,2,7,3,12,0,0,11,0,11,0,2,18,3,23,50,2,52,75
07/15/2023,BAF,MA,ANE,EN,Federal Contract Tower,0,5,11,0,16,0,2,42,1,45,0,7,53,1,61,98,0,98,159
07/16/2023,BAF,MA,ANE,EN,Federal Contract Tower,0,2,3,0,5,0,0,0,0,0,0,2,3,0,5,0,0,0,5
07/17/2023,BAF,MA,ANE,EN,Federal Contract Tower,0,4,17,0,21,0,2,63,0,65,0,6,80,0,86,122,0,122,208
07/18/2023,BAF,MA,ANE,EN,Federal Contract Tower,0,2,9,6,17,0,2,11,0,13,0,4,20,6,30,36,0,36,66
07/19/2023,BAF,MA,ANE,EN,Federal Contract Tower,0,0,11,5,16,0,2,75,4,81,0,2,86,9,97,108,0,108,205
07/20/2023,BAF,MA,ANE,EN,Federal Contract Tower,0,0,7,9,16,0,4,83,8,95,0,4,90,17,111,156,10,166,277
07/21/2023,BAF,MA,ANE,EN,Federal Contract Tower,0,1,12,6,19,0,0,3,2,5,0,1,15,8,24,20,0,20,44
07/22/2023,BAF,MA,ANE,EN,Federal Contract Tower,0,2,8,2,12,0,0,70,7,77,0,2,78,9,89,68,8,76,165
07/23/2023,BAF,MA,ANE,EN,Federal Contract Tower,0,0,4,0,4,0,2,75,2,79,0,2,79,2,83,138,0,138,221
07/24/2023,BAF,MA,ANE,EN,Federal Contract Tower,0,1,10,1,12,0,2,41,4,47,0,3,51,5,59,46,14,60,119
07/25/2023,BAF,MA,ANE,EN,Federal Contract Tower,0,3,12,9,24,0,0,37,2,39,0,3,49,11,63,68,4,72,135
07/26/2023,BAF,MA,ANE,EN,Federal Contract Tower,0,1,6,11,18,0,4,81,4,89,0,5,87,15,107,144,18,162,269
07/27/2023,BAF,MA,ANE,EN,Federal Contract Tower,0,4,9,4,17,0,0,43,4,47,0,4,52,8,64,76,6,82,146
07/28/2023,BAF,MA,ANE,EN,Federal Contract Tower,0,1,6,2,9,0,1,82,5,88,0,2,88,7,97,138,0,138,235
07/29/2023,BAF,MA,ANE,EN,Federal Contract Tower,0,0,10,0,10,0,0,49,0,49,0,0,59,0,59,74,0,74,133
07/30/2023,BAF,MA,ANE,EN,Federal Contract Tower,0,1,11,0,12,0,5,92,1,98,0,6,103,1,110,136,0,136,246
07/31/2023,BAF,MA,ANE,EN,Federal Contract Tower,0,0,4,1,5,0,6,62,2,70,0,6,66,3,75,56,0,56,131
08/01/2023,BAF,MA,ANE,EN,Federal Contract Tower,0,1,7,4,12,0,0,61,5,66,0,1,68,9,78,96,12,108,186
08/02/2023,BAF,MA,ANE,EN,Federal Contract Tower,0,0,6,2,8,0,0,88,4,92,0,0,94,6,100,170,2,172,272
08/03/2023,BAF,MA,ANE,EN,Federal Contract Tower,0,0,3,5,8,0,3,48,7,58,0,3,51,12,66,58,6,64,130
08/04/2023,BAF,MA,ANE,EN,Federal Contract Tower,0,1,8,8,17,0,1,38,1,40,0,2,46,9,57,104,0,104,161
08/06/2023,BAF,MA,ANE,EN,Federal Contract Tower,0,0,12,0,12,0,0,63,0,63,0,0,75,0,75,78,0,78,153
08/07/2023,BAF,MA,ANE,EN,Federal Contract Tower,0,1,6,4,11,0,0,0,0,0,0,1,6,4,11,0,0,0,11
08/08/2023,BAF,MA,ANE,EN,Federal Contract Tower,0,1,13,13,27,0,0,35,9,44,0,1,48,22,71,82,36,118,189
08/09/2023,BAF,MA,ANE,EN,Federal Contract Tower,0,1,4,7,12,0,4,27,1,32,0,5,31,8,44,30,0,30,74
08/10/2023,BAF,MA,ANE,EN,Federal Contract Tower,0,0,6,8,14,0,2,60,0,62,0,2,66,8,76,168,0,168,244
08/11/2023,BAF,MA,ANE,EN,Federal Contract Tower,0,2,8,6,16,0,4,73,7,84,0,6,81,13,100,144,0,144,244
08/12/2023,BAF,MA,ANE,EN,Federal Contract Tower,0,1,12,0,13,0,0,54,0,54,0,1,66,0,67,90,0,90,157
08/13/2023,BAF,MA,ANE,EN,Federal Contract Tower,0,2,16,0,18,0,0,34,0,34,0,2,50,0,52,72,0,72,124
08/14/2023,BAF,MA,ANE,EN,Federal Contract Tower,0,3,10,1,14,0,8,72,2,82,0,11,82,3,96,122,0,122,218
08/15/2023,BAF,MA,ANE,EN,Federal Contract Tower,0,2,5,11,18,0,0,0,0,0,0,2,5,11,18,0,0,0,18
08/16/2023,BAF,MA,ANE,EN,Federal Contract Tower,0,1,7,10,18,0,2,17,2,21,0,3,24,12,39,40,10,50,89
08/17/2023,BAF,MA,ANE,EN,Federal Contract Tower,0,4,14,3,21,0,0,25,0,25,0,4,39,3,46,88,0,88,134
08/18/2023,BAF,MA,ANE,EN,Federal Contract Tower,0,3,7,1,11,0,0,31,0,31,0,3,38,1,42,34,0,34,76
08/19/2023,BAF,MA,ANE,EN,Federal Contract Tower,0,0,10,0,10,0,0,48,0,48,0,0,58,0,58,48,0,48,106
08/20/2023,BAF,MA,ANE,EN,Federal Contract Tower,0,3,6,0,9,0,11,96,4,111,0,14,102,4,120,162,0,162,282
08/21/2023,BAF,MA,ANE,EN,Federal Contract Tower,0,4,10,0,14,0,5,66,2,73,0,9,76,2,87,146,0,146,233
08/22/2023,BAF,MA,ANE,EN,Federal Contract Tower,0,1,4,11,16,0,2,77,9,88,0,3,81,20,104,118,8,126,230
08/23/2023,BAF,MA,ANE,EN,Federal Contract Tower,0,0,5,6,11,0,5,114,6,125,0,5,119,12,136,146,8,154,290
08/24/2023,BAF,MA,ANE,EN,Federal Contract Tower,0,1,7,11,19,0,1,56,2,59,0,2,63,13,78,156,8,164,242
08/25/2023,BAF,MA,ANE,EN,Federal Contract Tower,2,2,2,8,14,0,0,0,0,0,2,2,2,8,14,2,0,2,16
08/26/2023,BAF,MA,ANE,EN,Federal Contract Tower,0,0,6,2,8,0,0,67,7,74,0,0,73,9,82,197,32,229,311
08/27/2023,BAF,MA,ANE,EN,Federal Contract Tower,0,2,12,1,15,0,2,76,2,80,0,4,88,3,95,142,0,142,237
08/28/2023,BAF,MA,ANE,EN,Federal Contract Tower,0,1,11,6,18,0,0,49,1,50,0,1,60,7,68,212,12,224,292
08/29/2023,BAF,MA,ANE,EN,Federal Contract Tower,0,8,7,9,24,0,2,78,4,84,0,10,85,13,108,114,34,148,256
08/30/2023,BAF,MA,ANE,EN,Federal Contract Tower,0,0,0,11,11,0,0,36,0,36,0,0,36,11,47,42,0,42,89
08/31/2023,BAF,MA,ANE,EN,Federal Contract Tower,0,0,11,8,19,0,4,83,5,92,0,4,94,13,111,112,6,118,229
01/01/2020,BAF,MA,ANE,EN,Federal Contract Tower,0,0,6,0,6,0,0,14,0,14,0,0,20,0,20,14,0,14,34
01/02/2020,BAF,MA,ANE,EN,Federal Contract Tower,0,0,3,0,3,0,0,52,3,55,0,0,55,3,58,28,0,28,86
01/03/2020,BAF,MA,ANE,EN,Federal Contract Tower,0,2,6,7,15,0,4,30,16,50,0,6,36,23,65,64,4,68,133
01/04/2020,BAF,MA,ANE,EN,Federal Contract Tower,0,2,5,0,7,0,0,0,0,0,0,2,5,0,7,0,0,0,7
01/05/2020,BAF,MA,ANE,EN,Federal Contract Tower,0,3,10,0,13,0,2,34,0,36,0,5,44,0,49,30,0,30,79
01/06/2020,BAF,MA,ANE,EN,Federal Contract Tower,0,0,3,8,11,0,0,8,0,8,0,0,11,8,19,14,2,16,35
01/07/2020,BAF,MA,ANE,EN,Federal Contract Tower,0,0,12,13,25,0,0,40,6,46,0,0,52,19,71,52,16,68,139
01/08/2020,BAF,MA,ANE,EN,Federal Contract Tower,0,0,2,12,14,0,0,35,3,38,0,0,37,15,52,18,2,20,72
01/09/2020,BAF,MA,ANE,EN,Federal Contract Tower,0,1,5,8,14,0,2,56,12,70,0,3,61,20,84,78,10,88,172
01/10/2020,BAF,MA,ANE,EN,Federal Contract Tower,0,5,7,6,18,0,0,45,16,61,0,5,52,22,79,82,0,82,161
01/11/2020,BAF,MA,ANE,EN,Federal Contract Tower,0,4,5,5,14,0,2,31,26,59,0,6,36,31,73,36,0,36,109
01/12/2020,BAF,MA,ANE,EN,Federal Contract Tower,0,0,1,0,1,0,0,9,6,15,0,0,10,6,16,8,6,14,30
01/13/2020,BAF,MA,ANE,EN,Federal Contract Tower,0,1,14,0,15,0,0,2,0,2,0,1,16,0,17,0,0,0,17
01/14/2020,BAF,MA,ANE,EN,Federal Contract Tower,0,0,11,11,22,0,0,33,9,42,0,0,44,20,64,12,56,68,132
01/15/2020,BAF,MA,ANE,EN,Federal Contract Tower,0,3,14,8,25,0,0,60,13,73,0,3,74,21,98,86,0,86,184
01/16/2020,BAF,MA,ANE,EN,Federal Contract Tower,0,1,2,10,13,0,0,2,3,5,0,1,4,13,18,0,24,24,42
01/17/2020,BAF,MA,ANE,EN,Federal Contract Tower,0,1,8,6,15,0,4,14,4,22,0,5,22,10,37,16,0,16,53
01/18/2020,BAF,MA,ANE,EN,Federal Contract Tower,0,0,4,1,5,0,4,26,4,34,0,4,30,5,39,46,0,46,85
01/19/2020,BAF,MA,ANE,EN,Federal Contract Tower,0,0,7,0,7,0,0,8,0,8,0,0,15,0,15,6,0,6,21
01/20/2020,BAF,MA,ANE,EN,Federal Contract Tower,0,1,8,0,9,0,0,40,0,40,0,1,48,0,49,78,0,78,127
01/21/2020,BAF,MA,ANE,EN,Federal Contract Tower,0,3,22,7,32,0,2,37,21,60,0,5,59,28,92,36,0,36,128
01/22/2020,BAF,MA,ANE,EN,Federal Contract Tower,0,0,3,10,13,0,0,42,17,59,0,0,45,27,72,66,0,66,138
01/23/2020,BAF,MA,ANE,EN,Federal Contract Tower,0,6,5,4,15,0,0,90,2,92,0,6,95,6,107,120,0,120,227
01/24/2020,BAF,MA,ANE,EN,Federal Contract Tower,0,2,6,4,12,0,0,77,1,78,0,2,83,5,90,102,0,102,192
01/25/2020,BAF,MA,ANE,EN,Federal Contract Tower,0,3,4,0,7,0,0,0,0,0,0,3,4,0,7,0,0,0,7
01/26/2020,BAF,MA,ANE,EN,Federal Contract Tower,0,2,9,3,14,0,0,56,1,57,0,2,65,4,71,72,0,72,143
01/27/2020,BAF,MA,ANE,EN,Federal Contract Tower,0,2,5,1,8,0,2,42,12,56,0,4,47,13,64,32,4,36,100
01/28/2020,BAF,MA,ANE,EN,Federal Contract Tower,0,1,6,8,15,0,4,34,18,56,0,5,40,26,71,48,8,56,127
01/29/2020,BAF,MA,ANE,EN,Federal Contract Tower,0,1,13,11,25,0,0,53,32,85,0,1,66,43,110,32,12,44,154
01/30/2020,BAF,MA,ANE,EN,Federal Contract Tower,0,0,9,9,18,0,4,74,1,79,0,4,83,10,97,90,4,94,191
01/31/2020,BAF,MA,ANE,EN,Federal Contract Tower,0,2,6,8,16,0,0,57,0,57,0,2,63,8,73,34,0,34,107
02/01/2020,BAF,MA,ANE,EN,Federal Contract Tower,0,0,6,12,18,0,0,0,0,0,0,0,6,12,18,0,0,0,18
02/02/2020,BAF,MA,ANE,EN,Federal Contract Tower,0,1,3,4,8,0,0,63,0,63,0,1,66,4,71,62,0,62,133
02/03/2020,BAF,MA,ANE,EN,Federal Contract Tower,0,0,3,0,3,0,0,39,2,41,0,0,42,2,44,32,0,32,76
02/04/2020,BAF,MA,ANE,EN,Federal Contract Tower,0,3,4,8,15,0,0,42,18,60,0,3,46,26,75,74,0,74,149
02/05/2020,BAF,MA,ANE,EN,Federal Contract Tower,0,1,8,7,16,0,8,51,24,83,0,9,59,31,99,74,2,76,175
02/06/2020,BAF,MA,ANE,EN,Federal Contract Tower,0,1,1,0,2,0,0,0,0,0,0,1,1,0,2,0,0,0,2
02/07/2020,BAF,MA,ANE,EN,Federal Contract Tower,0,0,0,0,0,0,0,0,0,0,0,0,0,0,0,0,0,0,0
02/08/2020,BAF,MA,ANE,EN,Federal Contract Tower,0,2,11,0,13,0,0,31,17,48,0,2,42,17,61,38,18,56,117
02/09/2020,BAF,MA,ANE,EN,Federal Contract Tower,0,3,6,0,9,0,0,30,0,30,0,3,36,0,39,44,0,44,83
02/10/2020,BAF,MA,ANE,EN,Federal Contract Tower,0,0,12,12,24,0,0,9,0,9,0,0,21,12,33,22,0,22,55
02/11/2020,BAF,MA,ANE,EN,Federal Contract Tower,0,3,2,4,9,0,0,0,0,0,0,3,2,4,9,0,0,0,9
02/12/2020,BAF,MA,ANE,EN,Federal Contract Tower,0,1,19,13,33,0,3,45,5,53,0,4,64,18,86,52,6,58,144
02/13/2020,BAF,MA,ANE,EN,Federal Contract Tower,0,1,7,0,8,0,0,0,0,0,0,1,7,0,8,0,0,0,8
02/14/2020,BAF,MA,ANE,EN,Federal Contract Tower,0,1,12,5,18,0,2,29,0,31,0,3,41,5,49,32,2,34,83
02/15/2020,BAF,MA,ANE,EN,Federal Contract Tower,0,3,8,0,11,0,0,85,0,85,0,3,93,0,96,80,0,80,176
02/16/2020,BAF,MA,ANE,EN,Federal Contract Tower,0,2,3,0,5,0,0,44,0,44,0,2,47,0,49,48,0,48,97
02/17/2020,BAF,MA,ANE,EN,Federal Contract Tower,0,0,8,0,8,0,4,73,0,77,0,4,81,0,85,76,0,76,161
02/18/2020,BAF,MA,ANE,EN,Federal Contract Tower,0,1,4,4,9,0,0,22,8,30,0,1,26,12,39,10,6,16,55
02/19/2020,BAF,MA,ANE,EN,Federal Contract Tower,0,4,6,9,19,0,0,39,20,59,0,4,45,29,78,14,2,16,94
02/20/2020,BAF,MA,ANE,EN,Federal Contract Tower,0,0,8,9,17,0,1,50,1,52,0,1,58,10,69,38,6,44,113
02/21/2020,BAF,MA,ANE,EN,Federal Contract Tower,0,0,8,4,12,0,0,66,3,69,0,0,74,7,81,74,0,74,155
02/22/2020,BAF,MA,ANE,EN,Federal Contract Tower,0,1,8,0,9,0,1,55,0,56,0,2,63,0,65,60,0,60,125
02/23/2020,BAF,MA,ANE,EN,Federal Contract Tower,0,4,2,0,6,0,0,81,0,81,0,4,83,0,87,110,0,110,197
02/24/2020,BAF,MA,ANE,EN,Federal Contract Tower,0,0,6,4,10,0,1,69,1,71,0,1,75,5,81,88,8,96,177
02/25/2020,BAF,MA,ANE,EN,Federal Contract Tower,0,2,3,14,19,0,0,23,6,29,0,2,26,20,48,48,14,62,110
02/26/2020,BAF,MA,ANE,EN,Federal Contract Tower,0,2,8,21,31,0,0,8,5,13,0,2,16,26,44,18,16,34,78
02/27/2020,BAF,MA,ANE,EN,Federal Contract Tower,0,0,3,10,13,0,0,7,4,11,0,0,10,14,24,8,14,22,46
02/28/2020,BAF,MA,ANE,EN,Federal Contract Tower,0,0,7,2,9,0,1,33,14,48,0,1,40,16,57,36,4,40,97
02/29/2020,BAF,MA,ANE,EN,Federal Contract Tower,0,0,4,0,4,0,2,35,2,39,0,2,39,2,43,56,2,58,101
03/01/2020,BAF,MA,ANE,EN,Federal Contract Tower,0,2,6,0,8,0,2,33,0,35,0,4,39,0,43,28,0,28,71
03/02/2020,BAF,MA,ANE,EN,Federal Contract Tower,0,0,11,13,24,0,6,69,0,75,0,6,80,13,99,88,4,92,191
03/03/2020,BAF,MA,ANE,EN,Federal Contract Tower,0,0,7,9,16,0,3,41,9,53,0,3,48,18,69,54,8,62,131
03/04/2020,BAF,MA,ANE,EN,Federal Contract Tower,0,0,5,5,10,0,0,20,4,24,0,0,25,9,34,0,16,16,50
03/05/2020,BAF,MA,ANE,EN,Federal Contract Tower,0,0,4,12,16,0,4,57,8,69,0,4,61,20,85,84,14,98,183
03/06/2020,BAF,MA,ANE,EN,Federal Contract Tower,0,1,3,12,16,0,0,28,2,30,0,1,31,14,46,54,2,56,102
03/07/2020,BAF,MA,ANE,EN,Federal Contract Tower,0,2,0,0,2,0,2,36,0,38,0,4,36,0,40,58,0,58,98
03/08/2020,BAF,MA,ANE,EN,Federal Contract Tower,0,0,13,0,13,0,2,99,0,101,0,2,112,0,114,104,0,104,218
03/09/2020,BAF,MA,ANE,EN,Federal Contract Tower,0,0,6,0,6,0,0,53,11,64,0,0,59,11,70,78,4,82,152
03/10/2020,BAF,MA,ANE,EN,Federal Contract Tower,0,1,11,7,19,0,2,22,5,29,0,3,33,12,48,46,12,58,106
03/11/2020,BAF,MA,ANE,EN,Federal Contract Tower,0,0,6,8,14,0,0,50,11,61,0,0,56,19,75,52,2,54,129
03/12/2020,BAF,MA,ANE,EN,Federal Contract Tower,0,0,9,10,19,0,0,49,15,64,0,0,58,25,83,48,8,56,139
03/13/2020,BAF,MA,ANE,EN,Federal Contract Tower,0,2,4,0,6,0,0,0,0,0,0,2,4,0,6,0,0,0,6
03/14/2020,BAF,MA,ANE,EN,Federal Contract Tower,0,0,9,0,9,0,0,39,0,39,0,0,48,0,48,36,0,36,84
03/15/2020,BAF,MA,ANE,EN,Federal Contract Tower,0,0,15,0,15,0,0,88,0,88,0,0,103,0,103,110,4,114,217
03/16/2020,BAF,MA,ANE,EN,Federal Contract Tower,0,1,7,0,8,0,0,36,0,36,0,1,43,0,44,72,0,72,116
03/17/2020,BAF,MA,ANE,EN,Federal Contract Tower,0,3,3,0,6,0,0,8,0,8,0,3,11,0,14,20,0,20,34
03/18/2020,BAF,MA,ANE,EN,Federal Contract Tower,0,1,7,0,8,0,0,59,0,59,0,1,66,0,67,72,0,72,139
03/19/2020,BAF,MA,ANE,EN,Federal Contract Tower,0,0,1,5,6,0,0,0,0,0,0,0,1,5,6,0,0,0,6
03/20/2020,BAF,MA,ANE,EN,Federal Contract Tower,0,0,2,0,2,0,0,0,0,0,0,0,2,0,2,0,0,0,2
03/21/2020,BAF,MA,ANE,EN,Federal Contract Tower,0,0,3,0,3,0,2,53,0,55,0,2,56,0,58,84,0,84,142
03/22/2020,BAF,MA,ANE,EN,Federal Contract Tower,0,0,8,0,8,0,2,47,0,49,0,2,55,0,57,50,0,50,107
03/23/2020,BAF,MA,ANE,EN,Federal Contract Tower,0,1,2,0,3,0,0,0,0,0,0,1,2,0,3,0,0,0,3
03/24/2020,BAF,MA,ANE,EN,Federal Contract Tower,0,0,7,0,7,0,0,24,0,24,0,0,31,0,31,14,0,14,45
03/25/2020,BAF,MA,ANE,EN,Federal Contract Tower,0,0,1,0,1,0,0,24,0,24,0,0,25,0,25,30,0,30,55
03/26/2020,BAF,MA,ANE,EN,Federal Contract Tower,0,1,2,0,3,0,0,43,6,49,0,1,45,6,52,48,0,48,100
03/27/2020,BAF,MA,ANE,EN,Federal Contract Tower,0,4,3,0,7,0,4,37,0,41,0,8,40,0,48,36,0,36,84
03/28/2020,BAF,MA,ANE,EN,Federal Contract Tower,0,0,9,0,9,0,0,24,0,24,0,0,33,0,33,30,0,30,63
03/29/2020,BAF,MA,ANE,EN,Federal Contract Tower,0,1,2,0,3,0,0,0,0,0,0,1,2,0,3,0,0,0,3
03/30/2020,BAF,MA,ANE,EN,Federal Contract Tower,0,1,12,4,17,0,0,4,0,4,0,1,16,4,21,2,0,2,23
03/31/2020,BAF,MA,ANE,EN,Federal Contract Tower,0,0,9,7,16,0,0,12,16,28,0,0,21,23,44,10,22,32,76
04/01/2020,BAF,MA,ANE,EN,Federal Contract Tower,0,2,4,0,6,0,0,22,5,27,0,2,26,5,33,18,0,18,51
04/02/2020,BAF,MA,ANE,EN,Federal Contract Tower,0,0,1,2,3,0,0,16,0,16,0,0,17,2,19,26,4,30,49
04/03/2020,BAF,MA,ANE,EN,Federal Contract Tower,0,4,5,2,11,0,0,3,0,3,0,4,8,2,14,2,0,2,16
04/04/2020,BAF,MA,ANE,EN,Federal Contract Tower,0,0,3,0,3,0,0,14,0,14,0,0,17,0,17,10,0,10,27
04/05/2020,BAF,MA,ANE,EN,Federal Contract Tower,0,0,5,1,6,0,1,24,1,26,0,1,29,2,32,26,0,26,58
04/06/2020,BAF,MA,ANE,EN,Federal Contract Tower,0,2,4,0,6,0,0,32,5,37,0,2,36,5,43,30,0,30,73
04/07/2020,BAF,MA,ANE,EN,Federal Contract Tower,0,0,7,8,15,0,4,30,1,35,0,4,37,9,50,20,2,22,72
04/08/2020,BAF,MA,ANE,EN,Federal Contract Tower,0,0,2,0,2,0,1,27,0,28,0,1,29,0,30,32,0,32,62
04/09/2020,BAF,MA,ANE,EN,Federal Contract Tower,0,1,0,7,8,0,0,0,0,0,0,1,0,7,8,0,0,0,8
04/10/2020,BAF,MA,ANE,EN,Federal Contract Tower,0,0,0,0,0,0,0,2,0,2,0,0,2,0,2,0,0,0,2
04/11/2020,BAF,MA,ANE,EN,Federal Contract Tower,0,0,4,0,4,0,2,10,0,12,0,2,14,0,16,6,0,6,22
04/12/2020,BAF,MA,ANE,EN,Federal Contract Tower,0,0,3,0,3,0,0,40,0,40,0,0,43,0,43,26,0,26,69
04/13/2020,BAF,MA,ANE,EN,Federal Contract Tower,0,0,0,0,0,0,0,0,0,0,0,0,0,0,0,0,0,0,0
04/14/2020,BAF,MA,ANE,EN,Federal Contract Tower,0,1,2,6,9,0,2,39,2,43,0,3,41,8,52,56,0,56,108
04/15/2020,BAF,MA,ANE,EN,Federal Contract Tower,0,1,0,0,1,0,4,25,2,31,0,5,25,2,32,36,10,46,78
04/16/2020,BAF,MA,ANE,EN,Federal Contract Tower,0,0,0,5,5,0,0,11,0,11,0,0,11,5,16,0,0,0,16
04/17/2020,BAF,MA,ANE,EN,Federal Contract Tower,0,0,0,0,0,0,0,21,0,21,0,0,21,0,21,18,0,18,39
04/18/2020,BAF,MA,ANE,EN,Federal Contract Tower,0,1,0,0,1,0,0,9,0,9,0,1,9,0,10,8,0,8,18
04/19/2020,BAF,MA,ANE,EN,Federal Contract Tower,0,0,6,0,6,0,0,62,0,62,0,0,68,0,68,32,0,32,100
04/20/2020,BAF,MA,ANE,EN,Federal Contract Tower,0,0,8,0,8,0,4,61,1,66,0,4,69,1,74,90,0,90,164
04/21/2020,BAF,MA,ANE,EN,Federal Contract Tower,0,0,5,7,12,0,4,1,8,13,0,4,6,15,25,0,0,0,25
04/22/2020,BAF,MA,ANE,EN,Federal Contract Tower,0,0,1,0,1,0,2,29,6,37,0,2,30,6,38,20,2,22,60
04/23/2020,BAF,MA,ANE,EN,Federal Contract Tower,0,0,3,2,5,0,1,50,14,65,0,1,53,16,70,26,14,40,110
04/24/2020,BAF,MA,ANE,EN,Federal Contract Tower,0,0,2,0,2,0,0,0,0,0,0,0,2,0,2,0,0,0,2
04/26/2020,BAF,MA,ANE,EN,Federal Contract Tower,0,3,7,0,10,0,0,19,0,19,0,3,26,0,29,26,0,26,55
04/27/2020,BAF,MA,ANE,EN,Federal Contract Tower,0,0,2,0,2,0,0,4,0,4,0,0,6,0,6,2,0,2,8
04/28/2020,BAF,MA,ANE,EN,Federal Contract Tower,0,1,1,7,9,0,0,0,0,0,0,1,1,7,9,72,16,88,97
04/29/2020,BAF,MA,ANE,EN,Federal Contract Tower,0,0,1,0,1,0,0,46,0,46,0,0,47,0,47,50,2,52,99
04/30/2020,BAF,MA,ANE,EN,Federal Contract Tower,0,1,4,6,11,0,0,0,8,8,0,1,4,14,19,0,0,0,19
05/01/2020,BAF,MA,ANE,EN,Federal Contract Tower,0,3,4,0,7,0,0,0,0,0,0,3,4,0,7,0,0,0,7
05/02/2020,BAF,MA,ANE,EN,Federal Contract Tower,0,0,3,0,3,0,0,55,0,55,0,0,58,0,58,62,0,62,120
05/03/2020,BAF,MA,ANE,EN,Federal Contract Tower,0,0,3,0,3,0,0,52,0,52,0,0,55,0,55,34,0,34,89
05/04/2020,BAF,MA,ANE,EN,Federal Contract Tower,0,2,2,10,14,0,1,26,0,27,0,3,28,10,41,24,8,32,73
05/05/2020,BAF,MA,ANE,EN,Federal Contract Tower,0,2,2,1,5,0,1,49,4,54,0,3,51,5,59,70,0,70,129
05/06/2020,BAF,MA,ANE,EN,Federal Contract Tower,0,1,2,6,9,0,1,57,8,66,0,2,59,14,75,46,10,56,131
05/07/2020,BAF,MA,ANE,EN,Federal Contract Tower,0,0,0,3,3,0,0,49,7,56,0,0,49,10,59,44,4,48,107
05/08/2020,BAF,MA,ANE,EN,Federal Contract Tower,0,0,3,8,11,0,0,38,2,40,0,0,41,10,51,29,4,33,84
05/09/2020,BAF,MA,ANE,EN,Federal Contract Tower,0,0,1,0,1,0,0,0,0,0,0,0,1,0,1,0,0,0,1
05/10/2020,BAF,MA,ANE,EN,Federal Contract Tower,0,2,4,0,6,0,0,26,0,26,0,2,30,0,32,10,0,10,42
05/11/2020,BAF,MA,ANE,EN,Federal Contract Tower,0,0,6,9,15,0,0,22,0,22,0,0,28,9,37,20,0,20,57
05/12/2020,BAF,MA,ANE,EN,Federal Contract Tower,0,0,7,2,9,0,0,41,5,46,0,0,48,7,55,42,8,50,105
05/13/2020,BAF,MA,ANE,EN,Federal Contract Tower,0,1,4,7,12,0,0,36,6,42,0,1,40,13,54,60,0,60,114
05/14/2020,BAF,MA,ANE,EN,Federal Contract Tower,0,0,3,1,4,0,0,77,2,79,0,0,80,3,83,58,2,60,143
05/15/2020,BAF,MA,ANE,EN,Federal Contract Tower,0,0,4,8,12,0,0,41,4,45,0,0,45,12,57,60,0,60,117
05/16/2020,BAF,MA,ANE,EN,Federal Contract Tower,0,1,9,0,10,0,4,45,0,49,0,5,54,0,59,78,0,78,137
05/17/2020,BAF,MA,ANE,EN,Federal Contract Tower,0,1,7,0,8,0,4,42,0,46,0,5,49,0,54,60,0,60,114
05/18/2020,BAF,MA,ANE,EN,Federal Contract Tower,0,2,4,14,20,0,2,31,0,33,0,4,35,14,53,36,0,36,89
05/19/2020,BAF,MA,ANE,EN,Federal Contract Tower,0,2,4,3,9,0,0,47,2,49,0,2,51,5,58,32,0,32,90
05/20/2020,BAF,MA,ANE,EN,Federal Contract Tower,0,1,5,10,16,0,3,56,12,71,0,4,61,22,87,84,12,96,183
05/21/2020,BAF,MA,ANE,EN,Federal Contract Tower,0,3,7,2,12,0,0,56,4,60,0,3,63,6,72,52,0,52,124
05/22/2020,BAF,MA,ANE,EN,Federal Contract Tower,0,1,5,11,17,0,2,38,5,45,0,3,43,16,62,68,4,72,134
05/23/2020,BAF,MA,ANE,EN,Federal Contract Tower,0,0,10,0,10,0,2,8,2,12,0,2,18,2,22,2,2,4,26
05/24/2020,BAF,MA,ANE,EN,Federal Contract Tower,0,0,5,0,5,0,1,57,0,58,0,1,62,0,63,40,0,40,103
05/25/2020,BAF,MA,ANE,EN,Federal Contract Tower,0,0,12,5,17,0,0,19,0,19,0,0,31,5,36,28,0,28,64
05/26/2020,BAF,MA,ANE,EN,Federal Contract Tower,0,1,8,2,11,0,0,54,0,54,0,1,62,2,65,36,0,36,101
05/27/2020,BAF,MA,ANE,EN,Federal Contract Tower,0,0,11,8,19,0,2,75,6,83,0,2,86,14,102,68,0,68,170
05/28/2020,BAF,MA,ANE,EN,Federal Contract Tower,0,0,7,4,11,0,0,15,0,15,0,0,22,4,26,8,0,8,34
05/29/2020,BAF,MA,ANE,EN,Federal Contract Tower,0,0,6,15,21,0,0,13,0,13,0,0,19,15,34,10,0,10,44
05/30/2020,BAF,MA,ANE,EN,Federal Contract Tower,0,1,10,0,11,0,2,59,2,63,0,3,69,2,74,40,6,46,120
05/31/2020,BAF,MA,ANE,EN,Federal Contract Tower,0,2,3,0,5,0,0,45,1,46,0,2,48,1,51,12,0,12,63
06/01/2020,BAF,MA,ANE,EN,Federal Contract Tower,0,0,5,5,10,0,2,39,12,53,0,2,44,17,63,58,0,58,121
06/02/2020,BAF,MA,ANE,EN,Federal Contract Tower,0,1,4,3,8,0,4,49,2,55,0,5,53,5,63,80,0,80,143
06/03/2020,BAF,MA,ANE,EN,Federal Contract Tower,0,0,5,2,7,0,3,65,0,68,0,3,70,2,75,136,0,136,211
06/04/2020,BAF,MA,ANE,EN,Federal Contract Tower,0,7,3,9,19,0,0,68,1,69,0,7,71,10,88,84,0,84,172
06/05/2020,BAF,MA,ANE,EN,Federal Contract Tower,0,0,5,12,17,0,2,10,0,12,0,2,15,12,29,19,6,25,54
06/06/2020,BAF,MA,ANE,EN,Federal Contract Tower,0,1,8,0,9,0,3,32,0,35,0,4,40,0,44,50,0,50,94
06/07/2020,BAF,MA,ANE,EN,Federal Contract Tower,0,0,5,1,6,0,3,30,1,34,0,3,35,2,40,28,8,36,76
06/08/2020,BAF,MA,ANE,EN,Federal Contract Tower,0,0,7,6,13,0,2,67,3,72,0,2,74,9,85,56,0,56,141
06/09/2020,BAF,MA,ANE,EN,Federal Contract Tower,0,0,7,12,19,0,2,72,15,89,0,2,79,27,108,100,4,104,212
06/10/2020,BAF,MA,ANE,EN,Federal Contract Tower,0,1,21,16,38,0,5,64,41,110,0,6,85,57,148,148,6,154,302
06/11/2020,BAF,MA,ANE,EN,Federal Contract Tower,0,0,3,5,8,0,0,0,0,0,0,0,3,5,8,4,0,4,12
06/12/2020,BAF,MA,ANE,EN,Federal Contract Tower,0,0,9,12,21,0,0,62,0,62,0,0,71,12,83,104,8,112,195
06/13/2020,BAF,MA,ANE,EN,Federal Contract Tower,0,0,7,0,7,0,3,60,0,63,0,3,67,0,70,90,0,90,160
06/14/2020,BAF,MA,ANE,EN,Federal Contract Tower,0,0,13,0,13,0,2,80,0,82,0,2,93,0,95,52,0,52,147
06/15/2020,BAF,MA,ANE,EN,Federal Contract Tower,0,0,16,16,32,0,3,58,0,61,0,3,74,16,93,70,0,70,163
06/16/2020,BAF,MA,ANE,EN,Federal Contract Tower,0,0,6,16,22,0,0,67,32,99,0,0,73,48,121,96,16,112,233
06/17/2020,BAF,MA,ANE,EN,Federal Contract Tower,0,0,19,19,38,0,2,53,27,82,0,2,72,46,120,136,18,154,274
06/18/2020,BAF,MA,ANE,EN,Federal Contract Tower,0,1,4,10,15,0,2,65,12,79,0,3,69,22,94,108,8,116,210
06/19/2020,BAF,MA,ANE,EN,Federal Contract Tower,0,0,7,6,13,0,0,62,0,62,0,0,69,6,75,86,0,86,161
06/20/2020,BAF,MA,ANE,EN,Federal Contract Tower,0,1,5,0,6,0,2,68,0,70,0,3,73,0,76,84,0,84,160
06/21/2020,BAF,MA,ANE,EN,Federal Contract Tower,0,0,6,0,6,0,2,58,0,60,0,2,64,0,66,76,0,76,142
06/22/2020,BAF,MA,ANE,EN,Federal Contract Tower,0,0,14,7,21,0,0,41,5,46,0,0,55,12,67,82,0,82,149
06/23/2020,BAF,MA,ANE,EN,Federal Contract Tower,0,4,7,9,20,0,1,45,13,59,0,5,52,22,79,76,2,78,157
06/24/2020,BAF,MA,ANE,EN,Federal Contract Tower,0,0,7,5,12,0,1,37,3,41,0,1,44,8,53,28,0,28,81
06/25/2020,BAF,MA,ANE,EN,Federal Contract Tower,0,3,10,6,19,0,0,69,0,69,0,3,79,6,88,74,16,90,178
06/26/2020,BAF,MA,ANE,EN,Federal Contract Tower,0,1,6,15,22,0,0,57,2,59,0,1,63,17,81,70,16,86,167
06/27/2020,BAF,MA,ANE,EN,Federal Contract Tower,0,0,1,0,1,0,4,31,0,35,0,4,32,0,36,58,0,58,94
06/28/2020,BAF,MA,ANE,EN,Federal Contract Tower,0,2,16,0,18,0,2,21,0,23,0,4,37,0,41,40,0,40,81
06/29/2020,BAF,MA,ANE,EN,Federal Contract Tower,0,2,10,9,21,0,0,0,0,0,0,2,10,9,21,0,10,10,31
06/30/2020,BAF,MA,ANE,EN,Federal Contract Tower,0,0,12,16,28,0,0,4,4,8,0,0,16,20,36,6,64,70,106
07/01/2020,BAF,MA,ANE,EN,Federal Contract Tower,0,3,10,13,26,0,0,21,2,23,0,3,31,15,49,48,18,66,115
07/02/2020,BAF,MA,ANE,EN,Federal Contract Tower,0,1,12,0,13,0,0,100,5,105,0,1,112,5,118,88,6,94,212
07/03/2020,BAF,MA,ANE,EN,Federal Contract Tower,0,0,3,0,3,0,0,16,0,16,0,0,19,0,19,48,0,48,67
07/04/2020,BAF,MA,ANE,EN,Federal Contract Tower,0,0,8,0,8,0,4,69,0,73,0,4,77,0,81,72,0,72,153
07/05/2020,BAF,MA,ANE,EN,Federal Contract Tower,0,0,15,0,15,0,1,60,0,61,0,1,75,0,76,56,0,56,132
07/06/2020,BAF,MA,ANE,EN,Federal Contract Tower,0,2,12,0,14,0,0,54,4,58,0,2,66,4,72,68,0,68,140
07/07/2020,BAF,MA,ANE,EN,Federal Contract Tower,0,0,16,18,34,0,4,35,4,43,0,4,51,22,77,82,24,106,183
07/08/2020,BAF,MA,ANE,EN,Federal Contract Tower,0,4,10,12,26,0,4,22,24,50,0,8,32,36,76,56,30,86,162
07/09/2020,BAF,MA,ANE,EN,Federal Contract Tower,0,0,13,12,25,0,0,76,25,101,0,0,89,37,126,82,12,94,220
07/10/2020,BAF,MA,ANE,EN,Federal Contract Tower,0,7,21,8,36,0,4,12,0,16,0,11,33,8,52,60,0,60,112
07/11/2020,BAF,MA,ANE,EN,Federal Contract Tower,0,0,11,0,11,0,4,18,0,22,0,4,29,0,33,54,0,54,87
07/12/2020,BAF,MA,ANE,EN,Federal Contract Tower,0,0,7,0,7,0,2,87,0,89,0,2,94,0,96,70,0,70,166
07/13/2020,BAF,MA,ANE,EN,Federal Contract Tower,0,3,5,11,19,0,4,83,10,97,0,7,88,21,116,128,4,132,248
07/14/2020,BAF,MA,ANE,EN,Federal Contract Tower,0,2,7,10,19,0,2,52,7,61,0,4,59,17,80,80,44,124,204
07/15/2020,BAF,MA,ANE,EN,Federal Contract Tower,0,2,15,16,33,0,0,139,2,141,0,2,154,18,174,154,0,154,328
07/16/2020,BAF,MA,ANE,EN,Federal Contract Tower,0,0,9,11,20,0,0,88,23,111,0,0,97,34,131,134,14,148,279
07/17/2020,BAF,MA,ANE,EN,Federal Contract Tower,0,0,18,9,27,0,0,16,0,16,0,0,34,9,43,6,0,6,49
07/18/2020,BAF,MA,ANE,EN,Federal Contract Tower,0,0,2,0,2,0,2,90,3,95,0,2,92,3,97,118,10,128,225
07/19/2020,BAF,MA,ANE,EN,Federal Contract Tower,0,0,9,2,11,0,2,99,4,105,0,2,108,6,116,90,6,96,212
07/20/2020,BAF,MA,ANE,EN,Federal Contract Tower,0,0,8,0,8,0,4,65,5,74,0,4,73,5,82,130,6,136,218
07/21/2020,BAF,MA,ANE,EN,Federal Contract Tower,0,0,14,13,27,0,0,91,3,94,0,0,105,16,121,96,21,117,238
07/22/2020,BAF,MA,ANE,EN,Federal Contract Tower,0,0,7,9,16,0,0,69,0,69,0,0,76,9,85,84,0,84,169
07/23/2020,BAF,MA,ANE,EN,Federal Contract Tower,0,0,5,5,10,0,0,52,4,56,0,0,57,9,66,64,14,78,144
07/24/2020,BAF,MA,ANE,EN,Federal Contract Tower,0,1,9,6,16,0,0,60,13,73,0,1,69,19,89,72,16,88,177
07/25/2020,BAF,MA,ANE,EN,Federal Contract Tower,0,1,5,6,12,0,5,77,5,87,0,6,82,11,99,194,0,194,293
07/26/2020,BAF,MA,ANE,EN,Federal Contract Tower,0,1,4,5,10,0,4,90,4,98,0,5,94,9,108,152,0,152,260
07/27/2020,BAF,MA,ANE,EN,Federal Contract Tower,0,3,4,6,13,0,3,54,8,65,0,6,58,14,78,70,20,90,168
07/28/2020,BAF,MA,ANE,EN,Federal Contract Tower,0,1,7,15,23,0,0,52,7,59,0,1,59,22,82,94,10,104,186
07/29/2020,BAF,MA,ANE,EN,Federal Contract Tower,0,0,13,10,23,0,0,65,8,73,0,0,78,18,96,86,42,128,224
07/30/2020,BAF,MA,ANE,EN,Federal Contract Tower,0,1,7,15,23,0,0,57,15,72,0,1,64,30,95,92,12,104,199
07/31/2020,BAF,MA,ANE,EN,Federal Contract Tower,0,4,7,0,11,0,0,72,4,76,0,4,79,4,87,108,0,108,195
08/01/2020,BAF,MA,ANE,EN,Federal Contract Tower,0,0,6,0,6,0,4,75,0,79,0,4,81,0,85,136,0,136,221
08/02/2020,BAF,MA,ANE,EN,Federal Contract Tower,0,0,8,0,8,0,0,2,0,2,0,0,10,0,10,36,0,36,46
08/03/2020,BAF,MA,ANE,EN,Federal Contract Tower,0,0,4,13,17,0,0,68,17,85,0,0,72,30,102,82,22,104,206
08/05/2020,BAF,MA,ANE,EN,Federal Contract Tower,0,1,7,7,15,0,0,70,6,76,0,1,77,13,91,66,14,80,171
08/06/2020,BAF,MA,ANE,EN,Federal Contract Tower,0,0,22,3,25,0,0,70,4,74,0,0,92,7,99,102,2,104,203
08/07/2020,BAF,MA,ANE,EN,Federal Contract Tower,0,0,7,7,14,0,2,39,4,45,0,2,46,11,59,34,10,44,103
08/08/2020,BAF,MA,ANE,EN,Federal Contract Tower,0,0,6,7,13,0,2,72,7,81,0,2,78,14,94,116,0,116,210
08/09/2020,BAF,MA,ANE,EN,Federal Contract Tower,0,3,12,5,20,0,2,85,2,89,0,5,97,7,109,74,0,74,183
08/10/2020,BAF,MA,ANE,EN,Federal Contract Tower,0,0,8,8,16,0,0,86,4,90,0,0,94,12,106,104,12,116,222
08/11/2020,BAF,MA,ANE,EN,Federal Contract Tower,0,0,6,7,13,0,0,75,9,84,0,0,81,16,97,98,0,98,195
08/12/2020,BAF,MA,ANE,EN,Federal Contract Tower,0,0,4,5,9,0,0,68,8,76,0,0,72,13,85,124,14,138,223
08/13/2020,BAF,MA,ANE,EN,Federal Contract Tower,0,0,1,13,14,0,0,61,7,68,0,0,62,20,82,58,22,80,162
08/14/2020,BAF,MA,ANE,EN,Federal Contract Tower,0,0,7,6,13,0,0,91,5,96,0,0,98,11,109,72,16,88,197
08/15/2020,BAF,MA,ANE,EN,Federal Contract Tower,0,0,6,4,10,0,2,27,8,37,0,2,33,12,47,51,28,79,126
08/16/2020,BAF,MA,ANE,EN,Federal Contract Tower,0,0,12,4,16,0,2,26,0,28,0,2,38,4,44,58,0,58,102
08/17/2020,BAF,MA,ANE,EN,Federal Contract Tower,0,0,16,7,23,0,4,48,19,71,0,4,64,26,94,94,40,134,228
08/18/2020,BAF,MA,ANE,EN,Federal Contract Tower,0,0,8,12,20,0,2,66,6,74,0,2,74,18,94,116,44,160,254
08/19/2020,BAF,MA,ANE,EN,Federal Contract Tower,0,0,9,5,14,0,0,100,6,106,0,0,109,11,120,132,38,170,290
08/20/2020,BAF,MA,ANE,EN,Federal Contract Tower,0,2,16,12,30,0,0,80,9,89,0,2,96,21,119,84,8,92,211
08/21/2020,BAF,MA,ANE,EN,Federal Contract Tower,0,0,5,7,12,0,0,78,1,79,0,0,83,8,91,46,0,46,137
08/22/2020,BAF,MA,ANE,EN,Federal Contract Tower,0,0,1,0,1,0,2,61,2,65,0,2,62,2,66,138,0,138,204
08/23/2020,BAF,MA,ANE,EN,Federal Contract Tower,0,0,10,0,10,0,0,78,2,80,0,0,88,2,90,64,0,64,154
08/24/2020,BAF,MA,ANE,EN,Federal Contract Tower,0,0,10,2,12,0,1,35,4,40,0,1,45,6,52,72,0,72,124
08/25/2020,BAF,MA,ANE,EN,Federal Contract Tower,0,1,5,8,14,0,2,63,3,68,0,3,68,11,82,80,14,94,176
08/26/2020,BAF,MA,ANE,EN,Federal Contract Tower,0,0,6,13,19,0,2,90,2,94,0,2,96,15,113,58,16,74,187
08/27/2020,BAF,MA,ANE,EN,Federal Contract Tower,0,1,3,8,12,0,0,28,8,36,0,1,31,16,48,36,8,44,92
08/28/2020,BAF,MA,ANE,EN,Federal Contract Tower,0,0,16,10,26,0,0,65,20,85,0,0,81,30,111,76,14,90,201
08/29/2020,BAF,MA,ANE,EN,Federal Contract Tower,0,0,5,0,5,0,0,0,0,0,0,0,5,0,5,4,0,4,9
08/30/2020,BAF,MA,ANE,EN,Federal Contract Tower,0,0,5,0,5,0,2,88,0,90,0,2,93,0,95,86,0,86,181
08/31/2020,BAF,MA,ANE,EN,Federal Contract Tower,0,0,8,0,8,0,0,75,7,82,0,0,83,7,90,98,0,98,188
09/01/2020,BAF,MA,ANE,EN,Federal Contract Tower,0,2,10,12,24,0,0,67,8,75,0,2,77,20,99,90,18,108,207
09/02/2020,BAF,MA,ANE,EN,Federal Contract Tower,0,2,23,13,38,0,0,0,0,0,0,2,23,13,38,0,0,0,38
09/03/2020,BAF,MA,ANE,EN,Federal Contract Tower,0,0,10,16,26,0,0,62,15,77,0,0,72,31,103,76,6,82,185
09/04/2020,BAF,MA,ANE,EN,Federal Contract Tower,0,2,10,0,12,0,0,87,0,87,0,2,97,0,99,90,0,90,189
09/05/2020,BAF,MA,ANE,EN,Federal Contract Tower,0,0,4,0,4,0,4,81,0,85,0,4,85,0,89,160,0,160,249
09/06/2020,BAF,MA,ANE,EN,Federal Contract Tower,0,0,7,0,7,0,0,107,0,107,0,0,114,0,114,140,0,140,254
09/07/2020,BAF,MA,ANE,EN,Federal Contract Tower,0,0,7,0,7,0,2,65,0,67,0,2,72,0,74,98,0,98,172
09/08/2020,BAF,MA,ANE,EN,Federal Contract Tower,0,1,10,15,26,0,0,49,5,54,0,1,59,20,80,104,0,104,184
09/09/2020,BAF,MA,ANE,EN,Federal Contract Tower,0,3,8,15,26,0,0,41,3,44,0,3,49,18,70,100,12,112,182
09/10/2020,BAF,MA,ANE,EN,Federal Contract Tower,0,1,10,5,16,0,0,0,0,0,0,1,10,5,16,0,0,0,16
09/11/2020,BAF,MA,ANE,EN,Federal Contract Tower,0,0,5,8,13,0,0,65,2,67,0,0,70,10,80,110,12,122,202
09/12/2020,BAF,MA,ANE,EN,Federal Contract Tower,0,0,4,0,4,0,4,93,5,102,0,4,97,5,106,102,0,102,208
09/13/2020,BAF,MA,ANE,EN,Federal Contract Tower,0,2,13,0,15,0,4,89,0,93,0,6,102,0,108,120,0,120,228
09/14/2020,BAF,MA,ANE,EN,Federal Contract Tower,0,0,10,1,11,0,2,67,2,71,0,2,77,3,82,96,0,96,178
09/15/2020,BAF,MA,ANE,EN,Federal Contract Tower,0,1,3,17,21,0,0,70,8,78,0,1,73,25,99,50,8,58,157
09/16/2020,BAF,MA,ANE,EN,Federal Contract Tower,0,2,4,9,15,0,1,70,16,87,0,3,74,25,102,88,44,132,234
09/17/2020,BAF,MA,ANE,EN,Federal Contract Tower,0,0,5,10,15,0,0,77,16,93,0,0,82,26,108,72,14,86,194
09/18/2020,BAF,MA,ANE,EN,Federal Contract Tower,0,2,7,8,17,0,0,35,2,37,0,2,42,10,54,38,4,42,96
09/19/2020,BAF,MA,ANE,EN,Federal Contract Tower,0,4,5,0,9,0,2,98,0,100,0,6,103,0,109,82,0,82,191
09/20/2020,BAF,MA,ANE,EN,Federal Contract Tower,0,0,5,0,5,0,3,70,2,75,0,3,75,2,80,54,0,54,134
09/21/2020,BAF,MA,ANE,EN,Federal Contract Tower,0,0,5,7,12,0,0,60,5,65,0,0,65,12,77,92,4,96,173
09/22/2020,BAF,MA,ANE,EN,Federal Contract Tower,0,1,3,13,17,0,0,58,4,62,0,1,61,17,79,70,14,84,163
09/23/2020,BAF,MA,ANE,EN,Federal Contract Tower,0,0,7,12,19,0,0,52,5,57,0,0,59,17,76,40,18,58,134
09/24/2020,BAF,MA,ANE,EN,Federal Contract Tower,0,0,3,15,18,0,0,55,7,62,0,0,58,22,80,82,8,90,170
09/25/2020,BAF,MA,ANE,EN,Federal Contract Tower,0,1,5,6,12,0,4,99,3,106,0,5,104,9,118,76,2,78,196
09/26/2020,BAF,MA,ANE,EN,Federal Contract Tower,0,0,17,0,17,0,4,34,4,42,0,4,51,4,59,68,14,82,141
09/27/2020,BAF,MA,ANE,EN,Federal Contract Tower,0,0,17,0,17,0,2,25,0,27,0,2,42,0,44,68,0,68,112
09/28/2020,BAF,MA,ANE,EN,Federal Contract Tower,0,5,9,10,24,0,0,34,3,37,0,5,43,13,61,62,8,70,131
09/29/2020,BAF,MA,ANE,EN,Federal Contract Tower,0,0,8,10,18,0,0,7,2,9,0,0,15,12,27,42,0,42,69
09/30/2020,BAF,MA,ANE,EN,Federal Contract Tower,0,0,4,11,15,0,1,25,14,40,0,1,29,25,55,16,4,20,75
10/01/2020,BAF,MA,ANE,EN,Federal Contract Tower,0,1,4,1,6,0,2,74,7,83,0,3,78,8,89,70,16,86,175
10/03/2020,BAF,MA,ANE,EN,Federal Contract Tower,0,1,13,0,14,0,2,92,0,94,0,3,105,0,108,99,0,99,207
10/04/2020,BAF,MA,ANE,EN,Federal Contract Tower,0,0,6,3,9,0,6,91,0,97,0,6,97,3,106,30,0,30,136
10/05/2020,BAF,MA,ANE,EN,Federal Contract Tower,0,0,9,1,10,0,2,66,3,71,0,2,75,4,81,98,0,98,179
10/06/2020,BAF,MA,ANE,EN,Federal Contract Tower,0,0,3,0,3,0,0,24,4,28,0,0,27,4,31,10,2,12,43
10/07/2020,BAF,MA,ANE,EN,Federal Contract Tower,0,0,3,1,4,0,0,11,12,23,0,0,14,13,27,44,6,50,77
10/08/2020,BAF,MA,ANE,EN,Federal Contract Tower,0,0,1,1,2,0,0,25,0,25,0,0,26,1,27,32,0,32,59
10/09/2020,BAF,MA,ANE,EN,Federal Contract Tower,0,0,10,0,10,0,0,78,6,84,0,0,88,6,94,114,0,114,208
10/10/2020,BAF,MA,ANE,EN,Federal Contract Tower,0,0,9,0,9,0,0,51,0,51,0,0,60,0,60,66,0,66,126
10/11/2020,BAF,MA,ANE,EN,Federal Contract Tower,0,0,13,0,13,0,6,61,0,67,0,6,74,0,80,42,0,42,122
10/12/2020,BAF,MA,ANE,EN,Federal Contract Tower,0,0,13,0,13,0,2,16,0,18,0,2,29,0,31,36,0,36,67
10/13/2020,BAF,MA,ANE,EN,Federal Contract Tower,0,0,15,4,19,0,0,0,0,0,0,0,15,4,19,0,30,30,49
10/14/2020,BAF,MA,ANE,EN,Federal Contract Tower,0,0,19,12,31,0,0,126,2,128,0,0,145,14,159,130,4,134,293
10/15/2020,BAF,MA,ANE,EN,Federal Contract Tower,0,0,14,11,25,0,0,77,16,93,0,0,91,27,118,106,36,142,260
10/16/2020,BAF,MA,ANE,EN,Federal Contract Tower,0,0,14,9,23,0,0,12,6,18,0,0,26,15,41,4,0,4,45
10/17/2020,BAF,MA,ANE,EN,Federal Contract Tower,0,2,3,11,16,0,0,58,22,80,0,2,61,33,96,72,2,74,170
10/18/2020,BAF,MA,ANE,EN,Federal Contract Tower,0,1,5,0,6,0,5,110,2,117,0,6,115,2,123,84,2,86,209
10/19/2020,BAF,MA,ANE,EN,Federal Contract Tower,0,1,8,1,10,0,2,45,8,55,0,3,53,9,65,80,0,80,145
10/20/2020,BAF,MA,ANE,EN,Federal Contract Tower,0,2,8,11,21,0,2,24,2,28,0,4,32,13,49,68,4,72,121
10/21/2020,BAF,MA,ANE,EN,Federal Contract Tower,0,1,16,16,33,0,6,34,3,43,0,7,50,19,76,70,0,70,146
10/22/2020,BAF,MA,ANE,EN,Federal Contract Tower,0,3,8,15,26,0,1,153,11,165,0,4,161,26,191,202,0,202,393
10/23/2020,BAF,MA,ANE,EN,Federal Contract Tower,0,0,19,9,28,0,0,13,0,13,0,0,32,9,41,32,0,32,73
10/24/2020,BAF,MA,ANE,EN,Federal Contract Tower,0,0,8,0,8,0,0,57,12,69,0,0,65,12,77,72,0,72,149
10/25/2020,BAF,MA,ANE,EN,Federal Contract Tower,0,2,6,0,8,0,2,99,0,101,0,4,105,0,109,98,0,98,207
10/26/2020,BAF,MA,ANE,EN,Federal Contract Tower,0,2,6,0,8,0,0,0,0,0,0,2,6,0,8,0,0,0,8
10/27/2020,BAF,MA,ANE,EN,Federal Contract Tower,0,0,11,13,24,0,2,76,8,86,0,2,87,21,110,142,24,166,276
10/28/2020,BAF,MA,ANE,EN,Federal Contract Tower,0,1,18,9,28,0,0,0,0,0,0,1,18,9,28,2,0,2,30
10/29/2020,BAF,MA,ANE,EN,Federal Contract Tower,0,1,2,10,13,0,0,0,0,0,0,1,2,10,13,0,0,0,13
10/30/2020,BAF,MA,ANE,EN,Federal Contract Tower,0,0,1,0,1,0,0,3,0,3,0,0,4,0,4,8,0,8,12
10/31/2020,BAF,MA,ANE,EN,Federal Contract Tower,0,0,6,0,6,0,1,82,0,83,0,1,88,0,89,146,0,146,235
11/01/2020,BAF,MA,ANE,EN,Federal Contract Tower,0,1,10,0,11,0,0,25,0,25,0,1,35,0,36,30,0,30,66
11/02/2020,BAF,MA,ANE,EN,Federal Contract Tower,0,0,2,0,2,0,0,2,1,3,0,0,4,1,5,0,0,0,5
11/03/2020,BAF,MA,ANE,EN,Federal Contract Tower,0,1,0,15,16,0,8,11,3,22,0,9,11,18,38,22,26,48,86
11/04/2020,BAF,MA,ANE,EN,Federal Contract Tower,0,3,4,11,18,0,0,67,5,72,0,3,71,16,90,70,0,70,160
11/05/2020,BAF,MA,ANE,EN,Federal Contract Tower,0,2,10,9,21,0,0,70,2,72,0,2,80,11,93,114,10,124,217
11/06/2020,BAF,MA,ANE,EN,Federal Contract Tower,0,1,5,8,14,0,0,70,2,72,0,1,75,10,86,112,2,114,200
11/07/2020,BAF,MA,ANE,EN,Federal Contract Tower,2,1,2,0,5,0,0,69,0,69,2,1,71,0,74,134,0,134,208
11/08/2020,BAF,MA,ANE,EN,Federal Contract Tower,0,0,2,0,2,0,2,95,0,97,0,2,97,0,99,56,0,56,155
11/09/2020,BAF,MA,ANE,EN,Federal Contract Tower,0,0,7,1,8,0,0,84,4,88,0,0,91,5,96,148,0,148,244
11/10/2020,BAF,MA,ANE,EN,Federal Contract Tower,0,0,12,15,27,0,2,135,13,150,0,2,147,28,177,206,0,206,383
11/11/2020,BAF,MA,ANE,EN,Federal Contract Tower,0,0,4,0,4,0,0,14,0,14,0,0,18,0,18,46,0,46,64
11/12/2020,BAF,MA,ANE,EN,Federal Contract Tower,0,0,9,10,19,0,0,37,22,59,0,0,46,32,78,72,0,72,150
11/13/2020,BAF,MA,ANE,EN,Federal Contract Tower,0,2,4,5,11,0,0,4,0,4,0,2,8,5,15,2,0,2,17
11/14/2020,BAF,MA,ANE,EN,Federal Contract Tower,0,0,4,12,16,0,0,65,0,65,0,0,69,12,81,72,2,74,155
11/15/2020,BAF,MA,ANE,EN,Federal Contract Tower,0,0,5,0,5,0,2,48,2,52,0,2,53,2,57,82,0,82,139
11/16/2020,BAF,MA,ANE,EN,Federal Contract Tower,0,0,6,0,6,0,0,45,6,51,0,0,51,6,57,56,22,78,135
11/17/2020,BAF,MA,ANE,EN,Federal Contract Tower,0,1,7,12,20,0,4,51,8,63,0,5,58,20,83,112,32,144,227
11/18/2020,BAF,MA,ANE,EN,Federal Contract Tower,0,2,8,9,19,0,2,42,14,58,0,4,50,23,77,30,28,58,135
11/19/2020,BAF,MA,ANE,EN,Federal Contract Tower,2,1,17,19,39,0,1,64,4,69,2,2,81,23,108,98,22,120,228
11/20/2020,BAF,MA,ANE,EN,Federal Contract Tower,0,0,13,15,28,0,0,76,5,81,0,0,89,20,109,144,0,144,253
11/21/2020,BAF,MA,ANE,EN,Federal Contract Tower,0,0,8,1,9,0,0,63,0,63,0,0,71,1,72,122,0,122,194
11/22/2020,BAF,MA,ANE,EN,Federal Contract Tower,0,0,2,0,2,0,0,38,0,38,0,0,40,0,40,82,0,82,122
11/23/2020,BAF,MA,ANE,EN,Federal Contract Tower,0,2,10,0,12,0,2,6,4,12,0,4,16,4,24,0,0,0,24
11/24/2020,BAF,MA,ANE,EN,Federal Contract Tower,0,0,5,11,16,0,2,67,2,71,0,2,72,13,87,82,14,96,183
11/25/2020,BAF,MA,ANE,EN,Federal Contract Tower,0,0,4,10,14,0,0,37,2,39,0,0,41,12,53,66,6,72,125
11/26/2020,BAF,MA,ANE,EN,Federal Contract Tower,2,0,0,0,2,0,0,0,0,0,2,0,0,0,2,0,0,0,2
11/27/2020,BAF,MA,ANE,EN,Federal Contract Tower,2,0,4,0,6,0,0,54,0,54,2,0,58,0,60,136,0,136,196
11/28/2020,BAF,MA,ANE,EN,Federal Contract Tower,0,0,3,0,3,0,0,52,0,52,0,0,55,0,55,128,0,128,183
11/29/2020,BAF,MA,ANE,EN,Federal Contract Tower,0,1,4,0,5,0,4,74,0,78,0,5,78,0,83,116,0,116,199
11/30/2020,BAF,MA,ANE,EN,Federal Contract Tower,0,0,2,0,2,0,0,0,0,0,0,0,2,0,2,0,0,0,2
12/01/2020,BAF,MA,ANE,EN,Federal Contract Tower,0,11,2,19,32,0,0,17,11,28,0,11,19,30,60,30,46,76,136
12/02/2020,BAF,MA,ANE,EN,Federal Contract Tower,0,3,9,15,27,0,1,56,16,73,0,4,65,31,100,50,22,72,172
12/03/2020,BAF,MA,ANE,EN,Federal Contract Tower,0,0,9,7,16,0,0,81,23,104,0,0,90,30,120,174,10,184,304
12/04/2020,BAF,MA,ANE,EN,Federal Contract Tower,0,0,0,8,8,0,0,54,20,74,0,0,54,28,82,90,8,98,180
12/05/2020,BAF,MA,ANE,EN,Federal Contract Tower,0,0,0,0,0,0,0,0,0,0,0,0,0,0,0,0,0,0,0
12/06/2020,BAF,MA,ANE,EN,Federal Contract Tower,0,3,1,0,4,0,0,18,0,18,0,3,19,0,22,32,0,32,54
12/07/2020,BAF,MA,ANE,EN,Federal Contract Tower,0,0,3,4,7,0,2,56,8,66,0,2,59,12,73,78,2,80,153
12/08/2020,BAF,MA,ANE,EN,Federal Contract Tower,0,0,2,12,14,0,0,21,4,25,0,0,23,16,39,38,2,40,79
12/09/2020,BAF,MA,ANE,EN,Federal Contract Tower,0,2,3,12,17,0,2,38,3,43,0,4,41,15,60,22,14,36,96
12/10/2020,BAF,MA,ANE,EN,Federal Contract Tower,0,1,8,12,21,0,3,58,5,66,0,4,66,17,87,104,0,104,191
12/11/2020,BAF,MA,ANE,EN,Federal Contract Tower,0,0,6,8,14,0,0,71,6,77,0,0,77,14,91,124,0,124,215
12/12/2020,BAF,MA,ANE,EN,Federal Contract Tower,0,1,1,0,2,0,0,0,0,0,0,1,1,0,2,0,0,0,2
12/13/2020,BAF,MA,ANE,EN,Federal Contract Tower,0,0,9,0,9,0,1,39,0,40,0,1,48,0,49,50,0,50,99
12/14/2020,BAF,MA,ANE,EN,Federal Contract Tower,0,0,2,0,2,0,0,0,0,0,0,0,2,0,2,0,0,0,2
12/15/2020,BAF,MA,ANE,EN,Federal Contract Tower,0,0,8,13,21,0,0,59,29,88,0,0,67,42,109,68,18,86,195
12/16/2020,BAF,MA,ANE,EN,Federal Contract Tower,0,2,7,8,17,0,0,46,6,52,0,2,53,14,69,66,16,82,151
12/17/2020,BAF,MA,ANE,EN,Federal Contract Tower,0,0,0,5,5,0,0,0,0,0,0,0,0,5,5,0,0,0,5
12/18/2020,BAF,MA,ANE,EN,Federal Contract Tower,0,7,4,6,17,0,0,27,0,27,0,7,31,6,44,26,0,26,70
12/19/2020,BAF,MA,ANE,EN,Federal Contract Tower,0,0,4,0,4,0,0,51,0,51,0,0,55,0,55,88,0,88,143
12/20/2020,BAF,MA,ANE,EN,Federal Contract Tower,0,0,4,0,4,0,0,30,0,30,0,0,34,0,34,62,0,62,96
12/21/2020,BAF,MA,ANE,EN,Federal Contract Tower,0,0,7,10,17,0,0,6,3,9,0,0,13,13,26,30,0,30,56
12/22/2020,BAF,MA,ANE,EN,Federal Contract Tower,0,2,8,17,27,0,0,51,3,54,0,2,59,20,81,60,4,64,145
12/23/2020,BAF,MA,ANE,EN,Federal Contract Tower,0,3,11,2,16,0,0,135,3,138,0,3,146,5,154,206,0,206,360
12/24/2020,BAF,MA,ANE,EN,Federal Contract Tower,0,0,0,0,0,0,1,4,0,5,0,1,4,0,5,6,0,6,11
12/25/2020,BAF,MA,ANE,EN,Federal Contract Tower,0,0,0,0,0,0,0,0,0,0,0,0,0,0,0,0,0,0,0
12/26/2020,BAF,MA,ANE,EN,Federal Contract Tower,0,0,1,0,1,0,0,50,0,50,0,0,51,0,51,122,0,122,173
12/27/2020,BAF,MA,ANE,EN,Federal Contract Tower,0,0,9,0,9,0,4,93,0,97,0,4,102,0,106,86,16,102,208
12/28/2020,BAF,MA,ANE,EN,Federal Contract Tower,0,0,8,0,8,0,2,20,0,22,0,2,28,0,30,36,0,36,66
12/29/2020,BAF,MA,ANE,EN,Federal Contract Tower,0,0,1,2,3,0,0,29,5,34,0,0,30,7,37,20,0,20,57
12/30/2020,BAF,MA,ANE,EN,Federal Contract Tower,0,3,7,4,14,0,2,55,2,59,0,5,62,6,73,68,0,68,141
12/31/2020,BAF,MA,ANE,EN,Federal Contract Tower,0,0,3,0,3,0,0,36,0,36,0,0,39,0,39,12,0,12,51
01/01/2021,BAF,MA,ANE,EN,Federal Contract Tower,0,0,1,0,1,0,0,61,0,61,0,0,62,0,62,92,0,92,154
01/02/2021,BAF,MA,ANE,EN,Federal Contract Tower,0,0,6,0,6,0,0,9,0,9,0,0,15,0,15,8,0,8,23
01/03/2021,BAF,MA,ANE,EN,Federal Contract Tower,0,0,1,0,1,0,0,10,0,10,0,0,11,0,11,36,0,36,47
01/04/2021,BAF,MA,ANE,EN,Federal Contract Tower,0,2,9,10,21,0,0,22,0,22,0,2,31,10,43,38,0,38,81
01/05/2021,BAF,MA,ANE,EN,Federal Contract Tower,0,3,6,9,18,0,0,36,7,43,0,3,42,16,61,105,30,135,196
01/06/2021,BAF,MA,ANE,EN,Federal Contract Tower,0,1,9,11,21,0,0,44,7,51,0,1,53,18,72,46,14,60,132
01/07/2021,BAF,MA,ANE,EN,Federal Contract Tower,0,2,2,11,15,0,5,54,17,76,0,7,56,28,91,88,12,100,191
01/08/2021,BAF,MA,ANE,EN,Federal Contract Tower,0,1,2,12,15,0,0,51,16,67,0,1,53,28,82,76,6,82,164
01/09/2021,BAF,MA,ANE,EN,Federal Contract Tower,0,0,1,0,1,0,0,68,11,79,0,0,69,11,80,118,10,128,208
01/10/2021,BAF,MA,ANE,EN,Federal Contract Tower,0,2,5,0,7,0,2,81,0,83,0,4,86,0,90,84,0,84,174
01/11/2021,BAF,MA,ANE,EN,Federal Contract Tower,0,1,5,0,6,0,4,22,0,26,0,5,27,0,32,52,0,52,84
01/12/2021,BAF,MA,ANE,EN,Federal Contract Tower,0,2,12,14,28,0,0,56,5,61,0,2,68,19,89,54,0,54,143
01/13/2021,BAF,MA,ANE,EN,Federal Contract Tower,0,0,7,11,18,3,2,83,2,90,3,2,90,13,108,86,2,88,196
01/14/2021,BAF,MA,ANE,EN,Federal Contract Tower,0,3,4,7,14,0,0,2,0,2,0,3,6,7,16,2,0,2,18
01/15/2021,BAF,MA,ANE,EN,Federal Contract Tower,0,6,4,11,21,0,0,3,0,3,0,6,7,11,24,0,0,0,24
01/16/2021,BAF,MA,ANE,EN,Federal Contract Tower,0,1,3,0,4,0,0,0,0,0,0,1,3,0,4,0,0,0,4
01/17/2021,BAF,MA,ANE,EN,Federal Contract Tower,0,5,5,0,10,0,2,28,0,30,0,7,33,0,40,40,0,40,80
01/18/2021,BAF,MA,ANE,EN,Federal Contract Tower,0,2,3,0,5,0,0,26,0,26,0,2,29,0,31,58,0,58,89
01/19/2021,BAF,MA,ANE,EN,Federal Contract Tower,0,1,13,12,26,0,2,56,0,58,0,3,69,12,84,68,0,68,152
01/20/2021,BAF,MA,ANE,EN,Federal Contract Tower,0,1,13,10,24,0,0,19,1,20,0,1,32,11,44,0,0,0,44
01/21/2021,BAF,MA,ANE,EN,Federal Contract Tower,0,5,2,9,16,0,2,40,11,53,0,7,42,20,69,56,18,74,143
01/22/2021,BAF,MA,ANE,EN,Federal Contract Tower,0,2,5,6,13,0,0,69,19,88,0,2,74,25,101,134,18,152,253
01/23/2021,BAF,MA,ANE,EN,Federal Contract Tower,0,2,2,0,4,0,0,24,0,24,0,2,26,0,28,17,0,17,45
01/24/2021,BAF,MA,ANE,EN,Federal Contract Tower,0,1,4,0,5,0,2,22,0,24,0,3,26,0,29,4,0,4,33
01/25/2021,BAF,MA,ANE,EN,Federal Contract Tower,0,4,6,0,10,0,0,53,2,55,0,4,59,2,65,60,0,60,125
01/26/2021,BAF,MA,ANE,EN,Federal Contract Tower,0,0,5,8,13,0,0,9,2,11,0,0,14,10,24,32,0,32,56
01/27/2021,BAF,MA,ANE,EN,Federal Contract Tower,0,0,4,7,11,0,0,18,8,26,0,0,22,15,37,80,14,94,131
01/28/2021,BAF,MA,ANE,EN,Federal Contract Tower,0,0,5,15,20,0,2,41,16,59,0,2,46,31,79,42,6,48,127
01/29/2021,BAF,MA,ANE,EN,Federal Contract Tower,0,1,2,4,7,0,2,15,12,29,0,3,17,16,36,12,2,14,50
01/30/2021,BAF,MA,ANE,EN,Federal Contract Tower,0,0,7,0,7,0,1,60,0,61,0,1,67,0,68,54,0,54,122
01/31/2021,BAF,MA,ANE,EN,Federal Contract Tower,0,3,4,0,7,0,2,70,1,73,0,5,74,1,80,132,0,132,212
02/01/2021,BAF,MA,ANE,EN,Federal Contract Tower,0,0,0,0,0,0,0,0,0,0,0,0,0,0,0,0,0,0,0
02/02/2021,BAF,MA,ANE,EN,Federal Contract Tower,0,0,1,5,6,0,0,0,0,0,0,0,1,5,6,0,0,0,6
02/03/2021,BAF,MA,ANE,EN,Federal Contract Tower,0,0,1,5,6,0,0,19,1,20,0,0,20,6,26,42,2,44,70
02/04/2021,BAF,MA,ANE,EN,Federal Contract Tower,0,0,6,7,13,0,0,62,12,74,0,0,68,19,87,50,6,56,143
02/05/2021,BAF,MA,ANE,EN,Federal Contract Tower,0,2,5,2,9,0,0,21,0,21,0,2,26,2,30,6,0,6,36
02/06/2021,BAF,MA,ANE,EN,Federal Contract Tower,0,3,3,0,6,0,2,45,0,47,0,5,48,0,53,58,0,58,111
02/07/2021,BAF,MA,ANE,EN,Federal Contract Tower,2,1,1,0,4,0,0,0,0,0,2,1,1,0,4,0,0,0,4
02/08/2021,BAF,MA,ANE,EN,Federal Contract Tower,0,0,4,0,4,0,2,43,0,45,0,2,47,0,49,48,0,48,97
02/10/2021,BAF,MA,ANE,EN,Federal Contract Tower,0,1,7,15,23,0,4,81,12,97,0,5,88,27,120,64,14,78,198
02/11/2021,BAF,MA,ANE,EN,Federal Contract Tower,0,2,8,12,22,0,0,65,9,74,0,2,73,21,96,82,16,98,194
02/12/2021,BAF,MA,ANE,EN,Federal Contract Tower,0,0,5,5,10,0,0,72,3,75,0,0,77,8,85,80,0,80,165
02/13/2021,BAF,MA,ANE,EN,Federal Contract Tower,0,3,8,0,11,0,0,79,0,79,0,3,87,0,90,76,0,76,166
02/14/2021,BAF,MA,ANE,EN,Federal Contract Tower,0,1,0,0,1,0,2,50,0,52,0,3,50,0,53,72,0,72,125
02/15/2021,BAF,MA,ANE,EN,Federal Contract Tower,0,0,1,0,1,0,0,6,0,6,0,0,7,0,7,18,0,18,25
02/16/2021,BAF,MA,ANE,EN,Federal Contract Tower,0,0,4,0,4,0,0,0,0,0,0,0,4,0,4,0,0,0,4
02/17/2021,BAF,MA,ANE,EN,Federal Contract Tower,0,3,11,13,27,0,0,56,18,74,0,3,67,31,101,70,6,76,177
02/18/2021,BAF,MA,ANE,EN,Federal Contract Tower,0,1,2,9,12,0,1,10,2,13,0,2,12,11,25,34,12,46,71
02/19/2021,BAF,MA,ANE,EN,Federal Contract Tower,0,0,1,0,1,0,0,0,0,0,0,0,1,0,1,0,0,0,1
02/20/2021,BAF,MA,ANE,EN,Federal Contract Tower,0,0,5,0,5,0,0,39,4,43,0,0,44,4,48,38,24,62,110
02/21/2021,BAF,MA,ANE,EN,Federal Contract Tower,0,3,10,0,13,0,4,95,2,101,0,7,105,2,114,108,12,120,234
02/22/2021,BAF,MA,ANE,EN,Federal Contract Tower,0,2,3,0,5,0,0,2,0,2,0,2,5,0,7,0,0,0,7
02/23/2021,BAF,MA,ANE,EN,Federal Contract Tower,0,3,16,15,34,0,0,51,16,67,0,3,67,31,101,94,22,116,217
02/24/2021,BAF,MA,ANE,EN,Federal Contract Tower,0,2,14,12,28,0,80,17,0,97,0,82,31,12,125,78,12,90,215
02/25/2021,BAF,MA,ANE,EN,Federal Contract Tower,0,6,10,0,16,0,0,17,5,22,0,6,27,5,38,24,10,34,72
02/26/2021,BAF,MA,ANE,EN,Federal Contract Tower,0,1,7,6,14,0,0,92,0,92,0,1,99,6,106,122,0,122,228
02/27/2021,BAF,MA,ANE,EN,Federal Contract Tower,0,0,0,0,0,0,0,0,0,0,0,0,0,0,0,0,0,0,0
02/28/2021,BAF,MA,ANE,EN,Federal Contract Tower,0,0,7,0,7,0,2,62,0,64,0,2,69,0,71,102,0,102,173
03/01/2021,BAF,MA,ANE,EN,Federal Contract Tower,0,1,1,0,2,0,0,4,2,6,0,1,5,2,8,6,0,6,14
03/02/2021,BAF,MA,ANE,EN,Federal Contract Tower,0,0,2,4,6,0,0,11,10,21,0,0,13,14,27,0,0,0,27
03/04/2021,BAF,MA,ANE,EN,Federal Contract Tower,0,0,2,6,8,0,0,7,6,13,0,0,9,12,21,0,0,0,21
03/05/2021,BAF,MA,ANE,EN,Federal Contract Tower,0,0,8,4,12,0,0,20,7,27,0,0,28,11,39,8,8,16,55
03/06/2021,BAF,MA,ANE,EN,Federal Contract Tower,0,1,5,0,6,0,0,61,8,69,0,1,66,8,75,82,2,84,159
03/07/2021,BAF,MA,ANE,EN,Federal Contract Tower,0,5,11,0,16,0,2,78,4,84,0,7,89,4,100,162,0,162,262
03/08/2021,BAF,MA,ANE,EN,Federal Contract Tower,0,0,3,3,6,0,2,60,9,71,0,2,63,12,77,108,12,120,197
03/09/2021,BAF,MA,ANE,EN,Federal Contract Tower,0,1,5,5,11,0,4,72,11,87,0,5,77,16,98,116,12,128,226
03/10/2021,BAF,MA,ANE,EN,Federal Contract Tower,0,2,16,4,22,0,2,100,9,111,0,4,116,13,133,122,6,128,261
03/11/2021,BAF,MA,ANE,EN,Federal Contract Tower,0,1,10,9,20,0,0,61,3,64,0,1,71,12,84,58,0,58,142
03/12/2021,BAF,MA,ANE,EN,Federal Contract Tower,0,0,3,7,10,0,0,41,10,51,0,0,44,17,61,30,0,30,91
03/13/2021,BAF,MA,ANE,EN,Federal Contract Tower,0,0,1,8,9,0,0,55,0,55,0,0,56,8,64,58,0,58,122
03/14/2021,BAF,MA,ANE,EN,Federal Contract Tower,0,2,2,0,4,0,2,39,0,41,0,4,41,0,45,42,0,42,87
03/15/2021,BAF,MA,ANE,EN,Federal Contract Tower,0,3,14,1,18,0,2,21,3,26,0,5,35,4,44,8,0,8,52
03/16/2021,BAF,MA,ANE,EN,Federal Contract Tower,0,4,14,12,30,0,2,82,20,104,0,6,96,32,134,122,12,134,268
03/17/2021,BAF,MA,ANE,EN,Federal Contract Tower,0,0,14,17,31,0,2,89,26,117,0,2,103,43,148,134,18,152,300
03/18/2021,BAF,MA,ANE,EN,Federal Contract Tower,0,2,2,13,17,0,0,0,0,0,0,2,2,13,17,0,0,0,17
03/19/2021,BAF,MA,ANE,EN,Federal Contract Tower,0,2,2,7,11,0,0,17,2,19,0,2,19,9,30,22,0,22,52
03/20/2021,BAF,MA,ANE,EN,Federal Contract Tower,0,1,4,0,5,0,2,99,4,105,0,3,103,4,110,102,0,102,212
03/21/2021,BAF,MA,ANE,EN,Federal Contract Tower,0,0,7,0,7,0,2,127,2,131,0,2,134,2,138,184,6,190,328
03/22/2021,BAF,MA,ANE,EN,Federal Contract Tower,0,2,8,2,12,0,4,68,6,78,0,6,76,8,90,108,6,114,204
03/23/2021,BAF,MA,ANE,EN,Federal Contract Tower,0,0,9,13,22,0,3,139,24,166,0,3,148,37,188,190,14,204,392
03/24/2021,BAF,MA,ANE,EN,Federal Contract Tower,0,2,9,15,26,0,0,72,19,91,0,2,81,34,117,126,28,154,271
03/25/2021,BAF,MA,ANE,EN,Federal Contract Tower,0,0,12,6,18,0,0,21,9,30,0,0,33,15,48,60,12,72,120
03/26/2021,BAF,MA,ANE,EN,Federal Contract Tower,0,0,7,4,11,0,0,0,0,0,0,0,7,4,11,0,0,0,11
03/27/2021,BAF,MA,ANE,EN,Federal Contract Tower,0,4,10,0,14,0,0,82,0,82,0,4,92,0,96,239,0,239,335
03/28/2021,BAF,MA,ANE,EN,Federal Contract Tower,0,2,4,2,8,0,0,1,0,1,0,2,5,2,9,6,0,6,15
03/29/2021,BAF,MA,ANE,EN,Federal Contract Tower,0,5,0,0,5,0,2,12,4,18,0,7,12,4,23,2,0,2,25
03/30/2021,BAF,MA,ANE,EN,Federal Contract Tower,0,1,5,19,25,0,2,65,18,85,0,3,70,37,110,78,30,108,218
03/31/2021,BAF,MA,ANE,EN,Federal Contract Tower,0,1,7,21,29,0,0,1,4,5,0,1,8,25,34,10,22,32,66
04/01/2021,BAF,MA,ANE,EN,Federal Contract Tower,0,2,9,12,23,0,0,3,3,6,0,2,12,15,29,0,0,0,29
04/02/2021,BAF,MA,ANE,EN,Federal Contract Tower,0,1,1,11,13,0,2,44,3,49,0,3,45,14,62,76,0,76,138
04/03/2021,BAF,MA,ANE,EN,Federal Contract Tower,0,2,2,0,4,0,0,70,0,70,0,2,72,0,74,140,0,140,214
04/04/2021,BAF,MA,ANE,EN,Federal Contract Tower,0,0,0,0,0,0,4,56,0,60,0,4,56,0,60,120,0,120,180
04/05/2021,BAF,MA,ANE,EN,Federal Contract Tower,0,5,5,1,11,0,0,31,2,33,0,5,36,3,44,40,4,44,88
04/06/2021,BAF,MA,ANE,EN,Federal Contract Tower,0,1,12,15,28,0,2,74,16,92,0,3,86,31,120,116,0,116,236
04/07/2021,BAF,MA,ANE,EN,Federal Contract Tower,0,0,6,12,18,0,1,95,10,106,0,1,101,22,124,84,16,100,224
04/08/2021,BAF,MA,ANE,EN,Federal Contract Tower,0,2,4,5,11,0,0,72,2,74,0,2,76,7,85,128,0,128,213
04/09/2021,BAF,MA,ANE,EN,Federal Contract Tower,0,1,10,2,13,0,2,75,5,82,0,3,85,7,95,72,0,72,167
04/10/2021,BAF,MA,ANE,EN,Federal Contract Tower,0,0,10,0,10,0,0,84,5,89,0,0,94,5,99,124,0,124,223
04/11/2021,BAF,MA,ANE,EN,Federal Contract Tower,2,6,10,0,18,0,0,10,0,10,2,6,20,0,28,18,0,18,46
04/12/2021,BAF,MA,ANE,EN,Federal Contract Tower,0,3,5,2,10,0,2,5,0,7,0,5,10,2,17,6,0,6,23
04/13/2021,BAF,MA,ANE,EN,Federal Contract Tower,0,6,5,1,12,0,0,68,2,70,0,6,73,3,82,78,0,78,160
04/14/2021,BAF,MA,ANE,EN,Federal Contract Tower,0,4,16,2,22,0,4,93,13,110,0,8,109,15,132,130,24,154,286
04/15/2021,BAF,MA,ANE,EN,Federal Contract Tower,0,3,6,2,11,0,0,0,0,0,0,3,6,2,11,0,0,0,11
04/16/2021,BAF,MA,ANE,EN,Federal Contract Tower,0,1,5,0,6,0,0,0,0,0,0,1,5,0,6,0,0,0,6
04/17/2021,BAF,MA,ANE,EN,Federal Contract Tower,0,0,5,0,5,0,0,31,10,41,0,0,36,10,46,74,0,74,120
04/18/2021,BAF,MA,ANE,EN,Federal Contract Tower,0,0,13,0,13,0,2,89,0,91,0,2,102,0,104,66,0,66,170
04/19/2021,BAF,MA,ANE,EN,Federal Contract Tower,0,2,4,3,9,0,1,47,2,50,0,3,51,5,59,78,0,78,137
04/20/2021,BAF,MA,ANE,EN,Federal Contract Tower,0,1,15,1,17,0,2,44,11,57,0,3,59,12,74,52,4,56,130
04/21/2021,BAF,MA,ANE,EN,Federal Contract Tower,0,1,6,8,15,0,0,20,6,26,0,1,26,14,41,12,6,18,59
04/22/2021,BAF,MA,ANE,EN,Federal Contract Tower,0,1,5,4,10,0,0,1,7,8,0,1,6,11,18,0,4,4,22
04/23/2021,BAF,MA,ANE,EN,Federal Contract Tower,0,0,9,3,12,0,3,16,5,24,0,3,25,8,36,0,0,0,36
04/24/2021,BAF,MA,ANE,EN,Federal Contract Tower,0,0,4,8,12,0,0,59,0,59,0,0,63,8,71,42,0,42,113
04/25/2021,BAF,MA,ANE,EN,Federal Contract Tower,0,6,15,2,23,0,0,23,0,23,0,6,38,2,46,38,0,38,84
04/26/2021,BAF,MA,ANE,EN,Federal Contract Tower,0,3,6,1,10,0,0,3,3,6,0,3,9,4,16,6,0,6,22
04/27/2021,BAF,MA,ANE,EN,Federal Contract Tower,0,0,7,6,13,0,0,74,10,84,0,0,81,16,97,176,0,176,273
04/28/2021,BAF,MA,ANE,EN,Federal Contract Tower,0,2,12,8,22,0,2,96,18,116,0,4,108,26,138,118,18,136,274
04/29/2021,BAF,MA,ANE,EN,Federal Contract Tower,0,3,12,7,22,0,0,0,0,0,0,3,12,7,22,0,0,0,22
04/30/2021,BAF,MA,ANE,EN,Federal Contract Tower,0,2,6,4,12,0,0,2,14,16,0,2,8,18,28,10,16,26,54
05/01/2021,BAF,MA,ANE,EN,Federal Contract Tower,0,2,6,0,8,0,0,44,5,49,0,2,50,5,57,38,0,38,95
05/02/2021,BAF,MA,ANE,EN,Federal Contract Tower,0,0,8,0,8,0,0,69,3,72,0,0,77,3,80,64,0,64,144
05/03/2021,BAF,MA,ANE,EN,Federal Contract Tower,0,1,8,4,13,0,0,58,3,61,0,1,66,7,74,98,18,116,190
05/04/2021,BAF,MA,ANE,EN,Federal Contract Tower,0,2,7,9,18,0,2,3,5,10,0,4,10,14,28,2,12,14,42
05/05/2021,BAF,MA,ANE,EN,Federal Contract Tower,0,2,13,5,20,0,0,0,0,0,0,2,13,5,20,2,0,2,22
05/06/2021,BAF,MA,ANE,EN,Federal Contract Tower,0,0,10,8,18,0,0,53,11,64,0,0,63,19,82,86,16,102,184
05/07/2021,BAF,MA,ANE,EN,Federal Contract Tower,0,0,7,3,10,0,0,71,0,71,0,0,78,3,81,110,0,110,191
05/08/2021,BAF,MA,ANE,EN,Federal Contract Tower,0,0,8,0,8,0,0,73,0,73,0,0,81,0,81,64,0,64,145
05/09/2021,BAF,MA,ANE,EN,Federal Contract Tower,0,0,6,0,6,0,0,68,0,68,0,0,74,0,74,66,0,66,140
05/10/2021,BAF,MA,ANE,EN,Federal Contract Tower,0,4,8,2,14,0,0,42,3,45,0,4,50,5,59,104,0,104,163
05/11/2021,BAF,MA,ANE,EN,Federal Contract Tower,0,2,6,9,17,0,8,46,14,68,0,10,52,23,85,20,8,28,113
05/12/2021,BAF,MA,ANE,EN,Federal Contract Tower,0,0,11,18,29,0,0,58,32,90,0,0,69,50,119,80,10,90,209
05/13/2021,BAF,MA,ANE,EN,Federal Contract Tower,0,2,12,13,27,0,2,81,17,100,0,4,93,30,127,132,4,136,263
05/14/2021,BAF,MA,ANE,EN,Federal Contract Tower,0,0,5,7,12,0,2,65,5,72,0,2,70,12,84,112,2,114,198
05/15/2021,BAF,MA,ANE,EN,Federal Contract Tower,0,0,2,7,9,0,0,75,9,84,0,0,77,16,93,156,6,162,255
05/16/2021,BAF,MA,ANE,EN,Federal Contract Tower,0,0,2,0,2,0,0,68,0,68,0,0,70,0,70,106,0,106,176
05/17/2021,BAF,MA,ANE,EN,Federal Contract Tower,0,0,9,2,11,0,2,64,4,70,0,2,73,6,81,112,12,124,205
05/18/2021,BAF,MA,ANE,EN,Federal Contract Tower,0,4,10,14,28,0,1,66,7,74,0,5,76,21,102,54,24,78,180
05/19/2021,BAF,MA,ANE,EN,Federal Contract Tower,0,2,9,11,22,0,3,100,6,109,0,5,109,17,131,146,0,146,277
05/20/2021,BAF,MA,ANE,EN,Federal Contract Tower,0,2,6,9,17,0,6,67,8,81,0,8,73,17,98,128,10,138,236
05/21/2021,BAF,MA,ANE,EN,Federal Contract Tower,0,0,11,5,16,0,0,95,6,101,0,0,106,11,117,162,4,166,283
05/22/2021,BAF,MA,ANE,EN,Federal Contract Tower,0,2,9,0,11,0,0,73,0,73,0,2,82,0,84,78,0,78,162
05/23/2021,BAF,MA,ANE,EN,Federal Contract Tower,0,1,7,0,8,0,4,40,1,45,0,5,47,1,53,32,0,32,85
05/24/2021,BAF,MA,ANE,EN,Federal Contract Tower,0,7,13,0,20,0,4,74,0,78,0,11,87,0,98,120,0,120,218
05/25/2021,BAF,MA,ANE,EN,Federal Contract Tower,0,1,12,11,24,0,3,76,14,93,0,4,88,25,117,54,8,62,179
05/26/2021,BAF,MA,ANE,EN,Federal Contract Tower,0,0,12,11,23,0,1,21,28,50,0,1,33,39,73,26,0,26,99
05/27/2021,BAF,MA,ANE,EN,Federal Contract Tower,0,0,9,8,17,0,0,44,8,52,0,0,53,16,69,58,2,60,129
05/28/2021,BAF,MA,ANE,EN,Federal Contract Tower,0,6,9,4,19,0,0,61,4,65,0,6,70,8,84,64,10,74,158
05/29/2021,BAF,MA,ANE,EN,Federal Contract Tower,0,2,6,0,8,0,0,0,0,0,0,2,6,0,8,0,0,0,8
05/30/2021,BAF,MA,ANE,EN,Federal Contract Tower,0,1,4,0,5,0,0,2,0,2,0,1,6,0,7,18,0,18,25
05/31/2021,BAF,MA,ANE,EN,Federal Contract Tower,0,9,31,0,40,0,2,28,4,34,0,11,59,4,74,48,6,54,128
06/01/2021,BAF,MA,ANE,EN,Federal Contract Tower,0,0,11,10,21,0,1,72,12,85,0,1,83,22,106,96,0,96,202
06/02/2021,BAF,MA,ANE,EN,Federal Contract Tower,0,4,12,13,29,0,0,74,7,81,0,4,86,20,110,68,14,82,192
06/03/2021,BAF,MA,ANE,EN,Federal Contract Tower,0,0,10,14,24,0,0,19,4,23,0,0,29,18,47,56,14,70,117
06/04/2021,BAF,MA,ANE,EN,Federal Contract Tower,0,0,4,6,10,0,0,21,12,33,0,0,25,18,43,74,0,74,117
06/05/2021,BAF,MA,ANE,EN,Federal Contract Tower,0,1,7,0,8,0,4,79,9,92,0,5,86,9,100,88,0,88,188
06/06/2021,BAF,MA,ANE,EN,Federal Contract Tower,0,2,7,0,9,0,0,82,4,86,0,2,89,4,95,124,0,124,219
06/07/2021,BAF,MA,ANE,EN,Federal Contract Tower,0,1,9,0,10,0,0,51,10,61,0,1,60,10,71,48,6,54,125
06/08/2021,BAF,MA,ANE,EN,Federal Contract Tower,0,0,10,2,12,0,0,25,3,28,0,0,35,5,40,30,0,30,70
06/09/2021,BAF,MA,ANE,EN,Federal Contract Tower,0,0,11,5,16,0,2,45,8,55,0,2,56,13,71,30,0,30,101
06/10/2021,BAF,MA,ANE,EN,Federal Contract Tower,0,1,6,15,22,0,0,69,4,73,0,1,75,19,95,66,6,72,167
06/11/2021,BAF,MA,ANE,EN,Federal Contract Tower,0,0,11,13,24,0,1,84,14,99,0,1,95,27,123,92,6,98,221
06/12/2021,BAF,MA,ANE,EN,Federal Contract Tower,0,2,12,10,24,0,0,59,16,75,0,2,71,26,99,116,8,124,223
06/13/2021,BAF,MA,ANE,EN,Federal Contract Tower,0,0,5,0,5,0,0,66,2,68,0,0,71,2,73,72,0,72,145
06/14/2021,BAF,MA,ANE,EN,Federal Contract Tower,0,2,1,3,6,0,0,2,2,4,0,2,3,5,10,6,20,26,36
06/15/2021,BAF,MA,ANE,EN,Federal Contract Tower,0,1,1,13,15,0,2,42,20,64,0,3,43,33,79,86,0,86,165
06/16/2021,BAF,MA,ANE,EN,Federal Contract Tower,0,0,13,17,30,0,2,100,29,131,0,2,113,46,161,82,4,86,247
06/17/2021,BAF,MA,ANE,EN,Federal Contract Tower,0,3,8,21,32,0,2,99,1,102,0,5,107,22,134,94,0,94,228
06/18/2021,BAF,MA,ANE,EN,Federal Contract Tower,0,0,4,0,4,0,0,86,0,86,0,0,90,0,90,104,0,104,194
06/19/2021,BAF,MA,ANE,EN,Federal Contract Tower,0,0,7,0,7,0,0,109,0,109,0,0,116,0,116,92,2,94,210
06/20/2021,BAF,MA,ANE,EN,Federal Contract Tower,0,0,5,0,5,0,0,0,0,0,0,0,5,0,5,72,0,72,77
06/21/2021,BAF,MA,ANE,EN,Federal Contract Tower,0,0,10,0,10,0,0,44,0,44,0,0,54,0,54,60,2,62,116
06/22/2021,BAF,MA,ANE,EN,Federal Contract Tower,0,3,8,20,31,0,0,5,20,25,0,3,13,40,56,4,44,48,104
06/23/2021,BAF,MA,ANE,EN,Federal Contract Tower,0,3,10,16,29,0,2,77,30,109,0,5,87,46,138,106,12,118,256
06/24/2021,BAF,MA,ANE,EN,Federal Contract Tower,0,2,4,28,34,0,2,74,11,87,0,4,78,39,121,88,16,104,225
06/25/2021,BAF,MA,ANE,EN,Federal Contract Tower,0,4,15,1,20,0,0,19,0,19,0,4,34,1,39,36,0,36,75
06/26/2021,BAF,MA,ANE,EN,Federal Contract Tower,0,1,15,1,17,0,1,38,0,39,0,2,53,1,56,62,0,62,118
06/27/2021,BAF,MA,ANE,EN,Federal Contract Tower,0,2,20,1,23,0,5,52,1,58,0,7,72,2,81,56,0,56,137
06/28/2021,BAF,MA,ANE,EN,Federal Contract Tower,0,0,5,1,6,0,6,57,10,73,0,6,62,11,79,126,38,164,243
06/29/2021,BAF,MA,ANE,EN,Federal Contract Tower,0,3,3,13,19,0,0,58,17,75,0,3,61,30,94,30,0,30,124
06/30/2021,BAF,MA,ANE,EN,Federal Contract Tower,0,1,4,6,11,0,2,39,12,53,0,3,43,18,64,38,4,42,106
07/01/2021,BAF,MA,ANE,EN,Federal Contract Tower,0,1,13,10,24,0,1,22,2,25,0,2,35,12,49,32,0,32,81
07/02/2021,BAF,MA,ANE,EN,Federal Contract Tower,0,1,8,0,9,0,0,0,0,0,0,1,8,0,9,0,0,0,9
07/03/2021,BAF,MA,ANE,EN,Federal Contract Tower,0,1,4,0,5,0,0,0,0,0,0,1,4,0,5,0,0,0,5
07/04/2021,BAF,MA,ANE,EN,Federal Contract Tower,0,1,15,2,18,0,2,12,0,14,0,3,27,2,32,6,4,10,42
07/05/2021,BAF,MA,ANE,EN,Federal Contract Tower,0,1,14,0,15,0,0,16,0,16,0,1,30,0,31,24,0,24,55
07/06/2021,BAF,MA,ANE,EN,Federal Contract Tower,0,0,7,11,18,0,2,36,1,39,0,2,43,12,57,34,0,34,91
07/07/2021,BAF,MA,ANE,EN,Federal Contract Tower,0,1,13,12,26,0,2,54,3,59,0,3,67,15,85,70,0,70,155
07/08/2021,BAF,MA,ANE,EN,Federal Contract Tower,0,1,7,9,17,0,0,3,0,3,0,1,10,9,20,10,4,14,34
07/09/2021,BAF,MA,ANE,EN,Federal Contract Tower,0,0,2,1,3,0,0,14,0,14,0,0,16,1,17,44,0,44,61
07/10/2021,BAF,MA,ANE,EN,Federal Contract Tower,0,0,13,2,15,0,0,117,1,118,0,0,130,3,133,176,0,176,309
07/11/2021,BAF,MA,ANE,EN,Federal Contract Tower,0,0,15,0,15,0,0,35,0,35,0,0,50,0,50,54,0,54,104
07/12/2021,BAF,MA,ANE,EN,Federal Contract Tower,0,0,9,2,11,0,0,13,5,18,0,0,22,7,29,10,0,10,39
07/13/2021,BAF,MA,ANE,EN,Federal Contract Tower,0,2,6,14,22,0,0,0,0,0,0,2,6,14,22,0,0,0,22
07/14/2021,BAF,MA,ANE,EN,Federal Contract Tower,0,3,10,22,35,0,0,21,2,23,0,3,31,24,58,42,6,48,106
07/15/2021,BAF,MA,ANE,EN,Federal Contract Tower,0,4,9,18,31,0,4,97,2,103,0,8,106,20,134,88,0,88,222
07/16/2021,BAF,MA,ANE,EN,Federal Contract Tower,0,0,14,7,21,0,4,61,0,65,0,4,75,7,86,90,0,90,176
07/17/2021,BAF,MA,ANE,EN,Federal Contract Tower,0,1,4,0,5,0,0,53,1,54,0,1,57,1,59,66,0,66,125
07/18/2021,BAF,MA,ANE,EN,Federal Contract Tower,0,7,15,0,22,0,0,2,0,2,0,7,17,0,24,6,0,6,30
07/19/2021,BAF,MA,ANE,EN,Federal Contract Tower,0,1,11,2,14,0,0,28,6,34,0,1,39,8,48,50,20,70,118
07/20/2021,BAF,MA,ANE,EN,Federal Contract Tower,0,3,15,20,38,0,0,0,0,0,0,3,15,20,38,70,20,90,128
07/21/2021,BAF,MA,ANE,EN,Federal Contract Tower,0,2,6,11,19,0,0,52,14,66,0,2,58,25,85,120,58,178,263
07/22/2021,BAF,MA,ANE,EN,Federal Contract Tower,0,2,6,10,18,0,4,83,8,95,0,6,89,18,113,110,38,148,261
07/23/2021,BAF,MA,ANE,EN,Federal Contract Tower,0,3,8,2,13,0,2,72,0,74,0,5,80,2,87,124,0,124,211
07/24/2021,BAF,MA,ANE,EN,Federal Contract Tower,0,1,3,0,4,0,0,93,0,93,0,1,96,0,97,124,0,124,221
07/25/2021,BAF,MA,ANE,EN,Federal Contract Tower,0,1,6,0,7,0,0,4,0,4,0,1,10,0,11,4,0,4,15
07/26/2021,BAF,MA,ANE,EN,Federal Contract Tower,0,6,8,3,17,0,0,17,0,17,0,6,25,3,34,28,0,28,62
07/27/2021,BAF,MA,ANE,EN,Federal Contract Tower,0,0,0,0,0,0,3,66,5,74,0,3,66,5,74,58,22,80,154
07/28/2021,BAF,MA,ANE,EN,Federal Contract Tower,0,1,10,11,22,0,1,60,10,71,0,2,70,21,93,82,10,92,185
07/29/2021,BAF,MA,ANE,EN,Federal Contract Tower,0,3,18,9,30,0,0,35,8,43,0,3,53,17,73,52,4,56,129
07/30/2021,BAF,MA,ANE,EN,Federal Contract Tower,0,3,9,6,18,0,0,62,1,63,0,3,71,7,81,40,0,40,121
07/31/2021,BAF,MA,ANE,EN,Federal Contract Tower,0,1,2,0,3,0,4,98,0,102,0,5,100,0,105,132,0,132,237
08/01/2021,BAF,MA,ANE,EN,Federal Contract Tower,2,0,5,0,7,0,4,65,0,69,2,4,70,0,76,64,0,64,140
08/02/2021,BAF,MA,ANE,EN,Federal Contract Tower,0,2,14,0,16,0,6,60,0,66,0,8,74,0,82,118,0,118,200
08/03/2021,BAF,MA,ANE,EN,Federal Contract Tower,0,0,6,0,6,0,0,84,0,84,0,0,90,0,90,110,0,110,200
08/04/2021,BAF,MA,ANE,EN,Federal Contract Tower,0,1,10,8,19,0,1,93,4,98,0,2,103,12,117,66,12,78,195
08/05/2021,BAF,MA,ANE,EN,Federal Contract Tower,0,3,10,11,24,0,0,15,5,20,0,3,25,16,44,50,11,61,105
08/06/2021,BAF,MA,ANE,EN,Federal Contract Tower,0,0,13,4,17,0,0,79,5,84,0,0,92,9,101,72,0,72,173
08/07/2021,BAF,MA,ANE,EN,Federal Contract Tower,0,7,0,0,7,0,4,135,0,139,0,11,135,0,146,86,0,86,232
08/08/2021,BAF,MA,ANE,EN,Federal Contract Tower,0,3,2,2,7,0,0,92,0,92,0,3,94,2,99,78,4,82,181
08/09/2021,BAF,MA,ANE,EN,Federal Contract Tower,0,6,10,2,18,0,2,37,0,39,0,8,47,2,57,74,2,76,133
08/10/2021,BAF,MA,ANE,EN,Federal Contract Tower,0,1,20,3,24,0,1,26,6,33,0,2,46,9,57,80,16,96,153
08/11/2021,BAF,MA,ANE,EN,Federal Contract Tower,0,1,13,4,18,0,6,79,5,90,0,7,92,9,108,74,2,76,184
08/12/2021,BAF,MA,ANE,EN,Federal Contract Tower,0,0,7,15,22,0,4,49,1,54,0,4,56,16,76,8,0,8,84
08/13/2021,BAF,MA,ANE,EN,Federal Contract Tower,0,1,11,0,12,0,0,55,4,59,0,1,66,4,71,90,8,98,169
08/14/2021,BAF,MA,ANE,EN,Federal Contract Tower,0,0,8,9,17,0,0,38,0,38,0,0,46,9,55,52,6,58,113
08/15/2021,BAF,MA,ANE,EN,Federal Contract Tower,0,0,4,3,7,0,2,78,1,81,0,2,82,4,88,88,2,90,178
08/16/2021,BAF,MA,ANE,EN,Federal Contract Tower,0,0,4,0,4,0,0,66,3,69,0,0,70,3,73,104,0,104,177
08/17/2021,BAF,MA,ANE,EN,Federal Contract Tower,0,2,14,8,24,0,0,59,21,80,0,2,73,29,104,90,26,116,220
08/18/2021,BAF,MA,ANE,EN,Federal Contract Tower,0,1,11,7,19,0,0,53,5,58,0,1,64,12,77,58,20,78,155
08/19/2021,BAF,MA,ANE,EN,Federal Contract Tower,0,1,9,8,18,0,0,4,2,6,0,1,13,10,24,8,16,24,48
08/20/2021,BAF,MA,ANE,EN,Federal Contract Tower,0,1,12,9,22,0,0,66,2,68,0,1,78,11,90,126,2,128,218
08/21/2021,BAF,MA,ANE,EN,Federal Contract Tower,0,0,6,0,6,0,0,32,0,32,0,0,38,0,38,38,0,38,76
08/22/2021,BAF,MA,ANE,EN,Federal Contract Tower,0,0,0,0,0,0,0,0,0,0,0,0,0,0,0,0,0,0,0
08/23/2021,BAF,MA,ANE,EN,Federal Contract Tower,0,0,5,0,5,0,0,0,0,0,0,0,5,0,5,0,0,0,5
08/24/2021,BAF,MA,ANE,EN,Federal Contract Tower,0,0,7,6,13,0,2,88,4,94,0,2,95,10,107,104,0,104,211
08/25/2021,BAF,MA,ANE,EN,Federal Contract Tower,0,5,12,9,26,0,0,101,4,105,0,5,113,13,131,74,10,84,215
08/26/2021,BAF,MA,ANE,EN,Federal Contract Tower,0,2,11,11,24,0,0,69,7,76,0,2,80,18,100,78,0,78,178
08/27/2021,BAF,MA,ANE,EN,Federal Contract Tower,0,2,6,7,15,0,3,58,4,65,0,5,64,11,80,76,8,84,164
08/28/2021,BAF,MA,ANE,EN,Federal Contract Tower,0,0,9,0,9,0,0,72,0,72,0,0,81,0,81,154,0,154,235
08/29/2021,BAF,MA,ANE,EN,Federal Contract Tower,0,1,17,0,18,0,3,41,0,44,0,4,58,0,62,114,0,114,176
08/30/2021,BAF,MA,ANE,EN,Federal Contract Tower,0,4,14,0,18,0,0,34,9,43,0,4,48,9,61,48,18,66,127
08/31/2021,BAF,MA,ANE,EN,Federal Contract Tower,0,2,7,10,19,0,1,84,13,98,0,3,91,23,117,86,24,110,227
09/01/2021,BAF,MA,ANE,EN,Federal Contract Tower,0,1,13,8,22,0,0,2,0,2,0,1,15,8,24,6,0,6,30
09/02/2021,BAF,MA,ANE,EN,Federal Contract Tower,0,0,4,11,15,0,1,52,8,61,0,1,56,19,76,65,12,77,153
09/03/2021,BAF,MA,ANE,EN,Federal Contract Tower,0,0,12,3,15,0,5,74,0,79,0,5,86,3,94,70,2,72,166
09/04/2021,BAF,MA,ANE,EN,Federal Contract Tower,0,0,2,0,2,0,0,100,0,100,0,0,102,0,102,84,0,84,186
09/05/2021,BAF,MA,ANE,EN,Federal Contract Tower,0,0,9,0,9,0,0,39,1,40,0,0,48,1,49,24,0,24,73
09/06/2021,BAF,MA,ANE,EN,Federal Contract Tower,0,0,3,0,3,0,6,88,0,94,0,6,91,0,97,132,0,132,229
09/07/2021,BAF,MA,ANE,EN,Federal Contract Tower,0,1,13,10,24,0,2,89,17,108,0,3,102,27,132,66,8,74,206
09/08/2021,BAF,MA,ANE,EN,Federal Contract Tower,0,2,7,7,16,0,6,47,17,70,0,8,54,24,86,46,18,64,150
09/09/2021,BAF,MA,ANE,EN,Federal Contract Tower,0,8,11,15,34,0,0,8,0,8,0,8,19,15,42,0,0,0,42
09/10/2021,BAF,MA,ANE,EN,Federal Contract Tower,0,12,8,3,23,0,0,73,4,77,0,12,81,7,100,42,0,42,142
09/11/2021,BAF,MA,ANE,EN,Federal Contract Tower,0,0,25,1,26,0,2,133,8,143,0,2,158,9,169,66,0,66,235
09/12/2021,BAF,MA,ANE,EN,Federal Contract Tower,0,11,11,0,22,0,0,78,3,81,0,11,89,3,103,88,0,88,191
09/13/2021,BAF,MA,ANE,EN,Federal Contract Tower,0,5,10,5,20,0,0,40,2,42,0,5,50,7,62,58,8,66,128
09/14/2021,BAF,MA,ANE,EN,Federal Contract Tower,0,5,14,10,29,0,2,75,2,79,0,7,89,12,108,86,20,106,214
09/15/2021,BAF,MA,ANE,EN,Federal Contract Tower,0,1,11,11,23,0,0,25,3,28,0,1,36,14,51,42,20,62,113
09/16/2021,BAF,MA,ANE,EN,Federal Contract Tower,0,0,18,7,25,0,0,19,10,29,0,0,37,17,54,32,48,80,134
09/17/2021,BAF,MA,ANE,EN,Federal Contract Tower,0,2,23,4,29,0,0,5,0,5,0,2,28,4,34,18,0,18,52
09/18/2021,BAF,MA,ANE,EN,Federal Contract Tower,1,5,21,10,37,0,0,74,0,74,1,5,95,10,111,46,32,78,189
09/19/2021,BAF,MA,ANE,EN,Federal Contract Tower,0,5,12,0,17,0,0,101,0,101,0,5,113,0,118,76,0,76,194
09/20/2021,BAF,MA,ANE,EN,Federal Contract Tower,0,3,7,1,11,0,0,83,5,88,0,3,90,6,99,100,0,100,199
09/21/2021,BAF,MA,ANE,EN,Federal Contract Tower,0,5,14,12,31,0,0,84,16,100,0,5,98,28,131,100,14,114,245
09/22/2021,BAF,MA,ANE,EN,Federal Contract Tower,0,0,5,10,15,0,0,5,2,7,0,0,10,12,22,2,8,10,32
09/23/2021,BAF,MA,ANE,EN,Federal Contract Tower,0,2,4,2,8,0,0,7,1,8,0,2,11,3,16,0,0,0,16
09/24/2021,BAF,MA,ANE,EN,Federal Contract Tower,2,5,5,2,14,0,2,30,0,32,2,7,35,2,46,44,0,44,90
09/25/2021,BAF,MA,ANE,EN,Federal Contract Tower,2,0,13,0,15,0,0,113,1,114,2,0,126,1,129,136,0,136,265
09/26/2021,BAF,MA,ANE,EN,Federal Contract Tower,0,3,8,0,11,0,3,75,1,79,0,6,83,1,90,88,0,88,178
09/27/2021,BAF,MA,ANE,EN,Federal Contract Tower,0,0,13,1,14,0,3,73,4,80,0,3,86,5,94,76,14,90,184
09/28/2021,BAF,MA,ANE,EN,Federal Contract Tower,0,0,14,3,17,0,0,38,13,51,0,0,52,16,68,44,0,44,112
09/29/2021,BAF,MA,ANE,EN,Federal Contract Tower,0,0,13,1,14,0,0,99,9,108,0,0,112,10,122,92,2,94,216
09/30/2021,BAF,MA,ANE,EN,Federal Contract Tower,0,4,8,1,13,0,1,53,5,59,0,5,61,6,72,78,0,78,150
10/01/2021,BAF,MA,ANE,EN,Federal Contract Tower,0,1,3,4,8,0,1,72,0,73,0,2,75,4,81,104,0,104,185
10/02/2021,BAF,MA,ANE,EN,Federal Contract Tower,1,0,4,0,5,0,0,90,0,90,1,0,94,0,95,102,0,102,197
10/03/2021,BAF,MA,ANE,EN,Federal Contract Tower,0,2,13,0,15,0,0,76,0,76,0,2,89,0,91,80,0,80,171
10/04/2021,BAF,MA,ANE,EN,Federal Contract Tower,0,1,17,5,23,0,0,0,0,0,0,1,17,5,23,0,0,0,23
10/05/2021,BAF,MA,ANE,EN,Federal Contract Tower,0,0,5,10,15,0,0,10,0,10,0,0,15,10,25,26,0,26,51
10/06/2021,BAF,MA,ANE,EN,Federal Contract Tower,0,1,29,11,41,0,0,107,14,121,0,1,136,25,162,114,8,122,284
10/07/2021,BAF,MA,ANE,EN,Federal Contract Tower,0,2,24,2,28,0,0,61,11,72,0,2,85,13,100,98,22,120,220
10/08/2021,BAF,MA,ANE,EN,Federal Contract Tower,0,2,17,9,28,0,0,62,0,62,0,2,79,9,90,89,12,101,191
10/09/2021,BAF,MA,ANE,EN,Federal Contract Tower,0,5,7,0,12,0,0,31,0,31,0,5,38,0,43,62,0,62,105
10/10/2021,BAF,MA,ANE,EN,Federal Contract Tower,0,7,12,0,19,0,0,5,0,5,0,7,17,0,24,20,0,20,44
10/11/2021,BAF,MA,ANE,EN,Federal Contract Tower,0,6,14,7,27,0,2,40,1,43,0,8,54,8,70,84,0,84,154
10/12/2021,BAF,MA,ANE,EN,Federal Contract Tower,0,3,3,9,15,0,1,50,2,53,0,4,53,11,68,52,0,52,120
10/13/2021,BAF,MA,ANE,EN,Federal Contract Tower,0,0,17,9,26,0,0,48,1,49,0,0,65,10,75,100,0,100,175
10/14/2021,BAF,MA,ANE,EN,Federal Contract Tower,0,3,8,8,19,0,0,62,5,67,0,3,70,13,86,88,4,92,178
10/15/2021,BAF,MA,ANE,EN,Federal Contract Tower,0,2,15,6,23,0,0,13,0,13,0,2,28,6,36,18,0,18,54
10/16/2021,BAF,MA,ANE,EN,Federal Contract Tower,0,0,7,10,17,0,0,12,3,15,0,0,19,13,32,36,10,46,78
10/17/2021,BAF,MA,ANE,EN,Federal Contract Tower,0,5,8,0,13,0,0,83,1,84,0,5,91,1,97,82,0,82,179
10/18/2021,BAF,MA,ANE,EN,Federal Contract Tower,0,0,3,0,3,0,2,35,2,39,0,2,38,2,42,46,0,46,88
10/20/2021,BAF,MA,ANE,EN,Federal Contract Tower,0,2,7,9,18,0,3,70,6,79,0,5,77,15,97,90,0,90,187
10/21/2021,BAF,MA,ANE,EN,Federal Contract Tower,0,6,10,15,31,0,4,82,9,95,0,10,92,24,126,144,0,144,270
10/22/2021,BAF,MA,ANE,EN,Federal Contract Tower,2,11,7,5,25,0,2,74,3,79,2,13,81,8,104,66,0,66,170
10/23/2021,BAF,MA,ANE,EN,Federal Contract Tower,1,5,8,0,14,0,2,95,0,97,1,7,103,0,111,112,0,112,223
10/24/2021,BAF,MA,ANE,EN,Federal Contract Tower,0,1,12,0,13,0,6,100,0,106,0,7,112,0,119,70,0,70,189
10/25/2021,BAF,MA,ANE,EN,Federal Contract Tower,0,2,14,0,16,0,0,0,0,0,0,2,14,0,16,0,0,0,16
10/26/2021,BAF,MA,ANE,EN,Federal Contract Tower,0,4,5,1,10,0,0,0,0,0,0,4,5,1,10,0,0,0,10
10/27/2021,BAF,MA,ANE,EN,Federal Contract Tower,0,3,4,10,17,0,0,2,13,15,0,3,6,23,32,16,22,38,70
10/28/2021,BAF,MA,ANE,EN,Federal Contract Tower,1,2,11,13,27,0,0,68,2,70,1,2,79,15,97,72,2,74,171
10/29/2021,BAF,MA,ANE,EN,Federal Contract Tower,1,2,7,6,16,0,3,22,2,27,1,5,29,8,43,52,12,64,107
10/30/2021,BAF,MA,ANE,EN,Federal Contract Tower,2,2,8,0,12,0,0,0,0,0,2,2,8,0,12,0,0,0,12
10/31/2021,BAF,MA,ANE,EN,Federal Contract Tower,0,4,6,0,10,0,0,43,2,45,0,4,49,2,55,58,6,64,119
11/01/2021,BAF,MA,ANE,EN,Federal Contract Tower,0,3,8,2,13,0,2,41,11,54,0,5,49,13,67,22,0,22,89
11/02/2021,BAF,MA,ANE,EN,Federal Contract Tower,0,0,14,1,15,0,1,72,8,81,0,1,86,9,96,44,8,52,148
11/03/2021,BAF,MA,ANE,EN,Federal Contract Tower,0,6,5,5,16,0,6,67,3,76,0,12,72,8,92,70,12,82,174
11/04/2021,BAF,MA,ANE,EN,Federal Contract Tower,0,0,7,16,23,0,1,67,8,76,0,1,74,24,99,102,20,122,221
11/05/2021,BAF,MA,ANE,EN,Federal Contract Tower,0,3,6,18,27,0,4,84,4,92,0,7,90,22,119,128,0,128,247
11/06/2021,BAF,MA,ANE,EN,Federal Contract Tower,0,0,2,8,10,0,0,105,2,107,0,0,107,10,117,96,0,96,213
11/07/2021,BAF,MA,ANE,EN,Federal Contract Tower,0,2,12,0,14,0,4,92,1,97,0,6,104,1,111,62,6,68,179
11/08/2021,BAF,MA,ANE,EN,Federal Contract Tower,0,3,5,2,10,0,2,42,6,50,0,5,47,8,60,60,10,70,130
11/09/2021,BAF,MA,ANE,EN,Federal Contract Tower,0,3,4,10,17,0,2,73,14,89,0,5,77,24,106,54,0,54,160
11/10/2021,BAF,MA,ANE,EN,Federal Contract Tower,0,2,8,10,20,0,2,76,4,82,0,4,84,14,102,64,14,78,180
11/11/2021,BAF,MA,ANE,EN,Federal Contract Tower,0,0,15,0,15,0,1,76,0,77,0,1,91,0,92,74,0,74,166
11/12/2021,BAF,MA,ANE,EN,Federal Contract Tower,0,5,6,0,11,0,0,4,0,4,0,5,10,0,15,2,0,2,17
11/13/2021,BAF,MA,ANE,EN,Federal Contract Tower,0,5,8,0,13,0,0,17,0,17,0,5,25,0,30,22,0,22,52
11/14/2021,BAF,MA,ANE,EN,Federal Contract Tower,1,4,7,1,13,0,0,69,0,69,1,4,76,1,82,70,0,70,152
11/15/2021,BAF,MA,ANE,EN,Federal Contract Tower,0,6,7,9,22,0,0,37,18,55,0,6,44,27,77,44,0,44,121
11/16/2021,BAF,MA,ANE,EN,Federal Contract Tower,0,0,5,8,13,0,1,34,12,47,0,1,39,20,60,40,0,40,100
11/17/2021,BAF,MA,ANE,EN,Federal Contract Tower,0,1,8,10,19,0,0,86,8,94,0,1,94,18,113,78,8,86,199
11/18/2021,BAF,MA,ANE,EN,Federal Contract Tower,0,3,6,14,23,0,0,0,0,0,0,3,6,14,23,76,0,76,99
11/19/2021,BAF,MA,ANE,EN,Federal Contract Tower,0,2,10,7,19,0,32,2,0,34,0,34,12,7,53,16,0,16,69
11/20/2021,BAF,MA,ANE,EN,Federal Contract Tower,0,1,10,0,11,0,0,103,3,106,0,1,113,3,117,102,0,102,219
11/21/2021,BAF,MA,ANE,EN,Federal Contract Tower,0,2,2,0,4,0,0,68,0,68,0,2,70,0,72,68,0,68,140
11/22/2021,BAF,MA,ANE,EN,Federal Contract Tower,0,1,15,10,26,0,0,31,13,44,0,1,46,23,70,14,6,20,90
11/23/2021,BAF,MA,ANE,EN,Federal Contract Tower,0,12,12,11,35,0,0,50,11,61,0,12,62,22,96,66,0,66,162
11/24/2021,BAF,MA,ANE,EN,Federal Contract Tower,0,2,3,4,9,0,0,59,6,65,0,2,62,10,74,102,2,104,178
11/25/2021,BAF,MA,ANE,EN,Federal Contract Tower,0,0,5,2,7,0,0,10,1,11,0,0,15,3,18,6,0,6,24
11/26/2021,BAF,MA,ANE,EN,Federal Contract Tower,0,2,7,0,9,0,1,0,0,1,0,3,7,0,10,0,0,0,10
11/27/2021,BAF,MA,ANE,EN,Federal Contract Tower,0,2,5,0,7,0,0,15,0,15,0,2,20,0,22,6,0,6,28
11/28/2021,BAF,MA,ANE,EN,Federal Contract Tower,0,3,12,2,17,0,0,44,4,48,0,3,56,6,65,60,10,70,135
11/29/2021,BAF,MA,ANE,EN,Federal Contract Tower,0,6,9,2,17,0,0,21,8,29,0,6,30,10,46,26,12,38,84
11/30/2021,BAF,MA,ANE,EN,Federal Contract Tower,0,4,5,8,17,0,1,50,12,63,0,5,55,20,80,104,32,136,216
12/01/2021,BAF,MA,ANE,EN,Federal Contract Tower,0,0,5,17,22,0,0,59,6,65,0,0,64,23,87,38,28,66,153
12/02/2021,BAF,MA,ANE,EN,Federal Contract Tower,0,0,1,8,9,0,1,4,4,9,0,1,5,12,18,0,0,0,18
12/03/2021,BAF,MA,ANE,EN,Federal Contract Tower,0,1,8,4,13,0,0,7,4,11,0,1,15,8,24,36,6,42,66
12/04/2021,BAF,MA,ANE,EN,Federal Contract Tower,0,1,7,9,17,0,0,77,5,82,0,1,84,14,99,80,2,82,181
12/05/2021,BAF,MA,ANE,EN,Federal Contract Tower,0,2,14,0,16,0,1,70,1,72,0,3,84,1,88,106,0,106,194
12/06/2021,BAF,MA,ANE,EN,Federal Contract Tower,0,4,8,0,12,0,0,0,0,0,0,4,8,0,12,0,0,0,12
12/07/2021,BAF,MA,ANE,EN,Federal Contract Tower,0,0,9,9,18,0,0,49,22,71,0,0,58,31,89,44,20,64,153
12/08/2021,BAF,MA,ANE,EN,Federal Contract Tower,0,2,10,0,12,0,0,21,11,32,0,2,31,11,44,26,8,34,78
12/09/2021,BAF,MA,ANE,EN,Federal Contract Tower,0,5,2,8,15,0,1,17,6,24,0,6,19,14,39,46,4,50,89
12/10/2021,BAF,MA,ANE,EN,Federal Contract Tower,0,3,10,4,17,0,0,55,1,56,0,3,65,5,73,76,0,76,149
12/11/2021,BAF,MA,ANE,EN,Federal Contract Tower,0,0,3,0,3,0,0,0,0,0,0,0,3,0,3,0,0,0,3
12/12/2021,BAF,MA,ANE,EN,Federal Contract Tower,0,4,4,0,8,0,0,30,1,31,0,4,34,1,39,38,6,44,83
12/13/2021,BAF,MA,ANE,EN,Federal Contract Tower,0,6,8,7,21,0,1,38,19,58,0,7,46,26,79,58,20,78,157
12/14/2021,BAF,MA,ANE,EN,Federal Contract Tower,0,4,10,11,25,0,6,83,22,111,0,10,93,33,136,128,30,158,294
12/15/2021,BAF,MA,ANE,EN,Federal Contract Tower,0,1,8,6,15,0,2,45,9,56,0,3,53,15,71,98,0,98,169
12/16/2021,BAF,MA,ANE,EN,Federal Contract Tower,0,3,7,8,18,0,0,28,5,33,0,3,35,13,51,52,8,60,111
12/17/2021,BAF,MA,ANE,EN,Federal Contract Tower,0,4,8,0,12,0,0,28,0,28,0,4,36,0,40,32,0,32,72
12/18/2021,BAF,MA,ANE,EN,Federal Contract Tower,0,0,0,2,2,0,0,5,1,6,0,0,5,3,8,0,4,4,12
12/19/2021,BAF,MA,ANE,EN,Federal Contract Tower,0,0,2,0,2,0,2,17,1,20,0,2,19,1,22,26,0,26,48
12/20/2021,BAF,MA,ANE,EN,Federal Contract Tower,0,4,7,10,21,0,0,51,28,79,0,4,58,38,100,52,28,80,180
12/21/2021,BAF,MA,ANE,EN,Federal Contract Tower,0,5,8,10,23,0,0,85,74,159,0,5,93,84,182,128,26,154,336
12/22/2021,BAF,MA,ANE,EN,Federal Contract Tower,0,2,9,0,11,0,0,9,7,16,0,2,18,7,27,4,6,10,37
12/23/2021,BAF,MA,ANE,EN,Federal Contract Tower,0,3,3,0,6,0,0,32,6,38,0,3,35,6,44,34,0,34,78
12/24/2021,BAF,MA,ANE,EN,Federal Contract Tower,0,0,1,0,1,0,0,2,0,2,0,0,3,0,3,38,0,38,41
12/25/2021,BAF,MA,ANE,EN,Federal Contract Tower,0,0,0,0,0,0,0,0,0,0,0,0,0,0,0,0,0,0,0
12/26/2021,BAF,MA,ANE,EN,Federal Contract Tower,0,0,0,0,0,0,0,19,0,19,0,0,19,0,19,30,0,30,49
12/27/2021,BAF,MA,ANE,EN,Federal Contract Tower,0,1,3,0,4,0,0,59,0,59,0,1,62,0,63,108,0,108,171
12/28/2021,BAF,MA,ANE,EN,Federal Contract Tower,0,0,18,4,22,0,0,35,3,38,0,0,53,7,60,26,0,26,86
12/29/2021,BAF,MA,ANE,EN,Federal Contract Tower,0,1,3,0,4,0,0,0,0,0,0,1,3,0,4,0,0,0,4
12/30/2021,BAF,MA,ANE,EN,Federal Contract Tower,0,0,8,2,10,0,0,2,0,2,0,0,10,2,12,2,0,2,14
12/31/2021,BAF,MA,ANE,EN,Federal Contract Tower,0,1,6,0,7,0,0,0,0,0,0,1,6,0,7,0,0,0,7
01/01/2022,BAF,MA,ANE,EN,Federal Contract Tower,0,0,3,0,3,0,0,0,0,0,0,0,3,0,3,0,0,0,3
01/02/2022,BAF,MA,ANE,EN,Federal Contract Tower,0,2,2,0,4,0,0,2,0,2,0,2,4,0,6,6,0,6,12
01/03/2022,BAF,MA,ANE,EN,Federal Contract Tower,0,2,2,2,6,0,2,34,0,36,0,4,36,2,42,34,0,34,76
01/04/2022,BAF,MA,ANE,EN,Federal Contract Tower,0,1,10,5,16,0,3,82,7,92,0,4,92,12,108,128,0,128,236
01/05/2022,BAF,MA,ANE,EN,Federal Contract Tower,0,0,1,2,3,0,0,0,0,0,0,0,1,2,3,0,0,0,3
01/06/2022,BAF,MA,ANE,EN,Federal Contract Tower,0,0,9,2,11,0,0,41,8,49,0,0,50,10,60,30,0,30,90
01/07/2022,BAF,MA,ANE,EN,Federal Contract Tower,0,2,1,2,5,0,0,1,0,1,0,2,2,2,6,0,0,0,6
01/08/2022,BAF,MA,ANE,EN,Federal Contract Tower,0,2,3,0,5,0,0,72,7,79,0,2,75,7,84,98,0,98,182
01/09/2022,BAF,MA,ANE,EN,Federal Contract Tower,0,2,2,0,4,0,0,0,0,0,0,2,2,0,4,0,0,0,4
01/10/2022,BAF,MA,ANE,EN,Federal Contract Tower,0,7,4,2,13,0,4,15,3,22,0,11,19,5,35,44,12,56,91
01/11/2022,BAF,MA,ANE,EN,Federal Contract Tower,0,2,5,3,10,0,4,24,9,37,0,6,29,12,47,40,12,52,99
01/12/2022,BAF,MA,ANE,EN,Federal Contract Tower,0,3,6,4,13,0,1,37,6,44,0,4,43,10,57,78,18,96,153
01/13/2022,BAF,MA,ANE,EN,Federal Contract Tower,0,4,5,6,15,0,0,46,2,48,0,4,51,8,63,68,0,68,131
01/14/2022,BAF,MA,ANE,EN,Federal Contract Tower,0,2,3,3,8,0,0,20,1,21,0,2,23,4,29,36,0,36,65
01/15/2022,BAF,MA,ANE,EN,Federal Contract Tower,0,0,1,0,1,0,0,20,0,20,0,0,21,0,21,14,0,14,35
01/16/2022,BAF,MA,ANE,EN,Federal Contract Tower,0,2,7,2,11,0,1,50,1,52,0,3,57,3,63,54,0,54,117
01/17/2022,BAF,MA,ANE,EN,Federal Contract Tower,0,1,2,0,3,0,0,0,0,0,0,1,2,0,3,0,0,0,3
01/18/2022,BAF,MA,ANE,EN,Federal Contract Tower,2,0,5,3,10,0,2,15,6,23,2,2,20,9,33,24,8,32,65
01/19/2022,BAF,MA,ANE,EN,Federal Contract Tower,0,2,10,12,24,0,0,36,8,44,0,2,46,20,68,54,28,82,150
01/20/2022,BAF,MA,ANE,EN,Federal Contract Tower,0,0,5,3,8,0,0,30,11,41,0,0,35,14,49,50,40,90,139
01/21/2022,BAF,MA,ANE,EN,Federal Contract Tower,0,5,8,6,19,0,0,47,3,50,0,5,55,9,69,70,8,78,147
01/22/2022,BAF,MA,ANE,EN,Federal Contract Tower,0,2,7,1,10,0,0,72,2,74,0,2,79,3,84,84,0,84,168
01/23/2022,BAF,MA,ANE,EN,Federal Contract Tower,0,2,5,0,7,0,0,74,0,74,0,2,79,0,81,74,0,74,155
01/24/2022,BAF,MA,ANE,EN,Federal Contract Tower,0,2,4,0,6,0,3,45,3,51,0,5,49,3,57,58,0,58,115
01/25/2022,BAF,MA,ANE,EN,Federal Contract Tower,0,3,4,10,17,0,0,48,2,50,0,3,52,12,67,60,0,60,127
01/26/2022,BAF,MA,ANE,EN,Federal Contract Tower,0,5,5,14,24,0,1,33,5,39,0,6,38,19,63,52,32,84,147
01/27/2022,BAF,MA,ANE,EN,Federal Contract Tower,0,2,2,12,16,0,0,43,4,47,0,2,45,16,63,52,0,52,115
01/28/2022,BAF,MA,ANE,EN,Federal Contract Tower,2,1,6,3,12,0,0,36,3,39,2,1,42,6,51,78,0,78,129
01/29/2022,BAF,MA,ANE,EN,Federal Contract Tower,0,0,0,0,0,0,0,0,0,0,0,0,0,0,0,0,0,0,0
01/30/2022,BAF,MA,ANE,EN,Federal Contract Tower,0,3,4,0,7,0,4,36,2,42,0,7,40,2,49,54,2,56,105
01/31/2022,BAF,MA,ANE,EN,Federal Contract Tower,0,7,3,12,22,0,0,40,23,63,0,7,43,35,85,36,22,58,143
02/01/2022,BAF,MA,ANE,EN,Federal Contract Tower,0,5,4,14,23,0,1,56,10,67,0,6,60,24,90,180,14,194,284
02/02/2022,BAF,MA,ANE,EN,Federal Contract Tower,0,3,6,14,23,0,1,20,8,29,0,4,26,22,52,48,22,70,122
02/03/2022,BAF,MA,ANE,EN,Federal Contract Tower,0,4,2,0,6,0,0,0,0,0,0,4,2,0,6,0,0,0,6
02/04/2022,BAF,MA,ANE,EN,Federal Contract Tower,0,0,1,0,1,0,0,0,0,0,0,0,1,0,1,0,0,0,1
02/05/2022,BAF,MA,ANE,EN,Federal Contract Tower,0,0,1,7,8,0,0,27,24,51,0,0,28,31,59,2,10,12,71
02/06/2022,BAF,MA,ANE,EN,Federal Contract Tower,0,0,9,0,9,0,2,101,0,103,0,2,110,0,112,50,0,50,162
02/07/2022,BAF,MA,ANE,EN,Federal Contract Tower,0,10,6,0,16,0,0,0,0,0,0,10,6,0,16,0,0,0,16
02/08/2022,BAF,MA,ANE,EN,Federal Contract Tower,0,2,2,14,18,0,0,33,13,46,0,2,35,27,64,56,8,64,128
02/09/2022,BAF,MA,ANE,EN,Federal Contract Tower,0,3,10,14,27,0,2,90,11,103,0,5,100,25,130,118,16,134,264
02/10/2022,BAF,MA,ANE,EN,Federal Contract Tower,1,5,6,9,21,0,0,47,1,48,1,5,53,10,69,64,0,64,133
02/11/2022,BAF,MA,ANE,EN,Federal Contract Tower,0,2,4,7,13,0,0,68,0,68,0,2,72,7,81,104,0,104,185
02/12/2022,BAF,MA,ANE,EN,Federal Contract Tower,1,0,0,0,1,0,0,59,0,59,1,0,59,0,60,74,0,74,134
02/13/2022,BAF,MA,ANE,EN,Federal Contract Tower,0,2,1,0,3,0,0,3,0,3,0,2,4,0,6,12,0,12,18
02/14/2022,BAF,MA,ANE,EN,Federal Contract Tower,0,0,4,4,8,0,4,11,7,22,0,4,15,11,30,2,8,10,40
02/15/2022,BAF,MA,ANE,EN,Federal Contract Tower,0,3,7,16,26,0,2,71,13,86,0,5,78,29,112,86,30,116,228
02/16/2022,BAF,MA,ANE,EN,Federal Contract Tower,0,0,7,12,19,0,2,30,13,45,0,2,37,25,64,40,24,64,128
02/17/2022,BAF,MA,ANE,EN,Federal Contract Tower,0,5,6,19,30,0,0,24,8,32,0,5,30,27,62,14,28,42,104
02/18/2022,BAF,MA,ANE,EN,Federal Contract Tower,0,5,3,3,11,0,1,2,1,4,0,6,5,4,15,2,2,4,19
02/19/2022,BAF,MA,ANE,EN,Federal Contract Tower,2,1,4,0,7,0,0,38,0,38,2,1,42,0,45,48,0,48,93
02/20/2022,BAF,MA,ANE,EN,Federal Contract Tower,0,5,14,1,20,0,0,121,3,124,0,5,135,4,144,118,0,118,262
02/21/2022,BAF,MA,ANE,EN,Federal Contract Tower,0,3,11,2,16,0,2,108,4,114,0,5,119,6,130,102,0,102,232
02/22/2022,BAF,MA,ANE,EN,Federal Contract Tower,0,3,7,14,24,0,0,4,0,4,0,3,11,14,28,2,0,2,30
02/23/2022,BAF,MA,ANE,EN,Federal Contract Tower,1,3,6,12,22,0,2,30,7,39,1,5,36,19,61,26,0,26,87
02/24/2022,BAF,MA,ANE,EN,Federal Contract Tower,2,7,11,16,36,0,2,69,8,79,2,9,80,24,115,108,2,110,225
02/25/2022,BAF,MA,ANE,EN,Federal Contract Tower,0,0,1,0,1,0,0,0,0,0,0,0,1,0,1,0,0,0,1
02/26/2022,BAF,MA,ANE,EN,Federal Contract Tower,2,2,8,0,12,0,1,60,0,61,2,3,68,0,73,92,0,92,165
02/27/2022,BAF,MA,ANE,EN,Federal Contract Tower,0,2,2,0,4,0,0,24,0,24,0,2,26,0,28,12,0,12,40
02/28/2022,BAF,MA,ANE,EN,Federal Contract Tower,0,7,4,0,11,0,2,42,9,53,0,9,46,9,64,98,12,110,174
03/01/2022,BAF,MA,ANE,EN,Federal Contract Tower,0,2,5,17,24,0,3,40,2,45,0,5,45,19,69,52,18,70,139
03/02/2022,BAF,MA,ANE,EN,Federal Contract Tower,0,2,11,9,22,0,0,68,10,78,0,2,79,19,100,108,6,114,214
03/03/2022,BAF,MA,ANE,EN,Federal Contract Tower,0,0,4,14,18,0,0,35,9,44,0,0,39,23,62,46,0,46,108
03/04/2022,BAF,MA,ANE,EN,Federal Contract Tower,0,9,7,2,18,0,2,70,0,72,0,11,77,2,90,80,2,82,172
03/05/2022,BAF,MA,ANE,EN,Federal Contract Tower,0,2,6,0,8,0,2,82,2,86,0,4,88,2,94,76,0,76,170
03/06/2022,BAF,MA,ANE,EN,Federal Contract Tower,0,1,9,0,10,0,0,2,0,2,0,1,11,0,12,14,0,14,26
03/07/2022,BAF,MA,ANE,EN,Federal Contract Tower,0,1,5,0,6,0,1,6,1,8,0,2,11,1,14,10,0,10,24
03/08/2022,BAF,MA,ANE,EN,Federal Contract Tower,0,3,4,12,19,0,2,5,2,9,0,5,9,14,28,4,0,4,32
03/09/2022,BAF,MA,ANE,EN,Federal Contract Tower,0,3,5,5,13,0,0,11,0,11,0,3,16,5,24,20,0,20,44
03/10/2022,BAF,MA,ANE,EN,Federal Contract Tower,0,6,9,11,26,0,2,66,4,72,0,8,75,15,98,104,0,104,202
03/11/2022,BAF,MA,ANE,EN,Federal Contract Tower,0,3,3,7,13,0,0,73,0,73,0,3,76,7,86,92,0,92,178
03/12/2022,BAF,MA,ANE,EN,Federal Contract Tower,0,2,0,0,2,0,0,0,0,0,0,2,0,0,2,0,0,0,2
03/13/2022,BAF,MA,ANE,EN,Federal Contract Tower,0,5,7,0,12,0,0,1,0,1,0,5,8,0,13,0,0,0,13
03/14/2022,BAF,MA,ANE,EN,Federal Contract Tower,0,1,2,13,16,0,5,36,8,49,0,6,38,21,65,20,60,80,145
03/15/2022,BAF,MA,ANE,EN,Federal Contract Tower,0,2,7,17,26,0,3,93,10,106,0,5,100,27,132,64,26,90,222
03/16/2022,BAF,MA,ANE,EN,Federal Contract Tower,0,0,12,21,33,0,0,82,31,113,0,0,94,52,146,132,42,174,320
03/17/2022,BAF,MA,ANE,EN,Federal Contract Tower,0,3,8,0,11,0,0,0,0,0,0,3,8,0,11,0,0,0,11
03/18/2022,BAF,MA,ANE,EN,Federal Contract Tower,0,0,7,8,15,0,3,77,0,80,0,3,84,8,95,116,0,116,211
03/19/2022,BAF,MA,ANE,EN,Federal Contract Tower,0,1,5,0,6,0,0,0,0,0,0,1,5,0,6,0,0,0,6
03/20/2022,BAF,MA,ANE,EN,Federal Contract Tower,2,7,17,1,27,0,0,58,1,59,2,7,75,2,86,88,0,88,174
03/21/2022,BAF,MA,ANE,EN,Federal Contract Tower,0,2,1,1,4,0,2,10,6,18,0,4,11,7,22,0,2,2,24
03/22/2022,BAF,MA,ANE,EN,Federal Contract Tower,0,4,4,21,29,0,3,43,6,52,0,7,47,27,81,60,0,60,141
03/23/2022,BAF,MA,ANE,EN,Federal Contract Tower,0,3,6,13,22,0,1,93,2,96,0,4,99,15,118,164,0,164,282
03/24/2022,BAF,MA,ANE,EN,Federal Contract Tower,0,1,5,14,20,0,0,0,0,0,0,1,5,14,20,0,0,0,20
03/25/2022,BAF,MA,ANE,EN,Federal Contract Tower,0,2,13,10,25,0,2,74,5,81,0,4,87,15,106,104,26,130,236
03/26/2022,BAF,MA,ANE,EN,Federal Contract Tower,0,0,4,1,5,0,0,47,4,51,0,0,51,5,56,58,22,80,136
03/27/2022,BAF,MA,ANE,EN,Federal Contract Tower,0,1,5,0,6,0,0,4,3,7,0,1,9,3,13,0,0,0,13
03/28/2022,BAF,MA,ANE,EN,Federal Contract Tower,0,0,0,1,1,0,0,0,1,1,0,0,0,2,2,0,0,0,2
03/29/2022,BAF,MA,ANE,EN,Federal Contract Tower,0,0,4,17,21,0,2,13,11,26,0,2,17,28,47,6,12,18,65
03/30/2022,BAF,MA,ANE,EN,Federal Contract Tower,0,2,5,20,27,0,0,104,4,108,0,2,109,24,135,138,0,138,273
03/31/2022,BAF,MA,ANE,EN,Federal Contract Tower,0,0,3,6,9,0,0,2,0,2,0,0,5,6,11,0,0,0,11
04/01/2022,BAF,MA,ANE,EN,Federal Contract Tower,0,2,9,5,16,0,0,9,3,12,0,2,18,8,28,2,0,2,30
04/02/2022,BAF,MA,ANE,EN,Federal Contract Tower,0,0,1,15,16,0,0,41,1,42,0,0,42,16,58,34,0,34,92
04/03/2022,BAF,MA,ANE,EN,Federal Contract Tower,0,1,8,0,9,0,0,28,0,28,0,1,36,0,37,46,0,46,83
04/04/2022,BAF,MA,ANE,EN,Federal Contract Tower,0,4,7,0,11,0,0,27,10,37,0,4,34,10,48,20,22,42,90
04/05/2022,BAF,MA,ANE,EN,Federal Contract Tower,0,1,11,16,28,0,2,108,5,115,0,3,119,21,143,134,8,142,285
04/06/2022,BAF,MA,ANE,EN,Federal Contract Tower,0,2,11,0,13,0,0,0,0,0,0,2,11,0,13,0,0,0,13
04/07/2022,BAF,MA,ANE,EN,Federal Contract Tower,0,0,3,8,11,0,0,0,0,0,0,0,3,8,11,0,0,0,11
04/08/2022,BAF,MA,ANE,EN,Federal Contract Tower,0,1,9,1,11,0,0,22,6,28,0,1,31,7,39,36,20,56,95
04/09/2022,BAF,MA,ANE,EN,Federal Contract Tower,0,2,8,4,14,0,0,0,0,0,0,2,8,4,14,0,0,0,14
04/10/2022,BAF,MA,ANE,EN,Federal Contract Tower,0,1,7,0,8,0,4,43,2,49,0,5,50,2,57,52,0,52,109
04/11/2022,BAF,MA,ANE,EN,Federal Contract Tower,0,2,3,0,5,0,6,93,3,102,0,8,96,3,107,128,0,128,235
04/12/2022,BAF,MA,ANE,EN,Federal Contract Tower,0,0,9,14,23,0,0,43,0,43,0,0,52,14,66,124,0,124,190
04/13/2022,BAF,MA,ANE,EN,Federal Contract Tower,0,5,15,9,29,0,0,89,3,92,0,5,104,12,121,140,12,152,273
04/14/2022,BAF,MA,ANE,EN,Federal Contract Tower,0,4,1,6,11,0,2,20,2,24,0,6,21,8,35,60,0,60,95
04/15/2022,BAF,MA,ANE,EN,Federal Contract Tower,0,0,5,5,10,0,2,62,2,66,0,2,67,7,76,38,8,46,122
04/16/2022,BAF,MA,ANE,EN,Federal Contract Tower,0,1,2,0,3,0,0,21,0,21,0,1,23,0,24,28,0,28,52
04/17/2022,BAF,MA,ANE,EN,Federal Contract Tower,0,3,4,0,7,0,1,16,0,17,0,4,20,0,24,0,0,0,24
04/18/2022,BAF,MA,ANE,EN,Federal Contract Tower,0,3,10,0,13,0,2,64,0,66,0,5,74,0,79,94,0,94,173
04/19/2022,BAF,MA,ANE,EN,Federal Contract Tower,0,0,6,9,15,0,0,3,4,7,0,0,9,13,22,0,0,0,22
04/20/2022,BAF,MA,ANE,EN,Federal Contract Tower,0,0,7,6,13,0,4,20,6,30,0,4,27,12,43,28,4,32,75
04/21/2022,BAF,MA,ANE,EN,Federal Contract Tower,0,7,4,12,23,0,0,45,4,49,0,7,49,16,72,66,0,66,138
04/22/2022,BAF,MA,ANE,EN,Federal Contract Tower,0,7,4,4,15,0,0,60,1,61,0,7,64,5,76,32,0,32,108
04/23/2022,BAF,MA,ANE,EN,Federal Contract Tower,0,1,14,1,16,0,1,106,9,116,0,2,120,10,132,122,0,122,254
04/24/2022,BAF,MA,ANE,EN,Federal Contract Tower,0,0,9,0,9,0,0,82,0,82,0,0,91,0,91,112,0,112,203
04/25/2022,BAF,MA,ANE,EN,Federal Contract Tower,0,2,14,0,16,0,5,52,2,59,0,7,66,2,75,88,0,88,163
04/26/2022,BAF,MA,ANE,EN,Federal Contract Tower,0,3,10,8,21,0,2,4,2,8,0,5,14,10,29,32,14,46,75
04/27/2022,BAF,MA,ANE,EN,Federal Contract Tower,0,6,7,0,13,0,2,12,11,25,0,8,19,11,38,10,0,10,48
04/28/2022,BAF,MA,ANE,EN,Federal Contract Tower,0,5,7,15,27,0,1,13,6,20,0,6,20,21,47,4,0,4,51
04/29/2022,BAF,MA,ANE,EN,Federal Contract Tower,0,0,3,5,8,0,2,20,10,32,0,2,23,15,40,28,0,28,68
04/30/2022,BAF,MA,ANE,EN,Federal Contract Tower,0,2,11,0,13,0,0,56,0,56,0,2,67,0,69,90,0,90,159
05/01/2022,BAF,MA,ANE,EN,Federal Contract Tower,0,5,13,0,18,0,2,143,0,145,0,7,156,0,163,160,0,160,323
05/02/2022,BAF,MA,ANE,EN,Federal Contract Tower,0,6,18,9,33,0,0,24,2,26,0,6,42,11,59,48,2,50,109
05/03/2022,BAF,MA,ANE,EN,Federal Contract Tower,0,3,24,13,40,0,0,17,1,18,0,3,41,14,58,72,0,72,130
05/04/2022,BAF,MA,ANE,EN,Federal Contract Tower,0,3,19,4,26,0,0,0,0,0,0,3,19,4,26,0,0,0,26
05/05/2022,BAF,MA,ANE,EN,Federal Contract Tower,0,3,10,4,17,0,2,86,1,89,0,5,96,5,106,122,0,122,228
05/06/2022,BAF,MA,ANE,EN,Federal Contract Tower,0,3,6,7,16,0,0,66,0,66,0,3,72,7,82,130,0,130,212
05/07/2022,BAF,MA,ANE,EN,Federal Contract Tower,0,1,7,0,8,0,0,11,0,11,0,1,18,0,19,0,0,0,19
05/08/2022,BAF,MA,ANE,EN,Federal Contract Tower,0,2,2,1,5,0,2,9,1,12,0,4,11,2,17,10,0,10,27
05/09/2022,BAF,MA,ANE,EN,Federal Contract Tower,0,4,12,0,16,0,2,19,1,22,0,6,31,1,38,18,0,18,56
05/10/2022,BAF,MA,ANE,EN,Federal Contract Tower,0,0,4,2,6,0,2,46,5,53,0,2,50,7,59,124,14,138,197
05/11/2022,BAF,MA,ANE,EN,Federal Contract Tower,0,2,4,1,7,0,0,49,7,56,0,2,53,8,63,82,2,84,147
05/12/2022,BAF,MA,ANE,EN,Federal Contract Tower,0,3,17,6,26,0,2,59,4,65,0,5,76,10,91,58,20,78,169
05/13/2022,BAF,MA,ANE,EN,Federal Contract Tower,0,1,5,1,7,0,0,29,0,29,0,1,34,1,36,42,0,42,78
05/14/2022,BAF,MA,ANE,EN,Federal Contract Tower,0,0,9,1,10,0,0,43,0,43,0,0,52,1,53,58,0,58,111
05/15/2022,BAF,MA,ANE,EN,Federal Contract Tower,0,1,7,1,9,0,0,23,0,23,0,1,30,1,32,26,0,26,58
05/16/2022,BAF,MA,ANE,EN,Federal Contract Tower,0,5,8,0,13,0,0,23,0,23,0,5,31,0,36,80,0,80,116
05/17/2022,BAF,MA,ANE,EN,Federal Contract Tower,0,3,3,0,6,0,4,15,11,30,0,7,18,11,36,4,0,4,40
05/18/2022,BAF,MA,ANE,EN,Federal Contract Tower,0,0,5,0,5,0,4,59,10,73,0,4,64,10,78,34,4,38,116
05/19/2022,BAF,MA,ANE,EN,Federal Contract Tower,0,1,3,2,6,0,0,0,0,0,0,1,3,2,6,0,0,0,6
05/20/2022,BAF,MA,ANE,EN,Federal Contract Tower,0,4,13,5,22,0,0,58,2,60,0,4,71,7,82,106,4,110,192
05/21/2022,BAF,MA,ANE,EN,Federal Contract Tower,0,0,14,4,18,0,0,48,0,48,0,0,62,4,66,32,0,32,98
05/22/2022,BAF,MA,ANE,EN,Federal Contract Tower,0,1,14,3,18,0,0,47,21,68,0,1,61,24,86,78,0,78,164
05/23/2022,BAF,MA,ANE,EN,Federal Contract Tower,0,3,18,2,23,0,7,75,4,86,0,10,93,6,109,52,0,52,161
05/24/2022,BAF,MA,ANE,EN,Federal Contract Tower,0,2,2,13,17,0,2,73,10,85,0,4,75,23,102,58,6,64,166
05/25/2022,BAF,MA,ANE,EN,Federal Contract Tower,0,3,13,15,31,0,4,104,3,111,0,7,117,18,142,142,4,146,288
05/26/2022,BAF,MA,ANE,EN,Federal Contract Tower,0,0,7,11,18,0,0,70,8,78,0,0,77,19,96,58,20,78,174
05/27/2022,BAF,MA,ANE,EN,Federal Contract Tower,0,0,9,2,11,0,0,2,0,2,0,0,11,2,13,22,0,22,35
05/28/2022,BAF,MA,ANE,EN,Federal Contract Tower,0,3,0,0,3,0,0,2,0,2,0,3,2,0,5,0,0,0,5
05/29/2022,BAF,MA,ANE,EN,Federal Contract Tower,0,3,10,0,13,0,3,96,4,103,0,6,106,4,116,180,0,180,296
05/30/2022,BAF,MA,ANE,EN,Federal Contract Tower,0,3,6,0,9,0,4,60,0,64,0,7,66,0,73,48,0,48,121
05/31/2022,BAF,MA,ANE,EN,Federal Contract Tower,0,3,5,12,20,0,1,31,9,41,0,4,36,21,61,24,20,44,105
06/01/2022,BAF,MA,ANE,EN,Federal Contract Tower,0,1,7,12,20,0,0,21,1,22,0,1,28,13,42,38,0,38,80
06/02/2022,BAF,MA,ANE,EN,Federal Contract Tower,0,1,7,15,23,0,0,17,4,21,0,1,24,19,44,32,0,32,76
06/03/2022,BAF,MA,ANE,EN,Federal Contract Tower,0,0,8,6,14,0,0,49,2,51,0,0,57,8,65,72,12,84,149
06/04/2022,BAF,MA,ANE,EN,Federal Contract Tower,0,2,12,0,14,0,0,77,0,77,0,2,89,0,91,96,0,96,187
06/05/2022,BAF,MA,ANE,EN,Federal Contract Tower,0,2,14,0,16,0,1,81,2,84,0,3,95,2,100,94,4,98,198
06/06/2022,BAF,MA,ANE,EN,Federal Contract Tower,0,0,16,0,16,0,6,77,6,89,0,6,93,6,105,144,0,144,249
06/07/2022,BAF,MA,ANE,EN,Federal Contract Tower,0,0,5,18,23,0,4,42,6,52,0,4,47,24,75,28,4,32,107
06/08/2022,BAF,MA,ANE,EN,Federal Contract Tower,0,2,12,13,27,0,2,41,2,45,0,4,53,15,72,56,4,60,132
06/09/2022,BAF,MA,ANE,EN,Federal Contract Tower,0,3,11,5,19,0,0,15,10,25,0,3,26,15,44,0,0,0,44
06/10/2022,BAF,MA,ANE,EN,Federal Contract Tower,0,1,8,5,14,0,8,70,6,84,0,9,78,11,98,112,2,114,212
06/11/2022,BAF,MA,ANE,EN,Federal Contract Tower,0,1,10,10,21,0,0,72,29,101,0,1,82,39,122,130,2,132,254
06/12/2022,BAF,MA,ANE,EN,Federal Contract Tower,0,1,10,0,11,0,8,46,10,64,0,9,56,10,75,80,0,80,155
06/13/2022,BAF,MA,ANE,EN,Federal Contract Tower,0,0,19,0,19,0,4,38,6,48,0,4,57,6,67,76,0,76,143
06/14/2022,BAF,MA,ANE,EN,Federal Contract Tower,0,1,8,12,21,0,4,80,4,88,0,5,88,16,109,160,18,178,287
06/15/2022,BAF,MA,ANE,EN,Federal Contract Tower,0,0,5,13,18,0,1,89,7,97,0,1,94,20,115,178,12,190,305
06/16/2022,BAF,MA,ANE,EN,Federal Contract Tower,0,3,9,9,21,0,0,33,5,38,0,3,42,14,59,36,0,36,95
06/17/2022,BAF,MA,ANE,EN,Federal Contract Tower,0,3,9,3,15,0,2,36,3,41,0,5,45,6,56,48,0,48,104
06/18/2022,BAF,MA,ANE,EN,Federal Contract Tower,0,1,6,1,8,0,0,8,2,10,0,1,14,3,18,2,0,2,20
06/19/2022,BAF,MA,ANE,EN,Federal Contract Tower,0,1,7,1,9,0,1,17,1,19,0,2,24,2,28,6,0,6,34
06/20/2022,BAF,MA,ANE,EN,Federal Contract Tower,0,3,17,2,22,0,2,70,0,72,0,5,87,2,94,64,0,64,158
06/21/2022,BAF,MA,ANE,EN,Federal Contract Tower,0,0,7,16,23,0,1,54,2,57,0,1,61,18,80,112,6,118,198
06/22/2022,BAF,MA,ANE,EN,Federal Contract Tower,0,3,11,18,32,0,0,17,0,17,0,3,28,18,49,44,0,44,93
06/23/2022,BAF,MA,ANE,EN,Federal Contract Tower,0,4,17,19,40,0,0,37,4,41,0,4,54,23,81,122,0,122,203
06/24/2022,BAF,MA,ANE,EN,Federal Contract Tower,0,1,9,7,17,0,2,59,0,61,0,3,68,7,78,84,6,90,168
06/25/2022,BAF,MA,ANE,EN,Federal Contract Tower,0,0,15,1,16,0,0,100,4,104,0,0,115,5,120,84,0,84,204
06/26/2022,BAF,MA,ANE,EN,Federal Contract Tower,0,0,15,0,15,0,2,77,3,82,0,2,92,3,97,118,0,118,215
06/27/2022,BAF,MA,ANE,EN,Federal Contract Tower,0,0,2,0,2,0,2,20,2,24,0,2,22,2,26,82,0,82,108
06/28/2022,BAF,MA,ANE,EN,Federal Contract Tower,0,1,18,13,32,0,0,85,11,96,0,1,103,24,128,110,4,114,242
06/29/2022,BAF,MA,ANE,EN,Federal Contract Tower,0,1,13,7,21,0,2,103,7,112,0,3,116,14,133,132,6,138,271
06/30/2022,BAF,MA,ANE,EN,Federal Contract Tower,0,0,8,5,13,0,2,63,7,72,0,2,71,12,85,162,0,162,247
07/01/2022,BAF,MA,ANE,EN,Federal Contract Tower,0,0,11,2,13,0,0,52,0,52,0,0,63,2,65,48,0,48,113
07/02/2022,BAF,MA,ANE,EN,Federal Contract Tower,0,1,8,5,14,0,0,16,0,16,0,1,24,5,30,54,0,54,84
07/03/2022,BAF,MA,ANE,EN,Federal Contract Tower,0,3,8,5,16,0,3,61,0,64,0,6,69,5,80,64,6,70,150
07/04/2022,BAF,MA,ANE,EN,Federal Contract Tower,0,1,6,1,8,0,2,46,4,52,0,3,52,5,60,52,4,56,116
07/05/2022,BAF,MA,ANE,EN,Federal Contract Tower,0,1,5,1,7,0,0,29,2,31,0,1,34,3,38,38,0,38,76
07/06/2022,BAF,MA,ANE,EN,Federal Contract Tower,0,0,12,6,18,0,0,55,14,69,0,0,67,20,87,108,0,108,195
07/07/2022,BAF,MA,ANE,EN,Federal Contract Tower,0,2,8,5,15,0,0,76,6,82,0,2,84,11,97,196,4,200,297
07/08/2022,BAF,MA,ANE,EN,Federal Contract Tower,0,2,23,1,26,0,2,68,1,71,0,4,91,2,97,98,0,98,195
07/09/2022,BAF,MA,ANE,EN,Federal Contract Tower,0,0,3,4,7,0,2,67,6,75,0,2,70,10,82,96,0,96,178
07/10/2022,BAF,MA,ANE,EN,Federal Contract Tower,0,2,9,4,15,0,2,98,5,105,0,4,107,9,120,78,0,78,198
07/11/2022,BAF,MA,ANE,EN,Federal Contract Tower,0,2,12,0,14,0,2,42,1,45,0,4,54,1,59,76,0,76,135
07/12/2022,BAF,MA,ANE,EN,Federal Contract Tower,0,0,9,13,22,0,0,22,6,28,0,0,31,19,50,82,0,82,132
07/13/2022,BAF,MA,ANE,EN,Federal Contract Tower,0,2,6,10,18,0,5,56,10,71,0,7,62,20,89,64,0,64,153
07/14/2022,BAF,MA,ANE,EN,Federal Contract Tower,0,4,13,12,29,0,3,61,7,71,0,7,74,19,100,124,2,126,226
07/15/2022,BAF,MA,ANE,EN,Federal Contract Tower,0,0,11,6,17,0,0,94,0,94,0,0,105,6,111,132,0,132,243
07/16/2022,BAF,MA,ANE,EN,Federal Contract Tower,0,0,10,4,14,0,0,64,1,65,0,0,74,5,79,90,0,90,169
07/17/2022,BAF,MA,ANE,EN,Federal Contract Tower,0,0,4,0,4,0,3,47,8,58,0,3,51,8,62,44,0,44,106
07/18/2022,BAF,MA,ANE,EN,Federal Contract Tower,0,3,3,0,6,0,0,0,0,0,0,3,3,0,6,0,0,0,6
07/19/2022,BAF,MA,ANE,EN,Federal Contract Tower,0,1,4,20,25,0,0,75,9,84,0,1,79,29,109,62,22,84,193
07/20/2022,BAF,MA,ANE,EN,Federal Contract Tower,0,2,7,15,24,0,2,83,8,93,0,4,90,23,117,74,2,76,193
07/21/2022,BAF,MA,ANE,EN,Federal Contract Tower,0,0,8,3,11,0,0,64,1,65,0,0,72,4,76,86,0,86,162
07/22/2022,BAF,MA,ANE,EN,Federal Contract Tower,0,0,5,5,10,0,2,64,14,80,0,2,69,19,90,76,4,80,170
07/23/2022,BAF,MA,ANE,EN,Federal Contract Tower,0,0,8,0,8,0,0,70,0,70,0,0,78,0,78,146,0,146,224
07/24/2022,BAF,MA,ANE,EN,Federal Contract Tower,0,1,5,0,6,0,1,44,0,45,0,2,49,0,51,98,0,98,149
07/25/2022,BAF,MA,ANE,EN,Federal Contract Tower,0,0,12,0,12,0,0,3,2,5,0,0,15,2,17,56,0,56,73
07/26/2022,BAF,MA,ANE,EN,Federal Contract Tower,0,3,14,13,30,0,0,91,16,107,0,3,105,29,137,80,6,86,223
07/27/2022,BAF,MA,ANE,EN,Federal Contract Tower,0,2,4,7,13,0,2,75,0,77,0,4,79,7,90,100,2,102,192
07/28/2022,BAF,MA,ANE,EN,Federal Contract Tower,0,2,9,1,12,0,0,46,8,54,0,2,55,9,66,88,18,106,172
07/29/2022,BAF,MA,ANE,EN,Federal Contract Tower,0,3,8,0,11,0,2,56,0,58,0,5,64,0,69,116,0,116,185
07/30/2022,BAF,MA,ANE,EN,Federal Contract Tower,0,3,2,0,5,0,0,53,1,54,0,3,55,1,59,70,0,70,129
07/31/2022,BAF,MA,ANE,EN,Federal Contract Tower,0,0,16,0,16,0,0,72,0,72,0,0,88,0,88,126,0,126,214
08/01/2022,BAF,MA,ANE,EN,Federal Contract Tower,0,1,12,7,20,0,4,47,2,53,0,5,59,9,73,160,6,166,239
08/02/2022,BAF,MA,ANE,EN,Federal Contract Tower,0,0,7,13,20,0,0,40,4,44,0,0,47,17,64,70,12,82,146
08/03/2022,BAF,MA,ANE,EN,Federal Contract Tower,0,5,7,0,12,0,3,84,6,93,0,8,91,6,105,114,6,120,225
08/04/2022,BAF,MA,ANE,EN,Federal Contract Tower,0,0,8,2,10,0,1,49,16,66,0,1,57,18,76,76,24,100,176
08/05/2022,BAF,MA,ANE,EN,Federal Contract Tower,0,0,6,0,6,0,2,51,4,57,0,2,57,4,63,106,0,106,169
08/06/2022,BAF,MA,ANE,EN,Federal Contract Tower,0,0,8,0,8,0,0,0,0,0,0,0,8,0,8,98,0,98,106
08/07/2022,BAF,MA,ANE,EN,Federal Contract Tower,0,0,13,6,19,0,0,41,2,43,0,0,54,8,62,40,0,40,102
08/08/2022,BAF,MA,ANE,EN,Federal Contract Tower,0,5,7,3,15,0,4,16,2,22,0,9,23,5,37,62,0,62,99
08/09/2022,BAF,MA,ANE,EN,Federal Contract Tower,0,4,4,0,8,0,0,44,1,45,0,4,48,1,53,92,0,92,145
08/10/2022,BAF,MA,ANE,EN,Federal Contract Tower,0,0,11,3,14,0,2,65,7,74,0,2,76,10,88,134,0,134,222
08/11/2022,BAF,MA,ANE,EN,Federal Contract Tower,0,0,9,7,16,0,0,68,4,72,0,0,77,11,88,148,0,148,236
08/12/2022,BAF,MA,ANE,EN,Federal Contract Tower,0,1,7,6,14,0,1,66,3,70,0,2,73,9,84,100,2,102,186
08/13/2022,BAF,MA,ANE,EN,Federal Contract Tower,0,0,3,4,7,0,0,81,2,83,0,0,84,6,90,142,0,142,232
08/14/2022,BAF,MA,ANE,EN,Federal Contract Tower,0,1,8,5,14,0,1,85,1,87,0,2,93,6,101,92,4,96,197
08/15/2022,BAF,MA,ANE,EN,Federal Contract Tower,0,3,8,5,16,0,0,65,13,78,0,3,73,18,94,56,0,56,150
08/16/2022,BAF,MA,ANE,EN,Federal Contract Tower,0,1,10,5,16,0,2,41,5,48,0,3,51,10,64,54,0,54,118
08/17/2022,BAF,MA,ANE,EN,Federal Contract Tower,0,2,2,7,11,0,0,29,7,36,0,2,31,14,47,52,8,60,107
08/19/2022,BAF,MA,ANE,EN,Federal Contract Tower,0,2,10,6,18,0,2,66,0,68,0,4,76,6,86,102,0,102,188
08/20/2022,BAF,MA,ANE,EN,Federal Contract Tower,0,0,6,4,10,0,2,57,11,70,0,2,63,15,80,70,0,70,150
08/21/2022,BAF,MA,ANE,EN,Federal Contract Tower,0,1,6,5,12,0,1,55,3,59,0,2,61,8,71,50,0,50,121
08/22/2022,BAF,MA,ANE,EN,Federal Contract Tower,0,0,9,5,14,0,0,5,9,14,0,0,14,14,28,0,36,36,64
08/23/2022,BAF,MA,ANE,EN,Federal Contract Tower,0,2,3,5,10,0,0,0,0,0,0,2,3,5,10,0,0,0,10
08/24/2022,BAF,MA,ANE,EN,Federal Contract Tower,0,3,10,4,17,0,0,86,5,91,0,3,96,9,108,158,0,158,266
08/25/2022,BAF,MA,ANE,EN,Federal Contract Tower,0,0,19,3,22,0,1,89,8,98,0,1,108,11,120,88,6,94,214
08/26/2022,BAF,MA,ANE,EN,Federal Contract Tower,0,0,5,4,9,0,0,31,0,31,0,0,36,4,40,54,0,54,94
08/27/2022,BAF,MA,ANE,EN,Federal Contract Tower,0,0,16,3,19,0,0,80,2,82,0,0,96,5,101,122,0,122,223
08/28/2022,BAF,MA,ANE,EN,Federal Contract Tower,0,2,23,5,30,0,1,38,1,40,0,3,61,6,70,94,0,94,164
08/29/2022,BAF,MA,ANE,EN,Federal Contract Tower,0,5,6,6,17,0,0,36,6,42,0,5,42,12,59,106,14,120,179
08/30/2022,BAF,MA,ANE,EN,Federal Contract Tower,0,7,8,13,28,0,0,59,11,70,0,7,67,24,98,62,6,68,166
08/31/2022,BAF,MA,ANE,EN,Federal Contract Tower,0,0,2,5,7,0,0,58,12,70,0,0,60,17,77,132,2,134,211
09/01/2022,BAF,MA,ANE,EN,Federal Contract Tower,0,0,2,3,5,0,0,87,9,96,0,0,89,12,101,94,12,106,207
09/02/2022,BAF,MA,ANE,EN,Federal Contract Tower,0,5,3,2,10,0,0,81,2,83,0,5,84,4,93,132,0,132,225
09/03/2022,BAF,MA,ANE,EN,Federal Contract Tower,0,1,10,4,15,0,6,91,5,102,0,7,101,9,117,86,0,86,203
09/04/2022,BAF,MA,ANE,EN,Federal Contract Tower,0,1,4,4,9,0,0,35,1,36,0,1,39,5,45,76,0,76,121
09/05/2022,BAF,MA,ANE,EN,Federal Contract Tower,0,4,3,1,8,0,0,0,0,0,0,4,3,1,8,0,0,0,8
09/06/2022,BAF,MA,ANE,EN,Federal Contract Tower,0,1,3,0,4,0,0,0,0,0,0,1,3,0,4,0,0,0,4
09/07/2022,BAF,MA,ANE,EN,Federal Contract Tower,0,5,8,14,27,0,0,39,6,45,0,5,47,20,72,70,0,70,142
09/08/2022,BAF,MA,ANE,EN,Federal Contract Tower,0,1,9,12,22,0,3,50,6,59,0,4,59,18,81,26,0,26,107
09/09/2022,BAF,MA,ANE,EN,Federal Contract Tower,0,1,10,5,16,0,1,74,2,77,0,2,84,7,93,128,0,128,221
09/10/2022,BAF,MA,ANE,EN,Federal Contract Tower,0,2,7,4,13,0,3,64,15,82,0,5,71,19,95,98,2,100,195
09/11/2022,BAF,MA,ANE,EN,Federal Contract Tower,0,3,9,1,13,0,4,42,2,48,0,7,51,3,61,76,10,86,147
09/12/2022,BAF,MA,ANE,EN,Federal Contract Tower,0,1,8,4,13,0,3,34,3,40,0,4,42,7,53,44,6,50,103
09/13/2022,BAF,MA,ANE,EN,Federal Contract Tower,0,1,8,12,21,0,0,0,3,3,0,1,8,15,24,0,6,6,30
09/14/2022,BAF,MA,ANE,EN,Federal Contract Tower,0,2,9,11,22,0,2,58,6,66,0,4,67,17,88,78,14,92,180
09/15/2022,BAF,MA,ANE,EN,Federal Contract Tower,0,0,7,12,19,0,1,63,8,72,0,1,70,20,91,84,28,112,203
09/16/2022,BAF,MA,ANE,EN,Federal Contract Tower,0,2,10,0,12,0,3,65,0,68,0,5,75,0,80,90,0,90,170
09/17/2022,BAF,MA,ANE,EN,Federal Contract Tower,0,1,10,1,12,0,1,80,3,84,0,2,90,4,96,104,0,104,200
09/18/2022,BAF,MA,ANE,EN,Federal Contract Tower,0,3,10,0,13,0,4,77,5,86,0,7,87,5,99,98,0,98,197
09/19/2022,BAF,MA,ANE,EN,Federal Contract Tower,0,1,10,3,14,0,2,16,8,26,0,3,26,11,40,22,38,60,100
09/20/2022,BAF,MA,ANE,EN,Federal Contract Tower,0,0,14,7,21,0,0,54,7,61,0,0,68,14,82,124,0,124,206
09/21/2022,BAF,MA,ANE,EN,Federal Contract Tower,0,0,16,14,30,0,2,78,8,88,0,2,94,22,118,136,8,144,262
09/22/2022,BAF,MA,ANE,EN,Federal Contract Tower,0,2,4,11,17,0,4,6,7,17,0,6,10,18,34,4,2,6,40
09/23/2022,BAF,MA,ANE,EN,Federal Contract Tower,0,5,8,0,13,0,3,9,0,12,0,8,17,0,25,14,0,14,39
09/24/2022,BAF,MA,ANE,EN,Federal Contract Tower,0,1,6,3,10,0,1,62,3,66,0,2,68,6,76,24,0,24,100
09/25/2022,BAF,MA,ANE,EN,Federal Contract Tower,0,3,9,7,19,0,4,83,11,98,0,7,92,18,117,62,16,78,195
09/26/2022,BAF,MA,ANE,EN,Federal Contract Tower,0,2,9,1,12,0,2,24,3,29,0,4,33,4,41,80,0,80,121
09/27/2022,BAF,MA,ANE,EN,Federal Contract Tower,0,1,5,11,17,0,2,87,11,100,0,3,92,22,117,142,20,162,279
09/28/2022,BAF,MA,ANE,EN,Federal Contract Tower,0,0,14,4,18,0,1,70,8,79,0,1,84,12,97,108,16,124,221
09/29/2022,BAF,MA,ANE,EN,Federal Contract Tower,0,2,13,3,18,0,0,60,13,73,0,2,73,16,91,96,4,100,191
09/30/2022,BAF,MA,ANE,EN,Federal Contract Tower,0,3,12,9,24,0,5,75,5,85,0,8,87,14,109,147,28,175,284
10/01/2022,BAF,MA,ANE,EN,Federal Contract Tower,1,0,7,0,8,0,0,34,0,34,1,0,41,0,42,90,0,90,132
10/02/2022,BAF,MA,ANE,EN,Federal Contract Tower,0,1,3,0,4,0,2,4,0,6,0,3,7,0,10,36,0,36,46
10/03/2022,BAF,MA,ANE,EN,Federal Contract Tower,0,0,6,0,6,0,4,41,6,51,0,4,47,6,57,90,0,90,147
10/04/2022,BAF,MA,ANE,EN,Federal Contract Tower,0,1,6,9,16,0,0,5,2,7,0,1,11,11,23,16,0,16,39
10/05/2022,BAF,MA,ANE,EN,Federal Contract Tower,0,2,5,9,16,0,0,4,0,4,0,2,9,9,20,8,0,8,28
10/06/2022,BAF,MA,ANE,EN,Federal Contract Tower,0,3,11,7,21,0,2,59,5,66,0,5,70,12,87,96,4,100,187
10/07/2022,BAF,MA,ANE,EN,Federal Contract Tower,0,3,5,0,8,0,0,48,3,51,0,3,53,3,59,62,0,62,121
10/08/2022,BAF,MA,ANE,EN,Federal Contract Tower,0,1,12,0,13,0,3,48,0,51,0,4,60,0,64,82,0,82,146
10/09/2022,BAF,MA,ANE,EN,Federal Contract Tower,0,2,14,0,16,0,2,77,0,79,0,4,91,0,95,112,0,112,207
10/10/2022,BAF,MA,ANE,EN,Federal Contract Tower,0,0,1,11,12,0,2,64,0,66,0,2,65,11,78,66,0,66,144
10/11/2022,BAF,MA,ANE,EN,Federal Contract Tower,0,3,5,10,18,0,2,87,8,97,0,5,92,18,115,126,0,126,241
10/12/2022,BAF,MA,ANE,EN,Federal Contract Tower,0,1,6,11,18,0,0,68,10,78,0,1,74,21,96,80,4,84,180
10/13/2022,BAF,MA,ANE,EN,Federal Contract Tower,0,7,6,11,24,0,0,2,2,4,0,7,8,13,28,16,0,16,44
10/14/2022,BAF,MA,ANE,EN,Federal Contract Tower,0,2,14,2,18,0,0,24,0,24,0,2,38,2,42,124,0,124,166
10/15/2022,BAF,MA,ANE,EN,Federal Contract Tower,0,3,4,0,7,0,0,94,0,94,0,3,98,0,101,74,0,74,175
10/16/2022,BAF,MA,ANE,EN,Federal Contract Tower,0,2,6,0,8,0,1,61,6,68,0,3,67,6,76,112,0,112,188
10/17/2022,BAF,MA,ANE,EN,Federal Contract Tower,0,6,9,2,17,0,0,0,2,2,0,6,9,4,19,0,0,0,19
10/18/2022,BAF,MA,ANE,EN,Federal Contract Tower,0,2,3,14,19,0,1,62,4,67,0,3,65,18,86,88,4,92,178
10/19/2022,BAF,MA,ANE,EN,Federal Contract Tower,0,1,7,13,21,0,2,59,3,64,0,3,66,16,85,78,0,78,163
10/20/2022,BAF,MA,ANE,EN,Federal Contract Tower,0,3,7,4,14,0,0,57,7,64,0,3,64,11,78,70,0,70,148
10/21/2022,BAF,MA,ANE,EN,Federal Contract Tower,0,2,6,2,10,0,0,78,14,92,0,2,84,16,102,120,24,144,246
10/22/2022,BAF,MA,ANE,EN,Federal Contract Tower,0,3,8,0,11,0,0,110,0,110,0,3,118,0,121,154,0,154,275
10/23/2022,BAF,MA,ANE,EN,Federal Contract Tower,0,3,4,0,7,0,0,64,2,66,0,3,68,2,73,130,6,136,209
10/24/2022,BAF,MA,ANE,EN,Federal Contract Tower,0,1,5,2,8,0,0,0,0,0,0,1,5,2,8,0,0,0,8
10/25/2022,BAF,MA,ANE,EN,Federal Contract Tower,0,0,5,2,7,0,0,0,0,0,0,0,5,2,7,0,0,0,7
10/26/2022,BAF,MA,ANE,EN,Federal Contract Tower,0,3,3,12,18,0,0,0,1,1,0,3,3,13,19,0,2,2,21
10/27/2022,BAF,MA,ANE,EN,Federal Contract Tower,0,3,9,8,20,0,5,59,10,74,0,8,68,18,94,104,6,110,204
10/28/2022,BAF,MA,ANE,EN,Federal Contract Tower,1,2,11,5,19,0,0,58,4,62,1,2,69,9,81,128,0,128,209
10/30/2022,BAF,MA,ANE,EN,Federal Contract Tower,0,0,10,0,10,0,6,107,1,114,0,6,117,1,124,158,0,158,282
10/31/2022,BAF,MA,ANE,EN,Federal Contract Tower,0,0,4,1,5,0,6,45,8,59,0,6,49,9,64,72,0,72,136
11/01/2022,BAF,MA,ANE,EN,Federal Contract Tower,0,0,4,14,18,0,0,8,2,10,0,0,12,16,28,40,0,40,68
11/02/2022,BAF,MA,ANE,EN,Federal Contract Tower,0,0,20,8,28,0,0,97,9,106,0,0,117,17,134,144,4,148,282
11/03/2022,BAF,MA,ANE,EN,Federal Contract Tower,0,2,5,0,7,0,4,71,0,75,0,6,76,0,82,104,0,104,186
11/04/2022,BAF,MA,ANE,EN,Federal Contract Tower,0,3,7,9,19,0,1,51,7,59,0,4,58,16,78,102,14,116,194
11/05/2022,BAF,MA,ANE,EN,Federal Contract Tower,0,0,7,8,15,0,0,41,1,42,0,0,48,9,57,46,0,46,103
11/06/2022,BAF,MA,ANE,EN,Federal Contract Tower,0,0,10,7,17,0,4,22,5,31,0,4,32,12,48,32,6,38,86
11/07/2022,BAF,MA,ANE,EN,Federal Contract Tower,0,1,9,0,10,0,0,37,9,46,0,1,46,9,56,28,8,36,92
11/08/2022,BAF,MA,ANE,EN,Federal Contract Tower,0,0,9,18,27,0,0,41,12,53,0,0,50,30,80,30,8,38,118
11/09/2022,BAF,MA,ANE,EN,Federal Contract Tower,0,2,11,13,26,0,0,93,18,111,0,2,104,31,137,96,0,96,233
11/10/2022,BAF,MA,ANE,EN,Federal Contract Tower,1,4,9,9,23,0,0,51,0,51,1,4,60,9,74,46,0,46,120
11/11/2022,BAF,MA,ANE,EN,Federal Contract Tower,1,2,5,1,9,0,0,32,0,32,1,2,37,1,41,48,0,48,89
11/12/2022,BAF,MA,ANE,EN,Federal Contract Tower,0,0,1,0,1,0,2,8,0,10,0,2,9,0,11,6,0,6,17
11/13/2022,BAF,MA,ANE,EN,Federal Contract Tower,0,0,7,1,8,0,0,15,0,15,0,0,22,1,23,82,0,82,105
11/14/2022,BAF,MA,ANE,EN,Federal Contract Tower,0,1,8,1,10,0,1,27,17,45,0,2,35,18,55,46,2,48,103
11/15/2022,BAF,MA,ANE,EN,Federal Contract Tower,0,3,8,15,26,0,2,59,11,72,0,5,67,26,98,76,12,88,186
11/16/2022,BAF,MA,ANE,EN,Federal Contract Tower,0,1,8,9,18,0,0,4,5,9,0,1,12,14,27,20,0,20,47
11/17/2022,BAF,MA,ANE,EN,Federal Contract Tower,0,1,6,15,22,0,0,41,10,51,0,1,47,25,73,32,0,32,105
11/18/2022,BAF,MA,ANE,EN,Federal Contract Tower,1,0,2,6,9,0,0,43,5,48,1,0,45,11,57,70,0,70,127
11/19/2022,BAF,MA,ANE,EN,Federal Contract Tower,2,2,28,0,32,0,2,100,0,102,2,4,128,0,134,96,0,96,230
11/20/2022,BAF,MA,ANE,EN,Federal Contract Tower,0,1,3,0,4,0,0,0,0,0,0,1,3,0,4,0,0,0,4
11/21/2022,BAF,MA,ANE,EN,Federal Contract Tower,0,5,13,12,30,0,2,26,10,38,0,7,39,22,68,86,10,96,164
11/22/2022,BAF,MA,ANE,EN,Federal Contract Tower,0,2,10,12,24,0,2,118,8,128,0,4,128,20,152,122,16,138,290
11/23/2022,BAF,MA,ANE,EN,Federal Contract Tower,0,0,9,0,9,0,4,110,0,114,0,4,119,0,123,140,4,144,267
11/24/2022,BAF,MA,ANE,EN,Federal Contract Tower,0,0,2,0,2,0,4,15,0,19,0,4,17,0,21,12,0,12,33
11/25/2022,BAF,MA,ANE,EN,Federal Contract Tower,0,0,6,0,6,0,0,7,0,7,0,0,13,0,13,38,0,38,51
11/26/2022,BAF,MA,ANE,EN,Federal Contract Tower,0,2,3,0,5,0,2,45,3,50,0,4,48,3,55,68,2,70,125
11/27/2022,BAF,MA,ANE,EN,Federal Contract Tower,0,1,7,0,8,0,0,44,0,44,0,1,51,0,52,66,0,66,118
11/28/2022,BAF,MA,ANE,EN,Federal Contract Tower,0,0,6,3,9,0,4,29,7,40,0,4,35,10,49,34,0,34,83
11/29/2022,BAF,MA,ANE,EN,Federal Contract Tower,0,0,2,6,8,0,2,119,21,142,0,2,121,27,150,166,32,198,348
11/30/2022,BAF,MA,ANE,EN,Federal Contract Tower,0,0,4,8,12,0,0,0,0,0,0,0,4,8,12,0,0,0,12
12/01/2022,BAF,MA,ANE,EN,Federal Contract Tower,0,1,7,14,22,0,2,2,2,6,0,3,9,16,28,0,0,0,28
12/02/2022,BAF,MA,ANE,EN,Federal Contract Tower,0,1,3,2,6,0,1,54,4,59,0,2,57,6,65,162,14,176,241
12/03/2022,BAF,MA,ANE,EN,Federal Contract Tower,0,2,0,3,5,0,0,0,0,0,0,2,0,3,5,0,0,0,5
12/04/2022,BAF,MA,ANE,EN,Federal Contract Tower,0,0,11,0,11,0,0,63,2,65,0,0,74,2,76,132,6,138,214
12/05/2022,BAF,MA,ANE,EN,Federal Contract Tower,0,2,4,5,11,0,2,51,19,72,0,4,55,24,83,62,28,90,173
12/06/2022,BAF,MA,ANE,EN,Federal Contract Tower,0,4,8,9,21,0,0,2,13,15,0,4,10,22,36,34,4,38,74
12/07/2022,BAF,MA,ANE,EN,Federal Contract Tower,0,3,0,0,3,0,0,0,0,0,0,3,0,0,3,0,0,0,3
12/08/2022,BAF,MA,ANE,EN,Federal Contract Tower,0,2,6,13,21,0,3,55,9,67,0,5,61,22,88,52,10,62,150
12/09/2022,BAF,MA,ANE,EN,Federal Contract Tower,0,6,8,0,14,0,2,51,0,53,0,8,59,0,67,62,0,62,129
12/10/2022,BAF,MA,ANE,EN,Federal Contract Tower,0,0,14,0,14,0,1,67,1,69,0,1,81,1,83,58,0,58,141
12/11/2022,BAF,MA,ANE,EN,Federal Contract Tower,0,2,0,0,2,0,0,4,0,4,0,2,4,0,6,6,0,6,12
12/12/2022,BAF,MA,ANE,EN,Federal Contract Tower,0,2,5,1,8,0,0,11,6,17,0,2,16,7,25,34,4,38,63
12/14/2022,BAF,MA,ANE,EN,Federal Contract Tower,0,0,5,17,22,0,2,21,8,31,0,2,26,25,53,4,0,4,57
12/15/2022,BAF,MA,ANE,EN,Federal Contract Tower,0,3,6,10,19,0,0,30,7,37,0,3,36,17,56,48,28,76,132
12/16/2022,BAF,MA,ANE,EN,Federal Contract Tower,0,0,5,0,5,0,0,0,0,0,0,0,5,0,5,0,0,0,5
12/17/2022,BAF,MA,ANE,EN,Federal Contract Tower,0,0,5,0,5,0,0,19,3,22,0,0,24,3,27,34,0,34,61
12/18/2022,BAF,MA,ANE,EN,Federal Contract Tower,0,0,12,0,12,0,3,84,2,89,0,3,96,2,101,166,0,166,267
12/19/2022,BAF,MA,ANE,EN,Federal Contract Tower,0,3,6,0,9,0,4,22,10,36,0,7,28,10,45,30,16,46,91
12/20/2022,BAF,MA,ANE,EN,Federal Contract Tower,0,0,10,15,25,0,4,61,12,77,0,4,71,27,102,60,14,74,176
12/21/2022,BAF,MA,ANE,EN,Federal Contract Tower,0,1,6,13,20,0,2,87,4,93,0,3,93,17,113,154,8,162,275
12/22/2022,BAF,MA,ANE,EN,Federal Contract Tower,0,1,7,7,15,0,1,34,3,38,0,2,41,10,53,50,16,66,119
12/23/2022,BAF,MA,ANE,EN,Federal Contract Tower,0,0,0,0,0,0,0,0,0,0,0,0,0,0,0,0,0,0,0
12/24/2022,BAF,MA,ANE,EN,Federal Contract Tower,0,0,1,0,1,0,0,6,0,6,0,0,7,0,7,2,0,2,9
12/25/2022,BAF,MA,ANE,EN,Federal Contract Tower,0,2,0,0,2,0,2,6,0,8,0,4,6,0,10,2,0,2,12
12/26/2022,BAF,MA,ANE,EN,Federal Contract Tower,0,1,5,0,6,0,2,51,1,54,0,3,56,1,60,80,0,80,140
12/27/2022,BAF,MA,ANE,EN,Federal Contract Tower,0,0,8,0,8,0,0,59,0,59,0,0,67,0,67,62,0,62,129
12/28/2022,BAF,MA,ANE,EN,Federal Contract Tower,0,2,1,0,3,0,2,67,2,71,0,4,68,2,74,120,0,120,194
12/29/2022,BAF,MA,ANE,EN,Federal Contract Tower,0,6,11,1,18,0,0,82,0,82,0,6,93,1,100,90,0,90,190
12/30/2022,BAF,MA,ANE,EN,Federal Contract Tower,0,3,10,0,13,0,5,71,0,76,0,8,81,0,89,162,0,162,251
12/31/2022,BAF,MA,ANE,EN,Federal Contract Tower,0,0,3,0,3,0,0,0,0,0,0,0,3,0,3,0,0,0,3
01/01/2023,BAF,MA,ANE,EN,Federal Contract Tower,0,0,2,0,2,0,2,12,0,14,0,2,14,0,16,4,0,4,20
01/02/2023,BAF,MA,ANE,EN,Federal Contract Tower,0,3,20,1,24,0,2,80,2,84,0,5,100,3,108,122,10,132,240
01/03/2023,BAF,MA,ANE,EN,Federal Contract Tower,0,3,3,5,11,0,0,0,0,0,0,3,3,5,11,0,0,0,11
01/04/2023,BAF,MA,ANE,EN,Federal Contract Tower,0,0,3,15,18,0,0,0,0,0,0,0,3,15,18,0,0,0,18
01/05/2023,BAF,MA,ANE,EN,Federal Contract Tower,0,2,5,11,18,0,0,0,0,0,0,2,5,11,18,0,0,0,18
01/06/2023,BAF,MA,ANE,EN,Federal Contract Tower,0,0,7,0,7,0,0,0,0,0,0,0,7,0,7,0,0,0,7
01/07/2023,BAF,MA,ANE,EN,Federal Contract Tower,0,2,2,10,14,0,0,41,3,44,0,2,43,13,58,76,8,84,142
01/08/2023,BAF,MA,ANE,EN,Federal Contract Tower,0,1,9,0,10,0,0,102,5,107,0,1,111,5,117,58,8,66,183
01/09/2023,BAF,MA,ANE,EN,Federal Contract Tower,0,1,6,0,7,0,2,39,8,49,0,3,45,8,56,86,0,86,142
01/10/2023,BAF,MA,ANE,EN,Federal Contract Tower,0,1,8,8,17,0,0,53,12,65,0,1,61,20,82,58,48,106,188
01/11/2023,BAF,MA,ANE,EN,Federal Contract Tower,0,0,5,12,17,0,1,104,15,120,0,1,109,27,137,130,38,168,305
01/12/2023,BAF,MA,ANE,EN,Federal Contract Tower,0,0,5,2,7,0,0,0,0,0,0,0,5,2,7,0,0,0,7
01/13/2023,BAF,MA,ANE,EN,Federal Contract Tower,0,3,12,0,15,0,0,0,0,0,0,3,12,0,15,0,0,0,15
01/14/2023,BAF,MA,ANE,EN,Federal Contract Tower,0,2,2,0,4,0,0,25,0,25,0,2,27,0,29,100,0,100,129
01/15/2023,BAF,MA,ANE,EN,Federal Contract Tower,0,4,3,0,7,0,2,17,0,19,0,6,20,0,26,26,0,26,52
01/16/2023,BAF,MA,ANE,EN,Federal Contract Tower,0,3,9,0,12,0,2,32,0,34,0,5,41,0,46,38,0,38,84
01/17/2023,BAF,MA,ANE,EN,Federal Contract Tower,0,0,7,8,15,0,2,65,12,79,0,2,72,20,94,76,20,96,190
01/18/2023,BAF,MA,ANE,EN,Federal Contract Tower,0,2,11,14,27,0,0,26,11,37,0,2,37,25,64,10,26,36,100
01/19/2023,BAF,MA,ANE,EN,Federal Contract Tower,0,1,3,6,10,0,0,17,6,23,0,1,20,12,33,16,16,32,65
01/20/2023,BAF,MA,ANE,EN,Federal Contract Tower,0,2,2,6,10,0,0,0,0,0,0,2,2,6,10,0,0,0,10
01/21/2023,BAF,MA,ANE,EN,Federal Contract Tower,0,0,4,5,9,0,0,43,5,48,0,0,47,10,57,158,4,162,219
01/22/2023,BAF,MA,ANE,EN,Federal Contract Tower,0,1,8,0,9,0,0,37,3,40,0,1,45,3,49,148,6,154,203
01/23/2023,BAF,MA,ANE,EN,Federal Contract Tower,0,0,3,0,3,0,0,0,0,0,0,0,3,0,3,0,0,0,3
01/24/2023,BAF,MA,ANE,EN,Federal Contract Tower,0,1,12,12,25,0,2,31,28,61,0,3,43,40,86,10,30,40,126
01/25/2023,BAF,MA,ANE,EN,Federal Contract Tower,0,3,3,8,14,0,0,12,5,17,0,3,15,13,31,36,4,40,71
01/26/2023,BAF,MA,ANE,EN,Federal Contract Tower,0,2,6,11,19,0,2,4,6,12,0,4,10,17,31,4,38,42,73
01/27/2023,BAF,MA,ANE,EN,Federal Contract Tower,0,4,7,5,16,0,4,56,19,79,0,8,63,24,95,54,16,70,165
01/28/2023,BAF,MA,ANE,EN,Federal Contract Tower,0,3,11,0,14,0,1,70,0,71,0,4,81,0,85,110,0,110,195
01/29/2023,BAF,MA,ANE,EN,Federal Contract Tower,0,3,7,0,10,0,2,103,16,121,0,5,110,16,131,174,0,174,305
01/30/2023,BAF,MA,ANE,EN,Federal Contract Tower,0,1,6,0,7,0,2,36,2,40,0,3,42,2,47,48,0,48,95
01/31/2023,BAF,MA,ANE,EN,Federal Contract Tower,1,0,10,10,21,0,2,46,3,51,1,2,56,13,72,84,4,88,160
02/01/2023,BAF,MA,ANE,EN,Federal Contract Tower,0,1,7,1,9,0,2,72,2,76,0,3,79,3,85,124,8,132,217
02/02/2023,BAF,MA,ANE,EN,Federal Contract Tower,1,5,8,8,22,0,1,54,1,56,1,6,62,9,78,92,28,120,198
02/03/2023,BAF,MA,ANE,EN,Federal Contract Tower,0,0,2,3,5,0,0,0,0,0,0,0,2,3,5,0,0,0,5
02/04/2023,BAF,MA,ANE,EN,Federal Contract Tower,0,0,4,4,8,0,0,9,1,10,0,0,13,5,18,0,0,0,18
02/05/2023,BAF,MA,ANE,EN,Federal Contract Tower,0,0,7,2,9,0,0,2,53,55,0,0,9,55,64,118,0,118,182
02/06/2023,BAF,MA,ANE,EN,Federal Contract Tower,0,9,9,4,22,0,2,32,6,40,0,11,41,10,62,34,0,34,96
02/07/2023,BAF,MA,ANE,EN,Federal Contract Tower,0,2,3,7,12,0,0,50,11,61,0,2,53,18,73,58,14,72,145
02/08/2023,BAF,MA,ANE,EN,Federal Contract Tower,1,2,8,3,14,0,4,23,2,29,1,6,31,5,43,26,6,32,75
02/09/2023,BAF,MA,ANE,EN,Federal Contract Tower,0,3,7,3,13,0,2,27,4,33,0,5,34,7,46,24,8,32,78
02/10/2023,BAF,MA,ANE,EN,Federal Contract Tower,0,3,3,1,7,0,2,10,3,15,0,5,13,4,22,4,0,4,26
02/11/2023,BAF,MA,ANE,EN,Federal Contract Tower,0,2,8,0,10,0,3,40,4,47,0,5,48,4,57,58,4,62,119
02/12/2023,BAF,MA,ANE,EN,Federal Contract Tower,0,3,16,0,19,0,6,111,5,122,0,9,127,5,141,138,0,138,279
02/13/2023,BAF,MA,ANE,EN,Federal Contract Tower,0,4,15,0,19,0,2,46,0,48,0,6,61,0,67,94,0,94,161
02/14/2023,BAF,MA,ANE,EN,Federal Contract Tower,0,0,5,2,7,0,0,37,0,37,0,0,42,2,44,38,0,38,82
02/15/2023,BAF,MA,ANE,EN,Federal Contract Tower,0,0,4,9,13,0,3,14,8,25,0,3,18,17,38,0,30,30,68
02/16/2023,BAF,MA,ANE,EN,Federal Contract Tower,0,0,8,4,12,0,0,50,3,53,0,0,58,7,65,106,30,136,201
02/17/2023,BAF,MA,ANE,EN,Federal Contract Tower,0,3,6,3,12,0,0,0,2,2,0,3,6,5,14,0,0,0,14
02/18/2023,BAF,MA,ANE,EN,Federal Contract Tower,0,2,7,0,9,0,1,71,2,74,0,3,78,2,83,102,0,102,185
02/19/2023,BAF,MA,ANE,EN,Federal Contract Tower,0,0,10,0,10,0,0,92,2,94,0,0,102,2,104,116,0,116,220
02/20/2023,BAF,MA,ANE,EN,Federal Contract Tower,0,4,14,0,18,0,0,46,8,54,0,4,60,8,72,78,6,84,156
02/21/2023,BAF,MA,ANE,EN,Federal Contract Tower,1,1,3,5,10,0,0,0,0,0,1,1,3,5,10,0,0,0,10
02/22/2023,BAF,MA,ANE,EN,Federal Contract Tower,0,2,15,7,24,0,2,49,3,54,0,4,64,10,78,68,22,90,168
02/23/2023,BAF,MA,ANE,EN,Federal Contract Tower,1,2,2,6,11,0,0,0,0,0,1,2,2,6,11,0,0,0,11
02/24/2023,BAF,MA,ANE,EN,Federal Contract Tower,0,2,6,0,8,0,0,2,0,2,0,2,8,0,10,0,0,0,10
02/25/2023,BAF,MA,ANE,EN,Federal Contract Tower,0,7,1,0,8,0,0,7,0,7,0,7,8,0,15,12,0,12,27
02/26/2023,BAF,MA,ANE,EN,Federal Contract Tower,0,0,3,0,3,0,0,11,0,11,0,0,14,0,14,48,0,48,62
02/27/2023,BAF,MA,ANE,EN,Federal Contract Tower,0,3,5,0,8,0,3,46,6,55,0,6,51,6,63,88,12,100,163
02/28/2023,BAF,MA,ANE,EN,Federal Contract Tower,0,0,1,0,1,0,0,0,0,0,0,0,1,0,1,0,0,0,1
03/01/2023,BAF,MA,ANE,EN,Federal Contract Tower,0,3,3,11,17,0,2,31,5,38,0,5,34,16,55,50,0,50,105
03/02/2023,BAF,MA,ANE,EN,Federal Contract Tower,0,3,4,10,17,0,0,2,0,2,0,3,6,10,19,12,0,12,31
03/03/2023,BAF,MA,ANE,EN,Federal Contract Tower,0,4,2,8,14,0,0,52,3,55,0,4,54,11,69,130,18,148,217
03/04/2023,BAF,MA,ANE,EN,Federal Contract Tower,0,0,3,0,3,0,0,0,0,0,0,0,3,0,3,0,0,0,3
03/05/2023,BAF,MA,ANE,EN,Federal Contract Tower,0,3,19,0,22,0,0,56,0,56,0,3,75,0,78,138,0,138,216
03/06/2023,BAF,MA,ANE,EN,Federal Contract Tower,0,2,4,0,6,0,4,23,0,27,0,6,27,0,33,28,0,28,61
03/07/2023,BAF,MA,ANE,EN,Federal Contract Tower,0,1,0,14,15,0,2,13,4,19,0,3,13,18,34,8,10,18,52
03/08/2023,BAF,MA,ANE,EN,Federal Contract Tower,0,2,3,17,22,0,1,13,1,15,0,3,16,18,37,8,14,22,59
03/09/2023,BAF,MA,ANE,EN,Federal Contract Tower,0,0,9,11,20,0,0,52,10,62,0,0,61,21,82,94,12,106,188
03/10/2023,BAF,MA,ANE,EN,Federal Contract Tower,0,1,4,6,11,0,0,62,8,70,0,1,66,14,81,122,0,122,203
03/11/2023,BAF,MA,ANE,EN,Federal Contract Tower,0,0,1,0,1,0,7,7,0,14,0,7,8,0,15,79,0,79,94
03/12/2023,BAF,MA,ANE,EN,Federal Contract Tower,0,2,18,0,20,0,4,145,18,167,0,6,163,18,187,148,0,148,335
03/13/2023,BAF,MA,ANE,EN,Federal Contract Tower,0,2,2,0,4,0,0,2,0,2,0,2,4,0,6,20,0,20,26
03/16/2023,BAF,MA,ANE,EN,Federal Contract Tower,0,5,17,15,37,0,0,48,6,54,0,5,65,21,91,78,0,78,169
03/17/2023,BAF,MA,ANE,EN,Federal Contract Tower,0,2,9,5,16,0,0,48,2,50,0,2,57,7,66,120,6,126,192
03/18/2023,BAF,MA,ANE,EN,Federal Contract Tower,0,0,8,0,8,0,1,62,0,63,0,1,70,0,71,82,0,82,153
03/19/2023,BAF,MA,ANE,EN,Federal Contract Tower,0,3,3,0,6,0,0,6,0,6,0,3,9,0,12,6,0,6,18
03/20/2023,BAF,MA,ANE,EN,Federal Contract Tower,0,7,10,2,19,0,5,46,4,55,0,12,56,6,74,76,0,76,150
03/21/2023,BAF,MA,ANE,EN,Federal Contract Tower,0,4,9,10,23,0,4,71,0,75,0,8,80,10,98,84,0,84,182
03/22/2023,BAF,MA,ANE,EN,Federal Contract Tower,0,4,3,9,16,0,7,100,0,107,0,11,103,9,123,150,6,156,279
03/23/2023,BAF,MA,ANE,EN,Federal Contract Tower,0,2,2,12,16,0,0,5,0,5,0,2,7,12,21,42,0,42,63
03/24/2023,BAF,MA,ANE,EN,Federal Contract Tower,0,1,3,2,6,0,1,72,3,76,0,2,75,5,82,106,2,108,190
03/25/2023,BAF,MA,ANE,EN,Federal Contract Tower,0,0,2,0,2,0,0,8,0,8,0,0,10,0,10,8,0,8,18
03/26/2023,BAF,MA,ANE,EN,Federal Contract Tower,0,1,4,0,5,0,0,19,0,19,0,1,23,0,24,6,0,6,30
03/27/2023,BAF,MA,ANE,EN,Federal Contract Tower,0,0,12,0,12,0,4,56,2,62,0,4,68,2,74,66,0,66,140
03/28/2023,BAF,MA,ANE,EN,Federal Contract Tower,0,2,4,12,18,0,2,44,2,48,0,4,48,14,66,6,90,96,162
03/29/2023,BAF,MA,ANE,EN,Federal Contract Tower,0,15,11,0,26,0,0,116,2,118,0,15,127,2,144,146,8,154,298
03/30/2023,BAF,MA,ANE,EN,Federal Contract Tower,0,2,3,11,16,0,5,29,0,34,0,7,32,11,50,32,2,34,84
03/31/2023,BAF,MA,ANE,EN,Federal Contract Tower,0,2,2,4,8,0,0,45,7,52,0,2,47,11,60,72,16,88,148
04/01/2023,BAF,MA,ANE,EN,Federal Contract Tower,0,0,15,0,15,0,0,5,0,5,0,0,20,0,20,24,0,24,44
04/02/2023,BAF,MA,ANE,EN,Federal Contract Tower,0,0,2,0,2,0,1,34,1,36,0,1,36,1,38,28,0,28,66
04/03/2023,BAF,MA,ANE,EN,Federal Contract Tower,0,1,8,0,9,0,2,40,2,44,0,3,48,2,53,36,0,36,89
04/04/2023,BAF,MA,ANE,EN,Federal Contract Tower,0,2,9,9,20,0,0,121,0,121,0,2,130,9,141,168,4,172,313
04/05/2023,BAF,MA,ANE,EN,Federal Contract Tower,0,0,4,14,18,0,0,8,3,11,0,0,12,17,29,32,12,44,73
04/06/2023,BAF,MA,ANE,EN,Federal Contract Tower,0,7,9,4,20,0,0,28,0,28,0,7,37,4,48,44,0,44,92
04/07/2023,BAF,MA,ANE,EN,Federal Contract Tower,0,2,5,4,11,0,0,6,2,8,0,2,11,6,19,0,8,8,27
04/08/2023,BAF,MA,ANE,EN,Federal Contract Tower,0,4,6,2,12,0,3,116,1,120,0,7,122,3,132,132,0,132,264
04/09/2023,BAF,MA,ANE,EN,Federal Contract Tower,0,1,7,0,8,0,6,66,2,74,0,7,73,2,82,100,2,102,184
04/10/2023,BAF,MA,ANE,EN,Federal Contract Tower,0,2,6,0,8,0,0,67,5,72,0,2,73,5,80,134,4,138,218
04/11/2023,BAF,MA,ANE,EN,Federal Contract Tower,0,1,4,10,15,0,0,46,3,49,0,1,50,13,64,60,6,66,130
04/12/2023,BAF,MA,ANE,EN,Federal Contract Tower,0,3,6,8,17,0,18,3,0,21,0,21,9,8,38,0,24,24,62
04/13/2023,BAF,MA,ANE,EN,Federal Contract Tower,0,2,6,8,16,0,2,51,1,54,0,4,57,9,70,68,14,82,152
04/14/2023,BAF,MA,ANE,EN,Federal Contract Tower,0,1,7,4,12,0,2,98,8,108,0,3,105,12,120,110,14,124,244
04/15/2023,BAF,MA,ANE,EN,Federal Contract Tower,0,0,12,1,13,0,0,56,0,56,0,0,68,1,69,116,0,116,185
04/16/2023,BAF,MA,ANE,EN,Federal Contract Tower,0,0,37,0,37,0,2,13,0,15,0,2,50,0,52,50,0,50,102
04/17/2023,BAF,MA,ANE,EN,Federal Contract Tower,0,3,10,0,13,0,0,3,6,9,0,3,13,6,22,6,10,16,38
04/18/2023,BAF,MA,ANE,EN,Federal Contract Tower,0,4,9,0,13,0,2,39,1,42,0,6,48,1,55,62,0,62,117
04/19/2023,BAF,MA,ANE,EN,Federal Contract Tower,0,0,2,4,6,0,2,27,10,39,0,2,29,14,45,12,12,24,69
04/20/2023,BAF,MA,ANE,EN,Federal Contract Tower,0,5,3,6,14,0,2,82,4,88,0,7,85,10,102,138,4,142,244
04/21/2023,BAF,MA,ANE,EN,Federal Contract Tower,0,1,9,2,12,0,3,74,0,77,0,4,83,2,89,86,0,86,175
04/22/2023,BAF,MA,ANE,EN,Federal Contract Tower,0,4,7,4,15,0,0,3,0,3,0,4,10,4,18,56,0,56,74
04/23/2023,BAF,MA,ANE,EN,Federal Contract Tower,0,0,6,2,8,0,0,0,0,0,0,0,6,2,8,0,0,0,8
04/24/2023,BAF,MA,ANE,EN,Federal Contract Tower,0,9,33,2,44,0,2,40,4,46,0,11,73,6,90,134,5,139,229
04/25/2023,BAF,MA,ANE,EN,Federal Contract Tower,0,3,23,3,29,0,8,82,1,91,0,11,105,4,120,124,0,124,244
04/26/2023,BAF,MA,ANE,EN,Federal Contract Tower,0,1,12,7,20,0,0,107,12,119,0,1,119,19,139,154,32,186,325
04/27/2023,BAF,MA,ANE,EN,Federal Contract Tower,0,5,18,7,30,0,2,18,18,38,0,7,36,25,68,68,0,68,136
04/28/2023,BAF,MA,ANE,EN,Federal Contract Tower,0,1,18,7,26,0,0,40,3,43,0,1,58,10,69,102,4,106,175
04/29/2023,BAF,MA,ANE,EN,Federal Contract Tower,0,0,5,0,5,0,0,5,0,5,0,0,10,0,10,6,0,6,16
04/30/2023,BAF,MA,ANE,EN,Federal Contract Tower,0,7,4,0,11,0,0,0,0,0,0,7,4,0,11,0,0,0,11
05/01/2023,BAF,MA,ANE,EN,Federal Contract Tower,0,2,3,2,7,0,4,4,2,10,0,6,7,4,17,2,14,16,33
05/02/2023,BAF,MA,ANE,EN,Federal Contract Tower,0,1,4,12,17,0,0,4,0,4,0,1,8,12,21,0,0,0,21
05/03/2023,BAF,MA,ANE,EN,Federal Contract Tower,0,1,7,11,19,0,0,31,0,31,0,1,38,11,50,72,18,90,140
05/04/2023,BAF,MA,ANE,EN,Federal Contract Tower,0,2,3,6,11,0,0,24,0,24,0,2,27,6,35,44,0,44,79
05/05/2023,BAF,MA,ANE,EN,Federal Contract Tower,0,0,8,8,16,0,3,67,0,70,0,3,75,8,86,96,14,110,196
05/06/2023,BAF,MA,ANE,EN,Federal Contract Tower,0,1,3,0,4,0,3,103,6,112,0,4,106,6,116,100,4,104,220
05/07/2023,BAF,MA,ANE,EN,Federal Contract Tower,0,0,13,0,13,0,0,75,0,75,0,0,88,0,88,112,0,112,200
05/08/2023,BAF,MA,ANE,EN,Federal Contract Tower,0,0,6,1,7,0,4,36,0,40,0,4,42,1,47,26,2,28,75
05/09/2023,BAF,MA,ANE,EN,Federal Contract Tower,0,1,6,2,9,0,5,90,1,96,0,6,96,3,105,126,4,130,235
05/10/2023,BAF,MA,ANE,EN,Federal Contract Tower,0,0,6,2,8,0,0,78,3,81,0,0,84,5,89,162,0,162,251
05/11/2023,BAF,MA,ANE,EN,Federal Contract Tower,0,5,3,5,13,0,3,29,6,38,0,8,32,11,51,0,0,0,51
05/12/2023,BAF,MA,ANE,EN,Federal Contract Tower,0,2,1,1,4,0,0,14,4,18,0,2,15,5,22,0,10,10,32
05/13/2023,BAF,MA,ANE,EN,Federal Contract Tower,0,0,1,0,1,0,0,31,4,35,0,0,32,4,36,10,4,14,50
05/14/2023,BAF,MA,ANE,EN,Federal Contract Tower,0,0,0,1,1,0,1,41,5,47,0,1,41,6,48,0,20,20,68
05/15/2023,BAF,MA,ANE,EN,Federal Contract Tower,0,0,7,10,17,0,4,21,5,30,0,4,28,15,47,0,0,0,47
05/16/2023,BAF,MA,ANE,EN,Federal Contract Tower,0,5,5,0,10,0,0,60,1,61,0,5,65,1,71,0,0,0,71
05/17/2023,BAF,MA,ANE,EN,Federal Contract Tower,0,3,7,4,14,0,3,10,3,16,0,6,17,7,30,12,0,12,42
05/18/2023,BAF,MA,ANE,EN,Federal Contract Tower,0,1,14,4,19,0,1,76,2,79,0,2,90,6,98,84,12,96,194
05/19/2023,BAF,MA,ANE,EN,Federal Contract Tower,0,4,15,6,25,0,1,57,4,62,0,5,72,10,87,80,2,82,169
05/20/2023,BAF,MA,ANE,EN,Federal Contract Tower,0,1,8,0,9,0,0,0,0,0,0,1,8,0,9,0,0,0,9
05/21/2023,BAF,MA,ANE,EN,Federal Contract Tower,0,5,7,0,12,0,0,43,1,44,0,5,50,1,56,70,0,70,126
05/22/2023,BAF,MA,ANE,EN,Federal Contract Tower,0,2,14,0,16,0,5,65,2,72,0,7,79,2,88,70,2,72,160
05/23/2023,BAF,MA,ANE,EN,Federal Contract Tower,0,7,14,4,25,0,3,84,0,87,0,10,98,4,112,164,10,174,286
05/24/2023,BAF,MA,ANE,EN,Federal Contract Tower,0,4,8,14,26,0,2,80,0,82,0,6,88,14,108,62,8,70,178
05/25/2023,BAF,MA,ANE,EN,Federal Contract Tower,0,7,10,6,23,0,3,62,0,65,0,10,72,6,88,90,0,90,178
05/26/2023,BAF,MA,ANE,EN,Federal Contract Tower,0,2,6,1,9,0,1,65,2,68,0,3,71,3,77,114,0,114,191
05/27/2023,BAF,MA,ANE,EN,Federal Contract Tower,0,5,5,2,12,0,2,78,0,80,0,7,83,2,92,100,0,100,192
05/28/2023,BAF,MA,ANE,EN,Federal Contract Tower,0,4,2,0,6,0,6,69,17,92,0,10,71,17,98,74,0,74,172
05/29/2023,BAF,MA,ANE,EN,Federal Contract Tower,0,7,1,0,8,0,6,48,0,54,0,13,49,0,62,50,0,50,112
05/30/2023,BAF,MA,ANE,EN,Federal Contract Tower,0,1,10,0,11,0,2,81,0,83,0,3,91,0,94,148,0,148,242
05/31/2023,BAF,MA,ANE,EN,Federal Contract Tower,0,5,6,3,14,0,3,87,5,95,0,8,93,8,109,146,0,146,255
06/01/2023,BAF,MA,ANE,EN,Federal Contract Tower,0,2,7,7,16,0,3,69,0,72,0,5,76,7,88,120,0,120,208
06/02/2023,BAF,MA,ANE,EN,Federal Contract Tower,0,3,8,4,15,0,0,52,8,60,0,3,60,12,75,86,22,108,183
06/03/2023,BAF,MA,ANE,EN,Federal Contract Tower,0,1,13,6,20,0,0,8,0,8,0,1,21,6,28,46,0,46,74
06/04/2023,BAF,MA,ANE,EN,Federal Contract Tower,0,0,12,2,14,0,0,31,3,34,0,0,43,5,48,66,28,94,142
06/05/2023,BAF,MA,ANE,EN,Federal Contract Tower,0,1,6,6,13,0,0,48,4,52,0,1,54,10,65,124,0,124,189
06/06/2023,BAF,MA,ANE,EN,Federal Contract Tower,0,0,3,4,7,0,0,27,1,28,0,0,30,5,35,78,2,80,115
06/07/2023,BAF,MA,ANE,EN,Federal Contract Tower,0,0,11,1,12,0,0,24,1,25,0,0,35,2,37,92,50,142,179
06/08/2023,BAF,MA,ANE,EN,Federal Contract Tower,0,4,5,2,11,0,0,18,2,20,0,4,23,4,31,88,0,88,119
06/09/2023,BAF,MA,ANE,EN,Federal Contract Tower,0,1,7,1,9,0,0,32,0,32,0,1,39,1,41,100,0,100,141
06/10/2023,BAF,MA,ANE,EN,Federal Contract Tower,0,3,19,3,25,0,0,85,2,87,0,3,104,5,112,90,0,90,202
06/11/2023,BAF,MA,ANE,EN,Federal Contract Tower,0,5,14,4,23,0,6,153,21,180,0,11,167,25,203,128,0,128,331
06/12/2023,BAF,MA,ANE,EN,Federal Contract Tower,0,4,19,2,25,0,2,36,6,44,0,6,55,8,69,92,6,98,167
06/13/2023,BAF,MA,ANE,EN,Federal Contract Tower,0,3,10,4,17,0,2,63,4,69,0,5,73,8,86,122,0,122,208
06/14/2023,BAF,MA,ANE,EN,Federal Contract Tower,0,2,11,4,17,0,0,32,0,32,0,2,43,4,49,74,0,74,123
06/15/2023,BAF,MA,ANE,EN,Federal Contract Tower,0,1,15,2,18,0,2,64,4,70,0,3,79,6,88,146,4,150,238
06/16/2023,BAF,MA,ANE,EN,Federal Contract Tower,0,3,3,0,6,0,1,27,0,28,0,4,30,0,34,60,30,90,124
06/17/2023,BAF,MA,ANE,EN,Federal Contract Tower,0,0,5,0,5,0,0,23,0,23,0,0,28,0,28,68,0,68,96
06/18/2023,BAF,MA,ANE,EN,Federal Contract Tower,0,5,6,0,11,0,2,33,0,35,0,7,39,0,46,56,0,56,102
06/19/2023,BAF,MA,ANE,EN,Federal Contract Tower,0,1,13,0,14,0,5,62,0,67,0,6,75,0,81,114,0,114,195
06/20/2023,BAF,MA,ANE,EN,Federal Contract Tower,0,2,2,9,13,0,2,77,6,85,0,4,79,15,98,244,0,244,342
06/21/2023,BAF,MA,ANE,EN,Federal Contract Tower,0,2,5,1,8,0,3,107,5,115,0,5,112,6,123,188,4,192,315
06/22/2023,BAF,MA,ANE,EN,Federal Contract Tower,0,0,3,5,8,0,5,120,9,134,0,5,123,14,142,128,16,144,286
06/23/2023,BAF,MA,ANE,EN,Federal Contract Tower,0,1,17,0,18,0,0,53,0,53,0,1,70,0,71,112,0,112,183
06/24/2023,BAF,MA,ANE,EN,Federal Contract Tower,0,0,4,9,13,0,0,0,0,0,0,0,4,9,13,0,0,0,13
06/25/2023,BAF,MA,ANE,EN,Federal Contract Tower,0,1,7,4,12,0,2,20,0,22,0,3,27,4,34,56,4,60,94
06/26/2023,BAF,MA,ANE,EN,Federal Contract Tower,0,1,6,5,12,0,0,2,0,2,0,1,8,5,14,12,6,18,32
06/27/2023,BAF,MA,ANE,EN,Federal Contract Tower,0,3,9,6,18,0,2,32,2,36,0,5,41,8,54,88,20,108,162
06/28/2023,BAF,MA,ANE,EN,Federal Contract Tower,0,4,11,2,17,0,0,4,0,4,0,4,15,2,21,6,0,6,27
06/29/2023,BAF,MA,ANE,EN,Federal Contract Tower,0,0,19,2,21,0,1,77,4,82,0,1,96,6,103,118,16,134,237
06/30/2023,BAF,MA,ANE,EN,Federal Contract Tower,0,3,22,3,28,0,0,47,1,48,0,3,69,4,76,78,0,78,154
07/01/2023,BAF,MA,ANE,EN,Federal Contract Tower,0,0,29,0,29,0,0,18,0,18,0,0,47,0,47,100,0,100,147
07/02/2023,BAF,MA,ANE,EN,Federal Contract Tower,0,5,3,0,8,0,0,0,0,0,0,5,3,0,8,0,0,0,8
07/03/2023,BAF,MA,ANE,EN,Federal Contract Tower,0,2,22,0,24,0,2,18,0,20,0,4,40,0,44,46,0,46,90
07/04/2023,BAF,MA,ANE,EN,Federal Contract Tower,0,0,4,0,4,0,0,2,0,2,0,0,6,0,6,0,0,0,6
07/05/2023,BAF,MA,ANE,EN,Federal Contract Tower,0,1,20,5,26,0,7,113,10,130,0,8,133,15,156,152,10,162,318
07/06/2023,BAF,MA,ANE,EN,Federal Contract Tower,0,3,4,6,13,0,4,75,4,83,0,7,79,10,96,116,2,118,214
07/07/2023,BAF,MA,ANE,EN,Federal Contract Tower,0,0,13,5,18,0,0,67,0,67,0,0,80,5,85,100,6,106,191
07/08/2023,BAF,MA,ANE,EN,Federal Contract Tower,0,0,12,2,14,0,0,59,1,60,0,0,71,3,74,106,0,106,180
07/09/2023,BAF,MA,ANE,EN,Federal Contract Tower,0,2,8,0,10,0,1,8,0,9,0,3,16,0,19,26,0,26,45
07/10/2023,BAF,MA,ANE,EN,Federal Contract Tower,0,0,12,0,12,0,2,11,0,13,0,2,23,0,25,50,0,50,75
07/11/2023,BAF,MA,ANE,EN,Federal Contract Tower,0,0,13,7,20,0,3,86,6,95,0,3,99,13,115,120,0,120,235
07/12/2023,BAF,MA,ANE,EN,Federal Contract Tower,0,1,11,5,17,0,4,85,7,96,0,5,96,12,113,90,12,102,215
07/13/2023,BAF,MA,ANE,EN,Federal Contract Tower,0,0,2,6,8,0,0,52,0,52,0,0,54,6,60,102,12,114,174
07/14/2023,BAF,MA,ANE,EN,Federal Contract Tower,0,2,7,3,12,0,0,11,0,11,0,2,18,3,23,50,2,52,75
07/15/2023,BAF,MA,ANE,EN,Federal Contract Tower,0,5,11,0,16,0,2,42,1,45,0,7,53,1,61,98,0,98,159
07/16/2023,BAF,MA,ANE,EN,Federal Contract Tower,0,2,3,0,5,0,0,0,0,0,0,2,3,0,5,0,0,0,5
07/17/2023,BAF,MA,ANE,EN,Federal Contract Tower,0,4,17,0,21,0,2,63,0,65,0,6,80,0,86,122,0,122,208
07/18/2023,BAF,MA,ANE,EN,Federal Contract Tower,0,2,9,6,17,0,2,11,0,13,0,4,20,6,30,36,0,36,66
07/19/2023,BAF,MA,ANE,EN,Federal Contract Tower,0,0,11,5,16,0,2,75,4,81,0,2,86,9,97,108,0,108,205
07/20/2023,BAF,MA,ANE,EN,Federal Contract Tower,0,0,7,9,16,0,4,83,8,95,0,4,90,17,111,156,10,166,277
07/21/2023,BAF,MA,ANE,EN,Federal Contract Tower,0,1,12,6,19,0,0,3,2,5,0,1,15,8,24,20,0,20,44
07/22/2023,BAF,MA,ANE,EN,Federal Contract Tower,0,2,8,2,12,0,0,70,7,77,0,2,78,9,89,68,8,76,165
07/23/2023,BAF,MA,ANE,EN,Federal Contract Tower,0,0,4,0,4,0,2,75,2,79,0,2,79,2,83,138,0,138,221
07/24/2023,BAF,MA,ANE,EN,Federal Contract Tower,0,1,10,1,12,0,2,41,4,47,0,3,51,5,59,46,14,60,119
07/25/2023,BAF,MA,ANE,EN,Federal Contract Tower,0,3,12,9,24,0,0,37,2,39,0,3,49,11,63,68,4,72,135
07/26/2023,BAF,MA,ANE,EN,Federal Contract Tower,0,1,6,11,18,0,4,81,4,89,0,5,87,15,107,144,18,162,269
07/27/2023,BAF,MA,ANE,EN,Federal Contract Tower,0,4,9,4,17,0,0,43,4,47,0,4,52,8,64,76,6,82,146
07/28/2023,BAF,MA,ANE,EN,Federal Contract Tower,0,1,6,2,9,0,1,82,5,88,0,2,88,7,97,138,0,138,235
07/29/2023,BAF,MA,ANE,EN,Federal Contract Tower,0,0,10,0,10,0,0,49,0,49,0,0,59,0,59,74,0,74,133
07/30/2023,BAF,MA,ANE,EN,Federal Contract Tower,0,1,11,0,12,0,5,92,1,98,0,6,103,1,110,136,0,136,246
07/31/2023,BAF,MA,ANE,EN,Federal Contract Tower,0,0,4,1,5,0,6,62,2,70,0,6,66,3,75,56,0,56,131
08/01/2023,BAF,MA,ANE,EN,Federal Contract Tower,0,1,7,4,12,0,0,61,5,66,0,1,68,9,78,96,12,108,186
08/02/2023,BAF,MA,ANE,EN,Federal Contract Tower,0,0,6,2,8,0,0,88,4,92,0,0,94,6,100,170,2,172,272
08/03/2023,BAF,MA,ANE,EN,Federal Contract Tower,0,0,3,5,8,0,3,48,7,58,0,3,51,12,66,58,6,64,130
08/04/2023,BAF,MA,ANE,EN,Federal Contract Tower,0,1,8,8,17,0,1,38,1,40,0,2,46,9,57,104,0,104,161
08/06/2023,BAF,MA,ANE,EN,Federal Contract Tower,0,0,12,0,12,0,0,63,0,63,0,0,75,0,75,78,0,78,153
08/07/2023,BAF,MA,ANE,EN,Federal Contract Tower,0,1,6,4,11,0,0,0,0,0,0,1,6,4,11,0,0,0,11
08/08/2023,BAF,MA,ANE,EN,Federal Contract Tower,0,1,13,13,27,0,0,35,9,44,0,1,48,22,71,82,36,118,189
08/09/2023,BAF,MA,ANE,EN,Federal Contract Tower,0,1,4,7,12,0,4,27,1,32,0,5,31,8,44,30,0,30,74
08/10/2023,BAF,MA,ANE,EN,Federal Contract Tower,0,0,6,8,14,0,2,60,0,62,0,2,66,8,76,168,0,168,244
08/11/2023,BAF,MA,ANE,EN,Federal Contract Tower,0,2,8,6,16,0,4,73,7,84,0,6,81,13,100,144,0,144,244
08/12/2023,BAF,MA,ANE,EN,Federal Contract Tower,0,1,12,0,13,0,0,54,0,54,0,1,66,0,67,90,0,90,157
08/13/2023,BAF,MA,ANE,EN,Federal Contract Tower,0,2,16,0,18,0,0,34,0,34,0,2,50,0,52,72,0,72,124
08/14/2023,BAF,MA,ANE,EN,Federal Contract Tower,0,3,10,1,14,0,8,72,2,82,0,11,82,3,96,122,0,122,218
08/15/2023,BAF,MA,ANE,EN,Federal Contract Tower,0,2,5,11,18,0,0,0,0,0,0,2,5,11,18,0,0,0,18
08/16/2023,BAF,MA,ANE,EN,Federal Contract Tower,0,1,7,10,18,0,2,17,2,21,0,3,24,12,39,40,10,50,89
08/17/2023,BAF,MA,ANE,EN,Federal Contract Tower,0,4,14,3,21,0,0,25,0,25,0,4,39,3,46,88,0,88,134
08/18/2023,BAF,MA,ANE,EN,Federal Contract Tower,0,3,7,1,11,0,0,31,0,31,0,3,38,1,42,34,0,34,76
08/19/2023,BAF,MA,ANE,EN,Federal Contract Tower,0,0,10,0,10,0,0,48,0,48,0,0,58,0,58,48,0,48,106
08/20/2023,BAF,MA,ANE,EN,Federal Contract Tower,0,3,6,0,9,0,11,96,4,111,0,14,102,4,120,162,0,162,282
08/21/2023,BAF,MA,ANE,EN,Federal Contract Tower,0,4,10,0,14,0,5,66,2,73,0,9,76,2,87,146,0,146,233
08/22/2023,BAF,MA,ANE,EN,Federal Contract Tower,0,1,4,11,16,0,2,77,9,88,0,3,81,20,104,118,8,126,230
08/23/2023,BAF,MA,ANE,EN,Federal Contract Tower,0,0,5,6,11,0,5,114,6,125,0,5,119,12,136,146,8,154,290
08/24/2023,BAF,MA,ANE,EN,Federal Contract Tower,0,1,7,11,19,0,1,56,2,59,0,2,63,13,78,156,8,164,242
08/25/2023,BAF,MA,ANE,EN,Federal Contract Tower,2,2,2,8,14,0,0,0,0,0,2,2,2,8,14,2,0,2,16
08/26/2023,BAF,MA,ANE,EN,Federal Contract Tower,0,0,6,2,8,0,0,67,7,74,0,0,73,9,82,197,32,229,311
08/27/2023,BAF,MA,ANE,EN,Federal Contract Tower,0,2,12,1,15,0,2,76,2,80,0,4,88,3,95,142,0,142,237
08/28/2023,BAF,MA,ANE,EN,Federal Contract Tower,0,1,11,6,18,0,0,49,1,50,0,1,60,7,68,212,12,224,292
08/29/2023,BAF,MA,ANE,EN,Federal Contract Tower,0,8,7,9,24,0,2,78,4,84,0,10,85,13,108,114,34,148,256
08/30/2023,BAF,MA,ANE,EN,Federal Contract Tower,0,0,0,11,11,0,0,36,0,36,0,0,36,11,47,42,0,42,89
08/31/2023,BAF,MA,ANE,EN,Federal Contract Tower,0,0,11,8,19,0,4,83,5,92,0,4,94,13,111,112,6,118,229
