01/01/2020,BAZ,TX,ASW,CE,Federal Contract Tower,0,0,9,0,9,0,0,6,0,6,0,0,15,0,15,8,0,8,23
01/02/2020,BAZ,TX,ASW,CE,Federal Contract Tower,0,0,14,0,14,0,0,12,0,12,0,0,26,0,26,28,0,28,54
01/03/2020,BAZ,TX,ASW,CE,Federal Contract Tower,0,0,10,8,18,0,0,72,0,72,0,0,82,8,90,74,4,78,168
01/04/2020,BAZ,TX,ASW,CE,Federal Contract Tower,0,0,11,0,11,0,1,82,0,83,0,1,93,0,94,188,0,188,282
01/05/2020,BAZ,TX,ASW,CE,Federal Contract Tower,0,0,16,0,16,0,0,42,0,42,0,0,58,0,58,48,0,48,106
01/06/2020,BAZ,TX,ASW,CE,Federal Contract Tower,0,0,22,9,31,0,0,78,1,79,0,0,100,10,110,126,6,132,242
01/07/2020,BAZ,TX,ASW,CE,Federal Contract Tower,0,0,19,4,23,0,0,109,0,109,0,0,128,4,132,214,6,220,352
01/08/2020,BAZ,TX,ASW,CE,Federal Contract Tower,0,0,29,8,37,0,1,82,1,84,0,1,111,9,121,160,16,176,297
01/09/2020,BAZ,TX,ASW,CE,Federal Contract Tower,0,0,41,23,64,0,0,22,1,23,0,0,63,24,87,30,10,40,127
01/10/2020,BAZ,TX,ASW,CE,Federal Contract Tower,0,0,6,10,16,0,1,3,0,4,0,1,9,10,20,0,4,4,24
01/11/2020,BAZ,TX,ASW,CE,Federal Contract Tower,0,0,11,0,11,0,0,88,4,92,0,0,99,4,103,68,0,68,171
01/12/2020,BAZ,TX,ASW,CE,Federal Contract Tower,0,0,18,4,22,0,0,89,0,89,0,0,107,4,111,136,4,140,251
01/13/2020,BAZ,TX,ASW,CE,Federal Contract Tower,0,0,8,0,8,0,0,0,0,0,0,0,8,0,8,0,0,0,8
01/14/2020,BAZ,TX,ASW,CE,Federal Contract Tower,0,0,18,4,22,0,0,19,0,19,0,0,37,4,41,90,0,90,131
01/15/2020,BAZ,TX,ASW,CE,Federal Contract Tower,0,0,25,14,39,0,0,44,2,46,0,0,69,16,85,164,18,182,267
01/16/2020,BAZ,TX,ASW,CE,Federal Contract Tower,0,0,12,0,12,0,0,0,0,0,0,0,12,0,12,0,0,0,12
01/17/2020,BAZ,TX,ASW,CE,Federal Contract Tower,0,0,13,0,13,0,0,0,0,0,0,0,13,0,13,0,0,0,13
01/18/2020,BAZ,TX,ASW,CE,Federal Contract Tower,0,0,17,2,19,0,0,58,0,58,0,0,75,2,77,76,8,84,161
01/19/2020,BAZ,TX,ASW,CE,Federal Contract Tower,0,1,18,0,19,0,4,60,0,64,0,5,78,0,83,50,0,50,133
01/20/2020,BAZ,TX,ASW,CE,Federal Contract Tower,0,3,26,0,29,0,1,115,0,116,0,4,141,0,145,202,0,202,347
01/21/2020,BAZ,TX,ASW,CE,Federal Contract Tower,0,2,14,6,22,0,1,88,0,89,0,3,102,6,111,144,0,144,255
01/22/2020,BAZ,TX,ASW,CE,Federal Contract Tower,0,0,6,0,6,0,0,0,0,0,0,0,6,0,6,0,0,0,6
01/23/2020,BAZ,TX,ASW,CE,Federal Contract Tower,0,2,24,6,32,0,0,96,1,97,0,2,120,7,129,176,4,180,309
01/24/2020,BAZ,TX,ASW,CE,Federal Contract Tower,0,0,15,2,17,0,2,127,3,132,0,2,142,5,149,280,10,290,439
01/25/2020,BAZ,TX,ASW,CE,Federal Contract Tower,0,0,13,0,13,0,0,78,0,78,0,0,91,0,91,172,0,172,263
01/26/2020,BAZ,TX,ASW,CE,Federal Contract Tower,0,0,11,0,11,0,0,90,0,90,0,0,101,0,101,146,0,146,247
01/27/2020,BAZ,TX,ASW,CE,Federal Contract Tower,0,0,10,15,25,0,0,75,1,76,0,0,85,16,101,182,14,196,297
01/28/2020,BAZ,TX,ASW,CE,Federal Contract Tower,0,0,16,4,20,0,0,8,0,8,0,0,24,4,28,14,10,24,52
01/29/2020,BAZ,TX,ASW,CE,Federal Contract Tower,0,0,33,3,36,0,0,116,1,117,0,0,149,4,153,252,14,266,419
01/30/2020,BAZ,TX,ASW,CE,Federal Contract Tower,0,0,21,2,23,0,1,2,0,3,0,1,23,2,26,4,0,4,30
01/31/2020,BAZ,TX,ASW,CE,Federal Contract Tower,0,0,20,14,34,0,0,120,0,120,0,0,140,14,154,208,14,222,376
02/01/2020,BAZ,TX,ASW,CE,Federal Contract Tower,0,0,19,0,19,0,0,122,2,124,0,0,141,2,143,174,10,184,327
02/02/2020,BAZ,TX,ASW,CE,Federal Contract Tower,0,0,19,0,19,0,2,44,0,46,0,2,63,0,65,52,0,52,117
02/03/2020,BAZ,TX,ASW,CE,Federal Contract Tower,0,0,13,3,16,0,2,33,0,35,0,2,46,3,51,48,0,48,99
02/04/2020,BAZ,TX,ASW,CE,Federal Contract Tower,0,0,24,13,37,0,0,72,1,73,0,0,96,14,110,190,6,196,306
02/05/2020,BAZ,TX,ASW,CE,Federal Contract Tower,0,0,7,4,11,0,0,7,0,7,0,0,14,4,18,16,2,18,36
02/06/2020,BAZ,TX,ASW,CE,Federal Contract Tower,0,0,38,4,42,0,0,70,2,72,0,0,108,6,114,84,14,98,212
02/07/2020,BAZ,TX,ASW,CE,Federal Contract Tower,0,0,16,6,22,0,0,87,0,87,0,0,103,6,109,94,0,94,203
02/08/2020,BAZ,TX,ASW,CE,Federal Contract Tower,0,0,24,0,24,0,0,31,4,35,0,0,55,4,59,72,0,72,131
02/09/2020,BAZ,TX,ASW,CE,Federal Contract Tower,0,0,6,0,6,0,4,5,0,9,0,4,11,0,15,10,0,10,25
02/10/2020,BAZ,TX,ASW,CE,Federal Contract Tower,0,1,11,0,12,0,0,0,0,0,0,1,11,0,12,0,0,0,12
02/11/2020,BAZ,TX,ASW,CE,Federal Contract Tower,0,2,6,0,8,0,0,0,0,0,0,2,6,0,8,0,0,0,8
02/12/2020,BAZ,TX,ASW,CE,Federal Contract Tower,0,1,25,0,26,0,0,50,0,50,0,1,75,0,76,152,0,152,228
02/13/2020,BAZ,TX,ASW,CE,Federal Contract Tower,0,2,5,0,7,0,2,101,0,103,0,4,106,0,110,150,0,150,260
02/14/2020,BAZ,TX,ASW,CE,Federal Contract Tower,0,0,20,2,22,0,0,124,2,126,0,0,144,4,148,196,0,196,344
02/15/2020,BAZ,TX,ASW,CE,Federal Contract Tower,0,0,8,2,10,0,4,69,2,75,0,4,77,4,85,134,6,140,225
02/16/2020,BAZ,TX,ASW,CE,Federal Contract Tower,0,1,22,0,23,0,1,67,0,68,0,2,89,0,91,92,0,92,183
02/17/2020,BAZ,TX,ASW,CE,Federal Contract Tower,0,1,25,0,26,0,1,45,0,46,0,2,70,0,72,124,0,124,196
02/18/2020,BAZ,TX,ASW,CE,Federal Contract Tower,0,0,21,14,35,0,0,14,0,14,0,0,35,14,49,34,26,60,109
02/19/2020,BAZ,TX,ASW,CE,Federal Contract Tower,0,0,15,0,15,0,0,2,0,2,0,0,17,0,17,0,0,0,17
02/20/2020,BAZ,TX,ASW,CE,Federal Contract Tower,0,3,7,0,10,0,2,2,0,4,0,5,9,0,14,0,0,0,14
02/21/2020,BAZ,TX,ASW,CE,Federal Contract Tower,0,0,26,7,33,0,0,142,0,142,0,0,168,7,175,158,0,158,333
02/22/2020,BAZ,TX,ASW,CE,Federal Contract Tower,0,0,8,0,8,0,0,105,0,105,0,0,113,0,113,118,0,118,231
02/23/2020,BAZ,TX,ASW,CE,Federal Contract Tower,0,1,21,0,22,0,0,12,0,12,0,1,33,0,34,34,0,34,68
02/24/2020,BAZ,TX,ASW,CE,Federal Contract Tower,0,0,23,8,31,0,0,100,0,100,0,0,123,8,131,236,0,236,367
02/25/2020,BAZ,TX,ASW,CE,Federal Contract Tower,0,1,16,15,32,0,0,116,5,121,0,1,132,20,153,154,20,174,327
02/26/2020,BAZ,TX,ASW,CE,Federal Contract Tower,0,4,12,4,20,0,0,34,0,34,0,4,46,4,54,76,2,78,132
02/27/2020,BAZ,TX,ASW,CE,Federal Contract Tower,0,0,28,2,30,0,1,87,0,88,0,1,115,2,118,172,0,172,290
02/28/2020,BAZ,TX,ASW,CE,Federal Contract Tower,0,2,35,3,40,0,0,133,1,134,0,2,168,4,174,196,6,202,376
02/29/2020,BAZ,TX,ASW,CE,Federal Contract Tower,0,2,16,0,18,0,0,106,0,106,0,2,122,0,124,94,0,94,218
03/01/2020,BAZ,TX,ASW,CE,Federal Contract Tower,0,0,19,0,19,0,0,39,0,39,0,0,58,0,58,58,0,58,116
03/02/2020,BAZ,TX,ASW,CE,Federal Contract Tower,0,2,30,10,42,0,0,61,0,61,0,2,91,10,103,130,10,140,243
03/03/2020,BAZ,TX,ASW,CE,Federal Contract Tower,0,2,13,8,23,0,0,25,0,25,0,2,38,8,48,56,0,56,104
03/04/2020,BAZ,TX,ASW,CE,Federal Contract Tower,0,2,20,2,24,0,0,8,3,11,0,2,28,5,35,16,0,16,51
03/05/2020,BAZ,TX,ASW,CE,Federal Contract Tower,0,0,13,8,21,0,0,99,3,102,0,0,112,11,123,100,18,118,241
03/06/2020,BAZ,TX,ASW,CE,Federal Contract Tower,0,0,16,2,18,0,0,93,2,95,0,0,109,4,113,158,2,160,273
03/07/2020,BAZ,TX,ASW,CE,Federal Contract Tower,0,0,3,0,3,0,0,76,0,76,0,0,79,0,79,118,0,118,197
03/08/2020,BAZ,TX,ASW,CE,Federal Contract Tower,0,0,14,8,22,0,0,25,0,25,0,0,39,8,47,4,8,12,59
03/09/2020,BAZ,TX,ASW,CE,Federal Contract Tower,0,0,10,2,12,0,1,8,0,9,0,1,18,2,21,0,2,2,23
03/10/2020,BAZ,TX,ASW,CE,Federal Contract Tower,0,0,21,8,29,0,0,50,0,50,0,0,71,8,79,114,2,116,195
03/11/2020,BAZ,TX,ASW,CE,Federal Contract Tower,0,0,30,0,30,0,1,86,0,87,0,1,116,0,117,160,0,160,277
03/12/2020,BAZ,TX,ASW,CE,Federal Contract Tower,0,0,17,10,27,0,0,97,0,97,0,0,114,10,124,168,0,168,292
03/13/2020,BAZ,TX,ASW,CE,Federal Contract Tower,0,1,18,4,23,0,0,51,0,51,0,1,69,4,74,116,0,116,190
03/14/2020,BAZ,TX,ASW,CE,Federal Contract Tower,0,0,13,0,13,0,0,37,0,37,0,0,50,0,50,42,0,42,92
03/15/2020,BAZ,TX,ASW,CE,Federal Contract Tower,0,0,11,0,11,0,0,0,0,0,0,0,11,0,11,0,0,0,11
03/16/2020,BAZ,TX,ASW,CE,Federal Contract Tower,0,0,25,6,31,0,2,18,0,20,0,2,43,6,51,48,0,48,99
03/17/2020,BAZ,TX,ASW,CE,Federal Contract Tower,0,0,22,6,28,0,0,15,0,15,0,0,37,6,43,8,6,14,57
03/18/2020,BAZ,TX,ASW,CE,Federal Contract Tower,0,0,54,18,72,0,0,57,0,57,0,0,111,18,129,162,0,162,291
03/19/2020,BAZ,TX,ASW,CE,Federal Contract Tower,0,0,23,12,35,0,0,36,0,36,0,0,59,12,71,156,0,156,227
03/20/2020,BAZ,TX,ASW,CE,Federal Contract Tower,0,2,4,0,6,0,0,2,0,2,0,2,6,0,8,0,0,0,8
03/21/2020,BAZ,TX,ASW,CE,Federal Contract Tower,0,0,4,0,4,0,0,1,0,1,0,0,5,0,5,0,0,0,5
03/22/2020,BAZ,TX,ASW,CE,Federal Contract Tower,0,0,3,0,3,0,0,0,0,0,0,0,3,0,3,0,0,0,3
03/23/2020,BAZ,TX,ASW,CE,Federal Contract Tower,0,0,14,6,20,0,2,35,0,37,0,2,49,6,57,40,0,40,97
03/24/2020,BAZ,TX,ASW,CE,Federal Contract Tower,0,0,11,10,21,0,0,68,2,70,0,0,79,12,91,80,14,94,185
03/25/2020,BAZ,TX,ASW,CE,Federal Contract Tower,0,0,12,2,14,0,0,46,0,46,0,0,58,2,60,0,0,0,60
03/26/2020,BAZ,TX,ASW,CE,Federal Contract Tower,0,0,10,0,10,0,2,40,0,42,0,2,50,0,52,0,0,0,52
03/27/2020,BAZ,TX,ASW,CE,Federal Contract Tower,0,0,4,0,4,0,0,45,0,45,0,0,49,0,49,0,0,0,49
03/28/2020,BAZ,TX,ASW,CE,Federal Contract Tower,0,0,2,0,2,0,0,17,0,17,0,0,19,0,19,0,0,0,19
03/29/2020,BAZ,TX,ASW,CE,Federal Contract Tower,0,0,5,0,5,0,0,39,0,39,0,0,44,0,44,2,0,2,46
03/30/2020,BAZ,TX,ASW,CE,Federal Contract Tower,0,0,3,0,3,0,0,0,0,0,0,0,3,0,3,0,0,0,3
03/31/2020,BAZ,TX,ASW,CE,Federal Contract Tower,0,0,17,0,17,0,0,95,0,95,0,0,112,0,112,0,0,0,112
04/01/2020,BAZ,TX,ASW,CE,Federal Contract Tower,0,0,16,0,16,0,0,104,0,104,0,0,120,0,120,0,0,0,120
04/02/2020,BAZ,TX,ASW,CE,Federal Contract Tower,0,1,12,0,13,0,0,5,0,5,0,1,17,0,18,0,0,0,18
04/03/2020,BAZ,TX,ASW,CE,Federal Contract Tower,0,0,1,0,1,0,0,1,0,1,0,0,2,0,2,0,0,0,2
04/04/2020,BAZ,TX,ASW,CE,Federal Contract Tower,0,0,0,0,0,0,0,0,0,0,0,0,0,0,0,0,0,0,0
04/05/2020,BAZ,TX,ASW,CE,Federal Contract Tower,0,0,4,0,4,0,0,0,0,0,0,0,4,0,4,0,0,0,4
04/06/2020,BAZ,TX,ASW,CE,Federal Contract Tower,0,0,22,0,22,0,2,15,0,17,0,2,37,0,39,2,0,2,41
04/07/2020,BAZ,TX,ASW,CE,Federal Contract Tower,0,0,12,0,12,0,0,17,0,17,0,0,29,0,29,0,0,0,29
04/08/2020,BAZ,TX,ASW,CE,Federal Contract Tower,0,2,15,0,17,0,0,55,0,55,0,2,70,0,72,2,0,2,74
04/09/2020,BAZ,TX,ASW,CE,Federal Contract Tower,0,0,8,0,8,0,1,36,0,37,0,1,44,0,45,2,0,2,47
04/10/2020,BAZ,TX,ASW,CE,Federal Contract Tower,0,2,9,0,11,0,0,15,0,15,0,2,24,0,26,0,0,0,26
04/12/2020,BAZ,TX,ASW,CE,Federal Contract Tower,0,0,2,0,2,0,1,6,0,7,0,1,8,0,9,0,0,0,9
04/13/2020,BAZ,TX,ASW,CE,Federal Contract Tower,0,0,7,8,15,0,5,75,0,80,0,5,82,8,95,4,0,4,99
04/14/2020,BAZ,TX,ASW,CE,Federal Contract Tower,0,0,14,8,22,0,0,79,0,79,0,0,93,8,101,4,4,8,109
04/15/2020,BAZ,TX,ASW,CE,Federal Contract Tower,0,0,6,15,21,0,0,110,1,111,0,0,116,16,132,2,6,8,140
04/16/2020,BAZ,TX,ASW,CE,Federal Contract Tower,0,0,11,4,15,0,0,93,0,93,0,0,104,4,108,0,4,4,112
04/17/2020,BAZ,TX,ASW,CE,Federal Contract Tower,0,0,11,22,33,0,0,9,3,12,0,0,20,25,45,0,10,10,55
04/18/2020,BAZ,TX,ASW,CE,Federal Contract Tower,0,0,2,14,16,0,0,6,0,6,0,0,8,14,22,4,0,4,26
04/19/2020,BAZ,TX,ASW,CE,Federal Contract Tower,0,0,5,0,5,0,0,34,2,36,0,0,39,2,41,22,2,24,65
04/20/2020,BAZ,TX,ASW,CE,Federal Contract Tower,0,2,21,6,29,0,4,104,2,110,0,6,125,8,139,256,8,264,403
04/21/2020,BAZ,TX,ASW,CE,Federal Contract Tower,0,4,24,4,32,0,0,83,0,83,0,4,107,4,115,60,0,60,175
04/22/2020,BAZ,TX,ASW,CE,Federal Contract Tower,0,0,1,2,3,0,1,5,0,6,0,1,6,2,9,16,0,16,25
04/23/2020,BAZ,TX,ASW,CE,Federal Contract Tower,0,0,33,2,35,0,1,122,0,123,0,1,155,2,158,178,0,178,336
04/24/2020,BAZ,TX,ASW,CE,Federal Contract Tower,0,0,10,18,28,0,0,59,0,59,0,0,69,18,87,74,10,84,171
04/25/2020,BAZ,TX,ASW,CE,Federal Contract Tower,0,0,3,2,5,0,3,47,0,50,0,3,50,2,55,14,0,14,69
04/26/2020,BAZ,TX,ASW,CE,Federal Contract Tower,0,0,2,0,2,0,0,112,0,112,0,0,114,0,114,94,0,94,208
04/27/2020,BAZ,TX,ASW,CE,Federal Contract Tower,0,1,12,2,15,0,0,68,2,70,0,1,80,4,85,130,14,144,229
04/28/2020,BAZ,TX,ASW,CE,Federal Contract Tower,0,0,9,12,21,0,2,38,0,40,0,2,47,12,61,62,12,74,135
04/29/2020,BAZ,TX,ASW,CE,Federal Contract Tower,0,0,14,4,18,0,6,36,0,42,0,6,50,4,60,28,0,28,88
04/30/2020,BAZ,TX,ASW,CE,Federal Contract Tower,0,0,19,10,29,0,0,175,0,175,0,0,194,10,204,232,0,232,436
05/01/2020,BAZ,TX,ASW,CE,Federal Contract Tower,0,0,6,6,12,0,0,110,0,110,0,0,116,6,122,120,6,126,248
05/02/2020,BAZ,TX,ASW,CE,Federal Contract Tower,0,1,3,2,6,0,0,49,0,49,0,1,52,2,55,56,0,56,111
05/03/2020,BAZ,TX,ASW,CE,Federal Contract Tower,0,0,7,0,7,0,0,51,0,51,0,0,58,0,58,60,0,60,118
05/04/2020,BAZ,TX,ASW,CE,Federal Contract Tower,0,2,33,16,51,0,2,82,1,85,0,4,115,17,136,106,30,136,272
05/05/2020,BAZ,TX,ASW,CE,Federal Contract Tower,0,1,17,8,26,0,0,86,0,86,0,1,103,8,112,124,2,126,238
05/06/2020,BAZ,TX,ASW,CE,Federal Contract Tower,0,1,17,0,18,0,0,101,0,101,0,1,118,0,119,70,0,70,189
05/07/2020,BAZ,TX,ASW,CE,Federal Contract Tower,0,1,24,3,28,0,9,97,1,107,0,10,121,4,135,220,22,242,377
05/08/2020,BAZ,TX,ASW,CE,Federal Contract Tower,0,3,17,2,22,0,4,48,2,54,0,7,65,4,76,46,16,62,138
05/09/2020,BAZ,TX,ASW,CE,Federal Contract Tower,0,0,9,0,9,0,0,69,0,69,0,0,78,0,78,132,0,132,210
05/10/2020,BAZ,TX,ASW,CE,Federal Contract Tower,0,0,7,0,7,0,0,77,0,77,0,0,84,0,84,52,0,52,136
05/11/2020,BAZ,TX,ASW,CE,Federal Contract Tower,0,1,26,6,33,0,0,102,2,104,0,1,128,8,137,126,6,132,269
05/12/2020,BAZ,TX,ASW,CE,Federal Contract Tower,0,1,1,0,2,0,0,2,0,2,0,1,3,0,4,0,0,0,4
05/13/2020,BAZ,TX,ASW,CE,Federal Contract Tower,0,0,12,6,18,0,0,34,0,34,0,0,46,6,52,58,0,58,110
05/14/2020,BAZ,TX,ASW,CE,Federal Contract Tower,0,0,17,6,23,0,2,76,0,78,0,2,93,6,101,104,2,106,207
05/15/2020,BAZ,TX,ASW,CE,Federal Contract Tower,0,0,24,10,34,0,0,37,0,37,0,0,61,10,71,90,0,90,161
05/16/2020,BAZ,TX,ASW,CE,Federal Contract Tower,0,0,9,6,15,0,1,57,0,58,0,1,66,6,73,80,0,80,153
05/17/2020,BAZ,TX,ASW,CE,Federal Contract Tower,0,0,6,4,10,0,0,106,0,106,0,0,112,4,116,96,0,96,212
05/18/2020,BAZ,TX,ASW,CE,Federal Contract Tower,0,0,6,8,14,0,2,121,0,123,0,2,127,8,137,128,2,130,267
05/19/2020,BAZ,TX,ASW,CE,Federal Contract Tower,0,0,18,0,18,0,0,140,0,140,0,0,158,0,158,244,0,244,402
05/20/2020,BAZ,TX,ASW,CE,Federal Contract Tower,0,0,27,6,33,0,2,108,2,112,0,2,135,8,145,84,6,90,235
05/21/2020,BAZ,TX,ASW,CE,Federal Contract Tower,0,0,32,8,40,0,1,91,2,94,0,1,123,10,134,200,10,210,344
05/22/2020,BAZ,TX,ASW,CE,Federal Contract Tower,0,0,25,0,25,0,0,63,0,63,0,0,88,0,88,102,0,102,190
05/23/2020,BAZ,TX,ASW,CE,Federal Contract Tower,0,0,17,0,17,0,0,44,0,44,0,0,61,0,61,52,0,52,113
05/24/2020,BAZ,TX,ASW,CE,Federal Contract Tower,0,0,8,0,8,0,0,48,0,48,0,0,56,0,56,28,0,28,84
05/25/2020,BAZ,TX,ASW,CE,Federal Contract Tower,0,0,10,0,10,0,0,38,0,38,0,0,48,0,48,108,0,108,156
05/26/2020,BAZ,TX,ASW,CE,Federal Contract Tower,0,0,20,2,22,0,1,73,0,74,0,1,93,2,96,208,0,208,304
05/27/2020,BAZ,TX,ASW,CE,Federal Contract Tower,0,0,18,4,22,0,0,139,0,139,0,0,157,4,161,176,2,178,339
05/28/2020,BAZ,TX,ASW,CE,Federal Contract Tower,0,0,22,4,26,0,1,83,0,84,0,1,105,4,110,88,2,90,200
05/29/2020,BAZ,TX,ASW,CE,Federal Contract Tower,0,0,24,2,26,0,0,134,2,136,0,0,158,4,162,110,6,116,278
05/30/2020,BAZ,TX,ASW,CE,Federal Contract Tower,0,0,8,0,8,0,0,106,0,106,0,0,114,0,114,74,0,74,188
05/31/2020,BAZ,TX,ASW,CE,Federal Contract Tower,0,0,17,0,17,0,1,43,0,44,0,1,60,0,61,44,0,44,105
06/01/2020,BAZ,TX,ASW,CE,Federal Contract Tower,0,1,14,2,17,0,1,34,0,35,0,2,48,2,52,92,2,94,146
06/02/2020,BAZ,TX,ASW,CE,Federal Contract Tower,0,0,19,0,19,0,0,23,0,23,0,0,42,0,42,20,0,20,62
06/03/2020,BAZ,TX,ASW,CE,Federal Contract Tower,0,0,27,4,31,0,0,82,0,82,0,0,109,4,113,182,0,182,295
06/04/2020,BAZ,TX,ASW,CE,Federal Contract Tower,0,0,35,14,49,0,0,95,0,95,0,0,130,14,144,170,6,176,320
06/05/2020,BAZ,TX,ASW,CE,Federal Contract Tower,0,0,24,10,34,0,0,89,0,89,0,0,113,10,123,168,4,172,295
06/06/2020,BAZ,TX,ASW,CE,Federal Contract Tower,0,0,12,0,12,0,0,130,0,130,0,0,142,0,142,152,0,152,294
06/07/2020,BAZ,TX,ASW,CE,Federal Contract Tower,0,0,6,8,14,0,0,82,0,82,0,0,88,8,96,48,0,48,144
06/08/2020,BAZ,TX,ASW,CE,Federal Contract Tower,0,2,13,2,17,0,0,96,0,96,0,2,109,2,113,92,4,96,209
06/09/2020,BAZ,TX,ASW,CE,Federal Contract Tower,0,0,26,6,32,0,0,77,0,77,0,0,103,6,109,138,4,142,251
06/10/2020,BAZ,TX,ASW,CE,Federal Contract Tower,0,1,29,2,32,0,2,112,0,114,0,3,141,2,146,116,0,116,262
06/11/2020,BAZ,TX,ASW,CE,Federal Contract Tower,0,0,15,4,19,0,0,117,2,119,0,0,132,6,138,108,18,126,264
06/12/2020,BAZ,TX,ASW,CE,Federal Contract Tower,0,3,33,2,38,0,0,109,0,109,0,3,142,2,147,166,2,168,315
06/13/2020,BAZ,TX,ASW,CE,Federal Contract Tower,0,0,20,10,30,0,0,82,0,82,0,0,102,10,112,62,0,62,174
06/14/2020,BAZ,TX,ASW,CE,Federal Contract Tower,0,0,17,4,21,0,0,85,0,85,0,0,102,4,106,60,0,60,166
06/15/2020,BAZ,TX,ASW,CE,Federal Contract Tower,0,0,21,8,29,0,0,71,4,75,0,0,92,12,104,90,10,100,204
06/16/2020,BAZ,TX,ASW,CE,Federal Contract Tower,0,1,32,6,39,0,0,72,0,72,0,1,104,6,111,154,6,160,271
06/17/2020,BAZ,TX,ASW,CE,Federal Contract Tower,0,0,47,14,61,0,0,117,4,121,0,0,164,18,182,260,4,264,446
06/18/2020,BAZ,TX,ASW,CE,Federal Contract Tower,0,2,43,5,50,0,0,80,0,80,0,2,123,5,130,212,6,218,348
06/19/2020,BAZ,TX,ASW,CE,Federal Contract Tower,0,0,27,0,27,0,0,67,0,67,0,0,94,0,94,168,0,168,262
06/20/2020,BAZ,TX,ASW,CE,Federal Contract Tower,0,2,27,2,31,0,0,45,0,45,0,2,72,2,76,84,0,84,160
06/21/2020,BAZ,TX,ASW,CE,Federal Contract Tower,0,0,43,0,43,0,0,48,0,48,0,0,91,0,91,36,0,36,127
06/22/2020,BAZ,TX,ASW,CE,Federal Contract Tower,0,2,34,4,40,0,2,76,0,78,0,4,110,4,118,120,0,120,238
06/23/2020,BAZ,TX,ASW,CE,Federal Contract Tower,0,0,25,2,27,0,4,47,0,51,0,4,72,2,78,54,2,56,134
06/24/2020,BAZ,TX,ASW,CE,Federal Contract Tower,0,0,31,12,43,0,0,73,0,73,0,0,104,12,116,114,2,116,232
06/25/2020,BAZ,TX,ASW,CE,Federal Contract Tower,0,0,29,2,31,0,1,80,0,81,0,1,109,2,112,124,2,126,238
06/26/2020,BAZ,TX,ASW,CE,Federal Contract Tower,0,1,13,0,14,0,0,0,0,0,0,1,13,0,14,0,0,0,14
06/27/2020,BAZ,TX,ASW,CE,Federal Contract Tower,0,0,18,0,18,0,2,16,0,18,0,2,34,0,36,0,0,0,36
06/28/2020,BAZ,TX,ASW,CE,Federal Contract Tower,0,0,19,0,19,0,0,24,0,24,0,0,43,0,43,2,0,2,45
06/29/2020,BAZ,TX,ASW,CE,Federal Contract Tower,0,0,49,8,57,0,2,33,4,39,0,2,82,12,96,52,14,66,162
06/30/2020,BAZ,TX,ASW,CE,Federal Contract Tower,0,2,21,6,29,0,0,54,0,54,0,2,75,6,83,88,10,98,181
07/01/2020,BAZ,TX,ASW,CE,Federal Contract Tower,0,4,56,8,68,0,0,60,4,64,0,4,116,12,132,134,22,156,288
07/02/2020,BAZ,TX,ASW,CE,Federal Contract Tower,0,2,32,4,38,0,0,94,0,94,0,2,126,4,132,124,2,126,258
07/03/2020,BAZ,TX,ASW,CE,Federal Contract Tower,0,1,9,0,10,0,0,88,0,88,0,1,97,0,98,74,0,74,172
07/04/2020,BAZ,TX,ASW,CE,Federal Contract Tower,0,0,3,0,3,0,0,130,0,130,0,0,133,0,133,62,0,62,195
07/05/2020,BAZ,TX,ASW,CE,Federal Contract Tower,0,0,13,0,13,0,0,67,0,67,0,0,80,0,80,64,0,64,144
07/06/2020,BAZ,TX,ASW,CE,Federal Contract Tower,0,2,11,0,13,0,0,66,0,66,0,2,77,0,79,108,0,108,187
07/07/2020,BAZ,TX,ASW,CE,Federal Contract Tower,0,0,25,11,36,0,0,83,1,84,0,0,108,12,120,142,6,148,268
07/08/2020,BAZ,TX,ASW,CE,Federal Contract Tower,0,0,25,4,29,0,0,82,0,82,0,0,107,4,111,202,4,206,317
07/09/2020,BAZ,TX,ASW,CE,Federal Contract Tower,0,2,26,2,30,0,0,69,2,71,0,2,95,4,101,88,0,88,189
07/10/2020,BAZ,TX,ASW,CE,Federal Contract Tower,0,0,17,10,27,0,1,77,0,78,0,1,94,10,105,100,8,108,213
07/11/2020,BAZ,TX,ASW,CE,Federal Contract Tower,0,0,7,0,7,0,2,84,0,86,0,2,91,0,93,72,0,72,165
07/12/2020,BAZ,TX,ASW,CE,Federal Contract Tower,0,0,7,4,11,0,5,66,0,71,0,5,73,4,82,14,0,14,96
07/13/2020,BAZ,TX,ASW,CE,Federal Contract Tower,0,0,10,6,16,0,0,110,2,112,0,0,120,8,128,332,6,338,466
07/14/2020,BAZ,TX,ASW,CE,Federal Contract Tower,0,0,5,8,13,0,0,84,2,86,0,0,89,10,99,364,10,374,473
07/15/2020,BAZ,TX,ASW,CE,Federal Contract Tower,0,0,16,14,30,0,0,88,0,88,0,0,104,14,118,8,0,8,126
07/16/2020,BAZ,TX,ASW,CE,Federal Contract Tower,0,0,20,13,33,0,0,131,3,134,0,0,151,16,167,198,0,198,365
07/17/2020,BAZ,TX,ASW,CE,Federal Contract Tower,0,0,13,5,18,0,0,133,3,136,0,0,146,8,154,202,12,214,368
07/18/2020,BAZ,TX,ASW,CE,Federal Contract Tower,0,0,15,6,21,0,0,133,0,133,0,0,148,6,154,118,4,122,276
07/19/2020,BAZ,TX,ASW,CE,Federal Contract Tower,0,0,12,0,12,0,0,0,0,0,0,0,12,0,12,78,8,86,98
07/20/2020,BAZ,TX,ASW,CE,Federal Contract Tower,0,0,12,0,12,0,0,98,2,100,0,0,110,2,112,178,8,186,298
07/21/2020,BAZ,TX,ASW,CE,Federal Contract Tower,0,0,27,12,39,0,4,80,0,84,0,4,107,12,123,168,6,174,297
07/22/2020,BAZ,TX,ASW,CE,Federal Contract Tower,0,2,24,10,36,0,3,110,2,115,0,5,134,12,151,126,16,142,293
07/23/2020,BAZ,TX,ASW,CE,Federal Contract Tower,0,0,25,8,33,0,3,62,0,65,0,3,87,8,98,104,4,108,206
07/24/2020,BAZ,TX,ASW,CE,Federal Contract Tower,0,0,23,2,25,0,0,78,2,80,0,0,101,4,105,106,6,112,217
07/25/2020,BAZ,TX,ASW,CE,Federal Contract Tower,0,0,11,0,11,0,0,9,0,9,0,0,20,0,20,8,0,8,28
07/26/2020,BAZ,TX,ASW,CE,Federal Contract Tower,0,0,8,0,8,0,2,36,0,38,0,2,44,0,46,34,0,34,80
07/27/2020,BAZ,TX,ASW,CE,Federal Contract Tower,0,0,20,10,30,0,0,59,0,59,0,0,79,10,89,100,0,100,189
07/28/2020,BAZ,TX,ASW,CE,Federal Contract Tower,0,0,22,0,22,0,0,84,4,88,0,0,106,4,110,113,0,113,223
07/29/2020,BAZ,TX,ASW,CE,Federal Contract Tower,0,0,39,10,49,0,0,96,0,96,0,0,135,10,145,170,0,170,315
07/30/2020,BAZ,TX,ASW,CE,Federal Contract Tower,0,0,28,2,30,0,2,90,0,92,0,2,118,2,122,78,2,80,202
07/31/2020,BAZ,TX,ASW,CE,Federal Contract Tower,0,0,22,2,24,0,0,75,0,75,0,0,97,2,99,96,2,98,197
08/01/2020,BAZ,TX,ASW,CE,Federal Contract Tower,0,0,7,0,7,0,0,86,0,86,0,0,93,0,93,76,0,76,169
08/02/2020,BAZ,TX,ASW,CE,Federal Contract Tower,0,0,8,0,8,0,0,97,0,97,0,0,105,0,105,78,0,78,183
08/03/2020,BAZ,TX,ASW,CE,Federal Contract Tower,0,0,18,1,19,0,0,110,1,111,0,0,128,2,130,164,4,168,298
08/04/2020,BAZ,TX,ASW,CE,Federal Contract Tower,0,0,30,10,40,0,3,110,0,113,0,3,140,10,153,208,8,216,369
08/05/2020,BAZ,TX,ASW,CE,Federal Contract Tower,0,0,39,0,39,0,3,114,0,117,0,3,153,0,156,248,0,248,404
08/06/2020,BAZ,TX,ASW,CE,Federal Contract Tower,0,2,34,5,41,0,1,92,3,96,0,3,126,8,137,102,12,114,251
08/07/2020,BAZ,TX,ASW,CE,Federal Contract Tower,0,0,29,0,29,0,0,87,2,89,0,0,116,2,118,182,10,192,310
08/08/2020,BAZ,TX,ASW,CE,Federal Contract Tower,0,2,7,0,9,0,0,81,0,81,0,2,88,0,90,64,0,64,154
08/09/2020,BAZ,TX,ASW,CE,Federal Contract Tower,0,0,9,0,9,0,2,45,0,47,0,2,54,0,56,84,0,84,140
08/10/2020,BAZ,TX,ASW,CE,Federal Contract Tower,0,0,22,10,32,0,0,88,0,88,0,0,110,10,120,76,4,80,200
08/11/2020,BAZ,TX,ASW,CE,Federal Contract Tower,0,0,23,10,33,0,0,81,2,83,0,0,104,12,116,246,6,252,368
08/12/2020,BAZ,TX,ASW,CE,Federal Contract Tower,0,0,21,4,25,0,0,69,0,69,0,0,90,4,94,90,0,90,184
08/13/2020,BAZ,TX,ASW,CE,Federal Contract Tower,0,0,23,0,23,0,0,119,4,123,0,0,142,4,146,160,22,182,328
08/14/2020,BAZ,TX,ASW,CE,Federal Contract Tower,0,0,25,5,30,0,0,86,1,87,0,0,111,6,117,219,4,223,340
08/15/2020,BAZ,TX,ASW,CE,Federal Contract Tower,0,1,14,2,17,0,4,81,0,85,0,5,95,2,102,124,0,124,226
08/16/2020,BAZ,TX,ASW,CE,Federal Contract Tower,0,0,6,0,6,0,5,79,0,84,0,5,85,0,90,56,0,56,146
08/17/2020,BAZ,TX,ASW,CE,Federal Contract Tower,0,2,11,0,13,0,3,83,2,88,0,5,94,2,101,122,0,122,223
08/18/2020,BAZ,TX,ASW,CE,Federal Contract Tower,0,0,9,0,9,0,0,124,0,124,0,0,133,0,133,188,0,188,321
08/19/2020,BAZ,TX,ASW,CE,Federal Contract Tower,0,0,18,0,18,0,0,125,4,129,0,0,143,4,147,130,6,136,283
08/20/2020,BAZ,TX,ASW,CE,Federal Contract Tower,0,0,19,4,23,0,0,124,0,124,0,0,143,4,147,276,0,276,423
08/21/2020,BAZ,TX,ASW,CE,Federal Contract Tower,0,0,27,4,31,0,3,104,0,107,0,3,131,4,138,164,0,164,302
08/22/2020,BAZ,TX,ASW,CE,Federal Contract Tower,0,0,3,0,3,0,0,23,0,23,0,0,26,0,26,10,0,10,36
08/23/2020,BAZ,TX,ASW,CE,Federal Contract Tower,0,0,6,0,6,0,0,143,0,143,0,0,149,0,149,118,0,118,267
08/24/2020,BAZ,TX,ASW,CE,Federal Contract Tower,0,0,9,4,13,0,0,98,2,100,0,0,107,6,113,150,6,156,269
08/25/2020,BAZ,TX,ASW,CE,Federal Contract Tower,0,0,13,8,21,0,1,88,4,93,0,1,101,12,114,136,14,150,264
08/26/2020,BAZ,TX,ASW,CE,Federal Contract Tower,0,1,37,2,40,0,2,69,2,73,0,3,106,4,113,154,0,154,267
08/27/2020,BAZ,TX,ASW,CE,Federal Contract Tower,0,1,7,0,8,0,0,115,0,115,0,1,122,0,123,196,0,196,319
08/28/2020,BAZ,TX,ASW,CE,Federal Contract Tower,0,0,9,2,11,0,1,74,0,75,0,1,83,2,86,144,2,146,232
08/29/2020,BAZ,TX,ASW,CE,Federal Contract Tower,0,0,3,0,3,0,0,92,0,92,0,0,95,0,95,176,0,176,271
08/30/2020,BAZ,TX,ASW,CE,Federal Contract Tower,0,0,7,0,7,0,0,69,0,69,0,0,76,0,76,122,0,122,198
08/31/2020,BAZ,TX,ASW,CE,Federal Contract Tower,0,1,18,26,45,0,0,86,10,96,0,1,104,36,141,172,12,184,325
09/01/2020,BAZ,TX,ASW,CE,Federal Contract Tower,0,1,24,6,31,0,0,76,0,76,0,1,100,6,107,142,4,146,253
09/02/2020,BAZ,TX,ASW,CE,Federal Contract Tower,0,0,21,8,29,0,0,51,0,51,0,0,72,8,80,68,22,90,170
09/03/2020,BAZ,TX,ASW,CE,Federal Contract Tower,0,1,30,2,33,0,0,48,0,48,0,1,78,2,81,88,0,88,169
09/04/2020,BAZ,TX,ASW,CE,Federal Contract Tower,0,1,15,0,16,0,0,18,0,18,0,1,33,0,34,10,0,10,44
09/05/2020,BAZ,TX,ASW,CE,Federal Contract Tower,0,0,8,0,8,0,0,65,0,65,0,0,73,0,73,104,0,104,177
09/06/2020,BAZ,TX,ASW,CE,Federal Contract Tower,0,0,8,0,8,0,0,100,4,104,0,0,108,4,112,110,0,110,222
09/07/2020,BAZ,TX,ASW,CE,Federal Contract Tower,0,0,14,0,14,0,0,142,0,142,0,0,156,0,156,134,0,134,290
09/08/2020,BAZ,TX,ASW,CE,Federal Contract Tower,0,0,27,6,33,0,0,54,0,54,0,0,81,6,87,102,6,108,195
09/09/2020,BAZ,TX,ASW,CE,Federal Contract Tower,0,1,3,0,4,0,0,3,0,3,0,1,6,0,7,0,0,0,7
09/10/2020,BAZ,TX,ASW,CE,Federal Contract Tower,0,1,36,2,39,0,0,2,0,2,0,1,38,2,41,6,0,6,47
09/11/2020,BAZ,TX,ASW,CE,Federal Contract Tower,0,0,22,1,23,0,0,77,1,78,0,0,99,2,101,160,10,170,271
09/12/2020,BAZ,TX,ASW,CE,Federal Contract Tower,0,0,10,0,10,0,0,156,0,156,0,0,166,0,166,140,0,140,306
09/13/2020,BAZ,TX,ASW,CE,Federal Contract Tower,0,0,19,0,19,0,0,43,0,43,0,0,62,0,62,42,0,42,104
09/14/2020,BAZ,TX,ASW,CE,Federal Contract Tower,0,0,20,8,28,0,0,60,1,61,0,0,80,9,89,94,16,110,199
09/15/2020,BAZ,TX,ASW,CE,Federal Contract Tower,0,2,18,8,28,0,0,117,0,117,0,2,135,8,145,170,6,176,321
09/16/2020,BAZ,TX,ASW,CE,Federal Contract Tower,0,0,15,2,17,0,0,114,0,114,0,0,129,2,131,196,6,202,333
09/17/2020,BAZ,TX,ASW,CE,Federal Contract Tower,0,0,13,0,13,0,0,74,0,74,0,0,87,0,87,108,0,108,195
09/18/2020,BAZ,TX,ASW,CE,Federal Contract Tower,0,2,19,5,26,0,2,104,1,107,0,4,123,6,133,144,0,144,277
09/19/2020,BAZ,TX,ASW,CE,Federal Contract Tower,0,0,22,0,22,0,0,89,0,89,0,0,111,0,111,98,0,98,209
09/20/2020,BAZ,TX,ASW,CE,Federal Contract Tower,0,0,16,2,18,0,0,44,5,49,0,0,60,7,67,10,16,26,93
09/21/2020,BAZ,TX,ASW,CE,Federal Contract Tower,0,1,15,0,16,0,0,0,0,0,0,1,15,0,16,0,0,0,16
09/22/2020,BAZ,TX,ASW,CE,Federal Contract Tower,0,0,36,4,40,0,0,10,0,10,0,0,46,4,50,10,4,14,64
09/23/2020,BAZ,TX,ASW,CE,Federal Contract Tower,0,2,40,0,42,0,0,40,0,40,0,2,80,0,82,180,0,180,262
09/24/2020,BAZ,TX,ASW,CE,Federal Contract Tower,0,0,43,4,47,0,0,124,0,124,0,0,167,4,171,222,0,222,393
09/25/2020,BAZ,TX,ASW,CE,Federal Contract Tower,0,0,28,0,28,0,0,130,0,130,0,0,158,0,158,181,0,181,339
09/26/2020,BAZ,TX,ASW,CE,Federal Contract Tower,0,0,33,0,33,0,0,46,0,46,0,0,79,0,79,42,0,42,121
09/27/2020,BAZ,TX,ASW,CE,Federal Contract Tower,0,0,21,0,21,0,0,40,0,40,0,0,61,0,61,30,0,30,91
09/28/2020,BAZ,TX,ASW,CE,Federal Contract Tower,0,0,13,6,19,0,0,21,0,21,0,0,34,6,40,10,24,34,74
09/29/2020,BAZ,TX,ASW,CE,Federal Contract Tower,0,0,16,2,18,0,2,151,0,153,0,2,167,2,171,162,6,168,339
09/30/2020,BAZ,TX,ASW,CE,Federal Contract Tower,0,0,15,4,19,0,0,128,0,128,0,0,143,4,147,182,0,182,329
10/01/2020,BAZ,TX,ASW,CE,Federal Contract Tower,0,0,13,1,14,0,0,132,1,133,0,0,145,2,147,180,16,196,343
10/02/2020,BAZ,TX,ASW,CE,Federal Contract Tower,0,0,21,11,32,0,0,139,1,140,0,0,160,12,172,172,10,182,354
10/03/2020,BAZ,TX,ASW,CE,Federal Contract Tower,0,1,14,14,29,0,0,89,0,89,0,1,103,14,118,106,4,110,228
10/04/2020,BAZ,TX,ASW,CE,Federal Contract Tower,0,0,10,2,12,0,0,115,0,115,0,0,125,2,127,50,0,50,177
10/05/2020,BAZ,TX,ASW,CE,Federal Contract Tower,0,2,23,8,33,0,0,99,0,99,0,2,122,8,132,138,2,140,272
10/06/2020,BAZ,TX,ASW,CE,Federal Contract Tower,0,1,28,2,31,0,0,65,0,65,0,1,93,2,96,168,0,168,264
10/07/2020,BAZ,TX,ASW,CE,Federal Contract Tower,0,2,23,0,25,0,2,111,0,113,0,4,134,0,138,200,0,200,338
10/08/2020,BAZ,TX,ASW,CE,Federal Contract Tower,0,1,29,2,32,0,0,113,0,113,0,1,142,2,145,216,0,216,361
10/09/2020,BAZ,TX,ASW,CE,Federal Contract Tower,0,0,26,8,34,0,0,31,0,31,0,0,57,8,65,52,0,52,117
10/10/2020,BAZ,TX,ASW,CE,Federal Contract Tower,0,0,11,0,11,0,0,80,0,80,0,0,91,0,91,70,0,70,161
10/11/2020,BAZ,TX,ASW,CE,Federal Contract Tower,0,0,9,0,9,0,0,56,0,56,0,0,65,0,65,14,0,14,79
10/12/2020,BAZ,TX,ASW,CE,Federal Contract Tower,0,0,52,0,52,0,3,88,0,91,0,3,140,0,143,128,0,128,271
10/13/2020,BAZ,TX,ASW,CE,Federal Contract Tower,0,2,28,3,33,0,0,102,1,103,0,2,130,4,136,188,0,188,324
10/14/2020,BAZ,TX,ASW,CE,Federal Contract Tower,0,2,29,11,42,0,0,65,3,68,0,2,94,14,110,112,0,112,222
10/15/2020,BAZ,TX,ASW,CE,Federal Contract Tower,0,2,37,13,52,0,0,40,0,40,0,2,77,13,92,80,0,80,172
10/16/2020,BAZ,TX,ASW,CE,Federal Contract Tower,0,0,16,2,18,0,0,27,0,27,0,0,43,2,45,38,0,38,83
10/17/2020,BAZ,TX,ASW,CE,Federal Contract Tower,0,0,12,0,12,0,0,6,0,6,0,0,18,0,18,6,0,6,24
10/18/2020,BAZ,TX,ASW,CE,Federal Contract Tower,0,0,37,0,37,0,0,28,0,28,0,0,65,0,65,26,0,26,91
10/19/2020,BAZ,TX,ASW,CE,Federal Contract Tower,0,0,25,11,36,0,0,58,0,58,0,0,83,11,94,106,6,112,206
10/20/2020,BAZ,TX,ASW,CE,Federal Contract Tower,0,0,27,8,35,0,4,83,0,87,0,4,110,8,122,184,6,190,312
10/21/2020,BAZ,TX,ASW,CE,Federal Contract Tower,0,2,27,14,43,0,0,65,4,69,0,2,92,18,112,184,14,198,310
10/22/2020,BAZ,TX,ASW,CE,Federal Contract Tower,0,0,49,4,53,0,1,54,0,55,0,1,103,4,108,112,2,114,222
10/23/2020,BAZ,TX,ASW,CE,Federal Contract Tower,0,3,24,8,35,0,3,50,0,53,0,6,74,8,88,100,2,102,190
10/24/2020,BAZ,TX,ASW,CE,Federal Contract Tower,0,0,20,0,20,0,2,66,0,68,0,2,86,0,88,70,0,70,158
10/25/2020,BAZ,TX,ASW,CE,Federal Contract Tower,0,0,27,0,27,0,0,51,0,51,0,0,78,0,78,16,0,16,94
10/26/2020,BAZ,TX,ASW,CE,Federal Contract Tower,0,1,45,16,62,0,0,25,0,25,0,1,70,16,87,66,0,66,153
10/27/2020,BAZ,TX,ASW,CE,Federal Contract Tower,0,0,35,0,35,0,0,2,0,2,0,0,37,0,37,10,0,10,47
10/28/2020,BAZ,TX,ASW,CE,Federal Contract Tower,0,0,43,16,59,0,0,46,2,48,0,0,89,18,107,108,2,110,217
10/29/2020,BAZ,TX,ASW,CE,Federal Contract Tower,0,3,29,4,36,0,4,69,4,77,0,7,98,8,113,90,22,112,225
10/30/2020,BAZ,TX,ASW,CE,Federal Contract Tower,0,0,49,2,51,0,2,114,0,116,0,2,163,2,167,192,2,194,361
10/31/2020,BAZ,TX,ASW,CE,Federal Contract Tower,0,2,31,0,33,0,0,114,0,114,0,2,145,0,147,126,0,126,273
11/01/2020,BAZ,TX,ASW,CE,Federal Contract Tower,0,0,13,0,13,0,0,71,0,71,0,0,84,0,84,52,0,52,136
11/02/2020,BAZ,TX,ASW,CE,Federal Contract Tower,0,0,51,8,59,0,0,98,0,98,0,0,149,8,157,156,6,162,319
11/03/2020,BAZ,TX,ASW,CE,Federal Contract Tower,0,0,31,8,39,0,4,89,2,95,0,4,120,10,134,200,16,216,350
11/04/2020,BAZ,TX,ASW,CE,Federal Contract Tower,0,0,21,9,30,0,0,87,8,95,0,0,108,17,125,156,24,180,305
11/05/2020,BAZ,TX,ASW,CE,Federal Contract Tower,0,0,42,4,46,0,2,78,0,80,0,2,120,4,126,112,6,118,244
11/06/2020,BAZ,TX,ASW,CE,Federal Contract Tower,0,1,46,2,49,0,0,63,0,63,0,1,109,2,112,98,0,98,210
11/07/2020,BAZ,TX,ASW,CE,Federal Contract Tower,0,0,18,0,18,0,2,89,0,91,0,2,107,0,109,140,0,140,249
11/08/2020,BAZ,TX,ASW,CE,Federal Contract Tower,0,0,21,0,21,0,2,60,2,64,0,2,81,2,85,20,18,38,123
11/09/2020,BAZ,TX,ASW,CE,Federal Contract Tower,0,2,43,12,57,0,0,63,0,63,0,2,106,12,120,108,8,116,236
11/10/2020,BAZ,TX,ASW,CE,Federal Contract Tower,0,2,38,10,50,0,0,24,0,24,0,2,62,10,74,58,16,74,148
11/11/2020,BAZ,TX,ASW,CE,Federal Contract Tower,0,0,32,0,32,0,10,111,0,121,0,10,143,0,153,132,0,132,285
11/12/2020,BAZ,TX,ASW,CE,Federal Contract Tower,0,0,42,0,42,0,1,63,0,64,0,1,105,0,106,94,0,94,200
11/13/2020,BAZ,TX,ASW,CE,Federal Contract Tower,0,2,41,4,47,0,0,59,0,59,0,2,100,4,106,62,8,70,176
11/14/2020,BAZ,TX,ASW,CE,Federal Contract Tower,0,0,17,2,19,0,0,38,0,38,0,0,55,2,57,56,0,56,113
11/15/2020,BAZ,TX,ASW,CE,Federal Contract Tower,0,0,12,4,16,0,0,45,0,45,0,0,57,4,61,32,0,32,93
11/16/2020,BAZ,TX,ASW,CE,Federal Contract Tower,0,0,34,4,38,0,0,126,1,127,0,0,160,5,165,146,12,158,323
11/17/2020,BAZ,TX,ASW,CE,Federal Contract Tower,0,3,34,4,41,0,0,92,6,98,0,3,126,10,139,206,22,228,367
11/18/2020,BAZ,TX,ASW,CE,Federal Contract Tower,0,0,32,6,38,0,0,105,3,108,0,0,137,9,146,170,18,188,334
11/19/2020,BAZ,TX,ASW,CE,Federal Contract Tower,0,0,15,4,19,0,0,70,0,70,0,0,85,4,89,148,0,148,237
11/20/2020,BAZ,TX,ASW,CE,Federal Contract Tower,0,0,18,2,20,0,0,57,0,57,0,0,75,2,77,90,0,90,167
11/21/2020,BAZ,TX,ASW,CE,Federal Contract Tower,0,1,22,8,31,0,1,49,0,50,0,2,71,8,81,48,4,52,133
11/22/2020,BAZ,TX,ASW,CE,Federal Contract Tower,0,0,17,0,17,0,0,44,0,44,0,0,61,0,61,20,0,20,81
11/23/2020,BAZ,TX,ASW,CE,Federal Contract Tower,0,0,36,12,48,0,0,74,0,74,0,0,110,12,122,138,0,138,260
11/24/2020,BAZ,TX,ASW,CE,Federal Contract Tower,0,0,18,6,24,0,0,29,1,30,0,0,47,7,54,28,8,36,90
11/25/2020,BAZ,TX,ASW,CE,Federal Contract Tower,0,0,26,2,28,0,0,99,0,99,0,0,125,2,127,198,2,200,327
11/27/2020,BAZ,TX,ASW,CE,Federal Contract Tower,0,1,6,0,7,0,0,0,0,0,0,1,6,0,7,0,0,0,7
11/28/2020,BAZ,TX,ASW,CE,Federal Contract Tower,0,1,3,0,4,0,0,0,0,0,0,1,3,0,4,0,0,0,4
11/29/2020,BAZ,TX,ASW,CE,Federal Contract Tower,0,0,21,0,21,0,0,51,0,51,0,0,72,0,72,60,0,60,132
11/30/2020,BAZ,TX,ASW,CE,Federal Contract Tower,0,0,21,16,37,0,2,70,2,74,0,2,91,18,111,166,0,166,277
12/01/2020,BAZ,TX,ASW,CE,Federal Contract Tower,0,0,29,7,36,0,0,60,1,61,0,0,89,8,97,92,16,108,205
12/02/2020,BAZ,TX,ASW,CE,Federal Contract Tower,0,0,45,0,45,0,0,51,0,51,0,0,96,0,96,152,0,152,248
12/03/2020,BAZ,TX,ASW,CE,Federal Contract Tower,0,2,26,5,33,0,4,68,3,75,0,6,94,8,108,154,2,156,264
12/04/2020,BAZ,TX,ASW,CE,Federal Contract Tower,0,2,13,6,21,0,3,98,2,103,0,5,111,8,124,132,8,140,264
12/05/2020,BAZ,TX,ASW,CE,Federal Contract Tower,0,0,4,4,8,0,1,84,0,85,0,1,88,4,93,134,0,134,227
12/06/2020,BAZ,TX,ASW,CE,Federal Contract Tower,0,1,11,0,12,0,0,74,0,74,0,1,85,0,86,86,0,86,172
12/07/2020,BAZ,TX,ASW,CE,Federal Contract Tower,0,0,20,4,24,0,0,77,4,81,0,0,97,8,105,110,26,136,241
12/08/2020,BAZ,TX,ASW,CE,Federal Contract Tower,0,0,27,3,30,0,0,73,0,73,0,0,100,3,103,146,10,156,259
12/09/2020,BAZ,TX,ASW,CE,Federal Contract Tower,0,0,32,6,38,0,5,80,0,85,0,5,112,6,123,170,2,172,295
12/10/2020,BAZ,TX,ASW,CE,Federal Contract Tower,0,1,27,10,38,0,1,83,4,88,0,2,110,14,126,98,18,116,242
12/11/2020,BAZ,TX,ASW,CE,Federal Contract Tower,0,3,30,10,43,0,0,27,0,27,0,3,57,10,70,52,4,56,126
12/12/2020,BAZ,TX,ASW,CE,Federal Contract Tower,0,0,22,4,26,0,1,85,0,86,0,1,107,4,112,84,0,84,196
12/13/2020,BAZ,TX,ASW,CE,Federal Contract Tower,0,0,10,0,10,0,1,2,0,3,0,1,12,0,13,0,0,0,13
12/14/2020,BAZ,TX,ASW,CE,Federal Contract Tower,0,0,32,4,36,0,0,94,0,94,0,0,126,4,130,204,0,204,334
12/15/2020,BAZ,TX,ASW,CE,Federal Contract Tower,0,2,41,6,49,0,7,31,0,38,0,9,72,6,87,48,2,50,137
12/16/2020,BAZ,TX,ASW,CE,Federal Contract Tower,0,0,35,2,37,0,4,89,0,93,0,4,124,2,130,144,0,144,274
12/18/2020,BAZ,TX,ASW,CE,Federal Contract Tower,0,2,34,6,42,0,2,45,0,47,0,4,79,6,89,88,0,88,177
12/19/2020,BAZ,TX,ASW,CE,Federal Contract Tower,0,2,8,2,12,0,0,19,0,19,0,2,27,2,31,36,0,36,67
12/20/2020,BAZ,TX,ASW,CE,Federal Contract Tower,0,0,10,0,10,0,0,87,0,87,0,0,97,0,97,60,0,60,157
12/21/2020,BAZ,TX,ASW,CE,Federal Contract Tower,0,1,6,4,11,0,0,78,2,80,0,1,84,6,91,184,12,196,287
12/22/2020,BAZ,TX,ASW,CE,Federal Contract Tower,0,0,27,1,28,0,0,67,3,70,0,0,94,4,98,178,6,184,282
12/23/2020,BAZ,TX,ASW,CE,Federal Contract Tower,0,1,10,0,11,0,0,42,0,42,0,1,52,0,53,60,0,60,113
12/24/2020,BAZ,TX,ASW,CE,Federal Contract Tower,0,0,13,0,13,0,0,22,0,22,0,0,35,0,35,4,0,4,39
12/25/2020,BAZ,TX,ASW,CE,Federal Contract Tower,0,0,5,0,5,0,0,37,0,37,0,0,42,0,42,16,0,16,58
12/26/2020,BAZ,TX,ASW,CE,Federal Contract Tower,0,3,13,0,16,0,0,45,0,45,0,3,58,0,61,44,0,44,105
12/27/2020,BAZ,TX,ASW,CE,Federal Contract Tower,0,0,8,0,8,0,2,56,0,58,0,2,64,0,66,18,0,18,84
12/28/2020,BAZ,TX,ASW,CE,Federal Contract Tower,0,1,27,0,28,0,1,31,0,32,0,2,58,0,60,82,0,82,142
12/29/2020,BAZ,TX,ASW,CE,Federal Contract Tower,0,0,13,0,13,0,0,14,0,14,0,0,27,0,27,4,0,4,31
12/30/2020,BAZ,TX,ASW,CE,Federal Contract Tower,0,0,19,0,19,0,0,12,0,12,0,0,31,0,31,22,0,22,53
12/31/2020,BAZ,TX,ASW,CE,Federal Contract Tower,0,0,0,0,0,0,0,0,0,0,0,0,0,0,0,0,0,0,0
01/01/2021,BAZ,TX,ASW,CE,Federal Contract Tower,0,0,9,0,9,0,0,32,0,32,0,0,41,0,41,56,0,56,97
01/02/2021,BAZ,TX,ASW,CE,Federal Contract Tower,0,2,14,0,16,0,7,90,0,97,0,9,104,0,113,134,0,134,247
01/03/2021,BAZ,TX,ASW,CE,Federal Contract Tower,0,1,31,0,32,0,7,62,0,69,0,8,93,0,101,60,0,60,161
01/04/2021,BAZ,TX,ASW,CE,Federal Contract Tower,0,0,25,0,25,0,0,74,0,74,0,0,99,0,99,128,0,128,227
01/05/2021,BAZ,TX,ASW,CE,Federal Contract Tower,0,0,36,9,45,0,0,19,1,20,0,0,55,10,65,34,18,52,117
01/06/2021,BAZ,TX,ASW,CE,Federal Contract Tower,0,0,7,0,7,0,0,13,0,13,0,0,20,0,20,26,0,26,46
01/07/2021,BAZ,TX,ASW,CE,Federal Contract Tower,0,2,26,0,28,0,0,112,0,112,0,2,138,0,140,68,0,68,208
01/08/2021,BAZ,TX,ASW,CE,Federal Contract Tower,0,0,34,0,34,0,7,103,0,110,0,7,137,0,144,186,0,186,330
01/09/2021,BAZ,TX,ASW,CE,Federal Contract Tower,0,0,27,0,27,0,0,75,0,75,0,0,102,0,102,82,0,82,184
01/10/2021,BAZ,TX,ASW,CE,Federal Contract Tower,0,2,4,0,6,0,0,0,0,0,0,2,4,0,6,0,0,0,6
01/11/2021,BAZ,TX,ASW,CE,Federal Contract Tower,0,0,10,1,11,0,1,52,1,54,0,1,62,2,65,156,2,158,223
01/12/2021,BAZ,TX,ASW,CE,Federal Contract Tower,0,0,14,6,20,0,0,66,0,66,0,0,80,6,86,88,4,92,178
01/13/2021,BAZ,TX,ASW,CE,Federal Contract Tower,0,2,20,3,25,0,1,94,2,97,0,3,114,5,122,142,2,144,266
01/14/2021,BAZ,TX,ASW,CE,Federal Contract Tower,0,0,23,2,25,0,1,92,0,93,0,1,115,2,118,106,2,108,226
01/15/2021,BAZ,TX,ASW,CE,Federal Contract Tower,0,0,19,10,29,0,2,67,0,69,0,2,86,10,98,102,6,108,206
01/16/2021,BAZ,TX,ASW,CE,Federal Contract Tower,0,0,20,0,20,0,5,89,0,94,0,5,109,0,114,62,0,62,176
01/17/2021,BAZ,TX,ASW,CE,Federal Contract Tower,0,0,27,0,27,0,0,86,0,86,0,0,113,0,113,58,0,58,171
01/18/2021,BAZ,TX,ASW,CE,Federal Contract Tower,0,0,38,0,38,0,0,51,0,51,0,0,89,0,89,118,0,118,207
01/19/2021,BAZ,TX,ASW,CE,Federal Contract Tower,0,2,31,6,39,0,0,7,0,7,0,2,38,6,46,20,2,22,68
01/20/2021,BAZ,TX,ASW,CE,Federal Contract Tower,0,0,23,0,23,0,0,0,0,0,0,0,23,0,23,10,0,10,33
01/21/2021,BAZ,TX,ASW,CE,Federal Contract Tower,0,2,22,6,30,0,0,21,0,21,0,2,43,6,51,76,0,76,127
01/22/2021,BAZ,TX,ASW,CE,Federal Contract Tower,0,0,38,6,44,0,0,95,0,95,0,0,133,6,139,130,4,134,273
01/23/2021,BAZ,TX,ASW,CE,Federal Contract Tower,0,2,7,0,9,0,2,0,0,2,0,4,7,0,11,0,0,0,11
01/24/2021,BAZ,TX,ASW,CE,Federal Contract Tower,0,0,4,0,4,0,0,0,0,0,0,0,4,0,4,0,0,0,4
01/25/2021,BAZ,TX,ASW,CE,Federal Contract Tower,0,10,14,8,32,0,3,76,0,79,0,13,90,8,111,120,4,124,235
01/26/2021,BAZ,TX,ASW,CE,Federal Contract Tower,0,0,28,4,32,0,0,86,0,86,0,0,114,4,118,88,2,90,208
01/27/2021,BAZ,TX,ASW,CE,Federal Contract Tower,0,0,28,6,34,0,0,48,0,48,0,0,76,6,82,56,6,62,144
01/28/2021,BAZ,TX,ASW,CE,Federal Contract Tower,0,0,29,2,31,0,2,83,0,85,0,2,112,2,116,124,2,126,242
01/29/2021,BAZ,TX,ASW,CE,Federal Contract Tower,0,0,14,11,25,0,0,78,4,82,0,0,92,15,107,114,0,114,221
01/30/2021,BAZ,TX,ASW,CE,Federal Contract Tower,0,0,15,2,17,0,0,29,0,29,0,0,44,2,46,24,0,24,70
01/31/2021,BAZ,TX,ASW,CE,Federal Contract Tower,0,0,17,5,22,0,0,65,0,65,0,0,82,5,87,6,18,24,111
02/01/2021,BAZ,TX,ASW,CE,Federal Contract Tower,0,0,17,8,25,0,0,73,3,76,0,0,90,11,101,86,8,94,195
02/02/2021,BAZ,TX,ASW,CE,Federal Contract Tower,0,1,28,8,37,0,0,93,2,95,0,1,121,10,132,180,10,190,322
02/03/2021,BAZ,TX,ASW,CE,Federal Contract Tower,0,0,27,2,29,0,3,56,0,59,0,3,83,2,88,100,2,102,190
02/04/2021,BAZ,TX,ASW,CE,Federal Contract Tower,0,1,18,0,19,0,0,53,0,53,0,1,71,0,72,118,0,118,190
02/05/2021,BAZ,TX,ASW,CE,Federal Contract Tower,0,0,14,0,14,0,0,41,2,43,0,0,55,2,57,108,2,110,167
02/06/2021,BAZ,TX,ASW,CE,Federal Contract Tower,0,1,15,0,16,0,0,45,2,47,0,1,60,2,63,48,0,48,111
02/07/2021,BAZ,TX,ASW,CE,Federal Contract Tower,0,0,13,0,13,0,1,52,0,53,0,1,65,0,66,38,0,38,104
02/08/2021,BAZ,TX,ASW,CE,Federal Contract Tower,0,0,25,6,31,0,0,43,0,43,0,0,68,6,74,98,0,98,172
02/09/2021,BAZ,TX,ASW,CE,Federal Contract Tower,0,2,28,14,44,0,0,33,0,33,0,2,61,14,77,54,14,68,145
02/10/2021,BAZ,TX,ASW,CE,Federal Contract Tower,0,1,12,0,13,0,0,0,0,0,0,1,12,0,13,4,0,4,17
02/11/2021,BAZ,TX,ASW,CE,Federal Contract Tower,0,0,1,0,1,0,0,0,0,0,0,0,1,0,1,0,0,0,1
02/12/2021,BAZ,TX,ASW,CE,Federal Contract Tower,0,1,3,0,4,0,1,5,0,6,0,2,8,0,10,0,0,0,10
02/13/2021,BAZ,TX,ASW,CE,Federal Contract Tower,0,0,2,0,2,0,0,1,0,1,0,0,3,0,3,0,0,0,3
02/14/2021,BAZ,TX,ASW,CE,Federal Contract Tower,0,0,3,0,3,0,0,0,0,0,0,0,3,0,3,0,0,0,3
02/20/2021,BAZ,TX,ASW,CE,Federal Contract Tower,0,0,10,0,10,0,4,33,0,37,0,4,43,0,47,30,0,30,77
02/21/2021,BAZ,TX,ASW,CE,Federal Contract Tower,0,0,5,0,5,0,5,28,0,33,0,5,33,0,38,12,0,12,50
02/22/2021,BAZ,TX,ASW,CE,Federal Contract Tower,0,3,26,0,29,0,2,95,0,97,0,5,121,0,126,220,0,220,346
02/23/2021,BAZ,TX,ASW,CE,Federal Contract Tower,0,0,33,10,43,0,2,105,2,109,0,2,138,12,152,174,10,184,336
02/24/2021,BAZ,TX,ASW,CE,Federal Contract Tower,0,0,21,4,25,0,0,56,0,56,0,0,77,4,81,88,2,90,171
02/25/2021,BAZ,TX,ASW,CE,Federal Contract Tower,0,2,20,2,24,0,0,4,0,4,0,2,24,2,28,0,0,0,28
02/26/2021,BAZ,TX,ASW,CE,Federal Contract Tower,0,4,23,8,35,0,0,3,0,3,0,4,26,8,38,0,0,0,38
02/27/2021,BAZ,TX,ASW,CE,Federal Contract Tower,0,0,16,14,30,0,1,10,0,11,0,1,26,14,41,38,0,38,79
02/28/2021,BAZ,TX,ASW,CE,Federal Contract Tower,0,0,19,0,19,0,0,32,0,32,0,0,51,0,51,16,0,16,67
03/01/2021,BAZ,TX,ASW,CE,Federal Contract Tower,0,1,11,13,25,0,2,12,0,14,0,3,23,13,39,12,24,36,75
03/02/2021,BAZ,TX,ASW,CE,Federal Contract Tower,0,1,18,8,27,0,2,86,0,88,0,3,104,8,115,186,0,186,301
03/03/2021,BAZ,TX,ASW,CE,Federal Contract Tower,0,1,18,10,29,0,5,103,0,108,0,6,121,10,137,160,6,166,303
03/04/2021,BAZ,TX,ASW,CE,Federal Contract Tower,0,0,35,6,41,0,1,79,0,80,0,1,114,6,121,124,0,124,245
03/05/2021,BAZ,TX,ASW,CE,Federal Contract Tower,0,0,26,4,30,0,2,57,2,61,0,2,83,6,91,108,4,112,203
03/06/2021,BAZ,TX,ASW,CE,Federal Contract Tower,0,2,9,0,11,0,0,73,0,73,0,2,82,0,84,62,0,62,146
03/07/2021,BAZ,TX,ASW,CE,Federal Contract Tower,0,0,23,0,23,0,0,66,0,66,0,0,89,0,89,76,0,76,165
03/08/2021,BAZ,TX,ASW,CE,Federal Contract Tower,0,1,36,12,49,0,2,61,0,63,0,3,97,12,112,132,10,142,254
03/09/2021,BAZ,TX,ASW,CE,Federal Contract Tower,0,0,21,11,32,0,0,22,0,22,0,0,43,11,54,60,0,60,114
03/10/2021,BAZ,TX,ASW,CE,Federal Contract Tower,0,0,19,6,25,0,0,33,0,33,0,0,52,6,58,118,0,118,176
03/11/2021,BAZ,TX,ASW,CE,Federal Contract Tower,0,0,46,10,56,0,2,35,0,37,0,2,81,10,93,76,0,76,169
03/12/2021,BAZ,TX,ASW,CE,Federal Contract Tower,0,4,19,8,31,0,4,18,2,24,0,8,37,10,55,80,0,80,135
03/13/2021,BAZ,TX,ASW,CE,Federal Contract Tower,0,0,25,0,25,0,0,14,0,14,0,0,39,0,39,6,0,6,45
03/14/2021,BAZ,TX,ASW,CE,Federal Contract Tower,0,0,25,0,25,0,0,66,0,66,0,0,91,0,91,82,0,82,173
03/15/2021,BAZ,TX,ASW,CE,Federal Contract Tower,0,0,29,6,35,0,0,117,0,117,0,0,146,6,152,110,0,110,262
03/16/2021,BAZ,TX,ASW,CE,Federal Contract Tower,0,0,24,10,34,0,0,19,0,19,0,0,43,10,53,84,14,98,151
03/17/2021,BAZ,TX,ASW,CE,Federal Contract Tower,0,0,9,4,13,0,1,30,2,33,0,1,39,6,46,40,6,46,92
03/18/2021,BAZ,TX,ASW,CE,Federal Contract Tower,0,1,36,2,39,0,1,103,2,106,0,2,139,4,145,80,0,80,225
03/19/2021,BAZ,TX,ASW,CE,Federal Contract Tower,0,5,34,2,41,0,4,97,0,101,0,9,131,2,142,138,0,138,280
03/20/2021,BAZ,TX,ASW,CE,Federal Contract Tower,0,2,21,4,27,0,0,102,0,102,0,2,123,4,129,108,0,108,237
03/21/2021,BAZ,TX,ASW,CE,Federal Contract Tower,0,0,36,0,36,0,4,54,6,64,0,4,90,6,100,58,0,58,158
03/22/2021,BAZ,TX,ASW,CE,Federal Contract Tower,0,2,37,17,56,0,1,27,1,29,0,3,64,18,85,86,4,90,175
03/23/2021,BAZ,TX,ASW,CE,Federal Contract Tower,0,0,32,2,34,0,0,98,4,102,0,0,130,6,136,184,10,194,330
03/24/2021,BAZ,TX,ASW,CE,Federal Contract Tower,0,1,14,4,19,0,3,12,0,15,0,4,26,4,34,30,0,30,64
03/25/2021,BAZ,TX,ASW,CE,Federal Contract Tower,0,0,30,8,38,0,0,65,0,65,0,0,95,8,103,142,0,142,245
03/26/2021,BAZ,TX,ASW,CE,Federal Contract Tower,0,2,22,8,32,0,0,101,0,101,0,2,123,8,133,170,4,174,307
03/27/2021,BAZ,TX,ASW,CE,Federal Contract Tower,0,0,16,12,28,0,0,31,0,31,0,0,47,12,59,42,0,42,101
03/28/2021,BAZ,TX,ASW,CE,Federal Contract Tower,0,0,8,0,8,0,0,20,0,20,0,0,28,0,28,6,0,6,34
03/29/2021,BAZ,TX,ASW,CE,Federal Contract Tower,0,0,26,8,34,0,0,76,0,76,0,0,102,8,110,150,0,150,260
03/30/2021,BAZ,TX,ASW,CE,Federal Contract Tower,0,1,28,10,39,0,0,20,0,20,0,1,48,10,59,60,22,82,141
03/31/2021,BAZ,TX,ASW,CE,Federal Contract Tower,0,4,26,17,47,0,1,13,3,17,0,5,39,20,64,0,12,12,76
04/01/2021,BAZ,TX,ASW,CE,Federal Contract Tower,0,0,39,2,41,0,2,117,0,119,0,2,156,2,160,168,2,170,330
04/02/2021,BAZ,TX,ASW,CE,Federal Contract Tower,0,0,10,0,10,0,0,81,0,81,0,0,91,0,91,62,0,62,153
04/03/2021,BAZ,TX,ASW,CE,Federal Contract Tower,0,3,1,0,4,0,0,14,0,14,0,3,15,0,18,14,0,14,32
04/04/2021,BAZ,TX,ASW,CE,Federal Contract Tower,0,3,9,0,12,0,0,14,0,14,0,3,23,0,26,12,0,12,38
04/05/2021,BAZ,TX,ASW,CE,Federal Contract Tower,0,2,22,0,24,0,0,52,0,52,0,2,74,0,76,118,0,118,194
04/06/2021,BAZ,TX,ASW,CE,Federal Contract Tower,0,1,29,7,37,0,4,32,1,37,0,5,61,8,74,96,24,120,194
04/07/2021,BAZ,TX,ASW,CE,Federal Contract Tower,0,0,33,6,39,0,2,70,0,72,0,2,103,6,111,128,2,130,241
04/08/2021,BAZ,TX,ASW,CE,Federal Contract Tower,0,0,15,4,19,0,0,53,2,55,0,0,68,6,74,66,6,72,146
04/09/2021,BAZ,TX,ASW,CE,Federal Contract Tower,0,0,30,2,32,0,0,42,0,42,0,0,72,2,74,148,0,148,222
04/10/2021,BAZ,TX,ASW,CE,Federal Contract Tower,0,0,10,0,10,0,0,40,0,40,0,0,50,0,50,20,0,20,70
04/11/2021,BAZ,TX,ASW,CE,Federal Contract Tower,0,0,7,4,11,0,0,40,0,40,0,0,47,4,51,60,0,60,111
04/12/2021,BAZ,TX,ASW,CE,Federal Contract Tower,0,1,38,4,43,0,0,44,0,44,0,1,82,4,87,124,4,128,215
04/13/2021,BAZ,TX,ASW,CE,Federal Contract Tower,0,2,30,10,42,0,3,33,0,36,0,5,63,10,78,76,12,88,166
04/14/2021,BAZ,TX,ASW,CE,Federal Contract Tower,0,0,38,14,52,0,0,35,0,35,0,0,73,14,87,126,10,136,223
04/15/2021,BAZ,TX,ASW,CE,Federal Contract Tower,0,0,16,0,16,0,0,0,0,0,0,0,16,0,16,0,0,0,16
04/16/2021,BAZ,TX,ASW,CE,Federal Contract Tower,0,0,21,2,23,0,0,0,0,0,0,0,21,2,23,0,0,0,23
04/17/2021,BAZ,TX,ASW,CE,Federal Contract Tower,0,0,21,0,21,0,0,25,0,25,0,0,46,0,46,20,0,20,66
04/18/2021,BAZ,TX,ASW,CE,Federal Contract Tower,0,0,14,0,14,0,0,46,0,46,0,0,60,0,60,82,0,82,142
04/19/2021,BAZ,TX,ASW,CE,Federal Contract Tower,0,0,18,11,29,0,0,84,0,84,0,0,102,11,113,180,18,198,311
04/20/2021,BAZ,TX,ASW,CE,Federal Contract Tower,0,0,41,2,43,0,0,99,0,99,0,0,140,2,142,256,12,268,410
04/21/2021,BAZ,TX,ASW,CE,Federal Contract Tower,0,1,31,1,33,0,0,52,1,53,0,1,83,2,86,96,20,116,202
04/22/2021,BAZ,TX,ASW,CE,Federal Contract Tower,0,2,28,6,36,0,2,24,0,26,0,4,52,6,62,34,2,36,98
04/23/2021,BAZ,TX,ASW,CE,Federal Contract Tower,0,0,8,0,8,0,0,1,0,1,0,0,9,0,9,0,0,0,9
04/24/2021,BAZ,TX,ASW,CE,Federal Contract Tower,0,0,23,0,23,0,0,85,0,85,0,0,108,0,108,106,0,106,214
04/25/2021,BAZ,TX,ASW,CE,Federal Contract Tower,0,2,21,0,23,0,0,49,0,49,0,2,70,0,72,120,0,120,192
04/26/2021,BAZ,TX,ASW,CE,Federal Contract Tower,0,0,14,2,16,0,0,43,0,43,0,0,57,2,59,92,10,102,161
04/27/2021,BAZ,TX,ASW,CE,Federal Contract Tower,0,1,33,4,38,0,0,8,0,8,0,1,41,4,46,50,0,50,96
04/28/2021,BAZ,TX,ASW,CE,Federal Contract Tower,0,3,34,4,41,0,1,29,0,30,0,4,63,4,71,94,4,98,169
04/29/2021,BAZ,TX,ASW,CE,Federal Contract Tower,0,2,20,0,22,0,0,0,0,0,0,2,20,0,22,0,0,0,22
04/30/2021,BAZ,TX,ASW,CE,Federal Contract Tower,0,1,6,0,7,0,0,0,0,0,0,1,6,0,7,0,0,0,7
05/01/2021,BAZ,TX,ASW,CE,Federal Contract Tower,0,0,7,2,9,0,0,1,0,1,0,0,8,2,10,2,0,2,12
05/02/2021,BAZ,TX,ASW,CE,Federal Contract Tower,0,1,21,0,22,0,0,55,1,56,0,1,76,1,78,134,0,134,212
05/03/2021,BAZ,TX,ASW,CE,Federal Contract Tower,0,6,21,0,27,0,2,61,2,65,0,8,82,2,92,124,2,126,218
05/04/2021,BAZ,TX,ASW,CE,Federal Contract Tower,0,0,19,0,19,0,0,25,0,25,0,0,44,0,44,48,0,48,92
05/05/2021,BAZ,TX,ASW,CE,Federal Contract Tower,0,1,25,0,26,0,0,91,0,91,0,1,116,0,117,110,0,110,227
05/06/2021,BAZ,TX,ASW,CE,Federal Contract Tower,0,2,23,2,27,0,1,103,0,104,0,3,126,2,131,106,0,106,237
05/07/2021,BAZ,TX,ASW,CE,Federal Contract Tower,0,2,24,8,34,0,2,85,0,87,0,4,109,8,121,168,4,172,293
05/08/2021,BAZ,TX,ASW,CE,Federal Contract Tower,0,0,8,0,8,0,0,17,0,17,0,0,25,0,25,4,0,4,29
05/09/2021,BAZ,TX,ASW,CE,Federal Contract Tower,0,1,18,0,19,0,0,30,0,30,0,1,48,0,49,44,8,52,101
05/10/2021,BAZ,TX,ASW,CE,Federal Contract Tower,0,0,14,18,32,0,0,30,0,30,0,0,44,18,62,42,2,44,106
05/11/2021,BAZ,TX,ASW,CE,Federal Contract Tower,0,1,13,0,14,0,1,7,0,8,0,2,20,0,22,16,0,16,38
05/12/2021,BAZ,TX,ASW,CE,Federal Contract Tower,0,2,20,12,34,0,0,28,0,28,0,2,48,12,62,64,0,64,126
05/13/2021,BAZ,TX,ASW,CE,Federal Contract Tower,0,4,48,0,52,0,0,55,2,57,0,4,103,2,109,156,0,156,265
05/14/2021,BAZ,TX,ASW,CE,Federal Contract Tower,0,0,21,4,25,0,0,93,0,93,0,0,114,4,118,198,0,198,316
05/15/2021,BAZ,TX,ASW,CE,Federal Contract Tower,0,0,9,2,11,0,0,5,0,5,0,0,14,2,16,8,0,8,24
05/16/2021,BAZ,TX,ASW,CE,Federal Contract Tower,0,0,13,0,13,0,0,12,0,12,0,0,25,0,25,50,0,50,75
05/17/2021,BAZ,TX,ASW,CE,Federal Contract Tower,0,1,10,10,21,0,0,17,0,17,0,1,27,10,38,42,10,52,90
05/18/2021,BAZ,TX,ASW,CE,Federal Contract Tower,0,0,20,6,26,0,0,35,0,35,0,0,55,6,61,94,2,96,157
05/19/2021,BAZ,TX,ASW,CE,Federal Contract Tower,0,2,11,2,15,0,0,30,0,30,0,2,41,2,45,16,0,16,61
05/20/2021,BAZ,TX,ASW,CE,Federal Contract Tower,0,0,15,2,17,0,2,76,0,78,0,2,91,2,95,164,0,164,259
05/21/2021,BAZ,TX,ASW,CE,Federal Contract Tower,0,1,15,1,17,0,0,42,0,42,0,1,57,1,59,110,6,116,175
05/22/2021,BAZ,TX,ASW,CE,Federal Contract Tower,0,2,5,0,7,0,0,2,0,2,0,2,7,0,9,22,0,22,31
05/23/2021,BAZ,TX,ASW,CE,Federal Contract Tower,0,8,10,1,19,0,0,2,0,2,0,8,12,1,21,0,0,0,21
05/24/2021,BAZ,TX,ASW,CE,Federal Contract Tower,0,1,8,5,14,0,0,35,0,35,0,1,43,5,49,98,4,102,151
05/25/2021,BAZ,TX,ASW,CE,Federal Contract Tower,0,0,17,2,19,0,0,46,0,46,0,0,63,2,65,110,2,112,177
05/26/2021,BAZ,TX,ASW,CE,Federal Contract Tower,0,1,32,2,35,0,0,56,2,58,0,1,88,4,93,102,8,110,203
05/27/2021,BAZ,TX,ASW,CE,Federal Contract Tower,0,0,38,4,42,0,2,73,0,75,0,2,111,4,117,98,0,98,215
05/28/2021,BAZ,TX,ASW,CE,Federal Contract Tower,0,5,22,0,27,0,0,49,0,49,0,5,71,0,76,136,0,136,212
05/29/2021,BAZ,TX,ASW,CE,Federal Contract Tower,0,0,17,0,17,0,1,55,0,56,0,1,72,0,73,76,0,76,149
05/30/2021,BAZ,TX,ASW,CE,Federal Contract Tower,0,0,13,1,14,0,0,25,0,25,0,0,38,1,39,44,0,44,83
05/31/2021,BAZ,TX,ASW,CE,Federal Contract Tower,0,2,25,0,27,0,0,44,0,44,0,2,69,0,71,96,0,96,167
06/01/2021,BAZ,TX,ASW,CE,Federal Contract Tower,0,2,29,8,39,0,0,59,0,59,0,2,88,8,98,110,8,118,216
06/02/2021,BAZ,TX,ASW,CE,Federal Contract Tower,0,0,26,2,28,0,0,49,4,53,0,0,75,6,81,122,24,146,227
06/03/2021,BAZ,TX,ASW,CE,Federal Contract Tower,0,5,6,0,11,0,0,8,0,8,0,5,14,0,19,46,0,46,65
06/04/2021,BAZ,TX,ASW,CE,Federal Contract Tower,0,0,20,8,28,0,1,31,0,32,0,1,51,8,60,156,16,172,232
06/05/2021,BAZ,TX,ASW,CE,Federal Contract Tower,0,0,8,0,8,0,0,11,0,11,0,0,19,0,19,34,0,34,53
06/06/2021,BAZ,TX,ASW,CE,Federal Contract Tower,0,0,19,0,19,0,0,20,0,20,0,0,39,0,39,36,0,36,75
06/07/2021,BAZ,TX,ASW,CE,Federal Contract Tower,0,0,20,10,30,0,0,32,0,32,0,0,52,10,62,130,6,136,198
06/08/2021,BAZ,TX,ASW,CE,Federal Contract Tower,0,3,22,2,27,0,2,40,0,42,0,5,62,2,69,182,4,186,255
06/09/2021,BAZ,TX,ASW,CE,Federal Contract Tower,0,3,44,8,55,0,1,37,0,38,0,4,81,8,93,68,2,70,163
06/10/2021,BAZ,TX,ASW,CE,Federal Contract Tower,0,1,28,9,38,0,0,72,1,73,0,1,100,10,111,196,22,218,329
06/11/2021,BAZ,TX,ASW,CE,Federal Contract Tower,0,3,19,2,24,0,0,66,0,66,0,3,85,2,90,134,32,166,256
06/12/2021,BAZ,TX,ASW,CE,Federal Contract Tower,0,0,21,4,25,0,2,74,1,77,0,2,95,5,102,98,14,112,214
06/13/2021,BAZ,TX,ASW,CE,Federal Contract Tower,0,5,11,5,21,0,0,46,0,46,0,5,57,5,67,60,0,60,127
06/14/2021,BAZ,TX,ASW,CE,Federal Contract Tower,0,0,16,9,25,0,5,64,2,71,0,5,80,11,96,86,12,98,194
06/15/2021,BAZ,TX,ASW,CE,Federal Contract Tower,0,0,6,12,18,0,2,111,0,113,0,2,117,12,131,116,8,124,255
06/16/2021,BAZ,TX,ASW,CE,Federal Contract Tower,0,4,19,8,31,0,5,123,1,129,0,9,142,9,160,142,6,148,308
06/17/2021,BAZ,TX,ASW,CE,Federal Contract Tower,0,1,20,2,23,0,0,107,0,107,0,1,127,2,130,226,0,226,356
06/18/2021,BAZ,TX,ASW,CE,Federal Contract Tower,0,1,33,0,34,0,1,91,0,92,0,2,124,0,126,216,0,216,342
06/19/2021,BAZ,TX,ASW,CE,Federal Contract Tower,0,1,8,0,9,0,0,83,0,83,0,1,91,0,92,84,0,84,176
06/20/2021,BAZ,TX,ASW,CE,Federal Contract Tower,0,1,21,0,22,0,0,29,0,29,0,1,50,0,51,66,0,66,117
06/21/2021,BAZ,TX,ASW,CE,Federal Contract Tower,0,0,30,10,40,0,1,41,0,42,0,1,71,10,82,136,0,136,218
06/22/2021,BAZ,TX,ASW,CE,Federal Contract Tower,0,0,23,2,25,0,0,30,0,30,0,0,53,2,55,28,0,28,83
06/23/2021,BAZ,TX,ASW,CE,Federal Contract Tower,0,0,26,2,28,0,1,58,0,59,0,1,84,2,87,104,0,104,191
06/24/2021,BAZ,TX,ASW,CE,Federal Contract Tower,0,2,35,15,52,0,1,62,0,63,0,3,97,15,115,88,8,96,211
06/25/2021,BAZ,TX,ASW,CE,Federal Contract Tower,0,2,30,12,44,0,0,96,0,96,0,2,126,12,140,248,0,248,388
06/26/2021,BAZ,TX,ASW,CE,Federal Contract Tower,0,0,15,11,26,0,0,73,0,73,0,0,88,11,99,128,0,128,227
06/27/2021,BAZ,TX,ASW,CE,Federal Contract Tower,0,3,21,0,24,0,0,10,0,10,0,3,31,0,34,26,0,26,60
06/28/2021,BAZ,TX,ASW,CE,Federal Contract Tower,0,2,15,0,17,0,0,18,0,18,0,2,33,0,35,82,0,82,117
06/29/2021,BAZ,TX,ASW,CE,Federal Contract Tower,0,0,15,8,23,0,0,29,0,29,0,0,44,8,52,56,0,56,108
06/30/2021,BAZ,TX,ASW,CE,Federal Contract Tower,0,1,15,0,16,0,2,45,0,47,0,3,60,0,63,70,0,70,133
07/01/2021,BAZ,TX,ASW,CE,Federal Contract Tower,0,0,36,4,40,0,5,111,0,116,0,5,147,4,156,196,0,196,352
07/02/2021,BAZ,TX,ASW,CE,Federal Contract Tower,0,0,24,0,24,0,0,100,0,100,0,0,124,0,124,194,0,194,318
07/03/2021,BAZ,TX,ASW,CE,Federal Contract Tower,0,0,22,0,22,0,0,53,0,53,0,0,75,0,75,120,0,120,195
07/04/2021,BAZ,TX,ASW,CE,Federal Contract Tower,0,0,4,0,4,0,3,39,0,42,0,3,43,0,46,36,0,36,82
07/05/2021,BAZ,TX,ASW,CE,Federal Contract Tower,0,1,18,0,19,0,0,10,0,10,0,1,28,0,29,16,2,18,47
07/06/2021,BAZ,TX,ASW,CE,Federal Contract Tower,0,0,11,0,11,0,0,10,0,10,0,0,21,0,21,42,0,42,63
07/07/2021,BAZ,TX,ASW,CE,Federal Contract Tower,0,0,32,2,34,0,0,40,0,40,0,0,72,2,74,144,0,144,218
07/08/2021,BAZ,TX,ASW,CE,Federal Contract Tower,0,0,14,8,22,0,2,27,2,31,0,2,41,10,53,154,6,160,213
07/09/2021,BAZ,TX,ASW,CE,Federal Contract Tower,0,0,16,0,16,0,0,2,0,2,0,0,18,0,18,0,0,0,18
07/10/2021,BAZ,TX,ASW,CE,Federal Contract Tower,0,0,18,2,20,0,0,72,0,72,0,0,90,2,92,194,0,194,286
07/11/2021,BAZ,TX,ASW,CE,Federal Contract Tower,0,0,18,0,18,0,0,31,0,31,0,0,49,0,49,152,0,152,201
07/12/2021,BAZ,TX,ASW,CE,Federal Contract Tower,0,2,19,6,27,0,0,62,0,62,0,2,81,6,89,188,2,190,279
07/13/2021,BAZ,TX,ASW,CE,Federal Contract Tower,0,0,28,0,28,0,0,46,0,46,0,0,74,0,74,96,0,96,170
07/14/2021,BAZ,TX,ASW,CE,Federal Contract Tower,0,0,29,0,29,0,0,25,0,25,0,0,54,0,54,64,0,64,118
07/15/2021,BAZ,TX,ASW,CE,Federal Contract Tower,0,3,28,2,33,0,0,86,0,86,0,3,114,2,119,146,0,146,265
07/16/2021,BAZ,TX,ASW,CE,Federal Contract Tower,0,0,22,6,28,0,0,64,0,64,0,0,86,6,92,166,2,168,260
07/17/2021,BAZ,TX,ASW,CE,Federal Contract Tower,0,3,16,4,23,0,0,65,0,65,0,3,81,4,88,140,0,140,228
07/18/2021,BAZ,TX,ASW,CE,Federal Contract Tower,0,0,17,6,23,0,0,51,2,53,0,0,68,8,76,100,8,108,184
07/19/2021,BAZ,TX,ASW,CE,Federal Contract Tower,0,1,29,2,32,0,1,64,0,65,0,2,93,2,97,122,0,122,219
07/20/2021,BAZ,TX,ASW,CE,Federal Contract Tower,0,0,19,8,27,0,0,67,0,67,0,0,86,8,94,182,8,190,284
07/21/2021,BAZ,TX,ASW,CE,Federal Contract Tower,0,2,6,2,10,0,1,57,0,58,0,3,63,2,68,116,2,118,186
07/22/2021,BAZ,TX,ASW,CE,Federal Contract Tower,0,3,17,0,20,0,2,78,2,82,0,5,95,2,102,108,8,116,218
07/23/2021,BAZ,TX,ASW,CE,Federal Contract Tower,0,1,16,6,23,0,0,80,0,80,0,1,96,6,103,154,2,156,259
07/24/2021,BAZ,TX,ASW,CE,Federal Contract Tower,0,0,10,6,16,0,0,64,0,64,0,0,74,6,80,80,24,104,184
07/25/2021,BAZ,TX,ASW,CE,Federal Contract Tower,0,0,16,4,20,0,0,46,0,46,0,0,62,4,66,20,0,20,86
07/26/2021,BAZ,TX,ASW,CE,Federal Contract Tower,0,0,10,6,16,0,0,67,0,67,0,0,77,6,83,176,4,180,263
07/27/2021,BAZ,TX,ASW,CE,Federal Contract Tower,0,4,9,7,20,0,0,69,0,69,0,4,78,7,89,134,16,150,239
07/28/2021,BAZ,TX,ASW,CE,Federal Contract Tower,0,0,27,2,29,0,2,91,0,93,0,2,118,2,122,176,0,176,298
07/29/2021,BAZ,TX,ASW,CE,Federal Contract Tower,0,0,19,6,25,0,2,65,0,67,0,2,84,6,92,96,2,98,190
07/30/2021,BAZ,TX,ASW,CE,Federal Contract Tower,0,3,15,4,22,0,0,74,0,74,0,3,89,4,96,158,0,158,254
07/31/2021,BAZ,TX,ASW,CE,Federal Contract Tower,0,7,9,0,16,0,0,52,0,52,0,7,61,0,68,114,0,114,182
08/01/2021,BAZ,TX,ASW,CE,Federal Contract Tower,0,6,15,0,21,0,0,35,0,35,0,6,50,0,56,46,0,46,102
08/02/2021,BAZ,TX,ASW,CE,Federal Contract Tower,0,7,4,2,13,0,0,10,0,10,0,7,14,2,23,6,2,8,31
08/03/2021,BAZ,TX,ASW,CE,Federal Contract Tower,0,2,22,2,26,0,1,75,0,76,0,3,97,2,102,224,2,226,328
08/04/2021,BAZ,TX,ASW,CE,Federal Contract Tower,0,1,1,11,13,0,2,74,0,76,0,3,75,11,89,120,0,120,209
08/05/2021,BAZ,TX,ASW,CE,Federal Contract Tower,0,2,10,0,12,0,0,26,0,26,0,2,36,0,38,16,0,16,54
08/06/2021,BAZ,TX,ASW,CE,Federal Contract Tower,0,0,25,2,27,0,0,2,75,77,0,0,27,77,104,132,0,132,236
08/07/2021,BAZ,TX,ASW,CE,Federal Contract Tower,0,2,7,0,9,0,0,44,0,44,0,2,51,0,53,90,0,90,143
08/08/2021,BAZ,TX,ASW,CE,Federal Contract Tower,0,4,19,2,25,0,0,34,0,34,0,4,53,2,59,44,0,44,103
08/09/2021,BAZ,TX,ASW,CE,Federal Contract Tower,0,1,12,2,15,0,2,48,0,50,0,3,60,2,65,114,0,114,179
08/10/2021,BAZ,TX,ASW,CE,Federal Contract Tower,0,0,27,4,31,0,2,62,2,66,0,2,89,6,97,76,18,94,191
08/11/2021,BAZ,TX,ASW,CE,Federal Contract Tower,0,1,12,9,22,0,1,50,1,52,0,2,62,10,74,54,4,58,132
08/12/2021,BAZ,TX,ASW,CE,Federal Contract Tower,0,0,23,2,25,0,2,76,0,78,0,2,99,2,103,116,2,118,221
08/13/2021,BAZ,TX,ASW,CE,Federal Contract Tower,0,2,27,14,43,0,3,76,0,79,0,5,103,14,122,106,30,136,258
08/14/2021,BAZ,TX,ASW,CE,Federal Contract Tower,0,4,13,0,17,0,0,68,0,68,0,4,81,0,85,82,0,82,167
08/15/2021,BAZ,TX,ASW,CE,Federal Contract Tower,0,0,20,0,20,0,0,22,0,22,0,0,42,0,42,20,0,20,62
08/16/2021,BAZ,TX,ASW,CE,Federal Contract Tower,0,2,17,7,26,0,2,52,0,54,0,4,69,7,80,102,2,104,184
08/17/2021,BAZ,TX,ASW,CE,Federal Contract Tower,0,1,19,10,30,0,3,61,2,66,0,4,80,12,96,108,8,116,212
08/18/2021,BAZ,TX,ASW,CE,Federal Contract Tower,0,1,29,6,36,0,0,42,2,44,0,1,71,8,80,118,4,122,202
08/19/2021,BAZ,TX,ASW,CE,Federal Contract Tower,0,1,23,14,38,0,1,58,2,61,0,2,81,16,99,118,0,118,217
08/20/2021,BAZ,TX,ASW,CE,Federal Contract Tower,0,3,15,3,21,0,0,54,1,55,0,3,69,4,76,56,16,72,148
08/21/2021,BAZ,TX,ASW,CE,Federal Contract Tower,0,1,10,6,17,0,0,53,0,53,0,1,63,6,70,110,0,110,180
08/22/2021,BAZ,TX,ASW,CE,Federal Contract Tower,0,0,14,2,16,0,0,35,0,35,0,0,49,2,51,26,0,26,77
08/23/2021,BAZ,TX,ASW,CE,Federal Contract Tower,0,0,14,14,28,0,2,56,0,58,0,2,70,14,86,122,6,128,214
08/24/2021,BAZ,TX,ASW,CE,Federal Contract Tower,0,0,17,8,25,0,1,68,3,72,0,1,85,11,97,150,18,168,265
08/25/2021,BAZ,TX,ASW,CE,Federal Contract Tower,0,0,19,0,19,0,0,66,1,67,0,0,85,1,86,120,0,120,206
08/26/2021,BAZ,TX,ASW,CE,Federal Contract Tower,0,2,18,6,26,0,1,43,2,46,0,3,61,8,72,112,8,120,192
08/27/2021,BAZ,TX,ASW,CE,Federal Contract Tower,0,0,11,2,13,0,1,37,0,38,0,1,48,2,51,52,2,54,105
08/28/2021,BAZ,TX,ASW,CE,Federal Contract Tower,0,0,12,2,14,0,0,37,0,37,0,0,49,2,51,60,0,60,111
08/29/2021,BAZ,TX,ASW,CE,Federal Contract Tower,0,0,5,0,5,0,0,20,0,20,0,0,25,0,25,36,0,36,61
08/30/2021,BAZ,TX,ASW,CE,Federal Contract Tower,0,3,14,2,19,0,0,41,0,41,0,3,55,2,60,90,0,90,150
08/31/2021,BAZ,TX,ASW,CE,Federal Contract Tower,0,0,21,11,32,0,1,57,1,59,0,1,78,12,91,132,2,134,225
09/01/2021,BAZ,TX,ASW,CE,Federal Contract Tower,0,1,14,2,17,0,0,43,0,43,0,1,57,2,60,116,2,118,178
09/02/2021,BAZ,TX,ASW,CE,Federal Contract Tower,0,1,29,10,40,0,1,46,0,47,0,2,75,10,87,30,6,36,123
09/03/2021,BAZ,TX,ASW,CE,Federal Contract Tower,0,2,9,4,15,0,0,72,0,72,0,2,81,4,87,88,4,92,179
09/04/2021,BAZ,TX,ASW,CE,Federal Contract Tower,0,1,5,0,6,0,0,37,0,37,0,1,42,0,43,46,0,46,89
09/05/2021,BAZ,TX,ASW,CE,Federal Contract Tower,0,1,12,0,13,0,0,52,0,52,0,1,64,0,65,52,0,52,117
09/06/2021,BAZ,TX,ASW,CE,Federal Contract Tower,0,4,25,0,29,0,0,50,0,50,0,4,75,0,79,102,0,102,181
09/07/2021,BAZ,TX,ASW,CE,Federal Contract Tower,0,4,14,4,22,0,0,65,0,65,0,4,79,4,87,192,4,196,283
09/08/2021,BAZ,TX,ASW,CE,Federal Contract Tower,0,0,11,20,31,0,0,75,0,75,0,0,86,20,106,66,14,80,186
09/09/2021,BAZ,TX,ASW,CE,Federal Contract Tower,0,0,23,12,35,0,6,72,2,80,0,6,95,14,115,84,6,90,205
09/10/2021,BAZ,TX,ASW,CE,Federal Contract Tower,0,0,13,8,21,0,0,77,0,77,0,0,90,8,98,96,0,96,194
09/11/2021,BAZ,TX,ASW,CE,Federal Contract Tower,0,0,10,0,10,0,0,55,0,55,0,0,65,0,65,66,0,66,131
09/12/2021,BAZ,TX,ASW,CE,Federal Contract Tower,0,1,17,8,26,0,0,44,0,44,0,1,61,8,70,80,12,92,162
09/13/2021,BAZ,TX,ASW,CE,Federal Contract Tower,0,6,16,16,38,0,1,21,0,22,0,7,37,16,60,54,8,62,122
09/14/2021,BAZ,TX,ASW,CE,Federal Contract Tower,0,2,23,18,43,0,0,27,0,27,0,2,50,18,70,58,10,68,138
09/15/2021,BAZ,TX,ASW,CE,Federal Contract Tower,0,0,12,16,28,0,0,44,0,44,0,0,56,16,72,132,8,140,212
09/16/2021,BAZ,TX,ASW,CE,Federal Contract Tower,0,0,9,6,15,0,0,58,0,58,0,0,67,6,73,108,4,112,185
09/17/2021,BAZ,TX,ASW,CE,Federal Contract Tower,0,7,8,19,34,0,1,90,0,91,0,8,98,19,125,146,12,158,283
09/18/2021,BAZ,TX,ASW,CE,Federal Contract Tower,0,1,10,11,22,0,0,63,0,63,0,1,73,11,85,88,4,92,177
09/19/2021,BAZ,TX,ASW,CE,Federal Contract Tower,0,0,6,0,6,0,0,43,0,43,0,0,49,0,49,56,0,56,105
09/20/2021,BAZ,TX,ASW,CE,Federal Contract Tower,0,0,14,14,28,0,0,54,0,54,0,0,68,14,82,86,6,92,174
09/21/2021,BAZ,TX,ASW,CE,Federal Contract Tower,0,0,20,24,44,0,0,38,2,40,0,0,58,26,84,96,22,118,202
09/22/2021,BAZ,TX,ASW,CE,Federal Contract Tower,0,2,21,14,37,0,2,57,4,63,0,4,78,18,100,70,24,94,194
09/23/2021,BAZ,TX,ASW,CE,Federal Contract Tower,0,0,17,9,26,0,3,81,1,85,0,3,98,10,111,74,10,84,195
09/24/2021,BAZ,TX,ASW,CE,Federal Contract Tower,0,0,14,22,36,0,0,87,0,87,0,0,101,22,123,186,16,202,325
09/25/2021,BAZ,TX,ASW,CE,Federal Contract Tower,0,0,10,0,10,0,0,56,0,56,0,0,66,0,66,80,0,80,146
09/26/2021,BAZ,TX,ASW,CE,Federal Contract Tower,0,0,10,0,10,0,0,50,0,50,0,0,60,0,60,44,0,44,104
09/27/2021,BAZ,TX,ASW,CE,Federal Contract Tower,0,1,15,24,40,0,0,69,0,69,0,1,84,24,109,98,6,104,213
09/28/2021,BAZ,TX,ASW,CE,Federal Contract Tower,0,1,11,6,18,0,1,53,0,54,0,2,64,6,72,88,0,88,160
09/29/2021,BAZ,TX,ASW,CE,Federal Contract Tower,0,3,9,10,22,0,0,62,0,62,0,3,71,10,84,104,0,104,188
09/30/2021,BAZ,TX,ASW,CE,Federal Contract Tower,0,3,15,8,26,0,2,24,1,27,0,5,39,9,53,56,12,68,121
10/01/2021,BAZ,TX,ASW,CE,Federal Contract Tower,0,3,12,5,20,0,0,45,2,47,0,3,57,7,67,82,16,98,165
10/02/2021,BAZ,TX,ASW,CE,Federal Contract Tower,0,0,6,0,6,0,0,23,0,23,0,0,29,0,29,42,0,42,71
10/03/2021,BAZ,TX,ASW,CE,Federal Contract Tower,0,0,12,0,12,0,0,46,0,46,0,0,58,0,58,50,0,50,108
10/04/2021,BAZ,TX,ASW,CE,Federal Contract Tower,0,4,20,14,38,0,0,57,0,57,0,4,77,14,95,128,6,134,229
10/05/2021,BAZ,TX,ASW,CE,Federal Contract Tower,0,1,27,9,37,0,0,87,2,89,0,1,114,11,126,204,6,210,336
10/06/2021,BAZ,TX,ASW,CE,Federal Contract Tower,0,2,12,5,19,0,5,71,0,76,0,7,83,5,95,76,0,76,171
10/07/2021,BAZ,TX,ASW,CE,Federal Contract Tower,0,0,14,9,23,0,2,65,3,70,0,2,79,12,93,78,6,84,177
10/08/2021,BAZ,TX,ASW,CE,Federal Contract Tower,0,0,18,14,32,0,1,77,0,78,0,1,95,14,110,76,0,76,186
10/09/2021,BAZ,TX,ASW,CE,Federal Contract Tower,0,2,17,0,19,0,1,60,0,61,0,3,77,0,80,100,0,100,180
10/10/2021,BAZ,TX,ASW,CE,Federal Contract Tower,0,0,16,0,16,0,0,21,0,21,0,0,37,0,37,8,0,8,45
10/11/2021,BAZ,TX,ASW,CE,Federal Contract Tower,0,0,17,0,17,0,0,88,0,88,0,0,105,0,105,80,0,80,185
10/12/2021,BAZ,TX,ASW,CE,Federal Contract Tower,0,2,26,10,38,0,0,6,0,6,0,2,32,10,44,0,0,0,44
10/13/2021,BAZ,TX,ASW,CE,Federal Contract Tower,0,0,17,22,39,0,0,8,0,8,0,0,25,22,47,26,0,26,73
10/14/2021,BAZ,TX,ASW,CE,Federal Contract Tower,0,0,18,2,20,0,0,13,0,13,0,0,31,2,33,24,0,24,57
10/15/2021,BAZ,TX,ASW,CE,Federal Contract Tower,0,0,20,0,20,0,0,24,0,24,0,0,44,0,44,20,0,20,64
10/16/2021,BAZ,TX,ASW,CE,Federal Contract Tower,0,1,14,10,25,0,0,46,0,46,0,1,60,10,71,56,0,56,127
10/17/2021,BAZ,TX,ASW,CE,Federal Contract Tower,0,0,18,0,18,0,0,66,0,66,0,0,84,0,84,112,0,112,196
10/18/2021,BAZ,TX,ASW,CE,Federal Contract Tower,0,0,9,3,12,0,1,70,2,73,0,1,79,5,85,130,10,140,225
10/19/2021,BAZ,TX,ASW,CE,Federal Contract Tower,0,1,21,8,30,0,1,56,2,59,0,2,77,10,89,194,10,204,293
10/20/2021,BAZ,TX,ASW,CE,Federal Contract Tower,0,2,18,10,30,0,1,39,2,42,0,3,57,12,72,54,0,54,126
10/21/2021,BAZ,TX,ASW,CE,Federal Contract Tower,0,1,14,3,18,0,2,54,1,57,0,3,68,4,75,80,0,80,155
10/22/2021,BAZ,TX,ASW,CE,Federal Contract Tower,0,1,34,6,41,0,0,69,0,69,0,1,103,6,110,100,0,100,210
10/23/2021,BAZ,TX,ASW,CE,Federal Contract Tower,0,1,15,0,16,0,0,49,0,49,0,1,64,0,65,88,0,88,153
10/24/2021,BAZ,TX,ASW,CE,Federal Contract Tower,0,1,21,3,25,0,0,36,0,36,0,1,57,3,61,40,0,40,101
10/25/2021,BAZ,TX,ASW,CE,Federal Contract Tower,0,0,13,10,23,0,0,43,0,43,0,0,56,10,66,62,0,62,128
10/26/2021,BAZ,TX,ASW,CE,Federal Contract Tower,0,2,22,12,36,0,1,25,0,26,0,3,47,12,62,62,8,70,132
10/27/2021,BAZ,TX,ASW,CE,Federal Contract Tower,0,1,6,4,11,0,2,24,0,26,0,3,30,4,37,34,4,38,75
10/28/2021,BAZ,TX,ASW,CE,Federal Contract Tower,0,2,16,8,26,0,7,43,2,52,0,9,59,10,78,86,4,90,168
10/29/2021,BAZ,TX,ASW,CE,Federal Contract Tower,0,0,14,4,18,0,0,51,2,53,0,0,65,6,71,46,0,46,117
10/30/2021,BAZ,TX,ASW,CE,Federal Contract Tower,0,0,14,2,16,0,0,75,0,75,0,0,89,2,91,72,0,72,163
10/31/2021,BAZ,TX,ASW,CE,Federal Contract Tower,0,1,9,0,10,0,0,47,0,47,0,1,56,0,57,72,0,72,129
11/01/2021,BAZ,TX,ASW,CE,Federal Contract Tower,0,0,12,14,26,0,0,61,2,63,0,0,73,16,89,112,4,116,205
11/02/2021,BAZ,TX,ASW,CE,Federal Contract Tower,0,0,17,14,31,0,0,48,0,48,0,0,65,14,79,139,0,139,218
11/03/2021,BAZ,TX,ASW,CE,Federal Contract Tower,0,0,8,4,12,0,0,0,0,0,0,0,8,4,12,0,4,4,16
11/04/2021,BAZ,TX,ASW,CE,Federal Contract Tower,0,4,28,8,40,0,2,14,0,16,0,6,42,8,56,58,4,62,118
11/05/2021,BAZ,TX,ASW,CE,Federal Contract Tower,0,1,21,11,33,0,4,78,1,83,0,5,99,12,116,150,2,152,268
11/06/2021,BAZ,TX,ASW,CE,Federal Contract Tower,0,0,16,2,18,0,0,83,0,83,0,0,99,2,101,206,0,206,307
11/07/2021,BAZ,TX,ASW,CE,Federal Contract Tower,0,0,19,2,21,0,0,58,1,59,0,0,77,3,80,100,0,100,180
11/08/2021,BAZ,TX,ASW,CE,Federal Contract Tower,0,0,24,4,28,0,0,96,0,96,0,0,120,4,124,178,0,178,302
11/09/2021,BAZ,TX,ASW,CE,Federal Contract Tower,0,0,32,6,38,0,1,49,0,50,0,1,81,6,88,126,0,126,214
11/10/2021,BAZ,TX,ASW,CE,Federal Contract Tower,0,2,18,9,29,0,0,43,0,43,0,2,61,9,72,140,0,140,212
11/11/2021,BAZ,TX,ASW,CE,Federal Contract Tower,0,5,19,0,24,0,2,78,0,80,0,7,97,0,104,110,0,110,214
11/12/2021,BAZ,TX,ASW,CE,Federal Contract Tower,0,1,16,0,17,0,6,76,0,82,0,7,92,0,99,126,0,126,225
11/13/2021,BAZ,TX,ASW,CE,Federal Contract Tower,0,0,13,0,13,0,10,124,0,134,0,10,137,0,147,156,0,156,303
11/14/2021,BAZ,TX,ASW,CE,Federal Contract Tower,0,0,8,4,12,0,4,54,0,58,0,4,62,4,70,44,4,48,118
11/15/2021,BAZ,TX,ASW,CE,Federal Contract Tower,0,0,13,4,17,0,0,35,0,35,0,0,48,4,52,78,0,78,130
11/16/2021,BAZ,TX,ASW,CE,Federal Contract Tower,0,0,13,0,13,0,2,29,0,31,0,2,42,0,44,50,0,50,94
11/17/2021,BAZ,TX,ASW,CE,Federal Contract Tower,0,2,15,0,17,0,3,69,2,74,0,5,84,2,91,84,4,88,179
11/18/2021,BAZ,TX,ASW,CE,Federal Contract Tower,0,5,7,11,23,0,0,37,1,38,0,5,44,12,61,46,4,50,111
11/19/2021,BAZ,TX,ASW,CE,Federal Contract Tower,0,1,15,9,25,0,2,101,3,106,0,3,116,12,131,104,4,108,239
11/20/2021,BAZ,TX,ASW,CE,Federal Contract Tower,0,0,12,0,12,0,0,45,0,45,0,0,57,0,57,100,0,100,157
11/21/2021,BAZ,TX,ASW,CE,Federal Contract Tower,0,3,22,0,25,0,0,13,0,13,0,3,35,0,38,30,0,30,68
11/22/2021,BAZ,TX,ASW,CE,Federal Contract Tower,0,1,15,2,18,0,0,64,2,66,0,1,79,4,84,78,6,84,168
11/23/2021,BAZ,TX,ASW,CE,Federal Contract Tower,0,1,23,2,26,0,2,74,0,76,0,3,97,2,102,112,0,112,214
11/24/2021,BAZ,TX,ASW,CE,Federal Contract Tower,0,2,15,6,23,0,2,53,0,55,0,4,68,6,78,80,14,94,172
11/25/2021,BAZ,TX,ASW,CE,Federal Contract Tower,0,0,3,0,3,0,0,5,0,5,0,0,8,0,8,0,0,0,8
11/26/2021,BAZ,TX,ASW,CE,Federal Contract Tower,0,3,4,0,7,0,0,33,2,35,0,3,37,2,42,24,8,32,74
11/27/2021,BAZ,TX,ASW,CE,Federal Contract Tower,0,0,8,0,8,0,0,1,0,1,0,0,9,0,9,0,0,0,9
11/28/2021,BAZ,TX,ASW,CE,Federal Contract Tower,0,0,18,0,18,0,0,18,0,18,0,0,36,0,36,20,0,20,56
11/29/2021,BAZ,TX,ASW,CE,Federal Contract Tower,0,0,8,6,14,0,0,69,0,69,0,0,77,6,83,92,0,92,175
11/30/2021,BAZ,TX,ASW,CE,Federal Contract Tower,0,0,32,15,47,0,2,76,0,78,0,2,108,15,125,120,0,120,245
12/01/2021,BAZ,TX,ASW,CE,Federal Contract Tower,0,2,13,12,27,0,0,76,0,76,0,2,89,12,103,116,6,122,225
12/02/2021,BAZ,TX,ASW,CE,Federal Contract Tower,0,7,14,3,24,0,0,50,1,51,0,7,64,4,75,46,0,46,121
12/03/2021,BAZ,TX,ASW,CE,Federal Contract Tower,0,0,22,7,29,0,0,34,0,34,0,0,56,7,63,40,0,40,103
12/04/2021,BAZ,TX,ASW,CE,Federal Contract Tower,0,2,22,4,28,0,0,36,0,36,0,2,58,4,64,64,10,74,138
12/05/2021,BAZ,TX,ASW,CE,Federal Contract Tower,0,2,17,0,19,0,0,8,0,8,0,2,25,0,27,28,0,28,55
12/06/2021,BAZ,TX,ASW,CE,Federal Contract Tower,0,0,16,12,28,0,0,19,0,19,0,0,35,12,47,52,8,60,107
12/07/2021,BAZ,TX,ASW,CE,Federal Contract Tower,0,0,20,13,33,0,0,94,1,95,0,0,114,14,128,208,2,210,338
12/08/2021,BAZ,TX,ASW,CE,Federal Contract Tower,0,4,29,9,42,0,1,96,1,98,0,5,125,10,140,186,4,190,330
12/09/2021,BAZ,TX,ASW,CE,Federal Contract Tower,0,2,20,14,36,0,0,23,0,23,0,2,43,14,59,90,8,98,157
12/10/2021,BAZ,TX,ASW,CE,Federal Contract Tower,0,0,21,16,37,0,0,29,0,29,0,0,50,16,66,124,10,134,200
12/11/2021,BAZ,TX,ASW,CE,Federal Contract Tower,0,2,3,0,5,0,0,20,0,20,0,2,23,0,25,60,0,60,85
12/12/2021,BAZ,TX,ASW,CE,Federal Contract Tower,0,2,14,0,16,0,0,75,0,75,0,2,89,0,91,106,0,106,197
12/13/2021,BAZ,TX,ASW,CE,Federal Contract Tower,0,0,20,11,31,0,0,28,1,29,0,0,48,12,60,111,10,121,181
12/14/2021,BAZ,TX,ASW,CE,Federal Contract Tower,0,0,19,2,21,0,0,9,1,10,0,0,28,3,31,52,0,52,83
12/15/2021,BAZ,TX,ASW,CE,Federal Contract Tower,0,2,21,1,24,0,0,40,0,40,0,2,61,1,64,82,0,82,146
12/16/2021,BAZ,TX,ASW,CE,Federal Contract Tower,0,0,44,2,46,0,0,21,0,21,0,0,65,2,67,18,2,20,87
12/17/2021,BAZ,TX,ASW,CE,Federal Contract Tower,0,0,41,7,48,0,0,22,0,22,0,0,63,7,70,64,0,64,134
12/18/2021,BAZ,TX,ASW,CE,Federal Contract Tower,0,2,1,0,3,0,0,5,0,5,0,2,6,0,8,10,0,10,18
12/19/2021,BAZ,TX,ASW,CE,Federal Contract Tower,0,0,8,0,8,0,1,51,0,52,0,1,59,0,60,94,0,94,154
12/20/2021,BAZ,TX,ASW,CE,Federal Contract Tower,0,0,19,2,21,0,1,79,0,80,0,1,98,2,101,128,0,128,229
12/21/2021,BAZ,TX,ASW,CE,Federal Contract Tower,0,0,14,8,22,0,5,83,1,89,0,5,97,9,111,126,6,132,243
12/22/2021,BAZ,TX,ASW,CE,Federal Contract Tower,0,16,6,0,22,0,0,90,2,92,0,16,96,2,114,170,2,172,286
12/23/2021,BAZ,TX,ASW,CE,Federal Contract Tower,0,1,16,0,17,0,0,102,0,102,0,1,118,0,119,46,0,46,165
12/24/2021,BAZ,TX,ASW,CE,Federal Contract Tower,0,0,13,0,13,0,0,11,0,11,0,0,24,0,24,0,0,0,24
12/25/2021,BAZ,TX,ASW,CE,Federal Contract Tower,0,1,4,0,5,0,0,8,0,8,0,1,12,0,13,18,0,18,31
12/26/2021,BAZ,TX,ASW,CE,Federal Contract Tower,0,0,9,0,9,0,0,23,0,23,0,0,32,0,32,24,0,24,56
12/27/2021,BAZ,TX,ASW,CE,Federal Contract Tower,0,2,18,0,20,0,0,33,0,33,0,2,51,0,53,46,0,46,99
12/28/2021,BAZ,TX,ASW,CE,Federal Contract Tower,0,2,15,0,17,0,0,34,0,34,0,2,49,0,51,76,0,76,127
12/29/2021,BAZ,TX,ASW,CE,Federal Contract Tower,0,6,11,10,27,0,0,48,2,50,0,6,59,12,77,76,8,84,161
12/30/2021,BAZ,TX,ASW,CE,Federal Contract Tower,0,0,8,0,8,0,2,81,0,83,0,2,89,0,91,184,0,184,275
12/31/2021,BAZ,TX,ASW,CE,Federal Contract Tower,0,0,22,0,22,0,0,17,0,17,0,0,39,0,39,22,0,22,61
01/01/2022,BAZ,TX,ASW,CE,Federal Contract Tower,0,1,4,0,5,0,0,20,0,20,0,1,24,0,25,18,0,18,43
01/02/2022,BAZ,TX,ASW,CE,Federal Contract Tower,0,1,6,0,7,0,0,12,0,12,0,1,18,0,19,12,0,12,31
01/03/2022,BAZ,TX,ASW,CE,Federal Contract Tower,0,1,13,3,17,0,0,78,0,78,0,1,91,3,95,94,0,94,189
01/04/2022,BAZ,TX,ASW,CE,Federal Contract Tower,0,5,8,0,13,0,0,67,0,67,0,5,75,0,80,108,0,108,188
01/05/2022,BAZ,TX,ASW,CE,Federal Contract Tower,0,2,13,0,15,0,0,100,0,100,0,2,113,0,115,150,0,150,265
01/06/2022,BAZ,TX,ASW,CE,Federal Contract Tower,0,1,10,8,19,0,1,60,2,63,0,2,70,10,82,98,0,98,180
01/07/2022,BAZ,TX,ASW,CE,Federal Contract Tower,0,0,19,6,25,0,0,24,0,24,0,0,43,6,49,44,16,60,109
01/08/2022,BAZ,TX,ASW,CE,Federal Contract Tower,0,2,1,0,3,0,0,0,0,0,0,2,1,0,3,0,0,0,3
01/09/2022,BAZ,TX,ASW,CE,Federal Contract Tower,0,0,9,4,13,0,0,29,0,29,0,0,38,4,42,20,2,22,64
01/10/2022,BAZ,TX,ASW,CE,Federal Contract Tower,0,0,15,4,19,0,0,68,0,68,0,0,83,4,87,78,0,78,165
01/11/2022,BAZ,TX,ASW,CE,Federal Contract Tower,0,0,19,10,29,0,0,46,0,46,0,0,65,10,75,118,0,118,193
01/12/2022,BAZ,TX,ASW,CE,Federal Contract Tower,0,0,14,0,14,0,3,79,0,82,0,3,93,0,96,180,0,180,276
01/13/2022,BAZ,TX,ASW,CE,Federal Contract Tower,0,0,13,0,13,0,0,92,0,92,0,0,105,0,105,128,0,128,233
01/14/2022,BAZ,TX,ASW,CE,Federal Contract Tower,0,0,10,0,10,0,4,82,0,86,0,4,92,0,96,122,0,122,218
01/15/2022,BAZ,TX,ASW,CE,Federal Contract Tower,0,0,7,0,7,0,0,4,0,4,0,0,11,0,11,0,0,0,11
01/16/2022,BAZ,TX,ASW,CE,Federal Contract Tower,0,0,2,0,2,0,0,63,0,63,0,0,65,0,65,66,0,66,131
01/17/2022,BAZ,TX,ASW,CE,Federal Contract Tower,0,0,13,0,13,0,0,84,0,84,0,0,97,0,97,180,0,180,277
01/18/2022,BAZ,TX,ASW,CE,Federal Contract Tower,0,2,7,0,9,0,0,67,0,67,0,2,74,0,76,42,0,42,118
01/19/2022,BAZ,TX,ASW,CE,Federal Contract Tower,0,0,10,0,10,0,9,45,0,54,0,9,55,0,64,62,0,62,126
01/20/2022,BAZ,TX,ASW,CE,Federal Contract Tower,0,0,4,0,4,0,2,5,0,7,0,2,9,0,11,20,0,20,31
01/21/2022,BAZ,TX,ASW,CE,Federal Contract Tower,0,0,16,0,16,0,0,70,0,70,0,0,86,0,86,74,0,74,160
01/22/2022,BAZ,TX,ASW,CE,Federal Contract Tower,0,0,10,0,10,0,0,60,0,60,0,0,70,0,70,56,0,56,126
01/23/2022,BAZ,TX,ASW,CE,Federal Contract Tower,0,0,26,2,28,0,0,35,0,35,0,0,61,2,63,82,0,82,145
01/24/2022,BAZ,TX,ASW,CE,Federal Contract Tower,0,2,10,2,14,0,0,0,0,0,0,2,10,2,14,0,0,0,14
01/25/2022,BAZ,TX,ASW,CE,Federal Contract Tower,0,1,26,2,29,0,0,16,0,16,0,1,42,2,45,24,0,24,69
01/26/2022,BAZ,TX,ASW,CE,Federal Contract Tower,0,2,18,4,24,0,2,59,0,61,0,4,77,4,85,148,0,148,233
01/27/2022,BAZ,TX,ASW,CE,Federal Contract Tower,0,0,18,2,20,0,2,88,0,90,0,2,106,2,110,110,0,110,220
01/28/2022,BAZ,TX,ASW,CE,Federal Contract Tower,0,0,29,0,29,0,0,70,0,70,0,0,99,0,99,86,0,86,185
01/29/2022,BAZ,TX,ASW,CE,Federal Contract Tower,0,2,14,0,16,0,0,92,0,92,0,2,106,0,108,160,0,160,268
01/30/2022,BAZ,TX,ASW,CE,Federal Contract Tower,0,0,12,0,12,0,0,55,0,55,0,0,67,0,67,64,0,64,131
01/31/2022,BAZ,TX,ASW,CE,Federal Contract Tower,0,2,8,2,12,0,0,0,0,0,0,2,8,2,12,0,0,0,12
02/01/2022,BAZ,TX,ASW,CE,Federal Contract Tower,0,0,14,0,14,0,2,44,0,46,0,2,58,0,60,96,0,96,156
02/02/2022,BAZ,TX,ASW,CE,Federal Contract Tower,0,0,4,0,4,0,0,0,0,0,0,0,4,0,4,0,0,0,4
02/03/2022,BAZ,TX,ASW,CE,Federal Contract Tower,0,0,3,0,3,0,0,0,0,0,0,0,3,0,3,0,0,0,3
02/04/2022,BAZ,TX,ASW,CE,Federal Contract Tower,0,3,9,0,12,0,0,18,0,18,0,3,27,0,30,40,0,40,70
02/05/2022,BAZ,TX,ASW,CE,Federal Contract Tower,0,1,14,0,15,0,1,87,0,88,0,2,101,0,103,160,0,160,263
02/06/2022,BAZ,TX,ASW,CE,Federal Contract Tower,0,3,20,0,23,0,0,68,0,68,0,3,88,0,91,96,0,96,187
02/07/2022,BAZ,TX,ASW,CE,Federal Contract Tower,0,2,14,0,16,0,1,49,0,50,0,3,63,0,66,62,0,62,128
02/08/2022,BAZ,TX,ASW,CE,Federal Contract Tower,0,5,18,2,25,0,2,82,2,86,0,7,100,4,111,132,6,138,249
02/09/2022,BAZ,TX,ASW,CE,Federal Contract Tower,0,3,21,0,24,0,3,64,1,68,0,6,85,1,92,128,2,130,222
02/10/2022,BAZ,TX,ASW,CE,Federal Contract Tower,0,0,27,0,27,0,5,94,1,100,0,5,121,1,127,94,0,94,221
02/11/2022,BAZ,TX,ASW,CE,Federal Contract Tower,0,3,17,0,20,0,0,82,2,84,0,3,99,2,104,122,2,124,228
02/12/2022,BAZ,TX,ASW,CE,Federal Contract Tower,0,0,8,6,14,0,3,7,0,10,0,3,15,6,24,0,6,6,30
02/13/2022,BAZ,TX,ASW,CE,Federal Contract Tower,0,2,13,2,17,0,1,52,4,57,0,3,65,6,74,88,0,88,162
02/14/2022,BAZ,TX,ASW,CE,Federal Contract Tower,0,0,16,4,20,0,6,54,0,60,0,6,70,4,80,124,0,124,204
02/15/2022,BAZ,TX,ASW,CE,Federal Contract Tower,0,1,18,3,22,0,0,62,3,65,0,1,80,6,87,92,10,102,189
02/16/2022,BAZ,TX,ASW,CE,Federal Contract Tower,0,6,24,0,30,0,0,27,0,27,0,6,51,0,57,126,0,126,183
02/17/2022,BAZ,TX,ASW,CE,Federal Contract Tower,0,5,17,4,26,0,2,61,2,65,0,7,78,6,91,146,8,154,245
02/18/2022,BAZ,TX,ASW,CE,Federal Contract Tower,0,4,12,0,16,0,2,82,0,84,0,6,94,0,100,192,0,192,292
02/19/2022,BAZ,TX,ASW,CE,Federal Contract Tower,0,2,13,0,15,0,2,100,0,102,0,4,113,0,117,150,0,150,267
02/20/2022,BAZ,TX,ASW,CE,Federal Contract Tower,0,1,17,0,18,0,0,32,0,32,0,1,49,0,50,12,0,12,62
02/21/2022,BAZ,TX,ASW,CE,Federal Contract Tower,0,3,9,0,12,0,0,24,0,24,0,3,33,0,36,48,0,48,84
02/22/2022,BAZ,TX,ASW,CE,Federal Contract Tower,0,5,20,3,28,0,1,88,0,89,0,6,108,3,117,158,0,158,275
02/23/2022,BAZ,TX,ASW,CE,Federal Contract Tower,0,2,13,2,17,0,0,2,0,2,0,2,15,2,19,6,2,8,27
02/24/2022,BAZ,TX,ASW,CE,Federal Contract Tower,0,1,13,6,20,0,0,0,0,0,0,1,13,6,20,0,6,6,26
02/25/2022,BAZ,TX,ASW,CE,Federal Contract Tower,0,0,17,4,21,0,0,13,0,13,0,0,30,4,34,2,0,2,36
02/26/2022,BAZ,TX,ASW,CE,Federal Contract Tower,0,0,10,0,10,0,0,0,0,0,0,0,10,0,10,0,0,0,10
02/27/2022,BAZ,TX,ASW,CE,Federal Contract Tower,0,2,14,4,20,0,0,53,0,53,0,2,67,4,73,100,0,100,173
02/28/2022,BAZ,TX,ASW,CE,Federal Contract Tower,0,1,13,4,18,0,0,91,0,91,0,1,104,4,109,274,2,276,385
03/01/2022,BAZ,TX,ASW,CE,Federal Contract Tower,0,0,17,2,19,0,1,76,0,77,0,1,93,2,96,118,0,118,214
03/02/2022,BAZ,TX,ASW,CE,Federal Contract Tower,0,3,17,12,32,0,2,81,0,83,0,5,98,12,115,216,12,228,343
03/03/2022,BAZ,TX,ASW,CE,Federal Contract Tower,0,1,33,14,48,0,9,97,2,108,0,10,130,16,156,154,36,190,346
03/04/2022,BAZ,TX,ASW,CE,Federal Contract Tower,0,4,23,4,31,0,2,21,0,23,0,6,44,4,54,36,4,40,94
03/05/2022,BAZ,TX,ASW,CE,Federal Contract Tower,0,0,28,0,28,0,0,50,0,50,0,0,78,0,78,58,0,58,136
03/06/2022,BAZ,TX,ASW,CE,Federal Contract Tower,0,2,6,0,8,0,2,10,0,12,0,4,16,0,20,10,0,10,30
03/07/2022,BAZ,TX,ASW,CE,Federal Contract Tower,0,3,10,20,33,0,1,17,0,18,0,4,27,20,51,32,18,50,101
03/08/2022,BAZ,TX,ASW,CE,Federal Contract Tower,0,1,15,2,18,0,0,49,2,51,0,1,64,4,69,184,8,192,261
03/09/2022,BAZ,TX,ASW,CE,Federal Contract Tower,0,1,19,7,27,0,1,81,1,83,0,2,100,8,110,178,12,190,300
03/10/2022,BAZ,TX,ASW,CE,Federal Contract Tower,0,2,16,18,36,0,0,118,4,122,0,2,134,22,158,156,34,190,348
03/11/2022,BAZ,TX,ASW,CE,Federal Contract Tower,0,1,16,4,21,0,0,8,0,8,0,1,24,4,29,32,2,34,63
03/12/2022,BAZ,TX,ASW,CE,Federal Contract Tower,0,1,19,4,24,0,0,135,0,135,0,1,154,4,159,138,4,142,301
03/13/2022,BAZ,TX,ASW,CE,Federal Contract Tower,0,2,14,0,16,0,0,56,0,56,0,2,70,0,72,58,0,58,130
03/14/2022,BAZ,TX,ASW,CE,Federal Contract Tower,0,0,17,6,23,0,0,49,2,51,0,0,66,8,74,116,10,126,200
03/15/2022,BAZ,TX,ASW,CE,Federal Contract Tower,0,2,8,12,22,0,0,66,4,70,0,2,74,16,92,82,6,88,180
03/16/2022,BAZ,TX,ASW,CE,Federal Contract Tower,0,1,16,14,31,0,2,103,0,105,0,3,119,14,136,176,4,180,316
03/17/2022,BAZ,TX,ASW,CE,Federal Contract Tower,0,3,27,2,32,0,0,32,0,32,0,3,59,2,64,70,2,72,136
03/18/2022,BAZ,TX,ASW,CE,Federal Contract Tower,0,2,14,14,30,0,1,64,0,65,0,3,78,14,95,86,2,88,183
03/19/2022,BAZ,TX,ASW,CE,Federal Contract Tower,0,2,18,2,22,0,0,131,0,131,0,2,149,2,153,140,2,142,295
03/20/2022,BAZ,TX,ASW,CE,Federal Contract Tower,0,1,9,0,10,0,1,24,0,25,0,2,33,0,35,30,0,30,65
03/21/2022,BAZ,TX,ASW,CE,Federal Contract Tower,0,0,8,0,8,0,1,1,0,2,0,1,9,0,10,0,0,0,10
03/22/2022,BAZ,TX,ASW,CE,Federal Contract Tower,0,2,6,10,18,0,3,59,2,64,0,5,65,12,82,82,4,86,168
03/23/2022,BAZ,TX,ASW,CE,Federal Contract Tower,0,2,20,5,27,0,4,56,1,61,0,6,76,6,88,104,20,124,212
03/24/2022,BAZ,TX,ASW,CE,Federal Contract Tower,0,1,11,2,14,0,2,68,0,70,0,3,79,2,84,82,2,84,168
03/25/2022,BAZ,TX,ASW,CE,Federal Contract Tower,0,3,15,0,18,0,1,124,0,125,0,4,139,0,143,208,0,208,351
03/26/2022,BAZ,TX,ASW,CE,Federal Contract Tower,0,2,12,6,20,0,0,85,0,85,0,2,97,6,105,114,4,118,223
03/27/2022,BAZ,TX,ASW,CE,Federal Contract Tower,0,1,14,0,15,0,0,33,0,33,0,1,47,0,48,36,0,36,84
03/28/2022,BAZ,TX,ASW,CE,Federal Contract Tower,0,4,23,0,27,0,2,45,0,47,0,6,68,0,74,98,0,98,172
03/29/2022,BAZ,TX,ASW,CE,Federal Contract Tower,0,0,16,2,18,0,0,14,0,14,0,0,30,2,32,44,0,44,76
03/30/2022,BAZ,TX,ASW,CE,Federal Contract Tower,0,3,15,2,20,0,1,28,0,29,0,4,43,2,49,24,2,26,75
03/31/2022,BAZ,TX,ASW,CE,Federal Contract Tower,0,1,16,8,25,0,9,118,0,127,0,10,134,8,152,286,0,286,438
04/01/2022,BAZ,TX,ASW,CE,Federal Contract Tower,0,2,16,2,20,0,3,75,2,80,0,5,91,4,100,132,2,134,234
04/02/2022,BAZ,TX,ASW,CE,Federal Contract Tower,0,1,4,8,13,0,0,97,0,97,0,1,101,8,110,188,8,196,306
04/03/2022,BAZ,TX,ASW,CE,Federal Contract Tower,0,0,13,0,13,0,1,102,0,103,0,1,115,0,116,72,0,72,188
04/04/2022,BAZ,TX,ASW,CE,Federal Contract Tower,0,1,23,0,24,0,0,14,0,14,0,1,37,0,38,44,0,44,82
04/05/2022,BAZ,TX,ASW,CE,Federal Contract Tower,0,4,11,3,18,0,0,71,3,74,0,4,82,6,92,178,4,182,274
04/06/2022,BAZ,TX,ASW,CE,Federal Contract Tower,0,1,13,7,21,0,2,19,5,26,0,3,32,12,47,0,14,14,61
04/07/2022,BAZ,TX,ASW,CE,Federal Contract Tower,0,7,21,2,30,0,5,83,0,88,0,12,104,2,118,202,2,204,322
04/08/2022,BAZ,TX,ASW,CE,Federal Contract Tower,0,1,19,11,31,0,0,84,4,88,0,1,103,15,119,108,6,114,233
04/09/2022,BAZ,TX,ASW,CE,Federal Contract Tower,0,0,4,0,4,0,0,60,0,60,0,0,64,0,64,112,0,112,176
04/10/2022,BAZ,TX,ASW,CE,Federal Contract Tower,0,4,4,0,8,0,0,20,0,20,0,4,24,0,28,0,0,0,28
04/11/2022,BAZ,TX,ASW,CE,Federal Contract Tower,0,6,17,2,25,0,1,27,0,28,0,7,44,2,53,84,0,84,137
04/12/2022,BAZ,TX,ASW,CE,Federal Contract Tower,0,4,14,0,18,0,0,16,2,18,0,4,30,2,36,72,2,74,110
04/13/2022,BAZ,TX,ASW,CE,Federal Contract Tower,0,4,31,4,39,0,4,55,2,61,0,8,86,6,100,90,6,96,196
04/14/2022,BAZ,TX,ASW,CE,Federal Contract Tower,0,3,16,8,27,0,3,106,0,109,0,6,122,8,136,108,10,118,254
04/15/2022,BAZ,TX,ASW,CE,Federal Contract Tower,0,0,22,2,24,0,0,30,0,30,0,0,52,2,54,46,0,46,100
04/16/2022,BAZ,TX,ASW,CE,Federal Contract Tower,0,0,22,2,24,0,0,36,0,36,0,0,58,2,60,104,0,104,164
04/17/2022,BAZ,TX,ASW,CE,Federal Contract Tower,0,3,19,0,22,0,0,9,0,9,0,3,28,0,31,14,0,14,45
04/18/2022,BAZ,TX,ASW,CE,Federal Contract Tower,0,2,15,4,21,0,0,44,0,44,0,2,59,4,65,34,0,34,99
04/19/2022,BAZ,TX,ASW,CE,Federal Contract Tower,0,3,12,4,19,0,0,50,0,50,0,3,62,4,69,96,0,96,165
04/20/2022,BAZ,TX,ASW,CE,Federal Contract Tower,0,5,20,4,29,0,0,34,0,34,0,5,54,4,63,96,4,100,163
04/21/2022,BAZ,TX,ASW,CE,Federal Contract Tower,0,3,30,0,33,0,0,23,0,23,0,3,53,0,56,70,0,70,126
04/22/2022,BAZ,TX,ASW,CE,Federal Contract Tower,0,4,20,1,25,0,0,21,1,22,0,4,41,2,47,42,0,42,89
04/23/2022,BAZ,TX,ASW,CE,Federal Contract Tower,0,1,12,0,13,0,0,11,0,11,0,1,23,0,24,10,0,10,34
04/24/2022,BAZ,TX,ASW,CE,Federal Contract Tower,0,1,10,0,11,0,0,11,0,11,0,1,21,0,22,6,0,6,28
04/25/2022,BAZ,TX,ASW,CE,Federal Contract Tower,0,2,12,0,14,0,0,2,0,2,0,2,14,0,16,0,0,0,16
04/26/2022,BAZ,TX,ASW,CE,Federal Contract Tower,0,4,16,0,20,0,0,56,0,56,0,4,72,0,76,146,0,146,222
04/27/2022,BAZ,TX,ASW,CE,Federal Contract Tower,0,1,39,10,50,0,0,94,0,94,0,1,133,10,144,124,8,132,276
04/28/2022,BAZ,TX,ASW,CE,Federal Contract Tower,0,3,29,12,44,0,1,78,0,79,0,4,107,12,123,138,10,148,271
04/29/2022,BAZ,TX,ASW,CE,Federal Contract Tower,0,1,17,16,34,0,0,68,0,68,0,1,85,16,102,124,12,136,238
04/30/2022,BAZ,TX,ASW,CE,Federal Contract Tower,0,0,17,0,17,0,0,45,0,45,0,0,62,0,62,84,0,84,146
05/01/2022,BAZ,TX,ASW,CE,Federal Contract Tower,0,0,23,0,23,0,0,19,0,19,0,0,42,0,42,24,0,24,66
05/02/2022,BAZ,TX,ASW,CE,Federal Contract Tower,0,1,18,11,30,0,0,40,2,42,0,1,58,13,72,76,2,78,150
05/03/2022,BAZ,TX,ASW,CE,Federal Contract Tower,0,0,34,7,41,0,0,67,1,68,0,0,101,8,109,144,10,154,263
05/04/2022,BAZ,TX,ASW,CE,Federal Contract Tower,0,0,30,4,34,0,0,23,0,23,0,0,53,4,57,78,4,82,139
05/05/2022,BAZ,TX,ASW,CE,Federal Contract Tower,0,4,11,2,17,0,1,26,0,27,0,5,37,2,44,60,2,62,106
05/06/2022,BAZ,TX,ASW,CE,Federal Contract Tower,0,5,27,5,37,0,0,125,0,125,0,5,152,5,162,122,0,122,284
05/07/2022,BAZ,TX,ASW,CE,Federal Contract Tower,0,0,15,0,15,0,0,62,0,62,0,0,77,0,77,68,0,68,145
05/08/2022,BAZ,TX,ASW,CE,Federal Contract Tower,0,0,7,0,7,0,0,28,0,28,0,0,35,0,35,56,0,56,91
05/09/2022,BAZ,TX,ASW,CE,Federal Contract Tower,0,3,34,7,44,0,0,70,3,73,0,3,104,10,117,94,4,98,215
05/10/2022,BAZ,TX,ASW,CE,Federal Contract Tower,0,3,29,14,46,0,5,56,0,61,0,8,85,14,107,152,14,166,273
05/11/2022,BAZ,TX,ASW,CE,Federal Contract Tower,0,2,22,14,38,0,3,53,2,58,0,5,75,16,96,120,14,134,230
05/12/2022,BAZ,TX,ASW,CE,Federal Contract Tower,0,4,32,6,42,0,0,80,4,84,0,4,112,10,126,222,10,232,358
05/13/2022,BAZ,TX,ASW,CE,Federal Contract Tower,0,1,27,6,34,0,1,130,0,131,0,2,157,6,165,280,0,280,445
05/14/2022,BAZ,TX,ASW,CE,Federal Contract Tower,0,0,27,0,27,0,0,121,0,121,0,0,148,0,148,70,0,70,218
05/15/2022,BAZ,TX,ASW,CE,Federal Contract Tower,0,0,12,0,12,0,0,41,0,41,0,0,53,0,53,52,0,52,105
05/16/2022,BAZ,TX,ASW,CE,Federal Contract Tower,0,1,24,22,47,0,0,90,2,92,0,1,114,24,139,152,16,168,307
05/17/2022,BAZ,TX,ASW,CE,Federal Contract Tower,0,1,21,10,32,0,1,104,0,105,0,2,125,10,137,128,10,138,275
05/18/2022,BAZ,TX,ASW,CE,Federal Contract Tower,0,3,26,8,37,0,2,54,2,58,0,5,80,10,95,140,10,150,245
05/19/2022,BAZ,TX,ASW,CE,Federal Contract Tower,0,0,17,10,27,0,0,85,0,85,0,0,102,10,112,116,4,120,232
05/20/2022,BAZ,TX,ASW,CE,Federal Contract Tower,0,2,20,11,33,0,1,35,0,36,0,3,55,11,69,64,4,68,137
05/21/2022,BAZ,TX,ASW,CE,Federal Contract Tower,0,0,14,0,14,0,1,70,0,71,0,1,84,0,85,90,0,90,175
05/22/2022,BAZ,TX,ASW,CE,Federal Contract Tower,0,5,12,0,17,0,1,38,0,39,0,6,50,0,56,24,0,24,80
05/23/2022,BAZ,TX,ASW,CE,Federal Contract Tower,0,4,14,8,26,0,1,27,0,28,0,5,41,8,54,66,6,72,126
05/24/2022,BAZ,TX,ASW,CE,Federal Contract Tower,0,1,14,14,29,0,2,76,2,80,0,3,90,16,109,142,10,152,261
05/25/2022,BAZ,TX,ASW,CE,Federal Contract Tower,0,1,19,14,34,0,1,87,0,88,0,2,106,14,122,132,6,138,260
05/26/2022,BAZ,TX,ASW,CE,Federal Contract Tower,0,7,20,4,31,0,11,162,0,173,0,18,182,4,204,122,4,126,330
05/27/2022,BAZ,TX,ASW,CE,Federal Contract Tower,0,2,27,0,29,0,2,131,0,133,0,4,158,0,162,172,0,172,334
05/28/2022,BAZ,TX,ASW,CE,Federal Contract Tower,0,1,27,0,28,0,0,89,0,89,0,1,116,0,117,144,0,144,261
05/29/2022,BAZ,TX,ASW,CE,Federal Contract Tower,0,0,11,0,11,0,0,23,0,23,0,0,34,0,34,20,0,20,54
05/30/2022,BAZ,TX,ASW,CE,Federal Contract Tower,0,0,13,0,13,0,0,24,0,24,0,0,37,0,37,60,0,60,97
05/31/2022,BAZ,TX,ASW,CE,Federal Contract Tower,0,5,20,7,32,0,3,63,0,66,0,8,83,7,98,164,0,164,262
06/01/2022,BAZ,TX,ASW,CE,Federal Contract Tower,0,1,31,6,38,0,4,37,0,41,0,5,68,6,79,74,2,76,155
06/02/2022,BAZ,TX,ASW,CE,Federal Contract Tower,0,1,17,6,24,0,0,59,0,59,0,1,76,6,83,180,14,194,277
06/03/2022,BAZ,TX,ASW,CE,Federal Contract Tower,0,2,19,6,27,0,2,84,0,86,0,4,103,6,113,132,0,132,245
06/04/2022,BAZ,TX,ASW,CE,Federal Contract Tower,0,2,12,0,14,0,2,109,0,111,0,4,121,0,125,176,0,176,301
06/05/2022,BAZ,TX,ASW,CE,Federal Contract Tower,0,3,29,0,32,0,2,52,0,54,0,5,81,0,86,72,0,72,158
06/06/2022,BAZ,TX,ASW,CE,Federal Contract Tower,0,0,28,6,34,0,1,54,0,55,0,1,82,6,89,70,2,72,161
06/07/2022,BAZ,TX,ASW,CE,Federal Contract Tower,0,1,24,8,33,0,1,49,2,52,0,2,73,10,85,104,2,106,191
06/08/2022,BAZ,TX,ASW,CE,Federal Contract Tower,0,1,21,14,36,0,1,89,0,90,0,2,110,14,126,70,12,82,208
06/09/2022,BAZ,TX,ASW,CE,Federal Contract Tower,0,6,29,4,39,0,3,86,0,89,0,9,115,4,128,82,2,84,212
06/10/2022,BAZ,TX,ASW,CE,Federal Contract Tower,0,2,11,6,19,0,0,77,2,79,0,2,88,8,98,102,4,106,204
06/11/2022,BAZ,TX,ASW,CE,Federal Contract Tower,0,0,9,4,13,0,0,102,0,102,0,0,111,4,115,116,4,120,235
06/12/2022,BAZ,TX,ASW,CE,Federal Contract Tower,0,0,13,0,13,0,0,43,0,43,0,0,56,0,56,60,0,60,116
06/13/2022,BAZ,TX,ASW,CE,Federal Contract Tower,0,1,24,12,37,0,3,56,0,59,0,4,80,12,96,130,8,138,234
06/14/2022,BAZ,TX,ASW,CE,Federal Contract Tower,0,1,24,14,39,0,5,35,0,40,0,6,59,14,79,94,14,108,187
06/15/2022,BAZ,TX,ASW,CE,Federal Contract Tower,0,1,18,0,19,0,1,47,0,48,0,2,65,0,67,82,0,82,149
06/16/2022,BAZ,TX,ASW,CE,Federal Contract Tower,0,1,23,0,24,0,0,89,0,89,0,1,112,0,113,100,0,100,213
06/17/2022,BAZ,TX,ASW,CE,Federal Contract Tower,0,0,10,0,10,0,2,67,0,69,0,2,77,0,79,4,0,4,83
06/18/2022,BAZ,TX,ASW,CE,Federal Contract Tower,0,0,8,0,8,0,0,47,0,47,0,0,55,0,55,10,0,10,65
06/19/2022,BAZ,TX,ASW,CE,Federal Contract Tower,0,1,10,0,11,0,0,59,0,59,0,1,69,0,70,88,0,88,158
06/20/2022,BAZ,TX,ASW,CE,Federal Contract Tower,0,1,27,0,28,0,1,83,0,84,0,2,110,0,112,142,0,142,254
06/21/2022,BAZ,TX,ASW,CE,Federal Contract Tower,0,0,15,1,16,0,0,117,1,118,0,0,132,2,134,122,8,130,264
06/22/2022,BAZ,TX,ASW,CE,Federal Contract Tower,0,3,25,8,36,0,2,78,0,80,0,5,103,8,116,132,8,140,256
06/23/2022,BAZ,TX,ASW,CE,Federal Contract Tower,0,2,42,4,48,0,0,107,2,109,0,2,149,6,157,164,8,172,329
06/24/2022,BAZ,TX,ASW,CE,Federal Contract Tower,0,1,15,12,28,0,0,93,0,93,0,1,108,12,121,186,0,186,307
06/25/2022,BAZ,TX,ASW,CE,Federal Contract Tower,0,4,19,0,23,0,0,91,0,91,0,4,110,0,114,104,0,104,218
06/26/2022,BAZ,TX,ASW,CE,Federal Contract Tower,0,1,17,4,22,0,1,50,0,51,0,2,67,4,73,36,2,38,111
06/27/2022,BAZ,TX,ASW,CE,Federal Contract Tower,0,3,18,2,23,0,0,48,0,48,0,3,66,2,71,120,0,120,191
06/28/2022,BAZ,TX,ASW,CE,Federal Contract Tower,0,2,19,2,23,0,3,30,0,33,0,5,49,2,56,40,0,40,96
06/29/2022,BAZ,TX,ASW,CE,Federal Contract Tower,0,0,29,6,35,0,1,103,0,104,0,1,132,6,139,253,2,255,394
06/30/2022,BAZ,TX,ASW,CE,Federal Contract Tower,0,4,10,6,20,0,0,105,2,107,0,4,115,8,127,212,4,216,343
07/01/2022,BAZ,TX,ASW,CE,Federal Contract Tower,0,3,17,2,22,0,0,70,0,70,0,3,87,2,92,140,0,140,232
07/02/2022,BAZ,TX,ASW,CE,Federal Contract Tower,0,2,7,0,9,0,0,49,0,49,0,2,56,0,58,66,0,66,124
07/03/2022,BAZ,TX,ASW,CE,Federal Contract Tower,0,2,10,0,12,0,0,54,0,54,0,2,64,0,66,90,0,90,156
07/04/2022,BAZ,TX,ASW,CE,Federal Contract Tower,0,4,1,0,5,0,0,89,0,89,0,4,90,0,94,66,0,66,160
07/05/2022,BAZ,TX,ASW,CE,Federal Contract Tower,0,5,23,10,38,0,3,46,0,49,0,8,69,10,87,116,0,116,203
07/06/2022,BAZ,TX,ASW,CE,Federal Contract Tower,0,8,8,6,22,0,0,76,0,76,0,8,84,6,98,128,2,130,228
07/07/2022,BAZ,TX,ASW,CE,Federal Contract Tower,0,3,21,2,26,0,2,82,0,84,0,5,103,2,110,122,2,124,234
07/08/2022,BAZ,TX,ASW,CE,Federal Contract Tower,0,3,20,2,25,0,2,92,2,96,0,5,112,4,121,134,6,140,261
07/09/2022,BAZ,TX,ASW,CE,Federal Contract Tower,0,0,13,0,13,0,3,93,0,96,0,3,106,0,109,146,0,146,255
07/10/2022,BAZ,TX,ASW,CE,Federal Contract Tower,0,0,14,0,14,0,1,42,0,43,0,1,56,0,57,64,0,64,121
07/11/2022,BAZ,TX,ASW,CE,Federal Contract Tower,0,1,9,0,10,0,3,82,0,85,0,4,91,0,95,90,0,90,185
07/12/2022,BAZ,TX,ASW,CE,Federal Contract Tower,0,4,13,12,29,0,0,44,0,44,0,4,57,12,73,68,0,68,141
07/13/2022,BAZ,TX,ASW,CE,Federal Contract Tower,0,1,30,8,39,0,1,85,0,86,0,2,115,8,125,106,6,112,237
07/14/2022,BAZ,TX,ASW,CE,Federal Contract Tower,0,4,24,4,32,0,2,64,0,66,0,6,88,4,98,100,2,102,200
07/15/2022,BAZ,TX,ASW,CE,Federal Contract Tower,0,2,6,18,26,0,2,80,1,83,0,4,86,19,109,152,22,174,283
07/16/2022,BAZ,TX,ASW,CE,Federal Contract Tower,0,3,10,0,13,0,3,51,0,54,0,6,61,0,67,62,0,62,129
07/17/2022,BAZ,TX,ASW,CE,Federal Contract Tower,0,0,13,0,13,0,0,50,0,50,0,0,63,0,63,82,0,82,145
07/18/2022,BAZ,TX,ASW,CE,Federal Contract Tower,0,3,26,10,39,0,1,82,0,83,0,4,108,10,122,158,6,164,286
07/19/2022,BAZ,TX,ASW,CE,Federal Contract Tower,0,0,42,12,54,0,2,78,0,80,0,2,120,12,134,152,0,152,286
07/20/2022,BAZ,TX,ASW,CE,Federal Contract Tower,0,1,20,17,38,0,3,59,1,63,0,4,79,18,101,120,22,142,243
07/21/2022,BAZ,TX,ASW,CE,Federal Contract Tower,0,2,44,12,58,0,4,68,2,74,0,6,112,14,132,124,8,132,264
07/22/2022,BAZ,TX,ASW,CE,Federal Contract Tower,0,2,28,15,45,0,16,86,1,103,0,18,114,16,148,124,8,132,280
07/23/2022,BAZ,TX,ASW,CE,Federal Contract Tower,0,1,18,2,21,0,2,54,0,56,0,3,72,2,77,120,2,122,199
07/24/2022,BAZ,TX,ASW,CE,Federal Contract Tower,0,0,19,4,23,0,0,36,0,36,0,0,55,4,59,42,0,42,101
07/25/2022,BAZ,TX,ASW,CE,Federal Contract Tower,0,0,9,5,14,0,0,60,0,60,0,0,69,5,74,158,0,158,232
07/26/2022,BAZ,TX,ASW,CE,Federal Contract Tower,0,1,19,16,36,0,4,110,0,114,0,5,129,16,150,178,8,186,336
07/27/2022,BAZ,TX,ASW,CE,Federal Contract Tower,0,1,14,10,25,0,0,83,0,83,0,1,97,10,108,146,10,156,264
07/28/2022,BAZ,TX,ASW,CE,Federal Contract Tower,0,0,23,0,23,0,1,89,0,90,0,1,112,0,113,144,0,144,257
07/29/2022,BAZ,TX,ASW,CE,Federal Contract Tower,0,3,27,1,31,0,0,63,1,64,0,3,90,2,95,92,0,92,187
07/30/2022,BAZ,TX,ASW,CE,Federal Contract Tower,0,2,22,0,24,0,1,68,0,69,0,3,90,0,93,74,0,74,167
07/31/2022,BAZ,TX,ASW,CE,Federal Contract Tower,0,1,8,0,9,0,0,31,0,31,0,1,39,0,40,24,0,24,64
08/01/2022,BAZ,TX,ASW,CE,Federal Contract Tower,0,0,24,14,38,0,0,65,0,65,0,0,89,14,103,108,14,122,225
08/02/2022,BAZ,TX,ASW,CE,Federal Contract Tower,0,3,32,6,41,0,3,60,0,63,0,6,92,6,104,82,0,82,186
08/03/2022,BAZ,TX,ASW,CE,Federal Contract Tower,0,0,26,4,30,0,4,51,0,55,0,4,77,4,85,114,2,116,201
08/04/2022,BAZ,TX,ASW,CE,Federal Contract Tower,0,2,28,8,38,0,0,49,0,49,0,2,77,8,87,66,4,70,157
08/05/2022,BAZ,TX,ASW,CE,Federal Contract Tower,0,3,29,4,36,0,2,83,0,85,0,5,112,4,121,154,4,158,279
08/06/2022,BAZ,TX,ASW,CE,Federal Contract Tower,0,0,26,0,26,0,0,51,0,51,0,0,77,0,77,138,0,138,215
08/07/2022,BAZ,TX,ASW,CE,Federal Contract Tower,0,2,8,0,10,0,2,25,0,27,0,4,33,0,37,36,0,36,73
08/08/2022,BAZ,TX,ASW,CE,Federal Contract Tower,0,4,17,10,31,0,1,31,0,32,0,5,48,10,63,50,4,54,117
08/09/2022,BAZ,TX,ASW,CE,Federal Contract Tower,0,1,26,6,33,0,2,80,0,82,0,3,106,6,115,162,0,162,277
08/10/2022,BAZ,TX,ASW,CE,Federal Contract Tower,0,7,24,11,42,0,3,72,1,76,0,10,96,12,118,162,6,168,286
08/11/2022,BAZ,TX,ASW,CE,Federal Contract Tower,0,5,23,4,32,0,0,59,1,60,0,5,82,5,92,118,0,118,210
08/12/2022,BAZ,TX,ASW,CE,Federal Contract Tower,0,3,21,8,32,0,3,91,1,95,0,6,112,9,127,126,6,132,259
08/13/2022,BAZ,TX,ASW,CE,Federal Contract Tower,0,0,18,0,18,0,1,79,0,80,0,1,97,0,98,128,0,128,226
08/14/2022,BAZ,TX,ASW,CE,Federal Contract Tower,0,5,16,0,21,0,1,21,0,22,0,6,37,0,43,16,0,16,59
08/15/2022,BAZ,TX,ASW,CE,Federal Contract Tower,0,5,15,20,40,0,0,63,1,64,0,5,78,21,104,202,16,218,322
08/16/2022,BAZ,TX,ASW,CE,Federal Contract Tower,0,3,29,14,46,0,0,72,0,72,0,3,101,14,118,164,6,170,288
08/17/2022,BAZ,TX,ASW,CE,Federal Contract Tower,0,3,21,10,34,0,2,115,0,117,0,5,136,10,151,238,10,248,399
08/18/2022,BAZ,TX,ASW,CE,Federal Contract Tower,0,3,29,0,32,0,2,61,0,63,0,5,90,0,95,132,0,132,227
08/19/2022,BAZ,TX,ASW,CE,Federal Contract Tower,0,0,14,14,28,0,0,44,0,44,0,0,58,14,72,72,14,86,158
08/20/2022,BAZ,TX,ASW,CE,Federal Contract Tower,0,2,21,4,27,0,0,61,0,61,0,2,82,4,88,98,8,106,194
08/21/2022,BAZ,TX,ASW,CE,Federal Contract Tower,0,1,22,0,23,0,1,17,0,18,0,2,39,0,41,40,0,40,81
08/22/2022,BAZ,TX,ASW,CE,Federal Contract Tower,0,1,19,8,28,0,3,37,0,40,0,4,56,8,68,74,4,78,146
08/23/2022,BAZ,TX,ASW,CE,Federal Contract Tower,0,3,18,2,23,0,1,37,0,38,0,4,55,2,61,48,2,50,111
08/24/2022,BAZ,TX,ASW,CE,Federal Contract Tower,0,4,18,2,24,0,1,29,0,30,0,5,47,2,54,46,2,48,102
08/25/2022,BAZ,TX,ASW,CE,Federal Contract Tower,0,0,19,16,35,0,1,92,0,93,0,1,111,16,128,234,22,256,384
08/26/2022,BAZ,TX,ASW,CE,Federal Contract Tower,0,1,11,8,20,0,3,112,0,115,0,4,123,8,135,176,8,184,319
08/27/2022,BAZ,TX,ASW,CE,Federal Contract Tower,0,1,15,8,24,0,0,52,0,52,0,1,67,8,76,70,0,70,146
08/28/2022,BAZ,TX,ASW,CE,Federal Contract Tower,0,3,19,0,22,0,0,32,0,32,0,3,51,0,54,28,0,28,82
08/29/2022,BAZ,TX,ASW,CE,Federal Contract Tower,0,1,16,12,29,0,1,60,0,61,0,2,76,12,90,122,0,122,212
08/30/2022,BAZ,TX,ASW,CE,Federal Contract Tower,0,2,7,2,11,0,1,5,0,6,0,3,12,2,17,0,0,0,17
08/31/2022,BAZ,TX,ASW,CE,Federal Contract Tower,0,3,17,15,35,0,7,52,1,60,0,10,69,16,95,94,16,110,205
09/01/2022,BAZ,TX,ASW,CE,Federal Contract Tower,0,0,30,10,40,0,2,55,0,57,0,2,85,10,97,148,10,158,255
09/02/2022,BAZ,TX,ASW,CE,Federal Contract Tower,0,1,32,1,34,0,0,56,0,56,0,1,88,1,90,70,0,70,160
09/03/2022,BAZ,TX,ASW,CE,Federal Contract Tower,0,0,10,0,10,0,0,36,0,36,0,0,46,0,46,98,0,98,144
09/04/2022,BAZ,TX,ASW,CE,Federal Contract Tower,0,0,10,0,10,0,0,37,0,37,0,0,47,0,47,54,0,54,101
09/05/2022,BAZ,TX,ASW,CE,Federal Contract Tower,0,2,21,0,23,0,2,78,0,80,0,4,99,0,103,130,0,130,233
09/06/2022,BAZ,TX,ASW,CE,Federal Contract Tower,0,3,27,7,37,0,3,52,3,58,0,6,79,10,95,76,10,86,181
09/07/2022,BAZ,TX,ASW,CE,Federal Contract Tower,0,1,24,6,31,0,4,64,0,68,0,5,88,6,99,108,4,112,211
09/08/2022,BAZ,TX,ASW,CE,Federal Contract Tower,0,5,19,10,34,0,4,98,4,106,0,9,117,14,140,120,8,128,268
09/09/2022,BAZ,TX,ASW,CE,Federal Contract Tower,0,1,19,2,22,0,3,139,0,142,0,4,158,2,164,178,0,178,342
09/10/2022,BAZ,TX,ASW,CE,Federal Contract Tower,0,1,15,7,23,0,0,98,0,98,0,1,113,7,121,142,10,152,273
09/11/2022,BAZ,TX,ASW,CE,Federal Contract Tower,0,4,20,0,24,0,0,50,2,52,0,4,70,2,76,102,0,102,178
09/12/2022,BAZ,TX,ASW,CE,Federal Contract Tower,0,2,13,5,20,0,12,93,2,107,0,14,106,7,127,238,0,238,365
09/13/2022,BAZ,TX,ASW,CE,Federal Contract Tower,0,1,13,9,23,0,2,97,1,100,0,3,110,10,123,148,10,158,281
09/14/2022,BAZ,TX,ASW,CE,Federal Contract Tower,0,1,25,12,38,0,3,103,0,106,0,4,128,12,144,168,10,178,322
09/15/2022,BAZ,TX,ASW,CE,Federal Contract Tower,0,1,38,11,50,0,2,58,1,61,0,3,96,12,111,96,30,126,237
09/16/2022,BAZ,TX,ASW,CE,Federal Contract Tower,0,6,26,4,36,0,0,50,1,51,0,6,76,5,87,92,10,102,189
09/17/2022,BAZ,TX,ASW,CE,Federal Contract Tower,0,0,10,0,10,0,0,56,0,56,0,0,66,0,66,114,0,114,180
09/18/2022,BAZ,TX,ASW,CE,Federal Contract Tower,0,2,24,2,28,0,2,19,0,21,0,4,43,2,49,66,0,66,115
09/19/2022,BAZ,TX,ASW,CE,Federal Contract Tower,0,5,16,12,33,0,2,53,0,55,0,7,69,12,88,88,6,94,182
09/20/2022,BAZ,TX,ASW,CE,Federal Contract Tower,0,2,25,7,34,0,3,79,3,85,0,5,104,10,119,148,10,158,277
09/21/2022,BAZ,TX,ASW,CE,Federal Contract Tower,0,0,23,8,31,0,2,83,0,85,0,2,106,8,116,136,8,144,260
09/22/2022,BAZ,TX,ASW,CE,Federal Contract Tower,0,2,16,4,22,0,2,96,0,98,0,4,112,4,120,64,0,64,184
09/23/2022,BAZ,TX,ASW,CE,Federal Contract Tower,0,0,12,2,14,0,2,125,0,127,0,2,137,2,141,182,0,182,323
09/24/2022,BAZ,TX,ASW,CE,Federal Contract Tower,0,2,12,0,14,0,0,85,0,85,0,2,97,0,99,72,0,72,171
09/25/2022,BAZ,TX,ASW,CE,Federal Contract Tower,0,3,24,0,27,0,0,45,0,45,0,3,69,0,72,94,0,94,166
09/26/2022,BAZ,TX,ASW,CE,Federal Contract Tower,0,1,16,7,24,0,1,64,1,66,0,2,80,8,90,122,0,122,212
09/27/2022,BAZ,TX,ASW,CE,Federal Contract Tower,0,2,23,4,29,0,1,92,0,93,0,3,115,4,122,106,2,108,230
09/28/2022,BAZ,TX,ASW,CE,Federal Contract Tower,0,1,23,9,33,0,3,108,3,114,0,4,131,12,147,198,38,236,383
09/29/2022,BAZ,TX,ASW,CE,Federal Contract Tower,0,0,9,4,13,0,5,136,4,145,0,5,145,8,158,214,2,216,374
09/30/2022,BAZ,TX,ASW,CE,Federal Contract Tower,0,1,18,2,21,0,6,121,5,132,0,7,139,7,153,154,18,172,325
10/01/2022,BAZ,TX,ASW,CE,Federal Contract Tower,0,2,16,0,18,0,0,85,0,85,0,2,101,0,103,100,0,100,203
10/02/2022,BAZ,TX,ASW,CE,Federal Contract Tower,0,0,9,0,9,0,0,53,0,53,0,0,62,0,62,50,0,50,112
10/03/2022,BAZ,TX,ASW,CE,Federal Contract Tower,0,1,29,12,42,0,4,83,2,89,0,5,112,14,131,126,24,150,281
10/04/2022,BAZ,TX,ASW,CE,Federal Contract Tower,0,3,14,12,29,0,2,92,0,94,0,5,106,12,123,142,0,142,265
10/05/2022,BAZ,TX,ASW,CE,Federal Contract Tower,0,2,23,8,33,0,4,79,0,83,0,6,102,8,116,90,38,128,244
10/06/2022,BAZ,TX,ASW,CE,Federal Contract Tower,0,3,26,10,39,0,3,118,4,125,0,6,144,14,164,144,8,152,316
10/07/2022,BAZ,TX,ASW,CE,Federal Contract Tower,0,0,24,12,36,0,5,97,0,102,0,5,121,12,138,170,0,170,308
10/08/2022,BAZ,TX,ASW,CE,Federal Contract Tower,0,2,9,0,11,0,0,83,0,83,0,2,92,0,94,158,0,158,252
10/09/2022,BAZ,TX,ASW,CE,Federal Contract Tower,0,0,17,0,17,0,0,50,2,52,0,0,67,2,69,26,2,28,97
10/10/2022,BAZ,TX,ASW,CE,Federal Contract Tower,0,2,14,0,16,0,0,84,0,84,0,2,98,0,100,122,0,122,222
10/11/2022,BAZ,TX,ASW,CE,Federal Contract Tower,0,2,27,5,34,0,0,103,5,108,0,2,130,10,142,232,6,238,380
10/12/2022,BAZ,TX,ASW,CE,Federal Contract Tower,0,0,30,14,44,0,3,51,2,56,0,3,81,16,100,86,12,98,198
10/13/2022,BAZ,TX,ASW,CE,Federal Contract Tower,0,1,23,8,32,0,4,113,0,117,0,5,136,8,149,116,8,124,273
10/14/2022,BAZ,TX,ASW,CE,Federal Contract Tower,0,8,30,9,47,0,1,62,1,64,0,9,92,10,111,148,22,170,281
10/15/2022,BAZ,TX,ASW,CE,Federal Contract Tower,0,0,10,0,10,0,0,45,0,45,0,0,55,0,55,88,0,88,143
10/16/2022,BAZ,TX,ASW,CE,Federal Contract Tower,0,1,15,2,18,0,0,51,0,51,0,1,66,2,69,128,26,154,223
10/17/2022,BAZ,TX,ASW,CE,Federal Contract Tower,0,5,15,2,22,0,0,5,0,5,0,5,20,2,27,0,0,0,27
10/18/2022,BAZ,TX,ASW,CE,Federal Contract Tower,0,6,21,6,33,0,3,97,0,100,0,9,118,6,133,158,4,162,295
10/19/2022,BAZ,TX,ASW,CE,Federal Contract Tower,0,3,25,8,36,0,4,136,0,140,0,7,161,8,176,246,4,250,426
10/20/2022,BAZ,TX,ASW,CE,Federal Contract Tower,0,4,19,14,37,0,1,61,2,64,0,5,80,16,101,108,10,118,219
10/21/2022,BAZ,TX,ASW,CE,Federal Contract Tower,0,2,32,10,44,0,3,121,0,124,0,5,153,10,168,122,2,124,292
10/22/2022,BAZ,TX,ASW,CE,Federal Contract Tower,0,0,26,0,26,0,3,42,0,45,0,3,68,0,71,10,0,10,81
10/23/2022,BAZ,TX,ASW,CE,Federal Contract Tower,0,0,18,2,20,0,1,26,0,27,0,1,44,2,47,16,0,16,63
10/24/2022,BAZ,TX,ASW,CE,Federal Contract Tower,0,0,24,4,28,0,2,18,0,20,0,2,42,4,48,22,2,24,72
10/25/2022,BAZ,TX,ASW,CE,Federal Contract Tower,0,1,20,2,23,0,7,78,0,85,0,8,98,2,108,120,4,124,232
10/26/2022,BAZ,TX,ASW,CE,Federal Contract Tower,0,4,18,9,31,0,1,145,3,149,0,5,163,12,180,204,10,214,394
10/27/2022,BAZ,TX,ASW,CE,Federal Contract Tower,0,2,34,4,40,0,7,109,0,116,0,9,143,4,156,162,4,166,322
10/28/2022,BAZ,TX,ASW,CE,Federal Contract Tower,0,4,8,0,12,0,2,15,0,17,0,6,23,0,29,8,0,8,37
10/29/2022,BAZ,TX,ASW,CE,Federal Contract Tower,0,2,15,2,19,0,0,70,0,70,0,2,85,2,89,192,0,192,281
10/30/2022,BAZ,TX,ASW,CE,Federal Contract Tower,0,0,11,0,11,0,0,66,0,66,0,0,77,0,77,140,0,140,217
10/31/2022,BAZ,TX,ASW,CE,Federal Contract Tower,0,0,15,16,31,0,4,133,2,139,0,4,148,18,170,154,12,166,336
11/01/2022,BAZ,TX,ASW,CE,Federal Contract Tower,0,2,18,17,37,0,1,45,3,49,0,3,63,20,86,104,28,132,218
11/02/2022,BAZ,TX,ASW,CE,Federal Contract Tower,0,3,14,12,29,0,4,31,0,35,0,7,45,12,64,102,10,112,176
11/03/2022,BAZ,TX,ASW,CE,Federal Contract Tower,0,8,17,8,33,0,3,41,0,44,0,11,58,8,77,62,16,78,155
11/04/2022,BAZ,TX,ASW,CE,Federal Contract Tower,0,2,6,4,12,0,0,15,0,15,0,2,21,4,27,32,4,36,63
11/05/2022,BAZ,TX,ASW,CE,Federal Contract Tower,0,1,15,2,18,0,2,111,0,113,0,3,126,2,131,166,0,166,297
11/06/2022,BAZ,TX,ASW,CE,Federal Contract Tower,0,0,14,0,14,0,2,44,0,46,0,2,58,0,60,82,0,82,142
11/07/2022,BAZ,TX,ASW,CE,Federal Contract Tower,0,1,10,8,19,0,2,32,0,34,0,3,42,8,53,100,0,100,153
11/08/2022,BAZ,TX,ASW,CE,Federal Contract Tower,0,2,21,10,33,0,1,52,2,55,0,3,73,12,88,148,0,148,236
11/09/2022,BAZ,TX,ASW,CE,Federal Contract Tower,0,7,34,13,54,0,2,68,1,71,0,9,102,14,125,112,8,120,245
11/10/2022,BAZ,TX,ASW,CE,Federal Contract Tower,0,5,31,8,44,0,3,109,2,114,0,8,140,10,158,226,14,240,398
11/11/2022,BAZ,TX,ASW,CE,Federal Contract Tower,0,4,12,0,16,0,6,16,0,22,0,10,28,0,38,6,0,6,44
11/12/2022,BAZ,TX,ASW,CE,Federal Contract Tower,0,0,8,1,9,0,0,64,1,65,0,0,72,2,74,92,6,98,172
11/13/2022,BAZ,TX,ASW,CE,Federal Contract Tower,0,1,24,0,25,0,0,52,0,52,0,1,76,0,77,70,0,70,147
11/14/2022,BAZ,TX,ASW,CE,Federal Contract Tower,0,0,12,4,16,0,0,8,0,8,0,0,20,4,24,32,0,32,56
11/15/2022,BAZ,TX,ASW,CE,Federal Contract Tower,0,0,26,14,40,0,11,87,2,100,0,11,113,16,140,150,8,158,298
11/16/2022,BAZ,TX,ASW,CE,Federal Contract Tower,0,5,11,8,24,0,14,68,0,82,0,19,79,8,106,140,0,140,246
11/17/2022,BAZ,TX,ASW,CE,Federal Contract Tower,0,0,15,11,26,0,21,104,1,126,0,21,119,12,152,256,8,264,416
11/18/2022,BAZ,TX,ASW,CE,Federal Contract Tower,0,2,36,12,50,0,2,82,4,88,0,4,118,16,138,140,8,148,286
11/19/2022,BAZ,TX,ASW,CE,Federal Contract Tower,0,0,7,0,7,0,0,0,0,0,0,0,7,0,7,0,0,0,7
11/20/2022,BAZ,TX,ASW,CE,Federal Contract Tower,0,3,19,0,22,0,1,33,0,34,0,4,52,0,56,54,0,54,110
11/21/2022,BAZ,TX,ASW,CE,Federal Contract Tower,0,2,8,0,10,0,0,0,0,0,0,2,8,0,10,0,0,0,10
11/22/2022,BAZ,TX,ASW,CE,Federal Contract Tower,0,1,16,4,21,0,0,0,0,0,0,1,16,4,21,0,4,4,25
11/23/2022,BAZ,TX,ASW,CE,Federal Contract Tower,0,0,16,8,24,0,2,26,0,28,0,2,42,8,52,82,8,90,142
11/24/2022,BAZ,TX,ASW,CE,Federal Contract Tower,0,0,2,0,2,0,0,0,0,0,0,0,2,0,2,0,0,0,2
11/25/2022,BAZ,TX,ASW,CE,Federal Contract Tower,0,0,12,0,12,0,0,2,0,2,0,0,14,0,14,2,0,2,16
11/26/2022,BAZ,TX,ASW,CE,Federal Contract Tower,0,0,15,0,15,0,3,33,0,36,0,3,48,0,51,66,0,66,117
11/27/2022,BAZ,TX,ASW,CE,Federal Contract Tower,0,0,11,0,11,0,0,80,0,80,0,0,91,0,91,98,0,98,189
11/28/2022,BAZ,TX,ASW,CE,Federal Contract Tower,0,0,15,2,17,0,1,144,0,145,0,1,159,2,162,204,2,206,368
11/29/2022,BAZ,TX,ASW,CE,Federal Contract Tower,0,0,29,4,33,0,3,39,0,42,0,3,68,4,75,66,2,68,143
11/30/2022,BAZ,TX,ASW,CE,Federal Contract Tower,0,1,15,10,26,0,3,64,0,67,0,4,79,10,93,100,10,110,203
12/01/2022,BAZ,TX,ASW,CE,Federal Contract Tower,0,1,45,9,55,0,1,35,0,36,0,2,80,9,91,44,8,52,143
12/02/2022,BAZ,TX,ASW,CE,Federal Contract Tower,0,3,9,4,16,0,0,3,0,3,0,3,12,4,19,0,0,0,19
12/03/2022,BAZ,TX,ASW,CE,Federal Contract Tower,0,2,31,0,33,0,0,33,0,33,0,2,64,0,66,76,0,76,142
12/04/2022,BAZ,TX,ASW,CE,Federal Contract Tower,0,0,24,0,24,0,0,0,0,0,0,0,24,0,24,0,0,0,24
12/05/2022,BAZ,TX,ASW,CE,Federal Contract Tower,0,3,23,2,28,0,0,31,0,31,0,3,54,2,59,116,0,116,175
12/06/2022,BAZ,TX,ASW,CE,Federal Contract Tower,0,1,19,8,28,0,1,70,0,71,0,2,89,8,99,164,10,174,273
12/07/2022,BAZ,TX,ASW,CE,Federal Contract Tower,0,4,33,7,44,0,0,61,1,62,0,4,94,8,106,112,18,130,236
12/08/2022,BAZ,TX,ASW,CE,Federal Contract Tower,0,5,24,8,37,0,4,66,0,70,0,9,90,8,107,208,6,214,321
12/09/2022,BAZ,TX,ASW,CE,Federal Contract Tower,0,0,31,8,39,0,1,81,0,82,0,1,112,8,121,154,6,160,281
12/10/2022,BAZ,TX,ASW,CE,Federal Contract Tower,0,2,18,0,20,0,3,44,0,47,0,5,62,0,67,150,0,150,217
12/11/2022,BAZ,TX,ASW,CE,Federal Contract Tower,0,3,23,0,26,0,0,71,0,71,0,3,94,0,97,162,0,162,259
12/12/2022,BAZ,TX,ASW,CE,Federal Contract Tower,0,2,15,6,23,0,0,3,0,3,0,2,18,6,26,14,0,14,40
12/13/2022,BAZ,TX,ASW,CE,Federal Contract Tower,0,2,18,8,28,0,1,61,2,64,0,3,79,10,92,120,6,126,218
12/14/2022,BAZ,TX,ASW,CE,Federal Contract Tower,0,5,15,12,32,0,4,72,2,78,0,9,87,14,110,144,14,158,268
12/15/2022,BAZ,TX,ASW,CE,Federal Contract Tower,0,0,22,8,30,0,3,203,0,206,0,3,225,8,236,258,6,264,500
12/16/2022,BAZ,TX,ASW,CE,Federal Contract Tower,0,1,26,8,35,0,5,124,2,131,0,6,150,10,166,246,6,252,418
12/17/2022,BAZ,TX,ASW,CE,Federal Contract Tower,0,0,18,0,18,0,0,106,0,106,0,0,124,0,124,186,0,186,310
12/18/2022,BAZ,TX,ASW,CE,Federal Contract Tower,0,2,12,0,14,0,1,53,0,54,0,3,65,0,68,128,0,128,196
12/19/2022,BAZ,TX,ASW,CE,Federal Contract Tower,0,0,5,0,5,0,0,0,0,0,0,0,5,0,5,0,0,0,5
12/20/2022,BAZ,TX,ASW,CE,Federal Contract Tower,0,3,9,6,18,0,1,0,0,1,0,4,9,6,19,0,0,0,19
12/21/2022,BAZ,TX,ASW,CE,Federal Contract Tower,0,3,19,6,28,0,1,19,0,20,0,4,38,6,48,68,4,72,120
12/22/2022,BAZ,TX,ASW,CE,Federal Contract Tower,0,0,6,7,13,0,2,24,0,26,0,2,30,7,39,38,4,42,81
12/23/2022,BAZ,TX,ASW,CE,Federal Contract Tower,0,0,6,0,6,0,2,38,0,40,0,2,44,0,46,112,0,112,158
12/24/2022,BAZ,TX,ASW,CE,Federal Contract Tower,0,4,7,0,11,0,0,22,0,22,0,4,29,0,33,12,0,12,45
12/25/2022,BAZ,TX,ASW,CE,Federal Contract Tower,0,0,1,0,1,0,0,10,0,10,0,0,11,0,11,28,0,28,39
12/26/2022,BAZ,TX,ASW,CE,Federal Contract Tower,0,1,8,0,9,0,1,83,0,84,0,2,91,0,93,74,0,74,167
12/27/2022,BAZ,TX,ASW,CE,Federal Contract Tower,0,2,29,0,31,0,2,120,0,122,0,4,149,0,153,162,0,162,315
12/28/2022,BAZ,TX,ASW,CE,Federal Contract Tower,0,2,20,4,26,0,2,99,0,101,0,4,119,4,127,150,4,154,281
12/29/2022,BAZ,TX,ASW,CE,Federal Contract Tower,0,2,18,0,20,0,2,54,0,56,0,4,72,0,76,138,0,138,214
12/30/2022,BAZ,TX,ASW,CE,Federal Contract Tower,0,0,11,0,11,0,3,76,0,79,0,3,87,0,90,162,0,162,252
12/31/2022,BAZ,TX,ASW,CE,Federal Contract Tower,0,0,13,0,13,0,0,93,0,93,0,0,106,0,106,72,0,72,178
01/01/2023,BAZ,TX,ASW,CE,Federal Contract Tower,0,0,11,0,11,0,0,22,0,22,0,0,33,0,33,42,0,42,75
01/02/2023,BAZ,TX,ASW,CE,Federal Contract Tower,0,0,24,0,24,0,0,24,0,24,0,0,48,0,48,56,0,56,104
01/03/2023,BAZ,TX,ASW,CE,Federal Contract Tower,0,2,15,2,19,0,3,108,0,111,0,5,123,2,130,206,0,206,336
01/04/2023,BAZ,TX,ASW,CE,Federal Contract Tower,0,5,18,6,29,0,4,97,0,101,0,9,115,6,130,202,10,212,342
01/05/2023,BAZ,TX,ASW,CE,Federal Contract Tower,0,2,26,8,36,0,2,77,0,79,0,4,103,8,115,140,6,146,261
01/06/2023,BAZ,TX,ASW,CE,Federal Contract Tower,0,2,25,12,39,0,0,60,0,60,0,2,85,12,99,104,0,104,203
01/07/2023,BAZ,TX,ASW,CE,Federal Contract Tower,0,3,4,0,7,0,1,14,0,15,0,4,18,0,22,60,0,60,82
01/08/2023,BAZ,TX,ASW,CE,Federal Contract Tower,0,0,24,0,24,0,2,80,0,82,0,2,104,0,106,174,0,174,280
01/09/2023,BAZ,TX,ASW,CE,Federal Contract Tower,0,0,14,9,23,0,0,70,1,71,0,0,84,10,94,100,4,104,198
01/10/2023,BAZ,TX,ASW,CE,Federal Contract Tower,0,2,17,3,22,0,1,96,1,98,0,3,113,4,120,206,10,216,336
01/11/2023,BAZ,TX,ASW,CE,Federal Contract Tower,0,0,16,2,18,0,5,27,0,32,0,5,43,2,50,76,2,78,128
01/12/2023,BAZ,TX,ASW,CE,Federal Contract Tower,0,2,16,6,24,0,3,65,0,68,0,5,81,6,92,96,4,100,192
01/13/2023,BAZ,TX,ASW,CE,Federal Contract Tower,0,1,14,6,21,0,4,155,0,159,0,5,169,6,180,138,0,138,318
01/14/2023,BAZ,TX,ASW,CE,Federal Contract Tower,0,2,14,0,16,0,1,155,0,156,0,3,169,0,172,222,0,222,394
01/15/2023,BAZ,TX,ASW,CE,Federal Contract Tower,0,0,13,0,13,0,0,50,0,50,0,0,63,0,63,142,0,142,205
01/16/2023,BAZ,TX,ASW,CE,Federal Contract Tower,0,0,31,0,31,0,3,67,0,70,0,3,98,0,101,128,0,128,229
01/17/2023,BAZ,TX,ASW,CE,Federal Contract Tower,0,0,14,2,16,0,2,100,0,102,0,2,114,2,118,168,0,168,286
01/18/2023,BAZ,TX,ASW,CE,Federal Contract Tower,0,0,15,8,23,0,4,48,0,52,0,4,63,8,75,132,4,136,211
01/19/2023,BAZ,TX,ASW,CE,Federal Contract Tower,0,2,22,3,27,0,3,124,0,127,0,5,146,3,154,164,44,208,362
01/20/2023,BAZ,TX,ASW,CE,Federal Contract Tower,0,5,18,4,27,0,4,114,0,118,0,9,132,4,145,232,2,234,379
01/21/2023,BAZ,TX,ASW,CE,Federal Contract Tower,0,0,18,0,18,0,0,20,0,20,0,0,38,0,38,52,0,52,90
01/22/2023,BAZ,TX,ASW,CE,Federal Contract Tower,0,0,19,6,25,0,2,75,2,79,0,2,94,8,104,192,4,196,300
01/23/2023,BAZ,TX,ASW,CE,Federal Contract Tower,0,0,22,5,27,0,6,95,2,103,0,6,117,7,130,192,12,204,334
01/24/2023,BAZ,TX,ASW,CE,Federal Contract Tower,0,1,6,8,15,0,0,9,0,9,0,1,15,8,24,30,2,32,56
01/25/2023,BAZ,TX,ASW,CE,Federal Contract Tower,0,0,12,6,18,0,4,101,0,105,0,4,113,6,123,134,6,140,263
01/26/2023,BAZ,TX,ASW,CE,Federal Contract Tower,0,2,23,5,30,0,5,122,4,131,0,7,145,9,161,184,26,210,371
01/27/2023,BAZ,TX,ASW,CE,Federal Contract Tower,0,0,16,13,29,0,2,97,8,107,0,2,113,21,136,152,8,160,296
01/28/2023,BAZ,TX,ASW,CE,Federal Contract Tower,0,0,5,0,5,0,0,0,0,0,0,0,5,0,5,0,0,0,5
01/29/2023,BAZ,TX,ASW,CE,Federal Contract Tower,0,0,3,0,3,0,0,37,0,37,0,0,40,0,40,78,0,78,118
01/30/2023,BAZ,TX,ASW,CE,Federal Contract Tower,0,0,10,0,10,0,0,0,0,0,0,0,10,0,10,0,0,0,10
01/31/2023,BAZ,TX,ASW,CE,Federal Contract Tower,0,0,4,0,4,0,0,1,0,1,0,0,5,0,5,0,0,0,5
02/01/2023,BAZ,TX,ASW,CE,Federal Contract Tower,0,1,5,0,6,0,0,0,0,0,0,1,5,0,6,0,0,0,6
02/02/2023,BAZ,TX,ASW,CE,Federal Contract Tower,0,3,13,0,16,0,2,2,0,4,0,5,15,0,20,0,0,0,20
02/03/2023,BAZ,TX,ASW,CE,Federal Contract Tower,0,0,12,6,18,0,1,69,4,74,0,1,81,10,92,130,0,130,222
02/04/2023,BAZ,TX,ASW,CE,Federal Contract Tower,0,0,12,0,12,0,1,60,0,61,0,1,72,0,73,108,0,108,181
02/05/2023,BAZ,TX,ASW,CE,Federal Contract Tower,0,2,16,0,18,0,2,118,4,124,0,4,134,4,142,158,10,168,310
02/06/2023,BAZ,TX,ASW,CE,Federal Contract Tower,0,0,15,10,25,0,2,34,0,36,0,2,49,10,61,58,10,68,129
02/07/2023,BAZ,TX,ASW,CE,Federal Contract Tower,0,6,9,20,35,0,0,3,0,3,0,6,12,20,38,16,2,18,56
02/08/2023,BAZ,TX,ASW,CE,Federal Contract Tower,0,2,15,8,25,0,4,33,0,37,0,6,48,8,62,80,8,88,150
02/09/2023,BAZ,TX,ASW,CE,Federal Contract Tower,0,0,27,6,33,0,1,142,0,143,0,1,169,6,176,250,0,250,426
02/10/2023,BAZ,TX,ASW,CE,Federal Contract Tower,0,0,32,8,40,0,4,25,0,29,0,4,57,8,69,22,0,22,91
02/11/2023,BAZ,TX,ASW,CE,Federal Contract Tower,0,0,25,0,25,0,0,134,0,134,0,0,159,0,159,202,0,202,361
02/12/2023,BAZ,TX,ASW,CE,Federal Contract Tower,0,0,15,0,15,0,0,120,0,120,0,0,135,0,135,168,0,168,303
02/13/2023,BAZ,TX,ASW,CE,Federal Contract Tower,0,0,20,14,34,0,4,66,0,70,0,4,86,14,104,140,8,148,252
02/14/2023,BAZ,TX,ASW,CE,Federal Contract Tower,0,0,10,4,14,0,5,50,0,55,0,5,60,4,69,58,0,58,127
02/15/2023,BAZ,TX,ASW,CE,Federal Contract Tower,0,4,17,4,25,0,7,52,0,59,0,11,69,4,84,66,0,66,150
02/16/2023,BAZ,TX,ASW,CE,Federal Contract Tower,0,3,15,1,19,0,0,40,3,43,0,3,55,4,62,16,8,24,86
02/17/2023,BAZ,TX,ASW,CE,Federal Contract Tower,0,1,39,4,44,0,10,123,0,133,0,11,162,4,177,212,2,214,391
02/18/2023,BAZ,TX,ASW,CE,Federal Contract Tower,0,0,17,0,17,0,0,131,0,131,0,0,148,0,148,186,0,186,334
02/19/2023,BAZ,TX,ASW,CE,Federal Contract Tower,0,0,15,0,15,0,0,57,0,57,0,0,72,0,72,82,0,82,154
02/20/2023,BAZ,TX,ASW,CE,Federal Contract Tower,0,0,41,0,41,0,0,61,0,61,0,0,102,0,102,62,0,62,164
02/21/2023,BAZ,TX,ASW,CE,Federal Contract Tower,0,3,16,4,23,0,2,84,2,88,0,5,100,6,111,72,2,74,185
02/22/2023,BAZ,TX,ASW,CE,Federal Contract Tower,0,1,25,7,33,0,3,44,1,48,0,4,69,8,81,56,8,64,145
02/23/2023,BAZ,TX,ASW,CE,Federal Contract Tower,0,0,26,4,30,0,1,34,0,35,0,1,60,4,65,84,2,86,151
02/24/2023,BAZ,TX,ASW,CE,Federal Contract Tower,0,4,23,16,43,0,2,14,0,16,0,6,37,16,59,6,6,12,71
02/25/2023,BAZ,TX,ASW,CE,Federal Contract Tower,0,6,23,0,29,0,0,13,0,13,0,6,36,0,42,10,0,10,52
02/26/2023,BAZ,TX,ASW,CE,Federal Contract Tower,0,0,21,0,21,0,0,13,0,13,0,0,34,0,34,34,0,34,68
02/27/2023,BAZ,TX,ASW,CE,Federal Contract Tower,0,2,12,6,20,0,6,113,0,119,0,8,125,6,139,156,0,156,295
02/28/2023,BAZ,TX,ASW,CE,Federal Contract Tower,0,2,10,6,18,0,4,91,0,95,0,6,101,6,113,122,0,122,235
03/01/2023,BAZ,TX,ASW,CE,Federal Contract Tower,0,0,23,14,37,0,2,48,0,50,0,2,71,14,87,100,14,114,201
03/02/2023,BAZ,TX,ASW,CE,Federal Contract Tower,0,2,17,4,23,0,5,18,0,23,0,7,35,4,46,12,6,18,64
03/03/2023,BAZ,TX,ASW,CE,Federal Contract Tower,0,0,27,9,36,0,3,77,1,81,0,3,104,10,117,214,10,224,341
03/04/2023,BAZ,TX,ASW,CE,Federal Contract Tower,0,1,14,0,15,0,33,146,0,179,0,34,160,0,194,180,0,180,374
03/05/2023,BAZ,TX,ASW,CE,Federal Contract Tower,0,0,15,0,15,0,2,42,0,44,0,2,57,0,59,42,0,42,101
03/06/2023,BAZ,TX,ASW,CE,Federal Contract Tower,0,9,28,6,43,0,24,50,2,76,0,33,78,8,119,52,4,56,175
03/07/2023,BAZ,TX,ASW,CE,Federal Contract Tower,0,3,28,10,41,0,4,19,0,23,0,7,47,10,64,14,0,14,78
03/08/2023,BAZ,TX,ASW,CE,Federal Contract Tower,0,4,19,6,29,0,18,45,2,65,0,22,64,8,94,116,4,120,214
03/09/2023,BAZ,TX,ASW,CE,Federal Contract Tower,0,5,22,8,35,0,9,52,0,61,0,14,74,8,96,112,8,120,216
03/10/2023,BAZ,TX,ASW,CE,Federal Contract Tower,0,3,19,8,30,0,4,74,1,79,0,7,93,9,109,112,2,114,223
03/11/2023,BAZ,TX,ASW,CE,Federal Contract Tower,0,4,16,2,22,0,5,67,0,72,0,9,83,2,94,106,0,106,200
03/12/2023,BAZ,TX,ASW,CE,Federal Contract Tower,0,7,9,1,17,0,10,57,1,68,0,17,66,2,85,72,20,92,177
03/13/2023,BAZ,TX,ASW,CE,Federal Contract Tower,0,1,23,10,34,0,4,39,5,48,0,5,62,15,82,24,22,46,128
03/14/2023,BAZ,TX,ASW,CE,Federal Contract Tower,0,2,25,5,32,0,31,65,8,104,0,33,90,13,136,130,16,146,282
03/15/2023,BAZ,TX,ASW,CE,Federal Contract Tower,0,5,34,6,45,0,27,86,1,114,0,32,120,7,159,118,16,134,293
03/16/2023,BAZ,TX,ASW,CE,Federal Contract Tower,0,3,16,0,19,0,1,20,0,21,0,4,36,0,40,40,0,40,80
03/17/2023,BAZ,TX,ASW,CE,Federal Contract Tower,0,7,13,3,23,0,5,29,1,35,0,12,42,4,58,70,10,80,138
03/18/2023,BAZ,TX,ASW,CE,Federal Contract Tower,0,3,10,0,13,0,1,43,0,44,0,4,53,0,57,68,0,68,125
03/19/2023,BAZ,TX,ASW,CE,Federal Contract Tower,0,4,17,0,21,0,20,67,0,87,0,24,84,0,108,100,0,100,208
03/20/2023,BAZ,TX,ASW,CE,Federal Contract Tower,0,1,16,4,21,0,9,52,4,65,0,10,68,8,86,114,16,130,216
03/21/2023,BAZ,TX,ASW,CE,Federal Contract Tower,0,0,12,0,12,0,0,0,0,0,0,0,12,0,12,0,0,0,12
03/22/2023,BAZ,TX,ASW,CE,Federal Contract Tower,0,8,25,7,40,0,12,37,1,50,0,20,62,8,90,99,13,112,202
03/23/2023,BAZ,TX,ASW,CE,Federal Contract Tower,0,2,30,16,48,0,2,37,2,41,0,4,67,18,89,64,24,88,177
03/24/2023,BAZ,TX,ASW,CE,Federal Contract Tower,0,4,23,2,29,0,2,59,0,61,0,6,82,2,90,120,0,120,210
03/25/2023,BAZ,TX,ASW,CE,Federal Contract Tower,0,0,21,0,21,0,19,132,0,151,0,19,153,0,172,146,0,146,318
03/26/2023,BAZ,TX,ASW,CE,Federal Contract Tower,0,2,30,0,32,0,11,30,0,41,0,13,60,0,73,64,0,64,137
03/27/2023,BAZ,TX,ASW,CE,Federal Contract Tower,0,0,31,8,39,0,15,54,0,69,0,15,85,8,108,96,0,96,204
03/28/2023,BAZ,TX,ASW,CE,Federal Contract Tower,0,0,14,2,16,0,2,9,2,13,0,2,23,4,29,0,2,2,31
03/29/2023,BAZ,TX,ASW,CE,Federal Contract Tower,0,0,27,4,31,0,45,77,0,122,0,45,104,4,153,132,4,136,289
03/30/2023,BAZ,TX,ASW,CE,Federal Contract Tower,0,2,31,2,35,0,1,2,0,3,0,3,33,2,38,10,2,12,50
03/31/2023,BAZ,TX,ASW,CE,Federal Contract Tower,0,2,27,8,37,0,14,55,0,69,0,16,82,8,106,86,10,96,202
04/01/2023,BAZ,TX,ASW,CE,Federal Contract Tower,0,0,13,0,13,0,8,150,0,158,0,8,163,0,171,208,0,208,379
04/02/2023,BAZ,TX,ASW,CE,Federal Contract Tower,0,1,19,2,22,0,9,19,0,28,0,10,38,2,50,28,2,30,80
04/03/2023,BAZ,TX,ASW,CE,Federal Contract Tower,0,0,26,14,40,0,10,52,0,62,0,10,78,14,102,110,0,110,212
04/04/2023,BAZ,TX,ASW,CE,Federal Contract Tower,0,3,23,15,41,0,5,40,1,46,0,8,63,16,87,52,20,72,159
04/05/2023,BAZ,TX,ASW,CE,Federal Contract Tower,0,0,13,8,21,0,13,20,0,33,0,13,33,8,54,16,8,24,78
04/06/2023,BAZ,TX,ASW,CE,Federal Contract Tower,0,4,1,0,5,0,0,0,0,0,0,4,1,0,5,0,0,0,5
04/07/2023,BAZ,TX,ASW,CE,Federal Contract Tower,0,0,10,0,10,0,0,0,0,0,0,0,10,0,10,0,0,0,10
04/08/2023,BAZ,TX,ASW,CE,Federal Contract Tower,0,0,19,0,19,0,1,21,0,22,0,1,40,0,41,56,0,56,97
04/09/2023,BAZ,TX,ASW,CE,Federal Contract Tower,0,0,14,0,14,0,0,45,0,45,0,0,59,0,59,94,0,94,153
04/10/2023,BAZ,TX,ASW,CE,Federal Contract Tower,0,0,20,18,38,0,15,21,0,36,0,15,41,18,74,60,0,60,134
04/11/2023,BAZ,TX,ASW,CE,Federal Contract Tower,0,0,22,12,34,0,14,87,0,101,0,14,109,12,135,174,6,180,315
04/12/2023,BAZ,TX,ASW,CE,Federal Contract Tower,0,0,35,3,38,0,60,89,3,152,0,60,124,6,190,178,30,208,398
04/13/2023,BAZ,TX,ASW,CE,Federal Contract Tower,0,0,33,6,39,0,37,68,0,105,0,37,101,6,144,124,2,126,270
04/14/2023,BAZ,TX,ASW,CE,Federal Contract Tower,0,3,28,9,40,0,11,14,1,26,0,14,42,10,66,54,10,64,130
04/15/2023,BAZ,TX,ASW,CE,Federal Contract Tower,0,3,20,1,24,0,29,30,1,60,0,32,50,2,84,50,14,64,148
04/16/2023,BAZ,TX,ASW,CE,Federal Contract Tower,0,0,6,8,14,0,3,62,1,66,0,3,68,9,80,78,8,86,166
04/17/2023,BAZ,TX,ASW,CE,Federal Contract Tower,0,3,20,14,37,0,6,85,4,95,0,9,105,18,132,124,14,138,270
04/18/2023,BAZ,TX,ASW,CE,Federal Contract Tower,0,2,20,20,42,0,4,9,2,15,0,6,29,22,57,28,40,68,125
04/19/2023,BAZ,TX,ASW,CE,Federal Contract Tower,0,0,28,8,36,0,2,24,2,28,0,2,52,10,64,54,4,58,122
04/20/2023,BAZ,TX,ASW,CE,Federal Contract Tower,0,2,13,6,21,0,3,15,3,21,0,5,28,9,42,44,8,52,94
04/21/2023,BAZ,TX,ASW,CE,Federal Contract Tower,0,4,29,4,37,0,46,41,0,87,0,50,70,4,124,64,0,64,188
04/22/2023,BAZ,TX,ASW,CE,Federal Contract Tower,0,0,13,0,13,0,34,96,1,131,0,34,109,1,144,154,0,154,298
04/23/2023,BAZ,TX,ASW,CE,Federal Contract Tower,0,4,15,0,19,0,0,1,0,1,0,4,16,0,20,0,0,0,20
04/24/2023,BAZ,TX,ASW,CE,Federal Contract Tower,0,6,26,6,38,0,12,33,0,45,0,18,59,6,83,88,4,92,175
04/25/2023,BAZ,TX,ASW,CE,Federal Contract Tower,0,5,34,2,41,0,15,3,0,18,0,20,37,2,59,22,0,22,81
04/26/2023,BAZ,TX,ASW,CE,Federal Contract Tower,0,6,20,8,34,0,19,30,0,49,0,25,50,8,83,86,0,86,169
04/27/2023,BAZ,TX,ASW,CE,Federal Contract Tower,0,6,28,11,45,0,11,59,1,71,0,17,87,12,116,110,12,122,238
04/28/2023,BAZ,TX,ASW,CE,Federal Contract Tower,0,2,16,18,36,0,2,29,0,31,0,4,45,18,67,20,0,20,87
04/29/2023,BAZ,TX,ASW,CE,Federal Contract Tower,0,0,3,0,3,0,0,16,0,16,0,0,19,0,19,6,0,6,25
04/30/2023,BAZ,TX,ASW,CE,Federal Contract Tower,0,2,10,0,12,0,4,80,0,84,0,6,90,0,96,128,0,128,224
05/01/2023,BAZ,TX,ASW,CE,Federal Contract Tower,0,2,16,18,36,0,20,69,2,91,0,22,85,20,127,138,6,144,271
05/02/2023,BAZ,TX,ASW,CE,Federal Contract Tower,0,4,15,6,25,0,1,40,2,43,0,5,55,8,68,158,0,158,226
05/03/2023,BAZ,TX,ASW,CE,Federal Contract Tower,0,3,17,8,28,0,14,84,3,101,0,17,101,11,129,154,10,164,293
05/04/2023,BAZ,TX,ASW,CE,Federal Contract Tower,0,1,20,10,31,0,16,43,0,59,0,17,63,10,90,72,6,78,168
05/05/2023,BAZ,TX,ASW,CE,Federal Contract Tower,0,2,27,8,37,0,12,42,1,55,0,14,69,9,92,160,8,168,260
05/06/2023,BAZ,TX,ASW,CE,Federal Contract Tower,0,0,14,0,14,0,0,30,0,30,0,0,44,0,44,74,0,74,118
05/07/2023,BAZ,TX,ASW,CE,Federal Contract Tower,0,2,10,0,12,0,2,14,0,16,0,4,24,0,28,42,0,42,70
05/08/2023,BAZ,TX,ASW,CE,Federal Contract Tower,0,5,12,22,39,0,14,56,2,72,0,19,68,24,111,176,14,190,301
05/09/2023,BAZ,TX,ASW,CE,Federal Contract Tower,0,1,13,0,14,0,1,4,0,5,0,2,17,0,19,4,0,4,23
05/10/2023,BAZ,TX,ASW,CE,Federal Contract Tower,0,2,22,6,30,0,17,25,0,42,0,19,47,6,72,124,2,126,198
05/11/2023,BAZ,TX,ASW,CE,Federal Contract Tower,0,2,35,9,46,0,2,11,1,14,0,4,46,10,60,12,4,16,76
05/12/2023,BAZ,TX,ASW,CE,Federal Contract Tower,0,7,16,0,23,0,1,16,0,17,0,8,32,0,40,22,0,22,62
05/13/2023,BAZ,TX,ASW,CE,Federal Contract Tower,0,0,11,0,11,0,12,15,0,27,0,12,26,0,38,30,0,30,68
05/14/2023,BAZ,TX,ASW,CE,Federal Contract Tower,0,0,5,0,5,0,11,15,0,26,0,11,20,0,31,30,0,30,61
05/15/2023,BAZ,TX,ASW,CE,Federal Contract Tower,0,1,18,0,19,0,1,16,0,17,0,2,34,0,36,16,0,16,52
05/16/2023,BAZ,TX,ASW,CE,Federal Contract Tower,0,2,16,2,20,0,39,30,0,69,0,41,46,2,89,96,0,96,185
05/17/2023,BAZ,TX,ASW,CE,Federal Contract Tower,0,3,15,6,24,0,40,80,2,122,0,43,95,8,146,114,12,126,272
05/18/2023,BAZ,TX,ASW,CE,Federal Contract Tower,0,0,25,4,29,0,47,89,0,136,0,47,114,4,165,162,2,164,329
05/19/2023,BAZ,TX,ASW,CE,Federal Contract Tower,0,0,15,5,20,0,29,60,1,90,0,29,75,6,110,96,0,96,206
05/20/2023,BAZ,TX,ASW,CE,Federal Contract Tower,0,3,13,4,20,0,2,40,0,42,0,5,53,4,62,56,8,64,126
05/21/2023,BAZ,TX,ASW,CE,Federal Contract Tower,0,0,15,2,17,0,0,21,0,21,0,0,36,2,38,14,0,14,52
05/22/2023,BAZ,TX,ASW,CE,Federal Contract Tower,0,0,17,4,21,0,70,68,0,138,0,70,85,4,159,170,2,172,331
05/23/2023,BAZ,TX,ASW,CE,Federal Contract Tower,0,2,18,14,34,0,42,67,0,109,0,44,85,14,143,174,12,186,329
05/24/2023,BAZ,TX,ASW,CE,Federal Contract Tower,0,0,23,10,33,0,11,72,0,83,0,11,95,10,116,232,4,236,352
05/25/2023,BAZ,TX,ASW,CE,Federal Contract Tower,0,2,15,19,36,0,22,66,1,89,0,24,81,20,125,152,30,182,307
05/26/2023,BAZ,TX,ASW,CE,Federal Contract Tower,0,5,39,0,44,0,36,106,0,142,0,41,145,0,186,120,0,120,306
05/27/2023,BAZ,TX,ASW,CE,Federal Contract Tower,0,2,15,0,17,0,22,77,0,99,0,24,92,0,116,160,0,160,276
05/28/2023,BAZ,TX,ASW,CE,Federal Contract Tower,0,0,11,0,11,0,0,54,0,54,0,0,65,0,65,120,0,120,185
05/29/2023,BAZ,TX,ASW,CE,Federal Contract Tower,0,4,28,0,32,0,12,43,0,55,0,16,71,0,87,146,0,146,233
05/30/2023,BAZ,TX,ASW,CE,Federal Contract Tower,0,7,16,6,29,0,29,60,0,89,0,36,76,6,118,78,0,78,196
05/31/2023,BAZ,TX,ASW,CE,Federal Contract Tower,0,1,19,6,26,0,79,53,2,134,0,80,72,8,160,146,10,156,316
06/01/2023,BAZ,TX,ASW,CE,Federal Contract Tower,0,2,28,1,31,0,14,51,1,66,0,16,79,2,97,134,4,138,235
06/02/2023,BAZ,TX,ASW,CE,Federal Contract Tower,0,3,15,10,28,0,13,82,0,95,0,16,97,10,123,58,2,60,183
06/03/2023,BAZ,TX,ASW,CE,Federal Contract Tower,0,0,17,0,17,0,4,76,0,80,0,4,93,0,97,170,0,170,267
06/04/2023,BAZ,TX,ASW,CE,Federal Contract Tower,0,0,7,0,7,0,0,36,0,36,0,0,43,0,43,48,0,48,91
06/05/2023,BAZ,TX,ASW,CE,Federal Contract Tower,0,0,18,17,35,0,18,54,1,73,0,18,72,18,108,82,4,86,194
06/06/2023,BAZ,TX,ASW,CE,Federal Contract Tower,0,0,19,2,21,0,11,38,0,49,0,11,57,2,70,86,2,88,158
06/07/2023,BAZ,TX,ASW,CE,Federal Contract Tower,0,5,10,6,21,0,24,56,0,80,0,29,66,6,101,132,4,136,237
06/08/2023,BAZ,TX,ASW,CE,Federal Contract Tower,0,4,23,10,37,0,9,55,2,66,0,13,78,12,103,60,12,72,175
06/09/2023,BAZ,TX,ASW,CE,Federal Contract Tower,0,3,19,7,29,0,17,75,1,93,0,20,94,8,122,80,6,86,208
06/10/2023,BAZ,TX,ASW,CE,Federal Contract Tower,0,3,21,0,24,0,18,82,0,100,0,21,103,0,124,138,0,138,262
06/11/2023,BAZ,TX,ASW,CE,Federal Contract Tower,0,9,19,2,30,0,0,55,0,55,0,9,74,2,85,56,0,56,141
06/12/2023,BAZ,TX,ASW,CE,Federal Contract Tower,0,2,15,10,27,0,2,46,0,48,0,4,61,10,75,72,2,74,149
06/13/2023,BAZ,TX,ASW,CE,Federal Contract Tower,0,0,40,4,44,0,1,30,0,31,0,1,70,4,75,52,0,52,127
06/14/2023,BAZ,TX,ASW,CE,Federal Contract Tower,0,6,33,14,53,0,28,30,0,58,0,34,63,14,111,100,8,108,219
06/15/2023,BAZ,TX,ASW,CE,Federal Contract Tower,0,2,35,20,57,0,1,27,0,28,0,3,62,20,85,28,4,32,117
06/16/2023,BAZ,TX,ASW,CE,Federal Contract Tower,0,4,7,12,23,0,33,61,0,94,0,37,68,12,117,150,6,156,273
06/17/2023,BAZ,TX,ASW,CE,Federal Contract Tower,0,3,16,0,19,0,6,45,0,51,0,9,61,0,70,112,0,112,182
06/18/2023,BAZ,TX,ASW,CE,Federal Contract Tower,0,0,18,0,18,0,0,38,0,38,0,0,56,0,56,36,0,36,92
06/19/2023,BAZ,TX,ASW,CE,Federal Contract Tower,0,2,25,0,27,0,16,42,0,58,0,18,67,0,85,60,0,60,145
06/20/2023,BAZ,TX,ASW,CE,Federal Contract Tower,0,6,22,8,36,0,32,41,0,73,0,38,63,8,109,72,0,72,181
06/21/2023,BAZ,TX,ASW,CE,Federal Contract Tower,0,2,28,4,34,0,19,53,0,72,0,21,81,4,106,114,0,114,220
06/22/2023,BAZ,TX,ASW,CE,Federal Contract Tower,0,4,22,4,30,0,2,26,0,28,0,6,48,4,58,62,2,64,122
06/23/2023,BAZ,TX,ASW,CE,Federal Contract Tower,0,2,24,14,40,0,9,71,0,80,0,11,95,14,120,110,8,118,238
06/24/2023,BAZ,TX,ASW,CE,Federal Contract Tower,0,2,15,0,17,0,17,46,0,63,0,19,61,0,80,70,0,70,150
06/25/2023,BAZ,TX,ASW,CE,Federal Contract Tower,0,1,36,0,37,0,6,58,0,64,0,7,94,0,101,88,0,88,189
06/26/2023,BAZ,TX,ASW,CE,Federal Contract Tower,0,0,9,7,16,0,27,51,1,79,0,27,60,8,95,74,14,88,183
06/27/2023,BAZ,TX,ASW,CE,Federal Contract Tower,0,3,18,6,27,0,26,55,0,81,0,29,73,6,108,52,0,52,160
06/28/2023,BAZ,TX,ASW,CE,Federal Contract Tower,0,1,15,4,20,0,4,53,2,59,0,5,68,6,79,46,6,52,131
06/29/2023,BAZ,TX,ASW,CE,Federal Contract Tower,0,2,16,10,28,0,7,70,0,77,0,9,86,10,105,114,14,128,233
06/30/2023,BAZ,TX,ASW,CE,Federal Contract Tower,0,0,18,6,24,0,1,69,0,70,0,1,87,6,94,120,2,122,216
07/01/2023,BAZ,TX,ASW,CE,Federal Contract Tower,0,1,28,0,29,0,5,46,0,51,0,6,74,0,80,90,0,90,170
07/02/2023,BAZ,TX,ASW,CE,Federal Contract Tower,0,0,9,0,9,0,2,48,0,50,0,2,57,0,59,150,0,150,209
07/03/2023,BAZ,TX,ASW,CE,Federal Contract Tower,0,1,10,0,11,0,11,48,0,59,0,12,58,0,70,122,0,122,192
07/04/2023,BAZ,TX,ASW,CE,Federal Contract Tower,0,2,11,0,13,0,4,38,0,42,0,6,49,0,55,142,0,142,197
07/05/2023,BAZ,TX,ASW,CE,Federal Contract Tower,0,1,15,4,20,0,2,39,0,41,0,3,54,4,61,70,0,70,131
07/06/2023,BAZ,TX,ASW,CE,Federal Contract Tower,0,3,17,0,20,0,1,27,0,28,0,4,44,0,48,68,0,68,116
07/07/2023,BAZ,TX,ASW,CE,Federal Contract Tower,0,4,18,5,27,0,30,49,1,80,0,34,67,6,107,80,16,96,203
07/08/2023,BAZ,TX,ASW,CE,Federal Contract Tower,0,3,17,8,28,0,17,34,0,51,0,20,51,8,79,46,10,56,135
07/09/2023,BAZ,TX,ASW,CE,Federal Contract Tower,0,0,16,1,17,0,0,39,1,40,0,0,55,2,57,56,0,56,113
07/10/2023,BAZ,TX,ASW,CE,Federal Contract Tower,0,0,15,12,27,0,5,47,0,52,0,5,62,12,79,92,6,98,177
07/11/2023,BAZ,TX,ASW,CE,Federal Contract Tower,0,3,7,12,22,0,29,40,0,69,0,32,47,12,91,126,6,132,223
07/12/2023,BAZ,TX,ASW,CE,Federal Contract Tower,0,0,22,6,28,0,7,45,0,52,0,7,67,6,80,132,6,138,218
07/13/2023,BAZ,TX,ASW,CE,Federal Contract Tower,0,5,26,10,41,0,2,68,0,70,0,7,94,10,111,140,4,144,255
07/14/2023,BAZ,TX,ASW,CE,Federal Contract Tower,0,2,20,10,32,0,15,67,0,82,0,17,87,10,114,104,10,114,228
07/15/2023,BAZ,TX,ASW,CE,Federal Contract Tower,0,5,16,0,21,0,0,63,0,63,0,5,79,0,84,116,0,116,200
07/16/2023,BAZ,TX,ASW,CE,Federal Contract Tower,0,2,25,0,27,0,12,49,0,61,0,14,74,0,88,104,0,104,192
07/17/2023,BAZ,TX,ASW,CE,Federal Contract Tower,0,3,14,6,23,0,3,35,0,38,0,6,49,6,61,92,0,92,153
07/18/2023,BAZ,TX,ASW,CE,Federal Contract Tower,0,4,19,6,29,0,32,57,0,89,0,36,76,6,118,110,0,110,228
07/19/2023,BAZ,TX,ASW,CE,Federal Contract Tower,0,4,36,8,48,0,8,64,0,72,0,12,100,8,120,184,8,192,312
07/20/2023,BAZ,TX,ASW,CE,Federal Contract Tower,0,5,18,6,29,0,14,58,0,72,0,19,76,6,101,100,10,110,211
07/21/2023,BAZ,TX,ASW,CE,Federal Contract Tower,0,3,30,8,41,0,26,89,0,115,0,29,119,8,156,100,4,104,260
07/22/2023,BAZ,TX,ASW,CE,Federal Contract Tower,0,2,17,0,19,0,2,73,0,75,0,4,90,0,94,100,0,100,194
07/23/2023,BAZ,TX,ASW,CE,Federal Contract Tower,0,3,11,1,15,0,0,51,1,52,0,3,62,2,67,83,0,83,150
07/24/2023,BAZ,TX,ASW,CE,Federal Contract Tower,0,5,17,2,24,0,2,75,0,77,0,7,92,2,101,140,0,140,241
07/25/2023,BAZ,TX,ASW,CE,Federal Contract Tower,0,0,20,4,24,0,11,75,4,90,0,11,95,8,114,126,26,152,266
07/26/2023,BAZ,TX,ASW,CE,Federal Contract Tower,0,0,22,6,28,0,2,54,2,58,0,2,76,8,86,112,18,130,216
07/27/2023,BAZ,TX,ASW,CE,Federal Contract Tower,0,0,24,4,28,0,30,82,0,112,0,30,106,4,140,190,4,194,334
07/28/2023,BAZ,TX,ASW,CE,Federal Contract Tower,0,3,20,8,31,0,4,81,1,86,0,7,101,9,117,106,10,116,233
07/29/2023,BAZ,TX,ASW,CE,Federal Contract Tower,0,0,7,0,7,0,20,75,0,95,0,20,82,0,102,166,0,166,268
07/30/2023,BAZ,TX,ASW,CE,Federal Contract Tower,0,4,13,8,25,0,4,65,2,71,0,8,78,10,96,122,16,138,234
07/31/2023,BAZ,TX,ASW,CE,Federal Contract Tower,0,1,12,2,15,0,3,57,0,60,0,4,69,2,75,60,0,60,135
08/01/2023,BAZ,TX,ASW,CE,Federal Contract Tower,0,2,23,7,32,0,14,87,1,102,0,16,110,8,134,134,2,136,270
08/02/2023,BAZ,TX,ASW,CE,Federal Contract Tower,0,3,21,12,36,0,23,92,0,115,0,26,113,12,151,150,2,152,303
08/03/2023,BAZ,TX,ASW,CE,Federal Contract Tower,0,3,29,9,41,0,3,76,1,80,0,6,105,10,121,148,20,168,289
08/04/2023,BAZ,TX,ASW,CE,Federal Contract Tower,0,1,25,2,28,0,14,66,2,82,0,15,91,4,110,124,6,130,240
08/05/2023,BAZ,TX,ASW,CE,Federal Contract Tower,0,0,17,0,17,0,4,57,0,61,0,4,74,0,78,140,0,140,218
08/06/2023,BAZ,TX,ASW,CE,Federal Contract Tower,0,1,21,0,22,0,10,44,0,54,0,11,65,0,76,66,0,66,142
08/07/2023,BAZ,TX,ASW,CE,Federal Contract Tower,0,3,22,10,35,0,13,55,0,68,0,16,77,10,103,66,6,72,175
08/08/2023,BAZ,TX,ASW,CE,Federal Contract Tower,0,5,18,10,33,0,1,47,0,48,0,6,65,10,81,116,8,124,205
08/09/2023,BAZ,TX,ASW,CE,Federal Contract Tower,0,1,11,9,21,0,8,45,6,59,0,9,56,15,80,62,38,100,180
08/10/2023,BAZ,TX,ASW,CE,Federal Contract Tower,0,2,17,15,34,0,11,41,2,54,0,13,58,17,88,36,24,60,148
08/11/2023,BAZ,TX,ASW,CE,Federal Contract Tower,0,0,18,9,27,0,5,61,1,67,0,5,79,10,94,88,12,100,194
08/12/2023,BAZ,TX,ASW,CE,Federal Contract Tower,0,0,6,0,6,0,0,42,0,42,0,0,48,0,48,68,0,68,116
08/13/2023,BAZ,TX,ASW,CE,Federal Contract Tower,0,0,14,0,14,0,0,41,0,41,0,0,55,0,55,70,0,70,125
08/14/2023,BAZ,TX,ASW,CE,Federal Contract Tower,0,0,12,8,20,0,14,58,0,72,0,14,70,8,92,142,4,146,238
08/15/2023,BAZ,TX,ASW,CE,Federal Contract Tower,0,5,16,12,33,0,10,63,0,73,0,15,79,12,106,118,6,124,230
08/16/2023,BAZ,TX,ASW,CE,Federal Contract Tower,0,4,17,14,35,0,17,55,0,72,0,21,72,14,107,132,38,170,277
08/17/2023,BAZ,TX,ASW,CE,Federal Contract Tower,0,7,20,4,31,0,2,62,0,64,0,9,82,4,95,114,4,118,213
08/18/2023,BAZ,TX,ASW,CE,Federal Contract Tower,0,1,23,12,36,0,9,86,0,95,0,10,109,12,131,144,0,144,275
08/19/2023,BAZ,TX,ASW,CE,Federal Contract Tower,0,0,6,3,9,0,14,45,0,59,0,14,51,3,68,56,10,66,134
08/20/2023,BAZ,TX,ASW,CE,Federal Contract Tower,0,1,10,0,11,0,0,58,2,60,0,1,68,2,71,62,0,62,133
08/21/2023,BAZ,TX,ASW,CE,Federal Contract Tower,0,5,8,16,29,0,11,61,0,72,0,16,69,16,101,60,2,62,163
08/22/2023,BAZ,TX,ASW,CE,Federal Contract Tower,0,0,12,2,14,0,1,13,0,14,0,1,25,2,28,24,0,24,52
08/23/2023,BAZ,TX,ASW,CE,Federal Contract Tower,0,0,27,10,37,0,3,39,0,42,0,3,66,10,79,86,20,106,185
08/24/2023,BAZ,TX,ASW,CE,Federal Contract Tower,0,1,21,4,26,0,11,70,2,83,0,12,91,6,109,160,2,162,271
08/25/2023,BAZ,TX,ASW,CE,Federal Contract Tower,0,3,16,6,25,0,3,76,0,79,0,6,92,6,104,124,0,124,228
08/26/2023,BAZ,TX,ASW,CE,Federal Contract Tower,0,0,13,0,13,0,13,83,0,96,0,13,96,0,109,194,0,194,303
08/27/2023,BAZ,TX,ASW,CE,Federal Contract Tower,0,0,11,0,11,0,0,52,0,52,0,0,63,0,63,46,0,46,109
08/28/2023,BAZ,TX,ASW,CE,Federal Contract Tower,0,2,29,3,34,0,4,42,1,47,0,6,71,4,81,54,10,64,145
08/29/2023,BAZ,TX,ASW,CE,Federal Contract Tower,0,2,20,11,33,0,0,49,0,49,0,2,69,11,82,114,0,114,196
08/30/2023,BAZ,TX,ASW,CE,Federal Contract Tower,0,5,22,9,36,0,3,59,0,62,0,8,81,9,98,116,16,132,230
08/31/2023,BAZ,TX,ASW,CE,Federal Contract Tower,0,0,19,11,30,0,2,67,1,70,0,2,86,12,100,112,12,124,224
01/01/2020,BAZ,TX,ASW,CE,Federal Contract Tower,0,0,9,0,9,0,0,6,0,6,0,0,15,0,15,8,0,8,23
01/02/2020,BAZ,TX,ASW,CE,Federal Contract Tower,0,0,14,0,14,0,0,12,0,12,0,0,26,0,26,28,0,28,54
01/03/2020,BAZ,TX,ASW,CE,Federal Contract Tower,0,0,10,8,18,0,0,72,0,72,0,0,82,8,90,74,4,78,168
01/04/2020,BAZ,TX,ASW,CE,Federal Contract Tower,0,0,11,0,11,0,1,82,0,83,0,1,93,0,94,188,0,188,282
01/05/2020,BAZ,TX,ASW,CE,Federal Contract Tower,0,0,16,0,16,0,0,42,0,42,0,0,58,0,58,48,0,48,106
01/06/2020,BAZ,TX,ASW,CE,Federal Contract Tower,0,0,22,9,31,0,0,78,1,79,0,0,100,10,110,126,6,132,242
01/07/2020,BAZ,TX,ASW,CE,Federal Contract Tower,0,0,19,4,23,0,0,109,0,109,0,0,128,4,132,214,6,220,352
01/08/2020,BAZ,TX,ASW,CE,Federal Contract Tower,0,0,29,8,37,0,1,82,1,84,0,1,111,9,121,160,16,176,297
01/09/2020,BAZ,TX,ASW,CE,Federal Contract Tower,0,0,41,23,64,0,0,22,1,23,0,0,63,24,87,30,10,40,127
01/10/2020,BAZ,TX,ASW,CE,Federal Contract Tower,0,0,6,10,16,0,1,3,0,4,0,1,9,10,20,0,4,4,24
01/11/2020,BAZ,TX,ASW,CE,Federal Contract Tower,0,0,11,0,11,0,0,88,4,92,0,0,99,4,103,68,0,68,171
01/12/2020,BAZ,TX,ASW,CE,Federal Contract Tower,0,0,18,4,22,0,0,89,0,89,0,0,107,4,111,136,4,140,251
01/13/2020,BAZ,TX,ASW,CE,Federal Contract Tower,0,0,8,0,8,0,0,0,0,0,0,0,8,0,8,0,0,0,8
01/14/2020,BAZ,TX,ASW,CE,Federal Contract Tower,0,0,18,4,22,0,0,19,0,19,0,0,37,4,41,90,0,90,131
01/15/2020,BAZ,TX,ASW,CE,Federal Contract Tower,0,0,25,14,39,0,0,44,2,46,0,0,69,16,85,164,18,182,267
01/16/2020,BAZ,TX,ASW,CE,Federal Contract Tower,0,0,12,0,12,0,0,0,0,0,0,0,12,0,12,0,0,0,12
01/17/2020,BAZ,TX,ASW,CE,Federal Contract Tower,0,0,13,0,13,0,0,0,0,0,0,0,13,0,13,0,0,0,13
01/18/2020,BAZ,TX,ASW,CE,Federal Contract Tower,0,0,17,2,19,0,0,58,0,58,0,0,75,2,77,76,8,84,161
01/19/2020,BAZ,TX,ASW,CE,Federal Contract Tower,0,1,18,0,19,0,4,60,0,64,0,5,78,0,83,50,0,50,133
01/20/2020,BAZ,TX,ASW,CE,Federal Contract Tower,0,3,26,0,29,0,1,115,0,116,0,4,141,0,145,202,0,202,347
01/21/2020,BAZ,TX,ASW,CE,Federal Contract Tower,0,2,14,6,22,0,1,88,0,89,0,3,102,6,111,144,0,144,255
01/22/2020,BAZ,TX,ASW,CE,Federal Contract Tower,0,0,6,0,6,0,0,0,0,0,0,0,6,0,6,0,0,0,6
01/23/2020,BAZ,TX,ASW,CE,Federal Contract Tower,0,2,24,6,32,0,0,96,1,97,0,2,120,7,129,176,4,180,309
01/24/2020,BAZ,TX,ASW,CE,Federal Contract Tower,0,0,15,2,17,0,2,127,3,132,0,2,142,5,149,280,10,290,439
01/25/2020,BAZ,TX,ASW,CE,Federal Contract Tower,0,0,13,0,13,0,0,78,0,78,0,0,91,0,91,172,0,172,263
01/26/2020,BAZ,TX,ASW,CE,Federal Contract Tower,0,0,11,0,11,0,0,90,0,90,0,0,101,0,101,146,0,146,247
01/27/2020,BAZ,TX,ASW,CE,Federal Contract Tower,0,0,10,15,25,0,0,75,1,76,0,0,85,16,101,182,14,196,297
01/28/2020,BAZ,TX,ASW,CE,Federal Contract Tower,0,0,16,4,20,0,0,8,0,8,0,0,24,4,28,14,10,24,52
01/29/2020,BAZ,TX,ASW,CE,Federal Contract Tower,0,0,33,3,36,0,0,116,1,117,0,0,149,4,153,252,14,266,419
01/30/2020,BAZ,TX,ASW,CE,Federal Contract Tower,0,0,21,2,23,0,1,2,0,3,0,1,23,2,26,4,0,4,30
01/31/2020,BAZ,TX,ASW,CE,Federal Contract Tower,0,0,20,14,34,0,0,120,0,120,0,0,140,14,154,208,14,222,376
02/01/2020,BAZ,TX,ASW,CE,Federal Contract Tower,0,0,19,0,19,0,0,122,2,124,0,0,141,2,143,174,10,184,327
02/02/2020,BAZ,TX,ASW,CE,Federal Contract Tower,0,0,19,0,19,0,2,44,0,46,0,2,63,0,65,52,0,52,117
02/03/2020,BAZ,TX,ASW,CE,Federal Contract Tower,0,0,13,3,16,0,2,33,0,35,0,2,46,3,51,48,0,48,99
02/04/2020,BAZ,TX,ASW,CE,Federal Contract Tower,0,0,24,13,37,0,0,72,1,73,0,0,96,14,110,190,6,196,306
02/05/2020,BAZ,TX,ASW,CE,Federal Contract Tower,0,0,7,4,11,0,0,7,0,7,0,0,14,4,18,16,2,18,36
02/06/2020,BAZ,TX,ASW,CE,Federal Contract Tower,0,0,38,4,42,0,0,70,2,72,0,0,108,6,114,84,14,98,212
02/07/2020,BAZ,TX,ASW,CE,Federal Contract Tower,0,0,16,6,22,0,0,87,0,87,0,0,103,6,109,94,0,94,203
02/08/2020,BAZ,TX,ASW,CE,Federal Contract Tower,0,0,24,0,24,0,0,31,4,35,0,0,55,4,59,72,0,72,131
02/09/2020,BAZ,TX,ASW,CE,Federal Contract Tower,0,0,6,0,6,0,4,5,0,9,0,4,11,0,15,10,0,10,25
02/10/2020,BAZ,TX,ASW,CE,Federal Contract Tower,0,1,11,0,12,0,0,0,0,0,0,1,11,0,12,0,0,0,12
02/11/2020,BAZ,TX,ASW,CE,Federal Contract Tower,0,2,6,0,8,0,0,0,0,0,0,2,6,0,8,0,0,0,8
02/12/2020,BAZ,TX,ASW,CE,Federal Contract Tower,0,1,25,0,26,0,0,50,0,50,0,1,75,0,76,152,0,152,228
02/13/2020,BAZ,TX,ASW,CE,Federal Contract Tower,0,2,5,0,7,0,2,101,0,103,0,4,106,0,110,150,0,150,260
02/14/2020,BAZ,TX,ASW,CE,Federal Contract Tower,0,0,20,2,22,0,0,124,2,126,0,0,144,4,148,196,0,196,344
02/15/2020,BAZ,TX,ASW,CE,Federal Contract Tower,0,0,8,2,10,0,4,69,2,75,0,4,77,4,85,134,6,140,225
02/16/2020,BAZ,TX,ASW,CE,Federal Contract Tower,0,1,22,0,23,0,1,67,0,68,0,2,89,0,91,92,0,92,183
02/17/2020,BAZ,TX,ASW,CE,Federal Contract Tower,0,1,25,0,26,0,1,45,0,46,0,2,70,0,72,124,0,124,196
02/18/2020,BAZ,TX,ASW,CE,Federal Contract Tower,0,0,21,14,35,0,0,14,0,14,0,0,35,14,49,34,26,60,109
02/19/2020,BAZ,TX,ASW,CE,Federal Contract Tower,0,0,15,0,15,0,0,2,0,2,0,0,17,0,17,0,0,0,17
02/20/2020,BAZ,TX,ASW,CE,Federal Contract Tower,0,3,7,0,10,0,2,2,0,4,0,5,9,0,14,0,0,0,14
02/21/2020,BAZ,TX,ASW,CE,Federal Contract Tower,0,0,26,7,33,0,0,142,0,142,0,0,168,7,175,158,0,158,333
02/22/2020,BAZ,TX,ASW,CE,Federal Contract Tower,0,0,8,0,8,0,0,105,0,105,0,0,113,0,113,118,0,118,231
02/23/2020,BAZ,TX,ASW,CE,Federal Contract Tower,0,1,21,0,22,0,0,12,0,12,0,1,33,0,34,34,0,34,68
02/24/2020,BAZ,TX,ASW,CE,Federal Contract Tower,0,0,23,8,31,0,0,100,0,100,0,0,123,8,131,236,0,236,367
02/25/2020,BAZ,TX,ASW,CE,Federal Contract Tower,0,1,16,15,32,0,0,116,5,121,0,1,132,20,153,154,20,174,327
02/26/2020,BAZ,TX,ASW,CE,Federal Contract Tower,0,4,12,4,20,0,0,34,0,34,0,4,46,4,54,76,2,78,132
02/27/2020,BAZ,TX,ASW,CE,Federal Contract Tower,0,0,28,2,30,0,1,87,0,88,0,1,115,2,118,172,0,172,290
02/28/2020,BAZ,TX,ASW,CE,Federal Contract Tower,0,2,35,3,40,0,0,133,1,134,0,2,168,4,174,196,6,202,376
02/29/2020,BAZ,TX,ASW,CE,Federal Contract Tower,0,2,16,0,18,0,0,106,0,106,0,2,122,0,124,94,0,94,218
03/01/2020,BAZ,TX,ASW,CE,Federal Contract Tower,0,0,19,0,19,0,0,39,0,39,0,0,58,0,58,58,0,58,116
03/02/2020,BAZ,TX,ASW,CE,Federal Contract Tower,0,2,30,10,42,0,0,61,0,61,0,2,91,10,103,130,10,140,243
03/03/2020,BAZ,TX,ASW,CE,Federal Contract Tower,0,2,13,8,23,0,0,25,0,25,0,2,38,8,48,56,0,56,104
03/04/2020,BAZ,TX,ASW,CE,Federal Contract Tower,0,2,20,2,24,0,0,8,3,11,0,2,28,5,35,16,0,16,51
03/05/2020,BAZ,TX,ASW,CE,Federal Contract Tower,0,0,13,8,21,0,0,99,3,102,0,0,112,11,123,100,18,118,241
03/06/2020,BAZ,TX,ASW,CE,Federal Contract Tower,0,0,16,2,18,0,0,93,2,95,0,0,109,4,113,158,2,160,273
03/07/2020,BAZ,TX,ASW,CE,Federal Contract Tower,0,0,3,0,3,0,0,76,0,76,0,0,79,0,79,118,0,118,197
03/08/2020,BAZ,TX,ASW,CE,Federal Contract Tower,0,0,14,8,22,0,0,25,0,25,0,0,39,8,47,4,8,12,59
03/09/2020,BAZ,TX,ASW,CE,Federal Contract Tower,0,0,10,2,12,0,1,8,0,9,0,1,18,2,21,0,2,2,23
03/10/2020,BAZ,TX,ASW,CE,Federal Contract Tower,0,0,21,8,29,0,0,50,0,50,0,0,71,8,79,114,2,116,195
03/11/2020,BAZ,TX,ASW,CE,Federal Contract Tower,0,0,30,0,30,0,1,86,0,87,0,1,116,0,117,160,0,160,277
03/12/2020,BAZ,TX,ASW,CE,Federal Contract Tower,0,0,17,10,27,0,0,97,0,97,0,0,114,10,124,168,0,168,292
03/13/2020,BAZ,TX,ASW,CE,Federal Contract Tower,0,1,18,4,23,0,0,51,0,51,0,1,69,4,74,116,0,116,190
03/14/2020,BAZ,TX,ASW,CE,Federal Contract Tower,0,0,13,0,13,0,0,37,0,37,0,0,50,0,50,42,0,42,92
03/15/2020,BAZ,TX,ASW,CE,Federal Contract Tower,0,0,11,0,11,0,0,0,0,0,0,0,11,0,11,0,0,0,11
03/16/2020,BAZ,TX,ASW,CE,Federal Contract Tower,0,0,25,6,31,0,2,18,0,20,0,2,43,6,51,48,0,48,99
03/17/2020,BAZ,TX,ASW,CE,Federal Contract Tower,0,0,22,6,28,0,0,15,0,15,0,0,37,6,43,8,6,14,57
03/18/2020,BAZ,TX,ASW,CE,Federal Contract Tower,0,0,54,18,72,0,0,57,0,57,0,0,111,18,129,162,0,162,291
03/19/2020,BAZ,TX,ASW,CE,Federal Contract Tower,0,0,23,12,35,0,0,36,0,36,0,0,59,12,71,156,0,156,227
03/20/2020,BAZ,TX,ASW,CE,Federal Contract Tower,0,2,4,0,6,0,0,2,0,2,0,2,6,0,8,0,0,0,8
03/21/2020,BAZ,TX,ASW,CE,Federal Contract Tower,0,0,4,0,4,0,0,1,0,1,0,0,5,0,5,0,0,0,5
03/22/2020,BAZ,TX,ASW,CE,Federal Contract Tower,0,0,3,0,3,0,0,0,0,0,0,0,3,0,3,0,0,0,3
03/23/2020,BAZ,TX,ASW,CE,Federal Contract Tower,0,0,14,6,20,0,2,35,0,37,0,2,49,6,57,40,0,40,97
03/24/2020,BAZ,TX,ASW,CE,Federal Contract Tower,0,0,11,10,21,0,0,68,2,70,0,0,79,12,91,80,14,94,185
03/25/2020,BAZ,TX,ASW,CE,Federal Contract Tower,0,0,12,2,14,0,0,46,0,46,0,0,58,2,60,0,0,0,60
03/26/2020,BAZ,TX,ASW,CE,Federal Contract Tower,0,0,10,0,10,0,2,40,0,42,0,2,50,0,52,0,0,0,52
03/27/2020,BAZ,TX,ASW,CE,Federal Contract Tower,0,0,4,0,4,0,0,45,0,45,0,0,49,0,49,0,0,0,49
03/28/2020,BAZ,TX,ASW,CE,Federal Contract Tower,0,0,2,0,2,0,0,17,0,17,0,0,19,0,19,0,0,0,19
03/29/2020,BAZ,TX,ASW,CE,Federal Contract Tower,0,0,5,0,5,0,0,39,0,39,0,0,44,0,44,2,0,2,46
03/30/2020,BAZ,TX,ASW,CE,Federal Contract Tower,0,0,3,0,3,0,0,0,0,0,0,0,3,0,3,0,0,0,3
03/31/2020,BAZ,TX,ASW,CE,Federal Contract Tower,0,0,17,0,17,0,0,95,0,95,0,0,112,0,112,0,0,0,112
04/01/2020,BAZ,TX,ASW,CE,Federal Contract Tower,0,0,16,0,16,0,0,104,0,104,0,0,120,0,120,0,0,0,120
04/02/2020,BAZ,TX,ASW,CE,Federal Contract Tower,0,1,12,0,13,0,0,5,0,5,0,1,17,0,18,0,0,0,18
04/03/2020,BAZ,TX,ASW,CE,Federal Contract Tower,0,0,1,0,1,0,0,1,0,1,0,0,2,0,2,0,0,0,2
04/04/2020,BAZ,TX,ASW,CE,Federal Contract Tower,0,0,0,0,0,0,0,0,0,0,0,0,0,0,0,0,0,0,0
04/05/2020,BAZ,TX,ASW,CE,Federal Contract Tower,0,0,4,0,4,0,0,0,0,0,0,0,4,0,4,0,0,0,4
04/06/2020,BAZ,TX,ASW,CE,Federal Contract Tower,0,0,22,0,22,0,2,15,0,17,0,2,37,0,39,2,0,2,41
04/07/2020,BAZ,TX,ASW,CE,Federal Contract Tower,0,0,12,0,12,0,0,17,0,17,0,0,29,0,29,0,0,0,29
04/08/2020,BAZ,TX,ASW,CE,Federal Contract Tower,0,2,15,0,17,0,0,55,0,55,0,2,70,0,72,2,0,2,74
04/09/2020,BAZ,TX,ASW,CE,Federal Contract Tower,0,0,8,0,8,0,1,36,0,37,0,1,44,0,45,2,0,2,47
04/10/2020,BAZ,TX,ASW,CE,Federal Contract Tower,0,2,9,0,11,0,0,15,0,15,0,2,24,0,26,0,0,0,26
04/12/2020,BAZ,TX,ASW,CE,Federal Contract Tower,0,0,2,0,2,0,1,6,0,7,0,1,8,0,9,0,0,0,9
04/13/2020,BAZ,TX,ASW,CE,Federal Contract Tower,0,0,7,8,15,0,5,75,0,80,0,5,82,8,95,4,0,4,99
04/14/2020,BAZ,TX,ASW,CE,Federal Contract Tower,0,0,14,8,22,0,0,79,0,79,0,0,93,8,101,4,4,8,109
04/15/2020,BAZ,TX,ASW,CE,Federal Contract Tower,0,0,6,15,21,0,0,110,1,111,0,0,116,16,132,2,6,8,140
04/16/2020,BAZ,TX,ASW,CE,Federal Contract Tower,0,0,11,4,15,0,0,93,0,93,0,0,104,4,108,0,4,4,112
04/17/2020,BAZ,TX,ASW,CE,Federal Contract Tower,0,0,11,22,33,0,0,9,3,12,0,0,20,25,45,0,10,10,55
04/18/2020,BAZ,TX,ASW,CE,Federal Contract Tower,0,0,2,14,16,0,0,6,0,6,0,0,8,14,22,4,0,4,26
04/19/2020,BAZ,TX,ASW,CE,Federal Contract Tower,0,0,5,0,5,0,0,34,2,36,0,0,39,2,41,22,2,24,65
04/20/2020,BAZ,TX,ASW,CE,Federal Contract Tower,0,2,21,6,29,0,4,104,2,110,0,6,125,8,139,256,8,264,403
04/21/2020,BAZ,TX,ASW,CE,Federal Contract Tower,0,4,24,4,32,0,0,83,0,83,0,4,107,4,115,60,0,60,175
04/22/2020,BAZ,TX,ASW,CE,Federal Contract Tower,0,0,1,2,3,0,1,5,0,6,0,1,6,2,9,16,0,16,25
04/23/2020,BAZ,TX,ASW,CE,Federal Contract Tower,0,0,33,2,35,0,1,122,0,123,0,1,155,2,158,178,0,178,336
04/24/2020,BAZ,TX,ASW,CE,Federal Contract Tower,0,0,10,18,28,0,0,59,0,59,0,0,69,18,87,74,10,84,171
04/25/2020,BAZ,TX,ASW,CE,Federal Contract Tower,0,0,3,2,5,0,3,47,0,50,0,3,50,2,55,14,0,14,69
04/26/2020,BAZ,TX,ASW,CE,Federal Contract Tower,0,0,2,0,2,0,0,112,0,112,0,0,114,0,114,94,0,94,208
04/27/2020,BAZ,TX,ASW,CE,Federal Contract Tower,0,1,12,2,15,0,0,68,2,70,0,1,80,4,85,130,14,144,229
04/28/2020,BAZ,TX,ASW,CE,Federal Contract Tower,0,0,9,12,21,0,2,38,0,40,0,2,47,12,61,62,12,74,135
04/29/2020,BAZ,TX,ASW,CE,Federal Contract Tower,0,0,14,4,18,0,6,36,0,42,0,6,50,4,60,28,0,28,88
04/30/2020,BAZ,TX,ASW,CE,Federal Contract Tower,0,0,19,10,29,0,0,175,0,175,0,0,194,10,204,232,0,232,436
05/01/2020,BAZ,TX,ASW,CE,Federal Contract Tower,0,0,6,6,12,0,0,110,0,110,0,0,116,6,122,120,6,126,248
05/02/2020,BAZ,TX,ASW,CE,Federal Contract Tower,0,1,3,2,6,0,0,49,0,49,0,1,52,2,55,56,0,56,111
05/03/2020,BAZ,TX,ASW,CE,Federal Contract Tower,0,0,7,0,7,0,0,51,0,51,0,0,58,0,58,60,0,60,118
05/04/2020,BAZ,TX,ASW,CE,Federal Contract Tower,0,2,33,16,51,0,2,82,1,85,0,4,115,17,136,106,30,136,272
05/05/2020,BAZ,TX,ASW,CE,Federal Contract Tower,0,1,17,8,26,0,0,86,0,86,0,1,103,8,112,124,2,126,238
05/06/2020,BAZ,TX,ASW,CE,Federal Contract Tower,0,1,17,0,18,0,0,101,0,101,0,1,118,0,119,70,0,70,189
05/07/2020,BAZ,TX,ASW,CE,Federal Contract Tower,0,1,24,3,28,0,9,97,1,107,0,10,121,4,135,220,22,242,377
05/08/2020,BAZ,TX,ASW,CE,Federal Contract Tower,0,3,17,2,22,0,4,48,2,54,0,7,65,4,76,46,16,62,138
05/09/2020,BAZ,TX,ASW,CE,Federal Contract Tower,0,0,9,0,9,0,0,69,0,69,0,0,78,0,78,132,0,132,210
05/10/2020,BAZ,TX,ASW,CE,Federal Contract Tower,0,0,7,0,7,0,0,77,0,77,0,0,84,0,84,52,0,52,136
05/11/2020,BAZ,TX,ASW,CE,Federal Contract Tower,0,1,26,6,33,0,0,102,2,104,0,1,128,8,137,126,6,132,269
05/12/2020,BAZ,TX,ASW,CE,Federal Contract Tower,0,1,1,0,2,0,0,2,0,2,0,1,3,0,4,0,0,0,4
05/13/2020,BAZ,TX,ASW,CE,Federal Contract Tower,0,0,12,6,18,0,0,34,0,34,0,0,46,6,52,58,0,58,110
05/14/2020,BAZ,TX,ASW,CE,Federal Contract Tower,0,0,17,6,23,0,2,76,0,78,0,2,93,6,101,104,2,106,207
05/15/2020,BAZ,TX,ASW,CE,Federal Contract Tower,0,0,24,10,34,0,0,37,0,37,0,0,61,10,71,90,0,90,161
05/16/2020,BAZ,TX,ASW,CE,Federal Contract Tower,0,0,9,6,15,0,1,57,0,58,0,1,66,6,73,80,0,80,153
05/17/2020,BAZ,TX,ASW,CE,Federal Contract Tower,0,0,6,4,10,0,0,106,0,106,0,0,112,4,116,96,0,96,212
05/18/2020,BAZ,TX,ASW,CE,Federal Contract Tower,0,0,6,8,14,0,2,121,0,123,0,2,127,8,137,128,2,130,267
05/19/2020,BAZ,TX,ASW,CE,Federal Contract Tower,0,0,18,0,18,0,0,140,0,140,0,0,158,0,158,244,0,244,402
05/20/2020,BAZ,TX,ASW,CE,Federal Contract Tower,0,0,27,6,33,0,2,108,2,112,0,2,135,8,145,84,6,90,235
05/21/2020,BAZ,TX,ASW,CE,Federal Contract Tower,0,0,32,8,40,0,1,91,2,94,0,1,123,10,134,200,10,210,344
05/22/2020,BAZ,TX,ASW,CE,Federal Contract Tower,0,0,25,0,25,0,0,63,0,63,0,0,88,0,88,102,0,102,190
05/23/2020,BAZ,TX,ASW,CE,Federal Contract Tower,0,0,17,0,17,0,0,44,0,44,0,0,61,0,61,52,0,52,113
05/24/2020,BAZ,TX,ASW,CE,Federal Contract Tower,0,0,8,0,8,0,0,48,0,48,0,0,56,0,56,28,0,28,84
05/25/2020,BAZ,TX,ASW,CE,Federal Contract Tower,0,0,10,0,10,0,0,38,0,38,0,0,48,0,48,108,0,108,156
05/26/2020,BAZ,TX,ASW,CE,Federal Contract Tower,0,0,20,2,22,0,1,73,0,74,0,1,93,2,96,208,0,208,304
05/27/2020,BAZ,TX,ASW,CE,Federal Contract Tower,0,0,18,4,22,0,0,139,0,139,0,0,157,4,161,176,2,178,339
05/28/2020,BAZ,TX,ASW,CE,Federal Contract Tower,0,0,22,4,26,0,1,83,0,84,0,1,105,4,110,88,2,90,200
05/29/2020,BAZ,TX,ASW,CE,Federal Contract Tower,0,0,24,2,26,0,0,134,2,136,0,0,158,4,162,110,6,116,278
05/30/2020,BAZ,TX,ASW,CE,Federal Contract Tower,0,0,8,0,8,0,0,106,0,106,0,0,114,0,114,74,0,74,188
05/31/2020,BAZ,TX,ASW,CE,Federal Contract Tower,0,0,17,0,17,0,1,43,0,44,0,1,60,0,61,44,0,44,105
06/01/2020,BAZ,TX,ASW,CE,Federal Contract Tower,0,1,14,2,17,0,1,34,0,35,0,2,48,2,52,92,2,94,146
06/02/2020,BAZ,TX,ASW,CE,Federal Contract Tower,0,0,19,0,19,0,0,23,0,23,0,0,42,0,42,20,0,20,62
06/03/2020,BAZ,TX,ASW,CE,Federal Contract Tower,0,0,27,4,31,0,0,82,0,82,0,0,109,4,113,182,0,182,295
06/04/2020,BAZ,TX,ASW,CE,Federal Contract Tower,0,0,35,14,49,0,0,95,0,95,0,0,130,14,144,170,6,176,320
06/05/2020,BAZ,TX,ASW,CE,Federal Contract Tower,0,0,24,10,34,0,0,89,0,89,0,0,113,10,123,168,4,172,295
06/06/2020,BAZ,TX,ASW,CE,Federal Contract Tower,0,0,12,0,12,0,0,130,0,130,0,0,142,0,142,152,0,152,294
06/07/2020,BAZ,TX,ASW,CE,Federal Contract Tower,0,0,6,8,14,0,0,82,0,82,0,0,88,8,96,48,0,48,144
06/08/2020,BAZ,TX,ASW,CE,Federal Contract Tower,0,2,13,2,17,0,0,96,0,96,0,2,109,2,113,92,4,96,209
06/09/2020,BAZ,TX,ASW,CE,Federal Contract Tower,0,0,26,6,32,0,0,77,0,77,0,0,103,6,109,138,4,142,251
06/10/2020,BAZ,TX,ASW,CE,Federal Contract Tower,0,1,29,2,32,0,2,112,0,114,0,3,141,2,146,116,0,116,262
06/11/2020,BAZ,TX,ASW,CE,Federal Contract Tower,0,0,15,4,19,0,0,117,2,119,0,0,132,6,138,108,18,126,264
06/12/2020,BAZ,TX,ASW,CE,Federal Contract Tower,0,3,33,2,38,0,0,109,0,109,0,3,142,2,147,166,2,168,315
06/13/2020,BAZ,TX,ASW,CE,Federal Contract Tower,0,0,20,10,30,0,0,82,0,82,0,0,102,10,112,62,0,62,174
06/14/2020,BAZ,TX,ASW,CE,Federal Contract Tower,0,0,17,4,21,0,0,85,0,85,0,0,102,4,106,60,0,60,166
06/15/2020,BAZ,TX,ASW,CE,Federal Contract Tower,0,0,21,8,29,0,0,71,4,75,0,0,92,12,104,90,10,100,204
06/16/2020,BAZ,TX,ASW,CE,Federal Contract Tower,0,1,32,6,39,0,0,72,0,72,0,1,104,6,111,154,6,160,271
06/17/2020,BAZ,TX,ASW,CE,Federal Contract Tower,0,0,47,14,61,0,0,117,4,121,0,0,164,18,182,260,4,264,446
06/18/2020,BAZ,TX,ASW,CE,Federal Contract Tower,0,2,43,5,50,0,0,80,0,80,0,2,123,5,130,212,6,218,348
06/19/2020,BAZ,TX,ASW,CE,Federal Contract Tower,0,0,27,0,27,0,0,67,0,67,0,0,94,0,94,168,0,168,262
06/20/2020,BAZ,TX,ASW,CE,Federal Contract Tower,0,2,27,2,31,0,0,45,0,45,0,2,72,2,76,84,0,84,160
06/21/2020,BAZ,TX,ASW,CE,Federal Contract Tower,0,0,43,0,43,0,0,48,0,48,0,0,91,0,91,36,0,36,127
06/22/2020,BAZ,TX,ASW,CE,Federal Contract Tower,0,2,34,4,40,0,2,76,0,78,0,4,110,4,118,120,0,120,238
06/23/2020,BAZ,TX,ASW,CE,Federal Contract Tower,0,0,25,2,27,0,4,47,0,51,0,4,72,2,78,54,2,56,134
06/24/2020,BAZ,TX,ASW,CE,Federal Contract Tower,0,0,31,12,43,0,0,73,0,73,0,0,104,12,116,114,2,116,232
06/25/2020,BAZ,TX,ASW,CE,Federal Contract Tower,0,0,29,2,31,0,1,80,0,81,0,1,109,2,112,124,2,126,238
06/26/2020,BAZ,TX,ASW,CE,Federal Contract Tower,0,1,13,0,14,0,0,0,0,0,0,1,13,0,14,0,0,0,14
06/27/2020,BAZ,TX,ASW,CE,Federal Contract Tower,0,0,18,0,18,0,2,16,0,18,0,2,34,0,36,0,0,0,36
06/28/2020,BAZ,TX,ASW,CE,Federal Contract Tower,0,0,19,0,19,0,0,24,0,24,0,0,43,0,43,2,0,2,45
06/29/2020,BAZ,TX,ASW,CE,Federal Contract Tower,0,0,49,8,57,0,2,33,4,39,0,2,82,12,96,52,14,66,162
06/30/2020,BAZ,TX,ASW,CE,Federal Contract Tower,0,2,21,6,29,0,0,54,0,54,0,2,75,6,83,88,10,98,181
07/01/2020,BAZ,TX,ASW,CE,Federal Contract Tower,0,4,56,8,68,0,0,60,4,64,0,4,116,12,132,134,22,156,288
07/02/2020,BAZ,TX,ASW,CE,Federal Contract Tower,0,2,32,4,38,0,0,94,0,94,0,2,126,4,132,124,2,126,258
07/03/2020,BAZ,TX,ASW,CE,Federal Contract Tower,0,1,9,0,10,0,0,88,0,88,0,1,97,0,98,74,0,74,172
07/04/2020,BAZ,TX,ASW,CE,Federal Contract Tower,0,0,3,0,3,0,0,130,0,130,0,0,133,0,133,62,0,62,195
07/05/2020,BAZ,TX,ASW,CE,Federal Contract Tower,0,0,13,0,13,0,0,67,0,67,0,0,80,0,80,64,0,64,144
07/06/2020,BAZ,TX,ASW,CE,Federal Contract Tower,0,2,11,0,13,0,0,66,0,66,0,2,77,0,79,108,0,108,187
07/07/2020,BAZ,TX,ASW,CE,Federal Contract Tower,0,0,25,11,36,0,0,83,1,84,0,0,108,12,120,142,6,148,268
07/08/2020,BAZ,TX,ASW,CE,Federal Contract Tower,0,0,25,4,29,0,0,82,0,82,0,0,107,4,111,202,4,206,317
07/09/2020,BAZ,TX,ASW,CE,Federal Contract Tower,0,2,26,2,30,0,0,69,2,71,0,2,95,4,101,88,0,88,189
07/10/2020,BAZ,TX,ASW,CE,Federal Contract Tower,0,0,17,10,27,0,1,77,0,78,0,1,94,10,105,100,8,108,213
07/11/2020,BAZ,TX,ASW,CE,Federal Contract Tower,0,0,7,0,7,0,2,84,0,86,0,2,91,0,93,72,0,72,165
07/12/2020,BAZ,TX,ASW,CE,Federal Contract Tower,0,0,7,4,11,0,5,66,0,71,0,5,73,4,82,14,0,14,96
07/13/2020,BAZ,TX,ASW,CE,Federal Contract Tower,0,0,10,6,16,0,0,110,2,112,0,0,120,8,128,332,6,338,466
07/14/2020,BAZ,TX,ASW,CE,Federal Contract Tower,0,0,5,8,13,0,0,84,2,86,0,0,89,10,99,364,10,374,473
07/15/2020,BAZ,TX,ASW,CE,Federal Contract Tower,0,0,16,14,30,0,0,88,0,88,0,0,104,14,118,8,0,8,126
07/16/2020,BAZ,TX,ASW,CE,Federal Contract Tower,0,0,20,13,33,0,0,131,3,134,0,0,151,16,167,198,0,198,365
07/17/2020,BAZ,TX,ASW,CE,Federal Contract Tower,0,0,13,5,18,0,0,133,3,136,0,0,146,8,154,202,12,214,368
07/18/2020,BAZ,TX,ASW,CE,Federal Contract Tower,0,0,15,6,21,0,0,133,0,133,0,0,148,6,154,118,4,122,276
07/19/2020,BAZ,TX,ASW,CE,Federal Contract Tower,0,0,12,0,12,0,0,0,0,0,0,0,12,0,12,78,8,86,98
07/20/2020,BAZ,TX,ASW,CE,Federal Contract Tower,0,0,12,0,12,0,0,98,2,100,0,0,110,2,112,178,8,186,298
07/21/2020,BAZ,TX,ASW,CE,Federal Contract Tower,0,0,27,12,39,0,4,80,0,84,0,4,107,12,123,168,6,174,297
07/22/2020,BAZ,TX,ASW,CE,Federal Contract Tower,0,2,24,10,36,0,3,110,2,115,0,5,134,12,151,126,16,142,293
07/23/2020,BAZ,TX,ASW,CE,Federal Contract Tower,0,0,25,8,33,0,3,62,0,65,0,3,87,8,98,104,4,108,206
07/24/2020,BAZ,TX,ASW,CE,Federal Contract Tower,0,0,23,2,25,0,0,78,2,80,0,0,101,4,105,106,6,112,217
07/25/2020,BAZ,TX,ASW,CE,Federal Contract Tower,0,0,11,0,11,0,0,9,0,9,0,0,20,0,20,8,0,8,28
07/26/2020,BAZ,TX,ASW,CE,Federal Contract Tower,0,0,8,0,8,0,2,36,0,38,0,2,44,0,46,34,0,34,80
07/27/2020,BAZ,TX,ASW,CE,Federal Contract Tower,0,0,20,10,30,0,0,59,0,59,0,0,79,10,89,100,0,100,189
07/28/2020,BAZ,TX,ASW,CE,Federal Contract Tower,0,0,22,0,22,0,0,84,4,88,0,0,106,4,110,113,0,113,223
07/29/2020,BAZ,TX,ASW,CE,Federal Contract Tower,0,0,39,10,49,0,0,96,0,96,0,0,135,10,145,170,0,170,315
07/30/2020,BAZ,TX,ASW,CE,Federal Contract Tower,0,0,28,2,30,0,2,90,0,92,0,2,118,2,122,78,2,80,202
07/31/2020,BAZ,TX,ASW,CE,Federal Contract Tower,0,0,22,2,24,0,0,75,0,75,0,0,97,2,99,96,2,98,197
08/01/2020,BAZ,TX,ASW,CE,Federal Contract Tower,0,0,7,0,7,0,0,86,0,86,0,0,93,0,93,76,0,76,169
08/02/2020,BAZ,TX,ASW,CE,Federal Contract Tower,0,0,8,0,8,0,0,97,0,97,0,0,105,0,105,78,0,78,183
08/03/2020,BAZ,TX,ASW,CE,Federal Contract Tower,0,0,18,1,19,0,0,110,1,111,0,0,128,2,130,164,4,168,298
08/04/2020,BAZ,TX,ASW,CE,Federal Contract Tower,0,0,30,10,40,0,3,110,0,113,0,3,140,10,153,208,8,216,369
08/05/2020,BAZ,TX,ASW,CE,Federal Contract Tower,0,0,39,0,39,0,3,114,0,117,0,3,153,0,156,248,0,248,404
08/06/2020,BAZ,TX,ASW,CE,Federal Contract Tower,0,2,34,5,41,0,1,92,3,96,0,3,126,8,137,102,12,114,251
08/07/2020,BAZ,TX,ASW,CE,Federal Contract Tower,0,0,29,0,29,0,0,87,2,89,0,0,116,2,118,182,10,192,310
08/08/2020,BAZ,TX,ASW,CE,Federal Contract Tower,0,2,7,0,9,0,0,81,0,81,0,2,88,0,90,64,0,64,154
08/09/2020,BAZ,TX,ASW,CE,Federal Contract Tower,0,0,9,0,9,0,2,45,0,47,0,2,54,0,56,84,0,84,140
08/10/2020,BAZ,TX,ASW,CE,Federal Contract Tower,0,0,22,10,32,0,0,88,0,88,0,0,110,10,120,76,4,80,200
08/11/2020,BAZ,TX,ASW,CE,Federal Contract Tower,0,0,23,10,33,0,0,81,2,83,0,0,104,12,116,246,6,252,368
08/12/2020,BAZ,TX,ASW,CE,Federal Contract Tower,0,0,21,4,25,0,0,69,0,69,0,0,90,4,94,90,0,90,184
08/13/2020,BAZ,TX,ASW,CE,Federal Contract Tower,0,0,23,0,23,0,0,119,4,123,0,0,142,4,146,160,22,182,328
08/14/2020,BAZ,TX,ASW,CE,Federal Contract Tower,0,0,25,5,30,0,0,86,1,87,0,0,111,6,117,219,4,223,340
08/15/2020,BAZ,TX,ASW,CE,Federal Contract Tower,0,1,14,2,17,0,4,81,0,85,0,5,95,2,102,124,0,124,226
08/16/2020,BAZ,TX,ASW,CE,Federal Contract Tower,0,0,6,0,6,0,5,79,0,84,0,5,85,0,90,56,0,56,146
08/17/2020,BAZ,TX,ASW,CE,Federal Contract Tower,0,2,11,0,13,0,3,83,2,88,0,5,94,2,101,122,0,122,223
08/18/2020,BAZ,TX,ASW,CE,Federal Contract Tower,0,0,9,0,9,0,0,124,0,124,0,0,133,0,133,188,0,188,321
08/19/2020,BAZ,TX,ASW,CE,Federal Contract Tower,0,0,18,0,18,0,0,125,4,129,0,0,143,4,147,130,6,136,283
08/20/2020,BAZ,TX,ASW,CE,Federal Contract Tower,0,0,19,4,23,0,0,124,0,124,0,0,143,4,147,276,0,276,423
08/21/2020,BAZ,TX,ASW,CE,Federal Contract Tower,0,0,27,4,31,0,3,104,0,107,0,3,131,4,138,164,0,164,302
08/22/2020,BAZ,TX,ASW,CE,Federal Contract Tower,0,0,3,0,3,0,0,23,0,23,0,0,26,0,26,10,0,10,36
08/23/2020,BAZ,TX,ASW,CE,Federal Contract Tower,0,0,6,0,6,0,0,143,0,143,0,0,149,0,149,118,0,118,267
08/24/2020,BAZ,TX,ASW,CE,Federal Contract Tower,0,0,9,4,13,0,0,98,2,100,0,0,107,6,113,150,6,156,269
08/25/2020,BAZ,TX,ASW,CE,Federal Contract Tower,0,0,13,8,21,0,1,88,4,93,0,1,101,12,114,136,14,150,264
08/26/2020,BAZ,TX,ASW,CE,Federal Contract Tower,0,1,37,2,40,0,2,69,2,73,0,3,106,4,113,154,0,154,267
08/27/2020,BAZ,TX,ASW,CE,Federal Contract Tower,0,1,7,0,8,0,0,115,0,115,0,1,122,0,123,196,0,196,319
08/28/2020,BAZ,TX,ASW,CE,Federal Contract Tower,0,0,9,2,11,0,1,74,0,75,0,1,83,2,86,144,2,146,232
08/29/2020,BAZ,TX,ASW,CE,Federal Contract Tower,0,0,3,0,3,0,0,92,0,92,0,0,95,0,95,176,0,176,271
08/30/2020,BAZ,TX,ASW,CE,Federal Contract Tower,0,0,7,0,7,0,0,69,0,69,0,0,76,0,76,122,0,122,198
08/31/2020,BAZ,TX,ASW,CE,Federal Contract Tower,0,1,18,26,45,0,0,86,10,96,0,1,104,36,141,172,12,184,325
09/01/2020,BAZ,TX,ASW,CE,Federal Contract Tower,0,1,24,6,31,0,0,76,0,76,0,1,100,6,107,142,4,146,253
09/02/2020,BAZ,TX,ASW,CE,Federal Contract Tower,0,0,21,8,29,0,0,51,0,51,0,0,72,8,80,68,22,90,170
09/03/2020,BAZ,TX,ASW,CE,Federal Contract Tower,0,1,30,2,33,0,0,48,0,48,0,1,78,2,81,88,0,88,169
09/04/2020,BAZ,TX,ASW,CE,Federal Contract Tower,0,1,15,0,16,0,0,18,0,18,0,1,33,0,34,10,0,10,44
09/05/2020,BAZ,TX,ASW,CE,Federal Contract Tower,0,0,8,0,8,0,0,65,0,65,0,0,73,0,73,104,0,104,177
09/06/2020,BAZ,TX,ASW,CE,Federal Contract Tower,0,0,8,0,8,0,0,100,4,104,0,0,108,4,112,110,0,110,222
09/07/2020,BAZ,TX,ASW,CE,Federal Contract Tower,0,0,14,0,14,0,0,142,0,142,0,0,156,0,156,134,0,134,290
09/08/2020,BAZ,TX,ASW,CE,Federal Contract Tower,0,0,27,6,33,0,0,54,0,54,0,0,81,6,87,102,6,108,195
09/09/2020,BAZ,TX,ASW,CE,Federal Contract Tower,0,1,3,0,4,0,0,3,0,3,0,1,6,0,7,0,0,0,7
09/10/2020,BAZ,TX,ASW,CE,Federal Contract Tower,0,1,36,2,39,0,0,2,0,2,0,1,38,2,41,6,0,6,47
09/11/2020,BAZ,TX,ASW,CE,Federal Contract Tower,0,0,22,1,23,0,0,77,1,78,0,0,99,2,101,160,10,170,271
09/12/2020,BAZ,TX,ASW,CE,Federal Contract Tower,0,0,10,0,10,0,0,156,0,156,0,0,166,0,166,140,0,140,306
09/13/2020,BAZ,TX,ASW,CE,Federal Contract Tower,0,0,19,0,19,0,0,43,0,43,0,0,62,0,62,42,0,42,104
09/14/2020,BAZ,TX,ASW,CE,Federal Contract Tower,0,0,20,8,28,0,0,60,1,61,0,0,80,9,89,94,16,110,199
09/15/2020,BAZ,TX,ASW,CE,Federal Contract Tower,0,2,18,8,28,0,0,117,0,117,0,2,135,8,145,170,6,176,321
09/16/2020,BAZ,TX,ASW,CE,Federal Contract Tower,0,0,15,2,17,0,0,114,0,114,0,0,129,2,131,196,6,202,333
09/17/2020,BAZ,TX,ASW,CE,Federal Contract Tower,0,0,13,0,13,0,0,74,0,74,0,0,87,0,87,108,0,108,195
09/18/2020,BAZ,TX,ASW,CE,Federal Contract Tower,0,2,19,5,26,0,2,104,1,107,0,4,123,6,133,144,0,144,277
09/19/2020,BAZ,TX,ASW,CE,Federal Contract Tower,0,0,22,0,22,0,0,89,0,89,0,0,111,0,111,98,0,98,209
09/20/2020,BAZ,TX,ASW,CE,Federal Contract Tower,0,0,16,2,18,0,0,44,5,49,0,0,60,7,67,10,16,26,93
09/21/2020,BAZ,TX,ASW,CE,Federal Contract Tower,0,1,15,0,16,0,0,0,0,0,0,1,15,0,16,0,0,0,16
09/22/2020,BAZ,TX,ASW,CE,Federal Contract Tower,0,0,36,4,40,0,0,10,0,10,0,0,46,4,50,10,4,14,64
09/23/2020,BAZ,TX,ASW,CE,Federal Contract Tower,0,2,40,0,42,0,0,40,0,40,0,2,80,0,82,180,0,180,262
09/24/2020,BAZ,TX,ASW,CE,Federal Contract Tower,0,0,43,4,47,0,0,124,0,124,0,0,167,4,171,222,0,222,393
09/25/2020,BAZ,TX,ASW,CE,Federal Contract Tower,0,0,28,0,28,0,0,130,0,130,0,0,158,0,158,181,0,181,339
09/26/2020,BAZ,TX,ASW,CE,Federal Contract Tower,0,0,33,0,33,0,0,46,0,46,0,0,79,0,79,42,0,42,121
09/27/2020,BAZ,TX,ASW,CE,Federal Contract Tower,0,0,21,0,21,0,0,40,0,40,0,0,61,0,61,30,0,30,91
09/28/2020,BAZ,TX,ASW,CE,Federal Contract Tower,0,0,13,6,19,0,0,21,0,21,0,0,34,6,40,10,24,34,74
09/29/2020,BAZ,TX,ASW,CE,Federal Contract Tower,0,0,16,2,18,0,2,151,0,153,0,2,167,2,171,162,6,168,339
09/30/2020,BAZ,TX,ASW,CE,Federal Contract Tower,0,0,15,4,19,0,0,128,0,128,0,0,143,4,147,182,0,182,329
10/01/2020,BAZ,TX,ASW,CE,Federal Contract Tower,0,0,13,1,14,0,0,132,1,133,0,0,145,2,147,180,16,196,343
10/02/2020,BAZ,TX,ASW,CE,Federal Contract Tower,0,0,21,11,32,0,0,139,1,140,0,0,160,12,172,172,10,182,354
10/03/2020,BAZ,TX,ASW,CE,Federal Contract Tower,0,1,14,14,29,0,0,89,0,89,0,1,103,14,118,106,4,110,228
10/04/2020,BAZ,TX,ASW,CE,Federal Contract Tower,0,0,10,2,12,0,0,115,0,115,0,0,125,2,127,50,0,50,177
10/05/2020,BAZ,TX,ASW,CE,Federal Contract Tower,0,2,23,8,33,0,0,99,0,99,0,2,122,8,132,138,2,140,272
10/06/2020,BAZ,TX,ASW,CE,Federal Contract Tower,0,1,28,2,31,0,0,65,0,65,0,1,93,2,96,168,0,168,264
10/07/2020,BAZ,TX,ASW,CE,Federal Contract Tower,0,2,23,0,25,0,2,111,0,113,0,4,134,0,138,200,0,200,338
10/08/2020,BAZ,TX,ASW,CE,Federal Contract Tower,0,1,29,2,32,0,0,113,0,113,0,1,142,2,145,216,0,216,361
10/09/2020,BAZ,TX,ASW,CE,Federal Contract Tower,0,0,26,8,34,0,0,31,0,31,0,0,57,8,65,52,0,52,117
10/10/2020,BAZ,TX,ASW,CE,Federal Contract Tower,0,0,11,0,11,0,0,80,0,80,0,0,91,0,91,70,0,70,161
10/11/2020,BAZ,TX,ASW,CE,Federal Contract Tower,0,0,9,0,9,0,0,56,0,56,0,0,65,0,65,14,0,14,79
10/12/2020,BAZ,TX,ASW,CE,Federal Contract Tower,0,0,52,0,52,0,3,88,0,91,0,3,140,0,143,128,0,128,271
10/13/2020,BAZ,TX,ASW,CE,Federal Contract Tower,0,2,28,3,33,0,0,102,1,103,0,2,130,4,136,188,0,188,324
10/14/2020,BAZ,TX,ASW,CE,Federal Contract Tower,0,2,29,11,42,0,0,65,3,68,0,2,94,14,110,112,0,112,222
10/15/2020,BAZ,TX,ASW,CE,Federal Contract Tower,0,2,37,13,52,0,0,40,0,40,0,2,77,13,92,80,0,80,172
10/16/2020,BAZ,TX,ASW,CE,Federal Contract Tower,0,0,16,2,18,0,0,27,0,27,0,0,43,2,45,38,0,38,83
10/17/2020,BAZ,TX,ASW,CE,Federal Contract Tower,0,0,12,0,12,0,0,6,0,6,0,0,18,0,18,6,0,6,24
10/18/2020,BAZ,TX,ASW,CE,Federal Contract Tower,0,0,37,0,37,0,0,28,0,28,0,0,65,0,65,26,0,26,91
10/19/2020,BAZ,TX,ASW,CE,Federal Contract Tower,0,0,25,11,36,0,0,58,0,58,0,0,83,11,94,106,6,112,206
10/20/2020,BAZ,TX,ASW,CE,Federal Contract Tower,0,0,27,8,35,0,4,83,0,87,0,4,110,8,122,184,6,190,312
10/21/2020,BAZ,TX,ASW,CE,Federal Contract Tower,0,2,27,14,43,0,0,65,4,69,0,2,92,18,112,184,14,198,310
10/22/2020,BAZ,TX,ASW,CE,Federal Contract Tower,0,0,49,4,53,0,1,54,0,55,0,1,103,4,108,112,2,114,222
10/23/2020,BAZ,TX,ASW,CE,Federal Contract Tower,0,3,24,8,35,0,3,50,0,53,0,6,74,8,88,100,2,102,190
10/24/2020,BAZ,TX,ASW,CE,Federal Contract Tower,0,0,20,0,20,0,2,66,0,68,0,2,86,0,88,70,0,70,158
10/25/2020,BAZ,TX,ASW,CE,Federal Contract Tower,0,0,27,0,27,0,0,51,0,51,0,0,78,0,78,16,0,16,94
10/26/2020,BAZ,TX,ASW,CE,Federal Contract Tower,0,1,45,16,62,0,0,25,0,25,0,1,70,16,87,66,0,66,153
10/27/2020,BAZ,TX,ASW,CE,Federal Contract Tower,0,0,35,0,35,0,0,2,0,2,0,0,37,0,37,10,0,10,47
10/28/2020,BAZ,TX,ASW,CE,Federal Contract Tower,0,0,43,16,59,0,0,46,2,48,0,0,89,18,107,108,2,110,217
10/29/2020,BAZ,TX,ASW,CE,Federal Contract Tower,0,3,29,4,36,0,4,69,4,77,0,7,98,8,113,90,22,112,225
10/30/2020,BAZ,TX,ASW,CE,Federal Contract Tower,0,0,49,2,51,0,2,114,0,116,0,2,163,2,167,192,2,194,361
10/31/2020,BAZ,TX,ASW,CE,Federal Contract Tower,0,2,31,0,33,0,0,114,0,114,0,2,145,0,147,126,0,126,273
11/01/2020,BAZ,TX,ASW,CE,Federal Contract Tower,0,0,13,0,13,0,0,71,0,71,0,0,84,0,84,52,0,52,136
11/02/2020,BAZ,TX,ASW,CE,Federal Contract Tower,0,0,51,8,59,0,0,98,0,98,0,0,149,8,157,156,6,162,319
11/03/2020,BAZ,TX,ASW,CE,Federal Contract Tower,0,0,31,8,39,0,4,89,2,95,0,4,120,10,134,200,16,216,350
11/04/2020,BAZ,TX,ASW,CE,Federal Contract Tower,0,0,21,9,30,0,0,87,8,95,0,0,108,17,125,156,24,180,305
11/05/2020,BAZ,TX,ASW,CE,Federal Contract Tower,0,0,42,4,46,0,2,78,0,80,0,2,120,4,126,112,6,118,244
11/06/2020,BAZ,TX,ASW,CE,Federal Contract Tower,0,1,46,2,49,0,0,63,0,63,0,1,109,2,112,98,0,98,210
11/07/2020,BAZ,TX,ASW,CE,Federal Contract Tower,0,0,18,0,18,0,2,89,0,91,0,2,107,0,109,140,0,140,249
11/08/2020,BAZ,TX,ASW,CE,Federal Contract Tower,0,0,21,0,21,0,2,60,2,64,0,2,81,2,85,20,18,38,123
11/09/2020,BAZ,TX,ASW,CE,Federal Contract Tower,0,2,43,12,57,0,0,63,0,63,0,2,106,12,120,108,8,116,236
11/10/2020,BAZ,TX,ASW,CE,Federal Contract Tower,0,2,38,10,50,0,0,24,0,24,0,2,62,10,74,58,16,74,148
11/11/2020,BAZ,TX,ASW,CE,Federal Contract Tower,0,0,32,0,32,0,10,111,0,121,0,10,143,0,153,132,0,132,285
11/12/2020,BAZ,TX,ASW,CE,Federal Contract Tower,0,0,42,0,42,0,1,63,0,64,0,1,105,0,106,94,0,94,200
11/13/2020,BAZ,TX,ASW,CE,Federal Contract Tower,0,2,41,4,47,0,0,59,0,59,0,2,100,4,106,62,8,70,176
11/14/2020,BAZ,TX,ASW,CE,Federal Contract Tower,0,0,17,2,19,0,0,38,0,38,0,0,55,2,57,56,0,56,113
11/15/2020,BAZ,TX,ASW,CE,Federal Contract Tower,0,0,12,4,16,0,0,45,0,45,0,0,57,4,61,32,0,32,93
11/16/2020,BAZ,TX,ASW,CE,Federal Contract Tower,0,0,34,4,38,0,0,126,1,127,0,0,160,5,165,146,12,158,323
11/17/2020,BAZ,TX,ASW,CE,Federal Contract Tower,0,3,34,4,41,0,0,92,6,98,0,3,126,10,139,206,22,228,367
11/18/2020,BAZ,TX,ASW,CE,Federal Contract Tower,0,0,32,6,38,0,0,105,3,108,0,0,137,9,146,170,18,188,334
11/19/2020,BAZ,TX,ASW,CE,Federal Contract Tower,0,0,15,4,19,0,0,70,0,70,0,0,85,4,89,148,0,148,237
11/20/2020,BAZ,TX,ASW,CE,Federal Contract Tower,0,0,18,2,20,0,0,57,0,57,0,0,75,2,77,90,0,90,167
11/21/2020,BAZ,TX,ASW,CE,Federal Contract Tower,0,1,22,8,31,0,1,49,0,50,0,2,71,8,81,48,4,52,133
11/22/2020,BAZ,TX,ASW,CE,Federal Contract Tower,0,0,17,0,17,0,0,44,0,44,0,0,61,0,61,20,0,20,81
11/23/2020,BAZ,TX,ASW,CE,Federal Contract Tower,0,0,36,12,48,0,0,74,0,74,0,0,110,12,122,138,0,138,260
11/24/2020,BAZ,TX,ASW,CE,Federal Contract Tower,0,0,18,6,24,0,0,29,1,30,0,0,47,7,54,28,8,36,90
11/25/2020,BAZ,TX,ASW,CE,Federal Contract Tower,0,0,26,2,28,0,0,99,0,99,0,0,125,2,127,198,2,200,327
11/27/2020,BAZ,TX,ASW,CE,Federal Contract Tower,0,1,6,0,7,0,0,0,0,0,0,1,6,0,7,0,0,0,7
11/28/2020,BAZ,TX,ASW,CE,Federal Contract Tower,0,1,3,0,4,0,0,0,0,0,0,1,3,0,4,0,0,0,4
11/29/2020,BAZ,TX,ASW,CE,Federal Contract Tower,0,0,21,0,21,0,0,51,0,51,0,0,72,0,72,60,0,60,132
11/30/2020,BAZ,TX,ASW,CE,Federal Contract Tower,0,0,21,16,37,0,2,70,2,74,0,2,91,18,111,166,0,166,277
12/01/2020,BAZ,TX,ASW,CE,Federal Contract Tower,0,0,29,7,36,0,0,60,1,61,0,0,89,8,97,92,16,108,205
12/02/2020,BAZ,TX,ASW,CE,Federal Contract Tower,0,0,45,0,45,0,0,51,0,51,0,0,96,0,96,152,0,152,248
12/03/2020,BAZ,TX,ASW,CE,Federal Contract Tower,0,2,26,5,33,0,4,68,3,75,0,6,94,8,108,154,2,156,264
12/04/2020,BAZ,TX,ASW,CE,Federal Contract Tower,0,2,13,6,21,0,3,98,2,103,0,5,111,8,124,132,8,140,264
12/05/2020,BAZ,TX,ASW,CE,Federal Contract Tower,0,0,4,4,8,0,1,84,0,85,0,1,88,4,93,134,0,134,227
12/06/2020,BAZ,TX,ASW,CE,Federal Contract Tower,0,1,11,0,12,0,0,74,0,74,0,1,85,0,86,86,0,86,172
12/07/2020,BAZ,TX,ASW,CE,Federal Contract Tower,0,0,20,4,24,0,0,77,4,81,0,0,97,8,105,110,26,136,241
12/08/2020,BAZ,TX,ASW,CE,Federal Contract Tower,0,0,27,3,30,0,0,73,0,73,0,0,100,3,103,146,10,156,259
12/09/2020,BAZ,TX,ASW,CE,Federal Contract Tower,0,0,32,6,38,0,5,80,0,85,0,5,112,6,123,170,2,172,295
12/10/2020,BAZ,TX,ASW,CE,Federal Contract Tower,0,1,27,10,38,0,1,83,4,88,0,2,110,14,126,98,18,116,242
12/11/2020,BAZ,TX,ASW,CE,Federal Contract Tower,0,3,30,10,43,0,0,27,0,27,0,3,57,10,70,52,4,56,126
12/12/2020,BAZ,TX,ASW,CE,Federal Contract Tower,0,0,22,4,26,0,1,85,0,86,0,1,107,4,112,84,0,84,196
12/13/2020,BAZ,TX,ASW,CE,Federal Contract Tower,0,0,10,0,10,0,1,2,0,3,0,1,12,0,13,0,0,0,13
12/14/2020,BAZ,TX,ASW,CE,Federal Contract Tower,0,0,32,4,36,0,0,94,0,94,0,0,126,4,130,204,0,204,334
12/15/2020,BAZ,TX,ASW,CE,Federal Contract Tower,0,2,41,6,49,0,7,31,0,38,0,9,72,6,87,48,2,50,137
12/16/2020,BAZ,TX,ASW,CE,Federal Contract Tower,0,0,35,2,37,0,4,89,0,93,0,4,124,2,130,144,0,144,274
12/18/2020,BAZ,TX,ASW,CE,Federal Contract Tower,0,2,34,6,42,0,2,45,0,47,0,4,79,6,89,88,0,88,177
12/19/2020,BAZ,TX,ASW,CE,Federal Contract Tower,0,2,8,2,12,0,0,19,0,19,0,2,27,2,31,36,0,36,67
12/20/2020,BAZ,TX,ASW,CE,Federal Contract Tower,0,0,10,0,10,0,0,87,0,87,0,0,97,0,97,60,0,60,157
12/21/2020,BAZ,TX,ASW,CE,Federal Contract Tower,0,1,6,4,11,0,0,78,2,80,0,1,84,6,91,184,12,196,287
12/22/2020,BAZ,TX,ASW,CE,Federal Contract Tower,0,0,27,1,28,0,0,67,3,70,0,0,94,4,98,178,6,184,282
12/23/2020,BAZ,TX,ASW,CE,Federal Contract Tower,0,1,10,0,11,0,0,42,0,42,0,1,52,0,53,60,0,60,113
12/24/2020,BAZ,TX,ASW,CE,Federal Contract Tower,0,0,13,0,13,0,0,22,0,22,0,0,35,0,35,4,0,4,39
12/25/2020,BAZ,TX,ASW,CE,Federal Contract Tower,0,0,5,0,5,0,0,37,0,37,0,0,42,0,42,16,0,16,58
12/26/2020,BAZ,TX,ASW,CE,Federal Contract Tower,0,3,13,0,16,0,0,45,0,45,0,3,58,0,61,44,0,44,105
12/27/2020,BAZ,TX,ASW,CE,Federal Contract Tower,0,0,8,0,8,0,2,56,0,58,0,2,64,0,66,18,0,18,84
12/28/2020,BAZ,TX,ASW,CE,Federal Contract Tower,0,1,27,0,28,0,1,31,0,32,0,2,58,0,60,82,0,82,142
12/29/2020,BAZ,TX,ASW,CE,Federal Contract Tower,0,0,13,0,13,0,0,14,0,14,0,0,27,0,27,4,0,4,31
12/30/2020,BAZ,TX,ASW,CE,Federal Contract Tower,0,0,19,0,19,0,0,12,0,12,0,0,31,0,31,22,0,22,53
12/31/2020,BAZ,TX,ASW,CE,Federal Contract Tower,0,0,0,0,0,0,0,0,0,0,0,0,0,0,0,0,0,0,0
01/01/2021,BAZ,TX,ASW,CE,Federal Contract Tower,0,0,9,0,9,0,0,32,0,32,0,0,41,0,41,56,0,56,97
01/02/2021,BAZ,TX,ASW,CE,Federal Contract Tower,0,2,14,0,16,0,7,90,0,97,0,9,104,0,113,134,0,134,247
01/03/2021,BAZ,TX,ASW,CE,Federal Contract Tower,0,1,31,0,32,0,7,62,0,69,0,8,93,0,101,60,0,60,161
01/04/2021,BAZ,TX,ASW,CE,Federal Contract Tower,0,0,25,0,25,0,0,74,0,74,0,0,99,0,99,128,0,128,227
01/05/2021,BAZ,TX,ASW,CE,Federal Contract Tower,0,0,36,9,45,0,0,19,1,20,0,0,55,10,65,34,18,52,117
01/06/2021,BAZ,TX,ASW,CE,Federal Contract Tower,0,0,7,0,7,0,0,13,0,13,0,0,20,0,20,26,0,26,46
01/07/2021,BAZ,TX,ASW,CE,Federal Contract Tower,0,2,26,0,28,0,0,112,0,112,0,2,138,0,140,68,0,68,208
01/08/2021,BAZ,TX,ASW,CE,Federal Contract Tower,0,0,34,0,34,0,7,103,0,110,0,7,137,0,144,186,0,186,330
01/09/2021,BAZ,TX,ASW,CE,Federal Contract Tower,0,0,27,0,27,0,0,75,0,75,0,0,102,0,102,82,0,82,184
01/10/2021,BAZ,TX,ASW,CE,Federal Contract Tower,0,2,4,0,6,0,0,0,0,0,0,2,4,0,6,0,0,0,6
01/11/2021,BAZ,TX,ASW,CE,Federal Contract Tower,0,0,10,1,11,0,1,52,1,54,0,1,62,2,65,156,2,158,223
01/12/2021,BAZ,TX,ASW,CE,Federal Contract Tower,0,0,14,6,20,0,0,66,0,66,0,0,80,6,86,88,4,92,178
01/13/2021,BAZ,TX,ASW,CE,Federal Contract Tower,0,2,20,3,25,0,1,94,2,97,0,3,114,5,122,142,2,144,266
01/14/2021,BAZ,TX,ASW,CE,Federal Contract Tower,0,0,23,2,25,0,1,92,0,93,0,1,115,2,118,106,2,108,226
01/15/2021,BAZ,TX,ASW,CE,Federal Contract Tower,0,0,19,10,29,0,2,67,0,69,0,2,86,10,98,102,6,108,206
01/16/2021,BAZ,TX,ASW,CE,Federal Contract Tower,0,0,20,0,20,0,5,89,0,94,0,5,109,0,114,62,0,62,176
01/17/2021,BAZ,TX,ASW,CE,Federal Contract Tower,0,0,27,0,27,0,0,86,0,86,0,0,113,0,113,58,0,58,171
01/18/2021,BAZ,TX,ASW,CE,Federal Contract Tower,0,0,38,0,38,0,0,51,0,51,0,0,89,0,89,118,0,118,207
01/19/2021,BAZ,TX,ASW,CE,Federal Contract Tower,0,2,31,6,39,0,0,7,0,7,0,2,38,6,46,20,2,22,68
01/20/2021,BAZ,TX,ASW,CE,Federal Contract Tower,0,0,23,0,23,0,0,0,0,0,0,0,23,0,23,10,0,10,33
01/21/2021,BAZ,TX,ASW,CE,Federal Contract Tower,0,2,22,6,30,0,0,21,0,21,0,2,43,6,51,76,0,76,127
01/22/2021,BAZ,TX,ASW,CE,Federal Contract Tower,0,0,38,6,44,0,0,95,0,95,0,0,133,6,139,130,4,134,273
01/23/2021,BAZ,TX,ASW,CE,Federal Contract Tower,0,2,7,0,9,0,2,0,0,2,0,4,7,0,11,0,0,0,11
01/24/2021,BAZ,TX,ASW,CE,Federal Contract Tower,0,0,4,0,4,0,0,0,0,0,0,0,4,0,4,0,0,0,4
01/25/2021,BAZ,TX,ASW,CE,Federal Contract Tower,0,10,14,8,32,0,3,76,0,79,0,13,90,8,111,120,4,124,235
01/26/2021,BAZ,TX,ASW,CE,Federal Contract Tower,0,0,28,4,32,0,0,86,0,86,0,0,114,4,118,88,2,90,208
01/27/2021,BAZ,TX,ASW,CE,Federal Contract Tower,0,0,28,6,34,0,0,48,0,48,0,0,76,6,82,56,6,62,144
01/28/2021,BAZ,TX,ASW,CE,Federal Contract Tower,0,0,29,2,31,0,2,83,0,85,0,2,112,2,116,124,2,126,242
01/29/2021,BAZ,TX,ASW,CE,Federal Contract Tower,0,0,14,11,25,0,0,78,4,82,0,0,92,15,107,114,0,114,221
01/30/2021,BAZ,TX,ASW,CE,Federal Contract Tower,0,0,15,2,17,0,0,29,0,29,0,0,44,2,46,24,0,24,70
01/31/2021,BAZ,TX,ASW,CE,Federal Contract Tower,0,0,17,5,22,0,0,65,0,65,0,0,82,5,87,6,18,24,111
02/01/2021,BAZ,TX,ASW,CE,Federal Contract Tower,0,0,17,8,25,0,0,73,3,76,0,0,90,11,101,86,8,94,195
02/02/2021,BAZ,TX,ASW,CE,Federal Contract Tower,0,1,28,8,37,0,0,93,2,95,0,1,121,10,132,180,10,190,322
02/03/2021,BAZ,TX,ASW,CE,Federal Contract Tower,0,0,27,2,29,0,3,56,0,59,0,3,83,2,88,100,2,102,190
02/04/2021,BAZ,TX,ASW,CE,Federal Contract Tower,0,1,18,0,19,0,0,53,0,53,0,1,71,0,72,118,0,118,190
02/05/2021,BAZ,TX,ASW,CE,Federal Contract Tower,0,0,14,0,14,0,0,41,2,43,0,0,55,2,57,108,2,110,167
02/06/2021,BAZ,TX,ASW,CE,Federal Contract Tower,0,1,15,0,16,0,0,45,2,47,0,1,60,2,63,48,0,48,111
02/07/2021,BAZ,TX,ASW,CE,Federal Contract Tower,0,0,13,0,13,0,1,52,0,53,0,1,65,0,66,38,0,38,104
02/08/2021,BAZ,TX,ASW,CE,Federal Contract Tower,0,0,25,6,31,0,0,43,0,43,0,0,68,6,74,98,0,98,172
02/09/2021,BAZ,TX,ASW,CE,Federal Contract Tower,0,2,28,14,44,0,0,33,0,33,0,2,61,14,77,54,14,68,145
02/10/2021,BAZ,TX,ASW,CE,Federal Contract Tower,0,1,12,0,13,0,0,0,0,0,0,1,12,0,13,4,0,4,17
02/11/2021,BAZ,TX,ASW,CE,Federal Contract Tower,0,0,1,0,1,0,0,0,0,0,0,0,1,0,1,0,0,0,1
02/12/2021,BAZ,TX,ASW,CE,Federal Contract Tower,0,1,3,0,4,0,1,5,0,6,0,2,8,0,10,0,0,0,10
02/13/2021,BAZ,TX,ASW,CE,Federal Contract Tower,0,0,2,0,2,0,0,1,0,1,0,0,3,0,3,0,0,0,3
02/14/2021,BAZ,TX,ASW,CE,Federal Contract Tower,0,0,3,0,3,0,0,0,0,0,0,0,3,0,3,0,0,0,3
02/20/2021,BAZ,TX,ASW,CE,Federal Contract Tower,0,0,10,0,10,0,4,33,0,37,0,4,43,0,47,30,0,30,77
02/21/2021,BAZ,TX,ASW,CE,Federal Contract Tower,0,0,5,0,5,0,5,28,0,33,0,5,33,0,38,12,0,12,50
02/22/2021,BAZ,TX,ASW,CE,Federal Contract Tower,0,3,26,0,29,0,2,95,0,97,0,5,121,0,126,220,0,220,346
02/23/2021,BAZ,TX,ASW,CE,Federal Contract Tower,0,0,33,10,43,0,2,105,2,109,0,2,138,12,152,174,10,184,336
02/24/2021,BAZ,TX,ASW,CE,Federal Contract Tower,0,0,21,4,25,0,0,56,0,56,0,0,77,4,81,88,2,90,171
02/25/2021,BAZ,TX,ASW,CE,Federal Contract Tower,0,2,20,2,24,0,0,4,0,4,0,2,24,2,28,0,0,0,28
02/26/2021,BAZ,TX,ASW,CE,Federal Contract Tower,0,4,23,8,35,0,0,3,0,3,0,4,26,8,38,0,0,0,38
02/27/2021,BAZ,TX,ASW,CE,Federal Contract Tower,0,0,16,14,30,0,1,10,0,11,0,1,26,14,41,38,0,38,79
02/28/2021,BAZ,TX,ASW,CE,Federal Contract Tower,0,0,19,0,19,0,0,32,0,32,0,0,51,0,51,16,0,16,67
03/01/2021,BAZ,TX,ASW,CE,Federal Contract Tower,0,1,11,13,25,0,2,12,0,14,0,3,23,13,39,12,24,36,75
03/02/2021,BAZ,TX,ASW,CE,Federal Contract Tower,0,1,18,8,27,0,2,86,0,88,0,3,104,8,115,186,0,186,301
03/03/2021,BAZ,TX,ASW,CE,Federal Contract Tower,0,1,18,10,29,0,5,103,0,108,0,6,121,10,137,160,6,166,303
03/04/2021,BAZ,TX,ASW,CE,Federal Contract Tower,0,0,35,6,41,0,1,79,0,80,0,1,114,6,121,124,0,124,245
03/05/2021,BAZ,TX,ASW,CE,Federal Contract Tower,0,0,26,4,30,0,2,57,2,61,0,2,83,6,91,108,4,112,203
03/06/2021,BAZ,TX,ASW,CE,Federal Contract Tower,0,2,9,0,11,0,0,73,0,73,0,2,82,0,84,62,0,62,146
03/07/2021,BAZ,TX,ASW,CE,Federal Contract Tower,0,0,23,0,23,0,0,66,0,66,0,0,89,0,89,76,0,76,165
03/08/2021,BAZ,TX,ASW,CE,Federal Contract Tower,0,1,36,12,49,0,2,61,0,63,0,3,97,12,112,132,10,142,254
03/09/2021,BAZ,TX,ASW,CE,Federal Contract Tower,0,0,21,11,32,0,0,22,0,22,0,0,43,11,54,60,0,60,114
03/10/2021,BAZ,TX,ASW,CE,Federal Contract Tower,0,0,19,6,25,0,0,33,0,33,0,0,52,6,58,118,0,118,176
03/11/2021,BAZ,TX,ASW,CE,Federal Contract Tower,0,0,46,10,56,0,2,35,0,37,0,2,81,10,93,76,0,76,169
03/12/2021,BAZ,TX,ASW,CE,Federal Contract Tower,0,4,19,8,31,0,4,18,2,24,0,8,37,10,55,80,0,80,135
03/13/2021,BAZ,TX,ASW,CE,Federal Contract Tower,0,0,25,0,25,0,0,14,0,14,0,0,39,0,39,6,0,6,45
03/14/2021,BAZ,TX,ASW,CE,Federal Contract Tower,0,0,25,0,25,0,0,66,0,66,0,0,91,0,91,82,0,82,173
03/15/2021,BAZ,TX,ASW,CE,Federal Contract Tower,0,0,29,6,35,0,0,117,0,117,0,0,146,6,152,110,0,110,262
03/16/2021,BAZ,TX,ASW,CE,Federal Contract Tower,0,0,24,10,34,0,0,19,0,19,0,0,43,10,53,84,14,98,151
03/17/2021,BAZ,TX,ASW,CE,Federal Contract Tower,0,0,9,4,13,0,1,30,2,33,0,1,39,6,46,40,6,46,92
03/18/2021,BAZ,TX,ASW,CE,Federal Contract Tower,0,1,36,2,39,0,1,103,2,106,0,2,139,4,145,80,0,80,225
03/19/2021,BAZ,TX,ASW,CE,Federal Contract Tower,0,5,34,2,41,0,4,97,0,101,0,9,131,2,142,138,0,138,280
03/20/2021,BAZ,TX,ASW,CE,Federal Contract Tower,0,2,21,4,27,0,0,102,0,102,0,2,123,4,129,108,0,108,237
03/21/2021,BAZ,TX,ASW,CE,Federal Contract Tower,0,0,36,0,36,0,4,54,6,64,0,4,90,6,100,58,0,58,158
03/22/2021,BAZ,TX,ASW,CE,Federal Contract Tower,0,2,37,17,56,0,1,27,1,29,0,3,64,18,85,86,4,90,175
03/23/2021,BAZ,TX,ASW,CE,Federal Contract Tower,0,0,32,2,34,0,0,98,4,102,0,0,130,6,136,184,10,194,330
03/24/2021,BAZ,TX,ASW,CE,Federal Contract Tower,0,1,14,4,19,0,3,12,0,15,0,4,26,4,34,30,0,30,64
03/25/2021,BAZ,TX,ASW,CE,Federal Contract Tower,0,0,30,8,38,0,0,65,0,65,0,0,95,8,103,142,0,142,245
03/26/2021,BAZ,TX,ASW,CE,Federal Contract Tower,0,2,22,8,32,0,0,101,0,101,0,2,123,8,133,170,4,174,307
03/27/2021,BAZ,TX,ASW,CE,Federal Contract Tower,0,0,16,12,28,0,0,31,0,31,0,0,47,12,59,42,0,42,101
03/28/2021,BAZ,TX,ASW,CE,Federal Contract Tower,0,0,8,0,8,0,0,20,0,20,0,0,28,0,28,6,0,6,34
03/29/2021,BAZ,TX,ASW,CE,Federal Contract Tower,0,0,26,8,34,0,0,76,0,76,0,0,102,8,110,150,0,150,260
03/30/2021,BAZ,TX,ASW,CE,Federal Contract Tower,0,1,28,10,39,0,0,20,0,20,0,1,48,10,59,60,22,82,141
03/31/2021,BAZ,TX,ASW,CE,Federal Contract Tower,0,4,26,17,47,0,1,13,3,17,0,5,39,20,64,0,12,12,76
04/01/2021,BAZ,TX,ASW,CE,Federal Contract Tower,0,0,39,2,41,0,2,117,0,119,0,2,156,2,160,168,2,170,330
04/02/2021,BAZ,TX,ASW,CE,Federal Contract Tower,0,0,10,0,10,0,0,81,0,81,0,0,91,0,91,62,0,62,153
04/03/2021,BAZ,TX,ASW,CE,Federal Contract Tower,0,3,1,0,4,0,0,14,0,14,0,3,15,0,18,14,0,14,32
04/04/2021,BAZ,TX,ASW,CE,Federal Contract Tower,0,3,9,0,12,0,0,14,0,14,0,3,23,0,26,12,0,12,38
04/05/2021,BAZ,TX,ASW,CE,Federal Contract Tower,0,2,22,0,24,0,0,52,0,52,0,2,74,0,76,118,0,118,194
04/06/2021,BAZ,TX,ASW,CE,Federal Contract Tower,0,1,29,7,37,0,4,32,1,37,0,5,61,8,74,96,24,120,194
04/07/2021,BAZ,TX,ASW,CE,Federal Contract Tower,0,0,33,6,39,0,2,70,0,72,0,2,103,6,111,128,2,130,241
04/08/2021,BAZ,TX,ASW,CE,Federal Contract Tower,0,0,15,4,19,0,0,53,2,55,0,0,68,6,74,66,6,72,146
04/09/2021,BAZ,TX,ASW,CE,Federal Contract Tower,0,0,30,2,32,0,0,42,0,42,0,0,72,2,74,148,0,148,222
04/10/2021,BAZ,TX,ASW,CE,Federal Contract Tower,0,0,10,0,10,0,0,40,0,40,0,0,50,0,50,20,0,20,70
04/11/2021,BAZ,TX,ASW,CE,Federal Contract Tower,0,0,7,4,11,0,0,40,0,40,0,0,47,4,51,60,0,60,111
04/12/2021,BAZ,TX,ASW,CE,Federal Contract Tower,0,1,38,4,43,0,0,44,0,44,0,1,82,4,87,124,4,128,215
04/13/2021,BAZ,TX,ASW,CE,Federal Contract Tower,0,2,30,10,42,0,3,33,0,36,0,5,63,10,78,76,12,88,166
04/14/2021,BAZ,TX,ASW,CE,Federal Contract Tower,0,0,38,14,52,0,0,35,0,35,0,0,73,14,87,126,10,136,223
04/15/2021,BAZ,TX,ASW,CE,Federal Contract Tower,0,0,16,0,16,0,0,0,0,0,0,0,16,0,16,0,0,0,16
04/16/2021,BAZ,TX,ASW,CE,Federal Contract Tower,0,0,21,2,23,0,0,0,0,0,0,0,21,2,23,0,0,0,23
04/17/2021,BAZ,TX,ASW,CE,Federal Contract Tower,0,0,21,0,21,0,0,25,0,25,0,0,46,0,46,20,0,20,66
04/18/2021,BAZ,TX,ASW,CE,Federal Contract Tower,0,0,14,0,14,0,0,46,0,46,0,0,60,0,60,82,0,82,142
04/19/2021,BAZ,TX,ASW,CE,Federal Contract Tower,0,0,18,11,29,0,0,84,0,84,0,0,102,11,113,180,18,198,311
04/20/2021,BAZ,TX,ASW,CE,Federal Contract Tower,0,0,41,2,43,0,0,99,0,99,0,0,140,2,142,256,12,268,410
04/21/2021,BAZ,TX,ASW,CE,Federal Contract Tower,0,1,31,1,33,0,0,52,1,53,0,1,83,2,86,96,20,116,202
04/22/2021,BAZ,TX,ASW,CE,Federal Contract Tower,0,2,28,6,36,0,2,24,0,26,0,4,52,6,62,34,2,36,98
04/23/2021,BAZ,TX,ASW,CE,Federal Contract Tower,0,0,8,0,8,0,0,1,0,1,0,0,9,0,9,0,0,0,9
04/24/2021,BAZ,TX,ASW,CE,Federal Contract Tower,0,0,23,0,23,0,0,85,0,85,0,0,108,0,108,106,0,106,214
04/25/2021,BAZ,TX,ASW,CE,Federal Contract Tower,0,2,21,0,23,0,0,49,0,49,0,2,70,0,72,120,0,120,192
04/26/2021,BAZ,TX,ASW,CE,Federal Contract Tower,0,0,14,2,16,0,0,43,0,43,0,0,57,2,59,92,10,102,161
04/27/2021,BAZ,TX,ASW,CE,Federal Contract Tower,0,1,33,4,38,0,0,8,0,8,0,1,41,4,46,50,0,50,96
04/28/2021,BAZ,TX,ASW,CE,Federal Contract Tower,0,3,34,4,41,0,1,29,0,30,0,4,63,4,71,94,4,98,169
04/29/2021,BAZ,TX,ASW,CE,Federal Contract Tower,0,2,20,0,22,0,0,0,0,0,0,2,20,0,22,0,0,0,22
04/30/2021,BAZ,TX,ASW,CE,Federal Contract Tower,0,1,6,0,7,0,0,0,0,0,0,1,6,0,7,0,0,0,7
05/01/2021,BAZ,TX,ASW,CE,Federal Contract Tower,0,0,7,2,9,0,0,1,0,1,0,0,8,2,10,2,0,2,12
05/02/2021,BAZ,TX,ASW,CE,Federal Contract Tower,0,1,21,0,22,0,0,55,1,56,0,1,76,1,78,134,0,134,212
05/03/2021,BAZ,TX,ASW,CE,Federal Contract Tower,0,6,21,0,27,0,2,61,2,65,0,8,82,2,92,124,2,126,218
05/04/2021,BAZ,TX,ASW,CE,Federal Contract Tower,0,0,19,0,19,0,0,25,0,25,0,0,44,0,44,48,0,48,92
05/05/2021,BAZ,TX,ASW,CE,Federal Contract Tower,0,1,25,0,26,0,0,91,0,91,0,1,116,0,117,110,0,110,227
05/06/2021,BAZ,TX,ASW,CE,Federal Contract Tower,0,2,23,2,27,0,1,103,0,104,0,3,126,2,131,106,0,106,237
05/07/2021,BAZ,TX,ASW,CE,Federal Contract Tower,0,2,24,8,34,0,2,85,0,87,0,4,109,8,121,168,4,172,293
05/08/2021,BAZ,TX,ASW,CE,Federal Contract Tower,0,0,8,0,8,0,0,17,0,17,0,0,25,0,25,4,0,4,29
05/09/2021,BAZ,TX,ASW,CE,Federal Contract Tower,0,1,18,0,19,0,0,30,0,30,0,1,48,0,49,44,8,52,101
05/10/2021,BAZ,TX,ASW,CE,Federal Contract Tower,0,0,14,18,32,0,0,30,0,30,0,0,44,18,62,42,2,44,106
05/11/2021,BAZ,TX,ASW,CE,Federal Contract Tower,0,1,13,0,14,0,1,7,0,8,0,2,20,0,22,16,0,16,38
05/12/2021,BAZ,TX,ASW,CE,Federal Contract Tower,0,2,20,12,34,0,0,28,0,28,0,2,48,12,62,64,0,64,126
05/13/2021,BAZ,TX,ASW,CE,Federal Contract Tower,0,4,48,0,52,0,0,55,2,57,0,4,103,2,109,156,0,156,265
05/14/2021,BAZ,TX,ASW,CE,Federal Contract Tower,0,0,21,4,25,0,0,93,0,93,0,0,114,4,118,198,0,198,316
05/15/2021,BAZ,TX,ASW,CE,Federal Contract Tower,0,0,9,2,11,0,0,5,0,5,0,0,14,2,16,8,0,8,24
05/16/2021,BAZ,TX,ASW,CE,Federal Contract Tower,0,0,13,0,13,0,0,12,0,12,0,0,25,0,25,50,0,50,75
05/17/2021,BAZ,TX,ASW,CE,Federal Contract Tower,0,1,10,10,21,0,0,17,0,17,0,1,27,10,38,42,10,52,90
05/18/2021,BAZ,TX,ASW,CE,Federal Contract Tower,0,0,20,6,26,0,0,35,0,35,0,0,55,6,61,94,2,96,157
05/19/2021,BAZ,TX,ASW,CE,Federal Contract Tower,0,2,11,2,15,0,0,30,0,30,0,2,41,2,45,16,0,16,61
05/20/2021,BAZ,TX,ASW,CE,Federal Contract Tower,0,0,15,2,17,0,2,76,0,78,0,2,91,2,95,164,0,164,259
05/21/2021,BAZ,TX,ASW,CE,Federal Contract Tower,0,1,15,1,17,0,0,42,0,42,0,1,57,1,59,110,6,116,175
05/22/2021,BAZ,TX,ASW,CE,Federal Contract Tower,0,2,5,0,7,0,0,2,0,2,0,2,7,0,9,22,0,22,31
05/23/2021,BAZ,TX,ASW,CE,Federal Contract Tower,0,8,10,1,19,0,0,2,0,2,0,8,12,1,21,0,0,0,21
05/24/2021,BAZ,TX,ASW,CE,Federal Contract Tower,0,1,8,5,14,0,0,35,0,35,0,1,43,5,49,98,4,102,151
05/25/2021,BAZ,TX,ASW,CE,Federal Contract Tower,0,0,17,2,19,0,0,46,0,46,0,0,63,2,65,110,2,112,177
05/26/2021,BAZ,TX,ASW,CE,Federal Contract Tower,0,1,32,2,35,0,0,56,2,58,0,1,88,4,93,102,8,110,203
05/27/2021,BAZ,TX,ASW,CE,Federal Contract Tower,0,0,38,4,42,0,2,73,0,75,0,2,111,4,117,98,0,98,215
05/28/2021,BAZ,TX,ASW,CE,Federal Contract Tower,0,5,22,0,27,0,0,49,0,49,0,5,71,0,76,136,0,136,212
05/29/2021,BAZ,TX,ASW,CE,Federal Contract Tower,0,0,17,0,17,0,1,55,0,56,0,1,72,0,73,76,0,76,149
05/30/2021,BAZ,TX,ASW,CE,Federal Contract Tower,0,0,13,1,14,0,0,25,0,25,0,0,38,1,39,44,0,44,83
05/31/2021,BAZ,TX,ASW,CE,Federal Contract Tower,0,2,25,0,27,0,0,44,0,44,0,2,69,0,71,96,0,96,167
06/01/2021,BAZ,TX,ASW,CE,Federal Contract Tower,0,2,29,8,39,0,0,59,0,59,0,2,88,8,98,110,8,118,216
06/02/2021,BAZ,TX,ASW,CE,Federal Contract Tower,0,0,26,2,28,0,0,49,4,53,0,0,75,6,81,122,24,146,227
06/03/2021,BAZ,TX,ASW,CE,Federal Contract Tower,0,5,6,0,11,0,0,8,0,8,0,5,14,0,19,46,0,46,65
06/04/2021,BAZ,TX,ASW,CE,Federal Contract Tower,0,0,20,8,28,0,1,31,0,32,0,1,51,8,60,156,16,172,232
06/05/2021,BAZ,TX,ASW,CE,Federal Contract Tower,0,0,8,0,8,0,0,11,0,11,0,0,19,0,19,34,0,34,53
06/06/2021,BAZ,TX,ASW,CE,Federal Contract Tower,0,0,19,0,19,0,0,20,0,20,0,0,39,0,39,36,0,36,75
06/07/2021,BAZ,TX,ASW,CE,Federal Contract Tower,0,0,20,10,30,0,0,32,0,32,0,0,52,10,62,130,6,136,198
06/08/2021,BAZ,TX,ASW,CE,Federal Contract Tower,0,3,22,2,27,0,2,40,0,42,0,5,62,2,69,182,4,186,255
06/09/2021,BAZ,TX,ASW,CE,Federal Contract Tower,0,3,44,8,55,0,1,37,0,38,0,4,81,8,93,68,2,70,163
06/10/2021,BAZ,TX,ASW,CE,Federal Contract Tower,0,1,28,9,38,0,0,72,1,73,0,1,100,10,111,196,22,218,329
06/11/2021,BAZ,TX,ASW,CE,Federal Contract Tower,0,3,19,2,24,0,0,66,0,66,0,3,85,2,90,134,32,166,256
06/12/2021,BAZ,TX,ASW,CE,Federal Contract Tower,0,0,21,4,25,0,2,74,1,77,0,2,95,5,102,98,14,112,214
06/13/2021,BAZ,TX,ASW,CE,Federal Contract Tower,0,5,11,5,21,0,0,46,0,46,0,5,57,5,67,60,0,60,127
06/14/2021,BAZ,TX,ASW,CE,Federal Contract Tower,0,0,16,9,25,0,5,64,2,71,0,5,80,11,96,86,12,98,194
06/15/2021,BAZ,TX,ASW,CE,Federal Contract Tower,0,0,6,12,18,0,2,111,0,113,0,2,117,12,131,116,8,124,255
06/16/2021,BAZ,TX,ASW,CE,Federal Contract Tower,0,4,19,8,31,0,5,123,1,129,0,9,142,9,160,142,6,148,308
06/17/2021,BAZ,TX,ASW,CE,Federal Contract Tower,0,1,20,2,23,0,0,107,0,107,0,1,127,2,130,226,0,226,356
06/18/2021,BAZ,TX,ASW,CE,Federal Contract Tower,0,1,33,0,34,0,1,91,0,92,0,2,124,0,126,216,0,216,342
06/19/2021,BAZ,TX,ASW,CE,Federal Contract Tower,0,1,8,0,9,0,0,83,0,83,0,1,91,0,92,84,0,84,176
06/20/2021,BAZ,TX,ASW,CE,Federal Contract Tower,0,1,21,0,22,0,0,29,0,29,0,1,50,0,51,66,0,66,117
06/21/2021,BAZ,TX,ASW,CE,Federal Contract Tower,0,0,30,10,40,0,1,41,0,42,0,1,71,10,82,136,0,136,218
06/22/2021,BAZ,TX,ASW,CE,Federal Contract Tower,0,0,23,2,25,0,0,30,0,30,0,0,53,2,55,28,0,28,83
06/23/2021,BAZ,TX,ASW,CE,Federal Contract Tower,0,0,26,2,28,0,1,58,0,59,0,1,84,2,87,104,0,104,191
06/24/2021,BAZ,TX,ASW,CE,Federal Contract Tower,0,2,35,15,52,0,1,62,0,63,0,3,97,15,115,88,8,96,211
06/25/2021,BAZ,TX,ASW,CE,Federal Contract Tower,0,2,30,12,44,0,0,96,0,96,0,2,126,12,140,248,0,248,388
06/26/2021,BAZ,TX,ASW,CE,Federal Contract Tower,0,0,15,11,26,0,0,73,0,73,0,0,88,11,99,128,0,128,227
06/27/2021,BAZ,TX,ASW,CE,Federal Contract Tower,0,3,21,0,24,0,0,10,0,10,0,3,31,0,34,26,0,26,60
06/28/2021,BAZ,TX,ASW,CE,Federal Contract Tower,0,2,15,0,17,0,0,18,0,18,0,2,33,0,35,82,0,82,117
06/29/2021,BAZ,TX,ASW,CE,Federal Contract Tower,0,0,15,8,23,0,0,29,0,29,0,0,44,8,52,56,0,56,108
06/30/2021,BAZ,TX,ASW,CE,Federal Contract Tower,0,1,15,0,16,0,2,45,0,47,0,3,60,0,63,70,0,70,133
07/01/2021,BAZ,TX,ASW,CE,Federal Contract Tower,0,0,36,4,40,0,5,111,0,116,0,5,147,4,156,196,0,196,352
07/02/2021,BAZ,TX,ASW,CE,Federal Contract Tower,0,0,24,0,24,0,0,100,0,100,0,0,124,0,124,194,0,194,318
07/03/2021,BAZ,TX,ASW,CE,Federal Contract Tower,0,0,22,0,22,0,0,53,0,53,0,0,75,0,75,120,0,120,195
07/04/2021,BAZ,TX,ASW,CE,Federal Contract Tower,0,0,4,0,4,0,3,39,0,42,0,3,43,0,46,36,0,36,82
07/05/2021,BAZ,TX,ASW,CE,Federal Contract Tower,0,1,18,0,19,0,0,10,0,10,0,1,28,0,29,16,2,18,47
07/06/2021,BAZ,TX,ASW,CE,Federal Contract Tower,0,0,11,0,11,0,0,10,0,10,0,0,21,0,21,42,0,42,63
07/07/2021,BAZ,TX,ASW,CE,Federal Contract Tower,0,0,32,2,34,0,0,40,0,40,0,0,72,2,74,144,0,144,218
07/08/2021,BAZ,TX,ASW,CE,Federal Contract Tower,0,0,14,8,22,0,2,27,2,31,0,2,41,10,53,154,6,160,213
07/09/2021,BAZ,TX,ASW,CE,Federal Contract Tower,0,0,16,0,16,0,0,2,0,2,0,0,18,0,18,0,0,0,18
07/10/2021,BAZ,TX,ASW,CE,Federal Contract Tower,0,0,18,2,20,0,0,72,0,72,0,0,90,2,92,194,0,194,286
07/11/2021,BAZ,TX,ASW,CE,Federal Contract Tower,0,0,18,0,18,0,0,31,0,31,0,0,49,0,49,152,0,152,201
07/12/2021,BAZ,TX,ASW,CE,Federal Contract Tower,0,2,19,6,27,0,0,62,0,62,0,2,81,6,89,188,2,190,279
07/13/2021,BAZ,TX,ASW,CE,Federal Contract Tower,0,0,28,0,28,0,0,46,0,46,0,0,74,0,74,96,0,96,170
07/14/2021,BAZ,TX,ASW,CE,Federal Contract Tower,0,0,29,0,29,0,0,25,0,25,0,0,54,0,54,64,0,64,118
07/15/2021,BAZ,TX,ASW,CE,Federal Contract Tower,0,3,28,2,33,0,0,86,0,86,0,3,114,2,119,146,0,146,265
07/16/2021,BAZ,TX,ASW,CE,Federal Contract Tower,0,0,22,6,28,0,0,64,0,64,0,0,86,6,92,166,2,168,260
07/17/2021,BAZ,TX,ASW,CE,Federal Contract Tower,0,3,16,4,23,0,0,65,0,65,0,3,81,4,88,140,0,140,228
07/18/2021,BAZ,TX,ASW,CE,Federal Contract Tower,0,0,17,6,23,0,0,51,2,53,0,0,68,8,76,100,8,108,184
07/19/2021,BAZ,TX,ASW,CE,Federal Contract Tower,0,1,29,2,32,0,1,64,0,65,0,2,93,2,97,122,0,122,219
07/20/2021,BAZ,TX,ASW,CE,Federal Contract Tower,0,0,19,8,27,0,0,67,0,67,0,0,86,8,94,182,8,190,284
07/21/2021,BAZ,TX,ASW,CE,Federal Contract Tower,0,2,6,2,10,0,1,57,0,58,0,3,63,2,68,116,2,118,186
07/22/2021,BAZ,TX,ASW,CE,Federal Contract Tower,0,3,17,0,20,0,2,78,2,82,0,5,95,2,102,108,8,116,218
07/23/2021,BAZ,TX,ASW,CE,Federal Contract Tower,0,1,16,6,23,0,0,80,0,80,0,1,96,6,103,154,2,156,259
07/24/2021,BAZ,TX,ASW,CE,Federal Contract Tower,0,0,10,6,16,0,0,64,0,64,0,0,74,6,80,80,24,104,184
07/25/2021,BAZ,TX,ASW,CE,Federal Contract Tower,0,0,16,4,20,0,0,46,0,46,0,0,62,4,66,20,0,20,86
07/26/2021,BAZ,TX,ASW,CE,Federal Contract Tower,0,0,10,6,16,0,0,67,0,67,0,0,77,6,83,176,4,180,263
07/27/2021,BAZ,TX,ASW,CE,Federal Contract Tower,0,4,9,7,20,0,0,69,0,69,0,4,78,7,89,134,16,150,239
07/28/2021,BAZ,TX,ASW,CE,Federal Contract Tower,0,0,27,2,29,0,2,91,0,93,0,2,118,2,122,176,0,176,298
07/29/2021,BAZ,TX,ASW,CE,Federal Contract Tower,0,0,19,6,25,0,2,65,0,67,0,2,84,6,92,96,2,98,190
07/30/2021,BAZ,TX,ASW,CE,Federal Contract Tower,0,3,15,4,22,0,0,74,0,74,0,3,89,4,96,158,0,158,254
07/31/2021,BAZ,TX,ASW,CE,Federal Contract Tower,0,7,9,0,16,0,0,52,0,52,0,7,61,0,68,114,0,114,182
08/01/2021,BAZ,TX,ASW,CE,Federal Contract Tower,0,6,15,0,21,0,0,35,0,35,0,6,50,0,56,46,0,46,102
08/02/2021,BAZ,TX,ASW,CE,Federal Contract Tower,0,7,4,2,13,0,0,10,0,10,0,7,14,2,23,6,2,8,31
08/03/2021,BAZ,TX,ASW,CE,Federal Contract Tower,0,2,22,2,26,0,1,75,0,76,0,3,97,2,102,224,2,226,328
08/04/2021,BAZ,TX,ASW,CE,Federal Contract Tower,0,1,1,11,13,0,2,74,0,76,0,3,75,11,89,120,0,120,209
08/05/2021,BAZ,TX,ASW,CE,Federal Contract Tower,0,2,10,0,12,0,0,26,0,26,0,2,36,0,38,16,0,16,54
08/06/2021,BAZ,TX,ASW,CE,Federal Contract Tower,0,0,25,2,27,0,0,2,75,77,0,0,27,77,104,132,0,132,236
08/07/2021,BAZ,TX,ASW,CE,Federal Contract Tower,0,2,7,0,9,0,0,44,0,44,0,2,51,0,53,90,0,90,143
08/08/2021,BAZ,TX,ASW,CE,Federal Contract Tower,0,4,19,2,25,0,0,34,0,34,0,4,53,2,59,44,0,44,103
08/09/2021,BAZ,TX,ASW,CE,Federal Contract Tower,0,1,12,2,15,0,2,48,0,50,0,3,60,2,65,114,0,114,179
08/10/2021,BAZ,TX,ASW,CE,Federal Contract Tower,0,0,27,4,31,0,2,62,2,66,0,2,89,6,97,76,18,94,191
08/11/2021,BAZ,TX,ASW,CE,Federal Contract Tower,0,1,12,9,22,0,1,50,1,52,0,2,62,10,74,54,4,58,132
08/12/2021,BAZ,TX,ASW,CE,Federal Contract Tower,0,0,23,2,25,0,2,76,0,78,0,2,99,2,103,116,2,118,221
08/13/2021,BAZ,TX,ASW,CE,Federal Contract Tower,0,2,27,14,43,0,3,76,0,79,0,5,103,14,122,106,30,136,258
08/14/2021,BAZ,TX,ASW,CE,Federal Contract Tower,0,4,13,0,17,0,0,68,0,68,0,4,81,0,85,82,0,82,167
08/15/2021,BAZ,TX,ASW,CE,Federal Contract Tower,0,0,20,0,20,0,0,22,0,22,0,0,42,0,42,20,0,20,62
08/16/2021,BAZ,TX,ASW,CE,Federal Contract Tower,0,2,17,7,26,0,2,52,0,54,0,4,69,7,80,102,2,104,184
08/17/2021,BAZ,TX,ASW,CE,Federal Contract Tower,0,1,19,10,30,0,3,61,2,66,0,4,80,12,96,108,8,116,212
08/18/2021,BAZ,TX,ASW,CE,Federal Contract Tower,0,1,29,6,36,0,0,42,2,44,0,1,71,8,80,118,4,122,202
08/19/2021,BAZ,TX,ASW,CE,Federal Contract Tower,0,1,23,14,38,0,1,58,2,61,0,2,81,16,99,118,0,118,217
08/20/2021,BAZ,TX,ASW,CE,Federal Contract Tower,0,3,15,3,21,0,0,54,1,55,0,3,69,4,76,56,16,72,148
08/21/2021,BAZ,TX,ASW,CE,Federal Contract Tower,0,1,10,6,17,0,0,53,0,53,0,1,63,6,70,110,0,110,180
08/22/2021,BAZ,TX,ASW,CE,Federal Contract Tower,0,0,14,2,16,0,0,35,0,35,0,0,49,2,51,26,0,26,77
08/23/2021,BAZ,TX,ASW,CE,Federal Contract Tower,0,0,14,14,28,0,2,56,0,58,0,2,70,14,86,122,6,128,214
08/24/2021,BAZ,TX,ASW,CE,Federal Contract Tower,0,0,17,8,25,0,1,68,3,72,0,1,85,11,97,150,18,168,265
08/25/2021,BAZ,TX,ASW,CE,Federal Contract Tower,0,0,19,0,19,0,0,66,1,67,0,0,85,1,86,120,0,120,206
08/26/2021,BAZ,TX,ASW,CE,Federal Contract Tower,0,2,18,6,26,0,1,43,2,46,0,3,61,8,72,112,8,120,192
08/27/2021,BAZ,TX,ASW,CE,Federal Contract Tower,0,0,11,2,13,0,1,37,0,38,0,1,48,2,51,52,2,54,105
08/28/2021,BAZ,TX,ASW,CE,Federal Contract Tower,0,0,12,2,14,0,0,37,0,37,0,0,49,2,51,60,0,60,111
08/29/2021,BAZ,TX,ASW,CE,Federal Contract Tower,0,0,5,0,5,0,0,20,0,20,0,0,25,0,25,36,0,36,61
08/30/2021,BAZ,TX,ASW,CE,Federal Contract Tower,0,3,14,2,19,0,0,41,0,41,0,3,55,2,60,90,0,90,150
08/31/2021,BAZ,TX,ASW,CE,Federal Contract Tower,0,0,21,11,32,0,1,57,1,59,0,1,78,12,91,132,2,134,225
09/01/2021,BAZ,TX,ASW,CE,Federal Contract Tower,0,1,14,2,17,0,0,43,0,43,0,1,57,2,60,116,2,118,178
09/02/2021,BAZ,TX,ASW,CE,Federal Contract Tower,0,1,29,10,40,0,1,46,0,47,0,2,75,10,87,30,6,36,123
09/03/2021,BAZ,TX,ASW,CE,Federal Contract Tower,0,2,9,4,15,0,0,72,0,72,0,2,81,4,87,88,4,92,179
09/04/2021,BAZ,TX,ASW,CE,Federal Contract Tower,0,1,5,0,6,0,0,37,0,37,0,1,42,0,43,46,0,46,89
09/05/2021,BAZ,TX,ASW,CE,Federal Contract Tower,0,1,12,0,13,0,0,52,0,52,0,1,64,0,65,52,0,52,117
09/06/2021,BAZ,TX,ASW,CE,Federal Contract Tower,0,4,25,0,29,0,0,50,0,50,0,4,75,0,79,102,0,102,181
09/07/2021,BAZ,TX,ASW,CE,Federal Contract Tower,0,4,14,4,22,0,0,65,0,65,0,4,79,4,87,192,4,196,283
09/08/2021,BAZ,TX,ASW,CE,Federal Contract Tower,0,0,11,20,31,0,0,75,0,75,0,0,86,20,106,66,14,80,186
09/09/2021,BAZ,TX,ASW,CE,Federal Contract Tower,0,0,23,12,35,0,6,72,2,80,0,6,95,14,115,84,6,90,205
09/10/2021,BAZ,TX,ASW,CE,Federal Contract Tower,0,0,13,8,21,0,0,77,0,77,0,0,90,8,98,96,0,96,194
09/11/2021,BAZ,TX,ASW,CE,Federal Contract Tower,0,0,10,0,10,0,0,55,0,55,0,0,65,0,65,66,0,66,131
09/12/2021,BAZ,TX,ASW,CE,Federal Contract Tower,0,1,17,8,26,0,0,44,0,44,0,1,61,8,70,80,12,92,162
09/13/2021,BAZ,TX,ASW,CE,Federal Contract Tower,0,6,16,16,38,0,1,21,0,22,0,7,37,16,60,54,8,62,122
09/14/2021,BAZ,TX,ASW,CE,Federal Contract Tower,0,2,23,18,43,0,0,27,0,27,0,2,50,18,70,58,10,68,138
09/15/2021,BAZ,TX,ASW,CE,Federal Contract Tower,0,0,12,16,28,0,0,44,0,44,0,0,56,16,72,132,8,140,212
09/16/2021,BAZ,TX,ASW,CE,Federal Contract Tower,0,0,9,6,15,0,0,58,0,58,0,0,67,6,73,108,4,112,185
09/17/2021,BAZ,TX,ASW,CE,Federal Contract Tower,0,7,8,19,34,0,1,90,0,91,0,8,98,19,125,146,12,158,283
09/18/2021,BAZ,TX,ASW,CE,Federal Contract Tower,0,1,10,11,22,0,0,63,0,63,0,1,73,11,85,88,4,92,177
09/19/2021,BAZ,TX,ASW,CE,Federal Contract Tower,0,0,6,0,6,0,0,43,0,43,0,0,49,0,49,56,0,56,105
09/20/2021,BAZ,TX,ASW,CE,Federal Contract Tower,0,0,14,14,28,0,0,54,0,54,0,0,68,14,82,86,6,92,174
09/21/2021,BAZ,TX,ASW,CE,Federal Contract Tower,0,0,20,24,44,0,0,38,2,40,0,0,58,26,84,96,22,118,202
09/22/2021,BAZ,TX,ASW,CE,Federal Contract Tower,0,2,21,14,37,0,2,57,4,63,0,4,78,18,100,70,24,94,194
09/23/2021,BAZ,TX,ASW,CE,Federal Contract Tower,0,0,17,9,26,0,3,81,1,85,0,3,98,10,111,74,10,84,195
09/24/2021,BAZ,TX,ASW,CE,Federal Contract Tower,0,0,14,22,36,0,0,87,0,87,0,0,101,22,123,186,16,202,325
09/25/2021,BAZ,TX,ASW,CE,Federal Contract Tower,0,0,10,0,10,0,0,56,0,56,0,0,66,0,66,80,0,80,146
09/26/2021,BAZ,TX,ASW,CE,Federal Contract Tower,0,0,10,0,10,0,0,50,0,50,0,0,60,0,60,44,0,44,104
09/27/2021,BAZ,TX,ASW,CE,Federal Contract Tower,0,1,15,24,40,0,0,69,0,69,0,1,84,24,109,98,6,104,213
09/28/2021,BAZ,TX,ASW,CE,Federal Contract Tower,0,1,11,6,18,0,1,53,0,54,0,2,64,6,72,88,0,88,160
09/29/2021,BAZ,TX,ASW,CE,Federal Contract Tower,0,3,9,10,22,0,0,62,0,62,0,3,71,10,84,104,0,104,188
09/30/2021,BAZ,TX,ASW,CE,Federal Contract Tower,0,3,15,8,26,0,2,24,1,27,0,5,39,9,53,56,12,68,121
10/01/2021,BAZ,TX,ASW,CE,Federal Contract Tower,0,3,12,5,20,0,0,45,2,47,0,3,57,7,67,82,16,98,165
10/02/2021,BAZ,TX,ASW,CE,Federal Contract Tower,0,0,6,0,6,0,0,23,0,23,0,0,29,0,29,42,0,42,71
10/03/2021,BAZ,TX,ASW,CE,Federal Contract Tower,0,0,12,0,12,0,0,46,0,46,0,0,58,0,58,50,0,50,108
10/04/2021,BAZ,TX,ASW,CE,Federal Contract Tower,0,4,20,14,38,0,0,57,0,57,0,4,77,14,95,128,6,134,229
10/05/2021,BAZ,TX,ASW,CE,Federal Contract Tower,0,1,27,9,37,0,0,87,2,89,0,1,114,11,126,204,6,210,336
10/06/2021,BAZ,TX,ASW,CE,Federal Contract Tower,0,2,12,5,19,0,5,71,0,76,0,7,83,5,95,76,0,76,171
10/07/2021,BAZ,TX,ASW,CE,Federal Contract Tower,0,0,14,9,23,0,2,65,3,70,0,2,79,12,93,78,6,84,177
10/08/2021,BAZ,TX,ASW,CE,Federal Contract Tower,0,0,18,14,32,0,1,77,0,78,0,1,95,14,110,76,0,76,186
10/09/2021,BAZ,TX,ASW,CE,Federal Contract Tower,0,2,17,0,19,0,1,60,0,61,0,3,77,0,80,100,0,100,180
10/10/2021,BAZ,TX,ASW,CE,Federal Contract Tower,0,0,16,0,16,0,0,21,0,21,0,0,37,0,37,8,0,8,45
10/11/2021,BAZ,TX,ASW,CE,Federal Contract Tower,0,0,17,0,17,0,0,88,0,88,0,0,105,0,105,80,0,80,185
10/12/2021,BAZ,TX,ASW,CE,Federal Contract Tower,0,2,26,10,38,0,0,6,0,6,0,2,32,10,44,0,0,0,44
10/13/2021,BAZ,TX,ASW,CE,Federal Contract Tower,0,0,17,22,39,0,0,8,0,8,0,0,25,22,47,26,0,26,73
10/14/2021,BAZ,TX,ASW,CE,Federal Contract Tower,0,0,18,2,20,0,0,13,0,13,0,0,31,2,33,24,0,24,57
10/15/2021,BAZ,TX,ASW,CE,Federal Contract Tower,0,0,20,0,20,0,0,24,0,24,0,0,44,0,44,20,0,20,64
10/16/2021,BAZ,TX,ASW,CE,Federal Contract Tower,0,1,14,10,25,0,0,46,0,46,0,1,60,10,71,56,0,56,127
10/17/2021,BAZ,TX,ASW,CE,Federal Contract Tower,0,0,18,0,18,0,0,66,0,66,0,0,84,0,84,112,0,112,196
10/18/2021,BAZ,TX,ASW,CE,Federal Contract Tower,0,0,9,3,12,0,1,70,2,73,0,1,79,5,85,130,10,140,225
10/19/2021,BAZ,TX,ASW,CE,Federal Contract Tower,0,1,21,8,30,0,1,56,2,59,0,2,77,10,89,194,10,204,293
10/20/2021,BAZ,TX,ASW,CE,Federal Contract Tower,0,2,18,10,30,0,1,39,2,42,0,3,57,12,72,54,0,54,126
10/21/2021,BAZ,TX,ASW,CE,Federal Contract Tower,0,1,14,3,18,0,2,54,1,57,0,3,68,4,75,80,0,80,155
10/22/2021,BAZ,TX,ASW,CE,Federal Contract Tower,0,1,34,6,41,0,0,69,0,69,0,1,103,6,110,100,0,100,210
10/23/2021,BAZ,TX,ASW,CE,Federal Contract Tower,0,1,15,0,16,0,0,49,0,49,0,1,64,0,65,88,0,88,153
10/24/2021,BAZ,TX,ASW,CE,Federal Contract Tower,0,1,21,3,25,0,0,36,0,36,0,1,57,3,61,40,0,40,101
10/25/2021,BAZ,TX,ASW,CE,Federal Contract Tower,0,0,13,10,23,0,0,43,0,43,0,0,56,10,66,62,0,62,128
10/26/2021,BAZ,TX,ASW,CE,Federal Contract Tower,0,2,22,12,36,0,1,25,0,26,0,3,47,12,62,62,8,70,132
10/27/2021,BAZ,TX,ASW,CE,Federal Contract Tower,0,1,6,4,11,0,2,24,0,26,0,3,30,4,37,34,4,38,75
10/28/2021,BAZ,TX,ASW,CE,Federal Contract Tower,0,2,16,8,26,0,7,43,2,52,0,9,59,10,78,86,4,90,168
10/29/2021,BAZ,TX,ASW,CE,Federal Contract Tower,0,0,14,4,18,0,0,51,2,53,0,0,65,6,71,46,0,46,117
10/30/2021,BAZ,TX,ASW,CE,Federal Contract Tower,0,0,14,2,16,0,0,75,0,75,0,0,89,2,91,72,0,72,163
10/31/2021,BAZ,TX,ASW,CE,Federal Contract Tower,0,1,9,0,10,0,0,47,0,47,0,1,56,0,57,72,0,72,129
11/01/2021,BAZ,TX,ASW,CE,Federal Contract Tower,0,0,12,14,26,0,0,61,2,63,0,0,73,16,89,112,4,116,205
11/02/2021,BAZ,TX,ASW,CE,Federal Contract Tower,0,0,17,14,31,0,0,48,0,48,0,0,65,14,79,139,0,139,218
11/03/2021,BAZ,TX,ASW,CE,Federal Contract Tower,0,0,8,4,12,0,0,0,0,0,0,0,8,4,12,0,4,4,16
11/04/2021,BAZ,TX,ASW,CE,Federal Contract Tower,0,4,28,8,40,0,2,14,0,16,0,6,42,8,56,58,4,62,118
11/05/2021,BAZ,TX,ASW,CE,Federal Contract Tower,0,1,21,11,33,0,4,78,1,83,0,5,99,12,116,150,2,152,268
11/06/2021,BAZ,TX,ASW,CE,Federal Contract Tower,0,0,16,2,18,0,0,83,0,83,0,0,99,2,101,206,0,206,307
11/07/2021,BAZ,TX,ASW,CE,Federal Contract Tower,0,0,19,2,21,0,0,58,1,59,0,0,77,3,80,100,0,100,180
11/08/2021,BAZ,TX,ASW,CE,Federal Contract Tower,0,0,24,4,28,0,0,96,0,96,0,0,120,4,124,178,0,178,302
11/09/2021,BAZ,TX,ASW,CE,Federal Contract Tower,0,0,32,6,38,0,1,49,0,50,0,1,81,6,88,126,0,126,214
11/10/2021,BAZ,TX,ASW,CE,Federal Contract Tower,0,2,18,9,29,0,0,43,0,43,0,2,61,9,72,140,0,140,212
11/11/2021,BAZ,TX,ASW,CE,Federal Contract Tower,0,5,19,0,24,0,2,78,0,80,0,7,97,0,104,110,0,110,214
11/12/2021,BAZ,TX,ASW,CE,Federal Contract Tower,0,1,16,0,17,0,6,76,0,82,0,7,92,0,99,126,0,126,225
11/13/2021,BAZ,TX,ASW,CE,Federal Contract Tower,0,0,13,0,13,0,10,124,0,134,0,10,137,0,147,156,0,156,303
11/14/2021,BAZ,TX,ASW,CE,Federal Contract Tower,0,0,8,4,12,0,4,54,0,58,0,4,62,4,70,44,4,48,118
11/15/2021,BAZ,TX,ASW,CE,Federal Contract Tower,0,0,13,4,17,0,0,35,0,35,0,0,48,4,52,78,0,78,130
11/16/2021,BAZ,TX,ASW,CE,Federal Contract Tower,0,0,13,0,13,0,2,29,0,31,0,2,42,0,44,50,0,50,94
11/17/2021,BAZ,TX,ASW,CE,Federal Contract Tower,0,2,15,0,17,0,3,69,2,74,0,5,84,2,91,84,4,88,179
11/18/2021,BAZ,TX,ASW,CE,Federal Contract Tower,0,5,7,11,23,0,0,37,1,38,0,5,44,12,61,46,4,50,111
11/19/2021,BAZ,TX,ASW,CE,Federal Contract Tower,0,1,15,9,25,0,2,101,3,106,0,3,116,12,131,104,4,108,239
11/20/2021,BAZ,TX,ASW,CE,Federal Contract Tower,0,0,12,0,12,0,0,45,0,45,0,0,57,0,57,100,0,100,157
11/21/2021,BAZ,TX,ASW,CE,Federal Contract Tower,0,3,22,0,25,0,0,13,0,13,0,3,35,0,38,30,0,30,68
11/22/2021,BAZ,TX,ASW,CE,Federal Contract Tower,0,1,15,2,18,0,0,64,2,66,0,1,79,4,84,78,6,84,168
11/23/2021,BAZ,TX,ASW,CE,Federal Contract Tower,0,1,23,2,26,0,2,74,0,76,0,3,97,2,102,112,0,112,214
11/24/2021,BAZ,TX,ASW,CE,Federal Contract Tower,0,2,15,6,23,0,2,53,0,55,0,4,68,6,78,80,14,94,172
11/25/2021,BAZ,TX,ASW,CE,Federal Contract Tower,0,0,3,0,3,0,0,5,0,5,0,0,8,0,8,0,0,0,8
11/26/2021,BAZ,TX,ASW,CE,Federal Contract Tower,0,3,4,0,7,0,0,33,2,35,0,3,37,2,42,24,8,32,74
11/27/2021,BAZ,TX,ASW,CE,Federal Contract Tower,0,0,8,0,8,0,0,1,0,1,0,0,9,0,9,0,0,0,9
11/28/2021,BAZ,TX,ASW,CE,Federal Contract Tower,0,0,18,0,18,0,0,18,0,18,0,0,36,0,36,20,0,20,56
11/29/2021,BAZ,TX,ASW,CE,Federal Contract Tower,0,0,8,6,14,0,0,69,0,69,0,0,77,6,83,92,0,92,175
11/30/2021,BAZ,TX,ASW,CE,Federal Contract Tower,0,0,32,15,47,0,2,76,0,78,0,2,108,15,125,120,0,120,245
12/01/2021,BAZ,TX,ASW,CE,Federal Contract Tower,0,2,13,12,27,0,0,76,0,76,0,2,89,12,103,116,6,122,225
12/02/2021,BAZ,TX,ASW,CE,Federal Contract Tower,0,7,14,3,24,0,0,50,1,51,0,7,64,4,75,46,0,46,121
12/03/2021,BAZ,TX,ASW,CE,Federal Contract Tower,0,0,22,7,29,0,0,34,0,34,0,0,56,7,63,40,0,40,103
12/04/2021,BAZ,TX,ASW,CE,Federal Contract Tower,0,2,22,4,28,0,0,36,0,36,0,2,58,4,64,64,10,74,138
12/05/2021,BAZ,TX,ASW,CE,Federal Contract Tower,0,2,17,0,19,0,0,8,0,8,0,2,25,0,27,28,0,28,55
12/06/2021,BAZ,TX,ASW,CE,Federal Contract Tower,0,0,16,12,28,0,0,19,0,19,0,0,35,12,47,52,8,60,107
12/07/2021,BAZ,TX,ASW,CE,Federal Contract Tower,0,0,20,13,33,0,0,94,1,95,0,0,114,14,128,208,2,210,338
12/08/2021,BAZ,TX,ASW,CE,Federal Contract Tower,0,4,29,9,42,0,1,96,1,98,0,5,125,10,140,186,4,190,330
12/09/2021,BAZ,TX,ASW,CE,Federal Contract Tower,0,2,20,14,36,0,0,23,0,23,0,2,43,14,59,90,8,98,157
12/10/2021,BAZ,TX,ASW,CE,Federal Contract Tower,0,0,21,16,37,0,0,29,0,29,0,0,50,16,66,124,10,134,200
12/11/2021,BAZ,TX,ASW,CE,Federal Contract Tower,0,2,3,0,5,0,0,20,0,20,0,2,23,0,25,60,0,60,85
12/12/2021,BAZ,TX,ASW,CE,Federal Contract Tower,0,2,14,0,16,0,0,75,0,75,0,2,89,0,91,106,0,106,197
12/13/2021,BAZ,TX,ASW,CE,Federal Contract Tower,0,0,20,11,31,0,0,28,1,29,0,0,48,12,60,111,10,121,181
12/14/2021,BAZ,TX,ASW,CE,Federal Contract Tower,0,0,19,2,21,0,0,9,1,10,0,0,28,3,31,52,0,52,83
12/15/2021,BAZ,TX,ASW,CE,Federal Contract Tower,0,2,21,1,24,0,0,40,0,40,0,2,61,1,64,82,0,82,146
12/16/2021,BAZ,TX,ASW,CE,Federal Contract Tower,0,0,44,2,46,0,0,21,0,21,0,0,65,2,67,18,2,20,87
12/17/2021,BAZ,TX,ASW,CE,Federal Contract Tower,0,0,41,7,48,0,0,22,0,22,0,0,63,7,70,64,0,64,134
12/18/2021,BAZ,TX,ASW,CE,Federal Contract Tower,0,2,1,0,3,0,0,5,0,5,0,2,6,0,8,10,0,10,18
12/19/2021,BAZ,TX,ASW,CE,Federal Contract Tower,0,0,8,0,8,0,1,51,0,52,0,1,59,0,60,94,0,94,154
12/20/2021,BAZ,TX,ASW,CE,Federal Contract Tower,0,0,19,2,21,0,1,79,0,80,0,1,98,2,101,128,0,128,229
12/21/2021,BAZ,TX,ASW,CE,Federal Contract Tower,0,0,14,8,22,0,5,83,1,89,0,5,97,9,111,126,6,132,243
12/22/2021,BAZ,TX,ASW,CE,Federal Contract Tower,0,16,6,0,22,0,0,90,2,92,0,16,96,2,114,170,2,172,286
12/23/2021,BAZ,TX,ASW,CE,Federal Contract Tower,0,1,16,0,17,0,0,102,0,102,0,1,118,0,119,46,0,46,165
12/24/2021,BAZ,TX,ASW,CE,Federal Contract Tower,0,0,13,0,13,0,0,11,0,11,0,0,24,0,24,0,0,0,24
12/25/2021,BAZ,TX,ASW,CE,Federal Contract Tower,0,1,4,0,5,0,0,8,0,8,0,1,12,0,13,18,0,18,31
12/26/2021,BAZ,TX,ASW,CE,Federal Contract Tower,0,0,9,0,9,0,0,23,0,23,0,0,32,0,32,24,0,24,56
12/27/2021,BAZ,TX,ASW,CE,Federal Contract Tower,0,2,18,0,20,0,0,33,0,33,0,2,51,0,53,46,0,46,99
12/28/2021,BAZ,TX,ASW,CE,Federal Contract Tower,0,2,15,0,17,0,0,34,0,34,0,2,49,0,51,76,0,76,127
12/29/2021,BAZ,TX,ASW,CE,Federal Contract Tower,0,6,11,10,27,0,0,48,2,50,0,6,59,12,77,76,8,84,161
12/30/2021,BAZ,TX,ASW,CE,Federal Contract Tower,0,0,8,0,8,0,2,81,0,83,0,2,89,0,91,184,0,184,275
12/31/2021,BAZ,TX,ASW,CE,Federal Contract Tower,0,0,22,0,22,0,0,17,0,17,0,0,39,0,39,22,0,22,61
01/01/2022,BAZ,TX,ASW,CE,Federal Contract Tower,0,1,4,0,5,0,0,20,0,20,0,1,24,0,25,18,0,18,43
01/02/2022,BAZ,TX,ASW,CE,Federal Contract Tower,0,1,6,0,7,0,0,12,0,12,0,1,18,0,19,12,0,12,31
01/03/2022,BAZ,TX,ASW,CE,Federal Contract Tower,0,1,13,3,17,0,0,78,0,78,0,1,91,3,95,94,0,94,189
01/04/2022,BAZ,TX,ASW,CE,Federal Contract Tower,0,5,8,0,13,0,0,67,0,67,0,5,75,0,80,108,0,108,188
01/05/2022,BAZ,TX,ASW,CE,Federal Contract Tower,0,2,13,0,15,0,0,100,0,100,0,2,113,0,115,150,0,150,265
01/06/2022,BAZ,TX,ASW,CE,Federal Contract Tower,0,1,10,8,19,0,1,60,2,63,0,2,70,10,82,98,0,98,180
01/07/2022,BAZ,TX,ASW,CE,Federal Contract Tower,0,0,19,6,25,0,0,24,0,24,0,0,43,6,49,44,16,60,109
01/08/2022,BAZ,TX,ASW,CE,Federal Contract Tower,0,2,1,0,3,0,0,0,0,0,0,2,1,0,3,0,0,0,3
01/09/2022,BAZ,TX,ASW,CE,Federal Contract Tower,0,0,9,4,13,0,0,29,0,29,0,0,38,4,42,20,2,22,64
01/10/2022,BAZ,TX,ASW,CE,Federal Contract Tower,0,0,15,4,19,0,0,68,0,68,0,0,83,4,87,78,0,78,165
01/11/2022,BAZ,TX,ASW,CE,Federal Contract Tower,0,0,19,10,29,0,0,46,0,46,0,0,65,10,75,118,0,118,193
01/12/2022,BAZ,TX,ASW,CE,Federal Contract Tower,0,0,14,0,14,0,3,79,0,82,0,3,93,0,96,180,0,180,276
01/13/2022,BAZ,TX,ASW,CE,Federal Contract Tower,0,0,13,0,13,0,0,92,0,92,0,0,105,0,105,128,0,128,233
01/14/2022,BAZ,TX,ASW,CE,Federal Contract Tower,0,0,10,0,10,0,4,82,0,86,0,4,92,0,96,122,0,122,218
01/15/2022,BAZ,TX,ASW,CE,Federal Contract Tower,0,0,7,0,7,0,0,4,0,4,0,0,11,0,11,0,0,0,11
01/16/2022,BAZ,TX,ASW,CE,Federal Contract Tower,0,0,2,0,2,0,0,63,0,63,0,0,65,0,65,66,0,66,131
01/17/2022,BAZ,TX,ASW,CE,Federal Contract Tower,0,0,13,0,13,0,0,84,0,84,0,0,97,0,97,180,0,180,277
01/18/2022,BAZ,TX,ASW,CE,Federal Contract Tower,0,2,7,0,9,0,0,67,0,67,0,2,74,0,76,42,0,42,118
01/19/2022,BAZ,TX,ASW,CE,Federal Contract Tower,0,0,10,0,10,0,9,45,0,54,0,9,55,0,64,62,0,62,126
01/20/2022,BAZ,TX,ASW,CE,Federal Contract Tower,0,0,4,0,4,0,2,5,0,7,0,2,9,0,11,20,0,20,31
01/21/2022,BAZ,TX,ASW,CE,Federal Contract Tower,0,0,16,0,16,0,0,70,0,70,0,0,86,0,86,74,0,74,160
01/22/2022,BAZ,TX,ASW,CE,Federal Contract Tower,0,0,10,0,10,0,0,60,0,60,0,0,70,0,70,56,0,56,126
01/23/2022,BAZ,TX,ASW,CE,Federal Contract Tower,0,0,26,2,28,0,0,35,0,35,0,0,61,2,63,82,0,82,145
01/24/2022,BAZ,TX,ASW,CE,Federal Contract Tower,0,2,10,2,14,0,0,0,0,0,0,2,10,2,14,0,0,0,14
01/25/2022,BAZ,TX,ASW,CE,Federal Contract Tower,0,1,26,2,29,0,0,16,0,16,0,1,42,2,45,24,0,24,69
01/26/2022,BAZ,TX,ASW,CE,Federal Contract Tower,0,2,18,4,24,0,2,59,0,61,0,4,77,4,85,148,0,148,233
01/27/2022,BAZ,TX,ASW,CE,Federal Contract Tower,0,0,18,2,20,0,2,88,0,90,0,2,106,2,110,110,0,110,220
01/28/2022,BAZ,TX,ASW,CE,Federal Contract Tower,0,0,29,0,29,0,0,70,0,70,0,0,99,0,99,86,0,86,185
01/29/2022,BAZ,TX,ASW,CE,Federal Contract Tower,0,2,14,0,16,0,0,92,0,92,0,2,106,0,108,160,0,160,268
01/30/2022,BAZ,TX,ASW,CE,Federal Contract Tower,0,0,12,0,12,0,0,55,0,55,0,0,67,0,67,64,0,64,131
01/31/2022,BAZ,TX,ASW,CE,Federal Contract Tower,0,2,8,2,12,0,0,0,0,0,0,2,8,2,12,0,0,0,12
02/01/2022,BAZ,TX,ASW,CE,Federal Contract Tower,0,0,14,0,14,0,2,44,0,46,0,2,58,0,60,96,0,96,156
02/02/2022,BAZ,TX,ASW,CE,Federal Contract Tower,0,0,4,0,4,0,0,0,0,0,0,0,4,0,4,0,0,0,4
02/03/2022,BAZ,TX,ASW,CE,Federal Contract Tower,0,0,3,0,3,0,0,0,0,0,0,0,3,0,3,0,0,0,3
02/04/2022,BAZ,TX,ASW,CE,Federal Contract Tower,0,3,9,0,12,0,0,18,0,18,0,3,27,0,30,40,0,40,70
02/05/2022,BAZ,TX,ASW,CE,Federal Contract Tower,0,1,14,0,15,0,1,87,0,88,0,2,101,0,103,160,0,160,263
02/06/2022,BAZ,TX,ASW,CE,Federal Contract Tower,0,3,20,0,23,0,0,68,0,68,0,3,88,0,91,96,0,96,187
02/07/2022,BAZ,TX,ASW,CE,Federal Contract Tower,0,2,14,0,16,0,1,49,0,50,0,3,63,0,66,62,0,62,128
02/08/2022,BAZ,TX,ASW,CE,Federal Contract Tower,0,5,18,2,25,0,2,82,2,86,0,7,100,4,111,132,6,138,249
02/09/2022,BAZ,TX,ASW,CE,Federal Contract Tower,0,3,21,0,24,0,3,64,1,68,0,6,85,1,92,128,2,130,222
02/10/2022,BAZ,TX,ASW,CE,Federal Contract Tower,0,0,27,0,27,0,5,94,1,100,0,5,121,1,127,94,0,94,221
02/11/2022,BAZ,TX,ASW,CE,Federal Contract Tower,0,3,17,0,20,0,0,82,2,84,0,3,99,2,104,122,2,124,228
02/12/2022,BAZ,TX,ASW,CE,Federal Contract Tower,0,0,8,6,14,0,3,7,0,10,0,3,15,6,24,0,6,6,30
02/13/2022,BAZ,TX,ASW,CE,Federal Contract Tower,0,2,13,2,17,0,1,52,4,57,0,3,65,6,74,88,0,88,162
02/14/2022,BAZ,TX,ASW,CE,Federal Contract Tower,0,0,16,4,20,0,6,54,0,60,0,6,70,4,80,124,0,124,204
02/15/2022,BAZ,TX,ASW,CE,Federal Contract Tower,0,1,18,3,22,0,0,62,3,65,0,1,80,6,87,92,10,102,189
02/16/2022,BAZ,TX,ASW,CE,Federal Contract Tower,0,6,24,0,30,0,0,27,0,27,0,6,51,0,57,126,0,126,183
02/17/2022,BAZ,TX,ASW,CE,Federal Contract Tower,0,5,17,4,26,0,2,61,2,65,0,7,78,6,91,146,8,154,245
02/18/2022,BAZ,TX,ASW,CE,Federal Contract Tower,0,4,12,0,16,0,2,82,0,84,0,6,94,0,100,192,0,192,292
02/19/2022,BAZ,TX,ASW,CE,Federal Contract Tower,0,2,13,0,15,0,2,100,0,102,0,4,113,0,117,150,0,150,267
02/20/2022,BAZ,TX,ASW,CE,Federal Contract Tower,0,1,17,0,18,0,0,32,0,32,0,1,49,0,50,12,0,12,62
02/21/2022,BAZ,TX,ASW,CE,Federal Contract Tower,0,3,9,0,12,0,0,24,0,24,0,3,33,0,36,48,0,48,84
02/22/2022,BAZ,TX,ASW,CE,Federal Contract Tower,0,5,20,3,28,0,1,88,0,89,0,6,108,3,117,158,0,158,275
02/23/2022,BAZ,TX,ASW,CE,Federal Contract Tower,0,2,13,2,17,0,0,2,0,2,0,2,15,2,19,6,2,8,27
02/24/2022,BAZ,TX,ASW,CE,Federal Contract Tower,0,1,13,6,20,0,0,0,0,0,0,1,13,6,20,0,6,6,26
02/25/2022,BAZ,TX,ASW,CE,Federal Contract Tower,0,0,17,4,21,0,0,13,0,13,0,0,30,4,34,2,0,2,36
02/26/2022,BAZ,TX,ASW,CE,Federal Contract Tower,0,0,10,0,10,0,0,0,0,0,0,0,10,0,10,0,0,0,10
02/27/2022,BAZ,TX,ASW,CE,Federal Contract Tower,0,2,14,4,20,0,0,53,0,53,0,2,67,4,73,100,0,100,173
02/28/2022,BAZ,TX,ASW,CE,Federal Contract Tower,0,1,13,4,18,0,0,91,0,91,0,1,104,4,109,274,2,276,385
03/01/2022,BAZ,TX,ASW,CE,Federal Contract Tower,0,0,17,2,19,0,1,76,0,77,0,1,93,2,96,118,0,118,214
03/02/2022,BAZ,TX,ASW,CE,Federal Contract Tower,0,3,17,12,32,0,2,81,0,83,0,5,98,12,115,216,12,228,343
03/03/2022,BAZ,TX,ASW,CE,Federal Contract Tower,0,1,33,14,48,0,9,97,2,108,0,10,130,16,156,154,36,190,346
03/04/2022,BAZ,TX,ASW,CE,Federal Contract Tower,0,4,23,4,31,0,2,21,0,23,0,6,44,4,54,36,4,40,94
03/05/2022,BAZ,TX,ASW,CE,Federal Contract Tower,0,0,28,0,28,0,0,50,0,50,0,0,78,0,78,58,0,58,136
03/06/2022,BAZ,TX,ASW,CE,Federal Contract Tower,0,2,6,0,8,0,2,10,0,12,0,4,16,0,20,10,0,10,30
03/07/2022,BAZ,TX,ASW,CE,Federal Contract Tower,0,3,10,20,33,0,1,17,0,18,0,4,27,20,51,32,18,50,101
03/08/2022,BAZ,TX,ASW,CE,Federal Contract Tower,0,1,15,2,18,0,0,49,2,51,0,1,64,4,69,184,8,192,261
03/09/2022,BAZ,TX,ASW,CE,Federal Contract Tower,0,1,19,7,27,0,1,81,1,83,0,2,100,8,110,178,12,190,300
03/10/2022,BAZ,TX,ASW,CE,Federal Contract Tower,0,2,16,18,36,0,0,118,4,122,0,2,134,22,158,156,34,190,348
03/11/2022,BAZ,TX,ASW,CE,Federal Contract Tower,0,1,16,4,21,0,0,8,0,8,0,1,24,4,29,32,2,34,63
03/12/2022,BAZ,TX,ASW,CE,Federal Contract Tower,0,1,19,4,24,0,0,135,0,135,0,1,154,4,159,138,4,142,301
03/13/2022,BAZ,TX,ASW,CE,Federal Contract Tower,0,2,14,0,16,0,0,56,0,56,0,2,70,0,72,58,0,58,130
03/14/2022,BAZ,TX,ASW,CE,Federal Contract Tower,0,0,17,6,23,0,0,49,2,51,0,0,66,8,74,116,10,126,200
03/15/2022,BAZ,TX,ASW,CE,Federal Contract Tower,0,2,8,12,22,0,0,66,4,70,0,2,74,16,92,82,6,88,180
03/16/2022,BAZ,TX,ASW,CE,Federal Contract Tower,0,1,16,14,31,0,2,103,0,105,0,3,119,14,136,176,4,180,316
03/17/2022,BAZ,TX,ASW,CE,Federal Contract Tower,0,3,27,2,32,0,0,32,0,32,0,3,59,2,64,70,2,72,136
03/18/2022,BAZ,TX,ASW,CE,Federal Contract Tower,0,2,14,14,30,0,1,64,0,65,0,3,78,14,95,86,2,88,183
03/19/2022,BAZ,TX,ASW,CE,Federal Contract Tower,0,2,18,2,22,0,0,131,0,131,0,2,149,2,153,140,2,142,295
03/20/2022,BAZ,TX,ASW,CE,Federal Contract Tower,0,1,9,0,10,0,1,24,0,25,0,2,33,0,35,30,0,30,65
03/21/2022,BAZ,TX,ASW,CE,Federal Contract Tower,0,0,8,0,8,0,1,1,0,2,0,1,9,0,10,0,0,0,10
03/22/2022,BAZ,TX,ASW,CE,Federal Contract Tower,0,2,6,10,18,0,3,59,2,64,0,5,65,12,82,82,4,86,168
03/23/2022,BAZ,TX,ASW,CE,Federal Contract Tower,0,2,20,5,27,0,4,56,1,61,0,6,76,6,88,104,20,124,212
03/24/2022,BAZ,TX,ASW,CE,Federal Contract Tower,0,1,11,2,14,0,2,68,0,70,0,3,79,2,84,82,2,84,168
03/25/2022,BAZ,TX,ASW,CE,Federal Contract Tower,0,3,15,0,18,0,1,124,0,125,0,4,139,0,143,208,0,208,351
03/26/2022,BAZ,TX,ASW,CE,Federal Contract Tower,0,2,12,6,20,0,0,85,0,85,0,2,97,6,105,114,4,118,223
03/27/2022,BAZ,TX,ASW,CE,Federal Contract Tower,0,1,14,0,15,0,0,33,0,33,0,1,47,0,48,36,0,36,84
03/28/2022,BAZ,TX,ASW,CE,Federal Contract Tower,0,4,23,0,27,0,2,45,0,47,0,6,68,0,74,98,0,98,172
03/29/2022,BAZ,TX,ASW,CE,Federal Contract Tower,0,0,16,2,18,0,0,14,0,14,0,0,30,2,32,44,0,44,76
03/30/2022,BAZ,TX,ASW,CE,Federal Contract Tower,0,3,15,2,20,0,1,28,0,29,0,4,43,2,49,24,2,26,75
03/31/2022,BAZ,TX,ASW,CE,Federal Contract Tower,0,1,16,8,25,0,9,118,0,127,0,10,134,8,152,286,0,286,438
04/01/2022,BAZ,TX,ASW,CE,Federal Contract Tower,0,2,16,2,20,0,3,75,2,80,0,5,91,4,100,132,2,134,234
04/02/2022,BAZ,TX,ASW,CE,Federal Contract Tower,0,1,4,8,13,0,0,97,0,97,0,1,101,8,110,188,8,196,306
04/03/2022,BAZ,TX,ASW,CE,Federal Contract Tower,0,0,13,0,13,0,1,102,0,103,0,1,115,0,116,72,0,72,188
04/04/2022,BAZ,TX,ASW,CE,Federal Contract Tower,0,1,23,0,24,0,0,14,0,14,0,1,37,0,38,44,0,44,82
04/05/2022,BAZ,TX,ASW,CE,Federal Contract Tower,0,4,11,3,18,0,0,71,3,74,0,4,82,6,92,178,4,182,274
04/06/2022,BAZ,TX,ASW,CE,Federal Contract Tower,0,1,13,7,21,0,2,19,5,26,0,3,32,12,47,0,14,14,61
04/07/2022,BAZ,TX,ASW,CE,Federal Contract Tower,0,7,21,2,30,0,5,83,0,88,0,12,104,2,118,202,2,204,322
04/08/2022,BAZ,TX,ASW,CE,Federal Contract Tower,0,1,19,11,31,0,0,84,4,88,0,1,103,15,119,108,6,114,233
04/09/2022,BAZ,TX,ASW,CE,Federal Contract Tower,0,0,4,0,4,0,0,60,0,60,0,0,64,0,64,112,0,112,176
04/10/2022,BAZ,TX,ASW,CE,Federal Contract Tower,0,4,4,0,8,0,0,20,0,20,0,4,24,0,28,0,0,0,28
04/11/2022,BAZ,TX,ASW,CE,Federal Contract Tower,0,6,17,2,25,0,1,27,0,28,0,7,44,2,53,84,0,84,137
04/12/2022,BAZ,TX,ASW,CE,Federal Contract Tower,0,4,14,0,18,0,0,16,2,18,0,4,30,2,36,72,2,74,110
04/13/2022,BAZ,TX,ASW,CE,Federal Contract Tower,0,4,31,4,39,0,4,55,2,61,0,8,86,6,100,90,6,96,196
04/14/2022,BAZ,TX,ASW,CE,Federal Contract Tower,0,3,16,8,27,0,3,106,0,109,0,6,122,8,136,108,10,118,254
04/15/2022,BAZ,TX,ASW,CE,Federal Contract Tower,0,0,22,2,24,0,0,30,0,30,0,0,52,2,54,46,0,46,100
04/16/2022,BAZ,TX,ASW,CE,Federal Contract Tower,0,0,22,2,24,0,0,36,0,36,0,0,58,2,60,104,0,104,164
04/17/2022,BAZ,TX,ASW,CE,Federal Contract Tower,0,3,19,0,22,0,0,9,0,9,0,3,28,0,31,14,0,14,45
04/18/2022,BAZ,TX,ASW,CE,Federal Contract Tower,0,2,15,4,21,0,0,44,0,44,0,2,59,4,65,34,0,34,99
04/19/2022,BAZ,TX,ASW,CE,Federal Contract Tower,0,3,12,4,19,0,0,50,0,50,0,3,62,4,69,96,0,96,165
04/20/2022,BAZ,TX,ASW,CE,Federal Contract Tower,0,5,20,4,29,0,0,34,0,34,0,5,54,4,63,96,4,100,163
04/21/2022,BAZ,TX,ASW,CE,Federal Contract Tower,0,3,30,0,33,0,0,23,0,23,0,3,53,0,56,70,0,70,126
04/22/2022,BAZ,TX,ASW,CE,Federal Contract Tower,0,4,20,1,25,0,0,21,1,22,0,4,41,2,47,42,0,42,89
04/23/2022,BAZ,TX,ASW,CE,Federal Contract Tower,0,1,12,0,13,0,0,11,0,11,0,1,23,0,24,10,0,10,34
04/24/2022,BAZ,TX,ASW,CE,Federal Contract Tower,0,1,10,0,11,0,0,11,0,11,0,1,21,0,22,6,0,6,28
04/25/2022,BAZ,TX,ASW,CE,Federal Contract Tower,0,2,12,0,14,0,0,2,0,2,0,2,14,0,16,0,0,0,16
04/26/2022,BAZ,TX,ASW,CE,Federal Contract Tower,0,4,16,0,20,0,0,56,0,56,0,4,72,0,76,146,0,146,222
04/27/2022,BAZ,TX,ASW,CE,Federal Contract Tower,0,1,39,10,50,0,0,94,0,94,0,1,133,10,144,124,8,132,276
04/28/2022,BAZ,TX,ASW,CE,Federal Contract Tower,0,3,29,12,44,0,1,78,0,79,0,4,107,12,123,138,10,148,271
04/29/2022,BAZ,TX,ASW,CE,Federal Contract Tower,0,1,17,16,34,0,0,68,0,68,0,1,85,16,102,124,12,136,238
04/30/2022,BAZ,TX,ASW,CE,Federal Contract Tower,0,0,17,0,17,0,0,45,0,45,0,0,62,0,62,84,0,84,146
05/01/2022,BAZ,TX,ASW,CE,Federal Contract Tower,0,0,23,0,23,0,0,19,0,19,0,0,42,0,42,24,0,24,66
05/02/2022,BAZ,TX,ASW,CE,Federal Contract Tower,0,1,18,11,30,0,0,40,2,42,0,1,58,13,72,76,2,78,150
05/03/2022,BAZ,TX,ASW,CE,Federal Contract Tower,0,0,34,7,41,0,0,67,1,68,0,0,101,8,109,144,10,154,263
05/04/2022,BAZ,TX,ASW,CE,Federal Contract Tower,0,0,30,4,34,0,0,23,0,23,0,0,53,4,57,78,4,82,139
05/05/2022,BAZ,TX,ASW,CE,Federal Contract Tower,0,4,11,2,17,0,1,26,0,27,0,5,37,2,44,60,2,62,106
05/06/2022,BAZ,TX,ASW,CE,Federal Contract Tower,0,5,27,5,37,0,0,125,0,125,0,5,152,5,162,122,0,122,284
05/07/2022,BAZ,TX,ASW,CE,Federal Contract Tower,0,0,15,0,15,0,0,62,0,62,0,0,77,0,77,68,0,68,145
05/08/2022,BAZ,TX,ASW,CE,Federal Contract Tower,0,0,7,0,7,0,0,28,0,28,0,0,35,0,35,56,0,56,91
05/09/2022,BAZ,TX,ASW,CE,Federal Contract Tower,0,3,34,7,44,0,0,70,3,73,0,3,104,10,117,94,4,98,215
05/10/2022,BAZ,TX,ASW,CE,Federal Contract Tower,0,3,29,14,46,0,5,56,0,61,0,8,85,14,107,152,14,166,273
05/11/2022,BAZ,TX,ASW,CE,Federal Contract Tower,0,2,22,14,38,0,3,53,2,58,0,5,75,16,96,120,14,134,230
05/12/2022,BAZ,TX,ASW,CE,Federal Contract Tower,0,4,32,6,42,0,0,80,4,84,0,4,112,10,126,222,10,232,358
05/13/2022,BAZ,TX,ASW,CE,Federal Contract Tower,0,1,27,6,34,0,1,130,0,131,0,2,157,6,165,280,0,280,445
05/14/2022,BAZ,TX,ASW,CE,Federal Contract Tower,0,0,27,0,27,0,0,121,0,121,0,0,148,0,148,70,0,70,218
05/15/2022,BAZ,TX,ASW,CE,Federal Contract Tower,0,0,12,0,12,0,0,41,0,41,0,0,53,0,53,52,0,52,105
05/16/2022,BAZ,TX,ASW,CE,Federal Contract Tower,0,1,24,22,47,0,0,90,2,92,0,1,114,24,139,152,16,168,307
05/17/2022,BAZ,TX,ASW,CE,Federal Contract Tower,0,1,21,10,32,0,1,104,0,105,0,2,125,10,137,128,10,138,275
05/18/2022,BAZ,TX,ASW,CE,Federal Contract Tower,0,3,26,8,37,0,2,54,2,58,0,5,80,10,95,140,10,150,245
05/19/2022,BAZ,TX,ASW,CE,Federal Contract Tower,0,0,17,10,27,0,0,85,0,85,0,0,102,10,112,116,4,120,232
05/20/2022,BAZ,TX,ASW,CE,Federal Contract Tower,0,2,20,11,33,0,1,35,0,36,0,3,55,11,69,64,4,68,137
05/21/2022,BAZ,TX,ASW,CE,Federal Contract Tower,0,0,14,0,14,0,1,70,0,71,0,1,84,0,85,90,0,90,175
05/22/2022,BAZ,TX,ASW,CE,Federal Contract Tower,0,5,12,0,17,0,1,38,0,39,0,6,50,0,56,24,0,24,80
05/23/2022,BAZ,TX,ASW,CE,Federal Contract Tower,0,4,14,8,26,0,1,27,0,28,0,5,41,8,54,66,6,72,126
05/24/2022,BAZ,TX,ASW,CE,Federal Contract Tower,0,1,14,14,29,0,2,76,2,80,0,3,90,16,109,142,10,152,261
05/25/2022,BAZ,TX,ASW,CE,Federal Contract Tower,0,1,19,14,34,0,1,87,0,88,0,2,106,14,122,132,6,138,260
05/26/2022,BAZ,TX,ASW,CE,Federal Contract Tower,0,7,20,4,31,0,11,162,0,173,0,18,182,4,204,122,4,126,330
05/27/2022,BAZ,TX,ASW,CE,Federal Contract Tower,0,2,27,0,29,0,2,131,0,133,0,4,158,0,162,172,0,172,334
05/28/2022,BAZ,TX,ASW,CE,Federal Contract Tower,0,1,27,0,28,0,0,89,0,89,0,1,116,0,117,144,0,144,261
05/29/2022,BAZ,TX,ASW,CE,Federal Contract Tower,0,0,11,0,11,0,0,23,0,23,0,0,34,0,34,20,0,20,54
05/30/2022,BAZ,TX,ASW,CE,Federal Contract Tower,0,0,13,0,13,0,0,24,0,24,0,0,37,0,37,60,0,60,97
05/31/2022,BAZ,TX,ASW,CE,Federal Contract Tower,0,5,20,7,32,0,3,63,0,66,0,8,83,7,98,164,0,164,262
06/01/2022,BAZ,TX,ASW,CE,Federal Contract Tower,0,1,31,6,38,0,4,37,0,41,0,5,68,6,79,74,2,76,155
06/02/2022,BAZ,TX,ASW,CE,Federal Contract Tower,0,1,17,6,24,0,0,59,0,59,0,1,76,6,83,180,14,194,277
06/03/2022,BAZ,TX,ASW,CE,Federal Contract Tower,0,2,19,6,27,0,2,84,0,86,0,4,103,6,113,132,0,132,245
06/04/2022,BAZ,TX,ASW,CE,Federal Contract Tower,0,2,12,0,14,0,2,109,0,111,0,4,121,0,125,176,0,176,301
06/05/2022,BAZ,TX,ASW,CE,Federal Contract Tower,0,3,29,0,32,0,2,52,0,54,0,5,81,0,86,72,0,72,158
06/06/2022,BAZ,TX,ASW,CE,Federal Contract Tower,0,0,28,6,34,0,1,54,0,55,0,1,82,6,89,70,2,72,161
06/07/2022,BAZ,TX,ASW,CE,Federal Contract Tower,0,1,24,8,33,0,1,49,2,52,0,2,73,10,85,104,2,106,191
06/08/2022,BAZ,TX,ASW,CE,Federal Contract Tower,0,1,21,14,36,0,1,89,0,90,0,2,110,14,126,70,12,82,208
06/09/2022,BAZ,TX,ASW,CE,Federal Contract Tower,0,6,29,4,39,0,3,86,0,89,0,9,115,4,128,82,2,84,212
06/10/2022,BAZ,TX,ASW,CE,Federal Contract Tower,0,2,11,6,19,0,0,77,2,79,0,2,88,8,98,102,4,106,204
06/11/2022,BAZ,TX,ASW,CE,Federal Contract Tower,0,0,9,4,13,0,0,102,0,102,0,0,111,4,115,116,4,120,235
06/12/2022,BAZ,TX,ASW,CE,Federal Contract Tower,0,0,13,0,13,0,0,43,0,43,0,0,56,0,56,60,0,60,116
06/13/2022,BAZ,TX,ASW,CE,Federal Contract Tower,0,1,24,12,37,0,3,56,0,59,0,4,80,12,96,130,8,138,234
06/14/2022,BAZ,TX,ASW,CE,Federal Contract Tower,0,1,24,14,39,0,5,35,0,40,0,6,59,14,79,94,14,108,187
06/15/2022,BAZ,TX,ASW,CE,Federal Contract Tower,0,1,18,0,19,0,1,47,0,48,0,2,65,0,67,82,0,82,149
06/16/2022,BAZ,TX,ASW,CE,Federal Contract Tower,0,1,23,0,24,0,0,89,0,89,0,1,112,0,113,100,0,100,213
06/17/2022,BAZ,TX,ASW,CE,Federal Contract Tower,0,0,10,0,10,0,2,67,0,69,0,2,77,0,79,4,0,4,83
06/18/2022,BAZ,TX,ASW,CE,Federal Contract Tower,0,0,8,0,8,0,0,47,0,47,0,0,55,0,55,10,0,10,65
06/19/2022,BAZ,TX,ASW,CE,Federal Contract Tower,0,1,10,0,11,0,0,59,0,59,0,1,69,0,70,88,0,88,158
06/20/2022,BAZ,TX,ASW,CE,Federal Contract Tower,0,1,27,0,28,0,1,83,0,84,0,2,110,0,112,142,0,142,254
06/21/2022,BAZ,TX,ASW,CE,Federal Contract Tower,0,0,15,1,16,0,0,117,1,118,0,0,132,2,134,122,8,130,264
06/22/2022,BAZ,TX,ASW,CE,Federal Contract Tower,0,3,25,8,36,0,2,78,0,80,0,5,103,8,116,132,8,140,256
06/23/2022,BAZ,TX,ASW,CE,Federal Contract Tower,0,2,42,4,48,0,0,107,2,109,0,2,149,6,157,164,8,172,329
06/24/2022,BAZ,TX,ASW,CE,Federal Contract Tower,0,1,15,12,28,0,0,93,0,93,0,1,108,12,121,186,0,186,307
06/25/2022,BAZ,TX,ASW,CE,Federal Contract Tower,0,4,19,0,23,0,0,91,0,91,0,4,110,0,114,104,0,104,218
06/26/2022,BAZ,TX,ASW,CE,Federal Contract Tower,0,1,17,4,22,0,1,50,0,51,0,2,67,4,73,36,2,38,111
06/27/2022,BAZ,TX,ASW,CE,Federal Contract Tower,0,3,18,2,23,0,0,48,0,48,0,3,66,2,71,120,0,120,191
06/28/2022,BAZ,TX,ASW,CE,Federal Contract Tower,0,2,19,2,23,0,3,30,0,33,0,5,49,2,56,40,0,40,96
06/29/2022,BAZ,TX,ASW,CE,Federal Contract Tower,0,0,29,6,35,0,1,103,0,104,0,1,132,6,139,253,2,255,394
06/30/2022,BAZ,TX,ASW,CE,Federal Contract Tower,0,4,10,6,20,0,0,105,2,107,0,4,115,8,127,212,4,216,343
07/01/2022,BAZ,TX,ASW,CE,Federal Contract Tower,0,3,17,2,22,0,0,70,0,70,0,3,87,2,92,140,0,140,232
07/02/2022,BAZ,TX,ASW,CE,Federal Contract Tower,0,2,7,0,9,0,0,49,0,49,0,2,56,0,58,66,0,66,124
07/03/2022,BAZ,TX,ASW,CE,Federal Contract Tower,0,2,10,0,12,0,0,54,0,54,0,2,64,0,66,90,0,90,156
07/04/2022,BAZ,TX,ASW,CE,Federal Contract Tower,0,4,1,0,5,0,0,89,0,89,0,4,90,0,94,66,0,66,160
07/05/2022,BAZ,TX,ASW,CE,Federal Contract Tower,0,5,23,10,38,0,3,46,0,49,0,8,69,10,87,116,0,116,203
07/06/2022,BAZ,TX,ASW,CE,Federal Contract Tower,0,8,8,6,22,0,0,76,0,76,0,8,84,6,98,128,2,130,228
07/07/2022,BAZ,TX,ASW,CE,Federal Contract Tower,0,3,21,2,26,0,2,82,0,84,0,5,103,2,110,122,2,124,234
07/08/2022,BAZ,TX,ASW,CE,Federal Contract Tower,0,3,20,2,25,0,2,92,2,96,0,5,112,4,121,134,6,140,261
07/09/2022,BAZ,TX,ASW,CE,Federal Contract Tower,0,0,13,0,13,0,3,93,0,96,0,3,106,0,109,146,0,146,255
07/10/2022,BAZ,TX,ASW,CE,Federal Contract Tower,0,0,14,0,14,0,1,42,0,43,0,1,56,0,57,64,0,64,121
07/11/2022,BAZ,TX,ASW,CE,Federal Contract Tower,0,1,9,0,10,0,3,82,0,85,0,4,91,0,95,90,0,90,185
07/12/2022,BAZ,TX,ASW,CE,Federal Contract Tower,0,4,13,12,29,0,0,44,0,44,0,4,57,12,73,68,0,68,141
07/13/2022,BAZ,TX,ASW,CE,Federal Contract Tower,0,1,30,8,39,0,1,85,0,86,0,2,115,8,125,106,6,112,237
07/14/2022,BAZ,TX,ASW,CE,Federal Contract Tower,0,4,24,4,32,0,2,64,0,66,0,6,88,4,98,100,2,102,200
07/15/2022,BAZ,TX,ASW,CE,Federal Contract Tower,0,2,6,18,26,0,2,80,1,83,0,4,86,19,109,152,22,174,283
07/16/2022,BAZ,TX,ASW,CE,Federal Contract Tower,0,3,10,0,13,0,3,51,0,54,0,6,61,0,67,62,0,62,129
07/17/2022,BAZ,TX,ASW,CE,Federal Contract Tower,0,0,13,0,13,0,0,50,0,50,0,0,63,0,63,82,0,82,145
07/18/2022,BAZ,TX,ASW,CE,Federal Contract Tower,0,3,26,10,39,0,1,82,0,83,0,4,108,10,122,158,6,164,286
07/19/2022,BAZ,TX,ASW,CE,Federal Contract Tower,0,0,42,12,54,0,2,78,0,80,0,2,120,12,134,152,0,152,286
07/20/2022,BAZ,TX,ASW,CE,Federal Contract Tower,0,1,20,17,38,0,3,59,1,63,0,4,79,18,101,120,22,142,243
07/21/2022,BAZ,TX,ASW,CE,Federal Contract Tower,0,2,44,12,58,0,4,68,2,74,0,6,112,14,132,124,8,132,264
07/22/2022,BAZ,TX,ASW,CE,Federal Contract Tower,0,2,28,15,45,0,16,86,1,103,0,18,114,16,148,124,8,132,280
07/23/2022,BAZ,TX,ASW,CE,Federal Contract Tower,0,1,18,2,21,0,2,54,0,56,0,3,72,2,77,120,2,122,199
07/24/2022,BAZ,TX,ASW,CE,Federal Contract Tower,0,0,19,4,23,0,0,36,0,36,0,0,55,4,59,42,0,42,101
07/25/2022,BAZ,TX,ASW,CE,Federal Contract Tower,0,0,9,5,14,0,0,60,0,60,0,0,69,5,74,158,0,158,232
07/26/2022,BAZ,TX,ASW,CE,Federal Contract Tower,0,1,19,16,36,0,4,110,0,114,0,5,129,16,150,178,8,186,336
07/27/2022,BAZ,TX,ASW,CE,Federal Contract Tower,0,1,14,10,25,0,0,83,0,83,0,1,97,10,108,146,10,156,264
07/28/2022,BAZ,TX,ASW,CE,Federal Contract Tower,0,0,23,0,23,0,1,89,0,90,0,1,112,0,113,144,0,144,257
07/29/2022,BAZ,TX,ASW,CE,Federal Contract Tower,0,3,27,1,31,0,0,63,1,64,0,3,90,2,95,92,0,92,187
07/30/2022,BAZ,TX,ASW,CE,Federal Contract Tower,0,2,22,0,24,0,1,68,0,69,0,3,90,0,93,74,0,74,167
07/31/2022,BAZ,TX,ASW,CE,Federal Contract Tower,0,1,8,0,9,0,0,31,0,31,0,1,39,0,40,24,0,24,64
08/01/2022,BAZ,TX,ASW,CE,Federal Contract Tower,0,0,24,14,38,0,0,65,0,65,0,0,89,14,103,108,14,122,225
08/02/2022,BAZ,TX,ASW,CE,Federal Contract Tower,0,3,32,6,41,0,3,60,0,63,0,6,92,6,104,82,0,82,186
08/03/2022,BAZ,TX,ASW,CE,Federal Contract Tower,0,0,26,4,30,0,4,51,0,55,0,4,77,4,85,114,2,116,201
08/04/2022,BAZ,TX,ASW,CE,Federal Contract Tower,0,2,28,8,38,0,0,49,0,49,0,2,77,8,87,66,4,70,157
08/05/2022,BAZ,TX,ASW,CE,Federal Contract Tower,0,3,29,4,36,0,2,83,0,85,0,5,112,4,121,154,4,158,279
08/06/2022,BAZ,TX,ASW,CE,Federal Contract Tower,0,0,26,0,26,0,0,51,0,51,0,0,77,0,77,138,0,138,215
08/07/2022,BAZ,TX,ASW,CE,Federal Contract Tower,0,2,8,0,10,0,2,25,0,27,0,4,33,0,37,36,0,36,73
08/08/2022,BAZ,TX,ASW,CE,Federal Contract Tower,0,4,17,10,31,0,1,31,0,32,0,5,48,10,63,50,4,54,117
08/09/2022,BAZ,TX,ASW,CE,Federal Contract Tower,0,1,26,6,33,0,2,80,0,82,0,3,106,6,115,162,0,162,277
08/10/2022,BAZ,TX,ASW,CE,Federal Contract Tower,0,7,24,11,42,0,3,72,1,76,0,10,96,12,118,162,6,168,286
08/11/2022,BAZ,TX,ASW,CE,Federal Contract Tower,0,5,23,4,32,0,0,59,1,60,0,5,82,5,92,118,0,118,210
08/12/2022,BAZ,TX,ASW,CE,Federal Contract Tower,0,3,21,8,32,0,3,91,1,95,0,6,112,9,127,126,6,132,259
08/13/2022,BAZ,TX,ASW,CE,Federal Contract Tower,0,0,18,0,18,0,1,79,0,80,0,1,97,0,98,128,0,128,226
08/14/2022,BAZ,TX,ASW,CE,Federal Contract Tower,0,5,16,0,21,0,1,21,0,22,0,6,37,0,43,16,0,16,59
08/15/2022,BAZ,TX,ASW,CE,Federal Contract Tower,0,5,15,20,40,0,0,63,1,64,0,5,78,21,104,202,16,218,322
08/16/2022,BAZ,TX,ASW,CE,Federal Contract Tower,0,3,29,14,46,0,0,72,0,72,0,3,101,14,118,164,6,170,288
08/17/2022,BAZ,TX,ASW,CE,Federal Contract Tower,0,3,21,10,34,0,2,115,0,117,0,5,136,10,151,238,10,248,399
08/18/2022,BAZ,TX,ASW,CE,Federal Contract Tower,0,3,29,0,32,0,2,61,0,63,0,5,90,0,95,132,0,132,227
08/19/2022,BAZ,TX,ASW,CE,Federal Contract Tower,0,0,14,14,28,0,0,44,0,44,0,0,58,14,72,72,14,86,158
08/20/2022,BAZ,TX,ASW,CE,Federal Contract Tower,0,2,21,4,27,0,0,61,0,61,0,2,82,4,88,98,8,106,194
08/21/2022,BAZ,TX,ASW,CE,Federal Contract Tower,0,1,22,0,23,0,1,17,0,18,0,2,39,0,41,40,0,40,81
08/22/2022,BAZ,TX,ASW,CE,Federal Contract Tower,0,1,19,8,28,0,3,37,0,40,0,4,56,8,68,74,4,78,146
08/23/2022,BAZ,TX,ASW,CE,Federal Contract Tower,0,3,18,2,23,0,1,37,0,38,0,4,55,2,61,48,2,50,111
08/24/2022,BAZ,TX,ASW,CE,Federal Contract Tower,0,4,18,2,24,0,1,29,0,30,0,5,47,2,54,46,2,48,102
08/25/2022,BAZ,TX,ASW,CE,Federal Contract Tower,0,0,19,16,35,0,1,92,0,93,0,1,111,16,128,234,22,256,384
08/26/2022,BAZ,TX,ASW,CE,Federal Contract Tower,0,1,11,8,20,0,3,112,0,115,0,4,123,8,135,176,8,184,319
08/27/2022,BAZ,TX,ASW,CE,Federal Contract Tower,0,1,15,8,24,0,0,52,0,52,0,1,67,8,76,70,0,70,146
08/28/2022,BAZ,TX,ASW,CE,Federal Contract Tower,0,3,19,0,22,0,0,32,0,32,0,3,51,0,54,28,0,28,82
08/29/2022,BAZ,TX,ASW,CE,Federal Contract Tower,0,1,16,12,29,0,1,60,0,61,0,2,76,12,90,122,0,122,212
08/30/2022,BAZ,TX,ASW,CE,Federal Contract Tower,0,2,7,2,11,0,1,5,0,6,0,3,12,2,17,0,0,0,17
08/31/2022,BAZ,TX,ASW,CE,Federal Contract Tower,0,3,17,15,35,0,7,52,1,60,0,10,69,16,95,94,16,110,205
09/01/2022,BAZ,TX,ASW,CE,Federal Contract Tower,0,0,30,10,40,0,2,55,0,57,0,2,85,10,97,148,10,158,255
09/02/2022,BAZ,TX,ASW,CE,Federal Contract Tower,0,1,32,1,34,0,0,56,0,56,0,1,88,1,90,70,0,70,160
09/03/2022,BAZ,TX,ASW,CE,Federal Contract Tower,0,0,10,0,10,0,0,36,0,36,0,0,46,0,46,98,0,98,144
09/04/2022,BAZ,TX,ASW,CE,Federal Contract Tower,0,0,10,0,10,0,0,37,0,37,0,0,47,0,47,54,0,54,101
09/05/2022,BAZ,TX,ASW,CE,Federal Contract Tower,0,2,21,0,23,0,2,78,0,80,0,4,99,0,103,130,0,130,233
09/06/2022,BAZ,TX,ASW,CE,Federal Contract Tower,0,3,27,7,37,0,3,52,3,58,0,6,79,10,95,76,10,86,181
09/07/2022,BAZ,TX,ASW,CE,Federal Contract Tower,0,1,24,6,31,0,4,64,0,68,0,5,88,6,99,108,4,112,211
09/08/2022,BAZ,TX,ASW,CE,Federal Contract Tower,0,5,19,10,34,0,4,98,4,106,0,9,117,14,140,120,8,128,268
09/09/2022,BAZ,TX,ASW,CE,Federal Contract Tower,0,1,19,2,22,0,3,139,0,142,0,4,158,2,164,178,0,178,342
09/10/2022,BAZ,TX,ASW,CE,Federal Contract Tower,0,1,15,7,23,0,0,98,0,98,0,1,113,7,121,142,10,152,273
09/11/2022,BAZ,TX,ASW,CE,Federal Contract Tower,0,4,20,0,24,0,0,50,2,52,0,4,70,2,76,102,0,102,178
09/12/2022,BAZ,TX,ASW,CE,Federal Contract Tower,0,2,13,5,20,0,12,93,2,107,0,14,106,7,127,238,0,238,365
09/13/2022,BAZ,TX,ASW,CE,Federal Contract Tower,0,1,13,9,23,0,2,97,1,100,0,3,110,10,123,148,10,158,281
09/14/2022,BAZ,TX,ASW,CE,Federal Contract Tower,0,1,25,12,38,0,3,103,0,106,0,4,128,12,144,168,10,178,322
09/15/2022,BAZ,TX,ASW,CE,Federal Contract Tower,0,1,38,11,50,0,2,58,1,61,0,3,96,12,111,96,30,126,237
09/16/2022,BAZ,TX,ASW,CE,Federal Contract Tower,0,6,26,4,36,0,0,50,1,51,0,6,76,5,87,92,10,102,189
09/17/2022,BAZ,TX,ASW,CE,Federal Contract Tower,0,0,10,0,10,0,0,56,0,56,0,0,66,0,66,114,0,114,180
09/18/2022,BAZ,TX,ASW,CE,Federal Contract Tower,0,2,24,2,28,0,2,19,0,21,0,4,43,2,49,66,0,66,115
09/19/2022,BAZ,TX,ASW,CE,Federal Contract Tower,0,5,16,12,33,0,2,53,0,55,0,7,69,12,88,88,6,94,182
09/20/2022,BAZ,TX,ASW,CE,Federal Contract Tower,0,2,25,7,34,0,3,79,3,85,0,5,104,10,119,148,10,158,277
09/21/2022,BAZ,TX,ASW,CE,Federal Contract Tower,0,0,23,8,31,0,2,83,0,85,0,2,106,8,116,136,8,144,260
09/22/2022,BAZ,TX,ASW,CE,Federal Contract Tower,0,2,16,4,22,0,2,96,0,98,0,4,112,4,120,64,0,64,184
09/23/2022,BAZ,TX,ASW,CE,Federal Contract Tower,0,0,12,2,14,0,2,125,0,127,0,2,137,2,141,182,0,182,323
09/24/2022,BAZ,TX,ASW,CE,Federal Contract Tower,0,2,12,0,14,0,0,85,0,85,0,2,97,0,99,72,0,72,171
09/25/2022,BAZ,TX,ASW,CE,Federal Contract Tower,0,3,24,0,27,0,0,45,0,45,0,3,69,0,72,94,0,94,166
09/26/2022,BAZ,TX,ASW,CE,Federal Contract Tower,0,1,16,7,24,0,1,64,1,66,0,2,80,8,90,122,0,122,212
09/27/2022,BAZ,TX,ASW,CE,Federal Contract Tower,0,2,23,4,29,0,1,92,0,93,0,3,115,4,122,106,2,108,230
09/28/2022,BAZ,TX,ASW,CE,Federal Contract Tower,0,1,23,9,33,0,3,108,3,114,0,4,131,12,147,198,38,236,383
09/29/2022,BAZ,TX,ASW,CE,Federal Contract Tower,0,0,9,4,13,0,5,136,4,145,0,5,145,8,158,214,2,216,374
09/30/2022,BAZ,TX,ASW,CE,Federal Contract Tower,0,1,18,2,21,0,6,121,5,132,0,7,139,7,153,154,18,172,325
10/01/2022,BAZ,TX,ASW,CE,Federal Contract Tower,0,2,16,0,18,0,0,85,0,85,0,2,101,0,103,100,0,100,203
10/02/2022,BAZ,TX,ASW,CE,Federal Contract Tower,0,0,9,0,9,0,0,53,0,53,0,0,62,0,62,50,0,50,112
10/03/2022,BAZ,TX,ASW,CE,Federal Contract Tower,0,1,29,12,42,0,4,83,2,89,0,5,112,14,131,126,24,150,281
10/04/2022,BAZ,TX,ASW,CE,Federal Contract Tower,0,3,14,12,29,0,2,92,0,94,0,5,106,12,123,142,0,142,265
10/05/2022,BAZ,TX,ASW,CE,Federal Contract Tower,0,2,23,8,33,0,4,79,0,83,0,6,102,8,116,90,38,128,244
10/06/2022,BAZ,TX,ASW,CE,Federal Contract Tower,0,3,26,10,39,0,3,118,4,125,0,6,144,14,164,144,8,152,316
10/07/2022,BAZ,TX,ASW,CE,Federal Contract Tower,0,0,24,12,36,0,5,97,0,102,0,5,121,12,138,170,0,170,308
10/08/2022,BAZ,TX,ASW,CE,Federal Contract Tower,0,2,9,0,11,0,0,83,0,83,0,2,92,0,94,158,0,158,252
10/09/2022,BAZ,TX,ASW,CE,Federal Contract Tower,0,0,17,0,17,0,0,50,2,52,0,0,67,2,69,26,2,28,97
10/10/2022,BAZ,TX,ASW,CE,Federal Contract Tower,0,2,14,0,16,0,0,84,0,84,0,2,98,0,100,122,0,122,222
10/11/2022,BAZ,TX,ASW,CE,Federal Contract Tower,0,2,27,5,34,0,0,103,5,108,0,2,130,10,142,232,6,238,380
10/12/2022,BAZ,TX,ASW,CE,Federal Contract Tower,0,0,30,14,44,0,3,51,2,56,0,3,81,16,100,86,12,98,198
10/13/2022,BAZ,TX,ASW,CE,Federal Contract Tower,0,1,23,8,32,0,4,113,0,117,0,5,136,8,149,116,8,124,273
10/14/2022,BAZ,TX,ASW,CE,Federal Contract Tower,0,8,30,9,47,0,1,62,1,64,0,9,92,10,111,148,22,170,281
10/15/2022,BAZ,TX,ASW,CE,Federal Contract Tower,0,0,10,0,10,0,0,45,0,45,0,0,55,0,55,88,0,88,143
10/16/2022,BAZ,TX,ASW,CE,Federal Contract Tower,0,1,15,2,18,0,0,51,0,51,0,1,66,2,69,128,26,154,223
10/17/2022,BAZ,TX,ASW,CE,Federal Contract Tower,0,5,15,2,22,0,0,5,0,5,0,5,20,2,27,0,0,0,27
10/18/2022,BAZ,TX,ASW,CE,Federal Contract Tower,0,6,21,6,33,0,3,97,0,100,0,9,118,6,133,158,4,162,295
10/19/2022,BAZ,TX,ASW,CE,Federal Contract Tower,0,3,25,8,36,0,4,136,0,140,0,7,161,8,176,246,4,250,426
10/20/2022,BAZ,TX,ASW,CE,Federal Contract Tower,0,4,19,14,37,0,1,61,2,64,0,5,80,16,101,108,10,118,219
10/21/2022,BAZ,TX,ASW,CE,Federal Contract Tower,0,2,32,10,44,0,3,121,0,124,0,5,153,10,168,122,2,124,292
10/22/2022,BAZ,TX,ASW,CE,Federal Contract Tower,0,0,26,0,26,0,3,42,0,45,0,3,68,0,71,10,0,10,81
10/23/2022,BAZ,TX,ASW,CE,Federal Contract Tower,0,0,18,2,20,0,1,26,0,27,0,1,44,2,47,16,0,16,63
10/24/2022,BAZ,TX,ASW,CE,Federal Contract Tower,0,0,24,4,28,0,2,18,0,20,0,2,42,4,48,22,2,24,72
10/25/2022,BAZ,TX,ASW,CE,Federal Contract Tower,0,1,20,2,23,0,7,78,0,85,0,8,98,2,108,120,4,124,232
10/26/2022,BAZ,TX,ASW,CE,Federal Contract Tower,0,4,18,9,31,0,1,145,3,149,0,5,163,12,180,204,10,214,394
10/27/2022,BAZ,TX,ASW,CE,Federal Contract Tower,0,2,34,4,40,0,7,109,0,116,0,9,143,4,156,162,4,166,322
10/28/2022,BAZ,TX,ASW,CE,Federal Contract Tower,0,4,8,0,12,0,2,15,0,17,0,6,23,0,29,8,0,8,37
10/29/2022,BAZ,TX,ASW,CE,Federal Contract Tower,0,2,15,2,19,0,0,70,0,70,0,2,85,2,89,192,0,192,281
10/30/2022,BAZ,TX,ASW,CE,Federal Contract Tower,0,0,11,0,11,0,0,66,0,66,0,0,77,0,77,140,0,140,217
10/31/2022,BAZ,TX,ASW,CE,Federal Contract Tower,0,0,15,16,31,0,4,133,2,139,0,4,148,18,170,154,12,166,336
11/01/2022,BAZ,TX,ASW,CE,Federal Contract Tower,0,2,18,17,37,0,1,45,3,49,0,3,63,20,86,104,28,132,218
11/02/2022,BAZ,TX,ASW,CE,Federal Contract Tower,0,3,14,12,29,0,4,31,0,35,0,7,45,12,64,102,10,112,176
11/03/2022,BAZ,TX,ASW,CE,Federal Contract Tower,0,8,17,8,33,0,3,41,0,44,0,11,58,8,77,62,16,78,155
11/04/2022,BAZ,TX,ASW,CE,Federal Contract Tower,0,2,6,4,12,0,0,15,0,15,0,2,21,4,27,32,4,36,63
11/05/2022,BAZ,TX,ASW,CE,Federal Contract Tower,0,1,15,2,18,0,2,111,0,113,0,3,126,2,131,166,0,166,297
11/06/2022,BAZ,TX,ASW,CE,Federal Contract Tower,0,0,14,0,14,0,2,44,0,46,0,2,58,0,60,82,0,82,142
11/07/2022,BAZ,TX,ASW,CE,Federal Contract Tower,0,1,10,8,19,0,2,32,0,34,0,3,42,8,53,100,0,100,153
11/08/2022,BAZ,TX,ASW,CE,Federal Contract Tower,0,2,21,10,33,0,1,52,2,55,0,3,73,12,88,148,0,148,236
11/09/2022,BAZ,TX,ASW,CE,Federal Contract Tower,0,7,34,13,54,0,2,68,1,71,0,9,102,14,125,112,8,120,245
11/10/2022,BAZ,TX,ASW,CE,Federal Contract Tower,0,5,31,8,44,0,3,109,2,114,0,8,140,10,158,226,14,240,398
11/11/2022,BAZ,TX,ASW,CE,Federal Contract Tower,0,4,12,0,16,0,6,16,0,22,0,10,28,0,38,6,0,6,44
11/12/2022,BAZ,TX,ASW,CE,Federal Contract Tower,0,0,8,1,9,0,0,64,1,65,0,0,72,2,74,92,6,98,172
11/13/2022,BAZ,TX,ASW,CE,Federal Contract Tower,0,1,24,0,25,0,0,52,0,52,0,1,76,0,77,70,0,70,147
11/14/2022,BAZ,TX,ASW,CE,Federal Contract Tower,0,0,12,4,16,0,0,8,0,8,0,0,20,4,24,32,0,32,56
11/15/2022,BAZ,TX,ASW,CE,Federal Contract Tower,0,0,26,14,40,0,11,87,2,100,0,11,113,16,140,150,8,158,298
11/16/2022,BAZ,TX,ASW,CE,Federal Contract Tower,0,5,11,8,24,0,14,68,0,82,0,19,79,8,106,140,0,140,246
11/17/2022,BAZ,TX,ASW,CE,Federal Contract Tower,0,0,15,11,26,0,21,104,1,126,0,21,119,12,152,256,8,264,416
11/18/2022,BAZ,TX,ASW,CE,Federal Contract Tower,0,2,36,12,50,0,2,82,4,88,0,4,118,16,138,140,8,148,286
11/19/2022,BAZ,TX,ASW,CE,Federal Contract Tower,0,0,7,0,7,0,0,0,0,0,0,0,7,0,7,0,0,0,7
11/20/2022,BAZ,TX,ASW,CE,Federal Contract Tower,0,3,19,0,22,0,1,33,0,34,0,4,52,0,56,54,0,54,110
11/21/2022,BAZ,TX,ASW,CE,Federal Contract Tower,0,2,8,0,10,0,0,0,0,0,0,2,8,0,10,0,0,0,10
11/22/2022,BAZ,TX,ASW,CE,Federal Contract Tower,0,1,16,4,21,0,0,0,0,0,0,1,16,4,21,0,4,4,25
11/23/2022,BAZ,TX,ASW,CE,Federal Contract Tower,0,0,16,8,24,0,2,26,0,28,0,2,42,8,52,82,8,90,142
11/24/2022,BAZ,TX,ASW,CE,Federal Contract Tower,0,0,2,0,2,0,0,0,0,0,0,0,2,0,2,0,0,0,2
11/25/2022,BAZ,TX,ASW,CE,Federal Contract Tower,0,0,12,0,12,0,0,2,0,2,0,0,14,0,14,2,0,2,16
11/26/2022,BAZ,TX,ASW,CE,Federal Contract Tower,0,0,15,0,15,0,3,33,0,36,0,3,48,0,51,66,0,66,117
11/27/2022,BAZ,TX,ASW,CE,Federal Contract Tower,0,0,11,0,11,0,0,80,0,80,0,0,91,0,91,98,0,98,189
11/28/2022,BAZ,TX,ASW,CE,Federal Contract Tower,0,0,15,2,17,0,1,144,0,145,0,1,159,2,162,204,2,206,368
11/29/2022,BAZ,TX,ASW,CE,Federal Contract Tower,0,0,29,4,33,0,3,39,0,42,0,3,68,4,75,66,2,68,143
11/30/2022,BAZ,TX,ASW,CE,Federal Contract Tower,0,1,15,10,26,0,3,64,0,67,0,4,79,10,93,100,10,110,203
12/01/2022,BAZ,TX,ASW,CE,Federal Contract Tower,0,1,45,9,55,0,1,35,0,36,0,2,80,9,91,44,8,52,143
12/02/2022,BAZ,TX,ASW,CE,Federal Contract Tower,0,3,9,4,16,0,0,3,0,3,0,3,12,4,19,0,0,0,19
12/03/2022,BAZ,TX,ASW,CE,Federal Contract Tower,0,2,31,0,33,0,0,33,0,33,0,2,64,0,66,76,0,76,142
12/04/2022,BAZ,TX,ASW,CE,Federal Contract Tower,0,0,24,0,24,0,0,0,0,0,0,0,24,0,24,0,0,0,24
12/05/2022,BAZ,TX,ASW,CE,Federal Contract Tower,0,3,23,2,28,0,0,31,0,31,0,3,54,2,59,116,0,116,175
12/06/2022,BAZ,TX,ASW,CE,Federal Contract Tower,0,1,19,8,28,0,1,70,0,71,0,2,89,8,99,164,10,174,273
12/07/2022,BAZ,TX,ASW,CE,Federal Contract Tower,0,4,33,7,44,0,0,61,1,62,0,4,94,8,106,112,18,130,236
12/08/2022,BAZ,TX,ASW,CE,Federal Contract Tower,0,5,24,8,37,0,4,66,0,70,0,9,90,8,107,208,6,214,321
12/09/2022,BAZ,TX,ASW,CE,Federal Contract Tower,0,0,31,8,39,0,1,81,0,82,0,1,112,8,121,154,6,160,281
12/10/2022,BAZ,TX,ASW,CE,Federal Contract Tower,0,2,18,0,20,0,3,44,0,47,0,5,62,0,67,150,0,150,217
12/11/2022,BAZ,TX,ASW,CE,Federal Contract Tower,0,3,23,0,26,0,0,71,0,71,0,3,94,0,97,162,0,162,259
12/12/2022,BAZ,TX,ASW,CE,Federal Contract Tower,0,2,15,6,23,0,0,3,0,3,0,2,18,6,26,14,0,14,40
12/13/2022,BAZ,TX,ASW,CE,Federal Contract Tower,0,2,18,8,28,0,1,61,2,64,0,3,79,10,92,120,6,126,218
12/14/2022,BAZ,TX,ASW,CE,Federal Contract Tower,0,5,15,12,32,0,4,72,2,78,0,9,87,14,110,144,14,158,268
12/15/2022,BAZ,TX,ASW,CE,Federal Contract Tower,0,0,22,8,30,0,3,203,0,206,0,3,225,8,236,258,6,264,500
12/16/2022,BAZ,TX,ASW,CE,Federal Contract Tower,0,1,26,8,35,0,5,124,2,131,0,6,150,10,166,246,6,252,418
12/17/2022,BAZ,TX,ASW,CE,Federal Contract Tower,0,0,18,0,18,0,0,106,0,106,0,0,124,0,124,186,0,186,310
12/18/2022,BAZ,TX,ASW,CE,Federal Contract Tower,0,2,12,0,14,0,1,53,0,54,0,3,65,0,68,128,0,128,196
12/19/2022,BAZ,TX,ASW,CE,Federal Contract Tower,0,0,5,0,5,0,0,0,0,0,0,0,5,0,5,0,0,0,5
12/20/2022,BAZ,TX,ASW,CE,Federal Contract Tower,0,3,9,6,18,0,1,0,0,1,0,4,9,6,19,0,0,0,19
12/21/2022,BAZ,TX,ASW,CE,Federal Contract Tower,0,3,19,6,28,0,1,19,0,20,0,4,38,6,48,68,4,72,120
12/22/2022,BAZ,TX,ASW,CE,Federal Contract Tower,0,0,6,7,13,0,2,24,0,26,0,2,30,7,39,38,4,42,81
12/23/2022,BAZ,TX,ASW,CE,Federal Contract Tower,0,0,6,0,6,0,2,38,0,40,0,2,44,0,46,112,0,112,158
12/24/2022,BAZ,TX,ASW,CE,Federal Contract Tower,0,4,7,0,11,0,0,22,0,22,0,4,29,0,33,12,0,12,45
12/25/2022,BAZ,TX,ASW,CE,Federal Contract Tower,0,0,1,0,1,0,0,10,0,10,0,0,11,0,11,28,0,28,39
12/26/2022,BAZ,TX,ASW,CE,Federal Contract Tower,0,1,8,0,9,0,1,83,0,84,0,2,91,0,93,74,0,74,167
12/27/2022,BAZ,TX,ASW,CE,Federal Contract Tower,0,2,29,0,31,0,2,120,0,122,0,4,149,0,153,162,0,162,315
12/28/2022,BAZ,TX,ASW,CE,Federal Contract Tower,0,2,20,4,26,0,2,99,0,101,0,4,119,4,127,150,4,154,281
12/29/2022,BAZ,TX,ASW,CE,Federal Contract Tower,0,2,18,0,20,0,2,54,0,56,0,4,72,0,76,138,0,138,214
12/30/2022,BAZ,TX,ASW,CE,Federal Contract Tower,0,0,11,0,11,0,3,76,0,79,0,3,87,0,90,162,0,162,252
12/31/2022,BAZ,TX,ASW,CE,Federal Contract Tower,0,0,13,0,13,0,0,93,0,93,0,0,106,0,106,72,0,72,178
01/01/2023,BAZ,TX,ASW,CE,Federal Contract Tower,0,0,11,0,11,0,0,22,0,22,0,0,33,0,33,42,0,42,75
01/02/2023,BAZ,TX,ASW,CE,Federal Contract Tower,0,0,24,0,24,0,0,24,0,24,0,0,48,0,48,56,0,56,104
01/03/2023,BAZ,TX,ASW,CE,Federal Contract Tower,0,2,15,2,19,0,3,108,0,111,0,5,123,2,130,206,0,206,336
01/04/2023,BAZ,TX,ASW,CE,Federal Contract Tower,0,5,18,6,29,0,4,97,0,101,0,9,115,6,130,202,10,212,342
01/05/2023,BAZ,TX,ASW,CE,Federal Contract Tower,0,2,26,8,36,0,2,77,0,79,0,4,103,8,115,140,6,146,261
01/06/2023,BAZ,TX,ASW,CE,Federal Contract Tower,0,2,25,12,39,0,0,60,0,60,0,2,85,12,99,104,0,104,203
01/07/2023,BAZ,TX,ASW,CE,Federal Contract Tower,0,3,4,0,7,0,1,14,0,15,0,4,18,0,22,60,0,60,82
01/08/2023,BAZ,TX,ASW,CE,Federal Contract Tower,0,0,24,0,24,0,2,80,0,82,0,2,104,0,106,174,0,174,280
01/09/2023,BAZ,TX,ASW,CE,Federal Contract Tower,0,0,14,9,23,0,0,70,1,71,0,0,84,10,94,100,4,104,198
01/10/2023,BAZ,TX,ASW,CE,Federal Contract Tower,0,2,17,3,22,0,1,96,1,98,0,3,113,4,120,206,10,216,336
01/11/2023,BAZ,TX,ASW,CE,Federal Contract Tower,0,0,16,2,18,0,5,27,0,32,0,5,43,2,50,76,2,78,128
01/12/2023,BAZ,TX,ASW,CE,Federal Contract Tower,0,2,16,6,24,0,3,65,0,68,0,5,81,6,92,96,4,100,192
01/13/2023,BAZ,TX,ASW,CE,Federal Contract Tower,0,1,14,6,21,0,4,155,0,159,0,5,169,6,180,138,0,138,318
01/14/2023,BAZ,TX,ASW,CE,Federal Contract Tower,0,2,14,0,16,0,1,155,0,156,0,3,169,0,172,222,0,222,394
01/15/2023,BAZ,TX,ASW,CE,Federal Contract Tower,0,0,13,0,13,0,0,50,0,50,0,0,63,0,63,142,0,142,205
01/16/2023,BAZ,TX,ASW,CE,Federal Contract Tower,0,0,31,0,31,0,3,67,0,70,0,3,98,0,101,128,0,128,229
01/17/2023,BAZ,TX,ASW,CE,Federal Contract Tower,0,0,14,2,16,0,2,100,0,102,0,2,114,2,118,168,0,168,286
01/18/2023,BAZ,TX,ASW,CE,Federal Contract Tower,0,0,15,8,23,0,4,48,0,52,0,4,63,8,75,132,4,136,211
01/19/2023,BAZ,TX,ASW,CE,Federal Contract Tower,0,2,22,3,27,0,3,124,0,127,0,5,146,3,154,164,44,208,362
01/20/2023,BAZ,TX,ASW,CE,Federal Contract Tower,0,5,18,4,27,0,4,114,0,118,0,9,132,4,145,232,2,234,379
01/21/2023,BAZ,TX,ASW,CE,Federal Contract Tower,0,0,18,0,18,0,0,20,0,20,0,0,38,0,38,52,0,52,90
01/22/2023,BAZ,TX,ASW,CE,Federal Contract Tower,0,0,19,6,25,0,2,75,2,79,0,2,94,8,104,192,4,196,300
01/23/2023,BAZ,TX,ASW,CE,Federal Contract Tower,0,0,22,5,27,0,6,95,2,103,0,6,117,7,130,192,12,204,334
01/24/2023,BAZ,TX,ASW,CE,Federal Contract Tower,0,1,6,8,15,0,0,9,0,9,0,1,15,8,24,30,2,32,56
01/25/2023,BAZ,TX,ASW,CE,Federal Contract Tower,0,0,12,6,18,0,4,101,0,105,0,4,113,6,123,134,6,140,263
01/26/2023,BAZ,TX,ASW,CE,Federal Contract Tower,0,2,23,5,30,0,5,122,4,131,0,7,145,9,161,184,26,210,371
01/27/2023,BAZ,TX,ASW,CE,Federal Contract Tower,0,0,16,13,29,0,2,97,8,107,0,2,113,21,136,152,8,160,296
01/28/2023,BAZ,TX,ASW,CE,Federal Contract Tower,0,0,5,0,5,0,0,0,0,0,0,0,5,0,5,0,0,0,5
01/29/2023,BAZ,TX,ASW,CE,Federal Contract Tower,0,0,3,0,3,0,0,37,0,37,0,0,40,0,40,78,0,78,118
01/30/2023,BAZ,TX,ASW,CE,Federal Contract Tower,0,0,10,0,10,0,0,0,0,0,0,0,10,0,10,0,0,0,10
01/31/2023,BAZ,TX,ASW,CE,Federal Contract Tower,0,0,4,0,4,0,0,1,0,1,0,0,5,0,5,0,0,0,5
02/01/2023,BAZ,TX,ASW,CE,Federal Contract Tower,0,1,5,0,6,0,0,0,0,0,0,1,5,0,6,0,0,0,6
02/02/2023,BAZ,TX,ASW,CE,Federal Contract Tower,0,3,13,0,16,0,2,2,0,4,0,5,15,0,20,0,0,0,20
02/03/2023,BAZ,TX,ASW,CE,Federal Contract Tower,0,0,12,6,18,0,1,69,4,74,0,1,81,10,92,130,0,130,222
02/04/2023,BAZ,TX,ASW,CE,Federal Contract Tower,0,0,12,0,12,0,1,60,0,61,0,1,72,0,73,108,0,108,181
02/05/2023,BAZ,TX,ASW,CE,Federal Contract Tower,0,2,16,0,18,0,2,118,4,124,0,4,134,4,142,158,10,168,310
02/06/2023,BAZ,TX,ASW,CE,Federal Contract Tower,0,0,15,10,25,0,2,34,0,36,0,2,49,10,61,58,10,68,129
02/07/2023,BAZ,TX,ASW,CE,Federal Contract Tower,0,6,9,20,35,0,0,3,0,3,0,6,12,20,38,16,2,18,56
02/08/2023,BAZ,TX,ASW,CE,Federal Contract Tower,0,2,15,8,25,0,4,33,0,37,0,6,48,8,62,80,8,88,150
02/09/2023,BAZ,TX,ASW,CE,Federal Contract Tower,0,0,27,6,33,0,1,142,0,143,0,1,169,6,176,250,0,250,426
02/10/2023,BAZ,TX,ASW,CE,Federal Contract Tower,0,0,32,8,40,0,4,25,0,29,0,4,57,8,69,22,0,22,91
02/11/2023,BAZ,TX,ASW,CE,Federal Contract Tower,0,0,25,0,25,0,0,134,0,134,0,0,159,0,159,202,0,202,361
02/12/2023,BAZ,TX,ASW,CE,Federal Contract Tower,0,0,15,0,15,0,0,120,0,120,0,0,135,0,135,168,0,168,303
02/13/2023,BAZ,TX,ASW,CE,Federal Contract Tower,0,0,20,14,34,0,4,66,0,70,0,4,86,14,104,140,8,148,252
02/14/2023,BAZ,TX,ASW,CE,Federal Contract Tower,0,0,10,4,14,0,5,50,0,55,0,5,60,4,69,58,0,58,127
02/15/2023,BAZ,TX,ASW,CE,Federal Contract Tower,0,4,17,4,25,0,7,52,0,59,0,11,69,4,84,66,0,66,150
02/16/2023,BAZ,TX,ASW,CE,Federal Contract Tower,0,3,15,1,19,0,0,40,3,43,0,3,55,4,62,16,8,24,86
02/17/2023,BAZ,TX,ASW,CE,Federal Contract Tower,0,1,39,4,44,0,10,123,0,133,0,11,162,4,177,212,2,214,391
02/18/2023,BAZ,TX,ASW,CE,Federal Contract Tower,0,0,17,0,17,0,0,131,0,131,0,0,148,0,148,186,0,186,334
02/19/2023,BAZ,TX,ASW,CE,Federal Contract Tower,0,0,15,0,15,0,0,57,0,57,0,0,72,0,72,82,0,82,154
02/20/2023,BAZ,TX,ASW,CE,Federal Contract Tower,0,0,41,0,41,0,0,61,0,61,0,0,102,0,102,62,0,62,164
02/21/2023,BAZ,TX,ASW,CE,Federal Contract Tower,0,3,16,4,23,0,2,84,2,88,0,5,100,6,111,72,2,74,185
02/22/2023,BAZ,TX,ASW,CE,Federal Contract Tower,0,1,25,7,33,0,3,44,1,48,0,4,69,8,81,56,8,64,145
02/23/2023,BAZ,TX,ASW,CE,Federal Contract Tower,0,0,26,4,30,0,1,34,0,35,0,1,60,4,65,84,2,86,151
02/24/2023,BAZ,TX,ASW,CE,Federal Contract Tower,0,4,23,16,43,0,2,14,0,16,0,6,37,16,59,6,6,12,71
02/25/2023,BAZ,TX,ASW,CE,Federal Contract Tower,0,6,23,0,29,0,0,13,0,13,0,6,36,0,42,10,0,10,52
02/26/2023,BAZ,TX,ASW,CE,Federal Contract Tower,0,0,21,0,21,0,0,13,0,13,0,0,34,0,34,34,0,34,68
02/27/2023,BAZ,TX,ASW,CE,Federal Contract Tower,0,2,12,6,20,0,6,113,0,119,0,8,125,6,139,156,0,156,295
02/28/2023,BAZ,TX,ASW,CE,Federal Contract Tower,0,2,10,6,18,0,4,91,0,95,0,6,101,6,113,122,0,122,235
03/01/2023,BAZ,TX,ASW,CE,Federal Contract Tower,0,0,23,14,37,0,2,48,0,50,0,2,71,14,87,100,14,114,201
03/02/2023,BAZ,TX,ASW,CE,Federal Contract Tower,0,2,17,4,23,0,5,18,0,23,0,7,35,4,46,12,6,18,64
03/03/2023,BAZ,TX,ASW,CE,Federal Contract Tower,0,0,27,9,36,0,3,77,1,81,0,3,104,10,117,214,10,224,341
03/04/2023,BAZ,TX,ASW,CE,Federal Contract Tower,0,1,14,0,15,0,33,146,0,179,0,34,160,0,194,180,0,180,374
03/05/2023,BAZ,TX,ASW,CE,Federal Contract Tower,0,0,15,0,15,0,2,42,0,44,0,2,57,0,59,42,0,42,101
03/06/2023,BAZ,TX,ASW,CE,Federal Contract Tower,0,9,28,6,43,0,24,50,2,76,0,33,78,8,119,52,4,56,175
03/07/2023,BAZ,TX,ASW,CE,Federal Contract Tower,0,3,28,10,41,0,4,19,0,23,0,7,47,10,64,14,0,14,78
03/08/2023,BAZ,TX,ASW,CE,Federal Contract Tower,0,4,19,6,29,0,18,45,2,65,0,22,64,8,94,116,4,120,214
03/09/2023,BAZ,TX,ASW,CE,Federal Contract Tower,0,5,22,8,35,0,9,52,0,61,0,14,74,8,96,112,8,120,216
03/10/2023,BAZ,TX,ASW,CE,Federal Contract Tower,0,3,19,8,30,0,4,74,1,79,0,7,93,9,109,112,2,114,223
03/11/2023,BAZ,TX,ASW,CE,Federal Contract Tower,0,4,16,2,22,0,5,67,0,72,0,9,83,2,94,106,0,106,200
03/12/2023,BAZ,TX,ASW,CE,Federal Contract Tower,0,7,9,1,17,0,10,57,1,68,0,17,66,2,85,72,20,92,177
03/13/2023,BAZ,TX,ASW,CE,Federal Contract Tower,0,1,23,10,34,0,4,39,5,48,0,5,62,15,82,24,22,46,128
03/14/2023,BAZ,TX,ASW,CE,Federal Contract Tower,0,2,25,5,32,0,31,65,8,104,0,33,90,13,136,130,16,146,282
03/15/2023,BAZ,TX,ASW,CE,Federal Contract Tower,0,5,34,6,45,0,27,86,1,114,0,32,120,7,159,118,16,134,293
03/16/2023,BAZ,TX,ASW,CE,Federal Contract Tower,0,3,16,0,19,0,1,20,0,21,0,4,36,0,40,40,0,40,80
03/17/2023,BAZ,TX,ASW,CE,Federal Contract Tower,0,7,13,3,23,0,5,29,1,35,0,12,42,4,58,70,10,80,138
03/18/2023,BAZ,TX,ASW,CE,Federal Contract Tower,0,3,10,0,13,0,1,43,0,44,0,4,53,0,57,68,0,68,125
03/19/2023,BAZ,TX,ASW,CE,Federal Contract Tower,0,4,17,0,21,0,20,67,0,87,0,24,84,0,108,100,0,100,208
03/20/2023,BAZ,TX,ASW,CE,Federal Contract Tower,0,1,16,4,21,0,9,52,4,65,0,10,68,8,86,114,16,130,216
03/21/2023,BAZ,TX,ASW,CE,Federal Contract Tower,0,0,12,0,12,0,0,0,0,0,0,0,12,0,12,0,0,0,12
03/22/2023,BAZ,TX,ASW,CE,Federal Contract Tower,0,8,25,7,40,0,12,37,1,50,0,20,62,8,90,99,13,112,202
03/23/2023,BAZ,TX,ASW,CE,Federal Contract Tower,0,2,30,16,48,0,2,37,2,41,0,4,67,18,89,64,24,88,177
03/24/2023,BAZ,TX,ASW,CE,Federal Contract Tower,0,4,23,2,29,0,2,59,0,61,0,6,82,2,90,120,0,120,210
03/25/2023,BAZ,TX,ASW,CE,Federal Contract Tower,0,0,21,0,21,0,19,132,0,151,0,19,153,0,172,146,0,146,318
03/26/2023,BAZ,TX,ASW,CE,Federal Contract Tower,0,2,30,0,32,0,11,30,0,41,0,13,60,0,73,64,0,64,137
03/27/2023,BAZ,TX,ASW,CE,Federal Contract Tower,0,0,31,8,39,0,15,54,0,69,0,15,85,8,108,96,0,96,204
03/28/2023,BAZ,TX,ASW,CE,Federal Contract Tower,0,0,14,2,16,0,2,9,2,13,0,2,23,4,29,0,2,2,31
03/29/2023,BAZ,TX,ASW,CE,Federal Contract Tower,0,0,27,4,31,0,45,77,0,122,0,45,104,4,153,132,4,136,289
03/30/2023,BAZ,TX,ASW,CE,Federal Contract Tower,0,2,31,2,35,0,1,2,0,3,0,3,33,2,38,10,2,12,50
03/31/2023,BAZ,TX,ASW,CE,Federal Contract Tower,0,2,27,8,37,0,14,55,0,69,0,16,82,8,106,86,10,96,202
04/01/2023,BAZ,TX,ASW,CE,Federal Contract Tower,0,0,13,0,13,0,8,150,0,158,0,8,163,0,171,208,0,208,379
04/02/2023,BAZ,TX,ASW,CE,Federal Contract Tower,0,1,19,2,22,0,9,19,0,28,0,10,38,2,50,28,2,30,80
04/03/2023,BAZ,TX,ASW,CE,Federal Contract Tower,0,0,26,14,40,0,10,52,0,62,0,10,78,14,102,110,0,110,212
04/04/2023,BAZ,TX,ASW,CE,Federal Contract Tower,0,3,23,15,41,0,5,40,1,46,0,8,63,16,87,52,20,72,159
04/05/2023,BAZ,TX,ASW,CE,Federal Contract Tower,0,0,13,8,21,0,13,20,0,33,0,13,33,8,54,16,8,24,78
04/06/2023,BAZ,TX,ASW,CE,Federal Contract Tower,0,4,1,0,5,0,0,0,0,0,0,4,1,0,5,0,0,0,5
04/07/2023,BAZ,TX,ASW,CE,Federal Contract Tower,0,0,10,0,10,0,0,0,0,0,0,0,10,0,10,0,0,0,10
04/08/2023,BAZ,TX,ASW,CE,Federal Contract Tower,0,0,19,0,19,0,1,21,0,22,0,1,40,0,41,56,0,56,97
04/09/2023,BAZ,TX,ASW,CE,Federal Contract Tower,0,0,14,0,14,0,0,45,0,45,0,0,59,0,59,94,0,94,153
04/10/2023,BAZ,TX,ASW,CE,Federal Contract Tower,0,0,20,18,38,0,15,21,0,36,0,15,41,18,74,60,0,60,134
04/11/2023,BAZ,TX,ASW,CE,Federal Contract Tower,0,0,22,12,34,0,14,87,0,101,0,14,109,12,135,174,6,180,315
04/12/2023,BAZ,TX,ASW,CE,Federal Contract Tower,0,0,35,3,38,0,60,89,3,152,0,60,124,6,190,178,30,208,398
04/13/2023,BAZ,TX,ASW,CE,Federal Contract Tower,0,0,33,6,39,0,37,68,0,105,0,37,101,6,144,124,2,126,270
04/14/2023,BAZ,TX,ASW,CE,Federal Contract Tower,0,3,28,9,40,0,11,14,1,26,0,14,42,10,66,54,10,64,130
04/15/2023,BAZ,TX,ASW,CE,Federal Contract Tower,0,3,20,1,24,0,29,30,1,60,0,32,50,2,84,50,14,64,148
04/16/2023,BAZ,TX,ASW,CE,Federal Contract Tower,0,0,6,8,14,0,3,62,1,66,0,3,68,9,80,78,8,86,166
04/17/2023,BAZ,TX,ASW,CE,Federal Contract Tower,0,3,20,14,37,0,6,85,4,95,0,9,105,18,132,124,14,138,270
04/18/2023,BAZ,TX,ASW,CE,Federal Contract Tower,0,2,20,20,42,0,4,9,2,15,0,6,29,22,57,28,40,68,125
04/19/2023,BAZ,TX,ASW,CE,Federal Contract Tower,0,0,28,8,36,0,2,24,2,28,0,2,52,10,64,54,4,58,122
04/20/2023,BAZ,TX,ASW,CE,Federal Contract Tower,0,2,13,6,21,0,3,15,3,21,0,5,28,9,42,44,8,52,94
04/21/2023,BAZ,TX,ASW,CE,Federal Contract Tower,0,4,29,4,37,0,46,41,0,87,0,50,70,4,124,64,0,64,188
04/22/2023,BAZ,TX,ASW,CE,Federal Contract Tower,0,0,13,0,13,0,34,96,1,131,0,34,109,1,144,154,0,154,298
04/23/2023,BAZ,TX,ASW,CE,Federal Contract Tower,0,4,15,0,19,0,0,1,0,1,0,4,16,0,20,0,0,0,20
04/24/2023,BAZ,TX,ASW,CE,Federal Contract Tower,0,6,26,6,38,0,12,33,0,45,0,18,59,6,83,88,4,92,175
04/25/2023,BAZ,TX,ASW,CE,Federal Contract Tower,0,5,34,2,41,0,15,3,0,18,0,20,37,2,59,22,0,22,81
04/26/2023,BAZ,TX,ASW,CE,Federal Contract Tower,0,6,20,8,34,0,19,30,0,49,0,25,50,8,83,86,0,86,169
04/27/2023,BAZ,TX,ASW,CE,Federal Contract Tower,0,6,28,11,45,0,11,59,1,71,0,17,87,12,116,110,12,122,238
04/28/2023,BAZ,TX,ASW,CE,Federal Contract Tower,0,2,16,18,36,0,2,29,0,31,0,4,45,18,67,20,0,20,87
04/29/2023,BAZ,TX,ASW,CE,Federal Contract Tower,0,0,3,0,3,0,0,16,0,16,0,0,19,0,19,6,0,6,25
04/30/2023,BAZ,TX,ASW,CE,Federal Contract Tower,0,2,10,0,12,0,4,80,0,84,0,6,90,0,96,128,0,128,224
05/01/2023,BAZ,TX,ASW,CE,Federal Contract Tower,0,2,16,18,36,0,20,69,2,91,0,22,85,20,127,138,6,144,271
05/02/2023,BAZ,TX,ASW,CE,Federal Contract Tower,0,4,15,6,25,0,1,40,2,43,0,5,55,8,68,158,0,158,226
05/03/2023,BAZ,TX,ASW,CE,Federal Contract Tower,0,3,17,8,28,0,14,84,3,101,0,17,101,11,129,154,10,164,293
05/04/2023,BAZ,TX,ASW,CE,Federal Contract Tower,0,1,20,10,31,0,16,43,0,59,0,17,63,10,90,72,6,78,168
05/05/2023,BAZ,TX,ASW,CE,Federal Contract Tower,0,2,27,8,37,0,12,42,1,55,0,14,69,9,92,160,8,168,260
05/06/2023,BAZ,TX,ASW,CE,Federal Contract Tower,0,0,14,0,14,0,0,30,0,30,0,0,44,0,44,74,0,74,118
05/07/2023,BAZ,TX,ASW,CE,Federal Contract Tower,0,2,10,0,12,0,2,14,0,16,0,4,24,0,28,42,0,42,70
05/08/2023,BAZ,TX,ASW,CE,Federal Contract Tower,0,5,12,22,39,0,14,56,2,72,0,19,68,24,111,176,14,190,301
05/09/2023,BAZ,TX,ASW,CE,Federal Contract Tower,0,1,13,0,14,0,1,4,0,5,0,2,17,0,19,4,0,4,23
05/10/2023,BAZ,TX,ASW,CE,Federal Contract Tower,0,2,22,6,30,0,17,25,0,42,0,19,47,6,72,124,2,126,198
05/11/2023,BAZ,TX,ASW,CE,Federal Contract Tower,0,2,35,9,46,0,2,11,1,14,0,4,46,10,60,12,4,16,76
05/12/2023,BAZ,TX,ASW,CE,Federal Contract Tower,0,7,16,0,23,0,1,16,0,17,0,8,32,0,40,22,0,22,62
05/13/2023,BAZ,TX,ASW,CE,Federal Contract Tower,0,0,11,0,11,0,12,15,0,27,0,12,26,0,38,30,0,30,68
05/14/2023,BAZ,TX,ASW,CE,Federal Contract Tower,0,0,5,0,5,0,11,15,0,26,0,11,20,0,31,30,0,30,61
05/15/2023,BAZ,TX,ASW,CE,Federal Contract Tower,0,1,18,0,19,0,1,16,0,17,0,2,34,0,36,16,0,16,52
05/16/2023,BAZ,TX,ASW,CE,Federal Contract Tower,0,2,16,2,20,0,39,30,0,69,0,41,46,2,89,96,0,96,185
05/17/2023,BAZ,TX,ASW,CE,Federal Contract Tower,0,3,15,6,24,0,40,80,2,122,0,43,95,8,146,114,12,126,272
05/18/2023,BAZ,TX,ASW,CE,Federal Contract Tower,0,0,25,4,29,0,47,89,0,136,0,47,114,4,165,162,2,164,329
05/19/2023,BAZ,TX,ASW,CE,Federal Contract Tower,0,0,15,5,20,0,29,60,1,90,0,29,75,6,110,96,0,96,206
05/20/2023,BAZ,TX,ASW,CE,Federal Contract Tower,0,3,13,4,20,0,2,40,0,42,0,5,53,4,62,56,8,64,126
05/21/2023,BAZ,TX,ASW,CE,Federal Contract Tower,0,0,15,2,17,0,0,21,0,21,0,0,36,2,38,14,0,14,52
05/22/2023,BAZ,TX,ASW,CE,Federal Contract Tower,0,0,17,4,21,0,70,68,0,138,0,70,85,4,159,170,2,172,331
05/23/2023,BAZ,TX,ASW,CE,Federal Contract Tower,0,2,18,14,34,0,42,67,0,109,0,44,85,14,143,174,12,186,329
05/24/2023,BAZ,TX,ASW,CE,Federal Contract Tower,0,0,23,10,33,0,11,72,0,83,0,11,95,10,116,232,4,236,352
05/25/2023,BAZ,TX,ASW,CE,Federal Contract Tower,0,2,15,19,36,0,22,66,1,89,0,24,81,20,125,152,30,182,307
05/26/2023,BAZ,TX,ASW,CE,Federal Contract Tower,0,5,39,0,44,0,36,106,0,142,0,41,145,0,186,120,0,120,306
05/27/2023,BAZ,TX,ASW,CE,Federal Contract Tower,0,2,15,0,17,0,22,77,0,99,0,24,92,0,116,160,0,160,276
05/28/2023,BAZ,TX,ASW,CE,Federal Contract Tower,0,0,11,0,11,0,0,54,0,54,0,0,65,0,65,120,0,120,185
05/29/2023,BAZ,TX,ASW,CE,Federal Contract Tower,0,4,28,0,32,0,12,43,0,55,0,16,71,0,87,146,0,146,233
05/30/2023,BAZ,TX,ASW,CE,Federal Contract Tower,0,7,16,6,29,0,29,60,0,89,0,36,76,6,118,78,0,78,196
05/31/2023,BAZ,TX,ASW,CE,Federal Contract Tower,0,1,19,6,26,0,79,53,2,134,0,80,72,8,160,146,10,156,316
06/01/2023,BAZ,TX,ASW,CE,Federal Contract Tower,0,2,28,1,31,0,14,51,1,66,0,16,79,2,97,134,4,138,235
06/02/2023,BAZ,TX,ASW,CE,Federal Contract Tower,0,3,15,10,28,0,13,82,0,95,0,16,97,10,123,58,2,60,183
06/03/2023,BAZ,TX,ASW,CE,Federal Contract Tower,0,0,17,0,17,0,4,76,0,80,0,4,93,0,97,170,0,170,267
06/04/2023,BAZ,TX,ASW,CE,Federal Contract Tower,0,0,7,0,7,0,0,36,0,36,0,0,43,0,43,48,0,48,91
06/05/2023,BAZ,TX,ASW,CE,Federal Contract Tower,0,0,18,17,35,0,18,54,1,73,0,18,72,18,108,82,4,86,194
06/06/2023,BAZ,TX,ASW,CE,Federal Contract Tower,0,0,19,2,21,0,11,38,0,49,0,11,57,2,70,86,2,88,158
06/07/2023,BAZ,TX,ASW,CE,Federal Contract Tower,0,5,10,6,21,0,24,56,0,80,0,29,66,6,101,132,4,136,237
06/08/2023,BAZ,TX,ASW,CE,Federal Contract Tower,0,4,23,10,37,0,9,55,2,66,0,13,78,12,103,60,12,72,175
06/09/2023,BAZ,TX,ASW,CE,Federal Contract Tower,0,3,19,7,29,0,17,75,1,93,0,20,94,8,122,80,6,86,208
06/10/2023,BAZ,TX,ASW,CE,Federal Contract Tower,0,3,21,0,24,0,18,82,0,100,0,21,103,0,124,138,0,138,262
06/11/2023,BAZ,TX,ASW,CE,Federal Contract Tower,0,9,19,2,30,0,0,55,0,55,0,9,74,2,85,56,0,56,141
06/12/2023,BAZ,TX,ASW,CE,Federal Contract Tower,0,2,15,10,27,0,2,46,0,48,0,4,61,10,75,72,2,74,149
06/13/2023,BAZ,TX,ASW,CE,Federal Contract Tower,0,0,40,4,44,0,1,30,0,31,0,1,70,4,75,52,0,52,127
06/14/2023,BAZ,TX,ASW,CE,Federal Contract Tower,0,6,33,14,53,0,28,30,0,58,0,34,63,14,111,100,8,108,219
06/15/2023,BAZ,TX,ASW,CE,Federal Contract Tower,0,2,35,20,57,0,1,27,0,28,0,3,62,20,85,28,4,32,117
06/16/2023,BAZ,TX,ASW,CE,Federal Contract Tower,0,4,7,12,23,0,33,61,0,94,0,37,68,12,117,150,6,156,273
06/17/2023,BAZ,TX,ASW,CE,Federal Contract Tower,0,3,16,0,19,0,6,45,0,51,0,9,61,0,70,112,0,112,182
06/18/2023,BAZ,TX,ASW,CE,Federal Contract Tower,0,0,18,0,18,0,0,38,0,38,0,0,56,0,56,36,0,36,92
06/19/2023,BAZ,TX,ASW,CE,Federal Contract Tower,0,2,25,0,27,0,16,42,0,58,0,18,67,0,85,60,0,60,145
06/20/2023,BAZ,TX,ASW,CE,Federal Contract Tower,0,6,22,8,36,0,32,41,0,73,0,38,63,8,109,72,0,72,181
06/21/2023,BAZ,TX,ASW,CE,Federal Contract Tower,0,2,28,4,34,0,19,53,0,72,0,21,81,4,106,114,0,114,220
06/22/2023,BAZ,TX,ASW,CE,Federal Contract Tower,0,4,22,4,30,0,2,26,0,28,0,6,48,4,58,62,2,64,122
06/23/2023,BAZ,TX,ASW,CE,Federal Contract Tower,0,2,24,14,40,0,9,71,0,80,0,11,95,14,120,110,8,118,238
06/24/2023,BAZ,TX,ASW,CE,Federal Contract Tower,0,2,15,0,17,0,17,46,0,63,0,19,61,0,80,70,0,70,150
06/25/2023,BAZ,TX,ASW,CE,Federal Contract Tower,0,1,36,0,37,0,6,58,0,64,0,7,94,0,101,88,0,88,189
06/26/2023,BAZ,TX,ASW,CE,Federal Contract Tower,0,0,9,7,16,0,27,51,1,79,0,27,60,8,95,74,14,88,183
06/27/2023,BAZ,TX,ASW,CE,Federal Contract Tower,0,3,18,6,27,0,26,55,0,81,0,29,73,6,108,52,0,52,160
06/28/2023,BAZ,TX,ASW,CE,Federal Contract Tower,0,1,15,4,20,0,4,53,2,59,0,5,68,6,79,46,6,52,131
06/29/2023,BAZ,TX,ASW,CE,Federal Contract Tower,0,2,16,10,28,0,7,70,0,77,0,9,86,10,105,114,14,128,233
06/30/2023,BAZ,TX,ASW,CE,Federal Contract Tower,0,0,18,6,24,0,1,69,0,70,0,1,87,6,94,120,2,122,216
07/01/2023,BAZ,TX,ASW,CE,Federal Contract Tower,0,1,28,0,29,0,5,46,0,51,0,6,74,0,80,90,0,90,170
07/02/2023,BAZ,TX,ASW,CE,Federal Contract Tower,0,0,9,0,9,0,2,48,0,50,0,2,57,0,59,150,0,150,209
07/03/2023,BAZ,TX,ASW,CE,Federal Contract Tower,0,1,10,0,11,0,11,48,0,59,0,12,58,0,70,122,0,122,192
07/04/2023,BAZ,TX,ASW,CE,Federal Contract Tower,0,2,11,0,13,0,4,38,0,42,0,6,49,0,55,142,0,142,197
07/05/2023,BAZ,TX,ASW,CE,Federal Contract Tower,0,1,15,4,20,0,2,39,0,41,0,3,54,4,61,70,0,70,131
07/06/2023,BAZ,TX,ASW,CE,Federal Contract Tower,0,3,17,0,20,0,1,27,0,28,0,4,44,0,48,68,0,68,116
07/07/2023,BAZ,TX,ASW,CE,Federal Contract Tower,0,4,18,5,27,0,30,49,1,80,0,34,67,6,107,80,16,96,203
07/08/2023,BAZ,TX,ASW,CE,Federal Contract Tower,0,3,17,8,28,0,17,34,0,51,0,20,51,8,79,46,10,56,135
07/09/2023,BAZ,TX,ASW,CE,Federal Contract Tower,0,0,16,1,17,0,0,39,1,40,0,0,55,2,57,56,0,56,113
07/10/2023,BAZ,TX,ASW,CE,Federal Contract Tower,0,0,15,12,27,0,5,47,0,52,0,5,62,12,79,92,6,98,177
07/11/2023,BAZ,TX,ASW,CE,Federal Contract Tower,0,3,7,12,22,0,29,40,0,69,0,32,47,12,91,126,6,132,223
07/12/2023,BAZ,TX,ASW,CE,Federal Contract Tower,0,0,22,6,28,0,7,45,0,52,0,7,67,6,80,132,6,138,218
07/13/2023,BAZ,TX,ASW,CE,Federal Contract Tower,0,5,26,10,41,0,2,68,0,70,0,7,94,10,111,140,4,144,255
07/14/2023,BAZ,TX,ASW,CE,Federal Contract Tower,0,2,20,10,32,0,15,67,0,82,0,17,87,10,114,104,10,114,228
07/15/2023,BAZ,TX,ASW,CE,Federal Contract Tower,0,5,16,0,21,0,0,63,0,63,0,5,79,0,84,116,0,116,200
07/16/2023,BAZ,TX,ASW,CE,Federal Contract Tower,0,2,25,0,27,0,12,49,0,61,0,14,74,0,88,104,0,104,192
07/17/2023,BAZ,TX,ASW,CE,Federal Contract Tower,0,3,14,6,23,0,3,35,0,38,0,6,49,6,61,92,0,92,153
07/18/2023,BAZ,TX,ASW,CE,Federal Contract Tower,0,4,19,6,29,0,32,57,0,89,0,36,76,6,118,110,0,110,228
07/19/2023,BAZ,TX,ASW,CE,Federal Contract Tower,0,4,36,8,48,0,8,64,0,72,0,12,100,8,120,184,8,192,312
07/20/2023,BAZ,TX,ASW,CE,Federal Contract Tower,0,5,18,6,29,0,14,58,0,72,0,19,76,6,101,100,10,110,211
07/21/2023,BAZ,TX,ASW,CE,Federal Contract Tower,0,3,30,8,41,0,26,89,0,115,0,29,119,8,156,100,4,104,260
07/22/2023,BAZ,TX,ASW,CE,Federal Contract Tower,0,2,17,0,19,0,2,73,0,75,0,4,90,0,94,100,0,100,194
07/23/2023,BAZ,TX,ASW,CE,Federal Contract Tower,0,3,11,1,15,0,0,51,1,52,0,3,62,2,67,83,0,83,150
07/24/2023,BAZ,TX,ASW,CE,Federal Contract Tower,0,5,17,2,24,0,2,75,0,77,0,7,92,2,101,140,0,140,241
07/25/2023,BAZ,TX,ASW,CE,Federal Contract Tower,0,0,20,4,24,0,11,75,4,90,0,11,95,8,114,126,26,152,266
07/26/2023,BAZ,TX,ASW,CE,Federal Contract Tower,0,0,22,6,28,0,2,54,2,58,0,2,76,8,86,112,18,130,216
07/27/2023,BAZ,TX,ASW,CE,Federal Contract Tower,0,0,24,4,28,0,30,82,0,112,0,30,106,4,140,190,4,194,334
07/28/2023,BAZ,TX,ASW,CE,Federal Contract Tower,0,3,20,8,31,0,4,81,1,86,0,7,101,9,117,106,10,116,233
07/29/2023,BAZ,TX,ASW,CE,Federal Contract Tower,0,0,7,0,7,0,20,75,0,95,0,20,82,0,102,166,0,166,268
07/30/2023,BAZ,TX,ASW,CE,Federal Contract Tower,0,4,13,8,25,0,4,65,2,71,0,8,78,10,96,122,16,138,234
07/31/2023,BAZ,TX,ASW,CE,Federal Contract Tower,0,1,12,2,15,0,3,57,0,60,0,4,69,2,75,60,0,60,135
08/01/2023,BAZ,TX,ASW,CE,Federal Contract Tower,0,2,23,7,32,0,14,87,1,102,0,16,110,8,134,134,2,136,270
08/02/2023,BAZ,TX,ASW,CE,Federal Contract Tower,0,3,21,12,36,0,23,92,0,115,0,26,113,12,151,150,2,152,303
08/03/2023,BAZ,TX,ASW,CE,Federal Contract Tower,0,3,29,9,41,0,3,76,1,80,0,6,105,10,121,148,20,168,289
08/04/2023,BAZ,TX,ASW,CE,Federal Contract Tower,0,1,25,2,28,0,14,66,2,82,0,15,91,4,110,124,6,130,240
08/05/2023,BAZ,TX,ASW,CE,Federal Contract Tower,0,0,17,0,17,0,4,57,0,61,0,4,74,0,78,140,0,140,218
08/06/2023,BAZ,TX,ASW,CE,Federal Contract Tower,0,1,21,0,22,0,10,44,0,54,0,11,65,0,76,66,0,66,142
08/07/2023,BAZ,TX,ASW,CE,Federal Contract Tower,0,3,22,10,35,0,13,55,0,68,0,16,77,10,103,66,6,72,175
08/08/2023,BAZ,TX,ASW,CE,Federal Contract Tower,0,5,18,10,33,0,1,47,0,48,0,6,65,10,81,116,8,124,205
08/09/2023,BAZ,TX,ASW,CE,Federal Contract Tower,0,1,11,9,21,0,8,45,6,59,0,9,56,15,80,62,38,100,180
08/10/2023,BAZ,TX,ASW,CE,Federal Contract Tower,0,2,17,15,34,0,11,41,2,54,0,13,58,17,88,36,24,60,148
08/11/2023,BAZ,TX,ASW,CE,Federal Contract Tower,0,0,18,9,27,0,5,61,1,67,0,5,79,10,94,88,12,100,194
08/12/2023,BAZ,TX,ASW,CE,Federal Contract Tower,0,0,6,0,6,0,0,42,0,42,0,0,48,0,48,68,0,68,116
08/13/2023,BAZ,TX,ASW,CE,Federal Contract Tower,0,0,14,0,14,0,0,41,0,41,0,0,55,0,55,70,0,70,125
08/14/2023,BAZ,TX,ASW,CE,Federal Contract Tower,0,0,12,8,20,0,14,58,0,72,0,14,70,8,92,142,4,146,238
08/15/2023,BAZ,TX,ASW,CE,Federal Contract Tower,0,5,16,12,33,0,10,63,0,73,0,15,79,12,106,118,6,124,230
08/16/2023,BAZ,TX,ASW,CE,Federal Contract Tower,0,4,17,14,35,0,17,55,0,72,0,21,72,14,107,132,38,170,277
08/17/2023,BAZ,TX,ASW,CE,Federal Contract Tower,0,7,20,4,31,0,2,62,0,64,0,9,82,4,95,114,4,118,213
08/18/2023,BAZ,TX,ASW,CE,Federal Contract Tower,0,1,23,12,36,0,9,86,0,95,0,10,109,12,131,144,0,144,275
08/19/2023,BAZ,TX,ASW,CE,Federal Contract Tower,0,0,6,3,9,0,14,45,0,59,0,14,51,3,68,56,10,66,134
08/20/2023,BAZ,TX,ASW,CE,Federal Contract Tower,0,1,10,0,11,0,0,58,2,60,0,1,68,2,71,62,0,62,133
08/21/2023,BAZ,TX,ASW,CE,Federal Contract Tower,0,5,8,16,29,0,11,61,0,72,0,16,69,16,101,60,2,62,163
08/22/2023,BAZ,TX,ASW,CE,Federal Contract Tower,0,0,12,2,14,0,1,13,0,14,0,1,25,2,28,24,0,24,52
08/23/2023,BAZ,TX,ASW,CE,Federal Contract Tower,0,0,27,10,37,0,3,39,0,42,0,3,66,10,79,86,20,106,185
08/24/2023,BAZ,TX,ASW,CE,Federal Contract Tower,0,1,21,4,26,0,11,70,2,83,0,12,91,6,109,160,2,162,271
08/25/2023,BAZ,TX,ASW,CE,Federal Contract Tower,0,3,16,6,25,0,3,76,0,79,0,6,92,6,104,124,0,124,228
08/26/2023,BAZ,TX,ASW,CE,Federal Contract Tower,0,0,13,0,13,0,13,83,0,96,0,13,96,0,109,194,0,194,303
08/27/2023,BAZ,TX,ASW,CE,Federal Contract Tower,0,0,11,0,11,0,0,52,0,52,0,0,63,0,63,46,0,46,109
08/28/2023,BAZ,TX,ASW,CE,Federal Contract Tower,0,2,29,3,34,0,4,42,1,47,0,6,71,4,81,54,10,64,145
08/29/2023,BAZ,TX,ASW,CE,Federal Contract Tower,0,2,20,11,33,0,0,49,0,49,0,2,69,11,82,114,0,114,196
08/30/2023,BAZ,TX,ASW,CE,Federal Contract Tower,0,5,22,9,36,0,3,59,0,62,0,8,81,9,98,116,16,132,230
08/31/2023,BAZ,TX,ASW,CE,Federal Contract Tower,0,0,19,11,30,0,2,67,1,70,0,2,86,12,100,112,12,124,224
