01/01/2020,BDL,CT,ANE,EN,Towers with Radar,123,22,10,0,155,0,0,1,0,1,123,22,11,0,156,0,0,0,156
01/02/2020,BDL,CT,ANE,EN,Towers with Radar,164,25,15,3,207,0,0,13,9,22,164,25,28,12,229,0,0,0,229
01/03/2020,BDL,CT,ANE,EN,Towers with Radar,171,31,8,1,211,0,0,4,1,5,171,31,12,2,216,0,0,0,216
01/04/2020,BDL,CT,ANE,EN,Towers with Radar,136,32,14,3,185,0,0,0,0,0,136,32,14,3,185,0,0,0,185
01/05/2020,BDL,CT,ANE,EN,Towers with Radar,151,40,11,0,202,0,1,2,0,3,151,41,13,0,205,0,0,0,205
01/06/2020,BDL,CT,ANE,EN,Towers with Radar,173,29,15,3,220,0,0,4,0,4,173,29,19,3,224,0,0,0,224
01/07/2020,BDL,CT,ANE,EN,Towers with Radar,171,24,18,4,217,0,0,12,14,26,171,24,30,18,243,0,0,0,243
01/08/2020,BDL,CT,ANE,EN,Towers with Radar,175,42,27,0,244,0,0,6,7,13,175,42,33,7,257,0,0,0,257
01/09/2020,BDL,CT,ANE,EN,Towers with Radar,192,26,23,3,244,0,8,20,17,45,192,34,43,20,289,0,0,0,289
01/10/2020,BDL,CT,ANE,EN,Towers with Radar,179,24,14,2,219,0,0,5,1,6,179,24,19,3,225,0,0,0,225
01/11/2020,BDL,CT,ANE,EN,Towers with Radar,145,22,12,0,179,0,0,1,0,1,145,22,13,0,180,0,0,0,180
01/12/2020,BDL,CT,ANE,EN,Towers with Radar,153,28,13,0,194,0,0,1,16,17,153,28,14,16,211,0,0,0,211
01/13/2020,BDL,CT,ANE,EN,Towers with Radar,172,28,21,0,221,0,0,0,0,0,172,28,21,0,221,0,0,0,221
01/14/2020,BDL,CT,ANE,EN,Towers with Radar,180,36,16,5,237,0,0,0,11,11,180,36,16,16,248,0,0,0,248
01/15/2020,BDL,CT,ANE,EN,Towers with Radar,177,36,20,7,240,0,0,13,15,28,177,36,33,22,268,0,0,0,268
01/16/2020,BDL,CT,ANE,EN,Towers with Radar,186,19,17,2,224,0,0,5,8,13,186,19,22,10,237,0,0,0,237
01/17/2020,BDL,CT,ANE,EN,Towers with Radar,171,32,17,0,220,0,0,6,0,6,171,32,23,0,226,0,0,0,226
01/18/2020,BDL,CT,ANE,EN,Towers with Radar,141,20,11,0,172,0,0,6,0,6,141,20,17,0,178,0,0,0,178
01/19/2020,BDL,CT,ANE,EN,Towers with Radar,131,28,7,0,166,0,0,2,0,2,131,28,9,0,168,0,0,0,168
01/20/2020,BDL,CT,ANE,EN,Towers with Radar,160,29,21,0,210,0,0,6,0,6,160,29,27,0,216,0,0,0,216
01/21/2020,BDL,CT,ANE,EN,Towers with Radar,174,32,23,4,233,0,0,8,16,24,174,32,31,20,257,0,0,0,257
01/22/2020,BDL,CT,ANE,EN,Towers with Radar,179,32,18,1,230,0,1,15,10,26,179,33,33,11,256,0,0,0,256
01/23/2020,BDL,CT,ANE,EN,Towers with Radar,183,30,23,4,240,0,2,18,12,32,183,32,41,16,272,0,0,0,272
01/24/2020,BDL,CT,ANE,EN,Towers with Radar,178,35,25,2,240,0,0,16,6,22,178,35,41,8,262,0,0,0,262
01/25/2020,BDL,CT,ANE,EN,Towers with Radar,145,31,9,2,187,0,0,0,0,0,145,31,9,2,187,0,0,0,187
01/26/2020,BDL,CT,ANE,EN,Towers with Radar,150,32,12,0,194,0,0,4,0,4,150,32,16,0,198,0,0,0,198
01/27/2020,BDL,CT,ANE,EN,Towers with Radar,169,24,19,0,212,0,2,4,0,6,169,26,23,0,218,0,0,0,218
01/28/2020,BDL,CT,ANE,EN,Towers with Radar,175,34,33,5,247,0,1,19,13,33,175,35,52,18,280,0,0,0,280
01/29/2020,BDL,CT,ANE,EN,Towers with Radar,169,40,18,4,231,0,3,23,12,38,169,43,41,16,269,0,0,0,269
01/30/2020,BDL,CT,ANE,EN,Towers with Radar,187,25,38,3,253,0,0,26,16,42,187,25,64,19,295,0,0,0,295
01/31/2020,BDL,CT,ANE,EN,Towers with Radar,175,32,23,2,232,0,0,17,4,21,175,32,40,6,253,0,0,0,253
02/01/2020,BDL,CT,ANE,EN,Towers with Radar,140,31,7,0,178,0,0,0,0,0,140,31,7,0,178,0,0,0,178
02/02/2020,BDL,CT,ANE,EN,Towers with Radar,136,28,18,2,184,0,0,17,7,24,136,28,35,9,208,0,0,0,208
02/03/2020,BDL,CT,ANE,EN,Towers with Radar,169,33,43,2,247,0,0,13,0,13,169,33,56,2,260,0,0,0,260
02/04/2020,BDL,CT,ANE,EN,Towers with Radar,171,38,27,7,243,0,2,3,9,14,171,40,30,16,257,0,0,0,257
02/05/2020,BDL,CT,ANE,EN,Towers with Radar,165,46,30,10,251,0,1,11,18,30,165,47,41,28,281,0,0,0,281
02/06/2020,BDL,CT,ANE,EN,Towers with Radar,174,26,20,0,220,0,0,0,0,0,174,26,20,0,220,0,0,0,220
02/07/2020,BDL,CT,ANE,EN,Towers with Radar,181,21,23,0,225,0,0,0,0,0,181,21,23,0,225,0,0,0,225
02/08/2020,BDL,CT,ANE,EN,Towers with Radar,144,19,24,4,191,0,0,9,4,13,144,19,33,8,204,0,0,0,204
02/09/2020,BDL,CT,ANE,EN,Towers with Radar,144,25,12,2,183,0,0,2,0,2,144,25,14,2,185,0,0,0,185
02/10/2020,BDL,CT,ANE,EN,Towers with Radar,170,26,24,0,220,0,0,0,0,0,170,26,24,0,220,0,0,0,220
02/11/2020,BDL,CT,ANE,EN,Towers with Radar,173,35,21,4,233,0,0,0,0,0,173,35,21,4,233,0,0,0,233
02/12/2020,BDL,CT,ANE,EN,Towers with Radar,171,32,27,9,239,0,1,18,14,33,171,33,45,23,272,0,0,0,272
02/13/2020,BDL,CT,ANE,EN,Towers with Radar,186,22,24,6,238,0,0,0,9,9,186,22,24,15,247,0,0,0,247
02/14/2020,BDL,CT,ANE,EN,Towers with Radar,181,37,23,0,241,0,0,11,2,13,181,37,34,2,254,0,0,0,254
02/15/2020,BDL,CT,ANE,EN,Towers with Radar,153,30,16,0,199,0,1,9,0,10,153,31,25,0,209,0,0,0,209
02/16/2020,BDL,CT,ANE,EN,Towers with Radar,147,26,5,0,178,0,0,3,0,3,147,26,8,0,181,0,0,0,181
02/17/2020,BDL,CT,ANE,EN,Towers with Radar,163,32,28,0,223,0,0,21,0,21,163,32,49,0,244,0,0,0,244
02/18/2020,BDL,CT,ANE,EN,Towers with Radar,197,24,33,7,261,0,0,0,3,3,197,24,33,10,264,0,0,0,264
02/19/2020,BDL,CT,ANE,EN,Towers with Radar,192,27,24,10,253,0,0,22,11,33,192,27,46,21,286,0,0,0,286
02/20/2020,BDL,CT,ANE,EN,Towers with Radar,192,31,25,9,257,0,0,9,8,17,192,31,34,17,274,0,0,0,274
02/21/2020,BDL,CT,ANE,EN,Towers with Radar,184,35,27,2,248,0,1,16,6,23,184,36,43,8,271,0,0,0,271
02/22/2020,BDL,CT,ANE,EN,Towers with Radar,153,28,12,0,193,0,0,11,2,13,153,28,23,2,206,0,0,0,206
02/23/2020,BDL,CT,ANE,EN,Towers with Radar,165,28,25,1,219,0,0,17,1,18,165,28,42,2,237,0,0,0,237
02/24/2020,BDL,CT,ANE,EN,Towers with Radar,172,34,26,0,232,0,0,24,0,24,172,34,50,0,256,0,0,0,256
02/25/2020,BDL,CT,ANE,EN,Towers with Radar,193,32,20,7,252,0,4,12,11,27,193,36,32,18,279,0,0,0,279
02/26/2020,BDL,CT,ANE,EN,Towers with Radar,184,32,45,8,269,0,0,0,8,8,184,32,45,16,277,0,0,0,277
02/27/2020,BDL,CT,ANE,EN,Towers with Radar,186,51,24,0,261,0,0,0,0,0,186,51,24,0,261,0,0,0,261
02/28/2020,BDL,CT,ANE,EN,Towers with Radar,182,41,37,0,260,0,0,11,4,15,182,41,48,4,275,0,0,0,275
02/29/2020,BDL,CT,ANE,EN,Towers with Radar,156,28,15,0,199,0,0,1,0,1,156,28,16,0,200,0,0,0,200
03/01/2020,BDL,CT,ANE,EN,Towers with Radar,158,35,16,3,212,0,0,7,0,7,158,35,23,3,219,0,0,0,219
03/02/2020,BDL,CT,ANE,EN,Towers with Radar,167,34,24,2,227,0,1,14,0,15,167,35,38,2,242,0,0,0,242
03/03/2020,BDL,CT,ANE,EN,Towers with Radar,186,32,30,2,250,0,0,14,7,21,186,32,44,9,271,0,0,0,271
03/04/2020,BDL,CT,ANE,EN,Towers with Radar,181,36,13,2,232,0,0,9,6,15,181,36,22,8,247,0,0,0,247
03/05/2020,BDL,CT,ANE,EN,Towers with Radar,186,39,28,5,258,0,1,21,13,35,186,40,49,18,293,0,0,0,293
03/06/2020,BDL,CT,ANE,EN,Towers with Radar,176,47,15,6,244,0,1,13,8,22,176,48,28,14,266,0,0,0,266
03/07/2020,BDL,CT,ANE,EN,Towers with Radar,142,32,13,0,187,0,0,4,17,21,142,32,17,17,208,0,0,0,208
03/08/2020,BDL,CT,ANE,EN,Towers with Radar,154,30,14,5,203,0,0,2,9,11,154,30,16,14,214,0,0,0,214
03/09/2020,BDL,CT,ANE,EN,Towers with Radar,160,31,26,0,217,0,0,14,0,14,160,31,40,0,231,0,0,0,231
03/10/2020,BDL,CT,ANE,EN,Towers with Radar,177,39,14,8,238,0,2,4,9,15,177,41,18,17,253,0,0,0,253
03/11/2020,BDL,CT,ANE,EN,Towers with Radar,175,46,22,4,247,0,0,9,13,22,175,46,31,17,269,0,0,0,269
03/12/2020,BDL,CT,ANE,EN,Towers with Radar,172,44,19,5,240,0,0,10,8,18,172,44,29,13,258,0,0,0,258
03/13/2020,BDL,CT,ANE,EN,Towers with Radar,173,36,19,1,229,0,0,1,0,1,173,36,20,1,230,0,0,0,230
03/14/2020,BDL,CT,ANE,EN,Towers with Radar,137,38,19,0,194,0,0,4,0,4,137,38,23,0,198,0,0,0,198
03/15/2020,BDL,CT,ANE,EN,Towers with Radar,152,30,21,0,203,0,0,7,0,7,152,30,28,0,210,0,0,0,210
03/16/2020,BDL,CT,ANE,EN,Towers with Radar,160,30,16,4,210,0,0,5,2,7,160,30,21,6,217,0,0,0,217
03/17/2020,BDL,CT,ANE,EN,Towers with Radar,169,33,24,0,226,0,0,1,0,1,169,33,25,0,227,0,0,0,227
03/18/2020,BDL,CT,ANE,EN,Towers with Radar,164,31,26,0,221,0,0,12,10,22,164,31,38,10,243,0,0,0,243
03/19/2020,BDL,CT,ANE,EN,Towers with Radar,160,31,15,2,208,0,0,1,0,1,160,31,16,2,209,0,0,0,209
03/20/2020,BDL,CT,ANE,EN,Towers with Radar,140,27,11,1,179,0,0,4,0,4,140,27,15,1,183,0,0,0,183
03/21/2020,BDL,CT,ANE,EN,Towers with Radar,116,21,8,0,145,0,0,6,0,6,116,21,14,0,151,0,0,0,151
03/22/2020,BDL,CT,ANE,EN,Towers with Radar,128,28,18,0,174,0,0,6,0,6,128,28,24,0,180,0,0,0,180
03/23/2020,BDL,CT,ANE,EN,Towers with Radar,116,15,8,0,139,0,0,0,0,0,116,15,8,0,139,0,0,0,139
03/24/2020,BDL,CT,ANE,EN,Towers with Radar,120,17,9,7,153,0,0,2,5,7,120,17,11,12,160,0,0,0,160
03/25/2020,BDL,CT,ANE,EN,Towers with Radar,105,20,10,3,138,0,0,0,5,5,105,20,10,8,143,0,0,0,143
03/26/2020,BDL,CT,ANE,EN,Towers with Radar,112,22,29,3,166,0,0,15,4,19,112,22,44,7,185,0,0,0,185
03/27/2020,BDL,CT,ANE,EN,Towers with Radar,87,22,4,2,115,0,0,9,4,13,87,22,13,6,128,0,0,0,128
03/28/2020,BDL,CT,ANE,EN,Towers with Radar,71,16,7,0,94,0,0,3,0,3,71,16,10,0,97,0,0,0,97
03/29/2020,BDL,CT,ANE,EN,Towers with Radar,76,10,4,0,90,0,0,0,0,0,76,10,4,0,90,0,0,0,90
03/30/2020,BDL,CT,ANE,EN,Towers with Radar,72,24,19,2,117,0,0,0,0,0,72,24,19,2,117,0,0,0,117
03/31/2020,BDL,CT,ANE,EN,Towers with Radar,80,12,22,2,116,0,0,22,2,24,80,12,44,4,140,0,0,0,140
04/01/2020,BDL,CT,ANE,EN,Towers with Radar,93,12,10,4,119,0,1,6,6,13,93,13,16,10,132,0,0,0,132
04/02/2020,BDL,CT,ANE,EN,Towers with Radar,77,11,6,0,94,0,0,2,5,7,77,11,8,5,101,0,0,0,101
04/03/2020,BDL,CT,ANE,EN,Towers with Radar,73,21,7,0,101,0,0,0,0,0,73,21,7,0,101,0,0,0,101
04/04/2020,BDL,CT,ANE,EN,Towers with Radar,64,9,5,0,78,0,0,12,0,12,64,9,17,0,90,0,0,0,90
04/05/2020,BDL,CT,ANE,EN,Towers with Radar,71,5,7,6,89,0,0,0,0,0,71,5,7,6,89,0,0,0,89
04/06/2020,BDL,CT,ANE,EN,Towers with Radar,68,10,16,0,94,0,0,4,3,7,68,10,20,3,101,0,0,0,101
04/07/2020,BDL,CT,ANE,EN,Towers with Radar,86,6,11,12,115,0,0,11,10,21,86,6,22,22,136,0,0,0,136
04/08/2020,BDL,CT,ANE,EN,Towers with Radar,90,9,12,8,119,0,0,0,9,9,90,9,12,17,128,0,0,0,128
04/09/2020,BDL,CT,ANE,EN,Towers with Radar,95,12,4,0,111,0,0,0,0,0,95,12,4,0,111,0,0,0,111
04/10/2020,BDL,CT,ANE,EN,Towers with Radar,87,10,4,0,101,0,0,3,0,3,87,10,7,0,104,0,0,0,104
04/11/2020,BDL,CT,ANE,EN,Towers with Radar,71,7,6,0,84,0,0,1,0,1,71,7,7,0,85,0,0,0,85
04/12/2020,BDL,CT,ANE,EN,Towers with Radar,68,0,8,0,76,0,2,2,0,4,68,2,10,0,80,0,0,0,80
04/13/2020,BDL,CT,ANE,EN,Towers with Radar,64,2,1,2,69,0,0,0,0,0,64,2,1,2,69,0,0,0,69
04/14/2020,BDL,CT,ANE,EN,Towers with Radar,72,2,23,1,98,0,0,12,8,20,72,2,35,9,118,0,0,0,118
04/15/2020,BDL,CT,ANE,EN,Towers with Radar,70,12,5,6,93,0,0,17,4,21,70,12,22,10,114,0,0,0,114
04/16/2020,BDL,CT,ANE,EN,Towers with Radar,71,2,5,6,84,0,0,2,7,9,71,2,7,13,93,0,0,0,93
04/17/2020,BDL,CT,ANE,EN,Towers with Radar,69,5,10,2,86,0,0,7,0,7,69,5,17,2,93,0,0,0,93
04/18/2020,BDL,CT,ANE,EN,Towers with Radar,51,4,3,0,58,0,0,0,0,0,51,4,3,0,58,0,0,0,58
04/19/2020,BDL,CT,ANE,EN,Towers with Radar,48,2,6,0,56,0,2,16,0,18,48,4,22,0,74,0,0,0,74
04/20/2020,BDL,CT,ANE,EN,Towers with Radar,51,1,11,0,63,0,0,3,0,3,51,1,14,0,66,0,0,0,66
04/21/2020,BDL,CT,ANE,EN,Towers with Radar,69,4,4,0,77,0,0,2,0,2,69,4,6,0,79,0,0,0,79
04/22/2020,BDL,CT,ANE,EN,Towers with Radar,68,8,12,4,92,0,0,6,14,20,68,8,18,18,112,0,0,0,112
04/23/2020,BDL,CT,ANE,EN,Towers with Radar,70,4,6,6,86,0,0,2,8,10,70,4,8,14,96,0,0,0,96
04/24/2020,BDL,CT,ANE,EN,Towers with Radar,66,11,8,0,85,0,0,0,0,0,66,11,8,0,85,0,0,0,85
04/25/2020,BDL,CT,ANE,EN,Towers with Radar,51,6,19,0,76,0,0,21,2,23,51,6,40,2,99,0,0,0,99
04/26/2020,BDL,CT,ANE,EN,Towers with Radar,47,2,4,0,53,0,0,3,0,3,47,2,7,0,56,0,0,0,56
04/27/2020,BDL,CT,ANE,EN,Towers with Radar,54,11,14,0,79,0,0,0,0,0,54,11,14,0,79,0,0,0,79
04/28/2020,BDL,CT,ANE,EN,Towers with Radar,70,2,40,8,120,0,0,7,3,10,70,2,47,11,130,0,0,0,130
04/29/2020,BDL,CT,ANE,EN,Towers with Radar,70,9,21,5,105,0,0,16,8,24,70,9,37,13,129,0,0,0,129
04/30/2020,BDL,CT,ANE,EN,Towers with Radar,73,8,23,2,106,0,0,1,0,1,73,8,24,2,107,0,0,0,107
05/01/2020,BDL,CT,ANE,EN,Towers with Radar,60,14,7,2,83,0,0,2,0,2,60,14,9,2,85,0,0,0,85
05/02/2020,BDL,CT,ANE,EN,Towers with Radar,50,8,14,0,72,0,0,10,0,10,50,8,24,0,82,0,0,0,82
05/03/2020,BDL,CT,ANE,EN,Towers with Radar,59,7,8,0,74,0,0,7,0,7,59,7,15,0,81,0,0,0,81
05/04/2020,BDL,CT,ANE,EN,Towers with Radar,49,14,5,0,68,0,4,2,0,6,49,18,7,0,74,0,0,0,74
05/05/2020,BDL,CT,ANE,EN,Towers with Radar,57,16,16,7,96,0,1,31,9,41,57,17,47,16,137,0,0,0,137
05/06/2020,BDL,CT,ANE,EN,Towers with Radar,64,18,17,4,103,0,0,4,8,12,64,18,21,12,115,0,0,0,115
05/07/2020,BDL,CT,ANE,EN,Towers with Radar,67,14,14,8,103,0,0,12,5,17,67,14,26,13,120,0,0,0,120
05/08/2020,BDL,CT,ANE,EN,Towers with Radar,53,20,5,3,81,0,0,5,1,6,53,20,10,4,87,0,0,0,87
05/09/2020,BDL,CT,ANE,EN,Towers with Radar,40,14,9,0,63,0,0,0,0,0,40,14,9,0,63,0,0,0,63
05/10/2020,BDL,CT,ANE,EN,Towers with Radar,48,15,4,0,67,0,0,2,0,2,48,15,6,0,69,0,0,0,69
05/11/2020,BDL,CT,ANE,EN,Towers with Radar,48,20,12,0,80,0,0,3,0,3,48,20,15,0,83,0,0,0,83
05/12/2020,BDL,CT,ANE,EN,Towers with Radar,59,10,19,6,94,0,1,19,10,30,59,11,38,16,124,0,0,0,124
05/13/2020,BDL,CT,ANE,EN,Towers with Radar,64,16,9,4,93,0,0,15,9,24,64,16,24,13,117,0,0,0,117
05/14/2020,BDL,CT,ANE,EN,Towers with Radar,64,23,14,1,102,0,0,12,22,34,64,23,26,23,136,0,0,0,136
05/15/2020,BDL,CT,ANE,EN,Towers with Radar,58,20,28,0,106,0,0,10,0,10,58,20,38,0,116,0,0,0,116
05/16/2020,BDL,CT,ANE,EN,Towers with Radar,42,13,8,0,63,0,1,11,11,23,42,14,19,11,86,0,0,0,86
05/17/2020,BDL,CT,ANE,EN,Towers with Radar,48,19,10,3,80,0,0,8,9,17,48,19,18,12,97,0,0,0,97
05/18/2020,BDL,CT,ANE,EN,Towers with Radar,43,16,11,0,70,0,0,4,0,4,43,16,15,0,74,0,0,0,74
05/19/2020,BDL,CT,ANE,EN,Towers with Radar,65,11,7,5,88,0,2,7,9,18,65,13,14,14,106,0,0,0,106
05/20/2020,BDL,CT,ANE,EN,Towers with Radar,67,20,32,3,122,0,0,9,5,14,67,20,41,8,136,0,0,0,136
05/21/2020,BDL,CT,ANE,EN,Towers with Radar,65,21,40,4,130,0,4,18,12,34,65,25,58,16,164,0,0,0,164
05/22/2020,BDL,CT,ANE,EN,Towers with Radar,58,17,19,6,100,0,0,14,4,18,58,17,33,10,118,0,0,0,118
05/23/2020,BDL,CT,ANE,EN,Towers with Radar,41,8,18,0,67,0,0,4,0,4,41,8,22,0,71,0,0,0,71
05/24/2020,BDL,CT,ANE,EN,Towers with Radar,46,13,8,0,67,0,0,15,0,15,46,13,23,0,82,0,0,0,82
05/25/2020,BDL,CT,ANE,EN,Towers with Radar,41,13,14,10,78,0,0,0,0,0,41,13,14,10,78,0,0,0,78
05/26/2020,BDL,CT,ANE,EN,Towers with Radar,45,14,46,16,121,0,1,5,3,9,45,15,51,19,130,0,0,0,130
05/27/2020,BDL,CT,ANE,EN,Towers with Radar,67,16,27,5,115,0,0,13,15,28,67,16,40,20,143,0,0,0,143
05/28/2020,BDL,CT,ANE,EN,Towers with Radar,72,27,30,5,134,0,0,0,3,3,72,27,30,8,137,0,0,0,137
05/29/2020,BDL,CT,ANE,EN,Towers with Radar,60,22,34,2,118,0,0,0,0,0,60,22,34,2,118,0,0,0,118
05/30/2020,BDL,CT,ANE,EN,Towers with Radar,40,14,9,0,63,0,0,6,0,6,40,14,15,0,69,0,0,0,69
05/31/2020,BDL,CT,ANE,EN,Towers with Radar,51,16,9,0,76,0,0,4,0,4,51,16,13,0,80,0,0,0,80
06/01/2020,BDL,CT,ANE,EN,Towers with Radar,50,18,27,3,98,0,2,10,1,13,50,20,37,4,111,0,0,0,111
06/02/2020,BDL,CT,ANE,EN,Towers with Radar,63,18,18,4,103,0,0,8,11,19,63,18,26,15,122,0,0,0,122
06/03/2020,BDL,CT,ANE,EN,Towers with Radar,60,23,16,4,103,0,0,16,13,29,60,23,32,17,132,0,0,0,132
06/04/2020,BDL,CT,ANE,EN,Towers with Radar,74,14,18,7,113,0,1,8,9,18,74,15,26,16,131,0,0,0,131
06/05/2020,BDL,CT,ANE,EN,Towers with Radar,67,19,17,9,112,0,0,0,5,5,67,19,17,14,117,0,0,0,117
06/06/2020,BDL,CT,ANE,EN,Towers with Radar,57,8,12,1,78,0,0,3,3,6,57,8,15,4,84,0,0,0,84
06/07/2020,BDL,CT,ANE,EN,Towers with Radar,62,15,13,3,93,0,0,17,3,20,62,15,30,6,113,0,0,0,113
06/08/2020,BDL,CT,ANE,EN,Towers with Radar,60,19,20,6,105,0,0,12,14,26,60,19,32,20,131,0,0,0,131
06/09/2020,BDL,CT,ANE,EN,Towers with Radar,72,17,14,3,106,0,1,22,9,32,72,18,36,12,138,0,0,0,138
06/10/2020,BDL,CT,ANE,EN,Towers with Radar,73,20,27,16,136,0,1,9,9,19,73,21,36,25,155,0,0,0,155
06/11/2020,BDL,CT,ANE,EN,Towers with Radar,90,23,8,0,121,0,0,0,0,0,90,23,8,0,121,0,0,0,121
06/12/2020,BDL,CT,ANE,EN,Towers with Radar,80,14,15,1,110,0,0,8,14,22,80,14,23,15,132,0,0,0,132
06/13/2020,BDL,CT,ANE,EN,Towers with Radar,56,7,12,1,76,0,0,6,13,19,56,7,18,14,95,0,0,0,95
06/14/2020,BDL,CT,ANE,EN,Towers with Radar,73,19,8,0,100,0,0,8,14,22,73,19,16,14,122,0,0,0,122
06/15/2020,BDL,CT,ANE,EN,Towers with Radar,74,19,19,0,112,0,0,10,16,26,74,19,29,16,138,0,0,0,138
06/16/2020,BDL,CT,ANE,EN,Towers with Radar,80,24,23,2,129,0,4,10,12,26,80,28,33,14,155,0,0,0,155
06/17/2020,BDL,CT,ANE,EN,Towers with Radar,74,19,22,2,117,0,0,10,13,23,74,19,32,15,140,0,0,0,140
06/18/2020,BDL,CT,ANE,EN,Towers with Radar,91,37,30,3,161,0,0,12,13,25,91,37,42,16,186,0,0,0,186
06/19/2020,BDL,CT,ANE,EN,Towers with Radar,81,24,30,0,135,0,0,11,9,20,81,24,41,9,155,0,0,0,155
06/20/2020,BDL,CT,ANE,EN,Towers with Radar,59,11,17,0,87,0,0,12,8,20,59,11,29,8,107,0,0,0,107
06/21/2020,BDL,CT,ANE,EN,Towers with Radar,70,18,14,0,102,0,1,6,6,13,70,19,20,6,115,0,0,0,115
06/22/2020,BDL,CT,ANE,EN,Towers with Radar,83,23,21,4,131,0,0,6,13,19,83,23,27,17,150,0,0,0,150
06/23/2020,BDL,CT,ANE,EN,Towers with Radar,80,12,24,4,120,0,1,15,12,28,80,13,39,16,148,0,0,0,148
06/24/2020,BDL,CT,ANE,EN,Towers with Radar,74,21,18,2,115,0,0,0,8,8,74,21,18,10,123,0,0,0,123
06/25/2020,BDL,CT,ANE,EN,Towers with Radar,91,23,18,6,138,0,2,7,8,17,91,25,25,14,155,0,0,0,155
06/26/2020,BDL,CT,ANE,EN,Towers with Radar,82,25,35,0,142,0,0,28,2,30,82,25,63,2,172,0,0,0,172
06/27/2020,BDL,CT,ANE,EN,Towers with Radar,60,22,21,0,103,0,1,2,0,3,60,23,23,0,106,0,0,0,106
06/28/2020,BDL,CT,ANE,EN,Towers with Radar,73,47,20,0,140,0,0,1,0,1,73,47,21,0,141,0,0,0,141
06/29/2020,BDL,CT,ANE,EN,Towers with Radar,77,28,19,4,128,0,2,3,0,5,77,30,22,4,133,0,0,0,133
06/30/2020,BDL,CT,ANE,EN,Towers with Radar,79,18,19,6,122,0,0,2,20,22,79,18,21,26,144,0,0,0,144
07/01/2020,BDL,CT,ANE,EN,Towers with Radar,88,26,24,0,138,0,0,3,2,5,88,26,27,2,143,0,0,0,143
07/02/2020,BDL,CT,ANE,EN,Towers with Radar,104,21,27,6,158,0,1,12,8,21,104,22,39,14,179,0,0,0,179
07/03/2020,BDL,CT,ANE,EN,Towers with Radar,92,18,4,0,114,0,0,2,0,2,92,18,6,0,116,0,0,0,116
07/04/2020,BDL,CT,ANE,EN,Towers with Radar,57,6,8,0,71,0,1,4,0,5,57,7,12,0,76,0,0,0,76
07/05/2020,BDL,CT,ANE,EN,Towers with Radar,82,14,12,0,108,0,0,9,0,9,82,14,21,0,117,0,0,0,117
07/06/2020,BDL,CT,ANE,EN,Towers with Radar,103,27,25,0,155,0,0,15,0,15,103,27,40,0,170,0,0,0,170
07/07/2020,BDL,CT,ANE,EN,Towers with Radar,99,11,50,2,162,0,0,2,1,3,99,11,52,3,165,0,0,0,165
07/08/2020,BDL,CT,ANE,EN,Towers with Radar,100,12,39,2,153,0,0,3,6,9,100,12,42,8,162,0,0,0,162
07/09/2020,BDL,CT,ANE,EN,Towers with Radar,107,24,32,1,164,0,0,8,5,13,107,24,40,6,177,0,0,0,177
07/10/2020,BDL,CT,ANE,EN,Towers with Radar,104,18,12,4,138,0,0,0,0,0,104,18,12,4,138,0,0,0,138
07/11/2020,BDL,CT,ANE,EN,Towers with Radar,84,16,6,0,106,0,0,0,0,0,84,16,6,0,106,0,0,0,106
07/12/2020,BDL,CT,ANE,EN,Towers with Radar,92,17,22,2,133,0,0,15,0,15,92,17,37,2,148,0,0,0,148
07/13/2020,BDL,CT,ANE,EN,Towers with Radar,91,24,8,10,133,0,0,6,0,6,91,24,14,10,139,0,0,0,139
07/14/2020,BDL,CT,ANE,EN,Towers with Radar,94,14,28,6,142,0,2,21,11,34,94,16,49,17,176,0,0,0,176
07/15/2020,BDL,CT,ANE,EN,Towers with Radar,96,19,32,12,159,0,2,10,20,32,96,21,42,32,191,0,0,0,191
07/16/2020,BDL,CT,ANE,EN,Towers with Radar,110,26,21,5,162,0,0,9,12,21,110,26,30,17,183,0,0,0,183
07/17/2020,BDL,CT,ANE,EN,Towers with Radar,99,26,18,2,145,0,0,0,0,0,99,26,18,2,145,0,0,0,145
07/18/2020,BDL,CT,ANE,EN,Towers with Radar,82,13,18,5,118,0,0,14,11,25,82,13,32,16,143,0,0,0,143
07/19/2020,BDL,CT,ANE,EN,Towers with Radar,90,20,9,0,119,0,0,5,12,17,90,20,14,12,136,0,0,0,136
07/20/2020,BDL,CT,ANE,EN,Towers with Radar,89,15,16,3,123,0,1,19,9,29,89,16,35,12,152,0,0,0,152
07/21/2020,BDL,CT,ANE,EN,Towers with Radar,98,9,15,2,124,0,2,27,11,40,98,11,42,13,164,0,0,0,164
07/22/2020,BDL,CT,ANE,EN,Towers with Radar,100,21,26,2,149,0,0,15,7,22,100,21,41,9,171,0,0,0,171
07/23/2020,BDL,CT,ANE,EN,Towers with Radar,106,21,21,2,150,0,0,11,4,15,106,21,32,6,165,0,0,0,165
07/24/2020,BDL,CT,ANE,EN,Towers with Radar,100,23,22,4,149,0,1,21,5,27,100,24,43,9,176,0,0,0,176
07/25/2020,BDL,CT,ANE,EN,Towers with Radar,80,15,20,0,115,0,0,17,2,19,80,15,37,2,134,0,0,0,134
07/26/2020,BDL,CT,ANE,EN,Towers with Radar,90,17,11,0,118,0,0,5,10,15,90,17,16,10,133,0,0,0,133
07/27/2020,BDL,CT,ANE,EN,Towers with Radar,89,14,26,2,131,0,0,16,7,23,89,14,42,9,154,0,0,0,154
07/28/2020,BDL,CT,ANE,EN,Towers with Radar,95,22,21,2,140,0,4,13,15,32,95,26,34,17,172,0,0,0,172
07/29/2020,BDL,CT,ANE,EN,Towers with Radar,93,20,24,4,141,0,2,29,17,48,93,22,53,21,189,0,0,0,189
07/30/2020,BDL,CT,ANE,EN,Towers with Radar,103,27,26,1,157,0,0,21,4,25,103,27,47,5,182,0,0,0,182
07/31/2020,BDL,CT,ANE,EN,Towers with Radar,100,24,19,2,145,0,0,10,0,10,100,24,29,2,155,0,0,0,155
08/01/2020,BDL,CT,ANE,EN,Towers with Radar,88,16,16,0,120,0,2,10,0,12,88,18,26,0,132,0,0,0,132
08/02/2020,BDL,CT,ANE,EN,Towers with Radar,91,22,8,0,121,0,0,0,0,0,91,22,8,0,121,0,0,0,121
08/03/2020,BDL,CT,ANE,EN,Towers with Radar,96,25,26,5,152,0,2,15,2,19,96,27,41,7,171,0,0,0,171
08/04/2020,BDL,CT,ANE,EN,Towers with Radar,92,12,3,0,107,0,0,0,0,0,92,12,3,0,107,0,0,0,107
08/05/2020,BDL,CT,ANE,EN,Towers with Radar,94,19,24,7,144,0,0,19,19,38,94,19,43,26,182,20,0,20,202
08/06/2020,BDL,CT,ANE,EN,Towers with Radar,105,28,23,4,160,0,0,21,9,30,105,28,44,13,190,14,0,14,204
08/07/2020,BDL,CT,ANE,EN,Towers with Radar,99,21,19,1,140,0,1,10,0,11,99,22,29,1,151,4,0,4,155
08/08/2020,BDL,CT,ANE,EN,Towers with Radar,79,14,19,6,118,0,2,17,1,20,79,16,36,7,138,10,0,10,148
08/09/2020,BDL,CT,ANE,EN,Towers with Radar,86,22,21,0,129,0,0,4,0,4,86,22,25,0,133,0,0,0,133
08/10/2020,BDL,CT,ANE,EN,Towers with Radar,87,19,19,0,125,0,0,18,2,20,87,19,37,2,145,16,0,16,161
08/11/2020,BDL,CT,ANE,EN,Towers with Radar,94,19,33,21,167,0,4,22,14,40,94,23,55,35,207,22,9,31,238
08/12/2020,BDL,CT,ANE,EN,Towers with Radar,99,17,23,14,153,0,1,12,18,31,99,18,35,32,184,14,0,14,198
08/13/2020,BDL,CT,ANE,EN,Towers with Radar,110,18,30,8,166,0,2,20,32,54,110,20,50,40,220,20,10,30,250
08/14/2020,BDL,CT,ANE,EN,Towers with Radar,99,28,29,0,156,0,0,19,1,20,99,28,48,1,176,0,0,0,176
08/15/2020,BDL,CT,ANE,EN,Towers with Radar,88,16,34,2,140,0,0,10,0,10,88,16,44,2,150,0,0,0,150
08/16/2020,BDL,CT,ANE,EN,Towers with Radar,84,24,30,0,138,0,0,0,0,0,84,24,30,0,138,0,0,0,138
08/17/2020,BDL,CT,ANE,EN,Towers with Radar,86,24,23,8,141,0,0,5,0,5,86,24,28,8,146,6,0,6,152
08/18/2020,BDL,CT,ANE,EN,Towers with Radar,96,19,24,3,142,0,0,18,16,34,96,19,42,19,176,6,0,6,182
08/19/2020,BDL,CT,ANE,EN,Towers with Radar,91,22,34,6,153,0,0,16,14,30,91,22,50,20,183,21,4,25,208
08/20/2020,BDL,CT,ANE,EN,Towers with Radar,111,23,22,4,160,0,0,16,2,18,111,23,38,6,178,14,10,24,202
08/21/2020,BDL,CT,ANE,EN,Towers with Radar,96,17,18,1,132,0,0,17,7,24,96,17,35,8,156,7,0,7,163
08/22/2020,BDL,CT,ANE,EN,Towers with Radar,86,17,19,3,125,0,0,17,0,17,86,17,36,3,142,0,0,0,142
08/23/2020,BDL,CT,ANE,EN,Towers with Radar,97,25,11,0,133,0,0,6,2,8,97,25,17,2,141,0,0,0,141
08/24/2020,BDL,CT,ANE,EN,Towers with Radar,90,24,9,12,135,0,0,9,8,17,90,24,18,20,152,0,18,18,170
08/25/2020,BDL,CT,ANE,EN,Towers with Radar,96,18,13,1,128,0,0,7,4,11,96,18,20,5,139,0,0,0,139
08/26/2020,BDL,CT,ANE,EN,Towers with Radar,95,24,27,8,154,0,2,20,13,35,95,26,47,21,189,0,0,0,189
08/27/2020,BDL,CT,ANE,EN,Towers with Radar,112,26,14,0,152,0,0,2,0,2,112,26,16,0,154,0,0,0,154
08/28/2020,BDL,CT,ANE,EN,Towers with Radar,96,22,23,2,143,0,0,14,2,16,96,22,37,4,159,0,0,0,159
08/29/2020,BDL,CT,ANE,EN,Towers with Radar,86,14,21,0,121,0,0,0,0,0,86,14,21,0,121,0,0,0,121
08/30/2020,BDL,CT,ANE,EN,Towers with Radar,85,16,12,0,113,0,0,2,0,2,85,16,14,0,115,0,0,0,115
08/31/2020,BDL,CT,ANE,EN,Towers with Radar,93,18,49,0,160,0,0,21,2,23,93,18,70,2,183,22,0,22,205
09/01/2020,BDL,CT,ANE,EN,Towers with Radar,91,19,27,9,146,0,0,9,11,20,91,19,36,20,166,20,2,22,188
09/02/2020,BDL,CT,ANE,EN,Towers with Radar,91,13,33,13,150,0,0,0,0,0,91,13,33,13,150,0,0,0,150
09/03/2020,BDL,CT,ANE,EN,Towers with Radar,112,25,25,7,169,0,1,20,8,29,112,26,45,15,198,10,0,10,208
09/04/2020,BDL,CT,ANE,EN,Towers with Radar,100,24,20,0,144,0,1,13,0,14,100,25,33,0,158,4,0,4,162
09/05/2020,BDL,CT,ANE,EN,Towers with Radar,78,20,20,0,118,0,0,16,0,16,78,20,36,0,134,0,0,0,134
09/06/2020,BDL,CT,ANE,EN,Towers with Radar,62,17,11,0,90,0,0,4,0,4,62,17,15,0,94,8,0,8,102
09/07/2020,BDL,CT,ANE,EN,Towers with Radar,68,19,6,0,93,0,0,6,0,6,68,19,12,0,99,0,0,0,99
09/08/2020,BDL,CT,ANE,EN,Towers with Radar,65,22,23,3,113,0,1,4,6,11,65,23,27,9,124,0,0,0,124
09/09/2020,BDL,CT,ANE,EN,Towers with Radar,77,24,29,3,133,0,0,5,14,19,77,24,34,17,152,0,0,0,152
09/10/2020,BDL,CT,ANE,EN,Towers with Radar,85,24,12,5,126,0,0,0,1,1,85,24,12,6,127,0,8,8,135
09/11/2020,BDL,CT,ANE,EN,Towers with Radar,73,28,35,9,145,0,0,9,6,15,73,28,44,15,160,12,0,12,172
09/12/2020,BDL,CT,ANE,EN,Towers with Radar,54,24,11,6,95,0,0,10,13,23,54,24,21,19,118,0,0,0,118
09/13/2020,BDL,CT,ANE,EN,Towers with Radar,66,28,17,0,111,0,0,0,2,2,66,28,17,2,113,0,0,0,113
09/14/2020,BDL,CT,ANE,EN,Towers with Radar,64,23,29,3,119,0,0,10,0,10,64,23,39,3,129,18,0,18,147
09/15/2020,BDL,CT,ANE,EN,Towers with Radar,73,17,31,3,124,0,1,23,9,33,73,18,54,12,157,24,6,30,187
09/16/2020,BDL,CT,ANE,EN,Towers with Radar,75,20,34,1,130,0,0,12,10,22,75,20,46,11,152,11,0,11,163
09/17/2020,BDL,CT,ANE,EN,Towers with Radar,84,17,34,5,140,0,0,22,10,32,84,17,56,15,172,6,0,6,178
09/18/2020,BDL,CT,ANE,EN,Towers with Radar,75,21,20,7,123,0,0,1,2,3,75,21,21,9,126,0,0,0,126
09/19/2020,BDL,CT,ANE,EN,Towers with Radar,53,17,18,2,90,0,0,18,3,21,53,17,36,5,111,0,0,0,111
09/20/2020,BDL,CT,ANE,EN,Towers with Radar,71,17,17,0,105,0,0,8,0,8,71,17,25,0,113,0,0,0,113
09/21/2020,BDL,CT,ANE,EN,Towers with Radar,66,20,26,5,117,0,1,7,1,9,66,21,33,6,126,15,0,15,141
09/22/2020,BDL,CT,ANE,EN,Towers with Radar,74,16,14,3,107,0,2,4,3,9,74,18,18,6,116,12,0,12,128
09/23/2020,BDL,CT,ANE,EN,Towers with Radar,78,23,29,6,136,0,0,21,3,24,78,23,50,9,160,0,4,4,164
09/24/2020,BDL,CT,ANE,EN,Towers with Radar,87,23,32,3,145,0,2,14,9,25,87,25,46,12,170,12,2,14,184
09/25/2020,BDL,CT,ANE,EN,Towers with Radar,73,24,28,2,127,0,0,26,0,26,73,24,54,2,153,15,0,15,168
09/26/2020,BDL,CT,ANE,EN,Towers with Radar,54,21,18,2,95,0,4,6,0,10,54,25,24,2,105,0,0,0,105
09/27/2020,BDL,CT,ANE,EN,Towers with Radar,71,18,18,0,107,0,0,4,0,4,71,18,22,0,111,0,0,0,111
09/28/2020,BDL,CT,ANE,EN,Towers with Radar,66,22,19,4,111,0,0,2,0,2,66,22,21,4,113,0,0,0,113
09/29/2020,BDL,CT,ANE,EN,Towers with Radar,73,16,35,17,141,0,1,2,1,4,73,17,37,18,145,0,0,0,145
09/30/2020,BDL,CT,ANE,EN,Towers with Radar,79,22,16,4,121,0,4,0,1,5,79,26,16,5,126,0,6,6,132
10/01/2020,BDL,CT,ANE,EN,Towers with Radar,86,22,21,0,129,0,0,19,0,19,86,22,40,0,148,1,0,1,149
10/02/2020,BDL,CT,ANE,EN,Towers with Radar,77,26,25,0,128,0,0,0,0,0,77,26,25,0,128,0,0,0,128
10/03/2020,BDL,CT,ANE,EN,Towers with Radar,58,28,10,0,96,0,0,9,0,9,58,28,19,0,105,0,0,0,105
10/04/2020,BDL,CT,ANE,EN,Towers with Radar,71,21,23,0,115,0,0,12,2,14,71,21,35,2,129,6,0,6,135
10/05/2020,BDL,CT,ANE,EN,Towers with Radar,72,22,16,0,110,0,0,12,1,13,72,22,28,1,123,6,0,6,129
10/06/2020,BDL,CT,ANE,EN,Towers with Radar,71,19,12,5,107,0,0,4,5,9,71,19,16,10,116,0,0,0,116
10/07/2020,BDL,CT,ANE,EN,Towers with Radar,70,18,22,1,111,0,0,3,6,9,70,18,25,7,120,0,0,0,120
10/08/2020,BDL,CT,ANE,EN,Towers with Radar,100,22,9,8,139,0,0,4,10,14,100,22,13,18,153,4,3,7,160
10/09/2020,BDL,CT,ANE,EN,Towers with Radar,87,29,20,0,136,0,0,16,2,18,87,29,36,2,154,0,0,0,154
10/10/2020,BDL,CT,ANE,EN,Towers with Radar,69,20,9,0,98,0,3,3,0,6,69,23,12,0,104,0,0,0,104
10/11/2020,BDL,CT,ANE,EN,Towers with Radar,78,17,15,0,110,0,0,5,0,5,78,17,20,0,115,0,0,0,115
10/12/2020,BDL,CT,ANE,EN,Towers with Radar,82,19,41,0,142,0,0,1,0,1,82,19,42,0,143,0,0,0,143
10/13/2020,BDL,CT,ANE,EN,Towers with Radar,76,17,22,4,119,0,0,0,0,0,76,17,22,4,119,0,0,0,119
10/14/2020,BDL,CT,ANE,EN,Towers with Radar,74,22,36,7,139,0,0,24,12,36,74,22,60,19,175,6,0,6,181
10/15/2020,BDL,CT,ANE,EN,Towers with Radar,95,24,25,5,149,1,5,7,15,28,96,29,32,20,177,0,0,0,177
10/16/2020,BDL,CT,ANE,EN,Towers with Radar,86,32,38,6,162,0,0,0,0,0,86,32,38,6,162,8,0,8,170
10/17/2020,BDL,CT,ANE,EN,Towers with Radar,67,18,19,5,109,0,0,13,11,24,67,18,32,16,133,0,0,0,133
10/18/2020,BDL,CT,ANE,EN,Towers with Radar,83,24,23,1,131,0,0,16,11,27,83,24,39,12,158,0,0,0,158
10/19/2020,BDL,CT,ANE,EN,Towers with Radar,79,22,24,4,129,0,0,10,0,10,79,22,34,4,139,10,0,10,149
10/20/2020,BDL,CT,ANE,EN,Towers with Radar,73,22,28,10,133,0,0,2,2,4,73,22,30,12,137,12,0,12,149
10/21/2020,BDL,CT,ANE,EN,Towers with Radar,74,15,31,9,129,0,0,2,7,9,74,15,33,16,138,10,4,14,152
10/22/2020,BDL,CT,ANE,EN,Towers with Radar,93,19,28,2,142,0,0,14,11,25,93,19,42,13,167,12,0,12,179
10/23/2020,BDL,CT,ANE,EN,Towers with Radar,78,41,25,0,144,0,0,0,0,0,78,41,25,0,144,0,0,0,144
10/24/2020,BDL,CT,ANE,EN,Towers with Radar,64,23,16,2,105,0,0,3,0,3,64,23,19,2,108,0,0,0,108
10/25/2020,BDL,CT,ANE,EN,Towers with Radar,74,25,15,0,114,0,0,13,0,13,74,25,28,0,127,0,0,0,127
10/26/2020,BDL,CT,ANE,EN,Towers with Radar,76,13,36,22,147,0,0,3,0,3,76,13,39,22,150,0,0,0,150
10/27/2020,BDL,CT,ANE,EN,Towers with Radar,73,19,42,7,141,0,1,17,9,27,73,20,59,16,168,6,7,13,181
10/28/2020,BDL,CT,ANE,EN,Towers with Radar,71,23,26,8,128,0,0,1,0,1,71,23,27,8,129,0,0,0,129
10/29/2020,BDL,CT,ANE,EN,Towers with Radar,94,22,21,5,142,0,0,0,0,0,94,22,21,5,142,0,0,0,142
10/30/2020,BDL,CT,ANE,EN,Towers with Radar,82,24,13,0,119,0,0,0,0,0,82,24,13,0,119,0,0,0,119
10/31/2020,BDL,CT,ANE,EN,Towers with Radar,53,10,22,0,85,0,0,16,0,16,53,10,38,0,101,6,0,6,107
11/01/2020,BDL,CT,ANE,EN,Towers with Radar,84,19,10,0,113,0,0,0,0,0,84,19,10,0,113,0,0,0,113
11/02/2020,BDL,CT,ANE,EN,Towers with Radar,73,20,24,4,121,0,0,3,0,3,73,20,27,4,124,0,0,0,124
11/03/2020,BDL,CT,ANE,EN,Towers with Radar,68,18,11,7,104,0,1,8,13,22,68,19,19,20,126,28,10,38,164
11/04/2020,BDL,CT,ANE,EN,Towers with Radar,82,19,15,3,119,0,0,12,12,24,82,19,27,15,143,12,0,12,155
11/05/2020,BDL,CT,ANE,EN,Towers with Radar,98,21,21,4,144,0,0,14,8,22,98,21,35,12,166,0,0,0,166
11/06/2020,BDL,CT,ANE,EN,Towers with Radar,95,12,20,2,129,0,0,15,3,18,95,12,35,5,147,0,0,0,147
11/07/2020,BDL,CT,ANE,EN,Towers with Radar,80,19,5,1,105,0,1,7,2,10,80,20,12,3,115,17,0,17,132
11/08/2020,BDL,CT,ANE,EN,Towers with Radar,87,13,15,2,117,0,0,14,0,14,87,13,29,2,131,0,0,0,131
11/09/2020,BDL,CT,ANE,EN,Towers with Radar,88,17,14,4,123,0,0,21,2,23,88,17,35,6,146,0,6,6,152
11/10/2020,BDL,CT,ANE,EN,Towers with Radar,87,14,15,5,121,0,0,10,9,19,87,14,25,14,140,0,0,0,140
11/11/2020,BDL,CT,ANE,EN,Towers with Radar,89,27,29,0,145,0,0,1,0,1,89,27,30,0,146,0,0,0,146
11/12/2020,BDL,CT,ANE,EN,Towers with Radar,102,25,28,2,157,0,0,2,18,20,102,25,30,20,177,10,0,10,187
11/13/2020,BDL,CT,ANE,EN,Towers with Radar,101,22,15,0,138,0,0,0,0,0,101,22,15,0,138,0,0,0,138
11/14/2020,BDL,CT,ANE,EN,Towers with Radar,80,18,14,0,112,0,0,10,0,10,80,18,24,0,122,0,0,0,122
11/15/2020,BDL,CT,ANE,EN,Towers with Radar,93,22,9,2,126,0,0,2,0,2,93,22,11,2,128,0,0,0,128
11/16/2020,BDL,CT,ANE,EN,Towers with Radar,89,20,17,4,130,0,0,3,2,5,89,20,20,6,135,0,0,0,135
11/17/2020,BDL,CT,ANE,EN,Towers with Radar,88,13,21,5,127,0,1,7,8,16,88,14,28,13,143,12,0,12,155
11/18/2020,BDL,CT,ANE,EN,Towers with Radar,92,23,24,7,146,0,1,17,8,26,92,24,41,15,172,50,0,50,222
11/19/2020,BDL,CT,ANE,EN,Towers with Radar,106,27,14,2,149,0,2,9,10,21,106,29,23,12,170,12,0,12,182
11/20/2020,BDL,CT,ANE,EN,Towers with Radar,110,22,40,2,174,0,0,8,5,13,110,22,48,7,187,0,0,0,187
11/21/2020,BDL,CT,ANE,EN,Towers with Radar,97,24,34,10,165,0,0,27,9,36,97,24,61,19,201,1,0,1,202
11/22/2020,BDL,CT,ANE,EN,Towers with Radar,98,16,19,2,135,0,0,6,14,20,98,16,25,16,155,0,0,0,155
11/23/2020,BDL,CT,ANE,EN,Towers with Radar,99,15,15,2,131,0,0,2,0,2,99,15,17,2,133,2,0,2,135
11/24/2020,BDL,CT,ANE,EN,Towers with Radar,121,27,22,2,172,0,3,20,11,34,121,30,42,13,206,0,0,0,206
11/25/2020,BDL,CT,ANE,EN,Towers with Radar,131,20,14,2,167,0,0,6,6,12,131,20,20,8,179,0,4,4,183
11/26/2020,BDL,CT,ANE,EN,Towers with Radar,52,7,2,0,61,0,0,0,0,0,52,7,2,0,61,0,0,0,61
11/27/2020,BDL,CT,ANE,EN,Towers with Radar,84,16,19,0,119,0,1,12,0,13,84,17,31,0,132,1,0,1,133
11/28/2020,BDL,CT,ANE,EN,Towers with Radar,98,22,15,0,135,0,0,1,0,1,98,22,16,0,136,0,0,0,136
11/29/2020,BDL,CT,ANE,EN,Towers with Radar,110,25,20,0,155,0,0,7,0,7,110,25,27,0,162,0,0,0,162
11/30/2020,BDL,CT,ANE,EN,Towers with Radar,137,27,15,0,179,0,0,0,0,0,137,27,15,0,179,0,0,0,179
12/01/2020,BDL,CT,ANE,EN,Towers with Radar,114,26,22,7,169,0,0,2,1,3,114,26,24,8,172,12,0,12,184
12/02/2020,BDL,CT,ANE,EN,Towers with Radar,92,22,10,3,127,0,0,4,2,6,92,22,14,5,133,0,0,0,133
12/03/2020,BDL,CT,ANE,EN,Towers with Radar,102,18,27,9,156,0,0,24,7,31,102,18,51,16,187,36,4,40,227
12/04/2020,BDL,CT,ANE,EN,Towers with Radar,95,20,21,0,136,0,0,6,4,10,95,20,27,4,146,0,0,0,146
12/05/2020,BDL,CT,ANE,EN,Towers with Radar,72,18,6,0,96,0,0,0,0,0,72,18,6,0,96,0,0,0,96
12/06/2020,BDL,CT,ANE,EN,Towers with Radar,81,11,9,0,101,0,0,5,0,5,81,11,14,0,106,0,0,0,106
12/07/2020,BDL,CT,ANE,EN,Towers with Radar,83,11,17,5,116,0,0,9,0,9,83,11,26,5,125,14,0,14,139
12/08/2020,BDL,CT,ANE,EN,Towers with Radar,90,15,33,2,140,0,0,16,3,19,90,15,49,5,159,18,0,18,177
12/09/2020,BDL,CT,ANE,EN,Towers with Radar,83,23,16,1,123,0,0,5,5,10,83,23,21,6,133,5,0,5,138
12/10/2020,BDL,CT,ANE,EN,Towers with Radar,102,18,20,5,145,0,0,17,8,25,102,18,37,13,170,14,10,24,194
12/11/2020,BDL,CT,ANE,EN,Towers with Radar,88,15,22,2,127,0,1,23,0,24,88,16,45,2,151,0,0,0,151
12/12/2020,BDL,CT,ANE,EN,Towers with Radar,71,23,13,0,107,0,0,0,0,0,71,23,13,0,107,0,0,0,107
12/13/2020,BDL,CT,ANE,EN,Towers with Radar,79,21,15,0,115,0,0,2,0,2,79,21,17,0,117,0,0,0,117
12/14/2020,BDL,CT,ANE,EN,Towers with Radar,85,14,15,2,116,0,0,0,0,0,85,14,15,2,116,0,0,0,116
12/15/2020,BDL,CT,ANE,EN,Towers with Radar,95,20,12,4,131,0,0,12,11,23,95,20,24,15,154,6,2,8,162
12/16/2020,BDL,CT,ANE,EN,Towers with Radar,78,15,16,7,116,0,0,15,5,20,78,15,31,12,136,0,0,0,136
12/17/2020,BDL,CT,ANE,EN,Towers with Radar,98,10,8,0,116,0,0,0,3,3,98,10,8,3,119,0,0,0,119
12/18/2020,BDL,CT,ANE,EN,Towers with Radar,115,26,41,0,182,0,0,12,2,14,115,26,53,2,196,15,0,15,211
12/19/2020,BDL,CT,ANE,EN,Towers with Radar,115,22,27,0,164,0,0,16,0,16,115,22,43,0,180,0,0,0,180
12/20/2020,BDL,CT,ANE,EN,Towers with Radar,112,21,11,0,144,0,0,0,0,0,112,21,11,0,144,0,0,0,144
12/21/2020,BDL,CT,ANE,EN,Towers with Radar,98,16,20,0,134,0,0,0,2,2,98,16,20,2,136,0,0,0,136
12/22/2020,BDL,CT,ANE,EN,Towers with Radar,119,21,21,4,165,0,0,14,19,33,119,21,35,23,198,8,0,8,206
12/23/2020,BDL,CT,ANE,EN,Towers with Radar,129,23,17,2,171,0,0,16,0,16,129,23,33,2,187,12,0,12,199
12/24/2020,BDL,CT,ANE,EN,Towers with Radar,89,11,7,0,107,0,0,4,0,4,89,11,11,0,111,0,0,0,111
12/25/2020,BDL,CT,ANE,EN,Towers with Radar,54,10,0,0,64,0,0,0,0,0,54,10,0,0,64,0,0,0,64
12/26/2020,BDL,CT,ANE,EN,Towers with Radar,85,20,19,0,124,0,0,8,0,8,85,20,27,0,132,0,0,0,132
12/27/2020,BDL,CT,ANE,EN,Towers with Radar,105,18,30,0,153,0,1,24,0,25,105,19,54,0,178,0,0,0,178
12/28/2020,BDL,CT,ANE,EN,Towers with Radar,100,20,22,0,142,0,0,8,0,8,100,20,30,0,150,12,0,12,162
12/29/2020,BDL,CT,ANE,EN,Towers with Radar,110,32,27,2,171,0,1,9,0,10,110,33,36,2,181,16,0,16,197
12/30/2020,BDL,CT,ANE,EN,Towers with Radar,116,24,32,1,173,0,1,15,2,18,116,25,47,3,191,0,0,0,191
12/31/2020,BDL,CT,ANE,EN,Towers with Radar,86,14,14,0,114,0,0,3,0,3,86,14,17,0,117,24,0,24,141
01/01/2021,BDL,CT,ANE,EN,Towers with Radar,61,4,10,0,75,0,0,4,0,4,61,4,14,0,79,7,0,7,86
01/02/2021,BDL,CT,ANE,EN,Towers with Radar,98,16,21,0,135,0,0,5,0,5,98,16,26,0,140,0,0,0,140
01/03/2021,BDL,CT,ANE,EN,Towers with Radar,109,18,13,0,140,0,0,0,0,0,109,18,13,0,140,0,0,0,140
01/04/2021,BDL,CT,ANE,EN,Towers with Radar,97,22,17,2,138,0,0,11,1,12,97,22,28,3,150,0,0,0,150
01/05/2021,BDL,CT,ANE,EN,Towers with Radar,90,25,17,4,136,0,0,9,14,23,90,25,26,18,159,26,0,26,185
01/06/2021,BDL,CT,ANE,EN,Towers with Radar,93,20,20,7,140,1,0,8,13,22,94,20,28,20,162,0,0,0,162
01/07/2021,BDL,CT,ANE,EN,Towers with Radar,89,27,18,9,143,0,4,4,16,24,89,31,22,25,167,12,0,12,179
01/08/2021,BDL,CT,ANE,EN,Towers with Radar,89,21,25,3,138,0,0,12,2,14,89,21,37,5,152,0,0,0,152
01/09/2021,BDL,CT,ANE,EN,Towers with Radar,71,29,14,3,117,0,0,14,2,16,71,29,28,5,133,6,0,6,139
01/10/2021,BDL,CT,ANE,EN,Towers with Radar,77,19,14,0,110,0,0,16,0,16,77,19,30,0,126,0,0,0,126
01/11/2021,BDL,CT,ANE,EN,Towers with Radar,78,22,28,2,130,0,0,21,1,22,78,22,49,3,152,0,0,0,152
01/12/2021,BDL,CT,ANE,EN,Towers with Radar,83,18,20,7,128,0,0,9,11,20,83,18,29,18,148,4,0,4,152
01/13/2021,BDL,CT,ANE,EN,Towers with Radar,82,22,26,2,132,0,0,18,10,28,82,22,44,12,160,22,0,22,182
01/14/2021,BDL,CT,ANE,EN,Towers with Radar,89,24,20,0,133,0,0,1,0,1,89,24,21,0,134,0,0,0,134
01/15/2021,BDL,CT,ANE,EN,Towers with Radar,90,19,14,6,129,0,0,0,0,0,90,19,14,6,129,0,0,0,129
01/16/2021,BDL,CT,ANE,EN,Towers with Radar,71,22,11,0,104,0,0,0,0,0,71,22,11,0,104,0,0,0,104
01/17/2021,BDL,CT,ANE,EN,Towers with Radar,68,20,7,0,95,0,0,3,0,3,68,20,10,0,98,0,0,0,98
01/18/2021,BDL,CT,ANE,EN,Towers with Radar,75,23,33,0,131,0,0,11,0,11,75,23,44,0,142,0,0,0,142
01/19/2021,BDL,CT,ANE,EN,Towers with Radar,76,23,14,5,118,0,0,4,8,12,76,23,18,13,130,0,0,0,130
01/20/2021,BDL,CT,ANE,EN,Towers with Radar,83,20,32,4,139,0,0,7,10,17,83,20,39,14,156,10,0,10,166
01/21/2021,BDL,CT,ANE,EN,Towers with Radar,85,26,18,11,140,0,0,12,18,30,85,26,30,29,170,16,0,16,186
01/22/2021,BDL,CT,ANE,EN,Towers with Radar,88,28,16,0,132,0,0,12,0,12,88,28,28,0,144,0,0,0,144
01/23/2021,BDL,CT,ANE,EN,Towers with Radar,72,25,5,1,103,0,0,2,0,2,72,25,7,1,105,0,0,0,105
01/24/2021,BDL,CT,ANE,EN,Towers with Radar,74,18,18,2,112,0,0,6,0,6,74,18,24,2,118,0,0,0,118
01/25/2021,BDL,CT,ANE,EN,Towers with Radar,77,19,31,10,137,0,0,21,1,22,77,19,52,11,159,0,0,0,159
01/26/2021,BDL,CT,ANE,EN,Towers with Radar,77,22,21,1,121,0,0,10,9,19,77,22,31,10,140,2,0,2,142
01/27/2021,BDL,CT,ANE,EN,Towers with Radar,85,21,14,5,125,0,0,4,15,19,85,21,18,20,144,0,0,0,144
01/28/2021,BDL,CT,ANE,EN,Towers with Radar,83,20,25,8,136,0,9,21,22,52,83,29,46,30,188,65,16,81,269
01/29/2021,BDL,CT,ANE,EN,Towers with Radar,83,25,23,3,134,0,0,9,1,10,83,25,32,4,144,20,0,20,164
01/30/2021,BDL,CT,ANE,EN,Towers with Radar,73,31,27,0,131,0,0,18,0,18,73,31,45,0,149,13,0,13,162
01/31/2021,BDL,CT,ANE,EN,Towers with Radar,71,31,26,2,130,0,0,18,7,25,71,31,44,9,155,4,2,6,161
02/01/2021,BDL,CT,ANE,EN,Towers with Radar,26,6,2,0,34,0,0,0,0,0,26,6,2,0,34,0,0,0,34
02/02/2021,BDL,CT,ANE,EN,Towers with Radar,61,15,14,0,90,0,0,0,0,0,61,15,14,0,90,0,0,0,90
02/03/2021,BDL,CT,ANE,EN,Towers with Radar,84,20,24,6,134,0,0,9,12,21,84,20,33,18,155,19,0,19,174
02/04/2021,BDL,CT,ANE,EN,Towers with Radar,88,30,33,7,158,0,0,27,13,40,88,30,60,20,198,18,0,18,216
02/05/2021,BDL,CT,ANE,EN,Towers with Radar,87,23,19,0,129,0,0,1,0,1,87,23,20,0,130,0,0,0,130
02/06/2021,BDL,CT,ANE,EN,Towers with Radar,73,23,9,0,105,0,0,2,0,2,73,23,11,0,107,6,0,6,113
02/07/2021,BDL,CT,ANE,EN,Towers with Radar,66,18,6,0,90,0,0,0,0,0,66,18,6,0,90,0,0,0,90
02/08/2021,BDL,CT,ANE,EN,Towers with Radar,80,21,38,1,140,0,0,14,2,16,80,21,52,3,156,24,0,24,180
02/09/2021,BDL,CT,ANE,EN,Towers with Radar,72,20,13,0,105,0,0,0,0,0,72,20,13,0,105,0,0,0,105
02/10/2021,BDL,CT,ANE,EN,Towers with Radar,81,21,26,7,135,0,0,19,12,31,81,21,45,19,166,0,8,8,174
02/11/2021,BDL,CT,ANE,EN,Towers with Radar,89,23,34,14,160,0,0,9,12,21,89,23,43,26,181,8,0,8,189
02/12/2021,BDL,CT,ANE,EN,Towers with Radar,97,25,36,0,158,0,0,14,0,14,97,25,50,0,172,1,0,1,173
02/13/2021,BDL,CT,ANE,EN,Towers with Radar,80,25,13,0,118,0,0,20,2,22,80,25,33,2,140,0,0,0,140
02/14/2021,BDL,CT,ANE,EN,Towers with Radar,77,14,15,0,106,0,0,1,0,1,77,14,16,0,107,0,0,0,107
02/15/2021,BDL,CT,ANE,EN,Towers with Radar,75,20,8,0,103,0,0,1,0,1,75,20,9,0,104,0,0,0,104
02/16/2021,BDL,CT,ANE,EN,Towers with Radar,71,15,17,0,103,0,0,0,0,0,71,15,17,0,103,2,0,2,105
02/17/2021,BDL,CT,ANE,EN,Towers with Radar,82,30,22,2,136,0,0,21,18,39,82,30,43,20,175,24,0,24,199
02/18/2021,BDL,CT,ANE,EN,Towers with Radar,98,21,14,0,133,0,1,1,0,2,98,22,15,0,135,0,0,0,135
02/19/2021,BDL,CT,ANE,EN,Towers with Radar,94,23,8,0,125,0,0,0,0,0,94,23,8,0,125,0,0,0,125
02/20/2021,BDL,CT,ANE,EN,Towers with Radar,82,19,21,2,124,0,0,14,0,14,82,19,35,2,138,0,0,0,138
02/21/2021,BDL,CT,ANE,EN,Towers with Radar,84,23,16,0,123,0,0,16,0,16,84,23,32,0,139,0,0,0,139
02/22/2021,BDL,CT,ANE,EN,Towers with Radar,91,17,21,0,129,0,0,0,0,0,91,17,21,0,129,4,0,4,133
02/23/2021,BDL,CT,ANE,EN,Towers with Radar,90,16,29,5,140,0,0,16,11,27,90,16,45,16,167,23,0,23,190
02/24/2021,BDL,CT,ANE,EN,Towers with Radar,92,21,19,1,133,0,0,15,3,18,92,21,34,4,151,0,0,0,151
02/25/2021,BDL,CT,ANE,EN,Towers with Radar,98,20,16,5,139,0,0,0,15,15,98,20,16,20,154,0,0,0,154
02/26/2021,BDL,CT,ANE,EN,Towers with Radar,95,23,30,0,148,0,2,26,0,28,95,25,56,0,176,4,0,4,180
02/27/2021,BDL,CT,ANE,EN,Towers with Radar,77,23,14,0,114,0,0,0,0,0,77,23,14,0,114,0,0,0,114
02/28/2021,BDL,CT,ANE,EN,Towers with Radar,86,18,17,2,123,0,0,5,0,5,86,18,22,2,128,0,0,0,128
03/01/2021,BDL,CT,ANE,EN,Towers with Radar,86,22,17,2,127,0,0,3,0,3,86,22,20,2,130,0,0,0,130
03/02/2021,BDL,CT,ANE,EN,Towers with Radar,88,12,19,0,119,0,1,9,0,10,88,13,28,0,129,4,0,4,133
03/03/2021,BDL,CT,ANE,EN,Towers with Radar,88,18,33,8,147,0,1,25,13,39,88,19,58,21,186,0,4,4,190
03/04/2021,BDL,CT,ANE,EN,Towers with Radar,106,23,22,8,159,0,0,2,15,17,106,23,24,23,176,6,0,6,182
03/05/2021,BDL,CT,ANE,EN,Towers with Radar,106,36,25,3,170,0,0,4,2,6,106,36,29,5,176,10,0,10,186
03/06/2021,BDL,CT,ANE,EN,Towers with Radar,86,23,25,5,139,0,0,10,1,11,86,23,35,6,150,1,4,5,155
03/07/2021,BDL,CT,ANE,EN,Towers with Radar,94,25,21,1,141,0,0,12,0,12,94,25,33,1,153,8,0,8,161
03/08/2021,BDL,CT,ANE,EN,Towers with Radar,106,23,28,1,158,0,0,19,1,20,106,23,47,2,178,0,0,0,178
03/09/2021,BDL,CT,ANE,EN,Towers with Radar,98,30,19,2,149,0,1,11,13,25,98,31,30,15,174,0,0,0,174
03/10/2021,BDL,CT,ANE,EN,Towers with Radar,110,23,25,0,158,0,1,9,12,22,110,24,34,12,180,0,0,0,180
03/11/2021,BDL,CT,ANE,EN,Towers with Radar,115,34,33,3,185,0,5,5,14,24,115,39,38,17,209,0,0,0,209
03/12/2021,BDL,CT,ANE,EN,Towers with Radar,114,26,29,3,172,0,0,9,6,15,114,26,38,9,187,8,0,8,195
03/13/2021,BDL,CT,ANE,EN,Towers with Radar,88,27,11,0,126,0,0,12,0,12,88,27,23,0,138,0,0,0,138
03/14/2021,BDL,CT,ANE,EN,Towers with Radar,94,30,14,0,138,0,0,0,0,0,94,30,14,0,138,0,0,0,138
03/15/2021,BDL,CT,ANE,EN,Towers with Radar,100,29,18,0,147,0,0,4,0,4,100,29,22,0,151,0,0,0,151
03/16/2021,BDL,CT,ANE,EN,Towers with Radar,108,23,20,2,153,0,1,10,14,25,108,24,30,16,178,2,0,2,180
03/17/2021,BDL,CT,ANE,EN,Towers with Radar,114,29,21,3,167,0,0,6,21,27,114,29,27,24,194,0,0,0,194
03/18/2021,BDL,CT,ANE,EN,Towers with Radar,109,27,34,2,172,0,0,0,0,0,109,27,34,2,172,0,0,0,172
03/19/2021,BDL,CT,ANE,EN,Towers with Radar,105,27,11,0,143,0,0,3,8,11,105,27,14,8,154,9,0,9,163
03/20/2021,BDL,CT,ANE,EN,Towers with Radar,92,17,22,0,131,0,0,20,20,40,92,17,42,20,171,0,0,0,171
03/21/2021,BDL,CT,ANE,EN,Towers with Radar,99,24,16,0,139,0,0,18,6,24,99,24,34,6,163,16,0,16,179
03/22/2021,BDL,CT,ANE,EN,Towers with Radar,102,23,25,4,154,0,0,13,2,15,102,23,38,6,169,0,2,2,171
03/23/2021,BDL,CT,ANE,EN,Towers with Radar,118,27,27,7,179,0,0,17,11,28,118,27,44,18,207,14,12,26,233
03/24/2021,BDL,CT,ANE,EN,Towers with Radar,118,23,29,5,175,0,0,17,12,29,118,23,46,17,204,32,0,32,236
03/25/2021,BDL,CT,ANE,EN,Towers with Radar,111,36,19,3,169,0,0,5,9,14,111,36,24,12,183,12,0,12,195
03/26/2021,BDL,CT,ANE,EN,Towers with Radar,113,39,32,0,184,0,0,0,0,0,113,39,32,0,184,0,0,0,184
03/27/2021,BDL,CT,ANE,EN,Towers with Radar,90,25,32,0,147,0,0,15,0,15,90,25,47,0,162,0,0,0,162
03/28/2021,BDL,CT,ANE,EN,Towers with Radar,102,40,20,2,164,0,0,1,0,1,102,40,21,2,165,0,0,0,165
03/29/2021,BDL,CT,ANE,EN,Towers with Radar,102,35,20,7,164,0,1,7,7,15,102,36,27,14,179,0,0,0,179
03/30/2021,BDL,CT,ANE,EN,Towers with Radar,107,25,28,4,164,0,0,10,15,25,107,25,38,19,189,12,0,12,201
03/31/2021,BDL,CT,ANE,EN,Towers with Radar,113,24,17,16,170,0,0,3,9,12,113,24,20,25,182,0,6,6,188
04/01/2021,BDL,CT,ANE,EN,Towers with Radar,112,27,14,6,159,0,2,0,18,20,112,29,14,24,179,0,0,0,179
04/02/2021,BDL,CT,ANE,EN,Towers with Radar,114,30,23,1,168,0,1,9,0,10,114,31,32,1,178,0,0,0,178
04/03/2021,BDL,CT,ANE,EN,Towers with Radar,100,23,19,0,142,0,0,8,0,8,100,23,27,0,150,0,0,0,150
04/04/2021,BDL,CT,ANE,EN,Towers with Radar,105,22,7,0,134,0,0,3,0,3,105,22,10,0,137,0,0,0,137
04/05/2021,BDL,CT,ANE,EN,Towers with Radar,112,33,27,1,173,0,0,9,3,12,112,33,36,4,185,6,0,6,191
04/06/2021,BDL,CT,ANE,EN,Towers with Radar,117,31,28,9,185,0,0,20,11,31,117,31,48,20,216,0,0,0,216
04/07/2021,BDL,CT,ANE,EN,Towers with Radar,120,28,28,9,185,0,0,20,21,41,120,28,48,30,226,0,0,0,226
04/08/2021,BDL,CT,ANE,EN,Towers with Radar,132,28,18,4,182,0,0,14,13,27,132,28,32,17,209,10,0,10,219
04/09/2021,BDL,CT,ANE,EN,Towers with Radar,129,31,29,2,191,0,0,22,0,22,129,31,51,2,213,14,0,14,227
04/10/2021,BDL,CT,ANE,EN,Towers with Radar,105,25,21,0,151,0,0,8,3,11,105,25,29,3,162,0,4,4,166
04/11/2021,BDL,CT,ANE,EN,Towers with Radar,97,23,16,0,136,0,0,0,0,0,97,23,16,0,136,1,0,1,137
04/12/2021,BDL,CT,ANE,EN,Towers with Radar,113,29,24,1,167,0,0,3,5,8,113,29,27,6,175,0,0,0,175
04/13/2021,BDL,CT,ANE,EN,Towers with Radar,120,22,28,2,172,0,0,15,8,23,120,22,43,10,195,4,0,4,199
04/14/2021,BDL,CT,ANE,EN,Towers with Radar,114,24,20,2,160,0,0,17,13,30,114,24,37,15,190,0,0,0,190
04/15/2021,BDL,CT,ANE,EN,Towers with Radar,132,26,22,0,180,0,0,0,0,0,132,26,22,0,180,0,0,0,180
04/16/2021,BDL,CT,ANE,EN,Towers with Radar,134,28,18,1,181,0,0,0,0,0,134,28,18,1,181,0,0,0,181
04/17/2021,BDL,CT,ANE,EN,Towers with Radar,124,33,11,0,168,0,0,7,0,7,124,33,18,0,175,0,0,0,175
04/18/2021,BDL,CT,ANE,EN,Towers with Radar,121,22,14,3,160,0,0,3,0,3,121,22,17,3,163,0,0,0,163
04/19/2021,BDL,CT,ANE,EN,Towers with Radar,119,26,19,2,166,0,0,16,2,18,119,26,35,4,184,2,0,2,186
04/20/2021,BDL,CT,ANE,EN,Towers with Radar,118,37,12,10,177,0,0,5,11,16,118,37,17,21,193,2,8,10,203
04/21/2021,BDL,CT,ANE,EN,Towers with Radar,117,27,7,6,157,0,0,2,6,8,117,27,9,12,165,2,0,2,167
04/22/2021,BDL,CT,ANE,EN,Towers with Radar,130,32,18,6,186,0,0,2,8,10,130,32,20,14,196,0,0,0,196
04/23/2021,BDL,CT,ANE,EN,Towers with Radar,127,35,21,3,186,0,0,7,9,16,127,35,28,12,202,0,0,0,202
04/24/2021,BDL,CT,ANE,EN,Towers with Radar,113,26,21,3,163,0,0,14,15,29,113,26,35,18,192,0,0,0,192
04/25/2021,BDL,CT,ANE,EN,Towers with Radar,120,23,36,5,184,0,0,6,3,9,120,23,42,8,193,0,0,0,193
04/26/2021,BDL,CT,ANE,EN,Towers with Radar,113,22,21,2,158,0,0,0,4,4,113,22,21,6,162,0,0,0,162
04/27/2021,BDL,CT,ANE,EN,Towers with Radar,118,27,32,12,189,0,1,26,5,32,118,28,58,17,221,0,4,4,225
04/28/2021,BDL,CT,ANE,EN,Towers with Radar,116,30,30,7,183,0,1,22,6,29,116,31,52,13,212,26,4,30,242
04/29/2021,BDL,CT,ANE,EN,Towers with Radar,126,32,30,8,196,0,0,1,0,1,126,32,31,8,197,0,0,0,197
04/30/2021,BDL,CT,ANE,EN,Towers with Radar,123,34,17,1,175,0,0,0,2,2,123,34,17,3,177,0,0,0,177
05/01/2021,BDL,CT,ANE,EN,Towers with Radar,104,23,14,0,141,0,0,8,0,8,104,23,22,0,149,6,0,6,155
05/02/2021,BDL,CT,ANE,EN,Towers with Radar,110,23,23,0,156,0,0,10,0,10,110,23,33,0,166,0,0,0,166
05/03/2021,BDL,CT,ANE,EN,Towers with Radar,109,36,31,8,184,0,10,15,6,31,109,46,46,14,215,2,2,4,219
05/04/2021,BDL,CT,ANE,EN,Towers with Radar,111,45,31,5,192,0,0,1,0,1,111,45,32,5,193,0,0,0,193
05/05/2021,BDL,CT,ANE,EN,Towers with Radar,121,24,10,8,163,0,0,0,0,0,121,24,10,8,163,0,0,0,163
05/06/2021,BDL,CT,ANE,EN,Towers with Radar,126,27,35,3,191,0,0,20,16,36,126,27,55,19,227,34,0,34,261
05/07/2021,BDL,CT,ANE,EN,Towers with Radar,125,39,28,3,195,0,0,15,7,22,125,39,43,10,217,0,0,0,217
05/08/2021,BDL,CT,ANE,EN,Towers with Radar,108,26,15,0,149,0,0,8,0,8,108,26,23,0,157,0,0,0,157
05/09/2021,BDL,CT,ANE,EN,Towers with Radar,109,19,14,2,144,0,0,5,0,5,109,19,19,2,149,4,0,4,153
05/10/2021,BDL,CT,ANE,EN,Towers with Radar,111,26,24,2,163,0,0,3,2,5,111,26,27,4,168,18,0,18,186
05/11/2021,BDL,CT,ANE,EN,Towers with Radar,124,33,18,12,187,0,2,7,14,23,124,35,25,26,210,0,0,0,210
05/12/2021,BDL,CT,ANE,EN,Towers with Radar,126,30,31,7,194,0,1,10,20,31,126,31,41,27,225,2,2,4,229
05/13/2021,BDL,CT,ANE,EN,Towers with Radar,125,38,24,9,196,0,0,11,12,23,125,38,35,21,219,5,0,5,224
05/14/2021,BDL,CT,ANE,EN,Towers with Radar,121,37,22,2,182,0,0,20,4,24,121,37,42,6,206,0,0,0,206
05/15/2021,BDL,CT,ANE,EN,Towers with Radar,106,31,12,2,151,0,0,15,0,15,106,31,27,2,166,0,0,0,166
05/16/2021,BDL,CT,ANE,EN,Towers with Radar,109,32,27,2,170,0,3,5,0,8,109,35,32,2,178,0,0,0,178
05/17/2021,BDL,CT,ANE,EN,Towers with Radar,114,33,25,11,183,0,2,3,1,6,114,35,28,12,189,0,0,0,189
05/18/2021,BDL,CT,ANE,EN,Towers with Radar,128,43,29,10,210,0,1,20,14,35,128,44,49,24,245,18,8,26,271
05/19/2021,BDL,CT,ANE,EN,Towers with Radar,123,38,25,8,194,0,0,8,14,22,123,38,33,22,216,0,0,0,216
05/20/2021,BDL,CT,ANE,EN,Towers with Radar,129,33,23,2,187,0,0,9,8,17,129,33,32,10,204,2,0,2,206
05/21/2021,BDL,CT,ANE,EN,Towers with Radar,121,37,29,2,189,0,0,16,6,22,121,37,45,8,211,0,0,0,211
05/22/2021,BDL,CT,ANE,EN,Towers with Radar,105,32,17,0,154,0,0,9,8,17,105,32,26,8,171,0,0,0,171
05/23/2021,BDL,CT,ANE,EN,Towers with Radar,116,29,15,2,162,0,0,2,11,13,116,29,17,13,175,1,0,1,176
05/24/2021,BDL,CT,ANE,EN,Towers with Radar,118,32,29,1,180,0,0,9,3,12,118,32,38,4,192,0,0,0,192
05/25/2021,BDL,CT,ANE,EN,Towers with Radar,126,30,22,4,182,0,0,6,13,19,126,30,28,17,201,12,4,16,217
05/26/2021,BDL,CT,ANE,EN,Towers with Radar,130,32,35,17,214,0,1,15,8,24,130,33,50,25,238,0,0,0,238
05/27/2021,BDL,CT,ANE,EN,Towers with Radar,137,40,28,2,207,0,0,16,17,33,137,40,44,19,240,6,0,6,246
05/28/2021,BDL,CT,ANE,EN,Towers with Radar,126,35,20,0,181,0,0,7,0,7,126,35,27,0,188,0,0,0,188
05/29/2021,BDL,CT,ANE,EN,Towers with Radar,99,35,7,0,141,0,0,0,0,0,99,35,7,0,141,12,0,12,153
05/30/2021,BDL,CT,ANE,EN,Towers with Radar,97,25,10,0,132,0,0,0,0,0,97,25,10,0,132,0,0,0,132
05/31/2021,BDL,CT,ANE,EN,Towers with Radar,103,31,28,0,162,0,0,3,4,7,103,31,31,4,169,0,0,0,169
06/01/2021,BDL,CT,ANE,EN,Towers with Radar,108,27,24,1,160,0,0,18,7,25,108,27,42,8,185,9,0,9,194
06/02/2021,BDL,CT,ANE,EN,Towers with Radar,124,34,25,3,186,0,2,8,20,30,124,36,33,23,216,0,0,0,216
06/03/2021,BDL,CT,ANE,EN,Towers with Radar,124,36,26,5,191,0,0,0,0,0,124,36,26,5,191,0,0,0,191
06/04/2021,BDL,CT,ANE,EN,Towers with Radar,129,40,24,2,195,0,0,6,0,6,129,40,30,2,201,14,0,14,215
06/05/2021,BDL,CT,ANE,EN,Towers with Radar,112,30,11,0,153,0,0,3,0,3,112,30,14,0,156,7,0,7,163
06/06/2021,BDL,CT,ANE,EN,Towers with Radar,110,36,26,1,173,0,2,9,1,12,110,38,35,2,185,6,0,6,191
06/07/2021,BDL,CT,ANE,EN,Towers with Radar,126,33,31,3,193,0,1,12,4,17,126,34,43,7,210,0,0,0,210
06/08/2021,BDL,CT,ANE,EN,Towers with Radar,131,38,39,0,208,0,1,11,6,18,131,39,50,6,226,0,0,0,226
06/09/2021,BDL,CT,ANE,EN,Towers with Radar,128,29,26,6,189,0,0,8,5,13,128,29,34,11,202,0,0,0,202
06/10/2021,BDL,CT,ANE,EN,Towers with Radar,142,37,21,3,203,0,0,11,4,15,142,37,32,7,218,0,0,0,218
06/11/2021,BDL,CT,ANE,EN,Towers with Radar,134,36,30,3,203,0,0,13,9,22,134,36,43,12,225,2,0,2,227
06/12/2021,BDL,CT,ANE,EN,Towers with Radar,111,30,21,9,171,0,1,5,4,10,111,31,26,13,181,8,0,8,189
06/13/2021,BDL,CT,ANE,EN,Towers with Radar,118,31,17,0,166,0,1,8,8,17,118,32,25,8,183,0,0,0,183
06/14/2021,BDL,CT,ANE,EN,Towers with Radar,126,37,37,4,204,0,0,1,2,3,126,37,38,6,207,0,0,0,207
06/15/2021,BDL,CT,ANE,EN,Towers with Radar,135,33,30,4,202,0,0,5,6,11,135,33,35,10,213,8,0,8,221
06/16/2021,BDL,CT,ANE,EN,Towers with Radar,137,34,24,1,196,0,1,12,9,22,137,35,36,10,218,22,0,22,240
06/17/2021,BDL,CT,ANE,EN,Towers with Radar,139,37,27,3,206,0,1,15,7,23,139,38,42,10,229,8,0,8,237
06/18/2021,BDL,CT,ANE,EN,Towers with Radar,133,40,24,4,201,0,6,23,8,37,133,46,47,12,238,2,0,2,240
06/19/2021,BDL,CT,ANE,EN,Towers with Radar,111,39,11,3,164,0,0,5,11,16,111,39,16,14,180,0,0,0,180
06/20/2021,BDL,CT,ANE,EN,Towers with Radar,116,30,16,4,166,0,1,16,14,31,116,31,32,18,197,0,0,0,197
06/21/2021,BDL,CT,ANE,EN,Towers with Radar,124,43,33,6,206,0,0,4,14,18,124,43,37,20,224,0,18,18,242
06/22/2021,BDL,CT,ANE,EN,Towers with Radar,144,36,27,17,224,0,0,11,7,18,144,36,38,24,242,0,7,7,249
06/23/2021,BDL,CT,ANE,EN,Towers with Radar,139,47,36,3,225,0,1,16,27,44,139,48,52,30,269,4,6,10,279
06/24/2021,BDL,CT,ANE,EN,Towers with Radar,136,37,15,1,189,0,0,25,7,32,136,37,40,8,221,7,0,7,228
06/25/2021,BDL,CT,ANE,EN,Towers with Radar,135,56,46,5,242,0,1,5,0,6,135,57,51,5,248,6,0,6,254
06/26/2021,BDL,CT,ANE,EN,Towers with Radar,103,35,42,0,180,0,0,6,0,6,103,35,48,0,186,0,0,0,186
06/27/2021,BDL,CT,ANE,EN,Towers with Radar,119,49,25,0,193,0,0,7,0,7,119,49,32,0,200,0,0,0,200
06/28/2021,BDL,CT,ANE,EN,Towers with Radar,130,35,21,1,187,0,4,13,2,19,130,39,34,3,206,0,6,6,212
06/29/2021,BDL,CT,ANE,EN,Towers with Radar,140,39,17,2,198,0,1,13,5,19,140,40,30,7,217,0,0,0,217
06/30/2021,BDL,CT,ANE,EN,Towers with Radar,134,43,21,0,198,0,0,6,6,12,134,43,27,6,210,2,0,2,212
07/01/2021,BDL,CT,ANE,EN,Towers with Radar,148,46,22,1,217,0,0,2,0,2,148,46,24,1,219,0,0,0,219
07/02/2021,BDL,CT,ANE,EN,Towers with Radar,148,40,11,0,199,0,0,0,0,0,148,40,11,0,199,0,0,0,199
07/03/2021,BDL,CT,ANE,EN,Towers with Radar,116,31,20,0,167,0,0,0,0,0,116,31,20,0,167,0,0,0,167
07/04/2021,BDL,CT,ANE,EN,Towers with Radar,97,28,13,0,138,0,0,0,0,0,97,28,13,0,138,0,0,0,138
07/05/2021,BDL,CT,ANE,EN,Towers with Radar,122,41,24,0,187,0,0,6,0,6,122,41,30,0,193,0,0,0,193
07/06/2021,BDL,CT,ANE,EN,Towers with Radar,138,28,18,1,185,0,0,11,9,20,138,28,29,10,205,0,0,0,205
07/07/2021,BDL,CT,ANE,EN,Towers with Radar,152,42,20,1,215,0,1,13,7,21,152,43,33,8,236,0,2,2,238
07/08/2021,BDL,CT,ANE,EN,Towers with Radar,153,34,23,2,212,0,0,0,0,0,153,34,23,2,212,2,0,2,214
07/09/2021,BDL,CT,ANE,EN,Towers with Radar,145,34,16,1,196,0,0,1,0,1,145,34,17,1,197,6,0,6,203
07/10/2021,BDL,CT,ANE,EN,Towers with Radar,113,37,17,0,167,0,0,5,0,5,113,37,22,0,172,0,0,0,172
07/11/2021,BDL,CT,ANE,EN,Towers with Radar,131,34,23,0,188,0,0,4,0,4,131,34,27,0,192,0,0,0,192
07/12/2021,BDL,CT,ANE,EN,Towers with Radar,128,37,43,3,211,0,0,0,0,0,128,37,43,3,211,0,0,0,211
07/13/2021,BDL,CT,ANE,EN,Towers with Radar,157,45,30,12,244,0,0,2,0,2,157,45,32,12,246,0,0,0,246
07/14/2021,BDL,CT,ANE,EN,Towers with Radar,147,32,39,14,232,0,0,8,3,11,147,32,47,17,243,0,0,0,243
07/15/2021,BDL,CT,ANE,EN,Towers with Radar,156,46,37,10,249,0,0,10,15,25,156,46,47,25,274,0,8,8,282
07/16/2021,BDL,CT,ANE,EN,Towers with Radar,150,36,28,0,214,0,0,17,6,23,150,36,45,6,237,0,0,0,237
07/17/2021,BDL,CT,ANE,EN,Towers with Radar,117,27,27,0,171,0,0,25,0,25,117,27,52,0,196,0,0,0,196
07/18/2021,BDL,CT,ANE,EN,Towers with Radar,133,39,26,1,199,0,0,1,0,1,133,39,27,1,200,0,0,0,200
07/19/2021,BDL,CT,ANE,EN,Towers with Radar,136,37,38,2,213,0,2,9,0,11,136,39,47,2,224,0,0,0,224
07/20/2021,BDL,CT,ANE,EN,Towers with Radar,158,32,23,9,222,0,0,6,7,13,158,32,29,16,235,0,8,8,243
07/21/2021,BDL,CT,ANE,EN,Towers with Radar,146,36,27,1,210,0,0,16,10,26,146,36,43,11,236,0,16,16,252
07/22/2021,BDL,CT,ANE,EN,Towers with Radar,151,32,31,4,218,0,0,16,10,26,151,32,47,14,244,0,0,0,244
07/23/2021,BDL,CT,ANE,EN,Towers with Radar,142,39,28,6,215,0,0,31,2,33,142,39,59,8,248,0,0,0,248
07/24/2021,BDL,CT,ANE,EN,Towers with Radar,117,23,15,1,156,0,2,19,12,33,117,25,34,13,189,0,0,0,189
07/25/2021,BDL,CT,ANE,EN,Towers with Radar,130,29,16,3,178,0,0,0,2,2,130,29,16,5,180,0,0,0,180
07/26/2021,BDL,CT,ANE,EN,Towers with Radar,136,27,30,7,200,0,0,6,4,10,136,27,36,11,210,0,0,0,210
07/27/2021,BDL,CT,ANE,EN,Towers with Radar,145,31,30,11,217,0,0,10,11,21,145,31,40,22,238,8,0,8,246
07/28/2021,BDL,CT,ANE,EN,Towers with Radar,149,35,39,2,225,0,0,11,14,25,149,35,50,16,250,0,10,10,260
07/29/2021,BDL,CT,ANE,EN,Towers with Radar,158,37,30,0,225,0,0,4,6,10,158,37,34,6,235,0,0,0,235
07/30/2021,BDL,CT,ANE,EN,Towers with Radar,151,42,34,0,227,0,0,24,0,24,151,42,58,0,251,6,0,6,257
07/31/2021,BDL,CT,ANE,EN,Towers with Radar,108,31,11,0,150,0,2,11,0,13,108,33,22,0,163,0,0,0,163
08/01/2021,BDL,CT,ANE,EN,Towers with Radar,133,29,25,0,187,0,0,7,0,7,133,29,32,0,194,0,0,0,194
08/02/2021,BDL,CT,ANE,EN,Towers with Radar,140,47,23,5,215,0,0,5,1,6,140,47,28,6,221,0,0,0,221
08/03/2021,BDL,CT,ANE,EN,Towers with Radar,132,37,31,8,208,0,6,14,17,37,132,43,45,25,245,0,18,18,263
08/04/2021,BDL,CT,ANE,EN,Towers with Radar,131,35,24,7,197,0,0,16,13,29,131,35,40,20,226,12,0,12,238
08/05/2021,BDL,CT,ANE,EN,Towers with Radar,154,40,42,4,240,0,0,4,2,6,154,40,46,6,246,12,0,12,258
08/06/2021,BDL,CT,ANE,EN,Towers with Radar,137,40,22,1,200,0,0,11,0,11,137,40,33,1,211,0,0,0,211
08/07/2021,BDL,CT,ANE,EN,Towers with Radar,116,29,18,2,165,0,0,13,1,14,116,29,31,3,179,0,0,0,179
08/08/2021,BDL,CT,ANE,EN,Towers with Radar,136,28,25,0,189,0,2,17,0,19,136,30,42,0,208,0,0,0,208
08/09/2021,BDL,CT,ANE,EN,Towers with Radar,145,25,15,3,188,0,0,7,1,8,145,25,22,4,196,0,0,0,196
08/10/2021,BDL,CT,ANE,EN,Towers with Radar,156,28,28,10,222,0,0,2,7,9,156,28,30,17,231,0,0,0,231
08/11/2021,BDL,CT,ANE,EN,Towers with Radar,148,39,18,4,209,0,0,12,16,28,148,39,30,20,237,0,6,6,243
08/12/2021,BDL,CT,ANE,EN,Towers with Radar,161,41,23,2,227,0,0,10,8,18,161,41,33,10,245,2,0,2,247
08/13/2021,BDL,CT,ANE,EN,Towers with Radar,151,30,30,0,211,0,0,10,0,10,151,30,40,0,221,0,0,0,221
08/14/2021,BDL,CT,ANE,EN,Towers with Radar,115,27,8,0,150,0,0,1,0,1,115,27,9,0,151,0,0,0,151
08/15/2021,BDL,CT,ANE,EN,Towers with Radar,132,27,13,1,173,0,0,12,0,12,132,27,25,1,185,0,0,0,185
08/16/2021,BDL,CT,ANE,EN,Towers with Radar,149,35,25,5,214,0,0,15,1,16,149,35,40,6,230,14,0,14,244
08/17/2021,BDL,CT,ANE,EN,Towers with Radar,151,38,24,13,226,0,0,10,22,32,151,38,34,35,258,14,0,14,272
08/18/2021,BDL,CT,ANE,EN,Towers with Radar,146,33,18,10,207,0,0,6,25,31,146,33,24,35,238,2,6,8,246
08/19/2021,BDL,CT,ANE,EN,Towers with Radar,173,36,24,0,233,0,0,1,14,15,173,36,25,14,248,0,0,0,248
08/20/2021,BDL,CT,ANE,EN,Towers with Radar,162,35,16,1,214,0,1,4,1,6,162,36,20,2,220,0,0,0,220
08/21/2021,BDL,CT,ANE,EN,Towers with Radar,123,31,20,0,174,0,0,0,0,0,123,31,20,0,174,0,0,0,174
08/22/2021,BDL,CT,ANE,EN,Towers with Radar,53,12,5,0,70,0,0,1,0,1,53,12,6,0,71,0,0,0,71
08/23/2021,BDL,CT,ANE,EN,Towers with Radar,133,24,11,2,170,0,0,0,0,0,133,24,11,2,170,0,0,0,170
08/24/2021,BDL,CT,ANE,EN,Towers with Radar,158,34,26,5,223,0,0,18,18,36,158,34,44,23,259,22,0,22,281
08/25/2021,BDL,CT,ANE,EN,Towers with Radar,146,30,29,9,214,0,0,23,15,38,146,30,52,24,252,16,0,16,268
08/26/2021,BDL,CT,ANE,EN,Towers with Radar,168,32,31,1,232,0,0,10,9,19,168,32,41,10,251,0,0,0,251
08/27/2021,BDL,CT,ANE,EN,Towers with Radar,170,31,22,0,223,0,0,12,0,12,170,31,34,0,235,10,0,10,245
08/28/2021,BDL,CT,ANE,EN,Towers with Radar,129,24,20,0,173,0,0,11,0,11,129,24,31,0,184,0,0,0,184
08/29/2021,BDL,CT,ANE,EN,Towers with Radar,147,33,28,0,208,0,0,3,0,3,147,33,31,0,211,0,0,0,211
08/30/2021,BDL,CT,ANE,EN,Towers with Radar,152,28,38,6,224,0,0,5,2,7,152,28,43,8,231,14,0,14,245
08/31/2021,BDL,CT,ANE,EN,Towers with Radar,153,36,28,6,223,0,0,25,11,36,153,36,53,17,259,46,0,46,305
09/01/2021,BDL,CT,ANE,EN,Towers with Radar,143,37,42,1,223,0,0,3,0,3,143,37,45,1,226,0,0,0,226
09/02/2021,BDL,CT,ANE,EN,Towers with Radar,175,39,36,7,257,0,0,7,6,13,175,39,43,13,270,0,0,0,270
09/03/2021,BDL,CT,ANE,EN,Towers with Radar,163,32,23,1,219,0,0,18,0,18,163,32,41,1,237,0,0,0,237
09/04/2021,BDL,CT,ANE,EN,Towers with Radar,125,24,15,0,164,0,0,9,0,9,125,24,24,0,173,0,0,0,173
09/05/2021,BDL,CT,ANE,EN,Towers with Radar,124,30,17,0,171,0,0,6,0,6,124,30,23,0,177,0,0,0,177
09/06/2021,BDL,CT,ANE,EN,Towers with Radar,135,28,15,0,178,0,0,16,0,16,135,28,31,0,194,0,0,0,194
09/07/2021,BDL,CT,ANE,EN,Towers with Radar,129,26,19,1,175,0,2,35,5,42,129,28,54,6,217,0,0,0,217
09/08/2021,BDL,CT,ANE,EN,Towers with Radar,131,42,31,1,205,0,0,10,10,20,131,42,41,11,225,0,0,0,225
09/09/2021,BDL,CT,ANE,EN,Towers with Radar,162,49,25,3,239,0,0,3,2,5,162,49,28,5,244,0,5,5,249
09/10/2021,BDL,CT,ANE,EN,Towers with Radar,156,42,29,1,228,0,0,7,3,10,156,42,36,4,238,10,0,10,248
09/11/2021,BDL,CT,ANE,EN,Towers with Radar,120,37,19,4,180,0,2,17,12,31,120,39,36,16,211,0,0,0,211
09/12/2021,BDL,CT,ANE,EN,Towers with Radar,140,35,18,1,194,0,0,13,8,21,140,35,31,9,215,0,0,0,215
09/13/2021,BDL,CT,ANE,EN,Towers with Radar,148,38,34,2,222,0,0,11,1,12,148,38,45,3,234,9,0,9,243
09/14/2021,BDL,CT,ANE,EN,Towers with Radar,141,36,20,8,205,0,2,16,8,26,141,38,36,16,231,0,0,0,231
09/15/2021,BDL,CT,ANE,EN,Towers with Radar,133,39,30,3,205,0,0,4,4,8,133,39,34,7,213,2,0,2,215
09/16/2021,BDL,CT,ANE,EN,Towers with Radar,158,46,26,3,233,0,0,2,13,15,158,46,28,16,248,0,0,0,248
09/17/2021,BDL,CT,ANE,EN,Towers with Radar,153,46,30,2,231,0,0,8,0,8,153,46,38,2,239,0,0,0,239
09/18/2021,BDL,CT,ANE,EN,Towers with Radar,120,37,17,3,177,0,0,9,1,10,120,37,26,4,187,0,0,0,187
09/19/2021,BDL,CT,ANE,EN,Towers with Radar,136,42,33,2,213,0,0,22,1,23,136,42,55,3,236,8,0,8,244
09/20/2021,BDL,CT,ANE,EN,Towers with Radar,147,33,29,4,213,0,0,26,0,26,147,33,55,4,239,2,0,2,241
09/21/2021,BDL,CT,ANE,EN,Towers with Radar,132,36,27,2,197,0,0,21,6,27,132,36,48,8,224,0,0,0,224
09/22/2021,BDL,CT,ANE,EN,Towers with Radar,132,48,46,4,230,0,0,1,4,5,132,48,47,8,235,6,10,16,251
09/23/2021,BDL,CT,ANE,EN,Towers with Radar,154,45,34,3,236,0,0,7,3,10,154,45,41,6,246,0,0,0,246
09/24/2021,BDL,CT,ANE,EN,Towers with Radar,156,44,30,0,230,0,0,11,1,12,156,44,41,1,242,2,0,2,244
09/25/2021,BDL,CT,ANE,EN,Towers with Radar,121,49,12,0,182,0,1,10,0,11,121,50,22,0,193,2,0,2,195
09/26/2021,BDL,CT,ANE,EN,Towers with Radar,137,44,12,0,193,0,0,6,0,6,137,44,18,0,199,0,0,0,199
09/27/2021,BDL,CT,ANE,EN,Towers with Radar,145,37,26,0,208,0,0,16,0,16,145,37,42,0,224,0,0,0,224
09/28/2021,BDL,CT,ANE,EN,Towers with Radar,133,38,23,1,195,0,2,6,2,10,133,40,29,3,205,0,0,0,205
09/29/2021,BDL,CT,ANE,EN,Towers with Radar,132,36,28,6,202,0,0,19,5,24,132,36,47,11,226,0,0,0,226
09/30/2021,BDL,CT,ANE,EN,Towers with Radar,157,43,43,0,243,0,0,17,7,24,157,43,60,7,267,0,0,0,267
10/01/2021,BDL,CT,ANE,EN,Towers with Radar,151,44,29,1,225,0,0,15,0,15,151,44,44,1,240,12,0,12,252
10/02/2021,BDL,CT,ANE,EN,Towers with Radar,115,35,16,4,170,0,0,19,2,21,115,35,35,6,191,0,0,0,191
10/03/2021,BDL,CT,ANE,EN,Towers with Radar,143,43,17,0,203,0,1,8,0,9,143,44,25,0,212,0,0,0,212
10/04/2021,BDL,CT,ANE,EN,Towers with Radar,141,38,29,6,214,0,0,0,0,0,141,38,29,6,214,0,0,0,214
10/05/2021,BDL,CT,ANE,EN,Towers with Radar,140,35,43,20,238,0,0,2,0,2,140,35,45,20,240,0,0,0,240
10/06/2021,BDL,CT,ANE,EN,Towers with Radar,140,46,53,21,260,0,1,15,23,39,140,47,68,44,299,0,2,2,301
10/07/2021,BDL,CT,ANE,EN,Towers with Radar,164,34,30,3,231,0,1,7,15,23,164,35,37,18,254,0,0,0,254
10/08/2021,BDL,CT,ANE,EN,Towers with Radar,155,39,29,3,226,0,0,11,1,12,155,39,40,4,238,0,0,0,238
10/09/2021,BDL,CT,ANE,EN,Towers with Radar,128,21,18,0,167,0,0,4,0,4,128,21,22,0,171,0,0,0,171
10/10/2021,BDL,CT,ANE,EN,Towers with Radar,141,34,26,0,201,0,0,0,0,0,141,34,26,0,201,0,0,0,201
10/11/2021,BDL,CT,ANE,EN,Towers with Radar,146,28,42,0,216,0,0,13,0,13,146,28,55,0,229,0,0,0,229
10/12/2021,BDL,CT,ANE,EN,Towers with Radar,148,27,35,4,214,0,0,15,12,27,148,27,50,16,241,10,0,10,251
10/13/2021,BDL,CT,ANE,EN,Towers with Radar,155,40,31,8,234,0,0,4,16,20,155,40,35,24,254,0,0,0,254
10/14/2021,BDL,CT,ANE,EN,Towers with Radar,168,34,32,7,241,0,0,23,16,39,168,34,55,23,280,0,0,0,280
10/15/2021,BDL,CT,ANE,EN,Towers with Radar,160,34,19,6,219,0,0,11,3,14,160,34,30,9,233,0,0,0,233
10/16/2021,BDL,CT,ANE,EN,Towers with Radar,129,41,8,2,180,0,1,1,3,5,129,42,9,5,185,0,0,0,185
10/17/2021,BDL,CT,ANE,EN,Towers with Radar,142,33,15,0,190,0,0,8,0,8,142,33,23,0,198,0,0,0,198
10/18/2021,BDL,CT,ANE,EN,Towers with Radar,152,35,38,7,232,0,2,29,1,32,152,37,67,8,264,10,4,14,278
10/19/2021,BDL,CT,ANE,EN,Towers with Radar,147,38,34,2,221,0,2,20,7,29,147,40,54,9,250,16,0,16,266
10/20/2021,BDL,CT,ANE,EN,Towers with Radar,150,31,31,2,214,0,1,23,16,40,150,32,54,18,254,2,0,2,256
10/21/2021,BDL,CT,ANE,EN,Towers with Radar,171,34,42,0,247,0,0,35,2,37,171,34,77,2,284,0,0,0,284
10/22/2021,BDL,CT,ANE,EN,Towers with Radar,162,29,33,3,227,0,0,21,6,27,162,29,54,9,254,0,0,0,254
10/23/2021,BDL,CT,ANE,EN,Towers with Radar,128,29,17,5,179,0,1,8,13,22,128,30,25,18,201,0,0,0,201
10/24/2021,BDL,CT,ANE,EN,Towers with Radar,138,28,23,4,193,0,2,12,11,25,138,30,35,15,218,0,0,0,218
10/25/2021,BDL,CT,ANE,EN,Towers with Radar,155,45,30,0,230,0,0,1,0,1,155,45,31,0,231,0,0,0,231
10/26/2021,BDL,CT,ANE,EN,Towers with Radar,155,36,23,6,220,0,0,0,0,0,155,36,23,6,220,0,0,0,220
10/27/2021,BDL,CT,ANE,EN,Towers with Radar,152,31,22,2,207,0,0,2,9,11,152,31,24,11,218,0,0,0,218
10/28/2021,BDL,CT,ANE,EN,Towers with Radar,160,29,43,3,235,0,0,25,12,37,160,29,68,15,272,12,0,12,284
10/29/2021,BDL,CT,ANE,EN,Towers with Radar,160,30,19,0,209,0,0,3,2,5,160,30,22,2,214,0,0,0,214
10/30/2021,BDL,CT,ANE,EN,Towers with Radar,117,17,16,0,150,0,0,0,0,0,117,17,16,0,150,0,0,0,150
10/31/2021,BDL,CT,ANE,EN,Towers with Radar,108,25,20,0,153,0,0,7,0,7,108,25,27,0,160,0,0,0,160
11/01/2021,BDL,CT,ANE,EN,Towers with Radar,138,31,29,2,200,0,0,14,5,19,138,31,43,7,219,0,0,0,219
11/02/2021,BDL,CT,ANE,EN,Towers with Radar,135,25,34,2,196,0,0,18,14,32,135,25,52,16,228,0,0,0,228
11/03/2021,BDL,CT,ANE,EN,Towers with Radar,145,29,46,6,226,0,0,33,12,45,145,29,79,18,271,18,0,18,289
11/04/2021,BDL,CT,ANE,EN,Towers with Radar,160,26,37,6,229,0,0,16,13,29,160,26,53,19,258,0,0,0,258
11/05/2021,BDL,CT,ANE,EN,Towers with Radar,149,28,26,2,205,0,0,10,1,11,149,28,36,3,216,0,0,0,216
11/06/2021,BDL,CT,ANE,EN,Towers with Radar,114,24,15,1,154,0,0,10,9,19,114,24,25,10,173,6,0,6,179
11/07/2021,BDL,CT,ANE,EN,Towers with Radar,144,24,15,5,188,0,0,7,1,8,144,24,22,6,196,38,0,38,234
11/08/2021,BDL,CT,ANE,EN,Towers with Radar,136,32,20,3,191,0,3,3,3,9,136,35,23,6,200,18,4,22,222
11/09/2021,BDL,CT,ANE,EN,Towers with Radar,129,24,39,1,193,0,0,21,22,43,129,24,60,23,236,0,0,0,236
11/10/2021,BDL,CT,ANE,EN,Towers with Radar,133,27,43,4,207,0,0,27,14,41,133,27,70,18,248,10,8,18,266
11/11/2021,BDL,CT,ANE,EN,Towers with Radar,158,33,32,0,223,0,2,24,1,27,158,35,56,1,250,8,0,8,258
11/12/2021,BDL,CT,ANE,EN,Towers with Radar,151,32,35,0,218,0,0,1,0,1,151,32,36,0,219,0,0,0,219
11/13/2021,BDL,CT,ANE,EN,Towers with Radar,129,25,18,0,172,0,0,3,0,3,129,25,21,0,175,0,0,0,175
11/14/2021,BDL,CT,ANE,EN,Towers with Radar,142,22,22,0,186,0,0,8,2,10,142,22,30,2,196,0,0,0,196
11/15/2021,BDL,CT,ANE,EN,Towers with Radar,147,22,30,2,201,0,0,2,3,5,147,22,32,5,206,16,0,16,222
11/16/2021,BDL,CT,ANE,EN,Towers with Radar,133,27,28,5,193,0,1,13,16,30,133,28,41,21,223,0,0,0,223
11/17/2021,BDL,CT,ANE,EN,Towers with Radar,144,31,27,4,206,0,0,23,13,36,144,31,50,17,242,0,0,0,242
11/18/2021,BDL,CT,ANE,EN,Towers with Radar,170,28,31,5,234,0,0,14,6,20,170,28,45,11,254,0,0,0,254
11/19/2021,BDL,CT,ANE,EN,Towers with Radar,162,32,22,4,220,0,0,6,7,13,162,32,28,11,233,0,0,0,233
11/20/2021,BDL,CT,ANE,EN,Towers with Radar,134,36,16,4,190,0,0,6,13,19,134,36,22,17,209,0,0,0,209
11/21/2021,BDL,CT,ANE,EN,Towers with Radar,155,26,23,6,210,0,0,9,9,18,155,26,32,15,228,0,0,0,228
11/22/2021,BDL,CT,ANE,EN,Towers with Radar,146,22,20,4,192,0,0,6,6,12,146,22,26,10,204,0,0,0,204
11/23/2021,BDL,CT,ANE,EN,Towers with Radar,164,32,19,1,216,0,1,13,22,36,164,33,32,23,252,0,0,0,252
11/24/2021,BDL,CT,ANE,EN,Towers with Radar,168,27,22,2,219,0,2,14,4,20,168,29,36,6,239,0,0,0,239
11/25/2021,BDL,CT,ANE,EN,Towers with Radar,80,14,2,0,96,0,0,3,0,3,80,14,5,0,99,0,0,0,99
11/26/2021,BDL,CT,ANE,EN,Towers with Radar,117,17,8,0,142,0,0,0,0,0,117,17,8,0,142,0,0,0,142
11/27/2021,BDL,CT,ANE,EN,Towers with Radar,147,23,6,0,176,0,2,4,0,6,147,25,10,0,182,0,0,0,182
11/28/2021,BDL,CT,ANE,EN,Towers with Radar,152,24,20,0,196,0,0,8,0,8,152,24,28,0,204,0,0,0,204
11/29/2021,BDL,CT,ANE,EN,Towers with Radar,153,33,31,2,219,0,2,9,3,14,153,35,40,5,233,0,0,0,233
11/30/2021,BDL,CT,ANE,EN,Towers with Radar,158,22,25,5,210,0,0,20,7,27,158,22,45,12,237,10,4,14,251
12/01/2021,BDL,CT,ANE,EN,Towers with Radar,153,27,50,4,234,0,0,25,19,44,153,27,75,23,278,4,0,4,282
12/02/2021,BDL,CT,ANE,EN,Towers with Radar,161,26,17,3,207,0,0,5,4,9,161,26,22,7,216,0,0,0,216
12/03/2021,BDL,CT,ANE,EN,Towers with Radar,164,25,23,1,213,0,0,4,3,7,164,25,27,4,220,0,0,0,220
12/04/2021,BDL,CT,ANE,EN,Towers with Radar,120,21,15,2,158,0,1,12,4,17,120,22,27,6,175,4,15,19,194
12/05/2021,BDL,CT,ANE,EN,Towers with Radar,144,27,25,2,198,0,1,14,0,15,144,28,39,2,213,0,0,0,213
12/06/2021,BDL,CT,ANE,EN,Towers with Radar,151,28,25,8,212,0,0,2,0,2,151,28,27,8,214,0,0,0,214
12/07/2021,BDL,CT,ANE,EN,Towers with Radar,137,24,32,6,199,0,0,31,10,41,137,24,63,16,240,0,0,0,240
12/08/2021,BDL,CT,ANE,EN,Towers with Radar,138,25,45,5,213,0,0,4,7,11,138,25,49,12,224,0,0,0,224
12/09/2021,BDL,CT,ANE,EN,Towers with Radar,164,31,45,7,247,0,0,16,9,25,164,31,61,16,272,2,2,4,276
12/10/2021,BDL,CT,ANE,EN,Towers with Radar,157,35,24,2,218,0,0,10,4,14,157,35,34,6,232,2,0,2,234
12/11/2021,BDL,CT,ANE,EN,Towers with Radar,123,32,5,1,161,0,0,0,0,0,123,32,5,1,161,0,0,0,161
12/12/2021,BDL,CT,ANE,EN,Towers with Radar,138,15,15,0,168,0,0,6,0,6,138,15,21,0,174,0,0,0,174
12/13/2021,BDL,CT,ANE,EN,Towers with Radar,144,25,34,2,205,0,0,22,3,25,144,25,56,5,230,8,10,18,248
12/14/2021,BDL,CT,ANE,EN,Towers with Radar,136,24,31,10,201,0,0,32,14,46,136,24,63,24,247,2,0,2,249
12/15/2021,BDL,CT,ANE,EN,Towers with Radar,142,43,27,6,218,0,0,19,11,30,142,43,46,17,248,0,18,18,266
12/16/2021,BDL,CT,ANE,EN,Towers with Radar,161,28,32,2,223,0,0,12,16,28,161,28,44,18,251,2,0,2,253
12/17/2021,BDL,CT,ANE,EN,Towers with Radar,162,21,29,1,213,0,0,11,0,11,162,21,40,1,224,11,0,11,235
12/18/2021,BDL,CT,ANE,EN,Towers with Radar,146,31,5,0,182,0,0,0,0,0,146,31,5,0,182,0,0,0,182
12/19/2021,BDL,CT,ANE,EN,Towers with Radar,134,24,22,0,180,0,0,2,0,2,134,24,24,0,182,0,0,0,182
12/20/2021,BDL,CT,ANE,EN,Towers with Radar,149,22,27,2,200,0,0,21,4,25,149,22,48,6,225,0,0,0,225
12/21/2021,BDL,CT,ANE,EN,Towers with Radar,160,25,28,10,223,0,2,16,9,27,160,27,44,19,250,14,0,14,264
12/22/2021,BDL,CT,ANE,EN,Towers with Radar,171,24,21,2,218,0,2,4,4,10,171,26,25,6,228,0,0,0,228
12/23/2021,BDL,CT,ANE,EN,Towers with Radar,164,29,19,2,214,0,0,10,2,12,164,29,29,4,226,0,0,0,226
12/24/2021,BDL,CT,ANE,EN,Towers with Radar,122,21,2,0,145,0,0,0,0,0,122,21,2,0,145,0,0,0,145
12/25/2021,BDL,CT,ANE,EN,Towers with Radar,92,18,6,0,116,0,0,0,0,0,92,18,6,0,116,0,0,0,116
12/26/2021,BDL,CT,ANE,EN,Towers with Radar,121,25,13,0,159,0,0,6,0,6,121,25,19,0,165,0,0,0,165
12/27/2021,BDL,CT,ANE,EN,Towers with Radar,141,27,27,0,195,0,0,9,0,9,141,27,36,0,204,2,0,2,206
12/28/2021,BDL,CT,ANE,EN,Towers with Radar,158,24,30,0,212,0,0,1,2,3,158,24,31,2,215,0,0,0,215
12/29/2021,BDL,CT,ANE,EN,Towers with Radar,155,22,9,2,188,0,0,0,0,0,155,22,9,2,188,0,0,0,188
12/30/2021,BDL,CT,ANE,EN,Towers with Radar,148,30,20,2,200,0,0,0,0,0,148,30,20,2,200,0,0,0,200
12/31/2021,BDL,CT,ANE,EN,Towers with Radar,111,31,16,0,158,0,0,0,0,0,111,31,16,0,158,0,0,0,158
01/01/2022,BDL,CT,ANE,EN,Towers with Radar,81,20,16,0,117,0,0,0,0,0,81,20,16,0,117,0,0,0,117
01/02/2022,BDL,CT,ANE,EN,Towers with Radar,113,19,29,0,161,0,0,0,0,0,113,19,29,0,161,0,0,0,161
01/03/2022,BDL,CT,ANE,EN,Towers with Radar,121,27,17,2,167,0,0,5,0,5,121,27,22,2,172,0,0,0,172
01/04/2022,BDL,CT,ANE,EN,Towers with Radar,123,28,16,10,177,0,0,10,8,18,123,28,26,18,195,0,18,18,213
01/05/2022,BDL,CT,ANE,EN,Towers with Radar,138,21,13,3,175,0,0,0,1,1,138,21,13,4,176,0,2,2,178
01/06/2022,BDL,CT,ANE,EN,Towers with Radar,146,26,21,11,204,0,0,16,19,35,146,26,37,30,239,18,2,20,259
01/07/2022,BDL,CT,ANE,EN,Towers with Radar,132,11,9,0,152,0,0,0,0,0,132,11,9,0,152,0,0,0,152
01/08/2022,BDL,CT,ANE,EN,Towers with Radar,110,15,20,0,145,0,0,10,2,12,110,15,30,2,157,0,0,0,157
01/09/2022,BDL,CT,ANE,EN,Towers with Radar,140,16,10,0,166,0,0,0,0,0,140,16,10,0,166,0,0,0,166
01/10/2022,BDL,CT,ANE,EN,Towers with Radar,143,15,23,3,184,0,0,13,2,15,143,15,36,5,199,6,0,6,205
01/11/2022,BDL,CT,ANE,EN,Towers with Radar,134,19,15,3,171,0,0,17,18,35,134,19,32,21,206,0,8,8,214
01/12/2022,BDL,CT,ANE,EN,Towers with Radar,141,14,15,12,182,0,0,17,13,30,141,14,32,25,212,12,0,12,224
01/13/2022,BDL,CT,ANE,EN,Towers with Radar,154,25,42,5,226,0,0,30,12,42,154,25,72,17,268,4,0,4,272
01/14/2022,BDL,CT,ANE,EN,Towers with Radar,153,23,20,0,196,0,0,5,1,6,153,23,25,1,202,0,0,0,202
01/15/2022,BDL,CT,ANE,EN,Towers with Radar,117,16,13,0,146,0,1,4,0,5,117,17,17,0,151,0,0,0,151
01/16/2022,BDL,CT,ANE,EN,Towers with Radar,100,13,19,0,132,0,0,11,2,13,100,13,30,2,145,0,0,0,145
01/17/2022,BDL,CT,ANE,EN,Towers with Radar,129,15,16,0,160,0,0,0,0,0,129,15,16,0,160,0,0,0,160
01/18/2022,BDL,CT,ANE,EN,Towers with Radar,141,13,18,5,177,0,0,2,7,9,141,13,20,12,186,0,0,0,186
01/19/2022,BDL,CT,ANE,EN,Towers with Radar,137,24,40,15,216,0,0,5,13,18,137,24,45,28,234,12,0,12,246
01/20/2022,BDL,CT,ANE,EN,Towers with Radar,157,25,23,4,209,0,0,6,13,19,157,25,29,17,228,0,0,0,228
01/21/2022,BDL,CT,ANE,EN,Towers with Radar,152,20,33,0,205,0,0,31,0,31,152,20,64,0,236,10,0,10,246
01/22/2022,BDL,CT,ANE,EN,Towers with Radar,112,11,10,0,133,0,0,13,0,13,112,11,23,0,146,0,0,0,146
01/23/2022,BDL,CT,ANE,EN,Towers with Radar,141,17,28,0,186,0,0,14,0,14,141,17,42,0,200,0,0,0,200
01/24/2022,BDL,CT,ANE,EN,Towers with Radar,143,14,15,3,175,0,0,9,4,13,143,14,24,7,188,0,0,0,188
01/25/2022,BDL,CT,ANE,EN,Towers with Radar,132,25,25,13,195,1,1,9,8,19,133,26,34,21,214,0,0,0,214
01/26/2022,BDL,CT,ANE,EN,Towers with Radar,134,21,34,3,192,0,1,19,12,32,134,22,53,15,224,8,0,8,232
01/27/2022,BDL,CT,ANE,EN,Towers with Radar,148,12,35,0,195,0,0,16,6,22,148,12,51,6,217,0,0,0,217
01/28/2022,BDL,CT,ANE,EN,Towers with Radar,132,20,16,0,168,0,0,2,2,4,132,20,18,2,172,0,0,0,172
01/29/2022,BDL,CT,ANE,EN,Towers with Radar,2,0,0,0,2,0,0,0,0,0,2,0,0,0,2,0,0,0,2
01/30/2022,BDL,CT,ANE,EN,Towers with Radar,85,25,30,1,141,0,0,17,13,30,85,25,47,14,171,0,0,0,171
01/31/2022,BDL,CT,ANE,EN,Towers with Radar,133,16,23,2,174,0,0,17,4,21,133,16,40,6,195,4,0,4,199
02/01/2022,BDL,CT,ANE,EN,Towers with Radar,133,23,32,10,198,0,0,15,12,27,133,23,47,22,225,0,8,8,233
02/02/2022,BDL,CT,ANE,EN,Towers with Radar,124,23,31,6,184,0,0,4,8,12,124,23,35,14,196,0,8,8,204
02/03/2022,BDL,CT,ANE,EN,Towers with Radar,140,30,17,0,187,0,0,0,0,0,140,30,17,0,187,0,0,0,187
02/04/2022,BDL,CT,ANE,EN,Towers with Radar,98,4,6,0,108,0,0,0,0,0,98,4,6,0,108,0,0,0,108
02/05/2022,BDL,CT,ANE,EN,Towers with Radar,112,31,10,0,153,0,2,1,0,3,112,33,11,0,156,0,0,0,156
02/06/2022,BDL,CT,ANE,EN,Towers with Radar,140,17,19,0,176,0,0,8,0,8,140,17,27,0,184,0,0,0,184
02/07/2022,BDL,CT,ANE,EN,Towers with Radar,148,21,20,3,192,0,0,0,0,0,148,21,20,3,192,0,0,0,192
02/08/2022,BDL,CT,ANE,EN,Towers with Radar,140,21,25,17,203,0,0,6,14,20,140,21,31,31,223,0,0,0,223
02/09/2022,BDL,CT,ANE,EN,Towers with Radar,135,26,20,9,190,0,0,20,18,38,135,26,40,27,228,0,0,0,228
02/10/2022,BDL,CT,ANE,EN,Towers with Radar,159,30,24,6,219,0,0,9,13,22,159,30,33,19,241,4,0,4,245
02/11/2022,BDL,CT,ANE,EN,Towers with Radar,154,24,18,0,196,0,0,6,0,6,154,24,24,0,202,0,0,0,202
02/12/2022,BDL,CT,ANE,EN,Towers with Radar,128,11,10,0,149,0,0,6,0,6,128,11,16,0,155,0,0,0,155
02/13/2022,BDL,CT,ANE,EN,Towers with Radar,129,12,14,1,156,0,0,0,0,0,129,12,14,1,156,0,0,0,156
02/14/2022,BDL,CT,ANE,EN,Towers with Radar,157,18,25,3,203,0,0,7,3,10,157,18,32,6,213,0,0,0,213
02/15/2022,BDL,CT,ANE,EN,Towers with Radar,139,17,19,17,192,0,0,11,7,18,139,17,30,24,210,0,0,0,210
02/16/2022,BDL,CT,ANE,EN,Towers with Radar,156,14,23,2,195,0,0,6,36,42,156,14,29,38,237,0,0,0,237
02/17/2022,BDL,CT,ANE,EN,Towers with Radar,171,19,18,1,209,0,0,0,0,0,171,19,18,1,209,0,0,0,209
02/18/2022,BDL,CT,ANE,EN,Towers with Radar,176,23,28,1,228,0,0,4,0,4,176,23,32,1,232,0,0,0,232
02/19/2022,BDL,CT,ANE,EN,Towers with Radar,161,15,11,1,188,0,0,0,0,0,161,15,11,1,188,0,0,0,188
02/20/2022,BDL,CT,ANE,EN,Towers with Radar,147,11,24,2,184,0,0,25,0,25,147,11,49,2,209,6,0,6,215
02/21/2022,BDL,CT,ANE,EN,Towers with Radar,169,23,28,0,220,0,1,16,0,17,169,24,44,0,237,20,0,20,257
02/22/2022,BDL,CT,ANE,EN,Towers with Radar,168,22,19,2,211,0,0,0,0,0,168,22,19,2,211,2,0,2,213
02/23/2022,BDL,CT,ANE,EN,Towers with Radar,171,16,21,3,211,0,1,3,22,26,171,17,24,25,237,0,0,0,237
02/24/2022,BDL,CT,ANE,EN,Towers with Radar,157,30,35,2,224,0,1,31,19,51,157,31,66,21,275,18,0,18,293
02/25/2022,BDL,CT,ANE,EN,Towers with Radar,93,12,18,0,123,0,0,0,0,0,93,12,18,0,123,0,0,0,123
02/26/2022,BDL,CT,ANE,EN,Towers with Radar,151,19,15,0,185,0,0,11,7,18,151,19,26,7,203,0,0,0,203
02/27/2022,BDL,CT,ANE,EN,Towers with Radar,162,19,21,4,206,0,0,2,6,8,162,19,23,10,214,0,0,0,214
02/28/2022,BDL,CT,ANE,EN,Towers with Radar,171,18,31,0,220,0,0,12,5,17,171,18,43,5,237,0,0,0,237
03/01/2022,BDL,CT,ANE,EN,Towers with Radar,158,14,34,11,217,0,0,8,13,21,158,14,42,24,238,0,0,0,238
03/02/2022,BDL,CT,ANE,EN,Towers with Radar,163,20,45,7,235,0,0,14,15,29,163,20,59,22,264,0,0,0,264
03/03/2022,BDL,CT,ANE,EN,Towers with Radar,179,21,26,2,228,0,0,12,8,20,179,21,38,10,248,22,0,22,270
03/04/2022,BDL,CT,ANE,EN,Towers with Radar,165,19,20,2,206,0,0,13,3,16,165,19,33,5,222,4,0,4,226
03/05/2022,BDL,CT,ANE,EN,Towers with Radar,126,22,22,1,171,0,0,13,4,17,126,22,35,5,188,0,2,2,190
03/06/2022,BDL,CT,ANE,EN,Towers with Radar,149,23,22,2,196,0,0,1,0,1,149,23,23,2,197,0,0,0,197
03/07/2022,BDL,CT,ANE,EN,Towers with Radar,158,28,33,2,221,0,0,8,1,9,158,28,41,3,230,0,0,0,230
03/08/2022,BDL,CT,ANE,EN,Towers with Radar,150,26,48,7,231,0,0,10,5,15,150,26,58,12,246,0,0,0,246
03/09/2022,BDL,CT,ANE,EN,Towers with Radar,146,28,34,1,209,0,0,0,0,0,146,28,34,1,209,0,0,0,209
03/10/2022,BDL,CT,ANE,EN,Towers with Radar,172,30,29,2,233,0,1,19,13,33,172,31,48,15,266,0,0,0,266
03/11/2022,BDL,CT,ANE,EN,Towers with Radar,157,29,33,1,220,0,0,15,0,15,157,29,48,1,235,7,0,7,242
03/12/2022,BDL,CT,ANE,EN,Towers with Radar,114,18,12,0,144,0,0,0,0,0,114,18,12,0,144,0,0,0,144
03/13/2022,BDL,CT,ANE,EN,Towers with Radar,142,21,21,1,185,1,0,7,0,8,143,21,28,1,193,0,0,0,193
03/14/2022,BDL,CT,ANE,EN,Towers with Radar,156,20,21,0,197,0,0,15,4,19,156,20,36,4,216,0,0,0,216
03/15/2022,BDL,CT,ANE,EN,Towers with Radar,151,21,29,7,208,0,0,17,13,30,151,21,46,20,238,2,0,2,240
03/16/2022,BDL,CT,ANE,EN,Towers with Radar,151,25,37,12,225,0,0,20,19,39,151,25,57,31,264,0,6,6,270
03/17/2022,BDL,CT,ANE,EN,Towers with Radar,169,29,32,4,234,0,0,0,0,0,169,29,32,4,234,0,0,0,234
03/18/2022,BDL,CT,ANE,EN,Towers with Radar,157,24,23,1,205,0,0,7,13,20,157,24,30,14,225,0,0,0,225
03/19/2022,BDL,CT,ANE,EN,Towers with Radar,141,31,25,0,197,0,0,0,0,0,141,31,25,0,197,0,0,0,197
03/20/2022,BDL,CT,ANE,EN,Towers with Radar,154,22,32,6,214,0,0,7,7,14,154,22,39,13,228,0,0,0,228
03/21/2022,BDL,CT,ANE,EN,Towers with Radar,153,28,27,11,219,0,0,5,1,6,153,28,32,12,225,0,0,0,225
03/22/2022,BDL,CT,ANE,EN,Towers with Radar,157,20,32,6,215,0,0,11,7,18,157,20,43,13,233,0,0,0,233
03/23/2022,BDL,CT,ANE,EN,Towers with Radar,148,27,30,3,208,0,0,22,16,38,148,27,52,19,246,0,0,0,246
03/24/2022,BDL,CT,ANE,EN,Towers with Radar,174,21,23,0,218,0,0,0,0,0,174,21,23,0,218,0,0,0,218
03/25/2022,BDL,CT,ANE,EN,Towers with Radar,161,23,30,7,221,0,0,10,11,21,161,23,40,18,242,0,0,0,242
03/26/2022,BDL,CT,ANE,EN,Towers with Radar,138,20,16,2,176,0,0,6,11,17,138,20,22,13,193,0,0,0,193
03/27/2022,BDL,CT,ANE,EN,Towers with Radar,146,28,17,2,193,0,0,1,4,5,146,28,18,6,198,0,0,0,198
03/28/2022,BDL,CT,ANE,EN,Towers with Radar,151,19,22,2,194,0,0,2,2,4,151,19,24,4,198,0,0,0,198
03/29/2022,BDL,CT,ANE,EN,Towers with Radar,152,23,20,4,199,0,1,15,12,28,152,24,35,16,227,6,0,6,233
03/30/2022,BDL,CT,ANE,EN,Towers with Radar,149,30,30,9,218,0,1,24,19,44,149,31,54,28,262,0,0,0,262
03/31/2022,BDL,CT,ANE,EN,Towers with Radar,152,43,25,0,220,0,0,0,0,0,152,43,25,0,220,0,0,0,220
04/01/2022,BDL,CT,ANE,EN,Towers with Radar,145,33,18,2,198,0,0,7,0,7,145,33,25,2,205,0,0,0,205
04/02/2022,BDL,CT,ANE,EN,Towers with Radar,118,22,19,0,159,0,0,12,2,14,118,22,31,2,173,8,0,8,181
04/03/2022,BDL,CT,ANE,EN,Towers with Radar,116,19,20,1,156,0,0,3,0,3,116,19,23,1,159,0,0,0,159
04/04/2022,BDL,CT,ANE,EN,Towers with Radar,135,24,27,4,190,0,0,18,3,21,135,24,45,7,211,0,0,0,211
04/05/2022,BDL,CT,ANE,EN,Towers with Radar,172,18,44,7,241,0,1,22,10,33,172,19,66,17,274,5,0,5,279
04/06/2022,BDL,CT,ANE,EN,Towers with Radar,175,30,33,11,249,0,0,0,3,3,175,30,33,14,252,0,0,0,252
04/07/2022,BDL,CT,ANE,EN,Towers with Radar,168,37,39,4,248,0,0,1,1,2,168,37,40,5,250,0,0,0,250
04/08/2022,BDL,CT,ANE,EN,Towers with Radar,164,38,44,0,246,0,0,8,2,10,164,38,52,2,256,0,0,0,256
04/09/2022,BDL,CT,ANE,EN,Towers with Radar,136,24,17,0,177,0,0,5,0,5,136,24,22,0,182,0,0,0,182
04/10/2022,BDL,CT,ANE,EN,Towers with Radar,154,18,19,0,191,0,0,4,0,4,154,18,23,0,195,0,0,0,195
04/11/2022,BDL,CT,ANE,EN,Towers with Radar,164,28,34,2,228,0,0,21,7,28,164,28,55,9,256,0,6,6,262
04/12/2022,BDL,CT,ANE,EN,Towers with Radar,171,18,30,4,223,0,0,8,6,14,171,18,38,10,237,0,0,0,237
04/13/2022,BDL,CT,ANE,EN,Towers with Radar,178,21,31,7,237,0,0,23,11,34,178,21,54,18,271,0,0,0,271
04/14/2022,BDL,CT,ANE,EN,Towers with Radar,170,28,22,5,225,0,0,7,4,11,170,28,29,9,236,0,0,0,236
04/15/2022,BDL,CT,ANE,EN,Towers with Radar,169,22,23,4,218,0,0,14,0,14,169,22,37,4,232,4,0,4,236
04/16/2022,BDL,CT,ANE,EN,Towers with Radar,146,28,9,0,183,0,1,0,0,1,146,29,9,0,184,0,0,0,184
04/17/2022,BDL,CT,ANE,EN,Towers with Radar,157,16,12,0,185,0,0,6,0,6,157,16,18,0,191,0,0,0,191
04/18/2022,BDL,CT,ANE,EN,Towers with Radar,163,27,18,0,208,0,0,9,2,11,163,27,27,2,219,0,0,0,219
04/19/2022,BDL,CT,ANE,EN,Towers with Radar,180,22,20,7,229,0,0,6,5,11,180,22,26,12,240,0,0,0,240
04/20/2022,BDL,CT,ANE,EN,Towers with Radar,171,26,19,9,225,0,0,12,20,32,171,26,31,29,257,0,0,0,257
04/21/2022,BDL,CT,ANE,EN,Towers with Radar,179,46,19,4,248,0,0,14,9,23,179,46,33,13,271,0,0,0,271
04/22/2022,BDL,CT,ANE,EN,Towers with Radar,162,30,28,3,223,0,2,17,15,34,162,32,45,18,257,6,0,6,263
04/23/2022,BDL,CT,ANE,EN,Towers with Radar,143,17,21,3,184,0,3,23,18,44,143,20,44,21,228,16,0,16,244
04/24/2022,BDL,CT,ANE,EN,Towers with Radar,145,13,32,2,192,0,0,14,3,17,145,13,46,5,209,0,0,0,209
04/25/2022,BDL,CT,ANE,EN,Towers with Radar,158,22,26,2,208,0,0,16,2,18,158,22,42,4,226,0,0,0,226
04/26/2022,BDL,CT,ANE,EN,Towers with Radar,173,49,33,12,267,0,0,3,0,3,173,49,36,12,270,0,0,0,270
04/27/2022,BDL,CT,ANE,EN,Towers with Radar,169,31,25,5,230,0,0,8,11,19,169,31,33,16,249,10,0,10,259
04/28/2022,BDL,CT,ANE,EN,Towers with Radar,171,25,16,5,217,0,0,7,14,21,171,25,23,19,238,0,0,0,238
04/29/2022,BDL,CT,ANE,EN,Towers with Radar,169,19,25,0,213,0,0,2,1,3,169,19,27,1,216,0,0,0,216
04/30/2022,BDL,CT,ANE,EN,Towers with Radar,150,21,20,2,193,0,0,12,0,12,150,21,32,2,205,0,0,0,205
05/01/2022,BDL,CT,ANE,EN,Towers with Radar,147,21,24,2,194,0,1,12,0,13,147,22,36,2,207,0,0,0,207
05/02/2022,BDL,CT,ANE,EN,Towers with Radar,153,16,23,2,194,0,0,11,2,13,153,16,34,4,207,0,0,0,207
05/03/2022,BDL,CT,ANE,EN,Towers with Radar,166,18,45,8,237,0,0,5,2,7,166,18,50,10,244,0,0,0,244
05/04/2022,BDL,CT,ANE,EN,Towers with Radar,157,23,25,12,217,0,0,0,0,0,157,23,25,12,217,0,0,0,217
05/05/2022,BDL,CT,ANE,EN,Towers with Radar,161,40,33,4,238,0,0,22,18,40,161,40,55,22,278,0,0,0,278
05/06/2022,BDL,CT,ANE,EN,Towers with Radar,162,21,25,0,208,0,0,9,2,11,162,21,34,2,219,0,0,0,219
05/07/2022,BDL,CT,ANE,EN,Towers with Radar,133,18,14,0,165,0,0,1,0,1,133,18,15,0,166,0,0,0,166
05/08/2022,BDL,CT,ANE,EN,Towers with Radar,146,14,18,0,178,0,0,4,0,4,146,14,22,0,182,0,0,0,182
05/09/2022,BDL,CT,ANE,EN,Towers with Radar,149,25,33,2,209,0,1,7,2,10,149,26,40,4,219,0,0,0,219
05/10/2022,BDL,CT,ANE,EN,Towers with Radar,158,30,26,4,218,0,0,4,10,14,158,30,30,14,232,0,0,0,232
05/11/2022,BDL,CT,ANE,EN,Towers with Radar,155,19,23,2,199,0,0,15,13,28,155,19,38,15,227,0,0,0,227
05/12/2022,BDL,CT,ANE,EN,Towers with Radar,171,31,27,4,233,0,0,6,12,18,171,31,33,16,251,0,0,0,251
05/13/2022,BDL,CT,ANE,EN,Towers with Radar,162,28,13,2,205,0,0,3,0,3,162,28,16,2,208,0,0,0,208
05/14/2022,BDL,CT,ANE,EN,Towers with Radar,129,16,27,0,172,0,0,1,3,4,129,16,28,3,176,2,0,2,178
05/15/2022,BDL,CT,ANE,EN,Towers with Radar,149,16,37,0,202,0,0,2,0,2,149,16,39,0,204,0,0,0,204
05/16/2022,BDL,CT,ANE,EN,Towers with Radar,152,14,28,1,195,0,0,2,1,3,152,14,30,2,198,0,0,0,198
05/17/2022,BDL,CT,ANE,EN,Towers with Radar,161,30,21,10,222,0,0,4,5,9,161,30,25,15,231,1,0,1,232
05/18/2022,BDL,CT,ANE,EN,Towers with Radar,153,23,29,5,210,0,0,17,18,35,153,23,46,23,245,0,0,0,245
05/19/2022,BDL,CT,ANE,EN,Towers with Radar,162,18,40,0,220,0,0,2,4,6,162,18,42,4,226,0,0,0,226
05/20/2022,BDL,CT,ANE,EN,Towers with Radar,166,27,28,3,224,0,0,8,5,13,166,27,36,8,237,0,0,0,237
05/21/2022,BDL,CT,ANE,EN,Towers with Radar,126,12,15,4,157,0,0,7,8,15,126,12,22,12,172,11,0,11,183
05/22/2022,BDL,CT,ANE,EN,Towers with Radar,134,12,13,1,160,0,0,1,7,8,134,12,14,8,168,0,0,0,168
05/23/2022,BDL,CT,ANE,EN,Towers with Radar,154,24,29,2,209,0,0,18,0,18,154,24,47,2,227,6,0,6,233
05/24/2022,BDL,CT,ANE,EN,Towers with Radar,157,16,27,6,206,0,1,20,13,34,157,17,47,19,240,2,0,2,242
05/25/2022,BDL,CT,ANE,EN,Towers with Radar,153,14,24,10,201,0,2,12,18,32,153,16,36,28,233,0,0,0,233
05/26/2022,BDL,CT,ANE,EN,Towers with Radar,163,35,32,2,232,0,1,10,14,25,163,36,42,16,257,0,0,0,257
05/27/2022,BDL,CT,ANE,EN,Towers with Radar,145,35,27,0,207,0,0,0,0,0,145,35,27,0,207,0,0,0,207
05/28/2022,BDL,CT,ANE,EN,Towers with Radar,119,27,12,0,158,0,0,0,0,0,119,27,12,0,158,0,0,0,158
05/29/2022,BDL,CT,ANE,EN,Towers with Radar,129,25,11,0,165,0,0,5,0,5,129,25,16,0,170,0,0,0,170
05/30/2022,BDL,CT,ANE,EN,Towers with Radar,131,30,24,0,185,0,0,19,10,29,131,30,43,10,214,0,0,0,214
05/31/2022,BDL,CT,ANE,EN,Towers with Radar,138,37,25,3,203,0,1,12,7,20,138,38,37,10,223,0,0,0,223
06/01/2022,BDL,CT,ANE,EN,Towers with Radar,141,18,24,5,188,0,0,8,5,13,141,18,32,10,201,4,0,4,205
06/02/2022,BDL,CT,ANE,EN,Towers with Radar,157,40,32,14,243,0,0,2,8,10,157,40,34,22,253,0,0,0,253
06/03/2022,BDL,CT,ANE,EN,Towers with Radar,148,35,21,4,208,0,0,5,2,7,148,35,26,6,215,0,0,0,215
06/04/2022,BDL,CT,ANE,EN,Towers with Radar,127,20,13,1,161,0,0,11,1,12,127,20,24,2,173,6,0,6,179
06/05/2022,BDL,CT,ANE,EN,Towers with Radar,127,34,17,2,180,0,1,11,1,13,127,35,28,3,193,0,0,0,193
06/06/2022,BDL,CT,ANE,EN,Towers with Radar,138,29,27,1,195,0,2,15,3,20,138,31,42,4,215,0,0,0,215
06/07/2022,BDL,CT,ANE,EN,Towers with Radar,142,27,18,6,193,0,1,15,15,31,142,28,33,21,224,0,0,0,224
06/08/2022,BDL,CT,ANE,EN,Towers with Radar,147,31,22,9,209,0,0,20,11,31,147,31,42,20,240,3,0,3,243
06/09/2022,BDL,CT,ANE,EN,Towers with Radar,151,33,41,5,230,0,0,7,3,10,151,33,48,8,240,20,0,20,260
06/10/2022,BDL,CT,ANE,EN,Towers with Radar,145,34,42,0,221,0,2,29,2,33,145,36,71,2,254,0,0,0,254
06/11/2022,BDL,CT,ANE,EN,Towers with Radar,123,34,14,2,173,0,0,15,2,17,123,34,29,4,190,0,0,0,190
06/12/2022,BDL,CT,ANE,EN,Towers with Radar,130,27,24,1,182,0,0,4,7,11,130,27,28,8,193,0,0,0,193
06/13/2022,BDL,CT,ANE,EN,Towers with Radar,144,23,25,3,195,0,0,8,16,24,144,23,33,19,219,0,0,0,219
06/14/2022,BDL,CT,ANE,EN,Towers with Radar,150,32,32,7,221,0,0,19,15,34,150,32,51,22,255,0,0,0,255
06/15/2022,BDL,CT,ANE,EN,Towers with Radar,153,28,38,2,221,0,1,22,18,41,153,29,60,20,262,0,0,0,262
06/16/2022,BDL,CT,ANE,EN,Towers with Radar,144,22,32,3,201,0,0,12,13,25,144,22,44,16,226,0,0,0,226
06/17/2022,BDL,CT,ANE,EN,Towers with Radar,143,30,20,4,197,0,0,5,9,14,143,30,25,13,211,0,0,0,211
06/18/2022,BDL,CT,ANE,EN,Towers with Radar,131,26,23,1,181,0,0,3,14,17,131,26,26,15,198,0,0,0,198
06/19/2022,BDL,CT,ANE,EN,Towers with Radar,127,22,25,1,175,0,4,13,11,28,127,26,38,12,203,0,0,0,203
06/20/2022,BDL,CT,ANE,EN,Towers with Radar,142,29,33,5,209,0,2,21,17,40,142,31,54,22,249,0,0,0,249
06/21/2022,BDL,CT,ANE,EN,Towers with Radar,142,37,33,5,217,0,3,22,15,40,142,40,55,20,257,0,0,0,257
06/22/2022,BDL,CT,ANE,EN,Towers with Radar,139,30,27,13,209,0,0,3,1,4,139,30,30,14,213,0,0,0,213
06/23/2022,BDL,CT,ANE,EN,Towers with Radar,158,31,40,8,237,0,0,13,15,28,158,31,53,23,265,0,0,0,265
06/24/2022,BDL,CT,ANE,EN,Towers with Radar,142,31,26,2,201,0,0,18,5,23,142,31,44,7,224,0,0,0,224
06/25/2022,BDL,CT,ANE,EN,Towers with Radar,128,22,20,1,171,0,1,12,2,15,128,23,32,3,186,0,0,0,186
06/26/2022,BDL,CT,ANE,EN,Towers with Radar,125,35,22,2,184,0,1,19,0,20,125,36,41,2,204,2,0,2,206
06/27/2022,BDL,CT,ANE,EN,Towers with Radar,131,31,24,4,190,0,1,2,2,5,131,32,26,6,195,0,0,0,195
06/28/2022,BDL,CT,ANE,EN,Towers with Radar,147,29,23,3,202,0,1,23,15,39,147,30,46,18,241,6,4,10,251
06/29/2022,BDL,CT,ANE,EN,Towers with Radar,153,28,39,7,227,0,1,28,13,42,153,29,67,20,269,0,0,0,269
06/30/2022,BDL,CT,ANE,EN,Towers with Radar,145,38,27,2,212,0,0,12,11,23,145,38,39,13,235,0,0,0,235
07/01/2022,BDL,CT,ANE,EN,Towers with Radar,150,28,14,0,192,0,0,10,0,10,150,28,24,0,202,0,0,0,202
07/02/2022,BDL,CT,ANE,EN,Towers with Radar,131,16,23,0,170,0,0,4,0,4,131,16,27,0,174,0,0,0,174
07/03/2022,BDL,CT,ANE,EN,Towers with Radar,113,18,7,0,138,0,1,8,0,9,113,19,15,0,147,4,0,4,151
07/04/2022,BDL,CT,ANE,EN,Towers with Radar,127,17,8,0,152,0,1,7,0,8,127,18,15,0,160,0,0,0,160
07/05/2022,BDL,CT,ANE,EN,Towers with Radar,121,27,24,3,175,0,3,12,9,24,121,30,36,12,199,0,0,0,199
07/06/2022,BDL,CT,ANE,EN,Towers with Radar,148,31,22,13,214,0,0,16,10,26,148,31,38,23,240,0,0,0,240
07/07/2022,BDL,CT,ANE,EN,Towers with Radar,159,26,29,3,217,0,0,12,11,23,159,26,41,14,240,2,4,6,246
07/08/2022,BDL,CT,ANE,EN,Towers with Radar,146,22,22,2,192,0,0,14,0,14,146,22,36,2,206,0,0,0,206
07/09/2022,BDL,CT,ANE,EN,Towers with Radar,135,17,19,0,171,0,0,17,0,17,135,17,36,0,188,7,0,7,195
07/10/2022,BDL,CT,ANE,EN,Towers with Radar,132,26,23,0,181,0,0,13,0,13,132,26,36,0,194,0,0,0,194
07/11/2022,BDL,CT,ANE,EN,Towers with Radar,147,26,23,11,207,0,3,22,2,27,147,29,45,13,234,0,0,0,234
07/12/2022,BDL,CT,ANE,EN,Towers with Radar,156,28,29,15,228,0,0,6,8,14,156,28,35,23,242,0,0,0,242
07/13/2022,BDL,CT,ANE,EN,Towers with Radar,157,26,21,7,211,0,2,12,17,31,157,28,33,24,242,0,2,2,244
07/14/2022,BDL,CT,ANE,EN,Towers with Radar,161,26,24,4,215,0,0,9,12,21,161,26,33,16,236,0,0,0,236
07/15/2022,BDL,CT,ANE,EN,Towers with Radar,151,21,14,0,186,0,2,19,4,25,151,23,33,4,211,0,0,0,211
07/16/2022,BDL,CT,ANE,EN,Towers with Radar,138,20,29,2,189,0,0,13,0,13,138,20,42,2,202,0,0,0,202
07/17/2022,BDL,CT,ANE,EN,Towers with Radar,123,24,21,0,168,0,0,5,0,5,123,24,26,0,173,6,0,6,179
07/18/2022,BDL,CT,ANE,EN,Towers with Radar,144,25,23,2,194,0,0,0,0,0,144,25,23,2,194,0,0,0,194
07/19/2022,BDL,CT,ANE,EN,Towers with Radar,153,32,25,9,219,0,0,14,17,31,153,32,39,26,250,0,0,0,250
07/20/2022,BDL,CT,ANE,EN,Towers with Radar,159,31,41,7,238,0,0,18,22,40,159,31,59,29,278,2,2,4,282
07/21/2022,BDL,CT,ANE,EN,Towers with Radar,161,30,24,1,216,0,2,6,11,19,161,32,30,12,235,0,0,0,235
07/22/2022,BDL,CT,ANE,EN,Towers with Radar,160,24,28,0,212,0,0,20,2,22,160,24,48,2,234,0,0,0,234
07/23/2022,BDL,CT,ANE,EN,Towers with Radar,136,20,9,2,167,0,0,8,24,32,136,20,17,26,199,2,0,2,201
07/24/2022,BDL,CT,ANE,EN,Towers with Radar,131,23,15,4,173,0,2,12,2,16,131,25,27,6,189,0,0,0,189
07/25/2022,BDL,CT,ANE,EN,Towers with Radar,154,24,27,2,207,0,0,2,2,4,154,24,29,4,211,2,0,2,213
07/26/2022,BDL,CT,ANE,EN,Towers with Radar,156,26,17,11,210,0,1,10,19,30,156,27,27,30,240,0,2,2,242
07/27/2022,BDL,CT,ANE,EN,Towers with Radar,160,32,18,11,221,0,1,21,26,48,160,33,39,37,269,0,7,7,276
07/28/2022,BDL,CT,ANE,EN,Towers with Radar,156,29,26,0,211,0,1,7,11,19,156,30,33,11,230,0,0,0,230
07/29/2022,BDL,CT,ANE,EN,Towers with Radar,164,22,15,0,201,0,5,15,3,23,164,27,30,3,224,3,0,3,227
07/30/2022,BDL,CT,ANE,EN,Towers with Radar,137,22,11,1,171,0,1,10,0,11,137,23,21,1,182,4,0,4,186
07/31/2022,BDL,CT,ANE,EN,Towers with Radar,129,22,12,0,163,0,0,14,0,14,129,22,26,0,177,0,0,0,177
08/01/2022,BDL,CT,ANE,EN,Towers with Radar,157,27,21,6,211,0,0,8,2,10,157,27,29,8,221,0,0,0,221
08/02/2022,BDL,CT,ANE,EN,Towers with Radar,158,19,22,9,208,0,0,11,7,18,158,19,33,16,226,0,0,0,226
08/03/2022,BDL,CT,ANE,EN,Towers with Radar,149,35,21,9,214,0,0,25,11,36,149,35,46,20,250,6,0,6,256
08/04/2022,BDL,CT,ANE,EN,Towers with Radar,164,22,25,5,216,0,0,14,6,20,164,22,39,11,236,0,0,0,236
08/05/2022,BDL,CT,ANE,EN,Towers with Radar,157,30,13,0,200,0,0,10,1,11,157,30,23,1,211,0,0,0,211
08/06/2022,BDL,CT,ANE,EN,Towers with Radar,144,18,13,0,175,0,3,9,1,13,144,21,22,1,188,0,0,0,188
08/07/2022,BDL,CT,ANE,EN,Towers with Radar,140,26,18,0,184,0,0,5,1,6,140,26,23,1,190,0,0,0,190
08/08/2022,BDL,CT,ANE,EN,Towers with Radar,151,33,17,2,203,0,1,17,4,22,151,34,34,6,225,0,0,0,225
08/09/2022,BDL,CT,ANE,EN,Towers with Radar,176,31,29,2,238,0,0,6,4,10,176,31,35,6,248,0,0,0,248
08/10/2022,BDL,CT,ANE,EN,Towers with Radar,156,28,18,3,205,0,0,10,8,18,156,28,28,11,223,0,0,0,223
08/11/2022,BDL,CT,ANE,EN,Towers with Radar,161,27,20,7,215,0,0,5,8,13,161,27,25,15,228,0,0,0,228
08/12/2022,BDL,CT,ANE,EN,Towers with Radar,155,26,21,0,202,0,2,9,0,11,155,28,30,0,213,0,0,0,213
08/13/2022,BDL,CT,ANE,EN,Towers with Radar,140,24,14,0,178,0,3,21,0,24,140,27,35,0,202,0,0,0,202
08/14/2022,BDL,CT,ANE,EN,Towers with Radar,136,18,7,0,161,0,0,6,0,6,136,18,13,0,167,0,0,0,167
08/15/2022,BDL,CT,ANE,EN,Towers with Radar,154,37,29,1,221,0,0,24,3,27,154,37,53,4,248,0,0,0,248
08/16/2022,BDL,CT,ANE,EN,Towers with Radar,161,35,25,2,223,0,1,16,10,27,161,36,41,12,250,0,10,10,260
08/17/2022,BDL,CT,ANE,EN,Towers with Radar,166,40,27,1,234,0,1,12,10,23,166,41,39,11,257,0,0,0,257
08/18/2022,BDL,CT,ANE,EN,Towers with Radar,160,27,19,8,214,0,0,10,7,17,160,27,29,15,231,0,0,0,231
08/19/2022,BDL,CT,ANE,EN,Towers with Radar,158,19,19,4,200,0,0,10,1,11,158,19,29,5,211,0,0,0,211
08/20/2022,BDL,CT,ANE,EN,Towers with Radar,139,14,11,0,164,0,0,3,0,3,139,14,14,0,167,0,0,0,167
08/21/2022,BDL,CT,ANE,EN,Towers with Radar,135,17,13,1,166,0,0,4,0,4,135,17,17,1,170,0,0,0,170
08/22/2022,BDL,CT,ANE,EN,Towers with Radar,150,51,16,0,217,0,0,1,3,4,150,51,17,3,221,0,0,0,221
08/23/2022,BDL,CT,ANE,EN,Towers with Radar,167,39,19,7,232,0,0,0,3,3,167,39,19,10,235,0,0,0,235
08/24/2022,BDL,CT,ANE,EN,Towers with Radar,161,33,28,9,231,0,0,13,13,26,161,33,41,22,257,13,0,13,270
08/25/2022,BDL,CT,ANE,EN,Towers with Radar,165,26,23,9,223,0,0,19,7,26,165,26,42,16,249,10,0,10,259
08/26/2022,BDL,CT,ANE,EN,Towers with Radar,159,27,19,0,205,0,0,6,0,6,159,27,25,0,211,0,0,0,211
08/27/2022,BDL,CT,ANE,EN,Towers with Radar,146,22,21,0,189,0,0,5,2,7,146,22,26,2,196,0,0,0,196
08/28/2022,BDL,CT,ANE,EN,Towers with Radar,135,19,28,0,182,0,0,1,0,1,135,19,29,0,183,0,0,0,183
08/29/2022,BDL,CT,ANE,EN,Towers with Radar,154,30,24,3,211,0,0,15,1,16,154,30,39,4,227,0,0,0,227
08/30/2022,BDL,CT,ANE,EN,Towers with Radar,156,23,29,5,213,0,0,8,5,13,156,23,37,10,226,0,0,0,226
08/31/2022,BDL,CT,ANE,EN,Towers with Radar,168,24,34,2,228,0,0,20,10,30,168,24,54,12,258,18,0,18,276
09/01/2022,BDL,CT,ANE,EN,Towers with Radar,166,35,31,4,236,0,3,24,8,35,166,38,55,12,271,0,0,0,271
09/02/2022,BDL,CT,ANE,EN,Towers with Radar,166,32,19,0,217,0,0,17,0,17,166,32,36,0,234,0,0,0,234
09/03/2022,BDL,CT,ANE,EN,Towers with Radar,133,15,25,0,173,0,0,14,1,15,133,15,39,1,188,4,0,4,192
09/04/2022,BDL,CT,ANE,EN,Towers with Radar,123,18,10,1,152,0,0,7,0,7,123,18,17,1,159,0,0,0,159
09/05/2022,BDL,CT,ANE,EN,Towers with Radar,150,32,21,0,203,0,0,0,0,0,150,32,21,0,203,0,0,0,203
09/06/2022,BDL,CT,ANE,EN,Towers with Radar,148,35,27,1,211,0,0,0,0,0,148,35,27,1,211,0,0,0,211
09/07/2022,BDL,CT,ANE,EN,Towers with Radar,153,31,35,11,230,0,0,8,18,26,153,31,43,29,256,9,0,9,265
09/08/2022,BDL,CT,ANE,EN,Towers with Radar,160,31,29,5,225,0,2,22,17,41,160,33,51,22,266,0,0,0,266
09/09/2022,BDL,CT,ANE,EN,Towers with Radar,148,39,31,0,218,0,0,21,2,23,148,39,52,2,241,0,0,0,241
09/10/2022,BDL,CT,ANE,EN,Towers with Radar,131,26,27,2,186,0,1,27,9,37,131,27,54,11,223,0,0,0,223
09/11/2022,BDL,CT,ANE,EN,Towers with Radar,137,37,16,1,191,0,1,7,1,9,137,38,23,2,200,0,0,0,200
09/12/2022,BDL,CT,ANE,EN,Towers with Radar,149,25,44,7,225,0,0,3,1,4,149,25,47,8,229,0,0,0,229
09/13/2022,BDL,CT,ANE,EN,Towers with Radar,150,45,24,0,219,0,0,3,0,3,150,45,27,0,222,18,0,18,240
09/14/2022,BDL,CT,ANE,EN,Towers with Radar,160,45,19,5,229,0,0,18,14,32,160,45,37,19,261,0,0,0,261
09/15/2022,BDL,CT,ANE,EN,Towers with Radar,167,28,32,4,231,0,0,40,15,55,167,28,72,19,286,6,0,6,292
09/16/2022,BDL,CT,ANE,EN,Towers with Radar,156,35,18,1,210,0,0,20,0,20,156,35,38,1,230,0,0,0,230
09/17/2022,BDL,CT,ANE,EN,Towers with Radar,130,31,19,0,180,0,1,7,0,8,130,32,26,0,188,0,0,0,188
09/18/2022,BDL,CT,ANE,EN,Towers with Radar,136,35,18,0,189,0,0,13,0,13,136,35,31,0,202,0,0,0,202
09/19/2022,BDL,CT,ANE,EN,Towers with Radar,151,38,28,3,220,0,0,5,3,8,151,38,33,6,228,0,0,0,228
09/20/2022,BDL,CT,ANE,EN,Towers with Radar,149,41,40,3,233,0,0,4,10,14,149,41,44,13,247,0,0,0,247
09/21/2022,BDL,CT,ANE,EN,Towers with Radar,159,43,27,4,233,0,0,18,17,35,159,43,45,21,268,0,0,0,268
09/22/2022,BDL,CT,ANE,EN,Towers with Radar,154,45,26,1,226,0,0,4,0,4,154,45,30,1,230,0,0,0,230
09/23/2022,BDL,CT,ANE,EN,Towers with Radar,161,35,26,0,222,0,2,10,0,12,161,37,36,0,234,4,0,4,238
09/24/2022,BDL,CT,ANE,EN,Towers with Radar,128,25,14,1,168,0,0,15,0,15,128,25,29,1,183,9,0,9,192
09/25/2022,BDL,CT,ANE,EN,Towers with Radar,145,33,16,0,194,0,0,17,0,17,145,33,33,0,211,0,0,0,211
09/26/2022,BDL,CT,ANE,EN,Towers with Radar,148,32,28,3,211,0,0,9,3,12,148,32,37,6,223,0,0,0,223
09/27/2022,BDL,CT,ANE,EN,Towers with Radar,155,31,34,1,221,0,0,18,4,22,155,31,52,5,243,2,0,2,245
09/28/2022,BDL,CT,ANE,EN,Towers with Radar,137,34,39,0,210,0,1,27,4,32,137,35,66,4,242,6,0,6,248
09/29/2022,BDL,CT,ANE,EN,Towers with Radar,146,29,14,0,189,0,0,15,6,21,146,29,29,6,210,0,0,0,210
09/30/2022,BDL,CT,ANE,EN,Towers with Radar,144,36,21,0,201,0,0,14,0,14,144,36,35,0,215,11,0,11,226
10/01/2022,BDL,CT,ANE,EN,Towers with Radar,123,25,16,0,164,0,0,2,0,2,123,25,18,0,166,0,0,0,166
10/02/2022,BDL,CT,ANE,EN,Towers with Radar,132,24,15,5,176,0,0,5,1,6,132,24,20,6,182,0,0,0,182
10/03/2022,BDL,CT,ANE,EN,Towers with Radar,150,25,15,0,190,0,0,12,3,15,150,25,27,3,205,0,0,0,205
10/04/2022,BDL,CT,ANE,EN,Towers with Radar,153,26,23,7,209,0,0,5,8,13,153,26,28,15,222,0,0,0,222
10/05/2022,BDL,CT,ANE,EN,Towers with Radar,156,33,18,7,214,0,0,3,4,7,156,33,21,11,221,0,0,0,221
10/06/2022,BDL,CT,ANE,EN,Towers with Radar,169,28,27,3,227,0,0,19,17,36,169,28,46,20,263,6,1,7,270
10/07/2022,BDL,CT,ANE,EN,Towers with Radar,170,24,32,0,226,0,0,16,4,20,170,24,48,4,246,0,0,0,246
10/08/2022,BDL,CT,ANE,EN,Towers with Radar,137,24,13,0,174,0,1,12,2,15,137,25,25,2,189,3,0,3,192
10/09/2022,BDL,CT,ANE,EN,Towers with Radar,151,25,22,0,198,0,2,17,0,19,151,27,39,0,217,0,0,0,217
10/10/2022,BDL,CT,ANE,EN,Towers with Radar,158,31,23,0,212,0,0,10,0,10,158,31,33,0,222,0,0,0,222
10/11/2022,BDL,CT,ANE,EN,Towers with Radar,159,25,28,2,214,0,1,10,11,22,159,26,38,13,236,0,0,0,236
10/12/2022,BDL,CT,ANE,EN,Towers with Radar,160,29,42,7,238,0,1,26,12,39,160,30,68,19,277,0,0,0,277
10/13/2022,BDL,CT,ANE,EN,Towers with Radar,175,42,40,0,257,0,1,4,6,11,175,43,44,6,268,0,0,0,268
10/14/2022,BDL,CT,ANE,EN,Towers with Radar,169,49,28,4,250,0,0,6,8,14,169,49,34,12,264,0,0,0,264
10/15/2022,BDL,CT,ANE,EN,Towers with Radar,143,27,18,0,188,0,0,20,0,20,143,27,38,0,208,8,0,8,216
10/16/2022,BDL,CT,ANE,EN,Towers with Radar,149,25,35,2,211,0,0,28,0,28,149,25,63,2,239,0,0,0,239
10/17/2022,BDL,CT,ANE,EN,Towers with Radar,156,27,39,0,222,0,2,2,2,6,156,29,41,2,228,0,0,0,228
10/18/2022,BDL,CT,ANE,EN,Towers with Radar,160,37,41,6,244,0,0,10,8,18,160,37,51,14,262,0,0,0,262
10/19/2022,BDL,CT,ANE,EN,Towers with Radar,161,39,20,6,226,0,1,16,12,29,161,40,36,18,255,5,4,9,264
10/20/2022,BDL,CT,ANE,EN,Towers with Radar,169,33,17,1,220,0,0,8,8,16,169,33,25,9,236,0,8,8,244
10/21/2022,BDL,CT,ANE,EN,Towers with Radar,166,23,22,2,213,0,0,21,9,30,166,23,43,11,243,0,0,0,243
10/22/2022,BDL,CT,ANE,EN,Towers with Radar,136,24,11,1,172,0,0,11,3,14,136,24,22,4,186,0,0,0,186
10/23/2022,BDL,CT,ANE,EN,Towers with Radar,145,30,15,3,193,0,0,0,5,5,145,30,15,8,198,0,0,0,198
10/24/2022,BDL,CT,ANE,EN,Towers with Radar,153,49,40,0,242,0,0,0,0,0,153,49,40,0,242,0,0,0,242
10/25/2022,BDL,CT,ANE,EN,Towers with Radar,152,36,49,2,239,0,0,1,0,1,152,36,50,2,240,0,0,0,240
10/26/2022,BDL,CT,ANE,EN,Towers with Radar,160,37,31,2,230,0,0,0,8,8,160,37,31,10,238,0,0,0,238
10/27/2022,BDL,CT,ANE,EN,Towers with Radar,176,29,33,5,243,0,0,22,16,38,176,29,55,21,281,2,0,2,283
10/28/2022,BDL,CT,ANE,EN,Towers with Radar,167,21,33,0,221,0,0,18,2,20,167,21,51,2,241,0,0,0,241
10/29/2022,BDL,CT,ANE,EN,Towers with Radar,140,23,4,0,167,0,0,19,0,19,140,23,23,0,186,0,0,0,186
10/30/2022,BDL,CT,ANE,EN,Towers with Radar,134,22,13,2,171,0,0,7,0,7,134,22,20,2,178,0,0,0,178
10/31/2022,BDL,CT,ANE,EN,Towers with Radar,145,34,23,0,202,0,2,7,2,11,145,36,30,2,213,0,0,0,213
11/01/2022,BDL,CT,ANE,EN,Towers with Radar,155,33,35,4,227,0,0,2,0,2,155,33,37,4,229,0,0,0,229
11/02/2022,BDL,CT,ANE,EN,Towers with Radar,155,26,23,4,208,0,0,17,2,19,155,26,40,6,227,0,0,0,227
11/03/2022,BDL,CT,ANE,EN,Towers with Radar,161,13,33,4,211,0,0,23,7,30,161,13,56,11,241,17,0,17,258
11/04/2022,BDL,CT,ANE,EN,Towers with Radar,149,23,24,2,198,0,0,16,8,24,149,23,40,10,222,0,0,0,222
11/05/2022,BDL,CT,ANE,EN,Towers with Radar,127,29,20,2,178,0,0,7,1,8,127,29,27,3,186,0,0,0,186
11/06/2022,BDL,CT,ANE,EN,Towers with Radar,137,21,24,0,182,0,0,6,2,8,137,21,30,2,190,0,0,0,190
11/07/2022,BDL,CT,ANE,EN,Towers with Radar,141,15,33,0,189,0,1,7,0,8,141,16,40,0,197,0,0,0,197
11/08/2022,BDL,CT,ANE,EN,Towers with Radar,155,16,30,2,203,0,0,18,10,28,155,16,48,12,231,0,0,0,231
11/09/2022,BDL,CT,ANE,EN,Towers with Radar,152,16,38,0,206,0,1,16,10,27,152,17,54,10,233,0,0,0,233
11/10/2022,BDL,CT,ANE,EN,Towers with Radar,151,26,30,10,217,0,0,19,9,28,151,26,49,19,245,0,8,8,253
11/11/2022,BDL,CT,ANE,EN,Towers with Radar,158,12,9,7,186,0,0,0,3,3,158,12,9,10,189,0,8,8,197
11/12/2022,BDL,CT,ANE,EN,Towers with Radar,138,31,5,0,174,0,0,2,0,2,138,31,7,0,176,0,0,0,176
11/13/2022,BDL,CT,ANE,EN,Towers with Radar,139,17,22,2,180,0,0,2,0,2,139,17,24,2,182,0,0,0,182
11/14/2022,BDL,CT,ANE,EN,Towers with Radar,155,20,22,0,197,0,0,18,0,18,155,20,40,0,215,0,0,0,215
11/15/2022,BDL,CT,ANE,EN,Towers with Radar,161,30,36,9,236,0,1,12,11,24,161,31,48,20,260,0,0,0,260
11/16/2022,BDL,CT,ANE,EN,Towers with Radar,165,17,19,8,209,0,0,5,11,16,165,17,24,19,225,0,17,17,242
11/17/2022,BDL,CT,ANE,EN,Towers with Radar,169,23,32,2,226,0,0,16,15,31,169,23,48,17,257,18,12,30,287
11/18/2022,BDL,CT,ANE,EN,Towers with Radar,162,18,23,4,207,0,0,8,0,8,162,18,31,4,215,12,0,12,227
11/19/2022,BDL,CT,ANE,EN,Towers with Radar,148,24,16,0,188,0,0,9,5,14,148,24,25,5,202,0,0,0,202
11/20/2022,BDL,CT,ANE,EN,Towers with Radar,148,33,17,0,198,0,0,14,4,18,148,33,31,4,216,0,0,0,216
11/21/2022,BDL,CT,ANE,EN,Towers with Radar,165,20,20,2,207,0,0,6,0,6,165,20,26,2,213,8,0,8,221
11/22/2022,BDL,CT,ANE,EN,Towers with Radar,172,31,46,9,258,0,0,19,7,26,172,31,65,16,284,8,0,8,292
11/23/2022,BDL,CT,ANE,EN,Towers with Radar,172,19,26,0,217,0,0,17,2,19,172,19,43,2,236,0,0,0,236
11/24/2022,BDL,CT,ANE,EN,Towers with Radar,94,7,4,0,105,0,0,8,0,8,94,7,12,0,113,4,0,4,117
11/25/2022,BDL,CT,ANE,EN,Towers with Radar,128,14,4,0,146,0,0,0,0,0,128,14,4,0,146,0,0,0,146
11/26/2022,BDL,CT,ANE,EN,Towers with Radar,154,23,25,0,202,0,4,6,0,10,154,27,31,0,212,0,0,0,212
11/27/2022,BDL,CT,ANE,EN,Towers with Radar,166,15,26,2,209,0,0,5,0,5,166,15,31,2,214,0,0,0,214
11/28/2022,BDL,CT,ANE,EN,Towers with Radar,171,16,38,0,225,0,0,6,4,10,171,16,44,4,235,0,0,0,235
11/29/2022,BDL,CT,ANE,EN,Towers with Radar,167,24,33,3,227,0,0,11,7,18,167,24,44,10,245,0,0,0,245
11/30/2022,BDL,CT,ANE,EN,Towers with Radar,171,15,38,1,225,0,0,0,0,0,171,15,38,1,225,0,0,0,225
12/01/2022,BDL,CT,ANE,EN,Towers with Radar,171,13,33,4,221,0,1,12,5,18,171,14,45,9,239,0,0,0,239
12/02/2022,BDL,CT,ANE,EN,Towers with Radar,168,11,25,0,204,0,0,13,0,13,168,11,38,0,217,0,0,0,217
12/03/2022,BDL,CT,ANE,EN,Towers with Radar,140,29,11,0,180,0,0,0,0,0,140,29,11,0,180,0,0,0,180
12/04/2022,BDL,CT,ANE,EN,Towers with Radar,139,19,15,1,174,0,0,8,0,8,139,19,23,1,182,0,0,0,182
12/05/2022,BDL,CT,ANE,EN,Towers with Radar,158,19,27,3,207,0,0,17,0,17,158,19,44,3,224,0,0,0,224
12/06/2022,BDL,CT,ANE,EN,Towers with Radar,171,16,17,0,204,0,1,6,0,7,171,17,23,0,211,0,0,0,211
12/07/2022,BDL,CT,ANE,EN,Towers with Radar,170,27,41,0,238,0,0,0,0,0,170,27,41,0,238,0,0,0,238
12/08/2022,BDL,CT,ANE,EN,Towers with Radar,172,19,27,1,219,0,0,16,14,30,172,19,43,15,249,21,0,21,270
12/09/2022,BDL,CT,ANE,EN,Towers with Radar,167,9,29,0,205,0,1,13,2,16,167,10,42,2,221,0,0,0,221
12/10/2022,BDL,CT,ANE,EN,Towers with Radar,136,15,27,3,181,0,0,13,9,22,136,15,40,12,203,0,0,0,203
12/11/2022,BDL,CT,ANE,EN,Towers with Radar,140,8,17,0,165,0,0,0,0,0,140,8,17,0,165,0,0,0,165
12/12/2022,BDL,CT,ANE,EN,Towers with Radar,152,11,31,2,196,0,0,12,1,13,152,11,43,3,209,0,0,0,209
12/13/2022,BDL,CT,ANE,EN,Towers with Radar,169,17,32,12,230,0,2,17,12,31,169,19,49,24,261,0,5,5,266
12/14/2022,BDL,CT,ANE,EN,Towers with Radar,168,15,12,5,200,0,0,10,12,22,168,15,22,17,222,2,0,2,224
12/15/2022,BDL,CT,ANE,EN,Towers with Radar,177,27,31,2,237,0,0,2,0,2,177,27,33,2,239,0,0,0,239
12/16/2022,BDL,CT,ANE,EN,Towers with Radar,169,15,20,0,204,0,0,0,0,0,169,15,20,0,204,0,0,0,204
12/17/2022,BDL,CT,ANE,EN,Towers with Radar,160,17,12,0,189,0,0,4,0,4,160,17,16,0,193,0,0,0,193
12/18/2022,BDL,CT,ANE,EN,Towers with Radar,150,30,9,0,189,0,1,19,0,20,150,31,28,0,209,0,0,0,209
12/19/2022,BDL,CT,ANE,EN,Towers with Radar,169,22,23,0,214,0,1,11,6,18,169,23,34,6,232,0,0,0,232
12/20/2022,BDL,CT,ANE,EN,Towers with Radar,178,13,31,9,231,0,2,12,15,29,178,15,43,24,260,0,4,4,264
12/21/2022,BDL,CT,ANE,EN,Towers with Radar,185,19,23,3,230,0,0,18,16,34,185,19,41,19,264,2,0,2,266
12/22/2022,BDL,CT,ANE,EN,Towers with Radar,165,24,22,2,213,0,0,0,6,6,165,24,22,8,219,0,0,0,219
12/23/2022,BDL,CT,ANE,EN,Towers with Radar,144,8,9,0,161,0,0,0,0,0,144,8,9,0,161,0,0,0,161
12/24/2022,BDL,CT,ANE,EN,Towers with Radar,107,15,8,0,130,0,0,4,0,4,107,15,12,0,134,0,0,0,134
12/25/2022,BDL,CT,ANE,EN,Towers with Radar,101,10,6,0,117,0,0,0,0,0,101,10,6,0,117,0,0,0,117
12/26/2022,BDL,CT,ANE,EN,Towers with Radar,109,20,28,0,157,0,0,12,0,12,109,20,40,0,169,0,0,0,169
12/27/2022,BDL,CT,ANE,EN,Towers with Radar,146,27,28,0,201,0,3,9,0,12,146,30,37,0,213,0,0,0,213
12/28/2022,BDL,CT,ANE,EN,Towers with Radar,148,9,29,1,187,0,4,9,9,22,148,13,38,10,209,0,0,0,209
12/29/2022,BDL,CT,ANE,EN,Towers with Radar,148,16,16,3,183,0,0,12,9,21,148,16,28,12,204,0,0,0,204
12/30/2022,BDL,CT,ANE,EN,Towers with Radar,163,20,13,0,196,0,0,12,0,12,163,20,25,0,208,0,0,0,208
12/31/2022,BDL,CT,ANE,EN,Towers with Radar,141,15,12,0,168,0,0,0,0,0,141,15,12,0,168,0,0,0,168
01/01/2023,BDL,CT,ANE,EN,Towers with Radar,113,7,4,0,124,0,0,3,0,3,113,7,7,0,127,0,0,0,127
01/02/2023,BDL,CT,ANE,EN,Towers with Radar,148,13,29,0,190,0,0,13,0,13,148,13,42,0,203,11,0,11,214
01/03/2023,BDL,CT,ANE,EN,Towers with Radar,161,18,14,2,195,0,0,0,0,0,161,18,14,2,195,0,0,0,195
01/04/2023,BDL,CT,ANE,EN,Towers with Radar,144,19,18,0,181,0,0,0,0,0,144,19,18,0,181,0,0,0,181
01/05/2023,BDL,CT,ANE,EN,Towers with Radar,139,15,30,4,188,0,0,0,0,0,139,15,30,4,188,0,26,26,214
01/06/2023,BDL,CT,ANE,EN,Towers with Radar,138,22,15,0,175,0,0,0,0,0,138,22,15,0,175,0,0,0,175
01/07/2023,BDL,CT,ANE,EN,Towers with Radar,125,26,11,0,162,0,0,9,0,9,125,26,20,0,171,0,0,0,171
01/08/2023,BDL,CT,ANE,EN,Towers with Radar,130,16,19,0,165,0,0,14,0,14,130,16,33,0,179,0,0,0,179
01/09/2023,BDL,CT,ANE,EN,Towers with Radar,145,22,26,3,196,0,0,14,3,17,145,22,40,6,213,0,0,0,213
01/10/2023,BDL,CT,ANE,EN,Towers with Radar,144,34,16,3,197,0,1,11,2,14,144,35,27,5,211,0,0,0,211
01/11/2023,BDL,CT,ANE,EN,Towers with Radar,130,31,17,6,184,0,0,11,11,22,130,31,28,17,206,0,0,0,206
01/12/2023,BDL,CT,ANE,EN,Towers with Radar,155,24,16,1,196,0,0,0,0,0,155,24,16,1,196,0,0,0,196
01/13/2023,BDL,CT,ANE,EN,Towers with Radar,145,21,26,0,192,0,0,0,0,0,145,21,26,0,192,0,0,0,192
01/14/2023,BDL,CT,ANE,EN,Towers with Radar,120,16,5,0,141,0,0,0,0,0,120,16,5,0,141,0,0,0,141
01/15/2023,BDL,CT,ANE,EN,Towers with Radar,115,28,14,0,157,0,0,5,0,5,115,28,19,0,162,0,0,0,162
01/16/2023,BDL,CT,ANE,EN,Towers with Radar,138,21,34,0,193,0,0,12,0,12,138,21,46,0,205,0,0,0,205
01/17/2023,BDL,CT,ANE,EN,Towers with Radar,134,24,24,3,185,0,0,22,8,30,134,24,46,11,215,0,0,0,215
01/18/2023,BDL,CT,ANE,EN,Towers with Radar,135,26,25,4,190,0,0,4,4,8,135,26,29,8,198,0,0,0,198
01/19/2023,BDL,CT,ANE,EN,Towers with Radar,143,34,25,0,202,0,0,10,0,10,143,34,35,0,212,0,0,0,212
01/20/2023,BDL,CT,ANE,EN,Towers with Radar,140,30,20,0,190,0,0,0,0,0,140,30,20,0,190,0,0,0,190
01/21/2023,BDL,CT,ANE,EN,Towers with Radar,118,23,10,0,151,0,2,5,0,7,118,25,15,0,158,0,0,0,158
01/22/2023,BDL,CT,ANE,EN,Towers with Radar,126,27,21,0,174,0,0,7,0,7,126,27,28,0,181,0,4,4,185
01/23/2023,BDL,CT,ANE,EN,Towers with Radar,131,34,22,0,187,0,0,0,0,0,131,34,22,0,187,0,0,0,187
01/24/2023,BDL,CT,ANE,EN,Towers with Radar,129,41,45,4,219,0,0,19,6,25,129,41,64,10,244,6,0,6,250
01/25/2023,BDL,CT,ANE,EN,Towers with Radar,132,25,18,4,179,0,0,7,2,9,132,25,25,6,188,0,0,0,188
01/26/2023,BDL,CT,ANE,EN,Towers with Radar,137,35,20,4,196,0,0,2,7,9,137,35,22,11,205,0,0,0,205
01/27/2023,BDL,CT,ANE,EN,Towers with Radar,139,30,24,2,195,0,0,4,2,6,139,30,28,4,201,0,0,0,201
01/28/2023,BDL,CT,ANE,EN,Towers with Radar,117,20,19,0,156,0,4,15,0,19,117,24,34,0,175,0,0,0,175
01/29/2023,BDL,CT,ANE,EN,Towers with Radar,126,26,15,0,167,0,0,9,2,11,126,26,24,2,178,0,2,2,180
01/30/2023,BDL,CT,ANE,EN,Towers with Radar,126,34,32,13,205,0,0,10,5,15,126,34,42,18,220,2,0,2,222
01/31/2023,BDL,CT,ANE,EN,Towers with Radar,125,36,18,3,182,1,0,12,6,19,126,36,30,9,201,0,0,0,201
02/01/2023,BDL,CT,ANE,EN,Towers with Radar,124,32,34,4,194,0,0,18,14,32,124,32,52,18,226,2,0,2,228
02/02/2023,BDL,CT,ANE,EN,Towers with Radar,137,34,25,3,199,0,0,17,15,32,137,34,42,18,231,6,4,10,241
02/03/2023,BDL,CT,ANE,EN,Towers with Radar,137,46,11,0,194,0,0,0,0,0,137,46,11,0,194,0,0,0,194
02/04/2023,BDL,CT,ANE,EN,Towers with Radar,125,14,13,2,154,0,0,5,2,7,125,14,18,4,161,0,2,2,163
02/05/2023,BDL,CT,ANE,EN,Towers with Radar,134,21,16,0,171,0,2,6,0,8,134,23,22,0,179,0,0,0,179
02/06/2023,BDL,CT,ANE,EN,Towers with Radar,139,21,23,4,187,0,0,17,0,17,139,21,40,4,204,0,0,0,204
02/07/2023,BDL,CT,ANE,EN,Towers with Radar,135,25,31,7,198,0,2,17,6,25,135,27,48,13,223,0,0,0,223
02/08/2023,BDL,CT,ANE,EN,Towers with Radar,137,30,18,3,188,0,0,25,10,35,137,30,43,13,223,0,0,0,223
02/09/2023,BDL,CT,ANE,EN,Towers with Radar,156,28,20,0,204,0,0,9,5,14,156,28,29,5,218,0,0,0,218
02/10/2023,BDL,CT,ANE,EN,Towers with Radar,156,21,26,0,203,0,0,6,0,6,156,21,32,0,209,0,0,0,209
02/11/2023,BDL,CT,ANE,EN,Towers with Radar,138,13,16,0,167,0,0,5,0,5,138,13,21,0,172,0,0,0,172
02/12/2023,BDL,CT,ANE,EN,Towers with Radar,135,21,16,0,172,0,0,6,0,6,135,21,22,0,178,20,0,20,198
02/13/2023,BDL,CT,ANE,EN,Towers with Radar,135,26,25,4,190,0,1,23,1,25,135,27,48,5,215,0,0,0,215
02/14/2023,BDL,CT,ANE,EN,Towers with Radar,144,31,17,1,193,0,2,7,8,17,144,33,24,9,210,0,0,0,210
02/15/2023,BDL,CT,ANE,EN,Towers with Radar,143,39,18,2,202,0,0,16,10,26,143,39,34,12,228,0,0,0,228
02/16/2023,BDL,CT,ANE,EN,Towers with Radar,167,25,37,3,232,0,4,7,8,19,167,29,44,11,251,0,0,0,251
02/17/2023,BDL,CT,ANE,EN,Towers with Radar,165,25,29,0,219,0,0,1,0,1,165,25,30,0,220,0,0,0,220
02/18/2023,BDL,CT,ANE,EN,Towers with Radar,154,20,9,0,183,0,0,13,0,13,154,20,22,0,196,0,0,0,196
02/19/2023,BDL,CT,ANE,EN,Towers with Radar,151,20,11,0,182,0,0,13,0,13,151,20,24,0,195,0,0,0,195
02/20/2023,BDL,CT,ANE,EN,Towers with Radar,160,15,27,0,202,0,0,8,0,8,160,15,35,0,210,2,0,2,212
02/21/2023,BDL,CT,ANE,EN,Towers with Radar,174,29,22,3,228,0,0,0,0,0,174,29,22,3,228,0,0,0,228
02/22/2023,BDL,CT,ANE,EN,Towers with Radar,162,17,20,1,200,0,1,7,2,10,162,18,27,3,210,0,0,0,210
02/23/2023,BDL,CT,ANE,EN,Towers with Radar,170,23,11,0,204,0,0,0,0,0,170,23,11,0,204,0,0,0,204
02/24/2023,BDL,CT,ANE,EN,Towers with Radar,167,24,15,0,206,0,0,2,0,2,167,24,17,0,208,0,0,0,208
02/25/2023,BDL,CT,ANE,EN,Towers with Radar,158,20,14,2,194,0,0,3,2,5,158,20,17,4,199,0,0,0,199
02/26/2023,BDL,CT,ANE,EN,Towers with Radar,154,19,20,0,193,0,0,4,0,4,154,19,24,0,197,0,0,0,197
02/27/2023,BDL,CT,ANE,EN,Towers with Radar,160,19,30,2,211,0,0,12,1,13,160,19,42,3,224,0,0,0,224
02/28/2023,BDL,CT,ANE,EN,Towers with Radar,162,32,8,0,202,0,0,0,0,0,162,32,8,0,202,0,0,0,202
03/01/2023,BDL,CT,ANE,EN,Towers with Radar,167,21,24,1,213,0,0,14,7,21,167,21,38,8,234,0,0,0,234
03/02/2023,BDL,CT,ANE,EN,Towers with Radar,171,22,28,3,224,0,0,6,4,10,171,22,34,7,234,0,0,0,234
03/03/2023,BDL,CT,ANE,EN,Towers with Radar,158,22,32,5,217,0,1,10,5,16,158,23,42,10,233,0,10,10,243
03/04/2023,BDL,CT,ANE,EN,Towers with Radar,141,28,7,1,177,0,0,0,0,0,141,28,7,1,177,0,0,0,177
03/05/2023,BDL,CT,ANE,EN,Towers with Radar,152,23,27,2,204,0,0,9,1,10,152,23,36,3,214,0,0,0,214
03/06/2023,BDL,CT,ANE,EN,Towers with Radar,160,24,28,0,212,0,0,17,2,19,160,24,45,2,231,0,0,0,231
03/07/2023,BDL,CT,ANE,EN,Towers with Radar,160,19,26,8,213,0,1,6,4,11,160,20,32,12,224,0,2,2,226
03/08/2023,BDL,CT,ANE,EN,Towers with Radar,160,25,22,4,211,0,2,18,2,22,160,27,40,6,233,0,0,0,233
03/09/2023,BDL,CT,ANE,EN,Towers with Radar,163,28,31,1,223,0,1,21,9,31,163,29,52,10,254,0,0,0,254
03/10/2023,BDL,CT,ANE,EN,Towers with Radar,153,23,31,2,209,0,1,13,0,14,153,24,44,2,223,0,0,0,223
03/11/2023,BDL,CT,ANE,EN,Towers with Radar,140,30,10,0,180,0,0,3,0,3,140,30,13,0,183,6,0,6,189
03/12/2023,BDL,CT,ANE,EN,Towers with Radar,140,30,23,0,193,0,0,21,0,21,140,30,44,0,214,4,0,4,218
03/13/2023,BDL,CT,ANE,EN,Towers with Radar,154,26,18,0,198,0,0,1,2,3,154,26,19,2,201,0,0,0,201
03/14/2023,BDL,CT,ANE,EN,Towers with Radar,109,27,7,0,143,0,0,0,0,0,109,27,7,0,143,0,0,0,143
03/15/2023,BDL,CT,ANE,EN,Towers with Radar,166,27,21,6,220,0,0,0,6,6,166,27,21,12,226,0,0,0,226
03/16/2023,BDL,CT,ANE,EN,Towers with Radar,167,41,36,7,251,0,0,20,6,26,167,41,56,13,277,0,0,0,277
03/17/2023,BDL,CT,ANE,EN,Towers with Radar,157,30,19,1,207,0,0,12,0,12,157,30,31,1,219,14,0,14,233
03/18/2023,BDL,CT,ANE,EN,Towers with Radar,138,25,15,1,179,0,0,15,7,22,138,25,30,8,201,0,0,0,201
03/19/2023,BDL,CT,ANE,EN,Towers with Radar,147,25,12,4,188,0,0,3,3,6,147,25,15,7,194,0,0,0,194
03/20/2023,BDL,CT,ANE,EN,Towers with Radar,153,30,37,3,223,0,1,24,2,27,153,31,61,5,250,0,0,0,250
03/21/2023,BDL,CT,ANE,EN,Towers with Radar,167,30,22,5,224,0,3,18,6,27,167,33,40,11,251,0,0,0,251
03/22/2023,BDL,CT,ANE,EN,Towers with Radar,158,35,25,1,219,0,2,18,7,27,158,37,43,8,246,0,0,0,246
03/23/2023,BDL,CT,ANE,EN,Towers with Radar,170,24,31,4,229,0,0,3,2,5,170,24,34,6,234,12,16,28,262
03/24/2023,BDL,CT,ANE,EN,Towers with Radar,162,23,24,2,211,0,1,12,0,13,162,24,36,2,224,2,0,2,226
03/25/2023,BDL,CT,ANE,EN,Towers with Radar,137,24,8,0,169,0,0,0,0,0,137,24,8,0,169,0,0,0,169
03/26/2023,BDL,CT,ANE,EN,Towers with Radar,142,31,20,0,193,0,0,12,0,12,142,31,32,0,205,0,0,0,205
03/27/2023,BDL,CT,ANE,EN,Towers with Radar,157,41,16,6,220,0,5,5,9,19,157,46,21,15,239,0,0,0,239
03/28/2023,BDL,CT,ANE,EN,Towers with Radar,167,30,32,6,235,0,1,7,4,12,167,31,39,10,247,0,27,27,274
03/29/2023,BDL,CT,ANE,EN,Towers with Radar,163,33,34,3,233,0,2,17,11,30,163,35,51,14,263,0,0,0,263
03/30/2023,BDL,CT,ANE,EN,Towers with Radar,167,36,36,6,245,0,2,17,5,24,167,38,53,11,269,10,0,10,279
03/31/2023,BDL,CT,ANE,EN,Towers with Radar,147,26,23,4,200,0,0,7,1,8,147,26,30,5,208,0,2,2,210
04/01/2023,BDL,CT,ANE,EN,Towers with Radar,141,25,11,10,187,0,0,1,0,1,141,25,12,10,188,0,0,0,188
04/02/2023,BDL,CT,ANE,EN,Towers with Radar,146,30,22,3,201,0,6,22,1,29,146,36,44,4,230,27,0,27,257
04/03/2023,BDL,CT,ANE,EN,Towers with Radar,150,32,22,3,207,0,2,5,3,10,150,34,27,6,217,2,0,2,219
04/04/2023,BDL,CT,ANE,EN,Towers with Radar,169,29,32,5,235,0,0,5,6,11,169,29,37,11,246,0,0,0,246
04/05/2023,BDL,CT,ANE,EN,Towers with Radar,167,22,31,5,225,0,0,2,0,2,167,22,33,5,227,0,0,0,227
04/06/2023,BDL,CT,ANE,EN,Towers with Radar,184,22,34,1,241,0,0,3,9,12,184,22,37,10,253,0,0,0,253
04/07/2023,BDL,CT,ANE,EN,Towers with Radar,166,21,17,0,204,0,0,7,2,9,166,21,24,2,213,0,0,0,213
04/08/2023,BDL,CT,ANE,EN,Towers with Radar,150,20,15,1,186,0,2,15,0,17,150,22,30,1,203,0,0,0,203
04/09/2023,BDL,CT,ANE,EN,Towers with Radar,155,19,13,1,188,0,1,14,0,15,155,20,27,1,203,0,0,0,203
04/10/2023,BDL,CT,ANE,EN,Towers with Radar,166,14,19,5,204,0,0,13,3,16,166,14,32,8,220,0,0,0,220
04/11/2023,BDL,CT,ANE,EN,Towers with Radar,180,21,27,7,235,0,1,17,8,26,180,22,44,15,261,0,4,4,265
04/12/2023,BDL,CT,ANE,EN,Towers with Radar,175,19,23,3,220,0,0,12,2,14,175,19,35,5,234,2,0,2,236
04/13/2023,BDL,CT,ANE,EN,Towers with Radar,179,15,18,2,214,0,0,21,6,27,179,15,39,8,241,0,0,0,241
04/14/2023,BDL,CT,ANE,EN,Towers with Radar,168,21,23,1,213,0,1,25,0,26,168,22,48,1,239,0,0,0,239
04/15/2023,BDL,CT,ANE,EN,Towers with Radar,142,24,13,0,179,0,3,3,2,8,142,27,16,2,187,0,0,0,187
04/16/2023,BDL,CT,ANE,EN,Towers with Radar,153,24,33,1,211,0,0,2,0,2,153,24,35,1,213,0,0,0,213
04/17/2023,BDL,CT,ANE,EN,Towers with Radar,184,25,32,4,245,0,2,2,0,4,184,27,34,4,249,0,0,0,249
04/18/2023,BDL,CT,ANE,EN,Towers with Radar,181,19,29,3,232,0,1,11,11,23,181,20,40,14,255,4,0,4,259
04/19/2023,BDL,CT,ANE,EN,Towers with Radar,174,26,24,4,228,0,0,9,14,23,174,26,33,18,251,0,0,0,251
04/20/2023,BDL,CT,ANE,EN,Towers with Radar,181,34,33,1,249,0,5,21,6,32,181,39,54,7,281,0,0,0,281
04/21/2023,BDL,CT,ANE,EN,Towers with Radar,170,29,36,5,240,0,2,21,1,24,170,31,57,6,264,0,0,0,264
04/22/2023,BDL,CT,ANE,EN,Towers with Radar,129,12,14,2,157,0,0,0,0,0,129,12,14,2,157,0,0,0,157
04/23/2023,BDL,CT,ANE,EN,Towers with Radar,162,17,14,1,194,0,0,1,0,1,162,17,15,1,195,0,0,0,195
04/24/2023,BDL,CT,ANE,EN,Towers with Radar,171,37,41,3,252,0,0,9,3,12,171,37,50,6,264,10,0,10,274
04/25/2023,BDL,CT,ANE,EN,Towers with Radar,167,28,43,0,238,0,1,14,8,23,167,29,57,8,261,0,0,0,261
04/26/2023,BDL,CT,ANE,EN,Towers with Radar,160,30,44,4,238,0,0,18,6,24,160,30,62,10,262,12,0,12,274
04/27/2023,BDL,CT,ANE,EN,Towers with Radar,181,25,27,2,235,0,0,3,8,11,181,25,30,10,246,0,0,0,246
04/28/2023,BDL,CT,ANE,EN,Towers with Radar,163,17,33,0,213,0,0,13,0,13,163,17,46,0,226,0,0,0,226
04/29/2023,BDL,CT,ANE,EN,Towers with Radar,136,23,17,0,176,0,1,0,2,3,136,24,17,2,179,0,0,0,179
04/30/2023,BDL,CT,ANE,EN,Towers with Radar,148,23,25,0,196,0,0,0,0,0,148,23,25,0,196,0,0,0,196
05/01/2023,BDL,CT,ANE,EN,Towers with Radar,168,27,20,2,217,0,0,11,2,13,168,27,31,4,230,4,3,7,237
05/02/2023,BDL,CT,ANE,EN,Towers with Radar,167,27,29,4,227,0,0,4,3,7,167,27,33,7,234,0,2,2,236
05/03/2023,BDL,CT,ANE,EN,Towers with Radar,166,27,31,2,226,0,1,17,0,18,166,28,48,2,244,0,0,0,244
05/04/2023,BDL,CT,ANE,EN,Towers with Radar,177,17,38,2,234,0,0,5,0,5,177,17,43,2,239,6,0,6,245
05/05/2023,BDL,CT,ANE,EN,Towers with Radar,157,25,29,0,211,0,0,11,2,13,157,25,40,2,224,0,2,2,226
05/06/2023,BDL,CT,ANE,EN,Towers with Radar,122,18,16,1,157,0,0,16,2,18,122,18,32,3,175,0,0,0,175
05/07/2023,BDL,CT,ANE,EN,Towers with Radar,140,32,18,1,191,0,2,10,2,14,140,34,28,3,205,0,0,0,205
05/08/2023,BDL,CT,ANE,EN,Towers with Radar,151,37,28,1,217,0,0,14,0,14,151,37,42,1,231,0,0,0,231
05/09/2023,BDL,CT,ANE,EN,Towers with Radar,144,26,26,2,198,0,0,9,2,11,144,26,35,4,209,4,0,4,213
05/10/2023,BDL,CT,ANE,EN,Towers with Radar,160,36,20,4,220,0,2,25,4,31,160,38,45,8,251,10,0,10,261
05/11/2023,BDL,CT,ANE,EN,Towers with Radar,164,43,23,4,234,0,4,10,1,15,164,47,33,5,249,0,0,0,249
05/12/2023,BDL,CT,ANE,EN,Towers with Radar,155,33,15,0,203,0,1,11,0,12,155,34,26,0,215,0,2,2,217
05/13/2023,BDL,CT,ANE,EN,Towers with Radar,125,18,18,0,161,0,1,15,0,16,125,19,33,0,177,6,0,6,183
05/14/2023,BDL,CT,ANE,EN,Towers with Radar,138,22,15,0,175,0,0,9,0,9,138,22,24,0,184,0,0,0,184
05/15/2023,BDL,CT,ANE,EN,Towers with Radar,150,40,28,1,219,0,2,18,2,22,150,42,46,3,241,22,0,22,263
05/16/2023,BDL,CT,ANE,EN,Towers with Radar,152,26,26,7,211,0,1,17,8,26,152,27,43,15,237,0,0,0,237
05/17/2023,BDL,CT,ANE,EN,Towers with Radar,155,43,25,6,229,0,2,13,4,19,155,45,38,10,248,0,0,0,248
05/18/2023,BDL,CT,ANE,EN,Towers with Radar,159,36,34,4,233,0,2,12,2,16,159,38,46,6,249,0,0,0,249
05/19/2023,BDL,CT,ANE,EN,Towers with Radar,158,29,15,2,204,0,4,13,0,17,158,33,28,2,221,0,0,0,221
05/20/2023,BDL,CT,ANE,EN,Towers with Radar,128,28,11,1,168,0,0,0,0,0,128,28,11,1,168,4,0,4,172
05/21/2023,BDL,CT,ANE,EN,Towers with Radar,142,36,11,3,192,0,1,9,1,11,142,37,20,4,203,0,0,0,203
05/22/2023,BDL,CT,ANE,EN,Towers with Radar,152,22,17,0,191,0,1,14,4,19,152,23,31,4,210,0,0,0,210
05/23/2023,BDL,CT,ANE,EN,Towers with Radar,159,33,20,3,215,0,4,20,3,27,159,37,40,6,242,6,8,14,256
05/24/2023,BDL,CT,ANE,EN,Towers with Radar,152,31,18,4,205,0,1,14,8,23,152,32,32,12,228,9,0,9,237
05/25/2023,BDL,CT,ANE,EN,Towers with Radar,167,34,20,2,223,0,2,16,10,28,167,36,36,12,251,8,0,8,259
05/26/2023,BDL,CT,ANE,EN,Towers with Radar,165,24,19,0,208,0,1,6,0,7,165,25,25,0,215,0,0,0,215
05/27/2023,BDL,CT,ANE,EN,Towers with Radar,131,28,15,0,174,0,0,9,0,9,131,28,24,0,183,0,0,0,183
05/28/2023,BDL,CT,ANE,EN,Towers with Radar,124,28,17,0,169,0,0,10,0,10,124,28,27,0,179,0,0,0,179
05/29/2023,BDL,CT,ANE,EN,Towers with Radar,153,17,9,0,179,0,1,2,5,8,153,18,11,5,187,0,0,0,187
05/30/2023,BDL,CT,ANE,EN,Towers with Radar,148,31,37,2,218,0,6,17,4,27,148,37,54,6,245,26,0,26,271
05/31/2023,BDL,CT,ANE,EN,Towers with Radar,159,33,18,4,214,0,0,17,10,27,159,33,35,14,241,0,0,0,241
06/01/2023,BDL,CT,ANE,EN,Towers with Radar,167,29,41,5,242,0,3,24,8,35,167,32,65,13,277,8,6,14,291
06/02/2023,BDL,CT,ANE,EN,Towers with Radar,157,37,30,1,225,0,2,8,2,12,157,39,38,3,237,0,0,0,237
06/03/2023,BDL,CT,ANE,EN,Towers with Radar,119,24,21,8,172,0,0,0,3,3,119,24,21,11,175,0,0,0,175
06/04/2023,BDL,CT,ANE,EN,Towers with Radar,143,36,17,0,196,0,0,3,2,5,143,36,20,2,201,0,0,0,201
06/05/2023,BDL,CT,ANE,EN,Towers with Radar,146,33,29,3,211,0,2,5,6,13,146,35,34,9,224,0,0,0,224
06/06/2023,BDL,CT,ANE,EN,Towers with Radar,141,42,34,6,223,0,2,10,0,12,141,44,44,6,235,0,0,0,235
06/07/2023,BDL,CT,ANE,EN,Towers with Radar,143,47,27,7,224,0,0,4,9,13,143,47,31,16,237,2,0,2,239
06/08/2023,BDL,CT,ANE,EN,Towers with Radar,153,34,38,3,228,0,0,6,1,7,153,34,44,4,235,0,0,0,235
06/09/2023,BDL,CT,ANE,EN,Towers with Radar,147,30,23,2,202,0,0,6,2,8,147,30,29,4,210,2,0,2,212
06/10/2023,BDL,CT,ANE,EN,Towers with Radar,128,31,16,0,175,0,1,3,7,11,128,32,19,7,186,0,0,0,186
06/11/2023,BDL,CT,ANE,EN,Towers with Radar,134,24,8,1,167,0,2,13,2,17,134,26,21,3,184,2,0,2,186
06/12/2023,BDL,CT,ANE,EN,Towers with Radar,144,28,43,2,217,0,0,6,1,7,144,28,49,3,224,0,0,0,224
06/13/2023,BDL,CT,ANE,EN,Towers with Radar,147,56,25,6,234,0,2,5,2,9,147,58,30,8,243,0,0,0,243
06/14/2023,BDL,CT,ANE,EN,Towers with Radar,148,42,30,4,224,0,1,14,3,18,148,43,44,7,242,0,0,0,242
06/15/2023,BDL,CT,ANE,EN,Towers with Radar,153,35,41,8,237,0,2,15,4,21,153,37,56,12,258,2,0,2,260
06/16/2023,BDL,CT,ANE,EN,Towers with Radar,151,34,25,6,216,0,0,10,2,12,151,34,35,8,228,0,0,0,228
06/17/2023,BDL,CT,ANE,EN,Towers with Radar,124,25,14,5,168,0,0,0,0,0,124,25,14,5,168,0,0,0,168
06/18/2023,BDL,CT,ANE,EN,Towers with Radar,125,29,11,0,165,0,1,7,0,8,125,30,18,0,173,0,0,0,173
06/19/2023,BDL,CT,ANE,EN,Towers with Radar,148,45,27,1,221,0,0,20,0,20,148,45,47,1,241,0,0,0,241
06/20/2023,BDL,CT,ANE,EN,Towers with Radar,144,31,21,5,201,0,0,6,5,11,144,31,27,10,212,0,0,0,212
06/21/2023,BDL,CT,ANE,EN,Towers with Radar,143,33,29,2,207,0,3,23,7,33,143,36,52,9,240,0,0,0,240
06/22/2023,BDL,CT,ANE,EN,Towers with Radar,158,25,33,5,221,0,2,10,10,22,158,27,43,15,243,0,2,2,245
06/23/2023,BDL,CT,ANE,EN,Towers with Radar,152,44,26,2,224,0,0,1,0,1,152,44,27,2,225,0,0,0,225
06/24/2023,BDL,CT,ANE,EN,Towers with Radar,138,30,15,1,184,0,0,4,0,4,138,30,19,1,188,0,0,0,188
06/25/2023,BDL,CT,ANE,EN,Towers with Radar,137,43,23,0,203,0,0,5,0,5,137,43,28,0,208,0,0,0,208
06/26/2023,BDL,CT,ANE,EN,Towers with Radar,136,31,31,14,212,0,0,2,10,12,136,31,33,24,224,0,2,2,226
06/27/2023,BDL,CT,ANE,EN,Towers with Radar,145,33,28,10,216,0,0,2,4,6,145,33,30,14,222,0,0,0,222
06/28/2023,BDL,CT,ANE,EN,Towers with Radar,151,36,38,4,229,0,0,5,7,12,151,36,43,11,241,0,0,0,241
06/29/2023,BDL,CT,ANE,EN,Towers with Radar,166,36,26,6,234,0,0,25,8,33,166,36,51,14,267,0,2,2,269
06/30/2023,BDL,CT,ANE,EN,Towers with Radar,159,31,11,4,205,0,1,4,0,5,159,32,15,4,210,0,0,0,210
07/01/2023,BDL,CT,ANE,EN,Towers with Radar,132,20,23,0,175,0,0,3,0,3,132,20,26,0,178,0,0,0,178
07/02/2023,BDL,CT,ANE,EN,Towers with Radar,133,19,9,0,161,0,0,0,0,0,133,19,9,0,161,0,0,0,161
07/03/2023,BDL,CT,ANE,EN,Towers with Radar,127,23,14,0,164,0,0,1,0,1,127,23,15,0,165,0,0,0,165
07/04/2023,BDL,CT,ANE,EN,Towers with Radar,111,15,8,0,134,0,0,0,0,0,111,15,8,0,134,0,0,0,134
07/05/2023,BDL,CT,ANE,EN,Towers with Radar,134,28,26,7,195,0,3,6,13,22,134,31,32,20,217,0,0,0,217
07/06/2023,BDL,CT,ANE,EN,Towers with Radar,162,28,20,4,214,0,0,10,8,18,162,28,30,12,232,0,0,0,232
07/07/2023,BDL,CT,ANE,EN,Towers with Radar,136,25,37,0,198,0,0,13,0,13,136,25,50,0,211,0,0,0,211
07/08/2023,BDL,CT,ANE,EN,Towers with Radar,129,23,11,0,163,0,0,2,0,2,129,23,13,0,165,0,0,0,165
07/09/2023,BDL,CT,ANE,EN,Towers with Radar,117,22,21,0,160,0,0,4,0,4,117,22,25,0,164,0,0,0,164
07/10/2023,BDL,CT,ANE,EN,Towers with Radar,140,32,28,2,202,0,0,6,2,8,140,32,34,4,210,1,0,1,211
07/11/2023,BDL,CT,ANE,EN,Towers with Radar,155,33,34,3,225,0,0,18,6,24,155,33,52,9,249,0,0,0,249
07/12/2023,BDL,CT,ANE,EN,Towers with Radar,150,34,26,2,212,0,3,18,6,27,150,37,44,8,239,0,0,0,239
07/13/2023,BDL,CT,ANE,EN,Towers with Radar,148,33,29,4,214,0,1,9,6,16,148,34,38,10,230,0,0,0,230
07/14/2023,BDL,CT,ANE,EN,Towers with Radar,151,42,21,4,218,0,0,5,0,5,151,42,26,4,223,0,0,0,223
07/15/2023,BDL,CT,ANE,EN,Towers with Radar,136,16,8,0,160,0,0,2,0,2,136,16,10,0,162,0,0,0,162
07/16/2023,BDL,CT,ANE,EN,Towers with Radar,145,26,11,0,182,0,0,0,0,0,145,26,11,0,182,0,0,0,182
07/17/2023,BDL,CT,ANE,EN,Towers with Radar,140,34,31,1,206,0,0,7,2,9,140,34,38,3,215,12,2,14,229
07/18/2023,BDL,CT,ANE,EN,Towers with Radar,163,47,28,1,239,0,1,7,4,12,163,48,35,5,251,4,0,4,255
07/19/2023,BDL,CT,ANE,EN,Towers with Radar,154,32,34,4,224,0,2,16,11,29,154,34,50,15,253,6,0,6,259
07/20/2023,BDL,CT,ANE,EN,Towers with Radar,157,45,22,3,227,0,1,26,9,36,157,46,48,12,263,0,0,0,263
07/21/2023,BDL,CT,ANE,EN,Towers with Radar,147,26,22,4,199,0,2,4,0,6,147,28,26,4,205,7,0,7,212
07/22/2023,BDL,CT,ANE,EN,Towers with Radar,130,27,22,2,181,0,3,12,5,20,130,30,34,7,201,30,0,30,231
07/23/2023,BDL,CT,ANE,EN,Towers with Radar,137,26,16,2,181,0,0,6,6,12,137,26,22,8,193,0,0,0,193
07/24/2023,BDL,CT,ANE,EN,Towers with Radar,148,38,25,0,211,0,7,19,2,28,148,45,44,2,239,10,0,10,249
07/25/2023,BDL,CT,ANE,EN,Towers with Radar,153,39,19,6,217,0,0,12,5,17,153,39,31,11,234,12,2,14,248
07/26/2023,BDL,CT,ANE,EN,Towers with Radar,150,28,24,0,202,0,1,29,6,36,150,29,53,6,238,0,0,0,238
07/27/2023,BDL,CT,ANE,EN,Towers with Radar,150,29,30,7,216,0,0,3,5,8,150,29,33,12,224,0,0,0,224
07/28/2023,BDL,CT,ANE,EN,Towers with Radar,138,27,23,0,188,0,0,18,3,21,138,27,41,3,209,18,0,18,227
07/29/2023,BDL,CT,ANE,EN,Towers with Radar,127,23,11,0,161,0,0,4,0,4,127,23,15,0,165,0,0,0,165
07/30/2023,BDL,CT,ANE,EN,Towers with Radar,142,35,17,0,194,0,0,8,0,8,142,35,25,0,202,0,0,0,202
07/31/2023,BDL,CT,ANE,EN,Towers with Radar,148,31,25,0,204,0,3,19,3,25,148,34,44,3,229,20,0,20,249
08/01/2023,BDL,CT,ANE,EN,Towers with Radar,148,27,25,5,205,0,0,14,7,21,148,27,39,12,226,0,2,2,228
08/02/2023,BDL,CT,ANE,EN,Towers with Radar,156,26,19,3,204,0,1,20,13,34,156,27,39,16,238,14,0,14,252
08/03/2023,BDL,CT,ANE,EN,Towers with Radar,155,40,24,1,220,0,0,17,9,26,155,40,41,10,246,0,0,0,246
08/04/2023,BDL,CT,ANE,EN,Towers with Radar,155,24,34,0,213,0,0,4,1,5,155,24,38,1,218,0,0,0,218
08/05/2023,BDL,CT,ANE,EN,Towers with Radar,132,21,12,0,165,0,0,10,2,12,132,21,22,2,177,0,4,4,181
08/06/2023,BDL,CT,ANE,EN,Towers with Radar,138,26,20,0,184,0,1,11,1,13,138,27,31,1,197,0,0,0,197
08/07/2023,BDL,CT,ANE,EN,Towers with Radar,140,8,23,6,177,0,0,0,0,0,140,8,23,6,177,0,0,0,177
08/08/2023,BDL,CT,ANE,EN,Towers with Radar,163,22,28,2,215,0,0,12,8,20,163,22,40,10,235,8,10,18,253
08/09/2023,BDL,CT,ANE,EN,Towers with Radar,156,39,17,6,218,0,4,11,10,25,156,43,28,16,243,0,0,0,243
08/10/2023,BDL,CT,ANE,EN,Towers with Radar,154,39,29,5,227,0,1,8,5,14,154,40,37,10,241,12,0,12,253
08/11/2023,BDL,CT,ANE,EN,Towers with Radar,154,27,29,7,217,0,4,23,4,31,154,31,52,11,248,0,16,16,264
08/12/2023,BDL,CT,ANE,EN,Towers with Radar,133,31,14,0,178,0,0,9,0,9,133,31,23,0,187,0,0,0,187
08/13/2023,BDL,CT,ANE,EN,Towers with Radar,143,34,27,0,204,0,0,11,0,11,143,34,38,0,215,0,0,0,215
08/14/2023,BDL,CT,ANE,EN,Towers with Radar,143,27,17,2,189,0,2,11,1,14,143,29,28,3,203,18,0,18,221
08/15/2023,BDL,CT,ANE,EN,Towers with Radar,155,26,25,10,216,0,0,0,0,0,155,26,25,10,216,0,0,0,216
08/16/2023,BDL,CT,ANE,EN,Towers with Radar,158,27,39,7,231,0,1,5,7,13,158,28,44,14,244,6,0,6,250
08/17/2023,BDL,CT,ANE,EN,Towers with Radar,166,33,25,2,226,0,0,5,3,8,166,33,30,5,234,2,0,2,236
08/18/2023,BDL,CT,ANE,EN,Towers with Radar,162,31,17,0,210,0,1,5,0,6,162,32,22,0,216,0,0,0,216
08/19/2023,BDL,CT,ANE,EN,Towers with Radar,133,24,7,0,164,0,0,3,0,3,133,24,10,0,167,0,0,0,167
08/20/2023,BDL,CT,ANE,EN,Towers with Radar,148,22,26,0,196,0,2,16,1,19,148,24,42,1,215,0,0,0,215
08/21/2023,BDL,CT,ANE,EN,Towers with Radar,152,26,28,5,211,0,2,12,5,19,152,28,40,10,230,2,2,4,234
08/22/2023,BDL,CT,ANE,EN,Towers with Radar,158,31,19,1,209,0,1,16,13,30,158,32,35,14,239,24,0,24,263
08/23/2023,BDL,CT,ANE,EN,Towers with Radar,153,32,29,4,218,0,1,19,10,30,153,33,48,14,248,5,0,5,253
08/24/2023,BDL,CT,ANE,EN,Towers with Radar,160,24,27,7,218,0,0,12,5,17,160,24,39,12,235,12,0,12,247
08/25/2023,BDL,CT,ANE,EN,Towers with Radar,151,26,32,0,209,0,0,1,0,1,151,26,33,0,210,0,0,0,210
08/26/2023,BDL,CT,ANE,EN,Towers with Radar,128,17,12,0,157,0,0,6,0,6,128,17,18,0,163,0,0,0,163
08/27/2023,BDL,CT,ANE,EN,Towers with Radar,146,18,13,0,177,0,0,7,0,7,146,18,20,0,184,0,0,0,184
08/28/2023,BDL,CT,ANE,EN,Towers with Radar,143,20,29,5,197,0,0,16,2,18,143,20,45,7,215,7,0,7,222
08/29/2023,BDL,CT,ANE,EN,Towers with Radar,142,22,45,7,216,0,0,8,5,13,142,22,53,12,229,0,0,0,229
08/30/2023,BDL,CT,ANE,EN,Towers with Radar,144,26,23,7,200,0,1,9,11,21,144,27,32,18,221,0,0,0,221
08/31/2023,BDL,CT,ANE,EN,Towers with Radar,155,28,17,3,203,0,3,19,8,30,155,31,36,11,233,0,0,0,233
01/01/2020,BDL,CT,ANE,EN,Towers with Radar,123,22,10,0,155,0,0,1,0,1,123,22,11,0,156,0,0,0,156
01/02/2020,BDL,CT,ANE,EN,Towers with Radar,164,25,15,3,207,0,0,13,9,22,164,25,28,12,229,0,0,0,229
01/03/2020,BDL,CT,ANE,EN,Towers with Radar,171,31,8,1,211,0,0,4,1,5,171,31,12,2,216,0,0,0,216
01/04/2020,BDL,CT,ANE,EN,Towers with Radar,136,32,14,3,185,0,0,0,0,0,136,32,14,3,185,0,0,0,185
01/05/2020,BDL,CT,ANE,EN,Towers with Radar,151,40,11,0,202,0,1,2,0,3,151,41,13,0,205,0,0,0,205
01/06/2020,BDL,CT,ANE,EN,Towers with Radar,173,29,15,3,220,0,0,4,0,4,173,29,19,3,224,0,0,0,224
01/07/2020,BDL,CT,ANE,EN,Towers with Radar,171,24,18,4,217,0,0,12,14,26,171,24,30,18,243,0,0,0,243
01/08/2020,BDL,CT,ANE,EN,Towers with Radar,175,42,27,0,244,0,0,6,7,13,175,42,33,7,257,0,0,0,257
01/09/2020,BDL,CT,ANE,EN,Towers with Radar,192,26,23,3,244,0,8,20,17,45,192,34,43,20,289,0,0,0,289
01/10/2020,BDL,CT,ANE,EN,Towers with Radar,179,24,14,2,219,0,0,5,1,6,179,24,19,3,225,0,0,0,225
01/11/2020,BDL,CT,ANE,EN,Towers with Radar,145,22,12,0,179,0,0,1,0,1,145,22,13,0,180,0,0,0,180
01/12/2020,BDL,CT,ANE,EN,Towers with Radar,153,28,13,0,194,0,0,1,16,17,153,28,14,16,211,0,0,0,211
01/13/2020,BDL,CT,ANE,EN,Towers with Radar,172,28,21,0,221,0,0,0,0,0,172,28,21,0,221,0,0,0,221
01/14/2020,BDL,CT,ANE,EN,Towers with Radar,180,36,16,5,237,0,0,0,11,11,180,36,16,16,248,0,0,0,248
01/15/2020,BDL,CT,ANE,EN,Towers with Radar,177,36,20,7,240,0,0,13,15,28,177,36,33,22,268,0,0,0,268
01/16/2020,BDL,CT,ANE,EN,Towers with Radar,186,19,17,2,224,0,0,5,8,13,186,19,22,10,237,0,0,0,237
01/17/2020,BDL,CT,ANE,EN,Towers with Radar,171,32,17,0,220,0,0,6,0,6,171,32,23,0,226,0,0,0,226
01/18/2020,BDL,CT,ANE,EN,Towers with Radar,141,20,11,0,172,0,0,6,0,6,141,20,17,0,178,0,0,0,178
01/19/2020,BDL,CT,ANE,EN,Towers with Radar,131,28,7,0,166,0,0,2,0,2,131,28,9,0,168,0,0,0,168
01/20/2020,BDL,CT,ANE,EN,Towers with Radar,160,29,21,0,210,0,0,6,0,6,160,29,27,0,216,0,0,0,216
01/21/2020,BDL,CT,ANE,EN,Towers with Radar,174,32,23,4,233,0,0,8,16,24,174,32,31,20,257,0,0,0,257
01/22/2020,BDL,CT,ANE,EN,Towers with Radar,179,32,18,1,230,0,1,15,10,26,179,33,33,11,256,0,0,0,256
01/23/2020,BDL,CT,ANE,EN,Towers with Radar,183,30,23,4,240,0,2,18,12,32,183,32,41,16,272,0,0,0,272
01/24/2020,BDL,CT,ANE,EN,Towers with Radar,178,35,25,2,240,0,0,16,6,22,178,35,41,8,262,0,0,0,262
01/25/2020,BDL,CT,ANE,EN,Towers with Radar,145,31,9,2,187,0,0,0,0,0,145,31,9,2,187,0,0,0,187
01/26/2020,BDL,CT,ANE,EN,Towers with Radar,150,32,12,0,194,0,0,4,0,4,150,32,16,0,198,0,0,0,198
01/27/2020,BDL,CT,ANE,EN,Towers with Radar,169,24,19,0,212,0,2,4,0,6,169,26,23,0,218,0,0,0,218
01/28/2020,BDL,CT,ANE,EN,Towers with Radar,175,34,33,5,247,0,1,19,13,33,175,35,52,18,280,0,0,0,280
01/29/2020,BDL,CT,ANE,EN,Towers with Radar,169,40,18,4,231,0,3,23,12,38,169,43,41,16,269,0,0,0,269
01/30/2020,BDL,CT,ANE,EN,Towers with Radar,187,25,38,3,253,0,0,26,16,42,187,25,64,19,295,0,0,0,295
01/31/2020,BDL,CT,ANE,EN,Towers with Radar,175,32,23,2,232,0,0,17,4,21,175,32,40,6,253,0,0,0,253
02/01/2020,BDL,CT,ANE,EN,Towers with Radar,140,31,7,0,178,0,0,0,0,0,140,31,7,0,178,0,0,0,178
02/02/2020,BDL,CT,ANE,EN,Towers with Radar,136,28,18,2,184,0,0,17,7,24,136,28,35,9,208,0,0,0,208
02/03/2020,BDL,CT,ANE,EN,Towers with Radar,169,33,43,2,247,0,0,13,0,13,169,33,56,2,260,0,0,0,260
02/04/2020,BDL,CT,ANE,EN,Towers with Radar,171,38,27,7,243,0,2,3,9,14,171,40,30,16,257,0,0,0,257
02/05/2020,BDL,CT,ANE,EN,Towers with Radar,165,46,30,10,251,0,1,11,18,30,165,47,41,28,281,0,0,0,281
02/06/2020,BDL,CT,ANE,EN,Towers with Radar,174,26,20,0,220,0,0,0,0,0,174,26,20,0,220,0,0,0,220
02/07/2020,BDL,CT,ANE,EN,Towers with Radar,181,21,23,0,225,0,0,0,0,0,181,21,23,0,225,0,0,0,225
02/08/2020,BDL,CT,ANE,EN,Towers with Radar,144,19,24,4,191,0,0,9,4,13,144,19,33,8,204,0,0,0,204
02/09/2020,BDL,CT,ANE,EN,Towers with Radar,144,25,12,2,183,0,0,2,0,2,144,25,14,2,185,0,0,0,185
02/10/2020,BDL,CT,ANE,EN,Towers with Radar,170,26,24,0,220,0,0,0,0,0,170,26,24,0,220,0,0,0,220
02/11/2020,BDL,CT,ANE,EN,Towers with Radar,173,35,21,4,233,0,0,0,0,0,173,35,21,4,233,0,0,0,233
02/12/2020,BDL,CT,ANE,EN,Towers with Radar,171,32,27,9,239,0,1,18,14,33,171,33,45,23,272,0,0,0,272
02/13/2020,BDL,CT,ANE,EN,Towers with Radar,186,22,24,6,238,0,0,0,9,9,186,22,24,15,247,0,0,0,247
02/14/2020,BDL,CT,ANE,EN,Towers with Radar,181,37,23,0,241,0,0,11,2,13,181,37,34,2,254,0,0,0,254
02/15/2020,BDL,CT,ANE,EN,Towers with Radar,153,30,16,0,199,0,1,9,0,10,153,31,25,0,209,0,0,0,209
02/16/2020,BDL,CT,ANE,EN,Towers with Radar,147,26,5,0,178,0,0,3,0,3,147,26,8,0,181,0,0,0,181
02/17/2020,BDL,CT,ANE,EN,Towers with Radar,163,32,28,0,223,0,0,21,0,21,163,32,49,0,244,0,0,0,244
02/18/2020,BDL,CT,ANE,EN,Towers with Radar,197,24,33,7,261,0,0,0,3,3,197,24,33,10,264,0,0,0,264
02/19/2020,BDL,CT,ANE,EN,Towers with Radar,192,27,24,10,253,0,0,22,11,33,192,27,46,21,286,0,0,0,286
02/20/2020,BDL,CT,ANE,EN,Towers with Radar,192,31,25,9,257,0,0,9,8,17,192,31,34,17,274,0,0,0,274
02/21/2020,BDL,CT,ANE,EN,Towers with Radar,184,35,27,2,248,0,1,16,6,23,184,36,43,8,271,0,0,0,271
02/22/2020,BDL,CT,ANE,EN,Towers with Radar,153,28,12,0,193,0,0,11,2,13,153,28,23,2,206,0,0,0,206
02/23/2020,BDL,CT,ANE,EN,Towers with Radar,165,28,25,1,219,0,0,17,1,18,165,28,42,2,237,0,0,0,237
02/24/2020,BDL,CT,ANE,EN,Towers with Radar,172,34,26,0,232,0,0,24,0,24,172,34,50,0,256,0,0,0,256
02/25/2020,BDL,CT,ANE,EN,Towers with Radar,193,32,20,7,252,0,4,12,11,27,193,36,32,18,279,0,0,0,279
02/26/2020,BDL,CT,ANE,EN,Towers with Radar,184,32,45,8,269,0,0,0,8,8,184,32,45,16,277,0,0,0,277
02/27/2020,BDL,CT,ANE,EN,Towers with Radar,186,51,24,0,261,0,0,0,0,0,186,51,24,0,261,0,0,0,261
02/28/2020,BDL,CT,ANE,EN,Towers with Radar,182,41,37,0,260,0,0,11,4,15,182,41,48,4,275,0,0,0,275
02/29/2020,BDL,CT,ANE,EN,Towers with Radar,156,28,15,0,199,0,0,1,0,1,156,28,16,0,200,0,0,0,200
03/01/2020,BDL,CT,ANE,EN,Towers with Radar,158,35,16,3,212,0,0,7,0,7,158,35,23,3,219,0,0,0,219
03/02/2020,BDL,CT,ANE,EN,Towers with Radar,167,34,24,2,227,0,1,14,0,15,167,35,38,2,242,0,0,0,242
03/03/2020,BDL,CT,ANE,EN,Towers with Radar,186,32,30,2,250,0,0,14,7,21,186,32,44,9,271,0,0,0,271
03/04/2020,BDL,CT,ANE,EN,Towers with Radar,181,36,13,2,232,0,0,9,6,15,181,36,22,8,247,0,0,0,247
03/05/2020,BDL,CT,ANE,EN,Towers with Radar,186,39,28,5,258,0,1,21,13,35,186,40,49,18,293,0,0,0,293
03/06/2020,BDL,CT,ANE,EN,Towers with Radar,176,47,15,6,244,0,1,13,8,22,176,48,28,14,266,0,0,0,266
03/07/2020,BDL,CT,ANE,EN,Towers with Radar,142,32,13,0,187,0,0,4,17,21,142,32,17,17,208,0,0,0,208
03/08/2020,BDL,CT,ANE,EN,Towers with Radar,154,30,14,5,203,0,0,2,9,11,154,30,16,14,214,0,0,0,214
03/09/2020,BDL,CT,ANE,EN,Towers with Radar,160,31,26,0,217,0,0,14,0,14,160,31,40,0,231,0,0,0,231
03/10/2020,BDL,CT,ANE,EN,Towers with Radar,177,39,14,8,238,0,2,4,9,15,177,41,18,17,253,0,0,0,253
03/11/2020,BDL,CT,ANE,EN,Towers with Radar,175,46,22,4,247,0,0,9,13,22,175,46,31,17,269,0,0,0,269
03/12/2020,BDL,CT,ANE,EN,Towers with Radar,172,44,19,5,240,0,0,10,8,18,172,44,29,13,258,0,0,0,258
03/13/2020,BDL,CT,ANE,EN,Towers with Radar,173,36,19,1,229,0,0,1,0,1,173,36,20,1,230,0,0,0,230
03/14/2020,BDL,CT,ANE,EN,Towers with Radar,137,38,19,0,194,0,0,4,0,4,137,38,23,0,198,0,0,0,198
03/15/2020,BDL,CT,ANE,EN,Towers with Radar,152,30,21,0,203,0,0,7,0,7,152,30,28,0,210,0,0,0,210
03/16/2020,BDL,CT,ANE,EN,Towers with Radar,160,30,16,4,210,0,0,5,2,7,160,30,21,6,217,0,0,0,217
03/17/2020,BDL,CT,ANE,EN,Towers with Radar,169,33,24,0,226,0,0,1,0,1,169,33,25,0,227,0,0,0,227
03/18/2020,BDL,CT,ANE,EN,Towers with Radar,164,31,26,0,221,0,0,12,10,22,164,31,38,10,243,0,0,0,243
03/19/2020,BDL,CT,ANE,EN,Towers with Radar,160,31,15,2,208,0,0,1,0,1,160,31,16,2,209,0,0,0,209
03/20/2020,BDL,CT,ANE,EN,Towers with Radar,140,27,11,1,179,0,0,4,0,4,140,27,15,1,183,0,0,0,183
03/21/2020,BDL,CT,ANE,EN,Towers with Radar,116,21,8,0,145,0,0,6,0,6,116,21,14,0,151,0,0,0,151
03/22/2020,BDL,CT,ANE,EN,Towers with Radar,128,28,18,0,174,0,0,6,0,6,128,28,24,0,180,0,0,0,180
03/23/2020,BDL,CT,ANE,EN,Towers with Radar,116,15,8,0,139,0,0,0,0,0,116,15,8,0,139,0,0,0,139
03/24/2020,BDL,CT,ANE,EN,Towers with Radar,120,17,9,7,153,0,0,2,5,7,120,17,11,12,160,0,0,0,160
03/25/2020,BDL,CT,ANE,EN,Towers with Radar,105,20,10,3,138,0,0,0,5,5,105,20,10,8,143,0,0,0,143
03/26/2020,BDL,CT,ANE,EN,Towers with Radar,112,22,29,3,166,0,0,15,4,19,112,22,44,7,185,0,0,0,185
03/27/2020,BDL,CT,ANE,EN,Towers with Radar,87,22,4,2,115,0,0,9,4,13,87,22,13,6,128,0,0,0,128
03/28/2020,BDL,CT,ANE,EN,Towers with Radar,71,16,7,0,94,0,0,3,0,3,71,16,10,0,97,0,0,0,97
03/29/2020,BDL,CT,ANE,EN,Towers with Radar,76,10,4,0,90,0,0,0,0,0,76,10,4,0,90,0,0,0,90
03/30/2020,BDL,CT,ANE,EN,Towers with Radar,72,24,19,2,117,0,0,0,0,0,72,24,19,2,117,0,0,0,117
03/31/2020,BDL,CT,ANE,EN,Towers with Radar,80,12,22,2,116,0,0,22,2,24,80,12,44,4,140,0,0,0,140
04/01/2020,BDL,CT,ANE,EN,Towers with Radar,93,12,10,4,119,0,1,6,6,13,93,13,16,10,132,0,0,0,132
04/02/2020,BDL,CT,ANE,EN,Towers with Radar,77,11,6,0,94,0,0,2,5,7,77,11,8,5,101,0,0,0,101
04/03/2020,BDL,CT,ANE,EN,Towers with Radar,73,21,7,0,101,0,0,0,0,0,73,21,7,0,101,0,0,0,101
04/04/2020,BDL,CT,ANE,EN,Towers with Radar,64,9,5,0,78,0,0,12,0,12,64,9,17,0,90,0,0,0,90
04/05/2020,BDL,CT,ANE,EN,Towers with Radar,71,5,7,6,89,0,0,0,0,0,71,5,7,6,89,0,0,0,89
04/06/2020,BDL,CT,ANE,EN,Towers with Radar,68,10,16,0,94,0,0,4,3,7,68,10,20,3,101,0,0,0,101
04/07/2020,BDL,CT,ANE,EN,Towers with Radar,86,6,11,12,115,0,0,11,10,21,86,6,22,22,136,0,0,0,136
04/08/2020,BDL,CT,ANE,EN,Towers with Radar,90,9,12,8,119,0,0,0,9,9,90,9,12,17,128,0,0,0,128
04/09/2020,BDL,CT,ANE,EN,Towers with Radar,95,12,4,0,111,0,0,0,0,0,95,12,4,0,111,0,0,0,111
04/10/2020,BDL,CT,ANE,EN,Towers with Radar,87,10,4,0,101,0,0,3,0,3,87,10,7,0,104,0,0,0,104
04/11/2020,BDL,CT,ANE,EN,Towers with Radar,71,7,6,0,84,0,0,1,0,1,71,7,7,0,85,0,0,0,85
04/12/2020,BDL,CT,ANE,EN,Towers with Radar,68,0,8,0,76,0,2,2,0,4,68,2,10,0,80,0,0,0,80
04/13/2020,BDL,CT,ANE,EN,Towers with Radar,64,2,1,2,69,0,0,0,0,0,64,2,1,2,69,0,0,0,69
04/14/2020,BDL,CT,ANE,EN,Towers with Radar,72,2,23,1,98,0,0,12,8,20,72,2,35,9,118,0,0,0,118
04/15/2020,BDL,CT,ANE,EN,Towers with Radar,70,12,5,6,93,0,0,17,4,21,70,12,22,10,114,0,0,0,114
04/16/2020,BDL,CT,ANE,EN,Towers with Radar,71,2,5,6,84,0,0,2,7,9,71,2,7,13,93,0,0,0,93
04/17/2020,BDL,CT,ANE,EN,Towers with Radar,69,5,10,2,86,0,0,7,0,7,69,5,17,2,93,0,0,0,93
04/18/2020,BDL,CT,ANE,EN,Towers with Radar,51,4,3,0,58,0,0,0,0,0,51,4,3,0,58,0,0,0,58
04/19/2020,BDL,CT,ANE,EN,Towers with Radar,48,2,6,0,56,0,2,16,0,18,48,4,22,0,74,0,0,0,74
04/20/2020,BDL,CT,ANE,EN,Towers with Radar,51,1,11,0,63,0,0,3,0,3,51,1,14,0,66,0,0,0,66
04/21/2020,BDL,CT,ANE,EN,Towers with Radar,69,4,4,0,77,0,0,2,0,2,69,4,6,0,79,0,0,0,79
04/22/2020,BDL,CT,ANE,EN,Towers with Radar,68,8,12,4,92,0,0,6,14,20,68,8,18,18,112,0,0,0,112
04/23/2020,BDL,CT,ANE,EN,Towers with Radar,70,4,6,6,86,0,0,2,8,10,70,4,8,14,96,0,0,0,96
04/24/2020,BDL,CT,ANE,EN,Towers with Radar,66,11,8,0,85,0,0,0,0,0,66,11,8,0,85,0,0,0,85
04/25/2020,BDL,CT,ANE,EN,Towers with Radar,51,6,19,0,76,0,0,21,2,23,51,6,40,2,99,0,0,0,99
04/26/2020,BDL,CT,ANE,EN,Towers with Radar,47,2,4,0,53,0,0,3,0,3,47,2,7,0,56,0,0,0,56
04/27/2020,BDL,CT,ANE,EN,Towers with Radar,54,11,14,0,79,0,0,0,0,0,54,11,14,0,79,0,0,0,79
04/28/2020,BDL,CT,ANE,EN,Towers with Radar,70,2,40,8,120,0,0,7,3,10,70,2,47,11,130,0,0,0,130
04/29/2020,BDL,CT,ANE,EN,Towers with Radar,70,9,21,5,105,0,0,16,8,24,70,9,37,13,129,0,0,0,129
04/30/2020,BDL,CT,ANE,EN,Towers with Radar,73,8,23,2,106,0,0,1,0,1,73,8,24,2,107,0,0,0,107
05/01/2020,BDL,CT,ANE,EN,Towers with Radar,60,14,7,2,83,0,0,2,0,2,60,14,9,2,85,0,0,0,85
05/02/2020,BDL,CT,ANE,EN,Towers with Radar,50,8,14,0,72,0,0,10,0,10,50,8,24,0,82,0,0,0,82
05/03/2020,BDL,CT,ANE,EN,Towers with Radar,59,7,8,0,74,0,0,7,0,7,59,7,15,0,81,0,0,0,81
05/04/2020,BDL,CT,ANE,EN,Towers with Radar,49,14,5,0,68,0,4,2,0,6,49,18,7,0,74,0,0,0,74
05/05/2020,BDL,CT,ANE,EN,Towers with Radar,57,16,16,7,96,0,1,31,9,41,57,17,47,16,137,0,0,0,137
05/06/2020,BDL,CT,ANE,EN,Towers with Radar,64,18,17,4,103,0,0,4,8,12,64,18,21,12,115,0,0,0,115
05/07/2020,BDL,CT,ANE,EN,Towers with Radar,67,14,14,8,103,0,0,12,5,17,67,14,26,13,120,0,0,0,120
05/08/2020,BDL,CT,ANE,EN,Towers with Radar,53,20,5,3,81,0,0,5,1,6,53,20,10,4,87,0,0,0,87
05/09/2020,BDL,CT,ANE,EN,Towers with Radar,40,14,9,0,63,0,0,0,0,0,40,14,9,0,63,0,0,0,63
05/10/2020,BDL,CT,ANE,EN,Towers with Radar,48,15,4,0,67,0,0,2,0,2,48,15,6,0,69,0,0,0,69
05/11/2020,BDL,CT,ANE,EN,Towers with Radar,48,20,12,0,80,0,0,3,0,3,48,20,15,0,83,0,0,0,83
05/12/2020,BDL,CT,ANE,EN,Towers with Radar,59,10,19,6,94,0,1,19,10,30,59,11,38,16,124,0,0,0,124
05/13/2020,BDL,CT,ANE,EN,Towers with Radar,64,16,9,4,93,0,0,15,9,24,64,16,24,13,117,0,0,0,117
05/14/2020,BDL,CT,ANE,EN,Towers with Radar,64,23,14,1,102,0,0,12,22,34,64,23,26,23,136,0,0,0,136
05/15/2020,BDL,CT,ANE,EN,Towers with Radar,58,20,28,0,106,0,0,10,0,10,58,20,38,0,116,0,0,0,116
05/16/2020,BDL,CT,ANE,EN,Towers with Radar,42,13,8,0,63,0,1,11,11,23,42,14,19,11,86,0,0,0,86
05/17/2020,BDL,CT,ANE,EN,Towers with Radar,48,19,10,3,80,0,0,8,9,17,48,19,18,12,97,0,0,0,97
05/18/2020,BDL,CT,ANE,EN,Towers with Radar,43,16,11,0,70,0,0,4,0,4,43,16,15,0,74,0,0,0,74
05/19/2020,BDL,CT,ANE,EN,Towers with Radar,65,11,7,5,88,0,2,7,9,18,65,13,14,14,106,0,0,0,106
05/20/2020,BDL,CT,ANE,EN,Towers with Radar,67,20,32,3,122,0,0,9,5,14,67,20,41,8,136,0,0,0,136
05/21/2020,BDL,CT,ANE,EN,Towers with Radar,65,21,40,4,130,0,4,18,12,34,65,25,58,16,164,0,0,0,164
05/22/2020,BDL,CT,ANE,EN,Towers with Radar,58,17,19,6,100,0,0,14,4,18,58,17,33,10,118,0,0,0,118
05/23/2020,BDL,CT,ANE,EN,Towers with Radar,41,8,18,0,67,0,0,4,0,4,41,8,22,0,71,0,0,0,71
05/24/2020,BDL,CT,ANE,EN,Towers with Radar,46,13,8,0,67,0,0,15,0,15,46,13,23,0,82,0,0,0,82
05/25/2020,BDL,CT,ANE,EN,Towers with Radar,41,13,14,10,78,0,0,0,0,0,41,13,14,10,78,0,0,0,78
05/26/2020,BDL,CT,ANE,EN,Towers with Radar,45,14,46,16,121,0,1,5,3,9,45,15,51,19,130,0,0,0,130
05/27/2020,BDL,CT,ANE,EN,Towers with Radar,67,16,27,5,115,0,0,13,15,28,67,16,40,20,143,0,0,0,143
05/28/2020,BDL,CT,ANE,EN,Towers with Radar,72,27,30,5,134,0,0,0,3,3,72,27,30,8,137,0,0,0,137
05/29/2020,BDL,CT,ANE,EN,Towers with Radar,60,22,34,2,118,0,0,0,0,0,60,22,34,2,118,0,0,0,118
05/30/2020,BDL,CT,ANE,EN,Towers with Radar,40,14,9,0,63,0,0,6,0,6,40,14,15,0,69,0,0,0,69
05/31/2020,BDL,CT,ANE,EN,Towers with Radar,51,16,9,0,76,0,0,4,0,4,51,16,13,0,80,0,0,0,80
06/01/2020,BDL,CT,ANE,EN,Towers with Radar,50,18,27,3,98,0,2,10,1,13,50,20,37,4,111,0,0,0,111
06/02/2020,BDL,CT,ANE,EN,Towers with Radar,63,18,18,4,103,0,0,8,11,19,63,18,26,15,122,0,0,0,122
06/03/2020,BDL,CT,ANE,EN,Towers with Radar,60,23,16,4,103,0,0,16,13,29,60,23,32,17,132,0,0,0,132
06/04/2020,BDL,CT,ANE,EN,Towers with Radar,74,14,18,7,113,0,1,8,9,18,74,15,26,16,131,0,0,0,131
06/05/2020,BDL,CT,ANE,EN,Towers with Radar,67,19,17,9,112,0,0,0,5,5,67,19,17,14,117,0,0,0,117
06/06/2020,BDL,CT,ANE,EN,Towers with Radar,57,8,12,1,78,0,0,3,3,6,57,8,15,4,84,0,0,0,84
06/07/2020,BDL,CT,ANE,EN,Towers with Radar,62,15,13,3,93,0,0,17,3,20,62,15,30,6,113,0,0,0,113
06/08/2020,BDL,CT,ANE,EN,Towers with Radar,60,19,20,6,105,0,0,12,14,26,60,19,32,20,131,0,0,0,131
06/09/2020,BDL,CT,ANE,EN,Towers with Radar,72,17,14,3,106,0,1,22,9,32,72,18,36,12,138,0,0,0,138
06/10/2020,BDL,CT,ANE,EN,Towers with Radar,73,20,27,16,136,0,1,9,9,19,73,21,36,25,155,0,0,0,155
06/11/2020,BDL,CT,ANE,EN,Towers with Radar,90,23,8,0,121,0,0,0,0,0,90,23,8,0,121,0,0,0,121
06/12/2020,BDL,CT,ANE,EN,Towers with Radar,80,14,15,1,110,0,0,8,14,22,80,14,23,15,132,0,0,0,132
06/13/2020,BDL,CT,ANE,EN,Towers with Radar,56,7,12,1,76,0,0,6,13,19,56,7,18,14,95,0,0,0,95
06/14/2020,BDL,CT,ANE,EN,Towers with Radar,73,19,8,0,100,0,0,8,14,22,73,19,16,14,122,0,0,0,122
06/15/2020,BDL,CT,ANE,EN,Towers with Radar,74,19,19,0,112,0,0,10,16,26,74,19,29,16,138,0,0,0,138
06/16/2020,BDL,CT,ANE,EN,Towers with Radar,80,24,23,2,129,0,4,10,12,26,80,28,33,14,155,0,0,0,155
06/17/2020,BDL,CT,ANE,EN,Towers with Radar,74,19,22,2,117,0,0,10,13,23,74,19,32,15,140,0,0,0,140
06/18/2020,BDL,CT,ANE,EN,Towers with Radar,91,37,30,3,161,0,0,12,13,25,91,37,42,16,186,0,0,0,186
06/19/2020,BDL,CT,ANE,EN,Towers with Radar,81,24,30,0,135,0,0,11,9,20,81,24,41,9,155,0,0,0,155
06/20/2020,BDL,CT,ANE,EN,Towers with Radar,59,11,17,0,87,0,0,12,8,20,59,11,29,8,107,0,0,0,107
06/21/2020,BDL,CT,ANE,EN,Towers with Radar,70,18,14,0,102,0,1,6,6,13,70,19,20,6,115,0,0,0,115
06/22/2020,BDL,CT,ANE,EN,Towers with Radar,83,23,21,4,131,0,0,6,13,19,83,23,27,17,150,0,0,0,150
06/23/2020,BDL,CT,ANE,EN,Towers with Radar,80,12,24,4,120,0,1,15,12,28,80,13,39,16,148,0,0,0,148
06/24/2020,BDL,CT,ANE,EN,Towers with Radar,74,21,18,2,115,0,0,0,8,8,74,21,18,10,123,0,0,0,123
06/25/2020,BDL,CT,ANE,EN,Towers with Radar,91,23,18,6,138,0,2,7,8,17,91,25,25,14,155,0,0,0,155
06/26/2020,BDL,CT,ANE,EN,Towers with Radar,82,25,35,0,142,0,0,28,2,30,82,25,63,2,172,0,0,0,172
06/27/2020,BDL,CT,ANE,EN,Towers with Radar,60,22,21,0,103,0,1,2,0,3,60,23,23,0,106,0,0,0,106
06/28/2020,BDL,CT,ANE,EN,Towers with Radar,73,47,20,0,140,0,0,1,0,1,73,47,21,0,141,0,0,0,141
06/29/2020,BDL,CT,ANE,EN,Towers with Radar,77,28,19,4,128,0,2,3,0,5,77,30,22,4,133,0,0,0,133
06/30/2020,BDL,CT,ANE,EN,Towers with Radar,79,18,19,6,122,0,0,2,20,22,79,18,21,26,144,0,0,0,144
07/01/2020,BDL,CT,ANE,EN,Towers with Radar,88,26,24,0,138,0,0,3,2,5,88,26,27,2,143,0,0,0,143
07/02/2020,BDL,CT,ANE,EN,Towers with Radar,104,21,27,6,158,0,1,12,8,21,104,22,39,14,179,0,0,0,179
07/03/2020,BDL,CT,ANE,EN,Towers with Radar,92,18,4,0,114,0,0,2,0,2,92,18,6,0,116,0,0,0,116
07/04/2020,BDL,CT,ANE,EN,Towers with Radar,57,6,8,0,71,0,1,4,0,5,57,7,12,0,76,0,0,0,76
07/05/2020,BDL,CT,ANE,EN,Towers with Radar,82,14,12,0,108,0,0,9,0,9,82,14,21,0,117,0,0,0,117
07/06/2020,BDL,CT,ANE,EN,Towers with Radar,103,27,25,0,155,0,0,15,0,15,103,27,40,0,170,0,0,0,170
07/07/2020,BDL,CT,ANE,EN,Towers with Radar,99,11,50,2,162,0,0,2,1,3,99,11,52,3,165,0,0,0,165
07/08/2020,BDL,CT,ANE,EN,Towers with Radar,100,12,39,2,153,0,0,3,6,9,100,12,42,8,162,0,0,0,162
07/09/2020,BDL,CT,ANE,EN,Towers with Radar,107,24,32,1,164,0,0,8,5,13,107,24,40,6,177,0,0,0,177
07/10/2020,BDL,CT,ANE,EN,Towers with Radar,104,18,12,4,138,0,0,0,0,0,104,18,12,4,138,0,0,0,138
07/11/2020,BDL,CT,ANE,EN,Towers with Radar,84,16,6,0,106,0,0,0,0,0,84,16,6,0,106,0,0,0,106
07/12/2020,BDL,CT,ANE,EN,Towers with Radar,92,17,22,2,133,0,0,15,0,15,92,17,37,2,148,0,0,0,148
07/13/2020,BDL,CT,ANE,EN,Towers with Radar,91,24,8,10,133,0,0,6,0,6,91,24,14,10,139,0,0,0,139
07/14/2020,BDL,CT,ANE,EN,Towers with Radar,94,14,28,6,142,0,2,21,11,34,94,16,49,17,176,0,0,0,176
07/15/2020,BDL,CT,ANE,EN,Towers with Radar,96,19,32,12,159,0,2,10,20,32,96,21,42,32,191,0,0,0,191
07/16/2020,BDL,CT,ANE,EN,Towers with Radar,110,26,21,5,162,0,0,9,12,21,110,26,30,17,183,0,0,0,183
07/17/2020,BDL,CT,ANE,EN,Towers with Radar,99,26,18,2,145,0,0,0,0,0,99,26,18,2,145,0,0,0,145
07/18/2020,BDL,CT,ANE,EN,Towers with Radar,82,13,18,5,118,0,0,14,11,25,82,13,32,16,143,0,0,0,143
07/19/2020,BDL,CT,ANE,EN,Towers with Radar,90,20,9,0,119,0,0,5,12,17,90,20,14,12,136,0,0,0,136
07/20/2020,BDL,CT,ANE,EN,Towers with Radar,89,15,16,3,123,0,1,19,9,29,89,16,35,12,152,0,0,0,152
07/21/2020,BDL,CT,ANE,EN,Towers with Radar,98,9,15,2,124,0,2,27,11,40,98,11,42,13,164,0,0,0,164
07/22/2020,BDL,CT,ANE,EN,Towers with Radar,100,21,26,2,149,0,0,15,7,22,100,21,41,9,171,0,0,0,171
07/23/2020,BDL,CT,ANE,EN,Towers with Radar,106,21,21,2,150,0,0,11,4,15,106,21,32,6,165,0,0,0,165
07/24/2020,BDL,CT,ANE,EN,Towers with Radar,100,23,22,4,149,0,1,21,5,27,100,24,43,9,176,0,0,0,176
07/25/2020,BDL,CT,ANE,EN,Towers with Radar,80,15,20,0,115,0,0,17,2,19,80,15,37,2,134,0,0,0,134
07/26/2020,BDL,CT,ANE,EN,Towers with Radar,90,17,11,0,118,0,0,5,10,15,90,17,16,10,133,0,0,0,133
07/27/2020,BDL,CT,ANE,EN,Towers with Radar,89,14,26,2,131,0,0,16,7,23,89,14,42,9,154,0,0,0,154
07/28/2020,BDL,CT,ANE,EN,Towers with Radar,95,22,21,2,140,0,4,13,15,32,95,26,34,17,172,0,0,0,172
07/29/2020,BDL,CT,ANE,EN,Towers with Radar,93,20,24,4,141,0,2,29,17,48,93,22,53,21,189,0,0,0,189
07/30/2020,BDL,CT,ANE,EN,Towers with Radar,103,27,26,1,157,0,0,21,4,25,103,27,47,5,182,0,0,0,182
07/31/2020,BDL,CT,ANE,EN,Towers with Radar,100,24,19,2,145,0,0,10,0,10,100,24,29,2,155,0,0,0,155
08/01/2020,BDL,CT,ANE,EN,Towers with Radar,88,16,16,0,120,0,2,10,0,12,88,18,26,0,132,0,0,0,132
08/02/2020,BDL,CT,ANE,EN,Towers with Radar,91,22,8,0,121,0,0,0,0,0,91,22,8,0,121,0,0,0,121
08/03/2020,BDL,CT,ANE,EN,Towers with Radar,96,25,26,5,152,0,2,15,2,19,96,27,41,7,171,0,0,0,171
08/04/2020,BDL,CT,ANE,EN,Towers with Radar,92,12,3,0,107,0,0,0,0,0,92,12,3,0,107,0,0,0,107
08/05/2020,BDL,CT,ANE,EN,Towers with Radar,94,19,24,7,144,0,0,19,19,38,94,19,43,26,182,20,0,20,202
08/06/2020,BDL,CT,ANE,EN,Towers with Radar,105,28,23,4,160,0,0,21,9,30,105,28,44,13,190,14,0,14,204
08/07/2020,BDL,CT,ANE,EN,Towers with Radar,99,21,19,1,140,0,1,10,0,11,99,22,29,1,151,4,0,4,155
08/08/2020,BDL,CT,ANE,EN,Towers with Radar,79,14,19,6,118,0,2,17,1,20,79,16,36,7,138,10,0,10,148
08/09/2020,BDL,CT,ANE,EN,Towers with Radar,86,22,21,0,129,0,0,4,0,4,86,22,25,0,133,0,0,0,133
08/10/2020,BDL,CT,ANE,EN,Towers with Radar,87,19,19,0,125,0,0,18,2,20,87,19,37,2,145,16,0,16,161
08/11/2020,BDL,CT,ANE,EN,Towers with Radar,94,19,33,21,167,0,4,22,14,40,94,23,55,35,207,22,9,31,238
08/12/2020,BDL,CT,ANE,EN,Towers with Radar,99,17,23,14,153,0,1,12,18,31,99,18,35,32,184,14,0,14,198
08/13/2020,BDL,CT,ANE,EN,Towers with Radar,110,18,30,8,166,0,2,20,32,54,110,20,50,40,220,20,10,30,250
08/14/2020,BDL,CT,ANE,EN,Towers with Radar,99,28,29,0,156,0,0,19,1,20,99,28,48,1,176,0,0,0,176
08/15/2020,BDL,CT,ANE,EN,Towers with Radar,88,16,34,2,140,0,0,10,0,10,88,16,44,2,150,0,0,0,150
08/16/2020,BDL,CT,ANE,EN,Towers with Radar,84,24,30,0,138,0,0,0,0,0,84,24,30,0,138,0,0,0,138
08/17/2020,BDL,CT,ANE,EN,Towers with Radar,86,24,23,8,141,0,0,5,0,5,86,24,28,8,146,6,0,6,152
08/18/2020,BDL,CT,ANE,EN,Towers with Radar,96,19,24,3,142,0,0,18,16,34,96,19,42,19,176,6,0,6,182
08/19/2020,BDL,CT,ANE,EN,Towers with Radar,91,22,34,6,153,0,0,16,14,30,91,22,50,20,183,21,4,25,208
08/20/2020,BDL,CT,ANE,EN,Towers with Radar,111,23,22,4,160,0,0,16,2,18,111,23,38,6,178,14,10,24,202
08/21/2020,BDL,CT,ANE,EN,Towers with Radar,96,17,18,1,132,0,0,17,7,24,96,17,35,8,156,7,0,7,163
08/22/2020,BDL,CT,ANE,EN,Towers with Radar,86,17,19,3,125,0,0,17,0,17,86,17,36,3,142,0,0,0,142
08/23/2020,BDL,CT,ANE,EN,Towers with Radar,97,25,11,0,133,0,0,6,2,8,97,25,17,2,141,0,0,0,141
08/24/2020,BDL,CT,ANE,EN,Towers with Radar,90,24,9,12,135,0,0,9,8,17,90,24,18,20,152,0,18,18,170
08/25/2020,BDL,CT,ANE,EN,Towers with Radar,96,18,13,1,128,0,0,7,4,11,96,18,20,5,139,0,0,0,139
08/26/2020,BDL,CT,ANE,EN,Towers with Radar,95,24,27,8,154,0,2,20,13,35,95,26,47,21,189,0,0,0,189
08/27/2020,BDL,CT,ANE,EN,Towers with Radar,112,26,14,0,152,0,0,2,0,2,112,26,16,0,154,0,0,0,154
08/28/2020,BDL,CT,ANE,EN,Towers with Radar,96,22,23,2,143,0,0,14,2,16,96,22,37,4,159,0,0,0,159
08/29/2020,BDL,CT,ANE,EN,Towers with Radar,86,14,21,0,121,0,0,0,0,0,86,14,21,0,121,0,0,0,121
08/30/2020,BDL,CT,ANE,EN,Towers with Radar,85,16,12,0,113,0,0,2,0,2,85,16,14,0,115,0,0,0,115
08/31/2020,BDL,CT,ANE,EN,Towers with Radar,93,18,49,0,160,0,0,21,2,23,93,18,70,2,183,22,0,22,205
09/01/2020,BDL,CT,ANE,EN,Towers with Radar,91,19,27,9,146,0,0,9,11,20,91,19,36,20,166,20,2,22,188
09/02/2020,BDL,CT,ANE,EN,Towers with Radar,91,13,33,13,150,0,0,0,0,0,91,13,33,13,150,0,0,0,150
09/03/2020,BDL,CT,ANE,EN,Towers with Radar,112,25,25,7,169,0,1,20,8,29,112,26,45,15,198,10,0,10,208
09/04/2020,BDL,CT,ANE,EN,Towers with Radar,100,24,20,0,144,0,1,13,0,14,100,25,33,0,158,4,0,4,162
09/05/2020,BDL,CT,ANE,EN,Towers with Radar,78,20,20,0,118,0,0,16,0,16,78,20,36,0,134,0,0,0,134
09/06/2020,BDL,CT,ANE,EN,Towers with Radar,62,17,11,0,90,0,0,4,0,4,62,17,15,0,94,8,0,8,102
09/07/2020,BDL,CT,ANE,EN,Towers with Radar,68,19,6,0,93,0,0,6,0,6,68,19,12,0,99,0,0,0,99
09/08/2020,BDL,CT,ANE,EN,Towers with Radar,65,22,23,3,113,0,1,4,6,11,65,23,27,9,124,0,0,0,124
09/09/2020,BDL,CT,ANE,EN,Towers with Radar,77,24,29,3,133,0,0,5,14,19,77,24,34,17,152,0,0,0,152
09/10/2020,BDL,CT,ANE,EN,Towers with Radar,85,24,12,5,126,0,0,0,1,1,85,24,12,6,127,0,8,8,135
09/11/2020,BDL,CT,ANE,EN,Towers with Radar,73,28,35,9,145,0,0,9,6,15,73,28,44,15,160,12,0,12,172
09/12/2020,BDL,CT,ANE,EN,Towers with Radar,54,24,11,6,95,0,0,10,13,23,54,24,21,19,118,0,0,0,118
09/13/2020,BDL,CT,ANE,EN,Towers with Radar,66,28,17,0,111,0,0,0,2,2,66,28,17,2,113,0,0,0,113
09/14/2020,BDL,CT,ANE,EN,Towers with Radar,64,23,29,3,119,0,0,10,0,10,64,23,39,3,129,18,0,18,147
09/15/2020,BDL,CT,ANE,EN,Towers with Radar,73,17,31,3,124,0,1,23,9,33,73,18,54,12,157,24,6,30,187
09/16/2020,BDL,CT,ANE,EN,Towers with Radar,75,20,34,1,130,0,0,12,10,22,75,20,46,11,152,11,0,11,163
09/17/2020,BDL,CT,ANE,EN,Towers with Radar,84,17,34,5,140,0,0,22,10,32,84,17,56,15,172,6,0,6,178
09/18/2020,BDL,CT,ANE,EN,Towers with Radar,75,21,20,7,123,0,0,1,2,3,75,21,21,9,126,0,0,0,126
09/19/2020,BDL,CT,ANE,EN,Towers with Radar,53,17,18,2,90,0,0,18,3,21,53,17,36,5,111,0,0,0,111
09/20/2020,BDL,CT,ANE,EN,Towers with Radar,71,17,17,0,105,0,0,8,0,8,71,17,25,0,113,0,0,0,113
09/21/2020,BDL,CT,ANE,EN,Towers with Radar,66,20,26,5,117,0,1,7,1,9,66,21,33,6,126,15,0,15,141
09/22/2020,BDL,CT,ANE,EN,Towers with Radar,74,16,14,3,107,0,2,4,3,9,74,18,18,6,116,12,0,12,128
09/23/2020,BDL,CT,ANE,EN,Towers with Radar,78,23,29,6,136,0,0,21,3,24,78,23,50,9,160,0,4,4,164
09/24/2020,BDL,CT,ANE,EN,Towers with Radar,87,23,32,3,145,0,2,14,9,25,87,25,46,12,170,12,2,14,184
09/25/2020,BDL,CT,ANE,EN,Towers with Radar,73,24,28,2,127,0,0,26,0,26,73,24,54,2,153,15,0,15,168
09/26/2020,BDL,CT,ANE,EN,Towers with Radar,54,21,18,2,95,0,4,6,0,10,54,25,24,2,105,0,0,0,105
09/27/2020,BDL,CT,ANE,EN,Towers with Radar,71,18,18,0,107,0,0,4,0,4,71,18,22,0,111,0,0,0,111
09/28/2020,BDL,CT,ANE,EN,Towers with Radar,66,22,19,4,111,0,0,2,0,2,66,22,21,4,113,0,0,0,113
09/29/2020,BDL,CT,ANE,EN,Towers with Radar,73,16,35,17,141,0,1,2,1,4,73,17,37,18,145,0,0,0,145
09/30/2020,BDL,CT,ANE,EN,Towers with Radar,79,22,16,4,121,0,4,0,1,5,79,26,16,5,126,0,6,6,132
10/01/2020,BDL,CT,ANE,EN,Towers with Radar,86,22,21,0,129,0,0,19,0,19,86,22,40,0,148,1,0,1,149
10/02/2020,BDL,CT,ANE,EN,Towers with Radar,77,26,25,0,128,0,0,0,0,0,77,26,25,0,128,0,0,0,128
10/03/2020,BDL,CT,ANE,EN,Towers with Radar,58,28,10,0,96,0,0,9,0,9,58,28,19,0,105,0,0,0,105
10/04/2020,BDL,CT,ANE,EN,Towers with Radar,71,21,23,0,115,0,0,12,2,14,71,21,35,2,129,6,0,6,135
10/05/2020,BDL,CT,ANE,EN,Towers with Radar,72,22,16,0,110,0,0,12,1,13,72,22,28,1,123,6,0,6,129
10/06/2020,BDL,CT,ANE,EN,Towers with Radar,71,19,12,5,107,0,0,4,5,9,71,19,16,10,116,0,0,0,116
10/07/2020,BDL,CT,ANE,EN,Towers with Radar,70,18,22,1,111,0,0,3,6,9,70,18,25,7,120,0,0,0,120
10/08/2020,BDL,CT,ANE,EN,Towers with Radar,100,22,9,8,139,0,0,4,10,14,100,22,13,18,153,4,3,7,160
10/09/2020,BDL,CT,ANE,EN,Towers with Radar,87,29,20,0,136,0,0,16,2,18,87,29,36,2,154,0,0,0,154
10/10/2020,BDL,CT,ANE,EN,Towers with Radar,69,20,9,0,98,0,3,3,0,6,69,23,12,0,104,0,0,0,104
10/11/2020,BDL,CT,ANE,EN,Towers with Radar,78,17,15,0,110,0,0,5,0,5,78,17,20,0,115,0,0,0,115
10/12/2020,BDL,CT,ANE,EN,Towers with Radar,82,19,41,0,142,0,0,1,0,1,82,19,42,0,143,0,0,0,143
10/13/2020,BDL,CT,ANE,EN,Towers with Radar,76,17,22,4,119,0,0,0,0,0,76,17,22,4,119,0,0,0,119
10/14/2020,BDL,CT,ANE,EN,Towers with Radar,74,22,36,7,139,0,0,24,12,36,74,22,60,19,175,6,0,6,181
10/15/2020,BDL,CT,ANE,EN,Towers with Radar,95,24,25,5,149,1,5,7,15,28,96,29,32,20,177,0,0,0,177
10/16/2020,BDL,CT,ANE,EN,Towers with Radar,86,32,38,6,162,0,0,0,0,0,86,32,38,6,162,8,0,8,170
10/17/2020,BDL,CT,ANE,EN,Towers with Radar,67,18,19,5,109,0,0,13,11,24,67,18,32,16,133,0,0,0,133
10/18/2020,BDL,CT,ANE,EN,Towers with Radar,83,24,23,1,131,0,0,16,11,27,83,24,39,12,158,0,0,0,158
10/19/2020,BDL,CT,ANE,EN,Towers with Radar,79,22,24,4,129,0,0,10,0,10,79,22,34,4,139,10,0,10,149
10/20/2020,BDL,CT,ANE,EN,Towers with Radar,73,22,28,10,133,0,0,2,2,4,73,22,30,12,137,12,0,12,149
10/21/2020,BDL,CT,ANE,EN,Towers with Radar,74,15,31,9,129,0,0,2,7,9,74,15,33,16,138,10,4,14,152
10/22/2020,BDL,CT,ANE,EN,Towers with Radar,93,19,28,2,142,0,0,14,11,25,93,19,42,13,167,12,0,12,179
10/23/2020,BDL,CT,ANE,EN,Towers with Radar,78,41,25,0,144,0,0,0,0,0,78,41,25,0,144,0,0,0,144
10/24/2020,BDL,CT,ANE,EN,Towers with Radar,64,23,16,2,105,0,0,3,0,3,64,23,19,2,108,0,0,0,108
10/25/2020,BDL,CT,ANE,EN,Towers with Radar,74,25,15,0,114,0,0,13,0,13,74,25,28,0,127,0,0,0,127
10/26/2020,BDL,CT,ANE,EN,Towers with Radar,76,13,36,22,147,0,0,3,0,3,76,13,39,22,150,0,0,0,150
10/27/2020,BDL,CT,ANE,EN,Towers with Radar,73,19,42,7,141,0,1,17,9,27,73,20,59,16,168,6,7,13,181
10/28/2020,BDL,CT,ANE,EN,Towers with Radar,71,23,26,8,128,0,0,1,0,1,71,23,27,8,129,0,0,0,129
10/29/2020,BDL,CT,ANE,EN,Towers with Radar,94,22,21,5,142,0,0,0,0,0,94,22,21,5,142,0,0,0,142
10/30/2020,BDL,CT,ANE,EN,Towers with Radar,82,24,13,0,119,0,0,0,0,0,82,24,13,0,119,0,0,0,119
10/31/2020,BDL,CT,ANE,EN,Towers with Radar,53,10,22,0,85,0,0,16,0,16,53,10,38,0,101,6,0,6,107
11/01/2020,BDL,CT,ANE,EN,Towers with Radar,84,19,10,0,113,0,0,0,0,0,84,19,10,0,113,0,0,0,113
11/02/2020,BDL,CT,ANE,EN,Towers with Radar,73,20,24,4,121,0,0,3,0,3,73,20,27,4,124,0,0,0,124
11/03/2020,BDL,CT,ANE,EN,Towers with Radar,68,18,11,7,104,0,1,8,13,22,68,19,19,20,126,28,10,38,164
11/04/2020,BDL,CT,ANE,EN,Towers with Radar,82,19,15,3,119,0,0,12,12,24,82,19,27,15,143,12,0,12,155
11/05/2020,BDL,CT,ANE,EN,Towers with Radar,98,21,21,4,144,0,0,14,8,22,98,21,35,12,166,0,0,0,166
11/06/2020,BDL,CT,ANE,EN,Towers with Radar,95,12,20,2,129,0,0,15,3,18,95,12,35,5,147,0,0,0,147
11/07/2020,BDL,CT,ANE,EN,Towers with Radar,80,19,5,1,105,0,1,7,2,10,80,20,12,3,115,17,0,17,132
11/08/2020,BDL,CT,ANE,EN,Towers with Radar,87,13,15,2,117,0,0,14,0,14,87,13,29,2,131,0,0,0,131
11/09/2020,BDL,CT,ANE,EN,Towers with Radar,88,17,14,4,123,0,0,21,2,23,88,17,35,6,146,0,6,6,152
11/10/2020,BDL,CT,ANE,EN,Towers with Radar,87,14,15,5,121,0,0,10,9,19,87,14,25,14,140,0,0,0,140
11/11/2020,BDL,CT,ANE,EN,Towers with Radar,89,27,29,0,145,0,0,1,0,1,89,27,30,0,146,0,0,0,146
11/12/2020,BDL,CT,ANE,EN,Towers with Radar,102,25,28,2,157,0,0,2,18,20,102,25,30,20,177,10,0,10,187
11/13/2020,BDL,CT,ANE,EN,Towers with Radar,101,22,15,0,138,0,0,0,0,0,101,22,15,0,138,0,0,0,138
11/14/2020,BDL,CT,ANE,EN,Towers with Radar,80,18,14,0,112,0,0,10,0,10,80,18,24,0,122,0,0,0,122
11/15/2020,BDL,CT,ANE,EN,Towers with Radar,93,22,9,2,126,0,0,2,0,2,93,22,11,2,128,0,0,0,128
11/16/2020,BDL,CT,ANE,EN,Towers with Radar,89,20,17,4,130,0,0,3,2,5,89,20,20,6,135,0,0,0,135
11/17/2020,BDL,CT,ANE,EN,Towers with Radar,88,13,21,5,127,0,1,7,8,16,88,14,28,13,143,12,0,12,155
11/18/2020,BDL,CT,ANE,EN,Towers with Radar,92,23,24,7,146,0,1,17,8,26,92,24,41,15,172,50,0,50,222
11/19/2020,BDL,CT,ANE,EN,Towers with Radar,106,27,14,2,149,0,2,9,10,21,106,29,23,12,170,12,0,12,182
11/20/2020,BDL,CT,ANE,EN,Towers with Radar,110,22,40,2,174,0,0,8,5,13,110,22,48,7,187,0,0,0,187
11/21/2020,BDL,CT,ANE,EN,Towers with Radar,97,24,34,10,165,0,0,27,9,36,97,24,61,19,201,1,0,1,202
11/22/2020,BDL,CT,ANE,EN,Towers with Radar,98,16,19,2,135,0,0,6,14,20,98,16,25,16,155,0,0,0,155
11/23/2020,BDL,CT,ANE,EN,Towers with Radar,99,15,15,2,131,0,0,2,0,2,99,15,17,2,133,2,0,2,135
11/24/2020,BDL,CT,ANE,EN,Towers with Radar,121,27,22,2,172,0,3,20,11,34,121,30,42,13,206,0,0,0,206
11/25/2020,BDL,CT,ANE,EN,Towers with Radar,131,20,14,2,167,0,0,6,6,12,131,20,20,8,179,0,4,4,183
11/26/2020,BDL,CT,ANE,EN,Towers with Radar,52,7,2,0,61,0,0,0,0,0,52,7,2,0,61,0,0,0,61
11/27/2020,BDL,CT,ANE,EN,Towers with Radar,84,16,19,0,119,0,1,12,0,13,84,17,31,0,132,1,0,1,133
11/28/2020,BDL,CT,ANE,EN,Towers with Radar,98,22,15,0,135,0,0,1,0,1,98,22,16,0,136,0,0,0,136
11/29/2020,BDL,CT,ANE,EN,Towers with Radar,110,25,20,0,155,0,0,7,0,7,110,25,27,0,162,0,0,0,162
11/30/2020,BDL,CT,ANE,EN,Towers with Radar,137,27,15,0,179,0,0,0,0,0,137,27,15,0,179,0,0,0,179
12/01/2020,BDL,CT,ANE,EN,Towers with Radar,114,26,22,7,169,0,0,2,1,3,114,26,24,8,172,12,0,12,184
12/02/2020,BDL,CT,ANE,EN,Towers with Radar,92,22,10,3,127,0,0,4,2,6,92,22,14,5,133,0,0,0,133
12/03/2020,BDL,CT,ANE,EN,Towers with Radar,102,18,27,9,156,0,0,24,7,31,102,18,51,16,187,36,4,40,227
12/04/2020,BDL,CT,ANE,EN,Towers with Radar,95,20,21,0,136,0,0,6,4,10,95,20,27,4,146,0,0,0,146
12/05/2020,BDL,CT,ANE,EN,Towers with Radar,72,18,6,0,96,0,0,0,0,0,72,18,6,0,96,0,0,0,96
12/06/2020,BDL,CT,ANE,EN,Towers with Radar,81,11,9,0,101,0,0,5,0,5,81,11,14,0,106,0,0,0,106
12/07/2020,BDL,CT,ANE,EN,Towers with Radar,83,11,17,5,116,0,0,9,0,9,83,11,26,5,125,14,0,14,139
12/08/2020,BDL,CT,ANE,EN,Towers with Radar,90,15,33,2,140,0,0,16,3,19,90,15,49,5,159,18,0,18,177
12/09/2020,BDL,CT,ANE,EN,Towers with Radar,83,23,16,1,123,0,0,5,5,10,83,23,21,6,133,5,0,5,138
12/10/2020,BDL,CT,ANE,EN,Towers with Radar,102,18,20,5,145,0,0,17,8,25,102,18,37,13,170,14,10,24,194
12/11/2020,BDL,CT,ANE,EN,Towers with Radar,88,15,22,2,127,0,1,23,0,24,88,16,45,2,151,0,0,0,151
12/12/2020,BDL,CT,ANE,EN,Towers with Radar,71,23,13,0,107,0,0,0,0,0,71,23,13,0,107,0,0,0,107
12/13/2020,BDL,CT,ANE,EN,Towers with Radar,79,21,15,0,115,0,0,2,0,2,79,21,17,0,117,0,0,0,117
12/14/2020,BDL,CT,ANE,EN,Towers with Radar,85,14,15,2,116,0,0,0,0,0,85,14,15,2,116,0,0,0,116
12/15/2020,BDL,CT,ANE,EN,Towers with Radar,95,20,12,4,131,0,0,12,11,23,95,20,24,15,154,6,2,8,162
12/16/2020,BDL,CT,ANE,EN,Towers with Radar,78,15,16,7,116,0,0,15,5,20,78,15,31,12,136,0,0,0,136
12/17/2020,BDL,CT,ANE,EN,Towers with Radar,98,10,8,0,116,0,0,0,3,3,98,10,8,3,119,0,0,0,119
12/18/2020,BDL,CT,ANE,EN,Towers with Radar,115,26,41,0,182,0,0,12,2,14,115,26,53,2,196,15,0,15,211
12/19/2020,BDL,CT,ANE,EN,Towers with Radar,115,22,27,0,164,0,0,16,0,16,115,22,43,0,180,0,0,0,180
12/20/2020,BDL,CT,ANE,EN,Towers with Radar,112,21,11,0,144,0,0,0,0,0,112,21,11,0,144,0,0,0,144
12/21/2020,BDL,CT,ANE,EN,Towers with Radar,98,16,20,0,134,0,0,0,2,2,98,16,20,2,136,0,0,0,136
12/22/2020,BDL,CT,ANE,EN,Towers with Radar,119,21,21,4,165,0,0,14,19,33,119,21,35,23,198,8,0,8,206
12/23/2020,BDL,CT,ANE,EN,Towers with Radar,129,23,17,2,171,0,0,16,0,16,129,23,33,2,187,12,0,12,199
12/24/2020,BDL,CT,ANE,EN,Towers with Radar,89,11,7,0,107,0,0,4,0,4,89,11,11,0,111,0,0,0,111
12/25/2020,BDL,CT,ANE,EN,Towers with Radar,54,10,0,0,64,0,0,0,0,0,54,10,0,0,64,0,0,0,64
12/26/2020,BDL,CT,ANE,EN,Towers with Radar,85,20,19,0,124,0,0,8,0,8,85,20,27,0,132,0,0,0,132
12/27/2020,BDL,CT,ANE,EN,Towers with Radar,105,18,30,0,153,0,1,24,0,25,105,19,54,0,178,0,0,0,178
12/28/2020,BDL,CT,ANE,EN,Towers with Radar,100,20,22,0,142,0,0,8,0,8,100,20,30,0,150,12,0,12,162
12/29/2020,BDL,CT,ANE,EN,Towers with Radar,110,32,27,2,171,0,1,9,0,10,110,33,36,2,181,16,0,16,197
12/30/2020,BDL,CT,ANE,EN,Towers with Radar,116,24,32,1,173,0,1,15,2,18,116,25,47,3,191,0,0,0,191
12/31/2020,BDL,CT,ANE,EN,Towers with Radar,86,14,14,0,114,0,0,3,0,3,86,14,17,0,117,24,0,24,141
01/01/2021,BDL,CT,ANE,EN,Towers with Radar,61,4,10,0,75,0,0,4,0,4,61,4,14,0,79,7,0,7,86
01/02/2021,BDL,CT,ANE,EN,Towers with Radar,98,16,21,0,135,0,0,5,0,5,98,16,26,0,140,0,0,0,140
01/03/2021,BDL,CT,ANE,EN,Towers with Radar,109,18,13,0,140,0,0,0,0,0,109,18,13,0,140,0,0,0,140
01/04/2021,BDL,CT,ANE,EN,Towers with Radar,97,22,17,2,138,0,0,11,1,12,97,22,28,3,150,0,0,0,150
01/05/2021,BDL,CT,ANE,EN,Towers with Radar,90,25,17,4,136,0,0,9,14,23,90,25,26,18,159,26,0,26,185
01/06/2021,BDL,CT,ANE,EN,Towers with Radar,93,20,20,7,140,1,0,8,13,22,94,20,28,20,162,0,0,0,162
01/07/2021,BDL,CT,ANE,EN,Towers with Radar,89,27,18,9,143,0,4,4,16,24,89,31,22,25,167,12,0,12,179
01/08/2021,BDL,CT,ANE,EN,Towers with Radar,89,21,25,3,138,0,0,12,2,14,89,21,37,5,152,0,0,0,152
01/09/2021,BDL,CT,ANE,EN,Towers with Radar,71,29,14,3,117,0,0,14,2,16,71,29,28,5,133,6,0,6,139
01/10/2021,BDL,CT,ANE,EN,Towers with Radar,77,19,14,0,110,0,0,16,0,16,77,19,30,0,126,0,0,0,126
01/11/2021,BDL,CT,ANE,EN,Towers with Radar,78,22,28,2,130,0,0,21,1,22,78,22,49,3,152,0,0,0,152
01/12/2021,BDL,CT,ANE,EN,Towers with Radar,83,18,20,7,128,0,0,9,11,20,83,18,29,18,148,4,0,4,152
01/13/2021,BDL,CT,ANE,EN,Towers with Radar,82,22,26,2,132,0,0,18,10,28,82,22,44,12,160,22,0,22,182
01/14/2021,BDL,CT,ANE,EN,Towers with Radar,89,24,20,0,133,0,0,1,0,1,89,24,21,0,134,0,0,0,134
01/15/2021,BDL,CT,ANE,EN,Towers with Radar,90,19,14,6,129,0,0,0,0,0,90,19,14,6,129,0,0,0,129
01/16/2021,BDL,CT,ANE,EN,Towers with Radar,71,22,11,0,104,0,0,0,0,0,71,22,11,0,104,0,0,0,104
01/17/2021,BDL,CT,ANE,EN,Towers with Radar,68,20,7,0,95,0,0,3,0,3,68,20,10,0,98,0,0,0,98
01/18/2021,BDL,CT,ANE,EN,Towers with Radar,75,23,33,0,131,0,0,11,0,11,75,23,44,0,142,0,0,0,142
01/19/2021,BDL,CT,ANE,EN,Towers with Radar,76,23,14,5,118,0,0,4,8,12,76,23,18,13,130,0,0,0,130
01/20/2021,BDL,CT,ANE,EN,Towers with Radar,83,20,32,4,139,0,0,7,10,17,83,20,39,14,156,10,0,10,166
01/21/2021,BDL,CT,ANE,EN,Towers with Radar,85,26,18,11,140,0,0,12,18,30,85,26,30,29,170,16,0,16,186
01/22/2021,BDL,CT,ANE,EN,Towers with Radar,88,28,16,0,132,0,0,12,0,12,88,28,28,0,144,0,0,0,144
01/23/2021,BDL,CT,ANE,EN,Towers with Radar,72,25,5,1,103,0,0,2,0,2,72,25,7,1,105,0,0,0,105
01/24/2021,BDL,CT,ANE,EN,Towers with Radar,74,18,18,2,112,0,0,6,0,6,74,18,24,2,118,0,0,0,118
01/25/2021,BDL,CT,ANE,EN,Towers with Radar,77,19,31,10,137,0,0,21,1,22,77,19,52,11,159,0,0,0,159
01/26/2021,BDL,CT,ANE,EN,Towers with Radar,77,22,21,1,121,0,0,10,9,19,77,22,31,10,140,2,0,2,142
01/27/2021,BDL,CT,ANE,EN,Towers with Radar,85,21,14,5,125,0,0,4,15,19,85,21,18,20,144,0,0,0,144
01/28/2021,BDL,CT,ANE,EN,Towers with Radar,83,20,25,8,136,0,9,21,22,52,83,29,46,30,188,65,16,81,269
01/29/2021,BDL,CT,ANE,EN,Towers with Radar,83,25,23,3,134,0,0,9,1,10,83,25,32,4,144,20,0,20,164
01/30/2021,BDL,CT,ANE,EN,Towers with Radar,73,31,27,0,131,0,0,18,0,18,73,31,45,0,149,13,0,13,162
01/31/2021,BDL,CT,ANE,EN,Towers with Radar,71,31,26,2,130,0,0,18,7,25,71,31,44,9,155,4,2,6,161
02/01/2021,BDL,CT,ANE,EN,Towers with Radar,26,6,2,0,34,0,0,0,0,0,26,6,2,0,34,0,0,0,34
02/02/2021,BDL,CT,ANE,EN,Towers with Radar,61,15,14,0,90,0,0,0,0,0,61,15,14,0,90,0,0,0,90
02/03/2021,BDL,CT,ANE,EN,Towers with Radar,84,20,24,6,134,0,0,9,12,21,84,20,33,18,155,19,0,19,174
02/04/2021,BDL,CT,ANE,EN,Towers with Radar,88,30,33,7,158,0,0,27,13,40,88,30,60,20,198,18,0,18,216
02/05/2021,BDL,CT,ANE,EN,Towers with Radar,87,23,19,0,129,0,0,1,0,1,87,23,20,0,130,0,0,0,130
02/06/2021,BDL,CT,ANE,EN,Towers with Radar,73,23,9,0,105,0,0,2,0,2,73,23,11,0,107,6,0,6,113
02/07/2021,BDL,CT,ANE,EN,Towers with Radar,66,18,6,0,90,0,0,0,0,0,66,18,6,0,90,0,0,0,90
02/08/2021,BDL,CT,ANE,EN,Towers with Radar,80,21,38,1,140,0,0,14,2,16,80,21,52,3,156,24,0,24,180
02/09/2021,BDL,CT,ANE,EN,Towers with Radar,72,20,13,0,105,0,0,0,0,0,72,20,13,0,105,0,0,0,105
02/10/2021,BDL,CT,ANE,EN,Towers with Radar,81,21,26,7,135,0,0,19,12,31,81,21,45,19,166,0,8,8,174
02/11/2021,BDL,CT,ANE,EN,Towers with Radar,89,23,34,14,160,0,0,9,12,21,89,23,43,26,181,8,0,8,189
02/12/2021,BDL,CT,ANE,EN,Towers with Radar,97,25,36,0,158,0,0,14,0,14,97,25,50,0,172,1,0,1,173
02/13/2021,BDL,CT,ANE,EN,Towers with Radar,80,25,13,0,118,0,0,20,2,22,80,25,33,2,140,0,0,0,140
02/14/2021,BDL,CT,ANE,EN,Towers with Radar,77,14,15,0,106,0,0,1,0,1,77,14,16,0,107,0,0,0,107
02/15/2021,BDL,CT,ANE,EN,Towers with Radar,75,20,8,0,103,0,0,1,0,1,75,20,9,0,104,0,0,0,104
02/16/2021,BDL,CT,ANE,EN,Towers with Radar,71,15,17,0,103,0,0,0,0,0,71,15,17,0,103,2,0,2,105
02/17/2021,BDL,CT,ANE,EN,Towers with Radar,82,30,22,2,136,0,0,21,18,39,82,30,43,20,175,24,0,24,199
02/18/2021,BDL,CT,ANE,EN,Towers with Radar,98,21,14,0,133,0,1,1,0,2,98,22,15,0,135,0,0,0,135
02/19/2021,BDL,CT,ANE,EN,Towers with Radar,94,23,8,0,125,0,0,0,0,0,94,23,8,0,125,0,0,0,125
02/20/2021,BDL,CT,ANE,EN,Towers with Radar,82,19,21,2,124,0,0,14,0,14,82,19,35,2,138,0,0,0,138
02/21/2021,BDL,CT,ANE,EN,Towers with Radar,84,23,16,0,123,0,0,16,0,16,84,23,32,0,139,0,0,0,139
02/22/2021,BDL,CT,ANE,EN,Towers with Radar,91,17,21,0,129,0,0,0,0,0,91,17,21,0,129,4,0,4,133
02/23/2021,BDL,CT,ANE,EN,Towers with Radar,90,16,29,5,140,0,0,16,11,27,90,16,45,16,167,23,0,23,190
02/24/2021,BDL,CT,ANE,EN,Towers with Radar,92,21,19,1,133,0,0,15,3,18,92,21,34,4,151,0,0,0,151
02/25/2021,BDL,CT,ANE,EN,Towers with Radar,98,20,16,5,139,0,0,0,15,15,98,20,16,20,154,0,0,0,154
02/26/2021,BDL,CT,ANE,EN,Towers with Radar,95,23,30,0,148,0,2,26,0,28,95,25,56,0,176,4,0,4,180
02/27/2021,BDL,CT,ANE,EN,Towers with Radar,77,23,14,0,114,0,0,0,0,0,77,23,14,0,114,0,0,0,114
02/28/2021,BDL,CT,ANE,EN,Towers with Radar,86,18,17,2,123,0,0,5,0,5,86,18,22,2,128,0,0,0,128
03/01/2021,BDL,CT,ANE,EN,Towers with Radar,86,22,17,2,127,0,0,3,0,3,86,22,20,2,130,0,0,0,130
03/02/2021,BDL,CT,ANE,EN,Towers with Radar,88,12,19,0,119,0,1,9,0,10,88,13,28,0,129,4,0,4,133
03/03/2021,BDL,CT,ANE,EN,Towers with Radar,88,18,33,8,147,0,1,25,13,39,88,19,58,21,186,0,4,4,190
03/04/2021,BDL,CT,ANE,EN,Towers with Radar,106,23,22,8,159,0,0,2,15,17,106,23,24,23,176,6,0,6,182
03/05/2021,BDL,CT,ANE,EN,Towers with Radar,106,36,25,3,170,0,0,4,2,6,106,36,29,5,176,10,0,10,186
03/06/2021,BDL,CT,ANE,EN,Towers with Radar,86,23,25,5,139,0,0,10,1,11,86,23,35,6,150,1,4,5,155
03/07/2021,BDL,CT,ANE,EN,Towers with Radar,94,25,21,1,141,0,0,12,0,12,94,25,33,1,153,8,0,8,161
03/08/2021,BDL,CT,ANE,EN,Towers with Radar,106,23,28,1,158,0,0,19,1,20,106,23,47,2,178,0,0,0,178
03/09/2021,BDL,CT,ANE,EN,Towers with Radar,98,30,19,2,149,0,1,11,13,25,98,31,30,15,174,0,0,0,174
03/10/2021,BDL,CT,ANE,EN,Towers with Radar,110,23,25,0,158,0,1,9,12,22,110,24,34,12,180,0,0,0,180
03/11/2021,BDL,CT,ANE,EN,Towers with Radar,115,34,33,3,185,0,5,5,14,24,115,39,38,17,209,0,0,0,209
03/12/2021,BDL,CT,ANE,EN,Towers with Radar,114,26,29,3,172,0,0,9,6,15,114,26,38,9,187,8,0,8,195
03/13/2021,BDL,CT,ANE,EN,Towers with Radar,88,27,11,0,126,0,0,12,0,12,88,27,23,0,138,0,0,0,138
03/14/2021,BDL,CT,ANE,EN,Towers with Radar,94,30,14,0,138,0,0,0,0,0,94,30,14,0,138,0,0,0,138
03/15/2021,BDL,CT,ANE,EN,Towers with Radar,100,29,18,0,147,0,0,4,0,4,100,29,22,0,151,0,0,0,151
03/16/2021,BDL,CT,ANE,EN,Towers with Radar,108,23,20,2,153,0,1,10,14,25,108,24,30,16,178,2,0,2,180
03/17/2021,BDL,CT,ANE,EN,Towers with Radar,114,29,21,3,167,0,0,6,21,27,114,29,27,24,194,0,0,0,194
03/18/2021,BDL,CT,ANE,EN,Towers with Radar,109,27,34,2,172,0,0,0,0,0,109,27,34,2,172,0,0,0,172
03/19/2021,BDL,CT,ANE,EN,Towers with Radar,105,27,11,0,143,0,0,3,8,11,105,27,14,8,154,9,0,9,163
03/20/2021,BDL,CT,ANE,EN,Towers with Radar,92,17,22,0,131,0,0,20,20,40,92,17,42,20,171,0,0,0,171
03/21/2021,BDL,CT,ANE,EN,Towers with Radar,99,24,16,0,139,0,0,18,6,24,99,24,34,6,163,16,0,16,179
03/22/2021,BDL,CT,ANE,EN,Towers with Radar,102,23,25,4,154,0,0,13,2,15,102,23,38,6,169,0,2,2,171
03/23/2021,BDL,CT,ANE,EN,Towers with Radar,118,27,27,7,179,0,0,17,11,28,118,27,44,18,207,14,12,26,233
03/24/2021,BDL,CT,ANE,EN,Towers with Radar,118,23,29,5,175,0,0,17,12,29,118,23,46,17,204,32,0,32,236
03/25/2021,BDL,CT,ANE,EN,Towers with Radar,111,36,19,3,169,0,0,5,9,14,111,36,24,12,183,12,0,12,195
03/26/2021,BDL,CT,ANE,EN,Towers with Radar,113,39,32,0,184,0,0,0,0,0,113,39,32,0,184,0,0,0,184
03/27/2021,BDL,CT,ANE,EN,Towers with Radar,90,25,32,0,147,0,0,15,0,15,90,25,47,0,162,0,0,0,162
03/28/2021,BDL,CT,ANE,EN,Towers with Radar,102,40,20,2,164,0,0,1,0,1,102,40,21,2,165,0,0,0,165
03/29/2021,BDL,CT,ANE,EN,Towers with Radar,102,35,20,7,164,0,1,7,7,15,102,36,27,14,179,0,0,0,179
03/30/2021,BDL,CT,ANE,EN,Towers with Radar,107,25,28,4,164,0,0,10,15,25,107,25,38,19,189,12,0,12,201
03/31/2021,BDL,CT,ANE,EN,Towers with Radar,113,24,17,16,170,0,0,3,9,12,113,24,20,25,182,0,6,6,188
04/01/2021,BDL,CT,ANE,EN,Towers with Radar,112,27,14,6,159,0,2,0,18,20,112,29,14,24,179,0,0,0,179
04/02/2021,BDL,CT,ANE,EN,Towers with Radar,114,30,23,1,168,0,1,9,0,10,114,31,32,1,178,0,0,0,178
04/03/2021,BDL,CT,ANE,EN,Towers with Radar,100,23,19,0,142,0,0,8,0,8,100,23,27,0,150,0,0,0,150
04/04/2021,BDL,CT,ANE,EN,Towers with Radar,105,22,7,0,134,0,0,3,0,3,105,22,10,0,137,0,0,0,137
04/05/2021,BDL,CT,ANE,EN,Towers with Radar,112,33,27,1,173,0,0,9,3,12,112,33,36,4,185,6,0,6,191
04/06/2021,BDL,CT,ANE,EN,Towers with Radar,117,31,28,9,185,0,0,20,11,31,117,31,48,20,216,0,0,0,216
04/07/2021,BDL,CT,ANE,EN,Towers with Radar,120,28,28,9,185,0,0,20,21,41,120,28,48,30,226,0,0,0,226
04/08/2021,BDL,CT,ANE,EN,Towers with Radar,132,28,18,4,182,0,0,14,13,27,132,28,32,17,209,10,0,10,219
04/09/2021,BDL,CT,ANE,EN,Towers with Radar,129,31,29,2,191,0,0,22,0,22,129,31,51,2,213,14,0,14,227
04/10/2021,BDL,CT,ANE,EN,Towers with Radar,105,25,21,0,151,0,0,8,3,11,105,25,29,3,162,0,4,4,166
04/11/2021,BDL,CT,ANE,EN,Towers with Radar,97,23,16,0,136,0,0,0,0,0,97,23,16,0,136,1,0,1,137
04/12/2021,BDL,CT,ANE,EN,Towers with Radar,113,29,24,1,167,0,0,3,5,8,113,29,27,6,175,0,0,0,175
04/13/2021,BDL,CT,ANE,EN,Towers with Radar,120,22,28,2,172,0,0,15,8,23,120,22,43,10,195,4,0,4,199
04/14/2021,BDL,CT,ANE,EN,Towers with Radar,114,24,20,2,160,0,0,17,13,30,114,24,37,15,190,0,0,0,190
04/15/2021,BDL,CT,ANE,EN,Towers with Radar,132,26,22,0,180,0,0,0,0,0,132,26,22,0,180,0,0,0,180
04/16/2021,BDL,CT,ANE,EN,Towers with Radar,134,28,18,1,181,0,0,0,0,0,134,28,18,1,181,0,0,0,181
04/17/2021,BDL,CT,ANE,EN,Towers with Radar,124,33,11,0,168,0,0,7,0,7,124,33,18,0,175,0,0,0,175
04/18/2021,BDL,CT,ANE,EN,Towers with Radar,121,22,14,3,160,0,0,3,0,3,121,22,17,3,163,0,0,0,163
04/19/2021,BDL,CT,ANE,EN,Towers with Radar,119,26,19,2,166,0,0,16,2,18,119,26,35,4,184,2,0,2,186
04/20/2021,BDL,CT,ANE,EN,Towers with Radar,118,37,12,10,177,0,0,5,11,16,118,37,17,21,193,2,8,10,203
04/21/2021,BDL,CT,ANE,EN,Towers with Radar,117,27,7,6,157,0,0,2,6,8,117,27,9,12,165,2,0,2,167
04/22/2021,BDL,CT,ANE,EN,Towers with Radar,130,32,18,6,186,0,0,2,8,10,130,32,20,14,196,0,0,0,196
04/23/2021,BDL,CT,ANE,EN,Towers with Radar,127,35,21,3,186,0,0,7,9,16,127,35,28,12,202,0,0,0,202
04/24/2021,BDL,CT,ANE,EN,Towers with Radar,113,26,21,3,163,0,0,14,15,29,113,26,35,18,192,0,0,0,192
04/25/2021,BDL,CT,ANE,EN,Towers with Radar,120,23,36,5,184,0,0,6,3,9,120,23,42,8,193,0,0,0,193
04/26/2021,BDL,CT,ANE,EN,Towers with Radar,113,22,21,2,158,0,0,0,4,4,113,22,21,6,162,0,0,0,162
04/27/2021,BDL,CT,ANE,EN,Towers with Radar,118,27,32,12,189,0,1,26,5,32,118,28,58,17,221,0,4,4,225
04/28/2021,BDL,CT,ANE,EN,Towers with Radar,116,30,30,7,183,0,1,22,6,29,116,31,52,13,212,26,4,30,242
04/29/2021,BDL,CT,ANE,EN,Towers with Radar,126,32,30,8,196,0,0,1,0,1,126,32,31,8,197,0,0,0,197
04/30/2021,BDL,CT,ANE,EN,Towers with Radar,123,34,17,1,175,0,0,0,2,2,123,34,17,3,177,0,0,0,177
05/01/2021,BDL,CT,ANE,EN,Towers with Radar,104,23,14,0,141,0,0,8,0,8,104,23,22,0,149,6,0,6,155
05/02/2021,BDL,CT,ANE,EN,Towers with Radar,110,23,23,0,156,0,0,10,0,10,110,23,33,0,166,0,0,0,166
05/03/2021,BDL,CT,ANE,EN,Towers with Radar,109,36,31,8,184,0,10,15,6,31,109,46,46,14,215,2,2,4,219
05/04/2021,BDL,CT,ANE,EN,Towers with Radar,111,45,31,5,192,0,0,1,0,1,111,45,32,5,193,0,0,0,193
05/05/2021,BDL,CT,ANE,EN,Towers with Radar,121,24,10,8,163,0,0,0,0,0,121,24,10,8,163,0,0,0,163
05/06/2021,BDL,CT,ANE,EN,Towers with Radar,126,27,35,3,191,0,0,20,16,36,126,27,55,19,227,34,0,34,261
05/07/2021,BDL,CT,ANE,EN,Towers with Radar,125,39,28,3,195,0,0,15,7,22,125,39,43,10,217,0,0,0,217
05/08/2021,BDL,CT,ANE,EN,Towers with Radar,108,26,15,0,149,0,0,8,0,8,108,26,23,0,157,0,0,0,157
05/09/2021,BDL,CT,ANE,EN,Towers with Radar,109,19,14,2,144,0,0,5,0,5,109,19,19,2,149,4,0,4,153
05/10/2021,BDL,CT,ANE,EN,Towers with Radar,111,26,24,2,163,0,0,3,2,5,111,26,27,4,168,18,0,18,186
05/11/2021,BDL,CT,ANE,EN,Towers with Radar,124,33,18,12,187,0,2,7,14,23,124,35,25,26,210,0,0,0,210
05/12/2021,BDL,CT,ANE,EN,Towers with Radar,126,30,31,7,194,0,1,10,20,31,126,31,41,27,225,2,2,4,229
05/13/2021,BDL,CT,ANE,EN,Towers with Radar,125,38,24,9,196,0,0,11,12,23,125,38,35,21,219,5,0,5,224
05/14/2021,BDL,CT,ANE,EN,Towers with Radar,121,37,22,2,182,0,0,20,4,24,121,37,42,6,206,0,0,0,206
05/15/2021,BDL,CT,ANE,EN,Towers with Radar,106,31,12,2,151,0,0,15,0,15,106,31,27,2,166,0,0,0,166
05/16/2021,BDL,CT,ANE,EN,Towers with Radar,109,32,27,2,170,0,3,5,0,8,109,35,32,2,178,0,0,0,178
05/17/2021,BDL,CT,ANE,EN,Towers with Radar,114,33,25,11,183,0,2,3,1,6,114,35,28,12,189,0,0,0,189
05/18/2021,BDL,CT,ANE,EN,Towers with Radar,128,43,29,10,210,0,1,20,14,35,128,44,49,24,245,18,8,26,271
05/19/2021,BDL,CT,ANE,EN,Towers with Radar,123,38,25,8,194,0,0,8,14,22,123,38,33,22,216,0,0,0,216
05/20/2021,BDL,CT,ANE,EN,Towers with Radar,129,33,23,2,187,0,0,9,8,17,129,33,32,10,204,2,0,2,206
05/21/2021,BDL,CT,ANE,EN,Towers with Radar,121,37,29,2,189,0,0,16,6,22,121,37,45,8,211,0,0,0,211
05/22/2021,BDL,CT,ANE,EN,Towers with Radar,105,32,17,0,154,0,0,9,8,17,105,32,26,8,171,0,0,0,171
05/23/2021,BDL,CT,ANE,EN,Towers with Radar,116,29,15,2,162,0,0,2,11,13,116,29,17,13,175,1,0,1,176
05/24/2021,BDL,CT,ANE,EN,Towers with Radar,118,32,29,1,180,0,0,9,3,12,118,32,38,4,192,0,0,0,192
05/25/2021,BDL,CT,ANE,EN,Towers with Radar,126,30,22,4,182,0,0,6,13,19,126,30,28,17,201,12,4,16,217
05/26/2021,BDL,CT,ANE,EN,Towers with Radar,130,32,35,17,214,0,1,15,8,24,130,33,50,25,238,0,0,0,238
05/27/2021,BDL,CT,ANE,EN,Towers with Radar,137,40,28,2,207,0,0,16,17,33,137,40,44,19,240,6,0,6,246
05/28/2021,BDL,CT,ANE,EN,Towers with Radar,126,35,20,0,181,0,0,7,0,7,126,35,27,0,188,0,0,0,188
05/29/2021,BDL,CT,ANE,EN,Towers with Radar,99,35,7,0,141,0,0,0,0,0,99,35,7,0,141,12,0,12,153
05/30/2021,BDL,CT,ANE,EN,Towers with Radar,97,25,10,0,132,0,0,0,0,0,97,25,10,0,132,0,0,0,132
05/31/2021,BDL,CT,ANE,EN,Towers with Radar,103,31,28,0,162,0,0,3,4,7,103,31,31,4,169,0,0,0,169
06/01/2021,BDL,CT,ANE,EN,Towers with Radar,108,27,24,1,160,0,0,18,7,25,108,27,42,8,185,9,0,9,194
06/02/2021,BDL,CT,ANE,EN,Towers with Radar,124,34,25,3,186,0,2,8,20,30,124,36,33,23,216,0,0,0,216
06/03/2021,BDL,CT,ANE,EN,Towers with Radar,124,36,26,5,191,0,0,0,0,0,124,36,26,5,191,0,0,0,191
06/04/2021,BDL,CT,ANE,EN,Towers with Radar,129,40,24,2,195,0,0,6,0,6,129,40,30,2,201,14,0,14,215
06/05/2021,BDL,CT,ANE,EN,Towers with Radar,112,30,11,0,153,0,0,3,0,3,112,30,14,0,156,7,0,7,163
06/06/2021,BDL,CT,ANE,EN,Towers with Radar,110,36,26,1,173,0,2,9,1,12,110,38,35,2,185,6,0,6,191
06/07/2021,BDL,CT,ANE,EN,Towers with Radar,126,33,31,3,193,0,1,12,4,17,126,34,43,7,210,0,0,0,210
06/08/2021,BDL,CT,ANE,EN,Towers with Radar,131,38,39,0,208,0,1,11,6,18,131,39,50,6,226,0,0,0,226
06/09/2021,BDL,CT,ANE,EN,Towers with Radar,128,29,26,6,189,0,0,8,5,13,128,29,34,11,202,0,0,0,202
06/10/2021,BDL,CT,ANE,EN,Towers with Radar,142,37,21,3,203,0,0,11,4,15,142,37,32,7,218,0,0,0,218
06/11/2021,BDL,CT,ANE,EN,Towers with Radar,134,36,30,3,203,0,0,13,9,22,134,36,43,12,225,2,0,2,227
06/12/2021,BDL,CT,ANE,EN,Towers with Radar,111,30,21,9,171,0,1,5,4,10,111,31,26,13,181,8,0,8,189
06/13/2021,BDL,CT,ANE,EN,Towers with Radar,118,31,17,0,166,0,1,8,8,17,118,32,25,8,183,0,0,0,183
06/14/2021,BDL,CT,ANE,EN,Towers with Radar,126,37,37,4,204,0,0,1,2,3,126,37,38,6,207,0,0,0,207
06/15/2021,BDL,CT,ANE,EN,Towers with Radar,135,33,30,4,202,0,0,5,6,11,135,33,35,10,213,8,0,8,221
06/16/2021,BDL,CT,ANE,EN,Towers with Radar,137,34,24,1,196,0,1,12,9,22,137,35,36,10,218,22,0,22,240
06/17/2021,BDL,CT,ANE,EN,Towers with Radar,139,37,27,3,206,0,1,15,7,23,139,38,42,10,229,8,0,8,237
06/18/2021,BDL,CT,ANE,EN,Towers with Radar,133,40,24,4,201,0,6,23,8,37,133,46,47,12,238,2,0,2,240
06/19/2021,BDL,CT,ANE,EN,Towers with Radar,111,39,11,3,164,0,0,5,11,16,111,39,16,14,180,0,0,0,180
06/20/2021,BDL,CT,ANE,EN,Towers with Radar,116,30,16,4,166,0,1,16,14,31,116,31,32,18,197,0,0,0,197
06/21/2021,BDL,CT,ANE,EN,Towers with Radar,124,43,33,6,206,0,0,4,14,18,124,43,37,20,224,0,18,18,242
06/22/2021,BDL,CT,ANE,EN,Towers with Radar,144,36,27,17,224,0,0,11,7,18,144,36,38,24,242,0,7,7,249
06/23/2021,BDL,CT,ANE,EN,Towers with Radar,139,47,36,3,225,0,1,16,27,44,139,48,52,30,269,4,6,10,279
06/24/2021,BDL,CT,ANE,EN,Towers with Radar,136,37,15,1,189,0,0,25,7,32,136,37,40,8,221,7,0,7,228
06/25/2021,BDL,CT,ANE,EN,Towers with Radar,135,56,46,5,242,0,1,5,0,6,135,57,51,5,248,6,0,6,254
06/26/2021,BDL,CT,ANE,EN,Towers with Radar,103,35,42,0,180,0,0,6,0,6,103,35,48,0,186,0,0,0,186
06/27/2021,BDL,CT,ANE,EN,Towers with Radar,119,49,25,0,193,0,0,7,0,7,119,49,32,0,200,0,0,0,200
06/28/2021,BDL,CT,ANE,EN,Towers with Radar,130,35,21,1,187,0,4,13,2,19,130,39,34,3,206,0,6,6,212
06/29/2021,BDL,CT,ANE,EN,Towers with Radar,140,39,17,2,198,0,1,13,5,19,140,40,30,7,217,0,0,0,217
06/30/2021,BDL,CT,ANE,EN,Towers with Radar,134,43,21,0,198,0,0,6,6,12,134,43,27,6,210,2,0,2,212
07/01/2021,BDL,CT,ANE,EN,Towers with Radar,148,46,22,1,217,0,0,2,0,2,148,46,24,1,219,0,0,0,219
07/02/2021,BDL,CT,ANE,EN,Towers with Radar,148,40,11,0,199,0,0,0,0,0,148,40,11,0,199,0,0,0,199
07/03/2021,BDL,CT,ANE,EN,Towers with Radar,116,31,20,0,167,0,0,0,0,0,116,31,20,0,167,0,0,0,167
07/04/2021,BDL,CT,ANE,EN,Towers with Radar,97,28,13,0,138,0,0,0,0,0,97,28,13,0,138,0,0,0,138
07/05/2021,BDL,CT,ANE,EN,Towers with Radar,122,41,24,0,187,0,0,6,0,6,122,41,30,0,193,0,0,0,193
07/06/2021,BDL,CT,ANE,EN,Towers with Radar,138,28,18,1,185,0,0,11,9,20,138,28,29,10,205,0,0,0,205
07/07/2021,BDL,CT,ANE,EN,Towers with Radar,152,42,20,1,215,0,1,13,7,21,152,43,33,8,236,0,2,2,238
07/08/2021,BDL,CT,ANE,EN,Towers with Radar,153,34,23,2,212,0,0,0,0,0,153,34,23,2,212,2,0,2,214
07/09/2021,BDL,CT,ANE,EN,Towers with Radar,145,34,16,1,196,0,0,1,0,1,145,34,17,1,197,6,0,6,203
07/10/2021,BDL,CT,ANE,EN,Towers with Radar,113,37,17,0,167,0,0,5,0,5,113,37,22,0,172,0,0,0,172
07/11/2021,BDL,CT,ANE,EN,Towers with Radar,131,34,23,0,188,0,0,4,0,4,131,34,27,0,192,0,0,0,192
07/12/2021,BDL,CT,ANE,EN,Towers with Radar,128,37,43,3,211,0,0,0,0,0,128,37,43,3,211,0,0,0,211
07/13/2021,BDL,CT,ANE,EN,Towers with Radar,157,45,30,12,244,0,0,2,0,2,157,45,32,12,246,0,0,0,246
07/14/2021,BDL,CT,ANE,EN,Towers with Radar,147,32,39,14,232,0,0,8,3,11,147,32,47,17,243,0,0,0,243
07/15/2021,BDL,CT,ANE,EN,Towers with Radar,156,46,37,10,249,0,0,10,15,25,156,46,47,25,274,0,8,8,282
07/16/2021,BDL,CT,ANE,EN,Towers with Radar,150,36,28,0,214,0,0,17,6,23,150,36,45,6,237,0,0,0,237
07/17/2021,BDL,CT,ANE,EN,Towers with Radar,117,27,27,0,171,0,0,25,0,25,117,27,52,0,196,0,0,0,196
07/18/2021,BDL,CT,ANE,EN,Towers with Radar,133,39,26,1,199,0,0,1,0,1,133,39,27,1,200,0,0,0,200
07/19/2021,BDL,CT,ANE,EN,Towers with Radar,136,37,38,2,213,0,2,9,0,11,136,39,47,2,224,0,0,0,224
07/20/2021,BDL,CT,ANE,EN,Towers with Radar,158,32,23,9,222,0,0,6,7,13,158,32,29,16,235,0,8,8,243
07/21/2021,BDL,CT,ANE,EN,Towers with Radar,146,36,27,1,210,0,0,16,10,26,146,36,43,11,236,0,16,16,252
07/22/2021,BDL,CT,ANE,EN,Towers with Radar,151,32,31,4,218,0,0,16,10,26,151,32,47,14,244,0,0,0,244
07/23/2021,BDL,CT,ANE,EN,Towers with Radar,142,39,28,6,215,0,0,31,2,33,142,39,59,8,248,0,0,0,248
07/24/2021,BDL,CT,ANE,EN,Towers with Radar,117,23,15,1,156,0,2,19,12,33,117,25,34,13,189,0,0,0,189
07/25/2021,BDL,CT,ANE,EN,Towers with Radar,130,29,16,3,178,0,0,0,2,2,130,29,16,5,180,0,0,0,180
07/26/2021,BDL,CT,ANE,EN,Towers with Radar,136,27,30,7,200,0,0,6,4,10,136,27,36,11,210,0,0,0,210
07/27/2021,BDL,CT,ANE,EN,Towers with Radar,145,31,30,11,217,0,0,10,11,21,145,31,40,22,238,8,0,8,246
07/28/2021,BDL,CT,ANE,EN,Towers with Radar,149,35,39,2,225,0,0,11,14,25,149,35,50,16,250,0,10,10,260
07/29/2021,BDL,CT,ANE,EN,Towers with Radar,158,37,30,0,225,0,0,4,6,10,158,37,34,6,235,0,0,0,235
07/30/2021,BDL,CT,ANE,EN,Towers with Radar,151,42,34,0,227,0,0,24,0,24,151,42,58,0,251,6,0,6,257
07/31/2021,BDL,CT,ANE,EN,Towers with Radar,108,31,11,0,150,0,2,11,0,13,108,33,22,0,163,0,0,0,163
08/01/2021,BDL,CT,ANE,EN,Towers with Radar,133,29,25,0,187,0,0,7,0,7,133,29,32,0,194,0,0,0,194
08/02/2021,BDL,CT,ANE,EN,Towers with Radar,140,47,23,5,215,0,0,5,1,6,140,47,28,6,221,0,0,0,221
08/03/2021,BDL,CT,ANE,EN,Towers with Radar,132,37,31,8,208,0,6,14,17,37,132,43,45,25,245,0,18,18,263
08/04/2021,BDL,CT,ANE,EN,Towers with Radar,131,35,24,7,197,0,0,16,13,29,131,35,40,20,226,12,0,12,238
08/05/2021,BDL,CT,ANE,EN,Towers with Radar,154,40,42,4,240,0,0,4,2,6,154,40,46,6,246,12,0,12,258
08/06/2021,BDL,CT,ANE,EN,Towers with Radar,137,40,22,1,200,0,0,11,0,11,137,40,33,1,211,0,0,0,211
08/07/2021,BDL,CT,ANE,EN,Towers with Radar,116,29,18,2,165,0,0,13,1,14,116,29,31,3,179,0,0,0,179
08/08/2021,BDL,CT,ANE,EN,Towers with Radar,136,28,25,0,189,0,2,17,0,19,136,30,42,0,208,0,0,0,208
08/09/2021,BDL,CT,ANE,EN,Towers with Radar,145,25,15,3,188,0,0,7,1,8,145,25,22,4,196,0,0,0,196
08/10/2021,BDL,CT,ANE,EN,Towers with Radar,156,28,28,10,222,0,0,2,7,9,156,28,30,17,231,0,0,0,231
08/11/2021,BDL,CT,ANE,EN,Towers with Radar,148,39,18,4,209,0,0,12,16,28,148,39,30,20,237,0,6,6,243
08/12/2021,BDL,CT,ANE,EN,Towers with Radar,161,41,23,2,227,0,0,10,8,18,161,41,33,10,245,2,0,2,247
08/13/2021,BDL,CT,ANE,EN,Towers with Radar,151,30,30,0,211,0,0,10,0,10,151,30,40,0,221,0,0,0,221
08/14/2021,BDL,CT,ANE,EN,Towers with Radar,115,27,8,0,150,0,0,1,0,1,115,27,9,0,151,0,0,0,151
08/15/2021,BDL,CT,ANE,EN,Towers with Radar,132,27,13,1,173,0,0,12,0,12,132,27,25,1,185,0,0,0,185
08/16/2021,BDL,CT,ANE,EN,Towers with Radar,149,35,25,5,214,0,0,15,1,16,149,35,40,6,230,14,0,14,244
08/17/2021,BDL,CT,ANE,EN,Towers with Radar,151,38,24,13,226,0,0,10,22,32,151,38,34,35,258,14,0,14,272
08/18/2021,BDL,CT,ANE,EN,Towers with Radar,146,33,18,10,207,0,0,6,25,31,146,33,24,35,238,2,6,8,246
08/19/2021,BDL,CT,ANE,EN,Towers with Radar,173,36,24,0,233,0,0,1,14,15,173,36,25,14,248,0,0,0,248
08/20/2021,BDL,CT,ANE,EN,Towers with Radar,162,35,16,1,214,0,1,4,1,6,162,36,20,2,220,0,0,0,220
08/21/2021,BDL,CT,ANE,EN,Towers with Radar,123,31,20,0,174,0,0,0,0,0,123,31,20,0,174,0,0,0,174
08/22/2021,BDL,CT,ANE,EN,Towers with Radar,53,12,5,0,70,0,0,1,0,1,53,12,6,0,71,0,0,0,71
08/23/2021,BDL,CT,ANE,EN,Towers with Radar,133,24,11,2,170,0,0,0,0,0,133,24,11,2,170,0,0,0,170
08/24/2021,BDL,CT,ANE,EN,Towers with Radar,158,34,26,5,223,0,0,18,18,36,158,34,44,23,259,22,0,22,281
08/25/2021,BDL,CT,ANE,EN,Towers with Radar,146,30,29,9,214,0,0,23,15,38,146,30,52,24,252,16,0,16,268
08/26/2021,BDL,CT,ANE,EN,Towers with Radar,168,32,31,1,232,0,0,10,9,19,168,32,41,10,251,0,0,0,251
08/27/2021,BDL,CT,ANE,EN,Towers with Radar,170,31,22,0,223,0,0,12,0,12,170,31,34,0,235,10,0,10,245
08/28/2021,BDL,CT,ANE,EN,Towers with Radar,129,24,20,0,173,0,0,11,0,11,129,24,31,0,184,0,0,0,184
08/29/2021,BDL,CT,ANE,EN,Towers with Radar,147,33,28,0,208,0,0,3,0,3,147,33,31,0,211,0,0,0,211
08/30/2021,BDL,CT,ANE,EN,Towers with Radar,152,28,38,6,224,0,0,5,2,7,152,28,43,8,231,14,0,14,245
08/31/2021,BDL,CT,ANE,EN,Towers with Radar,153,36,28,6,223,0,0,25,11,36,153,36,53,17,259,46,0,46,305
09/01/2021,BDL,CT,ANE,EN,Towers with Radar,143,37,42,1,223,0,0,3,0,3,143,37,45,1,226,0,0,0,226
09/02/2021,BDL,CT,ANE,EN,Towers with Radar,175,39,36,7,257,0,0,7,6,13,175,39,43,13,270,0,0,0,270
09/03/2021,BDL,CT,ANE,EN,Towers with Radar,163,32,23,1,219,0,0,18,0,18,163,32,41,1,237,0,0,0,237
09/04/2021,BDL,CT,ANE,EN,Towers with Radar,125,24,15,0,164,0,0,9,0,9,125,24,24,0,173,0,0,0,173
09/05/2021,BDL,CT,ANE,EN,Towers with Radar,124,30,17,0,171,0,0,6,0,6,124,30,23,0,177,0,0,0,177
09/06/2021,BDL,CT,ANE,EN,Towers with Radar,135,28,15,0,178,0,0,16,0,16,135,28,31,0,194,0,0,0,194
09/07/2021,BDL,CT,ANE,EN,Towers with Radar,129,26,19,1,175,0,2,35,5,42,129,28,54,6,217,0,0,0,217
09/08/2021,BDL,CT,ANE,EN,Towers with Radar,131,42,31,1,205,0,0,10,10,20,131,42,41,11,225,0,0,0,225
09/09/2021,BDL,CT,ANE,EN,Towers with Radar,162,49,25,3,239,0,0,3,2,5,162,49,28,5,244,0,5,5,249
09/10/2021,BDL,CT,ANE,EN,Towers with Radar,156,42,29,1,228,0,0,7,3,10,156,42,36,4,238,10,0,10,248
09/11/2021,BDL,CT,ANE,EN,Towers with Radar,120,37,19,4,180,0,2,17,12,31,120,39,36,16,211,0,0,0,211
09/12/2021,BDL,CT,ANE,EN,Towers with Radar,140,35,18,1,194,0,0,13,8,21,140,35,31,9,215,0,0,0,215
09/13/2021,BDL,CT,ANE,EN,Towers with Radar,148,38,34,2,222,0,0,11,1,12,148,38,45,3,234,9,0,9,243
09/14/2021,BDL,CT,ANE,EN,Towers with Radar,141,36,20,8,205,0,2,16,8,26,141,38,36,16,231,0,0,0,231
09/15/2021,BDL,CT,ANE,EN,Towers with Radar,133,39,30,3,205,0,0,4,4,8,133,39,34,7,213,2,0,2,215
09/16/2021,BDL,CT,ANE,EN,Towers with Radar,158,46,26,3,233,0,0,2,13,15,158,46,28,16,248,0,0,0,248
09/17/2021,BDL,CT,ANE,EN,Towers with Radar,153,46,30,2,231,0,0,8,0,8,153,46,38,2,239,0,0,0,239
09/18/2021,BDL,CT,ANE,EN,Towers with Radar,120,37,17,3,177,0,0,9,1,10,120,37,26,4,187,0,0,0,187
09/19/2021,BDL,CT,ANE,EN,Towers with Radar,136,42,33,2,213,0,0,22,1,23,136,42,55,3,236,8,0,8,244
09/20/2021,BDL,CT,ANE,EN,Towers with Radar,147,33,29,4,213,0,0,26,0,26,147,33,55,4,239,2,0,2,241
09/21/2021,BDL,CT,ANE,EN,Towers with Radar,132,36,27,2,197,0,0,21,6,27,132,36,48,8,224,0,0,0,224
09/22/2021,BDL,CT,ANE,EN,Towers with Radar,132,48,46,4,230,0,0,1,4,5,132,48,47,8,235,6,10,16,251
09/23/2021,BDL,CT,ANE,EN,Towers with Radar,154,45,34,3,236,0,0,7,3,10,154,45,41,6,246,0,0,0,246
09/24/2021,BDL,CT,ANE,EN,Towers with Radar,156,44,30,0,230,0,0,11,1,12,156,44,41,1,242,2,0,2,244
09/25/2021,BDL,CT,ANE,EN,Towers with Radar,121,49,12,0,182,0,1,10,0,11,121,50,22,0,193,2,0,2,195
09/26/2021,BDL,CT,ANE,EN,Towers with Radar,137,44,12,0,193,0,0,6,0,6,137,44,18,0,199,0,0,0,199
09/27/2021,BDL,CT,ANE,EN,Towers with Radar,145,37,26,0,208,0,0,16,0,16,145,37,42,0,224,0,0,0,224
09/28/2021,BDL,CT,ANE,EN,Towers with Radar,133,38,23,1,195,0,2,6,2,10,133,40,29,3,205,0,0,0,205
09/29/2021,BDL,CT,ANE,EN,Towers with Radar,132,36,28,6,202,0,0,19,5,24,132,36,47,11,226,0,0,0,226
09/30/2021,BDL,CT,ANE,EN,Towers with Radar,157,43,43,0,243,0,0,17,7,24,157,43,60,7,267,0,0,0,267
10/01/2021,BDL,CT,ANE,EN,Towers with Radar,151,44,29,1,225,0,0,15,0,15,151,44,44,1,240,12,0,12,252
10/02/2021,BDL,CT,ANE,EN,Towers with Radar,115,35,16,4,170,0,0,19,2,21,115,35,35,6,191,0,0,0,191
10/03/2021,BDL,CT,ANE,EN,Towers with Radar,143,43,17,0,203,0,1,8,0,9,143,44,25,0,212,0,0,0,212
10/04/2021,BDL,CT,ANE,EN,Towers with Radar,141,38,29,6,214,0,0,0,0,0,141,38,29,6,214,0,0,0,214
10/05/2021,BDL,CT,ANE,EN,Towers with Radar,140,35,43,20,238,0,0,2,0,2,140,35,45,20,240,0,0,0,240
10/06/2021,BDL,CT,ANE,EN,Towers with Radar,140,46,53,21,260,0,1,15,23,39,140,47,68,44,299,0,2,2,301
10/07/2021,BDL,CT,ANE,EN,Towers with Radar,164,34,30,3,231,0,1,7,15,23,164,35,37,18,254,0,0,0,254
10/08/2021,BDL,CT,ANE,EN,Towers with Radar,155,39,29,3,226,0,0,11,1,12,155,39,40,4,238,0,0,0,238
10/09/2021,BDL,CT,ANE,EN,Towers with Radar,128,21,18,0,167,0,0,4,0,4,128,21,22,0,171,0,0,0,171
10/10/2021,BDL,CT,ANE,EN,Towers with Radar,141,34,26,0,201,0,0,0,0,0,141,34,26,0,201,0,0,0,201
10/11/2021,BDL,CT,ANE,EN,Towers with Radar,146,28,42,0,216,0,0,13,0,13,146,28,55,0,229,0,0,0,229
10/12/2021,BDL,CT,ANE,EN,Towers with Radar,148,27,35,4,214,0,0,15,12,27,148,27,50,16,241,10,0,10,251
10/13/2021,BDL,CT,ANE,EN,Towers with Radar,155,40,31,8,234,0,0,4,16,20,155,40,35,24,254,0,0,0,254
10/14/2021,BDL,CT,ANE,EN,Towers with Radar,168,34,32,7,241,0,0,23,16,39,168,34,55,23,280,0,0,0,280
10/15/2021,BDL,CT,ANE,EN,Towers with Radar,160,34,19,6,219,0,0,11,3,14,160,34,30,9,233,0,0,0,233
10/16/2021,BDL,CT,ANE,EN,Towers with Radar,129,41,8,2,180,0,1,1,3,5,129,42,9,5,185,0,0,0,185
10/17/2021,BDL,CT,ANE,EN,Towers with Radar,142,33,15,0,190,0,0,8,0,8,142,33,23,0,198,0,0,0,198
10/18/2021,BDL,CT,ANE,EN,Towers with Radar,152,35,38,7,232,0,2,29,1,32,152,37,67,8,264,10,4,14,278
10/19/2021,BDL,CT,ANE,EN,Towers with Radar,147,38,34,2,221,0,2,20,7,29,147,40,54,9,250,16,0,16,266
10/20/2021,BDL,CT,ANE,EN,Towers with Radar,150,31,31,2,214,0,1,23,16,40,150,32,54,18,254,2,0,2,256
10/21/2021,BDL,CT,ANE,EN,Towers with Radar,171,34,42,0,247,0,0,35,2,37,171,34,77,2,284,0,0,0,284
10/22/2021,BDL,CT,ANE,EN,Towers with Radar,162,29,33,3,227,0,0,21,6,27,162,29,54,9,254,0,0,0,254
10/23/2021,BDL,CT,ANE,EN,Towers with Radar,128,29,17,5,179,0,1,8,13,22,128,30,25,18,201,0,0,0,201
10/24/2021,BDL,CT,ANE,EN,Towers with Radar,138,28,23,4,193,0,2,12,11,25,138,30,35,15,218,0,0,0,218
10/25/2021,BDL,CT,ANE,EN,Towers with Radar,155,45,30,0,230,0,0,1,0,1,155,45,31,0,231,0,0,0,231
10/26/2021,BDL,CT,ANE,EN,Towers with Radar,155,36,23,6,220,0,0,0,0,0,155,36,23,6,220,0,0,0,220
10/27/2021,BDL,CT,ANE,EN,Towers with Radar,152,31,22,2,207,0,0,2,9,11,152,31,24,11,218,0,0,0,218
10/28/2021,BDL,CT,ANE,EN,Towers with Radar,160,29,43,3,235,0,0,25,12,37,160,29,68,15,272,12,0,12,284
10/29/2021,BDL,CT,ANE,EN,Towers with Radar,160,30,19,0,209,0,0,3,2,5,160,30,22,2,214,0,0,0,214
10/30/2021,BDL,CT,ANE,EN,Towers with Radar,117,17,16,0,150,0,0,0,0,0,117,17,16,0,150,0,0,0,150
10/31/2021,BDL,CT,ANE,EN,Towers with Radar,108,25,20,0,153,0,0,7,0,7,108,25,27,0,160,0,0,0,160
11/01/2021,BDL,CT,ANE,EN,Towers with Radar,138,31,29,2,200,0,0,14,5,19,138,31,43,7,219,0,0,0,219
11/02/2021,BDL,CT,ANE,EN,Towers with Radar,135,25,34,2,196,0,0,18,14,32,135,25,52,16,228,0,0,0,228
11/03/2021,BDL,CT,ANE,EN,Towers with Radar,145,29,46,6,226,0,0,33,12,45,145,29,79,18,271,18,0,18,289
11/04/2021,BDL,CT,ANE,EN,Towers with Radar,160,26,37,6,229,0,0,16,13,29,160,26,53,19,258,0,0,0,258
11/05/2021,BDL,CT,ANE,EN,Towers with Radar,149,28,26,2,205,0,0,10,1,11,149,28,36,3,216,0,0,0,216
11/06/2021,BDL,CT,ANE,EN,Towers with Radar,114,24,15,1,154,0,0,10,9,19,114,24,25,10,173,6,0,6,179
11/07/2021,BDL,CT,ANE,EN,Towers with Radar,144,24,15,5,188,0,0,7,1,8,144,24,22,6,196,38,0,38,234
11/08/2021,BDL,CT,ANE,EN,Towers with Radar,136,32,20,3,191,0,3,3,3,9,136,35,23,6,200,18,4,22,222
11/09/2021,BDL,CT,ANE,EN,Towers with Radar,129,24,39,1,193,0,0,21,22,43,129,24,60,23,236,0,0,0,236
11/10/2021,BDL,CT,ANE,EN,Towers with Radar,133,27,43,4,207,0,0,27,14,41,133,27,70,18,248,10,8,18,266
11/11/2021,BDL,CT,ANE,EN,Towers with Radar,158,33,32,0,223,0,2,24,1,27,158,35,56,1,250,8,0,8,258
11/12/2021,BDL,CT,ANE,EN,Towers with Radar,151,32,35,0,218,0,0,1,0,1,151,32,36,0,219,0,0,0,219
11/13/2021,BDL,CT,ANE,EN,Towers with Radar,129,25,18,0,172,0,0,3,0,3,129,25,21,0,175,0,0,0,175
11/14/2021,BDL,CT,ANE,EN,Towers with Radar,142,22,22,0,186,0,0,8,2,10,142,22,30,2,196,0,0,0,196
11/15/2021,BDL,CT,ANE,EN,Towers with Radar,147,22,30,2,201,0,0,2,3,5,147,22,32,5,206,16,0,16,222
11/16/2021,BDL,CT,ANE,EN,Towers with Radar,133,27,28,5,193,0,1,13,16,30,133,28,41,21,223,0,0,0,223
11/17/2021,BDL,CT,ANE,EN,Towers with Radar,144,31,27,4,206,0,0,23,13,36,144,31,50,17,242,0,0,0,242
11/18/2021,BDL,CT,ANE,EN,Towers with Radar,170,28,31,5,234,0,0,14,6,20,170,28,45,11,254,0,0,0,254
11/19/2021,BDL,CT,ANE,EN,Towers with Radar,162,32,22,4,220,0,0,6,7,13,162,32,28,11,233,0,0,0,233
11/20/2021,BDL,CT,ANE,EN,Towers with Radar,134,36,16,4,190,0,0,6,13,19,134,36,22,17,209,0,0,0,209
11/21/2021,BDL,CT,ANE,EN,Towers with Radar,155,26,23,6,210,0,0,9,9,18,155,26,32,15,228,0,0,0,228
11/22/2021,BDL,CT,ANE,EN,Towers with Radar,146,22,20,4,192,0,0,6,6,12,146,22,26,10,204,0,0,0,204
11/23/2021,BDL,CT,ANE,EN,Towers with Radar,164,32,19,1,216,0,1,13,22,36,164,33,32,23,252,0,0,0,252
11/24/2021,BDL,CT,ANE,EN,Towers with Radar,168,27,22,2,219,0,2,14,4,20,168,29,36,6,239,0,0,0,239
11/25/2021,BDL,CT,ANE,EN,Towers with Radar,80,14,2,0,96,0,0,3,0,3,80,14,5,0,99,0,0,0,99
11/26/2021,BDL,CT,ANE,EN,Towers with Radar,117,17,8,0,142,0,0,0,0,0,117,17,8,0,142,0,0,0,142
11/27/2021,BDL,CT,ANE,EN,Towers with Radar,147,23,6,0,176,0,2,4,0,6,147,25,10,0,182,0,0,0,182
11/28/2021,BDL,CT,ANE,EN,Towers with Radar,152,24,20,0,196,0,0,8,0,8,152,24,28,0,204,0,0,0,204
11/29/2021,BDL,CT,ANE,EN,Towers with Radar,153,33,31,2,219,0,2,9,3,14,153,35,40,5,233,0,0,0,233
11/30/2021,BDL,CT,ANE,EN,Towers with Radar,158,22,25,5,210,0,0,20,7,27,158,22,45,12,237,10,4,14,251
12/01/2021,BDL,CT,ANE,EN,Towers with Radar,153,27,50,4,234,0,0,25,19,44,153,27,75,23,278,4,0,4,282
12/02/2021,BDL,CT,ANE,EN,Towers with Radar,161,26,17,3,207,0,0,5,4,9,161,26,22,7,216,0,0,0,216
12/03/2021,BDL,CT,ANE,EN,Towers with Radar,164,25,23,1,213,0,0,4,3,7,164,25,27,4,220,0,0,0,220
12/04/2021,BDL,CT,ANE,EN,Towers with Radar,120,21,15,2,158,0,1,12,4,17,120,22,27,6,175,4,15,19,194
12/05/2021,BDL,CT,ANE,EN,Towers with Radar,144,27,25,2,198,0,1,14,0,15,144,28,39,2,213,0,0,0,213
12/06/2021,BDL,CT,ANE,EN,Towers with Radar,151,28,25,8,212,0,0,2,0,2,151,28,27,8,214,0,0,0,214
12/07/2021,BDL,CT,ANE,EN,Towers with Radar,137,24,32,6,199,0,0,31,10,41,137,24,63,16,240,0,0,0,240
12/08/2021,BDL,CT,ANE,EN,Towers with Radar,138,25,45,5,213,0,0,4,7,11,138,25,49,12,224,0,0,0,224
12/09/2021,BDL,CT,ANE,EN,Towers with Radar,164,31,45,7,247,0,0,16,9,25,164,31,61,16,272,2,2,4,276
12/10/2021,BDL,CT,ANE,EN,Towers with Radar,157,35,24,2,218,0,0,10,4,14,157,35,34,6,232,2,0,2,234
12/11/2021,BDL,CT,ANE,EN,Towers with Radar,123,32,5,1,161,0,0,0,0,0,123,32,5,1,161,0,0,0,161
12/12/2021,BDL,CT,ANE,EN,Towers with Radar,138,15,15,0,168,0,0,6,0,6,138,15,21,0,174,0,0,0,174
12/13/2021,BDL,CT,ANE,EN,Towers with Radar,144,25,34,2,205,0,0,22,3,25,144,25,56,5,230,8,10,18,248
12/14/2021,BDL,CT,ANE,EN,Towers with Radar,136,24,31,10,201,0,0,32,14,46,136,24,63,24,247,2,0,2,249
12/15/2021,BDL,CT,ANE,EN,Towers with Radar,142,43,27,6,218,0,0,19,11,30,142,43,46,17,248,0,18,18,266
12/16/2021,BDL,CT,ANE,EN,Towers with Radar,161,28,32,2,223,0,0,12,16,28,161,28,44,18,251,2,0,2,253
12/17/2021,BDL,CT,ANE,EN,Towers with Radar,162,21,29,1,213,0,0,11,0,11,162,21,40,1,224,11,0,11,235
12/18/2021,BDL,CT,ANE,EN,Towers with Radar,146,31,5,0,182,0,0,0,0,0,146,31,5,0,182,0,0,0,182
12/19/2021,BDL,CT,ANE,EN,Towers with Radar,134,24,22,0,180,0,0,2,0,2,134,24,24,0,182,0,0,0,182
12/20/2021,BDL,CT,ANE,EN,Towers with Radar,149,22,27,2,200,0,0,21,4,25,149,22,48,6,225,0,0,0,225
12/21/2021,BDL,CT,ANE,EN,Towers with Radar,160,25,28,10,223,0,2,16,9,27,160,27,44,19,250,14,0,14,264
12/22/2021,BDL,CT,ANE,EN,Towers with Radar,171,24,21,2,218,0,2,4,4,10,171,26,25,6,228,0,0,0,228
12/23/2021,BDL,CT,ANE,EN,Towers with Radar,164,29,19,2,214,0,0,10,2,12,164,29,29,4,226,0,0,0,226
12/24/2021,BDL,CT,ANE,EN,Towers with Radar,122,21,2,0,145,0,0,0,0,0,122,21,2,0,145,0,0,0,145
12/25/2021,BDL,CT,ANE,EN,Towers with Radar,92,18,6,0,116,0,0,0,0,0,92,18,6,0,116,0,0,0,116
12/26/2021,BDL,CT,ANE,EN,Towers with Radar,121,25,13,0,159,0,0,6,0,6,121,25,19,0,165,0,0,0,165
12/27/2021,BDL,CT,ANE,EN,Towers with Radar,141,27,27,0,195,0,0,9,0,9,141,27,36,0,204,2,0,2,206
12/28/2021,BDL,CT,ANE,EN,Towers with Radar,158,24,30,0,212,0,0,1,2,3,158,24,31,2,215,0,0,0,215
12/29/2021,BDL,CT,ANE,EN,Towers with Radar,155,22,9,2,188,0,0,0,0,0,155,22,9,2,188,0,0,0,188
12/30/2021,BDL,CT,ANE,EN,Towers with Radar,148,30,20,2,200,0,0,0,0,0,148,30,20,2,200,0,0,0,200
12/31/2021,BDL,CT,ANE,EN,Towers with Radar,111,31,16,0,158,0,0,0,0,0,111,31,16,0,158,0,0,0,158
01/01/2022,BDL,CT,ANE,EN,Towers with Radar,81,20,16,0,117,0,0,0,0,0,81,20,16,0,117,0,0,0,117
01/02/2022,BDL,CT,ANE,EN,Towers with Radar,113,19,29,0,161,0,0,0,0,0,113,19,29,0,161,0,0,0,161
01/03/2022,BDL,CT,ANE,EN,Towers with Radar,121,27,17,2,167,0,0,5,0,5,121,27,22,2,172,0,0,0,172
01/04/2022,BDL,CT,ANE,EN,Towers with Radar,123,28,16,10,177,0,0,10,8,18,123,28,26,18,195,0,18,18,213
01/05/2022,BDL,CT,ANE,EN,Towers with Radar,138,21,13,3,175,0,0,0,1,1,138,21,13,4,176,0,2,2,178
01/06/2022,BDL,CT,ANE,EN,Towers with Radar,146,26,21,11,204,0,0,16,19,35,146,26,37,30,239,18,2,20,259
01/07/2022,BDL,CT,ANE,EN,Towers with Radar,132,11,9,0,152,0,0,0,0,0,132,11,9,0,152,0,0,0,152
01/08/2022,BDL,CT,ANE,EN,Towers with Radar,110,15,20,0,145,0,0,10,2,12,110,15,30,2,157,0,0,0,157
01/09/2022,BDL,CT,ANE,EN,Towers with Radar,140,16,10,0,166,0,0,0,0,0,140,16,10,0,166,0,0,0,166
01/10/2022,BDL,CT,ANE,EN,Towers with Radar,143,15,23,3,184,0,0,13,2,15,143,15,36,5,199,6,0,6,205
01/11/2022,BDL,CT,ANE,EN,Towers with Radar,134,19,15,3,171,0,0,17,18,35,134,19,32,21,206,0,8,8,214
01/12/2022,BDL,CT,ANE,EN,Towers with Radar,141,14,15,12,182,0,0,17,13,30,141,14,32,25,212,12,0,12,224
01/13/2022,BDL,CT,ANE,EN,Towers with Radar,154,25,42,5,226,0,0,30,12,42,154,25,72,17,268,4,0,4,272
01/14/2022,BDL,CT,ANE,EN,Towers with Radar,153,23,20,0,196,0,0,5,1,6,153,23,25,1,202,0,0,0,202
01/15/2022,BDL,CT,ANE,EN,Towers with Radar,117,16,13,0,146,0,1,4,0,5,117,17,17,0,151,0,0,0,151
01/16/2022,BDL,CT,ANE,EN,Towers with Radar,100,13,19,0,132,0,0,11,2,13,100,13,30,2,145,0,0,0,145
01/17/2022,BDL,CT,ANE,EN,Towers with Radar,129,15,16,0,160,0,0,0,0,0,129,15,16,0,160,0,0,0,160
01/18/2022,BDL,CT,ANE,EN,Towers with Radar,141,13,18,5,177,0,0,2,7,9,141,13,20,12,186,0,0,0,186
01/19/2022,BDL,CT,ANE,EN,Towers with Radar,137,24,40,15,216,0,0,5,13,18,137,24,45,28,234,12,0,12,246
01/20/2022,BDL,CT,ANE,EN,Towers with Radar,157,25,23,4,209,0,0,6,13,19,157,25,29,17,228,0,0,0,228
01/21/2022,BDL,CT,ANE,EN,Towers with Radar,152,20,33,0,205,0,0,31,0,31,152,20,64,0,236,10,0,10,246
01/22/2022,BDL,CT,ANE,EN,Towers with Radar,112,11,10,0,133,0,0,13,0,13,112,11,23,0,146,0,0,0,146
01/23/2022,BDL,CT,ANE,EN,Towers with Radar,141,17,28,0,186,0,0,14,0,14,141,17,42,0,200,0,0,0,200
01/24/2022,BDL,CT,ANE,EN,Towers with Radar,143,14,15,3,175,0,0,9,4,13,143,14,24,7,188,0,0,0,188
01/25/2022,BDL,CT,ANE,EN,Towers with Radar,132,25,25,13,195,1,1,9,8,19,133,26,34,21,214,0,0,0,214
01/26/2022,BDL,CT,ANE,EN,Towers with Radar,134,21,34,3,192,0,1,19,12,32,134,22,53,15,224,8,0,8,232
01/27/2022,BDL,CT,ANE,EN,Towers with Radar,148,12,35,0,195,0,0,16,6,22,148,12,51,6,217,0,0,0,217
01/28/2022,BDL,CT,ANE,EN,Towers with Radar,132,20,16,0,168,0,0,2,2,4,132,20,18,2,172,0,0,0,172
01/29/2022,BDL,CT,ANE,EN,Towers with Radar,2,0,0,0,2,0,0,0,0,0,2,0,0,0,2,0,0,0,2
01/30/2022,BDL,CT,ANE,EN,Towers with Radar,85,25,30,1,141,0,0,17,13,30,85,25,47,14,171,0,0,0,171
01/31/2022,BDL,CT,ANE,EN,Towers with Radar,133,16,23,2,174,0,0,17,4,21,133,16,40,6,195,4,0,4,199
02/01/2022,BDL,CT,ANE,EN,Towers with Radar,133,23,32,10,198,0,0,15,12,27,133,23,47,22,225,0,8,8,233
02/02/2022,BDL,CT,ANE,EN,Towers with Radar,124,23,31,6,184,0,0,4,8,12,124,23,35,14,196,0,8,8,204
02/03/2022,BDL,CT,ANE,EN,Towers with Radar,140,30,17,0,187,0,0,0,0,0,140,30,17,0,187,0,0,0,187
02/04/2022,BDL,CT,ANE,EN,Towers with Radar,98,4,6,0,108,0,0,0,0,0,98,4,6,0,108,0,0,0,108
02/05/2022,BDL,CT,ANE,EN,Towers with Radar,112,31,10,0,153,0,2,1,0,3,112,33,11,0,156,0,0,0,156
02/06/2022,BDL,CT,ANE,EN,Towers with Radar,140,17,19,0,176,0,0,8,0,8,140,17,27,0,184,0,0,0,184
02/07/2022,BDL,CT,ANE,EN,Towers with Radar,148,21,20,3,192,0,0,0,0,0,148,21,20,3,192,0,0,0,192
02/08/2022,BDL,CT,ANE,EN,Towers with Radar,140,21,25,17,203,0,0,6,14,20,140,21,31,31,223,0,0,0,223
02/09/2022,BDL,CT,ANE,EN,Towers with Radar,135,26,20,9,190,0,0,20,18,38,135,26,40,27,228,0,0,0,228
02/10/2022,BDL,CT,ANE,EN,Towers with Radar,159,30,24,6,219,0,0,9,13,22,159,30,33,19,241,4,0,4,245
02/11/2022,BDL,CT,ANE,EN,Towers with Radar,154,24,18,0,196,0,0,6,0,6,154,24,24,0,202,0,0,0,202
02/12/2022,BDL,CT,ANE,EN,Towers with Radar,128,11,10,0,149,0,0,6,0,6,128,11,16,0,155,0,0,0,155
02/13/2022,BDL,CT,ANE,EN,Towers with Radar,129,12,14,1,156,0,0,0,0,0,129,12,14,1,156,0,0,0,156
02/14/2022,BDL,CT,ANE,EN,Towers with Radar,157,18,25,3,203,0,0,7,3,10,157,18,32,6,213,0,0,0,213
02/15/2022,BDL,CT,ANE,EN,Towers with Radar,139,17,19,17,192,0,0,11,7,18,139,17,30,24,210,0,0,0,210
02/16/2022,BDL,CT,ANE,EN,Towers with Radar,156,14,23,2,195,0,0,6,36,42,156,14,29,38,237,0,0,0,237
02/17/2022,BDL,CT,ANE,EN,Towers with Radar,171,19,18,1,209,0,0,0,0,0,171,19,18,1,209,0,0,0,209
02/18/2022,BDL,CT,ANE,EN,Towers with Radar,176,23,28,1,228,0,0,4,0,4,176,23,32,1,232,0,0,0,232
02/19/2022,BDL,CT,ANE,EN,Towers with Radar,161,15,11,1,188,0,0,0,0,0,161,15,11,1,188,0,0,0,188
02/20/2022,BDL,CT,ANE,EN,Towers with Radar,147,11,24,2,184,0,0,25,0,25,147,11,49,2,209,6,0,6,215
02/21/2022,BDL,CT,ANE,EN,Towers with Radar,169,23,28,0,220,0,1,16,0,17,169,24,44,0,237,20,0,20,257
02/22/2022,BDL,CT,ANE,EN,Towers with Radar,168,22,19,2,211,0,0,0,0,0,168,22,19,2,211,2,0,2,213
02/23/2022,BDL,CT,ANE,EN,Towers with Radar,171,16,21,3,211,0,1,3,22,26,171,17,24,25,237,0,0,0,237
02/24/2022,BDL,CT,ANE,EN,Towers with Radar,157,30,35,2,224,0,1,31,19,51,157,31,66,21,275,18,0,18,293
02/25/2022,BDL,CT,ANE,EN,Towers with Radar,93,12,18,0,123,0,0,0,0,0,93,12,18,0,123,0,0,0,123
02/26/2022,BDL,CT,ANE,EN,Towers with Radar,151,19,15,0,185,0,0,11,7,18,151,19,26,7,203,0,0,0,203
02/27/2022,BDL,CT,ANE,EN,Towers with Radar,162,19,21,4,206,0,0,2,6,8,162,19,23,10,214,0,0,0,214
02/28/2022,BDL,CT,ANE,EN,Towers with Radar,171,18,31,0,220,0,0,12,5,17,171,18,43,5,237,0,0,0,237
03/01/2022,BDL,CT,ANE,EN,Towers with Radar,158,14,34,11,217,0,0,8,13,21,158,14,42,24,238,0,0,0,238
03/02/2022,BDL,CT,ANE,EN,Towers with Radar,163,20,45,7,235,0,0,14,15,29,163,20,59,22,264,0,0,0,264
03/03/2022,BDL,CT,ANE,EN,Towers with Radar,179,21,26,2,228,0,0,12,8,20,179,21,38,10,248,22,0,22,270
03/04/2022,BDL,CT,ANE,EN,Towers with Radar,165,19,20,2,206,0,0,13,3,16,165,19,33,5,222,4,0,4,226
03/05/2022,BDL,CT,ANE,EN,Towers with Radar,126,22,22,1,171,0,0,13,4,17,126,22,35,5,188,0,2,2,190
03/06/2022,BDL,CT,ANE,EN,Towers with Radar,149,23,22,2,196,0,0,1,0,1,149,23,23,2,197,0,0,0,197
03/07/2022,BDL,CT,ANE,EN,Towers with Radar,158,28,33,2,221,0,0,8,1,9,158,28,41,3,230,0,0,0,230
03/08/2022,BDL,CT,ANE,EN,Towers with Radar,150,26,48,7,231,0,0,10,5,15,150,26,58,12,246,0,0,0,246
03/09/2022,BDL,CT,ANE,EN,Towers with Radar,146,28,34,1,209,0,0,0,0,0,146,28,34,1,209,0,0,0,209
03/10/2022,BDL,CT,ANE,EN,Towers with Radar,172,30,29,2,233,0,1,19,13,33,172,31,48,15,266,0,0,0,266
03/11/2022,BDL,CT,ANE,EN,Towers with Radar,157,29,33,1,220,0,0,15,0,15,157,29,48,1,235,7,0,7,242
03/12/2022,BDL,CT,ANE,EN,Towers with Radar,114,18,12,0,144,0,0,0,0,0,114,18,12,0,144,0,0,0,144
03/13/2022,BDL,CT,ANE,EN,Towers with Radar,142,21,21,1,185,1,0,7,0,8,143,21,28,1,193,0,0,0,193
03/14/2022,BDL,CT,ANE,EN,Towers with Radar,156,20,21,0,197,0,0,15,4,19,156,20,36,4,216,0,0,0,216
03/15/2022,BDL,CT,ANE,EN,Towers with Radar,151,21,29,7,208,0,0,17,13,30,151,21,46,20,238,2,0,2,240
03/16/2022,BDL,CT,ANE,EN,Towers with Radar,151,25,37,12,225,0,0,20,19,39,151,25,57,31,264,0,6,6,270
03/17/2022,BDL,CT,ANE,EN,Towers with Radar,169,29,32,4,234,0,0,0,0,0,169,29,32,4,234,0,0,0,234
03/18/2022,BDL,CT,ANE,EN,Towers with Radar,157,24,23,1,205,0,0,7,13,20,157,24,30,14,225,0,0,0,225
03/19/2022,BDL,CT,ANE,EN,Towers with Radar,141,31,25,0,197,0,0,0,0,0,141,31,25,0,197,0,0,0,197
03/20/2022,BDL,CT,ANE,EN,Towers with Radar,154,22,32,6,214,0,0,7,7,14,154,22,39,13,228,0,0,0,228
03/21/2022,BDL,CT,ANE,EN,Towers with Radar,153,28,27,11,219,0,0,5,1,6,153,28,32,12,225,0,0,0,225
03/22/2022,BDL,CT,ANE,EN,Towers with Radar,157,20,32,6,215,0,0,11,7,18,157,20,43,13,233,0,0,0,233
03/23/2022,BDL,CT,ANE,EN,Towers with Radar,148,27,30,3,208,0,0,22,16,38,148,27,52,19,246,0,0,0,246
03/24/2022,BDL,CT,ANE,EN,Towers with Radar,174,21,23,0,218,0,0,0,0,0,174,21,23,0,218,0,0,0,218
03/25/2022,BDL,CT,ANE,EN,Towers with Radar,161,23,30,7,221,0,0,10,11,21,161,23,40,18,242,0,0,0,242
03/26/2022,BDL,CT,ANE,EN,Towers with Radar,138,20,16,2,176,0,0,6,11,17,138,20,22,13,193,0,0,0,193
03/27/2022,BDL,CT,ANE,EN,Towers with Radar,146,28,17,2,193,0,0,1,4,5,146,28,18,6,198,0,0,0,198
03/28/2022,BDL,CT,ANE,EN,Towers with Radar,151,19,22,2,194,0,0,2,2,4,151,19,24,4,198,0,0,0,198
03/29/2022,BDL,CT,ANE,EN,Towers with Radar,152,23,20,4,199,0,1,15,12,28,152,24,35,16,227,6,0,6,233
03/30/2022,BDL,CT,ANE,EN,Towers with Radar,149,30,30,9,218,0,1,24,19,44,149,31,54,28,262,0,0,0,262
03/31/2022,BDL,CT,ANE,EN,Towers with Radar,152,43,25,0,220,0,0,0,0,0,152,43,25,0,220,0,0,0,220
04/01/2022,BDL,CT,ANE,EN,Towers with Radar,145,33,18,2,198,0,0,7,0,7,145,33,25,2,205,0,0,0,205
04/02/2022,BDL,CT,ANE,EN,Towers with Radar,118,22,19,0,159,0,0,12,2,14,118,22,31,2,173,8,0,8,181
04/03/2022,BDL,CT,ANE,EN,Towers with Radar,116,19,20,1,156,0,0,3,0,3,116,19,23,1,159,0,0,0,159
04/04/2022,BDL,CT,ANE,EN,Towers with Radar,135,24,27,4,190,0,0,18,3,21,135,24,45,7,211,0,0,0,211
04/05/2022,BDL,CT,ANE,EN,Towers with Radar,172,18,44,7,241,0,1,22,10,33,172,19,66,17,274,5,0,5,279
04/06/2022,BDL,CT,ANE,EN,Towers with Radar,175,30,33,11,249,0,0,0,3,3,175,30,33,14,252,0,0,0,252
04/07/2022,BDL,CT,ANE,EN,Towers with Radar,168,37,39,4,248,0,0,1,1,2,168,37,40,5,250,0,0,0,250
04/08/2022,BDL,CT,ANE,EN,Towers with Radar,164,38,44,0,246,0,0,8,2,10,164,38,52,2,256,0,0,0,256
04/09/2022,BDL,CT,ANE,EN,Towers with Radar,136,24,17,0,177,0,0,5,0,5,136,24,22,0,182,0,0,0,182
04/10/2022,BDL,CT,ANE,EN,Towers with Radar,154,18,19,0,191,0,0,4,0,4,154,18,23,0,195,0,0,0,195
04/11/2022,BDL,CT,ANE,EN,Towers with Radar,164,28,34,2,228,0,0,21,7,28,164,28,55,9,256,0,6,6,262
04/12/2022,BDL,CT,ANE,EN,Towers with Radar,171,18,30,4,223,0,0,8,6,14,171,18,38,10,237,0,0,0,237
04/13/2022,BDL,CT,ANE,EN,Towers with Radar,178,21,31,7,237,0,0,23,11,34,178,21,54,18,271,0,0,0,271
04/14/2022,BDL,CT,ANE,EN,Towers with Radar,170,28,22,5,225,0,0,7,4,11,170,28,29,9,236,0,0,0,236
04/15/2022,BDL,CT,ANE,EN,Towers with Radar,169,22,23,4,218,0,0,14,0,14,169,22,37,4,232,4,0,4,236
04/16/2022,BDL,CT,ANE,EN,Towers with Radar,146,28,9,0,183,0,1,0,0,1,146,29,9,0,184,0,0,0,184
04/17/2022,BDL,CT,ANE,EN,Towers with Radar,157,16,12,0,185,0,0,6,0,6,157,16,18,0,191,0,0,0,191
04/18/2022,BDL,CT,ANE,EN,Towers with Radar,163,27,18,0,208,0,0,9,2,11,163,27,27,2,219,0,0,0,219
04/19/2022,BDL,CT,ANE,EN,Towers with Radar,180,22,20,7,229,0,0,6,5,11,180,22,26,12,240,0,0,0,240
04/20/2022,BDL,CT,ANE,EN,Towers with Radar,171,26,19,9,225,0,0,12,20,32,171,26,31,29,257,0,0,0,257
04/21/2022,BDL,CT,ANE,EN,Towers with Radar,179,46,19,4,248,0,0,14,9,23,179,46,33,13,271,0,0,0,271
04/22/2022,BDL,CT,ANE,EN,Towers with Radar,162,30,28,3,223,0,2,17,15,34,162,32,45,18,257,6,0,6,263
04/23/2022,BDL,CT,ANE,EN,Towers with Radar,143,17,21,3,184,0,3,23,18,44,143,20,44,21,228,16,0,16,244
04/24/2022,BDL,CT,ANE,EN,Towers with Radar,145,13,32,2,192,0,0,14,3,17,145,13,46,5,209,0,0,0,209
04/25/2022,BDL,CT,ANE,EN,Towers with Radar,158,22,26,2,208,0,0,16,2,18,158,22,42,4,226,0,0,0,226
04/26/2022,BDL,CT,ANE,EN,Towers with Radar,173,49,33,12,267,0,0,3,0,3,173,49,36,12,270,0,0,0,270
04/27/2022,BDL,CT,ANE,EN,Towers with Radar,169,31,25,5,230,0,0,8,11,19,169,31,33,16,249,10,0,10,259
04/28/2022,BDL,CT,ANE,EN,Towers with Radar,171,25,16,5,217,0,0,7,14,21,171,25,23,19,238,0,0,0,238
04/29/2022,BDL,CT,ANE,EN,Towers with Radar,169,19,25,0,213,0,0,2,1,3,169,19,27,1,216,0,0,0,216
04/30/2022,BDL,CT,ANE,EN,Towers with Radar,150,21,20,2,193,0,0,12,0,12,150,21,32,2,205,0,0,0,205
05/01/2022,BDL,CT,ANE,EN,Towers with Radar,147,21,24,2,194,0,1,12,0,13,147,22,36,2,207,0,0,0,207
05/02/2022,BDL,CT,ANE,EN,Towers with Radar,153,16,23,2,194,0,0,11,2,13,153,16,34,4,207,0,0,0,207
05/03/2022,BDL,CT,ANE,EN,Towers with Radar,166,18,45,8,237,0,0,5,2,7,166,18,50,10,244,0,0,0,244
05/04/2022,BDL,CT,ANE,EN,Towers with Radar,157,23,25,12,217,0,0,0,0,0,157,23,25,12,217,0,0,0,217
05/05/2022,BDL,CT,ANE,EN,Towers with Radar,161,40,33,4,238,0,0,22,18,40,161,40,55,22,278,0,0,0,278
05/06/2022,BDL,CT,ANE,EN,Towers with Radar,162,21,25,0,208,0,0,9,2,11,162,21,34,2,219,0,0,0,219
05/07/2022,BDL,CT,ANE,EN,Towers with Radar,133,18,14,0,165,0,0,1,0,1,133,18,15,0,166,0,0,0,166
05/08/2022,BDL,CT,ANE,EN,Towers with Radar,146,14,18,0,178,0,0,4,0,4,146,14,22,0,182,0,0,0,182
05/09/2022,BDL,CT,ANE,EN,Towers with Radar,149,25,33,2,209,0,1,7,2,10,149,26,40,4,219,0,0,0,219
05/10/2022,BDL,CT,ANE,EN,Towers with Radar,158,30,26,4,218,0,0,4,10,14,158,30,30,14,232,0,0,0,232
05/11/2022,BDL,CT,ANE,EN,Towers with Radar,155,19,23,2,199,0,0,15,13,28,155,19,38,15,227,0,0,0,227
05/12/2022,BDL,CT,ANE,EN,Towers with Radar,171,31,27,4,233,0,0,6,12,18,171,31,33,16,251,0,0,0,251
05/13/2022,BDL,CT,ANE,EN,Towers with Radar,162,28,13,2,205,0,0,3,0,3,162,28,16,2,208,0,0,0,208
05/14/2022,BDL,CT,ANE,EN,Towers with Radar,129,16,27,0,172,0,0,1,3,4,129,16,28,3,176,2,0,2,178
05/15/2022,BDL,CT,ANE,EN,Towers with Radar,149,16,37,0,202,0,0,2,0,2,149,16,39,0,204,0,0,0,204
05/16/2022,BDL,CT,ANE,EN,Towers with Radar,152,14,28,1,195,0,0,2,1,3,152,14,30,2,198,0,0,0,198
05/17/2022,BDL,CT,ANE,EN,Towers with Radar,161,30,21,10,222,0,0,4,5,9,161,30,25,15,231,1,0,1,232
05/18/2022,BDL,CT,ANE,EN,Towers with Radar,153,23,29,5,210,0,0,17,18,35,153,23,46,23,245,0,0,0,245
05/19/2022,BDL,CT,ANE,EN,Towers with Radar,162,18,40,0,220,0,0,2,4,6,162,18,42,4,226,0,0,0,226
05/20/2022,BDL,CT,ANE,EN,Towers with Radar,166,27,28,3,224,0,0,8,5,13,166,27,36,8,237,0,0,0,237
05/21/2022,BDL,CT,ANE,EN,Towers with Radar,126,12,15,4,157,0,0,7,8,15,126,12,22,12,172,11,0,11,183
05/22/2022,BDL,CT,ANE,EN,Towers with Radar,134,12,13,1,160,0,0,1,7,8,134,12,14,8,168,0,0,0,168
05/23/2022,BDL,CT,ANE,EN,Towers with Radar,154,24,29,2,209,0,0,18,0,18,154,24,47,2,227,6,0,6,233
05/24/2022,BDL,CT,ANE,EN,Towers with Radar,157,16,27,6,206,0,1,20,13,34,157,17,47,19,240,2,0,2,242
05/25/2022,BDL,CT,ANE,EN,Towers with Radar,153,14,24,10,201,0,2,12,18,32,153,16,36,28,233,0,0,0,233
05/26/2022,BDL,CT,ANE,EN,Towers with Radar,163,35,32,2,232,0,1,10,14,25,163,36,42,16,257,0,0,0,257
05/27/2022,BDL,CT,ANE,EN,Towers with Radar,145,35,27,0,207,0,0,0,0,0,145,35,27,0,207,0,0,0,207
05/28/2022,BDL,CT,ANE,EN,Towers with Radar,119,27,12,0,158,0,0,0,0,0,119,27,12,0,158,0,0,0,158
05/29/2022,BDL,CT,ANE,EN,Towers with Radar,129,25,11,0,165,0,0,5,0,5,129,25,16,0,170,0,0,0,170
05/30/2022,BDL,CT,ANE,EN,Towers with Radar,131,30,24,0,185,0,0,19,10,29,131,30,43,10,214,0,0,0,214
05/31/2022,BDL,CT,ANE,EN,Towers with Radar,138,37,25,3,203,0,1,12,7,20,138,38,37,10,223,0,0,0,223
06/01/2022,BDL,CT,ANE,EN,Towers with Radar,141,18,24,5,188,0,0,8,5,13,141,18,32,10,201,4,0,4,205
06/02/2022,BDL,CT,ANE,EN,Towers with Radar,157,40,32,14,243,0,0,2,8,10,157,40,34,22,253,0,0,0,253
06/03/2022,BDL,CT,ANE,EN,Towers with Radar,148,35,21,4,208,0,0,5,2,7,148,35,26,6,215,0,0,0,215
06/04/2022,BDL,CT,ANE,EN,Towers with Radar,127,20,13,1,161,0,0,11,1,12,127,20,24,2,173,6,0,6,179
06/05/2022,BDL,CT,ANE,EN,Towers with Radar,127,34,17,2,180,0,1,11,1,13,127,35,28,3,193,0,0,0,193
06/06/2022,BDL,CT,ANE,EN,Towers with Radar,138,29,27,1,195,0,2,15,3,20,138,31,42,4,215,0,0,0,215
06/07/2022,BDL,CT,ANE,EN,Towers with Radar,142,27,18,6,193,0,1,15,15,31,142,28,33,21,224,0,0,0,224
06/08/2022,BDL,CT,ANE,EN,Towers with Radar,147,31,22,9,209,0,0,20,11,31,147,31,42,20,240,3,0,3,243
06/09/2022,BDL,CT,ANE,EN,Towers with Radar,151,33,41,5,230,0,0,7,3,10,151,33,48,8,240,20,0,20,260
06/10/2022,BDL,CT,ANE,EN,Towers with Radar,145,34,42,0,221,0,2,29,2,33,145,36,71,2,254,0,0,0,254
06/11/2022,BDL,CT,ANE,EN,Towers with Radar,123,34,14,2,173,0,0,15,2,17,123,34,29,4,190,0,0,0,190
06/12/2022,BDL,CT,ANE,EN,Towers with Radar,130,27,24,1,182,0,0,4,7,11,130,27,28,8,193,0,0,0,193
06/13/2022,BDL,CT,ANE,EN,Towers with Radar,144,23,25,3,195,0,0,8,16,24,144,23,33,19,219,0,0,0,219
06/14/2022,BDL,CT,ANE,EN,Towers with Radar,150,32,32,7,221,0,0,19,15,34,150,32,51,22,255,0,0,0,255
06/15/2022,BDL,CT,ANE,EN,Towers with Radar,153,28,38,2,221,0,1,22,18,41,153,29,60,20,262,0,0,0,262
06/16/2022,BDL,CT,ANE,EN,Towers with Radar,144,22,32,3,201,0,0,12,13,25,144,22,44,16,226,0,0,0,226
06/17/2022,BDL,CT,ANE,EN,Towers with Radar,143,30,20,4,197,0,0,5,9,14,143,30,25,13,211,0,0,0,211
06/18/2022,BDL,CT,ANE,EN,Towers with Radar,131,26,23,1,181,0,0,3,14,17,131,26,26,15,198,0,0,0,198
06/19/2022,BDL,CT,ANE,EN,Towers with Radar,127,22,25,1,175,0,4,13,11,28,127,26,38,12,203,0,0,0,203
06/20/2022,BDL,CT,ANE,EN,Towers with Radar,142,29,33,5,209,0,2,21,17,40,142,31,54,22,249,0,0,0,249
06/21/2022,BDL,CT,ANE,EN,Towers with Radar,142,37,33,5,217,0,3,22,15,40,142,40,55,20,257,0,0,0,257
06/22/2022,BDL,CT,ANE,EN,Towers with Radar,139,30,27,13,209,0,0,3,1,4,139,30,30,14,213,0,0,0,213
06/23/2022,BDL,CT,ANE,EN,Towers with Radar,158,31,40,8,237,0,0,13,15,28,158,31,53,23,265,0,0,0,265
06/24/2022,BDL,CT,ANE,EN,Towers with Radar,142,31,26,2,201,0,0,18,5,23,142,31,44,7,224,0,0,0,224
06/25/2022,BDL,CT,ANE,EN,Towers with Radar,128,22,20,1,171,0,1,12,2,15,128,23,32,3,186,0,0,0,186
06/26/2022,BDL,CT,ANE,EN,Towers with Radar,125,35,22,2,184,0,1,19,0,20,125,36,41,2,204,2,0,2,206
06/27/2022,BDL,CT,ANE,EN,Towers with Radar,131,31,24,4,190,0,1,2,2,5,131,32,26,6,195,0,0,0,195
06/28/2022,BDL,CT,ANE,EN,Towers with Radar,147,29,23,3,202,0,1,23,15,39,147,30,46,18,241,6,4,10,251
06/29/2022,BDL,CT,ANE,EN,Towers with Radar,153,28,39,7,227,0,1,28,13,42,153,29,67,20,269,0,0,0,269
06/30/2022,BDL,CT,ANE,EN,Towers with Radar,145,38,27,2,212,0,0,12,11,23,145,38,39,13,235,0,0,0,235
07/01/2022,BDL,CT,ANE,EN,Towers with Radar,150,28,14,0,192,0,0,10,0,10,150,28,24,0,202,0,0,0,202
07/02/2022,BDL,CT,ANE,EN,Towers with Radar,131,16,23,0,170,0,0,4,0,4,131,16,27,0,174,0,0,0,174
07/03/2022,BDL,CT,ANE,EN,Towers with Radar,113,18,7,0,138,0,1,8,0,9,113,19,15,0,147,4,0,4,151
07/04/2022,BDL,CT,ANE,EN,Towers with Radar,127,17,8,0,152,0,1,7,0,8,127,18,15,0,160,0,0,0,160
07/05/2022,BDL,CT,ANE,EN,Towers with Radar,121,27,24,3,175,0,3,12,9,24,121,30,36,12,199,0,0,0,199
07/06/2022,BDL,CT,ANE,EN,Towers with Radar,148,31,22,13,214,0,0,16,10,26,148,31,38,23,240,0,0,0,240
07/07/2022,BDL,CT,ANE,EN,Towers with Radar,159,26,29,3,217,0,0,12,11,23,159,26,41,14,240,2,4,6,246
07/08/2022,BDL,CT,ANE,EN,Towers with Radar,146,22,22,2,192,0,0,14,0,14,146,22,36,2,206,0,0,0,206
07/09/2022,BDL,CT,ANE,EN,Towers with Radar,135,17,19,0,171,0,0,17,0,17,135,17,36,0,188,7,0,7,195
07/10/2022,BDL,CT,ANE,EN,Towers with Radar,132,26,23,0,181,0,0,13,0,13,132,26,36,0,194,0,0,0,194
07/11/2022,BDL,CT,ANE,EN,Towers with Radar,147,26,23,11,207,0,3,22,2,27,147,29,45,13,234,0,0,0,234
07/12/2022,BDL,CT,ANE,EN,Towers with Radar,156,28,29,15,228,0,0,6,8,14,156,28,35,23,242,0,0,0,242
07/13/2022,BDL,CT,ANE,EN,Towers with Radar,157,26,21,7,211,0,2,12,17,31,157,28,33,24,242,0,2,2,244
07/14/2022,BDL,CT,ANE,EN,Towers with Radar,161,26,24,4,215,0,0,9,12,21,161,26,33,16,236,0,0,0,236
07/15/2022,BDL,CT,ANE,EN,Towers with Radar,151,21,14,0,186,0,2,19,4,25,151,23,33,4,211,0,0,0,211
07/16/2022,BDL,CT,ANE,EN,Towers with Radar,138,20,29,2,189,0,0,13,0,13,138,20,42,2,202,0,0,0,202
07/17/2022,BDL,CT,ANE,EN,Towers with Radar,123,24,21,0,168,0,0,5,0,5,123,24,26,0,173,6,0,6,179
07/18/2022,BDL,CT,ANE,EN,Towers with Radar,144,25,23,2,194,0,0,0,0,0,144,25,23,2,194,0,0,0,194
07/19/2022,BDL,CT,ANE,EN,Towers with Radar,153,32,25,9,219,0,0,14,17,31,153,32,39,26,250,0,0,0,250
07/20/2022,BDL,CT,ANE,EN,Towers with Radar,159,31,41,7,238,0,0,18,22,40,159,31,59,29,278,2,2,4,282
07/21/2022,BDL,CT,ANE,EN,Towers with Radar,161,30,24,1,216,0,2,6,11,19,161,32,30,12,235,0,0,0,235
07/22/2022,BDL,CT,ANE,EN,Towers with Radar,160,24,28,0,212,0,0,20,2,22,160,24,48,2,234,0,0,0,234
07/23/2022,BDL,CT,ANE,EN,Towers with Radar,136,20,9,2,167,0,0,8,24,32,136,20,17,26,199,2,0,2,201
07/24/2022,BDL,CT,ANE,EN,Towers with Radar,131,23,15,4,173,0,2,12,2,16,131,25,27,6,189,0,0,0,189
07/25/2022,BDL,CT,ANE,EN,Towers with Radar,154,24,27,2,207,0,0,2,2,4,154,24,29,4,211,2,0,2,213
07/26/2022,BDL,CT,ANE,EN,Towers with Radar,156,26,17,11,210,0,1,10,19,30,156,27,27,30,240,0,2,2,242
07/27/2022,BDL,CT,ANE,EN,Towers with Radar,160,32,18,11,221,0,1,21,26,48,160,33,39,37,269,0,7,7,276
07/28/2022,BDL,CT,ANE,EN,Towers with Radar,156,29,26,0,211,0,1,7,11,19,156,30,33,11,230,0,0,0,230
07/29/2022,BDL,CT,ANE,EN,Towers with Radar,164,22,15,0,201,0,5,15,3,23,164,27,30,3,224,3,0,3,227
07/30/2022,BDL,CT,ANE,EN,Towers with Radar,137,22,11,1,171,0,1,10,0,11,137,23,21,1,182,4,0,4,186
07/31/2022,BDL,CT,ANE,EN,Towers with Radar,129,22,12,0,163,0,0,14,0,14,129,22,26,0,177,0,0,0,177
08/01/2022,BDL,CT,ANE,EN,Towers with Radar,157,27,21,6,211,0,0,8,2,10,157,27,29,8,221,0,0,0,221
08/02/2022,BDL,CT,ANE,EN,Towers with Radar,158,19,22,9,208,0,0,11,7,18,158,19,33,16,226,0,0,0,226
08/03/2022,BDL,CT,ANE,EN,Towers with Radar,149,35,21,9,214,0,0,25,11,36,149,35,46,20,250,6,0,6,256
08/04/2022,BDL,CT,ANE,EN,Towers with Radar,164,22,25,5,216,0,0,14,6,20,164,22,39,11,236,0,0,0,236
08/05/2022,BDL,CT,ANE,EN,Towers with Radar,157,30,13,0,200,0,0,10,1,11,157,30,23,1,211,0,0,0,211
08/06/2022,BDL,CT,ANE,EN,Towers with Radar,144,18,13,0,175,0,3,9,1,13,144,21,22,1,188,0,0,0,188
08/07/2022,BDL,CT,ANE,EN,Towers with Radar,140,26,18,0,184,0,0,5,1,6,140,26,23,1,190,0,0,0,190
08/08/2022,BDL,CT,ANE,EN,Towers with Radar,151,33,17,2,203,0,1,17,4,22,151,34,34,6,225,0,0,0,225
08/09/2022,BDL,CT,ANE,EN,Towers with Radar,176,31,29,2,238,0,0,6,4,10,176,31,35,6,248,0,0,0,248
08/10/2022,BDL,CT,ANE,EN,Towers with Radar,156,28,18,3,205,0,0,10,8,18,156,28,28,11,223,0,0,0,223
08/11/2022,BDL,CT,ANE,EN,Towers with Radar,161,27,20,7,215,0,0,5,8,13,161,27,25,15,228,0,0,0,228
08/12/2022,BDL,CT,ANE,EN,Towers with Radar,155,26,21,0,202,0,2,9,0,11,155,28,30,0,213,0,0,0,213
08/13/2022,BDL,CT,ANE,EN,Towers with Radar,140,24,14,0,178,0,3,21,0,24,140,27,35,0,202,0,0,0,202
08/14/2022,BDL,CT,ANE,EN,Towers with Radar,136,18,7,0,161,0,0,6,0,6,136,18,13,0,167,0,0,0,167
08/15/2022,BDL,CT,ANE,EN,Towers with Radar,154,37,29,1,221,0,0,24,3,27,154,37,53,4,248,0,0,0,248
08/16/2022,BDL,CT,ANE,EN,Towers with Radar,161,35,25,2,223,0,1,16,10,27,161,36,41,12,250,0,10,10,260
08/17/2022,BDL,CT,ANE,EN,Towers with Radar,166,40,27,1,234,0,1,12,10,23,166,41,39,11,257,0,0,0,257
08/18/2022,BDL,CT,ANE,EN,Towers with Radar,160,27,19,8,214,0,0,10,7,17,160,27,29,15,231,0,0,0,231
08/19/2022,BDL,CT,ANE,EN,Towers with Radar,158,19,19,4,200,0,0,10,1,11,158,19,29,5,211,0,0,0,211
08/20/2022,BDL,CT,ANE,EN,Towers with Radar,139,14,11,0,164,0,0,3,0,3,139,14,14,0,167,0,0,0,167
08/21/2022,BDL,CT,ANE,EN,Towers with Radar,135,17,13,1,166,0,0,4,0,4,135,17,17,1,170,0,0,0,170
08/22/2022,BDL,CT,ANE,EN,Towers with Radar,150,51,16,0,217,0,0,1,3,4,150,51,17,3,221,0,0,0,221
08/23/2022,BDL,CT,ANE,EN,Towers with Radar,167,39,19,7,232,0,0,0,3,3,167,39,19,10,235,0,0,0,235
08/24/2022,BDL,CT,ANE,EN,Towers with Radar,161,33,28,9,231,0,0,13,13,26,161,33,41,22,257,13,0,13,270
08/25/2022,BDL,CT,ANE,EN,Towers with Radar,165,26,23,9,223,0,0,19,7,26,165,26,42,16,249,10,0,10,259
08/26/2022,BDL,CT,ANE,EN,Towers with Radar,159,27,19,0,205,0,0,6,0,6,159,27,25,0,211,0,0,0,211
08/27/2022,BDL,CT,ANE,EN,Towers with Radar,146,22,21,0,189,0,0,5,2,7,146,22,26,2,196,0,0,0,196
08/28/2022,BDL,CT,ANE,EN,Towers with Radar,135,19,28,0,182,0,0,1,0,1,135,19,29,0,183,0,0,0,183
08/29/2022,BDL,CT,ANE,EN,Towers with Radar,154,30,24,3,211,0,0,15,1,16,154,30,39,4,227,0,0,0,227
08/30/2022,BDL,CT,ANE,EN,Towers with Radar,156,23,29,5,213,0,0,8,5,13,156,23,37,10,226,0,0,0,226
08/31/2022,BDL,CT,ANE,EN,Towers with Radar,168,24,34,2,228,0,0,20,10,30,168,24,54,12,258,18,0,18,276
09/01/2022,BDL,CT,ANE,EN,Towers with Radar,166,35,31,4,236,0,3,24,8,35,166,38,55,12,271,0,0,0,271
09/02/2022,BDL,CT,ANE,EN,Towers with Radar,166,32,19,0,217,0,0,17,0,17,166,32,36,0,234,0,0,0,234
09/03/2022,BDL,CT,ANE,EN,Towers with Radar,133,15,25,0,173,0,0,14,1,15,133,15,39,1,188,4,0,4,192
09/04/2022,BDL,CT,ANE,EN,Towers with Radar,123,18,10,1,152,0,0,7,0,7,123,18,17,1,159,0,0,0,159
09/05/2022,BDL,CT,ANE,EN,Towers with Radar,150,32,21,0,203,0,0,0,0,0,150,32,21,0,203,0,0,0,203
09/06/2022,BDL,CT,ANE,EN,Towers with Radar,148,35,27,1,211,0,0,0,0,0,148,35,27,1,211,0,0,0,211
09/07/2022,BDL,CT,ANE,EN,Towers with Radar,153,31,35,11,230,0,0,8,18,26,153,31,43,29,256,9,0,9,265
09/08/2022,BDL,CT,ANE,EN,Towers with Radar,160,31,29,5,225,0,2,22,17,41,160,33,51,22,266,0,0,0,266
09/09/2022,BDL,CT,ANE,EN,Towers with Radar,148,39,31,0,218,0,0,21,2,23,148,39,52,2,241,0,0,0,241
09/10/2022,BDL,CT,ANE,EN,Towers with Radar,131,26,27,2,186,0,1,27,9,37,131,27,54,11,223,0,0,0,223
09/11/2022,BDL,CT,ANE,EN,Towers with Radar,137,37,16,1,191,0,1,7,1,9,137,38,23,2,200,0,0,0,200
09/12/2022,BDL,CT,ANE,EN,Towers with Radar,149,25,44,7,225,0,0,3,1,4,149,25,47,8,229,0,0,0,229
09/13/2022,BDL,CT,ANE,EN,Towers with Radar,150,45,24,0,219,0,0,3,0,3,150,45,27,0,222,18,0,18,240
09/14/2022,BDL,CT,ANE,EN,Towers with Radar,160,45,19,5,229,0,0,18,14,32,160,45,37,19,261,0,0,0,261
09/15/2022,BDL,CT,ANE,EN,Towers with Radar,167,28,32,4,231,0,0,40,15,55,167,28,72,19,286,6,0,6,292
09/16/2022,BDL,CT,ANE,EN,Towers with Radar,156,35,18,1,210,0,0,20,0,20,156,35,38,1,230,0,0,0,230
09/17/2022,BDL,CT,ANE,EN,Towers with Radar,130,31,19,0,180,0,1,7,0,8,130,32,26,0,188,0,0,0,188
09/18/2022,BDL,CT,ANE,EN,Towers with Radar,136,35,18,0,189,0,0,13,0,13,136,35,31,0,202,0,0,0,202
09/19/2022,BDL,CT,ANE,EN,Towers with Radar,151,38,28,3,220,0,0,5,3,8,151,38,33,6,228,0,0,0,228
09/20/2022,BDL,CT,ANE,EN,Towers with Radar,149,41,40,3,233,0,0,4,10,14,149,41,44,13,247,0,0,0,247
09/21/2022,BDL,CT,ANE,EN,Towers with Radar,159,43,27,4,233,0,0,18,17,35,159,43,45,21,268,0,0,0,268
09/22/2022,BDL,CT,ANE,EN,Towers with Radar,154,45,26,1,226,0,0,4,0,4,154,45,30,1,230,0,0,0,230
09/23/2022,BDL,CT,ANE,EN,Towers with Radar,161,35,26,0,222,0,2,10,0,12,161,37,36,0,234,4,0,4,238
09/24/2022,BDL,CT,ANE,EN,Towers with Radar,128,25,14,1,168,0,0,15,0,15,128,25,29,1,183,9,0,9,192
09/25/2022,BDL,CT,ANE,EN,Towers with Radar,145,33,16,0,194,0,0,17,0,17,145,33,33,0,211,0,0,0,211
09/26/2022,BDL,CT,ANE,EN,Towers with Radar,148,32,28,3,211,0,0,9,3,12,148,32,37,6,223,0,0,0,223
09/27/2022,BDL,CT,ANE,EN,Towers with Radar,155,31,34,1,221,0,0,18,4,22,155,31,52,5,243,2,0,2,245
09/28/2022,BDL,CT,ANE,EN,Towers with Radar,137,34,39,0,210,0,1,27,4,32,137,35,66,4,242,6,0,6,248
09/29/2022,BDL,CT,ANE,EN,Towers with Radar,146,29,14,0,189,0,0,15,6,21,146,29,29,6,210,0,0,0,210
09/30/2022,BDL,CT,ANE,EN,Towers with Radar,144,36,21,0,201,0,0,14,0,14,144,36,35,0,215,11,0,11,226
10/01/2022,BDL,CT,ANE,EN,Towers with Radar,123,25,16,0,164,0,0,2,0,2,123,25,18,0,166,0,0,0,166
10/02/2022,BDL,CT,ANE,EN,Towers with Radar,132,24,15,5,176,0,0,5,1,6,132,24,20,6,182,0,0,0,182
10/03/2022,BDL,CT,ANE,EN,Towers with Radar,150,25,15,0,190,0,0,12,3,15,150,25,27,3,205,0,0,0,205
10/04/2022,BDL,CT,ANE,EN,Towers with Radar,153,26,23,7,209,0,0,5,8,13,153,26,28,15,222,0,0,0,222
10/05/2022,BDL,CT,ANE,EN,Towers with Radar,156,33,18,7,214,0,0,3,4,7,156,33,21,11,221,0,0,0,221
10/06/2022,BDL,CT,ANE,EN,Towers with Radar,169,28,27,3,227,0,0,19,17,36,169,28,46,20,263,6,1,7,270
10/07/2022,BDL,CT,ANE,EN,Towers with Radar,170,24,32,0,226,0,0,16,4,20,170,24,48,4,246,0,0,0,246
10/08/2022,BDL,CT,ANE,EN,Towers with Radar,137,24,13,0,174,0,1,12,2,15,137,25,25,2,189,3,0,3,192
10/09/2022,BDL,CT,ANE,EN,Towers with Radar,151,25,22,0,198,0,2,17,0,19,151,27,39,0,217,0,0,0,217
10/10/2022,BDL,CT,ANE,EN,Towers with Radar,158,31,23,0,212,0,0,10,0,10,158,31,33,0,222,0,0,0,222
10/11/2022,BDL,CT,ANE,EN,Towers with Radar,159,25,28,2,214,0,1,10,11,22,159,26,38,13,236,0,0,0,236
10/12/2022,BDL,CT,ANE,EN,Towers with Radar,160,29,42,7,238,0,1,26,12,39,160,30,68,19,277,0,0,0,277
10/13/2022,BDL,CT,ANE,EN,Towers with Radar,175,42,40,0,257,0,1,4,6,11,175,43,44,6,268,0,0,0,268
10/14/2022,BDL,CT,ANE,EN,Towers with Radar,169,49,28,4,250,0,0,6,8,14,169,49,34,12,264,0,0,0,264
10/15/2022,BDL,CT,ANE,EN,Towers with Radar,143,27,18,0,188,0,0,20,0,20,143,27,38,0,208,8,0,8,216
10/16/2022,BDL,CT,ANE,EN,Towers with Radar,149,25,35,2,211,0,0,28,0,28,149,25,63,2,239,0,0,0,239
10/17/2022,BDL,CT,ANE,EN,Towers with Radar,156,27,39,0,222,0,2,2,2,6,156,29,41,2,228,0,0,0,228
10/18/2022,BDL,CT,ANE,EN,Towers with Radar,160,37,41,6,244,0,0,10,8,18,160,37,51,14,262,0,0,0,262
10/19/2022,BDL,CT,ANE,EN,Towers with Radar,161,39,20,6,226,0,1,16,12,29,161,40,36,18,255,5,4,9,264
10/20/2022,BDL,CT,ANE,EN,Towers with Radar,169,33,17,1,220,0,0,8,8,16,169,33,25,9,236,0,8,8,244
10/21/2022,BDL,CT,ANE,EN,Towers with Radar,166,23,22,2,213,0,0,21,9,30,166,23,43,11,243,0,0,0,243
10/22/2022,BDL,CT,ANE,EN,Towers with Radar,136,24,11,1,172,0,0,11,3,14,136,24,22,4,186,0,0,0,186
10/23/2022,BDL,CT,ANE,EN,Towers with Radar,145,30,15,3,193,0,0,0,5,5,145,30,15,8,198,0,0,0,198
10/24/2022,BDL,CT,ANE,EN,Towers with Radar,153,49,40,0,242,0,0,0,0,0,153,49,40,0,242,0,0,0,242
10/25/2022,BDL,CT,ANE,EN,Towers with Radar,152,36,49,2,239,0,0,1,0,1,152,36,50,2,240,0,0,0,240
10/26/2022,BDL,CT,ANE,EN,Towers with Radar,160,37,31,2,230,0,0,0,8,8,160,37,31,10,238,0,0,0,238
10/27/2022,BDL,CT,ANE,EN,Towers with Radar,176,29,33,5,243,0,0,22,16,38,176,29,55,21,281,2,0,2,283
10/28/2022,BDL,CT,ANE,EN,Towers with Radar,167,21,33,0,221,0,0,18,2,20,167,21,51,2,241,0,0,0,241
10/29/2022,BDL,CT,ANE,EN,Towers with Radar,140,23,4,0,167,0,0,19,0,19,140,23,23,0,186,0,0,0,186
10/30/2022,BDL,CT,ANE,EN,Towers with Radar,134,22,13,2,171,0,0,7,0,7,134,22,20,2,178,0,0,0,178
10/31/2022,BDL,CT,ANE,EN,Towers with Radar,145,34,23,0,202,0,2,7,2,11,145,36,30,2,213,0,0,0,213
11/01/2022,BDL,CT,ANE,EN,Towers with Radar,155,33,35,4,227,0,0,2,0,2,155,33,37,4,229,0,0,0,229
11/02/2022,BDL,CT,ANE,EN,Towers with Radar,155,26,23,4,208,0,0,17,2,19,155,26,40,6,227,0,0,0,227
11/03/2022,BDL,CT,ANE,EN,Towers with Radar,161,13,33,4,211,0,0,23,7,30,161,13,56,11,241,17,0,17,258
11/04/2022,BDL,CT,ANE,EN,Towers with Radar,149,23,24,2,198,0,0,16,8,24,149,23,40,10,222,0,0,0,222
11/05/2022,BDL,CT,ANE,EN,Towers with Radar,127,29,20,2,178,0,0,7,1,8,127,29,27,3,186,0,0,0,186
11/06/2022,BDL,CT,ANE,EN,Towers with Radar,137,21,24,0,182,0,0,6,2,8,137,21,30,2,190,0,0,0,190
11/07/2022,BDL,CT,ANE,EN,Towers with Radar,141,15,33,0,189,0,1,7,0,8,141,16,40,0,197,0,0,0,197
11/08/2022,BDL,CT,ANE,EN,Towers with Radar,155,16,30,2,203,0,0,18,10,28,155,16,48,12,231,0,0,0,231
11/09/2022,BDL,CT,ANE,EN,Towers with Radar,152,16,38,0,206,0,1,16,10,27,152,17,54,10,233,0,0,0,233
11/10/2022,BDL,CT,ANE,EN,Towers with Radar,151,26,30,10,217,0,0,19,9,28,151,26,49,19,245,0,8,8,253
11/11/2022,BDL,CT,ANE,EN,Towers with Radar,158,12,9,7,186,0,0,0,3,3,158,12,9,10,189,0,8,8,197
11/12/2022,BDL,CT,ANE,EN,Towers with Radar,138,31,5,0,174,0,0,2,0,2,138,31,7,0,176,0,0,0,176
11/13/2022,BDL,CT,ANE,EN,Towers with Radar,139,17,22,2,180,0,0,2,0,2,139,17,24,2,182,0,0,0,182
11/14/2022,BDL,CT,ANE,EN,Towers with Radar,155,20,22,0,197,0,0,18,0,18,155,20,40,0,215,0,0,0,215
11/15/2022,BDL,CT,ANE,EN,Towers with Radar,161,30,36,9,236,0,1,12,11,24,161,31,48,20,260,0,0,0,260
11/16/2022,BDL,CT,ANE,EN,Towers with Radar,165,17,19,8,209,0,0,5,11,16,165,17,24,19,225,0,17,17,242
11/17/2022,BDL,CT,ANE,EN,Towers with Radar,169,23,32,2,226,0,0,16,15,31,169,23,48,17,257,18,12,30,287
11/18/2022,BDL,CT,ANE,EN,Towers with Radar,162,18,23,4,207,0,0,8,0,8,162,18,31,4,215,12,0,12,227
11/19/2022,BDL,CT,ANE,EN,Towers with Radar,148,24,16,0,188,0,0,9,5,14,148,24,25,5,202,0,0,0,202
11/20/2022,BDL,CT,ANE,EN,Towers with Radar,148,33,17,0,198,0,0,14,4,18,148,33,31,4,216,0,0,0,216
11/21/2022,BDL,CT,ANE,EN,Towers with Radar,165,20,20,2,207,0,0,6,0,6,165,20,26,2,213,8,0,8,221
11/22/2022,BDL,CT,ANE,EN,Towers with Radar,172,31,46,9,258,0,0,19,7,26,172,31,65,16,284,8,0,8,292
11/23/2022,BDL,CT,ANE,EN,Towers with Radar,172,19,26,0,217,0,0,17,2,19,172,19,43,2,236,0,0,0,236
11/24/2022,BDL,CT,ANE,EN,Towers with Radar,94,7,4,0,105,0,0,8,0,8,94,7,12,0,113,4,0,4,117
11/25/2022,BDL,CT,ANE,EN,Towers with Radar,128,14,4,0,146,0,0,0,0,0,128,14,4,0,146,0,0,0,146
11/26/2022,BDL,CT,ANE,EN,Towers with Radar,154,23,25,0,202,0,4,6,0,10,154,27,31,0,212,0,0,0,212
11/27/2022,BDL,CT,ANE,EN,Towers with Radar,166,15,26,2,209,0,0,5,0,5,166,15,31,2,214,0,0,0,214
11/28/2022,BDL,CT,ANE,EN,Towers with Radar,171,16,38,0,225,0,0,6,4,10,171,16,44,4,235,0,0,0,235
11/29/2022,BDL,CT,ANE,EN,Towers with Radar,167,24,33,3,227,0,0,11,7,18,167,24,44,10,245,0,0,0,245
11/30/2022,BDL,CT,ANE,EN,Towers with Radar,171,15,38,1,225,0,0,0,0,0,171,15,38,1,225,0,0,0,225
12/01/2022,BDL,CT,ANE,EN,Towers with Radar,171,13,33,4,221,0,1,12,5,18,171,14,45,9,239,0,0,0,239
12/02/2022,BDL,CT,ANE,EN,Towers with Radar,168,11,25,0,204,0,0,13,0,13,168,11,38,0,217,0,0,0,217
12/03/2022,BDL,CT,ANE,EN,Towers with Radar,140,29,11,0,180,0,0,0,0,0,140,29,11,0,180,0,0,0,180
12/04/2022,BDL,CT,ANE,EN,Towers with Radar,139,19,15,1,174,0,0,8,0,8,139,19,23,1,182,0,0,0,182
12/05/2022,BDL,CT,ANE,EN,Towers with Radar,158,19,27,3,207,0,0,17,0,17,158,19,44,3,224,0,0,0,224
12/06/2022,BDL,CT,ANE,EN,Towers with Radar,171,16,17,0,204,0,1,6,0,7,171,17,23,0,211,0,0,0,211
12/07/2022,BDL,CT,ANE,EN,Towers with Radar,170,27,41,0,238,0,0,0,0,0,170,27,41,0,238,0,0,0,238
12/08/2022,BDL,CT,ANE,EN,Towers with Radar,172,19,27,1,219,0,0,16,14,30,172,19,43,15,249,21,0,21,270
12/09/2022,BDL,CT,ANE,EN,Towers with Radar,167,9,29,0,205,0,1,13,2,16,167,10,42,2,221,0,0,0,221
12/10/2022,BDL,CT,ANE,EN,Towers with Radar,136,15,27,3,181,0,0,13,9,22,136,15,40,12,203,0,0,0,203
12/11/2022,BDL,CT,ANE,EN,Towers with Radar,140,8,17,0,165,0,0,0,0,0,140,8,17,0,165,0,0,0,165
12/12/2022,BDL,CT,ANE,EN,Towers with Radar,152,11,31,2,196,0,0,12,1,13,152,11,43,3,209,0,0,0,209
12/13/2022,BDL,CT,ANE,EN,Towers with Radar,169,17,32,12,230,0,2,17,12,31,169,19,49,24,261,0,5,5,266
12/14/2022,BDL,CT,ANE,EN,Towers with Radar,168,15,12,5,200,0,0,10,12,22,168,15,22,17,222,2,0,2,224
12/15/2022,BDL,CT,ANE,EN,Towers with Radar,177,27,31,2,237,0,0,2,0,2,177,27,33,2,239,0,0,0,239
12/16/2022,BDL,CT,ANE,EN,Towers with Radar,169,15,20,0,204,0,0,0,0,0,169,15,20,0,204,0,0,0,204
12/17/2022,BDL,CT,ANE,EN,Towers with Radar,160,17,12,0,189,0,0,4,0,4,160,17,16,0,193,0,0,0,193
12/18/2022,BDL,CT,ANE,EN,Towers with Radar,150,30,9,0,189,0,1,19,0,20,150,31,28,0,209,0,0,0,209
12/19/2022,BDL,CT,ANE,EN,Towers with Radar,169,22,23,0,214,0,1,11,6,18,169,23,34,6,232,0,0,0,232
12/20/2022,BDL,CT,ANE,EN,Towers with Radar,178,13,31,9,231,0,2,12,15,29,178,15,43,24,260,0,4,4,264
12/21/2022,BDL,CT,ANE,EN,Towers with Radar,185,19,23,3,230,0,0,18,16,34,185,19,41,19,264,2,0,2,266
12/22/2022,BDL,CT,ANE,EN,Towers with Radar,165,24,22,2,213,0,0,0,6,6,165,24,22,8,219,0,0,0,219
12/23/2022,BDL,CT,ANE,EN,Towers with Radar,144,8,9,0,161,0,0,0,0,0,144,8,9,0,161,0,0,0,161
12/24/2022,BDL,CT,ANE,EN,Towers with Radar,107,15,8,0,130,0,0,4,0,4,107,15,12,0,134,0,0,0,134
12/25/2022,BDL,CT,ANE,EN,Towers with Radar,101,10,6,0,117,0,0,0,0,0,101,10,6,0,117,0,0,0,117
12/26/2022,BDL,CT,ANE,EN,Towers with Radar,109,20,28,0,157,0,0,12,0,12,109,20,40,0,169,0,0,0,169
12/27/2022,BDL,CT,ANE,EN,Towers with Radar,146,27,28,0,201,0,3,9,0,12,146,30,37,0,213,0,0,0,213
12/28/2022,BDL,CT,ANE,EN,Towers with Radar,148,9,29,1,187,0,4,9,9,22,148,13,38,10,209,0,0,0,209
12/29/2022,BDL,CT,ANE,EN,Towers with Radar,148,16,16,3,183,0,0,12,9,21,148,16,28,12,204,0,0,0,204
12/30/2022,BDL,CT,ANE,EN,Towers with Radar,163,20,13,0,196,0,0,12,0,12,163,20,25,0,208,0,0,0,208
12/31/2022,BDL,CT,ANE,EN,Towers with Radar,141,15,12,0,168,0,0,0,0,0,141,15,12,0,168,0,0,0,168
01/01/2023,BDL,CT,ANE,EN,Towers with Radar,113,7,4,0,124,0,0,3,0,3,113,7,7,0,127,0,0,0,127
01/02/2023,BDL,CT,ANE,EN,Towers with Radar,148,13,29,0,190,0,0,13,0,13,148,13,42,0,203,11,0,11,214
01/03/2023,BDL,CT,ANE,EN,Towers with Radar,161,18,14,2,195,0,0,0,0,0,161,18,14,2,195,0,0,0,195
01/04/2023,BDL,CT,ANE,EN,Towers with Radar,144,19,18,0,181,0,0,0,0,0,144,19,18,0,181,0,0,0,181
01/05/2023,BDL,CT,ANE,EN,Towers with Radar,139,15,30,4,188,0,0,0,0,0,139,15,30,4,188,0,26,26,214
01/06/2023,BDL,CT,ANE,EN,Towers with Radar,138,22,15,0,175,0,0,0,0,0,138,22,15,0,175,0,0,0,175
01/07/2023,BDL,CT,ANE,EN,Towers with Radar,125,26,11,0,162,0,0,9,0,9,125,26,20,0,171,0,0,0,171
01/08/2023,BDL,CT,ANE,EN,Towers with Radar,130,16,19,0,165,0,0,14,0,14,130,16,33,0,179,0,0,0,179
01/09/2023,BDL,CT,ANE,EN,Towers with Radar,145,22,26,3,196,0,0,14,3,17,145,22,40,6,213,0,0,0,213
01/10/2023,BDL,CT,ANE,EN,Towers with Radar,144,34,16,3,197,0,1,11,2,14,144,35,27,5,211,0,0,0,211
01/11/2023,BDL,CT,ANE,EN,Towers with Radar,130,31,17,6,184,0,0,11,11,22,130,31,28,17,206,0,0,0,206
01/12/2023,BDL,CT,ANE,EN,Towers with Radar,155,24,16,1,196,0,0,0,0,0,155,24,16,1,196,0,0,0,196
01/13/2023,BDL,CT,ANE,EN,Towers with Radar,145,21,26,0,192,0,0,0,0,0,145,21,26,0,192,0,0,0,192
01/14/2023,BDL,CT,ANE,EN,Towers with Radar,120,16,5,0,141,0,0,0,0,0,120,16,5,0,141,0,0,0,141
01/15/2023,BDL,CT,ANE,EN,Towers with Radar,115,28,14,0,157,0,0,5,0,5,115,28,19,0,162,0,0,0,162
01/16/2023,BDL,CT,ANE,EN,Towers with Radar,138,21,34,0,193,0,0,12,0,12,138,21,46,0,205,0,0,0,205
01/17/2023,BDL,CT,ANE,EN,Towers with Radar,134,24,24,3,185,0,0,22,8,30,134,24,46,11,215,0,0,0,215
01/18/2023,BDL,CT,ANE,EN,Towers with Radar,135,26,25,4,190,0,0,4,4,8,135,26,29,8,198,0,0,0,198
01/19/2023,BDL,CT,ANE,EN,Towers with Radar,143,34,25,0,202,0,0,10,0,10,143,34,35,0,212,0,0,0,212
01/20/2023,BDL,CT,ANE,EN,Towers with Radar,140,30,20,0,190,0,0,0,0,0,140,30,20,0,190,0,0,0,190
01/21/2023,BDL,CT,ANE,EN,Towers with Radar,118,23,10,0,151,0,2,5,0,7,118,25,15,0,158,0,0,0,158
01/22/2023,BDL,CT,ANE,EN,Towers with Radar,126,27,21,0,174,0,0,7,0,7,126,27,28,0,181,0,4,4,185
01/23/2023,BDL,CT,ANE,EN,Towers with Radar,131,34,22,0,187,0,0,0,0,0,131,34,22,0,187,0,0,0,187
01/24/2023,BDL,CT,ANE,EN,Towers with Radar,129,41,45,4,219,0,0,19,6,25,129,41,64,10,244,6,0,6,250
01/25/2023,BDL,CT,ANE,EN,Towers with Radar,132,25,18,4,179,0,0,7,2,9,132,25,25,6,188,0,0,0,188
01/26/2023,BDL,CT,ANE,EN,Towers with Radar,137,35,20,4,196,0,0,2,7,9,137,35,22,11,205,0,0,0,205
01/27/2023,BDL,CT,ANE,EN,Towers with Radar,139,30,24,2,195,0,0,4,2,6,139,30,28,4,201,0,0,0,201
01/28/2023,BDL,CT,ANE,EN,Towers with Radar,117,20,19,0,156,0,4,15,0,19,117,24,34,0,175,0,0,0,175
01/29/2023,BDL,CT,ANE,EN,Towers with Radar,126,26,15,0,167,0,0,9,2,11,126,26,24,2,178,0,2,2,180
01/30/2023,BDL,CT,ANE,EN,Towers with Radar,126,34,32,13,205,0,0,10,5,15,126,34,42,18,220,2,0,2,222
01/31/2023,BDL,CT,ANE,EN,Towers with Radar,125,36,18,3,182,1,0,12,6,19,126,36,30,9,201,0,0,0,201
02/01/2023,BDL,CT,ANE,EN,Towers with Radar,124,32,34,4,194,0,0,18,14,32,124,32,52,18,226,2,0,2,228
02/02/2023,BDL,CT,ANE,EN,Towers with Radar,137,34,25,3,199,0,0,17,15,32,137,34,42,18,231,6,4,10,241
02/03/2023,BDL,CT,ANE,EN,Towers with Radar,137,46,11,0,194,0,0,0,0,0,137,46,11,0,194,0,0,0,194
02/04/2023,BDL,CT,ANE,EN,Towers with Radar,125,14,13,2,154,0,0,5,2,7,125,14,18,4,161,0,2,2,163
02/05/2023,BDL,CT,ANE,EN,Towers with Radar,134,21,16,0,171,0,2,6,0,8,134,23,22,0,179,0,0,0,179
02/06/2023,BDL,CT,ANE,EN,Towers with Radar,139,21,23,4,187,0,0,17,0,17,139,21,40,4,204,0,0,0,204
02/07/2023,BDL,CT,ANE,EN,Towers with Radar,135,25,31,7,198,0,2,17,6,25,135,27,48,13,223,0,0,0,223
02/08/2023,BDL,CT,ANE,EN,Towers with Radar,137,30,18,3,188,0,0,25,10,35,137,30,43,13,223,0,0,0,223
02/09/2023,BDL,CT,ANE,EN,Towers with Radar,156,28,20,0,204,0,0,9,5,14,156,28,29,5,218,0,0,0,218
02/10/2023,BDL,CT,ANE,EN,Towers with Radar,156,21,26,0,203,0,0,6,0,6,156,21,32,0,209,0,0,0,209
02/11/2023,BDL,CT,ANE,EN,Towers with Radar,138,13,16,0,167,0,0,5,0,5,138,13,21,0,172,0,0,0,172
02/12/2023,BDL,CT,ANE,EN,Towers with Radar,135,21,16,0,172,0,0,6,0,6,135,21,22,0,178,20,0,20,198
02/13/2023,BDL,CT,ANE,EN,Towers with Radar,135,26,25,4,190,0,1,23,1,25,135,27,48,5,215,0,0,0,215
02/14/2023,BDL,CT,ANE,EN,Towers with Radar,144,31,17,1,193,0,2,7,8,17,144,33,24,9,210,0,0,0,210
02/15/2023,BDL,CT,ANE,EN,Towers with Radar,143,39,18,2,202,0,0,16,10,26,143,39,34,12,228,0,0,0,228
02/16/2023,BDL,CT,ANE,EN,Towers with Radar,167,25,37,3,232,0,4,7,8,19,167,29,44,11,251,0,0,0,251
02/17/2023,BDL,CT,ANE,EN,Towers with Radar,165,25,29,0,219,0,0,1,0,1,165,25,30,0,220,0,0,0,220
02/18/2023,BDL,CT,ANE,EN,Towers with Radar,154,20,9,0,183,0,0,13,0,13,154,20,22,0,196,0,0,0,196
02/19/2023,BDL,CT,ANE,EN,Towers with Radar,151,20,11,0,182,0,0,13,0,13,151,20,24,0,195,0,0,0,195
02/20/2023,BDL,CT,ANE,EN,Towers with Radar,160,15,27,0,202,0,0,8,0,8,160,15,35,0,210,2,0,2,212
02/21/2023,BDL,CT,ANE,EN,Towers with Radar,174,29,22,3,228,0,0,0,0,0,174,29,22,3,228,0,0,0,228
02/22/2023,BDL,CT,ANE,EN,Towers with Radar,162,17,20,1,200,0,1,7,2,10,162,18,27,3,210,0,0,0,210
02/23/2023,BDL,CT,ANE,EN,Towers with Radar,170,23,11,0,204,0,0,0,0,0,170,23,11,0,204,0,0,0,204
02/24/2023,BDL,CT,ANE,EN,Towers with Radar,167,24,15,0,206,0,0,2,0,2,167,24,17,0,208,0,0,0,208
02/25/2023,BDL,CT,ANE,EN,Towers with Radar,158,20,14,2,194,0,0,3,2,5,158,20,17,4,199,0,0,0,199
02/26/2023,BDL,CT,ANE,EN,Towers with Radar,154,19,20,0,193,0,0,4,0,4,154,19,24,0,197,0,0,0,197
02/27/2023,BDL,CT,ANE,EN,Towers with Radar,160,19,30,2,211,0,0,12,1,13,160,19,42,3,224,0,0,0,224
02/28/2023,BDL,CT,ANE,EN,Towers with Radar,162,32,8,0,202,0,0,0,0,0,162,32,8,0,202,0,0,0,202
03/01/2023,BDL,CT,ANE,EN,Towers with Radar,167,21,24,1,213,0,0,14,7,21,167,21,38,8,234,0,0,0,234
03/02/2023,BDL,CT,ANE,EN,Towers with Radar,171,22,28,3,224,0,0,6,4,10,171,22,34,7,234,0,0,0,234
03/03/2023,BDL,CT,ANE,EN,Towers with Radar,158,22,32,5,217,0,1,10,5,16,158,23,42,10,233,0,10,10,243
03/04/2023,BDL,CT,ANE,EN,Towers with Radar,141,28,7,1,177,0,0,0,0,0,141,28,7,1,177,0,0,0,177
03/05/2023,BDL,CT,ANE,EN,Towers with Radar,152,23,27,2,204,0,0,9,1,10,152,23,36,3,214,0,0,0,214
03/06/2023,BDL,CT,ANE,EN,Towers with Radar,160,24,28,0,212,0,0,17,2,19,160,24,45,2,231,0,0,0,231
03/07/2023,BDL,CT,ANE,EN,Towers with Radar,160,19,26,8,213,0,1,6,4,11,160,20,32,12,224,0,2,2,226
03/08/2023,BDL,CT,ANE,EN,Towers with Radar,160,25,22,4,211,0,2,18,2,22,160,27,40,6,233,0,0,0,233
03/09/2023,BDL,CT,ANE,EN,Towers with Radar,163,28,31,1,223,0,1,21,9,31,163,29,52,10,254,0,0,0,254
03/10/2023,BDL,CT,ANE,EN,Towers with Radar,153,23,31,2,209,0,1,13,0,14,153,24,44,2,223,0,0,0,223
03/11/2023,BDL,CT,ANE,EN,Towers with Radar,140,30,10,0,180,0,0,3,0,3,140,30,13,0,183,6,0,6,189
03/12/2023,BDL,CT,ANE,EN,Towers with Radar,140,30,23,0,193,0,0,21,0,21,140,30,44,0,214,4,0,4,218
03/13/2023,BDL,CT,ANE,EN,Towers with Radar,154,26,18,0,198,0,0,1,2,3,154,26,19,2,201,0,0,0,201
03/14/2023,BDL,CT,ANE,EN,Towers with Radar,109,27,7,0,143,0,0,0,0,0,109,27,7,0,143,0,0,0,143
03/15/2023,BDL,CT,ANE,EN,Towers with Radar,166,27,21,6,220,0,0,0,6,6,166,27,21,12,226,0,0,0,226
03/16/2023,BDL,CT,ANE,EN,Towers with Radar,167,41,36,7,251,0,0,20,6,26,167,41,56,13,277,0,0,0,277
03/17/2023,BDL,CT,ANE,EN,Towers with Radar,157,30,19,1,207,0,0,12,0,12,157,30,31,1,219,14,0,14,233
03/18/2023,BDL,CT,ANE,EN,Towers with Radar,138,25,15,1,179,0,0,15,7,22,138,25,30,8,201,0,0,0,201
03/19/2023,BDL,CT,ANE,EN,Towers with Radar,147,25,12,4,188,0,0,3,3,6,147,25,15,7,194,0,0,0,194
03/20/2023,BDL,CT,ANE,EN,Towers with Radar,153,30,37,3,223,0,1,24,2,27,153,31,61,5,250,0,0,0,250
03/21/2023,BDL,CT,ANE,EN,Towers with Radar,167,30,22,5,224,0,3,18,6,27,167,33,40,11,251,0,0,0,251
03/22/2023,BDL,CT,ANE,EN,Towers with Radar,158,35,25,1,219,0,2,18,7,27,158,37,43,8,246,0,0,0,246
03/23/2023,BDL,CT,ANE,EN,Towers with Radar,170,24,31,4,229,0,0,3,2,5,170,24,34,6,234,12,16,28,262
03/24/2023,BDL,CT,ANE,EN,Towers with Radar,162,23,24,2,211,0,1,12,0,13,162,24,36,2,224,2,0,2,226
03/25/2023,BDL,CT,ANE,EN,Towers with Radar,137,24,8,0,169,0,0,0,0,0,137,24,8,0,169,0,0,0,169
03/26/2023,BDL,CT,ANE,EN,Towers with Radar,142,31,20,0,193,0,0,12,0,12,142,31,32,0,205,0,0,0,205
03/27/2023,BDL,CT,ANE,EN,Towers with Radar,157,41,16,6,220,0,5,5,9,19,157,46,21,15,239,0,0,0,239
03/28/2023,BDL,CT,ANE,EN,Towers with Radar,167,30,32,6,235,0,1,7,4,12,167,31,39,10,247,0,27,27,274
03/29/2023,BDL,CT,ANE,EN,Towers with Radar,163,33,34,3,233,0,2,17,11,30,163,35,51,14,263,0,0,0,263
03/30/2023,BDL,CT,ANE,EN,Towers with Radar,167,36,36,6,245,0,2,17,5,24,167,38,53,11,269,10,0,10,279
03/31/2023,BDL,CT,ANE,EN,Towers with Radar,147,26,23,4,200,0,0,7,1,8,147,26,30,5,208,0,2,2,210
04/01/2023,BDL,CT,ANE,EN,Towers with Radar,141,25,11,10,187,0,0,1,0,1,141,25,12,10,188,0,0,0,188
04/02/2023,BDL,CT,ANE,EN,Towers with Radar,146,30,22,3,201,0,6,22,1,29,146,36,44,4,230,27,0,27,257
04/03/2023,BDL,CT,ANE,EN,Towers with Radar,150,32,22,3,207,0,2,5,3,10,150,34,27,6,217,2,0,2,219
04/04/2023,BDL,CT,ANE,EN,Towers with Radar,169,29,32,5,235,0,0,5,6,11,169,29,37,11,246,0,0,0,246
04/05/2023,BDL,CT,ANE,EN,Towers with Radar,167,22,31,5,225,0,0,2,0,2,167,22,33,5,227,0,0,0,227
04/06/2023,BDL,CT,ANE,EN,Towers with Radar,184,22,34,1,241,0,0,3,9,12,184,22,37,10,253,0,0,0,253
04/07/2023,BDL,CT,ANE,EN,Towers with Radar,166,21,17,0,204,0,0,7,2,9,166,21,24,2,213,0,0,0,213
04/08/2023,BDL,CT,ANE,EN,Towers with Radar,150,20,15,1,186,0,2,15,0,17,150,22,30,1,203,0,0,0,203
04/09/2023,BDL,CT,ANE,EN,Towers with Radar,155,19,13,1,188,0,1,14,0,15,155,20,27,1,203,0,0,0,203
04/10/2023,BDL,CT,ANE,EN,Towers with Radar,166,14,19,5,204,0,0,13,3,16,166,14,32,8,220,0,0,0,220
04/11/2023,BDL,CT,ANE,EN,Towers with Radar,180,21,27,7,235,0,1,17,8,26,180,22,44,15,261,0,4,4,265
04/12/2023,BDL,CT,ANE,EN,Towers with Radar,175,19,23,3,220,0,0,12,2,14,175,19,35,5,234,2,0,2,236
04/13/2023,BDL,CT,ANE,EN,Towers with Radar,179,15,18,2,214,0,0,21,6,27,179,15,39,8,241,0,0,0,241
04/14/2023,BDL,CT,ANE,EN,Towers with Radar,168,21,23,1,213,0,1,25,0,26,168,22,48,1,239,0,0,0,239
04/15/2023,BDL,CT,ANE,EN,Towers with Radar,142,24,13,0,179,0,3,3,2,8,142,27,16,2,187,0,0,0,187
04/16/2023,BDL,CT,ANE,EN,Towers with Radar,153,24,33,1,211,0,0,2,0,2,153,24,35,1,213,0,0,0,213
04/17/2023,BDL,CT,ANE,EN,Towers with Radar,184,25,32,4,245,0,2,2,0,4,184,27,34,4,249,0,0,0,249
04/18/2023,BDL,CT,ANE,EN,Towers with Radar,181,19,29,3,232,0,1,11,11,23,181,20,40,14,255,4,0,4,259
04/19/2023,BDL,CT,ANE,EN,Towers with Radar,174,26,24,4,228,0,0,9,14,23,174,26,33,18,251,0,0,0,251
04/20/2023,BDL,CT,ANE,EN,Towers with Radar,181,34,33,1,249,0,5,21,6,32,181,39,54,7,281,0,0,0,281
04/21/2023,BDL,CT,ANE,EN,Towers with Radar,170,29,36,5,240,0,2,21,1,24,170,31,57,6,264,0,0,0,264
04/22/2023,BDL,CT,ANE,EN,Towers with Radar,129,12,14,2,157,0,0,0,0,0,129,12,14,2,157,0,0,0,157
04/23/2023,BDL,CT,ANE,EN,Towers with Radar,162,17,14,1,194,0,0,1,0,1,162,17,15,1,195,0,0,0,195
04/24/2023,BDL,CT,ANE,EN,Towers with Radar,171,37,41,3,252,0,0,9,3,12,171,37,50,6,264,10,0,10,274
04/25/2023,BDL,CT,ANE,EN,Towers with Radar,167,28,43,0,238,0,1,14,8,23,167,29,57,8,261,0,0,0,261
04/26/2023,BDL,CT,ANE,EN,Towers with Radar,160,30,44,4,238,0,0,18,6,24,160,30,62,10,262,12,0,12,274
04/27/2023,BDL,CT,ANE,EN,Towers with Radar,181,25,27,2,235,0,0,3,8,11,181,25,30,10,246,0,0,0,246
04/28/2023,BDL,CT,ANE,EN,Towers with Radar,163,17,33,0,213,0,0,13,0,13,163,17,46,0,226,0,0,0,226
04/29/2023,BDL,CT,ANE,EN,Towers with Radar,136,23,17,0,176,0,1,0,2,3,136,24,17,2,179,0,0,0,179
04/30/2023,BDL,CT,ANE,EN,Towers with Radar,148,23,25,0,196,0,0,0,0,0,148,23,25,0,196,0,0,0,196
05/01/2023,BDL,CT,ANE,EN,Towers with Radar,168,27,20,2,217,0,0,11,2,13,168,27,31,4,230,4,3,7,237
05/02/2023,BDL,CT,ANE,EN,Towers with Radar,167,27,29,4,227,0,0,4,3,7,167,27,33,7,234,0,2,2,236
05/03/2023,BDL,CT,ANE,EN,Towers with Radar,166,27,31,2,226,0,1,17,0,18,166,28,48,2,244,0,0,0,244
05/04/2023,BDL,CT,ANE,EN,Towers with Radar,177,17,38,2,234,0,0,5,0,5,177,17,43,2,239,6,0,6,245
05/05/2023,BDL,CT,ANE,EN,Towers with Radar,157,25,29,0,211,0,0,11,2,13,157,25,40,2,224,0,2,2,226
05/06/2023,BDL,CT,ANE,EN,Towers with Radar,122,18,16,1,157,0,0,16,2,18,122,18,32,3,175,0,0,0,175
05/07/2023,BDL,CT,ANE,EN,Towers with Radar,140,32,18,1,191,0,2,10,2,14,140,34,28,3,205,0,0,0,205
05/08/2023,BDL,CT,ANE,EN,Towers with Radar,151,37,28,1,217,0,0,14,0,14,151,37,42,1,231,0,0,0,231
05/09/2023,BDL,CT,ANE,EN,Towers with Radar,144,26,26,2,198,0,0,9,2,11,144,26,35,4,209,4,0,4,213
05/10/2023,BDL,CT,ANE,EN,Towers with Radar,160,36,20,4,220,0,2,25,4,31,160,38,45,8,251,10,0,10,261
05/11/2023,BDL,CT,ANE,EN,Towers with Radar,164,43,23,4,234,0,4,10,1,15,164,47,33,5,249,0,0,0,249
05/12/2023,BDL,CT,ANE,EN,Towers with Radar,155,33,15,0,203,0,1,11,0,12,155,34,26,0,215,0,2,2,217
05/13/2023,BDL,CT,ANE,EN,Towers with Radar,125,18,18,0,161,0,1,15,0,16,125,19,33,0,177,6,0,6,183
05/14/2023,BDL,CT,ANE,EN,Towers with Radar,138,22,15,0,175,0,0,9,0,9,138,22,24,0,184,0,0,0,184
05/15/2023,BDL,CT,ANE,EN,Towers with Radar,150,40,28,1,219,0,2,18,2,22,150,42,46,3,241,22,0,22,263
05/16/2023,BDL,CT,ANE,EN,Towers with Radar,152,26,26,7,211,0,1,17,8,26,152,27,43,15,237,0,0,0,237
05/17/2023,BDL,CT,ANE,EN,Towers with Radar,155,43,25,6,229,0,2,13,4,19,155,45,38,10,248,0,0,0,248
05/18/2023,BDL,CT,ANE,EN,Towers with Radar,159,36,34,4,233,0,2,12,2,16,159,38,46,6,249,0,0,0,249
05/19/2023,BDL,CT,ANE,EN,Towers with Radar,158,29,15,2,204,0,4,13,0,17,158,33,28,2,221,0,0,0,221
05/20/2023,BDL,CT,ANE,EN,Towers with Radar,128,28,11,1,168,0,0,0,0,0,128,28,11,1,168,4,0,4,172
05/21/2023,BDL,CT,ANE,EN,Towers with Radar,142,36,11,3,192,0,1,9,1,11,142,37,20,4,203,0,0,0,203
05/22/2023,BDL,CT,ANE,EN,Towers with Radar,152,22,17,0,191,0,1,14,4,19,152,23,31,4,210,0,0,0,210
05/23/2023,BDL,CT,ANE,EN,Towers with Radar,159,33,20,3,215,0,4,20,3,27,159,37,40,6,242,6,8,14,256
05/24/2023,BDL,CT,ANE,EN,Towers with Radar,152,31,18,4,205,0,1,14,8,23,152,32,32,12,228,9,0,9,237
05/25/2023,BDL,CT,ANE,EN,Towers with Radar,167,34,20,2,223,0,2,16,10,28,167,36,36,12,251,8,0,8,259
05/26/2023,BDL,CT,ANE,EN,Towers with Radar,165,24,19,0,208,0,1,6,0,7,165,25,25,0,215,0,0,0,215
05/27/2023,BDL,CT,ANE,EN,Towers with Radar,131,28,15,0,174,0,0,9,0,9,131,28,24,0,183,0,0,0,183
05/28/2023,BDL,CT,ANE,EN,Towers with Radar,124,28,17,0,169,0,0,10,0,10,124,28,27,0,179,0,0,0,179
05/29/2023,BDL,CT,ANE,EN,Towers with Radar,153,17,9,0,179,0,1,2,5,8,153,18,11,5,187,0,0,0,187
05/30/2023,BDL,CT,ANE,EN,Towers with Radar,148,31,37,2,218,0,6,17,4,27,148,37,54,6,245,26,0,26,271
05/31/2023,BDL,CT,ANE,EN,Towers with Radar,159,33,18,4,214,0,0,17,10,27,159,33,35,14,241,0,0,0,241
06/01/2023,BDL,CT,ANE,EN,Towers with Radar,167,29,41,5,242,0,3,24,8,35,167,32,65,13,277,8,6,14,291
06/02/2023,BDL,CT,ANE,EN,Towers with Radar,157,37,30,1,225,0,2,8,2,12,157,39,38,3,237,0,0,0,237
06/03/2023,BDL,CT,ANE,EN,Towers with Radar,119,24,21,8,172,0,0,0,3,3,119,24,21,11,175,0,0,0,175
06/04/2023,BDL,CT,ANE,EN,Towers with Radar,143,36,17,0,196,0,0,3,2,5,143,36,20,2,201,0,0,0,201
06/05/2023,BDL,CT,ANE,EN,Towers with Radar,146,33,29,3,211,0,2,5,6,13,146,35,34,9,224,0,0,0,224
06/06/2023,BDL,CT,ANE,EN,Towers with Radar,141,42,34,6,223,0,2,10,0,12,141,44,44,6,235,0,0,0,235
06/07/2023,BDL,CT,ANE,EN,Towers with Radar,143,47,27,7,224,0,0,4,9,13,143,47,31,16,237,2,0,2,239
06/08/2023,BDL,CT,ANE,EN,Towers with Radar,153,34,38,3,228,0,0,6,1,7,153,34,44,4,235,0,0,0,235
06/09/2023,BDL,CT,ANE,EN,Towers with Radar,147,30,23,2,202,0,0,6,2,8,147,30,29,4,210,2,0,2,212
06/10/2023,BDL,CT,ANE,EN,Towers with Radar,128,31,16,0,175,0,1,3,7,11,128,32,19,7,186,0,0,0,186
06/11/2023,BDL,CT,ANE,EN,Towers with Radar,134,24,8,1,167,0,2,13,2,17,134,26,21,3,184,2,0,2,186
06/12/2023,BDL,CT,ANE,EN,Towers with Radar,144,28,43,2,217,0,0,6,1,7,144,28,49,3,224,0,0,0,224
06/13/2023,BDL,CT,ANE,EN,Towers with Radar,147,56,25,6,234,0,2,5,2,9,147,58,30,8,243,0,0,0,243
06/14/2023,BDL,CT,ANE,EN,Towers with Radar,148,42,30,4,224,0,1,14,3,18,148,43,44,7,242,0,0,0,242
06/15/2023,BDL,CT,ANE,EN,Towers with Radar,153,35,41,8,237,0,2,15,4,21,153,37,56,12,258,2,0,2,260
06/16/2023,BDL,CT,ANE,EN,Towers with Radar,151,34,25,6,216,0,0,10,2,12,151,34,35,8,228,0,0,0,228
06/17/2023,BDL,CT,ANE,EN,Towers with Radar,124,25,14,5,168,0,0,0,0,0,124,25,14,5,168,0,0,0,168
06/18/2023,BDL,CT,ANE,EN,Towers with Radar,125,29,11,0,165,0,1,7,0,8,125,30,18,0,173,0,0,0,173
06/19/2023,BDL,CT,ANE,EN,Towers with Radar,148,45,27,1,221,0,0,20,0,20,148,45,47,1,241,0,0,0,241
06/20/2023,BDL,CT,ANE,EN,Towers with Radar,144,31,21,5,201,0,0,6,5,11,144,31,27,10,212,0,0,0,212
06/21/2023,BDL,CT,ANE,EN,Towers with Radar,143,33,29,2,207,0,3,23,7,33,143,36,52,9,240,0,0,0,240
06/22/2023,BDL,CT,ANE,EN,Towers with Radar,158,25,33,5,221,0,2,10,10,22,158,27,43,15,243,0,2,2,245
06/23/2023,BDL,CT,ANE,EN,Towers with Radar,152,44,26,2,224,0,0,1,0,1,152,44,27,2,225,0,0,0,225
06/24/2023,BDL,CT,ANE,EN,Towers with Radar,138,30,15,1,184,0,0,4,0,4,138,30,19,1,188,0,0,0,188
06/25/2023,BDL,CT,ANE,EN,Towers with Radar,137,43,23,0,203,0,0,5,0,5,137,43,28,0,208,0,0,0,208
06/26/2023,BDL,CT,ANE,EN,Towers with Radar,136,31,31,14,212,0,0,2,10,12,136,31,33,24,224,0,2,2,226
06/27/2023,BDL,CT,ANE,EN,Towers with Radar,145,33,28,10,216,0,0,2,4,6,145,33,30,14,222,0,0,0,222
06/28/2023,BDL,CT,ANE,EN,Towers with Radar,151,36,38,4,229,0,0,5,7,12,151,36,43,11,241,0,0,0,241
06/29/2023,BDL,CT,ANE,EN,Towers with Radar,166,36,26,6,234,0,0,25,8,33,166,36,51,14,267,0,2,2,269
06/30/2023,BDL,CT,ANE,EN,Towers with Radar,159,31,11,4,205,0,1,4,0,5,159,32,15,4,210,0,0,0,210
07/01/2023,BDL,CT,ANE,EN,Towers with Radar,132,20,23,0,175,0,0,3,0,3,132,20,26,0,178,0,0,0,178
07/02/2023,BDL,CT,ANE,EN,Towers with Radar,133,19,9,0,161,0,0,0,0,0,133,19,9,0,161,0,0,0,161
07/03/2023,BDL,CT,ANE,EN,Towers with Radar,127,23,14,0,164,0,0,1,0,1,127,23,15,0,165,0,0,0,165
07/04/2023,BDL,CT,ANE,EN,Towers with Radar,111,15,8,0,134,0,0,0,0,0,111,15,8,0,134,0,0,0,134
07/05/2023,BDL,CT,ANE,EN,Towers with Radar,134,28,26,7,195,0,3,6,13,22,134,31,32,20,217,0,0,0,217
07/06/2023,BDL,CT,ANE,EN,Towers with Radar,162,28,20,4,214,0,0,10,8,18,162,28,30,12,232,0,0,0,232
07/07/2023,BDL,CT,ANE,EN,Towers with Radar,136,25,37,0,198,0,0,13,0,13,136,25,50,0,211,0,0,0,211
07/08/2023,BDL,CT,ANE,EN,Towers with Radar,129,23,11,0,163,0,0,2,0,2,129,23,13,0,165,0,0,0,165
07/09/2023,BDL,CT,ANE,EN,Towers with Radar,117,22,21,0,160,0,0,4,0,4,117,22,25,0,164,0,0,0,164
07/10/2023,BDL,CT,ANE,EN,Towers with Radar,140,32,28,2,202,0,0,6,2,8,140,32,34,4,210,1,0,1,211
07/11/2023,BDL,CT,ANE,EN,Towers with Radar,155,33,34,3,225,0,0,18,6,24,155,33,52,9,249,0,0,0,249
07/12/2023,BDL,CT,ANE,EN,Towers with Radar,150,34,26,2,212,0,3,18,6,27,150,37,44,8,239,0,0,0,239
07/13/2023,BDL,CT,ANE,EN,Towers with Radar,148,33,29,4,214,0,1,9,6,16,148,34,38,10,230,0,0,0,230
07/14/2023,BDL,CT,ANE,EN,Towers with Radar,151,42,21,4,218,0,0,5,0,5,151,42,26,4,223,0,0,0,223
07/15/2023,BDL,CT,ANE,EN,Towers with Radar,136,16,8,0,160,0,0,2,0,2,136,16,10,0,162,0,0,0,162
07/16/2023,BDL,CT,ANE,EN,Towers with Radar,145,26,11,0,182,0,0,0,0,0,145,26,11,0,182,0,0,0,182
07/17/2023,BDL,CT,ANE,EN,Towers with Radar,140,34,31,1,206,0,0,7,2,9,140,34,38,3,215,12,2,14,229
07/18/2023,BDL,CT,ANE,EN,Towers with Radar,163,47,28,1,239,0,1,7,4,12,163,48,35,5,251,4,0,4,255
07/19/2023,BDL,CT,ANE,EN,Towers with Radar,154,32,34,4,224,0,2,16,11,29,154,34,50,15,253,6,0,6,259
07/20/2023,BDL,CT,ANE,EN,Towers with Radar,157,45,22,3,227,0,1,26,9,36,157,46,48,12,263,0,0,0,263
07/21/2023,BDL,CT,ANE,EN,Towers with Radar,147,26,22,4,199,0,2,4,0,6,147,28,26,4,205,7,0,7,212
07/22/2023,BDL,CT,ANE,EN,Towers with Radar,130,27,22,2,181,0,3,12,5,20,130,30,34,7,201,30,0,30,231
07/23/2023,BDL,CT,ANE,EN,Towers with Radar,137,26,16,2,181,0,0,6,6,12,137,26,22,8,193,0,0,0,193
07/24/2023,BDL,CT,ANE,EN,Towers with Radar,148,38,25,0,211,0,7,19,2,28,148,45,44,2,239,10,0,10,249
07/25/2023,BDL,CT,ANE,EN,Towers with Radar,153,39,19,6,217,0,0,12,5,17,153,39,31,11,234,12,2,14,248
07/26/2023,BDL,CT,ANE,EN,Towers with Radar,150,28,24,0,202,0,1,29,6,36,150,29,53,6,238,0,0,0,238
07/27/2023,BDL,CT,ANE,EN,Towers with Radar,150,29,30,7,216,0,0,3,5,8,150,29,33,12,224,0,0,0,224
07/28/2023,BDL,CT,ANE,EN,Towers with Radar,138,27,23,0,188,0,0,18,3,21,138,27,41,3,209,18,0,18,227
07/29/2023,BDL,CT,ANE,EN,Towers with Radar,127,23,11,0,161,0,0,4,0,4,127,23,15,0,165,0,0,0,165
07/30/2023,BDL,CT,ANE,EN,Towers with Radar,142,35,17,0,194,0,0,8,0,8,142,35,25,0,202,0,0,0,202
07/31/2023,BDL,CT,ANE,EN,Towers with Radar,148,31,25,0,204,0,3,19,3,25,148,34,44,3,229,20,0,20,249
08/01/2023,BDL,CT,ANE,EN,Towers with Radar,148,27,25,5,205,0,0,14,7,21,148,27,39,12,226,0,2,2,228
08/02/2023,BDL,CT,ANE,EN,Towers with Radar,156,26,19,3,204,0,1,20,13,34,156,27,39,16,238,14,0,14,252
08/03/2023,BDL,CT,ANE,EN,Towers with Radar,155,40,24,1,220,0,0,17,9,26,155,40,41,10,246,0,0,0,246
08/04/2023,BDL,CT,ANE,EN,Towers with Radar,155,24,34,0,213,0,0,4,1,5,155,24,38,1,218,0,0,0,218
08/05/2023,BDL,CT,ANE,EN,Towers with Radar,132,21,12,0,165,0,0,10,2,12,132,21,22,2,177,0,4,4,181
08/06/2023,BDL,CT,ANE,EN,Towers with Radar,138,26,20,0,184,0,1,11,1,13,138,27,31,1,197,0,0,0,197
08/07/2023,BDL,CT,ANE,EN,Towers with Radar,140,8,23,6,177,0,0,0,0,0,140,8,23,6,177,0,0,0,177
08/08/2023,BDL,CT,ANE,EN,Towers with Radar,163,22,28,2,215,0,0,12,8,20,163,22,40,10,235,8,10,18,253
08/09/2023,BDL,CT,ANE,EN,Towers with Radar,156,39,17,6,218,0,4,11,10,25,156,43,28,16,243,0,0,0,243
08/10/2023,BDL,CT,ANE,EN,Towers with Radar,154,39,29,5,227,0,1,8,5,14,154,40,37,10,241,12,0,12,253
08/11/2023,BDL,CT,ANE,EN,Towers with Radar,154,27,29,7,217,0,4,23,4,31,154,31,52,11,248,0,16,16,264
08/12/2023,BDL,CT,ANE,EN,Towers with Radar,133,31,14,0,178,0,0,9,0,9,133,31,23,0,187,0,0,0,187
08/13/2023,BDL,CT,ANE,EN,Towers with Radar,143,34,27,0,204,0,0,11,0,11,143,34,38,0,215,0,0,0,215
08/14/2023,BDL,CT,ANE,EN,Towers with Radar,143,27,17,2,189,0,2,11,1,14,143,29,28,3,203,18,0,18,221
08/15/2023,BDL,CT,ANE,EN,Towers with Radar,155,26,25,10,216,0,0,0,0,0,155,26,25,10,216,0,0,0,216
08/16/2023,BDL,CT,ANE,EN,Towers with Radar,158,27,39,7,231,0,1,5,7,13,158,28,44,14,244,6,0,6,250
08/17/2023,BDL,CT,ANE,EN,Towers with Radar,166,33,25,2,226,0,0,5,3,8,166,33,30,5,234,2,0,2,236
08/18/2023,BDL,CT,ANE,EN,Towers with Radar,162,31,17,0,210,0,1,5,0,6,162,32,22,0,216,0,0,0,216
08/19/2023,BDL,CT,ANE,EN,Towers with Radar,133,24,7,0,164,0,0,3,0,3,133,24,10,0,167,0,0,0,167
08/20/2023,BDL,CT,ANE,EN,Towers with Radar,148,22,26,0,196,0,2,16,1,19,148,24,42,1,215,0,0,0,215
08/21/2023,BDL,CT,ANE,EN,Towers with Radar,152,26,28,5,211,0,2,12,5,19,152,28,40,10,230,2,2,4,234
08/22/2023,BDL,CT,ANE,EN,Towers with Radar,158,31,19,1,209,0,1,16,13,30,158,32,35,14,239,24,0,24,263
08/23/2023,BDL,CT,ANE,EN,Towers with Radar,153,32,29,4,218,0,1,19,10,30,153,33,48,14,248,5,0,5,253
08/24/2023,BDL,CT,ANE,EN,Towers with Radar,160,24,27,7,218,0,0,12,5,17,160,24,39,12,235,12,0,12,247
08/25/2023,BDL,CT,ANE,EN,Towers with Radar,151,26,32,0,209,0,0,1,0,1,151,26,33,0,210,0,0,0,210
08/26/2023,BDL,CT,ANE,EN,Towers with Radar,128,17,12,0,157,0,0,6,0,6,128,17,18,0,163,0,0,0,163
08/27/2023,BDL,CT,ANE,EN,Towers with Radar,146,18,13,0,177,0,0,7,0,7,146,18,20,0,184,0,0,0,184
08/28/2023,BDL,CT,ANE,EN,Towers with Radar,143,20,29,5,197,0,0,16,2,18,143,20,45,7,215,7,0,7,222
08/29/2023,BDL,CT,ANE,EN,Towers with Radar,142,22,45,7,216,0,0,8,5,13,142,22,53,12,229,0,0,0,229
08/30/2023,BDL,CT,ANE,EN,Towers with Radar,144,26,23,7,200,0,1,9,11,21,144,27,32,18,221,0,0,0,221
08/31/2023,BDL,CT,ANE,EN,Towers with Radar,155,28,17,3,203,0,3,19,8,30,155,31,36,11,233,0,0,0,233
