01/01/2020,BDR,CT,ANE,EN,Federal Contract Tower,0,4,4,0,8,0,0,33,0,33,0,4,37,0,41,24,0,24,65
01/02/2020,BDR,CT,ANE,EN,Federal Contract Tower,0,4,4,0,8,0,4,57,0,61,0,8,61,0,69,62,0,62,131
01/03/2020,BDR,CT,ANE,EN,Federal Contract Tower,0,3,17,0,20,0,0,0,0,0,0,3,17,0,20,0,0,0,20
01/04/2020,BDR,CT,ANE,EN,Federal Contract Tower,0,2,4,0,6,0,0,0,0,0,0,2,4,0,6,0,0,0,6
01/05/2020,BDR,CT,ANE,EN,Federal Contract Tower,0,6,10,0,16,0,0,29,0,29,0,6,39,0,45,12,0,12,57
01/06/2020,BDR,CT,ANE,EN,Federal Contract Tower,0,6,2,0,8,0,0,32,0,32,0,6,34,0,40,58,0,58,98
01/07/2020,BDR,CT,ANE,EN,Federal Contract Tower,0,7,7,0,14,0,0,47,0,47,0,7,54,0,61,56,0,56,117
01/08/2020,BDR,CT,ANE,EN,Federal Contract Tower,0,6,13,0,19,0,1,23,0,24,0,7,36,0,43,0,0,0,43
01/09/2020,BDR,CT,ANE,EN,Federal Contract Tower,0,8,8,0,16,0,2,69,2,73,0,10,77,2,89,118,4,122,211
01/10/2020,BDR,CT,ANE,EN,Federal Contract Tower,0,2,7,0,9,0,0,46,0,46,0,2,53,0,55,124,0,124,179
01/11/2020,BDR,CT,ANE,EN,Federal Contract Tower,0,7,16,0,23,0,1,44,0,45,0,8,60,0,68,134,0,134,202
01/12/2020,BDR,CT,ANE,EN,Federal Contract Tower,0,1,8,0,9,0,0,38,0,38,0,1,46,0,47,60,0,60,107
01/13/2020,BDR,CT,ANE,EN,Federal Contract Tower,0,5,9,0,14,0,0,6,0,6,0,5,15,0,20,0,0,0,20
01/14/2020,BDR,CT,ANE,EN,Federal Contract Tower,0,5,13,0,18,0,0,18,0,18,0,5,31,0,36,24,0,24,60
01/15/2020,BDR,CT,ANE,EN,Federal Contract Tower,0,9,7,0,16,0,0,94,0,94,0,9,101,0,110,172,0,172,282
01/16/2020,BDR,CT,ANE,EN,Federal Contract Tower,0,8,6,0,14,0,0,3,0,3,0,8,9,0,17,0,0,0,17
01/17/2020,BDR,CT,ANE,EN,Federal Contract Tower,0,5,13,0,18,0,0,23,0,23,0,5,36,0,41,16,0,16,57
01/18/2020,BDR,CT,ANE,EN,Federal Contract Tower,0,1,1,0,2,0,0,45,0,45,0,1,46,0,47,90,0,90,137
01/19/2020,BDR,CT,ANE,EN,Federal Contract Tower,0,6,6,0,12,0,0,52,0,52,0,6,58,0,64,74,0,74,138
01/20/2020,BDR,CT,ANE,EN,Federal Contract Tower,0,4,10,0,14,0,4,48,0,52,0,8,58,0,66,24,0,24,90
01/21/2020,BDR,CT,ANE,EN,Federal Contract Tower,0,7,9,0,16,0,2,59,0,61,0,9,68,0,77,72,0,72,149
01/22/2020,BDR,CT,ANE,EN,Federal Contract Tower,0,10,4,0,14,0,3,55,0,58,0,13,59,0,72,134,0,134,206
01/23/2020,BDR,CT,ANE,EN,Federal Contract Tower,0,4,9,0,13,0,3,46,0,49,0,7,55,0,62,90,0,90,152
01/24/2020,BDR,CT,ANE,EN,Federal Contract Tower,0,6,8,0,14,0,0,75,2,77,0,6,83,2,91,182,2,184,275
01/25/2020,BDR,CT,ANE,EN,Federal Contract Tower,0,3,3,0,6,0,0,0,0,0,0,3,3,0,6,0,0,0,6
01/26/2020,BDR,CT,ANE,EN,Federal Contract Tower,0,3,7,0,10,0,0,99,0,99,0,3,106,0,109,226,0,226,335
01/27/2020,BDR,CT,ANE,EN,Federal Contract Tower,0,1,7,0,8,0,0,39,0,39,0,1,46,0,47,90,0,90,137
01/28/2020,BDR,CT,ANE,EN,Federal Contract Tower,0,6,4,0,10,0,6,39,0,45,0,12,43,0,55,96,0,96,151
01/29/2020,BDR,CT,ANE,EN,Federal Contract Tower,0,6,9,0,15,0,1,67,0,68,0,7,76,0,83,102,0,102,185
01/30/2020,BDR,CT,ANE,EN,Federal Contract Tower,0,8,18,0,26,0,2,46,0,48,0,10,64,0,74,74,0,74,148
01/31/2020,BDR,CT,ANE,EN,Federal Contract Tower,0,7,5,0,12,0,0,41,0,41,0,7,46,0,53,92,0,92,145
02/01/2020,BDR,CT,ANE,EN,Federal Contract Tower,0,3,9,0,12,0,0,0,0,0,0,3,9,0,12,0,0,0,12
02/02/2020,BDR,CT,ANE,EN,Federal Contract Tower,0,2,9,0,11,0,0,54,0,54,0,2,63,0,65,198,0,198,263
02/03/2020,BDR,CT,ANE,EN,Federal Contract Tower,0,8,7,0,15,0,0,64,0,64,0,8,71,0,79,110,0,110,189
02/04/2020,BDR,CT,ANE,EN,Federal Contract Tower,0,6,12,0,18,0,0,27,0,27,0,6,39,0,45,66,0,66,111
02/05/2020,BDR,CT,ANE,EN,Federal Contract Tower,0,6,11,0,17,0,0,54,0,54,0,6,65,0,71,146,0,146,217
02/06/2020,BDR,CT,ANE,EN,Federal Contract Tower,0,2,6,0,8,0,0,0,0,0,0,2,6,0,8,0,0,0,8
02/07/2020,BDR,CT,ANE,EN,Federal Contract Tower,0,8,3,0,11,0,0,1,0,1,0,8,4,0,12,0,0,0,12
02/08/2020,BDR,CT,ANE,EN,Federal Contract Tower,0,2,5,0,7,0,2,59,0,61,0,4,64,0,68,152,0,152,220
02/09/2020,BDR,CT,ANE,EN,Federal Contract Tower,0,4,11,0,15,0,0,75,0,75,0,4,86,0,90,254,0,254,344
02/10/2020,BDR,CT,ANE,EN,Federal Contract Tower,0,2,14,0,16,0,0,3,0,3,0,2,17,0,19,0,0,0,19
02/11/2020,BDR,CT,ANE,EN,Federal Contract Tower,0,6,5,0,11,0,0,0,0,0,0,6,5,0,11,0,0,0,11
02/12/2020,BDR,CT,ANE,EN,Federal Contract Tower,0,2,20,0,22,0,0,64,0,64,0,2,84,0,86,106,0,106,192
02/13/2020,BDR,CT,ANE,EN,Federal Contract Tower,0,3,17,0,20,0,0,3,0,3,0,3,20,0,23,0,0,0,23
02/14/2020,BDR,CT,ANE,EN,Federal Contract Tower,0,8,8,0,16,0,0,29,0,29,0,8,37,0,45,12,0,12,57
02/15/2020,BDR,CT,ANE,EN,Federal Contract Tower,0,1,13,0,14,0,2,54,0,56,0,3,67,0,70,158,0,158,228
02/16/2020,BDR,CT,ANE,EN,Federal Contract Tower,0,2,3,0,5,0,0,71,0,71,0,2,74,0,76,228,0,228,304
02/17/2020,BDR,CT,ANE,EN,Federal Contract Tower,0,5,11,0,16,0,4,82,0,86,0,9,93,0,102,194,0,194,296
02/18/2020,BDR,CT,ANE,EN,Federal Contract Tower,0,12,5,0,17,0,0,2,0,2,0,12,7,0,19,0,0,0,19
02/19/2020,BDR,CT,ANE,EN,Federal Contract Tower,0,6,5,0,11,0,1,38,4,43,0,7,43,4,54,58,0,58,112
02/20/2020,BDR,CT,ANE,EN,Federal Contract Tower,0,6,2,0,8,0,1,60,0,61,0,7,62,0,69,120,0,120,189
02/21/2020,BDR,CT,ANE,EN,Federal Contract Tower,0,4,13,0,17,0,2,57,0,59,0,6,70,0,76,148,0,148,224
02/22/2020,BDR,CT,ANE,EN,Federal Contract Tower,0,0,11,0,11,0,0,58,0,58,0,0,69,0,69,132,0,132,201
02/23/2020,BDR,CT,ANE,EN,Federal Contract Tower,0,2,2,0,4,0,0,95,0,95,0,2,97,0,99,190,0,190,289
02/25/2020,BDR,CT,ANE,EN,Federal Contract Tower,0,9,9,0,18,0,2,14,0,16,0,11,23,0,34,12,0,12,46
02/26/2020,BDR,CT,ANE,EN,Federal Contract Tower,0,2,18,0,20,0,0,0,0,0,0,2,18,0,20,0,0,0,20
02/27/2020,BDR,CT,ANE,EN,Federal Contract Tower,0,7,8,0,15,0,0,4,0,4,0,7,12,0,19,0,0,0,19
02/28/2020,BDR,CT,ANE,EN,Federal Contract Tower,0,3,9,0,12,0,0,12,0,12,0,3,21,0,24,14,0,14,38
02/29/2020,BDR,CT,ANE,EN,Federal Contract Tower,0,3,4,0,7,0,0,58,0,58,0,3,62,0,65,152,0,152,217
03/01/2020,BDR,CT,ANE,EN,Federal Contract Tower,0,6,6,0,12,0,0,41,0,41,0,6,47,0,53,118,0,118,171
03/02/2020,BDR,CT,ANE,EN,Federal Contract Tower,0,7,8,0,15,0,1,72,0,73,0,8,80,0,88,174,0,174,262
03/03/2020,BDR,CT,ANE,EN,Federal Contract Tower,0,8,4,0,12,0,1,18,0,19,0,9,22,0,31,10,0,10,41
03/04/2020,BDR,CT,ANE,EN,Federal Contract Tower,0,12,8,0,20,0,0,20,0,20,0,12,28,0,40,6,0,6,46
03/05/2020,BDR,CT,ANE,EN,Federal Contract Tower,0,3,10,0,13,0,2,66,0,68,0,5,76,0,81,108,2,110,191
03/06/2020,BDR,CT,ANE,EN,Federal Contract Tower,0,10,7,0,17,0,0,25,0,25,0,10,32,0,42,32,0,32,74
03/07/2020,BDR,CT,ANE,EN,Federal Contract Tower,0,0,2,0,2,0,0,37,0,37,0,0,39,0,39,10,0,10,49
03/08/2020,BDR,CT,ANE,EN,Federal Contract Tower,0,2,7,0,9,0,0,151,0,151,0,2,158,0,160,238,0,238,398
03/09/2020,BDR,CT,ANE,EN,Federal Contract Tower,0,4,3,0,7,0,2,82,0,84,0,6,85,0,91,250,0,250,341
03/10/2020,BDR,CT,ANE,EN,Federal Contract Tower,0,5,11,0,16,0,0,40,0,40,0,5,51,0,56,58,0,58,114
03/11/2020,BDR,CT,ANE,EN,Federal Contract Tower,0,10,18,0,28,0,0,75,0,75,0,10,93,0,103,178,0,178,281
03/12/2020,BDR,CT,ANE,EN,Federal Contract Tower,0,9,14,0,23,0,0,28,4,32,0,9,42,4,55,40,0,40,95
03/13/2020,BDR,CT,ANE,EN,Federal Contract Tower,0,4,3,0,7,0,0,0,0,0,0,4,3,0,7,6,0,6,13
03/14/2020,BDR,CT,ANE,EN,Federal Contract Tower,0,7,13,0,20,0,0,104,0,104,0,7,117,0,124,172,0,172,296
03/15/2020,BDR,CT,ANE,EN,Federal Contract Tower,0,9,5,0,14,0,0,87,0,87,0,9,92,0,101,206,0,206,307
03/16/2020,BDR,CT,ANE,EN,Federal Contract Tower,0,9,5,0,14,0,1,57,0,58,0,10,62,0,72,137,0,137,209
03/17/2020,BDR,CT,ANE,EN,Federal Contract Tower,0,3,8,0,11,0,0,2,0,2,0,3,10,0,13,0,0,0,13
03/18/2020,BDR,CT,ANE,EN,Federal Contract Tower,0,6,14,0,20,0,0,52,0,52,0,6,66,0,72,106,0,106,178
03/19/2020,BDR,CT,ANE,EN,Federal Contract Tower,0,7,2,1,10,0,0,0,0,0,0,7,2,1,10,0,0,0,10
03/20/2020,BDR,CT,ANE,EN,Federal Contract Tower,0,5,6,0,11,0,0,4,10,14,0,5,10,10,25,0,0,0,25
03/21/2020,BDR,CT,ANE,EN,Federal Contract Tower,0,0,1,0,1,0,0,52,0,52,0,0,53,0,53,100,0,100,153
03/22/2020,BDR,CT,ANE,EN,Federal Contract Tower,0,3,9,0,12,0,0,68,0,68,0,3,77,0,80,184,0,184,264
03/23/2020,BDR,CT,ANE,EN,Federal Contract Tower,0,1,1,0,2,0,0,0,0,0,0,1,1,0,2,0,0,0,2
03/24/2020,BDR,CT,ANE,EN,Federal Contract Tower,0,2,4,0,6,0,0,20,0,20,0,2,24,0,26,46,0,46,72
03/25/2020,BDR,CT,ANE,EN,Federal Contract Tower,0,2,1,0,3,0,0,4,0,4,0,2,5,0,7,0,0,0,7
03/26/2020,BDR,CT,ANE,EN,Federal Contract Tower,0,3,17,0,20,0,0,66,0,66,0,3,83,0,86,92,0,92,178
03/27/2020,BDR,CT,ANE,EN,Federal Contract Tower,0,2,3,0,5,0,0,20,0,20,0,2,23,0,25,30,0,30,55
03/28/2020,BDR,CT,ANE,EN,Federal Contract Tower,0,0,0,0,0,0,0,13,0,13,0,0,13,0,13,72,0,72,85
03/29/2020,BDR,CT,ANE,EN,Federal Contract Tower,0,3,5,0,8,0,0,0,0,0,0,3,5,0,8,0,0,0,8
03/30/2020,BDR,CT,ANE,EN,Federal Contract Tower,0,3,5,0,8,0,0,5,0,5,0,3,10,0,13,16,0,16,29
03/31/2020,BDR,CT,ANE,EN,Federal Contract Tower,0,3,1,0,4,0,16,0,0,16,0,19,1,0,20,116,0,116,136
04/01/2020,BDR,CT,ANE,EN,Federal Contract Tower,0,3,5,0,8,0,0,18,0,18,0,3,23,0,26,64,0,64,90
04/02/2020,BDR,CT,ANE,EN,Federal Contract Tower,0,2,1,0,3,0,0,10,0,10,0,2,11,0,13,0,0,0,13
04/03/2020,BDR,CT,ANE,EN,Federal Contract Tower,0,2,4,2,8,0,0,1,0,1,0,2,5,2,9,0,0,0,9
04/04/2020,BDR,CT,ANE,EN,Federal Contract Tower,0,0,2,0,2,0,0,32,0,32,0,0,34,0,34,72,0,72,106
04/05/2020,BDR,CT,ANE,EN,Federal Contract Tower,0,0,9,0,9,0,0,27,0,27,0,0,36,0,36,108,0,108,144
04/06/2020,BDR,CT,ANE,EN,Federal Contract Tower,0,2,0,0,2,0,0,40,0,40,0,2,40,0,42,90,0,90,132
04/07/2020,BDR,CT,ANE,EN,Federal Contract Tower,0,2,1,2,5,0,0,43,0,43,0,2,44,2,48,132,0,132,180
04/08/2020,BDR,CT,ANE,EN,Federal Contract Tower,0,4,3,0,7,0,0,4,0,4,0,4,7,0,11,10,2,12,23
04/09/2020,BDR,CT,ANE,EN,Federal Contract Tower,0,2,1,0,3,0,0,0,0,0,0,2,1,0,3,0,0,0,3
04/10/2020,BDR,CT,ANE,EN,Federal Contract Tower,0,2,1,0,3,0,0,3,0,3,0,2,4,0,6,0,0,0,6
04/11/2020,BDR,CT,ANE,EN,Federal Contract Tower,0,0,1,0,1,0,0,20,0,20,0,0,21,0,21,56,0,56,77
04/12/2020,BDR,CT,ANE,EN,Federal Contract Tower,0,0,4,0,4,0,0,50,0,50,0,0,54,0,54,146,0,146,200
04/13/2020,BDR,CT,ANE,EN,Federal Contract Tower,0,1,0,0,1,0,0,0,0,0,0,1,0,0,1,0,0,0,1
04/14/2020,BDR,CT,ANE,EN,Federal Contract Tower,0,2,2,0,4,0,0,52,0,52,0,2,54,0,56,162,0,162,218
04/15/2020,BDR,CT,ANE,EN,Federal Contract Tower,0,5,1,0,6,0,0,32,2,34,0,5,33,2,40,46,0,46,86
04/16/2020,BDR,CT,ANE,EN,Federal Contract Tower,0,2,1,0,3,0,0,20,0,20,0,2,21,0,23,40,2,42,65
04/17/2020,BDR,CT,ANE,EN,Federal Contract Tower,0,3,4,0,7,0,0,24,0,24,0,3,28,0,31,46,0,46,77
04/18/2020,BDR,CT,ANE,EN,Federal Contract Tower,0,6,2,0,8,0,0,2,0,2,0,6,4,0,10,24,0,24,34
04/19/2020,BDR,CT,ANE,EN,Federal Contract Tower,0,3,8,0,11,0,0,65,0,65,0,3,73,0,76,84,0,84,160
04/20/2020,BDR,CT,ANE,EN,Federal Contract Tower,0,2,3,0,5,0,0,26,0,26,0,2,29,0,31,62,0,62,93
04/21/2020,BDR,CT,ANE,EN,Federal Contract Tower,0,3,3,0,6,0,0,0,0,0,0,3,3,0,6,0,0,0,6
04/22/2020,BDR,CT,ANE,EN,Federal Contract Tower,0,2,5,0,7,0,0,7,0,7,0,2,12,0,14,0,0,0,14
04/23/2020,BDR,CT,ANE,EN,Federal Contract Tower,0,2,6,0,8,0,0,52,0,52,0,2,58,0,60,208,0,208,268
04/24/2020,BDR,CT,ANE,EN,Federal Contract Tower,0,4,9,0,13,0,0,0,0,0,0,4,9,0,13,0,0,0,13
04/25/2020,BDR,CT,ANE,EN,Federal Contract Tower,0,3,9,0,12,0,0,128,0,128,0,3,137,0,140,122,0,122,262
04/26/2020,BDR,CT,ANE,EN,Federal Contract Tower,0,0,1,0,1,0,0,0,0,0,0,0,1,0,1,0,0,0,1
04/27/2020,BDR,CT,ANE,EN,Federal Contract Tower,0,3,1,0,4,0,0,0,0,0,0,3,1,0,4,0,0,0,4
04/28/2020,BDR,CT,ANE,EN,Federal Contract Tower,0,4,6,0,10,0,0,54,0,54,0,4,60,0,64,146,0,146,210
04/29/2020,BDR,CT,ANE,EN,Federal Contract Tower,0,7,6,0,13,0,0,18,0,18,0,7,24,0,31,38,0,38,69
04/30/2020,BDR,CT,ANE,EN,Federal Contract Tower,0,4,2,0,6,0,1,0,0,1,0,5,2,0,7,0,0,0,7
05/01/2020,BDR,CT,ANE,EN,Federal Contract Tower,0,8,7,0,15,0,0,0,0,0,0,8,7,0,15,0,0,0,15
05/02/2020,BDR,CT,ANE,EN,Federal Contract Tower,0,15,19,0,34,0,0,63,0,63,0,15,82,0,97,60,0,60,157
05/03/2020,BDR,CT,ANE,EN,Federal Contract Tower,0,12,8,0,20,0,0,101,0,101,0,12,109,0,121,220,0,220,341
05/04/2020,BDR,CT,ANE,EN,Federal Contract Tower,0,10,2,0,12,0,0,24,0,24,0,10,26,0,36,74,0,74,110
05/05/2020,BDR,CT,ANE,EN,Federal Contract Tower,0,10,4,0,14,0,0,52,0,52,0,10,56,0,66,170,0,170,236
05/06/2020,BDR,CT,ANE,EN,Federal Contract Tower,0,12,5,1,18,0,0,14,2,16,0,12,19,3,34,52,0,52,86
05/07/2020,BDR,CT,ANE,EN,Federal Contract Tower,0,6,8,0,14,0,2,59,0,61,0,8,67,0,75,176,0,176,251
05/08/2020,BDR,CT,ANE,EN,Federal Contract Tower,0,12,4,0,16,0,0,20,0,20,0,12,24,0,36,76,0,76,112
05/09/2020,BDR,CT,ANE,EN,Federal Contract Tower,0,9,2,0,11,0,0,3,0,3,0,9,5,0,14,2,0,2,16
05/10/2020,BDR,CT,ANE,EN,Federal Contract Tower,0,8,2,0,10,0,0,24,0,24,0,8,26,0,34,36,0,36,70
05/11/2020,BDR,CT,ANE,EN,Federal Contract Tower,0,8,1,0,9,0,1,7,0,8,0,9,8,0,17,20,0,20,37
05/12/2020,BDR,CT,ANE,EN,Federal Contract Tower,0,10,9,0,19,0,1,31,0,32,0,11,40,0,51,126,0,126,177
05/13/2020,BDR,CT,ANE,EN,Federal Contract Tower,0,14,14,0,28,0,0,60,0,60,0,14,74,0,88,126,0,126,214
05/14/2020,BDR,CT,ANE,EN,Federal Contract Tower,0,9,7,0,16,0,0,73,0,73,0,9,80,0,89,188,0,188,277
05/15/2020,BDR,CT,ANE,EN,Federal Contract Tower,0,11,8,0,19,0,3,37,0,40,0,14,45,0,59,88,0,88,147
05/16/2020,BDR,CT,ANE,EN,Federal Contract Tower,0,14,7,0,21,0,1,78,0,79,0,15,85,0,100,96,0,96,196
05/17/2020,BDR,CT,ANE,EN,Federal Contract Tower,0,8,4,0,12,0,0,97,0,97,0,8,101,0,109,236,0,236,345
05/18/2020,BDR,CT,ANE,EN,Federal Contract Tower,0,6,1,0,7,0,1,37,0,38,0,7,38,0,45,80,0,80,125
05/19/2020,BDR,CT,ANE,EN,Federal Contract Tower,0,8,7,0,15,0,0,19,4,23,0,8,26,4,38,24,0,24,62
05/20/2020,BDR,CT,ANE,EN,Federal Contract Tower,0,8,3,0,11,0,0,34,0,34,0,8,37,0,45,70,0,70,115
05/21/2020,BDR,CT,ANE,EN,Federal Contract Tower,0,5,7,2,14,0,3,77,0,80,0,8,84,2,94,176,0,176,270
05/22/2020,BDR,CT,ANE,EN,Federal Contract Tower,0,5,1,0,6,0,2,56,0,58,0,7,57,0,64,100,0,100,164
05/23/2020,BDR,CT,ANE,EN,Federal Contract Tower,0,4,4,0,8,0,0,0,0,0,0,4,4,0,8,0,0,0,8
05/24/2020,BDR,CT,ANE,EN,Federal Contract Tower,0,1,4,0,5,0,0,48,0,48,0,1,52,0,53,26,0,26,79
05/25/2020,BDR,CT,ANE,EN,Federal Contract Tower,0,1,8,2,11,0,0,12,0,12,0,1,20,2,23,28,0,28,51
05/26/2020,BDR,CT,ANE,EN,Federal Contract Tower,0,4,10,2,16,0,2,21,0,23,0,6,31,2,39,44,0,44,83
05/27/2020,BDR,CT,ANE,EN,Federal Contract Tower,0,6,13,0,19,0,1,36,0,37,0,7,49,0,56,86,0,86,142
05/28/2020,BDR,CT,ANE,EN,Federal Contract Tower,0,8,14,4,26,0,0,1,0,1,0,8,15,4,27,0,0,0,27
05/29/2020,BDR,CT,ANE,EN,Federal Contract Tower,0,12,9,0,21,0,0,2,0,2,0,12,11,0,23,0,0,0,23
05/30/2020,BDR,CT,ANE,EN,Federal Contract Tower,0,3,21,0,24,0,0,75,0,75,0,3,96,0,99,146,0,146,245
05/31/2020,BDR,CT,ANE,EN,Federal Contract Tower,0,5,6,0,11,0,0,76,0,76,0,5,82,0,87,164,0,164,251
06/01/2020,BDR,CT,ANE,EN,Federal Contract Tower,0,16,5,0,21,0,0,86,0,86,0,16,91,0,107,126,0,126,233
06/02/2020,BDR,CT,ANE,EN,Federal Contract Tower,0,5,16,0,21,0,0,41,0,41,0,5,57,0,62,48,0,48,110
06/03/2020,BDR,CT,ANE,EN,Federal Contract Tower,0,2,3,0,5,0,0,13,0,13,0,2,16,0,18,12,0,12,30
06/04/2020,BDR,CT,ANE,EN,Federal Contract Tower,0,6,6,0,12,0,0,76,0,76,0,6,82,0,88,170,0,170,258
06/05/2020,BDR,CT,ANE,EN,Federal Contract Tower,0,7,19,0,26,0,0,5,0,5,0,7,24,0,31,0,0,0,31
06/06/2020,BDR,CT,ANE,EN,Federal Contract Tower,0,3,6,0,9,0,0,39,0,39,0,3,45,0,48,96,0,96,144
06/07/2020,BDR,CT,ANE,EN,Federal Contract Tower,0,4,3,0,7,0,0,44,0,44,0,4,47,0,51,62,0,62,113
06/08/2020,BDR,CT,ANE,EN,Federal Contract Tower,0,7,10,0,17,0,6,79,0,85,0,13,89,0,102,136,0,136,238
06/09/2020,BDR,CT,ANE,EN,Federal Contract Tower,0,10,8,0,18,0,3,78,0,81,0,13,86,0,99,194,0,194,293
06/10/2020,BDR,CT,ANE,EN,Federal Contract Tower,0,10,4,0,14,0,0,57,0,57,0,10,61,0,71,160,0,160,231
06/11/2020,BDR,CT,ANE,EN,Federal Contract Tower,0,10,6,0,16,0,1,0,0,1,0,11,6,0,17,0,0,0,17
06/12/2020,BDR,CT,ANE,EN,Federal Contract Tower,0,11,8,0,19,0,0,82,0,82,0,11,90,0,101,174,0,174,275
06/13/2020,BDR,CT,ANE,EN,Federal Contract Tower,0,2,9,0,11,0,0,63,0,63,0,2,72,0,74,88,0,88,162
06/14/2020,BDR,CT,ANE,EN,Federal Contract Tower,0,3,3,0,6,0,0,96,0,96,0,3,99,0,102,72,0,72,174
06/15/2020,BDR,CT,ANE,EN,Federal Contract Tower,0,16,4,0,20,0,1,66,0,67,0,17,70,0,87,143,0,143,230
06/16/2020,BDR,CT,ANE,EN,Federal Contract Tower,0,9,8,2,19,0,0,56,0,56,0,9,64,2,75,132,0,132,207
06/17/2020,BDR,CT,ANE,EN,Federal Contract Tower,0,3,10,0,13,0,0,85,0,85,0,3,95,0,98,124,0,124,222
06/18/2020,BDR,CT,ANE,EN,Federal Contract Tower,0,11,17,0,28,0,1,26,0,27,0,12,43,0,55,2,0,2,57
06/19/2020,BDR,CT,ANE,EN,Federal Contract Tower,0,10,6,0,16,0,0,35,0,35,0,10,41,0,51,110,0,110,161
06/20/2020,BDR,CT,ANE,EN,Federal Contract Tower,0,5,9,0,14,0,0,61,0,61,0,5,70,0,75,122,0,122,197
06/21/2020,BDR,CT,ANE,EN,Federal Contract Tower,0,2,9,0,11,0,0,81,0,81,0,2,90,0,92,134,0,134,226
06/22/2020,BDR,CT,ANE,EN,Federal Contract Tower,0,8,6,0,14,0,1,63,0,64,0,9,69,0,78,116,0,116,194
06/23/2020,BDR,CT,ANE,EN,Federal Contract Tower,0,4,15,0,19,0,0,80,0,80,0,4,95,0,99,146,0,146,245
06/24/2020,BDR,CT,ANE,EN,Federal Contract Tower,0,17,13,0,30,0,1,48,0,49,0,18,61,0,79,130,0,130,209
06/25/2020,BDR,CT,ANE,EN,Federal Contract Tower,0,8,10,0,18,0,2,83,0,85,0,10,93,0,103,156,0,156,259
06/26/2020,BDR,CT,ANE,EN,Federal Contract Tower,0,9,8,0,17,0,0,96,0,96,0,9,104,0,113,158,0,158,271
06/27/2020,BDR,CT,ANE,EN,Federal Contract Tower,0,1,5,0,6,0,5,36,0,41,0,6,41,0,47,42,0,42,89
06/28/2020,BDR,CT,ANE,EN,Federal Contract Tower,0,2,15,0,17,0,0,0,0,0,0,2,15,0,17,8,0,8,25
06/29/2020,BDR,CT,ANE,EN,Federal Contract Tower,0,6,13,0,19,0,1,48,0,49,0,7,61,0,68,52,0,52,120
06/30/2020,BDR,CT,ANE,EN,Federal Contract Tower,0,9,12,0,21,0,2,42,0,44,0,11,54,0,65,106,0,106,171
07/01/2020,BDR,CT,ANE,EN,Federal Contract Tower,0,4,4,0,8,0,2,25,0,27,0,6,29,0,35,62,0,62,97
07/02/2020,BDR,CT,ANE,EN,Federal Contract Tower,0,9,14,0,23,0,4,121,0,125,0,13,135,0,148,216,0,216,364
07/03/2020,BDR,CT,ANE,EN,Federal Contract Tower,0,3,6,0,9,0,5,41,0,46,0,8,47,0,55,94,0,94,149
07/04/2020,BDR,CT,ANE,EN,Federal Contract Tower,0,3,15,0,18,0,0,64,0,64,0,3,79,0,82,130,0,130,212
07/05/2020,BDR,CT,ANE,EN,Federal Contract Tower,0,8,14,0,22,0,4,66,0,70,0,12,80,0,92,40,0,40,132
07/07/2020,BDR,CT,ANE,EN,Federal Contract Tower,0,13,19,0,32,0,0,3,0,3,0,13,22,0,35,0,0,0,35
07/08/2020,BDR,CT,ANE,EN,Federal Contract Tower,0,7,16,0,23,0,1,38,2,41,0,8,54,2,64,56,0,56,120
07/09/2020,BDR,CT,ANE,EN,Federal Contract Tower,0,9,19,0,28,0,1,76,0,77,0,10,95,0,105,214,0,214,319
07/10/2020,BDR,CT,ANE,EN,Federal Contract Tower,0,6,3,0,9,0,0,0,0,0,0,6,3,0,9,0,0,0,9
07/11/2020,BDR,CT,ANE,EN,Federal Contract Tower,0,6,7,1,14,0,0,15,0,15,0,6,22,1,29,22,0,22,51
07/12/2020,BDR,CT,ANE,EN,Federal Contract Tower,0,6,19,0,25,0,2,128,0,130,0,8,147,0,155,264,0,264,419
07/13/2020,BDR,CT,ANE,EN,Federal Contract Tower,0,8,9,0,17,0,0,42,0,42,0,8,51,0,59,146,0,146,205
07/14/2020,BDR,CT,ANE,EN,Federal Contract Tower,0,11,5,0,16,6,85,0,0,91,6,96,5,0,107,206,0,206,313
07/15/2020,BDR,CT,ANE,EN,Federal Contract Tower,0,7,25,0,32,0,0,82,0,82,0,7,107,0,114,168,0,168,282
07/16/2020,BDR,CT,ANE,EN,Federal Contract Tower,0,4,14,0,18,0,0,89,0,89,0,4,103,0,107,186,0,186,293
07/17/2020,BDR,CT,ANE,EN,Federal Contract Tower,0,9,22,0,31,0,0,12,0,12,0,9,34,0,43,0,0,0,43
07/18/2020,BDR,CT,ANE,EN,Federal Contract Tower,0,2,13,0,15,0,0,103,0,103,0,2,116,0,118,142,0,142,260
07/19/2020,BDR,CT,ANE,EN,Federal Contract Tower,0,2,8,0,10,0,0,102,0,102,0,2,110,0,112,104,0,104,216
07/20/2020,BDR,CT,ANE,EN,Federal Contract Tower,0,8,11,0,19,0,0,75,0,75,0,8,86,0,94,84,0,84,178
07/21/2020,BDR,CT,ANE,EN,Federal Contract Tower,0,11,5,0,16,0,0,124,0,124,0,11,129,0,140,188,0,188,328
07/22/2020,BDR,CT,ANE,EN,Federal Contract Tower,0,7,16,0,23,0,0,88,0,88,0,7,104,0,111,140,0,140,251
07/23/2020,BDR,CT,ANE,EN,Federal Contract Tower,0,14,15,0,29,0,3,43,0,46,0,17,58,0,75,124,0,124,199
07/24/2020,BDR,CT,ANE,EN,Federal Contract Tower,0,6,11,0,17,0,6,57,0,63,0,12,68,0,80,84,0,84,164
07/25/2020,BDR,CT,ANE,EN,Federal Contract Tower,0,3,13,0,16,0,0,132,0,132,0,3,145,0,148,182,0,182,330
07/26/2020,BDR,CT,ANE,EN,Federal Contract Tower,0,6,8,0,14,0,1,100,0,101,0,7,108,0,115,174,0,174,289
07/27/2020,BDR,CT,ANE,EN,Federal Contract Tower,0,1,4,1,6,0,0,71,0,71,0,1,75,1,77,100,0,100,177
07/28/2020,BDR,CT,ANE,EN,Federal Contract Tower,0,10,2,0,12,0,10,56,0,66,0,20,58,0,78,198,0,198,276
07/29/2020,BDR,CT,ANE,EN,Federal Contract Tower,0,12,8,0,20,0,0,83,0,83,0,12,91,0,103,132,0,132,235
07/30/2020,BDR,CT,ANE,EN,Federal Contract Tower,0,8,10,0,18,0,5,66,0,71,0,13,76,0,89,124,0,124,213
07/31/2020,BDR,CT,ANE,EN,Federal Contract Tower,0,8,20,0,28,0,2,43,0,45,0,10,63,0,73,56,0,56,129
08/01/2020,BDR,CT,ANE,EN,Federal Contract Tower,0,5,3,0,8,0,9,146,0,155,0,14,149,0,163,242,0,242,405
08/02/2020,BDR,CT,ANE,EN,Federal Contract Tower,0,9,19,0,28,0,0,26,0,26,0,9,45,0,54,80,0,80,134
08/03/2020,BDR,CT,ANE,EN,Federal Contract Tower,0,7,7,0,14,0,7,89,0,96,0,14,96,0,110,186,0,186,296
08/04/2020,BDR,CT,ANE,EN,Federal Contract Tower,0,3,3,0,6,0,0,0,0,0,0,3,3,0,6,0,0,0,6
08/05/2020,BDR,CT,ANE,EN,Federal Contract Tower,0,0,0,0,0,0,0,0,0,0,0,0,0,0,0,0,0,0,0
08/06/2020,BDR,CT,ANE,EN,Federal Contract Tower,0,4,1,0,5,2,19,0,0,21,2,23,1,0,26,0,0,0,26
08/07/2020,BDR,CT,ANE,EN,Federal Contract Tower,0,8,10,0,18,0,0,34,0,34,0,8,44,0,52,48,0,48,100
08/08/2020,BDR,CT,ANE,EN,Federal Contract Tower,0,2,15,0,17,0,1,48,0,49,0,3,63,0,66,142,0,142,208
08/09/2020,BDR,CT,ANE,EN,Federal Contract Tower,0,3,9,0,12,0,6,59,0,65,0,9,68,0,77,124,0,124,201
08/10/2020,BDR,CT,ANE,EN,Federal Contract Tower,0,3,13,0,16,0,2,64,0,66,0,5,77,0,82,70,0,70,152
08/11/2020,BDR,CT,ANE,EN,Federal Contract Tower,0,6,17,2,25,0,2,74,0,76,0,8,91,2,101,182,0,182,283
08/12/2020,BDR,CT,ANE,EN,Federal Contract Tower,0,4,14,0,18,0,0,49,0,49,0,4,63,0,67,74,0,74,141
08/13/2020,BDR,CT,ANE,EN,Federal Contract Tower,0,8,13,0,21,0,0,37,0,37,0,8,50,0,58,94,0,94,152
08/14/2020,BDR,CT,ANE,EN,Federal Contract Tower,0,6,4,0,10,0,0,108,0,108,0,6,112,0,118,266,0,266,384
08/15/2020,BDR,CT,ANE,EN,Federal Contract Tower,0,5,15,0,20,0,2,105,0,107,0,7,120,0,127,259,0,259,386
08/16/2020,BDR,CT,ANE,EN,Federal Contract Tower,0,8,11,0,19,0,0,11,0,11,0,8,22,0,30,24,0,24,54
08/17/2020,BDR,CT,ANE,EN,Federal Contract Tower,0,3,15,0,18,0,0,86,0,86,0,3,101,0,104,116,0,116,220
08/18/2020,BDR,CT,ANE,EN,Federal Contract Tower,0,8,9,0,17,0,5,85,0,90,0,13,94,0,107,190,0,190,297
08/19/2020,BDR,CT,ANE,EN,Federal Contract Tower,0,10,6,1,17,0,0,59,1,60,0,10,65,2,77,156,0,156,233
08/20/2020,BDR,CT,ANE,EN,Federal Contract Tower,0,6,10,0,16,0,1,101,0,102,0,7,111,0,118,186,0,186,304
08/21/2020,BDR,CT,ANE,EN,Federal Contract Tower,0,7,18,0,25,0,0,92,0,92,0,7,110,0,117,126,0,126,243
08/22/2020,BDR,CT,ANE,EN,Federal Contract Tower,0,7,10,0,17,0,4,77,0,81,0,11,87,0,98,116,0,116,214
08/24/2020,BDR,CT,ANE,EN,Federal Contract Tower,0,3,12,0,15,0,0,36,0,36,0,3,48,0,51,31,0,31,82
08/25/2020,BDR,CT,ANE,EN,Federal Contract Tower,0,12,13,0,25,0,0,41,1,42,0,12,54,1,67,116,0,116,183
08/26/2020,BDR,CT,ANE,EN,Federal Contract Tower,0,6,9,0,15,0,0,70,2,72,0,6,79,2,87,108,0,108,195
08/27/2020,BDR,CT,ANE,EN,Federal Contract Tower,0,11,5,0,16,0,1,23,0,24,0,12,28,0,40,42,0,42,82
08/28/2020,BDR,CT,ANE,EN,Federal Contract Tower,0,5,14,0,19,0,2,100,0,102,0,7,114,0,121,250,0,250,371
08/29/2020,BDR,CT,ANE,EN,Federal Contract Tower,0,6,2,0,8,0,0,0,0,0,0,6,2,0,8,0,0,0,8
08/30/2020,BDR,CT,ANE,EN,Federal Contract Tower,0,6,12,0,18,0,1,81,0,82,0,7,93,0,100,196,0,196,296
08/31/2020,BDR,CT,ANE,EN,Federal Contract Tower,0,6,8,0,14,0,2,105,0,107,0,8,113,0,121,170,0,170,291
09/01/2020,BDR,CT,ANE,EN,Federal Contract Tower,0,3,12,1,16,0,0,34,0,34,0,3,46,1,50,26,0,26,76
09/02/2020,BDR,CT,ANE,EN,Federal Contract Tower,0,12,12,0,24,0,0,3,0,3,0,12,15,0,27,24,0,24,51
09/03/2020,BDR,CT,ANE,EN,Federal Contract Tower,0,11,16,0,27,0,1,87,0,88,0,12,103,0,115,156,0,156,271
09/04/2020,BDR,CT,ANE,EN,Federal Contract Tower,0,11,6,0,17,0,2,110,0,112,0,13,116,0,129,212,0,212,341
09/05/2020,BDR,CT,ANE,EN,Federal Contract Tower,0,1,6,0,7,0,2,104,0,106,0,3,110,0,113,286,0,286,399
09/06/2020,BDR,CT,ANE,EN,Federal Contract Tower,0,1,6,0,7,0,1,102,0,103,0,2,108,0,110,202,0,202,312
09/07/2020,BDR,CT,ANE,EN,Federal Contract Tower,0,9,10,0,19,0,1,114,0,115,0,10,124,0,134,160,0,160,294
09/08/2020,BDR,CT,ANE,EN,Federal Contract Tower,0,9,23,0,32,0,3,62,0,65,0,12,85,0,97,146,0,146,243
09/09/2020,BDR,CT,ANE,EN,Federal Contract Tower,0,8,8,0,16,0,0,58,0,58,0,8,66,0,74,150,0,150,224
09/10/2020,BDR,CT,ANE,EN,Federal Contract Tower,0,9,9,0,18,0,0,7,0,7,0,9,16,0,25,4,0,4,29
09/11/2020,BDR,CT,ANE,EN,Federal Contract Tower,0,14,16,0,30,0,1,84,0,85,0,15,100,0,115,200,0,200,315
09/12/2020,BDR,CT,ANE,EN,Federal Contract Tower,0,3,13,0,16,0,0,90,0,90,0,3,103,0,106,132,0,132,238
09/13/2020,BDR,CT,ANE,EN,Federal Contract Tower,0,5,7,0,12,0,5,63,0,68,0,10,70,0,80,154,0,154,234
09/14/2020,BDR,CT,ANE,EN,Federal Contract Tower,0,13,2,0,15,0,0,58,0,58,0,13,60,0,73,78,0,78,151
09/15/2020,BDR,CT,ANE,EN,Federal Contract Tower,0,12,12,0,24,0,0,110,0,110,0,12,122,0,134,154,0,154,288
09/16/2020,BDR,CT,ANE,EN,Federal Contract Tower,0,6,10,0,16,0,0,105,5,110,0,6,115,5,126,162,0,162,288
09/17/2020,BDR,CT,ANE,EN,Federal Contract Tower,0,6,15,0,21,0,0,80,0,80,0,6,95,0,101,100,0,100,201
09/18/2020,BDR,CT,ANE,EN,Federal Contract Tower,0,13,18,0,31,0,0,48,0,48,0,13,66,0,79,26,0,26,105
09/19/2020,BDR,CT,ANE,EN,Federal Contract Tower,0,3,4,0,7,0,3,70,0,73,0,6,74,0,80,111,0,111,191
09/20/2020,BDR,CT,ANE,EN,Federal Contract Tower,0,7,7,0,14,0,6,79,0,85,0,13,86,0,99,18,0,18,117
09/21/2020,BDR,CT,ANE,EN,Federal Contract Tower,0,8,10,0,18,0,1,81,0,82,0,9,91,0,100,116,0,116,216
09/22/2020,BDR,CT,ANE,EN,Federal Contract Tower,0,2,10,0,12,0,3,53,0,56,0,5,63,0,68,16,0,16,84
09/23/2020,BDR,CT,ANE,EN,Federal Contract Tower,0,7,3,0,10,0,1,77,0,78,0,8,80,0,88,172,0,172,260
09/24/2020,BDR,CT,ANE,EN,Federal Contract Tower,0,8,8,0,16,0,2,84,0,86,0,10,92,0,102,110,0,110,212
09/25/2020,BDR,CT,ANE,EN,Federal Contract Tower,0,6,15,0,21,0,3,80,0,83,0,9,95,0,104,226,0,226,330
09/26/2020,BDR,CT,ANE,EN,Federal Contract Tower,0,4,9,0,13,0,0,51,0,51,0,4,60,0,64,101,0,101,165
09/27/2020,BDR,CT,ANE,EN,Federal Contract Tower,0,3,18,0,21,0,0,29,0,29,0,3,47,0,50,70,0,70,120
09/28/2020,BDR,CT,ANE,EN,Federal Contract Tower,0,5,20,0,25,0,1,43,0,44,0,6,63,0,69,6,2,8,77
09/29/2020,BDR,CT,ANE,EN,Federal Contract Tower,0,11,19,0,30,0,0,13,0,13,0,11,32,0,43,0,0,0,43
09/30/2020,BDR,CT,ANE,EN,Federal Contract Tower,0,3,10,0,13,0,0,30,2,32,0,3,40,2,45,16,0,16,61
10/01/2020,BDR,CT,ANE,EN,Federal Contract Tower,0,7,13,0,20,0,0,89,0,89,0,7,102,0,109,152,0,152,261
10/02/2020,BDR,CT,ANE,EN,Federal Contract Tower,0,13,16,0,29,0,2,47,0,49,0,15,63,0,78,74,0,74,152
10/03/2020,BDR,CT,ANE,EN,Federal Contract Tower,0,6,4,0,10,0,0,110,2,112,0,6,114,2,122,166,0,166,288
10/04/2020,BDR,CT,ANE,EN,Federal Contract Tower,0,4,5,0,9,0,2,101,0,103,0,6,106,0,112,140,0,140,252
10/05/2020,BDR,CT,ANE,EN,Federal Contract Tower,0,9,9,0,18,0,1,37,0,38,0,10,46,0,56,110,0,110,166
10/06/2020,BDR,CT,ANE,EN,Federal Contract Tower,0,6,13,0,19,0,0,55,0,55,0,6,68,0,74,78,0,78,152
10/07/2020,BDR,CT,ANE,EN,Federal Contract Tower,0,11,13,0,24,0,0,40,0,40,0,11,53,0,64,48,0,48,112
10/08/2020,BDR,CT,ANE,EN,Federal Contract Tower,0,14,9,0,23,0,1,57,2,60,0,15,66,2,83,82,0,82,165
10/09/2020,BDR,CT,ANE,EN,Federal Contract Tower,0,11,14,0,25,0,4,90,2,96,0,15,104,2,121,300,0,300,421
10/11/2020,BDR,CT,ANE,EN,Federal Contract Tower,0,5,10,0,15,0,0,81,0,81,0,5,91,0,96,176,0,176,272
10/12/2020,BDR,CT,ANE,EN,Federal Contract Tower,0,9,9,0,18,0,1,3,2,6,0,10,12,2,24,0,0,0,24
10/13/2020,BDR,CT,ANE,EN,Federal Contract Tower,0,7,12,0,19,0,0,2,0,2,0,7,14,0,21,0,0,0,21
10/14/2020,BDR,CT,ANE,EN,Federal Contract Tower,0,9,16,0,25,0,0,81,0,81,0,9,97,0,106,234,0,234,340
10/15/2020,BDR,CT,ANE,EN,Federal Contract Tower,0,7,11,0,18,0,1,76,0,77,0,8,87,0,95,170,0,170,265
10/16/2020,BDR,CT,ANE,EN,Federal Contract Tower,0,5,17,0,22,0,0,1,0,1,0,5,18,0,23,14,0,14,37
10/17/2020,BDR,CT,ANE,EN,Federal Contract Tower,0,6,11,0,17,0,1,65,0,66,0,7,76,0,83,160,0,160,243
10/18/2020,BDR,CT,ANE,EN,Federal Contract Tower,0,3,9,0,12,0,2,118,0,120,0,5,127,0,132,192,0,192,324
10/19/2020,BDR,CT,ANE,EN,Federal Contract Tower,0,14,5,0,19,0,3,57,0,60,0,17,62,0,79,139,0,139,218
10/20/2020,BDR,CT,ANE,EN,Federal Contract Tower,0,7,24,0,31,0,0,12,0,12,0,7,36,0,43,14,0,14,57
10/21/2020,BDR,CT,ANE,EN,Federal Contract Tower,0,6,18,0,24,0,0,15,0,15,0,6,33,0,39,2,0,2,41
10/22/2020,BDR,CT,ANE,EN,Federal Contract Tower,0,11,22,0,33,0,1,35,0,36,0,12,57,0,69,76,0,76,145
10/23/2020,BDR,CT,ANE,EN,Federal Contract Tower,0,8,36,0,44,0,0,1,0,1,0,8,37,0,45,0,0,0,45
10/24/2020,BDR,CT,ANE,EN,Federal Contract Tower,0,3,18,0,21,0,0,23,0,23,0,3,41,0,44,92,0,92,136
10/25/2020,BDR,CT,ANE,EN,Federal Contract Tower,0,8,10,0,18,0,1,132,0,133,0,9,142,0,151,170,0,170,321
10/26/2020,BDR,CT,ANE,EN,Federal Contract Tower,0,5,20,0,25,0,0,0,0,0,0,5,20,0,25,0,0,0,25
10/27/2020,BDR,CT,ANE,EN,Federal Contract Tower,0,7,5,0,12,0,1,37,0,38,0,8,42,0,50,128,0,128,178
10/28/2020,BDR,CT,ANE,EN,Federal Contract Tower,0,5,7,0,12,0,0,5,0,5,0,5,12,0,17,20,0,20,37
10/29/2020,BDR,CT,ANE,EN,Federal Contract Tower,0,9,7,0,16,0,0,0,0,0,0,9,7,0,16,0,0,0,16
10/30/2020,BDR,CT,ANE,EN,Federal Contract Tower,0,5,8,0,13,0,0,10,0,10,0,5,18,0,23,24,0,24,47
10/31/2020,BDR,CT,ANE,EN,Federal Contract Tower,0,2,11,0,13,0,0,132,0,132,0,2,143,0,145,196,0,196,341
11/01/2020,BDR,CT,ANE,EN,Federal Contract Tower,0,6,12,0,18,0,0,20,0,20,0,6,32,0,38,60,0,60,98
11/02/2020,BDR,CT,ANE,EN,Federal Contract Tower,0,4,0,0,4,0,0,7,1,8,0,4,7,1,12,0,0,0,12
11/03/2020,BDR,CT,ANE,EN,Federal Contract Tower,0,7,8,0,15,0,0,54,0,54,0,7,62,0,69,70,0,70,139
11/04/2020,BDR,CT,ANE,EN,Federal Contract Tower,0,5,2,0,7,0,0,90,0,90,0,5,92,0,97,242,0,242,339
11/05/2020,BDR,CT,ANE,EN,Federal Contract Tower,0,5,10,0,15,0,1,88,2,91,0,6,98,2,106,152,2,154,260
11/06/2020,BDR,CT,ANE,EN,Federal Contract Tower,0,13,2,0,15,0,0,108,0,108,0,13,110,0,123,222,0,222,345
11/07/2020,BDR,CT,ANE,EN,Federal Contract Tower,0,3,5,0,8,0,4,95,0,99,0,7,100,0,107,196,0,196,303
11/08/2020,BDR,CT,ANE,EN,Federal Contract Tower,0,2,4,0,6,0,0,137,0,137,0,2,141,0,143,186,0,186,329
11/09/2020,BDR,CT,ANE,EN,Federal Contract Tower,0,3,8,0,11,0,0,80,4,84,0,3,88,4,95,256,0,256,351
11/10/2020,BDR,CT,ANE,EN,Federal Contract Tower,0,4,3,1,8,0,0,72,1,73,0,4,75,2,81,118,0,118,199
11/11/2020,BDR,CT,ANE,EN,Federal Contract Tower,0,2,5,0,7,0,0,0,0,0,0,2,5,0,7,0,0,0,7
11/12/2020,BDR,CT,ANE,EN,Federal Contract Tower,0,3,12,0,15,0,0,14,0,14,0,3,26,0,29,26,0,26,55
11/13/2020,BDR,CT,ANE,EN,Federal Contract Tower,0,10,16,0,26,0,0,4,0,4,0,10,20,0,30,4,0,4,34
11/14/2020,BDR,CT,ANE,EN,Federal Contract Tower,0,3,3,0,6,0,0,104,0,104,0,3,107,0,110,148,0,148,258
11/15/2020,BDR,CT,ANE,EN,Federal Contract Tower,0,6,5,0,11,0,0,39,0,39,0,6,44,0,50,138,0,138,188
11/16/2020,BDR,CT,ANE,EN,Federal Contract Tower,0,3,6,0,9,0,0,17,0,17,0,3,23,0,26,6,0,6,32
11/17/2020,BDR,CT,ANE,EN,Federal Contract Tower,0,7,7,0,14,0,0,30,1,31,0,7,37,1,45,52,0,52,97
11/19/2020,BDR,CT,ANE,EN,Federal Contract Tower,0,7,6,0,13,0,0,56,0,56,0,7,62,0,69,122,0,122,191
11/20/2020,BDR,CT,ANE,EN,Federal Contract Tower,0,7,10,0,17,0,2,76,0,78,0,9,86,0,95,98,0,98,193
11/21/2020,BDR,CT,ANE,EN,Federal Contract Tower,0,5,10,0,15,0,0,120,0,120,0,5,130,0,135,222,0,222,357
11/22/2020,BDR,CT,ANE,EN,Federal Contract Tower,0,5,9,0,14,0,0,37,0,37,0,5,46,0,51,118,0,118,169
11/23/2020,BDR,CT,ANE,EN,Federal Contract Tower,0,1,16,0,17,0,0,8,0,8,0,1,24,0,25,4,0,4,29
11/24/2020,BDR,CT,ANE,EN,Federal Contract Tower,0,8,15,0,23,0,1,72,0,73,0,9,87,0,96,156,0,156,252
11/25/2020,BDR,CT,ANE,EN,Federal Contract Tower,0,8,13,0,21,0,0,60,0,60,0,8,73,0,81,154,0,154,235
11/26/2020,BDR,CT,ANE,EN,Federal Contract Tower,0,2,1,0,3,0,0,2,0,2,0,2,3,0,5,0,0,0,5
11/27/2020,BDR,CT,ANE,EN,Federal Contract Tower,0,3,7,0,10,0,0,78,0,78,0,3,85,0,88,150,0,150,238
11/28/2020,BDR,CT,ANE,EN,Federal Contract Tower,0,0,9,0,9,0,4,76,0,80,0,4,85,0,89,116,0,116,205
11/29/2020,BDR,CT,ANE,EN,Federal Contract Tower,0,4,3,0,7,0,0,0,147,147,0,4,3,147,154,188,0,188,342
11/30/2020,BDR,CT,ANE,EN,Federal Contract Tower,0,6,4,0,10,0,0,0,0,0,0,6,4,0,10,0,0,0,10
12/01/2020,BDR,CT,ANE,EN,Federal Contract Tower,0,8,13,0,21,0,2,12,0,14,0,10,25,0,35,8,0,8,43
12/02/2020,BDR,CT,ANE,EN,Federal Contract Tower,0,4,8,0,12,0,0,34,0,34,0,4,42,0,46,78,0,78,124
12/03/2020,BDR,CT,ANE,EN,Federal Contract Tower,0,5,4,0,9,0,0,67,2,69,0,5,71,2,78,174,0,174,252
12/04/2020,BDR,CT,ANE,EN,Federal Contract Tower,0,6,11,0,17,0,0,67,3,70,0,6,78,3,87,126,0,126,213
12/05/2020,BDR,CT,ANE,EN,Federal Contract Tower,0,4,0,0,4,0,0,0,0,0,0,4,0,0,4,0,0,0,4
12/06/2020,BDR,CT,ANE,EN,Federal Contract Tower,0,3,4,0,7,0,1,47,0,48,0,4,51,0,55,88,0,88,143
12/07/2020,BDR,CT,ANE,EN,Federal Contract Tower,0,5,5,0,10,0,1,40,0,41,0,6,45,0,51,130,0,130,181
12/08/2020,BDR,CT,ANE,EN,Federal Contract Tower,0,7,4,0,11,0,1,17,0,18,0,8,21,0,29,38,0,38,67
12/09/2020,BDR,CT,ANE,EN,Federal Contract Tower,0,5,6,0,11,0,0,57,0,57,0,5,63,0,68,117,0,117,185
12/10/2020,BDR,CT,ANE,EN,Federal Contract Tower,0,7,8,0,15,0,1,104,0,105,0,8,112,0,120,110,0,110,230
12/11/2020,BDR,CT,ANE,EN,Federal Contract Tower,0,6,11,0,17,0,0,73,0,73,0,6,84,0,90,108,0,108,198
12/12/2020,BDR,CT,ANE,EN,Federal Contract Tower,0,0,9,0,9,0,0,0,0,0,0,0,9,0,9,0,0,0,9
12/13/2020,BDR,CT,ANE,EN,Federal Contract Tower,0,7,14,0,21,0,2,77,0,79,0,9,91,0,100,172,0,172,272
12/14/2020,BDR,CT,ANE,EN,Federal Contract Tower,0,0,6,0,6,0,0,0,0,0,0,0,6,0,6,0,0,0,6
12/15/2020,BDR,CT,ANE,EN,Federal Contract Tower,0,8,10,0,18,0,0,59,0,59,0,8,69,0,77,92,0,92,169
12/16/2020,BDR,CT,ANE,EN,Federal Contract Tower,0,6,1,0,7,0,0,15,0,15,0,6,16,0,22,22,0,22,44
12/18/2020,BDR,CT,ANE,EN,Federal Contract Tower,0,2,3,0,5,0,0,12,0,12,0,2,15,0,17,8,0,8,25
12/19/2020,BDR,CT,ANE,EN,Federal Contract Tower,0,6,1,0,7,0,0,67,0,67,0,6,68,0,74,44,0,44,118
12/20/2020,BDR,CT,ANE,EN,Federal Contract Tower,0,5,11,0,16,0,0,20,0,20,0,5,31,0,36,26,0,26,62
12/21/2020,BDR,CT,ANE,EN,Federal Contract Tower,0,12,6,0,18,0,0,12,2,14,0,12,18,2,32,28,2,30,62
12/22/2020,BDR,CT,ANE,EN,Federal Contract Tower,0,11,6,0,17,0,2,55,0,57,0,13,61,0,74,154,0,154,228
12/23/2020,BDR,CT,ANE,EN,Federal Contract Tower,0,3,10,0,13,0,1,106,0,107,0,4,116,0,120,174,0,174,294
12/24/2020,BDR,CT,ANE,EN,Federal Contract Tower,0,3,5,0,8,0,0,6,0,6,0,3,11,0,14,4,0,4,18
12/25/2020,BDR,CT,ANE,EN,Federal Contract Tower,0,3,2,0,5,0,0,1,0,1,0,3,3,0,6,0,0,0,6
12/26/2020,BDR,CT,ANE,EN,Federal Contract Tower,0,11,6,0,17,0,0,47,0,47,0,11,53,0,64,120,0,120,184
12/27/2020,BDR,CT,ANE,EN,Federal Contract Tower,0,1,17,0,18,0,1,134,0,135,0,2,151,0,153,168,0,168,321
12/28/2020,BDR,CT,ANE,EN,Federal Contract Tower,0,3,2,0,5,0,1,52,0,53,0,4,54,0,58,84,0,84,142
12/29/2020,BDR,CT,ANE,EN,Federal Contract Tower,0,3,12,0,15,0,0,46,0,46,0,3,58,0,61,68,0,68,129
12/30/2020,BDR,CT,ANE,EN,Federal Contract Tower,0,4,4,0,8,0,0,94,0,94,0,4,98,0,102,112,0,112,214
12/31/2020,BDR,CT,ANE,EN,Federal Contract Tower,0,4,8,0,12,0,0,13,0,13,0,4,21,0,25,50,0,50,75
01/01/2021,BDR,CT,ANE,EN,Federal Contract Tower,0,5,4,0,9,0,0,53,0,53,0,5,57,0,62,65,0,65,127
01/02/2021,BDR,CT,ANE,EN,Federal Contract Tower,0,10,6,0,16,0,0,23,0,23,0,10,29,0,39,22,0,22,61
01/03/2021,BDR,CT,ANE,EN,Federal Contract Tower,0,8,7,0,15,0,0,3,0,3,0,8,10,0,18,8,0,8,26
01/04/2021,BDR,CT,ANE,EN,Federal Contract Tower,0,7,12,0,19,0,1,44,0,45,0,8,56,0,64,50,0,50,114
01/05/2021,BDR,CT,ANE,EN,Federal Contract Tower,0,5,4,0,9,0,0,55,2,57,0,5,59,2,66,90,6,96,162
01/06/2021,BDR,CT,ANE,EN,Federal Contract Tower,0,6,6,0,12,0,0,38,0,38,0,6,44,0,50,26,0,26,76
01/07/2021,BDR,CT,ANE,EN,Federal Contract Tower,0,3,3,0,6,0,2,50,0,52,0,5,53,0,58,34,0,34,92
01/08/2021,BDR,CT,ANE,EN,Federal Contract Tower,0,10,9,0,19,0,0,57,0,57,0,10,66,0,76,96,0,96,172
01/09/2021,BDR,CT,ANE,EN,Federal Contract Tower,0,4,4,0,8,0,0,60,0,60,0,4,64,0,68,124,0,124,192
01/10/2021,BDR,CT,ANE,EN,Federal Contract Tower,0,1,5,0,6,0,0,93,0,93,0,1,98,0,99,238,0,238,337
01/11/2021,BDR,CT,ANE,EN,Federal Contract Tower,0,2,2,0,4,0,0,51,0,51,0,2,53,0,55,175,0,175,230
01/12/2021,BDR,CT,ANE,EN,Federal Contract Tower,0,6,5,0,11,0,1,56,0,57,0,7,61,0,68,116,0,116,184
01/14/2021,BDR,CT,ANE,EN,Federal Contract Tower,0,3,11,0,14,0,0,35,2,37,0,3,46,2,51,24,0,24,75
01/15/2021,BDR,CT,ANE,EN,Federal Contract Tower,0,8,7,0,15,0,0,9,0,9,0,8,16,0,24,46,0,46,70
01/16/2021,BDR,CT,ANE,EN,Federal Contract Tower,0,1,8,0,9,0,0,7,0,7,0,1,15,0,16,22,0,22,38
01/17/2021,BDR,CT,ANE,EN,Federal Contract Tower,0,1,5,0,6,0,0,23,0,23,0,1,28,0,29,18,0,18,47
01/18/2021,BDR,CT,ANE,EN,Federal Contract Tower,0,5,11,0,16,0,1,88,0,89,0,6,99,0,105,84,0,84,189
01/19/2021,BDR,CT,ANE,EN,Federal Contract Tower,0,3,5,0,8,0,0,52,0,52,0,3,57,0,60,50,0,50,110
01/20/2021,BDR,CT,ANE,EN,Federal Contract Tower,0,10,5,0,15,0,0,12,0,12,0,10,17,0,27,6,0,6,33
01/21/2021,BDR,CT,ANE,EN,Federal Contract Tower,0,11,7,0,18,0,0,55,0,55,0,11,62,0,73,94,0,94,167
01/22/2021,BDR,CT,ANE,EN,Federal Contract Tower,0,2,8,0,10,0,0,53,0,53,0,2,61,0,63,58,0,58,121
01/23/2021,BDR,CT,ANE,EN,Federal Contract Tower,0,2,4,0,6,0,2,14,0,16,0,4,18,0,22,17,0,17,39
01/24/2021,BDR,CT,ANE,EN,Federal Contract Tower,0,4,6,0,10,0,0,58,0,58,0,4,64,0,68,92,0,92,160
01/25/2021,BDR,CT,ANE,EN,Federal Contract Tower,0,5,8,0,13,0,2,58,0,60,0,7,66,0,73,162,0,162,235
01/26/2021,BDR,CT,ANE,EN,Federal Contract Tower,0,4,2,0,6,0,1,9,0,10,0,5,11,0,16,20,0,20,36
01/27/2021,BDR,CT,ANE,EN,Federal Contract Tower,0,0,7,0,7,0,0,15,0,15,0,0,22,0,22,12,0,12,34
01/28/2021,BDR,CT,ANE,EN,Federal Contract Tower,0,6,3,0,9,0,0,17,3,20,0,6,20,3,29,6,0,6,35
01/29/2021,BDR,CT,ANE,EN,Federal Contract Tower,0,4,4,0,8,0,0,7,0,7,0,4,11,0,15,0,0,0,15
01/30/2021,BDR,CT,ANE,EN,Federal Contract Tower,0,5,13,0,18,0,0,77,0,77,0,5,90,0,95,128,0,128,223
01/31/2021,BDR,CT,ANE,EN,Federal Contract Tower,0,6,6,0,12,0,0,70,0,70,0,6,76,0,82,200,0,200,282
02/01/2021,BDR,CT,ANE,EN,Federal Contract Tower,0,0,0,0,0,0,0,0,0,0,0,0,0,0,0,0,0,0,0
02/02/2021,BDR,CT,ANE,EN,Federal Contract Tower,0,0,3,0,3,0,0,0,0,0,0,0,3,0,3,0,0,0,3
02/03/2021,BDR,CT,ANE,EN,Federal Contract Tower,0,2,2,0,4,0,0,23,0,23,0,2,25,0,27,20,2,22,49
02/04/2021,BDR,CT,ANE,EN,Federal Contract Tower,0,8,4,0,12,0,0,53,0,53,0,8,57,0,65,86,0,86,151
02/05/2021,BDR,CT,ANE,EN,Federal Contract Tower,0,3,6,0,9,0,0,7,0,7,0,3,13,0,16,18,0,18,34
02/06/2021,BDR,CT,ANE,EN,Federal Contract Tower,0,1,5,0,6,0,2,105,0,107,0,3,110,0,113,154,0,154,267
02/07/2021,BDR,CT,ANE,EN,Federal Contract Tower,0,0,2,0,2,0,0,1,0,1,0,0,3,0,3,12,0,12,15
02/08/2021,BDR,CT,ANE,EN,Federal Contract Tower,0,0,7,0,7,0,0,27,0,27,0,0,34,0,34,70,0,70,104
02/09/2021,BDR,CT,ANE,EN,Federal Contract Tower,0,1,1,0,2,0,0,4,0,4,0,1,5,0,6,40,0,40,46
02/10/2021,BDR,CT,ANE,EN,Federal Contract Tower,0,6,6,0,12,0,0,87,0,87,0,6,93,0,99,122,0,122,221
02/11/2021,BDR,CT,ANE,EN,Federal Contract Tower,0,4,1,0,5,0,0,45,0,45,0,4,46,0,50,48,0,48,98
02/12/2021,BDR,CT,ANE,EN,Federal Contract Tower,0,8,2,0,10,0,0,54,0,54,0,8,56,0,64,88,0,88,152
02/13/2021,BDR,CT,ANE,EN,Federal Contract Tower,0,4,4,0,8,0,0,60,0,60,0,4,64,0,68,150,0,150,218
02/14/2021,BDR,CT,ANE,EN,Federal Contract Tower,0,1,6,0,7,0,0,15,0,15,0,1,21,0,22,36,0,36,58
02/15/2021,BDR,CT,ANE,EN,Federal Contract Tower,0,6,5,0,11,0,0,13,0,13,0,6,18,0,24,12,0,12,36
02/16/2021,BDR,CT,ANE,EN,Federal Contract Tower,0,1,9,0,10,0,0,3,0,3,0,1,12,0,13,6,0,6,19
02/17/2021,BDR,CT,ANE,EN,Federal Contract Tower,0,1,3,1,5,0,0,56,0,56,0,1,59,1,61,86,0,86,147
02/18/2021,BDR,CT,ANE,EN,Federal Contract Tower,0,0,1,0,1,0,0,2,0,2,0,0,3,0,3,0,0,0,3
02/19/2021,BDR,CT,ANE,EN,Federal Contract Tower,0,1,1,0,2,0,0,0,0,0,0,1,1,0,2,0,0,0,2
02/20/2021,BDR,CT,ANE,EN,Federal Contract Tower,0,3,10,0,13,0,1,47,0,48,0,4,57,0,61,38,0,38,99
02/21/2021,BDR,CT,ANE,EN,Federal Contract Tower,0,5,3,0,8,0,0,110,0,110,0,5,113,0,118,100,0,100,218
02/22/2021,BDR,CT,ANE,EN,Federal Contract Tower,0,7,3,0,10,0,0,19,0,19,0,7,22,0,29,10,0,10,39
02/23/2021,BDR,CT,ANE,EN,Federal Contract Tower,0,2,7,0,9,0,0,22,0,22,0,2,29,0,31,50,0,50,81
02/24/2021,BDR,CT,ANE,EN,Federal Contract Tower,0,4,10,0,14,0,0,73,0,73,0,4,83,0,87,154,0,154,241
02/25/2021,BDR,CT,ANE,EN,Federal Contract Tower,0,1,12,0,13,0,0,37,0,37,0,1,49,0,50,6,0,6,56
02/26/2021,BDR,CT,ANE,EN,Federal Contract Tower,0,6,6,0,12,0,0,149,3,152,0,6,155,3,164,194,0,194,358
02/27/2021,BDR,CT,ANE,EN,Federal Contract Tower,0,0,6,0,6,0,0,1,0,1,0,0,7,0,7,0,0,0,7
02/28/2021,BDR,CT,ANE,EN,Federal Contract Tower,0,4,12,0,16,0,0,53,0,53,0,4,65,0,69,84,0,84,153
03/01/2021,BDR,CT,ANE,EN,Federal Contract Tower,0,6,0,0,6,0,0,4,2,6,0,6,4,2,12,0,2,2,14
03/02/2021,BDR,CT,ANE,EN,Federal Contract Tower,0,1,4,0,5,0,0,2,0,2,0,1,6,0,7,0,0,0,7
03/03/2021,BDR,CT,ANE,EN,Federal Contract Tower,0,8,3,2,13,0,5,86,0,91,0,13,89,2,104,142,0,142,246
03/04/2021,BDR,CT,ANE,EN,Federal Contract Tower,0,6,8,0,14,0,0,41,2,43,0,6,49,2,57,48,0,48,105
03/05/2021,BDR,CT,ANE,EN,Federal Contract Tower,0,7,5,0,12,0,2,17,0,19,0,9,22,0,31,24,0,24,55
03/06/2021,BDR,CT,ANE,EN,Federal Contract Tower,0,6,3,0,9,0,0,50,0,50,0,6,53,0,59,122,0,122,181
03/07/2021,BDR,CT,ANE,EN,Federal Contract Tower,0,4,7,0,11,0,0,91,0,91,0,4,98,0,102,220,0,220,322
03/08/2021,BDR,CT,ANE,EN,Federal Contract Tower,0,2,4,0,6,0,1,54,0,55,0,3,58,0,61,98,0,98,159
03/09/2021,BDR,CT,ANE,EN,Federal Contract Tower,0,7,5,0,12,0,0,107,0,107,0,7,112,0,119,222,0,222,341
03/10/2021,BDR,CT,ANE,EN,Federal Contract Tower,0,5,5,0,10,0,0,117,2,119,0,5,122,2,129,188,0,188,317
03/11/2021,BDR,CT,ANE,EN,Federal Contract Tower,0,9,8,0,17,0,0,73,0,73,0,9,81,0,90,188,0,188,278
03/12/2021,BDR,CT,ANE,EN,Federal Contract Tower,0,11,3,0,14,0,1,90,2,93,0,12,93,2,107,128,0,128,235
03/13/2021,BDR,CT,ANE,EN,Federal Contract Tower,0,4,1,0,5,0,0,69,0,69,0,4,70,0,74,66,0,66,140
03/14/2021,BDR,CT,ANE,EN,Federal Contract Tower,0,12,4,0,16,0,0,40,0,40,0,12,44,0,56,82,0,82,138
03/15/2021,BDR,CT,ANE,EN,Federal Contract Tower,0,8,6,0,14,0,0,18,0,18,0,8,24,0,32,4,0,4,36
03/16/2021,BDR,CT,ANE,EN,Federal Contract Tower,0,2,11,0,13,0,0,78,2,80,0,2,89,2,93,170,6,176,269
03/17/2021,BDR,CT,ANE,EN,Federal Contract Tower,0,8,11,0,19,0,0,35,0,35,0,8,46,0,54,86,0,86,140
03/18/2021,BDR,CT,ANE,EN,Federal Contract Tower,0,6,9,0,15,0,0,0,0,0,0,6,9,0,15,0,0,0,15
03/19/2021,BDR,CT,ANE,EN,Federal Contract Tower,0,9,12,2,23,0,0,18,0,18,0,9,30,2,41,30,0,30,71
03/20/2021,BDR,CT,ANE,EN,Federal Contract Tower,0,2,7,0,9,0,0,100,0,100,0,2,107,0,109,296,0,296,405
03/21/2021,BDR,CT,ANE,EN,Federal Contract Tower,0,5,10,0,15,0,1,129,0,130,0,6,139,0,145,292,0,292,437
03/22/2021,BDR,CT,ANE,EN,Federal Contract Tower,0,6,6,0,12,0,1,103,0,104,0,7,109,0,116,238,0,238,354
03/23/2021,BDR,CT,ANE,EN,Federal Contract Tower,0,6,10,0,16,0,8,65,0,73,0,14,75,0,89,180,0,180,269
03/24/2021,BDR,CT,ANE,EN,Federal Contract Tower,0,5,2,0,7,0,2,13,0,15,0,7,15,0,22,0,0,0,22
03/27/2021,BDR,CT,ANE,EN,Federal Contract Tower,0,8,8,0,16,0,0,154,0,154,0,8,162,0,170,264,0,264,434
03/28/2021,BDR,CT,ANE,EN,Federal Contract Tower,0,1,4,0,5,0,0,1,0,1,0,1,5,0,6,0,0,0,6
03/29/2021,BDR,CT,ANE,EN,Federal Contract Tower,0,8,7,0,15,0,0,6,0,6,0,8,13,0,21,0,0,0,21
03/30/2021,BDR,CT,ANE,EN,Federal Contract Tower,0,4,6,0,10,0,1,119,0,120,0,5,125,0,130,168,0,168,298
03/31/2021,BDR,CT,ANE,EN,Federal Contract Tower,0,3,8,0,11,0,2,29,0,31,0,5,37,0,42,86,0,86,128
04/01/2021,BDR,CT,ANE,EN,Federal Contract Tower,0,8,5,0,13,0,0,7,0,7,0,8,12,0,20,10,0,10,30
04/02/2021,BDR,CT,ANE,EN,Federal Contract Tower,0,5,11,0,16,0,2,73,0,75,0,7,84,0,91,194,0,194,285
04/03/2021,BDR,CT,ANE,EN,Federal Contract Tower,0,5,10,0,15,0,0,115,0,115,0,5,125,0,130,204,0,204,334
04/04/2021,BDR,CT,ANE,EN,Federal Contract Tower,0,9,4,0,13,0,0,69,0,69,0,9,73,0,82,136,0,136,218
04/05/2021,BDR,CT,ANE,EN,Federal Contract Tower,0,4,9,0,13,0,0,29,0,29,0,4,38,0,42,20,0,20,62
04/06/2021,BDR,CT,ANE,EN,Federal Contract Tower,0,6,9,0,15,0,0,60,0,60,0,6,69,0,75,100,0,100,175
04/07/2021,BDR,CT,ANE,EN,Federal Contract Tower,0,9,7,0,16,0,0,78,0,78,0,9,85,0,94,220,0,220,314
04/08/2021,BDR,CT,ANE,EN,Federal Contract Tower,0,10,10,0,20,0,2,93,0,95,0,12,103,0,115,178,0,178,293
04/09/2021,BDR,CT,ANE,EN,Federal Contract Tower,0,11,21,0,32,0,0,38,0,38,0,11,59,0,70,42,0,42,112
04/10/2021,BDR,CT,ANE,EN,Federal Contract Tower,0,2,19,0,21,0,0,48,0,48,0,2,67,0,69,172,0,172,241
04/11/2021,BDR,CT,ANE,EN,Federal Contract Tower,0,10,2,0,12,0,0,0,0,0,0,10,2,0,12,0,0,0,12
04/12/2021,BDR,CT,ANE,EN,Federal Contract Tower,0,15,14,0,29,0,0,6,0,6,0,15,20,0,35,10,0,10,45
04/13/2021,BDR,CT,ANE,EN,Federal Contract Tower,0,8,8,1,17,0,0,77,0,77,0,8,85,1,94,172,0,172,266
04/14/2021,BDR,CT,ANE,EN,Federal Contract Tower,0,5,7,0,12,0,1,91,0,92,0,6,98,0,104,168,0,168,272
04/15/2021,BDR,CT,ANE,EN,Federal Contract Tower,0,0,7,0,7,0,0,0,0,0,0,0,7,0,7,0,0,0,7
04/16/2021,BDR,CT,ANE,EN,Federal Contract Tower,0,14,7,0,21,0,0,11,2,13,0,14,18,2,34,40,0,40,74
04/17/2021,BDR,CT,ANE,EN,Federal Contract Tower,0,6,8,0,14,0,3,91,0,94,0,9,99,0,108,138,0,138,246
04/18/2021,BDR,CT,ANE,EN,Federal Contract Tower,0,6,7,0,13,0,5,107,0,112,0,11,114,0,125,204,0,204,329
04/19/2021,BDR,CT,ANE,EN,Federal Contract Tower,0,5,10,0,15,0,2,54,0,56,0,7,64,0,71,118,0,118,189
04/20/2021,BDR,CT,ANE,EN,Federal Contract Tower,0,3,10,0,13,0,0,72,0,72,0,3,82,0,85,124,0,124,209
04/21/2021,BDR,CT,ANE,EN,Federal Contract Tower,0,4,9,0,13,0,0,37,0,37,0,4,46,0,50,18,0,18,68
04/22/2021,BDR,CT,ANE,EN,Federal Contract Tower,0,5,4,0,9,0,3,15,0,18,0,8,19,0,27,0,0,0,27
04/23/2021,BDR,CT,ANE,EN,Federal Contract Tower,0,6,12,0,18,0,5,47,4,56,0,11,59,4,74,46,0,46,120
04/24/2021,BDR,CT,ANE,EN,Federal Contract Tower,0,5,7,0,12,0,0,105,4,109,0,5,112,4,121,166,0,166,287
04/25/2021,BDR,CT,ANE,EN,Federal Contract Tower,0,6,15,0,21,0,0,9,0,9,0,6,24,0,30,18,0,18,48
04/26/2021,BDR,CT,ANE,EN,Federal Contract Tower,0,4,6,0,10,0,1,41,0,42,0,5,47,0,52,58,0,58,110
04/27/2021,BDR,CT,ANE,EN,Federal Contract Tower,0,5,6,0,11,0,5,114,0,119,0,10,120,0,130,194,0,194,324
04/28/2021,BDR,CT,ANE,EN,Federal Contract Tower,0,7,5,0,12,0,1,96,0,97,0,8,101,0,109,136,0,136,245
04/29/2021,BDR,CT,ANE,EN,Federal Contract Tower,0,11,19,0,30,0,2,20,0,22,0,13,39,0,52,0,0,0,52
04/30/2021,BDR,CT,ANE,EN,Federal Contract Tower,0,11,5,0,16,0,0,9,0,9,0,11,14,0,25,0,0,0,25
05/01/2021,BDR,CT,ANE,EN,Federal Contract Tower,0,2,14,0,16,0,8,91,0,99,0,10,105,0,115,58,0,58,173
05/02/2021,BDR,CT,ANE,EN,Federal Contract Tower,0,3,6,0,9,0,1,116,0,117,0,4,122,0,126,128,0,128,254
05/03/2021,BDR,CT,ANE,EN,Federal Contract Tower,0,8,3,0,11,0,2,24,0,26,0,10,27,0,37,122,0,122,159
05/04/2021,BDR,CT,ANE,EN,Federal Contract Tower,0,5,19,0,24,0,0,11,0,11,0,5,30,0,35,36,0,36,71
05/05/2021,BDR,CT,ANE,EN,Federal Contract Tower,0,0,8,0,8,0,0,0,0,0,0,0,8,0,8,0,0,0,8
05/06/2021,BDR,CT,ANE,EN,Federal Contract Tower,0,8,11,0,19,0,4,78,4,86,0,12,89,4,105,168,0,168,273
05/07/2021,BDR,CT,ANE,EN,Federal Contract Tower,0,12,1,0,13,0,3,84,0,87,0,15,85,0,100,194,0,194,294
05/08/2021,BDR,CT,ANE,EN,Federal Contract Tower,0,4,5,0,9,0,2,48,0,50,0,6,53,0,59,124,0,124,183
05/09/2021,BDR,CT,ANE,EN,Federal Contract Tower,0,9,4,0,13,0,2,67,0,69,0,11,71,0,82,84,0,84,166
05/10/2021,BDR,CT,ANE,EN,Federal Contract Tower,0,1,9,0,10,0,0,32,0,32,0,1,41,0,42,68,0,68,110
05/11/2021,BDR,CT,ANE,EN,Federal Contract Tower,0,6,9,0,15,0,0,91,0,91,0,6,100,0,106,116,0,116,222
05/12/2021,BDR,CT,ANE,EN,Federal Contract Tower,0,3,8,0,11,0,1,74,2,77,0,4,82,2,88,72,6,78,166
05/13/2021,BDR,CT,ANE,EN,Federal Contract Tower,0,3,8,0,11,0,0,79,0,79,0,3,87,0,90,164,0,164,254
05/14/2021,BDR,CT,ANE,EN,Federal Contract Tower,0,8,19,0,27,0,6,113,2,121,0,14,132,2,148,256,0,256,404
05/15/2021,BDR,CT,ANE,EN,Federal Contract Tower,0,2,4,0,6,0,2,128,0,130,0,4,132,0,136,112,0,112,248
05/16/2021,BDR,CT,ANE,EN,Federal Contract Tower,0,10,12,0,22,0,3,92,0,95,0,13,104,0,117,148,0,148,265
05/17/2021,BDR,CT,ANE,EN,Federal Contract Tower,0,6,9,0,15,0,0,68,0,68,0,6,77,0,83,160,0,160,243
05/18/2021,BDR,CT,ANE,EN,Federal Contract Tower,0,4,11,0,15,0,0,79,0,79,0,4,90,0,94,210,0,210,304
05/19/2021,BDR,CT,ANE,EN,Federal Contract Tower,0,11,9,0,20,1,83,0,0,84,1,94,9,0,104,174,0,174,278
05/20/2021,BDR,CT,ANE,EN,Federal Contract Tower,0,5,7,0,12,0,2,84,0,86,0,7,91,0,98,159,0,159,257
05/21/2021,BDR,CT,ANE,EN,Federal Contract Tower,0,13,3,0,16,0,2,88,0,90,0,15,91,0,106,188,0,188,294
05/22/2021,BDR,CT,ANE,EN,Federal Contract Tower,0,0,10,0,10,0,0,119,0,119,0,0,129,0,129,166,0,166,295
05/23/2021,BDR,CT,ANE,EN,Federal Contract Tower,0,11,9,0,20,0,6,82,0,88,0,17,91,0,108,108,0,108,216
05/24/2021,BDR,CT,ANE,EN,Federal Contract Tower,0,19,4,0,23,0,0,59,0,59,0,19,63,0,82,200,0,200,282
05/25/2021,BDR,CT,ANE,EN,Federal Contract Tower,0,4,15,0,19,0,5,103,0,108,0,9,118,0,127,144,0,144,271
05/26/2021,BDR,CT,ANE,EN,Federal Contract Tower,0,5,11,0,16,0,1,63,0,64,0,6,74,0,80,106,0,106,186
05/27/2021,BDR,CT,ANE,EN,Federal Contract Tower,0,7,14,0,21,0,5,85,0,90,0,12,99,0,111,200,0,200,311
05/28/2021,BDR,CT,ANE,EN,Federal Contract Tower,0,6,8,0,14,0,6,50,0,56,0,12,58,0,70,22,0,22,92
05/29/2021,BDR,CT,ANE,EN,Federal Contract Tower,0,2,13,0,15,0,0,1,0,1,0,2,14,0,16,0,0,0,16
05/30/2021,BDR,CT,ANE,EN,Federal Contract Tower,0,5,2,0,7,0,0,0,0,0,0,5,2,0,7,0,0,0,7
05/31/2021,BDR,CT,ANE,EN,Federal Contract Tower,0,17,14,0,31,0,2,55,0,57,0,19,69,0,88,96,0,96,184
06/01/2021,BDR,CT,ANE,EN,Federal Contract Tower,0,11,10,0,21,0,5,88,0,93,0,16,98,0,114,94,0,94,208
06/02/2021,BDR,CT,ANE,EN,Federal Contract Tower,0,11,9,0,20,0,0,103,0,103,0,11,112,0,123,146,4,150,273
06/03/2021,BDR,CT,ANE,EN,Federal Contract Tower,0,7,7,0,14,0,0,0,0,0,0,7,7,0,14,0,0,0,14
06/04/2021,BDR,CT,ANE,EN,Federal Contract Tower,0,9,11,0,20,0,2,34,2,38,0,11,45,2,58,12,2,14,72
06/05/2021,BDR,CT,ANE,EN,Federal Contract Tower,0,4,6,0,10,0,2,115,0,117,0,6,121,0,127,170,0,170,297
06/06/2021,BDR,CT,ANE,EN,Federal Contract Tower,0,16,8,0,24,0,5,116,0,121,0,21,124,0,145,98,0,98,243
06/07/2021,BDR,CT,ANE,EN,Federal Contract Tower,0,3,18,0,21,0,1,81,0,82,0,4,99,0,103,148,0,148,251
06/08/2021,BDR,CT,ANE,EN,Federal Contract Tower,0,6,14,0,20,0,2,36,0,38,0,8,50,0,58,124,0,124,182
06/09/2021,BDR,CT,ANE,EN,Federal Contract Tower,0,8,25,0,33,0,0,60,0,60,0,8,85,0,93,120,0,120,213
06/10/2021,BDR,CT,ANE,EN,Federal Contract Tower,0,13,9,2,24,0,11,98,2,111,0,24,107,4,135,154,0,154,289
06/11/2021,BDR,CT,ANE,EN,Federal Contract Tower,0,8,11,2,21,0,8,123,1,132,0,16,134,3,153,244,0,244,397
06/12/2021,BDR,CT,ANE,EN,Federal Contract Tower,0,1,15,0,16,0,1,80,0,81,0,2,95,0,97,182,0,182,279
06/13/2021,BDR,CT,ANE,EN,Federal Contract Tower,0,3,3,0,6,0,3,137,0,140,0,6,140,0,146,198,0,198,344
06/14/2021,BDR,CT,ANE,EN,Federal Contract Tower,0,7,22,0,29,0,4,13,0,17,0,11,35,0,46,26,0,26,72
06/15/2021,BDR,CT,ANE,EN,Federal Contract Tower,0,13,23,0,36,0,8,53,6,67,0,21,76,6,103,96,12,108,211
06/16/2021,BDR,CT,ANE,EN,Federal Contract Tower,0,8,16,0,24,0,4,96,0,100,0,12,112,0,124,128,0,128,252
06/17/2021,BDR,CT,ANE,EN,Federal Contract Tower,0,10,5,0,15,0,3,113,0,116,0,13,118,0,131,158,0,158,289
06/18/2021,BDR,CT,ANE,EN,Federal Contract Tower,0,18,10,0,28,0,10,113,0,123,0,28,123,0,151,224,0,224,375
06/19/2021,BDR,CT,ANE,EN,Federal Contract Tower,0,6,5,0,11,0,5,114,0,119,0,11,119,0,130,110,0,110,240
06/20/2021,BDR,CT,ANE,EN,Federal Contract Tower,0,2,10,0,12,0,7,148,0,155,0,9,158,0,167,54,0,54,221
06/21/2021,BDR,CT,ANE,EN,Federal Contract Tower,0,8,19,0,27,0,2,13,0,15,0,10,32,0,42,34,0,34,76
06/22/2021,BDR,CT,ANE,EN,Federal Contract Tower,0,16,8,0,24,0,0,18,0,18,0,16,26,0,42,20,0,20,62
06/23/2021,BDR,CT,ANE,EN,Federal Contract Tower,0,13,8,0,21,0,6,91,4,101,0,19,99,4,122,216,0,216,338
06/24/2021,BDR,CT,ANE,EN,Federal Contract Tower,0,6,12,0,18,0,4,118,0,122,0,10,130,0,140,250,0,250,390
06/25/2021,BDR,CT,ANE,EN,Federal Contract Tower,0,15,15,0,30,0,6,48,0,54,0,21,63,0,84,82,0,82,166
06/26/2021,BDR,CT,ANE,EN,Federal Contract Tower,0,8,23,0,31,0,1,54,0,55,0,9,77,0,86,56,0,56,142
06/27/2021,BDR,CT,ANE,EN,Federal Contract Tower,0,10,14,0,24,0,4,59,0,63,0,14,73,0,87,108,0,108,195
06/28/2021,BDR,CT,ANE,EN,Federal Contract Tower,0,19,13,0,32,0,3,102,0,105,0,22,115,0,137,161,0,161,298
06/29/2021,BDR,CT,ANE,EN,Federal Contract Tower,0,9,9,0,18,0,0,75,6,81,0,9,84,6,99,142,8,150,249
06/30/2021,BDR,CT,ANE,EN,Federal Contract Tower,0,13,7,0,20,0,2,72,10,84,0,15,79,10,104,152,40,192,296
07/01/2021,BDR,CT,ANE,EN,Federal Contract Tower,0,16,8,0,24,0,4,57,0,61,0,20,65,0,85,76,0,76,161
07/02/2021,BDR,CT,ANE,EN,Federal Contract Tower,0,14,27,0,41,0,4,14,0,18,0,18,41,0,59,12,0,12,71
07/03/2021,BDR,CT,ANE,EN,Federal Contract Tower,0,9,10,0,19,0,0,4,0,4,0,9,14,0,23,4,0,4,27
07/04/2021,BDR,CT,ANE,EN,Federal Contract Tower,0,1,15,0,16,0,0,22,0,22,0,1,37,0,38,12,0,12,50
07/05/2021,BDR,CT,ANE,EN,Federal Contract Tower,0,10,24,0,34,0,6,34,0,40,0,16,58,0,74,70,0,70,144
07/06/2021,BDR,CT,ANE,EN,Federal Contract Tower,0,17,5,0,22,0,5,62,0,67,0,22,67,0,89,84,0,84,173
07/07/2021,BDR,CT,ANE,EN,Federal Contract Tower,0,2,16,0,18,0,7,125,0,132,0,9,141,0,150,116,0,116,266
07/08/2021,BDR,CT,ANE,EN,Federal Contract Tower,0,21,16,0,37,0,2,14,0,16,0,23,30,0,53,14,0,14,67
07/09/2021,BDR,CT,ANE,EN,Federal Contract Tower,0,11,9,0,20,0,0,25,0,25,0,11,34,0,45,6,0,6,51
07/10/2021,BDR,CT,ANE,EN,Federal Contract Tower,0,6,21,0,27,0,3,50,0,53,0,9,71,0,80,82,0,82,162
07/11/2021,BDR,CT,ANE,EN,Federal Contract Tower,0,9,19,0,28,0,6,46,0,52,0,15,65,0,80,98,0,98,178
07/12/2021,BDR,CT,ANE,EN,Federal Contract Tower,0,9,15,0,24,0,7,2,0,9,0,16,17,0,33,0,0,0,33
07/13/2021,BDR,CT,ANE,EN,Federal Contract Tower,0,20,15,0,35,0,1,0,4,5,0,21,15,4,40,0,6,6,46
07/14/2021,BDR,CT,ANE,EN,Federal Contract Tower,0,13,11,0,24,0,0,40,2,42,0,13,51,2,66,92,0,92,158
07/15/2021,BDR,CT,ANE,EN,Federal Contract Tower,0,13,16,0,29,0,8,118,0,126,0,21,134,0,155,240,0,240,395
07/16/2021,BDR,CT,ANE,EN,Federal Contract Tower,0,11,9,0,20,0,3,70,0,73,0,14,79,0,93,220,0,220,313
07/17/2021,BDR,CT,ANE,EN,Federal Contract Tower,0,6,6,0,12,0,1,62,0,63,0,7,68,0,75,111,0,111,186
07/18/2021,BDR,CT,ANE,EN,Federal Contract Tower,0,12,24,0,36,0,3,49,0,52,0,15,73,0,88,41,0,41,129
07/19/2021,BDR,CT,ANE,EN,Federal Contract Tower,0,10,11,0,21,0,6,50,0,56,0,16,61,0,77,154,0,154,231
07/20/2021,BDR,CT,ANE,EN,Federal Contract Tower,0,7,23,0,30,0,1,70,0,71,0,8,93,0,101,196,0,196,297
07/21/2021,BDR,CT,ANE,EN,Federal Contract Tower,0,14,6,0,20,0,4,72,0,76,0,18,78,0,96,56,0,56,152
07/22/2021,BDR,CT,ANE,EN,Federal Contract Tower,0,7,16,0,23,0,4,133,0,137,0,11,149,0,160,218,0,218,378
07/23/2021,BDR,CT,ANE,EN,Federal Contract Tower,0,10,6,0,16,0,3,115,0,118,0,13,121,0,134,182,0,182,316
07/24/2021,BDR,CT,ANE,EN,Federal Contract Tower,0,5,13,0,18,0,4,110,0,114,0,9,123,0,132,242,0,242,374
07/25/2021,BDR,CT,ANE,EN,Federal Contract Tower,0,16,14,0,30,0,3,8,0,11,0,19,22,0,41,8,0,8,49
07/26/2021,BDR,CT,ANE,EN,Federal Contract Tower,0,6,2,0,8,0,8,57,0,65,0,14,59,0,73,242,0,242,315
07/27/2021,BDR,CT,ANE,EN,Federal Contract Tower,0,7,2,0,9,0,2,59,2,63,0,9,61,2,72,194,2,196,268
07/28/2021,BDR,CT,ANE,EN,Federal Contract Tower,0,9,5,0,14,0,3,65,4,72,0,12,70,4,86,196,0,196,282
07/29/2021,BDR,CT,ANE,EN,Federal Contract Tower,0,10,16,0,26,0,2,24,0,26,0,12,40,0,52,10,0,10,62
07/30/2021,BDR,CT,ANE,EN,Federal Contract Tower,0,21,5,0,26,0,7,89,0,96,0,28,94,0,122,74,0,74,196
07/31/2021,BDR,CT,ANE,EN,Federal Contract Tower,0,13,5,0,18,0,5,114,0,119,0,18,119,0,137,199,0,199,336
08/01/2021,BDR,CT,ANE,EN,Federal Contract Tower,0,16,6,0,22,0,5,58,0,63,0,21,64,0,85,100,0,100,185
08/02/2021,BDR,CT,ANE,EN,Federal Contract Tower,0,15,7,0,22,0,3,95,0,98,0,18,102,0,120,168,0,168,288
08/03/2021,BDR,CT,ANE,EN,Federal Contract Tower,0,8,8,0,16,0,4,66,0,70,0,12,74,0,86,208,0,208,294
08/04/2021,BDR,CT,ANE,EN,Federal Contract Tower,0,13,6,0,19,0,4,68,0,72,0,17,74,0,91,188,0,188,279
08/05/2021,BDR,CT,ANE,EN,Federal Contract Tower,0,24,14,0,38,0,4,16,0,20,0,28,30,0,58,38,4,42,100
08/06/2021,BDR,CT,ANE,EN,Federal Contract Tower,0,5,12,0,17,0,5,97,0,102,0,10,109,0,119,202,0,202,321
08/07/2021,BDR,CT,ANE,EN,Federal Contract Tower,0,10,2,0,12,0,6,61,1,68,0,16,63,1,80,122,16,138,218
08/08/2021,BDR,CT,ANE,EN,Federal Contract Tower,0,10,7,0,17,0,6,61,1,68,0,16,68,1,85,106,0,106,191
08/09/2021,BDR,CT,ANE,EN,Federal Contract Tower,0,10,17,0,27,0,1,24,0,25,0,11,41,0,52,26,0,26,78
08/10/2021,BDR,CT,ANE,EN,Federal Contract Tower,0,15,13,0,28,0,1,24,0,25,0,16,37,0,53,76,0,76,129
08/11/2021,BDR,CT,ANE,EN,Federal Contract Tower,0,5,11,0,16,0,3,84,0,87,0,8,95,0,103,124,0,124,227
08/12/2021,BDR,CT,ANE,EN,Federal Contract Tower,0,14,3,0,17,0,7,87,0,94,0,21,90,0,111,80,0,80,191
08/13/2021,BDR,CT,ANE,EN,Federal Contract Tower,0,12,2,1,15,0,5,75,0,80,0,17,77,1,95,136,0,136,231
08/14/2021,BDR,CT,ANE,EN,Federal Contract Tower,0,3,3,1,7,0,10,46,0,56,0,13,49,1,63,90,0,90,153
08/15/2021,BDR,CT,ANE,EN,Federal Contract Tower,0,4,4,0,8,0,3,111,0,114,0,7,115,0,122,182,0,182,304
08/16/2021,BDR,CT,ANE,EN,Federal Contract Tower,0,7,5,0,12,0,6,106,0,112,0,13,111,0,124,182,0,182,306
08/17/2021,BDR,CT,ANE,EN,Federal Contract Tower,0,9,12,0,21,0,3,70,0,73,0,12,82,0,94,184,0,184,278
08/18/2021,BDR,CT,ANE,EN,Federal Contract Tower,0,14,12,0,26,0,3,52,2,57,0,17,64,2,83,150,0,150,233
08/19/2021,BDR,CT,ANE,EN,Federal Contract Tower,0,7,9,0,16,0,6,8,0,14,0,13,17,0,30,44,0,44,74
08/20/2021,BDR,CT,ANE,EN,Federal Contract Tower,0,18,22,0,40,0,8,43,0,51,0,26,65,0,91,144,14,158,249
08/21/2021,BDR,CT,ANE,EN,Federal Contract Tower,0,6,17,0,23,0,2,48,0,50,0,8,65,0,73,32,0,32,105
08/22/2021,BDR,CT,ANE,EN,Federal Contract Tower,0,0,0,0,0,0,0,0,0,0,0,0,0,0,0,0,0,0,0
08/23/2021,BDR,CT,ANE,EN,Federal Contract Tower,0,8,18,0,26,0,0,1,0,1,0,8,19,0,27,0,0,0,27
08/24/2021,BDR,CT,ANE,EN,Federal Contract Tower,0,17,10,0,27,0,6,87,0,93,0,23,97,0,120,144,0,144,264
08/25/2021,BDR,CT,ANE,EN,Federal Contract Tower,0,5,9,1,15,0,3,95,0,98,0,8,104,1,113,96,0,96,209
08/26/2021,BDR,CT,ANE,EN,Federal Contract Tower,0,17,10,0,27,0,5,84,0,89,0,22,94,0,116,84,0,84,200
08/27/2021,BDR,CT,ANE,EN,Federal Contract Tower,0,11,9,0,20,0,6,73,0,79,0,17,82,0,99,12,0,12,111
08/28/2021,BDR,CT,ANE,EN,Federal Contract Tower,0,12,11,0,23,0,8,48,0,56,0,20,59,0,79,46,0,46,125
08/29/2021,BDR,CT,ANE,EN,Federal Contract Tower,0,24,16,0,40,0,3,31,0,34,0,27,47,0,74,14,0,14,88
08/30/2021,BDR,CT,ANE,EN,Federal Contract Tower,0,8,12,0,20,0,4,21,0,25,0,12,33,0,45,18,0,18,63
08/31/2021,BDR,CT,ANE,EN,Federal Contract Tower,0,8,8,0,16,0,7,98,0,105,0,15,106,0,121,76,0,76,197
09/01/2021,BDR,CT,ANE,EN,Federal Contract Tower,0,5,7,0,12,0,5,4,0,9,0,10,11,0,21,0,0,0,21
09/02/2021,BDR,CT,ANE,EN,Federal Contract Tower,0,9,12,0,21,0,2,24,0,26,0,11,36,0,47,42,0,42,89
09/03/2021,BDR,CT,ANE,EN,Federal Contract Tower,0,9,5,0,14,0,11,111,0,122,0,20,116,0,136,179,0,179,315
09/04/2021,BDR,CT,ANE,EN,Federal Contract Tower,0,5,12,0,17,0,4,135,1,140,0,9,147,1,157,218,0,218,375
09/05/2021,BDR,CT,ANE,EN,Federal Contract Tower,0,5,11,0,16,0,4,41,0,45,0,9,52,0,61,0,0,0,61
09/06/2021,BDR,CT,ANE,EN,Federal Contract Tower,0,6,5,0,11,0,6,96,0,102,0,12,101,0,113,102,0,102,215
09/07/2021,BDR,CT,ANE,EN,Federal Contract Tower,0,5,11,0,16,0,17,92,0,109,0,22,103,0,125,60,0,60,185
09/08/2021,BDR,CT,ANE,EN,Federal Contract Tower,0,15,5,1,21,0,9,92,0,101,0,24,97,1,122,96,0,96,218
09/09/2021,BDR,CT,ANE,EN,Federal Contract Tower,0,8,11,0,19,0,3,5,0,8,0,11,16,0,27,4,0,4,31
09/10/2021,BDR,CT,ANE,EN,Federal Contract Tower,0,11,11,0,22,0,10,85,0,95,0,21,96,0,117,116,0,116,233
09/11/2021,BDR,CT,ANE,EN,Federal Contract Tower,0,6,7,0,13,0,0,139,0,139,0,6,146,0,152,166,0,166,318
09/12/2021,BDR,CT,ANE,EN,Federal Contract Tower,0,11,10,0,21,0,12,89,0,101,0,23,99,0,122,122,0,122,244
09/13/2021,BDR,CT,ANE,EN,Federal Contract Tower,0,10,7,0,17,0,8,55,0,63,0,18,62,0,80,210,0,210,290
09/14/2021,BDR,CT,ANE,EN,Federal Contract Tower,0,13,7,1,21,0,1,65,1,67,0,14,72,2,88,174,0,174,262
09/15/2021,BDR,CT,ANE,EN,Federal Contract Tower,0,13,9,1,23,0,6,60,2,68,0,19,69,3,91,78,0,78,169
09/16/2021,BDR,CT,ANE,EN,Federal Contract Tower,0,11,10,0,21,0,2,31,3,36,0,13,41,3,57,40,0,40,97
09/17/2021,BDR,CT,ANE,EN,Federal Contract Tower,0,17,12,0,29,0,2,11,0,13,0,19,23,0,42,32,0,32,74
09/18/2021,BDR,CT,ANE,EN,Federal Contract Tower,0,9,14,2,25,0,0,87,0,87,0,9,101,2,112,280,0,280,392
09/19/2021,BDR,CT,ANE,EN,Federal Contract Tower,0,11,4,0,15,0,4,122,0,126,0,15,126,0,141,190,0,190,331
09/20/2021,BDR,CT,ANE,EN,Federal Contract Tower,0,3,10,0,13,0,6,74,2,82,0,9,84,2,95,184,0,184,279
09/21/2021,BDR,CT,ANE,EN,Federal Contract Tower,0,14,11,0,25,0,2,79,0,81,0,16,90,0,106,134,0,134,240
09/22/2021,BDR,CT,ANE,EN,Federal Contract Tower,0,7,16,0,23,0,1,18,0,19,0,8,34,0,42,86,0,86,128
09/23/2021,BDR,CT,ANE,EN,Federal Contract Tower,0,19,8,0,27,0,1,18,0,19,0,20,26,0,46,12,0,12,58
09/24/2021,BDR,CT,ANE,EN,Federal Contract Tower,0,16,8,0,24,0,7,34,0,41,0,23,42,0,65,118,0,118,183
09/25/2021,BDR,CT,ANE,EN,Federal Contract Tower,0,4,9,0,13,0,6,119,0,125,0,10,128,0,138,252,0,252,390
09/26/2021,BDR,CT,ANE,EN,Federal Contract Tower,0,5,10,0,15,0,5,98,2,105,0,10,108,2,120,120,2,122,242
09/27/2021,BDR,CT,ANE,EN,Federal Contract Tower,0,3,9,0,12,0,2,81,0,83,0,5,90,0,95,206,0,206,301
09/28/2021,BDR,CT,ANE,EN,Federal Contract Tower,0,12,9,0,21,0,3,19,0,22,0,15,28,0,43,80,0,80,123
09/29/2021,BDR,CT,ANE,EN,Federal Contract Tower,0,7,5,0,12,0,0,73,0,73,0,7,78,0,85,88,0,88,173
09/30/2021,BDR,CT,ANE,EN,Federal Contract Tower,0,6,5,0,11,0,6,70,4,80,0,12,75,4,91,110,0,110,201
10/01/2021,BDR,CT,ANE,EN,Federal Contract Tower,0,11,11,0,22,0,5,83,0,88,0,16,94,0,110,168,0,168,278
10/02/2021,BDR,CT,ANE,EN,Federal Contract Tower,0,0,9,0,9,0,1,165,0,166,0,1,174,0,175,250,0,250,425
10/03/2021,BDR,CT,ANE,EN,Federal Contract Tower,0,10,10,0,20,0,3,117,0,120,0,13,127,0,140,160,0,160,300
10/04/2021,BDR,CT,ANE,EN,Federal Contract Tower,0,13,15,0,28,0,0,0,0,0,0,13,15,0,28,0,0,0,28
10/05/2021,BDR,CT,ANE,EN,Federal Contract Tower,0,11,16,0,27,0,1,8,0,9,0,12,24,0,36,20,2,22,58
10/06/2021,BDR,CT,ANE,EN,Federal Contract Tower,0,7,14,0,21,0,2,87,0,89,0,9,101,0,110,174,0,174,284
10/07/2021,BDR,CT,ANE,EN,Federal Contract Tower,0,14,13,0,27,0,3,64,0,67,0,17,77,0,94,186,0,186,280
10/08/2021,BDR,CT,ANE,EN,Federal Contract Tower,0,15,11,0,26,0,4,75,4,83,0,19,86,4,109,124,0,124,233
10/09/2021,BDR,CT,ANE,EN,Federal Contract Tower,0,12,16,0,28,0,0,28,0,28,0,12,44,0,56,82,0,82,138
10/10/2021,BDR,CT,ANE,EN,Federal Contract Tower,0,4,23,0,27,0,0,3,0,3,0,4,26,0,30,6,0,6,36
10/11/2021,BDR,CT,ANE,EN,Federal Contract Tower,0,17,10,0,27,0,3,51,0,54,0,20,61,0,81,114,0,114,195
10/12/2021,BDR,CT,ANE,EN,Federal Contract Tower,0,7,7,0,14,0,4,85,0,89,0,11,92,0,103,166,0,166,269
10/13/2021,BDR,CT,ANE,EN,Federal Contract Tower,0,21,10,0,31,0,1,48,0,49,0,22,58,0,80,134,0,134,214
10/14/2021,BDR,CT,ANE,EN,Federal Contract Tower,0,14,5,0,19,0,6,103,0,109,0,20,108,0,128,118,0,118,246
10/15/2021,BDR,CT,ANE,EN,Federal Contract Tower,0,11,10,0,21,0,4,69,2,75,0,15,79,2,96,192,0,192,288
10/16/2021,BDR,CT,ANE,EN,Federal Contract Tower,0,10,5,0,15,0,0,30,0,30,0,10,35,0,45,54,0,54,99
10/17/2021,BDR,CT,ANE,EN,Federal Contract Tower,0,8,11,0,19,0,2,100,0,102,0,10,111,0,121,180,0,180,301
10/18/2021,BDR,CT,ANE,EN,Federal Contract Tower,0,7,7,0,14,0,6,27,0,33,0,13,34,0,47,38,0,38,85
10/19/2021,BDR,CT,ANE,EN,Federal Contract Tower,0,6,10,0,16,0,5,60,0,65,0,11,70,0,81,80,2,82,163
10/20/2021,BDR,CT,ANE,EN,Federal Contract Tower,0,4,10,0,14,0,5,77,0,82,0,9,87,0,96,210,0,210,306
10/21/2021,BDR,CT,ANE,EN,Federal Contract Tower,0,20,4,0,24,0,6,83,0,89,0,26,87,0,113,152,0,152,265
10/22/2021,BDR,CT,ANE,EN,Federal Contract Tower,0,17,11,2,30,0,7,83,0,90,0,24,94,2,120,194,0,194,314
10/23/2021,BDR,CT,ANE,EN,Federal Contract Tower,0,4,8,0,12,0,3,94,0,97,0,7,102,0,109,215,0,215,324
10/24/2021,BDR,CT,ANE,EN,Federal Contract Tower,0,8,13,0,21,0,5,75,0,80,0,13,88,0,101,140,6,146,247
10/25/2021,BDR,CT,ANE,EN,Federal Contract Tower,0,12,4,0,16,0,4,20,0,24,0,16,24,0,40,26,0,26,66
10/26/2021,BDR,CT,ANE,EN,Federal Contract Tower,0,1,5,0,6,0,0,0,0,0,0,1,5,0,6,0,0,0,6
10/27/2021,BDR,CT,ANE,EN,Federal Contract Tower,0,7,5,0,12,0,0,8,0,8,0,7,13,0,20,0,0,0,20
10/29/2021,BDR,CT,ANE,EN,Federal Contract Tower,0,7,11,0,18,0,4,18,0,22,0,11,29,0,40,72,0,72,112
10/30/2021,BDR,CT,ANE,EN,Federal Contract Tower,0,1,13,0,14,0,0,1,0,1,0,1,14,0,15,0,0,0,15
10/31/2021,BDR,CT,ANE,EN,Federal Contract Tower,0,4,14,0,18,0,0,78,0,78,0,4,92,0,96,166,0,166,262
11/01/2021,BDR,CT,ANE,EN,Federal Contract Tower,0,1,9,0,10,0,2,60,0,62,0,3,69,0,72,86,0,86,158
11/02/2021,BDR,CT,ANE,EN,Federal Contract Tower,0,5,14,0,19,0,4,47,0,51,0,9,61,0,70,102,0,102,172
11/03/2021,BDR,CT,ANE,EN,Federal Contract Tower,0,8,11,0,19,0,3,79,0,82,0,11,90,0,101,124,0,124,225
11/04/2021,BDR,CT,ANE,EN,Federal Contract Tower,0,3,10,0,13,0,4,62,0,66,0,7,72,0,79,122,0,122,201
11/05/2021,BDR,CT,ANE,EN,Federal Contract Tower,0,7,11,0,18,0,3,89,0,92,0,10,100,0,110,268,0,268,378
11/06/2021,BDR,CT,ANE,EN,Federal Contract Tower,0,6,7,0,13,0,2,113,2,117,0,8,120,2,130,174,0,174,304
11/07/2021,BDR,CT,ANE,EN,Federal Contract Tower,0,5,12,0,17,0,0,113,2,115,0,5,125,2,132,132,16,148,280
11/08/2021,BDR,CT,ANE,EN,Federal Contract Tower,0,8,6,0,14,0,2,55,0,57,0,10,61,0,71,184,0,184,255
11/09/2021,BDR,CT,ANE,EN,Federal Contract Tower,0,9,3,0,12,0,3,70,0,73,0,12,73,0,85,160,0,160,245
11/10/2021,BDR,CT,ANE,EN,Federal Contract Tower,0,6,8,0,14,0,4,86,0,90,0,10,94,0,104,98,0,98,202
11/11/2021,BDR,CT,ANE,EN,Federal Contract Tower,0,8,16,0,24,0,2,79,0,81,0,10,95,0,105,134,0,134,239
11/12/2021,BDR,CT,ANE,EN,Federal Contract Tower,0,5,12,0,17,0,0,6,0,6,0,5,18,0,23,12,0,12,35
11/13/2021,BDR,CT,ANE,EN,Federal Contract Tower,0,3,10,0,13,0,0,37,0,37,0,3,47,0,50,64,0,64,114
11/14/2021,BDR,CT,ANE,EN,Federal Contract Tower,0,16,4,0,20,0,1,107,0,108,0,17,111,0,128,148,0,148,276
11/15/2021,BDR,CT,ANE,EN,Federal Contract Tower,0,3,5,0,8,0,1,23,0,24,0,4,28,0,32,82,0,82,114
11/16/2021,BDR,CT,ANE,EN,Federal Contract Tower,0,4,7,0,11,0,0,40,0,40,0,4,47,0,51,50,0,50,101
11/17/2021,BDR,CT,ANE,EN,Federal Contract Tower,0,9,12,0,21,0,0,68,0,68,0,9,80,0,89,162,0,162,251
11/18/2021,BDR,CT,ANE,EN,Federal Contract Tower,0,9,18,0,27,0,1,60,2,63,0,10,78,2,90,80,0,80,170
11/19/2021,BDR,CT,ANE,EN,Federal Contract Tower,0,11,5,0,16,0,1,51,0,52,0,12,56,0,68,64,4,68,136
11/20/2021,BDR,CT,ANE,EN,Federal Contract Tower,0,5,7,0,12,0,1,68,0,69,0,6,75,0,81,242,0,242,323
11/21/2021,BDR,CT,ANE,EN,Federal Contract Tower,0,7,5,0,12,0,3,79,0,82,0,10,84,0,94,178,0,178,272
11/22/2021,BDR,CT,ANE,EN,Federal Contract Tower,0,11,12,0,23,0,2,23,0,25,0,13,35,0,48,60,0,60,108
11/23/2021,BDR,CT,ANE,EN,Federal Contract Tower,0,11,7,2,20,0,1,28,2,31,0,12,35,4,51,108,0,108,159
11/24/2021,BDR,CT,ANE,EN,Federal Contract Tower,0,5,8,0,13,0,2,76,0,78,0,7,84,0,91,132,0,132,223
11/25/2021,BDR,CT,ANE,EN,Federal Contract Tower,0,2,4,0,6,0,2,19,0,21,0,4,23,0,27,50,0,50,77
11/26/2021,BDR,CT,ANE,EN,Federal Contract Tower,0,8,6,0,14,0,0,2,0,2,0,8,8,0,16,0,0,0,16
11/27/2021,BDR,CT,ANE,EN,Federal Contract Tower,0,3,3,0,6,0,0,34,0,34,0,3,37,0,40,24,0,24,64
11/28/2021,BDR,CT,ANE,EN,Federal Contract Tower,0,10,11,0,21,0,0,20,0,20,0,10,31,0,41,104,0,104,145
11/29/2021,BDR,CT,ANE,EN,Federal Contract Tower,0,7,10,0,17,0,3,23,0,26,0,10,33,0,43,38,0,38,81
11/30/2021,BDR,CT,ANE,EN,Federal Contract Tower,0,6,12,0,18,0,0,51,2,53,0,6,63,2,71,100,0,100,171
12/01/2021,BDR,CT,ANE,EN,Federal Contract Tower,0,5,5,0,10,0,6,74,0,80,0,11,79,0,90,144,0,144,234
12/02/2021,BDR,CT,ANE,EN,Federal Contract Tower,0,7,6,0,13,0,1,31,0,32,0,8,37,0,45,50,0,50,95
12/03/2021,BDR,CT,ANE,EN,Federal Contract Tower,0,9,8,0,17,0,3,45,0,48,0,12,53,0,65,42,0,42,107
12/04/2021,BDR,CT,ANE,EN,Federal Contract Tower,0,3,4,0,7,0,2,86,0,88,0,5,90,0,95,132,0,132,227
12/05/2021,BDR,CT,ANE,EN,Federal Contract Tower,0,11,6,0,17,0,8,102,0,110,0,19,108,0,127,194,0,194,321
12/06/2021,BDR,CT,ANE,EN,Federal Contract Tower,0,7,14,0,21,0,0,2,0,2,0,7,16,0,23,0,0,0,23
12/07/2021,BDR,CT,ANE,EN,Federal Contract Tower,0,3,5,0,8,0,1,43,0,44,0,4,48,0,52,130,0,130,182
12/08/2021,BDR,CT,ANE,EN,Federal Contract Tower,0,9,12,0,21,0,0,13,0,13,0,9,25,0,34,10,0,10,44
12/09/2021,BDR,CT,ANE,EN,Federal Contract Tower,0,12,4,0,16,0,0,77,0,77,0,12,81,0,93,130,0,130,223
12/10/2021,BDR,CT,ANE,EN,Federal Contract Tower,0,6,9,0,15,0,3,67,0,70,0,9,76,0,85,92,0,92,177
12/11/2021,BDR,CT,ANE,EN,Federal Contract Tower,0,4,6,0,10,0,0,0,0,0,0,4,6,0,10,0,0,0,10
12/12/2021,BDR,CT,ANE,EN,Federal Contract Tower,0,9,5,0,14,0,1,77,2,80,0,10,82,2,94,82,0,82,176
12/13/2021,BDR,CT,ANE,EN,Federal Contract Tower,0,2,5,0,7,0,4,37,0,41,0,6,42,0,48,94,0,94,142
12/14/2021,BDR,CT,ANE,EN,Federal Contract Tower,0,14,9,0,23,0,1,76,0,77,0,15,85,0,100,150,0,150,250
12/15/2021,BDR,CT,ANE,EN,Federal Contract Tower,0,10,4,0,14,0,6,55,0,61,0,16,59,0,75,128,0,128,203
12/16/2021,BDR,CT,ANE,EN,Federal Contract Tower,0,9,7,0,16,0,3,48,0,51,0,12,55,0,67,92,0,92,159
12/17/2021,BDR,CT,ANE,EN,Federal Contract Tower,0,7,8,0,15,0,3,32,0,35,0,10,40,0,50,102,0,102,152
12/18/2021,BDR,CT,ANE,EN,Federal Contract Tower,0,9,5,0,14,0,0,1,0,1,0,9,6,0,15,4,0,4,19
12/19/2021,BDR,CT,ANE,EN,Federal Contract Tower,0,5,7,0,12,0,0,27,0,27,0,5,34,0,39,52,0,52,91
12/20/2021,BDR,CT,ANE,EN,Federal Contract Tower,0,8,1,0,9,0,1,43,0,44,0,9,44,0,53,146,0,146,199
12/21/2021,BDR,CT,ANE,EN,Federal Contract Tower,0,6,4,0,10,0,0,51,0,51,0,6,55,0,61,168,0,168,229
12/22/2021,BDR,CT,ANE,EN,Federal Contract Tower,0,5,4,0,9,0,0,12,0,12,0,5,16,0,21,50,0,50,71
12/23/2021,BDR,CT,ANE,EN,Federal Contract Tower,0,10,5,0,15,0,2,62,0,64,0,12,67,0,79,154,0,154,233
12/24/2021,BDR,CT,ANE,EN,Federal Contract Tower,0,9,6,0,15,0,0,0,0,0,0,9,6,0,15,8,0,8,23
12/25/2021,BDR,CT,ANE,EN,Federal Contract Tower,0,2,1,0,3,0,0,0,0,0,0,2,1,0,3,0,0,0,3
12/26/2021,BDR,CT,ANE,EN,Federal Contract Tower,0,6,6,0,12,0,0,40,0,40,0,6,46,0,52,70,0,70,122
12/27/2021,BDR,CT,ANE,EN,Federal Contract Tower,0,6,5,0,11,0,0,31,0,31,0,6,36,0,42,78,0,78,120
12/28/2021,BDR,CT,ANE,EN,Federal Contract Tower,0,6,7,0,13,0,1,44,0,45,0,7,51,0,58,102,0,102,160
12/29/2021,BDR,CT,ANE,EN,Federal Contract Tower,0,5,4,0,9,0,0,0,0,0,0,5,4,0,9,0,0,0,9
12/30/2021,BDR,CT,ANE,EN,Federal Contract Tower,0,9,10,0,19,0,0,4,0,4,0,9,14,0,23,30,2,32,55
12/31/2021,BDR,CT,ANE,EN,Federal Contract Tower,0,1,8,0,9,0,0,6,0,6,0,1,14,0,15,22,0,22,37
01/01/2022,BDR,CT,ANE,EN,Federal Contract Tower,0,3,3,0,6,0,0,0,0,0,0,3,3,0,6,0,0,0,6
01/02/2022,BDR,CT,ANE,EN,Federal Contract Tower,0,6,14,0,20,0,0,10,0,10,0,6,24,0,30,0,0,0,30
01/03/2022,BDR,CT,ANE,EN,Federal Contract Tower,0,9,5,0,14,0,1,15,0,16,0,10,20,0,30,34,0,34,64
01/04/2022,BDR,CT,ANE,EN,Federal Contract Tower,0,3,6,1,10,0,1,73,0,74,0,4,79,1,84,110,2,112,196
01/05/2022,BDR,CT,ANE,EN,Federal Contract Tower,0,1,2,0,3,0,0,0,0,0,0,1,2,0,3,0,0,0,3
01/06/2022,BDR,CT,ANE,EN,Federal Contract Tower,0,6,8,0,14,0,1,68,13,82,0,7,76,13,96,132,10,142,238
01/07/2022,BDR,CT,ANE,EN,Federal Contract Tower,0,0,2,0,2,0,0,4,0,4,0,0,6,0,6,0,0,0,6
01/08/2022,BDR,CT,ANE,EN,Federal Contract Tower,0,3,5,0,8,0,0,54,0,54,0,3,59,0,62,90,0,90,152
01/09/2022,BDR,CT,ANE,EN,Federal Contract Tower,0,7,2,0,9,0,0,3,0,3,0,7,5,0,12,10,0,10,22
01/10/2022,BDR,CT,ANE,EN,Federal Contract Tower,0,7,6,0,13,0,2,25,0,27,0,9,31,0,40,84,0,84,124
01/11/2022,BDR,CT,ANE,EN,Federal Contract Tower,0,7,3,0,10,0,0,13,0,13,0,7,16,0,23,30,0,30,53
01/12/2022,BDR,CT,ANE,EN,Federal Contract Tower,0,4,1,0,5,0,0,19,0,19,0,4,20,0,24,48,0,48,72
01/13/2022,BDR,CT,ANE,EN,Federal Contract Tower,0,10,6,0,16,0,0,81,0,81,0,10,87,0,97,78,6,84,181
01/14/2022,BDR,CT,ANE,EN,Federal Contract Tower,0,6,1,0,7,0,0,19,0,19,0,6,20,0,26,10,0,10,36
01/15/2022,BDR,CT,ANE,EN,Federal Contract Tower,0,6,3,0,9,0,1,30,0,31,0,7,33,0,40,62,0,62,102
01/16/2022,BDR,CT,ANE,EN,Federal Contract Tower,0,3,6,0,9,0,0,46,0,46,0,3,52,0,55,70,0,70,125
01/17/2022,BDR,CT,ANE,EN,Federal Contract Tower,0,6,5,0,11,0,0,0,0,0,0,6,5,0,11,0,0,0,11
01/18/2022,BDR,CT,ANE,EN,Federal Contract Tower,0,5,2,0,7,0,2,16,0,18,0,7,18,0,25,6,0,6,31
01/19/2022,BDR,CT,ANE,EN,Federal Contract Tower,0,11,5,0,16,0,3,51,0,54,0,14,56,0,70,70,0,70,140
01/20/2022,BDR,CT,ANE,EN,Federal Contract Tower,0,5,3,0,8,0,1,7,0,8,0,6,10,0,16,0,8,8,24
01/21/2022,BDR,CT,ANE,EN,Federal Contract Tower,0,2,5,0,7,0,0,40,0,40,0,2,45,0,47,94,0,94,141
01/22/2022,BDR,CT,ANE,EN,Federal Contract Tower,0,2,2,0,4,0,3,63,0,66,0,5,65,0,70,200,0,200,270
01/23/2022,BDR,CT,ANE,EN,Federal Contract Tower,0,4,5,0,9,0,0,61,0,61,0,4,66,0,70,134,0,134,204
01/24/2022,BDR,CT,ANE,EN,Federal Contract Tower,0,3,3,0,6,0,0,30,1,31,0,3,33,1,37,68,0,68,105
01/25/2022,BDR,CT,ANE,EN,Federal Contract Tower,0,9,2,0,11,0,0,39,0,39,0,9,41,0,50,46,0,46,96
01/26/2022,BDR,CT,ANE,EN,Federal Contract Tower,0,9,5,0,14,0,0,39,0,39,0,9,44,0,53,66,0,66,119
01/27/2022,BDR,CT,ANE,EN,Federal Contract Tower,0,6,11,0,17,0,0,48,0,48,0,6,59,0,65,98,0,98,163
01/28/2022,BDR,CT,ANE,EN,Federal Contract Tower,0,5,10,0,15,0,0,5,0,5,0,5,15,0,20,44,0,44,64
01/29/2022,BDR,CT,ANE,EN,Federal Contract Tower,0,0,0,0,0,0,0,0,0,0,0,0,0,0,0,0,0,0,0
01/30/2022,BDR,CT,ANE,EN,Federal Contract Tower,0,5,3,0,8,0,0,11,0,11,0,5,14,0,19,38,8,46,65
01/31/2022,BDR,CT,ANE,EN,Federal Contract Tower,0,5,6,0,11,0,1,39,0,40,0,6,45,0,51,46,0,46,97
02/01/2022,BDR,CT,ANE,EN,Federal Contract Tower,0,4,9,0,13,0,0,45,0,45,0,4,54,0,58,66,0,66,124
02/02/2022,BDR,CT,ANE,EN,Federal Contract Tower,0,7,10,0,17,0,1,17,0,18,0,8,27,0,35,26,6,32,67
02/03/2022,BDR,CT,ANE,EN,Federal Contract Tower,0,2,0,0,2,0,0,0,0,0,0,2,0,0,2,0,0,0,2
02/04/2022,BDR,CT,ANE,EN,Federal Contract Tower,0,1,2,0,3,0,0,0,0,0,0,1,2,0,3,0,0,0,3
02/05/2022,BDR,CT,ANE,EN,Federal Contract Tower,0,1,1,0,2,0,0,25,0,25,0,1,26,0,27,18,0,18,45
02/06/2022,BDR,CT,ANE,EN,Federal Contract Tower,0,0,1,0,1,0,0,83,0,83,0,0,84,0,84,204,0,204,288
02/07/2022,BDR,CT,ANE,EN,Federal Contract Tower,0,5,2,0,7,0,0,0,0,0,0,5,2,0,7,0,0,0,7
02/08/2022,BDR,CT,ANE,EN,Federal Contract Tower,0,4,7,0,11,0,0,33,0,33,0,4,40,0,44,60,8,68,112
02/09/2022,BDR,CT,ANE,EN,Federal Contract Tower,0,4,3,0,7,0,2,76,0,78,0,6,79,0,85,140,0,140,225
02/10/2022,BDR,CT,ANE,EN,Federal Contract Tower,0,3,11,0,14,0,0,26,0,26,0,3,37,0,40,110,0,110,150
02/11/2022,BDR,CT,ANE,EN,Federal Contract Tower,0,6,2,0,8,0,0,67,0,67,0,6,69,0,75,76,0,76,151
02/12/2022,BDR,CT,ANE,EN,Federal Contract Tower,0,5,4,0,9,0,1,80,0,81,0,6,84,0,90,260,0,260,350
02/13/2022,BDR,CT,ANE,EN,Federal Contract Tower,0,2,8,0,10,0,0,3,0,3,0,2,11,0,13,0,0,0,13
02/14/2022,BDR,CT,ANE,EN,Federal Contract Tower,0,4,3,0,7,0,0,20,0,20,0,4,23,0,27,46,2,48,75
02/15/2022,BDR,CT,ANE,EN,Federal Contract Tower,0,4,5,0,9,0,0,57,0,57,0,4,62,0,66,104,2,106,172
02/16/2022,BDR,CT,ANE,EN,Federal Contract Tower,0,11,6,0,17,0,0,41,0,41,0,11,47,0,58,68,0,68,126
02/17/2022,BDR,CT,ANE,EN,Federal Contract Tower,0,14,3,0,17,0,0,18,0,18,0,14,21,0,35,8,0,8,43
02/18/2022,BDR,CT,ANE,EN,Federal Contract Tower,0,7,9,0,16,0,2,13,0,15,0,9,22,0,31,0,0,0,31
02/19/2022,BDR,CT,ANE,EN,Federal Contract Tower,0,2,2,0,4,0,0,16,0,16,0,2,18,0,20,22,0,22,42
02/20/2022,BDR,CT,ANE,EN,Federal Contract Tower,0,1,3,0,4,0,0,59,1,60,0,1,62,1,64,192,0,192,256
02/21/2022,BDR,CT,ANE,EN,Federal Contract Tower,0,11,7,0,18,0,0,69,0,69,0,11,76,0,87,198,0,198,285
02/22/2022,BDR,CT,ANE,EN,Federal Contract Tower,0,4,12,0,16,0,0,0,0,0,0,4,12,0,16,0,0,0,16
02/23/2022,BDR,CT,ANE,EN,Federal Contract Tower,0,7,6,0,13,0,0,24,0,24,0,7,30,0,37,36,0,36,73
02/24/2022,BDR,CT,ANE,EN,Federal Contract Tower,0,5,7,0,12,0,1,43,0,44,0,6,50,0,56,56,0,56,112
02/25/2022,BDR,CT,ANE,EN,Federal Contract Tower,0,1,5,0,6,0,0,0,0,0,0,1,5,0,6,6,0,6,12
02/26/2022,BDR,CT,ANE,EN,Federal Contract Tower,0,7,6,0,13,0,0,85,0,85,0,7,91,0,98,230,0,230,328
02/27/2022,BDR,CT,ANE,EN,Federal Contract Tower,0,9,9,0,18,0,0,51,0,51,0,9,60,0,69,72,0,72,141
02/28/2022,BDR,CT,ANE,EN,Federal Contract Tower,0,5,6,0,11,0,1,22,0,23,0,6,28,0,34,58,0,58,92
03/01/2022,BDR,CT,ANE,EN,Federal Contract Tower,0,3,3,0,6,0,0,37,0,37,0,3,40,0,43,66,0,66,109
03/02/2022,BDR,CT,ANE,EN,Federal Contract Tower,0,3,4,0,7,0,1,45,0,46,0,4,49,0,53,110,0,110,163
03/03/2022,BDR,CT,ANE,EN,Federal Contract Tower,0,1,3,0,4,0,3,41,0,44,0,4,44,0,48,80,0,80,128
03/04/2022,BDR,CT,ANE,EN,Federal Contract Tower,0,5,4,0,9,0,0,56,0,56,0,5,60,0,65,164,0,164,229
03/05/2022,BDR,CT,ANE,EN,Federal Contract Tower,0,7,7,0,14,0,2,92,0,94,0,9,99,0,108,272,0,272,380
03/06/2022,BDR,CT,ANE,EN,Federal Contract Tower,0,6,11,0,17,0,0,4,0,4,0,6,15,0,21,16,0,16,37
03/07/2022,BDR,CT,ANE,EN,Federal Contract Tower,0,4,5,0,9,0,0,21,0,21,0,4,26,0,30,58,0,58,88
03/08/2022,BDR,CT,ANE,EN,Federal Contract Tower,0,28,12,0,40,0,1,30,0,31,0,29,42,0,71,46,6,52,123
03/09/2022,BDR,CT,ANE,EN,Federal Contract Tower,0,2,3,0,5,0,0,0,0,0,0,2,3,0,5,0,0,0,5
03/10/2022,BDR,CT,ANE,EN,Federal Contract Tower,0,7,14,0,21,0,0,65,0,65,0,7,79,0,86,118,2,120,206
03/11/2022,BDR,CT,ANE,EN,Federal Contract Tower,0,8,8,0,16,0,2,75,1,78,0,10,83,1,94,208,0,208,302
03/12/2022,BDR,CT,ANE,EN,Federal Contract Tower,0,0,2,0,2,0,0,0,0,0,0,0,2,0,2,0,0,0,2
03/13/2022,BDR,CT,ANE,EN,Federal Contract Tower,0,4,11,0,15,0,0,44,0,44,0,4,55,0,59,148,0,148,207
03/14/2022,BDR,CT,ANE,EN,Federal Contract Tower,0,4,10,0,14,0,1,44,0,45,0,5,54,0,59,244,0,244,303
03/15/2022,BDR,CT,ANE,EN,Federal Contract Tower,0,2,9,0,11,0,0,56,0,56,0,2,65,0,67,158,0,158,225
03/16/2022,BDR,CT,ANE,EN,Federal Contract Tower,0,7,12,0,19,0,2,80,0,82,0,9,92,0,101,146,4,150,251
03/17/2022,BDR,CT,ANE,EN,Federal Contract Tower,0,7,8,0,15,0,0,0,0,0,0,7,8,0,15,0,0,0,15
03/18/2022,BDR,CT,ANE,EN,Federal Contract Tower,0,3,10,0,13,0,1,51,0,52,0,4,61,0,65,98,0,98,163
03/19/2022,BDR,CT,ANE,EN,Federal Contract Tower,0,7,0,0,7,0,0,3,0,3,0,7,3,0,10,22,0,22,32
03/20/2022,BDR,CT,ANE,EN,Federal Contract Tower,0,2,12,0,14,0,6,59,2,67,0,8,71,2,81,202,0,202,283
03/21/2022,BDR,CT,ANE,EN,Federal Contract Tower,0,2,7,0,9,0,0,29,0,29,0,2,36,0,38,120,0,120,158
03/22/2022,BDR,CT,ANE,EN,Federal Contract Tower,0,4,3,0,7,0,0,54,0,54,0,4,57,0,61,92,0,92,153
03/23/2022,BDR,CT,ANE,EN,Federal Contract Tower,0,7,11,1,19,0,0,35,1,36,0,7,46,2,55,94,10,104,159
03/24/2022,BDR,CT,ANE,EN,Federal Contract Tower,0,2,6,0,8,0,0,0,0,0,0,2,6,0,8,0,0,0,8
03/25/2022,BDR,CT,ANE,EN,Federal Contract Tower,0,8,9,0,17,0,0,56,0,56,0,8,65,0,73,128,2,130,203
03/26/2022,BDR,CT,ANE,EN,Federal Contract Tower,0,5,5,0,10,0,3,36,0,39,0,8,41,0,49,144,0,144,193
03/27/2022,BDR,CT,ANE,EN,Federal Contract Tower,0,12,6,0,18,0,0,38,0,38,0,12,44,0,56,42,0,42,98
03/28/2022,BDR,CT,ANE,EN,Federal Contract Tower,0,3,8,0,11,0,0,13,0,13,0,3,21,0,24,24,0,24,48
03/29/2022,BDR,CT,ANE,EN,Federal Contract Tower,0,7,8,0,15,0,3,36,0,39,0,10,44,0,54,62,2,64,118
03/30/2022,BDR,CT,ANE,EN,Federal Contract Tower,0,3,8,0,11,0,6,55,4,65,0,9,63,4,76,100,0,100,176
03/31/2022,BDR,CT,ANE,EN,Federal Contract Tower,0,5,4,0,9,0,0,1,0,1,0,5,5,0,10,4,0,4,14
04/01/2022,BDR,CT,ANE,EN,Federal Contract Tower,0,3,10,0,13,0,0,24,0,24,0,3,34,0,37,34,0,34,71
04/02/2022,BDR,CT,ANE,EN,Federal Contract Tower,0,0,10,0,10,0,15,93,0,108,0,15,103,0,118,202,0,202,320
04/03/2022,BDR,CT,ANE,EN,Federal Contract Tower,0,11,9,0,20,0,0,8,0,8,0,11,17,0,28,10,0,10,38
04/04/2022,BDR,CT,ANE,EN,Federal Contract Tower,0,8,6,0,14,0,3,47,0,50,0,11,53,0,64,92,0,92,156
04/05/2022,BDR,CT,ANE,EN,Federal Contract Tower,0,5,7,0,12,0,1,67,2,70,0,6,74,2,82,172,0,172,254
04/06/2022,BDR,CT,ANE,EN,Federal Contract Tower,0,2,29,0,31,0,0,1,0,1,0,2,30,0,32,0,0,0,32
04/07/2022,BDR,CT,ANE,EN,Federal Contract Tower,0,2,12,0,14,0,0,0,0,0,0,2,12,0,14,0,0,0,14
04/08/2022,BDR,CT,ANE,EN,Federal Contract Tower,0,2,10,0,12,0,2,57,0,59,0,4,67,0,71,128,0,128,199
04/09/2022,BDR,CT,ANE,EN,Federal Contract Tower,0,1,1,0,2,0,1,32,0,33,0,2,33,0,35,62,0,62,97
04/10/2022,BDR,CT,ANE,EN,Federal Contract Tower,0,3,11,0,14,0,2,41,0,43,0,5,52,0,57,112,0,112,169
04/11/2022,BDR,CT,ANE,EN,Federal Contract Tower,0,4,5,0,9,0,3,55,0,58,0,7,60,0,67,144,0,144,211
04/12/2022,BDR,CT,ANE,EN,Federal Contract Tower,0,7,5,0,12,0,4,30,0,34,0,11,35,0,46,74,0,74,120
04/13/2022,BDR,CT,ANE,EN,Federal Contract Tower,0,6,12,0,18,0,2,68,0,70,0,8,80,0,88,130,0,130,218
04/14/2022,BDR,CT,ANE,EN,Federal Contract Tower,0,12,9,0,21,4,32,2,0,38,4,44,11,0,59,44,0,44,103
04/15/2022,BDR,CT,ANE,EN,Federal Contract Tower,0,7,6,0,13,0,1,66,0,67,0,8,72,0,80,184,0,184,264
04/16/2022,BDR,CT,ANE,EN,Federal Contract Tower,0,2,4,0,6,0,4,35,0,39,0,6,39,0,45,118,0,118,163
04/17/2022,BDR,CT,ANE,EN,Federal Contract Tower,0,17,3,0,20,0,5,29,0,34,0,22,32,0,54,52,0,52,106
04/18/2022,BDR,CT,ANE,EN,Federal Contract Tower,0,9,16,0,25,0,4,35,0,39,0,13,51,0,64,102,0,102,166
04/19/2022,BDR,CT,ANE,EN,Federal Contract Tower,0,4,7,0,11,0,0,6,0,6,0,4,13,0,17,0,14,14,31
04/20/2022,BDR,CT,ANE,EN,Federal Contract Tower,0,11,3,0,14,0,4,60,3,67,0,15,63,3,81,80,0,80,161
04/21/2022,BDR,CT,ANE,EN,Federal Contract Tower,0,9,7,0,16,0,5,52,0,57,0,14,59,0,73,142,0,142,215
04/22/2022,BDR,CT,ANE,EN,Federal Contract Tower,0,7,7,0,14,0,4,80,2,86,0,11,87,2,100,74,0,74,174
04/23/2022,BDR,CT,ANE,EN,Federal Contract Tower,0,6,6,0,12,0,3,111,2,116,0,9,117,2,128,266,8,274,402
04/24/2022,BDR,CT,ANE,EN,Federal Contract Tower,0,7,4,0,11,0,7,81,0,88,0,14,85,0,99,224,0,224,323
04/25/2022,BDR,CT,ANE,EN,Federal Contract Tower,0,5,12,0,17,0,0,43,0,43,0,5,55,0,60,178,0,178,238
04/26/2022,BDR,CT,ANE,EN,Federal Contract Tower,0,2,8,0,10,0,0,0,0,0,0,2,8,0,10,0,0,0,10
04/27/2022,BDR,CT,ANE,EN,Federal Contract Tower,0,15,11,1,27,0,1,24,3,28,0,16,35,4,55,10,0,10,65
04/28/2022,BDR,CT,ANE,EN,Federal Contract Tower,0,10,6,0,16,0,2,18,6,26,0,12,24,6,42,0,0,0,42
04/29/2022,BDR,CT,ANE,EN,Federal Contract Tower,0,10,9,0,19,0,0,36,0,36,0,10,45,0,55,12,0,12,67
04/30/2022,BDR,CT,ANE,EN,Federal Contract Tower,0,2,10,0,12,0,0,69,0,69,0,2,79,0,81,246,0,246,327
05/01/2022,BDR,CT,ANE,EN,Federal Contract Tower,0,0,7,0,7,0,1,88,0,89,0,1,95,0,96,188,0,188,284
05/02/2022,BDR,CT,ANE,EN,Federal Contract Tower,0,5,11,0,16,0,0,0,0,0,0,5,11,0,16,0,0,0,16
05/03/2022,BDR,CT,ANE,EN,Federal Contract Tower,0,18,38,0,56,0,0,20,0,20,0,18,58,0,76,68,0,68,144
05/04/2022,BDR,CT,ANE,EN,Federal Contract Tower,0,2,16,2,20,0,0,6,0,6,0,2,22,2,26,0,0,0,26
05/05/2022,BDR,CT,ANE,EN,Federal Contract Tower,0,8,7,0,15,0,3,86,0,89,0,11,93,0,104,212,0,212,316
05/06/2022,BDR,CT,ANE,EN,Federal Contract Tower,0,2,14,0,16,0,0,12,0,12,0,2,26,0,28,14,0,14,42
05/07/2022,BDR,CT,ANE,EN,Federal Contract Tower,0,2,7,0,9,0,2,4,0,6,0,4,11,0,15,0,0,0,15
05/08/2022,BDR,CT,ANE,EN,Federal Contract Tower,0,8,4,0,12,0,5,13,0,18,0,13,17,0,30,0,0,0,30
05/09/2022,BDR,CT,ANE,EN,Federal Contract Tower,0,10,5,0,15,0,6,33,0,39,0,16,38,0,54,34,0,34,88
05/10/2022,BDR,CT,ANE,EN,Federal Contract Tower,0,11,7,0,18,0,5,28,1,34,0,16,35,1,52,20,0,20,72
05/11/2022,BDR,CT,ANE,EN,Federal Contract Tower,0,8,4,0,12,0,0,52,5,57,0,8,56,5,69,92,4,96,165
05/12/2022,BDR,CT,ANE,EN,Federal Contract Tower,0,11,13,0,24,0,1,31,0,32,0,12,44,0,56,42,0,42,98
05/13/2022,BDR,CT,ANE,EN,Federal Contract Tower,0,11,10,1,22,0,0,0,0,0,0,11,10,1,22,8,0,8,30
05/14/2022,BDR,CT,ANE,EN,Federal Contract Tower,0,5,14,0,19,0,0,12,0,12,0,5,26,0,31,60,4,64,95
05/15/2022,BDR,CT,ANE,EN,Federal Contract Tower,0,7,11,0,18,0,4,39,0,43,0,11,50,0,61,104,0,104,165
05/16/2022,BDR,CT,ANE,EN,Federal Contract Tower,0,4,3,0,7,0,1,15,0,16,0,5,18,0,23,14,0,14,37
05/17/2022,BDR,CT,ANE,EN,Federal Contract Tower,0,15,7,0,22,0,4,42,0,46,0,19,49,0,68,118,0,118,186
05/18/2022,BDR,CT,ANE,EN,Federal Contract Tower,0,6,5,0,11,0,1,72,1,74,0,7,77,1,85,148,0,148,233
05/19/2022,BDR,CT,ANE,EN,Federal Contract Tower,0,8,17,0,25,0,1,12,0,13,0,9,29,0,38,6,0,6,44
05/20/2022,BDR,CT,ANE,EN,Federal Contract Tower,0,8,17,0,25,0,0,16,0,16,0,8,33,0,41,78,0,78,119
05/21/2022,BDR,CT,ANE,EN,Federal Contract Tower,0,6,10,0,16,0,2,69,0,71,0,8,79,0,87,202,0,202,289
05/22/2022,BDR,CT,ANE,EN,Federal Contract Tower,0,8,2,0,10,0,2,88,0,90,0,10,90,0,100,177,2,179,279
05/23/2022,BDR,CT,ANE,EN,Federal Contract Tower,0,6,3,0,9,0,3,48,0,51,0,9,51,0,60,134,0,134,194
05/24/2022,BDR,CT,ANE,EN,Federal Contract Tower,0,6,5,0,11,0,4,82,0,86,0,10,87,0,97,136,0,136,233
05/25/2022,BDR,CT,ANE,EN,Federal Contract Tower,0,8,7,0,15,0,4,110,0,114,0,12,117,0,129,336,0,336,465
05/26/2022,BDR,CT,ANE,EN,Federal Contract Tower,0,7,14,0,21,0,1,83,0,84,0,8,97,0,105,266,0,266,371
05/27/2022,BDR,CT,ANE,EN,Federal Contract Tower,0,15,12,0,27,0,4,2,0,6,0,19,14,0,33,6,0,6,39
05/28/2022,BDR,CT,ANE,EN,Federal Contract Tower,0,7,13,0,20,0,1,16,0,17,0,8,29,0,37,50,0,50,87
05/29/2022,BDR,CT,ANE,EN,Federal Contract Tower,0,5,8,0,13,0,0,77,0,77,0,5,85,0,90,130,0,130,220
05/30/2022,BDR,CT,ANE,EN,Federal Contract Tower,0,7,8,0,15,0,8,99,0,107,0,15,107,0,122,154,0,154,276
05/31/2022,BDR,CT,ANE,EN,Federal Contract Tower,0,3,9,0,12,0,4,55,0,59,0,7,64,0,71,166,0,166,237
06/01/2022,BDR,CT,ANE,EN,Federal Contract Tower,0,11,16,0,27,0,4,56,0,60,0,15,72,0,87,152,0,152,239
06/02/2022,BDR,CT,ANE,EN,Federal Contract Tower,0,11,15,0,26,0,1,6,0,7,0,12,21,0,33,18,0,18,51
06/03/2022,BDR,CT,ANE,EN,Federal Contract Tower,0,10,15,0,25,3,38,2,0,43,3,48,17,0,68,48,2,50,118
06/04/2022,BDR,CT,ANE,EN,Federal Contract Tower,0,3,7,0,10,0,0,101,0,101,0,3,108,0,111,186,0,186,297
06/05/2022,BDR,CT,ANE,EN,Federal Contract Tower,0,7,8,0,15,0,0,101,0,101,0,7,109,0,116,334,0,334,450
06/06/2022,BDR,CT,ANE,EN,Federal Contract Tower,0,8,6,0,14,0,2,85,0,87,0,10,91,0,101,200,0,200,301
06/07/2022,BDR,CT,ANE,EN,Federal Contract Tower,0,6,4,0,10,0,3,50,0,53,0,9,54,0,63,120,0,120,183
06/08/2022,BDR,CT,ANE,EN,Federal Contract Tower,0,9,12,0,21,0,2,58,0,60,0,11,70,0,81,84,2,86,167
06/09/2022,BDR,CT,ANE,EN,Federal Contract Tower,0,11,12,0,23,0,3,32,0,35,0,14,44,0,58,52,0,52,110
06/10/2022,BDR,CT,ANE,EN,Federal Contract Tower,0,9,12,0,21,0,10,100,0,110,0,19,112,0,131,206,0,206,337
06/11/2022,BDR,CT,ANE,EN,Federal Contract Tower,0,2,2,0,4,0,1,89,0,90,0,3,91,0,94,208,0,208,302
06/12/2022,BDR,CT,ANE,EN,Federal Contract Tower,0,10,13,0,23,0,4,25,0,29,0,14,38,0,52,72,0,72,124
06/13/2022,BDR,CT,ANE,EN,Federal Contract Tower,0,11,13,0,24,0,3,39,2,44,0,14,52,2,68,152,0,152,220
06/14/2022,BDR,CT,ANE,EN,Federal Contract Tower,0,7,9,0,16,0,6,76,0,82,0,13,85,0,98,258,2,260,358
06/15/2022,BDR,CT,ANE,EN,Federal Contract Tower,0,4,8,2,14,0,1,93,0,94,0,5,101,2,108,210,0,210,318
06/16/2022,BDR,CT,ANE,EN,Federal Contract Tower,0,13,19,0,32,0,1,52,0,53,0,14,71,0,85,66,4,70,155
06/17/2022,BDR,CT,ANE,EN,Federal Contract Tower,0,10,25,0,35,0,12,47,1,60,0,22,72,1,95,88,0,88,183
06/18/2022,BDR,CT,ANE,EN,Federal Contract Tower,0,5,6,0,11,0,0,38,0,38,0,5,44,0,49,20,0,20,69
06/19/2022,BDR,CT,ANE,EN,Federal Contract Tower,0,6,5,0,11,0,4,56,0,60,0,10,61,0,71,64,0,64,135
06/20/2022,BDR,CT,ANE,EN,Federal Contract Tower,0,12,6,0,18,0,3,75,0,78,0,15,81,0,96,138,0,138,234
06/21/2022,BDR,CT,ANE,EN,Federal Contract Tower,0,4,10,0,14,0,5,75,0,80,0,9,85,0,94,224,2,226,320
06/22/2022,BDR,CT,ANE,EN,Federal Contract Tower,0,6,15,0,21,0,0,4,0,4,0,6,19,0,25,0,0,0,25
06/23/2022,BDR,CT,ANE,EN,Federal Contract Tower,0,9,18,0,27,0,2,70,4,76,0,11,88,4,103,156,0,156,259
06/24/2022,BDR,CT,ANE,EN,Federal Contract Tower,0,12,14,0,26,0,8,90,0,98,0,20,104,0,124,180,0,180,304
06/25/2022,BDR,CT,ANE,EN,Federal Contract Tower,0,2,10,0,12,0,2,118,0,120,0,4,128,0,132,150,0,150,282
06/26/2022,BDR,CT,ANE,EN,Federal Contract Tower,0,4,10,0,14,0,3,104,0,107,0,7,114,0,121,236,0,236,357
06/27/2022,BDR,CT,ANE,EN,Federal Contract Tower,0,6,13,0,19,0,3,4,0,7,0,9,17,0,26,20,0,20,46
06/28/2022,BDR,CT,ANE,EN,Federal Contract Tower,0,5,10,0,15,0,5,80,3,88,0,10,90,3,103,170,4,174,277
06/29/2022,BDR,CT,ANE,EN,Federal Contract Tower,0,9,2,0,11,0,3,97,0,100,0,12,99,0,111,260,0,260,371
06/30/2022,BDR,CT,ANE,EN,Federal Contract Tower,0,11,5,0,16,0,8,106,0,114,0,19,111,0,130,176,0,176,306
07/01/2022,BDR,CT,ANE,EN,Federal Contract Tower,0,3,6,0,9,0,8,91,0,99,0,11,97,0,108,166,0,166,274
07/02/2022,BDR,CT,ANE,EN,Federal Contract Tower,0,9,6,0,15,0,2,33,0,35,0,11,39,0,50,56,0,56,106
07/03/2022,BDR,CT,ANE,EN,Federal Contract Tower,0,4,6,0,10,0,4,75,0,79,0,8,81,0,89,196,0,196,285
07/04/2022,BDR,CT,ANE,EN,Federal Contract Tower,0,5,5,0,10,0,11,77,0,88,0,16,82,0,98,62,0,62,160
07/05/2022,BDR,CT,ANE,EN,Federal Contract Tower,0,4,11,0,15,0,7,61,0,68,0,11,72,0,83,70,0,70,153
07/06/2022,BDR,CT,ANE,EN,Federal Contract Tower,0,4,8,0,12,0,7,72,2,81,0,11,80,2,93,132,2,134,227
07/07/2022,BDR,CT,ANE,EN,Federal Contract Tower,0,12,4,0,16,0,6,69,0,75,0,18,73,0,91,164,0,164,255
07/08/2022,BDR,CT,ANE,EN,Federal Contract Tower,0,6,9,0,15,0,3,117,0,120,0,9,126,0,135,198,0,198,333
07/09/2022,BDR,CT,ANE,EN,Federal Contract Tower,0,5,5,0,10,0,6,99,0,105,0,11,104,0,115,194,0,194,309
07/10/2022,BDR,CT,ANE,EN,Federal Contract Tower,0,5,8,0,13,0,13,132,0,145,0,18,140,0,158,180,0,180,338
07/11/2022,BDR,CT,ANE,EN,Federal Contract Tower,0,5,4,0,9,0,7,93,0,100,0,12,97,0,109,188,0,188,297
07/12/2022,BDR,CT,ANE,EN,Federal Contract Tower,0,5,5,2,12,0,8,56,0,64,0,13,61,2,76,80,0,80,156
07/13/2022,BDR,CT,ANE,EN,Federal Contract Tower,0,3,7,1,11,0,2,69,2,73,0,5,76,3,84,174,0,174,258
07/14/2022,BDR,CT,ANE,EN,Federal Contract Tower,0,4,8,1,13,0,5,119,0,124,0,9,127,1,137,214,0,214,351
07/15/2022,BDR,CT,ANE,EN,Federal Contract Tower,0,7,3,0,10,0,2,90,0,92,0,9,93,0,102,222,0,222,324
07/16/2022,BDR,CT,ANE,EN,Federal Contract Tower,0,6,11,0,17,0,0,64,0,64,0,6,75,0,81,58,0,58,139
07/17/2022,BDR,CT,ANE,EN,Federal Contract Tower,0,9,10,0,19,0,3,113,0,116,0,12,123,0,135,122,0,122,257
07/18/2022,BDR,CT,ANE,EN,Federal Contract Tower,0,10,11,0,21,0,1,3,0,4,0,11,14,0,25,4,0,4,29
07/19/2022,BDR,CT,ANE,EN,Federal Contract Tower,0,6,2,0,8,0,8,102,0,110,0,14,104,0,118,180,0,180,298
07/20/2022,BDR,CT,ANE,EN,Federal Contract Tower,0,11,12,0,23,0,3,95,0,98,0,14,107,0,121,226,0,226,347
07/21/2022,BDR,CT,ANE,EN,Federal Contract Tower,0,9,7,0,16,0,10,58,0,68,0,19,65,0,84,110,0,110,194
07/22/2022,BDR,CT,ANE,EN,Federal Contract Tower,0,5,12,0,17,0,7,91,0,98,0,12,103,0,115,172,0,172,287
07/23/2022,BDR,CT,ANE,EN,Federal Contract Tower,0,4,7,0,11,0,7,81,0,88,0,11,88,0,99,172,0,172,271
07/24/2022,BDR,CT,ANE,EN,Federal Contract Tower,0,14,18,0,32,0,4,73,0,77,0,18,91,0,109,204,0,204,313
07/25/2022,BDR,CT,ANE,EN,Federal Contract Tower,0,15,15,0,30,0,6,26,0,32,0,21,41,0,62,64,0,64,126
07/26/2022,BDR,CT,ANE,EN,Federal Contract Tower,0,7,7,0,14,0,6,84,0,90,0,13,91,0,104,146,4,150,254
07/27/2022,BDR,CT,ANE,EN,Federal Contract Tower,0,7,15,0,22,0,6,93,2,101,0,13,108,2,123,222,0,222,345
07/28/2022,BDR,CT,ANE,EN,Federal Contract Tower,0,8,13,0,21,0,4,43,0,47,0,12,56,0,68,102,0,102,170
07/29/2022,BDR,CT,ANE,EN,Federal Contract Tower,0,11,9,0,20,0,17,97,0,114,0,28,106,0,134,138,0,138,272
07/30/2022,BDR,CT,ANE,EN,Federal Contract Tower,0,7,7,0,14,0,8,77,0,85,0,15,84,0,99,118,0,118,217
07/31/2022,BDR,CT,ANE,EN,Federal Contract Tower,0,7,9,0,16,0,12,120,0,132,0,19,129,0,148,184,0,184,332
08/01/2022,BDR,CT,ANE,EN,Federal Contract Tower,0,6,33,0,39,0,3,25,0,28,0,9,58,0,67,98,0,98,165
08/02/2022,BDR,CT,ANE,EN,Federal Contract Tower,0,7,7,0,14,0,6,94,0,100,0,13,101,0,114,124,0,124,238
08/03/2022,BDR,CT,ANE,EN,Federal Contract Tower,0,7,4,0,11,0,4,97,0,101,0,11,101,0,112,177,0,177,289
08/04/2022,BDR,CT,ANE,EN,Federal Contract Tower,0,10,6,0,16,0,9,112,0,121,0,19,118,0,137,188,0,188,325
08/05/2022,BDR,CT,ANE,EN,Federal Contract Tower,0,7,5,0,12,0,4,71,0,75,0,11,76,0,87,116,2,118,205
08/06/2022,BDR,CT,ANE,EN,Federal Contract Tower,0,5,7,0,12,0,6,65,0,71,0,11,72,0,83,106,0,106,189
08/07/2022,BDR,CT,ANE,EN,Federal Contract Tower,0,8,13,0,21,0,5,75,0,80,0,13,88,0,101,166,0,166,267
08/08/2022,BDR,CT,ANE,EN,Federal Contract Tower,0,9,6,0,15,0,4,60,0,64,0,13,66,0,79,156,0,156,235
08/09/2022,BDR,CT,ANE,EN,Federal Contract Tower,0,3,5,0,8,0,5,74,0,79,0,8,79,0,87,100,0,100,187
08/10/2022,BDR,CT,ANE,EN,Federal Contract Tower,0,5,7,0,12,0,1,68,0,69,0,6,75,0,81,196,0,196,277
08/11/2022,BDR,CT,ANE,EN,Federal Contract Tower,0,5,15,0,20,0,1,87,0,88,0,6,102,0,108,160,0,160,268
08/12/2022,BDR,CT,ANE,EN,Federal Contract Tower,0,8,5,0,13,0,3,111,0,114,0,11,116,0,127,262,0,262,389
08/13/2022,BDR,CT,ANE,EN,Federal Contract Tower,0,13,12,0,25,0,1,112,0,113,0,14,124,0,138,140,0,140,278
08/14/2022,BDR,CT,ANE,EN,Federal Contract Tower,0,7,12,0,19,0,2,129,0,131,0,9,141,0,150,270,0,270,420
08/15/2022,BDR,CT,ANE,EN,Federal Contract Tower,0,5,12,0,17,0,9,93,0,102,0,14,105,0,119,194,0,194,313
08/16/2022,BDR,CT,ANE,EN,Federal Contract Tower,0,4,6,0,10,0,8,96,0,104,0,12,102,0,114,178,0,178,292
08/17/2022,BDR,CT,ANE,EN,Federal Contract Tower,0,12,14,0,26,0,3,64,0,67,0,15,78,0,93,100,0,100,193
08/18/2022,BDR,CT,ANE,EN,Federal Contract Tower,0,3,9,0,12,0,2,89,0,91,0,5,98,0,103,158,0,158,261
08/19/2022,BDR,CT,ANE,EN,Federal Contract Tower,0,5,7,0,12,0,5,95,0,100,0,10,102,0,112,246,0,246,358
08/20/2022,BDR,CT,ANE,EN,Federal Contract Tower,0,11,10,0,21,0,3,105,0,108,0,14,115,0,129,188,0,188,317
08/21/2022,BDR,CT,ANE,EN,Federal Contract Tower,0,5,6,0,11,0,6,94,0,100,0,11,100,0,111,168,0,168,279
08/22/2022,BDR,CT,ANE,EN,Federal Contract Tower,0,14,9,0,23,0,0,2,0,2,0,14,11,0,25,10,0,10,35
08/23/2022,BDR,CT,ANE,EN,Federal Contract Tower,0,12,12,3,27,0,3,8,2,13,0,15,20,5,40,16,0,16,56
08/24/2022,BDR,CT,ANE,EN,Federal Contract Tower,0,4,10,0,14,0,13,135,0,148,0,17,145,0,162,288,0,288,450
08/25/2022,BDR,CT,ANE,EN,Federal Contract Tower,0,6,9,0,15,0,5,116,0,121,0,11,125,0,136,176,0,176,312
08/26/2022,BDR,CT,ANE,EN,Federal Contract Tower,0,11,10,0,21,0,2,86,0,88,0,13,96,0,109,112,0,112,221
08/27/2022,BDR,CT,ANE,EN,Federal Contract Tower,0,13,8,0,21,0,4,150,0,154,0,17,158,0,175,180,0,180,355
08/28/2022,BDR,CT,ANE,EN,Federal Contract Tower,0,5,13,0,18,0,6,72,0,78,0,11,85,0,96,122,0,122,218
08/29/2022,BDR,CT,ANE,EN,Federal Contract Tower,0,4,8,0,12,0,2,67,0,69,0,6,75,0,81,98,0,98,179
08/30/2022,BDR,CT,ANE,EN,Federal Contract Tower,0,6,12,0,18,0,2,42,4,48,0,8,54,4,66,70,0,70,136
08/31/2022,BDR,CT,ANE,EN,Federal Contract Tower,0,13,11,0,24,0,3,119,0,122,0,16,130,0,146,110,0,110,256
09/01/2022,BDR,CT,ANE,EN,Federal Contract Tower,0,11,12,0,23,0,6,107,0,113,0,17,119,0,136,84,0,84,220
09/02/2022,BDR,CT,ANE,EN,Federal Contract Tower,0,9,7,0,16,0,3,125,0,128,0,12,132,0,144,248,0,248,392
09/03/2022,BDR,CT,ANE,EN,Federal Contract Tower,0,5,4,0,9,0,3,93,0,96,0,8,97,0,105,314,0,314,419
09/04/2022,BDR,CT,ANE,EN,Federal Contract Tower,0,4,5,0,9,0,1,44,0,45,0,5,49,0,54,184,0,184,238
09/05/2022,BDR,CT,ANE,EN,Federal Contract Tower,0,10,16,0,26,0,6,15,0,21,0,16,31,0,47,62,0,62,109
09/06/2022,BDR,CT,ANE,EN,Federal Contract Tower,0,11,19,0,30,0,0,0,0,0,0,11,19,0,30,0,0,0,30
09/07/2022,BDR,CT,ANE,EN,Federal Contract Tower,0,10,9,0,19,0,0,28,0,28,0,10,37,0,47,58,6,64,111
09/08/2022,BDR,CT,ANE,EN,Federal Contract Tower,0,9,10,0,19,0,8,95,0,103,0,17,105,0,122,224,0,224,346
09/09/2022,BDR,CT,ANE,EN,Federal Contract Tower,0,6,9,0,15,0,3,97,0,100,0,9,106,0,115,238,0,238,353
09/10/2022,BDR,CT,ANE,EN,Federal Contract Tower,0,6,2,0,8,0,1,92,0,93,0,7,94,0,101,178,0,178,279
09/11/2022,BDR,CT,ANE,EN,Federal Contract Tower,0,15,12,1,28,0,1,64,0,65,0,16,76,1,93,112,0,112,205
09/12/2022,BDR,CT,ANE,EN,Federal Contract Tower,0,10,10,0,20,0,0,30,0,30,0,10,40,0,50,28,2,30,80
09/13/2022,BDR,CT,ANE,EN,Federal Contract Tower,0,8,17,1,26,0,0,17,1,18,0,8,34,2,44,16,0,16,60
09/14/2022,BDR,CT,ANE,EN,Federal Contract Tower,0,5,5,0,10,0,8,66,1,75,0,13,71,1,85,194,0,194,279
09/15/2022,BDR,CT,ANE,EN,Federal Contract Tower,0,13,4,0,17,0,2,51,0,53,0,15,55,0,70,96,0,96,166
09/16/2022,BDR,CT,ANE,EN,Federal Contract Tower,0,11,12,0,23,0,5,87,0,92,0,16,99,0,115,190,0,190,305
09/17/2022,BDR,CT,ANE,EN,Federal Contract Tower,0,2,8,0,10,0,0,103,0,103,0,2,111,0,113,244,0,244,357
09/18/2022,BDR,CT,ANE,EN,Federal Contract Tower,0,5,19,0,24,0,8,90,0,98,0,13,109,0,122,168,0,168,290
09/19/2022,BDR,CT,ANE,EN,Federal Contract Tower,0,10,8,0,18,0,6,57,0,63,0,16,65,0,81,138,0,138,219
09/20/2022,BDR,CT,ANE,EN,Federal Contract Tower,0,7,6,0,13,0,0,63,0,63,0,7,69,0,76,128,0,128,204
09/21/2022,BDR,CT,ANE,EN,Federal Contract Tower,0,15,9,0,24,0,2,93,0,95,0,17,102,0,119,170,0,170,289
09/22/2022,BDR,CT,ANE,EN,Federal Contract Tower,0,14,6,0,20,0,1,12,0,13,0,15,18,0,33,24,0,24,57
09/23/2022,BDR,CT,ANE,EN,Federal Contract Tower,0,6,11,0,17,0,2,29,0,31,0,8,40,0,48,32,0,32,80
09/24/2022,BDR,CT,ANE,EN,Federal Contract Tower,0,7,1,0,8,0,3,71,0,74,0,10,72,0,82,130,0,130,212
09/25/2022,BDR,CT,ANE,EN,Federal Contract Tower,0,9,12,0,21,0,1,61,0,62,0,10,73,0,83,144,0,144,227
09/26/2022,BDR,CT,ANE,EN,Federal Contract Tower,0,12,10,0,22,0,2,49,0,51,0,14,59,0,73,136,0,136,209
09/27/2022,BDR,CT,ANE,EN,Federal Contract Tower,0,5,7,0,12,0,4,72,0,76,0,9,79,0,88,164,0,164,252
09/28/2022,BDR,CT,ANE,EN,Federal Contract Tower,0,9,7,0,16,0,1,69,0,70,0,10,76,0,86,186,0,186,272
09/29/2022,BDR,CT,ANE,EN,Federal Contract Tower,0,1,4,0,5,0,6,64,0,70,0,7,68,0,75,122,0,122,197
09/30/2022,BDR,CT,ANE,EN,Federal Contract Tower,0,6,17,0,23,0,4,72,0,76,0,10,89,0,99,228,0,228,327
10/01/2022,BDR,CT,ANE,EN,Federal Contract Tower,0,5,15,0,20,0,0,2,0,2,0,5,17,0,22,2,0,2,24
10/02/2022,BDR,CT,ANE,EN,Federal Contract Tower,0,6,12,0,18,0,1,13,0,14,0,7,25,0,32,0,0,0,32
10/03/2022,BDR,CT,ANE,EN,Federal Contract Tower,0,12,6,0,18,0,2,11,0,13,0,14,17,0,31,6,0,6,37
10/04/2022,BDR,CT,ANE,EN,Federal Contract Tower,0,9,5,0,14,0,0,0,0,0,0,9,5,0,14,0,0,0,14
10/05/2022,BDR,CT,ANE,EN,Federal Contract Tower,0,9,7,0,16,0,0,1,0,1,0,9,8,0,17,0,0,0,17
10/06/2022,BDR,CT,ANE,EN,Federal Contract Tower,0,8,8,0,16,0,2,140,1,143,0,10,148,1,159,242,0,242,401
10/07/2022,BDR,CT,ANE,EN,Federal Contract Tower,0,10,8,0,18,0,5,105,0,110,0,15,113,0,128,148,0,148,276
10/08/2022,BDR,CT,ANE,EN,Federal Contract Tower,0,7,2,0,9,0,9,111,0,120,0,16,113,0,129,148,0,148,277
10/09/2022,BDR,CT,ANE,EN,Federal Contract Tower,0,10,6,0,16,0,4,116,0,120,0,14,122,0,136,308,0,308,444
10/10/2022,BDR,CT,ANE,EN,Federal Contract Tower,0,10,9,0,19,0,3,71,0,74,0,13,80,0,93,240,0,240,333
10/11/2022,BDR,CT,ANE,EN,Federal Contract Tower,0,1,4,1,6,0,4,67,0,71,0,5,71,1,77,128,0,128,205
10/12/2022,BDR,CT,ANE,EN,Federal Contract Tower,0,5,10,0,15,0,0,110,0,110,0,5,120,0,125,196,0,196,321
10/13/2022,BDR,CT,ANE,EN,Federal Contract Tower,0,6,7,0,13,0,3,10,0,13,0,9,17,0,26,2,0,2,28
10/14/2022,BDR,CT,ANE,EN,Federal Contract Tower,0,5,19,0,24,0,3,61,0,64,0,8,80,0,88,118,0,118,206
10/15/2022,BDR,CT,ANE,EN,Federal Contract Tower,0,8,7,0,15,0,2,96,0,98,0,10,103,0,113,236,0,236,349
10/16/2022,BDR,CT,ANE,EN,Federal Contract Tower,0,14,5,0,19,0,3,93,0,96,0,17,98,0,115,230,0,230,345
10/17/2022,BDR,CT,ANE,EN,Federal Contract Tower,0,9,11,2,22,0,2,14,0,16,0,11,25,2,38,62,0,62,100
10/18/2022,BDR,CT,ANE,EN,Federal Contract Tower,0,5,8,0,13,0,4,44,0,48,0,9,52,0,61,194,2,196,257
10/19/2022,BDR,CT,ANE,EN,Federal Contract Tower,0,13,8,0,21,0,3,60,0,63,0,16,68,0,84,136,0,136,220
10/20/2022,BDR,CT,ANE,EN,Federal Contract Tower,0,3,5,0,8,0,7,55,0,62,0,10,60,0,70,46,0,46,116
10/21/2022,BDR,CT,ANE,EN,Federal Contract Tower,0,11,9,0,20,0,2,89,0,91,0,13,98,0,111,228,0,228,339
10/22/2022,BDR,CT,ANE,EN,Federal Contract Tower,0,0,11,0,11,0,0,116,0,116,0,0,127,0,127,212,0,212,339
10/23/2022,BDR,CT,ANE,EN,Federal Contract Tower,0,5,13,0,18,0,0,29,0,29,0,5,42,0,47,36,0,36,83
10/24/2022,BDR,CT,ANE,EN,Federal Contract Tower,0,10,9,0,19,0,0,0,0,0,0,10,9,0,19,0,0,0,19
10/25/2022,BDR,CT,ANE,EN,Federal Contract Tower,0,1,11,0,12,0,0,0,0,0,0,1,11,0,12,0,0,0,12
10/26/2022,BDR,CT,ANE,EN,Federal Contract Tower,0,8,16,0,24,0,0,0,0,0,0,8,16,0,24,0,0,0,24
10/27/2022,BDR,CT,ANE,EN,Federal Contract Tower,0,9,6,0,15,0,2,76,0,78,0,11,82,0,93,116,0,116,209
10/28/2022,BDR,CT,ANE,EN,Federal Contract Tower,0,8,10,0,18,0,5,74,0,79,0,13,84,0,97,260,0,260,357
10/29/2022,BDR,CT,ANE,EN,Federal Contract Tower,0,8,11,0,19,0,3,105,2,110,0,11,116,2,129,160,0,160,289
10/30/2022,BDR,CT,ANE,EN,Federal Contract Tower,0,6,8,0,14,0,2,73,0,75,0,8,81,0,89,224,0,224,313
10/31/2022,BDR,CT,ANE,EN,Federal Contract Tower,0,3,4,0,7,0,2,70,0,72,0,5,74,0,79,164,6,170,249
11/01/2022,BDR,CT,ANE,EN,Federal Contract Tower,0,10,15,0,25,0,0,5,0,5,0,10,20,0,30,26,0,26,56
11/02/2022,BDR,CT,ANE,EN,Federal Contract Tower,0,6,12,0,18,0,3,64,2,69,0,9,76,2,87,142,6,148,235
11/03/2022,BDR,CT,ANE,EN,Federal Contract Tower,0,4,8,0,12,0,18,71,6,95,0,22,79,6,107,96,0,96,203
11/04/2022,BDR,CT,ANE,EN,Federal Contract Tower,0,11,13,0,24,0,0,26,2,28,0,11,39,2,52,56,0,56,108
11/05/2022,BDR,CT,ANE,EN,Federal Contract Tower,0,4,9,0,13,0,0,71,0,71,0,4,80,0,84,238,0,238,322
11/06/2022,BDR,CT,ANE,EN,Federal Contract Tower,0,11,16,0,27,0,1,66,0,67,0,12,82,0,94,156,0,156,250
11/07/2022,BDR,CT,ANE,EN,Federal Contract Tower,0,3,9,0,12,0,2,77,0,79,0,5,86,0,91,158,0,158,249
11/08/2022,BDR,CT,ANE,EN,Federal Contract Tower,0,4,9,0,13,0,0,29,0,29,0,4,38,0,42,18,0,18,60
11/09/2022,BDR,CT,ANE,EN,Federal Contract Tower,0,9,3,0,12,0,2,96,0,98,0,11,99,0,110,260,0,260,370
11/10/2022,BDR,CT,ANE,EN,Federal Contract Tower,0,7,3,2,12,0,2,57,0,59,0,9,60,2,71,112,0,112,183
11/11/2022,BDR,CT,ANE,EN,Federal Contract Tower,0,7,10,2,19,0,2,4,0,6,0,9,14,2,25,18,0,18,43
11/12/2022,BDR,CT,ANE,EN,Federal Contract Tower,0,8,4,0,12,0,0,46,0,46,0,8,50,0,58,52,0,52,110
11/13/2022,BDR,CT,ANE,EN,Federal Contract Tower,0,4,19,0,23,0,2,28,0,30,0,6,47,0,53,22,0,22,75
11/14/2022,BDR,CT,ANE,EN,Federal Contract Tower,0,5,7,0,12,0,3,56,0,59,0,8,63,0,71,122,0,122,193
11/15/2022,BDR,CT,ANE,EN,Federal Contract Tower,0,6,9,0,15,0,1,74,0,75,0,7,83,0,90,74,0,74,164
11/16/2022,BDR,CT,ANE,EN,Federal Contract Tower,0,2,12,0,14,0,0,12,0,12,0,2,24,0,26,2,0,2,28
11/17/2022,BDR,CT,ANE,EN,Federal Contract Tower,0,8,4,0,12,0,4,61,0,65,0,12,65,0,77,54,0,54,131
11/18/2022,BDR,CT,ANE,EN,Federal Contract Tower,0,8,8,0,16,0,1,61,0,62,0,9,69,0,78,102,0,102,180
11/19/2022,BDR,CT,ANE,EN,Federal Contract Tower,0,6,8,0,14,0,0,96,1,97,0,6,104,1,111,220,0,220,331
11/20/2022,BDR,CT,ANE,EN,Federal Contract Tower,0,10,7,0,17,0,0,14,0,14,0,10,21,0,31,54,0,54,85
11/21/2022,BDR,CT,ANE,EN,Federal Contract Tower,0,7,1,0,8,0,5,60,2,67,0,12,61,2,75,150,2,152,227
11/22/2022,BDR,CT,ANE,EN,Federal Contract Tower,0,9,8,1,18,0,4,69,1,74,0,13,77,2,92,216,0,216,308
11/23/2022,BDR,CT,ANE,EN,Federal Contract Tower,0,4,11,0,15,0,0,86,0,86,0,4,97,0,101,194,0,194,295
11/24/2022,BDR,CT,ANE,EN,Federal Contract Tower,0,3,2,0,5,0,0,31,0,31,0,3,33,0,36,46,0,46,82
11/25/2022,BDR,CT,ANE,EN,Federal Contract Tower,0,5,9,0,14,0,2,18,0,20,0,7,27,0,34,20,0,20,54
11/26/2022,BDR,CT,ANE,EN,Federal Contract Tower,0,2,8,0,10,0,0,114,0,114,0,2,122,0,124,216,0,216,340
11/27/2022,BDR,CT,ANE,EN,Federal Contract Tower,0,6,12,0,18,0,2,20,0,22,0,8,32,0,40,66,0,66,106
11/28/2022,BDR,CT,ANE,EN,Federal Contract Tower,0,8,10,0,18,0,7,35,0,42,0,15,45,0,60,48,0,48,108
11/29/2022,BDR,CT,ANE,EN,Federal Contract Tower,0,11,6,0,17,0,4,82,0,86,0,15,88,0,103,192,4,196,299
11/30/2022,BDR,CT,ANE,EN,Federal Contract Tower,0,3,0,0,3,0,0,4,0,4,0,3,4,0,7,2,0,2,9
12/01/2022,BDR,CT,ANE,EN,Federal Contract Tower,0,9,2,0,11,0,0,35,2,37,0,9,37,2,48,24,0,24,72
12/02/2022,BDR,CT,ANE,EN,Federal Contract Tower,0,5,7,0,12,0,3,81,2,86,0,8,88,2,98,130,4,134,232
12/03/2022,BDR,CT,ANE,EN,Federal Contract Tower,0,0,1,0,1,0,0,1,0,1,0,0,2,0,2,0,0,0,2
12/04/2022,BDR,CT,ANE,EN,Federal Contract Tower,0,6,8,0,14,0,2,105,0,107,0,8,113,0,121,176,0,176,297
12/05/2022,BDR,CT,ANE,EN,Federal Contract Tower,0,3,5,0,8,0,1,70,6,77,0,4,75,6,85,166,4,170,255
12/06/2022,BDR,CT,ANE,EN,Federal Contract Tower,0,0,14,0,14,0,0,25,0,25,0,0,39,0,39,20,0,20,59
12/07/2022,BDR,CT,ANE,EN,Federal Contract Tower,0,0,4,0,4,0,0,1,0,1,0,0,5,0,5,0,0,0,5
12/08/2022,BDR,CT,ANE,EN,Federal Contract Tower,0,6,7,0,13,0,2,58,0,60,0,8,65,0,73,82,0,82,155
12/09/2022,BDR,CT,ANE,EN,Federal Contract Tower,0,8,3,0,11,0,3,62,0,65,0,11,65,0,76,138,0,138,214
12/10/2022,BDR,CT,ANE,EN,Federal Contract Tower,0,0,8,0,8,0,1,56,0,57,0,1,64,0,65,204,0,204,269
12/11/2022,BDR,CT,ANE,EN,Federal Contract Tower,0,4,13,0,17,0,0,6,0,6,0,4,19,0,23,0,0,0,23
12/12/2022,BDR,CT,ANE,EN,Federal Contract Tower,0,5,3,0,8,0,2,42,0,44,0,7,45,0,52,56,2,58,110
12/13/2022,BDR,CT,ANE,EN,Federal Contract Tower,0,0,7,0,7,0,1,82,0,83,0,1,89,0,90,206,0,206,296
12/14/2022,BDR,CT,ANE,EN,Federal Contract Tower,0,6,8,0,14,0,2,48,2,52,0,8,56,2,66,64,2,66,132
12/15/2022,BDR,CT,ANE,EN,Federal Contract Tower,0,6,4,0,10,0,2,23,0,25,0,8,27,0,35,76,0,76,111
12/16/2022,BDR,CT,ANE,EN,Federal Contract Tower,0,2,3,0,5,0,0,0,0,0,0,2,3,0,5,0,0,0,5
12/17/2022,BDR,CT,ANE,EN,Federal Contract Tower,0,4,4,0,8,0,2,91,0,93,0,6,95,0,101,172,0,172,273
12/18/2022,BDR,CT,ANE,EN,Federal Contract Tower,0,7,1,0,8,0,3,82,1,86,0,10,83,1,94,196,0,196,290
12/19/2022,BDR,CT,ANE,EN,Federal Contract Tower,0,4,6,0,10,0,6,39,0,45,0,10,45,0,55,82,6,88,143
12/20/2022,BDR,CT,ANE,EN,Federal Contract Tower,0,2,6,0,8,0,0,74,0,74,0,2,80,0,82,196,0,196,278
12/21/2022,BDR,CT,ANE,EN,Federal Contract Tower,0,4,17,0,21,0,0,118,0,118,0,4,135,0,139,199,0,199,338
12/22/2022,BDR,CT,ANE,EN,Federal Contract Tower,0,9,7,0,16,0,1,22,0,23,0,10,29,0,39,28,0,28,67
12/23/2022,BDR,CT,ANE,EN,Federal Contract Tower,0,2,2,0,4,0,0,0,0,0,0,2,2,0,4,0,0,0,4
12/24/2022,BDR,CT,ANE,EN,Federal Contract Tower,0,4,1,0,5,0,0,7,0,7,0,4,8,0,12,0,0,0,12
12/25/2022,BDR,CT,ANE,EN,Federal Contract Tower,0,2,0,0,2,0,0,3,0,3,0,2,3,0,5,16,0,16,21
12/26/2022,BDR,CT,ANE,EN,Federal Contract Tower,0,5,13,0,18,0,0,57,0,57,0,5,70,0,75,110,0,110,185
12/27/2022,BDR,CT,ANE,EN,Federal Contract Tower,0,4,0,0,4,0,0,65,0,65,0,4,65,0,69,212,0,212,281
12/28/2022,BDR,CT,ANE,EN,Federal Contract Tower,0,5,10,0,15,0,0,83,0,83,0,5,93,0,98,256,0,256,354
12/29/2022,BDR,CT,ANE,EN,Federal Contract Tower,0,6,3,0,9,0,1,74,0,75,0,7,77,0,84,204,0,204,288
12/30/2022,BDR,CT,ANE,EN,Federal Contract Tower,0,2,4,0,6,0,0,83,0,83,0,2,87,0,89,215,0,215,304
12/31/2022,BDR,CT,ANE,EN,Federal Contract Tower,0,0,4,0,4,0,0,0,0,0,0,0,4,0,4,0,0,0,4
01/01/2023,BDR,CT,ANE,EN,Federal Contract Tower,0,4,4,0,8,0,0,26,0,26,0,4,30,0,34,92,0,92,126
01/02/2023,BDR,CT,ANE,EN,Federal Contract Tower,0,5,8,0,13,0,4,68,0,72,0,9,76,0,85,108,0,108,193
01/03/2023,BDR,CT,ANE,EN,Federal Contract Tower,0,6,4,0,10,0,0,0,0,0,0,6,4,0,10,0,0,0,10
01/04/2023,BDR,CT,ANE,EN,Federal Contract Tower,0,2,5,1,8,0,0,27,2,29,0,2,32,3,37,42,0,42,79
01/05/2023,BDR,CT,ANE,EN,Federal Contract Tower,0,2,7,0,9,0,0,0,0,0,0,2,7,0,9,0,0,0,9
01/06/2023,BDR,CT,ANE,EN,Federal Contract Tower,0,4,3,0,7,0,0,11,0,11,0,4,14,0,18,0,0,0,18
01/07/2023,BDR,CT,ANE,EN,Federal Contract Tower,0,2,5,0,7,0,0,75,0,75,0,2,80,0,82,250,0,250,332
01/08/2023,BDR,CT,ANE,EN,Federal Contract Tower,0,6,10,0,16,0,1,78,0,79,0,7,88,0,95,198,0,198,293
01/09/2023,BDR,CT,ANE,EN,Federal Contract Tower,0,4,3,0,7,0,2,40,0,42,0,6,43,0,49,38,0,38,87
01/10/2023,BDR,CT,ANE,EN,Federal Contract Tower,0,3,14,0,17,0,0,63,4,67,0,3,77,4,84,158,0,158,242
01/11/2023,BDR,CT,ANE,EN,Federal Contract Tower,0,1,8,0,9,0,1,81,0,82,0,2,89,0,91,104,0,104,195
01/12/2023,BDR,CT,ANE,EN,Federal Contract Tower,0,4,2,0,6,0,0,3,0,3,0,4,5,0,9,16,0,16,25
01/13/2023,BDR,CT,ANE,EN,Federal Contract Tower,0,6,6,0,12,0,0,21,0,21,0,6,27,0,33,52,0,52,85
01/14/2023,BDR,CT,ANE,EN,Federal Contract Tower,0,5,1,0,6,0,0,25,0,25,0,5,26,0,31,56,0,56,87
01/15/2023,BDR,CT,ANE,EN,Federal Contract Tower,0,5,2,0,7,0,0,39,0,39,0,5,41,0,46,70,0,70,116
01/16/2023,BDR,CT,ANE,EN,Federal Contract Tower,0,9,14,0,23,0,0,60,0,60,0,9,74,0,83,126,0,126,209
01/17/2023,BDR,CT,ANE,EN,Federal Contract Tower,0,8,4,1,13,0,2,57,2,61,0,10,61,3,74,158,0,158,232
01/18/2023,BDR,CT,ANE,EN,Federal Contract Tower,0,4,7,2,13,0,0,65,0,65,0,4,72,2,78,110,0,110,188
01/19/2023,BDR,CT,ANE,EN,Federal Contract Tower,0,3,9,0,12,0,0,2,0,2,0,3,11,0,14,16,0,16,30
01/20/2023,BDR,CT,ANE,EN,Federal Contract Tower,0,9,8,0,17,0,0,36,0,36,0,9,44,0,53,44,0,44,97
01/21/2023,BDR,CT,ANE,EN,Federal Contract Tower,0,4,8,0,12,0,0,91,0,91,0,4,99,0,103,146,0,146,249
01/22/2023,BDR,CT,ANE,EN,Federal Contract Tower,0,4,2,2,8,0,0,68,0,68,0,4,70,2,76,126,0,126,202
01/23/2023,BDR,CT,ANE,EN,Federal Contract Tower,0,4,2,0,6,0,0,4,0,4,0,4,6,0,10,0,0,0,10
01/24/2023,BDR,CT,ANE,EN,Federal Contract Tower,0,1,4,2,7,0,0,46,0,46,0,1,50,2,53,70,0,70,123
01/25/2023,BDR,CT,ANE,EN,Federal Contract Tower,0,3,2,0,5,0,0,3,0,3,0,3,5,0,8,38,0,38,46
01/26/2023,BDR,CT,ANE,EN,Federal Contract Tower,0,4,2,0,6,0,1,37,2,40,0,5,39,2,46,14,0,14,60
01/27/2023,BDR,CT,ANE,EN,Federal Contract Tower,0,5,9,0,14,0,1,83,0,84,0,6,92,0,98,128,0,128,226
01/28/2023,BDR,CT,ANE,EN,Federal Contract Tower,0,4,3,0,7,0,2,103,0,105,0,6,106,0,112,308,0,308,420
01/29/2023,BDR,CT,ANE,EN,Federal Contract Tower,0,2,5,0,7,0,0,174,0,174,0,2,179,0,181,252,0,252,433
01/30/2023,BDR,CT,ANE,EN,Federal Contract Tower,0,8,9,0,17,0,0,72,0,72,0,8,81,0,89,190,0,190,279
01/31/2023,BDR,CT,ANE,EN,Federal Contract Tower,0,6,5,0,11,0,0,31,0,31,0,6,36,0,42,74,0,74,116
02/01/2023,BDR,CT,ANE,EN,Federal Contract Tower,0,5,6,0,11,0,0,88,0,88,0,5,94,0,99,180,0,180,279
02/02/2023,BDR,CT,ANE,EN,Federal Contract Tower,0,2,5,0,7,0,0,68,0,68,0,2,73,0,75,170,0,170,245
02/03/2023,BDR,CT,ANE,EN,Federal Contract Tower,0,3,3,0,6,0,0,10,2,12,0,3,13,2,18,0,0,0,18
02/04/2023,BDR,CT,ANE,EN,Federal Contract Tower,0,2,3,0,5,0,0,30,0,30,0,2,33,0,35,76,0,76,111
02/05/2023,BDR,CT,ANE,EN,Federal Contract Tower,0,11,8,0,19,0,1,61,3,65,0,12,69,3,84,202,0,202,286
02/06/2023,BDR,CT,ANE,EN,Federal Contract Tower,0,2,8,0,10,0,2,27,0,29,0,4,35,0,39,62,0,62,101
02/07/2023,BDR,CT,ANE,EN,Federal Contract Tower,0,0,5,0,5,0,1,76,0,77,0,1,81,0,82,232,0,232,314
02/08/2023,BDR,CT,ANE,EN,Federal Contract Tower,0,5,9,0,14,0,1,90,0,91,0,6,99,0,105,158,0,158,263
02/09/2023,BDR,CT,ANE,EN,Federal Contract Tower,0,3,4,0,7,0,2,16,0,18,0,5,20,0,25,84,0,84,109
02/10/2023,BDR,CT,ANE,EN,Federal Contract Tower,0,2,4,0,6,0,1,39,0,40,0,3,43,0,46,28,0,28,74
02/11/2023,BDR,CT,ANE,EN,Federal Contract Tower,0,2,3,0,5,0,0,84,0,84,0,2,87,0,89,146,0,146,235
02/12/2023,BDR,CT,ANE,EN,Federal Contract Tower,0,3,3,0,6,0,0,89,0,89,0,3,92,0,95,156,0,156,251
02/13/2023,BDR,CT,ANE,EN,Federal Contract Tower,0,4,4,2,10,0,1,54,0,55,0,5,58,2,65,100,0,100,165
02/14/2023,BDR,CT,ANE,EN,Federal Contract Tower,0,5,6,0,11,0,0,63,0,63,0,5,69,0,74,176,0,176,250
02/15/2023,BDR,CT,ANE,EN,Federal Contract Tower,0,3,4,0,7,0,0,55,0,55,0,3,59,0,62,82,0,82,144
02/16/2023,BDR,CT,ANE,EN,Federal Contract Tower,0,8,2,0,10,0,0,59,0,59,0,8,61,0,69,142,0,142,211
02/17/2023,BDR,CT,ANE,EN,Federal Contract Tower,0,8,7,0,15,0,0,1,0,1,0,8,8,0,16,0,0,0,16
02/18/2023,BDR,CT,ANE,EN,Federal Contract Tower,0,2,10,0,12,0,3,108,1,112,0,5,118,1,124,206,0,206,330
02/19/2023,BDR,CT,ANE,EN,Federal Contract Tower,0,1,8,0,9,0,0,84,0,84,0,1,92,0,93,218,0,218,311
02/20/2023,BDR,CT,ANE,EN,Federal Contract Tower,0,1,5,0,6,0,0,46,0,46,0,1,51,0,52,162,0,162,214
02/21/2023,BDR,CT,ANE,EN,Federal Contract Tower,0,2,5,0,7,0,0,12,0,12,0,2,17,0,19,32,0,32,51
02/22/2023,BDR,CT,ANE,EN,Federal Contract Tower,0,1,5,0,6,0,0,59,0,59,0,1,64,0,65,94,0,94,159
02/23/2023,BDR,CT,ANE,EN,Federal Contract Tower,0,3,6,0,9,0,0,0,0,0,0,3,6,0,9,0,0,0,9
02/24/2023,BDR,CT,ANE,EN,Federal Contract Tower,0,0,6,0,6,0,0,21,0,21,0,0,27,0,27,10,0,10,37
02/25/2023,BDR,CT,ANE,EN,Federal Contract Tower,0,0,2,0,2,0,0,23,0,23,0,0,25,0,25,36,0,36,61
02/26/2023,BDR,CT,ANE,EN,Federal Contract Tower,0,3,10,0,13,0,0,22,0,22,0,3,32,0,35,98,0,98,133
02/27/2023,BDR,CT,ANE,EN,Federal Contract Tower,0,4,6,0,10,0,0,60,0,60,0,4,66,0,70,110,0,110,180
03/01/2023,BDR,CT,ANE,EN,Federal Contract Tower,0,7,6,0,13,0,1,33,0,34,0,8,39,0,47,152,0,152,199
03/02/2023,BDR,CT,ANE,EN,Federal Contract Tower,0,4,4,0,8,0,0,13,0,13,0,4,17,0,21,32,0,32,53
03/03/2023,BDR,CT,ANE,EN,Federal Contract Tower,0,7,4,0,11,0,0,74,0,74,0,7,78,0,85,124,0,124,209
03/04/2023,BDR,CT,ANE,EN,Federal Contract Tower,0,3,2,0,5,0,0,6,0,6,0,3,8,0,11,42,0,42,53
03/05/2023,BDR,CT,ANE,EN,Federal Contract Tower,0,5,12,0,17,0,3,97,0,100,0,8,109,0,117,260,0,260,377
03/06/2023,BDR,CT,ANE,EN,Federal Contract Tower,0,8,7,0,15,0,0,46,0,46,0,8,53,0,61,86,0,86,147
03/07/2023,BDR,CT,ANE,EN,Federal Contract Tower,0,4,3,0,7,0,0,12,0,12,0,4,15,0,19,24,0,24,43
03/08/2023,BDR,CT,ANE,EN,Federal Contract Tower,0,5,3,0,8,0,8,11,0,19,0,13,14,0,27,6,0,6,33
03/09/2023,BDR,CT,ANE,EN,Federal Contract Tower,0,4,4,0,8,0,0,50,0,50,0,4,54,0,58,122,0,122,180
03/10/2023,BDR,CT,ANE,EN,Federal Contract Tower,0,3,8,0,11,0,0,62,0,62,0,3,70,0,73,96,0,96,169
03/11/2023,BDR,CT,ANE,EN,Federal Contract Tower,0,10,6,0,16,0,1,7,0,8,0,11,13,0,24,0,0,0,24
03/12/2023,BDR,CT,ANE,EN,Federal Contract Tower,0,8,6,0,14,0,0,117,0,117,0,8,123,0,131,208,0,208,339
03/13/2023,BDR,CT,ANE,EN,Federal Contract Tower,0,5,2,0,7,0,0,0,0,0,0,5,2,0,7,0,0,0,7
03/14/2023,BDR,CT,ANE,EN,Federal Contract Tower,0,2,0,0,2,0,0,0,0,0,0,2,0,0,2,0,0,0,2
03/15/2023,BDR,CT,ANE,EN,Federal Contract Tower,0,4,1,0,5,0,0,16,0,16,0,4,17,0,21,10,0,10,31
03/16/2023,BDR,CT,ANE,EN,Federal Contract Tower,0,14,9,0,23,0,5,71,0,76,0,19,80,0,99,214,0,214,313
03/17/2023,BDR,CT,ANE,EN,Federal Contract Tower,0,10,3,0,13,0,4,88,0,92,0,14,91,0,105,212,0,212,317
03/18/2023,BDR,CT,ANE,EN,Federal Contract Tower,0,5,6,0,11,0,0,118,0,118,0,5,124,0,129,181,0,181,310
03/19/2023,BDR,CT,ANE,EN,Federal Contract Tower,0,6,8,0,14,0,1,34,0,35,0,7,42,0,49,30,0,30,79
03/20/2023,BDR,CT,ANE,EN,Federal Contract Tower,0,5,4,0,9,0,1,68,0,69,0,6,72,0,78,162,0,162,240
03/21/2023,BDR,CT,ANE,EN,Federal Contract Tower,0,2,15,0,17,0,2,115,0,117,0,4,130,0,134,202,0,202,336
03/22/2023,BDR,CT,ANE,EN,Federal Contract Tower,0,3,12,0,15,0,2,89,0,91,0,5,101,0,106,236,4,240,346
03/23/2023,BDR,CT,ANE,EN,Federal Contract Tower,0,0,15,0,15,0,0,4,0,4,0,0,19,0,19,2,0,2,21
03/24/2023,BDR,CT,ANE,EN,Federal Contract Tower,0,4,12,0,16,0,1,85,0,86,0,5,97,0,102,196,2,198,300
03/25/2023,BDR,CT,ANE,EN,Federal Contract Tower,0,1,4,0,5,0,0,3,0,3,0,1,7,0,8,12,0,12,20
03/26/2023,BDR,CT,ANE,EN,Federal Contract Tower,0,3,3,0,6,0,0,76,0,76,0,3,79,0,82,162,0,162,244
03/27/2023,BDR,CT,ANE,EN,Federal Contract Tower,0,5,5,0,10,0,0,76,0,76,0,5,81,0,86,114,0,114,200
03/28/2023,BDR,CT,ANE,EN,Federal Contract Tower,0,1,0,0,1,0,0,61,0,61,0,1,61,0,62,122,0,122,184
03/29/2023,BDR,CT,ANE,EN,Federal Contract Tower,0,4,7,0,11,0,1,92,0,93,0,5,99,0,104,172,0,172,276
03/30/2023,BDR,CT,ANE,EN,Federal Contract Tower,0,8,13,0,21,0,2,53,0,55,0,10,66,0,76,116,0,116,192
03/31/2023,BDR,CT,ANE,EN,Federal Contract Tower,0,7,4,0,11,0,1,39,5,45,0,8,43,5,56,166,0,166,222
04/01/2023,BDR,CT,ANE,EN,Federal Contract Tower,0,3,4,0,7,0,0,0,0,0,0,3,4,0,7,0,0,0,7
04/02/2023,BDR,CT,ANE,EN,Federal Contract Tower,0,7,3,0,10,0,0,38,0,38,0,7,41,0,48,40,0,40,88
04/03/2023,BDR,CT,ANE,EN,Federal Contract Tower,0,1,9,0,10,0,0,65,0,65,0,1,74,0,75,184,0,184,259
04/04/2023,BDR,CT,ANE,EN,Federal Contract Tower,0,0,8,0,8,0,0,95,0,95,0,0,103,0,103,126,0,126,229
04/05/2023,BDR,CT,ANE,EN,Federal Contract Tower,0,5,6,0,11,0,0,6,0,6,0,5,12,0,17,0,0,0,17
04/06/2023,BDR,CT,ANE,EN,Federal Contract Tower,0,3,14,0,17,0,1,16,0,17,0,4,30,0,34,30,0,30,64
04/07/2023,BDR,CT,ANE,EN,Federal Contract Tower,0,4,6,0,10,0,3,81,0,84,0,7,87,0,94,88,0,88,182
04/08/2023,BDR,CT,ANE,EN,Federal Contract Tower,0,10,2,0,12,0,0,116,0,116,0,10,118,0,128,192,0,192,320
04/09/2023,BDR,CT,ANE,EN,Federal Contract Tower,0,7,6,0,13,0,1,57,0,58,0,8,63,0,71,140,0,140,211
04/10/2023,BDR,CT,ANE,EN,Federal Contract Tower,0,3,5,0,8,0,0,85,0,85,0,3,90,0,93,250,0,250,343
04/11/2023,BDR,CT,ANE,EN,Federal Contract Tower,0,3,4,0,7,0,2,55,0,57,0,5,59,0,64,204,0,204,268
04/12/2023,BDR,CT,ANE,EN,Federal Contract Tower,0,5,6,0,11,0,1,65,0,66,0,6,71,0,77,88,0,88,165
04/13/2023,BDR,CT,ANE,EN,Federal Contract Tower,0,4,3,0,7,0,5,95,0,100,0,9,98,0,107,194,0,194,301
04/14/2023,BDR,CT,ANE,EN,Federal Contract Tower,0,7,4,0,11,0,11,111,0,122,0,18,115,0,133,190,0,190,323
04/15/2023,BDR,CT,ANE,EN,Federal Contract Tower,0,0,15,0,15,0,0,11,0,11,0,0,26,0,26,10,0,10,36
04/16/2023,BDR,CT,ANE,EN,Federal Contract Tower,0,5,12,0,17,0,0,0,0,0,0,5,12,0,17,0,0,0,17
04/17/2023,BDR,CT,ANE,EN,Federal Contract Tower,0,3,7,0,10,0,0,10,0,10,0,3,17,0,20,8,0,8,28
04/18/2023,BDR,CT,ANE,EN,Federal Contract Tower,0,4,8,0,12,0,0,33,0,33,0,4,41,0,45,18,0,18,63
04/19/2023,BDR,CT,ANE,EN,Federal Contract Tower,0,1,7,1,9,0,0,77,0,77,0,1,84,1,86,114,0,114,200
04/20/2023,BDR,CT,ANE,EN,Federal Contract Tower,0,3,4,0,7,0,1,100,0,101,0,4,104,0,108,292,0,292,400
04/21/2023,BDR,CT,ANE,EN,Federal Contract Tower,0,8,10,0,18,0,3,110,0,113,0,11,120,0,131,178,0,178,309
04/22/2023,BDR,CT,ANE,EN,Federal Contract Tower,0,0,8,0,8,0,0,0,0,0,0,0,8,0,8,2,0,2,10
04/23/2023,BDR,CT,ANE,EN,Federal Contract Tower,0,1,15,0,16,0,1,36,0,37,0,2,51,0,53,56,0,56,109
04/24/2023,BDR,CT,ANE,EN,Federal Contract Tower,0,6,11,0,17,0,4,85,0,89,0,10,96,0,106,178,0,178,284
04/25/2023,BDR,CT,ANE,EN,Federal Contract Tower,0,2,7,0,9,0,5,61,1,67,0,7,68,1,76,170,0,170,246
04/26/2023,BDR,CT,ANE,EN,Federal Contract Tower,0,2,6,0,8,0,3,51,0,54,0,5,57,0,62,142,0,142,204
04/27/2023,BDR,CT,ANE,EN,Federal Contract Tower,0,9,12,0,21,0,0,18,0,18,0,9,30,0,39,32,0,32,71
04/28/2023,BDR,CT,ANE,EN,Federal Contract Tower,0,10,9,0,19,0,2,50,0,52,0,12,59,0,71,108,0,108,179
04/29/2023,BDR,CT,ANE,EN,Federal Contract Tower,0,8,1,0,9,0,0,0,0,0,0,8,1,0,9,0,0,0,9
04/30/2023,BDR,CT,ANE,EN,Federal Contract Tower,0,2,10,0,12,0,0,0,0,0,0,2,10,0,12,0,0,0,12
05/01/2023,BDR,CT,ANE,EN,Federal Contract Tower,0,3,6,0,9,0,0,38,0,38,0,3,44,0,47,62,0,62,109
05/02/2023,BDR,CT,ANE,EN,Federal Contract Tower,0,2,10,0,12,0,1,37,0,38,0,3,47,0,50,88,0,88,138
05/03/2023,BDR,CT,ANE,EN,Federal Contract Tower,0,13,5,0,18,0,1,68,0,69,0,14,73,0,87,114,0,114,201
05/04/2023,BDR,CT,ANE,EN,Federal Contract Tower,0,3,5,0,8,0,2,25,0,27,0,5,30,0,35,74,0,74,109
05/05/2023,BDR,CT,ANE,EN,Federal Contract Tower,0,8,10,0,18,0,1,79,0,80,0,9,89,0,98,172,0,172,270
05/06/2023,BDR,CT,ANE,EN,Federal Contract Tower,0,4,9,0,13,0,3,119,0,122,0,7,128,0,135,200,0,200,335
05/07/2023,BDR,CT,ANE,EN,Federal Contract Tower,0,4,7,0,11,0,4,142,2,148,0,8,149,2,159,202,2,204,363
05/08/2023,BDR,CT,ANE,EN,Federal Contract Tower,0,10,4,0,14,0,1,63,0,64,0,11,67,0,78,74,0,74,152
05/09/2023,BDR,CT,ANE,EN,Federal Contract Tower,0,7,11,0,18,0,0,90,0,90,0,7,101,0,108,194,0,194,302
05/10/2023,BDR,CT,ANE,EN,Federal Contract Tower,0,4,15,1,20,0,1,53,0,54,0,5,68,1,74,58,0,58,132
05/11/2023,BDR,CT,ANE,EN,Federal Contract Tower,0,2,7,0,9,0,0,80,0,80,0,2,87,0,89,204,0,204,293
05/12/2023,BDR,CT,ANE,EN,Federal Contract Tower,0,8,10,0,18,0,2,63,0,65,0,10,73,0,83,132,0,132,215
05/13/2023,BDR,CT,ANE,EN,Federal Contract Tower,0,3,3,0,6,0,1,91,0,92,0,4,94,0,98,156,0,156,254
05/14/2023,BDR,CT,ANE,EN,Federal Contract Tower,0,5,5,0,10,0,7,89,0,96,0,12,94,0,106,102,0,102,208
05/15/2023,BDR,CT,ANE,EN,Federal Contract Tower,0,6,7,0,13,0,6,64,0,70,0,12,71,0,83,88,0,88,171
05/16/2023,BDR,CT,ANE,EN,Federal Contract Tower,0,12,2,0,14,0,7,68,0,75,0,19,70,0,89,130,0,130,219
05/17/2023,BDR,CT,ANE,EN,Federal Contract Tower,0,8,3,0,11,0,10,26,0,36,0,18,29,0,47,10,6,16,63
05/18/2023,BDR,CT,ANE,EN,Federal Contract Tower,0,14,6,0,20,0,5,82,0,87,0,19,88,0,107,226,0,226,333
05/19/2023,BDR,CT,ANE,EN,Federal Contract Tower,0,9,6,0,15,0,4,83,0,87,0,13,89,0,102,168,0,168,270
05/20/2023,BDR,CT,ANE,EN,Federal Contract Tower,0,3,8,0,11,0,0,2,0,2,0,3,10,0,13,0,0,0,13
05/21/2023,BDR,CT,ANE,EN,Federal Contract Tower,0,11,14,0,25,0,13,126,0,139,0,24,140,0,164,176,0,176,340
05/22/2023,BDR,CT,ANE,EN,Federal Contract Tower,0,3,4,0,7,0,0,74,0,74,0,3,78,0,81,114,0,114,195
05/23/2023,BDR,CT,ANE,EN,Federal Contract Tower,0,3,8,0,11,0,1,92,0,93,0,4,100,0,104,170,0,170,274
05/24/2023,BDR,CT,ANE,EN,Federal Contract Tower,0,7,9,0,16,0,5,83,0,88,0,12,92,0,104,126,0,126,230
05/25/2023,BDR,CT,ANE,EN,Federal Contract Tower,0,8,11,0,19,0,8,93,0,101,0,16,104,0,120,140,0,140,260
05/26/2023,BDR,CT,ANE,EN,Federal Contract Tower,0,6,2,0,8,0,1,88,0,89,0,7,90,0,97,142,0,142,239
05/27/2023,BDR,CT,ANE,EN,Federal Contract Tower,0,4,2,0,6,0,3,94,0,97,0,7,96,0,103,304,0,304,407
05/28/2023,BDR,CT,ANE,EN,Federal Contract Tower,0,5,5,1,11,0,1,95,0,96,0,6,100,1,107,164,0,164,271
05/29/2023,BDR,CT,ANE,EN,Federal Contract Tower,0,4,4,0,8,0,5,84,0,89,0,9,88,0,97,116,0,116,213
05/30/2023,BDR,CT,ANE,EN,Federal Contract Tower,0,6,12,0,18,0,8,72,0,80,0,14,84,0,98,120,2,122,220
05/31/2023,BDR,CT,ANE,EN,Federal Contract Tower,0,4,4,0,8,0,5,83,0,88,0,9,87,0,96,140,0,140,236
06/01/2023,BDR,CT,ANE,EN,Federal Contract Tower,0,3,4,0,7,0,15,95,0,110,0,18,99,0,117,240,0,240,357
06/02/2023,BDR,CT,ANE,EN,Federal Contract Tower,0,10,3,0,13,0,5,51,0,56,0,15,54,0,69,102,0,102,171
06/03/2023,BDR,CT,ANE,EN,Federal Contract Tower,0,1,24,0,25,0,0,31,0,31,0,1,55,0,56,28,0,28,84
06/04/2023,BDR,CT,ANE,EN,Federal Contract Tower,0,8,5,0,13,0,8,97,0,105,0,16,102,0,118,50,0,50,168
06/05/2023,BDR,CT,ANE,EN,Federal Contract Tower,0,12,10,0,22,0,4,78,0,82,0,16,88,0,104,112,0,112,216
06/06/2023,BDR,CT,ANE,EN,Federal Contract Tower,0,8,12,0,20,0,5,44,6,55,0,13,56,6,75,58,0,58,133
06/07/2023,BDR,CT,ANE,EN,Federal Contract Tower,0,3,19,0,22,0,0,24,0,24,0,3,43,0,46,62,0,62,108
06/08/2023,BDR,CT,ANE,EN,Federal Contract Tower,0,12,10,0,22,0,4,23,0,27,0,16,33,0,49,44,0,44,93
06/09/2023,BDR,CT,ANE,EN,Federal Contract Tower,0,4,11,0,15,0,5,38,0,43,0,9,49,0,58,46,0,46,104
06/10/2023,BDR,CT,ANE,EN,Federal Contract Tower,0,5,11,0,16,0,2,86,0,88,0,7,97,0,104,158,0,158,262
06/11/2023,BDR,CT,ANE,EN,Federal Contract Tower,0,2,9,0,11,0,1,157,0,158,0,3,166,0,169,202,0,202,371
06/12/2023,BDR,CT,ANE,EN,Federal Contract Tower,0,6,8,0,14,0,2,34,0,36,0,8,42,0,50,94,0,94,144
06/13/2023,BDR,CT,ANE,EN,Federal Contract Tower,0,4,10,0,14,0,2,45,4,51,0,6,55,4,65,140,0,140,205
06/14/2023,BDR,CT,ANE,EN,Federal Contract Tower,0,8,4,0,12,0,6,48,0,54,0,14,52,0,66,86,2,88,154
06/15/2023,BDR,CT,ANE,EN,Federal Contract Tower,0,11,11,0,22,0,5,126,0,131,0,16,137,0,153,270,0,270,423
06/16/2023,BDR,CT,ANE,EN,Federal Contract Tower,0,7,14,0,21,0,4,56,0,60,0,11,70,0,81,142,0,142,223
06/17/2023,BDR,CT,ANE,EN,Federal Contract Tower,0,5,7,0,12,0,0,37,0,37,0,5,44,0,49,74,0,74,123
06/18/2023,BDR,CT,ANE,EN,Federal Contract Tower,0,11,7,0,18,0,2,94,2,98,0,13,101,2,116,150,0,150,266
06/19/2023,BDR,CT,ANE,EN,Federal Contract Tower,0,4,13,0,17,0,4,89,0,93,0,8,102,0,110,194,8,202,312
06/20/2023,BDR,CT,ANE,EN,Federal Contract Tower,0,6,8,0,14,0,5,62,0,67,0,11,70,0,81,148,2,150,231
06/21/2023,BDR,CT,ANE,EN,Federal Contract Tower,0,11,2,0,13,0,5,54,18,77,0,16,56,18,90,188,0,188,278
06/22/2023,BDR,CT,ANE,EN,Federal Contract Tower,0,2,12,0,14,0,1,24,2,27,0,3,36,2,41,16,4,20,61
06/23/2023,BDR,CT,ANE,EN,Federal Contract Tower,0,13,31,0,44,0,2,11,0,13,0,15,42,0,57,14,0,14,71
06/24/2023,BDR,CT,ANE,EN,Federal Contract Tower,0,1,12,0,13,0,0,7,0,7,0,1,19,0,20,8,0,8,28
06/25/2023,BDR,CT,ANE,EN,Federal Contract Tower,0,8,15,2,25,0,4,51,0,55,0,12,66,2,80,96,0,96,176
06/26/2023,BDR,CT,ANE,EN,Federal Contract Tower,0,7,8,1,16,0,1,8,2,11,0,8,16,3,27,0,6,6,33
06/27/2023,BDR,CT,ANE,EN,Federal Contract Tower,0,4,21,0,25,0,5,30,0,35,0,9,51,0,60,28,2,30,90
06/28/2023,BDR,CT,ANE,EN,Federal Contract Tower,0,8,11,0,19,0,2,39,0,41,0,10,50,0,60,58,0,58,118
06/29/2023,BDR,CT,ANE,EN,Federal Contract Tower,0,7,11,0,18,0,5,87,0,92,0,12,98,0,110,226,0,226,336
06/30/2023,BDR,CT,ANE,EN,Federal Contract Tower,0,14,32,0,46,0,7,35,0,42,0,21,67,0,88,12,0,12,100
07/01/2023,BDR,CT,ANE,EN,Federal Contract Tower,0,8,9,0,17,0,1,66,5,72,0,9,75,5,89,169,0,169,258
07/02/2023,BDR,CT,ANE,EN,Federal Contract Tower,0,1,4,0,5,0,2,13,0,15,0,3,17,0,20,40,0,40,60
07/03/2023,BDR,CT,ANE,EN,Federal Contract Tower,0,3,4,0,7,0,4,82,0,86,0,7,86,0,93,138,0,138,231
07/04/2023,BDR,CT,ANE,EN,Federal Contract Tower,0,4,7,0,11,0,2,16,0,18,0,6,23,0,29,4,0,4,33
07/05/2023,BDR,CT,ANE,EN,Federal Contract Tower,0,7,10,1,18,0,2,67,2,71,0,9,77,3,89,132,0,132,221
07/06/2023,BDR,CT,ANE,EN,Federal Contract Tower,0,12,10,0,22,0,2,96,0,98,0,14,106,0,120,192,0,192,312
07/07/2023,BDR,CT,ANE,EN,Federal Contract Tower,0,10,16,0,26,0,8,75,0,83,0,18,91,0,109,110,0,110,219
07/08/2023,BDR,CT,ANE,EN,Federal Contract Tower,0,4,11,0,15,0,0,55,0,55,0,4,66,0,70,56,0,56,126
07/09/2023,BDR,CT,ANE,EN,Federal Contract Tower,0,21,8,0,29,0,7,29,0,36,0,28,37,0,65,18,0,18,83
07/10/2023,BDR,CT,ANE,EN,Federal Contract Tower,0,15,8,0,23,0,0,54,2,56,0,15,62,2,79,88,0,88,167
07/11/2023,BDR,CT,ANE,EN,Federal Contract Tower,0,9,5,0,14,0,4,90,0,94,0,13,95,0,108,230,2,232,340
07/12/2023,BDR,CT,ANE,EN,Federal Contract Tower,0,2,5,0,7,0,6,117,0,123,0,8,122,0,130,162,0,162,292
07/13/2023,BDR,CT,ANE,EN,Federal Contract Tower,0,10,12,0,22,0,9,106,3,118,0,19,118,3,140,86,6,92,232
07/14/2023,BDR,CT,ANE,EN,Federal Contract Tower,0,5,6,0,11,0,6,22,0,28,0,11,28,0,39,6,0,6,45
07/15/2023,BDR,CT,ANE,EN,Federal Contract Tower,0,4,11,0,15,0,3,46,0,49,0,7,57,0,64,90,0,90,154
07/16/2023,BDR,CT,ANE,EN,Federal Contract Tower,0,10,8,0,18,0,2,1,0,3,0,12,9,0,21,0,0,0,21
07/17/2023,BDR,CT,ANE,EN,Federal Contract Tower,0,8,18,0,26,0,6,77,10,93,0,14,95,10,119,158,0,158,277
07/18/2023,BDR,CT,ANE,EN,Federal Contract Tower,0,10,12,0,22,0,2,17,0,19,0,12,29,0,41,0,0,0,41
07/19/2023,BDR,CT,ANE,EN,Federal Contract Tower,0,6,9,0,15,0,3,72,0,75,0,9,81,0,90,123,0,123,213
07/20/2023,BDR,CT,ANE,EN,Federal Contract Tower,0,6,3,0,9,0,13,144,0,157,0,19,147,0,166,168,0,168,334
07/21/2023,BDR,CT,ANE,EN,Federal Contract Tower,0,6,16,0,22,0,6,26,0,32,0,12,42,0,54,12,0,12,66
07/23/2023,BDR,CT,ANE,EN,Federal Contract Tower,0,5,17,0,22,0,10,137,0,147,0,15,154,0,169,126,0,126,295
07/24/2023,BDR,CT,ANE,EN,Federal Contract Tower,0,9,5,0,14,0,11,98,0,109,0,20,103,0,123,204,0,204,327
07/25/2023,BDR,CT,ANE,EN,Federal Contract Tower,0,5,5,0,10,0,11,74,2,87,0,16,79,2,97,96,0,96,193
07/26/2023,BDR,CT,ANE,EN,Federal Contract Tower,0,4,5,0,9,0,3,84,0,87,0,7,89,0,96,130,0,130,226
07/27/2023,BDR,CT,ANE,EN,Federal Contract Tower,0,5,21,0,26,0,5,35,0,40,0,10,56,0,66,44,0,44,110
07/28/2023,BDR,CT,ANE,EN,Federal Contract Tower,0,10,6,0,16,0,7,97,0,104,0,17,103,0,120,180,0,180,300
07/29/2023,BDR,CT,ANE,EN,Federal Contract Tower,0,6,4,0,10,0,3,55,0,58,0,9,59,0,68,164,0,164,232
07/30/2023,BDR,CT,ANE,EN,Federal Contract Tower,0,7,9,0,16,0,4,117,0,121,0,11,126,0,137,138,0,138,275
07/31/2023,BDR,CT,ANE,EN,Federal Contract Tower,0,6,11,0,17,0,4,81,1,86,0,10,92,1,103,152,0,152,255
08/01/2023,BDR,CT,ANE,EN,Federal Contract Tower,0,5,5,1,11,0,4,104,0,108,0,9,109,1,119,10,0,10,129
08/03/2023,BDR,CT,ANE,EN,Federal Contract Tower,0,8,7,0,15,0,4,85,0,89,0,12,92,0,104,178,0,178,282
08/04/2023,BDR,CT,ANE,EN,Federal Contract Tower,0,6,14,0,20,0,3,28,0,31,0,9,42,0,51,58,0,58,109
08/05/2023,BDR,CT,ANE,EN,Federal Contract Tower,0,2,7,0,9,0,3,99,0,102,0,5,106,0,111,164,0,164,275
08/06/2023,BDR,CT,ANE,EN,Federal Contract Tower,0,10,8,0,18,0,3,122,0,125,0,13,130,0,143,126,0,126,269
08/07/2023,BDR,CT,ANE,EN,Federal Contract Tower,0,17,5,0,22,0,0,3,0,3,0,17,8,0,25,0,0,0,25
08/08/2023,BDR,CT,ANE,EN,Federal Contract Tower,0,10,5,1,16,0,2,23,2,27,0,12,28,3,43,30,0,30,73
08/09/2023,BDR,CT,ANE,EN,Federal Contract Tower,0,11,5,0,16,0,5,94,0,99,0,16,99,0,115,144,0,144,259
08/10/2023,BDR,CT,ANE,EN,Federal Contract Tower,0,10,12,0,22,0,6,52,0,58,0,16,64,0,80,110,0,110,190
08/11/2023,BDR,CT,ANE,EN,Federal Contract Tower,0,9,7,0,16,0,8,133,0,141,0,17,140,0,157,234,0,234,391
08/12/2023,BDR,CT,ANE,EN,Federal Contract Tower,0,8,13,0,21,0,3,78,0,81,0,11,91,0,102,162,0,162,264
08/13/2023,BDR,CT,ANE,EN,Federal Contract Tower,0,6,12,0,18,0,5,85,0,90,0,11,97,0,108,96,0,96,204
08/14/2023,BDR,CT,ANE,EN,Federal Contract Tower,0,8,9,0,17,0,4,81,2,87,0,12,90,2,104,208,0,208,312
08/15/2023,BDR,CT,ANE,EN,Federal Contract Tower,0,2,15,1,18,0,2,8,0,10,0,4,23,1,28,6,0,6,34
08/16/2023,BDR,CT,ANE,EN,Federal Contract Tower,0,1,11,5,17,0,4,36,0,40,0,5,47,5,57,74,0,74,131
08/17/2023,BDR,CT,ANE,EN,Federal Contract Tower,0,4,38,3,45,0,0,17,0,17,0,4,55,3,62,6,0,6,68
08/18/2023,BDR,CT,ANE,EN,Federal Contract Tower,0,6,6,0,12,0,4,83,0,87,0,10,89,0,99,168,0,168,267
08/20/2023,BDR,CT,ANE,EN,Federal Contract Tower,0,1,15,0,16,0,1,123,0,124,0,2,138,0,140,104,0,104,244
08/21/2023,BDR,CT,ANE,EN,Federal Contract Tower,0,4,7,0,11,0,5,67,0,72,0,9,74,0,83,184,0,184,267
08/22/2023,BDR,CT,ANE,EN,Federal Contract Tower,0,5,8,1,14,0,5,77,0,82,0,10,85,1,96,142,2,144,240
08/23/2023,BDR,CT,ANE,EN,Federal Contract Tower,0,5,6,1,12,0,1,119,1,121,0,6,125,2,133,276,0,276,409
08/24/2023,BDR,CT,ANE,EN,Federal Contract Tower,0,7,10,0,17,0,4,42,0,46,0,11,52,0,63,112,0,112,175
08/25/2023,BDR,CT,ANE,EN,Federal Contract Tower,0,11,15,0,26,0,2,5,0,7,0,13,20,0,33,42,0,42,75
08/26/2023,BDR,CT,ANE,EN,Federal Contract Tower,0,4,5,0,9,0,11,74,0,85,0,15,79,0,94,172,0,172,266
08/27/2023,BDR,CT,ANE,EN,Federal Contract Tower,0,2,9,0,11,0,2,112,0,114,0,4,121,0,125,190,0,190,315
08/28/2023,BDR,CT,ANE,EN,Federal Contract Tower,0,6,14,0,20,0,2,40,0,42,0,8,54,0,62,58,0,58,120
08/29/2023,BDR,CT,ANE,EN,Federal Contract Tower,0,14,13,0,27,0,3,8,0,11,0,17,21,0,38,4,0,4,42
08/30/2023,BDR,CT,ANE,EN,Federal Contract Tower,0,8,7,0,15,0,1,48,0,49,0,9,55,0,64,60,0,60,124
08/31/2023,BDR,CT,ANE,EN,Federal Contract Tower,0,8,11,0,19,0,7,110,0,117,0,15,121,0,136,140,0,140,276
01/01/2020,BDR,CT,ANE,EN,Federal Contract Tower,0,4,4,0,8,0,0,33,0,33,0,4,37,0,41,24,0,24,65
01/02/2020,BDR,CT,ANE,EN,Federal Contract Tower,0,4,4,0,8,0,4,57,0,61,0,8,61,0,69,62,0,62,131
01/03/2020,BDR,CT,ANE,EN,Federal Contract Tower,0,3,17,0,20,0,0,0,0,0,0,3,17,0,20,0,0,0,20
01/04/2020,BDR,CT,ANE,EN,Federal Contract Tower,0,2,4,0,6,0,0,0,0,0,0,2,4,0,6,0,0,0,6
01/05/2020,BDR,CT,ANE,EN,Federal Contract Tower,0,6,10,0,16,0,0,29,0,29,0,6,39,0,45,12,0,12,57
01/06/2020,BDR,CT,ANE,EN,Federal Contract Tower,0,6,2,0,8,0,0,32,0,32,0,6,34,0,40,58,0,58,98
01/07/2020,BDR,CT,ANE,EN,Federal Contract Tower,0,7,7,0,14,0,0,47,0,47,0,7,54,0,61,56,0,56,117
01/08/2020,BDR,CT,ANE,EN,Federal Contract Tower,0,6,13,0,19,0,1,23,0,24,0,7,36,0,43,0,0,0,43
01/09/2020,BDR,CT,ANE,EN,Federal Contract Tower,0,8,8,0,16,0,2,69,2,73,0,10,77,2,89,118,4,122,211
01/10/2020,BDR,CT,ANE,EN,Federal Contract Tower,0,2,7,0,9,0,0,46,0,46,0,2,53,0,55,124,0,124,179
01/11/2020,BDR,CT,ANE,EN,Federal Contract Tower,0,7,16,0,23,0,1,44,0,45,0,8,60,0,68,134,0,134,202
01/12/2020,BDR,CT,ANE,EN,Federal Contract Tower,0,1,8,0,9,0,0,38,0,38,0,1,46,0,47,60,0,60,107
01/13/2020,BDR,CT,ANE,EN,Federal Contract Tower,0,5,9,0,14,0,0,6,0,6,0,5,15,0,20,0,0,0,20
01/14/2020,BDR,CT,ANE,EN,Federal Contract Tower,0,5,13,0,18,0,0,18,0,18,0,5,31,0,36,24,0,24,60
01/15/2020,BDR,CT,ANE,EN,Federal Contract Tower,0,9,7,0,16,0,0,94,0,94,0,9,101,0,110,172,0,172,282
01/16/2020,BDR,CT,ANE,EN,Federal Contract Tower,0,8,6,0,14,0,0,3,0,3,0,8,9,0,17,0,0,0,17
01/17/2020,BDR,CT,ANE,EN,Federal Contract Tower,0,5,13,0,18,0,0,23,0,23,0,5,36,0,41,16,0,16,57
01/18/2020,BDR,CT,ANE,EN,Federal Contract Tower,0,1,1,0,2,0,0,45,0,45,0,1,46,0,47,90,0,90,137
01/19/2020,BDR,CT,ANE,EN,Federal Contract Tower,0,6,6,0,12,0,0,52,0,52,0,6,58,0,64,74,0,74,138
01/20/2020,BDR,CT,ANE,EN,Federal Contract Tower,0,4,10,0,14,0,4,48,0,52,0,8,58,0,66,24,0,24,90
01/21/2020,BDR,CT,ANE,EN,Federal Contract Tower,0,7,9,0,16,0,2,59,0,61,0,9,68,0,77,72,0,72,149
01/22/2020,BDR,CT,ANE,EN,Federal Contract Tower,0,10,4,0,14,0,3,55,0,58,0,13,59,0,72,134,0,134,206
01/23/2020,BDR,CT,ANE,EN,Federal Contract Tower,0,4,9,0,13,0,3,46,0,49,0,7,55,0,62,90,0,90,152
01/24/2020,BDR,CT,ANE,EN,Federal Contract Tower,0,6,8,0,14,0,0,75,2,77,0,6,83,2,91,182,2,184,275
01/25/2020,BDR,CT,ANE,EN,Federal Contract Tower,0,3,3,0,6,0,0,0,0,0,0,3,3,0,6,0,0,0,6
01/26/2020,BDR,CT,ANE,EN,Federal Contract Tower,0,3,7,0,10,0,0,99,0,99,0,3,106,0,109,226,0,226,335
01/27/2020,BDR,CT,ANE,EN,Federal Contract Tower,0,1,7,0,8,0,0,39,0,39,0,1,46,0,47,90,0,90,137
01/28/2020,BDR,CT,ANE,EN,Federal Contract Tower,0,6,4,0,10,0,6,39,0,45,0,12,43,0,55,96,0,96,151
01/29/2020,BDR,CT,ANE,EN,Federal Contract Tower,0,6,9,0,15,0,1,67,0,68,0,7,76,0,83,102,0,102,185
01/30/2020,BDR,CT,ANE,EN,Federal Contract Tower,0,8,18,0,26,0,2,46,0,48,0,10,64,0,74,74,0,74,148
01/31/2020,BDR,CT,ANE,EN,Federal Contract Tower,0,7,5,0,12,0,0,41,0,41,0,7,46,0,53,92,0,92,145
02/01/2020,BDR,CT,ANE,EN,Federal Contract Tower,0,3,9,0,12,0,0,0,0,0,0,3,9,0,12,0,0,0,12
02/02/2020,BDR,CT,ANE,EN,Federal Contract Tower,0,2,9,0,11,0,0,54,0,54,0,2,63,0,65,198,0,198,263
02/03/2020,BDR,CT,ANE,EN,Federal Contract Tower,0,8,7,0,15,0,0,64,0,64,0,8,71,0,79,110,0,110,189
02/04/2020,BDR,CT,ANE,EN,Federal Contract Tower,0,6,12,0,18,0,0,27,0,27,0,6,39,0,45,66,0,66,111
02/05/2020,BDR,CT,ANE,EN,Federal Contract Tower,0,6,11,0,17,0,0,54,0,54,0,6,65,0,71,146,0,146,217
02/06/2020,BDR,CT,ANE,EN,Federal Contract Tower,0,2,6,0,8,0,0,0,0,0,0,2,6,0,8,0,0,0,8
02/07/2020,BDR,CT,ANE,EN,Federal Contract Tower,0,8,3,0,11,0,0,1,0,1,0,8,4,0,12,0,0,0,12
02/08/2020,BDR,CT,ANE,EN,Federal Contract Tower,0,2,5,0,7,0,2,59,0,61,0,4,64,0,68,152,0,152,220
02/09/2020,BDR,CT,ANE,EN,Federal Contract Tower,0,4,11,0,15,0,0,75,0,75,0,4,86,0,90,254,0,254,344
02/10/2020,BDR,CT,ANE,EN,Federal Contract Tower,0,2,14,0,16,0,0,3,0,3,0,2,17,0,19,0,0,0,19
02/11/2020,BDR,CT,ANE,EN,Federal Contract Tower,0,6,5,0,11,0,0,0,0,0,0,6,5,0,11,0,0,0,11
02/12/2020,BDR,CT,ANE,EN,Federal Contract Tower,0,2,20,0,22,0,0,64,0,64,0,2,84,0,86,106,0,106,192
02/13/2020,BDR,CT,ANE,EN,Federal Contract Tower,0,3,17,0,20,0,0,3,0,3,0,3,20,0,23,0,0,0,23
02/14/2020,BDR,CT,ANE,EN,Federal Contract Tower,0,8,8,0,16,0,0,29,0,29,0,8,37,0,45,12,0,12,57
02/15/2020,BDR,CT,ANE,EN,Federal Contract Tower,0,1,13,0,14,0,2,54,0,56,0,3,67,0,70,158,0,158,228
02/16/2020,BDR,CT,ANE,EN,Federal Contract Tower,0,2,3,0,5,0,0,71,0,71,0,2,74,0,76,228,0,228,304
02/17/2020,BDR,CT,ANE,EN,Federal Contract Tower,0,5,11,0,16,0,4,82,0,86,0,9,93,0,102,194,0,194,296
02/18/2020,BDR,CT,ANE,EN,Federal Contract Tower,0,12,5,0,17,0,0,2,0,2,0,12,7,0,19,0,0,0,19
02/19/2020,BDR,CT,ANE,EN,Federal Contract Tower,0,6,5,0,11,0,1,38,4,43,0,7,43,4,54,58,0,58,112
02/20/2020,BDR,CT,ANE,EN,Federal Contract Tower,0,6,2,0,8,0,1,60,0,61,0,7,62,0,69,120,0,120,189
02/21/2020,BDR,CT,ANE,EN,Federal Contract Tower,0,4,13,0,17,0,2,57,0,59,0,6,70,0,76,148,0,148,224
02/22/2020,BDR,CT,ANE,EN,Federal Contract Tower,0,0,11,0,11,0,0,58,0,58,0,0,69,0,69,132,0,132,201
02/23/2020,BDR,CT,ANE,EN,Federal Contract Tower,0,2,2,0,4,0,0,95,0,95,0,2,97,0,99,190,0,190,289
02/25/2020,BDR,CT,ANE,EN,Federal Contract Tower,0,9,9,0,18,0,2,14,0,16,0,11,23,0,34,12,0,12,46
02/26/2020,BDR,CT,ANE,EN,Federal Contract Tower,0,2,18,0,20,0,0,0,0,0,0,2,18,0,20,0,0,0,20
02/27/2020,BDR,CT,ANE,EN,Federal Contract Tower,0,7,8,0,15,0,0,4,0,4,0,7,12,0,19,0,0,0,19
02/28/2020,BDR,CT,ANE,EN,Federal Contract Tower,0,3,9,0,12,0,0,12,0,12,0,3,21,0,24,14,0,14,38
02/29/2020,BDR,CT,ANE,EN,Federal Contract Tower,0,3,4,0,7,0,0,58,0,58,0,3,62,0,65,152,0,152,217
03/01/2020,BDR,CT,ANE,EN,Federal Contract Tower,0,6,6,0,12,0,0,41,0,41,0,6,47,0,53,118,0,118,171
03/02/2020,BDR,CT,ANE,EN,Federal Contract Tower,0,7,8,0,15,0,1,72,0,73,0,8,80,0,88,174,0,174,262
03/03/2020,BDR,CT,ANE,EN,Federal Contract Tower,0,8,4,0,12,0,1,18,0,19,0,9,22,0,31,10,0,10,41
03/04/2020,BDR,CT,ANE,EN,Federal Contract Tower,0,12,8,0,20,0,0,20,0,20,0,12,28,0,40,6,0,6,46
03/05/2020,BDR,CT,ANE,EN,Federal Contract Tower,0,3,10,0,13,0,2,66,0,68,0,5,76,0,81,108,2,110,191
03/06/2020,BDR,CT,ANE,EN,Federal Contract Tower,0,10,7,0,17,0,0,25,0,25,0,10,32,0,42,32,0,32,74
03/07/2020,BDR,CT,ANE,EN,Federal Contract Tower,0,0,2,0,2,0,0,37,0,37,0,0,39,0,39,10,0,10,49
03/08/2020,BDR,CT,ANE,EN,Federal Contract Tower,0,2,7,0,9,0,0,151,0,151,0,2,158,0,160,238,0,238,398
03/09/2020,BDR,CT,ANE,EN,Federal Contract Tower,0,4,3,0,7,0,2,82,0,84,0,6,85,0,91,250,0,250,341
03/10/2020,BDR,CT,ANE,EN,Federal Contract Tower,0,5,11,0,16,0,0,40,0,40,0,5,51,0,56,58,0,58,114
03/11/2020,BDR,CT,ANE,EN,Federal Contract Tower,0,10,18,0,28,0,0,75,0,75,0,10,93,0,103,178,0,178,281
03/12/2020,BDR,CT,ANE,EN,Federal Contract Tower,0,9,14,0,23,0,0,28,4,32,0,9,42,4,55,40,0,40,95
03/13/2020,BDR,CT,ANE,EN,Federal Contract Tower,0,4,3,0,7,0,0,0,0,0,0,4,3,0,7,6,0,6,13
03/14/2020,BDR,CT,ANE,EN,Federal Contract Tower,0,7,13,0,20,0,0,104,0,104,0,7,117,0,124,172,0,172,296
03/15/2020,BDR,CT,ANE,EN,Federal Contract Tower,0,9,5,0,14,0,0,87,0,87,0,9,92,0,101,206,0,206,307
03/16/2020,BDR,CT,ANE,EN,Federal Contract Tower,0,9,5,0,14,0,1,57,0,58,0,10,62,0,72,137,0,137,209
03/17/2020,BDR,CT,ANE,EN,Federal Contract Tower,0,3,8,0,11,0,0,2,0,2,0,3,10,0,13,0,0,0,13
03/18/2020,BDR,CT,ANE,EN,Federal Contract Tower,0,6,14,0,20,0,0,52,0,52,0,6,66,0,72,106,0,106,178
03/19/2020,BDR,CT,ANE,EN,Federal Contract Tower,0,7,2,1,10,0,0,0,0,0,0,7,2,1,10,0,0,0,10
03/20/2020,BDR,CT,ANE,EN,Federal Contract Tower,0,5,6,0,11,0,0,4,10,14,0,5,10,10,25,0,0,0,25
03/21/2020,BDR,CT,ANE,EN,Federal Contract Tower,0,0,1,0,1,0,0,52,0,52,0,0,53,0,53,100,0,100,153
03/22/2020,BDR,CT,ANE,EN,Federal Contract Tower,0,3,9,0,12,0,0,68,0,68,0,3,77,0,80,184,0,184,264
03/23/2020,BDR,CT,ANE,EN,Federal Contract Tower,0,1,1,0,2,0,0,0,0,0,0,1,1,0,2,0,0,0,2
03/24/2020,BDR,CT,ANE,EN,Federal Contract Tower,0,2,4,0,6,0,0,20,0,20,0,2,24,0,26,46,0,46,72
03/25/2020,BDR,CT,ANE,EN,Federal Contract Tower,0,2,1,0,3,0,0,4,0,4,0,2,5,0,7,0,0,0,7
03/26/2020,BDR,CT,ANE,EN,Federal Contract Tower,0,3,17,0,20,0,0,66,0,66,0,3,83,0,86,92,0,92,178
03/27/2020,BDR,CT,ANE,EN,Federal Contract Tower,0,2,3,0,5,0,0,20,0,20,0,2,23,0,25,30,0,30,55
03/28/2020,BDR,CT,ANE,EN,Federal Contract Tower,0,0,0,0,0,0,0,13,0,13,0,0,13,0,13,72,0,72,85
03/29/2020,BDR,CT,ANE,EN,Federal Contract Tower,0,3,5,0,8,0,0,0,0,0,0,3,5,0,8,0,0,0,8
03/30/2020,BDR,CT,ANE,EN,Federal Contract Tower,0,3,5,0,8,0,0,5,0,5,0,3,10,0,13,16,0,16,29
03/31/2020,BDR,CT,ANE,EN,Federal Contract Tower,0,3,1,0,4,0,16,0,0,16,0,19,1,0,20,116,0,116,136
04/01/2020,BDR,CT,ANE,EN,Federal Contract Tower,0,3,5,0,8,0,0,18,0,18,0,3,23,0,26,64,0,64,90
04/02/2020,BDR,CT,ANE,EN,Federal Contract Tower,0,2,1,0,3,0,0,10,0,10,0,2,11,0,13,0,0,0,13
04/03/2020,BDR,CT,ANE,EN,Federal Contract Tower,0,2,4,2,8,0,0,1,0,1,0,2,5,2,9,0,0,0,9
04/04/2020,BDR,CT,ANE,EN,Federal Contract Tower,0,0,2,0,2,0,0,32,0,32,0,0,34,0,34,72,0,72,106
04/05/2020,BDR,CT,ANE,EN,Federal Contract Tower,0,0,9,0,9,0,0,27,0,27,0,0,36,0,36,108,0,108,144
04/06/2020,BDR,CT,ANE,EN,Federal Contract Tower,0,2,0,0,2,0,0,40,0,40,0,2,40,0,42,90,0,90,132
04/07/2020,BDR,CT,ANE,EN,Federal Contract Tower,0,2,1,2,5,0,0,43,0,43,0,2,44,2,48,132,0,132,180
04/08/2020,BDR,CT,ANE,EN,Federal Contract Tower,0,4,3,0,7,0,0,4,0,4,0,4,7,0,11,10,2,12,23
04/09/2020,BDR,CT,ANE,EN,Federal Contract Tower,0,2,1,0,3,0,0,0,0,0,0,2,1,0,3,0,0,0,3
04/10/2020,BDR,CT,ANE,EN,Federal Contract Tower,0,2,1,0,3,0,0,3,0,3,0,2,4,0,6,0,0,0,6
04/11/2020,BDR,CT,ANE,EN,Federal Contract Tower,0,0,1,0,1,0,0,20,0,20,0,0,21,0,21,56,0,56,77
04/12/2020,BDR,CT,ANE,EN,Federal Contract Tower,0,0,4,0,4,0,0,50,0,50,0,0,54,0,54,146,0,146,200
04/13/2020,BDR,CT,ANE,EN,Federal Contract Tower,0,1,0,0,1,0,0,0,0,0,0,1,0,0,1,0,0,0,1
04/14/2020,BDR,CT,ANE,EN,Federal Contract Tower,0,2,2,0,4,0,0,52,0,52,0,2,54,0,56,162,0,162,218
04/15/2020,BDR,CT,ANE,EN,Federal Contract Tower,0,5,1,0,6,0,0,32,2,34,0,5,33,2,40,46,0,46,86
04/16/2020,BDR,CT,ANE,EN,Federal Contract Tower,0,2,1,0,3,0,0,20,0,20,0,2,21,0,23,40,2,42,65
04/17/2020,BDR,CT,ANE,EN,Federal Contract Tower,0,3,4,0,7,0,0,24,0,24,0,3,28,0,31,46,0,46,77
04/18/2020,BDR,CT,ANE,EN,Federal Contract Tower,0,6,2,0,8,0,0,2,0,2,0,6,4,0,10,24,0,24,34
04/19/2020,BDR,CT,ANE,EN,Federal Contract Tower,0,3,8,0,11,0,0,65,0,65,0,3,73,0,76,84,0,84,160
04/20/2020,BDR,CT,ANE,EN,Federal Contract Tower,0,2,3,0,5,0,0,26,0,26,0,2,29,0,31,62,0,62,93
04/21/2020,BDR,CT,ANE,EN,Federal Contract Tower,0,3,3,0,6,0,0,0,0,0,0,3,3,0,6,0,0,0,6
04/22/2020,BDR,CT,ANE,EN,Federal Contract Tower,0,2,5,0,7,0,0,7,0,7,0,2,12,0,14,0,0,0,14
04/23/2020,BDR,CT,ANE,EN,Federal Contract Tower,0,2,6,0,8,0,0,52,0,52,0,2,58,0,60,208,0,208,268
04/24/2020,BDR,CT,ANE,EN,Federal Contract Tower,0,4,9,0,13,0,0,0,0,0,0,4,9,0,13,0,0,0,13
04/25/2020,BDR,CT,ANE,EN,Federal Contract Tower,0,3,9,0,12,0,0,128,0,128,0,3,137,0,140,122,0,122,262
04/26/2020,BDR,CT,ANE,EN,Federal Contract Tower,0,0,1,0,1,0,0,0,0,0,0,0,1,0,1,0,0,0,1
04/27/2020,BDR,CT,ANE,EN,Federal Contract Tower,0,3,1,0,4,0,0,0,0,0,0,3,1,0,4,0,0,0,4
04/28/2020,BDR,CT,ANE,EN,Federal Contract Tower,0,4,6,0,10,0,0,54,0,54,0,4,60,0,64,146,0,146,210
04/29/2020,BDR,CT,ANE,EN,Federal Contract Tower,0,7,6,0,13,0,0,18,0,18,0,7,24,0,31,38,0,38,69
04/30/2020,BDR,CT,ANE,EN,Federal Contract Tower,0,4,2,0,6,0,1,0,0,1,0,5,2,0,7,0,0,0,7
05/01/2020,BDR,CT,ANE,EN,Federal Contract Tower,0,8,7,0,15,0,0,0,0,0,0,8,7,0,15,0,0,0,15
05/02/2020,BDR,CT,ANE,EN,Federal Contract Tower,0,15,19,0,34,0,0,63,0,63,0,15,82,0,97,60,0,60,157
05/03/2020,BDR,CT,ANE,EN,Federal Contract Tower,0,12,8,0,20,0,0,101,0,101,0,12,109,0,121,220,0,220,341
05/04/2020,BDR,CT,ANE,EN,Federal Contract Tower,0,10,2,0,12,0,0,24,0,24,0,10,26,0,36,74,0,74,110
05/05/2020,BDR,CT,ANE,EN,Federal Contract Tower,0,10,4,0,14,0,0,52,0,52,0,10,56,0,66,170,0,170,236
05/06/2020,BDR,CT,ANE,EN,Federal Contract Tower,0,12,5,1,18,0,0,14,2,16,0,12,19,3,34,52,0,52,86
05/07/2020,BDR,CT,ANE,EN,Federal Contract Tower,0,6,8,0,14,0,2,59,0,61,0,8,67,0,75,176,0,176,251
05/08/2020,BDR,CT,ANE,EN,Federal Contract Tower,0,12,4,0,16,0,0,20,0,20,0,12,24,0,36,76,0,76,112
05/09/2020,BDR,CT,ANE,EN,Federal Contract Tower,0,9,2,0,11,0,0,3,0,3,0,9,5,0,14,2,0,2,16
05/10/2020,BDR,CT,ANE,EN,Federal Contract Tower,0,8,2,0,10,0,0,24,0,24,0,8,26,0,34,36,0,36,70
05/11/2020,BDR,CT,ANE,EN,Federal Contract Tower,0,8,1,0,9,0,1,7,0,8,0,9,8,0,17,20,0,20,37
05/12/2020,BDR,CT,ANE,EN,Federal Contract Tower,0,10,9,0,19,0,1,31,0,32,0,11,40,0,51,126,0,126,177
05/13/2020,BDR,CT,ANE,EN,Federal Contract Tower,0,14,14,0,28,0,0,60,0,60,0,14,74,0,88,126,0,126,214
05/14/2020,BDR,CT,ANE,EN,Federal Contract Tower,0,9,7,0,16,0,0,73,0,73,0,9,80,0,89,188,0,188,277
05/15/2020,BDR,CT,ANE,EN,Federal Contract Tower,0,11,8,0,19,0,3,37,0,40,0,14,45,0,59,88,0,88,147
05/16/2020,BDR,CT,ANE,EN,Federal Contract Tower,0,14,7,0,21,0,1,78,0,79,0,15,85,0,100,96,0,96,196
05/17/2020,BDR,CT,ANE,EN,Federal Contract Tower,0,8,4,0,12,0,0,97,0,97,0,8,101,0,109,236,0,236,345
05/18/2020,BDR,CT,ANE,EN,Federal Contract Tower,0,6,1,0,7,0,1,37,0,38,0,7,38,0,45,80,0,80,125
05/19/2020,BDR,CT,ANE,EN,Federal Contract Tower,0,8,7,0,15,0,0,19,4,23,0,8,26,4,38,24,0,24,62
05/20/2020,BDR,CT,ANE,EN,Federal Contract Tower,0,8,3,0,11,0,0,34,0,34,0,8,37,0,45,70,0,70,115
05/21/2020,BDR,CT,ANE,EN,Federal Contract Tower,0,5,7,2,14,0,3,77,0,80,0,8,84,2,94,176,0,176,270
05/22/2020,BDR,CT,ANE,EN,Federal Contract Tower,0,5,1,0,6,0,2,56,0,58,0,7,57,0,64,100,0,100,164
05/23/2020,BDR,CT,ANE,EN,Federal Contract Tower,0,4,4,0,8,0,0,0,0,0,0,4,4,0,8,0,0,0,8
05/24/2020,BDR,CT,ANE,EN,Federal Contract Tower,0,1,4,0,5,0,0,48,0,48,0,1,52,0,53,26,0,26,79
05/25/2020,BDR,CT,ANE,EN,Federal Contract Tower,0,1,8,2,11,0,0,12,0,12,0,1,20,2,23,28,0,28,51
05/26/2020,BDR,CT,ANE,EN,Federal Contract Tower,0,4,10,2,16,0,2,21,0,23,0,6,31,2,39,44,0,44,83
05/27/2020,BDR,CT,ANE,EN,Federal Contract Tower,0,6,13,0,19,0,1,36,0,37,0,7,49,0,56,86,0,86,142
05/28/2020,BDR,CT,ANE,EN,Federal Contract Tower,0,8,14,4,26,0,0,1,0,1,0,8,15,4,27,0,0,0,27
05/29/2020,BDR,CT,ANE,EN,Federal Contract Tower,0,12,9,0,21,0,0,2,0,2,0,12,11,0,23,0,0,0,23
05/30/2020,BDR,CT,ANE,EN,Federal Contract Tower,0,3,21,0,24,0,0,75,0,75,0,3,96,0,99,146,0,146,245
05/31/2020,BDR,CT,ANE,EN,Federal Contract Tower,0,5,6,0,11,0,0,76,0,76,0,5,82,0,87,164,0,164,251
06/01/2020,BDR,CT,ANE,EN,Federal Contract Tower,0,16,5,0,21,0,0,86,0,86,0,16,91,0,107,126,0,126,233
06/02/2020,BDR,CT,ANE,EN,Federal Contract Tower,0,5,16,0,21,0,0,41,0,41,0,5,57,0,62,48,0,48,110
06/03/2020,BDR,CT,ANE,EN,Federal Contract Tower,0,2,3,0,5,0,0,13,0,13,0,2,16,0,18,12,0,12,30
06/04/2020,BDR,CT,ANE,EN,Federal Contract Tower,0,6,6,0,12,0,0,76,0,76,0,6,82,0,88,170,0,170,258
06/05/2020,BDR,CT,ANE,EN,Federal Contract Tower,0,7,19,0,26,0,0,5,0,5,0,7,24,0,31,0,0,0,31
06/06/2020,BDR,CT,ANE,EN,Federal Contract Tower,0,3,6,0,9,0,0,39,0,39,0,3,45,0,48,96,0,96,144
06/07/2020,BDR,CT,ANE,EN,Federal Contract Tower,0,4,3,0,7,0,0,44,0,44,0,4,47,0,51,62,0,62,113
06/08/2020,BDR,CT,ANE,EN,Federal Contract Tower,0,7,10,0,17,0,6,79,0,85,0,13,89,0,102,136,0,136,238
06/09/2020,BDR,CT,ANE,EN,Federal Contract Tower,0,10,8,0,18,0,3,78,0,81,0,13,86,0,99,194,0,194,293
06/10/2020,BDR,CT,ANE,EN,Federal Contract Tower,0,10,4,0,14,0,0,57,0,57,0,10,61,0,71,160,0,160,231
06/11/2020,BDR,CT,ANE,EN,Federal Contract Tower,0,10,6,0,16,0,1,0,0,1,0,11,6,0,17,0,0,0,17
06/12/2020,BDR,CT,ANE,EN,Federal Contract Tower,0,11,8,0,19,0,0,82,0,82,0,11,90,0,101,174,0,174,275
06/13/2020,BDR,CT,ANE,EN,Federal Contract Tower,0,2,9,0,11,0,0,63,0,63,0,2,72,0,74,88,0,88,162
06/14/2020,BDR,CT,ANE,EN,Federal Contract Tower,0,3,3,0,6,0,0,96,0,96,0,3,99,0,102,72,0,72,174
06/15/2020,BDR,CT,ANE,EN,Federal Contract Tower,0,16,4,0,20,0,1,66,0,67,0,17,70,0,87,143,0,143,230
06/16/2020,BDR,CT,ANE,EN,Federal Contract Tower,0,9,8,2,19,0,0,56,0,56,0,9,64,2,75,132,0,132,207
06/17/2020,BDR,CT,ANE,EN,Federal Contract Tower,0,3,10,0,13,0,0,85,0,85,0,3,95,0,98,124,0,124,222
06/18/2020,BDR,CT,ANE,EN,Federal Contract Tower,0,11,17,0,28,0,1,26,0,27,0,12,43,0,55,2,0,2,57
06/19/2020,BDR,CT,ANE,EN,Federal Contract Tower,0,10,6,0,16,0,0,35,0,35,0,10,41,0,51,110,0,110,161
06/20/2020,BDR,CT,ANE,EN,Federal Contract Tower,0,5,9,0,14,0,0,61,0,61,0,5,70,0,75,122,0,122,197
06/21/2020,BDR,CT,ANE,EN,Federal Contract Tower,0,2,9,0,11,0,0,81,0,81,0,2,90,0,92,134,0,134,226
06/22/2020,BDR,CT,ANE,EN,Federal Contract Tower,0,8,6,0,14,0,1,63,0,64,0,9,69,0,78,116,0,116,194
06/23/2020,BDR,CT,ANE,EN,Federal Contract Tower,0,4,15,0,19,0,0,80,0,80,0,4,95,0,99,146,0,146,245
06/24/2020,BDR,CT,ANE,EN,Federal Contract Tower,0,17,13,0,30,0,1,48,0,49,0,18,61,0,79,130,0,130,209
06/25/2020,BDR,CT,ANE,EN,Federal Contract Tower,0,8,10,0,18,0,2,83,0,85,0,10,93,0,103,156,0,156,259
06/26/2020,BDR,CT,ANE,EN,Federal Contract Tower,0,9,8,0,17,0,0,96,0,96,0,9,104,0,113,158,0,158,271
06/27/2020,BDR,CT,ANE,EN,Federal Contract Tower,0,1,5,0,6,0,5,36,0,41,0,6,41,0,47,42,0,42,89
06/28/2020,BDR,CT,ANE,EN,Federal Contract Tower,0,2,15,0,17,0,0,0,0,0,0,2,15,0,17,8,0,8,25
06/29/2020,BDR,CT,ANE,EN,Federal Contract Tower,0,6,13,0,19,0,1,48,0,49,0,7,61,0,68,52,0,52,120
06/30/2020,BDR,CT,ANE,EN,Federal Contract Tower,0,9,12,0,21,0,2,42,0,44,0,11,54,0,65,106,0,106,171
07/01/2020,BDR,CT,ANE,EN,Federal Contract Tower,0,4,4,0,8,0,2,25,0,27,0,6,29,0,35,62,0,62,97
07/02/2020,BDR,CT,ANE,EN,Federal Contract Tower,0,9,14,0,23,0,4,121,0,125,0,13,135,0,148,216,0,216,364
07/03/2020,BDR,CT,ANE,EN,Federal Contract Tower,0,3,6,0,9,0,5,41,0,46,0,8,47,0,55,94,0,94,149
07/04/2020,BDR,CT,ANE,EN,Federal Contract Tower,0,3,15,0,18,0,0,64,0,64,0,3,79,0,82,130,0,130,212
07/05/2020,BDR,CT,ANE,EN,Federal Contract Tower,0,8,14,0,22,0,4,66,0,70,0,12,80,0,92,40,0,40,132
07/07/2020,BDR,CT,ANE,EN,Federal Contract Tower,0,13,19,0,32,0,0,3,0,3,0,13,22,0,35,0,0,0,35
07/08/2020,BDR,CT,ANE,EN,Federal Contract Tower,0,7,16,0,23,0,1,38,2,41,0,8,54,2,64,56,0,56,120
07/09/2020,BDR,CT,ANE,EN,Federal Contract Tower,0,9,19,0,28,0,1,76,0,77,0,10,95,0,105,214,0,214,319
07/10/2020,BDR,CT,ANE,EN,Federal Contract Tower,0,6,3,0,9,0,0,0,0,0,0,6,3,0,9,0,0,0,9
07/11/2020,BDR,CT,ANE,EN,Federal Contract Tower,0,6,7,1,14,0,0,15,0,15,0,6,22,1,29,22,0,22,51
07/12/2020,BDR,CT,ANE,EN,Federal Contract Tower,0,6,19,0,25,0,2,128,0,130,0,8,147,0,155,264,0,264,419
07/13/2020,BDR,CT,ANE,EN,Federal Contract Tower,0,8,9,0,17,0,0,42,0,42,0,8,51,0,59,146,0,146,205
07/14/2020,BDR,CT,ANE,EN,Federal Contract Tower,0,11,5,0,16,6,85,0,0,91,6,96,5,0,107,206,0,206,313
07/15/2020,BDR,CT,ANE,EN,Federal Contract Tower,0,7,25,0,32,0,0,82,0,82,0,7,107,0,114,168,0,168,282
07/16/2020,BDR,CT,ANE,EN,Federal Contract Tower,0,4,14,0,18,0,0,89,0,89,0,4,103,0,107,186,0,186,293
07/17/2020,BDR,CT,ANE,EN,Federal Contract Tower,0,9,22,0,31,0,0,12,0,12,0,9,34,0,43,0,0,0,43
07/18/2020,BDR,CT,ANE,EN,Federal Contract Tower,0,2,13,0,15,0,0,103,0,103,0,2,116,0,118,142,0,142,260
07/19/2020,BDR,CT,ANE,EN,Federal Contract Tower,0,2,8,0,10,0,0,102,0,102,0,2,110,0,112,104,0,104,216
07/20/2020,BDR,CT,ANE,EN,Federal Contract Tower,0,8,11,0,19,0,0,75,0,75,0,8,86,0,94,84,0,84,178
07/21/2020,BDR,CT,ANE,EN,Federal Contract Tower,0,11,5,0,16,0,0,124,0,124,0,11,129,0,140,188,0,188,328
07/22/2020,BDR,CT,ANE,EN,Federal Contract Tower,0,7,16,0,23,0,0,88,0,88,0,7,104,0,111,140,0,140,251
07/23/2020,BDR,CT,ANE,EN,Federal Contract Tower,0,14,15,0,29,0,3,43,0,46,0,17,58,0,75,124,0,124,199
07/24/2020,BDR,CT,ANE,EN,Federal Contract Tower,0,6,11,0,17,0,6,57,0,63,0,12,68,0,80,84,0,84,164
07/25/2020,BDR,CT,ANE,EN,Federal Contract Tower,0,3,13,0,16,0,0,132,0,132,0,3,145,0,148,182,0,182,330
07/26/2020,BDR,CT,ANE,EN,Federal Contract Tower,0,6,8,0,14,0,1,100,0,101,0,7,108,0,115,174,0,174,289
07/27/2020,BDR,CT,ANE,EN,Federal Contract Tower,0,1,4,1,6,0,0,71,0,71,0,1,75,1,77,100,0,100,177
07/28/2020,BDR,CT,ANE,EN,Federal Contract Tower,0,10,2,0,12,0,10,56,0,66,0,20,58,0,78,198,0,198,276
07/29/2020,BDR,CT,ANE,EN,Federal Contract Tower,0,12,8,0,20,0,0,83,0,83,0,12,91,0,103,132,0,132,235
07/30/2020,BDR,CT,ANE,EN,Federal Contract Tower,0,8,10,0,18,0,5,66,0,71,0,13,76,0,89,124,0,124,213
07/31/2020,BDR,CT,ANE,EN,Federal Contract Tower,0,8,20,0,28,0,2,43,0,45,0,10,63,0,73,56,0,56,129
08/01/2020,BDR,CT,ANE,EN,Federal Contract Tower,0,5,3,0,8,0,9,146,0,155,0,14,149,0,163,242,0,242,405
08/02/2020,BDR,CT,ANE,EN,Federal Contract Tower,0,9,19,0,28,0,0,26,0,26,0,9,45,0,54,80,0,80,134
08/03/2020,BDR,CT,ANE,EN,Federal Contract Tower,0,7,7,0,14,0,7,89,0,96,0,14,96,0,110,186,0,186,296
08/04/2020,BDR,CT,ANE,EN,Federal Contract Tower,0,3,3,0,6,0,0,0,0,0,0,3,3,0,6,0,0,0,6
08/05/2020,BDR,CT,ANE,EN,Federal Contract Tower,0,0,0,0,0,0,0,0,0,0,0,0,0,0,0,0,0,0,0
08/06/2020,BDR,CT,ANE,EN,Federal Contract Tower,0,4,1,0,5,2,19,0,0,21,2,23,1,0,26,0,0,0,26
08/07/2020,BDR,CT,ANE,EN,Federal Contract Tower,0,8,10,0,18,0,0,34,0,34,0,8,44,0,52,48,0,48,100
08/08/2020,BDR,CT,ANE,EN,Federal Contract Tower,0,2,15,0,17,0,1,48,0,49,0,3,63,0,66,142,0,142,208
08/09/2020,BDR,CT,ANE,EN,Federal Contract Tower,0,3,9,0,12,0,6,59,0,65,0,9,68,0,77,124,0,124,201
08/10/2020,BDR,CT,ANE,EN,Federal Contract Tower,0,3,13,0,16,0,2,64,0,66,0,5,77,0,82,70,0,70,152
08/11/2020,BDR,CT,ANE,EN,Federal Contract Tower,0,6,17,2,25,0,2,74,0,76,0,8,91,2,101,182,0,182,283
08/12/2020,BDR,CT,ANE,EN,Federal Contract Tower,0,4,14,0,18,0,0,49,0,49,0,4,63,0,67,74,0,74,141
08/13/2020,BDR,CT,ANE,EN,Federal Contract Tower,0,8,13,0,21,0,0,37,0,37,0,8,50,0,58,94,0,94,152
08/14/2020,BDR,CT,ANE,EN,Federal Contract Tower,0,6,4,0,10,0,0,108,0,108,0,6,112,0,118,266,0,266,384
08/15/2020,BDR,CT,ANE,EN,Federal Contract Tower,0,5,15,0,20,0,2,105,0,107,0,7,120,0,127,259,0,259,386
08/16/2020,BDR,CT,ANE,EN,Federal Contract Tower,0,8,11,0,19,0,0,11,0,11,0,8,22,0,30,24,0,24,54
08/17/2020,BDR,CT,ANE,EN,Federal Contract Tower,0,3,15,0,18,0,0,86,0,86,0,3,101,0,104,116,0,116,220
08/18/2020,BDR,CT,ANE,EN,Federal Contract Tower,0,8,9,0,17,0,5,85,0,90,0,13,94,0,107,190,0,190,297
08/19/2020,BDR,CT,ANE,EN,Federal Contract Tower,0,10,6,1,17,0,0,59,1,60,0,10,65,2,77,156,0,156,233
08/20/2020,BDR,CT,ANE,EN,Federal Contract Tower,0,6,10,0,16,0,1,101,0,102,0,7,111,0,118,186,0,186,304
08/21/2020,BDR,CT,ANE,EN,Federal Contract Tower,0,7,18,0,25,0,0,92,0,92,0,7,110,0,117,126,0,126,243
08/22/2020,BDR,CT,ANE,EN,Federal Contract Tower,0,7,10,0,17,0,4,77,0,81,0,11,87,0,98,116,0,116,214
08/24/2020,BDR,CT,ANE,EN,Federal Contract Tower,0,3,12,0,15,0,0,36,0,36,0,3,48,0,51,31,0,31,82
08/25/2020,BDR,CT,ANE,EN,Federal Contract Tower,0,12,13,0,25,0,0,41,1,42,0,12,54,1,67,116,0,116,183
08/26/2020,BDR,CT,ANE,EN,Federal Contract Tower,0,6,9,0,15,0,0,70,2,72,0,6,79,2,87,108,0,108,195
08/27/2020,BDR,CT,ANE,EN,Federal Contract Tower,0,11,5,0,16,0,1,23,0,24,0,12,28,0,40,42,0,42,82
08/28/2020,BDR,CT,ANE,EN,Federal Contract Tower,0,5,14,0,19,0,2,100,0,102,0,7,114,0,121,250,0,250,371
08/29/2020,BDR,CT,ANE,EN,Federal Contract Tower,0,6,2,0,8,0,0,0,0,0,0,6,2,0,8,0,0,0,8
08/30/2020,BDR,CT,ANE,EN,Federal Contract Tower,0,6,12,0,18,0,1,81,0,82,0,7,93,0,100,196,0,196,296
08/31/2020,BDR,CT,ANE,EN,Federal Contract Tower,0,6,8,0,14,0,2,105,0,107,0,8,113,0,121,170,0,170,291
09/01/2020,BDR,CT,ANE,EN,Federal Contract Tower,0,3,12,1,16,0,0,34,0,34,0,3,46,1,50,26,0,26,76
09/02/2020,BDR,CT,ANE,EN,Federal Contract Tower,0,12,12,0,24,0,0,3,0,3,0,12,15,0,27,24,0,24,51
09/03/2020,BDR,CT,ANE,EN,Federal Contract Tower,0,11,16,0,27,0,1,87,0,88,0,12,103,0,115,156,0,156,271
09/04/2020,BDR,CT,ANE,EN,Federal Contract Tower,0,11,6,0,17,0,2,110,0,112,0,13,116,0,129,212,0,212,341
09/05/2020,BDR,CT,ANE,EN,Federal Contract Tower,0,1,6,0,7,0,2,104,0,106,0,3,110,0,113,286,0,286,399
09/06/2020,BDR,CT,ANE,EN,Federal Contract Tower,0,1,6,0,7,0,1,102,0,103,0,2,108,0,110,202,0,202,312
09/07/2020,BDR,CT,ANE,EN,Federal Contract Tower,0,9,10,0,19,0,1,114,0,115,0,10,124,0,134,160,0,160,294
09/08/2020,BDR,CT,ANE,EN,Federal Contract Tower,0,9,23,0,32,0,3,62,0,65,0,12,85,0,97,146,0,146,243
09/09/2020,BDR,CT,ANE,EN,Federal Contract Tower,0,8,8,0,16,0,0,58,0,58,0,8,66,0,74,150,0,150,224
09/10/2020,BDR,CT,ANE,EN,Federal Contract Tower,0,9,9,0,18,0,0,7,0,7,0,9,16,0,25,4,0,4,29
09/11/2020,BDR,CT,ANE,EN,Federal Contract Tower,0,14,16,0,30,0,1,84,0,85,0,15,100,0,115,200,0,200,315
09/12/2020,BDR,CT,ANE,EN,Federal Contract Tower,0,3,13,0,16,0,0,90,0,90,0,3,103,0,106,132,0,132,238
09/13/2020,BDR,CT,ANE,EN,Federal Contract Tower,0,5,7,0,12,0,5,63,0,68,0,10,70,0,80,154,0,154,234
09/14/2020,BDR,CT,ANE,EN,Federal Contract Tower,0,13,2,0,15,0,0,58,0,58,0,13,60,0,73,78,0,78,151
09/15/2020,BDR,CT,ANE,EN,Federal Contract Tower,0,12,12,0,24,0,0,110,0,110,0,12,122,0,134,154,0,154,288
09/16/2020,BDR,CT,ANE,EN,Federal Contract Tower,0,6,10,0,16,0,0,105,5,110,0,6,115,5,126,162,0,162,288
09/17/2020,BDR,CT,ANE,EN,Federal Contract Tower,0,6,15,0,21,0,0,80,0,80,0,6,95,0,101,100,0,100,201
09/18/2020,BDR,CT,ANE,EN,Federal Contract Tower,0,13,18,0,31,0,0,48,0,48,0,13,66,0,79,26,0,26,105
09/19/2020,BDR,CT,ANE,EN,Federal Contract Tower,0,3,4,0,7,0,3,70,0,73,0,6,74,0,80,111,0,111,191
09/20/2020,BDR,CT,ANE,EN,Federal Contract Tower,0,7,7,0,14,0,6,79,0,85,0,13,86,0,99,18,0,18,117
09/21/2020,BDR,CT,ANE,EN,Federal Contract Tower,0,8,10,0,18,0,1,81,0,82,0,9,91,0,100,116,0,116,216
09/22/2020,BDR,CT,ANE,EN,Federal Contract Tower,0,2,10,0,12,0,3,53,0,56,0,5,63,0,68,16,0,16,84
09/23/2020,BDR,CT,ANE,EN,Federal Contract Tower,0,7,3,0,10,0,1,77,0,78,0,8,80,0,88,172,0,172,260
09/24/2020,BDR,CT,ANE,EN,Federal Contract Tower,0,8,8,0,16,0,2,84,0,86,0,10,92,0,102,110,0,110,212
09/25/2020,BDR,CT,ANE,EN,Federal Contract Tower,0,6,15,0,21,0,3,80,0,83,0,9,95,0,104,226,0,226,330
09/26/2020,BDR,CT,ANE,EN,Federal Contract Tower,0,4,9,0,13,0,0,51,0,51,0,4,60,0,64,101,0,101,165
09/27/2020,BDR,CT,ANE,EN,Federal Contract Tower,0,3,18,0,21,0,0,29,0,29,0,3,47,0,50,70,0,70,120
09/28/2020,BDR,CT,ANE,EN,Federal Contract Tower,0,5,20,0,25,0,1,43,0,44,0,6,63,0,69,6,2,8,77
09/29/2020,BDR,CT,ANE,EN,Federal Contract Tower,0,11,19,0,30,0,0,13,0,13,0,11,32,0,43,0,0,0,43
09/30/2020,BDR,CT,ANE,EN,Federal Contract Tower,0,3,10,0,13,0,0,30,2,32,0,3,40,2,45,16,0,16,61
10/01/2020,BDR,CT,ANE,EN,Federal Contract Tower,0,7,13,0,20,0,0,89,0,89,0,7,102,0,109,152,0,152,261
10/02/2020,BDR,CT,ANE,EN,Federal Contract Tower,0,13,16,0,29,0,2,47,0,49,0,15,63,0,78,74,0,74,152
10/03/2020,BDR,CT,ANE,EN,Federal Contract Tower,0,6,4,0,10,0,0,110,2,112,0,6,114,2,122,166,0,166,288
10/04/2020,BDR,CT,ANE,EN,Federal Contract Tower,0,4,5,0,9,0,2,101,0,103,0,6,106,0,112,140,0,140,252
10/05/2020,BDR,CT,ANE,EN,Federal Contract Tower,0,9,9,0,18,0,1,37,0,38,0,10,46,0,56,110,0,110,166
10/06/2020,BDR,CT,ANE,EN,Federal Contract Tower,0,6,13,0,19,0,0,55,0,55,0,6,68,0,74,78,0,78,152
10/07/2020,BDR,CT,ANE,EN,Federal Contract Tower,0,11,13,0,24,0,0,40,0,40,0,11,53,0,64,48,0,48,112
10/08/2020,BDR,CT,ANE,EN,Federal Contract Tower,0,14,9,0,23,0,1,57,2,60,0,15,66,2,83,82,0,82,165
10/09/2020,BDR,CT,ANE,EN,Federal Contract Tower,0,11,14,0,25,0,4,90,2,96,0,15,104,2,121,300,0,300,421
10/11/2020,BDR,CT,ANE,EN,Federal Contract Tower,0,5,10,0,15,0,0,81,0,81,0,5,91,0,96,176,0,176,272
10/12/2020,BDR,CT,ANE,EN,Federal Contract Tower,0,9,9,0,18,0,1,3,2,6,0,10,12,2,24,0,0,0,24
10/13/2020,BDR,CT,ANE,EN,Federal Contract Tower,0,7,12,0,19,0,0,2,0,2,0,7,14,0,21,0,0,0,21
10/14/2020,BDR,CT,ANE,EN,Federal Contract Tower,0,9,16,0,25,0,0,81,0,81,0,9,97,0,106,234,0,234,340
10/15/2020,BDR,CT,ANE,EN,Federal Contract Tower,0,7,11,0,18,0,1,76,0,77,0,8,87,0,95,170,0,170,265
10/16/2020,BDR,CT,ANE,EN,Federal Contract Tower,0,5,17,0,22,0,0,1,0,1,0,5,18,0,23,14,0,14,37
10/17/2020,BDR,CT,ANE,EN,Federal Contract Tower,0,6,11,0,17,0,1,65,0,66,0,7,76,0,83,160,0,160,243
10/18/2020,BDR,CT,ANE,EN,Federal Contract Tower,0,3,9,0,12,0,2,118,0,120,0,5,127,0,132,192,0,192,324
10/19/2020,BDR,CT,ANE,EN,Federal Contract Tower,0,14,5,0,19,0,3,57,0,60,0,17,62,0,79,139,0,139,218
10/20/2020,BDR,CT,ANE,EN,Federal Contract Tower,0,7,24,0,31,0,0,12,0,12,0,7,36,0,43,14,0,14,57
10/21/2020,BDR,CT,ANE,EN,Federal Contract Tower,0,6,18,0,24,0,0,15,0,15,0,6,33,0,39,2,0,2,41
10/22/2020,BDR,CT,ANE,EN,Federal Contract Tower,0,11,22,0,33,0,1,35,0,36,0,12,57,0,69,76,0,76,145
10/23/2020,BDR,CT,ANE,EN,Federal Contract Tower,0,8,36,0,44,0,0,1,0,1,0,8,37,0,45,0,0,0,45
10/24/2020,BDR,CT,ANE,EN,Federal Contract Tower,0,3,18,0,21,0,0,23,0,23,0,3,41,0,44,92,0,92,136
10/25/2020,BDR,CT,ANE,EN,Federal Contract Tower,0,8,10,0,18,0,1,132,0,133,0,9,142,0,151,170,0,170,321
10/26/2020,BDR,CT,ANE,EN,Federal Contract Tower,0,5,20,0,25,0,0,0,0,0,0,5,20,0,25,0,0,0,25
10/27/2020,BDR,CT,ANE,EN,Federal Contract Tower,0,7,5,0,12,0,1,37,0,38,0,8,42,0,50,128,0,128,178
10/28/2020,BDR,CT,ANE,EN,Federal Contract Tower,0,5,7,0,12,0,0,5,0,5,0,5,12,0,17,20,0,20,37
10/29/2020,BDR,CT,ANE,EN,Federal Contract Tower,0,9,7,0,16,0,0,0,0,0,0,9,7,0,16,0,0,0,16
10/30/2020,BDR,CT,ANE,EN,Federal Contract Tower,0,5,8,0,13,0,0,10,0,10,0,5,18,0,23,24,0,24,47
10/31/2020,BDR,CT,ANE,EN,Federal Contract Tower,0,2,11,0,13,0,0,132,0,132,0,2,143,0,145,196,0,196,341
11/01/2020,BDR,CT,ANE,EN,Federal Contract Tower,0,6,12,0,18,0,0,20,0,20,0,6,32,0,38,60,0,60,98
11/02/2020,BDR,CT,ANE,EN,Federal Contract Tower,0,4,0,0,4,0,0,7,1,8,0,4,7,1,12,0,0,0,12
11/03/2020,BDR,CT,ANE,EN,Federal Contract Tower,0,7,8,0,15,0,0,54,0,54,0,7,62,0,69,70,0,70,139
11/04/2020,BDR,CT,ANE,EN,Federal Contract Tower,0,5,2,0,7,0,0,90,0,90,0,5,92,0,97,242,0,242,339
11/05/2020,BDR,CT,ANE,EN,Federal Contract Tower,0,5,10,0,15,0,1,88,2,91,0,6,98,2,106,152,2,154,260
11/06/2020,BDR,CT,ANE,EN,Federal Contract Tower,0,13,2,0,15,0,0,108,0,108,0,13,110,0,123,222,0,222,345
11/07/2020,BDR,CT,ANE,EN,Federal Contract Tower,0,3,5,0,8,0,4,95,0,99,0,7,100,0,107,196,0,196,303
11/08/2020,BDR,CT,ANE,EN,Federal Contract Tower,0,2,4,0,6,0,0,137,0,137,0,2,141,0,143,186,0,186,329
11/09/2020,BDR,CT,ANE,EN,Federal Contract Tower,0,3,8,0,11,0,0,80,4,84,0,3,88,4,95,256,0,256,351
11/10/2020,BDR,CT,ANE,EN,Federal Contract Tower,0,4,3,1,8,0,0,72,1,73,0,4,75,2,81,118,0,118,199
11/11/2020,BDR,CT,ANE,EN,Federal Contract Tower,0,2,5,0,7,0,0,0,0,0,0,2,5,0,7,0,0,0,7
11/12/2020,BDR,CT,ANE,EN,Federal Contract Tower,0,3,12,0,15,0,0,14,0,14,0,3,26,0,29,26,0,26,55
11/13/2020,BDR,CT,ANE,EN,Federal Contract Tower,0,10,16,0,26,0,0,4,0,4,0,10,20,0,30,4,0,4,34
11/14/2020,BDR,CT,ANE,EN,Federal Contract Tower,0,3,3,0,6,0,0,104,0,104,0,3,107,0,110,148,0,148,258
11/15/2020,BDR,CT,ANE,EN,Federal Contract Tower,0,6,5,0,11,0,0,39,0,39,0,6,44,0,50,138,0,138,188
11/16/2020,BDR,CT,ANE,EN,Federal Contract Tower,0,3,6,0,9,0,0,17,0,17,0,3,23,0,26,6,0,6,32
11/17/2020,BDR,CT,ANE,EN,Federal Contract Tower,0,7,7,0,14,0,0,30,1,31,0,7,37,1,45,52,0,52,97
11/19/2020,BDR,CT,ANE,EN,Federal Contract Tower,0,7,6,0,13,0,0,56,0,56,0,7,62,0,69,122,0,122,191
11/20/2020,BDR,CT,ANE,EN,Federal Contract Tower,0,7,10,0,17,0,2,76,0,78,0,9,86,0,95,98,0,98,193
11/21/2020,BDR,CT,ANE,EN,Federal Contract Tower,0,5,10,0,15,0,0,120,0,120,0,5,130,0,135,222,0,222,357
11/22/2020,BDR,CT,ANE,EN,Federal Contract Tower,0,5,9,0,14,0,0,37,0,37,0,5,46,0,51,118,0,118,169
11/23/2020,BDR,CT,ANE,EN,Federal Contract Tower,0,1,16,0,17,0,0,8,0,8,0,1,24,0,25,4,0,4,29
11/24/2020,BDR,CT,ANE,EN,Federal Contract Tower,0,8,15,0,23,0,1,72,0,73,0,9,87,0,96,156,0,156,252
11/25/2020,BDR,CT,ANE,EN,Federal Contract Tower,0,8,13,0,21,0,0,60,0,60,0,8,73,0,81,154,0,154,235
11/26/2020,BDR,CT,ANE,EN,Federal Contract Tower,0,2,1,0,3,0,0,2,0,2,0,2,3,0,5,0,0,0,5
11/27/2020,BDR,CT,ANE,EN,Federal Contract Tower,0,3,7,0,10,0,0,78,0,78,0,3,85,0,88,150,0,150,238
11/28/2020,BDR,CT,ANE,EN,Federal Contract Tower,0,0,9,0,9,0,4,76,0,80,0,4,85,0,89,116,0,116,205
11/29/2020,BDR,CT,ANE,EN,Federal Contract Tower,0,4,3,0,7,0,0,0,147,147,0,4,3,147,154,188,0,188,342
11/30/2020,BDR,CT,ANE,EN,Federal Contract Tower,0,6,4,0,10,0,0,0,0,0,0,6,4,0,10,0,0,0,10
12/01/2020,BDR,CT,ANE,EN,Federal Contract Tower,0,8,13,0,21,0,2,12,0,14,0,10,25,0,35,8,0,8,43
12/02/2020,BDR,CT,ANE,EN,Federal Contract Tower,0,4,8,0,12,0,0,34,0,34,0,4,42,0,46,78,0,78,124
12/03/2020,BDR,CT,ANE,EN,Federal Contract Tower,0,5,4,0,9,0,0,67,2,69,0,5,71,2,78,174,0,174,252
12/04/2020,BDR,CT,ANE,EN,Federal Contract Tower,0,6,11,0,17,0,0,67,3,70,0,6,78,3,87,126,0,126,213
12/05/2020,BDR,CT,ANE,EN,Federal Contract Tower,0,4,0,0,4,0,0,0,0,0,0,4,0,0,4,0,0,0,4
12/06/2020,BDR,CT,ANE,EN,Federal Contract Tower,0,3,4,0,7,0,1,47,0,48,0,4,51,0,55,88,0,88,143
12/07/2020,BDR,CT,ANE,EN,Federal Contract Tower,0,5,5,0,10,0,1,40,0,41,0,6,45,0,51,130,0,130,181
12/08/2020,BDR,CT,ANE,EN,Federal Contract Tower,0,7,4,0,11,0,1,17,0,18,0,8,21,0,29,38,0,38,67
12/09/2020,BDR,CT,ANE,EN,Federal Contract Tower,0,5,6,0,11,0,0,57,0,57,0,5,63,0,68,117,0,117,185
12/10/2020,BDR,CT,ANE,EN,Federal Contract Tower,0,7,8,0,15,0,1,104,0,105,0,8,112,0,120,110,0,110,230
12/11/2020,BDR,CT,ANE,EN,Federal Contract Tower,0,6,11,0,17,0,0,73,0,73,0,6,84,0,90,108,0,108,198
12/12/2020,BDR,CT,ANE,EN,Federal Contract Tower,0,0,9,0,9,0,0,0,0,0,0,0,9,0,9,0,0,0,9
12/13/2020,BDR,CT,ANE,EN,Federal Contract Tower,0,7,14,0,21,0,2,77,0,79,0,9,91,0,100,172,0,172,272
12/14/2020,BDR,CT,ANE,EN,Federal Contract Tower,0,0,6,0,6,0,0,0,0,0,0,0,6,0,6,0,0,0,6
12/15/2020,BDR,CT,ANE,EN,Federal Contract Tower,0,8,10,0,18,0,0,59,0,59,0,8,69,0,77,92,0,92,169
12/16/2020,BDR,CT,ANE,EN,Federal Contract Tower,0,6,1,0,7,0,0,15,0,15,0,6,16,0,22,22,0,22,44
12/18/2020,BDR,CT,ANE,EN,Federal Contract Tower,0,2,3,0,5,0,0,12,0,12,0,2,15,0,17,8,0,8,25
12/19/2020,BDR,CT,ANE,EN,Federal Contract Tower,0,6,1,0,7,0,0,67,0,67,0,6,68,0,74,44,0,44,118
12/20/2020,BDR,CT,ANE,EN,Federal Contract Tower,0,5,11,0,16,0,0,20,0,20,0,5,31,0,36,26,0,26,62
12/21/2020,BDR,CT,ANE,EN,Federal Contract Tower,0,12,6,0,18,0,0,12,2,14,0,12,18,2,32,28,2,30,62
12/22/2020,BDR,CT,ANE,EN,Federal Contract Tower,0,11,6,0,17,0,2,55,0,57,0,13,61,0,74,154,0,154,228
12/23/2020,BDR,CT,ANE,EN,Federal Contract Tower,0,3,10,0,13,0,1,106,0,107,0,4,116,0,120,174,0,174,294
12/24/2020,BDR,CT,ANE,EN,Federal Contract Tower,0,3,5,0,8,0,0,6,0,6,0,3,11,0,14,4,0,4,18
12/25/2020,BDR,CT,ANE,EN,Federal Contract Tower,0,3,2,0,5,0,0,1,0,1,0,3,3,0,6,0,0,0,6
12/26/2020,BDR,CT,ANE,EN,Federal Contract Tower,0,11,6,0,17,0,0,47,0,47,0,11,53,0,64,120,0,120,184
12/27/2020,BDR,CT,ANE,EN,Federal Contract Tower,0,1,17,0,18,0,1,134,0,135,0,2,151,0,153,168,0,168,321
12/28/2020,BDR,CT,ANE,EN,Federal Contract Tower,0,3,2,0,5,0,1,52,0,53,0,4,54,0,58,84,0,84,142
12/29/2020,BDR,CT,ANE,EN,Federal Contract Tower,0,3,12,0,15,0,0,46,0,46,0,3,58,0,61,68,0,68,129
12/30/2020,BDR,CT,ANE,EN,Federal Contract Tower,0,4,4,0,8,0,0,94,0,94,0,4,98,0,102,112,0,112,214
12/31/2020,BDR,CT,ANE,EN,Federal Contract Tower,0,4,8,0,12,0,0,13,0,13,0,4,21,0,25,50,0,50,75
01/01/2021,BDR,CT,ANE,EN,Federal Contract Tower,0,5,4,0,9,0,0,53,0,53,0,5,57,0,62,65,0,65,127
01/02/2021,BDR,CT,ANE,EN,Federal Contract Tower,0,10,6,0,16,0,0,23,0,23,0,10,29,0,39,22,0,22,61
01/03/2021,BDR,CT,ANE,EN,Federal Contract Tower,0,8,7,0,15,0,0,3,0,3,0,8,10,0,18,8,0,8,26
01/04/2021,BDR,CT,ANE,EN,Federal Contract Tower,0,7,12,0,19,0,1,44,0,45,0,8,56,0,64,50,0,50,114
01/05/2021,BDR,CT,ANE,EN,Federal Contract Tower,0,5,4,0,9,0,0,55,2,57,0,5,59,2,66,90,6,96,162
01/06/2021,BDR,CT,ANE,EN,Federal Contract Tower,0,6,6,0,12,0,0,38,0,38,0,6,44,0,50,26,0,26,76
01/07/2021,BDR,CT,ANE,EN,Federal Contract Tower,0,3,3,0,6,0,2,50,0,52,0,5,53,0,58,34,0,34,92
01/08/2021,BDR,CT,ANE,EN,Federal Contract Tower,0,10,9,0,19,0,0,57,0,57,0,10,66,0,76,96,0,96,172
01/09/2021,BDR,CT,ANE,EN,Federal Contract Tower,0,4,4,0,8,0,0,60,0,60,0,4,64,0,68,124,0,124,192
01/10/2021,BDR,CT,ANE,EN,Federal Contract Tower,0,1,5,0,6,0,0,93,0,93,0,1,98,0,99,238,0,238,337
01/11/2021,BDR,CT,ANE,EN,Federal Contract Tower,0,2,2,0,4,0,0,51,0,51,0,2,53,0,55,175,0,175,230
01/12/2021,BDR,CT,ANE,EN,Federal Contract Tower,0,6,5,0,11,0,1,56,0,57,0,7,61,0,68,116,0,116,184
01/14/2021,BDR,CT,ANE,EN,Federal Contract Tower,0,3,11,0,14,0,0,35,2,37,0,3,46,2,51,24,0,24,75
01/15/2021,BDR,CT,ANE,EN,Federal Contract Tower,0,8,7,0,15,0,0,9,0,9,0,8,16,0,24,46,0,46,70
01/16/2021,BDR,CT,ANE,EN,Federal Contract Tower,0,1,8,0,9,0,0,7,0,7,0,1,15,0,16,22,0,22,38
01/17/2021,BDR,CT,ANE,EN,Federal Contract Tower,0,1,5,0,6,0,0,23,0,23,0,1,28,0,29,18,0,18,47
01/18/2021,BDR,CT,ANE,EN,Federal Contract Tower,0,5,11,0,16,0,1,88,0,89,0,6,99,0,105,84,0,84,189
01/19/2021,BDR,CT,ANE,EN,Federal Contract Tower,0,3,5,0,8,0,0,52,0,52,0,3,57,0,60,50,0,50,110
01/20/2021,BDR,CT,ANE,EN,Federal Contract Tower,0,10,5,0,15,0,0,12,0,12,0,10,17,0,27,6,0,6,33
01/21/2021,BDR,CT,ANE,EN,Federal Contract Tower,0,11,7,0,18,0,0,55,0,55,0,11,62,0,73,94,0,94,167
01/22/2021,BDR,CT,ANE,EN,Federal Contract Tower,0,2,8,0,10,0,0,53,0,53,0,2,61,0,63,58,0,58,121
01/23/2021,BDR,CT,ANE,EN,Federal Contract Tower,0,2,4,0,6,0,2,14,0,16,0,4,18,0,22,17,0,17,39
01/24/2021,BDR,CT,ANE,EN,Federal Contract Tower,0,4,6,0,10,0,0,58,0,58,0,4,64,0,68,92,0,92,160
01/25/2021,BDR,CT,ANE,EN,Federal Contract Tower,0,5,8,0,13,0,2,58,0,60,0,7,66,0,73,162,0,162,235
01/26/2021,BDR,CT,ANE,EN,Federal Contract Tower,0,4,2,0,6,0,1,9,0,10,0,5,11,0,16,20,0,20,36
01/27/2021,BDR,CT,ANE,EN,Federal Contract Tower,0,0,7,0,7,0,0,15,0,15,0,0,22,0,22,12,0,12,34
01/28/2021,BDR,CT,ANE,EN,Federal Contract Tower,0,6,3,0,9,0,0,17,3,20,0,6,20,3,29,6,0,6,35
01/29/2021,BDR,CT,ANE,EN,Federal Contract Tower,0,4,4,0,8,0,0,7,0,7,0,4,11,0,15,0,0,0,15
01/30/2021,BDR,CT,ANE,EN,Federal Contract Tower,0,5,13,0,18,0,0,77,0,77,0,5,90,0,95,128,0,128,223
01/31/2021,BDR,CT,ANE,EN,Federal Contract Tower,0,6,6,0,12,0,0,70,0,70,0,6,76,0,82,200,0,200,282
02/01/2021,BDR,CT,ANE,EN,Federal Contract Tower,0,0,0,0,0,0,0,0,0,0,0,0,0,0,0,0,0,0,0
02/02/2021,BDR,CT,ANE,EN,Federal Contract Tower,0,0,3,0,3,0,0,0,0,0,0,0,3,0,3,0,0,0,3
02/03/2021,BDR,CT,ANE,EN,Federal Contract Tower,0,2,2,0,4,0,0,23,0,23,0,2,25,0,27,20,2,22,49
02/04/2021,BDR,CT,ANE,EN,Federal Contract Tower,0,8,4,0,12,0,0,53,0,53,0,8,57,0,65,86,0,86,151
02/05/2021,BDR,CT,ANE,EN,Federal Contract Tower,0,3,6,0,9,0,0,7,0,7,0,3,13,0,16,18,0,18,34
02/06/2021,BDR,CT,ANE,EN,Federal Contract Tower,0,1,5,0,6,0,2,105,0,107,0,3,110,0,113,154,0,154,267
02/07/2021,BDR,CT,ANE,EN,Federal Contract Tower,0,0,2,0,2,0,0,1,0,1,0,0,3,0,3,12,0,12,15
02/08/2021,BDR,CT,ANE,EN,Federal Contract Tower,0,0,7,0,7,0,0,27,0,27,0,0,34,0,34,70,0,70,104
02/09/2021,BDR,CT,ANE,EN,Federal Contract Tower,0,1,1,0,2,0,0,4,0,4,0,1,5,0,6,40,0,40,46
02/10/2021,BDR,CT,ANE,EN,Federal Contract Tower,0,6,6,0,12,0,0,87,0,87,0,6,93,0,99,122,0,122,221
02/11/2021,BDR,CT,ANE,EN,Federal Contract Tower,0,4,1,0,5,0,0,45,0,45,0,4,46,0,50,48,0,48,98
02/12/2021,BDR,CT,ANE,EN,Federal Contract Tower,0,8,2,0,10,0,0,54,0,54,0,8,56,0,64,88,0,88,152
02/13/2021,BDR,CT,ANE,EN,Federal Contract Tower,0,4,4,0,8,0,0,60,0,60,0,4,64,0,68,150,0,150,218
02/14/2021,BDR,CT,ANE,EN,Federal Contract Tower,0,1,6,0,7,0,0,15,0,15,0,1,21,0,22,36,0,36,58
02/15/2021,BDR,CT,ANE,EN,Federal Contract Tower,0,6,5,0,11,0,0,13,0,13,0,6,18,0,24,12,0,12,36
02/16/2021,BDR,CT,ANE,EN,Federal Contract Tower,0,1,9,0,10,0,0,3,0,3,0,1,12,0,13,6,0,6,19
02/17/2021,BDR,CT,ANE,EN,Federal Contract Tower,0,1,3,1,5,0,0,56,0,56,0,1,59,1,61,86,0,86,147
02/18/2021,BDR,CT,ANE,EN,Federal Contract Tower,0,0,1,0,1,0,0,2,0,2,0,0,3,0,3,0,0,0,3
02/19/2021,BDR,CT,ANE,EN,Federal Contract Tower,0,1,1,0,2,0,0,0,0,0,0,1,1,0,2,0,0,0,2
02/20/2021,BDR,CT,ANE,EN,Federal Contract Tower,0,3,10,0,13,0,1,47,0,48,0,4,57,0,61,38,0,38,99
02/21/2021,BDR,CT,ANE,EN,Federal Contract Tower,0,5,3,0,8,0,0,110,0,110,0,5,113,0,118,100,0,100,218
02/22/2021,BDR,CT,ANE,EN,Federal Contract Tower,0,7,3,0,10,0,0,19,0,19,0,7,22,0,29,10,0,10,39
02/23/2021,BDR,CT,ANE,EN,Federal Contract Tower,0,2,7,0,9,0,0,22,0,22,0,2,29,0,31,50,0,50,81
02/24/2021,BDR,CT,ANE,EN,Federal Contract Tower,0,4,10,0,14,0,0,73,0,73,0,4,83,0,87,154,0,154,241
02/25/2021,BDR,CT,ANE,EN,Federal Contract Tower,0,1,12,0,13,0,0,37,0,37,0,1,49,0,50,6,0,6,56
02/26/2021,BDR,CT,ANE,EN,Federal Contract Tower,0,6,6,0,12,0,0,149,3,152,0,6,155,3,164,194,0,194,358
02/27/2021,BDR,CT,ANE,EN,Federal Contract Tower,0,0,6,0,6,0,0,1,0,1,0,0,7,0,7,0,0,0,7
02/28/2021,BDR,CT,ANE,EN,Federal Contract Tower,0,4,12,0,16,0,0,53,0,53,0,4,65,0,69,84,0,84,153
03/01/2021,BDR,CT,ANE,EN,Federal Contract Tower,0,6,0,0,6,0,0,4,2,6,0,6,4,2,12,0,2,2,14
03/02/2021,BDR,CT,ANE,EN,Federal Contract Tower,0,1,4,0,5,0,0,2,0,2,0,1,6,0,7,0,0,0,7
03/03/2021,BDR,CT,ANE,EN,Federal Contract Tower,0,8,3,2,13,0,5,86,0,91,0,13,89,2,104,142,0,142,246
03/04/2021,BDR,CT,ANE,EN,Federal Contract Tower,0,6,8,0,14,0,0,41,2,43,0,6,49,2,57,48,0,48,105
03/05/2021,BDR,CT,ANE,EN,Federal Contract Tower,0,7,5,0,12,0,2,17,0,19,0,9,22,0,31,24,0,24,55
03/06/2021,BDR,CT,ANE,EN,Federal Contract Tower,0,6,3,0,9,0,0,50,0,50,0,6,53,0,59,122,0,122,181
03/07/2021,BDR,CT,ANE,EN,Federal Contract Tower,0,4,7,0,11,0,0,91,0,91,0,4,98,0,102,220,0,220,322
03/08/2021,BDR,CT,ANE,EN,Federal Contract Tower,0,2,4,0,6,0,1,54,0,55,0,3,58,0,61,98,0,98,159
03/09/2021,BDR,CT,ANE,EN,Federal Contract Tower,0,7,5,0,12,0,0,107,0,107,0,7,112,0,119,222,0,222,341
03/10/2021,BDR,CT,ANE,EN,Federal Contract Tower,0,5,5,0,10,0,0,117,2,119,0,5,122,2,129,188,0,188,317
03/11/2021,BDR,CT,ANE,EN,Federal Contract Tower,0,9,8,0,17,0,0,73,0,73,0,9,81,0,90,188,0,188,278
03/12/2021,BDR,CT,ANE,EN,Federal Contract Tower,0,11,3,0,14,0,1,90,2,93,0,12,93,2,107,128,0,128,235
03/13/2021,BDR,CT,ANE,EN,Federal Contract Tower,0,4,1,0,5,0,0,69,0,69,0,4,70,0,74,66,0,66,140
03/14/2021,BDR,CT,ANE,EN,Federal Contract Tower,0,12,4,0,16,0,0,40,0,40,0,12,44,0,56,82,0,82,138
03/15/2021,BDR,CT,ANE,EN,Federal Contract Tower,0,8,6,0,14,0,0,18,0,18,0,8,24,0,32,4,0,4,36
03/16/2021,BDR,CT,ANE,EN,Federal Contract Tower,0,2,11,0,13,0,0,78,2,80,0,2,89,2,93,170,6,176,269
03/17/2021,BDR,CT,ANE,EN,Federal Contract Tower,0,8,11,0,19,0,0,35,0,35,0,8,46,0,54,86,0,86,140
03/18/2021,BDR,CT,ANE,EN,Federal Contract Tower,0,6,9,0,15,0,0,0,0,0,0,6,9,0,15,0,0,0,15
03/19/2021,BDR,CT,ANE,EN,Federal Contract Tower,0,9,12,2,23,0,0,18,0,18,0,9,30,2,41,30,0,30,71
03/20/2021,BDR,CT,ANE,EN,Federal Contract Tower,0,2,7,0,9,0,0,100,0,100,0,2,107,0,109,296,0,296,405
03/21/2021,BDR,CT,ANE,EN,Federal Contract Tower,0,5,10,0,15,0,1,129,0,130,0,6,139,0,145,292,0,292,437
03/22/2021,BDR,CT,ANE,EN,Federal Contract Tower,0,6,6,0,12,0,1,103,0,104,0,7,109,0,116,238,0,238,354
03/23/2021,BDR,CT,ANE,EN,Federal Contract Tower,0,6,10,0,16,0,8,65,0,73,0,14,75,0,89,180,0,180,269
03/24/2021,BDR,CT,ANE,EN,Federal Contract Tower,0,5,2,0,7,0,2,13,0,15,0,7,15,0,22,0,0,0,22
03/27/2021,BDR,CT,ANE,EN,Federal Contract Tower,0,8,8,0,16,0,0,154,0,154,0,8,162,0,170,264,0,264,434
03/28/2021,BDR,CT,ANE,EN,Federal Contract Tower,0,1,4,0,5,0,0,1,0,1,0,1,5,0,6,0,0,0,6
03/29/2021,BDR,CT,ANE,EN,Federal Contract Tower,0,8,7,0,15,0,0,6,0,6,0,8,13,0,21,0,0,0,21
03/30/2021,BDR,CT,ANE,EN,Federal Contract Tower,0,4,6,0,10,0,1,119,0,120,0,5,125,0,130,168,0,168,298
03/31/2021,BDR,CT,ANE,EN,Federal Contract Tower,0,3,8,0,11,0,2,29,0,31,0,5,37,0,42,86,0,86,128
04/01/2021,BDR,CT,ANE,EN,Federal Contract Tower,0,8,5,0,13,0,0,7,0,7,0,8,12,0,20,10,0,10,30
04/02/2021,BDR,CT,ANE,EN,Federal Contract Tower,0,5,11,0,16,0,2,73,0,75,0,7,84,0,91,194,0,194,285
04/03/2021,BDR,CT,ANE,EN,Federal Contract Tower,0,5,10,0,15,0,0,115,0,115,0,5,125,0,130,204,0,204,334
04/04/2021,BDR,CT,ANE,EN,Federal Contract Tower,0,9,4,0,13,0,0,69,0,69,0,9,73,0,82,136,0,136,218
04/05/2021,BDR,CT,ANE,EN,Federal Contract Tower,0,4,9,0,13,0,0,29,0,29,0,4,38,0,42,20,0,20,62
04/06/2021,BDR,CT,ANE,EN,Federal Contract Tower,0,6,9,0,15,0,0,60,0,60,0,6,69,0,75,100,0,100,175
04/07/2021,BDR,CT,ANE,EN,Federal Contract Tower,0,9,7,0,16,0,0,78,0,78,0,9,85,0,94,220,0,220,314
04/08/2021,BDR,CT,ANE,EN,Federal Contract Tower,0,10,10,0,20,0,2,93,0,95,0,12,103,0,115,178,0,178,293
04/09/2021,BDR,CT,ANE,EN,Federal Contract Tower,0,11,21,0,32,0,0,38,0,38,0,11,59,0,70,42,0,42,112
04/10/2021,BDR,CT,ANE,EN,Federal Contract Tower,0,2,19,0,21,0,0,48,0,48,0,2,67,0,69,172,0,172,241
04/11/2021,BDR,CT,ANE,EN,Federal Contract Tower,0,10,2,0,12,0,0,0,0,0,0,10,2,0,12,0,0,0,12
04/12/2021,BDR,CT,ANE,EN,Federal Contract Tower,0,15,14,0,29,0,0,6,0,6,0,15,20,0,35,10,0,10,45
04/13/2021,BDR,CT,ANE,EN,Federal Contract Tower,0,8,8,1,17,0,0,77,0,77,0,8,85,1,94,172,0,172,266
04/14/2021,BDR,CT,ANE,EN,Federal Contract Tower,0,5,7,0,12,0,1,91,0,92,0,6,98,0,104,168,0,168,272
04/15/2021,BDR,CT,ANE,EN,Federal Contract Tower,0,0,7,0,7,0,0,0,0,0,0,0,7,0,7,0,0,0,7
04/16/2021,BDR,CT,ANE,EN,Federal Contract Tower,0,14,7,0,21,0,0,11,2,13,0,14,18,2,34,40,0,40,74
04/17/2021,BDR,CT,ANE,EN,Federal Contract Tower,0,6,8,0,14,0,3,91,0,94,0,9,99,0,108,138,0,138,246
04/18/2021,BDR,CT,ANE,EN,Federal Contract Tower,0,6,7,0,13,0,5,107,0,112,0,11,114,0,125,204,0,204,329
04/19/2021,BDR,CT,ANE,EN,Federal Contract Tower,0,5,10,0,15,0,2,54,0,56,0,7,64,0,71,118,0,118,189
04/20/2021,BDR,CT,ANE,EN,Federal Contract Tower,0,3,10,0,13,0,0,72,0,72,0,3,82,0,85,124,0,124,209
04/21/2021,BDR,CT,ANE,EN,Federal Contract Tower,0,4,9,0,13,0,0,37,0,37,0,4,46,0,50,18,0,18,68
04/22/2021,BDR,CT,ANE,EN,Federal Contract Tower,0,5,4,0,9,0,3,15,0,18,0,8,19,0,27,0,0,0,27
04/23/2021,BDR,CT,ANE,EN,Federal Contract Tower,0,6,12,0,18,0,5,47,4,56,0,11,59,4,74,46,0,46,120
04/24/2021,BDR,CT,ANE,EN,Federal Contract Tower,0,5,7,0,12,0,0,105,4,109,0,5,112,4,121,166,0,166,287
04/25/2021,BDR,CT,ANE,EN,Federal Contract Tower,0,6,15,0,21,0,0,9,0,9,0,6,24,0,30,18,0,18,48
04/26/2021,BDR,CT,ANE,EN,Federal Contract Tower,0,4,6,0,10,0,1,41,0,42,0,5,47,0,52,58,0,58,110
04/27/2021,BDR,CT,ANE,EN,Federal Contract Tower,0,5,6,0,11,0,5,114,0,119,0,10,120,0,130,194,0,194,324
04/28/2021,BDR,CT,ANE,EN,Federal Contract Tower,0,7,5,0,12,0,1,96,0,97,0,8,101,0,109,136,0,136,245
04/29/2021,BDR,CT,ANE,EN,Federal Contract Tower,0,11,19,0,30,0,2,20,0,22,0,13,39,0,52,0,0,0,52
04/30/2021,BDR,CT,ANE,EN,Federal Contract Tower,0,11,5,0,16,0,0,9,0,9,0,11,14,0,25,0,0,0,25
05/01/2021,BDR,CT,ANE,EN,Federal Contract Tower,0,2,14,0,16,0,8,91,0,99,0,10,105,0,115,58,0,58,173
05/02/2021,BDR,CT,ANE,EN,Federal Contract Tower,0,3,6,0,9,0,1,116,0,117,0,4,122,0,126,128,0,128,254
05/03/2021,BDR,CT,ANE,EN,Federal Contract Tower,0,8,3,0,11,0,2,24,0,26,0,10,27,0,37,122,0,122,159
05/04/2021,BDR,CT,ANE,EN,Federal Contract Tower,0,5,19,0,24,0,0,11,0,11,0,5,30,0,35,36,0,36,71
05/05/2021,BDR,CT,ANE,EN,Federal Contract Tower,0,0,8,0,8,0,0,0,0,0,0,0,8,0,8,0,0,0,8
05/06/2021,BDR,CT,ANE,EN,Federal Contract Tower,0,8,11,0,19,0,4,78,4,86,0,12,89,4,105,168,0,168,273
05/07/2021,BDR,CT,ANE,EN,Federal Contract Tower,0,12,1,0,13,0,3,84,0,87,0,15,85,0,100,194,0,194,294
05/08/2021,BDR,CT,ANE,EN,Federal Contract Tower,0,4,5,0,9,0,2,48,0,50,0,6,53,0,59,124,0,124,183
05/09/2021,BDR,CT,ANE,EN,Federal Contract Tower,0,9,4,0,13,0,2,67,0,69,0,11,71,0,82,84,0,84,166
05/10/2021,BDR,CT,ANE,EN,Federal Contract Tower,0,1,9,0,10,0,0,32,0,32,0,1,41,0,42,68,0,68,110
05/11/2021,BDR,CT,ANE,EN,Federal Contract Tower,0,6,9,0,15,0,0,91,0,91,0,6,100,0,106,116,0,116,222
05/12/2021,BDR,CT,ANE,EN,Federal Contract Tower,0,3,8,0,11,0,1,74,2,77,0,4,82,2,88,72,6,78,166
05/13/2021,BDR,CT,ANE,EN,Federal Contract Tower,0,3,8,0,11,0,0,79,0,79,0,3,87,0,90,164,0,164,254
05/14/2021,BDR,CT,ANE,EN,Federal Contract Tower,0,8,19,0,27,0,6,113,2,121,0,14,132,2,148,256,0,256,404
05/15/2021,BDR,CT,ANE,EN,Federal Contract Tower,0,2,4,0,6,0,2,128,0,130,0,4,132,0,136,112,0,112,248
05/16/2021,BDR,CT,ANE,EN,Federal Contract Tower,0,10,12,0,22,0,3,92,0,95,0,13,104,0,117,148,0,148,265
05/17/2021,BDR,CT,ANE,EN,Federal Contract Tower,0,6,9,0,15,0,0,68,0,68,0,6,77,0,83,160,0,160,243
05/18/2021,BDR,CT,ANE,EN,Federal Contract Tower,0,4,11,0,15,0,0,79,0,79,0,4,90,0,94,210,0,210,304
05/19/2021,BDR,CT,ANE,EN,Federal Contract Tower,0,11,9,0,20,1,83,0,0,84,1,94,9,0,104,174,0,174,278
05/20/2021,BDR,CT,ANE,EN,Federal Contract Tower,0,5,7,0,12,0,2,84,0,86,0,7,91,0,98,159,0,159,257
05/21/2021,BDR,CT,ANE,EN,Federal Contract Tower,0,13,3,0,16,0,2,88,0,90,0,15,91,0,106,188,0,188,294
05/22/2021,BDR,CT,ANE,EN,Federal Contract Tower,0,0,10,0,10,0,0,119,0,119,0,0,129,0,129,166,0,166,295
05/23/2021,BDR,CT,ANE,EN,Federal Contract Tower,0,11,9,0,20,0,6,82,0,88,0,17,91,0,108,108,0,108,216
05/24/2021,BDR,CT,ANE,EN,Federal Contract Tower,0,19,4,0,23,0,0,59,0,59,0,19,63,0,82,200,0,200,282
05/25/2021,BDR,CT,ANE,EN,Federal Contract Tower,0,4,15,0,19,0,5,103,0,108,0,9,118,0,127,144,0,144,271
05/26/2021,BDR,CT,ANE,EN,Federal Contract Tower,0,5,11,0,16,0,1,63,0,64,0,6,74,0,80,106,0,106,186
05/27/2021,BDR,CT,ANE,EN,Federal Contract Tower,0,7,14,0,21,0,5,85,0,90,0,12,99,0,111,200,0,200,311
05/28/2021,BDR,CT,ANE,EN,Federal Contract Tower,0,6,8,0,14,0,6,50,0,56,0,12,58,0,70,22,0,22,92
05/29/2021,BDR,CT,ANE,EN,Federal Contract Tower,0,2,13,0,15,0,0,1,0,1,0,2,14,0,16,0,0,0,16
05/30/2021,BDR,CT,ANE,EN,Federal Contract Tower,0,5,2,0,7,0,0,0,0,0,0,5,2,0,7,0,0,0,7
05/31/2021,BDR,CT,ANE,EN,Federal Contract Tower,0,17,14,0,31,0,2,55,0,57,0,19,69,0,88,96,0,96,184
06/01/2021,BDR,CT,ANE,EN,Federal Contract Tower,0,11,10,0,21,0,5,88,0,93,0,16,98,0,114,94,0,94,208
06/02/2021,BDR,CT,ANE,EN,Federal Contract Tower,0,11,9,0,20,0,0,103,0,103,0,11,112,0,123,146,4,150,273
06/03/2021,BDR,CT,ANE,EN,Federal Contract Tower,0,7,7,0,14,0,0,0,0,0,0,7,7,0,14,0,0,0,14
06/04/2021,BDR,CT,ANE,EN,Federal Contract Tower,0,9,11,0,20,0,2,34,2,38,0,11,45,2,58,12,2,14,72
06/05/2021,BDR,CT,ANE,EN,Federal Contract Tower,0,4,6,0,10,0,2,115,0,117,0,6,121,0,127,170,0,170,297
06/06/2021,BDR,CT,ANE,EN,Federal Contract Tower,0,16,8,0,24,0,5,116,0,121,0,21,124,0,145,98,0,98,243
06/07/2021,BDR,CT,ANE,EN,Federal Contract Tower,0,3,18,0,21,0,1,81,0,82,0,4,99,0,103,148,0,148,251
06/08/2021,BDR,CT,ANE,EN,Federal Contract Tower,0,6,14,0,20,0,2,36,0,38,0,8,50,0,58,124,0,124,182
06/09/2021,BDR,CT,ANE,EN,Federal Contract Tower,0,8,25,0,33,0,0,60,0,60,0,8,85,0,93,120,0,120,213
06/10/2021,BDR,CT,ANE,EN,Federal Contract Tower,0,13,9,2,24,0,11,98,2,111,0,24,107,4,135,154,0,154,289
06/11/2021,BDR,CT,ANE,EN,Federal Contract Tower,0,8,11,2,21,0,8,123,1,132,0,16,134,3,153,244,0,244,397
06/12/2021,BDR,CT,ANE,EN,Federal Contract Tower,0,1,15,0,16,0,1,80,0,81,0,2,95,0,97,182,0,182,279
06/13/2021,BDR,CT,ANE,EN,Federal Contract Tower,0,3,3,0,6,0,3,137,0,140,0,6,140,0,146,198,0,198,344
06/14/2021,BDR,CT,ANE,EN,Federal Contract Tower,0,7,22,0,29,0,4,13,0,17,0,11,35,0,46,26,0,26,72
06/15/2021,BDR,CT,ANE,EN,Federal Contract Tower,0,13,23,0,36,0,8,53,6,67,0,21,76,6,103,96,12,108,211
06/16/2021,BDR,CT,ANE,EN,Federal Contract Tower,0,8,16,0,24,0,4,96,0,100,0,12,112,0,124,128,0,128,252
06/17/2021,BDR,CT,ANE,EN,Federal Contract Tower,0,10,5,0,15,0,3,113,0,116,0,13,118,0,131,158,0,158,289
06/18/2021,BDR,CT,ANE,EN,Federal Contract Tower,0,18,10,0,28,0,10,113,0,123,0,28,123,0,151,224,0,224,375
06/19/2021,BDR,CT,ANE,EN,Federal Contract Tower,0,6,5,0,11,0,5,114,0,119,0,11,119,0,130,110,0,110,240
06/20/2021,BDR,CT,ANE,EN,Federal Contract Tower,0,2,10,0,12,0,7,148,0,155,0,9,158,0,167,54,0,54,221
06/21/2021,BDR,CT,ANE,EN,Federal Contract Tower,0,8,19,0,27,0,2,13,0,15,0,10,32,0,42,34,0,34,76
06/22/2021,BDR,CT,ANE,EN,Federal Contract Tower,0,16,8,0,24,0,0,18,0,18,0,16,26,0,42,20,0,20,62
06/23/2021,BDR,CT,ANE,EN,Federal Contract Tower,0,13,8,0,21,0,6,91,4,101,0,19,99,4,122,216,0,216,338
06/24/2021,BDR,CT,ANE,EN,Federal Contract Tower,0,6,12,0,18,0,4,118,0,122,0,10,130,0,140,250,0,250,390
06/25/2021,BDR,CT,ANE,EN,Federal Contract Tower,0,15,15,0,30,0,6,48,0,54,0,21,63,0,84,82,0,82,166
06/26/2021,BDR,CT,ANE,EN,Federal Contract Tower,0,8,23,0,31,0,1,54,0,55,0,9,77,0,86,56,0,56,142
06/27/2021,BDR,CT,ANE,EN,Federal Contract Tower,0,10,14,0,24,0,4,59,0,63,0,14,73,0,87,108,0,108,195
06/28/2021,BDR,CT,ANE,EN,Federal Contract Tower,0,19,13,0,32,0,3,102,0,105,0,22,115,0,137,161,0,161,298
06/29/2021,BDR,CT,ANE,EN,Federal Contract Tower,0,9,9,0,18,0,0,75,6,81,0,9,84,6,99,142,8,150,249
06/30/2021,BDR,CT,ANE,EN,Federal Contract Tower,0,13,7,0,20,0,2,72,10,84,0,15,79,10,104,152,40,192,296
07/01/2021,BDR,CT,ANE,EN,Federal Contract Tower,0,16,8,0,24,0,4,57,0,61,0,20,65,0,85,76,0,76,161
07/02/2021,BDR,CT,ANE,EN,Federal Contract Tower,0,14,27,0,41,0,4,14,0,18,0,18,41,0,59,12,0,12,71
07/03/2021,BDR,CT,ANE,EN,Federal Contract Tower,0,9,10,0,19,0,0,4,0,4,0,9,14,0,23,4,0,4,27
07/04/2021,BDR,CT,ANE,EN,Federal Contract Tower,0,1,15,0,16,0,0,22,0,22,0,1,37,0,38,12,0,12,50
07/05/2021,BDR,CT,ANE,EN,Federal Contract Tower,0,10,24,0,34,0,6,34,0,40,0,16,58,0,74,70,0,70,144
07/06/2021,BDR,CT,ANE,EN,Federal Contract Tower,0,17,5,0,22,0,5,62,0,67,0,22,67,0,89,84,0,84,173
07/07/2021,BDR,CT,ANE,EN,Federal Contract Tower,0,2,16,0,18,0,7,125,0,132,0,9,141,0,150,116,0,116,266
07/08/2021,BDR,CT,ANE,EN,Federal Contract Tower,0,21,16,0,37,0,2,14,0,16,0,23,30,0,53,14,0,14,67
07/09/2021,BDR,CT,ANE,EN,Federal Contract Tower,0,11,9,0,20,0,0,25,0,25,0,11,34,0,45,6,0,6,51
07/10/2021,BDR,CT,ANE,EN,Federal Contract Tower,0,6,21,0,27,0,3,50,0,53,0,9,71,0,80,82,0,82,162
07/11/2021,BDR,CT,ANE,EN,Federal Contract Tower,0,9,19,0,28,0,6,46,0,52,0,15,65,0,80,98,0,98,178
07/12/2021,BDR,CT,ANE,EN,Federal Contract Tower,0,9,15,0,24,0,7,2,0,9,0,16,17,0,33,0,0,0,33
07/13/2021,BDR,CT,ANE,EN,Federal Contract Tower,0,20,15,0,35,0,1,0,4,5,0,21,15,4,40,0,6,6,46
07/14/2021,BDR,CT,ANE,EN,Federal Contract Tower,0,13,11,0,24,0,0,40,2,42,0,13,51,2,66,92,0,92,158
07/15/2021,BDR,CT,ANE,EN,Federal Contract Tower,0,13,16,0,29,0,8,118,0,126,0,21,134,0,155,240,0,240,395
07/16/2021,BDR,CT,ANE,EN,Federal Contract Tower,0,11,9,0,20,0,3,70,0,73,0,14,79,0,93,220,0,220,313
07/17/2021,BDR,CT,ANE,EN,Federal Contract Tower,0,6,6,0,12,0,1,62,0,63,0,7,68,0,75,111,0,111,186
07/18/2021,BDR,CT,ANE,EN,Federal Contract Tower,0,12,24,0,36,0,3,49,0,52,0,15,73,0,88,41,0,41,129
07/19/2021,BDR,CT,ANE,EN,Federal Contract Tower,0,10,11,0,21,0,6,50,0,56,0,16,61,0,77,154,0,154,231
07/20/2021,BDR,CT,ANE,EN,Federal Contract Tower,0,7,23,0,30,0,1,70,0,71,0,8,93,0,101,196,0,196,297
07/21/2021,BDR,CT,ANE,EN,Federal Contract Tower,0,14,6,0,20,0,4,72,0,76,0,18,78,0,96,56,0,56,152
07/22/2021,BDR,CT,ANE,EN,Federal Contract Tower,0,7,16,0,23,0,4,133,0,137,0,11,149,0,160,218,0,218,378
07/23/2021,BDR,CT,ANE,EN,Federal Contract Tower,0,10,6,0,16,0,3,115,0,118,0,13,121,0,134,182,0,182,316
07/24/2021,BDR,CT,ANE,EN,Federal Contract Tower,0,5,13,0,18,0,4,110,0,114,0,9,123,0,132,242,0,242,374
07/25/2021,BDR,CT,ANE,EN,Federal Contract Tower,0,16,14,0,30,0,3,8,0,11,0,19,22,0,41,8,0,8,49
07/26/2021,BDR,CT,ANE,EN,Federal Contract Tower,0,6,2,0,8,0,8,57,0,65,0,14,59,0,73,242,0,242,315
07/27/2021,BDR,CT,ANE,EN,Federal Contract Tower,0,7,2,0,9,0,2,59,2,63,0,9,61,2,72,194,2,196,268
07/28/2021,BDR,CT,ANE,EN,Federal Contract Tower,0,9,5,0,14,0,3,65,4,72,0,12,70,4,86,196,0,196,282
07/29/2021,BDR,CT,ANE,EN,Federal Contract Tower,0,10,16,0,26,0,2,24,0,26,0,12,40,0,52,10,0,10,62
07/30/2021,BDR,CT,ANE,EN,Federal Contract Tower,0,21,5,0,26,0,7,89,0,96,0,28,94,0,122,74,0,74,196
07/31/2021,BDR,CT,ANE,EN,Federal Contract Tower,0,13,5,0,18,0,5,114,0,119,0,18,119,0,137,199,0,199,336
08/01/2021,BDR,CT,ANE,EN,Federal Contract Tower,0,16,6,0,22,0,5,58,0,63,0,21,64,0,85,100,0,100,185
08/02/2021,BDR,CT,ANE,EN,Federal Contract Tower,0,15,7,0,22,0,3,95,0,98,0,18,102,0,120,168,0,168,288
08/03/2021,BDR,CT,ANE,EN,Federal Contract Tower,0,8,8,0,16,0,4,66,0,70,0,12,74,0,86,208,0,208,294
08/04/2021,BDR,CT,ANE,EN,Federal Contract Tower,0,13,6,0,19,0,4,68,0,72,0,17,74,0,91,188,0,188,279
08/05/2021,BDR,CT,ANE,EN,Federal Contract Tower,0,24,14,0,38,0,4,16,0,20,0,28,30,0,58,38,4,42,100
08/06/2021,BDR,CT,ANE,EN,Federal Contract Tower,0,5,12,0,17,0,5,97,0,102,0,10,109,0,119,202,0,202,321
08/07/2021,BDR,CT,ANE,EN,Federal Contract Tower,0,10,2,0,12,0,6,61,1,68,0,16,63,1,80,122,16,138,218
08/08/2021,BDR,CT,ANE,EN,Federal Contract Tower,0,10,7,0,17,0,6,61,1,68,0,16,68,1,85,106,0,106,191
08/09/2021,BDR,CT,ANE,EN,Federal Contract Tower,0,10,17,0,27,0,1,24,0,25,0,11,41,0,52,26,0,26,78
08/10/2021,BDR,CT,ANE,EN,Federal Contract Tower,0,15,13,0,28,0,1,24,0,25,0,16,37,0,53,76,0,76,129
08/11/2021,BDR,CT,ANE,EN,Federal Contract Tower,0,5,11,0,16,0,3,84,0,87,0,8,95,0,103,124,0,124,227
08/12/2021,BDR,CT,ANE,EN,Federal Contract Tower,0,14,3,0,17,0,7,87,0,94,0,21,90,0,111,80,0,80,191
08/13/2021,BDR,CT,ANE,EN,Federal Contract Tower,0,12,2,1,15,0,5,75,0,80,0,17,77,1,95,136,0,136,231
08/14/2021,BDR,CT,ANE,EN,Federal Contract Tower,0,3,3,1,7,0,10,46,0,56,0,13,49,1,63,90,0,90,153
08/15/2021,BDR,CT,ANE,EN,Federal Contract Tower,0,4,4,0,8,0,3,111,0,114,0,7,115,0,122,182,0,182,304
08/16/2021,BDR,CT,ANE,EN,Federal Contract Tower,0,7,5,0,12,0,6,106,0,112,0,13,111,0,124,182,0,182,306
08/17/2021,BDR,CT,ANE,EN,Federal Contract Tower,0,9,12,0,21,0,3,70,0,73,0,12,82,0,94,184,0,184,278
08/18/2021,BDR,CT,ANE,EN,Federal Contract Tower,0,14,12,0,26,0,3,52,2,57,0,17,64,2,83,150,0,150,233
08/19/2021,BDR,CT,ANE,EN,Federal Contract Tower,0,7,9,0,16,0,6,8,0,14,0,13,17,0,30,44,0,44,74
08/20/2021,BDR,CT,ANE,EN,Federal Contract Tower,0,18,22,0,40,0,8,43,0,51,0,26,65,0,91,144,14,158,249
08/21/2021,BDR,CT,ANE,EN,Federal Contract Tower,0,6,17,0,23,0,2,48,0,50,0,8,65,0,73,32,0,32,105
08/22/2021,BDR,CT,ANE,EN,Federal Contract Tower,0,0,0,0,0,0,0,0,0,0,0,0,0,0,0,0,0,0,0
08/23/2021,BDR,CT,ANE,EN,Federal Contract Tower,0,8,18,0,26,0,0,1,0,1,0,8,19,0,27,0,0,0,27
08/24/2021,BDR,CT,ANE,EN,Federal Contract Tower,0,17,10,0,27,0,6,87,0,93,0,23,97,0,120,144,0,144,264
08/25/2021,BDR,CT,ANE,EN,Federal Contract Tower,0,5,9,1,15,0,3,95,0,98,0,8,104,1,113,96,0,96,209
08/26/2021,BDR,CT,ANE,EN,Federal Contract Tower,0,17,10,0,27,0,5,84,0,89,0,22,94,0,116,84,0,84,200
08/27/2021,BDR,CT,ANE,EN,Federal Contract Tower,0,11,9,0,20,0,6,73,0,79,0,17,82,0,99,12,0,12,111
08/28/2021,BDR,CT,ANE,EN,Federal Contract Tower,0,12,11,0,23,0,8,48,0,56,0,20,59,0,79,46,0,46,125
08/29/2021,BDR,CT,ANE,EN,Federal Contract Tower,0,24,16,0,40,0,3,31,0,34,0,27,47,0,74,14,0,14,88
08/30/2021,BDR,CT,ANE,EN,Federal Contract Tower,0,8,12,0,20,0,4,21,0,25,0,12,33,0,45,18,0,18,63
08/31/2021,BDR,CT,ANE,EN,Federal Contract Tower,0,8,8,0,16,0,7,98,0,105,0,15,106,0,121,76,0,76,197
09/01/2021,BDR,CT,ANE,EN,Federal Contract Tower,0,5,7,0,12,0,5,4,0,9,0,10,11,0,21,0,0,0,21
09/02/2021,BDR,CT,ANE,EN,Federal Contract Tower,0,9,12,0,21,0,2,24,0,26,0,11,36,0,47,42,0,42,89
09/03/2021,BDR,CT,ANE,EN,Federal Contract Tower,0,9,5,0,14,0,11,111,0,122,0,20,116,0,136,179,0,179,315
09/04/2021,BDR,CT,ANE,EN,Federal Contract Tower,0,5,12,0,17,0,4,135,1,140,0,9,147,1,157,218,0,218,375
09/05/2021,BDR,CT,ANE,EN,Federal Contract Tower,0,5,11,0,16,0,4,41,0,45,0,9,52,0,61,0,0,0,61
09/06/2021,BDR,CT,ANE,EN,Federal Contract Tower,0,6,5,0,11,0,6,96,0,102,0,12,101,0,113,102,0,102,215
09/07/2021,BDR,CT,ANE,EN,Federal Contract Tower,0,5,11,0,16,0,17,92,0,109,0,22,103,0,125,60,0,60,185
09/08/2021,BDR,CT,ANE,EN,Federal Contract Tower,0,15,5,1,21,0,9,92,0,101,0,24,97,1,122,96,0,96,218
09/09/2021,BDR,CT,ANE,EN,Federal Contract Tower,0,8,11,0,19,0,3,5,0,8,0,11,16,0,27,4,0,4,31
09/10/2021,BDR,CT,ANE,EN,Federal Contract Tower,0,11,11,0,22,0,10,85,0,95,0,21,96,0,117,116,0,116,233
09/11/2021,BDR,CT,ANE,EN,Federal Contract Tower,0,6,7,0,13,0,0,139,0,139,0,6,146,0,152,166,0,166,318
09/12/2021,BDR,CT,ANE,EN,Federal Contract Tower,0,11,10,0,21,0,12,89,0,101,0,23,99,0,122,122,0,122,244
09/13/2021,BDR,CT,ANE,EN,Federal Contract Tower,0,10,7,0,17,0,8,55,0,63,0,18,62,0,80,210,0,210,290
09/14/2021,BDR,CT,ANE,EN,Federal Contract Tower,0,13,7,1,21,0,1,65,1,67,0,14,72,2,88,174,0,174,262
09/15/2021,BDR,CT,ANE,EN,Federal Contract Tower,0,13,9,1,23,0,6,60,2,68,0,19,69,3,91,78,0,78,169
09/16/2021,BDR,CT,ANE,EN,Federal Contract Tower,0,11,10,0,21,0,2,31,3,36,0,13,41,3,57,40,0,40,97
09/17/2021,BDR,CT,ANE,EN,Federal Contract Tower,0,17,12,0,29,0,2,11,0,13,0,19,23,0,42,32,0,32,74
09/18/2021,BDR,CT,ANE,EN,Federal Contract Tower,0,9,14,2,25,0,0,87,0,87,0,9,101,2,112,280,0,280,392
09/19/2021,BDR,CT,ANE,EN,Federal Contract Tower,0,11,4,0,15,0,4,122,0,126,0,15,126,0,141,190,0,190,331
09/20/2021,BDR,CT,ANE,EN,Federal Contract Tower,0,3,10,0,13,0,6,74,2,82,0,9,84,2,95,184,0,184,279
09/21/2021,BDR,CT,ANE,EN,Federal Contract Tower,0,14,11,0,25,0,2,79,0,81,0,16,90,0,106,134,0,134,240
09/22/2021,BDR,CT,ANE,EN,Federal Contract Tower,0,7,16,0,23,0,1,18,0,19,0,8,34,0,42,86,0,86,128
09/23/2021,BDR,CT,ANE,EN,Federal Contract Tower,0,19,8,0,27,0,1,18,0,19,0,20,26,0,46,12,0,12,58
09/24/2021,BDR,CT,ANE,EN,Federal Contract Tower,0,16,8,0,24,0,7,34,0,41,0,23,42,0,65,118,0,118,183
09/25/2021,BDR,CT,ANE,EN,Federal Contract Tower,0,4,9,0,13,0,6,119,0,125,0,10,128,0,138,252,0,252,390
09/26/2021,BDR,CT,ANE,EN,Federal Contract Tower,0,5,10,0,15,0,5,98,2,105,0,10,108,2,120,120,2,122,242
09/27/2021,BDR,CT,ANE,EN,Federal Contract Tower,0,3,9,0,12,0,2,81,0,83,0,5,90,0,95,206,0,206,301
09/28/2021,BDR,CT,ANE,EN,Federal Contract Tower,0,12,9,0,21,0,3,19,0,22,0,15,28,0,43,80,0,80,123
09/29/2021,BDR,CT,ANE,EN,Federal Contract Tower,0,7,5,0,12,0,0,73,0,73,0,7,78,0,85,88,0,88,173
09/30/2021,BDR,CT,ANE,EN,Federal Contract Tower,0,6,5,0,11,0,6,70,4,80,0,12,75,4,91,110,0,110,201
10/01/2021,BDR,CT,ANE,EN,Federal Contract Tower,0,11,11,0,22,0,5,83,0,88,0,16,94,0,110,168,0,168,278
10/02/2021,BDR,CT,ANE,EN,Federal Contract Tower,0,0,9,0,9,0,1,165,0,166,0,1,174,0,175,250,0,250,425
10/03/2021,BDR,CT,ANE,EN,Federal Contract Tower,0,10,10,0,20,0,3,117,0,120,0,13,127,0,140,160,0,160,300
10/04/2021,BDR,CT,ANE,EN,Federal Contract Tower,0,13,15,0,28,0,0,0,0,0,0,13,15,0,28,0,0,0,28
10/05/2021,BDR,CT,ANE,EN,Federal Contract Tower,0,11,16,0,27,0,1,8,0,9,0,12,24,0,36,20,2,22,58
10/06/2021,BDR,CT,ANE,EN,Federal Contract Tower,0,7,14,0,21,0,2,87,0,89,0,9,101,0,110,174,0,174,284
10/07/2021,BDR,CT,ANE,EN,Federal Contract Tower,0,14,13,0,27,0,3,64,0,67,0,17,77,0,94,186,0,186,280
10/08/2021,BDR,CT,ANE,EN,Federal Contract Tower,0,15,11,0,26,0,4,75,4,83,0,19,86,4,109,124,0,124,233
10/09/2021,BDR,CT,ANE,EN,Federal Contract Tower,0,12,16,0,28,0,0,28,0,28,0,12,44,0,56,82,0,82,138
10/10/2021,BDR,CT,ANE,EN,Federal Contract Tower,0,4,23,0,27,0,0,3,0,3,0,4,26,0,30,6,0,6,36
10/11/2021,BDR,CT,ANE,EN,Federal Contract Tower,0,17,10,0,27,0,3,51,0,54,0,20,61,0,81,114,0,114,195
10/12/2021,BDR,CT,ANE,EN,Federal Contract Tower,0,7,7,0,14,0,4,85,0,89,0,11,92,0,103,166,0,166,269
10/13/2021,BDR,CT,ANE,EN,Federal Contract Tower,0,21,10,0,31,0,1,48,0,49,0,22,58,0,80,134,0,134,214
10/14/2021,BDR,CT,ANE,EN,Federal Contract Tower,0,14,5,0,19,0,6,103,0,109,0,20,108,0,128,118,0,118,246
10/15/2021,BDR,CT,ANE,EN,Federal Contract Tower,0,11,10,0,21,0,4,69,2,75,0,15,79,2,96,192,0,192,288
10/16/2021,BDR,CT,ANE,EN,Federal Contract Tower,0,10,5,0,15,0,0,30,0,30,0,10,35,0,45,54,0,54,99
10/17/2021,BDR,CT,ANE,EN,Federal Contract Tower,0,8,11,0,19,0,2,100,0,102,0,10,111,0,121,180,0,180,301
10/18/2021,BDR,CT,ANE,EN,Federal Contract Tower,0,7,7,0,14,0,6,27,0,33,0,13,34,0,47,38,0,38,85
10/19/2021,BDR,CT,ANE,EN,Federal Contract Tower,0,6,10,0,16,0,5,60,0,65,0,11,70,0,81,80,2,82,163
10/20/2021,BDR,CT,ANE,EN,Federal Contract Tower,0,4,10,0,14,0,5,77,0,82,0,9,87,0,96,210,0,210,306
10/21/2021,BDR,CT,ANE,EN,Federal Contract Tower,0,20,4,0,24,0,6,83,0,89,0,26,87,0,113,152,0,152,265
10/22/2021,BDR,CT,ANE,EN,Federal Contract Tower,0,17,11,2,30,0,7,83,0,90,0,24,94,2,120,194,0,194,314
10/23/2021,BDR,CT,ANE,EN,Federal Contract Tower,0,4,8,0,12,0,3,94,0,97,0,7,102,0,109,215,0,215,324
10/24/2021,BDR,CT,ANE,EN,Federal Contract Tower,0,8,13,0,21,0,5,75,0,80,0,13,88,0,101,140,6,146,247
10/25/2021,BDR,CT,ANE,EN,Federal Contract Tower,0,12,4,0,16,0,4,20,0,24,0,16,24,0,40,26,0,26,66
10/26/2021,BDR,CT,ANE,EN,Federal Contract Tower,0,1,5,0,6,0,0,0,0,0,0,1,5,0,6,0,0,0,6
10/27/2021,BDR,CT,ANE,EN,Federal Contract Tower,0,7,5,0,12,0,0,8,0,8,0,7,13,0,20,0,0,0,20
10/29/2021,BDR,CT,ANE,EN,Federal Contract Tower,0,7,11,0,18,0,4,18,0,22,0,11,29,0,40,72,0,72,112
10/30/2021,BDR,CT,ANE,EN,Federal Contract Tower,0,1,13,0,14,0,0,1,0,1,0,1,14,0,15,0,0,0,15
10/31/2021,BDR,CT,ANE,EN,Federal Contract Tower,0,4,14,0,18,0,0,78,0,78,0,4,92,0,96,166,0,166,262
11/01/2021,BDR,CT,ANE,EN,Federal Contract Tower,0,1,9,0,10,0,2,60,0,62,0,3,69,0,72,86,0,86,158
11/02/2021,BDR,CT,ANE,EN,Federal Contract Tower,0,5,14,0,19,0,4,47,0,51,0,9,61,0,70,102,0,102,172
11/03/2021,BDR,CT,ANE,EN,Federal Contract Tower,0,8,11,0,19,0,3,79,0,82,0,11,90,0,101,124,0,124,225
11/04/2021,BDR,CT,ANE,EN,Federal Contract Tower,0,3,10,0,13,0,4,62,0,66,0,7,72,0,79,122,0,122,201
11/05/2021,BDR,CT,ANE,EN,Federal Contract Tower,0,7,11,0,18,0,3,89,0,92,0,10,100,0,110,268,0,268,378
11/06/2021,BDR,CT,ANE,EN,Federal Contract Tower,0,6,7,0,13,0,2,113,2,117,0,8,120,2,130,174,0,174,304
11/07/2021,BDR,CT,ANE,EN,Federal Contract Tower,0,5,12,0,17,0,0,113,2,115,0,5,125,2,132,132,16,148,280
11/08/2021,BDR,CT,ANE,EN,Federal Contract Tower,0,8,6,0,14,0,2,55,0,57,0,10,61,0,71,184,0,184,255
11/09/2021,BDR,CT,ANE,EN,Federal Contract Tower,0,9,3,0,12,0,3,70,0,73,0,12,73,0,85,160,0,160,245
11/10/2021,BDR,CT,ANE,EN,Federal Contract Tower,0,6,8,0,14,0,4,86,0,90,0,10,94,0,104,98,0,98,202
11/11/2021,BDR,CT,ANE,EN,Federal Contract Tower,0,8,16,0,24,0,2,79,0,81,0,10,95,0,105,134,0,134,239
11/12/2021,BDR,CT,ANE,EN,Federal Contract Tower,0,5,12,0,17,0,0,6,0,6,0,5,18,0,23,12,0,12,35
11/13/2021,BDR,CT,ANE,EN,Federal Contract Tower,0,3,10,0,13,0,0,37,0,37,0,3,47,0,50,64,0,64,114
11/14/2021,BDR,CT,ANE,EN,Federal Contract Tower,0,16,4,0,20,0,1,107,0,108,0,17,111,0,128,148,0,148,276
11/15/2021,BDR,CT,ANE,EN,Federal Contract Tower,0,3,5,0,8,0,1,23,0,24,0,4,28,0,32,82,0,82,114
11/16/2021,BDR,CT,ANE,EN,Federal Contract Tower,0,4,7,0,11,0,0,40,0,40,0,4,47,0,51,50,0,50,101
11/17/2021,BDR,CT,ANE,EN,Federal Contract Tower,0,9,12,0,21,0,0,68,0,68,0,9,80,0,89,162,0,162,251
11/18/2021,BDR,CT,ANE,EN,Federal Contract Tower,0,9,18,0,27,0,1,60,2,63,0,10,78,2,90,80,0,80,170
11/19/2021,BDR,CT,ANE,EN,Federal Contract Tower,0,11,5,0,16,0,1,51,0,52,0,12,56,0,68,64,4,68,136
11/20/2021,BDR,CT,ANE,EN,Federal Contract Tower,0,5,7,0,12,0,1,68,0,69,0,6,75,0,81,242,0,242,323
11/21/2021,BDR,CT,ANE,EN,Federal Contract Tower,0,7,5,0,12,0,3,79,0,82,0,10,84,0,94,178,0,178,272
11/22/2021,BDR,CT,ANE,EN,Federal Contract Tower,0,11,12,0,23,0,2,23,0,25,0,13,35,0,48,60,0,60,108
11/23/2021,BDR,CT,ANE,EN,Federal Contract Tower,0,11,7,2,20,0,1,28,2,31,0,12,35,4,51,108,0,108,159
11/24/2021,BDR,CT,ANE,EN,Federal Contract Tower,0,5,8,0,13,0,2,76,0,78,0,7,84,0,91,132,0,132,223
11/25/2021,BDR,CT,ANE,EN,Federal Contract Tower,0,2,4,0,6,0,2,19,0,21,0,4,23,0,27,50,0,50,77
11/26/2021,BDR,CT,ANE,EN,Federal Contract Tower,0,8,6,0,14,0,0,2,0,2,0,8,8,0,16,0,0,0,16
11/27/2021,BDR,CT,ANE,EN,Federal Contract Tower,0,3,3,0,6,0,0,34,0,34,0,3,37,0,40,24,0,24,64
11/28/2021,BDR,CT,ANE,EN,Federal Contract Tower,0,10,11,0,21,0,0,20,0,20,0,10,31,0,41,104,0,104,145
11/29/2021,BDR,CT,ANE,EN,Federal Contract Tower,0,7,10,0,17,0,3,23,0,26,0,10,33,0,43,38,0,38,81
11/30/2021,BDR,CT,ANE,EN,Federal Contract Tower,0,6,12,0,18,0,0,51,2,53,0,6,63,2,71,100,0,100,171
12/01/2021,BDR,CT,ANE,EN,Federal Contract Tower,0,5,5,0,10,0,6,74,0,80,0,11,79,0,90,144,0,144,234
12/02/2021,BDR,CT,ANE,EN,Federal Contract Tower,0,7,6,0,13,0,1,31,0,32,0,8,37,0,45,50,0,50,95
12/03/2021,BDR,CT,ANE,EN,Federal Contract Tower,0,9,8,0,17,0,3,45,0,48,0,12,53,0,65,42,0,42,107
12/04/2021,BDR,CT,ANE,EN,Federal Contract Tower,0,3,4,0,7,0,2,86,0,88,0,5,90,0,95,132,0,132,227
12/05/2021,BDR,CT,ANE,EN,Federal Contract Tower,0,11,6,0,17,0,8,102,0,110,0,19,108,0,127,194,0,194,321
12/06/2021,BDR,CT,ANE,EN,Federal Contract Tower,0,7,14,0,21,0,0,2,0,2,0,7,16,0,23,0,0,0,23
12/07/2021,BDR,CT,ANE,EN,Federal Contract Tower,0,3,5,0,8,0,1,43,0,44,0,4,48,0,52,130,0,130,182
12/08/2021,BDR,CT,ANE,EN,Federal Contract Tower,0,9,12,0,21,0,0,13,0,13,0,9,25,0,34,10,0,10,44
12/09/2021,BDR,CT,ANE,EN,Federal Contract Tower,0,12,4,0,16,0,0,77,0,77,0,12,81,0,93,130,0,130,223
12/10/2021,BDR,CT,ANE,EN,Federal Contract Tower,0,6,9,0,15,0,3,67,0,70,0,9,76,0,85,92,0,92,177
12/11/2021,BDR,CT,ANE,EN,Federal Contract Tower,0,4,6,0,10,0,0,0,0,0,0,4,6,0,10,0,0,0,10
12/12/2021,BDR,CT,ANE,EN,Federal Contract Tower,0,9,5,0,14,0,1,77,2,80,0,10,82,2,94,82,0,82,176
12/13/2021,BDR,CT,ANE,EN,Federal Contract Tower,0,2,5,0,7,0,4,37,0,41,0,6,42,0,48,94,0,94,142
12/14/2021,BDR,CT,ANE,EN,Federal Contract Tower,0,14,9,0,23,0,1,76,0,77,0,15,85,0,100,150,0,150,250
12/15/2021,BDR,CT,ANE,EN,Federal Contract Tower,0,10,4,0,14,0,6,55,0,61,0,16,59,0,75,128,0,128,203
12/16/2021,BDR,CT,ANE,EN,Federal Contract Tower,0,9,7,0,16,0,3,48,0,51,0,12,55,0,67,92,0,92,159
12/17/2021,BDR,CT,ANE,EN,Federal Contract Tower,0,7,8,0,15,0,3,32,0,35,0,10,40,0,50,102,0,102,152
12/18/2021,BDR,CT,ANE,EN,Federal Contract Tower,0,9,5,0,14,0,0,1,0,1,0,9,6,0,15,4,0,4,19
12/19/2021,BDR,CT,ANE,EN,Federal Contract Tower,0,5,7,0,12,0,0,27,0,27,0,5,34,0,39,52,0,52,91
12/20/2021,BDR,CT,ANE,EN,Federal Contract Tower,0,8,1,0,9,0,1,43,0,44,0,9,44,0,53,146,0,146,199
12/21/2021,BDR,CT,ANE,EN,Federal Contract Tower,0,6,4,0,10,0,0,51,0,51,0,6,55,0,61,168,0,168,229
12/22/2021,BDR,CT,ANE,EN,Federal Contract Tower,0,5,4,0,9,0,0,12,0,12,0,5,16,0,21,50,0,50,71
12/23/2021,BDR,CT,ANE,EN,Federal Contract Tower,0,10,5,0,15,0,2,62,0,64,0,12,67,0,79,154,0,154,233
12/24/2021,BDR,CT,ANE,EN,Federal Contract Tower,0,9,6,0,15,0,0,0,0,0,0,9,6,0,15,8,0,8,23
12/25/2021,BDR,CT,ANE,EN,Federal Contract Tower,0,2,1,0,3,0,0,0,0,0,0,2,1,0,3,0,0,0,3
12/26/2021,BDR,CT,ANE,EN,Federal Contract Tower,0,6,6,0,12,0,0,40,0,40,0,6,46,0,52,70,0,70,122
12/27/2021,BDR,CT,ANE,EN,Federal Contract Tower,0,6,5,0,11,0,0,31,0,31,0,6,36,0,42,78,0,78,120
12/28/2021,BDR,CT,ANE,EN,Federal Contract Tower,0,6,7,0,13,0,1,44,0,45,0,7,51,0,58,102,0,102,160
12/29/2021,BDR,CT,ANE,EN,Federal Contract Tower,0,5,4,0,9,0,0,0,0,0,0,5,4,0,9,0,0,0,9
12/30/2021,BDR,CT,ANE,EN,Federal Contract Tower,0,9,10,0,19,0,0,4,0,4,0,9,14,0,23,30,2,32,55
12/31/2021,BDR,CT,ANE,EN,Federal Contract Tower,0,1,8,0,9,0,0,6,0,6,0,1,14,0,15,22,0,22,37
01/01/2022,BDR,CT,ANE,EN,Federal Contract Tower,0,3,3,0,6,0,0,0,0,0,0,3,3,0,6,0,0,0,6
01/02/2022,BDR,CT,ANE,EN,Federal Contract Tower,0,6,14,0,20,0,0,10,0,10,0,6,24,0,30,0,0,0,30
01/03/2022,BDR,CT,ANE,EN,Federal Contract Tower,0,9,5,0,14,0,1,15,0,16,0,10,20,0,30,34,0,34,64
01/04/2022,BDR,CT,ANE,EN,Federal Contract Tower,0,3,6,1,10,0,1,73,0,74,0,4,79,1,84,110,2,112,196
01/05/2022,BDR,CT,ANE,EN,Federal Contract Tower,0,1,2,0,3,0,0,0,0,0,0,1,2,0,3,0,0,0,3
01/06/2022,BDR,CT,ANE,EN,Federal Contract Tower,0,6,8,0,14,0,1,68,13,82,0,7,76,13,96,132,10,142,238
01/07/2022,BDR,CT,ANE,EN,Federal Contract Tower,0,0,2,0,2,0,0,4,0,4,0,0,6,0,6,0,0,0,6
01/08/2022,BDR,CT,ANE,EN,Federal Contract Tower,0,3,5,0,8,0,0,54,0,54,0,3,59,0,62,90,0,90,152
01/09/2022,BDR,CT,ANE,EN,Federal Contract Tower,0,7,2,0,9,0,0,3,0,3,0,7,5,0,12,10,0,10,22
01/10/2022,BDR,CT,ANE,EN,Federal Contract Tower,0,7,6,0,13,0,2,25,0,27,0,9,31,0,40,84,0,84,124
01/11/2022,BDR,CT,ANE,EN,Federal Contract Tower,0,7,3,0,10,0,0,13,0,13,0,7,16,0,23,30,0,30,53
01/12/2022,BDR,CT,ANE,EN,Federal Contract Tower,0,4,1,0,5,0,0,19,0,19,0,4,20,0,24,48,0,48,72
01/13/2022,BDR,CT,ANE,EN,Federal Contract Tower,0,10,6,0,16,0,0,81,0,81,0,10,87,0,97,78,6,84,181
01/14/2022,BDR,CT,ANE,EN,Federal Contract Tower,0,6,1,0,7,0,0,19,0,19,0,6,20,0,26,10,0,10,36
01/15/2022,BDR,CT,ANE,EN,Federal Contract Tower,0,6,3,0,9,0,1,30,0,31,0,7,33,0,40,62,0,62,102
01/16/2022,BDR,CT,ANE,EN,Federal Contract Tower,0,3,6,0,9,0,0,46,0,46,0,3,52,0,55,70,0,70,125
01/17/2022,BDR,CT,ANE,EN,Federal Contract Tower,0,6,5,0,11,0,0,0,0,0,0,6,5,0,11,0,0,0,11
01/18/2022,BDR,CT,ANE,EN,Federal Contract Tower,0,5,2,0,7,0,2,16,0,18,0,7,18,0,25,6,0,6,31
01/19/2022,BDR,CT,ANE,EN,Federal Contract Tower,0,11,5,0,16,0,3,51,0,54,0,14,56,0,70,70,0,70,140
01/20/2022,BDR,CT,ANE,EN,Federal Contract Tower,0,5,3,0,8,0,1,7,0,8,0,6,10,0,16,0,8,8,24
01/21/2022,BDR,CT,ANE,EN,Federal Contract Tower,0,2,5,0,7,0,0,40,0,40,0,2,45,0,47,94,0,94,141
01/22/2022,BDR,CT,ANE,EN,Federal Contract Tower,0,2,2,0,4,0,3,63,0,66,0,5,65,0,70,200,0,200,270
01/23/2022,BDR,CT,ANE,EN,Federal Contract Tower,0,4,5,0,9,0,0,61,0,61,0,4,66,0,70,134,0,134,204
01/24/2022,BDR,CT,ANE,EN,Federal Contract Tower,0,3,3,0,6,0,0,30,1,31,0,3,33,1,37,68,0,68,105
01/25/2022,BDR,CT,ANE,EN,Federal Contract Tower,0,9,2,0,11,0,0,39,0,39,0,9,41,0,50,46,0,46,96
01/26/2022,BDR,CT,ANE,EN,Federal Contract Tower,0,9,5,0,14,0,0,39,0,39,0,9,44,0,53,66,0,66,119
01/27/2022,BDR,CT,ANE,EN,Federal Contract Tower,0,6,11,0,17,0,0,48,0,48,0,6,59,0,65,98,0,98,163
01/28/2022,BDR,CT,ANE,EN,Federal Contract Tower,0,5,10,0,15,0,0,5,0,5,0,5,15,0,20,44,0,44,64
01/29/2022,BDR,CT,ANE,EN,Federal Contract Tower,0,0,0,0,0,0,0,0,0,0,0,0,0,0,0,0,0,0,0
01/30/2022,BDR,CT,ANE,EN,Federal Contract Tower,0,5,3,0,8,0,0,11,0,11,0,5,14,0,19,38,8,46,65
01/31/2022,BDR,CT,ANE,EN,Federal Contract Tower,0,5,6,0,11,0,1,39,0,40,0,6,45,0,51,46,0,46,97
02/01/2022,BDR,CT,ANE,EN,Federal Contract Tower,0,4,9,0,13,0,0,45,0,45,0,4,54,0,58,66,0,66,124
02/02/2022,BDR,CT,ANE,EN,Federal Contract Tower,0,7,10,0,17,0,1,17,0,18,0,8,27,0,35,26,6,32,67
02/03/2022,BDR,CT,ANE,EN,Federal Contract Tower,0,2,0,0,2,0,0,0,0,0,0,2,0,0,2,0,0,0,2
02/04/2022,BDR,CT,ANE,EN,Federal Contract Tower,0,1,2,0,3,0,0,0,0,0,0,1,2,0,3,0,0,0,3
02/05/2022,BDR,CT,ANE,EN,Federal Contract Tower,0,1,1,0,2,0,0,25,0,25,0,1,26,0,27,18,0,18,45
02/06/2022,BDR,CT,ANE,EN,Federal Contract Tower,0,0,1,0,1,0,0,83,0,83,0,0,84,0,84,204,0,204,288
02/07/2022,BDR,CT,ANE,EN,Federal Contract Tower,0,5,2,0,7,0,0,0,0,0,0,5,2,0,7,0,0,0,7
02/08/2022,BDR,CT,ANE,EN,Federal Contract Tower,0,4,7,0,11,0,0,33,0,33,0,4,40,0,44,60,8,68,112
02/09/2022,BDR,CT,ANE,EN,Federal Contract Tower,0,4,3,0,7,0,2,76,0,78,0,6,79,0,85,140,0,140,225
02/10/2022,BDR,CT,ANE,EN,Federal Contract Tower,0,3,11,0,14,0,0,26,0,26,0,3,37,0,40,110,0,110,150
02/11/2022,BDR,CT,ANE,EN,Federal Contract Tower,0,6,2,0,8,0,0,67,0,67,0,6,69,0,75,76,0,76,151
02/12/2022,BDR,CT,ANE,EN,Federal Contract Tower,0,5,4,0,9,0,1,80,0,81,0,6,84,0,90,260,0,260,350
02/13/2022,BDR,CT,ANE,EN,Federal Contract Tower,0,2,8,0,10,0,0,3,0,3,0,2,11,0,13,0,0,0,13
02/14/2022,BDR,CT,ANE,EN,Federal Contract Tower,0,4,3,0,7,0,0,20,0,20,0,4,23,0,27,46,2,48,75
02/15/2022,BDR,CT,ANE,EN,Federal Contract Tower,0,4,5,0,9,0,0,57,0,57,0,4,62,0,66,104,2,106,172
02/16/2022,BDR,CT,ANE,EN,Federal Contract Tower,0,11,6,0,17,0,0,41,0,41,0,11,47,0,58,68,0,68,126
02/17/2022,BDR,CT,ANE,EN,Federal Contract Tower,0,14,3,0,17,0,0,18,0,18,0,14,21,0,35,8,0,8,43
02/18/2022,BDR,CT,ANE,EN,Federal Contract Tower,0,7,9,0,16,0,2,13,0,15,0,9,22,0,31,0,0,0,31
02/19/2022,BDR,CT,ANE,EN,Federal Contract Tower,0,2,2,0,4,0,0,16,0,16,0,2,18,0,20,22,0,22,42
02/20/2022,BDR,CT,ANE,EN,Federal Contract Tower,0,1,3,0,4,0,0,59,1,60,0,1,62,1,64,192,0,192,256
02/21/2022,BDR,CT,ANE,EN,Federal Contract Tower,0,11,7,0,18,0,0,69,0,69,0,11,76,0,87,198,0,198,285
02/22/2022,BDR,CT,ANE,EN,Federal Contract Tower,0,4,12,0,16,0,0,0,0,0,0,4,12,0,16,0,0,0,16
02/23/2022,BDR,CT,ANE,EN,Federal Contract Tower,0,7,6,0,13,0,0,24,0,24,0,7,30,0,37,36,0,36,73
02/24/2022,BDR,CT,ANE,EN,Federal Contract Tower,0,5,7,0,12,0,1,43,0,44,0,6,50,0,56,56,0,56,112
02/25/2022,BDR,CT,ANE,EN,Federal Contract Tower,0,1,5,0,6,0,0,0,0,0,0,1,5,0,6,6,0,6,12
02/26/2022,BDR,CT,ANE,EN,Federal Contract Tower,0,7,6,0,13,0,0,85,0,85,0,7,91,0,98,230,0,230,328
02/27/2022,BDR,CT,ANE,EN,Federal Contract Tower,0,9,9,0,18,0,0,51,0,51,0,9,60,0,69,72,0,72,141
02/28/2022,BDR,CT,ANE,EN,Federal Contract Tower,0,5,6,0,11,0,1,22,0,23,0,6,28,0,34,58,0,58,92
03/01/2022,BDR,CT,ANE,EN,Federal Contract Tower,0,3,3,0,6,0,0,37,0,37,0,3,40,0,43,66,0,66,109
03/02/2022,BDR,CT,ANE,EN,Federal Contract Tower,0,3,4,0,7,0,1,45,0,46,0,4,49,0,53,110,0,110,163
03/03/2022,BDR,CT,ANE,EN,Federal Contract Tower,0,1,3,0,4,0,3,41,0,44,0,4,44,0,48,80,0,80,128
03/04/2022,BDR,CT,ANE,EN,Federal Contract Tower,0,5,4,0,9,0,0,56,0,56,0,5,60,0,65,164,0,164,229
03/05/2022,BDR,CT,ANE,EN,Federal Contract Tower,0,7,7,0,14,0,2,92,0,94,0,9,99,0,108,272,0,272,380
03/06/2022,BDR,CT,ANE,EN,Federal Contract Tower,0,6,11,0,17,0,0,4,0,4,0,6,15,0,21,16,0,16,37
03/07/2022,BDR,CT,ANE,EN,Federal Contract Tower,0,4,5,0,9,0,0,21,0,21,0,4,26,0,30,58,0,58,88
03/08/2022,BDR,CT,ANE,EN,Federal Contract Tower,0,28,12,0,40,0,1,30,0,31,0,29,42,0,71,46,6,52,123
03/09/2022,BDR,CT,ANE,EN,Federal Contract Tower,0,2,3,0,5,0,0,0,0,0,0,2,3,0,5,0,0,0,5
03/10/2022,BDR,CT,ANE,EN,Federal Contract Tower,0,7,14,0,21,0,0,65,0,65,0,7,79,0,86,118,2,120,206
03/11/2022,BDR,CT,ANE,EN,Federal Contract Tower,0,8,8,0,16,0,2,75,1,78,0,10,83,1,94,208,0,208,302
03/12/2022,BDR,CT,ANE,EN,Federal Contract Tower,0,0,2,0,2,0,0,0,0,0,0,0,2,0,2,0,0,0,2
03/13/2022,BDR,CT,ANE,EN,Federal Contract Tower,0,4,11,0,15,0,0,44,0,44,0,4,55,0,59,148,0,148,207
03/14/2022,BDR,CT,ANE,EN,Federal Contract Tower,0,4,10,0,14,0,1,44,0,45,0,5,54,0,59,244,0,244,303
03/15/2022,BDR,CT,ANE,EN,Federal Contract Tower,0,2,9,0,11,0,0,56,0,56,0,2,65,0,67,158,0,158,225
03/16/2022,BDR,CT,ANE,EN,Federal Contract Tower,0,7,12,0,19,0,2,80,0,82,0,9,92,0,101,146,4,150,251
03/17/2022,BDR,CT,ANE,EN,Federal Contract Tower,0,7,8,0,15,0,0,0,0,0,0,7,8,0,15,0,0,0,15
03/18/2022,BDR,CT,ANE,EN,Federal Contract Tower,0,3,10,0,13,0,1,51,0,52,0,4,61,0,65,98,0,98,163
03/19/2022,BDR,CT,ANE,EN,Federal Contract Tower,0,7,0,0,7,0,0,3,0,3,0,7,3,0,10,22,0,22,32
03/20/2022,BDR,CT,ANE,EN,Federal Contract Tower,0,2,12,0,14,0,6,59,2,67,0,8,71,2,81,202,0,202,283
03/21/2022,BDR,CT,ANE,EN,Federal Contract Tower,0,2,7,0,9,0,0,29,0,29,0,2,36,0,38,120,0,120,158
03/22/2022,BDR,CT,ANE,EN,Federal Contract Tower,0,4,3,0,7,0,0,54,0,54,0,4,57,0,61,92,0,92,153
03/23/2022,BDR,CT,ANE,EN,Federal Contract Tower,0,7,11,1,19,0,0,35,1,36,0,7,46,2,55,94,10,104,159
03/24/2022,BDR,CT,ANE,EN,Federal Contract Tower,0,2,6,0,8,0,0,0,0,0,0,2,6,0,8,0,0,0,8
03/25/2022,BDR,CT,ANE,EN,Federal Contract Tower,0,8,9,0,17,0,0,56,0,56,0,8,65,0,73,128,2,130,203
03/26/2022,BDR,CT,ANE,EN,Federal Contract Tower,0,5,5,0,10,0,3,36,0,39,0,8,41,0,49,144,0,144,193
03/27/2022,BDR,CT,ANE,EN,Federal Contract Tower,0,12,6,0,18,0,0,38,0,38,0,12,44,0,56,42,0,42,98
03/28/2022,BDR,CT,ANE,EN,Federal Contract Tower,0,3,8,0,11,0,0,13,0,13,0,3,21,0,24,24,0,24,48
03/29/2022,BDR,CT,ANE,EN,Federal Contract Tower,0,7,8,0,15,0,3,36,0,39,0,10,44,0,54,62,2,64,118
03/30/2022,BDR,CT,ANE,EN,Federal Contract Tower,0,3,8,0,11,0,6,55,4,65,0,9,63,4,76,100,0,100,176
03/31/2022,BDR,CT,ANE,EN,Federal Contract Tower,0,5,4,0,9,0,0,1,0,1,0,5,5,0,10,4,0,4,14
04/01/2022,BDR,CT,ANE,EN,Federal Contract Tower,0,3,10,0,13,0,0,24,0,24,0,3,34,0,37,34,0,34,71
04/02/2022,BDR,CT,ANE,EN,Federal Contract Tower,0,0,10,0,10,0,15,93,0,108,0,15,103,0,118,202,0,202,320
04/03/2022,BDR,CT,ANE,EN,Federal Contract Tower,0,11,9,0,20,0,0,8,0,8,0,11,17,0,28,10,0,10,38
04/04/2022,BDR,CT,ANE,EN,Federal Contract Tower,0,8,6,0,14,0,3,47,0,50,0,11,53,0,64,92,0,92,156
04/05/2022,BDR,CT,ANE,EN,Federal Contract Tower,0,5,7,0,12,0,1,67,2,70,0,6,74,2,82,172,0,172,254
04/06/2022,BDR,CT,ANE,EN,Federal Contract Tower,0,2,29,0,31,0,0,1,0,1,0,2,30,0,32,0,0,0,32
04/07/2022,BDR,CT,ANE,EN,Federal Contract Tower,0,2,12,0,14,0,0,0,0,0,0,2,12,0,14,0,0,0,14
04/08/2022,BDR,CT,ANE,EN,Federal Contract Tower,0,2,10,0,12,0,2,57,0,59,0,4,67,0,71,128,0,128,199
04/09/2022,BDR,CT,ANE,EN,Federal Contract Tower,0,1,1,0,2,0,1,32,0,33,0,2,33,0,35,62,0,62,97
04/10/2022,BDR,CT,ANE,EN,Federal Contract Tower,0,3,11,0,14,0,2,41,0,43,0,5,52,0,57,112,0,112,169
04/11/2022,BDR,CT,ANE,EN,Federal Contract Tower,0,4,5,0,9,0,3,55,0,58,0,7,60,0,67,144,0,144,211
04/12/2022,BDR,CT,ANE,EN,Federal Contract Tower,0,7,5,0,12,0,4,30,0,34,0,11,35,0,46,74,0,74,120
04/13/2022,BDR,CT,ANE,EN,Federal Contract Tower,0,6,12,0,18,0,2,68,0,70,0,8,80,0,88,130,0,130,218
04/14/2022,BDR,CT,ANE,EN,Federal Contract Tower,0,12,9,0,21,4,32,2,0,38,4,44,11,0,59,44,0,44,103
04/15/2022,BDR,CT,ANE,EN,Federal Contract Tower,0,7,6,0,13,0,1,66,0,67,0,8,72,0,80,184,0,184,264
04/16/2022,BDR,CT,ANE,EN,Federal Contract Tower,0,2,4,0,6,0,4,35,0,39,0,6,39,0,45,118,0,118,163
04/17/2022,BDR,CT,ANE,EN,Federal Contract Tower,0,17,3,0,20,0,5,29,0,34,0,22,32,0,54,52,0,52,106
04/18/2022,BDR,CT,ANE,EN,Federal Contract Tower,0,9,16,0,25,0,4,35,0,39,0,13,51,0,64,102,0,102,166
04/19/2022,BDR,CT,ANE,EN,Federal Contract Tower,0,4,7,0,11,0,0,6,0,6,0,4,13,0,17,0,14,14,31
04/20/2022,BDR,CT,ANE,EN,Federal Contract Tower,0,11,3,0,14,0,4,60,3,67,0,15,63,3,81,80,0,80,161
04/21/2022,BDR,CT,ANE,EN,Federal Contract Tower,0,9,7,0,16,0,5,52,0,57,0,14,59,0,73,142,0,142,215
04/22/2022,BDR,CT,ANE,EN,Federal Contract Tower,0,7,7,0,14,0,4,80,2,86,0,11,87,2,100,74,0,74,174
04/23/2022,BDR,CT,ANE,EN,Federal Contract Tower,0,6,6,0,12,0,3,111,2,116,0,9,117,2,128,266,8,274,402
04/24/2022,BDR,CT,ANE,EN,Federal Contract Tower,0,7,4,0,11,0,7,81,0,88,0,14,85,0,99,224,0,224,323
04/25/2022,BDR,CT,ANE,EN,Federal Contract Tower,0,5,12,0,17,0,0,43,0,43,0,5,55,0,60,178,0,178,238
04/26/2022,BDR,CT,ANE,EN,Federal Contract Tower,0,2,8,0,10,0,0,0,0,0,0,2,8,0,10,0,0,0,10
04/27/2022,BDR,CT,ANE,EN,Federal Contract Tower,0,15,11,1,27,0,1,24,3,28,0,16,35,4,55,10,0,10,65
04/28/2022,BDR,CT,ANE,EN,Federal Contract Tower,0,10,6,0,16,0,2,18,6,26,0,12,24,6,42,0,0,0,42
04/29/2022,BDR,CT,ANE,EN,Federal Contract Tower,0,10,9,0,19,0,0,36,0,36,0,10,45,0,55,12,0,12,67
04/30/2022,BDR,CT,ANE,EN,Federal Contract Tower,0,2,10,0,12,0,0,69,0,69,0,2,79,0,81,246,0,246,327
05/01/2022,BDR,CT,ANE,EN,Federal Contract Tower,0,0,7,0,7,0,1,88,0,89,0,1,95,0,96,188,0,188,284
05/02/2022,BDR,CT,ANE,EN,Federal Contract Tower,0,5,11,0,16,0,0,0,0,0,0,5,11,0,16,0,0,0,16
05/03/2022,BDR,CT,ANE,EN,Federal Contract Tower,0,18,38,0,56,0,0,20,0,20,0,18,58,0,76,68,0,68,144
05/04/2022,BDR,CT,ANE,EN,Federal Contract Tower,0,2,16,2,20,0,0,6,0,6,0,2,22,2,26,0,0,0,26
05/05/2022,BDR,CT,ANE,EN,Federal Contract Tower,0,8,7,0,15,0,3,86,0,89,0,11,93,0,104,212,0,212,316
05/06/2022,BDR,CT,ANE,EN,Federal Contract Tower,0,2,14,0,16,0,0,12,0,12,0,2,26,0,28,14,0,14,42
05/07/2022,BDR,CT,ANE,EN,Federal Contract Tower,0,2,7,0,9,0,2,4,0,6,0,4,11,0,15,0,0,0,15
05/08/2022,BDR,CT,ANE,EN,Federal Contract Tower,0,8,4,0,12,0,5,13,0,18,0,13,17,0,30,0,0,0,30
05/09/2022,BDR,CT,ANE,EN,Federal Contract Tower,0,10,5,0,15,0,6,33,0,39,0,16,38,0,54,34,0,34,88
05/10/2022,BDR,CT,ANE,EN,Federal Contract Tower,0,11,7,0,18,0,5,28,1,34,0,16,35,1,52,20,0,20,72
05/11/2022,BDR,CT,ANE,EN,Federal Contract Tower,0,8,4,0,12,0,0,52,5,57,0,8,56,5,69,92,4,96,165
05/12/2022,BDR,CT,ANE,EN,Federal Contract Tower,0,11,13,0,24,0,1,31,0,32,0,12,44,0,56,42,0,42,98
05/13/2022,BDR,CT,ANE,EN,Federal Contract Tower,0,11,10,1,22,0,0,0,0,0,0,11,10,1,22,8,0,8,30
05/14/2022,BDR,CT,ANE,EN,Federal Contract Tower,0,5,14,0,19,0,0,12,0,12,0,5,26,0,31,60,4,64,95
05/15/2022,BDR,CT,ANE,EN,Federal Contract Tower,0,7,11,0,18,0,4,39,0,43,0,11,50,0,61,104,0,104,165
05/16/2022,BDR,CT,ANE,EN,Federal Contract Tower,0,4,3,0,7,0,1,15,0,16,0,5,18,0,23,14,0,14,37
05/17/2022,BDR,CT,ANE,EN,Federal Contract Tower,0,15,7,0,22,0,4,42,0,46,0,19,49,0,68,118,0,118,186
05/18/2022,BDR,CT,ANE,EN,Federal Contract Tower,0,6,5,0,11,0,1,72,1,74,0,7,77,1,85,148,0,148,233
05/19/2022,BDR,CT,ANE,EN,Federal Contract Tower,0,8,17,0,25,0,1,12,0,13,0,9,29,0,38,6,0,6,44
05/20/2022,BDR,CT,ANE,EN,Federal Contract Tower,0,8,17,0,25,0,0,16,0,16,0,8,33,0,41,78,0,78,119
05/21/2022,BDR,CT,ANE,EN,Federal Contract Tower,0,6,10,0,16,0,2,69,0,71,0,8,79,0,87,202,0,202,289
05/22/2022,BDR,CT,ANE,EN,Federal Contract Tower,0,8,2,0,10,0,2,88,0,90,0,10,90,0,100,177,2,179,279
05/23/2022,BDR,CT,ANE,EN,Federal Contract Tower,0,6,3,0,9,0,3,48,0,51,0,9,51,0,60,134,0,134,194
05/24/2022,BDR,CT,ANE,EN,Federal Contract Tower,0,6,5,0,11,0,4,82,0,86,0,10,87,0,97,136,0,136,233
05/25/2022,BDR,CT,ANE,EN,Federal Contract Tower,0,8,7,0,15,0,4,110,0,114,0,12,117,0,129,336,0,336,465
05/26/2022,BDR,CT,ANE,EN,Federal Contract Tower,0,7,14,0,21,0,1,83,0,84,0,8,97,0,105,266,0,266,371
05/27/2022,BDR,CT,ANE,EN,Federal Contract Tower,0,15,12,0,27,0,4,2,0,6,0,19,14,0,33,6,0,6,39
05/28/2022,BDR,CT,ANE,EN,Federal Contract Tower,0,7,13,0,20,0,1,16,0,17,0,8,29,0,37,50,0,50,87
05/29/2022,BDR,CT,ANE,EN,Federal Contract Tower,0,5,8,0,13,0,0,77,0,77,0,5,85,0,90,130,0,130,220
05/30/2022,BDR,CT,ANE,EN,Federal Contract Tower,0,7,8,0,15,0,8,99,0,107,0,15,107,0,122,154,0,154,276
05/31/2022,BDR,CT,ANE,EN,Federal Contract Tower,0,3,9,0,12,0,4,55,0,59,0,7,64,0,71,166,0,166,237
06/01/2022,BDR,CT,ANE,EN,Federal Contract Tower,0,11,16,0,27,0,4,56,0,60,0,15,72,0,87,152,0,152,239
06/02/2022,BDR,CT,ANE,EN,Federal Contract Tower,0,11,15,0,26,0,1,6,0,7,0,12,21,0,33,18,0,18,51
06/03/2022,BDR,CT,ANE,EN,Federal Contract Tower,0,10,15,0,25,3,38,2,0,43,3,48,17,0,68,48,2,50,118
06/04/2022,BDR,CT,ANE,EN,Federal Contract Tower,0,3,7,0,10,0,0,101,0,101,0,3,108,0,111,186,0,186,297
06/05/2022,BDR,CT,ANE,EN,Federal Contract Tower,0,7,8,0,15,0,0,101,0,101,0,7,109,0,116,334,0,334,450
06/06/2022,BDR,CT,ANE,EN,Federal Contract Tower,0,8,6,0,14,0,2,85,0,87,0,10,91,0,101,200,0,200,301
06/07/2022,BDR,CT,ANE,EN,Federal Contract Tower,0,6,4,0,10,0,3,50,0,53,0,9,54,0,63,120,0,120,183
06/08/2022,BDR,CT,ANE,EN,Federal Contract Tower,0,9,12,0,21,0,2,58,0,60,0,11,70,0,81,84,2,86,167
06/09/2022,BDR,CT,ANE,EN,Federal Contract Tower,0,11,12,0,23,0,3,32,0,35,0,14,44,0,58,52,0,52,110
06/10/2022,BDR,CT,ANE,EN,Federal Contract Tower,0,9,12,0,21,0,10,100,0,110,0,19,112,0,131,206,0,206,337
06/11/2022,BDR,CT,ANE,EN,Federal Contract Tower,0,2,2,0,4,0,1,89,0,90,0,3,91,0,94,208,0,208,302
06/12/2022,BDR,CT,ANE,EN,Federal Contract Tower,0,10,13,0,23,0,4,25,0,29,0,14,38,0,52,72,0,72,124
06/13/2022,BDR,CT,ANE,EN,Federal Contract Tower,0,11,13,0,24,0,3,39,2,44,0,14,52,2,68,152,0,152,220
06/14/2022,BDR,CT,ANE,EN,Federal Contract Tower,0,7,9,0,16,0,6,76,0,82,0,13,85,0,98,258,2,260,358
06/15/2022,BDR,CT,ANE,EN,Federal Contract Tower,0,4,8,2,14,0,1,93,0,94,0,5,101,2,108,210,0,210,318
06/16/2022,BDR,CT,ANE,EN,Federal Contract Tower,0,13,19,0,32,0,1,52,0,53,0,14,71,0,85,66,4,70,155
06/17/2022,BDR,CT,ANE,EN,Federal Contract Tower,0,10,25,0,35,0,12,47,1,60,0,22,72,1,95,88,0,88,183
06/18/2022,BDR,CT,ANE,EN,Federal Contract Tower,0,5,6,0,11,0,0,38,0,38,0,5,44,0,49,20,0,20,69
06/19/2022,BDR,CT,ANE,EN,Federal Contract Tower,0,6,5,0,11,0,4,56,0,60,0,10,61,0,71,64,0,64,135
06/20/2022,BDR,CT,ANE,EN,Federal Contract Tower,0,12,6,0,18,0,3,75,0,78,0,15,81,0,96,138,0,138,234
06/21/2022,BDR,CT,ANE,EN,Federal Contract Tower,0,4,10,0,14,0,5,75,0,80,0,9,85,0,94,224,2,226,320
06/22/2022,BDR,CT,ANE,EN,Federal Contract Tower,0,6,15,0,21,0,0,4,0,4,0,6,19,0,25,0,0,0,25
06/23/2022,BDR,CT,ANE,EN,Federal Contract Tower,0,9,18,0,27,0,2,70,4,76,0,11,88,4,103,156,0,156,259
06/24/2022,BDR,CT,ANE,EN,Federal Contract Tower,0,12,14,0,26,0,8,90,0,98,0,20,104,0,124,180,0,180,304
06/25/2022,BDR,CT,ANE,EN,Federal Contract Tower,0,2,10,0,12,0,2,118,0,120,0,4,128,0,132,150,0,150,282
06/26/2022,BDR,CT,ANE,EN,Federal Contract Tower,0,4,10,0,14,0,3,104,0,107,0,7,114,0,121,236,0,236,357
06/27/2022,BDR,CT,ANE,EN,Federal Contract Tower,0,6,13,0,19,0,3,4,0,7,0,9,17,0,26,20,0,20,46
06/28/2022,BDR,CT,ANE,EN,Federal Contract Tower,0,5,10,0,15,0,5,80,3,88,0,10,90,3,103,170,4,174,277
06/29/2022,BDR,CT,ANE,EN,Federal Contract Tower,0,9,2,0,11,0,3,97,0,100,0,12,99,0,111,260,0,260,371
06/30/2022,BDR,CT,ANE,EN,Federal Contract Tower,0,11,5,0,16,0,8,106,0,114,0,19,111,0,130,176,0,176,306
07/01/2022,BDR,CT,ANE,EN,Federal Contract Tower,0,3,6,0,9,0,8,91,0,99,0,11,97,0,108,166,0,166,274
07/02/2022,BDR,CT,ANE,EN,Federal Contract Tower,0,9,6,0,15,0,2,33,0,35,0,11,39,0,50,56,0,56,106
07/03/2022,BDR,CT,ANE,EN,Federal Contract Tower,0,4,6,0,10,0,4,75,0,79,0,8,81,0,89,196,0,196,285
07/04/2022,BDR,CT,ANE,EN,Federal Contract Tower,0,5,5,0,10,0,11,77,0,88,0,16,82,0,98,62,0,62,160
07/05/2022,BDR,CT,ANE,EN,Federal Contract Tower,0,4,11,0,15,0,7,61,0,68,0,11,72,0,83,70,0,70,153
07/06/2022,BDR,CT,ANE,EN,Federal Contract Tower,0,4,8,0,12,0,7,72,2,81,0,11,80,2,93,132,2,134,227
07/07/2022,BDR,CT,ANE,EN,Federal Contract Tower,0,12,4,0,16,0,6,69,0,75,0,18,73,0,91,164,0,164,255
07/08/2022,BDR,CT,ANE,EN,Federal Contract Tower,0,6,9,0,15,0,3,117,0,120,0,9,126,0,135,198,0,198,333
07/09/2022,BDR,CT,ANE,EN,Federal Contract Tower,0,5,5,0,10,0,6,99,0,105,0,11,104,0,115,194,0,194,309
07/10/2022,BDR,CT,ANE,EN,Federal Contract Tower,0,5,8,0,13,0,13,132,0,145,0,18,140,0,158,180,0,180,338
07/11/2022,BDR,CT,ANE,EN,Federal Contract Tower,0,5,4,0,9,0,7,93,0,100,0,12,97,0,109,188,0,188,297
07/12/2022,BDR,CT,ANE,EN,Federal Contract Tower,0,5,5,2,12,0,8,56,0,64,0,13,61,2,76,80,0,80,156
07/13/2022,BDR,CT,ANE,EN,Federal Contract Tower,0,3,7,1,11,0,2,69,2,73,0,5,76,3,84,174,0,174,258
07/14/2022,BDR,CT,ANE,EN,Federal Contract Tower,0,4,8,1,13,0,5,119,0,124,0,9,127,1,137,214,0,214,351
07/15/2022,BDR,CT,ANE,EN,Federal Contract Tower,0,7,3,0,10,0,2,90,0,92,0,9,93,0,102,222,0,222,324
07/16/2022,BDR,CT,ANE,EN,Federal Contract Tower,0,6,11,0,17,0,0,64,0,64,0,6,75,0,81,58,0,58,139
07/17/2022,BDR,CT,ANE,EN,Federal Contract Tower,0,9,10,0,19,0,3,113,0,116,0,12,123,0,135,122,0,122,257
07/18/2022,BDR,CT,ANE,EN,Federal Contract Tower,0,10,11,0,21,0,1,3,0,4,0,11,14,0,25,4,0,4,29
07/19/2022,BDR,CT,ANE,EN,Federal Contract Tower,0,6,2,0,8,0,8,102,0,110,0,14,104,0,118,180,0,180,298
07/20/2022,BDR,CT,ANE,EN,Federal Contract Tower,0,11,12,0,23,0,3,95,0,98,0,14,107,0,121,226,0,226,347
07/21/2022,BDR,CT,ANE,EN,Federal Contract Tower,0,9,7,0,16,0,10,58,0,68,0,19,65,0,84,110,0,110,194
07/22/2022,BDR,CT,ANE,EN,Federal Contract Tower,0,5,12,0,17,0,7,91,0,98,0,12,103,0,115,172,0,172,287
07/23/2022,BDR,CT,ANE,EN,Federal Contract Tower,0,4,7,0,11,0,7,81,0,88,0,11,88,0,99,172,0,172,271
07/24/2022,BDR,CT,ANE,EN,Federal Contract Tower,0,14,18,0,32,0,4,73,0,77,0,18,91,0,109,204,0,204,313
07/25/2022,BDR,CT,ANE,EN,Federal Contract Tower,0,15,15,0,30,0,6,26,0,32,0,21,41,0,62,64,0,64,126
07/26/2022,BDR,CT,ANE,EN,Federal Contract Tower,0,7,7,0,14,0,6,84,0,90,0,13,91,0,104,146,4,150,254
07/27/2022,BDR,CT,ANE,EN,Federal Contract Tower,0,7,15,0,22,0,6,93,2,101,0,13,108,2,123,222,0,222,345
07/28/2022,BDR,CT,ANE,EN,Federal Contract Tower,0,8,13,0,21,0,4,43,0,47,0,12,56,0,68,102,0,102,170
07/29/2022,BDR,CT,ANE,EN,Federal Contract Tower,0,11,9,0,20,0,17,97,0,114,0,28,106,0,134,138,0,138,272
07/30/2022,BDR,CT,ANE,EN,Federal Contract Tower,0,7,7,0,14,0,8,77,0,85,0,15,84,0,99,118,0,118,217
07/31/2022,BDR,CT,ANE,EN,Federal Contract Tower,0,7,9,0,16,0,12,120,0,132,0,19,129,0,148,184,0,184,332
08/01/2022,BDR,CT,ANE,EN,Federal Contract Tower,0,6,33,0,39,0,3,25,0,28,0,9,58,0,67,98,0,98,165
08/02/2022,BDR,CT,ANE,EN,Federal Contract Tower,0,7,7,0,14,0,6,94,0,100,0,13,101,0,114,124,0,124,238
08/03/2022,BDR,CT,ANE,EN,Federal Contract Tower,0,7,4,0,11,0,4,97,0,101,0,11,101,0,112,177,0,177,289
08/04/2022,BDR,CT,ANE,EN,Federal Contract Tower,0,10,6,0,16,0,9,112,0,121,0,19,118,0,137,188,0,188,325
08/05/2022,BDR,CT,ANE,EN,Federal Contract Tower,0,7,5,0,12,0,4,71,0,75,0,11,76,0,87,116,2,118,205
08/06/2022,BDR,CT,ANE,EN,Federal Contract Tower,0,5,7,0,12,0,6,65,0,71,0,11,72,0,83,106,0,106,189
08/07/2022,BDR,CT,ANE,EN,Federal Contract Tower,0,8,13,0,21,0,5,75,0,80,0,13,88,0,101,166,0,166,267
08/08/2022,BDR,CT,ANE,EN,Federal Contract Tower,0,9,6,0,15,0,4,60,0,64,0,13,66,0,79,156,0,156,235
08/09/2022,BDR,CT,ANE,EN,Federal Contract Tower,0,3,5,0,8,0,5,74,0,79,0,8,79,0,87,100,0,100,187
08/10/2022,BDR,CT,ANE,EN,Federal Contract Tower,0,5,7,0,12,0,1,68,0,69,0,6,75,0,81,196,0,196,277
08/11/2022,BDR,CT,ANE,EN,Federal Contract Tower,0,5,15,0,20,0,1,87,0,88,0,6,102,0,108,160,0,160,268
08/12/2022,BDR,CT,ANE,EN,Federal Contract Tower,0,8,5,0,13,0,3,111,0,114,0,11,116,0,127,262,0,262,389
08/13/2022,BDR,CT,ANE,EN,Federal Contract Tower,0,13,12,0,25,0,1,112,0,113,0,14,124,0,138,140,0,140,278
08/14/2022,BDR,CT,ANE,EN,Federal Contract Tower,0,7,12,0,19,0,2,129,0,131,0,9,141,0,150,270,0,270,420
08/15/2022,BDR,CT,ANE,EN,Federal Contract Tower,0,5,12,0,17,0,9,93,0,102,0,14,105,0,119,194,0,194,313
08/16/2022,BDR,CT,ANE,EN,Federal Contract Tower,0,4,6,0,10,0,8,96,0,104,0,12,102,0,114,178,0,178,292
08/17/2022,BDR,CT,ANE,EN,Federal Contract Tower,0,12,14,0,26,0,3,64,0,67,0,15,78,0,93,100,0,100,193
08/18/2022,BDR,CT,ANE,EN,Federal Contract Tower,0,3,9,0,12,0,2,89,0,91,0,5,98,0,103,158,0,158,261
08/19/2022,BDR,CT,ANE,EN,Federal Contract Tower,0,5,7,0,12,0,5,95,0,100,0,10,102,0,112,246,0,246,358
08/20/2022,BDR,CT,ANE,EN,Federal Contract Tower,0,11,10,0,21,0,3,105,0,108,0,14,115,0,129,188,0,188,317
08/21/2022,BDR,CT,ANE,EN,Federal Contract Tower,0,5,6,0,11,0,6,94,0,100,0,11,100,0,111,168,0,168,279
08/22/2022,BDR,CT,ANE,EN,Federal Contract Tower,0,14,9,0,23,0,0,2,0,2,0,14,11,0,25,10,0,10,35
08/23/2022,BDR,CT,ANE,EN,Federal Contract Tower,0,12,12,3,27,0,3,8,2,13,0,15,20,5,40,16,0,16,56
08/24/2022,BDR,CT,ANE,EN,Federal Contract Tower,0,4,10,0,14,0,13,135,0,148,0,17,145,0,162,288,0,288,450
08/25/2022,BDR,CT,ANE,EN,Federal Contract Tower,0,6,9,0,15,0,5,116,0,121,0,11,125,0,136,176,0,176,312
08/26/2022,BDR,CT,ANE,EN,Federal Contract Tower,0,11,10,0,21,0,2,86,0,88,0,13,96,0,109,112,0,112,221
08/27/2022,BDR,CT,ANE,EN,Federal Contract Tower,0,13,8,0,21,0,4,150,0,154,0,17,158,0,175,180,0,180,355
08/28/2022,BDR,CT,ANE,EN,Federal Contract Tower,0,5,13,0,18,0,6,72,0,78,0,11,85,0,96,122,0,122,218
08/29/2022,BDR,CT,ANE,EN,Federal Contract Tower,0,4,8,0,12,0,2,67,0,69,0,6,75,0,81,98,0,98,179
08/30/2022,BDR,CT,ANE,EN,Federal Contract Tower,0,6,12,0,18,0,2,42,4,48,0,8,54,4,66,70,0,70,136
08/31/2022,BDR,CT,ANE,EN,Federal Contract Tower,0,13,11,0,24,0,3,119,0,122,0,16,130,0,146,110,0,110,256
09/01/2022,BDR,CT,ANE,EN,Federal Contract Tower,0,11,12,0,23,0,6,107,0,113,0,17,119,0,136,84,0,84,220
09/02/2022,BDR,CT,ANE,EN,Federal Contract Tower,0,9,7,0,16,0,3,125,0,128,0,12,132,0,144,248,0,248,392
09/03/2022,BDR,CT,ANE,EN,Federal Contract Tower,0,5,4,0,9,0,3,93,0,96,0,8,97,0,105,314,0,314,419
09/04/2022,BDR,CT,ANE,EN,Federal Contract Tower,0,4,5,0,9,0,1,44,0,45,0,5,49,0,54,184,0,184,238
09/05/2022,BDR,CT,ANE,EN,Federal Contract Tower,0,10,16,0,26,0,6,15,0,21,0,16,31,0,47,62,0,62,109
09/06/2022,BDR,CT,ANE,EN,Federal Contract Tower,0,11,19,0,30,0,0,0,0,0,0,11,19,0,30,0,0,0,30
09/07/2022,BDR,CT,ANE,EN,Federal Contract Tower,0,10,9,0,19,0,0,28,0,28,0,10,37,0,47,58,6,64,111
09/08/2022,BDR,CT,ANE,EN,Federal Contract Tower,0,9,10,0,19,0,8,95,0,103,0,17,105,0,122,224,0,224,346
09/09/2022,BDR,CT,ANE,EN,Federal Contract Tower,0,6,9,0,15,0,3,97,0,100,0,9,106,0,115,238,0,238,353
09/10/2022,BDR,CT,ANE,EN,Federal Contract Tower,0,6,2,0,8,0,1,92,0,93,0,7,94,0,101,178,0,178,279
09/11/2022,BDR,CT,ANE,EN,Federal Contract Tower,0,15,12,1,28,0,1,64,0,65,0,16,76,1,93,112,0,112,205
09/12/2022,BDR,CT,ANE,EN,Federal Contract Tower,0,10,10,0,20,0,0,30,0,30,0,10,40,0,50,28,2,30,80
09/13/2022,BDR,CT,ANE,EN,Federal Contract Tower,0,8,17,1,26,0,0,17,1,18,0,8,34,2,44,16,0,16,60
09/14/2022,BDR,CT,ANE,EN,Federal Contract Tower,0,5,5,0,10,0,8,66,1,75,0,13,71,1,85,194,0,194,279
09/15/2022,BDR,CT,ANE,EN,Federal Contract Tower,0,13,4,0,17,0,2,51,0,53,0,15,55,0,70,96,0,96,166
09/16/2022,BDR,CT,ANE,EN,Federal Contract Tower,0,11,12,0,23,0,5,87,0,92,0,16,99,0,115,190,0,190,305
09/17/2022,BDR,CT,ANE,EN,Federal Contract Tower,0,2,8,0,10,0,0,103,0,103,0,2,111,0,113,244,0,244,357
09/18/2022,BDR,CT,ANE,EN,Federal Contract Tower,0,5,19,0,24,0,8,90,0,98,0,13,109,0,122,168,0,168,290
09/19/2022,BDR,CT,ANE,EN,Federal Contract Tower,0,10,8,0,18,0,6,57,0,63,0,16,65,0,81,138,0,138,219
09/20/2022,BDR,CT,ANE,EN,Federal Contract Tower,0,7,6,0,13,0,0,63,0,63,0,7,69,0,76,128,0,128,204
09/21/2022,BDR,CT,ANE,EN,Federal Contract Tower,0,15,9,0,24,0,2,93,0,95,0,17,102,0,119,170,0,170,289
09/22/2022,BDR,CT,ANE,EN,Federal Contract Tower,0,14,6,0,20,0,1,12,0,13,0,15,18,0,33,24,0,24,57
09/23/2022,BDR,CT,ANE,EN,Federal Contract Tower,0,6,11,0,17,0,2,29,0,31,0,8,40,0,48,32,0,32,80
09/24/2022,BDR,CT,ANE,EN,Federal Contract Tower,0,7,1,0,8,0,3,71,0,74,0,10,72,0,82,130,0,130,212
09/25/2022,BDR,CT,ANE,EN,Federal Contract Tower,0,9,12,0,21,0,1,61,0,62,0,10,73,0,83,144,0,144,227
09/26/2022,BDR,CT,ANE,EN,Federal Contract Tower,0,12,10,0,22,0,2,49,0,51,0,14,59,0,73,136,0,136,209
09/27/2022,BDR,CT,ANE,EN,Federal Contract Tower,0,5,7,0,12,0,4,72,0,76,0,9,79,0,88,164,0,164,252
09/28/2022,BDR,CT,ANE,EN,Federal Contract Tower,0,9,7,0,16,0,1,69,0,70,0,10,76,0,86,186,0,186,272
09/29/2022,BDR,CT,ANE,EN,Federal Contract Tower,0,1,4,0,5,0,6,64,0,70,0,7,68,0,75,122,0,122,197
09/30/2022,BDR,CT,ANE,EN,Federal Contract Tower,0,6,17,0,23,0,4,72,0,76,0,10,89,0,99,228,0,228,327
10/01/2022,BDR,CT,ANE,EN,Federal Contract Tower,0,5,15,0,20,0,0,2,0,2,0,5,17,0,22,2,0,2,24
10/02/2022,BDR,CT,ANE,EN,Federal Contract Tower,0,6,12,0,18,0,1,13,0,14,0,7,25,0,32,0,0,0,32
10/03/2022,BDR,CT,ANE,EN,Federal Contract Tower,0,12,6,0,18,0,2,11,0,13,0,14,17,0,31,6,0,6,37
10/04/2022,BDR,CT,ANE,EN,Federal Contract Tower,0,9,5,0,14,0,0,0,0,0,0,9,5,0,14,0,0,0,14
10/05/2022,BDR,CT,ANE,EN,Federal Contract Tower,0,9,7,0,16,0,0,1,0,1,0,9,8,0,17,0,0,0,17
10/06/2022,BDR,CT,ANE,EN,Federal Contract Tower,0,8,8,0,16,0,2,140,1,143,0,10,148,1,159,242,0,242,401
10/07/2022,BDR,CT,ANE,EN,Federal Contract Tower,0,10,8,0,18,0,5,105,0,110,0,15,113,0,128,148,0,148,276
10/08/2022,BDR,CT,ANE,EN,Federal Contract Tower,0,7,2,0,9,0,9,111,0,120,0,16,113,0,129,148,0,148,277
10/09/2022,BDR,CT,ANE,EN,Federal Contract Tower,0,10,6,0,16,0,4,116,0,120,0,14,122,0,136,308,0,308,444
10/10/2022,BDR,CT,ANE,EN,Federal Contract Tower,0,10,9,0,19,0,3,71,0,74,0,13,80,0,93,240,0,240,333
10/11/2022,BDR,CT,ANE,EN,Federal Contract Tower,0,1,4,1,6,0,4,67,0,71,0,5,71,1,77,128,0,128,205
10/12/2022,BDR,CT,ANE,EN,Federal Contract Tower,0,5,10,0,15,0,0,110,0,110,0,5,120,0,125,196,0,196,321
10/13/2022,BDR,CT,ANE,EN,Federal Contract Tower,0,6,7,0,13,0,3,10,0,13,0,9,17,0,26,2,0,2,28
10/14/2022,BDR,CT,ANE,EN,Federal Contract Tower,0,5,19,0,24,0,3,61,0,64,0,8,80,0,88,118,0,118,206
10/15/2022,BDR,CT,ANE,EN,Federal Contract Tower,0,8,7,0,15,0,2,96,0,98,0,10,103,0,113,236,0,236,349
10/16/2022,BDR,CT,ANE,EN,Federal Contract Tower,0,14,5,0,19,0,3,93,0,96,0,17,98,0,115,230,0,230,345
10/17/2022,BDR,CT,ANE,EN,Federal Contract Tower,0,9,11,2,22,0,2,14,0,16,0,11,25,2,38,62,0,62,100
10/18/2022,BDR,CT,ANE,EN,Federal Contract Tower,0,5,8,0,13,0,4,44,0,48,0,9,52,0,61,194,2,196,257
10/19/2022,BDR,CT,ANE,EN,Federal Contract Tower,0,13,8,0,21,0,3,60,0,63,0,16,68,0,84,136,0,136,220
10/20/2022,BDR,CT,ANE,EN,Federal Contract Tower,0,3,5,0,8,0,7,55,0,62,0,10,60,0,70,46,0,46,116
10/21/2022,BDR,CT,ANE,EN,Federal Contract Tower,0,11,9,0,20,0,2,89,0,91,0,13,98,0,111,228,0,228,339
10/22/2022,BDR,CT,ANE,EN,Federal Contract Tower,0,0,11,0,11,0,0,116,0,116,0,0,127,0,127,212,0,212,339
10/23/2022,BDR,CT,ANE,EN,Federal Contract Tower,0,5,13,0,18,0,0,29,0,29,0,5,42,0,47,36,0,36,83
10/24/2022,BDR,CT,ANE,EN,Federal Contract Tower,0,10,9,0,19,0,0,0,0,0,0,10,9,0,19,0,0,0,19
10/25/2022,BDR,CT,ANE,EN,Federal Contract Tower,0,1,11,0,12,0,0,0,0,0,0,1,11,0,12,0,0,0,12
10/26/2022,BDR,CT,ANE,EN,Federal Contract Tower,0,8,16,0,24,0,0,0,0,0,0,8,16,0,24,0,0,0,24
10/27/2022,BDR,CT,ANE,EN,Federal Contract Tower,0,9,6,0,15,0,2,76,0,78,0,11,82,0,93,116,0,116,209
10/28/2022,BDR,CT,ANE,EN,Federal Contract Tower,0,8,10,0,18,0,5,74,0,79,0,13,84,0,97,260,0,260,357
10/29/2022,BDR,CT,ANE,EN,Federal Contract Tower,0,8,11,0,19,0,3,105,2,110,0,11,116,2,129,160,0,160,289
10/30/2022,BDR,CT,ANE,EN,Federal Contract Tower,0,6,8,0,14,0,2,73,0,75,0,8,81,0,89,224,0,224,313
10/31/2022,BDR,CT,ANE,EN,Federal Contract Tower,0,3,4,0,7,0,2,70,0,72,0,5,74,0,79,164,6,170,249
11/01/2022,BDR,CT,ANE,EN,Federal Contract Tower,0,10,15,0,25,0,0,5,0,5,0,10,20,0,30,26,0,26,56
11/02/2022,BDR,CT,ANE,EN,Federal Contract Tower,0,6,12,0,18,0,3,64,2,69,0,9,76,2,87,142,6,148,235
11/03/2022,BDR,CT,ANE,EN,Federal Contract Tower,0,4,8,0,12,0,18,71,6,95,0,22,79,6,107,96,0,96,203
11/04/2022,BDR,CT,ANE,EN,Federal Contract Tower,0,11,13,0,24,0,0,26,2,28,0,11,39,2,52,56,0,56,108
11/05/2022,BDR,CT,ANE,EN,Federal Contract Tower,0,4,9,0,13,0,0,71,0,71,0,4,80,0,84,238,0,238,322
11/06/2022,BDR,CT,ANE,EN,Federal Contract Tower,0,11,16,0,27,0,1,66,0,67,0,12,82,0,94,156,0,156,250
11/07/2022,BDR,CT,ANE,EN,Federal Contract Tower,0,3,9,0,12,0,2,77,0,79,0,5,86,0,91,158,0,158,249
11/08/2022,BDR,CT,ANE,EN,Federal Contract Tower,0,4,9,0,13,0,0,29,0,29,0,4,38,0,42,18,0,18,60
11/09/2022,BDR,CT,ANE,EN,Federal Contract Tower,0,9,3,0,12,0,2,96,0,98,0,11,99,0,110,260,0,260,370
11/10/2022,BDR,CT,ANE,EN,Federal Contract Tower,0,7,3,2,12,0,2,57,0,59,0,9,60,2,71,112,0,112,183
11/11/2022,BDR,CT,ANE,EN,Federal Contract Tower,0,7,10,2,19,0,2,4,0,6,0,9,14,2,25,18,0,18,43
11/12/2022,BDR,CT,ANE,EN,Federal Contract Tower,0,8,4,0,12,0,0,46,0,46,0,8,50,0,58,52,0,52,110
11/13/2022,BDR,CT,ANE,EN,Federal Contract Tower,0,4,19,0,23,0,2,28,0,30,0,6,47,0,53,22,0,22,75
11/14/2022,BDR,CT,ANE,EN,Federal Contract Tower,0,5,7,0,12,0,3,56,0,59,0,8,63,0,71,122,0,122,193
11/15/2022,BDR,CT,ANE,EN,Federal Contract Tower,0,6,9,0,15,0,1,74,0,75,0,7,83,0,90,74,0,74,164
11/16/2022,BDR,CT,ANE,EN,Federal Contract Tower,0,2,12,0,14,0,0,12,0,12,0,2,24,0,26,2,0,2,28
11/17/2022,BDR,CT,ANE,EN,Federal Contract Tower,0,8,4,0,12,0,4,61,0,65,0,12,65,0,77,54,0,54,131
11/18/2022,BDR,CT,ANE,EN,Federal Contract Tower,0,8,8,0,16,0,1,61,0,62,0,9,69,0,78,102,0,102,180
11/19/2022,BDR,CT,ANE,EN,Federal Contract Tower,0,6,8,0,14,0,0,96,1,97,0,6,104,1,111,220,0,220,331
11/20/2022,BDR,CT,ANE,EN,Federal Contract Tower,0,10,7,0,17,0,0,14,0,14,0,10,21,0,31,54,0,54,85
11/21/2022,BDR,CT,ANE,EN,Federal Contract Tower,0,7,1,0,8,0,5,60,2,67,0,12,61,2,75,150,2,152,227
11/22/2022,BDR,CT,ANE,EN,Federal Contract Tower,0,9,8,1,18,0,4,69,1,74,0,13,77,2,92,216,0,216,308
11/23/2022,BDR,CT,ANE,EN,Federal Contract Tower,0,4,11,0,15,0,0,86,0,86,0,4,97,0,101,194,0,194,295
11/24/2022,BDR,CT,ANE,EN,Federal Contract Tower,0,3,2,0,5,0,0,31,0,31,0,3,33,0,36,46,0,46,82
11/25/2022,BDR,CT,ANE,EN,Federal Contract Tower,0,5,9,0,14,0,2,18,0,20,0,7,27,0,34,20,0,20,54
11/26/2022,BDR,CT,ANE,EN,Federal Contract Tower,0,2,8,0,10,0,0,114,0,114,0,2,122,0,124,216,0,216,340
11/27/2022,BDR,CT,ANE,EN,Federal Contract Tower,0,6,12,0,18,0,2,20,0,22,0,8,32,0,40,66,0,66,106
11/28/2022,BDR,CT,ANE,EN,Federal Contract Tower,0,8,10,0,18,0,7,35,0,42,0,15,45,0,60,48,0,48,108
11/29/2022,BDR,CT,ANE,EN,Federal Contract Tower,0,11,6,0,17,0,4,82,0,86,0,15,88,0,103,192,4,196,299
11/30/2022,BDR,CT,ANE,EN,Federal Contract Tower,0,3,0,0,3,0,0,4,0,4,0,3,4,0,7,2,0,2,9
12/01/2022,BDR,CT,ANE,EN,Federal Contract Tower,0,9,2,0,11,0,0,35,2,37,0,9,37,2,48,24,0,24,72
12/02/2022,BDR,CT,ANE,EN,Federal Contract Tower,0,5,7,0,12,0,3,81,2,86,0,8,88,2,98,130,4,134,232
12/03/2022,BDR,CT,ANE,EN,Federal Contract Tower,0,0,1,0,1,0,0,1,0,1,0,0,2,0,2,0,0,0,2
12/04/2022,BDR,CT,ANE,EN,Federal Contract Tower,0,6,8,0,14,0,2,105,0,107,0,8,113,0,121,176,0,176,297
12/05/2022,BDR,CT,ANE,EN,Federal Contract Tower,0,3,5,0,8,0,1,70,6,77,0,4,75,6,85,166,4,170,255
12/06/2022,BDR,CT,ANE,EN,Federal Contract Tower,0,0,14,0,14,0,0,25,0,25,0,0,39,0,39,20,0,20,59
12/07/2022,BDR,CT,ANE,EN,Federal Contract Tower,0,0,4,0,4,0,0,1,0,1,0,0,5,0,5,0,0,0,5
12/08/2022,BDR,CT,ANE,EN,Federal Contract Tower,0,6,7,0,13,0,2,58,0,60,0,8,65,0,73,82,0,82,155
12/09/2022,BDR,CT,ANE,EN,Federal Contract Tower,0,8,3,0,11,0,3,62,0,65,0,11,65,0,76,138,0,138,214
12/10/2022,BDR,CT,ANE,EN,Federal Contract Tower,0,0,8,0,8,0,1,56,0,57,0,1,64,0,65,204,0,204,269
12/11/2022,BDR,CT,ANE,EN,Federal Contract Tower,0,4,13,0,17,0,0,6,0,6,0,4,19,0,23,0,0,0,23
12/12/2022,BDR,CT,ANE,EN,Federal Contract Tower,0,5,3,0,8,0,2,42,0,44,0,7,45,0,52,56,2,58,110
12/13/2022,BDR,CT,ANE,EN,Federal Contract Tower,0,0,7,0,7,0,1,82,0,83,0,1,89,0,90,206,0,206,296
12/14/2022,BDR,CT,ANE,EN,Federal Contract Tower,0,6,8,0,14,0,2,48,2,52,0,8,56,2,66,64,2,66,132
12/15/2022,BDR,CT,ANE,EN,Federal Contract Tower,0,6,4,0,10,0,2,23,0,25,0,8,27,0,35,76,0,76,111
12/16/2022,BDR,CT,ANE,EN,Federal Contract Tower,0,2,3,0,5,0,0,0,0,0,0,2,3,0,5,0,0,0,5
12/17/2022,BDR,CT,ANE,EN,Federal Contract Tower,0,4,4,0,8,0,2,91,0,93,0,6,95,0,101,172,0,172,273
12/18/2022,BDR,CT,ANE,EN,Federal Contract Tower,0,7,1,0,8,0,3,82,1,86,0,10,83,1,94,196,0,196,290
12/19/2022,BDR,CT,ANE,EN,Federal Contract Tower,0,4,6,0,10,0,6,39,0,45,0,10,45,0,55,82,6,88,143
12/20/2022,BDR,CT,ANE,EN,Federal Contract Tower,0,2,6,0,8,0,0,74,0,74,0,2,80,0,82,196,0,196,278
12/21/2022,BDR,CT,ANE,EN,Federal Contract Tower,0,4,17,0,21,0,0,118,0,118,0,4,135,0,139,199,0,199,338
12/22/2022,BDR,CT,ANE,EN,Federal Contract Tower,0,9,7,0,16,0,1,22,0,23,0,10,29,0,39,28,0,28,67
12/23/2022,BDR,CT,ANE,EN,Federal Contract Tower,0,2,2,0,4,0,0,0,0,0,0,2,2,0,4,0,0,0,4
12/24/2022,BDR,CT,ANE,EN,Federal Contract Tower,0,4,1,0,5,0,0,7,0,7,0,4,8,0,12,0,0,0,12
12/25/2022,BDR,CT,ANE,EN,Federal Contract Tower,0,2,0,0,2,0,0,3,0,3,0,2,3,0,5,16,0,16,21
12/26/2022,BDR,CT,ANE,EN,Federal Contract Tower,0,5,13,0,18,0,0,57,0,57,0,5,70,0,75,110,0,110,185
12/27/2022,BDR,CT,ANE,EN,Federal Contract Tower,0,4,0,0,4,0,0,65,0,65,0,4,65,0,69,212,0,212,281
12/28/2022,BDR,CT,ANE,EN,Federal Contract Tower,0,5,10,0,15,0,0,83,0,83,0,5,93,0,98,256,0,256,354
12/29/2022,BDR,CT,ANE,EN,Federal Contract Tower,0,6,3,0,9,0,1,74,0,75,0,7,77,0,84,204,0,204,288
12/30/2022,BDR,CT,ANE,EN,Federal Contract Tower,0,2,4,0,6,0,0,83,0,83,0,2,87,0,89,215,0,215,304
12/31/2022,BDR,CT,ANE,EN,Federal Contract Tower,0,0,4,0,4,0,0,0,0,0,0,0,4,0,4,0,0,0,4
01/01/2023,BDR,CT,ANE,EN,Federal Contract Tower,0,4,4,0,8,0,0,26,0,26,0,4,30,0,34,92,0,92,126
01/02/2023,BDR,CT,ANE,EN,Federal Contract Tower,0,5,8,0,13,0,4,68,0,72,0,9,76,0,85,108,0,108,193
01/03/2023,BDR,CT,ANE,EN,Federal Contract Tower,0,6,4,0,10,0,0,0,0,0,0,6,4,0,10,0,0,0,10
01/04/2023,BDR,CT,ANE,EN,Federal Contract Tower,0,2,5,1,8,0,0,27,2,29,0,2,32,3,37,42,0,42,79
01/05/2023,BDR,CT,ANE,EN,Federal Contract Tower,0,2,7,0,9,0,0,0,0,0,0,2,7,0,9,0,0,0,9
01/06/2023,BDR,CT,ANE,EN,Federal Contract Tower,0,4,3,0,7,0,0,11,0,11,0,4,14,0,18,0,0,0,18
01/07/2023,BDR,CT,ANE,EN,Federal Contract Tower,0,2,5,0,7,0,0,75,0,75,0,2,80,0,82,250,0,250,332
01/08/2023,BDR,CT,ANE,EN,Federal Contract Tower,0,6,10,0,16,0,1,78,0,79,0,7,88,0,95,198,0,198,293
01/09/2023,BDR,CT,ANE,EN,Federal Contract Tower,0,4,3,0,7,0,2,40,0,42,0,6,43,0,49,38,0,38,87
01/10/2023,BDR,CT,ANE,EN,Federal Contract Tower,0,3,14,0,17,0,0,63,4,67,0,3,77,4,84,158,0,158,242
01/11/2023,BDR,CT,ANE,EN,Federal Contract Tower,0,1,8,0,9,0,1,81,0,82,0,2,89,0,91,104,0,104,195
01/12/2023,BDR,CT,ANE,EN,Federal Contract Tower,0,4,2,0,6,0,0,3,0,3,0,4,5,0,9,16,0,16,25
01/13/2023,BDR,CT,ANE,EN,Federal Contract Tower,0,6,6,0,12,0,0,21,0,21,0,6,27,0,33,52,0,52,85
01/14/2023,BDR,CT,ANE,EN,Federal Contract Tower,0,5,1,0,6,0,0,25,0,25,0,5,26,0,31,56,0,56,87
01/15/2023,BDR,CT,ANE,EN,Federal Contract Tower,0,5,2,0,7,0,0,39,0,39,0,5,41,0,46,70,0,70,116
01/16/2023,BDR,CT,ANE,EN,Federal Contract Tower,0,9,14,0,23,0,0,60,0,60,0,9,74,0,83,126,0,126,209
01/17/2023,BDR,CT,ANE,EN,Federal Contract Tower,0,8,4,1,13,0,2,57,2,61,0,10,61,3,74,158,0,158,232
01/18/2023,BDR,CT,ANE,EN,Federal Contract Tower,0,4,7,2,13,0,0,65,0,65,0,4,72,2,78,110,0,110,188
01/19/2023,BDR,CT,ANE,EN,Federal Contract Tower,0,3,9,0,12,0,0,2,0,2,0,3,11,0,14,16,0,16,30
01/20/2023,BDR,CT,ANE,EN,Federal Contract Tower,0,9,8,0,17,0,0,36,0,36,0,9,44,0,53,44,0,44,97
01/21/2023,BDR,CT,ANE,EN,Federal Contract Tower,0,4,8,0,12,0,0,91,0,91,0,4,99,0,103,146,0,146,249
01/22/2023,BDR,CT,ANE,EN,Federal Contract Tower,0,4,2,2,8,0,0,68,0,68,0,4,70,2,76,126,0,126,202
01/23/2023,BDR,CT,ANE,EN,Federal Contract Tower,0,4,2,0,6,0,0,4,0,4,0,4,6,0,10,0,0,0,10
01/24/2023,BDR,CT,ANE,EN,Federal Contract Tower,0,1,4,2,7,0,0,46,0,46,0,1,50,2,53,70,0,70,123
01/25/2023,BDR,CT,ANE,EN,Federal Contract Tower,0,3,2,0,5,0,0,3,0,3,0,3,5,0,8,38,0,38,46
01/26/2023,BDR,CT,ANE,EN,Federal Contract Tower,0,4,2,0,6,0,1,37,2,40,0,5,39,2,46,14,0,14,60
01/27/2023,BDR,CT,ANE,EN,Federal Contract Tower,0,5,9,0,14,0,1,83,0,84,0,6,92,0,98,128,0,128,226
01/28/2023,BDR,CT,ANE,EN,Federal Contract Tower,0,4,3,0,7,0,2,103,0,105,0,6,106,0,112,308,0,308,420
01/29/2023,BDR,CT,ANE,EN,Federal Contract Tower,0,2,5,0,7,0,0,174,0,174,0,2,179,0,181,252,0,252,433
01/30/2023,BDR,CT,ANE,EN,Federal Contract Tower,0,8,9,0,17,0,0,72,0,72,0,8,81,0,89,190,0,190,279
01/31/2023,BDR,CT,ANE,EN,Federal Contract Tower,0,6,5,0,11,0,0,31,0,31,0,6,36,0,42,74,0,74,116
02/01/2023,BDR,CT,ANE,EN,Federal Contract Tower,0,5,6,0,11,0,0,88,0,88,0,5,94,0,99,180,0,180,279
02/02/2023,BDR,CT,ANE,EN,Federal Contract Tower,0,2,5,0,7,0,0,68,0,68,0,2,73,0,75,170,0,170,245
02/03/2023,BDR,CT,ANE,EN,Federal Contract Tower,0,3,3,0,6,0,0,10,2,12,0,3,13,2,18,0,0,0,18
02/04/2023,BDR,CT,ANE,EN,Federal Contract Tower,0,2,3,0,5,0,0,30,0,30,0,2,33,0,35,76,0,76,111
02/05/2023,BDR,CT,ANE,EN,Federal Contract Tower,0,11,8,0,19,0,1,61,3,65,0,12,69,3,84,202,0,202,286
02/06/2023,BDR,CT,ANE,EN,Federal Contract Tower,0,2,8,0,10,0,2,27,0,29,0,4,35,0,39,62,0,62,101
02/07/2023,BDR,CT,ANE,EN,Federal Contract Tower,0,0,5,0,5,0,1,76,0,77,0,1,81,0,82,232,0,232,314
02/08/2023,BDR,CT,ANE,EN,Federal Contract Tower,0,5,9,0,14,0,1,90,0,91,0,6,99,0,105,158,0,158,263
02/09/2023,BDR,CT,ANE,EN,Federal Contract Tower,0,3,4,0,7,0,2,16,0,18,0,5,20,0,25,84,0,84,109
02/10/2023,BDR,CT,ANE,EN,Federal Contract Tower,0,2,4,0,6,0,1,39,0,40,0,3,43,0,46,28,0,28,74
02/11/2023,BDR,CT,ANE,EN,Federal Contract Tower,0,2,3,0,5,0,0,84,0,84,0,2,87,0,89,146,0,146,235
02/12/2023,BDR,CT,ANE,EN,Federal Contract Tower,0,3,3,0,6,0,0,89,0,89,0,3,92,0,95,156,0,156,251
02/13/2023,BDR,CT,ANE,EN,Federal Contract Tower,0,4,4,2,10,0,1,54,0,55,0,5,58,2,65,100,0,100,165
02/14/2023,BDR,CT,ANE,EN,Federal Contract Tower,0,5,6,0,11,0,0,63,0,63,0,5,69,0,74,176,0,176,250
02/15/2023,BDR,CT,ANE,EN,Federal Contract Tower,0,3,4,0,7,0,0,55,0,55,0,3,59,0,62,82,0,82,144
02/16/2023,BDR,CT,ANE,EN,Federal Contract Tower,0,8,2,0,10,0,0,59,0,59,0,8,61,0,69,142,0,142,211
02/17/2023,BDR,CT,ANE,EN,Federal Contract Tower,0,8,7,0,15,0,0,1,0,1,0,8,8,0,16,0,0,0,16
02/18/2023,BDR,CT,ANE,EN,Federal Contract Tower,0,2,10,0,12,0,3,108,1,112,0,5,118,1,124,206,0,206,330
02/19/2023,BDR,CT,ANE,EN,Federal Contract Tower,0,1,8,0,9,0,0,84,0,84,0,1,92,0,93,218,0,218,311
02/20/2023,BDR,CT,ANE,EN,Federal Contract Tower,0,1,5,0,6,0,0,46,0,46,0,1,51,0,52,162,0,162,214
02/21/2023,BDR,CT,ANE,EN,Federal Contract Tower,0,2,5,0,7,0,0,12,0,12,0,2,17,0,19,32,0,32,51
02/22/2023,BDR,CT,ANE,EN,Federal Contract Tower,0,1,5,0,6,0,0,59,0,59,0,1,64,0,65,94,0,94,159
02/23/2023,BDR,CT,ANE,EN,Federal Contract Tower,0,3,6,0,9,0,0,0,0,0,0,3,6,0,9,0,0,0,9
02/24/2023,BDR,CT,ANE,EN,Federal Contract Tower,0,0,6,0,6,0,0,21,0,21,0,0,27,0,27,10,0,10,37
02/25/2023,BDR,CT,ANE,EN,Federal Contract Tower,0,0,2,0,2,0,0,23,0,23,0,0,25,0,25,36,0,36,61
02/26/2023,BDR,CT,ANE,EN,Federal Contract Tower,0,3,10,0,13,0,0,22,0,22,0,3,32,0,35,98,0,98,133
02/27/2023,BDR,CT,ANE,EN,Federal Contract Tower,0,4,6,0,10,0,0,60,0,60,0,4,66,0,70,110,0,110,180
03/01/2023,BDR,CT,ANE,EN,Federal Contract Tower,0,7,6,0,13,0,1,33,0,34,0,8,39,0,47,152,0,152,199
03/02/2023,BDR,CT,ANE,EN,Federal Contract Tower,0,4,4,0,8,0,0,13,0,13,0,4,17,0,21,32,0,32,53
03/03/2023,BDR,CT,ANE,EN,Federal Contract Tower,0,7,4,0,11,0,0,74,0,74,0,7,78,0,85,124,0,124,209
03/04/2023,BDR,CT,ANE,EN,Federal Contract Tower,0,3,2,0,5,0,0,6,0,6,0,3,8,0,11,42,0,42,53
03/05/2023,BDR,CT,ANE,EN,Federal Contract Tower,0,5,12,0,17,0,3,97,0,100,0,8,109,0,117,260,0,260,377
03/06/2023,BDR,CT,ANE,EN,Federal Contract Tower,0,8,7,0,15,0,0,46,0,46,0,8,53,0,61,86,0,86,147
03/07/2023,BDR,CT,ANE,EN,Federal Contract Tower,0,4,3,0,7,0,0,12,0,12,0,4,15,0,19,24,0,24,43
03/08/2023,BDR,CT,ANE,EN,Federal Contract Tower,0,5,3,0,8,0,8,11,0,19,0,13,14,0,27,6,0,6,33
03/09/2023,BDR,CT,ANE,EN,Federal Contract Tower,0,4,4,0,8,0,0,50,0,50,0,4,54,0,58,122,0,122,180
03/10/2023,BDR,CT,ANE,EN,Federal Contract Tower,0,3,8,0,11,0,0,62,0,62,0,3,70,0,73,96,0,96,169
03/11/2023,BDR,CT,ANE,EN,Federal Contract Tower,0,10,6,0,16,0,1,7,0,8,0,11,13,0,24,0,0,0,24
03/12/2023,BDR,CT,ANE,EN,Federal Contract Tower,0,8,6,0,14,0,0,117,0,117,0,8,123,0,131,208,0,208,339
03/13/2023,BDR,CT,ANE,EN,Federal Contract Tower,0,5,2,0,7,0,0,0,0,0,0,5,2,0,7,0,0,0,7
03/14/2023,BDR,CT,ANE,EN,Federal Contract Tower,0,2,0,0,2,0,0,0,0,0,0,2,0,0,2,0,0,0,2
03/15/2023,BDR,CT,ANE,EN,Federal Contract Tower,0,4,1,0,5,0,0,16,0,16,0,4,17,0,21,10,0,10,31
03/16/2023,BDR,CT,ANE,EN,Federal Contract Tower,0,14,9,0,23,0,5,71,0,76,0,19,80,0,99,214,0,214,313
03/17/2023,BDR,CT,ANE,EN,Federal Contract Tower,0,10,3,0,13,0,4,88,0,92,0,14,91,0,105,212,0,212,317
03/18/2023,BDR,CT,ANE,EN,Federal Contract Tower,0,5,6,0,11,0,0,118,0,118,0,5,124,0,129,181,0,181,310
03/19/2023,BDR,CT,ANE,EN,Federal Contract Tower,0,6,8,0,14,0,1,34,0,35,0,7,42,0,49,30,0,30,79
03/20/2023,BDR,CT,ANE,EN,Federal Contract Tower,0,5,4,0,9,0,1,68,0,69,0,6,72,0,78,162,0,162,240
03/21/2023,BDR,CT,ANE,EN,Federal Contract Tower,0,2,15,0,17,0,2,115,0,117,0,4,130,0,134,202,0,202,336
03/22/2023,BDR,CT,ANE,EN,Federal Contract Tower,0,3,12,0,15,0,2,89,0,91,0,5,101,0,106,236,4,240,346
03/23/2023,BDR,CT,ANE,EN,Federal Contract Tower,0,0,15,0,15,0,0,4,0,4,0,0,19,0,19,2,0,2,21
03/24/2023,BDR,CT,ANE,EN,Federal Contract Tower,0,4,12,0,16,0,1,85,0,86,0,5,97,0,102,196,2,198,300
03/25/2023,BDR,CT,ANE,EN,Federal Contract Tower,0,1,4,0,5,0,0,3,0,3,0,1,7,0,8,12,0,12,20
03/26/2023,BDR,CT,ANE,EN,Federal Contract Tower,0,3,3,0,6,0,0,76,0,76,0,3,79,0,82,162,0,162,244
03/27/2023,BDR,CT,ANE,EN,Federal Contract Tower,0,5,5,0,10,0,0,76,0,76,0,5,81,0,86,114,0,114,200
03/28/2023,BDR,CT,ANE,EN,Federal Contract Tower,0,1,0,0,1,0,0,61,0,61,0,1,61,0,62,122,0,122,184
03/29/2023,BDR,CT,ANE,EN,Federal Contract Tower,0,4,7,0,11,0,1,92,0,93,0,5,99,0,104,172,0,172,276
03/30/2023,BDR,CT,ANE,EN,Federal Contract Tower,0,8,13,0,21,0,2,53,0,55,0,10,66,0,76,116,0,116,192
03/31/2023,BDR,CT,ANE,EN,Federal Contract Tower,0,7,4,0,11,0,1,39,5,45,0,8,43,5,56,166,0,166,222
04/01/2023,BDR,CT,ANE,EN,Federal Contract Tower,0,3,4,0,7,0,0,0,0,0,0,3,4,0,7,0,0,0,7
04/02/2023,BDR,CT,ANE,EN,Federal Contract Tower,0,7,3,0,10,0,0,38,0,38,0,7,41,0,48,40,0,40,88
04/03/2023,BDR,CT,ANE,EN,Federal Contract Tower,0,1,9,0,10,0,0,65,0,65,0,1,74,0,75,184,0,184,259
04/04/2023,BDR,CT,ANE,EN,Federal Contract Tower,0,0,8,0,8,0,0,95,0,95,0,0,103,0,103,126,0,126,229
04/05/2023,BDR,CT,ANE,EN,Federal Contract Tower,0,5,6,0,11,0,0,6,0,6,0,5,12,0,17,0,0,0,17
04/06/2023,BDR,CT,ANE,EN,Federal Contract Tower,0,3,14,0,17,0,1,16,0,17,0,4,30,0,34,30,0,30,64
04/07/2023,BDR,CT,ANE,EN,Federal Contract Tower,0,4,6,0,10,0,3,81,0,84,0,7,87,0,94,88,0,88,182
04/08/2023,BDR,CT,ANE,EN,Federal Contract Tower,0,10,2,0,12,0,0,116,0,116,0,10,118,0,128,192,0,192,320
04/09/2023,BDR,CT,ANE,EN,Federal Contract Tower,0,7,6,0,13,0,1,57,0,58,0,8,63,0,71,140,0,140,211
04/10/2023,BDR,CT,ANE,EN,Federal Contract Tower,0,3,5,0,8,0,0,85,0,85,0,3,90,0,93,250,0,250,343
04/11/2023,BDR,CT,ANE,EN,Federal Contract Tower,0,3,4,0,7,0,2,55,0,57,0,5,59,0,64,204,0,204,268
04/12/2023,BDR,CT,ANE,EN,Federal Contract Tower,0,5,6,0,11,0,1,65,0,66,0,6,71,0,77,88,0,88,165
04/13/2023,BDR,CT,ANE,EN,Federal Contract Tower,0,4,3,0,7,0,5,95,0,100,0,9,98,0,107,194,0,194,301
04/14/2023,BDR,CT,ANE,EN,Federal Contract Tower,0,7,4,0,11,0,11,111,0,122,0,18,115,0,133,190,0,190,323
04/15/2023,BDR,CT,ANE,EN,Federal Contract Tower,0,0,15,0,15,0,0,11,0,11,0,0,26,0,26,10,0,10,36
04/16/2023,BDR,CT,ANE,EN,Federal Contract Tower,0,5,12,0,17,0,0,0,0,0,0,5,12,0,17,0,0,0,17
04/17/2023,BDR,CT,ANE,EN,Federal Contract Tower,0,3,7,0,10,0,0,10,0,10,0,3,17,0,20,8,0,8,28
04/18/2023,BDR,CT,ANE,EN,Federal Contract Tower,0,4,8,0,12,0,0,33,0,33,0,4,41,0,45,18,0,18,63
04/19/2023,BDR,CT,ANE,EN,Federal Contract Tower,0,1,7,1,9,0,0,77,0,77,0,1,84,1,86,114,0,114,200
04/20/2023,BDR,CT,ANE,EN,Federal Contract Tower,0,3,4,0,7,0,1,100,0,101,0,4,104,0,108,292,0,292,400
04/21/2023,BDR,CT,ANE,EN,Federal Contract Tower,0,8,10,0,18,0,3,110,0,113,0,11,120,0,131,178,0,178,309
04/22/2023,BDR,CT,ANE,EN,Federal Contract Tower,0,0,8,0,8,0,0,0,0,0,0,0,8,0,8,2,0,2,10
04/23/2023,BDR,CT,ANE,EN,Federal Contract Tower,0,1,15,0,16,0,1,36,0,37,0,2,51,0,53,56,0,56,109
04/24/2023,BDR,CT,ANE,EN,Federal Contract Tower,0,6,11,0,17,0,4,85,0,89,0,10,96,0,106,178,0,178,284
04/25/2023,BDR,CT,ANE,EN,Federal Contract Tower,0,2,7,0,9,0,5,61,1,67,0,7,68,1,76,170,0,170,246
04/26/2023,BDR,CT,ANE,EN,Federal Contract Tower,0,2,6,0,8,0,3,51,0,54,0,5,57,0,62,142,0,142,204
04/27/2023,BDR,CT,ANE,EN,Federal Contract Tower,0,9,12,0,21,0,0,18,0,18,0,9,30,0,39,32,0,32,71
04/28/2023,BDR,CT,ANE,EN,Federal Contract Tower,0,10,9,0,19,0,2,50,0,52,0,12,59,0,71,108,0,108,179
04/29/2023,BDR,CT,ANE,EN,Federal Contract Tower,0,8,1,0,9,0,0,0,0,0,0,8,1,0,9,0,0,0,9
04/30/2023,BDR,CT,ANE,EN,Federal Contract Tower,0,2,10,0,12,0,0,0,0,0,0,2,10,0,12,0,0,0,12
05/01/2023,BDR,CT,ANE,EN,Federal Contract Tower,0,3,6,0,9,0,0,38,0,38,0,3,44,0,47,62,0,62,109
05/02/2023,BDR,CT,ANE,EN,Federal Contract Tower,0,2,10,0,12,0,1,37,0,38,0,3,47,0,50,88,0,88,138
05/03/2023,BDR,CT,ANE,EN,Federal Contract Tower,0,13,5,0,18,0,1,68,0,69,0,14,73,0,87,114,0,114,201
05/04/2023,BDR,CT,ANE,EN,Federal Contract Tower,0,3,5,0,8,0,2,25,0,27,0,5,30,0,35,74,0,74,109
05/05/2023,BDR,CT,ANE,EN,Federal Contract Tower,0,8,10,0,18,0,1,79,0,80,0,9,89,0,98,172,0,172,270
05/06/2023,BDR,CT,ANE,EN,Federal Contract Tower,0,4,9,0,13,0,3,119,0,122,0,7,128,0,135,200,0,200,335
05/07/2023,BDR,CT,ANE,EN,Federal Contract Tower,0,4,7,0,11,0,4,142,2,148,0,8,149,2,159,202,2,204,363
05/08/2023,BDR,CT,ANE,EN,Federal Contract Tower,0,10,4,0,14,0,1,63,0,64,0,11,67,0,78,74,0,74,152
05/09/2023,BDR,CT,ANE,EN,Federal Contract Tower,0,7,11,0,18,0,0,90,0,90,0,7,101,0,108,194,0,194,302
05/10/2023,BDR,CT,ANE,EN,Federal Contract Tower,0,4,15,1,20,0,1,53,0,54,0,5,68,1,74,58,0,58,132
05/11/2023,BDR,CT,ANE,EN,Federal Contract Tower,0,2,7,0,9,0,0,80,0,80,0,2,87,0,89,204,0,204,293
05/12/2023,BDR,CT,ANE,EN,Federal Contract Tower,0,8,10,0,18,0,2,63,0,65,0,10,73,0,83,132,0,132,215
05/13/2023,BDR,CT,ANE,EN,Federal Contract Tower,0,3,3,0,6,0,1,91,0,92,0,4,94,0,98,156,0,156,254
05/14/2023,BDR,CT,ANE,EN,Federal Contract Tower,0,5,5,0,10,0,7,89,0,96,0,12,94,0,106,102,0,102,208
05/15/2023,BDR,CT,ANE,EN,Federal Contract Tower,0,6,7,0,13,0,6,64,0,70,0,12,71,0,83,88,0,88,171
05/16/2023,BDR,CT,ANE,EN,Federal Contract Tower,0,12,2,0,14,0,7,68,0,75,0,19,70,0,89,130,0,130,219
05/17/2023,BDR,CT,ANE,EN,Federal Contract Tower,0,8,3,0,11,0,10,26,0,36,0,18,29,0,47,10,6,16,63
05/18/2023,BDR,CT,ANE,EN,Federal Contract Tower,0,14,6,0,20,0,5,82,0,87,0,19,88,0,107,226,0,226,333
05/19/2023,BDR,CT,ANE,EN,Federal Contract Tower,0,9,6,0,15,0,4,83,0,87,0,13,89,0,102,168,0,168,270
05/20/2023,BDR,CT,ANE,EN,Federal Contract Tower,0,3,8,0,11,0,0,2,0,2,0,3,10,0,13,0,0,0,13
05/21/2023,BDR,CT,ANE,EN,Federal Contract Tower,0,11,14,0,25,0,13,126,0,139,0,24,140,0,164,176,0,176,340
05/22/2023,BDR,CT,ANE,EN,Federal Contract Tower,0,3,4,0,7,0,0,74,0,74,0,3,78,0,81,114,0,114,195
05/23/2023,BDR,CT,ANE,EN,Federal Contract Tower,0,3,8,0,11,0,1,92,0,93,0,4,100,0,104,170,0,170,274
05/24/2023,BDR,CT,ANE,EN,Federal Contract Tower,0,7,9,0,16,0,5,83,0,88,0,12,92,0,104,126,0,126,230
05/25/2023,BDR,CT,ANE,EN,Federal Contract Tower,0,8,11,0,19,0,8,93,0,101,0,16,104,0,120,140,0,140,260
05/26/2023,BDR,CT,ANE,EN,Federal Contract Tower,0,6,2,0,8,0,1,88,0,89,0,7,90,0,97,142,0,142,239
05/27/2023,BDR,CT,ANE,EN,Federal Contract Tower,0,4,2,0,6,0,3,94,0,97,0,7,96,0,103,304,0,304,407
05/28/2023,BDR,CT,ANE,EN,Federal Contract Tower,0,5,5,1,11,0,1,95,0,96,0,6,100,1,107,164,0,164,271
05/29/2023,BDR,CT,ANE,EN,Federal Contract Tower,0,4,4,0,8,0,5,84,0,89,0,9,88,0,97,116,0,116,213
05/30/2023,BDR,CT,ANE,EN,Federal Contract Tower,0,6,12,0,18,0,8,72,0,80,0,14,84,0,98,120,2,122,220
05/31/2023,BDR,CT,ANE,EN,Federal Contract Tower,0,4,4,0,8,0,5,83,0,88,0,9,87,0,96,140,0,140,236
06/01/2023,BDR,CT,ANE,EN,Federal Contract Tower,0,3,4,0,7,0,15,95,0,110,0,18,99,0,117,240,0,240,357
06/02/2023,BDR,CT,ANE,EN,Federal Contract Tower,0,10,3,0,13,0,5,51,0,56,0,15,54,0,69,102,0,102,171
06/03/2023,BDR,CT,ANE,EN,Federal Contract Tower,0,1,24,0,25,0,0,31,0,31,0,1,55,0,56,28,0,28,84
06/04/2023,BDR,CT,ANE,EN,Federal Contract Tower,0,8,5,0,13,0,8,97,0,105,0,16,102,0,118,50,0,50,168
06/05/2023,BDR,CT,ANE,EN,Federal Contract Tower,0,12,10,0,22,0,4,78,0,82,0,16,88,0,104,112,0,112,216
06/06/2023,BDR,CT,ANE,EN,Federal Contract Tower,0,8,12,0,20,0,5,44,6,55,0,13,56,6,75,58,0,58,133
06/07/2023,BDR,CT,ANE,EN,Federal Contract Tower,0,3,19,0,22,0,0,24,0,24,0,3,43,0,46,62,0,62,108
06/08/2023,BDR,CT,ANE,EN,Federal Contract Tower,0,12,10,0,22,0,4,23,0,27,0,16,33,0,49,44,0,44,93
06/09/2023,BDR,CT,ANE,EN,Federal Contract Tower,0,4,11,0,15,0,5,38,0,43,0,9,49,0,58,46,0,46,104
06/10/2023,BDR,CT,ANE,EN,Federal Contract Tower,0,5,11,0,16,0,2,86,0,88,0,7,97,0,104,158,0,158,262
06/11/2023,BDR,CT,ANE,EN,Federal Contract Tower,0,2,9,0,11,0,1,157,0,158,0,3,166,0,169,202,0,202,371
06/12/2023,BDR,CT,ANE,EN,Federal Contract Tower,0,6,8,0,14,0,2,34,0,36,0,8,42,0,50,94,0,94,144
06/13/2023,BDR,CT,ANE,EN,Federal Contract Tower,0,4,10,0,14,0,2,45,4,51,0,6,55,4,65,140,0,140,205
06/14/2023,BDR,CT,ANE,EN,Federal Contract Tower,0,8,4,0,12,0,6,48,0,54,0,14,52,0,66,86,2,88,154
06/15/2023,BDR,CT,ANE,EN,Federal Contract Tower,0,11,11,0,22,0,5,126,0,131,0,16,137,0,153,270,0,270,423
06/16/2023,BDR,CT,ANE,EN,Federal Contract Tower,0,7,14,0,21,0,4,56,0,60,0,11,70,0,81,142,0,142,223
06/17/2023,BDR,CT,ANE,EN,Federal Contract Tower,0,5,7,0,12,0,0,37,0,37,0,5,44,0,49,74,0,74,123
06/18/2023,BDR,CT,ANE,EN,Federal Contract Tower,0,11,7,0,18,0,2,94,2,98,0,13,101,2,116,150,0,150,266
06/19/2023,BDR,CT,ANE,EN,Federal Contract Tower,0,4,13,0,17,0,4,89,0,93,0,8,102,0,110,194,8,202,312
06/20/2023,BDR,CT,ANE,EN,Federal Contract Tower,0,6,8,0,14,0,5,62,0,67,0,11,70,0,81,148,2,150,231
06/21/2023,BDR,CT,ANE,EN,Federal Contract Tower,0,11,2,0,13,0,5,54,18,77,0,16,56,18,90,188,0,188,278
06/22/2023,BDR,CT,ANE,EN,Federal Contract Tower,0,2,12,0,14,0,1,24,2,27,0,3,36,2,41,16,4,20,61
06/23/2023,BDR,CT,ANE,EN,Federal Contract Tower,0,13,31,0,44,0,2,11,0,13,0,15,42,0,57,14,0,14,71
06/24/2023,BDR,CT,ANE,EN,Federal Contract Tower,0,1,12,0,13,0,0,7,0,7,0,1,19,0,20,8,0,8,28
06/25/2023,BDR,CT,ANE,EN,Federal Contract Tower,0,8,15,2,25,0,4,51,0,55,0,12,66,2,80,96,0,96,176
06/26/2023,BDR,CT,ANE,EN,Federal Contract Tower,0,7,8,1,16,0,1,8,2,11,0,8,16,3,27,0,6,6,33
06/27/2023,BDR,CT,ANE,EN,Federal Contract Tower,0,4,21,0,25,0,5,30,0,35,0,9,51,0,60,28,2,30,90
06/28/2023,BDR,CT,ANE,EN,Federal Contract Tower,0,8,11,0,19,0,2,39,0,41,0,10,50,0,60,58,0,58,118
06/29/2023,BDR,CT,ANE,EN,Federal Contract Tower,0,7,11,0,18,0,5,87,0,92,0,12,98,0,110,226,0,226,336
06/30/2023,BDR,CT,ANE,EN,Federal Contract Tower,0,14,32,0,46,0,7,35,0,42,0,21,67,0,88,12,0,12,100
07/01/2023,BDR,CT,ANE,EN,Federal Contract Tower,0,8,9,0,17,0,1,66,5,72,0,9,75,5,89,169,0,169,258
07/02/2023,BDR,CT,ANE,EN,Federal Contract Tower,0,1,4,0,5,0,2,13,0,15,0,3,17,0,20,40,0,40,60
07/03/2023,BDR,CT,ANE,EN,Federal Contract Tower,0,3,4,0,7,0,4,82,0,86,0,7,86,0,93,138,0,138,231
07/04/2023,BDR,CT,ANE,EN,Federal Contract Tower,0,4,7,0,11,0,2,16,0,18,0,6,23,0,29,4,0,4,33
07/05/2023,BDR,CT,ANE,EN,Federal Contract Tower,0,7,10,1,18,0,2,67,2,71,0,9,77,3,89,132,0,132,221
07/06/2023,BDR,CT,ANE,EN,Federal Contract Tower,0,12,10,0,22,0,2,96,0,98,0,14,106,0,120,192,0,192,312
07/07/2023,BDR,CT,ANE,EN,Federal Contract Tower,0,10,16,0,26,0,8,75,0,83,0,18,91,0,109,110,0,110,219
07/08/2023,BDR,CT,ANE,EN,Federal Contract Tower,0,4,11,0,15,0,0,55,0,55,0,4,66,0,70,56,0,56,126
07/09/2023,BDR,CT,ANE,EN,Federal Contract Tower,0,21,8,0,29,0,7,29,0,36,0,28,37,0,65,18,0,18,83
07/10/2023,BDR,CT,ANE,EN,Federal Contract Tower,0,15,8,0,23,0,0,54,2,56,0,15,62,2,79,88,0,88,167
07/11/2023,BDR,CT,ANE,EN,Federal Contract Tower,0,9,5,0,14,0,4,90,0,94,0,13,95,0,108,230,2,232,340
07/12/2023,BDR,CT,ANE,EN,Federal Contract Tower,0,2,5,0,7,0,6,117,0,123,0,8,122,0,130,162,0,162,292
07/13/2023,BDR,CT,ANE,EN,Federal Contract Tower,0,10,12,0,22,0,9,106,3,118,0,19,118,3,140,86,6,92,232
07/14/2023,BDR,CT,ANE,EN,Federal Contract Tower,0,5,6,0,11,0,6,22,0,28,0,11,28,0,39,6,0,6,45
07/15/2023,BDR,CT,ANE,EN,Federal Contract Tower,0,4,11,0,15,0,3,46,0,49,0,7,57,0,64,90,0,90,154
07/16/2023,BDR,CT,ANE,EN,Federal Contract Tower,0,10,8,0,18,0,2,1,0,3,0,12,9,0,21,0,0,0,21
07/17/2023,BDR,CT,ANE,EN,Federal Contract Tower,0,8,18,0,26,0,6,77,10,93,0,14,95,10,119,158,0,158,277
07/18/2023,BDR,CT,ANE,EN,Federal Contract Tower,0,10,12,0,22,0,2,17,0,19,0,12,29,0,41,0,0,0,41
07/19/2023,BDR,CT,ANE,EN,Federal Contract Tower,0,6,9,0,15,0,3,72,0,75,0,9,81,0,90,123,0,123,213
07/20/2023,BDR,CT,ANE,EN,Federal Contract Tower,0,6,3,0,9,0,13,144,0,157,0,19,147,0,166,168,0,168,334
07/21/2023,BDR,CT,ANE,EN,Federal Contract Tower,0,6,16,0,22,0,6,26,0,32,0,12,42,0,54,12,0,12,66
07/23/2023,BDR,CT,ANE,EN,Federal Contract Tower,0,5,17,0,22,0,10,137,0,147,0,15,154,0,169,126,0,126,295
07/24/2023,BDR,CT,ANE,EN,Federal Contract Tower,0,9,5,0,14,0,11,98,0,109,0,20,103,0,123,204,0,204,327
07/25/2023,BDR,CT,ANE,EN,Federal Contract Tower,0,5,5,0,10,0,11,74,2,87,0,16,79,2,97,96,0,96,193
07/26/2023,BDR,CT,ANE,EN,Federal Contract Tower,0,4,5,0,9,0,3,84,0,87,0,7,89,0,96,130,0,130,226
07/27/2023,BDR,CT,ANE,EN,Federal Contract Tower,0,5,21,0,26,0,5,35,0,40,0,10,56,0,66,44,0,44,110
07/28/2023,BDR,CT,ANE,EN,Federal Contract Tower,0,10,6,0,16,0,7,97,0,104,0,17,103,0,120,180,0,180,300
07/29/2023,BDR,CT,ANE,EN,Federal Contract Tower,0,6,4,0,10,0,3,55,0,58,0,9,59,0,68,164,0,164,232
07/30/2023,BDR,CT,ANE,EN,Federal Contract Tower,0,7,9,0,16,0,4,117,0,121,0,11,126,0,137,138,0,138,275
07/31/2023,BDR,CT,ANE,EN,Federal Contract Tower,0,6,11,0,17,0,4,81,1,86,0,10,92,1,103,152,0,152,255
08/01/2023,BDR,CT,ANE,EN,Federal Contract Tower,0,5,5,1,11,0,4,104,0,108,0,9,109,1,119,10,0,10,129
08/03/2023,BDR,CT,ANE,EN,Federal Contract Tower,0,8,7,0,15,0,4,85,0,89,0,12,92,0,104,178,0,178,282
08/04/2023,BDR,CT,ANE,EN,Federal Contract Tower,0,6,14,0,20,0,3,28,0,31,0,9,42,0,51,58,0,58,109
08/05/2023,BDR,CT,ANE,EN,Federal Contract Tower,0,2,7,0,9,0,3,99,0,102,0,5,106,0,111,164,0,164,275
08/06/2023,BDR,CT,ANE,EN,Federal Contract Tower,0,10,8,0,18,0,3,122,0,125,0,13,130,0,143,126,0,126,269
08/07/2023,BDR,CT,ANE,EN,Federal Contract Tower,0,17,5,0,22,0,0,3,0,3,0,17,8,0,25,0,0,0,25
08/08/2023,BDR,CT,ANE,EN,Federal Contract Tower,0,10,5,1,16,0,2,23,2,27,0,12,28,3,43,30,0,30,73
08/09/2023,BDR,CT,ANE,EN,Federal Contract Tower,0,11,5,0,16,0,5,94,0,99,0,16,99,0,115,144,0,144,259
08/10/2023,BDR,CT,ANE,EN,Federal Contract Tower,0,10,12,0,22,0,6,52,0,58,0,16,64,0,80,110,0,110,190
08/11/2023,BDR,CT,ANE,EN,Federal Contract Tower,0,9,7,0,16,0,8,133,0,141,0,17,140,0,157,234,0,234,391
08/12/2023,BDR,CT,ANE,EN,Federal Contract Tower,0,8,13,0,21,0,3,78,0,81,0,11,91,0,102,162,0,162,264
08/13/2023,BDR,CT,ANE,EN,Federal Contract Tower,0,6,12,0,18,0,5,85,0,90,0,11,97,0,108,96,0,96,204
08/14/2023,BDR,CT,ANE,EN,Federal Contract Tower,0,8,9,0,17,0,4,81,2,87,0,12,90,2,104,208,0,208,312
08/15/2023,BDR,CT,ANE,EN,Federal Contract Tower,0,2,15,1,18,0,2,8,0,10,0,4,23,1,28,6,0,6,34
08/16/2023,BDR,CT,ANE,EN,Federal Contract Tower,0,1,11,5,17,0,4,36,0,40,0,5,47,5,57,74,0,74,131
08/17/2023,BDR,CT,ANE,EN,Federal Contract Tower,0,4,38,3,45,0,0,17,0,17,0,4,55,3,62,6,0,6,68
08/18/2023,BDR,CT,ANE,EN,Federal Contract Tower,0,6,6,0,12,0,4,83,0,87,0,10,89,0,99,168,0,168,267
08/20/2023,BDR,CT,ANE,EN,Federal Contract Tower,0,1,15,0,16,0,1,123,0,124,0,2,138,0,140,104,0,104,244
08/21/2023,BDR,CT,ANE,EN,Federal Contract Tower,0,4,7,0,11,0,5,67,0,72,0,9,74,0,83,184,0,184,267
08/22/2023,BDR,CT,ANE,EN,Federal Contract Tower,0,5,8,1,14,0,5,77,0,82,0,10,85,1,96,142,2,144,240
08/23/2023,BDR,CT,ANE,EN,Federal Contract Tower,0,5,6,1,12,0,1,119,1,121,0,6,125,2,133,276,0,276,409
08/24/2023,BDR,CT,ANE,EN,Federal Contract Tower,0,7,10,0,17,0,4,42,0,46,0,11,52,0,63,112,0,112,175
08/25/2023,BDR,CT,ANE,EN,Federal Contract Tower,0,11,15,0,26,0,2,5,0,7,0,13,20,0,33,42,0,42,75
08/26/2023,BDR,CT,ANE,EN,Federal Contract Tower,0,4,5,0,9,0,11,74,0,85,0,15,79,0,94,172,0,172,266
08/27/2023,BDR,CT,ANE,EN,Federal Contract Tower,0,2,9,0,11,0,2,112,0,114,0,4,121,0,125,190,0,190,315
08/28/2023,BDR,CT,ANE,EN,Federal Contract Tower,0,6,14,0,20,0,2,40,0,42,0,8,54,0,62,58,0,58,120
08/29/2023,BDR,CT,ANE,EN,Federal Contract Tower,0,14,13,0,27,0,3,8,0,11,0,17,21,0,38,4,0,4,42
08/30/2023,BDR,CT,ANE,EN,Federal Contract Tower,0,8,7,0,15,0,1,48,0,49,0,9,55,0,64,60,0,60,124
08/31/2023,BDR,CT,ANE,EN,Federal Contract Tower,0,8,11,0,19,0,7,110,0,117,0,15,121,0,136,140,0,140,276
