01/01/2020,BED,MA,ANE,EN,Towers with Radar,3,35,34,0,72,0,3,42,0,45,3,38,76,0,117,90,0,90,207
01/02/2020,BED,MA,ANE,EN,Towers with Radar,2,42,55,2,101,0,10,108,0,118,2,52,163,2,219,114,0,114,333
01/03/2020,BED,MA,ANE,EN,Towers with Radar,0,43,41,0,84,0,3,55,0,58,0,46,96,0,142,148,0,148,290
01/04/2020,BED,MA,ANE,EN,Towers with Radar,2,51,46,0,99,0,0,1,0,1,2,51,47,0,100,38,0,38,138
01/05/2020,BED,MA,ANE,EN,Towers with Radar,1,60,53,0,114,0,5,25,0,30,1,65,78,0,144,34,0,34,178
01/06/2020,BED,MA,ANE,EN,Towers with Radar,3,43,49,0,95,0,11,34,0,45,3,54,83,0,140,108,0,108,248
01/07/2020,BED,MA,ANE,EN,Towers with Radar,2,40,48,2,92,0,4,121,5,130,2,44,169,7,222,144,0,144,366
01/08/2020,BED,MA,ANE,EN,Towers with Radar,3,45,45,2,95,0,10,40,0,50,3,55,85,2,145,82,0,82,227
01/09/2020,BED,MA,ANE,EN,Towers with Radar,2,41,83,0,126,0,13,111,0,124,2,54,194,0,250,138,0,138,388
01/10/2020,BED,MA,ANE,EN,Towers with Radar,4,48,47,1,100,0,6,49,1,56,4,54,96,2,156,62,0,62,218
01/11/2020,BED,MA,ANE,EN,Towers with Radar,2,25,30,3,60,0,7,31,0,38,2,32,61,3,98,84,0,84,182
01/12/2020,BED,MA,ANE,EN,Towers with Radar,0,59,49,1,109,0,6,30,0,36,0,65,79,1,145,10,0,10,155
01/13/2020,BED,MA,ANE,EN,Towers with Radar,0,42,58,1,101,0,0,2,0,2,0,42,60,1,103,4,0,4,107
01/14/2020,BED,MA,ANE,EN,Towers with Radar,1,56,61,0,118,0,3,21,0,24,1,59,82,0,142,82,0,82,224
01/15/2020,BED,MA,ANE,EN,Towers with Radar,1,45,80,0,126,0,7,154,0,161,1,52,234,0,287,206,0,206,493
01/16/2020,BED,MA,ANE,EN,Towers with Radar,1,68,55,0,124,0,3,6,0,9,1,71,61,0,133,0,0,0,133
01/17/2020,BED,MA,ANE,EN,Towers with Radar,1,56,58,0,115,0,6,23,0,29,1,62,81,0,144,10,0,10,154
01/18/2020,BED,MA,ANE,EN,Towers with Radar,1,30,41,0,72,0,3,101,0,104,1,33,142,0,176,130,0,130,306
01/19/2020,BED,MA,ANE,EN,Towers with Radar,3,30,45,0,78,0,12,41,0,53,3,42,86,0,131,38,0,38,169
01/20/2020,BED,MA,ANE,EN,Towers with Radar,2,74,83,0,159,0,15,106,0,121,2,89,189,0,280,109,0,109,389
01/21/2020,BED,MA,ANE,EN,Towers with Radar,2,64,63,2,131,0,8,84,1,93,2,72,147,3,224,162,0,162,386
01/22/2020,BED,MA,ANE,EN,Towers with Radar,0,50,59,0,109,0,11,87,0,98,0,61,146,0,207,121,0,121,328
01/23/2020,BED,MA,ANE,EN,Towers with Radar,1,49,84,2,136,0,7,124,0,131,1,56,208,2,267,160,0,160,427
01/24/2020,BED,MA,ANE,EN,Towers with Radar,0,46,59,0,105,0,5,78,0,83,0,51,137,0,188,182,0,182,370
01/25/2020,BED,MA,ANE,EN,Towers with Radar,0,30,40,0,70,0,2,8,0,10,0,32,48,0,80,24,0,24,104
01/26/2020,BED,MA,ANE,EN,Towers with Radar,0,56,55,0,111,0,4,104,0,108,0,60,159,0,219,170,0,170,389
01/27/2020,BED,MA,ANE,EN,Towers with Radar,0,63,68,0,131,0,6,76,0,82,0,69,144,0,213,164,0,164,377
01/28/2020,BED,MA,ANE,EN,Towers with Radar,2,51,75,0,128,0,5,95,0,100,2,56,170,0,228,184,0,184,412
01/29/2020,BED,MA,ANE,EN,Towers with Radar,4,67,66,4,141,0,13,105,0,118,4,80,171,4,259,72,0,72,331
01/30/2020,BED,MA,ANE,EN,Towers with Radar,1,61,92,0,154,0,16,133,0,149,1,77,225,0,303,168,0,168,471
01/31/2020,BED,MA,ANE,EN,Towers with Radar,0,71,82,0,153,0,10,103,0,113,0,81,185,0,266,138,0,138,404
02/01/2020,BED,MA,ANE,EN,Towers with Radar,0,29,45,0,74,0,0,8,0,8,0,29,53,0,82,46,0,46,128
02/02/2020,BED,MA,ANE,EN,Towers with Radar,1,65,56,0,122,0,10,143,0,153,1,75,199,0,275,234,0,234,509
02/03/2020,BED,MA,ANE,EN,Towers with Radar,2,49,68,2,121,0,7,90,0,97,2,56,158,2,218,76,0,76,294
02/04/2020,BED,MA,ANE,EN,Towers with Radar,1,55,78,0,134,0,7,64,0,71,1,62,142,0,205,160,0,160,365
02/05/2020,BED,MA,ANE,EN,Towers with Radar,3,50,64,0,117,0,7,67,0,74,3,57,131,0,191,92,0,92,283
02/06/2020,BED,MA,ANE,EN,Towers with Radar,1,74,62,0,137,0,0,0,0,0,1,74,62,0,137,0,0,0,137
02/07/2020,BED,MA,ANE,EN,Towers with Radar,0,70,45,0,115,0,2,0,0,2,0,72,45,0,117,0,0,0,117
02/08/2020,BED,MA,ANE,EN,Towers with Radar,3,35,48,0,86,0,11,89,0,100,3,46,137,0,186,108,0,108,294
02/09/2020,BED,MA,ANE,EN,Towers with Radar,2,57,57,0,116,0,4,106,0,110,2,61,163,0,226,234,0,234,460
02/10/2020,BED,MA,ANE,EN,Towers with Radar,0,54,63,0,117,0,5,0,0,5,0,59,63,0,122,0,0,0,122
02/11/2020,BED,MA,ANE,EN,Towers with Radar,1,51,59,0,111,0,0,0,0,0,1,51,59,0,111,0,0,0,111
02/12/2020,BED,MA,ANE,EN,Towers with Radar,2,42,62,4,110,0,15,127,0,142,2,57,189,4,252,142,0,142,394
02/13/2020,BED,MA,ANE,EN,Towers with Radar,2,59,81,0,142,0,0,0,0,0,2,59,81,0,142,0,0,0,142
02/14/2020,BED,MA,ANE,EN,Towers with Radar,1,79,77,0,157,0,8,43,2,53,1,87,120,2,210,8,0,8,218
02/15/2020,BED,MA,ANE,EN,Towers with Radar,4,51,53,0,108,0,4,132,2,138,4,55,185,2,246,172,0,172,418
02/16/2020,BED,MA,ANE,EN,Towers with Radar,3,30,48,0,81,0,3,106,0,109,3,33,154,0,190,154,0,154,344
02/17/2020,BED,MA,ANE,EN,Towers with Radar,2,63,75,0,140,0,12,173,0,185,2,75,248,0,325,168,0,168,493
02/18/2020,BED,MA,ANE,EN,Towers with Radar,0,50,70,2,122,0,0,17,0,17,0,50,87,2,139,64,0,64,203
02/19/2020,BED,MA,ANE,EN,Towers with Radar,0,46,64,0,110,0,11,44,2,57,0,57,108,2,167,74,0,74,241
02/20/2020,BED,MA,ANE,EN,Towers with Radar,1,53,79,2,135,0,8,91,4,103,1,61,170,6,238,174,0,174,412
02/21/2020,BED,MA,ANE,EN,Towers with Radar,0,59,78,1,138,0,15,128,0,143,0,74,206,1,281,168,2,170,451
02/22/2020,BED,MA,ANE,EN,Towers with Radar,2,35,44,2,83,0,3,129,0,132,2,38,173,2,215,170,0,170,385
02/23/2020,BED,MA,ANE,EN,Towers with Radar,3,57,89,1,150,0,7,164,0,171,3,64,253,1,321,158,0,158,479
02/24/2020,BED,MA,ANE,EN,Towers with Radar,3,46,71,0,120,0,15,125,0,140,3,61,196,0,260,204,0,204,464
02/25/2020,BED,MA,ANE,EN,Towers with Radar,0,47,75,0,122,0,7,109,0,116,0,54,184,0,238,232,0,232,470
02/26/2020,BED,MA,ANE,EN,Towers with Radar,1,72,93,2,168,0,2,29,0,31,1,74,122,2,199,82,0,82,281
02/27/2020,BED,MA,ANE,EN,Towers with Radar,2,60,76,0,138,0,5,3,0,8,2,65,79,0,146,0,0,0,146
02/28/2020,BED,MA,ANE,EN,Towers with Radar,1,73,70,0,144,0,15,42,9,66,1,88,112,9,210,14,0,14,224
02/29/2020,BED,MA,ANE,EN,Towers with Radar,1,47,35,0,83,0,11,128,1,140,1,58,163,1,223,190,0,190,413
03/01/2020,BED,MA,ANE,EN,Towers with Radar,0,60,71,0,131,0,6,108,0,114,0,66,179,0,245,152,0,152,397
03/02/2020,BED,MA,ANE,EN,Towers with Radar,4,53,73,0,130,0,11,80,0,91,4,64,153,0,221,134,0,134,355
03/03/2020,BED,MA,ANE,EN,Towers with Radar,4,57,83,0,144,0,6,80,0,86,4,63,163,0,230,170,0,170,400
03/04/2020,BED,MA,ANE,EN,Towers with Radar,0,62,73,0,135,0,8,11,0,19,0,70,84,0,154,0,0,0,154
03/05/2020,BED,MA,ANE,EN,Towers with Radar,0,76,79,1,156,0,10,107,0,117,0,86,186,1,273,95,0,95,368
03/06/2020,BED,MA,ANE,EN,Towers with Radar,2,68,76,0,146,0,6,72,0,78,2,74,148,0,224,136,0,136,360
03/07/2020,BED,MA,ANE,EN,Towers with Radar,2,36,24,0,62,0,5,68,0,73,2,41,92,0,135,102,0,102,237
03/08/2020,BED,MA,ANE,EN,Towers with Radar,1,42,70,0,113,0,17,160,0,177,1,59,230,0,290,180,0,180,470
03/09/2020,BED,MA,ANE,EN,Towers with Radar,2,59,75,2,138,0,12,131,0,143,2,71,206,2,281,92,0,92,373
03/10/2020,BED,MA,ANE,EN,Towers with Radar,0,57,73,0,130,0,10,63,0,73,0,67,136,0,203,128,0,128,331
03/11/2020,BED,MA,ANE,EN,Towers with Radar,0,60,73,0,133,0,10,116,7,133,0,70,189,7,266,218,0,218,484
03/12/2020,BED,MA,ANE,EN,Towers with Radar,5,71,95,2,173,0,8,107,4,119,5,79,202,6,292,186,0,186,478
03/13/2020,BED,MA,ANE,EN,Towers with Radar,2,68,78,4,152,0,3,9,0,12,2,71,87,4,164,4,0,4,168
03/14/2020,BED,MA,ANE,EN,Towers with Radar,1,54,72,0,127,0,4,74,0,78,1,58,146,0,205,66,0,66,271
03/15/2020,BED,MA,ANE,EN,Towers with Radar,0,65,82,0,147,0,5,113,0,118,0,70,195,0,265,132,0,132,397
03/16/2020,BED,MA,ANE,EN,Towers with Radar,0,76,69,0,145,1,7,75,0,83,1,83,144,0,228,160,0,160,388
03/17/2020,BED,MA,ANE,EN,Towers with Radar,2,55,39,0,96,0,0,1,0,1,2,55,40,0,97,0,0,0,97
03/18/2020,BED,MA,ANE,EN,Towers with Radar,2,45,50,0,97,1,4,102,0,107,3,49,152,0,204,202,0,202,406
03/19/2020,BED,MA,ANE,EN,Towers with Radar,0,21,21,0,42,0,0,0,0,0,0,21,21,0,42,0,0,0,42
03/20/2020,BED,MA,ANE,EN,Towers with Radar,0,28,36,0,64,0,3,3,0,6,0,31,39,0,70,0,0,0,70
03/21/2020,BED,MA,ANE,EN,Towers with Radar,0,28,31,0,59,0,2,98,0,100,0,30,129,0,159,94,0,94,253
03/22/2020,BED,MA,ANE,EN,Towers with Radar,0,45,33,0,78,0,2,105,0,107,0,47,138,0,185,170,0,170,355
03/23/2020,BED,MA,ANE,EN,Towers with Radar,0,30,18,0,48,0,0,12,0,12,0,30,30,0,60,28,0,28,88
03/24/2020,BED,MA,ANE,EN,Towers with Radar,0,31,18,0,49,0,7,12,0,19,0,38,30,0,68,4,0,4,72
03/25/2020,BED,MA,ANE,EN,Towers with Radar,0,10,10,0,20,0,5,7,0,12,0,15,17,0,32,0,0,0,32
03/26/2020,BED,MA,ANE,EN,Towers with Radar,0,21,6,0,27,0,8,25,0,33,0,29,31,0,60,0,0,0,60
03/27/2020,BED,MA,ANE,EN,Towers with Radar,0,23,18,0,41,0,12,36,0,48,0,35,54,0,89,24,0,24,113
03/28/2020,BED,MA,ANE,EN,Towers with Radar,0,21,14,0,35,0,0,56,0,56,0,21,70,0,91,32,0,32,123
03/29/2020,BED,MA,ANE,EN,Towers with Radar,0,26,42,0,68,0,0,0,0,0,0,26,42,0,68,0,0,0,68
03/30/2020,BED,MA,ANE,EN,Towers with Radar,0,19,17,0,36,0,0,0,0,0,0,19,17,0,36,6,0,6,42
03/31/2020,BED,MA,ANE,EN,Towers with Radar,0,17,17,0,34,0,4,17,0,21,0,21,34,0,55,0,0,0,55
04/01/2020,BED,MA,ANE,EN,Towers with Radar,0,20,16,0,36,0,7,13,0,20,0,27,29,0,56,14,0,14,70
04/02/2020,BED,MA,ANE,EN,Towers with Radar,0,14,6,0,20,0,0,3,0,3,0,14,9,0,23,2,0,2,25
04/03/2020,BED,MA,ANE,EN,Towers with Radar,0,11,9,0,20,0,0,0,0,0,0,11,9,0,20,0,0,0,20
04/04/2020,BED,MA,ANE,EN,Towers with Radar,0,19,10,0,29,0,0,10,0,10,0,19,20,0,39,48,0,48,87
04/05/2020,BED,MA,ANE,EN,Towers with Radar,0,27,33,0,60,0,0,36,0,36,0,27,69,0,96,46,0,46,142
04/06/2020,BED,MA,ANE,EN,Towers with Radar,0,17,24,4,45,0,2,42,0,44,0,19,66,4,89,6,0,6,95
04/07/2020,BED,MA,ANE,EN,Towers with Radar,0,19,14,0,33,0,4,33,0,37,0,23,47,0,70,28,0,28,98
04/08/2020,BED,MA,ANE,EN,Towers with Radar,0,19,18,2,39,0,1,8,0,9,0,20,26,2,48,0,0,0,48
04/09/2020,BED,MA,ANE,EN,Towers with Radar,0,7,4,0,11,0,1,0,0,1,0,8,4,0,12,0,0,0,12
04/10/2020,BED,MA,ANE,EN,Towers with Radar,0,12,12,0,24,0,3,1,3,7,0,15,13,3,31,0,0,0,31
04/11/2020,BED,MA,ANE,EN,Towers with Radar,0,16,17,2,35,0,17,33,0,50,0,33,50,2,85,34,0,34,119
04/12/2020,BED,MA,ANE,EN,Towers with Radar,0,13,16,0,29,0,13,54,0,67,0,26,70,0,96,42,0,42,138
04/13/2020,BED,MA,ANE,EN,Towers with Radar,0,6,3,0,9,0,0,0,0,0,0,6,3,0,9,0,0,0,9
04/14/2020,BED,MA,ANE,EN,Towers with Radar,0,12,20,0,32,0,2,28,5,35,0,14,48,5,67,44,0,44,111
04/15/2020,BED,MA,ANE,EN,Towers with Radar,0,10,16,0,26,0,6,23,0,29,0,16,39,0,55,38,0,38,93
04/16/2020,BED,MA,ANE,EN,Towers with Radar,0,9,15,2,26,0,3,24,0,27,0,12,39,2,53,8,0,8,61
04/17/2020,BED,MA,ANE,EN,Towers with Radar,2,29,8,2,41,0,4,21,0,25,2,33,29,2,66,16,0,16,82
04/18/2020,BED,MA,ANE,EN,Towers with Radar,0,9,4,2,15,0,1,2,0,3,0,10,6,2,18,4,0,4,22
04/19/2020,BED,MA,ANE,EN,Towers with Radar,0,12,21,0,33,0,0,48,0,48,0,12,69,0,81,48,0,48,129
04/20/2020,BED,MA,ANE,EN,Towers with Radar,0,14,24,2,40,0,5,40,0,45,0,19,64,2,85,38,0,38,123
04/21/2020,BED,MA,ANE,EN,Towers with Radar,0,5,4,0,9,0,1,0,0,1,0,6,4,0,10,0,0,0,10
04/22/2020,BED,MA,ANE,EN,Towers with Radar,0,17,12,0,29,0,6,7,0,13,0,23,19,0,42,0,0,0,42
04/23/2020,BED,MA,ANE,EN,Towers with Radar,0,11,16,0,27,0,3,43,0,46,0,14,59,0,73,26,0,26,99
04/24/2020,BED,MA,ANE,EN,Towers with Radar,0,10,19,2,31,0,0,3,0,3,0,10,22,2,34,0,0,0,34
04/25/2020,BED,MA,ANE,EN,Towers with Radar,0,10,26,0,36,0,10,108,0,118,0,20,134,0,154,64,0,64,218
04/26/2020,BED,MA,ANE,EN,Towers with Radar,0,23,15,0,38,0,0,10,0,10,0,23,25,0,48,8,0,8,56
04/27/2020,BED,MA,ANE,EN,Towers with Radar,0,14,21,2,37,0,0,0,0,0,0,14,21,2,37,0,0,0,37
04/28/2020,BED,MA,ANE,EN,Towers with Radar,0,16,27,0,43,0,0,42,0,42,0,16,69,0,85,52,0,52,137
04/29/2020,BED,MA,ANE,EN,Towers with Radar,0,24,32,0,56,0,3,51,0,54,0,27,83,0,110,58,0,58,168
04/30/2020,BED,MA,ANE,EN,Towers with Radar,0,24,17,0,41,0,0,1,0,1,0,24,18,0,42,0,0,0,42
05/01/2020,BED,MA,ANE,EN,Towers with Radar,0,9,21,3,33,0,1,0,0,1,0,10,21,3,34,0,0,0,34
05/02/2020,BED,MA,ANE,EN,Towers with Radar,0,23,32,2,57,0,6,55,2,63,0,29,87,4,120,30,0,30,150
05/03/2020,BED,MA,ANE,EN,Towers with Radar,0,18,36,2,56,0,6,64,0,70,0,24,100,2,126,40,0,40,166
05/04/2020,BED,MA,ANE,EN,Towers with Radar,0,23,11,0,34,0,6,18,0,24,0,29,29,0,58,10,0,10,68
05/05/2020,BED,MA,ANE,EN,Towers with Radar,0,19,20,2,41,0,11,31,0,42,0,30,51,2,83,36,0,36,119
05/06/2020,BED,MA,ANE,EN,Towers with Radar,0,19,27,0,46,0,3,44,0,47,0,22,71,0,93,42,0,42,135
05/07/2020,BED,MA,ANE,EN,Towers with Radar,0,19,28,0,47,0,6,31,0,37,0,25,59,0,84,28,0,28,112
05/08/2020,BED,MA,ANE,EN,Towers with Radar,0,23,27,2,52,0,2,26,1,29,0,25,53,3,81,8,0,8,89
05/09/2020,BED,MA,ANE,EN,Towers with Radar,0,17,12,0,29,0,3,0,0,3,0,20,12,0,32,0,0,0,32
05/10/2020,BED,MA,ANE,EN,Towers with Radar,2,20,26,0,48,0,10,16,0,26,2,30,42,0,74,24,0,24,98
05/11/2020,BED,MA,ANE,EN,Towers with Radar,0,19,21,4,44,0,1,3,0,4,0,20,24,4,48,0,0,0,48
05/12/2020,BED,MA,ANE,EN,Towers with Radar,0,17,17,0,34,0,13,25,0,38,0,30,42,0,72,40,0,40,112
05/13/2020,BED,MA,ANE,EN,Towers with Radar,0,17,28,0,45,0,19,30,0,49,0,36,58,0,94,12,0,12,106
05/14/2020,BED,MA,ANE,EN,Towers with Radar,2,29,22,0,53,0,8,82,2,92,2,37,104,2,145,78,0,78,223
05/15/2020,BED,MA,ANE,EN,Towers with Radar,0,29,31,2,62,0,5,9,0,14,0,34,40,2,76,12,0,12,88
05/16/2020,BED,MA,ANE,EN,Towers with Radar,0,32,31,0,63,0,3,71,0,74,0,35,102,0,137,78,0,78,215
05/17/2020,BED,MA,ANE,EN,Towers with Radar,0,31,25,0,56,0,5,44,0,49,0,36,69,0,105,42,0,42,147
05/18/2020,BED,MA,ANE,EN,Towers with Radar,0,16,25,2,43,0,10,14,0,24,0,26,39,2,67,0,0,0,67
05/19/2020,BED,MA,ANE,EN,Towers with Radar,0,32,26,6,64,0,3,21,0,24,0,35,47,6,88,2,0,2,90
05/20/2020,BED,MA,ANE,EN,Towers with Radar,0,26,44,0,70,0,5,53,0,58,0,31,97,0,128,6,0,6,134
05/21/2020,BED,MA,ANE,EN,Towers with Radar,2,38,30,0,70,0,10,53,1,64,2,48,83,1,134,53,0,53,187
05/22/2020,BED,MA,ANE,EN,Towers with Radar,0,29,39,0,68,0,7,40,0,47,0,36,79,0,115,28,0,28,143
05/23/2020,BED,MA,ANE,EN,Towers with Radar,0,18,26,0,44,0,3,13,0,16,0,21,39,0,60,4,0,4,64
05/24/2020,BED,MA,ANE,EN,Towers with Radar,0,23,30,0,53,0,8,63,0,71,0,31,93,0,124,22,0,22,146
05/25/2020,BED,MA,ANE,EN,Towers with Radar,0,44,45,0,89,0,3,18,0,21,0,47,63,0,110,30,0,30,140
05/26/2020,BED,MA,ANE,EN,Towers with Radar,0,28,44,2,74,0,8,29,0,37,0,36,73,2,111,16,0,16,127
05/27/2020,BED,MA,ANE,EN,Towers with Radar,0,45,37,0,82,0,18,29,0,47,0,63,66,0,129,18,0,18,147
05/28/2020,BED,MA,ANE,EN,Towers with Radar,0,41,32,1,74,0,3,12,1,16,0,44,44,2,90,0,0,0,90
05/29/2020,BED,MA,ANE,EN,Towers with Radar,0,48,31,0,79,0,3,0,0,3,0,51,31,0,82,0,0,0,82
05/30/2020,BED,MA,ANE,EN,Towers with Radar,0,24,34,0,58,0,6,34,1,41,0,30,68,1,99,30,0,30,129
05/31/2020,BED,MA,ANE,EN,Towers with Radar,0,33,40,0,73,0,5,58,0,63,0,38,98,0,136,28,0,28,164
06/01/2020,BED,MA,ANE,EN,Towers with Radar,0,32,47,0,79,0,6,34,0,40,0,38,81,0,119,2,0,2,121
06/02/2020,BED,MA,ANE,EN,Towers with Radar,0,40,36,0,76,0,14,41,0,55,0,54,77,0,131,50,0,50,181
06/03/2020,BED,MA,ANE,EN,Towers with Radar,0,60,22,0,82,0,13,40,0,53,0,73,62,0,135,8,0,8,143
06/04/2020,BED,MA,ANE,EN,Towers with Radar,0,35,34,0,69,0,10,65,0,75,0,45,99,0,144,58,0,58,202
06/05/2020,BED,MA,ANE,EN,Towers with Radar,0,32,53,0,85,0,0,20,0,20,0,32,73,0,105,26,0,26,131
06/06/2020,BED,MA,ANE,EN,Towers with Radar,0,34,29,0,63,0,2,24,0,26,0,36,53,0,89,16,0,16,105
06/07/2020,BED,MA,ANE,EN,Towers with Radar,0,47,51,0,98,0,5,48,0,53,0,52,99,0,151,56,0,56,207
06/08/2020,BED,MA,ANE,EN,Towers with Radar,0,26,36,0,62,0,8,90,0,98,0,34,126,0,160,132,0,132,292
06/09/2020,BED,MA,ANE,EN,Towers with Radar,0,33,58,0,91,0,27,116,0,143,0,60,174,0,234,178,0,178,412
06/10/2020,BED,MA,ANE,EN,Towers with Radar,0,52,54,0,106,0,12,105,0,117,0,64,159,0,223,166,0,166,389
06/11/2020,BED,MA,ANE,EN,Towers with Radar,0,36,44,0,80,0,2,2,0,4,0,38,46,0,84,0,0,0,84
06/12/2020,BED,MA,ANE,EN,Towers with Radar,0,55,70,0,125,0,13,122,0,135,0,68,192,0,260,154,0,154,414
06/13/2020,BED,MA,ANE,EN,Towers with Radar,0,28,42,0,70,0,5,116,0,121,0,33,158,0,191,120,0,120,311
06/14/2020,BED,MA,ANE,EN,Towers with Radar,0,40,40,0,80,0,11,105,0,116,0,51,145,0,196,154,0,154,350
06/15/2020,BED,MA,ANE,EN,Towers with Radar,0,44,41,0,85,0,13,58,0,71,0,57,99,0,156,112,0,112,268
06/16/2020,BED,MA,ANE,EN,Towers with Radar,0,29,39,0,68,0,17,108,0,125,0,46,147,0,193,156,0,156,349
06/17/2020,BED,MA,ANE,EN,Towers with Radar,0,53,35,2,90,0,13,105,0,118,0,66,140,2,208,210,0,210,418
06/18/2020,BED,MA,ANE,EN,Towers with Radar,0,58,46,0,104,0,7,113,0,120,0,65,159,0,224,104,0,104,328
06/19/2020,BED,MA,ANE,EN,Towers with Radar,0,41,42,0,83,0,10,90,0,100,0,51,132,0,183,178,0,178,361
06/20/2020,BED,MA,ANE,EN,Towers with Radar,0,32,53,0,85,0,15,121,0,136,0,47,174,0,221,122,0,122,343
06/21/2020,BED,MA,ANE,EN,Towers with Radar,0,35,40,0,75,0,16,79,0,95,0,51,119,0,170,100,0,100,270
06/22/2020,BED,MA,ANE,EN,Towers with Radar,0,60,50,4,114,0,6,36,0,42,0,66,86,4,156,112,0,112,268
06/23/2020,BED,MA,ANE,EN,Towers with Radar,0,43,43,2,88,0,17,114,0,131,0,60,157,2,219,144,0,144,363
06/24/2020,BED,MA,ANE,EN,Towers with Radar,0,33,67,0,100,0,4,26,0,30,0,37,93,0,130,58,0,58,188
06/25/2020,BED,MA,ANE,EN,Towers with Radar,0,38,58,0,96,0,16,149,0,165,0,54,207,0,261,152,0,152,413
06/26/2020,BED,MA,ANE,EN,Towers with Radar,0,48,74,0,122,0,6,127,0,133,0,54,201,0,255,118,0,118,373
06/27/2020,BED,MA,ANE,EN,Towers with Radar,0,44,52,2,98,0,1,122,0,123,0,45,174,2,221,242,0,242,463
06/28/2020,BED,MA,ANE,EN,Towers with Radar,0,38,49,0,87,0,0,53,0,53,0,38,102,0,140,42,0,42,182
06/29/2020,BED,MA,ANE,EN,Towers with Radar,0,51,51,0,102,0,2,1,0,3,0,53,52,0,105,0,0,0,105
06/30/2020,BED,MA,ANE,EN,Towers with Radar,0,43,58,2,103,0,0,2,0,2,0,43,60,2,105,0,0,0,105
07/01/2020,BED,MA,ANE,EN,Towers with Radar,0,50,57,0,107,0,7,26,0,33,0,57,83,0,140,50,0,50,190
07/02/2020,BED,MA,ANE,EN,Towers with Radar,0,46,61,2,109,0,9,107,0,116,0,55,168,2,225,178,0,178,403
07/03/2020,BED,MA,ANE,EN,Towers with Radar,1,45,55,0,101,0,1,1,0,2,1,46,56,0,103,2,0,2,105
07/04/2020,BED,MA,ANE,EN,Towers with Radar,0,23,30,0,53,0,7,64,0,71,0,30,94,0,124,84,0,84,208
07/05/2020,BED,MA,ANE,EN,Towers with Radar,0,54,53,2,109,0,6,73,0,79,0,60,126,2,188,82,0,82,270
07/06/2020,BED,MA,ANE,EN,Towers with Radar,0,50,66,1,117,0,4,66,1,71,0,54,132,2,188,186,0,186,374
07/07/2020,BED,MA,ANE,EN,Towers with Radar,1,36,67,0,104,0,12,102,0,114,1,48,169,0,218,146,0,146,364
07/08/2020,BED,MA,ANE,EN,Towers with Radar,1,45,59,0,105,0,4,33,0,37,1,49,92,0,142,82,0,82,224
07/09/2020,BED,MA,ANE,EN,Towers with Radar,2,43,69,2,116,0,11,114,0,125,2,54,183,2,241,224,0,224,465
07/10/2020,BED,MA,ANE,EN,Towers with Radar,0,36,46,0,82,0,3,29,0,32,0,39,75,0,114,66,0,66,180
07/11/2020,BED,MA,ANE,EN,Towers with Radar,0,25,32,0,57,0,5,25,0,30,0,30,57,0,87,66,0,66,153
07/12/2020,BED,MA,ANE,EN,Towers with Radar,0,34,55,0,89,0,1,87,0,88,0,35,142,0,177,96,0,96,273
07/13/2020,BED,MA,ANE,EN,Towers with Radar,0,33,29,0,62,0,4,39,0,43,0,37,68,0,105,72,0,72,177
07/14/2020,BED,MA,ANE,EN,Towers with Radar,0,43,37,0,80,0,14,55,0,69,0,57,92,0,149,132,0,132,281
07/15/2020,BED,MA,ANE,EN,Towers with Radar,0,55,75,1,131,0,5,123,0,128,0,60,198,1,259,278,0,278,537
07/16/2020,BED,MA,ANE,EN,Towers with Radar,0,48,66,2,116,0,14,138,0,152,0,62,204,2,268,146,0,146,414
07/17/2020,BED,MA,ANE,EN,Towers with Radar,0,45,68,0,113,0,7,13,0,20,0,52,81,0,133,110,0,110,243
07/18/2020,BED,MA,ANE,EN,Towers with Radar,0,30,35,0,65,0,7,139,0,146,0,37,174,0,211,172,0,172,383
07/19/2020,BED,MA,ANE,EN,Towers with Radar,0,49,48,0,97,0,5,121,2,128,0,54,169,2,225,182,0,182,407
07/20/2020,BED,MA,ANE,EN,Towers with Radar,0,49,60,0,109,0,11,92,0,103,0,60,152,0,212,210,0,210,422
07/21/2020,BED,MA,ANE,EN,Towers with Radar,0,39,42,0,81,0,9,119,1,129,0,48,161,1,210,146,0,146,356
07/22/2020,BED,MA,ANE,EN,Towers with Radar,0,39,45,0,84,0,12,97,0,109,0,51,142,0,193,206,0,206,399
07/23/2020,BED,MA,ANE,EN,Towers with Radar,0,43,53,0,96,0,2,41,0,43,0,45,94,0,139,72,0,72,211
07/24/2020,BED,MA,ANE,EN,Towers with Radar,0,34,46,0,80,0,11,137,0,148,0,45,183,0,228,126,0,126,354
07/25/2020,BED,MA,ANE,EN,Towers with Radar,0,39,52,2,93,0,4,149,0,153,0,43,201,2,246,206,0,206,452
07/26/2020,BED,MA,ANE,EN,Towers with Radar,2,71,87,0,160,0,10,136,0,146,2,81,223,0,306,138,0,138,444
07/27/2020,BED,MA,ANE,EN,Towers with Radar,0,37,46,0,83,0,8,106,0,114,0,45,152,0,197,162,0,162,359
07/28/2020,BED,MA,ANE,EN,Towers with Radar,0,34,63,2,99,0,4,111,0,115,0,38,174,2,214,204,0,204,418
07/29/2020,BED,MA,ANE,EN,Towers with Radar,0,52,44,0,96,0,8,139,0,147,0,60,183,0,243,196,0,196,439
07/30/2020,BED,MA,ANE,EN,Towers with Radar,2,56,73,0,131,0,1,96,0,97,2,57,169,0,228,128,0,128,356
07/31/2020,BED,MA,ANE,EN,Towers with Radar,0,46,54,0,100,0,12,162,0,174,0,58,216,0,274,138,0,138,412
08/01/2020,BED,MA,ANE,EN,Towers with Radar,0,40,78,0,118,0,7,135,0,142,0,47,213,0,260,190,0,190,450
08/02/2020,BED,MA,ANE,EN,Towers with Radar,0,50,55,0,105,0,3,104,0,107,0,53,159,0,212,22,0,22,234
08/03/2020,BED,MA,ANE,EN,Towers with Radar,0,45,39,2,86,0,11,139,2,152,0,56,178,4,238,268,0,268,506
08/04/2020,BED,MA,ANE,EN,Towers with Radar,0,24,22,0,46,0,2,61,0,63,0,26,83,0,109,232,0,232,341
08/05/2020,BED,MA,ANE,EN,Towers with Radar,0,42,39,0,81,0,11,116,0,127,0,53,155,0,208,234,0,234,442
08/06/2020,BED,MA,ANE,EN,Towers with Radar,0,37,51,3,91,0,7,148,4,159,0,44,199,7,250,174,0,174,424
08/07/2020,BED,MA,ANE,EN,Towers with Radar,0,35,46,1,82,0,8,86,0,94,0,43,132,1,176,152,0,152,328
08/08/2020,BED,MA,ANE,EN,Towers with Radar,0,40,42,0,82,0,12,125,0,137,0,52,167,0,219,190,0,190,409
08/09/2020,BED,MA,ANE,EN,Towers with Radar,1,60,50,0,111,0,10,131,0,141,1,70,181,0,252,168,0,168,420
08/10/2020,BED,MA,ANE,EN,Towers with Radar,0,50,49,0,99,0,9,97,0,106,0,59,146,0,205,160,0,160,365
08/11/2020,BED,MA,ANE,EN,Towers with Radar,0,40,52,0,92,0,18,96,0,114,0,58,148,0,206,56,0,56,262
08/12/2020,BED,MA,ANE,EN,Towers with Radar,1,51,38,0,90,0,5,117,0,122,1,56,155,0,212,164,0,164,376
08/13/2020,BED,MA,ANE,EN,Towers with Radar,3,53,35,0,91,0,4,135,0,139,3,57,170,0,230,162,0,162,392
08/14/2020,BED,MA,ANE,EN,Towers with Radar,0,47,46,0,93,0,10,136,0,146,0,57,182,0,239,156,0,156,395
08/15/2020,BED,MA,ANE,EN,Towers with Radar,0,39,69,0,108,0,4,24,0,28,0,43,93,0,136,48,0,48,184
08/16/2020,BED,MA,ANE,EN,Towers with Radar,0,44,64,0,108,0,0,53,0,53,0,44,117,0,161,232,0,232,393
08/17/2020,BED,MA,ANE,EN,Towers with Radar,0,55,36,0,91,0,8,80,0,88,0,63,116,0,179,228,0,228,407
08/18/2020,BED,MA,ANE,EN,Towers with Radar,0,30,63,0,93,0,8,115,0,123,0,38,178,0,216,214,0,214,430
08/19/2020,BED,MA,ANE,EN,Towers with Radar,0,35,49,0,84,0,5,93,0,98,0,40,142,0,182,126,0,126,308
08/20/2020,BED,MA,ANE,EN,Towers with Radar,1,61,63,0,125,0,12,159,0,171,1,73,222,0,296,218,0,218,514
08/21/2020,BED,MA,ANE,EN,Towers with Radar,0,39,53,0,92,0,16,143,2,161,0,55,196,2,253,106,0,106,359
08/22/2020,BED,MA,ANE,EN,Towers with Radar,0,52,49,0,101,0,6,117,1,124,0,58,166,1,225,150,0,150,375
08/23/2020,BED,MA,ANE,EN,Towers with Radar,0,55,56,0,111,0,7,90,0,97,0,62,146,0,208,92,0,92,300
08/24/2020,BED,MA,ANE,EN,Towers with Radar,0,44,46,1,91,0,12,61,1,74,0,56,107,2,165,100,0,100,265
08/25/2020,BED,MA,ANE,EN,Towers with Radar,1,64,45,0,110,0,17,117,0,134,1,81,162,0,244,180,0,180,424
08/26/2020,BED,MA,ANE,EN,Towers with Radar,2,52,49,2,105,0,16,95,0,111,2,68,144,2,216,74,0,74,290
08/27/2020,BED,MA,ANE,EN,Towers with Radar,0,66,70,0,136,0,6,55,0,61,0,72,125,0,197,94,0,94,291
08/28/2020,BED,MA,ANE,EN,Towers with Radar,2,60,95,4,161,0,8,102,0,110,2,68,197,4,271,170,0,170,441
08/29/2020,BED,MA,ANE,EN,Towers with Radar,1,45,39,0,85,0,0,0,0,0,1,45,39,0,85,0,0,0,85
08/30/2020,BED,MA,ANE,EN,Towers with Radar,0,56,57,0,113,0,17,104,0,121,0,73,161,0,234,88,0,88,322
08/31/2020,BED,MA,ANE,EN,Towers with Radar,0,46,36,0,82,0,17,132,0,149,0,63,168,0,231,160,0,160,391
09/01/2020,BED,MA,ANE,EN,Towers with Radar,0,44,59,4,107,0,10,139,0,149,0,54,198,4,256,250,0,250,506
09/02/2020,BED,MA,ANE,EN,Towers with Radar,0,63,65,0,128,0,1,2,0,3,0,64,67,0,131,0,0,0,131
09/03/2020,BED,MA,ANE,EN,Towers with Radar,0,43,66,0,109,0,10,36,0,46,0,53,102,0,155,70,0,70,225
09/04/2020,BED,MA,ANE,EN,Towers with Radar,0,32,66,1,99,0,16,169,0,185,0,48,235,1,284,136,0,136,420
09/05/2020,BED,MA,ANE,EN,Towers with Radar,0,23,48,2,73,0,10,136,0,146,0,33,184,2,219,160,0,160,379
09/06/2020,BED,MA,ANE,EN,Towers with Radar,2,29,40,0,71,0,7,106,0,113,2,36,146,0,184,206,0,206,390
09/07/2020,BED,MA,ANE,EN,Towers with Radar,0,49,61,0,110,0,6,123,0,129,0,55,184,0,239,110,0,110,349
09/08/2020,BED,MA,ANE,EN,Towers with Radar,2,43,70,1,116,0,1,107,0,108,2,44,177,1,224,166,0,166,390
09/09/2020,BED,MA,ANE,EN,Towers with Radar,0,52,61,0,113,0,6,85,0,91,0,58,146,0,204,136,0,136,340
09/10/2020,BED,MA,ANE,EN,Towers with Radar,0,41,69,2,112,0,0,5,0,5,0,41,74,2,117,28,0,28,145
09/11/2020,BED,MA,ANE,EN,Towers with Radar,1,42,71,0,114,0,8,76,0,84,1,50,147,0,198,164,0,164,362
09/12/2020,BED,MA,ANE,EN,Towers with Radar,2,45,36,0,83,0,11,174,2,187,2,56,210,2,270,214,0,214,484
09/13/2020,BED,MA,ANE,EN,Towers with Radar,1,58,62,0,121,0,9,111,0,120,1,67,173,0,241,256,0,256,497
09/14/2020,BED,MA,ANE,EN,Towers with Radar,0,51,63,0,114,0,10,97,3,110,0,61,160,3,224,111,0,111,335
09/15/2020,BED,MA,ANE,EN,Towers with Radar,3,35,57,3,98,1,3,167,1,172,4,38,224,4,270,256,0,256,526
09/16/2020,BED,MA,ANE,EN,Towers with Radar,2,36,48,1,87,0,17,81,4,102,2,53,129,5,189,106,0,106,295
09/17/2020,BED,MA,ANE,EN,Towers with Radar,0,54,61,2,117,0,11,143,1,155,0,65,204,3,272,176,0,176,448
09/18/2020,BED,MA,ANE,EN,Towers with Radar,0,59,69,0,128,0,6,65,4,75,0,65,134,4,203,172,0,172,375
09/19/2020,BED,MA,ANE,EN,Towers with Radar,0,43,50,0,93,0,6,133,0,139,0,49,183,0,232,134,0,134,366
09/20/2020,BED,MA,ANE,EN,Towers with Radar,2,54,49,0,105,0,18,120,0,138,2,72,169,0,243,166,0,166,409
09/21/2020,BED,MA,ANE,EN,Towers with Radar,0,36,42,1,79,0,7,105,0,112,0,43,147,1,191,221,0,221,412
09/22/2020,BED,MA,ANE,EN,Towers with Radar,0,34,42,1,77,0,5,78,0,83,0,39,120,1,160,60,0,60,220
09/23/2020,BED,MA,ANE,EN,Towers with Radar,2,47,76,0,125,0,11,111,0,122,2,58,187,0,247,74,0,74,321
09/24/2020,BED,MA,ANE,EN,Towers with Radar,0,55,89,2,146,0,10,166,0,176,0,65,255,2,322,142,0,142,464
09/25/2020,BED,MA,ANE,EN,Towers with Radar,1,40,76,3,120,0,10,146,1,157,1,50,222,4,277,168,0,168,445
09/26/2020,BED,MA,ANE,EN,Towers with Radar,0,33,58,1,92,0,5,95,0,100,0,38,153,1,192,94,0,94,286
09/27/2020,BED,MA,ANE,EN,Towers with Radar,2,55,83,0,140,0,8,52,0,60,2,63,135,0,200,140,0,140,340
09/28/2020,BED,MA,ANE,EN,Towers with Radar,4,44,76,4,128,0,5,50,0,55,4,49,126,4,183,112,0,112,295
09/29/2020,BED,MA,ANE,EN,Towers with Radar,1,38,50,0,89,0,12,90,0,102,1,50,140,0,191,120,0,120,311
09/30/2020,BED,MA,ANE,EN,Towers with Radar,0,34,38,2,74,0,6,19,0,25,0,40,57,2,99,6,0,6,105
10/01/2020,BED,MA,ANE,EN,Towers with Radar,0,37,58,0,95,0,8,113,1,122,0,45,171,1,217,138,0,138,355
10/02/2020,BED,MA,ANE,EN,Towers with Radar,1,31,57,2,91,0,10,100,2,112,1,41,157,4,203,176,0,176,379
10/03/2020,BED,MA,ANE,EN,Towers with Radar,2,26,45,0,73,0,11,154,0,165,2,37,199,0,238,222,0,222,460
10/04/2020,BED,MA,ANE,EN,Towers with Radar,4,43,66,0,113,0,16,142,0,158,4,59,208,0,271,242,0,242,513
10/05/2020,BED,MA,ANE,EN,Towers with Radar,0,43,68,3,114,0,2,47,0,49,0,45,115,3,163,100,0,100,263
10/06/2020,BED,MA,ANE,EN,Towers with Radar,0,37,64,3,104,0,6,109,0,115,0,43,173,3,219,207,0,207,426
10/07/2020,BED,MA,ANE,EN,Towers with Radar,0,37,40,0,77,0,1,37,0,38,0,38,77,0,115,50,0,50,165
10/08/2020,BED,MA,ANE,EN,Towers with Radar,0,60,59,1,120,0,27,57,0,84,0,87,116,1,204,26,0,26,230
10/09/2020,BED,MA,ANE,EN,Towers with Radar,0,64,84,0,148,1,8,141,0,150,1,72,225,0,298,148,0,148,446
10/10/2020,BED,MA,ANE,EN,Towers with Radar,2,55,34,0,91,0,6,49,0,55,2,61,83,0,146,38,0,38,184
10/11/2020,BED,MA,ANE,EN,Towers with Radar,1,53,69,0,123,0,10,176,3,189,1,63,245,3,312,216,0,216,528
10/12/2020,BED,MA,ANE,EN,Towers with Radar,0,59,80,0,139,0,6,83,0,89,0,65,163,0,228,230,0,230,458
10/13/2020,BED,MA,ANE,EN,Towers with Radar,0,58,40,5,103,0,0,0,0,0,0,58,40,5,103,0,0,0,103
10/14/2020,BED,MA,ANE,EN,Towers with Radar,1,62,54,3,120,0,8,103,2,113,1,70,157,5,233,196,0,196,429
10/15/2020,BED,MA,ANE,EN,Towers with Radar,0,45,50,4,99,0,7,88,1,96,0,52,138,5,195,44,0,44,239
10/16/2020,BED,MA,ANE,EN,Towers with Radar,0,68,83,2,153,0,0,2,0,2,0,68,85,2,155,0,0,0,155
10/17/2020,BED,MA,ANE,EN,Towers with Radar,2,37,48,0,87,0,12,43,0,55,2,49,91,0,142,54,0,54,196
10/18/2020,BED,MA,ANE,EN,Towers with Radar,0,49,53,0,102,0,15,166,0,181,0,64,219,0,283,228,0,228,511
10/19/2020,BED,MA,ANE,EN,Towers with Radar,2,37,60,2,101,1,4,130,1,136,3,41,190,3,237,236,0,236,473
10/20/2020,BED,MA,ANE,EN,Towers with Radar,0,35,69,2,106,0,0,9,0,9,0,35,78,2,115,28,0,28,143
10/21/2020,BED,MA,ANE,EN,Towers with Radar,0,68,79,0,147,0,2,11,0,13,0,70,90,0,160,22,0,22,182
10/22/2020,BED,MA,ANE,EN,Towers with Radar,1,66,77,0,144,0,4,132,0,136,1,70,209,0,280,173,0,173,453
10/23/2020,BED,MA,ANE,EN,Towers with Radar,2,63,99,4,168,0,4,59,0,63,2,67,158,4,231,166,0,166,397
10/24/2020,BED,MA,ANE,EN,Towers with Radar,1,33,67,0,101,0,7,80,0,87,1,40,147,0,188,212,0,212,400
10/25/2020,BED,MA,ANE,EN,Towers with Radar,3,57,85,0,145,0,8,113,0,121,3,65,198,0,266,126,0,126,392
10/26/2020,BED,MA,ANE,EN,Towers with Radar,0,40,63,2,105,0,0,1,0,1,0,40,64,2,106,0,0,0,106
10/27/2020,BED,MA,ANE,EN,Towers with Radar,0,45,55,0,100,0,3,107,2,112,0,48,162,2,212,158,0,158,370
10/28/2020,BED,MA,ANE,EN,Towers with Radar,1,41,82,0,124,0,0,0,0,0,1,41,82,0,124,0,0,0,124
10/29/2020,BED,MA,ANE,EN,Towers with Radar,1,50,53,2,106,0,1,36,0,37,1,51,89,2,143,112,0,112,255
10/30/2020,BED,MA,ANE,EN,Towers with Radar,0,22,42,2,66,0,1,3,0,4,0,23,45,2,70,0,0,0,70
10/31/2020,BED,MA,ANE,EN,Towers with Radar,0,44,35,0,79,0,15,155,0,170,0,59,190,0,249,206,0,206,455
11/01/2020,BED,MA,ANE,EN,Towers with Radar,1,53,52,0,106,0,0,67,0,67,1,53,119,0,173,118,0,118,291
11/02/2020,BED,MA,ANE,EN,Towers with Radar,0,48,45,0,93,0,7,26,0,33,0,55,71,0,126,24,0,24,150
11/03/2020,BED,MA,ANE,EN,Towers with Radar,0,37,28,0,65,0,14,45,0,59,0,51,73,0,124,46,0,46,170
11/04/2020,BED,MA,ANE,EN,Towers with Radar,0,39,60,0,99,0,9,128,0,137,0,48,188,0,236,138,0,138,374
11/05/2020,BED,MA,ANE,EN,Towers with Radar,0,33,57,0,90,0,16,98,0,114,0,49,155,0,204,126,0,126,330
11/06/2020,BED,MA,ANE,EN,Towers with Radar,0,42,72,0,114,0,3,141,0,144,0,45,213,0,258,92,0,92,350
11/07/2020,BED,MA,ANE,EN,Towers with Radar,2,32,35,0,69,0,10,182,0,192,2,42,217,0,261,184,0,184,445
11/08/2020,BED,MA,ANE,EN,Towers with Radar,2,37,55,0,94,0,10,167,0,177,2,47,222,0,271,190,0,190,461
11/09/2020,BED,MA,ANE,EN,Towers with Radar,0,37,37,0,74,0,8,148,0,156,0,45,185,0,230,170,0,170,400
11/10/2020,BED,MA,ANE,EN,Towers with Radar,0,35,48,0,83,0,15,172,0,187,0,50,220,0,270,208,0,208,478
11/11/2020,BED,MA,ANE,EN,Towers with Radar,0,46,70,0,116,0,1,20,0,21,0,47,90,0,137,38,0,38,175
11/12/2020,BED,MA,ANE,EN,Towers with Radar,0,50,66,2,118,0,6,74,5,85,0,56,140,7,203,124,0,124,327
11/13/2020,BED,MA,ANE,EN,Towers with Radar,0,55,61,0,116,0,0,0,0,0,0,55,61,0,116,0,0,0,116
11/14/2020,BED,MA,ANE,EN,Towers with Radar,0,36,45,0,81,0,23,140,0,163,0,59,185,0,244,218,0,218,462
11/15/2020,BED,MA,ANE,EN,Towers with Radar,0,48,45,0,93,0,6,122,0,128,0,54,167,0,221,232,0,232,453
11/16/2020,BED,MA,ANE,EN,Towers with Radar,0,40,47,0,87,3,16,52,0,71,3,56,99,0,158,40,0,40,198
11/17/2020,BED,MA,ANE,EN,Towers with Radar,0,38,45,1,84,0,4,99,0,103,0,42,144,1,187,138,0,138,325
11/18/2020,BED,MA,ANE,EN,Towers with Radar,0,49,49,1,99,0,8,52,1,61,0,57,101,2,160,56,0,56,216
11/19/2020,BED,MA,ANE,EN,Towers with Radar,0,48,47,3,98,0,14,129,0,143,0,62,176,3,241,92,0,92,333
11/20/2020,BED,MA,ANE,EN,Towers with Radar,1,50,72,1,124,0,10,131,0,141,1,60,203,1,265,116,0,116,381
11/21/2020,BED,MA,ANE,EN,Towers with Radar,0,68,77,0,145,0,7,136,0,143,0,75,213,0,288,126,0,126,414
11/22/2020,BED,MA,ANE,EN,Towers with Radar,0,60,73,0,133,0,11,90,1,102,0,71,163,1,235,184,0,184,419
11/23/2020,BED,MA,ANE,EN,Towers with Radar,2,41,40,2,85,0,6,7,0,13,2,47,47,2,98,12,0,12,110
11/24/2020,BED,MA,ANE,EN,Towers with Radar,0,71,58,4,133,0,15,136,0,151,0,86,194,4,284,136,0,136,420
11/25/2020,BED,MA,ANE,EN,Towers with Radar,0,51,65,0,116,0,8,101,0,109,0,59,166,0,225,250,0,250,475
11/26/2020,BED,MA,ANE,EN,Towers with Radar,0,25,8,0,33,0,0,0,0,0,0,25,8,0,33,0,0,0,33
11/27/2020,BED,MA,ANE,EN,Towers with Radar,2,40,36,0,78,0,9,88,0,97,2,49,124,0,175,136,2,138,313
11/28/2020,BED,MA,ANE,EN,Towers with Radar,3,44,62,0,109,0,10,119,0,129,3,54,181,0,238,200,0,200,438
11/29/2020,BED,MA,ANE,EN,Towers with Radar,3,73,68,0,144,0,4,184,0,188,3,77,252,0,332,122,0,122,454
11/30/2020,BED,MA,ANE,EN,Towers with Radar,0,42,46,0,88,0,3,27,0,30,0,45,73,0,118,50,0,50,168
12/01/2020,BED,MA,ANE,EN,Towers with Radar,0,70,43,0,113,0,2,39,0,41,0,72,82,0,154,70,0,70,224
12/02/2020,BED,MA,ANE,EN,Towers with Radar,0,55,49,0,104,0,12,78,0,90,0,67,127,0,194,98,0,98,292
12/03/2020,BED,MA,ANE,EN,Towers with Radar,0,35,45,0,80,0,5,102,0,107,0,40,147,0,187,124,0,124,311
12/04/2020,BED,MA,ANE,EN,Towers with Radar,0,49,53,0,102,0,7,97,0,104,0,56,150,0,206,124,0,124,330
12/05/2020,BED,MA,ANE,EN,Towers with Radar,2,27,11,0,40,0,0,0,0,0,2,27,11,0,40,0,0,0,40
12/06/2020,BED,MA,ANE,EN,Towers with Radar,2,70,55,1,128,0,4,47,0,51,2,74,102,1,179,62,0,62,241
12/07/2020,BED,MA,ANE,EN,Towers with Radar,0,46,45,3,94,1,2,108,0,111,1,48,153,3,205,170,0,170,375
12/08/2020,BED,MA,ANE,EN,Towers with Radar,2,34,35,0,71,0,8,63,0,71,2,42,98,0,142,166,0,166,308
12/09/2020,BED,MA,ANE,EN,Towers with Radar,0,38,48,1,87,0,4,72,0,76,0,42,120,1,163,94,0,94,257
12/10/2020,BED,MA,ANE,EN,Towers with Radar,0,36,52,1,89,0,14,107,0,121,0,50,159,1,210,126,0,126,336
12/11/2020,BED,MA,ANE,EN,Towers with Radar,1,36,50,0,87,0,11,142,0,153,1,47,192,0,240,183,0,183,423
12/12/2020,BED,MA,ANE,EN,Towers with Radar,2,25,36,0,63,0,0,0,0,0,2,25,36,0,63,0,0,0,63
12/13/2020,BED,MA,ANE,EN,Towers with Radar,1,54,68,0,123,0,6,147,0,153,1,60,215,0,276,170,0,170,446
12/14/2020,BED,MA,ANE,EN,Towers with Radar,2,59,40,0,101,0,2,4,0,6,2,61,44,0,107,0,0,0,107
12/15/2020,BED,MA,ANE,EN,Towers with Radar,2,60,45,3,110,0,9,99,0,108,2,69,144,3,218,112,0,112,330
12/16/2020,BED,MA,ANE,EN,Towers with Radar,1,59,42,0,102,0,10,101,0,111,1,69,143,0,213,148,0,148,361
12/17/2020,BED,MA,ANE,EN,Towers with Radar,0,21,24,0,45,0,5,0,0,5,0,26,24,0,50,0,0,0,50
12/18/2020,BED,MA,ANE,EN,Towers with Radar,1,83,93,0,177,0,9,67,0,76,1,92,160,0,253,120,0,120,373
12/19/2020,BED,MA,ANE,EN,Towers with Radar,1,51,96,0,148,0,11,114,0,125,1,62,210,0,273,94,0,94,367
12/20/2020,BED,MA,ANE,EN,Towers with Radar,0,61,62,0,123,0,2,71,0,73,0,63,133,0,196,153,0,153,349
12/21/2020,BED,MA,ANE,EN,Towers with Radar,0,50,48,0,98,0,0,1,0,1,0,50,49,0,99,0,0,0,99
12/22/2020,BED,MA,ANE,EN,Towers with Radar,0,63,75,0,138,0,10,108,0,118,0,73,183,0,256,142,0,142,398
12/23/2020,BED,MA,ANE,EN,Towers with Radar,0,60,61,0,121,0,12,171,0,183,0,72,232,0,304,216,0,216,520
12/24/2020,BED,MA,ANE,EN,Towers with Radar,1,24,32,0,57,0,3,40,0,43,1,27,72,0,100,34,0,34,134
12/25/2020,BED,MA,ANE,EN,Towers with Radar,1,24,10,0,35,0,0,0,0,0,1,24,10,0,35,0,0,0,35
12/26/2020,BED,MA,ANE,EN,Towers with Radar,2,90,106,0,198,0,13,73,0,86,2,103,179,0,284,52,0,52,336
12/27/2020,BED,MA,ANE,EN,Towers with Radar,0,64,81,0,145,0,3,165,0,168,0,67,246,0,313,138,0,138,451
12/28/2020,BED,MA,ANE,EN,Towers with Radar,0,55,47,0,102,0,5,55,0,60,0,60,102,0,162,128,0,128,290
12/29/2020,BED,MA,ANE,EN,Towers with Radar,0,54,51,2,107,0,10,43,0,53,0,64,94,2,160,18,0,18,178
12/30/2020,BED,MA,ANE,EN,Towers with Radar,2,54,53,2,111,0,5,121,0,126,2,59,174,2,237,166,0,166,403
12/31/2020,BED,MA,ANE,EN,Towers with Radar,1,43,44,0,88,0,3,53,0,56,1,46,97,0,144,90,0,90,234
01/01/2021,BED,MA,ANE,EN,Towers with Radar,1,31,53,0,85,0,2,69,0,71,1,33,122,0,156,48,0,48,204
01/02/2021,BED,MA,ANE,EN,Towers with Radar,3,73,76,0,152,0,4,12,0,16,3,77,88,0,168,44,0,44,212
01/03/2021,BED,MA,ANE,EN,Towers with Radar,6,84,74,0,164,0,1,19,0,20,6,85,93,0,184,104,0,104,288
01/04/2021,BED,MA,ANE,EN,Towers with Radar,0,46,58,0,104,0,5,40,0,45,0,51,98,0,149,122,0,122,271
01/05/2021,BED,MA,ANE,EN,Towers with Radar,2,52,40,0,94,0,0,1,0,1,2,52,41,0,95,0,0,0,95
01/06/2021,BED,MA,ANE,EN,Towers with Radar,1,39,59,2,101,0,10,106,1,117,1,49,165,3,218,146,0,146,364
01/07/2021,BED,MA,ANE,EN,Towers with Radar,0,46,41,0,87,0,5,134,0,139,0,51,175,0,226,163,0,163,389
01/08/2021,BED,MA,ANE,EN,Towers with Radar,3,40,36,0,79,0,8,113,0,121,3,48,149,0,200,124,0,124,324
01/09/2021,BED,MA,ANE,EN,Towers with Radar,1,43,50,0,94,0,4,118,0,122,1,47,168,0,216,170,0,170,386
01/10/2021,BED,MA,ANE,EN,Towers with Radar,1,52,52,0,105,0,11,141,0,152,1,63,193,0,257,118,0,118,375
01/11/2021,BED,MA,ANE,EN,Towers with Radar,2,24,32,0,58,0,7,68,0,75,2,31,100,0,133,156,0,156,289
01/12/2021,BED,MA,ANE,EN,Towers with Radar,3,38,26,0,67,0,8,84,0,92,3,46,110,0,159,126,0,126,285
01/13/2021,BED,MA,ANE,EN,Towers with Radar,3,42,48,0,93,0,0,89,1,90,3,42,137,1,183,108,0,108,291
01/14/2021,BED,MA,ANE,EN,Towers with Radar,1,52,52,0,105,0,2,11,0,13,1,54,63,0,118,34,0,34,152
01/15/2021,BED,MA,ANE,EN,Towers with Radar,0,53,48,1,102,0,2,47,5,54,0,55,95,6,156,156,0,156,312
01/16/2021,BED,MA,ANE,EN,Towers with Radar,0,33,39,3,75,0,5,0,0,5,0,38,39,3,80,0,0,0,80
01/17/2021,BED,MA,ANE,EN,Towers with Radar,0,39,36,0,75,0,13,15,0,28,0,52,51,0,103,0,0,0,103
01/18/2021,BED,MA,ANE,EN,Towers with Radar,4,42,66,1,113,0,5,79,0,84,4,47,145,1,197,94,0,94,291
01/19/2021,BED,MA,ANE,EN,Towers with Radar,3,32,39,1,75,0,3,74,0,77,3,35,113,1,152,104,0,104,256
01/20/2021,BED,MA,ANE,EN,Towers with Radar,0,43,45,0,88,0,14,71,0,85,0,57,116,0,173,94,0,94,267
01/21/2021,BED,MA,ANE,EN,Towers with Radar,0,42,48,2,92,0,4,58,1,63,0,46,106,3,155,56,0,56,211
01/22/2021,BED,MA,ANE,EN,Towers with Radar,0,54,44,0,98,0,4,92,0,96,0,58,136,0,194,166,0,166,360
01/23/2021,BED,MA,ANE,EN,Towers with Radar,0,38,35,0,73,0,5,54,0,59,0,43,89,0,132,66,0,66,198
01/24/2021,BED,MA,ANE,EN,Towers with Radar,0,48,53,2,103,0,5,8,0,13,0,53,61,2,116,1,0,1,117
01/25/2021,BED,MA,ANE,EN,Towers with Radar,0,36,42,0,78,0,2,95,0,97,0,38,137,0,175,152,0,152,327
01/26/2021,BED,MA,ANE,EN,Towers with Radar,2,34,36,0,72,0,0,62,0,62,2,34,98,0,134,154,0,154,288
01/27/2021,BED,MA,ANE,EN,Towers with Radar,0,38,32,2,72,0,0,2,0,2,0,38,34,2,74,0,0,0,74
01/28/2021,BED,MA,ANE,EN,Towers with Radar,2,38,27,0,67,0,2,8,0,10,2,40,35,0,77,12,0,12,89
01/29/2021,BED,MA,ANE,EN,Towers with Radar,1,42,47,0,90,0,1,8,0,9,1,43,55,0,99,4,0,4,103
01/30/2021,BED,MA,ANE,EN,Towers with Radar,0,45,38,0,83,0,3,91,0,94,0,48,129,0,177,100,0,100,277
01/31/2021,BED,MA,ANE,EN,Towers with Radar,2,49,66,0,117,0,8,128,0,136,2,57,194,0,253,168,0,168,421
02/01/2021,BED,MA,ANE,EN,Towers with Radar,1,20,16,0,37,0,0,2,0,2,1,20,18,0,39,0,0,0,39
02/02/2021,BED,MA,ANE,EN,Towers with Radar,2,18,14,0,34,0,0,0,0,0,2,18,14,0,34,0,0,0,34
02/03/2021,BED,MA,ANE,EN,Towers with Radar,5,56,31,0,92,0,14,15,0,29,5,70,46,0,121,54,0,54,175
02/04/2021,BED,MA,ANE,EN,Towers with Radar,0,39,41,0,80,0,4,117,0,121,0,43,158,0,201,166,0,166,367
02/05/2021,BED,MA,ANE,EN,Towers with Radar,1,36,36,0,73,0,0,5,0,5,1,36,41,0,78,22,0,22,100
02/06/2021,BED,MA,ANE,EN,Towers with Radar,1,48,52,0,101,0,10,94,0,104,1,58,146,0,205,86,0,86,291
02/07/2021,BED,MA,ANE,EN,Towers with Radar,0,22,20,0,42,0,2,0,0,2,0,24,20,0,44,0,0,0,44
02/08/2021,BED,MA,ANE,EN,Towers with Radar,0,46,40,2,88,0,7,63,0,70,0,53,103,2,158,112,0,112,270
02/09/2021,BED,MA,ANE,EN,Towers with Radar,5,29,17,0,51,0,0,0,0,0,5,29,17,0,51,0,0,0,51
02/10/2021,BED,MA,ANE,EN,Towers with Radar,3,53,58,0,114,0,8,68,0,76,3,61,126,0,190,124,0,124,314
02/11/2021,BED,MA,ANE,EN,Towers with Radar,1,61,53,2,117,0,15,98,0,113,1,76,151,2,230,136,0,136,366
02/12/2021,BED,MA,ANE,EN,Towers with Radar,0,66,74,0,140,0,15,104,0,119,0,81,178,0,259,126,0,126,385
02/13/2021,BED,MA,ANE,EN,Towers with Radar,2,65,65,0,132,0,7,178,0,185,2,72,243,0,317,162,0,162,479
02/14/2021,BED,MA,ANE,EN,Towers with Radar,2,55,33,0,90,0,10,10,0,20,2,65,43,0,110,46,0,46,156
02/15/2021,BED,MA,ANE,EN,Towers with Radar,0,54,41,0,95,0,2,4,0,6,0,56,45,0,101,8,0,8,109
02/16/2021,BED,MA,ANE,EN,Towers with Radar,2,53,37,0,92,0,0,0,0,0,2,53,37,0,92,0,0,0,92
02/17/2021,BED,MA,ANE,EN,Towers with Radar,0,49,45,0,94,0,5,96,0,101,0,54,141,0,195,100,0,100,295
02/18/2021,BED,MA,ANE,EN,Towers with Radar,0,40,19,0,59,0,3,45,0,48,0,43,64,0,107,98,0,98,205
02/19/2021,BED,MA,ANE,EN,Towers with Radar,1,34,25,0,60,0,0,0,0,0,1,34,25,0,60,0,0,0,60
02/20/2021,BED,MA,ANE,EN,Towers with Radar,5,54,56,0,115,0,4,63,0,67,5,58,119,0,182,158,0,158,340
02/21/2021,BED,MA,ANE,EN,Towers with Radar,0,55,71,4,130,0,7,149,0,156,0,62,220,4,286,124,0,124,410
02/22/2021,BED,MA,ANE,EN,Towers with Radar,2,35,29,1,67,0,7,8,1,16,2,42,37,2,83,6,0,6,89
02/23/2021,BED,MA,ANE,EN,Towers with Radar,2,39,60,1,102,0,14,74,1,89,2,53,134,2,191,100,14,114,305
02/24/2021,BED,MA,ANE,EN,Towers with Radar,1,42,49,0,92,0,18,113,0,131,1,60,162,0,223,126,0,126,349
02/25/2021,BED,MA,ANE,EN,Towers with Radar,0,44,42,2,88,0,4,15,0,19,0,48,57,2,107,16,0,16,123
02/26/2021,BED,MA,ANE,EN,Towers with Radar,0,52,63,0,115,0,6,152,1,159,0,58,215,1,274,170,0,170,444
02/27/2021,BED,MA,ANE,EN,Towers with Radar,0,41,33,2,76,0,0,0,0,0,0,41,33,2,76,0,0,0,76
02/28/2021,BED,MA,ANE,EN,Towers with Radar,2,71,62,0,135,0,10,133,0,143,2,81,195,0,278,234,0,234,512
03/01/2021,BED,MA,ANE,EN,Towers with Radar,0,49,39,0,88,0,2,3,0,5,0,51,42,0,93,0,0,0,93
03/02/2021,BED,MA,ANE,EN,Towers with Radar,0,38,26,0,64,0,0,5,0,5,0,38,31,0,69,0,0,0,69
03/03/2021,BED,MA,ANE,EN,Towers with Radar,0,64,65,2,131,0,24,123,0,147,0,88,188,2,278,194,0,194,472
03/04/2021,BED,MA,ANE,EN,Towers with Radar,0,59,42,4,105,0,18,62,0,80,0,77,104,4,185,92,0,92,277
03/05/2021,BED,MA,ANE,EN,Towers with Radar,0,62,53,0,115,0,17,44,0,61,0,79,97,0,176,30,0,30,206
03/06/2021,BED,MA,ANE,EN,Towers with Radar,0,41,67,1,109,0,11,125,0,136,0,52,192,1,245,184,0,184,429
03/07/2021,BED,MA,ANE,EN,Towers with Radar,0,49,78,2,129,0,12,144,3,159,0,61,222,5,288,162,1,163,451
03/08/2021,BED,MA,ANE,EN,Towers with Radar,1,40,46,0,87,0,12,95,0,107,1,52,141,0,194,140,0,140,334
03/09/2021,BED,MA,ANE,EN,Towers with Radar,2,55,30,0,87,0,9,82,0,91,2,64,112,0,178,120,0,120,298
03/10/2021,BED,MA,ANE,EN,Towers with Radar,1,56,58,2,117,0,6,124,0,130,1,62,182,2,247,148,0,148,395
03/11/2021,BED,MA,ANE,EN,Towers with Radar,0,67,40,3,110,0,8,85,0,93,0,75,125,3,203,180,0,180,383
03/12/2021,BED,MA,ANE,EN,Towers with Radar,1,80,94,0,175,0,11,47,0,58,1,91,141,0,233,14,0,14,247
03/13/2021,BED,MA,ANE,EN,Towers with Radar,1,77,81,1,160,0,10,59,0,69,1,87,140,1,229,24,0,24,253
03/14/2021,BED,MA,ANE,EN,Towers with Radar,1,76,61,1,139,0,5,30,0,35,1,81,91,1,174,20,0,20,194
03/15/2021,BED,MA,ANE,EN,Towers with Radar,2,56,31,0,89,0,2,19,0,21,2,58,50,0,110,2,0,2,112
03/16/2021,BED,MA,ANE,EN,Towers with Radar,1,49,65,2,117,0,9,112,0,121,1,58,177,2,238,222,0,222,460
03/17/2021,BED,MA,ANE,EN,Towers with Radar,0,49,57,0,106,0,16,124,0,140,0,65,181,0,246,184,0,184,430
03/18/2021,BED,MA,ANE,EN,Towers with Radar,0,60,57,2,119,0,2,6,0,8,0,62,63,2,127,42,0,42,169
03/19/2021,BED,MA,ANE,EN,Towers with Radar,2,52,52,1,107,1,11,42,0,54,3,63,94,1,161,6,0,6,167
03/20/2021,BED,MA,ANE,EN,Towers with Radar,0,48,76,0,124,0,3,209,0,212,0,51,285,0,336,170,0,170,506
03/21/2021,BED,MA,ANE,EN,Towers with Radar,2,63,93,2,160,0,9,156,0,165,2,72,249,2,325,204,0,204,529
03/22/2021,BED,MA,ANE,EN,Towers with Radar,0,62,55,4,121,1,10,115,0,126,1,72,170,4,247,186,0,186,433
03/23/2021,BED,MA,ANE,EN,Towers with Radar,0,34,62,5,101,0,20,123,0,143,0,54,185,5,244,218,0,218,462
03/24/2021,BED,MA,ANE,EN,Towers with Radar,2,74,69,0,145,0,10,126,0,136,2,84,195,0,281,144,0,144,425
03/25/2021,BED,MA,ANE,EN,Towers with Radar,0,62,93,2,157,0,4,21,0,25,0,66,114,2,182,38,0,38,220
03/26/2021,BED,MA,ANE,EN,Towers with Radar,0,78,64,2,144,0,2,0,0,2,0,80,64,2,146,0,0,0,146
03/27/2021,BED,MA,ANE,EN,Towers with Radar,1,85,78,0,164,0,8,185,0,193,1,93,263,0,357,280,0,280,637
03/28/2021,BED,MA,ANE,EN,Towers with Radar,3,81,55,0,139,0,0,0,0,0,3,81,55,0,139,0,0,0,139
03/29/2021,BED,MA,ANE,EN,Towers with Radar,0,59,48,0,107,0,12,6,0,18,0,71,54,0,125,0,0,0,125
03/30/2021,BED,MA,ANE,EN,Towers with Radar,5,70,53,0,128,0,19,137,0,156,5,89,190,0,284,138,0,138,422
03/31/2021,BED,MA,ANE,EN,Towers with Radar,0,80,63,0,143,0,7,27,1,35,0,87,90,1,178,32,0,32,210
04/01/2021,BED,MA,ANE,EN,Towers with Radar,0,57,46,0,103,0,8,9,0,17,0,65,55,0,120,20,0,20,140
04/02/2021,BED,MA,ANE,EN,Towers with Radar,1,50,65,2,118,0,10,115,0,125,1,60,180,2,243,134,0,134,377
04/03/2021,BED,MA,ANE,EN,Towers with Radar,1,39,59,0,99,0,15,149,0,164,1,54,208,0,263,198,0,198,461
04/04/2021,BED,MA,ANE,EN,Towers with Radar,0,65,39,0,104,0,6,94,0,100,0,71,133,0,204,132,0,132,336
04/05/2021,BED,MA,ANE,EN,Towers with Radar,1,56,59,1,117,0,8,24,0,32,1,64,83,1,149,4,0,4,153
04/06/2021,BED,MA,ANE,EN,Towers with Radar,2,50,58,0,110,0,20,106,1,127,2,70,164,1,237,150,0,150,387
04/07/2021,BED,MA,ANE,EN,Towers with Radar,0,73,49,0,122,0,14,110,0,124,0,87,159,0,246,174,0,174,420
04/08/2021,BED,MA,ANE,EN,Towers with Radar,0,51,65,0,116,0,9,121,0,130,0,60,186,0,246,180,0,180,426
04/09/2021,BED,MA,ANE,EN,Towers with Radar,0,53,73,1,127,0,11,150,1,162,0,64,223,2,289,164,0,164,453
04/10/2021,BED,MA,ANE,EN,Towers with Radar,3,36,62,0,101,0,9,161,0,170,3,45,223,0,271,196,0,196,467
04/11/2021,BED,MA,ANE,EN,Towers with Radar,0,50,89,1,140,0,0,0,0,0,0,50,89,1,140,2,0,2,142
04/12/2021,BED,MA,ANE,EN,Towers with Radar,0,49,48,1,98,0,11,3,0,14,0,60,51,1,112,14,0,14,126
04/13/2021,BED,MA,ANE,EN,Towers with Radar,2,46,54,0,102,0,15,92,0,107,2,61,146,0,209,190,0,190,399
04/14/2021,BED,MA,ANE,EN,Towers with Radar,0,44,55,2,101,0,20,139,0,159,0,64,194,2,260,184,0,184,444
04/15/2021,BED,MA,ANE,EN,Towers with Radar,0,56,73,2,131,0,14,58,0,72,0,70,131,2,203,118,0,118,321
04/16/2021,BED,MA,ANE,EN,Towers with Radar,2,63,67,1,133,0,0,0,0,0,2,63,67,1,133,0,0,0,133
04/17/2021,BED,MA,ANE,EN,Towers with Radar,2,79,72,0,153,0,4,28,0,32,2,83,100,0,185,118,0,118,303
04/18/2021,BED,MA,ANE,EN,Towers with Radar,2,62,68,0,132,0,8,152,0,160,2,70,220,0,292,114,0,114,406
04/19/2021,BED,MA,ANE,EN,Towers with Radar,1,54,52,0,107,0,8,124,0,132,1,62,176,0,239,276,0,276,515
04/20/2021,BED,MA,ANE,EN,Towers with Radar,2,61,48,0,111,0,16,104,1,121,2,77,152,1,232,90,0,90,322
04/21/2021,BED,MA,ANE,EN,Towers with Radar,0,50,40,0,90,0,6,23,0,29,0,56,63,0,119,4,0,4,123
04/22/2021,BED,MA,ANE,EN,Towers with Radar,0,62,38,3,103,0,7,20,0,27,0,69,58,3,130,0,0,0,130
04/23/2021,BED,MA,ANE,EN,Towers with Radar,0,64,61,0,125,0,16,31,0,47,0,80,92,0,172,0,0,0,172
04/24/2021,BED,MA,ANE,EN,Towers with Radar,3,63,68,0,134,0,5,146,0,151,3,68,214,0,285,120,0,120,405
04/25/2021,BED,MA,ANE,EN,Towers with Radar,2,65,66,2,135,0,2,11,0,13,2,67,77,2,148,2,0,2,150
04/26/2021,BED,MA,ANE,EN,Towers with Radar,0,52,43,0,95,0,11,38,0,49,0,63,81,0,144,22,0,22,166
04/27/2021,BED,MA,ANE,EN,Towers with Radar,2,69,72,0,143,0,14,132,0,146,2,83,204,0,289,163,0,163,452
04/28/2021,BED,MA,ANE,EN,Towers with Radar,2,54,65,0,121,0,3,82,0,85,2,57,147,0,206,180,4,184,390
04/29/2021,BED,MA,ANE,EN,Towers with Radar,0,52,98,0,150,0,0,0,0,0,0,52,98,0,150,0,0,0,150
04/30/2021,BED,MA,ANE,EN,Towers with Radar,0,73,66,1,140,0,18,24,0,42,0,91,90,1,182,10,0,10,192
05/01/2021,BED,MA,ANE,EN,Towers with Radar,1,67,64,0,132,0,11,113,0,124,1,78,177,0,256,78,0,78,334
05/02/2021,BED,MA,ANE,EN,Towers with Radar,2,63,87,0,152,0,12,108,0,120,2,75,195,0,272,52,0,52,324
05/03/2021,BED,MA,ANE,EN,Towers with Radar,1,51,75,0,127,0,7,107,0,114,1,58,182,0,241,102,0,102,343
05/04/2021,BED,MA,ANE,EN,Towers with Radar,1,47,83,2,133,0,2,8,0,10,1,49,91,2,143,12,0,12,155
05/05/2021,BED,MA,ANE,EN,Towers with Radar,0,67,71,1,139,0,0,0,0,0,0,67,71,1,139,0,0,0,139
05/06/2021,BED,MA,ANE,EN,Towers with Radar,0,59,92,0,151,0,3,88,0,91,0,62,180,0,242,84,0,84,326
05/07/2021,BED,MA,ANE,EN,Towers with Radar,2,63,69,0,134,0,12,135,0,147,2,75,204,0,281,94,0,94,375
05/08/2021,BED,MA,ANE,EN,Towers with Radar,1,59,53,0,113,0,13,140,0,153,1,72,193,0,266,160,0,160,426
05/09/2021,BED,MA,ANE,EN,Towers with Radar,1,58,75,0,134,0,3,126,0,129,1,61,201,0,263,62,0,62,325
05/10/2021,BED,MA,ANE,EN,Towers with Radar,0,38,86,4,128,0,7,62,1,70,0,45,148,5,198,218,0,218,416
05/11/2021,BED,MA,ANE,EN,Towers with Radar,3,66,58,4,131,0,13,69,0,82,3,79,127,4,213,20,0,20,233
05/12/2021,BED,MA,ANE,EN,Towers with Radar,1,60,62,3,126,0,10,133,0,143,1,70,195,3,269,96,0,96,365
05/13/2021,BED,MA,ANE,EN,Towers with Radar,1,76,72,2,151,0,23,172,1,196,1,99,244,3,347,290,0,290,637
05/14/2021,BED,MA,ANE,EN,Towers with Radar,2,65,77,4,148,0,21,171,0,192,2,86,248,4,340,244,0,244,584
05/15/2021,BED,MA,ANE,EN,Towers with Radar,0,50,54,0,104,0,5,166,0,171,0,55,220,0,275,268,0,268,543
05/16/2021,BED,MA,ANE,EN,Towers with Radar,3,66,61,0,130,0,19,97,0,116,3,85,158,0,246,116,0,116,362
05/17/2021,BED,MA,ANE,EN,Towers with Radar,1,66,67,0,134,0,19,108,0,127,1,85,175,0,261,179,0,179,440
05/18/2021,BED,MA,ANE,EN,Towers with Radar,0,54,70,0,124,0,13,117,0,130,0,67,187,0,254,151,0,151,405
05/19/2021,BED,MA,ANE,EN,Towers with Radar,0,47,61,0,108,0,10,157,0,167,0,57,218,0,275,256,0,256,531
05/20/2021,BED,MA,ANE,EN,Towers with Radar,2,41,68,1,112,0,12,142,0,154,2,53,210,1,266,252,0,252,518
05/21/2021,BED,MA,ANE,EN,Towers with Radar,2,67,80,3,152,0,13,144,0,157,2,80,224,3,309,172,0,172,481
05/22/2021,BED,MA,ANE,EN,Towers with Radar,4,56,50,3,113,0,7,130,0,137,4,63,180,3,250,274,0,274,524
05/23/2021,BED,MA,ANE,EN,Towers with Radar,0,70,75,1,146,0,9,111,0,120,0,79,186,1,266,152,0,152,418
05/24/2021,BED,MA,ANE,EN,Towers with Radar,0,41,73,2,116,0,15,154,1,170,0,56,227,3,286,182,0,182,468
05/25/2021,BED,MA,ANE,EN,Towers with Radar,2,61,76,1,140,0,13,108,2,123,2,74,184,3,263,96,0,96,359
05/26/2021,BED,MA,ANE,EN,Towers with Radar,0,69,77,1,147,0,13,100,0,113,0,82,177,1,260,110,0,110,370
05/27/2021,BED,MA,ANE,EN,Towers with Radar,0,72,79,0,151,0,34,139,0,173,0,106,218,0,324,156,0,156,480
05/28/2021,BED,MA,ANE,EN,Towers with Radar,2,85,89,0,176,0,26,131,0,157,2,111,220,0,333,138,0,138,471
05/29/2021,BED,MA,ANE,EN,Towers with Radar,2,42,44,0,88,0,2,0,0,2,2,44,44,0,90,0,0,0,90
05/30/2021,BED,MA,ANE,EN,Towers with Radar,0,48,25,0,73,0,0,0,0,0,0,48,25,0,73,0,0,0,73
05/31/2021,BED,MA,ANE,EN,Towers with Radar,2,96,105,0,203,0,13,25,0,38,2,109,130,0,241,18,0,18,259
06/01/2021,BED,MA,ANE,EN,Towers with Radar,0,58,66,2,126,0,13,169,0,182,0,71,235,2,308,250,0,250,558
06/02/2021,BED,MA,ANE,EN,Towers with Radar,2,65,58,4,129,1,17,181,0,199,3,82,239,4,328,258,0,258,586
06/03/2021,BED,MA,ANE,EN,Towers with Radar,0,71,96,0,167,0,8,25,0,33,0,79,121,0,200,54,0,54,254
06/04/2021,BED,MA,ANE,EN,Towers with Radar,1,53,69,1,124,0,8,52,0,60,1,61,121,1,184,162,0,162,346
06/05/2021,BED,MA,ANE,EN,Towers with Radar,0,48,49,0,97,0,13,156,4,173,0,61,205,4,270,236,0,236,506
06/06/2021,BED,MA,ANE,EN,Towers with Radar,0,66,83,2,151,0,16,188,1,205,0,82,271,3,356,204,0,204,560
06/07/2021,BED,MA,ANE,EN,Towers with Radar,0,40,62,1,103,0,17,150,1,168,0,57,212,2,271,164,0,164,435
06/08/2021,BED,MA,ANE,EN,Towers with Radar,3,66,63,3,135,0,19,101,2,122,3,85,164,5,257,110,0,110,367
06/09/2021,BED,MA,ANE,EN,Towers with Radar,0,67,82,0,149,0,13,120,0,133,0,80,202,0,282,236,0,236,518
06/10/2021,BED,MA,ANE,EN,Towers with Radar,3,73,93,2,171,0,16,191,0,207,3,89,284,2,378,222,0,222,600
06/11/2021,BED,MA,ANE,EN,Towers with Radar,0,60,88,0,148,0,10,164,0,174,0,70,252,0,322,154,0,154,476
06/12/2021,BED,MA,ANE,EN,Towers with Radar,0,50,75,0,125,0,13,69,0,82,0,63,144,0,207,198,0,198,405
06/13/2021,BED,MA,ANE,EN,Towers with Radar,0,69,74,1,144,0,12,182,0,194,0,81,256,1,338,200,0,200,538
06/14/2021,BED,MA,ANE,EN,Towers with Radar,0,71,70,3,144,0,1,7,0,8,0,72,77,3,152,6,0,6,158
06/15/2021,BED,MA,ANE,EN,Towers with Radar,2,83,104,3,192,0,5,24,0,29,2,88,128,3,221,58,0,58,279
06/16/2021,BED,MA,ANE,EN,Towers with Radar,0,53,96,3,152,0,21,180,1,202,0,74,276,4,354,124,0,124,478
06/17/2021,BED,MA,ANE,EN,Towers with Radar,2,70,83,3,158,0,20,213,1,234,2,90,296,4,392,268,0,268,660
06/18/2021,BED,MA,ANE,EN,Towers with Radar,2,89,87,4,182,0,18,163,0,181,2,107,250,4,363,180,0,180,543
06/19/2021,BED,MA,ANE,EN,Towers with Radar,0,59,61,0,120,0,22,135,0,157,0,81,196,0,277,122,0,122,399
06/20/2021,BED,MA,ANE,EN,Towers with Radar,0,85,55,2,142,0,42,151,0,193,0,127,206,2,335,160,0,160,495
06/21/2021,BED,MA,ANE,EN,Towers with Radar,0,67,77,2,146,0,13,80,0,93,0,80,157,2,239,66,0,66,305
06/22/2021,BED,MA,ANE,EN,Towers with Radar,0,61,64,2,127,0,11,57,0,68,0,72,121,2,195,100,0,100,295
06/23/2021,BED,MA,ANE,EN,Towers with Radar,3,61,97,7,168,0,19,212,3,234,3,80,309,10,402,248,0,248,650
06/24/2021,BED,MA,ANE,EN,Towers with Radar,0,68,94,1,163,0,19,217,0,236,0,87,311,1,399,184,0,184,583
06/25/2021,BED,MA,ANE,EN,Towers with Radar,0,80,90,0,170,0,8,4,0,12,0,88,94,0,182,0,0,0,182
06/26/2021,BED,MA,ANE,EN,Towers with Radar,2,65,68,0,135,0,7,76,0,83,2,72,144,0,218,182,0,182,400
06/27/2021,BED,MA,ANE,EN,Towers with Radar,2,88,76,0,166,0,10,138,0,148,2,98,214,0,314,180,0,180,494
06/28/2021,BED,MA,ANE,EN,Towers with Radar,0,52,64,1,117,0,11,113,1,125,0,63,177,2,242,118,0,118,360
06/29/2021,BED,MA,ANE,EN,Towers with Radar,2,53,59,2,116,0,16,156,5,177,2,69,215,7,293,106,0,106,399
06/30/2021,BED,MA,ANE,EN,Towers with Radar,0,60,67,1,128,0,20,84,4,108,0,80,151,5,236,126,0,126,362
07/01/2021,BED,MA,ANE,EN,Towers with Radar,1,74,65,2,142,0,38,116,0,154,1,112,181,2,296,152,0,152,448
07/02/2021,BED,MA,ANE,EN,Towers with Radar,1,74,78,0,153,0,0,0,0,0,1,74,78,0,153,0,0,0,153
07/03/2021,BED,MA,ANE,EN,Towers with Radar,1,52,46,2,101,0,0,0,0,0,1,52,46,2,101,0,0,0,101
07/04/2021,BED,MA,ANE,EN,Towers with Radar,0,27,55,0,82,0,6,12,0,18,0,33,67,0,100,8,0,8,108
07/05/2021,BED,MA,ANE,EN,Towers with Radar,1,71,89,0,161,0,10,125,0,135,1,81,214,0,296,276,0,276,572
07/06/2021,BED,MA,ANE,EN,Towers with Radar,9,59,55,0,123,0,11,70,0,81,9,70,125,0,204,120,0,120,324
07/07/2021,BED,MA,ANE,EN,Towers with Radar,0,49,65,4,118,0,9,121,0,130,0,58,186,4,248,152,0,152,400
07/08/2021,BED,MA,ANE,EN,Towers with Radar,2,76,70,0,148,0,6,14,0,20,2,82,84,0,168,86,0,86,254
07/09/2021,BED,MA,ANE,EN,Towers with Radar,1,54,37,0,92,0,6,1,0,7,1,60,38,0,99,0,0,0,99
07/10/2021,BED,MA,ANE,EN,Towers with Radar,7,70,90,0,167,0,16,80,0,96,7,86,170,0,263,238,0,238,501
07/11/2021,BED,MA,ANE,EN,Towers with Radar,0,64,94,2,160,0,11,121,0,132,0,75,215,2,292,176,0,176,468
07/12/2021,BED,MA,ANE,EN,Towers with Radar,0,75,82,0,157,0,0,0,0,0,0,75,82,0,157,0,0,0,157
07/13/2021,BED,MA,ANE,EN,Towers with Radar,2,60,111,0,173,0,0,0,0,0,2,60,111,0,173,4,0,4,177
07/14/2021,BED,MA,ANE,EN,Towers with Radar,0,72,76,0,148,0,5,12,0,17,0,77,88,0,165,50,0,50,215
07/15/2021,BED,MA,ANE,EN,Towers with Radar,0,57,102,0,159,0,18,167,0,185,0,75,269,0,344,188,0,188,532
07/16/2021,BED,MA,ANE,EN,Towers with Radar,2,71,53,1,127,0,10,104,0,114,2,81,157,1,241,114,0,114,355
07/17/2021,BED,MA,ANE,EN,Towers with Radar,0,36,45,0,81,0,7,107,0,114,0,43,152,0,195,212,0,212,407
07/18/2021,BED,MA,ANE,EN,Towers with Radar,0,83,83,2,168,0,0,0,0,0,0,83,83,2,168,0,0,0,168
07/19/2021,BED,MA,ANE,EN,Towers with Radar,1,84,79,0,164,0,2,14,0,16,1,86,93,0,180,52,0,52,232
07/20/2021,BED,MA,ANE,EN,Towers with Radar,3,68,79,0,150,0,29,139,0,168,3,97,218,0,318,280,0,280,598
07/21/2021,BED,MA,ANE,EN,Towers with Radar,1,81,71,0,153,0,10,85,0,95,1,91,156,0,248,194,0,194,442
07/22/2021,BED,MA,ANE,EN,Towers with Radar,2,78,72,2,154,0,35,197,0,232,2,113,269,2,386,180,0,180,566
07/23/2021,BED,MA,ANE,EN,Towers with Radar,0,61,81,1,143,0,21,133,0,154,0,82,214,1,297,144,0,144,441
07/24/2021,BED,MA,ANE,EN,Towers with Radar,7,40,64,1,112,0,23,205,0,228,7,63,269,1,340,236,0,236,576
07/25/2021,BED,MA,ANE,EN,Towers with Radar,3,80,97,0,180,0,12,20,0,32,3,92,117,0,212,30,0,30,242
07/26/2021,BED,MA,ANE,EN,Towers with Radar,0,75,110,0,185,0,16,49,0,65,0,91,159,0,250,142,0,142,392
07/27/2021,BED,MA,ANE,EN,Towers with Radar,2,60,71,1,134,0,24,132,0,156,2,84,203,1,290,130,0,130,420
07/28/2021,BED,MA,ANE,EN,Towers with Radar,0,83,94,2,179,0,16,87,0,103,0,99,181,2,282,156,0,156,438
07/29/2021,BED,MA,ANE,EN,Towers with Radar,0,67,93,2,162,0,11,58,0,69,0,78,151,2,231,96,0,96,327
07/30/2021,BED,MA,ANE,EN,Towers with Radar,1,65,78,2,146,0,23,111,0,134,1,88,189,2,280,88,0,88,368
07/31/2021,BED,MA,ANE,EN,Towers with Radar,1,48,55,0,104,0,14,197,0,211,1,62,252,0,315,202,0,202,517
08/01/2021,BED,MA,ANE,EN,Towers with Radar,2,80,54,0,136,0,24,129,0,153,2,104,183,0,289,196,0,196,485
08/02/2021,BED,MA,ANE,EN,Towers with Radar,2,57,55,1,115,0,19,89,0,108,2,76,144,1,223,80,0,80,303
08/03/2021,BED,MA,ANE,EN,Towers with Radar,4,55,75,1,135,0,16,155,3,174,4,71,230,4,309,274,0,274,583
08/04/2021,BED,MA,ANE,EN,Towers with Radar,3,70,95,4,172,0,8,101,3,112,3,78,196,7,284,150,0,150,434
08/05/2021,BED,MA,ANE,EN,Towers with Radar,2,99,84,3,188,0,2,3,0,5,2,101,87,3,193,0,0,0,193
08/06/2021,BED,MA,ANE,EN,Towers with Radar,2,64,98,2,166,1,30,162,0,193,3,94,260,2,359,230,0,230,589
08/07/2021,BED,MA,ANE,EN,Towers with Radar,1,52,55,2,110,0,14,156,0,170,1,66,211,2,280,194,0,194,474
08/08/2021,BED,MA,ANE,EN,Towers with Radar,2,83,71,2,158,0,10,131,0,141,2,93,202,2,299,150,0,150,449
08/09/2021,BED,MA,ANE,EN,Towers with Radar,4,74,104,0,182,0,5,18,0,23,4,79,122,0,205,56,0,56,261
08/10/2021,BED,MA,ANE,EN,Towers with Radar,4,67,99,0,170,0,7,24,3,34,4,74,123,3,204,42,0,42,246
08/11/2021,BED,MA,ANE,EN,Towers with Radar,2,58,73,0,133,0,9,115,8,132,2,67,188,8,265,162,0,162,427
08/12/2021,BED,MA,ANE,EN,Towers with Radar,1,66,74,0,141,1,16,144,3,164,2,82,218,3,305,124,0,124,429
08/13/2021,BED,MA,ANE,EN,Towers with Radar,2,62,54,0,118,0,19,94,0,113,2,81,148,0,231,82,0,82,313
08/14/2021,BED,MA,ANE,EN,Towers with Radar,0,53,48,0,101,0,21,113,0,134,0,74,161,0,235,222,0,222,457
08/15/2021,BED,MA,ANE,EN,Towers with Radar,2,56,74,0,132,0,16,183,0,199,2,72,257,0,331,184,0,184,515
08/16/2021,BED,MA,ANE,EN,Towers with Radar,2,57,68,1,128,0,17,125,0,142,2,74,193,1,270,168,0,168,438
08/17/2021,BED,MA,ANE,EN,Towers with Radar,1,61,59,3,124,0,37,147,0,184,1,98,206,3,308,194,0,194,502
08/18/2021,BED,MA,ANE,EN,Towers with Radar,0,57,87,1,145,0,23,141,0,164,0,80,228,1,309,142,0,142,451
08/19/2021,BED,MA,ANE,EN,Towers with Radar,0,77,94,0,171,0,4,1,0,5,0,81,95,0,176,0,0,0,176
08/20/2021,BED,MA,ANE,EN,Towers with Radar,1,71,119,3,194,0,17,42,0,59,1,88,161,3,253,98,0,98,351
08/21/2021,BED,MA,ANE,EN,Towers with Radar,0,77,97,0,174,0,8,93,0,101,0,85,190,0,275,161,0,161,436
08/22/2021,BED,MA,ANE,EN,Towers with Radar,0,16,17,0,33,0,0,0,0,0,0,16,17,0,33,0,0,0,33
08/23/2021,BED,MA,ANE,EN,Towers with Radar,1,62,65,0,128,0,1,3,0,4,1,63,68,0,132,0,0,0,132
08/24/2021,BED,MA,ANE,EN,Towers with Radar,2,77,102,2,183,0,15,99,0,114,2,92,201,2,297,86,0,86,383
08/25/2021,BED,MA,ANE,EN,Towers with Radar,1,67,79,2,149,0,12,117,1,130,1,79,196,3,279,130,0,130,409
08/26/2021,BED,MA,ANE,EN,Towers with Radar,0,65,87,0,152,0,13,149,0,162,0,78,236,0,314,142,0,142,456
08/27/2021,BED,MA,ANE,EN,Towers with Radar,2,66,85,0,153,0,22,142,0,164,2,88,227,0,317,90,0,90,407
08/28/2021,BED,MA,ANE,EN,Towers with Radar,0,51,64,0,115,0,17,159,0,176,0,68,223,0,291,166,0,166,457
08/29/2021,BED,MA,ANE,EN,Towers with Radar,0,100,113,0,213,0,14,115,0,129,0,114,228,0,342,310,0,310,652
08/30/2021,BED,MA,ANE,EN,Towers with Radar,1,68,67,0,136,0,4,11,0,15,1,72,78,0,151,56,0,56,207
08/31/2021,BED,MA,ANE,EN,Towers with Radar,3,61,67,0,131,0,21,180,0,201,3,82,247,0,332,196,0,196,528
09/01/2021,BED,MA,ANE,EN,Towers with Radar,0,55,68,0,123,0,8,59,0,67,0,63,127,0,190,50,0,50,240
09/02/2021,BED,MA,ANE,EN,Towers with Radar,6,58,66,0,130,0,11,20,0,31,6,69,86,0,161,4,0,4,165
09/03/2021,BED,MA,ANE,EN,Towers with Radar,0,72,73,0,145,0,20,145,0,165,0,92,218,0,310,98,0,98,408
09/04/2021,BED,MA,ANE,EN,Towers with Radar,1,37,47,0,85,0,9,178,1,188,1,46,225,1,273,196,0,196,469
09/05/2021,BED,MA,ANE,EN,Towers with Radar,0,40,60,2,102,0,13,80,0,93,0,53,140,2,195,120,0,120,315
09/06/2021,BED,MA,ANE,EN,Towers with Radar,0,66,77,1,144,0,12,114,0,126,0,78,191,1,270,192,0,192,462
09/07/2021,BED,MA,ANE,EN,Towers with Radar,2,62,57,4,125,0,25,144,0,169,2,87,201,4,294,136,0,136,430
09/08/2021,BED,MA,ANE,EN,Towers with Radar,0,76,68,6,150,0,10,82,0,92,0,86,150,6,242,48,0,48,290
09/09/2021,BED,MA,ANE,EN,Towers with Radar,0,83,89,0,172,0,0,0,0,0,0,83,89,0,172,0,0,0,172
09/10/2021,BED,MA,ANE,EN,Towers with Radar,0,89,94,4,187,0,10,123,0,133,0,99,217,4,320,106,0,106,426
09/11/2021,BED,MA,ANE,EN,Towers with Radar,0,34,62,0,96,0,20,190,0,210,0,54,252,0,306,188,0,188,494
09/12/2021,BED,MA,ANE,EN,Towers with Radar,0,68,70,0,138,0,20,118,0,138,0,88,188,0,276,114,0,114,390
09/13/2021,BED,MA,ANE,EN,Towers with Radar,0,52,72,0,124,0,19,90,0,109,0,71,162,0,233,118,0,118,351
09/14/2021,BED,MA,ANE,EN,Towers with Radar,2,43,67,0,112,0,27,151,0,178,2,70,218,0,290,168,0,168,458
09/15/2021,BED,MA,ANE,EN,Towers with Radar,0,68,115,1,184,0,14,29,1,44,0,82,144,2,228,15,0,15,243
09/16/2021,BED,MA,ANE,EN,Towers with Radar,0,61,95,1,157,0,8,19,0,27,0,69,114,1,184,28,0,28,212
09/17/2021,BED,MA,ANE,EN,Towers with Radar,1,71,127,0,199,0,0,0,0,0,1,71,127,0,199,0,0,0,199
09/18/2021,BED,MA,ANE,EN,Towers with Radar,2,45,69,0,116,0,8,38,0,46,2,53,107,0,162,78,0,78,240
09/19/2021,BED,MA,ANE,EN,Towers with Radar,0,80,91,0,171,0,56,180,0,236,0,136,271,0,407,112,0,112,519
09/20/2021,BED,MA,ANE,EN,Towers with Radar,0,58,79,2,139,0,25,154,2,181,0,83,233,4,320,150,0,150,470
09/21/2021,BED,MA,ANE,EN,Towers with Radar,5,68,96,0,169,0,11,132,0,143,5,79,228,0,312,218,0,218,530
09/22/2021,BED,MA,ANE,EN,Towers with Radar,0,93,144,0,237,0,8,20,2,30,0,101,164,2,267,31,0,31,298
09/23/2021,BED,MA,ANE,EN,Towers with Radar,2,88,104,2,196,0,16,37,0,53,2,104,141,2,249,26,0,26,275
09/24/2021,BED,MA,ANE,EN,Towers with Radar,4,73,111,2,190,0,6,9,0,15,4,79,120,2,205,0,0,0,205
09/25/2021,BED,MA,ANE,EN,Towers with Radar,4,62,63,0,129,0,8,168,0,176,4,70,231,0,305,144,0,144,449
09/26/2021,BED,MA,ANE,EN,Towers with Radar,2,103,121,0,226,0,29,172,0,201,2,132,293,0,427,82,0,82,509
09/27/2021,BED,MA,ANE,EN,Towers with Radar,0,64,68,0,132,0,17,113,0,130,0,81,181,0,262,180,0,180,442
09/28/2021,BED,MA,ANE,EN,Towers with Radar,5,65,69,0,139,0,13,18,0,31,5,78,87,0,170,26,0,26,196
09/29/2021,BED,MA,ANE,EN,Towers with Radar,0,73,79,0,152,0,18,141,0,159,0,91,220,0,311,146,0,146,457
09/30/2021,BED,MA,ANE,EN,Towers with Radar,2,73,80,2,157,0,15,135,0,150,2,88,215,2,307,100,0,100,407
10/01/2021,BED,MA,ANE,EN,Towers with Radar,0,65,76,0,141,0,22,142,0,164,0,87,218,0,305,192,0,192,497
10/02/2021,BED,MA,ANE,EN,Towers with Radar,0,51,68,0,119,0,18,174,0,192,0,69,242,0,311,144,0,144,455
10/03/2021,BED,MA,ANE,EN,Towers with Radar,1,101,139,0,241,0,2,14,0,16,1,103,153,0,257,98,0,98,355
10/04/2021,BED,MA,ANE,EN,Towers with Radar,1,58,90,0,149,0,0,0,0,0,1,58,90,0,149,0,0,0,149
10/05/2021,BED,MA,ANE,EN,Towers with Radar,4,67,90,0,161,0,6,8,0,14,4,73,98,0,175,24,0,24,199
10/06/2021,BED,MA,ANE,EN,Towers with Radar,2,75,106,1,184,0,16,158,0,174,2,91,264,1,358,170,0,170,528
10/07/2021,BED,MA,ANE,EN,Towers with Radar,0,67,94,0,161,0,11,152,0,163,0,78,246,0,324,148,0,148,472
10/08/2021,BED,MA,ANE,EN,Towers with Radar,0,126,125,0,251,0,10,187,0,197,0,136,312,0,448,40,0,40,488
10/09/2021,BED,MA,ANE,EN,Towers with Radar,0,68,74,0,142,0,10,87,0,97,0,78,161,0,239,292,0,292,531
10/10/2021,BED,MA,ANE,EN,Towers with Radar,1,70,130,0,201,0,15,38,0,53,1,85,168,0,254,134,0,134,388
10/11/2021,BED,MA,ANE,EN,Towers with Radar,1,91,125,0,217,0,12,61,0,73,1,103,186,0,290,120,0,120,410
10/12/2021,BED,MA,ANE,EN,Towers with Radar,2,82,80,2,166,0,17,109,0,126,2,99,189,2,292,148,0,148,440
10/13/2021,BED,MA,ANE,EN,Towers with Radar,0,47,97,0,144,0,23,129,0,152,0,70,226,0,296,198,0,198,494
10/14/2021,BED,MA,ANE,EN,Towers with Radar,0,66,93,0,159,0,16,107,0,123,0,82,200,0,282,118,0,118,400
10/15/2021,BED,MA,ANE,EN,Towers with Radar,2,96,132,0,230,0,6,88,0,94,2,102,220,0,324,199,0,199,523
10/16/2021,BED,MA,ANE,EN,Towers with Radar,1,47,74,0,122,0,15,109,0,124,1,62,183,0,246,138,0,138,384
10/17/2021,BED,MA,ANE,EN,Towers with Radar,0,75,124,0,199,0,37,161,1,199,0,112,285,1,398,150,0,150,548
10/18/2021,BED,MA,ANE,EN,Towers with Radar,2,76,85,2,165,0,18,89,0,107,2,94,174,2,272,68,0,68,340
10/19/2021,BED,MA,ANE,EN,Towers with Radar,4,71,98,2,175,0,6,89,8,103,4,77,187,10,278,46,0,46,324
10/20/2021,BED,MA,ANE,EN,Towers with Radar,0,66,100,2,168,0,12,116,0,128,0,78,216,2,296,160,0,160,456
10/21/2021,BED,MA,ANE,EN,Towers with Radar,1,61,79,3,144,0,14,142,0,156,1,75,221,3,300,164,0,164,464
10/22/2021,BED,MA,ANE,EN,Towers with Radar,1,71,104,1,177,0,19,178,14,211,1,90,282,15,388,114,0,114,502
10/23/2021,BED,MA,ANE,EN,Towers with Radar,2,62,78,0,142,0,29,143,11,183,2,91,221,11,325,214,0,214,539
10/24/2021,BED,MA,ANE,EN,Towers with Radar,0,93,91,0,184,0,16,175,0,191,0,109,266,0,375,120,0,120,495
10/25/2021,BED,MA,ANE,EN,Towers with Radar,0,79,84,2,165,0,0,0,0,0,0,79,84,2,165,0,0,0,165
10/26/2021,BED,MA,ANE,EN,Towers with Radar,2,55,58,0,115,0,0,0,0,0,2,55,58,0,115,0,0,0,115
10/27/2021,BED,MA,ANE,EN,Towers with Radar,0,69,46,7,122,0,5,0,0,5,0,74,46,7,127,0,0,0,127
10/28/2021,BED,MA,ANE,EN,Towers with Radar,1,80,98,7,186,0,12,121,1,134,1,92,219,8,320,228,0,228,548
10/29/2021,BED,MA,ANE,EN,Towers with Radar,1,87,88,2,178,0,8,49,0,57,1,95,137,2,235,188,0,188,423
10/30/2021,BED,MA,ANE,EN,Towers with Radar,0,39,44,0,83,0,0,0,0,0,0,39,44,0,83,0,0,0,83
10/31/2021,BED,MA,ANE,EN,Towers with Radar,1,80,103,0,184,0,11,74,0,85,1,91,177,0,269,166,0,166,435
11/01/2021,BED,MA,ANE,EN,Towers with Radar,0,49,59,3,111,0,15,85,0,100,0,64,144,3,211,72,0,72,283
11/02/2021,BED,MA,ANE,EN,Towers with Radar,4,40,50,0,94,0,23,99,1,123,4,63,149,1,217,168,0,168,385
11/03/2021,BED,MA,ANE,EN,Towers with Radar,0,51,82,0,133,0,14,126,0,140,0,65,208,0,273,175,0,175,448
11/04/2021,BED,MA,ANE,EN,Towers with Radar,5,68,75,0,148,0,15,91,0,106,5,83,166,0,254,134,0,134,388
11/05/2021,BED,MA,ANE,EN,Towers with Radar,3,60,98,0,161,0,10,123,0,133,3,70,221,0,294,164,0,164,458
11/06/2021,BED,MA,ANE,EN,Towers with Radar,2,46,56,0,104,0,6,176,0,182,2,52,232,0,286,164,0,164,450
11/07/2021,BED,MA,ANE,EN,Towers with Radar,2,75,88,0,165,0,17,175,0,192,2,92,263,0,357,177,0,177,534
11/08/2021,BED,MA,ANE,EN,Towers with Radar,1,68,88,6,163,0,19,110,0,129,1,87,198,6,292,176,0,176,468
11/09/2021,BED,MA,ANE,EN,Towers with Radar,2,59,72,0,133,0,18,134,0,152,2,77,206,0,285,172,0,172,457
11/10/2021,BED,MA,ANE,EN,Towers with Radar,0,85,86,0,171,0,24,103,1,128,0,109,189,1,299,148,0,148,447
11/11/2021,BED,MA,ANE,EN,Towers with Radar,2,76,104,0,182,0,7,221,0,228,2,83,325,0,410,164,0,164,574
11/12/2021,BED,MA,ANE,EN,Towers with Radar,3,76,60,0,139,0,2,3,0,5,3,78,63,0,144,0,0,0,144
11/13/2021,BED,MA,ANE,EN,Towers with Radar,3,36,52,1,92,0,1,135,0,136,3,37,187,1,228,94,0,94,322
11/14/2021,BED,MA,ANE,EN,Towers with Radar,0,73,106,0,179,0,9,150,2,161,0,82,256,2,340,112,0,112,452
11/15/2021,BED,MA,ANE,EN,Towers with Radar,0,70,66,0,136,0,4,66,0,70,0,74,132,0,206,110,0,110,316
11/16/2021,BED,MA,ANE,EN,Towers with Radar,2,71,72,0,145,0,13,52,1,66,2,84,124,1,211,52,0,52,263
11/17/2021,BED,MA,ANE,EN,Towers with Radar,1,69,69,0,139,0,7,103,0,110,1,76,172,0,249,168,0,168,417
11/18/2021,BED,MA,ANE,EN,Towers with Radar,0,69,100,0,169,0,6,150,0,156,0,75,250,0,325,136,0,136,461
11/19/2021,BED,MA,ANE,EN,Towers with Radar,3,96,76,1,176,0,12,59,0,71,3,108,135,1,247,48,0,48,295
11/20/2021,BED,MA,ANE,EN,Towers with Radar,2,35,76,2,115,0,9,180,0,189,2,44,256,2,304,150,0,150,454
11/21/2021,BED,MA,ANE,EN,Towers with Radar,0,83,75,1,159,0,5,145,0,150,0,88,220,1,309,148,0,148,457
11/22/2021,BED,MA,ANE,EN,Towers with Radar,1,78,66,2,147,0,15,48,0,63,1,93,114,2,210,66,0,66,276
11/23/2021,BED,MA,ANE,EN,Towers with Radar,1,95,104,0,200,0,18,117,0,135,1,113,221,0,335,32,0,32,367
11/24/2021,BED,MA,ANE,EN,Towers with Radar,0,92,96,0,188,0,14,126,0,140,0,106,222,0,328,62,0,62,390
11/25/2021,BED,MA,ANE,EN,Towers with Radar,1,26,23,0,50,0,2,65,0,67,1,28,88,0,117,106,0,106,223
11/26/2021,BED,MA,ANE,EN,Towers with Radar,0,49,69,4,122,0,0,4,0,4,0,49,73,4,126,6,0,6,132
11/27/2021,BED,MA,ANE,EN,Towers with Radar,1,81,90,6,178,0,7,58,1,66,1,88,148,7,244,40,0,40,284
11/28/2021,BED,MA,ANE,EN,Towers with Radar,2,125,145,0,272,0,2,120,0,122,2,127,265,0,394,120,0,120,514
11/29/2021,BED,MA,ANE,EN,Towers with Radar,2,88,98,2,190,0,14,61,2,77,2,102,159,4,267,162,0,162,429
11/30/2021,BED,MA,ANE,EN,Towers with Radar,3,74,79,1,157,0,18,98,0,116,3,92,177,1,273,90,0,90,363
12/01/2021,BED,MA,ANE,EN,Towers with Radar,3,68,75,0,146,0,14,91,0,105,3,82,166,0,251,80,0,80,331
12/02/2021,BED,MA,ANE,EN,Towers with Radar,4,68,70,2,144,0,9,34,0,43,4,77,104,2,187,66,0,66,253
12/03/2021,BED,MA,ANE,EN,Towers with Radar,2,67,67,1,137,0,13,70,0,83,2,80,137,1,220,90,0,90,310
12/04/2021,BED,MA,ANE,EN,Towers with Radar,0,28,45,0,73,0,10,135,0,145,0,38,180,0,218,216,0,216,434
12/05/2021,BED,MA,ANE,EN,Towers with Radar,0,63,87,0,150,0,19,142,0,161,0,82,229,0,311,172,0,172,483
12/06/2021,BED,MA,ANE,EN,Towers with Radar,1,86,65,0,152,0,6,1,0,7,1,92,66,0,159,0,0,0,159
12/07/2021,BED,MA,ANE,EN,Towers with Radar,3,66,68,1,138,0,28,116,0,144,3,94,184,1,282,146,0,146,428
12/08/2021,BED,MA,ANE,EN,Towers with Radar,0,80,72,0,152,0,8,80,0,88,0,88,152,0,240,130,0,130,370
12/09/2021,BED,MA,ANE,EN,Towers with Radar,0,48,82,0,130,0,22,100,0,122,0,70,182,0,252,114,0,114,366
12/10/2021,BED,MA,ANE,EN,Towers with Radar,2,54,91,0,147,0,16,109,1,126,2,70,200,1,273,246,0,246,519
12/11/2021,BED,MA,ANE,EN,Towers with Radar,3,36,13,0,52,0,0,0,0,0,3,36,13,0,52,0,0,0,52
12/12/2021,BED,MA,ANE,EN,Towers with Radar,1,75,70,0,146,0,17,73,0,90,1,92,143,0,236,62,0,62,298
12/13/2021,BED,MA,ANE,EN,Towers with Radar,1,66,74,0,141,0,9,88,0,97,1,75,162,0,238,136,0,136,374
12/14/2021,BED,MA,ANE,EN,Towers with Radar,4,70,69,0,143,0,12,149,0,161,4,82,218,0,304,140,0,140,444
12/15/2021,BED,MA,ANE,EN,Towers with Radar,0,70,69,0,139,0,10,111,2,123,0,80,180,2,262,98,0,98,360
12/16/2021,BED,MA,ANE,EN,Towers with Radar,2,76,84,0,162,0,14,90,0,104,2,90,174,0,266,62,0,62,328
12/17/2021,BED,MA,ANE,EN,Towers with Radar,2,95,73,1,171,0,23,75,0,98,2,118,148,1,269,14,0,14,283
12/18/2021,BED,MA,ANE,EN,Towers with Radar,2,69,60,0,131,0,0,40,0,40,2,69,100,0,171,76,0,76,247
12/19/2021,BED,MA,ANE,EN,Towers with Radar,1,95,81,0,177,0,2,28,0,30,1,97,109,0,207,62,0,62,269
12/20/2021,BED,MA,ANE,EN,Towers with Radar,0,44,65,0,109,0,21,110,0,131,0,65,175,0,240,116,0,116,356
12/21/2021,BED,MA,ANE,EN,Towers with Radar,0,70,67,0,137,0,16,116,0,132,0,86,183,0,269,146,0,146,415
12/22/2021,BED,MA,ANE,EN,Towers with Radar,1,69,48,0,118,0,8,7,0,15,1,77,55,0,133,12,0,12,145
12/23/2021,BED,MA,ANE,EN,Towers with Radar,0,60,57,0,117,0,7,77,0,84,0,67,134,0,201,36,0,36,237
12/24/2021,BED,MA,ANE,EN,Towers with Radar,2,46,27,0,75,0,6,15,0,21,2,52,42,0,96,22,0,22,118
12/25/2021,BED,MA,ANE,EN,Towers with Radar,0,39,18,0,57,0,0,0,0,0,0,39,18,0,57,0,0,0,57
12/26/2021,BED,MA,ANE,EN,Towers with Radar,2,88,84,0,174,0,13,23,0,36,2,101,107,0,210,86,0,86,296
12/27/2021,BED,MA,ANE,EN,Towers with Radar,2,71,88,0,161,0,15,93,0,108,2,86,181,0,269,98,0,98,367
12/28/2021,BED,MA,ANE,EN,Towers with Radar,3,56,66,0,125,0,11,49,0,60,3,67,115,0,185,64,0,64,249
12/29/2021,BED,MA,ANE,EN,Towers with Radar,4,48,60,0,112,0,10,55,0,65,4,58,115,0,177,156,0,156,333
12/30/2021,BED,MA,ANE,EN,Towers with Radar,1,38,29,0,68,0,0,0,0,0,1,38,29,0,68,0,0,0,68
12/31/2021,BED,MA,ANE,EN,Towers with Radar,1,53,56,0,110,0,0,0,0,0,1,53,56,0,110,0,0,0,110
01/01/2022,BED,MA,ANE,EN,Towers with Radar,1,65,36,0,102,0,0,0,0,0,1,65,36,0,102,0,0,0,102
01/02/2022,BED,MA,ANE,EN,Towers with Radar,3,72,88,0,163,0,1,0,0,1,3,73,88,0,164,0,0,0,164
01/03/2022,BED,MA,ANE,EN,Towers with Radar,1,80,83,0,164,0,8,80,0,88,1,88,163,0,252,108,0,108,360
01/04/2022,BED,MA,ANE,EN,Towers with Radar,2,49,67,0,118,0,9,118,0,127,2,58,185,0,245,168,0,168,413
01/05/2022,BED,MA,ANE,EN,Towers with Radar,3,56,54,0,113,0,0,0,0,0,3,56,54,0,113,0,0,0,113
01/06/2022,BED,MA,ANE,EN,Towers with Radar,3,62,64,0,129,0,11,105,0,116,3,73,169,0,245,20,0,20,265
01/07/2022,BED,MA,ANE,EN,Towers with Radar,2,35,20,0,57,0,2,0,0,2,2,37,20,0,59,0,0,0,59
01/08/2022,BED,MA,ANE,EN,Towers with Radar,2,51,58,0,111,0,5,152,0,157,2,56,210,0,268,150,0,150,418
01/09/2022,BED,MA,ANE,EN,Towers with Radar,0,75,50,0,125,0,0,3,0,3,0,75,53,0,128,0,0,0,128
01/10/2022,BED,MA,ANE,EN,Towers with Radar,0,49,43,0,92,0,5,59,0,64,0,54,102,0,156,44,0,44,200
01/11/2022,BED,MA,ANE,EN,Towers with Radar,5,27,37,0,69,0,9,21,0,30,5,36,58,0,99,14,0,14,113
01/12/2022,BED,MA,ANE,EN,Towers with Radar,2,56,40,0,98,0,10,39,0,49,2,66,79,0,147,34,0,34,181
01/13/2022,BED,MA,ANE,EN,Towers with Radar,3,63,57,0,123,0,14,125,0,139,3,77,182,0,262,150,0,150,412
01/14/2022,BED,MA,ANE,EN,Towers with Radar,1,61,59,0,121,0,5,28,0,33,1,66,87,0,154,54,0,54,208
01/15/2022,BED,MA,ANE,EN,Towers with Radar,3,41,34,0,78,0,8,17,0,25,3,49,51,0,103,2,0,2,105
01/16/2022,BED,MA,ANE,EN,Towers with Radar,3,42,64,0,109,0,4,177,0,181,3,46,241,0,290,160,0,160,450
01/17/2022,BED,MA,ANE,EN,Towers with Radar,4,73,62,0,139,0,0,3,0,3,4,73,65,0,142,0,0,0,142
01/18/2022,BED,MA,ANE,EN,Towers with Radar,3,53,55,0,111,0,18,25,0,43,3,71,80,0,154,0,0,0,154
01/19/2022,BED,MA,ANE,EN,Towers with Radar,0,43,46,0,89,0,15,52,0,67,0,58,98,0,156,30,0,30,186
01/20/2022,BED,MA,ANE,EN,Towers with Radar,1,46,56,0,103,0,9,57,0,66,1,55,113,0,169,30,0,30,199
01/21/2022,BED,MA,ANE,EN,Towers with Radar,2,48,56,1,107,0,14,87,0,101,2,62,143,1,208,136,0,136,344
01/22/2022,BED,MA,ANE,EN,Towers with Radar,2,42,45,0,89,0,9,129,0,138,2,51,174,0,227,139,0,139,366
01/23/2022,BED,MA,ANE,EN,Towers with Radar,5,61,63,0,129,0,17,142,0,159,5,78,205,0,288,204,0,204,492
01/24/2022,BED,MA,ANE,EN,Towers with Radar,1,56,72,0,129,0,11,91,2,104,1,67,163,2,233,104,0,104,337
01/25/2022,BED,MA,ANE,EN,Towers with Radar,3,61,47,0,111,0,10,34,0,44,3,71,81,0,155,92,0,92,247
01/26/2022,BED,MA,ANE,EN,Towers with Radar,2,46,62,8,118,0,11,122,0,133,2,57,184,8,251,136,0,136,387
01/27/2022,BED,MA,ANE,EN,Towers with Radar,2,56,61,0,119,0,2,77,0,79,2,58,138,0,198,80,0,80,278
01/28/2022,BED,MA,ANE,EN,Towers with Radar,0,68,82,0,150,0,8,66,0,74,0,76,148,0,224,126,0,126,350
01/29/2022,BED,MA,ANE,EN,Towers with Radar,0,0,0,0,0,0,0,0,0,0,0,0,0,0,0,0,0,0,0
01/30/2022,BED,MA,ANE,EN,Towers with Radar,6,60,46,0,112,0,11,13,0,24,6,71,59,0,136,6,0,6,142
01/31/2022,BED,MA,ANE,EN,Towers with Radar,2,64,52,0,118,0,11,69,0,80,2,75,121,0,198,104,0,104,302
02/01/2022,BED,MA,ANE,EN,Towers with Radar,3,68,61,0,132,0,2,58,0,60,3,70,119,0,192,84,0,84,276
02/02/2022,BED,MA,ANE,EN,Towers with Radar,3,43,77,1,124,0,0,17,0,17,3,43,94,1,141,56,0,56,197
02/03/2022,BED,MA,ANE,EN,Towers with Radar,2,47,46,0,95,0,2,0,0,2,2,49,46,0,97,0,0,0,97
02/04/2022,BED,MA,ANE,EN,Towers with Radar,3,28,9,0,40,0,0,0,0,0,3,28,9,0,40,0,0,0,40
02/05/2022,BED,MA,ANE,EN,Towers with Radar,1,51,34,0,86,0,4,13,0,17,1,55,47,0,103,12,0,12,115
02/06/2022,BED,MA,ANE,EN,Towers with Radar,1,67,47,0,115,0,10,51,0,61,1,77,98,0,176,14,0,14,190
02/07/2022,BED,MA,ANE,EN,Towers with Radar,2,50,40,0,92,0,0,1,0,1,2,50,41,0,93,0,0,0,93
02/08/2022,BED,MA,ANE,EN,Towers with Radar,3,67,62,2,134,0,7,2,0,9,3,74,64,2,143,18,0,18,161
02/09/2022,BED,MA,ANE,EN,Towers with Radar,2,55,75,2,134,0,14,127,0,141,2,69,202,2,275,110,0,110,385
02/10/2022,BED,MA,ANE,EN,Towers with Radar,2,45,71,2,120,0,13,83,0,96,2,58,154,2,216,166,0,166,382
02/11/2022,BED,MA,ANE,EN,Towers with Radar,1,68,71,0,140,0,21,141,2,164,1,89,212,2,304,132,0,132,436
02/12/2022,BED,MA,ANE,EN,Towers with Radar,4,39,70,0,113,0,7,146,0,153,4,46,216,0,266,126,0,126,392
02/13/2022,BED,MA,ANE,EN,Towers with Radar,0,59,29,0,88,0,0,0,0,0,0,59,29,0,88,0,0,0,88
02/14/2022,BED,MA,ANE,EN,Towers with Radar,3,67,54,2,126,0,8,18,0,26,3,75,72,2,152,16,0,16,168
02/15/2022,BED,MA,ANE,EN,Towers with Radar,4,44,65,4,117,0,8,109,0,117,4,52,174,4,234,124,0,124,358
02/16/2022,BED,MA,ANE,EN,Towers with Radar,4,76,78,3,161,0,14,74,0,88,4,90,152,3,249,34,0,34,283
02/17/2022,BED,MA,ANE,EN,Towers with Radar,1,71,58,0,130,0,13,22,0,35,1,84,80,0,165,8,0,8,173
02/18/2022,BED,MA,ANE,EN,Towers with Radar,1,86,93,1,181,0,9,10,0,19,1,95,103,1,200,0,0,0,200
02/19/2022,BED,MA,ANE,EN,Towers with Radar,0,77,54,0,131,0,2,88,0,90,0,79,142,0,221,84,0,84,305
02/20/2022,BED,MA,ANE,EN,Towers with Radar,1,53,70,2,126,0,8,175,0,183,1,61,245,2,309,188,0,188,497
02/21/2022,BED,MA,ANE,EN,Towers with Radar,6,54,75,0,135,0,14,162,0,176,6,68,237,0,311,148,0,148,459
02/22/2022,BED,MA,ANE,EN,Towers with Radar,6,75,68,0,149,0,2,0,0,2,6,77,68,0,151,0,0,0,151
02/23/2022,BED,MA,ANE,EN,Towers with Radar,3,67,71,0,141,0,11,50,3,64,3,78,121,3,205,80,0,80,285
02/24/2022,BED,MA,ANE,EN,Towers with Radar,1,63,106,3,173,0,11,133,1,145,1,74,239,4,318,188,0,188,506
02/25/2022,BED,MA,ANE,EN,Towers with Radar,0,28,14,0,42,0,1,0,0,1,0,29,14,0,43,0,0,0,43
02/26/2022,BED,MA,ANE,EN,Towers with Radar,0,82,65,0,147,0,11,98,0,109,0,93,163,0,256,24,0,24,280
02/27/2022,BED,MA,ANE,EN,Towers with Radar,1,113,92,0,206,0,12,70,0,82,1,125,162,0,288,66,0,66,354
02/28/2022,BED,MA,ANE,EN,Towers with Radar,0,57,72,2,131,0,16,86,0,102,0,73,158,2,233,88,0,88,321
03/01/2022,BED,MA,ANE,EN,Towers with Radar,7,60,77,0,144,0,5,78,3,86,7,65,155,3,230,80,0,80,310
03/02/2022,BED,MA,ANE,EN,Towers with Radar,0,64,83,0,147,0,15,111,0,126,0,79,194,0,273,138,0,138,411
03/03/2022,BED,MA,ANE,EN,Towers with Radar,6,69,72,2,149,0,14,54,0,68,6,83,126,2,217,16,0,16,233
03/04/2022,BED,MA,ANE,EN,Towers with Radar,1,75,72,2,150,0,11,127,7,145,1,86,199,9,295,110,0,110,405
03/05/2022,BED,MA,ANE,EN,Towers with Radar,4,38,63,2,107,0,15,155,0,170,4,53,218,2,277,198,0,198,475
03/06/2022,BED,MA,ANE,EN,Towers with Radar,0,75,53,0,128,0,7,11,0,18,0,82,64,0,146,20,0,20,166
03/07/2022,BED,MA,ANE,EN,Towers with Radar,0,55,62,0,117,0,2,51,0,53,0,57,113,0,170,124,0,124,294
03/08/2022,BED,MA,ANE,EN,Towers with Radar,1,50,66,0,117,0,15,19,0,34,1,65,85,0,151,8,0,8,159
03/09/2022,BED,MA,ANE,EN,Towers with Radar,2,47,68,0,117,0,4,27,0,31,2,51,95,0,148,66,0,66,214
03/10/2022,BED,MA,ANE,EN,Towers with Radar,1,66,92,0,159,9,13,130,8,160,10,79,222,8,319,104,0,104,423
03/11/2022,BED,MA,ANE,EN,Towers with Radar,2,83,111,0,196,0,11,152,0,163,2,94,263,0,359,176,0,176,535
03/12/2022,BED,MA,ANE,EN,Towers with Radar,2,62,64,0,128,0,0,0,0,0,2,62,64,0,128,0,0,0,128
03/13/2022,BED,MA,ANE,EN,Towers with Radar,2,68,72,0,142,0,9,30,0,39,2,77,102,0,181,0,0,0,181
03/14/2022,BED,MA,ANE,EN,Towers with Radar,0,71,50,0,121,0,15,76,0,91,0,86,126,0,212,72,0,72,284
03/15/2022,BED,MA,ANE,EN,Towers with Radar,3,75,62,1,141,0,9,130,0,139,3,84,192,1,280,180,0,180,460
03/16/2022,BED,MA,ANE,EN,Towers with Radar,0,48,66,0,114,0,7,101,0,108,0,55,167,0,222,128,0,128,350
03/17/2022,BED,MA,ANE,EN,Towers with Radar,0,71,74,0,145,0,2,5,0,7,0,73,79,0,152,4,0,4,156
03/18/2022,BED,MA,ANE,EN,Towers with Radar,0,60,68,0,128,0,7,145,0,152,0,67,213,0,280,228,0,228,508
03/19/2022,BED,MA,ANE,EN,Towers with Radar,1,66,46,0,113,0,0,0,0,0,1,66,46,0,113,0,0,0,113
03/20/2022,BED,MA,ANE,EN,Towers with Radar,1,80,117,0,198,0,6,97,0,103,1,86,214,0,301,156,0,156,457
03/21/2022,BED,MA,ANE,EN,Towers with Radar,0,62,74,0,136,0,8,40,0,48,0,70,114,0,184,20,0,20,204
03/22/2022,BED,MA,ANE,EN,Towers with Radar,2,53,61,3,119,0,10,31,0,41,2,63,92,3,160,22,0,22,182
03/23/2022,BED,MA,ANE,EN,Towers with Radar,0,58,84,0,142,0,7,145,0,152,0,65,229,0,294,216,0,216,510
03/24/2022,BED,MA,ANE,EN,Towers with Radar,0,51,59,2,112,0,0,0,0,0,0,51,59,2,112,0,0,0,112
03/25/2022,BED,MA,ANE,EN,Towers with Radar,0,57,100,0,157,0,3,93,0,96,0,60,193,0,253,164,0,164,417
03/26/2022,BED,MA,ANE,EN,Towers with Radar,1,55,87,0,143,0,10,123,0,133,1,65,210,0,276,140,0,140,416
03/27/2022,BED,MA,ANE,EN,Towers with Radar,2,87,94,0,183,0,8,99,0,107,2,95,193,0,290,108,0,108,398
03/28/2022,BED,MA,ANE,EN,Towers with Radar,2,70,79,1,152,0,5,36,1,42,2,75,115,2,194,20,0,20,214
03/29/2022,BED,MA,ANE,EN,Towers with Radar,2,49,77,2,130,0,11,87,0,98,2,60,164,2,228,56,0,56,284
03/30/2022,BED,MA,ANE,EN,Towers with Radar,0,59,93,0,152,0,10,99,0,109,0,69,192,0,261,72,0,72,333
03/31/2022,BED,MA,ANE,EN,Towers with Radar,2,60,76,0,138,0,3,3,0,6,2,63,79,0,144,0,0,0,144
04/01/2022,BED,MA,ANE,EN,Towers with Radar,3,61,66,0,130,0,1,38,0,39,3,62,104,0,169,92,0,92,261
04/02/2022,BED,MA,ANE,EN,Towers with Radar,0,37,62,0,99,0,8,107,0,115,0,45,169,0,214,50,0,50,264
04/03/2022,BED,MA,ANE,EN,Towers with Radar,1,63,82,0,146,0,5,98,0,103,1,68,180,0,249,138,0,138,387
04/04/2022,BED,MA,ANE,EN,Towers with Radar,1,55,78,0,134,0,9,91,1,101,1,64,169,1,235,128,0,128,363
04/05/2022,BED,MA,ANE,EN,Towers with Radar,4,52,84,0,140,0,8,144,3,155,4,60,228,3,295,204,0,204,499
04/06/2022,BED,MA,ANE,EN,Towers with Radar,0,61,94,0,155,0,3,6,0,9,0,64,100,0,164,50,0,50,214
04/07/2022,BED,MA,ANE,EN,Towers with Radar,0,67,76,3,146,0,7,41,0,48,0,74,117,3,194,116,0,116,310
04/08/2022,BED,MA,ANE,EN,Towers with Radar,2,78,78,6,164,0,12,38,0,50,2,90,116,6,214,48,0,48,262
04/09/2022,BED,MA,ANE,EN,Towers with Radar,1,46,58,0,105,0,5,59,2,66,1,51,117,2,171,94,0,94,265
04/10/2022,BED,MA,ANE,EN,Towers with Radar,3,63,99,1,166,0,15,109,0,124,3,78,208,1,290,78,0,78,368
04/11/2022,BED,MA,ANE,EN,Towers with Radar,0,51,83,1,135,0,2,81,0,83,0,53,164,1,218,132,0,132,350
04/12/2022,BED,MA,ANE,EN,Towers with Radar,2,63,68,1,134,0,9,94,0,103,2,72,162,1,237,172,0,172,409
04/13/2022,BED,MA,ANE,EN,Towers with Radar,1,59,69,2,131,0,16,104,0,120,1,75,173,2,251,94,0,94,345
04/14/2022,BED,MA,ANE,EN,Towers with Radar,0,108,112,0,220,0,0,0,0,0,0,108,112,0,220,0,0,0,220
04/15/2022,BED,MA,ANE,EN,Towers with Radar,2,80,118,0,200,0,15,120,0,135,2,95,238,0,335,38,0,38,373
04/16/2022,BED,MA,ANE,EN,Towers with Radar,1,48,52,0,101,0,14,94,1,109,1,62,146,1,210,84,0,84,294
04/17/2022,BED,MA,ANE,EN,Towers with Radar,0,62,68,2,132,0,16,53,0,69,0,78,121,2,201,102,0,102,303
04/18/2022,BED,MA,ANE,EN,Towers with Radar,1,69,90,2,162,0,14,88,0,102,1,83,178,2,264,126,0,126,390
04/19/2022,BED,MA,ANE,EN,Towers with Radar,0,67,66,0,133,0,8,5,0,13,0,75,71,0,146,0,0,0,146
04/20/2022,BED,MA,ANE,EN,Towers with Radar,0,59,86,2,147,0,20,69,0,89,0,79,155,2,236,36,0,36,272
04/21/2022,BED,MA,ANE,EN,Towers with Radar,0,67,72,0,139,0,27,76,0,103,0,94,148,0,242,74,0,74,316
04/22/2022,BED,MA,ANE,EN,Towers with Radar,4,67,85,0,156,0,3,99,2,104,4,70,184,2,260,58,0,58,318
04/23/2022,BED,MA,ANE,EN,Towers with Radar,1,63,73,0,137,0,13,146,0,159,1,76,219,0,296,192,0,192,488
04/24/2022,BED,MA,ANE,EN,Towers with Radar,0,94,129,0,223,0,9,127,0,136,0,103,256,0,359,146,0,146,505
04/25/2022,BED,MA,ANE,EN,Towers with Radar,0,50,65,0,115,0,14,83,0,97,0,64,148,0,212,140,0,140,352
04/26/2022,BED,MA,ANE,EN,Towers with Radar,2,71,75,0,148,0,4,42,0,46,2,75,117,0,194,162,0,162,356
04/27/2022,BED,MA,ANE,EN,Towers with Radar,0,68,81,0,149,0,28,54,0,82,0,96,135,0,231,80,0,80,311
04/28/2022,BED,MA,ANE,EN,Towers with Radar,2,67,63,0,132,0,15,24,5,44,2,82,87,5,176,0,0,0,176
04/29/2022,BED,MA,ANE,EN,Towers with Radar,3,69,79,1,152,0,20,39,0,59,3,89,118,1,211,1,0,1,212
04/30/2022,BED,MA,ANE,EN,Towers with Radar,2,55,55,0,112,0,7,160,0,167,2,62,215,0,279,88,0,88,367
05/01/2022,BED,MA,ANE,EN,Towers with Radar,4,87,96,0,187,0,18,148,0,166,4,105,244,0,353,174,0,174,527
05/02/2022,BED,MA,ANE,EN,Towers with Radar,0,67,91,2,160,0,11,66,0,77,0,78,157,2,237,104,0,104,341
05/03/2022,BED,MA,ANE,EN,Towers with Radar,2,67,99,0,168,0,10,46,0,56,2,77,145,0,224,110,0,110,334
05/04/2022,BED,MA,ANE,EN,Towers with Radar,2,70,89,0,161,0,0,0,0,0,2,70,89,0,161,0,0,0,161
05/05/2022,BED,MA,ANE,EN,Towers with Radar,3,57,85,0,145,0,30,207,6,243,3,87,292,6,388,182,0,182,570
05/06/2022,BED,MA,ANE,EN,Towers with Radar,4,70,96,0,170,0,11,133,0,144,4,81,229,0,314,207,0,207,521
05/07/2022,BED,MA,ANE,EN,Towers with Radar,1,49,46,0,96,0,10,24,0,34,1,59,70,0,130,12,0,12,142
05/08/2022,BED,MA,ANE,EN,Towers with Radar,2,84,76,1,163,0,8,36,1,45,2,92,112,2,208,30,0,30,238
05/09/2022,BED,MA,ANE,EN,Towers with Radar,1,85,63,0,149,0,15,45,0,60,1,100,108,0,209,62,0,62,271
05/10/2022,BED,MA,ANE,EN,Towers with Radar,2,62,93,0,157,0,20,70,0,90,2,82,163,0,247,84,0,84,331
05/11/2022,BED,MA,ANE,EN,Towers with Radar,0,64,94,0,158,0,22,90,0,112,0,86,184,0,270,66,0,66,336
05/12/2022,BED,MA,ANE,EN,Towers with Radar,2,84,115,0,201,0,9,76,0,85,2,93,191,0,286,70,0,70,356
05/13/2022,BED,MA,ANE,EN,Towers with Radar,5,61,62,0,128,0,21,73,0,94,5,82,135,0,222,128,0,128,350
05/14/2022,BED,MA,ANE,EN,Towers with Radar,6,52,64,0,122,0,10,131,0,141,6,62,195,0,263,160,0,160,423
05/15/2022,BED,MA,ANE,EN,Towers with Radar,3,101,109,0,213,0,15,20,0,35,3,116,129,0,248,78,0,78,326
05/16/2022,BED,MA,ANE,EN,Towers with Radar,1,86,75,0,162,0,11,52,0,63,1,97,127,0,225,52,0,52,277
05/17/2022,BED,MA,ANE,EN,Towers with Radar,4,77,83,0,164,0,19,78,0,97,4,96,161,0,261,24,0,24,285
05/18/2022,BED,MA,ANE,EN,Towers with Radar,0,71,72,2,145,0,17,144,2,163,0,88,216,4,308,80,0,80,388
05/19/2022,BED,MA,ANE,EN,Towers with Radar,0,74,114,0,188,0,1,14,0,15,0,75,128,0,203,40,0,40,243
05/20/2022,BED,MA,ANE,EN,Towers with Radar,4,74,93,2,173,0,11,112,0,123,4,85,205,2,296,128,0,128,424
05/21/2022,BED,MA,ANE,EN,Towers with Radar,0,62,69,0,131,0,17,79,0,96,0,79,148,0,227,128,0,128,355
05/22/2022,BED,MA,ANE,EN,Towers with Radar,2,72,87,0,161,0,9,125,3,137,2,81,212,3,298,114,0,114,412
05/23/2022,BED,MA,ANE,EN,Towers with Radar,1,89,81,0,171,0,11,130,0,141,1,100,211,0,312,162,0,162,474
05/24/2022,BED,MA,ANE,EN,Towers with Radar,6,67,85,3,161,0,10,142,0,152,6,77,227,3,313,166,0,166,479
05/25/2022,BED,MA,ANE,EN,Towers with Radar,3,72,77,1,153,0,9,165,0,174,3,81,242,1,327,134,0,134,461
05/26/2022,BED,MA,ANE,EN,Towers with Radar,1,99,93,2,195,0,22,134,0,156,1,121,227,2,351,129,0,129,480
05/27/2022,BED,MA,ANE,EN,Towers with Radar,2,103,111,0,216,0,4,39,0,43,2,107,150,0,259,84,0,84,343
05/28/2022,BED,MA,ANE,EN,Towers with Radar,2,77,61,0,140,0,0,6,0,6,2,77,67,0,146,16,0,16,162
05/29/2022,BED,MA,ANE,EN,Towers with Radar,2,44,58,0,104,0,19,143,0,162,2,63,201,0,266,192,0,192,458
05/30/2022,BED,MA,ANE,EN,Towers with Radar,3,62,87,0,152,0,20,124,0,144,3,82,211,0,296,143,0,143,439
05/31/2022,BED,MA,ANE,EN,Towers with Radar,4,68,66,0,138,0,21,104,0,125,4,89,170,0,263,192,0,192,455
06/01/2022,BED,MA,ANE,EN,Towers with Radar,4,86,109,0,199,0,6,37,0,43,4,92,146,0,242,118,0,118,360
06/02/2022,BED,MA,ANE,EN,Towers with Radar,0,95,139,0,234,0,11,4,0,15,0,106,143,0,249,8,0,8,257
06/03/2022,BED,MA,ANE,EN,Towers with Radar,0,90,91,0,181,0,4,8,0,12,0,94,99,0,193,22,0,22,215
06/04/2022,BED,MA,ANE,EN,Towers with Radar,0,35,55,1,91,0,5,92,3,100,0,40,147,4,191,134,0,134,325
06/05/2022,BED,MA,ANE,EN,Towers with Radar,2,76,67,1,146,0,7,168,0,175,2,83,235,1,321,172,0,172,493
06/06/2022,BED,MA,ANE,EN,Towers with Radar,3,80,75,0,158,0,24,133,0,157,3,104,208,0,315,152,0,152,467
06/07/2022,BED,MA,ANE,EN,Towers with Radar,3,59,73,0,135,0,27,143,5,175,3,86,216,5,310,164,0,164,474
06/08/2022,BED,MA,ANE,EN,Towers with Radar,0,69,123,2,194,0,9,72,0,81,0,78,195,2,275,124,0,124,399
06/09/2022,BED,MA,ANE,EN,Towers with Radar,3,78,93,4,178,0,5,15,0,20,3,83,108,4,198,2,0,2,200
06/10/2022,BED,MA,ANE,EN,Towers with Radar,0,104,120,2,226,0,32,165,0,197,0,136,285,2,423,111,0,111,534
06/11/2022,BED,MA,ANE,EN,Towers with Radar,5,69,60,0,134,0,12,161,0,173,5,81,221,0,307,174,0,174,481
06/12/2022,BED,MA,ANE,EN,Towers with Radar,3,109,84,0,196,0,9,105,0,114,3,118,189,0,310,70,0,70,380
06/13/2022,BED,MA,ANE,EN,Towers with Radar,1,72,58,0,131,0,15,77,0,92,1,87,135,0,223,166,0,166,389
06/14/2022,BED,MA,ANE,EN,Towers with Radar,6,58,85,2,151,0,28,153,0,181,6,86,238,2,332,122,0,122,454
06/15/2022,BED,MA,ANE,EN,Towers with Radar,1,64,90,1,156,0,12,118,1,131,1,76,208,2,287,258,0,258,545
06/16/2022,BED,MA,ANE,EN,Towers with Radar,2,83,142,0,227,0,14,123,0,137,2,97,265,0,364,78,0,78,442
06/17/2022,BED,MA,ANE,EN,Towers with Radar,0,146,108,4,258,0,9,71,0,80,0,155,179,4,338,90,0,90,428
06/18/2022,BED,MA,ANE,EN,Towers with Radar,2,66,60,0,128,0,7,86,0,93,2,73,146,0,221,52,0,52,273
06/19/2022,BED,MA,ANE,EN,Towers with Radar,1,88,92,0,181,0,12,51,0,63,1,100,143,0,244,34,0,34,278
06/20/2022,BED,MA,ANE,EN,Towers with Radar,0,90,86,2,178,0,13,167,0,180,0,103,253,2,358,108,0,108,466
06/21/2022,BED,MA,ANE,EN,Towers with Radar,2,55,77,2,136,0,21,147,0,168,2,76,224,2,304,186,0,186,490
06/22/2022,BED,MA,ANE,EN,Towers with Radar,0,78,109,0,187,0,6,61,0,67,0,84,170,0,254,92,0,92,346
06/23/2022,BED,MA,ANE,EN,Towers with Radar,3,102,98,0,203,0,7,102,0,109,3,109,200,0,312,200,0,200,512
06/24/2022,BED,MA,ANE,EN,Towers with Radar,1,69,87,4,161,0,10,152,0,162,1,79,239,4,323,292,0,292,615
06/25/2022,BED,MA,ANE,EN,Towers with Radar,0,56,44,0,100,0,21,131,1,153,0,77,175,1,253,184,0,184,437
06/26/2022,BED,MA,ANE,EN,Towers with Radar,0,60,71,6,137,0,14,140,0,154,0,74,211,6,291,110,0,110,401
06/27/2022,BED,MA,ANE,EN,Towers with Radar,0,56,57,2,115,0,6,25,0,31,0,62,82,2,146,32,0,32,178
06/28/2022,BED,MA,ANE,EN,Towers with Radar,3,45,84,2,134,0,12,146,0,158,3,57,230,2,292,146,0,146,438
06/29/2022,BED,MA,ANE,EN,Towers with Radar,0,57,79,0,136,0,16,156,0,172,0,73,235,0,308,120,0,120,428
06/30/2022,BED,MA,ANE,EN,Towers with Radar,0,57,103,0,160,0,17,165,2,184,0,74,268,2,344,262,0,262,606
07/01/2022,BED,MA,ANE,EN,Towers with Radar,1,54,79,0,134,0,26,151,0,177,1,80,230,0,311,178,0,178,489
07/02/2022,BED,MA,ANE,EN,Towers with Radar,2,56,41,0,99,0,14,46,0,60,2,70,87,0,159,130,0,130,289
07/03/2022,BED,MA,ANE,EN,Towers with Radar,1,34,24,0,59,0,7,136,0,143,1,41,160,0,202,176,0,176,378
07/04/2022,BED,MA,ANE,EN,Towers with Radar,0,40,23,0,63,0,9,85,0,94,0,49,108,0,157,78,0,78,235
07/05/2022,BED,MA,ANE,EN,Towers with Radar,2,67,63,0,132,0,16,105,0,121,2,83,168,0,253,182,0,182,435
07/06/2022,BED,MA,ANE,EN,Towers with Radar,0,30,66,0,96,0,10,73,3,86,0,40,139,3,182,108,0,108,290
07/07/2022,BED,MA,ANE,EN,Towers with Radar,1,41,56,1,99,0,20,159,2,181,1,61,215,3,280,256,0,256,536
07/08/2022,BED,MA,ANE,EN,Towers with Radar,3,43,60,4,110,0,17,153,11,181,3,60,213,15,291,150,0,150,441
07/09/2022,BED,MA,ANE,EN,Towers with Radar,1,31,27,1,60,0,15,184,6,205,1,46,211,7,265,210,0,210,475
07/10/2022,BED,MA,ANE,EN,Towers with Radar,1,57,57,2,117,0,19,185,1,205,1,76,242,3,322,190,0,190,512
07/11/2022,BED,MA,ANE,EN,Towers with Radar,0,63,71,5,139,0,20,118,0,138,0,83,189,5,277,82,0,82,359
07/12/2022,BED,MA,ANE,EN,Towers with Radar,2,57,47,0,106,0,17,59,0,76,2,74,106,0,182,42,0,42,224
07/13/2022,BED,MA,ANE,EN,Towers with Radar,1,62,54,0,117,0,25,141,3,169,1,87,195,3,286,162,0,162,448
07/14/2022,BED,MA,ANE,EN,Towers with Radar,1,75,80,0,156,0,12,78,0,90,1,87,158,0,246,144,0,144,390
07/15/2022,BED,MA,ANE,EN,Towers with Radar,1,66,63,0,130,0,17,192,0,209,1,83,255,0,339,204,0,204,543
07/16/2022,BED,MA,ANE,EN,Towers with Radar,0,48,58,0,106,0,10,156,0,166,0,58,214,0,272,180,0,180,452
07/17/2022,BED,MA,ANE,EN,Towers with Radar,2,92,68,0,162,0,10,136,0,146,2,102,204,0,308,184,0,184,492
07/18/2022,BED,MA,ANE,EN,Towers with Radar,0,79,64,0,143,0,2,46,0,48,0,81,110,0,191,126,0,126,317
07/19/2022,BED,MA,ANE,EN,Towers with Radar,2,71,65,0,138,0,11,114,0,125,2,82,179,0,263,90,0,90,353
07/20/2022,BED,MA,ANE,EN,Towers with Radar,2,61,81,3,147,0,23,125,0,148,2,84,206,3,295,184,0,184,479
07/21/2022,BED,MA,ANE,EN,Towers with Radar,1,69,69,1,140,0,14,93,4,111,1,83,162,5,251,70,0,70,321
07/22/2022,BED,MA,ANE,EN,Towers with Radar,2,52,43,3,100,0,35,138,2,175,2,87,181,5,275,150,0,150,425
07/23/2022,BED,MA,ANE,EN,Towers with Radar,0,38,53,1,92,0,15,180,0,195,0,53,233,1,287,164,0,164,451
07/24/2022,BED,MA,ANE,EN,Towers with Radar,2,76,63,0,141,0,17,113,1,131,2,93,176,1,272,82,0,82,354
07/25/2022,BED,MA,ANE,EN,Towers with Radar,0,54,50,0,104,0,1,41,0,42,0,55,91,0,146,68,0,68,214
07/26/2022,BED,MA,ANE,EN,Towers with Radar,0,58,63,0,121,0,19,160,0,179,0,77,223,0,300,204,0,204,504
07/27/2022,BED,MA,ANE,EN,Towers with Radar,0,60,69,0,129,0,23,155,0,178,0,83,224,0,307,188,0,188,495
07/28/2022,BED,MA,ANE,EN,Towers with Radar,0,64,94,1,159,0,10,75,1,86,0,74,169,2,245,198,0,198,443
07/29/2022,BED,MA,ANE,EN,Towers with Radar,1,64,77,0,142,0,21,127,0,148,1,85,204,0,290,146,0,146,436
07/30/2022,BED,MA,ANE,EN,Towers with Radar,0,30,68,0,98,0,14,120,0,134,0,44,188,0,232,90,0,90,322
07/31/2022,BED,MA,ANE,EN,Towers with Radar,0,60,74,0,134,0,27,204,0,231,0,87,278,0,365,207,0,207,572
08/01/2022,BED,MA,ANE,EN,Towers with Radar,0,63,78,0,141,0,9,131,0,140,0,72,209,0,281,206,0,206,487
08/02/2022,BED,MA,ANE,EN,Towers with Radar,2,47,56,0,105,0,15,132,0,147,2,62,188,0,252,172,0,172,424
08/03/2022,BED,MA,ANE,EN,Towers with Radar,0,80,80,0,160,0,22,175,0,197,0,102,255,0,357,170,0,170,527
08/04/2022,BED,MA,ANE,EN,Towers with Radar,1,83,86,0,170,0,11,137,1,149,1,94,223,1,319,98,0,98,417
08/05/2022,BED,MA,ANE,EN,Towers with Radar,2,67,72,2,143,0,13,72,0,85,2,80,144,2,228,104,0,104,332
08/06/2022,BED,MA,ANE,EN,Towers with Radar,1,68,52,0,121,0,13,101,0,114,1,81,153,0,235,136,0,136,371
08/07/2022,BED,MA,ANE,EN,Towers with Radar,1,70,47,0,118,0,36,104,0,140,1,106,151,0,258,90,0,90,348
08/08/2022,BED,MA,ANE,EN,Towers with Radar,0,68,55,0,123,0,20,64,0,84,0,88,119,0,207,58,0,58,265
08/09/2022,BED,MA,ANE,EN,Towers with Radar,2,50,59,3,114,0,14,72,0,86,2,64,131,3,200,108,0,108,308
08/10/2022,BED,MA,ANE,EN,Towers with Radar,0,68,100,3,171,0,9,56,0,65,0,77,156,3,236,174,0,174,410
08/11/2022,BED,MA,ANE,EN,Towers with Radar,0,85,68,0,153,0,10,97,0,107,0,95,165,0,260,196,0,196,456
08/12/2022,BED,MA,ANE,EN,Towers with Radar,4,68,66,1,139,0,34,182,0,216,4,102,248,1,355,60,0,60,415
08/13/2022,BED,MA,ANE,EN,Towers with Radar,0,40,36,1,77,0,16,165,0,181,0,56,201,1,258,206,0,206,464
08/14/2022,BED,MA,ANE,EN,Towers with Radar,3,75,63,0,141,0,20,181,0,201,3,95,244,0,342,183,0,183,525
08/15/2022,BED,MA,ANE,EN,Towers with Radar,1,68,58,0,127,0,22,100,0,122,1,90,158,0,249,96,0,96,345
08/16/2022,BED,MA,ANE,EN,Towers with Radar,7,47,72,0,126,0,35,130,0,165,7,82,202,0,291,118,0,118,409
08/17/2022,BED,MA,ANE,EN,Towers with Radar,0,64,71,0,135,0,19,64,1,84,0,83,135,1,219,104,0,104,323
08/18/2022,BED,MA,ANE,EN,Towers with Radar,0,77,78,0,155,0,13,85,0,98,0,90,163,0,253,40,0,40,293
08/19/2022,BED,MA,ANE,EN,Towers with Radar,2,55,50,3,110,0,25,134,0,159,2,80,184,3,269,220,0,220,489
08/20/2022,BED,MA,ANE,EN,Towers with Radar,3,43,35,1,82,0,32,172,1,205,3,75,207,2,287,132,0,132,419
08/21/2022,BED,MA,ANE,EN,Towers with Radar,2,78,35,2,117,0,37,95,0,132,2,115,130,2,249,138,0,138,387
08/22/2022,BED,MA,ANE,EN,Towers with Radar,1,79,71,0,151,0,0,0,0,0,1,79,71,0,151,0,0,0,151
08/23/2022,BED,MA,ANE,EN,Towers with Radar,0,56,78,0,134,0,9,3,0,12,0,65,81,0,146,18,0,18,164
08/24/2022,BED,MA,ANE,EN,Towers with Radar,1,64,77,0,142,0,18,146,2,166,1,82,223,2,308,214,0,214,522
08/25/2022,BED,MA,ANE,EN,Towers with Radar,0,50,79,2,131,0,22,174,0,196,0,72,253,2,327,163,0,163,490
08/26/2022,BED,MA,ANE,EN,Towers with Radar,1,53,54,0,108,0,17,104,0,121,1,70,158,0,229,110,0,110,339
08/27/2022,BED,MA,ANE,EN,Towers with Radar,1,50,54,0,105,0,21,138,1,160,1,71,192,1,265,174,0,174,439
08/28/2022,BED,MA,ANE,EN,Towers with Radar,0,93,95,0,188,0,48,107,0,155,0,141,202,0,343,244,0,244,587
08/29/2022,BED,MA,ANE,EN,Towers with Radar,2,81,58,0,141,0,15,131,0,146,2,96,189,0,287,142,0,142,429
08/30/2022,BED,MA,ANE,EN,Towers with Radar,3,74,52,0,129,0,21,129,0,150,3,95,181,0,279,154,0,154,433
08/31/2022,BED,MA,ANE,EN,Towers with Radar,1,72,62,2,137,0,25,128,0,153,1,97,190,2,290,168,0,168,458
09/01/2022,BED,MA,ANE,EN,Towers with Radar,1,72,63,0,136,0,12,88,1,101,1,84,151,1,237,98,0,98,335
09/02/2022,BED,MA,ANE,EN,Towers with Radar,0,48,75,0,123,0,28,151,0,179,0,76,226,0,302,182,0,182,484
09/03/2022,BED,MA,ANE,EN,Towers with Radar,2,38,39,0,79,0,8,148,0,156,2,46,187,0,235,136,0,136,371
09/04/2022,BED,MA,ANE,EN,Towers with Radar,2,53,47,0,102,0,15,103,0,118,2,68,150,0,220,92,0,92,312
09/05/2022,BED,MA,ANE,EN,Towers with Radar,0,84,104,0,188,0,0,0,0,0,0,84,104,0,188,0,0,0,188
09/06/2022,BED,MA,ANE,EN,Towers with Radar,2,75,91,0,168,0,0,0,0,0,2,75,91,0,168,0,0,0,168
09/07/2022,BED,MA,ANE,EN,Towers with Radar,0,63,114,5,182,0,3,54,1,58,0,66,168,6,240,79,0,79,319
09/08/2022,BED,MA,ANE,EN,Towers with Radar,1,62,82,1,146,0,13,141,5,159,1,75,223,6,305,159,0,159,464
09/09/2022,BED,MA,ANE,EN,Towers with Radar,1,55,78,2,136,0,36,140,0,176,1,91,218,2,312,184,0,184,496
09/10/2022,BED,MA,ANE,EN,Towers with Radar,0,43,50,2,95,0,21,179,0,200,0,64,229,2,295,169,0,169,464
09/11/2022,BED,MA,ANE,EN,Towers with Radar,2,81,89,2,174,0,12,137,0,149,2,93,226,2,323,172,0,172,495
09/12/2022,BED,MA,ANE,EN,Towers with Radar,0,101,100,0,201,0,6,12,0,18,0,107,112,0,219,24,0,24,243
09/13/2022,BED,MA,ANE,EN,Towers with Radar,4,71,75,2,152,0,2,1,0,3,4,73,76,2,155,0,0,0,155
09/14/2022,BED,MA,ANE,EN,Towers with Radar,3,64,86,2,155,0,18,158,0,176,3,82,244,2,331,100,0,100,431
09/15/2022,BED,MA,ANE,EN,Towers with Radar,2,72,91,3,168,0,15,88,0,103,2,87,179,3,271,63,0,63,334
09/16/2022,BED,MA,ANE,EN,Towers with Radar,3,55,66,2,126,0,15,128,0,143,3,70,194,2,269,126,0,126,395
09/17/2022,BED,MA,ANE,EN,Towers with Radar,0,43,43,0,86,0,28,161,0,189,0,71,204,0,275,170,0,170,445
09/18/2022,BED,MA,ANE,EN,Towers with Radar,2,71,79,0,152,0,11,134,0,145,2,82,213,0,297,88,0,88,385
09/19/2022,BED,MA,ANE,EN,Towers with Radar,0,67,79,0,146,0,1,0,0,1,0,68,79,0,147,0,0,0,147
09/20/2022,BED,MA,ANE,EN,Towers with Radar,0,82,85,0,167,0,3,0,0,3,0,85,85,0,170,0,0,0,170
09/21/2022,BED,MA,ANE,EN,Towers with Radar,0,88,102,3,193,0,8,71,0,79,0,96,173,3,272,188,0,188,460
09/22/2022,BED,MA,ANE,EN,Towers with Radar,0,71,68,1,140,0,5,5,0,10,0,76,73,1,150,0,0,0,150
09/23/2022,BED,MA,ANE,EN,Towers with Radar,1,84,73,2,160,0,6,56,0,62,1,90,129,2,222,30,0,30,252
09/24/2022,BED,MA,ANE,EN,Towers with Radar,4,32,38,0,74,0,18,103,0,121,4,50,141,0,195,78,0,78,273
09/25/2022,BED,MA,ANE,EN,Towers with Radar,3,66,74,2,145,0,10,122,1,133,3,76,196,3,278,174,0,174,452
09/26/2022,BED,MA,ANE,EN,Towers with Radar,0,64,73,0,137,0,8,51,0,59,0,72,124,0,196,81,0,81,277
09/27/2022,BED,MA,ANE,EN,Towers with Radar,2,74,56,0,132,0,13,108,0,121,2,87,164,0,253,104,0,104,357
09/28/2022,BED,MA,ANE,EN,Towers with Radar,0,66,61,0,127,0,16,99,0,115,0,82,160,0,242,75,0,75,317
09/29/2022,BED,MA,ANE,EN,Towers with Radar,0,97,86,0,183,0,17,118,0,135,0,114,204,0,318,112,0,112,430
09/30/2022,BED,MA,ANE,EN,Towers with Radar,2,76,85,0,163,0,11,126,0,137,2,87,211,0,300,128,0,128,428
10/01/2022,BED,MA,ANE,EN,Towers with Radar,2,51,44,0,97,0,2,63,0,65,2,53,107,0,162,193,0,193,355
10/02/2022,BED,MA,ANE,EN,Towers with Radar,4,98,72,0,174,0,10,30,0,40,4,108,102,0,214,66,0,66,280
10/03/2022,BED,MA,ANE,EN,Towers with Radar,1,70,65,0,136,0,13,89,0,102,1,83,154,0,238,92,0,92,330
10/04/2022,BED,MA,ANE,EN,Towers with Radar,3,54,78,2,137,0,8,13,0,21,3,62,91,2,158,32,0,32,190
10/05/2022,BED,MA,ANE,EN,Towers with Radar,2,74,85,1,162,0,0,0,0,0,2,74,85,1,162,0,0,0,162
10/06/2022,BED,MA,ANE,EN,Towers with Radar,4,100,100,0,204,0,11,163,0,174,4,111,263,0,378,147,0,147,525
10/07/2022,BED,MA,ANE,EN,Towers with Radar,2,72,110,0,184,0,17,141,0,158,2,89,251,0,342,174,0,174,516
10/08/2022,BED,MA,ANE,EN,Towers with Radar,5,65,51,0,121,0,15,131,0,146,5,80,182,0,267,80,0,80,347
10/09/2022,BED,MA,ANE,EN,Towers with Radar,1,80,68,0,149,0,13,108,0,121,1,93,176,0,270,94,0,94,364
10/10/2022,BED,MA,ANE,EN,Towers with Radar,2,94,69,0,165,0,5,119,0,124,2,99,188,0,289,152,0,152,441
10/11/2022,BED,MA,ANE,EN,Towers with Radar,2,59,61,1,123,0,12,120,0,132,2,71,181,1,255,148,0,148,403
10/12/2022,BED,MA,ANE,EN,Towers with Radar,0,76,82,0,158,0,10,144,6,160,0,86,226,6,318,150,0,150,468
10/13/2022,BED,MA,ANE,EN,Towers with Radar,4,87,86,3,180,0,3,3,0,6,4,90,89,3,186,0,0,0,186
10/14/2022,BED,MA,ANE,EN,Towers with Radar,0,88,91,2,181,0,2,8,0,10,0,90,99,2,191,10,0,10,201
10/15/2022,BED,MA,ANE,EN,Towers with Radar,0,59,53,0,112,0,18,143,0,161,0,77,196,0,273,156,0,156,429
10/16/2022,BED,MA,ANE,EN,Towers with Radar,0,74,86,0,160,0,9,184,0,193,0,83,270,0,353,144,0,144,497
10/17/2022,BED,MA,ANE,EN,Towers with Radar,0,47,79,0,126,0,16,44,0,60,0,63,123,0,186,106,0,106,292
10/18/2022,BED,MA,ANE,EN,Towers with Radar,3,80,99,0,182,0,4,57,0,61,3,84,156,0,243,94,0,94,337
10/19/2022,BED,MA,ANE,EN,Towers with Radar,0,68,66,0,134,0,15,108,0,123,0,83,174,0,257,80,0,80,337
10/20/2022,BED,MA,ANE,EN,Towers with Radar,1,82,82,3,168,0,9,119,0,128,1,91,201,3,296,124,0,124,420
10/21/2022,BED,MA,ANE,EN,Towers with Radar,0,59,76,2,137,0,14,179,0,193,0,73,255,2,330,190,0,190,520
10/22/2022,BED,MA,ANE,EN,Towers with Radar,0,47,39,0,86,0,12,201,0,213,0,59,240,0,299,126,0,126,425
10/23/2022,BED,MA,ANE,EN,Towers with Radar,0,93,75,2,170,0,6,109,0,115,0,99,184,2,285,140,0,140,425
10/24/2022,BED,MA,ANE,EN,Towers with Radar,1,63,55,2,121,0,0,0,0,0,1,63,55,2,121,0,0,0,121
10/25/2022,BED,MA,ANE,EN,Towers with Radar,2,74,68,2,146,0,0,0,0,0,2,74,68,2,146,0,0,0,146
10/26/2022,BED,MA,ANE,EN,Towers with Radar,1,79,95,4,179,0,0,0,0,0,1,79,95,4,179,2,0,2,181
10/27/2022,BED,MA,ANE,EN,Towers with Radar,1,56,91,4,152,0,10,145,0,155,1,66,236,4,307,174,0,174,481
10/28/2022,BED,MA,ANE,EN,Towers with Radar,0,60,69,2,131,0,19,149,0,168,0,79,218,2,299,114,0,114,413
10/29/2022,BED,MA,ANE,EN,Towers with Radar,1,56,46,0,103,0,10,166,0,176,1,66,212,0,279,146,0,146,425
10/30/2022,BED,MA,ANE,EN,Towers with Radar,2,66,62,0,130,0,18,155,0,173,2,84,217,0,303,126,0,126,429
10/31/2022,BED,MA,ANE,EN,Towers with Radar,2,55,46,0,103,0,9,85,0,94,2,64,131,0,197,144,0,144,341
11/01/2022,BED,MA,ANE,EN,Towers with Radar,3,70,77,0,150,0,6,19,0,25,3,76,96,0,175,38,0,38,213
11/02/2022,BED,MA,ANE,EN,Towers with Radar,0,69,56,0,125,0,18,122,4,144,0,87,178,4,269,134,0,134,403
11/03/2022,BED,MA,ANE,EN,Towers with Radar,3,74,108,0,185,0,18,150,0,168,3,92,258,0,353,210,0,210,563
11/04/2022,BED,MA,ANE,EN,Towers with Radar,2,77,71,5,155,0,9,125,1,135,2,86,196,6,290,78,0,78,368
11/05/2022,BED,MA,ANE,EN,Towers with Radar,0,41,42,0,83,0,8,114,0,122,0,49,156,0,205,192,0,192,397
11/06/2022,BED,MA,ANE,EN,Towers with Radar,0,99,77,2,178,0,9,70,2,81,0,108,147,4,259,40,0,40,299
11/07/2022,BED,MA,ANE,EN,Towers with Radar,0,53,58,0,111,0,13,80,1,94,0,66,138,1,205,98,0,98,303
11/08/2022,BED,MA,ANE,EN,Towers with Radar,2,63,49,0,114,0,18,58,5,81,2,81,107,5,195,34,0,34,229
11/09/2022,BED,MA,ANE,EN,Towers with Radar,1,66,65,0,132,0,20,136,0,156,1,86,201,0,288,182,0,182,470
11/10/2022,BED,MA,ANE,EN,Towers with Radar,1,60,81,0,142,0,12,90,0,102,1,72,171,0,244,72,0,72,316
11/11/2022,BED,MA,ANE,EN,Towers with Radar,4,75,80,0,159,0,7,65,0,72,4,82,145,0,231,190,0,190,421
11/12/2022,BED,MA,ANE,EN,Towers with Radar,1,39,24,0,64,0,6,28,0,34,1,45,52,0,98,36,0,36,134
11/13/2022,BED,MA,ANE,EN,Towers with Radar,4,90,82,0,176,0,4,11,0,15,4,94,93,0,191,54,0,54,245
11/14/2022,BED,MA,ANE,EN,Towers with Radar,0,68,70,0,138,0,6,124,0,130,0,74,194,0,268,76,0,76,344
11/15/2022,BED,MA,ANE,EN,Towers with Radar,4,67,75,0,146,12,8,108,0,128,16,75,183,0,274,148,0,148,422
11/16/2022,BED,MA,ANE,EN,Towers with Radar,0,69,69,0,138,0,5,5,0,10,0,74,74,0,148,0,0,0,148
11/17/2022,BED,MA,ANE,EN,Towers with Radar,0,64,83,0,147,0,10,72,0,82,0,74,155,0,229,90,0,90,319
11/18/2022,BED,MA,ANE,EN,Towers with Radar,0,72,80,1,153,0,12,115,1,128,0,84,195,2,281,138,0,138,419
11/19/2022,BED,MA,ANE,EN,Towers with Radar,0,61,55,0,116,0,9,220,0,229,0,70,275,0,345,132,0,132,477
11/20/2022,BED,MA,ANE,EN,Towers with Radar,1,81,62,0,144,0,12,47,0,59,1,93,109,0,203,0,0,0,203
11/21/2022,BED,MA,ANE,EN,Towers with Radar,0,73,58,0,131,0,15,97,0,112,0,88,155,0,243,164,0,164,407
11/22/2022,BED,MA,ANE,EN,Towers with Radar,5,76,63,0,144,0,17,139,0,156,5,93,202,0,300,134,0,134,434
11/23/2022,BED,MA,ANE,EN,Towers with Radar,0,72,64,0,136,0,16,115,0,131,0,88,179,0,267,50,0,50,317
11/24/2022,BED,MA,ANE,EN,Towers with Radar,0,28,13,0,41,0,13,33,0,46,0,41,46,0,87,36,0,36,123
11/25/2022,BED,MA,ANE,EN,Towers with Radar,4,57,43,0,104,0,4,16,0,20,4,61,59,0,124,64,0,64,188
11/26/2022,BED,MA,ANE,EN,Towers with Radar,0,70,66,0,136,0,9,96,0,105,0,79,162,0,241,70,0,70,311
11/27/2022,BED,MA,ANE,EN,Towers with Radar,0,99,124,0,223,10,2,58,0,70,10,101,182,0,293,116,0,116,409
11/28/2022,BED,MA,ANE,EN,Towers with Radar,0,73,71,0,144,0,16,58,0,74,0,89,129,0,218,56,0,56,274
11/29/2022,BED,MA,ANE,EN,Towers with Radar,4,64,78,3,149,0,14,118,1,133,4,78,196,4,282,180,0,180,462
11/30/2022,BED,MA,ANE,EN,Towers with Radar,1,57,50,0,108,0,6,16,1,23,1,63,66,1,131,85,0,85,216
12/01/2022,BED,MA,ANE,EN,Towers with Radar,1,76,60,1,138,0,14,18,0,32,1,90,78,1,170,0,0,0,170
12/02/2022,BED,MA,ANE,EN,Towers with Radar,1,93,105,0,199,0,20,95,0,115,1,113,200,0,314,88,0,88,402
12/03/2022,BED,MA,ANE,EN,Towers with Radar,2,63,27,0,92,0,0,0,0,0,2,63,27,0,92,0,0,0,92
12/04/2022,BED,MA,ANE,EN,Towers with Radar,0,88,71,0,159,0,18,162,0,180,0,106,233,0,339,110,0,110,449
12/05/2022,BED,MA,ANE,EN,Towers with Radar,2,57,51,3,113,0,16,132,0,148,2,73,183,3,261,130,0,130,391
12/06/2022,BED,MA,ANE,EN,Towers with Radar,3,63,72,2,140,0,19,93,0,112,3,82,165,2,252,180,0,180,432
12/07/2022,BED,MA,ANE,EN,Towers with Radar,0,66,80,1,147,0,0,1,0,1,0,66,81,1,148,0,0,0,148
12/08/2022,BED,MA,ANE,EN,Towers with Radar,1,66,67,0,134,0,9,97,2,108,1,75,164,2,242,72,0,72,314
12/09/2022,BED,MA,ANE,EN,Towers with Radar,0,67,69,0,136,0,13,106,0,119,0,80,175,0,255,62,0,62,317
12/10/2022,BED,MA,ANE,EN,Towers with Radar,0,44,47,0,91,0,0,67,0,67,0,44,114,0,158,234,0,234,392
12/11/2022,BED,MA,ANE,EN,Towers with Radar,0,67,52,0,119,0,2,36,0,38,0,69,88,0,157,160,0,160,317
12/12/2022,BED,MA,ANE,EN,Towers with Radar,3,61,44,0,108,0,24,65,0,89,3,85,109,0,197,94,0,94,291
12/13/2022,BED,MA,ANE,EN,Towers with Radar,4,46,56,1,107,0,19,91,0,110,4,65,147,1,217,94,0,94,311
12/14/2022,BED,MA,ANE,EN,Towers with Radar,1,54,69,1,125,0,15,42,0,57,1,69,111,1,182,14,0,14,196
12/15/2022,BED,MA,ANE,EN,Towers with Radar,0,72,70,0,142,0,8,64,0,72,0,80,134,0,214,116,0,116,330
12/16/2022,BED,MA,ANE,EN,Towers with Radar,1,83,46,1,131,0,0,0,0,0,1,83,46,1,131,0,0,0,131
12/17/2022,BED,MA,ANE,EN,Towers with Radar,3,73,64,1,141,0,6,22,0,28,3,79,86,1,169,36,0,36,205
12/18/2022,BED,MA,ANE,EN,Towers with Radar,2,75,57,3,137,9,9,102,1,121,11,84,159,4,258,102,0,102,360
12/19/2022,BED,MA,ANE,EN,Towers with Radar,0,73,50,0,123,0,14,47,0,61,0,87,97,0,184,24,0,24,208
12/20/2022,BED,MA,ANE,EN,Towers with Radar,0,56,52,2,110,0,9,91,2,102,0,65,143,4,212,118,0,118,330
12/21/2022,BED,MA,ANE,EN,Towers with Radar,1,85,54,3,143,0,15,130,2,147,1,100,184,5,290,180,0,180,470
12/22/2022,BED,MA,ANE,EN,Towers with Radar,0,74,45,0,119,0,18,65,0,83,0,92,110,0,202,100,0,100,302
12/23/2022,BED,MA,ANE,EN,Towers with Radar,1,38,7,0,46,0,0,0,0,0,1,38,7,0,46,0,0,0,46
12/24/2022,BED,MA,ANE,EN,Towers with Radar,0,34,23,0,57,0,6,9,0,15,0,40,32,0,72,4,0,4,76
12/25/2022,BED,MA,ANE,EN,Towers with Radar,1,61,21,0,83,0,7,2,0,9,1,68,23,0,92,0,0,0,92
12/26/2022,BED,MA,ANE,EN,Towers with Radar,1,102,101,0,204,0,17,75,0,92,1,119,176,0,296,12,0,12,308
12/27/2022,BED,MA,ANE,EN,Towers with Radar,2,55,63,0,120,0,25,100,1,126,2,80,163,1,246,124,0,124,370
12/28/2022,BED,MA,ANE,EN,Towers with Radar,2,40,28,0,70,0,12,72,0,84,2,52,100,0,154,88,0,88,242
12/29/2022,BED,MA,ANE,EN,Towers with Radar,2,35,47,2,86,0,4,81,0,85,2,39,128,2,171,116,0,116,287
12/30/2022,BED,MA,ANE,EN,Towers with Radar,1,35,49,0,85,0,7,94,0,101,1,42,143,0,186,124,0,124,310
12/31/2022,BED,MA,ANE,EN,Towers with Radar,4,40,49,0,93,0,0,3,0,3,4,40,52,0,96,16,0,16,112
01/01/2023,BED,MA,ANE,EN,Towers with Radar,5,75,55,0,135,0,7,26,0,33,5,82,81,0,168,28,0,28,196
01/02/2023,BED,MA,ANE,EN,Towers with Radar,4,86,85,0,175,0,28,143,2,173,4,114,228,2,348,186,0,186,534
01/03/2023,BED,MA,ANE,EN,Towers with Radar,3,65,32,1,101,0,0,0,0,0,3,65,32,1,101,0,0,0,101
01/04/2023,BED,MA,ANE,EN,Towers with Radar,0,79,62,1,142,0,0,0,1,1,0,79,62,2,143,0,0,0,143
01/05/2023,BED,MA,ANE,EN,Towers with Radar,0,69,49,1,119,0,0,0,0,0,0,69,49,1,119,0,0,0,119
01/06/2023,BED,MA,ANE,EN,Towers with Radar,0,48,34,1,83,0,0,0,0,0,0,48,34,1,83,0,0,0,83
01/07/2023,BED,MA,ANE,EN,Towers with Radar,0,49,57,0,106,0,11,109,0,120,0,60,166,0,226,150,0,150,376
01/08/2023,BED,MA,ANE,EN,Towers with Radar,0,57,61,0,118,0,10,138,0,148,0,67,199,0,266,172,0,172,438
01/09/2023,BED,MA,ANE,EN,Towers with Radar,1,51,50,0,102,0,15,122,0,137,1,66,172,0,239,158,0,158,397
01/10/2023,BED,MA,ANE,EN,Towers with Radar,5,55,55,2,117,0,16,103,0,119,5,71,158,2,236,60,0,60,296
01/11/2023,BED,MA,ANE,EN,Towers with Radar,1,63,63,0,127,0,17,107,0,124,1,80,170,0,251,178,0,178,429
01/12/2023,BED,MA,ANE,EN,Towers with Radar,1,72,61,1,135,0,2,0,0,2,1,74,61,1,137,0,0,0,137
01/13/2023,BED,MA,ANE,EN,Towers with Radar,2,92,57,0,151,0,6,4,0,10,2,98,61,0,161,20,0,20,181
01/14/2023,BED,MA,ANE,EN,Towers with Radar,2,52,35,0,89,0,0,0,0,0,2,52,35,0,89,0,0,0,89
01/15/2023,BED,MA,ANE,EN,Towers with Radar,0,39,30,0,69,0,4,36,0,40,0,43,66,0,109,74,0,74,183
01/16/2023,BED,MA,ANE,EN,Towers with Radar,6,90,61,0,157,0,0,3,0,3,6,90,64,0,160,0,0,0,160
01/17/2023,BED,MA,ANE,EN,Towers with Radar,4,66,46,0,116,0,9,132,0,141,4,75,178,0,257,182,0,182,439
01/18/2023,BED,MA,ANE,EN,Towers with Radar,2,54,67,1,124,0,7,89,0,96,2,61,156,1,220,120,0,120,340
01/19/2023,BED,MA,ANE,EN,Towers with Radar,0,58,64,1,123,0,2,73,0,75,0,60,137,1,198,94,0,94,292
01/20/2023,BED,MA,ANE,EN,Towers with Radar,4,65,56,0,125,0,0,0,0,0,4,65,56,0,125,0,0,0,125
01/21/2023,BED,MA,ANE,EN,Towers with Radar,1,54,38,0,93,0,6,48,0,54,1,60,86,0,147,176,0,176,323
01/22/2023,BED,MA,ANE,EN,Towers with Radar,0,60,40,0,100,0,5,45,0,50,0,65,85,0,150,284,0,284,434
01/23/2023,BED,MA,ANE,EN,Towers with Radar,2,45,31,0,78,0,0,0,0,0,2,45,31,0,78,0,0,0,78
01/24/2023,BED,MA,ANE,EN,Towers with Radar,1,58,62,0,121,0,16,124,0,140,1,74,186,0,261,84,0,84,345
01/25/2023,BED,MA,ANE,EN,Towers with Radar,5,51,53,0,109,0,10,41,0,51,5,61,94,0,160,72,0,72,232
01/26/2023,BED,MA,ANE,EN,Towers with Radar,0,70,60,0,130,0,4,8,0,12,0,74,68,0,142,0,0,0,142
01/27/2023,BED,MA,ANE,EN,Towers with Radar,2,58,62,2,124,0,16,150,2,168,2,74,212,4,292,162,0,162,454
01/28/2023,BED,MA,ANE,EN,Towers with Radar,4,35,57,0,96,0,6,127,0,133,4,41,184,0,229,124,0,124,353
01/29/2023,BED,MA,ANE,EN,Towers with Radar,3,86,57,0,146,0,7,125,0,132,3,93,182,0,278,82,0,82,360
01/30/2023,BED,MA,ANE,EN,Towers with Radar,0,61,54,0,115,0,10,94,0,104,0,71,148,0,219,176,0,176,395
01/31/2023,BED,MA,ANE,EN,Towers with Radar,1,53,64,2,120,0,9,62,0,71,1,62,126,2,191,78,0,78,269
02/01/2023,BED,MA,ANE,EN,Towers with Radar,3,63,59,2,127,0,4,104,0,108,3,67,163,2,235,150,0,150,385
02/02/2023,BED,MA,ANE,EN,Towers with Radar,0,92,56,0,148,0,11,80,0,91,0,103,136,0,239,128,0,128,367
02/03/2023,BED,MA,ANE,EN,Towers with Radar,1,50,35,0,86,0,11,7,0,18,1,61,42,0,104,0,0,0,104
02/04/2023,BED,MA,ANE,EN,Towers with Radar,3,34,23,0,60,0,9,14,0,23,3,43,37,0,83,14,0,14,97
02/05/2023,BED,MA,ANE,EN,Towers with Radar,1,71,51,0,123,0,12,105,0,117,1,83,156,0,240,36,0,36,276
02/06/2023,BED,MA,ANE,EN,Towers with Radar,0,57,62,0,119,0,6,51,0,57,0,63,113,0,176,56,0,56,232
02/07/2023,BED,MA,ANE,EN,Towers with Radar,4,49,69,0,122,0,5,77,2,84,4,54,146,2,206,130,0,130,336
02/08/2023,BED,MA,ANE,EN,Towers with Radar,2,60,56,0,118,0,13,98,0,111,2,73,154,0,229,104,0,104,333
02/09/2023,BED,MA,ANE,EN,Towers with Radar,2,58,41,0,101,0,1,76,0,77,2,59,117,0,178,152,0,152,330
02/10/2023,BED,MA,ANE,EN,Towers with Radar,2,59,45,0,106,0,7,31,0,38,2,66,76,0,144,2,0,2,146
02/11/2023,BED,MA,ANE,EN,Towers with Radar,1,57,36,0,94,0,3,85,0,88,1,60,121,0,182,88,0,88,270
02/12/2023,BED,MA,ANE,EN,Towers with Radar,2,63,46,0,111,0,11,168,0,179,2,74,214,0,290,150,0,150,440
02/13/2023,BED,MA,ANE,EN,Towers with Radar,3,58,57,0,118,0,6,36,0,42,3,64,93,0,160,100,0,100,260
02/14/2023,BED,MA,ANE,EN,Towers with Radar,0,40,47,1,88,0,13,87,0,100,0,53,134,1,188,72,0,72,260
02/15/2023,BED,MA,ANE,EN,Towers with Radar,5,62,59,1,127,0,11,59,0,70,5,73,118,1,197,38,0,38,235
02/16/2023,BED,MA,ANE,EN,Towers with Radar,2,75,59,1,137,0,12,110,0,122,2,87,169,1,259,76,0,76,335
02/17/2023,BED,MA,ANE,EN,Towers with Radar,2,112,88,0,202,0,0,4,0,4,2,112,92,0,206,0,0,0,206
02/18/2023,BED,MA,ANE,EN,Towers with Radar,2,65,55,0,122,0,14,156,0,170,2,79,211,0,292,110,0,110,402
02/19/2023,BED,MA,ANE,EN,Towers with Radar,4,54,52,0,110,0,9,103,0,112,4,63,155,0,222,104,0,104,326
02/20/2023,BED,MA,ANE,EN,Towers with Radar,1,75,54,0,130,0,3,90,0,93,1,78,144,0,223,86,0,86,309
02/21/2023,BED,MA,ANE,EN,Towers with Radar,5,74,48,0,127,0,0,0,0,0,5,74,48,0,127,0,0,0,127
02/22/2023,BED,MA,ANE,EN,Towers with Radar,1,53,44,0,98,0,10,99,0,109,1,63,143,0,207,156,0,156,363
02/23/2023,BED,MA,ANE,EN,Towers with Radar,1,52,43,0,96,0,0,0,0,0,1,52,43,0,96,0,0,0,96
02/24/2023,BED,MA,ANE,EN,Towers with Radar,2,66,45,0,113,1,10,5,0,16,3,76,50,0,129,0,0,0,129
02/25/2023,BED,MA,ANE,EN,Towers with Radar,3,60,38,0,101,19,3,39,0,61,22,63,77,0,162,108,0,108,270
02/26/2023,BED,MA,ANE,EN,Towers with Radar,2,88,80,0,170,0,4,6,0,10,2,92,86,0,180,12,0,12,192
02/27/2023,BED,MA,ANE,EN,Towers with Radar,1,59,74,0,134,5,14,88,0,107,6,73,162,0,241,120,0,120,361
02/28/2023,BED,MA,ANE,EN,Towers with Radar,3,46,37,0,86,0,0,0,0,0,3,46,37,0,86,0,0,0,86
03/01/2023,BED,MA,ANE,EN,Towers with Radar,3,47,71,0,121,16,10,55,0,81,19,57,126,0,202,160,0,160,362
03/02/2023,BED,MA,ANE,EN,Towers with Radar,0,67,54,2,123,0,6,0,0,6,0,73,54,2,129,0,0,0,129
03/03/2023,BED,MA,ANE,EN,Towers with Radar,2,69,68,0,139,8,9,131,0,148,10,78,199,0,287,110,0,110,397
03/04/2023,BED,MA,ANE,EN,Towers with Radar,1,29,17,0,47,0,0,0,0,0,1,29,17,0,47,0,0,0,47
03/05/2023,BED,MA,ANE,EN,Towers with Radar,2,69,56,0,127,0,10,94,0,104,2,79,150,0,231,198,0,198,429
03/06/2023,BED,MA,ANE,EN,Towers with Radar,2,54,42,0,98,5,7,30,0,42,7,61,72,0,140,38,0,38,178
03/07/2023,BED,MA,ANE,EN,Towers with Radar,3,55,41,2,101,0,6,58,0,64,3,61,99,2,165,10,0,10,175
03/08/2023,BED,MA,ANE,EN,Towers with Radar,0,71,74,1,146,0,7,105,0,112,0,78,179,1,258,100,0,100,358
03/09/2023,BED,MA,ANE,EN,Towers with Radar,3,86,86,0,175,0,16,102,0,118,3,102,188,0,293,122,0,122,415
03/10/2023,BED,MA,ANE,EN,Towers with Radar,2,72,64,0,138,0,11,152,1,164,2,83,216,1,302,206,0,206,508
03/11/2023,BED,MA,ANE,EN,Towers with Radar,2,78,52,0,132,0,4,35,0,39,2,82,87,0,171,54,0,54,225
03/12/2023,BED,MA,ANE,EN,Towers with Radar,0,75,79,0,154,0,9,119,0,128,0,84,198,0,282,126,0,126,408
03/13/2023,BED,MA,ANE,EN,Towers with Radar,2,62,42,0,106,0,6,39,0,45,2,68,81,0,151,262,0,262,413
03/14/2023,BED,MA,ANE,EN,Towers with Radar,2,20,8,0,30,0,0,0,0,0,2,20,8,0,30,0,0,0,30
03/15/2023,BED,MA,ANE,EN,Towers with Radar,3,77,49,0,129,0,9,3,0,12,3,86,52,0,141,0,0,0,141
03/16/2023,BED,MA,ANE,EN,Towers with Radar,0,56,73,0,129,0,12,124,0,136,0,68,197,0,265,116,0,116,381
03/17/2023,BED,MA,ANE,EN,Towers with Radar,1,63,55,0,119,0,19,78,0,97,1,82,133,0,216,112,0,112,328
03/18/2023,BED,MA,ANE,EN,Towers with Radar,0,48,53,0,101,0,2,125,0,127,0,50,178,0,228,108,0,108,336
03/19/2023,BED,MA,ANE,EN,Towers with Radar,2,64,58,0,124,0,6,27,0,33,2,70,85,0,157,4,0,4,161
03/20/2023,BED,MA,ANE,EN,Towers with Radar,0,57,53,2,112,0,8,90,0,98,0,65,143,2,210,30,0,30,240
03/21/2023,BED,MA,ANE,EN,Towers with Radar,2,45,54,0,101,0,8,119,0,127,2,53,173,0,228,180,0,180,408
03/22/2023,BED,MA,ANE,EN,Towers with Radar,2,60,71,0,133,0,10,143,0,153,2,70,214,0,286,132,0,132,418
03/23/2023,BED,MA,ANE,EN,Towers with Radar,0,59,60,0,119,0,10,41,0,51,0,69,101,0,170,90,0,90,260
03/24/2023,BED,MA,ANE,EN,Towers with Radar,2,47,71,2,122,0,8,122,0,130,2,55,193,2,252,164,0,164,416
03/25/2023,BED,MA,ANE,EN,Towers with Radar,1,56,43,1,101,0,0,49,0,49,1,56,92,1,150,106,0,106,256
03/26/2023,BED,MA,ANE,EN,Towers with Radar,2,74,61,0,137,0,8,70,0,78,2,82,131,0,215,65,0,65,280
03/27/2023,BED,MA,ANE,EN,Towers with Radar,3,88,59,3,153,0,9,110,5,124,3,97,169,8,277,192,0,192,469
03/28/2023,BED,MA,ANE,EN,Towers with Radar,2,65,71,0,138,0,5,21,0,26,2,70,92,0,164,74,0,74,238
03/29/2023,BED,MA,ANE,EN,Towers with Radar,0,60,69,0,129,0,14,133,1,148,0,74,202,1,277,160,0,160,437
03/30/2023,BED,MA,ANE,EN,Towers with Radar,0,58,70,0,128,0,6,26,3,35,0,64,96,3,163,8,0,8,171
03/31/2023,BED,MA,ANE,EN,Towers with Radar,3,65,78,0,146,0,9,110,0,119,3,74,188,0,265,188,0,188,453
04/01/2023,BED,MA,ANE,EN,Towers with Radar,2,42,34,0,78,0,2,3,0,5,2,44,37,0,83,8,0,8,91
04/02/2023,BED,MA,ANE,EN,Towers with Radar,1,93,67,0,161,0,6,57,0,63,1,99,124,0,224,46,0,46,270
04/03/2023,BED,MA,ANE,EN,Towers with Radar,2,64,53,1,120,0,7,83,0,90,2,71,136,1,210,76,0,76,286
04/04/2023,BED,MA,ANE,EN,Towers with Radar,5,78,76,1,160,0,8,96,1,105,5,86,172,2,265,234,0,234,499
04/05/2023,BED,MA,ANE,EN,Towers with Radar,4,46,73,2,125,0,4,11,0,15,4,50,84,2,140,8,0,8,148
04/06/2023,BED,MA,ANE,EN,Towers with Radar,4,90,82,0,176,0,3,24,0,27,4,93,106,0,203,72,0,72,275
04/07/2023,BED,MA,ANE,EN,Towers with Radar,4,51,69,0,124,0,28,58,0,86,4,79,127,0,210,30,0,30,240
04/08/2023,BED,MA,ANE,EN,Towers with Radar,0,37,49,0,86,0,15,155,0,170,0,52,204,0,256,195,0,195,451
04/09/2023,BED,MA,ANE,EN,Towers with Radar,1,73,47,0,121,0,11,124,0,135,1,84,171,0,256,154,0,154,410
04/10/2023,BED,MA,ANE,EN,Towers with Radar,0,71,71,0,142,0,11,134,0,145,0,82,205,0,287,168,0,168,455
04/11/2023,BED,MA,ANE,EN,Towers with Radar,2,48,55,2,107,0,18,74,0,92,2,66,129,2,199,58,0,58,257
04/12/2023,BED,MA,ANE,EN,Towers with Radar,1,54,55,0,110,0,13,39,0,52,1,67,94,0,162,40,0,40,202
04/13/2023,BED,MA,ANE,EN,Towers with Radar,1,66,93,0,160,0,17,150,0,167,1,83,243,0,327,98,0,98,425
04/14/2023,BED,MA,ANE,EN,Towers with Radar,2,72,74,0,148,0,14,155,0,169,2,86,229,0,317,114,0,114,431
04/15/2023,BED,MA,ANE,EN,Towers with Radar,0,77,65,0,142,0,7,110,0,117,0,84,175,0,259,194,0,194,453
04/16/2023,BED,MA,ANE,EN,Towers with Radar,3,82,65,1,151,0,0,0,0,0,3,82,65,1,151,0,0,0,151
04/17/2023,BED,MA,ANE,EN,Towers with Radar,0,63,64,1,128,0,0,0,0,0,0,63,64,1,128,0,0,0,128
04/18/2023,BED,MA,ANE,EN,Towers with Radar,2,73,66,1,142,0,20,73,0,93,2,93,139,1,235,80,0,80,315
04/19/2023,BED,MA,ANE,EN,Towers with Radar,0,61,71,2,134,0,11,90,0,101,0,72,161,2,235,56,0,56,291
04/20/2023,BED,MA,ANE,EN,Towers with Radar,4,60,54,0,118,0,19,158,0,177,4,79,212,0,295,158,0,158,453
04/21/2023,BED,MA,ANE,EN,Towers with Radar,1,46,67,2,116,0,18,110,0,128,1,64,177,2,244,136,0,136,380
04/22/2023,BED,MA,ANE,EN,Towers with Radar,0,69,63,1,133,0,2,45,0,47,0,71,108,1,180,186,0,186,366
04/23/2023,BED,MA,ANE,EN,Towers with Radar,0,103,68,0,171,0,0,0,0,0,0,103,68,0,171,0,0,0,171
04/24/2023,BED,MA,ANE,EN,Towers with Radar,2,69,77,0,148,0,4,47,0,51,2,73,124,0,199,88,0,88,287
04/25/2023,BED,MA,ANE,EN,Towers with Radar,2,70,68,0,140,0,8,84,0,92,2,78,152,0,232,140,0,140,372
04/26/2023,BED,MA,ANE,EN,Towers with Radar,2,75,107,4,188,0,8,73,0,81,2,83,180,4,269,118,0,118,387
04/27/2023,BED,MA,ANE,EN,Towers with Radar,1,66,66,0,133,0,6,105,0,111,1,72,171,0,244,256,0,256,500
04/28/2023,BED,MA,ANE,EN,Towers with Radar,2,80,94,0,176,0,11,113,1,125,2,91,207,1,301,120,0,120,421
04/29/2023,BED,MA,ANE,EN,Towers with Radar,1,44,36,0,81,0,5,92,0,97,1,49,128,0,178,142,0,142,320
04/30/2023,BED,MA,ANE,EN,Towers with Radar,4,98,61,0,163,0,0,0,0,0,4,98,61,0,163,0,0,0,163
05/01/2023,BED,MA,ANE,EN,Towers with Radar,1,82,58,0,141,0,8,63,0,71,1,90,121,0,212,82,0,82,294
05/02/2023,BED,MA,ANE,EN,Towers with Radar,3,60,67,0,130,0,2,12,0,14,3,62,79,0,144,32,0,32,176
05/03/2023,BED,MA,ANE,EN,Towers with Radar,0,88,72,0,160,0,3,60,0,63,0,91,132,0,223,100,0,100,323
05/04/2023,BED,MA,ANE,EN,Towers with Radar,1,71,81,0,153,0,5,17,0,22,1,76,98,0,175,36,0,36,211
05/05/2023,BED,MA,ANE,EN,Towers with Radar,2,68,103,2,175,0,5,44,1,50,2,73,147,3,225,82,0,82,307
05/06/2023,BED,MA,ANE,EN,Towers with Radar,0,47,34,0,81,0,11,167,0,178,0,58,201,0,259,108,0,108,367
05/07/2023,BED,MA,ANE,EN,Towers with Radar,2,78,65,3,148,0,7,200,0,207,2,85,265,3,355,146,0,146,501
05/08/2023,BED,MA,ANE,EN,Towers with Radar,0,66,72,3,141,0,18,100,0,118,0,84,172,3,259,122,0,122,381
05/09/2023,BED,MA,ANE,EN,Towers with Radar,3,68,69,1,141,0,17,155,0,172,3,85,224,1,313,202,0,202,515
05/10/2023,BED,MA,ANE,EN,Towers with Radar,1,66,69,0,136,0,16,176,0,192,1,82,245,0,328,156,0,156,484
05/11/2023,BED,MA,ANE,EN,Towers with Radar,0,81,72,1,154,0,21,154,0,175,0,102,226,1,329,198,0,198,527
05/12/2023,BED,MA,ANE,EN,Towers with Radar,2,66,79,0,147,0,19,128,0,147,2,85,207,0,294,129,0,129,423
05/13/2023,BED,MA,ANE,EN,Towers with Radar,1,63,50,3,117,0,19,155,0,174,1,82,205,3,291,86,0,86,377
05/14/2023,BED,MA,ANE,EN,Towers with Radar,1,88,58,0,147,0,14,116,0,130,1,102,174,0,277,86,0,86,363
05/15/2023,BED,MA,ANE,EN,Towers with Radar,0,66,77,2,145,0,18,103,0,121,0,84,180,2,266,92,0,92,358
05/16/2023,BED,MA,ANE,EN,Towers with Radar,4,81,65,0,150,0,22,71,1,94,4,103,136,1,244,108,0,108,352
05/17/2023,BED,MA,ANE,EN,Towers with Radar,1,81,75,1,158,0,15,59,1,75,1,96,134,2,233,2,0,2,235
05/18/2023,BED,MA,ANE,EN,Towers with Radar,5,76,82,1,164,0,22,168,0,190,5,98,250,1,354,234,0,234,588
05/19/2023,BED,MA,ANE,EN,Towers with Radar,4,67,97,3,171,0,24,106,0,130,4,91,203,3,301,102,0,102,403
05/20/2023,BED,MA,ANE,EN,Towers with Radar,1,53,76,2,132,0,4,9,0,13,1,57,85,2,145,36,0,36,181
05/21/2023,BED,MA,ANE,EN,Towers with Radar,6,96,99,3,204,0,26,142,0,168,6,122,241,3,372,158,0,158,530
05/22/2023,BED,MA,ANE,EN,Towers with Radar,2,93,95,1,191,0,23,118,0,141,2,116,213,1,332,120,0,120,452
05/23/2023,BED,MA,ANE,EN,Towers with Radar,4,86,100,2,192,0,19,135,0,154,4,105,235,2,346,164,0,164,510
05/24/2023,BED,MA,ANE,EN,Towers with Radar,2,98,87,0,187,0,7,124,0,131,2,105,211,0,318,118,0,118,436
05/25/2023,BED,MA,ANE,EN,Towers with Radar,1,120,85,0,206,0,26,140,0,166,1,146,225,0,372,142,0,142,514
05/26/2023,BED,MA,ANE,EN,Towers with Radar,3,101,58,0,162,0,19,158,0,177,3,120,216,0,339,94,0,94,433
05/27/2023,BED,MA,ANE,EN,Towers with Radar,2,52,35,0,89,0,17,143,0,160,2,69,178,0,249,182,0,182,431
05/28/2023,BED,MA,ANE,EN,Towers with Radar,2,47,41,0,90,0,15,137,0,152,2,62,178,0,242,84,0,84,326
05/29/2023,BED,MA,ANE,EN,Towers with Radar,2,107,62,0,171,0,22,108,0,130,2,129,170,0,301,48,0,48,349
05/30/2023,BED,MA,ANE,EN,Towers with Radar,4,80,87,0,171,0,21,114,0,135,4,101,201,0,306,178,0,178,484
05/31/2023,BED,MA,ANE,EN,Towers with Radar,3,76,70,1,150,0,20,182,0,202,3,96,252,1,352,232,0,232,584
06/01/2023,BED,MA,ANE,EN,Towers with Radar,0,73,79,1,153,0,22,160,1,183,0,95,239,2,336,202,0,202,538
06/02/2023,BED,MA,ANE,EN,Towers with Radar,0,84,76,0,160,0,17,89,0,106,0,101,165,0,266,148,0,148,414
06/03/2023,BED,MA,ANE,EN,Towers with Radar,3,64,80,2,149,0,3,2,0,5,3,67,82,2,154,12,0,12,166
06/04/2023,BED,MA,ANE,EN,Towers with Radar,5,109,90,1,205,0,10,9,0,19,5,119,99,1,224,8,0,8,232
06/05/2023,BED,MA,ANE,EN,Towers with Radar,4,83,81,5,173,0,8,21,0,29,4,91,102,5,202,44,0,44,246
06/06/2023,BED,MA,ANE,EN,Towers with Radar,2,54,70,0,126,0,16,87,0,103,2,70,157,0,229,244,0,244,473
06/07/2023,BED,MA,ANE,EN,Towers with Radar,0,57,75,0,132,0,17,133,0,150,0,74,208,0,282,157,0,157,439
06/08/2023,BED,MA,ANE,EN,Towers with Radar,0,85,82,2,169,0,13,108,0,121,0,98,190,2,290,240,0,240,530
06/09/2023,BED,MA,ANE,EN,Towers with Radar,3,76,61,0,140,0,8,29,0,37,3,84,90,0,177,66,0,66,243
06/10/2023,BED,MA,ANE,EN,Towers with Radar,0,40,56,0,96,0,17,56,0,73,0,57,112,0,169,88,0,88,257
06/11/2023,BED,MA,ANE,EN,Towers with Radar,0,68,56,0,124,0,12,204,0,216,0,80,260,0,340,224,0,224,564
06/12/2023,BED,MA,ANE,EN,Towers with Radar,0,85,54,0,139,0,14,117,0,131,0,99,171,0,270,214,0,214,484
06/13/2023,BED,MA,ANE,EN,Towers with Radar,2,72,88,3,165,0,0,6,0,6,2,72,94,3,171,16,0,16,187
06/14/2023,BED,MA,ANE,EN,Towers with Radar,0,69,101,0,170,0,12,106,0,118,0,81,207,0,288,116,0,116,404
06/15/2023,BED,MA,ANE,EN,Towers with Radar,0,62,82,3,147,0,5,119,0,124,0,67,201,3,271,208,0,208,479
06/16/2023,BED,MA,ANE,EN,Towers with Radar,1,84,90,0,175,0,18,125,0,143,1,102,215,0,318,170,0,170,488
06/17/2023,BED,MA,ANE,EN,Towers with Radar,2,72,54,1,129,0,0,0,0,0,2,72,54,1,129,0,0,0,129
06/18/2023,BED,MA,ANE,EN,Towers with Radar,1,69,69,0,139,0,12,98,0,110,1,81,167,0,249,184,0,184,433
06/19/2023,BED,MA,ANE,EN,Towers with Radar,0,85,72,0,157,0,9,110,0,119,0,94,182,0,276,222,0,222,498
06/20/2023,BED,MA,ANE,EN,Towers with Radar,2,66,82,0,150,0,15,116,0,131,2,81,198,0,281,124,0,124,405
06/21/2023,BED,MA,ANE,EN,Towers with Radar,0,66,67,0,133,0,17,145,0,162,0,83,212,0,295,214,0,214,509
06/22/2023,BED,MA,ANE,EN,Towers with Radar,0,75,83,0,158,0,13,140,0,153,0,88,223,0,311,212,0,212,523
06/23/2023,BED,MA,ANE,EN,Towers with Radar,3,72,77,0,152,0,7,39,0,46,3,79,116,0,198,82,0,82,280
06/24/2023,BED,MA,ANE,EN,Towers with Radar,0,46,35,0,81,0,9,6,0,15,0,55,41,0,96,12,0,12,108
06/25/2023,BED,MA,ANE,EN,Towers with Radar,1,80,74,0,155,0,5,45,0,50,1,85,119,0,205,122,0,122,327
06/26/2023,BED,MA,ANE,EN,Towers with Radar,1,87,53,0,141,0,5,11,0,16,1,92,64,0,157,18,0,18,175
06/27/2023,BED,MA,ANE,EN,Towers with Radar,2,95,88,0,185,0,11,25,0,36,2,106,113,0,221,92,0,92,313
06/28/2023,BED,MA,ANE,EN,Towers with Radar,0,73,84,2,159,0,1,2,0,3,0,74,86,2,162,0,0,0,162
06/29/2023,BED,MA,ANE,EN,Towers with Radar,1,122,102,5,230,0,8,132,0,140,1,130,234,5,370,138,0,138,508
06/30/2023,BED,MA,ANE,EN,Towers with Radar,2,62,77,2,143,0,10,180,0,190,2,72,257,2,333,164,0,164,497
07/01/2023,BED,MA,ANE,EN,Towers with Radar,0,65,88,0,153,0,12,53,0,65,0,77,141,0,218,98,0,98,316
07/02/2023,BED,MA,ANE,EN,Towers with Radar,3,54,40,0,97,0,0,0,0,0,3,54,40,0,97,0,0,0,97
07/03/2023,BED,MA,ANE,EN,Towers with Radar,1,40,39,0,80,0,6,12,0,18,1,46,51,0,98,56,0,56,154
07/04/2023,BED,MA,ANE,EN,Towers with Radar,0,33,30,1,64,0,0,0,0,0,0,33,30,1,64,0,0,0,64
07/05/2023,BED,MA,ANE,EN,Towers with Radar,0,37,66,1,104,0,13,138,0,151,0,50,204,1,255,190,0,190,445
07/06/2023,BED,MA,ANE,EN,Towers with Radar,2,43,55,4,104,0,20,154,0,174,2,63,209,4,278,119,0,119,397
07/07/2023,BED,MA,ANE,EN,Towers with Radar,3,79,74,4,160,0,14,190,0,204,3,93,264,4,364,136,0,136,500
07/08/2023,BED,MA,ANE,EN,Towers with Radar,3,51,74,0,128,0,10,76,0,86,3,61,150,0,214,156,0,156,370
07/09/2023,BED,MA,ANE,EN,Towers with Radar,1,99,75,1,176,0,7,17,0,24,1,106,92,1,200,48,0,48,248
07/10/2023,BED,MA,ANE,EN,Towers with Radar,0,79,70,1,150,0,0,0,0,0,0,79,70,1,150,0,0,0,150
07/11/2023,BED,MA,ANE,EN,Towers with Radar,0,68,68,0,136,0,19,184,0,203,0,87,252,0,339,194,0,194,533
07/12/2023,BED,MA,ANE,EN,Towers with Radar,0,74,76,0,150,0,12,191,0,203,0,86,267,0,353,192,0,192,545
07/13/2023,BED,MA,ANE,EN,Towers with Radar,1,92,70,0,163,0,25,163,1,189,1,117,233,1,352,146,0,146,498
07/14/2023,BED,MA,ANE,EN,Towers with Radar,1,70,53,0,124,0,12,55,0,67,1,82,108,0,191,98,0,98,289
07/15/2023,BED,MA,ANE,EN,Towers with Radar,0,53,77,2,132,0,11,99,3,113,0,64,176,5,245,174,0,174,419
07/16/2023,BED,MA,ANE,EN,Towers with Radar,0,108,63,0,171,0,0,0,0,0,0,108,63,0,171,0,0,0,171
07/17/2023,BED,MA,ANE,EN,Towers with Radar,2,75,103,0,180,0,13,113,0,126,2,88,216,0,306,230,0,230,536
07/18/2023,BED,MA,ANE,EN,Towers with Radar,2,73,90,0,165,0,4,59,0,63,2,77,149,0,228,119,0,119,347
07/19/2023,BED,MA,ANE,EN,Towers with Radar,0,67,80,0,147,0,36,166,0,202,0,103,246,0,349,252,0,252,601
07/20/2023,BED,MA,ANE,EN,Towers with Radar,0,87,85,0,172,0,25,206,2,233,0,112,291,2,405,152,0,152,557
07/21/2023,BED,MA,ANE,EN,Towers with Radar,2,66,76,1,145,0,3,30,1,34,2,69,106,2,179,34,0,34,213
07/22/2023,BED,MA,ANE,EN,Towers with Radar,0,44,69,0,113,0,8,105,0,113,0,52,174,0,226,150,0,150,376
07/23/2023,BED,MA,ANE,EN,Towers with Radar,2,88,87,2,179,0,11,187,0,198,2,99,274,2,377,219,0,219,596
07/24/2023,BED,MA,ANE,EN,Towers with Radar,0,75,88,0,163,0,18,117,0,135,0,93,205,0,298,164,0,164,462
07/25/2023,BED,MA,ANE,EN,Towers with Radar,2,82,59,0,143,0,11,63,0,74,2,93,122,0,217,64,0,64,281
07/26/2023,BED,MA,ANE,EN,Towers with Radar,1,82,73,0,156,0,11,159,0,170,1,93,232,0,326,164,0,164,490
07/27/2023,BED,MA,ANE,EN,Towers with Radar,0,101,83,2,186,0,3,21,0,24,0,104,104,2,210,8,0,8,218
07/28/2023,BED,MA,ANE,EN,Towers with Radar,2,66,55,0,123,0,8,172,0,180,2,74,227,0,303,123,0,123,426
07/29/2023,BED,MA,ANE,EN,Towers with Radar,0,35,32,0,67,0,3,55,0,58,0,38,87,0,125,84,0,84,209
07/30/2023,BED,MA,ANE,EN,Towers with Radar,0,80,74,1,155,0,8,153,0,161,0,88,227,1,316,210,0,210,526
07/31/2023,BED,MA,ANE,EN,Towers with Radar,2,68,44,0,114,0,14,143,0,157,2,82,187,0,271,132,0,132,403
08/01/2023,BED,MA,ANE,EN,Towers with Radar,0,58,51,0,109,0,16,160,1,177,0,74,211,1,286,186,0,186,472
08/02/2023,BED,MA,ANE,EN,Towers with Radar,2,77,72,0,151,3,14,183,0,200,5,91,255,0,351,122,0,122,473
08/03/2023,BED,MA,ANE,EN,Towers with Radar,1,77,58,4,140,0,13,136,0,149,1,90,194,4,289,146,0,146,435
08/04/2023,BED,MA,ANE,EN,Towers with Radar,1,71,53,0,125,0,7,45,0,52,1,78,98,0,177,45,0,45,222
08/05/2023,BED,MA,ANE,EN,Towers with Radar,2,37,46,0,85,0,10,153,0,163,2,47,199,0,248,194,0,194,442
08/06/2023,BED,MA,ANE,EN,Towers with Radar,2,71,65,0,138,0,16,196,0,212,2,87,261,0,350,250,0,250,600
08/07/2023,BED,MA,ANE,EN,Towers with Radar,0,79,57,2,138,0,4,27,0,31,0,83,84,2,169,46,0,46,215
08/08/2023,BED,MA,ANE,EN,Towers with Radar,2,53,38,3,96,0,1,6,0,7,2,54,44,3,103,0,0,0,103
08/09/2023,BED,MA,ANE,EN,Towers with Radar,1,58,49,1,109,0,14,121,0,135,1,72,170,1,244,82,0,82,326
08/10/2023,BED,MA,ANE,EN,Towers with Radar,1,69,55,1,126,0,9,127,0,136,1,78,182,1,262,74,0,74,336
08/11/2023,BED,MA,ANE,EN,Towers with Radar,0,65,58,1,124,0,14,135,0,149,0,79,193,1,273,98,0,98,371
08/12/2023,BED,MA,ANE,EN,Towers with Radar,7,41,56,1,105,0,2,175,0,177,7,43,231,1,282,158,0,158,440
08/13/2023,BED,MA,ANE,EN,Towers with Radar,0,56,66,0,122,0,7,88,0,95,0,63,154,0,217,110,0,110,327
08/14/2023,BED,MA,ANE,EN,Towers with Radar,0,73,48,2,123,0,19,162,0,181,0,92,210,2,304,112,0,112,416
08/15/2023,BED,MA,ANE,EN,Towers with Radar,2,81,64,0,147,0,0,0,0,0,2,81,64,0,147,0,0,0,147
08/16/2023,BED,MA,ANE,EN,Towers with Radar,0,65,93,1,159,0,2,0,0,2,0,67,93,1,161,0,0,0,161
08/17/2023,BED,MA,ANE,EN,Towers with Radar,0,78,90,0,168,0,2,18,0,20,0,80,108,0,188,84,0,84,272
08/18/2023,BED,MA,ANE,EN,Towers with Radar,0,90,81,0,171,0,3,23,0,26,0,93,104,0,197,28,0,28,225
08/19/2023,BED,MA,ANE,EN,Towers with Radar,0,43,57,0,100,0,11,102,0,113,0,54,159,0,213,164,0,164,377
08/20/2023,BED,MA,ANE,EN,Towers with Radar,0,79,58,0,137,21,16,179,0,216,21,95,237,0,353,196,0,196,549
08/21/2023,BED,MA,ANE,EN,Towers with Radar,0,83,40,0,123,0,9,125,2,136,0,92,165,2,259,116,0,116,375
08/22/2023,BED,MA,ANE,EN,Towers with Radar,0,61,64,0,125,0,15,157,0,172,0,76,221,0,297,186,0,186,483
08/23/2023,BED,MA,ANE,EN,Towers with Radar,0,59,60,0,119,0,13,198,0,211,0,72,258,0,330,126,0,126,456
08/24/2023,BED,MA,ANE,EN,Towers with Radar,0,89,77,0,166,0,17,197,0,214,0,106,274,0,380,150,0,150,530
08/25/2023,BED,MA,ANE,EN,Towers with Radar,3,86,69,3,161,0,0,0,0,0,3,86,69,3,161,0,0,0,161
08/26/2023,BED,MA,ANE,EN,Towers with Radar,10,78,72,0,160,0,9,91,0,100,10,87,163,0,260,124,0,124,384
08/27/2023,BED,MA,ANE,EN,Towers with Radar,3,104,82,0,189,0,3,33,0,36,3,107,115,0,225,60,0,60,285
08/28/2023,BED,MA,ANE,EN,Towers with Radar,0,68,80,0,148,0,10,112,0,122,0,78,192,0,270,146,0,146,416
08/29/2023,BED,MA,ANE,EN,Towers with Radar,7,103,90,1,201,0,3,54,4,61,7,106,144,5,262,172,0,172,434
08/30/2023,BED,MA,ANE,EN,Towers with Radar,0,71,74,1,146,0,2,41,0,43,0,73,115,1,189,24,0,24,213
08/31/2023,BED,MA,ANE,EN,Towers with Radar,2,87,85,1,175,0,21,158,15,194,2,108,243,16,369,74,0,74,443
01/01/2020,BED,MA,ANE,EN,Towers with Radar,3,35,34,0,72,0,3,42,0,45,3,38,76,0,117,90,0,90,207
01/02/2020,BED,MA,ANE,EN,Towers with Radar,2,42,55,2,101,0,10,108,0,118,2,52,163,2,219,114,0,114,333
01/03/2020,BED,MA,ANE,EN,Towers with Radar,0,43,41,0,84,0,3,55,0,58,0,46,96,0,142,148,0,148,290
01/04/2020,BED,MA,ANE,EN,Towers with Radar,2,51,46,0,99,0,0,1,0,1,2,51,47,0,100,38,0,38,138
01/05/2020,BED,MA,ANE,EN,Towers with Radar,1,60,53,0,114,0,5,25,0,30,1,65,78,0,144,34,0,34,178
01/06/2020,BED,MA,ANE,EN,Towers with Radar,3,43,49,0,95,0,11,34,0,45,3,54,83,0,140,108,0,108,248
01/07/2020,BED,MA,ANE,EN,Towers with Radar,2,40,48,2,92,0,4,121,5,130,2,44,169,7,222,144,0,144,366
01/08/2020,BED,MA,ANE,EN,Towers with Radar,3,45,45,2,95,0,10,40,0,50,3,55,85,2,145,82,0,82,227
01/09/2020,BED,MA,ANE,EN,Towers with Radar,2,41,83,0,126,0,13,111,0,124,2,54,194,0,250,138,0,138,388
01/10/2020,BED,MA,ANE,EN,Towers with Radar,4,48,47,1,100,0,6,49,1,56,4,54,96,2,156,62,0,62,218
01/11/2020,BED,MA,ANE,EN,Towers with Radar,2,25,30,3,60,0,7,31,0,38,2,32,61,3,98,84,0,84,182
01/12/2020,BED,MA,ANE,EN,Towers with Radar,0,59,49,1,109,0,6,30,0,36,0,65,79,1,145,10,0,10,155
01/13/2020,BED,MA,ANE,EN,Towers with Radar,0,42,58,1,101,0,0,2,0,2,0,42,60,1,103,4,0,4,107
01/14/2020,BED,MA,ANE,EN,Towers with Radar,1,56,61,0,118,0,3,21,0,24,1,59,82,0,142,82,0,82,224
01/15/2020,BED,MA,ANE,EN,Towers with Radar,1,45,80,0,126,0,7,154,0,161,1,52,234,0,287,206,0,206,493
01/16/2020,BED,MA,ANE,EN,Towers with Radar,1,68,55,0,124,0,3,6,0,9,1,71,61,0,133,0,0,0,133
01/17/2020,BED,MA,ANE,EN,Towers with Radar,1,56,58,0,115,0,6,23,0,29,1,62,81,0,144,10,0,10,154
01/18/2020,BED,MA,ANE,EN,Towers with Radar,1,30,41,0,72,0,3,101,0,104,1,33,142,0,176,130,0,130,306
01/19/2020,BED,MA,ANE,EN,Towers with Radar,3,30,45,0,78,0,12,41,0,53,3,42,86,0,131,38,0,38,169
01/20/2020,BED,MA,ANE,EN,Towers with Radar,2,74,83,0,159,0,15,106,0,121,2,89,189,0,280,109,0,109,389
01/21/2020,BED,MA,ANE,EN,Towers with Radar,2,64,63,2,131,0,8,84,1,93,2,72,147,3,224,162,0,162,386
01/22/2020,BED,MA,ANE,EN,Towers with Radar,0,50,59,0,109,0,11,87,0,98,0,61,146,0,207,121,0,121,328
01/23/2020,BED,MA,ANE,EN,Towers with Radar,1,49,84,2,136,0,7,124,0,131,1,56,208,2,267,160,0,160,427
01/24/2020,BED,MA,ANE,EN,Towers with Radar,0,46,59,0,105,0,5,78,0,83,0,51,137,0,188,182,0,182,370
01/25/2020,BED,MA,ANE,EN,Towers with Radar,0,30,40,0,70,0,2,8,0,10,0,32,48,0,80,24,0,24,104
01/26/2020,BED,MA,ANE,EN,Towers with Radar,0,56,55,0,111,0,4,104,0,108,0,60,159,0,219,170,0,170,389
01/27/2020,BED,MA,ANE,EN,Towers with Radar,0,63,68,0,131,0,6,76,0,82,0,69,144,0,213,164,0,164,377
01/28/2020,BED,MA,ANE,EN,Towers with Radar,2,51,75,0,128,0,5,95,0,100,2,56,170,0,228,184,0,184,412
01/29/2020,BED,MA,ANE,EN,Towers with Radar,4,67,66,4,141,0,13,105,0,118,4,80,171,4,259,72,0,72,331
01/30/2020,BED,MA,ANE,EN,Towers with Radar,1,61,92,0,154,0,16,133,0,149,1,77,225,0,303,168,0,168,471
01/31/2020,BED,MA,ANE,EN,Towers with Radar,0,71,82,0,153,0,10,103,0,113,0,81,185,0,266,138,0,138,404
02/01/2020,BED,MA,ANE,EN,Towers with Radar,0,29,45,0,74,0,0,8,0,8,0,29,53,0,82,46,0,46,128
02/02/2020,BED,MA,ANE,EN,Towers with Radar,1,65,56,0,122,0,10,143,0,153,1,75,199,0,275,234,0,234,509
02/03/2020,BED,MA,ANE,EN,Towers with Radar,2,49,68,2,121,0,7,90,0,97,2,56,158,2,218,76,0,76,294
02/04/2020,BED,MA,ANE,EN,Towers with Radar,1,55,78,0,134,0,7,64,0,71,1,62,142,0,205,160,0,160,365
02/05/2020,BED,MA,ANE,EN,Towers with Radar,3,50,64,0,117,0,7,67,0,74,3,57,131,0,191,92,0,92,283
02/06/2020,BED,MA,ANE,EN,Towers with Radar,1,74,62,0,137,0,0,0,0,0,1,74,62,0,137,0,0,0,137
02/07/2020,BED,MA,ANE,EN,Towers with Radar,0,70,45,0,115,0,2,0,0,2,0,72,45,0,117,0,0,0,117
02/08/2020,BED,MA,ANE,EN,Towers with Radar,3,35,48,0,86,0,11,89,0,100,3,46,137,0,186,108,0,108,294
02/09/2020,BED,MA,ANE,EN,Towers with Radar,2,57,57,0,116,0,4,106,0,110,2,61,163,0,226,234,0,234,460
02/10/2020,BED,MA,ANE,EN,Towers with Radar,0,54,63,0,117,0,5,0,0,5,0,59,63,0,122,0,0,0,122
02/11/2020,BED,MA,ANE,EN,Towers with Radar,1,51,59,0,111,0,0,0,0,0,1,51,59,0,111,0,0,0,111
02/12/2020,BED,MA,ANE,EN,Towers with Radar,2,42,62,4,110,0,15,127,0,142,2,57,189,4,252,142,0,142,394
02/13/2020,BED,MA,ANE,EN,Towers with Radar,2,59,81,0,142,0,0,0,0,0,2,59,81,0,142,0,0,0,142
02/14/2020,BED,MA,ANE,EN,Towers with Radar,1,79,77,0,157,0,8,43,2,53,1,87,120,2,210,8,0,8,218
02/15/2020,BED,MA,ANE,EN,Towers with Radar,4,51,53,0,108,0,4,132,2,138,4,55,185,2,246,172,0,172,418
02/16/2020,BED,MA,ANE,EN,Towers with Radar,3,30,48,0,81,0,3,106,0,109,3,33,154,0,190,154,0,154,344
02/17/2020,BED,MA,ANE,EN,Towers with Radar,2,63,75,0,140,0,12,173,0,185,2,75,248,0,325,168,0,168,493
02/18/2020,BED,MA,ANE,EN,Towers with Radar,0,50,70,2,122,0,0,17,0,17,0,50,87,2,139,64,0,64,203
02/19/2020,BED,MA,ANE,EN,Towers with Radar,0,46,64,0,110,0,11,44,2,57,0,57,108,2,167,74,0,74,241
02/20/2020,BED,MA,ANE,EN,Towers with Radar,1,53,79,2,135,0,8,91,4,103,1,61,170,6,238,174,0,174,412
02/21/2020,BED,MA,ANE,EN,Towers with Radar,0,59,78,1,138,0,15,128,0,143,0,74,206,1,281,168,2,170,451
02/22/2020,BED,MA,ANE,EN,Towers with Radar,2,35,44,2,83,0,3,129,0,132,2,38,173,2,215,170,0,170,385
02/23/2020,BED,MA,ANE,EN,Towers with Radar,3,57,89,1,150,0,7,164,0,171,3,64,253,1,321,158,0,158,479
02/24/2020,BED,MA,ANE,EN,Towers with Radar,3,46,71,0,120,0,15,125,0,140,3,61,196,0,260,204,0,204,464
02/25/2020,BED,MA,ANE,EN,Towers with Radar,0,47,75,0,122,0,7,109,0,116,0,54,184,0,238,232,0,232,470
02/26/2020,BED,MA,ANE,EN,Towers with Radar,1,72,93,2,168,0,2,29,0,31,1,74,122,2,199,82,0,82,281
02/27/2020,BED,MA,ANE,EN,Towers with Radar,2,60,76,0,138,0,5,3,0,8,2,65,79,0,146,0,0,0,146
02/28/2020,BED,MA,ANE,EN,Towers with Radar,1,73,70,0,144,0,15,42,9,66,1,88,112,9,210,14,0,14,224
02/29/2020,BED,MA,ANE,EN,Towers with Radar,1,47,35,0,83,0,11,128,1,140,1,58,163,1,223,190,0,190,413
03/01/2020,BED,MA,ANE,EN,Towers with Radar,0,60,71,0,131,0,6,108,0,114,0,66,179,0,245,152,0,152,397
03/02/2020,BED,MA,ANE,EN,Towers with Radar,4,53,73,0,130,0,11,80,0,91,4,64,153,0,221,134,0,134,355
03/03/2020,BED,MA,ANE,EN,Towers with Radar,4,57,83,0,144,0,6,80,0,86,4,63,163,0,230,170,0,170,400
03/04/2020,BED,MA,ANE,EN,Towers with Radar,0,62,73,0,135,0,8,11,0,19,0,70,84,0,154,0,0,0,154
03/05/2020,BED,MA,ANE,EN,Towers with Radar,0,76,79,1,156,0,10,107,0,117,0,86,186,1,273,95,0,95,368
03/06/2020,BED,MA,ANE,EN,Towers with Radar,2,68,76,0,146,0,6,72,0,78,2,74,148,0,224,136,0,136,360
03/07/2020,BED,MA,ANE,EN,Towers with Radar,2,36,24,0,62,0,5,68,0,73,2,41,92,0,135,102,0,102,237
03/08/2020,BED,MA,ANE,EN,Towers with Radar,1,42,70,0,113,0,17,160,0,177,1,59,230,0,290,180,0,180,470
03/09/2020,BED,MA,ANE,EN,Towers with Radar,2,59,75,2,138,0,12,131,0,143,2,71,206,2,281,92,0,92,373
03/10/2020,BED,MA,ANE,EN,Towers with Radar,0,57,73,0,130,0,10,63,0,73,0,67,136,0,203,128,0,128,331
03/11/2020,BED,MA,ANE,EN,Towers with Radar,0,60,73,0,133,0,10,116,7,133,0,70,189,7,266,218,0,218,484
03/12/2020,BED,MA,ANE,EN,Towers with Radar,5,71,95,2,173,0,8,107,4,119,5,79,202,6,292,186,0,186,478
03/13/2020,BED,MA,ANE,EN,Towers with Radar,2,68,78,4,152,0,3,9,0,12,2,71,87,4,164,4,0,4,168
03/14/2020,BED,MA,ANE,EN,Towers with Radar,1,54,72,0,127,0,4,74,0,78,1,58,146,0,205,66,0,66,271
03/15/2020,BED,MA,ANE,EN,Towers with Radar,0,65,82,0,147,0,5,113,0,118,0,70,195,0,265,132,0,132,397
03/16/2020,BED,MA,ANE,EN,Towers with Radar,0,76,69,0,145,1,7,75,0,83,1,83,144,0,228,160,0,160,388
03/17/2020,BED,MA,ANE,EN,Towers with Radar,2,55,39,0,96,0,0,1,0,1,2,55,40,0,97,0,0,0,97
03/18/2020,BED,MA,ANE,EN,Towers with Radar,2,45,50,0,97,1,4,102,0,107,3,49,152,0,204,202,0,202,406
03/19/2020,BED,MA,ANE,EN,Towers with Radar,0,21,21,0,42,0,0,0,0,0,0,21,21,0,42,0,0,0,42
03/20/2020,BED,MA,ANE,EN,Towers with Radar,0,28,36,0,64,0,3,3,0,6,0,31,39,0,70,0,0,0,70
03/21/2020,BED,MA,ANE,EN,Towers with Radar,0,28,31,0,59,0,2,98,0,100,0,30,129,0,159,94,0,94,253
03/22/2020,BED,MA,ANE,EN,Towers with Radar,0,45,33,0,78,0,2,105,0,107,0,47,138,0,185,170,0,170,355
03/23/2020,BED,MA,ANE,EN,Towers with Radar,0,30,18,0,48,0,0,12,0,12,0,30,30,0,60,28,0,28,88
03/24/2020,BED,MA,ANE,EN,Towers with Radar,0,31,18,0,49,0,7,12,0,19,0,38,30,0,68,4,0,4,72
03/25/2020,BED,MA,ANE,EN,Towers with Radar,0,10,10,0,20,0,5,7,0,12,0,15,17,0,32,0,0,0,32
03/26/2020,BED,MA,ANE,EN,Towers with Radar,0,21,6,0,27,0,8,25,0,33,0,29,31,0,60,0,0,0,60
03/27/2020,BED,MA,ANE,EN,Towers with Radar,0,23,18,0,41,0,12,36,0,48,0,35,54,0,89,24,0,24,113
03/28/2020,BED,MA,ANE,EN,Towers with Radar,0,21,14,0,35,0,0,56,0,56,0,21,70,0,91,32,0,32,123
03/29/2020,BED,MA,ANE,EN,Towers with Radar,0,26,42,0,68,0,0,0,0,0,0,26,42,0,68,0,0,0,68
03/30/2020,BED,MA,ANE,EN,Towers with Radar,0,19,17,0,36,0,0,0,0,0,0,19,17,0,36,6,0,6,42
03/31/2020,BED,MA,ANE,EN,Towers with Radar,0,17,17,0,34,0,4,17,0,21,0,21,34,0,55,0,0,0,55
04/01/2020,BED,MA,ANE,EN,Towers with Radar,0,20,16,0,36,0,7,13,0,20,0,27,29,0,56,14,0,14,70
04/02/2020,BED,MA,ANE,EN,Towers with Radar,0,14,6,0,20,0,0,3,0,3,0,14,9,0,23,2,0,2,25
04/03/2020,BED,MA,ANE,EN,Towers with Radar,0,11,9,0,20,0,0,0,0,0,0,11,9,0,20,0,0,0,20
04/04/2020,BED,MA,ANE,EN,Towers with Radar,0,19,10,0,29,0,0,10,0,10,0,19,20,0,39,48,0,48,87
04/05/2020,BED,MA,ANE,EN,Towers with Radar,0,27,33,0,60,0,0,36,0,36,0,27,69,0,96,46,0,46,142
04/06/2020,BED,MA,ANE,EN,Towers with Radar,0,17,24,4,45,0,2,42,0,44,0,19,66,4,89,6,0,6,95
04/07/2020,BED,MA,ANE,EN,Towers with Radar,0,19,14,0,33,0,4,33,0,37,0,23,47,0,70,28,0,28,98
04/08/2020,BED,MA,ANE,EN,Towers with Radar,0,19,18,2,39,0,1,8,0,9,0,20,26,2,48,0,0,0,48
04/09/2020,BED,MA,ANE,EN,Towers with Radar,0,7,4,0,11,0,1,0,0,1,0,8,4,0,12,0,0,0,12
04/10/2020,BED,MA,ANE,EN,Towers with Radar,0,12,12,0,24,0,3,1,3,7,0,15,13,3,31,0,0,0,31
04/11/2020,BED,MA,ANE,EN,Towers with Radar,0,16,17,2,35,0,17,33,0,50,0,33,50,2,85,34,0,34,119
04/12/2020,BED,MA,ANE,EN,Towers with Radar,0,13,16,0,29,0,13,54,0,67,0,26,70,0,96,42,0,42,138
04/13/2020,BED,MA,ANE,EN,Towers with Radar,0,6,3,0,9,0,0,0,0,0,0,6,3,0,9,0,0,0,9
04/14/2020,BED,MA,ANE,EN,Towers with Radar,0,12,20,0,32,0,2,28,5,35,0,14,48,5,67,44,0,44,111
04/15/2020,BED,MA,ANE,EN,Towers with Radar,0,10,16,0,26,0,6,23,0,29,0,16,39,0,55,38,0,38,93
04/16/2020,BED,MA,ANE,EN,Towers with Radar,0,9,15,2,26,0,3,24,0,27,0,12,39,2,53,8,0,8,61
04/17/2020,BED,MA,ANE,EN,Towers with Radar,2,29,8,2,41,0,4,21,0,25,2,33,29,2,66,16,0,16,82
04/18/2020,BED,MA,ANE,EN,Towers with Radar,0,9,4,2,15,0,1,2,0,3,0,10,6,2,18,4,0,4,22
04/19/2020,BED,MA,ANE,EN,Towers with Radar,0,12,21,0,33,0,0,48,0,48,0,12,69,0,81,48,0,48,129
04/20/2020,BED,MA,ANE,EN,Towers with Radar,0,14,24,2,40,0,5,40,0,45,0,19,64,2,85,38,0,38,123
04/21/2020,BED,MA,ANE,EN,Towers with Radar,0,5,4,0,9,0,1,0,0,1,0,6,4,0,10,0,0,0,10
04/22/2020,BED,MA,ANE,EN,Towers with Radar,0,17,12,0,29,0,6,7,0,13,0,23,19,0,42,0,0,0,42
04/23/2020,BED,MA,ANE,EN,Towers with Radar,0,11,16,0,27,0,3,43,0,46,0,14,59,0,73,26,0,26,99
04/24/2020,BED,MA,ANE,EN,Towers with Radar,0,10,19,2,31,0,0,3,0,3,0,10,22,2,34,0,0,0,34
04/25/2020,BED,MA,ANE,EN,Towers with Radar,0,10,26,0,36,0,10,108,0,118,0,20,134,0,154,64,0,64,218
04/26/2020,BED,MA,ANE,EN,Towers with Radar,0,23,15,0,38,0,0,10,0,10,0,23,25,0,48,8,0,8,56
04/27/2020,BED,MA,ANE,EN,Towers with Radar,0,14,21,2,37,0,0,0,0,0,0,14,21,2,37,0,0,0,37
04/28/2020,BED,MA,ANE,EN,Towers with Radar,0,16,27,0,43,0,0,42,0,42,0,16,69,0,85,52,0,52,137
04/29/2020,BED,MA,ANE,EN,Towers with Radar,0,24,32,0,56,0,3,51,0,54,0,27,83,0,110,58,0,58,168
04/30/2020,BED,MA,ANE,EN,Towers with Radar,0,24,17,0,41,0,0,1,0,1,0,24,18,0,42,0,0,0,42
05/01/2020,BED,MA,ANE,EN,Towers with Radar,0,9,21,3,33,0,1,0,0,1,0,10,21,3,34,0,0,0,34
05/02/2020,BED,MA,ANE,EN,Towers with Radar,0,23,32,2,57,0,6,55,2,63,0,29,87,4,120,30,0,30,150
05/03/2020,BED,MA,ANE,EN,Towers with Radar,0,18,36,2,56,0,6,64,0,70,0,24,100,2,126,40,0,40,166
05/04/2020,BED,MA,ANE,EN,Towers with Radar,0,23,11,0,34,0,6,18,0,24,0,29,29,0,58,10,0,10,68
05/05/2020,BED,MA,ANE,EN,Towers with Radar,0,19,20,2,41,0,11,31,0,42,0,30,51,2,83,36,0,36,119
05/06/2020,BED,MA,ANE,EN,Towers with Radar,0,19,27,0,46,0,3,44,0,47,0,22,71,0,93,42,0,42,135
05/07/2020,BED,MA,ANE,EN,Towers with Radar,0,19,28,0,47,0,6,31,0,37,0,25,59,0,84,28,0,28,112
05/08/2020,BED,MA,ANE,EN,Towers with Radar,0,23,27,2,52,0,2,26,1,29,0,25,53,3,81,8,0,8,89
05/09/2020,BED,MA,ANE,EN,Towers with Radar,0,17,12,0,29,0,3,0,0,3,0,20,12,0,32,0,0,0,32
05/10/2020,BED,MA,ANE,EN,Towers with Radar,2,20,26,0,48,0,10,16,0,26,2,30,42,0,74,24,0,24,98
05/11/2020,BED,MA,ANE,EN,Towers with Radar,0,19,21,4,44,0,1,3,0,4,0,20,24,4,48,0,0,0,48
05/12/2020,BED,MA,ANE,EN,Towers with Radar,0,17,17,0,34,0,13,25,0,38,0,30,42,0,72,40,0,40,112
05/13/2020,BED,MA,ANE,EN,Towers with Radar,0,17,28,0,45,0,19,30,0,49,0,36,58,0,94,12,0,12,106
05/14/2020,BED,MA,ANE,EN,Towers with Radar,2,29,22,0,53,0,8,82,2,92,2,37,104,2,145,78,0,78,223
05/15/2020,BED,MA,ANE,EN,Towers with Radar,0,29,31,2,62,0,5,9,0,14,0,34,40,2,76,12,0,12,88
05/16/2020,BED,MA,ANE,EN,Towers with Radar,0,32,31,0,63,0,3,71,0,74,0,35,102,0,137,78,0,78,215
05/17/2020,BED,MA,ANE,EN,Towers with Radar,0,31,25,0,56,0,5,44,0,49,0,36,69,0,105,42,0,42,147
05/18/2020,BED,MA,ANE,EN,Towers with Radar,0,16,25,2,43,0,10,14,0,24,0,26,39,2,67,0,0,0,67
05/19/2020,BED,MA,ANE,EN,Towers with Radar,0,32,26,6,64,0,3,21,0,24,0,35,47,6,88,2,0,2,90
05/20/2020,BED,MA,ANE,EN,Towers with Radar,0,26,44,0,70,0,5,53,0,58,0,31,97,0,128,6,0,6,134
05/21/2020,BED,MA,ANE,EN,Towers with Radar,2,38,30,0,70,0,10,53,1,64,2,48,83,1,134,53,0,53,187
05/22/2020,BED,MA,ANE,EN,Towers with Radar,0,29,39,0,68,0,7,40,0,47,0,36,79,0,115,28,0,28,143
05/23/2020,BED,MA,ANE,EN,Towers with Radar,0,18,26,0,44,0,3,13,0,16,0,21,39,0,60,4,0,4,64
05/24/2020,BED,MA,ANE,EN,Towers with Radar,0,23,30,0,53,0,8,63,0,71,0,31,93,0,124,22,0,22,146
05/25/2020,BED,MA,ANE,EN,Towers with Radar,0,44,45,0,89,0,3,18,0,21,0,47,63,0,110,30,0,30,140
05/26/2020,BED,MA,ANE,EN,Towers with Radar,0,28,44,2,74,0,8,29,0,37,0,36,73,2,111,16,0,16,127
05/27/2020,BED,MA,ANE,EN,Towers with Radar,0,45,37,0,82,0,18,29,0,47,0,63,66,0,129,18,0,18,147
05/28/2020,BED,MA,ANE,EN,Towers with Radar,0,41,32,1,74,0,3,12,1,16,0,44,44,2,90,0,0,0,90
05/29/2020,BED,MA,ANE,EN,Towers with Radar,0,48,31,0,79,0,3,0,0,3,0,51,31,0,82,0,0,0,82
05/30/2020,BED,MA,ANE,EN,Towers with Radar,0,24,34,0,58,0,6,34,1,41,0,30,68,1,99,30,0,30,129
05/31/2020,BED,MA,ANE,EN,Towers with Radar,0,33,40,0,73,0,5,58,0,63,0,38,98,0,136,28,0,28,164
06/01/2020,BED,MA,ANE,EN,Towers with Radar,0,32,47,0,79,0,6,34,0,40,0,38,81,0,119,2,0,2,121
06/02/2020,BED,MA,ANE,EN,Towers with Radar,0,40,36,0,76,0,14,41,0,55,0,54,77,0,131,50,0,50,181
06/03/2020,BED,MA,ANE,EN,Towers with Radar,0,60,22,0,82,0,13,40,0,53,0,73,62,0,135,8,0,8,143
06/04/2020,BED,MA,ANE,EN,Towers with Radar,0,35,34,0,69,0,10,65,0,75,0,45,99,0,144,58,0,58,202
06/05/2020,BED,MA,ANE,EN,Towers with Radar,0,32,53,0,85,0,0,20,0,20,0,32,73,0,105,26,0,26,131
06/06/2020,BED,MA,ANE,EN,Towers with Radar,0,34,29,0,63,0,2,24,0,26,0,36,53,0,89,16,0,16,105
06/07/2020,BED,MA,ANE,EN,Towers with Radar,0,47,51,0,98,0,5,48,0,53,0,52,99,0,151,56,0,56,207
06/08/2020,BED,MA,ANE,EN,Towers with Radar,0,26,36,0,62,0,8,90,0,98,0,34,126,0,160,132,0,132,292
06/09/2020,BED,MA,ANE,EN,Towers with Radar,0,33,58,0,91,0,27,116,0,143,0,60,174,0,234,178,0,178,412
06/10/2020,BED,MA,ANE,EN,Towers with Radar,0,52,54,0,106,0,12,105,0,117,0,64,159,0,223,166,0,166,389
06/11/2020,BED,MA,ANE,EN,Towers with Radar,0,36,44,0,80,0,2,2,0,4,0,38,46,0,84,0,0,0,84
06/12/2020,BED,MA,ANE,EN,Towers with Radar,0,55,70,0,125,0,13,122,0,135,0,68,192,0,260,154,0,154,414
06/13/2020,BED,MA,ANE,EN,Towers with Radar,0,28,42,0,70,0,5,116,0,121,0,33,158,0,191,120,0,120,311
06/14/2020,BED,MA,ANE,EN,Towers with Radar,0,40,40,0,80,0,11,105,0,116,0,51,145,0,196,154,0,154,350
06/15/2020,BED,MA,ANE,EN,Towers with Radar,0,44,41,0,85,0,13,58,0,71,0,57,99,0,156,112,0,112,268
06/16/2020,BED,MA,ANE,EN,Towers with Radar,0,29,39,0,68,0,17,108,0,125,0,46,147,0,193,156,0,156,349
06/17/2020,BED,MA,ANE,EN,Towers with Radar,0,53,35,2,90,0,13,105,0,118,0,66,140,2,208,210,0,210,418
06/18/2020,BED,MA,ANE,EN,Towers with Radar,0,58,46,0,104,0,7,113,0,120,0,65,159,0,224,104,0,104,328
06/19/2020,BED,MA,ANE,EN,Towers with Radar,0,41,42,0,83,0,10,90,0,100,0,51,132,0,183,178,0,178,361
06/20/2020,BED,MA,ANE,EN,Towers with Radar,0,32,53,0,85,0,15,121,0,136,0,47,174,0,221,122,0,122,343
06/21/2020,BED,MA,ANE,EN,Towers with Radar,0,35,40,0,75,0,16,79,0,95,0,51,119,0,170,100,0,100,270
06/22/2020,BED,MA,ANE,EN,Towers with Radar,0,60,50,4,114,0,6,36,0,42,0,66,86,4,156,112,0,112,268
06/23/2020,BED,MA,ANE,EN,Towers with Radar,0,43,43,2,88,0,17,114,0,131,0,60,157,2,219,144,0,144,363
06/24/2020,BED,MA,ANE,EN,Towers with Radar,0,33,67,0,100,0,4,26,0,30,0,37,93,0,130,58,0,58,188
06/25/2020,BED,MA,ANE,EN,Towers with Radar,0,38,58,0,96,0,16,149,0,165,0,54,207,0,261,152,0,152,413
06/26/2020,BED,MA,ANE,EN,Towers with Radar,0,48,74,0,122,0,6,127,0,133,0,54,201,0,255,118,0,118,373
06/27/2020,BED,MA,ANE,EN,Towers with Radar,0,44,52,2,98,0,1,122,0,123,0,45,174,2,221,242,0,242,463
06/28/2020,BED,MA,ANE,EN,Towers with Radar,0,38,49,0,87,0,0,53,0,53,0,38,102,0,140,42,0,42,182
06/29/2020,BED,MA,ANE,EN,Towers with Radar,0,51,51,0,102,0,2,1,0,3,0,53,52,0,105,0,0,0,105
06/30/2020,BED,MA,ANE,EN,Towers with Radar,0,43,58,2,103,0,0,2,0,2,0,43,60,2,105,0,0,0,105
07/01/2020,BED,MA,ANE,EN,Towers with Radar,0,50,57,0,107,0,7,26,0,33,0,57,83,0,140,50,0,50,190
07/02/2020,BED,MA,ANE,EN,Towers with Radar,0,46,61,2,109,0,9,107,0,116,0,55,168,2,225,178,0,178,403
07/03/2020,BED,MA,ANE,EN,Towers with Radar,1,45,55,0,101,0,1,1,0,2,1,46,56,0,103,2,0,2,105
07/04/2020,BED,MA,ANE,EN,Towers with Radar,0,23,30,0,53,0,7,64,0,71,0,30,94,0,124,84,0,84,208
07/05/2020,BED,MA,ANE,EN,Towers with Radar,0,54,53,2,109,0,6,73,0,79,0,60,126,2,188,82,0,82,270
07/06/2020,BED,MA,ANE,EN,Towers with Radar,0,50,66,1,117,0,4,66,1,71,0,54,132,2,188,186,0,186,374
07/07/2020,BED,MA,ANE,EN,Towers with Radar,1,36,67,0,104,0,12,102,0,114,1,48,169,0,218,146,0,146,364
07/08/2020,BED,MA,ANE,EN,Towers with Radar,1,45,59,0,105,0,4,33,0,37,1,49,92,0,142,82,0,82,224
07/09/2020,BED,MA,ANE,EN,Towers with Radar,2,43,69,2,116,0,11,114,0,125,2,54,183,2,241,224,0,224,465
07/10/2020,BED,MA,ANE,EN,Towers with Radar,0,36,46,0,82,0,3,29,0,32,0,39,75,0,114,66,0,66,180
07/11/2020,BED,MA,ANE,EN,Towers with Radar,0,25,32,0,57,0,5,25,0,30,0,30,57,0,87,66,0,66,153
07/12/2020,BED,MA,ANE,EN,Towers with Radar,0,34,55,0,89,0,1,87,0,88,0,35,142,0,177,96,0,96,273
07/13/2020,BED,MA,ANE,EN,Towers with Radar,0,33,29,0,62,0,4,39,0,43,0,37,68,0,105,72,0,72,177
07/14/2020,BED,MA,ANE,EN,Towers with Radar,0,43,37,0,80,0,14,55,0,69,0,57,92,0,149,132,0,132,281
07/15/2020,BED,MA,ANE,EN,Towers with Radar,0,55,75,1,131,0,5,123,0,128,0,60,198,1,259,278,0,278,537
07/16/2020,BED,MA,ANE,EN,Towers with Radar,0,48,66,2,116,0,14,138,0,152,0,62,204,2,268,146,0,146,414
07/17/2020,BED,MA,ANE,EN,Towers with Radar,0,45,68,0,113,0,7,13,0,20,0,52,81,0,133,110,0,110,243
07/18/2020,BED,MA,ANE,EN,Towers with Radar,0,30,35,0,65,0,7,139,0,146,0,37,174,0,211,172,0,172,383
07/19/2020,BED,MA,ANE,EN,Towers with Radar,0,49,48,0,97,0,5,121,2,128,0,54,169,2,225,182,0,182,407
07/20/2020,BED,MA,ANE,EN,Towers with Radar,0,49,60,0,109,0,11,92,0,103,0,60,152,0,212,210,0,210,422
07/21/2020,BED,MA,ANE,EN,Towers with Radar,0,39,42,0,81,0,9,119,1,129,0,48,161,1,210,146,0,146,356
07/22/2020,BED,MA,ANE,EN,Towers with Radar,0,39,45,0,84,0,12,97,0,109,0,51,142,0,193,206,0,206,399
07/23/2020,BED,MA,ANE,EN,Towers with Radar,0,43,53,0,96,0,2,41,0,43,0,45,94,0,139,72,0,72,211
07/24/2020,BED,MA,ANE,EN,Towers with Radar,0,34,46,0,80,0,11,137,0,148,0,45,183,0,228,126,0,126,354
07/25/2020,BED,MA,ANE,EN,Towers with Radar,0,39,52,2,93,0,4,149,0,153,0,43,201,2,246,206,0,206,452
07/26/2020,BED,MA,ANE,EN,Towers with Radar,2,71,87,0,160,0,10,136,0,146,2,81,223,0,306,138,0,138,444
07/27/2020,BED,MA,ANE,EN,Towers with Radar,0,37,46,0,83,0,8,106,0,114,0,45,152,0,197,162,0,162,359
07/28/2020,BED,MA,ANE,EN,Towers with Radar,0,34,63,2,99,0,4,111,0,115,0,38,174,2,214,204,0,204,418
07/29/2020,BED,MA,ANE,EN,Towers with Radar,0,52,44,0,96,0,8,139,0,147,0,60,183,0,243,196,0,196,439
07/30/2020,BED,MA,ANE,EN,Towers with Radar,2,56,73,0,131,0,1,96,0,97,2,57,169,0,228,128,0,128,356
07/31/2020,BED,MA,ANE,EN,Towers with Radar,0,46,54,0,100,0,12,162,0,174,0,58,216,0,274,138,0,138,412
08/01/2020,BED,MA,ANE,EN,Towers with Radar,0,40,78,0,118,0,7,135,0,142,0,47,213,0,260,190,0,190,450
08/02/2020,BED,MA,ANE,EN,Towers with Radar,0,50,55,0,105,0,3,104,0,107,0,53,159,0,212,22,0,22,234
08/03/2020,BED,MA,ANE,EN,Towers with Radar,0,45,39,2,86,0,11,139,2,152,0,56,178,4,238,268,0,268,506
08/04/2020,BED,MA,ANE,EN,Towers with Radar,0,24,22,0,46,0,2,61,0,63,0,26,83,0,109,232,0,232,341
08/05/2020,BED,MA,ANE,EN,Towers with Radar,0,42,39,0,81,0,11,116,0,127,0,53,155,0,208,234,0,234,442
08/06/2020,BED,MA,ANE,EN,Towers with Radar,0,37,51,3,91,0,7,148,4,159,0,44,199,7,250,174,0,174,424
08/07/2020,BED,MA,ANE,EN,Towers with Radar,0,35,46,1,82,0,8,86,0,94,0,43,132,1,176,152,0,152,328
08/08/2020,BED,MA,ANE,EN,Towers with Radar,0,40,42,0,82,0,12,125,0,137,0,52,167,0,219,190,0,190,409
08/09/2020,BED,MA,ANE,EN,Towers with Radar,1,60,50,0,111,0,10,131,0,141,1,70,181,0,252,168,0,168,420
08/10/2020,BED,MA,ANE,EN,Towers with Radar,0,50,49,0,99,0,9,97,0,106,0,59,146,0,205,160,0,160,365
08/11/2020,BED,MA,ANE,EN,Towers with Radar,0,40,52,0,92,0,18,96,0,114,0,58,148,0,206,56,0,56,262
08/12/2020,BED,MA,ANE,EN,Towers with Radar,1,51,38,0,90,0,5,117,0,122,1,56,155,0,212,164,0,164,376
08/13/2020,BED,MA,ANE,EN,Towers with Radar,3,53,35,0,91,0,4,135,0,139,3,57,170,0,230,162,0,162,392
08/14/2020,BED,MA,ANE,EN,Towers with Radar,0,47,46,0,93,0,10,136,0,146,0,57,182,0,239,156,0,156,395
08/15/2020,BED,MA,ANE,EN,Towers with Radar,0,39,69,0,108,0,4,24,0,28,0,43,93,0,136,48,0,48,184
08/16/2020,BED,MA,ANE,EN,Towers with Radar,0,44,64,0,108,0,0,53,0,53,0,44,117,0,161,232,0,232,393
08/17/2020,BED,MA,ANE,EN,Towers with Radar,0,55,36,0,91,0,8,80,0,88,0,63,116,0,179,228,0,228,407
08/18/2020,BED,MA,ANE,EN,Towers with Radar,0,30,63,0,93,0,8,115,0,123,0,38,178,0,216,214,0,214,430
08/19/2020,BED,MA,ANE,EN,Towers with Radar,0,35,49,0,84,0,5,93,0,98,0,40,142,0,182,126,0,126,308
08/20/2020,BED,MA,ANE,EN,Towers with Radar,1,61,63,0,125,0,12,159,0,171,1,73,222,0,296,218,0,218,514
08/21/2020,BED,MA,ANE,EN,Towers with Radar,0,39,53,0,92,0,16,143,2,161,0,55,196,2,253,106,0,106,359
08/22/2020,BED,MA,ANE,EN,Towers with Radar,0,52,49,0,101,0,6,117,1,124,0,58,166,1,225,150,0,150,375
08/23/2020,BED,MA,ANE,EN,Towers with Radar,0,55,56,0,111,0,7,90,0,97,0,62,146,0,208,92,0,92,300
08/24/2020,BED,MA,ANE,EN,Towers with Radar,0,44,46,1,91,0,12,61,1,74,0,56,107,2,165,100,0,100,265
08/25/2020,BED,MA,ANE,EN,Towers with Radar,1,64,45,0,110,0,17,117,0,134,1,81,162,0,244,180,0,180,424
08/26/2020,BED,MA,ANE,EN,Towers with Radar,2,52,49,2,105,0,16,95,0,111,2,68,144,2,216,74,0,74,290
08/27/2020,BED,MA,ANE,EN,Towers with Radar,0,66,70,0,136,0,6,55,0,61,0,72,125,0,197,94,0,94,291
08/28/2020,BED,MA,ANE,EN,Towers with Radar,2,60,95,4,161,0,8,102,0,110,2,68,197,4,271,170,0,170,441
08/29/2020,BED,MA,ANE,EN,Towers with Radar,1,45,39,0,85,0,0,0,0,0,1,45,39,0,85,0,0,0,85
08/30/2020,BED,MA,ANE,EN,Towers with Radar,0,56,57,0,113,0,17,104,0,121,0,73,161,0,234,88,0,88,322
08/31/2020,BED,MA,ANE,EN,Towers with Radar,0,46,36,0,82,0,17,132,0,149,0,63,168,0,231,160,0,160,391
09/01/2020,BED,MA,ANE,EN,Towers with Radar,0,44,59,4,107,0,10,139,0,149,0,54,198,4,256,250,0,250,506
09/02/2020,BED,MA,ANE,EN,Towers with Radar,0,63,65,0,128,0,1,2,0,3,0,64,67,0,131,0,0,0,131
09/03/2020,BED,MA,ANE,EN,Towers with Radar,0,43,66,0,109,0,10,36,0,46,0,53,102,0,155,70,0,70,225
09/04/2020,BED,MA,ANE,EN,Towers with Radar,0,32,66,1,99,0,16,169,0,185,0,48,235,1,284,136,0,136,420
09/05/2020,BED,MA,ANE,EN,Towers with Radar,0,23,48,2,73,0,10,136,0,146,0,33,184,2,219,160,0,160,379
09/06/2020,BED,MA,ANE,EN,Towers with Radar,2,29,40,0,71,0,7,106,0,113,2,36,146,0,184,206,0,206,390
09/07/2020,BED,MA,ANE,EN,Towers with Radar,0,49,61,0,110,0,6,123,0,129,0,55,184,0,239,110,0,110,349
09/08/2020,BED,MA,ANE,EN,Towers with Radar,2,43,70,1,116,0,1,107,0,108,2,44,177,1,224,166,0,166,390
09/09/2020,BED,MA,ANE,EN,Towers with Radar,0,52,61,0,113,0,6,85,0,91,0,58,146,0,204,136,0,136,340
09/10/2020,BED,MA,ANE,EN,Towers with Radar,0,41,69,2,112,0,0,5,0,5,0,41,74,2,117,28,0,28,145
09/11/2020,BED,MA,ANE,EN,Towers with Radar,1,42,71,0,114,0,8,76,0,84,1,50,147,0,198,164,0,164,362
09/12/2020,BED,MA,ANE,EN,Towers with Radar,2,45,36,0,83,0,11,174,2,187,2,56,210,2,270,214,0,214,484
09/13/2020,BED,MA,ANE,EN,Towers with Radar,1,58,62,0,121,0,9,111,0,120,1,67,173,0,241,256,0,256,497
09/14/2020,BED,MA,ANE,EN,Towers with Radar,0,51,63,0,114,0,10,97,3,110,0,61,160,3,224,111,0,111,335
09/15/2020,BED,MA,ANE,EN,Towers with Radar,3,35,57,3,98,1,3,167,1,172,4,38,224,4,270,256,0,256,526
09/16/2020,BED,MA,ANE,EN,Towers with Radar,2,36,48,1,87,0,17,81,4,102,2,53,129,5,189,106,0,106,295
09/17/2020,BED,MA,ANE,EN,Towers with Radar,0,54,61,2,117,0,11,143,1,155,0,65,204,3,272,176,0,176,448
09/18/2020,BED,MA,ANE,EN,Towers with Radar,0,59,69,0,128,0,6,65,4,75,0,65,134,4,203,172,0,172,375
09/19/2020,BED,MA,ANE,EN,Towers with Radar,0,43,50,0,93,0,6,133,0,139,0,49,183,0,232,134,0,134,366
09/20/2020,BED,MA,ANE,EN,Towers with Radar,2,54,49,0,105,0,18,120,0,138,2,72,169,0,243,166,0,166,409
09/21/2020,BED,MA,ANE,EN,Towers with Radar,0,36,42,1,79,0,7,105,0,112,0,43,147,1,191,221,0,221,412
09/22/2020,BED,MA,ANE,EN,Towers with Radar,0,34,42,1,77,0,5,78,0,83,0,39,120,1,160,60,0,60,220
09/23/2020,BED,MA,ANE,EN,Towers with Radar,2,47,76,0,125,0,11,111,0,122,2,58,187,0,247,74,0,74,321
09/24/2020,BED,MA,ANE,EN,Towers with Radar,0,55,89,2,146,0,10,166,0,176,0,65,255,2,322,142,0,142,464
09/25/2020,BED,MA,ANE,EN,Towers with Radar,1,40,76,3,120,0,10,146,1,157,1,50,222,4,277,168,0,168,445
09/26/2020,BED,MA,ANE,EN,Towers with Radar,0,33,58,1,92,0,5,95,0,100,0,38,153,1,192,94,0,94,286
09/27/2020,BED,MA,ANE,EN,Towers with Radar,2,55,83,0,140,0,8,52,0,60,2,63,135,0,200,140,0,140,340
09/28/2020,BED,MA,ANE,EN,Towers with Radar,4,44,76,4,128,0,5,50,0,55,4,49,126,4,183,112,0,112,295
09/29/2020,BED,MA,ANE,EN,Towers with Radar,1,38,50,0,89,0,12,90,0,102,1,50,140,0,191,120,0,120,311
09/30/2020,BED,MA,ANE,EN,Towers with Radar,0,34,38,2,74,0,6,19,0,25,0,40,57,2,99,6,0,6,105
10/01/2020,BED,MA,ANE,EN,Towers with Radar,0,37,58,0,95,0,8,113,1,122,0,45,171,1,217,138,0,138,355
10/02/2020,BED,MA,ANE,EN,Towers with Radar,1,31,57,2,91,0,10,100,2,112,1,41,157,4,203,176,0,176,379
10/03/2020,BED,MA,ANE,EN,Towers with Radar,2,26,45,0,73,0,11,154,0,165,2,37,199,0,238,222,0,222,460
10/04/2020,BED,MA,ANE,EN,Towers with Radar,4,43,66,0,113,0,16,142,0,158,4,59,208,0,271,242,0,242,513
10/05/2020,BED,MA,ANE,EN,Towers with Radar,0,43,68,3,114,0,2,47,0,49,0,45,115,3,163,100,0,100,263
10/06/2020,BED,MA,ANE,EN,Towers with Radar,0,37,64,3,104,0,6,109,0,115,0,43,173,3,219,207,0,207,426
10/07/2020,BED,MA,ANE,EN,Towers with Radar,0,37,40,0,77,0,1,37,0,38,0,38,77,0,115,50,0,50,165
10/08/2020,BED,MA,ANE,EN,Towers with Radar,0,60,59,1,120,0,27,57,0,84,0,87,116,1,204,26,0,26,230
10/09/2020,BED,MA,ANE,EN,Towers with Radar,0,64,84,0,148,1,8,141,0,150,1,72,225,0,298,148,0,148,446
10/10/2020,BED,MA,ANE,EN,Towers with Radar,2,55,34,0,91,0,6,49,0,55,2,61,83,0,146,38,0,38,184
10/11/2020,BED,MA,ANE,EN,Towers with Radar,1,53,69,0,123,0,10,176,3,189,1,63,245,3,312,216,0,216,528
10/12/2020,BED,MA,ANE,EN,Towers with Radar,0,59,80,0,139,0,6,83,0,89,0,65,163,0,228,230,0,230,458
10/13/2020,BED,MA,ANE,EN,Towers with Radar,0,58,40,5,103,0,0,0,0,0,0,58,40,5,103,0,0,0,103
10/14/2020,BED,MA,ANE,EN,Towers with Radar,1,62,54,3,120,0,8,103,2,113,1,70,157,5,233,196,0,196,429
10/15/2020,BED,MA,ANE,EN,Towers with Radar,0,45,50,4,99,0,7,88,1,96,0,52,138,5,195,44,0,44,239
10/16/2020,BED,MA,ANE,EN,Towers with Radar,0,68,83,2,153,0,0,2,0,2,0,68,85,2,155,0,0,0,155
10/17/2020,BED,MA,ANE,EN,Towers with Radar,2,37,48,0,87,0,12,43,0,55,2,49,91,0,142,54,0,54,196
10/18/2020,BED,MA,ANE,EN,Towers with Radar,0,49,53,0,102,0,15,166,0,181,0,64,219,0,283,228,0,228,511
10/19/2020,BED,MA,ANE,EN,Towers with Radar,2,37,60,2,101,1,4,130,1,136,3,41,190,3,237,236,0,236,473
10/20/2020,BED,MA,ANE,EN,Towers with Radar,0,35,69,2,106,0,0,9,0,9,0,35,78,2,115,28,0,28,143
10/21/2020,BED,MA,ANE,EN,Towers with Radar,0,68,79,0,147,0,2,11,0,13,0,70,90,0,160,22,0,22,182
10/22/2020,BED,MA,ANE,EN,Towers with Radar,1,66,77,0,144,0,4,132,0,136,1,70,209,0,280,173,0,173,453
10/23/2020,BED,MA,ANE,EN,Towers with Radar,2,63,99,4,168,0,4,59,0,63,2,67,158,4,231,166,0,166,397
10/24/2020,BED,MA,ANE,EN,Towers with Radar,1,33,67,0,101,0,7,80,0,87,1,40,147,0,188,212,0,212,400
10/25/2020,BED,MA,ANE,EN,Towers with Radar,3,57,85,0,145,0,8,113,0,121,3,65,198,0,266,126,0,126,392
10/26/2020,BED,MA,ANE,EN,Towers with Radar,0,40,63,2,105,0,0,1,0,1,0,40,64,2,106,0,0,0,106
10/27/2020,BED,MA,ANE,EN,Towers with Radar,0,45,55,0,100,0,3,107,2,112,0,48,162,2,212,158,0,158,370
10/28/2020,BED,MA,ANE,EN,Towers with Radar,1,41,82,0,124,0,0,0,0,0,1,41,82,0,124,0,0,0,124
10/29/2020,BED,MA,ANE,EN,Towers with Radar,1,50,53,2,106,0,1,36,0,37,1,51,89,2,143,112,0,112,255
10/30/2020,BED,MA,ANE,EN,Towers with Radar,0,22,42,2,66,0,1,3,0,4,0,23,45,2,70,0,0,0,70
10/31/2020,BED,MA,ANE,EN,Towers with Radar,0,44,35,0,79,0,15,155,0,170,0,59,190,0,249,206,0,206,455
11/01/2020,BED,MA,ANE,EN,Towers with Radar,1,53,52,0,106,0,0,67,0,67,1,53,119,0,173,118,0,118,291
11/02/2020,BED,MA,ANE,EN,Towers with Radar,0,48,45,0,93,0,7,26,0,33,0,55,71,0,126,24,0,24,150
11/03/2020,BED,MA,ANE,EN,Towers with Radar,0,37,28,0,65,0,14,45,0,59,0,51,73,0,124,46,0,46,170
11/04/2020,BED,MA,ANE,EN,Towers with Radar,0,39,60,0,99,0,9,128,0,137,0,48,188,0,236,138,0,138,374
11/05/2020,BED,MA,ANE,EN,Towers with Radar,0,33,57,0,90,0,16,98,0,114,0,49,155,0,204,126,0,126,330
11/06/2020,BED,MA,ANE,EN,Towers with Radar,0,42,72,0,114,0,3,141,0,144,0,45,213,0,258,92,0,92,350
11/07/2020,BED,MA,ANE,EN,Towers with Radar,2,32,35,0,69,0,10,182,0,192,2,42,217,0,261,184,0,184,445
11/08/2020,BED,MA,ANE,EN,Towers with Radar,2,37,55,0,94,0,10,167,0,177,2,47,222,0,271,190,0,190,461
11/09/2020,BED,MA,ANE,EN,Towers with Radar,0,37,37,0,74,0,8,148,0,156,0,45,185,0,230,170,0,170,400
11/10/2020,BED,MA,ANE,EN,Towers with Radar,0,35,48,0,83,0,15,172,0,187,0,50,220,0,270,208,0,208,478
11/11/2020,BED,MA,ANE,EN,Towers with Radar,0,46,70,0,116,0,1,20,0,21,0,47,90,0,137,38,0,38,175
11/12/2020,BED,MA,ANE,EN,Towers with Radar,0,50,66,2,118,0,6,74,5,85,0,56,140,7,203,124,0,124,327
11/13/2020,BED,MA,ANE,EN,Towers with Radar,0,55,61,0,116,0,0,0,0,0,0,55,61,0,116,0,0,0,116
11/14/2020,BED,MA,ANE,EN,Towers with Radar,0,36,45,0,81,0,23,140,0,163,0,59,185,0,244,218,0,218,462
11/15/2020,BED,MA,ANE,EN,Towers with Radar,0,48,45,0,93,0,6,122,0,128,0,54,167,0,221,232,0,232,453
11/16/2020,BED,MA,ANE,EN,Towers with Radar,0,40,47,0,87,3,16,52,0,71,3,56,99,0,158,40,0,40,198
11/17/2020,BED,MA,ANE,EN,Towers with Radar,0,38,45,1,84,0,4,99,0,103,0,42,144,1,187,138,0,138,325
11/18/2020,BED,MA,ANE,EN,Towers with Radar,0,49,49,1,99,0,8,52,1,61,0,57,101,2,160,56,0,56,216
11/19/2020,BED,MA,ANE,EN,Towers with Radar,0,48,47,3,98,0,14,129,0,143,0,62,176,3,241,92,0,92,333
11/20/2020,BED,MA,ANE,EN,Towers with Radar,1,50,72,1,124,0,10,131,0,141,1,60,203,1,265,116,0,116,381
11/21/2020,BED,MA,ANE,EN,Towers with Radar,0,68,77,0,145,0,7,136,0,143,0,75,213,0,288,126,0,126,414
11/22/2020,BED,MA,ANE,EN,Towers with Radar,0,60,73,0,133,0,11,90,1,102,0,71,163,1,235,184,0,184,419
11/23/2020,BED,MA,ANE,EN,Towers with Radar,2,41,40,2,85,0,6,7,0,13,2,47,47,2,98,12,0,12,110
11/24/2020,BED,MA,ANE,EN,Towers with Radar,0,71,58,4,133,0,15,136,0,151,0,86,194,4,284,136,0,136,420
11/25/2020,BED,MA,ANE,EN,Towers with Radar,0,51,65,0,116,0,8,101,0,109,0,59,166,0,225,250,0,250,475
11/26/2020,BED,MA,ANE,EN,Towers with Radar,0,25,8,0,33,0,0,0,0,0,0,25,8,0,33,0,0,0,33
11/27/2020,BED,MA,ANE,EN,Towers with Radar,2,40,36,0,78,0,9,88,0,97,2,49,124,0,175,136,2,138,313
11/28/2020,BED,MA,ANE,EN,Towers with Radar,3,44,62,0,109,0,10,119,0,129,3,54,181,0,238,200,0,200,438
11/29/2020,BED,MA,ANE,EN,Towers with Radar,3,73,68,0,144,0,4,184,0,188,3,77,252,0,332,122,0,122,454
11/30/2020,BED,MA,ANE,EN,Towers with Radar,0,42,46,0,88,0,3,27,0,30,0,45,73,0,118,50,0,50,168
12/01/2020,BED,MA,ANE,EN,Towers with Radar,0,70,43,0,113,0,2,39,0,41,0,72,82,0,154,70,0,70,224
12/02/2020,BED,MA,ANE,EN,Towers with Radar,0,55,49,0,104,0,12,78,0,90,0,67,127,0,194,98,0,98,292
12/03/2020,BED,MA,ANE,EN,Towers with Radar,0,35,45,0,80,0,5,102,0,107,0,40,147,0,187,124,0,124,311
12/04/2020,BED,MA,ANE,EN,Towers with Radar,0,49,53,0,102,0,7,97,0,104,0,56,150,0,206,124,0,124,330
12/05/2020,BED,MA,ANE,EN,Towers with Radar,2,27,11,0,40,0,0,0,0,0,2,27,11,0,40,0,0,0,40
12/06/2020,BED,MA,ANE,EN,Towers with Radar,2,70,55,1,128,0,4,47,0,51,2,74,102,1,179,62,0,62,241
12/07/2020,BED,MA,ANE,EN,Towers with Radar,0,46,45,3,94,1,2,108,0,111,1,48,153,3,205,170,0,170,375
12/08/2020,BED,MA,ANE,EN,Towers with Radar,2,34,35,0,71,0,8,63,0,71,2,42,98,0,142,166,0,166,308
12/09/2020,BED,MA,ANE,EN,Towers with Radar,0,38,48,1,87,0,4,72,0,76,0,42,120,1,163,94,0,94,257
12/10/2020,BED,MA,ANE,EN,Towers with Radar,0,36,52,1,89,0,14,107,0,121,0,50,159,1,210,126,0,126,336
12/11/2020,BED,MA,ANE,EN,Towers with Radar,1,36,50,0,87,0,11,142,0,153,1,47,192,0,240,183,0,183,423
12/12/2020,BED,MA,ANE,EN,Towers with Radar,2,25,36,0,63,0,0,0,0,0,2,25,36,0,63,0,0,0,63
12/13/2020,BED,MA,ANE,EN,Towers with Radar,1,54,68,0,123,0,6,147,0,153,1,60,215,0,276,170,0,170,446
12/14/2020,BED,MA,ANE,EN,Towers with Radar,2,59,40,0,101,0,2,4,0,6,2,61,44,0,107,0,0,0,107
12/15/2020,BED,MA,ANE,EN,Towers with Radar,2,60,45,3,110,0,9,99,0,108,2,69,144,3,218,112,0,112,330
12/16/2020,BED,MA,ANE,EN,Towers with Radar,1,59,42,0,102,0,10,101,0,111,1,69,143,0,213,148,0,148,361
12/17/2020,BED,MA,ANE,EN,Towers with Radar,0,21,24,0,45,0,5,0,0,5,0,26,24,0,50,0,0,0,50
12/18/2020,BED,MA,ANE,EN,Towers with Radar,1,83,93,0,177,0,9,67,0,76,1,92,160,0,253,120,0,120,373
12/19/2020,BED,MA,ANE,EN,Towers with Radar,1,51,96,0,148,0,11,114,0,125,1,62,210,0,273,94,0,94,367
12/20/2020,BED,MA,ANE,EN,Towers with Radar,0,61,62,0,123,0,2,71,0,73,0,63,133,0,196,153,0,153,349
12/21/2020,BED,MA,ANE,EN,Towers with Radar,0,50,48,0,98,0,0,1,0,1,0,50,49,0,99,0,0,0,99
12/22/2020,BED,MA,ANE,EN,Towers with Radar,0,63,75,0,138,0,10,108,0,118,0,73,183,0,256,142,0,142,398
12/23/2020,BED,MA,ANE,EN,Towers with Radar,0,60,61,0,121,0,12,171,0,183,0,72,232,0,304,216,0,216,520
12/24/2020,BED,MA,ANE,EN,Towers with Radar,1,24,32,0,57,0,3,40,0,43,1,27,72,0,100,34,0,34,134
12/25/2020,BED,MA,ANE,EN,Towers with Radar,1,24,10,0,35,0,0,0,0,0,1,24,10,0,35,0,0,0,35
12/26/2020,BED,MA,ANE,EN,Towers with Radar,2,90,106,0,198,0,13,73,0,86,2,103,179,0,284,52,0,52,336
12/27/2020,BED,MA,ANE,EN,Towers with Radar,0,64,81,0,145,0,3,165,0,168,0,67,246,0,313,138,0,138,451
12/28/2020,BED,MA,ANE,EN,Towers with Radar,0,55,47,0,102,0,5,55,0,60,0,60,102,0,162,128,0,128,290
12/29/2020,BED,MA,ANE,EN,Towers with Radar,0,54,51,2,107,0,10,43,0,53,0,64,94,2,160,18,0,18,178
12/30/2020,BED,MA,ANE,EN,Towers with Radar,2,54,53,2,111,0,5,121,0,126,2,59,174,2,237,166,0,166,403
12/31/2020,BED,MA,ANE,EN,Towers with Radar,1,43,44,0,88,0,3,53,0,56,1,46,97,0,144,90,0,90,234
01/01/2021,BED,MA,ANE,EN,Towers with Radar,1,31,53,0,85,0,2,69,0,71,1,33,122,0,156,48,0,48,204
01/02/2021,BED,MA,ANE,EN,Towers with Radar,3,73,76,0,152,0,4,12,0,16,3,77,88,0,168,44,0,44,212
01/03/2021,BED,MA,ANE,EN,Towers with Radar,6,84,74,0,164,0,1,19,0,20,6,85,93,0,184,104,0,104,288
01/04/2021,BED,MA,ANE,EN,Towers with Radar,0,46,58,0,104,0,5,40,0,45,0,51,98,0,149,122,0,122,271
01/05/2021,BED,MA,ANE,EN,Towers with Radar,2,52,40,0,94,0,0,1,0,1,2,52,41,0,95,0,0,0,95
01/06/2021,BED,MA,ANE,EN,Towers with Radar,1,39,59,2,101,0,10,106,1,117,1,49,165,3,218,146,0,146,364
01/07/2021,BED,MA,ANE,EN,Towers with Radar,0,46,41,0,87,0,5,134,0,139,0,51,175,0,226,163,0,163,389
01/08/2021,BED,MA,ANE,EN,Towers with Radar,3,40,36,0,79,0,8,113,0,121,3,48,149,0,200,124,0,124,324
01/09/2021,BED,MA,ANE,EN,Towers with Radar,1,43,50,0,94,0,4,118,0,122,1,47,168,0,216,170,0,170,386
01/10/2021,BED,MA,ANE,EN,Towers with Radar,1,52,52,0,105,0,11,141,0,152,1,63,193,0,257,118,0,118,375
01/11/2021,BED,MA,ANE,EN,Towers with Radar,2,24,32,0,58,0,7,68,0,75,2,31,100,0,133,156,0,156,289
01/12/2021,BED,MA,ANE,EN,Towers with Radar,3,38,26,0,67,0,8,84,0,92,3,46,110,0,159,126,0,126,285
01/13/2021,BED,MA,ANE,EN,Towers with Radar,3,42,48,0,93,0,0,89,1,90,3,42,137,1,183,108,0,108,291
01/14/2021,BED,MA,ANE,EN,Towers with Radar,1,52,52,0,105,0,2,11,0,13,1,54,63,0,118,34,0,34,152
01/15/2021,BED,MA,ANE,EN,Towers with Radar,0,53,48,1,102,0,2,47,5,54,0,55,95,6,156,156,0,156,312
01/16/2021,BED,MA,ANE,EN,Towers with Radar,0,33,39,3,75,0,5,0,0,5,0,38,39,3,80,0,0,0,80
01/17/2021,BED,MA,ANE,EN,Towers with Radar,0,39,36,0,75,0,13,15,0,28,0,52,51,0,103,0,0,0,103
01/18/2021,BED,MA,ANE,EN,Towers with Radar,4,42,66,1,113,0,5,79,0,84,4,47,145,1,197,94,0,94,291
01/19/2021,BED,MA,ANE,EN,Towers with Radar,3,32,39,1,75,0,3,74,0,77,3,35,113,1,152,104,0,104,256
01/20/2021,BED,MA,ANE,EN,Towers with Radar,0,43,45,0,88,0,14,71,0,85,0,57,116,0,173,94,0,94,267
01/21/2021,BED,MA,ANE,EN,Towers with Radar,0,42,48,2,92,0,4,58,1,63,0,46,106,3,155,56,0,56,211
01/22/2021,BED,MA,ANE,EN,Towers with Radar,0,54,44,0,98,0,4,92,0,96,0,58,136,0,194,166,0,166,360
01/23/2021,BED,MA,ANE,EN,Towers with Radar,0,38,35,0,73,0,5,54,0,59,0,43,89,0,132,66,0,66,198
01/24/2021,BED,MA,ANE,EN,Towers with Radar,0,48,53,2,103,0,5,8,0,13,0,53,61,2,116,1,0,1,117
01/25/2021,BED,MA,ANE,EN,Towers with Radar,0,36,42,0,78,0,2,95,0,97,0,38,137,0,175,152,0,152,327
01/26/2021,BED,MA,ANE,EN,Towers with Radar,2,34,36,0,72,0,0,62,0,62,2,34,98,0,134,154,0,154,288
01/27/2021,BED,MA,ANE,EN,Towers with Radar,0,38,32,2,72,0,0,2,0,2,0,38,34,2,74,0,0,0,74
01/28/2021,BED,MA,ANE,EN,Towers with Radar,2,38,27,0,67,0,2,8,0,10,2,40,35,0,77,12,0,12,89
01/29/2021,BED,MA,ANE,EN,Towers with Radar,1,42,47,0,90,0,1,8,0,9,1,43,55,0,99,4,0,4,103
01/30/2021,BED,MA,ANE,EN,Towers with Radar,0,45,38,0,83,0,3,91,0,94,0,48,129,0,177,100,0,100,277
01/31/2021,BED,MA,ANE,EN,Towers with Radar,2,49,66,0,117,0,8,128,0,136,2,57,194,0,253,168,0,168,421
02/01/2021,BED,MA,ANE,EN,Towers with Radar,1,20,16,0,37,0,0,2,0,2,1,20,18,0,39,0,0,0,39
02/02/2021,BED,MA,ANE,EN,Towers with Radar,2,18,14,0,34,0,0,0,0,0,2,18,14,0,34,0,0,0,34
02/03/2021,BED,MA,ANE,EN,Towers with Radar,5,56,31,0,92,0,14,15,0,29,5,70,46,0,121,54,0,54,175
02/04/2021,BED,MA,ANE,EN,Towers with Radar,0,39,41,0,80,0,4,117,0,121,0,43,158,0,201,166,0,166,367
02/05/2021,BED,MA,ANE,EN,Towers with Radar,1,36,36,0,73,0,0,5,0,5,1,36,41,0,78,22,0,22,100
02/06/2021,BED,MA,ANE,EN,Towers with Radar,1,48,52,0,101,0,10,94,0,104,1,58,146,0,205,86,0,86,291
02/07/2021,BED,MA,ANE,EN,Towers with Radar,0,22,20,0,42,0,2,0,0,2,0,24,20,0,44,0,0,0,44
02/08/2021,BED,MA,ANE,EN,Towers with Radar,0,46,40,2,88,0,7,63,0,70,0,53,103,2,158,112,0,112,270
02/09/2021,BED,MA,ANE,EN,Towers with Radar,5,29,17,0,51,0,0,0,0,0,5,29,17,0,51,0,0,0,51
02/10/2021,BED,MA,ANE,EN,Towers with Radar,3,53,58,0,114,0,8,68,0,76,3,61,126,0,190,124,0,124,314
02/11/2021,BED,MA,ANE,EN,Towers with Radar,1,61,53,2,117,0,15,98,0,113,1,76,151,2,230,136,0,136,366
02/12/2021,BED,MA,ANE,EN,Towers with Radar,0,66,74,0,140,0,15,104,0,119,0,81,178,0,259,126,0,126,385
02/13/2021,BED,MA,ANE,EN,Towers with Radar,2,65,65,0,132,0,7,178,0,185,2,72,243,0,317,162,0,162,479
02/14/2021,BED,MA,ANE,EN,Towers with Radar,2,55,33,0,90,0,10,10,0,20,2,65,43,0,110,46,0,46,156
02/15/2021,BED,MA,ANE,EN,Towers with Radar,0,54,41,0,95,0,2,4,0,6,0,56,45,0,101,8,0,8,109
02/16/2021,BED,MA,ANE,EN,Towers with Radar,2,53,37,0,92,0,0,0,0,0,2,53,37,0,92,0,0,0,92
02/17/2021,BED,MA,ANE,EN,Towers with Radar,0,49,45,0,94,0,5,96,0,101,0,54,141,0,195,100,0,100,295
02/18/2021,BED,MA,ANE,EN,Towers with Radar,0,40,19,0,59,0,3,45,0,48,0,43,64,0,107,98,0,98,205
02/19/2021,BED,MA,ANE,EN,Towers with Radar,1,34,25,0,60,0,0,0,0,0,1,34,25,0,60,0,0,0,60
02/20/2021,BED,MA,ANE,EN,Towers with Radar,5,54,56,0,115,0,4,63,0,67,5,58,119,0,182,158,0,158,340
02/21/2021,BED,MA,ANE,EN,Towers with Radar,0,55,71,4,130,0,7,149,0,156,0,62,220,4,286,124,0,124,410
02/22/2021,BED,MA,ANE,EN,Towers with Radar,2,35,29,1,67,0,7,8,1,16,2,42,37,2,83,6,0,6,89
02/23/2021,BED,MA,ANE,EN,Towers with Radar,2,39,60,1,102,0,14,74,1,89,2,53,134,2,191,100,14,114,305
02/24/2021,BED,MA,ANE,EN,Towers with Radar,1,42,49,0,92,0,18,113,0,131,1,60,162,0,223,126,0,126,349
02/25/2021,BED,MA,ANE,EN,Towers with Radar,0,44,42,2,88,0,4,15,0,19,0,48,57,2,107,16,0,16,123
02/26/2021,BED,MA,ANE,EN,Towers with Radar,0,52,63,0,115,0,6,152,1,159,0,58,215,1,274,170,0,170,444
02/27/2021,BED,MA,ANE,EN,Towers with Radar,0,41,33,2,76,0,0,0,0,0,0,41,33,2,76,0,0,0,76
02/28/2021,BED,MA,ANE,EN,Towers with Radar,2,71,62,0,135,0,10,133,0,143,2,81,195,0,278,234,0,234,512
03/01/2021,BED,MA,ANE,EN,Towers with Radar,0,49,39,0,88,0,2,3,0,5,0,51,42,0,93,0,0,0,93
03/02/2021,BED,MA,ANE,EN,Towers with Radar,0,38,26,0,64,0,0,5,0,5,0,38,31,0,69,0,0,0,69
03/03/2021,BED,MA,ANE,EN,Towers with Radar,0,64,65,2,131,0,24,123,0,147,0,88,188,2,278,194,0,194,472
03/04/2021,BED,MA,ANE,EN,Towers with Radar,0,59,42,4,105,0,18,62,0,80,0,77,104,4,185,92,0,92,277
03/05/2021,BED,MA,ANE,EN,Towers with Radar,0,62,53,0,115,0,17,44,0,61,0,79,97,0,176,30,0,30,206
03/06/2021,BED,MA,ANE,EN,Towers with Radar,0,41,67,1,109,0,11,125,0,136,0,52,192,1,245,184,0,184,429
03/07/2021,BED,MA,ANE,EN,Towers with Radar,0,49,78,2,129,0,12,144,3,159,0,61,222,5,288,162,1,163,451
03/08/2021,BED,MA,ANE,EN,Towers with Radar,1,40,46,0,87,0,12,95,0,107,1,52,141,0,194,140,0,140,334
03/09/2021,BED,MA,ANE,EN,Towers with Radar,2,55,30,0,87,0,9,82,0,91,2,64,112,0,178,120,0,120,298
03/10/2021,BED,MA,ANE,EN,Towers with Radar,1,56,58,2,117,0,6,124,0,130,1,62,182,2,247,148,0,148,395
03/11/2021,BED,MA,ANE,EN,Towers with Radar,0,67,40,3,110,0,8,85,0,93,0,75,125,3,203,180,0,180,383
03/12/2021,BED,MA,ANE,EN,Towers with Radar,1,80,94,0,175,0,11,47,0,58,1,91,141,0,233,14,0,14,247
03/13/2021,BED,MA,ANE,EN,Towers with Radar,1,77,81,1,160,0,10,59,0,69,1,87,140,1,229,24,0,24,253
03/14/2021,BED,MA,ANE,EN,Towers with Radar,1,76,61,1,139,0,5,30,0,35,1,81,91,1,174,20,0,20,194
03/15/2021,BED,MA,ANE,EN,Towers with Radar,2,56,31,0,89,0,2,19,0,21,2,58,50,0,110,2,0,2,112
03/16/2021,BED,MA,ANE,EN,Towers with Radar,1,49,65,2,117,0,9,112,0,121,1,58,177,2,238,222,0,222,460
03/17/2021,BED,MA,ANE,EN,Towers with Radar,0,49,57,0,106,0,16,124,0,140,0,65,181,0,246,184,0,184,430
03/18/2021,BED,MA,ANE,EN,Towers with Radar,0,60,57,2,119,0,2,6,0,8,0,62,63,2,127,42,0,42,169
03/19/2021,BED,MA,ANE,EN,Towers with Radar,2,52,52,1,107,1,11,42,0,54,3,63,94,1,161,6,0,6,167
03/20/2021,BED,MA,ANE,EN,Towers with Radar,0,48,76,0,124,0,3,209,0,212,0,51,285,0,336,170,0,170,506
03/21/2021,BED,MA,ANE,EN,Towers with Radar,2,63,93,2,160,0,9,156,0,165,2,72,249,2,325,204,0,204,529
03/22/2021,BED,MA,ANE,EN,Towers with Radar,0,62,55,4,121,1,10,115,0,126,1,72,170,4,247,186,0,186,433
03/23/2021,BED,MA,ANE,EN,Towers with Radar,0,34,62,5,101,0,20,123,0,143,0,54,185,5,244,218,0,218,462
03/24/2021,BED,MA,ANE,EN,Towers with Radar,2,74,69,0,145,0,10,126,0,136,2,84,195,0,281,144,0,144,425
03/25/2021,BED,MA,ANE,EN,Towers with Radar,0,62,93,2,157,0,4,21,0,25,0,66,114,2,182,38,0,38,220
03/26/2021,BED,MA,ANE,EN,Towers with Radar,0,78,64,2,144,0,2,0,0,2,0,80,64,2,146,0,0,0,146
03/27/2021,BED,MA,ANE,EN,Towers with Radar,1,85,78,0,164,0,8,185,0,193,1,93,263,0,357,280,0,280,637
03/28/2021,BED,MA,ANE,EN,Towers with Radar,3,81,55,0,139,0,0,0,0,0,3,81,55,0,139,0,0,0,139
03/29/2021,BED,MA,ANE,EN,Towers with Radar,0,59,48,0,107,0,12,6,0,18,0,71,54,0,125,0,0,0,125
03/30/2021,BED,MA,ANE,EN,Towers with Radar,5,70,53,0,128,0,19,137,0,156,5,89,190,0,284,138,0,138,422
03/31/2021,BED,MA,ANE,EN,Towers with Radar,0,80,63,0,143,0,7,27,1,35,0,87,90,1,178,32,0,32,210
04/01/2021,BED,MA,ANE,EN,Towers with Radar,0,57,46,0,103,0,8,9,0,17,0,65,55,0,120,20,0,20,140
04/02/2021,BED,MA,ANE,EN,Towers with Radar,1,50,65,2,118,0,10,115,0,125,1,60,180,2,243,134,0,134,377
04/03/2021,BED,MA,ANE,EN,Towers with Radar,1,39,59,0,99,0,15,149,0,164,1,54,208,0,263,198,0,198,461
04/04/2021,BED,MA,ANE,EN,Towers with Radar,0,65,39,0,104,0,6,94,0,100,0,71,133,0,204,132,0,132,336
04/05/2021,BED,MA,ANE,EN,Towers with Radar,1,56,59,1,117,0,8,24,0,32,1,64,83,1,149,4,0,4,153
04/06/2021,BED,MA,ANE,EN,Towers with Radar,2,50,58,0,110,0,20,106,1,127,2,70,164,1,237,150,0,150,387
04/07/2021,BED,MA,ANE,EN,Towers with Radar,0,73,49,0,122,0,14,110,0,124,0,87,159,0,246,174,0,174,420
04/08/2021,BED,MA,ANE,EN,Towers with Radar,0,51,65,0,116,0,9,121,0,130,0,60,186,0,246,180,0,180,426
04/09/2021,BED,MA,ANE,EN,Towers with Radar,0,53,73,1,127,0,11,150,1,162,0,64,223,2,289,164,0,164,453
04/10/2021,BED,MA,ANE,EN,Towers with Radar,3,36,62,0,101,0,9,161,0,170,3,45,223,0,271,196,0,196,467
04/11/2021,BED,MA,ANE,EN,Towers with Radar,0,50,89,1,140,0,0,0,0,0,0,50,89,1,140,2,0,2,142
04/12/2021,BED,MA,ANE,EN,Towers with Radar,0,49,48,1,98,0,11,3,0,14,0,60,51,1,112,14,0,14,126
04/13/2021,BED,MA,ANE,EN,Towers with Radar,2,46,54,0,102,0,15,92,0,107,2,61,146,0,209,190,0,190,399
04/14/2021,BED,MA,ANE,EN,Towers with Radar,0,44,55,2,101,0,20,139,0,159,0,64,194,2,260,184,0,184,444
04/15/2021,BED,MA,ANE,EN,Towers with Radar,0,56,73,2,131,0,14,58,0,72,0,70,131,2,203,118,0,118,321
04/16/2021,BED,MA,ANE,EN,Towers with Radar,2,63,67,1,133,0,0,0,0,0,2,63,67,1,133,0,0,0,133
04/17/2021,BED,MA,ANE,EN,Towers with Radar,2,79,72,0,153,0,4,28,0,32,2,83,100,0,185,118,0,118,303
04/18/2021,BED,MA,ANE,EN,Towers with Radar,2,62,68,0,132,0,8,152,0,160,2,70,220,0,292,114,0,114,406
04/19/2021,BED,MA,ANE,EN,Towers with Radar,1,54,52,0,107,0,8,124,0,132,1,62,176,0,239,276,0,276,515
04/20/2021,BED,MA,ANE,EN,Towers with Radar,2,61,48,0,111,0,16,104,1,121,2,77,152,1,232,90,0,90,322
04/21/2021,BED,MA,ANE,EN,Towers with Radar,0,50,40,0,90,0,6,23,0,29,0,56,63,0,119,4,0,4,123
04/22/2021,BED,MA,ANE,EN,Towers with Radar,0,62,38,3,103,0,7,20,0,27,0,69,58,3,130,0,0,0,130
04/23/2021,BED,MA,ANE,EN,Towers with Radar,0,64,61,0,125,0,16,31,0,47,0,80,92,0,172,0,0,0,172
04/24/2021,BED,MA,ANE,EN,Towers with Radar,3,63,68,0,134,0,5,146,0,151,3,68,214,0,285,120,0,120,405
04/25/2021,BED,MA,ANE,EN,Towers with Radar,2,65,66,2,135,0,2,11,0,13,2,67,77,2,148,2,0,2,150
04/26/2021,BED,MA,ANE,EN,Towers with Radar,0,52,43,0,95,0,11,38,0,49,0,63,81,0,144,22,0,22,166
04/27/2021,BED,MA,ANE,EN,Towers with Radar,2,69,72,0,143,0,14,132,0,146,2,83,204,0,289,163,0,163,452
04/28/2021,BED,MA,ANE,EN,Towers with Radar,2,54,65,0,121,0,3,82,0,85,2,57,147,0,206,180,4,184,390
04/29/2021,BED,MA,ANE,EN,Towers with Radar,0,52,98,0,150,0,0,0,0,0,0,52,98,0,150,0,0,0,150
04/30/2021,BED,MA,ANE,EN,Towers with Radar,0,73,66,1,140,0,18,24,0,42,0,91,90,1,182,10,0,10,192
05/01/2021,BED,MA,ANE,EN,Towers with Radar,1,67,64,0,132,0,11,113,0,124,1,78,177,0,256,78,0,78,334
05/02/2021,BED,MA,ANE,EN,Towers with Radar,2,63,87,0,152,0,12,108,0,120,2,75,195,0,272,52,0,52,324
05/03/2021,BED,MA,ANE,EN,Towers with Radar,1,51,75,0,127,0,7,107,0,114,1,58,182,0,241,102,0,102,343
05/04/2021,BED,MA,ANE,EN,Towers with Radar,1,47,83,2,133,0,2,8,0,10,1,49,91,2,143,12,0,12,155
05/05/2021,BED,MA,ANE,EN,Towers with Radar,0,67,71,1,139,0,0,0,0,0,0,67,71,1,139,0,0,0,139
05/06/2021,BED,MA,ANE,EN,Towers with Radar,0,59,92,0,151,0,3,88,0,91,0,62,180,0,242,84,0,84,326
05/07/2021,BED,MA,ANE,EN,Towers with Radar,2,63,69,0,134,0,12,135,0,147,2,75,204,0,281,94,0,94,375
05/08/2021,BED,MA,ANE,EN,Towers with Radar,1,59,53,0,113,0,13,140,0,153,1,72,193,0,266,160,0,160,426
05/09/2021,BED,MA,ANE,EN,Towers with Radar,1,58,75,0,134,0,3,126,0,129,1,61,201,0,263,62,0,62,325
05/10/2021,BED,MA,ANE,EN,Towers with Radar,0,38,86,4,128,0,7,62,1,70,0,45,148,5,198,218,0,218,416
05/11/2021,BED,MA,ANE,EN,Towers with Radar,3,66,58,4,131,0,13,69,0,82,3,79,127,4,213,20,0,20,233
05/12/2021,BED,MA,ANE,EN,Towers with Radar,1,60,62,3,126,0,10,133,0,143,1,70,195,3,269,96,0,96,365
05/13/2021,BED,MA,ANE,EN,Towers with Radar,1,76,72,2,151,0,23,172,1,196,1,99,244,3,347,290,0,290,637
05/14/2021,BED,MA,ANE,EN,Towers with Radar,2,65,77,4,148,0,21,171,0,192,2,86,248,4,340,244,0,244,584
05/15/2021,BED,MA,ANE,EN,Towers with Radar,0,50,54,0,104,0,5,166,0,171,0,55,220,0,275,268,0,268,543
05/16/2021,BED,MA,ANE,EN,Towers with Radar,3,66,61,0,130,0,19,97,0,116,3,85,158,0,246,116,0,116,362
05/17/2021,BED,MA,ANE,EN,Towers with Radar,1,66,67,0,134,0,19,108,0,127,1,85,175,0,261,179,0,179,440
05/18/2021,BED,MA,ANE,EN,Towers with Radar,0,54,70,0,124,0,13,117,0,130,0,67,187,0,254,151,0,151,405
05/19/2021,BED,MA,ANE,EN,Towers with Radar,0,47,61,0,108,0,10,157,0,167,0,57,218,0,275,256,0,256,531
05/20/2021,BED,MA,ANE,EN,Towers with Radar,2,41,68,1,112,0,12,142,0,154,2,53,210,1,266,252,0,252,518
05/21/2021,BED,MA,ANE,EN,Towers with Radar,2,67,80,3,152,0,13,144,0,157,2,80,224,3,309,172,0,172,481
05/22/2021,BED,MA,ANE,EN,Towers with Radar,4,56,50,3,113,0,7,130,0,137,4,63,180,3,250,274,0,274,524
05/23/2021,BED,MA,ANE,EN,Towers with Radar,0,70,75,1,146,0,9,111,0,120,0,79,186,1,266,152,0,152,418
05/24/2021,BED,MA,ANE,EN,Towers with Radar,0,41,73,2,116,0,15,154,1,170,0,56,227,3,286,182,0,182,468
05/25/2021,BED,MA,ANE,EN,Towers with Radar,2,61,76,1,140,0,13,108,2,123,2,74,184,3,263,96,0,96,359
05/26/2021,BED,MA,ANE,EN,Towers with Radar,0,69,77,1,147,0,13,100,0,113,0,82,177,1,260,110,0,110,370
05/27/2021,BED,MA,ANE,EN,Towers with Radar,0,72,79,0,151,0,34,139,0,173,0,106,218,0,324,156,0,156,480
05/28/2021,BED,MA,ANE,EN,Towers with Radar,2,85,89,0,176,0,26,131,0,157,2,111,220,0,333,138,0,138,471
05/29/2021,BED,MA,ANE,EN,Towers with Radar,2,42,44,0,88,0,2,0,0,2,2,44,44,0,90,0,0,0,90
05/30/2021,BED,MA,ANE,EN,Towers with Radar,0,48,25,0,73,0,0,0,0,0,0,48,25,0,73,0,0,0,73
05/31/2021,BED,MA,ANE,EN,Towers with Radar,2,96,105,0,203,0,13,25,0,38,2,109,130,0,241,18,0,18,259
06/01/2021,BED,MA,ANE,EN,Towers with Radar,0,58,66,2,126,0,13,169,0,182,0,71,235,2,308,250,0,250,558
06/02/2021,BED,MA,ANE,EN,Towers with Radar,2,65,58,4,129,1,17,181,0,199,3,82,239,4,328,258,0,258,586
06/03/2021,BED,MA,ANE,EN,Towers with Radar,0,71,96,0,167,0,8,25,0,33,0,79,121,0,200,54,0,54,254
06/04/2021,BED,MA,ANE,EN,Towers with Radar,1,53,69,1,124,0,8,52,0,60,1,61,121,1,184,162,0,162,346
06/05/2021,BED,MA,ANE,EN,Towers with Radar,0,48,49,0,97,0,13,156,4,173,0,61,205,4,270,236,0,236,506
06/06/2021,BED,MA,ANE,EN,Towers with Radar,0,66,83,2,151,0,16,188,1,205,0,82,271,3,356,204,0,204,560
06/07/2021,BED,MA,ANE,EN,Towers with Radar,0,40,62,1,103,0,17,150,1,168,0,57,212,2,271,164,0,164,435
06/08/2021,BED,MA,ANE,EN,Towers with Radar,3,66,63,3,135,0,19,101,2,122,3,85,164,5,257,110,0,110,367
06/09/2021,BED,MA,ANE,EN,Towers with Radar,0,67,82,0,149,0,13,120,0,133,0,80,202,0,282,236,0,236,518
06/10/2021,BED,MA,ANE,EN,Towers with Radar,3,73,93,2,171,0,16,191,0,207,3,89,284,2,378,222,0,222,600
06/11/2021,BED,MA,ANE,EN,Towers with Radar,0,60,88,0,148,0,10,164,0,174,0,70,252,0,322,154,0,154,476
06/12/2021,BED,MA,ANE,EN,Towers with Radar,0,50,75,0,125,0,13,69,0,82,0,63,144,0,207,198,0,198,405
06/13/2021,BED,MA,ANE,EN,Towers with Radar,0,69,74,1,144,0,12,182,0,194,0,81,256,1,338,200,0,200,538
06/14/2021,BED,MA,ANE,EN,Towers with Radar,0,71,70,3,144,0,1,7,0,8,0,72,77,3,152,6,0,6,158
06/15/2021,BED,MA,ANE,EN,Towers with Radar,2,83,104,3,192,0,5,24,0,29,2,88,128,3,221,58,0,58,279
06/16/2021,BED,MA,ANE,EN,Towers with Radar,0,53,96,3,152,0,21,180,1,202,0,74,276,4,354,124,0,124,478
06/17/2021,BED,MA,ANE,EN,Towers with Radar,2,70,83,3,158,0,20,213,1,234,2,90,296,4,392,268,0,268,660
06/18/2021,BED,MA,ANE,EN,Towers with Radar,2,89,87,4,182,0,18,163,0,181,2,107,250,4,363,180,0,180,543
06/19/2021,BED,MA,ANE,EN,Towers with Radar,0,59,61,0,120,0,22,135,0,157,0,81,196,0,277,122,0,122,399
06/20/2021,BED,MA,ANE,EN,Towers with Radar,0,85,55,2,142,0,42,151,0,193,0,127,206,2,335,160,0,160,495
06/21/2021,BED,MA,ANE,EN,Towers with Radar,0,67,77,2,146,0,13,80,0,93,0,80,157,2,239,66,0,66,305
06/22/2021,BED,MA,ANE,EN,Towers with Radar,0,61,64,2,127,0,11,57,0,68,0,72,121,2,195,100,0,100,295
06/23/2021,BED,MA,ANE,EN,Towers with Radar,3,61,97,7,168,0,19,212,3,234,3,80,309,10,402,248,0,248,650
06/24/2021,BED,MA,ANE,EN,Towers with Radar,0,68,94,1,163,0,19,217,0,236,0,87,311,1,399,184,0,184,583
06/25/2021,BED,MA,ANE,EN,Towers with Radar,0,80,90,0,170,0,8,4,0,12,0,88,94,0,182,0,0,0,182
06/26/2021,BED,MA,ANE,EN,Towers with Radar,2,65,68,0,135,0,7,76,0,83,2,72,144,0,218,182,0,182,400
06/27/2021,BED,MA,ANE,EN,Towers with Radar,2,88,76,0,166,0,10,138,0,148,2,98,214,0,314,180,0,180,494
06/28/2021,BED,MA,ANE,EN,Towers with Radar,0,52,64,1,117,0,11,113,1,125,0,63,177,2,242,118,0,118,360
06/29/2021,BED,MA,ANE,EN,Towers with Radar,2,53,59,2,116,0,16,156,5,177,2,69,215,7,293,106,0,106,399
06/30/2021,BED,MA,ANE,EN,Towers with Radar,0,60,67,1,128,0,20,84,4,108,0,80,151,5,236,126,0,126,362
07/01/2021,BED,MA,ANE,EN,Towers with Radar,1,74,65,2,142,0,38,116,0,154,1,112,181,2,296,152,0,152,448
07/02/2021,BED,MA,ANE,EN,Towers with Radar,1,74,78,0,153,0,0,0,0,0,1,74,78,0,153,0,0,0,153
07/03/2021,BED,MA,ANE,EN,Towers with Radar,1,52,46,2,101,0,0,0,0,0,1,52,46,2,101,0,0,0,101
07/04/2021,BED,MA,ANE,EN,Towers with Radar,0,27,55,0,82,0,6,12,0,18,0,33,67,0,100,8,0,8,108
07/05/2021,BED,MA,ANE,EN,Towers with Radar,1,71,89,0,161,0,10,125,0,135,1,81,214,0,296,276,0,276,572
07/06/2021,BED,MA,ANE,EN,Towers with Radar,9,59,55,0,123,0,11,70,0,81,9,70,125,0,204,120,0,120,324
07/07/2021,BED,MA,ANE,EN,Towers with Radar,0,49,65,4,118,0,9,121,0,130,0,58,186,4,248,152,0,152,400
07/08/2021,BED,MA,ANE,EN,Towers with Radar,2,76,70,0,148,0,6,14,0,20,2,82,84,0,168,86,0,86,254
07/09/2021,BED,MA,ANE,EN,Towers with Radar,1,54,37,0,92,0,6,1,0,7,1,60,38,0,99,0,0,0,99
07/10/2021,BED,MA,ANE,EN,Towers with Radar,7,70,90,0,167,0,16,80,0,96,7,86,170,0,263,238,0,238,501
07/11/2021,BED,MA,ANE,EN,Towers with Radar,0,64,94,2,160,0,11,121,0,132,0,75,215,2,292,176,0,176,468
07/12/2021,BED,MA,ANE,EN,Towers with Radar,0,75,82,0,157,0,0,0,0,0,0,75,82,0,157,0,0,0,157
07/13/2021,BED,MA,ANE,EN,Towers with Radar,2,60,111,0,173,0,0,0,0,0,2,60,111,0,173,4,0,4,177
07/14/2021,BED,MA,ANE,EN,Towers with Radar,0,72,76,0,148,0,5,12,0,17,0,77,88,0,165,50,0,50,215
07/15/2021,BED,MA,ANE,EN,Towers with Radar,0,57,102,0,159,0,18,167,0,185,0,75,269,0,344,188,0,188,532
07/16/2021,BED,MA,ANE,EN,Towers with Radar,2,71,53,1,127,0,10,104,0,114,2,81,157,1,241,114,0,114,355
07/17/2021,BED,MA,ANE,EN,Towers with Radar,0,36,45,0,81,0,7,107,0,114,0,43,152,0,195,212,0,212,407
07/18/2021,BED,MA,ANE,EN,Towers with Radar,0,83,83,2,168,0,0,0,0,0,0,83,83,2,168,0,0,0,168
07/19/2021,BED,MA,ANE,EN,Towers with Radar,1,84,79,0,164,0,2,14,0,16,1,86,93,0,180,52,0,52,232
07/20/2021,BED,MA,ANE,EN,Towers with Radar,3,68,79,0,150,0,29,139,0,168,3,97,218,0,318,280,0,280,598
07/21/2021,BED,MA,ANE,EN,Towers with Radar,1,81,71,0,153,0,10,85,0,95,1,91,156,0,248,194,0,194,442
07/22/2021,BED,MA,ANE,EN,Towers with Radar,2,78,72,2,154,0,35,197,0,232,2,113,269,2,386,180,0,180,566
07/23/2021,BED,MA,ANE,EN,Towers with Radar,0,61,81,1,143,0,21,133,0,154,0,82,214,1,297,144,0,144,441
07/24/2021,BED,MA,ANE,EN,Towers with Radar,7,40,64,1,112,0,23,205,0,228,7,63,269,1,340,236,0,236,576
07/25/2021,BED,MA,ANE,EN,Towers with Radar,3,80,97,0,180,0,12,20,0,32,3,92,117,0,212,30,0,30,242
07/26/2021,BED,MA,ANE,EN,Towers with Radar,0,75,110,0,185,0,16,49,0,65,0,91,159,0,250,142,0,142,392
07/27/2021,BED,MA,ANE,EN,Towers with Radar,2,60,71,1,134,0,24,132,0,156,2,84,203,1,290,130,0,130,420
07/28/2021,BED,MA,ANE,EN,Towers with Radar,0,83,94,2,179,0,16,87,0,103,0,99,181,2,282,156,0,156,438
07/29/2021,BED,MA,ANE,EN,Towers with Radar,0,67,93,2,162,0,11,58,0,69,0,78,151,2,231,96,0,96,327
07/30/2021,BED,MA,ANE,EN,Towers with Radar,1,65,78,2,146,0,23,111,0,134,1,88,189,2,280,88,0,88,368
07/31/2021,BED,MA,ANE,EN,Towers with Radar,1,48,55,0,104,0,14,197,0,211,1,62,252,0,315,202,0,202,517
08/01/2021,BED,MA,ANE,EN,Towers with Radar,2,80,54,0,136,0,24,129,0,153,2,104,183,0,289,196,0,196,485
08/02/2021,BED,MA,ANE,EN,Towers with Radar,2,57,55,1,115,0,19,89,0,108,2,76,144,1,223,80,0,80,303
08/03/2021,BED,MA,ANE,EN,Towers with Radar,4,55,75,1,135,0,16,155,3,174,4,71,230,4,309,274,0,274,583
08/04/2021,BED,MA,ANE,EN,Towers with Radar,3,70,95,4,172,0,8,101,3,112,3,78,196,7,284,150,0,150,434
08/05/2021,BED,MA,ANE,EN,Towers with Radar,2,99,84,3,188,0,2,3,0,5,2,101,87,3,193,0,0,0,193
08/06/2021,BED,MA,ANE,EN,Towers with Radar,2,64,98,2,166,1,30,162,0,193,3,94,260,2,359,230,0,230,589
08/07/2021,BED,MA,ANE,EN,Towers with Radar,1,52,55,2,110,0,14,156,0,170,1,66,211,2,280,194,0,194,474
08/08/2021,BED,MA,ANE,EN,Towers with Radar,2,83,71,2,158,0,10,131,0,141,2,93,202,2,299,150,0,150,449
08/09/2021,BED,MA,ANE,EN,Towers with Radar,4,74,104,0,182,0,5,18,0,23,4,79,122,0,205,56,0,56,261
08/10/2021,BED,MA,ANE,EN,Towers with Radar,4,67,99,0,170,0,7,24,3,34,4,74,123,3,204,42,0,42,246
08/11/2021,BED,MA,ANE,EN,Towers with Radar,2,58,73,0,133,0,9,115,8,132,2,67,188,8,265,162,0,162,427
08/12/2021,BED,MA,ANE,EN,Towers with Radar,1,66,74,0,141,1,16,144,3,164,2,82,218,3,305,124,0,124,429
08/13/2021,BED,MA,ANE,EN,Towers with Radar,2,62,54,0,118,0,19,94,0,113,2,81,148,0,231,82,0,82,313
08/14/2021,BED,MA,ANE,EN,Towers with Radar,0,53,48,0,101,0,21,113,0,134,0,74,161,0,235,222,0,222,457
08/15/2021,BED,MA,ANE,EN,Towers with Radar,2,56,74,0,132,0,16,183,0,199,2,72,257,0,331,184,0,184,515
08/16/2021,BED,MA,ANE,EN,Towers with Radar,2,57,68,1,128,0,17,125,0,142,2,74,193,1,270,168,0,168,438
08/17/2021,BED,MA,ANE,EN,Towers with Radar,1,61,59,3,124,0,37,147,0,184,1,98,206,3,308,194,0,194,502
08/18/2021,BED,MA,ANE,EN,Towers with Radar,0,57,87,1,145,0,23,141,0,164,0,80,228,1,309,142,0,142,451
08/19/2021,BED,MA,ANE,EN,Towers with Radar,0,77,94,0,171,0,4,1,0,5,0,81,95,0,176,0,0,0,176
08/20/2021,BED,MA,ANE,EN,Towers with Radar,1,71,119,3,194,0,17,42,0,59,1,88,161,3,253,98,0,98,351
08/21/2021,BED,MA,ANE,EN,Towers with Radar,0,77,97,0,174,0,8,93,0,101,0,85,190,0,275,161,0,161,436
08/22/2021,BED,MA,ANE,EN,Towers with Radar,0,16,17,0,33,0,0,0,0,0,0,16,17,0,33,0,0,0,33
08/23/2021,BED,MA,ANE,EN,Towers with Radar,1,62,65,0,128,0,1,3,0,4,1,63,68,0,132,0,0,0,132
08/24/2021,BED,MA,ANE,EN,Towers with Radar,2,77,102,2,183,0,15,99,0,114,2,92,201,2,297,86,0,86,383
08/25/2021,BED,MA,ANE,EN,Towers with Radar,1,67,79,2,149,0,12,117,1,130,1,79,196,3,279,130,0,130,409
08/26/2021,BED,MA,ANE,EN,Towers with Radar,0,65,87,0,152,0,13,149,0,162,0,78,236,0,314,142,0,142,456
08/27/2021,BED,MA,ANE,EN,Towers with Radar,2,66,85,0,153,0,22,142,0,164,2,88,227,0,317,90,0,90,407
08/28/2021,BED,MA,ANE,EN,Towers with Radar,0,51,64,0,115,0,17,159,0,176,0,68,223,0,291,166,0,166,457
08/29/2021,BED,MA,ANE,EN,Towers with Radar,0,100,113,0,213,0,14,115,0,129,0,114,228,0,342,310,0,310,652
08/30/2021,BED,MA,ANE,EN,Towers with Radar,1,68,67,0,136,0,4,11,0,15,1,72,78,0,151,56,0,56,207
08/31/2021,BED,MA,ANE,EN,Towers with Radar,3,61,67,0,131,0,21,180,0,201,3,82,247,0,332,196,0,196,528
09/01/2021,BED,MA,ANE,EN,Towers with Radar,0,55,68,0,123,0,8,59,0,67,0,63,127,0,190,50,0,50,240
09/02/2021,BED,MA,ANE,EN,Towers with Radar,6,58,66,0,130,0,11,20,0,31,6,69,86,0,161,4,0,4,165
09/03/2021,BED,MA,ANE,EN,Towers with Radar,0,72,73,0,145,0,20,145,0,165,0,92,218,0,310,98,0,98,408
09/04/2021,BED,MA,ANE,EN,Towers with Radar,1,37,47,0,85,0,9,178,1,188,1,46,225,1,273,196,0,196,469
09/05/2021,BED,MA,ANE,EN,Towers with Radar,0,40,60,2,102,0,13,80,0,93,0,53,140,2,195,120,0,120,315
09/06/2021,BED,MA,ANE,EN,Towers with Radar,0,66,77,1,144,0,12,114,0,126,0,78,191,1,270,192,0,192,462
09/07/2021,BED,MA,ANE,EN,Towers with Radar,2,62,57,4,125,0,25,144,0,169,2,87,201,4,294,136,0,136,430
09/08/2021,BED,MA,ANE,EN,Towers with Radar,0,76,68,6,150,0,10,82,0,92,0,86,150,6,242,48,0,48,290
09/09/2021,BED,MA,ANE,EN,Towers with Radar,0,83,89,0,172,0,0,0,0,0,0,83,89,0,172,0,0,0,172
09/10/2021,BED,MA,ANE,EN,Towers with Radar,0,89,94,4,187,0,10,123,0,133,0,99,217,4,320,106,0,106,426
09/11/2021,BED,MA,ANE,EN,Towers with Radar,0,34,62,0,96,0,20,190,0,210,0,54,252,0,306,188,0,188,494
09/12/2021,BED,MA,ANE,EN,Towers with Radar,0,68,70,0,138,0,20,118,0,138,0,88,188,0,276,114,0,114,390
09/13/2021,BED,MA,ANE,EN,Towers with Radar,0,52,72,0,124,0,19,90,0,109,0,71,162,0,233,118,0,118,351
09/14/2021,BED,MA,ANE,EN,Towers with Radar,2,43,67,0,112,0,27,151,0,178,2,70,218,0,290,168,0,168,458
09/15/2021,BED,MA,ANE,EN,Towers with Radar,0,68,115,1,184,0,14,29,1,44,0,82,144,2,228,15,0,15,243
09/16/2021,BED,MA,ANE,EN,Towers with Radar,0,61,95,1,157,0,8,19,0,27,0,69,114,1,184,28,0,28,212
09/17/2021,BED,MA,ANE,EN,Towers with Radar,1,71,127,0,199,0,0,0,0,0,1,71,127,0,199,0,0,0,199
09/18/2021,BED,MA,ANE,EN,Towers with Radar,2,45,69,0,116,0,8,38,0,46,2,53,107,0,162,78,0,78,240
09/19/2021,BED,MA,ANE,EN,Towers with Radar,0,80,91,0,171,0,56,180,0,236,0,136,271,0,407,112,0,112,519
09/20/2021,BED,MA,ANE,EN,Towers with Radar,0,58,79,2,139,0,25,154,2,181,0,83,233,4,320,150,0,150,470
09/21/2021,BED,MA,ANE,EN,Towers with Radar,5,68,96,0,169,0,11,132,0,143,5,79,228,0,312,218,0,218,530
09/22/2021,BED,MA,ANE,EN,Towers with Radar,0,93,144,0,237,0,8,20,2,30,0,101,164,2,267,31,0,31,298
09/23/2021,BED,MA,ANE,EN,Towers with Radar,2,88,104,2,196,0,16,37,0,53,2,104,141,2,249,26,0,26,275
09/24/2021,BED,MA,ANE,EN,Towers with Radar,4,73,111,2,190,0,6,9,0,15,4,79,120,2,205,0,0,0,205
09/25/2021,BED,MA,ANE,EN,Towers with Radar,4,62,63,0,129,0,8,168,0,176,4,70,231,0,305,144,0,144,449
09/26/2021,BED,MA,ANE,EN,Towers with Radar,2,103,121,0,226,0,29,172,0,201,2,132,293,0,427,82,0,82,509
09/27/2021,BED,MA,ANE,EN,Towers with Radar,0,64,68,0,132,0,17,113,0,130,0,81,181,0,262,180,0,180,442
09/28/2021,BED,MA,ANE,EN,Towers with Radar,5,65,69,0,139,0,13,18,0,31,5,78,87,0,170,26,0,26,196
09/29/2021,BED,MA,ANE,EN,Towers with Radar,0,73,79,0,152,0,18,141,0,159,0,91,220,0,311,146,0,146,457
09/30/2021,BED,MA,ANE,EN,Towers with Radar,2,73,80,2,157,0,15,135,0,150,2,88,215,2,307,100,0,100,407
10/01/2021,BED,MA,ANE,EN,Towers with Radar,0,65,76,0,141,0,22,142,0,164,0,87,218,0,305,192,0,192,497
10/02/2021,BED,MA,ANE,EN,Towers with Radar,0,51,68,0,119,0,18,174,0,192,0,69,242,0,311,144,0,144,455
10/03/2021,BED,MA,ANE,EN,Towers with Radar,1,101,139,0,241,0,2,14,0,16,1,103,153,0,257,98,0,98,355
10/04/2021,BED,MA,ANE,EN,Towers with Radar,1,58,90,0,149,0,0,0,0,0,1,58,90,0,149,0,0,0,149
10/05/2021,BED,MA,ANE,EN,Towers with Radar,4,67,90,0,161,0,6,8,0,14,4,73,98,0,175,24,0,24,199
10/06/2021,BED,MA,ANE,EN,Towers with Radar,2,75,106,1,184,0,16,158,0,174,2,91,264,1,358,170,0,170,528
10/07/2021,BED,MA,ANE,EN,Towers with Radar,0,67,94,0,161,0,11,152,0,163,0,78,246,0,324,148,0,148,472
10/08/2021,BED,MA,ANE,EN,Towers with Radar,0,126,125,0,251,0,10,187,0,197,0,136,312,0,448,40,0,40,488
10/09/2021,BED,MA,ANE,EN,Towers with Radar,0,68,74,0,142,0,10,87,0,97,0,78,161,0,239,292,0,292,531
10/10/2021,BED,MA,ANE,EN,Towers with Radar,1,70,130,0,201,0,15,38,0,53,1,85,168,0,254,134,0,134,388
10/11/2021,BED,MA,ANE,EN,Towers with Radar,1,91,125,0,217,0,12,61,0,73,1,103,186,0,290,120,0,120,410
10/12/2021,BED,MA,ANE,EN,Towers with Radar,2,82,80,2,166,0,17,109,0,126,2,99,189,2,292,148,0,148,440
10/13/2021,BED,MA,ANE,EN,Towers with Radar,0,47,97,0,144,0,23,129,0,152,0,70,226,0,296,198,0,198,494
10/14/2021,BED,MA,ANE,EN,Towers with Radar,0,66,93,0,159,0,16,107,0,123,0,82,200,0,282,118,0,118,400
10/15/2021,BED,MA,ANE,EN,Towers with Radar,2,96,132,0,230,0,6,88,0,94,2,102,220,0,324,199,0,199,523
10/16/2021,BED,MA,ANE,EN,Towers with Radar,1,47,74,0,122,0,15,109,0,124,1,62,183,0,246,138,0,138,384
10/17/2021,BED,MA,ANE,EN,Towers with Radar,0,75,124,0,199,0,37,161,1,199,0,112,285,1,398,150,0,150,548
10/18/2021,BED,MA,ANE,EN,Towers with Radar,2,76,85,2,165,0,18,89,0,107,2,94,174,2,272,68,0,68,340
10/19/2021,BED,MA,ANE,EN,Towers with Radar,4,71,98,2,175,0,6,89,8,103,4,77,187,10,278,46,0,46,324
10/20/2021,BED,MA,ANE,EN,Towers with Radar,0,66,100,2,168,0,12,116,0,128,0,78,216,2,296,160,0,160,456
10/21/2021,BED,MA,ANE,EN,Towers with Radar,1,61,79,3,144,0,14,142,0,156,1,75,221,3,300,164,0,164,464
10/22/2021,BED,MA,ANE,EN,Towers with Radar,1,71,104,1,177,0,19,178,14,211,1,90,282,15,388,114,0,114,502
10/23/2021,BED,MA,ANE,EN,Towers with Radar,2,62,78,0,142,0,29,143,11,183,2,91,221,11,325,214,0,214,539
10/24/2021,BED,MA,ANE,EN,Towers with Radar,0,93,91,0,184,0,16,175,0,191,0,109,266,0,375,120,0,120,495
10/25/2021,BED,MA,ANE,EN,Towers with Radar,0,79,84,2,165,0,0,0,0,0,0,79,84,2,165,0,0,0,165
10/26/2021,BED,MA,ANE,EN,Towers with Radar,2,55,58,0,115,0,0,0,0,0,2,55,58,0,115,0,0,0,115
10/27/2021,BED,MA,ANE,EN,Towers with Radar,0,69,46,7,122,0,5,0,0,5,0,74,46,7,127,0,0,0,127
10/28/2021,BED,MA,ANE,EN,Towers with Radar,1,80,98,7,186,0,12,121,1,134,1,92,219,8,320,228,0,228,548
10/29/2021,BED,MA,ANE,EN,Towers with Radar,1,87,88,2,178,0,8,49,0,57,1,95,137,2,235,188,0,188,423
10/30/2021,BED,MA,ANE,EN,Towers with Radar,0,39,44,0,83,0,0,0,0,0,0,39,44,0,83,0,0,0,83
10/31/2021,BED,MA,ANE,EN,Towers with Radar,1,80,103,0,184,0,11,74,0,85,1,91,177,0,269,166,0,166,435
11/01/2021,BED,MA,ANE,EN,Towers with Radar,0,49,59,3,111,0,15,85,0,100,0,64,144,3,211,72,0,72,283
11/02/2021,BED,MA,ANE,EN,Towers with Radar,4,40,50,0,94,0,23,99,1,123,4,63,149,1,217,168,0,168,385
11/03/2021,BED,MA,ANE,EN,Towers with Radar,0,51,82,0,133,0,14,126,0,140,0,65,208,0,273,175,0,175,448
11/04/2021,BED,MA,ANE,EN,Towers with Radar,5,68,75,0,148,0,15,91,0,106,5,83,166,0,254,134,0,134,388
11/05/2021,BED,MA,ANE,EN,Towers with Radar,3,60,98,0,161,0,10,123,0,133,3,70,221,0,294,164,0,164,458
11/06/2021,BED,MA,ANE,EN,Towers with Radar,2,46,56,0,104,0,6,176,0,182,2,52,232,0,286,164,0,164,450
11/07/2021,BED,MA,ANE,EN,Towers with Radar,2,75,88,0,165,0,17,175,0,192,2,92,263,0,357,177,0,177,534
11/08/2021,BED,MA,ANE,EN,Towers with Radar,1,68,88,6,163,0,19,110,0,129,1,87,198,6,292,176,0,176,468
11/09/2021,BED,MA,ANE,EN,Towers with Radar,2,59,72,0,133,0,18,134,0,152,2,77,206,0,285,172,0,172,457
11/10/2021,BED,MA,ANE,EN,Towers with Radar,0,85,86,0,171,0,24,103,1,128,0,109,189,1,299,148,0,148,447
11/11/2021,BED,MA,ANE,EN,Towers with Radar,2,76,104,0,182,0,7,221,0,228,2,83,325,0,410,164,0,164,574
11/12/2021,BED,MA,ANE,EN,Towers with Radar,3,76,60,0,139,0,2,3,0,5,3,78,63,0,144,0,0,0,144
11/13/2021,BED,MA,ANE,EN,Towers with Radar,3,36,52,1,92,0,1,135,0,136,3,37,187,1,228,94,0,94,322
11/14/2021,BED,MA,ANE,EN,Towers with Radar,0,73,106,0,179,0,9,150,2,161,0,82,256,2,340,112,0,112,452
11/15/2021,BED,MA,ANE,EN,Towers with Radar,0,70,66,0,136,0,4,66,0,70,0,74,132,0,206,110,0,110,316
11/16/2021,BED,MA,ANE,EN,Towers with Radar,2,71,72,0,145,0,13,52,1,66,2,84,124,1,211,52,0,52,263
11/17/2021,BED,MA,ANE,EN,Towers with Radar,1,69,69,0,139,0,7,103,0,110,1,76,172,0,249,168,0,168,417
11/18/2021,BED,MA,ANE,EN,Towers with Radar,0,69,100,0,169,0,6,150,0,156,0,75,250,0,325,136,0,136,461
11/19/2021,BED,MA,ANE,EN,Towers with Radar,3,96,76,1,176,0,12,59,0,71,3,108,135,1,247,48,0,48,295
11/20/2021,BED,MA,ANE,EN,Towers with Radar,2,35,76,2,115,0,9,180,0,189,2,44,256,2,304,150,0,150,454
11/21/2021,BED,MA,ANE,EN,Towers with Radar,0,83,75,1,159,0,5,145,0,150,0,88,220,1,309,148,0,148,457
11/22/2021,BED,MA,ANE,EN,Towers with Radar,1,78,66,2,147,0,15,48,0,63,1,93,114,2,210,66,0,66,276
11/23/2021,BED,MA,ANE,EN,Towers with Radar,1,95,104,0,200,0,18,117,0,135,1,113,221,0,335,32,0,32,367
11/24/2021,BED,MA,ANE,EN,Towers with Radar,0,92,96,0,188,0,14,126,0,140,0,106,222,0,328,62,0,62,390
11/25/2021,BED,MA,ANE,EN,Towers with Radar,1,26,23,0,50,0,2,65,0,67,1,28,88,0,117,106,0,106,223
11/26/2021,BED,MA,ANE,EN,Towers with Radar,0,49,69,4,122,0,0,4,0,4,0,49,73,4,126,6,0,6,132
11/27/2021,BED,MA,ANE,EN,Towers with Radar,1,81,90,6,178,0,7,58,1,66,1,88,148,7,244,40,0,40,284
11/28/2021,BED,MA,ANE,EN,Towers with Radar,2,125,145,0,272,0,2,120,0,122,2,127,265,0,394,120,0,120,514
11/29/2021,BED,MA,ANE,EN,Towers with Radar,2,88,98,2,190,0,14,61,2,77,2,102,159,4,267,162,0,162,429
11/30/2021,BED,MA,ANE,EN,Towers with Radar,3,74,79,1,157,0,18,98,0,116,3,92,177,1,273,90,0,90,363
12/01/2021,BED,MA,ANE,EN,Towers with Radar,3,68,75,0,146,0,14,91,0,105,3,82,166,0,251,80,0,80,331
12/02/2021,BED,MA,ANE,EN,Towers with Radar,4,68,70,2,144,0,9,34,0,43,4,77,104,2,187,66,0,66,253
12/03/2021,BED,MA,ANE,EN,Towers with Radar,2,67,67,1,137,0,13,70,0,83,2,80,137,1,220,90,0,90,310
12/04/2021,BED,MA,ANE,EN,Towers with Radar,0,28,45,0,73,0,10,135,0,145,0,38,180,0,218,216,0,216,434
12/05/2021,BED,MA,ANE,EN,Towers with Radar,0,63,87,0,150,0,19,142,0,161,0,82,229,0,311,172,0,172,483
12/06/2021,BED,MA,ANE,EN,Towers with Radar,1,86,65,0,152,0,6,1,0,7,1,92,66,0,159,0,0,0,159
12/07/2021,BED,MA,ANE,EN,Towers with Radar,3,66,68,1,138,0,28,116,0,144,3,94,184,1,282,146,0,146,428
12/08/2021,BED,MA,ANE,EN,Towers with Radar,0,80,72,0,152,0,8,80,0,88,0,88,152,0,240,130,0,130,370
12/09/2021,BED,MA,ANE,EN,Towers with Radar,0,48,82,0,130,0,22,100,0,122,0,70,182,0,252,114,0,114,366
12/10/2021,BED,MA,ANE,EN,Towers with Radar,2,54,91,0,147,0,16,109,1,126,2,70,200,1,273,246,0,246,519
12/11/2021,BED,MA,ANE,EN,Towers with Radar,3,36,13,0,52,0,0,0,0,0,3,36,13,0,52,0,0,0,52
12/12/2021,BED,MA,ANE,EN,Towers with Radar,1,75,70,0,146,0,17,73,0,90,1,92,143,0,236,62,0,62,298
12/13/2021,BED,MA,ANE,EN,Towers with Radar,1,66,74,0,141,0,9,88,0,97,1,75,162,0,238,136,0,136,374
12/14/2021,BED,MA,ANE,EN,Towers with Radar,4,70,69,0,143,0,12,149,0,161,4,82,218,0,304,140,0,140,444
12/15/2021,BED,MA,ANE,EN,Towers with Radar,0,70,69,0,139,0,10,111,2,123,0,80,180,2,262,98,0,98,360
12/16/2021,BED,MA,ANE,EN,Towers with Radar,2,76,84,0,162,0,14,90,0,104,2,90,174,0,266,62,0,62,328
12/17/2021,BED,MA,ANE,EN,Towers with Radar,2,95,73,1,171,0,23,75,0,98,2,118,148,1,269,14,0,14,283
12/18/2021,BED,MA,ANE,EN,Towers with Radar,2,69,60,0,131,0,0,40,0,40,2,69,100,0,171,76,0,76,247
12/19/2021,BED,MA,ANE,EN,Towers with Radar,1,95,81,0,177,0,2,28,0,30,1,97,109,0,207,62,0,62,269
12/20/2021,BED,MA,ANE,EN,Towers with Radar,0,44,65,0,109,0,21,110,0,131,0,65,175,0,240,116,0,116,356
12/21/2021,BED,MA,ANE,EN,Towers with Radar,0,70,67,0,137,0,16,116,0,132,0,86,183,0,269,146,0,146,415
12/22/2021,BED,MA,ANE,EN,Towers with Radar,1,69,48,0,118,0,8,7,0,15,1,77,55,0,133,12,0,12,145
12/23/2021,BED,MA,ANE,EN,Towers with Radar,0,60,57,0,117,0,7,77,0,84,0,67,134,0,201,36,0,36,237
12/24/2021,BED,MA,ANE,EN,Towers with Radar,2,46,27,0,75,0,6,15,0,21,2,52,42,0,96,22,0,22,118
12/25/2021,BED,MA,ANE,EN,Towers with Radar,0,39,18,0,57,0,0,0,0,0,0,39,18,0,57,0,0,0,57
12/26/2021,BED,MA,ANE,EN,Towers with Radar,2,88,84,0,174,0,13,23,0,36,2,101,107,0,210,86,0,86,296
12/27/2021,BED,MA,ANE,EN,Towers with Radar,2,71,88,0,161,0,15,93,0,108,2,86,181,0,269,98,0,98,367
12/28/2021,BED,MA,ANE,EN,Towers with Radar,3,56,66,0,125,0,11,49,0,60,3,67,115,0,185,64,0,64,249
12/29/2021,BED,MA,ANE,EN,Towers with Radar,4,48,60,0,112,0,10,55,0,65,4,58,115,0,177,156,0,156,333
12/30/2021,BED,MA,ANE,EN,Towers with Radar,1,38,29,0,68,0,0,0,0,0,1,38,29,0,68,0,0,0,68
12/31/2021,BED,MA,ANE,EN,Towers with Radar,1,53,56,0,110,0,0,0,0,0,1,53,56,0,110,0,0,0,110
01/01/2022,BED,MA,ANE,EN,Towers with Radar,1,65,36,0,102,0,0,0,0,0,1,65,36,0,102,0,0,0,102
01/02/2022,BED,MA,ANE,EN,Towers with Radar,3,72,88,0,163,0,1,0,0,1,3,73,88,0,164,0,0,0,164
01/03/2022,BED,MA,ANE,EN,Towers with Radar,1,80,83,0,164,0,8,80,0,88,1,88,163,0,252,108,0,108,360
01/04/2022,BED,MA,ANE,EN,Towers with Radar,2,49,67,0,118,0,9,118,0,127,2,58,185,0,245,168,0,168,413
01/05/2022,BED,MA,ANE,EN,Towers with Radar,3,56,54,0,113,0,0,0,0,0,3,56,54,0,113,0,0,0,113
01/06/2022,BED,MA,ANE,EN,Towers with Radar,3,62,64,0,129,0,11,105,0,116,3,73,169,0,245,20,0,20,265
01/07/2022,BED,MA,ANE,EN,Towers with Radar,2,35,20,0,57,0,2,0,0,2,2,37,20,0,59,0,0,0,59
01/08/2022,BED,MA,ANE,EN,Towers with Radar,2,51,58,0,111,0,5,152,0,157,2,56,210,0,268,150,0,150,418
01/09/2022,BED,MA,ANE,EN,Towers with Radar,0,75,50,0,125,0,0,3,0,3,0,75,53,0,128,0,0,0,128
01/10/2022,BED,MA,ANE,EN,Towers with Radar,0,49,43,0,92,0,5,59,0,64,0,54,102,0,156,44,0,44,200
01/11/2022,BED,MA,ANE,EN,Towers with Radar,5,27,37,0,69,0,9,21,0,30,5,36,58,0,99,14,0,14,113
01/12/2022,BED,MA,ANE,EN,Towers with Radar,2,56,40,0,98,0,10,39,0,49,2,66,79,0,147,34,0,34,181
01/13/2022,BED,MA,ANE,EN,Towers with Radar,3,63,57,0,123,0,14,125,0,139,3,77,182,0,262,150,0,150,412
01/14/2022,BED,MA,ANE,EN,Towers with Radar,1,61,59,0,121,0,5,28,0,33,1,66,87,0,154,54,0,54,208
01/15/2022,BED,MA,ANE,EN,Towers with Radar,3,41,34,0,78,0,8,17,0,25,3,49,51,0,103,2,0,2,105
01/16/2022,BED,MA,ANE,EN,Towers with Radar,3,42,64,0,109,0,4,177,0,181,3,46,241,0,290,160,0,160,450
01/17/2022,BED,MA,ANE,EN,Towers with Radar,4,73,62,0,139,0,0,3,0,3,4,73,65,0,142,0,0,0,142
01/18/2022,BED,MA,ANE,EN,Towers with Radar,3,53,55,0,111,0,18,25,0,43,3,71,80,0,154,0,0,0,154
01/19/2022,BED,MA,ANE,EN,Towers with Radar,0,43,46,0,89,0,15,52,0,67,0,58,98,0,156,30,0,30,186
01/20/2022,BED,MA,ANE,EN,Towers with Radar,1,46,56,0,103,0,9,57,0,66,1,55,113,0,169,30,0,30,199
01/21/2022,BED,MA,ANE,EN,Towers with Radar,2,48,56,1,107,0,14,87,0,101,2,62,143,1,208,136,0,136,344
01/22/2022,BED,MA,ANE,EN,Towers with Radar,2,42,45,0,89,0,9,129,0,138,2,51,174,0,227,139,0,139,366
01/23/2022,BED,MA,ANE,EN,Towers with Radar,5,61,63,0,129,0,17,142,0,159,5,78,205,0,288,204,0,204,492
01/24/2022,BED,MA,ANE,EN,Towers with Radar,1,56,72,0,129,0,11,91,2,104,1,67,163,2,233,104,0,104,337
01/25/2022,BED,MA,ANE,EN,Towers with Radar,3,61,47,0,111,0,10,34,0,44,3,71,81,0,155,92,0,92,247
01/26/2022,BED,MA,ANE,EN,Towers with Radar,2,46,62,8,118,0,11,122,0,133,2,57,184,8,251,136,0,136,387
01/27/2022,BED,MA,ANE,EN,Towers with Radar,2,56,61,0,119,0,2,77,0,79,2,58,138,0,198,80,0,80,278
01/28/2022,BED,MA,ANE,EN,Towers with Radar,0,68,82,0,150,0,8,66,0,74,0,76,148,0,224,126,0,126,350
01/29/2022,BED,MA,ANE,EN,Towers with Radar,0,0,0,0,0,0,0,0,0,0,0,0,0,0,0,0,0,0,0
01/30/2022,BED,MA,ANE,EN,Towers with Radar,6,60,46,0,112,0,11,13,0,24,6,71,59,0,136,6,0,6,142
01/31/2022,BED,MA,ANE,EN,Towers with Radar,2,64,52,0,118,0,11,69,0,80,2,75,121,0,198,104,0,104,302
02/01/2022,BED,MA,ANE,EN,Towers with Radar,3,68,61,0,132,0,2,58,0,60,3,70,119,0,192,84,0,84,276
02/02/2022,BED,MA,ANE,EN,Towers with Radar,3,43,77,1,124,0,0,17,0,17,3,43,94,1,141,56,0,56,197
02/03/2022,BED,MA,ANE,EN,Towers with Radar,2,47,46,0,95,0,2,0,0,2,2,49,46,0,97,0,0,0,97
02/04/2022,BED,MA,ANE,EN,Towers with Radar,3,28,9,0,40,0,0,0,0,0,3,28,9,0,40,0,0,0,40
02/05/2022,BED,MA,ANE,EN,Towers with Radar,1,51,34,0,86,0,4,13,0,17,1,55,47,0,103,12,0,12,115
02/06/2022,BED,MA,ANE,EN,Towers with Radar,1,67,47,0,115,0,10,51,0,61,1,77,98,0,176,14,0,14,190
02/07/2022,BED,MA,ANE,EN,Towers with Radar,2,50,40,0,92,0,0,1,0,1,2,50,41,0,93,0,0,0,93
02/08/2022,BED,MA,ANE,EN,Towers with Radar,3,67,62,2,134,0,7,2,0,9,3,74,64,2,143,18,0,18,161
02/09/2022,BED,MA,ANE,EN,Towers with Radar,2,55,75,2,134,0,14,127,0,141,2,69,202,2,275,110,0,110,385
02/10/2022,BED,MA,ANE,EN,Towers with Radar,2,45,71,2,120,0,13,83,0,96,2,58,154,2,216,166,0,166,382
02/11/2022,BED,MA,ANE,EN,Towers with Radar,1,68,71,0,140,0,21,141,2,164,1,89,212,2,304,132,0,132,436
02/12/2022,BED,MA,ANE,EN,Towers with Radar,4,39,70,0,113,0,7,146,0,153,4,46,216,0,266,126,0,126,392
02/13/2022,BED,MA,ANE,EN,Towers with Radar,0,59,29,0,88,0,0,0,0,0,0,59,29,0,88,0,0,0,88
02/14/2022,BED,MA,ANE,EN,Towers with Radar,3,67,54,2,126,0,8,18,0,26,3,75,72,2,152,16,0,16,168
02/15/2022,BED,MA,ANE,EN,Towers with Radar,4,44,65,4,117,0,8,109,0,117,4,52,174,4,234,124,0,124,358
02/16/2022,BED,MA,ANE,EN,Towers with Radar,4,76,78,3,161,0,14,74,0,88,4,90,152,3,249,34,0,34,283
02/17/2022,BED,MA,ANE,EN,Towers with Radar,1,71,58,0,130,0,13,22,0,35,1,84,80,0,165,8,0,8,173
02/18/2022,BED,MA,ANE,EN,Towers with Radar,1,86,93,1,181,0,9,10,0,19,1,95,103,1,200,0,0,0,200
02/19/2022,BED,MA,ANE,EN,Towers with Radar,0,77,54,0,131,0,2,88,0,90,0,79,142,0,221,84,0,84,305
02/20/2022,BED,MA,ANE,EN,Towers with Radar,1,53,70,2,126,0,8,175,0,183,1,61,245,2,309,188,0,188,497
02/21/2022,BED,MA,ANE,EN,Towers with Radar,6,54,75,0,135,0,14,162,0,176,6,68,237,0,311,148,0,148,459
02/22/2022,BED,MA,ANE,EN,Towers with Radar,6,75,68,0,149,0,2,0,0,2,6,77,68,0,151,0,0,0,151
02/23/2022,BED,MA,ANE,EN,Towers with Radar,3,67,71,0,141,0,11,50,3,64,3,78,121,3,205,80,0,80,285
02/24/2022,BED,MA,ANE,EN,Towers with Radar,1,63,106,3,173,0,11,133,1,145,1,74,239,4,318,188,0,188,506
02/25/2022,BED,MA,ANE,EN,Towers with Radar,0,28,14,0,42,0,1,0,0,1,0,29,14,0,43,0,0,0,43
02/26/2022,BED,MA,ANE,EN,Towers with Radar,0,82,65,0,147,0,11,98,0,109,0,93,163,0,256,24,0,24,280
02/27/2022,BED,MA,ANE,EN,Towers with Radar,1,113,92,0,206,0,12,70,0,82,1,125,162,0,288,66,0,66,354
02/28/2022,BED,MA,ANE,EN,Towers with Radar,0,57,72,2,131,0,16,86,0,102,0,73,158,2,233,88,0,88,321
03/01/2022,BED,MA,ANE,EN,Towers with Radar,7,60,77,0,144,0,5,78,3,86,7,65,155,3,230,80,0,80,310
03/02/2022,BED,MA,ANE,EN,Towers with Radar,0,64,83,0,147,0,15,111,0,126,0,79,194,0,273,138,0,138,411
03/03/2022,BED,MA,ANE,EN,Towers with Radar,6,69,72,2,149,0,14,54,0,68,6,83,126,2,217,16,0,16,233
03/04/2022,BED,MA,ANE,EN,Towers with Radar,1,75,72,2,150,0,11,127,7,145,1,86,199,9,295,110,0,110,405
03/05/2022,BED,MA,ANE,EN,Towers with Radar,4,38,63,2,107,0,15,155,0,170,4,53,218,2,277,198,0,198,475
03/06/2022,BED,MA,ANE,EN,Towers with Radar,0,75,53,0,128,0,7,11,0,18,0,82,64,0,146,20,0,20,166
03/07/2022,BED,MA,ANE,EN,Towers with Radar,0,55,62,0,117,0,2,51,0,53,0,57,113,0,170,124,0,124,294
03/08/2022,BED,MA,ANE,EN,Towers with Radar,1,50,66,0,117,0,15,19,0,34,1,65,85,0,151,8,0,8,159
03/09/2022,BED,MA,ANE,EN,Towers with Radar,2,47,68,0,117,0,4,27,0,31,2,51,95,0,148,66,0,66,214
03/10/2022,BED,MA,ANE,EN,Towers with Radar,1,66,92,0,159,9,13,130,8,160,10,79,222,8,319,104,0,104,423
03/11/2022,BED,MA,ANE,EN,Towers with Radar,2,83,111,0,196,0,11,152,0,163,2,94,263,0,359,176,0,176,535
03/12/2022,BED,MA,ANE,EN,Towers with Radar,2,62,64,0,128,0,0,0,0,0,2,62,64,0,128,0,0,0,128
03/13/2022,BED,MA,ANE,EN,Towers with Radar,2,68,72,0,142,0,9,30,0,39,2,77,102,0,181,0,0,0,181
03/14/2022,BED,MA,ANE,EN,Towers with Radar,0,71,50,0,121,0,15,76,0,91,0,86,126,0,212,72,0,72,284
03/15/2022,BED,MA,ANE,EN,Towers with Radar,3,75,62,1,141,0,9,130,0,139,3,84,192,1,280,180,0,180,460
03/16/2022,BED,MA,ANE,EN,Towers with Radar,0,48,66,0,114,0,7,101,0,108,0,55,167,0,222,128,0,128,350
03/17/2022,BED,MA,ANE,EN,Towers with Radar,0,71,74,0,145,0,2,5,0,7,0,73,79,0,152,4,0,4,156
03/18/2022,BED,MA,ANE,EN,Towers with Radar,0,60,68,0,128,0,7,145,0,152,0,67,213,0,280,228,0,228,508
03/19/2022,BED,MA,ANE,EN,Towers with Radar,1,66,46,0,113,0,0,0,0,0,1,66,46,0,113,0,0,0,113
03/20/2022,BED,MA,ANE,EN,Towers with Radar,1,80,117,0,198,0,6,97,0,103,1,86,214,0,301,156,0,156,457
03/21/2022,BED,MA,ANE,EN,Towers with Radar,0,62,74,0,136,0,8,40,0,48,0,70,114,0,184,20,0,20,204
03/22/2022,BED,MA,ANE,EN,Towers with Radar,2,53,61,3,119,0,10,31,0,41,2,63,92,3,160,22,0,22,182
03/23/2022,BED,MA,ANE,EN,Towers with Radar,0,58,84,0,142,0,7,145,0,152,0,65,229,0,294,216,0,216,510
03/24/2022,BED,MA,ANE,EN,Towers with Radar,0,51,59,2,112,0,0,0,0,0,0,51,59,2,112,0,0,0,112
03/25/2022,BED,MA,ANE,EN,Towers with Radar,0,57,100,0,157,0,3,93,0,96,0,60,193,0,253,164,0,164,417
03/26/2022,BED,MA,ANE,EN,Towers with Radar,1,55,87,0,143,0,10,123,0,133,1,65,210,0,276,140,0,140,416
03/27/2022,BED,MA,ANE,EN,Towers with Radar,2,87,94,0,183,0,8,99,0,107,2,95,193,0,290,108,0,108,398
03/28/2022,BED,MA,ANE,EN,Towers with Radar,2,70,79,1,152,0,5,36,1,42,2,75,115,2,194,20,0,20,214
03/29/2022,BED,MA,ANE,EN,Towers with Radar,2,49,77,2,130,0,11,87,0,98,2,60,164,2,228,56,0,56,284
03/30/2022,BED,MA,ANE,EN,Towers with Radar,0,59,93,0,152,0,10,99,0,109,0,69,192,0,261,72,0,72,333
03/31/2022,BED,MA,ANE,EN,Towers with Radar,2,60,76,0,138,0,3,3,0,6,2,63,79,0,144,0,0,0,144
04/01/2022,BED,MA,ANE,EN,Towers with Radar,3,61,66,0,130,0,1,38,0,39,3,62,104,0,169,92,0,92,261
04/02/2022,BED,MA,ANE,EN,Towers with Radar,0,37,62,0,99,0,8,107,0,115,0,45,169,0,214,50,0,50,264
04/03/2022,BED,MA,ANE,EN,Towers with Radar,1,63,82,0,146,0,5,98,0,103,1,68,180,0,249,138,0,138,387
04/04/2022,BED,MA,ANE,EN,Towers with Radar,1,55,78,0,134,0,9,91,1,101,1,64,169,1,235,128,0,128,363
04/05/2022,BED,MA,ANE,EN,Towers with Radar,4,52,84,0,140,0,8,144,3,155,4,60,228,3,295,204,0,204,499
04/06/2022,BED,MA,ANE,EN,Towers with Radar,0,61,94,0,155,0,3,6,0,9,0,64,100,0,164,50,0,50,214
04/07/2022,BED,MA,ANE,EN,Towers with Radar,0,67,76,3,146,0,7,41,0,48,0,74,117,3,194,116,0,116,310
04/08/2022,BED,MA,ANE,EN,Towers with Radar,2,78,78,6,164,0,12,38,0,50,2,90,116,6,214,48,0,48,262
04/09/2022,BED,MA,ANE,EN,Towers with Radar,1,46,58,0,105,0,5,59,2,66,1,51,117,2,171,94,0,94,265
04/10/2022,BED,MA,ANE,EN,Towers with Radar,3,63,99,1,166,0,15,109,0,124,3,78,208,1,290,78,0,78,368
04/11/2022,BED,MA,ANE,EN,Towers with Radar,0,51,83,1,135,0,2,81,0,83,0,53,164,1,218,132,0,132,350
04/12/2022,BED,MA,ANE,EN,Towers with Radar,2,63,68,1,134,0,9,94,0,103,2,72,162,1,237,172,0,172,409
04/13/2022,BED,MA,ANE,EN,Towers with Radar,1,59,69,2,131,0,16,104,0,120,1,75,173,2,251,94,0,94,345
04/14/2022,BED,MA,ANE,EN,Towers with Radar,0,108,112,0,220,0,0,0,0,0,0,108,112,0,220,0,0,0,220
04/15/2022,BED,MA,ANE,EN,Towers with Radar,2,80,118,0,200,0,15,120,0,135,2,95,238,0,335,38,0,38,373
04/16/2022,BED,MA,ANE,EN,Towers with Radar,1,48,52,0,101,0,14,94,1,109,1,62,146,1,210,84,0,84,294
04/17/2022,BED,MA,ANE,EN,Towers with Radar,0,62,68,2,132,0,16,53,0,69,0,78,121,2,201,102,0,102,303
04/18/2022,BED,MA,ANE,EN,Towers with Radar,1,69,90,2,162,0,14,88,0,102,1,83,178,2,264,126,0,126,390
04/19/2022,BED,MA,ANE,EN,Towers with Radar,0,67,66,0,133,0,8,5,0,13,0,75,71,0,146,0,0,0,146
04/20/2022,BED,MA,ANE,EN,Towers with Radar,0,59,86,2,147,0,20,69,0,89,0,79,155,2,236,36,0,36,272
04/21/2022,BED,MA,ANE,EN,Towers with Radar,0,67,72,0,139,0,27,76,0,103,0,94,148,0,242,74,0,74,316
04/22/2022,BED,MA,ANE,EN,Towers with Radar,4,67,85,0,156,0,3,99,2,104,4,70,184,2,260,58,0,58,318
04/23/2022,BED,MA,ANE,EN,Towers with Radar,1,63,73,0,137,0,13,146,0,159,1,76,219,0,296,192,0,192,488
04/24/2022,BED,MA,ANE,EN,Towers with Radar,0,94,129,0,223,0,9,127,0,136,0,103,256,0,359,146,0,146,505
04/25/2022,BED,MA,ANE,EN,Towers with Radar,0,50,65,0,115,0,14,83,0,97,0,64,148,0,212,140,0,140,352
04/26/2022,BED,MA,ANE,EN,Towers with Radar,2,71,75,0,148,0,4,42,0,46,2,75,117,0,194,162,0,162,356
04/27/2022,BED,MA,ANE,EN,Towers with Radar,0,68,81,0,149,0,28,54,0,82,0,96,135,0,231,80,0,80,311
04/28/2022,BED,MA,ANE,EN,Towers with Radar,2,67,63,0,132,0,15,24,5,44,2,82,87,5,176,0,0,0,176
04/29/2022,BED,MA,ANE,EN,Towers with Radar,3,69,79,1,152,0,20,39,0,59,3,89,118,1,211,1,0,1,212
04/30/2022,BED,MA,ANE,EN,Towers with Radar,2,55,55,0,112,0,7,160,0,167,2,62,215,0,279,88,0,88,367
05/01/2022,BED,MA,ANE,EN,Towers with Radar,4,87,96,0,187,0,18,148,0,166,4,105,244,0,353,174,0,174,527
05/02/2022,BED,MA,ANE,EN,Towers with Radar,0,67,91,2,160,0,11,66,0,77,0,78,157,2,237,104,0,104,341
05/03/2022,BED,MA,ANE,EN,Towers with Radar,2,67,99,0,168,0,10,46,0,56,2,77,145,0,224,110,0,110,334
05/04/2022,BED,MA,ANE,EN,Towers with Radar,2,70,89,0,161,0,0,0,0,0,2,70,89,0,161,0,0,0,161
05/05/2022,BED,MA,ANE,EN,Towers with Radar,3,57,85,0,145,0,30,207,6,243,3,87,292,6,388,182,0,182,570
05/06/2022,BED,MA,ANE,EN,Towers with Radar,4,70,96,0,170,0,11,133,0,144,4,81,229,0,314,207,0,207,521
05/07/2022,BED,MA,ANE,EN,Towers with Radar,1,49,46,0,96,0,10,24,0,34,1,59,70,0,130,12,0,12,142
05/08/2022,BED,MA,ANE,EN,Towers with Radar,2,84,76,1,163,0,8,36,1,45,2,92,112,2,208,30,0,30,238
05/09/2022,BED,MA,ANE,EN,Towers with Radar,1,85,63,0,149,0,15,45,0,60,1,100,108,0,209,62,0,62,271
05/10/2022,BED,MA,ANE,EN,Towers with Radar,2,62,93,0,157,0,20,70,0,90,2,82,163,0,247,84,0,84,331
05/11/2022,BED,MA,ANE,EN,Towers with Radar,0,64,94,0,158,0,22,90,0,112,0,86,184,0,270,66,0,66,336
05/12/2022,BED,MA,ANE,EN,Towers with Radar,2,84,115,0,201,0,9,76,0,85,2,93,191,0,286,70,0,70,356
05/13/2022,BED,MA,ANE,EN,Towers with Radar,5,61,62,0,128,0,21,73,0,94,5,82,135,0,222,128,0,128,350
05/14/2022,BED,MA,ANE,EN,Towers with Radar,6,52,64,0,122,0,10,131,0,141,6,62,195,0,263,160,0,160,423
05/15/2022,BED,MA,ANE,EN,Towers with Radar,3,101,109,0,213,0,15,20,0,35,3,116,129,0,248,78,0,78,326
05/16/2022,BED,MA,ANE,EN,Towers with Radar,1,86,75,0,162,0,11,52,0,63,1,97,127,0,225,52,0,52,277
05/17/2022,BED,MA,ANE,EN,Towers with Radar,4,77,83,0,164,0,19,78,0,97,4,96,161,0,261,24,0,24,285
05/18/2022,BED,MA,ANE,EN,Towers with Radar,0,71,72,2,145,0,17,144,2,163,0,88,216,4,308,80,0,80,388
05/19/2022,BED,MA,ANE,EN,Towers with Radar,0,74,114,0,188,0,1,14,0,15,0,75,128,0,203,40,0,40,243
05/20/2022,BED,MA,ANE,EN,Towers with Radar,4,74,93,2,173,0,11,112,0,123,4,85,205,2,296,128,0,128,424
05/21/2022,BED,MA,ANE,EN,Towers with Radar,0,62,69,0,131,0,17,79,0,96,0,79,148,0,227,128,0,128,355
05/22/2022,BED,MA,ANE,EN,Towers with Radar,2,72,87,0,161,0,9,125,3,137,2,81,212,3,298,114,0,114,412
05/23/2022,BED,MA,ANE,EN,Towers with Radar,1,89,81,0,171,0,11,130,0,141,1,100,211,0,312,162,0,162,474
05/24/2022,BED,MA,ANE,EN,Towers with Radar,6,67,85,3,161,0,10,142,0,152,6,77,227,3,313,166,0,166,479
05/25/2022,BED,MA,ANE,EN,Towers with Radar,3,72,77,1,153,0,9,165,0,174,3,81,242,1,327,134,0,134,461
05/26/2022,BED,MA,ANE,EN,Towers with Radar,1,99,93,2,195,0,22,134,0,156,1,121,227,2,351,129,0,129,480
05/27/2022,BED,MA,ANE,EN,Towers with Radar,2,103,111,0,216,0,4,39,0,43,2,107,150,0,259,84,0,84,343
05/28/2022,BED,MA,ANE,EN,Towers with Radar,2,77,61,0,140,0,0,6,0,6,2,77,67,0,146,16,0,16,162
05/29/2022,BED,MA,ANE,EN,Towers with Radar,2,44,58,0,104,0,19,143,0,162,2,63,201,0,266,192,0,192,458
05/30/2022,BED,MA,ANE,EN,Towers with Radar,3,62,87,0,152,0,20,124,0,144,3,82,211,0,296,143,0,143,439
05/31/2022,BED,MA,ANE,EN,Towers with Radar,4,68,66,0,138,0,21,104,0,125,4,89,170,0,263,192,0,192,455
06/01/2022,BED,MA,ANE,EN,Towers with Radar,4,86,109,0,199,0,6,37,0,43,4,92,146,0,242,118,0,118,360
06/02/2022,BED,MA,ANE,EN,Towers with Radar,0,95,139,0,234,0,11,4,0,15,0,106,143,0,249,8,0,8,257
06/03/2022,BED,MA,ANE,EN,Towers with Radar,0,90,91,0,181,0,4,8,0,12,0,94,99,0,193,22,0,22,215
06/04/2022,BED,MA,ANE,EN,Towers with Radar,0,35,55,1,91,0,5,92,3,100,0,40,147,4,191,134,0,134,325
06/05/2022,BED,MA,ANE,EN,Towers with Radar,2,76,67,1,146,0,7,168,0,175,2,83,235,1,321,172,0,172,493
06/06/2022,BED,MA,ANE,EN,Towers with Radar,3,80,75,0,158,0,24,133,0,157,3,104,208,0,315,152,0,152,467
06/07/2022,BED,MA,ANE,EN,Towers with Radar,3,59,73,0,135,0,27,143,5,175,3,86,216,5,310,164,0,164,474
06/08/2022,BED,MA,ANE,EN,Towers with Radar,0,69,123,2,194,0,9,72,0,81,0,78,195,2,275,124,0,124,399
06/09/2022,BED,MA,ANE,EN,Towers with Radar,3,78,93,4,178,0,5,15,0,20,3,83,108,4,198,2,0,2,200
06/10/2022,BED,MA,ANE,EN,Towers with Radar,0,104,120,2,226,0,32,165,0,197,0,136,285,2,423,111,0,111,534
06/11/2022,BED,MA,ANE,EN,Towers with Radar,5,69,60,0,134,0,12,161,0,173,5,81,221,0,307,174,0,174,481
06/12/2022,BED,MA,ANE,EN,Towers with Radar,3,109,84,0,196,0,9,105,0,114,3,118,189,0,310,70,0,70,380
06/13/2022,BED,MA,ANE,EN,Towers with Radar,1,72,58,0,131,0,15,77,0,92,1,87,135,0,223,166,0,166,389
06/14/2022,BED,MA,ANE,EN,Towers with Radar,6,58,85,2,151,0,28,153,0,181,6,86,238,2,332,122,0,122,454
06/15/2022,BED,MA,ANE,EN,Towers with Radar,1,64,90,1,156,0,12,118,1,131,1,76,208,2,287,258,0,258,545
06/16/2022,BED,MA,ANE,EN,Towers with Radar,2,83,142,0,227,0,14,123,0,137,2,97,265,0,364,78,0,78,442
06/17/2022,BED,MA,ANE,EN,Towers with Radar,0,146,108,4,258,0,9,71,0,80,0,155,179,4,338,90,0,90,428
06/18/2022,BED,MA,ANE,EN,Towers with Radar,2,66,60,0,128,0,7,86,0,93,2,73,146,0,221,52,0,52,273
06/19/2022,BED,MA,ANE,EN,Towers with Radar,1,88,92,0,181,0,12,51,0,63,1,100,143,0,244,34,0,34,278
06/20/2022,BED,MA,ANE,EN,Towers with Radar,0,90,86,2,178,0,13,167,0,180,0,103,253,2,358,108,0,108,466
06/21/2022,BED,MA,ANE,EN,Towers with Radar,2,55,77,2,136,0,21,147,0,168,2,76,224,2,304,186,0,186,490
06/22/2022,BED,MA,ANE,EN,Towers with Radar,0,78,109,0,187,0,6,61,0,67,0,84,170,0,254,92,0,92,346
06/23/2022,BED,MA,ANE,EN,Towers with Radar,3,102,98,0,203,0,7,102,0,109,3,109,200,0,312,200,0,200,512
06/24/2022,BED,MA,ANE,EN,Towers with Radar,1,69,87,4,161,0,10,152,0,162,1,79,239,4,323,292,0,292,615
06/25/2022,BED,MA,ANE,EN,Towers with Radar,0,56,44,0,100,0,21,131,1,153,0,77,175,1,253,184,0,184,437
06/26/2022,BED,MA,ANE,EN,Towers with Radar,0,60,71,6,137,0,14,140,0,154,0,74,211,6,291,110,0,110,401
06/27/2022,BED,MA,ANE,EN,Towers with Radar,0,56,57,2,115,0,6,25,0,31,0,62,82,2,146,32,0,32,178
06/28/2022,BED,MA,ANE,EN,Towers with Radar,3,45,84,2,134,0,12,146,0,158,3,57,230,2,292,146,0,146,438
06/29/2022,BED,MA,ANE,EN,Towers with Radar,0,57,79,0,136,0,16,156,0,172,0,73,235,0,308,120,0,120,428
06/30/2022,BED,MA,ANE,EN,Towers with Radar,0,57,103,0,160,0,17,165,2,184,0,74,268,2,344,262,0,262,606
07/01/2022,BED,MA,ANE,EN,Towers with Radar,1,54,79,0,134,0,26,151,0,177,1,80,230,0,311,178,0,178,489
07/02/2022,BED,MA,ANE,EN,Towers with Radar,2,56,41,0,99,0,14,46,0,60,2,70,87,0,159,130,0,130,289
07/03/2022,BED,MA,ANE,EN,Towers with Radar,1,34,24,0,59,0,7,136,0,143,1,41,160,0,202,176,0,176,378
07/04/2022,BED,MA,ANE,EN,Towers with Radar,0,40,23,0,63,0,9,85,0,94,0,49,108,0,157,78,0,78,235
07/05/2022,BED,MA,ANE,EN,Towers with Radar,2,67,63,0,132,0,16,105,0,121,2,83,168,0,253,182,0,182,435
07/06/2022,BED,MA,ANE,EN,Towers with Radar,0,30,66,0,96,0,10,73,3,86,0,40,139,3,182,108,0,108,290
07/07/2022,BED,MA,ANE,EN,Towers with Radar,1,41,56,1,99,0,20,159,2,181,1,61,215,3,280,256,0,256,536
07/08/2022,BED,MA,ANE,EN,Towers with Radar,3,43,60,4,110,0,17,153,11,181,3,60,213,15,291,150,0,150,441
07/09/2022,BED,MA,ANE,EN,Towers with Radar,1,31,27,1,60,0,15,184,6,205,1,46,211,7,265,210,0,210,475
07/10/2022,BED,MA,ANE,EN,Towers with Radar,1,57,57,2,117,0,19,185,1,205,1,76,242,3,322,190,0,190,512
07/11/2022,BED,MA,ANE,EN,Towers with Radar,0,63,71,5,139,0,20,118,0,138,0,83,189,5,277,82,0,82,359
07/12/2022,BED,MA,ANE,EN,Towers with Radar,2,57,47,0,106,0,17,59,0,76,2,74,106,0,182,42,0,42,224
07/13/2022,BED,MA,ANE,EN,Towers with Radar,1,62,54,0,117,0,25,141,3,169,1,87,195,3,286,162,0,162,448
07/14/2022,BED,MA,ANE,EN,Towers with Radar,1,75,80,0,156,0,12,78,0,90,1,87,158,0,246,144,0,144,390
07/15/2022,BED,MA,ANE,EN,Towers with Radar,1,66,63,0,130,0,17,192,0,209,1,83,255,0,339,204,0,204,543
07/16/2022,BED,MA,ANE,EN,Towers with Radar,0,48,58,0,106,0,10,156,0,166,0,58,214,0,272,180,0,180,452
07/17/2022,BED,MA,ANE,EN,Towers with Radar,2,92,68,0,162,0,10,136,0,146,2,102,204,0,308,184,0,184,492
07/18/2022,BED,MA,ANE,EN,Towers with Radar,0,79,64,0,143,0,2,46,0,48,0,81,110,0,191,126,0,126,317
07/19/2022,BED,MA,ANE,EN,Towers with Radar,2,71,65,0,138,0,11,114,0,125,2,82,179,0,263,90,0,90,353
07/20/2022,BED,MA,ANE,EN,Towers with Radar,2,61,81,3,147,0,23,125,0,148,2,84,206,3,295,184,0,184,479
07/21/2022,BED,MA,ANE,EN,Towers with Radar,1,69,69,1,140,0,14,93,4,111,1,83,162,5,251,70,0,70,321
07/22/2022,BED,MA,ANE,EN,Towers with Radar,2,52,43,3,100,0,35,138,2,175,2,87,181,5,275,150,0,150,425
07/23/2022,BED,MA,ANE,EN,Towers with Radar,0,38,53,1,92,0,15,180,0,195,0,53,233,1,287,164,0,164,451
07/24/2022,BED,MA,ANE,EN,Towers with Radar,2,76,63,0,141,0,17,113,1,131,2,93,176,1,272,82,0,82,354
07/25/2022,BED,MA,ANE,EN,Towers with Radar,0,54,50,0,104,0,1,41,0,42,0,55,91,0,146,68,0,68,214
07/26/2022,BED,MA,ANE,EN,Towers with Radar,0,58,63,0,121,0,19,160,0,179,0,77,223,0,300,204,0,204,504
07/27/2022,BED,MA,ANE,EN,Towers with Radar,0,60,69,0,129,0,23,155,0,178,0,83,224,0,307,188,0,188,495
07/28/2022,BED,MA,ANE,EN,Towers with Radar,0,64,94,1,159,0,10,75,1,86,0,74,169,2,245,198,0,198,443
07/29/2022,BED,MA,ANE,EN,Towers with Radar,1,64,77,0,142,0,21,127,0,148,1,85,204,0,290,146,0,146,436
07/30/2022,BED,MA,ANE,EN,Towers with Radar,0,30,68,0,98,0,14,120,0,134,0,44,188,0,232,90,0,90,322
07/31/2022,BED,MA,ANE,EN,Towers with Radar,0,60,74,0,134,0,27,204,0,231,0,87,278,0,365,207,0,207,572
08/01/2022,BED,MA,ANE,EN,Towers with Radar,0,63,78,0,141,0,9,131,0,140,0,72,209,0,281,206,0,206,487
08/02/2022,BED,MA,ANE,EN,Towers with Radar,2,47,56,0,105,0,15,132,0,147,2,62,188,0,252,172,0,172,424
08/03/2022,BED,MA,ANE,EN,Towers with Radar,0,80,80,0,160,0,22,175,0,197,0,102,255,0,357,170,0,170,527
08/04/2022,BED,MA,ANE,EN,Towers with Radar,1,83,86,0,170,0,11,137,1,149,1,94,223,1,319,98,0,98,417
08/05/2022,BED,MA,ANE,EN,Towers with Radar,2,67,72,2,143,0,13,72,0,85,2,80,144,2,228,104,0,104,332
08/06/2022,BED,MA,ANE,EN,Towers with Radar,1,68,52,0,121,0,13,101,0,114,1,81,153,0,235,136,0,136,371
08/07/2022,BED,MA,ANE,EN,Towers with Radar,1,70,47,0,118,0,36,104,0,140,1,106,151,0,258,90,0,90,348
08/08/2022,BED,MA,ANE,EN,Towers with Radar,0,68,55,0,123,0,20,64,0,84,0,88,119,0,207,58,0,58,265
08/09/2022,BED,MA,ANE,EN,Towers with Radar,2,50,59,3,114,0,14,72,0,86,2,64,131,3,200,108,0,108,308
08/10/2022,BED,MA,ANE,EN,Towers with Radar,0,68,100,3,171,0,9,56,0,65,0,77,156,3,236,174,0,174,410
08/11/2022,BED,MA,ANE,EN,Towers with Radar,0,85,68,0,153,0,10,97,0,107,0,95,165,0,260,196,0,196,456
08/12/2022,BED,MA,ANE,EN,Towers with Radar,4,68,66,1,139,0,34,182,0,216,4,102,248,1,355,60,0,60,415
08/13/2022,BED,MA,ANE,EN,Towers with Radar,0,40,36,1,77,0,16,165,0,181,0,56,201,1,258,206,0,206,464
08/14/2022,BED,MA,ANE,EN,Towers with Radar,3,75,63,0,141,0,20,181,0,201,3,95,244,0,342,183,0,183,525
08/15/2022,BED,MA,ANE,EN,Towers with Radar,1,68,58,0,127,0,22,100,0,122,1,90,158,0,249,96,0,96,345
08/16/2022,BED,MA,ANE,EN,Towers with Radar,7,47,72,0,126,0,35,130,0,165,7,82,202,0,291,118,0,118,409
08/17/2022,BED,MA,ANE,EN,Towers with Radar,0,64,71,0,135,0,19,64,1,84,0,83,135,1,219,104,0,104,323
08/18/2022,BED,MA,ANE,EN,Towers with Radar,0,77,78,0,155,0,13,85,0,98,0,90,163,0,253,40,0,40,293
08/19/2022,BED,MA,ANE,EN,Towers with Radar,2,55,50,3,110,0,25,134,0,159,2,80,184,3,269,220,0,220,489
08/20/2022,BED,MA,ANE,EN,Towers with Radar,3,43,35,1,82,0,32,172,1,205,3,75,207,2,287,132,0,132,419
08/21/2022,BED,MA,ANE,EN,Towers with Radar,2,78,35,2,117,0,37,95,0,132,2,115,130,2,249,138,0,138,387
08/22/2022,BED,MA,ANE,EN,Towers with Radar,1,79,71,0,151,0,0,0,0,0,1,79,71,0,151,0,0,0,151
08/23/2022,BED,MA,ANE,EN,Towers with Radar,0,56,78,0,134,0,9,3,0,12,0,65,81,0,146,18,0,18,164
08/24/2022,BED,MA,ANE,EN,Towers with Radar,1,64,77,0,142,0,18,146,2,166,1,82,223,2,308,214,0,214,522
08/25/2022,BED,MA,ANE,EN,Towers with Radar,0,50,79,2,131,0,22,174,0,196,0,72,253,2,327,163,0,163,490
08/26/2022,BED,MA,ANE,EN,Towers with Radar,1,53,54,0,108,0,17,104,0,121,1,70,158,0,229,110,0,110,339
08/27/2022,BED,MA,ANE,EN,Towers with Radar,1,50,54,0,105,0,21,138,1,160,1,71,192,1,265,174,0,174,439
08/28/2022,BED,MA,ANE,EN,Towers with Radar,0,93,95,0,188,0,48,107,0,155,0,141,202,0,343,244,0,244,587
08/29/2022,BED,MA,ANE,EN,Towers with Radar,2,81,58,0,141,0,15,131,0,146,2,96,189,0,287,142,0,142,429
08/30/2022,BED,MA,ANE,EN,Towers with Radar,3,74,52,0,129,0,21,129,0,150,3,95,181,0,279,154,0,154,433
08/31/2022,BED,MA,ANE,EN,Towers with Radar,1,72,62,2,137,0,25,128,0,153,1,97,190,2,290,168,0,168,458
09/01/2022,BED,MA,ANE,EN,Towers with Radar,1,72,63,0,136,0,12,88,1,101,1,84,151,1,237,98,0,98,335
09/02/2022,BED,MA,ANE,EN,Towers with Radar,0,48,75,0,123,0,28,151,0,179,0,76,226,0,302,182,0,182,484
09/03/2022,BED,MA,ANE,EN,Towers with Radar,2,38,39,0,79,0,8,148,0,156,2,46,187,0,235,136,0,136,371
09/04/2022,BED,MA,ANE,EN,Towers with Radar,2,53,47,0,102,0,15,103,0,118,2,68,150,0,220,92,0,92,312
09/05/2022,BED,MA,ANE,EN,Towers with Radar,0,84,104,0,188,0,0,0,0,0,0,84,104,0,188,0,0,0,188
09/06/2022,BED,MA,ANE,EN,Towers with Radar,2,75,91,0,168,0,0,0,0,0,2,75,91,0,168,0,0,0,168
09/07/2022,BED,MA,ANE,EN,Towers with Radar,0,63,114,5,182,0,3,54,1,58,0,66,168,6,240,79,0,79,319
09/08/2022,BED,MA,ANE,EN,Towers with Radar,1,62,82,1,146,0,13,141,5,159,1,75,223,6,305,159,0,159,464
09/09/2022,BED,MA,ANE,EN,Towers with Radar,1,55,78,2,136,0,36,140,0,176,1,91,218,2,312,184,0,184,496
09/10/2022,BED,MA,ANE,EN,Towers with Radar,0,43,50,2,95,0,21,179,0,200,0,64,229,2,295,169,0,169,464
09/11/2022,BED,MA,ANE,EN,Towers with Radar,2,81,89,2,174,0,12,137,0,149,2,93,226,2,323,172,0,172,495
09/12/2022,BED,MA,ANE,EN,Towers with Radar,0,101,100,0,201,0,6,12,0,18,0,107,112,0,219,24,0,24,243
09/13/2022,BED,MA,ANE,EN,Towers with Radar,4,71,75,2,152,0,2,1,0,3,4,73,76,2,155,0,0,0,155
09/14/2022,BED,MA,ANE,EN,Towers with Radar,3,64,86,2,155,0,18,158,0,176,3,82,244,2,331,100,0,100,431
09/15/2022,BED,MA,ANE,EN,Towers with Radar,2,72,91,3,168,0,15,88,0,103,2,87,179,3,271,63,0,63,334
09/16/2022,BED,MA,ANE,EN,Towers with Radar,3,55,66,2,126,0,15,128,0,143,3,70,194,2,269,126,0,126,395
09/17/2022,BED,MA,ANE,EN,Towers with Radar,0,43,43,0,86,0,28,161,0,189,0,71,204,0,275,170,0,170,445
09/18/2022,BED,MA,ANE,EN,Towers with Radar,2,71,79,0,152,0,11,134,0,145,2,82,213,0,297,88,0,88,385
09/19/2022,BED,MA,ANE,EN,Towers with Radar,0,67,79,0,146,0,1,0,0,1,0,68,79,0,147,0,0,0,147
09/20/2022,BED,MA,ANE,EN,Towers with Radar,0,82,85,0,167,0,3,0,0,3,0,85,85,0,170,0,0,0,170
09/21/2022,BED,MA,ANE,EN,Towers with Radar,0,88,102,3,193,0,8,71,0,79,0,96,173,3,272,188,0,188,460
09/22/2022,BED,MA,ANE,EN,Towers with Radar,0,71,68,1,140,0,5,5,0,10,0,76,73,1,150,0,0,0,150
09/23/2022,BED,MA,ANE,EN,Towers with Radar,1,84,73,2,160,0,6,56,0,62,1,90,129,2,222,30,0,30,252
09/24/2022,BED,MA,ANE,EN,Towers with Radar,4,32,38,0,74,0,18,103,0,121,4,50,141,0,195,78,0,78,273
09/25/2022,BED,MA,ANE,EN,Towers with Radar,3,66,74,2,145,0,10,122,1,133,3,76,196,3,278,174,0,174,452
09/26/2022,BED,MA,ANE,EN,Towers with Radar,0,64,73,0,137,0,8,51,0,59,0,72,124,0,196,81,0,81,277
09/27/2022,BED,MA,ANE,EN,Towers with Radar,2,74,56,0,132,0,13,108,0,121,2,87,164,0,253,104,0,104,357
09/28/2022,BED,MA,ANE,EN,Towers with Radar,0,66,61,0,127,0,16,99,0,115,0,82,160,0,242,75,0,75,317
09/29/2022,BED,MA,ANE,EN,Towers with Radar,0,97,86,0,183,0,17,118,0,135,0,114,204,0,318,112,0,112,430
09/30/2022,BED,MA,ANE,EN,Towers with Radar,2,76,85,0,163,0,11,126,0,137,2,87,211,0,300,128,0,128,428
10/01/2022,BED,MA,ANE,EN,Towers with Radar,2,51,44,0,97,0,2,63,0,65,2,53,107,0,162,193,0,193,355
10/02/2022,BED,MA,ANE,EN,Towers with Radar,4,98,72,0,174,0,10,30,0,40,4,108,102,0,214,66,0,66,280
10/03/2022,BED,MA,ANE,EN,Towers with Radar,1,70,65,0,136,0,13,89,0,102,1,83,154,0,238,92,0,92,330
10/04/2022,BED,MA,ANE,EN,Towers with Radar,3,54,78,2,137,0,8,13,0,21,3,62,91,2,158,32,0,32,190
10/05/2022,BED,MA,ANE,EN,Towers with Radar,2,74,85,1,162,0,0,0,0,0,2,74,85,1,162,0,0,0,162
10/06/2022,BED,MA,ANE,EN,Towers with Radar,4,100,100,0,204,0,11,163,0,174,4,111,263,0,378,147,0,147,525
10/07/2022,BED,MA,ANE,EN,Towers with Radar,2,72,110,0,184,0,17,141,0,158,2,89,251,0,342,174,0,174,516
10/08/2022,BED,MA,ANE,EN,Towers with Radar,5,65,51,0,121,0,15,131,0,146,5,80,182,0,267,80,0,80,347
10/09/2022,BED,MA,ANE,EN,Towers with Radar,1,80,68,0,149,0,13,108,0,121,1,93,176,0,270,94,0,94,364
10/10/2022,BED,MA,ANE,EN,Towers with Radar,2,94,69,0,165,0,5,119,0,124,2,99,188,0,289,152,0,152,441
10/11/2022,BED,MA,ANE,EN,Towers with Radar,2,59,61,1,123,0,12,120,0,132,2,71,181,1,255,148,0,148,403
10/12/2022,BED,MA,ANE,EN,Towers with Radar,0,76,82,0,158,0,10,144,6,160,0,86,226,6,318,150,0,150,468
10/13/2022,BED,MA,ANE,EN,Towers with Radar,4,87,86,3,180,0,3,3,0,6,4,90,89,3,186,0,0,0,186
10/14/2022,BED,MA,ANE,EN,Towers with Radar,0,88,91,2,181,0,2,8,0,10,0,90,99,2,191,10,0,10,201
10/15/2022,BED,MA,ANE,EN,Towers with Radar,0,59,53,0,112,0,18,143,0,161,0,77,196,0,273,156,0,156,429
10/16/2022,BED,MA,ANE,EN,Towers with Radar,0,74,86,0,160,0,9,184,0,193,0,83,270,0,353,144,0,144,497
10/17/2022,BED,MA,ANE,EN,Towers with Radar,0,47,79,0,126,0,16,44,0,60,0,63,123,0,186,106,0,106,292
10/18/2022,BED,MA,ANE,EN,Towers with Radar,3,80,99,0,182,0,4,57,0,61,3,84,156,0,243,94,0,94,337
10/19/2022,BED,MA,ANE,EN,Towers with Radar,0,68,66,0,134,0,15,108,0,123,0,83,174,0,257,80,0,80,337
10/20/2022,BED,MA,ANE,EN,Towers with Radar,1,82,82,3,168,0,9,119,0,128,1,91,201,3,296,124,0,124,420
10/21/2022,BED,MA,ANE,EN,Towers with Radar,0,59,76,2,137,0,14,179,0,193,0,73,255,2,330,190,0,190,520
10/22/2022,BED,MA,ANE,EN,Towers with Radar,0,47,39,0,86,0,12,201,0,213,0,59,240,0,299,126,0,126,425
10/23/2022,BED,MA,ANE,EN,Towers with Radar,0,93,75,2,170,0,6,109,0,115,0,99,184,2,285,140,0,140,425
10/24/2022,BED,MA,ANE,EN,Towers with Radar,1,63,55,2,121,0,0,0,0,0,1,63,55,2,121,0,0,0,121
10/25/2022,BED,MA,ANE,EN,Towers with Radar,2,74,68,2,146,0,0,0,0,0,2,74,68,2,146,0,0,0,146
10/26/2022,BED,MA,ANE,EN,Towers with Radar,1,79,95,4,179,0,0,0,0,0,1,79,95,4,179,2,0,2,181
10/27/2022,BED,MA,ANE,EN,Towers with Radar,1,56,91,4,152,0,10,145,0,155,1,66,236,4,307,174,0,174,481
10/28/2022,BED,MA,ANE,EN,Towers with Radar,0,60,69,2,131,0,19,149,0,168,0,79,218,2,299,114,0,114,413
10/29/2022,BED,MA,ANE,EN,Towers with Radar,1,56,46,0,103,0,10,166,0,176,1,66,212,0,279,146,0,146,425
10/30/2022,BED,MA,ANE,EN,Towers with Radar,2,66,62,0,130,0,18,155,0,173,2,84,217,0,303,126,0,126,429
10/31/2022,BED,MA,ANE,EN,Towers with Radar,2,55,46,0,103,0,9,85,0,94,2,64,131,0,197,144,0,144,341
11/01/2022,BED,MA,ANE,EN,Towers with Radar,3,70,77,0,150,0,6,19,0,25,3,76,96,0,175,38,0,38,213
11/02/2022,BED,MA,ANE,EN,Towers with Radar,0,69,56,0,125,0,18,122,4,144,0,87,178,4,269,134,0,134,403
11/03/2022,BED,MA,ANE,EN,Towers with Radar,3,74,108,0,185,0,18,150,0,168,3,92,258,0,353,210,0,210,563
11/04/2022,BED,MA,ANE,EN,Towers with Radar,2,77,71,5,155,0,9,125,1,135,2,86,196,6,290,78,0,78,368
11/05/2022,BED,MA,ANE,EN,Towers with Radar,0,41,42,0,83,0,8,114,0,122,0,49,156,0,205,192,0,192,397
11/06/2022,BED,MA,ANE,EN,Towers with Radar,0,99,77,2,178,0,9,70,2,81,0,108,147,4,259,40,0,40,299
11/07/2022,BED,MA,ANE,EN,Towers with Radar,0,53,58,0,111,0,13,80,1,94,0,66,138,1,205,98,0,98,303
11/08/2022,BED,MA,ANE,EN,Towers with Radar,2,63,49,0,114,0,18,58,5,81,2,81,107,5,195,34,0,34,229
11/09/2022,BED,MA,ANE,EN,Towers with Radar,1,66,65,0,132,0,20,136,0,156,1,86,201,0,288,182,0,182,470
11/10/2022,BED,MA,ANE,EN,Towers with Radar,1,60,81,0,142,0,12,90,0,102,1,72,171,0,244,72,0,72,316
11/11/2022,BED,MA,ANE,EN,Towers with Radar,4,75,80,0,159,0,7,65,0,72,4,82,145,0,231,190,0,190,421
11/12/2022,BED,MA,ANE,EN,Towers with Radar,1,39,24,0,64,0,6,28,0,34,1,45,52,0,98,36,0,36,134
11/13/2022,BED,MA,ANE,EN,Towers with Radar,4,90,82,0,176,0,4,11,0,15,4,94,93,0,191,54,0,54,245
11/14/2022,BED,MA,ANE,EN,Towers with Radar,0,68,70,0,138,0,6,124,0,130,0,74,194,0,268,76,0,76,344
11/15/2022,BED,MA,ANE,EN,Towers with Radar,4,67,75,0,146,12,8,108,0,128,16,75,183,0,274,148,0,148,422
11/16/2022,BED,MA,ANE,EN,Towers with Radar,0,69,69,0,138,0,5,5,0,10,0,74,74,0,148,0,0,0,148
11/17/2022,BED,MA,ANE,EN,Towers with Radar,0,64,83,0,147,0,10,72,0,82,0,74,155,0,229,90,0,90,319
11/18/2022,BED,MA,ANE,EN,Towers with Radar,0,72,80,1,153,0,12,115,1,128,0,84,195,2,281,138,0,138,419
11/19/2022,BED,MA,ANE,EN,Towers with Radar,0,61,55,0,116,0,9,220,0,229,0,70,275,0,345,132,0,132,477
11/20/2022,BED,MA,ANE,EN,Towers with Radar,1,81,62,0,144,0,12,47,0,59,1,93,109,0,203,0,0,0,203
11/21/2022,BED,MA,ANE,EN,Towers with Radar,0,73,58,0,131,0,15,97,0,112,0,88,155,0,243,164,0,164,407
11/22/2022,BED,MA,ANE,EN,Towers with Radar,5,76,63,0,144,0,17,139,0,156,5,93,202,0,300,134,0,134,434
11/23/2022,BED,MA,ANE,EN,Towers with Radar,0,72,64,0,136,0,16,115,0,131,0,88,179,0,267,50,0,50,317
11/24/2022,BED,MA,ANE,EN,Towers with Radar,0,28,13,0,41,0,13,33,0,46,0,41,46,0,87,36,0,36,123
11/25/2022,BED,MA,ANE,EN,Towers with Radar,4,57,43,0,104,0,4,16,0,20,4,61,59,0,124,64,0,64,188
11/26/2022,BED,MA,ANE,EN,Towers with Radar,0,70,66,0,136,0,9,96,0,105,0,79,162,0,241,70,0,70,311
11/27/2022,BED,MA,ANE,EN,Towers with Radar,0,99,124,0,223,10,2,58,0,70,10,101,182,0,293,116,0,116,409
11/28/2022,BED,MA,ANE,EN,Towers with Radar,0,73,71,0,144,0,16,58,0,74,0,89,129,0,218,56,0,56,274
11/29/2022,BED,MA,ANE,EN,Towers with Radar,4,64,78,3,149,0,14,118,1,133,4,78,196,4,282,180,0,180,462
11/30/2022,BED,MA,ANE,EN,Towers with Radar,1,57,50,0,108,0,6,16,1,23,1,63,66,1,131,85,0,85,216
12/01/2022,BED,MA,ANE,EN,Towers with Radar,1,76,60,1,138,0,14,18,0,32,1,90,78,1,170,0,0,0,170
12/02/2022,BED,MA,ANE,EN,Towers with Radar,1,93,105,0,199,0,20,95,0,115,1,113,200,0,314,88,0,88,402
12/03/2022,BED,MA,ANE,EN,Towers with Radar,2,63,27,0,92,0,0,0,0,0,2,63,27,0,92,0,0,0,92
12/04/2022,BED,MA,ANE,EN,Towers with Radar,0,88,71,0,159,0,18,162,0,180,0,106,233,0,339,110,0,110,449
12/05/2022,BED,MA,ANE,EN,Towers with Radar,2,57,51,3,113,0,16,132,0,148,2,73,183,3,261,130,0,130,391
12/06/2022,BED,MA,ANE,EN,Towers with Radar,3,63,72,2,140,0,19,93,0,112,3,82,165,2,252,180,0,180,432
12/07/2022,BED,MA,ANE,EN,Towers with Radar,0,66,80,1,147,0,0,1,0,1,0,66,81,1,148,0,0,0,148
12/08/2022,BED,MA,ANE,EN,Towers with Radar,1,66,67,0,134,0,9,97,2,108,1,75,164,2,242,72,0,72,314
12/09/2022,BED,MA,ANE,EN,Towers with Radar,0,67,69,0,136,0,13,106,0,119,0,80,175,0,255,62,0,62,317
12/10/2022,BED,MA,ANE,EN,Towers with Radar,0,44,47,0,91,0,0,67,0,67,0,44,114,0,158,234,0,234,392
12/11/2022,BED,MA,ANE,EN,Towers with Radar,0,67,52,0,119,0,2,36,0,38,0,69,88,0,157,160,0,160,317
12/12/2022,BED,MA,ANE,EN,Towers with Radar,3,61,44,0,108,0,24,65,0,89,3,85,109,0,197,94,0,94,291
12/13/2022,BED,MA,ANE,EN,Towers with Radar,4,46,56,1,107,0,19,91,0,110,4,65,147,1,217,94,0,94,311
12/14/2022,BED,MA,ANE,EN,Towers with Radar,1,54,69,1,125,0,15,42,0,57,1,69,111,1,182,14,0,14,196
12/15/2022,BED,MA,ANE,EN,Towers with Radar,0,72,70,0,142,0,8,64,0,72,0,80,134,0,214,116,0,116,330
12/16/2022,BED,MA,ANE,EN,Towers with Radar,1,83,46,1,131,0,0,0,0,0,1,83,46,1,131,0,0,0,131
12/17/2022,BED,MA,ANE,EN,Towers with Radar,3,73,64,1,141,0,6,22,0,28,3,79,86,1,169,36,0,36,205
12/18/2022,BED,MA,ANE,EN,Towers with Radar,2,75,57,3,137,9,9,102,1,121,11,84,159,4,258,102,0,102,360
12/19/2022,BED,MA,ANE,EN,Towers with Radar,0,73,50,0,123,0,14,47,0,61,0,87,97,0,184,24,0,24,208
12/20/2022,BED,MA,ANE,EN,Towers with Radar,0,56,52,2,110,0,9,91,2,102,0,65,143,4,212,118,0,118,330
12/21/2022,BED,MA,ANE,EN,Towers with Radar,1,85,54,3,143,0,15,130,2,147,1,100,184,5,290,180,0,180,470
12/22/2022,BED,MA,ANE,EN,Towers with Radar,0,74,45,0,119,0,18,65,0,83,0,92,110,0,202,100,0,100,302
12/23/2022,BED,MA,ANE,EN,Towers with Radar,1,38,7,0,46,0,0,0,0,0,1,38,7,0,46,0,0,0,46
12/24/2022,BED,MA,ANE,EN,Towers with Radar,0,34,23,0,57,0,6,9,0,15,0,40,32,0,72,4,0,4,76
12/25/2022,BED,MA,ANE,EN,Towers with Radar,1,61,21,0,83,0,7,2,0,9,1,68,23,0,92,0,0,0,92
12/26/2022,BED,MA,ANE,EN,Towers with Radar,1,102,101,0,204,0,17,75,0,92,1,119,176,0,296,12,0,12,308
12/27/2022,BED,MA,ANE,EN,Towers with Radar,2,55,63,0,120,0,25,100,1,126,2,80,163,1,246,124,0,124,370
12/28/2022,BED,MA,ANE,EN,Towers with Radar,2,40,28,0,70,0,12,72,0,84,2,52,100,0,154,88,0,88,242
12/29/2022,BED,MA,ANE,EN,Towers with Radar,2,35,47,2,86,0,4,81,0,85,2,39,128,2,171,116,0,116,287
12/30/2022,BED,MA,ANE,EN,Towers with Radar,1,35,49,0,85,0,7,94,0,101,1,42,143,0,186,124,0,124,310
12/31/2022,BED,MA,ANE,EN,Towers with Radar,4,40,49,0,93,0,0,3,0,3,4,40,52,0,96,16,0,16,112
01/01/2023,BED,MA,ANE,EN,Towers with Radar,5,75,55,0,135,0,7,26,0,33,5,82,81,0,168,28,0,28,196
01/02/2023,BED,MA,ANE,EN,Towers with Radar,4,86,85,0,175,0,28,143,2,173,4,114,228,2,348,186,0,186,534
01/03/2023,BED,MA,ANE,EN,Towers with Radar,3,65,32,1,101,0,0,0,0,0,3,65,32,1,101,0,0,0,101
01/04/2023,BED,MA,ANE,EN,Towers with Radar,0,79,62,1,142,0,0,0,1,1,0,79,62,2,143,0,0,0,143
01/05/2023,BED,MA,ANE,EN,Towers with Radar,0,69,49,1,119,0,0,0,0,0,0,69,49,1,119,0,0,0,119
01/06/2023,BED,MA,ANE,EN,Towers with Radar,0,48,34,1,83,0,0,0,0,0,0,48,34,1,83,0,0,0,83
01/07/2023,BED,MA,ANE,EN,Towers with Radar,0,49,57,0,106,0,11,109,0,120,0,60,166,0,226,150,0,150,376
01/08/2023,BED,MA,ANE,EN,Towers with Radar,0,57,61,0,118,0,10,138,0,148,0,67,199,0,266,172,0,172,438
01/09/2023,BED,MA,ANE,EN,Towers with Radar,1,51,50,0,102,0,15,122,0,137,1,66,172,0,239,158,0,158,397
01/10/2023,BED,MA,ANE,EN,Towers with Radar,5,55,55,2,117,0,16,103,0,119,5,71,158,2,236,60,0,60,296
01/11/2023,BED,MA,ANE,EN,Towers with Radar,1,63,63,0,127,0,17,107,0,124,1,80,170,0,251,178,0,178,429
01/12/2023,BED,MA,ANE,EN,Towers with Radar,1,72,61,1,135,0,2,0,0,2,1,74,61,1,137,0,0,0,137
01/13/2023,BED,MA,ANE,EN,Towers with Radar,2,92,57,0,151,0,6,4,0,10,2,98,61,0,161,20,0,20,181
01/14/2023,BED,MA,ANE,EN,Towers with Radar,2,52,35,0,89,0,0,0,0,0,2,52,35,0,89,0,0,0,89
01/15/2023,BED,MA,ANE,EN,Towers with Radar,0,39,30,0,69,0,4,36,0,40,0,43,66,0,109,74,0,74,183
01/16/2023,BED,MA,ANE,EN,Towers with Radar,6,90,61,0,157,0,0,3,0,3,6,90,64,0,160,0,0,0,160
01/17/2023,BED,MA,ANE,EN,Towers with Radar,4,66,46,0,116,0,9,132,0,141,4,75,178,0,257,182,0,182,439
01/18/2023,BED,MA,ANE,EN,Towers with Radar,2,54,67,1,124,0,7,89,0,96,2,61,156,1,220,120,0,120,340
01/19/2023,BED,MA,ANE,EN,Towers with Radar,0,58,64,1,123,0,2,73,0,75,0,60,137,1,198,94,0,94,292
01/20/2023,BED,MA,ANE,EN,Towers with Radar,4,65,56,0,125,0,0,0,0,0,4,65,56,0,125,0,0,0,125
01/21/2023,BED,MA,ANE,EN,Towers with Radar,1,54,38,0,93,0,6,48,0,54,1,60,86,0,147,176,0,176,323
01/22/2023,BED,MA,ANE,EN,Towers with Radar,0,60,40,0,100,0,5,45,0,50,0,65,85,0,150,284,0,284,434
01/23/2023,BED,MA,ANE,EN,Towers with Radar,2,45,31,0,78,0,0,0,0,0,2,45,31,0,78,0,0,0,78
01/24/2023,BED,MA,ANE,EN,Towers with Radar,1,58,62,0,121,0,16,124,0,140,1,74,186,0,261,84,0,84,345
01/25/2023,BED,MA,ANE,EN,Towers with Radar,5,51,53,0,109,0,10,41,0,51,5,61,94,0,160,72,0,72,232
01/26/2023,BED,MA,ANE,EN,Towers with Radar,0,70,60,0,130,0,4,8,0,12,0,74,68,0,142,0,0,0,142
01/27/2023,BED,MA,ANE,EN,Towers with Radar,2,58,62,2,124,0,16,150,2,168,2,74,212,4,292,162,0,162,454
01/28/2023,BED,MA,ANE,EN,Towers with Radar,4,35,57,0,96,0,6,127,0,133,4,41,184,0,229,124,0,124,353
01/29/2023,BED,MA,ANE,EN,Towers with Radar,3,86,57,0,146,0,7,125,0,132,3,93,182,0,278,82,0,82,360
01/30/2023,BED,MA,ANE,EN,Towers with Radar,0,61,54,0,115,0,10,94,0,104,0,71,148,0,219,176,0,176,395
01/31/2023,BED,MA,ANE,EN,Towers with Radar,1,53,64,2,120,0,9,62,0,71,1,62,126,2,191,78,0,78,269
02/01/2023,BED,MA,ANE,EN,Towers with Radar,3,63,59,2,127,0,4,104,0,108,3,67,163,2,235,150,0,150,385
02/02/2023,BED,MA,ANE,EN,Towers with Radar,0,92,56,0,148,0,11,80,0,91,0,103,136,0,239,128,0,128,367
02/03/2023,BED,MA,ANE,EN,Towers with Radar,1,50,35,0,86,0,11,7,0,18,1,61,42,0,104,0,0,0,104
02/04/2023,BED,MA,ANE,EN,Towers with Radar,3,34,23,0,60,0,9,14,0,23,3,43,37,0,83,14,0,14,97
02/05/2023,BED,MA,ANE,EN,Towers with Radar,1,71,51,0,123,0,12,105,0,117,1,83,156,0,240,36,0,36,276
02/06/2023,BED,MA,ANE,EN,Towers with Radar,0,57,62,0,119,0,6,51,0,57,0,63,113,0,176,56,0,56,232
02/07/2023,BED,MA,ANE,EN,Towers with Radar,4,49,69,0,122,0,5,77,2,84,4,54,146,2,206,130,0,130,336
02/08/2023,BED,MA,ANE,EN,Towers with Radar,2,60,56,0,118,0,13,98,0,111,2,73,154,0,229,104,0,104,333
02/09/2023,BED,MA,ANE,EN,Towers with Radar,2,58,41,0,101,0,1,76,0,77,2,59,117,0,178,152,0,152,330
02/10/2023,BED,MA,ANE,EN,Towers with Radar,2,59,45,0,106,0,7,31,0,38,2,66,76,0,144,2,0,2,146
02/11/2023,BED,MA,ANE,EN,Towers with Radar,1,57,36,0,94,0,3,85,0,88,1,60,121,0,182,88,0,88,270
02/12/2023,BED,MA,ANE,EN,Towers with Radar,2,63,46,0,111,0,11,168,0,179,2,74,214,0,290,150,0,150,440
02/13/2023,BED,MA,ANE,EN,Towers with Radar,3,58,57,0,118,0,6,36,0,42,3,64,93,0,160,100,0,100,260
02/14/2023,BED,MA,ANE,EN,Towers with Radar,0,40,47,1,88,0,13,87,0,100,0,53,134,1,188,72,0,72,260
02/15/2023,BED,MA,ANE,EN,Towers with Radar,5,62,59,1,127,0,11,59,0,70,5,73,118,1,197,38,0,38,235
02/16/2023,BED,MA,ANE,EN,Towers with Radar,2,75,59,1,137,0,12,110,0,122,2,87,169,1,259,76,0,76,335
02/17/2023,BED,MA,ANE,EN,Towers with Radar,2,112,88,0,202,0,0,4,0,4,2,112,92,0,206,0,0,0,206
02/18/2023,BED,MA,ANE,EN,Towers with Radar,2,65,55,0,122,0,14,156,0,170,2,79,211,0,292,110,0,110,402
02/19/2023,BED,MA,ANE,EN,Towers with Radar,4,54,52,0,110,0,9,103,0,112,4,63,155,0,222,104,0,104,326
02/20/2023,BED,MA,ANE,EN,Towers with Radar,1,75,54,0,130,0,3,90,0,93,1,78,144,0,223,86,0,86,309
02/21/2023,BED,MA,ANE,EN,Towers with Radar,5,74,48,0,127,0,0,0,0,0,5,74,48,0,127,0,0,0,127
02/22/2023,BED,MA,ANE,EN,Towers with Radar,1,53,44,0,98,0,10,99,0,109,1,63,143,0,207,156,0,156,363
02/23/2023,BED,MA,ANE,EN,Towers with Radar,1,52,43,0,96,0,0,0,0,0,1,52,43,0,96,0,0,0,96
02/24/2023,BED,MA,ANE,EN,Towers with Radar,2,66,45,0,113,1,10,5,0,16,3,76,50,0,129,0,0,0,129
02/25/2023,BED,MA,ANE,EN,Towers with Radar,3,60,38,0,101,19,3,39,0,61,22,63,77,0,162,108,0,108,270
02/26/2023,BED,MA,ANE,EN,Towers with Radar,2,88,80,0,170,0,4,6,0,10,2,92,86,0,180,12,0,12,192
02/27/2023,BED,MA,ANE,EN,Towers with Radar,1,59,74,0,134,5,14,88,0,107,6,73,162,0,241,120,0,120,361
02/28/2023,BED,MA,ANE,EN,Towers with Radar,3,46,37,0,86,0,0,0,0,0,3,46,37,0,86,0,0,0,86
03/01/2023,BED,MA,ANE,EN,Towers with Radar,3,47,71,0,121,16,10,55,0,81,19,57,126,0,202,160,0,160,362
03/02/2023,BED,MA,ANE,EN,Towers with Radar,0,67,54,2,123,0,6,0,0,6,0,73,54,2,129,0,0,0,129
03/03/2023,BED,MA,ANE,EN,Towers with Radar,2,69,68,0,139,8,9,131,0,148,10,78,199,0,287,110,0,110,397
03/04/2023,BED,MA,ANE,EN,Towers with Radar,1,29,17,0,47,0,0,0,0,0,1,29,17,0,47,0,0,0,47
03/05/2023,BED,MA,ANE,EN,Towers with Radar,2,69,56,0,127,0,10,94,0,104,2,79,150,0,231,198,0,198,429
03/06/2023,BED,MA,ANE,EN,Towers with Radar,2,54,42,0,98,5,7,30,0,42,7,61,72,0,140,38,0,38,178
03/07/2023,BED,MA,ANE,EN,Towers with Radar,3,55,41,2,101,0,6,58,0,64,3,61,99,2,165,10,0,10,175
03/08/2023,BED,MA,ANE,EN,Towers with Radar,0,71,74,1,146,0,7,105,0,112,0,78,179,1,258,100,0,100,358
03/09/2023,BED,MA,ANE,EN,Towers with Radar,3,86,86,0,175,0,16,102,0,118,3,102,188,0,293,122,0,122,415
03/10/2023,BED,MA,ANE,EN,Towers with Radar,2,72,64,0,138,0,11,152,1,164,2,83,216,1,302,206,0,206,508
03/11/2023,BED,MA,ANE,EN,Towers with Radar,2,78,52,0,132,0,4,35,0,39,2,82,87,0,171,54,0,54,225
03/12/2023,BED,MA,ANE,EN,Towers with Radar,0,75,79,0,154,0,9,119,0,128,0,84,198,0,282,126,0,126,408
03/13/2023,BED,MA,ANE,EN,Towers with Radar,2,62,42,0,106,0,6,39,0,45,2,68,81,0,151,262,0,262,413
03/14/2023,BED,MA,ANE,EN,Towers with Radar,2,20,8,0,30,0,0,0,0,0,2,20,8,0,30,0,0,0,30
03/15/2023,BED,MA,ANE,EN,Towers with Radar,3,77,49,0,129,0,9,3,0,12,3,86,52,0,141,0,0,0,141
03/16/2023,BED,MA,ANE,EN,Towers with Radar,0,56,73,0,129,0,12,124,0,136,0,68,197,0,265,116,0,116,381
03/17/2023,BED,MA,ANE,EN,Towers with Radar,1,63,55,0,119,0,19,78,0,97,1,82,133,0,216,112,0,112,328
03/18/2023,BED,MA,ANE,EN,Towers with Radar,0,48,53,0,101,0,2,125,0,127,0,50,178,0,228,108,0,108,336
03/19/2023,BED,MA,ANE,EN,Towers with Radar,2,64,58,0,124,0,6,27,0,33,2,70,85,0,157,4,0,4,161
03/20/2023,BED,MA,ANE,EN,Towers with Radar,0,57,53,2,112,0,8,90,0,98,0,65,143,2,210,30,0,30,240
03/21/2023,BED,MA,ANE,EN,Towers with Radar,2,45,54,0,101,0,8,119,0,127,2,53,173,0,228,180,0,180,408
03/22/2023,BED,MA,ANE,EN,Towers with Radar,2,60,71,0,133,0,10,143,0,153,2,70,214,0,286,132,0,132,418
03/23/2023,BED,MA,ANE,EN,Towers with Radar,0,59,60,0,119,0,10,41,0,51,0,69,101,0,170,90,0,90,260
03/24/2023,BED,MA,ANE,EN,Towers with Radar,2,47,71,2,122,0,8,122,0,130,2,55,193,2,252,164,0,164,416
03/25/2023,BED,MA,ANE,EN,Towers with Radar,1,56,43,1,101,0,0,49,0,49,1,56,92,1,150,106,0,106,256
03/26/2023,BED,MA,ANE,EN,Towers with Radar,2,74,61,0,137,0,8,70,0,78,2,82,131,0,215,65,0,65,280
03/27/2023,BED,MA,ANE,EN,Towers with Radar,3,88,59,3,153,0,9,110,5,124,3,97,169,8,277,192,0,192,469
03/28/2023,BED,MA,ANE,EN,Towers with Radar,2,65,71,0,138,0,5,21,0,26,2,70,92,0,164,74,0,74,238
03/29/2023,BED,MA,ANE,EN,Towers with Radar,0,60,69,0,129,0,14,133,1,148,0,74,202,1,277,160,0,160,437
03/30/2023,BED,MA,ANE,EN,Towers with Radar,0,58,70,0,128,0,6,26,3,35,0,64,96,3,163,8,0,8,171
03/31/2023,BED,MA,ANE,EN,Towers with Radar,3,65,78,0,146,0,9,110,0,119,3,74,188,0,265,188,0,188,453
04/01/2023,BED,MA,ANE,EN,Towers with Radar,2,42,34,0,78,0,2,3,0,5,2,44,37,0,83,8,0,8,91
04/02/2023,BED,MA,ANE,EN,Towers with Radar,1,93,67,0,161,0,6,57,0,63,1,99,124,0,224,46,0,46,270
04/03/2023,BED,MA,ANE,EN,Towers with Radar,2,64,53,1,120,0,7,83,0,90,2,71,136,1,210,76,0,76,286
04/04/2023,BED,MA,ANE,EN,Towers with Radar,5,78,76,1,160,0,8,96,1,105,5,86,172,2,265,234,0,234,499
04/05/2023,BED,MA,ANE,EN,Towers with Radar,4,46,73,2,125,0,4,11,0,15,4,50,84,2,140,8,0,8,148
04/06/2023,BED,MA,ANE,EN,Towers with Radar,4,90,82,0,176,0,3,24,0,27,4,93,106,0,203,72,0,72,275
04/07/2023,BED,MA,ANE,EN,Towers with Radar,4,51,69,0,124,0,28,58,0,86,4,79,127,0,210,30,0,30,240
04/08/2023,BED,MA,ANE,EN,Towers with Radar,0,37,49,0,86,0,15,155,0,170,0,52,204,0,256,195,0,195,451
04/09/2023,BED,MA,ANE,EN,Towers with Radar,1,73,47,0,121,0,11,124,0,135,1,84,171,0,256,154,0,154,410
04/10/2023,BED,MA,ANE,EN,Towers with Radar,0,71,71,0,142,0,11,134,0,145,0,82,205,0,287,168,0,168,455
04/11/2023,BED,MA,ANE,EN,Towers with Radar,2,48,55,2,107,0,18,74,0,92,2,66,129,2,199,58,0,58,257
04/12/2023,BED,MA,ANE,EN,Towers with Radar,1,54,55,0,110,0,13,39,0,52,1,67,94,0,162,40,0,40,202
04/13/2023,BED,MA,ANE,EN,Towers with Radar,1,66,93,0,160,0,17,150,0,167,1,83,243,0,327,98,0,98,425
04/14/2023,BED,MA,ANE,EN,Towers with Radar,2,72,74,0,148,0,14,155,0,169,2,86,229,0,317,114,0,114,431
04/15/2023,BED,MA,ANE,EN,Towers with Radar,0,77,65,0,142,0,7,110,0,117,0,84,175,0,259,194,0,194,453
04/16/2023,BED,MA,ANE,EN,Towers with Radar,3,82,65,1,151,0,0,0,0,0,3,82,65,1,151,0,0,0,151
04/17/2023,BED,MA,ANE,EN,Towers with Radar,0,63,64,1,128,0,0,0,0,0,0,63,64,1,128,0,0,0,128
04/18/2023,BED,MA,ANE,EN,Towers with Radar,2,73,66,1,142,0,20,73,0,93,2,93,139,1,235,80,0,80,315
04/19/2023,BED,MA,ANE,EN,Towers with Radar,0,61,71,2,134,0,11,90,0,101,0,72,161,2,235,56,0,56,291
04/20/2023,BED,MA,ANE,EN,Towers with Radar,4,60,54,0,118,0,19,158,0,177,4,79,212,0,295,158,0,158,453
04/21/2023,BED,MA,ANE,EN,Towers with Radar,1,46,67,2,116,0,18,110,0,128,1,64,177,2,244,136,0,136,380
04/22/2023,BED,MA,ANE,EN,Towers with Radar,0,69,63,1,133,0,2,45,0,47,0,71,108,1,180,186,0,186,366
04/23/2023,BED,MA,ANE,EN,Towers with Radar,0,103,68,0,171,0,0,0,0,0,0,103,68,0,171,0,0,0,171
04/24/2023,BED,MA,ANE,EN,Towers with Radar,2,69,77,0,148,0,4,47,0,51,2,73,124,0,199,88,0,88,287
04/25/2023,BED,MA,ANE,EN,Towers with Radar,2,70,68,0,140,0,8,84,0,92,2,78,152,0,232,140,0,140,372
04/26/2023,BED,MA,ANE,EN,Towers with Radar,2,75,107,4,188,0,8,73,0,81,2,83,180,4,269,118,0,118,387
04/27/2023,BED,MA,ANE,EN,Towers with Radar,1,66,66,0,133,0,6,105,0,111,1,72,171,0,244,256,0,256,500
04/28/2023,BED,MA,ANE,EN,Towers with Radar,2,80,94,0,176,0,11,113,1,125,2,91,207,1,301,120,0,120,421
04/29/2023,BED,MA,ANE,EN,Towers with Radar,1,44,36,0,81,0,5,92,0,97,1,49,128,0,178,142,0,142,320
04/30/2023,BED,MA,ANE,EN,Towers with Radar,4,98,61,0,163,0,0,0,0,0,4,98,61,0,163,0,0,0,163
05/01/2023,BED,MA,ANE,EN,Towers with Radar,1,82,58,0,141,0,8,63,0,71,1,90,121,0,212,82,0,82,294
05/02/2023,BED,MA,ANE,EN,Towers with Radar,3,60,67,0,130,0,2,12,0,14,3,62,79,0,144,32,0,32,176
05/03/2023,BED,MA,ANE,EN,Towers with Radar,0,88,72,0,160,0,3,60,0,63,0,91,132,0,223,100,0,100,323
05/04/2023,BED,MA,ANE,EN,Towers with Radar,1,71,81,0,153,0,5,17,0,22,1,76,98,0,175,36,0,36,211
05/05/2023,BED,MA,ANE,EN,Towers with Radar,2,68,103,2,175,0,5,44,1,50,2,73,147,3,225,82,0,82,307
05/06/2023,BED,MA,ANE,EN,Towers with Radar,0,47,34,0,81,0,11,167,0,178,0,58,201,0,259,108,0,108,367
05/07/2023,BED,MA,ANE,EN,Towers with Radar,2,78,65,3,148,0,7,200,0,207,2,85,265,3,355,146,0,146,501
05/08/2023,BED,MA,ANE,EN,Towers with Radar,0,66,72,3,141,0,18,100,0,118,0,84,172,3,259,122,0,122,381
05/09/2023,BED,MA,ANE,EN,Towers with Radar,3,68,69,1,141,0,17,155,0,172,3,85,224,1,313,202,0,202,515
05/10/2023,BED,MA,ANE,EN,Towers with Radar,1,66,69,0,136,0,16,176,0,192,1,82,245,0,328,156,0,156,484
05/11/2023,BED,MA,ANE,EN,Towers with Radar,0,81,72,1,154,0,21,154,0,175,0,102,226,1,329,198,0,198,527
05/12/2023,BED,MA,ANE,EN,Towers with Radar,2,66,79,0,147,0,19,128,0,147,2,85,207,0,294,129,0,129,423
05/13/2023,BED,MA,ANE,EN,Towers with Radar,1,63,50,3,117,0,19,155,0,174,1,82,205,3,291,86,0,86,377
05/14/2023,BED,MA,ANE,EN,Towers with Radar,1,88,58,0,147,0,14,116,0,130,1,102,174,0,277,86,0,86,363
05/15/2023,BED,MA,ANE,EN,Towers with Radar,0,66,77,2,145,0,18,103,0,121,0,84,180,2,266,92,0,92,358
05/16/2023,BED,MA,ANE,EN,Towers with Radar,4,81,65,0,150,0,22,71,1,94,4,103,136,1,244,108,0,108,352
05/17/2023,BED,MA,ANE,EN,Towers with Radar,1,81,75,1,158,0,15,59,1,75,1,96,134,2,233,2,0,2,235
05/18/2023,BED,MA,ANE,EN,Towers with Radar,5,76,82,1,164,0,22,168,0,190,5,98,250,1,354,234,0,234,588
05/19/2023,BED,MA,ANE,EN,Towers with Radar,4,67,97,3,171,0,24,106,0,130,4,91,203,3,301,102,0,102,403
05/20/2023,BED,MA,ANE,EN,Towers with Radar,1,53,76,2,132,0,4,9,0,13,1,57,85,2,145,36,0,36,181
05/21/2023,BED,MA,ANE,EN,Towers with Radar,6,96,99,3,204,0,26,142,0,168,6,122,241,3,372,158,0,158,530
05/22/2023,BED,MA,ANE,EN,Towers with Radar,2,93,95,1,191,0,23,118,0,141,2,116,213,1,332,120,0,120,452
05/23/2023,BED,MA,ANE,EN,Towers with Radar,4,86,100,2,192,0,19,135,0,154,4,105,235,2,346,164,0,164,510
05/24/2023,BED,MA,ANE,EN,Towers with Radar,2,98,87,0,187,0,7,124,0,131,2,105,211,0,318,118,0,118,436
05/25/2023,BED,MA,ANE,EN,Towers with Radar,1,120,85,0,206,0,26,140,0,166,1,146,225,0,372,142,0,142,514
05/26/2023,BED,MA,ANE,EN,Towers with Radar,3,101,58,0,162,0,19,158,0,177,3,120,216,0,339,94,0,94,433
05/27/2023,BED,MA,ANE,EN,Towers with Radar,2,52,35,0,89,0,17,143,0,160,2,69,178,0,249,182,0,182,431
05/28/2023,BED,MA,ANE,EN,Towers with Radar,2,47,41,0,90,0,15,137,0,152,2,62,178,0,242,84,0,84,326
05/29/2023,BED,MA,ANE,EN,Towers with Radar,2,107,62,0,171,0,22,108,0,130,2,129,170,0,301,48,0,48,349
05/30/2023,BED,MA,ANE,EN,Towers with Radar,4,80,87,0,171,0,21,114,0,135,4,101,201,0,306,178,0,178,484
05/31/2023,BED,MA,ANE,EN,Towers with Radar,3,76,70,1,150,0,20,182,0,202,3,96,252,1,352,232,0,232,584
06/01/2023,BED,MA,ANE,EN,Towers with Radar,0,73,79,1,153,0,22,160,1,183,0,95,239,2,336,202,0,202,538
06/02/2023,BED,MA,ANE,EN,Towers with Radar,0,84,76,0,160,0,17,89,0,106,0,101,165,0,266,148,0,148,414
06/03/2023,BED,MA,ANE,EN,Towers with Radar,3,64,80,2,149,0,3,2,0,5,3,67,82,2,154,12,0,12,166
06/04/2023,BED,MA,ANE,EN,Towers with Radar,5,109,90,1,205,0,10,9,0,19,5,119,99,1,224,8,0,8,232
06/05/2023,BED,MA,ANE,EN,Towers with Radar,4,83,81,5,173,0,8,21,0,29,4,91,102,5,202,44,0,44,246
06/06/2023,BED,MA,ANE,EN,Towers with Radar,2,54,70,0,126,0,16,87,0,103,2,70,157,0,229,244,0,244,473
06/07/2023,BED,MA,ANE,EN,Towers with Radar,0,57,75,0,132,0,17,133,0,150,0,74,208,0,282,157,0,157,439
06/08/2023,BED,MA,ANE,EN,Towers with Radar,0,85,82,2,169,0,13,108,0,121,0,98,190,2,290,240,0,240,530
06/09/2023,BED,MA,ANE,EN,Towers with Radar,3,76,61,0,140,0,8,29,0,37,3,84,90,0,177,66,0,66,243
06/10/2023,BED,MA,ANE,EN,Towers with Radar,0,40,56,0,96,0,17,56,0,73,0,57,112,0,169,88,0,88,257
06/11/2023,BED,MA,ANE,EN,Towers with Radar,0,68,56,0,124,0,12,204,0,216,0,80,260,0,340,224,0,224,564
06/12/2023,BED,MA,ANE,EN,Towers with Radar,0,85,54,0,139,0,14,117,0,131,0,99,171,0,270,214,0,214,484
06/13/2023,BED,MA,ANE,EN,Towers with Radar,2,72,88,3,165,0,0,6,0,6,2,72,94,3,171,16,0,16,187
06/14/2023,BED,MA,ANE,EN,Towers with Radar,0,69,101,0,170,0,12,106,0,118,0,81,207,0,288,116,0,116,404
06/15/2023,BED,MA,ANE,EN,Towers with Radar,0,62,82,3,147,0,5,119,0,124,0,67,201,3,271,208,0,208,479
06/16/2023,BED,MA,ANE,EN,Towers with Radar,1,84,90,0,175,0,18,125,0,143,1,102,215,0,318,170,0,170,488
06/17/2023,BED,MA,ANE,EN,Towers with Radar,2,72,54,1,129,0,0,0,0,0,2,72,54,1,129,0,0,0,129
06/18/2023,BED,MA,ANE,EN,Towers with Radar,1,69,69,0,139,0,12,98,0,110,1,81,167,0,249,184,0,184,433
06/19/2023,BED,MA,ANE,EN,Towers with Radar,0,85,72,0,157,0,9,110,0,119,0,94,182,0,276,222,0,222,498
06/20/2023,BED,MA,ANE,EN,Towers with Radar,2,66,82,0,150,0,15,116,0,131,2,81,198,0,281,124,0,124,405
06/21/2023,BED,MA,ANE,EN,Towers with Radar,0,66,67,0,133,0,17,145,0,162,0,83,212,0,295,214,0,214,509
06/22/2023,BED,MA,ANE,EN,Towers with Radar,0,75,83,0,158,0,13,140,0,153,0,88,223,0,311,212,0,212,523
06/23/2023,BED,MA,ANE,EN,Towers with Radar,3,72,77,0,152,0,7,39,0,46,3,79,116,0,198,82,0,82,280
06/24/2023,BED,MA,ANE,EN,Towers with Radar,0,46,35,0,81,0,9,6,0,15,0,55,41,0,96,12,0,12,108
06/25/2023,BED,MA,ANE,EN,Towers with Radar,1,80,74,0,155,0,5,45,0,50,1,85,119,0,205,122,0,122,327
06/26/2023,BED,MA,ANE,EN,Towers with Radar,1,87,53,0,141,0,5,11,0,16,1,92,64,0,157,18,0,18,175
06/27/2023,BED,MA,ANE,EN,Towers with Radar,2,95,88,0,185,0,11,25,0,36,2,106,113,0,221,92,0,92,313
06/28/2023,BED,MA,ANE,EN,Towers with Radar,0,73,84,2,159,0,1,2,0,3,0,74,86,2,162,0,0,0,162
06/29/2023,BED,MA,ANE,EN,Towers with Radar,1,122,102,5,230,0,8,132,0,140,1,130,234,5,370,138,0,138,508
06/30/2023,BED,MA,ANE,EN,Towers with Radar,2,62,77,2,143,0,10,180,0,190,2,72,257,2,333,164,0,164,497
07/01/2023,BED,MA,ANE,EN,Towers with Radar,0,65,88,0,153,0,12,53,0,65,0,77,141,0,218,98,0,98,316
07/02/2023,BED,MA,ANE,EN,Towers with Radar,3,54,40,0,97,0,0,0,0,0,3,54,40,0,97,0,0,0,97
07/03/2023,BED,MA,ANE,EN,Towers with Radar,1,40,39,0,80,0,6,12,0,18,1,46,51,0,98,56,0,56,154
07/04/2023,BED,MA,ANE,EN,Towers with Radar,0,33,30,1,64,0,0,0,0,0,0,33,30,1,64,0,0,0,64
07/05/2023,BED,MA,ANE,EN,Towers with Radar,0,37,66,1,104,0,13,138,0,151,0,50,204,1,255,190,0,190,445
07/06/2023,BED,MA,ANE,EN,Towers with Radar,2,43,55,4,104,0,20,154,0,174,2,63,209,4,278,119,0,119,397
07/07/2023,BED,MA,ANE,EN,Towers with Radar,3,79,74,4,160,0,14,190,0,204,3,93,264,4,364,136,0,136,500
07/08/2023,BED,MA,ANE,EN,Towers with Radar,3,51,74,0,128,0,10,76,0,86,3,61,150,0,214,156,0,156,370
07/09/2023,BED,MA,ANE,EN,Towers with Radar,1,99,75,1,176,0,7,17,0,24,1,106,92,1,200,48,0,48,248
07/10/2023,BED,MA,ANE,EN,Towers with Radar,0,79,70,1,150,0,0,0,0,0,0,79,70,1,150,0,0,0,150
07/11/2023,BED,MA,ANE,EN,Towers with Radar,0,68,68,0,136,0,19,184,0,203,0,87,252,0,339,194,0,194,533
07/12/2023,BED,MA,ANE,EN,Towers with Radar,0,74,76,0,150,0,12,191,0,203,0,86,267,0,353,192,0,192,545
07/13/2023,BED,MA,ANE,EN,Towers with Radar,1,92,70,0,163,0,25,163,1,189,1,117,233,1,352,146,0,146,498
07/14/2023,BED,MA,ANE,EN,Towers with Radar,1,70,53,0,124,0,12,55,0,67,1,82,108,0,191,98,0,98,289
07/15/2023,BED,MA,ANE,EN,Towers with Radar,0,53,77,2,132,0,11,99,3,113,0,64,176,5,245,174,0,174,419
07/16/2023,BED,MA,ANE,EN,Towers with Radar,0,108,63,0,171,0,0,0,0,0,0,108,63,0,171,0,0,0,171
07/17/2023,BED,MA,ANE,EN,Towers with Radar,2,75,103,0,180,0,13,113,0,126,2,88,216,0,306,230,0,230,536
07/18/2023,BED,MA,ANE,EN,Towers with Radar,2,73,90,0,165,0,4,59,0,63,2,77,149,0,228,119,0,119,347
07/19/2023,BED,MA,ANE,EN,Towers with Radar,0,67,80,0,147,0,36,166,0,202,0,103,246,0,349,252,0,252,601
07/20/2023,BED,MA,ANE,EN,Towers with Radar,0,87,85,0,172,0,25,206,2,233,0,112,291,2,405,152,0,152,557
07/21/2023,BED,MA,ANE,EN,Towers with Radar,2,66,76,1,145,0,3,30,1,34,2,69,106,2,179,34,0,34,213
07/22/2023,BED,MA,ANE,EN,Towers with Radar,0,44,69,0,113,0,8,105,0,113,0,52,174,0,226,150,0,150,376
07/23/2023,BED,MA,ANE,EN,Towers with Radar,2,88,87,2,179,0,11,187,0,198,2,99,274,2,377,219,0,219,596
07/24/2023,BED,MA,ANE,EN,Towers with Radar,0,75,88,0,163,0,18,117,0,135,0,93,205,0,298,164,0,164,462
07/25/2023,BED,MA,ANE,EN,Towers with Radar,2,82,59,0,143,0,11,63,0,74,2,93,122,0,217,64,0,64,281
07/26/2023,BED,MA,ANE,EN,Towers with Radar,1,82,73,0,156,0,11,159,0,170,1,93,232,0,326,164,0,164,490
07/27/2023,BED,MA,ANE,EN,Towers with Radar,0,101,83,2,186,0,3,21,0,24,0,104,104,2,210,8,0,8,218
07/28/2023,BED,MA,ANE,EN,Towers with Radar,2,66,55,0,123,0,8,172,0,180,2,74,227,0,303,123,0,123,426
07/29/2023,BED,MA,ANE,EN,Towers with Radar,0,35,32,0,67,0,3,55,0,58,0,38,87,0,125,84,0,84,209
07/30/2023,BED,MA,ANE,EN,Towers with Radar,0,80,74,1,155,0,8,153,0,161,0,88,227,1,316,210,0,210,526
07/31/2023,BED,MA,ANE,EN,Towers with Radar,2,68,44,0,114,0,14,143,0,157,2,82,187,0,271,132,0,132,403
08/01/2023,BED,MA,ANE,EN,Towers with Radar,0,58,51,0,109,0,16,160,1,177,0,74,211,1,286,186,0,186,472
08/02/2023,BED,MA,ANE,EN,Towers with Radar,2,77,72,0,151,3,14,183,0,200,5,91,255,0,351,122,0,122,473
08/03/2023,BED,MA,ANE,EN,Towers with Radar,1,77,58,4,140,0,13,136,0,149,1,90,194,4,289,146,0,146,435
08/04/2023,BED,MA,ANE,EN,Towers with Radar,1,71,53,0,125,0,7,45,0,52,1,78,98,0,177,45,0,45,222
08/05/2023,BED,MA,ANE,EN,Towers with Radar,2,37,46,0,85,0,10,153,0,163,2,47,199,0,248,194,0,194,442
08/06/2023,BED,MA,ANE,EN,Towers with Radar,2,71,65,0,138,0,16,196,0,212,2,87,261,0,350,250,0,250,600
08/07/2023,BED,MA,ANE,EN,Towers with Radar,0,79,57,2,138,0,4,27,0,31,0,83,84,2,169,46,0,46,215
08/08/2023,BED,MA,ANE,EN,Towers with Radar,2,53,38,3,96,0,1,6,0,7,2,54,44,3,103,0,0,0,103
08/09/2023,BED,MA,ANE,EN,Towers with Radar,1,58,49,1,109,0,14,121,0,135,1,72,170,1,244,82,0,82,326
08/10/2023,BED,MA,ANE,EN,Towers with Radar,1,69,55,1,126,0,9,127,0,136,1,78,182,1,262,74,0,74,336
08/11/2023,BED,MA,ANE,EN,Towers with Radar,0,65,58,1,124,0,14,135,0,149,0,79,193,1,273,98,0,98,371
08/12/2023,BED,MA,ANE,EN,Towers with Radar,7,41,56,1,105,0,2,175,0,177,7,43,231,1,282,158,0,158,440
08/13/2023,BED,MA,ANE,EN,Towers with Radar,0,56,66,0,122,0,7,88,0,95,0,63,154,0,217,110,0,110,327
08/14/2023,BED,MA,ANE,EN,Towers with Radar,0,73,48,2,123,0,19,162,0,181,0,92,210,2,304,112,0,112,416
08/15/2023,BED,MA,ANE,EN,Towers with Radar,2,81,64,0,147,0,0,0,0,0,2,81,64,0,147,0,0,0,147
08/16/2023,BED,MA,ANE,EN,Towers with Radar,0,65,93,1,159,0,2,0,0,2,0,67,93,1,161,0,0,0,161
08/17/2023,BED,MA,ANE,EN,Towers with Radar,0,78,90,0,168,0,2,18,0,20,0,80,108,0,188,84,0,84,272
08/18/2023,BED,MA,ANE,EN,Towers with Radar,0,90,81,0,171,0,3,23,0,26,0,93,104,0,197,28,0,28,225
08/19/2023,BED,MA,ANE,EN,Towers with Radar,0,43,57,0,100,0,11,102,0,113,0,54,159,0,213,164,0,164,377
08/20/2023,BED,MA,ANE,EN,Towers with Radar,0,79,58,0,137,21,16,179,0,216,21,95,237,0,353,196,0,196,549
08/21/2023,BED,MA,ANE,EN,Towers with Radar,0,83,40,0,123,0,9,125,2,136,0,92,165,2,259,116,0,116,375
08/22/2023,BED,MA,ANE,EN,Towers with Radar,0,61,64,0,125,0,15,157,0,172,0,76,221,0,297,186,0,186,483
08/23/2023,BED,MA,ANE,EN,Towers with Radar,0,59,60,0,119,0,13,198,0,211,0,72,258,0,330,126,0,126,456
08/24/2023,BED,MA,ANE,EN,Towers with Radar,0,89,77,0,166,0,17,197,0,214,0,106,274,0,380,150,0,150,530
08/25/2023,BED,MA,ANE,EN,Towers with Radar,3,86,69,3,161,0,0,0,0,0,3,86,69,3,161,0,0,0,161
08/26/2023,BED,MA,ANE,EN,Towers with Radar,10,78,72,0,160,0,9,91,0,100,10,87,163,0,260,124,0,124,384
08/27/2023,BED,MA,ANE,EN,Towers with Radar,3,104,82,0,189,0,3,33,0,36,3,107,115,0,225,60,0,60,285
08/28/2023,BED,MA,ANE,EN,Towers with Radar,0,68,80,0,148,0,10,112,0,122,0,78,192,0,270,146,0,146,416
08/29/2023,BED,MA,ANE,EN,Towers with Radar,7,103,90,1,201,0,3,54,4,61,7,106,144,5,262,172,0,172,434
08/30/2023,BED,MA,ANE,EN,Towers with Radar,0,71,74,1,146,0,2,41,0,43,0,73,115,1,189,24,0,24,213
08/31/2023,BED,MA,ANE,EN,Towers with Radar,2,87,85,1,175,0,21,158,15,194,2,108,243,16,369,74,0,74,443
