01/01/2020,BET,AK,AAL,WE,Federal Contract Tower,1,3,0,0,4,0,1,0,0,1,1,4,0,0,5,0,0,0,5
01/02/2020,BET,AK,AAL,WE,Federal Contract Tower,5,6,0,0,11,0,147,23,0,170,5,153,23,0,181,0,0,0,181
01/03/2020,BET,AK,AAL,WE,Federal Contract Tower,9,3,0,0,12,0,164,18,0,182,9,167,18,0,194,0,0,0,194
01/04/2020,BET,AK,AAL,WE,Federal Contract Tower,6,10,0,0,16,1,160,16,0,177,7,170,16,0,193,8,0,8,201
01/05/2020,BET,AK,AAL,WE,Federal Contract Tower,3,7,0,0,10,0,101,15,0,116,3,108,15,0,126,10,0,10,136
01/06/2020,BET,AK,AAL,WE,Federal Contract Tower,8,4,3,0,15,1,168,14,4,187,9,172,17,4,202,20,0,20,222
01/07/2020,BET,AK,AAL,WE,Federal Contract Tower,6,8,0,0,14,0,221,10,0,231,6,229,10,0,245,2,0,2,247
01/08/2020,BET,AK,AAL,WE,Federal Contract Tower,9,6,1,0,16,1,169,22,0,192,10,175,23,0,208,10,0,10,218
01/09/2020,BET,AK,AAL,WE,Federal Contract Tower,5,21,0,0,26,1,133,16,2,152,6,154,16,2,178,2,0,2,180
01/10/2020,BET,AK,AAL,WE,Federal Contract Tower,8,16,0,0,24,0,78,22,0,100,8,94,22,0,124,0,0,0,124
01/11/2020,BET,AK,AAL,WE,Federal Contract Tower,10,16,3,0,29,0,112,24,0,136,10,128,27,0,165,8,0,8,173
01/12/2020,BET,AK,AAL,WE,Federal Contract Tower,4,30,0,0,34,0,87,10,0,97,4,117,10,0,131,9,0,9,140
01/13/2020,BET,AK,AAL,WE,Federal Contract Tower,8,10,0,0,18,0,164,22,2,188,8,174,22,2,206,8,0,8,214
01/14/2020,BET,AK,AAL,WE,Federal Contract Tower,7,8,2,0,17,0,190,23,1,214,7,198,25,1,231,14,0,14,245
01/15/2020,BET,AK,AAL,WE,Federal Contract Tower,11,12,1,0,24,0,138,25,2,165,11,150,26,2,189,2,0,2,191
01/16/2020,BET,AK,AAL,WE,Federal Contract Tower,11,5,0,2,18,0,223,28,0,251,11,228,28,2,269,4,0,4,273
01/17/2020,BET,AK,AAL,WE,Federal Contract Tower,6,12,0,0,18,0,238,15,0,253,6,250,15,0,271,8,0,8,279
01/18/2020,BET,AK,AAL,WE,Federal Contract Tower,15,7,0,0,22,0,186,18,0,204,15,193,18,0,226,0,0,0,226
01/19/2020,BET,AK,AAL,WE,Federal Contract Tower,3,19,1,0,23,0,130,13,0,143,3,149,14,0,166,0,0,0,166
01/21/2020,BET,AK,AAL,WE,Federal Contract Tower,17,78,5,3,103,0,40,1,0,41,17,118,6,3,144,3,0,3,147
01/22/2020,BET,AK,AAL,WE,Federal Contract Tower,9,55,0,0,64,0,0,0,0,0,9,55,0,0,64,0,0,0,64
01/23/2020,BET,AK,AAL,WE,Federal Contract Tower,8,45,0,0,53,0,126,22,0,148,8,171,22,0,201,8,0,8,209
01/24/2020,BET,AK,AAL,WE,Federal Contract Tower,7,5,0,0,12,0,221,38,2,261,7,226,38,2,273,0,0,0,273
01/25/2020,BET,AK,AAL,WE,Federal Contract Tower,8,6,0,0,14,0,189,15,0,204,8,195,15,0,218,30,0,30,248
01/26/2020,BET,AK,AAL,WE,Federal Contract Tower,4,9,0,0,13,1,101,7,0,109,5,110,7,0,122,20,0,20,142
01/27/2020,BET,AK,AAL,WE,Federal Contract Tower,13,9,1,0,23,0,220,13,0,233,13,229,14,0,256,4,0,4,260
01/29/2020,BET,AK,AAL,WE,Federal Contract Tower,10,14,2,0,26,0,175,8,0,183,10,189,10,0,209,2,0,2,211
01/30/2020,BET,AK,AAL,WE,Federal Contract Tower,9,21,0,0,30,0,176,11,0,187,9,197,11,0,217,0,0,0,217
01/31/2020,BET,AK,AAL,WE,Federal Contract Tower,9,16,2,0,27,0,198,16,0,214,9,214,18,0,241,0,0,0,241
02/01/2020,BET,AK,AAL,WE,Federal Contract Tower,6,10,0,0,16,0,151,21,0,172,6,161,21,0,188,18,0,18,206
02/02/2020,BET,AK,AAL,WE,Federal Contract Tower,0,5,0,0,5,0,1,0,0,1,0,6,0,0,6,0,0,0,6
02/03/2020,BET,AK,AAL,WE,Federal Contract Tower,10,30,0,3,43,0,73,0,4,77,10,103,0,7,120,4,0,4,124
02/04/2020,BET,AK,AAL,WE,Federal Contract Tower,6,26,0,0,32,0,83,7,1,91,6,109,7,1,123,0,0,0,123
02/06/2020,BET,AK,AAL,WE,Federal Contract Tower,6,65,11,2,84,0,28,1,0,29,6,93,12,2,113,0,0,0,113
02/07/2020,BET,AK,AAL,WE,Federal Contract Tower,6,8,0,0,14,1,153,23,3,180,7,161,23,3,194,2,0,2,196
02/08/2020,BET,AK,AAL,WE,Federal Contract Tower,4,11,6,0,21,0,0,0,0,0,4,11,6,0,21,0,0,0,21
02/09/2020,BET,AK,AAL,WE,Federal Contract Tower,3,19,0,0,22,0,160,35,0,195,3,179,35,0,217,0,0,0,217
02/10/2020,BET,AK,AAL,WE,Federal Contract Tower,11,0,2,0,13,0,185,43,2,230,11,185,45,2,243,8,0,8,251
02/11/2020,BET,AK,AAL,WE,Federal Contract Tower,11,6,0,0,17,0,150,16,0,166,11,156,16,0,183,2,0,2,185
02/12/2020,BET,AK,AAL,WE,Federal Contract Tower,9,8,0,0,17,0,191,22,0,213,9,199,22,0,230,4,0,4,234
02/13/2020,BET,AK,AAL,WE,Federal Contract Tower,8,9,0,0,17,0,197,18,0,215,8,206,18,0,232,3,0,3,235
02/14/2020,BET,AK,AAL,WE,Federal Contract Tower,11,24,0,0,35,0,116,17,0,133,11,140,17,0,168,4,0,4,172
02/15/2020,BET,AK,AAL,WE,Federal Contract Tower,5,20,0,0,25,0,0,0,0,0,5,20,0,0,25,0,0,0,25
02/16/2020,BET,AK,AAL,WE,Federal Contract Tower,7,30,0,0,37,0,98,12,0,110,7,128,12,0,147,24,0,24,171
02/17/2020,BET,AK,AAL,WE,Federal Contract Tower,9,6,0,0,15,1,81,4,0,86,10,87,4,0,101,4,0,4,105
02/18/2020,BET,AK,AAL,WE,Federal Contract Tower,0,2,0,0,2,0,0,0,0,0,0,2,0,0,2,0,0,0,2
02/19/2020,BET,AK,AAL,WE,Federal Contract Tower,7,39,0,0,46,0,159,12,2,173,7,198,12,2,219,0,0,0,219
02/20/2020,BET,AK,AAL,WE,Federal Contract Tower,5,29,3,0,37,0,23,0,0,23,5,52,3,0,60,2,0,2,62
02/21/2020,BET,AK,AAL,WE,Federal Contract Tower,6,45,2,0,53,0,57,7,0,64,6,102,9,0,117,0,0,0,117
02/22/2020,BET,AK,AAL,WE,Federal Contract Tower,7,8,1,0,16,1,218,39,0,258,8,226,40,0,274,4,0,4,278
02/23/2020,BET,AK,AAL,WE,Federal Contract Tower,4,9,0,0,13,0,171,30,0,201,4,180,30,0,214,12,0,12,226
02/24/2020,BET,AK,AAL,WE,Federal Contract Tower,12,8,1,0,21,0,210,32,2,244,12,218,33,2,265,0,0,0,265
02/25/2020,BET,AK,AAL,WE,Federal Contract Tower,6,9,0,0,15,0,132,9,2,143,6,141,9,2,158,0,0,0,158
02/26/2020,BET,AK,AAL,WE,Federal Contract Tower,11,13,0,0,24,0,163,15,0,178,11,176,15,0,202,10,0,10,212
02/27/2020,BET,AK,AAL,WE,Federal Contract Tower,9,4,0,0,13,1,215,20,1,237,10,219,20,1,250,4,0,4,254
02/28/2020,BET,AK,AAL,WE,Federal Contract Tower,12,9,0,0,21,0,222,19,0,241,12,231,19,0,262,1,0,1,263
02/29/2020,BET,AK,AAL,WE,Federal Contract Tower,3,10,0,2,15,0,67,5,0,72,3,77,5,2,87,0,0,0,87
03/01/2020,BET,AK,AAL,WE,Federal Contract Tower,4,17,0,2,23,0,21,0,0,21,4,38,0,2,44,0,0,0,44
03/02/2020,BET,AK,AAL,WE,Federal Contract Tower,14,6,0,0,20,0,169,28,0,197,14,175,28,0,217,0,0,0,217
03/03/2020,BET,AK,AAL,WE,Federal Contract Tower,10,12,0,0,22,0,203,19,3,225,10,215,19,3,247,4,4,8,255
03/04/2020,BET,AK,AAL,WE,Federal Contract Tower,7,8,0,2,17,0,191,30,0,221,7,199,30,2,238,13,0,13,251
03/05/2020,BET,AK,AAL,WE,Federal Contract Tower,9,13,0,0,22,0,144,12,0,156,9,157,12,0,178,4,0,4,182
03/06/2020,BET,AK,AAL,WE,Federal Contract Tower,9,10,0,0,19,0,159,8,0,167,9,169,8,0,186,0,0,0,186
03/07/2020,BET,AK,AAL,WE,Federal Contract Tower,11,50,1,0,62,0,104,6,0,110,11,154,7,0,172,0,0,0,172
03/08/2020,BET,AK,AAL,WE,Federal Contract Tower,2,12,0,0,14,0,202,13,0,215,2,214,13,0,229,10,0,10,239
03/09/2020,BET,AK,AAL,WE,Federal Contract Tower,11,10,1,0,22,1,223,9,0,233,12,233,10,0,255,0,0,0,255
03/10/2020,BET,AK,AAL,WE,Federal Contract Tower,7,24,2,0,33,0,148,22,2,172,7,172,24,2,205,0,0,0,205
03/11/2020,BET,AK,AAL,WE,Federal Contract Tower,12,47,2,0,61,0,87,13,0,100,12,134,15,0,161,8,0,8,169
03/12/2020,BET,AK,AAL,WE,Federal Contract Tower,9,6,1,0,16,0,168,18,0,186,9,174,19,0,202,0,2,2,204
03/13/2020,BET,AK,AAL,WE,Federal Contract Tower,9,9,0,0,18,0,188,12,0,200,9,197,12,0,218,0,0,0,218
03/14/2020,BET,AK,AAL,WE,Federal Contract Tower,12,7,0,0,19,0,156,7,0,163,12,163,7,0,182,0,0,0,182
03/15/2020,BET,AK,AAL,WE,Federal Contract Tower,7,13,0,0,20,0,126,3,0,129,7,139,3,0,149,4,0,4,153
03/16/2020,BET,AK,AAL,WE,Federal Contract Tower,13,6,0,0,19,0,190,12,0,202,13,196,12,0,221,0,0,0,221
03/17/2020,BET,AK,AAL,WE,Federal Contract Tower,8,27,2,0,37,0,13,0,0,13,8,40,2,0,50,0,0,0,50
03/18/2020,BET,AK,AAL,WE,Federal Contract Tower,10,13,0,0,23,0,143,4,0,147,10,156,4,0,170,0,0,0,170
03/19/2020,BET,AK,AAL,WE,Federal Contract Tower,10,20,0,0,30,0,49,1,0,50,10,69,1,0,80,2,0,2,82
03/20/2020,BET,AK,AAL,WE,Federal Contract Tower,8,38,0,0,46,0,54,0,0,54,8,92,0,0,100,0,0,0,100
03/21/2020,BET,AK,AAL,WE,Federal Contract Tower,7,36,0,0,43,0,62,0,0,62,7,98,0,0,105,0,0,0,105
03/22/2020,BET,AK,AAL,WE,Federal Contract Tower,5,17,0,0,22,0,133,7,0,140,5,150,7,0,162,0,0,0,162
03/23/2020,BET,AK,AAL,WE,Federal Contract Tower,7,8,1,0,16,0,38,8,0,46,7,46,9,0,62,0,0,0,62
03/24/2020,BET,AK,AAL,WE,Federal Contract Tower,5,14,0,1,20,0,7,1,1,9,5,21,1,2,29,0,0,0,29
03/25/2020,BET,AK,AAL,WE,Federal Contract Tower,8,19,0,0,27,0,0,0,0,0,8,19,0,0,27,0,0,0,27
03/26/2020,BET,AK,AAL,WE,Federal Contract Tower,11,23,0,0,34,0,192,53,0,245,11,215,53,0,279,0,0,0,279
03/27/2020,BET,AK,AAL,WE,Federal Contract Tower,9,31,0,0,40,0,13,0,0,13,9,44,0,0,53,0,0,0,53
03/28/2020,BET,AK,AAL,WE,Federal Contract Tower,12,11,0,0,23,0,63,1,0,64,12,74,1,0,87,0,0,0,87
03/29/2020,BET,AK,AAL,WE,Federal Contract Tower,4,0,0,0,4,0,178,63,0,241,4,178,63,0,245,6,0,6,251
03/30/2020,BET,AK,AAL,WE,Federal Contract Tower,13,3,0,0,16,1,176,71,0,248,14,179,71,0,264,0,0,0,264
03/31/2020,BET,AK,AAL,WE,Federal Contract Tower,11,5,0,0,16,0,138,50,0,188,11,143,50,0,204,0,0,0,204
04/01/2020,BET,AK,AAL,WE,Federal Contract Tower,9,66,0,0,75,0,71,15,0,86,9,137,15,0,161,0,0,0,161
04/02/2020,BET,AK,AAL,WE,Federal Contract Tower,4,10,0,0,14,0,65,34,0,99,4,75,34,0,113,4,0,4,117
04/03/2020,BET,AK,AAL,WE,Federal Contract Tower,2,8,0,0,10,0,0,0,0,0,2,8,0,0,10,0,0,0,10
04/04/2020,BET,AK,AAL,WE,Federal Contract Tower,13,31,0,0,44,0,23,0,0,23,13,54,0,0,67,0,0,0,67
04/05/2020,BET,AK,AAL,WE,Federal Contract Tower,6,6,0,2,14,0,50,6,4,60,6,56,6,6,74,0,0,0,74
04/06/2020,BET,AK,AAL,WE,Federal Contract Tower,10,9,2,0,21,0,148,85,2,235,10,157,87,2,256,0,0,0,256
04/07/2020,BET,AK,AAL,WE,Federal Contract Tower,8,26,18,2,54,0,51,28,0,79,8,77,46,2,133,0,0,0,133
04/08/2020,BET,AK,AAL,WE,Federal Contract Tower,13,3,0,0,16,0,152,24,0,176,13,155,24,0,192,6,0,6,198
04/09/2020,BET,AK,AAL,WE,Federal Contract Tower,12,19,0,0,31,0,7,0,0,7,12,26,0,0,38,0,0,0,38
04/10/2020,BET,AK,AAL,WE,Federal Contract Tower,12,2,1,0,15,2,196,27,0,225,14,198,28,0,240,0,0,0,240
04/11/2020,BET,AK,AAL,WE,Federal Contract Tower,7,5,0,0,12,0,60,7,0,67,7,65,7,0,79,0,0,0,79
04/12/2020,BET,AK,AAL,WE,Federal Contract Tower,4,0,0,0,4,0,0,3,2,5,4,0,3,2,9,0,0,0,9
04/13/2020,BET,AK,AAL,WE,Federal Contract Tower,7,19,0,2,28,1,127,14,2,144,8,146,14,4,172,0,0,0,172
04/14/2020,BET,AK,AAL,WE,Federal Contract Tower,6,11,4,0,21,0,65,10,1,76,6,76,14,1,97,0,0,0,97
04/15/2020,BET,AK,AAL,WE,Federal Contract Tower,7,11,1,0,19,0,7,2,0,9,7,18,3,0,28,0,0,0,28
04/16/2020,BET,AK,AAL,WE,Federal Contract Tower,8,6,2,0,16,0,92,32,0,124,8,98,34,0,140,0,0,0,140
04/17/2020,BET,AK,AAL,WE,Federal Contract Tower,15,20,6,0,41,0,68,26,0,94,15,88,32,0,135,0,0,0,135
04/18/2020,BET,AK,AAL,WE,Federal Contract Tower,7,5,0,0,12,0,67,24,0,91,7,72,24,0,103,0,0,0,103
04/19/2020,BET,AK,AAL,WE,Federal Contract Tower,6,4,0,0,10,0,0,0,0,0,6,4,0,0,10,0,0,0,10
04/20/2020,BET,AK,AAL,WE,Federal Contract Tower,6,23,8,0,37,0,54,19,0,73,6,77,27,0,110,0,0,0,110
04/21/2020,BET,AK,AAL,WE,Federal Contract Tower,5,3,4,0,12,0,199,51,0,250,5,202,55,0,262,0,0,0,262
04/22/2020,BET,AK,AAL,WE,Federal Contract Tower,10,1,2,0,13,0,191,36,0,227,10,192,38,0,240,6,0,6,246
04/23/2020,BET,AK,AAL,WE,Federal Contract Tower,10,6,0,0,16,0,153,38,1,192,10,159,38,1,208,0,0,0,208
04/24/2020,BET,AK,AAL,WE,Federal Contract Tower,7,2,2,0,11,0,138,46,1,185,7,140,48,1,196,10,0,10,206
04/25/2020,BET,AK,AAL,WE,Federal Contract Tower,10,2,0,0,12,0,116,56,0,172,10,118,56,0,184,0,0,0,184
04/26/2020,BET,AK,AAL,WE,Federal Contract Tower,3,2,0,0,5,1,25,86,0,112,4,27,86,0,117,0,0,0,117
04/27/2020,BET,AK,AAL,WE,Federal Contract Tower,14,7,0,0,21,0,171,49,0,220,14,178,49,0,241,10,0,10,251
04/28/2020,BET,AK,AAL,WE,Federal Contract Tower,8,7,4,0,19,1,152,75,2,230,9,159,79,2,249,4,0,4,253
04/29/2020,BET,AK,AAL,WE,Federal Contract Tower,9,2,0,0,11,0,150,48,0,198,9,152,48,0,209,6,0,6,215
04/30/2020,BET,AK,AAL,WE,Federal Contract Tower,8,2,1,2,13,0,196,42,0,238,8,198,43,2,251,5,0,5,256
05/01/2020,BET,AK,AAL,WE,Federal Contract Tower,8,20,3,0,31,0,128,27,2,157,8,148,30,2,188,10,0,10,198
05/02/2020,BET,AK,AAL,WE,Federal Contract Tower,9,4,0,0,13,0,140,49,0,189,9,144,49,0,202,10,0,10,212
05/03/2020,BET,AK,AAL,WE,Federal Contract Tower,4,2,0,0,6,0,90,18,0,108,4,92,18,0,114,0,0,0,114
05/04/2020,BET,AK,AAL,WE,Federal Contract Tower,9,0,0,2,11,0,184,27,0,211,9,184,27,2,222,4,0,4,226
05/05/2020,BET,AK,AAL,WE,Federal Contract Tower,9,9,6,0,24,1,135,66,2,204,10,144,72,2,228,0,0,0,228
05/06/2020,BET,AK,AAL,WE,Federal Contract Tower,8,2,0,0,10,1,152,81,2,236,9,154,81,2,246,2,0,2,248
05/07/2020,BET,AK,AAL,WE,Federal Contract Tower,12,4,0,0,16,0,142,51,1,194,12,146,51,1,210,0,0,0,210
05/08/2020,BET,AK,AAL,WE,Federal Contract Tower,9,2,7,0,18,0,127,43,0,170,9,129,50,0,188,2,0,2,190
05/09/2020,BET,AK,AAL,WE,Federal Contract Tower,16,2,0,0,18,0,107,74,0,181,16,109,74,0,199,4,0,4,203
05/10/2020,BET,AK,AAL,WE,Federal Contract Tower,4,4,0,0,8,0,32,21,0,53,4,36,21,0,61,0,0,0,61
05/11/2020,BET,AK,AAL,WE,Federal Contract Tower,11,5,0,0,16,0,152,19,2,173,11,157,19,2,189,0,0,0,189
05/12/2020,BET,AK,AAL,WE,Federal Contract Tower,7,23,13,0,43,0,112,76,0,188,7,135,89,0,231,4,0,4,235
05/13/2020,BET,AK,AAL,WE,Federal Contract Tower,5,0,3,0,8,0,138,71,0,209,5,138,74,0,217,12,0,12,229
05/14/2020,BET,AK,AAL,WE,Federal Contract Tower,11,0,0,0,11,0,154,45,2,201,11,154,45,2,212,10,0,10,222
05/15/2020,BET,AK,AAL,WE,Federal Contract Tower,13,5,2,0,20,0,136,39,0,175,13,141,41,0,195,0,0,0,195
05/17/2020,BET,AK,AAL,WE,Federal Contract Tower,4,3,0,0,7,0,26,16,0,42,4,29,16,0,49,4,0,4,53
05/18/2020,BET,AK,AAL,WE,Federal Contract Tower,9,7,0,0,16,0,168,36,1,205,9,175,36,1,221,8,0,8,229
05/19/2020,BET,AK,AAL,WE,Federal Contract Tower,5,19,3,0,27,0,114,40,0,154,5,133,43,0,181,4,4,8,189
05/20/2020,BET,AK,AAL,WE,Federal Contract Tower,7,15,0,0,22,0,112,39,0,151,7,127,39,0,173,2,0,2,175
05/21/2020,BET,AK,AAL,WE,Federal Contract Tower,6,10,0,0,16,0,155,47,1,203,6,165,47,1,219,2,0,2,221
05/22/2020,BET,AK,AAL,WE,Federal Contract Tower,9,13,0,0,22,0,161,56,0,217,9,174,56,0,239,0,0,0,239
05/23/2020,BET,AK,AAL,WE,Federal Contract Tower,11,7,0,0,18,0,119,43,0,162,11,126,43,0,180,10,0,10,190
05/24/2020,BET,AK,AAL,WE,Federal Contract Tower,4,1,0,0,5,0,40,16,0,56,4,41,16,0,61,6,0,6,67
05/26/2020,BET,AK,AAL,WE,Federal Contract Tower,6,5,2,0,13,0,142,24,2,168,6,147,26,2,181,0,0,0,181
05/27/2020,BET,AK,AAL,WE,Federal Contract Tower,11,1,2,0,14,0,139,28,0,167,11,140,30,0,181,2,0,2,183
05/30/2020,BET,AK,AAL,WE,Federal Contract Tower,11,2,0,0,13,0,120,36,0,156,11,122,36,0,169,0,0,0,169
05/31/2020,BET,AK,AAL,WE,Federal Contract Tower,4,3,0,0,7,0,42,18,0,60,4,45,18,0,67,13,0,13,80
06/01/2020,BET,AK,AAL,WE,Federal Contract Tower,6,1,1,0,8,0,155,24,2,181,6,156,25,2,189,2,0,2,191
06/02/2020,BET,AK,AAL,WE,Federal Contract Tower,7,4,0,2,13,0,145,31,0,176,7,149,31,2,189,0,0,0,189
06/03/2020,BET,AK,AAL,WE,Federal Contract Tower,5,32,4,0,41,0,68,22,0,90,5,100,26,0,131,0,0,0,131
06/04/2020,BET,AK,AAL,WE,Federal Contract Tower,17,40,7,2,66,0,86,23,0,109,17,126,30,2,175,2,0,2,177
06/05/2020,BET,AK,AAL,WE,Federal Contract Tower,11,14,0,0,25,0,155,33,0,188,11,169,33,0,213,2,0,2,215
06/06/2020,BET,AK,AAL,WE,Federal Contract Tower,11,13,0,0,24,1,118,46,0,165,12,131,46,0,189,0,0,0,189
06/07/2020,BET,AK,AAL,WE,Federal Contract Tower,6,12,10,0,28,0,13,12,0,25,6,25,22,0,53,0,0,0,53
06/08/2020,BET,AK,AAL,WE,Federal Contract Tower,10,16,0,0,26,0,133,19,0,152,10,149,19,0,178,0,0,0,178
06/09/2020,BET,AK,AAL,WE,Federal Contract Tower,9,5,7,0,21,130,40,0,0,170,139,45,7,0,191,0,0,0,191
06/10/2020,BET,AK,AAL,WE,Federal Contract Tower,14,7,6,0,27,0,158,63,1,222,14,165,69,1,249,4,0,4,253
06/11/2020,BET,AK,AAL,WE,Federal Contract Tower,10,7,1,0,18,0,168,27,0,195,10,175,28,0,213,0,0,0,213
06/12/2020,BET,AK,AAL,WE,Federal Contract Tower,11,5,0,0,16,0,138,31,0,169,11,143,31,0,185,0,0,0,185
06/13/2020,BET,AK,AAL,WE,Federal Contract Tower,10,2,0,0,12,0,131,28,0,159,10,133,28,0,171,0,0,0,171
06/14/2020,BET,AK,AAL,WE,Federal Contract Tower,8,4,0,0,12,0,38,21,0,59,8,42,21,0,71,2,0,2,73
06/15/2020,BET,AK,AAL,WE,Federal Contract Tower,9,5,0,0,14,0,153,40,2,195,9,158,40,2,209,0,0,0,209
06/16/2020,BET,AK,AAL,WE,Federal Contract Tower,10,5,2,0,17,0,162,38,6,206,10,167,40,6,223,2,0,2,225
06/17/2020,BET,AK,AAL,WE,Federal Contract Tower,9,4,0,0,13,0,132,32,0,164,9,136,32,0,177,0,0,0,177
06/18/2020,BET,AK,AAL,WE,Federal Contract Tower,12,6,0,0,18,0,194,57,0,251,12,200,57,0,269,0,0,0,269
06/19/2020,BET,AK,AAL,WE,Federal Contract Tower,11,3,0,0,14,0,157,37,2,196,11,160,37,2,210,2,0,2,212
06/21/2020,BET,AK,AAL,WE,Federal Contract Tower,10,9,1,0,20,0,68,23,0,91,10,77,24,0,111,2,0,2,113
06/22/2020,BET,AK,AAL,WE,Federal Contract Tower,12,6,3,2,23,0,146,22,4,172,12,152,25,6,195,0,0,0,195
06/23/2020,BET,AK,AAL,WE,Federal Contract Tower,9,21,8,2,40,0,130,18,0,148,9,151,26,2,188,0,0,0,188
06/24/2020,BET,AK,AAL,WE,Federal Contract Tower,11,76,6,2,95,0,48,13,0,61,11,124,19,2,156,0,0,0,156
06/25/2020,BET,AK,AAL,WE,Federal Contract Tower,11,10,0,0,21,0,167,42,0,209,11,177,42,0,230,0,0,0,230
06/26/2020,BET,AK,AAL,WE,Federal Contract Tower,13,12,0,0,25,0,158,38,0,196,13,170,38,0,221,0,0,0,221
06/27/2020,BET,AK,AAL,WE,Federal Contract Tower,13,18,1,0,32,0,95,22,0,117,13,113,23,0,149,0,0,0,149
06/28/2020,BET,AK,AAL,WE,Federal Contract Tower,6,16,1,0,23,0,78,15,0,93,6,94,16,0,116,0,0,0,116
06/29/2020,BET,AK,AAL,WE,Federal Contract Tower,8,7,3,0,18,0,160,32,2,194,8,167,35,2,212,10,0,10,222
06/30/2020,BET,AK,AAL,WE,Federal Contract Tower,7,7,4,4,22,0,152,22,0,174,7,159,26,4,196,0,0,0,196
07/01/2020,BET,AK,AAL,WE,Federal Contract Tower,15,30,5,0,50,0,106,20,0,126,15,136,25,0,176,0,0,0,176
07/02/2020,BET,AK,AAL,WE,Federal Contract Tower,4,43,16,0,63,0,45,5,0,50,4,88,21,0,113,0,0,0,113
07/03/2020,BET,AK,AAL,WE,Federal Contract Tower,9,9,0,0,18,0,111,54,0,165,9,120,54,0,183,0,0,0,183
07/04/2020,BET,AK,AAL,WE,Federal Contract Tower,5,4,0,0,9,1,15,38,0,54,6,19,38,0,63,28,0,28,91
07/05/2020,BET,AK,AAL,WE,Federal Contract Tower,6,21,3,0,30,0,30,3,0,33,6,51,6,0,63,0,0,0,63
07/06/2020,BET,AK,AAL,WE,Federal Contract Tower,10,29,3,0,42,0,108,38,0,146,10,137,41,0,188,0,0,0,188
07/07/2020,BET,AK,AAL,WE,Federal Contract Tower,11,21,3,0,35,0,120,42,0,162,11,141,45,0,197,0,0,0,197
07/08/2020,BET,AK,AAL,WE,Federal Contract Tower,9,40,9,0,58,0,48,24,0,72,9,88,33,0,130,0,0,0,130
07/09/2020,BET,AK,AAL,WE,Federal Contract Tower,13,22,7,0,42,0,99,24,0,123,13,121,31,0,165,0,0,0,165
07/10/2020,BET,AK,AAL,WE,Federal Contract Tower,6,23,6,0,35,0,91,38,0,129,6,114,44,0,164,0,0,0,164
07/11/2020,BET,AK,AAL,WE,Federal Contract Tower,11,0,0,0,11,0,123,46,0,169,11,123,46,0,180,0,0,0,180
07/12/2020,BET,AK,AAL,WE,Federal Contract Tower,6,8,0,0,14,0,130,38,0,168,6,138,38,0,182,0,0,0,182
07/13/2020,BET,AK,AAL,WE,Federal Contract Tower,10,18,5,2,35,0,124,36,0,160,10,142,41,2,195,2,0,2,197
07/14/2020,BET,AK,AAL,WE,Federal Contract Tower,8,16,6,0,30,0,150,50,0,200,8,166,56,0,230,14,0,14,244
07/15/2020,BET,AK,AAL,WE,Federal Contract Tower,10,2,1,0,13,0,141,40,4,185,10,143,41,4,198,13,0,13,211
07/16/2020,BET,AK,AAL,WE,Federal Contract Tower,9,5,0,0,14,1,202,49,2,254,10,207,49,2,268,0,0,0,268
07/17/2020,BET,AK,AAL,WE,Federal Contract Tower,9,6,0,0,15,0,160,54,0,214,9,166,54,0,229,2,0,2,231
07/18/2020,BET,AK,AAL,WE,Federal Contract Tower,16,24,3,0,43,0,123,31,0,154,16,147,34,0,197,16,0,16,213
07/19/2020,BET,AK,AAL,WE,Federal Contract Tower,6,0,0,0,6,0,90,16,0,106,6,90,16,0,112,10,0,10,122
07/20/2020,BET,AK,AAL,WE,Federal Contract Tower,9,8,1,0,18,0,176,49,0,225,9,184,50,0,243,2,0,2,245
07/21/2020,BET,AK,AAL,WE,Federal Contract Tower,11,23,9,2,45,0,76,29,0,105,11,99,38,2,150,8,0,8,158
07/22/2020,BET,AK,AAL,WE,Federal Contract Tower,12,2,4,0,18,1,169,43,2,215,13,171,47,2,233,16,0,16,249
07/23/2020,BET,AK,AAL,WE,Federal Contract Tower,15,5,0,2,22,0,141,42,0,183,15,146,42,2,205,2,0,2,207
07/24/2020,BET,AK,AAL,WE,Federal Contract Tower,12,41,7,0,60,0,99,23,1,123,12,140,30,1,183,2,0,2,185
07/25/2020,BET,AK,AAL,WE,Federal Contract Tower,12,15,5,0,32,2,140,38,0,180,14,155,43,0,212,0,0,0,212
07/27/2020,BET,AK,AAL,WE,Federal Contract Tower,13,7,1,0,21,0,142,44,6,192,13,149,45,6,213,8,0,8,221
07/28/2020,BET,AK,AAL,WE,Federal Contract Tower,11,9,2,0,22,0,165,41,1,207,11,174,43,1,229,0,0,0,229
07/29/2020,BET,AK,AAL,WE,Federal Contract Tower,9,5,0,0,14,0,164,39,0,203,9,169,39,0,217,0,0,0,217
07/30/2020,BET,AK,AAL,WE,Federal Contract Tower,8,35,8,0,51,0,87,15,0,102,8,122,23,0,153,4,0,4,157
07/31/2020,BET,AK,AAL,WE,Federal Contract Tower,10,7,0,0,17,0,159,29,0,188,10,166,29,0,205,0,0,0,205
08/01/2020,BET,AK,AAL,WE,Federal Contract Tower,10,2,3,0,15,0,137,43,0,180,10,139,46,0,195,0,0,0,195
08/02/2020,BET,AK,AAL,WE,Federal Contract Tower,6,8,0,0,14,0,149,15,0,164,6,157,15,0,178,2,0,2,180
08/03/2020,BET,AK,AAL,WE,Federal Contract Tower,7,3,0,0,10,0,170,56,0,226,7,173,56,0,236,0,0,0,236
08/04/2020,BET,AK,AAL,WE,Federal Contract Tower,13,62,23,0,98,0,26,13,0,39,13,88,36,0,137,0,0,0,137
08/05/2020,BET,AK,AAL,WE,Federal Contract Tower,13,3,5,0,21,8,174,46,0,228,21,177,51,0,249,0,0,0,249
08/06/2020,BET,AK,AAL,WE,Federal Contract Tower,13,8,0,0,21,0,178,41,0,219,13,186,41,0,240,2,0,2,242
08/07/2020,BET,AK,AAL,WE,Federal Contract Tower,14,38,7,0,59,0,85,18,0,103,14,123,25,0,162,0,0,0,162
08/08/2020,BET,AK,AAL,WE,Federal Contract Tower,10,5,0,0,15,0,141,32,0,173,10,146,32,0,188,0,0,0,188
08/09/2020,BET,AK,AAL,WE,Federal Contract Tower,4,35,3,0,42,0,108,20,0,128,4,143,23,0,170,2,0,2,172
08/10/2020,BET,AK,AAL,WE,Federal Contract Tower,11,27,4,0,42,0,110,23,0,133,11,137,27,0,175,0,0,0,175
08/11/2020,BET,AK,AAL,WE,Federal Contract Tower,11,13,2,0,26,2,110,28,0,140,13,123,30,0,166,0,0,0,166
08/12/2020,BET,AK,AAL,WE,Federal Contract Tower,16,4,0,0,20,0,240,38,0,278,16,244,38,0,298,0,0,0,298
08/13/2020,BET,AK,AAL,WE,Federal Contract Tower,12,3,1,0,16,0,180,37,0,217,12,183,38,0,233,10,0,10,243
08/14/2020,BET,AK,AAL,WE,Federal Contract Tower,7,4,0,0,11,0,166,33,0,199,7,170,33,0,210,0,0,0,210
08/15/2020,BET,AK,AAL,WE,Federal Contract Tower,9,13,1,0,23,0,135,21,0,156,9,148,22,0,179,0,0,0,179
08/16/2020,BET,AK,AAL,WE,Federal Contract Tower,6,1,0,0,7,0,75,17,0,92,6,76,17,0,99,0,0,0,99
08/17/2020,BET,AK,AAL,WE,Federal Contract Tower,12,6,2,1,21,0,143,35,2,180,12,149,37,3,201,8,0,8,209
08/18/2020,BET,AK,AAL,WE,Federal Contract Tower,10,4,3,0,17,1,155,44,1,201,11,159,47,1,218,10,0,10,228
08/19/2020,BET,AK,AAL,WE,Federal Contract Tower,7,9,2,1,19,0,187,43,0,230,7,196,45,1,249,0,0,0,249
08/20/2020,BET,AK,AAL,WE,Federal Contract Tower,17,28,4,0,49,0,150,47,0,197,17,178,51,0,246,4,0,4,250
08/22/2020,BET,AK,AAL,WE,Federal Contract Tower,15,32,9,0,56,0,82,33,0,115,15,114,42,0,171,2,0,2,173
08/23/2020,BET,AK,AAL,WE,Federal Contract Tower,8,16,0,0,24,0,126,34,0,160,8,142,34,0,184,0,0,0,184
08/24/2020,BET,AK,AAL,WE,Federal Contract Tower,7,36,6,0,49,0,155,40,0,195,7,191,46,0,244,0,0,0,244
08/25/2020,BET,AK,AAL,WE,Federal Contract Tower,7,5,1,0,13,0,171,55,0,226,7,176,56,0,239,0,0,0,239
08/26/2020,BET,AK,AAL,WE,Federal Contract Tower,6,8,1,0,15,2,174,40,0,216,8,182,41,0,231,2,0,2,233
08/27/2020,BET,AK,AAL,WE,Federal Contract Tower,8,3,2,0,13,0,135,27,0,162,8,138,29,0,175,0,0,0,175
08/28/2020,BET,AK,AAL,WE,Federal Contract Tower,9,19,1,0,29,0,158,33,0,191,9,177,34,0,220,5,0,5,225
08/29/2020,BET,AK,AAL,WE,Federal Contract Tower,11,8,0,0,19,0,130,27,0,157,11,138,27,0,176,0,0,0,176
08/31/2020,BET,AK,AAL,WE,Federal Contract Tower,5,6,0,0,11,0,180,38,0,218,5,186,38,0,229,2,0,2,231
09/01/2020,BET,AK,AAL,WE,Federal Contract Tower,8,6,2,0,16,0,144,28,0,172,8,150,30,0,188,2,0,2,190
09/02/2020,BET,AK,AAL,WE,Federal Contract Tower,7,6,2,0,15,0,159,41,0,200,7,165,43,0,215,10,0,10,225
09/03/2020,BET,AK,AAL,WE,Federal Contract Tower,8,3,1,0,12,0,160,24,0,184,8,163,25,0,196,0,0,0,196
09/04/2020,BET,AK,AAL,WE,Federal Contract Tower,7,4,0,0,11,0,169,23,0,192,7,173,23,0,203,2,0,2,205
09/05/2020,BET,AK,AAL,WE,Federal Contract Tower,11,5,0,0,16,0,174,31,0,205,11,179,31,0,221,0,0,0,221
09/06/2020,BET,AK,AAL,WE,Federal Contract Tower,3,3,2,0,8,1,33,8,0,42,4,36,10,0,50,0,0,0,50
09/07/2020,BET,AK,AAL,WE,Federal Contract Tower,4,37,4,0,45,0,7,1,0,8,4,44,5,0,53,0,0,0,53
09/08/2020,BET,AK,AAL,WE,Federal Contract Tower,5,16,0,0,21,0,119,26,0,145,5,135,26,0,166,2,0,2,168
09/09/2020,BET,AK,AAL,WE,Federal Contract Tower,9,4,4,0,17,0,178,46,0,224,9,182,50,0,241,0,0,0,241
09/11/2020,BET,AK,AAL,WE,Federal Contract Tower,6,0,0,0,6,0,190,27,0,217,6,190,27,0,223,0,0,0,223
09/12/2020,BET,AK,AAL,WE,Federal Contract Tower,15,7,1,0,23,0,135,34,0,169,15,142,35,0,192,0,0,0,192
09/13/2020,BET,AK,AAL,WE,Federal Contract Tower,6,3,0,0,9,0,102,20,0,122,6,105,20,0,131,0,0,0,131
09/14/2020,BET,AK,AAL,WE,Federal Contract Tower,10,19,1,0,30,0,103,26,0,129,10,122,27,0,159,0,0,0,159
09/15/2020,BET,AK,AAL,WE,Federal Contract Tower,7,7,2,0,16,0,205,30,0,235,7,212,32,0,251,0,0,0,251
09/16/2020,BET,AK,AAL,WE,Federal Contract Tower,7,14,4,0,25,0,188,38,0,226,7,202,42,0,251,0,0,0,251
09/17/2020,BET,AK,AAL,WE,Federal Contract Tower,10,27,2,1,40,1,133,22,0,156,11,160,24,1,196,0,0,0,196
09/18/2020,BET,AK,AAL,WE,Federal Contract Tower,7,14,0,0,21,0,195,28,0,223,7,209,28,0,244,0,0,0,244
09/19/2020,BET,AK,AAL,WE,Federal Contract Tower,16,7,0,0,23,0,161,33,0,194,16,168,33,0,217,0,0,0,217
09/20/2020,BET,AK,AAL,WE,Federal Contract Tower,6,4,0,0,10,0,143,22,0,165,6,147,22,0,175,0,0,0,175
09/21/2020,BET,AK,AAL,WE,Federal Contract Tower,12,7,0,0,19,0,142,44,0,186,12,149,44,0,205,24,0,24,229
09/22/2020,BET,AK,AAL,WE,Federal Contract Tower,9,2,0,0,11,0,215,43,2,260,9,217,43,2,271,0,0,0,271
09/23/2020,BET,AK,AAL,WE,Federal Contract Tower,11,12,0,1,24,2,178,48,0,228,13,190,48,1,252,0,0,0,252
09/24/2020,BET,AK,AAL,WE,Federal Contract Tower,13,14,0,0,27,0,171,52,0,223,13,185,52,0,250,0,0,0,250
09/25/2020,BET,AK,AAL,WE,Federal Contract Tower,6,10,0,2,18,0,174,26,0,200,6,184,26,2,218,2,0,2,220
09/26/2020,BET,AK,AAL,WE,Federal Contract Tower,12,24,1,0,37,0,124,38,0,162,12,148,39,0,199,0,0,0,199
09/27/2020,BET,AK,AAL,WE,Federal Contract Tower,6,6,1,0,13,0,93,35,0,128,6,99,36,0,141,0,0,0,141
09/28/2020,BET,AK,AAL,WE,Federal Contract Tower,9,7,0,0,16,0,122,44,2,168,9,129,44,2,184,0,0,0,184
09/29/2020,BET,AK,AAL,WE,Federal Contract Tower,16,12,0,0,28,0,151,30,0,181,16,163,30,0,209,8,0,8,217
09/30/2020,BET,AK,AAL,WE,Federal Contract Tower,12,6,0,0,18,0,170,23,0,193,12,176,23,0,211,0,0,0,211
10/01/2020,BET,AK,AAL,WE,Federal Contract Tower,17,7,0,1,25,0,158,25,0,183,17,165,25,1,208,4,0,4,212
10/02/2020,BET,AK,AAL,WE,Federal Contract Tower,6,4,2,0,12,0,160,18,0,178,6,164,20,0,190,0,0,0,190
10/03/2020,BET,AK,AAL,WE,Federal Contract Tower,9,12,3,0,24,0,68,18,0,86,9,80,21,0,110,0,0,0,110
10/04/2020,BET,AK,AAL,WE,Federal Contract Tower,4,14,0,0,18,0,119,27,0,146,4,133,27,0,164,0,0,0,164
10/05/2020,BET,AK,AAL,WE,Federal Contract Tower,8,38,2,0,48,0,92,20,0,112,8,130,22,0,160,0,0,0,160
10/06/2020,BET,AK,AAL,WE,Federal Contract Tower,14,5,0,2,21,0,191,26,0,217,14,196,26,2,238,6,0,6,244
10/07/2020,BET,AK,AAL,WE,Federal Contract Tower,11,1,7,0,19,0,6,12,4,22,11,7,19,4,41,0,0,0,41
10/08/2020,BET,AK,AAL,WE,Federal Contract Tower,7,9,1,0,17,0,180,44,0,224,7,189,45,0,241,6,0,6,247
10/09/2020,BET,AK,AAL,WE,Federal Contract Tower,13,11,0,0,24,0,205,31,0,236,13,216,31,0,260,8,0,8,268
10/10/2020,BET,AK,AAL,WE,Federal Contract Tower,8,19,1,0,28,0,122,28,0,150,8,141,29,0,178,10,0,10,188
10/11/2020,BET,AK,AAL,WE,Federal Contract Tower,8,13,2,0,23,0,92,5,0,97,8,105,7,0,120,6,0,6,126
10/13/2020,BET,AK,AAL,WE,Federal Contract Tower,7,1,0,2,10,0,175,37,0,212,7,176,37,2,222,32,0,32,254
10/14/2020,BET,AK,AAL,WE,Federal Contract Tower,5,8,1,0,14,0,185,36,0,221,5,193,37,0,235,6,0,6,241
10/15/2020,BET,AK,AAL,WE,Federal Contract Tower,12,10,0,0,22,0,170,28,1,199,12,180,28,1,221,24,0,24,245
10/16/2020,BET,AK,AAL,WE,Federal Contract Tower,13,2,0,0,15,0,161,20,1,182,13,163,20,1,197,30,0,30,227
10/17/2020,BET,AK,AAL,WE,Federal Contract Tower,10,10,0,0,20,0,105,28,0,133,10,115,28,0,153,8,0,8,161
10/18/2020,BET,AK,AAL,WE,Federal Contract Tower,9,4,0,0,13,0,97,28,0,125,9,101,28,0,138,8,0,8,146
10/19/2020,BET,AK,AAL,WE,Federal Contract Tower,11,20,6,0,37,0,4,6,0,10,11,24,12,0,47,0,0,0,47
10/20/2020,BET,AK,AAL,WE,Federal Contract Tower,11,9,0,0,20,0,202,32,0,234,11,211,32,0,254,98,0,98,352
10/21/2020,BET,AK,AAL,WE,Federal Contract Tower,10,15,7,0,32,0,146,21,0,167,10,161,28,0,199,6,0,6,205
10/22/2020,BET,AK,AAL,WE,Federal Contract Tower,12,0,0,0,12,0,177,29,0,206,12,177,29,0,218,26,0,26,244
10/23/2020,BET,AK,AAL,WE,Federal Contract Tower,14,0,0,0,14,0,172,21,0,193,14,172,21,0,207,16,0,16,223
10/24/2020,BET,AK,AAL,WE,Federal Contract Tower,10,15,0,0,25,0,124,14,0,138,10,139,14,0,163,6,0,6,169
10/25/2020,BET,AK,AAL,WE,Federal Contract Tower,8,8,3,0,19,0,42,13,0,55,8,50,16,0,74,0,0,0,74
10/26/2020,BET,AK,AAL,WE,Federal Contract Tower,10,40,3,0,53,0,0,0,0,0,10,40,3,0,53,0,0,0,53
10/27/2020,BET,AK,AAL,WE,Federal Contract Tower,7,5,1,0,13,0,220,39,2,261,7,225,40,2,274,0,0,0,274
10/28/2020,BET,AK,AAL,WE,Federal Contract Tower,7,15,0,0,22,0,163,28,0,191,7,178,28,0,213,10,0,10,223
10/29/2020,BET,AK,AAL,WE,Federal Contract Tower,9,8,4,2,23,0,99,25,0,124,9,107,29,2,147,8,0,8,155
10/30/2020,BET,AK,AAL,WE,Federal Contract Tower,11,39,6,0,56,0,6,7,0,13,11,45,13,0,69,0,0,0,69
10/31/2020,BET,AK,AAL,WE,Federal Contract Tower,8,4,0,0,12,0,63,85,1,149,8,67,85,1,161,10,0,10,171
11/01/2020,BET,AK,AAL,WE,Federal Contract Tower,7,8,2,0,17,0,79,36,0,115,7,87,38,0,132,0,0,0,132
11/02/2020,BET,AK,AAL,WE,Federal Contract Tower,13,1,0,0,14,0,164,74,1,239,13,165,74,1,253,24,0,24,277
11/03/2020,BET,AK,AAL,WE,Federal Contract Tower,3,12,4,2,21,0,4,20,1,25,3,16,24,3,46,0,0,0,46
11/04/2020,BET,AK,AAL,WE,Federal Contract Tower,10,8,0,0,18,0,185,100,0,285,10,193,100,0,303,0,0,0,303
11/05/2020,BET,AK,AAL,WE,Federal Contract Tower,2,4,0,0,6,0,0,10,0,10,2,4,10,0,16,0,0,0,16
11/07/2020,BET,AK,AAL,WE,Federal Contract Tower,5,18,4,0,27,0,85,35,0,120,5,103,39,0,147,6,0,6,153
11/08/2020,BET,AK,AAL,WE,Federal Contract Tower,2,14,0,0,16,0,108,36,0,144,2,122,36,0,160,0,0,0,160
11/09/2020,BET,AK,AAL,WE,Federal Contract Tower,6,12,3,0,21,0,18,20,0,38,6,30,23,0,59,0,0,0,59
11/10/2020,BET,AK,AAL,WE,Federal Contract Tower,5,5,1,0,11,0,126,98,0,224,5,131,99,0,235,0,0,0,235
11/11/2020,BET,AK,AAL,WE,Federal Contract Tower,15,3,1,0,19,0,150,89,0,239,15,153,90,0,258,10,0,10,268
11/12/2020,BET,AK,AAL,WE,Federal Contract Tower,12,14,2,0,28,0,130,39,0,169,12,144,41,0,197,6,0,6,203
11/13/2020,BET,AK,AAL,WE,Federal Contract Tower,5,8,2,0,15,0,183,125,0,308,5,191,127,0,323,4,0,4,327
11/14/2020,BET,AK,AAL,WE,Federal Contract Tower,4,7,0,0,11,0,145,33,0,178,4,152,33,0,189,0,0,0,189
11/15/2020,BET,AK,AAL,WE,Federal Contract Tower,4,6,0,0,10,0,176,44,0,220,4,182,44,0,230,0,0,0,230
11/17/2020,BET,AK,AAL,WE,Federal Contract Tower,5,6,6,0,17,0,73,57,0,130,5,79,63,0,147,0,0,0,147
11/18/2020,BET,AK,AAL,WE,Federal Contract Tower,7,12,4,0,23,0,65,48,0,113,7,77,52,0,136,0,0,0,136
11/19/2020,BET,AK,AAL,WE,Federal Contract Tower,13,13,4,0,30,0,144,76,0,220,13,157,80,0,250,30,0,30,280
11/20/2020,BET,AK,AAL,WE,Federal Contract Tower,5,0,0,0,5,0,57,31,0,88,5,57,31,0,93,0,0,0,93
11/21/2020,BET,AK,AAL,WE,Federal Contract Tower,7,23,4,0,34,0,179,66,0,245,7,202,70,0,279,6,0,6,285
11/22/2020,BET,AK,AAL,WE,Federal Contract Tower,6,4,0,0,10,0,180,44,0,224,6,184,44,0,234,0,0,0,234
11/23/2020,BET,AK,AAL,WE,Federal Contract Tower,6,36,8,0,50,0,119,52,0,171,6,155,60,0,221,4,0,4,225
11/24/2020,BET,AK,AAL,WE,Federal Contract Tower,4,6,0,0,10,0,1,0,0,1,4,7,0,0,11,0,0,0,11
11/25/2020,BET,AK,AAL,WE,Federal Contract Tower,16,4,0,0,20,0,210,68,0,278,16,214,68,0,298,0,0,0,298
11/26/2020,BET,AK,AAL,WE,Federal Contract Tower,0,2,0,0,2,0,0,0,0,0,0,2,0,0,2,0,0,0,2
11/27/2020,BET,AK,AAL,WE,Federal Contract Tower,11,9,1,0,21,0,154,38,0,192,11,163,39,0,213,0,0,0,213
11/28/2020,BET,AK,AAL,WE,Federal Contract Tower,10,3,0,0,13,146,36,0,0,182,156,39,0,0,195,0,0,0,195
11/29/2020,BET,AK,AAL,WE,Federal Contract Tower,8,2,0,0,10,0,154,24,0,178,8,156,24,0,188,0,0,0,188
11/30/2020,BET,AK,AAL,WE,Federal Contract Tower,9,34,5,0,48,0,79,13,0,92,9,113,18,0,140,10,0,10,150
12/01/2020,BET,AK,AAL,WE,Federal Contract Tower,11,20,14,0,45,0,0,0,0,0,11,20,14,0,45,0,0,0,45
12/02/2020,BET,AK,AAL,WE,Federal Contract Tower,10,3,0,0,13,0,182,126,0,308,10,185,126,0,321,10,0,10,331
12/03/2020,BET,AK,AAL,WE,Federal Contract Tower,11,7,2,0,20,1,180,104,0,285,12,187,106,0,305,6,0,6,311
12/04/2020,BET,AK,AAL,WE,Federal Contract Tower,11,16,0,0,27,0,90,56,0,146,11,106,56,0,173,0,0,0,173
12/05/2020,BET,AK,AAL,WE,Federal Contract Tower,9,5,0,0,14,0,133,61,0,194,9,138,61,0,208,0,0,0,208
12/06/2020,BET,AK,AAL,WE,Federal Contract Tower,4,2,0,0,6,0,0,0,0,0,4,2,0,0,6,0,0,0,6
12/07/2020,BET,AK,AAL,WE,Federal Contract Tower,4,11,1,0,16,0,0,0,0,0,4,11,1,0,16,0,0,0,16
12/08/2020,BET,AK,AAL,WE,Federal Contract Tower,11,24,3,0,38,0,100,37,0,137,11,124,40,0,175,0,0,0,175
12/09/2020,BET,AK,AAL,WE,Federal Contract Tower,7,1,0,0,8,0,220,98,0,318,7,221,98,0,326,8,0,8,334
12/10/2020,BET,AK,AAL,WE,Federal Contract Tower,8,1,0,0,9,0,176,57,0,233,8,177,57,0,242,0,0,0,242
12/11/2020,BET,AK,AAL,WE,Federal Contract Tower,0,161,21,0,182,4,5,0,0,9,4,166,21,0,191,8,0,8,199
12/12/2020,BET,AK,AAL,WE,Federal Contract Tower,10,4,0,0,14,0,55,16,0,71,10,59,16,0,85,4,0,4,89
12/13/2020,BET,AK,AAL,WE,Federal Contract Tower,7,11,0,0,18,96,24,0,0,120,103,35,0,0,138,0,0,0,138
12/14/2020,BET,AK,AAL,WE,Federal Contract Tower,9,20,2,0,31,0,51,19,0,70,9,71,21,0,101,0,0,0,101
12/15/2020,BET,AK,AAL,WE,Federal Contract Tower,16,15,7,2,40,0,25,49,0,74,16,40,56,2,114,0,0,0,114
12/16/2020,BET,AK,AAL,WE,Federal Contract Tower,9,8,1,0,18,0,156,64,0,220,9,164,65,0,238,0,0,0,238
12/17/2020,BET,AK,AAL,WE,Federal Contract Tower,7,3,0,0,10,0,208,92,0,300,7,211,92,0,310,4,0,4,314
12/18/2020,BET,AK,AAL,WE,Federal Contract Tower,10,47,3,0,60,0,48,39,0,87,10,95,42,0,147,0,0,0,147
12/19/2020,BET,AK,AAL,WE,Federal Contract Tower,6,2,1,0,9,0,200,101,0,301,6,202,102,0,310,0,0,0,310
12/20/2020,BET,AK,AAL,WE,Federal Contract Tower,12,13,4,0,29,0,101,19,0,120,12,114,23,0,149,0,0,0,149
12/21/2020,BET,AK,AAL,WE,Federal Contract Tower,11,2,2,0,15,0,65,75,1,141,11,67,77,1,156,0,0,0,156
12/22/2020,BET,AK,AAL,WE,Federal Contract Tower,8,9,2,0,19,0,58,18,0,76,8,67,20,0,95,0,0,0,95
12/23/2020,BET,AK,AAL,WE,Federal Contract Tower,5,7,1,0,13,0,127,43,2,172,5,134,44,2,185,4,0,4,189
12/24/2020,BET,AK,AAL,WE,Federal Contract Tower,11,6,1,0,18,0,140,39,0,179,11,146,40,0,197,0,0,0,197
12/25/2020,BET,AK,AAL,WE,Federal Contract Tower,0,1,0,0,1,0,1,2,0,3,0,2,2,0,4,0,0,0,4
12/26/2020,BET,AK,AAL,WE,Federal Contract Tower,9,6,4,0,19,0,0,0,0,0,9,6,4,0,19,0,0,0,19
12/27/2020,BET,AK,AAL,WE,Federal Contract Tower,5,2,0,0,7,0,1,60,8,69,5,3,60,8,76,0,0,0,76
12/28/2020,BET,AK,AAL,WE,Federal Contract Tower,12,2,0,0,14,0,173,49,0,222,12,175,49,0,236,8,0,8,244
12/29/2020,BET,AK,AAL,WE,Federal Contract Tower,10,7,0,0,17,0,147,25,0,172,10,154,25,0,189,0,0,0,189
12/30/2020,BET,AK,AAL,WE,Federal Contract Tower,9,15,0,0,24,0,95,20,0,115,9,110,20,0,139,0,0,0,139
12/31/2020,BET,AK,AAL,WE,Federal Contract Tower,13,6,0,0,19,0,112,25,0,137,13,118,25,0,156,4,0,4,160
01/01/2021,BET,AK,AAL,WE,Federal Contract Tower,3,1,1,0,5,0,7,18,0,25,3,8,19,0,30,0,0,0,30
01/02/2021,BET,AK,AAL,WE,Federal Contract Tower,4,1,3,0,8,0,169,39,0,208,4,170,42,0,216,0,0,0,216
01/03/2021,BET,AK,AAL,WE,Federal Contract Tower,6,14,2,0,22,0,138,33,0,171,6,152,35,0,193,0,0,0,193
01/04/2021,BET,AK,AAL,WE,Federal Contract Tower,8,4,0,0,12,0,177,31,0,208,8,181,31,0,220,4,0,4,224
01/05/2021,BET,AK,AAL,WE,Federal Contract Tower,12,2,1,0,15,0,181,32,2,215,12,183,33,2,230,8,0,8,238
01/08/2021,BET,AK,AAL,WE,Federal Contract Tower,8,15,0,0,23,0,128,29,0,157,8,143,29,0,180,28,0,28,208
01/09/2021,BET,AK,AAL,WE,Federal Contract Tower,7,6,3,0,16,0,108,25,0,133,7,114,28,0,149,0,0,0,149
01/10/2021,BET,AK,AAL,WE,Federal Contract Tower,11,8,0,0,19,0,55,10,0,65,11,63,10,0,84,8,0,8,92
01/11/2021,BET,AK,AAL,WE,Federal Contract Tower,7,8,0,0,15,0,198,22,0,220,7,206,22,0,235,6,0,6,241
01/12/2021,BET,AK,AAL,WE,Federal Contract Tower,19,70,6,0,95,0,0,0,0,0,19,70,6,0,95,0,0,0,95
01/13/2021,BET,AK,AAL,WE,Federal Contract Tower,3,19,0,0,22,0,7,2,0,9,3,26,2,0,31,0,0,0,31
01/14/2021,BET,AK,AAL,WE,Federal Contract Tower,9,16,0,0,25,1,208,46,0,255,10,224,46,0,280,14,0,14,294
01/15/2021,BET,AK,AAL,WE,Federal Contract Tower,4,14,0,0,18,0,169,35,0,204,4,183,35,0,222,0,0,0,222
01/16/2021,BET,AK,AAL,WE,Federal Contract Tower,5,24,1,0,30,0,12,3,0,15,5,36,4,0,45,0,0,0,45
01/17/2021,BET,AK,AAL,WE,Federal Contract Tower,8,19,4,0,31,0,63,23,0,86,8,82,27,0,117,0,0,0,117
01/18/2021,BET,AK,AAL,WE,Federal Contract Tower,9,11,4,0,24,0,18,14,0,32,9,29,18,0,56,4,0,4,60
01/19/2021,BET,AK,AAL,WE,Federal Contract Tower,9,17,7,0,33,0,112,33,0,145,9,129,40,0,178,0,0,0,178
01/20/2021,BET,AK,AAL,WE,Federal Contract Tower,6,4,4,0,14,0,80,30,0,110,6,84,34,0,124,0,0,0,124
01/21/2021,BET,AK,AAL,WE,Federal Contract Tower,18,6,1,0,25,0,87,21,0,108,18,93,22,0,133,0,0,0,133
01/22/2021,BET,AK,AAL,WE,Federal Contract Tower,10,4,1,2,17,1,37,9,0,47,11,41,10,2,64,10,0,10,74
01/23/2021,BET,AK,AAL,WE,Federal Contract Tower,8,21,2,0,31,0,76,21,0,97,8,97,23,0,128,12,0,12,140
01/24/2021,BET,AK,AAL,WE,Federal Contract Tower,4,27,1,0,32,0,0,0,0,0,4,27,1,0,32,0,0,0,32
01/25/2021,BET,AK,AAL,WE,Federal Contract Tower,4,9,0,0,13,0,202,69,0,271,4,211,69,0,284,4,0,4,288
01/26/2021,BET,AK,AAL,WE,Federal Contract Tower,6,4,0,0,10,0,83,30,0,113,6,87,30,0,123,0,0,0,123
01/27/2021,BET,AK,AAL,WE,Federal Contract Tower,6,11,3,0,20,0,107,23,0,130,6,118,26,0,150,2,0,2,152
01/28/2021,BET,AK,AAL,WE,Federal Contract Tower,6,16,9,0,31,0,12,5,0,17,6,28,14,0,48,0,0,0,48
01/29/2021,BET,AK,AAL,WE,Federal Contract Tower,8,7,0,0,15,0,158,38,0,196,8,165,38,0,211,0,0,0,211
01/30/2021,BET,AK,AAL,WE,Federal Contract Tower,4,4,0,0,8,0,182,45,0,227,4,186,45,0,235,14,0,14,249
01/31/2021,BET,AK,AAL,WE,Federal Contract Tower,10,4,0,0,14,0,173,35,0,208,10,177,35,0,222,4,0,4,226
02/01/2021,BET,AK,AAL,WE,Federal Contract Tower,5,9,0,0,14,0,23,2,0,25,5,32,2,0,39,0,0,0,39
02/02/2021,BET,AK,AAL,WE,Federal Contract Tower,8,5,2,0,15,0,0,0,0,0,8,5,2,0,15,0,0,0,15
02/03/2021,BET,AK,AAL,WE,Federal Contract Tower,4,27,2,0,33,0,0,0,0,0,4,27,2,0,33,0,0,0,33
02/04/2021,BET,AK,AAL,WE,Federal Contract Tower,16,8,0,0,24,0,169,54,0,223,16,177,54,0,247,16,0,16,263
02/05/2021,BET,AK,AAL,WE,Federal Contract Tower,5,12,5,0,22,0,130,25,0,155,5,142,30,0,177,2,0,2,179
02/08/2021,BET,AK,AAL,WE,Federal Contract Tower,6,7,0,0,13,0,150,30,0,180,6,157,30,0,193,8,0,8,201
02/09/2021,BET,AK,AAL,WE,Federal Contract Tower,10,7,0,0,17,0,124,19,0,143,10,131,19,0,160,0,0,0,160
02/10/2021,BET,AK,AAL,WE,Federal Contract Tower,5,45,7,0,57,0,0,0,0,0,5,45,7,0,57,0,0,0,57
02/11/2021,BET,AK,AAL,WE,Federal Contract Tower,9,8,5,0,22,0,54,7,0,61,9,62,12,0,83,0,0,0,83
02/12/2021,BET,AK,AAL,WE,Federal Contract Tower,10,3,0,0,13,0,145,23,0,168,10,148,23,0,181,4,0,4,185
02/13/2021,BET,AK,AAL,WE,Federal Contract Tower,8,6,0,0,14,0,188,61,0,249,8,194,61,0,263,0,0,0,263
02/14/2021,BET,AK,AAL,WE,Federal Contract Tower,12,13,0,0,25,0,134,33,0,167,12,147,33,0,192,10,0,10,202
02/15/2021,BET,AK,AAL,WE,Federal Contract Tower,15,11,2,0,28,0,165,51,0,216,15,176,53,0,244,6,0,6,250
02/16/2021,BET,AK,AAL,WE,Federal Contract Tower,13,12,2,1,28,0,136,27,0,163,13,148,29,1,191,0,0,0,191
02/17/2021,BET,AK,AAL,WE,Federal Contract Tower,1,27,12,0,40,0,0,0,0,0,1,27,12,0,40,0,0,0,40
02/18/2021,BET,AK,AAL,WE,Federal Contract Tower,14,5,0,1,20,0,196,50,4,250,14,201,50,5,270,0,10,10,280
02/19/2021,BET,AK,AAL,WE,Federal Contract Tower,7,0,0,0,7,0,188,37,0,225,7,188,37,0,232,0,0,0,232
02/20/2021,BET,AK,AAL,WE,Federal Contract Tower,8,2,0,0,10,1,201,31,0,233,9,203,31,0,243,0,0,0,243
02/21/2021,BET,AK,AAL,WE,Federal Contract Tower,0,228,22,0,250,5,5,0,0,10,5,233,22,0,260,8,0,8,268
02/22/2021,BET,AK,AAL,WE,Federal Contract Tower,12,10,0,0,22,0,183,41,0,224,12,193,41,0,246,0,0,0,246
02/23/2021,BET,AK,AAL,WE,Federal Contract Tower,11,37,0,0,48,0,16,2,0,18,11,53,2,0,66,0,0,0,66
02/24/2021,BET,AK,AAL,WE,Federal Contract Tower,11,37,3,0,51,0,16,2,0,18,11,53,5,0,69,0,0,0,69
02/25/2021,BET,AK,AAL,WE,Federal Contract Tower,0,13,6,0,19,8,42,17,0,67,8,55,23,0,86,0,0,0,86
02/26/2021,BET,AK,AAL,WE,Federal Contract Tower,1,8,0,0,9,0,0,0,0,0,1,8,0,0,9,0,0,0,9
02/27/2021,BET,AK,AAL,WE,Federal Contract Tower,8,17,6,0,31,0,121,41,0,162,8,138,47,0,193,6,0,6,199
03/08/2021,BET,AK,AAL,WE,Federal Contract Tower,5,0,4,0,9,0,47,22,0,69,5,47,26,0,78,8,0,8,86
03/09/2021,BET,AK,AAL,WE,Federal Contract Tower,7,12,4,0,23,0,177,53,0,230,7,189,57,0,253,6,0,6,259
03/10/2021,BET,AK,AAL,WE,Federal Contract Tower,7,3,5,0,15,0,186,46,2,234,7,189,51,2,249,0,0,0,249
03/14/2021,BET,AK,AAL,WE,Federal Contract Tower,9,48,9,0,66,0,37,13,0,50,9,85,22,0,116,0,0,0,116
03/19/2021,BET,AK,AAL,WE,Federal Contract Tower,10,6,0,0,16,0,188,36,0,224,10,194,36,0,240,6,0,6,246
04/19/2021,BET,AK,AAL,WE,Federal Contract Tower,8,8,0,0,16,0,293,28,0,321,8,301,28,0,337,4,0,4,341
04/23/2021,BET,AK,AAL,WE,Federal Contract Tower,17,12,0,0,29,0,266,96,0,362,17,278,96,0,391,0,0,0,391
04/24/2021,BET,AK,AAL,WE,Federal Contract Tower,12,6,2,0,20,0,219,93,0,312,12,225,95,0,332,5,0,5,337
04/25/2021,BET,AK,AAL,WE,Federal Contract Tower,6,6,0,0,12,0,197,14,0,211,6,203,14,0,223,2,0,2,225
04/26/2021,BET,AK,AAL,WE,Federal Contract Tower,16,0,0,0,16,0,230,101,0,331,16,230,101,0,347,0,0,0,347
04/27/2021,BET,AK,AAL,WE,Federal Contract Tower,15,6,0,0,21,4,269,124,2,399,19,275,124,2,420,0,0,0,420
04/29/2021,BET,AK,AAL,WE,Federal Contract Tower,15,17,2,0,34,0,232,69,0,301,15,249,71,0,335,0,0,0,335
04/30/2021,BET,AK,AAL,WE,Federal Contract Tower,9,5,0,0,14,0,261,60,0,321,9,266,60,0,335,6,0,6,341
05/01/2021,BET,AK,AAL,WE,Federal Contract Tower,7,4,1,0,12,0,189,59,0,248,7,193,60,0,260,0,0,0,260
05/02/2021,BET,AK,AAL,WE,Federal Contract Tower,6,4,0,0,10,0,125,32,0,157,6,129,32,0,167,12,0,12,179
05/03/2021,BET,AK,AAL,WE,Federal Contract Tower,11,2,0,0,13,0,207,69,0,276,11,209,69,0,289,0,0,0,289
05/04/2021,BET,AK,AAL,WE,Federal Contract Tower,15,3,1,2,21,0,230,74,0,304,15,233,75,2,325,6,0,6,331
05/05/2021,BET,AK,AAL,WE,Federal Contract Tower,11,5,0,0,16,0,218,70,3,291,11,223,70,3,307,0,0,0,307
05/07/2021,BET,AK,AAL,WE,Federal Contract Tower,7,1,0,0,8,0,220,58,0,278,7,221,58,0,286,4,0,4,290
05/08/2021,BET,AK,AAL,WE,Federal Contract Tower,12,2,2,0,16,0,203,49,0,252,12,205,51,0,268,0,0,0,268
05/09/2021,BET,AK,AAL,WE,Federal Contract Tower,6,0,0,0,6,0,115,23,0,138,6,115,23,0,144,0,0,0,144
05/10/2021,BET,AK,AAL,WE,Federal Contract Tower,14,0,0,2,16,0,204,57,0,261,14,204,57,2,277,0,0,0,277
05/11/2021,BET,AK,AAL,WE,Federal Contract Tower,14,14,3,0,31,0,182,67,0,249,14,196,70,0,280,0,0,0,280
05/12/2021,BET,AK,AAL,WE,Federal Contract Tower,11,4,2,0,17,0,201,63,0,264,11,205,65,0,281,2,0,2,283
05/13/2021,BET,AK,AAL,WE,Federal Contract Tower,10,4,0,0,14,0,216,53,0,269,10,220,53,0,283,0,0,0,283
05/14/2021,BET,AK,AAL,WE,Federal Contract Tower,13,0,0,2,15,0,227,77,0,304,13,227,77,2,319,12,0,12,331
05/15/2021,BET,AK,AAL,WE,Federal Contract Tower,15,9,4,0,28,1,163,68,0,232,16,172,72,0,260,0,0,0,260
05/16/2021,BET,AK,AAL,WE,Federal Contract Tower,6,11,0,0,17,0,92,46,0,138,6,103,46,0,155,0,0,0,155
05/17/2021,BET,AK,AAL,WE,Federal Contract Tower,14,20,6,0,40,0,128,55,0,183,14,148,61,0,223,4,0,4,227
05/18/2021,BET,AK,AAL,WE,Federal Contract Tower,12,14,1,0,27,0,196,42,2,240,12,210,43,2,267,0,0,0,267
05/19/2021,BET,AK,AAL,WE,Federal Contract Tower,11,3,2,0,16,0,173,80,1,254,11,176,82,1,270,2,0,2,272
05/20/2021,BET,AK,AAL,WE,Federal Contract Tower,15,6,3,0,24,0,199,64,0,263,15,205,67,0,287,2,0,2,289
05/21/2021,BET,AK,AAL,WE,Federal Contract Tower,11,36,4,0,51,0,101,42,0,143,11,137,46,0,194,0,0,0,194
05/22/2021,BET,AK,AAL,WE,Federal Contract Tower,12,14,1,0,27,0,196,55,0,251,12,210,56,0,278,4,0,4,282
05/23/2021,BET,AK,AAL,WE,Federal Contract Tower,7,3,0,0,10,0,91,37,0,128,7,94,37,0,138,8,0,8,146
05/24/2021,BET,AK,AAL,WE,Federal Contract Tower,13,3,2,0,18,2,188,64,0,254,15,191,66,0,272,0,0,0,272
05/25/2021,BET,AK,AAL,WE,Federal Contract Tower,10,3,0,0,13,2,215,55,0,272,12,218,55,0,285,0,0,0,285
05/26/2021,BET,AK,AAL,WE,Federal Contract Tower,8,8,0,0,16,1,165,61,0,227,9,173,61,0,243,0,0,0,243
05/27/2021,BET,AK,AAL,WE,Federal Contract Tower,14,4,0,0,18,169,50,0,0,219,183,54,0,0,237,0,0,0,237
05/28/2021,BET,AK,AAL,WE,Federal Contract Tower,12,5,0,0,17,0,138,42,0,180,12,143,42,0,197,0,0,0,197
05/29/2021,BET,AK,AAL,WE,Federal Contract Tower,14,4,1,0,19,0,99,28,0,127,14,103,29,0,146,0,0,0,146
05/30/2021,BET,AK,AAL,WE,Federal Contract Tower,6,3,0,0,9,0,129,47,0,176,6,132,47,0,185,0,0,0,185
05/31/2021,BET,AK,AAL,WE,Federal Contract Tower,8,0,0,0,8,0,75,35,0,110,8,75,35,0,118,4,0,4,122
06/01/2021,BET,AK,AAL,WE,Federal Contract Tower,8,12,4,0,24,0,178,58,0,236,8,190,62,0,260,0,0,0,260
06/02/2021,BET,AK,AAL,WE,Federal Contract Tower,10,17,2,0,29,0,161,37,0,198,10,178,39,0,227,0,0,0,227
06/03/2021,BET,AK,AAL,WE,Federal Contract Tower,14,45,26,0,85,0,131,21,2,154,14,176,47,2,239,2,0,2,241
06/04/2021,BET,AK,AAL,WE,Federal Contract Tower,14,48,9,0,71,0,138,28,0,166,14,186,37,0,237,0,0,0,237
06/05/2021,BET,AK,AAL,WE,Federal Contract Tower,13,4,2,0,19,0,149,53,0,202,13,153,55,0,221,6,0,6,227
06/06/2021,BET,AK,AAL,WE,Federal Contract Tower,6,15,16,0,37,0,78,19,0,97,6,93,35,0,134,12,0,12,146
06/07/2021,BET,AK,AAL,WE,Federal Contract Tower,14,13,2,0,29,1,164,33,0,198,15,177,35,0,227,0,0,0,227
06/08/2021,BET,AK,AAL,WE,Federal Contract Tower,12,23,6,0,41,0,203,47,0,250,12,226,53,0,291,4,0,4,295
06/09/2021,BET,AK,AAL,WE,Federal Contract Tower,10,12,5,0,27,0,179,35,0,214,10,191,40,0,241,4,0,4,245
06/10/2021,BET,AK,AAL,WE,Federal Contract Tower,15,37,12,0,64,0,149,32,0,181,15,186,44,0,245,0,0,0,245
06/11/2021,BET,AK,AAL,WE,Federal Contract Tower,13,35,6,0,54,0,107,27,0,134,13,142,33,0,188,4,0,4,192
06/12/2021,BET,AK,AAL,WE,Federal Contract Tower,10,8,2,0,20,0,157,36,1,194,10,165,38,1,214,0,0,0,214
06/13/2021,BET,AK,AAL,WE,Federal Contract Tower,9,5,0,0,14,0,0,0,0,0,9,5,0,0,14,2,0,2,16
06/14/2021,BET,AK,AAL,WE,Federal Contract Tower,9,8,0,2,19,0,63,52,0,115,9,71,52,2,134,0,0,0,134
06/15/2021,BET,AK,AAL,WE,Federal Contract Tower,9,17,4,0,30,1,202,53,0,256,10,219,57,0,286,6,0,6,292
06/16/2021,BET,AK,AAL,WE,Federal Contract Tower,14,4,0,0,18,0,207,50,0,257,14,211,50,0,275,20,0,20,295
06/17/2021,BET,AK,AAL,WE,Federal Contract Tower,14,18,4,0,36,0,155,36,0,191,14,173,40,0,227,0,0,0,227
06/18/2021,BET,AK,AAL,WE,Federal Contract Tower,11,14,1,0,26,2,237,47,0,286,13,251,48,0,312,8,0,8,320
06/19/2021,BET,AK,AAL,WE,Federal Contract Tower,9,10,0,0,19,1,166,37,0,204,10,176,37,0,223,4,0,4,227
06/20/2021,BET,AK,AAL,WE,Federal Contract Tower,6,17,12,0,35,0,68,30,0,98,6,85,42,0,133,0,0,0,133
06/21/2021,BET,AK,AAL,WE,Federal Contract Tower,12,8,2,0,22,0,224,60,0,284,12,232,62,0,306,12,0,12,318
06/22/2021,BET,AK,AAL,WE,Federal Contract Tower,13,10,0,0,23,0,224,35,0,259,13,234,35,0,282,2,0,2,284
06/23/2021,BET,AK,AAL,WE,Federal Contract Tower,13,7,3,0,23,1,192,59,0,252,14,199,62,0,275,0,0,0,275
06/24/2021,BET,AK,AAL,WE,Federal Contract Tower,12,5,6,0,23,0,196,51,2,249,12,201,57,2,272,0,2,2,274
06/25/2021,BET,AK,AAL,WE,Federal Contract Tower,13,2,3,0,18,2,207,51,0,260,15,209,54,0,278,0,0,0,278
06/26/2021,BET,AK,AAL,WE,Federal Contract Tower,13,11,1,0,25,0,155,29,0,184,13,166,30,0,209,4,0,4,213
06/27/2021,BET,AK,AAL,WE,Federal Contract Tower,6,12,9,0,27,0,79,29,0,108,6,91,38,0,135,0,0,0,135
06/28/2021,BET,AK,AAL,WE,Federal Contract Tower,11,53,5,0,69,1,125,42,0,168,12,178,47,0,237,4,0,4,241
06/29/2021,BET,AK,AAL,WE,Federal Contract Tower,15,18,1,0,34,0,179,42,0,221,15,197,43,0,255,4,0,4,259
06/30/2021,BET,AK,AAL,WE,Federal Contract Tower,15,3,0,0,18,0,175,51,0,226,15,178,51,0,244,0,0,0,244
07/01/2021,BET,AK,AAL,WE,Federal Contract Tower,11,8,0,0,19,0,152,43,0,195,11,160,43,0,214,2,0,2,216
07/02/2021,BET,AK,AAL,WE,Federal Contract Tower,18,8,0,1,27,1,185,54,0,240,19,193,54,1,267,0,0,0,267
07/03/2021,BET,AK,AAL,WE,Federal Contract Tower,12,18,2,0,32,0,165,48,2,215,12,183,50,2,247,0,0,0,247
07/04/2021,BET,AK,AAL,WE,Federal Contract Tower,6,6,22,1,35,0,0,5,1,6,6,6,27,2,41,0,0,0,41
07/05/2021,BET,AK,AAL,WE,Federal Contract Tower,9,33,10,0,52,0,53,25,2,80,9,86,35,2,132,0,0,0,132
07/06/2021,BET,AK,AAL,WE,Federal Contract Tower,11,20,4,0,35,0,173,52,4,229,11,193,56,4,264,0,0,0,264
07/07/2021,BET,AK,AAL,WE,Federal Contract Tower,11,7,2,2,22,0,172,59,2,233,11,179,61,4,255,2,0,2,257
07/08/2021,BET,AK,AAL,WE,Federal Contract Tower,16,46,9,0,71,0,71,35,0,106,16,117,44,0,177,0,2,2,179
07/09/2021,BET,AK,AAL,WE,Federal Contract Tower,16,71,32,2,121,0,1,6,0,7,16,72,38,2,128,0,0,0,128
07/10/2021,BET,AK,AAL,WE,Federal Contract Tower,15,9,1,0,25,0,243,61,0,304,15,252,62,0,329,0,0,0,329
07/11/2021,BET,AK,AAL,WE,Federal Contract Tower,6,3,0,0,9,0,153,52,0,205,6,156,52,0,214,0,0,0,214
07/12/2021,BET,AK,AAL,WE,Federal Contract Tower,13,11,3,2,29,1,192,70,3,266,14,203,73,5,295,0,0,0,295
07/13/2021,BET,AK,AAL,WE,Federal Contract Tower,10,25,7,0,42,1,157,54,0,212,11,182,61,0,254,6,0,6,260
07/14/2021,BET,AK,AAL,WE,Federal Contract Tower,14,30,11,0,55,0,136,62,0,198,14,166,73,0,253,4,0,4,257
07/15/2021,BET,AK,AAL,WE,Federal Contract Tower,15,26,10,0,51,0,148,59,0,207,15,174,69,0,258,18,0,18,276
07/16/2021,BET,AK,AAL,WE,Federal Contract Tower,13,52,25,0,90,0,112,46,0,158,13,164,71,0,248,6,0,6,254
07/17/2021,BET,AK,AAL,WE,Federal Contract Tower,10,35,10,0,55,0,117,29,0,146,10,152,39,0,201,0,0,0,201
07/18/2021,BET,AK,AAL,WE,Federal Contract Tower,6,4,0,0,10,0,135,57,0,192,6,139,57,0,202,0,0,0,202
07/19/2021,BET,AK,AAL,WE,Federal Contract Tower,11,10,1,0,22,0,197,53,0,250,11,207,54,0,272,6,0,6,278
07/20/2021,BET,AK,AAL,WE,Federal Contract Tower,13,52,8,0,73,0,117,35,0,152,13,169,43,0,225,0,0,0,225
07/21/2021,BET,AK,AAL,WE,Federal Contract Tower,12,40,5,0,57,0,110,30,0,140,12,150,35,0,197,2,0,2,199
07/22/2021,BET,AK,AAL,WE,Federal Contract Tower,12,12,1,0,25,0,187,51,0,238,12,199,52,0,263,2,0,2,265
07/23/2021,BET,AK,AAL,WE,Federal Contract Tower,12,13,1,0,26,1,197,48,0,246,13,210,49,0,272,8,0,8,280
07/24/2021,BET,AK,AAL,WE,Federal Contract Tower,13,11,0,0,24,0,158,36,0,194,13,169,36,0,218,0,0,0,218
07/25/2021,BET,AK,AAL,WE,Federal Contract Tower,6,11,0,0,17,0,131,25,0,156,6,142,25,0,173,0,0,0,173
07/26/2021,BET,AK,AAL,WE,Federal Contract Tower,11,41,2,0,54,0,139,61,0,200,11,180,63,0,254,10,0,10,264
07/27/2021,BET,AK,AAL,WE,Federal Contract Tower,21,33,10,0,64,0,148,48,0,196,21,181,58,0,260,0,0,0,260
07/28/2021,BET,AK,AAL,WE,Federal Contract Tower,9,41,5,0,55,0,31,25,0,56,9,72,30,0,111,2,0,2,113
07/29/2021,BET,AK,AAL,WE,Federal Contract Tower,12,107,45,0,164,0,0,1,0,1,12,107,46,0,165,0,0,0,165
07/30/2021,BET,AK,AAL,WE,Federal Contract Tower,11,65,42,0,118,0,0,0,0,0,11,65,42,0,118,0,0,0,118
07/31/2021,BET,AK,AAL,WE,Federal Contract Tower,9,93,54,0,156,0,3,3,0,6,9,96,57,0,162,0,0,0,162
08/01/2021,BET,AK,AAL,WE,Federal Contract Tower,6,18,6,0,30,2,170,60,0,232,8,188,66,0,262,2,0,2,264
08/02/2021,BET,AK,AAL,WE,Federal Contract Tower,13,6,5,0,24,0,213,61,2,276,13,219,66,2,300,0,0,0,300
08/03/2021,BET,AK,AAL,WE,Federal Contract Tower,13,9,1,0,23,2,209,89,0,300,15,218,90,0,323,0,0,0,323
08/04/2021,BET,AK,AAL,WE,Federal Contract Tower,7,11,4,0,22,0,192,63,0,255,7,203,67,0,277,0,0,0,277
08/05/2021,BET,AK,AAL,WE,Federal Contract Tower,15,28,0,0,43,0,171,58,0,229,15,199,58,0,272,0,0,0,272
08/06/2021,BET,AK,AAL,WE,Federal Contract Tower,10,12,3,0,25,0,228,73,0,301,10,240,76,0,326,8,0,8,334
08/07/2021,BET,AK,AAL,WE,Federal Contract Tower,11,5,3,1,20,0,177,51,0,228,11,182,54,1,248,0,0,0,248
08/08/2021,BET,AK,AAL,WE,Federal Contract Tower,6,7,3,2,18,0,92,49,0,141,6,99,52,2,159,2,0,2,161
08/09/2021,BET,AK,AAL,WE,Federal Contract Tower,12,8,0,0,20,1,168,71,0,240,13,176,71,0,260,0,0,0,260
08/10/2021,BET,AK,AAL,WE,Federal Contract Tower,14,36,5,2,57,0,185,81,0,266,14,221,86,2,323,6,0,6,329
08/11/2021,BET,AK,AAL,WE,Federal Contract Tower,8,38,8,2,56,0,154,58,0,212,8,192,66,2,268,0,0,0,268
08/12/2021,BET,AK,AAL,WE,Federal Contract Tower,9,13,4,0,26,0,165,70,0,235,9,178,74,0,261,2,0,2,263
08/13/2021,BET,AK,AAL,WE,Federal Contract Tower,7,9,2,0,18,0,147,53,0,200,7,156,55,0,218,2,0,2,220
08/14/2021,BET,AK,AAL,WE,Federal Contract Tower,6,24,0,0,30,0,127,39,0,166,6,151,39,0,196,6,0,6,202
08/15/2021,BET,AK,AAL,WE,Federal Contract Tower,5,19,10,0,34,0,79,32,0,111,5,98,42,0,145,6,0,6,151
08/16/2021,BET,AK,AAL,WE,Federal Contract Tower,14,22,0,2,38,0,153,87,0,240,14,175,87,2,278,4,0,4,282
08/17/2021,BET,AK,AAL,WE,Federal Contract Tower,14,36,9,0,59,0,143,47,0,190,14,179,56,0,249,6,0,6,255
08/18/2021,BET,AK,AAL,WE,Federal Contract Tower,10,3,1,0,14,0,222,92,0,314,10,225,93,0,328,16,0,16,344
08/19/2021,BET,AK,AAL,WE,Federal Contract Tower,11,57,12,0,80,0,83,37,0,120,11,140,49,0,200,2,0,2,202
08/20/2021,BET,AK,AAL,WE,Federal Contract Tower,8,9,2,0,19,0,175,74,0,249,8,184,76,0,268,2,0,2,270
08/21/2021,BET,AK,AAL,WE,Federal Contract Tower,6,2,0,0,8,0,139,42,2,183,6,141,42,2,191,0,0,0,191
08/22/2021,BET,AK,AAL,WE,Federal Contract Tower,6,30,7,0,43,0,49,27,0,76,6,79,34,0,119,0,0,0,119
08/23/2021,BET,AK,AAL,WE,Federal Contract Tower,12,21,1,2,36,0,205,62,0,267,12,226,63,2,303,6,0,6,309
08/24/2021,BET,AK,AAL,WE,Federal Contract Tower,12,43,10,0,65,0,148,55,0,203,12,191,65,0,268,2,0,2,270
08/25/2021,BET,AK,AAL,WE,Federal Contract Tower,7,29,9,2,47,0,162,68,7,237,7,191,77,9,284,8,0,8,292
08/26/2021,BET,AK,AAL,WE,Federal Contract Tower,16,46,7,2,71,0,151,41,0,192,16,197,48,2,263,0,0,0,263
08/27/2021,BET,AK,AAL,WE,Federal Contract Tower,11,5,0,0,16,0,186,73,2,261,11,191,73,2,277,0,0,0,277
08/28/2021,BET,AK,AAL,WE,Federal Contract Tower,10,56,11,1,78,0,65,24,0,89,10,121,35,1,167,0,0,0,167
08/29/2021,BET,AK,AAL,WE,Federal Contract Tower,6,16,3,1,26,0,98,39,4,141,6,114,42,5,167,4,0,4,171
08/30/2021,BET,AK,AAL,WE,Federal Contract Tower,14,5,3,1,23,0,190,55,2,247,14,195,58,3,270,4,0,4,274
08/31/2021,BET,AK,AAL,WE,Federal Contract Tower,12,10,1,2,25,0,212,80,1,293,12,222,81,3,318,0,0,0,318
09/01/2021,BET,AK,AAL,WE,Federal Contract Tower,6,6,4,0,16,0,191,53,2,246,6,197,57,2,262,0,0,0,262
09/02/2021,BET,AK,AAL,WE,Federal Contract Tower,2,9,1,0,12,0,217,34,2,253,2,226,35,2,265,0,0,0,265
09/03/2021,BET,AK,AAL,WE,Federal Contract Tower,9,35,2,0,46,0,96,33,0,129,9,131,35,0,175,0,0,0,175
09/04/2021,BET,AK,AAL,WE,Federal Contract Tower,12,11,1,0,24,0,125,45,0,170,12,136,46,0,194,0,0,0,194
09/05/2021,BET,AK,AAL,WE,Federal Contract Tower,6,14,1,0,21,0,71,35,0,106,6,85,36,0,127,4,0,4,131
09/06/2021,BET,AK,AAL,WE,Federal Contract Tower,8,37,7,0,52,0,67,27,0,94,8,104,34,0,146,0,0,0,146
09/07/2021,BET,AK,AAL,WE,Federal Contract Tower,15,41,15,0,71,0,59,42,1,102,15,100,57,1,173,0,0,0,173
09/08/2021,BET,AK,AAL,WE,Federal Contract Tower,9,24,10,0,43,1,107,32,2,142,10,131,42,2,185,0,0,0,185
09/09/2021,BET,AK,AAL,WE,Federal Contract Tower,9,8,1,0,18,0,200,65,0,265,9,208,66,0,283,4,0,4,287
09/10/2021,BET,AK,AAL,WE,Federal Contract Tower,9,6,0,0,15,0,209,69,0,278,9,215,69,0,293,0,0,0,293
09/11/2021,BET,AK,AAL,WE,Federal Contract Tower,9,27,7,0,43,0,90,22,0,112,9,117,29,0,155,0,0,0,155
09/12/2021,BET,AK,AAL,WE,Federal Contract Tower,6,10,0,0,16,0,109,30,0,139,6,119,30,0,155,0,0,0,155
09/13/2021,BET,AK,AAL,WE,Federal Contract Tower,10,51,17,0,78,0,137,52,0,189,10,188,69,0,267,0,0,0,267
09/14/2021,BET,AK,AAL,WE,Federal Contract Tower,8,45,19,2,74,0,117,33,0,150,8,162,52,2,224,0,0,0,224
09/15/2021,BET,AK,AAL,WE,Federal Contract Tower,13,28,11,0,52,0,175,57,0,232,13,203,68,0,284,4,0,4,288
09/16/2021,BET,AK,AAL,WE,Federal Contract Tower,11,5,0,2,18,1,210,84,0,295,12,215,84,2,313,0,0,0,313
09/17/2021,BET,AK,AAL,WE,Federal Contract Tower,14,9,2,0,25,0,192,59,0,251,14,201,61,0,276,10,0,10,286
09/18/2021,BET,AK,AAL,WE,Federal Contract Tower,11,4,0,0,15,0,174,61,0,235,11,178,61,0,250,6,0,6,256
09/19/2021,BET,AK,AAL,WE,Federal Contract Tower,5,5,0,0,10,0,136,58,0,194,5,141,58,0,204,10,0,10,214
09/20/2021,BET,AK,AAL,WE,Federal Contract Tower,17,8,0,0,25,0,236,75,0,311,17,244,75,0,336,0,0,0,336
09/21/2021,BET,AK,AAL,WE,Federal Contract Tower,10,13,0,0,23,1,208,74,0,283,11,221,74,0,306,0,0,0,306
09/22/2021,BET,AK,AAL,WE,Federal Contract Tower,9,48,29,0,86,0,78,24,0,102,9,126,53,0,188,8,0,8,196
09/23/2021,BET,AK,AAL,WE,Federal Contract Tower,12,6,0,0,18,1,230,91,2,324,13,236,91,2,342,0,0,0,342
09/24/2021,BET,AK,AAL,WE,Federal Contract Tower,6,3,1,0,10,0,216,104,0,320,6,219,105,0,330,0,0,0,330
09/25/2021,BET,AK,AAL,WE,Federal Contract Tower,11,4,1,0,16,1,147,73,0,221,12,151,74,0,237,4,0,4,241
09/26/2021,BET,AK,AAL,WE,Federal Contract Tower,7,9,1,0,17,0,130,48,0,178,7,139,49,0,195,4,0,4,199
09/27/2021,BET,AK,AAL,WE,Federal Contract Tower,22,4,2,2,30,0,197,72,1,270,22,201,74,3,300,2,0,2,302
09/28/2021,BET,AK,AAL,WE,Federal Contract Tower,14,5,1,0,20,1,229,82,3,315,15,234,83,3,335,2,0,2,337
09/29/2021,BET,AK,AAL,WE,Federal Contract Tower,14,43,6,0,63,0,99,59,0,158,14,142,65,0,221,0,0,0,221
09/30/2021,BET,AK,AAL,WE,Federal Contract Tower,13,14,1,0,28,0,142,88,0,230,13,156,89,0,258,0,0,0,258
10/01/2021,BET,AK,AAL,WE,Federal Contract Tower,13,3,0,0,16,0,188,63,0,251,13,191,63,0,267,4,0,4,271
10/02/2021,BET,AK,AAL,WE,Federal Contract Tower,11,9,0,0,20,2,175,50,0,227,13,184,50,0,247,0,0,0,247
10/03/2021,BET,AK,AAL,WE,Federal Contract Tower,6,8,0,0,14,0,144,64,2,210,6,152,64,2,224,2,0,2,226
10/04/2021,BET,AK,AAL,WE,Federal Contract Tower,14,31,4,0,49,0,146,40,0,186,14,177,44,0,235,0,0,0,235
10/05/2021,BET,AK,AAL,WE,Federal Contract Tower,12,71,25,0,108,0,37,12,0,49,12,108,37,0,157,0,0,0,157
10/06/2021,BET,AK,AAL,WE,Federal Contract Tower,15,18,3,0,36,1,152,38,0,191,16,170,41,0,227,0,0,0,227
10/07/2021,BET,AK,AAL,WE,Federal Contract Tower,10,44,12,0,66,0,154,52,0,206,10,198,64,0,272,0,0,0,272
10/08/2021,BET,AK,AAL,WE,Federal Contract Tower,13,87,19,3,122,0,38,8,0,46,13,125,27,3,168,0,0,0,168
10/09/2021,BET,AK,AAL,WE,Federal Contract Tower,12,13,1,0,26,0,125,36,1,162,12,138,37,1,188,0,0,0,188
10/10/2021,BET,AK,AAL,WE,Federal Contract Tower,8,7,4,0,19,0,146,47,0,193,8,153,51,0,212,6,0,6,218
10/11/2021,BET,AK,AAL,WE,Federal Contract Tower,13,8,2,0,23,0,197,66,0,263,13,205,68,0,286,12,0,12,298
10/12/2021,BET,AK,AAL,WE,Federal Contract Tower,12,30,4,0,46,0,136,49,0,185,12,166,53,0,231,0,0,0,231
10/13/2021,BET,AK,AAL,WE,Federal Contract Tower,11,37,11,0,59,0,83,34,0,117,11,120,45,0,176,6,0,6,182
10/14/2021,BET,AK,AAL,WE,Federal Contract Tower,14,36,17,0,67,0,96,44,0,140,14,132,61,0,207,30,0,30,237
10/15/2021,BET,AK,AAL,WE,Federal Contract Tower,10,9,3,0,22,0,218,55,0,273,10,227,58,0,295,0,0,0,295
10/16/2021,BET,AK,AAL,WE,Federal Contract Tower,12,7,2,0,21,0,156,50,0,206,12,163,52,0,227,6,0,6,233
10/17/2021,BET,AK,AAL,WE,Federal Contract Tower,6,2,1,0,9,0,148,36,0,184,6,150,37,0,193,28,0,28,221
10/18/2021,BET,AK,AAL,WE,Federal Contract Tower,20,2,0,0,22,0,227,58,0,285,20,229,58,0,307,12,0,12,319
10/19/2021,BET,AK,AAL,WE,Federal Contract Tower,15,13,3,0,31,0,204,46,0,250,15,217,49,0,281,32,0,32,313
10/20/2021,BET,AK,AAL,WE,Federal Contract Tower,12,31,16,0,59,0,115,35,0,150,12,146,51,0,209,68,0,68,277
10/21/2021,BET,AK,AAL,WE,Federal Contract Tower,16,3,0,0,19,0,229,55,0,284,16,232,55,0,303,14,0,14,317
10/22/2021,BET,AK,AAL,WE,Federal Contract Tower,9,7,0,0,16,0,241,49,0,290,9,248,49,0,306,2,0,2,308
10/23/2021,BET,AK,AAL,WE,Federal Contract Tower,12,54,17,0,83,0,81,22,0,103,12,135,39,0,186,18,0,18,204
10/25/2021,BET,AK,AAL,WE,Federal Contract Tower,12,8,0,0,20,1,245,46,0,292,13,253,46,0,312,14,0,14,326
10/26/2021,BET,AK,AAL,WE,Federal Contract Tower,15,5,0,2,22,0,244,59,0,303,15,249,59,2,325,4,0,4,329
10/27/2021,BET,AK,AAL,WE,Federal Contract Tower,11,47,17,0,75,0,60,11,0,71,11,107,28,0,146,0,0,0,146
10/28/2021,BET,AK,AAL,WE,Federal Contract Tower,10,11,1,0,22,1,240,105,0,346,11,251,106,0,368,12,0,12,380
10/29/2021,BET,AK,AAL,WE,Federal Contract Tower,16,2,0,0,18,0,235,98,0,333,16,237,98,0,351,2,0,2,353
10/30/2021,BET,AK,AAL,WE,Federal Contract Tower,6,43,11,0,60,0,55,18,0,73,6,98,29,0,133,2,0,2,135
10/31/2021,BET,AK,AAL,WE,Federal Contract Tower,7,4,0,0,11,0,142,30,0,172,7,146,30,0,183,2,0,2,185
11/01/2021,BET,AK,AAL,WE,Federal Contract Tower,7,8,0,0,15,0,216,113,0,329,7,224,113,0,344,30,0,30,374
11/03/2021,BET,AK,AAL,WE,Federal Contract Tower,6,21,3,2,32,0,136,96,0,232,6,157,99,2,264,6,0,6,270
11/04/2021,BET,AK,AAL,WE,Federal Contract Tower,10,23,2,0,35,0,168,139,0,307,10,191,141,0,342,2,0,2,344
11/05/2021,BET,AK,AAL,WE,Federal Contract Tower,11,26,13,0,50,0,103,79,1,183,11,129,92,1,233,12,0,12,245
11/06/2021,BET,AK,AAL,WE,Federal Contract Tower,12,32,15,0,59,0,90,46,1,137,12,122,61,1,196,12,0,12,208
11/07/2021,BET,AK,AAL,WE,Federal Contract Tower,5,10,0,0,15,0,150,47,0,197,5,160,47,0,212,14,0,14,226
11/08/2021,BET,AK,AAL,WE,Federal Contract Tower,11,3,0,0,14,0,217,86,0,303,11,220,86,0,317,2,0,2,319
11/09/2021,BET,AK,AAL,WE,Federal Contract Tower,12,12,7,0,31,0,210,95,0,305,12,222,102,0,336,8,0,8,344
11/10/2021,BET,AK,AAL,WE,Federal Contract Tower,9,5,2,0,16,0,218,115,0,333,9,223,117,0,349,6,0,6,355
11/11/2021,BET,AK,AAL,WE,Federal Contract Tower,11,8,3,0,22,0,194,84,0,278,11,202,87,0,300,6,0,6,306
11/12/2021,BET,AK,AAL,WE,Federal Contract Tower,5,7,1,0,13,1,184,81,0,266,6,191,82,0,279,0,0,0,279
11/13/2021,BET,AK,AAL,WE,Federal Contract Tower,10,23,9,0,42,0,167,56,0,223,10,190,65,0,265,0,0,0,265
11/14/2021,BET,AK,AAL,WE,Federal Contract Tower,6,3,0,0,9,0,190,55,0,245,6,193,55,0,254,0,0,0,254
11/15/2021,BET,AK,AAL,WE,Federal Contract Tower,5,6,1,0,12,1,206,83,0,290,6,212,84,0,302,4,0,4,306
11/16/2021,BET,AK,AAL,WE,Federal Contract Tower,8,7,1,0,16,0,207,98,0,305,8,214,99,0,321,0,0,0,321
11/17/2021,BET,AK,AAL,WE,Federal Contract Tower,8,0,0,0,8,0,159,91,0,250,8,159,91,0,258,0,0,0,258
11/18/2021,BET,AK,AAL,WE,Federal Contract Tower,10,4,0,0,14,0,200,110,0,310,10,204,110,0,324,0,0,0,324
11/20/2021,BET,AK,AAL,WE,Federal Contract Tower,4,9,0,0,13,1,178,57,0,236,5,187,57,0,249,0,0,0,249
11/21/2021,BET,AK,AAL,WE,Federal Contract Tower,4,2,0,0,6,0,127,26,0,153,4,129,26,0,159,0,0,0,159
11/22/2021,BET,AK,AAL,WE,Federal Contract Tower,12,5,2,0,19,1,221,58,0,280,13,226,60,0,299,0,0,0,299
11/23/2021,BET,AK,AAL,WE,Federal Contract Tower,1,6,1,0,8,0,183,86,0,269,1,189,87,0,277,6,0,6,283
11/24/2021,BET,AK,AAL,WE,Federal Contract Tower,8,8,0,0,16,0,145,125,0,270,8,153,125,0,286,6,0,6,292
11/25/2021,BET,AK,AAL,WE,Federal Contract Tower,0,0,0,0,0,0,7,0,0,7,0,7,0,0,7,0,0,0,7
11/26/2021,BET,AK,AAL,WE,Federal Contract Tower,10,9,1,0,20,0,182,49,0,231,10,191,50,0,251,2,0,2,253
11/27/2021,BET,AK,AAL,WE,Federal Contract Tower,7,4,0,0,11,0,163,50,0,213,7,167,50,0,224,6,0,6,230
11/28/2021,BET,AK,AAL,WE,Federal Contract Tower,9,4,0,0,13,0,151,36,0,187,9,155,36,0,200,0,0,0,200
11/29/2021,BET,AK,AAL,WE,Federal Contract Tower,12,3,1,0,16,1,157,48,0,206,13,160,49,0,222,0,0,0,222
11/30/2021,BET,AK,AAL,WE,Federal Contract Tower,8,24,7,0,39,0,115,63,0,178,8,139,70,0,217,6,0,6,223
12/01/2021,BET,AK,AAL,WE,Federal Contract Tower,11,8,0,0,19,0,120,10,0,130,11,128,10,0,149,2,0,2,151
12/02/2021,BET,AK,AAL,WE,Federal Contract Tower,7,9,2,2,20,0,173,113,1,287,7,182,115,3,307,2,0,2,309
12/03/2021,BET,AK,AAL,WE,Federal Contract Tower,6,20,1,0,27,0,4,5,0,9,6,24,6,0,36,0,0,0,36
12/04/2021,BET,AK,AAL,WE,Federal Contract Tower,14,14,7,0,35,0,95,47,0,142,14,109,54,0,177,2,0,2,179
12/05/2021,BET,AK,AAL,WE,Federal Contract Tower,0,0,0,0,0,0,0,0,0,0,0,0,0,0,0,0,0,0,0
12/06/2021,BET,AK,AAL,WE,Federal Contract Tower,13,9,0,0,22,0,189,54,0,243,13,198,54,0,265,0,0,0,265
12/07/2021,BET,AK,AAL,WE,Federal Contract Tower,13,17,4,0,34,0,190,102,0,292,13,207,106,0,326,0,0,0,326
12/08/2021,BET,AK,AAL,WE,Federal Contract Tower,11,8,2,0,21,0,36,30,0,66,11,44,32,0,87,0,0,0,87
12/09/2021,BET,AK,AAL,WE,Federal Contract Tower,5,40,7,0,52,0,0,0,0,0,5,40,7,0,52,0,0,0,52
12/10/2021,BET,AK,AAL,WE,Federal Contract Tower,10,7,2,0,19,0,72,48,0,120,10,79,50,0,139,6,0,6,145
12/11/2021,BET,AK,AAL,WE,Federal Contract Tower,11,15,0,0,26,0,191,72,0,263,11,206,72,0,289,0,0,0,289
12/12/2021,BET,AK,AAL,WE,Federal Contract Tower,8,2,2,0,12,1,218,68,0,287,9,220,70,0,299,4,0,4,303
12/13/2021,BET,AK,AAL,WE,Federal Contract Tower,11,0,4,0,15,2,124,50,0,176,13,124,54,0,191,0,0,0,191
12/14/2021,BET,AK,AAL,WE,Federal Contract Tower,11,5,2,0,18,0,186,111,0,297,11,191,113,0,315,0,0,0,315
12/15/2021,BET,AK,AAL,WE,Federal Contract Tower,12,13,0,0,25,0,85,56,0,141,12,98,56,0,166,2,0,2,168
12/16/2021,BET,AK,AAL,WE,Federal Contract Tower,11,51,11,0,73,0,3,1,0,4,11,54,12,0,77,0,0,0,77
12/17/2021,BET,AK,AAL,WE,Federal Contract Tower,7,15,1,0,23,0,0,0,0,0,7,15,1,0,23,0,0,0,23
12/18/2021,BET,AK,AAL,WE,Federal Contract Tower,6,49,15,0,70,0,0,0,0,0,6,49,15,0,70,0,0,0,70
12/19/2021,BET,AK,AAL,WE,Federal Contract Tower,4,17,0,0,21,0,0,0,0,0,4,17,0,0,21,0,0,0,21
12/20/2021,BET,AK,AAL,WE,Federal Contract Tower,10,40,2,0,52,0,2,0,0,2,10,42,2,0,54,0,0,0,54
12/21/2021,BET,AK,AAL,WE,Federal Contract Tower,7,68,12,0,87,0,78,26,0,104,7,146,38,0,191,0,0,0,191
12/22/2021,BET,AK,AAL,WE,Federal Contract Tower,3,0,0,0,3,0,3,13,0,16,3,3,13,0,19,0,0,0,19
12/23/2021,BET,AK,AAL,WE,Federal Contract Tower,4,25,8,0,37,0,0,0,0,0,4,25,8,0,37,0,0,0,37
12/24/2021,BET,AK,AAL,WE,Federal Contract Tower,7,6,1,0,14,0,94,47,0,141,7,100,48,0,155,0,0,0,155
12/25/2021,BET,AK,AAL,WE,Federal Contract Tower,0,0,0,0,0,0,0,0,0,0,0,0,0,0,0,0,0,0,0
12/26/2021,BET,AK,AAL,WE,Federal Contract Tower,2,0,0,0,2,0,0,0,0,0,2,0,0,0,2,0,0,0,2
12/27/2021,BET,AK,AAL,WE,Federal Contract Tower,10,33,3,4,50,0,3,0,0,3,10,36,3,4,53,0,0,0,53
12/28/2021,BET,AK,AAL,WE,Federal Contract Tower,8,13,0,0,21,0,22,4,0,26,8,35,4,0,47,0,0,0,47
12/29/2021,BET,AK,AAL,WE,Federal Contract Tower,4,19,6,0,29,0,66,20,2,88,4,85,26,2,117,8,0,8,125
12/30/2021,BET,AK,AAL,WE,Federal Contract Tower,10,22,4,0,36,0,95,31,3,129,10,117,35,3,165,0,0,0,165
12/31/2021,BET,AK,AAL,WE,Federal Contract Tower,8,40,1,3,52,0,53,0,1,54,8,93,1,4,106,0,0,0,106
01/01/2022,BET,AK,AAL,WE,Federal Contract Tower,4,2,0,0,6,0,141,0,0,141,4,143,0,0,147,6,0,6,153
01/02/2022,BET,AK,AAL,WE,Federal Contract Tower,4,7,0,0,11,0,174,57,0,231,4,181,57,0,242,12,0,12,254
01/03/2022,BET,AK,AAL,WE,Federal Contract Tower,10,3,0,0,13,0,51,2,3,56,10,54,2,3,69,6,0,6,75
01/04/2022,BET,AK,AAL,WE,Federal Contract Tower,6,11,2,0,19,0,145,43,0,188,6,156,45,0,207,0,0,0,207
01/05/2022,BET,AK,AAL,WE,Federal Contract Tower,8,14,7,0,29,0,206,95,0,301,8,220,102,0,330,2,0,2,332
01/06/2022,BET,AK,AAL,WE,Federal Contract Tower,6,4,0,0,10,0,197,100,0,297,6,201,100,0,307,0,0,0,307
01/07/2022,BET,AK,AAL,WE,Federal Contract Tower,5,9,2,0,16,0,181,55,0,236,5,190,57,0,252,3,0,3,255
01/08/2022,BET,AK,AAL,WE,Federal Contract Tower,10,0,0,0,10,0,52,15,0,67,10,52,15,0,77,0,0,0,77
01/09/2022,BET,AK,AAL,WE,Federal Contract Tower,5,2,1,0,8,0,74,8,0,82,5,76,9,0,90,0,0,0,90
01/10/2022,BET,AK,AAL,WE,Federal Contract Tower,8,2,0,2,12,0,175,36,0,211,8,177,36,2,223,4,0,4,227
01/11/2022,BET,AK,AAL,WE,Federal Contract Tower,6,5,0,0,11,0,184,51,0,235,6,189,51,0,246,4,0,4,250
01/12/2022,BET,AK,AAL,WE,Federal Contract Tower,5,19,6,0,30,0,46,23,0,69,5,65,29,0,99,2,0,2,101
01/13/2022,BET,AK,AAL,WE,Federal Contract Tower,9,13,0,0,22,0,166,32,0,198,9,179,32,0,220,0,0,0,220
01/14/2022,BET,AK,AAL,WE,Federal Contract Tower,9,26,0,0,35,0,114,31,0,145,9,140,31,0,180,0,0,0,180
01/15/2022,BET,AK,AAL,WE,Federal Contract Tower,8,17,1,0,26,0,16,10,0,26,8,33,11,0,52,0,0,0,52
01/16/2022,BET,AK,AAL,WE,Federal Contract Tower,7,9,2,0,18,1,66,29,0,96,8,75,31,0,114,4,0,4,118
01/17/2022,BET,AK,AAL,WE,Federal Contract Tower,12,3,0,0,15,0,176,48,0,224,12,179,48,0,239,6,0,6,245
01/18/2022,BET,AK,AAL,WE,Federal Contract Tower,7,9,5,0,21,2,173,44,0,219,9,182,49,0,240,0,0,0,240
01/19/2022,BET,AK,AAL,WE,Federal Contract Tower,7,6,0,0,13,0,207,45,0,252,7,213,45,0,265,2,0,2,267
01/20/2022,BET,AK,AAL,WE,Federal Contract Tower,11,24,0,0,35,0,121,35,0,156,11,145,35,0,191,6,0,6,197
01/21/2022,BET,AK,AAL,WE,Federal Contract Tower,10,15,2,0,27,0,124,34,0,158,10,139,36,0,185,0,0,0,185
01/22/2022,BET,AK,AAL,WE,Federal Contract Tower,9,1,0,0,10,0,142,42,0,184,9,143,42,0,194,10,0,10,204
01/23/2022,BET,AK,AAL,WE,Federal Contract Tower,7,21,1,0,29,0,74,27,0,101,7,95,28,0,130,2,0,2,132
01/24/2022,BET,AK,AAL,WE,Federal Contract Tower,9,5,0,0,14,1,73,29,0,103,10,78,29,0,117,2,0,2,119
01/25/2022,BET,AK,AAL,WE,Federal Contract Tower,8,19,0,0,27,0,136,38,0,174,8,155,38,0,201,4,0,4,205
01/26/2022,BET,AK,AAL,WE,Federal Contract Tower,11,56,4,0,71,0,8,3,0,11,11,64,7,0,82,0,0,0,82
01/27/2022,BET,AK,AAL,WE,Federal Contract Tower,14,8,1,0,23,0,161,0,0,161,14,169,1,0,184,0,0,0,184
01/28/2022,BET,AK,AAL,WE,Federal Contract Tower,9,6,0,0,15,0,213,47,0,260,9,219,47,0,275,0,0,0,275
01/29/2022,BET,AK,AAL,WE,Federal Contract Tower,13,2,0,0,15,0,196,27,0,223,13,198,27,0,238,0,0,0,238
01/30/2022,BET,AK,AAL,WE,Federal Contract Tower,6,0,0,0,6,0,164,290,0,454,6,164,290,0,460,0,0,0,460
01/31/2022,BET,AK,AAL,WE,Federal Contract Tower,14,8,0,0,22,1,192,27,1,221,15,200,27,1,243,0,0,0,243
02/01/2022,BET,AK,AAL,WE,Federal Contract Tower,4,8,1,0,13,0,1,0,0,1,4,9,1,0,14,0,0,0,14
02/02/2022,BET,AK,AAL,WE,Federal Contract Tower,11,2,2,0,15,0,77,21,0,98,11,79,23,0,113,0,0,0,113
02/03/2022,BET,AK,AAL,WE,Federal Contract Tower,3,2,0,0,5,0,0,0,0,0,3,2,0,0,5,0,0,0,5
02/04/2022,BET,AK,AAL,WE,Federal Contract Tower,8,52,3,0,63,0,6,2,0,8,8,58,5,0,71,0,0,0,71
02/05/2022,BET,AK,AAL,WE,Federal Contract Tower,12,43,12,0,67,0,0,0,0,0,12,43,12,0,67,0,0,0,67
02/06/2022,BET,AK,AAL,WE,Federal Contract Tower,7,2,0,0,9,1,202,38,0,241,8,204,38,0,250,6,0,6,256
02/07/2022,BET,AK,AAL,WE,Federal Contract Tower,12,4,0,0,16,1,173,41,0,215,13,177,41,0,231,0,0,0,231
02/08/2022,BET,AK,AAL,WE,Federal Contract Tower,16,3,0,0,19,0,157,42,0,199,16,160,42,0,218,0,0,0,218
02/09/2022,BET,AK,AAL,WE,Federal Contract Tower,7,8,4,1,20,0,159,50,4,213,7,167,54,5,233,0,14,14,247
02/10/2022,BET,AK,AAL,WE,Federal Contract Tower,10,13,0,0,23,5,166,76,1,248,15,179,76,1,271,0,0,0,271
02/11/2022,BET,AK,AAL,WE,Federal Contract Tower,5,14,4,0,23,0,7,2,0,9,5,21,6,0,32,0,0,0,32
02/12/2022,BET,AK,AAL,WE,Federal Contract Tower,10,36,6,0,52,0,18,8,0,26,10,54,14,0,78,0,0,0,78
02/13/2022,BET,AK,AAL,WE,Federal Contract Tower,3,9,4,0,16,1,155,58,2,216,4,164,62,2,232,0,0,0,232
02/14/2022,BET,AK,AAL,WE,Federal Contract Tower,5,21,7,0,33,0,8,5,0,13,5,29,12,0,46,0,0,0,46
02/15/2022,BET,AK,AAL,WE,Federal Contract Tower,15,64,13,0,92,0,20,6,0,26,15,84,19,0,118,0,0,0,118
02/16/2022,BET,AK,AAL,WE,Federal Contract Tower,10,46,9,0,65,0,4,5,0,9,10,50,14,0,74,0,0,0,74
02/17/2022,BET,AK,AAL,WE,Federal Contract Tower,5,17,0,0,22,0,0,0,0,0,5,17,0,0,22,0,0,0,22
02/18/2022,BET,AK,AAL,WE,Federal Contract Tower,8,57,3,0,68,0,0,0,0,0,8,57,3,0,68,0,0,0,68
02/19/2022,BET,AK,AAL,WE,Federal Contract Tower,8,41,6,0,55,1,160,42,0,203,9,201,48,0,258,2,0,2,260
02/20/2022,BET,AK,AAL,WE,Federal Contract Tower,4,4,1,0,9,0,63,10,0,73,4,67,11,0,82,0,0,0,82
02/21/2022,BET,AK,AAL,WE,Federal Contract Tower,13,4,0,0,17,0,211,45,0,256,13,215,45,0,273,0,0,0,273
02/22/2022,BET,AK,AAL,WE,Federal Contract Tower,11,40,4,0,55,0,144,31,0,175,11,184,35,0,230,0,0,0,230
02/23/2022,BET,AK,AAL,WE,Federal Contract Tower,14,10,3,0,27,1,145,63,0,209,15,155,66,0,236,8,0,8,244
02/24/2022,BET,AK,AAL,WE,Federal Contract Tower,11,8,4,0,23,0,253,70,0,323,11,261,74,0,346,0,0,0,346
02/25/2022,BET,AK,AAL,WE,Federal Contract Tower,6,13,0,0,19,0,186,63,0,249,6,199,63,0,268,6,0,6,274
02/26/2022,BET,AK,AAL,WE,Federal Contract Tower,13,29,0,0,42,0,193,49,0,242,13,222,49,0,284,2,0,2,286
02/27/2022,BET,AK,AAL,WE,Federal Contract Tower,6,23,8,0,37,0,131,38,0,169,6,154,46,0,206,2,0,2,208
02/28/2022,BET,AK,AAL,WE,Federal Contract Tower,15,41,14,0,70,1,129,32,0,162,16,170,46,0,232,0,0,0,232
03/01/2022,BET,AK,AAL,WE,Federal Contract Tower,13,66,13,0,92,0,0,0,0,0,13,66,13,0,92,0,0,0,92
03/02/2022,BET,AK,AAL,WE,Federal Contract Tower,8,11,1,0,20,0,212,108,0,320,8,223,109,0,340,0,0,0,340
03/03/2022,BET,AK,AAL,WE,Federal Contract Tower,11,33,8,0,52,0,137,66,0,203,11,170,74,0,255,3,0,3,258
03/04/2022,BET,AK,AAL,WE,Federal Contract Tower,5,4,2,0,11,0,1,0,0,1,5,5,2,0,12,0,0,0,12
03/05/2022,BET,AK,AAL,WE,Federal Contract Tower,4,39,7,0,50,0,0,0,0,0,4,39,7,0,50,0,0,0,50
03/06/2022,BET,AK,AAL,WE,Federal Contract Tower,6,21,3,0,30,0,140,82,0,222,6,161,85,0,252,0,0,0,252
03/07/2022,BET,AK,AAL,WE,Federal Contract Tower,16,40,8,0,64,0,174,50,0,224,16,214,58,0,288,0,0,0,288
03/08/2022,BET,AK,AAL,WE,Federal Contract Tower,12,14,0,0,26,0,262,83,0,345,12,276,83,0,371,0,0,0,371
03/09/2022,BET,AK,AAL,WE,Federal Contract Tower,8,14,6,0,28,0,121,48,0,169,8,135,54,0,197,4,0,4,201
03/10/2022,BET,AK,AAL,WE,Federal Contract Tower,13,2,0,0,15,0,166,70,0,236,13,168,70,0,251,0,0,0,251
03/11/2022,BET,AK,AAL,WE,Federal Contract Tower,5,5,0,0,10,0,204,48,0,252,5,209,48,0,262,0,0,0,262
03/12/2022,BET,AK,AAL,WE,Federal Contract Tower,9,6,0,0,15,2,218,53,0,273,11,224,53,0,288,0,0,0,288
03/13/2022,BET,AK,AAL,WE,Federal Contract Tower,6,4,0,0,10,0,142,26,0,168,6,146,26,0,178,0,0,0,178
03/14/2022,BET,AK,AAL,WE,Federal Contract Tower,13,3,0,0,16,0,265,55,0,320,13,268,55,0,336,0,0,0,336
03/15/2022,BET,AK,AAL,WE,Federal Contract Tower,8,9,0,0,17,0,183,62,3,248,8,192,62,3,265,0,0,0,265
03/16/2022,BET,AK,AAL,WE,Federal Contract Tower,8,47,5,0,60,0,82,21,0,103,8,129,26,0,163,0,0,0,163
03/17/2022,BET,AK,AAL,WE,Federal Contract Tower,7,12,1,0,20,0,214,68,0,282,7,226,69,0,302,0,0,0,302
03/18/2022,BET,AK,AAL,WE,Federal Contract Tower,6,13,4,0,23,0,113,43,0,156,6,126,47,0,179,0,0,0,179
03/19/2022,BET,AK,AAL,WE,Federal Contract Tower,9,6,0,0,15,0,140,48,0,188,9,146,48,0,203,0,0,0,203
03/20/2022,BET,AK,AAL,WE,Federal Contract Tower,4,2,0,0,6,0,123,38,0,161,4,125,38,0,167,0,0,0,167
03/21/2022,BET,AK,AAL,WE,Federal Contract Tower,5,1,0,0,6,0,147,42,0,189,5,148,42,0,195,0,0,0,195
03/22/2022,BET,AK,AAL,WE,Federal Contract Tower,7,6,0,0,13,1,189,44,0,234,8,195,44,0,247,0,0,0,247
03/23/2022,BET,AK,AAL,WE,Federal Contract Tower,6,2,0,0,8,0,177,81,0,258,6,179,81,0,266,0,0,0,266
03/24/2022,BET,AK,AAL,WE,Federal Contract Tower,12,5,1,0,18,0,192,64,0,256,12,197,65,0,274,0,0,0,274
03/25/2022,BET,AK,AAL,WE,Federal Contract Tower,8,4,1,0,13,0,206,61,0,267,8,210,62,0,280,0,0,0,280
03/26/2022,BET,AK,AAL,WE,Federal Contract Tower,14,15,2,0,31,0,147,44,0,191,14,162,46,0,222,0,0,0,222
03/27/2022,BET,AK,AAL,WE,Federal Contract Tower,5,2,0,0,7,0,116,34,0,150,5,118,34,0,157,0,0,0,157
03/28/2022,BET,AK,AAL,WE,Federal Contract Tower,11,12,0,2,25,0,164,52,0,216,11,176,52,2,241,0,0,0,241
03/29/2022,BET,AK,AAL,WE,Federal Contract Tower,8,9,0,0,17,0,166,62,0,228,8,175,62,0,245,0,0,0,245
03/30/2022,BET,AK,AAL,WE,Federal Contract Tower,10,9,2,0,21,0,162,70,0,232,10,171,72,0,253,6,0,6,259
03/31/2022,BET,AK,AAL,WE,Federal Contract Tower,9,18,1,0,28,0,161,70,0,231,9,179,71,0,259,0,0,0,259
04/01/2022,BET,AK,AAL,WE,Federal Contract Tower,10,9,0,0,19,0,188,57,0,245,10,197,57,0,264,0,0,0,264
04/02/2022,BET,AK,AAL,WE,Federal Contract Tower,10,6,0,0,16,1,136,75,0,212,11,142,75,0,228,0,0,0,228
04/03/2022,BET,AK,AAL,WE,Federal Contract Tower,6,4,0,0,10,0,137,58,0,195,6,141,58,0,205,0,0,0,205
04/04/2022,BET,AK,AAL,WE,Federal Contract Tower,11,12,3,0,26,0,187,88,0,275,11,199,91,0,301,2,0,2,303
04/05/2022,BET,AK,AAL,WE,Federal Contract Tower,12,12,0,0,24,0,174,83,0,257,12,186,83,0,281,0,0,0,281
04/06/2022,BET,AK,AAL,WE,Federal Contract Tower,11,3,0,0,14,0,220,73,0,293,11,223,73,0,307,0,0,0,307
04/07/2022,BET,AK,AAL,WE,Federal Contract Tower,11,12,0,0,23,0,203,69,0,272,11,215,69,0,295,0,0,0,295
04/08/2022,BET,AK,AAL,WE,Federal Contract Tower,9,4,0,0,13,0,191,89,0,280,9,195,89,0,293,0,12,12,305
04/09/2022,BET,AK,AAL,WE,Federal Contract Tower,15,8,3,0,26,0,133,43,0,176,15,141,46,0,202,0,0,0,202
04/10/2022,BET,AK,AAL,WE,Federal Contract Tower,6,0,1,0,7,0,98,35,0,133,6,98,36,0,140,0,0,0,140
04/11/2022,BET,AK,AAL,WE,Federal Contract Tower,11,4,0,0,15,0,210,64,4,278,11,214,64,4,293,0,0,0,293
04/12/2022,BET,AK,AAL,WE,Federal Contract Tower,7,5,4,0,16,1,219,70,0,290,8,224,74,0,306,0,0,0,306
04/13/2022,BET,AK,AAL,WE,Federal Contract Tower,6,6,0,0,12,0,189,87,0,276,6,195,87,0,288,0,0,0,288
04/14/2022,BET,AK,AAL,WE,Federal Contract Tower,15,6,1,0,22,0,173,85,0,258,15,179,86,0,280,0,0,0,280
04/15/2022,BET,AK,AAL,WE,Federal Contract Tower,12,0,0,0,12,0,192,75,0,267,12,192,75,0,279,2,0,2,281
04/16/2022,BET,AK,AAL,WE,Federal Contract Tower,13,6,0,0,19,170,94,0,0,264,183,100,0,0,283,0,0,0,283
04/17/2022,BET,AK,AAL,WE,Federal Contract Tower,6,4,0,0,10,0,72,46,0,118,6,76,46,0,128,6,0,6,134
04/18/2022,BET,AK,AAL,WE,Federal Contract Tower,7,2,0,0,9,0,226,92,0,318,7,228,92,0,327,0,0,0,327
04/19/2022,BET,AK,AAL,WE,Federal Contract Tower,10,7,3,0,20,0,256,152,0,408,10,263,155,0,428,4,0,4,432
04/20/2022,BET,AK,AAL,WE,Federal Contract Tower,10,6,0,2,18,0,197,105,0,302,10,203,105,2,320,6,0,6,326
04/21/2022,BET,AK,AAL,WE,Federal Contract Tower,9,6,0,0,15,0,208,74,0,282,9,214,74,0,297,0,0,0,297
04/22/2022,BET,AK,AAL,WE,Federal Contract Tower,12,2,1,0,15,0,213,75,0,288,12,215,76,0,303,4,0,4,307
04/23/2022,BET,AK,AAL,WE,Federal Contract Tower,11,5,0,0,16,0,207,48,0,255,11,212,48,0,271,6,0,6,277
04/24/2022,BET,AK,AAL,WE,Federal Contract Tower,6,11,5,0,22,0,112,30,0,142,6,123,35,0,164,0,0,0,164
04/25/2022,BET,AK,AAL,WE,Federal Contract Tower,11,31,14,2,58,0,165,73,0,238,11,196,87,2,296,0,0,0,296
04/26/2022,BET,AK,AAL,WE,Federal Contract Tower,13,11,0,0,24,1,220,97,0,318,14,231,97,0,342,1,0,1,343
04/27/2022,BET,AK,AAL,WE,Federal Contract Tower,7,8,2,0,17,0,217,89,0,306,7,225,91,0,323,0,0,0,323
04/28/2022,BET,AK,AAL,WE,Federal Contract Tower,11,13,0,2,26,0,210,73,0,283,11,223,73,2,309,2,0,2,311
04/29/2022,BET,AK,AAL,WE,Federal Contract Tower,12,6,0,0,18,1,228,50,1,280,13,234,50,1,298,6,0,6,304
04/30/2022,BET,AK,AAL,WE,Federal Contract Tower,9,7,1,0,17,0,226,63,2,291,9,233,64,2,308,6,0,6,314
05/01/2022,BET,AK,AAL,WE,Federal Contract Tower,6,2,0,0,8,0,141,36,4,181,6,143,36,4,189,10,0,10,199
05/02/2022,BET,AK,AAL,WE,Federal Contract Tower,11,1,1,0,13,0,206,61,0,267,11,207,62,0,280,4,0,4,284
05/03/2022,BET,AK,AAL,WE,Federal Contract Tower,10,10,1,1,22,0,215,74,6,295,10,225,75,7,317,0,0,0,317
05/04/2022,BET,AK,AAL,WE,Federal Contract Tower,6,5,0,0,11,0,223,96,5,324,6,228,96,5,335,10,0,10,345
05/05/2022,BET,AK,AAL,WE,Federal Contract Tower,11,5,0,0,16,0,224,76,0,300,11,229,76,0,316,6,0,6,322
05/06/2022,BET,AK,AAL,WE,Federal Contract Tower,10,27,5,0,42,0,74,48,4,126,10,101,53,4,168,0,6,6,174
05/07/2022,BET,AK,AAL,WE,Federal Contract Tower,11,8,0,0,19,0,198,80,0,278,11,206,80,0,297,6,0,6,303
05/08/2022,BET,AK,AAL,WE,Federal Contract Tower,4,54,26,0,84,0,26,12,0,38,4,80,38,0,122,0,0,0,122
05/09/2022,BET,AK,AAL,WE,Federal Contract Tower,12,12,4,0,28,0,187,78,3,268,12,199,82,3,296,0,0,0,296
05/10/2022,BET,AK,AAL,WE,Federal Contract Tower,10,23,9,2,44,0,202,101,3,306,10,225,110,5,350,8,0,8,358
05/11/2022,BET,AK,AAL,WE,Federal Contract Tower,11,67,15,0,93,0,52,29,0,81,11,119,44,0,174,0,0,0,174
05/12/2022,BET,AK,AAL,WE,Federal Contract Tower,12,31,5,0,48,0,141,66,1,208,12,172,71,1,256,0,0,0,256
05/13/2022,BET,AK,AAL,WE,Federal Contract Tower,7,12,4,0,23,0,225,94,0,319,7,237,98,0,342,0,0,0,342
05/14/2022,BET,AK,AAL,WE,Federal Contract Tower,10,7,0,0,17,0,209,83,0,292,10,216,83,0,309,0,0,0,309
05/15/2022,BET,AK,AAL,WE,Federal Contract Tower,5,15,7,0,27,1,115,21,0,137,6,130,28,0,164,0,0,0,164
05/16/2022,BET,AK,AAL,WE,Federal Contract Tower,8,9,0,0,17,0,211,48,0,259,8,220,48,0,276,0,0,0,276
05/17/2022,BET,AK,AAL,WE,Federal Contract Tower,11,5,0,0,16,0,212,52,0,264,11,217,52,0,280,0,0,0,280
05/18/2022,BET,AK,AAL,WE,Federal Contract Tower,9,8,3,0,20,0,228,50,0,278,9,236,53,0,298,4,0,4,302
05/19/2022,BET,AK,AAL,WE,Federal Contract Tower,14,7,0,0,21,0,232,52,0,284,14,239,52,0,305,12,0,12,317
05/20/2022,BET,AK,AAL,WE,Federal Contract Tower,16,7,1,0,24,0,213,48,0,261,16,220,49,0,285,0,0,0,285
05/21/2022,BET,AK,AAL,WE,Federal Contract Tower,4,7,0,0,11,0,173,39,0,212,4,180,39,0,223,6,0,6,229
05/22/2022,BET,AK,AAL,WE,Federal Contract Tower,8,4,0,0,12,0,112,36,0,148,8,116,36,0,160,0,0,0,160
05/23/2022,BET,AK,AAL,WE,Federal Contract Tower,10,0,0,0,10,1,207,54,3,265,11,207,54,3,275,2,0,2,277
05/24/2022,BET,AK,AAL,WE,Federal Contract Tower,10,12,3,0,25,2,208,49,1,260,12,220,52,1,285,0,0,0,285
05/25/2022,BET,AK,AAL,WE,Federal Contract Tower,6,4,2,0,12,0,208,55,1,264,6,212,57,1,276,0,0,0,276
05/26/2022,BET,AK,AAL,WE,Federal Contract Tower,9,5,3,0,17,2,183,55,4,244,11,188,58,4,261,0,2,2,263
05/27/2022,BET,AK,AAL,WE,Federal Contract Tower,12,31,2,0,45,0,150,48,0,198,12,181,50,0,243,0,0,0,243
05/28/2022,BET,AK,AAL,WE,Federal Contract Tower,16,29,4,0,49,0,142,40,0,182,16,171,44,0,231,4,0,4,235
05/29/2022,BET,AK,AAL,WE,Federal Contract Tower,5,2,4,0,11,1,109,37,0,147,6,111,41,0,158,0,0,0,158
05/30/2022,BET,AK,AAL,WE,Federal Contract Tower,6,13,2,0,21,0,83,44,0,127,6,96,46,0,148,4,0,4,152
05/31/2022,BET,AK,AAL,WE,Federal Contract Tower,7,7,1,0,15,1,204,65,0,270,8,211,66,0,285,8,0,8,293
06/01/2022,BET,AK,AAL,WE,Federal Contract Tower,9,4,0,0,13,0,179,48,0,227,9,183,48,0,240,0,0,0,240
06/02/2022,BET,AK,AAL,WE,Federal Contract Tower,12,6,2,0,20,0,192,86,0,278,12,198,88,0,298,0,0,0,298
06/03/2022,BET,AK,AAL,WE,Federal Contract Tower,11,6,3,0,20,0,235,77,0,312,11,241,80,0,332,0,0,0,332
06/04/2022,BET,AK,AAL,WE,Federal Contract Tower,15,9,1,0,25,0,157,50,0,207,15,166,51,0,232,0,0,0,232
06/05/2022,BET,AK,AAL,WE,Federal Contract Tower,6,2,0,0,8,0,121,29,0,150,6,123,29,0,158,0,0,0,158
06/07/2022,BET,AK,AAL,WE,Federal Contract Tower,9,8,4,0,21,0,200,58,0,258,9,208,62,0,279,0,0,0,279
06/08/2022,BET,AK,AAL,WE,Federal Contract Tower,11,8,0,0,19,1,201,60,0,262,12,209,60,0,281,0,0,0,281
06/09/2022,BET,AK,AAL,WE,Federal Contract Tower,8,6,3,0,17,0,194,90,0,284,8,200,93,0,301,0,0,0,301
06/10/2022,BET,AK,AAL,WE,Federal Contract Tower,12,5,2,0,19,0,226,54,0,280,12,231,56,0,299,0,0,0,299
06/11/2022,BET,AK,AAL,WE,Federal Contract Tower,9,20,2,0,31,0,134,42,0,176,9,154,44,0,207,0,0,0,207
06/12/2022,BET,AK,AAL,WE,Federal Contract Tower,6,2,0,0,8,0,104,41,0,145,6,106,41,0,153,0,0,0,153
06/13/2022,BET,AK,AAL,WE,Federal Contract Tower,14,8,0,0,22,0,161,58,0,219,14,169,58,0,241,2,0,2,243
06/14/2022,BET,AK,AAL,WE,Federal Contract Tower,9,10,2,0,21,0,191,63,0,254,9,201,65,0,275,0,0,0,275
06/15/2022,BET,AK,AAL,WE,Federal Contract Tower,9,4,0,0,13,0,155,64,0,219,9,159,64,0,232,0,0,0,232
06/16/2022,BET,AK,AAL,WE,Federal Contract Tower,14,12,3,0,29,0,183,71,0,254,14,195,74,0,283,0,0,0,283
06/17/2022,BET,AK,AAL,WE,Federal Contract Tower,13,9,6,0,28,0,196,60,0,256,13,205,66,0,284,0,0,0,284
06/18/2022,BET,AK,AAL,WE,Federal Contract Tower,12,11,2,0,25,4,194,57,0,255,16,205,59,0,280,0,0,0,280
06/19/2022,BET,AK,AAL,WE,Federal Contract Tower,6,2,0,0,8,0,94,26,0,120,6,96,26,0,128,0,0,0,128
06/20/2022,BET,AK,AAL,WE,Federal Contract Tower,10,12,2,0,24,0,151,24,0,175,10,163,26,0,199,0,0,0,199
06/21/2022,BET,AK,AAL,WE,Federal Contract Tower,8,30,4,0,42,0,156,37,0,193,8,186,41,0,235,0,0,0,235
06/22/2022,BET,AK,AAL,WE,Federal Contract Tower,13,18,7,0,38,0,170,48,0,218,13,188,55,0,256,2,0,2,258
06/23/2022,BET,AK,AAL,WE,Federal Contract Tower,9,23,1,0,33,0,188,42,0,230,9,211,43,0,263,20,0,20,283
06/24/2022,BET,AK,AAL,WE,Federal Contract Tower,11,5,0,0,16,0,204,50,0,254,11,209,50,0,270,0,0,0,270
06/25/2022,BET,AK,AAL,WE,Federal Contract Tower,10,7,0,0,17,0,199,52,0,251,10,206,52,0,268,0,0,0,268
06/26/2022,BET,AK,AAL,WE,Federal Contract Tower,6,9,3,0,18,0,92,30,0,122,6,101,33,0,140,0,0,0,140
06/28/2022,BET,AK,AAL,WE,Federal Contract Tower,9,13,5,0,27,0,189,42,0,231,9,202,47,0,258,0,0,0,258
06/29/2022,BET,AK,AAL,WE,Federal Contract Tower,11,5,2,0,18,0,200,42,0,242,11,205,44,0,260,0,0,0,260
06/30/2022,BET,AK,AAL,WE,Federal Contract Tower,11,9,0,0,20,0,192,53,0,245,11,201,53,0,265,0,0,0,265
07/01/2022,BET,AK,AAL,WE,Federal Contract Tower,11,16,1,0,28,0,140,41,0,181,11,156,42,0,209,0,0,0,209
07/02/2022,BET,AK,AAL,WE,Federal Contract Tower,8,11,0,0,19,0,160,37,0,197,8,171,37,0,216,0,0,0,216
07/03/2022,BET,AK,AAL,WE,Federal Contract Tower,6,4,1,0,11,0,98,15,0,113,6,102,16,0,124,0,0,0,124
07/04/2022,BET,AK,AAL,WE,Federal Contract Tower,5,5,1,0,11,0,14,16,0,30,5,19,17,0,41,0,0,0,41
07/05/2022,BET,AK,AAL,WE,Federal Contract Tower,8,10,3,0,21,0,171,45,0,216,8,181,48,0,237,0,0,0,237
07/06/2022,BET,AK,AAL,WE,Federal Contract Tower,7,46,10,0,63,0,92,41,0,133,7,138,51,0,196,0,0,0,196
07/07/2022,BET,AK,AAL,WE,Federal Contract Tower,10,13,4,0,27,0,173,49,0,222,10,186,53,0,249,0,0,0,249
07/08/2022,BET,AK,AAL,WE,Federal Contract Tower,8,10,0,0,18,0,196,56,0,252,8,206,56,0,270,6,0,6,276
07/10/2022,BET,AK,AAL,WE,Federal Contract Tower,6,10,6,0,22,0,105,35,0,140,6,115,41,0,162,0,0,0,162
07/12/2022,BET,AK,AAL,WE,Federal Contract Tower,9,5,2,0,16,157,45,0,0,202,166,50,2,0,218,8,0,8,226
07/14/2022,BET,AK,AAL,WE,Federal Contract Tower,9,54,33,0,96,0,112,49,0,161,9,166,82,0,257,0,0,0,257
07/15/2022,BET,AK,AAL,WE,Federal Contract Tower,6,28,5,0,39,0,98,22,0,120,6,126,27,0,159,0,0,0,159
07/16/2022,BET,AK,AAL,WE,Federal Contract Tower,8,12,10,0,30,0,144,33,2,179,8,156,43,2,209,0,0,0,209
07/17/2022,BET,AK,AAL,WE,Federal Contract Tower,5,14,4,0,23,0,104,28,0,132,5,118,32,0,155,0,0,0,155
07/19/2022,BET,AK,AAL,WE,Federal Contract Tower,7,8,1,0,16,0,175,68,3,246,7,183,69,3,262,0,0,0,262
07/20/2022,BET,AK,AAL,WE,Federal Contract Tower,7,18,10,0,35,0,63,17,0,80,7,81,27,0,115,2,0,2,117
07/21/2022,BET,AK,AAL,WE,Federal Contract Tower,9,12,3,0,24,0,251,47,0,298,9,263,50,0,322,0,0,0,322
07/22/2022,BET,AK,AAL,WE,Federal Contract Tower,8,25,9,0,42,0,170,31,0,201,8,195,40,0,243,0,0,0,243
07/23/2022,BET,AK,AAL,WE,Federal Contract Tower,10,6,1,0,17,0,183,33,0,216,10,189,34,0,233,4,0,4,237
07/24/2022,BET,AK,AAL,WE,Federal Contract Tower,6,6,1,0,13,0,117,33,0,150,6,123,34,0,163,0,0,0,163
07/26/2022,BET,AK,AAL,WE,Federal Contract Tower,11,18,1,1,31,0,238,47,0,285,11,256,48,1,316,0,0,0,316
07/27/2022,BET,AK,AAL,WE,Federal Contract Tower,11,10,6,0,27,0,221,50,0,271,11,231,56,0,298,4,0,4,302
07/28/2022,BET,AK,AAL,WE,Federal Contract Tower,7,10,2,0,19,0,212,59,0,271,7,222,61,0,290,2,0,2,292
07/29/2022,BET,AK,AAL,WE,Federal Contract Tower,8,10,0,0,18,0,201,57,0,258,8,211,57,0,276,12,0,12,288
07/30/2022,BET,AK,AAL,WE,Federal Contract Tower,10,15,6,0,31,0,143,39,0,182,10,158,45,0,213,20,0,20,233
07/31/2022,BET,AK,AAL,WE,Federal Contract Tower,6,4,4,0,14,0,127,46,0,173,6,131,50,0,187,2,0,2,189
08/03/2022,BET,AK,AAL,WE,Federal Contract Tower,7,12,5,0,24,0,198,49,0,247,7,210,54,0,271,0,0,0,271
08/04/2022,BET,AK,AAL,WE,Federal Contract Tower,9,46,17,0,72,0,116,40,0,156,9,162,57,0,228,0,0,0,228
08/05/2022,BET,AK,AAL,WE,Federal Contract Tower,14,36,7,0,57,0,137,26,0,163,14,173,33,0,220,0,0,0,220
08/06/2022,BET,AK,AAL,WE,Federal Contract Tower,9,9,2,0,20,0,214,40,0,254,9,223,42,0,274,0,0,0,274
08/07/2022,BET,AK,AAL,WE,Federal Contract Tower,6,26,8,0,40,0,27,17,0,44,6,53,25,0,84,0,0,0,84
08/08/2022,BET,AK,AAL,WE,Federal Contract Tower,12,5,0,0,17,0,252,44,0,296,12,257,44,0,313,4,0,4,317
08/09/2022,BET,AK,AAL,WE,Federal Contract Tower,9,7,1,1,18,0,204,50,0,254,9,211,51,1,272,0,26,26,298
08/10/2022,BET,AK,AAL,WE,Federal Contract Tower,7,9,7,0,23,0,215,65,0,280,7,224,72,0,303,18,0,18,321
08/12/2022,BET,AK,AAL,WE,Federal Contract Tower,9,54,9,0,72,0,135,40,0,175,9,189,49,0,247,0,0,0,247
08/14/2022,BET,AK,AAL,WE,Federal Contract Tower,6,24,9,0,39,0,92,30,6,128,6,116,39,6,167,0,0,0,167
08/15/2022,BET,AK,AAL,WE,Federal Contract Tower,9,20,1,0,30,0,170,54,1,225,9,190,55,1,255,0,0,0,255
08/17/2022,BET,AK,AAL,WE,Federal Contract Tower,9,38,8,0,55,0,141,51,0,192,9,179,59,0,247,0,0,0,247
08/18/2022,BET,AK,AAL,WE,Federal Contract Tower,10,8,3,0,21,0,233,67,0,300,10,241,70,0,321,2,0,2,323
08/19/2022,BET,AK,AAL,WE,Federal Contract Tower,11,7,0,0,18,0,176,50,0,226,11,183,50,0,244,0,0,0,244
08/20/2022,BET,AK,AAL,WE,Federal Contract Tower,12,8,0,0,20,0,152,42,0,194,12,160,42,0,214,0,0,0,214
08/21/2022,BET,AK,AAL,WE,Federal Contract Tower,4,9,2,0,15,0,79,41,0,120,4,88,43,0,135,0,0,0,135
08/22/2022,BET,AK,AAL,WE,Federal Contract Tower,10,9,2,0,21,0,166,55,0,221,10,175,57,0,242,0,0,0,242
08/23/2022,BET,AK,AAL,WE,Federal Contract Tower,11,20,3,0,34,1,172,53,2,228,12,192,56,2,262,0,0,0,262
08/24/2022,BET,AK,AAL,WE,Federal Contract Tower,8,3,1,0,12,0,174,68,2,244,8,177,69,2,256,4,0,4,260
08/25/2022,BET,AK,AAL,WE,Federal Contract Tower,11,58,6,0,75,0,1,1,0,2,11,59,7,0,77,0,0,0,77
08/26/2022,BET,AK,AAL,WE,Federal Contract Tower,11,48,21,0,80,0,72,30,6,108,11,120,51,6,188,0,0,0,188
08/27/2022,BET,AK,AAL,WE,Federal Contract Tower,8,25,4,0,37,0,108,32,0,140,8,133,36,0,177,4,0,4,181
08/28/2022,BET,AK,AAL,WE,Federal Contract Tower,4,5,2,0,11,0,210,76,4,290,4,215,78,4,301,0,0,0,301
08/30/2022,BET,AK,AAL,WE,Federal Contract Tower,15,60,16,1,92,0,45,24,0,69,15,105,40,1,161,0,0,0,161
08/31/2022,BET,AK,AAL,WE,Federal Contract Tower,11,50,7,0,68,0,91,27,0,118,11,141,34,0,186,6,0,6,192
09/01/2022,BET,AK,AAL,WE,Federal Contract Tower,8,31,28,0,67,0,167,54,0,221,8,198,82,0,288,0,0,0,288
09/02/2022,BET,AK,AAL,WE,Federal Contract Tower,8,7,1,0,16,0,201,84,0,285,8,208,85,0,301,0,0,0,301
09/05/2022,BET,AK,AAL,WE,Federal Contract Tower,8,14,11,0,33,0,137,38,0,175,8,151,49,0,208,0,0,0,208
09/06/2022,BET,AK,AAL,WE,Federal Contract Tower,11,16,6,0,33,0,156,62,0,218,11,172,68,0,251,0,0,0,251
09/07/2022,BET,AK,AAL,WE,Federal Contract Tower,11,6,2,0,19,1,169,59,0,229,12,175,61,0,248,0,0,0,248
09/08/2022,BET,AK,AAL,WE,Federal Contract Tower,11,53,21,0,85,0,103,32,0,135,11,156,53,0,220,0,0,0,220
09/09/2022,BET,AK,AAL,WE,Federal Contract Tower,6,13,2,0,21,0,126,42,0,168,6,139,44,0,189,0,0,0,189
09/11/2022,BET,AK,AAL,WE,Federal Contract Tower,4,15,4,0,23,0,79,40,0,119,4,94,44,0,142,0,0,0,142
09/12/2022,BET,AK,AAL,WE,Federal Contract Tower,10,6,1,0,17,0,167,42,0,209,10,173,43,0,226,0,0,0,226
09/13/2022,BET,AK,AAL,WE,Federal Contract Tower,13,11,5,0,29,0,170,54,0,224,13,181,59,0,253,0,0,0,253
09/14/2022,BET,AK,AAL,WE,Federal Contract Tower,8,27,8,0,43,0,164,77,0,241,8,191,85,0,284,4,0,4,288
09/15/2022,BET,AK,AAL,WE,Federal Contract Tower,12,19,12,0,43,0,124,68,0,192,12,143,80,0,235,0,0,0,235
09/16/2022,BET,AK,AAL,WE,Federal Contract Tower,7,18,9,0,34,0,0,2,0,2,7,18,11,0,36,0,0,0,36
09/17/2022,BET,AK,AAL,WE,Federal Contract Tower,7,2,0,0,9,0,0,0,0,0,7,2,0,0,9,0,0,0,9
09/18/2022,BET,AK,AAL,WE,Federal Contract Tower,4,9,1,0,14,0,179,65,0,244,4,188,66,0,258,0,0,0,258
09/19/2022,BET,AK,AAL,WE,Federal Contract Tower,14,5,2,2,23,0,198,77,0,275,14,203,79,2,298,0,0,0,298
09/20/2022,BET,AK,AAL,WE,Federal Contract Tower,11,4,6,0,21,0,240,84,1,325,11,244,90,1,346,2,0,2,348
09/21/2022,BET,AK,AAL,WE,Federal Contract Tower,8,13,3,4,28,0,191,60,3,254,8,204,63,7,282,6,0,6,288
09/22/2022,BET,AK,AAL,WE,Federal Contract Tower,11,18,5,0,34,0,201,73,2,276,11,219,78,2,310,0,0,0,310
09/23/2022,BET,AK,AAL,WE,Federal Contract Tower,9,11,0,0,20,0,203,65,3,271,9,214,65,3,291,2,0,2,293
09/25/2022,BET,AK,AAL,WE,Federal Contract Tower,4,17,1,1,23,0,178,45,1,224,4,195,46,2,247,10,0,10,257
09/26/2022,BET,AK,AAL,WE,Federal Contract Tower,11,4,4,0,19,0,242,59,3,304,11,246,63,3,323,6,0,6,329
09/27/2022,BET,AK,AAL,WE,Federal Contract Tower,11,9,4,0,24,0,225,56,3,284,11,234,60,3,308,0,0,0,308
09/28/2022,BET,AK,AAL,WE,Federal Contract Tower,9,13,3,0,25,0,228,62,6,296,9,241,65,6,321,14,0,14,335
09/29/2022,BET,AK,AAL,WE,Federal Contract Tower,9,14,9,4,36,0,191,62,0,253,9,205,71,4,289,0,0,0,289
09/30/2022,BET,AK,AAL,WE,Federal Contract Tower,10,27,2,2,41,0,120,52,1,173,10,147,54,3,214,0,0,0,214
10/01/2022,BET,AK,AAL,WE,Federal Contract Tower,7,4,0,0,11,0,214,65,4,283,7,218,65,4,294,16,0,16,310
10/02/2022,BET,AK,AAL,WE,Federal Contract Tower,2,0,3,0,5,0,163,60,4,227,2,163,63,4,232,0,0,0,232
10/03/2022,BET,AK,AAL,WE,Federal Contract Tower,5,10,3,0,18,0,204,55,9,268,5,214,58,9,286,0,0,0,286
10/04/2022,BET,AK,AAL,WE,Federal Contract Tower,9,9,1,0,19,0,260,52,0,312,9,269,53,0,331,12,0,12,343
10/05/2022,BET,AK,AAL,WE,Federal Contract Tower,5,26,6,4,41,0,216,48,0,264,5,242,54,4,305,8,0,8,313
10/06/2022,BET,AK,AAL,WE,Federal Contract Tower,7,14,1,0,22,0,197,45,0,242,7,211,46,0,264,2,0,2,266
10/07/2022,BET,AK,AAL,WE,Federal Contract Tower,9,11,2,0,22,0,242,76,0,318,9,253,78,0,340,12,0,12,352
10/08/2022,BET,AK,AAL,WE,Federal Contract Tower,8,7,0,0,15,0,214,64,0,278,8,221,64,0,293,0,0,0,293
10/09/2022,BET,AK,AAL,WE,Federal Contract Tower,2,2,0,0,4,0,154,68,0,222,2,156,68,0,226,0,0,0,226
10/10/2022,BET,AK,AAL,WE,Federal Contract Tower,4,15,4,0,23,0,170,45,0,215,4,185,49,0,238,0,0,0,238
10/11/2022,BET,AK,AAL,WE,Federal Contract Tower,12,35,15,0,62,0,125,41,0,166,12,160,56,0,228,2,0,2,230
10/12/2022,BET,AK,AAL,WE,Federal Contract Tower,7,40,15,0,62,0,165,74,0,239,7,205,89,0,301,62,0,62,363
10/14/2022,BET,AK,AAL,WE,Federal Contract Tower,9,11,2,0,22,0,292,66,2,360,9,303,68,2,382,0,0,0,382
10/15/2022,BET,AK,AAL,WE,Federal Contract Tower,4,8,3,0,15,0,176,63,1,240,4,184,66,1,255,6,0,6,261
10/16/2022,BET,AK,AAL,WE,Federal Contract Tower,3,35,36,0,74,0,0,5,0,5,3,35,41,0,79,0,0,0,79
10/17/2022,BET,AK,AAL,WE,Federal Contract Tower,13,14,8,0,35,0,241,70,0,311,13,255,78,0,346,42,0,42,388
10/18/2022,BET,AK,AAL,WE,Federal Contract Tower,8,10,3,1,22,0,252,86,0,338,8,262,89,1,360,28,0,28,388
10/19/2022,BET,AK,AAL,WE,Federal Contract Tower,8,15,5,0,28,1,205,59,0,265,9,220,64,0,293,8,0,8,301
10/20/2022,BET,AK,AAL,WE,Federal Contract Tower,15,8,2,2,27,0,226,70,0,296,15,234,72,2,323,20,0,20,343
10/21/2022,BET,AK,AAL,WE,Federal Contract Tower,7,9,1,0,17,0,251,88,0,339,7,260,89,0,356,18,0,18,374
10/22/2022,BET,AK,AAL,WE,Federal Contract Tower,4,37,2,0,43,0,6,3,0,9,4,43,5,0,52,0,0,0,52
10/23/2022,BET,AK,AAL,WE,Federal Contract Tower,4,9,4,0,17,0,165,98,0,263,4,174,102,0,280,0,0,0,280
10/24/2022,BET,AK,AAL,WE,Federal Contract Tower,8,4,1,0,13,0,194,87,0,281,8,198,88,0,294,2,0,2,296
10/25/2022,BET,AK,AAL,WE,Federal Contract Tower,6,30,0,0,36,0,0,0,0,0,6,30,0,0,36,0,0,0,36
10/26/2022,BET,AK,AAL,WE,Federal Contract Tower,7,14,1,0,22,0,66,32,0,98,7,80,33,0,120,0,0,0,120
10/27/2022,BET,AK,AAL,WE,Federal Contract Tower,5,9,2,0,16,0,189,90,0,279,5,198,92,0,295,0,0,0,295
10/28/2022,BET,AK,AAL,WE,Federal Contract Tower,5,8,1,0,14,0,212,132,0,344,5,220,133,0,358,28,0,28,386
10/29/2022,BET,AK,AAL,WE,Federal Contract Tower,0,0,0,0,0,0,0,0,0,0,0,0,0,0,0,0,0,0,0
10/30/2022,BET,AK,AAL,WE,Federal Contract Tower,3,54,11,0,68,0,31,8,0,39,3,85,19,0,107,0,0,0,107
10/31/2022,BET,AK,AAL,WE,Federal Contract Tower,8,4,0,0,12,0,173,126,0,299,8,177,126,0,311,6,0,6,317
11/01/2022,BET,AK,AAL,WE,Federal Contract Tower,3,2,5,0,10,0,119,101,0,220,3,121,106,0,230,12,0,12,242
11/02/2022,BET,AK,AAL,WE,Federal Contract Tower,2,26,2,0,30,0,21,1,0,22,2,47,3,0,52,0,0,0,52
11/03/2022,BET,AK,AAL,WE,Federal Contract Tower,5,12,0,0,17,0,187,85,0,272,5,199,85,0,289,1,0,1,290
11/04/2022,BET,AK,AAL,WE,Federal Contract Tower,2,3,0,0,5,0,33,31,0,64,2,36,31,0,69,0,0,0,69
11/05/2022,BET,AK,AAL,WE,Federal Contract Tower,11,21,2,0,34,0,132,80,0,212,11,153,82,0,246,0,0,0,246
11/06/2022,BET,AK,AAL,WE,Federal Contract Tower,7,6,0,0,13,0,176,100,0,276,7,182,100,0,289,6,0,6,295
11/07/2022,BET,AK,AAL,WE,Federal Contract Tower,1,4,2,0,7,0,0,0,0,0,1,4,2,0,7,0,0,0,7
11/08/2022,BET,AK,AAL,WE,Federal Contract Tower,10,33,12,0,55,0,61,27,0,88,10,94,39,0,143,0,0,0,143
11/09/2022,BET,AK,AAL,WE,Federal Contract Tower,7,16,0,0,23,0,206,146,0,352,7,222,146,0,375,0,0,0,375
11/10/2022,BET,AK,AAL,WE,Federal Contract Tower,6,7,0,0,13,0,105,94,0,199,6,112,94,0,212,0,0,0,212
11/11/2022,BET,AK,AAL,WE,Federal Contract Tower,2,31,10,0,43,0,116,91,0,207,2,147,101,0,250,0,0,0,250
11/12/2022,BET,AK,AAL,WE,Federal Contract Tower,5,19,3,0,27,0,117,35,0,152,5,136,38,0,179,16,0,16,195
11/13/2022,BET,AK,AAL,WE,Federal Contract Tower,5,21,4,0,30,0,141,88,0,229,5,162,92,0,259,0,0,0,259
11/14/2022,BET,AK,AAL,WE,Federal Contract Tower,7,2,3,0,12,0,256,151,1,408,7,258,154,1,420,4,0,4,424
11/15/2022,BET,AK,AAL,WE,Federal Contract Tower,2,4,0,0,6,2,248,129,0,379,4,252,129,0,385,6,0,6,391
11/16/2022,BET,AK,AAL,WE,Federal Contract Tower,4,4,0,1,9,0,219,133,8,360,4,223,133,9,369,6,2,8,377
11/17/2022,BET,AK,AAL,WE,Federal Contract Tower,6,21,3,0,30,0,190,130,1,321,6,211,133,1,351,6,0,6,357
11/18/2022,BET,AK,AAL,WE,Federal Contract Tower,3,21,2,0,26,0,80,36,0,116,3,101,38,0,142,0,0,0,142
11/19/2022,BET,AK,AAL,WE,Federal Contract Tower,4,0,1,0,5,0,238,131,0,369,4,238,132,0,374,6,0,6,380
11/20/2022,BET,AK,AAL,WE,Federal Contract Tower,6,3,1,0,10,0,174,104,0,278,6,177,105,0,288,4,0,4,292
11/21/2022,BET,AK,AAL,WE,Federal Contract Tower,8,53,20,0,81,0,37,39,0,76,8,90,59,0,157,8,0,8,165
11/22/2022,BET,AK,AAL,WE,Federal Contract Tower,12,23,8,0,43,0,165,107,0,272,12,188,115,0,315,0,0,0,315
11/23/2022,BET,AK,AAL,WE,Federal Contract Tower,5,10,0,0,15,0,197,156,0,353,5,207,156,0,368,2,0,2,370
11/24/2022,BET,AK,AAL,WE,Federal Contract Tower,0,31,3,0,34,0,26,1,0,27,0,57,4,0,61,0,0,0,61
11/25/2022,BET,AK,AAL,WE,Federal Contract Tower,5,37,11,0,53,0,79,55,0,134,5,116,66,0,187,0,0,0,187
11/27/2022,BET,AK,AAL,WE,Federal Contract Tower,5,5,0,0,10,0,186,102,0,288,5,191,102,0,298,0,0,0,298
11/28/2022,BET,AK,AAL,WE,Federal Contract Tower,5,6,1,0,12,0,201,145,0,346,5,207,146,0,358,0,0,0,358
11/29/2022,BET,AK,AAL,WE,Federal Contract Tower,5,11,0,0,16,1,137,98,0,236,6,148,98,0,252,2,0,2,254
11/30/2022,BET,AK,AAL,WE,Federal Contract Tower,0,2,0,0,2,0,0,0,0,0,0,2,0,0,2,0,0,0,2
12/01/2022,BET,AK,AAL,WE,Federal Contract Tower,1,4,1,0,6,0,36,29,0,65,1,40,30,0,71,6,0,6,77
12/02/2022,BET,AK,AAL,WE,Federal Contract Tower,8,2,0,0,10,0,272,179,0,451,8,274,179,0,461,6,0,6,467
12/04/2022,BET,AK,AAL,WE,Federal Contract Tower,4,3,0,0,7,0,1,15,0,16,4,4,15,0,23,0,0,0,23
12/05/2022,BET,AK,AAL,WE,Federal Contract Tower,5,12,2,0,19,0,140,101,0,241,5,152,103,0,260,0,0,0,260
12/06/2022,BET,AK,AAL,WE,Federal Contract Tower,7,13,3,0,23,0,135,93,0,228,7,148,96,0,251,0,0,0,251
12/08/2022,BET,AK,AAL,WE,Federal Contract Tower,5,8,3,0,16,0,178,100,0,278,5,186,103,0,294,6,0,6,300
12/11/2022,BET,AK,AAL,WE,Federal Contract Tower,3,0,8,0,11,0,29,30,0,59,3,29,38,0,70,0,0,0,70
12/17/2022,BET,AK,AAL,WE,Federal Contract Tower,7,0,0,0,7,0,115,69,0,184,7,115,69,0,191,4,0,4,195
12/18/2022,BET,AK,AAL,WE,Federal Contract Tower,4,3,0,0,7,0,148,68,0,216,4,151,68,0,223,0,0,0,223
12/19/2022,BET,AK,AAL,WE,Federal Contract Tower,10,2,0,0,12,0,185,100,0,285,10,187,100,0,297,2,0,2,299
12/27/2022,BET,AK,AAL,WE,Federal Contract Tower,6,7,0,0,13,0,111,41,0,152,6,118,41,0,165,0,0,0,165
12/28/2022,BET,AK,AAL,WE,Federal Contract Tower,2,2,0,0,4,1,117,51,0,169,3,119,51,0,173,0,0,0,173
01/06/2023,BET,AK,AAL,WE,Federal Contract Tower,4,11,1,0,16,0,155,42,0,197,4,166,43,0,213,0,0,0,213
01/07/2023,BET,AK,AAL,WE,Federal Contract Tower,5,3,2,0,10,0,159,44,0,203,5,162,46,0,213,0,0,0,213
01/08/2023,BET,AK,AAL,WE,Federal Contract Tower,2,5,0,0,7,0,66,37,0,103,2,71,37,0,110,0,0,0,110
01/11/2023,BET,AK,AAL,WE,Federal Contract Tower,8,18,12,0,38,0,13,4,0,17,8,31,16,0,55,2,0,2,57
01/15/2023,BET,AK,AAL,WE,Federal Contract Tower,2,15,6,0,23,0,32,13,0,45,2,47,19,0,68,8,0,8,76
01/16/2023,BET,AK,AAL,WE,Federal Contract Tower,10,25,10,0,45,0,94,33,0,127,10,119,43,0,172,0,0,0,172
01/17/2023,BET,AK,AAL,WE,Federal Contract Tower,8,12,4,1,25,0,144,65,2,211,8,156,69,3,236,2,0,2,238
01/18/2023,BET,AK,AAL,WE,Federal Contract Tower,7,43,13,0,63,0,116,41,0,157,7,159,54,0,220,0,0,0,220
01/19/2023,BET,AK,AAL,WE,Federal Contract Tower,9,80,23,0,112,0,32,15,0,47,9,112,38,0,159,0,0,0,159
01/20/2023,BET,AK,AAL,WE,Federal Contract Tower,6,47,12,0,65,0,79,37,0,116,6,126,49,0,181,6,0,6,187
01/21/2023,BET,AK,AAL,WE,Federal Contract Tower,8,7,0,0,15,173,47,0,0,220,181,54,0,0,235,0,0,0,235
01/22/2023,BET,AK,AAL,WE,Federal Contract Tower,2,6,0,0,8,0,0,0,0,0,2,6,0,0,8,0,0,0,8
01/23/2023,BET,AK,AAL,WE,Federal Contract Tower,7,9,0,0,16,0,17,5,0,22,7,26,5,0,38,0,0,0,38
01/24/2023,BET,AK,AAL,WE,Federal Contract Tower,10,24,5,0,39,0,56,32,0,88,10,80,37,0,127,6,0,6,133
01/25/2023,BET,AK,AAL,WE,Federal Contract Tower,12,44,5,0,61,0,130,34,0,164,12,174,39,0,225,8,0,8,233
01/26/2023,BET,AK,AAL,WE,Federal Contract Tower,10,22,3,0,35,0,128,58,0,186,10,150,61,0,221,0,0,0,221
01/27/2023,BET,AK,AAL,WE,Federal Contract Tower,12,20,12,0,44,0,97,27,0,124,12,117,39,0,168,0,0,0,168
01/28/2023,BET,AK,AAL,WE,Federal Contract Tower,8,10,1,0,19,0,51,20,0,71,8,61,21,0,90,2,0,2,92
01/29/2023,BET,AK,AAL,WE,Federal Contract Tower,7,8,0,0,15,0,164,63,0,227,7,172,63,0,242,0,0,0,242
01/30/2023,BET,AK,AAL,WE,Federal Contract Tower,9,22,6,0,37,0,0,0,0,0,9,22,6,0,37,0,0,0,37
01/31/2023,BET,AK,AAL,WE,Federal Contract Tower,6,33,8,0,47,0,0,0,0,0,6,33,8,0,47,0,0,0,47
02/01/2023,BET,AK,AAL,WE,Federal Contract Tower,6,21,12,0,39,0,90,45,0,135,6,111,57,0,174,2,0,2,176
02/03/2023,BET,AK,AAL,WE,Federal Contract Tower,5,34,8,0,47,0,15,13,0,28,5,49,21,0,75,0,0,0,75
02/04/2023,BET,AK,AAL,WE,Federal Contract Tower,6,12,2,0,20,0,190,85,1,276,6,202,87,1,296,4,0,4,300
02/05/2023,BET,AK,AAL,WE,Federal Contract Tower,3,3,0,0,6,0,125,60,0,185,3,128,60,0,191,0,0,0,191
02/06/2023,BET,AK,AAL,WE,Federal Contract Tower,8,9,1,2,20,0,228,70,0,298,8,237,71,2,318,0,0,0,318
02/07/2023,BET,AK,AAL,WE,Federal Contract Tower,6,4,0,0,10,0,216,64,2,282,6,220,64,2,292,0,0,0,292
02/08/2023,BET,AK,AAL,WE,Federal Contract Tower,4,19,1,0,24,0,167,43,0,210,4,186,44,0,234,0,0,0,234
02/09/2023,BET,AK,AAL,WE,Federal Contract Tower,8,13,0,2,23,0,188,56,0,244,8,201,56,2,267,4,0,4,271
02/10/2023,BET,AK,AAL,WE,Federal Contract Tower,5,32,4,0,41,0,0,0,0,0,5,32,4,0,41,0,0,0,41
02/11/2023,BET,AK,AAL,WE,Federal Contract Tower,5,4,0,0,9,0,195,64,2,261,5,199,64,2,270,0,0,0,270
02/12/2023,BET,AK,AAL,WE,Federal Contract Tower,2,2,0,0,4,0,109,29,0,138,2,111,29,0,142,4,0,4,146
02/13/2023,BET,AK,AAL,WE,Federal Contract Tower,7,6,0,0,13,0,223,92,2,317,7,229,92,2,330,0,0,0,330
02/14/2023,BET,AK,AAL,WE,Federal Contract Tower,7,0,0,0,7,0,219,59,4,282,7,219,59,4,289,0,0,0,289
02/15/2023,BET,AK,AAL,WE,Federal Contract Tower,7,7,0,0,14,0,204,88,0,292,7,211,88,0,306,0,0,0,306
02/16/2023,BET,AK,AAL,WE,Federal Contract Tower,10,29,13,0,52,0,13,2,0,15,10,42,15,0,67,2,0,2,69
02/17/2023,BET,AK,AAL,WE,Federal Contract Tower,6,18,3,0,27,0,65,26,0,91,6,83,29,0,118,0,0,0,118
02/18/2023,BET,AK,AAL,WE,Federal Contract Tower,4,26,4,0,34,0,49,15,0,64,4,75,19,0,98,0,0,0,98
02/19/2023,BET,AK,AAL,WE,Federal Contract Tower,2,27,3,0,32,0,0,0,0,0,2,27,3,0,32,0,0,0,32
02/20/2023,BET,AK,AAL,WE,Federal Contract Tower,6,35,3,0,44,0,8,3,0,11,6,43,6,0,55,0,0,0,55
02/21/2023,BET,AK,AAL,WE,Federal Contract Tower,4,7,2,0,13,0,74,50,0,124,4,81,52,0,137,12,0,12,149
02/22/2023,BET,AK,AAL,WE,Federal Contract Tower,7,3,0,0,10,0,4,3,0,7,7,7,3,0,17,4,0,4,21
02/23/2023,BET,AK,AAL,WE,Federal Contract Tower,13,11,0,0,24,0,172,60,0,232,13,183,60,0,256,0,0,0,256
02/24/2023,BET,AK,AAL,WE,Federal Contract Tower,5,53,5,0,63,0,97,63,1,161,5,150,68,1,224,0,0,0,224
02/25/2023,BET,AK,AAL,WE,Federal Contract Tower,7,37,8,0,52,0,161,57,2,220,7,198,65,2,272,18,0,18,290
02/26/2023,BET,AK,AAL,WE,Federal Contract Tower,5,4,1,0,10,0,228,65,2,295,5,232,66,2,305,2,0,2,307
02/27/2023,BET,AK,AAL,WE,Federal Contract Tower,11,9,0,0,20,0,223,88,0,311,11,232,88,0,331,4,0,4,335
02/28/2023,BET,AK,AAL,WE,Federal Contract Tower,3,3,0,0,6,0,0,0,0,0,3,3,0,0,6,0,0,0,6
03/01/2023,BET,AK,AAL,WE,Federal Contract Tower,2,4,5,0,11,0,0,0,0,0,2,4,5,0,11,0,0,0,11
03/02/2023,BET,AK,AAL,WE,Federal Contract Tower,6,13,1,0,20,0,215,121,0,336,6,228,122,0,356,8,0,8,364
03/03/2023,BET,AK,AAL,WE,Federal Contract Tower,8,10,6,0,24,0,233,110,0,343,8,243,116,0,367,0,0,0,367
03/04/2023,BET,AK,AAL,WE,Federal Contract Tower,14,4,0,0,18,0,144,37,0,181,14,148,37,0,199,2,0,2,201
03/05/2023,BET,AK,AAL,WE,Federal Contract Tower,9,6,0,0,15,0,13,15,0,28,9,19,15,0,43,10,0,10,53
03/06/2023,BET,AK,AAL,WE,Federal Contract Tower,10,4,0,0,14,0,222,54,0,276,10,226,54,0,290,0,0,0,290
03/07/2023,BET,AK,AAL,WE,Federal Contract Tower,9,47,15,0,71,0,95,64,0,159,9,142,79,0,230,6,0,6,236
03/08/2023,BET,AK,AAL,WE,Federal Contract Tower,6,47,7,1,61,0,115,43,3,161,6,162,50,4,222,0,0,0,222
03/09/2023,BET,AK,AAL,WE,Federal Contract Tower,5,33,7,0,45,0,151,75,0,226,5,184,82,0,271,0,0,0,271
03/10/2023,BET,AK,AAL,WE,Federal Contract Tower,8,2,1,0,11,0,259,109,0,368,8,261,110,0,379,8,0,8,387
03/11/2023,BET,AK,AAL,WE,Federal Contract Tower,10,8,3,0,21,0,240,122,0,362,10,248,125,0,383,2,0,2,385
03/12/2023,BET,AK,AAL,WE,Federal Contract Tower,5,3,1,0,9,0,193,66,0,259,5,196,67,0,268,8,0,8,276
03/13/2023,BET,AK,AAL,WE,Federal Contract Tower,11,35,3,0,49,0,85,46,0,131,11,120,49,0,180,4,0,4,184
03/14/2023,BET,AK,AAL,WE,Federal Contract Tower,7,4,0,0,11,0,151,66,0,217,7,155,66,0,228,4,0,4,232
03/15/2023,BET,AK,AAL,WE,Federal Contract Tower,7,6,0,0,13,0,160,57,0,217,7,166,57,0,230,4,0,4,234
03/16/2023,BET,AK,AAL,WE,Federal Contract Tower,13,6,0,0,19,0,221,60,0,281,13,227,60,0,300,0,0,0,300
03/17/2023,BET,AK,AAL,WE,Federal Contract Tower,5,6,0,0,11,0,165,59,0,224,5,171,59,0,235,0,0,0,235
03/18/2023,BET,AK,AAL,WE,Federal Contract Tower,9,1,0,0,10,0,213,63,0,276,9,214,63,0,286,0,0,0,286
03/19/2023,BET,AK,AAL,WE,Federal Contract Tower,6,3,0,0,9,0,182,71,0,253,6,185,71,0,262,0,0,0,262
03/20/2023,BET,AK,AAL,WE,Federal Contract Tower,12,2,0,0,14,0,30,13,0,43,12,32,13,0,57,0,0,0,57
03/21/2023,BET,AK,AAL,WE,Federal Contract Tower,6,27,17,0,50,0,151,66,0,217,6,178,83,0,267,4,0,4,271
03/22/2023,BET,AK,AAL,WE,Federal Contract Tower,6,26,9,0,41,0,145,46,0,191,6,171,55,0,232,6,0,6,238
03/23/2023,BET,AK,AAL,WE,Federal Contract Tower,7,16,5,4,32,0,99,33,0,132,7,115,38,4,164,2,0,2,166
03/24/2023,BET,AK,AAL,WE,Federal Contract Tower,6,27,2,2,37,0,75,47,0,122,6,102,49,2,159,12,0,12,171
03/25/2023,BET,AK,AAL,WE,Federal Contract Tower,8,20,2,0,30,0,104,36,0,140,8,124,38,0,170,0,0,0,170
03/26/2023,BET,AK,AAL,WE,Federal Contract Tower,6,8,0,0,14,0,150,62,0,212,6,158,62,0,226,0,0,0,226
03/27/2023,BET,AK,AAL,WE,Federal Contract Tower,6,15,1,0,22,0,160,72,0,232,6,175,73,0,254,4,0,4,258
03/28/2023,BET,AK,AAL,WE,Federal Contract Tower,9,11,2,0,22,0,168,61,0,229,9,179,63,0,251,0,0,0,251
03/29/2023,BET,AK,AAL,WE,Federal Contract Tower,7,31,11,0,49,0,36,21,0,57,7,67,32,0,106,0,0,0,106
03/30/2023,BET,AK,AAL,WE,Federal Contract Tower,5,42,11,2,60,0,28,30,0,58,5,70,41,2,118,0,0,0,118
03/31/2023,BET,AK,AAL,WE,Federal Contract Tower,8,32,21,1,62,0,126,80,1,207,8,158,101,2,269,0,0,0,269
04/01/2023,BET,AK,AAL,WE,Federal Contract Tower,15,13,1,2,31,0,157,65,0,222,15,170,66,2,253,4,0,4,257
04/02/2023,BET,AK,AAL,WE,Federal Contract Tower,5,6,2,0,13,0,147,47,0,194,5,153,49,0,207,16,1,17,224
04/03/2023,BET,AK,AAL,WE,Federal Contract Tower,10,16,1,2,29,0,191,69,0,260,10,207,70,2,289,0,0,0,289
04/04/2023,BET,AK,AAL,WE,Federal Contract Tower,9,22,1,0,32,0,175,54,0,229,9,197,55,0,261,0,0,0,261
04/05/2023,BET,AK,AAL,WE,Federal Contract Tower,14,3,2,0,19,0,223,86,2,311,14,226,88,2,330,4,0,4,334
04/06/2023,BET,AK,AAL,WE,Federal Contract Tower,12,3,0,0,15,0,247,126,1,374,12,250,126,1,389,6,0,6,395
04/08/2023,BET,AK,AAL,WE,Federal Contract Tower,8,3,1,0,12,0,206,40,0,246,8,209,41,0,258,0,0,0,258
04/09/2023,BET,AK,AAL,WE,Federal Contract Tower,4,0,0,0,4,0,74,18,0,92,4,74,18,0,96,4,0,4,100
04/10/2023,BET,AK,AAL,WE,Federal Contract Tower,12,3,0,0,15,0,228,39,0,267,12,231,39,0,282,6,0,6,288
04/11/2023,BET,AK,AAL,WE,Federal Contract Tower,9,28,5,0,42,0,20,5,0,25,9,48,10,0,67,0,0,0,67
04/12/2023,BET,AK,AAL,WE,Federal Contract Tower,10,6,0,0,16,0,164,55,2,221,10,170,55,2,237,0,0,0,237
04/13/2023,BET,AK,AAL,WE,Federal Contract Tower,8,3,0,0,11,0,187,83,0,270,8,190,83,0,281,6,0,6,287
04/15/2023,BET,AK,AAL,WE,Federal Contract Tower,3,2,0,0,5,0,158,50,0,208,3,160,50,0,213,0,0,0,213
04/16/2023,BET,AK,AAL,WE,Federal Contract Tower,6,2,0,0,8,0,132,48,0,180,6,134,48,0,188,4,0,4,192
04/17/2023,BET,AK,AAL,WE,Federal Contract Tower,13,8,0,0,21,0,204,65,2,271,13,212,65,2,292,8,0,8,300
04/18/2023,BET,AK,AAL,WE,Federal Contract Tower,7,9,2,0,18,0,206,71,0,277,7,215,73,0,295,0,0,0,295
04/19/2023,BET,AK,AAL,WE,Federal Contract Tower,9,3,2,0,14,0,198,67,0,265,9,201,69,0,279,30,0,30,309
04/21/2023,BET,AK,AAL,WE,Federal Contract Tower,5,3,0,0,8,0,144,36,4,184,5,147,36,4,192,0,0,0,192
04/22/2023,BET,AK,AAL,WE,Federal Contract Tower,5,2,0,0,7,0,144,39,0,183,5,146,39,0,190,18,0,18,208
04/23/2023,BET,AK,AAL,WE,Federal Contract Tower,6,2,0,0,8,0,96,56,0,152,6,98,56,0,160,0,0,0,160
04/25/2023,BET,AK,AAL,WE,Federal Contract Tower,13,5,0,0,18,0,199,81,4,284,13,204,81,4,302,0,0,0,302
04/26/2023,BET,AK,AAL,WE,Federal Contract Tower,9,4,0,0,13,0,220,52,4,276,9,224,52,4,289,0,0,0,289
04/28/2023,BET,AK,AAL,WE,Federal Contract Tower,4,25,8,0,37,0,49,47,2,98,4,74,55,2,135,0,0,0,135
04/29/2023,BET,AK,AAL,WE,Federal Contract Tower,5,3,0,0,8,0,166,75,0,241,5,169,75,0,249,4,0,4,253
04/30/2023,BET,AK,AAL,WE,Federal Contract Tower,6,0,0,0,6,0,90,54,0,144,6,90,54,0,150,8,0,8,158
05/01/2023,BET,AK,AAL,WE,Federal Contract Tower,13,10,7,0,30,0,206,82,0,288,13,216,89,0,318,0,0,0,318
05/02/2023,BET,AK,AAL,WE,Federal Contract Tower,10,29,15,0,54,0,77,34,0,111,10,106,49,0,165,0,0,0,165
05/03/2023,BET,AK,AAL,WE,Federal Contract Tower,7,16,0,2,25,0,252,96,1,349,7,268,96,3,374,0,0,0,374
05/04/2023,BET,AK,AAL,WE,Federal Contract Tower,11,22,2,2,37,0,246,88,2,336,11,268,90,4,373,6,8,14,387
05/05/2023,BET,AK,AAL,WE,Federal Contract Tower,2,28,2,0,32,0,123,70,0,193,2,151,72,0,225,0,0,0,225
05/06/2023,BET,AK,AAL,WE,Federal Contract Tower,5,16,0,0,21,0,164,68,0,232,5,180,68,0,253,6,0,6,259
05/07/2023,BET,AK,AAL,WE,Federal Contract Tower,6,0,1,0,7,161,72,0,0,233,167,72,1,0,240,10,0,10,250
05/08/2023,BET,AK,AAL,WE,Federal Contract Tower,7,7,3,2,19,0,172,57,1,230,7,179,60,3,249,4,0,4,253
05/09/2023,BET,AK,AAL,WE,Federal Contract Tower,9,9,0,0,18,0,252,106,4,362,9,261,106,4,380,2,0,2,382
05/10/2023,BET,AK,AAL,WE,Federal Contract Tower,13,6,4,0,23,0,248,110,0,358,13,254,114,0,381,0,0,0,381
05/11/2023,BET,AK,AAL,WE,Federal Contract Tower,11,6,0,0,17,0,238,84,0,322,11,244,84,0,339,4,0,4,343
05/12/2023,BET,AK,AAL,WE,Federal Contract Tower,4,4,1,0,9,0,179,90,2,271,4,183,91,2,280,0,0,0,280
05/13/2023,BET,AK,AAL,WE,Federal Contract Tower,3,0,0,0,3,0,157,44,0,201,3,157,44,0,204,0,0,0,204
05/14/2023,BET,AK,AAL,WE,Federal Contract Tower,7,21,4,0,32,0,101,56,2,159,7,122,60,2,191,4,0,4,195
05/15/2023,BET,AK,AAL,WE,Federal Contract Tower,10,23,4,2,39,0,171,85,1,257,10,194,89,3,296,4,0,4,300
05/16/2023,BET,AK,AAL,WE,Federal Contract Tower,8,28,32,8,76,0,6,16,0,22,8,34,48,8,98,0,0,0,98
05/17/2023,BET,AK,AAL,WE,Federal Contract Tower,7,19,6,4,36,0,144,118,0,262,7,163,124,4,298,6,6,12,310
05/18/2023,BET,AK,AAL,WE,Federal Contract Tower,9,8,2,0,19,0,234,136,0,370,9,242,138,0,389,0,0,0,389
05/19/2023,BET,AK,AAL,WE,Federal Contract Tower,2,7,1,0,10,0,149,81,1,231,2,156,82,1,241,0,0,0,241
05/20/2023,BET,AK,AAL,WE,Federal Contract Tower,6,2,0,1,9,0,171,70,0,241,6,173,70,1,250,2,0,2,252
05/21/2023,BET,AK,AAL,WE,Federal Contract Tower,6,4,0,0,10,0,144,90,0,234,6,148,90,0,244,0,0,0,244
05/22/2023,BET,AK,AAL,WE,Federal Contract Tower,9,4,3,0,16,0,232,66,2,300,9,236,69,2,316,0,0,0,316
05/23/2023,BET,AK,AAL,WE,Federal Contract Tower,10,4,1,2,17,0,234,86,0,320,10,238,87,2,337,0,0,0,337
05/24/2023,BET,AK,AAL,WE,Federal Contract Tower,7,18,2,0,27,0,156,93,0,249,7,174,95,0,276,0,0,0,276
05/25/2023,BET,AK,AAL,WE,Federal Contract Tower,12,8,3,0,23,0,178,73,2,253,12,186,76,2,276,0,0,0,276
05/26/2023,BET,AK,AAL,WE,Federal Contract Tower,5,6,2,0,13,0,114,52,0,166,5,120,54,0,179,0,0,0,179
05/27/2023,BET,AK,AAL,WE,Federal Contract Tower,4,5,5,0,14,0,147,42,0,189,4,152,47,0,203,0,0,0,203
05/28/2023,BET,AK,AAL,WE,Federal Contract Tower,4,11,2,0,17,0,98,28,0,126,4,109,30,0,143,0,0,0,143
05/29/2023,BET,AK,AAL,WE,Federal Contract Tower,8,23,3,0,34,0,70,70,0,140,8,93,73,0,174,0,0,0,174
05/30/2023,BET,AK,AAL,WE,Federal Contract Tower,9,28,9,0,46,0,162,68,0,230,9,190,77,0,276,0,0,0,276
05/31/2023,BET,AK,AAL,WE,Federal Contract Tower,8,4,6,0,18,0,226,79,0,305,8,230,85,0,323,0,0,0,323
06/01/2023,BET,AK,AAL,WE,Federal Contract Tower,15,60,30,0,105,0,44,16,0,60,15,104,46,0,165,0,0,0,165
06/02/2023,BET,AK,AAL,WE,Federal Contract Tower,6,13,3,0,22,0,140,65,0,205,6,153,68,0,227,0,0,0,227
06/03/2023,BET,AK,AAL,WE,Federal Contract Tower,4,4,0,0,8,0,148,42,0,190,4,152,42,0,198,0,0,0,198
06/04/2023,BET,AK,AAL,WE,Federal Contract Tower,6,8,0,0,14,0,130,56,0,186,6,138,56,0,200,18,0,18,218
06/05/2023,BET,AK,AAL,WE,Federal Contract Tower,5,5,2,0,12,0,239,80,0,319,5,244,82,0,331,0,0,0,331
06/06/2023,BET,AK,AAL,WE,Federal Contract Tower,11,5,3,0,19,0,235,60,0,295,11,240,63,0,314,2,0,2,316
06/07/2023,BET,AK,AAL,WE,Federal Contract Tower,6,3,3,0,12,0,230,66,0,296,6,233,69,0,308,0,0,0,308
06/08/2023,BET,AK,AAL,WE,Federal Contract Tower,11,1,0,0,12,0,207,81,0,288,11,208,81,0,300,2,0,2,302
06/09/2023,BET,AK,AAL,WE,Federal Contract Tower,2,6,1,1,10,0,145,48,0,193,2,151,49,1,203,0,0,0,203
06/10/2023,BET,AK,AAL,WE,Federal Contract Tower,2,4,0,0,6,0,159,43,0,202,2,163,43,0,208,2,0,2,210
06/11/2023,BET,AK,AAL,WE,Federal Contract Tower,3,6,0,0,9,0,92,40,0,132,3,98,40,0,141,4,0,4,145
06/12/2023,BET,AK,AAL,WE,Federal Contract Tower,7,17,8,0,32,0,184,66,0,250,7,201,74,0,282,8,0,8,290
06/13/2023,BET,AK,AAL,WE,Federal Contract Tower,12,36,13,0,61,0,131,42,1,174,12,167,55,1,235,6,0,6,241
06/14/2023,BET,AK,AAL,WE,Federal Contract Tower,12,9,1,0,22,0,230,66,0,296,12,239,67,0,318,0,0,0,318
06/15/2023,BET,AK,AAL,WE,Federal Contract Tower,7,10,0,0,17,0,228,68,0,296,7,238,68,0,313,0,0,0,313
06/16/2023,BET,AK,AAL,WE,Federal Contract Tower,4,8,0,0,12,0,133,43,0,176,4,141,43,0,188,9,0,9,197
06/17/2023,BET,AK,AAL,WE,Federal Contract Tower,6,5,2,0,13,0,137,36,0,173,6,142,38,0,186,2,0,2,188
06/18/2023,BET,AK,AAL,WE,Federal Contract Tower,6,4,1,0,11,0,138,54,1,193,6,142,55,1,204,4,0,4,208
06/19/2023,BET,AK,AAL,WE,Federal Contract Tower,13,9,0,0,22,0,228,68,0,296,13,237,68,0,318,0,0,0,318
06/20/2023,BET,AK,AAL,WE,Federal Contract Tower,8,32,12,0,52,0,130,54,0,184,8,162,66,0,236,2,0,2,238
06/21/2023,BET,AK,AAL,WE,Federal Contract Tower,10,5,1,0,16,0,246,66,4,316,10,251,67,4,332,2,0,2,334
06/22/2023,BET,AK,AAL,WE,Federal Contract Tower,8,25,14,0,47,0,165,62,0,227,8,190,76,0,274,0,0,0,274
06/23/2023,BET,AK,AAL,WE,Federal Contract Tower,7,9,1,0,17,0,147,48,0,195,7,156,49,0,212,0,0,0,212
06/24/2023,BET,AK,AAL,WE,Federal Contract Tower,6,28,10,0,44,0,105,31,0,136,6,133,41,0,180,2,0,2,182
06/25/2023,BET,AK,AAL,WE,Federal Contract Tower,6,6,1,0,13,0,91,55,0,146,6,97,56,0,159,0,0,0,159
06/26/2023,BET,AK,AAL,WE,Federal Contract Tower,16,6,1,0,23,0,204,71,5,280,16,210,72,5,303,0,0,0,303
06/27/2023,BET,AK,AAL,WE,Federal Contract Tower,12,9,2,0,23,0,227,62,3,292,12,236,64,3,315,6,0,6,321
06/28/2023,BET,AK,AAL,WE,Federal Contract Tower,12,9,1,0,22,0,236,54,2,292,12,245,55,2,314,10,0,10,324
06/29/2023,BET,AK,AAL,WE,Federal Contract Tower,12,9,1,0,22,0,257,60,0,317,12,266,61,0,339,0,0,0,339
06/30/2023,BET,AK,AAL,WE,Federal Contract Tower,4,4,0,0,8,0,175,59,0,234,4,179,59,0,242,0,0,0,242
07/01/2023,BET,AK,AAL,WE,Federal Contract Tower,4,2,0,0,6,0,159,47,0,206,4,161,47,0,212,0,0,0,212
07/02/2023,BET,AK,AAL,WE,Federal Contract Tower,6,10,0,0,16,0,112,39,2,153,6,122,39,2,169,0,0,0,169
07/03/2023,BET,AK,AAL,WE,Federal Contract Tower,16,9,1,0,26,0,208,57,4,269,16,217,58,4,295,0,0,0,295
07/04/2023,BET,AK,AAL,WE,Federal Contract Tower,6,2,1,0,9,0,5,32,2,39,6,7,33,2,48,0,0,0,48
07/05/2023,BET,AK,AAL,WE,Federal Contract Tower,8,6,1,0,15,0,194,41,0,235,8,200,42,0,250,6,0,6,256
07/07/2023,BET,AK,AAL,WE,Federal Contract Tower,4,5,5,0,14,0,163,39,0,202,4,168,44,0,216,2,0,2,218
07/08/2023,BET,AK,AAL,WE,Federal Contract Tower,4,16,2,0,22,0,80,20,0,100,4,96,22,0,122,2,0,2,124
07/09/2023,BET,AK,AAL,WE,Federal Contract Tower,6,8,2,0,16,0,130,30,0,160,6,138,32,0,176,4,0,4,180
07/10/2023,BET,AK,AAL,WE,Federal Contract Tower,12,43,16,0,71,0,165,66,0,231,12,208,82,0,302,0,0,0,302
07/11/2023,BET,AK,AAL,WE,Federal Contract Tower,15,7,2,0,24,0,198,90,0,288,15,205,92,0,312,0,0,0,312
07/12/2023,BET,AK,AAL,WE,Federal Contract Tower,12,31,7,1,51,0,158,52,1,211,12,189,59,2,262,0,0,0,262
07/13/2023,BET,AK,AAL,WE,Federal Contract Tower,9,102,39,0,150,0,9,5,0,14,9,111,44,0,164,0,0,0,164
07/14/2023,BET,AK,AAL,WE,Federal Contract Tower,5,32,5,0,42,0,97,40,0,137,5,129,45,0,179,0,0,0,179
07/15/2023,BET,AK,AAL,WE,Federal Contract Tower,3,42,7,0,52,0,32,12,0,44,3,74,19,0,96,0,0,0,96
07/16/2023,BET,AK,AAL,WE,Federal Contract Tower,6,9,6,0,21,0,136,25,2,163,6,145,31,2,184,0,0,0,184
07/17/2023,BET,AK,AAL,WE,Federal Contract Tower,12,8,2,0,22,0,226,60,1,287,12,234,62,1,309,14,0,14,323
07/18/2023,BET,AK,AAL,WE,Federal Contract Tower,14,26,14,1,55,0,183,52,2,237,14,209,66,3,292,0,0,0,292
07/19/2023,BET,AK,AAL,WE,Federal Contract Tower,9,30,19,2,60,0,118,46,0,164,9,148,65,2,224,2,0,2,226
07/20/2023,BET,AK,AAL,WE,Federal Contract Tower,11,39,20,0,70,0,1,4,0,5,11,40,24,0,75,0,0,0,75
07/21/2023,BET,AK,AAL,WE,Federal Contract Tower,2,32,5,0,39,0,63,22,0,85,2,95,27,0,124,0,0,0,124
07/22/2023,BET,AK,AAL,WE,Federal Contract Tower,4,3,1,0,8,0,182,47,0,229,4,185,48,0,237,0,0,0,237
07/23/2023,BET,AK,AAL,WE,Federal Contract Tower,4,16,2,0,22,0,152,70,0,222,4,168,72,0,244,0,0,0,244
07/24/2023,BET,AK,AAL,WE,Federal Contract Tower,11,11,4,0,26,1,225,70,0,296,12,236,74,0,322,2,0,2,324
07/25/2023,BET,AK,AAL,WE,Federal Contract Tower,13,19,4,0,36,0,162,58,0,220,13,181,62,0,256,0,0,0,256
07/26/2023,BET,AK,AAL,WE,Federal Contract Tower,10,24,0,0,34,0,182,58,0,240,10,206,58,0,274,2,0,2,276
07/27/2023,BET,AK,AAL,WE,Federal Contract Tower,14,51,11,0,76,0,104,62,0,166,14,155,73,0,242,4,0,4,246
07/28/2023,BET,AK,AAL,WE,Federal Contract Tower,4,45,28,0,77,0,10,5,0,15,4,55,33,0,92,0,0,0,92
07/29/2023,BET,AK,AAL,WE,Federal Contract Tower,5,23,6,0,34,0,171,41,0,212,5,194,47,0,246,0,0,0,246
07/30/2023,BET,AK,AAL,WE,Federal Contract Tower,6,3,1,0,10,0,140,54,0,194,6,143,55,0,204,8,0,8,212
07/31/2023,BET,AK,AAL,WE,Federal Contract Tower,11,5,1,0,17,1,236,74,0,311,12,241,75,0,328,0,0,0,328
08/01/2023,BET,AK,AAL,WE,Federal Contract Tower,12,11,2,0,25,0,242,84,0,326,12,253,86,0,351,12,0,12,363
08/03/2023,BET,AK,AAL,WE,Federal Contract Tower,14,12,2,0,28,0,232,70,0,302,14,244,72,0,330,0,0,0,330
08/04/2023,BET,AK,AAL,WE,Federal Contract Tower,7,3,0,0,10,0,165,31,0,196,7,168,31,0,206,0,0,0,206
08/05/2023,BET,AK,AAL,WE,Federal Contract Tower,2,5,1,0,8,0,42,14,0,56,2,47,15,0,64,0,0,0,64
08/06/2023,BET,AK,AAL,WE,Federal Contract Tower,10,11,0,0,21,0,142,71,2,215,10,153,71,2,236,0,0,0,236
08/07/2023,BET,AK,AAL,WE,Federal Contract Tower,12,27,9,3,51,0,208,51,4,263,12,235,60,7,314,0,2,2,316
08/08/2023,BET,AK,AAL,WE,Federal Contract Tower,14,32,5,0,51,0,202,61,0,263,14,234,66,0,314,0,0,0,314
08/09/2023,BET,AK,AAL,WE,Federal Contract Tower,6,21,5,0,32,0,205,60,4,269,6,226,65,4,301,0,0,0,301
08/10/2023,BET,AK,AAL,WE,Federal Contract Tower,14,14,1,0,29,0,212,59,6,277,14,226,60,6,306,0,0,0,306
08/11/2023,BET,AK,AAL,WE,Federal Contract Tower,6,5,0,0,11,0,144,38,3,185,6,149,38,3,196,0,0,0,196
08/12/2023,BET,AK,AAL,WE,Federal Contract Tower,6,5,0,0,11,0,178,46,4,228,6,183,46,4,239,2,0,2,241
08/13/2023,BET,AK,AAL,WE,Federal Contract Tower,7,49,18,0,74,0,55,32,2,89,7,104,50,2,163,0,8,8,171
08/14/2023,BET,AK,AAL,WE,Federal Contract Tower,12,20,2,0,34,0,241,63,4,308,12,261,65,4,342,12,0,12,354
08/15/2023,BET,AK,AAL,WE,Federal Contract Tower,12,6,1,0,19,0,206,70,8,284,12,212,71,8,303,6,0,6,309
08/16/2023,BET,AK,AAL,WE,Federal Contract Tower,10,15,1,2,28,0,195,62,4,261,10,210,63,6,289,7,0,7,296
08/17/2023,BET,AK,AAL,WE,Federal Contract Tower,13,42,11,0,66,0,144,50,0,194,13,186,61,0,260,8,0,8,268
08/18/2023,BET,AK,AAL,WE,Federal Contract Tower,5,18,0,0,23,0,126,34,0,160,5,144,34,0,183,4,0,4,187
08/19/2023,BET,AK,AAL,WE,Federal Contract Tower,6,9,0,0,15,0,133,36,2,171,6,142,36,2,186,0,0,0,186
08/20/2023,BET,AK,AAL,WE,Federal Contract Tower,4,60,18,0,82,0,28,10,2,40,4,88,28,2,122,0,0,0,122
08/21/2023,BET,AK,AAL,WE,Federal Contract Tower,12,14,1,2,29,0,226,68,0,294,12,240,69,2,323,0,0,0,323
08/22/2023,BET,AK,AAL,WE,Federal Contract Tower,12,35,5,0,52,0,242,45,3,290,12,277,50,3,342,0,0,0,342
08/23/2023,BET,AK,AAL,WE,Federal Contract Tower,10,17,1,0,28,0,259,70,2,331,10,276,71,2,359,8,2,10,369
08/24/2023,BET,AK,AAL,WE,Federal Contract Tower,14,34,4,0,52,0,190,86,7,283,14,224,90,7,335,0,0,0,335
08/25/2023,BET,AK,AAL,WE,Federal Contract Tower,4,46,8,0,58,0,11,21,0,32,4,57,29,0,90,0,0,0,90
08/26/2023,BET,AK,AAL,WE,Federal Contract Tower,3,47,12,0,62,0,0,0,0,0,3,47,12,0,62,0,0,0,62
08/27/2023,BET,AK,AAL,WE,Federal Contract Tower,8,5,2,0,15,0,210,70,2,282,8,215,72,2,297,9,0,9,306
08/28/2023,BET,AK,AAL,WE,Federal Contract Tower,14,6,3,0,23,0,262,61,2,325,14,268,64,2,348,6,2,8,356
08/29/2023,BET,AK,AAL,WE,Federal Contract Tower,10,25,4,0,39,0,252,48,1,301,10,277,52,1,340,0,1,1,341
08/30/2023,BET,AK,AAL,WE,Federal Contract Tower,14,13,4,2,33,0,208,74,0,282,14,221,78,2,315,0,0,0,315
08/31/2023,BET,AK,AAL,WE,Federal Contract Tower,12,13,2,0,27,0,217,58,1,276,12,230,60,1,303,0,0,0,303
01/01/2020,BET,AK,AAL,WE,Federal Contract Tower,1,3,0,0,4,0,1,0,0,1,1,4,0,0,5,0,0,0,5
01/02/2020,BET,AK,AAL,WE,Federal Contract Tower,5,6,0,0,11,0,147,23,0,170,5,153,23,0,181,0,0,0,181
01/03/2020,BET,AK,AAL,WE,Federal Contract Tower,9,3,0,0,12,0,164,18,0,182,9,167,18,0,194,0,0,0,194
01/04/2020,BET,AK,AAL,WE,Federal Contract Tower,6,10,0,0,16,1,160,16,0,177,7,170,16,0,193,8,0,8,201
01/05/2020,BET,AK,AAL,WE,Federal Contract Tower,3,7,0,0,10,0,101,15,0,116,3,108,15,0,126,10,0,10,136
01/06/2020,BET,AK,AAL,WE,Federal Contract Tower,8,4,3,0,15,1,168,14,4,187,9,172,17,4,202,20,0,20,222
01/07/2020,BET,AK,AAL,WE,Federal Contract Tower,6,8,0,0,14,0,221,10,0,231,6,229,10,0,245,2,0,2,247
01/08/2020,BET,AK,AAL,WE,Federal Contract Tower,9,6,1,0,16,1,169,22,0,192,10,175,23,0,208,10,0,10,218
01/09/2020,BET,AK,AAL,WE,Federal Contract Tower,5,21,0,0,26,1,133,16,2,152,6,154,16,2,178,2,0,2,180
01/10/2020,BET,AK,AAL,WE,Federal Contract Tower,8,16,0,0,24,0,78,22,0,100,8,94,22,0,124,0,0,0,124
01/11/2020,BET,AK,AAL,WE,Federal Contract Tower,10,16,3,0,29,0,112,24,0,136,10,128,27,0,165,8,0,8,173
01/12/2020,BET,AK,AAL,WE,Federal Contract Tower,4,30,0,0,34,0,87,10,0,97,4,117,10,0,131,9,0,9,140
01/13/2020,BET,AK,AAL,WE,Federal Contract Tower,8,10,0,0,18,0,164,22,2,188,8,174,22,2,206,8,0,8,214
01/14/2020,BET,AK,AAL,WE,Federal Contract Tower,7,8,2,0,17,0,190,23,1,214,7,198,25,1,231,14,0,14,245
01/15/2020,BET,AK,AAL,WE,Federal Contract Tower,11,12,1,0,24,0,138,25,2,165,11,150,26,2,189,2,0,2,191
01/16/2020,BET,AK,AAL,WE,Federal Contract Tower,11,5,0,2,18,0,223,28,0,251,11,228,28,2,269,4,0,4,273
01/17/2020,BET,AK,AAL,WE,Federal Contract Tower,6,12,0,0,18,0,238,15,0,253,6,250,15,0,271,8,0,8,279
01/18/2020,BET,AK,AAL,WE,Federal Contract Tower,15,7,0,0,22,0,186,18,0,204,15,193,18,0,226,0,0,0,226
01/19/2020,BET,AK,AAL,WE,Federal Contract Tower,3,19,1,0,23,0,130,13,0,143,3,149,14,0,166,0,0,0,166
01/21/2020,BET,AK,AAL,WE,Federal Contract Tower,17,78,5,3,103,0,40,1,0,41,17,118,6,3,144,3,0,3,147
01/22/2020,BET,AK,AAL,WE,Federal Contract Tower,9,55,0,0,64,0,0,0,0,0,9,55,0,0,64,0,0,0,64
01/23/2020,BET,AK,AAL,WE,Federal Contract Tower,8,45,0,0,53,0,126,22,0,148,8,171,22,0,201,8,0,8,209
01/24/2020,BET,AK,AAL,WE,Federal Contract Tower,7,5,0,0,12,0,221,38,2,261,7,226,38,2,273,0,0,0,273
01/25/2020,BET,AK,AAL,WE,Federal Contract Tower,8,6,0,0,14,0,189,15,0,204,8,195,15,0,218,30,0,30,248
01/26/2020,BET,AK,AAL,WE,Federal Contract Tower,4,9,0,0,13,1,101,7,0,109,5,110,7,0,122,20,0,20,142
01/27/2020,BET,AK,AAL,WE,Federal Contract Tower,13,9,1,0,23,0,220,13,0,233,13,229,14,0,256,4,0,4,260
01/29/2020,BET,AK,AAL,WE,Federal Contract Tower,10,14,2,0,26,0,175,8,0,183,10,189,10,0,209,2,0,2,211
01/30/2020,BET,AK,AAL,WE,Federal Contract Tower,9,21,0,0,30,0,176,11,0,187,9,197,11,0,217,0,0,0,217
01/31/2020,BET,AK,AAL,WE,Federal Contract Tower,9,16,2,0,27,0,198,16,0,214,9,214,18,0,241,0,0,0,241
02/01/2020,BET,AK,AAL,WE,Federal Contract Tower,6,10,0,0,16,0,151,21,0,172,6,161,21,0,188,18,0,18,206
02/02/2020,BET,AK,AAL,WE,Federal Contract Tower,0,5,0,0,5,0,1,0,0,1,0,6,0,0,6,0,0,0,6
02/03/2020,BET,AK,AAL,WE,Federal Contract Tower,10,30,0,3,43,0,73,0,4,77,10,103,0,7,120,4,0,4,124
02/04/2020,BET,AK,AAL,WE,Federal Contract Tower,6,26,0,0,32,0,83,7,1,91,6,109,7,1,123,0,0,0,123
02/06/2020,BET,AK,AAL,WE,Federal Contract Tower,6,65,11,2,84,0,28,1,0,29,6,93,12,2,113,0,0,0,113
02/07/2020,BET,AK,AAL,WE,Federal Contract Tower,6,8,0,0,14,1,153,23,3,180,7,161,23,3,194,2,0,2,196
02/08/2020,BET,AK,AAL,WE,Federal Contract Tower,4,11,6,0,21,0,0,0,0,0,4,11,6,0,21,0,0,0,21
02/09/2020,BET,AK,AAL,WE,Federal Contract Tower,3,19,0,0,22,0,160,35,0,195,3,179,35,0,217,0,0,0,217
02/10/2020,BET,AK,AAL,WE,Federal Contract Tower,11,0,2,0,13,0,185,43,2,230,11,185,45,2,243,8,0,8,251
02/11/2020,BET,AK,AAL,WE,Federal Contract Tower,11,6,0,0,17,0,150,16,0,166,11,156,16,0,183,2,0,2,185
02/12/2020,BET,AK,AAL,WE,Federal Contract Tower,9,8,0,0,17,0,191,22,0,213,9,199,22,0,230,4,0,4,234
02/13/2020,BET,AK,AAL,WE,Federal Contract Tower,8,9,0,0,17,0,197,18,0,215,8,206,18,0,232,3,0,3,235
02/14/2020,BET,AK,AAL,WE,Federal Contract Tower,11,24,0,0,35,0,116,17,0,133,11,140,17,0,168,4,0,4,172
02/15/2020,BET,AK,AAL,WE,Federal Contract Tower,5,20,0,0,25,0,0,0,0,0,5,20,0,0,25,0,0,0,25
02/16/2020,BET,AK,AAL,WE,Federal Contract Tower,7,30,0,0,37,0,98,12,0,110,7,128,12,0,147,24,0,24,171
02/17/2020,BET,AK,AAL,WE,Federal Contract Tower,9,6,0,0,15,1,81,4,0,86,10,87,4,0,101,4,0,4,105
02/18/2020,BET,AK,AAL,WE,Federal Contract Tower,0,2,0,0,2,0,0,0,0,0,0,2,0,0,2,0,0,0,2
02/19/2020,BET,AK,AAL,WE,Federal Contract Tower,7,39,0,0,46,0,159,12,2,173,7,198,12,2,219,0,0,0,219
02/20/2020,BET,AK,AAL,WE,Federal Contract Tower,5,29,3,0,37,0,23,0,0,23,5,52,3,0,60,2,0,2,62
02/21/2020,BET,AK,AAL,WE,Federal Contract Tower,6,45,2,0,53,0,57,7,0,64,6,102,9,0,117,0,0,0,117
02/22/2020,BET,AK,AAL,WE,Federal Contract Tower,7,8,1,0,16,1,218,39,0,258,8,226,40,0,274,4,0,4,278
02/23/2020,BET,AK,AAL,WE,Federal Contract Tower,4,9,0,0,13,0,171,30,0,201,4,180,30,0,214,12,0,12,226
02/24/2020,BET,AK,AAL,WE,Federal Contract Tower,12,8,1,0,21,0,210,32,2,244,12,218,33,2,265,0,0,0,265
02/25/2020,BET,AK,AAL,WE,Federal Contract Tower,6,9,0,0,15,0,132,9,2,143,6,141,9,2,158,0,0,0,158
02/26/2020,BET,AK,AAL,WE,Federal Contract Tower,11,13,0,0,24,0,163,15,0,178,11,176,15,0,202,10,0,10,212
02/27/2020,BET,AK,AAL,WE,Federal Contract Tower,9,4,0,0,13,1,215,20,1,237,10,219,20,1,250,4,0,4,254
02/28/2020,BET,AK,AAL,WE,Federal Contract Tower,12,9,0,0,21,0,222,19,0,241,12,231,19,0,262,1,0,1,263
02/29/2020,BET,AK,AAL,WE,Federal Contract Tower,3,10,0,2,15,0,67,5,0,72,3,77,5,2,87,0,0,0,87
03/01/2020,BET,AK,AAL,WE,Federal Contract Tower,4,17,0,2,23,0,21,0,0,21,4,38,0,2,44,0,0,0,44
03/02/2020,BET,AK,AAL,WE,Federal Contract Tower,14,6,0,0,20,0,169,28,0,197,14,175,28,0,217,0,0,0,217
03/03/2020,BET,AK,AAL,WE,Federal Contract Tower,10,12,0,0,22,0,203,19,3,225,10,215,19,3,247,4,4,8,255
03/04/2020,BET,AK,AAL,WE,Federal Contract Tower,7,8,0,2,17,0,191,30,0,221,7,199,30,2,238,13,0,13,251
03/05/2020,BET,AK,AAL,WE,Federal Contract Tower,9,13,0,0,22,0,144,12,0,156,9,157,12,0,178,4,0,4,182
03/06/2020,BET,AK,AAL,WE,Federal Contract Tower,9,10,0,0,19,0,159,8,0,167,9,169,8,0,186,0,0,0,186
03/07/2020,BET,AK,AAL,WE,Federal Contract Tower,11,50,1,0,62,0,104,6,0,110,11,154,7,0,172,0,0,0,172
03/08/2020,BET,AK,AAL,WE,Federal Contract Tower,2,12,0,0,14,0,202,13,0,215,2,214,13,0,229,10,0,10,239
03/09/2020,BET,AK,AAL,WE,Federal Contract Tower,11,10,1,0,22,1,223,9,0,233,12,233,10,0,255,0,0,0,255
03/10/2020,BET,AK,AAL,WE,Federal Contract Tower,7,24,2,0,33,0,148,22,2,172,7,172,24,2,205,0,0,0,205
03/11/2020,BET,AK,AAL,WE,Federal Contract Tower,12,47,2,0,61,0,87,13,0,100,12,134,15,0,161,8,0,8,169
03/12/2020,BET,AK,AAL,WE,Federal Contract Tower,9,6,1,0,16,0,168,18,0,186,9,174,19,0,202,0,2,2,204
03/13/2020,BET,AK,AAL,WE,Federal Contract Tower,9,9,0,0,18,0,188,12,0,200,9,197,12,0,218,0,0,0,218
03/14/2020,BET,AK,AAL,WE,Federal Contract Tower,12,7,0,0,19,0,156,7,0,163,12,163,7,0,182,0,0,0,182
03/15/2020,BET,AK,AAL,WE,Federal Contract Tower,7,13,0,0,20,0,126,3,0,129,7,139,3,0,149,4,0,4,153
03/16/2020,BET,AK,AAL,WE,Federal Contract Tower,13,6,0,0,19,0,190,12,0,202,13,196,12,0,221,0,0,0,221
03/17/2020,BET,AK,AAL,WE,Federal Contract Tower,8,27,2,0,37,0,13,0,0,13,8,40,2,0,50,0,0,0,50
03/18/2020,BET,AK,AAL,WE,Federal Contract Tower,10,13,0,0,23,0,143,4,0,147,10,156,4,0,170,0,0,0,170
03/19/2020,BET,AK,AAL,WE,Federal Contract Tower,10,20,0,0,30,0,49,1,0,50,10,69,1,0,80,2,0,2,82
03/20/2020,BET,AK,AAL,WE,Federal Contract Tower,8,38,0,0,46,0,54,0,0,54,8,92,0,0,100,0,0,0,100
03/21/2020,BET,AK,AAL,WE,Federal Contract Tower,7,36,0,0,43,0,62,0,0,62,7,98,0,0,105,0,0,0,105
03/22/2020,BET,AK,AAL,WE,Federal Contract Tower,5,17,0,0,22,0,133,7,0,140,5,150,7,0,162,0,0,0,162
03/23/2020,BET,AK,AAL,WE,Federal Contract Tower,7,8,1,0,16,0,38,8,0,46,7,46,9,0,62,0,0,0,62
03/24/2020,BET,AK,AAL,WE,Federal Contract Tower,5,14,0,1,20,0,7,1,1,9,5,21,1,2,29,0,0,0,29
03/25/2020,BET,AK,AAL,WE,Federal Contract Tower,8,19,0,0,27,0,0,0,0,0,8,19,0,0,27,0,0,0,27
03/26/2020,BET,AK,AAL,WE,Federal Contract Tower,11,23,0,0,34,0,192,53,0,245,11,215,53,0,279,0,0,0,279
03/27/2020,BET,AK,AAL,WE,Federal Contract Tower,9,31,0,0,40,0,13,0,0,13,9,44,0,0,53,0,0,0,53
03/28/2020,BET,AK,AAL,WE,Federal Contract Tower,12,11,0,0,23,0,63,1,0,64,12,74,1,0,87,0,0,0,87
03/29/2020,BET,AK,AAL,WE,Federal Contract Tower,4,0,0,0,4,0,178,63,0,241,4,178,63,0,245,6,0,6,251
03/30/2020,BET,AK,AAL,WE,Federal Contract Tower,13,3,0,0,16,1,176,71,0,248,14,179,71,0,264,0,0,0,264
03/31/2020,BET,AK,AAL,WE,Federal Contract Tower,11,5,0,0,16,0,138,50,0,188,11,143,50,0,204,0,0,0,204
04/01/2020,BET,AK,AAL,WE,Federal Contract Tower,9,66,0,0,75,0,71,15,0,86,9,137,15,0,161,0,0,0,161
04/02/2020,BET,AK,AAL,WE,Federal Contract Tower,4,10,0,0,14,0,65,34,0,99,4,75,34,0,113,4,0,4,117
04/03/2020,BET,AK,AAL,WE,Federal Contract Tower,2,8,0,0,10,0,0,0,0,0,2,8,0,0,10,0,0,0,10
04/04/2020,BET,AK,AAL,WE,Federal Contract Tower,13,31,0,0,44,0,23,0,0,23,13,54,0,0,67,0,0,0,67
04/05/2020,BET,AK,AAL,WE,Federal Contract Tower,6,6,0,2,14,0,50,6,4,60,6,56,6,6,74,0,0,0,74
04/06/2020,BET,AK,AAL,WE,Federal Contract Tower,10,9,2,0,21,0,148,85,2,235,10,157,87,2,256,0,0,0,256
04/07/2020,BET,AK,AAL,WE,Federal Contract Tower,8,26,18,2,54,0,51,28,0,79,8,77,46,2,133,0,0,0,133
04/08/2020,BET,AK,AAL,WE,Federal Contract Tower,13,3,0,0,16,0,152,24,0,176,13,155,24,0,192,6,0,6,198
04/09/2020,BET,AK,AAL,WE,Federal Contract Tower,12,19,0,0,31,0,7,0,0,7,12,26,0,0,38,0,0,0,38
04/10/2020,BET,AK,AAL,WE,Federal Contract Tower,12,2,1,0,15,2,196,27,0,225,14,198,28,0,240,0,0,0,240
04/11/2020,BET,AK,AAL,WE,Federal Contract Tower,7,5,0,0,12,0,60,7,0,67,7,65,7,0,79,0,0,0,79
04/12/2020,BET,AK,AAL,WE,Federal Contract Tower,4,0,0,0,4,0,0,3,2,5,4,0,3,2,9,0,0,0,9
04/13/2020,BET,AK,AAL,WE,Federal Contract Tower,7,19,0,2,28,1,127,14,2,144,8,146,14,4,172,0,0,0,172
04/14/2020,BET,AK,AAL,WE,Federal Contract Tower,6,11,4,0,21,0,65,10,1,76,6,76,14,1,97,0,0,0,97
04/15/2020,BET,AK,AAL,WE,Federal Contract Tower,7,11,1,0,19,0,7,2,0,9,7,18,3,0,28,0,0,0,28
04/16/2020,BET,AK,AAL,WE,Federal Contract Tower,8,6,2,0,16,0,92,32,0,124,8,98,34,0,140,0,0,0,140
04/17/2020,BET,AK,AAL,WE,Federal Contract Tower,15,20,6,0,41,0,68,26,0,94,15,88,32,0,135,0,0,0,135
04/18/2020,BET,AK,AAL,WE,Federal Contract Tower,7,5,0,0,12,0,67,24,0,91,7,72,24,0,103,0,0,0,103
04/19/2020,BET,AK,AAL,WE,Federal Contract Tower,6,4,0,0,10,0,0,0,0,0,6,4,0,0,10,0,0,0,10
04/20/2020,BET,AK,AAL,WE,Federal Contract Tower,6,23,8,0,37,0,54,19,0,73,6,77,27,0,110,0,0,0,110
04/21/2020,BET,AK,AAL,WE,Federal Contract Tower,5,3,4,0,12,0,199,51,0,250,5,202,55,0,262,0,0,0,262
04/22/2020,BET,AK,AAL,WE,Federal Contract Tower,10,1,2,0,13,0,191,36,0,227,10,192,38,0,240,6,0,6,246
04/23/2020,BET,AK,AAL,WE,Federal Contract Tower,10,6,0,0,16,0,153,38,1,192,10,159,38,1,208,0,0,0,208
04/24/2020,BET,AK,AAL,WE,Federal Contract Tower,7,2,2,0,11,0,138,46,1,185,7,140,48,1,196,10,0,10,206
04/25/2020,BET,AK,AAL,WE,Federal Contract Tower,10,2,0,0,12,0,116,56,0,172,10,118,56,0,184,0,0,0,184
04/26/2020,BET,AK,AAL,WE,Federal Contract Tower,3,2,0,0,5,1,25,86,0,112,4,27,86,0,117,0,0,0,117
04/27/2020,BET,AK,AAL,WE,Federal Contract Tower,14,7,0,0,21,0,171,49,0,220,14,178,49,0,241,10,0,10,251
04/28/2020,BET,AK,AAL,WE,Federal Contract Tower,8,7,4,0,19,1,152,75,2,230,9,159,79,2,249,4,0,4,253
04/29/2020,BET,AK,AAL,WE,Federal Contract Tower,9,2,0,0,11,0,150,48,0,198,9,152,48,0,209,6,0,6,215
04/30/2020,BET,AK,AAL,WE,Federal Contract Tower,8,2,1,2,13,0,196,42,0,238,8,198,43,2,251,5,0,5,256
05/01/2020,BET,AK,AAL,WE,Federal Contract Tower,8,20,3,0,31,0,128,27,2,157,8,148,30,2,188,10,0,10,198
05/02/2020,BET,AK,AAL,WE,Federal Contract Tower,9,4,0,0,13,0,140,49,0,189,9,144,49,0,202,10,0,10,212
05/03/2020,BET,AK,AAL,WE,Federal Contract Tower,4,2,0,0,6,0,90,18,0,108,4,92,18,0,114,0,0,0,114
05/04/2020,BET,AK,AAL,WE,Federal Contract Tower,9,0,0,2,11,0,184,27,0,211,9,184,27,2,222,4,0,4,226
05/05/2020,BET,AK,AAL,WE,Federal Contract Tower,9,9,6,0,24,1,135,66,2,204,10,144,72,2,228,0,0,0,228
05/06/2020,BET,AK,AAL,WE,Federal Contract Tower,8,2,0,0,10,1,152,81,2,236,9,154,81,2,246,2,0,2,248
05/07/2020,BET,AK,AAL,WE,Federal Contract Tower,12,4,0,0,16,0,142,51,1,194,12,146,51,1,210,0,0,0,210
05/08/2020,BET,AK,AAL,WE,Federal Contract Tower,9,2,7,0,18,0,127,43,0,170,9,129,50,0,188,2,0,2,190
05/09/2020,BET,AK,AAL,WE,Federal Contract Tower,16,2,0,0,18,0,107,74,0,181,16,109,74,0,199,4,0,4,203
05/10/2020,BET,AK,AAL,WE,Federal Contract Tower,4,4,0,0,8,0,32,21,0,53,4,36,21,0,61,0,0,0,61
05/11/2020,BET,AK,AAL,WE,Federal Contract Tower,11,5,0,0,16,0,152,19,2,173,11,157,19,2,189,0,0,0,189
05/12/2020,BET,AK,AAL,WE,Federal Contract Tower,7,23,13,0,43,0,112,76,0,188,7,135,89,0,231,4,0,4,235
05/13/2020,BET,AK,AAL,WE,Federal Contract Tower,5,0,3,0,8,0,138,71,0,209,5,138,74,0,217,12,0,12,229
05/14/2020,BET,AK,AAL,WE,Federal Contract Tower,11,0,0,0,11,0,154,45,2,201,11,154,45,2,212,10,0,10,222
05/15/2020,BET,AK,AAL,WE,Federal Contract Tower,13,5,2,0,20,0,136,39,0,175,13,141,41,0,195,0,0,0,195
05/17/2020,BET,AK,AAL,WE,Federal Contract Tower,4,3,0,0,7,0,26,16,0,42,4,29,16,0,49,4,0,4,53
05/18/2020,BET,AK,AAL,WE,Federal Contract Tower,9,7,0,0,16,0,168,36,1,205,9,175,36,1,221,8,0,8,229
05/19/2020,BET,AK,AAL,WE,Federal Contract Tower,5,19,3,0,27,0,114,40,0,154,5,133,43,0,181,4,4,8,189
05/20/2020,BET,AK,AAL,WE,Federal Contract Tower,7,15,0,0,22,0,112,39,0,151,7,127,39,0,173,2,0,2,175
05/21/2020,BET,AK,AAL,WE,Federal Contract Tower,6,10,0,0,16,0,155,47,1,203,6,165,47,1,219,2,0,2,221
05/22/2020,BET,AK,AAL,WE,Federal Contract Tower,9,13,0,0,22,0,161,56,0,217,9,174,56,0,239,0,0,0,239
05/23/2020,BET,AK,AAL,WE,Federal Contract Tower,11,7,0,0,18,0,119,43,0,162,11,126,43,0,180,10,0,10,190
05/24/2020,BET,AK,AAL,WE,Federal Contract Tower,4,1,0,0,5,0,40,16,0,56,4,41,16,0,61,6,0,6,67
05/26/2020,BET,AK,AAL,WE,Federal Contract Tower,6,5,2,0,13,0,142,24,2,168,6,147,26,2,181,0,0,0,181
05/27/2020,BET,AK,AAL,WE,Federal Contract Tower,11,1,2,0,14,0,139,28,0,167,11,140,30,0,181,2,0,2,183
05/30/2020,BET,AK,AAL,WE,Federal Contract Tower,11,2,0,0,13,0,120,36,0,156,11,122,36,0,169,0,0,0,169
05/31/2020,BET,AK,AAL,WE,Federal Contract Tower,4,3,0,0,7,0,42,18,0,60,4,45,18,0,67,13,0,13,80
06/01/2020,BET,AK,AAL,WE,Federal Contract Tower,6,1,1,0,8,0,155,24,2,181,6,156,25,2,189,2,0,2,191
06/02/2020,BET,AK,AAL,WE,Federal Contract Tower,7,4,0,2,13,0,145,31,0,176,7,149,31,2,189,0,0,0,189
06/03/2020,BET,AK,AAL,WE,Federal Contract Tower,5,32,4,0,41,0,68,22,0,90,5,100,26,0,131,0,0,0,131
06/04/2020,BET,AK,AAL,WE,Federal Contract Tower,17,40,7,2,66,0,86,23,0,109,17,126,30,2,175,2,0,2,177
06/05/2020,BET,AK,AAL,WE,Federal Contract Tower,11,14,0,0,25,0,155,33,0,188,11,169,33,0,213,2,0,2,215
06/06/2020,BET,AK,AAL,WE,Federal Contract Tower,11,13,0,0,24,1,118,46,0,165,12,131,46,0,189,0,0,0,189
06/07/2020,BET,AK,AAL,WE,Federal Contract Tower,6,12,10,0,28,0,13,12,0,25,6,25,22,0,53,0,0,0,53
06/08/2020,BET,AK,AAL,WE,Federal Contract Tower,10,16,0,0,26,0,133,19,0,152,10,149,19,0,178,0,0,0,178
06/09/2020,BET,AK,AAL,WE,Federal Contract Tower,9,5,7,0,21,130,40,0,0,170,139,45,7,0,191,0,0,0,191
06/10/2020,BET,AK,AAL,WE,Federal Contract Tower,14,7,6,0,27,0,158,63,1,222,14,165,69,1,249,4,0,4,253
06/11/2020,BET,AK,AAL,WE,Federal Contract Tower,10,7,1,0,18,0,168,27,0,195,10,175,28,0,213,0,0,0,213
06/12/2020,BET,AK,AAL,WE,Federal Contract Tower,11,5,0,0,16,0,138,31,0,169,11,143,31,0,185,0,0,0,185
06/13/2020,BET,AK,AAL,WE,Federal Contract Tower,10,2,0,0,12,0,131,28,0,159,10,133,28,0,171,0,0,0,171
06/14/2020,BET,AK,AAL,WE,Federal Contract Tower,8,4,0,0,12,0,38,21,0,59,8,42,21,0,71,2,0,2,73
06/15/2020,BET,AK,AAL,WE,Federal Contract Tower,9,5,0,0,14,0,153,40,2,195,9,158,40,2,209,0,0,0,209
06/16/2020,BET,AK,AAL,WE,Federal Contract Tower,10,5,2,0,17,0,162,38,6,206,10,167,40,6,223,2,0,2,225
06/17/2020,BET,AK,AAL,WE,Federal Contract Tower,9,4,0,0,13,0,132,32,0,164,9,136,32,0,177,0,0,0,177
06/18/2020,BET,AK,AAL,WE,Federal Contract Tower,12,6,0,0,18,0,194,57,0,251,12,200,57,0,269,0,0,0,269
06/19/2020,BET,AK,AAL,WE,Federal Contract Tower,11,3,0,0,14,0,157,37,2,196,11,160,37,2,210,2,0,2,212
06/21/2020,BET,AK,AAL,WE,Federal Contract Tower,10,9,1,0,20,0,68,23,0,91,10,77,24,0,111,2,0,2,113
06/22/2020,BET,AK,AAL,WE,Federal Contract Tower,12,6,3,2,23,0,146,22,4,172,12,152,25,6,195,0,0,0,195
06/23/2020,BET,AK,AAL,WE,Federal Contract Tower,9,21,8,2,40,0,130,18,0,148,9,151,26,2,188,0,0,0,188
06/24/2020,BET,AK,AAL,WE,Federal Contract Tower,11,76,6,2,95,0,48,13,0,61,11,124,19,2,156,0,0,0,156
06/25/2020,BET,AK,AAL,WE,Federal Contract Tower,11,10,0,0,21,0,167,42,0,209,11,177,42,0,230,0,0,0,230
06/26/2020,BET,AK,AAL,WE,Federal Contract Tower,13,12,0,0,25,0,158,38,0,196,13,170,38,0,221,0,0,0,221
06/27/2020,BET,AK,AAL,WE,Federal Contract Tower,13,18,1,0,32,0,95,22,0,117,13,113,23,0,149,0,0,0,149
06/28/2020,BET,AK,AAL,WE,Federal Contract Tower,6,16,1,0,23,0,78,15,0,93,6,94,16,0,116,0,0,0,116
06/29/2020,BET,AK,AAL,WE,Federal Contract Tower,8,7,3,0,18,0,160,32,2,194,8,167,35,2,212,10,0,10,222
06/30/2020,BET,AK,AAL,WE,Federal Contract Tower,7,7,4,4,22,0,152,22,0,174,7,159,26,4,196,0,0,0,196
07/01/2020,BET,AK,AAL,WE,Federal Contract Tower,15,30,5,0,50,0,106,20,0,126,15,136,25,0,176,0,0,0,176
07/02/2020,BET,AK,AAL,WE,Federal Contract Tower,4,43,16,0,63,0,45,5,0,50,4,88,21,0,113,0,0,0,113
07/03/2020,BET,AK,AAL,WE,Federal Contract Tower,9,9,0,0,18,0,111,54,0,165,9,120,54,0,183,0,0,0,183
07/04/2020,BET,AK,AAL,WE,Federal Contract Tower,5,4,0,0,9,1,15,38,0,54,6,19,38,0,63,28,0,28,91
07/05/2020,BET,AK,AAL,WE,Federal Contract Tower,6,21,3,0,30,0,30,3,0,33,6,51,6,0,63,0,0,0,63
07/06/2020,BET,AK,AAL,WE,Federal Contract Tower,10,29,3,0,42,0,108,38,0,146,10,137,41,0,188,0,0,0,188
07/07/2020,BET,AK,AAL,WE,Federal Contract Tower,11,21,3,0,35,0,120,42,0,162,11,141,45,0,197,0,0,0,197
07/08/2020,BET,AK,AAL,WE,Federal Contract Tower,9,40,9,0,58,0,48,24,0,72,9,88,33,0,130,0,0,0,130
07/09/2020,BET,AK,AAL,WE,Federal Contract Tower,13,22,7,0,42,0,99,24,0,123,13,121,31,0,165,0,0,0,165
07/10/2020,BET,AK,AAL,WE,Federal Contract Tower,6,23,6,0,35,0,91,38,0,129,6,114,44,0,164,0,0,0,164
07/11/2020,BET,AK,AAL,WE,Federal Contract Tower,11,0,0,0,11,0,123,46,0,169,11,123,46,0,180,0,0,0,180
07/12/2020,BET,AK,AAL,WE,Federal Contract Tower,6,8,0,0,14,0,130,38,0,168,6,138,38,0,182,0,0,0,182
07/13/2020,BET,AK,AAL,WE,Federal Contract Tower,10,18,5,2,35,0,124,36,0,160,10,142,41,2,195,2,0,2,197
07/14/2020,BET,AK,AAL,WE,Federal Contract Tower,8,16,6,0,30,0,150,50,0,200,8,166,56,0,230,14,0,14,244
07/15/2020,BET,AK,AAL,WE,Federal Contract Tower,10,2,1,0,13,0,141,40,4,185,10,143,41,4,198,13,0,13,211
07/16/2020,BET,AK,AAL,WE,Federal Contract Tower,9,5,0,0,14,1,202,49,2,254,10,207,49,2,268,0,0,0,268
07/17/2020,BET,AK,AAL,WE,Federal Contract Tower,9,6,0,0,15,0,160,54,0,214,9,166,54,0,229,2,0,2,231
07/18/2020,BET,AK,AAL,WE,Federal Contract Tower,16,24,3,0,43,0,123,31,0,154,16,147,34,0,197,16,0,16,213
07/19/2020,BET,AK,AAL,WE,Federal Contract Tower,6,0,0,0,6,0,90,16,0,106,6,90,16,0,112,10,0,10,122
07/20/2020,BET,AK,AAL,WE,Federal Contract Tower,9,8,1,0,18,0,176,49,0,225,9,184,50,0,243,2,0,2,245
07/21/2020,BET,AK,AAL,WE,Federal Contract Tower,11,23,9,2,45,0,76,29,0,105,11,99,38,2,150,8,0,8,158
07/22/2020,BET,AK,AAL,WE,Federal Contract Tower,12,2,4,0,18,1,169,43,2,215,13,171,47,2,233,16,0,16,249
07/23/2020,BET,AK,AAL,WE,Federal Contract Tower,15,5,0,2,22,0,141,42,0,183,15,146,42,2,205,2,0,2,207
07/24/2020,BET,AK,AAL,WE,Federal Contract Tower,12,41,7,0,60,0,99,23,1,123,12,140,30,1,183,2,0,2,185
07/25/2020,BET,AK,AAL,WE,Federal Contract Tower,12,15,5,0,32,2,140,38,0,180,14,155,43,0,212,0,0,0,212
07/27/2020,BET,AK,AAL,WE,Federal Contract Tower,13,7,1,0,21,0,142,44,6,192,13,149,45,6,213,8,0,8,221
07/28/2020,BET,AK,AAL,WE,Federal Contract Tower,11,9,2,0,22,0,165,41,1,207,11,174,43,1,229,0,0,0,229
07/29/2020,BET,AK,AAL,WE,Federal Contract Tower,9,5,0,0,14,0,164,39,0,203,9,169,39,0,217,0,0,0,217
07/30/2020,BET,AK,AAL,WE,Federal Contract Tower,8,35,8,0,51,0,87,15,0,102,8,122,23,0,153,4,0,4,157
07/31/2020,BET,AK,AAL,WE,Federal Contract Tower,10,7,0,0,17,0,159,29,0,188,10,166,29,0,205,0,0,0,205
08/01/2020,BET,AK,AAL,WE,Federal Contract Tower,10,2,3,0,15,0,137,43,0,180,10,139,46,0,195,0,0,0,195
08/02/2020,BET,AK,AAL,WE,Federal Contract Tower,6,8,0,0,14,0,149,15,0,164,6,157,15,0,178,2,0,2,180
08/03/2020,BET,AK,AAL,WE,Federal Contract Tower,7,3,0,0,10,0,170,56,0,226,7,173,56,0,236,0,0,0,236
08/04/2020,BET,AK,AAL,WE,Federal Contract Tower,13,62,23,0,98,0,26,13,0,39,13,88,36,0,137,0,0,0,137
08/05/2020,BET,AK,AAL,WE,Federal Contract Tower,13,3,5,0,21,8,174,46,0,228,21,177,51,0,249,0,0,0,249
08/06/2020,BET,AK,AAL,WE,Federal Contract Tower,13,8,0,0,21,0,178,41,0,219,13,186,41,0,240,2,0,2,242
08/07/2020,BET,AK,AAL,WE,Federal Contract Tower,14,38,7,0,59,0,85,18,0,103,14,123,25,0,162,0,0,0,162
08/08/2020,BET,AK,AAL,WE,Federal Contract Tower,10,5,0,0,15,0,141,32,0,173,10,146,32,0,188,0,0,0,188
08/09/2020,BET,AK,AAL,WE,Federal Contract Tower,4,35,3,0,42,0,108,20,0,128,4,143,23,0,170,2,0,2,172
08/10/2020,BET,AK,AAL,WE,Federal Contract Tower,11,27,4,0,42,0,110,23,0,133,11,137,27,0,175,0,0,0,175
08/11/2020,BET,AK,AAL,WE,Federal Contract Tower,11,13,2,0,26,2,110,28,0,140,13,123,30,0,166,0,0,0,166
08/12/2020,BET,AK,AAL,WE,Federal Contract Tower,16,4,0,0,20,0,240,38,0,278,16,244,38,0,298,0,0,0,298
08/13/2020,BET,AK,AAL,WE,Federal Contract Tower,12,3,1,0,16,0,180,37,0,217,12,183,38,0,233,10,0,10,243
08/14/2020,BET,AK,AAL,WE,Federal Contract Tower,7,4,0,0,11,0,166,33,0,199,7,170,33,0,210,0,0,0,210
08/15/2020,BET,AK,AAL,WE,Federal Contract Tower,9,13,1,0,23,0,135,21,0,156,9,148,22,0,179,0,0,0,179
08/16/2020,BET,AK,AAL,WE,Federal Contract Tower,6,1,0,0,7,0,75,17,0,92,6,76,17,0,99,0,0,0,99
08/17/2020,BET,AK,AAL,WE,Federal Contract Tower,12,6,2,1,21,0,143,35,2,180,12,149,37,3,201,8,0,8,209
08/18/2020,BET,AK,AAL,WE,Federal Contract Tower,10,4,3,0,17,1,155,44,1,201,11,159,47,1,218,10,0,10,228
08/19/2020,BET,AK,AAL,WE,Federal Contract Tower,7,9,2,1,19,0,187,43,0,230,7,196,45,1,249,0,0,0,249
08/20/2020,BET,AK,AAL,WE,Federal Contract Tower,17,28,4,0,49,0,150,47,0,197,17,178,51,0,246,4,0,4,250
08/22/2020,BET,AK,AAL,WE,Federal Contract Tower,15,32,9,0,56,0,82,33,0,115,15,114,42,0,171,2,0,2,173
08/23/2020,BET,AK,AAL,WE,Federal Contract Tower,8,16,0,0,24,0,126,34,0,160,8,142,34,0,184,0,0,0,184
08/24/2020,BET,AK,AAL,WE,Federal Contract Tower,7,36,6,0,49,0,155,40,0,195,7,191,46,0,244,0,0,0,244
08/25/2020,BET,AK,AAL,WE,Federal Contract Tower,7,5,1,0,13,0,171,55,0,226,7,176,56,0,239,0,0,0,239
08/26/2020,BET,AK,AAL,WE,Federal Contract Tower,6,8,1,0,15,2,174,40,0,216,8,182,41,0,231,2,0,2,233
08/27/2020,BET,AK,AAL,WE,Federal Contract Tower,8,3,2,0,13,0,135,27,0,162,8,138,29,0,175,0,0,0,175
08/28/2020,BET,AK,AAL,WE,Federal Contract Tower,9,19,1,0,29,0,158,33,0,191,9,177,34,0,220,5,0,5,225
08/29/2020,BET,AK,AAL,WE,Federal Contract Tower,11,8,0,0,19,0,130,27,0,157,11,138,27,0,176,0,0,0,176
08/31/2020,BET,AK,AAL,WE,Federal Contract Tower,5,6,0,0,11,0,180,38,0,218,5,186,38,0,229,2,0,2,231
09/01/2020,BET,AK,AAL,WE,Federal Contract Tower,8,6,2,0,16,0,144,28,0,172,8,150,30,0,188,2,0,2,190
09/02/2020,BET,AK,AAL,WE,Federal Contract Tower,7,6,2,0,15,0,159,41,0,200,7,165,43,0,215,10,0,10,225
09/03/2020,BET,AK,AAL,WE,Federal Contract Tower,8,3,1,0,12,0,160,24,0,184,8,163,25,0,196,0,0,0,196
09/04/2020,BET,AK,AAL,WE,Federal Contract Tower,7,4,0,0,11,0,169,23,0,192,7,173,23,0,203,2,0,2,205
09/05/2020,BET,AK,AAL,WE,Federal Contract Tower,11,5,0,0,16,0,174,31,0,205,11,179,31,0,221,0,0,0,221
09/06/2020,BET,AK,AAL,WE,Federal Contract Tower,3,3,2,0,8,1,33,8,0,42,4,36,10,0,50,0,0,0,50
09/07/2020,BET,AK,AAL,WE,Federal Contract Tower,4,37,4,0,45,0,7,1,0,8,4,44,5,0,53,0,0,0,53
09/08/2020,BET,AK,AAL,WE,Federal Contract Tower,5,16,0,0,21,0,119,26,0,145,5,135,26,0,166,2,0,2,168
09/09/2020,BET,AK,AAL,WE,Federal Contract Tower,9,4,4,0,17,0,178,46,0,224,9,182,50,0,241,0,0,0,241
09/11/2020,BET,AK,AAL,WE,Federal Contract Tower,6,0,0,0,6,0,190,27,0,217,6,190,27,0,223,0,0,0,223
09/12/2020,BET,AK,AAL,WE,Federal Contract Tower,15,7,1,0,23,0,135,34,0,169,15,142,35,0,192,0,0,0,192
09/13/2020,BET,AK,AAL,WE,Federal Contract Tower,6,3,0,0,9,0,102,20,0,122,6,105,20,0,131,0,0,0,131
09/14/2020,BET,AK,AAL,WE,Federal Contract Tower,10,19,1,0,30,0,103,26,0,129,10,122,27,0,159,0,0,0,159
09/15/2020,BET,AK,AAL,WE,Federal Contract Tower,7,7,2,0,16,0,205,30,0,235,7,212,32,0,251,0,0,0,251
09/16/2020,BET,AK,AAL,WE,Federal Contract Tower,7,14,4,0,25,0,188,38,0,226,7,202,42,0,251,0,0,0,251
09/17/2020,BET,AK,AAL,WE,Federal Contract Tower,10,27,2,1,40,1,133,22,0,156,11,160,24,1,196,0,0,0,196
09/18/2020,BET,AK,AAL,WE,Federal Contract Tower,7,14,0,0,21,0,195,28,0,223,7,209,28,0,244,0,0,0,244
09/19/2020,BET,AK,AAL,WE,Federal Contract Tower,16,7,0,0,23,0,161,33,0,194,16,168,33,0,217,0,0,0,217
09/20/2020,BET,AK,AAL,WE,Federal Contract Tower,6,4,0,0,10,0,143,22,0,165,6,147,22,0,175,0,0,0,175
09/21/2020,BET,AK,AAL,WE,Federal Contract Tower,12,7,0,0,19,0,142,44,0,186,12,149,44,0,205,24,0,24,229
09/22/2020,BET,AK,AAL,WE,Federal Contract Tower,9,2,0,0,11,0,215,43,2,260,9,217,43,2,271,0,0,0,271
09/23/2020,BET,AK,AAL,WE,Federal Contract Tower,11,12,0,1,24,2,178,48,0,228,13,190,48,1,252,0,0,0,252
09/24/2020,BET,AK,AAL,WE,Federal Contract Tower,13,14,0,0,27,0,171,52,0,223,13,185,52,0,250,0,0,0,250
09/25/2020,BET,AK,AAL,WE,Federal Contract Tower,6,10,0,2,18,0,174,26,0,200,6,184,26,2,218,2,0,2,220
09/26/2020,BET,AK,AAL,WE,Federal Contract Tower,12,24,1,0,37,0,124,38,0,162,12,148,39,0,199,0,0,0,199
09/27/2020,BET,AK,AAL,WE,Federal Contract Tower,6,6,1,0,13,0,93,35,0,128,6,99,36,0,141,0,0,0,141
09/28/2020,BET,AK,AAL,WE,Federal Contract Tower,9,7,0,0,16,0,122,44,2,168,9,129,44,2,184,0,0,0,184
09/29/2020,BET,AK,AAL,WE,Federal Contract Tower,16,12,0,0,28,0,151,30,0,181,16,163,30,0,209,8,0,8,217
09/30/2020,BET,AK,AAL,WE,Federal Contract Tower,12,6,0,0,18,0,170,23,0,193,12,176,23,0,211,0,0,0,211
10/01/2020,BET,AK,AAL,WE,Federal Contract Tower,17,7,0,1,25,0,158,25,0,183,17,165,25,1,208,4,0,4,212
10/02/2020,BET,AK,AAL,WE,Federal Contract Tower,6,4,2,0,12,0,160,18,0,178,6,164,20,0,190,0,0,0,190
10/03/2020,BET,AK,AAL,WE,Federal Contract Tower,9,12,3,0,24,0,68,18,0,86,9,80,21,0,110,0,0,0,110
10/04/2020,BET,AK,AAL,WE,Federal Contract Tower,4,14,0,0,18,0,119,27,0,146,4,133,27,0,164,0,0,0,164
10/05/2020,BET,AK,AAL,WE,Federal Contract Tower,8,38,2,0,48,0,92,20,0,112,8,130,22,0,160,0,0,0,160
10/06/2020,BET,AK,AAL,WE,Federal Contract Tower,14,5,0,2,21,0,191,26,0,217,14,196,26,2,238,6,0,6,244
10/07/2020,BET,AK,AAL,WE,Federal Contract Tower,11,1,7,0,19,0,6,12,4,22,11,7,19,4,41,0,0,0,41
10/08/2020,BET,AK,AAL,WE,Federal Contract Tower,7,9,1,0,17,0,180,44,0,224,7,189,45,0,241,6,0,6,247
10/09/2020,BET,AK,AAL,WE,Federal Contract Tower,13,11,0,0,24,0,205,31,0,236,13,216,31,0,260,8,0,8,268
10/10/2020,BET,AK,AAL,WE,Federal Contract Tower,8,19,1,0,28,0,122,28,0,150,8,141,29,0,178,10,0,10,188
10/11/2020,BET,AK,AAL,WE,Federal Contract Tower,8,13,2,0,23,0,92,5,0,97,8,105,7,0,120,6,0,6,126
10/13/2020,BET,AK,AAL,WE,Federal Contract Tower,7,1,0,2,10,0,175,37,0,212,7,176,37,2,222,32,0,32,254
10/14/2020,BET,AK,AAL,WE,Federal Contract Tower,5,8,1,0,14,0,185,36,0,221,5,193,37,0,235,6,0,6,241
10/15/2020,BET,AK,AAL,WE,Federal Contract Tower,12,10,0,0,22,0,170,28,1,199,12,180,28,1,221,24,0,24,245
10/16/2020,BET,AK,AAL,WE,Federal Contract Tower,13,2,0,0,15,0,161,20,1,182,13,163,20,1,197,30,0,30,227
10/17/2020,BET,AK,AAL,WE,Federal Contract Tower,10,10,0,0,20,0,105,28,0,133,10,115,28,0,153,8,0,8,161
10/18/2020,BET,AK,AAL,WE,Federal Contract Tower,9,4,0,0,13,0,97,28,0,125,9,101,28,0,138,8,0,8,146
10/19/2020,BET,AK,AAL,WE,Federal Contract Tower,11,20,6,0,37,0,4,6,0,10,11,24,12,0,47,0,0,0,47
10/20/2020,BET,AK,AAL,WE,Federal Contract Tower,11,9,0,0,20,0,202,32,0,234,11,211,32,0,254,98,0,98,352
10/21/2020,BET,AK,AAL,WE,Federal Contract Tower,10,15,7,0,32,0,146,21,0,167,10,161,28,0,199,6,0,6,205
10/22/2020,BET,AK,AAL,WE,Federal Contract Tower,12,0,0,0,12,0,177,29,0,206,12,177,29,0,218,26,0,26,244
10/23/2020,BET,AK,AAL,WE,Federal Contract Tower,14,0,0,0,14,0,172,21,0,193,14,172,21,0,207,16,0,16,223
10/24/2020,BET,AK,AAL,WE,Federal Contract Tower,10,15,0,0,25,0,124,14,0,138,10,139,14,0,163,6,0,6,169
10/25/2020,BET,AK,AAL,WE,Federal Contract Tower,8,8,3,0,19,0,42,13,0,55,8,50,16,0,74,0,0,0,74
10/26/2020,BET,AK,AAL,WE,Federal Contract Tower,10,40,3,0,53,0,0,0,0,0,10,40,3,0,53,0,0,0,53
10/27/2020,BET,AK,AAL,WE,Federal Contract Tower,7,5,1,0,13,0,220,39,2,261,7,225,40,2,274,0,0,0,274
10/28/2020,BET,AK,AAL,WE,Federal Contract Tower,7,15,0,0,22,0,163,28,0,191,7,178,28,0,213,10,0,10,223
10/29/2020,BET,AK,AAL,WE,Federal Contract Tower,9,8,4,2,23,0,99,25,0,124,9,107,29,2,147,8,0,8,155
10/30/2020,BET,AK,AAL,WE,Federal Contract Tower,11,39,6,0,56,0,6,7,0,13,11,45,13,0,69,0,0,0,69
10/31/2020,BET,AK,AAL,WE,Federal Contract Tower,8,4,0,0,12,0,63,85,1,149,8,67,85,1,161,10,0,10,171
11/01/2020,BET,AK,AAL,WE,Federal Contract Tower,7,8,2,0,17,0,79,36,0,115,7,87,38,0,132,0,0,0,132
11/02/2020,BET,AK,AAL,WE,Federal Contract Tower,13,1,0,0,14,0,164,74,1,239,13,165,74,1,253,24,0,24,277
11/03/2020,BET,AK,AAL,WE,Federal Contract Tower,3,12,4,2,21,0,4,20,1,25,3,16,24,3,46,0,0,0,46
11/04/2020,BET,AK,AAL,WE,Federal Contract Tower,10,8,0,0,18,0,185,100,0,285,10,193,100,0,303,0,0,0,303
11/05/2020,BET,AK,AAL,WE,Federal Contract Tower,2,4,0,0,6,0,0,10,0,10,2,4,10,0,16,0,0,0,16
11/07/2020,BET,AK,AAL,WE,Federal Contract Tower,5,18,4,0,27,0,85,35,0,120,5,103,39,0,147,6,0,6,153
11/08/2020,BET,AK,AAL,WE,Federal Contract Tower,2,14,0,0,16,0,108,36,0,144,2,122,36,0,160,0,0,0,160
11/09/2020,BET,AK,AAL,WE,Federal Contract Tower,6,12,3,0,21,0,18,20,0,38,6,30,23,0,59,0,0,0,59
11/10/2020,BET,AK,AAL,WE,Federal Contract Tower,5,5,1,0,11,0,126,98,0,224,5,131,99,0,235,0,0,0,235
11/11/2020,BET,AK,AAL,WE,Federal Contract Tower,15,3,1,0,19,0,150,89,0,239,15,153,90,0,258,10,0,10,268
11/12/2020,BET,AK,AAL,WE,Federal Contract Tower,12,14,2,0,28,0,130,39,0,169,12,144,41,0,197,6,0,6,203
11/13/2020,BET,AK,AAL,WE,Federal Contract Tower,5,8,2,0,15,0,183,125,0,308,5,191,127,0,323,4,0,4,327
11/14/2020,BET,AK,AAL,WE,Federal Contract Tower,4,7,0,0,11,0,145,33,0,178,4,152,33,0,189,0,0,0,189
11/15/2020,BET,AK,AAL,WE,Federal Contract Tower,4,6,0,0,10,0,176,44,0,220,4,182,44,0,230,0,0,0,230
11/17/2020,BET,AK,AAL,WE,Federal Contract Tower,5,6,6,0,17,0,73,57,0,130,5,79,63,0,147,0,0,0,147
11/18/2020,BET,AK,AAL,WE,Federal Contract Tower,7,12,4,0,23,0,65,48,0,113,7,77,52,0,136,0,0,0,136
11/19/2020,BET,AK,AAL,WE,Federal Contract Tower,13,13,4,0,30,0,144,76,0,220,13,157,80,0,250,30,0,30,280
11/20/2020,BET,AK,AAL,WE,Federal Contract Tower,5,0,0,0,5,0,57,31,0,88,5,57,31,0,93,0,0,0,93
11/21/2020,BET,AK,AAL,WE,Federal Contract Tower,7,23,4,0,34,0,179,66,0,245,7,202,70,0,279,6,0,6,285
11/22/2020,BET,AK,AAL,WE,Federal Contract Tower,6,4,0,0,10,0,180,44,0,224,6,184,44,0,234,0,0,0,234
11/23/2020,BET,AK,AAL,WE,Federal Contract Tower,6,36,8,0,50,0,119,52,0,171,6,155,60,0,221,4,0,4,225
11/24/2020,BET,AK,AAL,WE,Federal Contract Tower,4,6,0,0,10,0,1,0,0,1,4,7,0,0,11,0,0,0,11
11/25/2020,BET,AK,AAL,WE,Federal Contract Tower,16,4,0,0,20,0,210,68,0,278,16,214,68,0,298,0,0,0,298
11/26/2020,BET,AK,AAL,WE,Federal Contract Tower,0,2,0,0,2,0,0,0,0,0,0,2,0,0,2,0,0,0,2
11/27/2020,BET,AK,AAL,WE,Federal Contract Tower,11,9,1,0,21,0,154,38,0,192,11,163,39,0,213,0,0,0,213
11/28/2020,BET,AK,AAL,WE,Federal Contract Tower,10,3,0,0,13,146,36,0,0,182,156,39,0,0,195,0,0,0,195
11/29/2020,BET,AK,AAL,WE,Federal Contract Tower,8,2,0,0,10,0,154,24,0,178,8,156,24,0,188,0,0,0,188
11/30/2020,BET,AK,AAL,WE,Federal Contract Tower,9,34,5,0,48,0,79,13,0,92,9,113,18,0,140,10,0,10,150
12/01/2020,BET,AK,AAL,WE,Federal Contract Tower,11,20,14,0,45,0,0,0,0,0,11,20,14,0,45,0,0,0,45
12/02/2020,BET,AK,AAL,WE,Federal Contract Tower,10,3,0,0,13,0,182,126,0,308,10,185,126,0,321,10,0,10,331
12/03/2020,BET,AK,AAL,WE,Federal Contract Tower,11,7,2,0,20,1,180,104,0,285,12,187,106,0,305,6,0,6,311
12/04/2020,BET,AK,AAL,WE,Federal Contract Tower,11,16,0,0,27,0,90,56,0,146,11,106,56,0,173,0,0,0,173
12/05/2020,BET,AK,AAL,WE,Federal Contract Tower,9,5,0,0,14,0,133,61,0,194,9,138,61,0,208,0,0,0,208
12/06/2020,BET,AK,AAL,WE,Federal Contract Tower,4,2,0,0,6,0,0,0,0,0,4,2,0,0,6,0,0,0,6
12/07/2020,BET,AK,AAL,WE,Federal Contract Tower,4,11,1,0,16,0,0,0,0,0,4,11,1,0,16,0,0,0,16
12/08/2020,BET,AK,AAL,WE,Federal Contract Tower,11,24,3,0,38,0,100,37,0,137,11,124,40,0,175,0,0,0,175
12/09/2020,BET,AK,AAL,WE,Federal Contract Tower,7,1,0,0,8,0,220,98,0,318,7,221,98,0,326,8,0,8,334
12/10/2020,BET,AK,AAL,WE,Federal Contract Tower,8,1,0,0,9,0,176,57,0,233,8,177,57,0,242,0,0,0,242
12/11/2020,BET,AK,AAL,WE,Federal Contract Tower,0,161,21,0,182,4,5,0,0,9,4,166,21,0,191,8,0,8,199
12/12/2020,BET,AK,AAL,WE,Federal Contract Tower,10,4,0,0,14,0,55,16,0,71,10,59,16,0,85,4,0,4,89
12/13/2020,BET,AK,AAL,WE,Federal Contract Tower,7,11,0,0,18,96,24,0,0,120,103,35,0,0,138,0,0,0,138
12/14/2020,BET,AK,AAL,WE,Federal Contract Tower,9,20,2,0,31,0,51,19,0,70,9,71,21,0,101,0,0,0,101
12/15/2020,BET,AK,AAL,WE,Federal Contract Tower,16,15,7,2,40,0,25,49,0,74,16,40,56,2,114,0,0,0,114
12/16/2020,BET,AK,AAL,WE,Federal Contract Tower,9,8,1,0,18,0,156,64,0,220,9,164,65,0,238,0,0,0,238
12/17/2020,BET,AK,AAL,WE,Federal Contract Tower,7,3,0,0,10,0,208,92,0,300,7,211,92,0,310,4,0,4,314
12/18/2020,BET,AK,AAL,WE,Federal Contract Tower,10,47,3,0,60,0,48,39,0,87,10,95,42,0,147,0,0,0,147
12/19/2020,BET,AK,AAL,WE,Federal Contract Tower,6,2,1,0,9,0,200,101,0,301,6,202,102,0,310,0,0,0,310
12/20/2020,BET,AK,AAL,WE,Federal Contract Tower,12,13,4,0,29,0,101,19,0,120,12,114,23,0,149,0,0,0,149
12/21/2020,BET,AK,AAL,WE,Federal Contract Tower,11,2,2,0,15,0,65,75,1,141,11,67,77,1,156,0,0,0,156
12/22/2020,BET,AK,AAL,WE,Federal Contract Tower,8,9,2,0,19,0,58,18,0,76,8,67,20,0,95,0,0,0,95
12/23/2020,BET,AK,AAL,WE,Federal Contract Tower,5,7,1,0,13,0,127,43,2,172,5,134,44,2,185,4,0,4,189
12/24/2020,BET,AK,AAL,WE,Federal Contract Tower,11,6,1,0,18,0,140,39,0,179,11,146,40,0,197,0,0,0,197
12/25/2020,BET,AK,AAL,WE,Federal Contract Tower,0,1,0,0,1,0,1,2,0,3,0,2,2,0,4,0,0,0,4
12/26/2020,BET,AK,AAL,WE,Federal Contract Tower,9,6,4,0,19,0,0,0,0,0,9,6,4,0,19,0,0,0,19
12/27/2020,BET,AK,AAL,WE,Federal Contract Tower,5,2,0,0,7,0,1,60,8,69,5,3,60,8,76,0,0,0,76
12/28/2020,BET,AK,AAL,WE,Federal Contract Tower,12,2,0,0,14,0,173,49,0,222,12,175,49,0,236,8,0,8,244
12/29/2020,BET,AK,AAL,WE,Federal Contract Tower,10,7,0,0,17,0,147,25,0,172,10,154,25,0,189,0,0,0,189
12/30/2020,BET,AK,AAL,WE,Federal Contract Tower,9,15,0,0,24,0,95,20,0,115,9,110,20,0,139,0,0,0,139
12/31/2020,BET,AK,AAL,WE,Federal Contract Tower,13,6,0,0,19,0,112,25,0,137,13,118,25,0,156,4,0,4,160
01/01/2021,BET,AK,AAL,WE,Federal Contract Tower,3,1,1,0,5,0,7,18,0,25,3,8,19,0,30,0,0,0,30
01/02/2021,BET,AK,AAL,WE,Federal Contract Tower,4,1,3,0,8,0,169,39,0,208,4,170,42,0,216,0,0,0,216
01/03/2021,BET,AK,AAL,WE,Federal Contract Tower,6,14,2,0,22,0,138,33,0,171,6,152,35,0,193,0,0,0,193
01/04/2021,BET,AK,AAL,WE,Federal Contract Tower,8,4,0,0,12,0,177,31,0,208,8,181,31,0,220,4,0,4,224
01/05/2021,BET,AK,AAL,WE,Federal Contract Tower,12,2,1,0,15,0,181,32,2,215,12,183,33,2,230,8,0,8,238
01/08/2021,BET,AK,AAL,WE,Federal Contract Tower,8,15,0,0,23,0,128,29,0,157,8,143,29,0,180,28,0,28,208
01/09/2021,BET,AK,AAL,WE,Federal Contract Tower,7,6,3,0,16,0,108,25,0,133,7,114,28,0,149,0,0,0,149
01/10/2021,BET,AK,AAL,WE,Federal Contract Tower,11,8,0,0,19,0,55,10,0,65,11,63,10,0,84,8,0,8,92
01/11/2021,BET,AK,AAL,WE,Federal Contract Tower,7,8,0,0,15,0,198,22,0,220,7,206,22,0,235,6,0,6,241
01/12/2021,BET,AK,AAL,WE,Federal Contract Tower,19,70,6,0,95,0,0,0,0,0,19,70,6,0,95,0,0,0,95
01/13/2021,BET,AK,AAL,WE,Federal Contract Tower,3,19,0,0,22,0,7,2,0,9,3,26,2,0,31,0,0,0,31
01/14/2021,BET,AK,AAL,WE,Federal Contract Tower,9,16,0,0,25,1,208,46,0,255,10,224,46,0,280,14,0,14,294
01/15/2021,BET,AK,AAL,WE,Federal Contract Tower,4,14,0,0,18,0,169,35,0,204,4,183,35,0,222,0,0,0,222
01/16/2021,BET,AK,AAL,WE,Federal Contract Tower,5,24,1,0,30,0,12,3,0,15,5,36,4,0,45,0,0,0,45
01/17/2021,BET,AK,AAL,WE,Federal Contract Tower,8,19,4,0,31,0,63,23,0,86,8,82,27,0,117,0,0,0,117
01/18/2021,BET,AK,AAL,WE,Federal Contract Tower,9,11,4,0,24,0,18,14,0,32,9,29,18,0,56,4,0,4,60
01/19/2021,BET,AK,AAL,WE,Federal Contract Tower,9,17,7,0,33,0,112,33,0,145,9,129,40,0,178,0,0,0,178
01/20/2021,BET,AK,AAL,WE,Federal Contract Tower,6,4,4,0,14,0,80,30,0,110,6,84,34,0,124,0,0,0,124
01/21/2021,BET,AK,AAL,WE,Federal Contract Tower,18,6,1,0,25,0,87,21,0,108,18,93,22,0,133,0,0,0,133
01/22/2021,BET,AK,AAL,WE,Federal Contract Tower,10,4,1,2,17,1,37,9,0,47,11,41,10,2,64,10,0,10,74
01/23/2021,BET,AK,AAL,WE,Federal Contract Tower,8,21,2,0,31,0,76,21,0,97,8,97,23,0,128,12,0,12,140
01/24/2021,BET,AK,AAL,WE,Federal Contract Tower,4,27,1,0,32,0,0,0,0,0,4,27,1,0,32,0,0,0,32
01/25/2021,BET,AK,AAL,WE,Federal Contract Tower,4,9,0,0,13,0,202,69,0,271,4,211,69,0,284,4,0,4,288
01/26/2021,BET,AK,AAL,WE,Federal Contract Tower,6,4,0,0,10,0,83,30,0,113,6,87,30,0,123,0,0,0,123
01/27/2021,BET,AK,AAL,WE,Federal Contract Tower,6,11,3,0,20,0,107,23,0,130,6,118,26,0,150,2,0,2,152
01/28/2021,BET,AK,AAL,WE,Federal Contract Tower,6,16,9,0,31,0,12,5,0,17,6,28,14,0,48,0,0,0,48
01/29/2021,BET,AK,AAL,WE,Federal Contract Tower,8,7,0,0,15,0,158,38,0,196,8,165,38,0,211,0,0,0,211
01/30/2021,BET,AK,AAL,WE,Federal Contract Tower,4,4,0,0,8,0,182,45,0,227,4,186,45,0,235,14,0,14,249
01/31/2021,BET,AK,AAL,WE,Federal Contract Tower,10,4,0,0,14,0,173,35,0,208,10,177,35,0,222,4,0,4,226
02/01/2021,BET,AK,AAL,WE,Federal Contract Tower,5,9,0,0,14,0,23,2,0,25,5,32,2,0,39,0,0,0,39
02/02/2021,BET,AK,AAL,WE,Federal Contract Tower,8,5,2,0,15,0,0,0,0,0,8,5,2,0,15,0,0,0,15
02/03/2021,BET,AK,AAL,WE,Federal Contract Tower,4,27,2,0,33,0,0,0,0,0,4,27,2,0,33,0,0,0,33
02/04/2021,BET,AK,AAL,WE,Federal Contract Tower,16,8,0,0,24,0,169,54,0,223,16,177,54,0,247,16,0,16,263
02/05/2021,BET,AK,AAL,WE,Federal Contract Tower,5,12,5,0,22,0,130,25,0,155,5,142,30,0,177,2,0,2,179
02/08/2021,BET,AK,AAL,WE,Federal Contract Tower,6,7,0,0,13,0,150,30,0,180,6,157,30,0,193,8,0,8,201
02/09/2021,BET,AK,AAL,WE,Federal Contract Tower,10,7,0,0,17,0,124,19,0,143,10,131,19,0,160,0,0,0,160
02/10/2021,BET,AK,AAL,WE,Federal Contract Tower,5,45,7,0,57,0,0,0,0,0,5,45,7,0,57,0,0,0,57
02/11/2021,BET,AK,AAL,WE,Federal Contract Tower,9,8,5,0,22,0,54,7,0,61,9,62,12,0,83,0,0,0,83
02/12/2021,BET,AK,AAL,WE,Federal Contract Tower,10,3,0,0,13,0,145,23,0,168,10,148,23,0,181,4,0,4,185
02/13/2021,BET,AK,AAL,WE,Federal Contract Tower,8,6,0,0,14,0,188,61,0,249,8,194,61,0,263,0,0,0,263
02/14/2021,BET,AK,AAL,WE,Federal Contract Tower,12,13,0,0,25,0,134,33,0,167,12,147,33,0,192,10,0,10,202
02/15/2021,BET,AK,AAL,WE,Federal Contract Tower,15,11,2,0,28,0,165,51,0,216,15,176,53,0,244,6,0,6,250
02/16/2021,BET,AK,AAL,WE,Federal Contract Tower,13,12,2,1,28,0,136,27,0,163,13,148,29,1,191,0,0,0,191
02/17/2021,BET,AK,AAL,WE,Federal Contract Tower,1,27,12,0,40,0,0,0,0,0,1,27,12,0,40,0,0,0,40
02/18/2021,BET,AK,AAL,WE,Federal Contract Tower,14,5,0,1,20,0,196,50,4,250,14,201,50,5,270,0,10,10,280
02/19/2021,BET,AK,AAL,WE,Federal Contract Tower,7,0,0,0,7,0,188,37,0,225,7,188,37,0,232,0,0,0,232
02/20/2021,BET,AK,AAL,WE,Federal Contract Tower,8,2,0,0,10,1,201,31,0,233,9,203,31,0,243,0,0,0,243
02/21/2021,BET,AK,AAL,WE,Federal Contract Tower,0,228,22,0,250,5,5,0,0,10,5,233,22,0,260,8,0,8,268
02/22/2021,BET,AK,AAL,WE,Federal Contract Tower,12,10,0,0,22,0,183,41,0,224,12,193,41,0,246,0,0,0,246
02/23/2021,BET,AK,AAL,WE,Federal Contract Tower,11,37,0,0,48,0,16,2,0,18,11,53,2,0,66,0,0,0,66
02/24/2021,BET,AK,AAL,WE,Federal Contract Tower,11,37,3,0,51,0,16,2,0,18,11,53,5,0,69,0,0,0,69
02/25/2021,BET,AK,AAL,WE,Federal Contract Tower,0,13,6,0,19,8,42,17,0,67,8,55,23,0,86,0,0,0,86
02/26/2021,BET,AK,AAL,WE,Federal Contract Tower,1,8,0,0,9,0,0,0,0,0,1,8,0,0,9,0,0,0,9
02/27/2021,BET,AK,AAL,WE,Federal Contract Tower,8,17,6,0,31,0,121,41,0,162,8,138,47,0,193,6,0,6,199
03/08/2021,BET,AK,AAL,WE,Federal Contract Tower,5,0,4,0,9,0,47,22,0,69,5,47,26,0,78,8,0,8,86
03/09/2021,BET,AK,AAL,WE,Federal Contract Tower,7,12,4,0,23,0,177,53,0,230,7,189,57,0,253,6,0,6,259
03/10/2021,BET,AK,AAL,WE,Federal Contract Tower,7,3,5,0,15,0,186,46,2,234,7,189,51,2,249,0,0,0,249
03/14/2021,BET,AK,AAL,WE,Federal Contract Tower,9,48,9,0,66,0,37,13,0,50,9,85,22,0,116,0,0,0,116
03/19/2021,BET,AK,AAL,WE,Federal Contract Tower,10,6,0,0,16,0,188,36,0,224,10,194,36,0,240,6,0,6,246
04/19/2021,BET,AK,AAL,WE,Federal Contract Tower,8,8,0,0,16,0,293,28,0,321,8,301,28,0,337,4,0,4,341
04/23/2021,BET,AK,AAL,WE,Federal Contract Tower,17,12,0,0,29,0,266,96,0,362,17,278,96,0,391,0,0,0,391
04/24/2021,BET,AK,AAL,WE,Federal Contract Tower,12,6,2,0,20,0,219,93,0,312,12,225,95,0,332,5,0,5,337
04/25/2021,BET,AK,AAL,WE,Federal Contract Tower,6,6,0,0,12,0,197,14,0,211,6,203,14,0,223,2,0,2,225
04/26/2021,BET,AK,AAL,WE,Federal Contract Tower,16,0,0,0,16,0,230,101,0,331,16,230,101,0,347,0,0,0,347
04/27/2021,BET,AK,AAL,WE,Federal Contract Tower,15,6,0,0,21,4,269,124,2,399,19,275,124,2,420,0,0,0,420
04/29/2021,BET,AK,AAL,WE,Federal Contract Tower,15,17,2,0,34,0,232,69,0,301,15,249,71,0,335,0,0,0,335
04/30/2021,BET,AK,AAL,WE,Federal Contract Tower,9,5,0,0,14,0,261,60,0,321,9,266,60,0,335,6,0,6,341
05/01/2021,BET,AK,AAL,WE,Federal Contract Tower,7,4,1,0,12,0,189,59,0,248,7,193,60,0,260,0,0,0,260
05/02/2021,BET,AK,AAL,WE,Federal Contract Tower,6,4,0,0,10,0,125,32,0,157,6,129,32,0,167,12,0,12,179
05/03/2021,BET,AK,AAL,WE,Federal Contract Tower,11,2,0,0,13,0,207,69,0,276,11,209,69,0,289,0,0,0,289
05/04/2021,BET,AK,AAL,WE,Federal Contract Tower,15,3,1,2,21,0,230,74,0,304,15,233,75,2,325,6,0,6,331
05/05/2021,BET,AK,AAL,WE,Federal Contract Tower,11,5,0,0,16,0,218,70,3,291,11,223,70,3,307,0,0,0,307
05/07/2021,BET,AK,AAL,WE,Federal Contract Tower,7,1,0,0,8,0,220,58,0,278,7,221,58,0,286,4,0,4,290
05/08/2021,BET,AK,AAL,WE,Federal Contract Tower,12,2,2,0,16,0,203,49,0,252,12,205,51,0,268,0,0,0,268
05/09/2021,BET,AK,AAL,WE,Federal Contract Tower,6,0,0,0,6,0,115,23,0,138,6,115,23,0,144,0,0,0,144
05/10/2021,BET,AK,AAL,WE,Federal Contract Tower,14,0,0,2,16,0,204,57,0,261,14,204,57,2,277,0,0,0,277
05/11/2021,BET,AK,AAL,WE,Federal Contract Tower,14,14,3,0,31,0,182,67,0,249,14,196,70,0,280,0,0,0,280
05/12/2021,BET,AK,AAL,WE,Federal Contract Tower,11,4,2,0,17,0,201,63,0,264,11,205,65,0,281,2,0,2,283
05/13/2021,BET,AK,AAL,WE,Federal Contract Tower,10,4,0,0,14,0,216,53,0,269,10,220,53,0,283,0,0,0,283
05/14/2021,BET,AK,AAL,WE,Federal Contract Tower,13,0,0,2,15,0,227,77,0,304,13,227,77,2,319,12,0,12,331
05/15/2021,BET,AK,AAL,WE,Federal Contract Tower,15,9,4,0,28,1,163,68,0,232,16,172,72,0,260,0,0,0,260
05/16/2021,BET,AK,AAL,WE,Federal Contract Tower,6,11,0,0,17,0,92,46,0,138,6,103,46,0,155,0,0,0,155
05/17/2021,BET,AK,AAL,WE,Federal Contract Tower,14,20,6,0,40,0,128,55,0,183,14,148,61,0,223,4,0,4,227
05/18/2021,BET,AK,AAL,WE,Federal Contract Tower,12,14,1,0,27,0,196,42,2,240,12,210,43,2,267,0,0,0,267
05/19/2021,BET,AK,AAL,WE,Federal Contract Tower,11,3,2,0,16,0,173,80,1,254,11,176,82,1,270,2,0,2,272
05/20/2021,BET,AK,AAL,WE,Federal Contract Tower,15,6,3,0,24,0,199,64,0,263,15,205,67,0,287,2,0,2,289
05/21/2021,BET,AK,AAL,WE,Federal Contract Tower,11,36,4,0,51,0,101,42,0,143,11,137,46,0,194,0,0,0,194
05/22/2021,BET,AK,AAL,WE,Federal Contract Tower,12,14,1,0,27,0,196,55,0,251,12,210,56,0,278,4,0,4,282
05/23/2021,BET,AK,AAL,WE,Federal Contract Tower,7,3,0,0,10,0,91,37,0,128,7,94,37,0,138,8,0,8,146
05/24/2021,BET,AK,AAL,WE,Federal Contract Tower,13,3,2,0,18,2,188,64,0,254,15,191,66,0,272,0,0,0,272
05/25/2021,BET,AK,AAL,WE,Federal Contract Tower,10,3,0,0,13,2,215,55,0,272,12,218,55,0,285,0,0,0,285
05/26/2021,BET,AK,AAL,WE,Federal Contract Tower,8,8,0,0,16,1,165,61,0,227,9,173,61,0,243,0,0,0,243
05/27/2021,BET,AK,AAL,WE,Federal Contract Tower,14,4,0,0,18,169,50,0,0,219,183,54,0,0,237,0,0,0,237
05/28/2021,BET,AK,AAL,WE,Federal Contract Tower,12,5,0,0,17,0,138,42,0,180,12,143,42,0,197,0,0,0,197
05/29/2021,BET,AK,AAL,WE,Federal Contract Tower,14,4,1,0,19,0,99,28,0,127,14,103,29,0,146,0,0,0,146
05/30/2021,BET,AK,AAL,WE,Federal Contract Tower,6,3,0,0,9,0,129,47,0,176,6,132,47,0,185,0,0,0,185
05/31/2021,BET,AK,AAL,WE,Federal Contract Tower,8,0,0,0,8,0,75,35,0,110,8,75,35,0,118,4,0,4,122
06/01/2021,BET,AK,AAL,WE,Federal Contract Tower,8,12,4,0,24,0,178,58,0,236,8,190,62,0,260,0,0,0,260
06/02/2021,BET,AK,AAL,WE,Federal Contract Tower,10,17,2,0,29,0,161,37,0,198,10,178,39,0,227,0,0,0,227
06/03/2021,BET,AK,AAL,WE,Federal Contract Tower,14,45,26,0,85,0,131,21,2,154,14,176,47,2,239,2,0,2,241
06/04/2021,BET,AK,AAL,WE,Federal Contract Tower,14,48,9,0,71,0,138,28,0,166,14,186,37,0,237,0,0,0,237
06/05/2021,BET,AK,AAL,WE,Federal Contract Tower,13,4,2,0,19,0,149,53,0,202,13,153,55,0,221,6,0,6,227
06/06/2021,BET,AK,AAL,WE,Federal Contract Tower,6,15,16,0,37,0,78,19,0,97,6,93,35,0,134,12,0,12,146
06/07/2021,BET,AK,AAL,WE,Federal Contract Tower,14,13,2,0,29,1,164,33,0,198,15,177,35,0,227,0,0,0,227
06/08/2021,BET,AK,AAL,WE,Federal Contract Tower,12,23,6,0,41,0,203,47,0,250,12,226,53,0,291,4,0,4,295
06/09/2021,BET,AK,AAL,WE,Federal Contract Tower,10,12,5,0,27,0,179,35,0,214,10,191,40,0,241,4,0,4,245
06/10/2021,BET,AK,AAL,WE,Federal Contract Tower,15,37,12,0,64,0,149,32,0,181,15,186,44,0,245,0,0,0,245
06/11/2021,BET,AK,AAL,WE,Federal Contract Tower,13,35,6,0,54,0,107,27,0,134,13,142,33,0,188,4,0,4,192
06/12/2021,BET,AK,AAL,WE,Federal Contract Tower,10,8,2,0,20,0,157,36,1,194,10,165,38,1,214,0,0,0,214
06/13/2021,BET,AK,AAL,WE,Federal Contract Tower,9,5,0,0,14,0,0,0,0,0,9,5,0,0,14,2,0,2,16
06/14/2021,BET,AK,AAL,WE,Federal Contract Tower,9,8,0,2,19,0,63,52,0,115,9,71,52,2,134,0,0,0,134
06/15/2021,BET,AK,AAL,WE,Federal Contract Tower,9,17,4,0,30,1,202,53,0,256,10,219,57,0,286,6,0,6,292
06/16/2021,BET,AK,AAL,WE,Federal Contract Tower,14,4,0,0,18,0,207,50,0,257,14,211,50,0,275,20,0,20,295
06/17/2021,BET,AK,AAL,WE,Federal Contract Tower,14,18,4,0,36,0,155,36,0,191,14,173,40,0,227,0,0,0,227
06/18/2021,BET,AK,AAL,WE,Federal Contract Tower,11,14,1,0,26,2,237,47,0,286,13,251,48,0,312,8,0,8,320
06/19/2021,BET,AK,AAL,WE,Federal Contract Tower,9,10,0,0,19,1,166,37,0,204,10,176,37,0,223,4,0,4,227
06/20/2021,BET,AK,AAL,WE,Federal Contract Tower,6,17,12,0,35,0,68,30,0,98,6,85,42,0,133,0,0,0,133
06/21/2021,BET,AK,AAL,WE,Federal Contract Tower,12,8,2,0,22,0,224,60,0,284,12,232,62,0,306,12,0,12,318
06/22/2021,BET,AK,AAL,WE,Federal Contract Tower,13,10,0,0,23,0,224,35,0,259,13,234,35,0,282,2,0,2,284
06/23/2021,BET,AK,AAL,WE,Federal Contract Tower,13,7,3,0,23,1,192,59,0,252,14,199,62,0,275,0,0,0,275
06/24/2021,BET,AK,AAL,WE,Federal Contract Tower,12,5,6,0,23,0,196,51,2,249,12,201,57,2,272,0,2,2,274
06/25/2021,BET,AK,AAL,WE,Federal Contract Tower,13,2,3,0,18,2,207,51,0,260,15,209,54,0,278,0,0,0,278
06/26/2021,BET,AK,AAL,WE,Federal Contract Tower,13,11,1,0,25,0,155,29,0,184,13,166,30,0,209,4,0,4,213
06/27/2021,BET,AK,AAL,WE,Federal Contract Tower,6,12,9,0,27,0,79,29,0,108,6,91,38,0,135,0,0,0,135
06/28/2021,BET,AK,AAL,WE,Federal Contract Tower,11,53,5,0,69,1,125,42,0,168,12,178,47,0,237,4,0,4,241
06/29/2021,BET,AK,AAL,WE,Federal Contract Tower,15,18,1,0,34,0,179,42,0,221,15,197,43,0,255,4,0,4,259
06/30/2021,BET,AK,AAL,WE,Federal Contract Tower,15,3,0,0,18,0,175,51,0,226,15,178,51,0,244,0,0,0,244
07/01/2021,BET,AK,AAL,WE,Federal Contract Tower,11,8,0,0,19,0,152,43,0,195,11,160,43,0,214,2,0,2,216
07/02/2021,BET,AK,AAL,WE,Federal Contract Tower,18,8,0,1,27,1,185,54,0,240,19,193,54,1,267,0,0,0,267
07/03/2021,BET,AK,AAL,WE,Federal Contract Tower,12,18,2,0,32,0,165,48,2,215,12,183,50,2,247,0,0,0,247
07/04/2021,BET,AK,AAL,WE,Federal Contract Tower,6,6,22,1,35,0,0,5,1,6,6,6,27,2,41,0,0,0,41
07/05/2021,BET,AK,AAL,WE,Federal Contract Tower,9,33,10,0,52,0,53,25,2,80,9,86,35,2,132,0,0,0,132
07/06/2021,BET,AK,AAL,WE,Federal Contract Tower,11,20,4,0,35,0,173,52,4,229,11,193,56,4,264,0,0,0,264
07/07/2021,BET,AK,AAL,WE,Federal Contract Tower,11,7,2,2,22,0,172,59,2,233,11,179,61,4,255,2,0,2,257
07/08/2021,BET,AK,AAL,WE,Federal Contract Tower,16,46,9,0,71,0,71,35,0,106,16,117,44,0,177,0,2,2,179
07/09/2021,BET,AK,AAL,WE,Federal Contract Tower,16,71,32,2,121,0,1,6,0,7,16,72,38,2,128,0,0,0,128
07/10/2021,BET,AK,AAL,WE,Federal Contract Tower,15,9,1,0,25,0,243,61,0,304,15,252,62,0,329,0,0,0,329
07/11/2021,BET,AK,AAL,WE,Federal Contract Tower,6,3,0,0,9,0,153,52,0,205,6,156,52,0,214,0,0,0,214
07/12/2021,BET,AK,AAL,WE,Federal Contract Tower,13,11,3,2,29,1,192,70,3,266,14,203,73,5,295,0,0,0,295
07/13/2021,BET,AK,AAL,WE,Federal Contract Tower,10,25,7,0,42,1,157,54,0,212,11,182,61,0,254,6,0,6,260
07/14/2021,BET,AK,AAL,WE,Federal Contract Tower,14,30,11,0,55,0,136,62,0,198,14,166,73,0,253,4,0,4,257
07/15/2021,BET,AK,AAL,WE,Federal Contract Tower,15,26,10,0,51,0,148,59,0,207,15,174,69,0,258,18,0,18,276
07/16/2021,BET,AK,AAL,WE,Federal Contract Tower,13,52,25,0,90,0,112,46,0,158,13,164,71,0,248,6,0,6,254
07/17/2021,BET,AK,AAL,WE,Federal Contract Tower,10,35,10,0,55,0,117,29,0,146,10,152,39,0,201,0,0,0,201
07/18/2021,BET,AK,AAL,WE,Federal Contract Tower,6,4,0,0,10,0,135,57,0,192,6,139,57,0,202,0,0,0,202
07/19/2021,BET,AK,AAL,WE,Federal Contract Tower,11,10,1,0,22,0,197,53,0,250,11,207,54,0,272,6,0,6,278
07/20/2021,BET,AK,AAL,WE,Federal Contract Tower,13,52,8,0,73,0,117,35,0,152,13,169,43,0,225,0,0,0,225
07/21/2021,BET,AK,AAL,WE,Federal Contract Tower,12,40,5,0,57,0,110,30,0,140,12,150,35,0,197,2,0,2,199
07/22/2021,BET,AK,AAL,WE,Federal Contract Tower,12,12,1,0,25,0,187,51,0,238,12,199,52,0,263,2,0,2,265
07/23/2021,BET,AK,AAL,WE,Federal Contract Tower,12,13,1,0,26,1,197,48,0,246,13,210,49,0,272,8,0,8,280
07/24/2021,BET,AK,AAL,WE,Federal Contract Tower,13,11,0,0,24,0,158,36,0,194,13,169,36,0,218,0,0,0,218
07/25/2021,BET,AK,AAL,WE,Federal Contract Tower,6,11,0,0,17,0,131,25,0,156,6,142,25,0,173,0,0,0,173
07/26/2021,BET,AK,AAL,WE,Federal Contract Tower,11,41,2,0,54,0,139,61,0,200,11,180,63,0,254,10,0,10,264
07/27/2021,BET,AK,AAL,WE,Federal Contract Tower,21,33,10,0,64,0,148,48,0,196,21,181,58,0,260,0,0,0,260
07/28/2021,BET,AK,AAL,WE,Federal Contract Tower,9,41,5,0,55,0,31,25,0,56,9,72,30,0,111,2,0,2,113
07/29/2021,BET,AK,AAL,WE,Federal Contract Tower,12,107,45,0,164,0,0,1,0,1,12,107,46,0,165,0,0,0,165
07/30/2021,BET,AK,AAL,WE,Federal Contract Tower,11,65,42,0,118,0,0,0,0,0,11,65,42,0,118,0,0,0,118
07/31/2021,BET,AK,AAL,WE,Federal Contract Tower,9,93,54,0,156,0,3,3,0,6,9,96,57,0,162,0,0,0,162
08/01/2021,BET,AK,AAL,WE,Federal Contract Tower,6,18,6,0,30,2,170,60,0,232,8,188,66,0,262,2,0,2,264
08/02/2021,BET,AK,AAL,WE,Federal Contract Tower,13,6,5,0,24,0,213,61,2,276,13,219,66,2,300,0,0,0,300
08/03/2021,BET,AK,AAL,WE,Federal Contract Tower,13,9,1,0,23,2,209,89,0,300,15,218,90,0,323,0,0,0,323
08/04/2021,BET,AK,AAL,WE,Federal Contract Tower,7,11,4,0,22,0,192,63,0,255,7,203,67,0,277,0,0,0,277
08/05/2021,BET,AK,AAL,WE,Federal Contract Tower,15,28,0,0,43,0,171,58,0,229,15,199,58,0,272,0,0,0,272
08/06/2021,BET,AK,AAL,WE,Federal Contract Tower,10,12,3,0,25,0,228,73,0,301,10,240,76,0,326,8,0,8,334
08/07/2021,BET,AK,AAL,WE,Federal Contract Tower,11,5,3,1,20,0,177,51,0,228,11,182,54,1,248,0,0,0,248
08/08/2021,BET,AK,AAL,WE,Federal Contract Tower,6,7,3,2,18,0,92,49,0,141,6,99,52,2,159,2,0,2,161
08/09/2021,BET,AK,AAL,WE,Federal Contract Tower,12,8,0,0,20,1,168,71,0,240,13,176,71,0,260,0,0,0,260
08/10/2021,BET,AK,AAL,WE,Federal Contract Tower,14,36,5,2,57,0,185,81,0,266,14,221,86,2,323,6,0,6,329
08/11/2021,BET,AK,AAL,WE,Federal Contract Tower,8,38,8,2,56,0,154,58,0,212,8,192,66,2,268,0,0,0,268
08/12/2021,BET,AK,AAL,WE,Federal Contract Tower,9,13,4,0,26,0,165,70,0,235,9,178,74,0,261,2,0,2,263
08/13/2021,BET,AK,AAL,WE,Federal Contract Tower,7,9,2,0,18,0,147,53,0,200,7,156,55,0,218,2,0,2,220
08/14/2021,BET,AK,AAL,WE,Federal Contract Tower,6,24,0,0,30,0,127,39,0,166,6,151,39,0,196,6,0,6,202
08/15/2021,BET,AK,AAL,WE,Federal Contract Tower,5,19,10,0,34,0,79,32,0,111,5,98,42,0,145,6,0,6,151
08/16/2021,BET,AK,AAL,WE,Federal Contract Tower,14,22,0,2,38,0,153,87,0,240,14,175,87,2,278,4,0,4,282
08/17/2021,BET,AK,AAL,WE,Federal Contract Tower,14,36,9,0,59,0,143,47,0,190,14,179,56,0,249,6,0,6,255
08/18/2021,BET,AK,AAL,WE,Federal Contract Tower,10,3,1,0,14,0,222,92,0,314,10,225,93,0,328,16,0,16,344
08/19/2021,BET,AK,AAL,WE,Federal Contract Tower,11,57,12,0,80,0,83,37,0,120,11,140,49,0,200,2,0,2,202
08/20/2021,BET,AK,AAL,WE,Federal Contract Tower,8,9,2,0,19,0,175,74,0,249,8,184,76,0,268,2,0,2,270
08/21/2021,BET,AK,AAL,WE,Federal Contract Tower,6,2,0,0,8,0,139,42,2,183,6,141,42,2,191,0,0,0,191
08/22/2021,BET,AK,AAL,WE,Federal Contract Tower,6,30,7,0,43,0,49,27,0,76,6,79,34,0,119,0,0,0,119
08/23/2021,BET,AK,AAL,WE,Federal Contract Tower,12,21,1,2,36,0,205,62,0,267,12,226,63,2,303,6,0,6,309
08/24/2021,BET,AK,AAL,WE,Federal Contract Tower,12,43,10,0,65,0,148,55,0,203,12,191,65,0,268,2,0,2,270
08/25/2021,BET,AK,AAL,WE,Federal Contract Tower,7,29,9,2,47,0,162,68,7,237,7,191,77,9,284,8,0,8,292
08/26/2021,BET,AK,AAL,WE,Federal Contract Tower,16,46,7,2,71,0,151,41,0,192,16,197,48,2,263,0,0,0,263
08/27/2021,BET,AK,AAL,WE,Federal Contract Tower,11,5,0,0,16,0,186,73,2,261,11,191,73,2,277,0,0,0,277
08/28/2021,BET,AK,AAL,WE,Federal Contract Tower,10,56,11,1,78,0,65,24,0,89,10,121,35,1,167,0,0,0,167
08/29/2021,BET,AK,AAL,WE,Federal Contract Tower,6,16,3,1,26,0,98,39,4,141,6,114,42,5,167,4,0,4,171
08/30/2021,BET,AK,AAL,WE,Federal Contract Tower,14,5,3,1,23,0,190,55,2,247,14,195,58,3,270,4,0,4,274
08/31/2021,BET,AK,AAL,WE,Federal Contract Tower,12,10,1,2,25,0,212,80,1,293,12,222,81,3,318,0,0,0,318
09/01/2021,BET,AK,AAL,WE,Federal Contract Tower,6,6,4,0,16,0,191,53,2,246,6,197,57,2,262,0,0,0,262
09/02/2021,BET,AK,AAL,WE,Federal Contract Tower,2,9,1,0,12,0,217,34,2,253,2,226,35,2,265,0,0,0,265
09/03/2021,BET,AK,AAL,WE,Federal Contract Tower,9,35,2,0,46,0,96,33,0,129,9,131,35,0,175,0,0,0,175
09/04/2021,BET,AK,AAL,WE,Federal Contract Tower,12,11,1,0,24,0,125,45,0,170,12,136,46,0,194,0,0,0,194
09/05/2021,BET,AK,AAL,WE,Federal Contract Tower,6,14,1,0,21,0,71,35,0,106,6,85,36,0,127,4,0,4,131
09/06/2021,BET,AK,AAL,WE,Federal Contract Tower,8,37,7,0,52,0,67,27,0,94,8,104,34,0,146,0,0,0,146
09/07/2021,BET,AK,AAL,WE,Federal Contract Tower,15,41,15,0,71,0,59,42,1,102,15,100,57,1,173,0,0,0,173
09/08/2021,BET,AK,AAL,WE,Federal Contract Tower,9,24,10,0,43,1,107,32,2,142,10,131,42,2,185,0,0,0,185
09/09/2021,BET,AK,AAL,WE,Federal Contract Tower,9,8,1,0,18,0,200,65,0,265,9,208,66,0,283,4,0,4,287
09/10/2021,BET,AK,AAL,WE,Federal Contract Tower,9,6,0,0,15,0,209,69,0,278,9,215,69,0,293,0,0,0,293
09/11/2021,BET,AK,AAL,WE,Federal Contract Tower,9,27,7,0,43,0,90,22,0,112,9,117,29,0,155,0,0,0,155
09/12/2021,BET,AK,AAL,WE,Federal Contract Tower,6,10,0,0,16,0,109,30,0,139,6,119,30,0,155,0,0,0,155
09/13/2021,BET,AK,AAL,WE,Federal Contract Tower,10,51,17,0,78,0,137,52,0,189,10,188,69,0,267,0,0,0,267
09/14/2021,BET,AK,AAL,WE,Federal Contract Tower,8,45,19,2,74,0,117,33,0,150,8,162,52,2,224,0,0,0,224
09/15/2021,BET,AK,AAL,WE,Federal Contract Tower,13,28,11,0,52,0,175,57,0,232,13,203,68,0,284,4,0,4,288
09/16/2021,BET,AK,AAL,WE,Federal Contract Tower,11,5,0,2,18,1,210,84,0,295,12,215,84,2,313,0,0,0,313
09/17/2021,BET,AK,AAL,WE,Federal Contract Tower,14,9,2,0,25,0,192,59,0,251,14,201,61,0,276,10,0,10,286
09/18/2021,BET,AK,AAL,WE,Federal Contract Tower,11,4,0,0,15,0,174,61,0,235,11,178,61,0,250,6,0,6,256
09/19/2021,BET,AK,AAL,WE,Federal Contract Tower,5,5,0,0,10,0,136,58,0,194,5,141,58,0,204,10,0,10,214
09/20/2021,BET,AK,AAL,WE,Federal Contract Tower,17,8,0,0,25,0,236,75,0,311,17,244,75,0,336,0,0,0,336
09/21/2021,BET,AK,AAL,WE,Federal Contract Tower,10,13,0,0,23,1,208,74,0,283,11,221,74,0,306,0,0,0,306
09/22/2021,BET,AK,AAL,WE,Federal Contract Tower,9,48,29,0,86,0,78,24,0,102,9,126,53,0,188,8,0,8,196
09/23/2021,BET,AK,AAL,WE,Federal Contract Tower,12,6,0,0,18,1,230,91,2,324,13,236,91,2,342,0,0,0,342
09/24/2021,BET,AK,AAL,WE,Federal Contract Tower,6,3,1,0,10,0,216,104,0,320,6,219,105,0,330,0,0,0,330
09/25/2021,BET,AK,AAL,WE,Federal Contract Tower,11,4,1,0,16,1,147,73,0,221,12,151,74,0,237,4,0,4,241
09/26/2021,BET,AK,AAL,WE,Federal Contract Tower,7,9,1,0,17,0,130,48,0,178,7,139,49,0,195,4,0,4,199
09/27/2021,BET,AK,AAL,WE,Federal Contract Tower,22,4,2,2,30,0,197,72,1,270,22,201,74,3,300,2,0,2,302
09/28/2021,BET,AK,AAL,WE,Federal Contract Tower,14,5,1,0,20,1,229,82,3,315,15,234,83,3,335,2,0,2,337
09/29/2021,BET,AK,AAL,WE,Federal Contract Tower,14,43,6,0,63,0,99,59,0,158,14,142,65,0,221,0,0,0,221
09/30/2021,BET,AK,AAL,WE,Federal Contract Tower,13,14,1,0,28,0,142,88,0,230,13,156,89,0,258,0,0,0,258
10/01/2021,BET,AK,AAL,WE,Federal Contract Tower,13,3,0,0,16,0,188,63,0,251,13,191,63,0,267,4,0,4,271
10/02/2021,BET,AK,AAL,WE,Federal Contract Tower,11,9,0,0,20,2,175,50,0,227,13,184,50,0,247,0,0,0,247
10/03/2021,BET,AK,AAL,WE,Federal Contract Tower,6,8,0,0,14,0,144,64,2,210,6,152,64,2,224,2,0,2,226
10/04/2021,BET,AK,AAL,WE,Federal Contract Tower,14,31,4,0,49,0,146,40,0,186,14,177,44,0,235,0,0,0,235
10/05/2021,BET,AK,AAL,WE,Federal Contract Tower,12,71,25,0,108,0,37,12,0,49,12,108,37,0,157,0,0,0,157
10/06/2021,BET,AK,AAL,WE,Federal Contract Tower,15,18,3,0,36,1,152,38,0,191,16,170,41,0,227,0,0,0,227
10/07/2021,BET,AK,AAL,WE,Federal Contract Tower,10,44,12,0,66,0,154,52,0,206,10,198,64,0,272,0,0,0,272
10/08/2021,BET,AK,AAL,WE,Federal Contract Tower,13,87,19,3,122,0,38,8,0,46,13,125,27,3,168,0,0,0,168
10/09/2021,BET,AK,AAL,WE,Federal Contract Tower,12,13,1,0,26,0,125,36,1,162,12,138,37,1,188,0,0,0,188
10/10/2021,BET,AK,AAL,WE,Federal Contract Tower,8,7,4,0,19,0,146,47,0,193,8,153,51,0,212,6,0,6,218
10/11/2021,BET,AK,AAL,WE,Federal Contract Tower,13,8,2,0,23,0,197,66,0,263,13,205,68,0,286,12,0,12,298
10/12/2021,BET,AK,AAL,WE,Federal Contract Tower,12,30,4,0,46,0,136,49,0,185,12,166,53,0,231,0,0,0,231
10/13/2021,BET,AK,AAL,WE,Federal Contract Tower,11,37,11,0,59,0,83,34,0,117,11,120,45,0,176,6,0,6,182
10/14/2021,BET,AK,AAL,WE,Federal Contract Tower,14,36,17,0,67,0,96,44,0,140,14,132,61,0,207,30,0,30,237
10/15/2021,BET,AK,AAL,WE,Federal Contract Tower,10,9,3,0,22,0,218,55,0,273,10,227,58,0,295,0,0,0,295
10/16/2021,BET,AK,AAL,WE,Federal Contract Tower,12,7,2,0,21,0,156,50,0,206,12,163,52,0,227,6,0,6,233
10/17/2021,BET,AK,AAL,WE,Federal Contract Tower,6,2,1,0,9,0,148,36,0,184,6,150,37,0,193,28,0,28,221
10/18/2021,BET,AK,AAL,WE,Federal Contract Tower,20,2,0,0,22,0,227,58,0,285,20,229,58,0,307,12,0,12,319
10/19/2021,BET,AK,AAL,WE,Federal Contract Tower,15,13,3,0,31,0,204,46,0,250,15,217,49,0,281,32,0,32,313
10/20/2021,BET,AK,AAL,WE,Federal Contract Tower,12,31,16,0,59,0,115,35,0,150,12,146,51,0,209,68,0,68,277
10/21/2021,BET,AK,AAL,WE,Federal Contract Tower,16,3,0,0,19,0,229,55,0,284,16,232,55,0,303,14,0,14,317
10/22/2021,BET,AK,AAL,WE,Federal Contract Tower,9,7,0,0,16,0,241,49,0,290,9,248,49,0,306,2,0,2,308
10/23/2021,BET,AK,AAL,WE,Federal Contract Tower,12,54,17,0,83,0,81,22,0,103,12,135,39,0,186,18,0,18,204
10/25/2021,BET,AK,AAL,WE,Federal Contract Tower,12,8,0,0,20,1,245,46,0,292,13,253,46,0,312,14,0,14,326
10/26/2021,BET,AK,AAL,WE,Federal Contract Tower,15,5,0,2,22,0,244,59,0,303,15,249,59,2,325,4,0,4,329
10/27/2021,BET,AK,AAL,WE,Federal Contract Tower,11,47,17,0,75,0,60,11,0,71,11,107,28,0,146,0,0,0,146
10/28/2021,BET,AK,AAL,WE,Federal Contract Tower,10,11,1,0,22,1,240,105,0,346,11,251,106,0,368,12,0,12,380
10/29/2021,BET,AK,AAL,WE,Federal Contract Tower,16,2,0,0,18,0,235,98,0,333,16,237,98,0,351,2,0,2,353
10/30/2021,BET,AK,AAL,WE,Federal Contract Tower,6,43,11,0,60,0,55,18,0,73,6,98,29,0,133,2,0,2,135
10/31/2021,BET,AK,AAL,WE,Federal Contract Tower,7,4,0,0,11,0,142,30,0,172,7,146,30,0,183,2,0,2,185
11/01/2021,BET,AK,AAL,WE,Federal Contract Tower,7,8,0,0,15,0,216,113,0,329,7,224,113,0,344,30,0,30,374
11/03/2021,BET,AK,AAL,WE,Federal Contract Tower,6,21,3,2,32,0,136,96,0,232,6,157,99,2,264,6,0,6,270
11/04/2021,BET,AK,AAL,WE,Federal Contract Tower,10,23,2,0,35,0,168,139,0,307,10,191,141,0,342,2,0,2,344
11/05/2021,BET,AK,AAL,WE,Federal Contract Tower,11,26,13,0,50,0,103,79,1,183,11,129,92,1,233,12,0,12,245
11/06/2021,BET,AK,AAL,WE,Federal Contract Tower,12,32,15,0,59,0,90,46,1,137,12,122,61,1,196,12,0,12,208
11/07/2021,BET,AK,AAL,WE,Federal Contract Tower,5,10,0,0,15,0,150,47,0,197,5,160,47,0,212,14,0,14,226
11/08/2021,BET,AK,AAL,WE,Federal Contract Tower,11,3,0,0,14,0,217,86,0,303,11,220,86,0,317,2,0,2,319
11/09/2021,BET,AK,AAL,WE,Federal Contract Tower,12,12,7,0,31,0,210,95,0,305,12,222,102,0,336,8,0,8,344
11/10/2021,BET,AK,AAL,WE,Federal Contract Tower,9,5,2,0,16,0,218,115,0,333,9,223,117,0,349,6,0,6,355
11/11/2021,BET,AK,AAL,WE,Federal Contract Tower,11,8,3,0,22,0,194,84,0,278,11,202,87,0,300,6,0,6,306
11/12/2021,BET,AK,AAL,WE,Federal Contract Tower,5,7,1,0,13,1,184,81,0,266,6,191,82,0,279,0,0,0,279
11/13/2021,BET,AK,AAL,WE,Federal Contract Tower,10,23,9,0,42,0,167,56,0,223,10,190,65,0,265,0,0,0,265
11/14/2021,BET,AK,AAL,WE,Federal Contract Tower,6,3,0,0,9,0,190,55,0,245,6,193,55,0,254,0,0,0,254
11/15/2021,BET,AK,AAL,WE,Federal Contract Tower,5,6,1,0,12,1,206,83,0,290,6,212,84,0,302,4,0,4,306
11/16/2021,BET,AK,AAL,WE,Federal Contract Tower,8,7,1,0,16,0,207,98,0,305,8,214,99,0,321,0,0,0,321
11/17/2021,BET,AK,AAL,WE,Federal Contract Tower,8,0,0,0,8,0,159,91,0,250,8,159,91,0,258,0,0,0,258
11/18/2021,BET,AK,AAL,WE,Federal Contract Tower,10,4,0,0,14,0,200,110,0,310,10,204,110,0,324,0,0,0,324
11/20/2021,BET,AK,AAL,WE,Federal Contract Tower,4,9,0,0,13,1,178,57,0,236,5,187,57,0,249,0,0,0,249
11/21/2021,BET,AK,AAL,WE,Federal Contract Tower,4,2,0,0,6,0,127,26,0,153,4,129,26,0,159,0,0,0,159
11/22/2021,BET,AK,AAL,WE,Federal Contract Tower,12,5,2,0,19,1,221,58,0,280,13,226,60,0,299,0,0,0,299
11/23/2021,BET,AK,AAL,WE,Federal Contract Tower,1,6,1,0,8,0,183,86,0,269,1,189,87,0,277,6,0,6,283
11/24/2021,BET,AK,AAL,WE,Federal Contract Tower,8,8,0,0,16,0,145,125,0,270,8,153,125,0,286,6,0,6,292
11/25/2021,BET,AK,AAL,WE,Federal Contract Tower,0,0,0,0,0,0,7,0,0,7,0,7,0,0,7,0,0,0,7
11/26/2021,BET,AK,AAL,WE,Federal Contract Tower,10,9,1,0,20,0,182,49,0,231,10,191,50,0,251,2,0,2,253
11/27/2021,BET,AK,AAL,WE,Federal Contract Tower,7,4,0,0,11,0,163,50,0,213,7,167,50,0,224,6,0,6,230
11/28/2021,BET,AK,AAL,WE,Federal Contract Tower,9,4,0,0,13,0,151,36,0,187,9,155,36,0,200,0,0,0,200
11/29/2021,BET,AK,AAL,WE,Federal Contract Tower,12,3,1,0,16,1,157,48,0,206,13,160,49,0,222,0,0,0,222
11/30/2021,BET,AK,AAL,WE,Federal Contract Tower,8,24,7,0,39,0,115,63,0,178,8,139,70,0,217,6,0,6,223
12/01/2021,BET,AK,AAL,WE,Federal Contract Tower,11,8,0,0,19,0,120,10,0,130,11,128,10,0,149,2,0,2,151
12/02/2021,BET,AK,AAL,WE,Federal Contract Tower,7,9,2,2,20,0,173,113,1,287,7,182,115,3,307,2,0,2,309
12/03/2021,BET,AK,AAL,WE,Federal Contract Tower,6,20,1,0,27,0,4,5,0,9,6,24,6,0,36,0,0,0,36
12/04/2021,BET,AK,AAL,WE,Federal Contract Tower,14,14,7,0,35,0,95,47,0,142,14,109,54,0,177,2,0,2,179
12/05/2021,BET,AK,AAL,WE,Federal Contract Tower,0,0,0,0,0,0,0,0,0,0,0,0,0,0,0,0,0,0,0
12/06/2021,BET,AK,AAL,WE,Federal Contract Tower,13,9,0,0,22,0,189,54,0,243,13,198,54,0,265,0,0,0,265
12/07/2021,BET,AK,AAL,WE,Federal Contract Tower,13,17,4,0,34,0,190,102,0,292,13,207,106,0,326,0,0,0,326
12/08/2021,BET,AK,AAL,WE,Federal Contract Tower,11,8,2,0,21,0,36,30,0,66,11,44,32,0,87,0,0,0,87
12/09/2021,BET,AK,AAL,WE,Federal Contract Tower,5,40,7,0,52,0,0,0,0,0,5,40,7,0,52,0,0,0,52
12/10/2021,BET,AK,AAL,WE,Federal Contract Tower,10,7,2,0,19,0,72,48,0,120,10,79,50,0,139,6,0,6,145
12/11/2021,BET,AK,AAL,WE,Federal Contract Tower,11,15,0,0,26,0,191,72,0,263,11,206,72,0,289,0,0,0,289
12/12/2021,BET,AK,AAL,WE,Federal Contract Tower,8,2,2,0,12,1,218,68,0,287,9,220,70,0,299,4,0,4,303
12/13/2021,BET,AK,AAL,WE,Federal Contract Tower,11,0,4,0,15,2,124,50,0,176,13,124,54,0,191,0,0,0,191
12/14/2021,BET,AK,AAL,WE,Federal Contract Tower,11,5,2,0,18,0,186,111,0,297,11,191,113,0,315,0,0,0,315
12/15/2021,BET,AK,AAL,WE,Federal Contract Tower,12,13,0,0,25,0,85,56,0,141,12,98,56,0,166,2,0,2,168
12/16/2021,BET,AK,AAL,WE,Federal Contract Tower,11,51,11,0,73,0,3,1,0,4,11,54,12,0,77,0,0,0,77
12/17/2021,BET,AK,AAL,WE,Federal Contract Tower,7,15,1,0,23,0,0,0,0,0,7,15,1,0,23,0,0,0,23
12/18/2021,BET,AK,AAL,WE,Federal Contract Tower,6,49,15,0,70,0,0,0,0,0,6,49,15,0,70,0,0,0,70
12/19/2021,BET,AK,AAL,WE,Federal Contract Tower,4,17,0,0,21,0,0,0,0,0,4,17,0,0,21,0,0,0,21
12/20/2021,BET,AK,AAL,WE,Federal Contract Tower,10,40,2,0,52,0,2,0,0,2,10,42,2,0,54,0,0,0,54
12/21/2021,BET,AK,AAL,WE,Federal Contract Tower,7,68,12,0,87,0,78,26,0,104,7,146,38,0,191,0,0,0,191
12/22/2021,BET,AK,AAL,WE,Federal Contract Tower,3,0,0,0,3,0,3,13,0,16,3,3,13,0,19,0,0,0,19
12/23/2021,BET,AK,AAL,WE,Federal Contract Tower,4,25,8,0,37,0,0,0,0,0,4,25,8,0,37,0,0,0,37
12/24/2021,BET,AK,AAL,WE,Federal Contract Tower,7,6,1,0,14,0,94,47,0,141,7,100,48,0,155,0,0,0,155
12/25/2021,BET,AK,AAL,WE,Federal Contract Tower,0,0,0,0,0,0,0,0,0,0,0,0,0,0,0,0,0,0,0
12/26/2021,BET,AK,AAL,WE,Federal Contract Tower,2,0,0,0,2,0,0,0,0,0,2,0,0,0,2,0,0,0,2
12/27/2021,BET,AK,AAL,WE,Federal Contract Tower,10,33,3,4,50,0,3,0,0,3,10,36,3,4,53,0,0,0,53
12/28/2021,BET,AK,AAL,WE,Federal Contract Tower,8,13,0,0,21,0,22,4,0,26,8,35,4,0,47,0,0,0,47
12/29/2021,BET,AK,AAL,WE,Federal Contract Tower,4,19,6,0,29,0,66,20,2,88,4,85,26,2,117,8,0,8,125
12/30/2021,BET,AK,AAL,WE,Federal Contract Tower,10,22,4,0,36,0,95,31,3,129,10,117,35,3,165,0,0,0,165
12/31/2021,BET,AK,AAL,WE,Federal Contract Tower,8,40,1,3,52,0,53,0,1,54,8,93,1,4,106,0,0,0,106
01/01/2022,BET,AK,AAL,WE,Federal Contract Tower,4,2,0,0,6,0,141,0,0,141,4,143,0,0,147,6,0,6,153
01/02/2022,BET,AK,AAL,WE,Federal Contract Tower,4,7,0,0,11,0,174,57,0,231,4,181,57,0,242,12,0,12,254
01/03/2022,BET,AK,AAL,WE,Federal Contract Tower,10,3,0,0,13,0,51,2,3,56,10,54,2,3,69,6,0,6,75
01/04/2022,BET,AK,AAL,WE,Federal Contract Tower,6,11,2,0,19,0,145,43,0,188,6,156,45,0,207,0,0,0,207
01/05/2022,BET,AK,AAL,WE,Federal Contract Tower,8,14,7,0,29,0,206,95,0,301,8,220,102,0,330,2,0,2,332
01/06/2022,BET,AK,AAL,WE,Federal Contract Tower,6,4,0,0,10,0,197,100,0,297,6,201,100,0,307,0,0,0,307
01/07/2022,BET,AK,AAL,WE,Federal Contract Tower,5,9,2,0,16,0,181,55,0,236,5,190,57,0,252,3,0,3,255
01/08/2022,BET,AK,AAL,WE,Federal Contract Tower,10,0,0,0,10,0,52,15,0,67,10,52,15,0,77,0,0,0,77
01/09/2022,BET,AK,AAL,WE,Federal Contract Tower,5,2,1,0,8,0,74,8,0,82,5,76,9,0,90,0,0,0,90
01/10/2022,BET,AK,AAL,WE,Federal Contract Tower,8,2,0,2,12,0,175,36,0,211,8,177,36,2,223,4,0,4,227
01/11/2022,BET,AK,AAL,WE,Federal Contract Tower,6,5,0,0,11,0,184,51,0,235,6,189,51,0,246,4,0,4,250
01/12/2022,BET,AK,AAL,WE,Federal Contract Tower,5,19,6,0,30,0,46,23,0,69,5,65,29,0,99,2,0,2,101
01/13/2022,BET,AK,AAL,WE,Federal Contract Tower,9,13,0,0,22,0,166,32,0,198,9,179,32,0,220,0,0,0,220
01/14/2022,BET,AK,AAL,WE,Federal Contract Tower,9,26,0,0,35,0,114,31,0,145,9,140,31,0,180,0,0,0,180
01/15/2022,BET,AK,AAL,WE,Federal Contract Tower,8,17,1,0,26,0,16,10,0,26,8,33,11,0,52,0,0,0,52
01/16/2022,BET,AK,AAL,WE,Federal Contract Tower,7,9,2,0,18,1,66,29,0,96,8,75,31,0,114,4,0,4,118
01/17/2022,BET,AK,AAL,WE,Federal Contract Tower,12,3,0,0,15,0,176,48,0,224,12,179,48,0,239,6,0,6,245
01/18/2022,BET,AK,AAL,WE,Federal Contract Tower,7,9,5,0,21,2,173,44,0,219,9,182,49,0,240,0,0,0,240
01/19/2022,BET,AK,AAL,WE,Federal Contract Tower,7,6,0,0,13,0,207,45,0,252,7,213,45,0,265,2,0,2,267
01/20/2022,BET,AK,AAL,WE,Federal Contract Tower,11,24,0,0,35,0,121,35,0,156,11,145,35,0,191,6,0,6,197
01/21/2022,BET,AK,AAL,WE,Federal Contract Tower,10,15,2,0,27,0,124,34,0,158,10,139,36,0,185,0,0,0,185
01/22/2022,BET,AK,AAL,WE,Federal Contract Tower,9,1,0,0,10,0,142,42,0,184,9,143,42,0,194,10,0,10,204
01/23/2022,BET,AK,AAL,WE,Federal Contract Tower,7,21,1,0,29,0,74,27,0,101,7,95,28,0,130,2,0,2,132
01/24/2022,BET,AK,AAL,WE,Federal Contract Tower,9,5,0,0,14,1,73,29,0,103,10,78,29,0,117,2,0,2,119
01/25/2022,BET,AK,AAL,WE,Federal Contract Tower,8,19,0,0,27,0,136,38,0,174,8,155,38,0,201,4,0,4,205
01/26/2022,BET,AK,AAL,WE,Federal Contract Tower,11,56,4,0,71,0,8,3,0,11,11,64,7,0,82,0,0,0,82
01/27/2022,BET,AK,AAL,WE,Federal Contract Tower,14,8,1,0,23,0,161,0,0,161,14,169,1,0,184,0,0,0,184
01/28/2022,BET,AK,AAL,WE,Federal Contract Tower,9,6,0,0,15,0,213,47,0,260,9,219,47,0,275,0,0,0,275
01/29/2022,BET,AK,AAL,WE,Federal Contract Tower,13,2,0,0,15,0,196,27,0,223,13,198,27,0,238,0,0,0,238
01/30/2022,BET,AK,AAL,WE,Federal Contract Tower,6,0,0,0,6,0,164,290,0,454,6,164,290,0,460,0,0,0,460
01/31/2022,BET,AK,AAL,WE,Federal Contract Tower,14,8,0,0,22,1,192,27,1,221,15,200,27,1,243,0,0,0,243
02/01/2022,BET,AK,AAL,WE,Federal Contract Tower,4,8,1,0,13,0,1,0,0,1,4,9,1,0,14,0,0,0,14
02/02/2022,BET,AK,AAL,WE,Federal Contract Tower,11,2,2,0,15,0,77,21,0,98,11,79,23,0,113,0,0,0,113
02/03/2022,BET,AK,AAL,WE,Federal Contract Tower,3,2,0,0,5,0,0,0,0,0,3,2,0,0,5,0,0,0,5
02/04/2022,BET,AK,AAL,WE,Federal Contract Tower,8,52,3,0,63,0,6,2,0,8,8,58,5,0,71,0,0,0,71
02/05/2022,BET,AK,AAL,WE,Federal Contract Tower,12,43,12,0,67,0,0,0,0,0,12,43,12,0,67,0,0,0,67
02/06/2022,BET,AK,AAL,WE,Federal Contract Tower,7,2,0,0,9,1,202,38,0,241,8,204,38,0,250,6,0,6,256
02/07/2022,BET,AK,AAL,WE,Federal Contract Tower,12,4,0,0,16,1,173,41,0,215,13,177,41,0,231,0,0,0,231
02/08/2022,BET,AK,AAL,WE,Federal Contract Tower,16,3,0,0,19,0,157,42,0,199,16,160,42,0,218,0,0,0,218
02/09/2022,BET,AK,AAL,WE,Federal Contract Tower,7,8,4,1,20,0,159,50,4,213,7,167,54,5,233,0,14,14,247
02/10/2022,BET,AK,AAL,WE,Federal Contract Tower,10,13,0,0,23,5,166,76,1,248,15,179,76,1,271,0,0,0,271
02/11/2022,BET,AK,AAL,WE,Federal Contract Tower,5,14,4,0,23,0,7,2,0,9,5,21,6,0,32,0,0,0,32
02/12/2022,BET,AK,AAL,WE,Federal Contract Tower,10,36,6,0,52,0,18,8,0,26,10,54,14,0,78,0,0,0,78
02/13/2022,BET,AK,AAL,WE,Federal Contract Tower,3,9,4,0,16,1,155,58,2,216,4,164,62,2,232,0,0,0,232
02/14/2022,BET,AK,AAL,WE,Federal Contract Tower,5,21,7,0,33,0,8,5,0,13,5,29,12,0,46,0,0,0,46
02/15/2022,BET,AK,AAL,WE,Federal Contract Tower,15,64,13,0,92,0,20,6,0,26,15,84,19,0,118,0,0,0,118
02/16/2022,BET,AK,AAL,WE,Federal Contract Tower,10,46,9,0,65,0,4,5,0,9,10,50,14,0,74,0,0,0,74
02/17/2022,BET,AK,AAL,WE,Federal Contract Tower,5,17,0,0,22,0,0,0,0,0,5,17,0,0,22,0,0,0,22
02/18/2022,BET,AK,AAL,WE,Federal Contract Tower,8,57,3,0,68,0,0,0,0,0,8,57,3,0,68,0,0,0,68
02/19/2022,BET,AK,AAL,WE,Federal Contract Tower,8,41,6,0,55,1,160,42,0,203,9,201,48,0,258,2,0,2,260
02/20/2022,BET,AK,AAL,WE,Federal Contract Tower,4,4,1,0,9,0,63,10,0,73,4,67,11,0,82,0,0,0,82
02/21/2022,BET,AK,AAL,WE,Federal Contract Tower,13,4,0,0,17,0,211,45,0,256,13,215,45,0,273,0,0,0,273
02/22/2022,BET,AK,AAL,WE,Federal Contract Tower,11,40,4,0,55,0,144,31,0,175,11,184,35,0,230,0,0,0,230
02/23/2022,BET,AK,AAL,WE,Federal Contract Tower,14,10,3,0,27,1,145,63,0,209,15,155,66,0,236,8,0,8,244
02/24/2022,BET,AK,AAL,WE,Federal Contract Tower,11,8,4,0,23,0,253,70,0,323,11,261,74,0,346,0,0,0,346
02/25/2022,BET,AK,AAL,WE,Federal Contract Tower,6,13,0,0,19,0,186,63,0,249,6,199,63,0,268,6,0,6,274
02/26/2022,BET,AK,AAL,WE,Federal Contract Tower,13,29,0,0,42,0,193,49,0,242,13,222,49,0,284,2,0,2,286
02/27/2022,BET,AK,AAL,WE,Federal Contract Tower,6,23,8,0,37,0,131,38,0,169,6,154,46,0,206,2,0,2,208
02/28/2022,BET,AK,AAL,WE,Federal Contract Tower,15,41,14,0,70,1,129,32,0,162,16,170,46,0,232,0,0,0,232
03/01/2022,BET,AK,AAL,WE,Federal Contract Tower,13,66,13,0,92,0,0,0,0,0,13,66,13,0,92,0,0,0,92
03/02/2022,BET,AK,AAL,WE,Federal Contract Tower,8,11,1,0,20,0,212,108,0,320,8,223,109,0,340,0,0,0,340
03/03/2022,BET,AK,AAL,WE,Federal Contract Tower,11,33,8,0,52,0,137,66,0,203,11,170,74,0,255,3,0,3,258
03/04/2022,BET,AK,AAL,WE,Federal Contract Tower,5,4,2,0,11,0,1,0,0,1,5,5,2,0,12,0,0,0,12
03/05/2022,BET,AK,AAL,WE,Federal Contract Tower,4,39,7,0,50,0,0,0,0,0,4,39,7,0,50,0,0,0,50
03/06/2022,BET,AK,AAL,WE,Federal Contract Tower,6,21,3,0,30,0,140,82,0,222,6,161,85,0,252,0,0,0,252
03/07/2022,BET,AK,AAL,WE,Federal Contract Tower,16,40,8,0,64,0,174,50,0,224,16,214,58,0,288,0,0,0,288
03/08/2022,BET,AK,AAL,WE,Federal Contract Tower,12,14,0,0,26,0,262,83,0,345,12,276,83,0,371,0,0,0,371
03/09/2022,BET,AK,AAL,WE,Federal Contract Tower,8,14,6,0,28,0,121,48,0,169,8,135,54,0,197,4,0,4,201
03/10/2022,BET,AK,AAL,WE,Federal Contract Tower,13,2,0,0,15,0,166,70,0,236,13,168,70,0,251,0,0,0,251
03/11/2022,BET,AK,AAL,WE,Federal Contract Tower,5,5,0,0,10,0,204,48,0,252,5,209,48,0,262,0,0,0,262
03/12/2022,BET,AK,AAL,WE,Federal Contract Tower,9,6,0,0,15,2,218,53,0,273,11,224,53,0,288,0,0,0,288
03/13/2022,BET,AK,AAL,WE,Federal Contract Tower,6,4,0,0,10,0,142,26,0,168,6,146,26,0,178,0,0,0,178
03/14/2022,BET,AK,AAL,WE,Federal Contract Tower,13,3,0,0,16,0,265,55,0,320,13,268,55,0,336,0,0,0,336
03/15/2022,BET,AK,AAL,WE,Federal Contract Tower,8,9,0,0,17,0,183,62,3,248,8,192,62,3,265,0,0,0,265
03/16/2022,BET,AK,AAL,WE,Federal Contract Tower,8,47,5,0,60,0,82,21,0,103,8,129,26,0,163,0,0,0,163
03/17/2022,BET,AK,AAL,WE,Federal Contract Tower,7,12,1,0,20,0,214,68,0,282,7,226,69,0,302,0,0,0,302
03/18/2022,BET,AK,AAL,WE,Federal Contract Tower,6,13,4,0,23,0,113,43,0,156,6,126,47,0,179,0,0,0,179
03/19/2022,BET,AK,AAL,WE,Federal Contract Tower,9,6,0,0,15,0,140,48,0,188,9,146,48,0,203,0,0,0,203
03/20/2022,BET,AK,AAL,WE,Federal Contract Tower,4,2,0,0,6,0,123,38,0,161,4,125,38,0,167,0,0,0,167
03/21/2022,BET,AK,AAL,WE,Federal Contract Tower,5,1,0,0,6,0,147,42,0,189,5,148,42,0,195,0,0,0,195
03/22/2022,BET,AK,AAL,WE,Federal Contract Tower,7,6,0,0,13,1,189,44,0,234,8,195,44,0,247,0,0,0,247
03/23/2022,BET,AK,AAL,WE,Federal Contract Tower,6,2,0,0,8,0,177,81,0,258,6,179,81,0,266,0,0,0,266
03/24/2022,BET,AK,AAL,WE,Federal Contract Tower,12,5,1,0,18,0,192,64,0,256,12,197,65,0,274,0,0,0,274
03/25/2022,BET,AK,AAL,WE,Federal Contract Tower,8,4,1,0,13,0,206,61,0,267,8,210,62,0,280,0,0,0,280
03/26/2022,BET,AK,AAL,WE,Federal Contract Tower,14,15,2,0,31,0,147,44,0,191,14,162,46,0,222,0,0,0,222
03/27/2022,BET,AK,AAL,WE,Federal Contract Tower,5,2,0,0,7,0,116,34,0,150,5,118,34,0,157,0,0,0,157
03/28/2022,BET,AK,AAL,WE,Federal Contract Tower,11,12,0,2,25,0,164,52,0,216,11,176,52,2,241,0,0,0,241
03/29/2022,BET,AK,AAL,WE,Federal Contract Tower,8,9,0,0,17,0,166,62,0,228,8,175,62,0,245,0,0,0,245
03/30/2022,BET,AK,AAL,WE,Federal Contract Tower,10,9,2,0,21,0,162,70,0,232,10,171,72,0,253,6,0,6,259
03/31/2022,BET,AK,AAL,WE,Federal Contract Tower,9,18,1,0,28,0,161,70,0,231,9,179,71,0,259,0,0,0,259
04/01/2022,BET,AK,AAL,WE,Federal Contract Tower,10,9,0,0,19,0,188,57,0,245,10,197,57,0,264,0,0,0,264
04/02/2022,BET,AK,AAL,WE,Federal Contract Tower,10,6,0,0,16,1,136,75,0,212,11,142,75,0,228,0,0,0,228
04/03/2022,BET,AK,AAL,WE,Federal Contract Tower,6,4,0,0,10,0,137,58,0,195,6,141,58,0,205,0,0,0,205
04/04/2022,BET,AK,AAL,WE,Federal Contract Tower,11,12,3,0,26,0,187,88,0,275,11,199,91,0,301,2,0,2,303
04/05/2022,BET,AK,AAL,WE,Federal Contract Tower,12,12,0,0,24,0,174,83,0,257,12,186,83,0,281,0,0,0,281
04/06/2022,BET,AK,AAL,WE,Federal Contract Tower,11,3,0,0,14,0,220,73,0,293,11,223,73,0,307,0,0,0,307
04/07/2022,BET,AK,AAL,WE,Federal Contract Tower,11,12,0,0,23,0,203,69,0,272,11,215,69,0,295,0,0,0,295
04/08/2022,BET,AK,AAL,WE,Federal Contract Tower,9,4,0,0,13,0,191,89,0,280,9,195,89,0,293,0,12,12,305
04/09/2022,BET,AK,AAL,WE,Federal Contract Tower,15,8,3,0,26,0,133,43,0,176,15,141,46,0,202,0,0,0,202
04/10/2022,BET,AK,AAL,WE,Federal Contract Tower,6,0,1,0,7,0,98,35,0,133,6,98,36,0,140,0,0,0,140
04/11/2022,BET,AK,AAL,WE,Federal Contract Tower,11,4,0,0,15,0,210,64,4,278,11,214,64,4,293,0,0,0,293
04/12/2022,BET,AK,AAL,WE,Federal Contract Tower,7,5,4,0,16,1,219,70,0,290,8,224,74,0,306,0,0,0,306
04/13/2022,BET,AK,AAL,WE,Federal Contract Tower,6,6,0,0,12,0,189,87,0,276,6,195,87,0,288,0,0,0,288
04/14/2022,BET,AK,AAL,WE,Federal Contract Tower,15,6,1,0,22,0,173,85,0,258,15,179,86,0,280,0,0,0,280
04/15/2022,BET,AK,AAL,WE,Federal Contract Tower,12,0,0,0,12,0,192,75,0,267,12,192,75,0,279,2,0,2,281
04/16/2022,BET,AK,AAL,WE,Federal Contract Tower,13,6,0,0,19,170,94,0,0,264,183,100,0,0,283,0,0,0,283
04/17/2022,BET,AK,AAL,WE,Federal Contract Tower,6,4,0,0,10,0,72,46,0,118,6,76,46,0,128,6,0,6,134
04/18/2022,BET,AK,AAL,WE,Federal Contract Tower,7,2,0,0,9,0,226,92,0,318,7,228,92,0,327,0,0,0,327
04/19/2022,BET,AK,AAL,WE,Federal Contract Tower,10,7,3,0,20,0,256,152,0,408,10,263,155,0,428,4,0,4,432
04/20/2022,BET,AK,AAL,WE,Federal Contract Tower,10,6,0,2,18,0,197,105,0,302,10,203,105,2,320,6,0,6,326
04/21/2022,BET,AK,AAL,WE,Federal Contract Tower,9,6,0,0,15,0,208,74,0,282,9,214,74,0,297,0,0,0,297
04/22/2022,BET,AK,AAL,WE,Federal Contract Tower,12,2,1,0,15,0,213,75,0,288,12,215,76,0,303,4,0,4,307
04/23/2022,BET,AK,AAL,WE,Federal Contract Tower,11,5,0,0,16,0,207,48,0,255,11,212,48,0,271,6,0,6,277
04/24/2022,BET,AK,AAL,WE,Federal Contract Tower,6,11,5,0,22,0,112,30,0,142,6,123,35,0,164,0,0,0,164
04/25/2022,BET,AK,AAL,WE,Federal Contract Tower,11,31,14,2,58,0,165,73,0,238,11,196,87,2,296,0,0,0,296
04/26/2022,BET,AK,AAL,WE,Federal Contract Tower,13,11,0,0,24,1,220,97,0,318,14,231,97,0,342,1,0,1,343
04/27/2022,BET,AK,AAL,WE,Federal Contract Tower,7,8,2,0,17,0,217,89,0,306,7,225,91,0,323,0,0,0,323
04/28/2022,BET,AK,AAL,WE,Federal Contract Tower,11,13,0,2,26,0,210,73,0,283,11,223,73,2,309,2,0,2,311
04/29/2022,BET,AK,AAL,WE,Federal Contract Tower,12,6,0,0,18,1,228,50,1,280,13,234,50,1,298,6,0,6,304
04/30/2022,BET,AK,AAL,WE,Federal Contract Tower,9,7,1,0,17,0,226,63,2,291,9,233,64,2,308,6,0,6,314
05/01/2022,BET,AK,AAL,WE,Federal Contract Tower,6,2,0,0,8,0,141,36,4,181,6,143,36,4,189,10,0,10,199
05/02/2022,BET,AK,AAL,WE,Federal Contract Tower,11,1,1,0,13,0,206,61,0,267,11,207,62,0,280,4,0,4,284
05/03/2022,BET,AK,AAL,WE,Federal Contract Tower,10,10,1,1,22,0,215,74,6,295,10,225,75,7,317,0,0,0,317
05/04/2022,BET,AK,AAL,WE,Federal Contract Tower,6,5,0,0,11,0,223,96,5,324,6,228,96,5,335,10,0,10,345
05/05/2022,BET,AK,AAL,WE,Federal Contract Tower,11,5,0,0,16,0,224,76,0,300,11,229,76,0,316,6,0,6,322
05/06/2022,BET,AK,AAL,WE,Federal Contract Tower,10,27,5,0,42,0,74,48,4,126,10,101,53,4,168,0,6,6,174
05/07/2022,BET,AK,AAL,WE,Federal Contract Tower,11,8,0,0,19,0,198,80,0,278,11,206,80,0,297,6,0,6,303
05/08/2022,BET,AK,AAL,WE,Federal Contract Tower,4,54,26,0,84,0,26,12,0,38,4,80,38,0,122,0,0,0,122
05/09/2022,BET,AK,AAL,WE,Federal Contract Tower,12,12,4,0,28,0,187,78,3,268,12,199,82,3,296,0,0,0,296
05/10/2022,BET,AK,AAL,WE,Federal Contract Tower,10,23,9,2,44,0,202,101,3,306,10,225,110,5,350,8,0,8,358
05/11/2022,BET,AK,AAL,WE,Federal Contract Tower,11,67,15,0,93,0,52,29,0,81,11,119,44,0,174,0,0,0,174
05/12/2022,BET,AK,AAL,WE,Federal Contract Tower,12,31,5,0,48,0,141,66,1,208,12,172,71,1,256,0,0,0,256
05/13/2022,BET,AK,AAL,WE,Federal Contract Tower,7,12,4,0,23,0,225,94,0,319,7,237,98,0,342,0,0,0,342
05/14/2022,BET,AK,AAL,WE,Federal Contract Tower,10,7,0,0,17,0,209,83,0,292,10,216,83,0,309,0,0,0,309
05/15/2022,BET,AK,AAL,WE,Federal Contract Tower,5,15,7,0,27,1,115,21,0,137,6,130,28,0,164,0,0,0,164
05/16/2022,BET,AK,AAL,WE,Federal Contract Tower,8,9,0,0,17,0,211,48,0,259,8,220,48,0,276,0,0,0,276
05/17/2022,BET,AK,AAL,WE,Federal Contract Tower,11,5,0,0,16,0,212,52,0,264,11,217,52,0,280,0,0,0,280
05/18/2022,BET,AK,AAL,WE,Federal Contract Tower,9,8,3,0,20,0,228,50,0,278,9,236,53,0,298,4,0,4,302
05/19/2022,BET,AK,AAL,WE,Federal Contract Tower,14,7,0,0,21,0,232,52,0,284,14,239,52,0,305,12,0,12,317
05/20/2022,BET,AK,AAL,WE,Federal Contract Tower,16,7,1,0,24,0,213,48,0,261,16,220,49,0,285,0,0,0,285
05/21/2022,BET,AK,AAL,WE,Federal Contract Tower,4,7,0,0,11,0,173,39,0,212,4,180,39,0,223,6,0,6,229
05/22/2022,BET,AK,AAL,WE,Federal Contract Tower,8,4,0,0,12,0,112,36,0,148,8,116,36,0,160,0,0,0,160
05/23/2022,BET,AK,AAL,WE,Federal Contract Tower,10,0,0,0,10,1,207,54,3,265,11,207,54,3,275,2,0,2,277
05/24/2022,BET,AK,AAL,WE,Federal Contract Tower,10,12,3,0,25,2,208,49,1,260,12,220,52,1,285,0,0,0,285
05/25/2022,BET,AK,AAL,WE,Federal Contract Tower,6,4,2,0,12,0,208,55,1,264,6,212,57,1,276,0,0,0,276
05/26/2022,BET,AK,AAL,WE,Federal Contract Tower,9,5,3,0,17,2,183,55,4,244,11,188,58,4,261,0,2,2,263
05/27/2022,BET,AK,AAL,WE,Federal Contract Tower,12,31,2,0,45,0,150,48,0,198,12,181,50,0,243,0,0,0,243
05/28/2022,BET,AK,AAL,WE,Federal Contract Tower,16,29,4,0,49,0,142,40,0,182,16,171,44,0,231,4,0,4,235
05/29/2022,BET,AK,AAL,WE,Federal Contract Tower,5,2,4,0,11,1,109,37,0,147,6,111,41,0,158,0,0,0,158
05/30/2022,BET,AK,AAL,WE,Federal Contract Tower,6,13,2,0,21,0,83,44,0,127,6,96,46,0,148,4,0,4,152
05/31/2022,BET,AK,AAL,WE,Federal Contract Tower,7,7,1,0,15,1,204,65,0,270,8,211,66,0,285,8,0,8,293
06/01/2022,BET,AK,AAL,WE,Federal Contract Tower,9,4,0,0,13,0,179,48,0,227,9,183,48,0,240,0,0,0,240
06/02/2022,BET,AK,AAL,WE,Federal Contract Tower,12,6,2,0,20,0,192,86,0,278,12,198,88,0,298,0,0,0,298
06/03/2022,BET,AK,AAL,WE,Federal Contract Tower,11,6,3,0,20,0,235,77,0,312,11,241,80,0,332,0,0,0,332
06/04/2022,BET,AK,AAL,WE,Federal Contract Tower,15,9,1,0,25,0,157,50,0,207,15,166,51,0,232,0,0,0,232
06/05/2022,BET,AK,AAL,WE,Federal Contract Tower,6,2,0,0,8,0,121,29,0,150,6,123,29,0,158,0,0,0,158
06/07/2022,BET,AK,AAL,WE,Federal Contract Tower,9,8,4,0,21,0,200,58,0,258,9,208,62,0,279,0,0,0,279
06/08/2022,BET,AK,AAL,WE,Federal Contract Tower,11,8,0,0,19,1,201,60,0,262,12,209,60,0,281,0,0,0,281
06/09/2022,BET,AK,AAL,WE,Federal Contract Tower,8,6,3,0,17,0,194,90,0,284,8,200,93,0,301,0,0,0,301
06/10/2022,BET,AK,AAL,WE,Federal Contract Tower,12,5,2,0,19,0,226,54,0,280,12,231,56,0,299,0,0,0,299
06/11/2022,BET,AK,AAL,WE,Federal Contract Tower,9,20,2,0,31,0,134,42,0,176,9,154,44,0,207,0,0,0,207
06/12/2022,BET,AK,AAL,WE,Federal Contract Tower,6,2,0,0,8,0,104,41,0,145,6,106,41,0,153,0,0,0,153
06/13/2022,BET,AK,AAL,WE,Federal Contract Tower,14,8,0,0,22,0,161,58,0,219,14,169,58,0,241,2,0,2,243
06/14/2022,BET,AK,AAL,WE,Federal Contract Tower,9,10,2,0,21,0,191,63,0,254,9,201,65,0,275,0,0,0,275
06/15/2022,BET,AK,AAL,WE,Federal Contract Tower,9,4,0,0,13,0,155,64,0,219,9,159,64,0,232,0,0,0,232
06/16/2022,BET,AK,AAL,WE,Federal Contract Tower,14,12,3,0,29,0,183,71,0,254,14,195,74,0,283,0,0,0,283
06/17/2022,BET,AK,AAL,WE,Federal Contract Tower,13,9,6,0,28,0,196,60,0,256,13,205,66,0,284,0,0,0,284
06/18/2022,BET,AK,AAL,WE,Federal Contract Tower,12,11,2,0,25,4,194,57,0,255,16,205,59,0,280,0,0,0,280
06/19/2022,BET,AK,AAL,WE,Federal Contract Tower,6,2,0,0,8,0,94,26,0,120,6,96,26,0,128,0,0,0,128
06/20/2022,BET,AK,AAL,WE,Federal Contract Tower,10,12,2,0,24,0,151,24,0,175,10,163,26,0,199,0,0,0,199
06/21/2022,BET,AK,AAL,WE,Federal Contract Tower,8,30,4,0,42,0,156,37,0,193,8,186,41,0,235,0,0,0,235
06/22/2022,BET,AK,AAL,WE,Federal Contract Tower,13,18,7,0,38,0,170,48,0,218,13,188,55,0,256,2,0,2,258
06/23/2022,BET,AK,AAL,WE,Federal Contract Tower,9,23,1,0,33,0,188,42,0,230,9,211,43,0,263,20,0,20,283
06/24/2022,BET,AK,AAL,WE,Federal Contract Tower,11,5,0,0,16,0,204,50,0,254,11,209,50,0,270,0,0,0,270
06/25/2022,BET,AK,AAL,WE,Federal Contract Tower,10,7,0,0,17,0,199,52,0,251,10,206,52,0,268,0,0,0,268
06/26/2022,BET,AK,AAL,WE,Federal Contract Tower,6,9,3,0,18,0,92,30,0,122,6,101,33,0,140,0,0,0,140
06/28/2022,BET,AK,AAL,WE,Federal Contract Tower,9,13,5,0,27,0,189,42,0,231,9,202,47,0,258,0,0,0,258
06/29/2022,BET,AK,AAL,WE,Federal Contract Tower,11,5,2,0,18,0,200,42,0,242,11,205,44,0,260,0,0,0,260
06/30/2022,BET,AK,AAL,WE,Federal Contract Tower,11,9,0,0,20,0,192,53,0,245,11,201,53,0,265,0,0,0,265
07/01/2022,BET,AK,AAL,WE,Federal Contract Tower,11,16,1,0,28,0,140,41,0,181,11,156,42,0,209,0,0,0,209
07/02/2022,BET,AK,AAL,WE,Federal Contract Tower,8,11,0,0,19,0,160,37,0,197,8,171,37,0,216,0,0,0,216
07/03/2022,BET,AK,AAL,WE,Federal Contract Tower,6,4,1,0,11,0,98,15,0,113,6,102,16,0,124,0,0,0,124
07/04/2022,BET,AK,AAL,WE,Federal Contract Tower,5,5,1,0,11,0,14,16,0,30,5,19,17,0,41,0,0,0,41
07/05/2022,BET,AK,AAL,WE,Federal Contract Tower,8,10,3,0,21,0,171,45,0,216,8,181,48,0,237,0,0,0,237
07/06/2022,BET,AK,AAL,WE,Federal Contract Tower,7,46,10,0,63,0,92,41,0,133,7,138,51,0,196,0,0,0,196
07/07/2022,BET,AK,AAL,WE,Federal Contract Tower,10,13,4,0,27,0,173,49,0,222,10,186,53,0,249,0,0,0,249
07/08/2022,BET,AK,AAL,WE,Federal Contract Tower,8,10,0,0,18,0,196,56,0,252,8,206,56,0,270,6,0,6,276
07/10/2022,BET,AK,AAL,WE,Federal Contract Tower,6,10,6,0,22,0,105,35,0,140,6,115,41,0,162,0,0,0,162
07/12/2022,BET,AK,AAL,WE,Federal Contract Tower,9,5,2,0,16,157,45,0,0,202,166,50,2,0,218,8,0,8,226
07/14/2022,BET,AK,AAL,WE,Federal Contract Tower,9,54,33,0,96,0,112,49,0,161,9,166,82,0,257,0,0,0,257
07/15/2022,BET,AK,AAL,WE,Federal Contract Tower,6,28,5,0,39,0,98,22,0,120,6,126,27,0,159,0,0,0,159
07/16/2022,BET,AK,AAL,WE,Federal Contract Tower,8,12,10,0,30,0,144,33,2,179,8,156,43,2,209,0,0,0,209
07/17/2022,BET,AK,AAL,WE,Federal Contract Tower,5,14,4,0,23,0,104,28,0,132,5,118,32,0,155,0,0,0,155
07/19/2022,BET,AK,AAL,WE,Federal Contract Tower,7,8,1,0,16,0,175,68,3,246,7,183,69,3,262,0,0,0,262
07/20/2022,BET,AK,AAL,WE,Federal Contract Tower,7,18,10,0,35,0,63,17,0,80,7,81,27,0,115,2,0,2,117
07/21/2022,BET,AK,AAL,WE,Federal Contract Tower,9,12,3,0,24,0,251,47,0,298,9,263,50,0,322,0,0,0,322
07/22/2022,BET,AK,AAL,WE,Federal Contract Tower,8,25,9,0,42,0,170,31,0,201,8,195,40,0,243,0,0,0,243
07/23/2022,BET,AK,AAL,WE,Federal Contract Tower,10,6,1,0,17,0,183,33,0,216,10,189,34,0,233,4,0,4,237
07/24/2022,BET,AK,AAL,WE,Federal Contract Tower,6,6,1,0,13,0,117,33,0,150,6,123,34,0,163,0,0,0,163
07/26/2022,BET,AK,AAL,WE,Federal Contract Tower,11,18,1,1,31,0,238,47,0,285,11,256,48,1,316,0,0,0,316
07/27/2022,BET,AK,AAL,WE,Federal Contract Tower,11,10,6,0,27,0,221,50,0,271,11,231,56,0,298,4,0,4,302
07/28/2022,BET,AK,AAL,WE,Federal Contract Tower,7,10,2,0,19,0,212,59,0,271,7,222,61,0,290,2,0,2,292
07/29/2022,BET,AK,AAL,WE,Federal Contract Tower,8,10,0,0,18,0,201,57,0,258,8,211,57,0,276,12,0,12,288
07/30/2022,BET,AK,AAL,WE,Federal Contract Tower,10,15,6,0,31,0,143,39,0,182,10,158,45,0,213,20,0,20,233
07/31/2022,BET,AK,AAL,WE,Federal Contract Tower,6,4,4,0,14,0,127,46,0,173,6,131,50,0,187,2,0,2,189
08/03/2022,BET,AK,AAL,WE,Federal Contract Tower,7,12,5,0,24,0,198,49,0,247,7,210,54,0,271,0,0,0,271
08/04/2022,BET,AK,AAL,WE,Federal Contract Tower,9,46,17,0,72,0,116,40,0,156,9,162,57,0,228,0,0,0,228
08/05/2022,BET,AK,AAL,WE,Federal Contract Tower,14,36,7,0,57,0,137,26,0,163,14,173,33,0,220,0,0,0,220
08/06/2022,BET,AK,AAL,WE,Federal Contract Tower,9,9,2,0,20,0,214,40,0,254,9,223,42,0,274,0,0,0,274
08/07/2022,BET,AK,AAL,WE,Federal Contract Tower,6,26,8,0,40,0,27,17,0,44,6,53,25,0,84,0,0,0,84
08/08/2022,BET,AK,AAL,WE,Federal Contract Tower,12,5,0,0,17,0,252,44,0,296,12,257,44,0,313,4,0,4,317
08/09/2022,BET,AK,AAL,WE,Federal Contract Tower,9,7,1,1,18,0,204,50,0,254,9,211,51,1,272,0,26,26,298
08/10/2022,BET,AK,AAL,WE,Federal Contract Tower,7,9,7,0,23,0,215,65,0,280,7,224,72,0,303,18,0,18,321
08/12/2022,BET,AK,AAL,WE,Federal Contract Tower,9,54,9,0,72,0,135,40,0,175,9,189,49,0,247,0,0,0,247
08/14/2022,BET,AK,AAL,WE,Federal Contract Tower,6,24,9,0,39,0,92,30,6,128,6,116,39,6,167,0,0,0,167
08/15/2022,BET,AK,AAL,WE,Federal Contract Tower,9,20,1,0,30,0,170,54,1,225,9,190,55,1,255,0,0,0,255
08/17/2022,BET,AK,AAL,WE,Federal Contract Tower,9,38,8,0,55,0,141,51,0,192,9,179,59,0,247,0,0,0,247
08/18/2022,BET,AK,AAL,WE,Federal Contract Tower,10,8,3,0,21,0,233,67,0,300,10,241,70,0,321,2,0,2,323
08/19/2022,BET,AK,AAL,WE,Federal Contract Tower,11,7,0,0,18,0,176,50,0,226,11,183,50,0,244,0,0,0,244
08/20/2022,BET,AK,AAL,WE,Federal Contract Tower,12,8,0,0,20,0,152,42,0,194,12,160,42,0,214,0,0,0,214
08/21/2022,BET,AK,AAL,WE,Federal Contract Tower,4,9,2,0,15,0,79,41,0,120,4,88,43,0,135,0,0,0,135
08/22/2022,BET,AK,AAL,WE,Federal Contract Tower,10,9,2,0,21,0,166,55,0,221,10,175,57,0,242,0,0,0,242
08/23/2022,BET,AK,AAL,WE,Federal Contract Tower,11,20,3,0,34,1,172,53,2,228,12,192,56,2,262,0,0,0,262
08/24/2022,BET,AK,AAL,WE,Federal Contract Tower,8,3,1,0,12,0,174,68,2,244,8,177,69,2,256,4,0,4,260
08/25/2022,BET,AK,AAL,WE,Federal Contract Tower,11,58,6,0,75,0,1,1,0,2,11,59,7,0,77,0,0,0,77
08/26/2022,BET,AK,AAL,WE,Federal Contract Tower,11,48,21,0,80,0,72,30,6,108,11,120,51,6,188,0,0,0,188
08/27/2022,BET,AK,AAL,WE,Federal Contract Tower,8,25,4,0,37,0,108,32,0,140,8,133,36,0,177,4,0,4,181
08/28/2022,BET,AK,AAL,WE,Federal Contract Tower,4,5,2,0,11,0,210,76,4,290,4,215,78,4,301,0,0,0,301
08/30/2022,BET,AK,AAL,WE,Federal Contract Tower,15,60,16,1,92,0,45,24,0,69,15,105,40,1,161,0,0,0,161
08/31/2022,BET,AK,AAL,WE,Federal Contract Tower,11,50,7,0,68,0,91,27,0,118,11,141,34,0,186,6,0,6,192
09/01/2022,BET,AK,AAL,WE,Federal Contract Tower,8,31,28,0,67,0,167,54,0,221,8,198,82,0,288,0,0,0,288
09/02/2022,BET,AK,AAL,WE,Federal Contract Tower,8,7,1,0,16,0,201,84,0,285,8,208,85,0,301,0,0,0,301
09/05/2022,BET,AK,AAL,WE,Federal Contract Tower,8,14,11,0,33,0,137,38,0,175,8,151,49,0,208,0,0,0,208
09/06/2022,BET,AK,AAL,WE,Federal Contract Tower,11,16,6,0,33,0,156,62,0,218,11,172,68,0,251,0,0,0,251
09/07/2022,BET,AK,AAL,WE,Federal Contract Tower,11,6,2,0,19,1,169,59,0,229,12,175,61,0,248,0,0,0,248
09/08/2022,BET,AK,AAL,WE,Federal Contract Tower,11,53,21,0,85,0,103,32,0,135,11,156,53,0,220,0,0,0,220
09/09/2022,BET,AK,AAL,WE,Federal Contract Tower,6,13,2,0,21,0,126,42,0,168,6,139,44,0,189,0,0,0,189
09/11/2022,BET,AK,AAL,WE,Federal Contract Tower,4,15,4,0,23,0,79,40,0,119,4,94,44,0,142,0,0,0,142
09/12/2022,BET,AK,AAL,WE,Federal Contract Tower,10,6,1,0,17,0,167,42,0,209,10,173,43,0,226,0,0,0,226
09/13/2022,BET,AK,AAL,WE,Federal Contract Tower,13,11,5,0,29,0,170,54,0,224,13,181,59,0,253,0,0,0,253
09/14/2022,BET,AK,AAL,WE,Federal Contract Tower,8,27,8,0,43,0,164,77,0,241,8,191,85,0,284,4,0,4,288
09/15/2022,BET,AK,AAL,WE,Federal Contract Tower,12,19,12,0,43,0,124,68,0,192,12,143,80,0,235,0,0,0,235
09/16/2022,BET,AK,AAL,WE,Federal Contract Tower,7,18,9,0,34,0,0,2,0,2,7,18,11,0,36,0,0,0,36
09/17/2022,BET,AK,AAL,WE,Federal Contract Tower,7,2,0,0,9,0,0,0,0,0,7,2,0,0,9,0,0,0,9
09/18/2022,BET,AK,AAL,WE,Federal Contract Tower,4,9,1,0,14,0,179,65,0,244,4,188,66,0,258,0,0,0,258
09/19/2022,BET,AK,AAL,WE,Federal Contract Tower,14,5,2,2,23,0,198,77,0,275,14,203,79,2,298,0,0,0,298
09/20/2022,BET,AK,AAL,WE,Federal Contract Tower,11,4,6,0,21,0,240,84,1,325,11,244,90,1,346,2,0,2,348
09/21/2022,BET,AK,AAL,WE,Federal Contract Tower,8,13,3,4,28,0,191,60,3,254,8,204,63,7,282,6,0,6,288
09/22/2022,BET,AK,AAL,WE,Federal Contract Tower,11,18,5,0,34,0,201,73,2,276,11,219,78,2,310,0,0,0,310
09/23/2022,BET,AK,AAL,WE,Federal Contract Tower,9,11,0,0,20,0,203,65,3,271,9,214,65,3,291,2,0,2,293
09/25/2022,BET,AK,AAL,WE,Federal Contract Tower,4,17,1,1,23,0,178,45,1,224,4,195,46,2,247,10,0,10,257
09/26/2022,BET,AK,AAL,WE,Federal Contract Tower,11,4,4,0,19,0,242,59,3,304,11,246,63,3,323,6,0,6,329
09/27/2022,BET,AK,AAL,WE,Federal Contract Tower,11,9,4,0,24,0,225,56,3,284,11,234,60,3,308,0,0,0,308
09/28/2022,BET,AK,AAL,WE,Federal Contract Tower,9,13,3,0,25,0,228,62,6,296,9,241,65,6,321,14,0,14,335
09/29/2022,BET,AK,AAL,WE,Federal Contract Tower,9,14,9,4,36,0,191,62,0,253,9,205,71,4,289,0,0,0,289
09/30/2022,BET,AK,AAL,WE,Federal Contract Tower,10,27,2,2,41,0,120,52,1,173,10,147,54,3,214,0,0,0,214
10/01/2022,BET,AK,AAL,WE,Federal Contract Tower,7,4,0,0,11,0,214,65,4,283,7,218,65,4,294,16,0,16,310
10/02/2022,BET,AK,AAL,WE,Federal Contract Tower,2,0,3,0,5,0,163,60,4,227,2,163,63,4,232,0,0,0,232
10/03/2022,BET,AK,AAL,WE,Federal Contract Tower,5,10,3,0,18,0,204,55,9,268,5,214,58,9,286,0,0,0,286
10/04/2022,BET,AK,AAL,WE,Federal Contract Tower,9,9,1,0,19,0,260,52,0,312,9,269,53,0,331,12,0,12,343
10/05/2022,BET,AK,AAL,WE,Federal Contract Tower,5,26,6,4,41,0,216,48,0,264,5,242,54,4,305,8,0,8,313
10/06/2022,BET,AK,AAL,WE,Federal Contract Tower,7,14,1,0,22,0,197,45,0,242,7,211,46,0,264,2,0,2,266
10/07/2022,BET,AK,AAL,WE,Federal Contract Tower,9,11,2,0,22,0,242,76,0,318,9,253,78,0,340,12,0,12,352
10/08/2022,BET,AK,AAL,WE,Federal Contract Tower,8,7,0,0,15,0,214,64,0,278,8,221,64,0,293,0,0,0,293
10/09/2022,BET,AK,AAL,WE,Federal Contract Tower,2,2,0,0,4,0,154,68,0,222,2,156,68,0,226,0,0,0,226
10/10/2022,BET,AK,AAL,WE,Federal Contract Tower,4,15,4,0,23,0,170,45,0,215,4,185,49,0,238,0,0,0,238
10/11/2022,BET,AK,AAL,WE,Federal Contract Tower,12,35,15,0,62,0,125,41,0,166,12,160,56,0,228,2,0,2,230
10/12/2022,BET,AK,AAL,WE,Federal Contract Tower,7,40,15,0,62,0,165,74,0,239,7,205,89,0,301,62,0,62,363
10/14/2022,BET,AK,AAL,WE,Federal Contract Tower,9,11,2,0,22,0,292,66,2,360,9,303,68,2,382,0,0,0,382
10/15/2022,BET,AK,AAL,WE,Federal Contract Tower,4,8,3,0,15,0,176,63,1,240,4,184,66,1,255,6,0,6,261
10/16/2022,BET,AK,AAL,WE,Federal Contract Tower,3,35,36,0,74,0,0,5,0,5,3,35,41,0,79,0,0,0,79
10/17/2022,BET,AK,AAL,WE,Federal Contract Tower,13,14,8,0,35,0,241,70,0,311,13,255,78,0,346,42,0,42,388
10/18/2022,BET,AK,AAL,WE,Federal Contract Tower,8,10,3,1,22,0,252,86,0,338,8,262,89,1,360,28,0,28,388
10/19/2022,BET,AK,AAL,WE,Federal Contract Tower,8,15,5,0,28,1,205,59,0,265,9,220,64,0,293,8,0,8,301
10/20/2022,BET,AK,AAL,WE,Federal Contract Tower,15,8,2,2,27,0,226,70,0,296,15,234,72,2,323,20,0,20,343
10/21/2022,BET,AK,AAL,WE,Federal Contract Tower,7,9,1,0,17,0,251,88,0,339,7,260,89,0,356,18,0,18,374
10/22/2022,BET,AK,AAL,WE,Federal Contract Tower,4,37,2,0,43,0,6,3,0,9,4,43,5,0,52,0,0,0,52
10/23/2022,BET,AK,AAL,WE,Federal Contract Tower,4,9,4,0,17,0,165,98,0,263,4,174,102,0,280,0,0,0,280
10/24/2022,BET,AK,AAL,WE,Federal Contract Tower,8,4,1,0,13,0,194,87,0,281,8,198,88,0,294,2,0,2,296
10/25/2022,BET,AK,AAL,WE,Federal Contract Tower,6,30,0,0,36,0,0,0,0,0,6,30,0,0,36,0,0,0,36
10/26/2022,BET,AK,AAL,WE,Federal Contract Tower,7,14,1,0,22,0,66,32,0,98,7,80,33,0,120,0,0,0,120
10/27/2022,BET,AK,AAL,WE,Federal Contract Tower,5,9,2,0,16,0,189,90,0,279,5,198,92,0,295,0,0,0,295
10/28/2022,BET,AK,AAL,WE,Federal Contract Tower,5,8,1,0,14,0,212,132,0,344,5,220,133,0,358,28,0,28,386
10/29/2022,BET,AK,AAL,WE,Federal Contract Tower,0,0,0,0,0,0,0,0,0,0,0,0,0,0,0,0,0,0,0
10/30/2022,BET,AK,AAL,WE,Federal Contract Tower,3,54,11,0,68,0,31,8,0,39,3,85,19,0,107,0,0,0,107
10/31/2022,BET,AK,AAL,WE,Federal Contract Tower,8,4,0,0,12,0,173,126,0,299,8,177,126,0,311,6,0,6,317
11/01/2022,BET,AK,AAL,WE,Federal Contract Tower,3,2,5,0,10,0,119,101,0,220,3,121,106,0,230,12,0,12,242
11/02/2022,BET,AK,AAL,WE,Federal Contract Tower,2,26,2,0,30,0,21,1,0,22,2,47,3,0,52,0,0,0,52
11/03/2022,BET,AK,AAL,WE,Federal Contract Tower,5,12,0,0,17,0,187,85,0,272,5,199,85,0,289,1,0,1,290
11/04/2022,BET,AK,AAL,WE,Federal Contract Tower,2,3,0,0,5,0,33,31,0,64,2,36,31,0,69,0,0,0,69
11/05/2022,BET,AK,AAL,WE,Federal Contract Tower,11,21,2,0,34,0,132,80,0,212,11,153,82,0,246,0,0,0,246
11/06/2022,BET,AK,AAL,WE,Federal Contract Tower,7,6,0,0,13,0,176,100,0,276,7,182,100,0,289,6,0,6,295
11/07/2022,BET,AK,AAL,WE,Federal Contract Tower,1,4,2,0,7,0,0,0,0,0,1,4,2,0,7,0,0,0,7
11/08/2022,BET,AK,AAL,WE,Federal Contract Tower,10,33,12,0,55,0,61,27,0,88,10,94,39,0,143,0,0,0,143
11/09/2022,BET,AK,AAL,WE,Federal Contract Tower,7,16,0,0,23,0,206,146,0,352,7,222,146,0,375,0,0,0,375
11/10/2022,BET,AK,AAL,WE,Federal Contract Tower,6,7,0,0,13,0,105,94,0,199,6,112,94,0,212,0,0,0,212
11/11/2022,BET,AK,AAL,WE,Federal Contract Tower,2,31,10,0,43,0,116,91,0,207,2,147,101,0,250,0,0,0,250
11/12/2022,BET,AK,AAL,WE,Federal Contract Tower,5,19,3,0,27,0,117,35,0,152,5,136,38,0,179,16,0,16,195
11/13/2022,BET,AK,AAL,WE,Federal Contract Tower,5,21,4,0,30,0,141,88,0,229,5,162,92,0,259,0,0,0,259
11/14/2022,BET,AK,AAL,WE,Federal Contract Tower,7,2,3,0,12,0,256,151,1,408,7,258,154,1,420,4,0,4,424
11/15/2022,BET,AK,AAL,WE,Federal Contract Tower,2,4,0,0,6,2,248,129,0,379,4,252,129,0,385,6,0,6,391
11/16/2022,BET,AK,AAL,WE,Federal Contract Tower,4,4,0,1,9,0,219,133,8,360,4,223,133,9,369,6,2,8,377
11/17/2022,BET,AK,AAL,WE,Federal Contract Tower,6,21,3,0,30,0,190,130,1,321,6,211,133,1,351,6,0,6,357
11/18/2022,BET,AK,AAL,WE,Federal Contract Tower,3,21,2,0,26,0,80,36,0,116,3,101,38,0,142,0,0,0,142
11/19/2022,BET,AK,AAL,WE,Federal Contract Tower,4,0,1,0,5,0,238,131,0,369,4,238,132,0,374,6,0,6,380
11/20/2022,BET,AK,AAL,WE,Federal Contract Tower,6,3,1,0,10,0,174,104,0,278,6,177,105,0,288,4,0,4,292
11/21/2022,BET,AK,AAL,WE,Federal Contract Tower,8,53,20,0,81,0,37,39,0,76,8,90,59,0,157,8,0,8,165
11/22/2022,BET,AK,AAL,WE,Federal Contract Tower,12,23,8,0,43,0,165,107,0,272,12,188,115,0,315,0,0,0,315
11/23/2022,BET,AK,AAL,WE,Federal Contract Tower,5,10,0,0,15,0,197,156,0,353,5,207,156,0,368,2,0,2,370
11/24/2022,BET,AK,AAL,WE,Federal Contract Tower,0,31,3,0,34,0,26,1,0,27,0,57,4,0,61,0,0,0,61
11/25/2022,BET,AK,AAL,WE,Federal Contract Tower,5,37,11,0,53,0,79,55,0,134,5,116,66,0,187,0,0,0,187
11/27/2022,BET,AK,AAL,WE,Federal Contract Tower,5,5,0,0,10,0,186,102,0,288,5,191,102,0,298,0,0,0,298
11/28/2022,BET,AK,AAL,WE,Federal Contract Tower,5,6,1,0,12,0,201,145,0,346,5,207,146,0,358,0,0,0,358
11/29/2022,BET,AK,AAL,WE,Federal Contract Tower,5,11,0,0,16,1,137,98,0,236,6,148,98,0,252,2,0,2,254
11/30/2022,BET,AK,AAL,WE,Federal Contract Tower,0,2,0,0,2,0,0,0,0,0,0,2,0,0,2,0,0,0,2
12/01/2022,BET,AK,AAL,WE,Federal Contract Tower,1,4,1,0,6,0,36,29,0,65,1,40,30,0,71,6,0,6,77
12/02/2022,BET,AK,AAL,WE,Federal Contract Tower,8,2,0,0,10,0,272,179,0,451,8,274,179,0,461,6,0,6,467
12/04/2022,BET,AK,AAL,WE,Federal Contract Tower,4,3,0,0,7,0,1,15,0,16,4,4,15,0,23,0,0,0,23
12/05/2022,BET,AK,AAL,WE,Federal Contract Tower,5,12,2,0,19,0,140,101,0,241,5,152,103,0,260,0,0,0,260
12/06/2022,BET,AK,AAL,WE,Federal Contract Tower,7,13,3,0,23,0,135,93,0,228,7,148,96,0,251,0,0,0,251
12/08/2022,BET,AK,AAL,WE,Federal Contract Tower,5,8,3,0,16,0,178,100,0,278,5,186,103,0,294,6,0,6,300
12/11/2022,BET,AK,AAL,WE,Federal Contract Tower,3,0,8,0,11,0,29,30,0,59,3,29,38,0,70,0,0,0,70
12/17/2022,BET,AK,AAL,WE,Federal Contract Tower,7,0,0,0,7,0,115,69,0,184,7,115,69,0,191,4,0,4,195
12/18/2022,BET,AK,AAL,WE,Federal Contract Tower,4,3,0,0,7,0,148,68,0,216,4,151,68,0,223,0,0,0,223
12/19/2022,BET,AK,AAL,WE,Federal Contract Tower,10,2,0,0,12,0,185,100,0,285,10,187,100,0,297,2,0,2,299
12/27/2022,BET,AK,AAL,WE,Federal Contract Tower,6,7,0,0,13,0,111,41,0,152,6,118,41,0,165,0,0,0,165
12/28/2022,BET,AK,AAL,WE,Federal Contract Tower,2,2,0,0,4,1,117,51,0,169,3,119,51,0,173,0,0,0,173
01/06/2023,BET,AK,AAL,WE,Federal Contract Tower,4,11,1,0,16,0,155,42,0,197,4,166,43,0,213,0,0,0,213
01/07/2023,BET,AK,AAL,WE,Federal Contract Tower,5,3,2,0,10,0,159,44,0,203,5,162,46,0,213,0,0,0,213
01/08/2023,BET,AK,AAL,WE,Federal Contract Tower,2,5,0,0,7,0,66,37,0,103,2,71,37,0,110,0,0,0,110
01/11/2023,BET,AK,AAL,WE,Federal Contract Tower,8,18,12,0,38,0,13,4,0,17,8,31,16,0,55,2,0,2,57
01/15/2023,BET,AK,AAL,WE,Federal Contract Tower,2,15,6,0,23,0,32,13,0,45,2,47,19,0,68,8,0,8,76
01/16/2023,BET,AK,AAL,WE,Federal Contract Tower,10,25,10,0,45,0,94,33,0,127,10,119,43,0,172,0,0,0,172
01/17/2023,BET,AK,AAL,WE,Federal Contract Tower,8,12,4,1,25,0,144,65,2,211,8,156,69,3,236,2,0,2,238
01/18/2023,BET,AK,AAL,WE,Federal Contract Tower,7,43,13,0,63,0,116,41,0,157,7,159,54,0,220,0,0,0,220
01/19/2023,BET,AK,AAL,WE,Federal Contract Tower,9,80,23,0,112,0,32,15,0,47,9,112,38,0,159,0,0,0,159
01/20/2023,BET,AK,AAL,WE,Federal Contract Tower,6,47,12,0,65,0,79,37,0,116,6,126,49,0,181,6,0,6,187
01/21/2023,BET,AK,AAL,WE,Federal Contract Tower,8,7,0,0,15,173,47,0,0,220,181,54,0,0,235,0,0,0,235
01/22/2023,BET,AK,AAL,WE,Federal Contract Tower,2,6,0,0,8,0,0,0,0,0,2,6,0,0,8,0,0,0,8
01/23/2023,BET,AK,AAL,WE,Federal Contract Tower,7,9,0,0,16,0,17,5,0,22,7,26,5,0,38,0,0,0,38
01/24/2023,BET,AK,AAL,WE,Federal Contract Tower,10,24,5,0,39,0,56,32,0,88,10,80,37,0,127,6,0,6,133
01/25/2023,BET,AK,AAL,WE,Federal Contract Tower,12,44,5,0,61,0,130,34,0,164,12,174,39,0,225,8,0,8,233
01/26/2023,BET,AK,AAL,WE,Federal Contract Tower,10,22,3,0,35,0,128,58,0,186,10,150,61,0,221,0,0,0,221
01/27/2023,BET,AK,AAL,WE,Federal Contract Tower,12,20,12,0,44,0,97,27,0,124,12,117,39,0,168,0,0,0,168
01/28/2023,BET,AK,AAL,WE,Federal Contract Tower,8,10,1,0,19,0,51,20,0,71,8,61,21,0,90,2,0,2,92
01/29/2023,BET,AK,AAL,WE,Federal Contract Tower,7,8,0,0,15,0,164,63,0,227,7,172,63,0,242,0,0,0,242
01/30/2023,BET,AK,AAL,WE,Federal Contract Tower,9,22,6,0,37,0,0,0,0,0,9,22,6,0,37,0,0,0,37
01/31/2023,BET,AK,AAL,WE,Federal Contract Tower,6,33,8,0,47,0,0,0,0,0,6,33,8,0,47,0,0,0,47
02/01/2023,BET,AK,AAL,WE,Federal Contract Tower,6,21,12,0,39,0,90,45,0,135,6,111,57,0,174,2,0,2,176
02/03/2023,BET,AK,AAL,WE,Federal Contract Tower,5,34,8,0,47,0,15,13,0,28,5,49,21,0,75,0,0,0,75
02/04/2023,BET,AK,AAL,WE,Federal Contract Tower,6,12,2,0,20,0,190,85,1,276,6,202,87,1,296,4,0,4,300
02/05/2023,BET,AK,AAL,WE,Federal Contract Tower,3,3,0,0,6,0,125,60,0,185,3,128,60,0,191,0,0,0,191
02/06/2023,BET,AK,AAL,WE,Federal Contract Tower,8,9,1,2,20,0,228,70,0,298,8,237,71,2,318,0,0,0,318
02/07/2023,BET,AK,AAL,WE,Federal Contract Tower,6,4,0,0,10,0,216,64,2,282,6,220,64,2,292,0,0,0,292
02/08/2023,BET,AK,AAL,WE,Federal Contract Tower,4,19,1,0,24,0,167,43,0,210,4,186,44,0,234,0,0,0,234
02/09/2023,BET,AK,AAL,WE,Federal Contract Tower,8,13,0,2,23,0,188,56,0,244,8,201,56,2,267,4,0,4,271
02/10/2023,BET,AK,AAL,WE,Federal Contract Tower,5,32,4,0,41,0,0,0,0,0,5,32,4,0,41,0,0,0,41
02/11/2023,BET,AK,AAL,WE,Federal Contract Tower,5,4,0,0,9,0,195,64,2,261,5,199,64,2,270,0,0,0,270
02/12/2023,BET,AK,AAL,WE,Federal Contract Tower,2,2,0,0,4,0,109,29,0,138,2,111,29,0,142,4,0,4,146
02/13/2023,BET,AK,AAL,WE,Federal Contract Tower,7,6,0,0,13,0,223,92,2,317,7,229,92,2,330,0,0,0,330
02/14/2023,BET,AK,AAL,WE,Federal Contract Tower,7,0,0,0,7,0,219,59,4,282,7,219,59,4,289,0,0,0,289
02/15/2023,BET,AK,AAL,WE,Federal Contract Tower,7,7,0,0,14,0,204,88,0,292,7,211,88,0,306,0,0,0,306
02/16/2023,BET,AK,AAL,WE,Federal Contract Tower,10,29,13,0,52,0,13,2,0,15,10,42,15,0,67,2,0,2,69
02/17/2023,BET,AK,AAL,WE,Federal Contract Tower,6,18,3,0,27,0,65,26,0,91,6,83,29,0,118,0,0,0,118
02/18/2023,BET,AK,AAL,WE,Federal Contract Tower,4,26,4,0,34,0,49,15,0,64,4,75,19,0,98,0,0,0,98
02/19/2023,BET,AK,AAL,WE,Federal Contract Tower,2,27,3,0,32,0,0,0,0,0,2,27,3,0,32,0,0,0,32
02/20/2023,BET,AK,AAL,WE,Federal Contract Tower,6,35,3,0,44,0,8,3,0,11,6,43,6,0,55,0,0,0,55
02/21/2023,BET,AK,AAL,WE,Federal Contract Tower,4,7,2,0,13,0,74,50,0,124,4,81,52,0,137,12,0,12,149
02/22/2023,BET,AK,AAL,WE,Federal Contract Tower,7,3,0,0,10,0,4,3,0,7,7,7,3,0,17,4,0,4,21
02/23/2023,BET,AK,AAL,WE,Federal Contract Tower,13,11,0,0,24,0,172,60,0,232,13,183,60,0,256,0,0,0,256
02/24/2023,BET,AK,AAL,WE,Federal Contract Tower,5,53,5,0,63,0,97,63,1,161,5,150,68,1,224,0,0,0,224
02/25/2023,BET,AK,AAL,WE,Federal Contract Tower,7,37,8,0,52,0,161,57,2,220,7,198,65,2,272,18,0,18,290
02/26/2023,BET,AK,AAL,WE,Federal Contract Tower,5,4,1,0,10,0,228,65,2,295,5,232,66,2,305,2,0,2,307
02/27/2023,BET,AK,AAL,WE,Federal Contract Tower,11,9,0,0,20,0,223,88,0,311,11,232,88,0,331,4,0,4,335
02/28/2023,BET,AK,AAL,WE,Federal Contract Tower,3,3,0,0,6,0,0,0,0,0,3,3,0,0,6,0,0,0,6
03/01/2023,BET,AK,AAL,WE,Federal Contract Tower,2,4,5,0,11,0,0,0,0,0,2,4,5,0,11,0,0,0,11
03/02/2023,BET,AK,AAL,WE,Federal Contract Tower,6,13,1,0,20,0,215,121,0,336,6,228,122,0,356,8,0,8,364
03/03/2023,BET,AK,AAL,WE,Federal Contract Tower,8,10,6,0,24,0,233,110,0,343,8,243,116,0,367,0,0,0,367
03/04/2023,BET,AK,AAL,WE,Federal Contract Tower,14,4,0,0,18,0,144,37,0,181,14,148,37,0,199,2,0,2,201
03/05/2023,BET,AK,AAL,WE,Federal Contract Tower,9,6,0,0,15,0,13,15,0,28,9,19,15,0,43,10,0,10,53
03/06/2023,BET,AK,AAL,WE,Federal Contract Tower,10,4,0,0,14,0,222,54,0,276,10,226,54,0,290,0,0,0,290
03/07/2023,BET,AK,AAL,WE,Federal Contract Tower,9,47,15,0,71,0,95,64,0,159,9,142,79,0,230,6,0,6,236
03/08/2023,BET,AK,AAL,WE,Federal Contract Tower,6,47,7,1,61,0,115,43,3,161,6,162,50,4,222,0,0,0,222
03/09/2023,BET,AK,AAL,WE,Federal Contract Tower,5,33,7,0,45,0,151,75,0,226,5,184,82,0,271,0,0,0,271
03/10/2023,BET,AK,AAL,WE,Federal Contract Tower,8,2,1,0,11,0,259,109,0,368,8,261,110,0,379,8,0,8,387
03/11/2023,BET,AK,AAL,WE,Federal Contract Tower,10,8,3,0,21,0,240,122,0,362,10,248,125,0,383,2,0,2,385
03/12/2023,BET,AK,AAL,WE,Federal Contract Tower,5,3,1,0,9,0,193,66,0,259,5,196,67,0,268,8,0,8,276
03/13/2023,BET,AK,AAL,WE,Federal Contract Tower,11,35,3,0,49,0,85,46,0,131,11,120,49,0,180,4,0,4,184
03/14/2023,BET,AK,AAL,WE,Federal Contract Tower,7,4,0,0,11,0,151,66,0,217,7,155,66,0,228,4,0,4,232
03/15/2023,BET,AK,AAL,WE,Federal Contract Tower,7,6,0,0,13,0,160,57,0,217,7,166,57,0,230,4,0,4,234
03/16/2023,BET,AK,AAL,WE,Federal Contract Tower,13,6,0,0,19,0,221,60,0,281,13,227,60,0,300,0,0,0,300
03/17/2023,BET,AK,AAL,WE,Federal Contract Tower,5,6,0,0,11,0,165,59,0,224,5,171,59,0,235,0,0,0,235
03/18/2023,BET,AK,AAL,WE,Federal Contract Tower,9,1,0,0,10,0,213,63,0,276,9,214,63,0,286,0,0,0,286
03/19/2023,BET,AK,AAL,WE,Federal Contract Tower,6,3,0,0,9,0,182,71,0,253,6,185,71,0,262,0,0,0,262
03/20/2023,BET,AK,AAL,WE,Federal Contract Tower,12,2,0,0,14,0,30,13,0,43,12,32,13,0,57,0,0,0,57
03/21/2023,BET,AK,AAL,WE,Federal Contract Tower,6,27,17,0,50,0,151,66,0,217,6,178,83,0,267,4,0,4,271
03/22/2023,BET,AK,AAL,WE,Federal Contract Tower,6,26,9,0,41,0,145,46,0,191,6,171,55,0,232,6,0,6,238
03/23/2023,BET,AK,AAL,WE,Federal Contract Tower,7,16,5,4,32,0,99,33,0,132,7,115,38,4,164,2,0,2,166
03/24/2023,BET,AK,AAL,WE,Federal Contract Tower,6,27,2,2,37,0,75,47,0,122,6,102,49,2,159,12,0,12,171
03/25/2023,BET,AK,AAL,WE,Federal Contract Tower,8,20,2,0,30,0,104,36,0,140,8,124,38,0,170,0,0,0,170
03/26/2023,BET,AK,AAL,WE,Federal Contract Tower,6,8,0,0,14,0,150,62,0,212,6,158,62,0,226,0,0,0,226
03/27/2023,BET,AK,AAL,WE,Federal Contract Tower,6,15,1,0,22,0,160,72,0,232,6,175,73,0,254,4,0,4,258
03/28/2023,BET,AK,AAL,WE,Federal Contract Tower,9,11,2,0,22,0,168,61,0,229,9,179,63,0,251,0,0,0,251
03/29/2023,BET,AK,AAL,WE,Federal Contract Tower,7,31,11,0,49,0,36,21,0,57,7,67,32,0,106,0,0,0,106
03/30/2023,BET,AK,AAL,WE,Federal Contract Tower,5,42,11,2,60,0,28,30,0,58,5,70,41,2,118,0,0,0,118
03/31/2023,BET,AK,AAL,WE,Federal Contract Tower,8,32,21,1,62,0,126,80,1,207,8,158,101,2,269,0,0,0,269
04/01/2023,BET,AK,AAL,WE,Federal Contract Tower,15,13,1,2,31,0,157,65,0,222,15,170,66,2,253,4,0,4,257
04/02/2023,BET,AK,AAL,WE,Federal Contract Tower,5,6,2,0,13,0,147,47,0,194,5,153,49,0,207,16,1,17,224
04/03/2023,BET,AK,AAL,WE,Federal Contract Tower,10,16,1,2,29,0,191,69,0,260,10,207,70,2,289,0,0,0,289
04/04/2023,BET,AK,AAL,WE,Federal Contract Tower,9,22,1,0,32,0,175,54,0,229,9,197,55,0,261,0,0,0,261
04/05/2023,BET,AK,AAL,WE,Federal Contract Tower,14,3,2,0,19,0,223,86,2,311,14,226,88,2,330,4,0,4,334
04/06/2023,BET,AK,AAL,WE,Federal Contract Tower,12,3,0,0,15,0,247,126,1,374,12,250,126,1,389,6,0,6,395
04/08/2023,BET,AK,AAL,WE,Federal Contract Tower,8,3,1,0,12,0,206,40,0,246,8,209,41,0,258,0,0,0,258
04/09/2023,BET,AK,AAL,WE,Federal Contract Tower,4,0,0,0,4,0,74,18,0,92,4,74,18,0,96,4,0,4,100
04/10/2023,BET,AK,AAL,WE,Federal Contract Tower,12,3,0,0,15,0,228,39,0,267,12,231,39,0,282,6,0,6,288
04/11/2023,BET,AK,AAL,WE,Federal Contract Tower,9,28,5,0,42,0,20,5,0,25,9,48,10,0,67,0,0,0,67
04/12/2023,BET,AK,AAL,WE,Federal Contract Tower,10,6,0,0,16,0,164,55,2,221,10,170,55,2,237,0,0,0,237
04/13/2023,BET,AK,AAL,WE,Federal Contract Tower,8,3,0,0,11,0,187,83,0,270,8,190,83,0,281,6,0,6,287
04/15/2023,BET,AK,AAL,WE,Federal Contract Tower,3,2,0,0,5,0,158,50,0,208,3,160,50,0,213,0,0,0,213
04/16/2023,BET,AK,AAL,WE,Federal Contract Tower,6,2,0,0,8,0,132,48,0,180,6,134,48,0,188,4,0,4,192
04/17/2023,BET,AK,AAL,WE,Federal Contract Tower,13,8,0,0,21,0,204,65,2,271,13,212,65,2,292,8,0,8,300
04/18/2023,BET,AK,AAL,WE,Federal Contract Tower,7,9,2,0,18,0,206,71,0,277,7,215,73,0,295,0,0,0,295
04/19/2023,BET,AK,AAL,WE,Federal Contract Tower,9,3,2,0,14,0,198,67,0,265,9,201,69,0,279,30,0,30,309
04/21/2023,BET,AK,AAL,WE,Federal Contract Tower,5,3,0,0,8,0,144,36,4,184,5,147,36,4,192,0,0,0,192
04/22/2023,BET,AK,AAL,WE,Federal Contract Tower,5,2,0,0,7,0,144,39,0,183,5,146,39,0,190,18,0,18,208
04/23/2023,BET,AK,AAL,WE,Federal Contract Tower,6,2,0,0,8,0,96,56,0,152,6,98,56,0,160,0,0,0,160
04/25/2023,BET,AK,AAL,WE,Federal Contract Tower,13,5,0,0,18,0,199,81,4,284,13,204,81,4,302,0,0,0,302
04/26/2023,BET,AK,AAL,WE,Federal Contract Tower,9,4,0,0,13,0,220,52,4,276,9,224,52,4,289,0,0,0,289
04/28/2023,BET,AK,AAL,WE,Federal Contract Tower,4,25,8,0,37,0,49,47,2,98,4,74,55,2,135,0,0,0,135
04/29/2023,BET,AK,AAL,WE,Federal Contract Tower,5,3,0,0,8,0,166,75,0,241,5,169,75,0,249,4,0,4,253
04/30/2023,BET,AK,AAL,WE,Federal Contract Tower,6,0,0,0,6,0,90,54,0,144,6,90,54,0,150,8,0,8,158
05/01/2023,BET,AK,AAL,WE,Federal Contract Tower,13,10,7,0,30,0,206,82,0,288,13,216,89,0,318,0,0,0,318
05/02/2023,BET,AK,AAL,WE,Federal Contract Tower,10,29,15,0,54,0,77,34,0,111,10,106,49,0,165,0,0,0,165
05/03/2023,BET,AK,AAL,WE,Federal Contract Tower,7,16,0,2,25,0,252,96,1,349,7,268,96,3,374,0,0,0,374
05/04/2023,BET,AK,AAL,WE,Federal Contract Tower,11,22,2,2,37,0,246,88,2,336,11,268,90,4,373,6,8,14,387
05/05/2023,BET,AK,AAL,WE,Federal Contract Tower,2,28,2,0,32,0,123,70,0,193,2,151,72,0,225,0,0,0,225
05/06/2023,BET,AK,AAL,WE,Federal Contract Tower,5,16,0,0,21,0,164,68,0,232,5,180,68,0,253,6,0,6,259
05/07/2023,BET,AK,AAL,WE,Federal Contract Tower,6,0,1,0,7,161,72,0,0,233,167,72,1,0,240,10,0,10,250
05/08/2023,BET,AK,AAL,WE,Federal Contract Tower,7,7,3,2,19,0,172,57,1,230,7,179,60,3,249,4,0,4,253
05/09/2023,BET,AK,AAL,WE,Federal Contract Tower,9,9,0,0,18,0,252,106,4,362,9,261,106,4,380,2,0,2,382
05/10/2023,BET,AK,AAL,WE,Federal Contract Tower,13,6,4,0,23,0,248,110,0,358,13,254,114,0,381,0,0,0,381
05/11/2023,BET,AK,AAL,WE,Federal Contract Tower,11,6,0,0,17,0,238,84,0,322,11,244,84,0,339,4,0,4,343
05/12/2023,BET,AK,AAL,WE,Federal Contract Tower,4,4,1,0,9,0,179,90,2,271,4,183,91,2,280,0,0,0,280
05/13/2023,BET,AK,AAL,WE,Federal Contract Tower,3,0,0,0,3,0,157,44,0,201,3,157,44,0,204,0,0,0,204
05/14/2023,BET,AK,AAL,WE,Federal Contract Tower,7,21,4,0,32,0,101,56,2,159,7,122,60,2,191,4,0,4,195
05/15/2023,BET,AK,AAL,WE,Federal Contract Tower,10,23,4,2,39,0,171,85,1,257,10,194,89,3,296,4,0,4,300
05/16/2023,BET,AK,AAL,WE,Federal Contract Tower,8,28,32,8,76,0,6,16,0,22,8,34,48,8,98,0,0,0,98
05/17/2023,BET,AK,AAL,WE,Federal Contract Tower,7,19,6,4,36,0,144,118,0,262,7,163,124,4,298,6,6,12,310
05/18/2023,BET,AK,AAL,WE,Federal Contract Tower,9,8,2,0,19,0,234,136,0,370,9,242,138,0,389,0,0,0,389
05/19/2023,BET,AK,AAL,WE,Federal Contract Tower,2,7,1,0,10,0,149,81,1,231,2,156,82,1,241,0,0,0,241
05/20/2023,BET,AK,AAL,WE,Federal Contract Tower,6,2,0,1,9,0,171,70,0,241,6,173,70,1,250,2,0,2,252
05/21/2023,BET,AK,AAL,WE,Federal Contract Tower,6,4,0,0,10,0,144,90,0,234,6,148,90,0,244,0,0,0,244
05/22/2023,BET,AK,AAL,WE,Federal Contract Tower,9,4,3,0,16,0,232,66,2,300,9,236,69,2,316,0,0,0,316
05/23/2023,BET,AK,AAL,WE,Federal Contract Tower,10,4,1,2,17,0,234,86,0,320,10,238,87,2,337,0,0,0,337
05/24/2023,BET,AK,AAL,WE,Federal Contract Tower,7,18,2,0,27,0,156,93,0,249,7,174,95,0,276,0,0,0,276
05/25/2023,BET,AK,AAL,WE,Federal Contract Tower,12,8,3,0,23,0,178,73,2,253,12,186,76,2,276,0,0,0,276
05/26/2023,BET,AK,AAL,WE,Federal Contract Tower,5,6,2,0,13,0,114,52,0,166,5,120,54,0,179,0,0,0,179
05/27/2023,BET,AK,AAL,WE,Federal Contract Tower,4,5,5,0,14,0,147,42,0,189,4,152,47,0,203,0,0,0,203
05/28/2023,BET,AK,AAL,WE,Federal Contract Tower,4,11,2,0,17,0,98,28,0,126,4,109,30,0,143,0,0,0,143
05/29/2023,BET,AK,AAL,WE,Federal Contract Tower,8,23,3,0,34,0,70,70,0,140,8,93,73,0,174,0,0,0,174
05/30/2023,BET,AK,AAL,WE,Federal Contract Tower,9,28,9,0,46,0,162,68,0,230,9,190,77,0,276,0,0,0,276
05/31/2023,BET,AK,AAL,WE,Federal Contract Tower,8,4,6,0,18,0,226,79,0,305,8,230,85,0,323,0,0,0,323
06/01/2023,BET,AK,AAL,WE,Federal Contract Tower,15,60,30,0,105,0,44,16,0,60,15,104,46,0,165,0,0,0,165
06/02/2023,BET,AK,AAL,WE,Federal Contract Tower,6,13,3,0,22,0,140,65,0,205,6,153,68,0,227,0,0,0,227
06/03/2023,BET,AK,AAL,WE,Federal Contract Tower,4,4,0,0,8,0,148,42,0,190,4,152,42,0,198,0,0,0,198
06/04/2023,BET,AK,AAL,WE,Federal Contract Tower,6,8,0,0,14,0,130,56,0,186,6,138,56,0,200,18,0,18,218
06/05/2023,BET,AK,AAL,WE,Federal Contract Tower,5,5,2,0,12,0,239,80,0,319,5,244,82,0,331,0,0,0,331
06/06/2023,BET,AK,AAL,WE,Federal Contract Tower,11,5,3,0,19,0,235,60,0,295,11,240,63,0,314,2,0,2,316
06/07/2023,BET,AK,AAL,WE,Federal Contract Tower,6,3,3,0,12,0,230,66,0,296,6,233,69,0,308,0,0,0,308
06/08/2023,BET,AK,AAL,WE,Federal Contract Tower,11,1,0,0,12,0,207,81,0,288,11,208,81,0,300,2,0,2,302
06/09/2023,BET,AK,AAL,WE,Federal Contract Tower,2,6,1,1,10,0,145,48,0,193,2,151,49,1,203,0,0,0,203
06/10/2023,BET,AK,AAL,WE,Federal Contract Tower,2,4,0,0,6,0,159,43,0,202,2,163,43,0,208,2,0,2,210
06/11/2023,BET,AK,AAL,WE,Federal Contract Tower,3,6,0,0,9,0,92,40,0,132,3,98,40,0,141,4,0,4,145
06/12/2023,BET,AK,AAL,WE,Federal Contract Tower,7,17,8,0,32,0,184,66,0,250,7,201,74,0,282,8,0,8,290
06/13/2023,BET,AK,AAL,WE,Federal Contract Tower,12,36,13,0,61,0,131,42,1,174,12,167,55,1,235,6,0,6,241
06/14/2023,BET,AK,AAL,WE,Federal Contract Tower,12,9,1,0,22,0,230,66,0,296,12,239,67,0,318,0,0,0,318
06/15/2023,BET,AK,AAL,WE,Federal Contract Tower,7,10,0,0,17,0,228,68,0,296,7,238,68,0,313,0,0,0,313
06/16/2023,BET,AK,AAL,WE,Federal Contract Tower,4,8,0,0,12,0,133,43,0,176,4,141,43,0,188,9,0,9,197
06/17/2023,BET,AK,AAL,WE,Federal Contract Tower,6,5,2,0,13,0,137,36,0,173,6,142,38,0,186,2,0,2,188
06/18/2023,BET,AK,AAL,WE,Federal Contract Tower,6,4,1,0,11,0,138,54,1,193,6,142,55,1,204,4,0,4,208
06/19/2023,BET,AK,AAL,WE,Federal Contract Tower,13,9,0,0,22,0,228,68,0,296,13,237,68,0,318,0,0,0,318
06/20/2023,BET,AK,AAL,WE,Federal Contract Tower,8,32,12,0,52,0,130,54,0,184,8,162,66,0,236,2,0,2,238
06/21/2023,BET,AK,AAL,WE,Federal Contract Tower,10,5,1,0,16,0,246,66,4,316,10,251,67,4,332,2,0,2,334
06/22/2023,BET,AK,AAL,WE,Federal Contract Tower,8,25,14,0,47,0,165,62,0,227,8,190,76,0,274,0,0,0,274
06/23/2023,BET,AK,AAL,WE,Federal Contract Tower,7,9,1,0,17,0,147,48,0,195,7,156,49,0,212,0,0,0,212
06/24/2023,BET,AK,AAL,WE,Federal Contract Tower,6,28,10,0,44,0,105,31,0,136,6,133,41,0,180,2,0,2,182
06/25/2023,BET,AK,AAL,WE,Federal Contract Tower,6,6,1,0,13,0,91,55,0,146,6,97,56,0,159,0,0,0,159
06/26/2023,BET,AK,AAL,WE,Federal Contract Tower,16,6,1,0,23,0,204,71,5,280,16,210,72,5,303,0,0,0,303
06/27/2023,BET,AK,AAL,WE,Federal Contract Tower,12,9,2,0,23,0,227,62,3,292,12,236,64,3,315,6,0,6,321
06/28/2023,BET,AK,AAL,WE,Federal Contract Tower,12,9,1,0,22,0,236,54,2,292,12,245,55,2,314,10,0,10,324
06/29/2023,BET,AK,AAL,WE,Federal Contract Tower,12,9,1,0,22,0,257,60,0,317,12,266,61,0,339,0,0,0,339
06/30/2023,BET,AK,AAL,WE,Federal Contract Tower,4,4,0,0,8,0,175,59,0,234,4,179,59,0,242,0,0,0,242
07/01/2023,BET,AK,AAL,WE,Federal Contract Tower,4,2,0,0,6,0,159,47,0,206,4,161,47,0,212,0,0,0,212
07/02/2023,BET,AK,AAL,WE,Federal Contract Tower,6,10,0,0,16,0,112,39,2,153,6,122,39,2,169,0,0,0,169
07/03/2023,BET,AK,AAL,WE,Federal Contract Tower,16,9,1,0,26,0,208,57,4,269,16,217,58,4,295,0,0,0,295
07/04/2023,BET,AK,AAL,WE,Federal Contract Tower,6,2,1,0,9,0,5,32,2,39,6,7,33,2,48,0,0,0,48
07/05/2023,BET,AK,AAL,WE,Federal Contract Tower,8,6,1,0,15,0,194,41,0,235,8,200,42,0,250,6,0,6,256
07/07/2023,BET,AK,AAL,WE,Federal Contract Tower,4,5,5,0,14,0,163,39,0,202,4,168,44,0,216,2,0,2,218
07/08/2023,BET,AK,AAL,WE,Federal Contract Tower,4,16,2,0,22,0,80,20,0,100,4,96,22,0,122,2,0,2,124
07/09/2023,BET,AK,AAL,WE,Federal Contract Tower,6,8,2,0,16,0,130,30,0,160,6,138,32,0,176,4,0,4,180
07/10/2023,BET,AK,AAL,WE,Federal Contract Tower,12,43,16,0,71,0,165,66,0,231,12,208,82,0,302,0,0,0,302
07/11/2023,BET,AK,AAL,WE,Federal Contract Tower,15,7,2,0,24,0,198,90,0,288,15,205,92,0,312,0,0,0,312
07/12/2023,BET,AK,AAL,WE,Federal Contract Tower,12,31,7,1,51,0,158,52,1,211,12,189,59,2,262,0,0,0,262
07/13/2023,BET,AK,AAL,WE,Federal Contract Tower,9,102,39,0,150,0,9,5,0,14,9,111,44,0,164,0,0,0,164
07/14/2023,BET,AK,AAL,WE,Federal Contract Tower,5,32,5,0,42,0,97,40,0,137,5,129,45,0,179,0,0,0,179
07/15/2023,BET,AK,AAL,WE,Federal Contract Tower,3,42,7,0,52,0,32,12,0,44,3,74,19,0,96,0,0,0,96
07/16/2023,BET,AK,AAL,WE,Federal Contract Tower,6,9,6,0,21,0,136,25,2,163,6,145,31,2,184,0,0,0,184
07/17/2023,BET,AK,AAL,WE,Federal Contract Tower,12,8,2,0,22,0,226,60,1,287,12,234,62,1,309,14,0,14,323
07/18/2023,BET,AK,AAL,WE,Federal Contract Tower,14,26,14,1,55,0,183,52,2,237,14,209,66,3,292,0,0,0,292
07/19/2023,BET,AK,AAL,WE,Federal Contract Tower,9,30,19,2,60,0,118,46,0,164,9,148,65,2,224,2,0,2,226
07/20/2023,BET,AK,AAL,WE,Federal Contract Tower,11,39,20,0,70,0,1,4,0,5,11,40,24,0,75,0,0,0,75
07/21/2023,BET,AK,AAL,WE,Federal Contract Tower,2,32,5,0,39,0,63,22,0,85,2,95,27,0,124,0,0,0,124
07/22/2023,BET,AK,AAL,WE,Federal Contract Tower,4,3,1,0,8,0,182,47,0,229,4,185,48,0,237,0,0,0,237
07/23/2023,BET,AK,AAL,WE,Federal Contract Tower,4,16,2,0,22,0,152,70,0,222,4,168,72,0,244,0,0,0,244
07/24/2023,BET,AK,AAL,WE,Federal Contract Tower,11,11,4,0,26,1,225,70,0,296,12,236,74,0,322,2,0,2,324
07/25/2023,BET,AK,AAL,WE,Federal Contract Tower,13,19,4,0,36,0,162,58,0,220,13,181,62,0,256,0,0,0,256
07/26/2023,BET,AK,AAL,WE,Federal Contract Tower,10,24,0,0,34,0,182,58,0,240,10,206,58,0,274,2,0,2,276
07/27/2023,BET,AK,AAL,WE,Federal Contract Tower,14,51,11,0,76,0,104,62,0,166,14,155,73,0,242,4,0,4,246
07/28/2023,BET,AK,AAL,WE,Federal Contract Tower,4,45,28,0,77,0,10,5,0,15,4,55,33,0,92,0,0,0,92
07/29/2023,BET,AK,AAL,WE,Federal Contract Tower,5,23,6,0,34,0,171,41,0,212,5,194,47,0,246,0,0,0,246
07/30/2023,BET,AK,AAL,WE,Federal Contract Tower,6,3,1,0,10,0,140,54,0,194,6,143,55,0,204,8,0,8,212
07/31/2023,BET,AK,AAL,WE,Federal Contract Tower,11,5,1,0,17,1,236,74,0,311,12,241,75,0,328,0,0,0,328
08/01/2023,BET,AK,AAL,WE,Federal Contract Tower,12,11,2,0,25,0,242,84,0,326,12,253,86,0,351,12,0,12,363
08/03/2023,BET,AK,AAL,WE,Federal Contract Tower,14,12,2,0,28,0,232,70,0,302,14,244,72,0,330,0,0,0,330
08/04/2023,BET,AK,AAL,WE,Federal Contract Tower,7,3,0,0,10,0,165,31,0,196,7,168,31,0,206,0,0,0,206
08/05/2023,BET,AK,AAL,WE,Federal Contract Tower,2,5,1,0,8,0,42,14,0,56,2,47,15,0,64,0,0,0,64
08/06/2023,BET,AK,AAL,WE,Federal Contract Tower,10,11,0,0,21,0,142,71,2,215,10,153,71,2,236,0,0,0,236
08/07/2023,BET,AK,AAL,WE,Federal Contract Tower,12,27,9,3,51,0,208,51,4,263,12,235,60,7,314,0,2,2,316
08/08/2023,BET,AK,AAL,WE,Federal Contract Tower,14,32,5,0,51,0,202,61,0,263,14,234,66,0,314,0,0,0,314
08/09/2023,BET,AK,AAL,WE,Federal Contract Tower,6,21,5,0,32,0,205,60,4,269,6,226,65,4,301,0,0,0,301
08/10/2023,BET,AK,AAL,WE,Federal Contract Tower,14,14,1,0,29,0,212,59,6,277,14,226,60,6,306,0,0,0,306
08/11/2023,BET,AK,AAL,WE,Federal Contract Tower,6,5,0,0,11,0,144,38,3,185,6,149,38,3,196,0,0,0,196
08/12/2023,BET,AK,AAL,WE,Federal Contract Tower,6,5,0,0,11,0,178,46,4,228,6,183,46,4,239,2,0,2,241
08/13/2023,BET,AK,AAL,WE,Federal Contract Tower,7,49,18,0,74,0,55,32,2,89,7,104,50,2,163,0,8,8,171
08/14/2023,BET,AK,AAL,WE,Federal Contract Tower,12,20,2,0,34,0,241,63,4,308,12,261,65,4,342,12,0,12,354
08/15/2023,BET,AK,AAL,WE,Federal Contract Tower,12,6,1,0,19,0,206,70,8,284,12,212,71,8,303,6,0,6,309
08/16/2023,BET,AK,AAL,WE,Federal Contract Tower,10,15,1,2,28,0,195,62,4,261,10,210,63,6,289,7,0,7,296
08/17/2023,BET,AK,AAL,WE,Federal Contract Tower,13,42,11,0,66,0,144,50,0,194,13,186,61,0,260,8,0,8,268
08/18/2023,BET,AK,AAL,WE,Federal Contract Tower,5,18,0,0,23,0,126,34,0,160,5,144,34,0,183,4,0,4,187
08/19/2023,BET,AK,AAL,WE,Federal Contract Tower,6,9,0,0,15,0,133,36,2,171,6,142,36,2,186,0,0,0,186
08/20/2023,BET,AK,AAL,WE,Federal Contract Tower,4,60,18,0,82,0,28,10,2,40,4,88,28,2,122,0,0,0,122
08/21/2023,BET,AK,AAL,WE,Federal Contract Tower,12,14,1,2,29,0,226,68,0,294,12,240,69,2,323,0,0,0,323
08/22/2023,BET,AK,AAL,WE,Federal Contract Tower,12,35,5,0,52,0,242,45,3,290,12,277,50,3,342,0,0,0,342
08/23/2023,BET,AK,AAL,WE,Federal Contract Tower,10,17,1,0,28,0,259,70,2,331,10,276,71,2,359,8,2,10,369
08/24/2023,BET,AK,AAL,WE,Federal Contract Tower,14,34,4,0,52,0,190,86,7,283,14,224,90,7,335,0,0,0,335
08/25/2023,BET,AK,AAL,WE,Federal Contract Tower,4,46,8,0,58,0,11,21,0,32,4,57,29,0,90,0,0,0,90
08/26/2023,BET,AK,AAL,WE,Federal Contract Tower,3,47,12,0,62,0,0,0,0,0,3,47,12,0,62,0,0,0,62
08/27/2023,BET,AK,AAL,WE,Federal Contract Tower,8,5,2,0,15,0,210,70,2,282,8,215,72,2,297,9,0,9,306
08/28/2023,BET,AK,AAL,WE,Federal Contract Tower,14,6,3,0,23,0,262,61,2,325,14,268,64,2,348,6,2,8,356
08/29/2023,BET,AK,AAL,WE,Federal Contract Tower,10,25,4,0,39,0,252,48,1,301,10,277,52,1,340,0,1,1,341
08/30/2023,BET,AK,AAL,WE,Federal Contract Tower,14,13,4,2,33,0,208,74,0,282,14,221,78,2,315,0,0,0,315
08/31/2023,BET,AK,AAL,WE,Federal Contract Tower,12,13,2,0,27,0,217,58,1,276,12,230,60,1,303,0,0,0,303
