01/01/2020,BFI,WA,ANM,WE,Towers with Radar,0,40,54,0,94,0,7,57,0,64,0,47,111,0,158,65,0,65,223
01/02/2020,BFI,WA,ANM,WE,Towers with Radar,16,42,55,0,113,0,12,86,0,98,16,54,141,0,211,124,0,124,335
01/03/2020,BFI,WA,ANM,WE,Towers with Radar,24,56,70,0,150,0,14,150,3,167,24,70,220,3,317,160,0,160,477
01/04/2020,BFI,WA,ANM,WE,Towers with Radar,8,60,68,0,136,0,5,74,0,79,8,65,142,0,215,104,0,104,319
01/05/2020,BFI,WA,ANM,WE,Towers with Radar,10,56,70,1,137,0,10,36,0,46,10,66,106,1,183,62,0,62,245
01/06/2020,BFI,WA,ANM,WE,Towers with Radar,16,61,61,1,139,0,1,2,0,3,16,62,63,1,142,0,0,0,142
01/07/2020,BFI,WA,ANM,WE,Towers with Radar,20,52,44,0,116,0,16,50,0,66,20,68,94,0,182,104,0,104,286
01/08/2020,BFI,WA,ANM,WE,Towers with Radar,19,47,65,2,133,0,5,67,0,72,19,52,132,2,205,174,0,174,379
01/09/2020,BFI,WA,ANM,WE,Towers with Radar,26,71,59,0,156,0,2,54,0,56,26,73,113,0,212,170,2,172,384
01/10/2020,BFI,WA,ANM,WE,Towers with Radar,13,56,65,3,137,0,2,18,0,20,13,58,83,3,157,12,0,12,169
01/11/2020,BFI,WA,ANM,WE,Towers with Radar,3,46,56,0,105,0,13,70,0,83,3,59,126,0,188,168,0,168,356
01/12/2020,BFI,WA,ANM,WE,Towers with Radar,3,47,59,0,109,0,8,15,0,23,3,55,74,0,132,10,0,10,142
01/13/2020,BFI,WA,ANM,WE,Towers with Radar,9,52,59,1,121,0,0,4,0,4,9,52,63,1,125,6,0,6,131
01/14/2020,BFI,WA,ANM,WE,Towers with Radar,24,52,79,0,155,0,0,20,0,20,24,52,99,0,175,16,0,16,191
01/15/2020,BFI,WA,ANM,WE,Towers with Radar,20,47,47,0,114,0,8,52,0,60,20,55,99,0,174,76,0,76,250
01/16/2020,BFI,WA,ANM,WE,Towers with Radar,20,48,78,0,146,0,6,181,0,187,20,54,259,0,333,194,0,194,527
01/17/2020,BFI,WA,ANM,WE,Towers with Radar,13,69,86,0,168,0,5,106,0,111,13,74,192,0,279,272,0,272,551
01/18/2020,BFI,WA,ANM,WE,Towers with Radar,3,48,62,0,113,0,4,152,0,156,3,52,214,0,269,308,0,308,577
01/19/2020,BFI,WA,ANM,WE,Towers with Radar,3,45,56,2,106,0,13,104,1,118,3,58,160,3,224,214,0,214,438
01/20/2020,BFI,WA,ANM,WE,Towers with Radar,13,67,88,0,168,0,18,167,0,185,13,85,255,0,353,100,0,100,453
01/21/2020,BFI,WA,ANM,WE,Towers with Radar,25,47,83,2,157,0,8,45,0,53,25,55,128,2,210,46,0,46,256
01/22/2020,BFI,WA,ANM,WE,Towers with Radar,21,63,77,0,161,0,9,67,0,76,21,72,144,0,237,188,0,188,425
01/23/2020,BFI,WA,ANM,WE,Towers with Radar,24,53,84,3,164,0,3,26,0,29,24,56,110,3,193,64,16,80,273
01/24/2020,BFI,WA,ANM,WE,Towers with Radar,18,52,90,1,161,0,8,71,2,81,18,60,161,3,242,192,0,192,434
01/25/2020,BFI,WA,ANM,WE,Towers with Radar,5,44,61,1,111,0,4,60,0,64,5,48,121,1,175,116,0,116,291
01/26/2020,BFI,WA,ANM,WE,Towers with Radar,5,50,59,0,114,0,11,117,1,129,5,61,176,1,243,186,0,186,429
01/27/2020,BFI,WA,ANM,WE,Towers with Radar,14,70,70,0,154,0,5,106,0,111,14,75,176,0,265,188,0,188,453
01/28/2020,BFI,WA,ANM,WE,Towers with Radar,28,52,87,0,167,0,10,67,0,77,28,62,154,0,244,182,0,182,426
01/29/2020,BFI,WA,ANM,WE,Towers with Radar,23,60,101,3,187,0,5,53,2,60,23,65,154,5,247,146,0,146,393
01/30/2020,BFI,WA,ANM,WE,Towers with Radar,26,63,110,4,203,0,5,134,0,139,26,68,244,4,342,148,0,148,490
01/31/2020,BFI,WA,ANM,WE,Towers with Radar,17,71,77,0,165,0,2,2,0,4,17,73,79,0,169,0,0,0,169
02/01/2020,BFI,WA,ANM,WE,Towers with Radar,3,43,59,0,105,0,10,69,0,79,3,53,128,0,184,140,0,140,324
02/02/2020,BFI,WA,ANM,WE,Towers with Radar,5,30,61,2,98,0,5,179,1,185,5,35,240,3,283,220,0,220,503
02/03/2020,BFI,WA,ANM,WE,Towers with Radar,10,73,89,8,180,0,13,148,0,161,10,86,237,8,341,208,0,208,549
02/04/2020,BFI,WA,ANM,WE,Towers with Radar,22,65,85,3,175,0,3,25,0,28,22,68,110,3,203,40,0,40,243
02/05/2020,BFI,WA,ANM,WE,Towers with Radar,18,65,85,6,174,0,1,1,0,2,18,66,86,6,176,0,0,0,176
02/06/2020,BFI,WA,ANM,WE,Towers with Radar,24,63,82,2,171,0,0,0,0,0,24,63,82,2,171,0,0,0,171
02/07/2020,BFI,WA,ANM,WE,Towers with Radar,25,61,74,4,164,0,3,2,0,5,25,64,76,4,169,0,0,0,169
02/08/2020,BFI,WA,ANM,WE,Towers with Radar,8,36,56,2,102,0,16,161,0,177,8,52,217,2,279,323,0,323,602
02/09/2020,BFI,WA,ANM,WE,Towers with Radar,7,54,87,2,150,0,19,264,2,285,7,73,351,4,435,174,0,174,609
02/10/2020,BFI,WA,ANM,WE,Towers with Radar,15,55,87,4,161,0,25,214,1,240,15,80,301,5,401,150,0,150,551
02/11/2020,BFI,WA,ANM,WE,Towers with Radar,21,76,96,2,195,0,14,95,1,110,21,90,191,3,305,152,0,152,457
02/12/2020,BFI,WA,ANM,WE,Towers with Radar,28,65,106,4,203,0,10,95,1,106,28,75,201,5,309,234,0,234,543
02/13/2020,BFI,WA,ANM,WE,Towers with Radar,27,77,59,3,166,0,8,62,0,70,27,85,121,3,236,200,0,200,436
02/14/2020,BFI,WA,ANM,WE,Towers with Radar,21,88,107,0,216,0,14,212,1,227,21,102,319,1,443,128,0,128,571
02/15/2020,BFI,WA,ANM,WE,Towers with Radar,7,79,81,0,167,0,3,2,0,5,7,82,83,0,172,0,0,0,172
02/16/2020,BFI,WA,ANM,WE,Towers with Radar,4,42,63,0,109,0,3,4,0,7,4,45,67,0,116,0,0,0,116
02/17/2020,BFI,WA,ANM,WE,Towers with Radar,8,61,99,1,169,0,9,165,0,174,8,70,264,1,343,192,0,192,535
02/18/2020,BFI,WA,ANM,WE,Towers with Radar,22,50,85,1,158,0,25,273,0,298,22,75,358,1,456,272,0,272,728
02/19/2020,BFI,WA,ANM,WE,Towers with Radar,24,50,67,2,143,0,30,266,1,297,24,80,333,3,440,258,0,258,698
02/20/2020,BFI,WA,ANM,WE,Towers with Radar,19,49,59,7,134,0,26,211,0,237,19,75,270,7,371,96,0,96,467
02/21/2020,BFI,WA,ANM,WE,Towers with Radar,20,51,87,0,158,0,12,208,0,220,20,63,295,0,378,194,0,194,572
02/22/2020,BFI,WA,ANM,WE,Towers with Radar,8,54,55,0,117,0,4,104,0,108,8,58,159,0,225,280,0,280,505
02/23/2020,BFI,WA,ANM,WE,Towers with Radar,3,69,71,0,143,0,10,19,0,29,3,79,90,0,172,0,0,0,172
02/24/2020,BFI,WA,ANM,WE,Towers with Radar,13,53,70,0,136,0,20,170,0,190,13,73,240,0,326,114,0,114,440
02/25/2020,BFI,WA,ANM,WE,Towers with Radar,33,62,84,2,181,0,14,198,0,212,33,76,282,2,393,226,0,226,619
02/26/2020,BFI,WA,ANM,WE,Towers with Radar,21,68,98,1,188,0,18,104,0,122,21,86,202,1,310,166,0,166,476
02/27/2020,BFI,WA,ANM,WE,Towers with Radar,19,59,115,0,193,0,26,269,0,295,19,85,384,0,488,206,0,206,694
02/28/2020,BFI,WA,ANM,WE,Towers with Radar,11,56,101,3,171,0,6,47,0,53,11,62,148,3,224,98,0,98,322
02/29/2020,BFI,WA,ANM,WE,Towers with Radar,4,45,41,1,91,0,13,101,3,117,4,58,142,4,208,280,0,280,488
03/01/2020,BFI,WA,ANM,WE,Towers with Radar,4,53,63,1,121,0,6,161,2,169,4,59,224,3,290,248,0,248,538
03/02/2020,BFI,WA,ANM,WE,Towers with Radar,9,59,82,5,155,0,2,18,0,20,9,61,100,5,175,28,0,28,203
03/03/2020,BFI,WA,ANM,WE,Towers with Radar,21,52,69,7,149,0,9,64,1,74,21,61,133,8,223,140,0,140,363
03/04/2020,BFI,WA,ANM,WE,Towers with Radar,23,54,68,10,155,0,10,175,1,186,23,64,243,11,341,162,2,164,505
03/05/2020,BFI,WA,ANM,WE,Towers with Radar,26,68,81,4,179,0,23,127,2,152,26,91,208,6,331,88,2,90,421
03/06/2020,BFI,WA,ANM,WE,Towers with Radar,15,65,62,3,145,0,6,52,0,58,15,71,114,3,203,214,0,214,417
03/07/2020,BFI,WA,ANM,WE,Towers with Radar,4,40,42,1,87,0,6,116,0,122,4,46,158,1,209,282,0,282,491
03/08/2020,BFI,WA,ANM,WE,Towers with Radar,4,49,65,1,119,0,12,197,0,209,4,61,262,1,328,234,0,234,562
03/09/2020,BFI,WA,ANM,WE,Towers with Radar,13,48,73,0,134,0,18,193,0,211,13,66,266,0,345,144,0,144,489
03/10/2020,BFI,WA,ANM,WE,Towers with Radar,20,46,61,0,127,0,8,185,1,194,20,54,246,1,321,110,0,110,431
03/11/2020,BFI,WA,ANM,WE,Towers with Radar,19,41,52,1,113,0,15,144,0,159,19,56,196,1,272,190,4,194,466
03/12/2020,BFI,WA,ANM,WE,Towers with Radar,23,40,71,1,135,0,12,197,0,209,23,52,268,1,344,300,2,302,646
03/13/2020,BFI,WA,ANM,WE,Towers with Radar,12,64,76,1,153,0,0,11,0,11,12,64,87,1,164,10,0,10,174
03/14/2020,BFI,WA,ANM,WE,Towers with Radar,3,39,48,0,90,0,12,197,0,209,3,51,245,0,299,116,0,116,415
03/15/2020,BFI,WA,ANM,WE,Towers with Radar,5,39,48,0,92,0,12,184,1,197,5,51,232,1,289,84,0,84,373
03/16/2020,BFI,WA,ANM,WE,Towers with Radar,5,42,49,0,96,0,15,149,0,164,5,57,198,0,260,102,0,102,362
03/17/2020,BFI,WA,ANM,WE,Towers with Radar,25,30,44,0,99,0,21,181,0,202,25,51,225,0,301,218,0,218,519
03/18/2020,BFI,WA,ANM,WE,Towers with Radar,22,23,44,1,90,0,11,180,0,191,22,34,224,1,281,226,0,226,507
03/19/2020,BFI,WA,ANM,WE,Towers with Radar,24,19,35,0,78,0,8,160,0,168,24,27,195,0,246,246,0,246,492
03/20/2020,BFI,WA,ANM,WE,Towers with Radar,13,30,25,0,68,0,6,163,0,169,13,36,188,0,237,156,0,156,393
03/21/2020,BFI,WA,ANM,WE,Towers with Radar,7,30,45,0,82,0,3,147,0,150,7,33,192,0,232,136,0,136,368
03/22/2020,BFI,WA,ANM,WE,Towers with Radar,3,13,38,0,54,0,2,166,1,169,3,15,204,1,223,208,0,208,431
03/23/2020,BFI,WA,ANM,WE,Towers with Radar,15,26,41,0,82,0,4,32,0,36,15,30,73,0,118,52,0,52,170
03/24/2020,BFI,WA,ANM,WE,Towers with Radar,28,17,19,0,64,0,3,64,0,67,28,20,83,0,131,188,0,188,319
03/25/2020,BFI,WA,ANM,WE,Towers with Radar,26,11,25,2,64,0,13,54,0,67,26,24,79,2,131,136,0,136,267
03/26/2020,BFI,WA,ANM,WE,Towers with Radar,20,22,27,0,69,0,9,36,0,45,20,31,63,0,114,100,0,100,214
03/27/2020,BFI,WA,ANM,WE,Towers with Radar,14,25,13,0,52,0,2,37,0,39,14,27,50,0,91,178,0,178,269
03/28/2020,BFI,WA,ANM,WE,Towers with Radar,6,14,16,0,36,0,1,26,0,27,6,15,42,0,63,66,0,66,129
03/29/2020,BFI,WA,ANM,WE,Towers with Radar,3,10,27,0,40,0,0,29,0,29,3,10,56,0,69,14,2,16,85
03/30/2020,BFI,WA,ANM,WE,Towers with Radar,8,23,19,0,50,0,2,13,0,15,8,25,32,0,65,0,0,0,65
03/31/2020,BFI,WA,ANM,WE,Towers with Radar,22,17,11,0,50,0,7,57,0,64,22,24,68,0,114,56,0,56,170
04/01/2020,BFI,WA,ANM,WE,Towers with Radar,20,13,20,2,55,0,3,69,0,72,20,16,89,2,127,48,2,50,177
04/02/2020,BFI,WA,ANM,WE,Towers with Radar,21,21,28,0,70,0,6,91,0,97,21,27,119,0,167,172,0,172,339
04/03/2020,BFI,WA,ANM,WE,Towers with Radar,10,14,28,0,52,0,2,29,1,32,10,16,57,1,84,36,0,36,120
04/04/2020,BFI,WA,ANM,WE,Towers with Radar,3,11,18,0,32,0,3,87,0,90,3,14,105,0,122,94,0,94,216
04/05/2020,BFI,WA,ANM,WE,Towers with Radar,2,11,24,0,37,0,3,61,0,64,2,14,85,0,101,72,0,72,173
04/06/2020,BFI,WA,ANM,WE,Towers with Radar,6,14,23,0,43,0,7,97,0,104,6,21,120,0,147,60,0,60,207
04/07/2020,BFI,WA,ANM,WE,Towers with Radar,18,12,21,0,51,0,14,100,24,138,18,26,121,24,189,132,0,132,321
04/08/2020,BFI,WA,ANM,WE,Towers with Radar,18,10,20,0,48,0,8,135,0,143,18,18,155,0,191,122,0,122,313
04/09/2020,BFI,WA,ANM,WE,Towers with Radar,18,18,38,0,74,0,20,193,0,213,18,38,231,0,287,243,0,243,530
04/10/2020,BFI,WA,ANM,WE,Towers with Radar,9,21,26,1,57,0,8,112,1,121,9,29,138,2,178,118,0,118,296
04/11/2020,BFI,WA,ANM,WE,Towers with Radar,3,25,23,0,51,0,1,57,0,58,3,26,80,0,109,82,0,82,191
04/12/2020,BFI,WA,ANM,WE,Towers with Radar,2,11,27,0,40,0,4,89,0,93,2,15,116,0,133,56,0,56,189
04/13/2020,BFI,WA,ANM,WE,Towers with Radar,6,8,18,0,32,0,8,114,0,122,6,16,132,0,154,16,0,16,170
04/14/2020,BFI,WA,ANM,WE,Towers with Radar,19,16,15,0,50,0,18,103,1,122,19,34,118,1,172,128,10,138,310
04/15/2020,BFI,WA,ANM,WE,Towers with Radar,20,15,32,0,67,0,13,109,1,123,20,28,141,1,190,88,0,88,278
04/16/2020,BFI,WA,ANM,WE,Towers with Radar,25,21,40,2,88,0,7,176,0,183,25,28,216,2,271,160,0,160,431
04/17/2020,BFI,WA,ANM,WE,Towers with Radar,9,20,34,3,66,0,6,154,0,160,9,26,188,3,226,100,2,102,328
04/18/2020,BFI,WA,ANM,WE,Towers with Radar,4,17,26,0,47,0,0,60,0,60,4,17,86,0,107,70,0,70,177
04/19/2020,BFI,WA,ANM,WE,Towers with Radar,2,15,31,0,48,0,2,133,0,135,2,17,164,0,183,264,0,264,447
04/20/2020,BFI,WA,ANM,WE,Towers with Radar,8,22,27,1,58,0,3,120,0,123,8,25,147,1,181,72,0,72,253
04/21/2020,BFI,WA,ANM,WE,Towers with Radar,17,19,33,0,69,0,1,63,1,65,17,20,96,1,134,148,0,148,282
04/22/2020,BFI,WA,ANM,WE,Towers with Radar,18,19,50,0,87,0,0,4,0,4,18,19,54,0,91,22,0,22,113
04/23/2020,BFI,WA,ANM,WE,Towers with Radar,23,12,36,0,71,0,6,36,0,42,23,18,72,0,113,82,0,82,195
04/24/2020,BFI,WA,ANM,WE,Towers with Radar,12,22,33,2,69,0,1,130,0,131,12,23,163,2,200,163,0,163,363
04/25/2020,BFI,WA,ANM,WE,Towers with Radar,3,20,24,0,47,0,3,15,0,18,3,23,39,0,65,28,0,28,93
04/26/2020,BFI,WA,ANM,WE,Towers with Radar,2,14,34,0,50,0,0,116,0,116,2,14,150,0,166,143,0,143,309
04/27/2020,BFI,WA,ANM,WE,Towers with Radar,8,21,20,0,49,0,2,32,0,34,8,23,52,0,83,62,0,62,145
04/28/2020,BFI,WA,ANM,WE,Towers with Radar,22,27,32,0,81,0,1,111,0,112,22,28,143,0,193,172,0,172,365
04/29/2020,BFI,WA,ANM,WE,Towers with Radar,18,22,48,2,90,0,6,109,0,115,18,28,157,2,205,184,4,188,393
04/30/2020,BFI,WA,ANM,WE,Towers with Radar,24,28,35,2,89,0,11,84,0,95,24,39,119,2,184,88,0,88,272
05/01/2020,BFI,WA,ANM,WE,Towers with Radar,13,31,49,1,94,0,6,198,2,206,13,37,247,3,300,224,0,224,524
05/02/2020,BFI,WA,ANM,WE,Towers with Radar,4,30,20,0,54,0,2,42,0,44,4,32,62,0,98,86,0,86,184
05/03/2020,BFI,WA,ANM,WE,Towers with Radar,2,29,24,0,55,0,3,50,0,53,2,32,74,0,108,30,0,30,138
05/04/2020,BFI,WA,ANM,WE,Towers with Radar,16,29,34,1,80,0,8,133,1,142,16,37,167,2,222,134,0,134,356
05/05/2020,BFI,WA,ANM,WE,Towers with Radar,24,20,30,2,76,0,11,169,0,180,24,31,199,2,256,256,0,256,512
05/06/2020,BFI,WA,ANM,WE,Towers with Radar,27,22,46,0,95,0,7,91,0,98,27,29,137,0,193,134,0,134,327
05/07/2020,BFI,WA,ANM,WE,Towers with Radar,23,20,38,1,82,0,7,208,0,215,23,27,246,1,297,186,0,186,483
05/08/2020,BFI,WA,ANM,WE,Towers with Radar,13,31,43,2,89,0,14,183,0,197,13,45,226,2,286,22,1,23,309
05/09/2020,BFI,WA,ANM,WE,Towers with Radar,7,25,36,4,72,0,9,141,0,150,7,34,177,4,222,122,0,122,344
05/10/2020,BFI,WA,ANM,WE,Towers with Radar,2,17,24,0,43,0,16,138,0,154,2,33,162,0,197,156,0,156,353
05/11/2020,BFI,WA,ANM,WE,Towers with Radar,6,29,37,1,73,0,7,82,2,91,6,36,119,3,164,44,0,44,208
05/12/2020,BFI,WA,ANM,WE,Towers with Radar,24,20,31,2,77,0,3,57,0,60,24,23,88,2,137,145,0,145,282
05/13/2020,BFI,WA,ANM,WE,Towers with Radar,25,21,47,2,95,0,2,106,0,108,25,23,153,2,203,144,2,146,349
05/14/2020,BFI,WA,ANM,WE,Towers with Radar,23,28,62,1,114,0,7,120,0,127,23,35,182,1,241,230,0,230,471
05/15/2020,BFI,WA,ANM,WE,Towers with Radar,15,26,55,2,98,0,6,224,3,233,15,32,279,5,331,262,8,270,601
05/16/2020,BFI,WA,ANM,WE,Towers with Radar,4,19,24,0,47,0,2,90,0,92,4,21,114,0,139,224,0,224,363
05/17/2020,BFI,WA,ANM,WE,Towers with Radar,4,29,28,0,61,0,2,129,2,133,4,31,157,2,194,116,0,116,310
05/18/2020,BFI,WA,ANM,WE,Towers with Radar,9,38,58,0,105,0,7,134,0,141,9,45,192,0,246,104,0,104,350
05/19/2020,BFI,WA,ANM,WE,Towers with Radar,18,25,54,0,97,0,4,99,0,103,18,29,153,0,200,180,0,180,380
05/20/2020,BFI,WA,ANM,WE,Towers with Radar,22,44,66,1,133,0,5,65,0,70,22,49,131,1,203,148,0,148,351
05/21/2020,BFI,WA,ANM,WE,Towers with Radar,16,26,56,1,99,0,6,38,0,44,16,32,94,1,143,170,0,170,313
05/22/2020,BFI,WA,ANM,WE,Towers with Radar,11,27,51,2,91,0,1,116,0,117,11,28,167,2,208,206,0,206,414
05/23/2020,BFI,WA,ANM,WE,Towers with Radar,4,24,41,0,69,0,0,131,0,131,4,24,172,0,200,234,0,234,434
05/24/2020,BFI,WA,ANM,WE,Towers with Radar,2,20,39,0,61,0,20,117,0,137,2,40,156,0,198,176,0,176,374
05/25/2020,BFI,WA,ANM,WE,Towers with Radar,1,29,62,0,92,0,3,7,0,10,1,32,69,0,102,6,0,6,108
05/26/2020,BFI,WA,ANM,WE,Towers with Radar,12,33,58,0,103,0,3,78,0,81,12,36,136,0,184,141,0,141,325
05/27/2020,BFI,WA,ANM,WE,Towers with Radar,24,34,54,1,113,0,25,190,0,215,24,59,244,1,328,142,0,142,470
05/28/2020,BFI,WA,ANM,WE,Towers with Radar,23,36,53,0,112,0,4,199,0,203,23,40,252,0,315,128,0,128,443
05/29/2020,BFI,WA,ANM,WE,Towers with Radar,11,25,29,4,69,0,7,225,2,234,11,32,254,6,303,148,0,148,451
05/30/2020,BFI,WA,ANM,WE,Towers with Radar,7,21,25,0,53,0,3,10,0,13,7,24,35,0,66,12,0,12,78
05/31/2020,BFI,WA,ANM,WE,Towers with Radar,3,33,46,0,82,0,6,60,0,66,3,39,106,0,148,44,0,44,192
06/01/2020,BFI,WA,ANM,WE,Towers with Radar,7,29,41,0,77,0,10,189,2,201,7,39,230,2,278,178,2,180,458
06/02/2020,BFI,WA,ANM,WE,Towers with Radar,20,29,44,0,93,0,10,159,2,171,20,39,203,2,264,256,2,258,522
06/03/2020,BFI,WA,ANM,WE,Towers with Radar,16,42,50,0,108,0,13,148,0,161,16,55,198,0,269,230,0,230,499
06/04/2020,BFI,WA,ANM,WE,Towers with Radar,19,33,53,0,105,0,6,199,1,206,19,39,252,1,311,190,0,190,501
06/05/2020,BFI,WA,ANM,WE,Towers with Radar,14,36,64,1,115,0,6,196,0,202,14,42,260,1,317,178,0,178,495
06/06/2020,BFI,WA,ANM,WE,Towers with Radar,7,23,29,0,59,0,1,79,0,80,7,24,108,0,139,162,0,162,301
06/07/2020,BFI,WA,ANM,WE,Towers with Radar,4,30,44,0,78,0,3,43,0,46,4,33,87,0,124,137,0,137,261
06/08/2020,BFI,WA,ANM,WE,Towers with Radar,10,21,53,3,87,0,6,63,0,69,10,27,116,3,156,70,0,70,226
06/09/2020,BFI,WA,ANM,WE,Towers with Radar,22,39,63,0,124,0,3,7,0,10,22,42,70,0,134,0,0,0,134
06/10/2020,BFI,WA,ANM,WE,Towers with Radar,18,34,61,1,114,0,10,82,0,92,18,44,143,1,206,159,0,159,365
06/11/2020,BFI,WA,ANM,WE,Towers with Radar,23,34,61,1,119,0,3,78,0,81,23,37,139,1,200,260,0,260,460
06/12/2020,BFI,WA,ANM,WE,Towers with Radar,16,34,65,1,116,0,3,125,0,128,16,37,190,1,244,300,0,300,544
06/13/2020,BFI,WA,ANM,WE,Towers with Radar,8,34,39,0,81,0,9,77,0,86,8,43,116,0,167,68,0,68,235
06/14/2020,BFI,WA,ANM,WE,Towers with Radar,5,36,56,0,97,0,2,171,0,173,5,38,227,0,270,234,0,234,504
06/15/2020,BFI,WA,ANM,WE,Towers with Radar,11,41,67,0,119,0,11,33,0,44,11,52,100,0,163,34,0,34,197
06/16/2020,BFI,WA,ANM,WE,Towers with Radar,26,40,37,0,103,0,5,141,0,146,26,45,178,0,249,202,2,204,453
06/17/2020,BFI,WA,ANM,WE,Towers with Radar,19,41,60,0,120,0,6,191,0,197,19,47,251,0,317,140,2,142,459
06/18/2020,BFI,WA,ANM,WE,Towers with Radar,23,44,47,1,115,0,14,253,2,269,23,58,300,3,384,190,0,190,574
06/19/2020,BFI,WA,ANM,WE,Towers with Radar,14,40,48,0,102,0,14,227,1,242,14,54,275,1,344,240,2,242,586
06/20/2020,BFI,WA,ANM,WE,Towers with Radar,4,26,42,0,72,0,9,71,0,80,4,35,113,0,152,92,0,92,244
06/21/2020,BFI,WA,ANM,WE,Towers with Radar,4,34,61,2,101,0,6,115,0,121,4,40,176,2,222,202,0,202,424
06/22/2020,BFI,WA,ANM,WE,Towers with Radar,11,33,51,0,95,0,8,178,0,186,11,41,229,0,281,128,0,128,409
06/23/2020,BFI,WA,ANM,WE,Towers with Radar,21,31,55,5,112,0,14,200,1,215,21,45,255,6,327,195,0,195,522
06/24/2020,BFI,WA,ANM,WE,Towers with Radar,24,44,57,1,126,0,5,126,0,131,24,49,183,1,257,327,0,327,584
06/25/2020,BFI,WA,ANM,WE,Towers with Radar,19,52,75,0,146,0,18,204,1,223,19,70,279,1,369,270,0,270,639
06/26/2020,BFI,WA,ANM,WE,Towers with Radar,22,64,66,2,154,1,22,198,0,221,23,86,264,2,375,236,0,236,611
06/27/2020,BFI,WA,ANM,WE,Towers with Radar,8,64,57,0,129,0,7,34,0,41,8,71,91,0,170,24,0,24,194
06/28/2020,BFI,WA,ANM,WE,Towers with Radar,7,49,57,0,113,0,8,138,0,146,7,57,195,0,259,146,0,146,405
06/29/2020,BFI,WA,ANM,WE,Towers with Radar,11,54,64,0,129,0,13,177,1,191,11,67,241,1,320,166,0,166,486
06/30/2020,BFI,WA,ANM,WE,Towers with Radar,24,56,84,5,169,0,4,95,1,100,24,60,179,6,269,154,0,154,423
07/01/2020,BFI,WA,ANM,WE,Towers with Radar,28,56,62,3,149,0,14,117,1,132,28,70,179,4,281,204,0,204,485
07/02/2020,BFI,WA,ANM,WE,Towers with Radar,21,51,92,3,167,0,16,105,1,122,21,67,197,4,289,76,0,76,365
07/03/2020,BFI,WA,ANM,WE,Towers with Radar,9,39,55,0,103,0,19,176,0,195,9,58,231,0,298,222,0,222,520
07/04/2020,BFI,WA,ANM,WE,Towers with Radar,5,22,39,0,66,0,11,98,0,109,5,33,137,0,175,130,0,130,305
07/05/2020,BFI,WA,ANM,WE,Towers with Radar,4,35,57,0,96,0,45,189,1,235,4,80,246,1,331,185,0,185,516
07/06/2020,BFI,WA,ANM,WE,Towers with Radar,9,35,75,0,119,0,30,180,1,211,9,65,255,1,330,130,0,130,460
07/07/2020,BFI,WA,ANM,WE,Towers with Radar,24,36,91,0,151,0,13,70,0,83,24,49,161,0,234,254,0,254,488
07/08/2020,BFI,WA,ANM,WE,Towers with Radar,23,40,84,0,147,0,12,147,1,160,23,52,231,1,307,262,0,262,569
07/09/2020,BFI,WA,ANM,WE,Towers with Radar,19,47,59,0,125,0,9,117,0,126,19,56,176,0,251,248,0,248,499
07/10/2020,BFI,WA,ANM,WE,Towers with Radar,20,41,66,2,129,0,14,199,1,214,20,55,265,3,343,262,0,262,605
07/11/2020,BFI,WA,ANM,WE,Towers with Radar,4,31,52,2,89,0,9,201,0,210,4,40,253,2,299,152,0,152,451
07/12/2020,BFI,WA,ANM,WE,Towers with Radar,4,38,69,0,111,0,11,104,0,115,4,49,173,0,226,68,0,68,294
07/13/2020,BFI,WA,ANM,WE,Towers with Radar,13,50,62,1,126,0,13,158,0,171,13,63,220,1,297,150,0,150,447
07/14/2020,BFI,WA,ANM,WE,Towers with Radar,27,33,54,0,114,0,18,209,3,230,27,51,263,3,344,182,0,182,526
07/15/2020,BFI,WA,ANM,WE,Towers with Radar,25,35,61,0,121,0,12,189,4,205,25,47,250,4,326,182,2,184,510
07/16/2020,BFI,WA,ANM,WE,Towers with Radar,21,55,60,3,139,0,32,178,3,213,21,87,238,6,352,230,0,230,582
07/17/2020,BFI,WA,ANM,WE,Towers with Radar,12,57,75,0,144,0,11,104,0,115,12,68,179,0,259,62,0,62,321
07/18/2020,BFI,WA,ANM,WE,Towers with Radar,4,44,62,0,110,0,21,239,0,260,4,65,301,0,370,244,0,244,614
07/19/2020,BFI,WA,ANM,WE,Towers with Radar,3,32,62,0,97,0,19,187,0,206,3,51,249,0,303,120,0,120,423
07/20/2020,BFI,WA,ANM,WE,Towers with Radar,8,42,62,0,112,0,24,155,0,179,8,66,217,0,291,200,0,200,491
07/21/2020,BFI,WA,ANM,WE,Towers with Radar,22,32,77,0,131,0,30,244,0,274,22,62,321,0,405,300,0,300,705
07/22/2020,BFI,WA,ANM,WE,Towers with Radar,18,60,84,3,165,0,13,73,0,86,18,73,157,3,251,222,0,222,473
07/23/2020,BFI,WA,ANM,WE,Towers with Radar,17,40,79,2,138,0,15,105,0,120,17,55,184,2,258,200,2,202,460
07/24/2020,BFI,WA,ANM,WE,Towers with Radar,17,51,67,2,137,0,34,115,0,149,17,85,182,2,286,324,0,324,610
07/25/2020,BFI,WA,ANM,WE,Towers with Radar,4,44,39,1,88,0,34,267,0,301,4,78,306,1,389,118,0,118,507
07/26/2020,BFI,WA,ANM,WE,Towers with Radar,10,37,62,1,110,0,29,161,1,191,10,66,223,2,301,68,0,68,369
07/27/2020,BFI,WA,ANM,WE,Towers with Radar,14,42,55,1,112,0,10,155,0,165,14,52,210,1,277,112,2,114,391
07/28/2020,BFI,WA,ANM,WE,Towers with Radar,26,33,58,2,119,0,21,161,1,183,26,54,219,3,302,200,0,200,502
07/29/2020,BFI,WA,ANM,WE,Towers with Radar,25,37,74,1,137,0,20,285,3,308,25,57,359,4,445,328,0,328,773
07/30/2020,BFI,WA,ANM,WE,Towers with Radar,26,46,76,0,148,0,20,231,2,253,26,66,307,2,401,200,0,200,601
07/31/2020,BFI,WA,ANM,WE,Towers with Radar,18,36,75,3,132,0,18,272,1,291,18,54,347,4,423,212,0,212,635
08/01/2020,BFI,WA,ANM,WE,Towers with Radar,8,57,64,2,131,0,6,108,0,114,8,63,172,2,245,152,0,152,397
08/02/2020,BFI,WA,ANM,WE,Towers with Radar,7,51,71,2,131,0,19,162,0,181,7,70,233,2,312,78,0,78,390
08/03/2020,BFI,WA,ANM,WE,Towers with Radar,18,57,74,2,151,0,16,102,0,118,18,73,176,2,269,159,0,159,428
08/04/2020,BFI,WA,ANM,WE,Towers with Radar,27,39,51,4,121,0,19,160,1,180,27,58,211,5,301,152,0,152,453
08/05/2020,BFI,WA,ANM,WE,Towers with Radar,27,34,72,1,134,0,14,209,1,224,27,48,281,2,358,176,0,176,534
08/06/2020,BFI,WA,ANM,WE,Towers with Radar,26,50,72,11,159,0,11,73,0,84,26,61,145,11,243,114,0,114,357
08/07/2020,BFI,WA,ANM,WE,Towers with Radar,16,36,58,4,114,0,15,185,0,200,16,51,243,4,314,200,0,200,514
08/08/2020,BFI,WA,ANM,WE,Towers with Radar,3,55,74,0,132,0,4,80,2,86,3,59,154,2,218,58,0,58,276
08/09/2020,BFI,WA,ANM,WE,Towers with Radar,8,41,46,2,97,0,27,249,0,276,8,68,295,2,373,122,2,124,497
08/10/2020,BFI,WA,ANM,WE,Towers with Radar,9,32,65,1,107,0,23,150,1,174,9,55,215,2,281,84,0,84,365
08/11/2020,BFI,WA,ANM,WE,Towers with Radar,26,38,54,4,122,0,20,131,1,152,26,58,185,5,274,187,0,187,461
08/12/2020,BFI,WA,ANM,WE,Towers with Radar,27,49,86,2,164,0,23,128,2,153,27,72,214,4,317,230,0,230,547
08/13/2020,BFI,WA,ANM,WE,Towers with Radar,16,38,59,1,114,0,18,170,0,188,16,56,229,1,302,179,0,179,481
08/14/2020,BFI,WA,ANM,WE,Towers with Radar,22,51,81,1,155,0,20,135,1,156,22,71,216,2,311,120,0,120,431
08/15/2020,BFI,WA,ANM,WE,Towers with Radar,10,42,56,2,110,0,17,162,0,179,10,59,218,2,289,156,0,156,445
08/16/2020,BFI,WA,ANM,WE,Towers with Radar,3,47,60,0,110,0,16,198,0,214,3,63,258,0,324,148,0,148,472
08/17/2020,BFI,WA,ANM,WE,Towers with Radar,10,39,56,0,105,0,14,150,1,165,10,53,206,1,270,178,0,178,448
08/18/2020,BFI,WA,ANM,WE,Towers with Radar,27,43,61,4,135,0,13,154,8,175,27,56,215,12,310,130,0,130,440
08/19/2020,BFI,WA,ANM,WE,Towers with Radar,28,51,71,4,154,0,6,175,1,182,28,57,246,5,336,208,0,208,544
08/20/2020,BFI,WA,ANM,WE,Towers with Radar,34,55,77,4,170,0,9,183,0,192,34,64,260,4,362,88,0,88,450
08/21/2020,BFI,WA,ANM,WE,Towers with Radar,16,63,82,0,161,0,8,92,1,101,16,71,174,1,262,56,0,56,318
08/22/2020,BFI,WA,ANM,WE,Towers with Radar,5,60,61,0,126,0,17,207,0,224,5,77,268,0,350,146,0,146,496
08/23/2020,BFI,WA,ANM,WE,Towers with Radar,11,62,65,0,138,0,23,229,0,252,11,85,294,0,390,65,0,65,455
08/24/2020,BFI,WA,ANM,WE,Towers with Radar,16,53,80,2,151,0,18,163,1,182,16,71,243,3,333,159,0,159,492
08/25/2020,BFI,WA,ANM,WE,Towers with Radar,26,40,65,0,131,0,29,205,4,238,26,69,270,4,369,264,0,264,633
08/26/2020,BFI,WA,ANM,WE,Towers with Radar,30,45,70,4,149,0,25,298,1,324,30,70,368,5,473,318,0,318,791
08/27/2020,BFI,WA,ANM,WE,Towers with Radar,27,40,74,0,141,0,29,316,1,346,27,69,390,1,487,198,0,198,685
08/28/2020,BFI,WA,ANM,WE,Towers with Radar,16,54,71,2,143,0,28,296,4,328,16,82,367,6,471,306,2,308,779
08/29/2020,BFI,WA,ANM,WE,Towers with Radar,9,54,54,1,118,0,18,231,0,249,9,72,285,1,367,166,0,166,533
08/30/2020,BFI,WA,ANM,WE,Towers with Radar,9,39,67,0,115,0,21,201,0,222,9,60,268,0,337,106,0,106,443
08/31/2020,BFI,WA,ANM,WE,Towers with Radar,13,39,50,0,102,0,8,128,0,136,13,47,178,0,238,76,0,76,314
09/01/2020,BFI,WA,ANM,WE,Towers with Radar,24,48,57,1,130,0,24,268,1,293,24,72,325,2,423,292,0,292,715
09/02/2020,BFI,WA,ANM,WE,Towers with Radar,25,39,63,0,127,0,23,193,2,218,25,62,256,2,345,206,0,206,551
09/03/2020,BFI,WA,ANM,WE,Towers with Radar,25,58,85,1,169,0,21,210,2,233,25,79,295,3,402,232,0,232,634
09/04/2020,BFI,WA,ANM,WE,Towers with Radar,13,42,60,0,115,0,12,217,0,229,13,54,277,0,344,156,0,156,500
09/05/2020,BFI,WA,ANM,WE,Towers with Radar,3,50,52,0,105,0,4,182,0,186,3,54,234,0,291,182,0,182,473
09/06/2020,BFI,WA,ANM,WE,Towers with Radar,7,34,49,0,90,0,11,150,0,161,7,45,199,0,251,4,0,4,255
09/07/2020,BFI,WA,ANM,WE,Towers with Radar,4,38,66,0,108,0,19,136,0,155,4,57,202,0,263,66,0,66,329
09/08/2020,BFI,WA,ANM,WE,Towers with Radar,14,45,75,3,137,0,24,161,0,185,14,69,236,3,322,190,0,190,512
09/09/2020,BFI,WA,ANM,WE,Towers with Radar,34,51,71,0,156,0,30,203,1,234,34,81,274,1,390,173,0,173,563
09/10/2020,BFI,WA,ANM,WE,Towers with Radar,29,61,86,2,178,0,16,166,0,182,29,77,252,2,360,188,0,188,548
09/11/2020,BFI,WA,ANM,WE,Towers with Radar,11,69,102,3,185,0,2,2,0,4,11,71,104,3,189,4,0,4,193
09/12/2020,BFI,WA,ANM,WE,Towers with Radar,10,46,45,2,103,0,0,0,0,0,10,46,45,2,103,0,0,0,103
09/13/2020,BFI,WA,ANM,WE,Towers with Radar,8,49,64,1,122,0,0,0,0,0,8,49,64,1,122,0,0,0,122
09/14/2020,BFI,WA,ANM,WE,Towers with Radar,12,42,67,2,123,0,0,0,0,0,12,42,67,2,123,0,0,0,123
09/15/2020,BFI,WA,ANM,WE,Towers with Radar,26,44,58,2,130,0,0,1,0,1,26,44,59,2,131,0,0,0,131
09/16/2020,BFI,WA,ANM,WE,Towers with Radar,28,50,65,3,146,0,1,0,0,1,28,51,65,3,147,4,0,4,151
09/17/2020,BFI,WA,ANM,WE,Towers with Radar,30,67,82,3,182,0,2,0,0,2,30,69,82,3,184,0,0,0,184
09/18/2020,BFI,WA,ANM,WE,Towers with Radar,22,73,80,3,178,0,0,2,0,2,22,73,82,3,180,12,0,12,192
09/19/2020,BFI,WA,ANM,WE,Towers with Radar,5,58,70,3,136,0,5,70,0,75,5,63,140,3,211,202,0,202,413
09/20/2020,BFI,WA,ANM,WE,Towers with Radar,14,52,81,0,147,0,17,171,0,188,14,69,252,0,335,58,0,58,393
09/21/2020,BFI,WA,ANM,WE,Towers with Radar,12,50,79,4,145,0,10,205,0,215,12,60,284,4,360,182,0,182,542
09/22/2020,BFI,WA,ANM,WE,Towers with Radar,22,52,70,1,145,0,13,156,1,170,22,65,226,2,315,154,0,154,469
09/23/2020,BFI,WA,ANM,WE,Towers with Radar,26,57,90,2,175,0,2,19,0,21,26,59,109,2,196,82,0,82,278
09/24/2020,BFI,WA,ANM,WE,Towers with Radar,32,62,50,2,146,0,7,53,0,60,32,69,103,2,206,128,0,128,334
09/25/2020,BFI,WA,ANM,WE,Towers with Radar,20,54,62,4,140,0,11,17,0,28,20,65,79,4,168,64,0,64,232
09/26/2020,BFI,WA,ANM,WE,Towers with Radar,4,43,79,0,126,0,2,70,0,72,4,45,149,0,198,123,0,123,321
09/27/2020,BFI,WA,ANM,WE,Towers with Radar,6,45,75,0,126,0,16,233,0,249,6,61,308,0,375,76,0,76,451
09/28/2020,BFI,WA,ANM,WE,Towers with Radar,10,47,72,1,130,0,31,199,0,230,10,78,271,1,360,177,2,179,539
09/29/2020,BFI,WA,ANM,WE,Towers with Radar,18,43,75,3,139,0,26,229,7,262,18,69,304,10,401,258,0,258,659
09/30/2020,BFI,WA,ANM,WE,Towers with Radar,21,45,77,0,143,0,20,177,1,198,21,65,254,1,341,238,0,238,579
10/01/2020,BFI,WA,ANM,WE,Towers with Radar,20,55,88,3,166,0,10,99,0,109,20,65,187,3,275,154,0,154,429
10/02/2020,BFI,WA,ANM,WE,Towers with Radar,18,46,82,3,149,0,10,146,0,156,18,56,228,3,305,166,0,166,471
10/03/2020,BFI,WA,ANM,WE,Towers with Radar,7,52,64,2,125,0,0,0,0,0,7,52,64,2,125,0,0,0,125
10/04/2020,BFI,WA,ANM,WE,Towers with Radar,4,59,76,1,140,0,8,38,0,46,4,67,114,1,186,58,0,58,244
10/05/2020,BFI,WA,ANM,WE,Towers with Radar,12,52,66,0,130,0,14,112,2,128,12,66,178,2,258,91,0,91,349
10/06/2020,BFI,WA,ANM,WE,Towers with Radar,19,39,66,1,125,0,16,191,1,208,19,55,257,2,333,223,0,223,556
10/07/2020,BFI,WA,ANM,WE,Towers with Radar,22,56,116,1,195,0,6,27,0,33,22,62,143,1,228,52,0,52,280
10/08/2020,BFI,WA,ANM,WE,Towers with Radar,28,57,67,0,152,0,7,125,2,134,28,64,192,2,286,284,0,284,570
10/09/2020,BFI,WA,ANM,WE,Towers with Radar,21,62,69,0,152,0,8,139,0,147,21,70,208,0,299,166,0,166,465
10/10/2020,BFI,WA,ANM,WE,Towers with Radar,8,54,28,0,90,0,4,55,0,59,8,58,83,0,149,76,0,76,225
10/11/2020,BFI,WA,ANM,WE,Towers with Radar,8,58,69,0,135,0,1,46,2,49,8,59,115,2,184,114,0,114,298
10/12/2020,BFI,WA,ANM,WE,Towers with Radar,12,56,67,0,135,0,14,124,0,138,12,70,191,0,273,94,0,94,367
10/13/2020,BFI,WA,ANM,WE,Towers with Radar,22,45,66,2,135,0,3,7,0,10,22,48,73,2,145,0,0,0,145
10/14/2020,BFI,WA,ANM,WE,Towers with Radar,31,49,77,2,159,0,19,271,0,290,31,68,348,2,449,302,0,302,751
10/15/2020,BFI,WA,ANM,WE,Towers with Radar,31,46,78,0,155,0,13,232,0,245,31,59,310,0,400,206,0,206,606
10/16/2020,BFI,WA,ANM,WE,Towers with Radar,22,59,66,0,147,0,2,34,0,36,22,61,100,0,183,22,0,22,205
10/17/2020,BFI,WA,ANM,WE,Towers with Radar,6,37,81,1,125,0,5,80,0,85,6,42,161,1,210,212,0,212,422
10/18/2020,BFI,WA,ANM,WE,Towers with Radar,7,46,84,1,138,0,0,17,0,17,7,46,101,1,155,8,0,8,163
10/19/2020,BFI,WA,ANM,WE,Towers with Radar,24,61,60,2,147,0,5,96,0,101,24,66,156,2,248,102,0,102,350
10/20/2020,BFI,WA,ANM,WE,Towers with Radar,24,41,65,1,131,0,6,165,3,174,24,47,230,4,305,326,0,326,631
10/21/2020,BFI,WA,ANM,WE,Towers with Radar,22,40,71,0,133,0,13,121,2,136,22,53,192,2,269,324,1,325,594
10/22/2020,BFI,WA,ANM,WE,Towers with Radar,25,44,79,0,148,0,5,161,2,168,25,49,240,2,316,210,0,210,526
10/23/2020,BFI,WA,ANM,WE,Towers with Radar,19,74,56,0,149,0,4,68,0,72,19,78,124,0,221,162,0,162,383
10/24/2020,BFI,WA,ANM,WE,Towers with Radar,3,34,38,0,75,0,10,234,0,244,3,44,272,0,319,221,0,221,540
10/25/2020,BFI,WA,ANM,WE,Towers with Radar,5,25,59,0,89,0,11,309,1,321,5,36,368,1,410,228,0,228,638
10/26/2020,BFI,WA,ANM,WE,Towers with Radar,9,42,45,0,96,0,7,174,0,181,9,49,219,0,277,186,0,186,463
10/27/2020,BFI,WA,ANM,WE,Towers with Radar,20,45,65,1,131,0,13,153,2,168,20,58,218,3,299,264,0,264,563
10/28/2020,BFI,WA,ANM,WE,Towers with Radar,20,46,97,2,165,0,9,105,0,114,20,55,202,2,279,202,0,202,481
10/29/2020,BFI,WA,ANM,WE,Towers with Radar,19,51,69,4,143,0,6,136,2,144,19,57,205,6,287,234,0,234,521
10/30/2020,BFI,WA,ANM,WE,Towers with Radar,12,46,57,2,117,0,12,150,0,162,12,58,207,2,279,296,0,296,575
10/31/2020,BFI,WA,ANM,WE,Towers with Radar,6,31,45,0,82,0,21,228,0,249,6,52,273,0,331,200,0,200,531
11/01/2020,BFI,WA,ANM,WE,Towers with Radar,6,38,69,1,114,0,18,272,2,292,6,56,341,3,406,14,0,14,420
11/02/2020,BFI,WA,ANM,WE,Towers with Radar,16,45,49,3,113,0,32,172,2,206,16,77,221,5,319,298,0,298,617
11/03/2020,BFI,WA,ANM,WE,Towers with Radar,20,38,52,2,112,0,2,0,0,2,20,40,52,2,114,0,0,0,114
11/04/2020,BFI,WA,ANM,WE,Towers with Radar,26,43,64,1,134,1,5,37,0,43,27,48,101,1,177,187,0,187,364
11/05/2020,BFI,WA,ANM,WE,Towers with Radar,24,55,61,2,142,0,1,44,0,45,24,56,105,2,187,78,0,78,265
11/06/2020,BFI,WA,ANM,WE,Towers with Radar,24,51,60,5,140,0,16,125,0,141,24,67,185,5,281,186,0,186,467
11/07/2020,BFI,WA,ANM,WE,Towers with Radar,6,29,74,1,110,0,10,118,0,128,6,39,192,1,238,330,0,330,568
11/08/2020,BFI,WA,ANM,WE,Towers with Radar,10,49,58,2,119,0,22,238,4,264,10,71,296,6,383,154,0,154,537
11/09/2020,BFI,WA,ANM,WE,Towers with Radar,9,46,55,3,113,0,20,136,0,156,9,66,191,3,269,130,0,130,399
11/10/2020,BFI,WA,ANM,WE,Towers with Radar,18,38,53,1,110,0,4,52,1,57,18,42,105,2,167,170,1,171,338
11/11/2020,BFI,WA,ANM,WE,Towers with Radar,17,59,77,1,154,0,5,197,0,202,17,64,274,1,356,334,1,335,691
11/12/2020,BFI,WA,ANM,WE,Towers with Radar,18,41,71,1,131,0,11,73,0,84,18,52,144,1,215,128,0,128,343
11/13/2020,BFI,WA,ANM,WE,Towers with Radar,19,43,38,0,100,0,6,20,0,26,19,49,58,0,126,14,0,14,140
11/14/2020,BFI,WA,ANM,WE,Towers with Radar,4,47,49,4,104,0,2,95,0,97,4,49,144,4,201,250,0,250,451
11/15/2020,BFI,WA,ANM,WE,Towers with Radar,5,42,46,1,94,0,6,74,0,80,5,48,120,1,174,106,0,106,280
11/16/2020,BFI,WA,ANM,WE,Towers with Radar,14,48,48,2,112,0,3,12,0,15,14,51,60,2,127,30,0,30,157
11/17/2020,BFI,WA,ANM,WE,Towers with Radar,18,41,34,1,94,0,4,33,1,38,18,45,67,2,132,44,0,44,176
11/18/2020,BFI,WA,ANM,WE,Towers with Radar,26,65,56,1,148,0,13,56,2,71,26,78,112,3,219,142,0,142,361
11/19/2020,BFI,WA,ANM,WE,Towers with Radar,26,56,51,1,134,0,7,91,0,98,26,63,142,1,232,164,0,164,396
11/20/2020,BFI,WA,ANM,WE,Towers with Radar,20,59,90,0,169,0,7,142,0,149,20,66,232,0,318,186,0,186,504
11/21/2020,BFI,WA,ANM,WE,Towers with Radar,8,54,76,0,138,0,7,241,0,248,8,61,317,0,386,214,0,214,600
11/22/2020,BFI,WA,ANM,WE,Towers with Radar,4,49,47,0,100,0,6,137,0,143,4,55,184,0,243,266,2,268,511
11/23/2020,BFI,WA,ANM,WE,Towers with Radar,15,45,35,0,95,0,2,46,0,48,15,47,81,0,143,106,0,106,249
11/24/2020,BFI,WA,ANM,WE,Towers with Radar,36,50,69,0,155,0,4,36,3,43,36,54,105,3,198,124,0,124,322
11/25/2020,BFI,WA,ANM,WE,Towers with Radar,34,34,53,0,121,0,1,123,0,124,34,35,176,0,245,184,0,184,429
11/26/2020,BFI,WA,ANM,WE,Towers with Radar,3,13,17,0,33,0,2,17,0,19,3,15,34,0,52,28,0,28,80
11/27/2020,BFI,WA,ANM,WE,Towers with Radar,10,34,46,0,90,0,5,135,0,140,10,39,181,0,230,114,0,114,344
11/28/2020,BFI,WA,ANM,WE,Towers with Radar,10,38,77,1,126,0,0,57,0,57,10,38,134,1,183,134,0,134,317
11/29/2020,BFI,WA,ANM,WE,Towers with Radar,6,33,44,1,84,0,1,0,0,1,6,34,44,1,85,0,0,0,85
11/30/2020,BFI,WA,ANM,WE,Towers with Radar,20,51,37,0,108,0,7,49,0,56,20,58,86,0,164,40,0,40,204
12/01/2020,BFI,WA,ANM,WE,Towers with Radar,42,44,52,1,139,0,19,184,5,208,42,63,236,6,347,148,0,148,495
12/02/2020,BFI,WA,ANM,WE,Towers with Radar,42,40,52,1,135,0,16,214,4,234,42,56,266,5,369,224,0,224,593
12/03/2020,BFI,WA,ANM,WE,Towers with Radar,37,46,37,1,121,0,9,179,2,190,37,55,216,3,311,208,0,208,519
12/04/2020,BFI,WA,ANM,WE,Towers with Radar,27,40,47,0,114,0,18,165,7,190,27,58,212,7,304,243,6,249,553
12/05/2020,BFI,WA,ANM,WE,Towers with Radar,11,31,38,0,80,0,13,243,0,256,11,44,281,0,336,258,0,258,594
12/06/2020,BFI,WA,ANM,WE,Towers with Radar,7,38,42,0,87,0,0,120,0,120,7,38,162,0,207,46,0,46,253
12/07/2020,BFI,WA,ANM,WE,Towers with Radar,21,39,38,0,98,0,7,116,2,125,21,46,154,2,223,78,0,78,301
12/08/2020,BFI,WA,ANM,WE,Towers with Radar,48,47,58,0,153,0,0,0,0,0,48,47,58,0,153,0,0,0,153
12/09/2020,BFI,WA,ANM,WE,Towers with Radar,31,48,62,1,142,0,3,62,2,67,31,51,124,3,209,122,0,122,331
12/10/2020,BFI,WA,ANM,WE,Towers with Radar,33,46,52,3,134,0,42,32,0,74,33,88,84,3,208,146,0,146,354
12/11/2020,BFI,WA,ANM,WE,Towers with Radar,20,46,58,5,129,0,6,91,2,99,20,52,149,7,228,228,0,228,456
12/12/2020,BFI,WA,ANM,WE,Towers with Radar,16,42,55,3,116,0,7,141,0,148,16,49,196,3,264,150,0,150,414
12/13/2020,BFI,WA,ANM,WE,Towers with Radar,7,44,45,2,98,0,4,48,0,52,7,48,93,2,150,112,0,112,262
12/14/2020,BFI,WA,ANM,WE,Towers with Radar,24,50,48,1,123,0,3,47,2,52,24,53,95,3,175,80,0,80,255
12/15/2020,BFI,WA,ANM,WE,Towers with Radar,45,48,29,0,122,0,3,21,4,28,45,51,50,4,150,85,0,85,235
12/16/2020,BFI,WA,ANM,WE,Towers with Radar,52,61,54,2,169,0,6,81,0,87,52,67,135,2,256,236,0,236,492
12/17/2020,BFI,WA,ANM,WE,Towers with Radar,50,54,80,0,184,0,23,106,0,129,50,77,186,0,313,118,0,118,431
12/18/2020,BFI,WA,ANM,WE,Towers with Radar,54,40,64,1,159,0,17,60,0,77,54,57,124,1,236,172,0,172,408
12/19/2020,BFI,WA,ANM,WE,Towers with Radar,48,50,61,0,159,0,3,63,0,66,48,53,124,0,225,98,0,98,323
12/20/2020,BFI,WA,ANM,WE,Towers with Radar,44,51,52,0,147,0,2,94,0,96,44,53,146,0,243,232,0,232,475
12/21/2020,BFI,WA,ANM,WE,Towers with Radar,60,45,48,0,153,0,0,2,0,2,60,45,50,0,155,4,0,4,159
12/22/2020,BFI,WA,ANM,WE,Towers with Radar,56,50,67,0,173,0,38,148,3,189,56,88,215,3,362,308,0,308,670
12/23/2020,BFI,WA,ANM,WE,Towers with Radar,53,56,82,0,191,0,16,181,2,199,53,72,263,2,390,148,0,148,538
12/24/2020,BFI,WA,ANM,WE,Towers with Radar,30,39,34,1,104,0,3,79,4,86,30,42,113,5,190,56,0,56,246
12/25/2020,BFI,WA,ANM,WE,Towers with Radar,0,19,17,0,36,0,2,6,0,8,0,21,23,0,44,2,0,2,46
12/26/2020,BFI,WA,ANM,WE,Towers with Radar,6,49,54,0,109,0,4,27,0,31,6,53,81,0,140,12,0,12,152
12/27/2020,BFI,WA,ANM,WE,Towers with Radar,13,31,70,0,114,0,3,90,0,93,13,34,160,0,207,80,0,80,287
12/28/2020,BFI,WA,ANM,WE,Towers with Radar,17,54,44,0,115,0,10,197,4,211,17,64,241,4,326,166,0,166,492
12/29/2020,BFI,WA,ANM,WE,Towers with Radar,37,68,54,0,159,0,5,140,6,151,37,73,194,6,310,234,0,234,544
12/30/2020,BFI,WA,ANM,WE,Towers with Radar,28,47,64,0,139,0,5,34,3,42,28,52,98,3,181,164,0,164,345
12/31/2020,BFI,WA,ANM,WE,Towers with Radar,19,48,57,0,124,0,1,44,0,45,19,49,101,0,169,36,0,36,205
01/01/2021,BFI,WA,ANM,WE,Towers with Radar,0,37,36,0,73,0,0,14,0,14,0,37,50,0,87,10,0,10,97
01/02/2021,BFI,WA,ANM,WE,Towers with Radar,5,46,45,0,96,0,4,10,0,14,5,50,55,0,110,10,0,10,120
01/03/2021,BFI,WA,ANM,WE,Towers with Radar,5,48,64,1,118,0,8,50,0,58,5,56,114,1,176,124,0,124,300
01/04/2021,BFI,WA,ANM,WE,Towers with Radar,15,58,57,1,131,0,9,43,2,54,15,67,100,3,185,60,0,60,245
01/05/2021,BFI,WA,ANM,WE,Towers with Radar,32,54,52,0,138,0,5,39,2,46,32,59,91,2,184,46,0,46,230
01/06/2021,BFI,WA,ANM,WE,Towers with Radar,28,46,70,1,145,0,11,116,6,133,28,57,186,7,278,214,0,214,492
01/07/2021,BFI,WA,ANM,WE,Towers with Radar,35,61,48,1,145,0,1,189,4,194,35,62,237,5,339,204,0,204,543
01/08/2021,BFI,WA,ANM,WE,Towers with Radar,25,44,48,0,117,0,2,21,0,23,25,46,69,0,140,38,0,38,178
01/09/2021,BFI,WA,ANM,WE,Towers with Radar,14,35,44,0,93,0,6,142,0,148,14,41,186,0,241,12,0,12,253
01/10/2021,BFI,WA,ANM,WE,Towers with Radar,4,42,55,1,102,0,2,122,0,124,4,44,177,1,226,262,0,262,488
01/11/2021,BFI,WA,ANM,WE,Towers with Radar,9,48,46,2,105,0,3,19,0,22,9,51,65,2,127,58,0,58,185
01/12/2021,BFI,WA,ANM,WE,Towers with Radar,33,53,55,0,141,0,8,7,0,15,33,61,62,0,156,26,0,26,182
01/13/2021,BFI,WA,ANM,WE,Towers with Radar,19,44,58,1,122,0,6,155,1,162,19,50,213,2,284,178,0,178,462
01/14/2021,BFI,WA,ANM,WE,Towers with Radar,26,55,75,4,160,0,12,200,1,213,26,67,275,5,373,158,0,158,531
01/15/2021,BFI,WA,ANM,WE,Towers with Radar,15,58,77,1,151,0,3,119,0,122,15,61,196,1,273,264,0,264,537
01/16/2021,BFI,WA,ANM,WE,Towers with Radar,7,37,54,1,99,0,2,140,0,142,7,39,194,1,241,148,0,148,389
01/17/2021,BFI,WA,ANM,WE,Towers with Radar,9,32,48,1,90,0,0,44,0,44,9,32,92,1,134,228,0,228,362
01/18/2021,BFI,WA,ANM,WE,Towers with Radar,17,39,76,0,132,0,15,145,0,160,17,54,221,0,292,262,0,262,554
01/19/2021,BFI,WA,ANM,WE,Towers with Radar,31,42,77,0,150,0,15,55,0,70,31,57,132,0,220,28,0,28,248
01/20/2021,BFI,WA,ANM,WE,Towers with Radar,29,36,61,0,126,0,6,120,0,126,29,42,181,0,252,176,0,176,428
01/21/2021,BFI,WA,ANM,WE,Towers with Radar,35,38,53,3,129,0,8,71,0,79,35,46,124,3,208,226,0,226,434
01/22/2021,BFI,WA,ANM,WE,Towers with Radar,26,45,67,0,138,0,12,254,1,267,26,57,321,1,405,154,0,154,559
01/23/2021,BFI,WA,ANM,WE,Towers with Radar,13,38,52,0,103,0,10,247,0,257,13,48,299,0,360,238,0,238,598
01/24/2021,BFI,WA,ANM,WE,Towers with Radar,8,38,38,0,84,0,0,57,0,57,8,38,95,0,141,154,0,154,295
01/25/2021,BFI,WA,ANM,WE,Towers with Radar,12,47,67,0,126,0,7,91,0,98,12,54,158,0,224,200,0,200,424
01/26/2021,BFI,WA,ANM,WE,Towers with Radar,32,43,49,2,126,0,14,92,0,106,32,57,141,2,232,114,0,114,346
01/27/2021,BFI,WA,ANM,WE,Towers with Radar,27,40,66,0,133,0,7,110,0,117,27,47,176,0,250,198,0,198,448
01/28/2021,BFI,WA,ANM,WE,Towers with Radar,29,43,48,2,122,0,12,85,0,97,29,55,133,2,219,150,0,150,369
01/29/2021,BFI,WA,ANM,WE,Towers with Radar,25,39,70,0,134,0,3,83,0,86,25,42,153,0,220,134,0,134,354
01/30/2021,BFI,WA,ANM,WE,Towers with Radar,4,44,57,0,105,0,4,137,2,143,4,48,194,2,248,237,0,237,485
01/31/2021,BFI,WA,ANM,WE,Towers with Radar,10,38,63,0,111,0,1,32,0,33,10,39,95,0,144,82,0,82,226
02/01/2021,BFI,WA,ANM,WE,Towers with Radar,15,32,42,2,91,0,1,43,0,44,15,33,85,2,135,92,0,92,227
02/02/2021,BFI,WA,ANM,WE,Towers with Radar,27,36,42,1,106,0,0,10,0,10,27,36,52,1,116,6,0,6,122
02/03/2021,BFI,WA,ANM,WE,Towers with Radar,27,35,59,1,122,0,6,158,0,164,27,41,217,1,286,240,0,240,526
02/04/2021,BFI,WA,ANM,WE,Towers with Radar,32,37,40,0,109,0,0,28,0,28,32,37,68,0,137,50,1,51,188
02/05/2021,BFI,WA,ANM,WE,Towers with Radar,21,51,60,3,135,0,4,85,0,89,21,55,145,3,224,132,0,132,356
02/06/2021,BFI,WA,ANM,WE,Towers with Radar,4,27,28,1,60,0,7,2,0,9,4,34,30,1,69,0,0,0,69
02/07/2021,BFI,WA,ANM,WE,Towers with Radar,3,39,45,0,87,0,4,121,0,125,3,43,166,0,212,140,0,140,352
02/08/2021,BFI,WA,ANM,WE,Towers with Radar,10,33,50,1,94,0,12,110,0,122,10,45,160,1,216,400,0,400,616
02/09/2021,BFI,WA,ANM,WE,Towers with Radar,31,49,68,2,150,0,12,167,0,179,31,61,235,2,329,234,0,234,563
02/10/2021,BFI,WA,ANM,WE,Towers with Radar,30,50,77,2,159,0,8,130,0,138,30,58,207,2,297,176,0,176,473
02/11/2021,BFI,WA,ANM,WE,Towers with Radar,26,48,54,0,128,0,7,42,0,49,26,55,96,0,177,94,0,94,271
02/12/2021,BFI,WA,ANM,WE,Towers with Radar,16,43,44,0,103,0,7,55,0,62,16,50,99,0,165,114,0,114,279
02/13/2021,BFI,WA,ANM,WE,Towers with Radar,4,29,25,0,58,0,0,0,0,0,4,29,25,0,58,0,0,0,58
02/14/2021,BFI,WA,ANM,WE,Towers with Radar,5,47,38,0,90,0,0,1,0,1,5,47,39,0,91,0,0,0,91
02/15/2021,BFI,WA,ANM,WE,Towers with Radar,9,55,67,1,132,0,0,3,0,3,9,55,70,1,135,6,0,6,141
02/16/2021,BFI,WA,ANM,WE,Towers with Radar,18,38,67,3,126,0,6,82,0,88,18,44,149,3,214,168,0,168,382
02/17/2021,BFI,WA,ANM,WE,Towers with Radar,24,63,81,0,168,0,7,217,3,227,24,70,298,3,395,356,0,356,751
02/18/2021,BFI,WA,ANM,WE,Towers with Radar,21,49,62,0,132,0,11,50,0,61,21,60,112,0,193,192,0,192,385
02/19/2021,BFI,WA,ANM,WE,Towers with Radar,18,55,65,0,138,0,7,95,0,102,18,62,160,0,240,60,0,60,300
02/20/2021,BFI,WA,ANM,WE,Towers with Radar,7,32,42,0,81,0,8,167,1,176,7,40,209,1,257,224,0,224,481
02/21/2021,BFI,WA,ANM,WE,Towers with Radar,10,57,65,1,133,0,2,31,0,33,10,59,96,1,166,44,0,44,210
02/22/2021,BFI,WA,ANM,WE,Towers with Radar,9,42,34,1,86,0,1,1,0,2,9,43,35,1,88,0,0,0,88
02/23/2021,BFI,WA,ANM,WE,Towers with Radar,26,35,60,0,121,0,11,84,0,95,26,46,144,0,216,190,0,190,406
02/24/2021,BFI,WA,ANM,WE,Towers with Radar,26,50,78,2,156,0,16,227,0,243,26,66,305,2,399,256,0,256,655
02/25/2021,BFI,WA,ANM,WE,Towers with Radar,20,64,62,3,149,0,10,38,0,48,20,74,100,3,197,26,0,26,223
02/26/2021,BFI,WA,ANM,WE,Towers with Radar,16,62,64,3,145,0,7,116,0,123,16,69,180,3,268,68,0,68,336
02/27/2021,BFI,WA,ANM,WE,Towers with Radar,7,35,51,0,93,0,13,223,0,236,7,48,274,0,329,272,0,272,601
02/28/2021,BFI,WA,ANM,WE,Towers with Radar,7,50,51,2,110,0,1,75,1,77,7,51,126,3,187,298,0,298,485
03/01/2021,BFI,WA,ANM,WE,Towers with Radar,17,49,48,4,118,0,18,148,0,166,17,67,196,4,284,168,8,176,460
03/02/2021,BFI,WA,ANM,WE,Towers with Radar,28,41,65,5,139,0,13,66,0,79,28,54,131,5,218,174,0,174,392
03/03/2021,BFI,WA,ANM,WE,Towers with Radar,25,46,61,7,139,0,11,208,1,220,25,57,269,8,359,142,0,142,501
03/04/2021,BFI,WA,ANM,WE,Towers with Radar,25,42,67,0,134,0,10,106,2,118,25,52,173,2,252,202,6,208,460
03/05/2021,BFI,WA,ANM,WE,Towers with Radar,23,54,51,1,129,0,5,41,0,46,23,59,92,1,175,78,0,78,253
03/06/2021,BFI,WA,ANM,WE,Towers with Radar,4,36,51,1,92,0,8,99,0,107,4,44,150,1,199,78,0,78,277
03/07/2021,BFI,WA,ANM,WE,Towers with Radar,5,48,46,1,100,0,3,20,2,25,5,51,66,3,125,8,0,8,133
03/08/2021,BFI,WA,ANM,WE,Towers with Radar,9,36,60,1,106,0,11,180,0,191,9,47,240,1,297,208,0,208,505
03/09/2021,BFI,WA,ANM,WE,Towers with Radar,23,50,51,0,124,0,17,161,2,180,23,67,212,2,304,144,4,148,452
03/10/2021,BFI,WA,ANM,WE,Towers with Radar,26,59,82,0,167,0,11,186,0,197,26,70,268,0,364,210,0,210,574
03/11/2021,BFI,WA,ANM,WE,Towers with Radar,33,31,75,1,140,0,19,237,1,257,33,50,312,2,397,140,0,140,537
03/12/2021,BFI,WA,ANM,WE,Towers with Radar,22,49,72,1,144,0,17,232,0,249,22,66,304,1,393,126,0,126,519
03/13/2021,BFI,WA,ANM,WE,Towers with Radar,3,40,50,1,94,0,30,240,0,270,3,70,290,1,364,184,0,184,548
03/14/2021,BFI,WA,ANM,WE,Towers with Radar,6,44,76,0,126,0,21,60,0,81,6,65,136,0,207,156,0,156,363
03/15/2021,BFI,WA,ANM,WE,Towers with Radar,7,48,52,5,112,0,19,133,1,153,7,67,185,6,265,164,0,164,429
03/16/2021,BFI,WA,ANM,WE,Towers with Radar,26,32,54,6,118,0,17,197,0,214,26,49,251,6,332,182,0,182,514
03/17/2021,BFI,WA,ANM,WE,Towers with Radar,23,59,66,4,152,0,14,265,1,280,23,73,331,5,432,237,2,239,671
03/18/2021,BFI,WA,ANM,WE,Towers with Radar,21,51,61,5,138,0,12,97,0,109,21,63,158,5,247,164,0,164,411
03/19/2021,BFI,WA,ANM,WE,Towers with Radar,23,49,61,0,133,0,8,106,0,114,23,57,167,0,247,86,0,86,333
03/20/2021,BFI,WA,ANM,WE,Towers with Radar,8,40,64,0,112,0,7,51,0,58,8,47,115,0,170,228,0,228,398
03/21/2021,BFI,WA,ANM,WE,Towers with Radar,6,42,69,0,117,0,3,42,0,45,6,45,111,0,162,36,0,36,198
03/22/2021,BFI,WA,ANM,WE,Towers with Radar,17,37,51,3,108,0,13,67,0,80,17,50,118,3,188,120,0,120,308
03/23/2021,BFI,WA,ANM,WE,Towers with Radar,26,47,57,7,137,0,19,184,2,205,26,66,241,9,342,254,2,256,598
03/24/2021,BFI,WA,ANM,WE,Towers with Radar,21,46,76,2,145,0,9,16,0,25,21,55,92,2,170,4,0,4,174
03/25/2021,BFI,WA,ANM,WE,Towers with Radar,32,55,73,9,169,0,10,119,0,129,32,65,192,9,298,318,0,318,616
03/26/2021,BFI,WA,ANM,WE,Towers with Radar,26,39,75,5,145,0,11,198,0,209,26,50,273,5,354,344,0,344,698
03/27/2021,BFI,WA,ANM,WE,Towers with Radar,6,41,72,0,119,0,17,214,0,231,6,58,286,0,350,310,0,310,660
03/28/2021,BFI,WA,ANM,WE,Towers with Radar,8,62,54,1,125,0,5,9,2,16,8,67,63,3,141,0,0,0,141
03/29/2021,BFI,WA,ANM,WE,Towers with Radar,13,49,53,1,116,0,6,139,0,145,13,55,192,1,261,188,0,188,449
03/30/2021,BFI,WA,ANM,WE,Towers with Radar,26,47,62,1,136,0,13,165,0,178,26,60,227,1,314,240,0,240,554
03/31/2021,BFI,WA,ANM,WE,Towers with Radar,28,41,60,1,130,0,16,204,0,220,28,57,264,1,350,136,0,136,486
04/01/2021,BFI,WA,ANM,WE,Towers with Radar,30,58,63,5,156,0,15,156,0,171,30,73,219,5,327,128,0,128,455
04/02/2021,BFI,WA,ANM,WE,Towers with Radar,27,65,64,3,159,0,9,171,0,180,27,74,235,3,339,146,0,146,485
04/03/2021,BFI,WA,ANM,WE,Towers with Radar,5,41,68,1,115,0,16,207,0,223,5,57,275,1,338,88,0,88,426
04/04/2021,BFI,WA,ANM,WE,Towers with Radar,6,40,51,0,97,0,22,84,1,107,6,62,135,1,204,132,0,132,336
04/05/2021,BFI,WA,ANM,WE,Towers with Radar,13,55,64,2,134,0,25,206,1,232,13,80,270,3,366,78,0,78,444
04/06/2021,BFI,WA,ANM,WE,Towers with Radar,32,49,69,2,152,0,27,205,0,232,32,76,274,2,384,114,0,114,498
04/07/2021,BFI,WA,ANM,WE,Towers with Radar,30,62,74,1,167,0,7,45,2,54,30,69,119,3,221,16,0,16,237
04/08/2021,BFI,WA,ANM,WE,Towers with Radar,24,52,65,0,141,0,11,190,0,201,24,63,255,0,342,253,0,253,595
04/09/2021,BFI,WA,ANM,WE,Towers with Radar,20,49,72,1,142,0,6,107,0,113,20,55,179,1,255,178,0,178,433
04/10/2021,BFI,WA,ANM,WE,Towers with Radar,9,63,51,1,124,0,7,154,0,161,9,70,205,1,285,141,0,141,426
04/11/2021,BFI,WA,ANM,WE,Towers with Radar,7,38,83,2,130,0,18,274,5,297,7,56,357,7,427,150,0,150,577
04/12/2021,BFI,WA,ANM,WE,Towers with Radar,7,43,49,2,101,0,26,175,5,206,7,69,224,7,307,138,0,138,445
04/13/2021,BFI,WA,ANM,WE,Towers with Radar,27,52,54,0,133,0,26,157,0,183,27,78,211,0,316,76,0,76,392
04/14/2021,BFI,WA,ANM,WE,Towers with Radar,24,41,61,0,126,0,28,188,0,216,24,69,249,0,342,180,12,192,534
04/15/2021,BFI,WA,ANM,WE,Towers with Radar,31,49,86,0,166,0,39,270,0,309,31,88,356,0,475,268,0,268,743
04/16/2021,BFI,WA,ANM,WE,Towers with Radar,16,35,47,3,101,0,11,225,1,237,16,46,272,4,338,204,0,204,542
04/17/2021,BFI,WA,ANM,WE,Towers with Radar,5,40,58,1,104,0,24,299,2,325,5,64,357,3,429,106,0,106,535
04/18/2021,BFI,WA,ANM,WE,Towers with Radar,8,47,66,0,121,0,27,322,3,352,8,74,388,3,473,108,0,108,581
04/19/2021,BFI,WA,ANM,WE,Towers with Radar,14,39,72,1,126,0,19,174,0,193,14,58,246,1,319,164,0,164,483
04/20/2021,BFI,WA,ANM,WE,Towers with Radar,23,48,45,3,119,0,18,227,2,247,23,66,272,5,366,122,4,126,492
04/21/2021,BFI,WA,ANM,WE,Towers with Radar,18,49,74,1,142,0,23,279,1,303,18,72,353,2,445,240,2,242,687
04/22/2021,BFI,WA,ANM,WE,Towers with Radar,18,56,77,2,153,0,21,164,0,185,18,77,241,2,338,388,0,388,726
04/23/2021,BFI,WA,ANM,WE,Towers with Radar,20,48,67,0,135,0,16,174,1,191,20,64,241,1,326,316,0,316,642
04/24/2021,BFI,WA,ANM,WE,Towers with Radar,8,44,48,1,101,0,10,33,0,43,8,54,81,1,144,150,0,150,294
04/25/2021,BFI,WA,ANM,WE,Towers with Radar,8,58,73,4,143,0,9,112,0,121,8,67,185,4,264,262,0,262,526
04/26/2021,BFI,WA,ANM,WE,Towers with Radar,9,41,77,0,127,0,14,153,1,168,9,55,230,1,295,204,0,204,499
04/27/2021,BFI,WA,ANM,WE,Towers with Radar,20,64,67,2,153,0,29,143,2,174,20,93,210,4,327,180,0,180,507
04/28/2021,BFI,WA,ANM,WE,Towers with Radar,16,38,75,5,134,0,16,206,1,223,16,54,281,6,357,198,0,198,555
04/29/2021,BFI,WA,ANM,WE,Towers with Radar,22,46,79,2,149,0,29,180,1,210,22,75,259,3,359,234,0,234,593
04/30/2021,BFI,WA,ANM,WE,Towers with Radar,23,48,73,1,145,0,22,40,0,62,23,70,113,1,207,30,0,30,237
05/01/2021,BFI,WA,ANM,WE,Towers with Radar,4,37,70,0,111,0,15,127,0,142,4,52,197,0,253,176,0,176,429
05/02/2021,BFI,WA,ANM,WE,Towers with Radar,12,40,75,2,129,0,19,213,0,232,12,59,288,2,361,102,0,102,463
05/03/2021,BFI,WA,ANM,WE,Towers with Radar,11,50,66,2,129,0,8,117,2,127,11,58,183,4,256,188,2,190,446
05/04/2021,BFI,WA,ANM,WE,Towers with Radar,25,50,70,2,147,0,17,136,0,153,25,67,206,2,300,162,0,162,462
05/05/2021,BFI,WA,ANM,WE,Towers with Radar,32,43,87,1,163,0,38,163,1,202,32,81,250,2,365,110,0,110,475
05/06/2021,BFI,WA,ANM,WE,Towers with Radar,33,42,71,0,146,0,31,142,0,173,33,73,213,0,319,186,0,186,505
05/07/2021,BFI,WA,ANM,WE,Towers with Radar,18,54,81,3,156,0,12,135,0,147,18,66,216,3,303,188,0,188,491
05/08/2021,BFI,WA,ANM,WE,Towers with Radar,7,41,73,4,125,0,11,177,0,188,7,52,250,4,313,234,0,234,547
05/09/2021,BFI,WA,ANM,WE,Towers with Radar,4,34,56,1,95,0,9,147,0,156,4,43,203,1,251,112,0,112,363
05/10/2021,BFI,WA,ANM,WE,Towers with Radar,9,56,74,4,143,0,25,198,0,223,9,81,272,4,366,92,0,92,458
05/11/2021,BFI,WA,ANM,WE,Towers with Radar,27,33,66,1,127,0,17,176,0,193,27,50,242,1,320,234,0,234,554
05/12/2021,BFI,WA,ANM,WE,Towers with Radar,34,40,75,0,149,0,15,236,0,251,34,55,311,0,400,226,0,226,626
05/13/2021,BFI,WA,ANM,WE,Towers with Radar,28,49,71,4,152,0,20,229,0,249,28,69,300,4,401,163,0,163,564
05/14/2021,BFI,WA,ANM,WE,Towers with Radar,23,45,77,2,147,0,28,217,0,245,23,73,294,2,392,114,16,130,522
05/15/2021,BFI,WA,ANM,WE,Towers with Radar,8,37,40,1,86,0,15,237,0,252,8,52,277,1,338,130,1,131,469
05/16/2021,BFI,WA,ANM,WE,Towers with Radar,10,41,59,3,113,0,20,234,4,258,10,61,293,7,371,126,0,126,497
05/17/2021,BFI,WA,ANM,WE,Towers with Radar,13,56,83,2,154,0,11,54,0,65,13,67,137,2,219,76,0,76,295
05/18/2021,BFI,WA,ANM,WE,Towers with Radar,27,52,60,0,139,0,14,66,0,80,27,66,126,0,219,32,0,32,251
05/19/2021,BFI,WA,ANM,WE,Towers with Radar,22,45,94,0,161,0,10,137,0,147,22,55,231,0,308,174,0,174,482
05/20/2021,BFI,WA,ANM,WE,Towers with Radar,32,64,79,1,176,1,6,155,0,162,33,70,234,1,338,272,0,272,610
05/21/2021,BFI,WA,ANM,WE,Towers with Radar,27,65,104,4,200,0,22,179,0,201,27,87,283,4,401,259,0,259,660
05/22/2021,BFI,WA,ANM,WE,Towers with Radar,5,40,77,2,124,0,27,110,2,139,5,67,187,4,263,170,3,173,436
05/23/2021,BFI,WA,ANM,WE,Towers with Radar,10,65,80,1,156,0,6,66,0,72,10,71,146,1,228,46,0,46,274
05/24/2021,BFI,WA,ANM,WE,Towers with Radar,12,59,78,2,151,0,20,27,0,47,12,79,105,2,198,59,0,59,257
05/25/2021,BFI,WA,ANM,WE,Towers with Radar,32,50,78,1,161,0,11,114,1,126,32,61,192,2,287,328,0,328,615
05/26/2021,BFI,WA,ANM,WE,Towers with Radar,27,72,78,2,179,0,13,216,2,231,27,85,294,4,410,242,0,242,652
05/27/2021,BFI,WA,ANM,WE,Towers with Radar,26,75,69,0,170,0,5,14,0,19,26,80,83,0,189,12,0,12,201
05/28/2021,BFI,WA,ANM,WE,Towers with Radar,25,54,91,0,170,0,15,214,0,229,25,69,305,0,399,294,0,294,693
05/29/2021,BFI,WA,ANM,WE,Towers with Radar,8,30,45,0,83,0,17,213,2,232,8,47,258,2,315,204,0,204,519
05/30/2021,BFI,WA,ANM,WE,Towers with Radar,14,40,41,0,95,0,24,216,4,244,14,64,257,4,339,66,0,66,405
05/31/2021,BFI,WA,ANM,WE,Towers with Radar,1,66,77,0,144,0,36,243,0,279,1,102,320,0,423,128,2,130,553
06/01/2021,BFI,WA,ANM,WE,Towers with Radar,23,38,79,2,142,0,29,184,1,214,23,67,263,3,356,201,0,201,557
06/02/2021,BFI,WA,ANM,WE,Towers with Radar,42,46,70,3,161,0,19,180,4,203,42,65,250,7,364,142,2,144,508
06/03/2021,BFI,WA,ANM,WE,Towers with Radar,32,54,95,1,182,0,35,184,1,220,32,89,279,2,402,344,2,346,748
06/04/2021,BFI,WA,ANM,WE,Towers with Radar,25,63,71,2,161,0,16,154,0,170,25,79,225,2,331,264,0,264,595
06/05/2021,BFI,WA,ANM,WE,Towers with Radar,10,51,48,0,109,0,6,53,0,59,10,57,101,0,168,4,0,4,172
06/06/2021,BFI,WA,ANM,WE,Towers with Radar,4,46,71,1,122,0,8,70,1,79,4,54,141,2,201,220,0,220,421
06/07/2021,BFI,WA,ANM,WE,Towers with Radar,15,67,87,3,172,0,16,170,0,186,15,83,257,3,358,298,0,298,656
06/08/2021,BFI,WA,ANM,WE,Towers with Radar,41,60,60,1,162,0,21,177,0,198,41,81,237,1,360,185,0,185,545
06/09/2021,BFI,WA,ANM,WE,Towers with Radar,32,66,108,0,206,0,22,247,0,269,32,88,355,0,475,256,0,256,731
06/10/2021,BFI,WA,ANM,WE,Towers with Radar,31,81,85,2,199,0,32,184,0,216,31,113,269,2,415,254,0,254,669
06/11/2021,BFI,WA,ANM,WE,Towers with Radar,21,54,73,2,150,0,24,100,0,124,21,78,173,2,274,272,0,272,546
06/12/2021,BFI,WA,ANM,WE,Towers with Radar,10,46,71,0,127,0,28,262,0,290,10,74,333,0,417,250,0,250,667
06/13/2021,BFI,WA,ANM,WE,Towers with Radar,7,57,81,0,145,0,5,45,0,50,7,62,126,0,195,124,0,124,319
06/14/2021,BFI,WA,ANM,WE,Towers with Radar,20,66,59,1,146,0,11,101,4,116,20,77,160,5,262,62,0,62,324
06/15/2021,BFI,WA,ANM,WE,Towers with Radar,26,45,80,1,152,0,24,97,0,121,26,69,177,1,273,152,0,152,425
06/16/2021,BFI,WA,ANM,WE,Towers with Radar,32,72,85,3,192,0,16,209,0,225,32,88,294,3,417,206,0,206,623
06/17/2021,BFI,WA,ANM,WE,Towers with Radar,24,56,84,2,166,0,26,268,2,296,24,82,352,4,462,197,0,197,659
06/18/2021,BFI,WA,ANM,WE,Towers with Radar,26,53,69,1,149,0,30,266,2,298,26,83,335,3,447,144,0,144,591
06/19/2021,BFI,WA,ANM,WE,Towers with Radar,11,46,70,0,127,0,37,198,0,235,11,83,268,0,362,158,0,158,520
06/20/2021,BFI,WA,ANM,WE,Towers with Radar,3,36,52,0,91,0,34,236,0,270,3,70,288,0,361,70,0,70,431
06/21/2021,BFI,WA,ANM,WE,Towers with Radar,13,56,71,2,142,0,32,164,0,196,13,88,235,2,338,271,0,271,609
06/22/2021,BFI,WA,ANM,WE,Towers with Radar,35,46,81,0,162,0,28,174,4,206,35,74,255,4,368,102,0,102,470
06/23/2021,BFI,WA,ANM,WE,Towers with Radar,33,59,94,3,189,0,26,198,0,224,33,85,292,3,413,76,0,76,489
06/24/2021,BFI,WA,ANM,WE,Towers with Radar,34,58,77,4,173,0,41,236,1,278,34,99,313,5,451,108,0,108,559
06/25/2021,BFI,WA,ANM,WE,Towers with Radar,31,55,60,1,147,0,39,224,2,265,31,94,284,3,412,170,4,174,586
06/26/2021,BFI,WA,ANM,WE,Towers with Radar,13,37,61,2,113,0,38,226,4,268,13,75,287,6,381,162,0,162,543
06/27/2021,BFI,WA,ANM,WE,Towers with Radar,8,47,63,1,119,0,34,182,0,216,8,81,245,1,335,82,6,88,423
06/28/2021,BFI,WA,ANM,WE,Towers with Radar,13,43,53,2,111,0,27,91,0,118,13,70,144,2,229,46,0,46,275
06/29/2021,BFI,WA,ANM,WE,Towers with Radar,37,38,84,0,159,0,31,199,0,230,37,69,283,0,389,90,0,90,479
06/30/2021,BFI,WA,ANM,WE,Towers with Radar,26,64,141,2,233,0,49,257,1,307,26,113,398,3,540,386,6,392,932
07/01/2021,BFI,WA,ANM,WE,Towers with Radar,32,80,116,3,231,0,21,202,3,226,32,101,318,6,457,332,4,336,793
07/02/2021,BFI,WA,ANM,WE,Towers with Radar,22,61,96,2,181,0,26,225,0,251,22,87,321,2,432,273,0,273,705
07/03/2021,BFI,WA,ANM,WE,Towers with Radar,11,37,58,1,107,0,34,215,0,249,11,71,273,1,356,222,0,222,578
07/04/2021,BFI,WA,ANM,WE,Towers with Radar,5,37,27,1,70,0,12,90,4,106,5,49,117,5,176,4,0,4,180
07/05/2021,BFI,WA,ANM,WE,Towers with Radar,6,67,101,0,174,0,24,209,0,233,6,91,310,0,407,110,0,110,517
07/06/2021,BFI,WA,ANM,WE,Towers with Radar,15,90,113,1,219,0,16,183,0,199,15,106,296,1,418,94,0,94,512
07/07/2021,BFI,WA,ANM,WE,Towers with Radar,35,72,90,1,198,0,23,98,1,122,35,95,188,2,320,128,0,128,448
07/08/2021,BFI,WA,ANM,WE,Towers with Radar,29,68,90,1,188,0,27,217,0,244,29,95,307,1,432,216,0,216,648
07/09/2021,BFI,WA,ANM,WE,Towers with Radar,30,71,70,3,174,0,27,237,0,264,30,98,307,3,438,212,0,212,650
07/10/2021,BFI,WA,ANM,WE,Towers with Radar,8,56,61,1,126,0,58,251,1,310,8,114,312,2,436,258,0,258,694
07/11/2021,BFI,WA,ANM,WE,Towers with Radar,5,43,85,0,133,0,32,228,0,260,5,75,313,0,393,88,0,88,481
07/12/2021,BFI,WA,ANM,WE,Towers with Radar,16,61,82,0,159,0,22,238,0,260,16,83,320,0,419,290,0,290,709
07/13/2021,BFI,WA,ANM,WE,Towers with Radar,28,61,92,4,185,0,20,134,1,155,28,81,226,5,340,286,0,286,626
07/14/2021,BFI,WA,ANM,WE,Towers with Radar,28,78,100,5,211,0,22,169,0,191,28,100,269,5,402,196,0,196,598
07/15/2021,BFI,WA,ANM,WE,Towers with Radar,31,77,104,6,218,0,14,143,4,161,31,91,247,10,379,218,0,218,597
07/16/2021,BFI,WA,ANM,WE,Towers with Radar,28,67,126,1,222,0,16,136,0,152,28,83,262,1,374,256,0,256,630
07/17/2021,BFI,WA,ANM,WE,Towers with Radar,8,47,80,1,136,0,23,227,0,250,8,70,307,1,386,194,0,194,580
07/18/2021,BFI,WA,ANM,WE,Towers with Radar,10,60,104,0,174,0,39,326,0,365,10,99,430,0,539,292,0,292,831
07/19/2021,BFI,WA,ANM,WE,Towers with Radar,17,54,63,0,134,0,26,261,1,288,17,80,324,1,422,331,0,331,753
07/20/2021,BFI,WA,ANM,WE,Towers with Radar,35,75,90,2,202,0,30,145,1,176,35,105,235,3,378,344,0,344,722
07/21/2021,BFI,WA,ANM,WE,Towers with Radar,27,63,111,0,201,0,28,230,1,259,27,91,341,1,460,346,6,352,812
07/22/2021,BFI,WA,ANM,WE,Towers with Radar,28,75,95,0,198,0,44,257,0,301,28,119,352,0,499,194,0,194,693
07/23/2021,BFI,WA,ANM,WE,Towers with Radar,25,74,84,0,183,0,63,293,2,358,25,137,377,2,541,188,0,188,729
07/24/2021,BFI,WA,ANM,WE,Towers with Radar,9,46,70,1,126,0,53,368,0,421,9,99,438,1,547,136,0,136,683
07/25/2021,BFI,WA,ANM,WE,Towers with Radar,13,65,99,1,178,0,56,298,4,358,13,121,397,5,536,80,0,80,616
07/26/2021,BFI,WA,ANM,WE,Towers with Radar,23,65,75,0,163,0,59,197,0,256,23,124,272,0,419,148,0,148,567
07/27/2021,BFI,WA,ANM,WE,Towers with Radar,27,46,79,0,152,0,45,214,0,259,27,91,293,0,411,150,2,152,563
07/28/2021,BFI,WA,ANM,WE,Towers with Radar,35,55,97,0,187,0,33,249,1,283,35,88,346,1,470,108,0,108,578
07/29/2021,BFI,WA,ANM,WE,Towers with Radar,34,49,102,1,186,0,55,224,0,279,34,104,326,1,465,170,0,170,635
07/30/2021,BFI,WA,ANM,WE,Towers with Radar,22,63,65,4,154,0,43,259,2,304,22,106,324,6,458,198,16,214,672
07/31/2021,BFI,WA,ANM,WE,Towers with Radar,6,58,59,1,124,0,29,232,0,261,6,87,291,1,385,264,0,264,649
08/01/2021,BFI,WA,ANM,WE,Towers with Radar,6,60,106,1,173,0,30,196,0,226,6,90,302,1,399,224,0,224,623
08/02/2021,BFI,WA,ANM,WE,Towers with Radar,27,66,85,0,178,0,29,131,0,160,27,95,216,0,338,158,0,158,496
08/03/2021,BFI,WA,ANM,WE,Towers with Radar,36,48,57,4,145,0,27,174,2,203,36,75,231,6,348,160,0,160,508
08/04/2021,BFI,WA,ANM,WE,Towers with Radar,45,48,108,4,205,0,47,230,0,277,45,95,338,4,482,174,0,174,656
08/05/2021,BFI,WA,ANM,WE,Towers with Radar,32,79,94,0,205,0,26,251,1,278,32,105,345,1,483,214,0,214,697
08/06/2021,BFI,WA,ANM,WE,Towers with Radar,22,81,128,1,232,0,25,110,0,135,22,106,238,1,367,140,0,140,507
08/07/2021,BFI,WA,ANM,WE,Towers with Radar,10,60,67,1,138,0,18,73,0,91,10,78,140,1,229,80,0,80,309
08/08/2021,BFI,WA,ANM,WE,Towers with Radar,10,74,103,1,188,0,28,178,1,207,10,102,281,2,395,242,0,242,637
08/09/2021,BFI,WA,ANM,WE,Towers with Radar,12,82,98,0,192,0,33,211,0,244,12,115,309,0,436,100,0,100,536
08/10/2021,BFI,WA,ANM,WE,Towers with Radar,31,60,88,0,179,1,44,175,0,220,32,104,263,0,399,130,0,130,529
08/11/2021,BFI,WA,ANM,WE,Towers with Radar,26,69,85,6,186,1,61,182,0,244,27,130,267,6,430,236,0,236,666
08/12/2021,BFI,WA,ANM,WE,Towers with Radar,26,72,103,0,201,0,46,221,0,267,26,118,324,0,468,182,0,182,650
08/13/2021,BFI,WA,ANM,WE,Towers with Radar,25,77,101,0,203,1,59,86,2,148,26,136,187,2,351,182,0,182,533
08/14/2021,BFI,WA,ANM,WE,Towers with Radar,8,58,97,0,163,0,36,138,0,174,8,94,235,0,337,158,0,158,495
08/15/2021,BFI,WA,ANM,WE,Towers with Radar,13,53,94,3,163,0,50,132,2,184,13,103,226,5,347,88,0,88,435
08/16/2021,BFI,WA,ANM,WE,Towers with Radar,20,64,103,5,192,0,12,76,0,88,20,76,179,5,280,136,0,136,416
08/17/2021,BFI,WA,ANM,WE,Towers with Radar,24,72,96,0,192,0,33,111,0,144,24,105,207,0,336,266,0,266,602
08/18/2021,BFI,WA,ANM,WE,Towers with Radar,25,67,90,4,186,0,44,175,1,220,25,111,265,5,406,145,0,145,551
08/19/2021,BFI,WA,ANM,WE,Towers with Radar,26,59,114,1,200,0,52,239,1,292,26,111,353,2,492,170,0,170,662
08/20/2021,BFI,WA,ANM,WE,Towers with Radar,28,62,112,0,202,0,31,137,0,168,28,93,249,0,370,128,0,128,498
08/21/2021,BFI,WA,ANM,WE,Towers with Radar,7,59,101,3,170,0,26,150,0,176,7,85,251,3,346,186,0,186,532
08/22/2021,BFI,WA,ANM,WE,Towers with Radar,9,70,125,1,205,0,7,194,0,201,9,77,319,1,406,172,0,172,578
08/23/2021,BFI,WA,ANM,WE,Towers with Radar,24,55,75,0,154,0,27,168,0,195,24,82,243,0,349,186,0,186,535
08/24/2021,BFI,WA,ANM,WE,Towers with Radar,34,50,89,2,175,0,57,260,1,318,34,107,349,3,493,214,0,214,707
08/25/2021,BFI,WA,ANM,WE,Towers with Radar,26,53,98,0,177,0,36,286,0,322,26,89,384,0,499,308,0,308,807
08/26/2021,BFI,WA,ANM,WE,Towers with Radar,28,100,106,0,234,0,29,131,1,161,28,129,237,1,395,200,0,200,595
08/27/2021,BFI,WA,ANM,WE,Towers with Radar,25,68,111,0,204,0,31,164,1,196,25,99,275,1,400,248,0,248,648
08/28/2021,BFI,WA,ANM,WE,Towers with Radar,10,44,77,1,132,0,33,285,0,318,10,77,362,1,450,22,0,22,472
08/29/2021,BFI,WA,ANM,WE,Towers with Radar,11,75,97,1,184,0,41,299,1,341,11,116,396,2,525,140,0,140,665
08/30/2021,BFI,WA,ANM,WE,Towers with Radar,11,64,90,4,169,0,29,153,1,183,11,93,243,5,352,164,0,164,516
08/31/2021,BFI,WA,ANM,WE,Towers with Radar,33,66,91,3,193,0,36,149,0,185,33,102,240,3,378,136,0,136,514
09/01/2021,BFI,WA,ANM,WE,Towers with Radar,29,70,89,2,190,0,19,245,0,264,29,89,334,2,454,122,0,122,576
09/02/2021,BFI,WA,ANM,WE,Towers with Radar,29,58,111,0,198,0,27,251,0,278,29,85,362,0,476,244,0,244,720
09/03/2021,BFI,WA,ANM,WE,Towers with Radar,29,70,82,0,181,0,28,300,1,329,29,98,382,1,510,244,2,246,756
09/04/2021,BFI,WA,ANM,WE,Towers with Radar,6,44,50,0,100,0,32,192,2,226,6,76,242,2,326,186,0,186,512
09/05/2021,BFI,WA,ANM,WE,Towers with Radar,6,58,72,1,137,0,33,162,2,197,6,91,234,3,334,204,0,204,538
09/06/2021,BFI,WA,ANM,WE,Towers with Radar,3,64,110,0,177,0,34,182,0,216,3,98,292,0,393,96,0,96,489
09/07/2021,BFI,WA,ANM,WE,Towers with Radar,18,57,91,0,166,0,24,182,0,206,18,81,273,0,372,168,0,168,540
09/08/2021,BFI,WA,ANM,WE,Towers with Radar,37,65,88,0,190,0,40,165,1,206,37,105,253,1,396,182,0,182,578
09/09/2021,BFI,WA,ANM,WE,Towers with Radar,28,60,91,2,181,0,37,233,0,270,28,97,324,2,451,282,0,282,733
09/10/2021,BFI,WA,ANM,WE,Towers with Radar,22,94,119,0,235,0,13,121,0,134,22,107,240,0,369,312,0,312,681
09/11/2021,BFI,WA,ANM,WE,Towers with Radar,11,68,89,0,168,0,39,233,2,274,11,107,322,2,442,168,0,168,610
09/12/2021,BFI,WA,ANM,WE,Towers with Radar,10,60,109,1,180,0,28,108,1,137,10,88,217,2,317,0,0,0,317
09/13/2021,BFI,WA,ANM,WE,Towers with Radar,21,46,70,1,138,0,35,203,1,239,21,81,273,2,377,178,0,178,555
09/14/2021,BFI,WA,ANM,WE,Towers with Radar,40,67,62,4,173,0,37,160,0,197,40,104,222,4,370,198,0,198,568
09/15/2021,BFI,WA,ANM,WE,Towers with Radar,34,78,100,3,215,0,34,201,0,235,34,112,301,3,450,92,0,92,542
09/16/2021,BFI,WA,ANM,WE,Towers with Radar,32,52,87,1,172,0,36,267,2,305,32,88,354,3,477,221,0,221,698
09/17/2021,BFI,WA,ANM,WE,Towers with Radar,32,55,72,1,160,0,15,65,0,80,32,70,137,1,240,186,0,186,426
09/18/2021,BFI,WA,ANM,WE,Towers with Radar,7,67,60,1,135,0,23,67,0,90,7,90,127,1,225,36,0,36,261
09/19/2021,BFI,WA,ANM,WE,Towers with Radar,9,99,101,0,209,0,20,52,3,75,9,119,153,3,284,22,0,22,306
09/20/2021,BFI,WA,ANM,WE,Towers with Radar,18,60,71,3,152,0,23,152,0,175,18,83,223,3,327,326,2,328,655
09/21/2021,BFI,WA,ANM,WE,Towers with Radar,35,50,66,1,152,0,44,193,0,237,35,94,259,1,389,264,0,264,653
09/22/2021,BFI,WA,ANM,WE,Towers with Radar,30,67,70,1,168,0,53,173,0,226,30,120,243,1,394,284,0,284,678
09/23/2021,BFI,WA,ANM,WE,Towers with Radar,32,95,112,0,239,0,26,180,0,206,32,121,292,0,445,226,0,226,671
09/24/2021,BFI,WA,ANM,WE,Towers with Radar,39,75,81,0,195,0,32,202,1,235,39,107,283,1,430,174,0,174,604
09/25/2021,BFI,WA,ANM,WE,Towers with Radar,10,44,80,0,134,0,31,299,1,331,10,75,379,1,465,178,0,178,643
09/26/2021,BFI,WA,ANM,WE,Towers with Radar,14,78,105,0,197,0,12,92,0,104,14,90,197,0,301,184,0,184,485
09/27/2021,BFI,WA,ANM,WE,Towers with Radar,20,68,101,1,190,0,17,58,0,75,20,85,159,1,265,96,0,96,361
09/28/2021,BFI,WA,ANM,WE,Towers with Radar,30,75,106,2,213,0,15,72,0,87,30,90,178,2,300,199,0,199,499
09/29/2021,BFI,WA,ANM,WE,Towers with Radar,30,86,91,0,207,0,22,95,0,117,30,108,186,0,324,333,0,333,657
09/30/2021,BFI,WA,ANM,WE,Towers with Radar,39,71,104,1,215,0,7,35,0,42,39,78,139,1,257,54,2,56,313
10/01/2021,BFI,WA,ANM,WE,Towers with Radar,22,53,96,0,171,0,18,242,0,260,22,71,338,0,431,254,0,254,685
10/02/2021,BFI,WA,ANM,WE,Towers with Radar,12,60,72,0,144,0,24,160,0,184,12,84,232,0,328,170,0,170,498
10/03/2021,BFI,WA,ANM,WE,Towers with Radar,10,78,112,0,200,0,18,15,0,33,10,96,127,0,233,0,0,0,233
10/04/2021,BFI,WA,ANM,WE,Towers with Radar,13,62,81,2,158,0,17,114,0,131,13,79,195,2,289,212,0,212,501
10/05/2021,BFI,WA,ANM,WE,Towers with Radar,28,67,101,0,196,0,18,46,0,64,28,85,147,0,260,158,0,158,418
10/06/2021,BFI,WA,ANM,WE,Towers with Radar,27,88,118,3,236,0,20,109,0,129,27,108,227,3,365,238,2,240,605
10/07/2021,BFI,WA,ANM,WE,Towers with Radar,19,76,110,2,207,0,15,270,1,286,19,91,380,3,493,108,0,108,601
10/08/2021,BFI,WA,ANM,WE,Towers with Radar,24,75,107,0,206,0,18,131,0,149,24,93,238,0,355,168,0,168,523
10/09/2021,BFI,WA,ANM,WE,Towers with Radar,10,69,68,0,147,0,25,162,0,187,10,94,230,0,334,182,0,182,516
10/10/2021,BFI,WA,ANM,WE,Towers with Radar,11,66,73,0,150,0,14,92,0,106,11,80,165,0,256,200,0,200,456
10/11/2021,BFI,WA,ANM,WE,Towers with Radar,17,50,81,0,148,0,20,124,0,144,17,70,205,0,292,194,0,194,486
10/12/2021,BFI,WA,ANM,WE,Towers with Radar,31,48,88,1,168,0,33,130,1,164,31,81,218,2,332,222,0,222,554
10/13/2021,BFI,WA,ANM,WE,Towers with Radar,27,79,98,1,205,0,14,127,0,141,27,93,225,1,346,356,0,356,702
10/14/2021,BFI,WA,ANM,WE,Towers with Radar,23,75,95,0,193,0,9,42,0,51,23,84,137,0,244,54,0,54,298
10/15/2021,BFI,WA,ANM,WE,Towers with Radar,20,50,96,4,170,0,4,48,0,52,20,54,144,4,222,52,0,52,274
10/16/2021,BFI,WA,ANM,WE,Towers with Radar,10,48,82,2,142,0,41,130,1,172,10,89,212,3,314,76,6,82,396
10/17/2021,BFI,WA,ANM,WE,Towers with Radar,5,64,100,0,169,0,7,107,1,115,5,71,207,1,284,352,0,352,636
10/18/2021,BFI,WA,ANM,WE,Towers with Radar,19,67,76,2,164,0,17,111,2,130,19,84,187,4,294,200,0,200,494
10/19/2021,BFI,WA,ANM,WE,Towers with Radar,28,50,93,1,172,0,54,158,1,213,28,104,251,2,385,171,0,171,556
10/20/2021,BFI,WA,ANM,WE,Towers with Radar,26,73,75,1,175,0,13,67,0,80,26,86,142,1,255,220,0,220,475
10/21/2021,BFI,WA,ANM,WE,Towers with Radar,42,52,88,0,182,0,22,85,0,107,42,74,173,0,289,60,0,60,349
10/22/2021,BFI,WA,ANM,WE,Towers with Radar,25,74,83,0,182,0,5,103,0,108,25,79,186,0,290,310,0,310,600
10/23/2021,BFI,WA,ANM,WE,Towers with Radar,13,45,54,1,113,0,6,120,0,126,13,51,174,1,239,376,0,376,615
10/24/2021,BFI,WA,ANM,WE,Towers with Radar,9,53,64,0,126,0,3,15,0,18,9,56,79,0,144,38,0,38,182
10/25/2021,BFI,WA,ANM,WE,Towers with Radar,17,64,78,0,159,0,1,22,0,23,17,65,100,0,182,12,2,14,196
10/26/2021,BFI,WA,ANM,WE,Towers with Radar,35,56,78,0,169,0,9,58,6,73,35,65,136,6,242,124,4,128,370
10/27/2021,BFI,WA,ANM,WE,Towers with Radar,33,59,81,4,177,0,12,127,0,139,33,71,208,4,316,302,0,302,618
10/28/2021,BFI,WA,ANM,WE,Towers with Radar,32,47,72,1,152,0,0,1,0,1,32,47,73,1,153,0,0,0,153
10/29/2021,BFI,WA,ANM,WE,Towers with Radar,24,65,82,0,171,0,8,87,0,95,24,73,169,0,266,240,0,240,506
10/30/2021,BFI,WA,ANM,WE,Towers with Radar,14,49,75,0,138,0,17,279,0,296,14,66,354,0,434,294,0,294,728
10/31/2021,BFI,WA,ANM,WE,Towers with Radar,18,53,70,0,141,0,13,216,0,229,18,66,286,0,370,92,0,92,462
11/01/2021,BFI,WA,ANM,WE,Towers with Radar,15,41,67,0,123,0,21,104,0,125,15,62,171,0,248,90,0,90,338
11/02/2021,BFI,WA,ANM,WE,Towers with Radar,36,65,83,2,186,0,20,96,0,116,36,85,179,2,302,214,0,214,516
11/03/2021,BFI,WA,ANM,WE,Towers with Radar,31,69,97,0,197,0,13,83,0,96,31,82,180,0,293,134,0,134,427
11/04/2021,BFI,WA,ANM,WE,Towers with Radar,24,84,78,0,186,0,9,17,0,26,24,93,95,0,212,22,1,23,235
11/05/2021,BFI,WA,ANM,WE,Towers with Radar,33,61,82,1,177,0,24,74,0,98,33,85,156,1,275,176,0,176,451
11/06/2021,BFI,WA,ANM,WE,Towers with Radar,14,65,65,1,145,0,3,37,0,40,14,68,102,1,185,46,0,46,231
11/07/2021,BFI,WA,ANM,WE,Towers with Radar,5,56,74,0,135,0,4,23,0,27,5,60,97,0,162,32,0,32,194
11/08/2021,BFI,WA,ANM,WE,Towers with Radar,12,36,81,0,129,0,17,160,0,177,12,53,241,0,306,302,0,302,608
11/09/2021,BFI,WA,ANM,WE,Towers with Radar,31,49,66,2,148,0,10,19,1,30,31,59,85,3,178,10,0,10,188
11/10/2021,BFI,WA,ANM,WE,Towers with Radar,28,61,83,0,172,0,21,145,0,166,28,82,228,0,338,308,0,308,646
11/11/2021,BFI,WA,ANM,WE,Towers with Radar,26,57,81,0,164,0,0,2,0,2,26,57,83,0,166,0,0,0,166
11/12/2021,BFI,WA,ANM,WE,Towers with Radar,23,67,86,0,176,0,3,33,0,36,23,70,119,0,212,48,0,48,260
11/13/2021,BFI,WA,ANM,WE,Towers with Radar,11,49,61,0,121,0,7,54,0,61,11,56,115,0,182,142,0,142,324
11/14/2021,BFI,WA,ANM,WE,Towers with Radar,9,56,88,1,154,0,3,0,0,3,9,59,88,1,157,2,0,2,159
11/15/2021,BFI,WA,ANM,WE,Towers with Radar,12,69,60,2,143,0,3,15,0,18,12,72,75,2,161,2,0,2,163
11/16/2021,BFI,WA,ANM,WE,Towers with Radar,29,64,73,2,168,0,24,158,0,182,29,88,231,2,350,211,0,211,561
11/17/2021,BFI,WA,ANM,WE,Towers with Radar,31,52,90,1,174,0,24,240,0,264,31,76,330,1,438,340,0,340,778
11/18/2021,BFI,WA,ANM,WE,Towers with Radar,36,60,75,1,172,0,12,58,0,70,36,72,133,1,242,148,0,148,390
11/19/2021,BFI,WA,ANM,WE,Towers with Radar,32,59,74,0,165,0,17,134,0,151,32,76,208,0,316,202,0,202,518
11/20/2021,BFI,WA,ANM,WE,Towers with Radar,18,64,81,2,165,0,6,139,0,145,18,70,220,2,310,312,0,312,622
11/21/2021,BFI,WA,ANM,WE,Towers with Radar,11,63,95,2,171,0,12,108,2,122,11,75,203,4,293,6,3,9,302
11/22/2021,BFI,WA,ANM,WE,Towers with Radar,22,75,85,0,182,0,7,59,0,66,22,82,144,0,248,56,0,56,304
11/23/2021,BFI,WA,ANM,WE,Towers with Radar,51,67,93,0,211,0,13,100,0,113,51,80,193,0,324,200,18,218,542
11/24/2021,BFI,WA,ANM,WE,Towers with Radar,40,39,100,2,181,0,20,157,0,177,40,59,257,2,358,272,0,272,630
11/25/2021,BFI,WA,ANM,WE,Towers with Radar,8,21,21,0,50,0,0,8,0,8,8,21,29,0,58,12,0,12,70
11/26/2021,BFI,WA,ANM,WE,Towers with Radar,8,58,55,0,121,0,1,2,0,3,8,59,57,0,124,6,0,6,130
11/27/2021,BFI,WA,ANM,WE,Towers with Radar,8,66,97,0,171,0,2,18,0,20,8,68,115,0,191,86,0,86,277
11/28/2021,BFI,WA,ANM,WE,Towers with Radar,8,99,125,0,232,0,0,7,0,7,8,99,132,0,239,0,0,0,239
11/29/2021,BFI,WA,ANM,WE,Towers with Radar,12,85,101,0,198,0,11,73,0,84,12,96,174,0,282,150,0,150,432
11/30/2021,BFI,WA,ANM,WE,Towers with Radar,44,67,72,0,183,0,6,23,0,29,44,73,95,0,212,12,0,12,224
12/01/2021,BFI,WA,ANM,WE,Towers with Radar,37,64,65,0,166,0,12,8,0,20,37,76,73,0,186,0,0,0,186
12/02/2021,BFI,WA,ANM,WE,Towers with Radar,38,75,76,0,189,0,12,69,0,81,38,87,145,0,270,228,0,228,498
12/03/2021,BFI,WA,ANM,WE,Towers with Radar,25,57,75,2,159,0,20,169,0,189,25,77,244,2,348,274,0,274,622
12/04/2021,BFI,WA,ANM,WE,Towers with Radar,11,65,56,0,132,0,4,3,0,7,11,69,59,0,139,0,0,0,139
12/05/2021,BFI,WA,ANM,WE,Towers with Radar,8,60,82,0,150,0,17,190,2,209,8,77,272,2,359,56,0,56,415
12/06/2021,BFI,WA,ANM,WE,Towers with Radar,26,76,84,0,186,0,0,3,0,3,26,76,87,0,189,4,0,4,193
12/07/2021,BFI,WA,ANM,WE,Towers with Radar,52,76,92,2,222,0,0,0,0,0,52,76,92,2,222,0,0,0,222
12/08/2021,BFI,WA,ANM,WE,Towers with Radar,51,95,86,1,233,0,13,110,0,123,51,108,196,1,356,172,2,174,530
12/09/2021,BFI,WA,ANM,WE,Towers with Radar,47,79,96,2,224,0,6,76,2,84,47,85,172,4,308,214,0,214,522
12/10/2021,BFI,WA,ANM,WE,Towers with Radar,23,84,83,0,190,0,2,45,0,47,23,86,128,0,237,212,0,212,449
12/11/2021,BFI,WA,ANM,WE,Towers with Radar,16,46,46,0,108,0,2,11,0,13,16,48,57,0,121,0,0,0,121
12/12/2021,BFI,WA,ANM,WE,Towers with Radar,5,67,82,0,154,0,8,45,1,54,5,75,127,1,208,156,0,156,364
12/13/2021,BFI,WA,ANM,WE,Towers with Radar,28,73,73,1,175,0,14,120,0,134,28,87,193,1,309,134,0,134,443
12/14/2021,BFI,WA,ANM,WE,Towers with Radar,54,63,76,0,193,0,5,58,0,63,54,68,134,0,256,58,0,58,314
12/15/2021,BFI,WA,ANM,WE,Towers with Radar,48,67,68,1,184,0,14,63,1,78,48,81,131,2,262,139,2,141,403
12/16/2021,BFI,WA,ANM,WE,Towers with Radar,49,73,82,4,208,0,4,91,0,95,49,77,173,4,303,238,0,238,541
12/17/2021,BFI,WA,ANM,WE,Towers with Radar,47,86,95,4,232,0,4,132,1,137,47,90,227,5,369,152,0,152,521
12/18/2021,BFI,WA,ANM,WE,Towers with Radar,40,65,59,0,164,0,0,5,1,6,40,65,64,1,170,18,0,18,188
12/19/2021,BFI,WA,ANM,WE,Towers with Radar,23,65,77,1,166,0,6,187,0,193,23,71,264,1,359,302,0,302,661
12/20/2021,BFI,WA,ANM,WE,Towers with Radar,27,45,61,0,133,0,24,39,0,63,27,69,100,0,196,80,0,80,276
12/21/2021,BFI,WA,ANM,WE,Towers with Radar,45,61,69,1,176,0,4,11,0,15,45,65,80,1,191,1,0,1,192
12/22/2021,BFI,WA,ANM,WE,Towers with Radar,53,67,85,0,205,0,4,55,0,59,53,71,140,0,264,102,0,102,366
12/23/2021,BFI,WA,ANM,WE,Towers with Radar,44,71,84,0,199,0,15,39,0,54,44,86,123,0,253,60,0,60,313
12/24/2021,BFI,WA,ANM,WE,Towers with Radar,23,42,41,0,106,0,3,11,0,14,23,45,52,0,120,46,0,46,166
12/25/2021,BFI,WA,ANM,WE,Towers with Radar,1,47,27,1,76,0,0,0,0,0,1,47,27,1,76,0,0,0,76
12/26/2021,BFI,WA,ANM,WE,Towers with Radar,3,30,42,0,75,0,2,0,0,2,3,32,42,0,77,0,0,0,77
12/27/2021,BFI,WA,ANM,WE,Towers with Radar,7,62,93,0,162,0,9,42,2,53,7,71,135,2,215,0,0,0,215
12/28/2021,BFI,WA,ANM,WE,Towers with Radar,24,88,82,1,195,0,2,24,1,27,24,90,106,2,222,0,0,0,222
12/29/2021,BFI,WA,ANM,WE,Towers with Radar,24,57,88,0,169,0,26,105,0,131,24,83,193,0,300,2,0,2,302
12/30/2021,BFI,WA,ANM,WE,Towers with Radar,25,45,70,0,140,0,5,17,0,22,25,50,87,0,162,0,0,0,162
12/31/2021,BFI,WA,ANM,WE,Towers with Radar,19,43,48,0,110,0,16,100,0,116,19,59,148,0,226,4,0,4,230
01/01/2022,BFI,WA,ANM,WE,Towers with Radar,3,50,52,0,105,0,32,47,1,80,3,82,99,1,185,0,0,0,185
01/02/2022,BFI,WA,ANM,WE,Towers with Radar,6,70,84,2,162,0,0,24,0,24,6,70,108,2,186,0,0,0,186
01/03/2022,BFI,WA,ANM,WE,Towers with Radar,10,56,64,0,130,0,10,14,0,24,10,66,78,0,154,0,0,0,154
01/04/2022,BFI,WA,ANM,WE,Towers with Radar,18,65,51,0,134,0,7,28,0,35,18,72,79,0,169,178,0,178,347
01/05/2022,BFI,WA,ANM,WE,Towers with Radar,29,50,50,0,129,0,0,17,0,17,29,50,67,0,146,26,0,26,172
01/06/2022,BFI,WA,ANM,WE,Towers with Radar,22,59,37,0,118,0,1,0,0,1,22,60,37,0,119,0,0,0,119
01/07/2022,BFI,WA,ANM,WE,Towers with Radar,28,69,68,0,165,0,6,24,0,30,28,75,92,0,195,32,0,32,227
01/08/2022,BFI,WA,ANM,WE,Towers with Radar,3,59,68,0,130,0,3,98,0,101,3,62,166,0,231,150,0,150,381
01/09/2022,BFI,WA,ANM,WE,Towers with Radar,10,53,103,0,166,0,13,213,1,227,10,66,316,1,393,106,0,106,499
01/10/2022,BFI,WA,ANM,WE,Towers with Radar,13,55,62,3,133,0,10,57,0,67,13,65,119,3,200,108,0,108,308
01/11/2022,BFI,WA,ANM,WE,Towers with Radar,20,53,52,0,125,0,2,6,0,8,20,55,58,0,133,4,0,4,137
01/12/2022,BFI,WA,ANM,WE,Towers with Radar,21,52,68,1,142,0,5,66,0,71,21,57,134,1,213,113,0,113,326
01/13/2022,BFI,WA,ANM,WE,Towers with Radar,26,64,71,2,163,0,24,92,0,116,26,88,163,2,279,136,0,136,415
01/14/2022,BFI,WA,ANM,WE,Towers with Radar,25,66,72,1,164,0,11,158,0,169,25,77,230,1,333,186,0,186,519
01/15/2022,BFI,WA,ANM,WE,Towers with Radar,9,48,34,0,91,0,0,0,0,0,9,48,34,0,91,0,0,0,91
01/16/2022,BFI,WA,ANM,WE,Towers with Radar,9,50,43,0,102,0,1,0,0,1,9,51,43,0,103,8,0,8,111
01/17/2022,BFI,WA,ANM,WE,Towers with Radar,12,71,87,0,170,0,0,39,0,39,12,71,126,0,209,100,0,100,309
01/18/2022,BFI,WA,ANM,WE,Towers with Radar,23,54,55,0,132,0,1,2,0,3,23,55,57,0,135,0,0,0,135
01/19/2022,BFI,WA,ANM,WE,Towers with Radar,27,46,82,3,158,0,3,67,0,70,27,49,149,3,228,154,0,154,382
01/20/2022,BFI,WA,ANM,WE,Towers with Radar,29,65,68,2,164,0,6,30,0,36,29,71,98,2,200,80,0,80,280
01/21/2022,BFI,WA,ANM,WE,Towers with Radar,28,61,77,3,169,0,8,120,0,128,28,69,197,3,297,270,0,270,567
01/22/2022,BFI,WA,ANM,WE,Towers with Radar,14,51,87,1,153,0,6,85,0,91,14,57,172,1,244,120,0,120,364
01/23/2022,BFI,WA,ANM,WE,Towers with Radar,5,62,91,0,158,0,0,0,0,0,5,62,91,0,158,0,0,0,158
01/24/2022,BFI,WA,ANM,WE,Towers with Radar,15,55,65,0,135,0,0,0,0,0,15,55,65,0,135,0,0,0,135
01/25/2022,BFI,WA,ANM,WE,Towers with Radar,37,53,82,0,172,0,1,47,0,48,37,54,129,0,220,108,0,108,328
01/26/2022,BFI,WA,ANM,WE,Towers with Radar,34,72,85,0,191,0,2,28,0,30,34,74,113,0,221,33,52,85,306
01/27/2022,BFI,WA,ANM,WE,Towers with Radar,24,60,87,0,171,0,5,154,2,161,24,65,241,2,332,150,0,150,482
01/28/2022,BFI,WA,ANM,WE,Towers with Radar,25,64,66,0,155,0,10,182,0,192,25,74,248,0,347,188,0,188,535
01/29/2022,BFI,WA,ANM,WE,Towers with Radar,11,47,65,0,123,0,22,167,0,189,11,69,232,0,312,184,0,184,496
01/30/2022,BFI,WA,ANM,WE,Towers with Radar,5,51,62,0,118,0,4,40,0,44,5,55,102,0,162,172,0,172,334
01/31/2022,BFI,WA,ANM,WE,Towers with Radar,10,44,57,0,111,0,10,64,0,74,10,54,121,0,185,136,0,136,321
02/01/2022,BFI,WA,ANM,WE,Towers with Radar,31,59,59,0,149,0,6,85,2,93,31,65,144,2,242,182,0,182,424
02/02/2022,BFI,WA,ANM,WE,Towers with Radar,23,62,83,2,170,0,11,72,2,85,23,73,155,4,255,118,0,118,373
02/03/2022,BFI,WA,ANM,WE,Towers with Radar,22,59,58,0,139,0,1,24,0,25,22,60,82,0,164,100,0,100,264
02/04/2022,BFI,WA,ANM,WE,Towers with Radar,22,69,71,1,163,0,6,51,1,58,22,75,122,2,221,82,0,82,303
02/05/2022,BFI,WA,ANM,WE,Towers with Radar,9,45,56,1,111,0,6,102,0,108,9,51,158,1,219,258,0,258,477
02/06/2022,BFI,WA,ANM,WE,Towers with Radar,5,52,79,0,136,0,6,148,0,154,5,58,227,0,290,140,0,140,430
02/07/2022,BFI,WA,ANM,WE,Towers with Radar,13,50,73,0,136,0,8,33,0,41,13,58,106,0,177,74,2,76,253
02/08/2022,BFI,WA,ANM,WE,Towers with Radar,35,48,78,0,161,0,12,76,1,89,35,60,154,1,250,83,0,83,333
02/09/2022,BFI,WA,ANM,WE,Towers with Radar,29,69,62,0,160,0,14,136,0,150,29,83,198,0,310,108,0,108,418
02/10/2022,BFI,WA,ANM,WE,Towers with Radar,32,87,91,1,211,0,2,5,0,7,32,89,96,1,218,10,0,10,228
02/11/2022,BFI,WA,ANM,WE,Towers with Radar,19,68,73,0,160,0,20,171,2,193,19,88,244,2,353,188,2,190,543
02/12/2022,BFI,WA,ANM,WE,Towers with Radar,20,55,81,0,156,0,15,262,1,278,20,70,343,1,434,206,0,206,640
02/13/2022,BFI,WA,ANM,WE,Towers with Radar,8,50,50,2,110,0,10,174,0,184,8,60,224,2,294,110,0,110,404
02/14/2022,BFI,WA,ANM,WE,Towers with Radar,21,52,81,0,154,0,24,52,0,76,21,76,133,0,230,36,0,36,266
02/15/2022,BFI,WA,ANM,WE,Towers with Radar,21,65,50,3,139,0,4,71,7,82,21,69,121,10,221,150,0,150,371
02/16/2022,BFI,WA,ANM,WE,Towers with Radar,31,48,83,0,162,0,13,120,0,133,31,61,203,0,295,102,0,102,397
02/17/2022,BFI,WA,ANM,WE,Towers with Radar,23,76,76,1,176,0,12,74,1,87,23,88,150,2,263,228,0,228,491
02/18/2022,BFI,WA,ANM,WE,Towers with Radar,20,74,109,0,203,0,7,125,2,134,20,81,234,2,337,220,0,220,557
02/19/2022,BFI,WA,ANM,WE,Towers with Radar,10,70,68,0,148,0,3,20,0,23,10,73,88,0,171,24,0,24,195
02/20/2022,BFI,WA,ANM,WE,Towers with Radar,5,57,55,0,117,0,2,68,0,70,5,59,123,0,187,66,0,66,253
02/21/2022,BFI,WA,ANM,WE,Towers with Radar,16,42,60,0,118,0,6,51,1,58,16,48,111,1,176,78,0,78,254
02/22/2022,BFI,WA,ANM,WE,Towers with Radar,25,51,64,0,140,0,7,69,1,77,25,58,133,1,217,104,0,104,321
02/23/2022,BFI,WA,ANM,WE,Towers with Radar,26,58,85,1,170,0,16,187,1,204,26,74,272,2,374,176,0,176,550
02/24/2022,BFI,WA,ANM,WE,Towers with Radar,21,60,90,0,171,0,24,161,2,187,21,84,251,2,358,174,0,174,532
02/25/2022,BFI,WA,ANM,WE,Towers with Radar,21,46,82,0,149,0,17,218,2,237,21,63,300,2,386,164,0,164,550
02/26/2022,BFI,WA,ANM,WE,Towers with Radar,10,60,67,0,137,0,9,114,0,123,10,69,181,0,260,112,0,112,372
02/27/2022,BFI,WA,ANM,WE,Towers with Radar,15,78,86,0,179,0,4,11,0,15,15,82,97,0,194,2,0,2,196
02/28/2022,BFI,WA,ANM,WE,Towers with Radar,18,68,69,2,157,0,4,0,0,4,18,72,69,2,161,0,0,0,161
03/01/2022,BFI,WA,ANM,WE,Towers with Radar,30,71,66,2,169,0,2,46,0,48,30,73,112,2,217,158,0,158,375
03/02/2022,BFI,WA,ANM,WE,Towers with Radar,28,45,78,4,155,0,5,38,0,43,28,50,116,4,198,158,0,158,356
03/03/2022,BFI,WA,ANM,WE,Towers with Radar,33,57,101,2,193,0,6,70,1,77,33,63,171,3,270,212,2,214,484
03/04/2022,BFI,WA,ANM,WE,Towers with Radar,18,54,90,3,165,0,14,94,0,108,18,68,184,3,273,194,0,194,467
03/05/2022,BFI,WA,ANM,WE,Towers with Radar,8,48,48,3,107,0,17,180,0,197,8,65,228,3,304,186,0,186,490
03/06/2022,BFI,WA,ANM,WE,Towers with Radar,8,40,83,3,134,0,14,181,2,197,8,54,264,5,331,234,0,234,565
03/07/2022,BFI,WA,ANM,WE,Towers with Radar,19,50,102,2,173,0,9,69,0,78,19,59,171,2,251,101,0,101,352
03/08/2022,BFI,WA,ANM,WE,Towers with Radar,35,68,72,2,177,0,9,43,0,52,35,77,115,2,229,70,0,70,299
03/09/2022,BFI,WA,ANM,WE,Towers with Radar,33,57,53,0,143,0,15,195,1,211,33,72,248,1,354,129,0,129,483
03/10/2022,BFI,WA,ANM,WE,Towers with Radar,22,68,90,2,182,0,26,139,1,166,22,94,229,3,348,128,0,128,476
03/11/2022,BFI,WA,ANM,WE,Towers with Radar,19,55,63,0,137,0,20,172,2,194,19,75,235,2,331,172,0,172,503
03/12/2022,BFI,WA,ANM,WE,Towers with Radar,12,57,71,1,141,0,16,161,1,178,12,73,232,2,319,108,0,108,427
03/13/2022,BFI,WA,ANM,WE,Towers with Radar,8,60,71,2,141,0,5,97,1,103,8,65,168,3,244,156,2,158,402
03/14/2022,BFI,WA,ANM,WE,Towers with Radar,15,65,78,0,158,0,7,18,0,25,15,72,96,0,183,8,0,8,191
03/15/2022,BFI,WA,ANM,WE,Towers with Radar,35,67,89,0,191,0,11,28,0,39,35,78,117,0,230,28,0,28,258
03/16/2022,BFI,WA,ANM,WE,Towers with Radar,27,69,89,1,186,0,17,206,1,224,27,86,295,2,410,300,0,300,710
03/17/2022,BFI,WA,ANM,WE,Towers with Radar,33,69,66,0,168,0,18,114,0,132,33,87,180,0,300,192,0,192,492
03/18/2022,BFI,WA,ANM,WE,Towers with Radar,30,54,95,4,183,0,10,129,0,139,30,64,224,4,322,278,0,278,600
03/19/2022,BFI,WA,ANM,WE,Towers with Radar,8,53,48,5,114,0,5,69,0,74,8,58,117,5,188,96,0,96,284
03/20/2022,BFI,WA,ANM,WE,Towers with Radar,10,65,72,5,152,0,4,61,0,65,10,69,133,5,217,168,0,168,385
03/21/2022,BFI,WA,ANM,WE,Towers with Radar,21,60,52,1,134,0,3,12,0,15,21,63,64,1,149,56,0,56,205
03/22/2022,BFI,WA,ANM,WE,Towers with Radar,28,56,65,0,149,0,8,42,0,50,28,64,107,0,199,133,0,133,332
03/23/2022,BFI,WA,ANM,WE,Towers with Radar,32,74,76,2,184,0,6,50,0,56,32,80,126,2,240,170,0,170,410
03/24/2022,BFI,WA,ANM,WE,Towers with Radar,34,59,79,0,172,0,23,143,0,166,34,82,222,0,338,172,0,172,510
03/25/2022,BFI,WA,ANM,WE,Towers with Radar,23,50,74,0,147,0,7,144,0,151,23,57,218,0,298,120,0,120,418
03/26/2022,BFI,WA,ANM,WE,Towers with Radar,4,46,59,2,111,0,22,125,0,147,4,68,184,2,258,168,2,170,428
03/27/2022,BFI,WA,ANM,WE,Towers with Radar,6,50,79,0,135,0,15,127,0,142,6,65,206,0,277,204,0,204,481
03/28/2022,BFI,WA,ANM,WE,Towers with Radar,11,66,74,0,151,0,6,39,0,45,11,72,113,0,196,186,2,188,384
03/29/2022,BFI,WA,ANM,WE,Towers with Radar,36,48,93,5,182,0,18,124,1,143,36,66,217,6,325,198,0,198,523
03/30/2022,BFI,WA,ANM,WE,Towers with Radar,26,57,68,3,154,0,8,43,1,52,26,65,111,4,206,84,0,84,290
03/31/2022,BFI,WA,ANM,WE,Towers with Radar,31,61,71,1,164,0,24,132,2,158,31,85,203,3,322,240,0,240,562
04/01/2022,BFI,WA,ANM,WE,Towers with Radar,34,56,69,0,159,0,12,150,0,162,34,68,219,0,321,154,0,154,475
04/02/2022,BFI,WA,ANM,WE,Towers with Radar,9,61,70,0,140,0,16,131,0,147,9,77,201,0,287,180,0,180,467
04/03/2022,BFI,WA,ANM,WE,Towers with Radar,12,60,70,0,142,0,6,44,0,50,12,66,114,0,192,22,0,22,214
04/04/2022,BFI,WA,ANM,WE,Towers with Radar,21,45,45,1,112,0,3,1,0,4,21,48,46,1,116,0,0,0,116
04/05/2022,BFI,WA,ANM,WE,Towers with Radar,33,51,53,0,137,0,12,67,0,79,33,63,120,0,216,156,0,156,372
04/06/2022,BFI,WA,ANM,WE,Towers with Radar,32,50,53,0,135,0,19,199,0,218,32,69,252,0,353,206,0,206,559
04/07/2022,BFI,WA,ANM,WE,Towers with Radar,29,52,85,2,168,0,17,200,0,217,29,69,285,2,385,267,2,269,654
04/08/2022,BFI,WA,ANM,WE,Towers with Radar,30,63,72,1,166,0,22,30,0,52,30,85,102,1,218,6,0,6,224
04/09/2022,BFI,WA,ANM,WE,Towers with Radar,23,58,64,0,145,0,8,95,0,103,23,66,159,0,248,150,0,150,398
04/10/2022,BFI,WA,ANM,WE,Towers with Radar,7,76,67,0,150,0,7,76,0,83,7,83,143,0,233,200,0,200,433
04/11/2022,BFI,WA,ANM,WE,Towers with Radar,23,61,56,0,140,0,13,59,0,72,23,74,115,0,212,53,0,53,265
04/12/2022,BFI,WA,ANM,WE,Towers with Radar,28,65,64,0,157,0,6,45,0,51,28,71,109,0,208,44,0,44,252
04/13/2022,BFI,WA,ANM,WE,Towers with Radar,27,59,76,2,164,0,14,109,0,123,27,73,185,2,287,256,5,261,548
04/14/2022,BFI,WA,ANM,WE,Towers with Radar,32,59,65,2,158,0,17,76,1,94,32,76,141,3,252,100,1,101,353
04/15/2022,BFI,WA,ANM,WE,Towers with Radar,25,68,107,0,200,0,22,154,10,186,25,90,261,10,386,200,0,200,586
04/16/2022,BFI,WA,ANM,WE,Towers with Radar,7,53,44,0,104,0,22,120,0,142,7,75,164,0,246,134,0,134,380
04/17/2022,BFI,WA,ANM,WE,Towers with Radar,20,52,61,4,137,0,23,200,2,225,20,75,261,6,362,55,0,55,417
04/18/2022,BFI,WA,ANM,WE,Towers with Radar,10,59,59,6,134,0,9,36,0,45,10,68,95,6,179,60,0,60,239
04/19/2022,BFI,WA,ANM,WE,Towers with Radar,27,70,72,0,169,0,14,114,0,128,27,84,186,0,297,136,0,136,433
04/20/2022,BFI,WA,ANM,WE,Towers with Radar,28,75,77,0,180,0,21,62,5,88,28,96,139,5,268,68,0,68,336
04/21/2022,BFI,WA,ANM,WE,Towers with Radar,39,49,77,0,165,0,13,58,0,71,39,62,135,0,236,104,0,104,340
04/22/2022,BFI,WA,ANM,WE,Towers with Radar,20,50,36,0,106,0,5,38,0,43,20,55,74,0,149,4,2,6,155
04/23/2022,BFI,WA,ANM,WE,Towers with Radar,19,52,76,8,155,0,31,151,1,183,19,83,227,9,338,136,0,136,474
04/24/2022,BFI,WA,ANM,WE,Towers with Radar,13,58,77,0,148,0,35,203,8,246,13,93,280,8,394,36,0,36,430
04/25/2022,BFI,WA,ANM,WE,Towers with Radar,21,59,76,1,157,0,4,80,0,84,21,63,156,1,241,132,0,132,373
04/26/2022,BFI,WA,ANM,WE,Towers with Radar,37,66,71,2,176,0,9,78,0,87,37,75,149,2,263,104,1,105,368
04/27/2022,BFI,WA,ANM,WE,Towers with Radar,36,81,91,1,209,0,22,174,0,196,36,103,265,1,405,346,0,346,751
04/28/2022,BFI,WA,ANM,WE,Towers with Radar,35,68,82,1,186,0,20,126,0,146,35,88,208,1,332,214,0,214,546
04/29/2022,BFI,WA,ANM,WE,Towers with Radar,30,73,85,2,190,0,13,175,0,188,30,86,260,2,378,206,0,206,584
04/30/2022,BFI,WA,ANM,WE,Towers with Radar,12,47,55,1,115,0,11,81,0,92,12,58,136,1,207,118,0,118,325
05/01/2022,BFI,WA,ANM,WE,Towers with Radar,5,61,101,2,169,0,21,189,0,210,5,82,290,2,379,215,0,215,594
05/02/2022,BFI,WA,ANM,WE,Towers with Radar,13,60,65,1,139,0,7,67,0,74,13,67,132,1,213,216,0,216,429
05/03/2022,BFI,WA,ANM,WE,Towers with Radar,25,66,74,4,169,0,11,81,0,92,25,77,155,4,261,210,0,210,471
05/04/2022,BFI,WA,ANM,WE,Towers with Radar,31,81,59,1,172,0,18,164,0,182,31,99,223,1,354,262,0,262,616
05/05/2022,BFI,WA,ANM,WE,Towers with Radar,28,87,80,0,195,0,7,35,0,42,28,94,115,0,237,54,0,54,291
05/06/2022,BFI,WA,ANM,WE,Towers with Radar,30,55,72,0,157,0,13,53,3,69,30,68,125,3,226,190,0,190,416
05/07/2022,BFI,WA,ANM,WE,Towers with Radar,7,48,49,0,104,0,13,50,1,64,7,61,99,1,168,11,0,11,179
05/08/2022,BFI,WA,ANM,WE,Towers with Radar,11,56,52,0,119,0,16,80,4,100,11,72,132,4,219,44,0,44,263
05/09/2022,BFI,WA,ANM,WE,Towers with Radar,18,66,87,0,171,0,18,105,0,123,18,84,192,0,294,144,0,144,438
05/10/2022,BFI,WA,ANM,WE,Towers with Radar,25,65,81,0,171,0,20,143,2,165,25,85,224,2,336,236,0,236,572
05/11/2022,BFI,WA,ANM,WE,Towers with Radar,30,63,80,2,175,0,27,149,1,177,30,90,229,3,352,128,2,130,482
05/12/2022,BFI,WA,ANM,WE,Towers with Radar,26,60,74,0,160,0,18,57,5,80,26,78,131,5,240,136,2,138,378
05/13/2022,BFI,WA,ANM,WE,Towers with Radar,28,49,84,0,161,0,21,167,0,188,28,70,251,0,349,198,0,198,547
05/14/2022,BFI,WA,ANM,WE,Towers with Radar,12,51,62,0,125,0,9,79,0,88,12,60,141,0,213,84,0,84,297
05/15/2022,BFI,WA,ANM,WE,Towers with Radar,7,61,89,0,157,0,9,13,0,22,7,70,102,0,179,10,0,10,189
05/16/2022,BFI,WA,ANM,WE,Towers with Radar,13,45,74,0,132,0,15,116,0,131,13,60,190,0,263,36,0,36,299
05/17/2022,BFI,WA,ANM,WE,Towers with Radar,33,61,77,2,173,0,16,204,2,222,33,77,281,4,395,140,4,144,539
05/18/2022,BFI,WA,ANM,WE,Towers with Radar,28,69,70,2,169,0,4,15,0,19,28,73,85,2,188,2,2,4,192
05/19/2022,BFI,WA,ANM,WE,Towers with Radar,32,51,59,2,144,0,35,195,5,235,32,86,254,7,379,160,1,161,540
05/20/2022,BFI,WA,ANM,WE,Towers with Radar,30,69,86,2,187,0,24,236,0,260,30,93,322,2,447,196,0,196,643
05/21/2022,BFI,WA,ANM,WE,Towers with Radar,5,41,55,0,101,0,24,213,0,237,5,65,268,0,338,196,0,196,534
05/22/2022,BFI,WA,ANM,WE,Towers with Radar,14,57,64,1,136,0,28,257,3,288,14,85,321,4,424,160,0,160,584
05/23/2022,BFI,WA,ANM,WE,Towers with Radar,16,57,80,1,154,0,28,129,0,157,16,85,209,1,311,119,0,119,430
05/24/2022,BFI,WA,ANM,WE,Towers with Radar,40,54,75,1,170,0,25,160,0,185,40,79,235,1,355,184,0,184,539
05/25/2022,BFI,WA,ANM,WE,Towers with Radar,26,60,89,1,176,0,27,183,0,210,26,87,272,1,386,104,2,106,492
05/26/2022,BFI,WA,ANM,WE,Towers with Radar,32,49,96,0,177,0,45,142,2,189,32,94,238,2,366,242,0,242,608
05/27/2022,BFI,WA,ANM,WE,Towers with Radar,21,59,85,0,165,0,55,110,0,165,21,114,195,0,330,58,0,58,388
05/28/2022,BFI,WA,ANM,WE,Towers with Radar,7,48,52,0,107,0,44,106,0,150,7,92,158,0,257,222,0,222,479
05/29/2022,BFI,WA,ANM,WE,Towers with Radar,9,41,38,0,88,0,9,57,2,68,9,50,95,2,156,36,0,36,192
05/30/2022,BFI,WA,ANM,WE,Towers with Radar,9,57,76,0,142,0,39,179,0,218,9,96,255,0,360,206,0,206,566
05/31/2022,BFI,WA,ANM,WE,Towers with Radar,19,58,53,2,132,0,62,190,1,253,19,120,243,3,385,126,2,128,513
06/01/2022,BFI,WA,ANM,WE,Towers with Radar,34,53,61,1,149,0,39,198,0,237,34,92,259,1,386,162,0,162,548
06/02/2022,BFI,WA,ANM,WE,Towers with Radar,31,54,63,2,150,0,45,104,0,149,31,99,167,2,299,132,0,132,431
06/03/2022,BFI,WA,ANM,WE,Towers with Radar,19,49,66,1,135,0,20,86,0,106,19,69,152,1,241,284,0,284,525
06/04/2022,BFI,WA,ANM,WE,Towers with Radar,10,45,56,1,112,0,26,136,0,162,10,71,192,1,274,282,0,282,556
06/05/2022,BFI,WA,ANM,WE,Towers with Radar,8,59,75,1,143,0,9,50,0,59,8,68,125,1,202,122,0,122,324
06/06/2022,BFI,WA,ANM,WE,Towers with Radar,11,53,71,0,135,0,19,123,0,142,11,72,194,0,277,180,0,180,457
06/07/2022,BFI,WA,ANM,WE,Towers with Radar,40,51,71,0,162,0,38,210,0,248,40,89,281,0,410,210,8,218,628
06/08/2022,BFI,WA,ANM,WE,Towers with Radar,24,58,93,1,176,0,37,265,0,302,24,95,358,1,478,220,0,220,698
06/09/2022,BFI,WA,ANM,WE,Towers with Radar,25,77,90,1,193,0,12,38,0,50,25,89,128,1,243,74,0,74,317
06/10/2022,BFI,WA,ANM,WE,Towers with Radar,21,60,87,0,168,0,29,113,0,142,21,89,200,0,310,228,0,228,538
06/11/2022,BFI,WA,ANM,WE,Towers with Radar,10,42,68,0,120,0,36,144,0,180,10,78,212,0,300,123,0,123,423
06/12/2022,BFI,WA,ANM,WE,Towers with Radar,11,69,105,1,186,0,22,64,2,88,11,91,169,3,274,16,0,16,290
06/13/2022,BFI,WA,ANM,WE,Towers with Radar,11,55,85,0,151,0,46,74,0,120,11,101,159,0,271,74,0,74,345
06/14/2022,BFI,WA,ANM,WE,Towers with Radar,31,81,80,0,192,0,25,174,0,199,31,106,254,0,391,205,0,205,596
06/15/2022,BFI,WA,ANM,WE,Towers with Radar,22,58,82,0,162,0,38,222,4,264,22,96,304,4,426,54,0,54,480
06/16/2022,BFI,WA,ANM,WE,Towers with Radar,24,61,75,1,161,0,36,224,1,261,24,97,299,2,422,126,1,127,549
06/17/2022,BFI,WA,ANM,WE,Towers with Radar,22,60,85,2,169,0,26,87,0,113,22,86,172,2,282,114,0,114,396
06/18/2022,BFI,WA,ANM,WE,Towers with Radar,12,63,70,0,145,0,23,118,2,143,12,86,188,2,288,64,0,64,352
06/19/2022,BFI,WA,ANM,WE,Towers with Radar,7,51,78,0,136,0,32,176,4,212,7,83,254,4,348,112,0,112,460
06/20/2022,BFI,WA,ANM,WE,Towers with Radar,17,59,85,0,161,0,20,169,0,189,17,79,254,0,350,304,0,304,654
06/21/2022,BFI,WA,ANM,WE,Towers with Radar,25,57,80,0,162,0,29,191,0,220,25,86,271,0,382,198,0,198,580
06/22/2022,BFI,WA,ANM,WE,Towers with Radar,29,70,84,0,183,0,24,114,0,138,29,94,198,0,321,90,0,90,411
06/23/2022,BFI,WA,ANM,WE,Towers with Radar,34,47,70,3,154,0,35,292,0,327,34,82,362,3,481,161,0,161,642
06/24/2022,BFI,WA,ANM,WE,Towers with Radar,27,51,72,0,150,0,31,329,6,366,27,82,401,6,516,150,0,150,666
06/25/2022,BFI,WA,ANM,WE,Towers with Radar,6,41,59,4,110,0,47,280,0,327,6,88,339,4,437,206,0,206,643
06/26/2022,BFI,WA,ANM,WE,Towers with Radar,12,45,63,4,124,0,50,225,0,275,12,95,288,4,399,36,0,36,435
06/27/2022,BFI,WA,ANM,WE,Towers with Radar,19,58,64,2,143,0,54,167,0,221,19,112,231,2,364,80,0,80,444
06/28/2022,BFI,WA,ANM,WE,Towers with Radar,37,62,79,2,180,0,32,121,2,155,37,94,200,4,335,132,0,132,467
06/29/2022,BFI,WA,ANM,WE,Towers with Radar,35,73,88,1,197,0,22,195,3,220,35,95,283,4,417,90,0,90,507
06/30/2022,BFI,WA,ANM,WE,Towers with Radar,30,65,71,1,167,0,44,194,0,238,30,109,265,1,405,152,0,152,557
07/01/2022,BFI,WA,ANM,WE,Towers with Radar,19,63,81,0,163,0,44,279,0,323,19,107,360,0,486,231,6,237,723
07/02/2022,BFI,WA,ANM,WE,Towers with Radar,4,64,92,1,161,0,31,74,4,109,4,95,166,5,270,14,0,14,284
07/03/2022,BFI,WA,ANM,WE,Towers with Radar,7,61,60,0,128,0,8,18,0,26,7,69,78,0,154,10,0,10,164
07/04/2022,BFI,WA,ANM,WE,Towers with Radar,0,38,49,0,87,0,34,109,0,143,0,72,158,0,230,112,0,112,342
07/05/2022,BFI,WA,ANM,WE,Towers with Radar,18,56,91,0,165,0,43,207,0,250,18,99,298,0,415,164,0,164,579
07/06/2022,BFI,WA,ANM,WE,Towers with Radar,28,56,89,1,174,0,43,129,0,172,28,99,218,1,346,238,0,238,584
07/07/2022,BFI,WA,ANM,WE,Towers with Radar,27,55,97,5,184,0,25,165,1,191,27,80,262,6,375,170,0,170,545
07/08/2022,BFI,WA,ANM,WE,Towers with Radar,20,57,78,0,155,0,51,177,1,229,20,108,255,1,384,188,0,188,572
07/09/2022,BFI,WA,ANM,WE,Towers with Radar,11,43,52,0,106,0,55,203,0,258,11,98,255,0,364,134,0,134,498
07/10/2022,BFI,WA,ANM,WE,Towers with Radar,13,73,94,2,182,0,41,164,0,205,13,114,258,2,387,60,0,60,447
07/11/2022,BFI,WA,ANM,WE,Towers with Radar,14,46,79,2,141,0,40,219,0,259,14,86,298,2,400,178,0,178,578
07/12/2022,BFI,WA,ANM,WE,Towers with Radar,21,59,87,0,167,0,35,204,2,241,21,94,291,2,408,212,2,214,622
07/13/2022,BFI,WA,ANM,WE,Towers with Radar,19,66,86,0,171,0,64,238,0,302,19,130,324,0,473,232,0,232,705
07/14/2022,BFI,WA,ANM,WE,Towers with Radar,21,50,89,0,160,0,39,223,0,262,21,89,312,0,422,237,0,237,659
07/15/2022,BFI,WA,ANM,WE,Towers with Radar,19,80,89,0,188,0,46,192,0,238,19,126,281,0,426,169,0,169,595
07/16/2022,BFI,WA,ANM,WE,Towers with Radar,10,57,71,0,138,0,41,194,0,235,10,98,265,0,373,304,0,304,677
07/17/2022,BFI,WA,ANM,WE,Towers with Radar,8,71,113,0,192,0,45,200,2,247,8,116,313,2,439,148,0,148,587
07/18/2022,BFI,WA,ANM,WE,Towers with Radar,10,56,86,4,156,0,42,151,2,195,10,98,237,6,351,318,2,320,671
07/19/2022,BFI,WA,ANM,WE,Towers with Radar,26,49,83,1,159,0,40,221,0,261,26,89,304,1,420,252,2,254,674
07/20/2022,BFI,WA,ANM,WE,Towers with Radar,32,49,99,1,181,0,39,196,0,235,32,88,295,1,416,262,0,262,678
07/21/2022,BFI,WA,ANM,WE,Towers with Radar,26,53,116,0,195,0,49,237,0,286,26,102,353,0,481,210,0,210,691
07/22/2022,BFI,WA,ANM,WE,Towers with Radar,22,66,120,2,210,1,24,161,2,188,23,90,281,4,398,245,0,245,643
07/23/2022,BFI,WA,ANM,WE,Towers with Radar,14,62,100,1,177,0,38,178,6,222,14,100,278,7,399,122,0,122,521
07/24/2022,BFI,WA,ANM,WE,Towers with Radar,14,49,99,0,162,0,54,220,3,277,14,103,319,3,439,18,0,18,457
07/25/2022,BFI,WA,ANM,WE,Towers with Radar,13,46,90,1,150,0,49,195,0,244,13,95,285,1,394,108,0,108,502
07/26/2022,BFI,WA,ANM,WE,Towers with Radar,31,52,84,0,167,0,47,210,0,257,31,99,294,0,424,206,2,208,632
07/27/2022,BFI,WA,ANM,WE,Towers with Radar,35,46,67,4,152,0,45,227,2,274,35,91,294,6,426,80,1,81,507
07/28/2022,BFI,WA,ANM,WE,Towers with Radar,34,67,91,2,194,0,43,228,16,287,34,110,319,18,481,212,0,212,693
07/29/2022,BFI,WA,ANM,WE,Towers with Radar,25,54,98,2,179,0,55,259,1,315,25,109,357,3,494,144,0,144,638
07/30/2022,BFI,WA,ANM,WE,Towers with Radar,6,46,63,0,115,0,57,225,12,294,6,103,288,12,409,188,4,192,601
07/31/2022,BFI,WA,ANM,WE,Towers with Radar,7,59,94,3,163,0,70,187,0,257,7,129,281,3,420,78,0,78,498
08/01/2022,BFI,WA,ANM,WE,Towers with Radar,18,60,72,5,155,0,65,187,3,255,18,125,259,8,410,210,0,210,620
08/02/2022,BFI,WA,ANM,WE,Towers with Radar,27,70,80,6,183,0,35,140,1,176,27,105,220,7,359,238,0,238,597
08/03/2022,BFI,WA,ANM,WE,Towers with Radar,28,66,91,6,191,0,65,198,2,265,28,131,289,8,456,214,2,216,672
08/04/2022,BFI,WA,ANM,WE,Towers with Radar,28,54,90,1,173,0,35,145,2,182,28,89,235,3,355,178,0,178,533
08/05/2022,BFI,WA,ANM,WE,Towers with Radar,29,42,53,2,126,0,39,139,6,184,29,81,192,8,310,16,0,16,326
08/06/2022,BFI,WA,ANM,WE,Towers with Radar,10,43,64,1,118,0,55,135,5,195,10,98,199,6,313,46,7,53,366
08/07/2022,BFI,WA,ANM,WE,Towers with Radar,9,43,103,4,159,0,46,153,54,253,9,89,256,58,412,58,14,72,484
08/08/2022,BFI,WA,ANM,WE,Towers with Radar,13,66,63,3,145,0,53,154,2,209,13,119,217,5,354,118,0,118,472
08/09/2022,BFI,WA,ANM,WE,Towers with Radar,28,61,88,0,177,0,46,163,2,211,28,107,251,2,388,210,0,210,598
08/10/2022,BFI,WA,ANM,WE,Towers with Radar,21,84,109,2,216,0,39,102,0,141,21,123,211,2,357,46,0,46,403
08/11/2022,BFI,WA,ANM,WE,Towers with Radar,28,79,96,0,203,0,46,313,1,360,28,125,409,1,563,218,0,218,781
08/12/2022,BFI,WA,ANM,WE,Towers with Radar,17,62,83,2,164,0,62,207,0,269,17,124,290,2,433,163,0,163,596
08/13/2022,BFI,WA,ANM,WE,Towers with Radar,8,60,78,2,148,0,45,184,6,235,8,105,262,8,383,150,0,150,533
08/14/2022,BFI,WA,ANM,WE,Towers with Radar,8,59,106,0,173,0,63,284,5,352,8,122,390,5,525,156,0,156,681
08/15/2022,BFI,WA,ANM,WE,Towers with Radar,6,41,82,2,131,0,51,233,2,286,6,92,315,4,417,240,0,240,657
08/16/2022,BFI,WA,ANM,WE,Towers with Radar,26,68,74,1,169,0,45,260,0,305,26,113,334,1,474,236,0,236,710
08/17/2022,BFI,WA,ANM,WE,Towers with Radar,25,60,75,0,160,0,53,276,0,329,25,113,351,0,489,216,0,216,705
08/18/2022,BFI,WA,ANM,WE,Towers with Radar,28,69,102,1,200,0,74,227,0,301,28,143,329,1,501,234,0,234,735
08/19/2022,BFI,WA,ANM,WE,Towers with Radar,16,68,83,4,171,0,36,126,0,162,16,104,209,4,333,224,2,226,559
08/20/2022,BFI,WA,ANM,WE,Towers with Radar,14,66,70,5,155,0,32,158,0,190,14,98,228,5,345,160,0,160,505
08/21/2022,BFI,WA,ANM,WE,Towers with Radar,5,80,98,4,187,0,55,242,0,297,5,135,340,4,484,190,0,190,674
08/22/2022,BFI,WA,ANM,WE,Towers with Radar,15,65,101,2,183,0,61,245,0,306,15,126,346,2,489,168,0,168,657
08/23/2022,BFI,WA,ANM,WE,Towers with Radar,18,54,83,1,156,1,50,205,1,257,19,104,288,2,413,164,0,164,577
08/24/2022,BFI,WA,ANM,WE,Towers with Radar,32,63,68,7,170,0,46,187,7,240,32,109,255,14,410,140,0,140,550
08/25/2022,BFI,WA,ANM,WE,Towers with Radar,35,60,69,1,165,0,44,224,4,272,35,104,293,5,437,138,0,138,575
08/26/2022,BFI,WA,ANM,WE,Towers with Radar,19,81,86,1,187,0,23,84,2,109,19,104,170,3,296,184,0,184,480
08/27/2022,BFI,WA,ANM,WE,Towers with Radar,9,60,67,0,136,0,21,156,2,179,9,81,223,2,315,134,0,134,449
08/28/2022,BFI,WA,ANM,WE,Towers with Radar,11,59,77,2,149,0,49,227,2,278,11,108,304,4,427,70,0,70,497
08/29/2022,BFI,WA,ANM,WE,Towers with Radar,11,44,68,1,124,0,50,197,0,247,11,94,265,1,371,140,4,144,515
08/30/2022,BFI,WA,ANM,WE,Towers with Radar,29,48,66,0,143,0,73,217,0,290,29,121,283,0,433,334,0,334,767
08/31/2022,BFI,WA,ANM,WE,Towers with Radar,28,47,86,4,165,0,65,197,0,262,28,112,283,4,427,244,10,254,681
09/01/2022,BFI,WA,ANM,WE,Towers with Radar,22,89,106,2,219,0,15,12,0,27,22,104,118,2,246,0,0,0,246
09/02/2022,BFI,WA,ANM,WE,Towers with Radar,20,56,84,0,160,0,41,231,0,272,20,97,315,0,432,88,0,88,520
09/03/2022,BFI,WA,ANM,WE,Towers with Radar,15,48,87,0,150,0,29,75,0,104,15,77,162,0,254,98,0,98,352
09/04/2022,BFI,WA,ANM,WE,Towers with Radar,12,47,52,0,111,0,39,118,1,158,12,86,170,1,269,146,0,146,415
09/05/2022,BFI,WA,ANM,WE,Towers with Radar,3,64,85,0,152,0,55,204,5,264,3,119,289,5,416,100,0,100,516
09/06/2022,BFI,WA,ANM,WE,Towers with Radar,12,63,78,0,153,0,48,200,0,248,12,111,278,0,401,210,0,210,611
09/07/2022,BFI,WA,ANM,WE,Towers with Radar,34,77,78,0,189,0,40,245,0,285,34,117,323,0,474,124,0,124,598
09/08/2022,BFI,WA,ANM,WE,Towers with Radar,29,49,74,2,154,0,62,192,0,254,29,111,266,2,408,186,0,186,594
09/09/2022,BFI,WA,ANM,WE,Towers with Radar,17,60,87,0,164,0,38,176,0,214,17,98,263,0,378,150,0,150,528
09/10/2022,BFI,WA,ANM,WE,Towers with Radar,7,70,81,2,160,0,21,101,1,123,7,91,182,3,283,94,0,94,377
09/11/2022,BFI,WA,ANM,WE,Towers with Radar,15,86,86,0,187,0,16,111,0,127,15,102,197,0,314,70,0,70,384
09/12/2022,BFI,WA,ANM,WE,Towers with Radar,15,89,125,0,229,0,16,100,1,117,15,105,225,1,346,92,3,95,441
09/13/2022,BFI,WA,ANM,WE,Towers with Radar,27,67,93,2,189,0,38,175,2,215,27,105,268,4,404,202,0,202,606
09/14/2022,BFI,WA,ANM,WE,Towers with Radar,22,67,82,1,172,0,49,186,0,235,22,116,268,1,407,42,0,42,449
09/15/2022,BFI,WA,ANM,WE,Towers with Radar,32,74,95,3,204,0,21,109,0,130,32,95,204,3,334,209,0,209,543
09/16/2022,BFI,WA,ANM,WE,Towers with Radar,20,93,64,0,177,0,28,132,0,160,20,121,196,0,337,180,0,180,517
09/17/2022,BFI,WA,ANM,WE,Towers with Radar,13,41,62,0,116,0,47,131,10,188,13,88,193,10,304,110,0,110,414
09/18/2022,BFI,WA,ANM,WE,Towers with Radar,12,47,66,0,125,0,45,178,2,225,12,92,244,2,350,154,0,154,504
09/19/2022,BFI,WA,ANM,WE,Towers with Radar,13,86,90,2,191,0,34,145,0,179,13,120,235,2,370,110,0,110,480
09/20/2022,BFI,WA,ANM,WE,Towers with Radar,29,65,82,1,177,0,56,161,0,217,29,121,243,1,394,240,0,240,634
09/21/2022,BFI,WA,ANM,WE,Towers with Radar,40,79,69,2,190,0,46,155,0,201,40,125,224,2,391,224,0,224,615
09/22/2022,BFI,WA,ANM,WE,Towers with Radar,29,73,94,0,196,0,25,117,0,142,29,98,211,0,338,208,34,242,580
09/23/2022,BFI,WA,ANM,WE,Towers with Radar,19,75,83,0,177,0,18,217,0,235,19,93,300,0,412,283,2,285,697
09/24/2022,BFI,WA,ANM,WE,Towers with Radar,9,60,66,0,135,0,33,148,2,183,9,93,214,2,318,192,0,192,510
09/25/2022,BFI,WA,ANM,WE,Towers with Radar,9,76,93,0,178,0,70,110,2,182,9,146,203,2,360,48,0,48,408
09/26/2022,BFI,WA,ANM,WE,Towers with Radar,13,55,52,1,121,0,58,123,0,181,13,113,175,1,302,186,0,186,488
09/27/2022,BFI,WA,ANM,WE,Towers with Radar,37,60,80,2,179,0,27,137,0,164,37,87,217,2,343,176,0,176,519
09/28/2022,BFI,WA,ANM,WE,Towers with Radar,33,70,90,2,195,0,28,104,0,132,33,98,194,2,327,122,0,122,449
09/29/2022,BFI,WA,ANM,WE,Towers with Radar,39,78,103,0,220,0,36,155,1,192,39,114,258,1,412,213,0,213,625
09/30/2022,BFI,WA,ANM,WE,Towers with Radar,30,71,76,5,182,0,26,164,0,190,30,97,240,5,372,146,22,168,540
10/01/2022,BFI,WA,ANM,WE,Towers with Radar,12,52,52,0,116,0,33,171,4,208,12,85,223,4,324,94,0,94,418
10/02/2022,BFI,WA,ANM,WE,Towers with Radar,11,53,68,0,132,0,38,185,8,231,11,91,253,8,363,56,0,56,419
10/03/2022,BFI,WA,ANM,WE,Towers with Radar,13,49,65,2,129,0,38,129,2,169,13,87,194,4,298,144,0,144,442
10/04/2022,BFI,WA,ANM,WE,Towers with Radar,27,48,72,1,148,0,20,35,2,57,27,68,107,3,205,2,0,2,207
10/05/2022,BFI,WA,ANM,WE,Towers with Radar,29,84,94,10,217,0,16,49,0,65,29,100,143,10,282,56,0,56,338
10/06/2022,BFI,WA,ANM,WE,Towers with Radar,25,63,82,0,170,0,13,88,0,101,25,76,170,0,271,210,0,210,481
10/07/2022,BFI,WA,ANM,WE,Towers with Radar,32,66,75,7,180,0,21,155,0,176,32,87,230,7,356,236,1,237,593
10/08/2022,BFI,WA,ANM,WE,Towers with Radar,13,40,36,1,90,0,20,161,0,181,13,60,197,1,271,232,0,232,503
10/09/2022,BFI,WA,ANM,WE,Towers with Radar,10,46,55,2,113,0,32,134,3,169,10,78,189,5,282,204,0,204,486
10/10/2022,BFI,WA,ANM,WE,Towers with Radar,15,33,64,0,112,0,29,111,0,140,15,62,175,0,252,96,1,97,349
10/11/2022,BFI,WA,ANM,WE,Towers with Radar,34,52,54,0,140,0,76,182,2,260,34,128,236,2,400,212,0,212,612
10/12/2022,BFI,WA,ANM,WE,Towers with Radar,28,51,71,6,156,0,40,147,0,187,28,91,218,6,343,172,0,172,515
10/13/2022,BFI,WA,ANM,WE,Towers with Radar,23,52,80,0,155,0,30,132,0,162,23,82,212,0,317,291,0,291,608
10/14/2022,BFI,WA,ANM,WE,Towers with Radar,28,54,101,6,189,0,29,184,0,213,28,83,285,6,402,116,0,116,518
10/15/2022,BFI,WA,ANM,WE,Towers with Radar,11,46,63,2,122,0,15,67,8,90,11,61,130,10,212,36,0,36,248
10/16/2022,BFI,WA,ANM,WE,Towers with Radar,10,66,95,1,172,0,30,198,5,233,10,96,293,6,405,28,0,28,433
10/17/2022,BFI,WA,ANM,WE,Towers with Radar,15,64,72,0,151,0,33,157,2,192,15,97,229,2,343,176,0,176,519
10/18/2022,BFI,WA,ANM,WE,Towers with Radar,34,61,71,0,166,0,19,54,0,73,34,80,125,0,239,110,0,110,349
10/19/2022,BFI,WA,ANM,WE,Towers with Radar,23,78,83,6,190,0,4,10,0,14,23,82,93,6,204,0,0,0,204
10/20/2022,BFI,WA,ANM,WE,Towers with Radar,35,74,96,0,205,0,3,1,0,4,35,77,97,0,209,0,0,0,209
10/21/2022,BFI,WA,ANM,WE,Towers with Radar,32,77,68,1,178,0,6,47,0,53,32,83,115,1,231,178,2,180,411
10/22/2022,BFI,WA,ANM,WE,Towers with Radar,14,59,49,1,123,0,5,59,2,66,14,64,108,3,189,152,0,152,341
10/23/2022,BFI,WA,ANM,WE,Towers with Radar,11,86,82,0,179,0,10,115,1,126,11,96,197,1,305,140,0,140,445
10/24/2022,BFI,WA,ANM,WE,Towers with Radar,16,49,55,9,129,0,8,21,0,29,16,57,76,9,158,68,0,68,226
10/25/2022,BFI,WA,ANM,WE,Towers with Radar,24,54,46,6,130,0,6,16,0,22,24,60,62,6,152,86,0,86,238
10/26/2022,BFI,WA,ANM,WE,Towers with Radar,28,59,64,7,158,0,18,74,1,93,28,77,138,8,251,90,0,90,341
10/27/2022,BFI,WA,ANM,WE,Towers with Radar,29,64,67,2,162,0,21,50,0,71,29,85,117,2,233,123,0,123,356
10/28/2022,BFI,WA,ANM,WE,Towers with Radar,21,73,74,5,173,0,22,51,0,73,21,95,125,5,246,122,0,122,368
10/29/2022,BFI,WA,ANM,WE,Towers with Radar,10,41,67,0,118,0,17,169,0,186,10,58,236,0,304,222,0,222,526
10/30/2022,BFI,WA,ANM,WE,Towers with Radar,8,56,56,0,120,0,5,12,2,19,8,61,68,2,139,52,0,52,191
10/31/2022,BFI,WA,ANM,WE,Towers with Radar,14,72,58,0,144,0,12,30,0,42,14,84,88,0,186,46,0,46,232
11/01/2022,BFI,WA,ANM,WE,Towers with Radar,25,66,76,0,167,0,12,71,0,83,25,78,147,0,250,320,0,320,570
11/02/2022,BFI,WA,ANM,WE,Towers with Radar,27,64,82,0,173,0,14,61,0,75,27,78,143,0,248,258,0,258,506
11/03/2022,BFI,WA,ANM,WE,Towers with Radar,28,70,76,0,174,0,8,37,0,45,28,78,113,0,219,54,0,54,273
11/04/2022,BFI,WA,ANM,WE,Towers with Radar,19,61,63,0,143,0,3,4,0,7,19,64,67,0,150,8,0,8,158
11/05/2022,BFI,WA,ANM,WE,Towers with Radar,8,48,47,2,105,0,5,89,0,94,8,53,136,2,199,194,0,194,393
11/06/2022,BFI,WA,ANM,WE,Towers with Radar,12,51,70,0,133,0,20,71,0,91,12,71,141,0,224,128,0,128,352
11/07/2022,BFI,WA,ANM,WE,Towers with Radar,15,53,63,0,131,0,5,43,0,48,15,58,106,0,179,114,0,114,293
11/08/2022,BFI,WA,ANM,WE,Towers with Radar,27,50,72,0,149,0,20,81,0,101,27,70,153,0,250,102,0,102,352
11/09/2022,BFI,WA,ANM,WE,Towers with Radar,30,44,75,2,151,0,27,176,0,203,30,71,251,2,354,172,0,172,526
11/10/2022,BFI,WA,ANM,WE,Towers with Radar,31,63,92,4,190,0,25,107,0,132,31,88,199,4,322,191,0,191,513
11/11/2022,BFI,WA,ANM,WE,Towers with Radar,26,49,78,0,153,0,25,124,1,150,26,74,202,1,303,194,0,194,497
11/12/2022,BFI,WA,ANM,WE,Towers with Radar,9,45,55,0,109,0,38,186,0,224,9,83,241,0,333,198,0,198,531
11/13/2022,BFI,WA,ANM,WE,Towers with Radar,16,57,76,0,149,0,12,124,0,136,16,69,200,0,285,167,0,167,452
11/14/2022,BFI,WA,ANM,WE,Towers with Radar,12,54,67,2,135,0,24,95,0,119,12,78,162,2,254,116,0,116,370
11/15/2022,BFI,WA,ANM,WE,Towers with Radar,32,53,60,6,151,0,31,108,0,139,32,84,168,6,290,196,0,196,486
11/16/2022,BFI,WA,ANM,WE,Towers with Radar,26,71,75,0,172,0,15,130,0,145,26,86,205,0,317,167,0,167,484
11/17/2022,BFI,WA,ANM,WE,Towers with Radar,30,65,66,0,161,0,20,82,0,102,30,85,148,0,263,74,0,74,337
11/18/2022,BFI,WA,ANM,WE,Towers with Radar,24,66,81,0,171,0,23,198,0,221,24,89,279,0,392,236,0,236,628
11/19/2022,BFI,WA,ANM,WE,Towers with Radar,15,53,69,0,137,0,22,196,0,218,15,75,265,0,355,266,0,266,621
11/20/2022,BFI,WA,ANM,WE,Towers with Radar,15,47,62,0,124,0,14,117,0,131,15,61,179,0,255,178,0,178,433
11/21/2022,BFI,WA,ANM,WE,Towers with Radar,19,55,48,0,122,0,15,89,0,104,19,70,137,0,226,130,0,130,356
11/22/2022,BFI,WA,ANM,WE,Towers with Radar,45,70,59,0,174,0,7,11,0,18,45,77,70,0,192,8,0,8,200
11/23/2022,BFI,WA,ANM,WE,Towers with Radar,42,60,89,0,191,0,21,91,0,112,42,81,180,0,303,124,0,124,427
11/24/2022,BFI,WA,ANM,WE,Towers with Radar,7,14,21,0,42,0,3,24,0,27,7,17,45,0,69,28,0,28,97
11/25/2022,BFI,WA,ANM,WE,Towers with Radar,10,44,30,0,84,0,4,8,0,12,10,48,38,0,96,0,0,0,96
11/26/2022,BFI,WA,ANM,WE,Towers with Radar,14,61,64,0,139,0,3,30,0,33,14,64,94,0,172,80,1,81,253
11/27/2022,BFI,WA,ANM,WE,Towers with Radar,11,72,109,0,192,0,17,104,9,130,11,89,213,9,322,26,5,31,353
11/28/2022,BFI,WA,ANM,WE,Towers with Radar,24,59,69,0,152,0,11,67,4,82,24,70,136,4,234,92,0,92,326
11/29/2022,BFI,WA,ANM,WE,Towers with Radar,38,67,57,1,163,0,0,1,0,1,38,67,58,1,164,0,0,0,164
11/30/2022,BFI,WA,ANM,WE,Towers with Radar,45,75,56,2,178,0,2,10,0,12,45,77,66,2,190,12,2,14,204
12/01/2022,BFI,WA,ANM,WE,Towers with Radar,41,68,51,3,163,0,18,76,0,94,41,86,127,3,257,107,1,108,365
12/02/2022,BFI,WA,ANM,WE,Towers with Radar,23,56,56,1,136,0,5,62,0,67,23,61,118,1,203,168,2,170,373
12/03/2022,BFI,WA,ANM,WE,Towers with Radar,6,35,50,0,91,0,24,89,0,113,6,59,139,0,204,66,0,66,270
12/04/2022,BFI,WA,ANM,WE,Towers with Radar,15,51,50,0,116,0,10,42,0,52,15,61,92,0,168,96,0,96,264
12/05/2022,BFI,WA,ANM,WE,Towers with Radar,33,65,62,0,160,0,6,69,0,75,33,71,131,0,235,98,0,98,333
12/06/2022,BFI,WA,ANM,WE,Towers with Radar,50,71,79,2,202,0,8,14,3,25,50,79,93,5,227,28,10,38,265
12/07/2022,BFI,WA,ANM,WE,Towers with Radar,38,58,85,1,182,0,7,103,0,110,38,65,188,1,292,126,0,126,418
12/08/2022,BFI,WA,ANM,WE,Towers with Radar,40,81,69,2,192,0,4,20,0,24,40,85,89,2,216,64,0,64,280
12/09/2022,BFI,WA,ANM,WE,Towers with Radar,31,77,70,3,181,0,7,52,0,59,31,84,122,3,240,144,0,144,384
12/10/2022,BFI,WA,ANM,WE,Towers with Radar,10,58,62,0,130,0,3,61,0,64,10,61,123,0,194,182,0,182,376
12/11/2022,BFI,WA,ANM,WE,Towers with Radar,6,50,51,0,107,0,0,2,0,2,6,50,53,0,109,0,0,0,109
12/12/2022,BFI,WA,ANM,WE,Towers with Radar,16,71,81,0,168,0,8,77,0,85,16,79,158,0,253,136,2,138,391
12/13/2022,BFI,WA,ANM,WE,Towers with Radar,53,60,59,2,174,0,7,118,0,125,53,67,177,2,299,100,2,102,401
12/14/2022,BFI,WA,ANM,WE,Towers with Radar,49,67,95,5,216,0,12,86,0,98,49,79,181,5,314,76,0,76,390
12/15/2022,BFI,WA,ANM,WE,Towers with Radar,46,88,97,1,232,0,12,115,0,127,46,100,212,1,359,12,0,12,371
12/16/2022,BFI,WA,ANM,WE,Towers with Radar,48,65,84,2,199,0,9,89,0,98,48,74,173,2,297,134,0,134,431
12/17/2022,BFI,WA,ANM,WE,Towers with Radar,50,70,69,1,190,0,0,0,0,0,50,70,69,1,190,6,0,6,196
12/18/2022,BFI,WA,ANM,WE,Towers with Radar,26,54,58,0,138,0,1,15,0,16,26,55,73,0,154,48,0,48,202
12/19/2022,BFI,WA,ANM,WE,Towers with Radar,38,62,61,0,161,0,8,15,0,23,38,70,76,0,184,44,0,44,228
12/20/2022,BFI,WA,ANM,WE,Towers with Radar,40,74,38,0,152,0,0,0,0,0,40,74,38,0,152,0,0,0,152
12/21/2022,BFI,WA,ANM,WE,Towers with Radar,47,57,66,1,171,0,21,42,0,63,47,78,108,1,234,46,0,46,280
12/22/2022,BFI,WA,ANM,WE,Towers with Radar,40,60,68,1,169,0,28,60,3,91,40,88,128,4,260,76,2,78,338
12/23/2022,BFI,WA,ANM,WE,Towers with Radar,9,42,38,0,89,0,0,0,0,0,9,42,38,0,89,0,0,0,89
12/24/2022,BFI,WA,ANM,WE,Towers with Radar,12,68,40,0,120,0,1,1,0,2,12,69,41,0,122,0,0,0,122
12/25/2022,BFI,WA,ANM,WE,Towers with Radar,3,43,24,0,70,0,6,2,0,8,3,49,26,0,78,12,0,12,90
12/26/2022,BFI,WA,ANM,WE,Towers with Radar,8,73,89,0,170,0,11,32,0,43,8,84,121,0,213,48,0,48,261
12/27/2022,BFI,WA,ANM,WE,Towers with Radar,19,47,59,1,126,0,3,22,0,25,19,50,81,1,151,38,0,38,189
12/28/2022,BFI,WA,ANM,WE,Towers with Radar,38,58,49,1,146,0,13,108,3,124,38,71,157,4,270,122,1,123,393
12/29/2022,BFI,WA,ANM,WE,Towers with Radar,32,63,45,2,142,0,4,57,0,61,32,67,102,2,203,210,0,210,413
12/30/2022,BFI,WA,ANM,WE,Towers with Radar,23,48,35,0,106,0,9,35,1,45,23,57,70,1,151,68,0,68,219
12/31/2022,BFI,WA,ANM,WE,Towers with Radar,3,59,46,0,108,0,7,30,0,37,3,66,76,0,145,32,0,32,177
01/01/2023,BFI,WA,ANM,WE,Towers with Radar,1,52,78,0,131,0,4,15,0,19,1,56,93,0,150,6,0,6,156
01/02/2023,BFI,WA,ANM,WE,Towers with Radar,11,63,97,0,171,0,41,94,0,135,11,104,191,0,306,106,0,106,412
01/03/2023,BFI,WA,ANM,WE,Towers with Radar,13,66,62,0,141,0,20,63,0,83,13,86,125,0,224,150,0,150,374
01/04/2023,BFI,WA,ANM,WE,Towers with Radar,26,66,48,2,142,0,17,108,2,127,26,83,156,4,269,64,0,64,333
01/05/2023,BFI,WA,ANM,WE,Towers with Radar,28,46,48,0,122,0,14,46,3,63,28,60,94,3,185,48,0,48,233
01/06/2023,BFI,WA,ANM,WE,Towers with Radar,22,61,65,0,148,0,21,93,1,115,22,82,158,1,263,252,0,252,515
01/07/2023,BFI,WA,ANM,WE,Towers with Radar,5,42,39,0,86,0,28,62,0,90,5,70,101,0,176,210,0,210,386
01/08/2023,BFI,WA,ANM,WE,Towers with Radar,9,53,66,0,128,0,12,49,15,76,9,65,115,15,204,108,0,108,312
01/09/2023,BFI,WA,ANM,WE,Towers with Radar,14,49,41,0,104,0,7,8,0,15,14,56,49,0,119,0,0,0,119
01/10/2023,BFI,WA,ANM,WE,Towers with Radar,28,47,50,3,128,0,24,117,1,142,28,71,167,4,270,108,0,108,378
01/11/2023,BFI,WA,ANM,WE,Towers with Radar,30,67,68,1,166,0,12,121,1,134,30,79,189,2,300,179,0,179,479
01/12/2023,BFI,WA,ANM,WE,Towers with Radar,34,55,64,2,155,0,5,36,0,41,34,60,100,2,196,106,0,106,302
01/13/2023,BFI,WA,ANM,WE,Towers with Radar,26,79,75,4,184,0,3,32,0,35,26,82,107,4,219,98,0,98,317
01/14/2023,BFI,WA,ANM,WE,Towers with Radar,11,62,63,2,138,0,15,166,0,181,11,77,229,2,319,124,0,124,443
01/15/2023,BFI,WA,ANM,WE,Towers with Radar,12,51,42,3,108,0,5,54,0,59,12,56,96,3,167,190,0,190,357
01/16/2023,BFI,WA,ANM,WE,Towers with Radar,32,61,62,0,155,0,15,107,0,122,32,76,169,0,277,134,0,134,411
01/17/2023,BFI,WA,ANM,WE,Towers with Radar,25,57,76,0,158,0,4,25,2,31,25,61,101,2,189,148,2,150,339
01/18/2023,BFI,WA,ANM,WE,Towers with Radar,25,61,53,0,139,0,2,16,1,19,25,63,69,1,158,100,0,100,258
01/19/2023,BFI,WA,ANM,WE,Towers with Radar,29,56,69,0,154,0,16,66,0,82,29,72,135,0,236,220,0,220,456
01/20/2023,BFI,WA,ANM,WE,Towers with Radar,30,69,74,3,176,0,8,143,0,151,30,77,217,3,327,204,0,204,531
01/21/2023,BFI,WA,ANM,WE,Towers with Radar,14,53,37,0,104,0,0,6,0,6,14,53,43,0,110,22,0,22,132
01/22/2023,BFI,WA,ANM,WE,Towers with Radar,14,65,64,0,143,0,9,86,0,95,14,74,150,0,238,102,0,102,340
01/23/2023,BFI,WA,ANM,WE,Towers with Radar,22,46,57,0,125,0,22,74,0,96,22,68,131,0,221,38,0,38,259
01/24/2023,BFI,WA,ANM,WE,Towers with Radar,27,51,61,0,139,0,6,21,0,27,27,57,82,0,166,66,0,66,232
01/25/2023,BFI,WA,ANM,WE,Towers with Radar,27,58,68,0,153,0,13,40,0,53,27,71,108,0,206,218,2,220,426
01/26/2023,BFI,WA,ANM,WE,Towers with Radar,24,69,69,0,162,0,7,17,0,24,24,76,86,0,186,21,0,21,207
01/27/2023,BFI,WA,ANM,WE,Towers with Radar,25,74,68,1,168,0,10,53,0,63,25,84,121,1,231,172,0,172,403
01/28/2023,BFI,WA,ANM,WE,Towers with Radar,11,48,35,0,94,0,11,79,0,90,11,59,114,0,184,308,0,308,492
01/29/2023,BFI,WA,ANM,WE,Towers with Radar,9,50,59,0,118,0,24,205,0,229,9,74,264,0,347,120,0,120,467
01/30/2023,BFI,WA,ANM,WE,Towers with Radar,11,63,66,0,140,0,17,151,2,170,11,80,217,2,310,152,0,152,462
01/31/2023,BFI,WA,ANM,WE,Towers with Radar,36,48,88,0,172,0,23,86,0,109,36,71,174,0,281,158,1,159,440
02/01/2023,BFI,WA,ANM,WE,Towers with Radar,23,45,66,0,134,0,21,97,0,118,23,66,163,0,252,88,0,88,340
02/02/2023,BFI,WA,ANM,WE,Towers with Radar,26,59,67,1,153,0,25,187,4,216,26,84,254,5,369,142,0,142,511
02/03/2023,BFI,WA,ANM,WE,Towers with Radar,16,44,51,2,113,0,6,31,0,37,16,50,82,2,150,64,0,64,214
02/04/2023,BFI,WA,ANM,WE,Towers with Radar,7,43,53,0,103,0,10,77,0,87,7,53,130,0,190,230,0,230,420
02/05/2023,BFI,WA,ANM,WE,Towers with Radar,12,45,49,0,106,0,5,27,0,32,12,50,76,0,138,38,0,38,176
02/06/2023,BFI,WA,ANM,WE,Towers with Radar,9,68,70,0,147,0,10,8,0,18,9,78,78,0,165,4,0,4,169
02/07/2023,BFI,WA,ANM,WE,Towers with Radar,30,55,60,0,145,0,10,15,0,25,30,65,75,0,170,71,0,71,241
02/08/2023,BFI,WA,ANM,WE,Towers with Radar,27,67,86,1,181,0,16,122,2,140,27,83,208,3,321,143,0,143,464
02/09/2023,BFI,WA,ANM,WE,Towers with Radar,29,46,84,4,163,0,24,138,2,164,29,70,222,6,327,125,0,125,452
02/10/2023,BFI,WA,ANM,WE,Towers with Radar,20,58,65,1,144,0,11,83,0,94,20,69,148,1,238,72,0,72,310
02/11/2023,BFI,WA,ANM,WE,Towers with Radar,11,57,56,2,126,0,54,96,0,150,11,111,152,2,276,140,0,140,416
02/12/2023,BFI,WA,ANM,WE,Towers with Radar,6,37,51,1,95,0,36,113,4,153,6,73,164,5,248,274,2,276,524
02/13/2023,BFI,WA,ANM,WE,Towers with Radar,11,47,71,0,129,0,14,43,0,57,11,61,114,0,186,23,0,23,209
02/14/2023,BFI,WA,ANM,WE,Towers with Radar,30,54,57,0,141,0,9,99,1,109,30,63,156,1,250,119,0,119,369
02/15/2023,BFI,WA,ANM,WE,Towers with Radar,26,41,73,3,143,0,38,177,0,215,26,79,250,3,358,140,2,142,500
02/16/2023,BFI,WA,ANM,WE,Towers with Radar,31,35,72,0,138,0,15,98,1,114,31,50,170,1,252,130,0,130,382
02/17/2023,BFI,WA,ANM,WE,Towers with Radar,20,93,91,0,204,0,2,23,0,25,20,95,114,0,229,26,0,26,255
02/18/2023,BFI,WA,ANM,WE,Towers with Radar,8,66,50,0,124,0,12,17,0,29,8,78,67,0,153,66,0,66,219
02/19/2023,BFI,WA,ANM,WE,Towers with Radar,11,50,54,1,116,0,3,28,0,31,11,53,82,1,147,78,0,78,225
02/20/2023,BFI,WA,ANM,WE,Towers with Radar,18,49,84,2,153,0,1,2,0,3,18,50,86,2,156,6,0,6,162
02/21/2023,BFI,WA,ANM,WE,Towers with Radar,33,47,63,1,144,0,24,53,0,77,33,71,116,1,221,171,0,171,392
02/22/2023,BFI,WA,ANM,WE,Towers with Radar,33,55,63,1,152,0,11,39,0,50,33,66,102,1,202,30,0,30,232
02/23/2023,BFI,WA,ANM,WE,Towers with Radar,41,60,89,0,190,0,27,101,0,128,41,87,190,0,318,190,0,190,508
02/24/2023,BFI,WA,ANM,WE,Towers with Radar,22,46,65,2,135,0,35,220,3,258,22,81,285,5,393,198,4,202,595
02/25/2023,BFI,WA,ANM,WE,Towers with Radar,9,64,58,0,131,0,19,123,0,142,9,83,181,0,273,50,0,50,323
02/26/2023,BFI,WA,ANM,WE,Towers with Radar,9,71,70,2,152,0,9,52,0,61,9,80,122,2,213,124,0,124,337
02/27/2023,BFI,WA,ANM,WE,Towers with Radar,17,71,59,3,150,0,2,23,0,25,17,73,82,3,175,50,0,50,225
02/28/2023,BFI,WA,ANM,WE,Towers with Radar,35,64,59,0,158,0,7,58,1,66,35,71,117,1,224,240,0,240,464
03/01/2023,BFI,WA,ANM,WE,Towers with Radar,26,44,71,0,141,0,12,68,2,82,26,56,139,2,223,112,0,112,335
03/02/2023,BFI,WA,ANM,WE,Towers with Radar,21,70,70,0,161,0,1,10,0,11,21,71,80,0,172,25,0,25,197
03/03/2023,BFI,WA,ANM,WE,Towers with Radar,16,58,76,0,150,0,8,19,9,36,16,66,95,9,186,94,0,94,280
03/04/2023,BFI,WA,ANM,WE,Towers with Radar,13,51,44,0,108,0,10,65,0,75,13,61,109,0,183,252,0,252,435
03/05/2023,BFI,WA,ANM,WE,Towers with Radar,8,36,65,0,109,0,21,138,0,159,8,57,203,0,268,124,0,124,392
03/06/2023,BFI,WA,ANM,WE,Towers with Radar,18,62,72,0,152,0,20,133,0,153,18,82,205,0,305,132,2,134,439
03/07/2023,BFI,WA,ANM,WE,Towers with Radar,29,61,67,1,158,0,19,109,0,128,29,80,176,1,286,118,0,118,404
03/08/2023,BFI,WA,ANM,WE,Towers with Radar,30,57,64,0,151,0,5,65,1,71,30,62,129,1,222,224,2,226,448
03/09/2023,BFI,WA,ANM,WE,Towers with Radar,25,59,83,0,167,0,15,73,2,90,25,74,156,2,257,166,0,166,423
03/10/2023,BFI,WA,ANM,WE,Towers with Radar,24,50,64,0,138,0,17,87,0,104,24,67,151,0,242,170,0,170,412
03/11/2023,BFI,WA,ANM,WE,Towers with Radar,7,52,46,2,107,0,20,126,0,146,7,72,172,2,253,140,0,140,393
03/12/2023,BFI,WA,ANM,WE,Towers with Radar,15,62,76,1,154,0,17,79,0,96,15,79,155,1,250,233,0,233,483
03/13/2023,BFI,WA,ANM,WE,Towers with Radar,17,68,61,0,146,0,5,32,1,38,17,73,93,1,184,84,0,84,268
03/14/2023,BFI,WA,ANM,WE,Towers with Radar,35,49,79,0,163,0,23,115,0,138,35,72,194,0,301,153,3,156,457
03/15/2023,BFI,WA,ANM,WE,Towers with Radar,42,52,70,2,166,0,22,133,0,155,42,74,203,2,321,116,0,116,437
03/16/2023,BFI,WA,ANM,WE,Towers with Radar,28,44,65,2,139,0,31,176,0,207,28,75,241,2,346,56,0,56,402
03/17/2023,BFI,WA,ANM,WE,Towers with Radar,22,49,89,2,162,0,37,278,0,315,22,86,367,2,477,144,0,144,621
03/18/2023,BFI,WA,ANM,WE,Towers with Radar,17,48,62,2,129,0,25,159,0,184,17,73,221,2,313,118,0,118,431
03/19/2023,BFI,WA,ANM,WE,Towers with Radar,8,42,66,2,118,0,24,121,8,153,8,66,187,10,271,57,0,57,328
03/20/2023,BFI,WA,ANM,WE,Towers with Radar,12,73,63,0,148,0,13,42,0,55,12,86,105,0,203,70,0,70,273
03/21/2023,BFI,WA,ANM,WE,Towers with Radar,29,76,77,0,182,0,16,92,0,108,29,92,169,0,290,100,0,100,390
03/22/2023,BFI,WA,ANM,WE,Towers with Radar,43,61,76,1,181,0,21,157,1,179,43,82,233,2,360,102,2,104,464
03/23/2023,BFI,WA,ANM,WE,Towers with Radar,40,83,57,1,181,0,10,35,0,45,40,93,92,1,226,119,0,119,345
03/24/2023,BFI,WA,ANM,WE,Towers with Radar,29,73,93,1,196,0,7,33,0,40,29,80,126,1,236,18,0,18,254
03/25/2023,BFI,WA,ANM,WE,Towers with Radar,18,44,45,4,111,0,19,50,0,69,18,63,95,4,180,150,0,150,330
03/26/2023,BFI,WA,ANM,WE,Towers with Radar,17,57,66,0,140,0,39,167,0,206,17,96,233,0,346,186,0,186,532
03/27/2023,BFI,WA,ANM,WE,Towers with Radar,29,65,68,0,162,0,25,118,0,143,29,90,186,0,305,60,0,60,365
03/28/2023,BFI,WA,ANM,WE,Towers with Radar,35,72,55,0,162,0,44,102,0,146,35,116,157,0,308,84,0,84,392
03/29/2023,BFI,WA,ANM,WE,Towers with Radar,25,50,72,1,148,0,31,178,0,209,25,81,250,1,357,206,0,206,563
03/30/2023,BFI,WA,ANM,WE,Towers with Radar,31,76,88,0,195,0,21,82,11,114,31,97,170,11,309,165,0,165,474
03/31/2023,BFI,WA,ANM,WE,Towers with Radar,23,79,62,0,164,0,15,37,0,52,23,94,99,0,216,85,0,85,301
04/01/2023,BFI,WA,ANM,WE,Towers with Radar,14,55,43,0,112,0,9,50,0,59,14,64,93,0,171,80,0,80,251
04/02/2023,BFI,WA,ANM,WE,Towers with Radar,11,64,66,0,141,0,9,34,4,47,11,73,100,4,188,22,0,22,210
04/03/2023,BFI,WA,ANM,WE,Towers with Radar,15,48,41,0,104,0,18,64,1,83,15,66,105,1,187,84,0,84,271
04/04/2023,BFI,WA,ANM,WE,Towers with Radar,33,42,49,0,124,0,14,113,1,128,33,56,162,1,252,124,0,124,376
04/05/2023,BFI,WA,ANM,WE,Towers with Radar,35,48,56,0,139,0,48,171,0,219,35,96,227,0,358,160,2,162,520
04/06/2023,BFI,WA,ANM,WE,Towers with Radar,27,72,67,0,166,0,3,61,0,64,27,75,128,0,230,256,0,256,486
04/07/2023,BFI,WA,ANM,WE,Towers with Radar,33,77,72,0,182,0,24,88,1,113,33,101,160,1,295,124,2,126,421
04/08/2023,BFI,WA,ANM,WE,Towers with Radar,11,54,44,0,109,0,10,60,0,70,11,64,104,0,179,208,0,208,387
04/09/2023,BFI,WA,ANM,WE,Towers with Radar,18,54,35,0,107,0,2,29,0,31,18,56,64,0,138,144,0,144,282
04/10/2023,BFI,WA,ANM,WE,Towers with Radar,16,67,61,0,144,0,4,25,0,29,16,71,86,0,173,78,0,78,251
04/11/2023,BFI,WA,ANM,WE,Towers with Radar,29,63,52,1,145,0,18,33,0,51,29,81,85,1,196,18,0,18,214
04/12/2023,BFI,WA,ANM,WE,Towers with Radar,40,62,69,1,172,0,21,161,1,183,40,83,230,2,355,180,0,180,535
04/13/2023,BFI,WA,ANM,WE,Towers with Radar,19,62,52,1,134,0,35,138,0,173,19,97,190,1,307,264,2,266,573
04/14/2023,BFI,WA,ANM,WE,Towers with Radar,20,59,65,4,148,0,37,208,0,245,20,96,273,4,393,118,0,118,511
04/15/2023,BFI,WA,ANM,WE,Towers with Radar,7,61,62,0,130,0,36,135,0,171,7,97,197,0,301,134,0,134,435
04/16/2023,BFI,WA,ANM,WE,Towers with Radar,11,87,74,0,172,0,12,29,4,45,11,99,103,4,217,54,2,56,273
04/17/2023,BFI,WA,ANM,WE,Towers with Radar,15,76,65,0,156,0,22,56,0,78,15,98,121,0,234,90,0,90,324
04/18/2023,BFI,WA,ANM,WE,Towers with Radar,25,77,62,0,164,0,19,26,0,45,25,96,88,0,209,46,0,46,255
04/19/2023,BFI,WA,ANM,WE,Towers with Radar,26,61,61,0,148,0,43,112,4,159,26,104,173,4,307,105,0,105,412
04/20/2023,BFI,WA,ANM,WE,Towers with Radar,21,55,77,3,156,0,17,49,0,66,21,72,126,3,222,134,0,134,356
04/21/2023,BFI,WA,ANM,WE,Towers with Radar,21,67,71,0,159,0,14,125,0,139,21,81,196,0,298,218,0,218,516
04/22/2023,BFI,WA,ANM,WE,Towers with Radar,9,55,73,0,137,0,20,148,0,168,9,75,221,0,305,166,0,166,471
04/23/2023,BFI,WA,ANM,WE,Towers with Radar,11,66,76,1,154,0,12,44,2,58,11,78,120,3,212,54,0,54,266
04/24/2023,BFI,WA,ANM,WE,Towers with Radar,12,59,46,0,117,0,26,96,0,122,12,85,142,0,239,154,0,154,393
04/25/2023,BFI,WA,ANM,WE,Towers with Radar,23,39,80,0,142,0,31,107,0,138,23,70,187,0,280,201,0,201,481
04/26/2023,BFI,WA,ANM,WE,Towers with Radar,26,55,64,0,145,0,30,178,0,208,26,85,242,0,353,176,0,176,529
04/27/2023,BFI,WA,ANM,WE,Towers with Radar,26,57,79,3,165,0,37,160,0,197,26,94,239,3,362,148,1,149,511
04/28/2023,BFI,WA,ANM,WE,Towers with Radar,17,51,53,0,121,0,54,255,5,314,17,105,308,5,435,26,1,27,462
04/29/2023,BFI,WA,ANM,WE,Towers with Radar,9,48,46,0,103,0,39,252,6,297,9,87,298,6,400,175,2,177,577
04/30/2023,BFI,WA,ANM,WE,Towers with Radar,9,69,73,0,151,0,22,147,0,169,9,91,220,0,320,248,0,248,568
05/01/2023,BFI,WA,ANM,WE,Towers with Radar,10,62,72,3,147,0,26,88,0,114,10,88,160,3,261,28,0,28,289
05/02/2023,BFI,WA,ANM,WE,Towers with Radar,23,67,70,0,160,0,45,156,0,201,23,112,226,0,361,14,0,14,375
05/03/2023,BFI,WA,ANM,WE,Towers with Radar,20,57,64,4,145,0,40,131,0,171,20,97,195,4,316,100,0,100,416
05/04/2023,BFI,WA,ANM,WE,Towers with Radar,21,52,80,0,153,0,17,34,0,51,21,69,114,0,204,62,0,62,266
05/05/2023,BFI,WA,ANM,WE,Towers with Radar,23,75,91,0,189,0,2,3,0,5,23,77,94,0,194,6,0,6,200
05/06/2023,BFI,WA,ANM,WE,Towers with Radar,14,42,46,3,105,0,14,83,0,97,14,56,129,3,202,162,0,162,364
05/07/2023,BFI,WA,ANM,WE,Towers with Radar,15,67,89,0,171,0,37,143,6,186,15,104,232,6,357,80,0,80,437
05/08/2023,BFI,WA,ANM,WE,Towers with Radar,16,58,67,2,143,0,34,119,0,153,16,92,186,2,296,4,0,4,300
05/09/2023,BFI,WA,ANM,WE,Towers with Radar,28,69,77,4,178,0,30,115,0,145,28,99,192,4,323,114,0,114,437
05/10/2023,BFI,WA,ANM,WE,Towers with Radar,29,78,84,0,191,0,24,187,4,215,29,102,271,4,406,32,0,32,438
05/11/2023,BFI,WA,ANM,WE,Towers with Radar,15,94,95,3,207,0,47,146,0,193,15,141,241,3,400,72,0,72,472
05/12/2023,BFI,WA,ANM,WE,Towers with Radar,26,40,58,1,125,0,65,243,0,308,26,105,301,1,433,84,0,84,517
05/13/2023,BFI,WA,ANM,WE,Towers with Radar,13,58,46,2,119,0,42,186,1,229,13,100,232,3,348,2,2,4,352
05/14/2023,BFI,WA,ANM,WE,Towers with Radar,12,63,45,0,120,0,49,166,0,215,12,112,211,0,335,84,0,84,419
05/15/2023,BFI,WA,ANM,WE,Towers with Radar,11,54,46,2,113,0,50,147,0,197,11,104,193,2,310,32,0,32,342
05/16/2023,BFI,WA,ANM,WE,Towers with Radar,28,57,72,3,160,0,24,159,0,183,28,81,231,3,343,182,0,182,525
05/17/2023,BFI,WA,ANM,WE,Towers with Radar,23,71,93,2,189,0,62,182,0,244,23,133,275,2,433,132,0,132,565
05/18/2023,BFI,WA,ANM,WE,Towers with Radar,30,60,77,2,169,0,47,195,0,242,30,107,272,2,411,138,0,138,549
05/19/2023,BFI,WA,ANM,WE,Towers with Radar,18,57,91,2,168,0,29,179,0,208,18,86,270,2,376,108,0,108,484
05/20/2023,BFI,WA,ANM,WE,Towers with Radar,6,55,37,2,100,0,40,200,0,240,6,95,237,2,340,86,0,86,426
05/21/2023,BFI,WA,ANM,WE,Towers with Radar,12,67,92,0,171,0,19,74,0,93,12,86,166,0,264,84,2,86,350
05/22/2023,BFI,WA,ANM,WE,Towers with Radar,14,70,89,0,173,0,25,107,0,132,14,95,196,0,305,68,0,68,373
05/23/2023,BFI,WA,ANM,WE,Towers with Radar,31,50,73,0,154,0,27,135,0,162,31,77,208,0,316,50,0,50,366
05/24/2023,BFI,WA,ANM,WE,Towers with Radar,30,47,75,1,153,0,47,169,1,217,30,94,244,2,370,32,0,32,402
05/25/2023,BFI,WA,ANM,WE,Towers with Radar,31,64,75,5,175,0,39,151,0,190,31,103,226,5,365,47,0,47,412
05/26/2023,BFI,WA,ANM,WE,Towers with Radar,17,68,68,14,167,0,49,249,0,298,17,117,317,14,465,26,0,26,491
05/27/2023,BFI,WA,ANM,WE,Towers with Radar,7,57,45,10,119,0,48,96,0,144,7,105,141,10,263,26,0,26,289
05/28/2023,BFI,WA,ANM,WE,Towers with Radar,5,58,57,8,128,0,50,102,4,156,5,108,159,12,284,124,0,124,408
05/29/2023,BFI,WA,ANM,WE,Towers with Radar,1,73,90,2,166,0,40,104,0,144,1,113,194,2,310,72,0,72,382
05/30/2023,BFI,WA,ANM,WE,Towers with Radar,15,63,104,2,184,0,57,156,5,218,15,120,260,7,402,180,0,180,582
05/31/2023,BFI,WA,ANM,WE,Towers with Radar,33,64,86,2,185,0,40,166,3,209,33,104,252,5,394,138,0,138,532
06/01/2023,BFI,WA,ANM,WE,Towers with Radar,29,49,88,1,167,0,49,172,0,221,29,98,260,1,388,52,2,54,442
06/02/2023,BFI,WA,ANM,WE,Towers with Radar,22,50,62,1,135,0,40,211,0,251,22,90,273,1,386,140,0,140,526
06/03/2023,BFI,WA,ANM,WE,Towers with Radar,10,43,46,0,99,0,50,200,0,250,10,93,246,0,349,96,0,96,445
06/04/2023,BFI,WA,ANM,WE,Towers with Radar,9,64,56,0,129,0,57,149,0,206,9,121,205,0,335,84,0,84,419
06/05/2023,BFI,WA,ANM,WE,Towers with Radar,16,59,69,4,148,0,68,138,0,206,16,127,207,4,354,26,2,28,382
06/06/2023,BFI,WA,ANM,WE,Towers with Radar,21,57,56,2,136,0,55,181,0,236,21,112,237,2,372,12,0,12,384
06/07/2023,BFI,WA,ANM,WE,Towers with Radar,32,59,62,2,155,0,60,233,0,293,32,119,295,2,448,150,2,152,600
06/08/2023,BFI,WA,ANM,WE,Towers with Radar,36,59,114,1,210,0,48,204,0,252,36,107,318,1,462,272,0,272,734
06/09/2023,BFI,WA,ANM,WE,Towers with Radar,22,69,88,7,186,0,11,32,0,43,22,80,120,7,229,26,0,26,255
06/10/2023,BFI,WA,ANM,WE,Towers with Radar,9,58,65,11,143,0,17,55,0,72,9,75,120,11,215,150,0,150,365
06/11/2023,BFI,WA,ANM,WE,Towers with Radar,14,53,61,2,130,0,36,186,2,224,14,89,247,4,354,192,0,192,546
06/12/2023,BFI,WA,ANM,WE,Towers with Radar,14,68,87,2,171,0,49,189,2,240,14,117,276,4,411,26,0,26,437
06/13/2023,BFI,WA,ANM,WE,Towers with Radar,28,70,83,0,181,0,40,76,0,116,28,110,159,0,297,186,0,186,483
06/14/2023,BFI,WA,ANM,WE,Towers with Radar,29,86,99,0,214,0,52,195,0,247,29,138,294,0,461,198,6,204,665
06/15/2023,BFI,WA,ANM,WE,Towers with Radar,25,85,95,0,205,0,48,173,2,223,25,133,268,2,428,194,0,194,622
06/16/2023,BFI,WA,ANM,WE,Towers with Radar,23,67,103,0,193,0,51,167,0,218,23,118,270,0,411,142,0,142,553
06/17/2023,BFI,WA,ANM,WE,Towers with Radar,11,67,96,1,175,0,30,70,2,102,11,97,166,3,277,8,0,8,285
06/18/2023,BFI,WA,ANM,WE,Towers with Radar,13,75,81,0,169,0,27,88,0,115,13,102,169,0,284,128,0,128,412
06/19/2023,BFI,WA,ANM,WE,Towers with Radar,15,71,94,1,181,0,29,102,0,131,15,100,196,1,312,146,0,146,458
06/20/2023,BFI,WA,ANM,WE,Towers with Radar,22,90,78,0,190,0,16,55,6,77,22,106,133,6,267,184,0,184,451
06/21/2023,BFI,WA,ANM,WE,Towers with Radar,25,69,90,0,184,1,41,216,3,261,26,110,306,3,445,178,0,178,623
06/22/2023,BFI,WA,ANM,WE,Towers with Radar,33,53,73,0,159,0,64,155,2,221,33,117,228,2,380,64,2,66,446
06/23/2023,BFI,WA,ANM,WE,Towers with Radar,19,73,84,0,176,0,65,207,0,272,19,138,291,0,448,191,0,191,639
06/24/2023,BFI,WA,ANM,WE,Towers with Radar,10,57,55,0,122,0,83,143,0,226,10,140,198,0,348,128,0,128,476
06/25/2023,BFI,WA,ANM,WE,Towers with Radar,11,63,82,0,156,1,62,237,0,300,12,125,319,0,456,146,0,146,602
06/26/2023,BFI,WA,ANM,WE,Towers with Radar,10,68,77,0,155,0,34,120,0,154,10,102,197,0,309,24,0,24,333
06/27/2023,BFI,WA,ANM,WE,Towers with Radar,33,57,89,0,179,0,56,140,1,197,33,113,229,1,376,2,0,2,378
06/28/2023,BFI,WA,ANM,WE,Towers with Radar,23,78,87,3,191,0,64,180,5,249,23,142,267,8,440,26,0,26,466
06/29/2023,BFI,WA,ANM,WE,Towers with Radar,28,69,79,2,178,0,53,184,4,241,28,122,263,6,419,94,4,98,517
06/30/2023,BFI,WA,ANM,WE,Towers with Radar,23,63,100,3,189,0,88,225,0,313,23,151,325,3,502,116,0,116,618
07/01/2023,BFI,WA,ANM,WE,Towers with Radar,10,61,79,1,151,0,91,229,3,323,10,152,308,4,474,84,0,84,558
07/02/2023,BFI,WA,ANM,WE,Towers with Radar,15,54,63,0,132,0,58,189,0,247,15,112,252,0,379,42,0,42,421
07/03/2023,BFI,WA,ANM,WE,Towers with Radar,8,43,42,1,94,0,95,161,2,258,8,138,203,3,352,36,0,36,388
07/04/2023,BFI,WA,ANM,WE,Towers with Radar,3,43,43,0,89,0,39,108,0,147,3,82,151,0,236,52,0,52,288
07/05/2023,BFI,WA,ANM,WE,Towers with Radar,19,71,74,2,166,0,95,197,2,294,19,166,271,4,460,170,0,170,630
07/06/2023,BFI,WA,ANM,WE,Towers with Radar,23,43,80,1,147,0,69,168,0,237,23,112,248,1,384,176,0,176,560
07/07/2023,BFI,WA,ANM,WE,Towers with Radar,32,75,71,6,184,0,55,162,0,217,32,130,233,6,401,124,0,124,525
07/08/2023,BFI,WA,ANM,WE,Towers with Radar,7,69,91,3,170,0,39,151,2,192,7,108,242,5,362,128,0,128,490
07/09/2023,BFI,WA,ANM,WE,Towers with Radar,13,73,92,0,178,0,54,199,2,255,13,127,291,2,433,170,0,170,603
07/10/2023,BFI,WA,ANM,WE,Towers with Radar,13,89,88,3,193,0,45,156,1,202,13,134,244,4,395,96,0,96,491
07/11/2023,BFI,WA,ANM,WE,Towers with Radar,31,80,91,3,205,0,70,184,2,256,31,150,275,5,461,228,0,228,689
07/12/2023,BFI,WA,ANM,WE,Towers with Radar,36,79,84,2,201,0,57,161,0,218,36,136,245,2,419,230,0,230,649
07/13/2023,BFI,WA,ANM,WE,Towers with Radar,31,58,84,1,174,0,48,248,0,296,31,106,332,1,470,142,0,142,612
07/14/2023,BFI,WA,ANM,WE,Towers with Radar,25,46,79,3,153,0,64,229,0,293,25,110,308,3,446,88,0,88,534
07/15/2023,BFI,WA,ANM,WE,Towers with Radar,11,69,57,2,139,0,62,183,4,249,11,131,240,6,388,80,0,80,468
07/16/2023,BFI,WA,ANM,WE,Towers with Radar,8,55,69,1,133,0,69,172,2,243,8,124,241,3,376,46,0,46,422
07/17/2023,BFI,WA,ANM,WE,Towers with Radar,16,54,101,1,172,0,48,121,1,170,16,102,222,2,342,214,0,214,556
07/18/2023,BFI,WA,ANM,WE,Towers with Radar,33,49,80,1,163,0,85,122,0,207,33,134,202,1,370,62,0,62,432
07/19/2023,BFI,WA,ANM,WE,Towers with Radar,25,49,82,0,156,0,74,184,6,264,25,123,266,6,420,216,0,216,636
07/20/2023,BFI,WA,ANM,WE,Towers with Radar,20,54,108,1,183,0,78,276,0,354,20,132,384,1,537,90,0,90,627
07/21/2023,BFI,WA,ANM,WE,Towers with Radar,23,69,98,3,193,0,73,122,0,195,23,142,220,3,388,118,0,118,506
07/22/2023,BFI,WA,ANM,WE,Towers with Radar,9,49,80,0,138,0,73,169,0,242,9,122,249,0,380,6,0,6,386
07/23/2023,BFI,WA,ANM,WE,Towers with Radar,9,60,104,2,175,0,68,282,1,351,9,128,386,3,526,116,0,116,642
07/24/2023,BFI,WA,ANM,WE,Towers with Radar,11,91,94,4,200,0,42,76,0,118,11,133,170,4,318,88,0,88,406
07/25/2023,BFI,WA,ANM,WE,Towers with Radar,24,71,77,3,175,0,31,124,0,155,24,102,201,3,330,240,0,240,570
07/26/2023,BFI,WA,ANM,WE,Towers with Radar,19,60,52,1,132,0,45,231,0,276,19,105,283,1,408,254,2,256,664
07/27/2023,BFI,WA,ANM,WE,Towers with Radar,26,64,92,2,184,0,61,224,0,285,26,125,316,2,469,218,0,218,687
07/28/2023,BFI,WA,ANM,WE,Towers with Radar,19,64,73,2,158,0,60,165,1,226,19,124,238,3,384,106,0,106,490
07/29/2023,BFI,WA,ANM,WE,Towers with Radar,7,55,42,0,104,0,84,205,0,289,7,139,247,0,393,218,0,218,611
07/30/2023,BFI,WA,ANM,WE,Towers with Radar,11,53,74,0,138,0,62,225,0,287,11,115,299,0,425,192,0,192,617
07/31/2023,BFI,WA,ANM,WE,Towers with Radar,12,61,88,2,163,0,93,203,4,300,12,154,291,6,463,142,0,142,605
08/01/2023,BFI,WA,ANM,WE,Towers with Radar,17,52,82,4,155,0,63,177,4,244,17,115,259,8,399,140,0,140,539
08/02/2023,BFI,WA,ANM,WE,Towers with Radar,33,50,60,1,144,0,60,203,2,265,33,110,263,3,409,94,2,96,505
08/03/2023,BFI,WA,ANM,WE,Towers with Radar,22,47,69,14,152,0,54,123,5,182,22,101,192,19,334,46,0,46,380
08/04/2023,BFI,WA,ANM,WE,Towers with Radar,22,55,74,2,153,0,61,120,9,190,22,116,194,11,343,138,2,140,483
08/05/2023,BFI,WA,ANM,WE,Towers with Radar,6,40,40,0,86,0,65,84,9,158,6,105,124,9,244,84,0,84,328
08/06/2023,BFI,WA,ANM,WE,Towers with Radar,7,56,58,2,123,1,18,50,12,81,8,74,108,14,204,40,2,42,246
08/07/2023,BFI,WA,ANM,WE,Towers with Radar,13,67,103,4,187,0,34,150,0,184,13,101,253,4,371,234,0,234,605
08/08/2023,BFI,WA,ANM,WE,Towers with Radar,21,66,113,0,200,0,51,159,1,211,21,117,272,1,411,228,0,228,639
08/09/2023,BFI,WA,ANM,WE,Towers with Radar,25,88,93,0,206,0,23,84,3,110,25,111,177,3,316,128,0,128,444
08/10/2023,BFI,WA,ANM,WE,Towers with Radar,19,78,77,2,176,0,62,221,0,283,19,140,298,2,459,230,0,230,689
08/11/2023,BFI,WA,ANM,WE,Towers with Radar,21,48,67,2,138,0,58,232,1,291,21,106,299,3,429,162,0,162,591
08/12/2023,BFI,WA,ANM,WE,Towers with Radar,14,54,51,2,121,0,74,224,0,298,14,128,275,2,419,78,0,78,497
08/13/2023,BFI,WA,ANM,WE,Towers with Radar,15,61,93,1,170,0,83,194,0,277,15,144,287,1,447,20,0,20,467
08/14/2023,BFI,WA,ANM,WE,Towers with Radar,18,73,61,3,155,0,76,145,0,221,18,149,206,3,376,128,0,128,504
08/15/2023,BFI,WA,ANM,WE,Towers with Radar,25,56,62,4,147,0,74,153,1,228,25,130,215,5,375,140,0,140,515
08/16/2023,BFI,WA,ANM,WE,Towers with Radar,26,39,85,2,152,0,60,211,0,271,26,99,296,2,423,268,1,269,692
08/17/2023,BFI,WA,ANM,WE,Towers with Radar,27,46,114,0,187,0,78,277,0,355,27,124,391,0,542,232,0,232,774
08/18/2023,BFI,WA,ANM,WE,Towers with Radar,30,65,60,1,156,0,63,201,0,264,30,128,261,1,420,194,1,195,615
08/19/2023,BFI,WA,ANM,WE,Towers with Radar,7,40,65,0,112,0,91,165,0,256,7,131,230,0,368,164,0,164,532
08/20/2023,BFI,WA,ANM,WE,Towers with Radar,10,58,84,2,154,0,29,98,1,128,10,87,182,3,282,92,0,92,374
08/21/2023,BFI,WA,ANM,WE,Towers with Radar,9,74,87,4,174,0,47,102,1,150,9,121,189,5,324,120,0,120,444
08/22/2023,BFI,WA,ANM,WE,Towers with Radar,27,61,90,1,179,0,62,148,1,211,27,123,238,2,390,322,0,322,712
08/23/2023,BFI,WA,ANM,WE,Towers with Radar,27,67,77,0,171,0,63,233,0,296,27,130,310,0,467,222,0,222,689
08/24/2023,BFI,WA,ANM,WE,Towers with Radar,15,60,75,1,151,0,62,221,4,287,15,122,296,5,438,230,0,230,668
08/25/2023,BFI,WA,ANM,WE,Towers with Radar,23,61,71,3,158,0,48,157,1,206,23,109,228,4,364,120,0,120,484
08/26/2023,BFI,WA,ANM,WE,Towers with Radar,10,48,50,1,109,0,63,148,0,211,10,111,198,1,320,84,0,84,404
08/27/2023,BFI,WA,ANM,WE,Towers with Radar,7,72,76,1,156,0,90,208,0,298,7,162,284,1,454,126,0,126,580
08/28/2023,BFI,WA,ANM,WE,Towers with Radar,7,86,91,2,186,0,34,65,0,99,7,120,156,2,285,74,0,74,359
08/29/2023,BFI,WA,ANM,WE,Towers with Radar,23,50,75,0,148,0,24,30,0,54,23,74,105,0,202,50,0,50,252
08/30/2023,BFI,WA,ANM,WE,Towers with Radar,24,65,97,4,190,0,54,149,1,204,24,119,246,5,394,72,0,72,466
08/31/2023,BFI,WA,ANM,WE,Towers with Radar,21,66,97,0,184,0,48,129,1,178,21,114,226,1,362,196,10,206,568
01/01/2020,BFI,WA,ANM,WE,Towers with Radar,0,40,54,0,94,0,7,57,0,64,0,47,111,0,158,65,0,65,223
01/02/2020,BFI,WA,ANM,WE,Towers with Radar,16,42,55,0,113,0,12,86,0,98,16,54,141,0,211,124,0,124,335
01/03/2020,BFI,WA,ANM,WE,Towers with Radar,24,56,70,0,150,0,14,150,3,167,24,70,220,3,317,160,0,160,477
01/04/2020,BFI,WA,ANM,WE,Towers with Radar,8,60,68,0,136,0,5,74,0,79,8,65,142,0,215,104,0,104,319
01/05/2020,BFI,WA,ANM,WE,Towers with Radar,10,56,70,1,137,0,10,36,0,46,10,66,106,1,183,62,0,62,245
01/06/2020,BFI,WA,ANM,WE,Towers with Radar,16,61,61,1,139,0,1,2,0,3,16,62,63,1,142,0,0,0,142
01/07/2020,BFI,WA,ANM,WE,Towers with Radar,20,52,44,0,116,0,16,50,0,66,20,68,94,0,182,104,0,104,286
01/08/2020,BFI,WA,ANM,WE,Towers with Radar,19,47,65,2,133,0,5,67,0,72,19,52,132,2,205,174,0,174,379
01/09/2020,BFI,WA,ANM,WE,Towers with Radar,26,71,59,0,156,0,2,54,0,56,26,73,113,0,212,170,2,172,384
01/10/2020,BFI,WA,ANM,WE,Towers with Radar,13,56,65,3,137,0,2,18,0,20,13,58,83,3,157,12,0,12,169
01/11/2020,BFI,WA,ANM,WE,Towers with Radar,3,46,56,0,105,0,13,70,0,83,3,59,126,0,188,168,0,168,356
01/12/2020,BFI,WA,ANM,WE,Towers with Radar,3,47,59,0,109,0,8,15,0,23,3,55,74,0,132,10,0,10,142
01/13/2020,BFI,WA,ANM,WE,Towers with Radar,9,52,59,1,121,0,0,4,0,4,9,52,63,1,125,6,0,6,131
01/14/2020,BFI,WA,ANM,WE,Towers with Radar,24,52,79,0,155,0,0,20,0,20,24,52,99,0,175,16,0,16,191
01/15/2020,BFI,WA,ANM,WE,Towers with Radar,20,47,47,0,114,0,8,52,0,60,20,55,99,0,174,76,0,76,250
01/16/2020,BFI,WA,ANM,WE,Towers with Radar,20,48,78,0,146,0,6,181,0,187,20,54,259,0,333,194,0,194,527
01/17/2020,BFI,WA,ANM,WE,Towers with Radar,13,69,86,0,168,0,5,106,0,111,13,74,192,0,279,272,0,272,551
01/18/2020,BFI,WA,ANM,WE,Towers with Radar,3,48,62,0,113,0,4,152,0,156,3,52,214,0,269,308,0,308,577
01/19/2020,BFI,WA,ANM,WE,Towers with Radar,3,45,56,2,106,0,13,104,1,118,3,58,160,3,224,214,0,214,438
01/20/2020,BFI,WA,ANM,WE,Towers with Radar,13,67,88,0,168,0,18,167,0,185,13,85,255,0,353,100,0,100,453
01/21/2020,BFI,WA,ANM,WE,Towers with Radar,25,47,83,2,157,0,8,45,0,53,25,55,128,2,210,46,0,46,256
01/22/2020,BFI,WA,ANM,WE,Towers with Radar,21,63,77,0,161,0,9,67,0,76,21,72,144,0,237,188,0,188,425
01/23/2020,BFI,WA,ANM,WE,Towers with Radar,24,53,84,3,164,0,3,26,0,29,24,56,110,3,193,64,16,80,273
01/24/2020,BFI,WA,ANM,WE,Towers with Radar,18,52,90,1,161,0,8,71,2,81,18,60,161,3,242,192,0,192,434
01/25/2020,BFI,WA,ANM,WE,Towers with Radar,5,44,61,1,111,0,4,60,0,64,5,48,121,1,175,116,0,116,291
01/26/2020,BFI,WA,ANM,WE,Towers with Radar,5,50,59,0,114,0,11,117,1,129,5,61,176,1,243,186,0,186,429
01/27/2020,BFI,WA,ANM,WE,Towers with Radar,14,70,70,0,154,0,5,106,0,111,14,75,176,0,265,188,0,188,453
01/28/2020,BFI,WA,ANM,WE,Towers with Radar,28,52,87,0,167,0,10,67,0,77,28,62,154,0,244,182,0,182,426
01/29/2020,BFI,WA,ANM,WE,Towers with Radar,23,60,101,3,187,0,5,53,2,60,23,65,154,5,247,146,0,146,393
01/30/2020,BFI,WA,ANM,WE,Towers with Radar,26,63,110,4,203,0,5,134,0,139,26,68,244,4,342,148,0,148,490
01/31/2020,BFI,WA,ANM,WE,Towers with Radar,17,71,77,0,165,0,2,2,0,4,17,73,79,0,169,0,0,0,169
02/01/2020,BFI,WA,ANM,WE,Towers with Radar,3,43,59,0,105,0,10,69,0,79,3,53,128,0,184,140,0,140,324
02/02/2020,BFI,WA,ANM,WE,Towers with Radar,5,30,61,2,98,0,5,179,1,185,5,35,240,3,283,220,0,220,503
02/03/2020,BFI,WA,ANM,WE,Towers with Radar,10,73,89,8,180,0,13,148,0,161,10,86,237,8,341,208,0,208,549
02/04/2020,BFI,WA,ANM,WE,Towers with Radar,22,65,85,3,175,0,3,25,0,28,22,68,110,3,203,40,0,40,243
02/05/2020,BFI,WA,ANM,WE,Towers with Radar,18,65,85,6,174,0,1,1,0,2,18,66,86,6,176,0,0,0,176
02/06/2020,BFI,WA,ANM,WE,Towers with Radar,24,63,82,2,171,0,0,0,0,0,24,63,82,2,171,0,0,0,171
02/07/2020,BFI,WA,ANM,WE,Towers with Radar,25,61,74,4,164,0,3,2,0,5,25,64,76,4,169,0,0,0,169
02/08/2020,BFI,WA,ANM,WE,Towers with Radar,8,36,56,2,102,0,16,161,0,177,8,52,217,2,279,323,0,323,602
02/09/2020,BFI,WA,ANM,WE,Towers with Radar,7,54,87,2,150,0,19,264,2,285,7,73,351,4,435,174,0,174,609
02/10/2020,BFI,WA,ANM,WE,Towers with Radar,15,55,87,4,161,0,25,214,1,240,15,80,301,5,401,150,0,150,551
02/11/2020,BFI,WA,ANM,WE,Towers with Radar,21,76,96,2,195,0,14,95,1,110,21,90,191,3,305,152,0,152,457
02/12/2020,BFI,WA,ANM,WE,Towers with Radar,28,65,106,4,203,0,10,95,1,106,28,75,201,5,309,234,0,234,543
02/13/2020,BFI,WA,ANM,WE,Towers with Radar,27,77,59,3,166,0,8,62,0,70,27,85,121,3,236,200,0,200,436
02/14/2020,BFI,WA,ANM,WE,Towers with Radar,21,88,107,0,216,0,14,212,1,227,21,102,319,1,443,128,0,128,571
02/15/2020,BFI,WA,ANM,WE,Towers with Radar,7,79,81,0,167,0,3,2,0,5,7,82,83,0,172,0,0,0,172
02/16/2020,BFI,WA,ANM,WE,Towers with Radar,4,42,63,0,109,0,3,4,0,7,4,45,67,0,116,0,0,0,116
02/17/2020,BFI,WA,ANM,WE,Towers with Radar,8,61,99,1,169,0,9,165,0,174,8,70,264,1,343,192,0,192,535
02/18/2020,BFI,WA,ANM,WE,Towers with Radar,22,50,85,1,158,0,25,273,0,298,22,75,358,1,456,272,0,272,728
02/19/2020,BFI,WA,ANM,WE,Towers with Radar,24,50,67,2,143,0,30,266,1,297,24,80,333,3,440,258,0,258,698
02/20/2020,BFI,WA,ANM,WE,Towers with Radar,19,49,59,7,134,0,26,211,0,237,19,75,270,7,371,96,0,96,467
02/21/2020,BFI,WA,ANM,WE,Towers with Radar,20,51,87,0,158,0,12,208,0,220,20,63,295,0,378,194,0,194,572
02/22/2020,BFI,WA,ANM,WE,Towers with Radar,8,54,55,0,117,0,4,104,0,108,8,58,159,0,225,280,0,280,505
02/23/2020,BFI,WA,ANM,WE,Towers with Radar,3,69,71,0,143,0,10,19,0,29,3,79,90,0,172,0,0,0,172
02/24/2020,BFI,WA,ANM,WE,Towers with Radar,13,53,70,0,136,0,20,170,0,190,13,73,240,0,326,114,0,114,440
02/25/2020,BFI,WA,ANM,WE,Towers with Radar,33,62,84,2,181,0,14,198,0,212,33,76,282,2,393,226,0,226,619
02/26/2020,BFI,WA,ANM,WE,Towers with Radar,21,68,98,1,188,0,18,104,0,122,21,86,202,1,310,166,0,166,476
02/27/2020,BFI,WA,ANM,WE,Towers with Radar,19,59,115,0,193,0,26,269,0,295,19,85,384,0,488,206,0,206,694
02/28/2020,BFI,WA,ANM,WE,Towers with Radar,11,56,101,3,171,0,6,47,0,53,11,62,148,3,224,98,0,98,322
02/29/2020,BFI,WA,ANM,WE,Towers with Radar,4,45,41,1,91,0,13,101,3,117,4,58,142,4,208,280,0,280,488
03/01/2020,BFI,WA,ANM,WE,Towers with Radar,4,53,63,1,121,0,6,161,2,169,4,59,224,3,290,248,0,248,538
03/02/2020,BFI,WA,ANM,WE,Towers with Radar,9,59,82,5,155,0,2,18,0,20,9,61,100,5,175,28,0,28,203
03/03/2020,BFI,WA,ANM,WE,Towers with Radar,21,52,69,7,149,0,9,64,1,74,21,61,133,8,223,140,0,140,363
03/04/2020,BFI,WA,ANM,WE,Towers with Radar,23,54,68,10,155,0,10,175,1,186,23,64,243,11,341,162,2,164,505
03/05/2020,BFI,WA,ANM,WE,Towers with Radar,26,68,81,4,179,0,23,127,2,152,26,91,208,6,331,88,2,90,421
03/06/2020,BFI,WA,ANM,WE,Towers with Radar,15,65,62,3,145,0,6,52,0,58,15,71,114,3,203,214,0,214,417
03/07/2020,BFI,WA,ANM,WE,Towers with Radar,4,40,42,1,87,0,6,116,0,122,4,46,158,1,209,282,0,282,491
03/08/2020,BFI,WA,ANM,WE,Towers with Radar,4,49,65,1,119,0,12,197,0,209,4,61,262,1,328,234,0,234,562
03/09/2020,BFI,WA,ANM,WE,Towers with Radar,13,48,73,0,134,0,18,193,0,211,13,66,266,0,345,144,0,144,489
03/10/2020,BFI,WA,ANM,WE,Towers with Radar,20,46,61,0,127,0,8,185,1,194,20,54,246,1,321,110,0,110,431
03/11/2020,BFI,WA,ANM,WE,Towers with Radar,19,41,52,1,113,0,15,144,0,159,19,56,196,1,272,190,4,194,466
03/12/2020,BFI,WA,ANM,WE,Towers with Radar,23,40,71,1,135,0,12,197,0,209,23,52,268,1,344,300,2,302,646
03/13/2020,BFI,WA,ANM,WE,Towers with Radar,12,64,76,1,153,0,0,11,0,11,12,64,87,1,164,10,0,10,174
03/14/2020,BFI,WA,ANM,WE,Towers with Radar,3,39,48,0,90,0,12,197,0,209,3,51,245,0,299,116,0,116,415
03/15/2020,BFI,WA,ANM,WE,Towers with Radar,5,39,48,0,92,0,12,184,1,197,5,51,232,1,289,84,0,84,373
03/16/2020,BFI,WA,ANM,WE,Towers with Radar,5,42,49,0,96,0,15,149,0,164,5,57,198,0,260,102,0,102,362
03/17/2020,BFI,WA,ANM,WE,Towers with Radar,25,30,44,0,99,0,21,181,0,202,25,51,225,0,301,218,0,218,519
03/18/2020,BFI,WA,ANM,WE,Towers with Radar,22,23,44,1,90,0,11,180,0,191,22,34,224,1,281,226,0,226,507
03/19/2020,BFI,WA,ANM,WE,Towers with Radar,24,19,35,0,78,0,8,160,0,168,24,27,195,0,246,246,0,246,492
03/20/2020,BFI,WA,ANM,WE,Towers with Radar,13,30,25,0,68,0,6,163,0,169,13,36,188,0,237,156,0,156,393
03/21/2020,BFI,WA,ANM,WE,Towers with Radar,7,30,45,0,82,0,3,147,0,150,7,33,192,0,232,136,0,136,368
03/22/2020,BFI,WA,ANM,WE,Towers with Radar,3,13,38,0,54,0,2,166,1,169,3,15,204,1,223,208,0,208,431
03/23/2020,BFI,WA,ANM,WE,Towers with Radar,15,26,41,0,82,0,4,32,0,36,15,30,73,0,118,52,0,52,170
03/24/2020,BFI,WA,ANM,WE,Towers with Radar,28,17,19,0,64,0,3,64,0,67,28,20,83,0,131,188,0,188,319
03/25/2020,BFI,WA,ANM,WE,Towers with Radar,26,11,25,2,64,0,13,54,0,67,26,24,79,2,131,136,0,136,267
03/26/2020,BFI,WA,ANM,WE,Towers with Radar,20,22,27,0,69,0,9,36,0,45,20,31,63,0,114,100,0,100,214
03/27/2020,BFI,WA,ANM,WE,Towers with Radar,14,25,13,0,52,0,2,37,0,39,14,27,50,0,91,178,0,178,269
03/28/2020,BFI,WA,ANM,WE,Towers with Radar,6,14,16,0,36,0,1,26,0,27,6,15,42,0,63,66,0,66,129
03/29/2020,BFI,WA,ANM,WE,Towers with Radar,3,10,27,0,40,0,0,29,0,29,3,10,56,0,69,14,2,16,85
03/30/2020,BFI,WA,ANM,WE,Towers with Radar,8,23,19,0,50,0,2,13,0,15,8,25,32,0,65,0,0,0,65
03/31/2020,BFI,WA,ANM,WE,Towers with Radar,22,17,11,0,50,0,7,57,0,64,22,24,68,0,114,56,0,56,170
04/01/2020,BFI,WA,ANM,WE,Towers with Radar,20,13,20,2,55,0,3,69,0,72,20,16,89,2,127,48,2,50,177
04/02/2020,BFI,WA,ANM,WE,Towers with Radar,21,21,28,0,70,0,6,91,0,97,21,27,119,0,167,172,0,172,339
04/03/2020,BFI,WA,ANM,WE,Towers with Radar,10,14,28,0,52,0,2,29,1,32,10,16,57,1,84,36,0,36,120
04/04/2020,BFI,WA,ANM,WE,Towers with Radar,3,11,18,0,32,0,3,87,0,90,3,14,105,0,122,94,0,94,216
04/05/2020,BFI,WA,ANM,WE,Towers with Radar,2,11,24,0,37,0,3,61,0,64,2,14,85,0,101,72,0,72,173
04/06/2020,BFI,WA,ANM,WE,Towers with Radar,6,14,23,0,43,0,7,97,0,104,6,21,120,0,147,60,0,60,207
04/07/2020,BFI,WA,ANM,WE,Towers with Radar,18,12,21,0,51,0,14,100,24,138,18,26,121,24,189,132,0,132,321
04/08/2020,BFI,WA,ANM,WE,Towers with Radar,18,10,20,0,48,0,8,135,0,143,18,18,155,0,191,122,0,122,313
04/09/2020,BFI,WA,ANM,WE,Towers with Radar,18,18,38,0,74,0,20,193,0,213,18,38,231,0,287,243,0,243,530
04/10/2020,BFI,WA,ANM,WE,Towers with Radar,9,21,26,1,57,0,8,112,1,121,9,29,138,2,178,118,0,118,296
04/11/2020,BFI,WA,ANM,WE,Towers with Radar,3,25,23,0,51,0,1,57,0,58,3,26,80,0,109,82,0,82,191
04/12/2020,BFI,WA,ANM,WE,Towers with Radar,2,11,27,0,40,0,4,89,0,93,2,15,116,0,133,56,0,56,189
04/13/2020,BFI,WA,ANM,WE,Towers with Radar,6,8,18,0,32,0,8,114,0,122,6,16,132,0,154,16,0,16,170
04/14/2020,BFI,WA,ANM,WE,Towers with Radar,19,16,15,0,50,0,18,103,1,122,19,34,118,1,172,128,10,138,310
04/15/2020,BFI,WA,ANM,WE,Towers with Radar,20,15,32,0,67,0,13,109,1,123,20,28,141,1,190,88,0,88,278
04/16/2020,BFI,WA,ANM,WE,Towers with Radar,25,21,40,2,88,0,7,176,0,183,25,28,216,2,271,160,0,160,431
04/17/2020,BFI,WA,ANM,WE,Towers with Radar,9,20,34,3,66,0,6,154,0,160,9,26,188,3,226,100,2,102,328
04/18/2020,BFI,WA,ANM,WE,Towers with Radar,4,17,26,0,47,0,0,60,0,60,4,17,86,0,107,70,0,70,177
04/19/2020,BFI,WA,ANM,WE,Towers with Radar,2,15,31,0,48,0,2,133,0,135,2,17,164,0,183,264,0,264,447
04/20/2020,BFI,WA,ANM,WE,Towers with Radar,8,22,27,1,58,0,3,120,0,123,8,25,147,1,181,72,0,72,253
04/21/2020,BFI,WA,ANM,WE,Towers with Radar,17,19,33,0,69,0,1,63,1,65,17,20,96,1,134,148,0,148,282
04/22/2020,BFI,WA,ANM,WE,Towers with Radar,18,19,50,0,87,0,0,4,0,4,18,19,54,0,91,22,0,22,113
04/23/2020,BFI,WA,ANM,WE,Towers with Radar,23,12,36,0,71,0,6,36,0,42,23,18,72,0,113,82,0,82,195
04/24/2020,BFI,WA,ANM,WE,Towers with Radar,12,22,33,2,69,0,1,130,0,131,12,23,163,2,200,163,0,163,363
04/25/2020,BFI,WA,ANM,WE,Towers with Radar,3,20,24,0,47,0,3,15,0,18,3,23,39,0,65,28,0,28,93
04/26/2020,BFI,WA,ANM,WE,Towers with Radar,2,14,34,0,50,0,0,116,0,116,2,14,150,0,166,143,0,143,309
04/27/2020,BFI,WA,ANM,WE,Towers with Radar,8,21,20,0,49,0,2,32,0,34,8,23,52,0,83,62,0,62,145
04/28/2020,BFI,WA,ANM,WE,Towers with Radar,22,27,32,0,81,0,1,111,0,112,22,28,143,0,193,172,0,172,365
04/29/2020,BFI,WA,ANM,WE,Towers with Radar,18,22,48,2,90,0,6,109,0,115,18,28,157,2,205,184,4,188,393
04/30/2020,BFI,WA,ANM,WE,Towers with Radar,24,28,35,2,89,0,11,84,0,95,24,39,119,2,184,88,0,88,272
05/01/2020,BFI,WA,ANM,WE,Towers with Radar,13,31,49,1,94,0,6,198,2,206,13,37,247,3,300,224,0,224,524
05/02/2020,BFI,WA,ANM,WE,Towers with Radar,4,30,20,0,54,0,2,42,0,44,4,32,62,0,98,86,0,86,184
05/03/2020,BFI,WA,ANM,WE,Towers with Radar,2,29,24,0,55,0,3,50,0,53,2,32,74,0,108,30,0,30,138
05/04/2020,BFI,WA,ANM,WE,Towers with Radar,16,29,34,1,80,0,8,133,1,142,16,37,167,2,222,134,0,134,356
05/05/2020,BFI,WA,ANM,WE,Towers with Radar,24,20,30,2,76,0,11,169,0,180,24,31,199,2,256,256,0,256,512
05/06/2020,BFI,WA,ANM,WE,Towers with Radar,27,22,46,0,95,0,7,91,0,98,27,29,137,0,193,134,0,134,327
05/07/2020,BFI,WA,ANM,WE,Towers with Radar,23,20,38,1,82,0,7,208,0,215,23,27,246,1,297,186,0,186,483
05/08/2020,BFI,WA,ANM,WE,Towers with Radar,13,31,43,2,89,0,14,183,0,197,13,45,226,2,286,22,1,23,309
05/09/2020,BFI,WA,ANM,WE,Towers with Radar,7,25,36,4,72,0,9,141,0,150,7,34,177,4,222,122,0,122,344
05/10/2020,BFI,WA,ANM,WE,Towers with Radar,2,17,24,0,43,0,16,138,0,154,2,33,162,0,197,156,0,156,353
05/11/2020,BFI,WA,ANM,WE,Towers with Radar,6,29,37,1,73,0,7,82,2,91,6,36,119,3,164,44,0,44,208
05/12/2020,BFI,WA,ANM,WE,Towers with Radar,24,20,31,2,77,0,3,57,0,60,24,23,88,2,137,145,0,145,282
05/13/2020,BFI,WA,ANM,WE,Towers with Radar,25,21,47,2,95,0,2,106,0,108,25,23,153,2,203,144,2,146,349
05/14/2020,BFI,WA,ANM,WE,Towers with Radar,23,28,62,1,114,0,7,120,0,127,23,35,182,1,241,230,0,230,471
05/15/2020,BFI,WA,ANM,WE,Towers with Radar,15,26,55,2,98,0,6,224,3,233,15,32,279,5,331,262,8,270,601
05/16/2020,BFI,WA,ANM,WE,Towers with Radar,4,19,24,0,47,0,2,90,0,92,4,21,114,0,139,224,0,224,363
05/17/2020,BFI,WA,ANM,WE,Towers with Radar,4,29,28,0,61,0,2,129,2,133,4,31,157,2,194,116,0,116,310
05/18/2020,BFI,WA,ANM,WE,Towers with Radar,9,38,58,0,105,0,7,134,0,141,9,45,192,0,246,104,0,104,350
05/19/2020,BFI,WA,ANM,WE,Towers with Radar,18,25,54,0,97,0,4,99,0,103,18,29,153,0,200,180,0,180,380
05/20/2020,BFI,WA,ANM,WE,Towers with Radar,22,44,66,1,133,0,5,65,0,70,22,49,131,1,203,148,0,148,351
05/21/2020,BFI,WA,ANM,WE,Towers with Radar,16,26,56,1,99,0,6,38,0,44,16,32,94,1,143,170,0,170,313
05/22/2020,BFI,WA,ANM,WE,Towers with Radar,11,27,51,2,91,0,1,116,0,117,11,28,167,2,208,206,0,206,414
05/23/2020,BFI,WA,ANM,WE,Towers with Radar,4,24,41,0,69,0,0,131,0,131,4,24,172,0,200,234,0,234,434
05/24/2020,BFI,WA,ANM,WE,Towers with Radar,2,20,39,0,61,0,20,117,0,137,2,40,156,0,198,176,0,176,374
05/25/2020,BFI,WA,ANM,WE,Towers with Radar,1,29,62,0,92,0,3,7,0,10,1,32,69,0,102,6,0,6,108
05/26/2020,BFI,WA,ANM,WE,Towers with Radar,12,33,58,0,103,0,3,78,0,81,12,36,136,0,184,141,0,141,325
05/27/2020,BFI,WA,ANM,WE,Towers with Radar,24,34,54,1,113,0,25,190,0,215,24,59,244,1,328,142,0,142,470
05/28/2020,BFI,WA,ANM,WE,Towers with Radar,23,36,53,0,112,0,4,199,0,203,23,40,252,0,315,128,0,128,443
05/29/2020,BFI,WA,ANM,WE,Towers with Radar,11,25,29,4,69,0,7,225,2,234,11,32,254,6,303,148,0,148,451
05/30/2020,BFI,WA,ANM,WE,Towers with Radar,7,21,25,0,53,0,3,10,0,13,7,24,35,0,66,12,0,12,78
05/31/2020,BFI,WA,ANM,WE,Towers with Radar,3,33,46,0,82,0,6,60,0,66,3,39,106,0,148,44,0,44,192
06/01/2020,BFI,WA,ANM,WE,Towers with Radar,7,29,41,0,77,0,10,189,2,201,7,39,230,2,278,178,2,180,458
06/02/2020,BFI,WA,ANM,WE,Towers with Radar,20,29,44,0,93,0,10,159,2,171,20,39,203,2,264,256,2,258,522
06/03/2020,BFI,WA,ANM,WE,Towers with Radar,16,42,50,0,108,0,13,148,0,161,16,55,198,0,269,230,0,230,499
06/04/2020,BFI,WA,ANM,WE,Towers with Radar,19,33,53,0,105,0,6,199,1,206,19,39,252,1,311,190,0,190,501
06/05/2020,BFI,WA,ANM,WE,Towers with Radar,14,36,64,1,115,0,6,196,0,202,14,42,260,1,317,178,0,178,495
06/06/2020,BFI,WA,ANM,WE,Towers with Radar,7,23,29,0,59,0,1,79,0,80,7,24,108,0,139,162,0,162,301
06/07/2020,BFI,WA,ANM,WE,Towers with Radar,4,30,44,0,78,0,3,43,0,46,4,33,87,0,124,137,0,137,261
06/08/2020,BFI,WA,ANM,WE,Towers with Radar,10,21,53,3,87,0,6,63,0,69,10,27,116,3,156,70,0,70,226
06/09/2020,BFI,WA,ANM,WE,Towers with Radar,22,39,63,0,124,0,3,7,0,10,22,42,70,0,134,0,0,0,134
06/10/2020,BFI,WA,ANM,WE,Towers with Radar,18,34,61,1,114,0,10,82,0,92,18,44,143,1,206,159,0,159,365
06/11/2020,BFI,WA,ANM,WE,Towers with Radar,23,34,61,1,119,0,3,78,0,81,23,37,139,1,200,260,0,260,460
06/12/2020,BFI,WA,ANM,WE,Towers with Radar,16,34,65,1,116,0,3,125,0,128,16,37,190,1,244,300,0,300,544
06/13/2020,BFI,WA,ANM,WE,Towers with Radar,8,34,39,0,81,0,9,77,0,86,8,43,116,0,167,68,0,68,235
06/14/2020,BFI,WA,ANM,WE,Towers with Radar,5,36,56,0,97,0,2,171,0,173,5,38,227,0,270,234,0,234,504
06/15/2020,BFI,WA,ANM,WE,Towers with Radar,11,41,67,0,119,0,11,33,0,44,11,52,100,0,163,34,0,34,197
06/16/2020,BFI,WA,ANM,WE,Towers with Radar,26,40,37,0,103,0,5,141,0,146,26,45,178,0,249,202,2,204,453
06/17/2020,BFI,WA,ANM,WE,Towers with Radar,19,41,60,0,120,0,6,191,0,197,19,47,251,0,317,140,2,142,459
06/18/2020,BFI,WA,ANM,WE,Towers with Radar,23,44,47,1,115,0,14,253,2,269,23,58,300,3,384,190,0,190,574
06/19/2020,BFI,WA,ANM,WE,Towers with Radar,14,40,48,0,102,0,14,227,1,242,14,54,275,1,344,240,2,242,586
06/20/2020,BFI,WA,ANM,WE,Towers with Radar,4,26,42,0,72,0,9,71,0,80,4,35,113,0,152,92,0,92,244
06/21/2020,BFI,WA,ANM,WE,Towers with Radar,4,34,61,2,101,0,6,115,0,121,4,40,176,2,222,202,0,202,424
06/22/2020,BFI,WA,ANM,WE,Towers with Radar,11,33,51,0,95,0,8,178,0,186,11,41,229,0,281,128,0,128,409
06/23/2020,BFI,WA,ANM,WE,Towers with Radar,21,31,55,5,112,0,14,200,1,215,21,45,255,6,327,195,0,195,522
06/24/2020,BFI,WA,ANM,WE,Towers with Radar,24,44,57,1,126,0,5,126,0,131,24,49,183,1,257,327,0,327,584
06/25/2020,BFI,WA,ANM,WE,Towers with Radar,19,52,75,0,146,0,18,204,1,223,19,70,279,1,369,270,0,270,639
06/26/2020,BFI,WA,ANM,WE,Towers with Radar,22,64,66,2,154,1,22,198,0,221,23,86,264,2,375,236,0,236,611
06/27/2020,BFI,WA,ANM,WE,Towers with Radar,8,64,57,0,129,0,7,34,0,41,8,71,91,0,170,24,0,24,194
06/28/2020,BFI,WA,ANM,WE,Towers with Radar,7,49,57,0,113,0,8,138,0,146,7,57,195,0,259,146,0,146,405
06/29/2020,BFI,WA,ANM,WE,Towers with Radar,11,54,64,0,129,0,13,177,1,191,11,67,241,1,320,166,0,166,486
06/30/2020,BFI,WA,ANM,WE,Towers with Radar,24,56,84,5,169,0,4,95,1,100,24,60,179,6,269,154,0,154,423
07/01/2020,BFI,WA,ANM,WE,Towers with Radar,28,56,62,3,149,0,14,117,1,132,28,70,179,4,281,204,0,204,485
07/02/2020,BFI,WA,ANM,WE,Towers with Radar,21,51,92,3,167,0,16,105,1,122,21,67,197,4,289,76,0,76,365
07/03/2020,BFI,WA,ANM,WE,Towers with Radar,9,39,55,0,103,0,19,176,0,195,9,58,231,0,298,222,0,222,520
07/04/2020,BFI,WA,ANM,WE,Towers with Radar,5,22,39,0,66,0,11,98,0,109,5,33,137,0,175,130,0,130,305
07/05/2020,BFI,WA,ANM,WE,Towers with Radar,4,35,57,0,96,0,45,189,1,235,4,80,246,1,331,185,0,185,516
07/06/2020,BFI,WA,ANM,WE,Towers with Radar,9,35,75,0,119,0,30,180,1,211,9,65,255,1,330,130,0,130,460
07/07/2020,BFI,WA,ANM,WE,Towers with Radar,24,36,91,0,151,0,13,70,0,83,24,49,161,0,234,254,0,254,488
07/08/2020,BFI,WA,ANM,WE,Towers with Radar,23,40,84,0,147,0,12,147,1,160,23,52,231,1,307,262,0,262,569
07/09/2020,BFI,WA,ANM,WE,Towers with Radar,19,47,59,0,125,0,9,117,0,126,19,56,176,0,251,248,0,248,499
07/10/2020,BFI,WA,ANM,WE,Towers with Radar,20,41,66,2,129,0,14,199,1,214,20,55,265,3,343,262,0,262,605
07/11/2020,BFI,WA,ANM,WE,Towers with Radar,4,31,52,2,89,0,9,201,0,210,4,40,253,2,299,152,0,152,451
07/12/2020,BFI,WA,ANM,WE,Towers with Radar,4,38,69,0,111,0,11,104,0,115,4,49,173,0,226,68,0,68,294
07/13/2020,BFI,WA,ANM,WE,Towers with Radar,13,50,62,1,126,0,13,158,0,171,13,63,220,1,297,150,0,150,447
07/14/2020,BFI,WA,ANM,WE,Towers with Radar,27,33,54,0,114,0,18,209,3,230,27,51,263,3,344,182,0,182,526
07/15/2020,BFI,WA,ANM,WE,Towers with Radar,25,35,61,0,121,0,12,189,4,205,25,47,250,4,326,182,2,184,510
07/16/2020,BFI,WA,ANM,WE,Towers with Radar,21,55,60,3,139,0,32,178,3,213,21,87,238,6,352,230,0,230,582
07/17/2020,BFI,WA,ANM,WE,Towers with Radar,12,57,75,0,144,0,11,104,0,115,12,68,179,0,259,62,0,62,321
07/18/2020,BFI,WA,ANM,WE,Towers with Radar,4,44,62,0,110,0,21,239,0,260,4,65,301,0,370,244,0,244,614
07/19/2020,BFI,WA,ANM,WE,Towers with Radar,3,32,62,0,97,0,19,187,0,206,3,51,249,0,303,120,0,120,423
07/20/2020,BFI,WA,ANM,WE,Towers with Radar,8,42,62,0,112,0,24,155,0,179,8,66,217,0,291,200,0,200,491
07/21/2020,BFI,WA,ANM,WE,Towers with Radar,22,32,77,0,131,0,30,244,0,274,22,62,321,0,405,300,0,300,705
07/22/2020,BFI,WA,ANM,WE,Towers with Radar,18,60,84,3,165,0,13,73,0,86,18,73,157,3,251,222,0,222,473
07/23/2020,BFI,WA,ANM,WE,Towers with Radar,17,40,79,2,138,0,15,105,0,120,17,55,184,2,258,200,2,202,460
07/24/2020,BFI,WA,ANM,WE,Towers with Radar,17,51,67,2,137,0,34,115,0,149,17,85,182,2,286,324,0,324,610
07/25/2020,BFI,WA,ANM,WE,Towers with Radar,4,44,39,1,88,0,34,267,0,301,4,78,306,1,389,118,0,118,507
07/26/2020,BFI,WA,ANM,WE,Towers with Radar,10,37,62,1,110,0,29,161,1,191,10,66,223,2,301,68,0,68,369
07/27/2020,BFI,WA,ANM,WE,Towers with Radar,14,42,55,1,112,0,10,155,0,165,14,52,210,1,277,112,2,114,391
07/28/2020,BFI,WA,ANM,WE,Towers with Radar,26,33,58,2,119,0,21,161,1,183,26,54,219,3,302,200,0,200,502
07/29/2020,BFI,WA,ANM,WE,Towers with Radar,25,37,74,1,137,0,20,285,3,308,25,57,359,4,445,328,0,328,773
07/30/2020,BFI,WA,ANM,WE,Towers with Radar,26,46,76,0,148,0,20,231,2,253,26,66,307,2,401,200,0,200,601
07/31/2020,BFI,WA,ANM,WE,Towers with Radar,18,36,75,3,132,0,18,272,1,291,18,54,347,4,423,212,0,212,635
08/01/2020,BFI,WA,ANM,WE,Towers with Radar,8,57,64,2,131,0,6,108,0,114,8,63,172,2,245,152,0,152,397
08/02/2020,BFI,WA,ANM,WE,Towers with Radar,7,51,71,2,131,0,19,162,0,181,7,70,233,2,312,78,0,78,390
08/03/2020,BFI,WA,ANM,WE,Towers with Radar,18,57,74,2,151,0,16,102,0,118,18,73,176,2,269,159,0,159,428
08/04/2020,BFI,WA,ANM,WE,Towers with Radar,27,39,51,4,121,0,19,160,1,180,27,58,211,5,301,152,0,152,453
08/05/2020,BFI,WA,ANM,WE,Towers with Radar,27,34,72,1,134,0,14,209,1,224,27,48,281,2,358,176,0,176,534
08/06/2020,BFI,WA,ANM,WE,Towers with Radar,26,50,72,11,159,0,11,73,0,84,26,61,145,11,243,114,0,114,357
08/07/2020,BFI,WA,ANM,WE,Towers with Radar,16,36,58,4,114,0,15,185,0,200,16,51,243,4,314,200,0,200,514
08/08/2020,BFI,WA,ANM,WE,Towers with Radar,3,55,74,0,132,0,4,80,2,86,3,59,154,2,218,58,0,58,276
08/09/2020,BFI,WA,ANM,WE,Towers with Radar,8,41,46,2,97,0,27,249,0,276,8,68,295,2,373,122,2,124,497
08/10/2020,BFI,WA,ANM,WE,Towers with Radar,9,32,65,1,107,0,23,150,1,174,9,55,215,2,281,84,0,84,365
08/11/2020,BFI,WA,ANM,WE,Towers with Radar,26,38,54,4,122,0,20,131,1,152,26,58,185,5,274,187,0,187,461
08/12/2020,BFI,WA,ANM,WE,Towers with Radar,27,49,86,2,164,0,23,128,2,153,27,72,214,4,317,230,0,230,547
08/13/2020,BFI,WA,ANM,WE,Towers with Radar,16,38,59,1,114,0,18,170,0,188,16,56,229,1,302,179,0,179,481
08/14/2020,BFI,WA,ANM,WE,Towers with Radar,22,51,81,1,155,0,20,135,1,156,22,71,216,2,311,120,0,120,431
08/15/2020,BFI,WA,ANM,WE,Towers with Radar,10,42,56,2,110,0,17,162,0,179,10,59,218,2,289,156,0,156,445
08/16/2020,BFI,WA,ANM,WE,Towers with Radar,3,47,60,0,110,0,16,198,0,214,3,63,258,0,324,148,0,148,472
08/17/2020,BFI,WA,ANM,WE,Towers with Radar,10,39,56,0,105,0,14,150,1,165,10,53,206,1,270,178,0,178,448
08/18/2020,BFI,WA,ANM,WE,Towers with Radar,27,43,61,4,135,0,13,154,8,175,27,56,215,12,310,130,0,130,440
08/19/2020,BFI,WA,ANM,WE,Towers with Radar,28,51,71,4,154,0,6,175,1,182,28,57,246,5,336,208,0,208,544
08/20/2020,BFI,WA,ANM,WE,Towers with Radar,34,55,77,4,170,0,9,183,0,192,34,64,260,4,362,88,0,88,450
08/21/2020,BFI,WA,ANM,WE,Towers with Radar,16,63,82,0,161,0,8,92,1,101,16,71,174,1,262,56,0,56,318
08/22/2020,BFI,WA,ANM,WE,Towers with Radar,5,60,61,0,126,0,17,207,0,224,5,77,268,0,350,146,0,146,496
08/23/2020,BFI,WA,ANM,WE,Towers with Radar,11,62,65,0,138,0,23,229,0,252,11,85,294,0,390,65,0,65,455
08/24/2020,BFI,WA,ANM,WE,Towers with Radar,16,53,80,2,151,0,18,163,1,182,16,71,243,3,333,159,0,159,492
08/25/2020,BFI,WA,ANM,WE,Towers with Radar,26,40,65,0,131,0,29,205,4,238,26,69,270,4,369,264,0,264,633
08/26/2020,BFI,WA,ANM,WE,Towers with Radar,30,45,70,4,149,0,25,298,1,324,30,70,368,5,473,318,0,318,791
08/27/2020,BFI,WA,ANM,WE,Towers with Radar,27,40,74,0,141,0,29,316,1,346,27,69,390,1,487,198,0,198,685
08/28/2020,BFI,WA,ANM,WE,Towers with Radar,16,54,71,2,143,0,28,296,4,328,16,82,367,6,471,306,2,308,779
08/29/2020,BFI,WA,ANM,WE,Towers with Radar,9,54,54,1,118,0,18,231,0,249,9,72,285,1,367,166,0,166,533
08/30/2020,BFI,WA,ANM,WE,Towers with Radar,9,39,67,0,115,0,21,201,0,222,9,60,268,0,337,106,0,106,443
08/31/2020,BFI,WA,ANM,WE,Towers with Radar,13,39,50,0,102,0,8,128,0,136,13,47,178,0,238,76,0,76,314
09/01/2020,BFI,WA,ANM,WE,Towers with Radar,24,48,57,1,130,0,24,268,1,293,24,72,325,2,423,292,0,292,715
09/02/2020,BFI,WA,ANM,WE,Towers with Radar,25,39,63,0,127,0,23,193,2,218,25,62,256,2,345,206,0,206,551
09/03/2020,BFI,WA,ANM,WE,Towers with Radar,25,58,85,1,169,0,21,210,2,233,25,79,295,3,402,232,0,232,634
09/04/2020,BFI,WA,ANM,WE,Towers with Radar,13,42,60,0,115,0,12,217,0,229,13,54,277,0,344,156,0,156,500
09/05/2020,BFI,WA,ANM,WE,Towers with Radar,3,50,52,0,105,0,4,182,0,186,3,54,234,0,291,182,0,182,473
09/06/2020,BFI,WA,ANM,WE,Towers with Radar,7,34,49,0,90,0,11,150,0,161,7,45,199,0,251,4,0,4,255
09/07/2020,BFI,WA,ANM,WE,Towers with Radar,4,38,66,0,108,0,19,136,0,155,4,57,202,0,263,66,0,66,329
09/08/2020,BFI,WA,ANM,WE,Towers with Radar,14,45,75,3,137,0,24,161,0,185,14,69,236,3,322,190,0,190,512
09/09/2020,BFI,WA,ANM,WE,Towers with Radar,34,51,71,0,156,0,30,203,1,234,34,81,274,1,390,173,0,173,563
09/10/2020,BFI,WA,ANM,WE,Towers with Radar,29,61,86,2,178,0,16,166,0,182,29,77,252,2,360,188,0,188,548
09/11/2020,BFI,WA,ANM,WE,Towers with Radar,11,69,102,3,185,0,2,2,0,4,11,71,104,3,189,4,0,4,193
09/12/2020,BFI,WA,ANM,WE,Towers with Radar,10,46,45,2,103,0,0,0,0,0,10,46,45,2,103,0,0,0,103
09/13/2020,BFI,WA,ANM,WE,Towers with Radar,8,49,64,1,122,0,0,0,0,0,8,49,64,1,122,0,0,0,122
09/14/2020,BFI,WA,ANM,WE,Towers with Radar,12,42,67,2,123,0,0,0,0,0,12,42,67,2,123,0,0,0,123
09/15/2020,BFI,WA,ANM,WE,Towers with Radar,26,44,58,2,130,0,0,1,0,1,26,44,59,2,131,0,0,0,131
09/16/2020,BFI,WA,ANM,WE,Towers with Radar,28,50,65,3,146,0,1,0,0,1,28,51,65,3,147,4,0,4,151
09/17/2020,BFI,WA,ANM,WE,Towers with Radar,30,67,82,3,182,0,2,0,0,2,30,69,82,3,184,0,0,0,184
09/18/2020,BFI,WA,ANM,WE,Towers with Radar,22,73,80,3,178,0,0,2,0,2,22,73,82,3,180,12,0,12,192
09/19/2020,BFI,WA,ANM,WE,Towers with Radar,5,58,70,3,136,0,5,70,0,75,5,63,140,3,211,202,0,202,413
09/20/2020,BFI,WA,ANM,WE,Towers with Radar,14,52,81,0,147,0,17,171,0,188,14,69,252,0,335,58,0,58,393
09/21/2020,BFI,WA,ANM,WE,Towers with Radar,12,50,79,4,145,0,10,205,0,215,12,60,284,4,360,182,0,182,542
09/22/2020,BFI,WA,ANM,WE,Towers with Radar,22,52,70,1,145,0,13,156,1,170,22,65,226,2,315,154,0,154,469
09/23/2020,BFI,WA,ANM,WE,Towers with Radar,26,57,90,2,175,0,2,19,0,21,26,59,109,2,196,82,0,82,278
09/24/2020,BFI,WA,ANM,WE,Towers with Radar,32,62,50,2,146,0,7,53,0,60,32,69,103,2,206,128,0,128,334
09/25/2020,BFI,WA,ANM,WE,Towers with Radar,20,54,62,4,140,0,11,17,0,28,20,65,79,4,168,64,0,64,232
09/26/2020,BFI,WA,ANM,WE,Towers with Radar,4,43,79,0,126,0,2,70,0,72,4,45,149,0,198,123,0,123,321
09/27/2020,BFI,WA,ANM,WE,Towers with Radar,6,45,75,0,126,0,16,233,0,249,6,61,308,0,375,76,0,76,451
09/28/2020,BFI,WA,ANM,WE,Towers with Radar,10,47,72,1,130,0,31,199,0,230,10,78,271,1,360,177,2,179,539
09/29/2020,BFI,WA,ANM,WE,Towers with Radar,18,43,75,3,139,0,26,229,7,262,18,69,304,10,401,258,0,258,659
09/30/2020,BFI,WA,ANM,WE,Towers with Radar,21,45,77,0,143,0,20,177,1,198,21,65,254,1,341,238,0,238,579
10/01/2020,BFI,WA,ANM,WE,Towers with Radar,20,55,88,3,166,0,10,99,0,109,20,65,187,3,275,154,0,154,429
10/02/2020,BFI,WA,ANM,WE,Towers with Radar,18,46,82,3,149,0,10,146,0,156,18,56,228,3,305,166,0,166,471
10/03/2020,BFI,WA,ANM,WE,Towers with Radar,7,52,64,2,125,0,0,0,0,0,7,52,64,2,125,0,0,0,125
10/04/2020,BFI,WA,ANM,WE,Towers with Radar,4,59,76,1,140,0,8,38,0,46,4,67,114,1,186,58,0,58,244
10/05/2020,BFI,WA,ANM,WE,Towers with Radar,12,52,66,0,130,0,14,112,2,128,12,66,178,2,258,91,0,91,349
10/06/2020,BFI,WA,ANM,WE,Towers with Radar,19,39,66,1,125,0,16,191,1,208,19,55,257,2,333,223,0,223,556
10/07/2020,BFI,WA,ANM,WE,Towers with Radar,22,56,116,1,195,0,6,27,0,33,22,62,143,1,228,52,0,52,280
10/08/2020,BFI,WA,ANM,WE,Towers with Radar,28,57,67,0,152,0,7,125,2,134,28,64,192,2,286,284,0,284,570
10/09/2020,BFI,WA,ANM,WE,Towers with Radar,21,62,69,0,152,0,8,139,0,147,21,70,208,0,299,166,0,166,465
10/10/2020,BFI,WA,ANM,WE,Towers with Radar,8,54,28,0,90,0,4,55,0,59,8,58,83,0,149,76,0,76,225
10/11/2020,BFI,WA,ANM,WE,Towers with Radar,8,58,69,0,135,0,1,46,2,49,8,59,115,2,184,114,0,114,298
10/12/2020,BFI,WA,ANM,WE,Towers with Radar,12,56,67,0,135,0,14,124,0,138,12,70,191,0,273,94,0,94,367
10/13/2020,BFI,WA,ANM,WE,Towers with Radar,22,45,66,2,135,0,3,7,0,10,22,48,73,2,145,0,0,0,145
10/14/2020,BFI,WA,ANM,WE,Towers with Radar,31,49,77,2,159,0,19,271,0,290,31,68,348,2,449,302,0,302,751
10/15/2020,BFI,WA,ANM,WE,Towers with Radar,31,46,78,0,155,0,13,232,0,245,31,59,310,0,400,206,0,206,606
10/16/2020,BFI,WA,ANM,WE,Towers with Radar,22,59,66,0,147,0,2,34,0,36,22,61,100,0,183,22,0,22,205
10/17/2020,BFI,WA,ANM,WE,Towers with Radar,6,37,81,1,125,0,5,80,0,85,6,42,161,1,210,212,0,212,422
10/18/2020,BFI,WA,ANM,WE,Towers with Radar,7,46,84,1,138,0,0,17,0,17,7,46,101,1,155,8,0,8,163
10/19/2020,BFI,WA,ANM,WE,Towers with Radar,24,61,60,2,147,0,5,96,0,101,24,66,156,2,248,102,0,102,350
10/20/2020,BFI,WA,ANM,WE,Towers with Radar,24,41,65,1,131,0,6,165,3,174,24,47,230,4,305,326,0,326,631
10/21/2020,BFI,WA,ANM,WE,Towers with Radar,22,40,71,0,133,0,13,121,2,136,22,53,192,2,269,324,1,325,594
10/22/2020,BFI,WA,ANM,WE,Towers with Radar,25,44,79,0,148,0,5,161,2,168,25,49,240,2,316,210,0,210,526
10/23/2020,BFI,WA,ANM,WE,Towers with Radar,19,74,56,0,149,0,4,68,0,72,19,78,124,0,221,162,0,162,383
10/24/2020,BFI,WA,ANM,WE,Towers with Radar,3,34,38,0,75,0,10,234,0,244,3,44,272,0,319,221,0,221,540
10/25/2020,BFI,WA,ANM,WE,Towers with Radar,5,25,59,0,89,0,11,309,1,321,5,36,368,1,410,228,0,228,638
10/26/2020,BFI,WA,ANM,WE,Towers with Radar,9,42,45,0,96,0,7,174,0,181,9,49,219,0,277,186,0,186,463
10/27/2020,BFI,WA,ANM,WE,Towers with Radar,20,45,65,1,131,0,13,153,2,168,20,58,218,3,299,264,0,264,563
10/28/2020,BFI,WA,ANM,WE,Towers with Radar,20,46,97,2,165,0,9,105,0,114,20,55,202,2,279,202,0,202,481
10/29/2020,BFI,WA,ANM,WE,Towers with Radar,19,51,69,4,143,0,6,136,2,144,19,57,205,6,287,234,0,234,521
10/30/2020,BFI,WA,ANM,WE,Towers with Radar,12,46,57,2,117,0,12,150,0,162,12,58,207,2,279,296,0,296,575
10/31/2020,BFI,WA,ANM,WE,Towers with Radar,6,31,45,0,82,0,21,228,0,249,6,52,273,0,331,200,0,200,531
11/01/2020,BFI,WA,ANM,WE,Towers with Radar,6,38,69,1,114,0,18,272,2,292,6,56,341,3,406,14,0,14,420
11/02/2020,BFI,WA,ANM,WE,Towers with Radar,16,45,49,3,113,0,32,172,2,206,16,77,221,5,319,298,0,298,617
11/03/2020,BFI,WA,ANM,WE,Towers with Radar,20,38,52,2,112,0,2,0,0,2,20,40,52,2,114,0,0,0,114
11/04/2020,BFI,WA,ANM,WE,Towers with Radar,26,43,64,1,134,1,5,37,0,43,27,48,101,1,177,187,0,187,364
11/05/2020,BFI,WA,ANM,WE,Towers with Radar,24,55,61,2,142,0,1,44,0,45,24,56,105,2,187,78,0,78,265
11/06/2020,BFI,WA,ANM,WE,Towers with Radar,24,51,60,5,140,0,16,125,0,141,24,67,185,5,281,186,0,186,467
11/07/2020,BFI,WA,ANM,WE,Towers with Radar,6,29,74,1,110,0,10,118,0,128,6,39,192,1,238,330,0,330,568
11/08/2020,BFI,WA,ANM,WE,Towers with Radar,10,49,58,2,119,0,22,238,4,264,10,71,296,6,383,154,0,154,537
11/09/2020,BFI,WA,ANM,WE,Towers with Radar,9,46,55,3,113,0,20,136,0,156,9,66,191,3,269,130,0,130,399
11/10/2020,BFI,WA,ANM,WE,Towers with Radar,18,38,53,1,110,0,4,52,1,57,18,42,105,2,167,170,1,171,338
11/11/2020,BFI,WA,ANM,WE,Towers with Radar,17,59,77,1,154,0,5,197,0,202,17,64,274,1,356,334,1,335,691
11/12/2020,BFI,WA,ANM,WE,Towers with Radar,18,41,71,1,131,0,11,73,0,84,18,52,144,1,215,128,0,128,343
11/13/2020,BFI,WA,ANM,WE,Towers with Radar,19,43,38,0,100,0,6,20,0,26,19,49,58,0,126,14,0,14,140
11/14/2020,BFI,WA,ANM,WE,Towers with Radar,4,47,49,4,104,0,2,95,0,97,4,49,144,4,201,250,0,250,451
11/15/2020,BFI,WA,ANM,WE,Towers with Radar,5,42,46,1,94,0,6,74,0,80,5,48,120,1,174,106,0,106,280
11/16/2020,BFI,WA,ANM,WE,Towers with Radar,14,48,48,2,112,0,3,12,0,15,14,51,60,2,127,30,0,30,157
11/17/2020,BFI,WA,ANM,WE,Towers with Radar,18,41,34,1,94,0,4,33,1,38,18,45,67,2,132,44,0,44,176
11/18/2020,BFI,WA,ANM,WE,Towers with Radar,26,65,56,1,148,0,13,56,2,71,26,78,112,3,219,142,0,142,361
11/19/2020,BFI,WA,ANM,WE,Towers with Radar,26,56,51,1,134,0,7,91,0,98,26,63,142,1,232,164,0,164,396
11/20/2020,BFI,WA,ANM,WE,Towers with Radar,20,59,90,0,169,0,7,142,0,149,20,66,232,0,318,186,0,186,504
11/21/2020,BFI,WA,ANM,WE,Towers with Radar,8,54,76,0,138,0,7,241,0,248,8,61,317,0,386,214,0,214,600
11/22/2020,BFI,WA,ANM,WE,Towers with Radar,4,49,47,0,100,0,6,137,0,143,4,55,184,0,243,266,2,268,511
11/23/2020,BFI,WA,ANM,WE,Towers with Radar,15,45,35,0,95,0,2,46,0,48,15,47,81,0,143,106,0,106,249
11/24/2020,BFI,WA,ANM,WE,Towers with Radar,36,50,69,0,155,0,4,36,3,43,36,54,105,3,198,124,0,124,322
11/25/2020,BFI,WA,ANM,WE,Towers with Radar,34,34,53,0,121,0,1,123,0,124,34,35,176,0,245,184,0,184,429
11/26/2020,BFI,WA,ANM,WE,Towers with Radar,3,13,17,0,33,0,2,17,0,19,3,15,34,0,52,28,0,28,80
11/27/2020,BFI,WA,ANM,WE,Towers with Radar,10,34,46,0,90,0,5,135,0,140,10,39,181,0,230,114,0,114,344
11/28/2020,BFI,WA,ANM,WE,Towers with Radar,10,38,77,1,126,0,0,57,0,57,10,38,134,1,183,134,0,134,317
11/29/2020,BFI,WA,ANM,WE,Towers with Radar,6,33,44,1,84,0,1,0,0,1,6,34,44,1,85,0,0,0,85
11/30/2020,BFI,WA,ANM,WE,Towers with Radar,20,51,37,0,108,0,7,49,0,56,20,58,86,0,164,40,0,40,204
12/01/2020,BFI,WA,ANM,WE,Towers with Radar,42,44,52,1,139,0,19,184,5,208,42,63,236,6,347,148,0,148,495
12/02/2020,BFI,WA,ANM,WE,Towers with Radar,42,40,52,1,135,0,16,214,4,234,42,56,266,5,369,224,0,224,593
12/03/2020,BFI,WA,ANM,WE,Towers with Radar,37,46,37,1,121,0,9,179,2,190,37,55,216,3,311,208,0,208,519
12/04/2020,BFI,WA,ANM,WE,Towers with Radar,27,40,47,0,114,0,18,165,7,190,27,58,212,7,304,243,6,249,553
12/05/2020,BFI,WA,ANM,WE,Towers with Radar,11,31,38,0,80,0,13,243,0,256,11,44,281,0,336,258,0,258,594
12/06/2020,BFI,WA,ANM,WE,Towers with Radar,7,38,42,0,87,0,0,120,0,120,7,38,162,0,207,46,0,46,253
12/07/2020,BFI,WA,ANM,WE,Towers with Radar,21,39,38,0,98,0,7,116,2,125,21,46,154,2,223,78,0,78,301
12/08/2020,BFI,WA,ANM,WE,Towers with Radar,48,47,58,0,153,0,0,0,0,0,48,47,58,0,153,0,0,0,153
12/09/2020,BFI,WA,ANM,WE,Towers with Radar,31,48,62,1,142,0,3,62,2,67,31,51,124,3,209,122,0,122,331
12/10/2020,BFI,WA,ANM,WE,Towers with Radar,33,46,52,3,134,0,42,32,0,74,33,88,84,3,208,146,0,146,354
12/11/2020,BFI,WA,ANM,WE,Towers with Radar,20,46,58,5,129,0,6,91,2,99,20,52,149,7,228,228,0,228,456
12/12/2020,BFI,WA,ANM,WE,Towers with Radar,16,42,55,3,116,0,7,141,0,148,16,49,196,3,264,150,0,150,414
12/13/2020,BFI,WA,ANM,WE,Towers with Radar,7,44,45,2,98,0,4,48,0,52,7,48,93,2,150,112,0,112,262
12/14/2020,BFI,WA,ANM,WE,Towers with Radar,24,50,48,1,123,0,3,47,2,52,24,53,95,3,175,80,0,80,255
12/15/2020,BFI,WA,ANM,WE,Towers with Radar,45,48,29,0,122,0,3,21,4,28,45,51,50,4,150,85,0,85,235
12/16/2020,BFI,WA,ANM,WE,Towers with Radar,52,61,54,2,169,0,6,81,0,87,52,67,135,2,256,236,0,236,492
12/17/2020,BFI,WA,ANM,WE,Towers with Radar,50,54,80,0,184,0,23,106,0,129,50,77,186,0,313,118,0,118,431
12/18/2020,BFI,WA,ANM,WE,Towers with Radar,54,40,64,1,159,0,17,60,0,77,54,57,124,1,236,172,0,172,408
12/19/2020,BFI,WA,ANM,WE,Towers with Radar,48,50,61,0,159,0,3,63,0,66,48,53,124,0,225,98,0,98,323
12/20/2020,BFI,WA,ANM,WE,Towers with Radar,44,51,52,0,147,0,2,94,0,96,44,53,146,0,243,232,0,232,475
12/21/2020,BFI,WA,ANM,WE,Towers with Radar,60,45,48,0,153,0,0,2,0,2,60,45,50,0,155,4,0,4,159
12/22/2020,BFI,WA,ANM,WE,Towers with Radar,56,50,67,0,173,0,38,148,3,189,56,88,215,3,362,308,0,308,670
12/23/2020,BFI,WA,ANM,WE,Towers with Radar,53,56,82,0,191,0,16,181,2,199,53,72,263,2,390,148,0,148,538
12/24/2020,BFI,WA,ANM,WE,Towers with Radar,30,39,34,1,104,0,3,79,4,86,30,42,113,5,190,56,0,56,246
12/25/2020,BFI,WA,ANM,WE,Towers with Radar,0,19,17,0,36,0,2,6,0,8,0,21,23,0,44,2,0,2,46
12/26/2020,BFI,WA,ANM,WE,Towers with Radar,6,49,54,0,109,0,4,27,0,31,6,53,81,0,140,12,0,12,152
12/27/2020,BFI,WA,ANM,WE,Towers with Radar,13,31,70,0,114,0,3,90,0,93,13,34,160,0,207,80,0,80,287
12/28/2020,BFI,WA,ANM,WE,Towers with Radar,17,54,44,0,115,0,10,197,4,211,17,64,241,4,326,166,0,166,492
12/29/2020,BFI,WA,ANM,WE,Towers with Radar,37,68,54,0,159,0,5,140,6,151,37,73,194,6,310,234,0,234,544
12/30/2020,BFI,WA,ANM,WE,Towers with Radar,28,47,64,0,139,0,5,34,3,42,28,52,98,3,181,164,0,164,345
12/31/2020,BFI,WA,ANM,WE,Towers with Radar,19,48,57,0,124,0,1,44,0,45,19,49,101,0,169,36,0,36,205
01/01/2021,BFI,WA,ANM,WE,Towers with Radar,0,37,36,0,73,0,0,14,0,14,0,37,50,0,87,10,0,10,97
01/02/2021,BFI,WA,ANM,WE,Towers with Radar,5,46,45,0,96,0,4,10,0,14,5,50,55,0,110,10,0,10,120
01/03/2021,BFI,WA,ANM,WE,Towers with Radar,5,48,64,1,118,0,8,50,0,58,5,56,114,1,176,124,0,124,300
01/04/2021,BFI,WA,ANM,WE,Towers with Radar,15,58,57,1,131,0,9,43,2,54,15,67,100,3,185,60,0,60,245
01/05/2021,BFI,WA,ANM,WE,Towers with Radar,32,54,52,0,138,0,5,39,2,46,32,59,91,2,184,46,0,46,230
01/06/2021,BFI,WA,ANM,WE,Towers with Radar,28,46,70,1,145,0,11,116,6,133,28,57,186,7,278,214,0,214,492
01/07/2021,BFI,WA,ANM,WE,Towers with Radar,35,61,48,1,145,0,1,189,4,194,35,62,237,5,339,204,0,204,543
01/08/2021,BFI,WA,ANM,WE,Towers with Radar,25,44,48,0,117,0,2,21,0,23,25,46,69,0,140,38,0,38,178
01/09/2021,BFI,WA,ANM,WE,Towers with Radar,14,35,44,0,93,0,6,142,0,148,14,41,186,0,241,12,0,12,253
01/10/2021,BFI,WA,ANM,WE,Towers with Radar,4,42,55,1,102,0,2,122,0,124,4,44,177,1,226,262,0,262,488
01/11/2021,BFI,WA,ANM,WE,Towers with Radar,9,48,46,2,105,0,3,19,0,22,9,51,65,2,127,58,0,58,185
01/12/2021,BFI,WA,ANM,WE,Towers with Radar,33,53,55,0,141,0,8,7,0,15,33,61,62,0,156,26,0,26,182
01/13/2021,BFI,WA,ANM,WE,Towers with Radar,19,44,58,1,122,0,6,155,1,162,19,50,213,2,284,178,0,178,462
01/14/2021,BFI,WA,ANM,WE,Towers with Radar,26,55,75,4,160,0,12,200,1,213,26,67,275,5,373,158,0,158,531
01/15/2021,BFI,WA,ANM,WE,Towers with Radar,15,58,77,1,151,0,3,119,0,122,15,61,196,1,273,264,0,264,537
01/16/2021,BFI,WA,ANM,WE,Towers with Radar,7,37,54,1,99,0,2,140,0,142,7,39,194,1,241,148,0,148,389
01/17/2021,BFI,WA,ANM,WE,Towers with Radar,9,32,48,1,90,0,0,44,0,44,9,32,92,1,134,228,0,228,362
01/18/2021,BFI,WA,ANM,WE,Towers with Radar,17,39,76,0,132,0,15,145,0,160,17,54,221,0,292,262,0,262,554
01/19/2021,BFI,WA,ANM,WE,Towers with Radar,31,42,77,0,150,0,15,55,0,70,31,57,132,0,220,28,0,28,248
01/20/2021,BFI,WA,ANM,WE,Towers with Radar,29,36,61,0,126,0,6,120,0,126,29,42,181,0,252,176,0,176,428
01/21/2021,BFI,WA,ANM,WE,Towers with Radar,35,38,53,3,129,0,8,71,0,79,35,46,124,3,208,226,0,226,434
01/22/2021,BFI,WA,ANM,WE,Towers with Radar,26,45,67,0,138,0,12,254,1,267,26,57,321,1,405,154,0,154,559
01/23/2021,BFI,WA,ANM,WE,Towers with Radar,13,38,52,0,103,0,10,247,0,257,13,48,299,0,360,238,0,238,598
01/24/2021,BFI,WA,ANM,WE,Towers with Radar,8,38,38,0,84,0,0,57,0,57,8,38,95,0,141,154,0,154,295
01/25/2021,BFI,WA,ANM,WE,Towers with Radar,12,47,67,0,126,0,7,91,0,98,12,54,158,0,224,200,0,200,424
01/26/2021,BFI,WA,ANM,WE,Towers with Radar,32,43,49,2,126,0,14,92,0,106,32,57,141,2,232,114,0,114,346
01/27/2021,BFI,WA,ANM,WE,Towers with Radar,27,40,66,0,133,0,7,110,0,117,27,47,176,0,250,198,0,198,448
01/28/2021,BFI,WA,ANM,WE,Towers with Radar,29,43,48,2,122,0,12,85,0,97,29,55,133,2,219,150,0,150,369
01/29/2021,BFI,WA,ANM,WE,Towers with Radar,25,39,70,0,134,0,3,83,0,86,25,42,153,0,220,134,0,134,354
01/30/2021,BFI,WA,ANM,WE,Towers with Radar,4,44,57,0,105,0,4,137,2,143,4,48,194,2,248,237,0,237,485
01/31/2021,BFI,WA,ANM,WE,Towers with Radar,10,38,63,0,111,0,1,32,0,33,10,39,95,0,144,82,0,82,226
02/01/2021,BFI,WA,ANM,WE,Towers with Radar,15,32,42,2,91,0,1,43,0,44,15,33,85,2,135,92,0,92,227
02/02/2021,BFI,WA,ANM,WE,Towers with Radar,27,36,42,1,106,0,0,10,0,10,27,36,52,1,116,6,0,6,122
02/03/2021,BFI,WA,ANM,WE,Towers with Radar,27,35,59,1,122,0,6,158,0,164,27,41,217,1,286,240,0,240,526
02/04/2021,BFI,WA,ANM,WE,Towers with Radar,32,37,40,0,109,0,0,28,0,28,32,37,68,0,137,50,1,51,188
02/05/2021,BFI,WA,ANM,WE,Towers with Radar,21,51,60,3,135,0,4,85,0,89,21,55,145,3,224,132,0,132,356
02/06/2021,BFI,WA,ANM,WE,Towers with Radar,4,27,28,1,60,0,7,2,0,9,4,34,30,1,69,0,0,0,69
02/07/2021,BFI,WA,ANM,WE,Towers with Radar,3,39,45,0,87,0,4,121,0,125,3,43,166,0,212,140,0,140,352
02/08/2021,BFI,WA,ANM,WE,Towers with Radar,10,33,50,1,94,0,12,110,0,122,10,45,160,1,216,400,0,400,616
02/09/2021,BFI,WA,ANM,WE,Towers with Radar,31,49,68,2,150,0,12,167,0,179,31,61,235,2,329,234,0,234,563
02/10/2021,BFI,WA,ANM,WE,Towers with Radar,30,50,77,2,159,0,8,130,0,138,30,58,207,2,297,176,0,176,473
02/11/2021,BFI,WA,ANM,WE,Towers with Radar,26,48,54,0,128,0,7,42,0,49,26,55,96,0,177,94,0,94,271
02/12/2021,BFI,WA,ANM,WE,Towers with Radar,16,43,44,0,103,0,7,55,0,62,16,50,99,0,165,114,0,114,279
02/13/2021,BFI,WA,ANM,WE,Towers with Radar,4,29,25,0,58,0,0,0,0,0,4,29,25,0,58,0,0,0,58
02/14/2021,BFI,WA,ANM,WE,Towers with Radar,5,47,38,0,90,0,0,1,0,1,5,47,39,0,91,0,0,0,91
02/15/2021,BFI,WA,ANM,WE,Towers with Radar,9,55,67,1,132,0,0,3,0,3,9,55,70,1,135,6,0,6,141
02/16/2021,BFI,WA,ANM,WE,Towers with Radar,18,38,67,3,126,0,6,82,0,88,18,44,149,3,214,168,0,168,382
02/17/2021,BFI,WA,ANM,WE,Towers with Radar,24,63,81,0,168,0,7,217,3,227,24,70,298,3,395,356,0,356,751
02/18/2021,BFI,WA,ANM,WE,Towers with Radar,21,49,62,0,132,0,11,50,0,61,21,60,112,0,193,192,0,192,385
02/19/2021,BFI,WA,ANM,WE,Towers with Radar,18,55,65,0,138,0,7,95,0,102,18,62,160,0,240,60,0,60,300
02/20/2021,BFI,WA,ANM,WE,Towers with Radar,7,32,42,0,81,0,8,167,1,176,7,40,209,1,257,224,0,224,481
02/21/2021,BFI,WA,ANM,WE,Towers with Radar,10,57,65,1,133,0,2,31,0,33,10,59,96,1,166,44,0,44,210
02/22/2021,BFI,WA,ANM,WE,Towers with Radar,9,42,34,1,86,0,1,1,0,2,9,43,35,1,88,0,0,0,88
02/23/2021,BFI,WA,ANM,WE,Towers with Radar,26,35,60,0,121,0,11,84,0,95,26,46,144,0,216,190,0,190,406
02/24/2021,BFI,WA,ANM,WE,Towers with Radar,26,50,78,2,156,0,16,227,0,243,26,66,305,2,399,256,0,256,655
02/25/2021,BFI,WA,ANM,WE,Towers with Radar,20,64,62,3,149,0,10,38,0,48,20,74,100,3,197,26,0,26,223
02/26/2021,BFI,WA,ANM,WE,Towers with Radar,16,62,64,3,145,0,7,116,0,123,16,69,180,3,268,68,0,68,336
02/27/2021,BFI,WA,ANM,WE,Towers with Radar,7,35,51,0,93,0,13,223,0,236,7,48,274,0,329,272,0,272,601
02/28/2021,BFI,WA,ANM,WE,Towers with Radar,7,50,51,2,110,0,1,75,1,77,7,51,126,3,187,298,0,298,485
03/01/2021,BFI,WA,ANM,WE,Towers with Radar,17,49,48,4,118,0,18,148,0,166,17,67,196,4,284,168,8,176,460
03/02/2021,BFI,WA,ANM,WE,Towers with Radar,28,41,65,5,139,0,13,66,0,79,28,54,131,5,218,174,0,174,392
03/03/2021,BFI,WA,ANM,WE,Towers with Radar,25,46,61,7,139,0,11,208,1,220,25,57,269,8,359,142,0,142,501
03/04/2021,BFI,WA,ANM,WE,Towers with Radar,25,42,67,0,134,0,10,106,2,118,25,52,173,2,252,202,6,208,460
03/05/2021,BFI,WA,ANM,WE,Towers with Radar,23,54,51,1,129,0,5,41,0,46,23,59,92,1,175,78,0,78,253
03/06/2021,BFI,WA,ANM,WE,Towers with Radar,4,36,51,1,92,0,8,99,0,107,4,44,150,1,199,78,0,78,277
03/07/2021,BFI,WA,ANM,WE,Towers with Radar,5,48,46,1,100,0,3,20,2,25,5,51,66,3,125,8,0,8,133
03/08/2021,BFI,WA,ANM,WE,Towers with Radar,9,36,60,1,106,0,11,180,0,191,9,47,240,1,297,208,0,208,505
03/09/2021,BFI,WA,ANM,WE,Towers with Radar,23,50,51,0,124,0,17,161,2,180,23,67,212,2,304,144,4,148,452
03/10/2021,BFI,WA,ANM,WE,Towers with Radar,26,59,82,0,167,0,11,186,0,197,26,70,268,0,364,210,0,210,574
03/11/2021,BFI,WA,ANM,WE,Towers with Radar,33,31,75,1,140,0,19,237,1,257,33,50,312,2,397,140,0,140,537
03/12/2021,BFI,WA,ANM,WE,Towers with Radar,22,49,72,1,144,0,17,232,0,249,22,66,304,1,393,126,0,126,519
03/13/2021,BFI,WA,ANM,WE,Towers with Radar,3,40,50,1,94,0,30,240,0,270,3,70,290,1,364,184,0,184,548
03/14/2021,BFI,WA,ANM,WE,Towers with Radar,6,44,76,0,126,0,21,60,0,81,6,65,136,0,207,156,0,156,363
03/15/2021,BFI,WA,ANM,WE,Towers with Radar,7,48,52,5,112,0,19,133,1,153,7,67,185,6,265,164,0,164,429
03/16/2021,BFI,WA,ANM,WE,Towers with Radar,26,32,54,6,118,0,17,197,0,214,26,49,251,6,332,182,0,182,514
03/17/2021,BFI,WA,ANM,WE,Towers with Radar,23,59,66,4,152,0,14,265,1,280,23,73,331,5,432,237,2,239,671
03/18/2021,BFI,WA,ANM,WE,Towers with Radar,21,51,61,5,138,0,12,97,0,109,21,63,158,5,247,164,0,164,411
03/19/2021,BFI,WA,ANM,WE,Towers with Radar,23,49,61,0,133,0,8,106,0,114,23,57,167,0,247,86,0,86,333
03/20/2021,BFI,WA,ANM,WE,Towers with Radar,8,40,64,0,112,0,7,51,0,58,8,47,115,0,170,228,0,228,398
03/21/2021,BFI,WA,ANM,WE,Towers with Radar,6,42,69,0,117,0,3,42,0,45,6,45,111,0,162,36,0,36,198
03/22/2021,BFI,WA,ANM,WE,Towers with Radar,17,37,51,3,108,0,13,67,0,80,17,50,118,3,188,120,0,120,308
03/23/2021,BFI,WA,ANM,WE,Towers with Radar,26,47,57,7,137,0,19,184,2,205,26,66,241,9,342,254,2,256,598
03/24/2021,BFI,WA,ANM,WE,Towers with Radar,21,46,76,2,145,0,9,16,0,25,21,55,92,2,170,4,0,4,174
03/25/2021,BFI,WA,ANM,WE,Towers with Radar,32,55,73,9,169,0,10,119,0,129,32,65,192,9,298,318,0,318,616
03/26/2021,BFI,WA,ANM,WE,Towers with Radar,26,39,75,5,145,0,11,198,0,209,26,50,273,5,354,344,0,344,698
03/27/2021,BFI,WA,ANM,WE,Towers with Radar,6,41,72,0,119,0,17,214,0,231,6,58,286,0,350,310,0,310,660
03/28/2021,BFI,WA,ANM,WE,Towers with Radar,8,62,54,1,125,0,5,9,2,16,8,67,63,3,141,0,0,0,141
03/29/2021,BFI,WA,ANM,WE,Towers with Radar,13,49,53,1,116,0,6,139,0,145,13,55,192,1,261,188,0,188,449
03/30/2021,BFI,WA,ANM,WE,Towers with Radar,26,47,62,1,136,0,13,165,0,178,26,60,227,1,314,240,0,240,554
03/31/2021,BFI,WA,ANM,WE,Towers with Radar,28,41,60,1,130,0,16,204,0,220,28,57,264,1,350,136,0,136,486
04/01/2021,BFI,WA,ANM,WE,Towers with Radar,30,58,63,5,156,0,15,156,0,171,30,73,219,5,327,128,0,128,455
04/02/2021,BFI,WA,ANM,WE,Towers with Radar,27,65,64,3,159,0,9,171,0,180,27,74,235,3,339,146,0,146,485
04/03/2021,BFI,WA,ANM,WE,Towers with Radar,5,41,68,1,115,0,16,207,0,223,5,57,275,1,338,88,0,88,426
04/04/2021,BFI,WA,ANM,WE,Towers with Radar,6,40,51,0,97,0,22,84,1,107,6,62,135,1,204,132,0,132,336
04/05/2021,BFI,WA,ANM,WE,Towers with Radar,13,55,64,2,134,0,25,206,1,232,13,80,270,3,366,78,0,78,444
04/06/2021,BFI,WA,ANM,WE,Towers with Radar,32,49,69,2,152,0,27,205,0,232,32,76,274,2,384,114,0,114,498
04/07/2021,BFI,WA,ANM,WE,Towers with Radar,30,62,74,1,167,0,7,45,2,54,30,69,119,3,221,16,0,16,237
04/08/2021,BFI,WA,ANM,WE,Towers with Radar,24,52,65,0,141,0,11,190,0,201,24,63,255,0,342,253,0,253,595
04/09/2021,BFI,WA,ANM,WE,Towers with Radar,20,49,72,1,142,0,6,107,0,113,20,55,179,1,255,178,0,178,433
04/10/2021,BFI,WA,ANM,WE,Towers with Radar,9,63,51,1,124,0,7,154,0,161,9,70,205,1,285,141,0,141,426
04/11/2021,BFI,WA,ANM,WE,Towers with Radar,7,38,83,2,130,0,18,274,5,297,7,56,357,7,427,150,0,150,577
04/12/2021,BFI,WA,ANM,WE,Towers with Radar,7,43,49,2,101,0,26,175,5,206,7,69,224,7,307,138,0,138,445
04/13/2021,BFI,WA,ANM,WE,Towers with Radar,27,52,54,0,133,0,26,157,0,183,27,78,211,0,316,76,0,76,392
04/14/2021,BFI,WA,ANM,WE,Towers with Radar,24,41,61,0,126,0,28,188,0,216,24,69,249,0,342,180,12,192,534
04/15/2021,BFI,WA,ANM,WE,Towers with Radar,31,49,86,0,166,0,39,270,0,309,31,88,356,0,475,268,0,268,743
04/16/2021,BFI,WA,ANM,WE,Towers with Radar,16,35,47,3,101,0,11,225,1,237,16,46,272,4,338,204,0,204,542
04/17/2021,BFI,WA,ANM,WE,Towers with Radar,5,40,58,1,104,0,24,299,2,325,5,64,357,3,429,106,0,106,535
04/18/2021,BFI,WA,ANM,WE,Towers with Radar,8,47,66,0,121,0,27,322,3,352,8,74,388,3,473,108,0,108,581
04/19/2021,BFI,WA,ANM,WE,Towers with Radar,14,39,72,1,126,0,19,174,0,193,14,58,246,1,319,164,0,164,483
04/20/2021,BFI,WA,ANM,WE,Towers with Radar,23,48,45,3,119,0,18,227,2,247,23,66,272,5,366,122,4,126,492
04/21/2021,BFI,WA,ANM,WE,Towers with Radar,18,49,74,1,142,0,23,279,1,303,18,72,353,2,445,240,2,242,687
04/22/2021,BFI,WA,ANM,WE,Towers with Radar,18,56,77,2,153,0,21,164,0,185,18,77,241,2,338,388,0,388,726
04/23/2021,BFI,WA,ANM,WE,Towers with Radar,20,48,67,0,135,0,16,174,1,191,20,64,241,1,326,316,0,316,642
04/24/2021,BFI,WA,ANM,WE,Towers with Radar,8,44,48,1,101,0,10,33,0,43,8,54,81,1,144,150,0,150,294
04/25/2021,BFI,WA,ANM,WE,Towers with Radar,8,58,73,4,143,0,9,112,0,121,8,67,185,4,264,262,0,262,526
04/26/2021,BFI,WA,ANM,WE,Towers with Radar,9,41,77,0,127,0,14,153,1,168,9,55,230,1,295,204,0,204,499
04/27/2021,BFI,WA,ANM,WE,Towers with Radar,20,64,67,2,153,0,29,143,2,174,20,93,210,4,327,180,0,180,507
04/28/2021,BFI,WA,ANM,WE,Towers with Radar,16,38,75,5,134,0,16,206,1,223,16,54,281,6,357,198,0,198,555
04/29/2021,BFI,WA,ANM,WE,Towers with Radar,22,46,79,2,149,0,29,180,1,210,22,75,259,3,359,234,0,234,593
04/30/2021,BFI,WA,ANM,WE,Towers with Radar,23,48,73,1,145,0,22,40,0,62,23,70,113,1,207,30,0,30,237
05/01/2021,BFI,WA,ANM,WE,Towers with Radar,4,37,70,0,111,0,15,127,0,142,4,52,197,0,253,176,0,176,429
05/02/2021,BFI,WA,ANM,WE,Towers with Radar,12,40,75,2,129,0,19,213,0,232,12,59,288,2,361,102,0,102,463
05/03/2021,BFI,WA,ANM,WE,Towers with Radar,11,50,66,2,129,0,8,117,2,127,11,58,183,4,256,188,2,190,446
05/04/2021,BFI,WA,ANM,WE,Towers with Radar,25,50,70,2,147,0,17,136,0,153,25,67,206,2,300,162,0,162,462
05/05/2021,BFI,WA,ANM,WE,Towers with Radar,32,43,87,1,163,0,38,163,1,202,32,81,250,2,365,110,0,110,475
05/06/2021,BFI,WA,ANM,WE,Towers with Radar,33,42,71,0,146,0,31,142,0,173,33,73,213,0,319,186,0,186,505
05/07/2021,BFI,WA,ANM,WE,Towers with Radar,18,54,81,3,156,0,12,135,0,147,18,66,216,3,303,188,0,188,491
05/08/2021,BFI,WA,ANM,WE,Towers with Radar,7,41,73,4,125,0,11,177,0,188,7,52,250,4,313,234,0,234,547
05/09/2021,BFI,WA,ANM,WE,Towers with Radar,4,34,56,1,95,0,9,147,0,156,4,43,203,1,251,112,0,112,363
05/10/2021,BFI,WA,ANM,WE,Towers with Radar,9,56,74,4,143,0,25,198,0,223,9,81,272,4,366,92,0,92,458
05/11/2021,BFI,WA,ANM,WE,Towers with Radar,27,33,66,1,127,0,17,176,0,193,27,50,242,1,320,234,0,234,554
05/12/2021,BFI,WA,ANM,WE,Towers with Radar,34,40,75,0,149,0,15,236,0,251,34,55,311,0,400,226,0,226,626
05/13/2021,BFI,WA,ANM,WE,Towers with Radar,28,49,71,4,152,0,20,229,0,249,28,69,300,4,401,163,0,163,564
05/14/2021,BFI,WA,ANM,WE,Towers with Radar,23,45,77,2,147,0,28,217,0,245,23,73,294,2,392,114,16,130,522
05/15/2021,BFI,WA,ANM,WE,Towers with Radar,8,37,40,1,86,0,15,237,0,252,8,52,277,1,338,130,1,131,469
05/16/2021,BFI,WA,ANM,WE,Towers with Radar,10,41,59,3,113,0,20,234,4,258,10,61,293,7,371,126,0,126,497
05/17/2021,BFI,WA,ANM,WE,Towers with Radar,13,56,83,2,154,0,11,54,0,65,13,67,137,2,219,76,0,76,295
05/18/2021,BFI,WA,ANM,WE,Towers with Radar,27,52,60,0,139,0,14,66,0,80,27,66,126,0,219,32,0,32,251
05/19/2021,BFI,WA,ANM,WE,Towers with Radar,22,45,94,0,161,0,10,137,0,147,22,55,231,0,308,174,0,174,482
05/20/2021,BFI,WA,ANM,WE,Towers with Radar,32,64,79,1,176,1,6,155,0,162,33,70,234,1,338,272,0,272,610
05/21/2021,BFI,WA,ANM,WE,Towers with Radar,27,65,104,4,200,0,22,179,0,201,27,87,283,4,401,259,0,259,660
05/22/2021,BFI,WA,ANM,WE,Towers with Radar,5,40,77,2,124,0,27,110,2,139,5,67,187,4,263,170,3,173,436
05/23/2021,BFI,WA,ANM,WE,Towers with Radar,10,65,80,1,156,0,6,66,0,72,10,71,146,1,228,46,0,46,274
05/24/2021,BFI,WA,ANM,WE,Towers with Radar,12,59,78,2,151,0,20,27,0,47,12,79,105,2,198,59,0,59,257
05/25/2021,BFI,WA,ANM,WE,Towers with Radar,32,50,78,1,161,0,11,114,1,126,32,61,192,2,287,328,0,328,615
05/26/2021,BFI,WA,ANM,WE,Towers with Radar,27,72,78,2,179,0,13,216,2,231,27,85,294,4,410,242,0,242,652
05/27/2021,BFI,WA,ANM,WE,Towers with Radar,26,75,69,0,170,0,5,14,0,19,26,80,83,0,189,12,0,12,201
05/28/2021,BFI,WA,ANM,WE,Towers with Radar,25,54,91,0,170,0,15,214,0,229,25,69,305,0,399,294,0,294,693
05/29/2021,BFI,WA,ANM,WE,Towers with Radar,8,30,45,0,83,0,17,213,2,232,8,47,258,2,315,204,0,204,519
05/30/2021,BFI,WA,ANM,WE,Towers with Radar,14,40,41,0,95,0,24,216,4,244,14,64,257,4,339,66,0,66,405
05/31/2021,BFI,WA,ANM,WE,Towers with Radar,1,66,77,0,144,0,36,243,0,279,1,102,320,0,423,128,2,130,553
06/01/2021,BFI,WA,ANM,WE,Towers with Radar,23,38,79,2,142,0,29,184,1,214,23,67,263,3,356,201,0,201,557
06/02/2021,BFI,WA,ANM,WE,Towers with Radar,42,46,70,3,161,0,19,180,4,203,42,65,250,7,364,142,2,144,508
06/03/2021,BFI,WA,ANM,WE,Towers with Radar,32,54,95,1,182,0,35,184,1,220,32,89,279,2,402,344,2,346,748
06/04/2021,BFI,WA,ANM,WE,Towers with Radar,25,63,71,2,161,0,16,154,0,170,25,79,225,2,331,264,0,264,595
06/05/2021,BFI,WA,ANM,WE,Towers with Radar,10,51,48,0,109,0,6,53,0,59,10,57,101,0,168,4,0,4,172
06/06/2021,BFI,WA,ANM,WE,Towers with Radar,4,46,71,1,122,0,8,70,1,79,4,54,141,2,201,220,0,220,421
06/07/2021,BFI,WA,ANM,WE,Towers with Radar,15,67,87,3,172,0,16,170,0,186,15,83,257,3,358,298,0,298,656
06/08/2021,BFI,WA,ANM,WE,Towers with Radar,41,60,60,1,162,0,21,177,0,198,41,81,237,1,360,185,0,185,545
06/09/2021,BFI,WA,ANM,WE,Towers with Radar,32,66,108,0,206,0,22,247,0,269,32,88,355,0,475,256,0,256,731
06/10/2021,BFI,WA,ANM,WE,Towers with Radar,31,81,85,2,199,0,32,184,0,216,31,113,269,2,415,254,0,254,669
06/11/2021,BFI,WA,ANM,WE,Towers with Radar,21,54,73,2,150,0,24,100,0,124,21,78,173,2,274,272,0,272,546
06/12/2021,BFI,WA,ANM,WE,Towers with Radar,10,46,71,0,127,0,28,262,0,290,10,74,333,0,417,250,0,250,667
06/13/2021,BFI,WA,ANM,WE,Towers with Radar,7,57,81,0,145,0,5,45,0,50,7,62,126,0,195,124,0,124,319
06/14/2021,BFI,WA,ANM,WE,Towers with Radar,20,66,59,1,146,0,11,101,4,116,20,77,160,5,262,62,0,62,324
06/15/2021,BFI,WA,ANM,WE,Towers with Radar,26,45,80,1,152,0,24,97,0,121,26,69,177,1,273,152,0,152,425
06/16/2021,BFI,WA,ANM,WE,Towers with Radar,32,72,85,3,192,0,16,209,0,225,32,88,294,3,417,206,0,206,623
06/17/2021,BFI,WA,ANM,WE,Towers with Radar,24,56,84,2,166,0,26,268,2,296,24,82,352,4,462,197,0,197,659
06/18/2021,BFI,WA,ANM,WE,Towers with Radar,26,53,69,1,149,0,30,266,2,298,26,83,335,3,447,144,0,144,591
06/19/2021,BFI,WA,ANM,WE,Towers with Radar,11,46,70,0,127,0,37,198,0,235,11,83,268,0,362,158,0,158,520
06/20/2021,BFI,WA,ANM,WE,Towers with Radar,3,36,52,0,91,0,34,236,0,270,3,70,288,0,361,70,0,70,431
06/21/2021,BFI,WA,ANM,WE,Towers with Radar,13,56,71,2,142,0,32,164,0,196,13,88,235,2,338,271,0,271,609
06/22/2021,BFI,WA,ANM,WE,Towers with Radar,35,46,81,0,162,0,28,174,4,206,35,74,255,4,368,102,0,102,470
06/23/2021,BFI,WA,ANM,WE,Towers with Radar,33,59,94,3,189,0,26,198,0,224,33,85,292,3,413,76,0,76,489
06/24/2021,BFI,WA,ANM,WE,Towers with Radar,34,58,77,4,173,0,41,236,1,278,34,99,313,5,451,108,0,108,559
06/25/2021,BFI,WA,ANM,WE,Towers with Radar,31,55,60,1,147,0,39,224,2,265,31,94,284,3,412,170,4,174,586
06/26/2021,BFI,WA,ANM,WE,Towers with Radar,13,37,61,2,113,0,38,226,4,268,13,75,287,6,381,162,0,162,543
06/27/2021,BFI,WA,ANM,WE,Towers with Radar,8,47,63,1,119,0,34,182,0,216,8,81,245,1,335,82,6,88,423
06/28/2021,BFI,WA,ANM,WE,Towers with Radar,13,43,53,2,111,0,27,91,0,118,13,70,144,2,229,46,0,46,275
06/29/2021,BFI,WA,ANM,WE,Towers with Radar,37,38,84,0,159,0,31,199,0,230,37,69,283,0,389,90,0,90,479
06/30/2021,BFI,WA,ANM,WE,Towers with Radar,26,64,141,2,233,0,49,257,1,307,26,113,398,3,540,386,6,392,932
07/01/2021,BFI,WA,ANM,WE,Towers with Radar,32,80,116,3,231,0,21,202,3,226,32,101,318,6,457,332,4,336,793
07/02/2021,BFI,WA,ANM,WE,Towers with Radar,22,61,96,2,181,0,26,225,0,251,22,87,321,2,432,273,0,273,705
07/03/2021,BFI,WA,ANM,WE,Towers with Radar,11,37,58,1,107,0,34,215,0,249,11,71,273,1,356,222,0,222,578
07/04/2021,BFI,WA,ANM,WE,Towers with Radar,5,37,27,1,70,0,12,90,4,106,5,49,117,5,176,4,0,4,180
07/05/2021,BFI,WA,ANM,WE,Towers with Radar,6,67,101,0,174,0,24,209,0,233,6,91,310,0,407,110,0,110,517
07/06/2021,BFI,WA,ANM,WE,Towers with Radar,15,90,113,1,219,0,16,183,0,199,15,106,296,1,418,94,0,94,512
07/07/2021,BFI,WA,ANM,WE,Towers with Radar,35,72,90,1,198,0,23,98,1,122,35,95,188,2,320,128,0,128,448
07/08/2021,BFI,WA,ANM,WE,Towers with Radar,29,68,90,1,188,0,27,217,0,244,29,95,307,1,432,216,0,216,648
07/09/2021,BFI,WA,ANM,WE,Towers with Radar,30,71,70,3,174,0,27,237,0,264,30,98,307,3,438,212,0,212,650
07/10/2021,BFI,WA,ANM,WE,Towers with Radar,8,56,61,1,126,0,58,251,1,310,8,114,312,2,436,258,0,258,694
07/11/2021,BFI,WA,ANM,WE,Towers with Radar,5,43,85,0,133,0,32,228,0,260,5,75,313,0,393,88,0,88,481
07/12/2021,BFI,WA,ANM,WE,Towers with Radar,16,61,82,0,159,0,22,238,0,260,16,83,320,0,419,290,0,290,709
07/13/2021,BFI,WA,ANM,WE,Towers with Radar,28,61,92,4,185,0,20,134,1,155,28,81,226,5,340,286,0,286,626
07/14/2021,BFI,WA,ANM,WE,Towers with Radar,28,78,100,5,211,0,22,169,0,191,28,100,269,5,402,196,0,196,598
07/15/2021,BFI,WA,ANM,WE,Towers with Radar,31,77,104,6,218,0,14,143,4,161,31,91,247,10,379,218,0,218,597
07/16/2021,BFI,WA,ANM,WE,Towers with Radar,28,67,126,1,222,0,16,136,0,152,28,83,262,1,374,256,0,256,630
07/17/2021,BFI,WA,ANM,WE,Towers with Radar,8,47,80,1,136,0,23,227,0,250,8,70,307,1,386,194,0,194,580
07/18/2021,BFI,WA,ANM,WE,Towers with Radar,10,60,104,0,174,0,39,326,0,365,10,99,430,0,539,292,0,292,831
07/19/2021,BFI,WA,ANM,WE,Towers with Radar,17,54,63,0,134,0,26,261,1,288,17,80,324,1,422,331,0,331,753
07/20/2021,BFI,WA,ANM,WE,Towers with Radar,35,75,90,2,202,0,30,145,1,176,35,105,235,3,378,344,0,344,722
07/21/2021,BFI,WA,ANM,WE,Towers with Radar,27,63,111,0,201,0,28,230,1,259,27,91,341,1,460,346,6,352,812
07/22/2021,BFI,WA,ANM,WE,Towers with Radar,28,75,95,0,198,0,44,257,0,301,28,119,352,0,499,194,0,194,693
07/23/2021,BFI,WA,ANM,WE,Towers with Radar,25,74,84,0,183,0,63,293,2,358,25,137,377,2,541,188,0,188,729
07/24/2021,BFI,WA,ANM,WE,Towers with Radar,9,46,70,1,126,0,53,368,0,421,9,99,438,1,547,136,0,136,683
07/25/2021,BFI,WA,ANM,WE,Towers with Radar,13,65,99,1,178,0,56,298,4,358,13,121,397,5,536,80,0,80,616
07/26/2021,BFI,WA,ANM,WE,Towers with Radar,23,65,75,0,163,0,59,197,0,256,23,124,272,0,419,148,0,148,567
07/27/2021,BFI,WA,ANM,WE,Towers with Radar,27,46,79,0,152,0,45,214,0,259,27,91,293,0,411,150,2,152,563
07/28/2021,BFI,WA,ANM,WE,Towers with Radar,35,55,97,0,187,0,33,249,1,283,35,88,346,1,470,108,0,108,578
07/29/2021,BFI,WA,ANM,WE,Towers with Radar,34,49,102,1,186,0,55,224,0,279,34,104,326,1,465,170,0,170,635
07/30/2021,BFI,WA,ANM,WE,Towers with Radar,22,63,65,4,154,0,43,259,2,304,22,106,324,6,458,198,16,214,672
07/31/2021,BFI,WA,ANM,WE,Towers with Radar,6,58,59,1,124,0,29,232,0,261,6,87,291,1,385,264,0,264,649
08/01/2021,BFI,WA,ANM,WE,Towers with Radar,6,60,106,1,173,0,30,196,0,226,6,90,302,1,399,224,0,224,623
08/02/2021,BFI,WA,ANM,WE,Towers with Radar,27,66,85,0,178,0,29,131,0,160,27,95,216,0,338,158,0,158,496
08/03/2021,BFI,WA,ANM,WE,Towers with Radar,36,48,57,4,145,0,27,174,2,203,36,75,231,6,348,160,0,160,508
08/04/2021,BFI,WA,ANM,WE,Towers with Radar,45,48,108,4,205,0,47,230,0,277,45,95,338,4,482,174,0,174,656
08/05/2021,BFI,WA,ANM,WE,Towers with Radar,32,79,94,0,205,0,26,251,1,278,32,105,345,1,483,214,0,214,697
08/06/2021,BFI,WA,ANM,WE,Towers with Radar,22,81,128,1,232,0,25,110,0,135,22,106,238,1,367,140,0,140,507
08/07/2021,BFI,WA,ANM,WE,Towers with Radar,10,60,67,1,138,0,18,73,0,91,10,78,140,1,229,80,0,80,309
08/08/2021,BFI,WA,ANM,WE,Towers with Radar,10,74,103,1,188,0,28,178,1,207,10,102,281,2,395,242,0,242,637
08/09/2021,BFI,WA,ANM,WE,Towers with Radar,12,82,98,0,192,0,33,211,0,244,12,115,309,0,436,100,0,100,536
08/10/2021,BFI,WA,ANM,WE,Towers with Radar,31,60,88,0,179,1,44,175,0,220,32,104,263,0,399,130,0,130,529
08/11/2021,BFI,WA,ANM,WE,Towers with Radar,26,69,85,6,186,1,61,182,0,244,27,130,267,6,430,236,0,236,666
08/12/2021,BFI,WA,ANM,WE,Towers with Radar,26,72,103,0,201,0,46,221,0,267,26,118,324,0,468,182,0,182,650
08/13/2021,BFI,WA,ANM,WE,Towers with Radar,25,77,101,0,203,1,59,86,2,148,26,136,187,2,351,182,0,182,533
08/14/2021,BFI,WA,ANM,WE,Towers with Radar,8,58,97,0,163,0,36,138,0,174,8,94,235,0,337,158,0,158,495
08/15/2021,BFI,WA,ANM,WE,Towers with Radar,13,53,94,3,163,0,50,132,2,184,13,103,226,5,347,88,0,88,435
08/16/2021,BFI,WA,ANM,WE,Towers with Radar,20,64,103,5,192,0,12,76,0,88,20,76,179,5,280,136,0,136,416
08/17/2021,BFI,WA,ANM,WE,Towers with Radar,24,72,96,0,192,0,33,111,0,144,24,105,207,0,336,266,0,266,602
08/18/2021,BFI,WA,ANM,WE,Towers with Radar,25,67,90,4,186,0,44,175,1,220,25,111,265,5,406,145,0,145,551
08/19/2021,BFI,WA,ANM,WE,Towers with Radar,26,59,114,1,200,0,52,239,1,292,26,111,353,2,492,170,0,170,662
08/20/2021,BFI,WA,ANM,WE,Towers with Radar,28,62,112,0,202,0,31,137,0,168,28,93,249,0,370,128,0,128,498
08/21/2021,BFI,WA,ANM,WE,Towers with Radar,7,59,101,3,170,0,26,150,0,176,7,85,251,3,346,186,0,186,532
08/22/2021,BFI,WA,ANM,WE,Towers with Radar,9,70,125,1,205,0,7,194,0,201,9,77,319,1,406,172,0,172,578
08/23/2021,BFI,WA,ANM,WE,Towers with Radar,24,55,75,0,154,0,27,168,0,195,24,82,243,0,349,186,0,186,535
08/24/2021,BFI,WA,ANM,WE,Towers with Radar,34,50,89,2,175,0,57,260,1,318,34,107,349,3,493,214,0,214,707
08/25/2021,BFI,WA,ANM,WE,Towers with Radar,26,53,98,0,177,0,36,286,0,322,26,89,384,0,499,308,0,308,807
08/26/2021,BFI,WA,ANM,WE,Towers with Radar,28,100,106,0,234,0,29,131,1,161,28,129,237,1,395,200,0,200,595
08/27/2021,BFI,WA,ANM,WE,Towers with Radar,25,68,111,0,204,0,31,164,1,196,25,99,275,1,400,248,0,248,648
08/28/2021,BFI,WA,ANM,WE,Towers with Radar,10,44,77,1,132,0,33,285,0,318,10,77,362,1,450,22,0,22,472
08/29/2021,BFI,WA,ANM,WE,Towers with Radar,11,75,97,1,184,0,41,299,1,341,11,116,396,2,525,140,0,140,665
08/30/2021,BFI,WA,ANM,WE,Towers with Radar,11,64,90,4,169,0,29,153,1,183,11,93,243,5,352,164,0,164,516
08/31/2021,BFI,WA,ANM,WE,Towers with Radar,33,66,91,3,193,0,36,149,0,185,33,102,240,3,378,136,0,136,514
09/01/2021,BFI,WA,ANM,WE,Towers with Radar,29,70,89,2,190,0,19,245,0,264,29,89,334,2,454,122,0,122,576
09/02/2021,BFI,WA,ANM,WE,Towers with Radar,29,58,111,0,198,0,27,251,0,278,29,85,362,0,476,244,0,244,720
09/03/2021,BFI,WA,ANM,WE,Towers with Radar,29,70,82,0,181,0,28,300,1,329,29,98,382,1,510,244,2,246,756
09/04/2021,BFI,WA,ANM,WE,Towers with Radar,6,44,50,0,100,0,32,192,2,226,6,76,242,2,326,186,0,186,512
09/05/2021,BFI,WA,ANM,WE,Towers with Radar,6,58,72,1,137,0,33,162,2,197,6,91,234,3,334,204,0,204,538
09/06/2021,BFI,WA,ANM,WE,Towers with Radar,3,64,110,0,177,0,34,182,0,216,3,98,292,0,393,96,0,96,489
09/07/2021,BFI,WA,ANM,WE,Towers with Radar,18,57,91,0,166,0,24,182,0,206,18,81,273,0,372,168,0,168,540
09/08/2021,BFI,WA,ANM,WE,Towers with Radar,37,65,88,0,190,0,40,165,1,206,37,105,253,1,396,182,0,182,578
09/09/2021,BFI,WA,ANM,WE,Towers with Radar,28,60,91,2,181,0,37,233,0,270,28,97,324,2,451,282,0,282,733
09/10/2021,BFI,WA,ANM,WE,Towers with Radar,22,94,119,0,235,0,13,121,0,134,22,107,240,0,369,312,0,312,681
09/11/2021,BFI,WA,ANM,WE,Towers with Radar,11,68,89,0,168,0,39,233,2,274,11,107,322,2,442,168,0,168,610
09/12/2021,BFI,WA,ANM,WE,Towers with Radar,10,60,109,1,180,0,28,108,1,137,10,88,217,2,317,0,0,0,317
09/13/2021,BFI,WA,ANM,WE,Towers with Radar,21,46,70,1,138,0,35,203,1,239,21,81,273,2,377,178,0,178,555
09/14/2021,BFI,WA,ANM,WE,Towers with Radar,40,67,62,4,173,0,37,160,0,197,40,104,222,4,370,198,0,198,568
09/15/2021,BFI,WA,ANM,WE,Towers with Radar,34,78,100,3,215,0,34,201,0,235,34,112,301,3,450,92,0,92,542
09/16/2021,BFI,WA,ANM,WE,Towers with Radar,32,52,87,1,172,0,36,267,2,305,32,88,354,3,477,221,0,221,698
09/17/2021,BFI,WA,ANM,WE,Towers with Radar,32,55,72,1,160,0,15,65,0,80,32,70,137,1,240,186,0,186,426
09/18/2021,BFI,WA,ANM,WE,Towers with Radar,7,67,60,1,135,0,23,67,0,90,7,90,127,1,225,36,0,36,261
09/19/2021,BFI,WA,ANM,WE,Towers with Radar,9,99,101,0,209,0,20,52,3,75,9,119,153,3,284,22,0,22,306
09/20/2021,BFI,WA,ANM,WE,Towers with Radar,18,60,71,3,152,0,23,152,0,175,18,83,223,3,327,326,2,328,655
09/21/2021,BFI,WA,ANM,WE,Towers with Radar,35,50,66,1,152,0,44,193,0,237,35,94,259,1,389,264,0,264,653
09/22/2021,BFI,WA,ANM,WE,Towers with Radar,30,67,70,1,168,0,53,173,0,226,30,120,243,1,394,284,0,284,678
09/23/2021,BFI,WA,ANM,WE,Towers with Radar,32,95,112,0,239,0,26,180,0,206,32,121,292,0,445,226,0,226,671
09/24/2021,BFI,WA,ANM,WE,Towers with Radar,39,75,81,0,195,0,32,202,1,235,39,107,283,1,430,174,0,174,604
09/25/2021,BFI,WA,ANM,WE,Towers with Radar,10,44,80,0,134,0,31,299,1,331,10,75,379,1,465,178,0,178,643
09/26/2021,BFI,WA,ANM,WE,Towers with Radar,14,78,105,0,197,0,12,92,0,104,14,90,197,0,301,184,0,184,485
09/27/2021,BFI,WA,ANM,WE,Towers with Radar,20,68,101,1,190,0,17,58,0,75,20,85,159,1,265,96,0,96,361
09/28/2021,BFI,WA,ANM,WE,Towers with Radar,30,75,106,2,213,0,15,72,0,87,30,90,178,2,300,199,0,199,499
09/29/2021,BFI,WA,ANM,WE,Towers with Radar,30,86,91,0,207,0,22,95,0,117,30,108,186,0,324,333,0,333,657
09/30/2021,BFI,WA,ANM,WE,Towers with Radar,39,71,104,1,215,0,7,35,0,42,39,78,139,1,257,54,2,56,313
10/01/2021,BFI,WA,ANM,WE,Towers with Radar,22,53,96,0,171,0,18,242,0,260,22,71,338,0,431,254,0,254,685
10/02/2021,BFI,WA,ANM,WE,Towers with Radar,12,60,72,0,144,0,24,160,0,184,12,84,232,0,328,170,0,170,498
10/03/2021,BFI,WA,ANM,WE,Towers with Radar,10,78,112,0,200,0,18,15,0,33,10,96,127,0,233,0,0,0,233
10/04/2021,BFI,WA,ANM,WE,Towers with Radar,13,62,81,2,158,0,17,114,0,131,13,79,195,2,289,212,0,212,501
10/05/2021,BFI,WA,ANM,WE,Towers with Radar,28,67,101,0,196,0,18,46,0,64,28,85,147,0,260,158,0,158,418
10/06/2021,BFI,WA,ANM,WE,Towers with Radar,27,88,118,3,236,0,20,109,0,129,27,108,227,3,365,238,2,240,605
10/07/2021,BFI,WA,ANM,WE,Towers with Radar,19,76,110,2,207,0,15,270,1,286,19,91,380,3,493,108,0,108,601
10/08/2021,BFI,WA,ANM,WE,Towers with Radar,24,75,107,0,206,0,18,131,0,149,24,93,238,0,355,168,0,168,523
10/09/2021,BFI,WA,ANM,WE,Towers with Radar,10,69,68,0,147,0,25,162,0,187,10,94,230,0,334,182,0,182,516
10/10/2021,BFI,WA,ANM,WE,Towers with Radar,11,66,73,0,150,0,14,92,0,106,11,80,165,0,256,200,0,200,456
10/11/2021,BFI,WA,ANM,WE,Towers with Radar,17,50,81,0,148,0,20,124,0,144,17,70,205,0,292,194,0,194,486
10/12/2021,BFI,WA,ANM,WE,Towers with Radar,31,48,88,1,168,0,33,130,1,164,31,81,218,2,332,222,0,222,554
10/13/2021,BFI,WA,ANM,WE,Towers with Radar,27,79,98,1,205,0,14,127,0,141,27,93,225,1,346,356,0,356,702
10/14/2021,BFI,WA,ANM,WE,Towers with Radar,23,75,95,0,193,0,9,42,0,51,23,84,137,0,244,54,0,54,298
10/15/2021,BFI,WA,ANM,WE,Towers with Radar,20,50,96,4,170,0,4,48,0,52,20,54,144,4,222,52,0,52,274
10/16/2021,BFI,WA,ANM,WE,Towers with Radar,10,48,82,2,142,0,41,130,1,172,10,89,212,3,314,76,6,82,396
10/17/2021,BFI,WA,ANM,WE,Towers with Radar,5,64,100,0,169,0,7,107,1,115,5,71,207,1,284,352,0,352,636
10/18/2021,BFI,WA,ANM,WE,Towers with Radar,19,67,76,2,164,0,17,111,2,130,19,84,187,4,294,200,0,200,494
10/19/2021,BFI,WA,ANM,WE,Towers with Radar,28,50,93,1,172,0,54,158,1,213,28,104,251,2,385,171,0,171,556
10/20/2021,BFI,WA,ANM,WE,Towers with Radar,26,73,75,1,175,0,13,67,0,80,26,86,142,1,255,220,0,220,475
10/21/2021,BFI,WA,ANM,WE,Towers with Radar,42,52,88,0,182,0,22,85,0,107,42,74,173,0,289,60,0,60,349
10/22/2021,BFI,WA,ANM,WE,Towers with Radar,25,74,83,0,182,0,5,103,0,108,25,79,186,0,290,310,0,310,600
10/23/2021,BFI,WA,ANM,WE,Towers with Radar,13,45,54,1,113,0,6,120,0,126,13,51,174,1,239,376,0,376,615
10/24/2021,BFI,WA,ANM,WE,Towers with Radar,9,53,64,0,126,0,3,15,0,18,9,56,79,0,144,38,0,38,182
10/25/2021,BFI,WA,ANM,WE,Towers with Radar,17,64,78,0,159,0,1,22,0,23,17,65,100,0,182,12,2,14,196
10/26/2021,BFI,WA,ANM,WE,Towers with Radar,35,56,78,0,169,0,9,58,6,73,35,65,136,6,242,124,4,128,370
10/27/2021,BFI,WA,ANM,WE,Towers with Radar,33,59,81,4,177,0,12,127,0,139,33,71,208,4,316,302,0,302,618
10/28/2021,BFI,WA,ANM,WE,Towers with Radar,32,47,72,1,152,0,0,1,0,1,32,47,73,1,153,0,0,0,153
10/29/2021,BFI,WA,ANM,WE,Towers with Radar,24,65,82,0,171,0,8,87,0,95,24,73,169,0,266,240,0,240,506
10/30/2021,BFI,WA,ANM,WE,Towers with Radar,14,49,75,0,138,0,17,279,0,296,14,66,354,0,434,294,0,294,728
10/31/2021,BFI,WA,ANM,WE,Towers with Radar,18,53,70,0,141,0,13,216,0,229,18,66,286,0,370,92,0,92,462
11/01/2021,BFI,WA,ANM,WE,Towers with Radar,15,41,67,0,123,0,21,104,0,125,15,62,171,0,248,90,0,90,338
11/02/2021,BFI,WA,ANM,WE,Towers with Radar,36,65,83,2,186,0,20,96,0,116,36,85,179,2,302,214,0,214,516
11/03/2021,BFI,WA,ANM,WE,Towers with Radar,31,69,97,0,197,0,13,83,0,96,31,82,180,0,293,134,0,134,427
11/04/2021,BFI,WA,ANM,WE,Towers with Radar,24,84,78,0,186,0,9,17,0,26,24,93,95,0,212,22,1,23,235
11/05/2021,BFI,WA,ANM,WE,Towers with Radar,33,61,82,1,177,0,24,74,0,98,33,85,156,1,275,176,0,176,451
11/06/2021,BFI,WA,ANM,WE,Towers with Radar,14,65,65,1,145,0,3,37,0,40,14,68,102,1,185,46,0,46,231
11/07/2021,BFI,WA,ANM,WE,Towers with Radar,5,56,74,0,135,0,4,23,0,27,5,60,97,0,162,32,0,32,194
11/08/2021,BFI,WA,ANM,WE,Towers with Radar,12,36,81,0,129,0,17,160,0,177,12,53,241,0,306,302,0,302,608
11/09/2021,BFI,WA,ANM,WE,Towers with Radar,31,49,66,2,148,0,10,19,1,30,31,59,85,3,178,10,0,10,188
11/10/2021,BFI,WA,ANM,WE,Towers with Radar,28,61,83,0,172,0,21,145,0,166,28,82,228,0,338,308,0,308,646
11/11/2021,BFI,WA,ANM,WE,Towers with Radar,26,57,81,0,164,0,0,2,0,2,26,57,83,0,166,0,0,0,166
11/12/2021,BFI,WA,ANM,WE,Towers with Radar,23,67,86,0,176,0,3,33,0,36,23,70,119,0,212,48,0,48,260
11/13/2021,BFI,WA,ANM,WE,Towers with Radar,11,49,61,0,121,0,7,54,0,61,11,56,115,0,182,142,0,142,324
11/14/2021,BFI,WA,ANM,WE,Towers with Radar,9,56,88,1,154,0,3,0,0,3,9,59,88,1,157,2,0,2,159
11/15/2021,BFI,WA,ANM,WE,Towers with Radar,12,69,60,2,143,0,3,15,0,18,12,72,75,2,161,2,0,2,163
11/16/2021,BFI,WA,ANM,WE,Towers with Radar,29,64,73,2,168,0,24,158,0,182,29,88,231,2,350,211,0,211,561
11/17/2021,BFI,WA,ANM,WE,Towers with Radar,31,52,90,1,174,0,24,240,0,264,31,76,330,1,438,340,0,340,778
11/18/2021,BFI,WA,ANM,WE,Towers with Radar,36,60,75,1,172,0,12,58,0,70,36,72,133,1,242,148,0,148,390
11/19/2021,BFI,WA,ANM,WE,Towers with Radar,32,59,74,0,165,0,17,134,0,151,32,76,208,0,316,202,0,202,518
11/20/2021,BFI,WA,ANM,WE,Towers with Radar,18,64,81,2,165,0,6,139,0,145,18,70,220,2,310,312,0,312,622
11/21/2021,BFI,WA,ANM,WE,Towers with Radar,11,63,95,2,171,0,12,108,2,122,11,75,203,4,293,6,3,9,302
11/22/2021,BFI,WA,ANM,WE,Towers with Radar,22,75,85,0,182,0,7,59,0,66,22,82,144,0,248,56,0,56,304
11/23/2021,BFI,WA,ANM,WE,Towers with Radar,51,67,93,0,211,0,13,100,0,113,51,80,193,0,324,200,18,218,542
11/24/2021,BFI,WA,ANM,WE,Towers with Radar,40,39,100,2,181,0,20,157,0,177,40,59,257,2,358,272,0,272,630
11/25/2021,BFI,WA,ANM,WE,Towers with Radar,8,21,21,0,50,0,0,8,0,8,8,21,29,0,58,12,0,12,70
11/26/2021,BFI,WA,ANM,WE,Towers with Radar,8,58,55,0,121,0,1,2,0,3,8,59,57,0,124,6,0,6,130
11/27/2021,BFI,WA,ANM,WE,Towers with Radar,8,66,97,0,171,0,2,18,0,20,8,68,115,0,191,86,0,86,277
11/28/2021,BFI,WA,ANM,WE,Towers with Radar,8,99,125,0,232,0,0,7,0,7,8,99,132,0,239,0,0,0,239
11/29/2021,BFI,WA,ANM,WE,Towers with Radar,12,85,101,0,198,0,11,73,0,84,12,96,174,0,282,150,0,150,432
11/30/2021,BFI,WA,ANM,WE,Towers with Radar,44,67,72,0,183,0,6,23,0,29,44,73,95,0,212,12,0,12,224
12/01/2021,BFI,WA,ANM,WE,Towers with Radar,37,64,65,0,166,0,12,8,0,20,37,76,73,0,186,0,0,0,186
12/02/2021,BFI,WA,ANM,WE,Towers with Radar,38,75,76,0,189,0,12,69,0,81,38,87,145,0,270,228,0,228,498
12/03/2021,BFI,WA,ANM,WE,Towers with Radar,25,57,75,2,159,0,20,169,0,189,25,77,244,2,348,274,0,274,622
12/04/2021,BFI,WA,ANM,WE,Towers with Radar,11,65,56,0,132,0,4,3,0,7,11,69,59,0,139,0,0,0,139
12/05/2021,BFI,WA,ANM,WE,Towers with Radar,8,60,82,0,150,0,17,190,2,209,8,77,272,2,359,56,0,56,415
12/06/2021,BFI,WA,ANM,WE,Towers with Radar,26,76,84,0,186,0,0,3,0,3,26,76,87,0,189,4,0,4,193
12/07/2021,BFI,WA,ANM,WE,Towers with Radar,52,76,92,2,222,0,0,0,0,0,52,76,92,2,222,0,0,0,222
12/08/2021,BFI,WA,ANM,WE,Towers with Radar,51,95,86,1,233,0,13,110,0,123,51,108,196,1,356,172,2,174,530
12/09/2021,BFI,WA,ANM,WE,Towers with Radar,47,79,96,2,224,0,6,76,2,84,47,85,172,4,308,214,0,214,522
12/10/2021,BFI,WA,ANM,WE,Towers with Radar,23,84,83,0,190,0,2,45,0,47,23,86,128,0,237,212,0,212,449
12/11/2021,BFI,WA,ANM,WE,Towers with Radar,16,46,46,0,108,0,2,11,0,13,16,48,57,0,121,0,0,0,121
12/12/2021,BFI,WA,ANM,WE,Towers with Radar,5,67,82,0,154,0,8,45,1,54,5,75,127,1,208,156,0,156,364
12/13/2021,BFI,WA,ANM,WE,Towers with Radar,28,73,73,1,175,0,14,120,0,134,28,87,193,1,309,134,0,134,443
12/14/2021,BFI,WA,ANM,WE,Towers with Radar,54,63,76,0,193,0,5,58,0,63,54,68,134,0,256,58,0,58,314
12/15/2021,BFI,WA,ANM,WE,Towers with Radar,48,67,68,1,184,0,14,63,1,78,48,81,131,2,262,139,2,141,403
12/16/2021,BFI,WA,ANM,WE,Towers with Radar,49,73,82,4,208,0,4,91,0,95,49,77,173,4,303,238,0,238,541
12/17/2021,BFI,WA,ANM,WE,Towers with Radar,47,86,95,4,232,0,4,132,1,137,47,90,227,5,369,152,0,152,521
12/18/2021,BFI,WA,ANM,WE,Towers with Radar,40,65,59,0,164,0,0,5,1,6,40,65,64,1,170,18,0,18,188
12/19/2021,BFI,WA,ANM,WE,Towers with Radar,23,65,77,1,166,0,6,187,0,193,23,71,264,1,359,302,0,302,661
12/20/2021,BFI,WA,ANM,WE,Towers with Radar,27,45,61,0,133,0,24,39,0,63,27,69,100,0,196,80,0,80,276
12/21/2021,BFI,WA,ANM,WE,Towers with Radar,45,61,69,1,176,0,4,11,0,15,45,65,80,1,191,1,0,1,192
12/22/2021,BFI,WA,ANM,WE,Towers with Radar,53,67,85,0,205,0,4,55,0,59,53,71,140,0,264,102,0,102,366
12/23/2021,BFI,WA,ANM,WE,Towers with Radar,44,71,84,0,199,0,15,39,0,54,44,86,123,0,253,60,0,60,313
12/24/2021,BFI,WA,ANM,WE,Towers with Radar,23,42,41,0,106,0,3,11,0,14,23,45,52,0,120,46,0,46,166
12/25/2021,BFI,WA,ANM,WE,Towers with Radar,1,47,27,1,76,0,0,0,0,0,1,47,27,1,76,0,0,0,76
12/26/2021,BFI,WA,ANM,WE,Towers with Radar,3,30,42,0,75,0,2,0,0,2,3,32,42,0,77,0,0,0,77
12/27/2021,BFI,WA,ANM,WE,Towers with Radar,7,62,93,0,162,0,9,42,2,53,7,71,135,2,215,0,0,0,215
12/28/2021,BFI,WA,ANM,WE,Towers with Radar,24,88,82,1,195,0,2,24,1,27,24,90,106,2,222,0,0,0,222
12/29/2021,BFI,WA,ANM,WE,Towers with Radar,24,57,88,0,169,0,26,105,0,131,24,83,193,0,300,2,0,2,302
12/30/2021,BFI,WA,ANM,WE,Towers with Radar,25,45,70,0,140,0,5,17,0,22,25,50,87,0,162,0,0,0,162
12/31/2021,BFI,WA,ANM,WE,Towers with Radar,19,43,48,0,110,0,16,100,0,116,19,59,148,0,226,4,0,4,230
01/01/2022,BFI,WA,ANM,WE,Towers with Radar,3,50,52,0,105,0,32,47,1,80,3,82,99,1,185,0,0,0,185
01/02/2022,BFI,WA,ANM,WE,Towers with Radar,6,70,84,2,162,0,0,24,0,24,6,70,108,2,186,0,0,0,186
01/03/2022,BFI,WA,ANM,WE,Towers with Radar,10,56,64,0,130,0,10,14,0,24,10,66,78,0,154,0,0,0,154
01/04/2022,BFI,WA,ANM,WE,Towers with Radar,18,65,51,0,134,0,7,28,0,35,18,72,79,0,169,178,0,178,347
01/05/2022,BFI,WA,ANM,WE,Towers with Radar,29,50,50,0,129,0,0,17,0,17,29,50,67,0,146,26,0,26,172
01/06/2022,BFI,WA,ANM,WE,Towers with Radar,22,59,37,0,118,0,1,0,0,1,22,60,37,0,119,0,0,0,119
01/07/2022,BFI,WA,ANM,WE,Towers with Radar,28,69,68,0,165,0,6,24,0,30,28,75,92,0,195,32,0,32,227
01/08/2022,BFI,WA,ANM,WE,Towers with Radar,3,59,68,0,130,0,3,98,0,101,3,62,166,0,231,150,0,150,381
01/09/2022,BFI,WA,ANM,WE,Towers with Radar,10,53,103,0,166,0,13,213,1,227,10,66,316,1,393,106,0,106,499
01/10/2022,BFI,WA,ANM,WE,Towers with Radar,13,55,62,3,133,0,10,57,0,67,13,65,119,3,200,108,0,108,308
01/11/2022,BFI,WA,ANM,WE,Towers with Radar,20,53,52,0,125,0,2,6,0,8,20,55,58,0,133,4,0,4,137
01/12/2022,BFI,WA,ANM,WE,Towers with Radar,21,52,68,1,142,0,5,66,0,71,21,57,134,1,213,113,0,113,326
01/13/2022,BFI,WA,ANM,WE,Towers with Radar,26,64,71,2,163,0,24,92,0,116,26,88,163,2,279,136,0,136,415
01/14/2022,BFI,WA,ANM,WE,Towers with Radar,25,66,72,1,164,0,11,158,0,169,25,77,230,1,333,186,0,186,519
01/15/2022,BFI,WA,ANM,WE,Towers with Radar,9,48,34,0,91,0,0,0,0,0,9,48,34,0,91,0,0,0,91
01/16/2022,BFI,WA,ANM,WE,Towers with Radar,9,50,43,0,102,0,1,0,0,1,9,51,43,0,103,8,0,8,111
01/17/2022,BFI,WA,ANM,WE,Towers with Radar,12,71,87,0,170,0,0,39,0,39,12,71,126,0,209,100,0,100,309
01/18/2022,BFI,WA,ANM,WE,Towers with Radar,23,54,55,0,132,0,1,2,0,3,23,55,57,0,135,0,0,0,135
01/19/2022,BFI,WA,ANM,WE,Towers with Radar,27,46,82,3,158,0,3,67,0,70,27,49,149,3,228,154,0,154,382
01/20/2022,BFI,WA,ANM,WE,Towers with Radar,29,65,68,2,164,0,6,30,0,36,29,71,98,2,200,80,0,80,280
01/21/2022,BFI,WA,ANM,WE,Towers with Radar,28,61,77,3,169,0,8,120,0,128,28,69,197,3,297,270,0,270,567
01/22/2022,BFI,WA,ANM,WE,Towers with Radar,14,51,87,1,153,0,6,85,0,91,14,57,172,1,244,120,0,120,364
01/23/2022,BFI,WA,ANM,WE,Towers with Radar,5,62,91,0,158,0,0,0,0,0,5,62,91,0,158,0,0,0,158
01/24/2022,BFI,WA,ANM,WE,Towers with Radar,15,55,65,0,135,0,0,0,0,0,15,55,65,0,135,0,0,0,135
01/25/2022,BFI,WA,ANM,WE,Towers with Radar,37,53,82,0,172,0,1,47,0,48,37,54,129,0,220,108,0,108,328
01/26/2022,BFI,WA,ANM,WE,Towers with Radar,34,72,85,0,191,0,2,28,0,30,34,74,113,0,221,33,52,85,306
01/27/2022,BFI,WA,ANM,WE,Towers with Radar,24,60,87,0,171,0,5,154,2,161,24,65,241,2,332,150,0,150,482
01/28/2022,BFI,WA,ANM,WE,Towers with Radar,25,64,66,0,155,0,10,182,0,192,25,74,248,0,347,188,0,188,535
01/29/2022,BFI,WA,ANM,WE,Towers with Radar,11,47,65,0,123,0,22,167,0,189,11,69,232,0,312,184,0,184,496
01/30/2022,BFI,WA,ANM,WE,Towers with Radar,5,51,62,0,118,0,4,40,0,44,5,55,102,0,162,172,0,172,334
01/31/2022,BFI,WA,ANM,WE,Towers with Radar,10,44,57,0,111,0,10,64,0,74,10,54,121,0,185,136,0,136,321
02/01/2022,BFI,WA,ANM,WE,Towers with Radar,31,59,59,0,149,0,6,85,2,93,31,65,144,2,242,182,0,182,424
02/02/2022,BFI,WA,ANM,WE,Towers with Radar,23,62,83,2,170,0,11,72,2,85,23,73,155,4,255,118,0,118,373
02/03/2022,BFI,WA,ANM,WE,Towers with Radar,22,59,58,0,139,0,1,24,0,25,22,60,82,0,164,100,0,100,264
02/04/2022,BFI,WA,ANM,WE,Towers with Radar,22,69,71,1,163,0,6,51,1,58,22,75,122,2,221,82,0,82,303
02/05/2022,BFI,WA,ANM,WE,Towers with Radar,9,45,56,1,111,0,6,102,0,108,9,51,158,1,219,258,0,258,477
02/06/2022,BFI,WA,ANM,WE,Towers with Radar,5,52,79,0,136,0,6,148,0,154,5,58,227,0,290,140,0,140,430
02/07/2022,BFI,WA,ANM,WE,Towers with Radar,13,50,73,0,136,0,8,33,0,41,13,58,106,0,177,74,2,76,253
02/08/2022,BFI,WA,ANM,WE,Towers with Radar,35,48,78,0,161,0,12,76,1,89,35,60,154,1,250,83,0,83,333
02/09/2022,BFI,WA,ANM,WE,Towers with Radar,29,69,62,0,160,0,14,136,0,150,29,83,198,0,310,108,0,108,418
02/10/2022,BFI,WA,ANM,WE,Towers with Radar,32,87,91,1,211,0,2,5,0,7,32,89,96,1,218,10,0,10,228
02/11/2022,BFI,WA,ANM,WE,Towers with Radar,19,68,73,0,160,0,20,171,2,193,19,88,244,2,353,188,2,190,543
02/12/2022,BFI,WA,ANM,WE,Towers with Radar,20,55,81,0,156,0,15,262,1,278,20,70,343,1,434,206,0,206,640
02/13/2022,BFI,WA,ANM,WE,Towers with Radar,8,50,50,2,110,0,10,174,0,184,8,60,224,2,294,110,0,110,404
02/14/2022,BFI,WA,ANM,WE,Towers with Radar,21,52,81,0,154,0,24,52,0,76,21,76,133,0,230,36,0,36,266
02/15/2022,BFI,WA,ANM,WE,Towers with Radar,21,65,50,3,139,0,4,71,7,82,21,69,121,10,221,150,0,150,371
02/16/2022,BFI,WA,ANM,WE,Towers with Radar,31,48,83,0,162,0,13,120,0,133,31,61,203,0,295,102,0,102,397
02/17/2022,BFI,WA,ANM,WE,Towers with Radar,23,76,76,1,176,0,12,74,1,87,23,88,150,2,263,228,0,228,491
02/18/2022,BFI,WA,ANM,WE,Towers with Radar,20,74,109,0,203,0,7,125,2,134,20,81,234,2,337,220,0,220,557
02/19/2022,BFI,WA,ANM,WE,Towers with Radar,10,70,68,0,148,0,3,20,0,23,10,73,88,0,171,24,0,24,195
02/20/2022,BFI,WA,ANM,WE,Towers with Radar,5,57,55,0,117,0,2,68,0,70,5,59,123,0,187,66,0,66,253
02/21/2022,BFI,WA,ANM,WE,Towers with Radar,16,42,60,0,118,0,6,51,1,58,16,48,111,1,176,78,0,78,254
02/22/2022,BFI,WA,ANM,WE,Towers with Radar,25,51,64,0,140,0,7,69,1,77,25,58,133,1,217,104,0,104,321
02/23/2022,BFI,WA,ANM,WE,Towers with Radar,26,58,85,1,170,0,16,187,1,204,26,74,272,2,374,176,0,176,550
02/24/2022,BFI,WA,ANM,WE,Towers with Radar,21,60,90,0,171,0,24,161,2,187,21,84,251,2,358,174,0,174,532
02/25/2022,BFI,WA,ANM,WE,Towers with Radar,21,46,82,0,149,0,17,218,2,237,21,63,300,2,386,164,0,164,550
02/26/2022,BFI,WA,ANM,WE,Towers with Radar,10,60,67,0,137,0,9,114,0,123,10,69,181,0,260,112,0,112,372
02/27/2022,BFI,WA,ANM,WE,Towers with Radar,15,78,86,0,179,0,4,11,0,15,15,82,97,0,194,2,0,2,196
02/28/2022,BFI,WA,ANM,WE,Towers with Radar,18,68,69,2,157,0,4,0,0,4,18,72,69,2,161,0,0,0,161
03/01/2022,BFI,WA,ANM,WE,Towers with Radar,30,71,66,2,169,0,2,46,0,48,30,73,112,2,217,158,0,158,375
03/02/2022,BFI,WA,ANM,WE,Towers with Radar,28,45,78,4,155,0,5,38,0,43,28,50,116,4,198,158,0,158,356
03/03/2022,BFI,WA,ANM,WE,Towers with Radar,33,57,101,2,193,0,6,70,1,77,33,63,171,3,270,212,2,214,484
03/04/2022,BFI,WA,ANM,WE,Towers with Radar,18,54,90,3,165,0,14,94,0,108,18,68,184,3,273,194,0,194,467
03/05/2022,BFI,WA,ANM,WE,Towers with Radar,8,48,48,3,107,0,17,180,0,197,8,65,228,3,304,186,0,186,490
03/06/2022,BFI,WA,ANM,WE,Towers with Radar,8,40,83,3,134,0,14,181,2,197,8,54,264,5,331,234,0,234,565
03/07/2022,BFI,WA,ANM,WE,Towers with Radar,19,50,102,2,173,0,9,69,0,78,19,59,171,2,251,101,0,101,352
03/08/2022,BFI,WA,ANM,WE,Towers with Radar,35,68,72,2,177,0,9,43,0,52,35,77,115,2,229,70,0,70,299
03/09/2022,BFI,WA,ANM,WE,Towers with Radar,33,57,53,0,143,0,15,195,1,211,33,72,248,1,354,129,0,129,483
03/10/2022,BFI,WA,ANM,WE,Towers with Radar,22,68,90,2,182,0,26,139,1,166,22,94,229,3,348,128,0,128,476
03/11/2022,BFI,WA,ANM,WE,Towers with Radar,19,55,63,0,137,0,20,172,2,194,19,75,235,2,331,172,0,172,503
03/12/2022,BFI,WA,ANM,WE,Towers with Radar,12,57,71,1,141,0,16,161,1,178,12,73,232,2,319,108,0,108,427
03/13/2022,BFI,WA,ANM,WE,Towers with Radar,8,60,71,2,141,0,5,97,1,103,8,65,168,3,244,156,2,158,402
03/14/2022,BFI,WA,ANM,WE,Towers with Radar,15,65,78,0,158,0,7,18,0,25,15,72,96,0,183,8,0,8,191
03/15/2022,BFI,WA,ANM,WE,Towers with Radar,35,67,89,0,191,0,11,28,0,39,35,78,117,0,230,28,0,28,258
03/16/2022,BFI,WA,ANM,WE,Towers with Radar,27,69,89,1,186,0,17,206,1,224,27,86,295,2,410,300,0,300,710
03/17/2022,BFI,WA,ANM,WE,Towers with Radar,33,69,66,0,168,0,18,114,0,132,33,87,180,0,300,192,0,192,492
03/18/2022,BFI,WA,ANM,WE,Towers with Radar,30,54,95,4,183,0,10,129,0,139,30,64,224,4,322,278,0,278,600
03/19/2022,BFI,WA,ANM,WE,Towers with Radar,8,53,48,5,114,0,5,69,0,74,8,58,117,5,188,96,0,96,284
03/20/2022,BFI,WA,ANM,WE,Towers with Radar,10,65,72,5,152,0,4,61,0,65,10,69,133,5,217,168,0,168,385
03/21/2022,BFI,WA,ANM,WE,Towers with Radar,21,60,52,1,134,0,3,12,0,15,21,63,64,1,149,56,0,56,205
03/22/2022,BFI,WA,ANM,WE,Towers with Radar,28,56,65,0,149,0,8,42,0,50,28,64,107,0,199,133,0,133,332
03/23/2022,BFI,WA,ANM,WE,Towers with Radar,32,74,76,2,184,0,6,50,0,56,32,80,126,2,240,170,0,170,410
03/24/2022,BFI,WA,ANM,WE,Towers with Radar,34,59,79,0,172,0,23,143,0,166,34,82,222,0,338,172,0,172,510
03/25/2022,BFI,WA,ANM,WE,Towers with Radar,23,50,74,0,147,0,7,144,0,151,23,57,218,0,298,120,0,120,418
03/26/2022,BFI,WA,ANM,WE,Towers with Radar,4,46,59,2,111,0,22,125,0,147,4,68,184,2,258,168,2,170,428
03/27/2022,BFI,WA,ANM,WE,Towers with Radar,6,50,79,0,135,0,15,127,0,142,6,65,206,0,277,204,0,204,481
03/28/2022,BFI,WA,ANM,WE,Towers with Radar,11,66,74,0,151,0,6,39,0,45,11,72,113,0,196,186,2,188,384
03/29/2022,BFI,WA,ANM,WE,Towers with Radar,36,48,93,5,182,0,18,124,1,143,36,66,217,6,325,198,0,198,523
03/30/2022,BFI,WA,ANM,WE,Towers with Radar,26,57,68,3,154,0,8,43,1,52,26,65,111,4,206,84,0,84,290
03/31/2022,BFI,WA,ANM,WE,Towers with Radar,31,61,71,1,164,0,24,132,2,158,31,85,203,3,322,240,0,240,562
04/01/2022,BFI,WA,ANM,WE,Towers with Radar,34,56,69,0,159,0,12,150,0,162,34,68,219,0,321,154,0,154,475
04/02/2022,BFI,WA,ANM,WE,Towers with Radar,9,61,70,0,140,0,16,131,0,147,9,77,201,0,287,180,0,180,467
04/03/2022,BFI,WA,ANM,WE,Towers with Radar,12,60,70,0,142,0,6,44,0,50,12,66,114,0,192,22,0,22,214
04/04/2022,BFI,WA,ANM,WE,Towers with Radar,21,45,45,1,112,0,3,1,0,4,21,48,46,1,116,0,0,0,116
04/05/2022,BFI,WA,ANM,WE,Towers with Radar,33,51,53,0,137,0,12,67,0,79,33,63,120,0,216,156,0,156,372
04/06/2022,BFI,WA,ANM,WE,Towers with Radar,32,50,53,0,135,0,19,199,0,218,32,69,252,0,353,206,0,206,559
04/07/2022,BFI,WA,ANM,WE,Towers with Radar,29,52,85,2,168,0,17,200,0,217,29,69,285,2,385,267,2,269,654
04/08/2022,BFI,WA,ANM,WE,Towers with Radar,30,63,72,1,166,0,22,30,0,52,30,85,102,1,218,6,0,6,224
04/09/2022,BFI,WA,ANM,WE,Towers with Radar,23,58,64,0,145,0,8,95,0,103,23,66,159,0,248,150,0,150,398
04/10/2022,BFI,WA,ANM,WE,Towers with Radar,7,76,67,0,150,0,7,76,0,83,7,83,143,0,233,200,0,200,433
04/11/2022,BFI,WA,ANM,WE,Towers with Radar,23,61,56,0,140,0,13,59,0,72,23,74,115,0,212,53,0,53,265
04/12/2022,BFI,WA,ANM,WE,Towers with Radar,28,65,64,0,157,0,6,45,0,51,28,71,109,0,208,44,0,44,252
04/13/2022,BFI,WA,ANM,WE,Towers with Radar,27,59,76,2,164,0,14,109,0,123,27,73,185,2,287,256,5,261,548
04/14/2022,BFI,WA,ANM,WE,Towers with Radar,32,59,65,2,158,0,17,76,1,94,32,76,141,3,252,100,1,101,353
04/15/2022,BFI,WA,ANM,WE,Towers with Radar,25,68,107,0,200,0,22,154,10,186,25,90,261,10,386,200,0,200,586
04/16/2022,BFI,WA,ANM,WE,Towers with Radar,7,53,44,0,104,0,22,120,0,142,7,75,164,0,246,134,0,134,380
04/17/2022,BFI,WA,ANM,WE,Towers with Radar,20,52,61,4,137,0,23,200,2,225,20,75,261,6,362,55,0,55,417
04/18/2022,BFI,WA,ANM,WE,Towers with Radar,10,59,59,6,134,0,9,36,0,45,10,68,95,6,179,60,0,60,239
04/19/2022,BFI,WA,ANM,WE,Towers with Radar,27,70,72,0,169,0,14,114,0,128,27,84,186,0,297,136,0,136,433
04/20/2022,BFI,WA,ANM,WE,Towers with Radar,28,75,77,0,180,0,21,62,5,88,28,96,139,5,268,68,0,68,336
04/21/2022,BFI,WA,ANM,WE,Towers with Radar,39,49,77,0,165,0,13,58,0,71,39,62,135,0,236,104,0,104,340
04/22/2022,BFI,WA,ANM,WE,Towers with Radar,20,50,36,0,106,0,5,38,0,43,20,55,74,0,149,4,2,6,155
04/23/2022,BFI,WA,ANM,WE,Towers with Radar,19,52,76,8,155,0,31,151,1,183,19,83,227,9,338,136,0,136,474
04/24/2022,BFI,WA,ANM,WE,Towers with Radar,13,58,77,0,148,0,35,203,8,246,13,93,280,8,394,36,0,36,430
04/25/2022,BFI,WA,ANM,WE,Towers with Radar,21,59,76,1,157,0,4,80,0,84,21,63,156,1,241,132,0,132,373
04/26/2022,BFI,WA,ANM,WE,Towers with Radar,37,66,71,2,176,0,9,78,0,87,37,75,149,2,263,104,1,105,368
04/27/2022,BFI,WA,ANM,WE,Towers with Radar,36,81,91,1,209,0,22,174,0,196,36,103,265,1,405,346,0,346,751
04/28/2022,BFI,WA,ANM,WE,Towers with Radar,35,68,82,1,186,0,20,126,0,146,35,88,208,1,332,214,0,214,546
04/29/2022,BFI,WA,ANM,WE,Towers with Radar,30,73,85,2,190,0,13,175,0,188,30,86,260,2,378,206,0,206,584
04/30/2022,BFI,WA,ANM,WE,Towers with Radar,12,47,55,1,115,0,11,81,0,92,12,58,136,1,207,118,0,118,325
05/01/2022,BFI,WA,ANM,WE,Towers with Radar,5,61,101,2,169,0,21,189,0,210,5,82,290,2,379,215,0,215,594
05/02/2022,BFI,WA,ANM,WE,Towers with Radar,13,60,65,1,139,0,7,67,0,74,13,67,132,1,213,216,0,216,429
05/03/2022,BFI,WA,ANM,WE,Towers with Radar,25,66,74,4,169,0,11,81,0,92,25,77,155,4,261,210,0,210,471
05/04/2022,BFI,WA,ANM,WE,Towers with Radar,31,81,59,1,172,0,18,164,0,182,31,99,223,1,354,262,0,262,616
05/05/2022,BFI,WA,ANM,WE,Towers with Radar,28,87,80,0,195,0,7,35,0,42,28,94,115,0,237,54,0,54,291
05/06/2022,BFI,WA,ANM,WE,Towers with Radar,30,55,72,0,157,0,13,53,3,69,30,68,125,3,226,190,0,190,416
05/07/2022,BFI,WA,ANM,WE,Towers with Radar,7,48,49,0,104,0,13,50,1,64,7,61,99,1,168,11,0,11,179
05/08/2022,BFI,WA,ANM,WE,Towers with Radar,11,56,52,0,119,0,16,80,4,100,11,72,132,4,219,44,0,44,263
05/09/2022,BFI,WA,ANM,WE,Towers with Radar,18,66,87,0,171,0,18,105,0,123,18,84,192,0,294,144,0,144,438
05/10/2022,BFI,WA,ANM,WE,Towers with Radar,25,65,81,0,171,0,20,143,2,165,25,85,224,2,336,236,0,236,572
05/11/2022,BFI,WA,ANM,WE,Towers with Radar,30,63,80,2,175,0,27,149,1,177,30,90,229,3,352,128,2,130,482
05/12/2022,BFI,WA,ANM,WE,Towers with Radar,26,60,74,0,160,0,18,57,5,80,26,78,131,5,240,136,2,138,378
05/13/2022,BFI,WA,ANM,WE,Towers with Radar,28,49,84,0,161,0,21,167,0,188,28,70,251,0,349,198,0,198,547
05/14/2022,BFI,WA,ANM,WE,Towers with Radar,12,51,62,0,125,0,9,79,0,88,12,60,141,0,213,84,0,84,297
05/15/2022,BFI,WA,ANM,WE,Towers with Radar,7,61,89,0,157,0,9,13,0,22,7,70,102,0,179,10,0,10,189
05/16/2022,BFI,WA,ANM,WE,Towers with Radar,13,45,74,0,132,0,15,116,0,131,13,60,190,0,263,36,0,36,299
05/17/2022,BFI,WA,ANM,WE,Towers with Radar,33,61,77,2,173,0,16,204,2,222,33,77,281,4,395,140,4,144,539
05/18/2022,BFI,WA,ANM,WE,Towers with Radar,28,69,70,2,169,0,4,15,0,19,28,73,85,2,188,2,2,4,192
05/19/2022,BFI,WA,ANM,WE,Towers with Radar,32,51,59,2,144,0,35,195,5,235,32,86,254,7,379,160,1,161,540
05/20/2022,BFI,WA,ANM,WE,Towers with Radar,30,69,86,2,187,0,24,236,0,260,30,93,322,2,447,196,0,196,643
05/21/2022,BFI,WA,ANM,WE,Towers with Radar,5,41,55,0,101,0,24,213,0,237,5,65,268,0,338,196,0,196,534
05/22/2022,BFI,WA,ANM,WE,Towers with Radar,14,57,64,1,136,0,28,257,3,288,14,85,321,4,424,160,0,160,584
05/23/2022,BFI,WA,ANM,WE,Towers with Radar,16,57,80,1,154,0,28,129,0,157,16,85,209,1,311,119,0,119,430
05/24/2022,BFI,WA,ANM,WE,Towers with Radar,40,54,75,1,170,0,25,160,0,185,40,79,235,1,355,184,0,184,539
05/25/2022,BFI,WA,ANM,WE,Towers with Radar,26,60,89,1,176,0,27,183,0,210,26,87,272,1,386,104,2,106,492
05/26/2022,BFI,WA,ANM,WE,Towers with Radar,32,49,96,0,177,0,45,142,2,189,32,94,238,2,366,242,0,242,608
05/27/2022,BFI,WA,ANM,WE,Towers with Radar,21,59,85,0,165,0,55,110,0,165,21,114,195,0,330,58,0,58,388
05/28/2022,BFI,WA,ANM,WE,Towers with Radar,7,48,52,0,107,0,44,106,0,150,7,92,158,0,257,222,0,222,479
05/29/2022,BFI,WA,ANM,WE,Towers with Radar,9,41,38,0,88,0,9,57,2,68,9,50,95,2,156,36,0,36,192
05/30/2022,BFI,WA,ANM,WE,Towers with Radar,9,57,76,0,142,0,39,179,0,218,9,96,255,0,360,206,0,206,566
05/31/2022,BFI,WA,ANM,WE,Towers with Radar,19,58,53,2,132,0,62,190,1,253,19,120,243,3,385,126,2,128,513
06/01/2022,BFI,WA,ANM,WE,Towers with Radar,34,53,61,1,149,0,39,198,0,237,34,92,259,1,386,162,0,162,548
06/02/2022,BFI,WA,ANM,WE,Towers with Radar,31,54,63,2,150,0,45,104,0,149,31,99,167,2,299,132,0,132,431
06/03/2022,BFI,WA,ANM,WE,Towers with Radar,19,49,66,1,135,0,20,86,0,106,19,69,152,1,241,284,0,284,525
06/04/2022,BFI,WA,ANM,WE,Towers with Radar,10,45,56,1,112,0,26,136,0,162,10,71,192,1,274,282,0,282,556
06/05/2022,BFI,WA,ANM,WE,Towers with Radar,8,59,75,1,143,0,9,50,0,59,8,68,125,1,202,122,0,122,324
06/06/2022,BFI,WA,ANM,WE,Towers with Radar,11,53,71,0,135,0,19,123,0,142,11,72,194,0,277,180,0,180,457
06/07/2022,BFI,WA,ANM,WE,Towers with Radar,40,51,71,0,162,0,38,210,0,248,40,89,281,0,410,210,8,218,628
06/08/2022,BFI,WA,ANM,WE,Towers with Radar,24,58,93,1,176,0,37,265,0,302,24,95,358,1,478,220,0,220,698
06/09/2022,BFI,WA,ANM,WE,Towers with Radar,25,77,90,1,193,0,12,38,0,50,25,89,128,1,243,74,0,74,317
06/10/2022,BFI,WA,ANM,WE,Towers with Radar,21,60,87,0,168,0,29,113,0,142,21,89,200,0,310,228,0,228,538
06/11/2022,BFI,WA,ANM,WE,Towers with Radar,10,42,68,0,120,0,36,144,0,180,10,78,212,0,300,123,0,123,423
06/12/2022,BFI,WA,ANM,WE,Towers with Radar,11,69,105,1,186,0,22,64,2,88,11,91,169,3,274,16,0,16,290
06/13/2022,BFI,WA,ANM,WE,Towers with Radar,11,55,85,0,151,0,46,74,0,120,11,101,159,0,271,74,0,74,345
06/14/2022,BFI,WA,ANM,WE,Towers with Radar,31,81,80,0,192,0,25,174,0,199,31,106,254,0,391,205,0,205,596
06/15/2022,BFI,WA,ANM,WE,Towers with Radar,22,58,82,0,162,0,38,222,4,264,22,96,304,4,426,54,0,54,480
06/16/2022,BFI,WA,ANM,WE,Towers with Radar,24,61,75,1,161,0,36,224,1,261,24,97,299,2,422,126,1,127,549
06/17/2022,BFI,WA,ANM,WE,Towers with Radar,22,60,85,2,169,0,26,87,0,113,22,86,172,2,282,114,0,114,396
06/18/2022,BFI,WA,ANM,WE,Towers with Radar,12,63,70,0,145,0,23,118,2,143,12,86,188,2,288,64,0,64,352
06/19/2022,BFI,WA,ANM,WE,Towers with Radar,7,51,78,0,136,0,32,176,4,212,7,83,254,4,348,112,0,112,460
06/20/2022,BFI,WA,ANM,WE,Towers with Radar,17,59,85,0,161,0,20,169,0,189,17,79,254,0,350,304,0,304,654
06/21/2022,BFI,WA,ANM,WE,Towers with Radar,25,57,80,0,162,0,29,191,0,220,25,86,271,0,382,198,0,198,580
06/22/2022,BFI,WA,ANM,WE,Towers with Radar,29,70,84,0,183,0,24,114,0,138,29,94,198,0,321,90,0,90,411
06/23/2022,BFI,WA,ANM,WE,Towers with Radar,34,47,70,3,154,0,35,292,0,327,34,82,362,3,481,161,0,161,642
06/24/2022,BFI,WA,ANM,WE,Towers with Radar,27,51,72,0,150,0,31,329,6,366,27,82,401,6,516,150,0,150,666
06/25/2022,BFI,WA,ANM,WE,Towers with Radar,6,41,59,4,110,0,47,280,0,327,6,88,339,4,437,206,0,206,643
06/26/2022,BFI,WA,ANM,WE,Towers with Radar,12,45,63,4,124,0,50,225,0,275,12,95,288,4,399,36,0,36,435
06/27/2022,BFI,WA,ANM,WE,Towers with Radar,19,58,64,2,143,0,54,167,0,221,19,112,231,2,364,80,0,80,444
06/28/2022,BFI,WA,ANM,WE,Towers with Radar,37,62,79,2,180,0,32,121,2,155,37,94,200,4,335,132,0,132,467
06/29/2022,BFI,WA,ANM,WE,Towers with Radar,35,73,88,1,197,0,22,195,3,220,35,95,283,4,417,90,0,90,507
06/30/2022,BFI,WA,ANM,WE,Towers with Radar,30,65,71,1,167,0,44,194,0,238,30,109,265,1,405,152,0,152,557
07/01/2022,BFI,WA,ANM,WE,Towers with Radar,19,63,81,0,163,0,44,279,0,323,19,107,360,0,486,231,6,237,723
07/02/2022,BFI,WA,ANM,WE,Towers with Radar,4,64,92,1,161,0,31,74,4,109,4,95,166,5,270,14,0,14,284
07/03/2022,BFI,WA,ANM,WE,Towers with Radar,7,61,60,0,128,0,8,18,0,26,7,69,78,0,154,10,0,10,164
07/04/2022,BFI,WA,ANM,WE,Towers with Radar,0,38,49,0,87,0,34,109,0,143,0,72,158,0,230,112,0,112,342
07/05/2022,BFI,WA,ANM,WE,Towers with Radar,18,56,91,0,165,0,43,207,0,250,18,99,298,0,415,164,0,164,579
07/06/2022,BFI,WA,ANM,WE,Towers with Radar,28,56,89,1,174,0,43,129,0,172,28,99,218,1,346,238,0,238,584
07/07/2022,BFI,WA,ANM,WE,Towers with Radar,27,55,97,5,184,0,25,165,1,191,27,80,262,6,375,170,0,170,545
07/08/2022,BFI,WA,ANM,WE,Towers with Radar,20,57,78,0,155,0,51,177,1,229,20,108,255,1,384,188,0,188,572
07/09/2022,BFI,WA,ANM,WE,Towers with Radar,11,43,52,0,106,0,55,203,0,258,11,98,255,0,364,134,0,134,498
07/10/2022,BFI,WA,ANM,WE,Towers with Radar,13,73,94,2,182,0,41,164,0,205,13,114,258,2,387,60,0,60,447
07/11/2022,BFI,WA,ANM,WE,Towers with Radar,14,46,79,2,141,0,40,219,0,259,14,86,298,2,400,178,0,178,578
07/12/2022,BFI,WA,ANM,WE,Towers with Radar,21,59,87,0,167,0,35,204,2,241,21,94,291,2,408,212,2,214,622
07/13/2022,BFI,WA,ANM,WE,Towers with Radar,19,66,86,0,171,0,64,238,0,302,19,130,324,0,473,232,0,232,705
07/14/2022,BFI,WA,ANM,WE,Towers with Radar,21,50,89,0,160,0,39,223,0,262,21,89,312,0,422,237,0,237,659
07/15/2022,BFI,WA,ANM,WE,Towers with Radar,19,80,89,0,188,0,46,192,0,238,19,126,281,0,426,169,0,169,595
07/16/2022,BFI,WA,ANM,WE,Towers with Radar,10,57,71,0,138,0,41,194,0,235,10,98,265,0,373,304,0,304,677
07/17/2022,BFI,WA,ANM,WE,Towers with Radar,8,71,113,0,192,0,45,200,2,247,8,116,313,2,439,148,0,148,587
07/18/2022,BFI,WA,ANM,WE,Towers with Radar,10,56,86,4,156,0,42,151,2,195,10,98,237,6,351,318,2,320,671
07/19/2022,BFI,WA,ANM,WE,Towers with Radar,26,49,83,1,159,0,40,221,0,261,26,89,304,1,420,252,2,254,674
07/20/2022,BFI,WA,ANM,WE,Towers with Radar,32,49,99,1,181,0,39,196,0,235,32,88,295,1,416,262,0,262,678
07/21/2022,BFI,WA,ANM,WE,Towers with Radar,26,53,116,0,195,0,49,237,0,286,26,102,353,0,481,210,0,210,691
07/22/2022,BFI,WA,ANM,WE,Towers with Radar,22,66,120,2,210,1,24,161,2,188,23,90,281,4,398,245,0,245,643
07/23/2022,BFI,WA,ANM,WE,Towers with Radar,14,62,100,1,177,0,38,178,6,222,14,100,278,7,399,122,0,122,521
07/24/2022,BFI,WA,ANM,WE,Towers with Radar,14,49,99,0,162,0,54,220,3,277,14,103,319,3,439,18,0,18,457
07/25/2022,BFI,WA,ANM,WE,Towers with Radar,13,46,90,1,150,0,49,195,0,244,13,95,285,1,394,108,0,108,502
07/26/2022,BFI,WA,ANM,WE,Towers with Radar,31,52,84,0,167,0,47,210,0,257,31,99,294,0,424,206,2,208,632
07/27/2022,BFI,WA,ANM,WE,Towers with Radar,35,46,67,4,152,0,45,227,2,274,35,91,294,6,426,80,1,81,507
07/28/2022,BFI,WA,ANM,WE,Towers with Radar,34,67,91,2,194,0,43,228,16,287,34,110,319,18,481,212,0,212,693
07/29/2022,BFI,WA,ANM,WE,Towers with Radar,25,54,98,2,179,0,55,259,1,315,25,109,357,3,494,144,0,144,638
07/30/2022,BFI,WA,ANM,WE,Towers with Radar,6,46,63,0,115,0,57,225,12,294,6,103,288,12,409,188,4,192,601
07/31/2022,BFI,WA,ANM,WE,Towers with Radar,7,59,94,3,163,0,70,187,0,257,7,129,281,3,420,78,0,78,498
08/01/2022,BFI,WA,ANM,WE,Towers with Radar,18,60,72,5,155,0,65,187,3,255,18,125,259,8,410,210,0,210,620
08/02/2022,BFI,WA,ANM,WE,Towers with Radar,27,70,80,6,183,0,35,140,1,176,27,105,220,7,359,238,0,238,597
08/03/2022,BFI,WA,ANM,WE,Towers with Radar,28,66,91,6,191,0,65,198,2,265,28,131,289,8,456,214,2,216,672
08/04/2022,BFI,WA,ANM,WE,Towers with Radar,28,54,90,1,173,0,35,145,2,182,28,89,235,3,355,178,0,178,533
08/05/2022,BFI,WA,ANM,WE,Towers with Radar,29,42,53,2,126,0,39,139,6,184,29,81,192,8,310,16,0,16,326
08/06/2022,BFI,WA,ANM,WE,Towers with Radar,10,43,64,1,118,0,55,135,5,195,10,98,199,6,313,46,7,53,366
08/07/2022,BFI,WA,ANM,WE,Towers with Radar,9,43,103,4,159,0,46,153,54,253,9,89,256,58,412,58,14,72,484
08/08/2022,BFI,WA,ANM,WE,Towers with Radar,13,66,63,3,145,0,53,154,2,209,13,119,217,5,354,118,0,118,472
08/09/2022,BFI,WA,ANM,WE,Towers with Radar,28,61,88,0,177,0,46,163,2,211,28,107,251,2,388,210,0,210,598
08/10/2022,BFI,WA,ANM,WE,Towers with Radar,21,84,109,2,216,0,39,102,0,141,21,123,211,2,357,46,0,46,403
08/11/2022,BFI,WA,ANM,WE,Towers with Radar,28,79,96,0,203,0,46,313,1,360,28,125,409,1,563,218,0,218,781
08/12/2022,BFI,WA,ANM,WE,Towers with Radar,17,62,83,2,164,0,62,207,0,269,17,124,290,2,433,163,0,163,596
08/13/2022,BFI,WA,ANM,WE,Towers with Radar,8,60,78,2,148,0,45,184,6,235,8,105,262,8,383,150,0,150,533
08/14/2022,BFI,WA,ANM,WE,Towers with Radar,8,59,106,0,173,0,63,284,5,352,8,122,390,5,525,156,0,156,681
08/15/2022,BFI,WA,ANM,WE,Towers with Radar,6,41,82,2,131,0,51,233,2,286,6,92,315,4,417,240,0,240,657
08/16/2022,BFI,WA,ANM,WE,Towers with Radar,26,68,74,1,169,0,45,260,0,305,26,113,334,1,474,236,0,236,710
08/17/2022,BFI,WA,ANM,WE,Towers with Radar,25,60,75,0,160,0,53,276,0,329,25,113,351,0,489,216,0,216,705
08/18/2022,BFI,WA,ANM,WE,Towers with Radar,28,69,102,1,200,0,74,227,0,301,28,143,329,1,501,234,0,234,735
08/19/2022,BFI,WA,ANM,WE,Towers with Radar,16,68,83,4,171,0,36,126,0,162,16,104,209,4,333,224,2,226,559
08/20/2022,BFI,WA,ANM,WE,Towers with Radar,14,66,70,5,155,0,32,158,0,190,14,98,228,5,345,160,0,160,505
08/21/2022,BFI,WA,ANM,WE,Towers with Radar,5,80,98,4,187,0,55,242,0,297,5,135,340,4,484,190,0,190,674
08/22/2022,BFI,WA,ANM,WE,Towers with Radar,15,65,101,2,183,0,61,245,0,306,15,126,346,2,489,168,0,168,657
08/23/2022,BFI,WA,ANM,WE,Towers with Radar,18,54,83,1,156,1,50,205,1,257,19,104,288,2,413,164,0,164,577
08/24/2022,BFI,WA,ANM,WE,Towers with Radar,32,63,68,7,170,0,46,187,7,240,32,109,255,14,410,140,0,140,550
08/25/2022,BFI,WA,ANM,WE,Towers with Radar,35,60,69,1,165,0,44,224,4,272,35,104,293,5,437,138,0,138,575
08/26/2022,BFI,WA,ANM,WE,Towers with Radar,19,81,86,1,187,0,23,84,2,109,19,104,170,3,296,184,0,184,480
08/27/2022,BFI,WA,ANM,WE,Towers with Radar,9,60,67,0,136,0,21,156,2,179,9,81,223,2,315,134,0,134,449
08/28/2022,BFI,WA,ANM,WE,Towers with Radar,11,59,77,2,149,0,49,227,2,278,11,108,304,4,427,70,0,70,497
08/29/2022,BFI,WA,ANM,WE,Towers with Radar,11,44,68,1,124,0,50,197,0,247,11,94,265,1,371,140,4,144,515
08/30/2022,BFI,WA,ANM,WE,Towers with Radar,29,48,66,0,143,0,73,217,0,290,29,121,283,0,433,334,0,334,767
08/31/2022,BFI,WA,ANM,WE,Towers with Radar,28,47,86,4,165,0,65,197,0,262,28,112,283,4,427,244,10,254,681
09/01/2022,BFI,WA,ANM,WE,Towers with Radar,22,89,106,2,219,0,15,12,0,27,22,104,118,2,246,0,0,0,246
09/02/2022,BFI,WA,ANM,WE,Towers with Radar,20,56,84,0,160,0,41,231,0,272,20,97,315,0,432,88,0,88,520
09/03/2022,BFI,WA,ANM,WE,Towers with Radar,15,48,87,0,150,0,29,75,0,104,15,77,162,0,254,98,0,98,352
09/04/2022,BFI,WA,ANM,WE,Towers with Radar,12,47,52,0,111,0,39,118,1,158,12,86,170,1,269,146,0,146,415
09/05/2022,BFI,WA,ANM,WE,Towers with Radar,3,64,85,0,152,0,55,204,5,264,3,119,289,5,416,100,0,100,516
09/06/2022,BFI,WA,ANM,WE,Towers with Radar,12,63,78,0,153,0,48,200,0,248,12,111,278,0,401,210,0,210,611
09/07/2022,BFI,WA,ANM,WE,Towers with Radar,34,77,78,0,189,0,40,245,0,285,34,117,323,0,474,124,0,124,598
09/08/2022,BFI,WA,ANM,WE,Towers with Radar,29,49,74,2,154,0,62,192,0,254,29,111,266,2,408,186,0,186,594
09/09/2022,BFI,WA,ANM,WE,Towers with Radar,17,60,87,0,164,0,38,176,0,214,17,98,263,0,378,150,0,150,528
09/10/2022,BFI,WA,ANM,WE,Towers with Radar,7,70,81,2,160,0,21,101,1,123,7,91,182,3,283,94,0,94,377
09/11/2022,BFI,WA,ANM,WE,Towers with Radar,15,86,86,0,187,0,16,111,0,127,15,102,197,0,314,70,0,70,384
09/12/2022,BFI,WA,ANM,WE,Towers with Radar,15,89,125,0,229,0,16,100,1,117,15,105,225,1,346,92,3,95,441
09/13/2022,BFI,WA,ANM,WE,Towers with Radar,27,67,93,2,189,0,38,175,2,215,27,105,268,4,404,202,0,202,606
09/14/2022,BFI,WA,ANM,WE,Towers with Radar,22,67,82,1,172,0,49,186,0,235,22,116,268,1,407,42,0,42,449
09/15/2022,BFI,WA,ANM,WE,Towers with Radar,32,74,95,3,204,0,21,109,0,130,32,95,204,3,334,209,0,209,543
09/16/2022,BFI,WA,ANM,WE,Towers with Radar,20,93,64,0,177,0,28,132,0,160,20,121,196,0,337,180,0,180,517
09/17/2022,BFI,WA,ANM,WE,Towers with Radar,13,41,62,0,116,0,47,131,10,188,13,88,193,10,304,110,0,110,414
09/18/2022,BFI,WA,ANM,WE,Towers with Radar,12,47,66,0,125,0,45,178,2,225,12,92,244,2,350,154,0,154,504
09/19/2022,BFI,WA,ANM,WE,Towers with Radar,13,86,90,2,191,0,34,145,0,179,13,120,235,2,370,110,0,110,480
09/20/2022,BFI,WA,ANM,WE,Towers with Radar,29,65,82,1,177,0,56,161,0,217,29,121,243,1,394,240,0,240,634
09/21/2022,BFI,WA,ANM,WE,Towers with Radar,40,79,69,2,190,0,46,155,0,201,40,125,224,2,391,224,0,224,615
09/22/2022,BFI,WA,ANM,WE,Towers with Radar,29,73,94,0,196,0,25,117,0,142,29,98,211,0,338,208,34,242,580
09/23/2022,BFI,WA,ANM,WE,Towers with Radar,19,75,83,0,177,0,18,217,0,235,19,93,300,0,412,283,2,285,697
09/24/2022,BFI,WA,ANM,WE,Towers with Radar,9,60,66,0,135,0,33,148,2,183,9,93,214,2,318,192,0,192,510
09/25/2022,BFI,WA,ANM,WE,Towers with Radar,9,76,93,0,178,0,70,110,2,182,9,146,203,2,360,48,0,48,408
09/26/2022,BFI,WA,ANM,WE,Towers with Radar,13,55,52,1,121,0,58,123,0,181,13,113,175,1,302,186,0,186,488
09/27/2022,BFI,WA,ANM,WE,Towers with Radar,37,60,80,2,179,0,27,137,0,164,37,87,217,2,343,176,0,176,519
09/28/2022,BFI,WA,ANM,WE,Towers with Radar,33,70,90,2,195,0,28,104,0,132,33,98,194,2,327,122,0,122,449
09/29/2022,BFI,WA,ANM,WE,Towers with Radar,39,78,103,0,220,0,36,155,1,192,39,114,258,1,412,213,0,213,625
09/30/2022,BFI,WA,ANM,WE,Towers with Radar,30,71,76,5,182,0,26,164,0,190,30,97,240,5,372,146,22,168,540
10/01/2022,BFI,WA,ANM,WE,Towers with Radar,12,52,52,0,116,0,33,171,4,208,12,85,223,4,324,94,0,94,418
10/02/2022,BFI,WA,ANM,WE,Towers with Radar,11,53,68,0,132,0,38,185,8,231,11,91,253,8,363,56,0,56,419
10/03/2022,BFI,WA,ANM,WE,Towers with Radar,13,49,65,2,129,0,38,129,2,169,13,87,194,4,298,144,0,144,442
10/04/2022,BFI,WA,ANM,WE,Towers with Radar,27,48,72,1,148,0,20,35,2,57,27,68,107,3,205,2,0,2,207
10/05/2022,BFI,WA,ANM,WE,Towers with Radar,29,84,94,10,217,0,16,49,0,65,29,100,143,10,282,56,0,56,338
10/06/2022,BFI,WA,ANM,WE,Towers with Radar,25,63,82,0,170,0,13,88,0,101,25,76,170,0,271,210,0,210,481
10/07/2022,BFI,WA,ANM,WE,Towers with Radar,32,66,75,7,180,0,21,155,0,176,32,87,230,7,356,236,1,237,593
10/08/2022,BFI,WA,ANM,WE,Towers with Radar,13,40,36,1,90,0,20,161,0,181,13,60,197,1,271,232,0,232,503
10/09/2022,BFI,WA,ANM,WE,Towers with Radar,10,46,55,2,113,0,32,134,3,169,10,78,189,5,282,204,0,204,486
10/10/2022,BFI,WA,ANM,WE,Towers with Radar,15,33,64,0,112,0,29,111,0,140,15,62,175,0,252,96,1,97,349
10/11/2022,BFI,WA,ANM,WE,Towers with Radar,34,52,54,0,140,0,76,182,2,260,34,128,236,2,400,212,0,212,612
10/12/2022,BFI,WA,ANM,WE,Towers with Radar,28,51,71,6,156,0,40,147,0,187,28,91,218,6,343,172,0,172,515
10/13/2022,BFI,WA,ANM,WE,Towers with Radar,23,52,80,0,155,0,30,132,0,162,23,82,212,0,317,291,0,291,608
10/14/2022,BFI,WA,ANM,WE,Towers with Radar,28,54,101,6,189,0,29,184,0,213,28,83,285,6,402,116,0,116,518
10/15/2022,BFI,WA,ANM,WE,Towers with Radar,11,46,63,2,122,0,15,67,8,90,11,61,130,10,212,36,0,36,248
10/16/2022,BFI,WA,ANM,WE,Towers with Radar,10,66,95,1,172,0,30,198,5,233,10,96,293,6,405,28,0,28,433
10/17/2022,BFI,WA,ANM,WE,Towers with Radar,15,64,72,0,151,0,33,157,2,192,15,97,229,2,343,176,0,176,519
10/18/2022,BFI,WA,ANM,WE,Towers with Radar,34,61,71,0,166,0,19,54,0,73,34,80,125,0,239,110,0,110,349
10/19/2022,BFI,WA,ANM,WE,Towers with Radar,23,78,83,6,190,0,4,10,0,14,23,82,93,6,204,0,0,0,204
10/20/2022,BFI,WA,ANM,WE,Towers with Radar,35,74,96,0,205,0,3,1,0,4,35,77,97,0,209,0,0,0,209
10/21/2022,BFI,WA,ANM,WE,Towers with Radar,32,77,68,1,178,0,6,47,0,53,32,83,115,1,231,178,2,180,411
10/22/2022,BFI,WA,ANM,WE,Towers with Radar,14,59,49,1,123,0,5,59,2,66,14,64,108,3,189,152,0,152,341
10/23/2022,BFI,WA,ANM,WE,Towers with Radar,11,86,82,0,179,0,10,115,1,126,11,96,197,1,305,140,0,140,445
10/24/2022,BFI,WA,ANM,WE,Towers with Radar,16,49,55,9,129,0,8,21,0,29,16,57,76,9,158,68,0,68,226
10/25/2022,BFI,WA,ANM,WE,Towers with Radar,24,54,46,6,130,0,6,16,0,22,24,60,62,6,152,86,0,86,238
10/26/2022,BFI,WA,ANM,WE,Towers with Radar,28,59,64,7,158,0,18,74,1,93,28,77,138,8,251,90,0,90,341
10/27/2022,BFI,WA,ANM,WE,Towers with Radar,29,64,67,2,162,0,21,50,0,71,29,85,117,2,233,123,0,123,356
10/28/2022,BFI,WA,ANM,WE,Towers with Radar,21,73,74,5,173,0,22,51,0,73,21,95,125,5,246,122,0,122,368
10/29/2022,BFI,WA,ANM,WE,Towers with Radar,10,41,67,0,118,0,17,169,0,186,10,58,236,0,304,222,0,222,526
10/30/2022,BFI,WA,ANM,WE,Towers with Radar,8,56,56,0,120,0,5,12,2,19,8,61,68,2,139,52,0,52,191
10/31/2022,BFI,WA,ANM,WE,Towers with Radar,14,72,58,0,144,0,12,30,0,42,14,84,88,0,186,46,0,46,232
11/01/2022,BFI,WA,ANM,WE,Towers with Radar,25,66,76,0,167,0,12,71,0,83,25,78,147,0,250,320,0,320,570
11/02/2022,BFI,WA,ANM,WE,Towers with Radar,27,64,82,0,173,0,14,61,0,75,27,78,143,0,248,258,0,258,506
11/03/2022,BFI,WA,ANM,WE,Towers with Radar,28,70,76,0,174,0,8,37,0,45,28,78,113,0,219,54,0,54,273
11/04/2022,BFI,WA,ANM,WE,Towers with Radar,19,61,63,0,143,0,3,4,0,7,19,64,67,0,150,8,0,8,158
11/05/2022,BFI,WA,ANM,WE,Towers with Radar,8,48,47,2,105,0,5,89,0,94,8,53,136,2,199,194,0,194,393
11/06/2022,BFI,WA,ANM,WE,Towers with Radar,12,51,70,0,133,0,20,71,0,91,12,71,141,0,224,128,0,128,352
11/07/2022,BFI,WA,ANM,WE,Towers with Radar,15,53,63,0,131,0,5,43,0,48,15,58,106,0,179,114,0,114,293
11/08/2022,BFI,WA,ANM,WE,Towers with Radar,27,50,72,0,149,0,20,81,0,101,27,70,153,0,250,102,0,102,352
11/09/2022,BFI,WA,ANM,WE,Towers with Radar,30,44,75,2,151,0,27,176,0,203,30,71,251,2,354,172,0,172,526
11/10/2022,BFI,WA,ANM,WE,Towers with Radar,31,63,92,4,190,0,25,107,0,132,31,88,199,4,322,191,0,191,513
11/11/2022,BFI,WA,ANM,WE,Towers with Radar,26,49,78,0,153,0,25,124,1,150,26,74,202,1,303,194,0,194,497
11/12/2022,BFI,WA,ANM,WE,Towers with Radar,9,45,55,0,109,0,38,186,0,224,9,83,241,0,333,198,0,198,531
11/13/2022,BFI,WA,ANM,WE,Towers with Radar,16,57,76,0,149,0,12,124,0,136,16,69,200,0,285,167,0,167,452
11/14/2022,BFI,WA,ANM,WE,Towers with Radar,12,54,67,2,135,0,24,95,0,119,12,78,162,2,254,116,0,116,370
11/15/2022,BFI,WA,ANM,WE,Towers with Radar,32,53,60,6,151,0,31,108,0,139,32,84,168,6,290,196,0,196,486
11/16/2022,BFI,WA,ANM,WE,Towers with Radar,26,71,75,0,172,0,15,130,0,145,26,86,205,0,317,167,0,167,484
11/17/2022,BFI,WA,ANM,WE,Towers with Radar,30,65,66,0,161,0,20,82,0,102,30,85,148,0,263,74,0,74,337
11/18/2022,BFI,WA,ANM,WE,Towers with Radar,24,66,81,0,171,0,23,198,0,221,24,89,279,0,392,236,0,236,628
11/19/2022,BFI,WA,ANM,WE,Towers with Radar,15,53,69,0,137,0,22,196,0,218,15,75,265,0,355,266,0,266,621
11/20/2022,BFI,WA,ANM,WE,Towers with Radar,15,47,62,0,124,0,14,117,0,131,15,61,179,0,255,178,0,178,433
11/21/2022,BFI,WA,ANM,WE,Towers with Radar,19,55,48,0,122,0,15,89,0,104,19,70,137,0,226,130,0,130,356
11/22/2022,BFI,WA,ANM,WE,Towers with Radar,45,70,59,0,174,0,7,11,0,18,45,77,70,0,192,8,0,8,200
11/23/2022,BFI,WA,ANM,WE,Towers with Radar,42,60,89,0,191,0,21,91,0,112,42,81,180,0,303,124,0,124,427
11/24/2022,BFI,WA,ANM,WE,Towers with Radar,7,14,21,0,42,0,3,24,0,27,7,17,45,0,69,28,0,28,97
11/25/2022,BFI,WA,ANM,WE,Towers with Radar,10,44,30,0,84,0,4,8,0,12,10,48,38,0,96,0,0,0,96
11/26/2022,BFI,WA,ANM,WE,Towers with Radar,14,61,64,0,139,0,3,30,0,33,14,64,94,0,172,80,1,81,253
11/27/2022,BFI,WA,ANM,WE,Towers with Radar,11,72,109,0,192,0,17,104,9,130,11,89,213,9,322,26,5,31,353
11/28/2022,BFI,WA,ANM,WE,Towers with Radar,24,59,69,0,152,0,11,67,4,82,24,70,136,4,234,92,0,92,326
11/29/2022,BFI,WA,ANM,WE,Towers with Radar,38,67,57,1,163,0,0,1,0,1,38,67,58,1,164,0,0,0,164
11/30/2022,BFI,WA,ANM,WE,Towers with Radar,45,75,56,2,178,0,2,10,0,12,45,77,66,2,190,12,2,14,204
12/01/2022,BFI,WA,ANM,WE,Towers with Radar,41,68,51,3,163,0,18,76,0,94,41,86,127,3,257,107,1,108,365
12/02/2022,BFI,WA,ANM,WE,Towers with Radar,23,56,56,1,136,0,5,62,0,67,23,61,118,1,203,168,2,170,373
12/03/2022,BFI,WA,ANM,WE,Towers with Radar,6,35,50,0,91,0,24,89,0,113,6,59,139,0,204,66,0,66,270
12/04/2022,BFI,WA,ANM,WE,Towers with Radar,15,51,50,0,116,0,10,42,0,52,15,61,92,0,168,96,0,96,264
12/05/2022,BFI,WA,ANM,WE,Towers with Radar,33,65,62,0,160,0,6,69,0,75,33,71,131,0,235,98,0,98,333
12/06/2022,BFI,WA,ANM,WE,Towers with Radar,50,71,79,2,202,0,8,14,3,25,50,79,93,5,227,28,10,38,265
12/07/2022,BFI,WA,ANM,WE,Towers with Radar,38,58,85,1,182,0,7,103,0,110,38,65,188,1,292,126,0,126,418
12/08/2022,BFI,WA,ANM,WE,Towers with Radar,40,81,69,2,192,0,4,20,0,24,40,85,89,2,216,64,0,64,280
12/09/2022,BFI,WA,ANM,WE,Towers with Radar,31,77,70,3,181,0,7,52,0,59,31,84,122,3,240,144,0,144,384
12/10/2022,BFI,WA,ANM,WE,Towers with Radar,10,58,62,0,130,0,3,61,0,64,10,61,123,0,194,182,0,182,376
12/11/2022,BFI,WA,ANM,WE,Towers with Radar,6,50,51,0,107,0,0,2,0,2,6,50,53,0,109,0,0,0,109
12/12/2022,BFI,WA,ANM,WE,Towers with Radar,16,71,81,0,168,0,8,77,0,85,16,79,158,0,253,136,2,138,391
12/13/2022,BFI,WA,ANM,WE,Towers with Radar,53,60,59,2,174,0,7,118,0,125,53,67,177,2,299,100,2,102,401
12/14/2022,BFI,WA,ANM,WE,Towers with Radar,49,67,95,5,216,0,12,86,0,98,49,79,181,5,314,76,0,76,390
12/15/2022,BFI,WA,ANM,WE,Towers with Radar,46,88,97,1,232,0,12,115,0,127,46,100,212,1,359,12,0,12,371
12/16/2022,BFI,WA,ANM,WE,Towers with Radar,48,65,84,2,199,0,9,89,0,98,48,74,173,2,297,134,0,134,431
12/17/2022,BFI,WA,ANM,WE,Towers with Radar,50,70,69,1,190,0,0,0,0,0,50,70,69,1,190,6,0,6,196
12/18/2022,BFI,WA,ANM,WE,Towers with Radar,26,54,58,0,138,0,1,15,0,16,26,55,73,0,154,48,0,48,202
12/19/2022,BFI,WA,ANM,WE,Towers with Radar,38,62,61,0,161,0,8,15,0,23,38,70,76,0,184,44,0,44,228
12/20/2022,BFI,WA,ANM,WE,Towers with Radar,40,74,38,0,152,0,0,0,0,0,40,74,38,0,152,0,0,0,152
12/21/2022,BFI,WA,ANM,WE,Towers with Radar,47,57,66,1,171,0,21,42,0,63,47,78,108,1,234,46,0,46,280
12/22/2022,BFI,WA,ANM,WE,Towers with Radar,40,60,68,1,169,0,28,60,3,91,40,88,128,4,260,76,2,78,338
12/23/2022,BFI,WA,ANM,WE,Towers with Radar,9,42,38,0,89,0,0,0,0,0,9,42,38,0,89,0,0,0,89
12/24/2022,BFI,WA,ANM,WE,Towers with Radar,12,68,40,0,120,0,1,1,0,2,12,69,41,0,122,0,0,0,122
12/25/2022,BFI,WA,ANM,WE,Towers with Radar,3,43,24,0,70,0,6,2,0,8,3,49,26,0,78,12,0,12,90
12/26/2022,BFI,WA,ANM,WE,Towers with Radar,8,73,89,0,170,0,11,32,0,43,8,84,121,0,213,48,0,48,261
12/27/2022,BFI,WA,ANM,WE,Towers with Radar,19,47,59,1,126,0,3,22,0,25,19,50,81,1,151,38,0,38,189
12/28/2022,BFI,WA,ANM,WE,Towers with Radar,38,58,49,1,146,0,13,108,3,124,38,71,157,4,270,122,1,123,393
12/29/2022,BFI,WA,ANM,WE,Towers with Radar,32,63,45,2,142,0,4,57,0,61,32,67,102,2,203,210,0,210,413
12/30/2022,BFI,WA,ANM,WE,Towers with Radar,23,48,35,0,106,0,9,35,1,45,23,57,70,1,151,68,0,68,219
12/31/2022,BFI,WA,ANM,WE,Towers with Radar,3,59,46,0,108,0,7,30,0,37,3,66,76,0,145,32,0,32,177
01/01/2023,BFI,WA,ANM,WE,Towers with Radar,1,52,78,0,131,0,4,15,0,19,1,56,93,0,150,6,0,6,156
01/02/2023,BFI,WA,ANM,WE,Towers with Radar,11,63,97,0,171,0,41,94,0,135,11,104,191,0,306,106,0,106,412
01/03/2023,BFI,WA,ANM,WE,Towers with Radar,13,66,62,0,141,0,20,63,0,83,13,86,125,0,224,150,0,150,374
01/04/2023,BFI,WA,ANM,WE,Towers with Radar,26,66,48,2,142,0,17,108,2,127,26,83,156,4,269,64,0,64,333
01/05/2023,BFI,WA,ANM,WE,Towers with Radar,28,46,48,0,122,0,14,46,3,63,28,60,94,3,185,48,0,48,233
01/06/2023,BFI,WA,ANM,WE,Towers with Radar,22,61,65,0,148,0,21,93,1,115,22,82,158,1,263,252,0,252,515
01/07/2023,BFI,WA,ANM,WE,Towers with Radar,5,42,39,0,86,0,28,62,0,90,5,70,101,0,176,210,0,210,386
01/08/2023,BFI,WA,ANM,WE,Towers with Radar,9,53,66,0,128,0,12,49,15,76,9,65,115,15,204,108,0,108,312
01/09/2023,BFI,WA,ANM,WE,Towers with Radar,14,49,41,0,104,0,7,8,0,15,14,56,49,0,119,0,0,0,119
01/10/2023,BFI,WA,ANM,WE,Towers with Radar,28,47,50,3,128,0,24,117,1,142,28,71,167,4,270,108,0,108,378
01/11/2023,BFI,WA,ANM,WE,Towers with Radar,30,67,68,1,166,0,12,121,1,134,30,79,189,2,300,179,0,179,479
01/12/2023,BFI,WA,ANM,WE,Towers with Radar,34,55,64,2,155,0,5,36,0,41,34,60,100,2,196,106,0,106,302
01/13/2023,BFI,WA,ANM,WE,Towers with Radar,26,79,75,4,184,0,3,32,0,35,26,82,107,4,219,98,0,98,317
01/14/2023,BFI,WA,ANM,WE,Towers with Radar,11,62,63,2,138,0,15,166,0,181,11,77,229,2,319,124,0,124,443
01/15/2023,BFI,WA,ANM,WE,Towers with Radar,12,51,42,3,108,0,5,54,0,59,12,56,96,3,167,190,0,190,357
01/16/2023,BFI,WA,ANM,WE,Towers with Radar,32,61,62,0,155,0,15,107,0,122,32,76,169,0,277,134,0,134,411
01/17/2023,BFI,WA,ANM,WE,Towers with Radar,25,57,76,0,158,0,4,25,2,31,25,61,101,2,189,148,2,150,339
01/18/2023,BFI,WA,ANM,WE,Towers with Radar,25,61,53,0,139,0,2,16,1,19,25,63,69,1,158,100,0,100,258
01/19/2023,BFI,WA,ANM,WE,Towers with Radar,29,56,69,0,154,0,16,66,0,82,29,72,135,0,236,220,0,220,456
01/20/2023,BFI,WA,ANM,WE,Towers with Radar,30,69,74,3,176,0,8,143,0,151,30,77,217,3,327,204,0,204,531
01/21/2023,BFI,WA,ANM,WE,Towers with Radar,14,53,37,0,104,0,0,6,0,6,14,53,43,0,110,22,0,22,132
01/22/2023,BFI,WA,ANM,WE,Towers with Radar,14,65,64,0,143,0,9,86,0,95,14,74,150,0,238,102,0,102,340
01/23/2023,BFI,WA,ANM,WE,Towers with Radar,22,46,57,0,125,0,22,74,0,96,22,68,131,0,221,38,0,38,259
01/24/2023,BFI,WA,ANM,WE,Towers with Radar,27,51,61,0,139,0,6,21,0,27,27,57,82,0,166,66,0,66,232
01/25/2023,BFI,WA,ANM,WE,Towers with Radar,27,58,68,0,153,0,13,40,0,53,27,71,108,0,206,218,2,220,426
01/26/2023,BFI,WA,ANM,WE,Towers with Radar,24,69,69,0,162,0,7,17,0,24,24,76,86,0,186,21,0,21,207
01/27/2023,BFI,WA,ANM,WE,Towers with Radar,25,74,68,1,168,0,10,53,0,63,25,84,121,1,231,172,0,172,403
01/28/2023,BFI,WA,ANM,WE,Towers with Radar,11,48,35,0,94,0,11,79,0,90,11,59,114,0,184,308,0,308,492
01/29/2023,BFI,WA,ANM,WE,Towers with Radar,9,50,59,0,118,0,24,205,0,229,9,74,264,0,347,120,0,120,467
01/30/2023,BFI,WA,ANM,WE,Towers with Radar,11,63,66,0,140,0,17,151,2,170,11,80,217,2,310,152,0,152,462
01/31/2023,BFI,WA,ANM,WE,Towers with Radar,36,48,88,0,172,0,23,86,0,109,36,71,174,0,281,158,1,159,440
02/01/2023,BFI,WA,ANM,WE,Towers with Radar,23,45,66,0,134,0,21,97,0,118,23,66,163,0,252,88,0,88,340
02/02/2023,BFI,WA,ANM,WE,Towers with Radar,26,59,67,1,153,0,25,187,4,216,26,84,254,5,369,142,0,142,511
02/03/2023,BFI,WA,ANM,WE,Towers with Radar,16,44,51,2,113,0,6,31,0,37,16,50,82,2,150,64,0,64,214
02/04/2023,BFI,WA,ANM,WE,Towers with Radar,7,43,53,0,103,0,10,77,0,87,7,53,130,0,190,230,0,230,420
02/05/2023,BFI,WA,ANM,WE,Towers with Radar,12,45,49,0,106,0,5,27,0,32,12,50,76,0,138,38,0,38,176
02/06/2023,BFI,WA,ANM,WE,Towers with Radar,9,68,70,0,147,0,10,8,0,18,9,78,78,0,165,4,0,4,169
02/07/2023,BFI,WA,ANM,WE,Towers with Radar,30,55,60,0,145,0,10,15,0,25,30,65,75,0,170,71,0,71,241
02/08/2023,BFI,WA,ANM,WE,Towers with Radar,27,67,86,1,181,0,16,122,2,140,27,83,208,3,321,143,0,143,464
02/09/2023,BFI,WA,ANM,WE,Towers with Radar,29,46,84,4,163,0,24,138,2,164,29,70,222,6,327,125,0,125,452
02/10/2023,BFI,WA,ANM,WE,Towers with Radar,20,58,65,1,144,0,11,83,0,94,20,69,148,1,238,72,0,72,310
02/11/2023,BFI,WA,ANM,WE,Towers with Radar,11,57,56,2,126,0,54,96,0,150,11,111,152,2,276,140,0,140,416
02/12/2023,BFI,WA,ANM,WE,Towers with Radar,6,37,51,1,95,0,36,113,4,153,6,73,164,5,248,274,2,276,524
02/13/2023,BFI,WA,ANM,WE,Towers with Radar,11,47,71,0,129,0,14,43,0,57,11,61,114,0,186,23,0,23,209
02/14/2023,BFI,WA,ANM,WE,Towers with Radar,30,54,57,0,141,0,9,99,1,109,30,63,156,1,250,119,0,119,369
02/15/2023,BFI,WA,ANM,WE,Towers with Radar,26,41,73,3,143,0,38,177,0,215,26,79,250,3,358,140,2,142,500
02/16/2023,BFI,WA,ANM,WE,Towers with Radar,31,35,72,0,138,0,15,98,1,114,31,50,170,1,252,130,0,130,382
02/17/2023,BFI,WA,ANM,WE,Towers with Radar,20,93,91,0,204,0,2,23,0,25,20,95,114,0,229,26,0,26,255
02/18/2023,BFI,WA,ANM,WE,Towers with Radar,8,66,50,0,124,0,12,17,0,29,8,78,67,0,153,66,0,66,219
02/19/2023,BFI,WA,ANM,WE,Towers with Radar,11,50,54,1,116,0,3,28,0,31,11,53,82,1,147,78,0,78,225
02/20/2023,BFI,WA,ANM,WE,Towers with Radar,18,49,84,2,153,0,1,2,0,3,18,50,86,2,156,6,0,6,162
02/21/2023,BFI,WA,ANM,WE,Towers with Radar,33,47,63,1,144,0,24,53,0,77,33,71,116,1,221,171,0,171,392
02/22/2023,BFI,WA,ANM,WE,Towers with Radar,33,55,63,1,152,0,11,39,0,50,33,66,102,1,202,30,0,30,232
02/23/2023,BFI,WA,ANM,WE,Towers with Radar,41,60,89,0,190,0,27,101,0,128,41,87,190,0,318,190,0,190,508
02/24/2023,BFI,WA,ANM,WE,Towers with Radar,22,46,65,2,135,0,35,220,3,258,22,81,285,5,393,198,4,202,595
02/25/2023,BFI,WA,ANM,WE,Towers with Radar,9,64,58,0,131,0,19,123,0,142,9,83,181,0,273,50,0,50,323
02/26/2023,BFI,WA,ANM,WE,Towers with Radar,9,71,70,2,152,0,9,52,0,61,9,80,122,2,213,124,0,124,337
02/27/2023,BFI,WA,ANM,WE,Towers with Radar,17,71,59,3,150,0,2,23,0,25,17,73,82,3,175,50,0,50,225
02/28/2023,BFI,WA,ANM,WE,Towers with Radar,35,64,59,0,158,0,7,58,1,66,35,71,117,1,224,240,0,240,464
03/01/2023,BFI,WA,ANM,WE,Towers with Radar,26,44,71,0,141,0,12,68,2,82,26,56,139,2,223,112,0,112,335
03/02/2023,BFI,WA,ANM,WE,Towers with Radar,21,70,70,0,161,0,1,10,0,11,21,71,80,0,172,25,0,25,197
03/03/2023,BFI,WA,ANM,WE,Towers with Radar,16,58,76,0,150,0,8,19,9,36,16,66,95,9,186,94,0,94,280
03/04/2023,BFI,WA,ANM,WE,Towers with Radar,13,51,44,0,108,0,10,65,0,75,13,61,109,0,183,252,0,252,435
03/05/2023,BFI,WA,ANM,WE,Towers with Radar,8,36,65,0,109,0,21,138,0,159,8,57,203,0,268,124,0,124,392
03/06/2023,BFI,WA,ANM,WE,Towers with Radar,18,62,72,0,152,0,20,133,0,153,18,82,205,0,305,132,2,134,439
03/07/2023,BFI,WA,ANM,WE,Towers with Radar,29,61,67,1,158,0,19,109,0,128,29,80,176,1,286,118,0,118,404
03/08/2023,BFI,WA,ANM,WE,Towers with Radar,30,57,64,0,151,0,5,65,1,71,30,62,129,1,222,224,2,226,448
03/09/2023,BFI,WA,ANM,WE,Towers with Radar,25,59,83,0,167,0,15,73,2,90,25,74,156,2,257,166,0,166,423
03/10/2023,BFI,WA,ANM,WE,Towers with Radar,24,50,64,0,138,0,17,87,0,104,24,67,151,0,242,170,0,170,412
03/11/2023,BFI,WA,ANM,WE,Towers with Radar,7,52,46,2,107,0,20,126,0,146,7,72,172,2,253,140,0,140,393
03/12/2023,BFI,WA,ANM,WE,Towers with Radar,15,62,76,1,154,0,17,79,0,96,15,79,155,1,250,233,0,233,483
03/13/2023,BFI,WA,ANM,WE,Towers with Radar,17,68,61,0,146,0,5,32,1,38,17,73,93,1,184,84,0,84,268
03/14/2023,BFI,WA,ANM,WE,Towers with Radar,35,49,79,0,163,0,23,115,0,138,35,72,194,0,301,153,3,156,457
03/15/2023,BFI,WA,ANM,WE,Towers with Radar,42,52,70,2,166,0,22,133,0,155,42,74,203,2,321,116,0,116,437
03/16/2023,BFI,WA,ANM,WE,Towers with Radar,28,44,65,2,139,0,31,176,0,207,28,75,241,2,346,56,0,56,402
03/17/2023,BFI,WA,ANM,WE,Towers with Radar,22,49,89,2,162,0,37,278,0,315,22,86,367,2,477,144,0,144,621
03/18/2023,BFI,WA,ANM,WE,Towers with Radar,17,48,62,2,129,0,25,159,0,184,17,73,221,2,313,118,0,118,431
03/19/2023,BFI,WA,ANM,WE,Towers with Radar,8,42,66,2,118,0,24,121,8,153,8,66,187,10,271,57,0,57,328
03/20/2023,BFI,WA,ANM,WE,Towers with Radar,12,73,63,0,148,0,13,42,0,55,12,86,105,0,203,70,0,70,273
03/21/2023,BFI,WA,ANM,WE,Towers with Radar,29,76,77,0,182,0,16,92,0,108,29,92,169,0,290,100,0,100,390
03/22/2023,BFI,WA,ANM,WE,Towers with Radar,43,61,76,1,181,0,21,157,1,179,43,82,233,2,360,102,2,104,464
03/23/2023,BFI,WA,ANM,WE,Towers with Radar,40,83,57,1,181,0,10,35,0,45,40,93,92,1,226,119,0,119,345
03/24/2023,BFI,WA,ANM,WE,Towers with Radar,29,73,93,1,196,0,7,33,0,40,29,80,126,1,236,18,0,18,254
03/25/2023,BFI,WA,ANM,WE,Towers with Radar,18,44,45,4,111,0,19,50,0,69,18,63,95,4,180,150,0,150,330
03/26/2023,BFI,WA,ANM,WE,Towers with Radar,17,57,66,0,140,0,39,167,0,206,17,96,233,0,346,186,0,186,532
03/27/2023,BFI,WA,ANM,WE,Towers with Radar,29,65,68,0,162,0,25,118,0,143,29,90,186,0,305,60,0,60,365
03/28/2023,BFI,WA,ANM,WE,Towers with Radar,35,72,55,0,162,0,44,102,0,146,35,116,157,0,308,84,0,84,392
03/29/2023,BFI,WA,ANM,WE,Towers with Radar,25,50,72,1,148,0,31,178,0,209,25,81,250,1,357,206,0,206,563
03/30/2023,BFI,WA,ANM,WE,Towers with Radar,31,76,88,0,195,0,21,82,11,114,31,97,170,11,309,165,0,165,474
03/31/2023,BFI,WA,ANM,WE,Towers with Radar,23,79,62,0,164,0,15,37,0,52,23,94,99,0,216,85,0,85,301
04/01/2023,BFI,WA,ANM,WE,Towers with Radar,14,55,43,0,112,0,9,50,0,59,14,64,93,0,171,80,0,80,251
04/02/2023,BFI,WA,ANM,WE,Towers with Radar,11,64,66,0,141,0,9,34,4,47,11,73,100,4,188,22,0,22,210
04/03/2023,BFI,WA,ANM,WE,Towers with Radar,15,48,41,0,104,0,18,64,1,83,15,66,105,1,187,84,0,84,271
04/04/2023,BFI,WA,ANM,WE,Towers with Radar,33,42,49,0,124,0,14,113,1,128,33,56,162,1,252,124,0,124,376
04/05/2023,BFI,WA,ANM,WE,Towers with Radar,35,48,56,0,139,0,48,171,0,219,35,96,227,0,358,160,2,162,520
04/06/2023,BFI,WA,ANM,WE,Towers with Radar,27,72,67,0,166,0,3,61,0,64,27,75,128,0,230,256,0,256,486
04/07/2023,BFI,WA,ANM,WE,Towers with Radar,33,77,72,0,182,0,24,88,1,113,33,101,160,1,295,124,2,126,421
04/08/2023,BFI,WA,ANM,WE,Towers with Radar,11,54,44,0,109,0,10,60,0,70,11,64,104,0,179,208,0,208,387
04/09/2023,BFI,WA,ANM,WE,Towers with Radar,18,54,35,0,107,0,2,29,0,31,18,56,64,0,138,144,0,144,282
04/10/2023,BFI,WA,ANM,WE,Towers with Radar,16,67,61,0,144,0,4,25,0,29,16,71,86,0,173,78,0,78,251
04/11/2023,BFI,WA,ANM,WE,Towers with Radar,29,63,52,1,145,0,18,33,0,51,29,81,85,1,196,18,0,18,214
04/12/2023,BFI,WA,ANM,WE,Towers with Radar,40,62,69,1,172,0,21,161,1,183,40,83,230,2,355,180,0,180,535
04/13/2023,BFI,WA,ANM,WE,Towers with Radar,19,62,52,1,134,0,35,138,0,173,19,97,190,1,307,264,2,266,573
04/14/2023,BFI,WA,ANM,WE,Towers with Radar,20,59,65,4,148,0,37,208,0,245,20,96,273,4,393,118,0,118,511
04/15/2023,BFI,WA,ANM,WE,Towers with Radar,7,61,62,0,130,0,36,135,0,171,7,97,197,0,301,134,0,134,435
04/16/2023,BFI,WA,ANM,WE,Towers with Radar,11,87,74,0,172,0,12,29,4,45,11,99,103,4,217,54,2,56,273
04/17/2023,BFI,WA,ANM,WE,Towers with Radar,15,76,65,0,156,0,22,56,0,78,15,98,121,0,234,90,0,90,324
04/18/2023,BFI,WA,ANM,WE,Towers with Radar,25,77,62,0,164,0,19,26,0,45,25,96,88,0,209,46,0,46,255
04/19/2023,BFI,WA,ANM,WE,Towers with Radar,26,61,61,0,148,0,43,112,4,159,26,104,173,4,307,105,0,105,412
04/20/2023,BFI,WA,ANM,WE,Towers with Radar,21,55,77,3,156,0,17,49,0,66,21,72,126,3,222,134,0,134,356
04/21/2023,BFI,WA,ANM,WE,Towers with Radar,21,67,71,0,159,0,14,125,0,139,21,81,196,0,298,218,0,218,516
04/22/2023,BFI,WA,ANM,WE,Towers with Radar,9,55,73,0,137,0,20,148,0,168,9,75,221,0,305,166,0,166,471
04/23/2023,BFI,WA,ANM,WE,Towers with Radar,11,66,76,1,154,0,12,44,2,58,11,78,120,3,212,54,0,54,266
04/24/2023,BFI,WA,ANM,WE,Towers with Radar,12,59,46,0,117,0,26,96,0,122,12,85,142,0,239,154,0,154,393
04/25/2023,BFI,WA,ANM,WE,Towers with Radar,23,39,80,0,142,0,31,107,0,138,23,70,187,0,280,201,0,201,481
04/26/2023,BFI,WA,ANM,WE,Towers with Radar,26,55,64,0,145,0,30,178,0,208,26,85,242,0,353,176,0,176,529
04/27/2023,BFI,WA,ANM,WE,Towers with Radar,26,57,79,3,165,0,37,160,0,197,26,94,239,3,362,148,1,149,511
04/28/2023,BFI,WA,ANM,WE,Towers with Radar,17,51,53,0,121,0,54,255,5,314,17,105,308,5,435,26,1,27,462
04/29/2023,BFI,WA,ANM,WE,Towers with Radar,9,48,46,0,103,0,39,252,6,297,9,87,298,6,400,175,2,177,577
04/30/2023,BFI,WA,ANM,WE,Towers with Radar,9,69,73,0,151,0,22,147,0,169,9,91,220,0,320,248,0,248,568
05/01/2023,BFI,WA,ANM,WE,Towers with Radar,10,62,72,3,147,0,26,88,0,114,10,88,160,3,261,28,0,28,289
05/02/2023,BFI,WA,ANM,WE,Towers with Radar,23,67,70,0,160,0,45,156,0,201,23,112,226,0,361,14,0,14,375
05/03/2023,BFI,WA,ANM,WE,Towers with Radar,20,57,64,4,145,0,40,131,0,171,20,97,195,4,316,100,0,100,416
05/04/2023,BFI,WA,ANM,WE,Towers with Radar,21,52,80,0,153,0,17,34,0,51,21,69,114,0,204,62,0,62,266
05/05/2023,BFI,WA,ANM,WE,Towers with Radar,23,75,91,0,189,0,2,3,0,5,23,77,94,0,194,6,0,6,200
05/06/2023,BFI,WA,ANM,WE,Towers with Radar,14,42,46,3,105,0,14,83,0,97,14,56,129,3,202,162,0,162,364
05/07/2023,BFI,WA,ANM,WE,Towers with Radar,15,67,89,0,171,0,37,143,6,186,15,104,232,6,357,80,0,80,437
05/08/2023,BFI,WA,ANM,WE,Towers with Radar,16,58,67,2,143,0,34,119,0,153,16,92,186,2,296,4,0,4,300
05/09/2023,BFI,WA,ANM,WE,Towers with Radar,28,69,77,4,178,0,30,115,0,145,28,99,192,4,323,114,0,114,437
05/10/2023,BFI,WA,ANM,WE,Towers with Radar,29,78,84,0,191,0,24,187,4,215,29,102,271,4,406,32,0,32,438
05/11/2023,BFI,WA,ANM,WE,Towers with Radar,15,94,95,3,207,0,47,146,0,193,15,141,241,3,400,72,0,72,472
05/12/2023,BFI,WA,ANM,WE,Towers with Radar,26,40,58,1,125,0,65,243,0,308,26,105,301,1,433,84,0,84,517
05/13/2023,BFI,WA,ANM,WE,Towers with Radar,13,58,46,2,119,0,42,186,1,229,13,100,232,3,348,2,2,4,352
05/14/2023,BFI,WA,ANM,WE,Towers with Radar,12,63,45,0,120,0,49,166,0,215,12,112,211,0,335,84,0,84,419
05/15/2023,BFI,WA,ANM,WE,Towers with Radar,11,54,46,2,113,0,50,147,0,197,11,104,193,2,310,32,0,32,342
05/16/2023,BFI,WA,ANM,WE,Towers with Radar,28,57,72,3,160,0,24,159,0,183,28,81,231,3,343,182,0,182,525
05/17/2023,BFI,WA,ANM,WE,Towers with Radar,23,71,93,2,189,0,62,182,0,244,23,133,275,2,433,132,0,132,565
05/18/2023,BFI,WA,ANM,WE,Towers with Radar,30,60,77,2,169,0,47,195,0,242,30,107,272,2,411,138,0,138,549
05/19/2023,BFI,WA,ANM,WE,Towers with Radar,18,57,91,2,168,0,29,179,0,208,18,86,270,2,376,108,0,108,484
05/20/2023,BFI,WA,ANM,WE,Towers with Radar,6,55,37,2,100,0,40,200,0,240,6,95,237,2,340,86,0,86,426
05/21/2023,BFI,WA,ANM,WE,Towers with Radar,12,67,92,0,171,0,19,74,0,93,12,86,166,0,264,84,2,86,350
05/22/2023,BFI,WA,ANM,WE,Towers with Radar,14,70,89,0,173,0,25,107,0,132,14,95,196,0,305,68,0,68,373
05/23/2023,BFI,WA,ANM,WE,Towers with Radar,31,50,73,0,154,0,27,135,0,162,31,77,208,0,316,50,0,50,366
05/24/2023,BFI,WA,ANM,WE,Towers with Radar,30,47,75,1,153,0,47,169,1,217,30,94,244,2,370,32,0,32,402
05/25/2023,BFI,WA,ANM,WE,Towers with Radar,31,64,75,5,175,0,39,151,0,190,31,103,226,5,365,47,0,47,412
05/26/2023,BFI,WA,ANM,WE,Towers with Radar,17,68,68,14,167,0,49,249,0,298,17,117,317,14,465,26,0,26,491
05/27/2023,BFI,WA,ANM,WE,Towers with Radar,7,57,45,10,119,0,48,96,0,144,7,105,141,10,263,26,0,26,289
05/28/2023,BFI,WA,ANM,WE,Towers with Radar,5,58,57,8,128,0,50,102,4,156,5,108,159,12,284,124,0,124,408
05/29/2023,BFI,WA,ANM,WE,Towers with Radar,1,73,90,2,166,0,40,104,0,144,1,113,194,2,310,72,0,72,382
05/30/2023,BFI,WA,ANM,WE,Towers with Radar,15,63,104,2,184,0,57,156,5,218,15,120,260,7,402,180,0,180,582
05/31/2023,BFI,WA,ANM,WE,Towers with Radar,33,64,86,2,185,0,40,166,3,209,33,104,252,5,394,138,0,138,532
06/01/2023,BFI,WA,ANM,WE,Towers with Radar,29,49,88,1,167,0,49,172,0,221,29,98,260,1,388,52,2,54,442
06/02/2023,BFI,WA,ANM,WE,Towers with Radar,22,50,62,1,135,0,40,211,0,251,22,90,273,1,386,140,0,140,526
06/03/2023,BFI,WA,ANM,WE,Towers with Radar,10,43,46,0,99,0,50,200,0,250,10,93,246,0,349,96,0,96,445
06/04/2023,BFI,WA,ANM,WE,Towers with Radar,9,64,56,0,129,0,57,149,0,206,9,121,205,0,335,84,0,84,419
06/05/2023,BFI,WA,ANM,WE,Towers with Radar,16,59,69,4,148,0,68,138,0,206,16,127,207,4,354,26,2,28,382
06/06/2023,BFI,WA,ANM,WE,Towers with Radar,21,57,56,2,136,0,55,181,0,236,21,112,237,2,372,12,0,12,384
06/07/2023,BFI,WA,ANM,WE,Towers with Radar,32,59,62,2,155,0,60,233,0,293,32,119,295,2,448,150,2,152,600
06/08/2023,BFI,WA,ANM,WE,Towers with Radar,36,59,114,1,210,0,48,204,0,252,36,107,318,1,462,272,0,272,734
06/09/2023,BFI,WA,ANM,WE,Towers with Radar,22,69,88,7,186,0,11,32,0,43,22,80,120,7,229,26,0,26,255
06/10/2023,BFI,WA,ANM,WE,Towers with Radar,9,58,65,11,143,0,17,55,0,72,9,75,120,11,215,150,0,150,365
06/11/2023,BFI,WA,ANM,WE,Towers with Radar,14,53,61,2,130,0,36,186,2,224,14,89,247,4,354,192,0,192,546
06/12/2023,BFI,WA,ANM,WE,Towers with Radar,14,68,87,2,171,0,49,189,2,240,14,117,276,4,411,26,0,26,437
06/13/2023,BFI,WA,ANM,WE,Towers with Radar,28,70,83,0,181,0,40,76,0,116,28,110,159,0,297,186,0,186,483
06/14/2023,BFI,WA,ANM,WE,Towers with Radar,29,86,99,0,214,0,52,195,0,247,29,138,294,0,461,198,6,204,665
06/15/2023,BFI,WA,ANM,WE,Towers with Radar,25,85,95,0,205,0,48,173,2,223,25,133,268,2,428,194,0,194,622
06/16/2023,BFI,WA,ANM,WE,Towers with Radar,23,67,103,0,193,0,51,167,0,218,23,118,270,0,411,142,0,142,553
06/17/2023,BFI,WA,ANM,WE,Towers with Radar,11,67,96,1,175,0,30,70,2,102,11,97,166,3,277,8,0,8,285
06/18/2023,BFI,WA,ANM,WE,Towers with Radar,13,75,81,0,169,0,27,88,0,115,13,102,169,0,284,128,0,128,412
06/19/2023,BFI,WA,ANM,WE,Towers with Radar,15,71,94,1,181,0,29,102,0,131,15,100,196,1,312,146,0,146,458
06/20/2023,BFI,WA,ANM,WE,Towers with Radar,22,90,78,0,190,0,16,55,6,77,22,106,133,6,267,184,0,184,451
06/21/2023,BFI,WA,ANM,WE,Towers with Radar,25,69,90,0,184,1,41,216,3,261,26,110,306,3,445,178,0,178,623
06/22/2023,BFI,WA,ANM,WE,Towers with Radar,33,53,73,0,159,0,64,155,2,221,33,117,228,2,380,64,2,66,446
06/23/2023,BFI,WA,ANM,WE,Towers with Radar,19,73,84,0,176,0,65,207,0,272,19,138,291,0,448,191,0,191,639
06/24/2023,BFI,WA,ANM,WE,Towers with Radar,10,57,55,0,122,0,83,143,0,226,10,140,198,0,348,128,0,128,476
06/25/2023,BFI,WA,ANM,WE,Towers with Radar,11,63,82,0,156,1,62,237,0,300,12,125,319,0,456,146,0,146,602
06/26/2023,BFI,WA,ANM,WE,Towers with Radar,10,68,77,0,155,0,34,120,0,154,10,102,197,0,309,24,0,24,333
06/27/2023,BFI,WA,ANM,WE,Towers with Radar,33,57,89,0,179,0,56,140,1,197,33,113,229,1,376,2,0,2,378
06/28/2023,BFI,WA,ANM,WE,Towers with Radar,23,78,87,3,191,0,64,180,5,249,23,142,267,8,440,26,0,26,466
06/29/2023,BFI,WA,ANM,WE,Towers with Radar,28,69,79,2,178,0,53,184,4,241,28,122,263,6,419,94,4,98,517
06/30/2023,BFI,WA,ANM,WE,Towers with Radar,23,63,100,3,189,0,88,225,0,313,23,151,325,3,502,116,0,116,618
07/01/2023,BFI,WA,ANM,WE,Towers with Radar,10,61,79,1,151,0,91,229,3,323,10,152,308,4,474,84,0,84,558
07/02/2023,BFI,WA,ANM,WE,Towers with Radar,15,54,63,0,132,0,58,189,0,247,15,112,252,0,379,42,0,42,421
07/03/2023,BFI,WA,ANM,WE,Towers with Radar,8,43,42,1,94,0,95,161,2,258,8,138,203,3,352,36,0,36,388
07/04/2023,BFI,WA,ANM,WE,Towers with Radar,3,43,43,0,89,0,39,108,0,147,3,82,151,0,236,52,0,52,288
07/05/2023,BFI,WA,ANM,WE,Towers with Radar,19,71,74,2,166,0,95,197,2,294,19,166,271,4,460,170,0,170,630
07/06/2023,BFI,WA,ANM,WE,Towers with Radar,23,43,80,1,147,0,69,168,0,237,23,112,248,1,384,176,0,176,560
07/07/2023,BFI,WA,ANM,WE,Towers with Radar,32,75,71,6,184,0,55,162,0,217,32,130,233,6,401,124,0,124,525
07/08/2023,BFI,WA,ANM,WE,Towers with Radar,7,69,91,3,170,0,39,151,2,192,7,108,242,5,362,128,0,128,490
07/09/2023,BFI,WA,ANM,WE,Towers with Radar,13,73,92,0,178,0,54,199,2,255,13,127,291,2,433,170,0,170,603
07/10/2023,BFI,WA,ANM,WE,Towers with Radar,13,89,88,3,193,0,45,156,1,202,13,134,244,4,395,96,0,96,491
07/11/2023,BFI,WA,ANM,WE,Towers with Radar,31,80,91,3,205,0,70,184,2,256,31,150,275,5,461,228,0,228,689
07/12/2023,BFI,WA,ANM,WE,Towers with Radar,36,79,84,2,201,0,57,161,0,218,36,136,245,2,419,230,0,230,649
07/13/2023,BFI,WA,ANM,WE,Towers with Radar,31,58,84,1,174,0,48,248,0,296,31,106,332,1,470,142,0,142,612
07/14/2023,BFI,WA,ANM,WE,Towers with Radar,25,46,79,3,153,0,64,229,0,293,25,110,308,3,446,88,0,88,534
07/15/2023,BFI,WA,ANM,WE,Towers with Radar,11,69,57,2,139,0,62,183,4,249,11,131,240,6,388,80,0,80,468
07/16/2023,BFI,WA,ANM,WE,Towers with Radar,8,55,69,1,133,0,69,172,2,243,8,124,241,3,376,46,0,46,422
07/17/2023,BFI,WA,ANM,WE,Towers with Radar,16,54,101,1,172,0,48,121,1,170,16,102,222,2,342,214,0,214,556
07/18/2023,BFI,WA,ANM,WE,Towers with Radar,33,49,80,1,163,0,85,122,0,207,33,134,202,1,370,62,0,62,432
07/19/2023,BFI,WA,ANM,WE,Towers with Radar,25,49,82,0,156,0,74,184,6,264,25,123,266,6,420,216,0,216,636
07/20/2023,BFI,WA,ANM,WE,Towers with Radar,20,54,108,1,183,0,78,276,0,354,20,132,384,1,537,90,0,90,627
07/21/2023,BFI,WA,ANM,WE,Towers with Radar,23,69,98,3,193,0,73,122,0,195,23,142,220,3,388,118,0,118,506
07/22/2023,BFI,WA,ANM,WE,Towers with Radar,9,49,80,0,138,0,73,169,0,242,9,122,249,0,380,6,0,6,386
07/23/2023,BFI,WA,ANM,WE,Towers with Radar,9,60,104,2,175,0,68,282,1,351,9,128,386,3,526,116,0,116,642
07/24/2023,BFI,WA,ANM,WE,Towers with Radar,11,91,94,4,200,0,42,76,0,118,11,133,170,4,318,88,0,88,406
07/25/2023,BFI,WA,ANM,WE,Towers with Radar,24,71,77,3,175,0,31,124,0,155,24,102,201,3,330,240,0,240,570
07/26/2023,BFI,WA,ANM,WE,Towers with Radar,19,60,52,1,132,0,45,231,0,276,19,105,283,1,408,254,2,256,664
07/27/2023,BFI,WA,ANM,WE,Towers with Radar,26,64,92,2,184,0,61,224,0,285,26,125,316,2,469,218,0,218,687
07/28/2023,BFI,WA,ANM,WE,Towers with Radar,19,64,73,2,158,0,60,165,1,226,19,124,238,3,384,106,0,106,490
07/29/2023,BFI,WA,ANM,WE,Towers with Radar,7,55,42,0,104,0,84,205,0,289,7,139,247,0,393,218,0,218,611
07/30/2023,BFI,WA,ANM,WE,Towers with Radar,11,53,74,0,138,0,62,225,0,287,11,115,299,0,425,192,0,192,617
07/31/2023,BFI,WA,ANM,WE,Towers with Radar,12,61,88,2,163,0,93,203,4,300,12,154,291,6,463,142,0,142,605
08/01/2023,BFI,WA,ANM,WE,Towers with Radar,17,52,82,4,155,0,63,177,4,244,17,115,259,8,399,140,0,140,539
08/02/2023,BFI,WA,ANM,WE,Towers with Radar,33,50,60,1,144,0,60,203,2,265,33,110,263,3,409,94,2,96,505
08/03/2023,BFI,WA,ANM,WE,Towers with Radar,22,47,69,14,152,0,54,123,5,182,22,101,192,19,334,46,0,46,380
08/04/2023,BFI,WA,ANM,WE,Towers with Radar,22,55,74,2,153,0,61,120,9,190,22,116,194,11,343,138,2,140,483
08/05/2023,BFI,WA,ANM,WE,Towers with Radar,6,40,40,0,86,0,65,84,9,158,6,105,124,9,244,84,0,84,328
08/06/2023,BFI,WA,ANM,WE,Towers with Radar,7,56,58,2,123,1,18,50,12,81,8,74,108,14,204,40,2,42,246
08/07/2023,BFI,WA,ANM,WE,Towers with Radar,13,67,103,4,187,0,34,150,0,184,13,101,253,4,371,234,0,234,605
08/08/2023,BFI,WA,ANM,WE,Towers with Radar,21,66,113,0,200,0,51,159,1,211,21,117,272,1,411,228,0,228,639
08/09/2023,BFI,WA,ANM,WE,Towers with Radar,25,88,93,0,206,0,23,84,3,110,25,111,177,3,316,128,0,128,444
08/10/2023,BFI,WA,ANM,WE,Towers with Radar,19,78,77,2,176,0,62,221,0,283,19,140,298,2,459,230,0,230,689
08/11/2023,BFI,WA,ANM,WE,Towers with Radar,21,48,67,2,138,0,58,232,1,291,21,106,299,3,429,162,0,162,591
08/12/2023,BFI,WA,ANM,WE,Towers with Radar,14,54,51,2,121,0,74,224,0,298,14,128,275,2,419,78,0,78,497
08/13/2023,BFI,WA,ANM,WE,Towers with Radar,15,61,93,1,170,0,83,194,0,277,15,144,287,1,447,20,0,20,467
08/14/2023,BFI,WA,ANM,WE,Towers with Radar,18,73,61,3,155,0,76,145,0,221,18,149,206,3,376,128,0,128,504
08/15/2023,BFI,WA,ANM,WE,Towers with Radar,25,56,62,4,147,0,74,153,1,228,25,130,215,5,375,140,0,140,515
08/16/2023,BFI,WA,ANM,WE,Towers with Radar,26,39,85,2,152,0,60,211,0,271,26,99,296,2,423,268,1,269,692
08/17/2023,BFI,WA,ANM,WE,Towers with Radar,27,46,114,0,187,0,78,277,0,355,27,124,391,0,542,232,0,232,774
08/18/2023,BFI,WA,ANM,WE,Towers with Radar,30,65,60,1,156,0,63,201,0,264,30,128,261,1,420,194,1,195,615
08/19/2023,BFI,WA,ANM,WE,Towers with Radar,7,40,65,0,112,0,91,165,0,256,7,131,230,0,368,164,0,164,532
08/20/2023,BFI,WA,ANM,WE,Towers with Radar,10,58,84,2,154,0,29,98,1,128,10,87,182,3,282,92,0,92,374
08/21/2023,BFI,WA,ANM,WE,Towers with Radar,9,74,87,4,174,0,47,102,1,150,9,121,189,5,324,120,0,120,444
08/22/2023,BFI,WA,ANM,WE,Towers with Radar,27,61,90,1,179,0,62,148,1,211,27,123,238,2,390,322,0,322,712
08/23/2023,BFI,WA,ANM,WE,Towers with Radar,27,67,77,0,171,0,63,233,0,296,27,130,310,0,467,222,0,222,689
08/24/2023,BFI,WA,ANM,WE,Towers with Radar,15,60,75,1,151,0,62,221,4,287,15,122,296,5,438,230,0,230,668
08/25/2023,BFI,WA,ANM,WE,Towers with Radar,23,61,71,3,158,0,48,157,1,206,23,109,228,4,364,120,0,120,484
08/26/2023,BFI,WA,ANM,WE,Towers with Radar,10,48,50,1,109,0,63,148,0,211,10,111,198,1,320,84,0,84,404
08/27/2023,BFI,WA,ANM,WE,Towers with Radar,7,72,76,1,156,0,90,208,0,298,7,162,284,1,454,126,0,126,580
08/28/2023,BFI,WA,ANM,WE,Towers with Radar,7,86,91,2,186,0,34,65,0,99,7,120,156,2,285,74,0,74,359
08/29/2023,BFI,WA,ANM,WE,Towers with Radar,23,50,75,0,148,0,24,30,0,54,23,74,105,0,202,50,0,50,252
08/30/2023,BFI,WA,ANM,WE,Towers with Radar,24,65,97,4,190,0,54,149,1,204,24,119,246,5,394,72,0,72,466
08/31/2023,BFI,WA,ANM,WE,Towers with Radar,21,66,97,0,184,0,48,129,1,178,21,114,226,1,362,196,10,206,568
