01/01/2020,BFL,CA,AWP,WE,Combined TRACON& Tower with Radar,10,6,4,0,20,0,0,28,0,28,10,6,32,0,48,14,0,14,62
01/02/2020,BFL,CA,AWP,WE,Combined TRACON& Tower with Radar,10,16,12,0,38,0,9,80,0,89,10,25,92,0,127,64,0,64,191
01/03/2020,BFL,CA,AWP,WE,Combined TRACON& Tower with Radar,9,16,21,0,46,0,6,86,4,96,9,22,107,4,142,36,0,36,178
01/04/2020,BFL,CA,AWP,WE,Combined TRACON& Tower with Radar,10,12,15,1,38,1,3,102,4,110,11,15,117,5,148,32,0,32,180
01/05/2020,BFL,CA,AWP,WE,Combined TRACON& Tower with Radar,11,8,35,3,57,0,5,15,3,23,11,13,50,6,80,18,0,18,98
01/06/2020,BFL,CA,AWP,WE,Combined TRACON& Tower with Radar,11,10,20,0,41,0,1,114,8,123,11,11,134,8,164,148,0,148,312
01/07/2020,BFL,CA,AWP,WE,Combined TRACON& Tower with Radar,12,21,54,6,93,0,1,6,2,9,12,22,60,8,102,0,0,0,102
01/08/2020,BFL,CA,AWP,WE,Combined TRACON& Tower with Radar,12,14,63,0,89,0,3,45,0,48,12,17,108,0,137,154,0,154,291
01/09/2020,BFL,CA,AWP,WE,Combined TRACON& Tower with Radar,12,17,55,4,88,0,4,72,7,83,12,21,127,11,171,146,0,146,317
01/10/2020,BFL,CA,AWP,WE,Combined TRACON& Tower with Radar,10,10,43,2,65,0,15,139,5,159,10,25,182,7,224,91,0,91,315
01/11/2020,BFL,CA,AWP,WE,Combined TRACON& Tower with Radar,11,9,29,0,49,0,3,109,0,112,11,12,138,0,161,258,0,258,419
01/12/2020,BFL,CA,AWP,WE,Combined TRACON& Tower with Radar,12,7,20,0,39,0,6,72,0,78,12,13,92,0,117,136,0,136,253
01/13/2020,BFL,CA,AWP,WE,Combined TRACON& Tower with Radar,12,14,33,1,60,0,9,173,0,182,12,23,206,1,242,132,0,132,374
01/14/2020,BFL,CA,AWP,WE,Combined TRACON& Tower with Radar,9,22,33,0,64,0,12,192,1,205,9,34,225,1,269,124,0,124,393
01/15/2020,BFL,CA,AWP,WE,Combined TRACON& Tower with Radar,12,15,30,0,57,0,5,174,0,179,12,20,204,0,236,174,0,174,410
01/16/2020,BFL,CA,AWP,WE,Combined TRACON& Tower with Radar,13,15,41,3,72,0,4,110,0,114,13,19,151,3,186,104,0,104,290
01/17/2020,BFL,CA,AWP,WE,Combined TRACON& Tower with Radar,12,13,38,0,63,0,5,168,6,179,12,18,206,6,242,166,0,166,408
01/18/2020,BFL,CA,AWP,WE,Combined TRACON& Tower with Radar,12,10,41,0,63,0,0,5,0,5,12,10,46,0,68,0,0,0,68
01/19/2020,BFL,CA,AWP,WE,Combined TRACON& Tower with Radar,11,5,14,0,30,0,8,51,2,61,11,13,65,2,91,55,0,55,146
01/20/2020,BFL,CA,AWP,WE,Combined TRACON& Tower with Radar,12,9,35,0,56,0,7,97,0,104,12,16,132,0,160,72,0,72,232
01/21/2020,BFL,CA,AWP,WE,Combined TRACON& Tower with Radar,10,17,36,0,63,0,8,170,0,178,10,25,206,0,241,88,0,88,329
01/22/2020,BFL,CA,AWP,WE,Combined TRACON& Tower with Radar,12,23,29,0,64,0,12,204,0,216,12,35,233,0,280,154,0,154,434
01/23/2020,BFL,CA,AWP,WE,Combined TRACON& Tower with Radar,11,17,78,2,108,0,0,75,0,75,11,17,153,2,183,78,0,78,261
01/24/2020,BFL,CA,AWP,WE,Combined TRACON& Tower with Radar,13,11,63,6,93,0,3,53,2,58,13,14,116,8,151,116,0,116,267
01/25/2020,BFL,CA,AWP,WE,Combined TRACON& Tower with Radar,11,7,15,0,33,0,5,112,2,119,11,12,127,2,152,133,0,133,285
01/26/2020,BFL,CA,AWP,WE,Combined TRACON& Tower with Radar,12,4,34,5,55,0,4,74,12,90,12,8,108,17,145,127,0,127,272
01/27/2020,BFL,CA,AWP,WE,Combined TRACON& Tower with Radar,10,9,23,0,42,0,11,166,0,177,10,20,189,0,219,112,10,122,341
01/28/2020,BFL,CA,AWP,WE,Combined TRACON& Tower with Radar,10,15,34,3,62,0,3,119,5,127,10,18,153,8,189,90,2,92,281
01/29/2020,BFL,CA,AWP,WE,Combined TRACON& Tower with Radar,11,16,57,0,84,0,7,80,0,87,11,23,137,0,171,76,0,76,247
01/30/2020,BFL,CA,AWP,WE,Combined TRACON& Tower with Radar,12,15,40,0,67,0,12,190,0,202,12,27,230,0,269,172,0,172,441
01/31/2020,BFL,CA,AWP,WE,Combined TRACON& Tower with Radar,14,10,23,2,49,0,6,186,0,192,14,16,209,2,241,78,0,78,319
02/01/2020,BFL,CA,AWP,WE,Combined TRACON& Tower with Radar,12,9,15,0,36,0,7,129,1,137,12,16,144,1,173,108,0,108,281
02/02/2020,BFL,CA,AWP,WE,Combined TRACON& Tower with Radar,11,4,16,0,31,0,0,39,0,39,11,4,55,0,70,22,0,22,92
02/03/2020,BFL,CA,AWP,WE,Combined TRACON& Tower with Radar,12,9,19,0,40,0,15,136,0,151,12,24,155,0,191,99,0,99,290
02/04/2020,BFL,CA,AWP,WE,Combined TRACON& Tower with Radar,10,14,14,0,38,0,6,190,0,196,10,20,204,0,234,147,0,147,381
02/05/2020,BFL,CA,AWP,WE,Combined TRACON& Tower with Radar,9,13,22,0,44,0,5,160,1,166,9,18,182,1,210,52,0,52,262
02/06/2020,BFL,CA,AWP,WE,Combined TRACON& Tower with Radar,12,14,29,0,55,0,1,187,0,188,12,15,216,0,243,48,0,48,291
02/07/2020,BFL,CA,AWP,WE,Combined TRACON& Tower with Radar,11,13,21,0,45,0,2,191,0,193,11,15,212,0,238,82,0,82,320
02/08/2020,BFL,CA,AWP,WE,Combined TRACON& Tower with Radar,12,7,23,0,42,6,10,153,0,169,18,17,176,0,211,64,0,64,275
02/09/2020,BFL,CA,AWP,WE,Combined TRACON& Tower with Radar,12,4,23,0,39,0,2,63,10,75,12,6,86,10,114,72,0,72,186
02/10/2020,BFL,CA,AWP,WE,Combined TRACON& Tower with Radar,12,13,17,0,42,0,7,165,0,172,12,20,182,0,214,70,0,70,284
02/11/2020,BFL,CA,AWP,WE,Combined TRACON& Tower with Radar,9,15,18,0,42,0,5,166,18,189,9,20,184,18,231,78,0,78,309
02/12/2020,BFL,CA,AWP,WE,Combined TRACON& Tower with Radar,12,17,32,0,61,0,7,216,0,223,12,24,248,0,284,102,0,102,386
02/13/2020,BFL,CA,AWP,WE,Combined TRACON& Tower with Radar,12,16,30,0,58,0,13,202,1,216,12,29,232,1,274,82,0,82,356
02/14/2020,BFL,CA,AWP,WE,Combined TRACON& Tower with Radar,12,11,20,0,43,0,8,125,2,135,12,19,145,2,178,102,0,102,280
02/15/2020,BFL,CA,AWP,WE,Combined TRACON& Tower with Radar,12,5,23,0,40,0,3,66,0,69,12,8,89,0,109,36,0,36,145
02/16/2020,BFL,CA,AWP,WE,Combined TRACON& Tower with Radar,12,2,11,0,25,0,11,68,3,82,12,13,79,3,107,58,0,58,165
02/17/2020,BFL,CA,AWP,WE,Combined TRACON& Tower with Radar,12,6,23,2,43,0,2,103,0,105,12,8,126,2,148,26,0,26,174
02/18/2020,BFL,CA,AWP,WE,Combined TRACON& Tower with Radar,12,15,34,4,65,0,2,164,17,183,12,17,198,21,248,137,4,141,389
02/19/2020,BFL,CA,AWP,WE,Combined TRACON& Tower with Radar,11,17,23,3,54,0,13,91,0,104,11,30,114,3,158,34,0,34,192
02/20/2020,BFL,CA,AWP,WE,Combined TRACON& Tower with Radar,13,16,32,0,61,0,14,189,0,203,13,30,221,0,264,104,0,104,368
02/21/2020,BFL,CA,AWP,WE,Combined TRACON& Tower with Radar,12,12,30,0,54,0,15,216,0,231,12,27,246,0,285,105,0,105,390
02/22/2020,BFL,CA,AWP,WE,Combined TRACON& Tower with Radar,12,8,20,0,40,0,2,105,0,107,12,10,125,0,147,132,0,132,279
02/23/2020,BFL,CA,AWP,WE,Combined TRACON& Tower with Radar,12,6,30,0,48,0,2,124,0,126,12,8,154,0,174,98,0,98,272
02/24/2020,BFL,CA,AWP,WE,Combined TRACON& Tower with Radar,14,6,28,2,50,0,8,163,9,180,14,14,191,11,230,64,0,64,294
02/25/2020,BFL,CA,AWP,WE,Combined TRACON& Tower with Radar,12,12,33,2,59,0,11,176,9,196,12,23,209,11,255,86,0,86,341
02/26/2020,BFL,CA,AWP,WE,Combined TRACON& Tower with Radar,11,12,29,0,52,0,5,175,7,187,11,17,204,7,239,128,0,128,367
02/27/2020,BFL,CA,AWP,WE,Combined TRACON& Tower with Radar,11,13,20,1,45,0,14,186,11,211,11,27,206,12,256,166,6,172,428
02/28/2020,BFL,CA,AWP,WE,Combined TRACON& Tower with Radar,12,14,24,0,50,0,3,164,2,169,12,17,188,2,219,148,0,148,367
02/29/2020,BFL,CA,AWP,WE,Combined TRACON& Tower with Radar,12,8,22,0,42,0,15,166,4,185,12,23,188,4,227,149,0,149,376
03/01/2020,BFL,CA,AWP,WE,Combined TRACON& Tower with Radar,12,5,20,0,37,0,4,121,4,129,12,9,141,4,166,92,0,92,258
03/02/2020,BFL,CA,AWP,WE,Combined TRACON& Tower with Radar,11,7,14,4,36,0,7,153,26,186,11,14,167,30,222,104,66,170,392
03/03/2020,BFL,CA,AWP,WE,Combined TRACON& Tower with Radar,12,21,18,0,51,0,7,171,14,192,12,28,189,14,243,58,0,58,301
03/04/2020,BFL,CA,AWP,WE,Combined TRACON& Tower with Radar,11,14,21,4,50,0,6,175,15,196,11,20,196,19,246,157,12,169,415
03/05/2020,BFL,CA,AWP,WE,Combined TRACON& Tower with Radar,10,14,44,2,70,0,6,190,21,217,10,20,234,23,287,204,0,204,491
03/06/2020,BFL,CA,AWP,WE,Combined TRACON& Tower with Radar,10,15,24,0,49,0,4,211,3,218,10,19,235,3,267,172,0,172,439
03/07/2020,BFL,CA,AWP,WE,Combined TRACON& Tower with Radar,9,6,9,0,24,0,3,103,5,111,9,9,112,5,135,146,0,146,281
03/08/2020,BFL,CA,AWP,WE,Combined TRACON& Tower with Radar,11,3,17,0,31,0,13,132,4,149,11,16,149,4,180,122,0,122,302
03/09/2020,BFL,CA,AWP,WE,Combined TRACON& Tower with Radar,10,9,17,0,36,0,7,164,4,175,10,16,181,4,211,156,0,156,367
03/10/2020,BFL,CA,AWP,WE,Combined TRACON& Tower with Radar,10,16,41,0,67,0,3,91,0,94,10,19,132,0,161,88,0,88,249
03/11/2020,BFL,CA,AWP,WE,Combined TRACON& Tower with Radar,10,17,75,2,104,0,2,44,5,51,10,19,119,7,155,36,0,36,191
03/12/2020,BFL,CA,AWP,WE,Combined TRACON& Tower with Radar,10,21,43,10,84,0,4,94,5,103,10,25,137,15,187,124,2,126,313
03/13/2020,BFL,CA,AWP,WE,Combined TRACON& Tower with Radar,10,12,32,0,54,0,5,124,3,132,10,17,156,3,186,141,0,141,327
03/14/2020,BFL,CA,AWP,WE,Combined TRACON& Tower with Radar,8,9,25,1,43,0,5,66,3,74,8,14,91,4,117,64,0,64,181
03/15/2020,BFL,CA,AWP,WE,Combined TRACON& Tower with Radar,10,10,9,0,29,0,1,58,17,76,10,11,67,17,105,34,0,34,139
03/16/2020,BFL,CA,AWP,WE,Combined TRACON& Tower with Radar,11,8,21,2,42,0,1,20,0,21,11,9,41,2,63,10,0,10,73
03/17/2020,BFL,CA,AWP,WE,Combined TRACON& Tower with Radar,10,17,7,3,37,0,1,115,0,116,10,18,122,3,153,96,0,96,249
03/18/2020,BFL,CA,AWP,WE,Combined TRACON& Tower with Radar,10,14,36,12,72,0,8,125,6,139,10,22,161,18,211,180,0,180,391
03/19/2020,BFL,CA,AWP,WE,Combined TRACON& Tower with Radar,9,11,37,0,57,0,4,53,3,60,9,15,90,3,117,114,0,114,231
03/20/2020,BFL,CA,AWP,WE,Combined TRACON& Tower with Radar,10,16,11,0,37,0,12,106,5,123,10,28,117,5,160,102,0,102,262
03/21/2020,BFL,CA,AWP,WE,Combined TRACON& Tower with Radar,11,6,8,0,25,0,4,67,1,72,11,10,75,1,97,44,0,44,141
03/22/2020,BFL,CA,AWP,WE,Combined TRACON& Tower with Radar,11,2,12,0,25,1,1,104,0,106,12,3,116,0,131,174,0,174,305
03/23/2020,BFL,CA,AWP,WE,Combined TRACON& Tower with Radar,8,6,11,2,27,0,4,97,5,106,8,10,108,7,133,84,0,84,217
03/24/2020,BFL,CA,AWP,WE,Combined TRACON& Tower with Radar,8,14,22,3,47,0,10,84,5,99,8,24,106,8,146,76,0,76,222
03/25/2020,BFL,CA,AWP,WE,Combined TRACON& Tower with Radar,7,11,26,15,59,0,5,53,0,58,7,16,79,15,117,48,0,48,165
03/26/2020,BFL,CA,AWP,WE,Combined TRACON& Tower with Radar,8,14,18,2,42,0,5,132,18,155,8,19,150,20,197,125,0,125,322
03/27/2020,BFL,CA,AWP,WE,Combined TRACON& Tower with Radar,8,11,11,4,34,0,13,117,0,130,8,24,128,4,164,61,0,61,225
03/28/2020,BFL,CA,AWP,WE,Combined TRACON& Tower with Radar,8,4,22,6,40,0,10,93,0,103,8,14,115,6,143,64,12,76,219
03/29/2020,BFL,CA,AWP,WE,Combined TRACON& Tower with Radar,4,3,20,8,35,0,3,44,2,49,4,6,64,10,84,44,8,52,136
03/30/2020,BFL,CA,AWP,WE,Combined TRACON& Tower with Radar,7,3,22,2,34,0,20,141,4,165,7,23,163,6,199,76,0,76,275
03/31/2020,BFL,CA,AWP,WE,Combined TRACON& Tower with Radar,7,11,9,8,35,0,14,122,0,136,7,25,131,8,171,138,0,138,309
04/01/2020,BFL,CA,AWP,WE,Combined TRACON& Tower with Radar,8,10,16,6,40,0,16,96,0,112,8,26,112,6,152,60,0,60,212
04/02/2020,BFL,CA,AWP,WE,Combined TRACON& Tower with Radar,6,13,18,10,47,0,5,123,6,134,6,18,141,16,181,116,0,116,297
04/03/2020,BFL,CA,AWP,WE,Combined TRACON& Tower with Radar,5,12,21,6,44,0,5,130,0,135,5,17,151,6,179,70,0,70,249
04/04/2020,BFL,CA,AWP,WE,Combined TRACON& Tower with Radar,7,5,5,0,17,0,6,88,1,95,7,11,93,1,112,68,0,68,180
04/05/2020,BFL,CA,AWP,WE,Combined TRACON& Tower with Radar,6,0,10,3,19,0,1,78,1,80,6,1,88,4,99,33,0,33,132
04/06/2020,BFL,CA,AWP,WE,Combined TRACON& Tower with Radar,11,4,12,6,33,0,0,47,0,47,11,4,59,6,80,64,0,64,144
04/07/2020,BFL,CA,AWP,WE,Combined TRACON& Tower with Radar,3,8,27,0,38,0,2,87,0,89,3,10,114,0,127,70,0,70,197
04/08/2020,BFL,CA,AWP,WE,Combined TRACON& Tower with Radar,6,11,11,4,32,0,4,22,0,26,6,15,33,4,58,6,0,6,64
04/09/2020,BFL,CA,AWP,WE,Combined TRACON& Tower with Radar,4,8,15,0,27,0,7,74,0,81,4,15,89,0,108,40,0,40,148
04/10/2020,BFL,CA,AWP,WE,Combined TRACON& Tower with Radar,5,9,20,0,34,0,9,112,0,121,5,18,132,0,155,46,0,46,201
04/11/2020,BFL,CA,AWP,WE,Combined TRACON& Tower with Radar,1,5,5,0,11,0,6,104,0,110,1,11,109,0,121,70,0,70,191
04/12/2020,BFL,CA,AWP,WE,Combined TRACON& Tower with Radar,4,0,7,0,11,0,13,85,0,98,4,13,92,0,109,42,0,42,151
04/13/2020,BFL,CA,AWP,WE,Combined TRACON& Tower with Radar,3,6,25,4,38,0,3,75,1,79,3,9,100,5,117,46,0,46,163
04/14/2020,BFL,CA,AWP,WE,Combined TRACON& Tower with Radar,4,13,12,9,38,3,6,166,2,177,7,19,178,11,215,52,0,52,267
04/15/2020,BFL,CA,AWP,WE,Combined TRACON& Tower with Radar,3,11,24,0,38,0,4,150,4,158,3,15,174,4,196,66,8,74,270
04/16/2020,BFL,CA,AWP,WE,Combined TRACON& Tower with Radar,3,9,19,0,31,0,3,144,0,147,3,12,163,0,178,84,0,84,262
04/17/2020,BFL,CA,AWP,WE,Combined TRACON& Tower with Radar,3,10,10,2,25,0,3,56,0,59,3,13,66,2,84,50,0,50,134
04/18/2020,BFL,CA,AWP,WE,Combined TRACON& Tower with Radar,1,10,25,0,36,0,0,36,0,36,1,10,61,0,72,29,0,29,101
04/19/2020,BFL,CA,AWP,WE,Combined TRACON& Tower with Radar,3,1,22,0,26,0,0,60,0,60,3,1,82,0,86,40,0,40,126
04/20/2020,BFL,CA,AWP,WE,Combined TRACON& Tower with Radar,2,4,18,8,32,0,16,84,0,100,2,20,102,8,132,53,6,59,191
04/21/2020,BFL,CA,AWP,WE,Combined TRACON& Tower with Radar,4,11,9,3,27,0,3,99,13,115,4,14,108,16,142,64,12,76,218
04/22/2020,BFL,CA,AWP,WE,Combined TRACON& Tower with Radar,3,9,9,8,29,0,13,108,0,121,3,22,117,8,150,26,6,32,182
04/23/2020,BFL,CA,AWP,WE,Combined TRACON& Tower with Radar,3,10,13,12,38,0,10,129,2,141,3,20,142,14,179,98,10,108,287
04/24/2020,BFL,CA,AWP,WE,Combined TRACON& Tower with Radar,2,10,11,1,24,0,21,161,1,183,2,31,172,2,207,132,0,132,339
04/25/2020,BFL,CA,AWP,WE,Combined TRACON& Tower with Radar,1,8,11,0,20,0,12,110,0,122,1,20,121,0,142,106,0,106,248
04/26/2020,BFL,CA,AWP,WE,Combined TRACON& Tower with Radar,3,1,6,0,10,2,17,122,0,141,5,18,128,0,151,100,0,100,251
04/27/2020,BFL,CA,AWP,WE,Combined TRACON& Tower with Radar,2,4,4,2,12,0,0,121,2,123,2,4,125,4,135,90,0,90,225
04/28/2020,BFL,CA,AWP,WE,Combined TRACON& Tower with Radar,2,9,12,0,23,0,11,116,0,127,2,20,128,0,150,36,0,36,186
04/29/2020,BFL,CA,AWP,WE,Combined TRACON& Tower with Radar,3,9,9,4,25,0,12,113,2,127,3,21,122,6,152,30,6,36,188
04/30/2020,BFL,CA,AWP,WE,Combined TRACON& Tower with Radar,4,13,9,4,30,0,6,105,5,116,4,19,114,9,146,24,0,24,170
05/01/2020,BFL,CA,AWP,WE,Combined TRACON& Tower with Radar,3,13,28,2,46,2,12,145,1,160,5,25,173,3,206,90,0,90,296
05/02/2020,BFL,CA,AWP,WE,Combined TRACON& Tower with Radar,2,6,23,6,37,0,4,82,1,87,2,10,105,7,124,72,0,72,196
05/03/2020,BFL,CA,AWP,WE,Combined TRACON& Tower with Radar,3,1,17,2,23,0,1,74,0,75,3,2,91,2,98,50,0,50,148
05/04/2020,BFL,CA,AWP,WE,Combined TRACON& Tower with Radar,4,8,8,0,20,0,1,112,12,125,4,9,120,12,145,24,0,24,169
05/05/2020,BFL,CA,AWP,WE,Combined TRACON& Tower with Radar,1,10,17,2,30,0,4,85,0,89,1,14,102,2,119,36,0,36,155
05/06/2020,BFL,CA,AWP,WE,Combined TRACON& Tower with Radar,2,12,7,0,21,0,3,96,0,99,2,15,103,0,120,56,0,56,176
05/07/2020,BFL,CA,AWP,WE,Combined TRACON& Tower with Radar,3,10,17,0,30,0,7,96,10,113,3,17,113,10,143,126,0,126,269
05/08/2020,BFL,CA,AWP,WE,Combined TRACON& Tower with Radar,3,12,20,2,37,0,8,104,0,112,3,20,124,2,149,66,0,66,215
05/09/2020,BFL,CA,AWP,WE,Combined TRACON& Tower with Radar,1,10,21,0,32,1,5,88,2,96,2,15,109,2,128,18,0,18,146
05/10/2020,BFL,CA,AWP,WE,Combined TRACON& Tower with Radar,3,2,6,0,11,0,5,72,0,77,3,7,78,0,88,20,0,20,108
05/11/2020,BFL,CA,AWP,WE,Combined TRACON& Tower with Radar,3,6,13,0,22,0,11,101,1,113,3,17,114,1,135,104,0,104,239
05/12/2020,BFL,CA,AWP,WE,Combined TRACON& Tower with Radar,1,15,36,3,55,0,8,99,0,107,1,23,135,3,162,84,4,88,250
05/13/2020,BFL,CA,AWP,WE,Combined TRACON& Tower with Radar,3,10,11,0,24,0,24,128,0,152,3,34,139,0,176,64,0,64,240
05/14/2020,BFL,CA,AWP,WE,Combined TRACON& Tower with Radar,3,15,22,0,40,0,9,150,2,161,3,24,172,2,201,114,0,114,315
05/15/2020,BFL,CA,AWP,WE,Combined TRACON& Tower with Radar,3,10,30,7,50,0,9,143,15,167,3,19,173,22,217,132,0,132,349
05/16/2020,BFL,CA,AWP,WE,Combined TRACON& Tower with Radar,1,6,22,0,29,0,3,149,0,152,1,9,171,0,181,129,0,129,310
05/17/2020,BFL,CA,AWP,WE,Combined TRACON& Tower with Radar,3,5,13,0,21,0,7,133,0,140,3,12,146,0,161,170,0,170,331
05/18/2020,BFL,CA,AWP,WE,Combined TRACON& Tower with Radar,3,8,15,4,30,0,0,62,6,68,3,8,77,10,98,56,0,56,154
05/19/2020,BFL,CA,AWP,WE,Combined TRACON& Tower with Radar,1,15,29,2,47,0,6,117,0,123,1,21,146,2,170,108,0,108,278
05/20/2020,BFL,CA,AWP,WE,Combined TRACON& Tower with Radar,3,14,39,0,56,0,2,115,0,117,3,16,154,0,173,63,0,63,236
05/21/2020,BFL,CA,AWP,WE,Combined TRACON& Tower with Radar,3,12,29,2,46,0,8,132,2,142,3,20,161,4,188,101,0,101,289
05/22/2020,BFL,CA,AWP,WE,Combined TRACON& Tower with Radar,3,14,15,0,32,0,1,108,0,109,3,15,123,0,141,46,0,46,187
05/23/2020,BFL,CA,AWP,WE,Combined TRACON& Tower with Radar,1,9,6,0,16,0,11,126,0,137,1,20,132,0,153,98,0,98,251
05/24/2020,BFL,CA,AWP,WE,Combined TRACON& Tower with Radar,3,2,12,0,17,0,4,93,0,97,3,6,105,0,114,88,0,88,202
05/25/2020,BFL,CA,AWP,WE,Combined TRACON& Tower with Radar,3,6,9,0,18,0,5,82,0,87,3,11,91,0,105,44,0,44,149
05/26/2020,BFL,CA,AWP,WE,Combined TRACON& Tower with Radar,3,7,31,0,41,0,2,138,0,140,3,9,169,0,181,78,0,78,259
05/27/2020,BFL,CA,AWP,WE,Combined TRACON& Tower with Radar,3,9,11,0,23,0,13,141,0,154,3,22,152,0,177,40,0,40,217
05/28/2020,BFL,CA,AWP,WE,Combined TRACON& Tower with Radar,3,12,17,2,34,0,10,106,0,116,3,22,123,2,150,120,2,122,272
05/29/2020,BFL,CA,AWP,WE,Combined TRACON& Tower with Radar,2,12,23,0,37,0,7,137,0,144,2,19,160,0,181,62,0,62,243
05/30/2020,BFL,CA,AWP,WE,Combined TRACON& Tower with Radar,2,8,6,0,16,0,8,103,0,111,2,16,109,0,127,150,0,150,277
05/31/2020,BFL,CA,AWP,WE,Combined TRACON& Tower with Radar,3,2,26,0,31,0,8,139,0,147,3,10,165,0,178,116,0,116,294
06/01/2020,BFL,CA,AWP,WE,Combined TRACON& Tower with Radar,3,8,10,0,21,0,7,113,0,120,3,15,123,0,141,98,0,98,239
06/02/2020,BFL,CA,AWP,WE,Combined TRACON& Tower with Radar,1,15,28,0,44,0,3,137,0,140,1,18,165,0,184,71,0,71,255
06/03/2020,BFL,CA,AWP,WE,Combined TRACON& Tower with Radar,3,10,7,4,24,0,2,122,0,124,3,12,129,4,148,117,0,117,265
06/04/2020,BFL,CA,AWP,WE,Combined TRACON& Tower with Radar,3,8,17,0,28,0,5,128,0,133,3,13,145,0,161,58,0,58,219
06/05/2020,BFL,CA,AWP,WE,Combined TRACON& Tower with Radar,3,11,27,0,41,0,2,95,0,97,3,13,122,0,138,83,0,83,221
06/06/2020,BFL,CA,AWP,WE,Combined TRACON& Tower with Radar,3,11,15,0,29,0,4,101,0,105,3,15,116,0,134,84,0,84,218
06/07/2020,BFL,CA,AWP,WE,Combined TRACON& Tower with Radar,3,0,11,0,14,0,2,108,0,110,3,2,119,0,124,104,0,104,228
06/08/2020,BFL,CA,AWP,WE,Combined TRACON& Tower with Radar,3,10,10,0,23,0,4,174,0,178,3,14,184,0,201,114,0,114,315
06/09/2020,BFL,CA,AWP,WE,Combined TRACON& Tower with Radar,3,10,17,0,30,0,11,178,0,189,3,21,195,0,219,128,0,128,347
06/10/2020,BFL,CA,AWP,WE,Combined TRACON& Tower with Radar,3,13,18,0,34,0,5,183,0,188,3,18,201,0,222,106,0,106,328
06/11/2020,BFL,CA,AWP,WE,Combined TRACON& Tower with Radar,4,10,17,0,31,0,6,190,0,196,4,16,207,0,227,150,0,150,377
06/12/2020,BFL,CA,AWP,WE,Combined TRACON& Tower with Radar,3,11,14,0,28,0,5,145,0,150,3,16,159,0,178,144,0,144,322
06/13/2020,BFL,CA,AWP,WE,Combined TRACON& Tower with Radar,3,9,18,0,30,4,11,139,1,155,7,20,157,1,185,98,0,98,283
06/14/2020,BFL,CA,AWP,WE,Combined TRACON& Tower with Radar,3,2,17,0,22,0,4,110,0,114,3,6,127,0,136,108,0,108,244
06/15/2020,BFL,CA,AWP,WE,Combined TRACON& Tower with Radar,3,6,22,6,37,0,9,143,0,152,3,15,165,6,189,94,6,100,289
06/16/2020,BFL,CA,AWP,WE,Combined TRACON& Tower with Radar,3,13,20,6,42,0,10,168,0,178,3,23,188,6,220,92,4,96,316
06/17/2020,BFL,CA,AWP,WE,Combined TRACON& Tower with Radar,3,18,20,13,54,0,2,137,1,140,3,20,157,14,194,96,0,96,290
06/18/2020,BFL,CA,AWP,WE,Combined TRACON& Tower with Radar,3,16,19,0,38,0,4,115,0,119,3,20,134,0,157,79,0,79,236
06/19/2020,BFL,CA,AWP,WE,Combined TRACON& Tower with Radar,3,10,32,8,53,0,11,152,0,163,3,21,184,8,216,100,0,100,316
06/20/2020,BFL,CA,AWP,WE,Combined TRACON& Tower with Radar,3,9,17,4,33,0,1,147,0,148,3,10,164,4,181,65,0,65,246
06/21/2020,BFL,CA,AWP,WE,Combined TRACON& Tower with Radar,3,2,20,0,25,0,2,103,0,105,3,4,123,0,130,78,0,78,208
06/22/2020,BFL,CA,AWP,WE,Combined TRACON& Tower with Radar,3,7,23,0,33,0,20,146,0,166,3,27,169,0,199,74,0,74,273
06/23/2020,BFL,CA,AWP,WE,Combined TRACON& Tower with Radar,3,13,34,0,50,0,12,166,0,178,3,25,200,0,228,134,0,134,362
06/24/2020,BFL,CA,AWP,WE,Combined TRACON& Tower with Radar,4,16,27,0,47,0,16,202,0,218,4,32,229,0,265,184,0,184,449
06/25/2020,BFL,CA,AWP,WE,Combined TRACON& Tower with Radar,4,14,32,4,54,0,5,162,0,167,4,19,194,4,221,64,6,70,291
06/26/2020,BFL,CA,AWP,WE,Combined TRACON& Tower with Radar,3,7,22,11,43,0,12,180,6,198,3,19,202,17,241,132,0,132,373
06/27/2020,BFL,CA,AWP,WE,Combined TRACON& Tower with Radar,3,6,16,0,25,0,11,101,0,112,3,17,117,0,137,30,0,30,167
06/28/2020,BFL,CA,AWP,WE,Combined TRACON& Tower with Radar,5,2,19,0,26,0,9,103,0,112,5,11,122,0,138,81,0,81,219
06/29/2020,BFL,CA,AWP,WE,Combined TRACON& Tower with Radar,3,9,22,0,34,0,12,168,0,180,3,21,190,0,214,112,0,112,326
06/30/2020,BFL,CA,AWP,WE,Combined TRACON& Tower with Radar,4,13,36,0,53,0,16,174,0,190,4,29,210,0,243,108,0,108,351
07/01/2020,BFL,CA,AWP,WE,Combined TRACON& Tower with Radar,3,13,21,0,37,0,2,165,0,167,3,15,186,0,204,104,0,104,308
07/02/2020,BFL,CA,AWP,WE,Combined TRACON& Tower with Radar,5,12,16,0,33,0,32,166,0,198,5,44,182,0,231,174,0,174,405
07/03/2020,BFL,CA,AWP,WE,Combined TRACON& Tower with Radar,4,13,14,0,31,0,9,168,0,177,4,22,182,0,208,58,0,58,266
07/04/2020,BFL,CA,AWP,WE,Combined TRACON& Tower with Radar,3,4,8,0,15,0,7,62,0,69,3,11,70,0,84,24,0,24,108
07/05/2020,BFL,CA,AWP,WE,Combined TRACON& Tower with Radar,4,1,12,0,17,0,2,84,0,86,4,3,96,0,103,6,0,6,109
07/06/2020,BFL,CA,AWP,WE,Combined TRACON& Tower with Radar,4,7,21,3,35,0,4,137,1,142,4,11,158,4,177,139,0,139,316
07/07/2020,BFL,CA,AWP,WE,Combined TRACON& Tower with Radar,7,11,26,0,44,0,11,181,4,196,7,22,207,4,240,100,0,100,340
07/08/2020,BFL,CA,AWP,WE,Combined TRACON& Tower with Radar,8,15,20,0,43,0,5,191,4,200,8,20,211,4,243,126,0,126,369
07/09/2020,BFL,CA,AWP,WE,Combined TRACON& Tower with Radar,8,12,26,0,46,0,10,176,0,186,8,22,202,0,232,35,0,35,267
07/10/2020,BFL,CA,AWP,WE,Combined TRACON& Tower with Radar,8,10,31,0,49,0,5,156,2,163,8,15,187,2,212,80,0,80,292
07/11/2020,BFL,CA,AWP,WE,Combined TRACON& Tower with Radar,8,6,1,0,15,0,5,98,0,103,8,11,99,0,118,74,0,74,192
07/12/2020,BFL,CA,AWP,WE,Combined TRACON& Tower with Radar,8,3,18,0,29,0,3,110,0,113,8,6,128,0,142,32,0,32,174
07/13/2020,BFL,CA,AWP,WE,Combined TRACON& Tower with Radar,8,7,23,0,38,0,8,132,0,140,8,15,155,0,178,81,0,81,259
07/14/2020,BFL,CA,AWP,WE,Combined TRACON& Tower with Radar,8,17,26,0,51,0,11,149,8,168,8,28,175,8,219,122,0,122,341
07/15/2020,BFL,CA,AWP,WE,Combined TRACON& Tower with Radar,8,14,32,0,54,0,8,185,0,193,8,22,217,0,247,160,0,160,407
07/16/2020,BFL,CA,AWP,WE,Combined TRACON& Tower with Radar,8,17,33,0,58,0,5,207,0,212,8,22,240,0,270,168,0,168,438
07/17/2020,BFL,CA,AWP,WE,Combined TRACON& Tower with Radar,8,16,22,0,46,0,5,172,0,177,8,21,194,0,223,176,0,176,399
07/18/2020,BFL,CA,AWP,WE,Combined TRACON& Tower with Radar,8,9,14,0,31,0,5,99,0,104,8,14,113,0,135,50,0,50,185
07/19/2020,BFL,CA,AWP,WE,Combined TRACON& Tower with Radar,8,3,12,0,23,0,6,107,0,113,8,9,119,0,136,64,0,64,200
07/20/2020,BFL,CA,AWP,WE,Combined TRACON& Tower with Radar,7,8,16,0,31,0,3,148,0,151,7,11,164,0,182,199,0,199,381
07/21/2020,BFL,CA,AWP,WE,Combined TRACON& Tower with Radar,8,13,22,1,44,0,4,147,1,152,8,17,169,2,196,134,0,134,330
07/22/2020,BFL,CA,AWP,WE,Combined TRACON& Tower with Radar,8,14,23,0,45,0,13,179,0,192,8,27,202,0,237,98,0,98,335
07/23/2020,BFL,CA,AWP,WE,Combined TRACON& Tower with Radar,8,16,39,0,63,0,13,203,0,216,8,29,242,0,279,166,0,166,445
07/24/2020,BFL,CA,AWP,WE,Combined TRACON& Tower with Radar,8,12,29,0,49,0,19,191,1,211,8,31,220,1,260,194,0,194,454
07/25/2020,BFL,CA,AWP,WE,Combined TRACON& Tower with Radar,8,6,18,0,32,0,4,97,0,101,8,10,115,0,133,66,0,66,199
07/26/2020,BFL,CA,AWP,WE,Combined TRACON& Tower with Radar,8,5,8,0,21,0,9,108,0,117,8,14,116,0,138,138,0,138,276
07/27/2020,BFL,CA,AWP,WE,Combined TRACON& Tower with Radar,8,13,17,2,40,0,2,175,0,177,8,15,192,2,217,194,0,194,411
07/28/2020,BFL,CA,AWP,WE,Combined TRACON& Tower with Radar,8,12,23,2,45,0,9,167,2,178,8,21,190,4,223,82,0,82,305
07/29/2020,BFL,CA,AWP,WE,Combined TRACON& Tower with Radar,8,15,42,0,65,0,12,193,2,207,8,27,235,2,272,100,0,100,372
07/30/2020,BFL,CA,AWP,WE,Combined TRACON& Tower with Radar,8,12,28,0,48,0,7,162,9,178,8,19,190,9,226,114,0,114,340
07/31/2020,BFL,CA,AWP,WE,Combined TRACON& Tower with Radar,8,15,24,2,49,0,4,126,16,146,8,19,150,18,195,76,0,76,271
08/01/2020,BFL,CA,AWP,WE,Combined TRACON& Tower with Radar,8,11,15,0,34,0,21,116,3,140,8,32,131,3,174,54,0,54,228
08/02/2020,BFL,CA,AWP,WE,Combined TRACON& Tower with Radar,8,5,22,0,35,0,6,117,0,123,8,11,139,0,158,12,0,12,170
08/03/2020,BFL,CA,AWP,WE,Combined TRACON& Tower with Radar,8,12,20,0,40,0,7,191,0,198,8,19,211,0,238,34,0,34,272
08/04/2020,BFL,CA,AWP,WE,Combined TRACON& Tower with Radar,8,19,17,0,44,0,19,182,1,202,8,38,199,1,246,89,0,89,335
08/05/2020,BFL,CA,AWP,WE,Combined TRACON& Tower with Radar,8,20,18,0,46,0,9,182,0,191,8,29,200,0,237,144,0,144,381
08/06/2020,BFL,CA,AWP,WE,Combined TRACON& Tower with Radar,8,15,29,10,62,0,3,160,10,173,8,18,189,20,235,62,32,94,329
08/07/2020,BFL,CA,AWP,WE,Combined TRACON& Tower with Radar,8,15,20,0,43,0,6,154,0,160,8,21,174,0,203,156,0,156,359
08/08/2020,BFL,CA,AWP,WE,Combined TRACON& Tower with Radar,8,8,11,0,27,0,4,100,0,104,8,12,111,0,131,22,0,22,153
08/09/2020,BFL,CA,AWP,WE,Combined TRACON& Tower with Radar,8,4,20,0,32,0,4,98,0,102,8,8,118,0,134,44,0,44,178
08/10/2020,BFL,CA,AWP,WE,Combined TRACON& Tower with Radar,8,12,16,3,39,0,4,136,35,175,8,16,152,38,214,118,10,128,342
08/11/2020,BFL,CA,AWP,WE,Combined TRACON& Tower with Radar,8,16,20,0,44,0,5,187,6,198,8,21,207,6,242,92,0,92,334
08/12/2020,BFL,CA,AWP,WE,Combined TRACON& Tower with Radar,8,16,26,0,50,0,12,159,23,194,8,28,185,23,244,119,0,119,363
08/13/2020,BFL,CA,AWP,WE,Combined TRACON& Tower with Radar,8,12,23,2,45,0,9,189,3,201,8,21,212,5,246,108,0,108,354
08/14/2020,BFL,CA,AWP,WE,Combined TRACON& Tower with Radar,8,12,23,0,43,0,10,147,6,163,8,22,170,6,206,38,0,38,244
08/15/2020,BFL,CA,AWP,WE,Combined TRACON& Tower with Radar,8,8,15,0,31,0,6,92,0,98,8,14,107,0,129,56,0,56,185
08/16/2020,BFL,CA,AWP,WE,Combined TRACON& Tower with Radar,7,7,16,0,30,0,5,65,0,70,7,12,81,0,100,42,0,42,142
08/17/2020,BFL,CA,AWP,WE,Combined TRACON& Tower with Radar,8,11,28,2,49,0,4,133,4,141,8,15,161,6,190,104,0,104,294
08/18/2020,BFL,CA,AWP,WE,Combined TRACON& Tower with Radar,6,12,17,3,38,0,4,134,20,158,6,16,151,23,196,100,0,100,296
08/19/2020,BFL,CA,AWP,WE,Combined TRACON& Tower with Radar,6,10,27,0,43,0,14,135,4,153,6,24,162,4,196,96,0,96,292
08/20/2020,BFL,CA,AWP,WE,Combined TRACON& Tower with Radar,6,15,44,0,65,0,2,78,16,96,6,17,122,16,161,122,0,122,283
08/21/2020,BFL,CA,AWP,WE,Combined TRACON& Tower with Radar,6,16,55,8,85,0,3,6,2,11,6,19,61,10,96,0,0,0,96
08/22/2020,BFL,CA,AWP,WE,Combined TRACON& Tower with Radar,6,7,29,0,42,0,0,5,0,5,6,7,34,0,47,0,0,0,47
08/23/2020,BFL,CA,AWP,WE,Combined TRACON& Tower with Radar,6,4,23,0,33,0,0,6,0,6,6,4,29,0,39,0,0,0,39
08/24/2020,BFL,CA,AWP,WE,Combined TRACON& Tower with Radar,6,7,17,0,30,0,3,102,0,105,6,10,119,0,135,44,0,44,179
08/25/2020,BFL,CA,AWP,WE,Combined TRACON& Tower with Radar,6,17,21,0,44,0,12,133,0,145,6,29,154,0,189,118,0,118,307
08/26/2020,BFL,CA,AWP,WE,Combined TRACON& Tower with Radar,8,15,26,3,52,0,6,148,29,183,8,21,174,32,235,48,0,48,283
08/27/2020,BFL,CA,AWP,WE,Combined TRACON& Tower with Radar,6,11,30,0,47,0,17,170,0,187,6,28,200,0,234,42,0,42,276
08/28/2020,BFL,CA,AWP,WE,Combined TRACON& Tower with Radar,6,13,29,0,48,0,1,138,3,142,6,14,167,3,190,38,0,38,228
08/29/2020,BFL,CA,AWP,WE,Combined TRACON& Tower with Radar,6,7,12,0,25,0,3,130,0,133,6,10,142,0,158,66,0,66,224
08/30/2020,BFL,CA,AWP,WE,Combined TRACON& Tower with Radar,6,10,14,0,30,0,3,101,0,104,6,13,115,0,134,38,0,38,172
08/31/2020,BFL,CA,AWP,WE,Combined TRACON& Tower with Radar,6,9,37,4,56,0,5,139,2,146,6,14,176,6,202,102,0,102,304
09/01/2020,BFL,CA,AWP,WE,Combined TRACON& Tower with Radar,5,13,22,4,44,0,5,123,0,128,5,18,145,4,172,134,0,134,306
09/02/2020,BFL,CA,AWP,WE,Combined TRACON& Tower with Radar,6,16,30,2,54,0,13,164,0,177,6,29,194,2,231,132,0,132,363
09/03/2020,BFL,CA,AWP,WE,Combined TRACON& Tower with Radar,6,15,32,4,57,0,6,147,0,153,6,21,179,4,210,114,0,114,324
09/04/2020,BFL,CA,AWP,WE,Combined TRACON& Tower with Radar,6,13,23,0,42,0,8,133,9,150,6,21,156,9,192,76,0,76,268
09/05/2020,BFL,CA,AWP,WE,Combined TRACON& Tower with Radar,5,6,13,0,24,0,2,82,0,84,5,8,95,0,108,66,0,66,174
09/06/2020,BFL,CA,AWP,WE,Combined TRACON& Tower with Radar,4,3,10,0,17,0,4,102,0,106,4,7,112,0,123,128,0,128,251
09/07/2020,BFL,CA,AWP,WE,Combined TRACON& Tower with Radar,5,5,25,0,35,0,3,114,0,117,5,8,139,0,152,116,0,116,268
09/08/2020,BFL,CA,AWP,WE,Combined TRACON& Tower with Radar,6,13,23,3,45,0,1,106,6,113,6,14,129,9,158,122,8,130,288
09/09/2020,BFL,CA,AWP,WE,Combined TRACON& Tower with Radar,6,26,34,0,66,0,5,116,20,141,6,31,150,20,207,80,8,88,295
09/10/2020,BFL,CA,AWP,WE,Combined TRACON& Tower with Radar,6,14,28,10,58,0,11,137,34,182,6,25,165,44,240,144,0,144,384
09/11/2020,BFL,CA,AWP,WE,Combined TRACON& Tower with Radar,6,17,30,6,59,0,8,125,18,151,6,25,155,24,210,100,0,100,310
09/12/2020,BFL,CA,AWP,WE,Combined TRACON& Tower with Radar,6,11,25,1,43,0,1,79,0,80,6,12,104,1,123,84,0,84,207
09/13/2020,BFL,CA,AWP,WE,Combined TRACON& Tower with Radar,6,6,20,0,32,0,0,79,0,79,6,6,99,0,111,58,0,58,169
09/14/2020,BFL,CA,AWP,WE,Combined TRACON& Tower with Radar,6,9,43,1,59,0,4,32,1,37,6,13,75,2,96,44,0,44,140
09/15/2020,BFL,CA,AWP,WE,Combined TRACON& Tower with Radar,6,20,68,9,103,0,1,31,0,32,6,21,99,9,135,0,0,0,135
09/16/2020,BFL,CA,AWP,WE,Combined TRACON& Tower with Radar,6,23,56,1,86,0,0,28,1,29,6,23,84,2,115,0,0,0,115
09/17/2020,BFL,CA,AWP,WE,Combined TRACON& Tower with Radar,6,27,57,1,91,0,2,80,1,83,6,29,137,2,174,40,0,40,214
09/18/2020,BFL,CA,AWP,WE,Combined TRACON& Tower with Radar,6,13,32,0,51,0,2,161,0,163,6,15,193,0,214,96,0,96,310
09/19/2020,BFL,CA,AWP,WE,Combined TRACON& Tower with Radar,6,9,26,0,41,0,3,188,3,194,6,12,214,3,235,146,0,146,381
09/20/2020,BFL,CA,AWP,WE,Combined TRACON& Tower with Radar,6,3,10,0,19,0,8,140,0,148,6,11,150,0,167,111,0,111,278
09/21/2020,BFL,CA,AWP,WE,Combined TRACON& Tower with Radar,6,14,27,0,47,0,10,167,0,177,6,24,194,0,224,216,0,216,440
09/22/2020,BFL,CA,AWP,WE,Combined TRACON& Tower with Radar,6,24,43,0,73,0,6,171,0,177,6,30,214,0,250,143,0,143,393
09/23/2020,BFL,CA,AWP,WE,Combined TRACON& Tower with Radar,6,18,20,2,46,0,5,214,0,219,6,23,234,2,265,250,0,250,515
09/24/2020,BFL,CA,AWP,WE,Combined TRACON& Tower with Radar,6,14,31,6,57,0,5,211,0,216,6,19,242,6,273,224,0,224,497
09/25/2020,BFL,CA,AWP,WE,Combined TRACON& Tower with Radar,6,14,39,2,61,0,0,170,0,170,6,14,209,2,231,126,0,126,357
09/26/2020,BFL,CA,AWP,WE,Combined TRACON& Tower with Radar,6,11,12,0,29,0,4,176,0,180,6,15,188,0,209,108,0,108,317
09/27/2020,BFL,CA,AWP,WE,Combined TRACON& Tower with Radar,6,4,29,0,39,0,2,138,0,140,6,6,167,0,179,152,0,152,331
09/28/2020,BFL,CA,AWP,WE,Combined TRACON& Tower with Radar,6,11,22,6,45,0,4,155,4,163,6,15,177,10,208,92,0,92,300
09/29/2020,BFL,CA,AWP,WE,Combined TRACON& Tower with Radar,6,15,28,0,49,0,1,183,3,187,6,16,211,3,236,192,0,192,428
09/30/2020,BFL,CA,AWP,WE,Combined TRACON& Tower with Radar,6,11,18,0,35,0,10,158,4,172,6,21,176,4,207,238,0,238,445
10/01/2020,BFL,CA,AWP,WE,Combined TRACON& Tower with Radar,7,12,23,6,48,0,6,178,0,184,7,18,201,6,232,102,0,102,334
10/02/2020,BFL,CA,AWP,WE,Combined TRACON& Tower with Radar,8,10,30,4,52,0,3,127,4,134,8,13,157,8,186,107,0,107,293
10/03/2020,BFL,CA,AWP,WE,Combined TRACON& Tower with Radar,8,5,27,0,40,0,2,40,0,42,8,7,67,0,82,50,0,50,132
10/04/2020,BFL,CA,AWP,WE,Combined TRACON& Tower with Radar,8,2,32,0,42,0,13,37,0,50,8,15,69,0,92,78,0,78,170
10/05/2020,BFL,CA,AWP,WE,Combined TRACON& Tower with Radar,8,13,40,3,64,0,3,59,1,63,8,16,99,4,127,28,0,28,155
10/06/2020,BFL,CA,AWP,WE,Combined TRACON& Tower with Radar,7,18,31,0,56,0,1,132,14,147,7,19,163,14,203,64,0,64,267
10/07/2020,BFL,CA,AWP,WE,Combined TRACON& Tower with Radar,9,13,25,2,49,0,8,172,8,188,9,21,197,10,237,258,0,258,495
10/08/2020,BFL,CA,AWP,WE,Combined TRACON& Tower with Radar,10,15,32,6,63,0,47,203,8,258,10,62,235,14,321,192,0,192,513
10/09/2020,BFL,CA,AWP,WE,Combined TRACON& Tower with Radar,10,12,29,0,51,0,5,138,0,143,10,17,167,0,194,134,0,134,328
10/10/2020,BFL,CA,AWP,WE,Combined TRACON& Tower with Radar,8,8,11,0,27,0,6,130,3,139,8,14,141,3,166,117,0,117,283
10/11/2020,BFL,CA,AWP,WE,Combined TRACON& Tower with Radar,10,6,20,0,36,0,4,98,0,102,10,10,118,0,138,98,0,98,236
10/12/2020,BFL,CA,AWP,WE,Combined TRACON& Tower with Radar,10,8,23,1,42,0,13,141,12,166,10,21,164,13,208,130,0,130,338
10/13/2020,BFL,CA,AWP,WE,Combined TRACON& Tower with Radar,9,13,14,2,38,0,9,213,9,231,9,22,227,11,269,195,0,195,464
10/14/2020,BFL,CA,AWP,WE,Combined TRACON& Tower with Radar,9,13,28,0,50,0,12,147,15,174,9,25,175,15,224,129,0,129,353
10/15/2020,BFL,CA,AWP,WE,Combined TRACON& Tower with Radar,10,12,24,7,53,0,3,157,12,172,10,15,181,19,225,150,0,150,375
10/16/2020,BFL,CA,AWP,WE,Combined TRACON& Tower with Radar,10,11,17,0,38,0,5,138,0,143,10,16,155,0,181,130,0,130,311
10/17/2020,BFL,CA,AWP,WE,Combined TRACON& Tower with Radar,8,5,20,0,33,0,33,184,6,223,8,38,204,6,256,102,0,102,358
10/18/2020,BFL,CA,AWP,WE,Combined TRACON& Tower with Radar,10,2,17,4,33,0,5,203,0,208,10,7,220,4,241,88,0,88,329
10/19/2020,BFL,CA,AWP,WE,Combined TRACON& Tower with Radar,10,9,21,3,43,0,0,168,10,178,10,9,189,13,221,202,0,202,423
10/20/2020,BFL,CA,AWP,WE,Combined TRACON& Tower with Radar,9,14,26,0,49,0,6,194,0,200,9,20,220,0,249,163,0,163,412
10/21/2020,BFL,CA,AWP,WE,Combined TRACON& Tower with Radar,9,15,23,1,48,0,13,183,3,199,9,28,206,4,247,214,0,214,461
10/22/2020,BFL,CA,AWP,WE,Combined TRACON& Tower with Radar,10,12,40,0,62,0,5,141,3,149,10,17,181,3,211,168,0,168,379
10/23/2020,BFL,CA,AWP,WE,Combined TRACON& Tower with Radar,10,11,23,9,53,0,10,188,6,204,10,21,211,15,257,154,0,154,411
10/24/2020,BFL,CA,AWP,WE,Combined TRACON& Tower with Radar,8,5,16,0,29,0,4,105,1,110,8,9,121,1,139,112,0,112,251
10/25/2020,BFL,CA,AWP,WE,Combined TRACON& Tower with Radar,10,2,37,4,53,0,0,69,10,79,10,2,106,14,132,82,0,82,214
10/26/2020,BFL,CA,AWP,WE,Combined TRACON& Tower with Radar,10,5,22,0,37,2,0,119,6,127,12,5,141,6,164,194,0,194,358
10/27/2020,BFL,CA,AWP,WE,Combined TRACON& Tower with Radar,9,16,23,2,50,0,8,182,12,202,9,24,205,14,252,198,0,198,450
10/28/2020,BFL,CA,AWP,WE,Combined TRACON& Tower with Radar,11,11,30,5,57,0,7,239,5,251,11,18,269,10,308,246,0,246,554
10/29/2020,BFL,CA,AWP,WE,Combined TRACON& Tower with Radar,10,12,27,0,49,0,4,216,0,220,10,16,243,0,269,158,0,158,427
10/30/2020,BFL,CA,AWP,WE,Combined TRACON& Tower with Radar,10,11,27,0,48,0,4,190,1,195,10,15,217,1,243,154,0,154,397
10/31/2020,BFL,CA,AWP,WE,Combined TRACON& Tower with Radar,9,6,17,3,35,0,17,153,18,188,9,23,170,21,223,128,0,128,351
11/01/2020,BFL,CA,AWP,WE,Combined TRACON& Tower with Radar,10,2,12,0,24,0,4,110,0,114,10,6,122,0,138,140,0,140,278
11/02/2020,BFL,CA,AWP,WE,Combined TRACON& Tower with Radar,10,9,17,4,40,0,4,190,38,232,10,13,207,42,272,212,0,212,484
11/03/2020,BFL,CA,AWP,WE,Combined TRACON& Tower with Radar,9,14,32,0,55,0,7,169,17,193,9,21,201,17,248,172,0,172,420
11/04/2020,BFL,CA,AWP,WE,Combined TRACON& Tower with Radar,9,12,25,4,50,0,2,177,20,199,9,14,202,24,249,163,12,175,424
11/05/2020,BFL,CA,AWP,WE,Combined TRACON& Tower with Radar,12,13,35,0,60,0,12,172,0,184,12,25,207,0,244,117,0,117,361
11/06/2020,BFL,CA,AWP,WE,Combined TRACON& Tower with Radar,11,10,38,0,59,0,3,100,2,105,11,13,138,2,164,62,0,62,226
11/07/2020,BFL,CA,AWP,WE,Combined TRACON& Tower with Radar,10,5,37,1,53,0,0,21,1,22,10,5,58,2,75,2,0,2,77
11/08/2020,BFL,CA,AWP,WE,Combined TRACON& Tower with Radar,10,5,23,0,38,0,4,66,0,70,10,9,89,0,108,81,0,81,189
11/09/2020,BFL,CA,AWP,WE,Combined TRACON& Tower with Radar,10,7,14,5,36,0,16,130,0,146,10,23,144,5,182,110,0,110,292
11/10/2020,BFL,CA,AWP,WE,Combined TRACON& Tower with Radar,9,18,21,8,56,0,13,145,0,158,9,31,166,8,214,186,12,198,412
11/11/2020,BFL,CA,AWP,WE,Combined TRACON& Tower with Radar,9,19,21,0,49,0,10,200,1,211,9,29,221,1,260,194,0,194,454
11/12/2020,BFL,CA,AWP,WE,Combined TRACON& Tower with Radar,10,16,14,0,40,0,4,206,0,210,10,20,220,0,250,118,0,118,368
11/13/2020,BFL,CA,AWP,WE,Combined TRACON& Tower with Radar,10,13,23,13,59,0,7,199,2,208,10,20,222,15,267,148,0,148,415
11/14/2020,BFL,CA,AWP,WE,Combined TRACON& Tower with Radar,10,9,24,2,45,0,2,124,0,126,10,11,148,2,171,122,0,122,293
11/15/2020,BFL,CA,AWP,WE,Combined TRACON& Tower with Radar,10,4,34,0,48,0,2,90,0,92,10,6,124,0,140,70,0,70,210
11/16/2020,BFL,CA,AWP,WE,Combined TRACON& Tower with Radar,10,5,21,4,40,0,2,174,0,176,10,7,195,4,216,162,0,162,378
11/17/2020,BFL,CA,AWP,WE,Combined TRACON& Tower with Radar,9,16,28,0,53,0,4,163,1,168,9,20,191,1,221,279,0,279,500
11/18/2020,BFL,CA,AWP,WE,Combined TRACON& Tower with Radar,9,18,43,2,72,0,4,184,1,189,9,22,227,3,261,156,0,156,417
11/19/2020,BFL,CA,AWP,WE,Combined TRACON& Tower with Radar,10,9,46,0,65,0,2,142,1,145,10,11,188,1,210,82,0,82,292
11/20/2020,BFL,CA,AWP,WE,Combined TRACON& Tower with Radar,9,13,41,0,63,0,6,221,0,227,9,19,262,0,290,219,0,219,509
11/21/2020,BFL,CA,AWP,WE,Combined TRACON& Tower with Radar,10,7,9,0,26,0,10,158,0,168,10,17,167,0,194,128,0,128,322
11/22/2020,BFL,CA,AWP,WE,Combined TRACON& Tower with Radar,10,2,16,0,28,0,2,136,2,140,10,4,152,2,168,77,0,77,245
11/23/2020,BFL,CA,AWP,WE,Combined TRACON& Tower with Radar,10,5,28,0,43,0,0,130,0,130,10,5,158,0,173,62,0,62,235
11/24/2020,BFL,CA,AWP,WE,Combined TRACON& Tower with Radar,12,12,21,0,45,0,6,143,2,151,12,18,164,2,196,140,0,140,336
11/25/2020,BFL,CA,AWP,WE,Combined TRACON& Tower with Radar,12,15,17,4,48,0,5,122,0,127,12,20,139,4,175,144,0,144,319
11/26/2020,BFL,CA,AWP,WE,Combined TRACON& Tower with Radar,5,0,5,0,10,0,3,28,0,31,5,3,33,0,41,4,0,4,45
11/27/2020,BFL,CA,AWP,WE,Combined TRACON& Tower with Radar,9,10,6,0,25,0,3,62,0,65,9,13,68,0,90,16,0,16,106
11/28/2020,BFL,CA,AWP,WE,Combined TRACON& Tower with Radar,12,7,14,0,33,0,3,97,0,100,12,10,111,0,133,78,0,78,211
11/29/2020,BFL,CA,AWP,WE,Combined TRACON& Tower with Radar,12,2,15,0,29,0,1,105,0,106,12,3,120,0,135,92,0,92,227
11/30/2020,BFL,CA,AWP,WE,Combined TRACON& Tower with Radar,12,5,25,2,44,0,4,147,0,151,12,9,172,2,195,149,0,149,344
12/01/2020,BFL,CA,AWP,WE,Combined TRACON& Tower with Radar,11,11,19,0,41,0,10,144,4,158,11,21,163,4,199,156,0,156,355
12/02/2020,BFL,CA,AWP,WE,Combined TRACON& Tower with Radar,9,13,18,0,40,0,6,155,0,161,9,19,173,0,201,232,0,232,433
12/03/2020,BFL,CA,AWP,WE,Combined TRACON& Tower with Radar,10,14,13,0,37,0,4,122,0,126,10,18,135,0,163,98,0,98,261
12/04/2020,BFL,CA,AWP,WE,Combined TRACON& Tower with Radar,10,10,30,0,50,0,3,183,0,186,10,13,213,0,236,134,0,134,370
12/05/2020,BFL,CA,AWP,WE,Combined TRACON& Tower with Radar,12,5,16,0,33,1,7,131,0,139,13,12,147,0,172,102,0,102,274
12/06/2020,BFL,CA,AWP,WE,Combined TRACON& Tower with Radar,8,6,27,0,41,0,1,178,2,181,8,7,205,2,222,202,0,202,424
12/07/2020,BFL,CA,AWP,WE,Combined TRACON& Tower with Radar,9,7,21,0,37,0,4,129,0,133,9,11,150,0,170,264,0,264,434
12/08/2020,BFL,CA,AWP,WE,Combined TRACON& Tower with Radar,9,15,14,0,38,0,8,175,0,183,9,23,189,0,221,240,0,240,461
12/09/2020,BFL,CA,AWP,WE,Combined TRACON& Tower with Radar,9,18,22,0,49,0,5,173,0,178,9,23,195,0,227,156,0,156,383
12/10/2020,BFL,CA,AWP,WE,Combined TRACON& Tower with Radar,12,14,32,4,62,0,3,179,11,193,12,17,211,15,255,260,14,274,529
12/11/2020,BFL,CA,AWP,WE,Combined TRACON& Tower with Radar,10,10,22,0,42,0,4,192,2,198,10,14,214,2,240,140,0,140,380
12/12/2020,BFL,CA,AWP,WE,Combined TRACON& Tower with Radar,10,12,17,0,39,0,0,82,0,82,10,12,99,0,121,70,0,70,191
12/13/2020,BFL,CA,AWP,WE,Combined TRACON& Tower with Radar,8,3,26,0,37,0,1,131,0,132,8,4,157,0,169,100,0,100,269
12/14/2020,BFL,CA,AWP,WE,Combined TRACON& Tower with Radar,9,6,18,2,35,0,4,74,0,78,9,10,92,2,113,82,0,82,195
12/15/2020,BFL,CA,AWP,WE,Combined TRACON& Tower with Radar,9,14,20,10,53,0,2,137,1,140,9,16,157,11,193,136,0,136,329
12/16/2020,BFL,CA,AWP,WE,Combined TRACON& Tower with Radar,8,19,28,9,64,0,14,147,13,174,8,33,175,22,238,218,8,226,464
12/17/2020,BFL,CA,AWP,WE,Combined TRACON& Tower with Radar,7,15,31,5,58,0,4,85,1,90,7,19,116,6,148,22,20,42,190
12/18/2020,BFL,CA,AWP,WE,Combined TRACON& Tower with Radar,10,18,24,3,55,0,0,59,0,59,10,18,83,3,114,8,0,8,122
12/19/2020,BFL,CA,AWP,WE,Combined TRACON& Tower with Radar,8,8,17,0,33,0,15,62,0,77,8,23,79,0,110,28,0,28,138
12/20/2020,BFL,CA,AWP,WE,Combined TRACON& Tower with Radar,9,6,15,2,32,0,0,62,0,62,9,6,77,2,94,16,0,16,110
12/21/2020,BFL,CA,AWP,WE,Combined TRACON& Tower with Radar,8,6,23,2,39,0,5,68,1,74,8,11,91,3,113,20,0,20,133
12/22/2020,BFL,CA,AWP,WE,Combined TRACON& Tower with Radar,8,12,31,2,53,0,2,41,0,43,8,14,72,2,96,4,0,4,100
12/23/2020,BFL,CA,AWP,WE,Combined TRACON& Tower with Radar,9,12,19,2,42,0,6,47,0,53,9,18,66,2,95,2,0,2,97
12/24/2020,BFL,CA,AWP,WE,Combined TRACON& Tower with Radar,8,7,7,0,22,0,4,34,1,39,8,11,41,1,61,4,0,4,65
12/25/2020,BFL,CA,AWP,WE,Combined TRACON& Tower with Radar,4,2,9,0,15,0,0,19,0,19,4,2,28,0,34,6,0,6,40
12/26/2020,BFL,CA,AWP,WE,Combined TRACON& Tower with Radar,8,7,8,0,23,0,6,28,1,35,8,13,36,1,58,24,0,24,82
12/27/2020,BFL,CA,AWP,WE,Combined TRACON& Tower with Radar,8,8,15,0,31,0,0,29,0,29,8,8,44,0,60,8,0,8,68
12/28/2020,BFL,CA,AWP,WE,Combined TRACON& Tower with Radar,10,6,23,0,39,0,0,38,2,40,10,6,61,2,79,10,0,10,89
12/29/2020,BFL,CA,AWP,WE,Combined TRACON& Tower with Radar,8,14,15,0,37,0,4,39,0,43,8,18,54,0,80,30,0,30,110
12/30/2020,BFL,CA,AWP,WE,Combined TRACON& Tower with Radar,7,14,15,4,40,0,2,87,1,90,7,16,102,5,130,34,0,34,164
12/31/2020,BFL,CA,AWP,WE,Combined TRACON& Tower with Radar,6,11,28,0,45,0,0,3,0,3,6,11,31,0,48,0,0,0,48
01/01/2021,BFL,CA,AWP,WE,Combined TRACON& Tower with Radar,8,2,3,0,13,0,7,49,0,56,8,9,52,0,69,14,0,14,83
01/02/2021,BFL,CA,AWP,WE,Combined TRACON& Tower with Radar,8,10,14,0,32,0,4,45,0,49,8,14,59,0,81,8,0,8,89
01/03/2021,BFL,CA,AWP,WE,Combined TRACON& Tower with Radar,8,5,30,0,43,0,1,31,0,32,8,6,61,0,75,12,0,12,87
01/04/2021,BFL,CA,AWP,WE,Combined TRACON& Tower with Radar,8,5,15,2,30,0,2,53,0,55,8,7,68,2,85,38,0,38,123
01/05/2021,BFL,CA,AWP,WE,Combined TRACON& Tower with Radar,7,13,37,8,65,0,0,54,8,62,7,13,91,16,127,4,0,4,131
01/06/2021,BFL,CA,AWP,WE,Combined TRACON& Tower with Radar,10,15,11,0,36,0,1,92,0,93,10,16,103,0,129,118,0,118,247
01/07/2021,BFL,CA,AWP,WE,Combined TRACON& Tower with Radar,8,12,21,7,48,0,5,85,2,92,8,17,106,9,140,100,0,100,240
01/08/2021,BFL,CA,AWP,WE,Combined TRACON& Tower with Radar,8,9,24,0,41,0,4,57,0,61,8,13,81,0,102,34,0,34,136
01/09/2021,BFL,CA,AWP,WE,Combined TRACON& Tower with Radar,8,10,46,0,64,0,0,18,0,18,8,10,64,0,82,18,0,18,100
01/10/2021,BFL,CA,AWP,WE,Combined TRACON& Tower with Radar,10,8,18,0,36,0,0,79,0,79,10,8,97,0,115,76,0,76,191
01/11/2021,BFL,CA,AWP,WE,Combined TRACON& Tower with Radar,10,7,16,0,33,0,2,101,0,103,10,9,117,0,136,122,1,123,259
01/12/2021,BFL,CA,AWP,WE,Combined TRACON& Tower with Radar,8,16,27,3,54,0,3,156,3,162,8,19,183,6,216,122,0,122,338
01/13/2021,BFL,CA,AWP,WE,Combined TRACON& Tower with Radar,8,14,27,2,51,0,2,140,12,154,8,16,167,14,205,85,0,85,290
01/14/2021,BFL,CA,AWP,WE,Combined TRACON& Tower with Radar,8,13,10,5,36,0,18,131,13,162,8,31,141,18,198,146,0,146,344
01/15/2021,BFL,CA,AWP,WE,Combined TRACON& Tower with Radar,8,10,16,0,34,0,4,157,0,161,8,14,173,0,195,104,0,104,299
01/16/2021,BFL,CA,AWP,WE,Combined TRACON& Tower with Radar,8,8,12,0,28,0,2,89,0,91,8,10,101,0,119,56,0,56,175
01/17/2021,BFL,CA,AWP,WE,Combined TRACON& Tower with Radar,8,4,3,0,15,0,2,146,0,148,8,6,149,0,163,84,0,84,247
01/18/2021,BFL,CA,AWP,WE,Combined TRACON& Tower with Radar,8,8,15,2,33,0,6,188,0,194,8,14,203,2,227,174,0,174,401
01/19/2021,BFL,CA,AWP,WE,Combined TRACON& Tower with Radar,8,10,6,0,24,0,13,89,0,102,8,23,95,0,126,34,0,34,160
01/20/2021,BFL,CA,AWP,WE,Combined TRACON& Tower with Radar,8,10,10,0,28,0,7,202,0,209,8,17,212,0,237,155,0,155,392
01/21/2021,BFL,CA,AWP,WE,Combined TRACON& Tower with Radar,8,13,20,2,43,0,21,189,0,210,8,34,209,2,253,241,0,241,494
01/22/2021,BFL,CA,AWP,WE,Combined TRACON& Tower with Radar,8,9,41,11,69,0,10,120,8,138,8,19,161,19,207,125,0,125,332
01/23/2021,BFL,CA,AWP,WE,Combined TRACON& Tower with Radar,8,14,18,0,40,0,4,76,0,80,8,18,94,0,120,104,0,104,224
01/24/2021,BFL,CA,AWP,WE,Combined TRACON& Tower with Radar,8,6,33,0,47,0,2,74,0,76,8,8,107,0,123,58,0,58,181
01/25/2021,BFL,CA,AWP,WE,Combined TRACON& Tower with Radar,8,11,26,0,45,0,2,88,0,90,8,13,114,0,135,72,0,72,207
01/26/2021,BFL,CA,AWP,WE,Combined TRACON& Tower with Radar,8,14,20,4,46,0,14,178,6,198,8,28,198,10,244,188,0,188,432
01/27/2021,BFL,CA,AWP,WE,Combined TRACON& Tower with Radar,10,12,13,0,35,0,1,32,0,33,10,13,45,0,68,22,0,22,90
01/28/2021,BFL,CA,AWP,WE,Combined TRACON& Tower with Radar,8,16,39,0,63,0,0,44,0,44,8,16,83,0,107,71,0,71,178
01/29/2021,BFL,CA,AWP,WE,Combined TRACON& Tower with Radar,8,14,19,0,41,0,3,111,0,114,8,17,130,0,155,76,0,76,231
01/30/2021,BFL,CA,AWP,WE,Combined TRACON& Tower with Radar,7,7,9,0,23,0,2,144,0,146,7,9,153,0,169,85,0,85,254
01/31/2021,BFL,CA,AWP,WE,Combined TRACON& Tower with Radar,7,9,17,0,33,0,1,113,1,115,7,10,130,1,148,48,0,48,196
02/01/2021,BFL,CA,AWP,WE,Combined TRACON& Tower with Radar,8,8,16,0,32,0,3,152,0,155,8,11,168,0,187,104,10,114,301
02/02/2021,BFL,CA,AWP,WE,Combined TRACON& Tower with Radar,8,9,17,0,34,0,7,165,1,173,8,16,182,1,207,142,0,142,349
02/03/2021,BFL,CA,AWP,WE,Combined TRACON& Tower with Radar,8,16,33,6,63,0,11,96,10,117,8,27,129,16,180,66,0,66,246
02/04/2021,BFL,CA,AWP,WE,Combined TRACON& Tower with Radar,8,12,23,2,45,0,23,158,1,182,8,35,181,3,227,112,0,112,339
02/05/2021,BFL,CA,AWP,WE,Combined TRACON& Tower with Radar,8,12,21,0,41,0,10,118,0,128,8,22,139,0,169,120,0,120,289
02/06/2021,BFL,CA,AWP,WE,Combined TRACON& Tower with Radar,8,8,21,0,37,0,5,97,0,102,8,13,118,0,139,42,0,42,181
02/07/2021,BFL,CA,AWP,WE,Combined TRACON& Tower with Radar,8,8,14,0,30,2,4,92,0,98,10,12,106,0,128,70,0,70,198
02/08/2021,BFL,CA,AWP,WE,Combined TRACON& Tower with Radar,8,9,22,2,41,0,9,144,2,155,8,18,166,4,196,122,0,122,318
02/09/2021,BFL,CA,AWP,WE,Combined TRACON& Tower with Radar,10,19,20,9,58,0,12,140,13,165,10,31,160,22,223,102,0,102,325
02/10/2021,BFL,CA,AWP,WE,Combined TRACON& Tower with Radar,8,12,43,4,67,0,14,139,0,153,8,26,182,4,220,66,0,66,286
02/11/2021,BFL,CA,AWP,WE,Combined TRACON& Tower with Radar,8,15,28,0,51,0,6,177,0,183,8,21,205,0,234,141,0,141,375
02/12/2021,BFL,CA,AWP,WE,Combined TRACON& Tower with Radar,8,11,22,2,43,0,4,126,10,140,8,15,148,12,183,166,0,166,349
02/13/2021,BFL,CA,AWP,WE,Combined TRACON& Tower with Radar,10,11,16,0,37,0,7,87,0,94,10,18,103,0,131,112,0,112,243
02/14/2021,BFL,CA,AWP,WE,Combined TRACON& Tower with Radar,7,5,7,0,19,0,0,78,0,78,7,5,85,0,97,82,0,82,179
02/15/2021,BFL,CA,AWP,WE,Combined TRACON& Tower with Radar,7,10,20,0,37,0,2,65,7,74,7,12,85,7,111,104,4,108,219
02/16/2021,BFL,CA,AWP,WE,Combined TRACON& Tower with Radar,7,11,23,4,45,0,6,134,0,140,7,17,157,4,185,70,0,70,255
02/17/2021,BFL,CA,AWP,WE,Combined TRACON& Tower with Radar,7,14,23,0,44,0,4,171,3,178,7,18,194,3,222,180,0,180,402
02/18/2021,BFL,CA,AWP,WE,Combined TRACON& Tower with Radar,7,13,27,4,51,0,7,178,11,196,7,20,205,15,247,82,26,108,355
02/19/2021,BFL,CA,AWP,WE,Combined TRACON& Tower with Radar,6,10,30,2,48,3,9,132,2,146,9,19,162,4,194,64,4,68,262
02/20/2021,BFL,CA,AWP,WE,Combined TRACON& Tower with Radar,7,10,11,0,28,0,4,82,0,86,7,14,93,0,114,36,0,36,150
02/21/2021,BFL,CA,AWP,WE,Combined TRACON& Tower with Radar,8,6,30,0,44,0,7,123,0,130,8,13,153,0,174,136,0,136,310
02/22/2021,BFL,CA,AWP,WE,Combined TRACON& Tower with Radar,8,13,26,0,47,0,4,173,1,178,8,17,199,1,225,152,0,152,377
02/23/2021,BFL,CA,AWP,WE,Combined TRACON& Tower with Radar,8,11,11,6,36,0,8,166,2,176,8,19,177,8,212,118,0,118,330
02/24/2021,BFL,CA,AWP,WE,Combined TRACON& Tower with Radar,8,11,21,4,44,0,7,164,4,175,8,18,185,8,219,80,0,80,299
02/25/2021,BFL,CA,AWP,WE,Combined TRACON& Tower with Radar,8,16,21,12,57,0,8,144,0,152,8,24,165,12,209,160,0,160,369
02/26/2021,BFL,CA,AWP,WE,Combined TRACON& Tower with Radar,8,10,28,0,46,0,12,152,0,164,8,22,180,0,210,138,0,138,348
02/27/2021,BFL,CA,AWP,WE,Combined TRACON& Tower with Radar,8,10,7,0,25,0,10,79,0,89,8,20,86,0,114,52,0,52,166
02/28/2021,BFL,CA,AWP,WE,Combined TRACON& Tower with Radar,8,9,13,0,30,0,4,107,1,112,8,13,120,1,142,56,0,56,198
03/01/2021,BFL,CA,AWP,WE,Combined TRACON& Tower with Radar,8,8,15,0,31,0,3,146,1,150,8,11,161,1,181,124,0,124,305
03/02/2021,BFL,CA,AWP,WE,Combined TRACON& Tower with Radar,8,11,14,2,35,0,9,136,24,169,8,20,150,26,204,134,2,136,340
03/03/2021,BFL,CA,AWP,WE,Combined TRACON& Tower with Radar,8,10,15,2,35,0,14,116,0,130,8,24,131,2,165,114,0,114,279
03/04/2021,BFL,CA,AWP,WE,Combined TRACON& Tower with Radar,12,13,28,0,53,1,21,156,0,178,13,34,184,0,231,114,0,114,345
03/05/2021,BFL,CA,AWP,WE,Combined TRACON& Tower with Radar,11,12,41,0,64,0,7,179,0,186,11,19,220,0,250,88,0,88,338
03/06/2021,BFL,CA,AWP,WE,Combined TRACON& Tower with Radar,11,8,20,0,39,0,5,104,0,109,11,13,124,0,148,98,0,98,246
03/07/2021,BFL,CA,AWP,WE,Combined TRACON& Tower with Radar,11,5,19,0,35,0,3,117,0,120,11,8,136,0,155,100,0,100,255
03/08/2021,BFL,CA,AWP,WE,Combined TRACON& Tower with Radar,12,13,21,0,46,0,4,139,1,144,12,17,160,1,190,122,0,122,312
03/09/2021,BFL,CA,AWP,WE,Combined TRACON& Tower with Radar,12,14,16,1,43,0,9,167,10,186,12,23,183,11,229,104,4,108,337
03/10/2021,BFL,CA,AWP,WE,Combined TRACON& Tower with Radar,12,11,27,0,50,0,3,75,0,78,12,14,102,0,128,118,0,118,246
03/11/2021,BFL,CA,AWP,WE,Combined TRACON& Tower with Radar,12,14,38,0,64,0,10,128,0,138,12,24,166,0,202,98,0,98,300
03/12/2021,BFL,CA,AWP,WE,Combined TRACON& Tower with Radar,12,10,29,8,59,0,15,125,0,140,12,25,154,8,199,36,0,36,235
03/13/2021,BFL,CA,AWP,WE,Combined TRACON& Tower with Radar,11,5,15,0,31,0,6,108,0,114,11,11,123,0,145,40,0,40,185
03/14/2021,BFL,CA,AWP,WE,Combined TRACON& Tower with Radar,10,2,26,0,38,0,2,85,0,87,10,4,111,0,125,44,0,44,169
03/15/2021,BFL,CA,AWP,WE,Combined TRACON& Tower with Radar,9,9,15,0,33,0,0,24,0,24,9,9,39,0,57,20,0,20,77
03/16/2021,BFL,CA,AWP,WE,Combined TRACON& Tower with Radar,15,15,26,0,56,0,4,161,0,165,15,19,187,0,221,92,0,92,313
03/17/2021,BFL,CA,AWP,WE,Combined TRACON& Tower with Radar,12,14,19,2,47,0,9,119,4,132,12,23,138,6,179,55,0,55,234
03/18/2021,BFL,CA,AWP,WE,Combined TRACON& Tower with Radar,12,16,33,0,61,0,16,128,0,144,12,32,161,0,205,38,0,38,243
03/19/2021,BFL,CA,AWP,WE,Combined TRACON& Tower with Radar,12,13,31,5,61,0,4,120,3,127,12,17,151,8,188,118,0,118,306
03/20/2021,BFL,CA,AWP,WE,Combined TRACON& Tower with Radar,11,9,25,1,46,0,2,77,3,82,11,11,102,4,128,28,0,28,156
03/21/2021,BFL,CA,AWP,WE,Combined TRACON& Tower with Radar,11,6,12,0,29,0,14,122,1,137,11,20,134,1,166,88,0,88,254
03/22/2021,BFL,CA,AWP,WE,Combined TRACON& Tower with Radar,12,11,9,0,32,0,6,188,5,199,12,17,197,5,231,150,0,150,381
03/23/2021,BFL,CA,AWP,WE,Combined TRACON& Tower with Radar,12,11,16,6,45,0,6,106,6,118,12,17,122,12,163,38,0,38,201
03/24/2021,BFL,CA,AWP,WE,Combined TRACON& Tower with Radar,12,14,32,8,66,0,16,162,2,180,12,30,194,10,246,140,0,140,386
03/25/2021,BFL,CA,AWP,WE,Combined TRACON& Tower with Radar,12,12,37,4,65,0,7,133,0,140,12,19,170,4,205,114,8,122,327
03/26/2021,BFL,CA,AWP,WE,Combined TRACON& Tower with Radar,12,11,25,0,48,0,3,199,1,203,12,14,224,1,251,132,0,132,383
03/27/2021,BFL,CA,AWP,WE,Combined TRACON& Tower with Radar,11,11,11,2,35,0,20,156,2,178,11,31,167,4,213,118,0,118,331
03/28/2021,BFL,CA,AWP,WE,Combined TRACON& Tower with Radar,11,4,16,0,31,0,6,106,1,113,11,10,122,1,144,76,0,76,220
03/29/2021,BFL,CA,AWP,WE,Combined TRACON& Tower with Radar,12,7,22,1,42,0,6,152,23,181,12,13,174,24,223,106,14,120,343
03/30/2021,BFL,CA,AWP,WE,Combined TRACON& Tower with Radar,12,11,23,5,51,0,8,171,1,180,12,19,194,6,231,62,0,62,293
03/31/2021,BFL,CA,AWP,WE,Combined TRACON& Tower with Radar,12,15,24,1,52,0,6,123,4,133,12,21,147,5,185,42,0,42,227
04/01/2021,BFL,CA,AWP,WE,Combined TRACON& Tower with Radar,12,11,20,1,44,0,6,149,0,155,12,17,169,1,199,100,0,100,299
04/02/2021,BFL,CA,AWP,WE,Combined TRACON& Tower with Radar,12,17,24,0,53,0,7,104,0,111,12,24,128,0,164,56,0,56,220
04/03/2021,BFL,CA,AWP,WE,Combined TRACON& Tower with Radar,10,9,8,0,27,0,4,110,0,114,10,13,118,0,141,48,0,48,189
04/04/2021,BFL,CA,AWP,WE,Combined TRACON& Tower with Radar,12,4,11,0,27,0,1,63,0,64,12,5,74,0,91,4,0,4,95
04/05/2021,BFL,CA,AWP,WE,Combined TRACON& Tower with Radar,12,9,28,3,52,0,8,143,9,160,12,17,171,12,212,118,18,136,348
04/06/2021,BFL,CA,AWP,WE,Combined TRACON& Tower with Radar,10,15,17,2,44,0,3,197,4,204,10,18,214,6,248,96,0,96,344
04/07/2021,BFL,CA,AWP,WE,Combined TRACON& Tower with Radar,10,13,17,0,40,0,26,185,17,228,10,39,202,17,268,234,0,234,502
04/08/2021,BFL,CA,AWP,WE,Combined TRACON& Tower with Radar,11,11,24,0,46,0,2,169,0,171,11,13,193,0,217,84,0,84,301
04/09/2021,BFL,CA,AWP,WE,Combined TRACON& Tower with Radar,12,14,24,2,52,0,7,193,8,208,12,21,217,10,260,158,0,158,418
04/10/2021,BFL,CA,AWP,WE,Combined TRACON& Tower with Radar,10,13,20,4,47,0,10,118,0,128,10,23,138,4,175,118,0,118,293
04/11/2021,BFL,CA,AWP,WE,Combined TRACON& Tower with Radar,12,5,29,6,52,0,5,75,1,81,12,10,104,7,133,44,0,44,177
04/12/2021,BFL,CA,AWP,WE,Combined TRACON& Tower with Radar,12,14,19,0,45,0,7,146,1,154,12,21,165,1,199,169,0,169,368
04/13/2021,BFL,CA,AWP,WE,Combined TRACON& Tower with Radar,10,13,38,6,67,0,4,155,30,189,10,17,193,36,256,114,4,118,374
04/14/2021,BFL,CA,AWP,WE,Combined TRACON& Tower with Radar,10,20,32,1,63,0,8,176,10,194,10,28,208,11,257,212,0,212,469
04/15/2021,BFL,CA,AWP,WE,Combined TRACON& Tower with Radar,11,17,28,2,58,0,10,165,10,185,11,27,193,12,243,148,0,148,391
04/16/2021,BFL,CA,AWP,WE,Combined TRACON& Tower with Radar,11,17,24,0,52,0,5,154,0,159,11,22,178,0,211,118,0,118,329
04/17/2021,BFL,CA,AWP,WE,Combined TRACON& Tower with Radar,10,8,10,0,28,0,8,121,0,129,10,16,131,0,157,116,0,116,273
04/18/2021,BFL,CA,AWP,WE,Combined TRACON& Tower with Radar,12,6,7,0,25,0,3,91,0,94,12,9,98,0,119,150,0,150,269
04/19/2021,BFL,CA,AWP,WE,Combined TRACON& Tower with Radar,12,9,18,3,42,0,16,134,5,155,12,25,152,8,197,104,4,108,305
04/20/2021,BFL,CA,AWP,WE,Combined TRACON& Tower with Radar,10,14,29,5,58,0,10,189,7,206,10,24,218,12,264,120,0,120,384
04/21/2021,BFL,CA,AWP,WE,Combined TRACON& Tower with Radar,9,17,25,4,55,0,8,157,0,165,9,25,182,4,220,102,0,102,322
04/22/2021,BFL,CA,AWP,WE,Combined TRACON& Tower with Radar,12,11,22,0,45,0,7,157,1,165,12,18,179,1,210,68,0,68,278
04/23/2021,BFL,CA,AWP,WE,Combined TRACON& Tower with Radar,12,13,31,4,60,0,7,161,5,173,12,20,192,9,233,84,4,88,321
04/24/2021,BFL,CA,AWP,WE,Combined TRACON& Tower with Radar,10,12,20,5,47,0,6,105,0,111,10,18,125,5,158,86,0,86,244
04/25/2021,BFL,CA,AWP,WE,Combined TRACON& Tower with Radar,12,10,35,1,58,0,4,53,1,58,12,14,88,2,116,30,0,30,146
04/26/2021,BFL,CA,AWP,WE,Combined TRACON& Tower with Radar,12,11,66,8,97,0,0,83,0,83,12,11,149,8,180,94,0,94,274
04/27/2021,BFL,CA,AWP,WE,Combined TRACON& Tower with Radar,10,16,14,2,42,0,10,176,2,188,10,26,190,4,230,42,0,42,272
04/28/2021,BFL,CA,AWP,WE,Combined TRACON& Tower with Radar,11,15,15,0,41,0,5,155,2,162,11,20,170,2,203,112,0,112,315
04/29/2021,BFL,CA,AWP,WE,Combined TRACON& Tower with Radar,13,15,27,4,59,0,3,154,18,175,13,18,181,22,234,133,24,157,391
04/30/2021,BFL,CA,AWP,WE,Combined TRACON& Tower with Radar,12,14,16,6,48,0,6,187,0,193,12,20,203,6,241,94,0,94,335
05/01/2021,BFL,CA,AWP,WE,Combined TRACON& Tower with Radar,12,13,12,0,37,0,4,112,0,116,12,17,124,0,153,122,0,122,275
05/02/2021,BFL,CA,AWP,WE,Combined TRACON& Tower with Radar,12,4,37,0,53,0,4,76,0,80,12,8,113,0,133,64,0,64,197
05/03/2021,BFL,CA,AWP,WE,Combined TRACON& Tower with Radar,12,16,21,5,54,0,3,147,9,159,12,19,168,14,213,132,0,132,345
05/04/2021,BFL,CA,AWP,WE,Combined TRACON& Tower with Radar,10,20,30,0,60,0,7,168,9,184,10,27,198,9,244,114,0,114,358
05/05/2021,BFL,CA,AWP,WE,Combined TRACON& Tower with Radar,10,18,28,2,58,0,13,161,6,180,10,31,189,8,238,146,0,146,384
05/06/2021,BFL,CA,AWP,WE,Combined TRACON& Tower with Radar,13,21,15,0,49,0,9,147,17,173,13,30,162,17,222,104,0,104,326
05/07/2021,BFL,CA,AWP,WE,Combined TRACON& Tower with Radar,12,14,26,0,52,0,14,153,26,193,12,28,179,26,245,78,0,78,323
05/08/2021,BFL,CA,AWP,WE,Combined TRACON& Tower with Radar,10,7,19,0,36,0,11,135,0,146,10,18,154,0,182,74,0,74,256
05/09/2021,BFL,CA,AWP,WE,Combined TRACON& Tower with Radar,12,6,24,0,42,0,0,93,0,93,12,6,117,0,135,66,0,66,201
05/10/2021,BFL,CA,AWP,WE,Combined TRACON& Tower with Radar,12,11,25,4,52,0,4,153,4,161,12,15,178,8,213,117,0,117,330
05/11/2021,BFL,CA,AWP,WE,Combined TRACON& Tower with Radar,12,16,18,4,50,0,11,168,5,184,12,27,186,9,234,158,0,158,392
05/12/2021,BFL,CA,AWP,WE,Combined TRACON& Tower with Radar,12,14,20,3,49,0,9,163,2,174,12,23,183,5,223,60,0,60,283
05/13/2021,BFL,CA,AWP,WE,Combined TRACON& Tower with Radar,12,18,36,7,73,0,17,191,6,214,12,35,227,13,287,76,10,86,373
05/14/2021,BFL,CA,AWP,WE,Combined TRACON& Tower with Radar,12,12,35,2,61,0,5,170,3,178,12,17,205,5,239,100,0,100,339
05/15/2021,BFL,CA,AWP,WE,Combined TRACON& Tower with Radar,10,9,26,0,45,0,2,115,0,117,10,11,141,0,162,124,0,124,286
05/16/2021,BFL,CA,AWP,WE,Combined TRACON& Tower with Radar,12,14,38,0,64,0,0,77,2,79,12,14,115,2,143,34,0,34,177
05/17/2021,BFL,CA,AWP,WE,Combined TRACON& Tower with Radar,12,8,30,2,52,0,0,115,0,115,12,8,145,2,167,28,0,28,195
05/18/2021,BFL,CA,AWP,WE,Combined TRACON& Tower with Radar,12,16,22,2,52,0,5,138,6,149,12,21,160,8,201,56,0,56,257
05/19/2021,BFL,CA,AWP,WE,Combined TRACON& Tower with Radar,11,20,25,0,56,0,7,145,0,152,11,27,170,0,208,88,0,88,296
05/20/2021,BFL,CA,AWP,WE,Combined TRACON& Tower with Radar,11,13,21,9,54,0,5,120,1,126,11,18,141,10,180,92,0,92,272
05/21/2021,BFL,CA,AWP,WE,Combined TRACON& Tower with Radar,12,10,31,0,53,0,2,136,0,138,12,12,167,0,191,72,0,72,263
05/22/2021,BFL,CA,AWP,WE,Combined TRACON& Tower with Radar,10,7,23,0,40,0,6,110,0,116,10,13,133,0,156,24,0,24,180
05/23/2021,BFL,CA,AWP,WE,Combined TRACON& Tower with Radar,11,7,21,0,39,0,5,92,0,97,11,12,113,0,136,46,0,46,182
05/24/2021,BFL,CA,AWP,WE,Combined TRACON& Tower with Radar,12,8,24,3,47,0,6,138,0,144,12,14,162,3,191,54,0,54,245
05/25/2021,BFL,CA,AWP,WE,Combined TRACON& Tower with Radar,12,11,23,0,46,0,2,147,4,153,12,13,170,4,199,118,0,118,317
05/26/2021,BFL,CA,AWP,WE,Combined TRACON& Tower with Radar,12,13,23,0,48,0,8,146,0,154,12,21,169,0,202,62,0,62,264
05/27/2021,BFL,CA,AWP,WE,Combined TRACON& Tower with Radar,12,13,37,6,68,0,5,154,14,173,12,18,191,20,241,46,32,78,319
05/28/2021,BFL,CA,AWP,WE,Combined TRACON& Tower with Radar,12,10,32,0,54,0,4,173,0,177,12,14,205,0,231,140,0,140,371
05/29/2021,BFL,CA,AWP,WE,Combined TRACON& Tower with Radar,8,7,37,0,52,0,4,117,0,121,8,11,154,0,173,95,0,95,268
05/30/2021,BFL,CA,AWP,WE,Combined TRACON& Tower with Radar,10,4,9,0,23,0,3,89,0,92,10,7,98,0,115,70,0,70,185
05/31/2021,BFL,CA,AWP,WE,Combined TRACON& Tower with Radar,10,7,16,0,33,0,3,75,0,78,10,10,91,0,111,21,0,21,132
06/01/2021,BFL,CA,AWP,WE,Combined TRACON& Tower with Radar,12,11,33,0,56,0,1,130,0,131,12,12,163,0,187,31,0,31,218
06/02/2021,BFL,CA,AWP,WE,Combined TRACON& Tower with Radar,12,13,33,1,59,0,10,104,5,119,12,23,137,6,178,31,0,31,209
06/03/2021,BFL,CA,AWP,WE,Combined TRACON& Tower with Radar,9,14,26,0,49,0,15,148,4,167,9,29,174,4,216,96,0,96,312
06/04/2021,BFL,CA,AWP,WE,Combined TRACON& Tower with Radar,9,12,27,0,48,0,8,132,0,140,9,20,159,0,188,76,0,76,264
06/05/2021,BFL,CA,AWP,WE,Combined TRACON& Tower with Radar,9,10,11,0,30,0,11,127,2,140,9,21,138,2,170,76,0,76,246
06/06/2021,BFL,CA,AWP,WE,Combined TRACON& Tower with Radar,9,8,15,0,32,0,3,118,0,121,9,11,133,0,153,34,0,34,187
06/07/2021,BFL,CA,AWP,WE,Combined TRACON& Tower with Radar,6,15,28,6,55,0,5,130,2,137,6,20,158,8,192,112,0,112,304
06/08/2021,BFL,CA,AWP,WE,Combined TRACON& Tower with Radar,9,16,29,0,54,0,4,126,6,136,9,20,155,6,190,84,0,84,274
06/09/2021,BFL,CA,AWP,WE,Combined TRACON& Tower with Radar,9,21,25,0,55,0,16,162,1,179,9,37,187,1,234,54,0,54,288
06/10/2021,BFL,CA,AWP,WE,Combined TRACON& Tower with Radar,9,18,22,0,49,0,10,158,0,168,9,28,180,0,217,84,0,84,301
06/11/2021,BFL,CA,AWP,WE,Combined TRACON& Tower with Radar,9,13,35,0,57,0,16,160,0,176,9,29,195,0,233,56,0,56,289
06/12/2021,BFL,CA,AWP,WE,Combined TRACON& Tower with Radar,8,9,17,0,34,0,14,117,0,131,8,23,134,0,165,64,0,64,229
06/13/2021,BFL,CA,AWP,WE,Combined TRACON& Tower with Radar,8,10,17,0,35,0,5,93,5,103,8,15,110,5,138,64,0,64,202
06/14/2021,BFL,CA,AWP,WE,Combined TRACON& Tower with Radar,9,10,24,0,43,3,2,161,2,168,12,12,185,2,211,107,0,107,318
06/15/2021,BFL,CA,AWP,WE,Combined TRACON& Tower with Radar,9,13,28,2,52,0,19,169,0,188,9,32,197,2,240,74,0,74,314
06/16/2021,BFL,CA,AWP,WE,Combined TRACON& Tower with Radar,9,15,14,5,43,0,8,132,4,144,9,23,146,9,187,120,0,120,307
06/17/2021,BFL,CA,AWP,WE,Combined TRACON& Tower with Radar,9,14,21,0,44,0,6,148,4,158,9,20,169,4,202,40,0,40,242
06/18/2021,BFL,CA,AWP,WE,Combined TRACON& Tower with Radar,11,12,29,0,52,0,6,149,0,155,11,18,178,0,207,46,0,46,253
06/19/2021,BFL,CA,AWP,WE,Combined TRACON& Tower with Radar,9,8,10,0,27,0,6,98,0,104,9,14,108,0,131,40,0,40,171
06/20/2021,BFL,CA,AWP,WE,Combined TRACON& Tower with Radar,9,4,13,0,26,0,9,61,0,70,9,13,74,0,96,16,0,16,112
06/21/2021,BFL,CA,AWP,WE,Combined TRACON& Tower with Radar,8,13,34,0,55,0,8,125,0,133,8,21,159,0,188,54,0,54,242
06/22/2021,BFL,CA,AWP,WE,Combined TRACON& Tower with Radar,7,18,20,0,45,0,1,152,0,153,7,19,172,0,198,42,0,42,240
06/23/2021,BFL,CA,AWP,WE,Combined TRACON& Tower with Radar,9,21,28,0,58,0,9,131,2,142,9,30,159,2,200,68,0,68,268
06/24/2021,BFL,CA,AWP,WE,Combined TRACON& Tower with Radar,9,14,26,5,54,0,24,148,9,181,9,38,174,14,235,80,0,80,315
06/25/2021,BFL,CA,AWP,WE,Combined TRACON& Tower with Radar,9,13,18,6,46,0,4,153,0,157,9,17,171,6,203,62,0,62,265
06/26/2021,BFL,CA,AWP,WE,Combined TRACON& Tower with Radar,9,12,16,4,41,0,5,98,1,104,9,17,114,5,145,132,0,132,277
06/27/2021,BFL,CA,AWP,WE,Combined TRACON& Tower with Radar,12,4,16,2,34,0,1,78,0,79,12,5,94,2,113,40,0,40,153
06/28/2021,BFL,CA,AWP,WE,Combined TRACON& Tower with Radar,10,8,20,0,38,0,5,117,1,123,10,13,137,1,161,106,0,106,267
06/29/2021,BFL,CA,AWP,WE,Combined TRACON& Tower with Radar,8,12,17,0,37,0,9,135,6,150,8,21,152,6,187,60,0,60,247
06/30/2021,BFL,CA,AWP,WE,Combined TRACON& Tower with Radar,13,17,21,2,53,0,7,170,4,181,13,24,191,6,234,38,0,38,272
07/01/2021,BFL,CA,AWP,WE,Combined TRACON& Tower with Radar,9,19,28,10,66,0,3,136,4,143,9,22,164,14,209,106,0,106,315
07/02/2021,BFL,CA,AWP,WE,Combined TRACON& Tower with Radar,8,11,21,0,40,0,20,160,0,180,8,31,181,0,220,86,0,86,306
07/03/2021,BFL,CA,AWP,WE,Combined TRACON& Tower with Radar,6,8,10,0,24,0,4,96,0,100,6,12,106,0,124,46,0,46,170
07/04/2021,BFL,CA,AWP,WE,Combined TRACON& Tower with Radar,7,6,4,0,17,0,3,29,0,32,7,9,33,0,49,10,0,10,59
07/05/2021,BFL,CA,AWP,WE,Combined TRACON& Tower with Radar,8,5,15,0,28,0,2,94,0,96,8,7,109,0,124,28,0,28,152
07/06/2021,BFL,CA,AWP,WE,Combined TRACON& Tower with Radar,11,9,27,0,47,0,2,144,14,160,11,11,171,14,207,36,30,66,273
07/07/2021,BFL,CA,AWP,WE,Combined TRACON& Tower with Radar,9,15,28,0,52,2,3,161,4,170,11,18,189,4,222,112,0,112,334
07/08/2021,BFL,CA,AWP,WE,Combined TRACON& Tower with Radar,8,19,19,0,46,0,3,171,16,190,8,22,190,16,236,118,2,120,356
07/09/2021,BFL,CA,AWP,WE,Combined TRACON& Tower with Radar,9,15,24,4,52,0,6,125,14,145,9,21,149,18,197,46,9,55,252
07/10/2021,BFL,CA,AWP,WE,Combined TRACON& Tower with Radar,9,7,5,0,21,0,1,84,0,85,9,8,89,0,106,42,0,42,148
07/11/2021,BFL,CA,AWP,WE,Combined TRACON& Tower with Radar,12,4,18,0,34,0,2,84,1,87,12,6,102,1,121,22,0,22,143
07/12/2021,BFL,CA,AWP,WE,Combined TRACON& Tower with Radar,11,9,11,0,31,0,4,105,1,110,11,13,116,1,141,60,0,60,201
07/13/2021,BFL,CA,AWP,WE,Combined TRACON& Tower with Radar,10,18,25,6,59,0,3,122,4,129,10,21,147,10,188,71,0,71,259
07/14/2021,BFL,CA,AWP,WE,Combined TRACON& Tower with Radar,9,14,27,0,50,0,8,151,2,161,9,22,178,2,211,74,0,74,285
07/15/2021,BFL,CA,AWP,WE,Combined TRACON& Tower with Radar,9,15,27,8,59,0,2,166,0,168,9,17,193,8,227,89,6,95,322
07/16/2021,BFL,CA,AWP,WE,Combined TRACON& Tower with Radar,9,12,21,0,42,0,22,144,0,166,9,34,165,0,208,48,0,48,256
07/17/2021,BFL,CA,AWP,WE,Combined TRACON& Tower with Radar,9,8,12,2,31,0,1,100,0,101,9,9,112,2,132,40,0,40,172
07/18/2021,BFL,CA,AWP,WE,Combined TRACON& Tower with Radar,7,7,30,0,44,0,1,65,0,66,7,8,95,0,110,24,0,24,134
07/19/2021,BFL,CA,AWP,WE,Combined TRACON& Tower with Radar,11,12,14,2,39,0,1,136,2,139,11,13,150,4,178,64,0,64,242
07/20/2021,BFL,CA,AWP,WE,Combined TRACON& Tower with Radar,9,11,23,0,43,0,2,165,2,169,9,13,188,2,212,76,0,76,288
07/21/2021,BFL,CA,AWP,WE,Combined TRACON& Tower with Radar,9,15,17,2,43,0,19,122,0,141,9,34,139,2,184,132,0,132,316
07/22/2021,BFL,CA,AWP,WE,Combined TRACON& Tower with Radar,9,13,33,0,55,0,3,131,4,138,9,16,164,4,193,60,0,60,253
07/23/2021,BFL,CA,AWP,WE,Combined TRACON& Tower with Radar,11,13,19,0,43,0,7,92,0,99,11,20,111,0,142,24,0,24,166
07/24/2021,BFL,CA,AWP,WE,Combined TRACON& Tower with Radar,9,7,19,2,37,0,9,131,0,140,9,16,150,2,177,79,0,79,256
07/25/2021,BFL,CA,AWP,WE,Combined TRACON& Tower with Radar,8,6,17,0,31,0,9,88,0,97,8,15,105,0,128,34,0,34,162
07/26/2021,BFL,CA,AWP,WE,Combined TRACON& Tower with Radar,10,7,22,1,40,0,0,122,17,139,10,7,144,18,179,78,0,78,257
07/27/2021,BFL,CA,AWP,WE,Combined TRACON& Tower with Radar,9,14,23,2,48,0,4,145,4,153,9,18,168,6,201,77,4,81,282
07/28/2021,BFL,CA,AWP,WE,Combined TRACON& Tower with Radar,9,19,27,2,57,0,4,152,2,158,9,23,179,4,215,98,0,98,313
07/29/2021,BFL,CA,AWP,WE,Combined TRACON& Tower with Radar,8,15,20,0,43,0,3,136,0,139,8,18,156,0,182,77,0,77,259
07/30/2021,BFL,CA,AWP,WE,Combined TRACON& Tower with Radar,11,20,13,0,44,0,7,119,1,127,11,27,132,1,171,96,0,96,267
07/31/2021,BFL,CA,AWP,WE,Combined TRACON& Tower with Radar,9,7,13,0,29,0,7,79,2,88,9,14,92,2,117,62,0,62,179
08/01/2021,BFL,CA,AWP,WE,Combined TRACON& Tower with Radar,8,4,16,0,28,1,1,76,0,78,9,5,92,0,106,62,0,62,168
08/02/2021,BFL,CA,AWP,WE,Combined TRACON& Tower with Radar,8,8,9,3,28,0,1,78,1,80,8,9,87,4,108,42,0,42,150
08/03/2021,BFL,CA,AWP,WE,Combined TRACON& Tower with Radar,11,17,17,11,56,0,2,150,13,165,11,19,167,24,221,75,0,75,296
08/04/2021,BFL,CA,AWP,WE,Combined TRACON& Tower with Radar,9,18,15,12,54,0,10,156,0,166,9,28,171,12,220,100,0,100,320
08/05/2021,BFL,CA,AWP,WE,Combined TRACON& Tower with Radar,10,15,43,0,68,0,0,158,0,158,10,15,201,0,226,98,0,98,324
08/06/2021,BFL,CA,AWP,WE,Combined TRACON& Tower with Radar,10,12,54,2,78,0,9,180,0,189,10,21,234,2,267,132,0,132,399
08/07/2021,BFL,CA,AWP,WE,Combined TRACON& Tower with Radar,9,9,35,0,53,0,4,83,17,104,9,13,118,17,157,68,0,68,225
08/08/2021,BFL,CA,AWP,WE,Combined TRACON& Tower with Radar,9,6,33,0,48,0,1,28,16,45,9,7,61,16,93,0,0,0,93
08/09/2021,BFL,CA,AWP,WE,Combined TRACON& Tower with Radar,9,11,23,0,43,0,4,117,3,124,9,15,140,3,167,22,0,22,189
08/10/2021,BFL,CA,AWP,WE,Combined TRACON& Tower with Radar,9,11,23,0,43,0,9,110,6,125,9,20,133,6,168,50,0,50,218
08/11/2021,BFL,CA,AWP,WE,Combined TRACON& Tower with Radar,9,16,11,2,38,0,6,155,0,161,9,22,166,2,199,102,0,102,301
08/12/2021,BFL,CA,AWP,WE,Combined TRACON& Tower with Radar,9,19,20,0,48,0,1,127,0,128,9,20,147,0,176,70,0,70,246
08/13/2021,BFL,CA,AWP,WE,Combined TRACON& Tower with Radar,9,14,14,2,39,0,7,136,0,143,9,21,150,2,182,76,0,76,258
08/14/2021,BFL,CA,AWP,WE,Combined TRACON& Tower with Radar,9,9,21,0,39,0,6,92,5,103,9,15,113,5,142,118,0,118,260
08/15/2021,BFL,CA,AWP,WE,Combined TRACON& Tower with Radar,11,8,15,1,35,0,4,74,1,79,11,12,89,2,114,72,0,72,186
08/16/2021,BFL,CA,AWP,WE,Combined TRACON& Tower with Radar,9,13,12,0,34,0,2,90,0,92,9,15,102,0,126,11,0,11,137
08/17/2021,BFL,CA,AWP,WE,Combined TRACON& Tower with Radar,8,15,22,2,47,0,2,115,0,117,8,17,137,2,164,72,2,74,238
08/18/2021,BFL,CA,AWP,WE,Combined TRACON& Tower with Radar,9,24,52,0,85,0,6,161,1,168,9,30,213,1,253,172,0,172,425
08/19/2021,BFL,CA,AWP,WE,Combined TRACON& Tower with Radar,9,18,33,4,64,0,1,86,5,92,9,19,119,9,156,109,0,109,265
08/20/2021,BFL,CA,AWP,WE,Combined TRACON& Tower with Radar,10,11,30,1,52,0,12,71,6,89,10,23,101,7,141,18,0,18,159
08/21/2021,BFL,CA,AWP,WE,Combined TRACON& Tower with Radar,10,14,12,0,36,0,6,63,0,69,10,20,75,0,105,64,0,64,169
08/22/2021,BFL,CA,AWP,WE,Combined TRACON& Tower with Radar,10,5,23,0,38,0,0,94,0,94,10,5,117,0,132,46,0,46,178
08/23/2021,BFL,CA,AWP,WE,Combined TRACON& Tower with Radar,10,10,32,4,56,0,5,100,8,113,10,15,132,12,169,144,8,152,321
08/24/2021,BFL,CA,AWP,WE,Combined TRACON& Tower with Radar,10,17,6,0,33,0,9,189,1,199,10,26,195,1,232,68,0,68,300
08/25/2021,BFL,CA,AWP,WE,Combined TRACON& Tower with Radar,10,19,21,0,50,0,2,165,2,169,10,21,186,2,219,126,0,126,345
08/26/2021,BFL,CA,AWP,WE,Combined TRACON& Tower with Radar,10,22,15,0,47,0,3,114,0,117,10,25,129,0,164,88,0,88,252
08/27/2021,BFL,CA,AWP,WE,Combined TRACON& Tower with Radar,10,14,23,2,49,0,1,178,0,179,10,15,201,2,228,108,0,108,336
08/28/2021,BFL,CA,AWP,WE,Combined TRACON& Tower with Radar,10,8,7,2,27,0,8,122,5,135,10,16,129,7,162,66,0,66,228
08/29/2021,BFL,CA,AWP,WE,Combined TRACON& Tower with Radar,10,6,17,0,33,0,5,98,0,103,10,11,115,0,136,110,0,110,246
08/30/2021,BFL,CA,AWP,WE,Combined TRACON& Tower with Radar,10,7,30,0,47,0,10,138,0,148,10,17,168,0,195,140,0,140,335
08/31/2021,BFL,CA,AWP,WE,Combined TRACON& Tower with Radar,10,18,25,0,53,0,6,141,0,147,10,24,166,0,200,78,0,78,278
09/01/2021,BFL,CA,AWP,WE,Combined TRACON& Tower with Radar,10,13,26,0,49,0,3,151,1,155,10,16,177,1,204,76,0,76,280
09/02/2021,BFL,CA,AWP,WE,Combined TRACON& Tower with Radar,10,13,34,1,58,0,2,152,2,156,10,15,186,3,214,108,0,108,322
09/03/2021,BFL,CA,AWP,WE,Combined TRACON& Tower with Radar,10,15,23,0,48,0,9,113,0,122,10,24,136,0,170,116,0,116,286
09/04/2021,BFL,CA,AWP,WE,Combined TRACON& Tower with Radar,11,9,14,0,34,0,9,99,1,109,11,18,113,1,143,120,0,120,263
09/05/2021,BFL,CA,AWP,WE,Combined TRACON& Tower with Radar,10,6,9,0,25,0,4,61,0,65,10,10,70,0,90,54,0,54,144
09/06/2021,BFL,CA,AWP,WE,Combined TRACON& Tower with Radar,10,5,22,0,37,0,6,65,0,71,10,11,87,0,108,24,0,24,132
09/07/2021,BFL,CA,AWP,WE,Combined TRACON& Tower with Radar,10,14,25,0,49,0,9,139,8,156,10,23,164,8,205,104,16,120,325
09/08/2021,BFL,CA,AWP,WE,Combined TRACON& Tower with Radar,11,16,33,0,60,0,6,170,8,184,11,22,203,8,244,112,0,112,356
09/09/2021,BFL,CA,AWP,WE,Combined TRACON& Tower with Radar,14,18,37,0,69,0,9,108,2,119,14,27,145,2,188,54,3,57,245
09/10/2021,BFL,CA,AWP,WE,Combined TRACON& Tower with Radar,12,14,25,0,51,0,9,135,20,164,12,23,160,20,215,60,8,68,283
09/11/2021,BFL,CA,AWP,WE,Combined TRACON& Tower with Radar,10,8,14,0,32,0,3,138,1,142,10,11,152,1,174,58,0,58,232
09/12/2021,BFL,CA,AWP,WE,Combined TRACON& Tower with Radar,12,3,21,0,36,0,10,113,0,123,12,13,134,0,159,68,0,68,227
09/13/2021,BFL,CA,AWP,WE,Combined TRACON& Tower with Radar,12,6,20,6,44,0,2,112,0,114,12,8,132,6,158,90,0,90,248
09/14/2021,BFL,CA,AWP,WE,Combined TRACON& Tower with Radar,14,18,18,2,52,0,4,145,2,151,14,22,163,4,203,80,0,80,283
09/15/2021,BFL,CA,AWP,WE,Combined TRACON& Tower with Radar,12,16,26,0,54,0,7,163,10,180,12,23,189,10,234,102,0,102,336
09/16/2021,BFL,CA,AWP,WE,Combined TRACON& Tower with Radar,14,11,35,0,60,0,4,164,0,168,14,15,199,0,228,125,0,125,353
09/17/2021,BFL,CA,AWP,WE,Combined TRACON& Tower with Radar,12,14,19,0,45,0,5,132,0,137,12,19,151,0,182,98,0,98,280
09/18/2021,BFL,CA,AWP,WE,Combined TRACON& Tower with Radar,10,8,6,0,24,0,16,96,0,112,10,24,102,0,136,65,0,65,201
09/19/2021,BFL,CA,AWP,WE,Combined TRACON& Tower with Radar,12,5,17,0,34,0,10,72,0,82,12,15,89,0,116,68,0,68,184
09/20/2021,BFL,CA,AWP,WE,Combined TRACON& Tower with Radar,12,10,12,0,34,0,5,87,0,92,12,15,99,0,126,58,0,58,184
09/21/2021,BFL,CA,AWP,WE,Combined TRACON& Tower with Radar,12,18,27,0,57,0,5,126,0,131,12,23,153,0,188,38,0,38,226
09/22/2021,BFL,CA,AWP,WE,Combined TRACON& Tower with Radar,12,17,38,6,73,0,1,111,0,112,12,18,149,6,185,46,2,48,233
09/23/2021,BFL,CA,AWP,WE,Combined TRACON& Tower with Radar,12,18,35,8,73,0,6,180,0,186,12,24,215,8,259,112,0,112,371
09/24/2021,BFL,CA,AWP,WE,Combined TRACON& Tower with Radar,12,12,50,0,74,0,5,79,1,85,12,17,129,1,159,30,0,30,189
09/25/2021,BFL,CA,AWP,WE,Combined TRACON& Tower with Radar,10,6,19,2,37,0,8,64,1,73,10,14,83,3,110,24,0,24,134
09/26/2021,BFL,CA,AWP,WE,Combined TRACON& Tower with Radar,12,3,52,0,67,0,5,50,0,55,12,8,102,0,122,42,0,42,164
09/27/2021,BFL,CA,AWP,WE,Combined TRACON& Tower with Radar,12,8,26,4,50,0,7,92,0,99,12,15,118,4,149,56,12,68,217
09/28/2021,BFL,CA,AWP,WE,Combined TRACON& Tower with Radar,12,14,34,2,62,0,0,89,0,89,12,14,123,2,151,72,0,72,223
09/29/2021,BFL,CA,AWP,WE,Combined TRACON& Tower with Radar,12,14,17,4,47,0,5,184,2,191,12,19,201,6,238,90,12,102,340
09/30/2021,BFL,CA,AWP,WE,Combined TRACON& Tower with Radar,12,17,38,1,68,0,9,145,7,161,12,26,183,8,229,70,12,82,311
10/01/2021,BFL,CA,AWP,WE,Combined TRACON& Tower with Radar,14,15,41,0,70,0,6,118,6,130,14,21,159,6,200,56,0,56,256
10/02/2021,BFL,CA,AWP,WE,Combined TRACON& Tower with Radar,8,16,5,3,32,0,2,85,19,106,8,18,90,22,138,38,0,38,176
10/03/2021,BFL,CA,AWP,WE,Combined TRACON& Tower with Radar,12,8,21,0,41,0,4,73,0,77,12,12,94,0,118,48,0,48,166
10/04/2021,BFL,CA,AWP,WE,Combined TRACON& Tower with Radar,12,10,62,0,84,0,2,27,0,29,12,12,89,0,113,24,0,24,137
10/05/2021,BFL,CA,AWP,WE,Combined TRACON& Tower with Radar,12,17,18,0,47,0,17,132,0,149,12,34,150,0,196,108,0,108,304
10/06/2021,BFL,CA,AWP,WE,Combined TRACON& Tower with Radar,12,17,37,0,66,0,11,133,1,145,12,28,170,1,211,110,0,110,321
10/07/2021,BFL,CA,AWP,WE,Combined TRACON& Tower with Radar,13,21,39,0,73,0,9,150,0,159,13,30,189,0,232,90,0,90,322
10/08/2021,BFL,CA,AWP,WE,Combined TRACON& Tower with Radar,11,18,34,0,63,0,5,67,1,73,11,23,101,1,136,45,0,45,181
10/09/2021,BFL,CA,AWP,WE,Combined TRACON& Tower with Radar,11,12,6,0,29,0,6,123,1,130,11,18,129,1,159,60,0,60,219
10/10/2021,BFL,CA,AWP,WE,Combined TRACON& Tower with Radar,11,4,12,0,27,0,2,63,0,65,11,6,75,0,92,60,0,60,152
10/11/2021,BFL,CA,AWP,WE,Combined TRACON& Tower with Radar,13,7,28,0,48,0,2,23,0,25,13,9,51,0,73,12,0,12,85
10/12/2021,BFL,CA,AWP,WE,Combined TRACON& Tower with Radar,11,12,13,0,36,0,14,115,2,131,11,26,128,2,167,113,0,113,280
10/13/2021,BFL,CA,AWP,WE,Combined TRACON& Tower with Radar,13,10,26,0,49,0,14,189,2,205,13,24,215,2,254,164,0,164,418
10/14/2021,BFL,CA,AWP,WE,Combined TRACON& Tower with Radar,13,12,20,1,46,0,7,149,3,159,13,19,169,4,205,78,12,90,295
10/15/2021,BFL,CA,AWP,WE,Combined TRACON& Tower with Radar,10,13,24,3,50,0,12,151,4,167,10,25,175,7,217,78,0,78,295
10/16/2021,BFL,CA,AWP,WE,Combined TRACON& Tower with Radar,12,9,16,0,37,0,5,117,0,122,12,14,133,0,159,110,0,110,269
10/17/2021,BFL,CA,AWP,WE,Combined TRACON& Tower with Radar,11,4,13,0,28,0,1,90,2,93,11,5,103,2,121,50,0,50,171
10/18/2021,BFL,CA,AWP,WE,Combined TRACON& Tower with Radar,11,14,26,2,53,0,5,136,0,141,11,19,162,2,194,90,0,90,284
10/19/2021,BFL,CA,AWP,WE,Combined TRACON& Tower with Radar,11,16,10,0,37,0,5,142,1,148,11,21,152,1,185,118,0,118,303
10/20/2021,BFL,CA,AWP,WE,Combined TRACON& Tower with Radar,11,20,34,4,69,0,9,170,0,179,11,29,204,4,248,146,0,146,394
10/21/2021,BFL,CA,AWP,WE,Combined TRACON& Tower with Radar,10,19,27,0,56,0,5,171,0,176,10,24,198,0,232,120,0,120,352
10/22/2021,BFL,CA,AWP,WE,Combined TRACON& Tower with Radar,11,13,44,4,72,0,5,151,4,160,11,18,195,8,232,72,18,90,322
10/23/2021,BFL,CA,AWP,WE,Combined TRACON& Tower with Radar,12,8,24,6,50,0,4,124,0,128,12,12,148,6,178,60,0,60,238
10/24/2021,BFL,CA,AWP,WE,Combined TRACON& Tower with Radar,11,6,12,0,29,0,1,117,0,118,11,7,129,0,147,84,0,84,231
10/25/2021,BFL,CA,AWP,WE,Combined TRACON& Tower with Radar,13,13,11,0,37,0,0,2,0,2,13,13,13,0,39,0,0,0,39
10/26/2021,BFL,CA,AWP,WE,Combined TRACON& Tower with Radar,11,19,36,9,75,0,6,112,9,127,11,25,148,18,202,32,6,38,240
10/27/2021,BFL,CA,AWP,WE,Combined TRACON& Tower with Radar,11,17,22,0,50,0,1,115,18,134,11,18,137,18,184,74,0,74,258
10/28/2021,BFL,CA,AWP,WE,Combined TRACON& Tower with Radar,12,18,32,3,65,0,7,138,3,148,12,25,170,6,213,110,0,110,323
10/29/2021,BFL,CA,AWP,WE,Combined TRACON& Tower with Radar,11,13,93,0,117,0,9,81,0,90,11,22,174,0,207,22,0,22,229
10/30/2021,BFL,CA,AWP,WE,Combined TRACON& Tower with Radar,8,10,39,0,57,0,2,42,0,44,8,12,81,0,101,12,0,12,113
10/31/2021,BFL,CA,AWP,WE,Combined TRACON& Tower with Radar,12,5,24,0,41,0,0,13,0,13,12,5,37,0,54,0,0,0,54
11/01/2021,BFL,CA,AWP,WE,Combined TRACON& Tower with Radar,9,16,34,1,60,0,2,124,2,128,9,18,158,3,188,98,0,98,286
11/02/2021,BFL,CA,AWP,WE,Combined TRACON& Tower with Radar,12,14,34,0,60,0,1,183,2,186,12,15,217,2,246,111,0,111,357
11/03/2021,BFL,CA,AWP,WE,Combined TRACON& Tower with Radar,7,19,32,1,59,0,4,77,0,81,7,23,109,1,140,108,0,108,248
11/04/2021,BFL,CA,AWP,WE,Combined TRACON& Tower with Radar,9,14,56,0,79,0,1,91,5,97,9,15,147,5,176,80,4,84,260
11/05/2021,BFL,CA,AWP,WE,Combined TRACON& Tower with Radar,9,16,31,0,56,0,2,164,0,166,9,18,195,0,222,152,0,152,374
11/06/2021,BFL,CA,AWP,WE,Combined TRACON& Tower with Radar,9,9,23,0,41,0,2,98,2,102,9,11,121,2,143,108,0,108,251
11/07/2021,BFL,CA,AWP,WE,Combined TRACON& Tower with Radar,9,7,40,2,58,0,0,66,0,66,9,7,106,2,124,38,0,38,162
11/08/2021,BFL,CA,AWP,WE,Combined TRACON& Tower with Radar,12,12,23,0,47,0,8,139,0,147,12,20,162,0,194,133,0,133,327
11/09/2021,BFL,CA,AWP,WE,Combined TRACON& Tower with Radar,10,18,42,4,74,0,1,109,0,110,10,19,151,4,184,180,0,180,364
11/10/2021,BFL,CA,AWP,WE,Combined TRACON& Tower with Radar,10,29,47,0,86,0,7,109,0,116,10,36,156,0,202,146,0,146,348
11/11/2021,BFL,CA,AWP,WE,Combined TRACON& Tower with Radar,11,16,26,0,53,2,7,34,0,43,13,23,60,0,96,8,0,8,104
11/12/2021,BFL,CA,AWP,WE,Combined TRACON& Tower with Radar,9,17,76,0,102,0,4,108,0,112,9,21,184,0,214,62,0,62,276
11/13/2021,BFL,CA,AWP,WE,Combined TRACON& Tower with Radar,9,12,38,0,59,0,4,49,0,53,9,16,87,0,112,13,0,13,125
11/14/2021,BFL,CA,AWP,WE,Combined TRACON& Tower with Radar,7,7,41,0,55,0,0,23,0,23,7,7,64,0,78,32,0,32,110
11/15/2021,BFL,CA,AWP,WE,Combined TRACON& Tower with Radar,6,11,61,2,80,0,2,15,2,19,6,13,76,4,99,6,14,20,119
11/16/2021,BFL,CA,AWP,WE,Combined TRACON& Tower with Radar,9,13,57,0,79,0,1,26,0,27,9,14,83,0,106,20,0,20,126
11/17/2021,BFL,CA,AWP,WE,Combined TRACON& Tower with Radar,10,26,40,0,76,0,5,87,1,93,10,31,127,1,169,90,0,90,259
11/18/2021,BFL,CA,AWP,WE,Combined TRACON& Tower with Radar,10,28,51,0,89,0,2,77,0,79,10,30,128,0,168,42,0,42,210
11/19/2021,BFL,CA,AWP,WE,Combined TRACON& Tower with Radar,10,17,77,3,107,0,0,30,0,30,10,17,107,3,137,10,0,10,147
11/20/2021,BFL,CA,AWP,WE,Combined TRACON& Tower with Radar,13,12,33,2,60,0,0,30,0,30,13,12,63,2,90,52,0,52,142
11/21/2021,BFL,CA,AWP,WE,Combined TRACON& Tower with Radar,13,6,20,0,39,0,2,26,0,28,13,8,46,0,67,24,0,24,91
11/22/2021,BFL,CA,AWP,WE,Combined TRACON& Tower with Radar,8,15,39,2,64,0,1,59,2,62,8,16,98,4,126,6,0,6,132
11/23/2021,BFL,CA,AWP,WE,Combined TRACON& Tower with Radar,10,19,19,4,52,0,3,159,0,162,10,22,178,4,214,60,12,72,286
11/24/2021,BFL,CA,AWP,WE,Combined TRACON& Tower with Radar,14,17,35,1,67,0,0,113,3,116,14,17,148,4,183,56,0,56,239
11/25/2021,BFL,CA,AWP,WE,Combined TRACON& Tower with Radar,6,4,7,0,17,0,2,13,0,15,6,6,20,0,32,0,0,0,32
11/26/2021,BFL,CA,AWP,WE,Combined TRACON& Tower with Radar,8,17,10,0,35,0,5,68,0,73,8,22,78,0,108,22,0,22,130
11/27/2021,BFL,CA,AWP,WE,Combined TRACON& Tower with Radar,10,9,18,0,37,0,3,25,1,29,10,12,43,1,66,13,0,13,79
11/28/2021,BFL,CA,AWP,WE,Combined TRACON& Tower with Radar,13,6,31,0,50,0,3,73,0,76,13,9,104,0,126,46,0,46,172
11/29/2021,BFL,CA,AWP,WE,Combined TRACON& Tower with Radar,12,10,29,2,53,0,2,114,1,117,12,12,143,3,170,50,0,50,220
11/30/2021,BFL,CA,AWP,WE,Combined TRACON& Tower with Radar,13,17,23,2,55,0,4,131,0,135,13,21,154,2,190,98,0,98,288
12/01/2021,BFL,CA,AWP,WE,Combined TRACON& Tower with Radar,13,19,34,6,72,0,0,120,4,124,13,19,154,10,196,142,0,142,338
12/02/2021,BFL,CA,AWP,WE,Combined TRACON& Tower with Radar,13,17,54,0,84,0,8,117,0,125,13,25,171,0,209,42,0,42,251
12/03/2021,BFL,CA,AWP,WE,Combined TRACON& Tower with Radar,14,21,36,2,73,0,6,97,1,104,14,27,133,3,177,17,0,17,194
12/04/2021,BFL,CA,AWP,WE,Combined TRACON& Tower with Radar,15,9,42,2,68,0,3,7,0,10,15,12,49,2,78,0,0,0,78
12/05/2021,BFL,CA,AWP,WE,Combined TRACON& Tower with Radar,11,7,40,0,58,0,0,2,0,2,11,7,42,0,60,0,0,0,60
12/06/2021,BFL,CA,AWP,WE,Combined TRACON& Tower with Radar,12,17,68,2,99,0,0,12,4,16,12,17,80,6,115,6,0,6,121
12/07/2021,BFL,CA,AWP,WE,Combined TRACON& Tower with Radar,12,15,50,2,79,0,0,66,15,81,12,15,116,17,160,40,6,46,206
12/08/2021,BFL,CA,AWP,WE,Combined TRACON& Tower with Radar,12,27,42,0,81,0,3,62,1,66,12,30,104,1,147,12,0,12,159
12/09/2021,BFL,CA,AWP,WE,Combined TRACON& Tower with Radar,13,17,36,0,66,0,0,28,0,28,13,17,64,0,94,22,0,22,116
12/10/2021,BFL,CA,AWP,WE,Combined TRACON& Tower with Radar,13,15,54,0,82,0,3,79,0,82,13,18,133,0,164,6,0,6,170
12/11/2021,BFL,CA,AWP,WE,Combined TRACON& Tower with Radar,13,6,21,0,40,0,5,101,0,106,13,11,122,0,146,66,0,66,212
12/12/2021,BFL,CA,AWP,WE,Combined TRACON& Tower with Radar,13,6,12,0,31,0,1,79,0,80,13,7,91,0,111,108,0,108,219
12/13/2021,BFL,CA,AWP,WE,Combined TRACON& Tower with Radar,12,11,16,1,40,0,2,55,1,58,12,13,71,2,98,32,0,32,130
12/14/2021,BFL,CA,AWP,WE,Combined TRACON& Tower with Radar,11,18,16,0,45,0,0,1,0,1,11,18,17,0,46,0,0,0,46
12/15/2021,BFL,CA,AWP,WE,Combined TRACON& Tower with Radar,15,19,31,2,67,0,2,93,2,97,15,21,124,4,164,60,1,61,225
12/16/2021,BFL,CA,AWP,WE,Combined TRACON& Tower with Radar,10,23,39,4,76,0,1,43,2,46,10,24,82,6,122,38,2,40,162
12/17/2021,BFL,CA,AWP,WE,Combined TRACON& Tower with Radar,9,24,54,0,87,0,3,14,0,17,9,27,68,0,104,0,0,0,104
12/18/2021,BFL,CA,AWP,WE,Combined TRACON& Tower with Radar,9,14,23,0,46,0,1,51,0,52,9,15,74,0,98,66,0,66,164
12/19/2021,BFL,CA,AWP,WE,Combined TRACON& Tower with Radar,6,5,21,0,32,0,0,20,0,20,6,5,41,0,52,4,0,4,56
12/20/2021,BFL,CA,AWP,WE,Combined TRACON& Tower with Radar,7,12,24,2,45,0,0,1,0,1,7,12,25,2,46,0,0,0,46
12/21/2021,BFL,CA,AWP,WE,Combined TRACON& Tower with Radar,9,21,30,1,61,0,1,21,1,23,9,22,51,2,84,4,0,4,88
12/22/2021,BFL,CA,AWP,WE,Combined TRACON& Tower with Radar,10,19,32,0,61,0,1,29,2,32,10,20,61,2,93,8,0,8,101
12/23/2021,BFL,CA,AWP,WE,Combined TRACON& Tower with Radar,11,15,24,0,50,0,1,15,0,16,11,16,39,0,66,12,0,12,78
12/24/2021,BFL,CA,AWP,WE,Combined TRACON& Tower with Radar,9,15,9,0,33,0,1,16,1,18,9,16,25,1,51,2,0,2,53
12/25/2021,BFL,CA,AWP,WE,Combined TRACON& Tower with Radar,5,6,0,0,11,0,2,8,0,10,5,8,8,0,21,4,0,4,25
12/26/2021,BFL,CA,AWP,WE,Combined TRACON& Tower with Radar,9,6,10,0,25,0,0,38,0,38,9,6,48,0,63,10,0,10,73
12/27/2021,BFL,CA,AWP,WE,Combined TRACON& Tower with Radar,9,15,21,0,45,0,0,17,0,17,9,15,38,0,62,4,0,4,66
12/28/2021,BFL,CA,AWP,WE,Combined TRACON& Tower with Radar,9,15,24,0,48,0,1,29,0,30,9,16,53,0,78,20,0,20,98
12/29/2021,BFL,CA,AWP,WE,Combined TRACON& Tower with Radar,9,19,25,0,53,0,3,25,0,28,9,22,50,0,81,20,0,20,101
12/30/2021,BFL,CA,AWP,WE,Combined TRACON& Tower with Radar,9,16,23,2,50,0,0,14,0,14,9,16,37,2,64,24,0,24,88
12/31/2021,BFL,CA,AWP,WE,Combined TRACON& Tower with Radar,8,16,27,0,51,0,3,5,0,8,8,19,32,0,59,0,0,0,59
01/01/2022,BFL,CA,AWP,WE,Combined TRACON& Tower with Radar,5,5,8,0,18,0,1,30,0,31,5,6,38,0,49,0,0,0,49
01/02/2022,BFL,CA,AWP,WE,Combined TRACON& Tower with Radar,7,9,16,0,32,0,0,64,0,64,7,9,80,0,96,8,0,8,104
01/03/2022,BFL,CA,AWP,WE,Combined TRACON& Tower with Radar,8,13,16,0,37,0,0,73,1,74,8,13,89,1,111,14,0,14,125
01/04/2022,BFL,CA,AWP,WE,Combined TRACON& Tower with Radar,7,17,17,0,41,0,5,80,0,85,7,22,97,0,126,52,0,52,178
01/05/2022,BFL,CA,AWP,WE,Combined TRACON& Tower with Radar,8,13,22,0,43,0,0,92,0,92,8,13,114,0,135,128,0,128,263
01/06/2022,BFL,CA,AWP,WE,Combined TRACON& Tower with Radar,6,12,23,2,43,0,2,127,0,129,6,14,150,2,172,88,0,88,260
01/07/2022,BFL,CA,AWP,WE,Combined TRACON& Tower with Radar,9,15,48,0,72,0,2,12,0,14,9,17,60,0,86,0,0,0,86
01/08/2022,BFL,CA,AWP,WE,Combined TRACON& Tower with Radar,5,14,18,0,37,0,3,22,0,25,5,17,40,0,62,20,0,20,82
01/09/2022,BFL,CA,AWP,WE,Combined TRACON& Tower with Radar,10,5,20,0,35,0,0,39,0,39,10,5,59,0,74,21,0,21,95
01/10/2022,BFL,CA,AWP,WE,Combined TRACON& Tower with Radar,9,10,20,0,39,0,2,49,0,51,9,12,69,0,90,26,0,26,116
01/11/2022,BFL,CA,AWP,WE,Combined TRACON& Tower with Radar,3,9,12,0,24,0,2,111,0,113,3,11,123,0,137,76,0,76,213
01/12/2022,BFL,CA,AWP,WE,Combined TRACON& Tower with Radar,6,17,20,0,43,0,2,112,8,122,6,19,132,8,165,110,0,110,275
01/13/2022,BFL,CA,AWP,WE,Combined TRACON& Tower with Radar,7,21,30,2,60,0,4,78,4,86,7,25,108,6,146,70,0,70,216
01/14/2022,BFL,CA,AWP,WE,Combined TRACON& Tower with Radar,7,15,63,0,85,0,2,26,0,28,7,17,89,0,113,8,0,8,121
01/15/2022,BFL,CA,AWP,WE,Combined TRACON& Tower with Radar,4,11,24,0,39,0,1,14,0,15,4,12,38,0,54,4,0,4,58
01/16/2022,BFL,CA,AWP,WE,Combined TRACON& Tower with Radar,7,6,17,0,30,0,4,32,0,36,7,10,49,0,66,40,0,40,106
01/17/2022,BFL,CA,AWP,WE,Combined TRACON& Tower with Radar,4,9,19,0,32,0,2,36,0,38,4,11,55,0,70,16,0,16,86
01/18/2022,BFL,CA,AWP,WE,Combined TRACON& Tower with Radar,8,16,34,2,60,0,2,109,0,111,8,18,143,2,171,54,2,56,227
01/19/2022,BFL,CA,AWP,WE,Combined TRACON& Tower with Radar,6,12,73,1,92,0,1,85,1,87,6,13,158,2,179,30,0,30,209
01/20/2022,BFL,CA,AWP,WE,Combined TRACON& Tower with Radar,10,17,60,2,89,0,0,43,0,43,10,17,103,2,132,1,0,1,133
01/21/2022,BFL,CA,AWP,WE,Combined TRACON& Tower with Radar,6,18,85,6,115,0,0,13,0,13,6,18,98,6,128,0,0,0,128
01/22/2022,BFL,CA,AWP,WE,Combined TRACON& Tower with Radar,7,11,25,0,43,0,0,57,0,57,7,11,82,0,100,40,0,40,140
01/23/2022,BFL,CA,AWP,WE,Combined TRACON& Tower with Radar,8,9,20,2,39,0,0,70,11,81,8,9,90,13,120,34,0,34,154
01/24/2022,BFL,CA,AWP,WE,Combined TRACON& Tower with Radar,6,14,12,0,32,0,2,110,0,112,6,16,122,0,144,44,0,44,188
01/25/2022,BFL,CA,AWP,WE,Combined TRACON& Tower with Radar,8,20,18,0,46,0,4,123,1,128,8,24,141,1,174,75,0,75,249
01/26/2022,BFL,CA,AWP,WE,Combined TRACON& Tower with Radar,6,15,18,1,40,0,2,138,0,140,6,17,156,1,180,40,0,40,220
01/27/2022,BFL,CA,AWP,WE,Combined TRACON& Tower with Radar,11,17,24,1,53,0,9,177,24,210,11,26,201,25,263,54,6,60,323
01/28/2022,BFL,CA,AWP,WE,Combined TRACON& Tower with Radar,9,18,25,3,55,0,3,119,1,123,9,21,144,4,178,18,0,18,196
01/29/2022,BFL,CA,AWP,WE,Combined TRACON& Tower with Radar,8,12,16,0,36,0,6,82,3,91,8,18,98,3,127,54,0,54,181
01/30/2022,BFL,CA,AWP,WE,Combined TRACON& Tower with Radar,8,7,15,1,31,0,1,101,4,106,8,8,116,5,137,50,0,50,187
01/31/2022,BFL,CA,AWP,WE,Combined TRACON& Tower with Radar,8,15,21,0,44,0,1,117,6,124,8,16,138,6,168,80,0,80,248
02/01/2022,BFL,CA,AWP,WE,Combined TRACON& Tower with Radar,6,18,36,0,60,0,7,86,0,93,6,25,122,0,153,182,0,182,335
02/02/2022,BFL,CA,AWP,WE,Combined TRACON& Tower with Radar,7,15,30,8,60,0,5,123,14,142,7,20,153,22,202,132,0,132,334
02/03/2022,BFL,CA,AWP,WE,Combined TRACON& Tower with Radar,6,15,23,5,49,0,10,150,10,170,6,25,173,15,219,156,0,156,375
02/04/2022,BFL,CA,AWP,WE,Combined TRACON& Tower with Radar,9,15,23,0,47,0,4,153,10,167,9,19,176,10,214,136,0,136,350
02/05/2022,BFL,CA,AWP,WE,Combined TRACON& Tower with Radar,9,10,12,0,31,0,8,99,1,108,9,18,111,1,139,104,6,110,249
02/06/2022,BFL,CA,AWP,WE,Combined TRACON& Tower with Radar,10,9,14,0,33,0,2,92,0,94,10,11,106,0,127,59,0,59,186
02/07/2022,BFL,CA,AWP,WE,Combined TRACON& Tower with Radar,10,14,18,4,46,0,2,119,0,121,10,16,137,4,167,38,0,38,205
02/08/2022,BFL,CA,AWP,WE,Combined TRACON& Tower with Radar,6,17,18,1,42,0,7,139,5,151,6,24,157,6,193,92,0,92,285
02/09/2022,BFL,CA,AWP,WE,Combined TRACON& Tower with Radar,10,13,28,0,51,0,3,145,0,148,10,16,173,0,199,172,0,172,371
02/10/2022,BFL,CA,AWP,WE,Combined TRACON& Tower with Radar,8,20,27,1,56,0,4,147,6,157,8,24,174,7,213,62,0,62,275
02/11/2022,BFL,CA,AWP,WE,Combined TRACON& Tower with Radar,10,17,35,0,62,0,1,144,0,145,10,18,179,0,207,74,0,74,281
02/12/2022,BFL,CA,AWP,WE,Combined TRACON& Tower with Radar,8,9,9,0,26,0,2,145,0,147,8,11,154,0,173,78,0,78,251
02/13/2022,BFL,CA,AWP,WE,Combined TRACON& Tower with Radar,10,6,16,0,32,0,8,77,0,85,10,14,93,0,117,76,0,76,193
02/14/2022,BFL,CA,AWP,WE,Combined TRACON& Tower with Radar,10,16,18,0,44,0,4,105,0,109,10,20,123,0,153,92,0,92,245
02/15/2022,BFL,CA,AWP,WE,Combined TRACON& Tower with Radar,8,19,17,4,48,0,5,81,0,86,8,24,98,4,134,88,0,88,222
02/16/2022,BFL,CA,AWP,WE,Combined TRACON& Tower with Radar,8,15,22,2,47,0,4,150,9,163,8,19,172,11,210,78,0,78,288
02/17/2022,BFL,CA,AWP,WE,Combined TRACON& Tower with Radar,10,18,33,4,65,0,22,152,0,174,10,40,185,4,239,172,0,172,411
02/18/2022,BFL,CA,AWP,WE,Combined TRACON& Tower with Radar,8,15,15,0,38,0,5,156,2,163,8,20,171,2,201,63,0,63,264
02/19/2022,BFL,CA,AWP,WE,Combined TRACON& Tower with Radar,4,8,10,0,22,0,7,93,0,100,4,15,103,0,122,46,0,46,168
02/20/2022,BFL,CA,AWP,WE,Combined TRACON& Tower with Radar,10,4,14,0,28,0,4,89,0,93,10,8,103,0,121,64,0,64,185
02/21/2022,BFL,CA,AWP,WE,Combined TRACON& Tower with Radar,8,9,19,0,36,0,7,30,0,37,8,16,49,0,73,14,0,14,87
02/22/2022,BFL,CA,AWP,WE,Combined TRACON& Tower with Radar,8,12,39,0,59,0,4,78,4,86,8,16,117,4,145,290,0,290,435
02/23/2022,BFL,CA,AWP,WE,Combined TRACON& Tower with Radar,8,12,29,9,58,0,4,93,0,97,8,16,122,9,155,443,0,443,598
02/24/2022,BFL,CA,AWP,WE,Combined TRACON& Tower with Radar,8,17,21,0,46,0,8,184,0,192,8,25,205,0,238,466,0,466,704
02/25/2022,BFL,CA,AWP,WE,Combined TRACON& Tower with Radar,8,16,23,4,51,0,5,221,4,230,8,21,244,8,281,384,0,384,665
02/26/2022,BFL,CA,AWP,WE,Combined TRACON& Tower with Radar,6,8,11,0,25,0,6,160,3,169,6,14,171,3,194,743,0,743,937
02/27/2022,BFL,CA,AWP,WE,Combined TRACON& Tower with Radar,10,9,10,0,29,0,10,127,1,138,10,19,137,1,167,393,0,393,560
02/28/2022,BFL,CA,AWP,WE,Combined TRACON& Tower with Radar,10,14,18,0,42,0,5,161,0,166,10,19,179,0,208,538,0,538,746
03/01/2022,BFL,CA,AWP,WE,Combined TRACON& Tower with Radar,6,13,29,0,48,0,6,170,1,177,6,19,199,1,225,50,0,50,275
03/02/2022,BFL,CA,AWP,WE,Combined TRACON& Tower with Radar,10,14,31,4,59,0,4,195,5,204,10,18,226,9,263,362,0,362,625
03/03/2022,BFL,CA,AWP,WE,Combined TRACON& Tower with Radar,10,23,32,2,67,0,5,153,4,162,10,28,185,6,229,87,3,90,319
03/04/2022,BFL,CA,AWP,WE,Combined TRACON& Tower with Radar,10,17,25,0,52,0,3,58,0,61,10,20,83,0,113,60,0,60,173
03/05/2022,BFL,CA,AWP,WE,Combined TRACON& Tower with Radar,7,9,11,1,28,0,5,89,0,94,7,14,100,1,122,196,0,196,318
03/06/2022,BFL,CA,AWP,WE,Combined TRACON& Tower with Radar,10,4,22,1,37,0,3,103,5,111,10,7,125,6,148,78,0,78,226
03/07/2022,BFL,CA,AWP,WE,Combined TRACON& Tower with Radar,9,9,23,5,46,0,3,171,0,174,9,12,194,5,220,77,0,77,297
03/08/2022,BFL,CA,AWP,WE,Combined TRACON& Tower with Radar,8,11,15,0,34,0,8,183,1,192,8,19,198,1,226,134,0,134,360
03/09/2022,BFL,CA,AWP,WE,Combined TRACON& Tower with Radar,7,13,36,0,56,0,10,208,4,222,7,23,244,4,278,152,10,162,440
03/10/2022,BFL,CA,AWP,WE,Combined TRACON& Tower with Radar,9,20,29,0,58,0,1,178,12,191,9,21,207,12,249,159,0,159,408
03/11/2022,BFL,CA,AWP,WE,Combined TRACON& Tower with Radar,11,12,25,3,51,0,1,152,5,158,11,13,177,8,209,72,0,72,281
03/12/2022,BFL,CA,AWP,WE,Combined TRACON& Tower with Radar,8,9,17,0,34,0,6,102,0,108,8,15,119,0,142,34,0,34,176
03/13/2022,BFL,CA,AWP,WE,Combined TRACON& Tower with Radar,9,3,16,0,28,0,1,92,1,94,9,4,108,1,122,66,0,66,188
03/14/2022,BFL,CA,AWP,WE,Combined TRACON& Tower with Radar,9,14,24,0,47,0,2,123,0,125,9,16,147,0,172,68,0,68,240
03/15/2022,BFL,CA,AWP,WE,Combined TRACON& Tower with Radar,8,18,33,7,66,0,6,167,22,195,8,24,200,29,261,106,2,108,369
03/16/2022,BFL,CA,AWP,WE,Combined TRACON& Tower with Radar,7,17,20,2,46,0,5,129,2,136,7,22,149,4,182,128,0,128,310
03/17/2022,BFL,CA,AWP,WE,Combined TRACON& Tower with Radar,10,18,28,0,56,0,14,155,0,169,10,32,183,0,225,122,0,122,347
03/18/2022,BFL,CA,AWP,WE,Combined TRACON& Tower with Radar,8,14,27,0,49,0,3,181,8,192,8,17,208,8,241,108,10,118,359
03/19/2022,BFL,CA,AWP,WE,Combined TRACON& Tower with Radar,8,11,25,0,44,0,2,86,0,88,8,13,111,0,132,70,0,70,202
03/20/2022,BFL,CA,AWP,WE,Combined TRACON& Tower with Radar,9,7,22,0,38,0,2,46,0,48,9,9,68,0,86,12,0,12,98
03/21/2022,BFL,CA,AWP,WE,Combined TRACON& Tower with Radar,10,10,23,2,45,0,18,129,2,149,10,28,152,4,194,94,0,94,288
03/22/2022,BFL,CA,AWP,WE,Combined TRACON& Tower with Radar,8,12,17,2,39,0,9,178,0,187,8,21,195,2,226,138,0,138,364
03/23/2022,BFL,CA,AWP,WE,Combined TRACON& Tower with Radar,7,15,21,0,43,0,5,167,5,177,7,20,188,5,220,156,0,156,376
03/24/2022,BFL,CA,AWP,WE,Combined TRACON& Tower with Radar,11,13,29,0,53,0,9,200,0,209,11,22,229,0,262,126,0,126,388
03/25/2022,BFL,CA,AWP,WE,Combined TRACON& Tower with Radar,9,13,26,0,48,0,5,172,0,177,9,18,198,0,225,137,0,137,362
03/26/2022,BFL,CA,AWP,WE,Combined TRACON& Tower with Radar,8,12,11,0,31,0,9,103,2,114,8,21,114,2,145,80,0,80,225
03/27/2022,BFL,CA,AWP,WE,Combined TRACON& Tower with Radar,9,5,19,0,33,0,4,63,0,67,9,9,82,0,100,52,0,52,152
03/28/2022,BFL,CA,AWP,WE,Combined TRACON& Tower with Radar,9,10,23,4,46,0,0,45,0,45,9,10,68,4,91,21,0,21,112
03/29/2022,BFL,CA,AWP,WE,Combined TRACON& Tower with Radar,8,16,49,0,73,0,13,130,0,143,8,29,179,0,216,158,0,158,374
03/30/2022,BFL,CA,AWP,WE,Combined TRACON& Tower with Radar,7,15,18,0,40,2,8,131,0,141,9,23,149,0,181,128,0,128,309
03/31/2022,BFL,CA,AWP,WE,Combined TRACON& Tower with Radar,9,11,54,2,76,0,0,113,0,113,9,11,167,2,189,126,0,126,315
04/01/2022,BFL,CA,AWP,WE,Combined TRACON& Tower with Radar,9,15,22,0,46,0,6,175,5,186,9,21,197,5,232,69,0,69,301
04/02/2022,BFL,CA,AWP,WE,Combined TRACON& Tower with Radar,7,12,21,0,40,0,6,92,0,98,7,18,113,0,138,46,0,46,184
04/03/2022,BFL,CA,AWP,WE,Combined TRACON& Tower with Radar,9,5,22,0,36,0,4,81,0,85,9,9,103,0,121,52,0,52,173
04/04/2022,BFL,CA,AWP,WE,Combined TRACON& Tower with Radar,10,7,13,0,30,0,6,128,2,136,10,13,141,2,166,118,0,118,284
04/05/2022,BFL,CA,AWP,WE,Combined TRACON& Tower with Radar,9,13,17,0,39,0,5,133,21,159,9,18,150,21,198,128,18,146,344
04/06/2022,BFL,CA,AWP,WE,Combined TRACON& Tower with Radar,9,18,21,0,48,0,7,159,0,166,9,25,180,0,214,90,0,90,304
04/07/2022,BFL,CA,AWP,WE,Combined TRACON& Tower with Radar,11,13,32,0,56,0,6,169,2,177,11,19,201,2,233,168,0,168,401
04/08/2022,BFL,CA,AWP,WE,Combined TRACON& Tower with Radar,11,18,22,0,51,0,8,133,0,141,11,26,155,0,192,100,0,100,292
04/09/2022,BFL,CA,AWP,WE,Combined TRACON& Tower with Radar,9,10,9,0,28,0,8,95,0,103,9,18,104,0,131,80,0,80,211
04/10/2022,BFL,CA,AWP,WE,Combined TRACON& Tower with Radar,12,10,17,0,39,0,2,83,0,85,12,12,100,0,124,46,0,46,170
04/11/2022,BFL,CA,AWP,WE,Combined TRACON& Tower with Radar,14,8,28,0,50,0,9,110,0,119,14,17,138,0,169,89,0,89,258
04/12/2022,BFL,CA,AWP,WE,Combined TRACON& Tower with Radar,9,12,5,0,26,0,12,141,2,155,9,24,146,2,181,123,0,123,304
04/13/2022,BFL,CA,AWP,WE,Combined TRACON& Tower with Radar,9,18,27,2,56,0,5,184,9,198,9,23,211,11,254,110,0,110,364
04/14/2022,BFL,CA,AWP,WE,Combined TRACON& Tower with Radar,11,16,17,3,47,0,20,136,1,157,11,36,153,4,204,91,0,91,295
04/15/2022,BFL,CA,AWP,WE,Combined TRACON& Tower with Radar,12,11,29,2,54,0,8,64,0,72,12,19,93,2,126,39,0,39,165
04/16/2022,BFL,CA,AWP,WE,Combined TRACON& Tower with Radar,9,10,28,0,47,0,4,54,0,58,9,14,82,0,105,66,0,66,171
04/17/2022,BFL,CA,AWP,WE,Combined TRACON& Tower with Radar,11,7,11,0,29,0,8,55,0,63,11,15,66,0,92,30,0,30,122
04/18/2022,BFL,CA,AWP,WE,Combined TRACON& Tower with Radar,11,11,25,3,50,0,13,134,1,148,11,24,159,4,198,50,0,50,248
04/19/2022,BFL,CA,AWP,WE,Combined TRACON& Tower with Radar,9,11,23,0,43,0,5,154,0,159,9,16,177,0,202,69,0,69,271
04/20/2022,BFL,CA,AWP,WE,Combined TRACON& Tower with Radar,9,19,21,11,60,0,5,119,7,131,9,24,140,18,191,60,0,60,251
04/21/2022,BFL,CA,AWP,WE,Combined TRACON& Tower with Radar,13,12,34,0,59,0,18,86,0,104,13,30,120,0,163,46,0,46,209
04/22/2022,BFL,CA,AWP,WE,Combined TRACON& Tower with Radar,10,14,15,0,39,2,10,76,0,88,12,24,91,0,127,34,0,34,161
04/23/2022,BFL,CA,AWP,WE,Combined TRACON& Tower with Radar,9,8,22,0,39,0,5,110,0,115,9,13,132,0,154,70,0,70,224
04/24/2022,BFL,CA,AWP,WE,Combined TRACON& Tower with Radar,9,7,14,0,30,0,4,83,2,89,9,11,97,2,119,99,0,99,218
04/25/2022,BFL,CA,AWP,WE,Combined TRACON& Tower with Radar,10,13,15,0,38,0,1,118,0,119,10,14,133,0,157,47,0,47,204
04/26/2022,BFL,CA,AWP,WE,Combined TRACON& Tower with Radar,9,13,39,0,61,0,6,150,0,156,9,19,189,0,217,124,0,124,341
04/27/2022,BFL,CA,AWP,WE,Combined TRACON& Tower with Radar,14,21,27,2,64,0,4,130,0,134,14,25,157,2,198,96,2,98,296
04/28/2022,BFL,CA,AWP,WE,Combined TRACON& Tower with Radar,11,17,16,2,46,0,13,183,0,196,11,30,199,2,242,134,0,134,376
04/29/2022,BFL,CA,AWP,WE,Combined TRACON& Tower with Radar,11,14,24,0,49,0,8,133,2,143,11,22,157,2,192,134,0,134,326
04/30/2022,BFL,CA,AWP,WE,Combined TRACON& Tower with Radar,9,9,23,0,41,0,5,73,0,78,9,14,96,0,119,67,0,67,186
05/01/2022,BFL,CA,AWP,WE,Combined TRACON& Tower with Radar,10,11,13,0,34,0,0,108,0,108,10,11,121,0,142,66,0,66,208
05/02/2022,BFL,CA,AWP,WE,Combined TRACON& Tower with Radar,11,11,23,0,45,0,3,148,0,151,11,14,171,0,196,66,0,66,262
05/03/2022,BFL,CA,AWP,WE,Combined TRACON& Tower with Radar,11,14,27,0,52,0,4,141,56,201,11,18,168,56,253,70,0,70,323
05/04/2022,BFL,CA,AWP,WE,Combined TRACON& Tower with Radar,10,13,25,7,55,0,8,120,26,154,10,21,145,33,209,48,6,54,263
05/05/2022,BFL,CA,AWP,WE,Combined TRACON& Tower with Radar,10,26,20,4,60,0,4,138,0,142,10,30,158,4,202,86,0,86,288
05/06/2022,BFL,CA,AWP,WE,Combined TRACON& Tower with Radar,10,10,20,2,42,0,5,112,2,119,10,15,132,4,161,56,0,56,217
05/07/2022,BFL,CA,AWP,WE,Combined TRACON& Tower with Radar,11,7,17,0,35,0,6,62,2,70,11,13,79,2,105,48,0,48,153
05/08/2022,BFL,CA,AWP,WE,Combined TRACON& Tower with Radar,8,6,20,0,34,0,2,43,0,45,8,8,63,0,79,48,0,48,127
05/09/2022,BFL,CA,AWP,WE,Combined TRACON& Tower with Radar,9,11,26,0,46,0,2,94,0,96,9,13,120,0,142,42,0,42,184
05/10/2022,BFL,CA,AWP,WE,Combined TRACON& Tower with Radar,10,12,14,2,38,0,1,106,0,107,10,13,120,2,145,53,0,53,198
05/11/2022,BFL,CA,AWP,WE,Combined TRACON& Tower with Radar,10,15,29,0,54,0,7,141,0,148,10,22,170,0,202,98,0,98,300
05/12/2022,BFL,CA,AWP,WE,Combined TRACON& Tower with Radar,10,17,19,0,46,0,3,165,1,169,10,20,184,1,215,122,0,122,337
05/13/2022,BFL,CA,AWP,WE,Combined TRACON& Tower with Radar,11,19,16,0,46,0,2,131,0,133,11,21,147,0,179,110,0,110,289
05/14/2022,BFL,CA,AWP,WE,Combined TRACON& Tower with Radar,11,8,15,2,36,0,6,73,0,79,11,14,88,2,115,90,0,90,205
05/15/2022,BFL,CA,AWP,WE,Combined TRACON& Tower with Radar,9,7,19,0,35,0,1,64,2,67,9,8,83,2,102,51,0,51,153
05/16/2022,BFL,CA,AWP,WE,Combined TRACON& Tower with Radar,10,9,21,4,44,0,2,69,0,71,10,11,90,4,115,52,0,52,167
05/17/2022,BFL,CA,AWP,WE,Combined TRACON& Tower with Radar,11,17,32,0,60,0,8,127,11,146,11,25,159,11,206,78,0,78,284
05/18/2022,BFL,CA,AWP,WE,Combined TRACON& Tower with Radar,12,18,25,2,57,0,3,125,0,128,12,21,150,2,185,40,0,40,225
05/19/2022,BFL,CA,AWP,WE,Combined TRACON& Tower with Radar,10,22,20,2,54,0,2,146,4,152,10,24,166,6,206,34,28,62,268
05/20/2022,BFL,CA,AWP,WE,Combined TRACON& Tower with Radar,11,11,22,4,48,1,7,80,2,90,12,18,102,6,138,70,0,70,208
05/21/2022,BFL,CA,AWP,WE,Combined TRACON& Tower with Radar,11,9,10,0,30,0,4,72,0,76,11,13,82,0,106,6,0,6,112
05/22/2022,BFL,CA,AWP,WE,Combined TRACON& Tower with Radar,10,8,16,0,34,0,2,102,0,104,10,10,118,0,138,38,0,38,176
05/23/2022,BFL,CA,AWP,WE,Combined TRACON& Tower with Radar,10,9,19,1,39,0,1,150,3,154,10,10,169,4,193,135,0,135,328
05/24/2022,BFL,CA,AWP,WE,Combined TRACON& Tower with Radar,11,13,18,0,42,0,6,118,0,124,11,19,136,0,166,62,0,62,228
05/25/2022,BFL,CA,AWP,WE,Combined TRACON& Tower with Radar,9,17,18,0,44,0,7,104,1,112,9,24,122,1,156,48,0,48,204
05/26/2022,BFL,CA,AWP,WE,Combined TRACON& Tower with Radar,10,14,24,2,50,0,2,99,21,122,10,16,123,23,172,94,0,94,266
05/27/2022,BFL,CA,AWP,WE,Combined TRACON& Tower with Radar,11,11,32,2,56,1,5,92,1,99,12,16,124,3,155,34,0,34,189
05/28/2022,BFL,CA,AWP,WE,Combined TRACON& Tower with Radar,11,9,18,0,38,0,3,70,0,73,11,12,88,0,111,50,0,50,161
05/29/2022,BFL,CA,AWP,WE,Combined TRACON& Tower with Radar,10,6,15,0,31,0,2,59,1,62,10,8,74,1,93,30,0,30,123
05/30/2022,BFL,CA,AWP,WE,Combined TRACON& Tower with Radar,10,7,13,0,30,0,3,92,0,95,10,10,105,0,125,30,0,30,155
05/31/2022,BFL,CA,AWP,WE,Combined TRACON& Tower with Radar,10,11,18,2,41,0,3,123,8,134,10,14,141,10,175,38,0,38,213
06/01/2022,BFL,CA,AWP,WE,Combined TRACON& Tower with Radar,9,16,14,0,39,0,9,162,0,171,9,25,176,0,210,81,0,81,291
06/02/2022,BFL,CA,AWP,WE,Combined TRACON& Tower with Radar,12,14,23,0,49,0,11,126,0,137,12,25,149,0,186,98,0,98,284
06/03/2022,BFL,CA,AWP,WE,Combined TRACON& Tower with Radar,9,13,37,0,59,0,7,146,0,153,9,20,183,0,212,118,0,118,330
06/04/2022,BFL,CA,AWP,WE,Combined TRACON& Tower with Radar,9,11,10,0,30,0,2,96,0,98,9,13,106,0,128,60,0,60,188
06/05/2022,BFL,CA,AWP,WE,Combined TRACON& Tower with Radar,10,3,16,0,29,0,4,76,0,80,10,7,92,0,109,53,0,53,162
06/06/2022,BFL,CA,AWP,WE,Combined TRACON& Tower with Radar,10,9,18,2,39,0,4,114,0,118,10,13,132,2,157,44,0,44,201
06/07/2022,BFL,CA,AWP,WE,Combined TRACON& Tower with Radar,8,14,36,6,64,0,1,143,4,148,8,15,179,10,212,55,0,55,267
06/08/2022,BFL,CA,AWP,WE,Combined TRACON& Tower with Radar,10,13,49,8,80,0,9,130,4,143,10,22,179,12,223,53,0,53,276
06/09/2022,BFL,CA,AWP,WE,Combined TRACON& Tower with Radar,10,13,35,0,58,0,6,100,2,108,10,19,135,2,166,34,0,34,200
06/10/2022,BFL,CA,AWP,WE,Combined TRACON& Tower with Radar,10,8,28,2,48,0,3,97,2,102,10,11,125,4,150,56,0,56,206
06/11/2022,BFL,CA,AWP,WE,Combined TRACON& Tower with Radar,7,8,5,0,20,0,3,40,0,43,7,11,45,0,63,8,0,8,71
06/12/2022,BFL,CA,AWP,WE,Combined TRACON& Tower with Radar,10,3,24,0,37,0,0,68,0,68,10,3,92,0,105,44,0,44,149
06/13/2022,BFL,CA,AWP,WE,Combined TRACON& Tower with Radar,11,7,19,0,37,0,5,129,0,134,11,12,148,0,171,48,0,48,219
06/14/2022,BFL,CA,AWP,WE,Combined TRACON& Tower with Radar,8,9,25,4,46,0,7,156,0,163,8,16,181,4,209,78,0,78,287
06/15/2022,BFL,CA,AWP,WE,Combined TRACON& Tower with Radar,10,10,18,2,40,0,6,148,2,156,10,16,166,4,196,82,0,82,278
06/16/2022,BFL,CA,AWP,WE,Combined TRACON& Tower with Radar,10,24,34,4,72,0,6,144,10,160,10,30,178,14,232,96,0,96,328
06/17/2022,BFL,CA,AWP,WE,Combined TRACON& Tower with Radar,10,9,28,0,47,0,7,132,6,145,10,16,160,6,192,58,0,58,250
06/18/2022,BFL,CA,AWP,WE,Combined TRACON& Tower with Radar,9,5,14,0,28,0,11,77,0,88,9,16,91,0,116,38,0,38,154
06/19/2022,BFL,CA,AWP,WE,Combined TRACON& Tower with Radar,11,4,13,0,28,0,0,95,0,95,11,4,108,0,123,78,0,78,201
06/20/2022,BFL,CA,AWP,WE,Combined TRACON& Tower with Radar,10,5,22,0,37,0,7,119,0,126,10,12,141,0,163,194,0,194,357
06/21/2022,BFL,CA,AWP,WE,Combined TRACON& Tower with Radar,9,9,24,2,44,0,8,122,5,135,9,17,146,7,179,154,0,154,333
06/22/2022,BFL,CA,AWP,WE,Combined TRACON& Tower with Radar,11,10,23,0,44,0,1,35,1,37,11,11,58,1,81,4,0,4,85
06/23/2022,BFL,CA,AWP,WE,Combined TRACON& Tower with Radar,11,14,19,0,44,0,2,146,10,158,11,16,165,10,202,44,0,44,246
06/24/2022,BFL,CA,AWP,WE,Combined TRACON& Tower with Radar,11,7,19,0,37,0,9,176,4,189,11,16,195,4,226,66,0,66,292
06/25/2022,BFL,CA,AWP,WE,Combined TRACON& Tower with Radar,9,5,19,0,33,0,3,135,0,138,9,8,154,0,171,68,0,68,239
06/26/2022,BFL,CA,AWP,WE,Combined TRACON& Tower with Radar,11,4,16,0,31,0,0,111,0,111,11,4,127,0,142,52,0,52,194
06/27/2022,BFL,CA,AWP,WE,Combined TRACON& Tower with Radar,11,4,12,3,30,0,4,118,32,154,11,8,130,35,184,66,6,72,256
06/28/2022,BFL,CA,AWP,WE,Combined TRACON& Tower with Radar,9,13,19,2,43,0,8,156,2,166,9,21,175,4,209,66,6,72,281
06/29/2022,BFL,CA,AWP,WE,Combined TRACON& Tower with Radar,11,8,25,3,47,0,8,131,15,154,11,16,156,18,201,97,0,97,298
06/30/2022,BFL,CA,AWP,WE,Combined TRACON& Tower with Radar,10,14,16,0,40,0,6,139,0,145,10,20,155,0,185,72,0,72,257
07/01/2022,BFL,CA,AWP,WE,Combined TRACON& Tower with Radar,11,9,19,1,40,0,5,155,1,161,11,14,174,2,201,90,0,90,291
07/02/2022,BFL,CA,AWP,WE,Combined TRACON& Tower with Radar,7,3,12,0,22,0,7,76,0,83,7,10,88,0,105,36,0,36,141
07/03/2022,BFL,CA,AWP,WE,Combined TRACON& Tower with Radar,8,1,4,0,13,0,2,69,1,72,8,3,73,1,85,35,0,35,120
07/04/2022,BFL,CA,AWP,WE,Combined TRACON& Tower with Radar,8,0,7,0,15,0,2,53,0,55,8,2,60,0,70,22,0,22,92
07/05/2022,BFL,CA,AWP,WE,Combined TRACON& Tower with Radar,9,6,22,0,37,0,5,103,0,108,9,11,125,0,145,78,0,78,223
07/06/2022,BFL,CA,AWP,WE,Combined TRACON& Tower with Radar,13,11,32,4,60,1,3,119,6,129,14,14,151,10,189,66,0,66,255
07/07/2022,BFL,CA,AWP,WE,Combined TRACON& Tower with Radar,10,13,28,2,53,0,10,157,4,171,10,23,185,6,224,98,0,98,322
07/08/2022,BFL,CA,AWP,WE,Combined TRACON& Tower with Radar,10,7,16,2,35,0,5,170,2,177,10,12,186,4,212,115,0,115,327
07/09/2022,BFL,CA,AWP,WE,Combined TRACON& Tower with Radar,8,8,19,2,37,0,2,79,2,83,8,10,98,4,120,40,0,40,160
07/10/2022,BFL,CA,AWP,WE,Combined TRACON& Tower with Radar,10,1,14,0,25,0,7,83,1,91,10,8,97,1,116,32,0,32,148
07/11/2022,BFL,CA,AWP,WE,Combined TRACON& Tower with Radar,10,10,19,1,40,0,5,95,8,108,10,15,114,9,148,58,6,64,212
07/12/2022,BFL,CA,AWP,WE,Combined TRACON& Tower with Radar,8,11,24,6,49,0,10,146,8,164,8,21,170,14,213,24,8,32,245
07/13/2022,BFL,CA,AWP,WE,Combined TRACON& Tower with Radar,12,13,35,0,60,0,4,124,6,134,12,17,159,6,194,66,0,66,260
07/14/2022,BFL,CA,AWP,WE,Combined TRACON& Tower with Radar,12,13,28,0,53,0,1,140,0,141,12,14,168,0,194,66,0,66,260
07/15/2022,BFL,CA,AWP,WE,Combined TRACON& Tower with Radar,10,12,34,2,58,0,1,126,16,143,10,13,160,18,201,80,0,80,281
07/16/2022,BFL,CA,AWP,WE,Combined TRACON& Tower with Radar,8,6,17,0,31,0,3,58,0,61,8,9,75,0,92,10,0,10,102
07/17/2022,BFL,CA,AWP,WE,Combined TRACON& Tower with Radar,10,2,12,0,24,0,5,45,0,50,10,7,57,0,74,12,0,12,86
07/18/2022,BFL,CA,AWP,WE,Combined TRACON& Tower with Radar,10,5,11,0,26,0,5,98,2,105,10,10,109,2,131,90,2,92,223
07/19/2022,BFL,CA,AWP,WE,Combined TRACON& Tower with Radar,9,10,20,5,44,0,12,120,19,151,9,22,140,24,195,54,10,64,259
07/20/2022,BFL,CA,AWP,WE,Combined TRACON& Tower with Radar,11,13,21,0,45,0,5,120,0,125,11,18,141,0,170,74,0,74,244
07/21/2022,BFL,CA,AWP,WE,Combined TRACON& Tower with Radar,10,12,22,2,46,0,7,133,7,147,10,19,155,9,193,138,0,138,331
07/22/2022,BFL,CA,AWP,WE,Combined TRACON& Tower with Radar,10,10,15,2,37,0,7,135,2,144,10,17,150,4,181,82,0,82,263
07/23/2022,BFL,CA,AWP,WE,Combined TRACON& Tower with Radar,8,7,17,0,32,0,6,73,0,79,8,13,90,0,111,50,0,50,161
07/24/2022,BFL,CA,AWP,WE,Combined TRACON& Tower with Radar,7,5,20,0,32,0,10,61,0,71,7,15,81,0,103,42,0,42,145
07/25/2022,BFL,CA,AWP,WE,Combined TRACON& Tower with Radar,10,6,20,5,41,0,4,98,9,111,10,10,118,14,152,66,0,66,218
07/26/2022,BFL,CA,AWP,WE,Combined TRACON& Tower with Radar,9,12,24,4,49,0,7,107,0,114,9,19,131,4,163,28,0,28,191
07/27/2022,BFL,CA,AWP,WE,Combined TRACON& Tower with Radar,11,14,25,4,54,0,2,115,2,119,11,16,140,6,173,39,2,41,214
07/28/2022,BFL,CA,AWP,WE,Combined TRACON& Tower with Radar,10,10,30,0,50,0,1,116,0,117,10,11,146,0,167,56,0,56,223
07/29/2022,BFL,CA,AWP,WE,Combined TRACON& Tower with Radar,10,10,19,0,39,0,6,103,8,117,10,16,122,8,156,66,0,66,222
07/30/2022,BFL,CA,AWP,WE,Combined TRACON& Tower with Radar,7,5,14,0,26,0,4,62,0,66,7,9,76,0,92,4,0,4,96
07/31/2022,BFL,CA,AWP,WE,Combined TRACON& Tower with Radar,10,1,18,0,29,0,4,53,0,57,10,5,71,0,86,15,0,15,101
08/01/2022,BFL,CA,AWP,WE,Combined TRACON& Tower with Radar,9,4,23,5,41,7,8,110,3,128,16,12,133,8,169,28,0,28,197
08/02/2022,BFL,CA,AWP,WE,Combined TRACON& Tower with Radar,9,11,31,5,56,0,5,123,10,138,9,16,154,15,194,80,0,80,274
08/03/2022,BFL,CA,AWP,WE,Combined TRACON& Tower with Radar,11,12,17,1,41,0,7,160,10,177,11,19,177,11,218,68,0,68,286
08/04/2022,BFL,CA,AWP,WE,Combined TRACON& Tower with Radar,10,12,19,0,41,0,8,97,0,105,10,20,116,0,146,50,0,50,196
08/05/2022,BFL,CA,AWP,WE,Combined TRACON& Tower with Radar,8,11,22,0,41,0,6,106,0,112,8,17,128,0,153,102,0,102,255
08/06/2022,BFL,CA,AWP,WE,Combined TRACON& Tower with Radar,8,5,11,0,24,0,7,95,0,102,8,12,106,0,126,50,0,50,176
08/07/2022,BFL,CA,AWP,WE,Combined TRACON& Tower with Radar,7,7,26,0,40,0,1,61,0,62,7,8,87,0,102,24,0,24,126
08/08/2022,BFL,CA,AWP,WE,Combined TRACON& Tower with Radar,10,7,20,0,37,0,3,110,14,127,10,10,130,14,164,40,6,46,210
08/09/2022,BFL,CA,AWP,WE,Combined TRACON& Tower with Radar,8,13,14,4,39,0,6,150,0,156,8,19,164,4,195,67,0,67,262
08/10/2022,BFL,CA,AWP,WE,Combined TRACON& Tower with Radar,10,12,19,2,43,0,7,125,0,132,10,19,144,2,175,40,0,40,215
08/11/2022,BFL,CA,AWP,WE,Combined TRACON& Tower with Radar,8,10,21,2,41,0,23,130,0,153,8,33,151,2,194,120,0,120,314
08/12/2022,BFL,CA,AWP,WE,Combined TRACON& Tower with Radar,7,8,16,0,31,0,3,131,0,134,7,11,147,0,165,36,0,36,201
08/13/2022,BFL,CA,AWP,WE,Combined TRACON& Tower with Radar,8,4,10,0,22,0,7,67,0,74,8,11,77,0,96,24,0,24,120
08/14/2022,BFL,CA,AWP,WE,Combined TRACON& Tower with Radar,10,1,15,0,26,0,2,67,0,69,10,3,82,0,95,4,0,4,99
08/15/2022,BFL,CA,AWP,WE,Combined TRACON& Tower with Radar,8,7,15,0,30,0,3,117,0,120,8,10,132,0,150,66,0,66,216
08/16/2022,BFL,CA,AWP,WE,Combined TRACON& Tower with Radar,10,13,19,1,43,0,3,143,3,149,10,16,162,4,192,52,0,52,244
08/17/2022,BFL,CA,AWP,WE,Combined TRACON& Tower with Radar,8,16,21,0,45,0,2,142,0,144,8,18,163,0,189,62,0,62,251
08/18/2022,BFL,CA,AWP,WE,Combined TRACON& Tower with Radar,8,15,28,1,52,0,3,147,12,162,8,18,175,13,214,47,0,47,261
08/19/2022,BFL,CA,AWP,WE,Combined TRACON& Tower with Radar,10,9,16,2,37,1,2,142,4,149,11,11,158,6,186,64,0,64,250
08/20/2022,BFL,CA,AWP,WE,Combined TRACON& Tower with Radar,10,4,12,0,26,0,7,95,0,102,10,11,107,0,128,20,0,20,148
08/21/2022,BFL,CA,AWP,WE,Combined TRACON& Tower with Radar,8,2,26,1,37,0,1,63,0,64,8,3,89,1,101,14,0,14,115
08/22/2022,BFL,CA,AWP,WE,Combined TRACON& Tower with Radar,8,6,23,4,41,0,6,102,0,108,8,12,125,4,149,64,0,64,213
08/23/2022,BFL,CA,AWP,WE,Combined TRACON& Tower with Radar,8,15,15,4,42,0,5,142,0,147,8,20,157,4,189,78,0,78,267
08/24/2022,BFL,CA,AWP,WE,Combined TRACON& Tower with Radar,8,15,16,0,39,0,2,120,6,128,8,17,136,6,167,69,6,75,242
08/25/2022,BFL,CA,AWP,WE,Combined TRACON& Tower with Radar,10,14,25,4,53,0,2,155,0,157,10,16,180,4,210,62,0,62,272
08/26/2022,BFL,CA,AWP,WE,Combined TRACON& Tower with Radar,8,10,21,0,39,0,2,153,3,158,8,12,174,3,197,113,0,113,310
08/27/2022,BFL,CA,AWP,WE,Combined TRACON& Tower with Radar,10,4,16,2,32,0,1,90,0,91,10,5,106,2,123,32,0,32,155
08/28/2022,BFL,CA,AWP,WE,Combined TRACON& Tower with Radar,8,2,20,4,34,0,3,84,0,87,8,5,104,4,121,36,0,36,157
08/29/2022,BFL,CA,AWP,WE,Combined TRACON& Tower with Radar,9,9,19,2,39,0,13,145,0,158,9,22,164,2,197,208,0,208,405
08/30/2022,BFL,CA,AWP,WE,Combined TRACON& Tower with Radar,9,11,13,2,35,0,1,169,0,170,9,12,182,2,205,146,0,146,351
08/31/2022,BFL,CA,AWP,WE,Combined TRACON& Tower with Radar,11,11,14,7,43,0,7,169,3,179,11,18,183,10,222,78,14,92,314
09/01/2022,BFL,CA,AWP,WE,Combined TRACON& Tower with Radar,10,15,13,2,40,0,2,151,0,153,10,17,164,2,193,74,0,74,267
09/02/2022,BFL,CA,AWP,WE,Combined TRACON& Tower with Radar,7,9,24,0,40,0,5,140,6,151,7,14,164,6,191,94,0,94,285
09/03/2022,BFL,CA,AWP,WE,Combined TRACON& Tower with Radar,9,6,12,0,27,0,2,72,0,74,9,8,84,0,101,44,0,44,145
09/04/2022,BFL,CA,AWP,WE,Combined TRACON& Tower with Radar,7,2,10,0,19,0,2,47,1,50,7,4,57,1,69,36,0,36,105
09/05/2022,BFL,CA,AWP,WE,Combined TRACON& Tower with Radar,10,3,13,0,26,0,3,73,0,76,10,6,86,0,102,32,0,32,134
09/06/2022,BFL,CA,AWP,WE,Combined TRACON& Tower with Radar,12,6,7,0,25,0,3,62,0,65,12,9,69,0,90,15,0,15,105
09/07/2022,BFL,CA,AWP,WE,Combined TRACON& Tower with Radar,11,7,19,3,40,0,5,104,21,130,11,12,123,24,170,46,0,46,216
09/08/2022,BFL,CA,AWP,WE,Combined TRACON& Tower with Radar,14,12,29,4,59,0,5,127,8,140,14,17,156,12,199,109,6,115,314
09/09/2022,BFL,CA,AWP,WE,Combined TRACON& Tower with Radar,10,13,22,9,54,0,6,106,13,125,10,19,128,22,179,86,0,86,265
09/10/2022,BFL,CA,AWP,WE,Combined TRACON& Tower with Radar,9,9,20,0,38,0,11,52,1,64,9,20,72,1,102,22,0,22,124
09/11/2022,BFL,CA,AWP,WE,Combined TRACON& Tower with Radar,9,3,23,0,35,0,2,74,0,76,9,5,97,0,111,43,0,43,154
09/12/2022,BFL,CA,AWP,WE,Combined TRACON& Tower with Radar,10,8,17,2,37,0,8,87,1,96,10,16,104,3,133,70,4,74,207
09/13/2022,BFL,CA,AWP,WE,Combined TRACON& Tower with Radar,9,18,19,2,48,0,9,149,0,158,9,27,168,2,206,96,0,96,302
09/14/2022,BFL,CA,AWP,WE,Combined TRACON& Tower with Radar,9,14,29,3,55,0,2,152,9,163,9,16,181,12,218,120,0,120,338
09/15/2022,BFL,CA,AWP,WE,Combined TRACON& Tower with Radar,10,12,19,2,43,0,3,169,0,172,10,15,188,2,215,96,0,96,311
09/16/2022,BFL,CA,AWP,WE,Combined TRACON& Tower with Radar,10,13,28,0,51,0,7,124,1,132,10,20,152,1,183,93,0,93,276
09/17/2022,BFL,CA,AWP,WE,Combined TRACON& Tower with Radar,9,8,13,2,32,0,6,81,0,87,9,14,94,2,119,60,0,60,179
09/18/2022,BFL,CA,AWP,WE,Combined TRACON& Tower with Radar,10,2,20,0,32,0,1,76,0,77,10,3,96,0,109,28,0,28,137
09/19/2022,BFL,CA,AWP,WE,Combined TRACON& Tower with Radar,10,5,14,0,29,0,8,126,2,136,10,13,140,2,165,126,0,126,291
09/20/2022,BFL,CA,AWP,WE,Combined TRACON& Tower with Radar,9,15,26,0,50,0,9,138,1,148,9,24,164,1,198,156,0,156,354
09/21/2022,BFL,CA,AWP,WE,Combined TRACON& Tower with Radar,8,13,12,0,33,0,7,141,0,148,8,20,153,0,181,126,0,126,307
09/22/2022,BFL,CA,AWP,WE,Combined TRACON& Tower with Radar,9,13,23,0,45,1,11,146,4,162,10,24,169,4,207,165,0,165,372
09/23/2022,BFL,CA,AWP,WE,Combined TRACON& Tower with Radar,10,10,13,0,33,0,7,174,0,181,10,17,187,0,214,128,0,128,342
09/24/2022,BFL,CA,AWP,WE,Combined TRACON& Tower with Radar,8,9,19,0,36,0,1,69,0,70,8,10,88,0,106,46,0,46,152
09/25/2022,BFL,CA,AWP,WE,Combined TRACON& Tower with Radar,10,1,12,0,23,0,0,104,0,104,10,1,116,0,127,94,0,94,221
09/26/2022,BFL,CA,AWP,WE,Combined TRACON& Tower with Radar,10,4,14,0,28,0,4,104,0,108,10,8,118,0,136,57,0,57,193
09/27/2022,BFL,CA,AWP,WE,Combined TRACON& Tower with Radar,9,15,30,17,71,0,1,143,3,147,9,16,173,20,218,164,22,186,404
09/28/2022,BFL,CA,AWP,WE,Combined TRACON& Tower with Radar,9,10,15,5,39,0,3,158,1,162,9,13,173,6,201,152,0,152,353
09/29/2022,BFL,CA,AWP,WE,Combined TRACON& Tower with Radar,10,9,23,2,44,0,11,161,0,172,10,20,184,2,216,118,0,118,334
09/30/2022,BFL,CA,AWP,WE,Combined TRACON& Tower with Radar,10,9,21,0,40,0,5,140,1,146,10,14,161,1,186,126,0,126,312
10/01/2022,BFL,CA,AWP,WE,Combined TRACON& Tower with Radar,9,9,20,0,38,0,6,89,0,95,9,15,109,0,133,54,0,54,187
10/02/2022,BFL,CA,AWP,WE,Combined TRACON& Tower with Radar,8,2,13,0,23,0,2,88,0,90,8,4,101,0,113,60,0,60,173
10/03/2022,BFL,CA,AWP,WE,Combined TRACON& Tower with Radar,8,7,23,2,40,0,10,72,46,128,8,17,95,48,168,146,0,146,314
10/04/2022,BFL,CA,AWP,WE,Combined TRACON& Tower with Radar,7,13,17,2,39,0,10,120,0,130,7,23,137,2,169,88,0,88,257
10/05/2022,BFL,CA,AWP,WE,Combined TRACON& Tower with Radar,8,15,17,2,42,0,8,140,2,150,8,23,157,4,192,126,0,126,318
10/06/2022,BFL,CA,AWP,WE,Combined TRACON& Tower with Radar,7,11,29,0,47,0,13,144,0,157,7,24,173,0,204,86,0,86,290
10/07/2022,BFL,CA,AWP,WE,Combined TRACON& Tower with Radar,8,11,29,0,48,0,16,122,2,140,8,27,151,2,188,96,0,96,284
10/08/2022,BFL,CA,AWP,WE,Combined TRACON& Tower with Radar,10,7,17,0,34,0,1,74,0,75,10,8,91,0,109,42,0,42,151
10/09/2022,BFL,CA,AWP,WE,Combined TRACON& Tower with Radar,9,4,20,0,33,1,1,90,0,92,10,5,110,0,125,44,0,44,169
10/10/2022,BFL,CA,AWP,WE,Combined TRACON& Tower with Radar,10,8,24,3,45,0,7,94,0,101,10,15,118,3,146,70,0,70,216
10/11/2022,BFL,CA,AWP,WE,Combined TRACON& Tower with Radar,10,14,35,5,64,0,7,130,13,150,10,21,165,18,214,96,0,96,310
10/12/2022,BFL,CA,AWP,WE,Combined TRACON& Tower with Radar,9,18,30,8,65,0,8,161,0,169,9,26,191,8,234,92,0,92,326
10/13/2022,BFL,CA,AWP,WE,Combined TRACON& Tower with Radar,9,15,36,0,60,0,7,149,0,156,9,22,185,0,216,120,0,120,336
10/14/2022,BFL,CA,AWP,WE,Combined TRACON& Tower with Radar,9,14,25,3,51,0,8,166,2,176,9,22,191,5,227,96,0,96,323
10/15/2022,BFL,CA,AWP,WE,Combined TRACON& Tower with Radar,9,10,15,0,34,0,0,76,0,76,9,10,91,0,110,56,0,56,166
10/16/2022,BFL,CA,AWP,WE,Combined TRACON& Tower with Radar,9,4,15,4,32,0,2,97,2,101,9,6,112,6,133,92,0,92,225
10/17/2022,BFL,CA,AWP,WE,Combined TRACON& Tower with Radar,10,9,14,0,33,0,13,141,0,154,10,22,155,0,187,98,0,98,285
10/18/2022,BFL,CA,AWP,WE,Combined TRACON& Tower with Radar,11,12,15,2,40,0,14,148,16,178,11,26,163,18,218,366,3,369,587
10/19/2022,BFL,CA,AWP,WE,Combined TRACON& Tower with Radar,10,11,18,0,39,0,19,173,4,196,10,30,191,4,235,356,0,356,591
10/20/2022,BFL,CA,AWP,WE,Combined TRACON& Tower with Radar,9,10,18,4,41,0,21,163,2,186,9,31,181,6,227,342,0,342,569
10/21/2022,BFL,CA,AWP,WE,Combined TRACON& Tower with Radar,11,13,29,2,55,0,19,159,2,180,11,32,188,4,235,314,0,314,549
10/22/2022,BFL,CA,AWP,WE,Combined TRACON& Tower with Radar,9,5,27,0,41,0,13,94,0,107,9,18,121,0,148,316,0,316,464
10/23/2022,BFL,CA,AWP,WE,Combined TRACON& Tower with Radar,8,4,20,0,32,1,8,126,0,135,9,12,146,0,167,312,0,312,479
10/24/2022,BFL,CA,AWP,WE,Combined TRACON& Tower with Radar,8,13,21,4,46,0,2,207,0,209,8,15,228,4,255,413,0,413,668
10/25/2022,BFL,CA,AWP,WE,Combined TRACON& Tower with Radar,9,18,20,0,47,0,1,153,12,166,9,19,173,12,213,49,0,49,262
10/26/2022,BFL,CA,AWP,WE,Combined TRACON& Tower with Radar,10,21,23,0,54,0,4,180,0,184,10,25,203,0,238,39,0,39,277
10/27/2022,BFL,CA,AWP,WE,Combined TRACON& Tower with Radar,9,15,25,0,49,0,5,187,0,192,9,20,212,0,241,294,0,294,535
10/28/2022,BFL,CA,AWP,WE,Combined TRACON& Tower with Radar,9,15,23,6,53,0,10,131,0,141,9,25,154,6,194,80,0,80,274
10/29/2022,BFL,CA,AWP,WE,Combined TRACON& Tower with Radar,6,5,22,0,33,0,8,91,0,99,6,13,113,0,132,78,0,78,210
10/30/2022,BFL,CA,AWP,WE,Combined TRACON& Tower with Radar,10,6,16,0,32,0,14,60,0,74,10,20,76,0,106,32,0,32,138
10/31/2022,BFL,CA,AWP,WE,Combined TRACON& Tower with Radar,6,7,15,0,28,0,10,116,0,126,6,17,131,0,154,106,0,106,260
11/01/2022,BFL,CA,AWP,WE,Combined TRACON& Tower with Radar,9,12,21,4,46,0,1,117,0,118,9,13,138,4,164,82,0,82,246
11/02/2022,BFL,CA,AWP,WE,Combined TRACON& Tower with Radar,10,14,31,2,57,0,4,129,0,133,10,18,160,2,190,194,0,194,384
11/03/2022,BFL,CA,AWP,WE,Combined TRACON& Tower with Radar,10,11,36,0,57,0,7,107,1,115,10,18,143,1,172,95,0,95,267
11/04/2022,BFL,CA,AWP,WE,Combined TRACON& Tower with Radar,8,10,15,0,33,0,2,128,1,131,8,12,143,1,164,58,0,58,222
11/05/2022,BFL,CA,AWP,WE,Combined TRACON& Tower with Radar,10,6,12,5,33,0,2,69,1,72,10,8,81,6,105,46,0,46,151
11/06/2022,BFL,CA,AWP,WE,Combined TRACON& Tower with Radar,8,3,32,2,45,0,4,54,0,58,8,7,86,2,103,30,0,30,133
11/07/2022,BFL,CA,AWP,WE,Combined TRACON& Tower with Radar,10,8,24,1,43,0,2,33,0,35,10,10,57,1,78,22,0,22,100
11/08/2022,BFL,CA,AWP,WE,Combined TRACON& Tower with Radar,10,11,14,2,37,0,6,41,2,49,10,17,55,4,86,62,3,65,151
11/09/2022,BFL,CA,AWP,WE,Combined TRACON& Tower with Radar,8,11,36,0,55,0,3,130,0,133,8,14,166,0,188,78,0,78,266
11/10/2022,BFL,CA,AWP,WE,Combined TRACON& Tower with Radar,10,15,19,1,45,0,5,180,0,185,10,20,199,1,230,62,0,62,292
11/11/2022,BFL,CA,AWP,WE,Combined TRACON& Tower with Radar,10,13,26,2,51,0,0,84,3,87,10,13,110,5,138,32,0,32,170
11/12/2022,BFL,CA,AWP,WE,Combined TRACON& Tower with Radar,10,10,14,0,34,0,2,48,0,50,10,12,62,0,84,10,0,10,94
11/13/2022,BFL,CA,AWP,WE,Combined TRACON& Tower with Radar,8,8,26,0,42,0,7,68,0,75,8,15,94,0,117,74,0,74,191
11/14/2022,BFL,CA,AWP,WE,Combined TRACON& Tower with Radar,10,12,22,4,48,0,0,132,12,144,10,12,154,16,192,96,30,126,318
11/15/2022,BFL,CA,AWP,WE,Combined TRACON& Tower with Radar,10,13,32,0,55,0,2,149,1,152,10,15,181,1,207,92,0,92,299
11/16/2022,BFL,CA,AWP,WE,Combined TRACON& Tower with Radar,10,19,15,0,44,0,3,112,26,141,10,22,127,26,185,42,0,42,227
11/17/2022,BFL,CA,AWP,WE,Combined TRACON& Tower with Radar,9,16,29,2,56,0,10,121,24,155,9,26,150,26,211,58,0,58,269
11/18/2022,BFL,CA,AWP,WE,Combined TRACON& Tower with Radar,9,10,24,4,47,0,2,120,0,122,9,12,144,4,169,74,0,74,243
11/19/2022,BFL,CA,AWP,WE,Combined TRACON& Tower with Radar,10,11,25,0,46,0,3,37,0,40,10,14,62,0,86,22,0,22,108
11/20/2022,BFL,CA,AWP,WE,Combined TRACON& Tower with Radar,9,6,17,0,32,0,2,87,0,89,9,8,104,0,121,51,0,51,172
11/21/2022,BFL,CA,AWP,WE,Combined TRACON& Tower with Radar,10,8,5,0,23,0,5,129,2,136,10,13,134,2,159,96,0,96,255
11/22/2022,BFL,CA,AWP,WE,Combined TRACON& Tower with Radar,10,13,18,0,41,0,1,119,0,120,10,14,137,0,161,54,0,54,215
11/23/2022,BFL,CA,AWP,WE,Combined TRACON& Tower with Radar,10,13,17,0,40,0,6,62,0,68,10,19,79,0,108,0,0,0,108
11/24/2022,BFL,CA,AWP,WE,Combined TRACON& Tower with Radar,6,3,1,0,10,0,0,8,0,8,6,3,9,0,18,0,0,0,18
11/25/2022,BFL,CA,AWP,WE,Combined TRACON& Tower with Radar,10,10,14,2,36,0,6,52,0,58,10,16,66,2,94,4,0,4,98
11/26/2022,BFL,CA,AWP,WE,Combined TRACON& Tower with Radar,9,6,21,0,36,0,13,39,0,52,9,19,60,0,88,24,0,24,112
11/27/2022,BFL,CA,AWP,WE,Combined TRACON& Tower with Radar,9,4,23,0,36,0,3,58,0,61,9,7,81,0,97,34,0,34,131
11/28/2022,BFL,CA,AWP,WE,Combined TRACON& Tower with Radar,10,11,25,6,52,0,10,94,0,104,10,21,119,6,156,110,0,110,266
11/29/2022,BFL,CA,AWP,WE,Combined TRACON& Tower with Radar,10,15,13,1,39,0,2,151,6,159,10,17,164,7,198,153,0,153,351
11/30/2022,BFL,CA,AWP,WE,Combined TRACON& Tower with Radar,8,15,18,2,43,0,9,154,2,165,8,24,172,4,208,162,0,162,370
12/01/2022,BFL,CA,AWP,WE,Combined TRACON& Tower with Radar,9,15,29,0,53,0,10,119,2,131,9,25,148,2,184,144,0,144,328
12/02/2022,BFL,CA,AWP,WE,Combined TRACON& Tower with Radar,8,15,39,4,66,0,5,19,1,25,8,20,58,5,91,36,0,36,127
12/03/2022,BFL,CA,AWP,WE,Combined TRACON& Tower with Radar,8,6,15,0,29,0,1,18,0,19,8,7,33,0,48,14,0,14,62
12/04/2022,BFL,CA,AWP,WE,Combined TRACON& Tower with Radar,10,3,29,0,42,0,2,49,0,51,10,5,78,0,93,342,0,342,435
12/05/2022,BFL,CA,AWP,WE,Combined TRACON& Tower with Radar,9,12,25,0,46,0,3,102,2,107,9,15,127,2,153,76,0,76,229
12/06/2022,BFL,CA,AWP,WE,Combined TRACON& Tower with Radar,9,20,28,3,60,0,3,137,2,142,9,23,165,5,202,130,0,130,332
12/07/2022,BFL,CA,AWP,WE,Combined TRACON& Tower with Radar,8,21,24,0,53,0,0,74,4,78,8,21,98,4,131,61,0,61,192
12/08/2022,BFL,CA,AWP,WE,Combined TRACON& Tower with Radar,10,13,22,4,49,0,3,166,0,169,10,16,188,4,218,89,0,89,307
12/09/2022,BFL,CA,AWP,WE,Combined TRACON& Tower with Radar,9,12,22,0,43,0,5,106,0,111,9,17,128,0,154,102,0,102,256
12/10/2022,BFL,CA,AWP,WE,Combined TRACON& Tower with Radar,7,8,6,0,21,0,22,80,0,102,7,30,86,0,123,134,0,134,257
12/11/2022,BFL,CA,AWP,WE,Combined TRACON& Tower with Radar,10,4,15,0,29,0,1,24,0,25,10,5,39,0,54,66,0,66,120
12/12/2022,BFL,CA,AWP,WE,Combined TRACON& Tower with Radar,9,14,25,0,48,0,4,91,0,95,9,18,116,0,143,182,0,182,325
12/13/2022,BFL,CA,AWP,WE,Combined TRACON& Tower with Radar,8,15,29,0,52,0,5,155,8,168,8,20,184,8,220,93,0,93,313
12/14/2022,BFL,CA,AWP,WE,Combined TRACON& Tower with Radar,10,12,24,2,48,0,5,166,0,171,10,17,190,2,219,170,0,170,389
12/15/2022,BFL,CA,AWP,WE,Combined TRACON& Tower with Radar,8,19,30,0,57,0,2,107,0,109,8,21,137,0,166,78,0,78,244
12/16/2022,BFL,CA,AWP,WE,Combined TRACON& Tower with Radar,8,15,30,0,53,0,0,37,0,37,8,15,67,0,90,6,0,6,96
12/17/2022,BFL,CA,AWP,WE,Combined TRACON& Tower with Radar,8,11,13,0,32,0,1,19,1,21,8,12,32,1,53,0,0,0,53
12/18/2022,BFL,CA,AWP,WE,Combined TRACON& Tower with Radar,9,5,23,0,37,0,1,13,0,14,9,6,36,0,51,0,0,0,51
12/19/2022,BFL,CA,AWP,WE,Combined TRACON& Tower with Radar,9,10,13,0,32,0,0,20,0,20,9,10,33,0,52,0,0,0,52
12/20/2022,BFL,CA,AWP,WE,Combined TRACON& Tower with Radar,10,14,34,0,58,0,0,8,0,8,10,14,42,0,66,0,0,0,66
12/21/2022,BFL,CA,AWP,WE,Combined TRACON& Tower with Radar,10,22,35,2,69,0,0,15,0,15,10,22,50,2,84,0,0,0,84
12/22/2022,BFL,CA,AWP,WE,Combined TRACON& Tower with Radar,7,18,31,2,58,0,0,7,0,7,7,18,38,2,65,0,0,0,65
12/23/2022,BFL,CA,AWP,WE,Combined TRACON& Tower with Radar,8,9,21,0,38,0,3,16,0,19,8,12,37,0,57,4,0,4,61
12/24/2022,BFL,CA,AWP,WE,Combined TRACON& Tower with Radar,6,7,10,0,23,0,1,11,0,12,6,8,21,0,35,0,0,0,35
12/25/2022,BFL,CA,AWP,WE,Combined TRACON& Tower with Radar,5,5,4,0,14,0,0,9,0,9,5,5,13,0,23,0,0,0,23
12/26/2022,BFL,CA,AWP,WE,Combined TRACON& Tower with Radar,9,4,37,0,50,0,1,6,0,7,9,5,43,0,57,0,0,0,57
12/27/2022,BFL,CA,AWP,WE,Combined TRACON& Tower with Radar,8,8,19,0,35,0,0,9,0,9,8,8,28,0,44,0,0,0,44
12/28/2022,BFL,CA,AWP,WE,Combined TRACON& Tower with Radar,8,15,17,6,46,0,4,37,0,41,8,19,54,6,87,29,0,29,116
12/29/2022,BFL,CA,AWP,WE,Combined TRACON& Tower with Radar,8,18,19,1,46,0,0,18,0,18,8,18,37,1,64,4,0,4,68
12/30/2022,BFL,CA,AWP,WE,Combined TRACON& Tower with Radar,8,15,22,0,45,0,0,34,0,34,8,15,56,0,79,8,0,8,87
12/31/2022,BFL,CA,AWP,WE,Combined TRACON& Tower with Radar,5,7,7,0,19,0,2,14,2,18,5,9,21,2,37,4,0,4,41
01/01/2023,BFL,CA,AWP,WE,Combined TRACON& Tower with Radar,6,3,18,0,27,0,1,13,0,14,6,4,31,0,41,0,0,0,41
01/02/2023,BFL,CA,AWP,WE,Combined TRACON& Tower with Radar,8,4,23,0,35,0,1,39,0,40,8,5,62,0,75,34,0,34,109
01/03/2023,BFL,CA,AWP,WE,Combined TRACON& Tower with Radar,10,6,18,0,34,0,7,57,0,64,10,13,75,0,98,92,0,92,190
01/04/2023,BFL,CA,AWP,WE,Combined TRACON& Tower with Radar,9,17,13,3,42,0,0,42,1,43,9,17,55,4,85,28,0,28,113
01/05/2023,BFL,CA,AWP,WE,Combined TRACON& Tower with Radar,8,15,16,2,41,0,1,31,0,32,8,16,47,2,73,30,0,30,103
01/06/2023,BFL,CA,AWP,WE,Combined TRACON& Tower with Radar,9,11,25,0,45,0,7,116,0,123,9,18,141,0,168,140,0,140,308
01/07/2023,BFL,CA,AWP,WE,Combined TRACON& Tower with Radar,8,7,17,0,32,0,2,80,0,82,8,9,97,0,114,130,0,130,244
01/08/2023,BFL,CA,AWP,WE,Combined TRACON& Tower with Radar,8,7,17,0,32,0,0,56,0,56,8,7,73,0,88,115,0,115,203
01/09/2023,BFL,CA,AWP,WE,Combined TRACON& Tower with Radar,11,8,8,4,31,0,0,11,0,11,11,8,19,4,42,20,0,20,62
01/10/2023,BFL,CA,AWP,WE,Combined TRACON& Tower with Radar,8,12,20,5,45,0,3,43,19,65,8,15,63,24,110,85,22,107,217
01/11/2023,BFL,CA,AWP,WE,Combined TRACON& Tower with Radar,8,16,22,1,47,0,4,120,9,133,8,20,142,10,180,110,0,110,290
01/12/2023,BFL,CA,AWP,WE,Combined TRACON& Tower with Radar,8,15,28,0,51,0,14,106,0,120,8,29,134,0,171,66,0,66,237
01/13/2023,BFL,CA,AWP,WE,Combined TRACON& Tower with Radar,8,15,29,0,52,0,5,116,0,121,8,20,145,0,173,182,0,182,355
01/14/2023,BFL,CA,AWP,WE,Combined TRACON& Tower with Radar,7,11,6,0,24,0,5,18,0,23,7,16,24,0,47,55,0,55,102
01/15/2023,BFL,CA,AWP,WE,Combined TRACON& Tower with Radar,7,3,17,0,27,0,3,58,0,61,7,6,75,0,88,74,0,74,162
01/16/2023,BFL,CA,AWP,WE,Combined TRACON& Tower with Radar,8,6,17,0,31,0,0,13,2,15,8,6,30,2,46,18,0,18,64
01/17/2023,BFL,CA,AWP,WE,Combined TRACON& Tower with Radar,8,15,32,7,62,0,1,56,5,62,8,16,88,12,124,114,0,114,238
01/18/2023,BFL,CA,AWP,WE,Combined TRACON& Tower with Radar,8,14,25,0,47,0,0,119,1,120,8,14,144,1,167,125,0,125,292
01/19/2023,BFL,CA,AWP,WE,Combined TRACON& Tower with Radar,8,16,42,6,72,0,6,65,0,71,8,22,107,6,143,130,0,130,273
01/20/2023,BFL,CA,AWP,WE,Combined TRACON& Tower with Radar,8,14,27,0,49,0,1,146,0,147,8,15,173,0,196,192,0,192,388
01/21/2023,BFL,CA,AWP,WE,Combined TRACON& Tower with Radar,8,11,13,0,32,0,4,82,3,89,8,15,95,3,121,102,0,102,223
01/22/2023,BFL,CA,AWP,WE,Combined TRACON& Tower with Radar,8,5,6,0,19,0,0,38,0,38,8,5,44,0,57,48,0,48,105
01/23/2023,BFL,CA,AWP,WE,Combined TRACON& Tower with Radar,8,9,9,4,30,0,0,105,16,121,8,9,114,20,151,126,8,134,285
01/24/2023,BFL,CA,AWP,WE,Combined TRACON& Tower with Radar,8,13,23,0,44,0,1,142,2,145,8,14,165,2,189,114,0,114,303
01/25/2023,BFL,CA,AWP,WE,Combined TRACON& Tower with Radar,8,15,26,10,59,0,5,161,0,166,8,20,187,10,225,134,0,134,359
01/26/2023,BFL,CA,AWP,WE,Combined TRACON& Tower with Radar,8,12,27,2,49,0,4,132,0,136,8,16,159,2,185,152,0,152,337
01/27/2023,BFL,CA,AWP,WE,Combined TRACON& Tower with Radar,8,13,19,2,42,0,3,138,0,141,8,16,157,2,183,208,0,208,391
01/28/2023,BFL,CA,AWP,WE,Combined TRACON& Tower with Radar,8,11,9,0,28,0,4,82,0,86,8,15,91,0,114,52,0,52,166
01/29/2023,BFL,CA,AWP,WE,Combined TRACON& Tower with Radar,8,3,12,0,23,0,0,63,2,65,8,3,75,2,88,112,0,112,200
01/30/2023,BFL,CA,AWP,WE,Combined TRACON& Tower with Radar,7,6,22,0,35,0,0,7,0,7,7,6,29,0,42,6,0,6,48
01/31/2023,BFL,CA,AWP,WE,Combined TRACON& Tower with Radar,7,13,20,2,42,0,2,126,1,129,7,15,146,3,171,190,20,210,381
02/01/2023,BFL,CA,AWP,WE,Combined TRACON& Tower with Radar,6,17,21,8,52,0,4,143,0,147,6,21,164,8,199,212,0,212,411
02/02/2023,BFL,CA,AWP,WE,Combined TRACON& Tower with Radar,8,18,15,2,43,0,8,140,0,148,8,26,155,2,191,108,0,108,299
02/03/2023,BFL,CA,AWP,WE,Combined TRACON& Tower with Radar,7,14,31,0,52,0,7,118,8,133,7,21,149,8,185,82,0,82,267
02/04/2023,BFL,CA,AWP,WE,Combined TRACON& Tower with Radar,6,7,11,0,24,0,4,48,0,52,6,11,59,0,76,16,0,16,92
02/05/2023,BFL,CA,AWP,WE,Combined TRACON& Tower with Radar,8,3,14,0,25,0,0,22,0,22,8,3,36,0,47,70,0,70,117
02/06/2023,BFL,CA,AWP,WE,Combined TRACON& Tower with Radar,8,6,25,0,39,4,0,44,0,48,12,6,69,0,87,61,0,61,148
02/07/2023,BFL,CA,AWP,WE,Combined TRACON& Tower with Radar,9,11,23,10,53,2,3,165,0,170,11,14,188,10,223,333,0,333,556
02/08/2023,BFL,CA,AWP,WE,Combined TRACON& Tower with Radar,7,15,23,0,45,0,0,176,0,176,7,15,199,0,221,80,0,80,301
02/09/2023,BFL,CA,AWP,WE,Combined TRACON& Tower with Radar,9,14,35,2,60,6,4,121,0,131,15,18,156,2,191,115,0,115,306
02/10/2023,BFL,CA,AWP,WE,Combined TRACON& Tower with Radar,10,10,10,0,30,0,2,128,0,130,10,12,138,0,160,132,0,132,292
02/11/2023,BFL,CA,AWP,WE,Combined TRACON& Tower with Radar,9,5,4,0,18,0,4,84,0,88,9,9,88,0,106,86,0,86,192
02/12/2023,BFL,CA,AWP,WE,Combined TRACON& Tower with Radar,11,3,9,0,23,0,2,64,0,66,11,5,73,0,89,104,0,104,193
02/13/2023,BFL,CA,AWP,WE,Combined TRACON& Tower with Radar,11,8,23,0,42,0,0,165,0,165,11,8,188,0,207,206,0,206,413
02/14/2023,BFL,CA,AWP,WE,Combined TRACON& Tower with Radar,11,13,17,2,43,0,0,83,3,86,11,13,100,5,129,80,0,80,209
02/15/2023,BFL,CA,AWP,WE,Combined TRACON& Tower with Radar,10,12,13,0,35,0,4,168,0,172,10,16,181,0,207,124,0,124,331
02/16/2023,BFL,CA,AWP,WE,Combined TRACON& Tower with Radar,11,9,20,0,40,0,5,198,5,208,11,14,218,5,248,192,0,192,440
02/17/2023,BFL,CA,AWP,WE,Combined TRACON& Tower with Radar,10,7,19,0,36,0,6,131,0,137,10,13,150,0,173,134,0,134,307
02/18/2023,BFL,CA,AWP,WE,Combined TRACON& Tower with Radar,9,7,10,0,26,0,3,98,0,101,9,10,108,0,127,52,0,52,179
02/19/2023,BFL,CA,AWP,WE,Combined TRACON& Tower with Radar,11,1,18,0,30,0,0,74,0,74,11,1,92,0,104,50,0,50,154
02/20/2023,BFL,CA,AWP,WE,Combined TRACON& Tower with Radar,10,5,10,0,25,0,7,64,8,79,10,12,74,8,104,16,0,16,120
02/21/2023,BFL,CA,AWP,WE,Combined TRACON& Tower with Radar,10,8,23,0,41,0,14,78,0,92,10,22,101,0,133,132,0,132,265
02/22/2023,BFL,CA,AWP,WE,Combined TRACON& Tower with Radar,9,16,26,0,51,0,6,76,0,82,9,22,102,0,133,78,0,78,211
02/23/2023,BFL,CA,AWP,WE,Combined TRACON& Tower with Radar,11,10,20,4,45,0,1,71,18,90,11,11,91,22,135,148,0,148,283
02/24/2023,BFL,CA,AWP,WE,Combined TRACON& Tower with Radar,12,14,20,0,46,0,0,1,0,1,12,14,21,0,47,0,0,0,47
02/25/2023,BFL,CA,AWP,WE,Combined TRACON& Tower with Radar,10,8,13,0,31,0,2,3,0,5,10,10,16,0,36,0,0,0,36
02/26/2023,BFL,CA,AWP,WE,Combined TRACON& Tower with Radar,11,3,19,2,35,0,0,81,1,82,11,3,100,3,117,112,0,112,229
02/27/2023,BFL,CA,AWP,WE,Combined TRACON& Tower with Radar,13,8,19,2,42,0,1,78,0,79,13,9,97,2,121,178,8,186,307
02/28/2023,BFL,CA,AWP,WE,Combined TRACON& Tower with Radar,12,9,22,4,47,0,2,100,4,106,12,11,122,8,153,250,0,250,403
03/01/2023,BFL,CA,AWP,WE,Combined TRACON& Tower with Radar,11,16,22,0,49,0,0,78,0,78,11,16,100,0,127,116,0,116,243
03/02/2023,BFL,CA,AWP,WE,Combined TRACON& Tower with Radar,12,10,26,1,49,0,8,189,4,201,12,18,215,5,250,143,0,143,393
03/03/2023,BFL,CA,AWP,WE,Combined TRACON& Tower with Radar,10,11,24,0,45,0,9,124,8,141,10,20,148,8,186,146,0,146,332
03/04/2023,BFL,CA,AWP,WE,Combined TRACON& Tower with Radar,10,5,22,0,37,0,6,70,0,76,10,11,92,0,113,92,0,92,205
03/05/2023,BFL,CA,AWP,WE,Combined TRACON& Tower with Radar,10,7,19,0,36,0,0,29,0,29,10,7,48,0,65,124,0,124,189
03/06/2023,BFL,CA,AWP,WE,Combined TRACON& Tower with Radar,11,5,21,6,43,0,0,129,0,129,11,5,150,6,172,214,0,214,386
03/07/2023,BFL,CA,AWP,WE,Combined TRACON& Tower with Radar,11,18,27,0,56,0,5,149,0,154,11,23,176,0,210,200,0,200,410
03/08/2023,BFL,CA,AWP,WE,Combined TRACON& Tower with Radar,11,9,22,0,42,0,2,137,3,142,11,11,159,3,184,110,0,110,294
03/09/2023,BFL,CA,AWP,WE,Combined TRACON& Tower with Radar,10,10,24,4,48,0,4,122,1,127,10,14,146,5,175,172,0,172,347
03/10/2023,BFL,CA,AWP,WE,Combined TRACON& Tower with Radar,10,9,20,0,39,0,0,29,0,29,10,9,49,0,68,62,0,62,130
03/11/2023,BFL,CA,AWP,WE,Combined TRACON& Tower with Radar,10,6,18,0,34,0,0,30,0,30,10,6,48,0,64,42,0,42,106
03/12/2023,BFL,CA,AWP,WE,Combined TRACON& Tower with Radar,10,2,23,5,40,0,6,79,1,86,10,8,102,6,126,42,6,48,174
03/13/2023,BFL,CA,AWP,WE,Combined TRACON& Tower with Radar,10,7,26,6,49,0,3,70,0,73,10,10,96,6,122,42,0,42,164
03/14/2023,BFL,CA,AWP,WE,Combined TRACON& Tower with Radar,11,10,27,4,52,0,0,16,0,16,11,10,43,4,68,2,0,2,70
03/15/2023,BFL,CA,AWP,WE,Combined TRACON& Tower with Radar,11,14,28,6,59,0,5,27,0,32,11,19,55,6,91,10,10,20,111
03/16/2023,BFL,CA,AWP,WE,Combined TRACON& Tower with Radar,10,15,48,3,76,0,4,63,35,102,10,19,111,38,178,94,0,94,272
03/17/2023,BFL,CA,AWP,WE,Combined TRACON& Tower with Radar,11,9,17,12,49,0,8,91,2,101,11,17,108,14,150,110,0,110,260
03/18/2023,BFL,CA,AWP,WE,Combined TRACON& Tower with Radar,8,5,7,0,20,0,2,98,0,100,8,7,105,0,120,86,0,86,206
03/19/2023,BFL,CA,AWP,WE,Combined TRACON& Tower with Radar,10,2,22,0,34,0,0,15,0,15,10,2,37,0,49,34,0,34,83
03/20/2023,BFL,CA,AWP,WE,Combined TRACON& Tower with Radar,10,6,37,3,56,0,3,87,13,103,10,9,124,16,159,114,0,114,273
03/21/2023,BFL,CA,AWP,WE,Combined TRACON& Tower with Radar,10,14,21,0,45,0,0,25,0,25,10,14,46,0,70,18,0,18,88
03/22/2023,BFL,CA,AWP,WE,Combined TRACON& Tower with Radar,11,11,34,5,61,0,3,79,12,94,11,14,113,17,155,160,0,160,315
03/23/2023,BFL,CA,AWP,WE,Combined TRACON& Tower with Radar,10,15,28,8,61,0,1,80,19,100,10,16,108,27,161,178,31,209,370
03/24/2023,BFL,CA,AWP,WE,Combined TRACON& Tower with Radar,10,15,37,2,64,0,7,141,6,154,10,22,178,8,218,196,4,200,418
03/25/2023,BFL,CA,AWP,WE,Combined TRACON& Tower with Radar,9,12,11,0,32,0,2,109,0,111,9,14,120,0,143,90,0,90,233
03/26/2023,BFL,CA,AWP,WE,Combined TRACON& Tower with Radar,9,6,21,0,36,0,0,90,0,90,9,6,111,0,126,92,0,92,218
03/27/2023,BFL,CA,AWP,WE,Combined TRACON& Tower with Radar,11,3,9,4,27,0,7,187,0,194,11,10,196,4,221,196,10,206,427
03/28/2023,BFL,CA,AWP,WE,Combined TRACON& Tower with Radar,11,10,21,0,42,1,7,147,3,158,12,17,168,3,200,158,1,159,359
03/29/2023,BFL,CA,AWP,WE,Combined TRACON& Tower with Radar,11,9,28,4,52,0,4,58,21,83,11,13,86,25,135,40,0,40,175
03/30/2023,BFL,CA,AWP,WE,Combined TRACON& Tower with Radar,10,8,31,2,51,0,5,137,3,145,10,13,168,5,196,120,0,120,316
03/31/2023,BFL,CA,AWP,WE,Combined TRACON& Tower with Radar,10,12,24,5,51,0,8,193,3,204,10,20,217,8,255,104,0,104,359
04/01/2023,BFL,CA,AWP,WE,Combined TRACON& Tower with Radar,10,5,12,1,28,0,4,124,1,129,10,9,136,2,157,97,0,97,254
04/02/2023,BFL,CA,AWP,WE,Combined TRACON& Tower with Radar,11,0,18,2,31,0,7,95,0,102,11,7,113,2,133,58,0,58,191
04/03/2023,BFL,CA,AWP,WE,Combined TRACON& Tower with Radar,11,5,19,2,37,0,1,38,2,41,11,6,57,4,78,24,0,24,102
04/04/2023,BFL,CA,AWP,WE,Combined TRACON& Tower with Radar,11,12,26,0,49,0,7,176,15,198,11,19,202,15,247,143,2,145,392
04/05/2023,BFL,CA,AWP,WE,Combined TRACON& Tower with Radar,11,13,17,3,44,0,15,181,5,201,11,28,198,8,245,124,12,136,381
04/06/2023,BFL,CA,AWP,WE,Combined TRACON& Tower with Radar,11,8,27,0,46,0,7,187,0,194,11,15,214,0,240,188,0,188,428
04/07/2023,BFL,CA,AWP,WE,Combined TRACON& Tower with Radar,10,7,11,2,30,0,12,73,0,85,10,19,84,2,115,64,0,64,179
04/08/2023,BFL,CA,AWP,WE,Combined TRACON& Tower with Radar,10,11,14,0,35,0,7,60,0,67,10,18,74,0,102,16,0,16,118
04/09/2023,BFL,CA,AWP,WE,Combined TRACON& Tower with Radar,10,0,5,0,15,0,7,51,0,58,10,7,56,0,73,18,0,18,91
04/10/2023,BFL,CA,AWP,WE,Combined TRACON& Tower with Radar,10,5,26,0,41,0,13,171,0,184,10,18,197,0,225,122,0,122,347
04/11/2023,BFL,CA,AWP,WE,Combined TRACON& Tower with Radar,11,14,18,2,45,0,5,161,0,166,11,19,179,2,211,118,0,118,329
04/12/2023,BFL,CA,AWP,WE,Combined TRACON& Tower with Radar,10,12,32,1,55,0,8,180,0,188,10,20,212,1,243,122,0,122,365
04/13/2023,BFL,CA,AWP,WE,Combined TRACON& Tower with Radar,10,14,17,0,41,0,9,174,5,188,10,23,191,5,229,232,0,232,461
04/14/2023,BFL,CA,AWP,WE,Combined TRACON& Tower with Radar,10,11,12,0,33,0,16,160,0,176,10,27,172,0,209,110,0,110,319
04/15/2023,BFL,CA,AWP,WE,Combined TRACON& Tower with Radar,10,5,18,0,33,0,4,124,0,128,10,9,142,0,161,78,0,78,239
04/16/2023,BFL,CA,AWP,WE,Combined TRACON& Tower with Radar,9,1,13,0,23,0,7,97,0,104,9,8,110,0,127,54,0,54,181
04/17/2023,BFL,CA,AWP,WE,Combined TRACON& Tower with Radar,10,6,26,4,46,0,2,179,44,225,10,8,205,48,271,114,12,126,397
04/18/2023,BFL,CA,AWP,WE,Combined TRACON& Tower with Radar,13,13,20,0,46,0,6,146,2,154,13,19,166,2,200,134,0,134,334
04/19/2023,BFL,CA,AWP,WE,Combined TRACON& Tower with Radar,9,22,22,2,55,0,17,171,27,215,9,39,193,29,270,208,0,208,478
04/20/2023,BFL,CA,AWP,WE,Combined TRACON& Tower with Radar,12,16,30,5,63,0,5,126,1,132,12,21,156,6,195,164,4,168,363
04/21/2023,BFL,CA,AWP,WE,Combined TRACON& Tower with Radar,10,15,17,0,42,0,20,145,0,165,10,35,162,0,207,194,0,194,401
04/22/2023,BFL,CA,AWP,WE,Combined TRACON& Tower with Radar,11,8,9,0,28,0,23,89,1,113,11,31,98,1,141,86,0,86,227
04/23/2023,BFL,CA,AWP,WE,Combined TRACON& Tower with Radar,10,0,15,0,25,0,4,106,0,110,10,4,121,0,135,64,0,64,199
04/24/2023,BFL,CA,AWP,WE,Combined TRACON& Tower with Radar,11,11,28,0,50,0,13,140,0,153,11,24,168,0,203,119,0,119,322
04/25/2023,BFL,CA,AWP,WE,Combined TRACON& Tower with Radar,10,23,19,0,52,0,11,145,4,160,10,34,164,4,212,98,0,98,310
04/26/2023,BFL,CA,AWP,WE,Combined TRACON& Tower with Radar,11,16,21,0,48,0,7,146,0,153,11,23,167,0,201,176,0,176,377
04/27/2023,BFL,CA,AWP,WE,Combined TRACON& Tower with Radar,15,17,18,8,58,0,9,139,10,158,15,26,157,18,216,94,4,98,314
04/28/2023,BFL,CA,AWP,WE,Combined TRACON& Tower with Radar,10,12,22,2,46,1,7,136,4,148,11,19,158,6,194,180,2,182,376
04/29/2023,BFL,CA,AWP,WE,Combined TRACON& Tower with Radar,12,12,11,4,39,0,13,100,0,113,12,25,111,4,152,90,0,90,242
04/30/2023,BFL,CA,AWP,WE,Combined TRACON& Tower with Radar,14,3,15,0,32,0,3,53,0,56,14,6,68,0,88,42,0,42,130
05/01/2023,BFL,CA,AWP,WE,Combined TRACON& Tower with Radar,10,3,32,0,45,0,4,104,0,108,10,7,136,0,153,71,0,71,224
05/02/2023,BFL,CA,AWP,WE,Combined TRACON& Tower with Radar,11,8,28,4,51,0,2,124,2,128,11,10,152,6,179,124,0,124,303
05/03/2023,BFL,CA,AWP,WE,Combined TRACON& Tower with Radar,10,17,22,0,49,0,10,127,0,137,10,27,149,0,186,75,0,75,261
05/04/2023,BFL,CA,AWP,WE,Combined TRACON& Tower with Radar,10,13,17,2,42,0,4,98,0,102,10,17,115,2,144,78,0,78,222
05/05/2023,BFL,CA,AWP,WE,Combined TRACON& Tower with Radar,10,22,30,2,64,0,12,108,0,120,10,34,138,2,184,126,0,126,310
05/06/2023,BFL,CA,AWP,WE,Combined TRACON& Tower with Radar,9,13,8,0,30,0,2,49,0,51,9,15,57,0,81,98,0,98,179
05/07/2023,BFL,CA,AWP,WE,Combined TRACON& Tower with Radar,11,13,15,0,39,0,18,69,0,87,11,31,84,0,126,54,0,54,180
05/08/2023,BFL,CA,AWP,WE,Combined TRACON& Tower with Radar,12,8,13,0,33,0,10,132,0,142,12,18,145,0,175,72,0,72,247
05/09/2023,BFL,CA,AWP,WE,Combined TRACON& Tower with Radar,8,18,24,0,50,0,12,152,0,164,8,30,176,0,214,96,0,96,310
05/10/2023,BFL,CA,AWP,WE,Combined TRACON& Tower with Radar,10,25,28,3,66,0,11,173,14,198,10,36,201,17,264,116,0,116,380
05/11/2023,BFL,CA,AWP,WE,Combined TRACON& Tower with Radar,10,17,25,0,52,0,20,119,5,144,10,37,144,5,196,152,0,152,348
05/12/2023,BFL,CA,AWP,WE,Combined TRACON& Tower with Radar,10,21,31,0,62,0,11,161,1,173,10,32,192,1,235,140,0,140,375
05/13/2023,BFL,CA,AWP,WE,Combined TRACON& Tower with Radar,11,8,6,0,25,0,16,73,0,89,11,24,79,0,114,44,0,44,158
05/14/2023,BFL,CA,AWP,WE,Combined TRACON& Tower with Radar,10,3,20,0,33,0,3,70,0,73,10,6,90,0,106,71,0,71,177
05/15/2023,BFL,CA,AWP,WE,Combined TRACON& Tower with Radar,10,9,20,1,40,0,11,120,20,151,10,20,140,21,191,114,23,137,328
05/16/2023,BFL,CA,AWP,WE,Combined TRACON& Tower with Radar,10,29,30,6,75,0,18,149,1,168,10,47,179,7,243,68,4,72,315
05/17/2023,BFL,CA,AWP,WE,Combined TRACON& Tower with Radar,11,14,20,2,47,0,14,140,2,156,11,28,160,4,203,158,0,158,361
05/18/2023,BFL,CA,AWP,WE,Combined TRACON& Tower with Radar,9,15,15,2,41,0,14,127,1,142,9,29,142,3,183,114,0,114,297
05/19/2023,BFL,CA,AWP,WE,Combined TRACON& Tower with Radar,10,19,19,0,48,0,10,163,9,182,10,29,182,9,230,114,0,114,344
05/20/2023,BFL,CA,AWP,WE,Combined TRACON& Tower with Radar,10,12,10,0,32,0,1,73,0,74,10,13,83,0,106,58,0,58,164
05/21/2023,BFL,CA,AWP,WE,Combined TRACON& Tower with Radar,10,4,18,0,32,0,11,63,0,74,10,15,81,0,106,116,0,116,222
05/22/2023,BFL,CA,AWP,WE,Combined TRACON& Tower with Radar,10,13,17,4,44,0,6,124,0,130,10,19,141,4,174,134,12,146,320
05/23/2023,BFL,CA,AWP,WE,Combined TRACON& Tower with Radar,8,23,25,2,58,0,20,138,0,158,8,43,163,2,216,120,0,120,336
05/24/2023,BFL,CA,AWP,WE,Combined TRACON& Tower with Radar,10,17,29,0,56,0,7,186,8,201,10,24,215,8,257,182,0,182,439
05/25/2023,BFL,CA,AWP,WE,Combined TRACON& Tower with Radar,10,21,29,0,60,0,18,167,2,187,10,39,196,2,247,208,0,208,455
05/26/2023,BFL,CA,AWP,WE,Combined TRACON& Tower with Radar,9,22,24,0,55,0,21,113,3,137,9,43,137,3,192,218,0,218,410
05/27/2023,BFL,CA,AWP,WE,Combined TRACON& Tower with Radar,9,10,19,0,38,0,15,89,0,104,9,25,108,0,142,110,0,110,252
05/28/2023,BFL,CA,AWP,WE,Combined TRACON& Tower with Radar,10,6,24,0,40,0,4,98,0,102,10,10,122,0,142,164,0,164,306
05/29/2023,BFL,CA,AWP,WE,Combined TRACON& Tower with Radar,9,6,11,0,26,0,9,70,0,79,9,15,81,0,105,16,0,16,121
05/30/2023,BFL,CA,AWP,WE,Combined TRACON& Tower with Radar,10,18,29,3,60,0,10,179,0,189,10,28,208,3,249,130,0,130,379
05/31/2023,BFL,CA,AWP,WE,Combined TRACON& Tower with Radar,11,20,31,0,62,0,10,196,2,208,11,30,227,2,270,154,0,154,424
06/01/2023,BFL,CA,AWP,WE,Combined TRACON& Tower with Radar,11,32,25,4,72,0,10,203,12,225,11,42,228,16,297,206,0,206,503
06/02/2023,BFL,CA,AWP,WE,Combined TRACON& Tower with Radar,11,16,20,0,47,0,12,174,14,200,11,28,194,14,247,202,0,202,449
06/03/2023,BFL,CA,AWP,WE,Combined TRACON& Tower with Radar,11,6,17,0,34,0,18,195,0,213,11,24,212,0,247,120,0,120,367
06/04/2023,BFL,CA,AWP,WE,Combined TRACON& Tower with Radar,11,8,14,0,33,0,22,143,1,166,11,30,157,1,199,226,0,226,425
06/05/2023,BFL,CA,AWP,WE,Combined TRACON& Tower with Radar,11,7,34,2,54,0,6,126,0,132,11,13,160,2,186,317,0,317,503
06/06/2023,BFL,CA,AWP,WE,Combined TRACON& Tower with Radar,9,13,35,2,59,0,9,164,6,179,9,22,199,8,238,146,0,146,384
06/07/2023,BFL,CA,AWP,WE,Combined TRACON& Tower with Radar,11,14,67,5,97,0,12,102,0,114,11,26,169,5,211,104,0,104,315
06/08/2023,BFL,CA,AWP,WE,Combined TRACON& Tower with Radar,11,13,32,0,56,0,15,182,0,197,11,28,214,0,253,284,2,286,539
06/09/2023,BFL,CA,AWP,WE,Combined TRACON& Tower with Radar,11,14,24,2,51,0,28,127,16,171,11,42,151,18,222,166,0,166,388
06/10/2023,BFL,CA,AWP,WE,Combined TRACON& Tower with Radar,11,14,24,0,49,0,10,46,0,56,11,24,70,0,105,20,0,20,125
06/11/2023,BFL,CA,AWP,WE,Combined TRACON& Tower with Radar,11,7,12,2,32,0,12,73,0,85,11,19,85,2,117,198,0,198,315
06/12/2023,BFL,CA,AWP,WE,Combined TRACON& Tower with Radar,10,27,27,0,64,0,24,130,7,161,10,51,157,7,225,286,0,286,511
06/13/2023,BFL,CA,AWP,WE,Combined TRACON& Tower with Radar,9,17,13,0,39,0,17,148,0,165,9,34,161,0,204,225,0,225,429
06/14/2023,BFL,CA,AWP,WE,Combined TRACON& Tower with Radar,11,17,24,0,52,0,20,199,3,222,11,37,223,3,274,184,0,184,458
06/15/2023,BFL,CA,AWP,WE,Combined TRACON& Tower with Radar,11,14,27,0,52,0,20,161,0,181,11,34,188,0,233,184,0,184,417
06/16/2023,BFL,CA,AWP,WE,Combined TRACON& Tower with Radar,10,19,23,0,52,0,9,157,0,166,10,28,180,0,218,152,0,152,370
06/17/2023,BFL,CA,AWP,WE,Combined TRACON& Tower with Radar,12,3,6,0,21,0,23,123,2,148,12,26,129,2,169,168,0,168,337
06/18/2023,BFL,CA,AWP,WE,Combined TRACON& Tower with Radar,11,14,14,0,39,0,4,66,0,70,11,18,80,0,109,80,0,80,189
06/19/2023,BFL,CA,AWP,WE,Combined TRACON& Tower with Radar,11,12,19,0,42,0,2,146,0,148,11,14,165,0,190,120,0,120,310
06/20/2023,BFL,CA,AWP,WE,Combined TRACON& Tower with Radar,9,19,21,0,49,0,12,159,0,171,9,31,180,0,220,170,0,170,390
06/21/2023,BFL,CA,AWP,WE,Combined TRACON& Tower with Radar,10,16,21,0,47,0,9,223,0,232,10,25,244,0,279,230,0,230,509
06/22/2023,BFL,CA,AWP,WE,Combined TRACON& Tower with Radar,11,19,31,4,65,0,13,205,2,220,11,32,236,6,285,172,0,172,457
06/23/2023,BFL,CA,AWP,WE,Combined TRACON& Tower with Radar,12,16,28,0,56,0,9,226,2,237,12,25,254,2,293,208,0,208,501
06/24/2023,BFL,CA,AWP,WE,Combined TRACON& Tower with Radar,10,18,7,0,35,0,13,157,0,170,10,31,164,0,205,114,0,114,319
06/25/2023,BFL,CA,AWP,WE,Combined TRACON& Tower with Radar,10,15,8,0,33,0,4,108,0,112,10,19,116,0,145,92,0,92,237
06/26/2023,BFL,CA,AWP,WE,Combined TRACON& Tower with Radar,9,10,22,1,42,0,2,147,9,158,9,12,169,10,200,136,8,144,344
06/27/2023,BFL,CA,AWP,WE,Combined TRACON& Tower with Radar,8,15,23,2,48,0,4,198,4,206,8,19,221,6,254,319,0,319,573
06/28/2023,BFL,CA,AWP,WE,Combined TRACON& Tower with Radar,11,18,17,2,48,0,4,176,2,182,11,22,193,4,230,230,0,230,460
06/29/2023,BFL,CA,AWP,WE,Combined TRACON& Tower with Radar,9,21,29,0,59,0,10,199,0,209,9,31,228,0,268,158,0,158,426
06/30/2023,BFL,CA,AWP,WE,Combined TRACON& Tower with Radar,10,12,30,0,52,0,22,158,0,180,10,34,188,0,232,196,0,196,428
07/01/2023,BFL,CA,AWP,WE,Combined TRACON& Tower with Radar,10,6,4,0,20,0,17,90,0,107,10,23,94,0,127,176,0,176,303
07/02/2023,BFL,CA,AWP,WE,Combined TRACON& Tower with Radar,10,5,8,0,23,0,15,69,0,84,10,20,77,0,107,86,0,86,193
07/03/2023,BFL,CA,AWP,WE,Combined TRACON& Tower with Radar,7,4,12,0,23,0,10,93,0,103,7,14,105,0,126,106,0,106,232
07/04/2023,BFL,CA,AWP,WE,Combined TRACON& Tower with Radar,7,5,7,0,19,0,5,73,0,78,7,10,80,0,97,18,0,18,115
07/05/2023,BFL,CA,AWP,WE,Combined TRACON& Tower with Radar,11,17,15,2,45,0,7,150,0,157,11,24,165,2,202,118,20,138,340
07/06/2023,BFL,CA,AWP,WE,Combined TRACON& Tower with Radar,12,16,18,0,46,0,12,160,5,177,12,28,178,5,223,298,0,298,521
07/07/2023,BFL,CA,AWP,WE,Combined TRACON& Tower with Radar,11,10,19,1,41,0,8,229,1,238,11,18,248,2,279,260,0,260,539
07/08/2023,BFL,CA,AWP,WE,Combined TRACON& Tower with Radar,12,8,13,0,33,0,10,112,1,123,12,18,125,1,156,186,0,186,342
07/09/2023,BFL,CA,AWP,WE,Combined TRACON& Tower with Radar,11,3,8,0,22,0,8,82,1,91,11,11,90,1,113,74,0,74,187
07/10/2023,BFL,CA,AWP,WE,Combined TRACON& Tower with Radar,11,8,13,0,32,0,7,136,2,145,11,15,149,2,177,158,0,158,335
07/11/2023,BFL,CA,AWP,WE,Combined TRACON& Tower with Radar,10,18,14,0,42,0,11,143,2,156,10,29,157,2,198,122,0,122,320
07/12/2023,BFL,CA,AWP,WE,Combined TRACON& Tower with Radar,12,19,19,0,50,0,6,133,4,143,12,25,152,4,193,116,0,116,309
07/13/2023,BFL,CA,AWP,WE,Combined TRACON& Tower with Radar,11,15,23,1,50,0,17,138,9,164,11,32,161,10,214,116,0,116,330
07/14/2023,BFL,CA,AWP,WE,Combined TRACON& Tower with Radar,11,11,22,2,46,0,12,168,6,186,11,23,190,8,232,210,0,210,442
07/15/2023,BFL,CA,AWP,WE,Combined TRACON& Tower with Radar,12,15,12,0,39,0,12,130,0,142,12,27,142,0,181,132,0,132,313
07/16/2023,BFL,CA,AWP,WE,Combined TRACON& Tower with Radar,11,3,17,2,33,0,4,97,0,101,11,7,114,2,134,70,0,70,204
07/17/2023,BFL,CA,AWP,WE,Combined TRACON& Tower with Radar,13,11,20,2,46,0,14,170,3,187,13,25,190,5,233,82,0,82,315
07/18/2023,BFL,CA,AWP,WE,Combined TRACON& Tower with Radar,10,11,13,1,35,0,1,199,7,207,10,12,212,8,242,130,0,130,372
07/19/2023,BFL,CA,AWP,WE,Combined TRACON& Tower with Radar,11,12,19,2,44,0,5,142,6,153,11,17,161,8,197,103,0,103,300
07/20/2023,BFL,CA,AWP,WE,Combined TRACON& Tower with Radar,12,25,14,0,51,0,9,189,1,199,12,34,203,1,250,196,0,196,446
07/21/2023,BFL,CA,AWP,WE,Combined TRACON& Tower with Radar,11,12,24,0,47,0,11,164,4,179,11,23,188,4,226,312,0,312,538
07/22/2023,BFL,CA,AWP,WE,Combined TRACON& Tower with Radar,13,5,6,0,24,0,8,120,0,128,13,13,126,0,152,108,0,108,260
07/23/2023,BFL,CA,AWP,WE,Combined TRACON& Tower with Radar,10,4,12,0,26,0,9,70,0,79,10,13,82,0,105,200,0,200,305
07/24/2023,BFL,CA,AWP,WE,Combined TRACON& Tower with Radar,10,17,16,4,47,0,9,158,10,177,10,26,174,14,224,160,10,170,394
07/25/2023,BFL,CA,AWP,WE,Combined TRACON& Tower with Radar,10,18,18,0,46,0,17,142,0,159,10,35,160,0,205,132,0,132,337
07/26/2023,BFL,CA,AWP,WE,Combined TRACON& Tower with Radar,11,29,12,2,54,0,14,179,0,193,11,43,191,2,247,158,0,158,405
07/27/2023,BFL,CA,AWP,WE,Combined TRACON& Tower with Radar,11,19,15,0,45,0,24,163,0,187,11,43,178,0,232,238,0,238,470
07/28/2023,BFL,CA,AWP,WE,Combined TRACON& Tower with Radar,11,18,15,0,44,0,8,161,0,169,11,26,176,0,213,226,0,226,439
07/29/2023,BFL,CA,AWP,WE,Combined TRACON& Tower with Radar,11,4,4,0,19,0,21,134,0,155,11,25,138,0,174,116,0,116,290
07/30/2023,BFL,CA,AWP,WE,Combined TRACON& Tower with Radar,10,6,10,0,26,0,4,103,0,107,10,10,113,0,133,44,0,44,177
07/31/2023,BFL,CA,AWP,WE,Combined TRACON& Tower with Radar,10,5,22,0,37,0,2,137,6,145,10,7,159,6,182,112,0,112,294
08/01/2023,BFL,CA,AWP,WE,Combined TRACON& Tower with Radar,9,15,22,0,46,0,2,170,0,172,9,17,192,0,218,138,0,138,356
08/02/2023,BFL,CA,AWP,WE,Combined TRACON& Tower with Radar,13,13,13,4,43,0,2,168,0,170,13,15,181,4,213,122,0,122,335
08/03/2023,BFL,CA,AWP,WE,Combined TRACON& Tower with Radar,12,15,18,0,45,0,9,154,1,164,12,24,172,1,209,186,0,186,395
08/04/2023,BFL,CA,AWP,WE,Combined TRACON& Tower with Radar,12,14,18,14,58,0,11,138,13,162,12,25,156,27,220,122,0,122,342
08/05/2023,BFL,CA,AWP,WE,Combined TRACON& Tower with Radar,12,10,7,3,32,0,0,81,3,84,12,10,88,6,116,38,12,50,166
08/06/2023,BFL,CA,AWP,WE,Combined TRACON& Tower with Radar,12,0,14,2,28,0,10,89,4,103,12,10,103,6,131,54,0,54,185
08/07/2023,BFL,CA,AWP,WE,Combined TRACON& Tower with Radar,12,18,22,5,57,0,6,95,13,114,12,24,117,18,171,122,0,122,293
08/08/2023,BFL,CA,AWP,WE,Combined TRACON& Tower with Radar,12,15,18,4,49,0,7,175,2,184,12,22,193,6,233,162,0,162,395
08/09/2023,BFL,CA,AWP,WE,Combined TRACON& Tower with Radar,12,16,13,12,53,0,12,151,8,171,12,28,164,20,224,162,0,162,386
08/10/2023,BFL,CA,AWP,WE,Combined TRACON& Tower with Radar,12,11,26,2,51,0,10,105,2,117,12,21,131,4,168,80,0,80,248
08/11/2023,BFL,CA,AWP,WE,Combined TRACON& Tower with Radar,12,12,15,2,41,0,18,139,0,157,12,30,154,2,198,178,0,178,376
08/12/2023,BFL,CA,AWP,WE,Combined TRACON& Tower with Radar,12,9,6,0,27,0,30,84,0,114,12,39,90,0,141,86,0,86,227
08/13/2023,BFL,CA,AWP,WE,Combined TRACON& Tower with Radar,11,2,15,0,28,0,17,64,0,81,11,19,79,0,109,80,0,80,189
08/14/2023,BFL,CA,AWP,WE,Combined TRACON& Tower with Radar,11,4,13,11,39,0,5,131,11,147,11,9,144,22,186,108,12,120,306
08/15/2023,BFL,CA,AWP,WE,Combined TRACON& Tower with Radar,12,15,18,0,45,0,5,127,0,132,12,20,145,0,177,84,0,84,261
08/16/2023,BFL,CA,AWP,WE,Combined TRACON& Tower with Radar,13,12,20,2,47,0,6,152,0,158,13,18,172,2,205,120,0,120,325
08/17/2023,BFL,CA,AWP,WE,Combined TRACON& Tower with Radar,12,24,16,0,52,0,16,159,0,175,12,40,175,0,227,102,0,102,329
08/18/2023,BFL,CA,AWP,WE,Combined TRACON& Tower with Radar,12,14,23,0,49,0,19,128,0,147,12,33,151,0,196,108,0,108,304
08/19/2023,BFL,CA,AWP,WE,Combined TRACON& Tower with Radar,12,2,12,0,26,0,4,86,3,93,12,6,98,3,119,72,0,72,191
08/20/2023,BFL,CA,AWP,WE,Combined TRACON& Tower with Radar,12,0,4,0,16,0,1,7,0,8,12,1,11,0,24,0,0,0,24
08/21/2023,BFL,CA,AWP,WE,Combined TRACON& Tower with Radar,14,6,21,2,43,0,2,58,0,60,14,8,79,2,103,32,0,32,135
08/22/2023,BFL,CA,AWP,WE,Combined TRACON& Tower with Radar,12,17,22,0,51,0,17,181,0,198,12,34,203,0,249,132,0,132,381
08/23/2023,BFL,CA,AWP,WE,Combined TRACON& Tower with Radar,12,13,31,2,58,0,15,177,0,192,12,28,208,2,250,122,0,122,372
08/24/2023,BFL,CA,AWP,WE,Combined TRACON& Tower with Radar,13,16,21,0,50,0,16,166,0,182,13,32,187,0,232,130,0,130,362
08/25/2023,BFL,CA,AWP,WE,Combined TRACON& Tower with Radar,15,12,19,0,46,0,5,189,0,194,15,17,208,0,240,154,0,154,394
08/26/2023,BFL,CA,AWP,WE,Combined TRACON& Tower with Radar,12,3,17,0,32,0,1,112,0,113,12,4,129,0,145,118,0,118,263
08/27/2023,BFL,CA,AWP,WE,Combined TRACON& Tower with Radar,11,4,16,0,31,0,8,101,0,109,11,12,117,0,140,112,0,112,252
08/28/2023,BFL,CA,AWP,WE,Combined TRACON& Tower with Radar,12,3,12,4,31,0,6,135,0,141,12,9,147,4,172,134,0,134,306
08/29/2023,BFL,CA,AWP,WE,Combined TRACON& Tower with Radar,12,11,12,4,39,0,7,175,10,192,12,18,187,14,231,126,0,126,357
08/30/2023,BFL,CA,AWP,WE,Combined TRACON& Tower with Radar,12,17,13,2,44,2,25,197,13,237,14,42,210,15,281,184,0,184,465
08/31/2023,BFL,CA,AWP,WE,Combined TRACON& Tower with Radar,11,16,26,4,57,0,14,181,3,198,11,30,207,7,255,132,14,146,401
01/01/2020,BFL,CA,AWP,WE,Combined TRACON& Tower with Radar,10,6,4,0,20,0,0,28,0,28,10,6,32,0,48,14,0,14,62
01/02/2020,BFL,CA,AWP,WE,Combined TRACON& Tower with Radar,10,16,12,0,38,0,9,80,0,89,10,25,92,0,127,64,0,64,191
01/03/2020,BFL,CA,AWP,WE,Combined TRACON& Tower with Radar,9,16,21,0,46,0,6,86,4,96,9,22,107,4,142,36,0,36,178
01/04/2020,BFL,CA,AWP,WE,Combined TRACON& Tower with Radar,10,12,15,1,38,1,3,102,4,110,11,15,117,5,148,32,0,32,180
01/05/2020,BFL,CA,AWP,WE,Combined TRACON& Tower with Radar,11,8,35,3,57,0,5,15,3,23,11,13,50,6,80,18,0,18,98
01/06/2020,BFL,CA,AWP,WE,Combined TRACON& Tower with Radar,11,10,20,0,41,0,1,114,8,123,11,11,134,8,164,148,0,148,312
01/07/2020,BFL,CA,AWP,WE,Combined TRACON& Tower with Radar,12,21,54,6,93,0,1,6,2,9,12,22,60,8,102,0,0,0,102
01/08/2020,BFL,CA,AWP,WE,Combined TRACON& Tower with Radar,12,14,63,0,89,0,3,45,0,48,12,17,108,0,137,154,0,154,291
01/09/2020,BFL,CA,AWP,WE,Combined TRACON& Tower with Radar,12,17,55,4,88,0,4,72,7,83,12,21,127,11,171,146,0,146,317
01/10/2020,BFL,CA,AWP,WE,Combined TRACON& Tower with Radar,10,10,43,2,65,0,15,139,5,159,10,25,182,7,224,91,0,91,315
01/11/2020,BFL,CA,AWP,WE,Combined TRACON& Tower with Radar,11,9,29,0,49,0,3,109,0,112,11,12,138,0,161,258,0,258,419
01/12/2020,BFL,CA,AWP,WE,Combined TRACON& Tower with Radar,12,7,20,0,39,0,6,72,0,78,12,13,92,0,117,136,0,136,253
01/13/2020,BFL,CA,AWP,WE,Combined TRACON& Tower with Radar,12,14,33,1,60,0,9,173,0,182,12,23,206,1,242,132,0,132,374
01/14/2020,BFL,CA,AWP,WE,Combined TRACON& Tower with Radar,9,22,33,0,64,0,12,192,1,205,9,34,225,1,269,124,0,124,393
01/15/2020,BFL,CA,AWP,WE,Combined TRACON& Tower with Radar,12,15,30,0,57,0,5,174,0,179,12,20,204,0,236,174,0,174,410
01/16/2020,BFL,CA,AWP,WE,Combined TRACON& Tower with Radar,13,15,41,3,72,0,4,110,0,114,13,19,151,3,186,104,0,104,290
01/17/2020,BFL,CA,AWP,WE,Combined TRACON& Tower with Radar,12,13,38,0,63,0,5,168,6,179,12,18,206,6,242,166,0,166,408
01/18/2020,BFL,CA,AWP,WE,Combined TRACON& Tower with Radar,12,10,41,0,63,0,0,5,0,5,12,10,46,0,68,0,0,0,68
01/19/2020,BFL,CA,AWP,WE,Combined TRACON& Tower with Radar,11,5,14,0,30,0,8,51,2,61,11,13,65,2,91,55,0,55,146
01/20/2020,BFL,CA,AWP,WE,Combined TRACON& Tower with Radar,12,9,35,0,56,0,7,97,0,104,12,16,132,0,160,72,0,72,232
01/21/2020,BFL,CA,AWP,WE,Combined TRACON& Tower with Radar,10,17,36,0,63,0,8,170,0,178,10,25,206,0,241,88,0,88,329
01/22/2020,BFL,CA,AWP,WE,Combined TRACON& Tower with Radar,12,23,29,0,64,0,12,204,0,216,12,35,233,0,280,154,0,154,434
01/23/2020,BFL,CA,AWP,WE,Combined TRACON& Tower with Radar,11,17,78,2,108,0,0,75,0,75,11,17,153,2,183,78,0,78,261
01/24/2020,BFL,CA,AWP,WE,Combined TRACON& Tower with Radar,13,11,63,6,93,0,3,53,2,58,13,14,116,8,151,116,0,116,267
01/25/2020,BFL,CA,AWP,WE,Combined TRACON& Tower with Radar,11,7,15,0,33,0,5,112,2,119,11,12,127,2,152,133,0,133,285
01/26/2020,BFL,CA,AWP,WE,Combined TRACON& Tower with Radar,12,4,34,5,55,0,4,74,12,90,12,8,108,17,145,127,0,127,272
01/27/2020,BFL,CA,AWP,WE,Combined TRACON& Tower with Radar,10,9,23,0,42,0,11,166,0,177,10,20,189,0,219,112,10,122,341
01/28/2020,BFL,CA,AWP,WE,Combined TRACON& Tower with Radar,10,15,34,3,62,0,3,119,5,127,10,18,153,8,189,90,2,92,281
01/29/2020,BFL,CA,AWP,WE,Combined TRACON& Tower with Radar,11,16,57,0,84,0,7,80,0,87,11,23,137,0,171,76,0,76,247
01/30/2020,BFL,CA,AWP,WE,Combined TRACON& Tower with Radar,12,15,40,0,67,0,12,190,0,202,12,27,230,0,269,172,0,172,441
01/31/2020,BFL,CA,AWP,WE,Combined TRACON& Tower with Radar,14,10,23,2,49,0,6,186,0,192,14,16,209,2,241,78,0,78,319
02/01/2020,BFL,CA,AWP,WE,Combined TRACON& Tower with Radar,12,9,15,0,36,0,7,129,1,137,12,16,144,1,173,108,0,108,281
02/02/2020,BFL,CA,AWP,WE,Combined TRACON& Tower with Radar,11,4,16,0,31,0,0,39,0,39,11,4,55,0,70,22,0,22,92
02/03/2020,BFL,CA,AWP,WE,Combined TRACON& Tower with Radar,12,9,19,0,40,0,15,136,0,151,12,24,155,0,191,99,0,99,290
02/04/2020,BFL,CA,AWP,WE,Combined TRACON& Tower with Radar,10,14,14,0,38,0,6,190,0,196,10,20,204,0,234,147,0,147,381
02/05/2020,BFL,CA,AWP,WE,Combined TRACON& Tower with Radar,9,13,22,0,44,0,5,160,1,166,9,18,182,1,210,52,0,52,262
02/06/2020,BFL,CA,AWP,WE,Combined TRACON& Tower with Radar,12,14,29,0,55,0,1,187,0,188,12,15,216,0,243,48,0,48,291
02/07/2020,BFL,CA,AWP,WE,Combined TRACON& Tower with Radar,11,13,21,0,45,0,2,191,0,193,11,15,212,0,238,82,0,82,320
02/08/2020,BFL,CA,AWP,WE,Combined TRACON& Tower with Radar,12,7,23,0,42,6,10,153,0,169,18,17,176,0,211,64,0,64,275
02/09/2020,BFL,CA,AWP,WE,Combined TRACON& Tower with Radar,12,4,23,0,39,0,2,63,10,75,12,6,86,10,114,72,0,72,186
02/10/2020,BFL,CA,AWP,WE,Combined TRACON& Tower with Radar,12,13,17,0,42,0,7,165,0,172,12,20,182,0,214,70,0,70,284
02/11/2020,BFL,CA,AWP,WE,Combined TRACON& Tower with Radar,9,15,18,0,42,0,5,166,18,189,9,20,184,18,231,78,0,78,309
02/12/2020,BFL,CA,AWP,WE,Combined TRACON& Tower with Radar,12,17,32,0,61,0,7,216,0,223,12,24,248,0,284,102,0,102,386
02/13/2020,BFL,CA,AWP,WE,Combined TRACON& Tower with Radar,12,16,30,0,58,0,13,202,1,216,12,29,232,1,274,82,0,82,356
02/14/2020,BFL,CA,AWP,WE,Combined TRACON& Tower with Radar,12,11,20,0,43,0,8,125,2,135,12,19,145,2,178,102,0,102,280
02/15/2020,BFL,CA,AWP,WE,Combined TRACON& Tower with Radar,12,5,23,0,40,0,3,66,0,69,12,8,89,0,109,36,0,36,145
02/16/2020,BFL,CA,AWP,WE,Combined TRACON& Tower with Radar,12,2,11,0,25,0,11,68,3,82,12,13,79,3,107,58,0,58,165
02/17/2020,BFL,CA,AWP,WE,Combined TRACON& Tower with Radar,12,6,23,2,43,0,2,103,0,105,12,8,126,2,148,26,0,26,174
02/18/2020,BFL,CA,AWP,WE,Combined TRACON& Tower with Radar,12,15,34,4,65,0,2,164,17,183,12,17,198,21,248,137,4,141,389
02/19/2020,BFL,CA,AWP,WE,Combined TRACON& Tower with Radar,11,17,23,3,54,0,13,91,0,104,11,30,114,3,158,34,0,34,192
02/20/2020,BFL,CA,AWP,WE,Combined TRACON& Tower with Radar,13,16,32,0,61,0,14,189,0,203,13,30,221,0,264,104,0,104,368
02/21/2020,BFL,CA,AWP,WE,Combined TRACON& Tower with Radar,12,12,30,0,54,0,15,216,0,231,12,27,246,0,285,105,0,105,390
02/22/2020,BFL,CA,AWP,WE,Combined TRACON& Tower with Radar,12,8,20,0,40,0,2,105,0,107,12,10,125,0,147,132,0,132,279
02/23/2020,BFL,CA,AWP,WE,Combined TRACON& Tower with Radar,12,6,30,0,48,0,2,124,0,126,12,8,154,0,174,98,0,98,272
02/24/2020,BFL,CA,AWP,WE,Combined TRACON& Tower with Radar,14,6,28,2,50,0,8,163,9,180,14,14,191,11,230,64,0,64,294
02/25/2020,BFL,CA,AWP,WE,Combined TRACON& Tower with Radar,12,12,33,2,59,0,11,176,9,196,12,23,209,11,255,86,0,86,341
02/26/2020,BFL,CA,AWP,WE,Combined TRACON& Tower with Radar,11,12,29,0,52,0,5,175,7,187,11,17,204,7,239,128,0,128,367
02/27/2020,BFL,CA,AWP,WE,Combined TRACON& Tower with Radar,11,13,20,1,45,0,14,186,11,211,11,27,206,12,256,166,6,172,428
02/28/2020,BFL,CA,AWP,WE,Combined TRACON& Tower with Radar,12,14,24,0,50,0,3,164,2,169,12,17,188,2,219,148,0,148,367
02/29/2020,BFL,CA,AWP,WE,Combined TRACON& Tower with Radar,12,8,22,0,42,0,15,166,4,185,12,23,188,4,227,149,0,149,376
03/01/2020,BFL,CA,AWP,WE,Combined TRACON& Tower with Radar,12,5,20,0,37,0,4,121,4,129,12,9,141,4,166,92,0,92,258
03/02/2020,BFL,CA,AWP,WE,Combined TRACON& Tower with Radar,11,7,14,4,36,0,7,153,26,186,11,14,167,30,222,104,66,170,392
03/03/2020,BFL,CA,AWP,WE,Combined TRACON& Tower with Radar,12,21,18,0,51,0,7,171,14,192,12,28,189,14,243,58,0,58,301
03/04/2020,BFL,CA,AWP,WE,Combined TRACON& Tower with Radar,11,14,21,4,50,0,6,175,15,196,11,20,196,19,246,157,12,169,415
03/05/2020,BFL,CA,AWP,WE,Combined TRACON& Tower with Radar,10,14,44,2,70,0,6,190,21,217,10,20,234,23,287,204,0,204,491
03/06/2020,BFL,CA,AWP,WE,Combined TRACON& Tower with Radar,10,15,24,0,49,0,4,211,3,218,10,19,235,3,267,172,0,172,439
03/07/2020,BFL,CA,AWP,WE,Combined TRACON& Tower with Radar,9,6,9,0,24,0,3,103,5,111,9,9,112,5,135,146,0,146,281
03/08/2020,BFL,CA,AWP,WE,Combined TRACON& Tower with Radar,11,3,17,0,31,0,13,132,4,149,11,16,149,4,180,122,0,122,302
03/09/2020,BFL,CA,AWP,WE,Combined TRACON& Tower with Radar,10,9,17,0,36,0,7,164,4,175,10,16,181,4,211,156,0,156,367
03/10/2020,BFL,CA,AWP,WE,Combined TRACON& Tower with Radar,10,16,41,0,67,0,3,91,0,94,10,19,132,0,161,88,0,88,249
03/11/2020,BFL,CA,AWP,WE,Combined TRACON& Tower with Radar,10,17,75,2,104,0,2,44,5,51,10,19,119,7,155,36,0,36,191
03/12/2020,BFL,CA,AWP,WE,Combined TRACON& Tower with Radar,10,21,43,10,84,0,4,94,5,103,10,25,137,15,187,124,2,126,313
03/13/2020,BFL,CA,AWP,WE,Combined TRACON& Tower with Radar,10,12,32,0,54,0,5,124,3,132,10,17,156,3,186,141,0,141,327
03/14/2020,BFL,CA,AWP,WE,Combined TRACON& Tower with Radar,8,9,25,1,43,0,5,66,3,74,8,14,91,4,117,64,0,64,181
03/15/2020,BFL,CA,AWP,WE,Combined TRACON& Tower with Radar,10,10,9,0,29,0,1,58,17,76,10,11,67,17,105,34,0,34,139
03/16/2020,BFL,CA,AWP,WE,Combined TRACON& Tower with Radar,11,8,21,2,42,0,1,20,0,21,11,9,41,2,63,10,0,10,73
03/17/2020,BFL,CA,AWP,WE,Combined TRACON& Tower with Radar,10,17,7,3,37,0,1,115,0,116,10,18,122,3,153,96,0,96,249
03/18/2020,BFL,CA,AWP,WE,Combined TRACON& Tower with Radar,10,14,36,12,72,0,8,125,6,139,10,22,161,18,211,180,0,180,391
03/19/2020,BFL,CA,AWP,WE,Combined TRACON& Tower with Radar,9,11,37,0,57,0,4,53,3,60,9,15,90,3,117,114,0,114,231
03/20/2020,BFL,CA,AWP,WE,Combined TRACON& Tower with Radar,10,16,11,0,37,0,12,106,5,123,10,28,117,5,160,102,0,102,262
03/21/2020,BFL,CA,AWP,WE,Combined TRACON& Tower with Radar,11,6,8,0,25,0,4,67,1,72,11,10,75,1,97,44,0,44,141
03/22/2020,BFL,CA,AWP,WE,Combined TRACON& Tower with Radar,11,2,12,0,25,1,1,104,0,106,12,3,116,0,131,174,0,174,305
03/23/2020,BFL,CA,AWP,WE,Combined TRACON& Tower with Radar,8,6,11,2,27,0,4,97,5,106,8,10,108,7,133,84,0,84,217
03/24/2020,BFL,CA,AWP,WE,Combined TRACON& Tower with Radar,8,14,22,3,47,0,10,84,5,99,8,24,106,8,146,76,0,76,222
03/25/2020,BFL,CA,AWP,WE,Combined TRACON& Tower with Radar,7,11,26,15,59,0,5,53,0,58,7,16,79,15,117,48,0,48,165
03/26/2020,BFL,CA,AWP,WE,Combined TRACON& Tower with Radar,8,14,18,2,42,0,5,132,18,155,8,19,150,20,197,125,0,125,322
03/27/2020,BFL,CA,AWP,WE,Combined TRACON& Tower with Radar,8,11,11,4,34,0,13,117,0,130,8,24,128,4,164,61,0,61,225
03/28/2020,BFL,CA,AWP,WE,Combined TRACON& Tower with Radar,8,4,22,6,40,0,10,93,0,103,8,14,115,6,143,64,12,76,219
03/29/2020,BFL,CA,AWP,WE,Combined TRACON& Tower with Radar,4,3,20,8,35,0,3,44,2,49,4,6,64,10,84,44,8,52,136
03/30/2020,BFL,CA,AWP,WE,Combined TRACON& Tower with Radar,7,3,22,2,34,0,20,141,4,165,7,23,163,6,199,76,0,76,275
03/31/2020,BFL,CA,AWP,WE,Combined TRACON& Tower with Radar,7,11,9,8,35,0,14,122,0,136,7,25,131,8,171,138,0,138,309
04/01/2020,BFL,CA,AWP,WE,Combined TRACON& Tower with Radar,8,10,16,6,40,0,16,96,0,112,8,26,112,6,152,60,0,60,212
04/02/2020,BFL,CA,AWP,WE,Combined TRACON& Tower with Radar,6,13,18,10,47,0,5,123,6,134,6,18,141,16,181,116,0,116,297
04/03/2020,BFL,CA,AWP,WE,Combined TRACON& Tower with Radar,5,12,21,6,44,0,5,130,0,135,5,17,151,6,179,70,0,70,249
04/04/2020,BFL,CA,AWP,WE,Combined TRACON& Tower with Radar,7,5,5,0,17,0,6,88,1,95,7,11,93,1,112,68,0,68,180
04/05/2020,BFL,CA,AWP,WE,Combined TRACON& Tower with Radar,6,0,10,3,19,0,1,78,1,80,6,1,88,4,99,33,0,33,132
04/06/2020,BFL,CA,AWP,WE,Combined TRACON& Tower with Radar,11,4,12,6,33,0,0,47,0,47,11,4,59,6,80,64,0,64,144
04/07/2020,BFL,CA,AWP,WE,Combined TRACON& Tower with Radar,3,8,27,0,38,0,2,87,0,89,3,10,114,0,127,70,0,70,197
04/08/2020,BFL,CA,AWP,WE,Combined TRACON& Tower with Radar,6,11,11,4,32,0,4,22,0,26,6,15,33,4,58,6,0,6,64
04/09/2020,BFL,CA,AWP,WE,Combined TRACON& Tower with Radar,4,8,15,0,27,0,7,74,0,81,4,15,89,0,108,40,0,40,148
04/10/2020,BFL,CA,AWP,WE,Combined TRACON& Tower with Radar,5,9,20,0,34,0,9,112,0,121,5,18,132,0,155,46,0,46,201
04/11/2020,BFL,CA,AWP,WE,Combined TRACON& Tower with Radar,1,5,5,0,11,0,6,104,0,110,1,11,109,0,121,70,0,70,191
04/12/2020,BFL,CA,AWP,WE,Combined TRACON& Tower with Radar,4,0,7,0,11,0,13,85,0,98,4,13,92,0,109,42,0,42,151
04/13/2020,BFL,CA,AWP,WE,Combined TRACON& Tower with Radar,3,6,25,4,38,0,3,75,1,79,3,9,100,5,117,46,0,46,163
04/14/2020,BFL,CA,AWP,WE,Combined TRACON& Tower with Radar,4,13,12,9,38,3,6,166,2,177,7,19,178,11,215,52,0,52,267
04/15/2020,BFL,CA,AWP,WE,Combined TRACON& Tower with Radar,3,11,24,0,38,0,4,150,4,158,3,15,174,4,196,66,8,74,270
04/16/2020,BFL,CA,AWP,WE,Combined TRACON& Tower with Radar,3,9,19,0,31,0,3,144,0,147,3,12,163,0,178,84,0,84,262
04/17/2020,BFL,CA,AWP,WE,Combined TRACON& Tower with Radar,3,10,10,2,25,0,3,56,0,59,3,13,66,2,84,50,0,50,134
04/18/2020,BFL,CA,AWP,WE,Combined TRACON& Tower with Radar,1,10,25,0,36,0,0,36,0,36,1,10,61,0,72,29,0,29,101
04/19/2020,BFL,CA,AWP,WE,Combined TRACON& Tower with Radar,3,1,22,0,26,0,0,60,0,60,3,1,82,0,86,40,0,40,126
04/20/2020,BFL,CA,AWP,WE,Combined TRACON& Tower with Radar,2,4,18,8,32,0,16,84,0,100,2,20,102,8,132,53,6,59,191
04/21/2020,BFL,CA,AWP,WE,Combined TRACON& Tower with Radar,4,11,9,3,27,0,3,99,13,115,4,14,108,16,142,64,12,76,218
04/22/2020,BFL,CA,AWP,WE,Combined TRACON& Tower with Radar,3,9,9,8,29,0,13,108,0,121,3,22,117,8,150,26,6,32,182
04/23/2020,BFL,CA,AWP,WE,Combined TRACON& Tower with Radar,3,10,13,12,38,0,10,129,2,141,3,20,142,14,179,98,10,108,287
04/24/2020,BFL,CA,AWP,WE,Combined TRACON& Tower with Radar,2,10,11,1,24,0,21,161,1,183,2,31,172,2,207,132,0,132,339
04/25/2020,BFL,CA,AWP,WE,Combined TRACON& Tower with Radar,1,8,11,0,20,0,12,110,0,122,1,20,121,0,142,106,0,106,248
04/26/2020,BFL,CA,AWP,WE,Combined TRACON& Tower with Radar,3,1,6,0,10,2,17,122,0,141,5,18,128,0,151,100,0,100,251
04/27/2020,BFL,CA,AWP,WE,Combined TRACON& Tower with Radar,2,4,4,2,12,0,0,121,2,123,2,4,125,4,135,90,0,90,225
04/28/2020,BFL,CA,AWP,WE,Combined TRACON& Tower with Radar,2,9,12,0,23,0,11,116,0,127,2,20,128,0,150,36,0,36,186
04/29/2020,BFL,CA,AWP,WE,Combined TRACON& Tower with Radar,3,9,9,4,25,0,12,113,2,127,3,21,122,6,152,30,6,36,188
04/30/2020,BFL,CA,AWP,WE,Combined TRACON& Tower with Radar,4,13,9,4,30,0,6,105,5,116,4,19,114,9,146,24,0,24,170
05/01/2020,BFL,CA,AWP,WE,Combined TRACON& Tower with Radar,3,13,28,2,46,2,12,145,1,160,5,25,173,3,206,90,0,90,296
05/02/2020,BFL,CA,AWP,WE,Combined TRACON& Tower with Radar,2,6,23,6,37,0,4,82,1,87,2,10,105,7,124,72,0,72,196
05/03/2020,BFL,CA,AWP,WE,Combined TRACON& Tower with Radar,3,1,17,2,23,0,1,74,0,75,3,2,91,2,98,50,0,50,148
05/04/2020,BFL,CA,AWP,WE,Combined TRACON& Tower with Radar,4,8,8,0,20,0,1,112,12,125,4,9,120,12,145,24,0,24,169
05/05/2020,BFL,CA,AWP,WE,Combined TRACON& Tower with Radar,1,10,17,2,30,0,4,85,0,89,1,14,102,2,119,36,0,36,155
05/06/2020,BFL,CA,AWP,WE,Combined TRACON& Tower with Radar,2,12,7,0,21,0,3,96,0,99,2,15,103,0,120,56,0,56,176
05/07/2020,BFL,CA,AWP,WE,Combined TRACON& Tower with Radar,3,10,17,0,30,0,7,96,10,113,3,17,113,10,143,126,0,126,269
05/08/2020,BFL,CA,AWP,WE,Combined TRACON& Tower with Radar,3,12,20,2,37,0,8,104,0,112,3,20,124,2,149,66,0,66,215
05/09/2020,BFL,CA,AWP,WE,Combined TRACON& Tower with Radar,1,10,21,0,32,1,5,88,2,96,2,15,109,2,128,18,0,18,146
05/10/2020,BFL,CA,AWP,WE,Combined TRACON& Tower with Radar,3,2,6,0,11,0,5,72,0,77,3,7,78,0,88,20,0,20,108
05/11/2020,BFL,CA,AWP,WE,Combined TRACON& Tower with Radar,3,6,13,0,22,0,11,101,1,113,3,17,114,1,135,104,0,104,239
05/12/2020,BFL,CA,AWP,WE,Combined TRACON& Tower with Radar,1,15,36,3,55,0,8,99,0,107,1,23,135,3,162,84,4,88,250
05/13/2020,BFL,CA,AWP,WE,Combined TRACON& Tower with Radar,3,10,11,0,24,0,24,128,0,152,3,34,139,0,176,64,0,64,240
05/14/2020,BFL,CA,AWP,WE,Combined TRACON& Tower with Radar,3,15,22,0,40,0,9,150,2,161,3,24,172,2,201,114,0,114,315
05/15/2020,BFL,CA,AWP,WE,Combined TRACON& Tower with Radar,3,10,30,7,50,0,9,143,15,167,3,19,173,22,217,132,0,132,349
05/16/2020,BFL,CA,AWP,WE,Combined TRACON& Tower with Radar,1,6,22,0,29,0,3,149,0,152,1,9,171,0,181,129,0,129,310
05/17/2020,BFL,CA,AWP,WE,Combined TRACON& Tower with Radar,3,5,13,0,21,0,7,133,0,140,3,12,146,0,161,170,0,170,331
05/18/2020,BFL,CA,AWP,WE,Combined TRACON& Tower with Radar,3,8,15,4,30,0,0,62,6,68,3,8,77,10,98,56,0,56,154
05/19/2020,BFL,CA,AWP,WE,Combined TRACON& Tower with Radar,1,15,29,2,47,0,6,117,0,123,1,21,146,2,170,108,0,108,278
05/20/2020,BFL,CA,AWP,WE,Combined TRACON& Tower with Radar,3,14,39,0,56,0,2,115,0,117,3,16,154,0,173,63,0,63,236
05/21/2020,BFL,CA,AWP,WE,Combined TRACON& Tower with Radar,3,12,29,2,46,0,8,132,2,142,3,20,161,4,188,101,0,101,289
05/22/2020,BFL,CA,AWP,WE,Combined TRACON& Tower with Radar,3,14,15,0,32,0,1,108,0,109,3,15,123,0,141,46,0,46,187
05/23/2020,BFL,CA,AWP,WE,Combined TRACON& Tower with Radar,1,9,6,0,16,0,11,126,0,137,1,20,132,0,153,98,0,98,251
05/24/2020,BFL,CA,AWP,WE,Combined TRACON& Tower with Radar,3,2,12,0,17,0,4,93,0,97,3,6,105,0,114,88,0,88,202
05/25/2020,BFL,CA,AWP,WE,Combined TRACON& Tower with Radar,3,6,9,0,18,0,5,82,0,87,3,11,91,0,105,44,0,44,149
05/26/2020,BFL,CA,AWP,WE,Combined TRACON& Tower with Radar,3,7,31,0,41,0,2,138,0,140,3,9,169,0,181,78,0,78,259
05/27/2020,BFL,CA,AWP,WE,Combined TRACON& Tower with Radar,3,9,11,0,23,0,13,141,0,154,3,22,152,0,177,40,0,40,217
05/28/2020,BFL,CA,AWP,WE,Combined TRACON& Tower with Radar,3,12,17,2,34,0,10,106,0,116,3,22,123,2,150,120,2,122,272
05/29/2020,BFL,CA,AWP,WE,Combined TRACON& Tower with Radar,2,12,23,0,37,0,7,137,0,144,2,19,160,0,181,62,0,62,243
05/30/2020,BFL,CA,AWP,WE,Combined TRACON& Tower with Radar,2,8,6,0,16,0,8,103,0,111,2,16,109,0,127,150,0,150,277
05/31/2020,BFL,CA,AWP,WE,Combined TRACON& Tower with Radar,3,2,26,0,31,0,8,139,0,147,3,10,165,0,178,116,0,116,294
06/01/2020,BFL,CA,AWP,WE,Combined TRACON& Tower with Radar,3,8,10,0,21,0,7,113,0,120,3,15,123,0,141,98,0,98,239
06/02/2020,BFL,CA,AWP,WE,Combined TRACON& Tower with Radar,1,15,28,0,44,0,3,137,0,140,1,18,165,0,184,71,0,71,255
06/03/2020,BFL,CA,AWP,WE,Combined TRACON& Tower with Radar,3,10,7,4,24,0,2,122,0,124,3,12,129,4,148,117,0,117,265
06/04/2020,BFL,CA,AWP,WE,Combined TRACON& Tower with Radar,3,8,17,0,28,0,5,128,0,133,3,13,145,0,161,58,0,58,219
06/05/2020,BFL,CA,AWP,WE,Combined TRACON& Tower with Radar,3,11,27,0,41,0,2,95,0,97,3,13,122,0,138,83,0,83,221
06/06/2020,BFL,CA,AWP,WE,Combined TRACON& Tower with Radar,3,11,15,0,29,0,4,101,0,105,3,15,116,0,134,84,0,84,218
06/07/2020,BFL,CA,AWP,WE,Combined TRACON& Tower with Radar,3,0,11,0,14,0,2,108,0,110,3,2,119,0,124,104,0,104,228
06/08/2020,BFL,CA,AWP,WE,Combined TRACON& Tower with Radar,3,10,10,0,23,0,4,174,0,178,3,14,184,0,201,114,0,114,315
06/09/2020,BFL,CA,AWP,WE,Combined TRACON& Tower with Radar,3,10,17,0,30,0,11,178,0,189,3,21,195,0,219,128,0,128,347
06/10/2020,BFL,CA,AWP,WE,Combined TRACON& Tower with Radar,3,13,18,0,34,0,5,183,0,188,3,18,201,0,222,106,0,106,328
06/11/2020,BFL,CA,AWP,WE,Combined TRACON& Tower with Radar,4,10,17,0,31,0,6,190,0,196,4,16,207,0,227,150,0,150,377
06/12/2020,BFL,CA,AWP,WE,Combined TRACON& Tower with Radar,3,11,14,0,28,0,5,145,0,150,3,16,159,0,178,144,0,144,322
06/13/2020,BFL,CA,AWP,WE,Combined TRACON& Tower with Radar,3,9,18,0,30,4,11,139,1,155,7,20,157,1,185,98,0,98,283
06/14/2020,BFL,CA,AWP,WE,Combined TRACON& Tower with Radar,3,2,17,0,22,0,4,110,0,114,3,6,127,0,136,108,0,108,244
06/15/2020,BFL,CA,AWP,WE,Combined TRACON& Tower with Radar,3,6,22,6,37,0,9,143,0,152,3,15,165,6,189,94,6,100,289
06/16/2020,BFL,CA,AWP,WE,Combined TRACON& Tower with Radar,3,13,20,6,42,0,10,168,0,178,3,23,188,6,220,92,4,96,316
06/17/2020,BFL,CA,AWP,WE,Combined TRACON& Tower with Radar,3,18,20,13,54,0,2,137,1,140,3,20,157,14,194,96,0,96,290
06/18/2020,BFL,CA,AWP,WE,Combined TRACON& Tower with Radar,3,16,19,0,38,0,4,115,0,119,3,20,134,0,157,79,0,79,236
06/19/2020,BFL,CA,AWP,WE,Combined TRACON& Tower with Radar,3,10,32,8,53,0,11,152,0,163,3,21,184,8,216,100,0,100,316
06/20/2020,BFL,CA,AWP,WE,Combined TRACON& Tower with Radar,3,9,17,4,33,0,1,147,0,148,3,10,164,4,181,65,0,65,246
06/21/2020,BFL,CA,AWP,WE,Combined TRACON& Tower with Radar,3,2,20,0,25,0,2,103,0,105,3,4,123,0,130,78,0,78,208
06/22/2020,BFL,CA,AWP,WE,Combined TRACON& Tower with Radar,3,7,23,0,33,0,20,146,0,166,3,27,169,0,199,74,0,74,273
06/23/2020,BFL,CA,AWP,WE,Combined TRACON& Tower with Radar,3,13,34,0,50,0,12,166,0,178,3,25,200,0,228,134,0,134,362
06/24/2020,BFL,CA,AWP,WE,Combined TRACON& Tower with Radar,4,16,27,0,47,0,16,202,0,218,4,32,229,0,265,184,0,184,449
06/25/2020,BFL,CA,AWP,WE,Combined TRACON& Tower with Radar,4,14,32,4,54,0,5,162,0,167,4,19,194,4,221,64,6,70,291
06/26/2020,BFL,CA,AWP,WE,Combined TRACON& Tower with Radar,3,7,22,11,43,0,12,180,6,198,3,19,202,17,241,132,0,132,373
06/27/2020,BFL,CA,AWP,WE,Combined TRACON& Tower with Radar,3,6,16,0,25,0,11,101,0,112,3,17,117,0,137,30,0,30,167
06/28/2020,BFL,CA,AWP,WE,Combined TRACON& Tower with Radar,5,2,19,0,26,0,9,103,0,112,5,11,122,0,138,81,0,81,219
06/29/2020,BFL,CA,AWP,WE,Combined TRACON& Tower with Radar,3,9,22,0,34,0,12,168,0,180,3,21,190,0,214,112,0,112,326
06/30/2020,BFL,CA,AWP,WE,Combined TRACON& Tower with Radar,4,13,36,0,53,0,16,174,0,190,4,29,210,0,243,108,0,108,351
07/01/2020,BFL,CA,AWP,WE,Combined TRACON& Tower with Radar,3,13,21,0,37,0,2,165,0,167,3,15,186,0,204,104,0,104,308
07/02/2020,BFL,CA,AWP,WE,Combined TRACON& Tower with Radar,5,12,16,0,33,0,32,166,0,198,5,44,182,0,231,174,0,174,405
07/03/2020,BFL,CA,AWP,WE,Combined TRACON& Tower with Radar,4,13,14,0,31,0,9,168,0,177,4,22,182,0,208,58,0,58,266
07/04/2020,BFL,CA,AWP,WE,Combined TRACON& Tower with Radar,3,4,8,0,15,0,7,62,0,69,3,11,70,0,84,24,0,24,108
07/05/2020,BFL,CA,AWP,WE,Combined TRACON& Tower with Radar,4,1,12,0,17,0,2,84,0,86,4,3,96,0,103,6,0,6,109
07/06/2020,BFL,CA,AWP,WE,Combined TRACON& Tower with Radar,4,7,21,3,35,0,4,137,1,142,4,11,158,4,177,139,0,139,316
07/07/2020,BFL,CA,AWP,WE,Combined TRACON& Tower with Radar,7,11,26,0,44,0,11,181,4,196,7,22,207,4,240,100,0,100,340
07/08/2020,BFL,CA,AWP,WE,Combined TRACON& Tower with Radar,8,15,20,0,43,0,5,191,4,200,8,20,211,4,243,126,0,126,369
07/09/2020,BFL,CA,AWP,WE,Combined TRACON& Tower with Radar,8,12,26,0,46,0,10,176,0,186,8,22,202,0,232,35,0,35,267
07/10/2020,BFL,CA,AWP,WE,Combined TRACON& Tower with Radar,8,10,31,0,49,0,5,156,2,163,8,15,187,2,212,80,0,80,292
07/11/2020,BFL,CA,AWP,WE,Combined TRACON& Tower with Radar,8,6,1,0,15,0,5,98,0,103,8,11,99,0,118,74,0,74,192
07/12/2020,BFL,CA,AWP,WE,Combined TRACON& Tower with Radar,8,3,18,0,29,0,3,110,0,113,8,6,128,0,142,32,0,32,174
07/13/2020,BFL,CA,AWP,WE,Combined TRACON& Tower with Radar,8,7,23,0,38,0,8,132,0,140,8,15,155,0,178,81,0,81,259
07/14/2020,BFL,CA,AWP,WE,Combined TRACON& Tower with Radar,8,17,26,0,51,0,11,149,8,168,8,28,175,8,219,122,0,122,341
07/15/2020,BFL,CA,AWP,WE,Combined TRACON& Tower with Radar,8,14,32,0,54,0,8,185,0,193,8,22,217,0,247,160,0,160,407
07/16/2020,BFL,CA,AWP,WE,Combined TRACON& Tower with Radar,8,17,33,0,58,0,5,207,0,212,8,22,240,0,270,168,0,168,438
07/17/2020,BFL,CA,AWP,WE,Combined TRACON& Tower with Radar,8,16,22,0,46,0,5,172,0,177,8,21,194,0,223,176,0,176,399
07/18/2020,BFL,CA,AWP,WE,Combined TRACON& Tower with Radar,8,9,14,0,31,0,5,99,0,104,8,14,113,0,135,50,0,50,185
07/19/2020,BFL,CA,AWP,WE,Combined TRACON& Tower with Radar,8,3,12,0,23,0,6,107,0,113,8,9,119,0,136,64,0,64,200
07/20/2020,BFL,CA,AWP,WE,Combined TRACON& Tower with Radar,7,8,16,0,31,0,3,148,0,151,7,11,164,0,182,199,0,199,381
07/21/2020,BFL,CA,AWP,WE,Combined TRACON& Tower with Radar,8,13,22,1,44,0,4,147,1,152,8,17,169,2,196,134,0,134,330
07/22/2020,BFL,CA,AWP,WE,Combined TRACON& Tower with Radar,8,14,23,0,45,0,13,179,0,192,8,27,202,0,237,98,0,98,335
07/23/2020,BFL,CA,AWP,WE,Combined TRACON& Tower with Radar,8,16,39,0,63,0,13,203,0,216,8,29,242,0,279,166,0,166,445
07/24/2020,BFL,CA,AWP,WE,Combined TRACON& Tower with Radar,8,12,29,0,49,0,19,191,1,211,8,31,220,1,260,194,0,194,454
07/25/2020,BFL,CA,AWP,WE,Combined TRACON& Tower with Radar,8,6,18,0,32,0,4,97,0,101,8,10,115,0,133,66,0,66,199
07/26/2020,BFL,CA,AWP,WE,Combined TRACON& Tower with Radar,8,5,8,0,21,0,9,108,0,117,8,14,116,0,138,138,0,138,276
07/27/2020,BFL,CA,AWP,WE,Combined TRACON& Tower with Radar,8,13,17,2,40,0,2,175,0,177,8,15,192,2,217,194,0,194,411
07/28/2020,BFL,CA,AWP,WE,Combined TRACON& Tower with Radar,8,12,23,2,45,0,9,167,2,178,8,21,190,4,223,82,0,82,305
07/29/2020,BFL,CA,AWP,WE,Combined TRACON& Tower with Radar,8,15,42,0,65,0,12,193,2,207,8,27,235,2,272,100,0,100,372
07/30/2020,BFL,CA,AWP,WE,Combined TRACON& Tower with Radar,8,12,28,0,48,0,7,162,9,178,8,19,190,9,226,114,0,114,340
07/31/2020,BFL,CA,AWP,WE,Combined TRACON& Tower with Radar,8,15,24,2,49,0,4,126,16,146,8,19,150,18,195,76,0,76,271
08/01/2020,BFL,CA,AWP,WE,Combined TRACON& Tower with Radar,8,11,15,0,34,0,21,116,3,140,8,32,131,3,174,54,0,54,228
08/02/2020,BFL,CA,AWP,WE,Combined TRACON& Tower with Radar,8,5,22,0,35,0,6,117,0,123,8,11,139,0,158,12,0,12,170
08/03/2020,BFL,CA,AWP,WE,Combined TRACON& Tower with Radar,8,12,20,0,40,0,7,191,0,198,8,19,211,0,238,34,0,34,272
08/04/2020,BFL,CA,AWP,WE,Combined TRACON& Tower with Radar,8,19,17,0,44,0,19,182,1,202,8,38,199,1,246,89,0,89,335
08/05/2020,BFL,CA,AWP,WE,Combined TRACON& Tower with Radar,8,20,18,0,46,0,9,182,0,191,8,29,200,0,237,144,0,144,381
08/06/2020,BFL,CA,AWP,WE,Combined TRACON& Tower with Radar,8,15,29,10,62,0,3,160,10,173,8,18,189,20,235,62,32,94,329
08/07/2020,BFL,CA,AWP,WE,Combined TRACON& Tower with Radar,8,15,20,0,43,0,6,154,0,160,8,21,174,0,203,156,0,156,359
08/08/2020,BFL,CA,AWP,WE,Combined TRACON& Tower with Radar,8,8,11,0,27,0,4,100,0,104,8,12,111,0,131,22,0,22,153
08/09/2020,BFL,CA,AWP,WE,Combined TRACON& Tower with Radar,8,4,20,0,32,0,4,98,0,102,8,8,118,0,134,44,0,44,178
08/10/2020,BFL,CA,AWP,WE,Combined TRACON& Tower with Radar,8,12,16,3,39,0,4,136,35,175,8,16,152,38,214,118,10,128,342
08/11/2020,BFL,CA,AWP,WE,Combined TRACON& Tower with Radar,8,16,20,0,44,0,5,187,6,198,8,21,207,6,242,92,0,92,334
08/12/2020,BFL,CA,AWP,WE,Combined TRACON& Tower with Radar,8,16,26,0,50,0,12,159,23,194,8,28,185,23,244,119,0,119,363
08/13/2020,BFL,CA,AWP,WE,Combined TRACON& Tower with Radar,8,12,23,2,45,0,9,189,3,201,8,21,212,5,246,108,0,108,354
08/14/2020,BFL,CA,AWP,WE,Combined TRACON& Tower with Radar,8,12,23,0,43,0,10,147,6,163,8,22,170,6,206,38,0,38,244
08/15/2020,BFL,CA,AWP,WE,Combined TRACON& Tower with Radar,8,8,15,0,31,0,6,92,0,98,8,14,107,0,129,56,0,56,185
08/16/2020,BFL,CA,AWP,WE,Combined TRACON& Tower with Radar,7,7,16,0,30,0,5,65,0,70,7,12,81,0,100,42,0,42,142
08/17/2020,BFL,CA,AWP,WE,Combined TRACON& Tower with Radar,8,11,28,2,49,0,4,133,4,141,8,15,161,6,190,104,0,104,294
08/18/2020,BFL,CA,AWP,WE,Combined TRACON& Tower with Radar,6,12,17,3,38,0,4,134,20,158,6,16,151,23,196,100,0,100,296
08/19/2020,BFL,CA,AWP,WE,Combined TRACON& Tower with Radar,6,10,27,0,43,0,14,135,4,153,6,24,162,4,196,96,0,96,292
08/20/2020,BFL,CA,AWP,WE,Combined TRACON& Tower with Radar,6,15,44,0,65,0,2,78,16,96,6,17,122,16,161,122,0,122,283
08/21/2020,BFL,CA,AWP,WE,Combined TRACON& Tower with Radar,6,16,55,8,85,0,3,6,2,11,6,19,61,10,96,0,0,0,96
08/22/2020,BFL,CA,AWP,WE,Combined TRACON& Tower with Radar,6,7,29,0,42,0,0,5,0,5,6,7,34,0,47,0,0,0,47
08/23/2020,BFL,CA,AWP,WE,Combined TRACON& Tower with Radar,6,4,23,0,33,0,0,6,0,6,6,4,29,0,39,0,0,0,39
08/24/2020,BFL,CA,AWP,WE,Combined TRACON& Tower with Radar,6,7,17,0,30,0,3,102,0,105,6,10,119,0,135,44,0,44,179
08/25/2020,BFL,CA,AWP,WE,Combined TRACON& Tower with Radar,6,17,21,0,44,0,12,133,0,145,6,29,154,0,189,118,0,118,307
08/26/2020,BFL,CA,AWP,WE,Combined TRACON& Tower with Radar,8,15,26,3,52,0,6,148,29,183,8,21,174,32,235,48,0,48,283
08/27/2020,BFL,CA,AWP,WE,Combined TRACON& Tower with Radar,6,11,30,0,47,0,17,170,0,187,6,28,200,0,234,42,0,42,276
08/28/2020,BFL,CA,AWP,WE,Combined TRACON& Tower with Radar,6,13,29,0,48,0,1,138,3,142,6,14,167,3,190,38,0,38,228
08/29/2020,BFL,CA,AWP,WE,Combined TRACON& Tower with Radar,6,7,12,0,25,0,3,130,0,133,6,10,142,0,158,66,0,66,224
08/30/2020,BFL,CA,AWP,WE,Combined TRACON& Tower with Radar,6,10,14,0,30,0,3,101,0,104,6,13,115,0,134,38,0,38,172
08/31/2020,BFL,CA,AWP,WE,Combined TRACON& Tower with Radar,6,9,37,4,56,0,5,139,2,146,6,14,176,6,202,102,0,102,304
09/01/2020,BFL,CA,AWP,WE,Combined TRACON& Tower with Radar,5,13,22,4,44,0,5,123,0,128,5,18,145,4,172,134,0,134,306
09/02/2020,BFL,CA,AWP,WE,Combined TRACON& Tower with Radar,6,16,30,2,54,0,13,164,0,177,6,29,194,2,231,132,0,132,363
09/03/2020,BFL,CA,AWP,WE,Combined TRACON& Tower with Radar,6,15,32,4,57,0,6,147,0,153,6,21,179,4,210,114,0,114,324
09/04/2020,BFL,CA,AWP,WE,Combined TRACON& Tower with Radar,6,13,23,0,42,0,8,133,9,150,6,21,156,9,192,76,0,76,268
09/05/2020,BFL,CA,AWP,WE,Combined TRACON& Tower with Radar,5,6,13,0,24,0,2,82,0,84,5,8,95,0,108,66,0,66,174
09/06/2020,BFL,CA,AWP,WE,Combined TRACON& Tower with Radar,4,3,10,0,17,0,4,102,0,106,4,7,112,0,123,128,0,128,251
09/07/2020,BFL,CA,AWP,WE,Combined TRACON& Tower with Radar,5,5,25,0,35,0,3,114,0,117,5,8,139,0,152,116,0,116,268
09/08/2020,BFL,CA,AWP,WE,Combined TRACON& Tower with Radar,6,13,23,3,45,0,1,106,6,113,6,14,129,9,158,122,8,130,288
09/09/2020,BFL,CA,AWP,WE,Combined TRACON& Tower with Radar,6,26,34,0,66,0,5,116,20,141,6,31,150,20,207,80,8,88,295
09/10/2020,BFL,CA,AWP,WE,Combined TRACON& Tower with Radar,6,14,28,10,58,0,11,137,34,182,6,25,165,44,240,144,0,144,384
09/11/2020,BFL,CA,AWP,WE,Combined TRACON& Tower with Radar,6,17,30,6,59,0,8,125,18,151,6,25,155,24,210,100,0,100,310
09/12/2020,BFL,CA,AWP,WE,Combined TRACON& Tower with Radar,6,11,25,1,43,0,1,79,0,80,6,12,104,1,123,84,0,84,207
09/13/2020,BFL,CA,AWP,WE,Combined TRACON& Tower with Radar,6,6,20,0,32,0,0,79,0,79,6,6,99,0,111,58,0,58,169
09/14/2020,BFL,CA,AWP,WE,Combined TRACON& Tower with Radar,6,9,43,1,59,0,4,32,1,37,6,13,75,2,96,44,0,44,140
09/15/2020,BFL,CA,AWP,WE,Combined TRACON& Tower with Radar,6,20,68,9,103,0,1,31,0,32,6,21,99,9,135,0,0,0,135
09/16/2020,BFL,CA,AWP,WE,Combined TRACON& Tower with Radar,6,23,56,1,86,0,0,28,1,29,6,23,84,2,115,0,0,0,115
09/17/2020,BFL,CA,AWP,WE,Combined TRACON& Tower with Radar,6,27,57,1,91,0,2,80,1,83,6,29,137,2,174,40,0,40,214
09/18/2020,BFL,CA,AWP,WE,Combined TRACON& Tower with Radar,6,13,32,0,51,0,2,161,0,163,6,15,193,0,214,96,0,96,310
09/19/2020,BFL,CA,AWP,WE,Combined TRACON& Tower with Radar,6,9,26,0,41,0,3,188,3,194,6,12,214,3,235,146,0,146,381
09/20/2020,BFL,CA,AWP,WE,Combined TRACON& Tower with Radar,6,3,10,0,19,0,8,140,0,148,6,11,150,0,167,111,0,111,278
09/21/2020,BFL,CA,AWP,WE,Combined TRACON& Tower with Radar,6,14,27,0,47,0,10,167,0,177,6,24,194,0,224,216,0,216,440
09/22/2020,BFL,CA,AWP,WE,Combined TRACON& Tower with Radar,6,24,43,0,73,0,6,171,0,177,6,30,214,0,250,143,0,143,393
09/23/2020,BFL,CA,AWP,WE,Combined TRACON& Tower with Radar,6,18,20,2,46,0,5,214,0,219,6,23,234,2,265,250,0,250,515
09/24/2020,BFL,CA,AWP,WE,Combined TRACON& Tower with Radar,6,14,31,6,57,0,5,211,0,216,6,19,242,6,273,224,0,224,497
09/25/2020,BFL,CA,AWP,WE,Combined TRACON& Tower with Radar,6,14,39,2,61,0,0,170,0,170,6,14,209,2,231,126,0,126,357
09/26/2020,BFL,CA,AWP,WE,Combined TRACON& Tower with Radar,6,11,12,0,29,0,4,176,0,180,6,15,188,0,209,108,0,108,317
09/27/2020,BFL,CA,AWP,WE,Combined TRACON& Tower with Radar,6,4,29,0,39,0,2,138,0,140,6,6,167,0,179,152,0,152,331
09/28/2020,BFL,CA,AWP,WE,Combined TRACON& Tower with Radar,6,11,22,6,45,0,4,155,4,163,6,15,177,10,208,92,0,92,300
09/29/2020,BFL,CA,AWP,WE,Combined TRACON& Tower with Radar,6,15,28,0,49,0,1,183,3,187,6,16,211,3,236,192,0,192,428
09/30/2020,BFL,CA,AWP,WE,Combined TRACON& Tower with Radar,6,11,18,0,35,0,10,158,4,172,6,21,176,4,207,238,0,238,445
10/01/2020,BFL,CA,AWP,WE,Combined TRACON& Tower with Radar,7,12,23,6,48,0,6,178,0,184,7,18,201,6,232,102,0,102,334
10/02/2020,BFL,CA,AWP,WE,Combined TRACON& Tower with Radar,8,10,30,4,52,0,3,127,4,134,8,13,157,8,186,107,0,107,293
10/03/2020,BFL,CA,AWP,WE,Combined TRACON& Tower with Radar,8,5,27,0,40,0,2,40,0,42,8,7,67,0,82,50,0,50,132
10/04/2020,BFL,CA,AWP,WE,Combined TRACON& Tower with Radar,8,2,32,0,42,0,13,37,0,50,8,15,69,0,92,78,0,78,170
10/05/2020,BFL,CA,AWP,WE,Combined TRACON& Tower with Radar,8,13,40,3,64,0,3,59,1,63,8,16,99,4,127,28,0,28,155
10/06/2020,BFL,CA,AWP,WE,Combined TRACON& Tower with Radar,7,18,31,0,56,0,1,132,14,147,7,19,163,14,203,64,0,64,267
10/07/2020,BFL,CA,AWP,WE,Combined TRACON& Tower with Radar,9,13,25,2,49,0,8,172,8,188,9,21,197,10,237,258,0,258,495
10/08/2020,BFL,CA,AWP,WE,Combined TRACON& Tower with Radar,10,15,32,6,63,0,47,203,8,258,10,62,235,14,321,192,0,192,513
10/09/2020,BFL,CA,AWP,WE,Combined TRACON& Tower with Radar,10,12,29,0,51,0,5,138,0,143,10,17,167,0,194,134,0,134,328
10/10/2020,BFL,CA,AWP,WE,Combined TRACON& Tower with Radar,8,8,11,0,27,0,6,130,3,139,8,14,141,3,166,117,0,117,283
10/11/2020,BFL,CA,AWP,WE,Combined TRACON& Tower with Radar,10,6,20,0,36,0,4,98,0,102,10,10,118,0,138,98,0,98,236
10/12/2020,BFL,CA,AWP,WE,Combined TRACON& Tower with Radar,10,8,23,1,42,0,13,141,12,166,10,21,164,13,208,130,0,130,338
10/13/2020,BFL,CA,AWP,WE,Combined TRACON& Tower with Radar,9,13,14,2,38,0,9,213,9,231,9,22,227,11,269,195,0,195,464
10/14/2020,BFL,CA,AWP,WE,Combined TRACON& Tower with Radar,9,13,28,0,50,0,12,147,15,174,9,25,175,15,224,129,0,129,353
10/15/2020,BFL,CA,AWP,WE,Combined TRACON& Tower with Radar,10,12,24,7,53,0,3,157,12,172,10,15,181,19,225,150,0,150,375
10/16/2020,BFL,CA,AWP,WE,Combined TRACON& Tower with Radar,10,11,17,0,38,0,5,138,0,143,10,16,155,0,181,130,0,130,311
10/17/2020,BFL,CA,AWP,WE,Combined TRACON& Tower with Radar,8,5,20,0,33,0,33,184,6,223,8,38,204,6,256,102,0,102,358
10/18/2020,BFL,CA,AWP,WE,Combined TRACON& Tower with Radar,10,2,17,4,33,0,5,203,0,208,10,7,220,4,241,88,0,88,329
10/19/2020,BFL,CA,AWP,WE,Combined TRACON& Tower with Radar,10,9,21,3,43,0,0,168,10,178,10,9,189,13,221,202,0,202,423
10/20/2020,BFL,CA,AWP,WE,Combined TRACON& Tower with Radar,9,14,26,0,49,0,6,194,0,200,9,20,220,0,249,163,0,163,412
10/21/2020,BFL,CA,AWP,WE,Combined TRACON& Tower with Radar,9,15,23,1,48,0,13,183,3,199,9,28,206,4,247,214,0,214,461
10/22/2020,BFL,CA,AWP,WE,Combined TRACON& Tower with Radar,10,12,40,0,62,0,5,141,3,149,10,17,181,3,211,168,0,168,379
10/23/2020,BFL,CA,AWP,WE,Combined TRACON& Tower with Radar,10,11,23,9,53,0,10,188,6,204,10,21,211,15,257,154,0,154,411
10/24/2020,BFL,CA,AWP,WE,Combined TRACON& Tower with Radar,8,5,16,0,29,0,4,105,1,110,8,9,121,1,139,112,0,112,251
10/25/2020,BFL,CA,AWP,WE,Combined TRACON& Tower with Radar,10,2,37,4,53,0,0,69,10,79,10,2,106,14,132,82,0,82,214
10/26/2020,BFL,CA,AWP,WE,Combined TRACON& Tower with Radar,10,5,22,0,37,2,0,119,6,127,12,5,141,6,164,194,0,194,358
10/27/2020,BFL,CA,AWP,WE,Combined TRACON& Tower with Radar,9,16,23,2,50,0,8,182,12,202,9,24,205,14,252,198,0,198,450
10/28/2020,BFL,CA,AWP,WE,Combined TRACON& Tower with Radar,11,11,30,5,57,0,7,239,5,251,11,18,269,10,308,246,0,246,554
10/29/2020,BFL,CA,AWP,WE,Combined TRACON& Tower with Radar,10,12,27,0,49,0,4,216,0,220,10,16,243,0,269,158,0,158,427
10/30/2020,BFL,CA,AWP,WE,Combined TRACON& Tower with Radar,10,11,27,0,48,0,4,190,1,195,10,15,217,1,243,154,0,154,397
10/31/2020,BFL,CA,AWP,WE,Combined TRACON& Tower with Radar,9,6,17,3,35,0,17,153,18,188,9,23,170,21,223,128,0,128,351
11/01/2020,BFL,CA,AWP,WE,Combined TRACON& Tower with Radar,10,2,12,0,24,0,4,110,0,114,10,6,122,0,138,140,0,140,278
11/02/2020,BFL,CA,AWP,WE,Combined TRACON& Tower with Radar,10,9,17,4,40,0,4,190,38,232,10,13,207,42,272,212,0,212,484
11/03/2020,BFL,CA,AWP,WE,Combined TRACON& Tower with Radar,9,14,32,0,55,0,7,169,17,193,9,21,201,17,248,172,0,172,420
11/04/2020,BFL,CA,AWP,WE,Combined TRACON& Tower with Radar,9,12,25,4,50,0,2,177,20,199,9,14,202,24,249,163,12,175,424
11/05/2020,BFL,CA,AWP,WE,Combined TRACON& Tower with Radar,12,13,35,0,60,0,12,172,0,184,12,25,207,0,244,117,0,117,361
11/06/2020,BFL,CA,AWP,WE,Combined TRACON& Tower with Radar,11,10,38,0,59,0,3,100,2,105,11,13,138,2,164,62,0,62,226
11/07/2020,BFL,CA,AWP,WE,Combined TRACON& Tower with Radar,10,5,37,1,53,0,0,21,1,22,10,5,58,2,75,2,0,2,77
11/08/2020,BFL,CA,AWP,WE,Combined TRACON& Tower with Radar,10,5,23,0,38,0,4,66,0,70,10,9,89,0,108,81,0,81,189
11/09/2020,BFL,CA,AWP,WE,Combined TRACON& Tower with Radar,10,7,14,5,36,0,16,130,0,146,10,23,144,5,182,110,0,110,292
11/10/2020,BFL,CA,AWP,WE,Combined TRACON& Tower with Radar,9,18,21,8,56,0,13,145,0,158,9,31,166,8,214,186,12,198,412
11/11/2020,BFL,CA,AWP,WE,Combined TRACON& Tower with Radar,9,19,21,0,49,0,10,200,1,211,9,29,221,1,260,194,0,194,454
11/12/2020,BFL,CA,AWP,WE,Combined TRACON& Tower with Radar,10,16,14,0,40,0,4,206,0,210,10,20,220,0,250,118,0,118,368
11/13/2020,BFL,CA,AWP,WE,Combined TRACON& Tower with Radar,10,13,23,13,59,0,7,199,2,208,10,20,222,15,267,148,0,148,415
11/14/2020,BFL,CA,AWP,WE,Combined TRACON& Tower with Radar,10,9,24,2,45,0,2,124,0,126,10,11,148,2,171,122,0,122,293
11/15/2020,BFL,CA,AWP,WE,Combined TRACON& Tower with Radar,10,4,34,0,48,0,2,90,0,92,10,6,124,0,140,70,0,70,210
11/16/2020,BFL,CA,AWP,WE,Combined TRACON& Tower with Radar,10,5,21,4,40,0,2,174,0,176,10,7,195,4,216,162,0,162,378
11/17/2020,BFL,CA,AWP,WE,Combined TRACON& Tower with Radar,9,16,28,0,53,0,4,163,1,168,9,20,191,1,221,279,0,279,500
11/18/2020,BFL,CA,AWP,WE,Combined TRACON& Tower with Radar,9,18,43,2,72,0,4,184,1,189,9,22,227,3,261,156,0,156,417
11/19/2020,BFL,CA,AWP,WE,Combined TRACON& Tower with Radar,10,9,46,0,65,0,2,142,1,145,10,11,188,1,210,82,0,82,292
11/20/2020,BFL,CA,AWP,WE,Combined TRACON& Tower with Radar,9,13,41,0,63,0,6,221,0,227,9,19,262,0,290,219,0,219,509
11/21/2020,BFL,CA,AWP,WE,Combined TRACON& Tower with Radar,10,7,9,0,26,0,10,158,0,168,10,17,167,0,194,128,0,128,322
11/22/2020,BFL,CA,AWP,WE,Combined TRACON& Tower with Radar,10,2,16,0,28,0,2,136,2,140,10,4,152,2,168,77,0,77,245
11/23/2020,BFL,CA,AWP,WE,Combined TRACON& Tower with Radar,10,5,28,0,43,0,0,130,0,130,10,5,158,0,173,62,0,62,235
11/24/2020,BFL,CA,AWP,WE,Combined TRACON& Tower with Radar,12,12,21,0,45,0,6,143,2,151,12,18,164,2,196,140,0,140,336
11/25/2020,BFL,CA,AWP,WE,Combined TRACON& Tower with Radar,12,15,17,4,48,0,5,122,0,127,12,20,139,4,175,144,0,144,319
11/26/2020,BFL,CA,AWP,WE,Combined TRACON& Tower with Radar,5,0,5,0,10,0,3,28,0,31,5,3,33,0,41,4,0,4,45
11/27/2020,BFL,CA,AWP,WE,Combined TRACON& Tower with Radar,9,10,6,0,25,0,3,62,0,65,9,13,68,0,90,16,0,16,106
11/28/2020,BFL,CA,AWP,WE,Combined TRACON& Tower with Radar,12,7,14,0,33,0,3,97,0,100,12,10,111,0,133,78,0,78,211
11/29/2020,BFL,CA,AWP,WE,Combined TRACON& Tower with Radar,12,2,15,0,29,0,1,105,0,106,12,3,120,0,135,92,0,92,227
11/30/2020,BFL,CA,AWP,WE,Combined TRACON& Tower with Radar,12,5,25,2,44,0,4,147,0,151,12,9,172,2,195,149,0,149,344
12/01/2020,BFL,CA,AWP,WE,Combined TRACON& Tower with Radar,11,11,19,0,41,0,10,144,4,158,11,21,163,4,199,156,0,156,355
12/02/2020,BFL,CA,AWP,WE,Combined TRACON& Tower with Radar,9,13,18,0,40,0,6,155,0,161,9,19,173,0,201,232,0,232,433
12/03/2020,BFL,CA,AWP,WE,Combined TRACON& Tower with Radar,10,14,13,0,37,0,4,122,0,126,10,18,135,0,163,98,0,98,261
12/04/2020,BFL,CA,AWP,WE,Combined TRACON& Tower with Radar,10,10,30,0,50,0,3,183,0,186,10,13,213,0,236,134,0,134,370
12/05/2020,BFL,CA,AWP,WE,Combined TRACON& Tower with Radar,12,5,16,0,33,1,7,131,0,139,13,12,147,0,172,102,0,102,274
12/06/2020,BFL,CA,AWP,WE,Combined TRACON& Tower with Radar,8,6,27,0,41,0,1,178,2,181,8,7,205,2,222,202,0,202,424
12/07/2020,BFL,CA,AWP,WE,Combined TRACON& Tower with Radar,9,7,21,0,37,0,4,129,0,133,9,11,150,0,170,264,0,264,434
12/08/2020,BFL,CA,AWP,WE,Combined TRACON& Tower with Radar,9,15,14,0,38,0,8,175,0,183,9,23,189,0,221,240,0,240,461
12/09/2020,BFL,CA,AWP,WE,Combined TRACON& Tower with Radar,9,18,22,0,49,0,5,173,0,178,9,23,195,0,227,156,0,156,383
12/10/2020,BFL,CA,AWP,WE,Combined TRACON& Tower with Radar,12,14,32,4,62,0,3,179,11,193,12,17,211,15,255,260,14,274,529
12/11/2020,BFL,CA,AWP,WE,Combined TRACON& Tower with Radar,10,10,22,0,42,0,4,192,2,198,10,14,214,2,240,140,0,140,380
12/12/2020,BFL,CA,AWP,WE,Combined TRACON& Tower with Radar,10,12,17,0,39,0,0,82,0,82,10,12,99,0,121,70,0,70,191
12/13/2020,BFL,CA,AWP,WE,Combined TRACON& Tower with Radar,8,3,26,0,37,0,1,131,0,132,8,4,157,0,169,100,0,100,269
12/14/2020,BFL,CA,AWP,WE,Combined TRACON& Tower with Radar,9,6,18,2,35,0,4,74,0,78,9,10,92,2,113,82,0,82,195
12/15/2020,BFL,CA,AWP,WE,Combined TRACON& Tower with Radar,9,14,20,10,53,0,2,137,1,140,9,16,157,11,193,136,0,136,329
12/16/2020,BFL,CA,AWP,WE,Combined TRACON& Tower with Radar,8,19,28,9,64,0,14,147,13,174,8,33,175,22,238,218,8,226,464
12/17/2020,BFL,CA,AWP,WE,Combined TRACON& Tower with Radar,7,15,31,5,58,0,4,85,1,90,7,19,116,6,148,22,20,42,190
12/18/2020,BFL,CA,AWP,WE,Combined TRACON& Tower with Radar,10,18,24,3,55,0,0,59,0,59,10,18,83,3,114,8,0,8,122
12/19/2020,BFL,CA,AWP,WE,Combined TRACON& Tower with Radar,8,8,17,0,33,0,15,62,0,77,8,23,79,0,110,28,0,28,138
12/20/2020,BFL,CA,AWP,WE,Combined TRACON& Tower with Radar,9,6,15,2,32,0,0,62,0,62,9,6,77,2,94,16,0,16,110
12/21/2020,BFL,CA,AWP,WE,Combined TRACON& Tower with Radar,8,6,23,2,39,0,5,68,1,74,8,11,91,3,113,20,0,20,133
12/22/2020,BFL,CA,AWP,WE,Combined TRACON& Tower with Radar,8,12,31,2,53,0,2,41,0,43,8,14,72,2,96,4,0,4,100
12/23/2020,BFL,CA,AWP,WE,Combined TRACON& Tower with Radar,9,12,19,2,42,0,6,47,0,53,9,18,66,2,95,2,0,2,97
12/24/2020,BFL,CA,AWP,WE,Combined TRACON& Tower with Radar,8,7,7,0,22,0,4,34,1,39,8,11,41,1,61,4,0,4,65
12/25/2020,BFL,CA,AWP,WE,Combined TRACON& Tower with Radar,4,2,9,0,15,0,0,19,0,19,4,2,28,0,34,6,0,6,40
12/26/2020,BFL,CA,AWP,WE,Combined TRACON& Tower with Radar,8,7,8,0,23,0,6,28,1,35,8,13,36,1,58,24,0,24,82
12/27/2020,BFL,CA,AWP,WE,Combined TRACON& Tower with Radar,8,8,15,0,31,0,0,29,0,29,8,8,44,0,60,8,0,8,68
12/28/2020,BFL,CA,AWP,WE,Combined TRACON& Tower with Radar,10,6,23,0,39,0,0,38,2,40,10,6,61,2,79,10,0,10,89
12/29/2020,BFL,CA,AWP,WE,Combined TRACON& Tower with Radar,8,14,15,0,37,0,4,39,0,43,8,18,54,0,80,30,0,30,110
12/30/2020,BFL,CA,AWP,WE,Combined TRACON& Tower with Radar,7,14,15,4,40,0,2,87,1,90,7,16,102,5,130,34,0,34,164
12/31/2020,BFL,CA,AWP,WE,Combined TRACON& Tower with Radar,6,11,28,0,45,0,0,3,0,3,6,11,31,0,48,0,0,0,48
01/01/2021,BFL,CA,AWP,WE,Combined TRACON& Tower with Radar,8,2,3,0,13,0,7,49,0,56,8,9,52,0,69,14,0,14,83
01/02/2021,BFL,CA,AWP,WE,Combined TRACON& Tower with Radar,8,10,14,0,32,0,4,45,0,49,8,14,59,0,81,8,0,8,89
01/03/2021,BFL,CA,AWP,WE,Combined TRACON& Tower with Radar,8,5,30,0,43,0,1,31,0,32,8,6,61,0,75,12,0,12,87
01/04/2021,BFL,CA,AWP,WE,Combined TRACON& Tower with Radar,8,5,15,2,30,0,2,53,0,55,8,7,68,2,85,38,0,38,123
01/05/2021,BFL,CA,AWP,WE,Combined TRACON& Tower with Radar,7,13,37,8,65,0,0,54,8,62,7,13,91,16,127,4,0,4,131
01/06/2021,BFL,CA,AWP,WE,Combined TRACON& Tower with Radar,10,15,11,0,36,0,1,92,0,93,10,16,103,0,129,118,0,118,247
01/07/2021,BFL,CA,AWP,WE,Combined TRACON& Tower with Radar,8,12,21,7,48,0,5,85,2,92,8,17,106,9,140,100,0,100,240
01/08/2021,BFL,CA,AWP,WE,Combined TRACON& Tower with Radar,8,9,24,0,41,0,4,57,0,61,8,13,81,0,102,34,0,34,136
01/09/2021,BFL,CA,AWP,WE,Combined TRACON& Tower with Radar,8,10,46,0,64,0,0,18,0,18,8,10,64,0,82,18,0,18,100
01/10/2021,BFL,CA,AWP,WE,Combined TRACON& Tower with Radar,10,8,18,0,36,0,0,79,0,79,10,8,97,0,115,76,0,76,191
01/11/2021,BFL,CA,AWP,WE,Combined TRACON& Tower with Radar,10,7,16,0,33,0,2,101,0,103,10,9,117,0,136,122,1,123,259
01/12/2021,BFL,CA,AWP,WE,Combined TRACON& Tower with Radar,8,16,27,3,54,0,3,156,3,162,8,19,183,6,216,122,0,122,338
01/13/2021,BFL,CA,AWP,WE,Combined TRACON& Tower with Radar,8,14,27,2,51,0,2,140,12,154,8,16,167,14,205,85,0,85,290
01/14/2021,BFL,CA,AWP,WE,Combined TRACON& Tower with Radar,8,13,10,5,36,0,18,131,13,162,8,31,141,18,198,146,0,146,344
01/15/2021,BFL,CA,AWP,WE,Combined TRACON& Tower with Radar,8,10,16,0,34,0,4,157,0,161,8,14,173,0,195,104,0,104,299
01/16/2021,BFL,CA,AWP,WE,Combined TRACON& Tower with Radar,8,8,12,0,28,0,2,89,0,91,8,10,101,0,119,56,0,56,175
01/17/2021,BFL,CA,AWP,WE,Combined TRACON& Tower with Radar,8,4,3,0,15,0,2,146,0,148,8,6,149,0,163,84,0,84,247
01/18/2021,BFL,CA,AWP,WE,Combined TRACON& Tower with Radar,8,8,15,2,33,0,6,188,0,194,8,14,203,2,227,174,0,174,401
01/19/2021,BFL,CA,AWP,WE,Combined TRACON& Tower with Radar,8,10,6,0,24,0,13,89,0,102,8,23,95,0,126,34,0,34,160
01/20/2021,BFL,CA,AWP,WE,Combined TRACON& Tower with Radar,8,10,10,0,28,0,7,202,0,209,8,17,212,0,237,155,0,155,392
01/21/2021,BFL,CA,AWP,WE,Combined TRACON& Tower with Radar,8,13,20,2,43,0,21,189,0,210,8,34,209,2,253,241,0,241,494
01/22/2021,BFL,CA,AWP,WE,Combined TRACON& Tower with Radar,8,9,41,11,69,0,10,120,8,138,8,19,161,19,207,125,0,125,332
01/23/2021,BFL,CA,AWP,WE,Combined TRACON& Tower with Radar,8,14,18,0,40,0,4,76,0,80,8,18,94,0,120,104,0,104,224
01/24/2021,BFL,CA,AWP,WE,Combined TRACON& Tower with Radar,8,6,33,0,47,0,2,74,0,76,8,8,107,0,123,58,0,58,181
01/25/2021,BFL,CA,AWP,WE,Combined TRACON& Tower with Radar,8,11,26,0,45,0,2,88,0,90,8,13,114,0,135,72,0,72,207
01/26/2021,BFL,CA,AWP,WE,Combined TRACON& Tower with Radar,8,14,20,4,46,0,14,178,6,198,8,28,198,10,244,188,0,188,432
01/27/2021,BFL,CA,AWP,WE,Combined TRACON& Tower with Radar,10,12,13,0,35,0,1,32,0,33,10,13,45,0,68,22,0,22,90
01/28/2021,BFL,CA,AWP,WE,Combined TRACON& Tower with Radar,8,16,39,0,63,0,0,44,0,44,8,16,83,0,107,71,0,71,178
01/29/2021,BFL,CA,AWP,WE,Combined TRACON& Tower with Radar,8,14,19,0,41,0,3,111,0,114,8,17,130,0,155,76,0,76,231
01/30/2021,BFL,CA,AWP,WE,Combined TRACON& Tower with Radar,7,7,9,0,23,0,2,144,0,146,7,9,153,0,169,85,0,85,254
01/31/2021,BFL,CA,AWP,WE,Combined TRACON& Tower with Radar,7,9,17,0,33,0,1,113,1,115,7,10,130,1,148,48,0,48,196
02/01/2021,BFL,CA,AWP,WE,Combined TRACON& Tower with Radar,8,8,16,0,32,0,3,152,0,155,8,11,168,0,187,104,10,114,301
02/02/2021,BFL,CA,AWP,WE,Combined TRACON& Tower with Radar,8,9,17,0,34,0,7,165,1,173,8,16,182,1,207,142,0,142,349
02/03/2021,BFL,CA,AWP,WE,Combined TRACON& Tower with Radar,8,16,33,6,63,0,11,96,10,117,8,27,129,16,180,66,0,66,246
02/04/2021,BFL,CA,AWP,WE,Combined TRACON& Tower with Radar,8,12,23,2,45,0,23,158,1,182,8,35,181,3,227,112,0,112,339
02/05/2021,BFL,CA,AWP,WE,Combined TRACON& Tower with Radar,8,12,21,0,41,0,10,118,0,128,8,22,139,0,169,120,0,120,289
02/06/2021,BFL,CA,AWP,WE,Combined TRACON& Tower with Radar,8,8,21,0,37,0,5,97,0,102,8,13,118,0,139,42,0,42,181
02/07/2021,BFL,CA,AWP,WE,Combined TRACON& Tower with Radar,8,8,14,0,30,2,4,92,0,98,10,12,106,0,128,70,0,70,198
02/08/2021,BFL,CA,AWP,WE,Combined TRACON& Tower with Radar,8,9,22,2,41,0,9,144,2,155,8,18,166,4,196,122,0,122,318
02/09/2021,BFL,CA,AWP,WE,Combined TRACON& Tower with Radar,10,19,20,9,58,0,12,140,13,165,10,31,160,22,223,102,0,102,325
02/10/2021,BFL,CA,AWP,WE,Combined TRACON& Tower with Radar,8,12,43,4,67,0,14,139,0,153,8,26,182,4,220,66,0,66,286
02/11/2021,BFL,CA,AWP,WE,Combined TRACON& Tower with Radar,8,15,28,0,51,0,6,177,0,183,8,21,205,0,234,141,0,141,375
02/12/2021,BFL,CA,AWP,WE,Combined TRACON& Tower with Radar,8,11,22,2,43,0,4,126,10,140,8,15,148,12,183,166,0,166,349
02/13/2021,BFL,CA,AWP,WE,Combined TRACON& Tower with Radar,10,11,16,0,37,0,7,87,0,94,10,18,103,0,131,112,0,112,243
02/14/2021,BFL,CA,AWP,WE,Combined TRACON& Tower with Radar,7,5,7,0,19,0,0,78,0,78,7,5,85,0,97,82,0,82,179
02/15/2021,BFL,CA,AWP,WE,Combined TRACON& Tower with Radar,7,10,20,0,37,0,2,65,7,74,7,12,85,7,111,104,4,108,219
02/16/2021,BFL,CA,AWP,WE,Combined TRACON& Tower with Radar,7,11,23,4,45,0,6,134,0,140,7,17,157,4,185,70,0,70,255
02/17/2021,BFL,CA,AWP,WE,Combined TRACON& Tower with Radar,7,14,23,0,44,0,4,171,3,178,7,18,194,3,222,180,0,180,402
02/18/2021,BFL,CA,AWP,WE,Combined TRACON& Tower with Radar,7,13,27,4,51,0,7,178,11,196,7,20,205,15,247,82,26,108,355
02/19/2021,BFL,CA,AWP,WE,Combined TRACON& Tower with Radar,6,10,30,2,48,3,9,132,2,146,9,19,162,4,194,64,4,68,262
02/20/2021,BFL,CA,AWP,WE,Combined TRACON& Tower with Radar,7,10,11,0,28,0,4,82,0,86,7,14,93,0,114,36,0,36,150
02/21/2021,BFL,CA,AWP,WE,Combined TRACON& Tower with Radar,8,6,30,0,44,0,7,123,0,130,8,13,153,0,174,136,0,136,310
02/22/2021,BFL,CA,AWP,WE,Combined TRACON& Tower with Radar,8,13,26,0,47,0,4,173,1,178,8,17,199,1,225,152,0,152,377
02/23/2021,BFL,CA,AWP,WE,Combined TRACON& Tower with Radar,8,11,11,6,36,0,8,166,2,176,8,19,177,8,212,118,0,118,330
02/24/2021,BFL,CA,AWP,WE,Combined TRACON& Tower with Radar,8,11,21,4,44,0,7,164,4,175,8,18,185,8,219,80,0,80,299
02/25/2021,BFL,CA,AWP,WE,Combined TRACON& Tower with Radar,8,16,21,12,57,0,8,144,0,152,8,24,165,12,209,160,0,160,369
02/26/2021,BFL,CA,AWP,WE,Combined TRACON& Tower with Radar,8,10,28,0,46,0,12,152,0,164,8,22,180,0,210,138,0,138,348
02/27/2021,BFL,CA,AWP,WE,Combined TRACON& Tower with Radar,8,10,7,0,25,0,10,79,0,89,8,20,86,0,114,52,0,52,166
02/28/2021,BFL,CA,AWP,WE,Combined TRACON& Tower with Radar,8,9,13,0,30,0,4,107,1,112,8,13,120,1,142,56,0,56,198
03/01/2021,BFL,CA,AWP,WE,Combined TRACON& Tower with Radar,8,8,15,0,31,0,3,146,1,150,8,11,161,1,181,124,0,124,305
03/02/2021,BFL,CA,AWP,WE,Combined TRACON& Tower with Radar,8,11,14,2,35,0,9,136,24,169,8,20,150,26,204,134,2,136,340
03/03/2021,BFL,CA,AWP,WE,Combined TRACON& Tower with Radar,8,10,15,2,35,0,14,116,0,130,8,24,131,2,165,114,0,114,279
03/04/2021,BFL,CA,AWP,WE,Combined TRACON& Tower with Radar,12,13,28,0,53,1,21,156,0,178,13,34,184,0,231,114,0,114,345
03/05/2021,BFL,CA,AWP,WE,Combined TRACON& Tower with Radar,11,12,41,0,64,0,7,179,0,186,11,19,220,0,250,88,0,88,338
03/06/2021,BFL,CA,AWP,WE,Combined TRACON& Tower with Radar,11,8,20,0,39,0,5,104,0,109,11,13,124,0,148,98,0,98,246
03/07/2021,BFL,CA,AWP,WE,Combined TRACON& Tower with Radar,11,5,19,0,35,0,3,117,0,120,11,8,136,0,155,100,0,100,255
03/08/2021,BFL,CA,AWP,WE,Combined TRACON& Tower with Radar,12,13,21,0,46,0,4,139,1,144,12,17,160,1,190,122,0,122,312
03/09/2021,BFL,CA,AWP,WE,Combined TRACON& Tower with Radar,12,14,16,1,43,0,9,167,10,186,12,23,183,11,229,104,4,108,337
03/10/2021,BFL,CA,AWP,WE,Combined TRACON& Tower with Radar,12,11,27,0,50,0,3,75,0,78,12,14,102,0,128,118,0,118,246
03/11/2021,BFL,CA,AWP,WE,Combined TRACON& Tower with Radar,12,14,38,0,64,0,10,128,0,138,12,24,166,0,202,98,0,98,300
03/12/2021,BFL,CA,AWP,WE,Combined TRACON& Tower with Radar,12,10,29,8,59,0,15,125,0,140,12,25,154,8,199,36,0,36,235
03/13/2021,BFL,CA,AWP,WE,Combined TRACON& Tower with Radar,11,5,15,0,31,0,6,108,0,114,11,11,123,0,145,40,0,40,185
03/14/2021,BFL,CA,AWP,WE,Combined TRACON& Tower with Radar,10,2,26,0,38,0,2,85,0,87,10,4,111,0,125,44,0,44,169
03/15/2021,BFL,CA,AWP,WE,Combined TRACON& Tower with Radar,9,9,15,0,33,0,0,24,0,24,9,9,39,0,57,20,0,20,77
03/16/2021,BFL,CA,AWP,WE,Combined TRACON& Tower with Radar,15,15,26,0,56,0,4,161,0,165,15,19,187,0,221,92,0,92,313
03/17/2021,BFL,CA,AWP,WE,Combined TRACON& Tower with Radar,12,14,19,2,47,0,9,119,4,132,12,23,138,6,179,55,0,55,234
03/18/2021,BFL,CA,AWP,WE,Combined TRACON& Tower with Radar,12,16,33,0,61,0,16,128,0,144,12,32,161,0,205,38,0,38,243
03/19/2021,BFL,CA,AWP,WE,Combined TRACON& Tower with Radar,12,13,31,5,61,0,4,120,3,127,12,17,151,8,188,118,0,118,306
03/20/2021,BFL,CA,AWP,WE,Combined TRACON& Tower with Radar,11,9,25,1,46,0,2,77,3,82,11,11,102,4,128,28,0,28,156
03/21/2021,BFL,CA,AWP,WE,Combined TRACON& Tower with Radar,11,6,12,0,29,0,14,122,1,137,11,20,134,1,166,88,0,88,254
03/22/2021,BFL,CA,AWP,WE,Combined TRACON& Tower with Radar,12,11,9,0,32,0,6,188,5,199,12,17,197,5,231,150,0,150,381
03/23/2021,BFL,CA,AWP,WE,Combined TRACON& Tower with Radar,12,11,16,6,45,0,6,106,6,118,12,17,122,12,163,38,0,38,201
03/24/2021,BFL,CA,AWP,WE,Combined TRACON& Tower with Radar,12,14,32,8,66,0,16,162,2,180,12,30,194,10,246,140,0,140,386
03/25/2021,BFL,CA,AWP,WE,Combined TRACON& Tower with Radar,12,12,37,4,65,0,7,133,0,140,12,19,170,4,205,114,8,122,327
03/26/2021,BFL,CA,AWP,WE,Combined TRACON& Tower with Radar,12,11,25,0,48,0,3,199,1,203,12,14,224,1,251,132,0,132,383
03/27/2021,BFL,CA,AWP,WE,Combined TRACON& Tower with Radar,11,11,11,2,35,0,20,156,2,178,11,31,167,4,213,118,0,118,331
03/28/2021,BFL,CA,AWP,WE,Combined TRACON& Tower with Radar,11,4,16,0,31,0,6,106,1,113,11,10,122,1,144,76,0,76,220
03/29/2021,BFL,CA,AWP,WE,Combined TRACON& Tower with Radar,12,7,22,1,42,0,6,152,23,181,12,13,174,24,223,106,14,120,343
03/30/2021,BFL,CA,AWP,WE,Combined TRACON& Tower with Radar,12,11,23,5,51,0,8,171,1,180,12,19,194,6,231,62,0,62,293
03/31/2021,BFL,CA,AWP,WE,Combined TRACON& Tower with Radar,12,15,24,1,52,0,6,123,4,133,12,21,147,5,185,42,0,42,227
04/01/2021,BFL,CA,AWP,WE,Combined TRACON& Tower with Radar,12,11,20,1,44,0,6,149,0,155,12,17,169,1,199,100,0,100,299
04/02/2021,BFL,CA,AWP,WE,Combined TRACON& Tower with Radar,12,17,24,0,53,0,7,104,0,111,12,24,128,0,164,56,0,56,220
04/03/2021,BFL,CA,AWP,WE,Combined TRACON& Tower with Radar,10,9,8,0,27,0,4,110,0,114,10,13,118,0,141,48,0,48,189
04/04/2021,BFL,CA,AWP,WE,Combined TRACON& Tower with Radar,12,4,11,0,27,0,1,63,0,64,12,5,74,0,91,4,0,4,95
04/05/2021,BFL,CA,AWP,WE,Combined TRACON& Tower with Radar,12,9,28,3,52,0,8,143,9,160,12,17,171,12,212,118,18,136,348
04/06/2021,BFL,CA,AWP,WE,Combined TRACON& Tower with Radar,10,15,17,2,44,0,3,197,4,204,10,18,214,6,248,96,0,96,344
04/07/2021,BFL,CA,AWP,WE,Combined TRACON& Tower with Radar,10,13,17,0,40,0,26,185,17,228,10,39,202,17,268,234,0,234,502
04/08/2021,BFL,CA,AWP,WE,Combined TRACON& Tower with Radar,11,11,24,0,46,0,2,169,0,171,11,13,193,0,217,84,0,84,301
04/09/2021,BFL,CA,AWP,WE,Combined TRACON& Tower with Radar,12,14,24,2,52,0,7,193,8,208,12,21,217,10,260,158,0,158,418
04/10/2021,BFL,CA,AWP,WE,Combined TRACON& Tower with Radar,10,13,20,4,47,0,10,118,0,128,10,23,138,4,175,118,0,118,293
04/11/2021,BFL,CA,AWP,WE,Combined TRACON& Tower with Radar,12,5,29,6,52,0,5,75,1,81,12,10,104,7,133,44,0,44,177
04/12/2021,BFL,CA,AWP,WE,Combined TRACON& Tower with Radar,12,14,19,0,45,0,7,146,1,154,12,21,165,1,199,169,0,169,368
04/13/2021,BFL,CA,AWP,WE,Combined TRACON& Tower with Radar,10,13,38,6,67,0,4,155,30,189,10,17,193,36,256,114,4,118,374
04/14/2021,BFL,CA,AWP,WE,Combined TRACON& Tower with Radar,10,20,32,1,63,0,8,176,10,194,10,28,208,11,257,212,0,212,469
04/15/2021,BFL,CA,AWP,WE,Combined TRACON& Tower with Radar,11,17,28,2,58,0,10,165,10,185,11,27,193,12,243,148,0,148,391
04/16/2021,BFL,CA,AWP,WE,Combined TRACON& Tower with Radar,11,17,24,0,52,0,5,154,0,159,11,22,178,0,211,118,0,118,329
04/17/2021,BFL,CA,AWP,WE,Combined TRACON& Tower with Radar,10,8,10,0,28,0,8,121,0,129,10,16,131,0,157,116,0,116,273
04/18/2021,BFL,CA,AWP,WE,Combined TRACON& Tower with Radar,12,6,7,0,25,0,3,91,0,94,12,9,98,0,119,150,0,150,269
04/19/2021,BFL,CA,AWP,WE,Combined TRACON& Tower with Radar,12,9,18,3,42,0,16,134,5,155,12,25,152,8,197,104,4,108,305
04/20/2021,BFL,CA,AWP,WE,Combined TRACON& Tower with Radar,10,14,29,5,58,0,10,189,7,206,10,24,218,12,264,120,0,120,384
04/21/2021,BFL,CA,AWP,WE,Combined TRACON& Tower with Radar,9,17,25,4,55,0,8,157,0,165,9,25,182,4,220,102,0,102,322
04/22/2021,BFL,CA,AWP,WE,Combined TRACON& Tower with Radar,12,11,22,0,45,0,7,157,1,165,12,18,179,1,210,68,0,68,278
04/23/2021,BFL,CA,AWP,WE,Combined TRACON& Tower with Radar,12,13,31,4,60,0,7,161,5,173,12,20,192,9,233,84,4,88,321
04/24/2021,BFL,CA,AWP,WE,Combined TRACON& Tower with Radar,10,12,20,5,47,0,6,105,0,111,10,18,125,5,158,86,0,86,244
04/25/2021,BFL,CA,AWP,WE,Combined TRACON& Tower with Radar,12,10,35,1,58,0,4,53,1,58,12,14,88,2,116,30,0,30,146
04/26/2021,BFL,CA,AWP,WE,Combined TRACON& Tower with Radar,12,11,66,8,97,0,0,83,0,83,12,11,149,8,180,94,0,94,274
04/27/2021,BFL,CA,AWP,WE,Combined TRACON& Tower with Radar,10,16,14,2,42,0,10,176,2,188,10,26,190,4,230,42,0,42,272
04/28/2021,BFL,CA,AWP,WE,Combined TRACON& Tower with Radar,11,15,15,0,41,0,5,155,2,162,11,20,170,2,203,112,0,112,315
04/29/2021,BFL,CA,AWP,WE,Combined TRACON& Tower with Radar,13,15,27,4,59,0,3,154,18,175,13,18,181,22,234,133,24,157,391
04/30/2021,BFL,CA,AWP,WE,Combined TRACON& Tower with Radar,12,14,16,6,48,0,6,187,0,193,12,20,203,6,241,94,0,94,335
05/01/2021,BFL,CA,AWP,WE,Combined TRACON& Tower with Radar,12,13,12,0,37,0,4,112,0,116,12,17,124,0,153,122,0,122,275
05/02/2021,BFL,CA,AWP,WE,Combined TRACON& Tower with Radar,12,4,37,0,53,0,4,76,0,80,12,8,113,0,133,64,0,64,197
05/03/2021,BFL,CA,AWP,WE,Combined TRACON& Tower with Radar,12,16,21,5,54,0,3,147,9,159,12,19,168,14,213,132,0,132,345
05/04/2021,BFL,CA,AWP,WE,Combined TRACON& Tower with Radar,10,20,30,0,60,0,7,168,9,184,10,27,198,9,244,114,0,114,358
05/05/2021,BFL,CA,AWP,WE,Combined TRACON& Tower with Radar,10,18,28,2,58,0,13,161,6,180,10,31,189,8,238,146,0,146,384
05/06/2021,BFL,CA,AWP,WE,Combined TRACON& Tower with Radar,13,21,15,0,49,0,9,147,17,173,13,30,162,17,222,104,0,104,326
05/07/2021,BFL,CA,AWP,WE,Combined TRACON& Tower with Radar,12,14,26,0,52,0,14,153,26,193,12,28,179,26,245,78,0,78,323
05/08/2021,BFL,CA,AWP,WE,Combined TRACON& Tower with Radar,10,7,19,0,36,0,11,135,0,146,10,18,154,0,182,74,0,74,256
05/09/2021,BFL,CA,AWP,WE,Combined TRACON& Tower with Radar,12,6,24,0,42,0,0,93,0,93,12,6,117,0,135,66,0,66,201
05/10/2021,BFL,CA,AWP,WE,Combined TRACON& Tower with Radar,12,11,25,4,52,0,4,153,4,161,12,15,178,8,213,117,0,117,330
05/11/2021,BFL,CA,AWP,WE,Combined TRACON& Tower with Radar,12,16,18,4,50,0,11,168,5,184,12,27,186,9,234,158,0,158,392
05/12/2021,BFL,CA,AWP,WE,Combined TRACON& Tower with Radar,12,14,20,3,49,0,9,163,2,174,12,23,183,5,223,60,0,60,283
05/13/2021,BFL,CA,AWP,WE,Combined TRACON& Tower with Radar,12,18,36,7,73,0,17,191,6,214,12,35,227,13,287,76,10,86,373
05/14/2021,BFL,CA,AWP,WE,Combined TRACON& Tower with Radar,12,12,35,2,61,0,5,170,3,178,12,17,205,5,239,100,0,100,339
05/15/2021,BFL,CA,AWP,WE,Combined TRACON& Tower with Radar,10,9,26,0,45,0,2,115,0,117,10,11,141,0,162,124,0,124,286
05/16/2021,BFL,CA,AWP,WE,Combined TRACON& Tower with Radar,12,14,38,0,64,0,0,77,2,79,12,14,115,2,143,34,0,34,177
05/17/2021,BFL,CA,AWP,WE,Combined TRACON& Tower with Radar,12,8,30,2,52,0,0,115,0,115,12,8,145,2,167,28,0,28,195
05/18/2021,BFL,CA,AWP,WE,Combined TRACON& Tower with Radar,12,16,22,2,52,0,5,138,6,149,12,21,160,8,201,56,0,56,257
05/19/2021,BFL,CA,AWP,WE,Combined TRACON& Tower with Radar,11,20,25,0,56,0,7,145,0,152,11,27,170,0,208,88,0,88,296
05/20/2021,BFL,CA,AWP,WE,Combined TRACON& Tower with Radar,11,13,21,9,54,0,5,120,1,126,11,18,141,10,180,92,0,92,272
05/21/2021,BFL,CA,AWP,WE,Combined TRACON& Tower with Radar,12,10,31,0,53,0,2,136,0,138,12,12,167,0,191,72,0,72,263
05/22/2021,BFL,CA,AWP,WE,Combined TRACON& Tower with Radar,10,7,23,0,40,0,6,110,0,116,10,13,133,0,156,24,0,24,180
05/23/2021,BFL,CA,AWP,WE,Combined TRACON& Tower with Radar,11,7,21,0,39,0,5,92,0,97,11,12,113,0,136,46,0,46,182
05/24/2021,BFL,CA,AWP,WE,Combined TRACON& Tower with Radar,12,8,24,3,47,0,6,138,0,144,12,14,162,3,191,54,0,54,245
05/25/2021,BFL,CA,AWP,WE,Combined TRACON& Tower with Radar,12,11,23,0,46,0,2,147,4,153,12,13,170,4,199,118,0,118,317
05/26/2021,BFL,CA,AWP,WE,Combined TRACON& Tower with Radar,12,13,23,0,48,0,8,146,0,154,12,21,169,0,202,62,0,62,264
05/27/2021,BFL,CA,AWP,WE,Combined TRACON& Tower with Radar,12,13,37,6,68,0,5,154,14,173,12,18,191,20,241,46,32,78,319
05/28/2021,BFL,CA,AWP,WE,Combined TRACON& Tower with Radar,12,10,32,0,54,0,4,173,0,177,12,14,205,0,231,140,0,140,371
05/29/2021,BFL,CA,AWP,WE,Combined TRACON& Tower with Radar,8,7,37,0,52,0,4,117,0,121,8,11,154,0,173,95,0,95,268
05/30/2021,BFL,CA,AWP,WE,Combined TRACON& Tower with Radar,10,4,9,0,23,0,3,89,0,92,10,7,98,0,115,70,0,70,185
05/31/2021,BFL,CA,AWP,WE,Combined TRACON& Tower with Radar,10,7,16,0,33,0,3,75,0,78,10,10,91,0,111,21,0,21,132
06/01/2021,BFL,CA,AWP,WE,Combined TRACON& Tower with Radar,12,11,33,0,56,0,1,130,0,131,12,12,163,0,187,31,0,31,218
06/02/2021,BFL,CA,AWP,WE,Combined TRACON& Tower with Radar,12,13,33,1,59,0,10,104,5,119,12,23,137,6,178,31,0,31,209
06/03/2021,BFL,CA,AWP,WE,Combined TRACON& Tower with Radar,9,14,26,0,49,0,15,148,4,167,9,29,174,4,216,96,0,96,312
06/04/2021,BFL,CA,AWP,WE,Combined TRACON& Tower with Radar,9,12,27,0,48,0,8,132,0,140,9,20,159,0,188,76,0,76,264
06/05/2021,BFL,CA,AWP,WE,Combined TRACON& Tower with Radar,9,10,11,0,30,0,11,127,2,140,9,21,138,2,170,76,0,76,246
06/06/2021,BFL,CA,AWP,WE,Combined TRACON& Tower with Radar,9,8,15,0,32,0,3,118,0,121,9,11,133,0,153,34,0,34,187
06/07/2021,BFL,CA,AWP,WE,Combined TRACON& Tower with Radar,6,15,28,6,55,0,5,130,2,137,6,20,158,8,192,112,0,112,304
06/08/2021,BFL,CA,AWP,WE,Combined TRACON& Tower with Radar,9,16,29,0,54,0,4,126,6,136,9,20,155,6,190,84,0,84,274
06/09/2021,BFL,CA,AWP,WE,Combined TRACON& Tower with Radar,9,21,25,0,55,0,16,162,1,179,9,37,187,1,234,54,0,54,288
06/10/2021,BFL,CA,AWP,WE,Combined TRACON& Tower with Radar,9,18,22,0,49,0,10,158,0,168,9,28,180,0,217,84,0,84,301
06/11/2021,BFL,CA,AWP,WE,Combined TRACON& Tower with Radar,9,13,35,0,57,0,16,160,0,176,9,29,195,0,233,56,0,56,289
06/12/2021,BFL,CA,AWP,WE,Combined TRACON& Tower with Radar,8,9,17,0,34,0,14,117,0,131,8,23,134,0,165,64,0,64,229
06/13/2021,BFL,CA,AWP,WE,Combined TRACON& Tower with Radar,8,10,17,0,35,0,5,93,5,103,8,15,110,5,138,64,0,64,202
06/14/2021,BFL,CA,AWP,WE,Combined TRACON& Tower with Radar,9,10,24,0,43,3,2,161,2,168,12,12,185,2,211,107,0,107,318
06/15/2021,BFL,CA,AWP,WE,Combined TRACON& Tower with Radar,9,13,28,2,52,0,19,169,0,188,9,32,197,2,240,74,0,74,314
06/16/2021,BFL,CA,AWP,WE,Combined TRACON& Tower with Radar,9,15,14,5,43,0,8,132,4,144,9,23,146,9,187,120,0,120,307
06/17/2021,BFL,CA,AWP,WE,Combined TRACON& Tower with Radar,9,14,21,0,44,0,6,148,4,158,9,20,169,4,202,40,0,40,242
06/18/2021,BFL,CA,AWP,WE,Combined TRACON& Tower with Radar,11,12,29,0,52,0,6,149,0,155,11,18,178,0,207,46,0,46,253
06/19/2021,BFL,CA,AWP,WE,Combined TRACON& Tower with Radar,9,8,10,0,27,0,6,98,0,104,9,14,108,0,131,40,0,40,171
06/20/2021,BFL,CA,AWP,WE,Combined TRACON& Tower with Radar,9,4,13,0,26,0,9,61,0,70,9,13,74,0,96,16,0,16,112
06/21/2021,BFL,CA,AWP,WE,Combined TRACON& Tower with Radar,8,13,34,0,55,0,8,125,0,133,8,21,159,0,188,54,0,54,242
06/22/2021,BFL,CA,AWP,WE,Combined TRACON& Tower with Radar,7,18,20,0,45,0,1,152,0,153,7,19,172,0,198,42,0,42,240
06/23/2021,BFL,CA,AWP,WE,Combined TRACON& Tower with Radar,9,21,28,0,58,0,9,131,2,142,9,30,159,2,200,68,0,68,268
06/24/2021,BFL,CA,AWP,WE,Combined TRACON& Tower with Radar,9,14,26,5,54,0,24,148,9,181,9,38,174,14,235,80,0,80,315
06/25/2021,BFL,CA,AWP,WE,Combined TRACON& Tower with Radar,9,13,18,6,46,0,4,153,0,157,9,17,171,6,203,62,0,62,265
06/26/2021,BFL,CA,AWP,WE,Combined TRACON& Tower with Radar,9,12,16,4,41,0,5,98,1,104,9,17,114,5,145,132,0,132,277
06/27/2021,BFL,CA,AWP,WE,Combined TRACON& Tower with Radar,12,4,16,2,34,0,1,78,0,79,12,5,94,2,113,40,0,40,153
06/28/2021,BFL,CA,AWP,WE,Combined TRACON& Tower with Radar,10,8,20,0,38,0,5,117,1,123,10,13,137,1,161,106,0,106,267
06/29/2021,BFL,CA,AWP,WE,Combined TRACON& Tower with Radar,8,12,17,0,37,0,9,135,6,150,8,21,152,6,187,60,0,60,247
06/30/2021,BFL,CA,AWP,WE,Combined TRACON& Tower with Radar,13,17,21,2,53,0,7,170,4,181,13,24,191,6,234,38,0,38,272
07/01/2021,BFL,CA,AWP,WE,Combined TRACON& Tower with Radar,9,19,28,10,66,0,3,136,4,143,9,22,164,14,209,106,0,106,315
07/02/2021,BFL,CA,AWP,WE,Combined TRACON& Tower with Radar,8,11,21,0,40,0,20,160,0,180,8,31,181,0,220,86,0,86,306
07/03/2021,BFL,CA,AWP,WE,Combined TRACON& Tower with Radar,6,8,10,0,24,0,4,96,0,100,6,12,106,0,124,46,0,46,170
07/04/2021,BFL,CA,AWP,WE,Combined TRACON& Tower with Radar,7,6,4,0,17,0,3,29,0,32,7,9,33,0,49,10,0,10,59
07/05/2021,BFL,CA,AWP,WE,Combined TRACON& Tower with Radar,8,5,15,0,28,0,2,94,0,96,8,7,109,0,124,28,0,28,152
07/06/2021,BFL,CA,AWP,WE,Combined TRACON& Tower with Radar,11,9,27,0,47,0,2,144,14,160,11,11,171,14,207,36,30,66,273
07/07/2021,BFL,CA,AWP,WE,Combined TRACON& Tower with Radar,9,15,28,0,52,2,3,161,4,170,11,18,189,4,222,112,0,112,334
07/08/2021,BFL,CA,AWP,WE,Combined TRACON& Tower with Radar,8,19,19,0,46,0,3,171,16,190,8,22,190,16,236,118,2,120,356
07/09/2021,BFL,CA,AWP,WE,Combined TRACON& Tower with Radar,9,15,24,4,52,0,6,125,14,145,9,21,149,18,197,46,9,55,252
07/10/2021,BFL,CA,AWP,WE,Combined TRACON& Tower with Radar,9,7,5,0,21,0,1,84,0,85,9,8,89,0,106,42,0,42,148
07/11/2021,BFL,CA,AWP,WE,Combined TRACON& Tower with Radar,12,4,18,0,34,0,2,84,1,87,12,6,102,1,121,22,0,22,143
07/12/2021,BFL,CA,AWP,WE,Combined TRACON& Tower with Radar,11,9,11,0,31,0,4,105,1,110,11,13,116,1,141,60,0,60,201
07/13/2021,BFL,CA,AWP,WE,Combined TRACON& Tower with Radar,10,18,25,6,59,0,3,122,4,129,10,21,147,10,188,71,0,71,259
07/14/2021,BFL,CA,AWP,WE,Combined TRACON& Tower with Radar,9,14,27,0,50,0,8,151,2,161,9,22,178,2,211,74,0,74,285
07/15/2021,BFL,CA,AWP,WE,Combined TRACON& Tower with Radar,9,15,27,8,59,0,2,166,0,168,9,17,193,8,227,89,6,95,322
07/16/2021,BFL,CA,AWP,WE,Combined TRACON& Tower with Radar,9,12,21,0,42,0,22,144,0,166,9,34,165,0,208,48,0,48,256
07/17/2021,BFL,CA,AWP,WE,Combined TRACON& Tower with Radar,9,8,12,2,31,0,1,100,0,101,9,9,112,2,132,40,0,40,172
07/18/2021,BFL,CA,AWP,WE,Combined TRACON& Tower with Radar,7,7,30,0,44,0,1,65,0,66,7,8,95,0,110,24,0,24,134
07/19/2021,BFL,CA,AWP,WE,Combined TRACON& Tower with Radar,11,12,14,2,39,0,1,136,2,139,11,13,150,4,178,64,0,64,242
07/20/2021,BFL,CA,AWP,WE,Combined TRACON& Tower with Radar,9,11,23,0,43,0,2,165,2,169,9,13,188,2,212,76,0,76,288
07/21/2021,BFL,CA,AWP,WE,Combined TRACON& Tower with Radar,9,15,17,2,43,0,19,122,0,141,9,34,139,2,184,132,0,132,316
07/22/2021,BFL,CA,AWP,WE,Combined TRACON& Tower with Radar,9,13,33,0,55,0,3,131,4,138,9,16,164,4,193,60,0,60,253
07/23/2021,BFL,CA,AWP,WE,Combined TRACON& Tower with Radar,11,13,19,0,43,0,7,92,0,99,11,20,111,0,142,24,0,24,166
07/24/2021,BFL,CA,AWP,WE,Combined TRACON& Tower with Radar,9,7,19,2,37,0,9,131,0,140,9,16,150,2,177,79,0,79,256
07/25/2021,BFL,CA,AWP,WE,Combined TRACON& Tower with Radar,8,6,17,0,31,0,9,88,0,97,8,15,105,0,128,34,0,34,162
07/26/2021,BFL,CA,AWP,WE,Combined TRACON& Tower with Radar,10,7,22,1,40,0,0,122,17,139,10,7,144,18,179,78,0,78,257
07/27/2021,BFL,CA,AWP,WE,Combined TRACON& Tower with Radar,9,14,23,2,48,0,4,145,4,153,9,18,168,6,201,77,4,81,282
07/28/2021,BFL,CA,AWP,WE,Combined TRACON& Tower with Radar,9,19,27,2,57,0,4,152,2,158,9,23,179,4,215,98,0,98,313
07/29/2021,BFL,CA,AWP,WE,Combined TRACON& Tower with Radar,8,15,20,0,43,0,3,136,0,139,8,18,156,0,182,77,0,77,259
07/30/2021,BFL,CA,AWP,WE,Combined TRACON& Tower with Radar,11,20,13,0,44,0,7,119,1,127,11,27,132,1,171,96,0,96,267
07/31/2021,BFL,CA,AWP,WE,Combined TRACON& Tower with Radar,9,7,13,0,29,0,7,79,2,88,9,14,92,2,117,62,0,62,179
08/01/2021,BFL,CA,AWP,WE,Combined TRACON& Tower with Radar,8,4,16,0,28,1,1,76,0,78,9,5,92,0,106,62,0,62,168
08/02/2021,BFL,CA,AWP,WE,Combined TRACON& Tower with Radar,8,8,9,3,28,0,1,78,1,80,8,9,87,4,108,42,0,42,150
08/03/2021,BFL,CA,AWP,WE,Combined TRACON& Tower with Radar,11,17,17,11,56,0,2,150,13,165,11,19,167,24,221,75,0,75,296
08/04/2021,BFL,CA,AWP,WE,Combined TRACON& Tower with Radar,9,18,15,12,54,0,10,156,0,166,9,28,171,12,220,100,0,100,320
08/05/2021,BFL,CA,AWP,WE,Combined TRACON& Tower with Radar,10,15,43,0,68,0,0,158,0,158,10,15,201,0,226,98,0,98,324
08/06/2021,BFL,CA,AWP,WE,Combined TRACON& Tower with Radar,10,12,54,2,78,0,9,180,0,189,10,21,234,2,267,132,0,132,399
08/07/2021,BFL,CA,AWP,WE,Combined TRACON& Tower with Radar,9,9,35,0,53,0,4,83,17,104,9,13,118,17,157,68,0,68,225
08/08/2021,BFL,CA,AWP,WE,Combined TRACON& Tower with Radar,9,6,33,0,48,0,1,28,16,45,9,7,61,16,93,0,0,0,93
08/09/2021,BFL,CA,AWP,WE,Combined TRACON& Tower with Radar,9,11,23,0,43,0,4,117,3,124,9,15,140,3,167,22,0,22,189
08/10/2021,BFL,CA,AWP,WE,Combined TRACON& Tower with Radar,9,11,23,0,43,0,9,110,6,125,9,20,133,6,168,50,0,50,218
08/11/2021,BFL,CA,AWP,WE,Combined TRACON& Tower with Radar,9,16,11,2,38,0,6,155,0,161,9,22,166,2,199,102,0,102,301
08/12/2021,BFL,CA,AWP,WE,Combined TRACON& Tower with Radar,9,19,20,0,48,0,1,127,0,128,9,20,147,0,176,70,0,70,246
08/13/2021,BFL,CA,AWP,WE,Combined TRACON& Tower with Radar,9,14,14,2,39,0,7,136,0,143,9,21,150,2,182,76,0,76,258
08/14/2021,BFL,CA,AWP,WE,Combined TRACON& Tower with Radar,9,9,21,0,39,0,6,92,5,103,9,15,113,5,142,118,0,118,260
08/15/2021,BFL,CA,AWP,WE,Combined TRACON& Tower with Radar,11,8,15,1,35,0,4,74,1,79,11,12,89,2,114,72,0,72,186
08/16/2021,BFL,CA,AWP,WE,Combined TRACON& Tower with Radar,9,13,12,0,34,0,2,90,0,92,9,15,102,0,126,11,0,11,137
08/17/2021,BFL,CA,AWP,WE,Combined TRACON& Tower with Radar,8,15,22,2,47,0,2,115,0,117,8,17,137,2,164,72,2,74,238
08/18/2021,BFL,CA,AWP,WE,Combined TRACON& Tower with Radar,9,24,52,0,85,0,6,161,1,168,9,30,213,1,253,172,0,172,425
08/19/2021,BFL,CA,AWP,WE,Combined TRACON& Tower with Radar,9,18,33,4,64,0,1,86,5,92,9,19,119,9,156,109,0,109,265
08/20/2021,BFL,CA,AWP,WE,Combined TRACON& Tower with Radar,10,11,30,1,52,0,12,71,6,89,10,23,101,7,141,18,0,18,159
08/21/2021,BFL,CA,AWP,WE,Combined TRACON& Tower with Radar,10,14,12,0,36,0,6,63,0,69,10,20,75,0,105,64,0,64,169
08/22/2021,BFL,CA,AWP,WE,Combined TRACON& Tower with Radar,10,5,23,0,38,0,0,94,0,94,10,5,117,0,132,46,0,46,178
08/23/2021,BFL,CA,AWP,WE,Combined TRACON& Tower with Radar,10,10,32,4,56,0,5,100,8,113,10,15,132,12,169,144,8,152,321
08/24/2021,BFL,CA,AWP,WE,Combined TRACON& Tower with Radar,10,17,6,0,33,0,9,189,1,199,10,26,195,1,232,68,0,68,300
08/25/2021,BFL,CA,AWP,WE,Combined TRACON& Tower with Radar,10,19,21,0,50,0,2,165,2,169,10,21,186,2,219,126,0,126,345
08/26/2021,BFL,CA,AWP,WE,Combined TRACON& Tower with Radar,10,22,15,0,47,0,3,114,0,117,10,25,129,0,164,88,0,88,252
08/27/2021,BFL,CA,AWP,WE,Combined TRACON& Tower with Radar,10,14,23,2,49,0,1,178,0,179,10,15,201,2,228,108,0,108,336
08/28/2021,BFL,CA,AWP,WE,Combined TRACON& Tower with Radar,10,8,7,2,27,0,8,122,5,135,10,16,129,7,162,66,0,66,228
08/29/2021,BFL,CA,AWP,WE,Combined TRACON& Tower with Radar,10,6,17,0,33,0,5,98,0,103,10,11,115,0,136,110,0,110,246
08/30/2021,BFL,CA,AWP,WE,Combined TRACON& Tower with Radar,10,7,30,0,47,0,10,138,0,148,10,17,168,0,195,140,0,140,335
08/31/2021,BFL,CA,AWP,WE,Combined TRACON& Tower with Radar,10,18,25,0,53,0,6,141,0,147,10,24,166,0,200,78,0,78,278
09/01/2021,BFL,CA,AWP,WE,Combined TRACON& Tower with Radar,10,13,26,0,49,0,3,151,1,155,10,16,177,1,204,76,0,76,280
09/02/2021,BFL,CA,AWP,WE,Combined TRACON& Tower with Radar,10,13,34,1,58,0,2,152,2,156,10,15,186,3,214,108,0,108,322
09/03/2021,BFL,CA,AWP,WE,Combined TRACON& Tower with Radar,10,15,23,0,48,0,9,113,0,122,10,24,136,0,170,116,0,116,286
09/04/2021,BFL,CA,AWP,WE,Combined TRACON& Tower with Radar,11,9,14,0,34,0,9,99,1,109,11,18,113,1,143,120,0,120,263
09/05/2021,BFL,CA,AWP,WE,Combined TRACON& Tower with Radar,10,6,9,0,25,0,4,61,0,65,10,10,70,0,90,54,0,54,144
09/06/2021,BFL,CA,AWP,WE,Combined TRACON& Tower with Radar,10,5,22,0,37,0,6,65,0,71,10,11,87,0,108,24,0,24,132
09/07/2021,BFL,CA,AWP,WE,Combined TRACON& Tower with Radar,10,14,25,0,49,0,9,139,8,156,10,23,164,8,205,104,16,120,325
09/08/2021,BFL,CA,AWP,WE,Combined TRACON& Tower with Radar,11,16,33,0,60,0,6,170,8,184,11,22,203,8,244,112,0,112,356
09/09/2021,BFL,CA,AWP,WE,Combined TRACON& Tower with Radar,14,18,37,0,69,0,9,108,2,119,14,27,145,2,188,54,3,57,245
09/10/2021,BFL,CA,AWP,WE,Combined TRACON& Tower with Radar,12,14,25,0,51,0,9,135,20,164,12,23,160,20,215,60,8,68,283
09/11/2021,BFL,CA,AWP,WE,Combined TRACON& Tower with Radar,10,8,14,0,32,0,3,138,1,142,10,11,152,1,174,58,0,58,232
09/12/2021,BFL,CA,AWP,WE,Combined TRACON& Tower with Radar,12,3,21,0,36,0,10,113,0,123,12,13,134,0,159,68,0,68,227
09/13/2021,BFL,CA,AWP,WE,Combined TRACON& Tower with Radar,12,6,20,6,44,0,2,112,0,114,12,8,132,6,158,90,0,90,248
09/14/2021,BFL,CA,AWP,WE,Combined TRACON& Tower with Radar,14,18,18,2,52,0,4,145,2,151,14,22,163,4,203,80,0,80,283
09/15/2021,BFL,CA,AWP,WE,Combined TRACON& Tower with Radar,12,16,26,0,54,0,7,163,10,180,12,23,189,10,234,102,0,102,336
09/16/2021,BFL,CA,AWP,WE,Combined TRACON& Tower with Radar,14,11,35,0,60,0,4,164,0,168,14,15,199,0,228,125,0,125,353
09/17/2021,BFL,CA,AWP,WE,Combined TRACON& Tower with Radar,12,14,19,0,45,0,5,132,0,137,12,19,151,0,182,98,0,98,280
09/18/2021,BFL,CA,AWP,WE,Combined TRACON& Tower with Radar,10,8,6,0,24,0,16,96,0,112,10,24,102,0,136,65,0,65,201
09/19/2021,BFL,CA,AWP,WE,Combined TRACON& Tower with Radar,12,5,17,0,34,0,10,72,0,82,12,15,89,0,116,68,0,68,184
09/20/2021,BFL,CA,AWP,WE,Combined TRACON& Tower with Radar,12,10,12,0,34,0,5,87,0,92,12,15,99,0,126,58,0,58,184
09/21/2021,BFL,CA,AWP,WE,Combined TRACON& Tower with Radar,12,18,27,0,57,0,5,126,0,131,12,23,153,0,188,38,0,38,226
09/22/2021,BFL,CA,AWP,WE,Combined TRACON& Tower with Radar,12,17,38,6,73,0,1,111,0,112,12,18,149,6,185,46,2,48,233
09/23/2021,BFL,CA,AWP,WE,Combined TRACON& Tower with Radar,12,18,35,8,73,0,6,180,0,186,12,24,215,8,259,112,0,112,371
09/24/2021,BFL,CA,AWP,WE,Combined TRACON& Tower with Radar,12,12,50,0,74,0,5,79,1,85,12,17,129,1,159,30,0,30,189
09/25/2021,BFL,CA,AWP,WE,Combined TRACON& Tower with Radar,10,6,19,2,37,0,8,64,1,73,10,14,83,3,110,24,0,24,134
09/26/2021,BFL,CA,AWP,WE,Combined TRACON& Tower with Radar,12,3,52,0,67,0,5,50,0,55,12,8,102,0,122,42,0,42,164
09/27/2021,BFL,CA,AWP,WE,Combined TRACON& Tower with Radar,12,8,26,4,50,0,7,92,0,99,12,15,118,4,149,56,12,68,217
09/28/2021,BFL,CA,AWP,WE,Combined TRACON& Tower with Radar,12,14,34,2,62,0,0,89,0,89,12,14,123,2,151,72,0,72,223
09/29/2021,BFL,CA,AWP,WE,Combined TRACON& Tower with Radar,12,14,17,4,47,0,5,184,2,191,12,19,201,6,238,90,12,102,340
09/30/2021,BFL,CA,AWP,WE,Combined TRACON& Tower with Radar,12,17,38,1,68,0,9,145,7,161,12,26,183,8,229,70,12,82,311
10/01/2021,BFL,CA,AWP,WE,Combined TRACON& Tower with Radar,14,15,41,0,70,0,6,118,6,130,14,21,159,6,200,56,0,56,256
10/02/2021,BFL,CA,AWP,WE,Combined TRACON& Tower with Radar,8,16,5,3,32,0,2,85,19,106,8,18,90,22,138,38,0,38,176
10/03/2021,BFL,CA,AWP,WE,Combined TRACON& Tower with Radar,12,8,21,0,41,0,4,73,0,77,12,12,94,0,118,48,0,48,166
10/04/2021,BFL,CA,AWP,WE,Combined TRACON& Tower with Radar,12,10,62,0,84,0,2,27,0,29,12,12,89,0,113,24,0,24,137
10/05/2021,BFL,CA,AWP,WE,Combined TRACON& Tower with Radar,12,17,18,0,47,0,17,132,0,149,12,34,150,0,196,108,0,108,304
10/06/2021,BFL,CA,AWP,WE,Combined TRACON& Tower with Radar,12,17,37,0,66,0,11,133,1,145,12,28,170,1,211,110,0,110,321
10/07/2021,BFL,CA,AWP,WE,Combined TRACON& Tower with Radar,13,21,39,0,73,0,9,150,0,159,13,30,189,0,232,90,0,90,322
10/08/2021,BFL,CA,AWP,WE,Combined TRACON& Tower with Radar,11,18,34,0,63,0,5,67,1,73,11,23,101,1,136,45,0,45,181
10/09/2021,BFL,CA,AWP,WE,Combined TRACON& Tower with Radar,11,12,6,0,29,0,6,123,1,130,11,18,129,1,159,60,0,60,219
10/10/2021,BFL,CA,AWP,WE,Combined TRACON& Tower with Radar,11,4,12,0,27,0,2,63,0,65,11,6,75,0,92,60,0,60,152
10/11/2021,BFL,CA,AWP,WE,Combined TRACON& Tower with Radar,13,7,28,0,48,0,2,23,0,25,13,9,51,0,73,12,0,12,85
10/12/2021,BFL,CA,AWP,WE,Combined TRACON& Tower with Radar,11,12,13,0,36,0,14,115,2,131,11,26,128,2,167,113,0,113,280
10/13/2021,BFL,CA,AWP,WE,Combined TRACON& Tower with Radar,13,10,26,0,49,0,14,189,2,205,13,24,215,2,254,164,0,164,418
10/14/2021,BFL,CA,AWP,WE,Combined TRACON& Tower with Radar,13,12,20,1,46,0,7,149,3,159,13,19,169,4,205,78,12,90,295
10/15/2021,BFL,CA,AWP,WE,Combined TRACON& Tower with Radar,10,13,24,3,50,0,12,151,4,167,10,25,175,7,217,78,0,78,295
10/16/2021,BFL,CA,AWP,WE,Combined TRACON& Tower with Radar,12,9,16,0,37,0,5,117,0,122,12,14,133,0,159,110,0,110,269
10/17/2021,BFL,CA,AWP,WE,Combined TRACON& Tower with Radar,11,4,13,0,28,0,1,90,2,93,11,5,103,2,121,50,0,50,171
10/18/2021,BFL,CA,AWP,WE,Combined TRACON& Tower with Radar,11,14,26,2,53,0,5,136,0,141,11,19,162,2,194,90,0,90,284
10/19/2021,BFL,CA,AWP,WE,Combined TRACON& Tower with Radar,11,16,10,0,37,0,5,142,1,148,11,21,152,1,185,118,0,118,303
10/20/2021,BFL,CA,AWP,WE,Combined TRACON& Tower with Radar,11,20,34,4,69,0,9,170,0,179,11,29,204,4,248,146,0,146,394
10/21/2021,BFL,CA,AWP,WE,Combined TRACON& Tower with Radar,10,19,27,0,56,0,5,171,0,176,10,24,198,0,232,120,0,120,352
10/22/2021,BFL,CA,AWP,WE,Combined TRACON& Tower with Radar,11,13,44,4,72,0,5,151,4,160,11,18,195,8,232,72,18,90,322
10/23/2021,BFL,CA,AWP,WE,Combined TRACON& Tower with Radar,12,8,24,6,50,0,4,124,0,128,12,12,148,6,178,60,0,60,238
10/24/2021,BFL,CA,AWP,WE,Combined TRACON& Tower with Radar,11,6,12,0,29,0,1,117,0,118,11,7,129,0,147,84,0,84,231
10/25/2021,BFL,CA,AWP,WE,Combined TRACON& Tower with Radar,13,13,11,0,37,0,0,2,0,2,13,13,13,0,39,0,0,0,39
10/26/2021,BFL,CA,AWP,WE,Combined TRACON& Tower with Radar,11,19,36,9,75,0,6,112,9,127,11,25,148,18,202,32,6,38,240
10/27/2021,BFL,CA,AWP,WE,Combined TRACON& Tower with Radar,11,17,22,0,50,0,1,115,18,134,11,18,137,18,184,74,0,74,258
10/28/2021,BFL,CA,AWP,WE,Combined TRACON& Tower with Radar,12,18,32,3,65,0,7,138,3,148,12,25,170,6,213,110,0,110,323
10/29/2021,BFL,CA,AWP,WE,Combined TRACON& Tower with Radar,11,13,93,0,117,0,9,81,0,90,11,22,174,0,207,22,0,22,229
10/30/2021,BFL,CA,AWP,WE,Combined TRACON& Tower with Radar,8,10,39,0,57,0,2,42,0,44,8,12,81,0,101,12,0,12,113
10/31/2021,BFL,CA,AWP,WE,Combined TRACON& Tower with Radar,12,5,24,0,41,0,0,13,0,13,12,5,37,0,54,0,0,0,54
11/01/2021,BFL,CA,AWP,WE,Combined TRACON& Tower with Radar,9,16,34,1,60,0,2,124,2,128,9,18,158,3,188,98,0,98,286
11/02/2021,BFL,CA,AWP,WE,Combined TRACON& Tower with Radar,12,14,34,0,60,0,1,183,2,186,12,15,217,2,246,111,0,111,357
11/03/2021,BFL,CA,AWP,WE,Combined TRACON& Tower with Radar,7,19,32,1,59,0,4,77,0,81,7,23,109,1,140,108,0,108,248
11/04/2021,BFL,CA,AWP,WE,Combined TRACON& Tower with Radar,9,14,56,0,79,0,1,91,5,97,9,15,147,5,176,80,4,84,260
11/05/2021,BFL,CA,AWP,WE,Combined TRACON& Tower with Radar,9,16,31,0,56,0,2,164,0,166,9,18,195,0,222,152,0,152,374
11/06/2021,BFL,CA,AWP,WE,Combined TRACON& Tower with Radar,9,9,23,0,41,0,2,98,2,102,9,11,121,2,143,108,0,108,251
11/07/2021,BFL,CA,AWP,WE,Combined TRACON& Tower with Radar,9,7,40,2,58,0,0,66,0,66,9,7,106,2,124,38,0,38,162
11/08/2021,BFL,CA,AWP,WE,Combined TRACON& Tower with Radar,12,12,23,0,47,0,8,139,0,147,12,20,162,0,194,133,0,133,327
11/09/2021,BFL,CA,AWP,WE,Combined TRACON& Tower with Radar,10,18,42,4,74,0,1,109,0,110,10,19,151,4,184,180,0,180,364
11/10/2021,BFL,CA,AWP,WE,Combined TRACON& Tower with Radar,10,29,47,0,86,0,7,109,0,116,10,36,156,0,202,146,0,146,348
11/11/2021,BFL,CA,AWP,WE,Combined TRACON& Tower with Radar,11,16,26,0,53,2,7,34,0,43,13,23,60,0,96,8,0,8,104
11/12/2021,BFL,CA,AWP,WE,Combined TRACON& Tower with Radar,9,17,76,0,102,0,4,108,0,112,9,21,184,0,214,62,0,62,276
11/13/2021,BFL,CA,AWP,WE,Combined TRACON& Tower with Radar,9,12,38,0,59,0,4,49,0,53,9,16,87,0,112,13,0,13,125
11/14/2021,BFL,CA,AWP,WE,Combined TRACON& Tower with Radar,7,7,41,0,55,0,0,23,0,23,7,7,64,0,78,32,0,32,110
11/15/2021,BFL,CA,AWP,WE,Combined TRACON& Tower with Radar,6,11,61,2,80,0,2,15,2,19,6,13,76,4,99,6,14,20,119
11/16/2021,BFL,CA,AWP,WE,Combined TRACON& Tower with Radar,9,13,57,0,79,0,1,26,0,27,9,14,83,0,106,20,0,20,126
11/17/2021,BFL,CA,AWP,WE,Combined TRACON& Tower with Radar,10,26,40,0,76,0,5,87,1,93,10,31,127,1,169,90,0,90,259
11/18/2021,BFL,CA,AWP,WE,Combined TRACON& Tower with Radar,10,28,51,0,89,0,2,77,0,79,10,30,128,0,168,42,0,42,210
11/19/2021,BFL,CA,AWP,WE,Combined TRACON& Tower with Radar,10,17,77,3,107,0,0,30,0,30,10,17,107,3,137,10,0,10,147
11/20/2021,BFL,CA,AWP,WE,Combined TRACON& Tower with Radar,13,12,33,2,60,0,0,30,0,30,13,12,63,2,90,52,0,52,142
11/21/2021,BFL,CA,AWP,WE,Combined TRACON& Tower with Radar,13,6,20,0,39,0,2,26,0,28,13,8,46,0,67,24,0,24,91
11/22/2021,BFL,CA,AWP,WE,Combined TRACON& Tower with Radar,8,15,39,2,64,0,1,59,2,62,8,16,98,4,126,6,0,6,132
11/23/2021,BFL,CA,AWP,WE,Combined TRACON& Tower with Radar,10,19,19,4,52,0,3,159,0,162,10,22,178,4,214,60,12,72,286
11/24/2021,BFL,CA,AWP,WE,Combined TRACON& Tower with Radar,14,17,35,1,67,0,0,113,3,116,14,17,148,4,183,56,0,56,239
11/25/2021,BFL,CA,AWP,WE,Combined TRACON& Tower with Radar,6,4,7,0,17,0,2,13,0,15,6,6,20,0,32,0,0,0,32
11/26/2021,BFL,CA,AWP,WE,Combined TRACON& Tower with Radar,8,17,10,0,35,0,5,68,0,73,8,22,78,0,108,22,0,22,130
11/27/2021,BFL,CA,AWP,WE,Combined TRACON& Tower with Radar,10,9,18,0,37,0,3,25,1,29,10,12,43,1,66,13,0,13,79
11/28/2021,BFL,CA,AWP,WE,Combined TRACON& Tower with Radar,13,6,31,0,50,0,3,73,0,76,13,9,104,0,126,46,0,46,172
11/29/2021,BFL,CA,AWP,WE,Combined TRACON& Tower with Radar,12,10,29,2,53,0,2,114,1,117,12,12,143,3,170,50,0,50,220
11/30/2021,BFL,CA,AWP,WE,Combined TRACON& Tower with Radar,13,17,23,2,55,0,4,131,0,135,13,21,154,2,190,98,0,98,288
12/01/2021,BFL,CA,AWP,WE,Combined TRACON& Tower with Radar,13,19,34,6,72,0,0,120,4,124,13,19,154,10,196,142,0,142,338
12/02/2021,BFL,CA,AWP,WE,Combined TRACON& Tower with Radar,13,17,54,0,84,0,8,117,0,125,13,25,171,0,209,42,0,42,251
12/03/2021,BFL,CA,AWP,WE,Combined TRACON& Tower with Radar,14,21,36,2,73,0,6,97,1,104,14,27,133,3,177,17,0,17,194
12/04/2021,BFL,CA,AWP,WE,Combined TRACON& Tower with Radar,15,9,42,2,68,0,3,7,0,10,15,12,49,2,78,0,0,0,78
12/05/2021,BFL,CA,AWP,WE,Combined TRACON& Tower with Radar,11,7,40,0,58,0,0,2,0,2,11,7,42,0,60,0,0,0,60
12/06/2021,BFL,CA,AWP,WE,Combined TRACON& Tower with Radar,12,17,68,2,99,0,0,12,4,16,12,17,80,6,115,6,0,6,121
12/07/2021,BFL,CA,AWP,WE,Combined TRACON& Tower with Radar,12,15,50,2,79,0,0,66,15,81,12,15,116,17,160,40,6,46,206
12/08/2021,BFL,CA,AWP,WE,Combined TRACON& Tower with Radar,12,27,42,0,81,0,3,62,1,66,12,30,104,1,147,12,0,12,159
12/09/2021,BFL,CA,AWP,WE,Combined TRACON& Tower with Radar,13,17,36,0,66,0,0,28,0,28,13,17,64,0,94,22,0,22,116
12/10/2021,BFL,CA,AWP,WE,Combined TRACON& Tower with Radar,13,15,54,0,82,0,3,79,0,82,13,18,133,0,164,6,0,6,170
12/11/2021,BFL,CA,AWP,WE,Combined TRACON& Tower with Radar,13,6,21,0,40,0,5,101,0,106,13,11,122,0,146,66,0,66,212
12/12/2021,BFL,CA,AWP,WE,Combined TRACON& Tower with Radar,13,6,12,0,31,0,1,79,0,80,13,7,91,0,111,108,0,108,219
12/13/2021,BFL,CA,AWP,WE,Combined TRACON& Tower with Radar,12,11,16,1,40,0,2,55,1,58,12,13,71,2,98,32,0,32,130
12/14/2021,BFL,CA,AWP,WE,Combined TRACON& Tower with Radar,11,18,16,0,45,0,0,1,0,1,11,18,17,0,46,0,0,0,46
12/15/2021,BFL,CA,AWP,WE,Combined TRACON& Tower with Radar,15,19,31,2,67,0,2,93,2,97,15,21,124,4,164,60,1,61,225
12/16/2021,BFL,CA,AWP,WE,Combined TRACON& Tower with Radar,10,23,39,4,76,0,1,43,2,46,10,24,82,6,122,38,2,40,162
12/17/2021,BFL,CA,AWP,WE,Combined TRACON& Tower with Radar,9,24,54,0,87,0,3,14,0,17,9,27,68,0,104,0,0,0,104
12/18/2021,BFL,CA,AWP,WE,Combined TRACON& Tower with Radar,9,14,23,0,46,0,1,51,0,52,9,15,74,0,98,66,0,66,164
12/19/2021,BFL,CA,AWP,WE,Combined TRACON& Tower with Radar,6,5,21,0,32,0,0,20,0,20,6,5,41,0,52,4,0,4,56
12/20/2021,BFL,CA,AWP,WE,Combined TRACON& Tower with Radar,7,12,24,2,45,0,0,1,0,1,7,12,25,2,46,0,0,0,46
12/21/2021,BFL,CA,AWP,WE,Combined TRACON& Tower with Radar,9,21,30,1,61,0,1,21,1,23,9,22,51,2,84,4,0,4,88
12/22/2021,BFL,CA,AWP,WE,Combined TRACON& Tower with Radar,10,19,32,0,61,0,1,29,2,32,10,20,61,2,93,8,0,8,101
12/23/2021,BFL,CA,AWP,WE,Combined TRACON& Tower with Radar,11,15,24,0,50,0,1,15,0,16,11,16,39,0,66,12,0,12,78
12/24/2021,BFL,CA,AWP,WE,Combined TRACON& Tower with Radar,9,15,9,0,33,0,1,16,1,18,9,16,25,1,51,2,0,2,53
12/25/2021,BFL,CA,AWP,WE,Combined TRACON& Tower with Radar,5,6,0,0,11,0,2,8,0,10,5,8,8,0,21,4,0,4,25
12/26/2021,BFL,CA,AWP,WE,Combined TRACON& Tower with Radar,9,6,10,0,25,0,0,38,0,38,9,6,48,0,63,10,0,10,73
12/27/2021,BFL,CA,AWP,WE,Combined TRACON& Tower with Radar,9,15,21,0,45,0,0,17,0,17,9,15,38,0,62,4,0,4,66
12/28/2021,BFL,CA,AWP,WE,Combined TRACON& Tower with Radar,9,15,24,0,48,0,1,29,0,30,9,16,53,0,78,20,0,20,98
12/29/2021,BFL,CA,AWP,WE,Combined TRACON& Tower with Radar,9,19,25,0,53,0,3,25,0,28,9,22,50,0,81,20,0,20,101
12/30/2021,BFL,CA,AWP,WE,Combined TRACON& Tower with Radar,9,16,23,2,50,0,0,14,0,14,9,16,37,2,64,24,0,24,88
12/31/2021,BFL,CA,AWP,WE,Combined TRACON& Tower with Radar,8,16,27,0,51,0,3,5,0,8,8,19,32,0,59,0,0,0,59
01/01/2022,BFL,CA,AWP,WE,Combined TRACON& Tower with Radar,5,5,8,0,18,0,1,30,0,31,5,6,38,0,49,0,0,0,49
01/02/2022,BFL,CA,AWP,WE,Combined TRACON& Tower with Radar,7,9,16,0,32,0,0,64,0,64,7,9,80,0,96,8,0,8,104
01/03/2022,BFL,CA,AWP,WE,Combined TRACON& Tower with Radar,8,13,16,0,37,0,0,73,1,74,8,13,89,1,111,14,0,14,125
01/04/2022,BFL,CA,AWP,WE,Combined TRACON& Tower with Radar,7,17,17,0,41,0,5,80,0,85,7,22,97,0,126,52,0,52,178
01/05/2022,BFL,CA,AWP,WE,Combined TRACON& Tower with Radar,8,13,22,0,43,0,0,92,0,92,8,13,114,0,135,128,0,128,263
01/06/2022,BFL,CA,AWP,WE,Combined TRACON& Tower with Radar,6,12,23,2,43,0,2,127,0,129,6,14,150,2,172,88,0,88,260
01/07/2022,BFL,CA,AWP,WE,Combined TRACON& Tower with Radar,9,15,48,0,72,0,2,12,0,14,9,17,60,0,86,0,0,0,86
01/08/2022,BFL,CA,AWP,WE,Combined TRACON& Tower with Radar,5,14,18,0,37,0,3,22,0,25,5,17,40,0,62,20,0,20,82
01/09/2022,BFL,CA,AWP,WE,Combined TRACON& Tower with Radar,10,5,20,0,35,0,0,39,0,39,10,5,59,0,74,21,0,21,95
01/10/2022,BFL,CA,AWP,WE,Combined TRACON& Tower with Radar,9,10,20,0,39,0,2,49,0,51,9,12,69,0,90,26,0,26,116
01/11/2022,BFL,CA,AWP,WE,Combined TRACON& Tower with Radar,3,9,12,0,24,0,2,111,0,113,3,11,123,0,137,76,0,76,213
01/12/2022,BFL,CA,AWP,WE,Combined TRACON& Tower with Radar,6,17,20,0,43,0,2,112,8,122,6,19,132,8,165,110,0,110,275
01/13/2022,BFL,CA,AWP,WE,Combined TRACON& Tower with Radar,7,21,30,2,60,0,4,78,4,86,7,25,108,6,146,70,0,70,216
01/14/2022,BFL,CA,AWP,WE,Combined TRACON& Tower with Radar,7,15,63,0,85,0,2,26,0,28,7,17,89,0,113,8,0,8,121
01/15/2022,BFL,CA,AWP,WE,Combined TRACON& Tower with Radar,4,11,24,0,39,0,1,14,0,15,4,12,38,0,54,4,0,4,58
01/16/2022,BFL,CA,AWP,WE,Combined TRACON& Tower with Radar,7,6,17,0,30,0,4,32,0,36,7,10,49,0,66,40,0,40,106
01/17/2022,BFL,CA,AWP,WE,Combined TRACON& Tower with Radar,4,9,19,0,32,0,2,36,0,38,4,11,55,0,70,16,0,16,86
01/18/2022,BFL,CA,AWP,WE,Combined TRACON& Tower with Radar,8,16,34,2,60,0,2,109,0,111,8,18,143,2,171,54,2,56,227
01/19/2022,BFL,CA,AWP,WE,Combined TRACON& Tower with Radar,6,12,73,1,92,0,1,85,1,87,6,13,158,2,179,30,0,30,209
01/20/2022,BFL,CA,AWP,WE,Combined TRACON& Tower with Radar,10,17,60,2,89,0,0,43,0,43,10,17,103,2,132,1,0,1,133
01/21/2022,BFL,CA,AWP,WE,Combined TRACON& Tower with Radar,6,18,85,6,115,0,0,13,0,13,6,18,98,6,128,0,0,0,128
01/22/2022,BFL,CA,AWP,WE,Combined TRACON& Tower with Radar,7,11,25,0,43,0,0,57,0,57,7,11,82,0,100,40,0,40,140
01/23/2022,BFL,CA,AWP,WE,Combined TRACON& Tower with Radar,8,9,20,2,39,0,0,70,11,81,8,9,90,13,120,34,0,34,154
01/24/2022,BFL,CA,AWP,WE,Combined TRACON& Tower with Radar,6,14,12,0,32,0,2,110,0,112,6,16,122,0,144,44,0,44,188
01/25/2022,BFL,CA,AWP,WE,Combined TRACON& Tower with Radar,8,20,18,0,46,0,4,123,1,128,8,24,141,1,174,75,0,75,249
01/26/2022,BFL,CA,AWP,WE,Combined TRACON& Tower with Radar,6,15,18,1,40,0,2,138,0,140,6,17,156,1,180,40,0,40,220
01/27/2022,BFL,CA,AWP,WE,Combined TRACON& Tower with Radar,11,17,24,1,53,0,9,177,24,210,11,26,201,25,263,54,6,60,323
01/28/2022,BFL,CA,AWP,WE,Combined TRACON& Tower with Radar,9,18,25,3,55,0,3,119,1,123,9,21,144,4,178,18,0,18,196
01/29/2022,BFL,CA,AWP,WE,Combined TRACON& Tower with Radar,8,12,16,0,36,0,6,82,3,91,8,18,98,3,127,54,0,54,181
01/30/2022,BFL,CA,AWP,WE,Combined TRACON& Tower with Radar,8,7,15,1,31,0,1,101,4,106,8,8,116,5,137,50,0,50,187
01/31/2022,BFL,CA,AWP,WE,Combined TRACON& Tower with Radar,8,15,21,0,44,0,1,117,6,124,8,16,138,6,168,80,0,80,248
02/01/2022,BFL,CA,AWP,WE,Combined TRACON& Tower with Radar,6,18,36,0,60,0,7,86,0,93,6,25,122,0,153,182,0,182,335
02/02/2022,BFL,CA,AWP,WE,Combined TRACON& Tower with Radar,7,15,30,8,60,0,5,123,14,142,7,20,153,22,202,132,0,132,334
02/03/2022,BFL,CA,AWP,WE,Combined TRACON& Tower with Radar,6,15,23,5,49,0,10,150,10,170,6,25,173,15,219,156,0,156,375
02/04/2022,BFL,CA,AWP,WE,Combined TRACON& Tower with Radar,9,15,23,0,47,0,4,153,10,167,9,19,176,10,214,136,0,136,350
02/05/2022,BFL,CA,AWP,WE,Combined TRACON& Tower with Radar,9,10,12,0,31,0,8,99,1,108,9,18,111,1,139,104,6,110,249
02/06/2022,BFL,CA,AWP,WE,Combined TRACON& Tower with Radar,10,9,14,0,33,0,2,92,0,94,10,11,106,0,127,59,0,59,186
02/07/2022,BFL,CA,AWP,WE,Combined TRACON& Tower with Radar,10,14,18,4,46,0,2,119,0,121,10,16,137,4,167,38,0,38,205
02/08/2022,BFL,CA,AWP,WE,Combined TRACON& Tower with Radar,6,17,18,1,42,0,7,139,5,151,6,24,157,6,193,92,0,92,285
02/09/2022,BFL,CA,AWP,WE,Combined TRACON& Tower with Radar,10,13,28,0,51,0,3,145,0,148,10,16,173,0,199,172,0,172,371
02/10/2022,BFL,CA,AWP,WE,Combined TRACON& Tower with Radar,8,20,27,1,56,0,4,147,6,157,8,24,174,7,213,62,0,62,275
02/11/2022,BFL,CA,AWP,WE,Combined TRACON& Tower with Radar,10,17,35,0,62,0,1,144,0,145,10,18,179,0,207,74,0,74,281
02/12/2022,BFL,CA,AWP,WE,Combined TRACON& Tower with Radar,8,9,9,0,26,0,2,145,0,147,8,11,154,0,173,78,0,78,251
02/13/2022,BFL,CA,AWP,WE,Combined TRACON& Tower with Radar,10,6,16,0,32,0,8,77,0,85,10,14,93,0,117,76,0,76,193
02/14/2022,BFL,CA,AWP,WE,Combined TRACON& Tower with Radar,10,16,18,0,44,0,4,105,0,109,10,20,123,0,153,92,0,92,245
02/15/2022,BFL,CA,AWP,WE,Combined TRACON& Tower with Radar,8,19,17,4,48,0,5,81,0,86,8,24,98,4,134,88,0,88,222
02/16/2022,BFL,CA,AWP,WE,Combined TRACON& Tower with Radar,8,15,22,2,47,0,4,150,9,163,8,19,172,11,210,78,0,78,288
02/17/2022,BFL,CA,AWP,WE,Combined TRACON& Tower with Radar,10,18,33,4,65,0,22,152,0,174,10,40,185,4,239,172,0,172,411
02/18/2022,BFL,CA,AWP,WE,Combined TRACON& Tower with Radar,8,15,15,0,38,0,5,156,2,163,8,20,171,2,201,63,0,63,264
02/19/2022,BFL,CA,AWP,WE,Combined TRACON& Tower with Radar,4,8,10,0,22,0,7,93,0,100,4,15,103,0,122,46,0,46,168
02/20/2022,BFL,CA,AWP,WE,Combined TRACON& Tower with Radar,10,4,14,0,28,0,4,89,0,93,10,8,103,0,121,64,0,64,185
02/21/2022,BFL,CA,AWP,WE,Combined TRACON& Tower with Radar,8,9,19,0,36,0,7,30,0,37,8,16,49,0,73,14,0,14,87
02/22/2022,BFL,CA,AWP,WE,Combined TRACON& Tower with Radar,8,12,39,0,59,0,4,78,4,86,8,16,117,4,145,290,0,290,435
02/23/2022,BFL,CA,AWP,WE,Combined TRACON& Tower with Radar,8,12,29,9,58,0,4,93,0,97,8,16,122,9,155,443,0,443,598
02/24/2022,BFL,CA,AWP,WE,Combined TRACON& Tower with Radar,8,17,21,0,46,0,8,184,0,192,8,25,205,0,238,466,0,466,704
02/25/2022,BFL,CA,AWP,WE,Combined TRACON& Tower with Radar,8,16,23,4,51,0,5,221,4,230,8,21,244,8,281,384,0,384,665
02/26/2022,BFL,CA,AWP,WE,Combined TRACON& Tower with Radar,6,8,11,0,25,0,6,160,3,169,6,14,171,3,194,743,0,743,937
02/27/2022,BFL,CA,AWP,WE,Combined TRACON& Tower with Radar,10,9,10,0,29,0,10,127,1,138,10,19,137,1,167,393,0,393,560
02/28/2022,BFL,CA,AWP,WE,Combined TRACON& Tower with Radar,10,14,18,0,42,0,5,161,0,166,10,19,179,0,208,538,0,538,746
03/01/2022,BFL,CA,AWP,WE,Combined TRACON& Tower with Radar,6,13,29,0,48,0,6,170,1,177,6,19,199,1,225,50,0,50,275
03/02/2022,BFL,CA,AWP,WE,Combined TRACON& Tower with Radar,10,14,31,4,59,0,4,195,5,204,10,18,226,9,263,362,0,362,625
03/03/2022,BFL,CA,AWP,WE,Combined TRACON& Tower with Radar,10,23,32,2,67,0,5,153,4,162,10,28,185,6,229,87,3,90,319
03/04/2022,BFL,CA,AWP,WE,Combined TRACON& Tower with Radar,10,17,25,0,52,0,3,58,0,61,10,20,83,0,113,60,0,60,173
03/05/2022,BFL,CA,AWP,WE,Combined TRACON& Tower with Radar,7,9,11,1,28,0,5,89,0,94,7,14,100,1,122,196,0,196,318
03/06/2022,BFL,CA,AWP,WE,Combined TRACON& Tower with Radar,10,4,22,1,37,0,3,103,5,111,10,7,125,6,148,78,0,78,226
03/07/2022,BFL,CA,AWP,WE,Combined TRACON& Tower with Radar,9,9,23,5,46,0,3,171,0,174,9,12,194,5,220,77,0,77,297
03/08/2022,BFL,CA,AWP,WE,Combined TRACON& Tower with Radar,8,11,15,0,34,0,8,183,1,192,8,19,198,1,226,134,0,134,360
03/09/2022,BFL,CA,AWP,WE,Combined TRACON& Tower with Radar,7,13,36,0,56,0,10,208,4,222,7,23,244,4,278,152,10,162,440
03/10/2022,BFL,CA,AWP,WE,Combined TRACON& Tower with Radar,9,20,29,0,58,0,1,178,12,191,9,21,207,12,249,159,0,159,408
03/11/2022,BFL,CA,AWP,WE,Combined TRACON& Tower with Radar,11,12,25,3,51,0,1,152,5,158,11,13,177,8,209,72,0,72,281
03/12/2022,BFL,CA,AWP,WE,Combined TRACON& Tower with Radar,8,9,17,0,34,0,6,102,0,108,8,15,119,0,142,34,0,34,176
03/13/2022,BFL,CA,AWP,WE,Combined TRACON& Tower with Radar,9,3,16,0,28,0,1,92,1,94,9,4,108,1,122,66,0,66,188
03/14/2022,BFL,CA,AWP,WE,Combined TRACON& Tower with Radar,9,14,24,0,47,0,2,123,0,125,9,16,147,0,172,68,0,68,240
03/15/2022,BFL,CA,AWP,WE,Combined TRACON& Tower with Radar,8,18,33,7,66,0,6,167,22,195,8,24,200,29,261,106,2,108,369
03/16/2022,BFL,CA,AWP,WE,Combined TRACON& Tower with Radar,7,17,20,2,46,0,5,129,2,136,7,22,149,4,182,128,0,128,310
03/17/2022,BFL,CA,AWP,WE,Combined TRACON& Tower with Radar,10,18,28,0,56,0,14,155,0,169,10,32,183,0,225,122,0,122,347
03/18/2022,BFL,CA,AWP,WE,Combined TRACON& Tower with Radar,8,14,27,0,49,0,3,181,8,192,8,17,208,8,241,108,10,118,359
03/19/2022,BFL,CA,AWP,WE,Combined TRACON& Tower with Radar,8,11,25,0,44,0,2,86,0,88,8,13,111,0,132,70,0,70,202
03/20/2022,BFL,CA,AWP,WE,Combined TRACON& Tower with Radar,9,7,22,0,38,0,2,46,0,48,9,9,68,0,86,12,0,12,98
03/21/2022,BFL,CA,AWP,WE,Combined TRACON& Tower with Radar,10,10,23,2,45,0,18,129,2,149,10,28,152,4,194,94,0,94,288
03/22/2022,BFL,CA,AWP,WE,Combined TRACON& Tower with Radar,8,12,17,2,39,0,9,178,0,187,8,21,195,2,226,138,0,138,364
03/23/2022,BFL,CA,AWP,WE,Combined TRACON& Tower with Radar,7,15,21,0,43,0,5,167,5,177,7,20,188,5,220,156,0,156,376
03/24/2022,BFL,CA,AWP,WE,Combined TRACON& Tower with Radar,11,13,29,0,53,0,9,200,0,209,11,22,229,0,262,126,0,126,388
03/25/2022,BFL,CA,AWP,WE,Combined TRACON& Tower with Radar,9,13,26,0,48,0,5,172,0,177,9,18,198,0,225,137,0,137,362
03/26/2022,BFL,CA,AWP,WE,Combined TRACON& Tower with Radar,8,12,11,0,31,0,9,103,2,114,8,21,114,2,145,80,0,80,225
03/27/2022,BFL,CA,AWP,WE,Combined TRACON& Tower with Radar,9,5,19,0,33,0,4,63,0,67,9,9,82,0,100,52,0,52,152
03/28/2022,BFL,CA,AWP,WE,Combined TRACON& Tower with Radar,9,10,23,4,46,0,0,45,0,45,9,10,68,4,91,21,0,21,112
03/29/2022,BFL,CA,AWP,WE,Combined TRACON& Tower with Radar,8,16,49,0,73,0,13,130,0,143,8,29,179,0,216,158,0,158,374
03/30/2022,BFL,CA,AWP,WE,Combined TRACON& Tower with Radar,7,15,18,0,40,2,8,131,0,141,9,23,149,0,181,128,0,128,309
03/31/2022,BFL,CA,AWP,WE,Combined TRACON& Tower with Radar,9,11,54,2,76,0,0,113,0,113,9,11,167,2,189,126,0,126,315
04/01/2022,BFL,CA,AWP,WE,Combined TRACON& Tower with Radar,9,15,22,0,46,0,6,175,5,186,9,21,197,5,232,69,0,69,301
04/02/2022,BFL,CA,AWP,WE,Combined TRACON& Tower with Radar,7,12,21,0,40,0,6,92,0,98,7,18,113,0,138,46,0,46,184
04/03/2022,BFL,CA,AWP,WE,Combined TRACON& Tower with Radar,9,5,22,0,36,0,4,81,0,85,9,9,103,0,121,52,0,52,173
04/04/2022,BFL,CA,AWP,WE,Combined TRACON& Tower with Radar,10,7,13,0,30,0,6,128,2,136,10,13,141,2,166,118,0,118,284
04/05/2022,BFL,CA,AWP,WE,Combined TRACON& Tower with Radar,9,13,17,0,39,0,5,133,21,159,9,18,150,21,198,128,18,146,344
04/06/2022,BFL,CA,AWP,WE,Combined TRACON& Tower with Radar,9,18,21,0,48,0,7,159,0,166,9,25,180,0,214,90,0,90,304
04/07/2022,BFL,CA,AWP,WE,Combined TRACON& Tower with Radar,11,13,32,0,56,0,6,169,2,177,11,19,201,2,233,168,0,168,401
04/08/2022,BFL,CA,AWP,WE,Combined TRACON& Tower with Radar,11,18,22,0,51,0,8,133,0,141,11,26,155,0,192,100,0,100,292
04/09/2022,BFL,CA,AWP,WE,Combined TRACON& Tower with Radar,9,10,9,0,28,0,8,95,0,103,9,18,104,0,131,80,0,80,211
04/10/2022,BFL,CA,AWP,WE,Combined TRACON& Tower with Radar,12,10,17,0,39,0,2,83,0,85,12,12,100,0,124,46,0,46,170
04/11/2022,BFL,CA,AWP,WE,Combined TRACON& Tower with Radar,14,8,28,0,50,0,9,110,0,119,14,17,138,0,169,89,0,89,258
04/12/2022,BFL,CA,AWP,WE,Combined TRACON& Tower with Radar,9,12,5,0,26,0,12,141,2,155,9,24,146,2,181,123,0,123,304
04/13/2022,BFL,CA,AWP,WE,Combined TRACON& Tower with Radar,9,18,27,2,56,0,5,184,9,198,9,23,211,11,254,110,0,110,364
04/14/2022,BFL,CA,AWP,WE,Combined TRACON& Tower with Radar,11,16,17,3,47,0,20,136,1,157,11,36,153,4,204,91,0,91,295
04/15/2022,BFL,CA,AWP,WE,Combined TRACON& Tower with Radar,12,11,29,2,54,0,8,64,0,72,12,19,93,2,126,39,0,39,165
04/16/2022,BFL,CA,AWP,WE,Combined TRACON& Tower with Radar,9,10,28,0,47,0,4,54,0,58,9,14,82,0,105,66,0,66,171
04/17/2022,BFL,CA,AWP,WE,Combined TRACON& Tower with Radar,11,7,11,0,29,0,8,55,0,63,11,15,66,0,92,30,0,30,122
04/18/2022,BFL,CA,AWP,WE,Combined TRACON& Tower with Radar,11,11,25,3,50,0,13,134,1,148,11,24,159,4,198,50,0,50,248
04/19/2022,BFL,CA,AWP,WE,Combined TRACON& Tower with Radar,9,11,23,0,43,0,5,154,0,159,9,16,177,0,202,69,0,69,271
04/20/2022,BFL,CA,AWP,WE,Combined TRACON& Tower with Radar,9,19,21,11,60,0,5,119,7,131,9,24,140,18,191,60,0,60,251
04/21/2022,BFL,CA,AWP,WE,Combined TRACON& Tower with Radar,13,12,34,0,59,0,18,86,0,104,13,30,120,0,163,46,0,46,209
04/22/2022,BFL,CA,AWP,WE,Combined TRACON& Tower with Radar,10,14,15,0,39,2,10,76,0,88,12,24,91,0,127,34,0,34,161
04/23/2022,BFL,CA,AWP,WE,Combined TRACON& Tower with Radar,9,8,22,0,39,0,5,110,0,115,9,13,132,0,154,70,0,70,224
04/24/2022,BFL,CA,AWP,WE,Combined TRACON& Tower with Radar,9,7,14,0,30,0,4,83,2,89,9,11,97,2,119,99,0,99,218
04/25/2022,BFL,CA,AWP,WE,Combined TRACON& Tower with Radar,10,13,15,0,38,0,1,118,0,119,10,14,133,0,157,47,0,47,204
04/26/2022,BFL,CA,AWP,WE,Combined TRACON& Tower with Radar,9,13,39,0,61,0,6,150,0,156,9,19,189,0,217,124,0,124,341
04/27/2022,BFL,CA,AWP,WE,Combined TRACON& Tower with Radar,14,21,27,2,64,0,4,130,0,134,14,25,157,2,198,96,2,98,296
04/28/2022,BFL,CA,AWP,WE,Combined TRACON& Tower with Radar,11,17,16,2,46,0,13,183,0,196,11,30,199,2,242,134,0,134,376
04/29/2022,BFL,CA,AWP,WE,Combined TRACON& Tower with Radar,11,14,24,0,49,0,8,133,2,143,11,22,157,2,192,134,0,134,326
04/30/2022,BFL,CA,AWP,WE,Combined TRACON& Tower with Radar,9,9,23,0,41,0,5,73,0,78,9,14,96,0,119,67,0,67,186
05/01/2022,BFL,CA,AWP,WE,Combined TRACON& Tower with Radar,10,11,13,0,34,0,0,108,0,108,10,11,121,0,142,66,0,66,208
05/02/2022,BFL,CA,AWP,WE,Combined TRACON& Tower with Radar,11,11,23,0,45,0,3,148,0,151,11,14,171,0,196,66,0,66,262
05/03/2022,BFL,CA,AWP,WE,Combined TRACON& Tower with Radar,11,14,27,0,52,0,4,141,56,201,11,18,168,56,253,70,0,70,323
05/04/2022,BFL,CA,AWP,WE,Combined TRACON& Tower with Radar,10,13,25,7,55,0,8,120,26,154,10,21,145,33,209,48,6,54,263
05/05/2022,BFL,CA,AWP,WE,Combined TRACON& Tower with Radar,10,26,20,4,60,0,4,138,0,142,10,30,158,4,202,86,0,86,288
05/06/2022,BFL,CA,AWP,WE,Combined TRACON& Tower with Radar,10,10,20,2,42,0,5,112,2,119,10,15,132,4,161,56,0,56,217
05/07/2022,BFL,CA,AWP,WE,Combined TRACON& Tower with Radar,11,7,17,0,35,0,6,62,2,70,11,13,79,2,105,48,0,48,153
05/08/2022,BFL,CA,AWP,WE,Combined TRACON& Tower with Radar,8,6,20,0,34,0,2,43,0,45,8,8,63,0,79,48,0,48,127
05/09/2022,BFL,CA,AWP,WE,Combined TRACON& Tower with Radar,9,11,26,0,46,0,2,94,0,96,9,13,120,0,142,42,0,42,184
05/10/2022,BFL,CA,AWP,WE,Combined TRACON& Tower with Radar,10,12,14,2,38,0,1,106,0,107,10,13,120,2,145,53,0,53,198
05/11/2022,BFL,CA,AWP,WE,Combined TRACON& Tower with Radar,10,15,29,0,54,0,7,141,0,148,10,22,170,0,202,98,0,98,300
05/12/2022,BFL,CA,AWP,WE,Combined TRACON& Tower with Radar,10,17,19,0,46,0,3,165,1,169,10,20,184,1,215,122,0,122,337
05/13/2022,BFL,CA,AWP,WE,Combined TRACON& Tower with Radar,11,19,16,0,46,0,2,131,0,133,11,21,147,0,179,110,0,110,289
05/14/2022,BFL,CA,AWP,WE,Combined TRACON& Tower with Radar,11,8,15,2,36,0,6,73,0,79,11,14,88,2,115,90,0,90,205
05/15/2022,BFL,CA,AWP,WE,Combined TRACON& Tower with Radar,9,7,19,0,35,0,1,64,2,67,9,8,83,2,102,51,0,51,153
05/16/2022,BFL,CA,AWP,WE,Combined TRACON& Tower with Radar,10,9,21,4,44,0,2,69,0,71,10,11,90,4,115,52,0,52,167
05/17/2022,BFL,CA,AWP,WE,Combined TRACON& Tower with Radar,11,17,32,0,60,0,8,127,11,146,11,25,159,11,206,78,0,78,284
05/18/2022,BFL,CA,AWP,WE,Combined TRACON& Tower with Radar,12,18,25,2,57,0,3,125,0,128,12,21,150,2,185,40,0,40,225
05/19/2022,BFL,CA,AWP,WE,Combined TRACON& Tower with Radar,10,22,20,2,54,0,2,146,4,152,10,24,166,6,206,34,28,62,268
05/20/2022,BFL,CA,AWP,WE,Combined TRACON& Tower with Radar,11,11,22,4,48,1,7,80,2,90,12,18,102,6,138,70,0,70,208
05/21/2022,BFL,CA,AWP,WE,Combined TRACON& Tower with Radar,11,9,10,0,30,0,4,72,0,76,11,13,82,0,106,6,0,6,112
05/22/2022,BFL,CA,AWP,WE,Combined TRACON& Tower with Radar,10,8,16,0,34,0,2,102,0,104,10,10,118,0,138,38,0,38,176
05/23/2022,BFL,CA,AWP,WE,Combined TRACON& Tower with Radar,10,9,19,1,39,0,1,150,3,154,10,10,169,4,193,135,0,135,328
05/24/2022,BFL,CA,AWP,WE,Combined TRACON& Tower with Radar,11,13,18,0,42,0,6,118,0,124,11,19,136,0,166,62,0,62,228
05/25/2022,BFL,CA,AWP,WE,Combined TRACON& Tower with Radar,9,17,18,0,44,0,7,104,1,112,9,24,122,1,156,48,0,48,204
05/26/2022,BFL,CA,AWP,WE,Combined TRACON& Tower with Radar,10,14,24,2,50,0,2,99,21,122,10,16,123,23,172,94,0,94,266
05/27/2022,BFL,CA,AWP,WE,Combined TRACON& Tower with Radar,11,11,32,2,56,1,5,92,1,99,12,16,124,3,155,34,0,34,189
05/28/2022,BFL,CA,AWP,WE,Combined TRACON& Tower with Radar,11,9,18,0,38,0,3,70,0,73,11,12,88,0,111,50,0,50,161
05/29/2022,BFL,CA,AWP,WE,Combined TRACON& Tower with Radar,10,6,15,0,31,0,2,59,1,62,10,8,74,1,93,30,0,30,123
05/30/2022,BFL,CA,AWP,WE,Combined TRACON& Tower with Radar,10,7,13,0,30,0,3,92,0,95,10,10,105,0,125,30,0,30,155
05/31/2022,BFL,CA,AWP,WE,Combined TRACON& Tower with Radar,10,11,18,2,41,0,3,123,8,134,10,14,141,10,175,38,0,38,213
06/01/2022,BFL,CA,AWP,WE,Combined TRACON& Tower with Radar,9,16,14,0,39,0,9,162,0,171,9,25,176,0,210,81,0,81,291
06/02/2022,BFL,CA,AWP,WE,Combined TRACON& Tower with Radar,12,14,23,0,49,0,11,126,0,137,12,25,149,0,186,98,0,98,284
06/03/2022,BFL,CA,AWP,WE,Combined TRACON& Tower with Radar,9,13,37,0,59,0,7,146,0,153,9,20,183,0,212,118,0,118,330
06/04/2022,BFL,CA,AWP,WE,Combined TRACON& Tower with Radar,9,11,10,0,30,0,2,96,0,98,9,13,106,0,128,60,0,60,188
06/05/2022,BFL,CA,AWP,WE,Combined TRACON& Tower with Radar,10,3,16,0,29,0,4,76,0,80,10,7,92,0,109,53,0,53,162
06/06/2022,BFL,CA,AWP,WE,Combined TRACON& Tower with Radar,10,9,18,2,39,0,4,114,0,118,10,13,132,2,157,44,0,44,201
06/07/2022,BFL,CA,AWP,WE,Combined TRACON& Tower with Radar,8,14,36,6,64,0,1,143,4,148,8,15,179,10,212,55,0,55,267
06/08/2022,BFL,CA,AWP,WE,Combined TRACON& Tower with Radar,10,13,49,8,80,0,9,130,4,143,10,22,179,12,223,53,0,53,276
06/09/2022,BFL,CA,AWP,WE,Combined TRACON& Tower with Radar,10,13,35,0,58,0,6,100,2,108,10,19,135,2,166,34,0,34,200
06/10/2022,BFL,CA,AWP,WE,Combined TRACON& Tower with Radar,10,8,28,2,48,0,3,97,2,102,10,11,125,4,150,56,0,56,206
06/11/2022,BFL,CA,AWP,WE,Combined TRACON& Tower with Radar,7,8,5,0,20,0,3,40,0,43,7,11,45,0,63,8,0,8,71
06/12/2022,BFL,CA,AWP,WE,Combined TRACON& Tower with Radar,10,3,24,0,37,0,0,68,0,68,10,3,92,0,105,44,0,44,149
06/13/2022,BFL,CA,AWP,WE,Combined TRACON& Tower with Radar,11,7,19,0,37,0,5,129,0,134,11,12,148,0,171,48,0,48,219
06/14/2022,BFL,CA,AWP,WE,Combined TRACON& Tower with Radar,8,9,25,4,46,0,7,156,0,163,8,16,181,4,209,78,0,78,287
06/15/2022,BFL,CA,AWP,WE,Combined TRACON& Tower with Radar,10,10,18,2,40,0,6,148,2,156,10,16,166,4,196,82,0,82,278
06/16/2022,BFL,CA,AWP,WE,Combined TRACON& Tower with Radar,10,24,34,4,72,0,6,144,10,160,10,30,178,14,232,96,0,96,328
06/17/2022,BFL,CA,AWP,WE,Combined TRACON& Tower with Radar,10,9,28,0,47,0,7,132,6,145,10,16,160,6,192,58,0,58,250
06/18/2022,BFL,CA,AWP,WE,Combined TRACON& Tower with Radar,9,5,14,0,28,0,11,77,0,88,9,16,91,0,116,38,0,38,154
06/19/2022,BFL,CA,AWP,WE,Combined TRACON& Tower with Radar,11,4,13,0,28,0,0,95,0,95,11,4,108,0,123,78,0,78,201
06/20/2022,BFL,CA,AWP,WE,Combined TRACON& Tower with Radar,10,5,22,0,37,0,7,119,0,126,10,12,141,0,163,194,0,194,357
06/21/2022,BFL,CA,AWP,WE,Combined TRACON& Tower with Radar,9,9,24,2,44,0,8,122,5,135,9,17,146,7,179,154,0,154,333
06/22/2022,BFL,CA,AWP,WE,Combined TRACON& Tower with Radar,11,10,23,0,44,0,1,35,1,37,11,11,58,1,81,4,0,4,85
06/23/2022,BFL,CA,AWP,WE,Combined TRACON& Tower with Radar,11,14,19,0,44,0,2,146,10,158,11,16,165,10,202,44,0,44,246
06/24/2022,BFL,CA,AWP,WE,Combined TRACON& Tower with Radar,11,7,19,0,37,0,9,176,4,189,11,16,195,4,226,66,0,66,292
06/25/2022,BFL,CA,AWP,WE,Combined TRACON& Tower with Radar,9,5,19,0,33,0,3,135,0,138,9,8,154,0,171,68,0,68,239
06/26/2022,BFL,CA,AWP,WE,Combined TRACON& Tower with Radar,11,4,16,0,31,0,0,111,0,111,11,4,127,0,142,52,0,52,194
06/27/2022,BFL,CA,AWP,WE,Combined TRACON& Tower with Radar,11,4,12,3,30,0,4,118,32,154,11,8,130,35,184,66,6,72,256
06/28/2022,BFL,CA,AWP,WE,Combined TRACON& Tower with Radar,9,13,19,2,43,0,8,156,2,166,9,21,175,4,209,66,6,72,281
06/29/2022,BFL,CA,AWP,WE,Combined TRACON& Tower with Radar,11,8,25,3,47,0,8,131,15,154,11,16,156,18,201,97,0,97,298
06/30/2022,BFL,CA,AWP,WE,Combined TRACON& Tower with Radar,10,14,16,0,40,0,6,139,0,145,10,20,155,0,185,72,0,72,257
07/01/2022,BFL,CA,AWP,WE,Combined TRACON& Tower with Radar,11,9,19,1,40,0,5,155,1,161,11,14,174,2,201,90,0,90,291
07/02/2022,BFL,CA,AWP,WE,Combined TRACON& Tower with Radar,7,3,12,0,22,0,7,76,0,83,7,10,88,0,105,36,0,36,141
07/03/2022,BFL,CA,AWP,WE,Combined TRACON& Tower with Radar,8,1,4,0,13,0,2,69,1,72,8,3,73,1,85,35,0,35,120
07/04/2022,BFL,CA,AWP,WE,Combined TRACON& Tower with Radar,8,0,7,0,15,0,2,53,0,55,8,2,60,0,70,22,0,22,92
07/05/2022,BFL,CA,AWP,WE,Combined TRACON& Tower with Radar,9,6,22,0,37,0,5,103,0,108,9,11,125,0,145,78,0,78,223
07/06/2022,BFL,CA,AWP,WE,Combined TRACON& Tower with Radar,13,11,32,4,60,1,3,119,6,129,14,14,151,10,189,66,0,66,255
07/07/2022,BFL,CA,AWP,WE,Combined TRACON& Tower with Radar,10,13,28,2,53,0,10,157,4,171,10,23,185,6,224,98,0,98,322
07/08/2022,BFL,CA,AWP,WE,Combined TRACON& Tower with Radar,10,7,16,2,35,0,5,170,2,177,10,12,186,4,212,115,0,115,327
07/09/2022,BFL,CA,AWP,WE,Combined TRACON& Tower with Radar,8,8,19,2,37,0,2,79,2,83,8,10,98,4,120,40,0,40,160
07/10/2022,BFL,CA,AWP,WE,Combined TRACON& Tower with Radar,10,1,14,0,25,0,7,83,1,91,10,8,97,1,116,32,0,32,148
07/11/2022,BFL,CA,AWP,WE,Combined TRACON& Tower with Radar,10,10,19,1,40,0,5,95,8,108,10,15,114,9,148,58,6,64,212
07/12/2022,BFL,CA,AWP,WE,Combined TRACON& Tower with Radar,8,11,24,6,49,0,10,146,8,164,8,21,170,14,213,24,8,32,245
07/13/2022,BFL,CA,AWP,WE,Combined TRACON& Tower with Radar,12,13,35,0,60,0,4,124,6,134,12,17,159,6,194,66,0,66,260
07/14/2022,BFL,CA,AWP,WE,Combined TRACON& Tower with Radar,12,13,28,0,53,0,1,140,0,141,12,14,168,0,194,66,0,66,260
07/15/2022,BFL,CA,AWP,WE,Combined TRACON& Tower with Radar,10,12,34,2,58,0,1,126,16,143,10,13,160,18,201,80,0,80,281
07/16/2022,BFL,CA,AWP,WE,Combined TRACON& Tower with Radar,8,6,17,0,31,0,3,58,0,61,8,9,75,0,92,10,0,10,102
07/17/2022,BFL,CA,AWP,WE,Combined TRACON& Tower with Radar,10,2,12,0,24,0,5,45,0,50,10,7,57,0,74,12,0,12,86
07/18/2022,BFL,CA,AWP,WE,Combined TRACON& Tower with Radar,10,5,11,0,26,0,5,98,2,105,10,10,109,2,131,90,2,92,223
07/19/2022,BFL,CA,AWP,WE,Combined TRACON& Tower with Radar,9,10,20,5,44,0,12,120,19,151,9,22,140,24,195,54,10,64,259
07/20/2022,BFL,CA,AWP,WE,Combined TRACON& Tower with Radar,11,13,21,0,45,0,5,120,0,125,11,18,141,0,170,74,0,74,244
07/21/2022,BFL,CA,AWP,WE,Combined TRACON& Tower with Radar,10,12,22,2,46,0,7,133,7,147,10,19,155,9,193,138,0,138,331
07/22/2022,BFL,CA,AWP,WE,Combined TRACON& Tower with Radar,10,10,15,2,37,0,7,135,2,144,10,17,150,4,181,82,0,82,263
07/23/2022,BFL,CA,AWP,WE,Combined TRACON& Tower with Radar,8,7,17,0,32,0,6,73,0,79,8,13,90,0,111,50,0,50,161
07/24/2022,BFL,CA,AWP,WE,Combined TRACON& Tower with Radar,7,5,20,0,32,0,10,61,0,71,7,15,81,0,103,42,0,42,145
07/25/2022,BFL,CA,AWP,WE,Combined TRACON& Tower with Radar,10,6,20,5,41,0,4,98,9,111,10,10,118,14,152,66,0,66,218
07/26/2022,BFL,CA,AWP,WE,Combined TRACON& Tower with Radar,9,12,24,4,49,0,7,107,0,114,9,19,131,4,163,28,0,28,191
07/27/2022,BFL,CA,AWP,WE,Combined TRACON& Tower with Radar,11,14,25,4,54,0,2,115,2,119,11,16,140,6,173,39,2,41,214
07/28/2022,BFL,CA,AWP,WE,Combined TRACON& Tower with Radar,10,10,30,0,50,0,1,116,0,117,10,11,146,0,167,56,0,56,223
07/29/2022,BFL,CA,AWP,WE,Combined TRACON& Tower with Radar,10,10,19,0,39,0,6,103,8,117,10,16,122,8,156,66,0,66,222
07/30/2022,BFL,CA,AWP,WE,Combined TRACON& Tower with Radar,7,5,14,0,26,0,4,62,0,66,7,9,76,0,92,4,0,4,96
07/31/2022,BFL,CA,AWP,WE,Combined TRACON& Tower with Radar,10,1,18,0,29,0,4,53,0,57,10,5,71,0,86,15,0,15,101
08/01/2022,BFL,CA,AWP,WE,Combined TRACON& Tower with Radar,9,4,23,5,41,7,8,110,3,128,16,12,133,8,169,28,0,28,197
08/02/2022,BFL,CA,AWP,WE,Combined TRACON& Tower with Radar,9,11,31,5,56,0,5,123,10,138,9,16,154,15,194,80,0,80,274
08/03/2022,BFL,CA,AWP,WE,Combined TRACON& Tower with Radar,11,12,17,1,41,0,7,160,10,177,11,19,177,11,218,68,0,68,286
08/04/2022,BFL,CA,AWP,WE,Combined TRACON& Tower with Radar,10,12,19,0,41,0,8,97,0,105,10,20,116,0,146,50,0,50,196
08/05/2022,BFL,CA,AWP,WE,Combined TRACON& Tower with Radar,8,11,22,0,41,0,6,106,0,112,8,17,128,0,153,102,0,102,255
08/06/2022,BFL,CA,AWP,WE,Combined TRACON& Tower with Radar,8,5,11,0,24,0,7,95,0,102,8,12,106,0,126,50,0,50,176
08/07/2022,BFL,CA,AWP,WE,Combined TRACON& Tower with Radar,7,7,26,0,40,0,1,61,0,62,7,8,87,0,102,24,0,24,126
08/08/2022,BFL,CA,AWP,WE,Combined TRACON& Tower with Radar,10,7,20,0,37,0,3,110,14,127,10,10,130,14,164,40,6,46,210
08/09/2022,BFL,CA,AWP,WE,Combined TRACON& Tower with Radar,8,13,14,4,39,0,6,150,0,156,8,19,164,4,195,67,0,67,262
08/10/2022,BFL,CA,AWP,WE,Combined TRACON& Tower with Radar,10,12,19,2,43,0,7,125,0,132,10,19,144,2,175,40,0,40,215
08/11/2022,BFL,CA,AWP,WE,Combined TRACON& Tower with Radar,8,10,21,2,41,0,23,130,0,153,8,33,151,2,194,120,0,120,314
08/12/2022,BFL,CA,AWP,WE,Combined TRACON& Tower with Radar,7,8,16,0,31,0,3,131,0,134,7,11,147,0,165,36,0,36,201
08/13/2022,BFL,CA,AWP,WE,Combined TRACON& Tower with Radar,8,4,10,0,22,0,7,67,0,74,8,11,77,0,96,24,0,24,120
08/14/2022,BFL,CA,AWP,WE,Combined TRACON& Tower with Radar,10,1,15,0,26,0,2,67,0,69,10,3,82,0,95,4,0,4,99
08/15/2022,BFL,CA,AWP,WE,Combined TRACON& Tower with Radar,8,7,15,0,30,0,3,117,0,120,8,10,132,0,150,66,0,66,216
08/16/2022,BFL,CA,AWP,WE,Combined TRACON& Tower with Radar,10,13,19,1,43,0,3,143,3,149,10,16,162,4,192,52,0,52,244
08/17/2022,BFL,CA,AWP,WE,Combined TRACON& Tower with Radar,8,16,21,0,45,0,2,142,0,144,8,18,163,0,189,62,0,62,251
08/18/2022,BFL,CA,AWP,WE,Combined TRACON& Tower with Radar,8,15,28,1,52,0,3,147,12,162,8,18,175,13,214,47,0,47,261
08/19/2022,BFL,CA,AWP,WE,Combined TRACON& Tower with Radar,10,9,16,2,37,1,2,142,4,149,11,11,158,6,186,64,0,64,250
08/20/2022,BFL,CA,AWP,WE,Combined TRACON& Tower with Radar,10,4,12,0,26,0,7,95,0,102,10,11,107,0,128,20,0,20,148
08/21/2022,BFL,CA,AWP,WE,Combined TRACON& Tower with Radar,8,2,26,1,37,0,1,63,0,64,8,3,89,1,101,14,0,14,115
08/22/2022,BFL,CA,AWP,WE,Combined TRACON& Tower with Radar,8,6,23,4,41,0,6,102,0,108,8,12,125,4,149,64,0,64,213
08/23/2022,BFL,CA,AWP,WE,Combined TRACON& Tower with Radar,8,15,15,4,42,0,5,142,0,147,8,20,157,4,189,78,0,78,267
08/24/2022,BFL,CA,AWP,WE,Combined TRACON& Tower with Radar,8,15,16,0,39,0,2,120,6,128,8,17,136,6,167,69,6,75,242
08/25/2022,BFL,CA,AWP,WE,Combined TRACON& Tower with Radar,10,14,25,4,53,0,2,155,0,157,10,16,180,4,210,62,0,62,272
08/26/2022,BFL,CA,AWP,WE,Combined TRACON& Tower with Radar,8,10,21,0,39,0,2,153,3,158,8,12,174,3,197,113,0,113,310
08/27/2022,BFL,CA,AWP,WE,Combined TRACON& Tower with Radar,10,4,16,2,32,0,1,90,0,91,10,5,106,2,123,32,0,32,155
08/28/2022,BFL,CA,AWP,WE,Combined TRACON& Tower with Radar,8,2,20,4,34,0,3,84,0,87,8,5,104,4,121,36,0,36,157
08/29/2022,BFL,CA,AWP,WE,Combined TRACON& Tower with Radar,9,9,19,2,39,0,13,145,0,158,9,22,164,2,197,208,0,208,405
08/30/2022,BFL,CA,AWP,WE,Combined TRACON& Tower with Radar,9,11,13,2,35,0,1,169,0,170,9,12,182,2,205,146,0,146,351
08/31/2022,BFL,CA,AWP,WE,Combined TRACON& Tower with Radar,11,11,14,7,43,0,7,169,3,179,11,18,183,10,222,78,14,92,314
09/01/2022,BFL,CA,AWP,WE,Combined TRACON& Tower with Radar,10,15,13,2,40,0,2,151,0,153,10,17,164,2,193,74,0,74,267
09/02/2022,BFL,CA,AWP,WE,Combined TRACON& Tower with Radar,7,9,24,0,40,0,5,140,6,151,7,14,164,6,191,94,0,94,285
09/03/2022,BFL,CA,AWP,WE,Combined TRACON& Tower with Radar,9,6,12,0,27,0,2,72,0,74,9,8,84,0,101,44,0,44,145
09/04/2022,BFL,CA,AWP,WE,Combined TRACON& Tower with Radar,7,2,10,0,19,0,2,47,1,50,7,4,57,1,69,36,0,36,105
09/05/2022,BFL,CA,AWP,WE,Combined TRACON& Tower with Radar,10,3,13,0,26,0,3,73,0,76,10,6,86,0,102,32,0,32,134
09/06/2022,BFL,CA,AWP,WE,Combined TRACON& Tower with Radar,12,6,7,0,25,0,3,62,0,65,12,9,69,0,90,15,0,15,105
09/07/2022,BFL,CA,AWP,WE,Combined TRACON& Tower with Radar,11,7,19,3,40,0,5,104,21,130,11,12,123,24,170,46,0,46,216
09/08/2022,BFL,CA,AWP,WE,Combined TRACON& Tower with Radar,14,12,29,4,59,0,5,127,8,140,14,17,156,12,199,109,6,115,314
09/09/2022,BFL,CA,AWP,WE,Combined TRACON& Tower with Radar,10,13,22,9,54,0,6,106,13,125,10,19,128,22,179,86,0,86,265
09/10/2022,BFL,CA,AWP,WE,Combined TRACON& Tower with Radar,9,9,20,0,38,0,11,52,1,64,9,20,72,1,102,22,0,22,124
09/11/2022,BFL,CA,AWP,WE,Combined TRACON& Tower with Radar,9,3,23,0,35,0,2,74,0,76,9,5,97,0,111,43,0,43,154
09/12/2022,BFL,CA,AWP,WE,Combined TRACON& Tower with Radar,10,8,17,2,37,0,8,87,1,96,10,16,104,3,133,70,4,74,207
09/13/2022,BFL,CA,AWP,WE,Combined TRACON& Tower with Radar,9,18,19,2,48,0,9,149,0,158,9,27,168,2,206,96,0,96,302
09/14/2022,BFL,CA,AWP,WE,Combined TRACON& Tower with Radar,9,14,29,3,55,0,2,152,9,163,9,16,181,12,218,120,0,120,338
09/15/2022,BFL,CA,AWP,WE,Combined TRACON& Tower with Radar,10,12,19,2,43,0,3,169,0,172,10,15,188,2,215,96,0,96,311
09/16/2022,BFL,CA,AWP,WE,Combined TRACON& Tower with Radar,10,13,28,0,51,0,7,124,1,132,10,20,152,1,183,93,0,93,276
09/17/2022,BFL,CA,AWP,WE,Combined TRACON& Tower with Radar,9,8,13,2,32,0,6,81,0,87,9,14,94,2,119,60,0,60,179
09/18/2022,BFL,CA,AWP,WE,Combined TRACON& Tower with Radar,10,2,20,0,32,0,1,76,0,77,10,3,96,0,109,28,0,28,137
09/19/2022,BFL,CA,AWP,WE,Combined TRACON& Tower with Radar,10,5,14,0,29,0,8,126,2,136,10,13,140,2,165,126,0,126,291
09/20/2022,BFL,CA,AWP,WE,Combined TRACON& Tower with Radar,9,15,26,0,50,0,9,138,1,148,9,24,164,1,198,156,0,156,354
09/21/2022,BFL,CA,AWP,WE,Combined TRACON& Tower with Radar,8,13,12,0,33,0,7,141,0,148,8,20,153,0,181,126,0,126,307
09/22/2022,BFL,CA,AWP,WE,Combined TRACON& Tower with Radar,9,13,23,0,45,1,11,146,4,162,10,24,169,4,207,165,0,165,372
09/23/2022,BFL,CA,AWP,WE,Combined TRACON& Tower with Radar,10,10,13,0,33,0,7,174,0,181,10,17,187,0,214,128,0,128,342
09/24/2022,BFL,CA,AWP,WE,Combined TRACON& Tower with Radar,8,9,19,0,36,0,1,69,0,70,8,10,88,0,106,46,0,46,152
09/25/2022,BFL,CA,AWP,WE,Combined TRACON& Tower with Radar,10,1,12,0,23,0,0,104,0,104,10,1,116,0,127,94,0,94,221
09/26/2022,BFL,CA,AWP,WE,Combined TRACON& Tower with Radar,10,4,14,0,28,0,4,104,0,108,10,8,118,0,136,57,0,57,193
09/27/2022,BFL,CA,AWP,WE,Combined TRACON& Tower with Radar,9,15,30,17,71,0,1,143,3,147,9,16,173,20,218,164,22,186,404
09/28/2022,BFL,CA,AWP,WE,Combined TRACON& Tower with Radar,9,10,15,5,39,0,3,158,1,162,9,13,173,6,201,152,0,152,353
09/29/2022,BFL,CA,AWP,WE,Combined TRACON& Tower with Radar,10,9,23,2,44,0,11,161,0,172,10,20,184,2,216,118,0,118,334
09/30/2022,BFL,CA,AWP,WE,Combined TRACON& Tower with Radar,10,9,21,0,40,0,5,140,1,146,10,14,161,1,186,126,0,126,312
10/01/2022,BFL,CA,AWP,WE,Combined TRACON& Tower with Radar,9,9,20,0,38,0,6,89,0,95,9,15,109,0,133,54,0,54,187
10/02/2022,BFL,CA,AWP,WE,Combined TRACON& Tower with Radar,8,2,13,0,23,0,2,88,0,90,8,4,101,0,113,60,0,60,173
10/03/2022,BFL,CA,AWP,WE,Combined TRACON& Tower with Radar,8,7,23,2,40,0,10,72,46,128,8,17,95,48,168,146,0,146,314
10/04/2022,BFL,CA,AWP,WE,Combined TRACON& Tower with Radar,7,13,17,2,39,0,10,120,0,130,7,23,137,2,169,88,0,88,257
10/05/2022,BFL,CA,AWP,WE,Combined TRACON& Tower with Radar,8,15,17,2,42,0,8,140,2,150,8,23,157,4,192,126,0,126,318
10/06/2022,BFL,CA,AWP,WE,Combined TRACON& Tower with Radar,7,11,29,0,47,0,13,144,0,157,7,24,173,0,204,86,0,86,290
10/07/2022,BFL,CA,AWP,WE,Combined TRACON& Tower with Radar,8,11,29,0,48,0,16,122,2,140,8,27,151,2,188,96,0,96,284
10/08/2022,BFL,CA,AWP,WE,Combined TRACON& Tower with Radar,10,7,17,0,34,0,1,74,0,75,10,8,91,0,109,42,0,42,151
10/09/2022,BFL,CA,AWP,WE,Combined TRACON& Tower with Radar,9,4,20,0,33,1,1,90,0,92,10,5,110,0,125,44,0,44,169
10/10/2022,BFL,CA,AWP,WE,Combined TRACON& Tower with Radar,10,8,24,3,45,0,7,94,0,101,10,15,118,3,146,70,0,70,216
10/11/2022,BFL,CA,AWP,WE,Combined TRACON& Tower with Radar,10,14,35,5,64,0,7,130,13,150,10,21,165,18,214,96,0,96,310
10/12/2022,BFL,CA,AWP,WE,Combined TRACON& Tower with Radar,9,18,30,8,65,0,8,161,0,169,9,26,191,8,234,92,0,92,326
10/13/2022,BFL,CA,AWP,WE,Combined TRACON& Tower with Radar,9,15,36,0,60,0,7,149,0,156,9,22,185,0,216,120,0,120,336
10/14/2022,BFL,CA,AWP,WE,Combined TRACON& Tower with Radar,9,14,25,3,51,0,8,166,2,176,9,22,191,5,227,96,0,96,323
10/15/2022,BFL,CA,AWP,WE,Combined TRACON& Tower with Radar,9,10,15,0,34,0,0,76,0,76,9,10,91,0,110,56,0,56,166
10/16/2022,BFL,CA,AWP,WE,Combined TRACON& Tower with Radar,9,4,15,4,32,0,2,97,2,101,9,6,112,6,133,92,0,92,225
10/17/2022,BFL,CA,AWP,WE,Combined TRACON& Tower with Radar,10,9,14,0,33,0,13,141,0,154,10,22,155,0,187,98,0,98,285
10/18/2022,BFL,CA,AWP,WE,Combined TRACON& Tower with Radar,11,12,15,2,40,0,14,148,16,178,11,26,163,18,218,366,3,369,587
10/19/2022,BFL,CA,AWP,WE,Combined TRACON& Tower with Radar,10,11,18,0,39,0,19,173,4,196,10,30,191,4,235,356,0,356,591
10/20/2022,BFL,CA,AWP,WE,Combined TRACON& Tower with Radar,9,10,18,4,41,0,21,163,2,186,9,31,181,6,227,342,0,342,569
10/21/2022,BFL,CA,AWP,WE,Combined TRACON& Tower with Radar,11,13,29,2,55,0,19,159,2,180,11,32,188,4,235,314,0,314,549
10/22/2022,BFL,CA,AWP,WE,Combined TRACON& Tower with Radar,9,5,27,0,41,0,13,94,0,107,9,18,121,0,148,316,0,316,464
10/23/2022,BFL,CA,AWP,WE,Combined TRACON& Tower with Radar,8,4,20,0,32,1,8,126,0,135,9,12,146,0,167,312,0,312,479
10/24/2022,BFL,CA,AWP,WE,Combined TRACON& Tower with Radar,8,13,21,4,46,0,2,207,0,209,8,15,228,4,255,413,0,413,668
10/25/2022,BFL,CA,AWP,WE,Combined TRACON& Tower with Radar,9,18,20,0,47,0,1,153,12,166,9,19,173,12,213,49,0,49,262
10/26/2022,BFL,CA,AWP,WE,Combined TRACON& Tower with Radar,10,21,23,0,54,0,4,180,0,184,10,25,203,0,238,39,0,39,277
10/27/2022,BFL,CA,AWP,WE,Combined TRACON& Tower with Radar,9,15,25,0,49,0,5,187,0,192,9,20,212,0,241,294,0,294,535
10/28/2022,BFL,CA,AWP,WE,Combined TRACON& Tower with Radar,9,15,23,6,53,0,10,131,0,141,9,25,154,6,194,80,0,80,274
10/29/2022,BFL,CA,AWP,WE,Combined TRACON& Tower with Radar,6,5,22,0,33,0,8,91,0,99,6,13,113,0,132,78,0,78,210
10/30/2022,BFL,CA,AWP,WE,Combined TRACON& Tower with Radar,10,6,16,0,32,0,14,60,0,74,10,20,76,0,106,32,0,32,138
10/31/2022,BFL,CA,AWP,WE,Combined TRACON& Tower with Radar,6,7,15,0,28,0,10,116,0,126,6,17,131,0,154,106,0,106,260
11/01/2022,BFL,CA,AWP,WE,Combined TRACON& Tower with Radar,9,12,21,4,46,0,1,117,0,118,9,13,138,4,164,82,0,82,246
11/02/2022,BFL,CA,AWP,WE,Combined TRACON& Tower with Radar,10,14,31,2,57,0,4,129,0,133,10,18,160,2,190,194,0,194,384
11/03/2022,BFL,CA,AWP,WE,Combined TRACON& Tower with Radar,10,11,36,0,57,0,7,107,1,115,10,18,143,1,172,95,0,95,267
11/04/2022,BFL,CA,AWP,WE,Combined TRACON& Tower with Radar,8,10,15,0,33,0,2,128,1,131,8,12,143,1,164,58,0,58,222
11/05/2022,BFL,CA,AWP,WE,Combined TRACON& Tower with Radar,10,6,12,5,33,0,2,69,1,72,10,8,81,6,105,46,0,46,151
11/06/2022,BFL,CA,AWP,WE,Combined TRACON& Tower with Radar,8,3,32,2,45,0,4,54,0,58,8,7,86,2,103,30,0,30,133
11/07/2022,BFL,CA,AWP,WE,Combined TRACON& Tower with Radar,10,8,24,1,43,0,2,33,0,35,10,10,57,1,78,22,0,22,100
11/08/2022,BFL,CA,AWP,WE,Combined TRACON& Tower with Radar,10,11,14,2,37,0,6,41,2,49,10,17,55,4,86,62,3,65,151
11/09/2022,BFL,CA,AWP,WE,Combined TRACON& Tower with Radar,8,11,36,0,55,0,3,130,0,133,8,14,166,0,188,78,0,78,266
11/10/2022,BFL,CA,AWP,WE,Combined TRACON& Tower with Radar,10,15,19,1,45,0,5,180,0,185,10,20,199,1,230,62,0,62,292
11/11/2022,BFL,CA,AWP,WE,Combined TRACON& Tower with Radar,10,13,26,2,51,0,0,84,3,87,10,13,110,5,138,32,0,32,170
11/12/2022,BFL,CA,AWP,WE,Combined TRACON& Tower with Radar,10,10,14,0,34,0,2,48,0,50,10,12,62,0,84,10,0,10,94
11/13/2022,BFL,CA,AWP,WE,Combined TRACON& Tower with Radar,8,8,26,0,42,0,7,68,0,75,8,15,94,0,117,74,0,74,191
11/14/2022,BFL,CA,AWP,WE,Combined TRACON& Tower with Radar,10,12,22,4,48,0,0,132,12,144,10,12,154,16,192,96,30,126,318
11/15/2022,BFL,CA,AWP,WE,Combined TRACON& Tower with Radar,10,13,32,0,55,0,2,149,1,152,10,15,181,1,207,92,0,92,299
11/16/2022,BFL,CA,AWP,WE,Combined TRACON& Tower with Radar,10,19,15,0,44,0,3,112,26,141,10,22,127,26,185,42,0,42,227
11/17/2022,BFL,CA,AWP,WE,Combined TRACON& Tower with Radar,9,16,29,2,56,0,10,121,24,155,9,26,150,26,211,58,0,58,269
11/18/2022,BFL,CA,AWP,WE,Combined TRACON& Tower with Radar,9,10,24,4,47,0,2,120,0,122,9,12,144,4,169,74,0,74,243
11/19/2022,BFL,CA,AWP,WE,Combined TRACON& Tower with Radar,10,11,25,0,46,0,3,37,0,40,10,14,62,0,86,22,0,22,108
11/20/2022,BFL,CA,AWP,WE,Combined TRACON& Tower with Radar,9,6,17,0,32,0,2,87,0,89,9,8,104,0,121,51,0,51,172
11/21/2022,BFL,CA,AWP,WE,Combined TRACON& Tower with Radar,10,8,5,0,23,0,5,129,2,136,10,13,134,2,159,96,0,96,255
11/22/2022,BFL,CA,AWP,WE,Combined TRACON& Tower with Radar,10,13,18,0,41,0,1,119,0,120,10,14,137,0,161,54,0,54,215
11/23/2022,BFL,CA,AWP,WE,Combined TRACON& Tower with Radar,10,13,17,0,40,0,6,62,0,68,10,19,79,0,108,0,0,0,108
11/24/2022,BFL,CA,AWP,WE,Combined TRACON& Tower with Radar,6,3,1,0,10,0,0,8,0,8,6,3,9,0,18,0,0,0,18
11/25/2022,BFL,CA,AWP,WE,Combined TRACON& Tower with Radar,10,10,14,2,36,0,6,52,0,58,10,16,66,2,94,4,0,4,98
11/26/2022,BFL,CA,AWP,WE,Combined TRACON& Tower with Radar,9,6,21,0,36,0,13,39,0,52,9,19,60,0,88,24,0,24,112
11/27/2022,BFL,CA,AWP,WE,Combined TRACON& Tower with Radar,9,4,23,0,36,0,3,58,0,61,9,7,81,0,97,34,0,34,131
11/28/2022,BFL,CA,AWP,WE,Combined TRACON& Tower with Radar,10,11,25,6,52,0,10,94,0,104,10,21,119,6,156,110,0,110,266
11/29/2022,BFL,CA,AWP,WE,Combined TRACON& Tower with Radar,10,15,13,1,39,0,2,151,6,159,10,17,164,7,198,153,0,153,351
11/30/2022,BFL,CA,AWP,WE,Combined TRACON& Tower with Radar,8,15,18,2,43,0,9,154,2,165,8,24,172,4,208,162,0,162,370
12/01/2022,BFL,CA,AWP,WE,Combined TRACON& Tower with Radar,9,15,29,0,53,0,10,119,2,131,9,25,148,2,184,144,0,144,328
12/02/2022,BFL,CA,AWP,WE,Combined TRACON& Tower with Radar,8,15,39,4,66,0,5,19,1,25,8,20,58,5,91,36,0,36,127
12/03/2022,BFL,CA,AWP,WE,Combined TRACON& Tower with Radar,8,6,15,0,29,0,1,18,0,19,8,7,33,0,48,14,0,14,62
12/04/2022,BFL,CA,AWP,WE,Combined TRACON& Tower with Radar,10,3,29,0,42,0,2,49,0,51,10,5,78,0,93,342,0,342,435
12/05/2022,BFL,CA,AWP,WE,Combined TRACON& Tower with Radar,9,12,25,0,46,0,3,102,2,107,9,15,127,2,153,76,0,76,229
12/06/2022,BFL,CA,AWP,WE,Combined TRACON& Tower with Radar,9,20,28,3,60,0,3,137,2,142,9,23,165,5,202,130,0,130,332
12/07/2022,BFL,CA,AWP,WE,Combined TRACON& Tower with Radar,8,21,24,0,53,0,0,74,4,78,8,21,98,4,131,61,0,61,192
12/08/2022,BFL,CA,AWP,WE,Combined TRACON& Tower with Radar,10,13,22,4,49,0,3,166,0,169,10,16,188,4,218,89,0,89,307
12/09/2022,BFL,CA,AWP,WE,Combined TRACON& Tower with Radar,9,12,22,0,43,0,5,106,0,111,9,17,128,0,154,102,0,102,256
12/10/2022,BFL,CA,AWP,WE,Combined TRACON& Tower with Radar,7,8,6,0,21,0,22,80,0,102,7,30,86,0,123,134,0,134,257
12/11/2022,BFL,CA,AWP,WE,Combined TRACON& Tower with Radar,10,4,15,0,29,0,1,24,0,25,10,5,39,0,54,66,0,66,120
12/12/2022,BFL,CA,AWP,WE,Combined TRACON& Tower with Radar,9,14,25,0,48,0,4,91,0,95,9,18,116,0,143,182,0,182,325
12/13/2022,BFL,CA,AWP,WE,Combined TRACON& Tower with Radar,8,15,29,0,52,0,5,155,8,168,8,20,184,8,220,93,0,93,313
12/14/2022,BFL,CA,AWP,WE,Combined TRACON& Tower with Radar,10,12,24,2,48,0,5,166,0,171,10,17,190,2,219,170,0,170,389
12/15/2022,BFL,CA,AWP,WE,Combined TRACON& Tower with Radar,8,19,30,0,57,0,2,107,0,109,8,21,137,0,166,78,0,78,244
12/16/2022,BFL,CA,AWP,WE,Combined TRACON& Tower with Radar,8,15,30,0,53,0,0,37,0,37,8,15,67,0,90,6,0,6,96
12/17/2022,BFL,CA,AWP,WE,Combined TRACON& Tower with Radar,8,11,13,0,32,0,1,19,1,21,8,12,32,1,53,0,0,0,53
12/18/2022,BFL,CA,AWP,WE,Combined TRACON& Tower with Radar,9,5,23,0,37,0,1,13,0,14,9,6,36,0,51,0,0,0,51
12/19/2022,BFL,CA,AWP,WE,Combined TRACON& Tower with Radar,9,10,13,0,32,0,0,20,0,20,9,10,33,0,52,0,0,0,52
12/20/2022,BFL,CA,AWP,WE,Combined TRACON& Tower with Radar,10,14,34,0,58,0,0,8,0,8,10,14,42,0,66,0,0,0,66
12/21/2022,BFL,CA,AWP,WE,Combined TRACON& Tower with Radar,10,22,35,2,69,0,0,15,0,15,10,22,50,2,84,0,0,0,84
12/22/2022,BFL,CA,AWP,WE,Combined TRACON& Tower with Radar,7,18,31,2,58,0,0,7,0,7,7,18,38,2,65,0,0,0,65
12/23/2022,BFL,CA,AWP,WE,Combined TRACON& Tower with Radar,8,9,21,0,38,0,3,16,0,19,8,12,37,0,57,4,0,4,61
12/24/2022,BFL,CA,AWP,WE,Combined TRACON& Tower with Radar,6,7,10,0,23,0,1,11,0,12,6,8,21,0,35,0,0,0,35
12/25/2022,BFL,CA,AWP,WE,Combined TRACON& Tower with Radar,5,5,4,0,14,0,0,9,0,9,5,5,13,0,23,0,0,0,23
12/26/2022,BFL,CA,AWP,WE,Combined TRACON& Tower with Radar,9,4,37,0,50,0,1,6,0,7,9,5,43,0,57,0,0,0,57
12/27/2022,BFL,CA,AWP,WE,Combined TRACON& Tower with Radar,8,8,19,0,35,0,0,9,0,9,8,8,28,0,44,0,0,0,44
12/28/2022,BFL,CA,AWP,WE,Combined TRACON& Tower with Radar,8,15,17,6,46,0,4,37,0,41,8,19,54,6,87,29,0,29,116
12/29/2022,BFL,CA,AWP,WE,Combined TRACON& Tower with Radar,8,18,19,1,46,0,0,18,0,18,8,18,37,1,64,4,0,4,68
12/30/2022,BFL,CA,AWP,WE,Combined TRACON& Tower with Radar,8,15,22,0,45,0,0,34,0,34,8,15,56,0,79,8,0,8,87
12/31/2022,BFL,CA,AWP,WE,Combined TRACON& Tower with Radar,5,7,7,0,19,0,2,14,2,18,5,9,21,2,37,4,0,4,41
01/01/2023,BFL,CA,AWP,WE,Combined TRACON& Tower with Radar,6,3,18,0,27,0,1,13,0,14,6,4,31,0,41,0,0,0,41
01/02/2023,BFL,CA,AWP,WE,Combined TRACON& Tower with Radar,8,4,23,0,35,0,1,39,0,40,8,5,62,0,75,34,0,34,109
01/03/2023,BFL,CA,AWP,WE,Combined TRACON& Tower with Radar,10,6,18,0,34,0,7,57,0,64,10,13,75,0,98,92,0,92,190
01/04/2023,BFL,CA,AWP,WE,Combined TRACON& Tower with Radar,9,17,13,3,42,0,0,42,1,43,9,17,55,4,85,28,0,28,113
01/05/2023,BFL,CA,AWP,WE,Combined TRACON& Tower with Radar,8,15,16,2,41,0,1,31,0,32,8,16,47,2,73,30,0,30,103
01/06/2023,BFL,CA,AWP,WE,Combined TRACON& Tower with Radar,9,11,25,0,45,0,7,116,0,123,9,18,141,0,168,140,0,140,308
01/07/2023,BFL,CA,AWP,WE,Combined TRACON& Tower with Radar,8,7,17,0,32,0,2,80,0,82,8,9,97,0,114,130,0,130,244
01/08/2023,BFL,CA,AWP,WE,Combined TRACON& Tower with Radar,8,7,17,0,32,0,0,56,0,56,8,7,73,0,88,115,0,115,203
01/09/2023,BFL,CA,AWP,WE,Combined TRACON& Tower with Radar,11,8,8,4,31,0,0,11,0,11,11,8,19,4,42,20,0,20,62
01/10/2023,BFL,CA,AWP,WE,Combined TRACON& Tower with Radar,8,12,20,5,45,0,3,43,19,65,8,15,63,24,110,85,22,107,217
01/11/2023,BFL,CA,AWP,WE,Combined TRACON& Tower with Radar,8,16,22,1,47,0,4,120,9,133,8,20,142,10,180,110,0,110,290
01/12/2023,BFL,CA,AWP,WE,Combined TRACON& Tower with Radar,8,15,28,0,51,0,14,106,0,120,8,29,134,0,171,66,0,66,237
01/13/2023,BFL,CA,AWP,WE,Combined TRACON& Tower with Radar,8,15,29,0,52,0,5,116,0,121,8,20,145,0,173,182,0,182,355
01/14/2023,BFL,CA,AWP,WE,Combined TRACON& Tower with Radar,7,11,6,0,24,0,5,18,0,23,7,16,24,0,47,55,0,55,102
01/15/2023,BFL,CA,AWP,WE,Combined TRACON& Tower with Radar,7,3,17,0,27,0,3,58,0,61,7,6,75,0,88,74,0,74,162
01/16/2023,BFL,CA,AWP,WE,Combined TRACON& Tower with Radar,8,6,17,0,31,0,0,13,2,15,8,6,30,2,46,18,0,18,64
01/17/2023,BFL,CA,AWP,WE,Combined TRACON& Tower with Radar,8,15,32,7,62,0,1,56,5,62,8,16,88,12,124,114,0,114,238
01/18/2023,BFL,CA,AWP,WE,Combined TRACON& Tower with Radar,8,14,25,0,47,0,0,119,1,120,8,14,144,1,167,125,0,125,292
01/19/2023,BFL,CA,AWP,WE,Combined TRACON& Tower with Radar,8,16,42,6,72,0,6,65,0,71,8,22,107,6,143,130,0,130,273
01/20/2023,BFL,CA,AWP,WE,Combined TRACON& Tower with Radar,8,14,27,0,49,0,1,146,0,147,8,15,173,0,196,192,0,192,388
01/21/2023,BFL,CA,AWP,WE,Combined TRACON& Tower with Radar,8,11,13,0,32,0,4,82,3,89,8,15,95,3,121,102,0,102,223
01/22/2023,BFL,CA,AWP,WE,Combined TRACON& Tower with Radar,8,5,6,0,19,0,0,38,0,38,8,5,44,0,57,48,0,48,105
01/23/2023,BFL,CA,AWP,WE,Combined TRACON& Tower with Radar,8,9,9,4,30,0,0,105,16,121,8,9,114,20,151,126,8,134,285
01/24/2023,BFL,CA,AWP,WE,Combined TRACON& Tower with Radar,8,13,23,0,44,0,1,142,2,145,8,14,165,2,189,114,0,114,303
01/25/2023,BFL,CA,AWP,WE,Combined TRACON& Tower with Radar,8,15,26,10,59,0,5,161,0,166,8,20,187,10,225,134,0,134,359
01/26/2023,BFL,CA,AWP,WE,Combined TRACON& Tower with Radar,8,12,27,2,49,0,4,132,0,136,8,16,159,2,185,152,0,152,337
01/27/2023,BFL,CA,AWP,WE,Combined TRACON& Tower with Radar,8,13,19,2,42,0,3,138,0,141,8,16,157,2,183,208,0,208,391
01/28/2023,BFL,CA,AWP,WE,Combined TRACON& Tower with Radar,8,11,9,0,28,0,4,82,0,86,8,15,91,0,114,52,0,52,166
01/29/2023,BFL,CA,AWP,WE,Combined TRACON& Tower with Radar,8,3,12,0,23,0,0,63,2,65,8,3,75,2,88,112,0,112,200
01/30/2023,BFL,CA,AWP,WE,Combined TRACON& Tower with Radar,7,6,22,0,35,0,0,7,0,7,7,6,29,0,42,6,0,6,48
01/31/2023,BFL,CA,AWP,WE,Combined TRACON& Tower with Radar,7,13,20,2,42,0,2,126,1,129,7,15,146,3,171,190,20,210,381
02/01/2023,BFL,CA,AWP,WE,Combined TRACON& Tower with Radar,6,17,21,8,52,0,4,143,0,147,6,21,164,8,199,212,0,212,411
02/02/2023,BFL,CA,AWP,WE,Combined TRACON& Tower with Radar,8,18,15,2,43,0,8,140,0,148,8,26,155,2,191,108,0,108,299
02/03/2023,BFL,CA,AWP,WE,Combined TRACON& Tower with Radar,7,14,31,0,52,0,7,118,8,133,7,21,149,8,185,82,0,82,267
02/04/2023,BFL,CA,AWP,WE,Combined TRACON& Tower with Radar,6,7,11,0,24,0,4,48,0,52,6,11,59,0,76,16,0,16,92
02/05/2023,BFL,CA,AWP,WE,Combined TRACON& Tower with Radar,8,3,14,0,25,0,0,22,0,22,8,3,36,0,47,70,0,70,117
02/06/2023,BFL,CA,AWP,WE,Combined TRACON& Tower with Radar,8,6,25,0,39,4,0,44,0,48,12,6,69,0,87,61,0,61,148
02/07/2023,BFL,CA,AWP,WE,Combined TRACON& Tower with Radar,9,11,23,10,53,2,3,165,0,170,11,14,188,10,223,333,0,333,556
02/08/2023,BFL,CA,AWP,WE,Combined TRACON& Tower with Radar,7,15,23,0,45,0,0,176,0,176,7,15,199,0,221,80,0,80,301
02/09/2023,BFL,CA,AWP,WE,Combined TRACON& Tower with Radar,9,14,35,2,60,6,4,121,0,131,15,18,156,2,191,115,0,115,306
02/10/2023,BFL,CA,AWP,WE,Combined TRACON& Tower with Radar,10,10,10,0,30,0,2,128,0,130,10,12,138,0,160,132,0,132,292
02/11/2023,BFL,CA,AWP,WE,Combined TRACON& Tower with Radar,9,5,4,0,18,0,4,84,0,88,9,9,88,0,106,86,0,86,192
02/12/2023,BFL,CA,AWP,WE,Combined TRACON& Tower with Radar,11,3,9,0,23,0,2,64,0,66,11,5,73,0,89,104,0,104,193
02/13/2023,BFL,CA,AWP,WE,Combined TRACON& Tower with Radar,11,8,23,0,42,0,0,165,0,165,11,8,188,0,207,206,0,206,413
02/14/2023,BFL,CA,AWP,WE,Combined TRACON& Tower with Radar,11,13,17,2,43,0,0,83,3,86,11,13,100,5,129,80,0,80,209
02/15/2023,BFL,CA,AWP,WE,Combined TRACON& Tower with Radar,10,12,13,0,35,0,4,168,0,172,10,16,181,0,207,124,0,124,331
02/16/2023,BFL,CA,AWP,WE,Combined TRACON& Tower with Radar,11,9,20,0,40,0,5,198,5,208,11,14,218,5,248,192,0,192,440
02/17/2023,BFL,CA,AWP,WE,Combined TRACON& Tower with Radar,10,7,19,0,36,0,6,131,0,137,10,13,150,0,173,134,0,134,307
02/18/2023,BFL,CA,AWP,WE,Combined TRACON& Tower with Radar,9,7,10,0,26,0,3,98,0,101,9,10,108,0,127,52,0,52,179
02/19/2023,BFL,CA,AWP,WE,Combined TRACON& Tower with Radar,11,1,18,0,30,0,0,74,0,74,11,1,92,0,104,50,0,50,154
02/20/2023,BFL,CA,AWP,WE,Combined TRACON& Tower with Radar,10,5,10,0,25,0,7,64,8,79,10,12,74,8,104,16,0,16,120
02/21/2023,BFL,CA,AWP,WE,Combined TRACON& Tower with Radar,10,8,23,0,41,0,14,78,0,92,10,22,101,0,133,132,0,132,265
02/22/2023,BFL,CA,AWP,WE,Combined TRACON& Tower with Radar,9,16,26,0,51,0,6,76,0,82,9,22,102,0,133,78,0,78,211
02/23/2023,BFL,CA,AWP,WE,Combined TRACON& Tower with Radar,11,10,20,4,45,0,1,71,18,90,11,11,91,22,135,148,0,148,283
02/24/2023,BFL,CA,AWP,WE,Combined TRACON& Tower with Radar,12,14,20,0,46,0,0,1,0,1,12,14,21,0,47,0,0,0,47
02/25/2023,BFL,CA,AWP,WE,Combined TRACON& Tower with Radar,10,8,13,0,31,0,2,3,0,5,10,10,16,0,36,0,0,0,36
02/26/2023,BFL,CA,AWP,WE,Combined TRACON& Tower with Radar,11,3,19,2,35,0,0,81,1,82,11,3,100,3,117,112,0,112,229
02/27/2023,BFL,CA,AWP,WE,Combined TRACON& Tower with Radar,13,8,19,2,42,0,1,78,0,79,13,9,97,2,121,178,8,186,307
02/28/2023,BFL,CA,AWP,WE,Combined TRACON& Tower with Radar,12,9,22,4,47,0,2,100,4,106,12,11,122,8,153,250,0,250,403
03/01/2023,BFL,CA,AWP,WE,Combined TRACON& Tower with Radar,11,16,22,0,49,0,0,78,0,78,11,16,100,0,127,116,0,116,243
03/02/2023,BFL,CA,AWP,WE,Combined TRACON& Tower with Radar,12,10,26,1,49,0,8,189,4,201,12,18,215,5,250,143,0,143,393
03/03/2023,BFL,CA,AWP,WE,Combined TRACON& Tower with Radar,10,11,24,0,45,0,9,124,8,141,10,20,148,8,186,146,0,146,332
03/04/2023,BFL,CA,AWP,WE,Combined TRACON& Tower with Radar,10,5,22,0,37,0,6,70,0,76,10,11,92,0,113,92,0,92,205
03/05/2023,BFL,CA,AWP,WE,Combined TRACON& Tower with Radar,10,7,19,0,36,0,0,29,0,29,10,7,48,0,65,124,0,124,189
03/06/2023,BFL,CA,AWP,WE,Combined TRACON& Tower with Radar,11,5,21,6,43,0,0,129,0,129,11,5,150,6,172,214,0,214,386
03/07/2023,BFL,CA,AWP,WE,Combined TRACON& Tower with Radar,11,18,27,0,56,0,5,149,0,154,11,23,176,0,210,200,0,200,410
03/08/2023,BFL,CA,AWP,WE,Combined TRACON& Tower with Radar,11,9,22,0,42,0,2,137,3,142,11,11,159,3,184,110,0,110,294
03/09/2023,BFL,CA,AWP,WE,Combined TRACON& Tower with Radar,10,10,24,4,48,0,4,122,1,127,10,14,146,5,175,172,0,172,347
03/10/2023,BFL,CA,AWP,WE,Combined TRACON& Tower with Radar,10,9,20,0,39,0,0,29,0,29,10,9,49,0,68,62,0,62,130
03/11/2023,BFL,CA,AWP,WE,Combined TRACON& Tower with Radar,10,6,18,0,34,0,0,30,0,30,10,6,48,0,64,42,0,42,106
03/12/2023,BFL,CA,AWP,WE,Combined TRACON& Tower with Radar,10,2,23,5,40,0,6,79,1,86,10,8,102,6,126,42,6,48,174
03/13/2023,BFL,CA,AWP,WE,Combined TRACON& Tower with Radar,10,7,26,6,49,0,3,70,0,73,10,10,96,6,122,42,0,42,164
03/14/2023,BFL,CA,AWP,WE,Combined TRACON& Tower with Radar,11,10,27,4,52,0,0,16,0,16,11,10,43,4,68,2,0,2,70
03/15/2023,BFL,CA,AWP,WE,Combined TRACON& Tower with Radar,11,14,28,6,59,0,5,27,0,32,11,19,55,6,91,10,10,20,111
03/16/2023,BFL,CA,AWP,WE,Combined TRACON& Tower with Radar,10,15,48,3,76,0,4,63,35,102,10,19,111,38,178,94,0,94,272
03/17/2023,BFL,CA,AWP,WE,Combined TRACON& Tower with Radar,11,9,17,12,49,0,8,91,2,101,11,17,108,14,150,110,0,110,260
03/18/2023,BFL,CA,AWP,WE,Combined TRACON& Tower with Radar,8,5,7,0,20,0,2,98,0,100,8,7,105,0,120,86,0,86,206
03/19/2023,BFL,CA,AWP,WE,Combined TRACON& Tower with Radar,10,2,22,0,34,0,0,15,0,15,10,2,37,0,49,34,0,34,83
03/20/2023,BFL,CA,AWP,WE,Combined TRACON& Tower with Radar,10,6,37,3,56,0,3,87,13,103,10,9,124,16,159,114,0,114,273
03/21/2023,BFL,CA,AWP,WE,Combined TRACON& Tower with Radar,10,14,21,0,45,0,0,25,0,25,10,14,46,0,70,18,0,18,88
03/22/2023,BFL,CA,AWP,WE,Combined TRACON& Tower with Radar,11,11,34,5,61,0,3,79,12,94,11,14,113,17,155,160,0,160,315
03/23/2023,BFL,CA,AWP,WE,Combined TRACON& Tower with Radar,10,15,28,8,61,0,1,80,19,100,10,16,108,27,161,178,31,209,370
03/24/2023,BFL,CA,AWP,WE,Combined TRACON& Tower with Radar,10,15,37,2,64,0,7,141,6,154,10,22,178,8,218,196,4,200,418
03/25/2023,BFL,CA,AWP,WE,Combined TRACON& Tower with Radar,9,12,11,0,32,0,2,109,0,111,9,14,120,0,143,90,0,90,233
03/26/2023,BFL,CA,AWP,WE,Combined TRACON& Tower with Radar,9,6,21,0,36,0,0,90,0,90,9,6,111,0,126,92,0,92,218
03/27/2023,BFL,CA,AWP,WE,Combined TRACON& Tower with Radar,11,3,9,4,27,0,7,187,0,194,11,10,196,4,221,196,10,206,427
03/28/2023,BFL,CA,AWP,WE,Combined TRACON& Tower with Radar,11,10,21,0,42,1,7,147,3,158,12,17,168,3,200,158,1,159,359
03/29/2023,BFL,CA,AWP,WE,Combined TRACON& Tower with Radar,11,9,28,4,52,0,4,58,21,83,11,13,86,25,135,40,0,40,175
03/30/2023,BFL,CA,AWP,WE,Combined TRACON& Tower with Radar,10,8,31,2,51,0,5,137,3,145,10,13,168,5,196,120,0,120,316
03/31/2023,BFL,CA,AWP,WE,Combined TRACON& Tower with Radar,10,12,24,5,51,0,8,193,3,204,10,20,217,8,255,104,0,104,359
04/01/2023,BFL,CA,AWP,WE,Combined TRACON& Tower with Radar,10,5,12,1,28,0,4,124,1,129,10,9,136,2,157,97,0,97,254
04/02/2023,BFL,CA,AWP,WE,Combined TRACON& Tower with Radar,11,0,18,2,31,0,7,95,0,102,11,7,113,2,133,58,0,58,191
04/03/2023,BFL,CA,AWP,WE,Combined TRACON& Tower with Radar,11,5,19,2,37,0,1,38,2,41,11,6,57,4,78,24,0,24,102
04/04/2023,BFL,CA,AWP,WE,Combined TRACON& Tower with Radar,11,12,26,0,49,0,7,176,15,198,11,19,202,15,247,143,2,145,392
04/05/2023,BFL,CA,AWP,WE,Combined TRACON& Tower with Radar,11,13,17,3,44,0,15,181,5,201,11,28,198,8,245,124,12,136,381
04/06/2023,BFL,CA,AWP,WE,Combined TRACON& Tower with Radar,11,8,27,0,46,0,7,187,0,194,11,15,214,0,240,188,0,188,428
04/07/2023,BFL,CA,AWP,WE,Combined TRACON& Tower with Radar,10,7,11,2,30,0,12,73,0,85,10,19,84,2,115,64,0,64,179
04/08/2023,BFL,CA,AWP,WE,Combined TRACON& Tower with Radar,10,11,14,0,35,0,7,60,0,67,10,18,74,0,102,16,0,16,118
04/09/2023,BFL,CA,AWP,WE,Combined TRACON& Tower with Radar,10,0,5,0,15,0,7,51,0,58,10,7,56,0,73,18,0,18,91
04/10/2023,BFL,CA,AWP,WE,Combined TRACON& Tower with Radar,10,5,26,0,41,0,13,171,0,184,10,18,197,0,225,122,0,122,347
04/11/2023,BFL,CA,AWP,WE,Combined TRACON& Tower with Radar,11,14,18,2,45,0,5,161,0,166,11,19,179,2,211,118,0,118,329
04/12/2023,BFL,CA,AWP,WE,Combined TRACON& Tower with Radar,10,12,32,1,55,0,8,180,0,188,10,20,212,1,243,122,0,122,365
04/13/2023,BFL,CA,AWP,WE,Combined TRACON& Tower with Radar,10,14,17,0,41,0,9,174,5,188,10,23,191,5,229,232,0,232,461
04/14/2023,BFL,CA,AWP,WE,Combined TRACON& Tower with Radar,10,11,12,0,33,0,16,160,0,176,10,27,172,0,209,110,0,110,319
04/15/2023,BFL,CA,AWP,WE,Combined TRACON& Tower with Radar,10,5,18,0,33,0,4,124,0,128,10,9,142,0,161,78,0,78,239
04/16/2023,BFL,CA,AWP,WE,Combined TRACON& Tower with Radar,9,1,13,0,23,0,7,97,0,104,9,8,110,0,127,54,0,54,181
04/17/2023,BFL,CA,AWP,WE,Combined TRACON& Tower with Radar,10,6,26,4,46,0,2,179,44,225,10,8,205,48,271,114,12,126,397
04/18/2023,BFL,CA,AWP,WE,Combined TRACON& Tower with Radar,13,13,20,0,46,0,6,146,2,154,13,19,166,2,200,134,0,134,334
04/19/2023,BFL,CA,AWP,WE,Combined TRACON& Tower with Radar,9,22,22,2,55,0,17,171,27,215,9,39,193,29,270,208,0,208,478
04/20/2023,BFL,CA,AWP,WE,Combined TRACON& Tower with Radar,12,16,30,5,63,0,5,126,1,132,12,21,156,6,195,164,4,168,363
04/21/2023,BFL,CA,AWP,WE,Combined TRACON& Tower with Radar,10,15,17,0,42,0,20,145,0,165,10,35,162,0,207,194,0,194,401
04/22/2023,BFL,CA,AWP,WE,Combined TRACON& Tower with Radar,11,8,9,0,28,0,23,89,1,113,11,31,98,1,141,86,0,86,227
04/23/2023,BFL,CA,AWP,WE,Combined TRACON& Tower with Radar,10,0,15,0,25,0,4,106,0,110,10,4,121,0,135,64,0,64,199
04/24/2023,BFL,CA,AWP,WE,Combined TRACON& Tower with Radar,11,11,28,0,50,0,13,140,0,153,11,24,168,0,203,119,0,119,322
04/25/2023,BFL,CA,AWP,WE,Combined TRACON& Tower with Radar,10,23,19,0,52,0,11,145,4,160,10,34,164,4,212,98,0,98,310
04/26/2023,BFL,CA,AWP,WE,Combined TRACON& Tower with Radar,11,16,21,0,48,0,7,146,0,153,11,23,167,0,201,176,0,176,377
04/27/2023,BFL,CA,AWP,WE,Combined TRACON& Tower with Radar,15,17,18,8,58,0,9,139,10,158,15,26,157,18,216,94,4,98,314
04/28/2023,BFL,CA,AWP,WE,Combined TRACON& Tower with Radar,10,12,22,2,46,1,7,136,4,148,11,19,158,6,194,180,2,182,376
04/29/2023,BFL,CA,AWP,WE,Combined TRACON& Tower with Radar,12,12,11,4,39,0,13,100,0,113,12,25,111,4,152,90,0,90,242
04/30/2023,BFL,CA,AWP,WE,Combined TRACON& Tower with Radar,14,3,15,0,32,0,3,53,0,56,14,6,68,0,88,42,0,42,130
05/01/2023,BFL,CA,AWP,WE,Combined TRACON& Tower with Radar,10,3,32,0,45,0,4,104,0,108,10,7,136,0,153,71,0,71,224
05/02/2023,BFL,CA,AWP,WE,Combined TRACON& Tower with Radar,11,8,28,4,51,0,2,124,2,128,11,10,152,6,179,124,0,124,303
05/03/2023,BFL,CA,AWP,WE,Combined TRACON& Tower with Radar,10,17,22,0,49,0,10,127,0,137,10,27,149,0,186,75,0,75,261
05/04/2023,BFL,CA,AWP,WE,Combined TRACON& Tower with Radar,10,13,17,2,42,0,4,98,0,102,10,17,115,2,144,78,0,78,222
05/05/2023,BFL,CA,AWP,WE,Combined TRACON& Tower with Radar,10,22,30,2,64,0,12,108,0,120,10,34,138,2,184,126,0,126,310
05/06/2023,BFL,CA,AWP,WE,Combined TRACON& Tower with Radar,9,13,8,0,30,0,2,49,0,51,9,15,57,0,81,98,0,98,179
05/07/2023,BFL,CA,AWP,WE,Combined TRACON& Tower with Radar,11,13,15,0,39,0,18,69,0,87,11,31,84,0,126,54,0,54,180
05/08/2023,BFL,CA,AWP,WE,Combined TRACON& Tower with Radar,12,8,13,0,33,0,10,132,0,142,12,18,145,0,175,72,0,72,247
05/09/2023,BFL,CA,AWP,WE,Combined TRACON& Tower with Radar,8,18,24,0,50,0,12,152,0,164,8,30,176,0,214,96,0,96,310
05/10/2023,BFL,CA,AWP,WE,Combined TRACON& Tower with Radar,10,25,28,3,66,0,11,173,14,198,10,36,201,17,264,116,0,116,380
05/11/2023,BFL,CA,AWP,WE,Combined TRACON& Tower with Radar,10,17,25,0,52,0,20,119,5,144,10,37,144,5,196,152,0,152,348
05/12/2023,BFL,CA,AWP,WE,Combined TRACON& Tower with Radar,10,21,31,0,62,0,11,161,1,173,10,32,192,1,235,140,0,140,375
05/13/2023,BFL,CA,AWP,WE,Combined TRACON& Tower with Radar,11,8,6,0,25,0,16,73,0,89,11,24,79,0,114,44,0,44,158
05/14/2023,BFL,CA,AWP,WE,Combined TRACON& Tower with Radar,10,3,20,0,33,0,3,70,0,73,10,6,90,0,106,71,0,71,177
05/15/2023,BFL,CA,AWP,WE,Combined TRACON& Tower with Radar,10,9,20,1,40,0,11,120,20,151,10,20,140,21,191,114,23,137,328
05/16/2023,BFL,CA,AWP,WE,Combined TRACON& Tower with Radar,10,29,30,6,75,0,18,149,1,168,10,47,179,7,243,68,4,72,315
05/17/2023,BFL,CA,AWP,WE,Combined TRACON& Tower with Radar,11,14,20,2,47,0,14,140,2,156,11,28,160,4,203,158,0,158,361
05/18/2023,BFL,CA,AWP,WE,Combined TRACON& Tower with Radar,9,15,15,2,41,0,14,127,1,142,9,29,142,3,183,114,0,114,297
05/19/2023,BFL,CA,AWP,WE,Combined TRACON& Tower with Radar,10,19,19,0,48,0,10,163,9,182,10,29,182,9,230,114,0,114,344
05/20/2023,BFL,CA,AWP,WE,Combined TRACON& Tower with Radar,10,12,10,0,32,0,1,73,0,74,10,13,83,0,106,58,0,58,164
05/21/2023,BFL,CA,AWP,WE,Combined TRACON& Tower with Radar,10,4,18,0,32,0,11,63,0,74,10,15,81,0,106,116,0,116,222
05/22/2023,BFL,CA,AWP,WE,Combined TRACON& Tower with Radar,10,13,17,4,44,0,6,124,0,130,10,19,141,4,174,134,12,146,320
05/23/2023,BFL,CA,AWP,WE,Combined TRACON& Tower with Radar,8,23,25,2,58,0,20,138,0,158,8,43,163,2,216,120,0,120,336
05/24/2023,BFL,CA,AWP,WE,Combined TRACON& Tower with Radar,10,17,29,0,56,0,7,186,8,201,10,24,215,8,257,182,0,182,439
05/25/2023,BFL,CA,AWP,WE,Combined TRACON& Tower with Radar,10,21,29,0,60,0,18,167,2,187,10,39,196,2,247,208,0,208,455
05/26/2023,BFL,CA,AWP,WE,Combined TRACON& Tower with Radar,9,22,24,0,55,0,21,113,3,137,9,43,137,3,192,218,0,218,410
05/27/2023,BFL,CA,AWP,WE,Combined TRACON& Tower with Radar,9,10,19,0,38,0,15,89,0,104,9,25,108,0,142,110,0,110,252
05/28/2023,BFL,CA,AWP,WE,Combined TRACON& Tower with Radar,10,6,24,0,40,0,4,98,0,102,10,10,122,0,142,164,0,164,306
05/29/2023,BFL,CA,AWP,WE,Combined TRACON& Tower with Radar,9,6,11,0,26,0,9,70,0,79,9,15,81,0,105,16,0,16,121
05/30/2023,BFL,CA,AWP,WE,Combined TRACON& Tower with Radar,10,18,29,3,60,0,10,179,0,189,10,28,208,3,249,130,0,130,379
05/31/2023,BFL,CA,AWP,WE,Combined TRACON& Tower with Radar,11,20,31,0,62,0,10,196,2,208,11,30,227,2,270,154,0,154,424
06/01/2023,BFL,CA,AWP,WE,Combined TRACON& Tower with Radar,11,32,25,4,72,0,10,203,12,225,11,42,228,16,297,206,0,206,503
06/02/2023,BFL,CA,AWP,WE,Combined TRACON& Tower with Radar,11,16,20,0,47,0,12,174,14,200,11,28,194,14,247,202,0,202,449
06/03/2023,BFL,CA,AWP,WE,Combined TRACON& Tower with Radar,11,6,17,0,34,0,18,195,0,213,11,24,212,0,247,120,0,120,367
06/04/2023,BFL,CA,AWP,WE,Combined TRACON& Tower with Radar,11,8,14,0,33,0,22,143,1,166,11,30,157,1,199,226,0,226,425
06/05/2023,BFL,CA,AWP,WE,Combined TRACON& Tower with Radar,11,7,34,2,54,0,6,126,0,132,11,13,160,2,186,317,0,317,503
06/06/2023,BFL,CA,AWP,WE,Combined TRACON& Tower with Radar,9,13,35,2,59,0,9,164,6,179,9,22,199,8,238,146,0,146,384
06/07/2023,BFL,CA,AWP,WE,Combined TRACON& Tower with Radar,11,14,67,5,97,0,12,102,0,114,11,26,169,5,211,104,0,104,315
06/08/2023,BFL,CA,AWP,WE,Combined TRACON& Tower with Radar,11,13,32,0,56,0,15,182,0,197,11,28,214,0,253,284,2,286,539
06/09/2023,BFL,CA,AWP,WE,Combined TRACON& Tower with Radar,11,14,24,2,51,0,28,127,16,171,11,42,151,18,222,166,0,166,388
06/10/2023,BFL,CA,AWP,WE,Combined TRACON& Tower with Radar,11,14,24,0,49,0,10,46,0,56,11,24,70,0,105,20,0,20,125
06/11/2023,BFL,CA,AWP,WE,Combined TRACON& Tower with Radar,11,7,12,2,32,0,12,73,0,85,11,19,85,2,117,198,0,198,315
06/12/2023,BFL,CA,AWP,WE,Combined TRACON& Tower with Radar,10,27,27,0,64,0,24,130,7,161,10,51,157,7,225,286,0,286,511
06/13/2023,BFL,CA,AWP,WE,Combined TRACON& Tower with Radar,9,17,13,0,39,0,17,148,0,165,9,34,161,0,204,225,0,225,429
06/14/2023,BFL,CA,AWP,WE,Combined TRACON& Tower with Radar,11,17,24,0,52,0,20,199,3,222,11,37,223,3,274,184,0,184,458
06/15/2023,BFL,CA,AWP,WE,Combined TRACON& Tower with Radar,11,14,27,0,52,0,20,161,0,181,11,34,188,0,233,184,0,184,417
06/16/2023,BFL,CA,AWP,WE,Combined TRACON& Tower with Radar,10,19,23,0,52,0,9,157,0,166,10,28,180,0,218,152,0,152,370
06/17/2023,BFL,CA,AWP,WE,Combined TRACON& Tower with Radar,12,3,6,0,21,0,23,123,2,148,12,26,129,2,169,168,0,168,337
06/18/2023,BFL,CA,AWP,WE,Combined TRACON& Tower with Radar,11,14,14,0,39,0,4,66,0,70,11,18,80,0,109,80,0,80,189
06/19/2023,BFL,CA,AWP,WE,Combined TRACON& Tower with Radar,11,12,19,0,42,0,2,146,0,148,11,14,165,0,190,120,0,120,310
06/20/2023,BFL,CA,AWP,WE,Combined TRACON& Tower with Radar,9,19,21,0,49,0,12,159,0,171,9,31,180,0,220,170,0,170,390
06/21/2023,BFL,CA,AWP,WE,Combined TRACON& Tower with Radar,10,16,21,0,47,0,9,223,0,232,10,25,244,0,279,230,0,230,509
06/22/2023,BFL,CA,AWP,WE,Combined TRACON& Tower with Radar,11,19,31,4,65,0,13,205,2,220,11,32,236,6,285,172,0,172,457
06/23/2023,BFL,CA,AWP,WE,Combined TRACON& Tower with Radar,12,16,28,0,56,0,9,226,2,237,12,25,254,2,293,208,0,208,501
06/24/2023,BFL,CA,AWP,WE,Combined TRACON& Tower with Radar,10,18,7,0,35,0,13,157,0,170,10,31,164,0,205,114,0,114,319
06/25/2023,BFL,CA,AWP,WE,Combined TRACON& Tower with Radar,10,15,8,0,33,0,4,108,0,112,10,19,116,0,145,92,0,92,237
06/26/2023,BFL,CA,AWP,WE,Combined TRACON& Tower with Radar,9,10,22,1,42,0,2,147,9,158,9,12,169,10,200,136,8,144,344
06/27/2023,BFL,CA,AWP,WE,Combined TRACON& Tower with Radar,8,15,23,2,48,0,4,198,4,206,8,19,221,6,254,319,0,319,573
06/28/2023,BFL,CA,AWP,WE,Combined TRACON& Tower with Radar,11,18,17,2,48,0,4,176,2,182,11,22,193,4,230,230,0,230,460
06/29/2023,BFL,CA,AWP,WE,Combined TRACON& Tower with Radar,9,21,29,0,59,0,10,199,0,209,9,31,228,0,268,158,0,158,426
06/30/2023,BFL,CA,AWP,WE,Combined TRACON& Tower with Radar,10,12,30,0,52,0,22,158,0,180,10,34,188,0,232,196,0,196,428
07/01/2023,BFL,CA,AWP,WE,Combined TRACON& Tower with Radar,10,6,4,0,20,0,17,90,0,107,10,23,94,0,127,176,0,176,303
07/02/2023,BFL,CA,AWP,WE,Combined TRACON& Tower with Radar,10,5,8,0,23,0,15,69,0,84,10,20,77,0,107,86,0,86,193
07/03/2023,BFL,CA,AWP,WE,Combined TRACON& Tower with Radar,7,4,12,0,23,0,10,93,0,103,7,14,105,0,126,106,0,106,232
07/04/2023,BFL,CA,AWP,WE,Combined TRACON& Tower with Radar,7,5,7,0,19,0,5,73,0,78,7,10,80,0,97,18,0,18,115
07/05/2023,BFL,CA,AWP,WE,Combined TRACON& Tower with Radar,11,17,15,2,45,0,7,150,0,157,11,24,165,2,202,118,20,138,340
07/06/2023,BFL,CA,AWP,WE,Combined TRACON& Tower with Radar,12,16,18,0,46,0,12,160,5,177,12,28,178,5,223,298,0,298,521
07/07/2023,BFL,CA,AWP,WE,Combined TRACON& Tower with Radar,11,10,19,1,41,0,8,229,1,238,11,18,248,2,279,260,0,260,539
07/08/2023,BFL,CA,AWP,WE,Combined TRACON& Tower with Radar,12,8,13,0,33,0,10,112,1,123,12,18,125,1,156,186,0,186,342
07/09/2023,BFL,CA,AWP,WE,Combined TRACON& Tower with Radar,11,3,8,0,22,0,8,82,1,91,11,11,90,1,113,74,0,74,187
07/10/2023,BFL,CA,AWP,WE,Combined TRACON& Tower with Radar,11,8,13,0,32,0,7,136,2,145,11,15,149,2,177,158,0,158,335
07/11/2023,BFL,CA,AWP,WE,Combined TRACON& Tower with Radar,10,18,14,0,42,0,11,143,2,156,10,29,157,2,198,122,0,122,320
07/12/2023,BFL,CA,AWP,WE,Combined TRACON& Tower with Radar,12,19,19,0,50,0,6,133,4,143,12,25,152,4,193,116,0,116,309
07/13/2023,BFL,CA,AWP,WE,Combined TRACON& Tower with Radar,11,15,23,1,50,0,17,138,9,164,11,32,161,10,214,116,0,116,330
07/14/2023,BFL,CA,AWP,WE,Combined TRACON& Tower with Radar,11,11,22,2,46,0,12,168,6,186,11,23,190,8,232,210,0,210,442
07/15/2023,BFL,CA,AWP,WE,Combined TRACON& Tower with Radar,12,15,12,0,39,0,12,130,0,142,12,27,142,0,181,132,0,132,313
07/16/2023,BFL,CA,AWP,WE,Combined TRACON& Tower with Radar,11,3,17,2,33,0,4,97,0,101,11,7,114,2,134,70,0,70,204
07/17/2023,BFL,CA,AWP,WE,Combined TRACON& Tower with Radar,13,11,20,2,46,0,14,170,3,187,13,25,190,5,233,82,0,82,315
07/18/2023,BFL,CA,AWP,WE,Combined TRACON& Tower with Radar,10,11,13,1,35,0,1,199,7,207,10,12,212,8,242,130,0,130,372
07/19/2023,BFL,CA,AWP,WE,Combined TRACON& Tower with Radar,11,12,19,2,44,0,5,142,6,153,11,17,161,8,197,103,0,103,300
07/20/2023,BFL,CA,AWP,WE,Combined TRACON& Tower with Radar,12,25,14,0,51,0,9,189,1,199,12,34,203,1,250,196,0,196,446
07/21/2023,BFL,CA,AWP,WE,Combined TRACON& Tower with Radar,11,12,24,0,47,0,11,164,4,179,11,23,188,4,226,312,0,312,538
07/22/2023,BFL,CA,AWP,WE,Combined TRACON& Tower with Radar,13,5,6,0,24,0,8,120,0,128,13,13,126,0,152,108,0,108,260
07/23/2023,BFL,CA,AWP,WE,Combined TRACON& Tower with Radar,10,4,12,0,26,0,9,70,0,79,10,13,82,0,105,200,0,200,305
07/24/2023,BFL,CA,AWP,WE,Combined TRACON& Tower with Radar,10,17,16,4,47,0,9,158,10,177,10,26,174,14,224,160,10,170,394
07/25/2023,BFL,CA,AWP,WE,Combined TRACON& Tower with Radar,10,18,18,0,46,0,17,142,0,159,10,35,160,0,205,132,0,132,337
07/26/2023,BFL,CA,AWP,WE,Combined TRACON& Tower with Radar,11,29,12,2,54,0,14,179,0,193,11,43,191,2,247,158,0,158,405
07/27/2023,BFL,CA,AWP,WE,Combined TRACON& Tower with Radar,11,19,15,0,45,0,24,163,0,187,11,43,178,0,232,238,0,238,470
07/28/2023,BFL,CA,AWP,WE,Combined TRACON& Tower with Radar,11,18,15,0,44,0,8,161,0,169,11,26,176,0,213,226,0,226,439
07/29/2023,BFL,CA,AWP,WE,Combined TRACON& Tower with Radar,11,4,4,0,19,0,21,134,0,155,11,25,138,0,174,116,0,116,290
07/30/2023,BFL,CA,AWP,WE,Combined TRACON& Tower with Radar,10,6,10,0,26,0,4,103,0,107,10,10,113,0,133,44,0,44,177
07/31/2023,BFL,CA,AWP,WE,Combined TRACON& Tower with Radar,10,5,22,0,37,0,2,137,6,145,10,7,159,6,182,112,0,112,294
08/01/2023,BFL,CA,AWP,WE,Combined TRACON& Tower with Radar,9,15,22,0,46,0,2,170,0,172,9,17,192,0,218,138,0,138,356
08/02/2023,BFL,CA,AWP,WE,Combined TRACON& Tower with Radar,13,13,13,4,43,0,2,168,0,170,13,15,181,4,213,122,0,122,335
08/03/2023,BFL,CA,AWP,WE,Combined TRACON& Tower with Radar,12,15,18,0,45,0,9,154,1,164,12,24,172,1,209,186,0,186,395
08/04/2023,BFL,CA,AWP,WE,Combined TRACON& Tower with Radar,12,14,18,14,58,0,11,138,13,162,12,25,156,27,220,122,0,122,342
08/05/2023,BFL,CA,AWP,WE,Combined TRACON& Tower with Radar,12,10,7,3,32,0,0,81,3,84,12,10,88,6,116,38,12,50,166
08/06/2023,BFL,CA,AWP,WE,Combined TRACON& Tower with Radar,12,0,14,2,28,0,10,89,4,103,12,10,103,6,131,54,0,54,185
08/07/2023,BFL,CA,AWP,WE,Combined TRACON& Tower with Radar,12,18,22,5,57,0,6,95,13,114,12,24,117,18,171,122,0,122,293
08/08/2023,BFL,CA,AWP,WE,Combined TRACON& Tower with Radar,12,15,18,4,49,0,7,175,2,184,12,22,193,6,233,162,0,162,395
08/09/2023,BFL,CA,AWP,WE,Combined TRACON& Tower with Radar,12,16,13,12,53,0,12,151,8,171,12,28,164,20,224,162,0,162,386
08/10/2023,BFL,CA,AWP,WE,Combined TRACON& Tower with Radar,12,11,26,2,51,0,10,105,2,117,12,21,131,4,168,80,0,80,248
08/11/2023,BFL,CA,AWP,WE,Combined TRACON& Tower with Radar,12,12,15,2,41,0,18,139,0,157,12,30,154,2,198,178,0,178,376
08/12/2023,BFL,CA,AWP,WE,Combined TRACON& Tower with Radar,12,9,6,0,27,0,30,84,0,114,12,39,90,0,141,86,0,86,227
08/13/2023,BFL,CA,AWP,WE,Combined TRACON& Tower with Radar,11,2,15,0,28,0,17,64,0,81,11,19,79,0,109,80,0,80,189
08/14/2023,BFL,CA,AWP,WE,Combined TRACON& Tower with Radar,11,4,13,11,39,0,5,131,11,147,11,9,144,22,186,108,12,120,306
08/15/2023,BFL,CA,AWP,WE,Combined TRACON& Tower with Radar,12,15,18,0,45,0,5,127,0,132,12,20,145,0,177,84,0,84,261
08/16/2023,BFL,CA,AWP,WE,Combined TRACON& Tower with Radar,13,12,20,2,47,0,6,152,0,158,13,18,172,2,205,120,0,120,325
08/17/2023,BFL,CA,AWP,WE,Combined TRACON& Tower with Radar,12,24,16,0,52,0,16,159,0,175,12,40,175,0,227,102,0,102,329
08/18/2023,BFL,CA,AWP,WE,Combined TRACON& Tower with Radar,12,14,23,0,49,0,19,128,0,147,12,33,151,0,196,108,0,108,304
08/19/2023,BFL,CA,AWP,WE,Combined TRACON& Tower with Radar,12,2,12,0,26,0,4,86,3,93,12,6,98,3,119,72,0,72,191
08/20/2023,BFL,CA,AWP,WE,Combined TRACON& Tower with Radar,12,0,4,0,16,0,1,7,0,8,12,1,11,0,24,0,0,0,24
08/21/2023,BFL,CA,AWP,WE,Combined TRACON& Tower with Radar,14,6,21,2,43,0,2,58,0,60,14,8,79,2,103,32,0,32,135
08/22/2023,BFL,CA,AWP,WE,Combined TRACON& Tower with Radar,12,17,22,0,51,0,17,181,0,198,12,34,203,0,249,132,0,132,381
08/23/2023,BFL,CA,AWP,WE,Combined TRACON& Tower with Radar,12,13,31,2,58,0,15,177,0,192,12,28,208,2,250,122,0,122,372
08/24/2023,BFL,CA,AWP,WE,Combined TRACON& Tower with Radar,13,16,21,0,50,0,16,166,0,182,13,32,187,0,232,130,0,130,362
08/25/2023,BFL,CA,AWP,WE,Combined TRACON& Tower with Radar,15,12,19,0,46,0,5,189,0,194,15,17,208,0,240,154,0,154,394
08/26/2023,BFL,CA,AWP,WE,Combined TRACON& Tower with Radar,12,3,17,0,32,0,1,112,0,113,12,4,129,0,145,118,0,118,263
08/27/2023,BFL,CA,AWP,WE,Combined TRACON& Tower with Radar,11,4,16,0,31,0,8,101,0,109,11,12,117,0,140,112,0,112,252
08/28/2023,BFL,CA,AWP,WE,Combined TRACON& Tower with Radar,12,3,12,4,31,0,6,135,0,141,12,9,147,4,172,134,0,134,306
08/29/2023,BFL,CA,AWP,WE,Combined TRACON& Tower with Radar,12,11,12,4,39,0,7,175,10,192,12,18,187,14,231,126,0,126,357
08/30/2023,BFL,CA,AWP,WE,Combined TRACON& Tower with Radar,12,17,13,2,44,2,25,197,13,237,14,42,210,15,281,184,0,184,465
08/31/2023,BFL,CA,AWP,WE,Combined TRACON& Tower with Radar,11,16,26,4,57,0,14,181,3,198,11,30,207,7,255,132,14,146,401
