01/01/2020,BFM,AL,ASO,CE,Federal Contract Tower,1,2,2,0,5,0,0,10,0,10,1,2,12,0,15,10,0,10,25
01/02/2020,BFM,AL,ASO,CE,Federal Contract Tower,8,4,11,2,25,0,0,1,0,1,8,4,12,2,26,0,0,0,26
01/03/2020,BFM,AL,ASO,CE,Federal Contract Tower,7,4,6,1,18,0,0,0,1,1,7,4,6,2,19,0,20,20,39
01/04/2020,BFM,AL,ASO,CE,Federal Contract Tower,8,3,5,1,17,0,0,5,0,5,8,3,10,1,22,14,36,50,72
01/05/2020,BFM,AL,ASO,CE,Federal Contract Tower,1,2,11,11,25,0,0,14,12,26,1,2,25,23,51,10,108,118,169
01/06/2020,BFM,AL,ASO,CE,Federal Contract Tower,8,9,18,8,43,0,0,13,19,32,8,9,31,27,75,2,158,160,235
01/07/2020,BFM,AL,ASO,CE,Federal Contract Tower,12,8,18,38,76,0,1,10,30,41,12,9,28,68,117,0,184,184,301
01/08/2020,BFM,AL,ASO,CE,Federal Contract Tower,6,2,13,24,45,0,3,10,28,41,6,5,23,52,86,16,160,176,262
01/09/2020,BFM,AL,ASO,CE,Federal Contract Tower,5,4,21,19,49,0,1,16,30,47,5,5,37,49,96,16,184,200,296
01/10/2020,BFM,AL,ASO,CE,Federal Contract Tower,6,7,8,5,26,0,0,4,1,5,6,7,12,6,31,0,4,4,35
01/11/2020,BFM,AL,ASO,CE,Federal Contract Tower,3,1,1,0,5,0,0,0,0,0,3,1,1,0,5,0,0,0,5
01/12/2020,BFM,AL,ASO,CE,Federal Contract Tower,3,1,15,2,21,0,0,8,0,8,3,1,23,2,29,0,0,0,29
01/13/2020,BFM,AL,ASO,CE,Federal Contract Tower,4,2,7,0,13,0,0,0,0,0,4,2,7,0,13,0,0,0,13
01/14/2020,BFM,AL,ASO,CE,Federal Contract Tower,7,2,6,21,36,0,0,4,7,11,7,2,10,28,47,14,66,80,127
01/15/2020,BFM,AL,ASO,CE,Federal Contract Tower,12,2,22,7,43,0,0,4,5,9,12,2,26,12,52,0,56,56,108
01/16/2020,BFM,AL,ASO,CE,Federal Contract Tower,7,3,18,31,59,0,0,3,6,9,7,3,21,37,68,0,40,40,108
01/17/2020,BFM,AL,ASO,CE,Federal Contract Tower,8,4,16,6,34,0,2,9,26,37,8,6,25,32,71,16,188,204,275
01/18/2020,BFM,AL,ASO,CE,Federal Contract Tower,8,3,1,0,12,0,1,0,0,1,8,4,1,0,13,0,0,0,13
01/19/2020,BFM,AL,ASO,CE,Federal Contract Tower,5,0,2,0,7,0,0,22,5,27,5,0,24,5,34,4,32,36,70
01/20/2020,BFM,AL,ASO,CE,Federal Contract Tower,6,2,16,2,26,0,4,25,0,29,6,6,41,2,55,18,0,18,73
01/21/2020,BFM,AL,ASO,CE,Federal Contract Tower,5,17,31,29,82,0,4,13,18,35,5,21,44,47,117,12,130,142,259
01/22/2020,BFM,AL,ASO,CE,Federal Contract Tower,8,13,32,16,69,0,7,28,32,67,8,20,60,48,136,30,106,136,272
01/23/2020,BFM,AL,ASO,CE,Federal Contract Tower,10,17,19,4,50,0,0,0,6,6,10,17,19,10,56,0,62,62,118
01/24/2020,BFM,AL,ASO,CE,Federal Contract Tower,5,7,7,24,43,0,3,3,23,29,5,10,10,47,72,8,136,144,216
01/25/2020,BFM,AL,ASO,CE,Federal Contract Tower,8,3,7,0,18,0,1,5,6,12,8,4,12,6,30,16,14,30,60
01/26/2020,BFM,AL,ASO,CE,Federal Contract Tower,1,2,11,7,21,0,0,3,3,6,1,2,14,10,27,0,8,8,35
01/27/2020,BFM,AL,ASO,CE,Federal Contract Tower,6,5,15,57,83,0,0,1,12,13,6,5,16,69,96,0,68,68,164
01/28/2020,BFM,AL,ASO,CE,Federal Contract Tower,8,9,11,37,65,0,3,12,23,38,8,12,23,60,103,6,126,132,235
01/29/2020,BFM,AL,ASO,CE,Federal Contract Tower,7,6,17,42,72,0,0,3,2,5,7,6,20,44,77,0,34,34,111
01/30/2020,BFM,AL,ASO,CE,Federal Contract Tower,5,9,22,33,69,0,4,19,39,62,5,13,41,72,131,14,250,264,395
01/31/2020,BFM,AL,ASO,CE,Federal Contract Tower,7,4,11,26,48,0,0,0,0,0,7,4,11,26,48,0,0,0,48
02/01/2020,BFM,AL,ASO,CE,Federal Contract Tower,4,2,5,1,12,0,0,2,6,8,4,2,7,7,20,34,30,64,84
02/02/2020,BFM,AL,ASO,CE,Federal Contract Tower,3,2,6,0,11,0,6,11,7,24,3,8,17,7,35,26,80,106,141
02/03/2020,BFM,AL,ASO,CE,Federal Contract Tower,4,3,12,19,38,0,2,15,24,41,4,5,27,43,79,0,128,128,207
02/04/2020,BFM,AL,ASO,CE,Federal Contract Tower,6,10,17,36,69,0,3,4,20,27,6,13,21,56,96,2,112,114,210
02/05/2020,BFM,AL,ASO,CE,Federal Contract Tower,10,2,7,8,27,0,0,0,0,0,10,2,7,8,27,0,0,0,27
02/06/2020,BFM,AL,ASO,CE,Federal Contract Tower,16,4,6,12,38,0,0,0,1,1,16,4,6,13,39,0,22,22,61
02/07/2020,BFM,AL,ASO,CE,Federal Contract Tower,6,4,14,25,49,0,0,16,21,37,6,4,30,46,86,8,154,162,248
02/08/2020,BFM,AL,ASO,CE,Federal Contract Tower,3,3,2,0,8,0,0,11,1,12,3,3,13,1,20,6,6,12,32
02/09/2020,BFM,AL,ASO,CE,Federal Contract Tower,6,0,10,7,23,0,2,14,17,33,6,2,24,24,56,28,66,94,150
02/10/2020,BFM,AL,ASO,CE,Federal Contract Tower,10,2,6,32,50,0,0,2,1,3,10,2,8,33,53,0,30,30,83
02/11/2020,BFM,AL,ASO,CE,Federal Contract Tower,6,10,7,5,28,0,0,0,3,3,6,10,7,8,31,0,40,40,71
02/12/2020,BFM,AL,ASO,CE,Federal Contract Tower,5,1,19,2,27,0,0,0,0,0,5,1,19,2,27,0,0,0,27
02/13/2020,BFM,AL,ASO,CE,Federal Contract Tower,8,4,27,80,119,0,2,5,31,38,8,6,32,111,157,0,212,212,369
02/14/2020,BFM,AL,ASO,CE,Federal Contract Tower,6,9,15,15,45,0,5,23,28,56,6,14,38,43,101,20,236,256,357
02/15/2020,BFM,AL,ASO,CE,Federal Contract Tower,5,2,8,0,15,0,4,20,0,24,5,6,28,0,39,16,26,42,81
02/16/2020,BFM,AL,ASO,CE,Federal Contract Tower,2,0,24,1,27,0,0,0,0,0,2,0,24,1,27,0,0,0,27
02/17/2020,BFM,AL,ASO,CE,Federal Contract Tower,6,6,11,0,23,0,0,2,0,2,6,6,13,0,25,0,0,0,25
02/18/2020,BFM,AL,ASO,CE,Federal Contract Tower,6,3,5,0,14,0,0,0,0,0,6,3,5,0,14,0,0,0,14
02/19/2020,BFM,AL,ASO,CE,Federal Contract Tower,8,7,22,48,85,0,2,4,47,53,8,9,26,95,138,0,226,226,364
02/20/2020,BFM,AL,ASO,CE,Federal Contract Tower,9,5,6,0,20,0,0,0,0,0,9,5,6,0,20,0,0,0,20
02/21/2020,BFM,AL,ASO,CE,Federal Contract Tower,11,8,11,52,82,0,1,21,34,56,11,9,32,86,138,8,304,312,450
02/23/2020,BFM,AL,ASO,CE,Federal Contract Tower,1,1,13,6,21,0,7,30,6,43,1,8,43,12,64,14,60,74,138
02/24/2020,BFM,AL,ASO,CE,Federal Contract Tower,7,0,2,17,26,0,0,7,16,23,7,0,9,33,49,4,96,100,149
02/25/2020,BFM,AL,ASO,CE,Federal Contract Tower,7,9,11,43,70,0,0,5,24,29,7,9,16,67,99,0,154,154,253
02/26/2020,BFM,AL,ASO,CE,Federal Contract Tower,8,5,22,69,104,0,2,5,24,31,8,7,27,93,135,0,222,222,357
02/27/2020,BFM,AL,ASO,CE,Federal Contract Tower,7,22,44,39,112,0,0,21,33,54,7,22,65,72,166,0,186,186,352
02/28/2020,BFM,AL,ASO,CE,Federal Contract Tower,9,5,11,10,35,0,2,19,23,44,9,7,30,33,79,12,204,216,295
02/29/2020,BFM,AL,ASO,CE,Federal Contract Tower,2,0,3,3,8,0,5,13,6,24,2,5,16,9,32,0,26,26,58
03/01/2020,BFM,AL,ASO,CE,Federal Contract Tower,2,2,7,11,22,0,0,20,3,23,2,2,27,14,45,10,18,28,73
03/02/2020,BFM,AL,ASO,CE,Federal Contract Tower,7,2,10,27,46,0,7,8,8,23,7,9,18,35,69,4,134,138,207
03/03/2020,BFM,AL,ASO,CE,Federal Contract Tower,4,7,22,24,57,0,0,2,12,14,4,7,24,36,71,0,54,54,125
03/04/2020,BFM,AL,ASO,CE,Federal Contract Tower,12,4,9,0,25,0,0,0,0,0,12,4,9,0,25,0,0,0,25
03/05/2020,BFM,AL,ASO,CE,Federal Contract Tower,4,7,12,56,79,0,1,2,11,14,4,8,14,67,93,0,50,50,143
03/06/2020,BFM,AL,ASO,CE,Federal Contract Tower,9,7,21,19,56,0,1,18,37,56,9,8,39,56,112,14,170,184,296
03/07/2020,BFM,AL,ASO,CE,Federal Contract Tower,3,4,4,8,19,0,0,10,2,12,3,4,14,10,31,14,54,68,99
03/08/2020,BFM,AL,ASO,CE,Federal Contract Tower,2,2,13,5,22,0,1,28,6,35,2,3,41,11,57,20,12,32,89
03/09/2020,BFM,AL,ASO,CE,Federal Contract Tower,5,4,16,20,45,0,0,4,67,71,5,4,20,87,116,0,384,384,500
03/10/2020,BFM,AL,ASO,CE,Federal Contract Tower,8,7,13,25,53,0,0,3,25,28,8,7,16,50,81,0,176,176,257
03/11/2020,BFM,AL,ASO,CE,Federal Contract Tower,12,8,17,23,60,0,4,8,13,25,12,12,25,36,85,2,72,74,159
03/12/2020,BFM,AL,ASO,CE,Federal Contract Tower,5,4,8,21,38,0,2,10,16,28,5,6,18,37,66,0,132,132,198
03/13/2020,BFM,AL,ASO,CE,Federal Contract Tower,14,3,8,31,56,0,1,7,25,33,14,4,15,56,89,2,146,148,237
03/14/2020,BFM,AL,ASO,CE,Federal Contract Tower,1,0,2,6,9,0,2,2,2,6,1,2,4,8,15,26,48,74,89
03/15/2020,BFM,AL,ASO,CE,Federal Contract Tower,1,4,3,0,8,0,0,14,2,16,1,4,17,2,24,0,46,46,70
03/16/2020,BFM,AL,ASO,CE,Federal Contract Tower,8,2,13,29,52,0,1,3,18,22,8,3,16,47,74,0,100,100,174
03/17/2020,BFM,AL,ASO,CE,Federal Contract Tower,10,3,2,14,29,0,1,10,33,44,10,4,12,47,73,0,176,176,249
03/18/2020,BFM,AL,ASO,CE,Federal Contract Tower,12,4,1,27,44,0,2,6,8,16,12,6,7,35,60,0,60,60,120
03/19/2020,BFM,AL,ASO,CE,Federal Contract Tower,9,5,5,15,34,0,0,7,6,13,9,5,12,21,47,0,52,52,99
03/20/2020,BFM,AL,ASO,CE,Federal Contract Tower,8,8,3,24,43,0,0,7,22,29,8,8,10,46,72,0,164,164,236
03/21/2020,BFM,AL,ASO,CE,Federal Contract Tower,10,2,0,2,14,0,0,1,0,1,10,2,1,2,15,0,0,0,15
03/22/2020,BFM,AL,ASO,CE,Federal Contract Tower,3,0,2,6,11,0,2,4,2,8,3,2,6,8,19,0,14,14,33
03/23/2020,BFM,AL,ASO,CE,Federal Contract Tower,7,4,2,20,33,0,2,12,10,24,7,6,14,30,57,8,46,54,111
03/24/2020,BFM,AL,ASO,CE,Federal Contract Tower,4,4,3,19,30,0,0,12,12,24,4,4,15,31,54,30,68,98,152
03/25/2020,BFM,AL,ASO,CE,Federal Contract Tower,11,5,7,32,55,0,0,16,14,30,11,5,23,46,85,0,88,88,173
03/26/2020,BFM,AL,ASO,CE,Federal Contract Tower,12,2,10,6,30,0,0,13,13,26,12,2,23,19,56,4,82,86,142
03/27/2020,BFM,AL,ASO,CE,Federal Contract Tower,11,4,9,35,59,0,3,12,27,42,11,7,21,62,101,16,164,180,281
03/29/2020,BFM,AL,ASO,CE,Federal Contract Tower,1,0,5,6,12,0,2,7,5,14,1,2,12,11,26,6,38,44,70
03/30/2020,BFM,AL,ASO,CE,Federal Contract Tower,3,5,1,20,29,0,2,12,17,31,3,7,13,37,60,0,64,64,124
03/31/2020,BFM,AL,ASO,CE,Federal Contract Tower,5,6,0,21,32,0,0,4,2,6,5,6,4,23,38,0,14,14,52
04/01/2020,BFM,AL,ASO,CE,Federal Contract Tower,5,3,7,15,30,0,3,24,15,42,5,6,31,30,72,10,56,66,138
04/02/2020,BFM,AL,ASO,CE,Federal Contract Tower,6,4,7,13,30,0,1,11,24,36,6,5,18,37,66,0,118,118,184
04/03/2020,BFM,AL,ASO,CE,Federal Contract Tower,4,6,6,18,34,0,4,11,41,56,4,10,17,59,90,14,136,150,240
04/04/2020,BFM,AL,ASO,CE,Federal Contract Tower,2,2,0,0,4,0,0,5,0,5,2,2,5,0,9,30,0,30,39
04/05/2020,BFM,AL,ASO,CE,Federal Contract Tower,1,0,0,4,5,0,0,5,2,7,1,0,5,6,12,2,0,2,14
04/06/2020,BFM,AL,ASO,CE,Federal Contract Tower,1,3,4,16,24,0,0,2,13,15,1,3,6,29,39,0,42,42,81
04/07/2020,BFM,AL,ASO,CE,Federal Contract Tower,5,6,3,7,21,0,0,5,4,9,5,6,8,11,30,2,64,66,96
04/08/2020,BFM,AL,ASO,CE,Federal Contract Tower,7,8,4,7,26,0,0,1,19,20,7,8,5,26,46,0,104,104,150
04/09/2020,BFM,AL,ASO,CE,Federal Contract Tower,5,5,6,43,59,0,0,6,28,34,5,5,12,71,93,0,198,198,291
04/10/2020,BFM,AL,ASO,CE,Federal Contract Tower,6,4,4,31,45,0,1,15,10,26,6,5,19,41,71,22,74,96,167
04/11/2020,BFM,AL,ASO,CE,Federal Contract Tower,2,2,2,0,6,0,3,11,0,14,2,5,13,0,20,0,0,0,20
04/12/2020,BFM,AL,ASO,CE,Federal Contract Tower,1,0,0,0,1,0,0,0,0,0,1,0,0,0,1,0,0,0,1
04/13/2020,BFM,AL,ASO,CE,Federal Contract Tower,2,1,2,11,16,0,2,6,24,32,2,3,8,35,48,6,152,158,206
04/14/2020,BFM,AL,ASO,CE,Federal Contract Tower,4,4,4,33,45,0,7,9,23,39,4,11,13,56,84,2,124,126,210
04/15/2020,BFM,AL,ASO,CE,Federal Contract Tower,5,3,4,19,31,0,3,7,10,20,5,6,11,29,51,0,36,36,87
04/16/2020,BFM,AL,ASO,CE,Federal Contract Tower,4,3,6,9,22,0,1,21,18,40,4,4,27,27,62,40,112,152,214
04/17/2020,BFM,AL,ASO,CE,Federal Contract Tower,4,5,4,10,23,0,0,4,7,11,4,5,8,17,34,22,48,70,104
04/18/2020,BFM,AL,ASO,CE,Federal Contract Tower,2,2,2,0,6,0,0,4,4,8,2,2,6,4,14,0,12,12,26
04/19/2020,BFM,AL,ASO,CE,Federal Contract Tower,1,0,1,0,2,0,0,3,2,5,1,0,4,2,7,0,14,14,21
04/20/2020,BFM,AL,ASO,CE,Federal Contract Tower,2,2,7,14,25,0,1,11,29,41,2,3,18,43,66,6,162,168,234
04/21/2020,BFM,AL,ASO,CE,Federal Contract Tower,4,2,4,16,26,0,2,14,20,36,4,4,18,36,62,18,78,96,158
04/22/2020,BFM,AL,ASO,CE,Federal Contract Tower,10,6,7,4,27,0,2,14,25,41,10,8,21,29,68,10,72,82,150
04/23/2020,BFM,AL,ASO,CE,Federal Contract Tower,8,3,2,13,26,0,1,0,0,1,8,4,2,13,27,0,0,0,27
04/24/2020,BFM,AL,ASO,CE,Federal Contract Tower,6,5,12,5,28,0,0,17,17,34,6,5,29,22,62,12,60,72,134
04/25/2020,BFM,AL,ASO,CE,Federal Contract Tower,3,6,0,28,37,0,1,6,8,15,3,7,6,36,52,4,96,100,152
04/26/2020,BFM,AL,ASO,CE,Federal Contract Tower,3,0,2,0,5,0,0,10,6,16,3,0,12,6,21,10,8,18,39
04/27/2020,BFM,AL,ASO,CE,Federal Contract Tower,7,3,7,4,21,0,2,13,14,29,7,5,20,18,50,40,84,124,174
04/28/2020,BFM,AL,ASO,CE,Federal Contract Tower,6,2,13,19,40,0,0,13,26,39,6,2,26,45,79,0,118,118,197
04/29/2020,BFM,AL,ASO,CE,Federal Contract Tower,4,6,3,23,36,0,4,4,3,11,4,10,7,26,47,0,54,54,101
04/30/2020,BFM,AL,ASO,CE,Federal Contract Tower,3,4,9,36,52,0,3,24,35,62,3,7,33,71,114,10,126,136,250
05/01/2020,BFM,AL,ASO,CE,Federal Contract Tower,2,4,4,20,30,0,2,20,30,52,2,6,24,50,82,18,138,156,238
05/02/2020,BFM,AL,ASO,CE,Federal Contract Tower,2,2,1,0,5,0,2,8,4,14,2,4,9,4,19,2,14,16,35
05/03/2020,BFM,AL,ASO,CE,Federal Contract Tower,5,0,5,0,10,0,0,6,11,17,5,0,11,11,27,0,42,42,69
05/04/2020,BFM,AL,ASO,CE,Federal Contract Tower,1,0,8,12,21,0,1,8,10,19,1,1,16,22,40,0,84,84,124
05/05/2020,BFM,AL,ASO,CE,Federal Contract Tower,3,11,1,42,57,0,3,11,15,29,3,14,12,57,86,28,102,130,216
05/06/2020,BFM,AL,ASO,CE,Federal Contract Tower,15,4,8,34,61,0,0,16,31,47,15,4,24,65,108,2,90,92,200
05/07/2020,BFM,AL,ASO,CE,Federal Contract Tower,3,4,15,34,56,0,2,9,11,22,3,6,24,45,78,16,56,72,150
05/08/2020,BFM,AL,ASO,CE,Federal Contract Tower,6,4,8,24,42,0,1,2,25,28,6,5,10,49,70,0,56,56,126
05/09/2020,BFM,AL,ASO,CE,Federal Contract Tower,4,2,8,4,18,1,2,2,0,5,5,4,10,4,23,22,0,22,45
05/10/2020,BFM,AL,ASO,CE,Federal Contract Tower,1,0,2,2,5,0,1,7,3,11,1,1,9,5,16,4,12,16,32
05/11/2020,BFM,AL,ASO,CE,Federal Contract Tower,3,2,4,21,30,0,0,13,25,38,3,2,17,46,68,2,72,74,142
05/12/2020,BFM,AL,ASO,CE,Federal Contract Tower,4,3,9,39,55,0,3,16,28,47,4,6,25,67,102,10,138,148,250
05/13/2020,BFM,AL,ASO,CE,Federal Contract Tower,4,4,7,32,47,0,8,4,16,28,4,12,11,48,75,0,36,36,111
05/14/2020,BFM,AL,ASO,CE,Federal Contract Tower,7,4,19,15,45,0,6,14,20,40,7,10,33,35,85,0,74,74,159
05/15/2020,BFM,AL,ASO,CE,Federal Contract Tower,4,3,2,27,36,0,3,4,21,28,4,6,6,48,64,14,96,110,174
05/16/2020,BFM,AL,ASO,CE,Federal Contract Tower,4,2,6,3,15,0,0,7,1,8,4,2,13,4,23,8,64,72,95
05/17/2020,BFM,AL,ASO,CE,Federal Contract Tower,1,1,1,0,3,0,0,6,2,8,1,1,7,2,11,0,14,14,25
05/18/2020,BFM,AL,ASO,CE,Federal Contract Tower,4,3,11,17,35,0,2,11,7,20,4,5,22,24,55,0,72,72,127
05/19/2020,BFM,AL,ASO,CE,Federal Contract Tower,5,4,4,44,57,0,1,14,16,31,5,5,18,60,88,18,100,118,206
05/20/2020,BFM,AL,ASO,CE,Federal Contract Tower,6,7,11,6,30,0,0,3,8,11,6,7,14,14,41,0,64,64,105
05/21/2020,BFM,AL,ASO,CE,Federal Contract Tower,4,4,28,18,54,0,2,16,16,34,4,6,44,34,88,0,122,122,210
05/22/2020,BFM,AL,ASO,CE,Federal Contract Tower,6,5,11,0,22,0,0,8,2,10,6,5,19,2,32,14,10,24,56
05/23/2020,BFM,AL,ASO,CE,Federal Contract Tower,4,2,2,0,8,0,0,5,0,5,4,2,7,0,13,0,0,0,13
05/24/2020,BFM,AL,ASO,CE,Federal Contract Tower,1,0,0,2,3,0,1,12,3,16,1,1,12,5,19,34,0,34,53
05/25/2020,BFM,AL,ASO,CE,Federal Contract Tower,0,0,6,0,6,0,0,13,0,13,0,0,19,0,19,0,0,0,19
05/26/2020,BFM,AL,ASO,CE,Federal Contract Tower,1,6,7,10,24,0,1,2,0,3,1,7,9,10,27,0,0,0,27
05/27/2020,BFM,AL,ASO,CE,Federal Contract Tower,4,5,6,15,30,0,1,8,13,22,4,6,14,28,52,0,78,78,130
05/28/2020,BFM,AL,ASO,CE,Federal Contract Tower,6,4,12,18,40,0,2,13,29,44,6,6,25,47,84,18,88,106,190
05/29/2020,BFM,AL,ASO,CE,Federal Contract Tower,5,5,11,8,29,0,2,7,4,13,5,7,18,12,42,18,18,36,78
05/30/2020,BFM,AL,ASO,CE,Federal Contract Tower,6,2,4,0,12,0,0,9,1,10,6,2,13,1,22,6,20,26,48
05/31/2020,BFM,AL,ASO,CE,Federal Contract Tower,1,0,5,0,6,0,2,6,9,17,1,2,11,9,23,12,24,36,59
06/01/2020,BFM,AL,ASO,CE,Federal Contract Tower,1,0,15,23,39,0,1,14,22,37,1,1,29,45,76,6,118,124,200
06/02/2020,BFM,AL,ASO,CE,Federal Contract Tower,8,5,12,0,25,0,0,11,12,23,8,5,23,12,48,0,28,28,76
06/03/2020,BFM,AL,ASO,CE,Federal Contract Tower,4,2,9,24,39,0,1,5,19,25,4,3,14,43,64,0,56,56,120
06/04/2020,BFM,AL,ASO,CE,Federal Contract Tower,10,6,14,27,57,0,0,9,33,42,10,6,23,60,99,6,124,130,229
06/05/2020,BFM,AL,ASO,CE,Federal Contract Tower,6,4,8,21,39,0,6,21,29,56,6,10,29,50,95,32,98,130,225
06/06/2020,BFM,AL,ASO,CE,Federal Contract Tower,5,4,2,0,11,0,1,3,0,4,5,5,5,0,15,16,0,16,31
06/07/2020,BFM,AL,ASO,CE,Federal Contract Tower,0,0,1,0,1,0,0,0,0,0,0,0,1,0,1,0,0,0,1
06/08/2020,BFM,AL,ASO,CE,Federal Contract Tower,5,0,1,3,9,0,4,0,3,7,5,4,1,6,16,0,26,26,42
06/09/2020,BFM,AL,ASO,CE,Federal Contract Tower,8,7,7,6,28,0,0,5,4,9,8,7,12,10,37,0,20,20,57
06/10/2020,BFM,AL,ASO,CE,Federal Contract Tower,8,7,15,25,55,0,2,10,13,25,8,9,25,38,80,0,70,70,150
06/11/2020,BFM,AL,ASO,CE,Federal Contract Tower,5,3,8,81,97,0,0,18,27,45,5,3,26,108,142,12,142,154,296
06/12/2020,BFM,AL,ASO,CE,Federal Contract Tower,4,6,16,49,75,0,1,15,22,38,4,7,31,71,113,10,146,156,269
06/13/2020,BFM,AL,ASO,CE,Federal Contract Tower,3,4,2,1,10,0,1,9,4,14,3,5,11,5,24,26,28,54,78
06/14/2020,BFM,AL,ASO,CE,Federal Contract Tower,1,0,7,16,24,0,0,15,8,23,1,0,22,24,47,14,22,36,83
06/15/2020,BFM,AL,ASO,CE,Federal Contract Tower,4,3,5,51,63,0,4,16,35,55,4,7,21,86,118,6,146,152,270
06/16/2020,BFM,AL,ASO,CE,Federal Contract Tower,7,6,14,19,46,0,0,25,18,43,7,6,39,37,89,18,86,104,193
06/17/2020,BFM,AL,ASO,CE,Federal Contract Tower,5,5,9,20,39,0,0,19,19,38,5,5,28,39,77,32,106,138,215
06/18/2020,BFM,AL,ASO,CE,Federal Contract Tower,11,7,5,27,50,0,2,20,15,37,11,9,25,42,87,16,88,104,191
06/19/2020,BFM,AL,ASO,CE,Federal Contract Tower,5,4,3,19,31,0,0,27,16,43,5,4,30,35,74,30,38,68,142
06/20/2020,BFM,AL,ASO,CE,Federal Contract Tower,2,2,4,0,8,0,3,16,8,27,2,5,20,8,35,22,0,22,57
06/21/2020,BFM,AL,ASO,CE,Federal Contract Tower,3,0,1,6,10,0,0,12,0,12,3,0,13,6,22,4,0,4,26
06/22/2020,BFM,AL,ASO,CE,Federal Contract Tower,3,3,7,29,42,0,2,7,22,31,3,5,14,51,73,0,50,50,123
06/23/2020,BFM,AL,ASO,CE,Federal Contract Tower,5,3,7,4,19,0,4,9,10,23,5,7,16,14,42,0,48,48,90
06/24/2020,BFM,AL,ASO,CE,Federal Contract Tower,5,6,14,1,26,0,3,3,21,27,5,9,17,22,53,0,38,38,91
06/25/2020,BFM,AL,ASO,CE,Federal Contract Tower,13,4,12,13,42,0,0,11,8,19,13,4,23,21,61,6,88,94,155
06/26/2020,BFM,AL,ASO,CE,Federal Contract Tower,8,10,21,15,54,0,2,9,6,17,8,12,30,21,71,0,108,108,179
06/27/2020,BFM,AL,ASO,CE,Federal Contract Tower,3,4,14,0,21,0,2,20,10,32,3,6,34,10,53,28,26,54,107
06/28/2020,BFM,AL,ASO,CE,Federal Contract Tower,2,2,6,17,27,0,0,8,2,10,2,2,14,19,37,18,12,30,67
06/29/2020,BFM,AL,ASO,CE,Federal Contract Tower,6,4,8,4,22,0,0,0,9,9,6,4,8,13,31,0,38,38,69
06/30/2020,BFM,AL,ASO,CE,Federal Contract Tower,4,6,12,0,22,0,3,11,14,28,4,9,23,14,50,28,80,108,158
07/01/2020,BFM,AL,ASO,CE,Federal Contract Tower,5,5,12,8,30,0,0,17,7,24,5,5,29,15,54,20,32,52,106
07/02/2020,BFM,AL,ASO,CE,Federal Contract Tower,6,2,6,4,18,0,0,2,10,12,6,2,8,14,30,0,36,36,66
07/03/2020,BFM,AL,ASO,CE,Federal Contract Tower,4,4,6,0,14,0,0,6,0,6,4,4,12,0,20,12,0,12,32
07/04/2020,BFM,AL,ASO,CE,Federal Contract Tower,0,1,1,0,2,0,0,6,0,6,0,1,7,0,8,4,0,4,12
07/05/2020,BFM,AL,ASO,CE,Federal Contract Tower,1,0,1,0,2,0,2,5,0,7,1,2,6,0,9,10,0,10,19
07/06/2020,BFM,AL,ASO,CE,Federal Contract Tower,1,1,9,1,12,0,2,6,1,9,1,3,15,2,21,6,0,6,27
07/07/2020,BFM,AL,ASO,CE,Federal Contract Tower,5,4,8,5,22,0,0,8,10,18,5,4,16,15,40,0,38,38,78
07/08/2020,BFM,AL,ASO,CE,Federal Contract Tower,4,7,9,2,22,0,3,4,8,15,4,10,13,10,37,0,28,28,65
07/09/2020,BFM,AL,ASO,CE,Federal Contract Tower,4,9,10,43,66,0,2,11,10,23,4,11,21,53,89,8,72,80,169
07/10/2020,BFM,AL,ASO,CE,Federal Contract Tower,6,6,15,42,69,0,3,16,12,31,6,9,31,54,100,26,66,92,192
07/11/2020,BFM,AL,ASO,CE,Federal Contract Tower,7,2,4,5,18,0,6,15,1,22,7,8,19,6,40,0,126,126,166
07/12/2020,BFM,AL,ASO,CE,Federal Contract Tower,1,1,2,0,4,0,2,8,10,20,1,3,10,10,24,4,44,48,72
07/13/2020,BFM,AL,ASO,CE,Federal Contract Tower,5,4,12,5,26,0,2,10,13,25,5,6,22,18,51,14,68,82,133
07/14/2020,BFM,AL,ASO,CE,Federal Contract Tower,7,10,10,10,37,0,0,12,10,22,7,10,22,20,59,8,56,64,123
07/15/2020,BFM,AL,ASO,CE,Federal Contract Tower,9,10,8,7,34,0,1,8,8,17,9,11,16,15,51,10,22,32,83
07/16/2020,BFM,AL,ASO,CE,Federal Contract Tower,7,3,6,7,23,0,0,8,20,28,7,3,14,27,51,0,108,108,159
07/17/2020,BFM,AL,ASO,CE,Federal Contract Tower,9,6,6,33,54,0,3,28,17,48,9,9,34,50,102,14,84,98,200
07/18/2020,BFM,AL,ASO,CE,Federal Contract Tower,1,3,3,2,9,0,1,11,11,23,1,4,14,13,32,14,64,78,110
07/19/2020,BFM,AL,ASO,CE,Federal Contract Tower,1,0,3,10,14,0,0,7,4,11,1,0,10,14,25,0,20,20,45
07/20/2020,BFM,AL,ASO,CE,Federal Contract Tower,3,5,15,20,43,0,0,21,21,42,3,5,36,41,85,6,68,74,159
07/21/2020,BFM,AL,ASO,CE,Federal Contract Tower,12,7,9,7,35,0,1,10,8,19,12,8,19,15,54,8,40,48,102
07/22/2020,BFM,AL,ASO,CE,Federal Contract Tower,10,3,17,11,41,0,6,17,9,32,10,9,34,20,73,18,44,62,135
07/23/2020,BFM,AL,ASO,CE,Federal Contract Tower,7,4,16,2,29,0,1,12,14,27,7,5,28,16,56,4,142,146,202
07/24/2020,BFM,AL,ASO,CE,Federal Contract Tower,7,6,12,0,25,0,0,1,5,6,7,6,13,5,31,0,14,14,45
07/25/2020,BFM,AL,ASO,CE,Federal Contract Tower,4,2,2,0,8,0,0,4,4,8,4,2,6,4,16,0,22,22,38
07/26/2020,BFM,AL,ASO,CE,Federal Contract Tower,1,0,4,5,10,0,0,25,0,25,1,0,29,5,35,30,0,30,65
07/27/2020,BFM,AL,ASO,CE,Federal Contract Tower,3,5,9,11,28,0,0,2,11,13,3,5,11,22,41,8,50,58,99
07/28/2020,BFM,AL,ASO,CE,Federal Contract Tower,8,9,8,11,36,0,2,6,12,20,8,11,14,23,56,10,50,60,116
07/29/2020,BFM,AL,ASO,CE,Federal Contract Tower,6,7,7,24,44,0,0,7,18,25,6,7,14,42,69,4,68,72,141
07/30/2020,BFM,AL,ASO,CE,Federal Contract Tower,8,6,9,30,53,0,3,19,6,28,8,9,28,36,81,36,32,68,149
07/31/2020,BFM,AL,ASO,CE,Federal Contract Tower,8,5,9,14,36,0,0,21,19,40,8,5,30,33,76,26,142,168,244
08/01/2020,BFM,AL,ASO,CE,Federal Contract Tower,2,2,9,1,14,0,0,21,5,26,2,2,30,6,40,0,68,68,108
08/02/2020,BFM,AL,ASO,CE,Federal Contract Tower,1,0,4,0,5,0,0,9,4,13,1,0,13,4,18,0,0,0,18
08/03/2020,BFM,AL,ASO,CE,Federal Contract Tower,3,4,10,34,51,0,1,25,22,48,3,5,35,56,99,28,88,116,215
08/04/2020,BFM,AL,ASO,CE,Federal Contract Tower,9,7,7,18,41,0,3,12,18,33,9,10,19,36,74,6,86,92,166
08/05/2020,BFM,AL,ASO,CE,Federal Contract Tower,5,6,11,48,70,0,3,12,20,35,5,9,23,68,105,14,108,122,227
08/06/2020,BFM,AL,ASO,CE,Federal Contract Tower,7,5,19,15,46,0,4,29,23,56,7,9,48,38,102,24,96,120,222
08/07/2020,BFM,AL,ASO,CE,Federal Contract Tower,6,4,2,18,30,0,0,10,23,33,6,4,12,41,63,0,82,82,145
08/08/2020,BFM,AL,ASO,CE,Federal Contract Tower,6,2,1,2,11,0,2,9,8,19,6,4,10,10,30,14,28,42,72
08/09/2020,BFM,AL,ASO,CE,Federal Contract Tower,1,0,5,4,10,0,0,9,3,12,1,0,14,7,22,16,0,16,38
08/10/2020,BFM,AL,ASO,CE,Federal Contract Tower,11,2,11,19,43,0,4,8,19,31,11,6,19,38,74,0,44,44,118
08/11/2020,BFM,AL,ASO,CE,Federal Contract Tower,15,10,13,13,51,0,5,11,2,18,15,15,24,15,69,28,14,42,111
08/12/2020,BFM,AL,ASO,CE,Federal Contract Tower,6,4,14,13,37,0,1,9,7,17,6,5,23,20,54,16,30,46,100
08/13/2020,BFM,AL,ASO,CE,Federal Contract Tower,4,4,12,28,48,0,3,8,19,30,4,7,20,47,78,8,128,136,214
08/14/2020,BFM,AL,ASO,CE,Federal Contract Tower,9,5,6,0,20,0,1,9,13,23,9,6,15,13,43,0,102,102,145
08/15/2020,BFM,AL,ASO,CE,Federal Contract Tower,2,2,0,11,15,0,1,6,0,7,2,3,6,11,22,6,8,14,36
08/16/2020,BFM,AL,ASO,CE,Federal Contract Tower,7,0,11,18,36,0,0,6,5,11,7,0,17,23,47,14,24,38,85
08/17/2020,BFM,AL,ASO,CE,Federal Contract Tower,3,3,17,6,29,0,2,5,18,25,3,5,22,24,54,0,86,86,140
08/18/2020,BFM,AL,ASO,CE,Federal Contract Tower,4,6,16,7,33,0,2,17,12,31,4,8,33,19,64,2,46,48,112
08/19/2020,BFM,AL,ASO,CE,Federal Contract Tower,11,6,9,19,45,0,7,9,30,46,11,13,18,49,91,6,130,136,227
08/20/2020,BFM,AL,ASO,CE,Federal Contract Tower,4,5,13,13,35,0,0,7,7,14,4,5,20,20,49,6,28,34,83
08/21/2020,BFM,AL,ASO,CE,Federal Contract Tower,6,6,9,19,40,0,0,7,22,29,6,6,16,41,69,0,98,98,167
08/22/2020,BFM,AL,ASO,CE,Federal Contract Tower,3,2,4,2,11,0,1,10,8,19,3,3,14,10,30,16,26,42,72
08/23/2020,BFM,AL,ASO,CE,Federal Contract Tower,1,5,11,0,17,0,1,4,0,5,1,6,15,0,22,12,0,12,34
08/24/2020,BFM,AL,ASO,CE,Federal Contract Tower,4,4,2,4,14,0,0,1,3,4,4,4,3,7,18,0,14,14,32
08/25/2020,BFM,AL,ASO,CE,Federal Contract Tower,4,5,8,11,28,0,1,0,4,5,4,6,8,15,33,0,20,20,53
08/26/2020,BFM,AL,ASO,CE,Federal Contract Tower,4,8,10,6,28,0,0,1,18,19,4,8,11,24,47,0,56,56,103
08/27/2020,BFM,AL,ASO,CE,Federal Contract Tower,6,3,6,8,23,0,2,1,12,15,6,5,7,20,38,0,34,34,72
08/28/2020,BFM,AL,ASO,CE,Federal Contract Tower,8,7,9,6,30,0,2,7,15,24,8,9,16,21,54,0,70,70,124
08/29/2020,BFM,AL,ASO,CE,Federal Contract Tower,9,2,5,2,18,0,0,9,4,13,9,2,14,6,31,14,14,28,59
08/30/2020,BFM,AL,ASO,CE,Federal Contract Tower,2,1,1,6,10,0,2,1,7,10,2,3,2,13,20,0,22,22,42
08/31/2020,BFM,AL,ASO,CE,Federal Contract Tower,5,3,18,0,26,0,5,3,8,16,5,8,21,8,42,0,6,6,48
09/01/2020,BFM,AL,ASO,CE,Federal Contract Tower,10,10,10,8,38,0,1,6,33,40,10,11,16,41,78,20,106,126,204
09/02/2020,BFM,AL,ASO,CE,Federal Contract Tower,7,4,17,25,53,0,3,16,21,40,7,7,33,46,93,32,118,150,243
09/03/2020,BFM,AL,ASO,CE,Federal Contract Tower,7,7,14,14,42,0,4,21,12,37,7,11,35,26,79,34,50,84,163
09/04/2020,BFM,AL,ASO,CE,Federal Contract Tower,10,4,4,4,22,0,2,22,4,28,10,6,26,8,50,4,18,22,72
09/05/2020,BFM,AL,ASO,CE,Federal Contract Tower,2,2,2,0,6,0,0,6,0,6,2,2,8,0,12,22,0,22,34
09/06/2020,BFM,AL,ASO,CE,Federal Contract Tower,1,0,4,0,5,0,0,16,0,16,1,0,20,0,21,12,0,12,33
09/07/2020,BFM,AL,ASO,CE,Federal Contract Tower,0,2,9,0,11,0,1,14,0,15,0,3,23,0,26,20,0,20,46
09/08/2020,BFM,AL,ASO,CE,Federal Contract Tower,3,4,6,36,49,0,3,3,15,21,3,7,9,51,70,0,76,76,146
09/09/2020,BFM,AL,ASO,CE,Federal Contract Tower,5,6,16,25,52,0,1,28,20,49,5,7,44,45,101,40,106,146,247
09/10/2020,BFM,AL,ASO,CE,Federal Contract Tower,7,4,10,25,46,0,4,15,32,51,7,8,25,57,97,6,192,198,295
09/11/2020,BFM,AL,ASO,CE,Federal Contract Tower,4,5,12,10,31,0,0,11,16,27,4,5,23,26,58,0,92,92,150
09/12/2020,BFM,AL,ASO,CE,Federal Contract Tower,2,3,5,4,14,0,0,9,8,17,2,3,14,12,31,18,28,46,77
09/13/2020,BFM,AL,ASO,CE,Federal Contract Tower,1,0,4,0,5,0,0,5,0,5,1,0,9,0,10,4,0,4,14
09/14/2020,BFM,AL,ASO,CE,Federal Contract Tower,1,6,1,0,8,0,0,0,0,0,1,6,1,0,8,0,0,0,8
09/15/2020,BFM,AL,ASO,CE,Federal Contract Tower,0,0,0,0,0,0,0,0,0,0,0,0,0,0,0,0,0,0,0
09/16/2020,BFM,AL,ASO,CE,Federal Contract Tower,0,0,0,0,0,0,0,0,0,0,0,0,0,0,0,0,0,0,0
09/17/2020,BFM,AL,ASO,CE,Federal Contract Tower,2,3,19,2,26,0,8,13,2,23,2,11,32,4,49,0,8,8,57
09/18/2020,BFM,AL,ASO,CE,Federal Contract Tower,3,9,7,0,19,0,2,11,2,15,3,11,18,2,34,0,12,12,46
09/19/2020,BFM,AL,ASO,CE,Federal Contract Tower,6,2,3,0,11,0,0,2,0,2,6,2,5,0,13,0,0,0,13
09/20/2020,BFM,AL,ASO,CE,Federal Contract Tower,2,3,8,0,13,0,0,1,0,1,2,3,9,0,14,0,0,0,14
09/21/2020,BFM,AL,ASO,CE,Federal Contract Tower,5,1,6,0,12,0,2,3,4,9,5,3,9,4,21,0,50,50,71
09/22/2020,BFM,AL,ASO,CE,Federal Contract Tower,4,4,5,23,36,0,4,8,17,29,4,8,13,40,65,0,114,114,179
09/23/2020,BFM,AL,ASO,CE,Federal Contract Tower,6,4,8,13,31,0,1,5,14,20,6,5,13,27,51,2,96,98,149
09/24/2020,BFM,AL,ASO,CE,Federal Contract Tower,8,4,4,18,34,0,1,4,18,23,8,5,8,36,57,0,98,98,155
09/25/2020,BFM,AL,ASO,CE,Federal Contract Tower,7,4,16,37,64,0,4,21,17,42,7,8,37,54,106,12,128,140,246
09/27/2020,BFM,AL,ASO,CE,Federal Contract Tower,1,3,9,4,17,0,2,12,1,15,1,5,21,5,32,10,0,10,42
09/28/2020,BFM,AL,ASO,CE,Federal Contract Tower,4,2,15,20,41,0,0,5,22,27,4,2,20,42,68,0,86,86,154
09/29/2020,BFM,AL,ASO,CE,Federal Contract Tower,6,5,19,57,87,0,2,12,22,36,6,7,31,79,123,2,102,104,227
09/30/2020,BFM,AL,ASO,CE,Federal Contract Tower,8,5,19,31,63,0,5,26,20,51,8,10,45,51,114,34,158,192,306
10/01/2020,BFM,AL,ASO,CE,Federal Contract Tower,9,6,16,19,50,0,2,18,29,49,9,8,34,48,99,44,82,126,225
10/02/2020,BFM,AL,ASO,CE,Federal Contract Tower,6,4,18,34,62,0,4,20,15,39,6,8,38,49,101,22,80,102,203
10/03/2020,BFM,AL,ASO,CE,Federal Contract Tower,3,3,6,0,12,0,0,16,6,22,3,3,22,6,34,18,0,18,52
10/04/2020,BFM,AL,ASO,CE,Federal Contract Tower,3,1,4,7,15,0,4,22,10,36,3,5,26,17,51,18,48,66,117
10/05/2020,BFM,AL,ASO,CE,Federal Contract Tower,10,1,11,22,44,0,3,13,12,28,10,4,24,34,72,16,46,62,134
10/06/2020,BFM,AL,ASO,CE,Federal Contract Tower,6,3,9,14,32,0,2,5,8,15,6,5,14,22,47,0,66,66,113
10/07/2020,BFM,AL,ASO,CE,Federal Contract Tower,4,7,18,22,51,0,1,11,11,23,4,8,29,33,74,16,32,48,122
10/08/2020,BFM,AL,ASO,CE,Federal Contract Tower,5,5,11,0,21,0,2,8,0,10,5,7,19,0,31,0,0,0,31
10/09/2020,BFM,AL,ASO,CE,Federal Contract Tower,4,4,5,0,13,0,6,2,0,8,4,10,7,0,21,0,0,0,21
10/10/2020,BFM,AL,ASO,CE,Federal Contract Tower,2,2,1,0,5,0,1,3,2,6,2,3,4,2,11,0,0,0,11
10/11/2020,BFM,AL,ASO,CE,Federal Contract Tower,1,0,7,0,8,0,1,6,0,7,1,1,13,0,15,0,0,0,15
10/12/2020,BFM,AL,ASO,CE,Federal Contract Tower,5,3,11,0,19,0,3,18,1,22,5,6,29,1,41,10,0,10,51
10/13/2020,BFM,AL,ASO,CE,Federal Contract Tower,4,5,28,15,52,0,11,10,26,47,4,16,38,41,99,0,120,120,219
10/14/2020,BFM,AL,ASO,CE,Federal Contract Tower,4,8,12,30,54,0,0,24,17,41,4,8,36,47,95,12,80,92,187
10/15/2020,BFM,AL,ASO,CE,Federal Contract Tower,6,4,6,8,24,0,4,17,19,40,6,8,23,27,64,44,86,130,194
10/16/2020,BFM,AL,ASO,CE,Federal Contract Tower,10,6,14,41,71,0,2,13,12,27,10,8,27,53,98,8,104,112,210
10/17/2020,BFM,AL,ASO,CE,Federal Contract Tower,11,1,4,0,16,0,0,5,11,16,11,1,9,11,32,8,38,46,78
10/18/2020,BFM,AL,ASO,CE,Federal Contract Tower,1,0,8,0,9,0,1,8,1,10,1,1,16,1,19,0,0,0,19
10/19/2020,BFM,AL,ASO,CE,Federal Contract Tower,1,2,9,19,31,0,6,6,40,52,1,8,15,59,83,26,152,178,261
10/20/2020,BFM,AL,ASO,CE,Federal Contract Tower,5,6,21,35,67,0,1,9,34,44,5,7,30,69,111,12,138,150,261
10/21/2020,BFM,AL,ASO,CE,Federal Contract Tower,6,5,15,40,66,0,2,6,32,40,6,7,21,72,106,8,186,194,300
10/22/2020,BFM,AL,ASO,CE,Federal Contract Tower,4,5,11,22,42,0,1,7,6,14,4,6,18,28,56,0,42,42,98
10/23/2020,BFM,AL,ASO,CE,Federal Contract Tower,7,10,12,10,39,0,4,2,22,28,7,14,14,32,67,0,126,126,193
10/24/2020,BFM,AL,ASO,CE,Federal Contract Tower,4,2,2,0,8,0,2,2,0,4,4,4,4,0,12,0,0,0,12
10/25/2020,BFM,AL,ASO,CE,Federal Contract Tower,2,0,7,4,13,0,2,3,0,5,2,2,10,4,18,6,0,6,24
10/26/2020,BFM,AL,ASO,CE,Federal Contract Tower,2,5,9,10,26,0,3,12,4,19,2,8,21,14,45,6,20,26,71
10/27/2020,BFM,AL,ASO,CE,Federal Contract Tower,5,7,12,9,33,0,0,2,2,4,5,7,14,11,37,0,18,18,55
10/28/2020,BFM,AL,ASO,CE,Federal Contract Tower,4,2,3,0,9,0,0,0,0,0,4,2,3,0,9,0,0,0,9
10/29/2020,BFM,AL,ASO,CE,Federal Contract Tower,6,2,4,0,12,0,2,0,3,5,6,4,4,3,17,0,0,0,17
10/30/2020,BFM,AL,ASO,CE,Federal Contract Tower,6,6,7,10,29,0,2,8,14,24,6,8,15,24,53,0,126,126,179
10/31/2020,BFM,AL,ASO,CE,Federal Contract Tower,2,2,4,0,8,0,0,14,2,16,2,2,18,2,24,0,34,34,58
11/01/2020,BFM,AL,ASO,CE,Federal Contract Tower,1,0,7,0,8,0,2,9,2,13,1,2,16,2,21,46,10,56,77
11/02/2020,BFM,AL,ASO,CE,Federal Contract Tower,2,3,7,47,59,0,4,6,12,22,2,7,13,59,81,8,114,122,203
11/03/2020,BFM,AL,ASO,CE,Federal Contract Tower,4,6,14,16,40,0,1,10,10,21,4,7,24,26,61,0,26,26,87
11/04/2020,BFM,AL,ASO,CE,Federal Contract Tower,9,4,10,19,42,0,2,13,15,30,9,6,23,34,72,6,48,54,126
11/05/2020,BFM,AL,ASO,CE,Federal Contract Tower,6,6,21,3,36,0,8,17,23,48,6,14,38,26,84,34,112,146,230
11/06/2020,BFM,AL,ASO,CE,Federal Contract Tower,6,12,21,34,73,0,5,27,20,52,6,17,48,54,125,30,74,104,229
11/07/2020,BFM,AL,ASO,CE,Federal Contract Tower,2,2,2,0,6,0,4,13,3,20,2,6,15,3,26,16,50,66,92
11/08/2020,BFM,AL,ASO,CE,Federal Contract Tower,1,0,8,9,18,0,2,14,10,26,1,2,22,19,44,4,34,38,82
11/09/2020,BFM,AL,ASO,CE,Federal Contract Tower,3,2,14,19,38,0,4,6,36,46,3,6,20,55,84,0,112,112,196
11/10/2020,BFM,AL,ASO,CE,Federal Contract Tower,4,4,7,7,22,0,0,4,14,18,4,4,11,21,40,0,52,52,92
11/11/2020,BFM,AL,ASO,CE,Federal Contract Tower,8,6,16,0,30,0,2,4,3,9,8,8,20,3,39,0,10,10,49
11/12/2020,BFM,AL,ASO,CE,Federal Contract Tower,5,8,14,49,76,0,4,10,11,25,5,12,24,60,101,12,68,80,181
11/13/2020,BFM,AL,ASO,CE,Federal Contract Tower,4,7,9,58,78,0,0,9,41,50,4,7,18,99,128,4,194,198,326
11/14/2020,BFM,AL,ASO,CE,Federal Contract Tower,7,3,5,3,18,0,0,17,5,22,7,3,22,8,40,14,54,68,108
11/15/2020,BFM,AL,ASO,CE,Federal Contract Tower,4,1,18,17,40,0,0,17,1,18,4,1,35,18,58,28,16,44,102
11/16/2020,BFM,AL,ASO,CE,Federal Contract Tower,2,10,7,36,55,0,0,13,50,63,2,10,20,86,118,10,310,320,438
11/17/2020,BFM,AL,ASO,CE,Federal Contract Tower,9,5,10,29,53,0,3,12,55,70,9,8,22,84,123,2,208,210,333
11/18/2020,BFM,AL,ASO,CE,Federal Contract Tower,4,9,17,19,49,0,3,14,39,56,4,12,31,58,105,0,298,298,403
11/19/2020,BFM,AL,ASO,CE,Federal Contract Tower,6,4,13,26,49,0,0,12,24,36,6,4,25,50,85,6,128,134,219
11/20/2020,BFM,AL,ASO,CE,Federal Contract Tower,5,6,15,13,39,0,1,13,18,32,5,7,28,31,71,10,86,96,167
11/21/2020,BFM,AL,ASO,CE,Federal Contract Tower,2,2,4,2,10,0,11,18,11,40,2,13,22,13,50,46,178,224,274
11/22/2020,BFM,AL,ASO,CE,Federal Contract Tower,0,1,7,14,22,0,0,9,8,17,0,1,16,22,39,6,30,36,75
11/23/2020,BFM,AL,ASO,CE,Federal Contract Tower,3,7,10,31,51,0,0,3,15,18,3,7,13,46,69,2,84,86,155
11/24/2020,BFM,AL,ASO,CE,Federal Contract Tower,6,11,1,24,42,0,6,11,31,48,6,17,12,55,90,16,246,262,352
11/25/2020,BFM,AL,ASO,CE,Federal Contract Tower,4,3,12,6,25,0,2,6,7,15,4,5,18,13,40,6,34,40,80
11/26/2020,BFM,AL,ASO,CE,Federal Contract Tower,0,0,1,0,1,0,0,0,0,0,0,0,1,0,1,0,0,0,1
11/27/2020,BFM,AL,ASO,CE,Federal Contract Tower,4,2,15,0,21,0,0,2,0,2,4,2,17,0,23,0,0,0,23
11/28/2020,BFM,AL,ASO,CE,Federal Contract Tower,4,3,9,0,16,0,2,6,0,8,4,5,15,0,24,4,0,4,28
11/29/2020,BFM,AL,ASO,CE,Federal Contract Tower,0,1,5,0,6,0,0,0,0,0,0,1,5,0,6,0,0,0,6
11/30/2020,BFM,AL,ASO,CE,Federal Contract Tower,1,5,11,87,104,0,3,6,34,43,1,8,17,121,147,6,196,202,349
12/01/2020,BFM,AL,ASO,CE,Federal Contract Tower,8,6,22,51,87,0,6,14,33,53,8,12,36,84,140,2,184,186,326
12/02/2020,BFM,AL,ASO,CE,Federal Contract Tower,7,6,32,31,76,0,5,28,25,58,7,11,60,56,134,18,126,144,278
12/03/2020,BFM,AL,ASO,CE,Federal Contract Tower,8,4,18,12,42,0,3,12,20,35,8,7,30,32,77,18,116,134,211
12/04/2020,BFM,AL,ASO,CE,Federal Contract Tower,6,9,11,26,52,0,4,6,11,21,6,13,17,37,73,0,60,60,133
12/05/2020,BFM,AL,ASO,CE,Federal Contract Tower,2,2,4,17,25,0,0,20,11,31,2,2,24,28,56,14,12,26,82
12/06/2020,BFM,AL,ASO,CE,Federal Contract Tower,1,0,3,8,12,0,1,18,11,30,1,1,21,19,42,22,46,68,110
12/07/2020,BFM,AL,ASO,CE,Federal Contract Tower,7,5,12,10,34,0,6,4,24,34,7,11,16,34,68,0,106,106,174
12/08/2020,BFM,AL,ASO,CE,Federal Contract Tower,6,3,8,18,35,0,0,20,27,47,6,3,28,45,82,10,158,168,250
12/09/2020,BFM,AL,ASO,CE,Federal Contract Tower,11,10,15,35,71,0,6,18,32,56,11,16,33,67,127,30,192,222,349
12/10/2020,BFM,AL,ASO,CE,Federal Contract Tower,7,2,14,9,32,0,0,17,30,47,7,2,31,39,79,16,228,244,323
12/11/2020,BFM,AL,ASO,CE,Federal Contract Tower,4,3,12,11,30,0,2,12,20,34,4,5,24,31,64,12,178,190,254
12/12/2020,BFM,AL,ASO,CE,Federal Contract Tower,5,2,1,10,18,0,3,0,2,5,5,5,1,12,23,0,44,44,67
12/13/2020,BFM,AL,ASO,CE,Federal Contract Tower,1,1,3,8,13,0,0,0,2,2,1,1,3,10,15,0,0,0,15
12/14/2020,BFM,AL,ASO,CE,Federal Contract Tower,2,5,8,57,72,0,1,6,15,22,2,6,14,72,94,0,100,100,194
12/15/2020,BFM,AL,ASO,CE,Federal Contract Tower,10,10,14,30,64,0,5,11,17,33,10,15,25,47,97,0,84,84,181
12/16/2020,BFM,AL,ASO,CE,Federal Contract Tower,7,6,5,17,35,0,0,2,0,2,7,6,7,17,37,0,12,12,49
12/17/2020,BFM,AL,ASO,CE,Federal Contract Tower,6,4,11,31,52,0,3,13,20,36,6,7,24,51,88,18,80,98,186
12/18/2020,BFM,AL,ASO,CE,Federal Contract Tower,5,9,15,24,53,0,0,12,6,18,5,9,27,30,71,6,38,44,115
12/19/2020,BFM,AL,ASO,CE,Federal Contract Tower,2,3,2,0,7,0,0,12,12,24,2,3,14,12,31,28,42,70,101
12/20/2020,BFM,AL,ASO,CE,Federal Contract Tower,6,0,5,6,17,0,0,0,0,0,6,0,5,6,17,0,0,0,17
12/21/2020,BFM,AL,ASO,CE,Federal Contract Tower,3,7,19,16,45,0,3,6,13,22,3,10,25,29,67,2,52,54,121
12/22/2020,BFM,AL,ASO,CE,Federal Contract Tower,12,7,11,18,48,0,10,26,17,53,12,17,37,35,101,30,68,98,199
12/23/2020,BFM,AL,ASO,CE,Federal Contract Tower,6,4,6,2,18,0,2,15,9,26,6,6,21,11,44,10,66,76,120
12/24/2020,BFM,AL,ASO,CE,Federal Contract Tower,6,6,0,0,12,0,0,0,0,0,6,6,0,0,12,0,0,0,12
12/25/2020,BFM,AL,ASO,CE,Federal Contract Tower,3,0,1,0,4,0,0,4,0,4,3,0,5,0,8,0,0,0,8
12/26/2020,BFM,AL,ASO,CE,Federal Contract Tower,3,2,5,0,10,0,2,6,0,8,3,4,11,0,18,0,0,0,18
12/27/2020,BFM,AL,ASO,CE,Federal Contract Tower,2,2,3,0,7,0,2,11,0,13,2,4,14,0,20,0,0,0,20
12/28/2020,BFM,AL,ASO,CE,Federal Contract Tower,2,6,6,11,25,0,2,5,15,22,2,8,11,26,47,0,60,60,107
12/29/2020,BFM,AL,ASO,CE,Federal Contract Tower,5,3,2,4,14,0,2,7,9,18,5,5,9,13,32,0,24,24,56
12/30/2020,BFM,AL,ASO,CE,Federal Contract Tower,3,5,9,4,21,0,5,4,1,10,3,10,13,5,31,2,0,2,33
12/31/2020,BFM,AL,ASO,CE,Federal Contract Tower,6,3,6,0,15,0,0,0,0,0,6,3,6,0,15,4,0,4,19
01/01/2021,BFM,AL,ASO,CE,Federal Contract Tower,0,0,5,0,5,0,0,2,0,2,0,0,7,0,7,18,0,18,25
01/02/2021,BFM,AL,ASO,CE,Federal Contract Tower,5,4,3,0,12,0,0,7,0,7,5,4,10,0,19,4,0,4,23
01/03/2021,BFM,AL,ASO,CE,Federal Contract Tower,3,0,10,0,13,0,1,24,0,25,3,1,34,0,38,20,0,20,58
01/04/2021,BFM,AL,ASO,CE,Federal Contract Tower,3,3,6,10,22,0,0,20,7,27,3,3,26,17,49,0,36,36,85
01/05/2021,BFM,AL,ASO,CE,Federal Contract Tower,6,6,7,36,55,0,4,10,30,44,6,10,17,66,99,4,172,176,275
01/06/2021,BFM,AL,ASO,CE,Federal Contract Tower,5,6,9,34,54,0,3,23,18,44,5,9,32,52,98,24,134,158,256
01/07/2021,BFM,AL,ASO,CE,Federal Contract Tower,13,4,5,49,71,0,0,0,13,13,13,4,5,62,84,0,150,150,234
01/08/2021,BFM,AL,ASO,CE,Federal Contract Tower,10,7,14,21,52,0,0,0,10,10,10,7,14,31,62,0,112,112,174
01/09/2021,BFM,AL,ASO,CE,Federal Contract Tower,2,2,2,0,6,0,0,8,4,12,2,2,10,4,18,4,30,34,52
01/10/2021,BFM,AL,ASO,CE,Federal Contract Tower,0,0,7,21,28,0,3,9,3,15,0,3,16,24,43,16,0,16,59
01/11/2021,BFM,AL,ASO,CE,Federal Contract Tower,3,3,12,14,32,0,0,0,0,0,3,3,12,14,32,0,0,0,32
01/12/2021,BFM,AL,ASO,CE,Federal Contract Tower,6,5,20,17,48,0,0,0,0,0,6,5,20,17,48,0,0,0,48
01/13/2021,BFM,AL,ASO,CE,Federal Contract Tower,8,6,3,37,54,0,1,12,33,46,8,7,15,70,100,4,178,182,282
01/14/2021,BFM,AL,ASO,CE,Federal Contract Tower,8,7,19,11,45,0,3,6,37,46,8,10,25,48,91,0,178,178,269
01/15/2021,BFM,AL,ASO,CE,Federal Contract Tower,11,6,11,66,94,0,0,8,8,16,11,6,19,74,110,8,60,68,178
01/16/2021,BFM,AL,ASO,CE,Federal Contract Tower,2,2,3,0,7,0,0,22,0,22,2,2,25,0,29,6,0,6,35
01/17/2021,BFM,AL,ASO,CE,Federal Contract Tower,4,0,4,2,10,0,1,1,2,4,4,1,5,4,14,0,0,0,14
01/18/2021,BFM,AL,ASO,CE,Federal Contract Tower,3,3,15,0,21,0,3,23,0,26,3,6,38,0,47,36,16,52,99
01/19/2021,BFM,AL,ASO,CE,Federal Contract Tower,7,9,11,55,82,0,2,19,37,58,7,11,30,92,140,8,266,274,414
01/20/2021,BFM,AL,ASO,CE,Federal Contract Tower,6,5,17,56,84,0,2,7,32,41,6,7,24,88,125,0,158,158,283
01/21/2021,BFM,AL,ASO,CE,Federal Contract Tower,10,5,18,47,80,0,2,14,18,34,10,7,32,65,114,0,144,144,258
01/22/2021,BFM,AL,ASO,CE,Federal Contract Tower,9,10,6,6,31,0,0,1,0,1,9,10,7,6,32,0,0,0,32
01/23/2021,BFM,AL,ASO,CE,Federal Contract Tower,2,2,7,0,11,0,0,11,2,13,2,2,18,2,24,14,8,22,46
01/24/2021,BFM,AL,ASO,CE,Federal Contract Tower,6,0,11,0,17,0,0,1,0,1,6,0,12,0,18,0,0,0,18
01/25/2021,BFM,AL,ASO,CE,Federal Contract Tower,1,10,5,22,38,0,0,0,0,0,1,10,5,22,38,0,0,0,38
01/26/2021,BFM,AL,ASO,CE,Federal Contract Tower,6,4,8,9,27,0,2,0,2,4,6,6,8,11,31,0,2,2,33
01/27/2021,BFM,AL,ASO,CE,Federal Contract Tower,5,4,13,54,76,0,0,3,22,25,5,4,16,76,101,10,164,174,275
01/28/2021,BFM,AL,ASO,CE,Federal Contract Tower,7,11,18,108,144,0,3,8,36,47,7,14,26,144,191,12,122,134,325
01/29/2021,BFM,AL,ASO,CE,Federal Contract Tower,7,6,16,27,56,0,2,14,25,41,7,8,30,52,97,26,122,148,245
01/30/2021,BFM,AL,ASO,CE,Federal Contract Tower,4,2,7,0,13,0,0,14,28,42,4,2,21,28,55,30,160,190,245
01/31/2021,BFM,AL,ASO,CE,Federal Contract Tower,1,13,5,10,29,0,0,5,9,14,1,13,10,19,43,0,48,48,91
02/01/2021,BFM,AL,ASO,CE,Federal Contract Tower,4,2,5,73,84,0,1,5,40,46,4,3,10,113,130,0,102,102,232
02/02/2021,BFM,AL,ASO,CE,Federal Contract Tower,4,4,21,32,61,0,0,20,43,63,4,4,41,75,124,50,220,270,394
02/03/2021,BFM,AL,ASO,CE,Federal Contract Tower,4,6,19,29,58,0,2,16,44,62,4,8,35,73,120,24,206,230,350
02/04/2021,BFM,AL,ASO,CE,Federal Contract Tower,4,4,12,27,47,0,2,5,36,43,4,6,17,63,90,8,188,196,286
02/05/2021,BFM,AL,ASO,CE,Federal Contract Tower,7,3,9,30,49,0,4,0,6,10,7,7,9,36,59,0,38,38,97
02/06/2021,BFM,AL,ASO,CE,Federal Contract Tower,3,2,4,0,9,0,0,0,0,0,3,2,4,0,9,0,0,0,9
02/07/2021,BFM,AL,ASO,CE,Federal Contract Tower,1,0,14,0,15,0,0,13,2,15,1,0,27,2,30,20,6,26,56
02/08/2021,BFM,AL,ASO,CE,Federal Contract Tower,2,0,11,12,25,0,3,14,11,28,2,3,25,23,53,22,86,108,161
02/09/2021,BFM,AL,ASO,CE,Federal Contract Tower,3,2,27,28,60,0,0,4,10,14,3,2,31,38,74,2,96,98,172
02/10/2021,BFM,AL,ASO,CE,Federal Contract Tower,7,6,9,0,22,0,0,1,0,1,7,6,10,0,23,0,0,0,23
02/11/2021,BFM,AL,ASO,CE,Federal Contract Tower,1,0,7,0,8,0,0,0,0,0,1,0,7,0,8,0,0,0,8
02/12/2021,BFM,AL,ASO,CE,Federal Contract Tower,6,3,17,2,28,0,0,0,0,0,6,3,17,2,28,0,0,0,28
02/13/2021,BFM,AL,ASO,CE,Federal Contract Tower,1,3,3,0,7,0,0,0,0,0,1,3,3,0,7,0,0,0,7
02/14/2021,BFM,AL,ASO,CE,Federal Contract Tower,3,0,2,2,7,0,0,2,0,2,3,0,4,2,9,0,0,0,9
02/15/2021,BFM,AL,ASO,CE,Federal Contract Tower,1,4,3,0,8,0,0,0,0,0,1,4,3,0,8,0,0,0,8
02/16/2021,BFM,AL,ASO,CE,Federal Contract Tower,1,5,10,68,84,0,0,10,21,31,1,5,20,89,115,8,180,188,303
02/17/2021,BFM,AL,ASO,CE,Federal Contract Tower,5,6,8,15,34,0,0,5,19,24,5,6,13,34,58,14,118,132,190
02/18/2021,BFM,AL,ASO,CE,Federal Contract Tower,1,5,11,16,33,0,0,0,0,0,1,5,11,16,33,0,0,0,33
02/19/2021,BFM,AL,ASO,CE,Federal Contract Tower,3,4,21,49,77,0,0,3,12,15,3,4,24,61,92,2,70,72,164
02/20/2021,BFM,AL,ASO,CE,Federal Contract Tower,0,1,3,2,6,0,3,10,21,34,0,4,13,23,40,10,140,150,190
02/21/2021,BFM,AL,ASO,CE,Federal Contract Tower,6,4,9,4,23,0,1,21,10,32,6,5,30,14,55,50,70,120,175
02/22/2021,BFM,AL,ASO,CE,Federal Contract Tower,12,3,4,12,31,0,2,0,69,71,12,5,4,81,102,0,336,336,438
02/23/2021,BFM,AL,ASO,CE,Federal Contract Tower,10,4,21,9,44,0,5,20,75,100,10,9,41,84,144,18,344,362,506
02/24/2021,BFM,AL,ASO,CE,Federal Contract Tower,11,4,18,19,52,0,2,12,71,85,11,6,30,90,137,20,474,494,631
02/25/2021,BFM,AL,ASO,CE,Federal Contract Tower,5,2,11,12,30,0,2,11,27,40,5,4,22,39,70,0,218,218,288
02/26/2021,BFM,AL,ASO,CE,Federal Contract Tower,2,4,6,10,22,0,1,2,15,18,2,5,8,25,40,4,100,104,144
02/27/2021,BFM,AL,ASO,CE,Federal Contract Tower,2,0,4,5,11,0,0,1,0,1,2,0,5,5,12,0,0,0,12
02/28/2021,BFM,AL,ASO,CE,Federal Contract Tower,2,0,2,7,11,0,0,5,12,17,2,0,7,19,28,0,24,24,52
03/01/2021,BFM,AL,ASO,CE,Federal Contract Tower,7,2,6,2,17,0,2,0,12,14,7,4,6,14,31,0,86,86,117
03/02/2021,BFM,AL,ASO,CE,Federal Contract Tower,5,4,6,10,25,0,0,0,0,0,5,4,6,10,25,0,12,12,37
03/03/2021,BFM,AL,ASO,CE,Federal Contract Tower,7,4,19,30,60,0,7,11,37,55,7,11,30,67,115,2,256,258,373
03/04/2021,BFM,AL,ASO,CE,Federal Contract Tower,6,5,18,19,48,0,1,36,37,74,6,6,54,56,122,36,298,334,456
03/05/2021,BFM,AL,ASO,CE,Federal Contract Tower,4,6,11,17,38,0,5,12,68,85,4,11,23,85,123,10,278,288,411
03/06/2021,BFM,AL,ASO,CE,Federal Contract Tower,2,2,7,2,13,0,0,11,13,24,2,2,18,15,37,4,56,60,97
03/07/2021,BFM,AL,ASO,CE,Federal Contract Tower,4,4,16,6,30,0,0,32,6,38,4,4,48,12,68,20,44,64,132
03/08/2021,BFM,AL,ASO,CE,Federal Contract Tower,3,2,15,25,45,0,3,13,40,56,3,5,28,65,101,14,254,268,369
03/09/2021,BFM,AL,ASO,CE,Federal Contract Tower,8,4,19,11,42,0,3,19,43,65,8,7,38,54,107,18,252,270,377
03/10/2021,BFM,AL,ASO,CE,Federal Contract Tower,8,4,10,12,34,0,2,27,47,76,8,6,37,59,110,40,282,322,432
03/11/2021,BFM,AL,ASO,CE,Federal Contract Tower,8,6,19,19,52,0,2,29,39,70,8,8,48,58,122,48,234,282,404
03/12/2021,BFM,AL,ASO,CE,Federal Contract Tower,5,2,10,17,34,0,2,14,20,36,5,4,24,37,70,40,180,220,290
03/13/2021,BFM,AL,ASO,CE,Federal Contract Tower,2,0,11,13,26,0,0,9,11,20,2,0,20,24,46,22,16,38,84
03/14/2021,BFM,AL,ASO,CE,Federal Contract Tower,1,0,8,18,27,0,1,5,1,7,1,1,13,19,34,12,10,22,56
03/15/2021,BFM,AL,ASO,CE,Federal Contract Tower,3,3,15,30,51,0,0,0,4,4,3,3,15,34,55,0,22,22,77
03/16/2021,BFM,AL,ASO,CE,Federal Contract Tower,7,4,11,6,28,0,1,6,28,35,7,5,17,34,63,10,164,174,237
03/17/2021,BFM,AL,ASO,CE,Federal Contract Tower,5,2,8,2,17,0,0,0,0,0,5,2,8,2,17,0,0,0,17
03/18/2021,BFM,AL,ASO,CE,Federal Contract Tower,11,6,7,10,34,0,2,8,41,51,11,8,15,51,85,20,176,196,281
03/19/2021,BFM,AL,ASO,CE,Federal Contract Tower,6,6,15,29,56,0,1,14,31,46,6,7,29,60,102,34,218,252,354
03/20/2021,BFM,AL,ASO,CE,Federal Contract Tower,7,2,5,4,18,0,1,9,7,17,7,3,14,11,35,0,42,42,77
03/21/2021,BFM,AL,ASO,CE,Federal Contract Tower,5,0,3,3,11,0,0,25,12,37,5,0,28,15,48,20,40,60,108
03/22/2021,BFM,AL,ASO,CE,Federal Contract Tower,3,2,8,21,34,0,1,9,71,81,3,3,17,92,115,0,454,454,569
03/23/2021,BFM,AL,ASO,CE,Federal Contract Tower,8,8,10,5,31,0,2,2,16,20,8,10,12,21,51,0,92,92,143
03/24/2021,BFM,AL,ASO,CE,Federal Contract Tower,10,9,9,2,30,0,0,0,16,16,10,9,9,18,46,0,112,112,158
03/25/2021,BFM,AL,ASO,CE,Federal Contract Tower,7,5,11,5,28,0,0,0,9,9,7,5,11,14,37,0,82,82,119
03/26/2021,BFM,AL,ASO,CE,Federal Contract Tower,10,7,6,2,25,0,1,0,0,1,10,8,6,2,26,0,12,12,38
03/27/2021,BFM,AL,ASO,CE,Federal Contract Tower,4,0,6,8,18,0,0,0,0,0,4,0,6,8,18,0,0,0,18
03/28/2021,BFM,AL,ASO,CE,Federal Contract Tower,0,4,11,1,16,0,2,2,5,9,0,6,13,6,25,0,20,20,45
03/29/2021,BFM,AL,ASO,CE,Federal Contract Tower,3,2,11,21,37,0,3,16,47,66,3,5,27,68,103,8,236,244,347
03/30/2021,BFM,AL,ASO,CE,Federal Contract Tower,8,6,5,9,28,0,2,6,37,45,8,8,11,46,73,16,166,182,255
03/31/2021,BFM,AL,ASO,CE,Federal Contract Tower,5,5,11,6,27,0,0,2,11,13,5,5,13,17,40,0,48,48,88
04/01/2021,BFM,AL,ASO,CE,Federal Contract Tower,6,2,20,31,59,0,2,11,25,38,6,4,31,56,97,2,138,140,237
04/02/2021,BFM,AL,ASO,CE,Federal Contract Tower,6,5,14,2,27,0,1,28,22,51,6,6,42,24,78,0,138,138,216
04/03/2021,BFM,AL,ASO,CE,Federal Contract Tower,2,2,18,0,22,0,1,14,0,15,2,3,32,0,37,4,0,4,41
04/04/2021,BFM,AL,ASO,CE,Federal Contract Tower,0,0,12,0,12,0,2,9,0,11,0,2,21,0,23,2,0,2,25
04/05/2021,BFM,AL,ASO,CE,Federal Contract Tower,3,4,10,10,27,0,2,18,71,91,3,6,28,81,118,36,338,374,492
04/06/2021,BFM,AL,ASO,CE,Federal Contract Tower,13,2,12,13,40,0,0,11,59,70,13,2,23,72,110,4,326,330,440
04/07/2021,BFM,AL,ASO,CE,Federal Contract Tower,11,2,24,18,55,0,0,5,51,56,11,2,29,69,111,12,244,256,367
04/08/2021,BFM,AL,ASO,CE,Federal Contract Tower,8,3,14,22,47,0,2,12,33,47,8,5,26,55,94,24,192,216,310
04/09/2021,BFM,AL,ASO,CE,Federal Contract Tower,7,5,11,4,27,0,1,0,6,7,7,6,11,10,34,0,40,40,74
04/10/2021,BFM,AL,ASO,CE,Federal Contract Tower,2,0,6,0,8,0,0,3,8,11,2,0,9,8,19,2,28,30,49
04/11/2021,BFM,AL,ASO,CE,Federal Contract Tower,0,4,9,0,13,0,6,26,0,32,0,10,35,0,45,56,0,56,101
04/12/2021,BFM,AL,ASO,CE,Federal Contract Tower,3,5,14,21,43,0,3,21,35,59,3,8,35,56,102,8,178,186,288
04/13/2021,BFM,AL,ASO,CE,Federal Contract Tower,7,6,16,11,40,0,5,12,33,50,7,11,28,44,90,0,260,260,350
04/14/2021,BFM,AL,ASO,CE,Federal Contract Tower,9,6,20,0,35,0,1,6,19,26,9,7,26,19,61,0,116,116,177
04/15/2021,BFM,AL,ASO,CE,Federal Contract Tower,5,2,10,6,23,0,0,0,3,3,5,2,10,9,26,0,38,38,64
04/16/2021,BFM,AL,ASO,CE,Federal Contract Tower,4,6,14,2,26,0,3,1,63,67,4,9,15,65,93,0,270,270,363
04/17/2021,BFM,AL,ASO,CE,Federal Contract Tower,3,2,5,0,10,0,0,1,0,1,3,2,6,0,11,0,0,0,11
04/18/2021,BFM,AL,ASO,CE,Federal Contract Tower,4,0,15,1,20,0,2,18,0,20,4,2,33,1,40,30,0,30,70
04/19/2021,BFM,AL,ASO,CE,Federal Contract Tower,5,5,10,36,56,0,5,15,55,75,5,10,25,91,131,8,238,246,377
04/20/2021,BFM,AL,ASO,CE,Federal Contract Tower,10,10,24,21,65,0,6,16,47,69,10,16,40,68,134,0,326,326,460
04/21/2021,BFM,AL,ASO,CE,Federal Contract Tower,4,10,12,61,87,0,3,14,38,55,4,13,26,99,142,28,180,208,350
04/22/2021,BFM,AL,ASO,CE,Federal Contract Tower,11,4,19,18,52,0,4,22,1,27,11,8,41,19,79,0,138,138,217
04/23/2021,BFM,AL,ASO,CE,Federal Contract Tower,5,8,11,19,43,0,2,16,23,41,5,10,27,42,84,36,226,262,346
04/24/2021,BFM,AL,ASO,CE,Federal Contract Tower,3,2,1,0,6,0,0,0,0,0,3,2,1,0,6,0,0,0,6
04/25/2021,BFM,AL,ASO,CE,Federal Contract Tower,0,0,10,8,18,0,5,14,14,33,0,5,24,22,51,10,42,52,103
04/26/2021,BFM,AL,ASO,CE,Federal Contract Tower,2,4,22,29,57,0,1,16,44,61,2,5,38,73,118,24,248,272,390
04/27/2021,BFM,AL,ASO,CE,Federal Contract Tower,5,3,20,22,50,0,1,7,33,41,5,4,27,55,91,4,128,132,223
04/28/2021,BFM,AL,ASO,CE,Federal Contract Tower,5,12,21,19,57,0,5,11,42,58,5,17,32,61,115,8,170,178,293
04/29/2021,BFM,AL,ASO,CE,Federal Contract Tower,7,8,20,37,72,0,2,5,25,32,7,10,25,62,104,0,148,148,252
04/30/2021,BFM,AL,ASO,CE,Federal Contract Tower,6,6,13,24,49,0,0,1,4,5,6,6,14,28,54,0,54,54,108
05/01/2021,BFM,AL,ASO,CE,Federal Contract Tower,2,2,4,10,18,0,1,11,1,13,2,3,15,11,31,26,28,54,85
05/02/2021,BFM,AL,ASO,CE,Federal Contract Tower,0,1,3,4,8,0,0,2,0,2,0,1,5,4,10,20,0,20,30
05/03/2021,BFM,AL,ASO,CE,Federal Contract Tower,8,4,11,6,29,0,0,2,0,2,8,4,13,6,31,12,0,12,43
05/04/2021,BFM,AL,ASO,CE,Federal Contract Tower,9,1,11,25,46,0,2,1,5,8,9,3,12,30,54,0,8,8,62
05/05/2021,BFM,AL,ASO,CE,Federal Contract Tower,9,5,12,2,28,0,0,1,0,1,9,5,13,2,29,0,0,0,29
05/06/2021,BFM,AL,ASO,CE,Federal Contract Tower,11,7,23,17,58,0,0,14,27,41,11,7,37,44,99,8,152,160,259
05/07/2021,BFM,AL,ASO,CE,Federal Contract Tower,11,8,10,22,51,0,2,25,30,57,11,10,35,52,108,22,114,136,244
05/08/2021,BFM,AL,ASO,CE,Federal Contract Tower,2,3,7,0,12,0,0,19,14,33,2,3,26,14,45,10,46,56,101
05/09/2021,BFM,AL,ASO,CE,Federal Contract Tower,2,0,3,0,5,0,1,7,0,8,2,1,10,0,13,40,0,40,53
05/10/2021,BFM,AL,ASO,CE,Federal Contract Tower,3,5,4,14,26,0,0,3,9,12,3,5,7,23,38,6,42,48,86
05/11/2021,BFM,AL,ASO,CE,Federal Contract Tower,5,2,14,1,22,0,2,12,6,20,5,4,26,7,42,0,26,26,68
05/12/2021,BFM,AL,ASO,CE,Federal Contract Tower,6,6,9,12,33,0,1,3,33,37,6,7,12,45,70,0,152,152,222
05/13/2021,BFM,AL,ASO,CE,Federal Contract Tower,5,6,21,15,47,0,0,7,35,42,5,6,28,50,89,20,250,270,359
05/14/2021,BFM,AL,ASO,CE,Federal Contract Tower,6,4,12,4,26,0,5,17,26,48,6,9,29,30,74,6,98,104,178
05/15/2021,BFM,AL,ASO,CE,Federal Contract Tower,4,2,6,2,14,0,1,13,8,22,4,3,19,10,36,24,36,60,96
05/16/2021,BFM,AL,ASO,CE,Federal Contract Tower,2,2,10,4,18,0,11,11,2,24,2,13,21,6,42,18,6,24,66
05/17/2021,BFM,AL,ASO,CE,Federal Contract Tower,5,6,14,16,41,0,2,8,44,54,5,8,22,60,95,0,258,258,353
05/18/2021,BFM,AL,ASO,CE,Federal Contract Tower,8,10,25,17,60,0,7,7,2,16,8,17,32,19,76,0,72,72,148
05/19/2021,BFM,AL,ASO,CE,Federal Contract Tower,10,6,17,5,38,0,0,6,8,14,10,6,23,13,52,0,40,40,92
05/20/2021,BFM,AL,ASO,CE,Federal Contract Tower,12,2,13,10,37,0,9,4,15,28,12,11,17,25,65,0,60,60,125
05/21/2021,BFM,AL,ASO,CE,Federal Contract Tower,5,9,16,15,45,0,6,11,14,31,5,15,27,29,76,32,62,94,170
05/22/2021,BFM,AL,ASO,CE,Federal Contract Tower,5,2,9,1,17,0,1,13,7,21,5,3,22,8,38,18,50,68,106
05/23/2021,BFM,AL,ASO,CE,Federal Contract Tower,1,1,11,0,13,0,0,17,7,24,1,1,28,7,37,36,34,70,107
05/24/2021,BFM,AL,ASO,CE,Federal Contract Tower,6,2,19,8,35,0,4,15,30,49,6,6,34,38,84,46,178,224,308
05/25/2021,BFM,AL,ASO,CE,Federal Contract Tower,8,6,10,3,27,0,2,18,35,55,8,8,28,38,82,44,182,226,308
05/26/2021,BFM,AL,ASO,CE,Federal Contract Tower,7,5,15,23,50,0,1,13,39,53,7,6,28,62,103,0,190,190,293
05/27/2021,BFM,AL,ASO,CE,Federal Contract Tower,8,3,12,13,36,0,2,18,42,62,8,5,30,55,98,8,214,222,320
05/28/2021,BFM,AL,ASO,CE,Federal Contract Tower,8,6,8,7,29,0,0,7,2,9,8,6,15,9,38,20,50,70,108
05/29/2021,BFM,AL,ASO,CE,Federal Contract Tower,2,2,2,0,6,0,3,9,0,12,2,5,11,0,18,6,0,6,24
05/30/2021,BFM,AL,ASO,CE,Federal Contract Tower,1,2,1,1,5,0,2,10,1,13,1,4,11,2,18,6,0,6,24
05/31/2021,BFM,AL,ASO,CE,Federal Contract Tower,0,0,4,0,4,0,5,11,0,16,0,5,15,0,20,4,0,4,24
06/01/2021,BFM,AL,ASO,CE,Federal Contract Tower,2,3,19,3,27,0,0,12,16,28,2,3,31,19,55,12,80,92,147
06/02/2021,BFM,AL,ASO,CE,Federal Contract Tower,7,7,16,11,41,0,4,20,29,53,7,11,36,40,94,14,86,100,194
06/03/2021,BFM,AL,ASO,CE,Federal Contract Tower,4,4,13,4,25,0,1,18,18,37,4,5,31,22,62,0,72,72,134
06/04/2021,BFM,AL,ASO,CE,Federal Contract Tower,7,5,5,27,44,0,2,12,24,38,7,7,17,51,82,2,96,98,180
06/05/2021,BFM,AL,ASO,CE,Federal Contract Tower,5,2,8,3,18,0,0,5,1,6,5,2,13,4,24,0,0,0,24
06/06/2021,BFM,AL,ASO,CE,Federal Contract Tower,0,1,2,6,9,0,1,2,0,3,0,2,4,6,12,0,6,6,18
06/07/2021,BFM,AL,ASO,CE,Federal Contract Tower,6,4,17,7,34,0,0,4,34,38,6,4,21,41,72,6,130,136,208
06/08/2021,BFM,AL,ASO,CE,Federal Contract Tower,4,5,15,10,34,0,0,11,11,22,4,5,26,21,56,8,72,80,136
06/09/2021,BFM,AL,ASO,CE,Federal Contract Tower,6,7,12,0,25,0,3,6,9,18,6,10,18,9,43,16,44,60,103
06/10/2021,BFM,AL,ASO,CE,Federal Contract Tower,9,5,22,18,54,0,1,4,21,26,9,6,26,39,80,30,124,154,234
06/11/2021,BFM,AL,ASO,CE,Federal Contract Tower,9,4,1,14,28,0,1,13,36,50,9,5,14,50,78,0,200,200,278
06/12/2021,BFM,AL,ASO,CE,Federal Contract Tower,2,2,0,2,6,0,0,10,14,24,2,2,10,16,30,10,38,48,78
06/13/2021,BFM,AL,ASO,CE,Federal Contract Tower,0,0,4,0,4,0,0,4,0,4,0,0,8,0,8,18,0,18,26
06/14/2021,BFM,AL,ASO,CE,Federal Contract Tower,3,5,9,9,26,0,3,11,38,52,3,8,20,47,78,6,178,184,262
06/15/2021,BFM,AL,ASO,CE,Federal Contract Tower,3,8,19,10,40,0,1,21,18,40,3,9,40,28,80,2,58,60,140
06/16/2021,BFM,AL,ASO,CE,Federal Contract Tower,6,5,9,29,49,0,1,21,30,52,6,6,30,59,101,6,128,134,235
06/17/2021,BFM,AL,ASO,CE,Federal Contract Tower,11,4,17,11,43,0,7,15,28,50,11,11,32,39,93,6,120,126,219
06/18/2021,BFM,AL,ASO,CE,Federal Contract Tower,5,3,18,6,32,0,0,4,2,6,5,3,22,8,38,0,22,22,60
06/19/2021,BFM,AL,ASO,CE,Federal Contract Tower,4,0,0,0,4,0,0,1,0,1,4,0,1,0,5,0,0,0,5
06/20/2021,BFM,AL,ASO,CE,Federal Contract Tower,1,4,6,0,11,0,0,6,2,8,1,4,12,2,19,10,2,12,31
06/21/2021,BFM,AL,ASO,CE,Federal Contract Tower,3,3,9,8,23,0,0,5,9,14,3,3,14,17,37,8,20,28,65
06/22/2021,BFM,AL,ASO,CE,Federal Contract Tower,9,7,10,7,33,0,0,4,6,10,9,7,14,13,43,6,30,36,79
06/23/2021,BFM,AL,ASO,CE,Federal Contract Tower,7,4,29,4,44,0,3,5,34,42,7,7,34,38,86,0,124,124,210
06/24/2021,BFM,AL,ASO,CE,Federal Contract Tower,7,4,9,6,26,0,7,11,35,53,7,11,20,41,79,12,142,154,233
06/25/2021,BFM,AL,ASO,CE,Federal Contract Tower,7,7,6,2,22,0,0,4,12,16,7,7,10,14,38,0,54,54,92
06/26/2021,BFM,AL,ASO,CE,Federal Contract Tower,2,5,3,0,10,0,1,10,4,15,2,6,13,4,25,10,16,26,51
06/27/2021,BFM,AL,ASO,CE,Federal Contract Tower,1,4,9,4,18,0,0,4,0,4,1,4,13,4,22,0,0,0,22
06/28/2021,BFM,AL,ASO,CE,Federal Contract Tower,5,3,12,8,28,0,6,9,31,46,5,9,21,39,74,4,170,174,248
06/29/2021,BFM,AL,ASO,CE,Federal Contract Tower,7,4,16,13,40,0,1,13,42,56,7,5,29,55,96,10,186,196,292
06/30/2021,BFM,AL,ASO,CE,Federal Contract Tower,8,6,26,14,54,0,1,17,33,51,8,7,43,47,105,10,112,122,227
07/01/2021,BFM,AL,ASO,CE,Federal Contract Tower,5,9,8,25,47,0,1,4,18,23,5,10,12,43,70,4,78,82,152
07/02/2021,BFM,AL,ASO,CE,Federal Contract Tower,8,5,6,0,19,0,0,5,2,7,8,5,11,2,26,4,0,4,30
07/03/2021,BFM,AL,ASO,CE,Federal Contract Tower,4,10,4,0,18,0,1,4,0,5,4,11,8,0,23,12,0,12,35
07/04/2021,BFM,AL,ASO,CE,Federal Contract Tower,1,1,5,0,7,0,0,3,0,3,1,1,8,0,10,0,0,0,10
07/05/2021,BFM,AL,ASO,CE,Federal Contract Tower,0,3,6,0,9,0,1,2,0,3,0,4,8,0,12,0,0,0,12
07/06/2021,BFM,AL,ASO,CE,Federal Contract Tower,2,3,18,11,34,0,2,3,5,10,2,5,21,16,44,0,30,30,74
07/07/2021,BFM,AL,ASO,CE,Federal Contract Tower,6,8,11,11,36,0,2,11,25,38,6,10,22,36,74,0,90,90,164
07/08/2021,BFM,AL,ASO,CE,Federal Contract Tower,4,3,17,48,72,0,6,14,39,59,4,9,31,87,131,16,182,198,329
07/09/2021,BFM,AL,ASO,CE,Federal Contract Tower,6,7,12,19,44,0,0,6,14,20,6,7,18,33,64,6,64,70,134
07/10/2021,BFM,AL,ASO,CE,Federal Contract Tower,3,2,4,0,9,0,0,11,0,11,3,2,15,0,20,0,0,0,20
07/11/2021,BFM,AL,ASO,CE,Federal Contract Tower,1,0,5,11,17,0,0,11,3,14,1,0,16,14,31,6,0,6,37
07/12/2021,BFM,AL,ASO,CE,Federal Contract Tower,7,2,9,4,22,0,0,14,22,36,7,2,23,26,58,16,66,82,140
07/13/2021,BFM,AL,ASO,CE,Federal Contract Tower,6,6,14,4,30,0,2,15,25,42,6,8,29,29,72,10,88,98,170
07/14/2021,BFM,AL,ASO,CE,Federal Contract Tower,4,5,17,15,41,0,2,12,37,51,4,7,29,52,92,30,144,174,266
07/15/2021,BFM,AL,ASO,CE,Federal Contract Tower,9,7,16,7,39,0,7,14,36,57,9,14,30,43,96,12,164,176,272
07/16/2021,BFM,AL,ASO,CE,Federal Contract Tower,7,0,17,7,31,0,0,2,10,12,7,0,19,17,43,10,28,38,81
07/17/2021,BFM,AL,ASO,CE,Federal Contract Tower,2,2,10,0,14,0,0,5,0,5,2,2,15,0,19,28,0,28,47
07/18/2021,BFM,AL,ASO,CE,Federal Contract Tower,1,2,9,1,13,0,2,2,1,5,1,4,11,2,18,0,0,0,18
07/19/2021,BFM,AL,ASO,CE,Federal Contract Tower,2,4,8,2,16,0,0,4,15,19,2,4,12,17,35,0,38,38,73
07/20/2021,BFM,AL,ASO,CE,Federal Contract Tower,5,2,13,4,24,0,2,7,14,23,5,4,20,18,47,6,88,94,141
07/21/2021,BFM,AL,ASO,CE,Federal Contract Tower,7,6,10,11,34,0,0,9,28,37,7,6,19,39,71,30,136,166,237
07/22/2021,BFM,AL,ASO,CE,Federal Contract Tower,4,4,11,9,28,0,3,6,29,38,4,7,17,38,66,16,140,156,222
07/23/2021,BFM,AL,ASO,CE,Federal Contract Tower,5,2,14,4,25,0,0,14,20,34,5,2,28,24,59,14,140,154,213
07/24/2021,BFM,AL,ASO,CE,Federal Contract Tower,2,3,4,0,9,0,3,17,3,23,2,6,21,3,32,22,2,24,56
07/25/2021,BFM,AL,ASO,CE,Federal Contract Tower,0,1,5,0,6,0,0,10,1,11,0,1,15,1,17,0,0,0,17
07/26/2021,BFM,AL,ASO,CE,Federal Contract Tower,5,2,16,0,23,0,4,15,44,63,5,6,31,44,86,18,146,164,250
07/27/2021,BFM,AL,ASO,CE,Federal Contract Tower,5,2,17,4,28,0,6,9,26,41,5,8,26,30,69,14,162,176,245
07/28/2021,BFM,AL,ASO,CE,Federal Contract Tower,6,4,5,6,21,0,0,4,13,17,6,4,9,19,38,4,88,92,130
07/29/2021,BFM,AL,ASO,CE,Federal Contract Tower,6,3,6,2,17,0,1,16,20,37,6,4,22,22,54,34,64,98,152
07/30/2021,BFM,AL,ASO,CE,Federal Contract Tower,9,6,14,9,38,0,0,4,31,35,9,6,18,40,73,16,174,190,263
07/31/2021,BFM,AL,ASO,CE,Federal Contract Tower,2,0,7,0,9,0,0,13,2,15,2,0,20,2,24,38,0,38,62
08/01/2021,BFM,AL,ASO,CE,Federal Contract Tower,3,2,9,12,26,0,0,11,2,13,3,2,20,14,39,18,6,24,63
08/02/2021,BFM,AL,ASO,CE,Federal Contract Tower,3,0,12,9,24,0,0,6,3,9,3,0,18,12,33,6,26,32,65
08/03/2021,BFM,AL,ASO,CE,Federal Contract Tower,4,6,6,3,19,0,0,4,13,17,4,6,10,16,36,6,44,50,86
08/04/2021,BFM,AL,ASO,CE,Federal Contract Tower,12,0,6,4,22,0,5,18,26,49,12,5,24,30,71,4,156,160,231
08/05/2021,BFM,AL,ASO,CE,Federal Contract Tower,6,2,13,10,31,0,1,18,36,55,6,3,31,46,86,26,266,292,378
08/06/2021,BFM,AL,ASO,CE,Federal Contract Tower,4,5,6,6,21,1,0,0,0,1,5,5,6,6,22,10,116,126,148
08/07/2021,BFM,AL,ASO,CE,Federal Contract Tower,2,4,5,2,13,0,0,11,6,17,2,4,16,8,30,24,38,62,92
08/08/2021,BFM,AL,ASO,CE,Federal Contract Tower,0,1,0,6,7,0,0,12,2,14,0,1,12,8,21,14,6,20,41
08/09/2021,BFM,AL,ASO,CE,Federal Contract Tower,3,1,6,11,21,0,4,16,41,61,3,5,22,52,82,0,164,164,246
08/10/2021,BFM,AL,ASO,CE,Federal Contract Tower,5,2,6,11,24,0,2,4,36,42,5,4,10,47,66,0,216,216,282
08/11/2021,BFM,AL,ASO,CE,Federal Contract Tower,5,3,12,20,40,0,1,6,25,32,5,4,18,45,72,12,118,130,202
08/12/2021,BFM,AL,ASO,CE,Federal Contract Tower,6,2,16,1,25,0,1,5,17,23,6,3,21,18,48,4,84,88,136
08/13/2021,BFM,AL,ASO,CE,Federal Contract Tower,9,0,13,4,26,0,1,5,29,35,9,1,18,33,61,0,144,144,205
08/14/2021,BFM,AL,ASO,CE,Federal Contract Tower,3,2,3,1,9,0,0,7,0,7,3,2,10,1,16,20,0,20,36
08/15/2021,BFM,AL,ASO,CE,Federal Contract Tower,1,2,9,4,16,0,0,2,0,2,1,2,11,4,18,0,0,0,18
08/16/2021,BFM,AL,ASO,CE,Federal Contract Tower,4,0,3,0,7,0,2,6,8,16,4,2,9,8,23,0,110,110,133
08/17/2021,BFM,AL,ASO,CE,Federal Contract Tower,8,2,12,7,29,0,0,15,29,44,8,2,27,36,73,0,128,128,201
08/18/2021,BFM,AL,ASO,CE,Federal Contract Tower,7,4,18,2,31,0,2,14,35,51,7,6,32,37,82,6,220,226,308
08/19/2021,BFM,AL,ASO,CE,Federal Contract Tower,5,5,9,3,22,0,0,19,43,62,5,5,28,46,84,0,198,198,282
08/20/2021,BFM,AL,ASO,CE,Federal Contract Tower,3,4,14,0,21,0,0,6,10,16,3,4,20,10,37,6,96,102,139
08/21/2021,BFM,AL,ASO,CE,Federal Contract Tower,5,3,4,0,12,0,0,10,0,10,5,3,14,0,22,8,0,8,30
08/22/2021,BFM,AL,ASO,CE,Federal Contract Tower,3,1,5,0,9,0,0,14,0,14,3,1,19,0,23,4,0,4,27
08/23/2021,BFM,AL,ASO,CE,Federal Contract Tower,7,3,4,4,18,0,0,2,25,27,7,3,6,29,45,0,110,110,155
08/24/2021,BFM,AL,ASO,CE,Federal Contract Tower,8,5,13,2,28,0,1,1,26,28,8,6,14,28,56,0,110,110,166
08/25/2021,BFM,AL,ASO,CE,Federal Contract Tower,11,2,5,3,21,0,3,10,13,26,11,5,15,16,47,0,112,112,159
08/26/2021,BFM,AL,ASO,CE,Federal Contract Tower,6,4,9,0,19,0,2,14,23,39,6,6,23,23,58,0,116,116,174
08/27/2021,BFM,AL,ASO,CE,Federal Contract Tower,5,3,9,2,19,0,1,9,13,23,5,4,18,15,42,28,42,70,112
08/28/2021,BFM,AL,ASO,CE,Federal Contract Tower,5,3,5,0,13,0,0,2,0,2,5,3,7,0,15,0,0,0,15
08/29/2021,BFM,AL,ASO,CE,Federal Contract Tower,0,0,0,0,0,0,0,0,0,0,0,0,0,0,0,0,0,0,0
08/30/2021,BFM,AL,ASO,CE,Federal Contract Tower,2,0,1,0,3,0,0,1,0,1,2,0,2,0,4,0,0,0,4
08/31/2021,BFM,AL,ASO,CE,Federal Contract Tower,9,2,11,2,24,0,1,10,11,22,9,3,21,13,46,0,48,48,94
09/01/2021,BFM,AL,ASO,CE,Federal Contract Tower,4,2,14,7,27,0,0,14,40,54,4,2,28,47,81,4,172,176,257
09/02/2021,BFM,AL,ASO,CE,Federal Contract Tower,7,5,8,2,22,0,4,15,34,53,7,9,23,36,75,0,192,192,267
09/03/2021,BFM,AL,ASO,CE,Federal Contract Tower,7,4,10,0,21,0,7,30,7,44,7,11,40,7,65,24,58,82,147
09/04/2021,BFM,AL,ASO,CE,Federal Contract Tower,2,2,3,0,7,0,4,11,0,15,2,6,14,0,22,14,0,14,36
09/05/2021,BFM,AL,ASO,CE,Federal Contract Tower,1,2,7,0,10,0,2,14,0,16,1,4,21,0,26,14,0,14,40
09/06/2021,BFM,AL,ASO,CE,Federal Contract Tower,0,1,9,0,10,0,0,9,0,9,0,1,18,0,19,8,0,8,27
09/07/2021,BFM,AL,ASO,CE,Federal Contract Tower,0,3,9,15,27,0,5,1,29,35,0,8,10,44,62,0,100,100,162
09/08/2021,BFM,AL,ASO,CE,Federal Contract Tower,8,5,13,4,30,0,2,5,12,19,8,7,18,16,49,0,52,52,101
09/09/2021,BFM,AL,ASO,CE,Federal Contract Tower,9,2,18,3,32,0,8,8,40,56,9,10,26,43,88,8,170,178,266
09/10/2021,BFM,AL,ASO,CE,Federal Contract Tower,11,2,11,8,32,0,1,20,24,45,11,3,31,32,77,6,88,94,171
09/11/2021,BFM,AL,ASO,CE,Federal Contract Tower,5,6,5,0,16,0,0,18,6,24,5,6,23,6,40,20,26,46,86
09/12/2021,BFM,AL,ASO,CE,Federal Contract Tower,4,0,3,0,7,0,0,9,0,9,4,0,12,0,16,16,0,16,32
09/13/2021,BFM,AL,ASO,CE,Federal Contract Tower,1,2,6,2,11,0,1,2,27,30,1,3,8,29,41,0,148,148,189
09/14/2021,BFM,AL,ASO,CE,Federal Contract Tower,3,0,17,6,26,0,1,2,21,24,3,1,19,27,50,0,98,98,148
09/15/2021,BFM,AL,ASO,CE,Federal Contract Tower,4,4,16,0,24,0,0,0,0,0,4,4,16,0,24,0,0,0,24
09/16/2021,BFM,AL,ASO,CE,Federal Contract Tower,13,5,9,0,27,0,0,4,10,14,13,5,13,10,41,6,28,34,75
09/17/2021,BFM,AL,ASO,CE,Federal Contract Tower,7,10,12,8,37,0,0,1,20,21,7,10,13,28,58,0,78,78,136
09/19/2021,BFM,AL,ASO,CE,Federal Contract Tower,0,1,10,0,11,0,4,3,0,7,0,5,13,0,18,0,0,0,18
09/20/2021,BFM,AL,ASO,CE,Federal Contract Tower,3,2,4,13,22,0,3,6,21,30,3,5,10,34,52,0,100,100,152
09/21/2021,BFM,AL,ASO,CE,Federal Contract Tower,6,2,14,2,24,0,4,7,10,21,6,6,21,12,45,0,52,52,97
09/22/2021,BFM,AL,ASO,CE,Federal Contract Tower,6,2,17,10,35,0,4,9,20,33,6,6,26,30,68,4,96,100,168
09/23/2021,BFM,AL,ASO,CE,Federal Contract Tower,6,6,19,2,33,0,1,23,24,48,6,7,42,26,81,6,82,88,169
09/24/2021,BFM,AL,ASO,CE,Federal Contract Tower,7,2,7,5,21,0,3,12,20,35,7,5,19,25,56,0,90,90,146
09/25/2021,BFM,AL,ASO,CE,Federal Contract Tower,3,3,4,4,14,0,1,20,0,21,3,4,24,4,35,8,8,16,51
09/26/2021,BFM,AL,ASO,CE,Federal Contract Tower,1,1,5,2,9,0,1,18,0,19,1,2,23,2,28,6,0,6,34
09/27/2021,BFM,AL,ASO,CE,Federal Contract Tower,6,2,17,11,36,0,2,19,31,52,6,4,36,42,88,2,132,134,222
09/28/2021,BFM,AL,ASO,CE,Federal Contract Tower,4,6,10,14,34,0,4,5,19,28,4,10,15,33,62,0,94,94,156
09/29/2021,BFM,AL,ASO,CE,Federal Contract Tower,3,3,15,0,21,0,0,7,16,23,3,3,22,16,44,0,78,78,122
09/30/2021,BFM,AL,ASO,CE,Federal Contract Tower,5,7,16,17,45,0,3,4,43,50,5,10,20,60,95,0,176,176,271
10/01/2021,BFM,AL,ASO,CE,Federal Contract Tower,8,2,17,14,41,0,2,19,27,48,8,4,36,41,89,10,142,152,241
10/02/2021,BFM,AL,ASO,CE,Federal Contract Tower,2,2,9,0,13,0,0,15,2,17,2,2,24,2,30,0,6,6,36
10/03/2021,BFM,AL,ASO,CE,Federal Contract Tower,2,0,13,0,15,0,0,2,2,4,2,0,15,2,19,0,2,2,21
10/04/2021,BFM,AL,ASO,CE,Federal Contract Tower,4,1,8,25,38,0,0,0,4,4,4,1,8,29,42,0,32,32,74
10/05/2021,BFM,AL,ASO,CE,Federal Contract Tower,4,6,20,1,31,0,0,4,1,5,4,6,24,2,36,0,0,0,36
10/06/2021,BFM,AL,ASO,CE,Federal Contract Tower,10,2,20,11,43,0,2,4,19,25,10,4,24,30,68,0,60,60,128
10/07/2021,BFM,AL,ASO,CE,Federal Contract Tower,8,0,10,4,22,0,0,6,24,30,8,0,16,28,52,0,96,96,148
10/08/2021,BFM,AL,ASO,CE,Federal Contract Tower,8,7,10,7,32,0,0,14,16,30,8,7,24,23,62,0,66,66,128
10/09/2021,BFM,AL,ASO,CE,Federal Contract Tower,7,2,3,2,14,0,4,12,0,16,7,6,15,2,30,4,0,4,34
10/10/2021,BFM,AL,ASO,CE,Federal Contract Tower,0,0,9,2,11,0,2,13,3,18,0,2,22,5,29,24,12,36,65
10/11/2021,BFM,AL,ASO,CE,Federal Contract Tower,5,2,10,0,17,0,2,14,2,18,5,4,24,2,35,6,12,18,53
10/12/2021,BFM,AL,ASO,CE,Federal Contract Tower,6,4,20,12,42,0,2,33,42,77,6,6,53,54,119,0,224,224,343
10/13/2021,BFM,AL,ASO,CE,Federal Contract Tower,7,6,15,23,51,0,3,28,31,62,7,9,43,54,113,22,152,174,287
10/14/2021,BFM,AL,ASO,CE,Federal Contract Tower,4,5,20,14,43,0,1,23,30,54,4,6,43,44,97,14,98,112,209
10/15/2021,BFM,AL,ASO,CE,Federal Contract Tower,9,4,15,14,42,0,0,4,12,16,9,4,19,26,58,0,44,44,102
10/16/2021,BFM,AL,ASO,CE,Federal Contract Tower,2,5,4,1,12,0,0,1,5,6,2,5,5,6,18,0,6,6,24
10/17/2021,BFM,AL,ASO,CE,Federal Contract Tower,4,1,9,6,20,0,1,9,9,19,4,2,18,15,39,8,24,32,71
10/18/2021,BFM,AL,ASO,CE,Federal Contract Tower,4,0,16,11,31,0,2,12,23,37,4,2,28,34,68,0,150,150,218
10/19/2021,BFM,AL,ASO,CE,Federal Contract Tower,7,2,12,14,35,0,4,13,19,36,7,6,25,33,71,0,104,104,175
10/20/2021,BFM,AL,ASO,CE,Federal Contract Tower,7,8,17,8,40,0,1,10,29,40,7,9,27,37,80,2,92,94,174
10/21/2021,BFM,AL,ASO,CE,Federal Contract Tower,4,2,15,0,21,0,2,7,18,27,4,4,22,18,48,12,58,70,118
10/22/2021,BFM,AL,ASO,CE,Federal Contract Tower,5,6,12,5,28,0,2,6,18,26,5,8,18,23,54,0,88,88,142
10/23/2021,BFM,AL,ASO,CE,Federal Contract Tower,3,3,5,2,13,0,3,25,0,28,3,6,30,2,41,6,0,6,47
10/24/2021,BFM,AL,ASO,CE,Federal Contract Tower,0,1,5,2,8,0,0,9,1,10,0,1,14,3,18,0,0,0,18
10/25/2021,BFM,AL,ASO,CE,Federal Contract Tower,6,4,20,14,44,0,1,7,30,38,6,5,27,44,82,0,128,128,210
10/26/2021,BFM,AL,ASO,CE,Federal Contract Tower,9,6,21,13,49,0,2,18,64,84,9,8,39,77,133,12,222,234,367
10/27/2021,BFM,AL,ASO,CE,Federal Contract Tower,3,4,16,10,33,0,2,14,27,43,3,6,30,37,76,24,112,136,212
10/28/2021,BFM,AL,ASO,CE,Federal Contract Tower,11,6,19,21,57,0,2,5,29,36,11,8,24,50,93,0,154,154,247
10/29/2021,BFM,AL,ASO,CE,Federal Contract Tower,11,5,21,4,41,0,0,13,7,20,11,5,34,11,61,0,26,26,87
10/30/2021,BFM,AL,ASO,CE,Federal Contract Tower,4,2,8,0,14,0,1,7,2,10,4,3,15,2,24,0,0,0,24
10/31/2021,BFM,AL,ASO,CE,Federal Contract Tower,2,1,13,0,16,0,2,20,0,22,2,3,33,0,38,12,0,12,50
11/01/2021,BFM,AL,ASO,CE,Federal Contract Tower,3,2,11,11,27,0,2,23,51,76,3,4,34,62,103,18,298,316,419
11/02/2021,BFM,AL,ASO,CE,Federal Contract Tower,13,3,13,17,46,0,4,12,51,67,13,7,25,68,113,8,258,266,379
11/03/2021,BFM,AL,ASO,CE,Federal Contract Tower,6,7,21,15,49,0,1,20,39,60,6,8,41,54,109,30,146,176,285
11/04/2021,BFM,AL,ASO,CE,Federal Contract Tower,12,5,17,22,56,0,0,18,26,44,12,5,35,48,100,14,92,106,206
11/05/2021,BFM,AL,ASO,CE,Federal Contract Tower,6,7,12,17,42,0,2,4,28,34,6,9,16,45,76,0,130,130,206
11/06/2021,BFM,AL,ASO,CE,Federal Contract Tower,2,2,3,3,10,0,1,16,4,21,2,3,19,7,31,22,8,30,61
11/07/2021,BFM,AL,ASO,CE,Federal Contract Tower,4,1,7,3,15,0,4,8,9,21,4,5,15,12,36,22,52,74,110
11/08/2021,BFM,AL,ASO,CE,Federal Contract Tower,4,10,26,14,54,0,2,30,43,75,4,12,56,57,129,28,258,286,415
11/09/2021,BFM,AL,ASO,CE,Federal Contract Tower,7,6,8,8,29,0,2,30,35,67,7,8,38,43,96,26,168,194,290
11/10/2021,BFM,AL,ASO,CE,Federal Contract Tower,9,8,19,6,42,0,1,19,23,43,9,9,38,29,85,24,178,202,287
11/11/2021,BFM,AL,ASO,CE,Federal Contract Tower,6,6,20,1,33,0,1,12,11,24,6,7,32,12,57,4,30,34,91
11/12/2021,BFM,AL,ASO,CE,Federal Contract Tower,8,7,20,4,39,0,2,24,2,28,8,9,44,6,67,48,4,52,119
11/13/2021,BFM,AL,ASO,CE,Federal Contract Tower,3,5,13,0,21,0,2,19,0,21,3,7,32,0,42,26,0,26,68
11/14/2021,BFM,AL,ASO,CE,Federal Contract Tower,2,3,9,0,14,0,0,13,0,13,2,3,22,0,27,24,0,24,51
11/15/2021,BFM,AL,ASO,CE,Federal Contract Tower,2,7,16,8,33,0,4,22,41,67,2,11,38,49,100,12,174,186,286
11/16/2021,BFM,AL,ASO,CE,Federal Contract Tower,11,8,26,24,69,0,4,18,59,81,11,12,44,83,150,6,296,302,452
11/17/2021,BFM,AL,ASO,CE,Federal Contract Tower,8,3,24,18,53,0,1,26,70,97,8,4,50,88,150,28,298,326,476
11/18/2021,BFM,AL,ASO,CE,Federal Contract Tower,6,10,18,26,60,0,4,8,49,61,6,14,26,75,121,0,154,154,275
11/19/2021,BFM,AL,ASO,CE,Federal Contract Tower,11,5,17,8,41,0,0,20,37,57,11,5,37,45,98,0,254,254,352
11/20/2021,BFM,AL,ASO,CE,Federal Contract Tower,2,2,5,0,9,0,2,17,0,19,2,4,22,0,28,18,0,18,46
11/21/2021,BFM,AL,ASO,CE,Federal Contract Tower,3,0,10,6,19,0,3,14,4,21,3,3,24,10,40,18,8,26,66
11/22/2021,BFM,AL,ASO,CE,Federal Contract Tower,1,6,25,35,67,0,1,6,30,37,1,7,31,65,104,8,260,268,372
11/23/2021,BFM,AL,ASO,CE,Federal Contract Tower,11,4,19,9,43,0,2,11,29,42,11,6,30,38,85,8,226,234,319
11/24/2021,BFM,AL,ASO,CE,Federal Contract Tower,7,11,10,1,29,0,2,21,6,29,7,13,31,7,58,26,62,88,146
11/25/2021,BFM,AL,ASO,CE,Federal Contract Tower,1,9,3,0,13,0,3,2,0,5,1,12,5,0,18,0,0,0,18
11/26/2021,BFM,AL,ASO,CE,Federal Contract Tower,6,4,11,0,21,0,0,18,0,18,6,4,29,0,39,0,0,0,39
11/27/2021,BFM,AL,ASO,CE,Federal Contract Tower,2,3,10,0,15,0,0,11,0,11,2,3,21,0,26,14,0,14,40
11/28/2021,BFM,AL,ASO,CE,Federal Contract Tower,1,2,10,0,13,0,0,1,0,1,1,2,11,0,14,0,0,0,14
11/29/2021,BFM,AL,ASO,CE,Federal Contract Tower,5,4,27,30,66,0,4,9,23,36,5,8,36,53,102,0,160,160,262
11/30/2021,BFM,AL,ASO,CE,Federal Contract Tower,8,8,10,29,55,0,4,20,29,53,8,12,30,58,108,2,274,276,384
12/01/2021,BFM,AL,ASO,CE,Federal Contract Tower,2,14,24,16,56,0,3,20,55,78,2,17,44,71,134,4,292,296,430
12/02/2021,BFM,AL,ASO,CE,Federal Contract Tower,9,11,18,22,60,0,1,24,33,58,9,12,42,55,118,32,200,232,350
12/03/2021,BFM,AL,ASO,CE,Federal Contract Tower,9,10,12,23,54,0,2,17,14,33,9,12,29,37,87,26,128,154,241
12/04/2021,BFM,AL,ASO,CE,Federal Contract Tower,10,2,7,1,20,0,5,8,2,15,10,7,15,3,35,0,14,14,49
12/05/2021,BFM,AL,ASO,CE,Federal Contract Tower,5,0,13,1,19,0,1,14,4,19,5,1,27,5,38,6,6,12,50
12/06/2021,BFM,AL,ASO,CE,Federal Contract Tower,9,3,19,15,46,0,3,1,34,38,9,6,20,49,84,0,190,190,274
12/07/2021,BFM,AL,ASO,CE,Federal Contract Tower,3,10,25,13,51,0,0,0,0,0,3,10,25,13,51,0,0,0,51
12/08/2021,BFM,AL,ASO,CE,Federal Contract Tower,9,14,22,35,80,0,0,4,17,21,9,14,26,52,101,6,126,132,233
12/09/2021,BFM,AL,ASO,CE,Federal Contract Tower,2,4,12,28,46,0,0,1,7,8,2,4,13,35,54,0,76,76,130
12/10/2021,BFM,AL,ASO,CE,Federal Contract Tower,10,2,13,8,33,0,0,1,0,1,10,2,14,8,34,0,0,0,34
12/11/2021,BFM,AL,ASO,CE,Federal Contract Tower,8,0,2,4,14,0,0,0,2,2,8,0,2,6,16,0,0,0,16
12/12/2021,BFM,AL,ASO,CE,Federal Contract Tower,3,0,14,3,20,0,0,17,0,17,3,0,31,3,37,8,0,8,45
12/13/2021,BFM,AL,ASO,CE,Federal Contract Tower,6,7,13,9,35,0,10,18,28,56,6,17,31,37,91,8,146,154,245
12/14/2021,BFM,AL,ASO,CE,Federal Contract Tower,13,11,17,30,71,0,2,20,25,47,13,13,37,55,118,24,184,208,326
12/15/2021,BFM,AL,ASO,CE,Federal Contract Tower,5,5,23,19,52,0,2,34,20,56,5,7,57,39,108,28,126,154,262
12/16/2021,BFM,AL,ASO,CE,Federal Contract Tower,13,3,26,32,74,0,3,14,47,64,13,6,40,79,138,0,226,226,364
12/17/2021,BFM,AL,ASO,CE,Federal Contract Tower,11,6,24,2,43,0,2,2,0,4,11,8,26,2,47,0,0,0,47
12/18/2021,BFM,AL,ASO,CE,Federal Contract Tower,5,3,5,0,13,0,0,0,0,0,5,3,5,0,13,0,0,0,13
12/19/2021,BFM,AL,ASO,CE,Federal Contract Tower,6,3,14,2,25,0,0,1,0,1,6,3,15,2,26,0,0,0,26
12/20/2021,BFM,AL,ASO,CE,Federal Contract Tower,3,3,24,3,33,0,1,2,18,21,3,4,26,21,54,0,50,50,104
12/21/2021,BFM,AL,ASO,CE,Federal Contract Tower,5,6,17,24,52,0,2,0,2,4,5,8,17,26,56,0,52,52,108
12/22/2021,BFM,AL,ASO,CE,Federal Contract Tower,5,8,19,19,51,0,0,28,25,53,5,8,47,44,104,6,108,114,218
12/23/2021,BFM,AL,ASO,CE,Federal Contract Tower,9,6,13,0,28,0,0,24,9,33,9,6,37,9,61,4,58,62,123
12/24/2021,BFM,AL,ASO,CE,Federal Contract Tower,3,2,5,0,10,0,2,4,0,6,3,4,9,0,16,0,0,0,16
12/25/2021,BFM,AL,ASO,CE,Federal Contract Tower,0,0,1,0,1,0,0,1,0,1,0,0,2,0,2,0,0,0,2
12/26/2021,BFM,AL,ASO,CE,Federal Contract Tower,0,0,6,0,6,0,0,4,3,7,0,0,10,3,13,6,4,10,23
12/27/2021,BFM,AL,ASO,CE,Federal Contract Tower,1,6,15,6,28,0,1,13,5,19,1,7,28,11,47,6,40,46,93
12/28/2021,BFM,AL,ASO,CE,Federal Contract Tower,6,4,9,1,20,0,0,0,2,2,6,4,9,3,22,0,6,6,28
12/29/2021,BFM,AL,ASO,CE,Federal Contract Tower,6,2,15,3,26,0,0,1,5,6,6,2,16,8,32,0,12,12,44
12/30/2021,BFM,AL,ASO,CE,Federal Contract Tower,5,6,15,6,32,0,2,0,2,4,5,8,15,8,36,0,0,0,36
12/31/2021,BFM,AL,ASO,CE,Federal Contract Tower,2,2,8,0,12,0,0,1,0,1,2,2,9,0,13,0,0,0,13
01/01/2022,BFM,AL,ASO,CE,Federal Contract Tower,0,0,5,0,5,0,0,0,0,0,0,0,5,0,5,0,0,0,5
01/02/2022,BFM,AL,ASO,CE,Federal Contract Tower,0,2,6,0,8,0,0,0,0,0,0,2,6,0,8,0,0,0,8
01/03/2022,BFM,AL,ASO,CE,Federal Contract Tower,2,2,20,0,24,0,1,14,2,17,2,3,34,2,41,6,20,26,67
01/04/2022,BFM,AL,ASO,CE,Federal Contract Tower,3,3,15,14,35,0,11,10,29,50,3,14,25,43,85,2,134,136,221
01/05/2022,BFM,AL,ASO,CE,Federal Contract Tower,4,8,14,3,29,0,4,16,27,47,4,12,30,30,76,6,128,134,210
01/06/2022,BFM,AL,ASO,CE,Federal Contract Tower,2,5,9,32,48,0,0,7,34,41,2,5,16,66,89,0,214,214,303
01/07/2022,BFM,AL,ASO,CE,Federal Contract Tower,5,3,13,26,47,0,2,14,29,45,5,5,27,55,92,4,156,160,252
01/08/2022,BFM,AL,ASO,CE,Federal Contract Tower,4,4,12,2,22,0,0,12,2,14,4,4,24,4,36,6,12,18,54
01/09/2022,BFM,AL,ASO,CE,Federal Contract Tower,1,2,3,0,6,0,0,0,0,0,1,2,3,0,6,0,0,0,6
01/10/2022,BFM,AL,ASO,CE,Federal Contract Tower,3,3,13,18,37,0,3,11,13,27,3,6,24,31,64,0,78,78,142
01/11/2022,BFM,AL,ASO,CE,Federal Contract Tower,10,4,15,20,49,0,0,9,28,37,10,4,24,48,86,16,126,142,228
01/12/2022,BFM,AL,ASO,CE,Federal Contract Tower,1,5,16,15,37,0,0,15,32,47,1,5,31,47,84,24,106,130,214
01/13/2022,BFM,AL,ASO,CE,Federal Contract Tower,2,5,19,27,53,0,5,36,16,57,2,10,55,43,110,12,80,92,202
01/14/2022,BFM,AL,ASO,CE,Federal Contract Tower,4,4,14,19,41,0,5,22,19,46,4,9,36,38,87,90,68,158,245
01/15/2022,BFM,AL,ASO,CE,Federal Contract Tower,2,4,8,0,14,0,0,3,0,3,2,4,11,0,17,0,0,0,17
01/16/2022,BFM,AL,ASO,CE,Federal Contract Tower,0,0,5,0,5,0,0,0,0,0,0,0,5,0,5,0,0,0,5
01/17/2022,BFM,AL,ASO,CE,Federal Contract Tower,5,2,15,2,24,0,2,16,0,18,5,4,31,2,42,8,0,8,50
01/18/2022,BFM,AL,ASO,CE,Federal Contract Tower,5,6,14,31,56,0,8,8,39,55,5,14,22,70,111,24,208,232,343
01/19/2022,BFM,AL,ASO,CE,Federal Contract Tower,4,6,16,31,57,0,2,17,26,45,4,8,33,57,102,16,130,146,248
01/20/2022,BFM,AL,ASO,CE,Federal Contract Tower,8,4,16,0,28,0,0,0,0,0,8,4,16,0,28,0,0,0,28
01/21/2022,BFM,AL,ASO,CE,Federal Contract Tower,3,7,10,0,20,0,1,3,2,6,3,8,13,2,26,0,4,4,30
01/22/2022,BFM,AL,ASO,CE,Federal Contract Tower,4,4,5,3,16,0,7,12,8,27,4,11,17,11,43,8,38,46,89
01/23/2022,BFM,AL,ASO,CE,Federal Contract Tower,0,0,3,0,3,0,2,7,3,12,0,2,10,3,15,12,22,34,49
01/24/2022,BFM,AL,ASO,CE,Federal Contract Tower,2,3,3,11,19,0,5,23,29,57,2,8,26,40,76,0,218,218,294
01/25/2022,BFM,AL,ASO,CE,Federal Contract Tower,12,15,14,0,41,0,0,0,0,0,12,15,14,0,41,0,0,0,41
01/26/2022,BFM,AL,ASO,CE,Federal Contract Tower,8,4,13,39,64,0,4,25,23,52,8,8,38,62,116,6,52,58,174
01/27/2022,BFM,AL,ASO,CE,Federal Contract Tower,4,5,15,24,48,0,3,22,40,65,4,8,37,64,113,24,176,200,313
01/28/2022,BFM,AL,ASO,CE,Federal Contract Tower,4,8,10,41,63,0,1,13,31,45,4,9,23,72,108,32,96,128,236
01/29/2022,BFM,AL,ASO,CE,Federal Contract Tower,2,2,2,2,8,0,0,20,8,28,2,2,22,10,36,0,12,12,48
01/30/2022,BFM,AL,ASO,CE,Federal Contract Tower,3,0,11,7,21,0,1,11,2,14,3,1,22,9,35,2,4,6,41
01/31/2022,BFM,AL,ASO,CE,Federal Contract Tower,4,11,18,17,50,0,2,14,37,53,4,13,32,54,103,22,138,160,263
02/01/2022,BFM,AL,ASO,CE,Federal Contract Tower,4,10,17,17,48,0,0,12,35,47,4,10,29,52,95,0,222,222,317
02/02/2022,BFM,AL,ASO,CE,Federal Contract Tower,5,9,16,0,30,0,0,3,6,9,5,9,19,6,39,0,14,14,53
02/03/2022,BFM,AL,ASO,CE,Federal Contract Tower,0,9,5,0,14,0,0,0,0,0,0,9,5,0,14,0,0,0,14
02/04/2022,BFM,AL,ASO,CE,Federal Contract Tower,4,8,9,0,21,0,0,0,0,0,4,8,9,0,21,0,0,0,21
02/05/2022,BFM,AL,ASO,CE,Federal Contract Tower,4,2,12,5,23,0,0,8,14,22,4,2,20,19,45,4,52,56,101
02/06/2022,BFM,AL,ASO,CE,Federal Contract Tower,0,0,13,1,14,0,0,16,8,24,0,0,29,9,38,12,42,54,92
02/07/2022,BFM,AL,ASO,CE,Federal Contract Tower,5,4,8,37,54,0,1,5,11,17,5,5,13,48,71,0,88,88,159
02/08/2022,BFM,AL,ASO,CE,Federal Contract Tower,4,6,18,22,50,0,4,16,36,56,4,10,34,58,106,0,188,188,294
02/09/2022,BFM,AL,ASO,CE,Federal Contract Tower,5,5,24,17,51,0,2,17,32,51,5,7,41,49,102,10,114,124,226
02/10/2022,BFM,AL,ASO,CE,Federal Contract Tower,4,9,11,13,37,0,4,10,36,50,4,13,21,49,87,0,182,182,269
02/11/2022,BFM,AL,ASO,CE,Federal Contract Tower,7,5,14,15,41,0,0,23,30,53,7,5,37,45,94,12,222,234,328
02/12/2022,BFM,AL,ASO,CE,Federal Contract Tower,8,2,9,2,21,0,2,27,2,31,8,4,36,4,52,16,2,18,70
02/13/2022,BFM,AL,ASO,CE,Federal Contract Tower,4,2,3,2,11,0,5,13,1,19,4,7,16,3,30,0,0,0,30
02/14/2022,BFM,AL,ASO,CE,Federal Contract Tower,3,4,7,12,26,0,7,10,33,50,3,11,17,45,76,22,186,208,284
02/15/2022,BFM,AL,ASO,CE,Federal Contract Tower,4,5,27,2,38,0,2,24,34,60,4,7,51,36,98,14,190,204,302
02/16/2022,BFM,AL,ASO,CE,Federal Contract Tower,13,8,24,7,52,0,2,13,25,40,13,10,37,32,92,4,132,136,228
02/17/2022,BFM,AL,ASO,CE,Federal Contract Tower,11,4,10,0,25,0,2,0,2,4,11,6,10,2,29,0,28,28,57
02/18/2022,BFM,AL,ASO,CE,Federal Contract Tower,14,9,10,17,50,0,3,15,19,37,14,12,25,36,87,10,114,124,211
02/19/2022,BFM,AL,ASO,CE,Federal Contract Tower,4,2,21,2,29,0,0,18,7,25,4,2,39,9,54,22,28,50,104
02/20/2022,BFM,AL,ASO,CE,Federal Contract Tower,3,3,23,0,29,0,6,18,3,27,3,9,41,3,56,16,14,30,86
02/21/2022,BFM,AL,ASO,CE,Federal Contract Tower,3,7,14,1,25,0,4,14,0,18,3,11,28,1,43,18,0,18,61
02/22/2022,BFM,AL,ASO,CE,Federal Contract Tower,9,6,14,11,40,0,2,4,16,22,9,8,18,27,62,28,116,144,206
02/23/2022,BFM,AL,ASO,CE,Federal Contract Tower,4,6,15,5,30,0,5,12,19,36,4,11,27,24,66,6,74,80,146
02/24/2022,BFM,AL,ASO,CE,Federal Contract Tower,2,3,19,6,30,0,0,4,16,20,2,3,23,22,50,0,88,88,138
02/25/2022,BFM,AL,ASO,CE,Federal Contract Tower,9,8,21,14,52,0,0,4,15,19,9,8,25,29,71,0,112,112,183
02/26/2022,BFM,AL,ASO,CE,Federal Contract Tower,5,4,17,2,28,0,0,4,2,6,5,4,21,4,34,0,18,18,52
02/27/2022,BFM,AL,ASO,CE,Federal Contract Tower,3,1,19,0,23,0,0,3,0,3,3,1,22,0,26,0,0,0,26
02/28/2022,BFM,AL,ASO,CE,Federal Contract Tower,4,5,17,21,47,0,3,13,36,52,4,8,30,57,99,12,170,182,281
03/01/2022,BFM,AL,ASO,CE,Federal Contract Tower,7,10,15,15,47,0,2,17,46,65,7,12,32,61,112,2,208,210,322
03/02/2022,BFM,AL,ASO,CE,Federal Contract Tower,8,9,15,16,48,0,5,11,51,67,8,14,26,67,115,0,294,294,409
03/03/2022,BFM,AL,ASO,CE,Federal Contract Tower,6,6,22,15,49,0,5,17,38,60,6,11,39,53,109,0,110,110,219
03/04/2022,BFM,AL,ASO,CE,Federal Contract Tower,7,8,12,11,38,0,0,18,22,40,7,8,30,33,78,10,130,140,218
03/05/2022,BFM,AL,ASO,CE,Federal Contract Tower,2,2,16,0,20,0,2,18,5,25,2,4,34,5,45,6,28,34,79
03/06/2022,BFM,AL,ASO,CE,Federal Contract Tower,1,0,22,0,23,0,0,10,10,20,1,0,32,10,43,18,38,56,99
03/07/2022,BFM,AL,ASO,CE,Federal Contract Tower,3,6,6,0,15,0,1,1,2,4,3,7,7,2,19,6,10,16,35
03/08/2022,BFM,AL,ASO,CE,Federal Contract Tower,8,8,22,9,47,0,0,4,2,6,8,8,26,11,53,18,50,68,121
03/09/2022,BFM,AL,ASO,CE,Federal Contract Tower,6,7,15,0,28,0,1,0,0,1,6,8,15,0,29,0,0,0,29
03/10/2022,BFM,AL,ASO,CE,Federal Contract Tower,12,6,12,19,49,0,0,10,21,31,12,6,22,40,80,6,146,152,232
03/11/2022,BFM,AL,ASO,CE,Federal Contract Tower,4,6,13,0,23,0,0,8,2,10,4,6,21,2,33,8,12,20,53
03/12/2022,BFM,AL,ASO,CE,Federal Contract Tower,2,1,6,0,9,0,0,4,0,4,2,1,10,0,13,0,0,0,13
03/13/2022,BFM,AL,ASO,CE,Federal Contract Tower,1,2,8,4,15,0,2,20,4,26,1,4,28,8,41,16,0,16,57
03/14/2022,BFM,AL,ASO,CE,Federal Contract Tower,1,6,5,34,46,0,7,7,53,67,1,13,12,87,113,8,268,276,389
03/15/2022,BFM,AL,ASO,CE,Federal Contract Tower,8,9,13,0,30,0,1,4,14,19,8,10,17,14,49,2,64,66,115
03/16/2022,BFM,AL,ASO,CE,Federal Contract Tower,2,15,23,40,80,0,2,10,32,44,2,17,33,72,124,26,182,208,332
03/17/2022,BFM,AL,ASO,CE,Federal Contract Tower,6,9,15,12,42,0,2,16,28,46,6,11,31,40,88,8,116,124,212
03/18/2022,BFM,AL,ASO,CE,Federal Contract Tower,8,4,10,0,22,0,0,3,0,3,8,4,13,0,25,0,0,0,25
03/19/2022,BFM,AL,ASO,CE,Federal Contract Tower,3,2,6,0,11,0,0,15,12,27,3,2,21,12,38,18,46,64,102
03/20/2022,BFM,AL,ASO,CE,Federal Contract Tower,3,1,13,1,18,0,0,11,4,15,3,1,24,5,33,0,14,14,47
03/21/2022,BFM,AL,ASO,CE,Federal Contract Tower,5,5,7,15,32,0,2,12,57,71,5,7,19,72,103,4,282,286,389
03/22/2022,BFM,AL,ASO,CE,Federal Contract Tower,7,6,15,1,29,0,0,0,8,8,7,6,15,9,37,0,20,20,57
03/23/2022,BFM,AL,ASO,CE,Federal Contract Tower,13,7,13,6,39,0,4,10,30,44,13,11,23,36,83,0,190,190,273
03/24/2022,BFM,AL,ASO,CE,Federal Contract Tower,10,5,18,23,56,0,1,13,36,50,10,6,31,59,106,16,192,208,314
03/25/2022,BFM,AL,ASO,CE,Federal Contract Tower,11,7,7,41,66,0,6,24,33,63,11,13,31,74,129,0,198,198,327
03/26/2022,BFM,AL,ASO,CE,Federal Contract Tower,4,2,7,3,16,0,6,14,6,26,4,8,21,9,42,24,34,58,100
03/27/2022,BFM,AL,ASO,CE,Federal Contract Tower,1,2,20,12,35,0,3,7,9,19,1,5,27,21,54,0,46,46,100
03/28/2022,BFM,AL,ASO,CE,Federal Contract Tower,4,4,26,12,46,0,4,14,42,60,4,8,40,54,106,8,214,222,328
03/29/2022,BFM,AL,ASO,CE,Federal Contract Tower,9,7,19,30,65,0,5,12,28,45,9,12,31,58,110,0,134,134,244
03/30/2022,BFM,AL,ASO,CE,Federal Contract Tower,6,5,9,3,23,0,2,2,25,29,6,7,11,28,52,0,104,104,156
03/31/2022,BFM,AL,ASO,CE,Federal Contract Tower,11,6,18,29,64,0,5,7,36,48,11,11,25,65,112,0,150,150,262
04/01/2022,BFM,AL,ASO,CE,Federal Contract Tower,10,6,11,2,29,0,9,10,21,40,10,15,21,23,69,0,92,92,161
04/02/2022,BFM,AL,ASO,CE,Federal Contract Tower,4,3,4,0,11,0,6,5,0,11,4,9,9,0,22,10,0,10,32
04/03/2022,BFM,AL,ASO,CE,Federal Contract Tower,2,0,9,6,17,0,4,13,0,17,2,4,22,6,34,0,0,0,34
04/04/2022,BFM,AL,ASO,CE,Federal Contract Tower,1,3,11,1,16,0,0,24,23,47,1,3,35,24,63,4,100,104,167
04/05/2022,BFM,AL,ASO,CE,Federal Contract Tower,8,5,13,0,26,0,0,0,0,0,8,5,13,0,26,0,0,0,26
04/06/2022,BFM,AL,ASO,CE,Federal Contract Tower,5,6,18,10,39,0,0,0,10,10,5,6,18,20,49,0,90,90,139
04/07/2022,BFM,AL,ASO,CE,Federal Contract Tower,6,7,21,4,38,0,0,6,43,49,6,7,27,47,87,0,170,170,257
04/08/2022,BFM,AL,ASO,CE,Federal Contract Tower,4,7,23,12,46,0,0,13,15,28,4,7,36,27,74,10,68,78,152
04/09/2022,BFM,AL,ASO,CE,Federal Contract Tower,3,5,14,20,42,0,0,7,12,19,3,5,21,32,61,0,52,52,113
04/10/2022,BFM,AL,ASO,CE,Federal Contract Tower,1,2,18,2,23,0,2,13,4,19,1,4,31,6,42,6,30,36,78
04/11/2022,BFM,AL,ASO,CE,Federal Contract Tower,4,5,17,3,29,0,1,8,12,21,4,6,25,15,50,0,50,50,100
04/12/2022,BFM,AL,ASO,CE,Federal Contract Tower,10,28,33,23,94,0,10,13,34,57,10,38,46,57,151,0,164,164,315
04/13/2022,BFM,AL,ASO,CE,Federal Contract Tower,8,9,15,18,50,0,1,5,31,37,8,10,20,49,87,0,222,222,309
04/14/2022,BFM,AL,ASO,CE,Federal Contract Tower,8,5,24,21,58,0,0,4,14,18,8,5,28,35,76,6,96,102,178
04/15/2022,BFM,AL,ASO,CE,Federal Contract Tower,6,8,10,14,38,0,2,11,13,26,6,10,21,27,64,4,38,42,106
04/16/2022,BFM,AL,ASO,CE,Federal Contract Tower,4,2,5,0,11,0,0,3,0,3,4,2,8,0,14,0,0,0,14
04/17/2022,BFM,AL,ASO,CE,Federal Contract Tower,3,2,3,2,10,0,0,2,0,2,3,2,5,2,12,0,0,0,12
04/18/2022,BFM,AL,ASO,CE,Federal Contract Tower,3,8,25,22,58,0,4,5,6,15,3,12,30,28,73,0,44,44,117
04/19/2022,BFM,AL,ASO,CE,Federal Contract Tower,4,7,28,52,91,0,4,14,24,42,4,11,42,76,133,4,166,170,303
04/20/2022,BFM,AL,ASO,CE,Federal Contract Tower,6,4,14,16,40,0,3,33,41,77,6,7,47,57,117,0,262,262,379
04/21/2022,BFM,AL,ASO,CE,Federal Contract Tower,6,4,16,18,44,0,4,17,44,65,6,8,33,62,109,22,254,276,385
04/22/2022,BFM,AL,ASO,CE,Federal Contract Tower,5,7,26,8,46,0,0,8,22,30,5,7,34,30,76,0,116,116,192
04/23/2022,BFM,AL,ASO,CE,Federal Contract Tower,5,2,3,0,10,0,2,20,5,27,5,4,23,5,37,14,32,46,83
04/24/2022,BFM,AL,ASO,CE,Federal Contract Tower,2,4,23,0,29,0,0,16,4,20,2,4,39,4,49,18,22,40,89
04/25/2022,BFM,AL,ASO,CE,Federal Contract Tower,3,5,21,9,38,0,3,16,45,64,3,8,37,54,102,2,212,214,316
04/26/2022,BFM,AL,ASO,CE,Federal Contract Tower,4,6,20,27,57,0,2,5,31,38,4,8,25,58,95,6,134,140,235
04/27/2022,BFM,AL,ASO,CE,Federal Contract Tower,10,9,18,19,56,0,5,13,26,44,10,14,31,45,100,4,130,134,234
04/28/2022,BFM,AL,ASO,CE,Federal Contract Tower,7,4,24,9,44,0,1,11,21,33,7,5,35,30,77,0,74,74,151
04/29/2022,BFM,AL,ASO,CE,Federal Contract Tower,6,9,13,6,34,0,3,6,11,20,6,12,19,17,54,6,40,46,100
04/30/2022,BFM,AL,ASO,CE,Federal Contract Tower,4,4,2,0,10,0,1,4,7,12,4,5,6,7,22,14,54,68,90
05/01/2022,BFM,AL,ASO,CE,Federal Contract Tower,3,5,6,2,16,0,0,7,3,10,3,5,13,5,26,6,0,6,32
05/02/2022,BFM,AL,ASO,CE,Federal Contract Tower,6,8,21,13,48,0,1,9,32,42,6,9,30,45,90,0,144,144,234
05/03/2022,BFM,AL,ASO,CE,Federal Contract Tower,10,4,29,26,69,0,1,14,24,39,10,5,43,50,108,0,126,126,234
05/04/2022,BFM,AL,ASO,CE,Federal Contract Tower,6,4,17,13,40,0,3,10,21,34,6,7,27,34,74,8,144,152,226
05/05/2022,BFM,AL,ASO,CE,Federal Contract Tower,4,4,25,13,46,0,1,16,15,32,4,5,41,28,78,16,70,86,164
05/06/2022,BFM,AL,ASO,CE,Federal Contract Tower,3,6,14,0,23,0,0,3,6,9,3,6,17,6,32,0,22,22,54
05/07/2022,BFM,AL,ASO,CE,Federal Contract Tower,3,2,8,0,13,0,4,13,5,22,3,6,21,5,35,2,38,40,75
05/08/2022,BFM,AL,ASO,CE,Federal Contract Tower,1,0,15,0,16,0,1,17,0,18,1,1,32,0,34,4,0,4,38
05/09/2022,BFM,AL,ASO,CE,Federal Contract Tower,6,4,17,8,35,0,2,11,33,46,6,6,28,41,81,2,116,118,199
05/10/2022,BFM,AL,ASO,CE,Federal Contract Tower,6,6,15,11,38,0,3,8,46,57,6,9,23,57,95,26,196,222,317
05/11/2022,BFM,AL,ASO,CE,Federal Contract Tower,3,4,12,18,37,0,7,12,30,49,3,11,24,48,86,14,142,156,242
05/12/2022,BFM,AL,ASO,CE,Federal Contract Tower,10,6,18,5,39,0,0,30,19,49,10,6,48,24,88,0,74,74,162
05/13/2022,BFM,AL,ASO,CE,Federal Contract Tower,7,3,18,4,32,0,0,6,14,20,7,3,24,18,52,12,84,96,148
05/14/2022,BFM,AL,ASO,CE,Federal Contract Tower,2,2,4,11,19,0,0,15,0,15,2,2,19,11,34,16,0,16,50
05/15/2022,BFM,AL,ASO,CE,Federal Contract Tower,1,2,10,3,16,0,0,6,2,8,1,2,16,5,24,12,0,12,36
05/16/2022,BFM,AL,ASO,CE,Federal Contract Tower,2,5,15,13,35,0,2,4,33,39,2,7,19,46,74,6,114,120,194
05/17/2022,BFM,AL,ASO,CE,Federal Contract Tower,5,10,14,9,38,0,0,10,22,32,5,10,24,31,70,8,108,116,186
05/18/2022,BFM,AL,ASO,CE,Federal Contract Tower,5,14,19,15,53,0,4,11,25,40,5,18,30,40,93,26,104,130,223
05/19/2022,BFM,AL,ASO,CE,Federal Contract Tower,7,8,17,39,71,0,0,11,21,32,7,8,28,60,103,0,92,92,195
05/20/2022,BFM,AL,ASO,CE,Federal Contract Tower,4,6,19,4,33,0,5,9,2,16,4,11,28,6,49,0,10,10,59
05/21/2022,BFM,AL,ASO,CE,Federal Contract Tower,5,6,12,1,24,0,0,1,2,3,5,6,13,3,27,0,18,18,45
05/22/2022,BFM,AL,ASO,CE,Federal Contract Tower,2,2,7,0,11,0,0,0,0,0,2,2,7,0,11,0,0,0,11
05/23/2022,BFM,AL,ASO,CE,Federal Contract Tower,1,4,9,2,16,0,0,4,7,11,1,4,13,9,27,0,32,32,59
05/24/2022,BFM,AL,ASO,CE,Federal Contract Tower,9,16,22,1,48,0,1,2,8,11,9,17,24,9,59,0,22,22,81
05/25/2022,BFM,AL,ASO,CE,Federal Contract Tower,8,5,11,0,24,0,2,1,7,10,8,7,12,7,34,0,18,18,52
05/26/2022,BFM,AL,ASO,CE,Federal Contract Tower,4,9,17,4,34,0,0,7,18,25,4,9,24,22,59,0,108,108,167
05/27/2022,BFM,AL,ASO,CE,Federal Contract Tower,8,4,12,0,24,0,2,12,4,18,8,6,24,4,42,0,18,18,60
05/28/2022,BFM,AL,ASO,CE,Federal Contract Tower,6,5,1,0,12,0,5,8,0,13,6,10,9,0,25,18,0,18,43
05/29/2022,BFM,AL,ASO,CE,Federal Contract Tower,2,0,5,0,7,0,1,2,1,4,2,1,7,1,11,0,8,8,19
05/30/2022,BFM,AL,ASO,CE,Federal Contract Tower,0,1,16,1,18,0,0,4,0,4,0,1,20,1,22,0,0,0,22
05/31/2022,BFM,AL,ASO,CE,Federal Contract Tower,5,5,6,8,24,0,0,17,17,34,5,5,23,25,58,6,114,120,178
06/01/2022,BFM,AL,ASO,CE,Federal Contract Tower,7,5,23,11,46,0,3,15,31,49,7,8,38,42,95,4,154,158,253
06/02/2022,BFM,AL,ASO,CE,Federal Contract Tower,6,5,16,2,29,0,2,13,30,45,6,7,29,32,74,16,122,138,212
06/03/2022,BFM,AL,ASO,CE,Federal Contract Tower,14,5,8,5,32,0,2,15,22,39,14,7,23,27,71,10,88,98,169
06/04/2022,BFM,AL,ASO,CE,Federal Contract Tower,6,2,8,4,20,0,1,13,0,14,6,3,21,4,34,0,0,0,34
06/05/2022,BFM,AL,ASO,CE,Federal Contract Tower,1,0,13,1,15,0,1,8,4,13,1,1,21,5,28,0,2,2,30
06/06/2022,BFM,AL,ASO,CE,Federal Contract Tower,4,3,7,11,25,0,5,22,31,58,4,8,29,42,83,46,144,190,273
06/07/2022,BFM,AL,ASO,CE,Federal Contract Tower,8,3,17,24,52,0,8,6,25,39,8,11,23,49,91,10,176,186,277
06/08/2022,BFM,AL,ASO,CE,Federal Contract Tower,7,5,13,11,36,0,5,7,33,45,7,10,20,44,81,8,210,218,299
06/09/2022,BFM,AL,ASO,CE,Federal Contract Tower,5,7,8,8,28,0,3,9,22,34,5,10,17,30,62,18,96,114,176
06/10/2022,BFM,AL,ASO,CE,Federal Contract Tower,7,8,16,3,34,0,2,1,13,16,7,10,17,16,50,0,46,46,96
06/11/2022,BFM,AL,ASO,CE,Federal Contract Tower,2,2,4,8,16,0,1,7,6,14,2,3,11,14,30,0,20,20,50
06/12/2022,BFM,AL,ASO,CE,Federal Contract Tower,3,2,8,4,17,0,2,3,0,5,3,4,11,4,22,0,0,0,22
06/13/2022,BFM,AL,ASO,CE,Federal Contract Tower,6,3,9,3,21,0,4,8,7,19,6,7,17,10,40,0,22,22,62
06/14/2022,BFM,AL,ASO,CE,Federal Contract Tower,4,9,16,24,53,0,2,19,13,34,4,11,35,37,87,14,46,60,147
06/15/2022,BFM,AL,ASO,CE,Federal Contract Tower,4,6,26,33,69,0,0,5,19,24,4,6,31,52,93,18,160,178,271
06/16/2022,BFM,AL,ASO,CE,Federal Contract Tower,7,6,15,10,38,0,4,13,20,37,7,10,28,30,75,12,94,106,181
06/17/2022,BFM,AL,ASO,CE,Federal Contract Tower,7,10,12,26,55,0,2,17,16,35,7,12,29,42,90,24,122,146,236
06/18/2022,BFM,AL,ASO,CE,Federal Contract Tower,2,2,7,0,11,0,0,10,0,10,2,2,17,0,21,4,0,4,25
06/19/2022,BFM,AL,ASO,CE,Federal Contract Tower,2,3,12,2,19,0,0,16,1,17,2,3,28,3,36,24,0,24,60
06/20/2022,BFM,AL,ASO,CE,Federal Contract Tower,1,4,12,1,18,0,1,14,1,16,1,5,26,2,34,0,0,0,34
06/21/2022,BFM,AL,ASO,CE,Federal Contract Tower,5,7,15,7,34,0,0,9,19,28,5,7,24,26,62,4,40,44,106
06/22/2022,BFM,AL,ASO,CE,Federal Contract Tower,4,7,10,11,32,0,8,12,31,51,4,15,22,42,83,12,164,176,259
06/23/2022,BFM,AL,ASO,CE,Federal Contract Tower,6,7,19,8,40,0,0,19,20,39,6,7,38,28,79,40,90,130,209
06/24/2022,BFM,AL,ASO,CE,Federal Contract Tower,2,4,11,2,19,0,3,12,18,33,2,7,23,20,52,10,114,124,176
06/25/2022,BFM,AL,ASO,CE,Federal Contract Tower,2,4,10,0,16,0,0,8,2,10,2,4,18,2,26,12,0,12,38
06/26/2022,BFM,AL,ASO,CE,Federal Contract Tower,1,1,6,0,8,0,0,1,2,3,1,1,7,2,11,0,0,0,11
06/27/2022,BFM,AL,ASO,CE,Federal Contract Tower,7,5,15,10,37,0,3,22,16,41,7,8,37,26,78,30,90,120,198
06/28/2022,BFM,AL,ASO,CE,Federal Contract Tower,7,3,14,16,40,0,3,14,20,37,7,6,28,36,77,16,68,84,161
06/29/2022,BFM,AL,ASO,CE,Federal Contract Tower,5,3,19,13,40,0,2,10,12,24,5,5,29,25,64,6,70,76,140
06/30/2022,BFM,AL,ASO,CE,Federal Contract Tower,7,5,9,21,42,0,0,13,11,24,7,5,22,32,66,42,108,150,216
07/01/2022,BFM,AL,ASO,CE,Federal Contract Tower,4,4,3,0,11,0,2,0,0,2,4,6,3,0,13,0,0,0,13
07/02/2022,BFM,AL,ASO,CE,Federal Contract Tower,2,0,1,0,3,0,0,9,0,9,2,0,10,0,12,4,0,4,16
07/03/2022,BFM,AL,ASO,CE,Federal Contract Tower,1,0,6,0,7,0,2,1,0,3,1,2,7,0,10,0,0,0,10
07/04/2022,BFM,AL,ASO,CE,Federal Contract Tower,0,0,4,0,4,0,0,3,0,3,0,0,7,0,7,0,0,0,7
07/05/2022,BFM,AL,ASO,CE,Federal Contract Tower,8,6,11,0,25,0,5,6,2,13,8,11,17,2,38,16,4,20,58
07/06/2022,BFM,AL,ASO,CE,Federal Contract Tower,3,4,9,7,23,0,6,17,27,50,3,10,26,34,73,10,152,162,235
07/07/2022,BFM,AL,ASO,CE,Federal Contract Tower,13,6,9,15,43,0,0,10,25,35,13,6,19,40,78,18,90,108,186
07/08/2022,BFM,AL,ASO,CE,Federal Contract Tower,9,6,12,10,37,0,0,4,18,22,9,6,16,28,59,0,130,130,189
07/09/2022,BFM,AL,ASO,CE,Federal Contract Tower,3,0,2,7,12,0,0,4,2,6,3,0,6,9,18,0,20,20,38
07/10/2022,BFM,AL,ASO,CE,Federal Contract Tower,4,1,9,2,16,0,0,1,0,1,4,1,10,2,17,0,0,0,17
07/11/2022,BFM,AL,ASO,CE,Federal Contract Tower,2,2,6,5,15,0,2,6,17,25,2,4,12,22,40,2,92,94,134
07/12/2022,BFM,AL,ASO,CE,Federal Contract Tower,6,4,17,15,42,0,3,11,25,39,6,7,28,40,81,14,148,162,243
07/13/2022,BFM,AL,ASO,CE,Federal Contract Tower,5,2,12,5,24,0,0,4,18,22,5,2,16,23,46,0,130,130,176
07/14/2022,BFM,AL,ASO,CE,Federal Contract Tower,6,2,29,2,39,0,2,7,16,25,6,4,36,18,64,0,98,98,162
07/15/2022,BFM,AL,ASO,CE,Federal Contract Tower,12,3,15,12,42,0,0,6,29,35,12,3,21,41,77,0,130,130,207
07/16/2022,BFM,AL,ASO,CE,Federal Contract Tower,3,6,3,0,12,0,0,8,0,8,3,6,11,0,20,6,0,6,26
07/17/2022,BFM,AL,ASO,CE,Federal Contract Tower,1,0,20,0,21,0,0,11,0,11,1,0,31,0,32,2,0,2,34
07/18/2022,BFM,AL,ASO,CE,Federal Contract Tower,3,2,18,23,46,0,5,24,31,60,3,7,42,54,106,30,174,204,310
07/19/2022,BFM,AL,ASO,CE,Federal Contract Tower,6,7,17,13,43,0,2,17,41,60,6,9,34,54,103,12,178,190,293
07/20/2022,BFM,AL,ASO,CE,Federal Contract Tower,10,4,14,11,39,0,2,8,16,26,10,6,22,27,65,12,78,90,155
07/21/2022,BFM,AL,ASO,CE,Federal Contract Tower,12,6,10,11,39,0,2,10,35,47,12,8,20,46,86,26,194,220,306
07/22/2022,BFM,AL,ASO,CE,Federal Contract Tower,9,4,5,9,27,0,0,5,9,14,9,4,10,18,41,10,72,82,123
07/23/2022,BFM,AL,ASO,CE,Federal Contract Tower,2,3,9,15,29,0,4,12,4,20,2,7,21,19,49,28,22,50,99
07/24/2022,BFM,AL,ASO,CE,Federal Contract Tower,1,0,14,4,19,0,0,3,0,3,1,0,17,4,22,0,0,0,22
07/25/2022,BFM,AL,ASO,CE,Federal Contract Tower,3,2,19,0,24,0,0,4,12,16,3,2,23,12,40,0,136,136,176
07/26/2022,BFM,AL,ASO,CE,Federal Contract Tower,6,6,10,35,57,0,2,9,31,42,6,8,19,66,99,18,164,182,281
07/27/2022,BFM,AL,ASO,CE,Federal Contract Tower,4,4,18,21,47,0,4,3,30,37,4,8,21,51,84,0,178,178,262
07/28/2022,BFM,AL,ASO,CE,Federal Contract Tower,8,6,13,19,46,0,4,8,25,37,8,10,21,44,83,0,150,150,233
07/29/2022,BFM,AL,ASO,CE,Federal Contract Tower,7,7,4,8,26,0,0,4,10,14,7,7,8,18,40,24,92,116,156
07/30/2022,BFM,AL,ASO,CE,Federal Contract Tower,6,4,4,0,14,0,0,5,0,5,6,4,9,0,19,12,0,12,31
07/31/2022,BFM,AL,ASO,CE,Federal Contract Tower,2,0,7,4,13,0,0,6,5,11,2,0,13,9,24,0,0,0,24
08/01/2022,BFM,AL,ASO,CE,Federal Contract Tower,6,2,4,4,16,0,2,5,9,16,6,4,9,13,32,0,58,58,90
08/02/2022,BFM,AL,ASO,CE,Federal Contract Tower,6,7,8,17,38,0,2,5,19,26,6,9,13,36,64,0,36,36,100
08/03/2022,BFM,AL,ASO,CE,Federal Contract Tower,6,5,13,18,42,0,1,17,34,52,6,6,30,52,94,14,220,234,328
08/04/2022,BFM,AL,ASO,CE,Federal Contract Tower,8,4,3,36,51,0,0,16,29,45,8,4,19,65,96,6,162,168,264
08/05/2022,BFM,AL,ASO,CE,Federal Contract Tower,9,2,16,25,52,0,3,7,15,25,9,5,23,40,77,0,48,48,125
08/06/2022,BFM,AL,ASO,CE,Federal Contract Tower,4,3,8,0,15,0,8,2,0,10,4,11,10,0,25,16,0,16,41
08/07/2022,BFM,AL,ASO,CE,Federal Contract Tower,1,0,2,6,9,0,0,4,2,6,1,0,6,8,15,8,0,8,23
08/08/2022,BFM,AL,ASO,CE,Federal Contract Tower,1,1,15,30,47,0,5,3,19,27,1,6,18,49,74,0,130,130,204
08/09/2022,BFM,AL,ASO,CE,Federal Contract Tower,8,3,10,72,93,0,0,9,42,51,8,3,19,114,144,10,186,196,340
08/10/2022,BFM,AL,ASO,CE,Federal Contract Tower,6,4,20,25,55,0,0,9,16,25,6,4,29,41,80,0,144,144,224
08/11/2022,BFM,AL,ASO,CE,Federal Contract Tower,6,6,16,13,41,0,0,12,29,41,6,6,28,42,82,4,146,150,232
08/12/2022,BFM,AL,ASO,CE,Federal Contract Tower,8,5,5,12,30,0,0,13,37,50,8,5,18,49,80,0,154,154,234
08/13/2022,BFM,AL,ASO,CE,Federal Contract Tower,4,2,13,0,19,0,0,15,9,24,4,2,28,9,43,4,32,36,79
08/14/2022,BFM,AL,ASO,CE,Federal Contract Tower,6,1,4,8,19,0,0,8,4,12,6,1,12,12,31,0,0,0,31
08/15/2022,BFM,AL,ASO,CE,Federal Contract Tower,2,3,11,32,48,0,4,18,40,62,2,7,29,72,110,0,162,162,272
08/16/2022,BFM,AL,ASO,CE,Federal Contract Tower,5,2,12,20,39,0,5,13,26,44,5,7,25,46,83,2,96,98,181
08/17/2022,BFM,AL,ASO,CE,Federal Contract Tower,12,2,16,12,42,0,4,15,51,70,12,6,31,63,112,6,186,192,304
08/18/2022,BFM,AL,ASO,CE,Federal Contract Tower,10,6,13,15,44,0,4,4,21,29,10,10,17,36,73,6,142,148,221
08/19/2022,BFM,AL,ASO,CE,Federal Contract Tower,6,7,14,12,39,0,0,13,14,27,6,7,27,26,66,60,54,114,180
08/20/2022,BFM,AL,ASO,CE,Federal Contract Tower,4,2,1,0,7,0,0,3,2,5,4,2,4,2,12,0,10,10,22
08/21/2022,BFM,AL,ASO,CE,Federal Contract Tower,1,0,6,0,7,0,3,3,1,7,1,3,9,1,14,6,0,6,20
08/22/2022,BFM,AL,ASO,CE,Federal Contract Tower,1,4,10,18,33,0,0,7,18,25,1,4,17,36,58,0,112,112,170
08/23/2022,BFM,AL,ASO,CE,Federal Contract Tower,6,5,10,11,32,0,7,9,12,28,6,12,19,23,60,4,52,56,116
08/24/2022,BFM,AL,ASO,CE,Federal Contract Tower,5,5,21,20,51,0,6,4,10,20,5,11,25,30,71,0,30,30,101
08/25/2022,BFM,AL,ASO,CE,Federal Contract Tower,8,6,23,0,37,0,0,0,1,1,8,6,23,1,38,0,0,0,38
08/26/2022,BFM,AL,ASO,CE,Federal Contract Tower,6,5,10,28,49,0,0,9,11,20,6,5,19,39,69,0,44,44,113
08/27/2022,BFM,AL,ASO,CE,Federal Contract Tower,2,12,11,10,35,0,2,4,2,8,2,14,15,12,43,0,4,4,47
08/28/2022,BFM,AL,ASO,CE,Federal Contract Tower,1,0,9,2,12,0,4,5,2,11,1,4,14,4,23,10,6,16,39
08/29/2022,BFM,AL,ASO,CE,Federal Contract Tower,3,4,18,23,48,0,6,15,47,68,3,10,33,70,116,8,188,196,312
08/30/2022,BFM,AL,ASO,CE,Federal Contract Tower,5,6,19,22,52,0,2,14,39,55,5,8,33,61,107,0,230,230,337
08/31/2022,BFM,AL,ASO,CE,Federal Contract Tower,6,7,33,55,101,0,6,16,12,34,6,13,49,67,135,0,54,54,189
09/01/2022,BFM,AL,ASO,CE,Federal Contract Tower,11,4,11,25,51,0,7,14,19,40,11,11,25,44,91,4,102,106,197
09/02/2022,BFM,AL,ASO,CE,Federal Contract Tower,5,7,13,22,47,0,5,24,1,30,5,12,37,23,77,20,0,20,97
09/03/2022,BFM,AL,ASO,CE,Federal Contract Tower,3,3,6,0,12,0,6,5,2,13,3,9,11,2,25,0,12,12,37
09/04/2022,BFM,AL,ASO,CE,Federal Contract Tower,1,3,8,0,12,0,1,8,0,9,1,4,16,0,21,8,0,8,29
09/05/2022,BFM,AL,ASO,CE,Federal Contract Tower,0,2,5,0,7,0,0,17,0,17,0,2,22,0,24,2,0,2,26
09/06/2022,BFM,AL,ASO,CE,Federal Contract Tower,4,5,17,50,76,0,4,10,45,59,4,9,27,95,135,8,198,206,341
09/07/2022,BFM,AL,ASO,CE,Federal Contract Tower,5,4,6,31,46,0,5,11,15,31,5,9,17,46,77,8,68,76,153
09/08/2022,BFM,AL,ASO,CE,Federal Contract Tower,5,7,12,22,46,0,4,11,10,25,5,11,23,32,71,14,64,78,149
09/09/2022,BFM,AL,ASO,CE,Federal Contract Tower,8,6,14,10,38,0,0,7,11,18,8,6,21,21,56,8,84,92,148
09/10/2022,BFM,AL,ASO,CE,Federal Contract Tower,2,3,3,7,15,0,0,16,6,22,2,3,19,13,37,10,20,30,67
09/11/2022,BFM,AL,ASO,CE,Federal Contract Tower,3,3,14,15,35,0,3,17,7,27,3,6,31,22,62,8,12,20,82
09/12/2022,BFM,AL,ASO,CE,Federal Contract Tower,3,3,21,67,94,0,3,8,50,61,3,6,29,117,155,6,228,234,389
09/13/2022,BFM,AL,ASO,CE,Federal Contract Tower,8,5,23,63,99,0,4,13,18,35,8,9,36,81,134,18,86,104,238
09/14/2022,BFM,AL,ASO,CE,Federal Contract Tower,5,8,23,53,89,0,2,16,27,45,5,10,39,80,134,0,84,84,218
09/15/2022,BFM,AL,ASO,CE,Federal Contract Tower,6,9,7,25,47,0,2,19,14,35,6,11,26,39,82,12,52,64,146
09/16/2022,BFM,AL,ASO,CE,Federal Contract Tower,8,7,13,23,51,0,1,12,24,37,8,8,25,47,88,2,106,108,196
09/17/2022,BFM,AL,ASO,CE,Federal Contract Tower,1,7,11,1,20,0,2,17,6,25,1,9,28,7,45,16,14,30,75
09/18/2022,BFM,AL,ASO,CE,Federal Contract Tower,5,6,7,12,30,0,0,6,4,10,5,6,13,16,40,0,10,10,50
09/19/2022,BFM,AL,ASO,CE,Federal Contract Tower,3,8,11,10,32,0,4,3,37,44,3,12,14,47,76,0,202,202,278
09/20/2022,BFM,AL,ASO,CE,Federal Contract Tower,3,4,14,64,85,0,5,12,19,36,3,9,26,83,121,16,122,138,259
09/21/2022,BFM,AL,ASO,CE,Federal Contract Tower,6,5,18,20,49,0,2,13,31,46,6,7,31,51,95,0,170,170,265
09/22/2022,BFM,AL,ASO,CE,Federal Contract Tower,9,7,21,26,63,0,0,21,25,46,9,7,42,51,109,0,144,144,253
09/23/2022,BFM,AL,ASO,CE,Federal Contract Tower,9,6,11,29,55,0,3,18,11,32,9,9,29,40,87,2,100,102,189
09/24/2022,BFM,AL,ASO,CE,Federal Contract Tower,2,3,8,5,18,0,2,10,8,20,2,5,18,13,38,0,0,0,38
09/25/2022,BFM,AL,ASO,CE,Federal Contract Tower,2,1,1,12,16,0,0,11,4,15,2,1,12,16,31,6,0,6,37
09/26/2022,BFM,AL,ASO,CE,Federal Contract Tower,1,2,13,26,42,0,3,6,24,33,1,5,19,50,75,14,126,140,215
09/27/2022,BFM,AL,ASO,CE,Federal Contract Tower,4,5,12,24,45,0,7,15,19,41,4,12,27,43,86,12,108,120,206
09/28/2022,BFM,AL,ASO,CE,Federal Contract Tower,15,4,16,10,45,0,3,8,9,20,15,7,24,19,65,0,92,92,157
09/29/2022,BFM,AL,ASO,CE,Federal Contract Tower,6,4,5,25,40,0,1,3,17,21,6,5,8,42,61,6,58,64,125
09/30/2022,BFM,AL,ASO,CE,Federal Contract Tower,4,9,11,31,55,0,4,17,26,47,4,13,28,57,102,10,102,112,214
10/01/2022,BFM,AL,ASO,CE,Federal Contract Tower,2,3,4,0,9,0,1,4,2,7,2,4,8,2,16,6,0,6,22
10/02/2022,BFM,AL,ASO,CE,Federal Contract Tower,1,1,12,6,20,0,3,14,2,19,1,4,26,8,39,0,8,8,47
10/03/2022,BFM,AL,ASO,CE,Federal Contract Tower,6,5,30,37,78,0,3,20,39,62,6,8,50,76,140,8,152,160,300
10/04/2022,BFM,AL,ASO,CE,Federal Contract Tower,6,8,14,27,55,0,6,19,25,50,6,14,33,52,105,0,122,122,227
10/05/2022,BFM,AL,ASO,CE,Federal Contract Tower,4,5,13,75,97,0,9,16,16,41,4,14,29,91,138,8,116,124,262
10/06/2022,BFM,AL,ASO,CE,Federal Contract Tower,9,3,24,27,63,0,4,16,8,28,9,7,40,35,91,0,22,22,113
10/07/2022,BFM,AL,ASO,CE,Federal Contract Tower,4,7,16,36,63,0,4,12,14,30,4,11,28,50,93,0,22,22,115
10/08/2022,BFM,AL,ASO,CE,Federal Contract Tower,4,2,6,0,12,0,6,18,0,24,4,8,24,0,36,0,0,0,36
10/09/2022,BFM,AL,ASO,CE,Federal Contract Tower,1,3,11,1,16,0,6,15,4,25,1,9,26,5,41,8,8,16,57
10/10/2022,BFM,AL,ASO,CE,Federal Contract Tower,1,9,12,2,24,0,2,9,3,14,1,11,21,5,38,0,6,6,44
10/11/2022,BFM,AL,ASO,CE,Federal Contract Tower,6,7,21,40,74,0,3,23,24,50,6,10,44,64,124,6,124,130,254
10/12/2022,BFM,AL,ASO,CE,Federal Contract Tower,10,8,16,21,55,0,1,2,13,16,10,9,18,34,71,0,130,130,201
10/13/2022,BFM,AL,ASO,CE,Federal Contract Tower,8,7,23,46,84,0,7,3,15,25,8,14,26,61,109,0,48,48,157
10/14/2022,BFM,AL,ASO,CE,Federal Contract Tower,8,9,12,25,54,0,0,14,18,32,8,9,26,43,86,0,78,78,164
10/15/2022,BFM,AL,ASO,CE,Federal Contract Tower,5,3,8,5,21,0,0,6,6,12,5,3,14,11,33,0,0,0,33
10/16/2022,BFM,AL,ASO,CE,Federal Contract Tower,4,2,10,17,33,0,1,10,7,18,4,3,20,24,51,6,0,6,57
10/17/2022,BFM,AL,ASO,CE,Federal Contract Tower,6,9,16,22,53,0,4,4,23,31,6,13,20,45,84,0,156,156,240
10/18/2022,BFM,AL,ASO,CE,Federal Contract Tower,9,5,21,50,85,0,4,15,37,56,9,9,36,87,141,0,166,166,307
10/19/2022,BFM,AL,ASO,CE,Federal Contract Tower,5,6,7,48,66,0,7,9,24,40,5,13,16,72,106,6,198,204,310
10/20/2022,BFM,AL,ASO,CE,Federal Contract Tower,8,5,22,30,65,0,2,14,27,43,8,7,36,57,108,16,106,122,230
10/21/2022,BFM,AL,ASO,CE,Federal Contract Tower,6,2,9,40,57,0,2,18,30,50,6,4,27,70,107,10,156,166,273
10/22/2022,BFM,AL,ASO,CE,Federal Contract Tower,3,2,5,6,16,0,0,12,1,13,3,2,17,7,29,18,0,18,47
10/23/2022,BFM,AL,ASO,CE,Federal Contract Tower,1,3,8,8,20,0,2,15,7,24,1,5,23,15,44,2,0,2,46
10/24/2022,BFM,AL,ASO,CE,Federal Contract Tower,1,7,29,51,88,0,4,6,25,35,1,11,35,76,123,0,108,108,231
10/25/2022,BFM,AL,ASO,CE,Federal Contract Tower,6,8,9,15,38,0,0,12,10,22,6,8,21,25,60,0,56,56,116
10/26/2022,BFM,AL,ASO,CE,Federal Contract Tower,10,5,18,64,97,0,5,20,28,53,10,10,38,92,150,22,142,164,314
10/27/2022,BFM,AL,ASO,CE,Federal Contract Tower,6,9,22,30,67,0,4,29,20,53,6,13,51,50,120,12,160,172,292
10/28/2022,BFM,AL,ASO,CE,Federal Contract Tower,12,5,26,51,94,0,2,8,13,23,12,7,34,64,117,8,42,50,167
10/29/2022,BFM,AL,ASO,CE,Federal Contract Tower,3,2,9,0,14,0,0,1,0,1,3,2,10,0,15,0,0,0,15
10/30/2022,BFM,AL,ASO,CE,Federal Contract Tower,2,4,15,12,33,0,2,0,0,2,2,6,15,12,35,0,0,0,35
10/31/2022,BFM,AL,ASO,CE,Federal Contract Tower,5,4,10,47,66,0,4,12,36,52,5,8,22,83,118,2,140,142,260
11/01/2022,BFM,AL,ASO,CE,Federal Contract Tower,7,5,19,38,69,0,2,10,26,38,7,7,29,64,107,10,138,148,255
11/02/2022,BFM,AL,ASO,CE,Federal Contract Tower,22,4,22,17,65,0,5,14,17,36,22,9,36,34,101,0,104,104,205
11/03/2022,BFM,AL,ASO,CE,Federal Contract Tower,10,9,16,26,61,0,4,16,28,48,10,13,32,54,109,0,196,196,305
11/04/2022,BFM,AL,ASO,CE,Federal Contract Tower,21,6,21,5,53,0,2,8,24,34,21,8,29,29,87,10,90,100,187
11/05/2022,BFM,AL,ASO,CE,Federal Contract Tower,3,2,3,4,12,0,0,6,4,10,3,2,9,8,22,0,0,0,22
11/06/2022,BFM,AL,ASO,CE,Federal Contract Tower,2,2,10,6,20,0,0,13,6,19,2,2,23,12,39,20,22,42,81
11/07/2022,BFM,AL,ASO,CE,Federal Contract Tower,1,6,19,12,38,0,2,10,36,48,1,8,29,48,86,8,204,212,298
11/08/2022,BFM,AL,ASO,CE,Federal Contract Tower,7,8,23,50,88,0,6,15,18,39,7,14,38,68,127,12,86,98,225
11/09/2022,BFM,AL,ASO,CE,Federal Contract Tower,14,5,18,62,99,0,5,6,20,31,14,10,24,82,130,4,68,72,202
11/10/2022,BFM,AL,ASO,CE,Federal Contract Tower,9,9,24,61,103,0,4,14,27,45,9,13,38,88,148,0,140,140,288
11/11/2022,BFM,AL,ASO,CE,Federal Contract Tower,6,5,21,8,40,0,0,10,14,24,6,5,31,22,64,14,14,28,92
11/12/2022,BFM,AL,ASO,CE,Federal Contract Tower,2,2,7,6,17,0,0,1,0,1,2,2,8,6,18,0,0,0,18
11/13/2022,BFM,AL,ASO,CE,Federal Contract Tower,9,3,8,4,24,0,4,6,1,11,9,7,14,5,35,0,0,0,35
11/14/2022,BFM,AL,ASO,CE,Federal Contract Tower,9,8,12,33,62,0,0,17,27,44,9,8,29,60,106,16,134,150,256
11/15/2022,BFM,AL,ASO,CE,Federal Contract Tower,4,8,13,62,87,0,1,0,6,7,4,9,13,68,94,0,28,28,122
11/16/2022,BFM,AL,ASO,CE,Federal Contract Tower,6,4,23,55,88,0,4,10,27,41,6,8,33,82,129,8,134,142,271
11/17/2022,BFM,AL,ASO,CE,Federal Contract Tower,8,6,25,39,78,0,2,23,11,36,8,8,48,50,114,24,72,96,210
11/18/2022,BFM,AL,ASO,CE,Federal Contract Tower,7,7,16,60,90,0,0,18,11,29,7,7,34,71,119,4,56,60,179
11/19/2022,BFM,AL,ASO,CE,Federal Contract Tower,6,2,9,5,22,0,0,19,0,19,6,2,28,5,41,16,0,16,57
11/20/2022,BFM,AL,ASO,CE,Federal Contract Tower,1,0,11,0,12,0,3,29,4,36,1,3,40,4,48,0,8,8,56
11/21/2022,BFM,AL,ASO,CE,Federal Contract Tower,3,2,14,60,79,0,0,13,15,28,3,2,27,75,107,14,74,88,195
11/22/2022,BFM,AL,ASO,CE,Federal Contract Tower,10,4,19,77,110,0,1,4,27,32,10,5,23,104,142,0,126,126,268
11/23/2022,BFM,AL,ASO,CE,Federal Contract Tower,4,11,12,17,44,0,2,13,10,25,4,13,25,27,69,20,60,80,149
11/24/2022,BFM,AL,ASO,CE,Federal Contract Tower,0,1,0,0,1,0,0,0,0,0,0,1,0,0,1,0,0,0,1
11/25/2022,BFM,AL,ASO,CE,Federal Contract Tower,6,5,8,0,19,0,0,0,0,0,6,5,8,0,19,0,0,0,19
11/26/2022,BFM,AL,ASO,CE,Federal Contract Tower,2,2,2,0,6,0,0,0,0,0,2,2,2,0,6,0,0,0,6
11/27/2022,BFM,AL,ASO,CE,Federal Contract Tower,5,3,3,0,11,0,0,8,0,8,5,3,11,0,19,16,0,16,35
11/28/2022,BFM,AL,ASO,CE,Federal Contract Tower,5,7,4,27,43,0,1,9,26,36,5,8,13,53,79,22,92,114,193
11/29/2022,BFM,AL,ASO,CE,Federal Contract Tower,7,5,12,3,27,0,2,1,8,11,7,7,13,11,38,0,20,20,58
11/30/2022,BFM,AL,ASO,CE,Federal Contract Tower,5,7,12,50,74,0,3,6,21,30,5,10,18,71,104,0,90,90,194
12/01/2022,BFM,AL,ASO,CE,Federal Contract Tower,9,4,17,69,99,0,2,11,19,32,9,6,28,88,131,2,84,86,217
12/02/2022,BFM,AL,ASO,CE,Federal Contract Tower,4,9,25,39,77,0,0,3,13,16,4,9,28,52,93,0,50,50,143
12/03/2022,BFM,AL,ASO,CE,Federal Contract Tower,4,6,7,4,21,0,0,4,2,6,4,6,11,6,27,18,6,24,51
12/04/2022,BFM,AL,ASO,CE,Federal Contract Tower,1,3,16,9,29,0,0,3,0,3,1,3,19,9,32,12,0,12,44
12/05/2022,BFM,AL,ASO,CE,Federal Contract Tower,5,4,12,12,33,0,0,0,0,0,5,4,12,12,33,0,0,0,33
12/06/2022,BFM,AL,ASO,CE,Federal Contract Tower,6,4,20,46,76,0,2,9,21,32,6,6,29,67,108,8,100,108,216
12/07/2022,BFM,AL,ASO,CE,Federal Contract Tower,6,14,20,40,80,0,2,11,10,23,6,16,31,50,103,0,34,34,137
12/08/2022,BFM,AL,ASO,CE,Federal Contract Tower,6,2,23,37,68,0,2,10,4,16,6,4,33,41,84,14,20,34,118
12/09/2022,BFM,AL,ASO,CE,Federal Contract Tower,11,7,17,16,51,0,0,2,0,2,11,7,19,16,53,14,0,14,67
12/10/2022,BFM,AL,ASO,CE,Federal Contract Tower,2,0,3,4,9,0,0,0,0,0,2,0,3,4,9,0,0,0,9
12/11/2022,BFM,AL,ASO,CE,Federal Contract Tower,1,1,3,3,8,0,0,0,0,0,1,1,3,3,8,0,0,0,8
12/12/2022,BFM,AL,ASO,CE,Federal Contract Tower,5,4,21,76,106,0,1,1,8,10,5,5,22,84,116,0,66,66,182
12/13/2022,BFM,AL,ASO,CE,Federal Contract Tower,7,8,27,33,75,0,2,2,3,7,7,10,29,36,82,0,12,12,94
12/14/2022,BFM,AL,ASO,CE,Federal Contract Tower,6,10,6,9,31,0,0,0,0,0,6,10,6,9,31,0,0,0,31
12/15/2022,BFM,AL,ASO,CE,Federal Contract Tower,8,10,34,42,94,0,8,26,13,47,8,18,60,55,141,28,58,86,227
12/16/2022,BFM,AL,ASO,CE,Federal Contract Tower,14,5,18,34,71,0,3,15,24,42,14,8,33,58,113,24,94,118,231
12/17/2022,BFM,AL,ASO,CE,Federal Contract Tower,5,3,4,6,18,0,3,3,3,9,5,6,7,9,27,0,12,12,39
12/18/2022,BFM,AL,ASO,CE,Federal Contract Tower,2,0,24,8,34,0,2,9,0,11,2,2,33,8,45,2,0,2,47
12/19/2022,BFM,AL,ASO,CE,Federal Contract Tower,6,9,19,18,52,0,0,2,12,14,6,9,21,30,66,0,48,48,114
12/20/2022,BFM,AL,ASO,CE,Federal Contract Tower,10,4,8,28,50,0,0,0,0,0,10,4,8,28,50,0,0,0,50
12/21/2022,BFM,AL,ASO,CE,Federal Contract Tower,7,5,4,20,36,0,0,2,0,2,7,5,6,20,38,0,0,0,38
12/22/2022,BFM,AL,ASO,CE,Federal Contract Tower,8,6,9,54,77,0,0,2,0,2,8,6,11,54,79,12,6,18,97
12/23/2022,BFM,AL,ASO,CE,Federal Contract Tower,3,8,9,0,20,0,1,4,0,5,3,9,13,0,25,0,0,0,25
12/24/2022,BFM,AL,ASO,CE,Federal Contract Tower,2,0,5,0,7,0,0,0,0,0,2,0,5,0,7,0,0,0,7
12/25/2022,BFM,AL,ASO,CE,Federal Contract Tower,0,0,1,0,1,0,0,2,0,2,0,0,3,0,3,2,0,2,5
12/26/2022,BFM,AL,ASO,CE,Federal Contract Tower,0,2,3,0,5,0,1,4,0,5,0,3,7,0,10,0,0,0,10
12/27/2022,BFM,AL,ASO,CE,Federal Contract Tower,6,5,16,12,39,0,0,19,14,33,6,5,35,26,72,10,28,38,110
12/28/2022,BFM,AL,ASO,CE,Federal Contract Tower,7,5,8,9,29,0,2,12,9,23,7,7,20,18,52,6,32,38,90
12/29/2022,BFM,AL,ASO,CE,Federal Contract Tower,5,5,2,16,28,0,0,16,19,35,5,5,18,35,63,36,74,110,173
12/30/2022,BFM,AL,ASO,CE,Federal Contract Tower,8,4,4,0,16,0,0,0,0,0,8,4,4,0,16,0,0,0,16
12/31/2022,BFM,AL,ASO,CE,Federal Contract Tower,3,1,3,0,7,0,0,0,0,0,3,1,3,0,7,0,0,0,7
01/01/2023,BFM,AL,ASO,CE,Federal Contract Tower,0,1,6,0,7,0,0,4,0,4,0,1,10,0,11,6,0,6,17
01/02/2023,BFM,AL,ASO,CE,Federal Contract Tower,1,5,8,0,14,0,0,0,0,0,1,5,8,0,14,0,0,0,14
01/03/2023,BFM,AL,ASO,CE,Federal Contract Tower,3,4,3,2,12,0,0,0,2,2,3,4,3,4,14,0,0,0,14
01/04/2023,BFM,AL,ASO,CE,Federal Contract Tower,5,11,17,56,89,0,4,13,45,62,5,15,30,101,151,10,180,190,341
01/05/2023,BFM,AL,ASO,CE,Federal Contract Tower,5,8,20,33,66,0,6,14,48,68,5,14,34,81,134,4,196,200,334
01/06/2023,BFM,AL,ASO,CE,Federal Contract Tower,8,5,14,69,96,0,0,25,29,54,8,5,39,98,150,30,126,156,306
01/07/2023,BFM,AL,ASO,CE,Federal Contract Tower,3,3,8,12,26,0,0,16,4,20,3,3,24,16,46,42,16,58,104
01/08/2023,BFM,AL,ASO,CE,Federal Contract Tower,1,5,7,8,21,0,0,4,2,6,1,5,11,10,27,4,4,8,35
01/09/2023,BFM,AL,ASO,CE,Federal Contract Tower,1,4,23,25,53,0,2,17,39,58,1,6,40,64,111,30,182,212,323
01/10/2023,BFM,AL,ASO,CE,Federal Contract Tower,6,9,7,99,121,0,2,28,37,67,6,11,35,136,188,16,208,224,412
01/11/2023,BFM,AL,ASO,CE,Federal Contract Tower,6,5,10,30,51,0,4,4,3,11,6,9,14,33,62,0,18,18,80
01/12/2023,BFM,AL,ASO,CE,Federal Contract Tower,6,7,23,4,40,0,2,4,15,21,6,9,27,19,61,2,106,108,169
01/13/2023,BFM,AL,ASO,CE,Federal Contract Tower,3,6,30,41,80,0,0,21,16,37,3,6,51,57,117,8,82,90,207
01/14/2023,BFM,AL,ASO,CE,Federal Contract Tower,2,2,15,0,19,0,0,17,2,19,2,2,32,2,38,22,18,40,78
01/15/2023,BFM,AL,ASO,CE,Federal Contract Tower,2,2,9,8,21,0,0,6,2,8,2,2,15,10,29,0,0,0,29
01/16/2023,BFM,AL,ASO,CE,Federal Contract Tower,4,6,11,3,24,0,1,7,0,8,4,7,18,3,32,10,0,10,42
01/17/2023,BFM,AL,ASO,CE,Federal Contract Tower,4,8,13,35,60,0,2,11,24,37,4,10,24,59,97,2,74,76,173
01/18/2023,BFM,AL,ASO,CE,Federal Contract Tower,4,7,12,73,96,0,4,2,27,33,4,11,14,100,129,0,172,172,301
01/19/2023,BFM,AL,ASO,CE,Federal Contract Tower,5,7,20,47,79,0,5,8,33,46,5,12,28,80,125,12,162,174,299
01/20/2023,BFM,AL,ASO,CE,Federal Contract Tower,4,10,35,63,112,0,0,24,26,50,4,10,59,89,162,14,174,188,350
01/21/2023,BFM,AL,ASO,CE,Federal Contract Tower,2,5,4,6,17,0,0,5,0,5,2,5,9,6,22,16,0,16,38
01/22/2023,BFM,AL,ASO,CE,Federal Contract Tower,3,1,8,4,16,0,0,1,0,1,3,1,9,4,17,0,0,0,17
01/23/2023,BFM,AL,ASO,CE,Federal Contract Tower,4,11,30,49,94,0,5,13,21,39,4,16,43,70,133,20,86,106,239
01/24/2023,BFM,AL,ASO,CE,Federal Contract Tower,4,9,20,45,78,0,1,5,13,19,4,10,25,58,97,0,82,82,179
01/25/2023,BFM,AL,ASO,CE,Federal Contract Tower,3,3,16,97,119,0,0,11,38,49,3,3,27,135,168,6,148,154,322
01/26/2023,BFM,AL,ASO,CE,Federal Contract Tower,4,10,13,35,62,0,3,6,40,49,4,13,19,75,111,4,150,154,265
01/27/2023,BFM,AL,ASO,CE,Federal Contract Tower,6,5,21,42,74,0,1,20,22,43,6,6,41,64,117,10,86,96,213
01/28/2023,BFM,AL,ASO,CE,Federal Contract Tower,4,3,4,6,17,0,1,16,2,19,4,4,20,8,36,8,8,16,52
01/29/2023,BFM,AL,ASO,CE,Federal Contract Tower,1,1,4,0,6,0,0,3,0,3,1,1,7,0,9,0,0,0,9
01/30/2023,BFM,AL,ASO,CE,Federal Contract Tower,2,4,19,42,67,0,0,0,6,6,2,4,19,48,73,0,32,32,105
01/31/2023,BFM,AL,ASO,CE,Federal Contract Tower,2,9,9,19,39,0,0,0,8,8,2,9,9,27,47,0,36,36,83
02/01/2023,BFM,AL,ASO,CE,Federal Contract Tower,3,11,16,61,91,0,0,0,2,2,3,11,16,63,93,0,18,18,111
02/02/2023,BFM,AL,ASO,CE,Federal Contract Tower,4,15,19,6,44,0,0,0,0,0,4,15,19,6,44,0,0,0,44
02/03/2023,BFM,AL,ASO,CE,Federal Contract Tower,4,10,16,36,66,0,2,11,29,42,4,12,27,65,108,30,132,162,270
02/04/2023,BFM,AL,ASO,CE,Federal Contract Tower,2,3,5,2,12,0,0,16,4,20,2,3,21,6,32,4,18,22,54
02/05/2023,BFM,AL,ASO,CE,Federal Contract Tower,0,3,8,1,12,0,0,10,6,16,0,3,18,7,28,6,36,42,70
02/06/2023,BFM,AL,ASO,CE,Federal Contract Tower,4,5,16,36,61,0,1,17,40,58,4,6,33,76,119,6,126,132,251
02/07/2023,BFM,AL,ASO,CE,Federal Contract Tower,8,6,22,37,73,0,2,10,24,36,8,8,32,61,109,6,216,222,331
02/08/2023,BFM,AL,ASO,CE,Federal Contract Tower,9,4,19,21,53,0,3,2,13,18,9,7,21,34,71,2,74,76,147
02/09/2023,BFM,AL,ASO,CE,Federal Contract Tower,7,6,23,11,47,0,0,0,0,0,7,6,23,11,47,0,0,0,47
02/10/2023,BFM,AL,ASO,CE,Federal Contract Tower,6,6,18,20,50,0,0,3,12,15,6,6,21,32,65,0,80,80,145
02/11/2023,BFM,AL,ASO,CE,Federal Contract Tower,2,3,5,0,10,0,0,0,0,0,2,3,5,0,10,0,0,0,10
02/12/2023,BFM,AL,ASO,CE,Federal Contract Tower,1,0,3,4,8,0,0,15,15,30,1,0,18,19,38,0,6,6,44
02/13/2023,BFM,AL,ASO,CE,Federal Contract Tower,1,4,19,34,58,0,0,23,37,60,1,4,42,71,118,26,180,206,324
02/14/2023,BFM,AL,ASO,CE,Federal Contract Tower,7,5,27,53,92,0,9,8,24,41,7,14,35,77,133,10,116,126,259
02/15/2023,BFM,AL,ASO,CE,Federal Contract Tower,8,7,15,35,65,0,1,9,32,42,8,8,24,67,107,10,206,216,323
02/16/2023,BFM,AL,ASO,CE,Federal Contract Tower,9,5,11,0,25,0,0,0,2,2,9,5,11,2,27,0,22,22,49
02/17/2023,BFM,AL,ASO,CE,Federal Contract Tower,9,9,40,24,82,0,3,6,6,15,9,12,46,30,97,0,52,52,149
02/18/2023,BFM,AL,ASO,CE,Federal Contract Tower,2,4,9,1,16,0,0,15,8,23,2,4,24,9,39,16,0,16,55
02/19/2023,BFM,AL,ASO,CE,Federal Contract Tower,6,2,19,4,31,0,0,23,0,23,6,2,42,4,54,12,0,12,66
02/20/2023,BFM,AL,ASO,CE,Federal Contract Tower,5,7,9,0,21,0,2,14,0,16,5,9,23,0,37,0,0,0,37
02/21/2023,BFM,AL,ASO,CE,Federal Contract Tower,12,11,22,42,87,0,0,2,14,16,12,11,24,56,103,2,120,122,225
02/22/2023,BFM,AL,ASO,CE,Federal Contract Tower,4,4,11,25,44,0,0,0,8,8,4,4,11,33,52,0,82,82,134
02/23/2023,BFM,AL,ASO,CE,Federal Contract Tower,13,4,15,39,71,0,0,0,8,8,13,4,15,47,79,0,62,62,141
02/24/2023,BFM,AL,ASO,CE,Federal Contract Tower,9,0,16,14,39,0,0,0,4,4,9,0,16,18,43,0,18,18,61
02/25/2023,BFM,AL,ASO,CE,Federal Contract Tower,2,5,9,8,24,0,0,4,10,14,2,5,13,18,38,0,40,40,78
02/26/2023,BFM,AL,ASO,CE,Federal Contract Tower,1,2,6,24,33,0,0,5,7,12,1,2,11,31,45,0,12,12,57
02/27/2023,BFM,AL,ASO,CE,Federal Contract Tower,3,6,11,16,36,0,0,5,25,30,3,6,16,41,66,2,190,192,258
02/28/2023,BFM,AL,ASO,CE,Federal Contract Tower,7,12,12,54,85,0,4,8,24,36,7,16,20,78,121,0,164,164,285
03/01/2023,BFM,AL,ASO,CE,Federal Contract Tower,5,3,20,42,70,0,3,6,27,36,5,6,26,69,106,0,142,142,248
03/02/2023,BFM,AL,ASO,CE,Federal Contract Tower,4,7,16,37,64,0,1,6,15,22,4,8,22,52,86,0,46,46,132
03/03/2023,BFM,AL,ASO,CE,Federal Contract Tower,9,9,16,23,57,0,0,9,4,13,9,9,25,27,70,0,40,40,110
03/04/2023,BFM,AL,ASO,CE,Federal Contract Tower,2,2,5,0,9,0,0,14,4,18,2,2,19,4,27,12,0,12,39
03/05/2023,BFM,AL,ASO,CE,Federal Contract Tower,2,0,3,4,9,0,0,16,4,20,2,0,19,8,29,16,20,36,65
03/06/2023,BFM,AL,ASO,CE,Federal Contract Tower,5,5,16,20,46,0,0,8,9,17,5,5,24,29,63,6,52,58,121
03/07/2023,BFM,AL,ASO,CE,Federal Contract Tower,4,10,16,51,81,0,0,8,63,71,4,10,24,114,152,14,348,362,514
03/08/2023,BFM,AL,ASO,CE,Federal Contract Tower,4,5,18,46,73,0,4,13,41,58,4,9,31,87,131,6,202,208,339
03/09/2023,BFM,AL,ASO,CE,Federal Contract Tower,8,5,12,9,34,0,2,6,12,20,8,7,18,21,54,2,88,90,144
03/10/2023,BFM,AL,ASO,CE,Federal Contract Tower,3,5,27,69,104,0,0,16,35,51,3,5,43,104,155,18,202,220,375
03/11/2023,BFM,AL,ASO,CE,Federal Contract Tower,3,2,11,4,20,0,0,6,3,9,3,2,17,7,29,0,0,0,29
03/12/2023,BFM,AL,ASO,CE,Federal Contract Tower,1,3,8,0,12,0,0,0,0,0,1,3,8,0,12,0,0,0,12
03/13/2023,BFM,AL,ASO,CE,Federal Contract Tower,3,3,16,78,100,0,6,7,27,40,3,9,23,105,140,0,148,148,288
03/14/2023,BFM,AL,ASO,CE,Federal Contract Tower,7,8,24,59,98,0,5,12,20,37,7,13,36,79,135,0,110,110,245
03/15/2023,BFM,AL,ASO,CE,Federal Contract Tower,6,9,27,34,76,0,2,27,21,50,6,11,54,55,126,2,144,146,272
03/16/2023,BFM,AL,ASO,CE,Federal Contract Tower,5,8,11,38,62,0,4,7,43,54,5,12,18,81,116,18,168,186,302
03/17/2023,BFM,AL,ASO,CE,Federal Contract Tower,5,4,2,7,18,0,2,2,12,16,5,6,4,19,34,0,64,64,98
03/18/2023,BFM,AL,ASO,CE,Federal Contract Tower,1,2,6,3,12,0,0,6,1,7,1,2,12,4,19,0,0,0,19
03/19/2023,BFM,AL,ASO,CE,Federal Contract Tower,3,0,12,16,31,0,2,11,7,20,3,2,23,23,51,12,6,18,69
03/20/2023,BFM,AL,ASO,CE,Federal Contract Tower,3,4,17,66,90,0,3,15,35,53,3,7,32,101,143,2,304,306,449
03/21/2023,BFM,AL,ASO,CE,Federal Contract Tower,7,5,21,35,68,0,3,7,36,46,7,8,28,71,114,8,124,132,246
03/22/2023,BFM,AL,ASO,CE,Federal Contract Tower,4,11,9,58,82,0,2,6,55,63,4,13,15,113,145,0,272,272,417
03/23/2023,BFM,AL,ASO,CE,Federal Contract Tower,6,7,17,39,69,0,4,3,26,33,6,11,20,65,102,0,154,154,256
03/24/2023,BFM,AL,ASO,CE,Federal Contract Tower,8,8,8,19,43,0,0,2,13,15,8,8,10,32,58,0,72,72,130
03/25/2023,BFM,AL,ASO,CE,Federal Contract Tower,2,3,4,6,15,0,0,0,0,0,2,3,4,6,15,0,0,0,15
03/26/2023,BFM,AL,ASO,CE,Federal Contract Tower,1,0,5,0,6,0,0,0,0,0,1,0,5,0,6,0,0,0,6
03/27/2023,BFM,AL,ASO,CE,Federal Contract Tower,4,1,16,15,36,0,0,0,9,9,4,1,16,24,45,0,32,32,77
03/28/2023,BFM,AL,ASO,CE,Federal Contract Tower,4,5,10,7,26,0,2,1,17,20,4,7,11,24,46,0,94,94,140
03/29/2023,BFM,AL,ASO,CE,Federal Contract Tower,9,10,15,27,61,0,5,15,42,62,9,15,30,69,123,0,322,322,445
03/30/2023,BFM,AL,ASO,CE,Federal Contract Tower,6,7,13,24,50,0,2,16,37,55,6,9,29,61,105,2,234,236,341
03/31/2023,BFM,AL,ASO,CE,Federal Contract Tower,8,6,6,41,61,0,4,3,17,24,8,10,9,58,85,0,64,64,149
04/01/2023,BFM,AL,ASO,CE,Federal Contract Tower,1,1,7,0,9,0,0,2,0,2,1,1,9,0,11,0,0,0,11
04/02/2023,BFM,AL,ASO,CE,Federal Contract Tower,2,8,7,15,32,0,0,20,6,26,2,8,27,21,58,40,0,40,98
04/03/2023,BFM,AL,ASO,CE,Federal Contract Tower,6,2,10,23,41,0,0,4,13,17,6,2,14,36,58,2,82,84,142
04/04/2023,BFM,AL,ASO,CE,Federal Contract Tower,8,4,15,28,55,0,0,0,0,0,8,4,15,28,55,0,0,0,55
04/05/2023,BFM,AL,ASO,CE,Federal Contract Tower,14,14,18,11,57,0,0,3,4,7,14,14,21,15,64,0,24,24,88
04/06/2023,BFM,AL,ASO,CE,Federal Contract Tower,9,5,28,11,53,0,0,12,34,46,9,5,40,45,99,28,176,204,303
04/07/2023,BFM,AL,ASO,CE,Federal Contract Tower,4,6,13,13,36,0,0,0,1,1,4,6,13,14,37,0,0,0,37
04/08/2023,BFM,AL,ASO,CE,Federal Contract Tower,11,3,10,0,24,0,0,0,0,0,11,3,10,0,24,0,0,0,24
04/09/2023,BFM,AL,ASO,CE,Federal Contract Tower,3,2,2,0,7,0,0,6,0,6,3,2,8,0,13,30,0,30,43
04/10/2023,BFM,AL,ASO,CE,Federal Contract Tower,4,2,16,48,70,0,2,13,20,35,4,4,29,68,105,10,126,136,241
04/11/2023,BFM,AL,ASO,CE,Federal Contract Tower,7,5,21,36,69,0,4,12,29,45,7,9,33,65,114,6,132,138,252
04/12/2023,BFM,AL,ASO,CE,Federal Contract Tower,8,8,19,9,44,0,4,8,11,23,8,12,27,20,67,0,50,50,117
04/13/2023,BFM,AL,ASO,CE,Federal Contract Tower,9,3,13,7,32,0,1,7,8,16,9,4,20,15,48,0,60,60,108
04/14/2023,BFM,AL,ASO,CE,Federal Contract Tower,13,11,22,46,92,0,4,15,14,33,13,15,37,60,125,22,68,90,215
04/15/2023,BFM,AL,ASO,CE,Federal Contract Tower,3,2,5,5,15,0,0,4,10,14,3,2,9,15,29,8,54,62,91
04/16/2023,BFM,AL,ASO,CE,Federal Contract Tower,1,2,22,16,41,0,21,8,2,31,1,23,30,18,72,30,20,50,122
04/17/2023,BFM,AL,ASO,CE,Federal Contract Tower,5,2,17,30,54,0,2,16,21,39,5,4,33,51,93,14,124,138,231
04/18/2023,BFM,AL,ASO,CE,Federal Contract Tower,6,7,27,39,79,0,8,14,24,46,6,15,41,63,125,6,112,118,243
04/19/2023,BFM,AL,ASO,CE,Federal Contract Tower,6,7,25,40,78,0,0,24,20,44,6,7,49,60,122,6,166,172,294
04/20/2023,BFM,AL,ASO,CE,Federal Contract Tower,16,2,16,37,71,0,2,26,32,60,16,4,42,69,131,18,142,160,291
04/21/2023,BFM,AL,ASO,CE,Federal Contract Tower,8,4,20,43,75,0,0,5,22,27,8,4,25,65,102,14,152,166,268
04/22/2023,BFM,AL,ASO,CE,Federal Contract Tower,3,2,1,0,6,0,1,13,0,14,3,3,14,0,20,6,0,6,26
04/23/2023,BFM,AL,ASO,CE,Federal Contract Tower,1,4,14,8,27,0,1,26,0,27,1,5,40,8,54,2,0,2,56
04/24/2023,BFM,AL,ASO,CE,Federal Contract Tower,10,3,12,111,136,0,1,9,17,27,10,4,21,128,163,0,178,178,341
04/25/2023,BFM,AL,ASO,CE,Federal Contract Tower,5,8,28,40,81,0,1,21,37,59,5,9,49,77,140,26,160,186,326
04/26/2023,BFM,AL,ASO,CE,Federal Contract Tower,8,6,17,75,106,0,2,21,37,60,8,8,38,112,166,2,198,200,366
04/27/2023,BFM,AL,ASO,CE,Federal Contract Tower,8,5,13,0,26,0,0,0,0,0,8,5,13,0,26,0,0,0,26
04/28/2023,BFM,AL,ASO,CE,Federal Contract Tower,6,7,18,54,85,0,2,10,26,38,6,9,28,80,123,14,122,136,259
04/29/2023,BFM,AL,ASO,CE,Federal Contract Tower,2,1,2,0,5,0,0,0,0,0,2,1,2,0,5,0,0,0,5
04/30/2023,BFM,AL,ASO,CE,Federal Contract Tower,1,3,5,10,19,0,2,5,4,11,1,5,10,14,30,0,24,24,54
05/01/2023,BFM,AL,ASO,CE,Federal Contract Tower,6,5,18,72,101,0,9,21,20,50,6,14,39,92,151,6,102,108,259
05/02/2023,BFM,AL,ASO,CE,Federal Contract Tower,4,7,12,65,88,0,4,13,25,42,4,11,25,90,130,6,156,162,292
05/03/2023,BFM,AL,ASO,CE,Federal Contract Tower,12,6,12,49,79,0,3,12,35,50,12,9,24,84,129,24,172,196,325
05/04/2023,BFM,AL,ASO,CE,Federal Contract Tower,8,8,28,35,79,0,5,17,33,55,8,13,45,68,134,10,246,256,390
05/05/2023,BFM,AL,ASO,CE,Federal Contract Tower,6,5,16,36,63,0,1,2,7,10,6,6,18,43,73,0,66,66,139
05/06/2023,BFM,AL,ASO,CE,Federal Contract Tower,3,4,9,0,16,0,0,0,0,0,3,4,9,0,16,0,0,0,16
05/07/2023,BFM,AL,ASO,CE,Federal Contract Tower,7,0,21,18,46,0,0,4,0,4,7,0,25,18,50,0,0,0,50
05/08/2023,BFM,AL,ASO,CE,Federal Contract Tower,4,4,14,19,41,0,1,0,4,5,4,5,14,23,46,0,38,38,84
05/09/2023,BFM,AL,ASO,CE,Federal Contract Tower,4,6,21,10,41,0,0,6,14,20,4,6,27,24,61,24,92,116,177
05/10/2023,BFM,AL,ASO,CE,Federal Contract Tower,11,12,17,26,66,0,14,15,23,52,11,26,32,49,118,50,116,166,284
05/11/2023,BFM,AL,ASO,CE,Federal Contract Tower,9,10,16,44,79,0,3,8,31,42,9,13,24,75,121,12,156,168,289
05/12/2023,BFM,AL,ASO,CE,Federal Contract Tower,3,5,9,42,59,0,1,20,22,43,3,6,29,64,102,42,106,148,250
05/13/2023,BFM,AL,ASO,CE,Federal Contract Tower,3,5,8,6,22,0,2,12,4,18,3,7,20,10,40,10,24,34,74
05/14/2023,BFM,AL,ASO,CE,Federal Contract Tower,3,0,4,12,19,0,1,6,0,7,3,1,10,12,26,2,0,2,28
05/15/2023,BFM,AL,ASO,CE,Federal Contract Tower,6,5,3,31,45,0,2,13,28,43,6,7,16,59,88,10,64,74,162
05/16/2023,BFM,AL,ASO,CE,Federal Contract Tower,4,6,19,46,75,0,2,5,22,29,4,8,24,68,104,0,108,108,212
05/17/2023,BFM,AL,ASO,CE,Federal Contract Tower,8,4,21,31,64,0,2,3,5,10,8,6,24,36,74,0,44,44,118
05/18/2023,BFM,AL,ASO,CE,Federal Contract Tower,9,7,19,56,91,0,2,9,17,28,9,9,28,73,119,4,78,82,201
05/19/2023,BFM,AL,ASO,CE,Federal Contract Tower,8,13,19,30,70,0,2,8,24,34,8,15,27,54,104,0,110,110,214
05/20/2023,BFM,AL,ASO,CE,Federal Contract Tower,2,2,5,0,9,0,2,9,5,16,2,4,14,5,25,0,30,30,55
05/21/2023,BFM,AL,ASO,CE,Federal Contract Tower,2,1,5,0,8,0,6,4,0,10,2,7,9,0,18,0,0,0,18
05/22/2023,BFM,AL,ASO,CE,Federal Contract Tower,7,8,14,43,72,0,1,11,21,33,7,9,25,64,105,6,110,116,221
05/23/2023,BFM,AL,ASO,CE,Federal Contract Tower,8,11,20,30,69,0,0,7,11,18,8,11,27,41,87,2,40,42,129
05/24/2023,BFM,AL,ASO,CE,Federal Contract Tower,8,7,14,66,95,0,2,1,5,8,8,9,15,71,103,0,42,42,145
05/25/2023,BFM,AL,ASO,CE,Federal Contract Tower,7,6,17,37,67,0,0,24,21,45,7,6,41,58,112,4,52,56,168
05/26/2023,BFM,AL,ASO,CE,Federal Contract Tower,4,7,12,40,63,0,2,17,1,20,4,9,29,41,83,38,0,38,121
05/27/2023,BFM,AL,ASO,CE,Federal Contract Tower,3,2,2,4,11,0,0,4,0,4,3,2,6,4,15,0,0,0,15
05/28/2023,BFM,AL,ASO,CE,Federal Contract Tower,1,0,3,0,4,0,2,15,4,21,1,2,18,4,25,14,0,14,39
05/29/2023,BFM,AL,ASO,CE,Federal Contract Tower,2,0,3,5,10,0,0,9,0,9,2,0,12,5,19,20,6,26,45
05/30/2023,BFM,AL,ASO,CE,Federal Contract Tower,8,3,11,26,48,0,0,17,17,34,8,3,28,43,82,12,90,102,184
05/31/2023,BFM,AL,ASO,CE,Federal Contract Tower,6,6,9,79,100,0,11,18,52,81,6,17,27,131,181,4,250,254,435
06/01/2023,BFM,AL,ASO,CE,Federal Contract Tower,10,7,11,28,56,0,0,2,25,27,10,7,13,53,83,0,184,184,267
06/02/2023,BFM,AL,ASO,CE,Federal Contract Tower,6,8,4,64,82,0,2,19,24,45,6,10,23,88,127,0,168,168,295
06/03/2023,BFM,AL,ASO,CE,Federal Contract Tower,3,4,16,0,23,0,0,8,0,8,3,4,24,0,31,4,0,4,35
06/04/2023,BFM,AL,ASO,CE,Federal Contract Tower,2,0,10,0,12,0,0,6,0,6,2,0,16,0,18,10,0,10,28
06/05/2023,BFM,AL,ASO,CE,Federal Contract Tower,6,5,13,21,45,0,2,15,11,28,6,7,28,32,73,16,50,66,139
06/06/2023,BFM,AL,ASO,CE,Federal Contract Tower,4,13,18,67,102,0,4,10,44,58,4,17,28,111,160,0,162,162,322
06/07/2023,BFM,AL,ASO,CE,Federal Contract Tower,9,11,18,33,71,0,4,13,18,35,9,15,31,51,106,8,46,54,160
06/08/2023,BFM,AL,ASO,CE,Federal Contract Tower,16,8,14,24,62,0,5,18,14,37,16,13,32,38,99,0,114,114,213
06/09/2023,BFM,AL,ASO,CE,Federal Contract Tower,9,8,18,33,68,0,6,7,21,34,9,14,25,54,102,0,124,124,226
06/10/2023,BFM,AL,ASO,CE,Federal Contract Tower,3,6,8,0,17,0,1,13,6,20,3,7,21,6,37,6,0,6,43
06/11/2023,BFM,AL,ASO,CE,Federal Contract Tower,5,3,4,5,17,0,3,6,0,9,5,6,10,5,26,14,0,14,40
06/12/2023,BFM,AL,ASO,CE,Federal Contract Tower,3,3,7,45,58,0,1,13,10,24,3,4,20,55,82,6,52,58,140
06/13/2023,BFM,AL,ASO,CE,Federal Contract Tower,6,5,14,20,45,0,2,9,25,36,6,7,23,45,81,8,90,98,179
06/14/2023,BFM,AL,ASO,CE,Federal Contract Tower,7,3,11,46,67,0,2,6,8,16,7,5,17,54,83,6,44,50,133
06/15/2023,BFM,AL,ASO,CE,Federal Contract Tower,9,7,16,7,39,0,1,1,12,14,9,8,17,19,53,6,14,20,73
06/16/2023,BFM,AL,ASO,CE,Federal Contract Tower,9,3,8,4,24,0,2,4,1,7,9,5,12,5,31,0,4,4,35
06/17/2023,BFM,AL,ASO,CE,Federal Contract Tower,5,4,5,0,14,0,0,1,0,1,5,4,6,0,15,0,0,0,15
06/18/2023,BFM,AL,ASO,CE,Federal Contract Tower,1,0,8,0,9,0,0,0,0,0,1,0,8,0,9,0,0,0,9
06/19/2023,BFM,AL,ASO,CE,Federal Contract Tower,1,6,3,0,10,0,0,3,0,3,1,6,6,0,13,6,0,6,19
06/20/2023,BFM,AL,ASO,CE,Federal Contract Tower,8,6,17,40,71,0,1,20,27,48,8,7,37,67,119,22,104,126,245
06/21/2023,BFM,AL,ASO,CE,Federal Contract Tower,8,7,19,22,56,0,2,8,22,32,8,9,27,44,88,0,50,50,138
06/22/2023,BFM,AL,ASO,CE,Federal Contract Tower,10,7,11,41,69,0,2,14,26,42,10,9,25,67,111,0,108,108,219
06/23/2023,BFM,AL,ASO,CE,Federal Contract Tower,9,7,9,78,103,0,0,15,17,32,9,7,24,95,135,18,134,152,287
06/24/2023,BFM,AL,ASO,CE,Federal Contract Tower,1,3,9,2,15,0,3,25,7,35,1,6,34,9,50,16,32,48,98
06/25/2023,BFM,AL,ASO,CE,Federal Contract Tower,1,0,5,12,18,0,2,14,2,18,1,2,19,14,36,2,0,2,38
06/26/2023,BFM,AL,ASO,CE,Federal Contract Tower,5,5,9,50,69,0,4,11,29,44,5,9,20,79,113,6,96,102,215
06/27/2023,BFM,AL,ASO,CE,Federal Contract Tower,7,12,8,50,77,0,4,9,24,37,7,16,17,74,114,12,94,106,220
06/28/2023,BFM,AL,ASO,CE,Federal Contract Tower,4,7,13,36,60,0,4,19,47,70,4,11,32,83,130,24,228,252,382
06/29/2023,BFM,AL,ASO,CE,Federal Contract Tower,17,3,14,51,85,0,2,13,19,34,17,5,27,70,119,2,58,60,179
06/30/2023,BFM,AL,ASO,CE,Federal Contract Tower,10,6,12,25,53,0,4,6,13,23,10,10,18,38,76,2,36,38,114
07/01/2023,BFM,AL,ASO,CE,Federal Contract Tower,3,5,8,0,16,0,0,5,4,9,3,5,13,4,25,4,0,4,29
07/02/2023,BFM,AL,ASO,CE,Federal Contract Tower,1,1,0,0,2,0,0,0,0,0,1,1,0,0,2,0,0,0,2
07/03/2023,BFM,AL,ASO,CE,Federal Contract Tower,1,2,5,8,16,0,0,16,0,16,1,2,21,8,32,20,0,20,52
07/04/2023,BFM,AL,ASO,CE,Federal Contract Tower,0,0,4,0,4,0,4,4,0,8,0,4,8,0,12,6,0,6,18
07/05/2023,BFM,AL,ASO,CE,Federal Contract Tower,8,6,8,9,31,0,0,6,9,15,8,6,14,18,46,26,18,44,90
07/06/2023,BFM,AL,ASO,CE,Federal Contract Tower,10,5,8,31,54,0,2,20,32,54,10,7,28,63,108,4,122,126,234
07/07/2023,BFM,AL,ASO,CE,Federal Contract Tower,7,6,5,47,65,0,6,23,24,53,7,12,28,71,118,16,170,186,304
07/08/2023,BFM,AL,ASO,CE,Federal Contract Tower,2,4,4,15,25,0,0,5,2,7,2,4,9,17,32,4,16,20,52
07/09/2023,BFM,AL,ASO,CE,Federal Contract Tower,1,0,7,2,10,0,2,2,0,4,1,2,9,2,14,2,0,2,16
07/10/2023,BFM,AL,ASO,CE,Federal Contract Tower,1,2,11,4,18,0,0,0,11,11,1,2,11,15,29,0,66,66,95
07/11/2023,BFM,AL,ASO,CE,Federal Contract Tower,4,8,13,17,42,0,0,14,8,22,4,8,27,25,64,0,42,42,106
07/12/2023,BFM,AL,ASO,CE,Federal Contract Tower,7,6,11,14,38,0,0,16,27,43,7,6,27,41,81,0,126,126,207
07/13/2023,BFM,AL,ASO,CE,Federal Contract Tower,9,6,22,14,51,0,0,3,18,21,9,6,25,32,72,18,124,142,214
07/14/2023,BFM,AL,ASO,CE,Federal Contract Tower,5,4,21,18,48,0,2,1,22,25,5,6,22,40,73,0,78,78,151
07/15/2023,BFM,AL,ASO,CE,Federal Contract Tower,3,0,8,20,31,0,0,10,1,11,3,0,18,21,42,14,0,14,56
07/16/2023,BFM,AL,ASO,CE,Federal Contract Tower,1,0,10,6,17,0,1,13,4,18,1,1,23,10,35,0,0,0,35
07/17/2023,BFM,AL,ASO,CE,Federal Contract Tower,3,2,4,45,54,0,2,16,19,37,3,4,20,64,91,6,88,94,185
07/18/2023,BFM,AL,ASO,CE,Federal Contract Tower,8,4,11,24,47,0,2,21,47,70,8,6,32,71,117,4,288,292,409
07/19/2023,BFM,AL,ASO,CE,Federal Contract Tower,13,10,21,55,99,0,4,10,35,49,13,14,31,90,148,20,286,306,454
07/20/2023,BFM,AL,ASO,CE,Federal Contract Tower,6,2,17,24,49,0,5,7,29,41,6,7,24,53,90,6,202,208,298
07/21/2023,BFM,AL,ASO,CE,Federal Contract Tower,7,4,15,4,30,0,3,12,28,43,7,7,27,32,73,0,180,180,253
07/22/2023,BFM,AL,ASO,CE,Federal Contract Tower,2,6,3,1,12,0,4,10,3,17,2,10,13,4,29,4,16,20,49
07/23/2023,BFM,AL,ASO,CE,Federal Contract Tower,1,0,0,22,23,0,0,4,1,5,1,0,4,23,28,2,0,2,30
07/24/2023,BFM,AL,ASO,CE,Federal Contract Tower,3,4,4,12,23,0,0,9,28,37,3,4,13,40,60,0,144,144,204
07/25/2023,BFM,AL,ASO,CE,Federal Contract Tower,8,7,14,48,77,0,6,11,22,39,8,13,25,70,116,10,148,158,274
07/26/2023,BFM,AL,ASO,CE,Federal Contract Tower,7,4,13,30,54,0,2,11,16,29,7,6,24,46,83,6,104,110,193
07/27/2023,BFM,AL,ASO,CE,Federal Contract Tower,10,9,19,24,62,0,2,10,29,41,10,11,29,53,103,22,150,172,275
07/28/2023,BFM,AL,ASO,CE,Federal Contract Tower,6,6,14,41,67,0,2,13,8,23,6,8,27,49,90,22,48,70,160
07/29/2023,BFM,AL,ASO,CE,Federal Contract Tower,2,2,1,0,5,0,0,9,2,11,2,2,10,2,16,0,0,0,16
07/30/2023,BFM,AL,ASO,CE,Federal Contract Tower,3,0,5,6,14,0,0,18,0,18,3,0,23,6,32,2,0,2,34
07/31/2023,BFM,AL,ASO,CE,Federal Contract Tower,4,10,27,21,62,0,11,14,25,50,4,21,41,46,112,22,136,158,270
08/01/2023,BFM,AL,ASO,CE,Federal Contract Tower,13,6,10,23,52,0,4,5,32,41,13,10,15,55,93,0,234,234,327
08/02/2023,BFM,AL,ASO,CE,Federal Contract Tower,7,6,18,36,67,0,3,13,13,29,7,9,31,49,96,0,102,102,198
08/03/2023,BFM,AL,ASO,CE,Federal Contract Tower,9,10,11,67,97,0,11,10,25,46,9,21,21,92,143,8,94,102,245
08/04/2023,BFM,AL,ASO,CE,Federal Contract Tower,10,4,9,39,62,0,5,8,18,31,10,9,17,57,93,4,94,98,191
08/05/2023,BFM,AL,ASO,CE,Federal Contract Tower,2,2,9,6,19,0,1,5,11,17,2,3,14,17,36,8,46,54,90
08/06/2023,BFM,AL,ASO,CE,Federal Contract Tower,2,2,7,6,17,0,1,8,2,11,2,3,15,8,28,8,2,10,38
08/07/2023,BFM,AL,ASO,CE,Federal Contract Tower,3,4,16,41,64,0,2,8,19,29,3,6,24,60,93,0,156,156,249
08/08/2023,BFM,AL,ASO,CE,Federal Contract Tower,6,9,22,30,67,0,2,11,19,32,6,11,33,49,99,14,116,130,229
08/09/2023,BFM,AL,ASO,CE,Federal Contract Tower,8,2,13,48,71,0,1,30,15,46,8,3,43,63,117,8,116,124,241
08/10/2023,BFM,AL,ASO,CE,Federal Contract Tower,8,6,18,19,51,0,5,20,22,47,8,11,38,41,98,10,146,156,254
08/11/2023,BFM,AL,ASO,CE,Federal Contract Tower,7,2,11,47,67,0,7,11,18,36,7,9,22,65,103,0,174,174,277
08/12/2023,BFM,AL,ASO,CE,Federal Contract Tower,2,2,6,0,10,0,3,17,2,22,2,5,23,2,32,4,6,10,42
08/13/2023,BFM,AL,ASO,CE,Federal Contract Tower,3,6,3,0,12,0,0,14,0,14,3,6,17,0,26,2,0,2,28
08/14/2023,BFM,AL,ASO,CE,Federal Contract Tower,5,2,19,41,67,0,3,16,21,40,5,5,35,62,107,12,112,124,231
08/15/2023,BFM,AL,ASO,CE,Federal Contract Tower,8,4,10,15,37,0,2,14,14,30,8,6,24,29,67,16,82,98,165
08/16/2023,BFM,AL,ASO,CE,Federal Contract Tower,9,9,21,28,67,0,2,22,25,49,9,11,43,53,116,34,158,192,308
08/17/2023,BFM,AL,ASO,CE,Federal Contract Tower,9,4,12,32,57,0,4,12,32,48,9,8,24,64,105,0,132,132,237
08/18/2023,BFM,AL,ASO,CE,Federal Contract Tower,8,5,5,29,47,0,4,5,24,33,8,9,10,53,80,0,200,200,280
08/19/2023,BFM,AL,ASO,CE,Federal Contract Tower,4,6,8,0,18,0,0,4,3,7,4,6,12,3,25,6,8,14,39
08/20/2023,BFM,AL,ASO,CE,Federal Contract Tower,1,0,7,14,22,0,2,8,0,10,1,2,15,14,32,12,0,12,44
08/21/2023,BFM,AL,ASO,CE,Federal Contract Tower,5,4,9,21,39,0,3,27,26,56,5,7,36,47,95,18,142,160,255
08/22/2023,BFM,AL,ASO,CE,Federal Contract Tower,8,6,12,49,75,0,2,14,32,48,8,8,26,81,123,6,132,138,261
08/23/2023,BFM,AL,ASO,CE,Federal Contract Tower,7,6,14,47,74,0,4,16,25,45,7,10,30,72,119,4,78,82,201
08/24/2023,BFM,AL,ASO,CE,Federal Contract Tower,8,6,19,23,56,0,2,4,22,28,8,8,23,45,84,0,174,174,258
08/25/2023,BFM,AL,ASO,CE,Federal Contract Tower,7,2,10,20,39,0,4,17,17,38,7,6,27,37,77,6,116,122,199
08/26/2023,BFM,AL,ASO,CE,Federal Contract Tower,4,0,8,8,20,0,0,7,0,7,4,0,15,8,27,14,0,14,41
08/27/2023,BFM,AL,ASO,CE,Federal Contract Tower,1,0,7,8,16,0,1,11,0,12,1,1,18,8,28,0,0,0,28
08/28/2023,BFM,AL,ASO,CE,Federal Contract Tower,2,4,14,8,28,0,2,6,10,18,2,6,20,18,46,4,42,46,92
08/29/2023,BFM,AL,ASO,CE,Federal Contract Tower,4,9,8,25,46,0,2,2,19,23,4,11,10,44,69,0,130,130,199
08/30/2023,BFM,AL,ASO,CE,Federal Contract Tower,4,4,22,55,85,0,2,7,35,44,4,6,29,90,129,4,148,152,281
08/31/2023,BFM,AL,ASO,CE,Federal Contract Tower,9,10,18,32,69,0,8,9,36,53,9,18,27,68,122,2,158,160,282
01/01/2020,BFM,AL,ASO,CE,Federal Contract Tower,1,2,2,0,5,0,0,10,0,10,1,2,12,0,15,10,0,10,25
01/02/2020,BFM,AL,ASO,CE,Federal Contract Tower,8,4,11,2,25,0,0,1,0,1,8,4,12,2,26,0,0,0,26
01/03/2020,BFM,AL,ASO,CE,Federal Contract Tower,7,4,6,1,18,0,0,0,1,1,7,4,6,2,19,0,20,20,39
01/04/2020,BFM,AL,ASO,CE,Federal Contract Tower,8,3,5,1,17,0,0,5,0,5,8,3,10,1,22,14,36,50,72
01/05/2020,BFM,AL,ASO,CE,Federal Contract Tower,1,2,11,11,25,0,0,14,12,26,1,2,25,23,51,10,108,118,169
01/06/2020,BFM,AL,ASO,CE,Federal Contract Tower,8,9,18,8,43,0,0,13,19,32,8,9,31,27,75,2,158,160,235
01/07/2020,BFM,AL,ASO,CE,Federal Contract Tower,12,8,18,38,76,0,1,10,30,41,12,9,28,68,117,0,184,184,301
01/08/2020,BFM,AL,ASO,CE,Federal Contract Tower,6,2,13,24,45,0,3,10,28,41,6,5,23,52,86,16,160,176,262
01/09/2020,BFM,AL,ASO,CE,Federal Contract Tower,5,4,21,19,49,0,1,16,30,47,5,5,37,49,96,16,184,200,296
01/10/2020,BFM,AL,ASO,CE,Federal Contract Tower,6,7,8,5,26,0,0,4,1,5,6,7,12,6,31,0,4,4,35
01/11/2020,BFM,AL,ASO,CE,Federal Contract Tower,3,1,1,0,5,0,0,0,0,0,3,1,1,0,5,0,0,0,5
01/12/2020,BFM,AL,ASO,CE,Federal Contract Tower,3,1,15,2,21,0,0,8,0,8,3,1,23,2,29,0,0,0,29
01/13/2020,BFM,AL,ASO,CE,Federal Contract Tower,4,2,7,0,13,0,0,0,0,0,4,2,7,0,13,0,0,0,13
01/14/2020,BFM,AL,ASO,CE,Federal Contract Tower,7,2,6,21,36,0,0,4,7,11,7,2,10,28,47,14,66,80,127
01/15/2020,BFM,AL,ASO,CE,Federal Contract Tower,12,2,22,7,43,0,0,4,5,9,12,2,26,12,52,0,56,56,108
01/16/2020,BFM,AL,ASO,CE,Federal Contract Tower,7,3,18,31,59,0,0,3,6,9,7,3,21,37,68,0,40,40,108
01/17/2020,BFM,AL,ASO,CE,Federal Contract Tower,8,4,16,6,34,0,2,9,26,37,8,6,25,32,71,16,188,204,275
01/18/2020,BFM,AL,ASO,CE,Federal Contract Tower,8,3,1,0,12,0,1,0,0,1,8,4,1,0,13,0,0,0,13
01/19/2020,BFM,AL,ASO,CE,Federal Contract Tower,5,0,2,0,7,0,0,22,5,27,5,0,24,5,34,4,32,36,70
01/20/2020,BFM,AL,ASO,CE,Federal Contract Tower,6,2,16,2,26,0,4,25,0,29,6,6,41,2,55,18,0,18,73
01/21/2020,BFM,AL,ASO,CE,Federal Contract Tower,5,17,31,29,82,0,4,13,18,35,5,21,44,47,117,12,130,142,259
01/22/2020,BFM,AL,ASO,CE,Federal Contract Tower,8,13,32,16,69,0,7,28,32,67,8,20,60,48,136,30,106,136,272
01/23/2020,BFM,AL,ASO,CE,Federal Contract Tower,10,17,19,4,50,0,0,0,6,6,10,17,19,10,56,0,62,62,118
01/24/2020,BFM,AL,ASO,CE,Federal Contract Tower,5,7,7,24,43,0,3,3,23,29,5,10,10,47,72,8,136,144,216
01/25/2020,BFM,AL,ASO,CE,Federal Contract Tower,8,3,7,0,18,0,1,5,6,12,8,4,12,6,30,16,14,30,60
01/26/2020,BFM,AL,ASO,CE,Federal Contract Tower,1,2,11,7,21,0,0,3,3,6,1,2,14,10,27,0,8,8,35
01/27/2020,BFM,AL,ASO,CE,Federal Contract Tower,6,5,15,57,83,0,0,1,12,13,6,5,16,69,96,0,68,68,164
01/28/2020,BFM,AL,ASO,CE,Federal Contract Tower,8,9,11,37,65,0,3,12,23,38,8,12,23,60,103,6,126,132,235
01/29/2020,BFM,AL,ASO,CE,Federal Contract Tower,7,6,17,42,72,0,0,3,2,5,7,6,20,44,77,0,34,34,111
01/30/2020,BFM,AL,ASO,CE,Federal Contract Tower,5,9,22,33,69,0,4,19,39,62,5,13,41,72,131,14,250,264,395
01/31/2020,BFM,AL,ASO,CE,Federal Contract Tower,7,4,11,26,48,0,0,0,0,0,7,4,11,26,48,0,0,0,48
02/01/2020,BFM,AL,ASO,CE,Federal Contract Tower,4,2,5,1,12,0,0,2,6,8,4,2,7,7,20,34,30,64,84
02/02/2020,BFM,AL,ASO,CE,Federal Contract Tower,3,2,6,0,11,0,6,11,7,24,3,8,17,7,35,26,80,106,141
02/03/2020,BFM,AL,ASO,CE,Federal Contract Tower,4,3,12,19,38,0,2,15,24,41,4,5,27,43,79,0,128,128,207
02/04/2020,BFM,AL,ASO,CE,Federal Contract Tower,6,10,17,36,69,0,3,4,20,27,6,13,21,56,96,2,112,114,210
02/05/2020,BFM,AL,ASO,CE,Federal Contract Tower,10,2,7,8,27,0,0,0,0,0,10,2,7,8,27,0,0,0,27
02/06/2020,BFM,AL,ASO,CE,Federal Contract Tower,16,4,6,12,38,0,0,0,1,1,16,4,6,13,39,0,22,22,61
02/07/2020,BFM,AL,ASO,CE,Federal Contract Tower,6,4,14,25,49,0,0,16,21,37,6,4,30,46,86,8,154,162,248
02/08/2020,BFM,AL,ASO,CE,Federal Contract Tower,3,3,2,0,8,0,0,11,1,12,3,3,13,1,20,6,6,12,32
02/09/2020,BFM,AL,ASO,CE,Federal Contract Tower,6,0,10,7,23,0,2,14,17,33,6,2,24,24,56,28,66,94,150
02/10/2020,BFM,AL,ASO,CE,Federal Contract Tower,10,2,6,32,50,0,0,2,1,3,10,2,8,33,53,0,30,30,83
02/11/2020,BFM,AL,ASO,CE,Federal Contract Tower,6,10,7,5,28,0,0,0,3,3,6,10,7,8,31,0,40,40,71
02/12/2020,BFM,AL,ASO,CE,Federal Contract Tower,5,1,19,2,27,0,0,0,0,0,5,1,19,2,27,0,0,0,27
02/13/2020,BFM,AL,ASO,CE,Federal Contract Tower,8,4,27,80,119,0,2,5,31,38,8,6,32,111,157,0,212,212,369
02/14/2020,BFM,AL,ASO,CE,Federal Contract Tower,6,9,15,15,45,0,5,23,28,56,6,14,38,43,101,20,236,256,357
02/15/2020,BFM,AL,ASO,CE,Federal Contract Tower,5,2,8,0,15,0,4,20,0,24,5,6,28,0,39,16,26,42,81
02/16/2020,BFM,AL,ASO,CE,Federal Contract Tower,2,0,24,1,27,0,0,0,0,0,2,0,24,1,27,0,0,0,27
02/17/2020,BFM,AL,ASO,CE,Federal Contract Tower,6,6,11,0,23,0,0,2,0,2,6,6,13,0,25,0,0,0,25
02/18/2020,BFM,AL,ASO,CE,Federal Contract Tower,6,3,5,0,14,0,0,0,0,0,6,3,5,0,14,0,0,0,14
02/19/2020,BFM,AL,ASO,CE,Federal Contract Tower,8,7,22,48,85,0,2,4,47,53,8,9,26,95,138,0,226,226,364
02/20/2020,BFM,AL,ASO,CE,Federal Contract Tower,9,5,6,0,20,0,0,0,0,0,9,5,6,0,20,0,0,0,20
02/21/2020,BFM,AL,ASO,CE,Federal Contract Tower,11,8,11,52,82,0,1,21,34,56,11,9,32,86,138,8,304,312,450
02/23/2020,BFM,AL,ASO,CE,Federal Contract Tower,1,1,13,6,21,0,7,30,6,43,1,8,43,12,64,14,60,74,138
02/24/2020,BFM,AL,ASO,CE,Federal Contract Tower,7,0,2,17,26,0,0,7,16,23,7,0,9,33,49,4,96,100,149
02/25/2020,BFM,AL,ASO,CE,Federal Contract Tower,7,9,11,43,70,0,0,5,24,29,7,9,16,67,99,0,154,154,253
02/26/2020,BFM,AL,ASO,CE,Federal Contract Tower,8,5,22,69,104,0,2,5,24,31,8,7,27,93,135,0,222,222,357
02/27/2020,BFM,AL,ASO,CE,Federal Contract Tower,7,22,44,39,112,0,0,21,33,54,7,22,65,72,166,0,186,186,352
02/28/2020,BFM,AL,ASO,CE,Federal Contract Tower,9,5,11,10,35,0,2,19,23,44,9,7,30,33,79,12,204,216,295
02/29/2020,BFM,AL,ASO,CE,Federal Contract Tower,2,0,3,3,8,0,5,13,6,24,2,5,16,9,32,0,26,26,58
03/01/2020,BFM,AL,ASO,CE,Federal Contract Tower,2,2,7,11,22,0,0,20,3,23,2,2,27,14,45,10,18,28,73
03/02/2020,BFM,AL,ASO,CE,Federal Contract Tower,7,2,10,27,46,0,7,8,8,23,7,9,18,35,69,4,134,138,207
03/03/2020,BFM,AL,ASO,CE,Federal Contract Tower,4,7,22,24,57,0,0,2,12,14,4,7,24,36,71,0,54,54,125
03/04/2020,BFM,AL,ASO,CE,Federal Contract Tower,12,4,9,0,25,0,0,0,0,0,12,4,9,0,25,0,0,0,25
03/05/2020,BFM,AL,ASO,CE,Federal Contract Tower,4,7,12,56,79,0,1,2,11,14,4,8,14,67,93,0,50,50,143
03/06/2020,BFM,AL,ASO,CE,Federal Contract Tower,9,7,21,19,56,0,1,18,37,56,9,8,39,56,112,14,170,184,296
03/07/2020,BFM,AL,ASO,CE,Federal Contract Tower,3,4,4,8,19,0,0,10,2,12,3,4,14,10,31,14,54,68,99
03/08/2020,BFM,AL,ASO,CE,Federal Contract Tower,2,2,13,5,22,0,1,28,6,35,2,3,41,11,57,20,12,32,89
03/09/2020,BFM,AL,ASO,CE,Federal Contract Tower,5,4,16,20,45,0,0,4,67,71,5,4,20,87,116,0,384,384,500
03/10/2020,BFM,AL,ASO,CE,Federal Contract Tower,8,7,13,25,53,0,0,3,25,28,8,7,16,50,81,0,176,176,257
03/11/2020,BFM,AL,ASO,CE,Federal Contract Tower,12,8,17,23,60,0,4,8,13,25,12,12,25,36,85,2,72,74,159
03/12/2020,BFM,AL,ASO,CE,Federal Contract Tower,5,4,8,21,38,0,2,10,16,28,5,6,18,37,66,0,132,132,198
03/13/2020,BFM,AL,ASO,CE,Federal Contract Tower,14,3,8,31,56,0,1,7,25,33,14,4,15,56,89,2,146,148,237
03/14/2020,BFM,AL,ASO,CE,Federal Contract Tower,1,0,2,6,9,0,2,2,2,6,1,2,4,8,15,26,48,74,89
03/15/2020,BFM,AL,ASO,CE,Federal Contract Tower,1,4,3,0,8,0,0,14,2,16,1,4,17,2,24,0,46,46,70
03/16/2020,BFM,AL,ASO,CE,Federal Contract Tower,8,2,13,29,52,0,1,3,18,22,8,3,16,47,74,0,100,100,174
03/17/2020,BFM,AL,ASO,CE,Federal Contract Tower,10,3,2,14,29,0,1,10,33,44,10,4,12,47,73,0,176,176,249
03/18/2020,BFM,AL,ASO,CE,Federal Contract Tower,12,4,1,27,44,0,2,6,8,16,12,6,7,35,60,0,60,60,120
03/19/2020,BFM,AL,ASO,CE,Federal Contract Tower,9,5,5,15,34,0,0,7,6,13,9,5,12,21,47,0,52,52,99
03/20/2020,BFM,AL,ASO,CE,Federal Contract Tower,8,8,3,24,43,0,0,7,22,29,8,8,10,46,72,0,164,164,236
03/21/2020,BFM,AL,ASO,CE,Federal Contract Tower,10,2,0,2,14,0,0,1,0,1,10,2,1,2,15,0,0,0,15
03/22/2020,BFM,AL,ASO,CE,Federal Contract Tower,3,0,2,6,11,0,2,4,2,8,3,2,6,8,19,0,14,14,33
03/23/2020,BFM,AL,ASO,CE,Federal Contract Tower,7,4,2,20,33,0,2,12,10,24,7,6,14,30,57,8,46,54,111
03/24/2020,BFM,AL,ASO,CE,Federal Contract Tower,4,4,3,19,30,0,0,12,12,24,4,4,15,31,54,30,68,98,152
03/25/2020,BFM,AL,ASO,CE,Federal Contract Tower,11,5,7,32,55,0,0,16,14,30,11,5,23,46,85,0,88,88,173
03/26/2020,BFM,AL,ASO,CE,Federal Contract Tower,12,2,10,6,30,0,0,13,13,26,12,2,23,19,56,4,82,86,142
03/27/2020,BFM,AL,ASO,CE,Federal Contract Tower,11,4,9,35,59,0,3,12,27,42,11,7,21,62,101,16,164,180,281
03/29/2020,BFM,AL,ASO,CE,Federal Contract Tower,1,0,5,6,12,0,2,7,5,14,1,2,12,11,26,6,38,44,70
03/30/2020,BFM,AL,ASO,CE,Federal Contract Tower,3,5,1,20,29,0,2,12,17,31,3,7,13,37,60,0,64,64,124
03/31/2020,BFM,AL,ASO,CE,Federal Contract Tower,5,6,0,21,32,0,0,4,2,6,5,6,4,23,38,0,14,14,52
04/01/2020,BFM,AL,ASO,CE,Federal Contract Tower,5,3,7,15,30,0,3,24,15,42,5,6,31,30,72,10,56,66,138
04/02/2020,BFM,AL,ASO,CE,Federal Contract Tower,6,4,7,13,30,0,1,11,24,36,6,5,18,37,66,0,118,118,184
04/03/2020,BFM,AL,ASO,CE,Federal Contract Tower,4,6,6,18,34,0,4,11,41,56,4,10,17,59,90,14,136,150,240
04/04/2020,BFM,AL,ASO,CE,Federal Contract Tower,2,2,0,0,4,0,0,5,0,5,2,2,5,0,9,30,0,30,39
04/05/2020,BFM,AL,ASO,CE,Federal Contract Tower,1,0,0,4,5,0,0,5,2,7,1,0,5,6,12,2,0,2,14
04/06/2020,BFM,AL,ASO,CE,Federal Contract Tower,1,3,4,16,24,0,0,2,13,15,1,3,6,29,39,0,42,42,81
04/07/2020,BFM,AL,ASO,CE,Federal Contract Tower,5,6,3,7,21,0,0,5,4,9,5,6,8,11,30,2,64,66,96
04/08/2020,BFM,AL,ASO,CE,Federal Contract Tower,7,8,4,7,26,0,0,1,19,20,7,8,5,26,46,0,104,104,150
04/09/2020,BFM,AL,ASO,CE,Federal Contract Tower,5,5,6,43,59,0,0,6,28,34,5,5,12,71,93,0,198,198,291
04/10/2020,BFM,AL,ASO,CE,Federal Contract Tower,6,4,4,31,45,0,1,15,10,26,6,5,19,41,71,22,74,96,167
04/11/2020,BFM,AL,ASO,CE,Federal Contract Tower,2,2,2,0,6,0,3,11,0,14,2,5,13,0,20,0,0,0,20
04/12/2020,BFM,AL,ASO,CE,Federal Contract Tower,1,0,0,0,1,0,0,0,0,0,1,0,0,0,1,0,0,0,1
04/13/2020,BFM,AL,ASO,CE,Federal Contract Tower,2,1,2,11,16,0,2,6,24,32,2,3,8,35,48,6,152,158,206
04/14/2020,BFM,AL,ASO,CE,Federal Contract Tower,4,4,4,33,45,0,7,9,23,39,4,11,13,56,84,2,124,126,210
04/15/2020,BFM,AL,ASO,CE,Federal Contract Tower,5,3,4,19,31,0,3,7,10,20,5,6,11,29,51,0,36,36,87
04/16/2020,BFM,AL,ASO,CE,Federal Contract Tower,4,3,6,9,22,0,1,21,18,40,4,4,27,27,62,40,112,152,214
04/17/2020,BFM,AL,ASO,CE,Federal Contract Tower,4,5,4,10,23,0,0,4,7,11,4,5,8,17,34,22,48,70,104
04/18/2020,BFM,AL,ASO,CE,Federal Contract Tower,2,2,2,0,6,0,0,4,4,8,2,2,6,4,14,0,12,12,26
04/19/2020,BFM,AL,ASO,CE,Federal Contract Tower,1,0,1,0,2,0,0,3,2,5,1,0,4,2,7,0,14,14,21
04/20/2020,BFM,AL,ASO,CE,Federal Contract Tower,2,2,7,14,25,0,1,11,29,41,2,3,18,43,66,6,162,168,234
04/21/2020,BFM,AL,ASO,CE,Federal Contract Tower,4,2,4,16,26,0,2,14,20,36,4,4,18,36,62,18,78,96,158
04/22/2020,BFM,AL,ASO,CE,Federal Contract Tower,10,6,7,4,27,0,2,14,25,41,10,8,21,29,68,10,72,82,150
04/23/2020,BFM,AL,ASO,CE,Federal Contract Tower,8,3,2,13,26,0,1,0,0,1,8,4,2,13,27,0,0,0,27
04/24/2020,BFM,AL,ASO,CE,Federal Contract Tower,6,5,12,5,28,0,0,17,17,34,6,5,29,22,62,12,60,72,134
04/25/2020,BFM,AL,ASO,CE,Federal Contract Tower,3,6,0,28,37,0,1,6,8,15,3,7,6,36,52,4,96,100,152
04/26/2020,BFM,AL,ASO,CE,Federal Contract Tower,3,0,2,0,5,0,0,10,6,16,3,0,12,6,21,10,8,18,39
04/27/2020,BFM,AL,ASO,CE,Federal Contract Tower,7,3,7,4,21,0,2,13,14,29,7,5,20,18,50,40,84,124,174
04/28/2020,BFM,AL,ASO,CE,Federal Contract Tower,6,2,13,19,40,0,0,13,26,39,6,2,26,45,79,0,118,118,197
04/29/2020,BFM,AL,ASO,CE,Federal Contract Tower,4,6,3,23,36,0,4,4,3,11,4,10,7,26,47,0,54,54,101
04/30/2020,BFM,AL,ASO,CE,Federal Contract Tower,3,4,9,36,52,0,3,24,35,62,3,7,33,71,114,10,126,136,250
05/01/2020,BFM,AL,ASO,CE,Federal Contract Tower,2,4,4,20,30,0,2,20,30,52,2,6,24,50,82,18,138,156,238
05/02/2020,BFM,AL,ASO,CE,Federal Contract Tower,2,2,1,0,5,0,2,8,4,14,2,4,9,4,19,2,14,16,35
05/03/2020,BFM,AL,ASO,CE,Federal Contract Tower,5,0,5,0,10,0,0,6,11,17,5,0,11,11,27,0,42,42,69
05/04/2020,BFM,AL,ASO,CE,Federal Contract Tower,1,0,8,12,21,0,1,8,10,19,1,1,16,22,40,0,84,84,124
05/05/2020,BFM,AL,ASO,CE,Federal Contract Tower,3,11,1,42,57,0,3,11,15,29,3,14,12,57,86,28,102,130,216
05/06/2020,BFM,AL,ASO,CE,Federal Contract Tower,15,4,8,34,61,0,0,16,31,47,15,4,24,65,108,2,90,92,200
05/07/2020,BFM,AL,ASO,CE,Federal Contract Tower,3,4,15,34,56,0,2,9,11,22,3,6,24,45,78,16,56,72,150
05/08/2020,BFM,AL,ASO,CE,Federal Contract Tower,6,4,8,24,42,0,1,2,25,28,6,5,10,49,70,0,56,56,126
05/09/2020,BFM,AL,ASO,CE,Federal Contract Tower,4,2,8,4,18,1,2,2,0,5,5,4,10,4,23,22,0,22,45
05/10/2020,BFM,AL,ASO,CE,Federal Contract Tower,1,0,2,2,5,0,1,7,3,11,1,1,9,5,16,4,12,16,32
05/11/2020,BFM,AL,ASO,CE,Federal Contract Tower,3,2,4,21,30,0,0,13,25,38,3,2,17,46,68,2,72,74,142
05/12/2020,BFM,AL,ASO,CE,Federal Contract Tower,4,3,9,39,55,0,3,16,28,47,4,6,25,67,102,10,138,148,250
05/13/2020,BFM,AL,ASO,CE,Federal Contract Tower,4,4,7,32,47,0,8,4,16,28,4,12,11,48,75,0,36,36,111
05/14/2020,BFM,AL,ASO,CE,Federal Contract Tower,7,4,19,15,45,0,6,14,20,40,7,10,33,35,85,0,74,74,159
05/15/2020,BFM,AL,ASO,CE,Federal Contract Tower,4,3,2,27,36,0,3,4,21,28,4,6,6,48,64,14,96,110,174
05/16/2020,BFM,AL,ASO,CE,Federal Contract Tower,4,2,6,3,15,0,0,7,1,8,4,2,13,4,23,8,64,72,95
05/17/2020,BFM,AL,ASO,CE,Federal Contract Tower,1,1,1,0,3,0,0,6,2,8,1,1,7,2,11,0,14,14,25
05/18/2020,BFM,AL,ASO,CE,Federal Contract Tower,4,3,11,17,35,0,2,11,7,20,4,5,22,24,55,0,72,72,127
05/19/2020,BFM,AL,ASO,CE,Federal Contract Tower,5,4,4,44,57,0,1,14,16,31,5,5,18,60,88,18,100,118,206
05/20/2020,BFM,AL,ASO,CE,Federal Contract Tower,6,7,11,6,30,0,0,3,8,11,6,7,14,14,41,0,64,64,105
05/21/2020,BFM,AL,ASO,CE,Federal Contract Tower,4,4,28,18,54,0,2,16,16,34,4,6,44,34,88,0,122,122,210
05/22/2020,BFM,AL,ASO,CE,Federal Contract Tower,6,5,11,0,22,0,0,8,2,10,6,5,19,2,32,14,10,24,56
05/23/2020,BFM,AL,ASO,CE,Federal Contract Tower,4,2,2,0,8,0,0,5,0,5,4,2,7,0,13,0,0,0,13
05/24/2020,BFM,AL,ASO,CE,Federal Contract Tower,1,0,0,2,3,0,1,12,3,16,1,1,12,5,19,34,0,34,53
05/25/2020,BFM,AL,ASO,CE,Federal Contract Tower,0,0,6,0,6,0,0,13,0,13,0,0,19,0,19,0,0,0,19
05/26/2020,BFM,AL,ASO,CE,Federal Contract Tower,1,6,7,10,24,0,1,2,0,3,1,7,9,10,27,0,0,0,27
05/27/2020,BFM,AL,ASO,CE,Federal Contract Tower,4,5,6,15,30,0,1,8,13,22,4,6,14,28,52,0,78,78,130
05/28/2020,BFM,AL,ASO,CE,Federal Contract Tower,6,4,12,18,40,0,2,13,29,44,6,6,25,47,84,18,88,106,190
05/29/2020,BFM,AL,ASO,CE,Federal Contract Tower,5,5,11,8,29,0,2,7,4,13,5,7,18,12,42,18,18,36,78
05/30/2020,BFM,AL,ASO,CE,Federal Contract Tower,6,2,4,0,12,0,0,9,1,10,6,2,13,1,22,6,20,26,48
05/31/2020,BFM,AL,ASO,CE,Federal Contract Tower,1,0,5,0,6,0,2,6,9,17,1,2,11,9,23,12,24,36,59
06/01/2020,BFM,AL,ASO,CE,Federal Contract Tower,1,0,15,23,39,0,1,14,22,37,1,1,29,45,76,6,118,124,200
06/02/2020,BFM,AL,ASO,CE,Federal Contract Tower,8,5,12,0,25,0,0,11,12,23,8,5,23,12,48,0,28,28,76
06/03/2020,BFM,AL,ASO,CE,Federal Contract Tower,4,2,9,24,39,0,1,5,19,25,4,3,14,43,64,0,56,56,120
06/04/2020,BFM,AL,ASO,CE,Federal Contract Tower,10,6,14,27,57,0,0,9,33,42,10,6,23,60,99,6,124,130,229
06/05/2020,BFM,AL,ASO,CE,Federal Contract Tower,6,4,8,21,39,0,6,21,29,56,6,10,29,50,95,32,98,130,225
06/06/2020,BFM,AL,ASO,CE,Federal Contract Tower,5,4,2,0,11,0,1,3,0,4,5,5,5,0,15,16,0,16,31
06/07/2020,BFM,AL,ASO,CE,Federal Contract Tower,0,0,1,0,1,0,0,0,0,0,0,0,1,0,1,0,0,0,1
06/08/2020,BFM,AL,ASO,CE,Federal Contract Tower,5,0,1,3,9,0,4,0,3,7,5,4,1,6,16,0,26,26,42
06/09/2020,BFM,AL,ASO,CE,Federal Contract Tower,8,7,7,6,28,0,0,5,4,9,8,7,12,10,37,0,20,20,57
06/10/2020,BFM,AL,ASO,CE,Federal Contract Tower,8,7,15,25,55,0,2,10,13,25,8,9,25,38,80,0,70,70,150
06/11/2020,BFM,AL,ASO,CE,Federal Contract Tower,5,3,8,81,97,0,0,18,27,45,5,3,26,108,142,12,142,154,296
06/12/2020,BFM,AL,ASO,CE,Federal Contract Tower,4,6,16,49,75,0,1,15,22,38,4,7,31,71,113,10,146,156,269
06/13/2020,BFM,AL,ASO,CE,Federal Contract Tower,3,4,2,1,10,0,1,9,4,14,3,5,11,5,24,26,28,54,78
06/14/2020,BFM,AL,ASO,CE,Federal Contract Tower,1,0,7,16,24,0,0,15,8,23,1,0,22,24,47,14,22,36,83
06/15/2020,BFM,AL,ASO,CE,Federal Contract Tower,4,3,5,51,63,0,4,16,35,55,4,7,21,86,118,6,146,152,270
06/16/2020,BFM,AL,ASO,CE,Federal Contract Tower,7,6,14,19,46,0,0,25,18,43,7,6,39,37,89,18,86,104,193
06/17/2020,BFM,AL,ASO,CE,Federal Contract Tower,5,5,9,20,39,0,0,19,19,38,5,5,28,39,77,32,106,138,215
06/18/2020,BFM,AL,ASO,CE,Federal Contract Tower,11,7,5,27,50,0,2,20,15,37,11,9,25,42,87,16,88,104,191
06/19/2020,BFM,AL,ASO,CE,Federal Contract Tower,5,4,3,19,31,0,0,27,16,43,5,4,30,35,74,30,38,68,142
06/20/2020,BFM,AL,ASO,CE,Federal Contract Tower,2,2,4,0,8,0,3,16,8,27,2,5,20,8,35,22,0,22,57
06/21/2020,BFM,AL,ASO,CE,Federal Contract Tower,3,0,1,6,10,0,0,12,0,12,3,0,13,6,22,4,0,4,26
06/22/2020,BFM,AL,ASO,CE,Federal Contract Tower,3,3,7,29,42,0,2,7,22,31,3,5,14,51,73,0,50,50,123
06/23/2020,BFM,AL,ASO,CE,Federal Contract Tower,5,3,7,4,19,0,4,9,10,23,5,7,16,14,42,0,48,48,90
06/24/2020,BFM,AL,ASO,CE,Federal Contract Tower,5,6,14,1,26,0,3,3,21,27,5,9,17,22,53,0,38,38,91
06/25/2020,BFM,AL,ASO,CE,Federal Contract Tower,13,4,12,13,42,0,0,11,8,19,13,4,23,21,61,6,88,94,155
06/26/2020,BFM,AL,ASO,CE,Federal Contract Tower,8,10,21,15,54,0,2,9,6,17,8,12,30,21,71,0,108,108,179
06/27/2020,BFM,AL,ASO,CE,Federal Contract Tower,3,4,14,0,21,0,2,20,10,32,3,6,34,10,53,28,26,54,107
06/28/2020,BFM,AL,ASO,CE,Federal Contract Tower,2,2,6,17,27,0,0,8,2,10,2,2,14,19,37,18,12,30,67
06/29/2020,BFM,AL,ASO,CE,Federal Contract Tower,6,4,8,4,22,0,0,0,9,9,6,4,8,13,31,0,38,38,69
06/30/2020,BFM,AL,ASO,CE,Federal Contract Tower,4,6,12,0,22,0,3,11,14,28,4,9,23,14,50,28,80,108,158
07/01/2020,BFM,AL,ASO,CE,Federal Contract Tower,5,5,12,8,30,0,0,17,7,24,5,5,29,15,54,20,32,52,106
07/02/2020,BFM,AL,ASO,CE,Federal Contract Tower,6,2,6,4,18,0,0,2,10,12,6,2,8,14,30,0,36,36,66
07/03/2020,BFM,AL,ASO,CE,Federal Contract Tower,4,4,6,0,14,0,0,6,0,6,4,4,12,0,20,12,0,12,32
07/04/2020,BFM,AL,ASO,CE,Federal Contract Tower,0,1,1,0,2,0,0,6,0,6,0,1,7,0,8,4,0,4,12
07/05/2020,BFM,AL,ASO,CE,Federal Contract Tower,1,0,1,0,2,0,2,5,0,7,1,2,6,0,9,10,0,10,19
07/06/2020,BFM,AL,ASO,CE,Federal Contract Tower,1,1,9,1,12,0,2,6,1,9,1,3,15,2,21,6,0,6,27
07/07/2020,BFM,AL,ASO,CE,Federal Contract Tower,5,4,8,5,22,0,0,8,10,18,5,4,16,15,40,0,38,38,78
07/08/2020,BFM,AL,ASO,CE,Federal Contract Tower,4,7,9,2,22,0,3,4,8,15,4,10,13,10,37,0,28,28,65
07/09/2020,BFM,AL,ASO,CE,Federal Contract Tower,4,9,10,43,66,0,2,11,10,23,4,11,21,53,89,8,72,80,169
07/10/2020,BFM,AL,ASO,CE,Federal Contract Tower,6,6,15,42,69,0,3,16,12,31,6,9,31,54,100,26,66,92,192
07/11/2020,BFM,AL,ASO,CE,Federal Contract Tower,7,2,4,5,18,0,6,15,1,22,7,8,19,6,40,0,126,126,166
07/12/2020,BFM,AL,ASO,CE,Federal Contract Tower,1,1,2,0,4,0,2,8,10,20,1,3,10,10,24,4,44,48,72
07/13/2020,BFM,AL,ASO,CE,Federal Contract Tower,5,4,12,5,26,0,2,10,13,25,5,6,22,18,51,14,68,82,133
07/14/2020,BFM,AL,ASO,CE,Federal Contract Tower,7,10,10,10,37,0,0,12,10,22,7,10,22,20,59,8,56,64,123
07/15/2020,BFM,AL,ASO,CE,Federal Contract Tower,9,10,8,7,34,0,1,8,8,17,9,11,16,15,51,10,22,32,83
07/16/2020,BFM,AL,ASO,CE,Federal Contract Tower,7,3,6,7,23,0,0,8,20,28,7,3,14,27,51,0,108,108,159
07/17/2020,BFM,AL,ASO,CE,Federal Contract Tower,9,6,6,33,54,0,3,28,17,48,9,9,34,50,102,14,84,98,200
07/18/2020,BFM,AL,ASO,CE,Federal Contract Tower,1,3,3,2,9,0,1,11,11,23,1,4,14,13,32,14,64,78,110
07/19/2020,BFM,AL,ASO,CE,Federal Contract Tower,1,0,3,10,14,0,0,7,4,11,1,0,10,14,25,0,20,20,45
07/20/2020,BFM,AL,ASO,CE,Federal Contract Tower,3,5,15,20,43,0,0,21,21,42,3,5,36,41,85,6,68,74,159
07/21/2020,BFM,AL,ASO,CE,Federal Contract Tower,12,7,9,7,35,0,1,10,8,19,12,8,19,15,54,8,40,48,102
07/22/2020,BFM,AL,ASO,CE,Federal Contract Tower,10,3,17,11,41,0,6,17,9,32,10,9,34,20,73,18,44,62,135
07/23/2020,BFM,AL,ASO,CE,Federal Contract Tower,7,4,16,2,29,0,1,12,14,27,7,5,28,16,56,4,142,146,202
07/24/2020,BFM,AL,ASO,CE,Federal Contract Tower,7,6,12,0,25,0,0,1,5,6,7,6,13,5,31,0,14,14,45
07/25/2020,BFM,AL,ASO,CE,Federal Contract Tower,4,2,2,0,8,0,0,4,4,8,4,2,6,4,16,0,22,22,38
07/26/2020,BFM,AL,ASO,CE,Federal Contract Tower,1,0,4,5,10,0,0,25,0,25,1,0,29,5,35,30,0,30,65
07/27/2020,BFM,AL,ASO,CE,Federal Contract Tower,3,5,9,11,28,0,0,2,11,13,3,5,11,22,41,8,50,58,99
07/28/2020,BFM,AL,ASO,CE,Federal Contract Tower,8,9,8,11,36,0,2,6,12,20,8,11,14,23,56,10,50,60,116
07/29/2020,BFM,AL,ASO,CE,Federal Contract Tower,6,7,7,24,44,0,0,7,18,25,6,7,14,42,69,4,68,72,141
07/30/2020,BFM,AL,ASO,CE,Federal Contract Tower,8,6,9,30,53,0,3,19,6,28,8,9,28,36,81,36,32,68,149
07/31/2020,BFM,AL,ASO,CE,Federal Contract Tower,8,5,9,14,36,0,0,21,19,40,8,5,30,33,76,26,142,168,244
08/01/2020,BFM,AL,ASO,CE,Federal Contract Tower,2,2,9,1,14,0,0,21,5,26,2,2,30,6,40,0,68,68,108
08/02/2020,BFM,AL,ASO,CE,Federal Contract Tower,1,0,4,0,5,0,0,9,4,13,1,0,13,4,18,0,0,0,18
08/03/2020,BFM,AL,ASO,CE,Federal Contract Tower,3,4,10,34,51,0,1,25,22,48,3,5,35,56,99,28,88,116,215
08/04/2020,BFM,AL,ASO,CE,Federal Contract Tower,9,7,7,18,41,0,3,12,18,33,9,10,19,36,74,6,86,92,166
08/05/2020,BFM,AL,ASO,CE,Federal Contract Tower,5,6,11,48,70,0,3,12,20,35,5,9,23,68,105,14,108,122,227
08/06/2020,BFM,AL,ASO,CE,Federal Contract Tower,7,5,19,15,46,0,4,29,23,56,7,9,48,38,102,24,96,120,222
08/07/2020,BFM,AL,ASO,CE,Federal Contract Tower,6,4,2,18,30,0,0,10,23,33,6,4,12,41,63,0,82,82,145
08/08/2020,BFM,AL,ASO,CE,Federal Contract Tower,6,2,1,2,11,0,2,9,8,19,6,4,10,10,30,14,28,42,72
08/09/2020,BFM,AL,ASO,CE,Federal Contract Tower,1,0,5,4,10,0,0,9,3,12,1,0,14,7,22,16,0,16,38
08/10/2020,BFM,AL,ASO,CE,Federal Contract Tower,11,2,11,19,43,0,4,8,19,31,11,6,19,38,74,0,44,44,118
08/11/2020,BFM,AL,ASO,CE,Federal Contract Tower,15,10,13,13,51,0,5,11,2,18,15,15,24,15,69,28,14,42,111
08/12/2020,BFM,AL,ASO,CE,Federal Contract Tower,6,4,14,13,37,0,1,9,7,17,6,5,23,20,54,16,30,46,100
08/13/2020,BFM,AL,ASO,CE,Federal Contract Tower,4,4,12,28,48,0,3,8,19,30,4,7,20,47,78,8,128,136,214
08/14/2020,BFM,AL,ASO,CE,Federal Contract Tower,9,5,6,0,20,0,1,9,13,23,9,6,15,13,43,0,102,102,145
08/15/2020,BFM,AL,ASO,CE,Federal Contract Tower,2,2,0,11,15,0,1,6,0,7,2,3,6,11,22,6,8,14,36
08/16/2020,BFM,AL,ASO,CE,Federal Contract Tower,7,0,11,18,36,0,0,6,5,11,7,0,17,23,47,14,24,38,85
08/17/2020,BFM,AL,ASO,CE,Federal Contract Tower,3,3,17,6,29,0,2,5,18,25,3,5,22,24,54,0,86,86,140
08/18/2020,BFM,AL,ASO,CE,Federal Contract Tower,4,6,16,7,33,0,2,17,12,31,4,8,33,19,64,2,46,48,112
08/19/2020,BFM,AL,ASO,CE,Federal Contract Tower,11,6,9,19,45,0,7,9,30,46,11,13,18,49,91,6,130,136,227
08/20/2020,BFM,AL,ASO,CE,Federal Contract Tower,4,5,13,13,35,0,0,7,7,14,4,5,20,20,49,6,28,34,83
08/21/2020,BFM,AL,ASO,CE,Federal Contract Tower,6,6,9,19,40,0,0,7,22,29,6,6,16,41,69,0,98,98,167
08/22/2020,BFM,AL,ASO,CE,Federal Contract Tower,3,2,4,2,11,0,1,10,8,19,3,3,14,10,30,16,26,42,72
08/23/2020,BFM,AL,ASO,CE,Federal Contract Tower,1,5,11,0,17,0,1,4,0,5,1,6,15,0,22,12,0,12,34
08/24/2020,BFM,AL,ASO,CE,Federal Contract Tower,4,4,2,4,14,0,0,1,3,4,4,4,3,7,18,0,14,14,32
08/25/2020,BFM,AL,ASO,CE,Federal Contract Tower,4,5,8,11,28,0,1,0,4,5,4,6,8,15,33,0,20,20,53
08/26/2020,BFM,AL,ASO,CE,Federal Contract Tower,4,8,10,6,28,0,0,1,18,19,4,8,11,24,47,0,56,56,103
08/27/2020,BFM,AL,ASO,CE,Federal Contract Tower,6,3,6,8,23,0,2,1,12,15,6,5,7,20,38,0,34,34,72
08/28/2020,BFM,AL,ASO,CE,Federal Contract Tower,8,7,9,6,30,0,2,7,15,24,8,9,16,21,54,0,70,70,124
08/29/2020,BFM,AL,ASO,CE,Federal Contract Tower,9,2,5,2,18,0,0,9,4,13,9,2,14,6,31,14,14,28,59
08/30/2020,BFM,AL,ASO,CE,Federal Contract Tower,2,1,1,6,10,0,2,1,7,10,2,3,2,13,20,0,22,22,42
08/31/2020,BFM,AL,ASO,CE,Federal Contract Tower,5,3,18,0,26,0,5,3,8,16,5,8,21,8,42,0,6,6,48
09/01/2020,BFM,AL,ASO,CE,Federal Contract Tower,10,10,10,8,38,0,1,6,33,40,10,11,16,41,78,20,106,126,204
09/02/2020,BFM,AL,ASO,CE,Federal Contract Tower,7,4,17,25,53,0,3,16,21,40,7,7,33,46,93,32,118,150,243
09/03/2020,BFM,AL,ASO,CE,Federal Contract Tower,7,7,14,14,42,0,4,21,12,37,7,11,35,26,79,34,50,84,163
09/04/2020,BFM,AL,ASO,CE,Federal Contract Tower,10,4,4,4,22,0,2,22,4,28,10,6,26,8,50,4,18,22,72
09/05/2020,BFM,AL,ASO,CE,Federal Contract Tower,2,2,2,0,6,0,0,6,0,6,2,2,8,0,12,22,0,22,34
09/06/2020,BFM,AL,ASO,CE,Federal Contract Tower,1,0,4,0,5,0,0,16,0,16,1,0,20,0,21,12,0,12,33
09/07/2020,BFM,AL,ASO,CE,Federal Contract Tower,0,2,9,0,11,0,1,14,0,15,0,3,23,0,26,20,0,20,46
09/08/2020,BFM,AL,ASO,CE,Federal Contract Tower,3,4,6,36,49,0,3,3,15,21,3,7,9,51,70,0,76,76,146
09/09/2020,BFM,AL,ASO,CE,Federal Contract Tower,5,6,16,25,52,0,1,28,20,49,5,7,44,45,101,40,106,146,247
09/10/2020,BFM,AL,ASO,CE,Federal Contract Tower,7,4,10,25,46,0,4,15,32,51,7,8,25,57,97,6,192,198,295
09/11/2020,BFM,AL,ASO,CE,Federal Contract Tower,4,5,12,10,31,0,0,11,16,27,4,5,23,26,58,0,92,92,150
09/12/2020,BFM,AL,ASO,CE,Federal Contract Tower,2,3,5,4,14,0,0,9,8,17,2,3,14,12,31,18,28,46,77
09/13/2020,BFM,AL,ASO,CE,Federal Contract Tower,1,0,4,0,5,0,0,5,0,5,1,0,9,0,10,4,0,4,14
09/14/2020,BFM,AL,ASO,CE,Federal Contract Tower,1,6,1,0,8,0,0,0,0,0,1,6,1,0,8,0,0,0,8
09/15/2020,BFM,AL,ASO,CE,Federal Contract Tower,0,0,0,0,0,0,0,0,0,0,0,0,0,0,0,0,0,0,0
09/16/2020,BFM,AL,ASO,CE,Federal Contract Tower,0,0,0,0,0,0,0,0,0,0,0,0,0,0,0,0,0,0,0
09/17/2020,BFM,AL,ASO,CE,Federal Contract Tower,2,3,19,2,26,0,8,13,2,23,2,11,32,4,49,0,8,8,57
09/18/2020,BFM,AL,ASO,CE,Federal Contract Tower,3,9,7,0,19,0,2,11,2,15,3,11,18,2,34,0,12,12,46
09/19/2020,BFM,AL,ASO,CE,Federal Contract Tower,6,2,3,0,11,0,0,2,0,2,6,2,5,0,13,0,0,0,13
09/20/2020,BFM,AL,ASO,CE,Federal Contract Tower,2,3,8,0,13,0,0,1,0,1,2,3,9,0,14,0,0,0,14
09/21/2020,BFM,AL,ASO,CE,Federal Contract Tower,5,1,6,0,12,0,2,3,4,9,5,3,9,4,21,0,50,50,71
09/22/2020,BFM,AL,ASO,CE,Federal Contract Tower,4,4,5,23,36,0,4,8,17,29,4,8,13,40,65,0,114,114,179
09/23/2020,BFM,AL,ASO,CE,Federal Contract Tower,6,4,8,13,31,0,1,5,14,20,6,5,13,27,51,2,96,98,149
09/24/2020,BFM,AL,ASO,CE,Federal Contract Tower,8,4,4,18,34,0,1,4,18,23,8,5,8,36,57,0,98,98,155
09/25/2020,BFM,AL,ASO,CE,Federal Contract Tower,7,4,16,37,64,0,4,21,17,42,7,8,37,54,106,12,128,140,246
09/27/2020,BFM,AL,ASO,CE,Federal Contract Tower,1,3,9,4,17,0,2,12,1,15,1,5,21,5,32,10,0,10,42
09/28/2020,BFM,AL,ASO,CE,Federal Contract Tower,4,2,15,20,41,0,0,5,22,27,4,2,20,42,68,0,86,86,154
09/29/2020,BFM,AL,ASO,CE,Federal Contract Tower,6,5,19,57,87,0,2,12,22,36,6,7,31,79,123,2,102,104,227
09/30/2020,BFM,AL,ASO,CE,Federal Contract Tower,8,5,19,31,63,0,5,26,20,51,8,10,45,51,114,34,158,192,306
10/01/2020,BFM,AL,ASO,CE,Federal Contract Tower,9,6,16,19,50,0,2,18,29,49,9,8,34,48,99,44,82,126,225
10/02/2020,BFM,AL,ASO,CE,Federal Contract Tower,6,4,18,34,62,0,4,20,15,39,6,8,38,49,101,22,80,102,203
10/03/2020,BFM,AL,ASO,CE,Federal Contract Tower,3,3,6,0,12,0,0,16,6,22,3,3,22,6,34,18,0,18,52
10/04/2020,BFM,AL,ASO,CE,Federal Contract Tower,3,1,4,7,15,0,4,22,10,36,3,5,26,17,51,18,48,66,117
10/05/2020,BFM,AL,ASO,CE,Federal Contract Tower,10,1,11,22,44,0,3,13,12,28,10,4,24,34,72,16,46,62,134
10/06/2020,BFM,AL,ASO,CE,Federal Contract Tower,6,3,9,14,32,0,2,5,8,15,6,5,14,22,47,0,66,66,113
10/07/2020,BFM,AL,ASO,CE,Federal Contract Tower,4,7,18,22,51,0,1,11,11,23,4,8,29,33,74,16,32,48,122
10/08/2020,BFM,AL,ASO,CE,Federal Contract Tower,5,5,11,0,21,0,2,8,0,10,5,7,19,0,31,0,0,0,31
10/09/2020,BFM,AL,ASO,CE,Federal Contract Tower,4,4,5,0,13,0,6,2,0,8,4,10,7,0,21,0,0,0,21
10/10/2020,BFM,AL,ASO,CE,Federal Contract Tower,2,2,1,0,5,0,1,3,2,6,2,3,4,2,11,0,0,0,11
10/11/2020,BFM,AL,ASO,CE,Federal Contract Tower,1,0,7,0,8,0,1,6,0,7,1,1,13,0,15,0,0,0,15
10/12/2020,BFM,AL,ASO,CE,Federal Contract Tower,5,3,11,0,19,0,3,18,1,22,5,6,29,1,41,10,0,10,51
10/13/2020,BFM,AL,ASO,CE,Federal Contract Tower,4,5,28,15,52,0,11,10,26,47,4,16,38,41,99,0,120,120,219
10/14/2020,BFM,AL,ASO,CE,Federal Contract Tower,4,8,12,30,54,0,0,24,17,41,4,8,36,47,95,12,80,92,187
10/15/2020,BFM,AL,ASO,CE,Federal Contract Tower,6,4,6,8,24,0,4,17,19,40,6,8,23,27,64,44,86,130,194
10/16/2020,BFM,AL,ASO,CE,Federal Contract Tower,10,6,14,41,71,0,2,13,12,27,10,8,27,53,98,8,104,112,210
10/17/2020,BFM,AL,ASO,CE,Federal Contract Tower,11,1,4,0,16,0,0,5,11,16,11,1,9,11,32,8,38,46,78
10/18/2020,BFM,AL,ASO,CE,Federal Contract Tower,1,0,8,0,9,0,1,8,1,10,1,1,16,1,19,0,0,0,19
10/19/2020,BFM,AL,ASO,CE,Federal Contract Tower,1,2,9,19,31,0,6,6,40,52,1,8,15,59,83,26,152,178,261
10/20/2020,BFM,AL,ASO,CE,Federal Contract Tower,5,6,21,35,67,0,1,9,34,44,5,7,30,69,111,12,138,150,261
10/21/2020,BFM,AL,ASO,CE,Federal Contract Tower,6,5,15,40,66,0,2,6,32,40,6,7,21,72,106,8,186,194,300
10/22/2020,BFM,AL,ASO,CE,Federal Contract Tower,4,5,11,22,42,0,1,7,6,14,4,6,18,28,56,0,42,42,98
10/23/2020,BFM,AL,ASO,CE,Federal Contract Tower,7,10,12,10,39,0,4,2,22,28,7,14,14,32,67,0,126,126,193
10/24/2020,BFM,AL,ASO,CE,Federal Contract Tower,4,2,2,0,8,0,2,2,0,4,4,4,4,0,12,0,0,0,12
10/25/2020,BFM,AL,ASO,CE,Federal Contract Tower,2,0,7,4,13,0,2,3,0,5,2,2,10,4,18,6,0,6,24
10/26/2020,BFM,AL,ASO,CE,Federal Contract Tower,2,5,9,10,26,0,3,12,4,19,2,8,21,14,45,6,20,26,71
10/27/2020,BFM,AL,ASO,CE,Federal Contract Tower,5,7,12,9,33,0,0,2,2,4,5,7,14,11,37,0,18,18,55
10/28/2020,BFM,AL,ASO,CE,Federal Contract Tower,4,2,3,0,9,0,0,0,0,0,4,2,3,0,9,0,0,0,9
10/29/2020,BFM,AL,ASO,CE,Federal Contract Tower,6,2,4,0,12,0,2,0,3,5,6,4,4,3,17,0,0,0,17
10/30/2020,BFM,AL,ASO,CE,Federal Contract Tower,6,6,7,10,29,0,2,8,14,24,6,8,15,24,53,0,126,126,179
10/31/2020,BFM,AL,ASO,CE,Federal Contract Tower,2,2,4,0,8,0,0,14,2,16,2,2,18,2,24,0,34,34,58
11/01/2020,BFM,AL,ASO,CE,Federal Contract Tower,1,0,7,0,8,0,2,9,2,13,1,2,16,2,21,46,10,56,77
11/02/2020,BFM,AL,ASO,CE,Federal Contract Tower,2,3,7,47,59,0,4,6,12,22,2,7,13,59,81,8,114,122,203
11/03/2020,BFM,AL,ASO,CE,Federal Contract Tower,4,6,14,16,40,0,1,10,10,21,4,7,24,26,61,0,26,26,87
11/04/2020,BFM,AL,ASO,CE,Federal Contract Tower,9,4,10,19,42,0,2,13,15,30,9,6,23,34,72,6,48,54,126
11/05/2020,BFM,AL,ASO,CE,Federal Contract Tower,6,6,21,3,36,0,8,17,23,48,6,14,38,26,84,34,112,146,230
11/06/2020,BFM,AL,ASO,CE,Federal Contract Tower,6,12,21,34,73,0,5,27,20,52,6,17,48,54,125,30,74,104,229
11/07/2020,BFM,AL,ASO,CE,Federal Contract Tower,2,2,2,0,6,0,4,13,3,20,2,6,15,3,26,16,50,66,92
11/08/2020,BFM,AL,ASO,CE,Federal Contract Tower,1,0,8,9,18,0,2,14,10,26,1,2,22,19,44,4,34,38,82
11/09/2020,BFM,AL,ASO,CE,Federal Contract Tower,3,2,14,19,38,0,4,6,36,46,3,6,20,55,84,0,112,112,196
11/10/2020,BFM,AL,ASO,CE,Federal Contract Tower,4,4,7,7,22,0,0,4,14,18,4,4,11,21,40,0,52,52,92
11/11/2020,BFM,AL,ASO,CE,Federal Contract Tower,8,6,16,0,30,0,2,4,3,9,8,8,20,3,39,0,10,10,49
11/12/2020,BFM,AL,ASO,CE,Federal Contract Tower,5,8,14,49,76,0,4,10,11,25,5,12,24,60,101,12,68,80,181
11/13/2020,BFM,AL,ASO,CE,Federal Contract Tower,4,7,9,58,78,0,0,9,41,50,4,7,18,99,128,4,194,198,326
11/14/2020,BFM,AL,ASO,CE,Federal Contract Tower,7,3,5,3,18,0,0,17,5,22,7,3,22,8,40,14,54,68,108
11/15/2020,BFM,AL,ASO,CE,Federal Contract Tower,4,1,18,17,40,0,0,17,1,18,4,1,35,18,58,28,16,44,102
11/16/2020,BFM,AL,ASO,CE,Federal Contract Tower,2,10,7,36,55,0,0,13,50,63,2,10,20,86,118,10,310,320,438
11/17/2020,BFM,AL,ASO,CE,Federal Contract Tower,9,5,10,29,53,0,3,12,55,70,9,8,22,84,123,2,208,210,333
11/18/2020,BFM,AL,ASO,CE,Federal Contract Tower,4,9,17,19,49,0,3,14,39,56,4,12,31,58,105,0,298,298,403
11/19/2020,BFM,AL,ASO,CE,Federal Contract Tower,6,4,13,26,49,0,0,12,24,36,6,4,25,50,85,6,128,134,219
11/20/2020,BFM,AL,ASO,CE,Federal Contract Tower,5,6,15,13,39,0,1,13,18,32,5,7,28,31,71,10,86,96,167
11/21/2020,BFM,AL,ASO,CE,Federal Contract Tower,2,2,4,2,10,0,11,18,11,40,2,13,22,13,50,46,178,224,274
11/22/2020,BFM,AL,ASO,CE,Federal Contract Tower,0,1,7,14,22,0,0,9,8,17,0,1,16,22,39,6,30,36,75
11/23/2020,BFM,AL,ASO,CE,Federal Contract Tower,3,7,10,31,51,0,0,3,15,18,3,7,13,46,69,2,84,86,155
11/24/2020,BFM,AL,ASO,CE,Federal Contract Tower,6,11,1,24,42,0,6,11,31,48,6,17,12,55,90,16,246,262,352
11/25/2020,BFM,AL,ASO,CE,Federal Contract Tower,4,3,12,6,25,0,2,6,7,15,4,5,18,13,40,6,34,40,80
11/26/2020,BFM,AL,ASO,CE,Federal Contract Tower,0,0,1,0,1,0,0,0,0,0,0,0,1,0,1,0,0,0,1
11/27/2020,BFM,AL,ASO,CE,Federal Contract Tower,4,2,15,0,21,0,0,2,0,2,4,2,17,0,23,0,0,0,23
11/28/2020,BFM,AL,ASO,CE,Federal Contract Tower,4,3,9,0,16,0,2,6,0,8,4,5,15,0,24,4,0,4,28
11/29/2020,BFM,AL,ASO,CE,Federal Contract Tower,0,1,5,0,6,0,0,0,0,0,0,1,5,0,6,0,0,0,6
11/30/2020,BFM,AL,ASO,CE,Federal Contract Tower,1,5,11,87,104,0,3,6,34,43,1,8,17,121,147,6,196,202,349
12/01/2020,BFM,AL,ASO,CE,Federal Contract Tower,8,6,22,51,87,0,6,14,33,53,8,12,36,84,140,2,184,186,326
12/02/2020,BFM,AL,ASO,CE,Federal Contract Tower,7,6,32,31,76,0,5,28,25,58,7,11,60,56,134,18,126,144,278
12/03/2020,BFM,AL,ASO,CE,Federal Contract Tower,8,4,18,12,42,0,3,12,20,35,8,7,30,32,77,18,116,134,211
12/04/2020,BFM,AL,ASO,CE,Federal Contract Tower,6,9,11,26,52,0,4,6,11,21,6,13,17,37,73,0,60,60,133
12/05/2020,BFM,AL,ASO,CE,Federal Contract Tower,2,2,4,17,25,0,0,20,11,31,2,2,24,28,56,14,12,26,82
12/06/2020,BFM,AL,ASO,CE,Federal Contract Tower,1,0,3,8,12,0,1,18,11,30,1,1,21,19,42,22,46,68,110
12/07/2020,BFM,AL,ASO,CE,Federal Contract Tower,7,5,12,10,34,0,6,4,24,34,7,11,16,34,68,0,106,106,174
12/08/2020,BFM,AL,ASO,CE,Federal Contract Tower,6,3,8,18,35,0,0,20,27,47,6,3,28,45,82,10,158,168,250
12/09/2020,BFM,AL,ASO,CE,Federal Contract Tower,11,10,15,35,71,0,6,18,32,56,11,16,33,67,127,30,192,222,349
12/10/2020,BFM,AL,ASO,CE,Federal Contract Tower,7,2,14,9,32,0,0,17,30,47,7,2,31,39,79,16,228,244,323
12/11/2020,BFM,AL,ASO,CE,Federal Contract Tower,4,3,12,11,30,0,2,12,20,34,4,5,24,31,64,12,178,190,254
12/12/2020,BFM,AL,ASO,CE,Federal Contract Tower,5,2,1,10,18,0,3,0,2,5,5,5,1,12,23,0,44,44,67
12/13/2020,BFM,AL,ASO,CE,Federal Contract Tower,1,1,3,8,13,0,0,0,2,2,1,1,3,10,15,0,0,0,15
12/14/2020,BFM,AL,ASO,CE,Federal Contract Tower,2,5,8,57,72,0,1,6,15,22,2,6,14,72,94,0,100,100,194
12/15/2020,BFM,AL,ASO,CE,Federal Contract Tower,10,10,14,30,64,0,5,11,17,33,10,15,25,47,97,0,84,84,181
12/16/2020,BFM,AL,ASO,CE,Federal Contract Tower,7,6,5,17,35,0,0,2,0,2,7,6,7,17,37,0,12,12,49
12/17/2020,BFM,AL,ASO,CE,Federal Contract Tower,6,4,11,31,52,0,3,13,20,36,6,7,24,51,88,18,80,98,186
12/18/2020,BFM,AL,ASO,CE,Federal Contract Tower,5,9,15,24,53,0,0,12,6,18,5,9,27,30,71,6,38,44,115
12/19/2020,BFM,AL,ASO,CE,Federal Contract Tower,2,3,2,0,7,0,0,12,12,24,2,3,14,12,31,28,42,70,101
12/20/2020,BFM,AL,ASO,CE,Federal Contract Tower,6,0,5,6,17,0,0,0,0,0,6,0,5,6,17,0,0,0,17
12/21/2020,BFM,AL,ASO,CE,Federal Contract Tower,3,7,19,16,45,0,3,6,13,22,3,10,25,29,67,2,52,54,121
12/22/2020,BFM,AL,ASO,CE,Federal Contract Tower,12,7,11,18,48,0,10,26,17,53,12,17,37,35,101,30,68,98,199
12/23/2020,BFM,AL,ASO,CE,Federal Contract Tower,6,4,6,2,18,0,2,15,9,26,6,6,21,11,44,10,66,76,120
12/24/2020,BFM,AL,ASO,CE,Federal Contract Tower,6,6,0,0,12,0,0,0,0,0,6,6,0,0,12,0,0,0,12
12/25/2020,BFM,AL,ASO,CE,Federal Contract Tower,3,0,1,0,4,0,0,4,0,4,3,0,5,0,8,0,0,0,8
12/26/2020,BFM,AL,ASO,CE,Federal Contract Tower,3,2,5,0,10,0,2,6,0,8,3,4,11,0,18,0,0,0,18
12/27/2020,BFM,AL,ASO,CE,Federal Contract Tower,2,2,3,0,7,0,2,11,0,13,2,4,14,0,20,0,0,0,20
12/28/2020,BFM,AL,ASO,CE,Federal Contract Tower,2,6,6,11,25,0,2,5,15,22,2,8,11,26,47,0,60,60,107
12/29/2020,BFM,AL,ASO,CE,Federal Contract Tower,5,3,2,4,14,0,2,7,9,18,5,5,9,13,32,0,24,24,56
12/30/2020,BFM,AL,ASO,CE,Federal Contract Tower,3,5,9,4,21,0,5,4,1,10,3,10,13,5,31,2,0,2,33
12/31/2020,BFM,AL,ASO,CE,Federal Contract Tower,6,3,6,0,15,0,0,0,0,0,6,3,6,0,15,4,0,4,19
01/01/2021,BFM,AL,ASO,CE,Federal Contract Tower,0,0,5,0,5,0,0,2,0,2,0,0,7,0,7,18,0,18,25
01/02/2021,BFM,AL,ASO,CE,Federal Contract Tower,5,4,3,0,12,0,0,7,0,7,5,4,10,0,19,4,0,4,23
01/03/2021,BFM,AL,ASO,CE,Federal Contract Tower,3,0,10,0,13,0,1,24,0,25,3,1,34,0,38,20,0,20,58
01/04/2021,BFM,AL,ASO,CE,Federal Contract Tower,3,3,6,10,22,0,0,20,7,27,3,3,26,17,49,0,36,36,85
01/05/2021,BFM,AL,ASO,CE,Federal Contract Tower,6,6,7,36,55,0,4,10,30,44,6,10,17,66,99,4,172,176,275
01/06/2021,BFM,AL,ASO,CE,Federal Contract Tower,5,6,9,34,54,0,3,23,18,44,5,9,32,52,98,24,134,158,256
01/07/2021,BFM,AL,ASO,CE,Federal Contract Tower,13,4,5,49,71,0,0,0,13,13,13,4,5,62,84,0,150,150,234
01/08/2021,BFM,AL,ASO,CE,Federal Contract Tower,10,7,14,21,52,0,0,0,10,10,10,7,14,31,62,0,112,112,174
01/09/2021,BFM,AL,ASO,CE,Federal Contract Tower,2,2,2,0,6,0,0,8,4,12,2,2,10,4,18,4,30,34,52
01/10/2021,BFM,AL,ASO,CE,Federal Contract Tower,0,0,7,21,28,0,3,9,3,15,0,3,16,24,43,16,0,16,59
01/11/2021,BFM,AL,ASO,CE,Federal Contract Tower,3,3,12,14,32,0,0,0,0,0,3,3,12,14,32,0,0,0,32
01/12/2021,BFM,AL,ASO,CE,Federal Contract Tower,6,5,20,17,48,0,0,0,0,0,6,5,20,17,48,0,0,0,48
01/13/2021,BFM,AL,ASO,CE,Federal Contract Tower,8,6,3,37,54,0,1,12,33,46,8,7,15,70,100,4,178,182,282
01/14/2021,BFM,AL,ASO,CE,Federal Contract Tower,8,7,19,11,45,0,3,6,37,46,8,10,25,48,91,0,178,178,269
01/15/2021,BFM,AL,ASO,CE,Federal Contract Tower,11,6,11,66,94,0,0,8,8,16,11,6,19,74,110,8,60,68,178
01/16/2021,BFM,AL,ASO,CE,Federal Contract Tower,2,2,3,0,7,0,0,22,0,22,2,2,25,0,29,6,0,6,35
01/17/2021,BFM,AL,ASO,CE,Federal Contract Tower,4,0,4,2,10,0,1,1,2,4,4,1,5,4,14,0,0,0,14
01/18/2021,BFM,AL,ASO,CE,Federal Contract Tower,3,3,15,0,21,0,3,23,0,26,3,6,38,0,47,36,16,52,99
01/19/2021,BFM,AL,ASO,CE,Federal Contract Tower,7,9,11,55,82,0,2,19,37,58,7,11,30,92,140,8,266,274,414
01/20/2021,BFM,AL,ASO,CE,Federal Contract Tower,6,5,17,56,84,0,2,7,32,41,6,7,24,88,125,0,158,158,283
01/21/2021,BFM,AL,ASO,CE,Federal Contract Tower,10,5,18,47,80,0,2,14,18,34,10,7,32,65,114,0,144,144,258
01/22/2021,BFM,AL,ASO,CE,Federal Contract Tower,9,10,6,6,31,0,0,1,0,1,9,10,7,6,32,0,0,0,32
01/23/2021,BFM,AL,ASO,CE,Federal Contract Tower,2,2,7,0,11,0,0,11,2,13,2,2,18,2,24,14,8,22,46
01/24/2021,BFM,AL,ASO,CE,Federal Contract Tower,6,0,11,0,17,0,0,1,0,1,6,0,12,0,18,0,0,0,18
01/25/2021,BFM,AL,ASO,CE,Federal Contract Tower,1,10,5,22,38,0,0,0,0,0,1,10,5,22,38,0,0,0,38
01/26/2021,BFM,AL,ASO,CE,Federal Contract Tower,6,4,8,9,27,0,2,0,2,4,6,6,8,11,31,0,2,2,33
01/27/2021,BFM,AL,ASO,CE,Federal Contract Tower,5,4,13,54,76,0,0,3,22,25,5,4,16,76,101,10,164,174,275
01/28/2021,BFM,AL,ASO,CE,Federal Contract Tower,7,11,18,108,144,0,3,8,36,47,7,14,26,144,191,12,122,134,325
01/29/2021,BFM,AL,ASO,CE,Federal Contract Tower,7,6,16,27,56,0,2,14,25,41,7,8,30,52,97,26,122,148,245
01/30/2021,BFM,AL,ASO,CE,Federal Contract Tower,4,2,7,0,13,0,0,14,28,42,4,2,21,28,55,30,160,190,245
01/31/2021,BFM,AL,ASO,CE,Federal Contract Tower,1,13,5,10,29,0,0,5,9,14,1,13,10,19,43,0,48,48,91
02/01/2021,BFM,AL,ASO,CE,Federal Contract Tower,4,2,5,73,84,0,1,5,40,46,4,3,10,113,130,0,102,102,232
02/02/2021,BFM,AL,ASO,CE,Federal Contract Tower,4,4,21,32,61,0,0,20,43,63,4,4,41,75,124,50,220,270,394
02/03/2021,BFM,AL,ASO,CE,Federal Contract Tower,4,6,19,29,58,0,2,16,44,62,4,8,35,73,120,24,206,230,350
02/04/2021,BFM,AL,ASO,CE,Federal Contract Tower,4,4,12,27,47,0,2,5,36,43,4,6,17,63,90,8,188,196,286
02/05/2021,BFM,AL,ASO,CE,Federal Contract Tower,7,3,9,30,49,0,4,0,6,10,7,7,9,36,59,0,38,38,97
02/06/2021,BFM,AL,ASO,CE,Federal Contract Tower,3,2,4,0,9,0,0,0,0,0,3,2,4,0,9,0,0,0,9
02/07/2021,BFM,AL,ASO,CE,Federal Contract Tower,1,0,14,0,15,0,0,13,2,15,1,0,27,2,30,20,6,26,56
02/08/2021,BFM,AL,ASO,CE,Federal Contract Tower,2,0,11,12,25,0,3,14,11,28,2,3,25,23,53,22,86,108,161
02/09/2021,BFM,AL,ASO,CE,Federal Contract Tower,3,2,27,28,60,0,0,4,10,14,3,2,31,38,74,2,96,98,172
02/10/2021,BFM,AL,ASO,CE,Federal Contract Tower,7,6,9,0,22,0,0,1,0,1,7,6,10,0,23,0,0,0,23
02/11/2021,BFM,AL,ASO,CE,Federal Contract Tower,1,0,7,0,8,0,0,0,0,0,1,0,7,0,8,0,0,0,8
02/12/2021,BFM,AL,ASO,CE,Federal Contract Tower,6,3,17,2,28,0,0,0,0,0,6,3,17,2,28,0,0,0,28
02/13/2021,BFM,AL,ASO,CE,Federal Contract Tower,1,3,3,0,7,0,0,0,0,0,1,3,3,0,7,0,0,0,7
02/14/2021,BFM,AL,ASO,CE,Federal Contract Tower,3,0,2,2,7,0,0,2,0,2,3,0,4,2,9,0,0,0,9
02/15/2021,BFM,AL,ASO,CE,Federal Contract Tower,1,4,3,0,8,0,0,0,0,0,1,4,3,0,8,0,0,0,8
02/16/2021,BFM,AL,ASO,CE,Federal Contract Tower,1,5,10,68,84,0,0,10,21,31,1,5,20,89,115,8,180,188,303
02/17/2021,BFM,AL,ASO,CE,Federal Contract Tower,5,6,8,15,34,0,0,5,19,24,5,6,13,34,58,14,118,132,190
02/18/2021,BFM,AL,ASO,CE,Federal Contract Tower,1,5,11,16,33,0,0,0,0,0,1,5,11,16,33,0,0,0,33
02/19/2021,BFM,AL,ASO,CE,Federal Contract Tower,3,4,21,49,77,0,0,3,12,15,3,4,24,61,92,2,70,72,164
02/20/2021,BFM,AL,ASO,CE,Federal Contract Tower,0,1,3,2,6,0,3,10,21,34,0,4,13,23,40,10,140,150,190
02/21/2021,BFM,AL,ASO,CE,Federal Contract Tower,6,4,9,4,23,0,1,21,10,32,6,5,30,14,55,50,70,120,175
02/22/2021,BFM,AL,ASO,CE,Federal Contract Tower,12,3,4,12,31,0,2,0,69,71,12,5,4,81,102,0,336,336,438
02/23/2021,BFM,AL,ASO,CE,Federal Contract Tower,10,4,21,9,44,0,5,20,75,100,10,9,41,84,144,18,344,362,506
02/24/2021,BFM,AL,ASO,CE,Federal Contract Tower,11,4,18,19,52,0,2,12,71,85,11,6,30,90,137,20,474,494,631
02/25/2021,BFM,AL,ASO,CE,Federal Contract Tower,5,2,11,12,30,0,2,11,27,40,5,4,22,39,70,0,218,218,288
02/26/2021,BFM,AL,ASO,CE,Federal Contract Tower,2,4,6,10,22,0,1,2,15,18,2,5,8,25,40,4,100,104,144
02/27/2021,BFM,AL,ASO,CE,Federal Contract Tower,2,0,4,5,11,0,0,1,0,1,2,0,5,5,12,0,0,0,12
02/28/2021,BFM,AL,ASO,CE,Federal Contract Tower,2,0,2,7,11,0,0,5,12,17,2,0,7,19,28,0,24,24,52
03/01/2021,BFM,AL,ASO,CE,Federal Contract Tower,7,2,6,2,17,0,2,0,12,14,7,4,6,14,31,0,86,86,117
03/02/2021,BFM,AL,ASO,CE,Federal Contract Tower,5,4,6,10,25,0,0,0,0,0,5,4,6,10,25,0,12,12,37
03/03/2021,BFM,AL,ASO,CE,Federal Contract Tower,7,4,19,30,60,0,7,11,37,55,7,11,30,67,115,2,256,258,373
03/04/2021,BFM,AL,ASO,CE,Federal Contract Tower,6,5,18,19,48,0,1,36,37,74,6,6,54,56,122,36,298,334,456
03/05/2021,BFM,AL,ASO,CE,Federal Contract Tower,4,6,11,17,38,0,5,12,68,85,4,11,23,85,123,10,278,288,411
03/06/2021,BFM,AL,ASO,CE,Federal Contract Tower,2,2,7,2,13,0,0,11,13,24,2,2,18,15,37,4,56,60,97
03/07/2021,BFM,AL,ASO,CE,Federal Contract Tower,4,4,16,6,30,0,0,32,6,38,4,4,48,12,68,20,44,64,132
03/08/2021,BFM,AL,ASO,CE,Federal Contract Tower,3,2,15,25,45,0,3,13,40,56,3,5,28,65,101,14,254,268,369
03/09/2021,BFM,AL,ASO,CE,Federal Contract Tower,8,4,19,11,42,0,3,19,43,65,8,7,38,54,107,18,252,270,377
03/10/2021,BFM,AL,ASO,CE,Federal Contract Tower,8,4,10,12,34,0,2,27,47,76,8,6,37,59,110,40,282,322,432
03/11/2021,BFM,AL,ASO,CE,Federal Contract Tower,8,6,19,19,52,0,2,29,39,70,8,8,48,58,122,48,234,282,404
03/12/2021,BFM,AL,ASO,CE,Federal Contract Tower,5,2,10,17,34,0,2,14,20,36,5,4,24,37,70,40,180,220,290
03/13/2021,BFM,AL,ASO,CE,Federal Contract Tower,2,0,11,13,26,0,0,9,11,20,2,0,20,24,46,22,16,38,84
03/14/2021,BFM,AL,ASO,CE,Federal Contract Tower,1,0,8,18,27,0,1,5,1,7,1,1,13,19,34,12,10,22,56
03/15/2021,BFM,AL,ASO,CE,Federal Contract Tower,3,3,15,30,51,0,0,0,4,4,3,3,15,34,55,0,22,22,77
03/16/2021,BFM,AL,ASO,CE,Federal Contract Tower,7,4,11,6,28,0,1,6,28,35,7,5,17,34,63,10,164,174,237
03/17/2021,BFM,AL,ASO,CE,Federal Contract Tower,5,2,8,2,17,0,0,0,0,0,5,2,8,2,17,0,0,0,17
03/18/2021,BFM,AL,ASO,CE,Federal Contract Tower,11,6,7,10,34,0,2,8,41,51,11,8,15,51,85,20,176,196,281
03/19/2021,BFM,AL,ASO,CE,Federal Contract Tower,6,6,15,29,56,0,1,14,31,46,6,7,29,60,102,34,218,252,354
03/20/2021,BFM,AL,ASO,CE,Federal Contract Tower,7,2,5,4,18,0,1,9,7,17,7,3,14,11,35,0,42,42,77
03/21/2021,BFM,AL,ASO,CE,Federal Contract Tower,5,0,3,3,11,0,0,25,12,37,5,0,28,15,48,20,40,60,108
03/22/2021,BFM,AL,ASO,CE,Federal Contract Tower,3,2,8,21,34,0,1,9,71,81,3,3,17,92,115,0,454,454,569
03/23/2021,BFM,AL,ASO,CE,Federal Contract Tower,8,8,10,5,31,0,2,2,16,20,8,10,12,21,51,0,92,92,143
03/24/2021,BFM,AL,ASO,CE,Federal Contract Tower,10,9,9,2,30,0,0,0,16,16,10,9,9,18,46,0,112,112,158
03/25/2021,BFM,AL,ASO,CE,Federal Contract Tower,7,5,11,5,28,0,0,0,9,9,7,5,11,14,37,0,82,82,119
03/26/2021,BFM,AL,ASO,CE,Federal Contract Tower,10,7,6,2,25,0,1,0,0,1,10,8,6,2,26,0,12,12,38
03/27/2021,BFM,AL,ASO,CE,Federal Contract Tower,4,0,6,8,18,0,0,0,0,0,4,0,6,8,18,0,0,0,18
03/28/2021,BFM,AL,ASO,CE,Federal Contract Tower,0,4,11,1,16,0,2,2,5,9,0,6,13,6,25,0,20,20,45
03/29/2021,BFM,AL,ASO,CE,Federal Contract Tower,3,2,11,21,37,0,3,16,47,66,3,5,27,68,103,8,236,244,347
03/30/2021,BFM,AL,ASO,CE,Federal Contract Tower,8,6,5,9,28,0,2,6,37,45,8,8,11,46,73,16,166,182,255
03/31/2021,BFM,AL,ASO,CE,Federal Contract Tower,5,5,11,6,27,0,0,2,11,13,5,5,13,17,40,0,48,48,88
04/01/2021,BFM,AL,ASO,CE,Federal Contract Tower,6,2,20,31,59,0,2,11,25,38,6,4,31,56,97,2,138,140,237
04/02/2021,BFM,AL,ASO,CE,Federal Contract Tower,6,5,14,2,27,0,1,28,22,51,6,6,42,24,78,0,138,138,216
04/03/2021,BFM,AL,ASO,CE,Federal Contract Tower,2,2,18,0,22,0,1,14,0,15,2,3,32,0,37,4,0,4,41
04/04/2021,BFM,AL,ASO,CE,Federal Contract Tower,0,0,12,0,12,0,2,9,0,11,0,2,21,0,23,2,0,2,25
04/05/2021,BFM,AL,ASO,CE,Federal Contract Tower,3,4,10,10,27,0,2,18,71,91,3,6,28,81,118,36,338,374,492
04/06/2021,BFM,AL,ASO,CE,Federal Contract Tower,13,2,12,13,40,0,0,11,59,70,13,2,23,72,110,4,326,330,440
04/07/2021,BFM,AL,ASO,CE,Federal Contract Tower,11,2,24,18,55,0,0,5,51,56,11,2,29,69,111,12,244,256,367
04/08/2021,BFM,AL,ASO,CE,Federal Contract Tower,8,3,14,22,47,0,2,12,33,47,8,5,26,55,94,24,192,216,310
04/09/2021,BFM,AL,ASO,CE,Federal Contract Tower,7,5,11,4,27,0,1,0,6,7,7,6,11,10,34,0,40,40,74
04/10/2021,BFM,AL,ASO,CE,Federal Contract Tower,2,0,6,0,8,0,0,3,8,11,2,0,9,8,19,2,28,30,49
04/11/2021,BFM,AL,ASO,CE,Federal Contract Tower,0,4,9,0,13,0,6,26,0,32,0,10,35,0,45,56,0,56,101
04/12/2021,BFM,AL,ASO,CE,Federal Contract Tower,3,5,14,21,43,0,3,21,35,59,3,8,35,56,102,8,178,186,288
04/13/2021,BFM,AL,ASO,CE,Federal Contract Tower,7,6,16,11,40,0,5,12,33,50,7,11,28,44,90,0,260,260,350
04/14/2021,BFM,AL,ASO,CE,Federal Contract Tower,9,6,20,0,35,0,1,6,19,26,9,7,26,19,61,0,116,116,177
04/15/2021,BFM,AL,ASO,CE,Federal Contract Tower,5,2,10,6,23,0,0,0,3,3,5,2,10,9,26,0,38,38,64
04/16/2021,BFM,AL,ASO,CE,Federal Contract Tower,4,6,14,2,26,0,3,1,63,67,4,9,15,65,93,0,270,270,363
04/17/2021,BFM,AL,ASO,CE,Federal Contract Tower,3,2,5,0,10,0,0,1,0,1,3,2,6,0,11,0,0,0,11
04/18/2021,BFM,AL,ASO,CE,Federal Contract Tower,4,0,15,1,20,0,2,18,0,20,4,2,33,1,40,30,0,30,70
04/19/2021,BFM,AL,ASO,CE,Federal Contract Tower,5,5,10,36,56,0,5,15,55,75,5,10,25,91,131,8,238,246,377
04/20/2021,BFM,AL,ASO,CE,Federal Contract Tower,10,10,24,21,65,0,6,16,47,69,10,16,40,68,134,0,326,326,460
04/21/2021,BFM,AL,ASO,CE,Federal Contract Tower,4,10,12,61,87,0,3,14,38,55,4,13,26,99,142,28,180,208,350
04/22/2021,BFM,AL,ASO,CE,Federal Contract Tower,11,4,19,18,52,0,4,22,1,27,11,8,41,19,79,0,138,138,217
04/23/2021,BFM,AL,ASO,CE,Federal Contract Tower,5,8,11,19,43,0,2,16,23,41,5,10,27,42,84,36,226,262,346
04/24/2021,BFM,AL,ASO,CE,Federal Contract Tower,3,2,1,0,6,0,0,0,0,0,3,2,1,0,6,0,0,0,6
04/25/2021,BFM,AL,ASO,CE,Federal Contract Tower,0,0,10,8,18,0,5,14,14,33,0,5,24,22,51,10,42,52,103
04/26/2021,BFM,AL,ASO,CE,Federal Contract Tower,2,4,22,29,57,0,1,16,44,61,2,5,38,73,118,24,248,272,390
04/27/2021,BFM,AL,ASO,CE,Federal Contract Tower,5,3,20,22,50,0,1,7,33,41,5,4,27,55,91,4,128,132,223
04/28/2021,BFM,AL,ASO,CE,Federal Contract Tower,5,12,21,19,57,0,5,11,42,58,5,17,32,61,115,8,170,178,293
04/29/2021,BFM,AL,ASO,CE,Federal Contract Tower,7,8,20,37,72,0,2,5,25,32,7,10,25,62,104,0,148,148,252
04/30/2021,BFM,AL,ASO,CE,Federal Contract Tower,6,6,13,24,49,0,0,1,4,5,6,6,14,28,54,0,54,54,108
05/01/2021,BFM,AL,ASO,CE,Federal Contract Tower,2,2,4,10,18,0,1,11,1,13,2,3,15,11,31,26,28,54,85
05/02/2021,BFM,AL,ASO,CE,Federal Contract Tower,0,1,3,4,8,0,0,2,0,2,0,1,5,4,10,20,0,20,30
05/03/2021,BFM,AL,ASO,CE,Federal Contract Tower,8,4,11,6,29,0,0,2,0,2,8,4,13,6,31,12,0,12,43
05/04/2021,BFM,AL,ASO,CE,Federal Contract Tower,9,1,11,25,46,0,2,1,5,8,9,3,12,30,54,0,8,8,62
05/05/2021,BFM,AL,ASO,CE,Federal Contract Tower,9,5,12,2,28,0,0,1,0,1,9,5,13,2,29,0,0,0,29
05/06/2021,BFM,AL,ASO,CE,Federal Contract Tower,11,7,23,17,58,0,0,14,27,41,11,7,37,44,99,8,152,160,259
05/07/2021,BFM,AL,ASO,CE,Federal Contract Tower,11,8,10,22,51,0,2,25,30,57,11,10,35,52,108,22,114,136,244
05/08/2021,BFM,AL,ASO,CE,Federal Contract Tower,2,3,7,0,12,0,0,19,14,33,2,3,26,14,45,10,46,56,101
05/09/2021,BFM,AL,ASO,CE,Federal Contract Tower,2,0,3,0,5,0,1,7,0,8,2,1,10,0,13,40,0,40,53
05/10/2021,BFM,AL,ASO,CE,Federal Contract Tower,3,5,4,14,26,0,0,3,9,12,3,5,7,23,38,6,42,48,86
05/11/2021,BFM,AL,ASO,CE,Federal Contract Tower,5,2,14,1,22,0,2,12,6,20,5,4,26,7,42,0,26,26,68
05/12/2021,BFM,AL,ASO,CE,Federal Contract Tower,6,6,9,12,33,0,1,3,33,37,6,7,12,45,70,0,152,152,222
05/13/2021,BFM,AL,ASO,CE,Federal Contract Tower,5,6,21,15,47,0,0,7,35,42,5,6,28,50,89,20,250,270,359
05/14/2021,BFM,AL,ASO,CE,Federal Contract Tower,6,4,12,4,26,0,5,17,26,48,6,9,29,30,74,6,98,104,178
05/15/2021,BFM,AL,ASO,CE,Federal Contract Tower,4,2,6,2,14,0,1,13,8,22,4,3,19,10,36,24,36,60,96
05/16/2021,BFM,AL,ASO,CE,Federal Contract Tower,2,2,10,4,18,0,11,11,2,24,2,13,21,6,42,18,6,24,66
05/17/2021,BFM,AL,ASO,CE,Federal Contract Tower,5,6,14,16,41,0,2,8,44,54,5,8,22,60,95,0,258,258,353
05/18/2021,BFM,AL,ASO,CE,Federal Contract Tower,8,10,25,17,60,0,7,7,2,16,8,17,32,19,76,0,72,72,148
05/19/2021,BFM,AL,ASO,CE,Federal Contract Tower,10,6,17,5,38,0,0,6,8,14,10,6,23,13,52,0,40,40,92
05/20/2021,BFM,AL,ASO,CE,Federal Contract Tower,12,2,13,10,37,0,9,4,15,28,12,11,17,25,65,0,60,60,125
05/21/2021,BFM,AL,ASO,CE,Federal Contract Tower,5,9,16,15,45,0,6,11,14,31,5,15,27,29,76,32,62,94,170
05/22/2021,BFM,AL,ASO,CE,Federal Contract Tower,5,2,9,1,17,0,1,13,7,21,5,3,22,8,38,18,50,68,106
05/23/2021,BFM,AL,ASO,CE,Federal Contract Tower,1,1,11,0,13,0,0,17,7,24,1,1,28,7,37,36,34,70,107
05/24/2021,BFM,AL,ASO,CE,Federal Contract Tower,6,2,19,8,35,0,4,15,30,49,6,6,34,38,84,46,178,224,308
05/25/2021,BFM,AL,ASO,CE,Federal Contract Tower,8,6,10,3,27,0,2,18,35,55,8,8,28,38,82,44,182,226,308
05/26/2021,BFM,AL,ASO,CE,Federal Contract Tower,7,5,15,23,50,0,1,13,39,53,7,6,28,62,103,0,190,190,293
05/27/2021,BFM,AL,ASO,CE,Federal Contract Tower,8,3,12,13,36,0,2,18,42,62,8,5,30,55,98,8,214,222,320
05/28/2021,BFM,AL,ASO,CE,Federal Contract Tower,8,6,8,7,29,0,0,7,2,9,8,6,15,9,38,20,50,70,108
05/29/2021,BFM,AL,ASO,CE,Federal Contract Tower,2,2,2,0,6,0,3,9,0,12,2,5,11,0,18,6,0,6,24
05/30/2021,BFM,AL,ASO,CE,Federal Contract Tower,1,2,1,1,5,0,2,10,1,13,1,4,11,2,18,6,0,6,24
05/31/2021,BFM,AL,ASO,CE,Federal Contract Tower,0,0,4,0,4,0,5,11,0,16,0,5,15,0,20,4,0,4,24
06/01/2021,BFM,AL,ASO,CE,Federal Contract Tower,2,3,19,3,27,0,0,12,16,28,2,3,31,19,55,12,80,92,147
06/02/2021,BFM,AL,ASO,CE,Federal Contract Tower,7,7,16,11,41,0,4,20,29,53,7,11,36,40,94,14,86,100,194
06/03/2021,BFM,AL,ASO,CE,Federal Contract Tower,4,4,13,4,25,0,1,18,18,37,4,5,31,22,62,0,72,72,134
06/04/2021,BFM,AL,ASO,CE,Federal Contract Tower,7,5,5,27,44,0,2,12,24,38,7,7,17,51,82,2,96,98,180
06/05/2021,BFM,AL,ASO,CE,Federal Contract Tower,5,2,8,3,18,0,0,5,1,6,5,2,13,4,24,0,0,0,24
06/06/2021,BFM,AL,ASO,CE,Federal Contract Tower,0,1,2,6,9,0,1,2,0,3,0,2,4,6,12,0,6,6,18
06/07/2021,BFM,AL,ASO,CE,Federal Contract Tower,6,4,17,7,34,0,0,4,34,38,6,4,21,41,72,6,130,136,208
06/08/2021,BFM,AL,ASO,CE,Federal Contract Tower,4,5,15,10,34,0,0,11,11,22,4,5,26,21,56,8,72,80,136
06/09/2021,BFM,AL,ASO,CE,Federal Contract Tower,6,7,12,0,25,0,3,6,9,18,6,10,18,9,43,16,44,60,103
06/10/2021,BFM,AL,ASO,CE,Federal Contract Tower,9,5,22,18,54,0,1,4,21,26,9,6,26,39,80,30,124,154,234
06/11/2021,BFM,AL,ASO,CE,Federal Contract Tower,9,4,1,14,28,0,1,13,36,50,9,5,14,50,78,0,200,200,278
06/12/2021,BFM,AL,ASO,CE,Federal Contract Tower,2,2,0,2,6,0,0,10,14,24,2,2,10,16,30,10,38,48,78
06/13/2021,BFM,AL,ASO,CE,Federal Contract Tower,0,0,4,0,4,0,0,4,0,4,0,0,8,0,8,18,0,18,26
06/14/2021,BFM,AL,ASO,CE,Federal Contract Tower,3,5,9,9,26,0,3,11,38,52,3,8,20,47,78,6,178,184,262
06/15/2021,BFM,AL,ASO,CE,Federal Contract Tower,3,8,19,10,40,0,1,21,18,40,3,9,40,28,80,2,58,60,140
06/16/2021,BFM,AL,ASO,CE,Federal Contract Tower,6,5,9,29,49,0,1,21,30,52,6,6,30,59,101,6,128,134,235
06/17/2021,BFM,AL,ASO,CE,Federal Contract Tower,11,4,17,11,43,0,7,15,28,50,11,11,32,39,93,6,120,126,219
06/18/2021,BFM,AL,ASO,CE,Federal Contract Tower,5,3,18,6,32,0,0,4,2,6,5,3,22,8,38,0,22,22,60
06/19/2021,BFM,AL,ASO,CE,Federal Contract Tower,4,0,0,0,4,0,0,1,0,1,4,0,1,0,5,0,0,0,5
06/20/2021,BFM,AL,ASO,CE,Federal Contract Tower,1,4,6,0,11,0,0,6,2,8,1,4,12,2,19,10,2,12,31
06/21/2021,BFM,AL,ASO,CE,Federal Contract Tower,3,3,9,8,23,0,0,5,9,14,3,3,14,17,37,8,20,28,65
06/22/2021,BFM,AL,ASO,CE,Federal Contract Tower,9,7,10,7,33,0,0,4,6,10,9,7,14,13,43,6,30,36,79
06/23/2021,BFM,AL,ASO,CE,Federal Contract Tower,7,4,29,4,44,0,3,5,34,42,7,7,34,38,86,0,124,124,210
06/24/2021,BFM,AL,ASO,CE,Federal Contract Tower,7,4,9,6,26,0,7,11,35,53,7,11,20,41,79,12,142,154,233
06/25/2021,BFM,AL,ASO,CE,Federal Contract Tower,7,7,6,2,22,0,0,4,12,16,7,7,10,14,38,0,54,54,92
06/26/2021,BFM,AL,ASO,CE,Federal Contract Tower,2,5,3,0,10,0,1,10,4,15,2,6,13,4,25,10,16,26,51
06/27/2021,BFM,AL,ASO,CE,Federal Contract Tower,1,4,9,4,18,0,0,4,0,4,1,4,13,4,22,0,0,0,22
06/28/2021,BFM,AL,ASO,CE,Federal Contract Tower,5,3,12,8,28,0,6,9,31,46,5,9,21,39,74,4,170,174,248
06/29/2021,BFM,AL,ASO,CE,Federal Contract Tower,7,4,16,13,40,0,1,13,42,56,7,5,29,55,96,10,186,196,292
06/30/2021,BFM,AL,ASO,CE,Federal Contract Tower,8,6,26,14,54,0,1,17,33,51,8,7,43,47,105,10,112,122,227
07/01/2021,BFM,AL,ASO,CE,Federal Contract Tower,5,9,8,25,47,0,1,4,18,23,5,10,12,43,70,4,78,82,152
07/02/2021,BFM,AL,ASO,CE,Federal Contract Tower,8,5,6,0,19,0,0,5,2,7,8,5,11,2,26,4,0,4,30
07/03/2021,BFM,AL,ASO,CE,Federal Contract Tower,4,10,4,0,18,0,1,4,0,5,4,11,8,0,23,12,0,12,35
07/04/2021,BFM,AL,ASO,CE,Federal Contract Tower,1,1,5,0,7,0,0,3,0,3,1,1,8,0,10,0,0,0,10
07/05/2021,BFM,AL,ASO,CE,Federal Contract Tower,0,3,6,0,9,0,1,2,0,3,0,4,8,0,12,0,0,0,12
07/06/2021,BFM,AL,ASO,CE,Federal Contract Tower,2,3,18,11,34,0,2,3,5,10,2,5,21,16,44,0,30,30,74
07/07/2021,BFM,AL,ASO,CE,Federal Contract Tower,6,8,11,11,36,0,2,11,25,38,6,10,22,36,74,0,90,90,164
07/08/2021,BFM,AL,ASO,CE,Federal Contract Tower,4,3,17,48,72,0,6,14,39,59,4,9,31,87,131,16,182,198,329
07/09/2021,BFM,AL,ASO,CE,Federal Contract Tower,6,7,12,19,44,0,0,6,14,20,6,7,18,33,64,6,64,70,134
07/10/2021,BFM,AL,ASO,CE,Federal Contract Tower,3,2,4,0,9,0,0,11,0,11,3,2,15,0,20,0,0,0,20
07/11/2021,BFM,AL,ASO,CE,Federal Contract Tower,1,0,5,11,17,0,0,11,3,14,1,0,16,14,31,6,0,6,37
07/12/2021,BFM,AL,ASO,CE,Federal Contract Tower,7,2,9,4,22,0,0,14,22,36,7,2,23,26,58,16,66,82,140
07/13/2021,BFM,AL,ASO,CE,Federal Contract Tower,6,6,14,4,30,0,2,15,25,42,6,8,29,29,72,10,88,98,170
07/14/2021,BFM,AL,ASO,CE,Federal Contract Tower,4,5,17,15,41,0,2,12,37,51,4,7,29,52,92,30,144,174,266
07/15/2021,BFM,AL,ASO,CE,Federal Contract Tower,9,7,16,7,39,0,7,14,36,57,9,14,30,43,96,12,164,176,272
07/16/2021,BFM,AL,ASO,CE,Federal Contract Tower,7,0,17,7,31,0,0,2,10,12,7,0,19,17,43,10,28,38,81
07/17/2021,BFM,AL,ASO,CE,Federal Contract Tower,2,2,10,0,14,0,0,5,0,5,2,2,15,0,19,28,0,28,47
07/18/2021,BFM,AL,ASO,CE,Federal Contract Tower,1,2,9,1,13,0,2,2,1,5,1,4,11,2,18,0,0,0,18
07/19/2021,BFM,AL,ASO,CE,Federal Contract Tower,2,4,8,2,16,0,0,4,15,19,2,4,12,17,35,0,38,38,73
07/20/2021,BFM,AL,ASO,CE,Federal Contract Tower,5,2,13,4,24,0,2,7,14,23,5,4,20,18,47,6,88,94,141
07/21/2021,BFM,AL,ASO,CE,Federal Contract Tower,7,6,10,11,34,0,0,9,28,37,7,6,19,39,71,30,136,166,237
07/22/2021,BFM,AL,ASO,CE,Federal Contract Tower,4,4,11,9,28,0,3,6,29,38,4,7,17,38,66,16,140,156,222
07/23/2021,BFM,AL,ASO,CE,Federal Contract Tower,5,2,14,4,25,0,0,14,20,34,5,2,28,24,59,14,140,154,213
07/24/2021,BFM,AL,ASO,CE,Federal Contract Tower,2,3,4,0,9,0,3,17,3,23,2,6,21,3,32,22,2,24,56
07/25/2021,BFM,AL,ASO,CE,Federal Contract Tower,0,1,5,0,6,0,0,10,1,11,0,1,15,1,17,0,0,0,17
07/26/2021,BFM,AL,ASO,CE,Federal Contract Tower,5,2,16,0,23,0,4,15,44,63,5,6,31,44,86,18,146,164,250
07/27/2021,BFM,AL,ASO,CE,Federal Contract Tower,5,2,17,4,28,0,6,9,26,41,5,8,26,30,69,14,162,176,245
07/28/2021,BFM,AL,ASO,CE,Federal Contract Tower,6,4,5,6,21,0,0,4,13,17,6,4,9,19,38,4,88,92,130
07/29/2021,BFM,AL,ASO,CE,Federal Contract Tower,6,3,6,2,17,0,1,16,20,37,6,4,22,22,54,34,64,98,152
07/30/2021,BFM,AL,ASO,CE,Federal Contract Tower,9,6,14,9,38,0,0,4,31,35,9,6,18,40,73,16,174,190,263
07/31/2021,BFM,AL,ASO,CE,Federal Contract Tower,2,0,7,0,9,0,0,13,2,15,2,0,20,2,24,38,0,38,62
08/01/2021,BFM,AL,ASO,CE,Federal Contract Tower,3,2,9,12,26,0,0,11,2,13,3,2,20,14,39,18,6,24,63
08/02/2021,BFM,AL,ASO,CE,Federal Contract Tower,3,0,12,9,24,0,0,6,3,9,3,0,18,12,33,6,26,32,65
08/03/2021,BFM,AL,ASO,CE,Federal Contract Tower,4,6,6,3,19,0,0,4,13,17,4,6,10,16,36,6,44,50,86
08/04/2021,BFM,AL,ASO,CE,Federal Contract Tower,12,0,6,4,22,0,5,18,26,49,12,5,24,30,71,4,156,160,231
08/05/2021,BFM,AL,ASO,CE,Federal Contract Tower,6,2,13,10,31,0,1,18,36,55,6,3,31,46,86,26,266,292,378
08/06/2021,BFM,AL,ASO,CE,Federal Contract Tower,4,5,6,6,21,1,0,0,0,1,5,5,6,6,22,10,116,126,148
08/07/2021,BFM,AL,ASO,CE,Federal Contract Tower,2,4,5,2,13,0,0,11,6,17,2,4,16,8,30,24,38,62,92
08/08/2021,BFM,AL,ASO,CE,Federal Contract Tower,0,1,0,6,7,0,0,12,2,14,0,1,12,8,21,14,6,20,41
08/09/2021,BFM,AL,ASO,CE,Federal Contract Tower,3,1,6,11,21,0,4,16,41,61,3,5,22,52,82,0,164,164,246
08/10/2021,BFM,AL,ASO,CE,Federal Contract Tower,5,2,6,11,24,0,2,4,36,42,5,4,10,47,66,0,216,216,282
08/11/2021,BFM,AL,ASO,CE,Federal Contract Tower,5,3,12,20,40,0,1,6,25,32,5,4,18,45,72,12,118,130,202
08/12/2021,BFM,AL,ASO,CE,Federal Contract Tower,6,2,16,1,25,0,1,5,17,23,6,3,21,18,48,4,84,88,136
08/13/2021,BFM,AL,ASO,CE,Federal Contract Tower,9,0,13,4,26,0,1,5,29,35,9,1,18,33,61,0,144,144,205
08/14/2021,BFM,AL,ASO,CE,Federal Contract Tower,3,2,3,1,9,0,0,7,0,7,3,2,10,1,16,20,0,20,36
08/15/2021,BFM,AL,ASO,CE,Federal Contract Tower,1,2,9,4,16,0,0,2,0,2,1,2,11,4,18,0,0,0,18
08/16/2021,BFM,AL,ASO,CE,Federal Contract Tower,4,0,3,0,7,0,2,6,8,16,4,2,9,8,23,0,110,110,133
08/17/2021,BFM,AL,ASO,CE,Federal Contract Tower,8,2,12,7,29,0,0,15,29,44,8,2,27,36,73,0,128,128,201
08/18/2021,BFM,AL,ASO,CE,Federal Contract Tower,7,4,18,2,31,0,2,14,35,51,7,6,32,37,82,6,220,226,308
08/19/2021,BFM,AL,ASO,CE,Federal Contract Tower,5,5,9,3,22,0,0,19,43,62,5,5,28,46,84,0,198,198,282
08/20/2021,BFM,AL,ASO,CE,Federal Contract Tower,3,4,14,0,21,0,0,6,10,16,3,4,20,10,37,6,96,102,139
08/21/2021,BFM,AL,ASO,CE,Federal Contract Tower,5,3,4,0,12,0,0,10,0,10,5,3,14,0,22,8,0,8,30
08/22/2021,BFM,AL,ASO,CE,Federal Contract Tower,3,1,5,0,9,0,0,14,0,14,3,1,19,0,23,4,0,4,27
08/23/2021,BFM,AL,ASO,CE,Federal Contract Tower,7,3,4,4,18,0,0,2,25,27,7,3,6,29,45,0,110,110,155
08/24/2021,BFM,AL,ASO,CE,Federal Contract Tower,8,5,13,2,28,0,1,1,26,28,8,6,14,28,56,0,110,110,166
08/25/2021,BFM,AL,ASO,CE,Federal Contract Tower,11,2,5,3,21,0,3,10,13,26,11,5,15,16,47,0,112,112,159
08/26/2021,BFM,AL,ASO,CE,Federal Contract Tower,6,4,9,0,19,0,2,14,23,39,6,6,23,23,58,0,116,116,174
08/27/2021,BFM,AL,ASO,CE,Federal Contract Tower,5,3,9,2,19,0,1,9,13,23,5,4,18,15,42,28,42,70,112
08/28/2021,BFM,AL,ASO,CE,Federal Contract Tower,5,3,5,0,13,0,0,2,0,2,5,3,7,0,15,0,0,0,15
08/29/2021,BFM,AL,ASO,CE,Federal Contract Tower,0,0,0,0,0,0,0,0,0,0,0,0,0,0,0,0,0,0,0
08/30/2021,BFM,AL,ASO,CE,Federal Contract Tower,2,0,1,0,3,0,0,1,0,1,2,0,2,0,4,0,0,0,4
08/31/2021,BFM,AL,ASO,CE,Federal Contract Tower,9,2,11,2,24,0,1,10,11,22,9,3,21,13,46,0,48,48,94
09/01/2021,BFM,AL,ASO,CE,Federal Contract Tower,4,2,14,7,27,0,0,14,40,54,4,2,28,47,81,4,172,176,257
09/02/2021,BFM,AL,ASO,CE,Federal Contract Tower,7,5,8,2,22,0,4,15,34,53,7,9,23,36,75,0,192,192,267
09/03/2021,BFM,AL,ASO,CE,Federal Contract Tower,7,4,10,0,21,0,7,30,7,44,7,11,40,7,65,24,58,82,147
09/04/2021,BFM,AL,ASO,CE,Federal Contract Tower,2,2,3,0,7,0,4,11,0,15,2,6,14,0,22,14,0,14,36
09/05/2021,BFM,AL,ASO,CE,Federal Contract Tower,1,2,7,0,10,0,2,14,0,16,1,4,21,0,26,14,0,14,40
09/06/2021,BFM,AL,ASO,CE,Federal Contract Tower,0,1,9,0,10,0,0,9,0,9,0,1,18,0,19,8,0,8,27
09/07/2021,BFM,AL,ASO,CE,Federal Contract Tower,0,3,9,15,27,0,5,1,29,35,0,8,10,44,62,0,100,100,162
09/08/2021,BFM,AL,ASO,CE,Federal Contract Tower,8,5,13,4,30,0,2,5,12,19,8,7,18,16,49,0,52,52,101
09/09/2021,BFM,AL,ASO,CE,Federal Contract Tower,9,2,18,3,32,0,8,8,40,56,9,10,26,43,88,8,170,178,266
09/10/2021,BFM,AL,ASO,CE,Federal Contract Tower,11,2,11,8,32,0,1,20,24,45,11,3,31,32,77,6,88,94,171
09/11/2021,BFM,AL,ASO,CE,Federal Contract Tower,5,6,5,0,16,0,0,18,6,24,5,6,23,6,40,20,26,46,86
09/12/2021,BFM,AL,ASO,CE,Federal Contract Tower,4,0,3,0,7,0,0,9,0,9,4,0,12,0,16,16,0,16,32
09/13/2021,BFM,AL,ASO,CE,Federal Contract Tower,1,2,6,2,11,0,1,2,27,30,1,3,8,29,41,0,148,148,189
09/14/2021,BFM,AL,ASO,CE,Federal Contract Tower,3,0,17,6,26,0,1,2,21,24,3,1,19,27,50,0,98,98,148
09/15/2021,BFM,AL,ASO,CE,Federal Contract Tower,4,4,16,0,24,0,0,0,0,0,4,4,16,0,24,0,0,0,24
09/16/2021,BFM,AL,ASO,CE,Federal Contract Tower,13,5,9,0,27,0,0,4,10,14,13,5,13,10,41,6,28,34,75
09/17/2021,BFM,AL,ASO,CE,Federal Contract Tower,7,10,12,8,37,0,0,1,20,21,7,10,13,28,58,0,78,78,136
09/19/2021,BFM,AL,ASO,CE,Federal Contract Tower,0,1,10,0,11,0,4,3,0,7,0,5,13,0,18,0,0,0,18
09/20/2021,BFM,AL,ASO,CE,Federal Contract Tower,3,2,4,13,22,0,3,6,21,30,3,5,10,34,52,0,100,100,152
09/21/2021,BFM,AL,ASO,CE,Federal Contract Tower,6,2,14,2,24,0,4,7,10,21,6,6,21,12,45,0,52,52,97
09/22/2021,BFM,AL,ASO,CE,Federal Contract Tower,6,2,17,10,35,0,4,9,20,33,6,6,26,30,68,4,96,100,168
09/23/2021,BFM,AL,ASO,CE,Federal Contract Tower,6,6,19,2,33,0,1,23,24,48,6,7,42,26,81,6,82,88,169
09/24/2021,BFM,AL,ASO,CE,Federal Contract Tower,7,2,7,5,21,0,3,12,20,35,7,5,19,25,56,0,90,90,146
09/25/2021,BFM,AL,ASO,CE,Federal Contract Tower,3,3,4,4,14,0,1,20,0,21,3,4,24,4,35,8,8,16,51
09/26/2021,BFM,AL,ASO,CE,Federal Contract Tower,1,1,5,2,9,0,1,18,0,19,1,2,23,2,28,6,0,6,34
09/27/2021,BFM,AL,ASO,CE,Federal Contract Tower,6,2,17,11,36,0,2,19,31,52,6,4,36,42,88,2,132,134,222
09/28/2021,BFM,AL,ASO,CE,Federal Contract Tower,4,6,10,14,34,0,4,5,19,28,4,10,15,33,62,0,94,94,156
09/29/2021,BFM,AL,ASO,CE,Federal Contract Tower,3,3,15,0,21,0,0,7,16,23,3,3,22,16,44,0,78,78,122
09/30/2021,BFM,AL,ASO,CE,Federal Contract Tower,5,7,16,17,45,0,3,4,43,50,5,10,20,60,95,0,176,176,271
10/01/2021,BFM,AL,ASO,CE,Federal Contract Tower,8,2,17,14,41,0,2,19,27,48,8,4,36,41,89,10,142,152,241
10/02/2021,BFM,AL,ASO,CE,Federal Contract Tower,2,2,9,0,13,0,0,15,2,17,2,2,24,2,30,0,6,6,36
10/03/2021,BFM,AL,ASO,CE,Federal Contract Tower,2,0,13,0,15,0,0,2,2,4,2,0,15,2,19,0,2,2,21
10/04/2021,BFM,AL,ASO,CE,Federal Contract Tower,4,1,8,25,38,0,0,0,4,4,4,1,8,29,42,0,32,32,74
10/05/2021,BFM,AL,ASO,CE,Federal Contract Tower,4,6,20,1,31,0,0,4,1,5,4,6,24,2,36,0,0,0,36
10/06/2021,BFM,AL,ASO,CE,Federal Contract Tower,10,2,20,11,43,0,2,4,19,25,10,4,24,30,68,0,60,60,128
10/07/2021,BFM,AL,ASO,CE,Federal Contract Tower,8,0,10,4,22,0,0,6,24,30,8,0,16,28,52,0,96,96,148
10/08/2021,BFM,AL,ASO,CE,Federal Contract Tower,8,7,10,7,32,0,0,14,16,30,8,7,24,23,62,0,66,66,128
10/09/2021,BFM,AL,ASO,CE,Federal Contract Tower,7,2,3,2,14,0,4,12,0,16,7,6,15,2,30,4,0,4,34
10/10/2021,BFM,AL,ASO,CE,Federal Contract Tower,0,0,9,2,11,0,2,13,3,18,0,2,22,5,29,24,12,36,65
10/11/2021,BFM,AL,ASO,CE,Federal Contract Tower,5,2,10,0,17,0,2,14,2,18,5,4,24,2,35,6,12,18,53
10/12/2021,BFM,AL,ASO,CE,Federal Contract Tower,6,4,20,12,42,0,2,33,42,77,6,6,53,54,119,0,224,224,343
10/13/2021,BFM,AL,ASO,CE,Federal Contract Tower,7,6,15,23,51,0,3,28,31,62,7,9,43,54,113,22,152,174,287
10/14/2021,BFM,AL,ASO,CE,Federal Contract Tower,4,5,20,14,43,0,1,23,30,54,4,6,43,44,97,14,98,112,209
10/15/2021,BFM,AL,ASO,CE,Federal Contract Tower,9,4,15,14,42,0,0,4,12,16,9,4,19,26,58,0,44,44,102
10/16/2021,BFM,AL,ASO,CE,Federal Contract Tower,2,5,4,1,12,0,0,1,5,6,2,5,5,6,18,0,6,6,24
10/17/2021,BFM,AL,ASO,CE,Federal Contract Tower,4,1,9,6,20,0,1,9,9,19,4,2,18,15,39,8,24,32,71
10/18/2021,BFM,AL,ASO,CE,Federal Contract Tower,4,0,16,11,31,0,2,12,23,37,4,2,28,34,68,0,150,150,218
10/19/2021,BFM,AL,ASO,CE,Federal Contract Tower,7,2,12,14,35,0,4,13,19,36,7,6,25,33,71,0,104,104,175
10/20/2021,BFM,AL,ASO,CE,Federal Contract Tower,7,8,17,8,40,0,1,10,29,40,7,9,27,37,80,2,92,94,174
10/21/2021,BFM,AL,ASO,CE,Federal Contract Tower,4,2,15,0,21,0,2,7,18,27,4,4,22,18,48,12,58,70,118
10/22/2021,BFM,AL,ASO,CE,Federal Contract Tower,5,6,12,5,28,0,2,6,18,26,5,8,18,23,54,0,88,88,142
10/23/2021,BFM,AL,ASO,CE,Federal Contract Tower,3,3,5,2,13,0,3,25,0,28,3,6,30,2,41,6,0,6,47
10/24/2021,BFM,AL,ASO,CE,Federal Contract Tower,0,1,5,2,8,0,0,9,1,10,0,1,14,3,18,0,0,0,18
10/25/2021,BFM,AL,ASO,CE,Federal Contract Tower,6,4,20,14,44,0,1,7,30,38,6,5,27,44,82,0,128,128,210
10/26/2021,BFM,AL,ASO,CE,Federal Contract Tower,9,6,21,13,49,0,2,18,64,84,9,8,39,77,133,12,222,234,367
10/27/2021,BFM,AL,ASO,CE,Federal Contract Tower,3,4,16,10,33,0,2,14,27,43,3,6,30,37,76,24,112,136,212
10/28/2021,BFM,AL,ASO,CE,Federal Contract Tower,11,6,19,21,57,0,2,5,29,36,11,8,24,50,93,0,154,154,247
10/29/2021,BFM,AL,ASO,CE,Federal Contract Tower,11,5,21,4,41,0,0,13,7,20,11,5,34,11,61,0,26,26,87
10/30/2021,BFM,AL,ASO,CE,Federal Contract Tower,4,2,8,0,14,0,1,7,2,10,4,3,15,2,24,0,0,0,24
10/31/2021,BFM,AL,ASO,CE,Federal Contract Tower,2,1,13,0,16,0,2,20,0,22,2,3,33,0,38,12,0,12,50
11/01/2021,BFM,AL,ASO,CE,Federal Contract Tower,3,2,11,11,27,0,2,23,51,76,3,4,34,62,103,18,298,316,419
11/02/2021,BFM,AL,ASO,CE,Federal Contract Tower,13,3,13,17,46,0,4,12,51,67,13,7,25,68,113,8,258,266,379
11/03/2021,BFM,AL,ASO,CE,Federal Contract Tower,6,7,21,15,49,0,1,20,39,60,6,8,41,54,109,30,146,176,285
11/04/2021,BFM,AL,ASO,CE,Federal Contract Tower,12,5,17,22,56,0,0,18,26,44,12,5,35,48,100,14,92,106,206
11/05/2021,BFM,AL,ASO,CE,Federal Contract Tower,6,7,12,17,42,0,2,4,28,34,6,9,16,45,76,0,130,130,206
11/06/2021,BFM,AL,ASO,CE,Federal Contract Tower,2,2,3,3,10,0,1,16,4,21,2,3,19,7,31,22,8,30,61
11/07/2021,BFM,AL,ASO,CE,Federal Contract Tower,4,1,7,3,15,0,4,8,9,21,4,5,15,12,36,22,52,74,110
11/08/2021,BFM,AL,ASO,CE,Federal Contract Tower,4,10,26,14,54,0,2,30,43,75,4,12,56,57,129,28,258,286,415
11/09/2021,BFM,AL,ASO,CE,Federal Contract Tower,7,6,8,8,29,0,2,30,35,67,7,8,38,43,96,26,168,194,290
11/10/2021,BFM,AL,ASO,CE,Federal Contract Tower,9,8,19,6,42,0,1,19,23,43,9,9,38,29,85,24,178,202,287
11/11/2021,BFM,AL,ASO,CE,Federal Contract Tower,6,6,20,1,33,0,1,12,11,24,6,7,32,12,57,4,30,34,91
11/12/2021,BFM,AL,ASO,CE,Federal Contract Tower,8,7,20,4,39,0,2,24,2,28,8,9,44,6,67,48,4,52,119
11/13/2021,BFM,AL,ASO,CE,Federal Contract Tower,3,5,13,0,21,0,2,19,0,21,3,7,32,0,42,26,0,26,68
11/14/2021,BFM,AL,ASO,CE,Federal Contract Tower,2,3,9,0,14,0,0,13,0,13,2,3,22,0,27,24,0,24,51
11/15/2021,BFM,AL,ASO,CE,Federal Contract Tower,2,7,16,8,33,0,4,22,41,67,2,11,38,49,100,12,174,186,286
11/16/2021,BFM,AL,ASO,CE,Federal Contract Tower,11,8,26,24,69,0,4,18,59,81,11,12,44,83,150,6,296,302,452
11/17/2021,BFM,AL,ASO,CE,Federal Contract Tower,8,3,24,18,53,0,1,26,70,97,8,4,50,88,150,28,298,326,476
11/18/2021,BFM,AL,ASO,CE,Federal Contract Tower,6,10,18,26,60,0,4,8,49,61,6,14,26,75,121,0,154,154,275
11/19/2021,BFM,AL,ASO,CE,Federal Contract Tower,11,5,17,8,41,0,0,20,37,57,11,5,37,45,98,0,254,254,352
11/20/2021,BFM,AL,ASO,CE,Federal Contract Tower,2,2,5,0,9,0,2,17,0,19,2,4,22,0,28,18,0,18,46
11/21/2021,BFM,AL,ASO,CE,Federal Contract Tower,3,0,10,6,19,0,3,14,4,21,3,3,24,10,40,18,8,26,66
11/22/2021,BFM,AL,ASO,CE,Federal Contract Tower,1,6,25,35,67,0,1,6,30,37,1,7,31,65,104,8,260,268,372
11/23/2021,BFM,AL,ASO,CE,Federal Contract Tower,11,4,19,9,43,0,2,11,29,42,11,6,30,38,85,8,226,234,319
11/24/2021,BFM,AL,ASO,CE,Federal Contract Tower,7,11,10,1,29,0,2,21,6,29,7,13,31,7,58,26,62,88,146
11/25/2021,BFM,AL,ASO,CE,Federal Contract Tower,1,9,3,0,13,0,3,2,0,5,1,12,5,0,18,0,0,0,18
11/26/2021,BFM,AL,ASO,CE,Federal Contract Tower,6,4,11,0,21,0,0,18,0,18,6,4,29,0,39,0,0,0,39
11/27/2021,BFM,AL,ASO,CE,Federal Contract Tower,2,3,10,0,15,0,0,11,0,11,2,3,21,0,26,14,0,14,40
11/28/2021,BFM,AL,ASO,CE,Federal Contract Tower,1,2,10,0,13,0,0,1,0,1,1,2,11,0,14,0,0,0,14
11/29/2021,BFM,AL,ASO,CE,Federal Contract Tower,5,4,27,30,66,0,4,9,23,36,5,8,36,53,102,0,160,160,262
11/30/2021,BFM,AL,ASO,CE,Federal Contract Tower,8,8,10,29,55,0,4,20,29,53,8,12,30,58,108,2,274,276,384
12/01/2021,BFM,AL,ASO,CE,Federal Contract Tower,2,14,24,16,56,0,3,20,55,78,2,17,44,71,134,4,292,296,430
12/02/2021,BFM,AL,ASO,CE,Federal Contract Tower,9,11,18,22,60,0,1,24,33,58,9,12,42,55,118,32,200,232,350
12/03/2021,BFM,AL,ASO,CE,Federal Contract Tower,9,10,12,23,54,0,2,17,14,33,9,12,29,37,87,26,128,154,241
12/04/2021,BFM,AL,ASO,CE,Federal Contract Tower,10,2,7,1,20,0,5,8,2,15,10,7,15,3,35,0,14,14,49
12/05/2021,BFM,AL,ASO,CE,Federal Contract Tower,5,0,13,1,19,0,1,14,4,19,5,1,27,5,38,6,6,12,50
12/06/2021,BFM,AL,ASO,CE,Federal Contract Tower,9,3,19,15,46,0,3,1,34,38,9,6,20,49,84,0,190,190,274
12/07/2021,BFM,AL,ASO,CE,Federal Contract Tower,3,10,25,13,51,0,0,0,0,0,3,10,25,13,51,0,0,0,51
12/08/2021,BFM,AL,ASO,CE,Federal Contract Tower,9,14,22,35,80,0,0,4,17,21,9,14,26,52,101,6,126,132,233
12/09/2021,BFM,AL,ASO,CE,Federal Contract Tower,2,4,12,28,46,0,0,1,7,8,2,4,13,35,54,0,76,76,130
12/10/2021,BFM,AL,ASO,CE,Federal Contract Tower,10,2,13,8,33,0,0,1,0,1,10,2,14,8,34,0,0,0,34
12/11/2021,BFM,AL,ASO,CE,Federal Contract Tower,8,0,2,4,14,0,0,0,2,2,8,0,2,6,16,0,0,0,16
12/12/2021,BFM,AL,ASO,CE,Federal Contract Tower,3,0,14,3,20,0,0,17,0,17,3,0,31,3,37,8,0,8,45
12/13/2021,BFM,AL,ASO,CE,Federal Contract Tower,6,7,13,9,35,0,10,18,28,56,6,17,31,37,91,8,146,154,245
12/14/2021,BFM,AL,ASO,CE,Federal Contract Tower,13,11,17,30,71,0,2,20,25,47,13,13,37,55,118,24,184,208,326
12/15/2021,BFM,AL,ASO,CE,Federal Contract Tower,5,5,23,19,52,0,2,34,20,56,5,7,57,39,108,28,126,154,262
12/16/2021,BFM,AL,ASO,CE,Federal Contract Tower,13,3,26,32,74,0,3,14,47,64,13,6,40,79,138,0,226,226,364
12/17/2021,BFM,AL,ASO,CE,Federal Contract Tower,11,6,24,2,43,0,2,2,0,4,11,8,26,2,47,0,0,0,47
12/18/2021,BFM,AL,ASO,CE,Federal Contract Tower,5,3,5,0,13,0,0,0,0,0,5,3,5,0,13,0,0,0,13
12/19/2021,BFM,AL,ASO,CE,Federal Contract Tower,6,3,14,2,25,0,0,1,0,1,6,3,15,2,26,0,0,0,26
12/20/2021,BFM,AL,ASO,CE,Federal Contract Tower,3,3,24,3,33,0,1,2,18,21,3,4,26,21,54,0,50,50,104
12/21/2021,BFM,AL,ASO,CE,Federal Contract Tower,5,6,17,24,52,0,2,0,2,4,5,8,17,26,56,0,52,52,108
12/22/2021,BFM,AL,ASO,CE,Federal Contract Tower,5,8,19,19,51,0,0,28,25,53,5,8,47,44,104,6,108,114,218
12/23/2021,BFM,AL,ASO,CE,Federal Contract Tower,9,6,13,0,28,0,0,24,9,33,9,6,37,9,61,4,58,62,123
12/24/2021,BFM,AL,ASO,CE,Federal Contract Tower,3,2,5,0,10,0,2,4,0,6,3,4,9,0,16,0,0,0,16
12/25/2021,BFM,AL,ASO,CE,Federal Contract Tower,0,0,1,0,1,0,0,1,0,1,0,0,2,0,2,0,0,0,2
12/26/2021,BFM,AL,ASO,CE,Federal Contract Tower,0,0,6,0,6,0,0,4,3,7,0,0,10,3,13,6,4,10,23
12/27/2021,BFM,AL,ASO,CE,Federal Contract Tower,1,6,15,6,28,0,1,13,5,19,1,7,28,11,47,6,40,46,93
12/28/2021,BFM,AL,ASO,CE,Federal Contract Tower,6,4,9,1,20,0,0,0,2,2,6,4,9,3,22,0,6,6,28
12/29/2021,BFM,AL,ASO,CE,Federal Contract Tower,6,2,15,3,26,0,0,1,5,6,6,2,16,8,32,0,12,12,44
12/30/2021,BFM,AL,ASO,CE,Federal Contract Tower,5,6,15,6,32,0,2,0,2,4,5,8,15,8,36,0,0,0,36
12/31/2021,BFM,AL,ASO,CE,Federal Contract Tower,2,2,8,0,12,0,0,1,0,1,2,2,9,0,13,0,0,0,13
01/01/2022,BFM,AL,ASO,CE,Federal Contract Tower,0,0,5,0,5,0,0,0,0,0,0,0,5,0,5,0,0,0,5
01/02/2022,BFM,AL,ASO,CE,Federal Contract Tower,0,2,6,0,8,0,0,0,0,0,0,2,6,0,8,0,0,0,8
01/03/2022,BFM,AL,ASO,CE,Federal Contract Tower,2,2,20,0,24,0,1,14,2,17,2,3,34,2,41,6,20,26,67
01/04/2022,BFM,AL,ASO,CE,Federal Contract Tower,3,3,15,14,35,0,11,10,29,50,3,14,25,43,85,2,134,136,221
01/05/2022,BFM,AL,ASO,CE,Federal Contract Tower,4,8,14,3,29,0,4,16,27,47,4,12,30,30,76,6,128,134,210
01/06/2022,BFM,AL,ASO,CE,Federal Contract Tower,2,5,9,32,48,0,0,7,34,41,2,5,16,66,89,0,214,214,303
01/07/2022,BFM,AL,ASO,CE,Federal Contract Tower,5,3,13,26,47,0,2,14,29,45,5,5,27,55,92,4,156,160,252
01/08/2022,BFM,AL,ASO,CE,Federal Contract Tower,4,4,12,2,22,0,0,12,2,14,4,4,24,4,36,6,12,18,54
01/09/2022,BFM,AL,ASO,CE,Federal Contract Tower,1,2,3,0,6,0,0,0,0,0,1,2,3,0,6,0,0,0,6
01/10/2022,BFM,AL,ASO,CE,Federal Contract Tower,3,3,13,18,37,0,3,11,13,27,3,6,24,31,64,0,78,78,142
01/11/2022,BFM,AL,ASO,CE,Federal Contract Tower,10,4,15,20,49,0,0,9,28,37,10,4,24,48,86,16,126,142,228
01/12/2022,BFM,AL,ASO,CE,Federal Contract Tower,1,5,16,15,37,0,0,15,32,47,1,5,31,47,84,24,106,130,214
01/13/2022,BFM,AL,ASO,CE,Federal Contract Tower,2,5,19,27,53,0,5,36,16,57,2,10,55,43,110,12,80,92,202
01/14/2022,BFM,AL,ASO,CE,Federal Contract Tower,4,4,14,19,41,0,5,22,19,46,4,9,36,38,87,90,68,158,245
01/15/2022,BFM,AL,ASO,CE,Federal Contract Tower,2,4,8,0,14,0,0,3,0,3,2,4,11,0,17,0,0,0,17
01/16/2022,BFM,AL,ASO,CE,Federal Contract Tower,0,0,5,0,5,0,0,0,0,0,0,0,5,0,5,0,0,0,5
01/17/2022,BFM,AL,ASO,CE,Federal Contract Tower,5,2,15,2,24,0,2,16,0,18,5,4,31,2,42,8,0,8,50
01/18/2022,BFM,AL,ASO,CE,Federal Contract Tower,5,6,14,31,56,0,8,8,39,55,5,14,22,70,111,24,208,232,343
01/19/2022,BFM,AL,ASO,CE,Federal Contract Tower,4,6,16,31,57,0,2,17,26,45,4,8,33,57,102,16,130,146,248
01/20/2022,BFM,AL,ASO,CE,Federal Contract Tower,8,4,16,0,28,0,0,0,0,0,8,4,16,0,28,0,0,0,28
01/21/2022,BFM,AL,ASO,CE,Federal Contract Tower,3,7,10,0,20,0,1,3,2,6,3,8,13,2,26,0,4,4,30
01/22/2022,BFM,AL,ASO,CE,Federal Contract Tower,4,4,5,3,16,0,7,12,8,27,4,11,17,11,43,8,38,46,89
01/23/2022,BFM,AL,ASO,CE,Federal Contract Tower,0,0,3,0,3,0,2,7,3,12,0,2,10,3,15,12,22,34,49
01/24/2022,BFM,AL,ASO,CE,Federal Contract Tower,2,3,3,11,19,0,5,23,29,57,2,8,26,40,76,0,218,218,294
01/25/2022,BFM,AL,ASO,CE,Federal Contract Tower,12,15,14,0,41,0,0,0,0,0,12,15,14,0,41,0,0,0,41
01/26/2022,BFM,AL,ASO,CE,Federal Contract Tower,8,4,13,39,64,0,4,25,23,52,8,8,38,62,116,6,52,58,174
01/27/2022,BFM,AL,ASO,CE,Federal Contract Tower,4,5,15,24,48,0,3,22,40,65,4,8,37,64,113,24,176,200,313
01/28/2022,BFM,AL,ASO,CE,Federal Contract Tower,4,8,10,41,63,0,1,13,31,45,4,9,23,72,108,32,96,128,236
01/29/2022,BFM,AL,ASO,CE,Federal Contract Tower,2,2,2,2,8,0,0,20,8,28,2,2,22,10,36,0,12,12,48
01/30/2022,BFM,AL,ASO,CE,Federal Contract Tower,3,0,11,7,21,0,1,11,2,14,3,1,22,9,35,2,4,6,41
01/31/2022,BFM,AL,ASO,CE,Federal Contract Tower,4,11,18,17,50,0,2,14,37,53,4,13,32,54,103,22,138,160,263
02/01/2022,BFM,AL,ASO,CE,Federal Contract Tower,4,10,17,17,48,0,0,12,35,47,4,10,29,52,95,0,222,222,317
02/02/2022,BFM,AL,ASO,CE,Federal Contract Tower,5,9,16,0,30,0,0,3,6,9,5,9,19,6,39,0,14,14,53
02/03/2022,BFM,AL,ASO,CE,Federal Contract Tower,0,9,5,0,14,0,0,0,0,0,0,9,5,0,14,0,0,0,14
02/04/2022,BFM,AL,ASO,CE,Federal Contract Tower,4,8,9,0,21,0,0,0,0,0,4,8,9,0,21,0,0,0,21
02/05/2022,BFM,AL,ASO,CE,Federal Contract Tower,4,2,12,5,23,0,0,8,14,22,4,2,20,19,45,4,52,56,101
02/06/2022,BFM,AL,ASO,CE,Federal Contract Tower,0,0,13,1,14,0,0,16,8,24,0,0,29,9,38,12,42,54,92
02/07/2022,BFM,AL,ASO,CE,Federal Contract Tower,5,4,8,37,54,0,1,5,11,17,5,5,13,48,71,0,88,88,159
02/08/2022,BFM,AL,ASO,CE,Federal Contract Tower,4,6,18,22,50,0,4,16,36,56,4,10,34,58,106,0,188,188,294
02/09/2022,BFM,AL,ASO,CE,Federal Contract Tower,5,5,24,17,51,0,2,17,32,51,5,7,41,49,102,10,114,124,226
02/10/2022,BFM,AL,ASO,CE,Federal Contract Tower,4,9,11,13,37,0,4,10,36,50,4,13,21,49,87,0,182,182,269
02/11/2022,BFM,AL,ASO,CE,Federal Contract Tower,7,5,14,15,41,0,0,23,30,53,7,5,37,45,94,12,222,234,328
02/12/2022,BFM,AL,ASO,CE,Federal Contract Tower,8,2,9,2,21,0,2,27,2,31,8,4,36,4,52,16,2,18,70
02/13/2022,BFM,AL,ASO,CE,Federal Contract Tower,4,2,3,2,11,0,5,13,1,19,4,7,16,3,30,0,0,0,30
02/14/2022,BFM,AL,ASO,CE,Federal Contract Tower,3,4,7,12,26,0,7,10,33,50,3,11,17,45,76,22,186,208,284
02/15/2022,BFM,AL,ASO,CE,Federal Contract Tower,4,5,27,2,38,0,2,24,34,60,4,7,51,36,98,14,190,204,302
02/16/2022,BFM,AL,ASO,CE,Federal Contract Tower,13,8,24,7,52,0,2,13,25,40,13,10,37,32,92,4,132,136,228
02/17/2022,BFM,AL,ASO,CE,Federal Contract Tower,11,4,10,0,25,0,2,0,2,4,11,6,10,2,29,0,28,28,57
02/18/2022,BFM,AL,ASO,CE,Federal Contract Tower,14,9,10,17,50,0,3,15,19,37,14,12,25,36,87,10,114,124,211
02/19/2022,BFM,AL,ASO,CE,Federal Contract Tower,4,2,21,2,29,0,0,18,7,25,4,2,39,9,54,22,28,50,104
02/20/2022,BFM,AL,ASO,CE,Federal Contract Tower,3,3,23,0,29,0,6,18,3,27,3,9,41,3,56,16,14,30,86
02/21/2022,BFM,AL,ASO,CE,Federal Contract Tower,3,7,14,1,25,0,4,14,0,18,3,11,28,1,43,18,0,18,61
02/22/2022,BFM,AL,ASO,CE,Federal Contract Tower,9,6,14,11,40,0,2,4,16,22,9,8,18,27,62,28,116,144,206
02/23/2022,BFM,AL,ASO,CE,Federal Contract Tower,4,6,15,5,30,0,5,12,19,36,4,11,27,24,66,6,74,80,146
02/24/2022,BFM,AL,ASO,CE,Federal Contract Tower,2,3,19,6,30,0,0,4,16,20,2,3,23,22,50,0,88,88,138
02/25/2022,BFM,AL,ASO,CE,Federal Contract Tower,9,8,21,14,52,0,0,4,15,19,9,8,25,29,71,0,112,112,183
02/26/2022,BFM,AL,ASO,CE,Federal Contract Tower,5,4,17,2,28,0,0,4,2,6,5,4,21,4,34,0,18,18,52
02/27/2022,BFM,AL,ASO,CE,Federal Contract Tower,3,1,19,0,23,0,0,3,0,3,3,1,22,0,26,0,0,0,26
02/28/2022,BFM,AL,ASO,CE,Federal Contract Tower,4,5,17,21,47,0,3,13,36,52,4,8,30,57,99,12,170,182,281
03/01/2022,BFM,AL,ASO,CE,Federal Contract Tower,7,10,15,15,47,0,2,17,46,65,7,12,32,61,112,2,208,210,322
03/02/2022,BFM,AL,ASO,CE,Federal Contract Tower,8,9,15,16,48,0,5,11,51,67,8,14,26,67,115,0,294,294,409
03/03/2022,BFM,AL,ASO,CE,Federal Contract Tower,6,6,22,15,49,0,5,17,38,60,6,11,39,53,109,0,110,110,219
03/04/2022,BFM,AL,ASO,CE,Federal Contract Tower,7,8,12,11,38,0,0,18,22,40,7,8,30,33,78,10,130,140,218
03/05/2022,BFM,AL,ASO,CE,Federal Contract Tower,2,2,16,0,20,0,2,18,5,25,2,4,34,5,45,6,28,34,79
03/06/2022,BFM,AL,ASO,CE,Federal Contract Tower,1,0,22,0,23,0,0,10,10,20,1,0,32,10,43,18,38,56,99
03/07/2022,BFM,AL,ASO,CE,Federal Contract Tower,3,6,6,0,15,0,1,1,2,4,3,7,7,2,19,6,10,16,35
03/08/2022,BFM,AL,ASO,CE,Federal Contract Tower,8,8,22,9,47,0,0,4,2,6,8,8,26,11,53,18,50,68,121
03/09/2022,BFM,AL,ASO,CE,Federal Contract Tower,6,7,15,0,28,0,1,0,0,1,6,8,15,0,29,0,0,0,29
03/10/2022,BFM,AL,ASO,CE,Federal Contract Tower,12,6,12,19,49,0,0,10,21,31,12,6,22,40,80,6,146,152,232
03/11/2022,BFM,AL,ASO,CE,Federal Contract Tower,4,6,13,0,23,0,0,8,2,10,4,6,21,2,33,8,12,20,53
03/12/2022,BFM,AL,ASO,CE,Federal Contract Tower,2,1,6,0,9,0,0,4,0,4,2,1,10,0,13,0,0,0,13
03/13/2022,BFM,AL,ASO,CE,Federal Contract Tower,1,2,8,4,15,0,2,20,4,26,1,4,28,8,41,16,0,16,57
03/14/2022,BFM,AL,ASO,CE,Federal Contract Tower,1,6,5,34,46,0,7,7,53,67,1,13,12,87,113,8,268,276,389
03/15/2022,BFM,AL,ASO,CE,Federal Contract Tower,8,9,13,0,30,0,1,4,14,19,8,10,17,14,49,2,64,66,115
03/16/2022,BFM,AL,ASO,CE,Federal Contract Tower,2,15,23,40,80,0,2,10,32,44,2,17,33,72,124,26,182,208,332
03/17/2022,BFM,AL,ASO,CE,Federal Contract Tower,6,9,15,12,42,0,2,16,28,46,6,11,31,40,88,8,116,124,212
03/18/2022,BFM,AL,ASO,CE,Federal Contract Tower,8,4,10,0,22,0,0,3,0,3,8,4,13,0,25,0,0,0,25
03/19/2022,BFM,AL,ASO,CE,Federal Contract Tower,3,2,6,0,11,0,0,15,12,27,3,2,21,12,38,18,46,64,102
03/20/2022,BFM,AL,ASO,CE,Federal Contract Tower,3,1,13,1,18,0,0,11,4,15,3,1,24,5,33,0,14,14,47
03/21/2022,BFM,AL,ASO,CE,Federal Contract Tower,5,5,7,15,32,0,2,12,57,71,5,7,19,72,103,4,282,286,389
03/22/2022,BFM,AL,ASO,CE,Federal Contract Tower,7,6,15,1,29,0,0,0,8,8,7,6,15,9,37,0,20,20,57
03/23/2022,BFM,AL,ASO,CE,Federal Contract Tower,13,7,13,6,39,0,4,10,30,44,13,11,23,36,83,0,190,190,273
03/24/2022,BFM,AL,ASO,CE,Federal Contract Tower,10,5,18,23,56,0,1,13,36,50,10,6,31,59,106,16,192,208,314
03/25/2022,BFM,AL,ASO,CE,Federal Contract Tower,11,7,7,41,66,0,6,24,33,63,11,13,31,74,129,0,198,198,327
03/26/2022,BFM,AL,ASO,CE,Federal Contract Tower,4,2,7,3,16,0,6,14,6,26,4,8,21,9,42,24,34,58,100
03/27/2022,BFM,AL,ASO,CE,Federal Contract Tower,1,2,20,12,35,0,3,7,9,19,1,5,27,21,54,0,46,46,100
03/28/2022,BFM,AL,ASO,CE,Federal Contract Tower,4,4,26,12,46,0,4,14,42,60,4,8,40,54,106,8,214,222,328
03/29/2022,BFM,AL,ASO,CE,Federal Contract Tower,9,7,19,30,65,0,5,12,28,45,9,12,31,58,110,0,134,134,244
03/30/2022,BFM,AL,ASO,CE,Federal Contract Tower,6,5,9,3,23,0,2,2,25,29,6,7,11,28,52,0,104,104,156
03/31/2022,BFM,AL,ASO,CE,Federal Contract Tower,11,6,18,29,64,0,5,7,36,48,11,11,25,65,112,0,150,150,262
04/01/2022,BFM,AL,ASO,CE,Federal Contract Tower,10,6,11,2,29,0,9,10,21,40,10,15,21,23,69,0,92,92,161
04/02/2022,BFM,AL,ASO,CE,Federal Contract Tower,4,3,4,0,11,0,6,5,0,11,4,9,9,0,22,10,0,10,32
04/03/2022,BFM,AL,ASO,CE,Federal Contract Tower,2,0,9,6,17,0,4,13,0,17,2,4,22,6,34,0,0,0,34
04/04/2022,BFM,AL,ASO,CE,Federal Contract Tower,1,3,11,1,16,0,0,24,23,47,1,3,35,24,63,4,100,104,167
04/05/2022,BFM,AL,ASO,CE,Federal Contract Tower,8,5,13,0,26,0,0,0,0,0,8,5,13,0,26,0,0,0,26
04/06/2022,BFM,AL,ASO,CE,Federal Contract Tower,5,6,18,10,39,0,0,0,10,10,5,6,18,20,49,0,90,90,139
04/07/2022,BFM,AL,ASO,CE,Federal Contract Tower,6,7,21,4,38,0,0,6,43,49,6,7,27,47,87,0,170,170,257
04/08/2022,BFM,AL,ASO,CE,Federal Contract Tower,4,7,23,12,46,0,0,13,15,28,4,7,36,27,74,10,68,78,152
04/09/2022,BFM,AL,ASO,CE,Federal Contract Tower,3,5,14,20,42,0,0,7,12,19,3,5,21,32,61,0,52,52,113
04/10/2022,BFM,AL,ASO,CE,Federal Contract Tower,1,2,18,2,23,0,2,13,4,19,1,4,31,6,42,6,30,36,78
04/11/2022,BFM,AL,ASO,CE,Federal Contract Tower,4,5,17,3,29,0,1,8,12,21,4,6,25,15,50,0,50,50,100
04/12/2022,BFM,AL,ASO,CE,Federal Contract Tower,10,28,33,23,94,0,10,13,34,57,10,38,46,57,151,0,164,164,315
04/13/2022,BFM,AL,ASO,CE,Federal Contract Tower,8,9,15,18,50,0,1,5,31,37,8,10,20,49,87,0,222,222,309
04/14/2022,BFM,AL,ASO,CE,Federal Contract Tower,8,5,24,21,58,0,0,4,14,18,8,5,28,35,76,6,96,102,178
04/15/2022,BFM,AL,ASO,CE,Federal Contract Tower,6,8,10,14,38,0,2,11,13,26,6,10,21,27,64,4,38,42,106
04/16/2022,BFM,AL,ASO,CE,Federal Contract Tower,4,2,5,0,11,0,0,3,0,3,4,2,8,0,14,0,0,0,14
04/17/2022,BFM,AL,ASO,CE,Federal Contract Tower,3,2,3,2,10,0,0,2,0,2,3,2,5,2,12,0,0,0,12
04/18/2022,BFM,AL,ASO,CE,Federal Contract Tower,3,8,25,22,58,0,4,5,6,15,3,12,30,28,73,0,44,44,117
04/19/2022,BFM,AL,ASO,CE,Federal Contract Tower,4,7,28,52,91,0,4,14,24,42,4,11,42,76,133,4,166,170,303
04/20/2022,BFM,AL,ASO,CE,Federal Contract Tower,6,4,14,16,40,0,3,33,41,77,6,7,47,57,117,0,262,262,379
04/21/2022,BFM,AL,ASO,CE,Federal Contract Tower,6,4,16,18,44,0,4,17,44,65,6,8,33,62,109,22,254,276,385
04/22/2022,BFM,AL,ASO,CE,Federal Contract Tower,5,7,26,8,46,0,0,8,22,30,5,7,34,30,76,0,116,116,192
04/23/2022,BFM,AL,ASO,CE,Federal Contract Tower,5,2,3,0,10,0,2,20,5,27,5,4,23,5,37,14,32,46,83
04/24/2022,BFM,AL,ASO,CE,Federal Contract Tower,2,4,23,0,29,0,0,16,4,20,2,4,39,4,49,18,22,40,89
04/25/2022,BFM,AL,ASO,CE,Federal Contract Tower,3,5,21,9,38,0,3,16,45,64,3,8,37,54,102,2,212,214,316
04/26/2022,BFM,AL,ASO,CE,Federal Contract Tower,4,6,20,27,57,0,2,5,31,38,4,8,25,58,95,6,134,140,235
04/27/2022,BFM,AL,ASO,CE,Federal Contract Tower,10,9,18,19,56,0,5,13,26,44,10,14,31,45,100,4,130,134,234
04/28/2022,BFM,AL,ASO,CE,Federal Contract Tower,7,4,24,9,44,0,1,11,21,33,7,5,35,30,77,0,74,74,151
04/29/2022,BFM,AL,ASO,CE,Federal Contract Tower,6,9,13,6,34,0,3,6,11,20,6,12,19,17,54,6,40,46,100
04/30/2022,BFM,AL,ASO,CE,Federal Contract Tower,4,4,2,0,10,0,1,4,7,12,4,5,6,7,22,14,54,68,90
05/01/2022,BFM,AL,ASO,CE,Federal Contract Tower,3,5,6,2,16,0,0,7,3,10,3,5,13,5,26,6,0,6,32
05/02/2022,BFM,AL,ASO,CE,Federal Contract Tower,6,8,21,13,48,0,1,9,32,42,6,9,30,45,90,0,144,144,234
05/03/2022,BFM,AL,ASO,CE,Federal Contract Tower,10,4,29,26,69,0,1,14,24,39,10,5,43,50,108,0,126,126,234
05/04/2022,BFM,AL,ASO,CE,Federal Contract Tower,6,4,17,13,40,0,3,10,21,34,6,7,27,34,74,8,144,152,226
05/05/2022,BFM,AL,ASO,CE,Federal Contract Tower,4,4,25,13,46,0,1,16,15,32,4,5,41,28,78,16,70,86,164
05/06/2022,BFM,AL,ASO,CE,Federal Contract Tower,3,6,14,0,23,0,0,3,6,9,3,6,17,6,32,0,22,22,54
05/07/2022,BFM,AL,ASO,CE,Federal Contract Tower,3,2,8,0,13,0,4,13,5,22,3,6,21,5,35,2,38,40,75
05/08/2022,BFM,AL,ASO,CE,Federal Contract Tower,1,0,15,0,16,0,1,17,0,18,1,1,32,0,34,4,0,4,38
05/09/2022,BFM,AL,ASO,CE,Federal Contract Tower,6,4,17,8,35,0,2,11,33,46,6,6,28,41,81,2,116,118,199
05/10/2022,BFM,AL,ASO,CE,Federal Contract Tower,6,6,15,11,38,0,3,8,46,57,6,9,23,57,95,26,196,222,317
05/11/2022,BFM,AL,ASO,CE,Federal Contract Tower,3,4,12,18,37,0,7,12,30,49,3,11,24,48,86,14,142,156,242
05/12/2022,BFM,AL,ASO,CE,Federal Contract Tower,10,6,18,5,39,0,0,30,19,49,10,6,48,24,88,0,74,74,162
05/13/2022,BFM,AL,ASO,CE,Federal Contract Tower,7,3,18,4,32,0,0,6,14,20,7,3,24,18,52,12,84,96,148
05/14/2022,BFM,AL,ASO,CE,Federal Contract Tower,2,2,4,11,19,0,0,15,0,15,2,2,19,11,34,16,0,16,50
05/15/2022,BFM,AL,ASO,CE,Federal Contract Tower,1,2,10,3,16,0,0,6,2,8,1,2,16,5,24,12,0,12,36
05/16/2022,BFM,AL,ASO,CE,Federal Contract Tower,2,5,15,13,35,0,2,4,33,39,2,7,19,46,74,6,114,120,194
05/17/2022,BFM,AL,ASO,CE,Federal Contract Tower,5,10,14,9,38,0,0,10,22,32,5,10,24,31,70,8,108,116,186
05/18/2022,BFM,AL,ASO,CE,Federal Contract Tower,5,14,19,15,53,0,4,11,25,40,5,18,30,40,93,26,104,130,223
05/19/2022,BFM,AL,ASO,CE,Federal Contract Tower,7,8,17,39,71,0,0,11,21,32,7,8,28,60,103,0,92,92,195
05/20/2022,BFM,AL,ASO,CE,Federal Contract Tower,4,6,19,4,33,0,5,9,2,16,4,11,28,6,49,0,10,10,59
05/21/2022,BFM,AL,ASO,CE,Federal Contract Tower,5,6,12,1,24,0,0,1,2,3,5,6,13,3,27,0,18,18,45
05/22/2022,BFM,AL,ASO,CE,Federal Contract Tower,2,2,7,0,11,0,0,0,0,0,2,2,7,0,11,0,0,0,11
05/23/2022,BFM,AL,ASO,CE,Federal Contract Tower,1,4,9,2,16,0,0,4,7,11,1,4,13,9,27,0,32,32,59
05/24/2022,BFM,AL,ASO,CE,Federal Contract Tower,9,16,22,1,48,0,1,2,8,11,9,17,24,9,59,0,22,22,81
05/25/2022,BFM,AL,ASO,CE,Federal Contract Tower,8,5,11,0,24,0,2,1,7,10,8,7,12,7,34,0,18,18,52
05/26/2022,BFM,AL,ASO,CE,Federal Contract Tower,4,9,17,4,34,0,0,7,18,25,4,9,24,22,59,0,108,108,167
05/27/2022,BFM,AL,ASO,CE,Federal Contract Tower,8,4,12,0,24,0,2,12,4,18,8,6,24,4,42,0,18,18,60
05/28/2022,BFM,AL,ASO,CE,Federal Contract Tower,6,5,1,0,12,0,5,8,0,13,6,10,9,0,25,18,0,18,43
05/29/2022,BFM,AL,ASO,CE,Federal Contract Tower,2,0,5,0,7,0,1,2,1,4,2,1,7,1,11,0,8,8,19
05/30/2022,BFM,AL,ASO,CE,Federal Contract Tower,0,1,16,1,18,0,0,4,0,4,0,1,20,1,22,0,0,0,22
05/31/2022,BFM,AL,ASO,CE,Federal Contract Tower,5,5,6,8,24,0,0,17,17,34,5,5,23,25,58,6,114,120,178
06/01/2022,BFM,AL,ASO,CE,Federal Contract Tower,7,5,23,11,46,0,3,15,31,49,7,8,38,42,95,4,154,158,253
06/02/2022,BFM,AL,ASO,CE,Federal Contract Tower,6,5,16,2,29,0,2,13,30,45,6,7,29,32,74,16,122,138,212
06/03/2022,BFM,AL,ASO,CE,Federal Contract Tower,14,5,8,5,32,0,2,15,22,39,14,7,23,27,71,10,88,98,169
06/04/2022,BFM,AL,ASO,CE,Federal Contract Tower,6,2,8,4,20,0,1,13,0,14,6,3,21,4,34,0,0,0,34
06/05/2022,BFM,AL,ASO,CE,Federal Contract Tower,1,0,13,1,15,0,1,8,4,13,1,1,21,5,28,0,2,2,30
06/06/2022,BFM,AL,ASO,CE,Federal Contract Tower,4,3,7,11,25,0,5,22,31,58,4,8,29,42,83,46,144,190,273
06/07/2022,BFM,AL,ASO,CE,Federal Contract Tower,8,3,17,24,52,0,8,6,25,39,8,11,23,49,91,10,176,186,277
06/08/2022,BFM,AL,ASO,CE,Federal Contract Tower,7,5,13,11,36,0,5,7,33,45,7,10,20,44,81,8,210,218,299
06/09/2022,BFM,AL,ASO,CE,Federal Contract Tower,5,7,8,8,28,0,3,9,22,34,5,10,17,30,62,18,96,114,176
06/10/2022,BFM,AL,ASO,CE,Federal Contract Tower,7,8,16,3,34,0,2,1,13,16,7,10,17,16,50,0,46,46,96
06/11/2022,BFM,AL,ASO,CE,Federal Contract Tower,2,2,4,8,16,0,1,7,6,14,2,3,11,14,30,0,20,20,50
06/12/2022,BFM,AL,ASO,CE,Federal Contract Tower,3,2,8,4,17,0,2,3,0,5,3,4,11,4,22,0,0,0,22
06/13/2022,BFM,AL,ASO,CE,Federal Contract Tower,6,3,9,3,21,0,4,8,7,19,6,7,17,10,40,0,22,22,62
06/14/2022,BFM,AL,ASO,CE,Federal Contract Tower,4,9,16,24,53,0,2,19,13,34,4,11,35,37,87,14,46,60,147
06/15/2022,BFM,AL,ASO,CE,Federal Contract Tower,4,6,26,33,69,0,0,5,19,24,4,6,31,52,93,18,160,178,271
06/16/2022,BFM,AL,ASO,CE,Federal Contract Tower,7,6,15,10,38,0,4,13,20,37,7,10,28,30,75,12,94,106,181
06/17/2022,BFM,AL,ASO,CE,Federal Contract Tower,7,10,12,26,55,0,2,17,16,35,7,12,29,42,90,24,122,146,236
06/18/2022,BFM,AL,ASO,CE,Federal Contract Tower,2,2,7,0,11,0,0,10,0,10,2,2,17,0,21,4,0,4,25
06/19/2022,BFM,AL,ASO,CE,Federal Contract Tower,2,3,12,2,19,0,0,16,1,17,2,3,28,3,36,24,0,24,60
06/20/2022,BFM,AL,ASO,CE,Federal Contract Tower,1,4,12,1,18,0,1,14,1,16,1,5,26,2,34,0,0,0,34
06/21/2022,BFM,AL,ASO,CE,Federal Contract Tower,5,7,15,7,34,0,0,9,19,28,5,7,24,26,62,4,40,44,106
06/22/2022,BFM,AL,ASO,CE,Federal Contract Tower,4,7,10,11,32,0,8,12,31,51,4,15,22,42,83,12,164,176,259
06/23/2022,BFM,AL,ASO,CE,Federal Contract Tower,6,7,19,8,40,0,0,19,20,39,6,7,38,28,79,40,90,130,209
06/24/2022,BFM,AL,ASO,CE,Federal Contract Tower,2,4,11,2,19,0,3,12,18,33,2,7,23,20,52,10,114,124,176
06/25/2022,BFM,AL,ASO,CE,Federal Contract Tower,2,4,10,0,16,0,0,8,2,10,2,4,18,2,26,12,0,12,38
06/26/2022,BFM,AL,ASO,CE,Federal Contract Tower,1,1,6,0,8,0,0,1,2,3,1,1,7,2,11,0,0,0,11
06/27/2022,BFM,AL,ASO,CE,Federal Contract Tower,7,5,15,10,37,0,3,22,16,41,7,8,37,26,78,30,90,120,198
06/28/2022,BFM,AL,ASO,CE,Federal Contract Tower,7,3,14,16,40,0,3,14,20,37,7,6,28,36,77,16,68,84,161
06/29/2022,BFM,AL,ASO,CE,Federal Contract Tower,5,3,19,13,40,0,2,10,12,24,5,5,29,25,64,6,70,76,140
06/30/2022,BFM,AL,ASO,CE,Federal Contract Tower,7,5,9,21,42,0,0,13,11,24,7,5,22,32,66,42,108,150,216
07/01/2022,BFM,AL,ASO,CE,Federal Contract Tower,4,4,3,0,11,0,2,0,0,2,4,6,3,0,13,0,0,0,13
07/02/2022,BFM,AL,ASO,CE,Federal Contract Tower,2,0,1,0,3,0,0,9,0,9,2,0,10,0,12,4,0,4,16
07/03/2022,BFM,AL,ASO,CE,Federal Contract Tower,1,0,6,0,7,0,2,1,0,3,1,2,7,0,10,0,0,0,10
07/04/2022,BFM,AL,ASO,CE,Federal Contract Tower,0,0,4,0,4,0,0,3,0,3,0,0,7,0,7,0,0,0,7
07/05/2022,BFM,AL,ASO,CE,Federal Contract Tower,8,6,11,0,25,0,5,6,2,13,8,11,17,2,38,16,4,20,58
07/06/2022,BFM,AL,ASO,CE,Federal Contract Tower,3,4,9,7,23,0,6,17,27,50,3,10,26,34,73,10,152,162,235
07/07/2022,BFM,AL,ASO,CE,Federal Contract Tower,13,6,9,15,43,0,0,10,25,35,13,6,19,40,78,18,90,108,186
07/08/2022,BFM,AL,ASO,CE,Federal Contract Tower,9,6,12,10,37,0,0,4,18,22,9,6,16,28,59,0,130,130,189
07/09/2022,BFM,AL,ASO,CE,Federal Contract Tower,3,0,2,7,12,0,0,4,2,6,3,0,6,9,18,0,20,20,38
07/10/2022,BFM,AL,ASO,CE,Federal Contract Tower,4,1,9,2,16,0,0,1,0,1,4,1,10,2,17,0,0,0,17
07/11/2022,BFM,AL,ASO,CE,Federal Contract Tower,2,2,6,5,15,0,2,6,17,25,2,4,12,22,40,2,92,94,134
07/12/2022,BFM,AL,ASO,CE,Federal Contract Tower,6,4,17,15,42,0,3,11,25,39,6,7,28,40,81,14,148,162,243
07/13/2022,BFM,AL,ASO,CE,Federal Contract Tower,5,2,12,5,24,0,0,4,18,22,5,2,16,23,46,0,130,130,176
07/14/2022,BFM,AL,ASO,CE,Federal Contract Tower,6,2,29,2,39,0,2,7,16,25,6,4,36,18,64,0,98,98,162
07/15/2022,BFM,AL,ASO,CE,Federal Contract Tower,12,3,15,12,42,0,0,6,29,35,12,3,21,41,77,0,130,130,207
07/16/2022,BFM,AL,ASO,CE,Federal Contract Tower,3,6,3,0,12,0,0,8,0,8,3,6,11,0,20,6,0,6,26
07/17/2022,BFM,AL,ASO,CE,Federal Contract Tower,1,0,20,0,21,0,0,11,0,11,1,0,31,0,32,2,0,2,34
07/18/2022,BFM,AL,ASO,CE,Federal Contract Tower,3,2,18,23,46,0,5,24,31,60,3,7,42,54,106,30,174,204,310
07/19/2022,BFM,AL,ASO,CE,Federal Contract Tower,6,7,17,13,43,0,2,17,41,60,6,9,34,54,103,12,178,190,293
07/20/2022,BFM,AL,ASO,CE,Federal Contract Tower,10,4,14,11,39,0,2,8,16,26,10,6,22,27,65,12,78,90,155
07/21/2022,BFM,AL,ASO,CE,Federal Contract Tower,12,6,10,11,39,0,2,10,35,47,12,8,20,46,86,26,194,220,306
07/22/2022,BFM,AL,ASO,CE,Federal Contract Tower,9,4,5,9,27,0,0,5,9,14,9,4,10,18,41,10,72,82,123
07/23/2022,BFM,AL,ASO,CE,Federal Contract Tower,2,3,9,15,29,0,4,12,4,20,2,7,21,19,49,28,22,50,99
07/24/2022,BFM,AL,ASO,CE,Federal Contract Tower,1,0,14,4,19,0,0,3,0,3,1,0,17,4,22,0,0,0,22
07/25/2022,BFM,AL,ASO,CE,Federal Contract Tower,3,2,19,0,24,0,0,4,12,16,3,2,23,12,40,0,136,136,176
07/26/2022,BFM,AL,ASO,CE,Federal Contract Tower,6,6,10,35,57,0,2,9,31,42,6,8,19,66,99,18,164,182,281
07/27/2022,BFM,AL,ASO,CE,Federal Contract Tower,4,4,18,21,47,0,4,3,30,37,4,8,21,51,84,0,178,178,262
07/28/2022,BFM,AL,ASO,CE,Federal Contract Tower,8,6,13,19,46,0,4,8,25,37,8,10,21,44,83,0,150,150,233
07/29/2022,BFM,AL,ASO,CE,Federal Contract Tower,7,7,4,8,26,0,0,4,10,14,7,7,8,18,40,24,92,116,156
07/30/2022,BFM,AL,ASO,CE,Federal Contract Tower,6,4,4,0,14,0,0,5,0,5,6,4,9,0,19,12,0,12,31
07/31/2022,BFM,AL,ASO,CE,Federal Contract Tower,2,0,7,4,13,0,0,6,5,11,2,0,13,9,24,0,0,0,24
08/01/2022,BFM,AL,ASO,CE,Federal Contract Tower,6,2,4,4,16,0,2,5,9,16,6,4,9,13,32,0,58,58,90
08/02/2022,BFM,AL,ASO,CE,Federal Contract Tower,6,7,8,17,38,0,2,5,19,26,6,9,13,36,64,0,36,36,100
08/03/2022,BFM,AL,ASO,CE,Federal Contract Tower,6,5,13,18,42,0,1,17,34,52,6,6,30,52,94,14,220,234,328
08/04/2022,BFM,AL,ASO,CE,Federal Contract Tower,8,4,3,36,51,0,0,16,29,45,8,4,19,65,96,6,162,168,264
08/05/2022,BFM,AL,ASO,CE,Federal Contract Tower,9,2,16,25,52,0,3,7,15,25,9,5,23,40,77,0,48,48,125
08/06/2022,BFM,AL,ASO,CE,Federal Contract Tower,4,3,8,0,15,0,8,2,0,10,4,11,10,0,25,16,0,16,41
08/07/2022,BFM,AL,ASO,CE,Federal Contract Tower,1,0,2,6,9,0,0,4,2,6,1,0,6,8,15,8,0,8,23
08/08/2022,BFM,AL,ASO,CE,Federal Contract Tower,1,1,15,30,47,0,5,3,19,27,1,6,18,49,74,0,130,130,204
08/09/2022,BFM,AL,ASO,CE,Federal Contract Tower,8,3,10,72,93,0,0,9,42,51,8,3,19,114,144,10,186,196,340
08/10/2022,BFM,AL,ASO,CE,Federal Contract Tower,6,4,20,25,55,0,0,9,16,25,6,4,29,41,80,0,144,144,224
08/11/2022,BFM,AL,ASO,CE,Federal Contract Tower,6,6,16,13,41,0,0,12,29,41,6,6,28,42,82,4,146,150,232
08/12/2022,BFM,AL,ASO,CE,Federal Contract Tower,8,5,5,12,30,0,0,13,37,50,8,5,18,49,80,0,154,154,234
08/13/2022,BFM,AL,ASO,CE,Federal Contract Tower,4,2,13,0,19,0,0,15,9,24,4,2,28,9,43,4,32,36,79
08/14/2022,BFM,AL,ASO,CE,Federal Contract Tower,6,1,4,8,19,0,0,8,4,12,6,1,12,12,31,0,0,0,31
08/15/2022,BFM,AL,ASO,CE,Federal Contract Tower,2,3,11,32,48,0,4,18,40,62,2,7,29,72,110,0,162,162,272
08/16/2022,BFM,AL,ASO,CE,Federal Contract Tower,5,2,12,20,39,0,5,13,26,44,5,7,25,46,83,2,96,98,181
08/17/2022,BFM,AL,ASO,CE,Federal Contract Tower,12,2,16,12,42,0,4,15,51,70,12,6,31,63,112,6,186,192,304
08/18/2022,BFM,AL,ASO,CE,Federal Contract Tower,10,6,13,15,44,0,4,4,21,29,10,10,17,36,73,6,142,148,221
08/19/2022,BFM,AL,ASO,CE,Federal Contract Tower,6,7,14,12,39,0,0,13,14,27,6,7,27,26,66,60,54,114,180
08/20/2022,BFM,AL,ASO,CE,Federal Contract Tower,4,2,1,0,7,0,0,3,2,5,4,2,4,2,12,0,10,10,22
08/21/2022,BFM,AL,ASO,CE,Federal Contract Tower,1,0,6,0,7,0,3,3,1,7,1,3,9,1,14,6,0,6,20
08/22/2022,BFM,AL,ASO,CE,Federal Contract Tower,1,4,10,18,33,0,0,7,18,25,1,4,17,36,58,0,112,112,170
08/23/2022,BFM,AL,ASO,CE,Federal Contract Tower,6,5,10,11,32,0,7,9,12,28,6,12,19,23,60,4,52,56,116
08/24/2022,BFM,AL,ASO,CE,Federal Contract Tower,5,5,21,20,51,0,6,4,10,20,5,11,25,30,71,0,30,30,101
08/25/2022,BFM,AL,ASO,CE,Federal Contract Tower,8,6,23,0,37,0,0,0,1,1,8,6,23,1,38,0,0,0,38
08/26/2022,BFM,AL,ASO,CE,Federal Contract Tower,6,5,10,28,49,0,0,9,11,20,6,5,19,39,69,0,44,44,113
08/27/2022,BFM,AL,ASO,CE,Federal Contract Tower,2,12,11,10,35,0,2,4,2,8,2,14,15,12,43,0,4,4,47
08/28/2022,BFM,AL,ASO,CE,Federal Contract Tower,1,0,9,2,12,0,4,5,2,11,1,4,14,4,23,10,6,16,39
08/29/2022,BFM,AL,ASO,CE,Federal Contract Tower,3,4,18,23,48,0,6,15,47,68,3,10,33,70,116,8,188,196,312
08/30/2022,BFM,AL,ASO,CE,Federal Contract Tower,5,6,19,22,52,0,2,14,39,55,5,8,33,61,107,0,230,230,337
08/31/2022,BFM,AL,ASO,CE,Federal Contract Tower,6,7,33,55,101,0,6,16,12,34,6,13,49,67,135,0,54,54,189
09/01/2022,BFM,AL,ASO,CE,Federal Contract Tower,11,4,11,25,51,0,7,14,19,40,11,11,25,44,91,4,102,106,197
09/02/2022,BFM,AL,ASO,CE,Federal Contract Tower,5,7,13,22,47,0,5,24,1,30,5,12,37,23,77,20,0,20,97
09/03/2022,BFM,AL,ASO,CE,Federal Contract Tower,3,3,6,0,12,0,6,5,2,13,3,9,11,2,25,0,12,12,37
09/04/2022,BFM,AL,ASO,CE,Federal Contract Tower,1,3,8,0,12,0,1,8,0,9,1,4,16,0,21,8,0,8,29
09/05/2022,BFM,AL,ASO,CE,Federal Contract Tower,0,2,5,0,7,0,0,17,0,17,0,2,22,0,24,2,0,2,26
09/06/2022,BFM,AL,ASO,CE,Federal Contract Tower,4,5,17,50,76,0,4,10,45,59,4,9,27,95,135,8,198,206,341
09/07/2022,BFM,AL,ASO,CE,Federal Contract Tower,5,4,6,31,46,0,5,11,15,31,5,9,17,46,77,8,68,76,153
09/08/2022,BFM,AL,ASO,CE,Federal Contract Tower,5,7,12,22,46,0,4,11,10,25,5,11,23,32,71,14,64,78,149
09/09/2022,BFM,AL,ASO,CE,Federal Contract Tower,8,6,14,10,38,0,0,7,11,18,8,6,21,21,56,8,84,92,148
09/10/2022,BFM,AL,ASO,CE,Federal Contract Tower,2,3,3,7,15,0,0,16,6,22,2,3,19,13,37,10,20,30,67
09/11/2022,BFM,AL,ASO,CE,Federal Contract Tower,3,3,14,15,35,0,3,17,7,27,3,6,31,22,62,8,12,20,82
09/12/2022,BFM,AL,ASO,CE,Federal Contract Tower,3,3,21,67,94,0,3,8,50,61,3,6,29,117,155,6,228,234,389
09/13/2022,BFM,AL,ASO,CE,Federal Contract Tower,8,5,23,63,99,0,4,13,18,35,8,9,36,81,134,18,86,104,238
09/14/2022,BFM,AL,ASO,CE,Federal Contract Tower,5,8,23,53,89,0,2,16,27,45,5,10,39,80,134,0,84,84,218
09/15/2022,BFM,AL,ASO,CE,Federal Contract Tower,6,9,7,25,47,0,2,19,14,35,6,11,26,39,82,12,52,64,146
09/16/2022,BFM,AL,ASO,CE,Federal Contract Tower,8,7,13,23,51,0,1,12,24,37,8,8,25,47,88,2,106,108,196
09/17/2022,BFM,AL,ASO,CE,Federal Contract Tower,1,7,11,1,20,0,2,17,6,25,1,9,28,7,45,16,14,30,75
09/18/2022,BFM,AL,ASO,CE,Federal Contract Tower,5,6,7,12,30,0,0,6,4,10,5,6,13,16,40,0,10,10,50
09/19/2022,BFM,AL,ASO,CE,Federal Contract Tower,3,8,11,10,32,0,4,3,37,44,3,12,14,47,76,0,202,202,278
09/20/2022,BFM,AL,ASO,CE,Federal Contract Tower,3,4,14,64,85,0,5,12,19,36,3,9,26,83,121,16,122,138,259
09/21/2022,BFM,AL,ASO,CE,Federal Contract Tower,6,5,18,20,49,0,2,13,31,46,6,7,31,51,95,0,170,170,265
09/22/2022,BFM,AL,ASO,CE,Federal Contract Tower,9,7,21,26,63,0,0,21,25,46,9,7,42,51,109,0,144,144,253
09/23/2022,BFM,AL,ASO,CE,Federal Contract Tower,9,6,11,29,55,0,3,18,11,32,9,9,29,40,87,2,100,102,189
09/24/2022,BFM,AL,ASO,CE,Federal Contract Tower,2,3,8,5,18,0,2,10,8,20,2,5,18,13,38,0,0,0,38
09/25/2022,BFM,AL,ASO,CE,Federal Contract Tower,2,1,1,12,16,0,0,11,4,15,2,1,12,16,31,6,0,6,37
09/26/2022,BFM,AL,ASO,CE,Federal Contract Tower,1,2,13,26,42,0,3,6,24,33,1,5,19,50,75,14,126,140,215
09/27/2022,BFM,AL,ASO,CE,Federal Contract Tower,4,5,12,24,45,0,7,15,19,41,4,12,27,43,86,12,108,120,206
09/28/2022,BFM,AL,ASO,CE,Federal Contract Tower,15,4,16,10,45,0,3,8,9,20,15,7,24,19,65,0,92,92,157
09/29/2022,BFM,AL,ASO,CE,Federal Contract Tower,6,4,5,25,40,0,1,3,17,21,6,5,8,42,61,6,58,64,125
09/30/2022,BFM,AL,ASO,CE,Federal Contract Tower,4,9,11,31,55,0,4,17,26,47,4,13,28,57,102,10,102,112,214
10/01/2022,BFM,AL,ASO,CE,Federal Contract Tower,2,3,4,0,9,0,1,4,2,7,2,4,8,2,16,6,0,6,22
10/02/2022,BFM,AL,ASO,CE,Federal Contract Tower,1,1,12,6,20,0,3,14,2,19,1,4,26,8,39,0,8,8,47
10/03/2022,BFM,AL,ASO,CE,Federal Contract Tower,6,5,30,37,78,0,3,20,39,62,6,8,50,76,140,8,152,160,300
10/04/2022,BFM,AL,ASO,CE,Federal Contract Tower,6,8,14,27,55,0,6,19,25,50,6,14,33,52,105,0,122,122,227
10/05/2022,BFM,AL,ASO,CE,Federal Contract Tower,4,5,13,75,97,0,9,16,16,41,4,14,29,91,138,8,116,124,262
10/06/2022,BFM,AL,ASO,CE,Federal Contract Tower,9,3,24,27,63,0,4,16,8,28,9,7,40,35,91,0,22,22,113
10/07/2022,BFM,AL,ASO,CE,Federal Contract Tower,4,7,16,36,63,0,4,12,14,30,4,11,28,50,93,0,22,22,115
10/08/2022,BFM,AL,ASO,CE,Federal Contract Tower,4,2,6,0,12,0,6,18,0,24,4,8,24,0,36,0,0,0,36
10/09/2022,BFM,AL,ASO,CE,Federal Contract Tower,1,3,11,1,16,0,6,15,4,25,1,9,26,5,41,8,8,16,57
10/10/2022,BFM,AL,ASO,CE,Federal Contract Tower,1,9,12,2,24,0,2,9,3,14,1,11,21,5,38,0,6,6,44
10/11/2022,BFM,AL,ASO,CE,Federal Contract Tower,6,7,21,40,74,0,3,23,24,50,6,10,44,64,124,6,124,130,254
10/12/2022,BFM,AL,ASO,CE,Federal Contract Tower,10,8,16,21,55,0,1,2,13,16,10,9,18,34,71,0,130,130,201
10/13/2022,BFM,AL,ASO,CE,Federal Contract Tower,8,7,23,46,84,0,7,3,15,25,8,14,26,61,109,0,48,48,157
10/14/2022,BFM,AL,ASO,CE,Federal Contract Tower,8,9,12,25,54,0,0,14,18,32,8,9,26,43,86,0,78,78,164
10/15/2022,BFM,AL,ASO,CE,Federal Contract Tower,5,3,8,5,21,0,0,6,6,12,5,3,14,11,33,0,0,0,33
10/16/2022,BFM,AL,ASO,CE,Federal Contract Tower,4,2,10,17,33,0,1,10,7,18,4,3,20,24,51,6,0,6,57
10/17/2022,BFM,AL,ASO,CE,Federal Contract Tower,6,9,16,22,53,0,4,4,23,31,6,13,20,45,84,0,156,156,240
10/18/2022,BFM,AL,ASO,CE,Federal Contract Tower,9,5,21,50,85,0,4,15,37,56,9,9,36,87,141,0,166,166,307
10/19/2022,BFM,AL,ASO,CE,Federal Contract Tower,5,6,7,48,66,0,7,9,24,40,5,13,16,72,106,6,198,204,310
10/20/2022,BFM,AL,ASO,CE,Federal Contract Tower,8,5,22,30,65,0,2,14,27,43,8,7,36,57,108,16,106,122,230
10/21/2022,BFM,AL,ASO,CE,Federal Contract Tower,6,2,9,40,57,0,2,18,30,50,6,4,27,70,107,10,156,166,273
10/22/2022,BFM,AL,ASO,CE,Federal Contract Tower,3,2,5,6,16,0,0,12,1,13,3,2,17,7,29,18,0,18,47
10/23/2022,BFM,AL,ASO,CE,Federal Contract Tower,1,3,8,8,20,0,2,15,7,24,1,5,23,15,44,2,0,2,46
10/24/2022,BFM,AL,ASO,CE,Federal Contract Tower,1,7,29,51,88,0,4,6,25,35,1,11,35,76,123,0,108,108,231
10/25/2022,BFM,AL,ASO,CE,Federal Contract Tower,6,8,9,15,38,0,0,12,10,22,6,8,21,25,60,0,56,56,116
10/26/2022,BFM,AL,ASO,CE,Federal Contract Tower,10,5,18,64,97,0,5,20,28,53,10,10,38,92,150,22,142,164,314
10/27/2022,BFM,AL,ASO,CE,Federal Contract Tower,6,9,22,30,67,0,4,29,20,53,6,13,51,50,120,12,160,172,292
10/28/2022,BFM,AL,ASO,CE,Federal Contract Tower,12,5,26,51,94,0,2,8,13,23,12,7,34,64,117,8,42,50,167
10/29/2022,BFM,AL,ASO,CE,Federal Contract Tower,3,2,9,0,14,0,0,1,0,1,3,2,10,0,15,0,0,0,15
10/30/2022,BFM,AL,ASO,CE,Federal Contract Tower,2,4,15,12,33,0,2,0,0,2,2,6,15,12,35,0,0,0,35
10/31/2022,BFM,AL,ASO,CE,Federal Contract Tower,5,4,10,47,66,0,4,12,36,52,5,8,22,83,118,2,140,142,260
11/01/2022,BFM,AL,ASO,CE,Federal Contract Tower,7,5,19,38,69,0,2,10,26,38,7,7,29,64,107,10,138,148,255
11/02/2022,BFM,AL,ASO,CE,Federal Contract Tower,22,4,22,17,65,0,5,14,17,36,22,9,36,34,101,0,104,104,205
11/03/2022,BFM,AL,ASO,CE,Federal Contract Tower,10,9,16,26,61,0,4,16,28,48,10,13,32,54,109,0,196,196,305
11/04/2022,BFM,AL,ASO,CE,Federal Contract Tower,21,6,21,5,53,0,2,8,24,34,21,8,29,29,87,10,90,100,187
11/05/2022,BFM,AL,ASO,CE,Federal Contract Tower,3,2,3,4,12,0,0,6,4,10,3,2,9,8,22,0,0,0,22
11/06/2022,BFM,AL,ASO,CE,Federal Contract Tower,2,2,10,6,20,0,0,13,6,19,2,2,23,12,39,20,22,42,81
11/07/2022,BFM,AL,ASO,CE,Federal Contract Tower,1,6,19,12,38,0,2,10,36,48,1,8,29,48,86,8,204,212,298
11/08/2022,BFM,AL,ASO,CE,Federal Contract Tower,7,8,23,50,88,0,6,15,18,39,7,14,38,68,127,12,86,98,225
11/09/2022,BFM,AL,ASO,CE,Federal Contract Tower,14,5,18,62,99,0,5,6,20,31,14,10,24,82,130,4,68,72,202
11/10/2022,BFM,AL,ASO,CE,Federal Contract Tower,9,9,24,61,103,0,4,14,27,45,9,13,38,88,148,0,140,140,288
11/11/2022,BFM,AL,ASO,CE,Federal Contract Tower,6,5,21,8,40,0,0,10,14,24,6,5,31,22,64,14,14,28,92
11/12/2022,BFM,AL,ASO,CE,Federal Contract Tower,2,2,7,6,17,0,0,1,0,1,2,2,8,6,18,0,0,0,18
11/13/2022,BFM,AL,ASO,CE,Federal Contract Tower,9,3,8,4,24,0,4,6,1,11,9,7,14,5,35,0,0,0,35
11/14/2022,BFM,AL,ASO,CE,Federal Contract Tower,9,8,12,33,62,0,0,17,27,44,9,8,29,60,106,16,134,150,256
11/15/2022,BFM,AL,ASO,CE,Federal Contract Tower,4,8,13,62,87,0,1,0,6,7,4,9,13,68,94,0,28,28,122
11/16/2022,BFM,AL,ASO,CE,Federal Contract Tower,6,4,23,55,88,0,4,10,27,41,6,8,33,82,129,8,134,142,271
11/17/2022,BFM,AL,ASO,CE,Federal Contract Tower,8,6,25,39,78,0,2,23,11,36,8,8,48,50,114,24,72,96,210
11/18/2022,BFM,AL,ASO,CE,Federal Contract Tower,7,7,16,60,90,0,0,18,11,29,7,7,34,71,119,4,56,60,179
11/19/2022,BFM,AL,ASO,CE,Federal Contract Tower,6,2,9,5,22,0,0,19,0,19,6,2,28,5,41,16,0,16,57
11/20/2022,BFM,AL,ASO,CE,Federal Contract Tower,1,0,11,0,12,0,3,29,4,36,1,3,40,4,48,0,8,8,56
11/21/2022,BFM,AL,ASO,CE,Federal Contract Tower,3,2,14,60,79,0,0,13,15,28,3,2,27,75,107,14,74,88,195
11/22/2022,BFM,AL,ASO,CE,Federal Contract Tower,10,4,19,77,110,0,1,4,27,32,10,5,23,104,142,0,126,126,268
11/23/2022,BFM,AL,ASO,CE,Federal Contract Tower,4,11,12,17,44,0,2,13,10,25,4,13,25,27,69,20,60,80,149
11/24/2022,BFM,AL,ASO,CE,Federal Contract Tower,0,1,0,0,1,0,0,0,0,0,0,1,0,0,1,0,0,0,1
11/25/2022,BFM,AL,ASO,CE,Federal Contract Tower,6,5,8,0,19,0,0,0,0,0,6,5,8,0,19,0,0,0,19
11/26/2022,BFM,AL,ASO,CE,Federal Contract Tower,2,2,2,0,6,0,0,0,0,0,2,2,2,0,6,0,0,0,6
11/27/2022,BFM,AL,ASO,CE,Federal Contract Tower,5,3,3,0,11,0,0,8,0,8,5,3,11,0,19,16,0,16,35
11/28/2022,BFM,AL,ASO,CE,Federal Contract Tower,5,7,4,27,43,0,1,9,26,36,5,8,13,53,79,22,92,114,193
11/29/2022,BFM,AL,ASO,CE,Federal Contract Tower,7,5,12,3,27,0,2,1,8,11,7,7,13,11,38,0,20,20,58
11/30/2022,BFM,AL,ASO,CE,Federal Contract Tower,5,7,12,50,74,0,3,6,21,30,5,10,18,71,104,0,90,90,194
12/01/2022,BFM,AL,ASO,CE,Federal Contract Tower,9,4,17,69,99,0,2,11,19,32,9,6,28,88,131,2,84,86,217
12/02/2022,BFM,AL,ASO,CE,Federal Contract Tower,4,9,25,39,77,0,0,3,13,16,4,9,28,52,93,0,50,50,143
12/03/2022,BFM,AL,ASO,CE,Federal Contract Tower,4,6,7,4,21,0,0,4,2,6,4,6,11,6,27,18,6,24,51
12/04/2022,BFM,AL,ASO,CE,Federal Contract Tower,1,3,16,9,29,0,0,3,0,3,1,3,19,9,32,12,0,12,44
12/05/2022,BFM,AL,ASO,CE,Federal Contract Tower,5,4,12,12,33,0,0,0,0,0,5,4,12,12,33,0,0,0,33
12/06/2022,BFM,AL,ASO,CE,Federal Contract Tower,6,4,20,46,76,0,2,9,21,32,6,6,29,67,108,8,100,108,216
12/07/2022,BFM,AL,ASO,CE,Federal Contract Tower,6,14,20,40,80,0,2,11,10,23,6,16,31,50,103,0,34,34,137
12/08/2022,BFM,AL,ASO,CE,Federal Contract Tower,6,2,23,37,68,0,2,10,4,16,6,4,33,41,84,14,20,34,118
12/09/2022,BFM,AL,ASO,CE,Federal Contract Tower,11,7,17,16,51,0,0,2,0,2,11,7,19,16,53,14,0,14,67
12/10/2022,BFM,AL,ASO,CE,Federal Contract Tower,2,0,3,4,9,0,0,0,0,0,2,0,3,4,9,0,0,0,9
12/11/2022,BFM,AL,ASO,CE,Federal Contract Tower,1,1,3,3,8,0,0,0,0,0,1,1,3,3,8,0,0,0,8
12/12/2022,BFM,AL,ASO,CE,Federal Contract Tower,5,4,21,76,106,0,1,1,8,10,5,5,22,84,116,0,66,66,182
12/13/2022,BFM,AL,ASO,CE,Federal Contract Tower,7,8,27,33,75,0,2,2,3,7,7,10,29,36,82,0,12,12,94
12/14/2022,BFM,AL,ASO,CE,Federal Contract Tower,6,10,6,9,31,0,0,0,0,0,6,10,6,9,31,0,0,0,31
12/15/2022,BFM,AL,ASO,CE,Federal Contract Tower,8,10,34,42,94,0,8,26,13,47,8,18,60,55,141,28,58,86,227
12/16/2022,BFM,AL,ASO,CE,Federal Contract Tower,14,5,18,34,71,0,3,15,24,42,14,8,33,58,113,24,94,118,231
12/17/2022,BFM,AL,ASO,CE,Federal Contract Tower,5,3,4,6,18,0,3,3,3,9,5,6,7,9,27,0,12,12,39
12/18/2022,BFM,AL,ASO,CE,Federal Contract Tower,2,0,24,8,34,0,2,9,0,11,2,2,33,8,45,2,0,2,47
12/19/2022,BFM,AL,ASO,CE,Federal Contract Tower,6,9,19,18,52,0,0,2,12,14,6,9,21,30,66,0,48,48,114
12/20/2022,BFM,AL,ASO,CE,Federal Contract Tower,10,4,8,28,50,0,0,0,0,0,10,4,8,28,50,0,0,0,50
12/21/2022,BFM,AL,ASO,CE,Federal Contract Tower,7,5,4,20,36,0,0,2,0,2,7,5,6,20,38,0,0,0,38
12/22/2022,BFM,AL,ASO,CE,Federal Contract Tower,8,6,9,54,77,0,0,2,0,2,8,6,11,54,79,12,6,18,97
12/23/2022,BFM,AL,ASO,CE,Federal Contract Tower,3,8,9,0,20,0,1,4,0,5,3,9,13,0,25,0,0,0,25
12/24/2022,BFM,AL,ASO,CE,Federal Contract Tower,2,0,5,0,7,0,0,0,0,0,2,0,5,0,7,0,0,0,7
12/25/2022,BFM,AL,ASO,CE,Federal Contract Tower,0,0,1,0,1,0,0,2,0,2,0,0,3,0,3,2,0,2,5
12/26/2022,BFM,AL,ASO,CE,Federal Contract Tower,0,2,3,0,5,0,1,4,0,5,0,3,7,0,10,0,0,0,10
12/27/2022,BFM,AL,ASO,CE,Federal Contract Tower,6,5,16,12,39,0,0,19,14,33,6,5,35,26,72,10,28,38,110
12/28/2022,BFM,AL,ASO,CE,Federal Contract Tower,7,5,8,9,29,0,2,12,9,23,7,7,20,18,52,6,32,38,90
12/29/2022,BFM,AL,ASO,CE,Federal Contract Tower,5,5,2,16,28,0,0,16,19,35,5,5,18,35,63,36,74,110,173
12/30/2022,BFM,AL,ASO,CE,Federal Contract Tower,8,4,4,0,16,0,0,0,0,0,8,4,4,0,16,0,0,0,16
12/31/2022,BFM,AL,ASO,CE,Federal Contract Tower,3,1,3,0,7,0,0,0,0,0,3,1,3,0,7,0,0,0,7
01/01/2023,BFM,AL,ASO,CE,Federal Contract Tower,0,1,6,0,7,0,0,4,0,4,0,1,10,0,11,6,0,6,17
01/02/2023,BFM,AL,ASO,CE,Federal Contract Tower,1,5,8,0,14,0,0,0,0,0,1,5,8,0,14,0,0,0,14
01/03/2023,BFM,AL,ASO,CE,Federal Contract Tower,3,4,3,2,12,0,0,0,2,2,3,4,3,4,14,0,0,0,14
01/04/2023,BFM,AL,ASO,CE,Federal Contract Tower,5,11,17,56,89,0,4,13,45,62,5,15,30,101,151,10,180,190,341
01/05/2023,BFM,AL,ASO,CE,Federal Contract Tower,5,8,20,33,66,0,6,14,48,68,5,14,34,81,134,4,196,200,334
01/06/2023,BFM,AL,ASO,CE,Federal Contract Tower,8,5,14,69,96,0,0,25,29,54,8,5,39,98,150,30,126,156,306
01/07/2023,BFM,AL,ASO,CE,Federal Contract Tower,3,3,8,12,26,0,0,16,4,20,3,3,24,16,46,42,16,58,104
01/08/2023,BFM,AL,ASO,CE,Federal Contract Tower,1,5,7,8,21,0,0,4,2,6,1,5,11,10,27,4,4,8,35
01/09/2023,BFM,AL,ASO,CE,Federal Contract Tower,1,4,23,25,53,0,2,17,39,58,1,6,40,64,111,30,182,212,323
01/10/2023,BFM,AL,ASO,CE,Federal Contract Tower,6,9,7,99,121,0,2,28,37,67,6,11,35,136,188,16,208,224,412
01/11/2023,BFM,AL,ASO,CE,Federal Contract Tower,6,5,10,30,51,0,4,4,3,11,6,9,14,33,62,0,18,18,80
01/12/2023,BFM,AL,ASO,CE,Federal Contract Tower,6,7,23,4,40,0,2,4,15,21,6,9,27,19,61,2,106,108,169
01/13/2023,BFM,AL,ASO,CE,Federal Contract Tower,3,6,30,41,80,0,0,21,16,37,3,6,51,57,117,8,82,90,207
01/14/2023,BFM,AL,ASO,CE,Federal Contract Tower,2,2,15,0,19,0,0,17,2,19,2,2,32,2,38,22,18,40,78
01/15/2023,BFM,AL,ASO,CE,Federal Contract Tower,2,2,9,8,21,0,0,6,2,8,2,2,15,10,29,0,0,0,29
01/16/2023,BFM,AL,ASO,CE,Federal Contract Tower,4,6,11,3,24,0,1,7,0,8,4,7,18,3,32,10,0,10,42
01/17/2023,BFM,AL,ASO,CE,Federal Contract Tower,4,8,13,35,60,0,2,11,24,37,4,10,24,59,97,2,74,76,173
01/18/2023,BFM,AL,ASO,CE,Federal Contract Tower,4,7,12,73,96,0,4,2,27,33,4,11,14,100,129,0,172,172,301
01/19/2023,BFM,AL,ASO,CE,Federal Contract Tower,5,7,20,47,79,0,5,8,33,46,5,12,28,80,125,12,162,174,299
01/20/2023,BFM,AL,ASO,CE,Federal Contract Tower,4,10,35,63,112,0,0,24,26,50,4,10,59,89,162,14,174,188,350
01/21/2023,BFM,AL,ASO,CE,Federal Contract Tower,2,5,4,6,17,0,0,5,0,5,2,5,9,6,22,16,0,16,38
01/22/2023,BFM,AL,ASO,CE,Federal Contract Tower,3,1,8,4,16,0,0,1,0,1,3,1,9,4,17,0,0,0,17
01/23/2023,BFM,AL,ASO,CE,Federal Contract Tower,4,11,30,49,94,0,5,13,21,39,4,16,43,70,133,20,86,106,239
01/24/2023,BFM,AL,ASO,CE,Federal Contract Tower,4,9,20,45,78,0,1,5,13,19,4,10,25,58,97,0,82,82,179
01/25/2023,BFM,AL,ASO,CE,Federal Contract Tower,3,3,16,97,119,0,0,11,38,49,3,3,27,135,168,6,148,154,322
01/26/2023,BFM,AL,ASO,CE,Federal Contract Tower,4,10,13,35,62,0,3,6,40,49,4,13,19,75,111,4,150,154,265
01/27/2023,BFM,AL,ASO,CE,Federal Contract Tower,6,5,21,42,74,0,1,20,22,43,6,6,41,64,117,10,86,96,213
01/28/2023,BFM,AL,ASO,CE,Federal Contract Tower,4,3,4,6,17,0,1,16,2,19,4,4,20,8,36,8,8,16,52
01/29/2023,BFM,AL,ASO,CE,Federal Contract Tower,1,1,4,0,6,0,0,3,0,3,1,1,7,0,9,0,0,0,9
01/30/2023,BFM,AL,ASO,CE,Federal Contract Tower,2,4,19,42,67,0,0,0,6,6,2,4,19,48,73,0,32,32,105
01/31/2023,BFM,AL,ASO,CE,Federal Contract Tower,2,9,9,19,39,0,0,0,8,8,2,9,9,27,47,0,36,36,83
02/01/2023,BFM,AL,ASO,CE,Federal Contract Tower,3,11,16,61,91,0,0,0,2,2,3,11,16,63,93,0,18,18,111
02/02/2023,BFM,AL,ASO,CE,Federal Contract Tower,4,15,19,6,44,0,0,0,0,0,4,15,19,6,44,0,0,0,44
02/03/2023,BFM,AL,ASO,CE,Federal Contract Tower,4,10,16,36,66,0,2,11,29,42,4,12,27,65,108,30,132,162,270
02/04/2023,BFM,AL,ASO,CE,Federal Contract Tower,2,3,5,2,12,0,0,16,4,20,2,3,21,6,32,4,18,22,54
02/05/2023,BFM,AL,ASO,CE,Federal Contract Tower,0,3,8,1,12,0,0,10,6,16,0,3,18,7,28,6,36,42,70
02/06/2023,BFM,AL,ASO,CE,Federal Contract Tower,4,5,16,36,61,0,1,17,40,58,4,6,33,76,119,6,126,132,251
02/07/2023,BFM,AL,ASO,CE,Federal Contract Tower,8,6,22,37,73,0,2,10,24,36,8,8,32,61,109,6,216,222,331
02/08/2023,BFM,AL,ASO,CE,Federal Contract Tower,9,4,19,21,53,0,3,2,13,18,9,7,21,34,71,2,74,76,147
02/09/2023,BFM,AL,ASO,CE,Federal Contract Tower,7,6,23,11,47,0,0,0,0,0,7,6,23,11,47,0,0,0,47
02/10/2023,BFM,AL,ASO,CE,Federal Contract Tower,6,6,18,20,50,0,0,3,12,15,6,6,21,32,65,0,80,80,145
02/11/2023,BFM,AL,ASO,CE,Federal Contract Tower,2,3,5,0,10,0,0,0,0,0,2,3,5,0,10,0,0,0,10
02/12/2023,BFM,AL,ASO,CE,Federal Contract Tower,1,0,3,4,8,0,0,15,15,30,1,0,18,19,38,0,6,6,44
02/13/2023,BFM,AL,ASO,CE,Federal Contract Tower,1,4,19,34,58,0,0,23,37,60,1,4,42,71,118,26,180,206,324
02/14/2023,BFM,AL,ASO,CE,Federal Contract Tower,7,5,27,53,92,0,9,8,24,41,7,14,35,77,133,10,116,126,259
02/15/2023,BFM,AL,ASO,CE,Federal Contract Tower,8,7,15,35,65,0,1,9,32,42,8,8,24,67,107,10,206,216,323
02/16/2023,BFM,AL,ASO,CE,Federal Contract Tower,9,5,11,0,25,0,0,0,2,2,9,5,11,2,27,0,22,22,49
02/17/2023,BFM,AL,ASO,CE,Federal Contract Tower,9,9,40,24,82,0,3,6,6,15,9,12,46,30,97,0,52,52,149
02/18/2023,BFM,AL,ASO,CE,Federal Contract Tower,2,4,9,1,16,0,0,15,8,23,2,4,24,9,39,16,0,16,55
02/19/2023,BFM,AL,ASO,CE,Federal Contract Tower,6,2,19,4,31,0,0,23,0,23,6,2,42,4,54,12,0,12,66
02/20/2023,BFM,AL,ASO,CE,Federal Contract Tower,5,7,9,0,21,0,2,14,0,16,5,9,23,0,37,0,0,0,37
02/21/2023,BFM,AL,ASO,CE,Federal Contract Tower,12,11,22,42,87,0,0,2,14,16,12,11,24,56,103,2,120,122,225
02/22/2023,BFM,AL,ASO,CE,Federal Contract Tower,4,4,11,25,44,0,0,0,8,8,4,4,11,33,52,0,82,82,134
02/23/2023,BFM,AL,ASO,CE,Federal Contract Tower,13,4,15,39,71,0,0,0,8,8,13,4,15,47,79,0,62,62,141
02/24/2023,BFM,AL,ASO,CE,Federal Contract Tower,9,0,16,14,39,0,0,0,4,4,9,0,16,18,43,0,18,18,61
02/25/2023,BFM,AL,ASO,CE,Federal Contract Tower,2,5,9,8,24,0,0,4,10,14,2,5,13,18,38,0,40,40,78
02/26/2023,BFM,AL,ASO,CE,Federal Contract Tower,1,2,6,24,33,0,0,5,7,12,1,2,11,31,45,0,12,12,57
02/27/2023,BFM,AL,ASO,CE,Federal Contract Tower,3,6,11,16,36,0,0,5,25,30,3,6,16,41,66,2,190,192,258
02/28/2023,BFM,AL,ASO,CE,Federal Contract Tower,7,12,12,54,85,0,4,8,24,36,7,16,20,78,121,0,164,164,285
03/01/2023,BFM,AL,ASO,CE,Federal Contract Tower,5,3,20,42,70,0,3,6,27,36,5,6,26,69,106,0,142,142,248
03/02/2023,BFM,AL,ASO,CE,Federal Contract Tower,4,7,16,37,64,0,1,6,15,22,4,8,22,52,86,0,46,46,132
03/03/2023,BFM,AL,ASO,CE,Federal Contract Tower,9,9,16,23,57,0,0,9,4,13,9,9,25,27,70,0,40,40,110
03/04/2023,BFM,AL,ASO,CE,Federal Contract Tower,2,2,5,0,9,0,0,14,4,18,2,2,19,4,27,12,0,12,39
03/05/2023,BFM,AL,ASO,CE,Federal Contract Tower,2,0,3,4,9,0,0,16,4,20,2,0,19,8,29,16,20,36,65
03/06/2023,BFM,AL,ASO,CE,Federal Contract Tower,5,5,16,20,46,0,0,8,9,17,5,5,24,29,63,6,52,58,121
03/07/2023,BFM,AL,ASO,CE,Federal Contract Tower,4,10,16,51,81,0,0,8,63,71,4,10,24,114,152,14,348,362,514
03/08/2023,BFM,AL,ASO,CE,Federal Contract Tower,4,5,18,46,73,0,4,13,41,58,4,9,31,87,131,6,202,208,339
03/09/2023,BFM,AL,ASO,CE,Federal Contract Tower,8,5,12,9,34,0,2,6,12,20,8,7,18,21,54,2,88,90,144
03/10/2023,BFM,AL,ASO,CE,Federal Contract Tower,3,5,27,69,104,0,0,16,35,51,3,5,43,104,155,18,202,220,375
03/11/2023,BFM,AL,ASO,CE,Federal Contract Tower,3,2,11,4,20,0,0,6,3,9,3,2,17,7,29,0,0,0,29
03/12/2023,BFM,AL,ASO,CE,Federal Contract Tower,1,3,8,0,12,0,0,0,0,0,1,3,8,0,12,0,0,0,12
03/13/2023,BFM,AL,ASO,CE,Federal Contract Tower,3,3,16,78,100,0,6,7,27,40,3,9,23,105,140,0,148,148,288
03/14/2023,BFM,AL,ASO,CE,Federal Contract Tower,7,8,24,59,98,0,5,12,20,37,7,13,36,79,135,0,110,110,245
03/15/2023,BFM,AL,ASO,CE,Federal Contract Tower,6,9,27,34,76,0,2,27,21,50,6,11,54,55,126,2,144,146,272
03/16/2023,BFM,AL,ASO,CE,Federal Contract Tower,5,8,11,38,62,0,4,7,43,54,5,12,18,81,116,18,168,186,302
03/17/2023,BFM,AL,ASO,CE,Federal Contract Tower,5,4,2,7,18,0,2,2,12,16,5,6,4,19,34,0,64,64,98
03/18/2023,BFM,AL,ASO,CE,Federal Contract Tower,1,2,6,3,12,0,0,6,1,7,1,2,12,4,19,0,0,0,19
03/19/2023,BFM,AL,ASO,CE,Federal Contract Tower,3,0,12,16,31,0,2,11,7,20,3,2,23,23,51,12,6,18,69
03/20/2023,BFM,AL,ASO,CE,Federal Contract Tower,3,4,17,66,90,0,3,15,35,53,3,7,32,101,143,2,304,306,449
03/21/2023,BFM,AL,ASO,CE,Federal Contract Tower,7,5,21,35,68,0,3,7,36,46,7,8,28,71,114,8,124,132,246
03/22/2023,BFM,AL,ASO,CE,Federal Contract Tower,4,11,9,58,82,0,2,6,55,63,4,13,15,113,145,0,272,272,417
03/23/2023,BFM,AL,ASO,CE,Federal Contract Tower,6,7,17,39,69,0,4,3,26,33,6,11,20,65,102,0,154,154,256
03/24/2023,BFM,AL,ASO,CE,Federal Contract Tower,8,8,8,19,43,0,0,2,13,15,8,8,10,32,58,0,72,72,130
03/25/2023,BFM,AL,ASO,CE,Federal Contract Tower,2,3,4,6,15,0,0,0,0,0,2,3,4,6,15,0,0,0,15
03/26/2023,BFM,AL,ASO,CE,Federal Contract Tower,1,0,5,0,6,0,0,0,0,0,1,0,5,0,6,0,0,0,6
03/27/2023,BFM,AL,ASO,CE,Federal Contract Tower,4,1,16,15,36,0,0,0,9,9,4,1,16,24,45,0,32,32,77
03/28/2023,BFM,AL,ASO,CE,Federal Contract Tower,4,5,10,7,26,0,2,1,17,20,4,7,11,24,46,0,94,94,140
03/29/2023,BFM,AL,ASO,CE,Federal Contract Tower,9,10,15,27,61,0,5,15,42,62,9,15,30,69,123,0,322,322,445
03/30/2023,BFM,AL,ASO,CE,Federal Contract Tower,6,7,13,24,50,0,2,16,37,55,6,9,29,61,105,2,234,236,341
03/31/2023,BFM,AL,ASO,CE,Federal Contract Tower,8,6,6,41,61,0,4,3,17,24,8,10,9,58,85,0,64,64,149
04/01/2023,BFM,AL,ASO,CE,Federal Contract Tower,1,1,7,0,9,0,0,2,0,2,1,1,9,0,11,0,0,0,11
04/02/2023,BFM,AL,ASO,CE,Federal Contract Tower,2,8,7,15,32,0,0,20,6,26,2,8,27,21,58,40,0,40,98
04/03/2023,BFM,AL,ASO,CE,Federal Contract Tower,6,2,10,23,41,0,0,4,13,17,6,2,14,36,58,2,82,84,142
04/04/2023,BFM,AL,ASO,CE,Federal Contract Tower,8,4,15,28,55,0,0,0,0,0,8,4,15,28,55,0,0,0,55
04/05/2023,BFM,AL,ASO,CE,Federal Contract Tower,14,14,18,11,57,0,0,3,4,7,14,14,21,15,64,0,24,24,88
04/06/2023,BFM,AL,ASO,CE,Federal Contract Tower,9,5,28,11,53,0,0,12,34,46,9,5,40,45,99,28,176,204,303
04/07/2023,BFM,AL,ASO,CE,Federal Contract Tower,4,6,13,13,36,0,0,0,1,1,4,6,13,14,37,0,0,0,37
04/08/2023,BFM,AL,ASO,CE,Federal Contract Tower,11,3,10,0,24,0,0,0,0,0,11,3,10,0,24,0,0,0,24
04/09/2023,BFM,AL,ASO,CE,Federal Contract Tower,3,2,2,0,7,0,0,6,0,6,3,2,8,0,13,30,0,30,43
04/10/2023,BFM,AL,ASO,CE,Federal Contract Tower,4,2,16,48,70,0,2,13,20,35,4,4,29,68,105,10,126,136,241
04/11/2023,BFM,AL,ASO,CE,Federal Contract Tower,7,5,21,36,69,0,4,12,29,45,7,9,33,65,114,6,132,138,252
04/12/2023,BFM,AL,ASO,CE,Federal Contract Tower,8,8,19,9,44,0,4,8,11,23,8,12,27,20,67,0,50,50,117
04/13/2023,BFM,AL,ASO,CE,Federal Contract Tower,9,3,13,7,32,0,1,7,8,16,9,4,20,15,48,0,60,60,108
04/14/2023,BFM,AL,ASO,CE,Federal Contract Tower,13,11,22,46,92,0,4,15,14,33,13,15,37,60,125,22,68,90,215
04/15/2023,BFM,AL,ASO,CE,Federal Contract Tower,3,2,5,5,15,0,0,4,10,14,3,2,9,15,29,8,54,62,91
04/16/2023,BFM,AL,ASO,CE,Federal Contract Tower,1,2,22,16,41,0,21,8,2,31,1,23,30,18,72,30,20,50,122
04/17/2023,BFM,AL,ASO,CE,Federal Contract Tower,5,2,17,30,54,0,2,16,21,39,5,4,33,51,93,14,124,138,231
04/18/2023,BFM,AL,ASO,CE,Federal Contract Tower,6,7,27,39,79,0,8,14,24,46,6,15,41,63,125,6,112,118,243
04/19/2023,BFM,AL,ASO,CE,Federal Contract Tower,6,7,25,40,78,0,0,24,20,44,6,7,49,60,122,6,166,172,294
04/20/2023,BFM,AL,ASO,CE,Federal Contract Tower,16,2,16,37,71,0,2,26,32,60,16,4,42,69,131,18,142,160,291
04/21/2023,BFM,AL,ASO,CE,Federal Contract Tower,8,4,20,43,75,0,0,5,22,27,8,4,25,65,102,14,152,166,268
04/22/2023,BFM,AL,ASO,CE,Federal Contract Tower,3,2,1,0,6,0,1,13,0,14,3,3,14,0,20,6,0,6,26
04/23/2023,BFM,AL,ASO,CE,Federal Contract Tower,1,4,14,8,27,0,1,26,0,27,1,5,40,8,54,2,0,2,56
04/24/2023,BFM,AL,ASO,CE,Federal Contract Tower,10,3,12,111,136,0,1,9,17,27,10,4,21,128,163,0,178,178,341
04/25/2023,BFM,AL,ASO,CE,Federal Contract Tower,5,8,28,40,81,0,1,21,37,59,5,9,49,77,140,26,160,186,326
04/26/2023,BFM,AL,ASO,CE,Federal Contract Tower,8,6,17,75,106,0,2,21,37,60,8,8,38,112,166,2,198,200,366
04/27/2023,BFM,AL,ASO,CE,Federal Contract Tower,8,5,13,0,26,0,0,0,0,0,8,5,13,0,26,0,0,0,26
04/28/2023,BFM,AL,ASO,CE,Federal Contract Tower,6,7,18,54,85,0,2,10,26,38,6,9,28,80,123,14,122,136,259
04/29/2023,BFM,AL,ASO,CE,Federal Contract Tower,2,1,2,0,5,0,0,0,0,0,2,1,2,0,5,0,0,0,5
04/30/2023,BFM,AL,ASO,CE,Federal Contract Tower,1,3,5,10,19,0,2,5,4,11,1,5,10,14,30,0,24,24,54
05/01/2023,BFM,AL,ASO,CE,Federal Contract Tower,6,5,18,72,101,0,9,21,20,50,6,14,39,92,151,6,102,108,259
05/02/2023,BFM,AL,ASO,CE,Federal Contract Tower,4,7,12,65,88,0,4,13,25,42,4,11,25,90,130,6,156,162,292
05/03/2023,BFM,AL,ASO,CE,Federal Contract Tower,12,6,12,49,79,0,3,12,35,50,12,9,24,84,129,24,172,196,325
05/04/2023,BFM,AL,ASO,CE,Federal Contract Tower,8,8,28,35,79,0,5,17,33,55,8,13,45,68,134,10,246,256,390
05/05/2023,BFM,AL,ASO,CE,Federal Contract Tower,6,5,16,36,63,0,1,2,7,10,6,6,18,43,73,0,66,66,139
05/06/2023,BFM,AL,ASO,CE,Federal Contract Tower,3,4,9,0,16,0,0,0,0,0,3,4,9,0,16,0,0,0,16
05/07/2023,BFM,AL,ASO,CE,Federal Contract Tower,7,0,21,18,46,0,0,4,0,4,7,0,25,18,50,0,0,0,50
05/08/2023,BFM,AL,ASO,CE,Federal Contract Tower,4,4,14,19,41,0,1,0,4,5,4,5,14,23,46,0,38,38,84
05/09/2023,BFM,AL,ASO,CE,Federal Contract Tower,4,6,21,10,41,0,0,6,14,20,4,6,27,24,61,24,92,116,177
05/10/2023,BFM,AL,ASO,CE,Federal Contract Tower,11,12,17,26,66,0,14,15,23,52,11,26,32,49,118,50,116,166,284
05/11/2023,BFM,AL,ASO,CE,Federal Contract Tower,9,10,16,44,79,0,3,8,31,42,9,13,24,75,121,12,156,168,289
05/12/2023,BFM,AL,ASO,CE,Federal Contract Tower,3,5,9,42,59,0,1,20,22,43,3,6,29,64,102,42,106,148,250
05/13/2023,BFM,AL,ASO,CE,Federal Contract Tower,3,5,8,6,22,0,2,12,4,18,3,7,20,10,40,10,24,34,74
05/14/2023,BFM,AL,ASO,CE,Federal Contract Tower,3,0,4,12,19,0,1,6,0,7,3,1,10,12,26,2,0,2,28
05/15/2023,BFM,AL,ASO,CE,Federal Contract Tower,6,5,3,31,45,0,2,13,28,43,6,7,16,59,88,10,64,74,162
05/16/2023,BFM,AL,ASO,CE,Federal Contract Tower,4,6,19,46,75,0,2,5,22,29,4,8,24,68,104,0,108,108,212
05/17/2023,BFM,AL,ASO,CE,Federal Contract Tower,8,4,21,31,64,0,2,3,5,10,8,6,24,36,74,0,44,44,118
05/18/2023,BFM,AL,ASO,CE,Federal Contract Tower,9,7,19,56,91,0,2,9,17,28,9,9,28,73,119,4,78,82,201
05/19/2023,BFM,AL,ASO,CE,Federal Contract Tower,8,13,19,30,70,0,2,8,24,34,8,15,27,54,104,0,110,110,214
05/20/2023,BFM,AL,ASO,CE,Federal Contract Tower,2,2,5,0,9,0,2,9,5,16,2,4,14,5,25,0,30,30,55
05/21/2023,BFM,AL,ASO,CE,Federal Contract Tower,2,1,5,0,8,0,6,4,0,10,2,7,9,0,18,0,0,0,18
05/22/2023,BFM,AL,ASO,CE,Federal Contract Tower,7,8,14,43,72,0,1,11,21,33,7,9,25,64,105,6,110,116,221
05/23/2023,BFM,AL,ASO,CE,Federal Contract Tower,8,11,20,30,69,0,0,7,11,18,8,11,27,41,87,2,40,42,129
05/24/2023,BFM,AL,ASO,CE,Federal Contract Tower,8,7,14,66,95,0,2,1,5,8,8,9,15,71,103,0,42,42,145
05/25/2023,BFM,AL,ASO,CE,Federal Contract Tower,7,6,17,37,67,0,0,24,21,45,7,6,41,58,112,4,52,56,168
05/26/2023,BFM,AL,ASO,CE,Federal Contract Tower,4,7,12,40,63,0,2,17,1,20,4,9,29,41,83,38,0,38,121
05/27/2023,BFM,AL,ASO,CE,Federal Contract Tower,3,2,2,4,11,0,0,4,0,4,3,2,6,4,15,0,0,0,15
05/28/2023,BFM,AL,ASO,CE,Federal Contract Tower,1,0,3,0,4,0,2,15,4,21,1,2,18,4,25,14,0,14,39
05/29/2023,BFM,AL,ASO,CE,Federal Contract Tower,2,0,3,5,10,0,0,9,0,9,2,0,12,5,19,20,6,26,45
05/30/2023,BFM,AL,ASO,CE,Federal Contract Tower,8,3,11,26,48,0,0,17,17,34,8,3,28,43,82,12,90,102,184
05/31/2023,BFM,AL,ASO,CE,Federal Contract Tower,6,6,9,79,100,0,11,18,52,81,6,17,27,131,181,4,250,254,435
06/01/2023,BFM,AL,ASO,CE,Federal Contract Tower,10,7,11,28,56,0,0,2,25,27,10,7,13,53,83,0,184,184,267
06/02/2023,BFM,AL,ASO,CE,Federal Contract Tower,6,8,4,64,82,0,2,19,24,45,6,10,23,88,127,0,168,168,295
06/03/2023,BFM,AL,ASO,CE,Federal Contract Tower,3,4,16,0,23,0,0,8,0,8,3,4,24,0,31,4,0,4,35
06/04/2023,BFM,AL,ASO,CE,Federal Contract Tower,2,0,10,0,12,0,0,6,0,6,2,0,16,0,18,10,0,10,28
06/05/2023,BFM,AL,ASO,CE,Federal Contract Tower,6,5,13,21,45,0,2,15,11,28,6,7,28,32,73,16,50,66,139
06/06/2023,BFM,AL,ASO,CE,Federal Contract Tower,4,13,18,67,102,0,4,10,44,58,4,17,28,111,160,0,162,162,322
06/07/2023,BFM,AL,ASO,CE,Federal Contract Tower,9,11,18,33,71,0,4,13,18,35,9,15,31,51,106,8,46,54,160
06/08/2023,BFM,AL,ASO,CE,Federal Contract Tower,16,8,14,24,62,0,5,18,14,37,16,13,32,38,99,0,114,114,213
06/09/2023,BFM,AL,ASO,CE,Federal Contract Tower,9,8,18,33,68,0,6,7,21,34,9,14,25,54,102,0,124,124,226
06/10/2023,BFM,AL,ASO,CE,Federal Contract Tower,3,6,8,0,17,0,1,13,6,20,3,7,21,6,37,6,0,6,43
06/11/2023,BFM,AL,ASO,CE,Federal Contract Tower,5,3,4,5,17,0,3,6,0,9,5,6,10,5,26,14,0,14,40
06/12/2023,BFM,AL,ASO,CE,Federal Contract Tower,3,3,7,45,58,0,1,13,10,24,3,4,20,55,82,6,52,58,140
06/13/2023,BFM,AL,ASO,CE,Federal Contract Tower,6,5,14,20,45,0,2,9,25,36,6,7,23,45,81,8,90,98,179
06/14/2023,BFM,AL,ASO,CE,Federal Contract Tower,7,3,11,46,67,0,2,6,8,16,7,5,17,54,83,6,44,50,133
06/15/2023,BFM,AL,ASO,CE,Federal Contract Tower,9,7,16,7,39,0,1,1,12,14,9,8,17,19,53,6,14,20,73
06/16/2023,BFM,AL,ASO,CE,Federal Contract Tower,9,3,8,4,24,0,2,4,1,7,9,5,12,5,31,0,4,4,35
06/17/2023,BFM,AL,ASO,CE,Federal Contract Tower,5,4,5,0,14,0,0,1,0,1,5,4,6,0,15,0,0,0,15
06/18/2023,BFM,AL,ASO,CE,Federal Contract Tower,1,0,8,0,9,0,0,0,0,0,1,0,8,0,9,0,0,0,9
06/19/2023,BFM,AL,ASO,CE,Federal Contract Tower,1,6,3,0,10,0,0,3,0,3,1,6,6,0,13,6,0,6,19
06/20/2023,BFM,AL,ASO,CE,Federal Contract Tower,8,6,17,40,71,0,1,20,27,48,8,7,37,67,119,22,104,126,245
06/21/2023,BFM,AL,ASO,CE,Federal Contract Tower,8,7,19,22,56,0,2,8,22,32,8,9,27,44,88,0,50,50,138
06/22/2023,BFM,AL,ASO,CE,Federal Contract Tower,10,7,11,41,69,0,2,14,26,42,10,9,25,67,111,0,108,108,219
06/23/2023,BFM,AL,ASO,CE,Federal Contract Tower,9,7,9,78,103,0,0,15,17,32,9,7,24,95,135,18,134,152,287
06/24/2023,BFM,AL,ASO,CE,Federal Contract Tower,1,3,9,2,15,0,3,25,7,35,1,6,34,9,50,16,32,48,98
06/25/2023,BFM,AL,ASO,CE,Federal Contract Tower,1,0,5,12,18,0,2,14,2,18,1,2,19,14,36,2,0,2,38
06/26/2023,BFM,AL,ASO,CE,Federal Contract Tower,5,5,9,50,69,0,4,11,29,44,5,9,20,79,113,6,96,102,215
06/27/2023,BFM,AL,ASO,CE,Federal Contract Tower,7,12,8,50,77,0,4,9,24,37,7,16,17,74,114,12,94,106,220
06/28/2023,BFM,AL,ASO,CE,Federal Contract Tower,4,7,13,36,60,0,4,19,47,70,4,11,32,83,130,24,228,252,382
06/29/2023,BFM,AL,ASO,CE,Federal Contract Tower,17,3,14,51,85,0,2,13,19,34,17,5,27,70,119,2,58,60,179
06/30/2023,BFM,AL,ASO,CE,Federal Contract Tower,10,6,12,25,53,0,4,6,13,23,10,10,18,38,76,2,36,38,114
07/01/2023,BFM,AL,ASO,CE,Federal Contract Tower,3,5,8,0,16,0,0,5,4,9,3,5,13,4,25,4,0,4,29
07/02/2023,BFM,AL,ASO,CE,Federal Contract Tower,1,1,0,0,2,0,0,0,0,0,1,1,0,0,2,0,0,0,2
07/03/2023,BFM,AL,ASO,CE,Federal Contract Tower,1,2,5,8,16,0,0,16,0,16,1,2,21,8,32,20,0,20,52
07/04/2023,BFM,AL,ASO,CE,Federal Contract Tower,0,0,4,0,4,0,4,4,0,8,0,4,8,0,12,6,0,6,18
07/05/2023,BFM,AL,ASO,CE,Federal Contract Tower,8,6,8,9,31,0,0,6,9,15,8,6,14,18,46,26,18,44,90
07/06/2023,BFM,AL,ASO,CE,Federal Contract Tower,10,5,8,31,54,0,2,20,32,54,10,7,28,63,108,4,122,126,234
07/07/2023,BFM,AL,ASO,CE,Federal Contract Tower,7,6,5,47,65,0,6,23,24,53,7,12,28,71,118,16,170,186,304
07/08/2023,BFM,AL,ASO,CE,Federal Contract Tower,2,4,4,15,25,0,0,5,2,7,2,4,9,17,32,4,16,20,52
07/09/2023,BFM,AL,ASO,CE,Federal Contract Tower,1,0,7,2,10,0,2,2,0,4,1,2,9,2,14,2,0,2,16
07/10/2023,BFM,AL,ASO,CE,Federal Contract Tower,1,2,11,4,18,0,0,0,11,11,1,2,11,15,29,0,66,66,95
07/11/2023,BFM,AL,ASO,CE,Federal Contract Tower,4,8,13,17,42,0,0,14,8,22,4,8,27,25,64,0,42,42,106
07/12/2023,BFM,AL,ASO,CE,Federal Contract Tower,7,6,11,14,38,0,0,16,27,43,7,6,27,41,81,0,126,126,207
07/13/2023,BFM,AL,ASO,CE,Federal Contract Tower,9,6,22,14,51,0,0,3,18,21,9,6,25,32,72,18,124,142,214
07/14/2023,BFM,AL,ASO,CE,Federal Contract Tower,5,4,21,18,48,0,2,1,22,25,5,6,22,40,73,0,78,78,151
07/15/2023,BFM,AL,ASO,CE,Federal Contract Tower,3,0,8,20,31,0,0,10,1,11,3,0,18,21,42,14,0,14,56
07/16/2023,BFM,AL,ASO,CE,Federal Contract Tower,1,0,10,6,17,0,1,13,4,18,1,1,23,10,35,0,0,0,35
07/17/2023,BFM,AL,ASO,CE,Federal Contract Tower,3,2,4,45,54,0,2,16,19,37,3,4,20,64,91,6,88,94,185
07/18/2023,BFM,AL,ASO,CE,Federal Contract Tower,8,4,11,24,47,0,2,21,47,70,8,6,32,71,117,4,288,292,409
07/19/2023,BFM,AL,ASO,CE,Federal Contract Tower,13,10,21,55,99,0,4,10,35,49,13,14,31,90,148,20,286,306,454
07/20/2023,BFM,AL,ASO,CE,Federal Contract Tower,6,2,17,24,49,0,5,7,29,41,6,7,24,53,90,6,202,208,298
07/21/2023,BFM,AL,ASO,CE,Federal Contract Tower,7,4,15,4,30,0,3,12,28,43,7,7,27,32,73,0,180,180,253
07/22/2023,BFM,AL,ASO,CE,Federal Contract Tower,2,6,3,1,12,0,4,10,3,17,2,10,13,4,29,4,16,20,49
07/23/2023,BFM,AL,ASO,CE,Federal Contract Tower,1,0,0,22,23,0,0,4,1,5,1,0,4,23,28,2,0,2,30
07/24/2023,BFM,AL,ASO,CE,Federal Contract Tower,3,4,4,12,23,0,0,9,28,37,3,4,13,40,60,0,144,144,204
07/25/2023,BFM,AL,ASO,CE,Federal Contract Tower,8,7,14,48,77,0,6,11,22,39,8,13,25,70,116,10,148,158,274
07/26/2023,BFM,AL,ASO,CE,Federal Contract Tower,7,4,13,30,54,0,2,11,16,29,7,6,24,46,83,6,104,110,193
07/27/2023,BFM,AL,ASO,CE,Federal Contract Tower,10,9,19,24,62,0,2,10,29,41,10,11,29,53,103,22,150,172,275
07/28/2023,BFM,AL,ASO,CE,Federal Contract Tower,6,6,14,41,67,0,2,13,8,23,6,8,27,49,90,22,48,70,160
07/29/2023,BFM,AL,ASO,CE,Federal Contract Tower,2,2,1,0,5,0,0,9,2,11,2,2,10,2,16,0,0,0,16
07/30/2023,BFM,AL,ASO,CE,Federal Contract Tower,3,0,5,6,14,0,0,18,0,18,3,0,23,6,32,2,0,2,34
07/31/2023,BFM,AL,ASO,CE,Federal Contract Tower,4,10,27,21,62,0,11,14,25,50,4,21,41,46,112,22,136,158,270
08/01/2023,BFM,AL,ASO,CE,Federal Contract Tower,13,6,10,23,52,0,4,5,32,41,13,10,15,55,93,0,234,234,327
08/02/2023,BFM,AL,ASO,CE,Federal Contract Tower,7,6,18,36,67,0,3,13,13,29,7,9,31,49,96,0,102,102,198
08/03/2023,BFM,AL,ASO,CE,Federal Contract Tower,9,10,11,67,97,0,11,10,25,46,9,21,21,92,143,8,94,102,245
08/04/2023,BFM,AL,ASO,CE,Federal Contract Tower,10,4,9,39,62,0,5,8,18,31,10,9,17,57,93,4,94,98,191
08/05/2023,BFM,AL,ASO,CE,Federal Contract Tower,2,2,9,6,19,0,1,5,11,17,2,3,14,17,36,8,46,54,90
08/06/2023,BFM,AL,ASO,CE,Federal Contract Tower,2,2,7,6,17,0,1,8,2,11,2,3,15,8,28,8,2,10,38
08/07/2023,BFM,AL,ASO,CE,Federal Contract Tower,3,4,16,41,64,0,2,8,19,29,3,6,24,60,93,0,156,156,249
08/08/2023,BFM,AL,ASO,CE,Federal Contract Tower,6,9,22,30,67,0,2,11,19,32,6,11,33,49,99,14,116,130,229
08/09/2023,BFM,AL,ASO,CE,Federal Contract Tower,8,2,13,48,71,0,1,30,15,46,8,3,43,63,117,8,116,124,241
08/10/2023,BFM,AL,ASO,CE,Federal Contract Tower,8,6,18,19,51,0,5,20,22,47,8,11,38,41,98,10,146,156,254
08/11/2023,BFM,AL,ASO,CE,Federal Contract Tower,7,2,11,47,67,0,7,11,18,36,7,9,22,65,103,0,174,174,277
08/12/2023,BFM,AL,ASO,CE,Federal Contract Tower,2,2,6,0,10,0,3,17,2,22,2,5,23,2,32,4,6,10,42
08/13/2023,BFM,AL,ASO,CE,Federal Contract Tower,3,6,3,0,12,0,0,14,0,14,3,6,17,0,26,2,0,2,28
08/14/2023,BFM,AL,ASO,CE,Federal Contract Tower,5,2,19,41,67,0,3,16,21,40,5,5,35,62,107,12,112,124,231
08/15/2023,BFM,AL,ASO,CE,Federal Contract Tower,8,4,10,15,37,0,2,14,14,30,8,6,24,29,67,16,82,98,165
08/16/2023,BFM,AL,ASO,CE,Federal Contract Tower,9,9,21,28,67,0,2,22,25,49,9,11,43,53,116,34,158,192,308
08/17/2023,BFM,AL,ASO,CE,Federal Contract Tower,9,4,12,32,57,0,4,12,32,48,9,8,24,64,105,0,132,132,237
08/18/2023,BFM,AL,ASO,CE,Federal Contract Tower,8,5,5,29,47,0,4,5,24,33,8,9,10,53,80,0,200,200,280
08/19/2023,BFM,AL,ASO,CE,Federal Contract Tower,4,6,8,0,18,0,0,4,3,7,4,6,12,3,25,6,8,14,39
08/20/2023,BFM,AL,ASO,CE,Federal Contract Tower,1,0,7,14,22,0,2,8,0,10,1,2,15,14,32,12,0,12,44
08/21/2023,BFM,AL,ASO,CE,Federal Contract Tower,5,4,9,21,39,0,3,27,26,56,5,7,36,47,95,18,142,160,255
08/22/2023,BFM,AL,ASO,CE,Federal Contract Tower,8,6,12,49,75,0,2,14,32,48,8,8,26,81,123,6,132,138,261
08/23/2023,BFM,AL,ASO,CE,Federal Contract Tower,7,6,14,47,74,0,4,16,25,45,7,10,30,72,119,4,78,82,201
08/24/2023,BFM,AL,ASO,CE,Federal Contract Tower,8,6,19,23,56,0,2,4,22,28,8,8,23,45,84,0,174,174,258
08/25/2023,BFM,AL,ASO,CE,Federal Contract Tower,7,2,10,20,39,0,4,17,17,38,7,6,27,37,77,6,116,122,199
08/26/2023,BFM,AL,ASO,CE,Federal Contract Tower,4,0,8,8,20,0,0,7,0,7,4,0,15,8,27,14,0,14,41
08/27/2023,BFM,AL,ASO,CE,Federal Contract Tower,1,0,7,8,16,0,1,11,0,12,1,1,18,8,28,0,0,0,28
08/28/2023,BFM,AL,ASO,CE,Federal Contract Tower,2,4,14,8,28,0,2,6,10,18,2,6,20,18,46,4,42,46,92
08/29/2023,BFM,AL,ASO,CE,Federal Contract Tower,4,9,8,25,46,0,2,2,19,23,4,11,10,44,69,0,130,130,199
08/30/2023,BFM,AL,ASO,CE,Federal Contract Tower,4,4,22,55,85,0,2,7,35,44,4,6,29,90,129,4,148,152,281
08/31/2023,BFM,AL,ASO,CE,Federal Contract Tower,9,10,18,32,69,0,8,9,36,53,9,18,27,68,122,2,158,160,282
