01/01/2020,BGR,ME,ANE,EN,Combined TRACON& Tower with Radar,0,24,6,3,33,0,0,3,0,3,0,24,9,3,36,0,0,0,36
01/02/2020,BGR,ME,ANE,EN,Combined TRACON& Tower with Radar,2,27,11,15,55,0,4,29,11,44,2,31,40,26,99,10,0,10,109
01/03/2020,BGR,ME,ANE,EN,Combined TRACON& Tower with Radar,4,35,11,20,70,0,6,25,10,41,4,41,36,30,111,54,4,58,169
01/04/2020,BGR,ME,ANE,EN,Combined TRACON& Tower with Radar,8,31,5,11,55,0,1,12,9,22,8,32,17,20,77,20,6,26,103
01/05/2020,BGR,ME,ANE,EN,Combined TRACON& Tower with Radar,3,22,11,5,41,0,3,2,1,6,3,25,13,6,47,0,24,24,71
01/06/2020,BGR,ME,ANE,EN,Combined TRACON& Tower with Radar,3,35,6,7,51,0,1,6,0,7,3,36,12,7,58,0,0,0,58
01/07/2020,BGR,ME,ANE,EN,Combined TRACON& Tower with Radar,6,31,9,17,63,0,11,7,27,45,6,42,16,44,108,8,4,12,120
01/08/2020,BGR,ME,ANE,EN,Combined TRACON& Tower with Radar,4,37,13,30,84,0,0,4,2,6,4,37,17,32,90,0,10,10,100
01/09/2020,BGR,ME,ANE,EN,Combined TRACON& Tower with Radar,4,37,15,45,101,0,6,21,18,45,4,43,36,63,146,18,6,24,170
01/10/2020,BGR,ME,ANE,EN,Combined TRACON& Tower with Radar,2,31,4,36,73,3,5,14,4,26,5,36,18,40,99,60,8,68,167
01/11/2020,BGR,ME,ANE,EN,Combined TRACON& Tower with Radar,8,25,3,7,43,0,0,1,0,1,8,25,4,7,44,0,0,0,44
01/12/2020,BGR,ME,ANE,EN,Combined TRACON& Tower with Radar,0,25,6,0,31,0,2,0,0,2,0,27,6,0,33,0,0,0,33
01/13/2020,BGR,ME,ANE,EN,Combined TRACON& Tower with Radar,6,28,6,10,50,0,0,0,0,0,6,28,6,10,50,0,0,0,50
01/14/2020,BGR,ME,ANE,EN,Combined TRACON& Tower with Radar,1,30,13,28,72,0,0,14,23,37,1,30,27,51,109,14,10,24,133
01/15/2020,BGR,ME,ANE,EN,Combined TRACON& Tower with Radar,5,33,13,49,100,0,0,18,13,31,5,33,31,62,131,22,2,24,155
01/16/2020,BGR,ME,ANE,EN,Combined TRACON& Tower with Radar,0,32,8,7,47,0,0,0,0,0,0,32,8,7,47,0,0,0,47
01/17/2020,BGR,ME,ANE,EN,Combined TRACON& Tower with Radar,4,42,14,0,60,0,0,3,0,3,4,42,17,0,63,0,0,0,63
01/18/2020,BGR,ME,ANE,EN,Combined TRACON& Tower with Radar,6,24,2,0,32,0,3,9,0,12,6,27,11,0,44,16,0,16,60
01/19/2020,BGR,ME,ANE,EN,Combined TRACON& Tower with Radar,0,21,1,4,26,0,1,0,0,1,0,22,1,4,27,0,0,0,27
01/20/2020,BGR,ME,ANE,EN,Combined TRACON& Tower with Radar,2,30,12,5,49,0,5,28,0,33,2,35,40,5,82,0,0,0,82
01/21/2020,BGR,ME,ANE,EN,Combined TRACON& Tower with Radar,2,30,8,27,67,0,7,18,19,44,2,37,26,46,111,6,10,16,127
01/22/2020,BGR,ME,ANE,EN,Combined TRACON& Tower with Radar,2,36,6,14,58,0,4,12,16,32,2,40,18,30,90,28,4,32,122
01/23/2020,BGR,ME,ANE,EN,Combined TRACON& Tower with Radar,7,36,20,22,85,0,6,14,21,41,7,42,34,43,126,0,8,8,134
01/24/2020,BGR,ME,ANE,EN,Combined TRACON& Tower with Radar,5,34,23,21,83,0,4,10,2,16,5,38,33,23,99,2,0,2,101
01/25/2020,BGR,ME,ANE,EN,Combined TRACON& Tower with Radar,6,36,7,13,62,0,0,4,0,4,6,36,11,13,66,0,0,0,66
01/26/2020,BGR,ME,ANE,EN,Combined TRACON& Tower with Radar,0,29,3,4,36,0,0,2,0,2,0,29,5,4,38,24,0,24,62
01/27/2020,BGR,ME,ANE,EN,Combined TRACON& Tower with Radar,4,36,14,27,81,0,5,9,3,17,4,41,23,30,98,12,22,34,132
01/28/2020,BGR,ME,ANE,EN,Combined TRACON& Tower with Radar,5,35,14,37,91,0,4,8,33,45,5,39,22,70,136,10,22,32,168
01/29/2020,BGR,ME,ANE,EN,Combined TRACON& Tower with Radar,4,28,12,29,73,0,3,16,14,33,4,31,28,43,106,8,18,26,132
01/30/2020,BGR,ME,ANE,EN,Combined TRACON& Tower with Radar,1,28,10,29,68,0,0,27,29,56,1,28,37,58,124,56,4,60,184
01/31/2020,BGR,ME,ANE,EN,Combined TRACON& Tower with Radar,4,38,22,22,86,0,0,34,30,64,4,38,56,52,150,32,22,54,204
02/01/2020,BGR,ME,ANE,EN,Combined TRACON& Tower with Radar,7,30,8,14,59,0,1,10,15,26,7,31,18,29,85,4,6,10,95
02/02/2020,BGR,ME,ANE,EN,Combined TRACON& Tower with Radar,2,21,8,4,35,0,3,10,0,13,2,24,18,4,48,22,0,22,70
02/03/2020,BGR,ME,ANE,EN,Combined TRACON& Tower with Radar,2,32,9,8,51,0,3,5,5,13,2,35,14,13,64,0,0,0,64
02/04/2020,BGR,ME,ANE,EN,Combined TRACON& Tower with Radar,0,42,23,34,99,0,6,17,30,53,0,48,40,64,152,2,24,26,178
02/05/2020,BGR,ME,ANE,EN,Combined TRACON& Tower with Radar,7,32,10,49,98,0,1,13,9,23,7,33,23,58,121,26,4,30,151
02/06/2020,BGR,ME,ANE,EN,Combined TRACON& Tower with Radar,0,33,8,0,41,0,0,0,0,0,0,33,8,0,41,0,0,0,41
02/07/2020,BGR,ME,ANE,EN,Combined TRACON& Tower with Radar,3,13,4,3,23,0,0,0,0,0,3,13,4,3,23,0,0,0,23
02/08/2020,BGR,ME,ANE,EN,Combined TRACON& Tower with Radar,7,23,15,5,50,0,2,6,0,8,7,25,21,5,58,28,0,28,86
02/09/2020,BGR,ME,ANE,EN,Combined TRACON& Tower with Radar,4,28,18,4,54,0,0,24,0,24,4,28,42,4,78,8,0,8,86
02/10/2020,BGR,ME,ANE,EN,Combined TRACON& Tower with Radar,2,31,17,20,70,0,0,0,0,0,2,31,17,20,70,0,0,0,70
02/11/2020,BGR,ME,ANE,EN,Combined TRACON& Tower with Radar,2,33,11,7,53,0,0,0,0,0,2,33,11,7,53,0,0,0,53
02/12/2020,BGR,ME,ANE,EN,Combined TRACON& Tower with Radar,6,31,28,36,101,0,2,15,18,35,6,33,43,54,136,16,16,32,168
02/13/2020,BGR,ME,ANE,EN,Combined TRACON& Tower with Radar,6,33,10,4,53,0,0,0,0,0,6,33,10,4,53,0,0,0,53
02/14/2020,BGR,ME,ANE,EN,Combined TRACON& Tower with Radar,6,37,6,9,58,0,3,19,2,24,6,40,25,11,82,10,8,18,100
02/15/2020,BGR,ME,ANE,EN,Combined TRACON& Tower with Radar,9,40,13,4,66,0,4,17,0,21,9,44,30,4,87,12,0,12,99
02/16/2020,BGR,ME,ANE,EN,Combined TRACON& Tower with Radar,7,31,15,4,57,0,2,14,0,16,7,33,29,4,73,10,0,10,83
02/17/2020,BGR,ME,ANE,EN,Combined TRACON& Tower with Radar,6,33,16,5,60,0,4,15,0,19,6,37,31,5,79,0,0,0,79
02/18/2020,BGR,ME,ANE,EN,Combined TRACON& Tower with Radar,4,30,12,27,73,0,0,3,6,9,4,30,15,33,82,0,30,30,112
02/19/2020,BGR,ME,ANE,EN,Combined TRACON& Tower with Radar,7,36,12,11,66,0,4,7,2,13,7,40,19,13,79,10,6,16,95
02/20/2020,BGR,ME,ANE,EN,Combined TRACON& Tower with Radar,4,30,12,33,79,0,8,19,10,37,4,38,31,43,116,8,16,24,140
02/21/2020,BGR,ME,ANE,EN,Combined TRACON& Tower with Radar,4,32,16,32,84,0,5,32,10,47,4,37,48,42,131,0,12,12,143
02/22/2020,BGR,ME,ANE,EN,Combined TRACON& Tower with Radar,7,34,16,9,66,0,0,33,4,37,7,34,49,13,103,28,0,28,131
02/23/2020,BGR,ME,ANE,EN,Combined TRACON& Tower with Radar,8,25,17,8,58,0,0,36,0,36,8,25,53,8,94,28,0,28,122
02/24/2020,BGR,ME,ANE,EN,Combined TRACON& Tower with Radar,12,40,22,10,84,2,1,9,7,19,14,41,31,17,103,18,10,28,131
02/25/2020,BGR,ME,ANE,EN,Combined TRACON& Tower with Radar,6,37,12,39,94,0,2,25,24,51,6,39,37,63,145,24,0,24,169
02/26/2020,BGR,ME,ANE,EN,Combined TRACON& Tower with Radar,6,41,13,41,101,0,2,4,21,27,6,43,17,62,128,12,48,60,188
02/27/2020,BGR,ME,ANE,EN,Combined TRACON& Tower with Radar,8,30,8,6,52,0,0,0,0,0,8,30,8,6,52,0,0,0,52
02/28/2020,BGR,ME,ANE,EN,Combined TRACON& Tower with Radar,9,40,17,4,70,0,3,8,1,12,9,43,25,5,82,16,0,16,98
02/29/2020,BGR,ME,ANE,EN,Combined TRACON& Tower with Radar,8,34,15,4,61,0,3,31,0,34,8,37,46,4,95,34,0,34,129
03/01/2020,BGR,ME,ANE,EN,Combined TRACON& Tower with Radar,8,27,5,8,48,0,5,19,0,24,8,32,24,8,72,20,0,20,92
03/02/2020,BGR,ME,ANE,EN,Combined TRACON& Tower with Radar,4,31,13,41,89,0,3,11,3,17,4,34,24,44,106,18,14,32,138
03/03/2020,BGR,ME,ANE,EN,Combined TRACON& Tower with Radar,8,36,11,43,98,0,6,25,20,51,8,42,36,63,149,10,4,14,163
03/04/2020,BGR,ME,ANE,EN,Combined TRACON& Tower with Radar,12,33,4,6,55,0,1,1,0,2,12,34,5,6,57,0,0,0,57
03/05/2020,BGR,ME,ANE,EN,Combined TRACON& Tower with Radar,6,43,8,31,88,0,5,9,20,34,6,48,17,51,122,6,12,18,140
03/06/2020,BGR,ME,ANE,EN,Combined TRACON& Tower with Radar,6,32,13,24,75,0,4,17,12,33,6,36,30,36,108,28,2,30,138
03/07/2020,BGR,ME,ANE,EN,Combined TRACON& Tower with Radar,14,30,10,7,61,0,2,1,19,22,14,32,11,26,83,0,0,0,83
03/08/2020,BGR,ME,ANE,EN,Combined TRACON& Tower with Radar,10,32,5,7,54,0,0,25,2,27,10,32,30,9,81,44,8,52,133
03/09/2020,BGR,ME,ANE,EN,Combined TRACON& Tower with Radar,6,32,9,18,65,0,0,14,8,22,6,32,23,26,87,24,10,34,121
03/10/2020,BGR,ME,ANE,EN,Combined TRACON& Tower with Radar,6,32,9,29,76,0,0,0,3,3,6,32,9,32,79,0,10,10,89
03/11/2020,BGR,ME,ANE,EN,Combined TRACON& Tower with Radar,7,39,12,42,100,0,2,27,30,59,7,41,39,72,159,0,28,28,187
03/12/2020,BGR,ME,ANE,EN,Combined TRACON& Tower with Radar,9,35,16,29,89,0,1,24,26,51,9,36,40,55,140,10,26,36,176
03/13/2020,BGR,ME,ANE,EN,Combined TRACON& Tower with Radar,6,37,3,3,49,0,0,1,0,1,6,37,4,3,50,0,0,0,50
03/14/2020,BGR,ME,ANE,EN,Combined TRACON& Tower with Radar,11,33,9,2,55,0,1,1,0,2,11,34,10,2,57,2,0,2,59
03/15/2020,BGR,ME,ANE,EN,Combined TRACON& Tower with Radar,5,28,9,2,44,0,1,21,0,22,5,29,30,2,66,32,0,32,98
03/16/2020,BGR,ME,ANE,EN,Combined TRACON& Tower with Radar,5,26,10,32,73,0,4,21,3,28,5,30,31,35,101,10,8,18,119
03/17/2020,BGR,ME,ANE,EN,Combined TRACON& Tower with Radar,6,38,8,20,72,0,1,0,4,5,6,39,8,24,77,0,0,0,77
03/18/2020,BGR,ME,ANE,EN,Combined TRACON& Tower with Radar,6,37,18,4,65,1,1,23,4,29,7,38,41,8,94,28,0,28,122
03/19/2020,BGR,ME,ANE,EN,Combined TRACON& Tower with Radar,5,40,3,22,70,0,0,0,1,1,5,40,3,23,71,10,4,14,85
03/20/2020,BGR,ME,ANE,EN,Combined TRACON& Tower with Radar,4,36,6,12,58,0,0,0,0,0,4,36,6,12,58,4,0,4,62
03/21/2020,BGR,ME,ANE,EN,Combined TRACON& Tower with Radar,6,29,6,5,46,0,1,3,0,4,6,30,9,5,50,0,0,0,50
03/22/2020,BGR,ME,ANE,EN,Combined TRACON& Tower with Radar,7,30,14,5,56,0,2,29,0,31,7,32,43,5,87,14,0,14,101
03/23/2020,BGR,ME,ANE,EN,Combined TRACON& Tower with Radar,0,0,0,0,0,0,0,0,0,0,0,0,0,0,0,14,2,16,16
03/24/2020,BGR,ME,ANE,EN,Combined TRACON& Tower with Radar,3,23,1,10,37,0,1,5,1,7,3,24,6,11,44,2,2,4,48
03/25/2020,BGR,ME,ANE,EN,Combined TRACON& Tower with Radar,0,20,4,19,43,0,0,8,2,10,0,20,12,21,53,34,6,40,93
03/26/2020,BGR,ME,ANE,EN,Combined TRACON& Tower with Radar,6,17,2,13,38,0,0,23,4,27,6,17,25,17,65,36,12,48,113
03/27/2020,BGR,ME,ANE,EN,Combined TRACON& Tower with Radar,0,13,5,6,24,0,0,4,0,4,0,13,9,6,28,0,0,0,28
03/28/2020,BGR,ME,ANE,EN,Combined TRACON& Tower with Radar,2,17,1,4,24,0,0,31,0,31,2,17,32,4,55,16,0,16,71
03/29/2020,BGR,ME,ANE,EN,Combined TRACON& Tower with Radar,4,13,0,3,20,0,0,8,0,8,4,13,8,3,28,16,0,16,44
03/30/2020,BGR,ME,ANE,EN,Combined TRACON& Tower with Radar,2,12,4,8,26,0,0,0,0,0,2,12,4,8,26,0,0,0,26
03/31/2020,BGR,ME,ANE,EN,Combined TRACON& Tower with Radar,6,17,12,8,43,0,0,7,0,7,6,17,19,8,50,4,4,8,58
04/01/2020,BGR,ME,ANE,EN,Combined TRACON& Tower with Radar,5,16,6,13,40,0,0,0,0,0,5,16,6,13,40,0,0,0,40
04/02/2020,BGR,ME,ANE,EN,Combined TRACON& Tower with Radar,7,18,0,13,38,0,0,0,0,0,7,18,0,13,38,0,0,0,38
04/03/2020,BGR,ME,ANE,EN,Combined TRACON& Tower with Radar,4,21,3,1,29,0,0,0,0,0,4,21,3,1,29,0,0,0,29
04/04/2020,BGR,ME,ANE,EN,Combined TRACON& Tower with Radar,5,14,2,5,26,0,0,8,0,8,5,14,10,5,34,0,0,0,34
04/05/2020,BGR,ME,ANE,EN,Combined TRACON& Tower with Radar,4,10,4,3,21,0,0,16,0,16,4,10,20,3,37,4,0,4,41
04/06/2020,BGR,ME,ANE,EN,Combined TRACON& Tower with Radar,8,10,2,23,43,0,1,5,11,17,8,11,7,34,60,0,2,2,62
04/07/2020,BGR,ME,ANE,EN,Combined TRACON& Tower with Radar,5,14,4,23,46,0,2,9,10,21,5,16,13,33,67,14,14,28,95
04/08/2020,BGR,ME,ANE,EN,Combined TRACON& Tower with Radar,9,20,8,23,60,0,0,8,3,11,9,20,16,26,71,20,14,34,105
04/09/2020,BGR,ME,ANE,EN,Combined TRACON& Tower with Radar,7,18,2,17,44,0,0,3,2,5,7,18,5,19,49,2,14,16,65
04/10/2020,BGR,ME,ANE,EN,Combined TRACON& Tower with Radar,5,18,2,0,25,0,0,0,0,0,5,18,2,0,25,0,0,0,25
04/11/2020,BGR,ME,ANE,EN,Combined TRACON& Tower with Radar,10,11,3,2,26,0,0,1,0,1,10,11,4,2,27,2,0,2,29
04/12/2020,BGR,ME,ANE,EN,Combined TRACON& Tower with Radar,4,4,3,0,11,0,0,9,0,9,4,4,12,0,20,0,0,0,20
04/13/2020,BGR,ME,ANE,EN,Combined TRACON& Tower with Radar,8,7,1,0,16,0,0,0,0,0,8,7,1,0,16,0,0,0,16
04/14/2020,BGR,ME,ANE,EN,Combined TRACON& Tower with Radar,4,15,13,6,38,0,0,5,5,10,4,15,18,11,48,8,24,32,80
04/15/2020,BGR,ME,ANE,EN,Combined TRACON& Tower with Radar,11,13,3,39,66,0,2,15,2,19,11,15,18,41,85,12,8,20,105
04/16/2020,BGR,ME,ANE,EN,Combined TRACON& Tower with Radar,12,15,13,13,53,0,1,5,3,9,12,16,18,16,62,0,0,0,62
04/17/2020,BGR,ME,ANE,EN,Combined TRACON& Tower with Radar,7,14,6,19,46,0,0,9,5,14,7,14,15,24,60,4,12,16,76
04/18/2020,BGR,ME,ANE,EN,Combined TRACON& Tower with Radar,7,12,5,2,26,0,0,19,0,19,7,12,24,2,45,0,0,0,45
04/19/2020,BGR,ME,ANE,EN,Combined TRACON& Tower with Radar,5,4,2,10,21,0,0,16,0,16,5,4,18,10,37,0,0,0,37
04/20/2020,BGR,ME,ANE,EN,Combined TRACON& Tower with Radar,5,11,1,11,28,0,2,5,11,18,5,13,6,22,46,20,22,42,88
04/21/2020,BGR,ME,ANE,EN,Combined TRACON& Tower with Radar,5,19,2,9,35,0,0,5,0,5,5,19,7,9,40,10,0,10,50
04/22/2020,BGR,ME,ANE,EN,Combined TRACON& Tower with Radar,4,17,6,22,49,0,1,0,6,7,4,18,6,28,56,0,6,6,62
04/23/2020,BGR,ME,ANE,EN,Combined TRACON& Tower with Radar,8,12,5,20,45,0,0,12,3,15,8,12,17,23,60,0,8,8,68
04/24/2020,BGR,ME,ANE,EN,Combined TRACON& Tower with Radar,4,17,4,17,42,0,0,21,3,24,4,17,25,20,66,18,14,32,98
04/25/2020,BGR,ME,ANE,EN,Combined TRACON& Tower with Radar,4,15,7,1,27,0,0,22,0,22,4,15,29,1,49,0,0,0,49
04/26/2020,BGR,ME,ANE,EN,Combined TRACON& Tower with Radar,12,6,2,4,24,0,0,2,0,2,12,6,4,4,26,4,0,4,30
04/27/2020,BGR,ME,ANE,EN,Combined TRACON& Tower with Radar,10,13,2,5,30,0,0,0,0,0,10,13,2,5,30,2,2,4,34
04/28/2020,BGR,ME,ANE,EN,Combined TRACON& Tower with Radar,2,15,2,10,29,0,0,2,12,14,2,15,4,22,43,0,24,24,67
04/29/2020,BGR,ME,ANE,EN,Combined TRACON& Tower with Radar,6,15,11,12,44,0,0,23,2,25,6,15,34,14,69,46,8,54,123
04/30/2020,BGR,ME,ANE,EN,Combined TRACON& Tower with Radar,8,11,7,22,48,0,0,5,4,9,8,11,12,26,57,6,0,6,63
05/01/2020,BGR,ME,ANE,EN,Combined TRACON& Tower with Radar,11,15,6,0,32,0,0,0,0,0,11,15,6,0,32,0,0,0,32
05/02/2020,BGR,ME,ANE,EN,Combined TRACON& Tower with Radar,7,13,12,2,34,0,0,7,0,7,7,13,19,2,41,0,0,0,41
05/03/2020,BGR,ME,ANE,EN,Combined TRACON& Tower with Radar,8,8,3,2,21,0,0,12,0,12,8,8,15,2,33,8,0,8,41
05/04/2020,BGR,ME,ANE,EN,Combined TRACON& Tower with Radar,15,11,4,18,48,0,2,0,2,4,15,13,4,20,52,0,0,0,52
05/05/2020,BGR,ME,ANE,EN,Combined TRACON& Tower with Radar,4,12,4,30,50,0,1,2,9,12,4,13,6,39,62,0,0,0,62
05/06/2020,BGR,ME,ANE,EN,Combined TRACON& Tower with Radar,1,9,2,21,33,0,1,21,5,27,1,10,23,26,60,20,12,32,92
05/07/2020,BGR,ME,ANE,EN,Combined TRACON& Tower with Radar,12,8,2,27,49,0,0,6,6,12,12,8,8,33,61,0,2,2,63
05/08/2020,BGR,ME,ANE,EN,Combined TRACON& Tower with Radar,11,9,1,16,37,0,0,7,0,7,11,9,8,16,44,8,0,8,52
05/09/2020,BGR,ME,ANE,EN,Combined TRACON& Tower with Radar,10,16,6,4,36,0,0,0,0,0,10,16,6,4,36,0,0,0,36
05/10/2020,BGR,ME,ANE,EN,Combined TRACON& Tower with Radar,11,6,4,10,31,0,0,0,0,0,11,6,4,10,31,4,0,4,35
05/11/2020,BGR,ME,ANE,EN,Combined TRACON& Tower with Radar,13,9,3,29,54,0,1,6,4,11,13,10,9,33,65,14,6,20,85
05/12/2020,BGR,ME,ANE,EN,Combined TRACON& Tower with Radar,8,8,3,23,42,0,1,3,15,19,8,9,6,38,61,0,4,4,65
05/13/2020,BGR,ME,ANE,EN,Combined TRACON& Tower with Radar,9,10,12,14,45,0,1,6,4,11,9,11,18,18,56,8,14,22,78
05/14/2020,BGR,ME,ANE,EN,Combined TRACON& Tower with Radar,13,15,5,14,47,1,1,18,18,38,14,16,23,32,85,20,0,20,105
05/15/2020,BGR,ME,ANE,EN,Combined TRACON& Tower with Radar,14,14,5,9,42,0,0,13,4,17,14,14,18,13,59,0,24,24,83
05/16/2020,BGR,ME,ANE,EN,Combined TRACON& Tower with Radar,9,13,3,14,39,0,1,3,0,4,9,14,6,14,43,2,0,2,45
05/17/2020,BGR,ME,ANE,EN,Combined TRACON& Tower with Radar,12,10,6,25,53,0,0,23,1,24,12,10,29,26,77,10,6,16,93
05/18/2020,BGR,ME,ANE,EN,Combined TRACON& Tower with Radar,12,7,5,20,44,0,0,27,3,30,12,7,32,23,74,12,32,44,118
05/19/2020,BGR,ME,ANE,EN,Combined TRACON& Tower with Radar,7,19,4,33,63,0,0,16,19,35,7,19,20,52,98,16,10,26,124
05/20/2020,BGR,ME,ANE,EN,Combined TRACON& Tower with Radar,7,10,4,24,45,0,0,23,10,33,7,10,27,34,78,14,40,54,132
05/21/2020,BGR,ME,ANE,EN,Combined TRACON& Tower with Radar,13,13,6,21,53,0,0,8,0,8,13,13,14,21,61,6,0,6,67
05/22/2020,BGR,ME,ANE,EN,Combined TRACON& Tower with Radar,9,15,6,20,50,0,1,11,1,13,9,16,17,21,63,0,0,0,63
05/23/2020,BGR,ME,ANE,EN,Combined TRACON& Tower with Radar,7,8,7,2,24,0,1,16,0,17,7,9,23,2,41,24,0,24,65
05/24/2020,BGR,ME,ANE,EN,Combined TRACON& Tower with Radar,12,4,4,3,23,0,0,24,0,24,12,4,28,3,47,22,0,22,69
05/25/2020,BGR,ME,ANE,EN,Combined TRACON& Tower with Radar,16,5,14,8,43,0,0,4,0,4,16,5,18,8,47,14,0,14,61
05/26/2020,BGR,ME,ANE,EN,Combined TRACON& Tower with Radar,3,12,12,23,50,0,1,19,13,33,3,13,31,36,83,2,22,24,107
05/27/2020,BGR,ME,ANE,EN,Combined TRACON& Tower with Radar,9,10,4,26,49,0,0,4,0,4,9,10,8,26,53,0,14,14,67
05/28/2020,BGR,ME,ANE,EN,Combined TRACON& Tower with Radar,11,11,3,68,93,0,0,18,23,41,11,11,21,91,134,26,36,62,196
05/29/2020,BGR,ME,ANE,EN,Combined TRACON& Tower with Radar,9,12,9,35,65,0,0,10,2,12,9,12,19,37,77,0,0,0,77
05/30/2020,BGR,ME,ANE,EN,Combined TRACON& Tower with Radar,8,10,7,12,37,0,0,10,0,10,8,10,17,12,47,10,0,10,57
05/31/2020,BGR,ME,ANE,EN,Combined TRACON& Tower with Radar,14,7,11,9,41,0,1,11,0,12,14,8,22,9,53,0,0,0,53
06/01/2020,BGR,ME,ANE,EN,Combined TRACON& Tower with Radar,14,10,10,15,49,0,2,16,2,20,14,12,26,17,69,0,0,0,69
06/02/2020,BGR,ME,ANE,EN,Combined TRACON& Tower with Radar,4,16,10,34,64,0,2,42,1,45,4,18,52,35,109,16,2,18,127
06/03/2020,BGR,ME,ANE,EN,Combined TRACON& Tower with Radar,8,11,8,24,51,0,0,13,1,14,8,11,21,25,65,12,6,18,83
06/04/2020,BGR,ME,ANE,EN,Combined TRACON& Tower with Radar,15,12,7,37,71,0,0,30,2,32,15,12,37,39,103,28,6,34,137
06/05/2020,BGR,ME,ANE,EN,Combined TRACON& Tower with Radar,12,22,14,29,77,0,2,10,5,17,12,24,24,34,94,16,10,26,120
06/06/2020,BGR,ME,ANE,EN,Combined TRACON& Tower with Radar,13,16,1,14,44,0,0,4,1,5,13,16,5,15,49,0,4,4,53
06/07/2020,BGR,ME,ANE,EN,Combined TRACON& Tower with Radar,11,12,7,26,56,0,1,4,3,8,11,13,11,29,64,0,8,8,72
06/08/2020,BGR,ME,ANE,EN,Combined TRACON& Tower with Radar,11,13,4,25,53,0,5,27,3,35,11,18,31,28,88,0,10,10,98
06/09/2020,BGR,ME,ANE,EN,Combined TRACON& Tower with Radar,6,12,7,29,54,0,3,17,14,34,6,15,24,43,88,20,12,32,120
06/10/2020,BGR,ME,ANE,EN,Combined TRACON& Tower with Radar,6,12,5,34,57,0,2,18,19,39,6,14,23,53,96,4,22,26,122
06/11/2020,BGR,ME,ANE,EN,Combined TRACON& Tower with Radar,14,20,3,5,42,0,0,0,0,0,14,20,3,5,42,0,0,0,42
06/12/2020,BGR,ME,ANE,EN,Combined TRACON& Tower with Radar,8,16,8,12,44,0,4,27,1,32,8,20,35,13,76,10,0,10,86
06/13/2020,BGR,ME,ANE,EN,Combined TRACON& Tower with Radar,18,9,9,10,46,0,0,25,0,25,18,9,34,10,71,0,0,0,71
06/14/2020,BGR,ME,ANE,EN,Combined TRACON& Tower with Radar,12,6,9,14,41,0,0,19,3,22,12,6,28,17,63,0,0,0,63
06/15/2020,BGR,ME,ANE,EN,Combined TRACON& Tower with Radar,12,12,5,24,53,0,0,19,1,20,12,12,24,25,73,8,2,10,83
06/16/2020,BGR,ME,ANE,EN,Combined TRACON& Tower with Radar,6,15,8,26,55,0,0,24,9,33,6,15,32,35,88,16,16,32,120
06/17/2020,BGR,ME,ANE,EN,Combined TRACON& Tower with Radar,9,15,10,16,50,0,3,27,14,44,9,18,37,30,94,18,10,28,122
06/18/2020,BGR,ME,ANE,EN,Combined TRACON& Tower with Radar,12,16,17,41,86,0,1,25,22,48,12,17,42,63,134,26,14,40,174
06/19/2020,BGR,ME,ANE,EN,Combined TRACON& Tower with Radar,13,14,11,14,52,0,1,15,13,29,13,15,26,27,81,4,8,12,93
06/20/2020,BGR,ME,ANE,EN,Combined TRACON& Tower with Radar,12,10,15,18,55,0,0,11,8,19,12,10,26,26,74,52,0,52,126
06/21/2020,BGR,ME,ANE,EN,Combined TRACON& Tower with Radar,11,6,12,5,34,0,0,13,0,13,11,6,25,5,47,0,0,0,47
06/22/2020,BGR,ME,ANE,EN,Combined TRACON& Tower with Radar,10,13,4,24,51,0,2,11,15,28,10,15,15,39,79,0,0,0,79
06/23/2020,BGR,ME,ANE,EN,Combined TRACON& Tower with Radar,5,16,7,21,49,0,0,12,14,26,5,16,19,35,75,0,10,10,85
06/24/2020,BGR,ME,ANE,EN,Combined TRACON& Tower with Radar,7,19,13,41,80,0,0,0,0,0,7,19,13,41,80,0,4,4,84
06/25/2020,BGR,ME,ANE,EN,Combined TRACON& Tower with Radar,13,14,24,17,68,0,0,37,21,58,13,14,61,38,126,6,6,12,138
06/26/2020,BGR,ME,ANE,EN,Combined TRACON& Tower with Radar,16,21,14,14,65,0,1,12,15,28,16,22,26,29,93,14,4,18,111
06/27/2020,BGR,ME,ANE,EN,Combined TRACON& Tower with Radar,15,9,5,8,37,0,1,9,0,10,15,10,14,8,47,2,0,2,49
06/28/2020,BGR,ME,ANE,EN,Combined TRACON& Tower with Radar,8,7,5,11,31,0,0,13,0,13,8,7,18,11,44,16,0,16,60
06/29/2020,BGR,ME,ANE,EN,Combined TRACON& Tower with Radar,10,13,20,20,63,0,0,0,0,0,10,13,20,20,63,0,0,0,63
06/30/2020,BGR,ME,ANE,EN,Combined TRACON& Tower with Radar,8,17,19,15,59,0,0,0,0,0,8,17,19,15,59,0,0,0,59
07/01/2020,BGR,ME,ANE,EN,Combined TRACON& Tower with Radar,12,17,15,41,85,0,1,2,0,3,12,18,17,41,88,0,0,0,88
07/02/2020,BGR,ME,ANE,EN,Combined TRACON& Tower with Radar,10,22,15,22,69,0,0,11,1,12,10,22,26,23,81,8,8,16,97
07/03/2020,BGR,ME,ANE,EN,Combined TRACON& Tower with Radar,8,20,25,9,62,0,0,12,0,12,8,20,37,9,74,8,0,8,82
07/04/2020,BGR,ME,ANE,EN,Combined TRACON& Tower with Radar,12,3,4,6,25,0,0,7,0,7,12,3,11,6,32,0,0,0,32
07/05/2020,BGR,ME,ANE,EN,Combined TRACON& Tower with Radar,8,12,14,10,44,0,1,3,0,4,8,13,17,10,48,0,0,0,48
07/06/2020,BGR,ME,ANE,EN,Combined TRACON& Tower with Radar,12,16,7,28,63,0,1,34,2,37,12,17,41,30,100,16,6,22,122
07/07/2020,BGR,ME,ANE,EN,Combined TRACON& Tower with Radar,7,18,12,39,76,0,0,11,19,30,7,18,23,58,106,0,34,34,140
07/08/2020,BGR,ME,ANE,EN,Combined TRACON& Tower with Radar,8,22,9,23,62,0,0,0,2,2,8,22,9,25,64,0,0,0,64
07/09/2020,BGR,ME,ANE,EN,Combined TRACON& Tower with Radar,21,13,12,40,86,7,4,21,25,57,28,17,33,65,143,16,58,74,217
07/10/2020,BGR,ME,ANE,EN,Combined TRACON& Tower with Radar,16,13,9,34,72,0,0,7,2,9,16,13,16,36,81,0,0,0,81
07/11/2020,BGR,ME,ANE,EN,Combined TRACON& Tower with Radar,16,29,14,11,70,0,3,1,0,4,16,32,15,11,74,0,0,0,74
07/12/2020,BGR,ME,ANE,EN,Combined TRACON& Tower with Radar,16,18,8,9,51,0,2,6,0,8,16,20,14,9,59,0,0,0,59
07/13/2020,BGR,ME,ANE,EN,Combined TRACON& Tower with Radar,16,14,12,13,55,0,5,21,1,27,16,19,33,14,82,8,4,12,94
07/14/2020,BGR,ME,ANE,EN,Combined TRACON& Tower with Radar,7,20,16,26,69,0,0,0,2,2,7,20,16,28,71,0,4,4,75
07/15/2020,BGR,ME,ANE,EN,Combined TRACON& Tower with Radar,11,20,16,39,86,0,2,39,16,57,11,22,55,55,143,38,22,60,203
07/16/2020,BGR,ME,ANE,EN,Combined TRACON& Tower with Radar,16,14,9,43,82,0,3,37,22,62,16,17,46,65,144,8,8,16,160
07/17/2020,BGR,ME,ANE,EN,Combined TRACON& Tower with Radar,23,14,10,32,79,0,0,2,4,6,23,14,12,36,85,0,0,0,85
07/18/2020,BGR,ME,ANE,EN,Combined TRACON& Tower with Radar,15,20,18,21,74,0,0,13,2,15,15,20,31,23,89,32,0,32,121
07/19/2020,BGR,ME,ANE,EN,Combined TRACON& Tower with Radar,19,7,10,11,47,0,1,38,1,40,19,8,48,12,87,46,0,46,133
07/20/2020,BGR,ME,ANE,EN,Combined TRACON& Tower with Radar,21,16,13,34,84,0,8,13,3,24,21,24,26,37,108,14,4,18,126
07/21/2020,BGR,ME,ANE,EN,Combined TRACON& Tower with Radar,9,18,4,47,78,0,2,28,14,44,9,20,32,61,122,16,4,20,142
07/22/2020,BGR,ME,ANE,EN,Combined TRACON& Tower with Radar,12,18,12,43,85,0,1,25,13,39,12,19,37,56,124,10,8,18,142
07/23/2020,BGR,ME,ANE,EN,Combined TRACON& Tower with Radar,19,23,10,10,62,0,4,10,0,14,19,27,20,10,76,0,0,0,76
07/24/2020,BGR,ME,ANE,EN,Combined TRACON& Tower with Radar,17,22,10,13,62,0,6,32,19,57,17,28,42,32,119,22,6,28,147
07/25/2020,BGR,ME,ANE,EN,Combined TRACON& Tower with Radar,15,15,10,18,58,0,1,23,5,29,15,16,33,23,87,0,0,0,87
07/26/2020,BGR,ME,ANE,EN,Combined TRACON& Tower with Radar,20,13,14,9,56,0,0,22,3,25,20,13,36,12,81,6,0,6,87
07/27/2020,BGR,ME,ANE,EN,Combined TRACON& Tower with Radar,20,10,11,19,60,0,0,24,1,25,20,10,35,20,85,14,4,18,103
07/28/2020,BGR,ME,ANE,EN,Combined TRACON& Tower with Radar,6,20,5,52,83,0,6,19,9,34,6,26,24,61,117,20,2,22,139
07/29/2020,BGR,ME,ANE,EN,Combined TRACON& Tower with Radar,12,21,5,41,79,0,4,43,22,69,12,25,48,63,148,0,22,22,170
07/30/2020,BGR,ME,ANE,EN,Combined TRACON& Tower with Radar,14,14,12,18,58,0,0,13,2,15,14,14,25,20,73,10,6,16,89
07/31/2020,BGR,ME,ANE,EN,Combined TRACON& Tower with Radar,16,18,15,11,60,0,0,34,11,45,16,18,49,22,105,22,14,36,141
08/01/2020,BGR,ME,ANE,EN,Combined TRACON& Tower with Radar,18,15,18,15,66,0,0,23,7,30,18,15,41,22,96,30,0,30,126
08/02/2020,BGR,ME,ANE,EN,Combined TRACON& Tower with Radar,20,15,26,11,72,0,12,17,8,37,20,27,43,19,109,14,0,14,123
08/03/2020,BGR,ME,ANE,EN,Combined TRACON& Tower with Radar,19,19,17,15,70,0,9,7,12,28,19,28,24,27,98,0,0,0,98
08/04/2020,BGR,ME,ANE,EN,Combined TRACON& Tower with Radar,14,11,13,10,48,0,1,9,8,18,14,12,22,18,66,0,0,0,66
08/05/2020,BGR,ME,ANE,EN,Combined TRACON& Tower with Radar,16,12,8,18,54,0,2,22,7,31,16,14,30,25,85,26,18,44,129
08/06/2020,BGR,ME,ANE,EN,Combined TRACON& Tower with Radar,22,15,15,23,75,0,2,24,15,41,22,17,39,38,116,18,28,46,162
08/07/2020,BGR,ME,ANE,EN,Combined TRACON& Tower with Radar,22,14,17,22,75,0,2,33,16,51,22,16,50,38,126,6,28,34,160
08/08/2020,BGR,ME,ANE,EN,Combined TRACON& Tower with Radar,22,12,5,11,50,0,1,23,18,42,22,13,28,29,92,0,12,12,104
08/09/2020,BGR,ME,ANE,EN,Combined TRACON& Tower with Radar,26,10,8,9,53,0,0,21,0,21,26,10,29,9,74,8,0,8,82
08/10/2020,BGR,ME,ANE,EN,Combined TRACON& Tower with Radar,21,19,7,35,82,0,0,14,9,23,21,19,21,44,105,4,36,40,145
08/11/2020,BGR,ME,ANE,EN,Combined TRACON& Tower with Radar,15,12,9,22,58,0,0,7,16,23,15,12,16,38,81,2,18,20,101
08/12/2020,BGR,ME,ANE,EN,Combined TRACON& Tower with Radar,18,20,11,33,82,0,2,14,14,30,18,22,25,47,112,8,16,24,136
08/13/2020,BGR,ME,ANE,EN,Combined TRACON& Tower with Radar,20,15,13,45,93,0,2,21,21,44,20,17,34,66,137,6,8,14,151
08/14/2020,BGR,ME,ANE,EN,Combined TRACON& Tower with Radar,23,12,5,25,65,0,0,18,9,27,23,12,23,34,92,8,16,24,116
08/15/2020,BGR,ME,ANE,EN,Combined TRACON& Tower with Radar,25,19,10,18,72,0,0,20,10,30,25,19,30,28,102,40,0,40,142
08/16/2020,BGR,ME,ANE,EN,Combined TRACON& Tower with Radar,22,10,18,28,78,0,2,14,2,18,22,12,32,30,96,6,0,6,102
08/17/2020,BGR,ME,ANE,EN,Combined TRACON& Tower with Radar,23,17,9,46,95,0,3,21,4,28,23,20,30,50,123,4,10,14,137
08/18/2020,BGR,ME,ANE,EN,Combined TRACON& Tower with Radar,15,16,17,29,77,0,1,5,4,10,15,17,22,33,87,0,14,14,101
08/19/2020,BGR,ME,ANE,EN,Combined TRACON& Tower with Radar,14,17,9,24,64,0,0,19,1,20,14,17,28,25,84,0,2,2,86
08/20/2020,BGR,ME,ANE,EN,Combined TRACON& Tower with Radar,20,13,14,66,113,0,3,22,26,51,20,16,36,92,164,22,12,34,198
08/21/2020,BGR,ME,ANE,EN,Combined TRACON& Tower with Radar,20,15,12,21,68,0,0,9,1,10,20,15,21,22,78,0,0,0,78
08/22/2020,BGR,ME,ANE,EN,Combined TRACON& Tower with Radar,16,9,12,18,55,0,2,13,1,16,16,11,25,19,71,0,0,0,71
08/23/2020,BGR,ME,ANE,EN,Combined TRACON& Tower with Radar,22,13,14,5,54,0,0,13,1,14,22,13,27,6,68,10,0,10,78
08/24/2020,BGR,ME,ANE,EN,Combined TRACON& Tower with Radar,20,9,5,33,67,0,1,14,1,16,20,10,19,34,83,0,8,8,91
08/25/2020,BGR,ME,ANE,EN,Combined TRACON& Tower with Radar,16,9,10,23,58,0,0,5,4,9,16,9,15,27,67,0,12,12,79
08/26/2020,BGR,ME,ANE,EN,Combined TRACON& Tower with Radar,18,18,20,32,88,0,6,11,5,22,18,24,31,37,110,14,20,34,144
08/27/2020,BGR,ME,ANE,EN,Combined TRACON& Tower with Radar,20,23,13,49,105,0,4,10,16,30,20,27,23,65,135,10,16,26,161
08/28/2020,BGR,ME,ANE,EN,Combined TRACON& Tower with Radar,24,14,20,32,90,0,1,26,7,34,24,15,46,39,124,36,4,40,164
08/29/2020,BGR,ME,ANE,EN,Combined TRACON& Tower with Radar,18,16,2,18,54,0,0,5,1,6,18,16,7,19,60,0,6,6,66
08/30/2020,BGR,ME,ANE,EN,Combined TRACON& Tower with Radar,22,14,9,8,53,0,0,15,5,20,22,14,24,13,73,8,0,8,81
08/31/2020,BGR,ME,ANE,EN,Combined TRACON& Tower with Radar,20,15,7,20,62,0,1,30,2,33,20,16,37,22,95,0,0,0,95
09/01/2020,BGR,ME,ANE,EN,Combined TRACON& Tower with Radar,14,15,4,39,72,0,0,15,11,26,14,15,19,50,98,4,4,8,106
09/02/2020,BGR,ME,ANE,EN,Combined TRACON& Tower with Radar,10,14,11,36,71,0,0,6,4,10,10,14,17,40,81,0,8,8,89
09/03/2020,BGR,ME,ANE,EN,Combined TRACON& Tower with Radar,17,20,16,45,98,0,2,14,22,38,17,22,30,67,136,6,12,18,154
09/04/2020,BGR,ME,ANE,EN,Combined TRACON& Tower with Radar,18,17,12,31,78,0,2,24,6,32,18,19,36,37,110,8,8,16,126
09/05/2020,BGR,ME,ANE,EN,Combined TRACON& Tower with Radar,15,14,10,4,43,0,0,22,0,22,15,14,32,4,65,4,0,4,69
09/06/2020,BGR,ME,ANE,EN,Combined TRACON& Tower with Radar,17,9,7,6,39,0,1,25,0,26,17,10,32,6,65,20,0,20,85
09/07/2020,BGR,ME,ANE,EN,Combined TRACON& Tower with Radar,18,17,7,8,50,0,1,1,0,2,18,18,8,8,52,0,0,0,52
09/08/2020,BGR,ME,ANE,EN,Combined TRACON& Tower with Radar,10,18,18,49,95,2,2,10,11,25,12,20,28,60,120,0,18,18,138
09/09/2020,BGR,ME,ANE,EN,Combined TRACON& Tower with Radar,16,21,27,35,99,0,0,9,4,13,16,21,36,39,112,0,0,0,112
09/10/2020,BGR,ME,ANE,EN,Combined TRACON& Tower with Radar,12,15,22,42,91,0,0,22,7,29,12,15,44,49,120,0,0,0,120
09/11/2020,BGR,ME,ANE,EN,Combined TRACON& Tower with Radar,16,20,10,26,72,0,1,14,6,21,16,21,24,32,93,16,20,36,129
09/12/2020,BGR,ME,ANE,EN,Combined TRACON& Tower with Radar,8,16,7,24,55,0,0,32,19,51,8,16,39,43,106,26,4,30,136
09/13/2020,BGR,ME,ANE,EN,Combined TRACON& Tower with Radar,18,11,13,18,60,0,0,11,5,16,18,11,24,23,76,4,0,4,80
09/14/2020,BGR,ME,ANE,EN,Combined TRACON& Tower with Radar,12,13,20,28,73,0,1,12,3,16,12,14,32,31,89,2,10,12,101
09/15/2020,BGR,ME,ANE,EN,Combined TRACON& Tower with Radar,8,16,9,37,70,0,0,28,19,47,8,16,37,56,117,16,8,24,141
09/16/2020,BGR,ME,ANE,EN,Combined TRACON& Tower with Radar,15,16,8,23,62,0,5,22,11,38,15,21,30,34,100,22,6,28,128
09/17/2020,BGR,ME,ANE,EN,Combined TRACON& Tower with Radar,13,18,13,42,86,0,4,27,19,50,13,22,40,61,136,2,4,6,142
09/18/2020,BGR,ME,ANE,EN,Combined TRACON& Tower with Radar,14,29,23,31,97,0,1,16,9,26,14,30,39,40,123,0,18,18,141
09/19/2020,BGR,ME,ANE,EN,Combined TRACON& Tower with Radar,10,15,8,12,45,0,2,25,3,30,10,17,33,15,75,0,0,0,75
09/20/2020,BGR,ME,ANE,EN,Combined TRACON& Tower with Radar,14,11,5,7,37,0,2,12,2,16,14,13,17,9,53,6,0,6,59
09/21/2020,BGR,ME,ANE,EN,Combined TRACON& Tower with Radar,14,22,16,44,96,0,1,18,3,22,14,23,34,47,118,10,12,22,140
09/22/2020,BGR,ME,ANE,EN,Combined TRACON& Tower with Radar,8,20,16,36,80,0,1,4,15,20,8,21,20,51,100,0,0,0,100
09/23/2020,BGR,ME,ANE,EN,Combined TRACON& Tower with Radar,12,17,14,39,82,0,1,4,8,13,12,18,18,47,95,0,10,10,105
09/24/2020,BGR,ME,ANE,EN,Combined TRACON& Tower with Radar,12,15,11,39,77,0,2,33,14,49,12,17,44,53,126,6,8,14,140
09/25/2020,BGR,ME,ANE,EN,Combined TRACON& Tower with Radar,13,29,20,43,105,0,1,43,8,52,13,30,63,51,157,36,0,36,193
09/26/2020,BGR,ME,ANE,EN,Combined TRACON& Tower with Radar,9,21,23,22,75,0,0,26,3,29,9,21,49,25,104,12,0,12,116
09/27/2020,BGR,ME,ANE,EN,Combined TRACON& Tower with Radar,12,19,19,11,61,0,0,9,1,10,12,19,28,12,71,18,0,18,89
09/28/2020,BGR,ME,ANE,EN,Combined TRACON& Tower with Radar,14,28,9,12,63,0,0,0,0,0,14,28,9,12,63,0,0,0,63
09/29/2020,BGR,ME,ANE,EN,Combined TRACON& Tower with Radar,8,29,27,45,109,0,2,2,0,4,8,31,29,45,113,0,0,0,113
09/30/2020,BGR,ME,ANE,EN,Combined TRACON& Tower with Radar,12,16,9,17,54,0,0,4,3,7,12,16,13,20,61,0,10,10,71
10/01/2020,BGR,ME,ANE,EN,Combined TRACON& Tower with Radar,16,24,17,41,98,0,4,23,25,52,16,28,40,66,150,6,8,14,164
10/02/2020,BGR,ME,ANE,EN,Combined TRACON& Tower with Radar,13,26,12,23,74,0,0,1,0,1,13,26,13,23,75,0,0,0,75
10/03/2020,BGR,ME,ANE,EN,Combined TRACON& Tower with Radar,8,17,12,25,62,0,0,28,2,30,8,17,40,27,92,16,6,22,114
10/04/2020,BGR,ME,ANE,EN,Combined TRACON& Tower with Radar,17,14,14,9,54,0,0,8,27,35,17,14,22,36,89,8,10,18,107
10/05/2020,BGR,ME,ANE,EN,Combined TRACON& Tower with Radar,14,21,10,43,88,0,5,14,5,24,14,26,24,48,112,4,16,20,132
10/06/2020,BGR,ME,ANE,EN,Combined TRACON& Tower with Radar,4,17,24,51,96,0,0,5,2,7,4,17,29,53,103,0,0,0,103
10/07/2020,BGR,ME,ANE,EN,Combined TRACON& Tower with Radar,13,16,9,52,90,0,4,6,3,13,13,20,15,55,103,0,0,0,103
10/08/2020,BGR,ME,ANE,EN,Combined TRACON& Tower with Radar,14,19,16,20,69,0,0,4,3,7,14,19,20,23,76,0,0,0,76
10/09/2020,BGR,ME,ANE,EN,Combined TRACON& Tower with Radar,18,16,23,20,77,0,2,16,0,18,18,18,39,20,95,12,0,12,107
10/10/2020,BGR,ME,ANE,EN,Combined TRACON& Tower with Radar,17,11,12,4,44,0,0,15,0,15,17,11,27,4,59,20,0,20,79
10/11/2020,BGR,ME,ANE,EN,Combined TRACON& Tower with Radar,15,10,10,5,40,0,3,27,0,30,15,13,37,5,70,16,0,16,86
10/12/2020,BGR,ME,ANE,EN,Combined TRACON& Tower with Radar,23,10,15,9,57,0,0,39,0,39,23,10,54,9,96,14,0,14,110
10/13/2020,BGR,ME,ANE,EN,Combined TRACON& Tower with Radar,9,10,6,22,47,0,1,4,0,5,9,11,10,22,52,6,0,6,58
10/14/2020,BGR,ME,ANE,EN,Combined TRACON& Tower with Radar,16,12,11,50,89,0,3,27,14,44,16,15,38,64,133,8,14,22,155
10/15/2020,BGR,ME,ANE,EN,Combined TRACON& Tower with Radar,18,19,9,47,93,0,0,21,15,36,18,19,30,62,129,2,14,16,145
10/16/2020,BGR,ME,ANE,EN,Combined TRACON& Tower with Radar,15,15,14,41,85,0,0,0,3,3,15,15,14,44,88,0,0,0,88
10/17/2020,BGR,ME,ANE,EN,Combined TRACON& Tower with Radar,9,15,6,4,34,0,1,0,0,1,9,16,6,4,35,0,0,0,35
10/18/2020,BGR,ME,ANE,EN,Combined TRACON& Tower with Radar,16,9,23,17,65,0,0,36,1,37,16,9,59,18,102,62,0,62,164
10/19/2020,BGR,ME,ANE,EN,Combined TRACON& Tower with Radar,16,13,16,24,69,0,5,25,9,39,16,18,41,33,108,0,0,0,108
10/20/2020,BGR,ME,ANE,EN,Combined TRACON& Tower with Radar,8,19,14,54,95,0,0,1,7,8,8,19,15,61,103,24,0,24,127
10/21/2020,BGR,ME,ANE,EN,Combined TRACON& Tower with Radar,11,21,14,41,87,0,0,0,0,0,11,21,14,41,87,0,8,8,95
10/22/2020,BGR,ME,ANE,EN,Combined TRACON& Tower with Radar,14,19,16,22,71,0,1,33,23,57,14,20,49,45,128,10,8,18,146
10/23/2020,BGR,ME,ANE,EN,Combined TRACON& Tower with Radar,14,12,17,22,65,0,1,25,3,29,14,13,42,25,94,6,4,10,104
10/24/2020,BGR,ME,ANE,EN,Combined TRACON& Tower with Radar,12,15,17,15,59,0,1,3,0,4,12,16,20,15,63,0,0,0,63
10/25/2020,BGR,ME,ANE,EN,Combined TRACON& Tower with Radar,16,10,5,13,44,0,0,14,1,15,16,10,19,14,59,6,0,6,65
10/26/2020,BGR,ME,ANE,EN,Combined TRACON& Tower with Radar,15,13,11,23,62,0,1,3,4,8,15,14,14,27,70,0,18,18,88
10/27/2020,BGR,ME,ANE,EN,Combined TRACON& Tower with Radar,11,14,18,33,76,0,2,23,18,43,11,16,41,51,119,12,34,46,165
10/28/2020,BGR,ME,ANE,EN,Combined TRACON& Tower with Radar,10,17,11,59,97,0,1,10,6,17,10,18,21,65,114,0,64,64,178
10/29/2020,BGR,ME,ANE,EN,Combined TRACON& Tower with Radar,17,21,9,37,84,0,0,4,1,5,17,21,13,38,89,0,8,8,97
10/30/2020,BGR,ME,ANE,EN,Combined TRACON& Tower with Radar,15,25,11,13,64,0,2,5,11,18,15,27,16,24,82,18,4,22,104
10/31/2020,BGR,ME,ANE,EN,Combined TRACON& Tower with Radar,6,16,9,3,34,0,2,25,0,27,6,18,34,3,61,18,0,18,79
11/01/2020,BGR,ME,ANE,EN,Combined TRACON& Tower with Radar,10,13,2,15,40,0,0,0,0,0,10,13,2,15,40,0,0,0,40
11/02/2020,BGR,ME,ANE,EN,Combined TRACON& Tower with Radar,12,11,9,28,60,0,2,4,1,7,12,13,13,29,67,6,0,6,73
11/03/2020,BGR,ME,ANE,EN,Combined TRACON& Tower with Radar,4,18,17,27,66,0,0,2,6,8,4,18,19,33,74,0,0,0,74
11/04/2020,BGR,ME,ANE,EN,Combined TRACON& Tower with Radar,7,21,18,41,87,0,4,15,7,26,7,25,33,48,113,0,0,0,113
11/05/2020,BGR,ME,ANE,EN,Combined TRACON& Tower with Radar,16,20,10,44,90,0,1,17,14,32,16,21,27,58,122,12,24,36,158
11/06/2020,BGR,ME,ANE,EN,Combined TRACON& Tower with Radar,15,18,10,12,55,0,4,18,0,22,15,22,28,12,77,0,0,0,77
11/07/2020,BGR,ME,ANE,EN,Combined TRACON& Tower with Radar,15,11,6,2,34,0,0,28,0,28,15,11,34,2,62,8,0,8,70
11/08/2020,BGR,ME,ANE,EN,Combined TRACON& Tower with Radar,15,6,17,13,51,0,0,27,1,28,15,6,44,14,79,0,2,2,81
11/09/2020,BGR,ME,ANE,EN,Combined TRACON& Tower with Radar,15,10,11,42,78,0,3,18,3,24,15,13,29,45,102,8,18,26,128
11/10/2020,BGR,ME,ANE,EN,Combined TRACON& Tower with Radar,12,14,9,28,63,0,3,20,9,32,12,17,29,37,95,6,4,10,105
11/11/2020,BGR,ME,ANE,EN,Combined TRACON& Tower with Radar,7,15,12,13,47,0,0,12,0,12,7,15,24,13,59,0,0,0,59
11/12/2020,BGR,ME,ANE,EN,Combined TRACON& Tower with Radar,15,18,9,44,86,0,0,10,13,23,15,18,19,57,109,14,32,46,155
11/13/2020,BGR,ME,ANE,EN,Combined TRACON& Tower with Radar,15,23,21,23,82,0,1,15,7,23,15,24,36,30,105,6,8,14,119
11/14/2020,BGR,ME,ANE,EN,Combined TRACON& Tower with Radar,15,12,5,14,46,0,3,21,17,41,15,15,26,31,87,28,12,40,127
11/15/2020,BGR,ME,ANE,EN,Combined TRACON& Tower with Radar,14,8,10,9,41,0,0,26,9,35,14,8,36,18,76,14,34,48,124
11/16/2020,BGR,ME,ANE,EN,Combined TRACON& Tower with Radar,16,8,4,10,38,0,2,14,1,17,16,10,18,11,55,0,0,0,55
11/17/2020,BGR,ME,ANE,EN,Combined TRACON& Tower with Radar,12,8,9,43,72,0,2,17,23,42,12,10,26,66,114,12,14,26,140
11/18/2020,BGR,ME,ANE,EN,Combined TRACON& Tower with Radar,6,10,4,21,41,0,0,20,8,28,6,10,24,29,69,24,8,32,101
11/19/2020,BGR,ME,ANE,EN,Combined TRACON& Tower with Radar,14,13,24,16,67,0,3,14,13,30,14,16,38,29,97,52,24,76,173
11/20/2020,BGR,ME,ANE,EN,Combined TRACON& Tower with Radar,12,14,20,12,58,0,0,23,3,26,12,14,43,15,84,22,2,24,108
11/21/2020,BGR,ME,ANE,EN,Combined TRACON& Tower with Radar,13,17,10,1,41,0,1,21,3,25,13,18,31,4,66,14,0,14,80
11/22/2020,BGR,ME,ANE,EN,Combined TRACON& Tower with Radar,17,9,11,2,39,0,0,30,3,33,17,9,41,5,72,6,0,6,78
11/23/2020,BGR,ME,ANE,EN,Combined TRACON& Tower with Radar,4,15,4,5,28,0,0,0,0,0,4,15,4,5,28,0,0,0,28
11/24/2020,BGR,ME,ANE,EN,Combined TRACON& Tower with Radar,22,20,12,22,76,0,3,11,2,16,22,23,23,24,92,8,14,22,114
11/25/2020,BGR,ME,ANE,EN,Combined TRACON& Tower with Radar,14,14,9,4,41,0,2,1,0,3,14,16,10,4,44,2,0,2,46
11/26/2020,BGR,ME,ANE,EN,Combined TRACON& Tower with Radar,2,4,0,0,6,0,0,0,0,0,2,4,0,0,6,0,0,0,6
11/27/2020,BGR,ME,ANE,EN,Combined TRACON& Tower with Radar,8,14,6,0,28,0,0,4,0,4,8,14,10,0,32,2,0,2,34
11/28/2020,BGR,ME,ANE,EN,Combined TRACON& Tower with Radar,16,14,7,2,39,0,1,5,0,6,16,15,12,2,45,12,0,12,57
11/29/2020,BGR,ME,ANE,EN,Combined TRACON& Tower with Radar,12,11,19,3,45,0,0,40,0,40,12,11,59,3,85,18,0,18,103
11/30/2020,BGR,ME,ANE,EN,Combined TRACON& Tower with Radar,17,13,6,22,58,0,0,0,0,0,17,13,6,22,58,0,0,0,58
12/01/2020,BGR,ME,ANE,EN,Combined TRACON& Tower with Radar,13,13,2,3,31,0,1,0,0,1,13,14,2,3,32,0,0,0,32
12/02/2020,BGR,ME,ANE,EN,Combined TRACON& Tower with Radar,5,14,13,35,67,0,1,9,8,18,5,15,22,43,85,26,4,30,115
12/03/2020,BGR,ME,ANE,EN,Combined TRACON& Tower with Radar,14,21,18,34,87,0,3,26,26,55,14,24,44,60,142,42,26,68,210
12/04/2020,BGR,ME,ANE,EN,Combined TRACON& Tower with Radar,14,13,16,16,59,0,0,22,4,26,14,13,38,20,85,30,0,30,115
12/05/2020,BGR,ME,ANE,EN,Combined TRACON& Tower with Radar,2,16,5,2,25,0,0,0,0,0,2,16,5,2,25,0,0,0,25
12/06/2020,BGR,ME,ANE,EN,Combined TRACON& Tower with Radar,12,7,6,2,27,0,0,0,0,0,12,7,6,2,27,0,0,0,27
12/07/2020,BGR,ME,ANE,EN,Combined TRACON& Tower with Radar,14,10,8,36,68,0,3,12,3,18,14,13,20,39,86,18,30,48,134
12/08/2020,BGR,ME,ANE,EN,Combined TRACON& Tower with Radar,9,18,4,17,48,0,5,2,5,12,9,23,6,22,60,0,38,38,98
12/09/2020,BGR,ME,ANE,EN,Combined TRACON& Tower with Radar,5,17,27,20,69,0,2,13,2,17,5,19,40,22,86,18,0,18,104
12/10/2020,BGR,ME,ANE,EN,Combined TRACON& Tower with Radar,14,21,19,22,76,0,1,16,24,41,14,22,35,46,117,30,30,60,177
12/11/2020,BGR,ME,ANE,EN,Combined TRACON& Tower with Radar,14,24,14,31,83,0,1,30,9,40,14,25,44,40,123,20,0,20,143
12/12/2020,BGR,ME,ANE,EN,Combined TRACON& Tower with Radar,2,16,11,2,31,0,0,10,0,10,2,16,21,2,41,0,0,0,41
12/13/2020,BGR,ME,ANE,EN,Combined TRACON& Tower with Radar,12,9,8,4,33,0,0,0,0,0,12,9,8,4,33,0,0,0,33
12/14/2020,BGR,ME,ANE,EN,Combined TRACON& Tower with Radar,13,13,14,33,73,0,1,6,5,12,13,14,20,38,85,0,0,0,85
12/15/2020,BGR,ME,ANE,EN,Combined TRACON& Tower with Radar,9,22,7,31,69,0,2,7,17,26,9,24,14,48,95,0,20,20,115
12/16/2020,BGR,ME,ANE,EN,Combined TRACON& Tower with Radar,12,22,14,56,104,0,3,13,11,27,12,25,27,67,131,20,2,22,153
12/17/2020,BGR,ME,ANE,EN,Combined TRACON& Tower with Radar,12,28,8,14,62,0,0,0,1,1,12,28,8,15,63,0,8,8,71
12/18/2020,BGR,ME,ANE,EN,Combined TRACON& Tower with Radar,12,20,16,20,68,0,5,16,7,28,12,25,32,27,96,30,22,52,148
12/19/2020,BGR,ME,ANE,EN,Combined TRACON& Tower with Radar,11,20,16,10,57,0,3,20,0,23,11,23,36,10,80,10,0,10,90
12/20/2020,BGR,ME,ANE,EN,Combined TRACON& Tower with Radar,11,11,5,0,27,0,1,10,0,11,11,12,15,0,38,10,0,10,48
12/21/2020,BGR,ME,ANE,EN,Combined TRACON& Tower with Radar,18,21,12,12,63,0,0,0,0,0,18,21,12,12,63,0,0,0,63
12/22/2020,BGR,ME,ANE,EN,Combined TRACON& Tower with Radar,18,21,9,34,82,0,3,4,3,10,18,24,13,37,92,10,8,18,110
12/23/2020,BGR,ME,ANE,EN,Combined TRACON& Tower with Radar,12,25,16,40,93,0,5,18,2,25,12,30,34,42,118,8,18,26,144
12/24/2020,BGR,ME,ANE,EN,Combined TRACON& Tower with Radar,11,16,1,2,30,0,4,0,0,4,11,20,1,2,34,2,0,2,36
12/25/2020,BGR,ME,ANE,EN,Combined TRACON& Tower with Radar,5,4,0,1,10,0,0,0,0,0,5,4,0,1,10,0,0,0,10
12/26/2020,BGR,ME,ANE,EN,Combined TRACON& Tower with Radar,12,13,11,2,38,0,4,4,0,8,12,17,15,2,46,0,0,0,46
12/27/2020,BGR,ME,ANE,EN,Combined TRACON& Tower with Radar,10,14,14,3,41,0,1,16,0,17,10,15,30,3,58,6,0,6,64
12/28/2020,BGR,ME,ANE,EN,Combined TRACON& Tower with Radar,12,12,4,22,50,0,5,3,1,9,12,17,7,23,59,0,0,0,59
12/29/2020,BGR,ME,ANE,EN,Combined TRACON& Tower with Radar,14,16,14,26,70,0,3,4,16,23,14,19,18,42,93,0,4,4,97
12/30/2020,BGR,ME,ANE,EN,Combined TRACON& Tower with Radar,12,18,13,28,71,0,2,23,11,36,12,20,36,39,107,14,4,18,125
12/31/2020,BGR,ME,ANE,EN,Combined TRACON& Tower with Radar,10,14,4,0,28,0,2,1,0,3,10,16,5,0,31,0,0,0,31
01/01/2021,BGR,ME,ANE,EN,Combined TRACON& Tower with Radar,7,7,6,2,22,0,4,16,0,20,7,11,22,2,42,16,0,16,58
01/02/2021,BGR,ME,ANE,EN,Combined TRACON& Tower with Radar,13,16,5,1,35,0,1,0,0,1,13,17,5,1,36,0,0,0,36
01/03/2021,BGR,ME,ANE,EN,Combined TRACON& Tower with Radar,11,10,16,2,39,0,2,2,0,4,11,12,18,2,43,38,0,38,81
01/04/2021,BGR,ME,ANE,EN,Combined TRACON& Tower with Radar,14,13,13,19,59,0,2,0,0,2,14,15,13,19,61,0,0,0,61
01/05/2021,BGR,ME,ANE,EN,Combined TRACON& Tower with Radar,4,16,1,20,41,0,0,0,0,0,4,16,1,20,41,0,0,0,41
01/06/2021,BGR,ME,ANE,EN,Combined TRACON& Tower with Radar,7,15,8,36,66,0,2,1,10,13,7,17,9,46,79,0,4,4,83
01/07/2021,BGR,ME,ANE,EN,Combined TRACON& Tower with Radar,3,18,5,34,60,0,0,20,11,31,3,18,25,45,91,24,10,34,125
01/08/2021,BGR,ME,ANE,EN,Combined TRACON& Tower with Radar,4,20,9,27,60,0,2,12,14,28,4,22,21,41,88,12,18,30,118
01/09/2021,BGR,ME,ANE,EN,Combined TRACON& Tower with Radar,4,17,11,16,48,0,4,5,27,36,4,21,16,43,84,0,0,0,84
01/10/2021,BGR,ME,ANE,EN,Combined TRACON& Tower with Radar,4,16,13,1,34,0,4,13,0,17,4,20,26,1,51,0,0,0,51
01/11/2021,BGR,ME,ANE,EN,Combined TRACON& Tower with Radar,4,15,20,27,66,0,4,18,16,38,4,19,38,43,104,34,4,38,142
01/12/2021,BGR,ME,ANE,EN,Combined TRACON& Tower with Radar,2,17,4,39,62,0,2,5,19,26,2,19,9,58,88,2,24,26,114
01/13/2021,BGR,ME,ANE,EN,Combined TRACON& Tower with Radar,5,16,8,22,51,0,0,25,17,42,5,16,33,39,93,16,8,24,117
01/14/2021,BGR,ME,ANE,EN,Combined TRACON& Tower with Radar,9,26,15,42,92,1,3,17,22,43,10,29,32,64,135,6,22,28,163
01/15/2021,BGR,ME,ANE,EN,Combined TRACON& Tower with Radar,4,24,11,18,57,0,0,25,2,27,4,24,36,20,84,24,4,28,112
01/16/2021,BGR,ME,ANE,EN,Combined TRACON& Tower with Radar,4,19,5,10,38,0,0,0,0,0,4,19,5,10,38,0,0,0,38
01/17/2021,BGR,ME,ANE,EN,Combined TRACON& Tower with Radar,2,12,4,10,28,0,2,0,0,2,2,14,4,10,30,0,0,0,30
01/18/2021,BGR,ME,ANE,EN,Combined TRACON& Tower with Radar,4,22,7,11,44,0,6,7,0,13,4,28,14,11,57,4,0,4,61
01/19/2021,BGR,ME,ANE,EN,Combined TRACON& Tower with Radar,3,20,3,46,72,0,6,14,18,38,3,26,17,64,110,6,22,28,138
01/20/2021,BGR,ME,ANE,EN,Combined TRACON& Tower with Radar,4,11,8,46,69,0,5,15,14,34,4,16,23,60,103,8,28,36,139
01/21/2021,BGR,ME,ANE,EN,Combined TRACON& Tower with Radar,5,19,22,39,85,0,6,16,18,40,5,25,38,57,125,26,2,28,153
01/22/2021,BGR,ME,ANE,EN,Combined TRACON& Tower with Radar,4,26,8,41,79,0,2,10,5,17,4,28,18,46,96,6,8,14,110
01/23/2021,BGR,ME,ANE,EN,Combined TRACON& Tower with Radar,6,20,13,15,54,0,0,5,1,6,6,20,18,16,60,0,0,0,60
01/24/2021,BGR,ME,ANE,EN,Combined TRACON& Tower with Radar,2,16,6,21,45,0,2,5,4,11,2,18,11,25,56,26,0,26,82
01/25/2021,BGR,ME,ANE,EN,Combined TRACON& Tower with Radar,4,21,13,20,58,0,3,17,16,36,4,24,30,36,94,0,0,0,94
01/26/2021,BGR,ME,ANE,EN,Combined TRACON& Tower with Radar,3,16,14,41,74,0,0,29,20,49,3,16,43,61,123,34,16,50,173
01/27/2021,BGR,ME,ANE,EN,Combined TRACON& Tower with Radar,5,15,17,26,63,0,2,3,5,10,5,17,20,31,73,2,6,8,81
01/28/2021,BGR,ME,ANE,EN,Combined TRACON& Tower with Radar,2,23,15,23,63,0,2,14,5,21,2,25,29,28,84,30,4,34,118
01/29/2021,BGR,ME,ANE,EN,Combined TRACON& Tower with Radar,5,23,9,19,56,0,2,0,0,2,5,25,9,19,58,0,0,0,58
01/30/2021,BGR,ME,ANE,EN,Combined TRACON& Tower with Radar,5,21,7,16,49,0,4,9,0,13,5,25,16,16,62,12,0,12,74
01/31/2021,BGR,ME,ANE,EN,Combined TRACON& Tower with Radar,6,15,13,12,46,0,7,41,1,49,6,22,54,13,95,22,0,22,117
02/01/2021,BGR,ME,ANE,EN,Combined TRACON& Tower with Radar,8,16,6,20,50,0,3,4,0,7,8,19,10,20,57,0,0,0,57
02/02/2021,BGR,ME,ANE,EN,Combined TRACON& Tower with Radar,3,8,2,0,13,0,0,0,0,0,3,8,2,0,13,0,0,0,13
02/03/2021,BGR,ME,ANE,EN,Combined TRACON& Tower with Radar,8,18,3,8,37,0,0,0,0,0,8,18,3,8,37,0,0,0,37
02/04/2021,BGR,ME,ANE,EN,Combined TRACON& Tower with Radar,2,24,12,49,87,0,3,15,18,36,2,27,27,67,123,32,2,34,157
02/05/2021,BGR,ME,ANE,EN,Combined TRACON& Tower with Radar,4,23,8,24,59,0,3,10,0,13,4,26,18,24,72,22,0,22,94
02/06/2021,BGR,ME,ANE,EN,Combined TRACON& Tower with Radar,4,22,14,7,47,0,2,13,0,15,4,24,27,7,62,0,0,0,62
02/07/2021,BGR,ME,ANE,EN,Combined TRACON& Tower with Radar,4,15,5,2,26,0,2,11,0,13,4,17,16,2,39,38,0,38,77
02/08/2021,BGR,ME,ANE,EN,Combined TRACON& Tower with Radar,4,27,11,15,57,0,3,6,11,20,4,30,17,26,77,10,10,20,97
02/09/2021,BGR,ME,ANE,EN,Combined TRACON& Tower with Radar,2,17,6,27,52,0,1,5,3,9,2,18,11,30,61,22,6,28,89
02/10/2021,BGR,ME,ANE,EN,Combined TRACON& Tower with Radar,5,18,6,26,55,0,5,11,17,33,5,23,17,43,88,0,0,0,88
02/11/2021,BGR,ME,ANE,EN,Combined TRACON& Tower with Radar,11,25,22,24,82,0,3,9,14,26,11,28,31,38,108,14,4,18,126
02/12/2021,BGR,ME,ANE,EN,Combined TRACON& Tower with Radar,6,32,20,8,66,0,4,25,0,29,6,36,45,8,95,22,0,22,117
02/13/2021,BGR,ME,ANE,EN,Combined TRACON& Tower with Radar,6,19,8,14,47,0,3,29,0,32,6,22,37,14,79,40,0,40,119
02/14/2021,BGR,ME,ANE,EN,Combined TRACON& Tower with Radar,10,15,5,13,43,0,4,2,0,6,10,19,7,13,49,18,0,18,67
02/15/2021,BGR,ME,ANE,EN,Combined TRACON& Tower with Radar,8,14,8,11,41,0,4,15,5,24,8,18,23,16,65,0,12,12,77
02/16/2021,BGR,ME,ANE,EN,Combined TRACON& Tower with Radar,2,7,1,2,12,0,0,0,0,0,2,7,1,2,12,0,0,0,12
02/17/2021,BGR,ME,ANE,EN,Combined TRACON& Tower with Radar,6,13,11,18,48,0,5,8,7,20,6,18,19,25,68,0,0,0,68
02/18/2021,BGR,ME,ANE,EN,Combined TRACON& Tower with Radar,6,16,4,27,53,0,4,22,16,42,6,20,26,43,95,32,4,36,131
02/19/2021,BGR,ME,ANE,EN,Combined TRACON& Tower with Radar,8,24,4,18,54,0,1,4,6,11,8,25,8,24,65,16,22,38,103
02/20/2021,BGR,ME,ANE,EN,Combined TRACON& Tower with Radar,8,22,9,9,48,0,2,23,4,29,8,24,32,13,77,54,0,54,131
02/21/2021,BGR,ME,ANE,EN,Combined TRACON& Tower with Radar,4,15,14,13,46,0,3,34,2,39,4,18,48,15,85,60,0,60,145
02/22/2021,BGR,ME,ANE,EN,Combined TRACON& Tower with Radar,8,19,9,35,71,0,0,4,5,9,8,19,13,40,80,0,0,0,80
02/23/2021,BGR,ME,ANE,EN,Combined TRACON& Tower with Radar,4,19,14,25,62,0,2,17,16,35,4,21,31,41,97,16,44,60,157
02/24/2021,BGR,ME,ANE,EN,Combined TRACON& Tower with Radar,10,16,10,34,70,0,1,29,13,43,10,17,39,47,113,22,12,34,147
02/25/2021,BGR,ME,ANE,EN,Combined TRACON& Tower with Radar,4,25,12,21,62,0,3,10,9,22,4,28,22,30,84,8,34,42,126
02/26/2021,BGR,ME,ANE,EN,Combined TRACON& Tower with Radar,7,24,9,32,72,0,7,13,15,35,7,31,22,47,107,10,14,24,131
02/27/2021,BGR,ME,ANE,EN,Combined TRACON& Tower with Radar,8,17,14,4,43,0,2,5,0,7,8,19,19,4,50,4,0,4,54
02/28/2021,BGR,ME,ANE,EN,Combined TRACON& Tower with Radar,9,19,4,6,38,0,1,21,0,22,9,20,25,6,60,12,0,12,72
03/01/2021,BGR,ME,ANE,EN,Combined TRACON& Tower with Radar,5,19,4,5,33,0,0,0,0,0,5,19,4,5,33,0,0,0,33
03/02/2021,BGR,ME,ANE,EN,Combined TRACON& Tower with Radar,8,16,6,8,38,0,1,0,0,1,8,17,6,8,39,0,0,0,39
03/03/2021,BGR,ME,ANE,EN,Combined TRACON& Tower with Radar,10,14,13,45,82,0,3,14,16,33,10,17,27,61,115,2,46,48,163
03/04/2021,BGR,ME,ANE,EN,Combined TRACON& Tower with Radar,12,21,7,30,70,1,0,12,5,18,13,21,19,35,88,0,0,0,88
03/05/2021,BGR,ME,ANE,EN,Combined TRACON& Tower with Radar,13,20,3,22,58,0,0,7,7,14,13,20,10,29,72,4,18,22,94
03/06/2021,BGR,ME,ANE,EN,Combined TRACON& Tower with Radar,13,16,11,11,51,0,4,9,15,28,13,20,20,26,79,6,6,12,91
03/07/2021,BGR,ME,ANE,EN,Combined TRACON& Tower with Radar,11,17,19,4,51,0,3,26,0,29,11,20,45,4,80,14,0,14,94
03/08/2021,BGR,ME,ANE,EN,Combined TRACON& Tower with Radar,13,19,9,44,85,0,5,16,8,29,13,24,25,52,114,0,28,28,142
03/09/2021,BGR,ME,ANE,EN,Combined TRACON& Tower with Radar,6,22,11,42,81,0,3,6,15,24,6,25,17,57,105,8,10,18,123
03/10/2021,BGR,ME,ANE,EN,Combined TRACON& Tower with Radar,12,18,17,37,84,0,1,19,14,34,12,19,36,51,118,0,2,2,120
03/11/2021,BGR,ME,ANE,EN,Combined TRACON& Tower with Radar,8,22,7,27,64,0,0,23,14,37,8,22,30,41,101,2,10,12,113
03/12/2021,BGR,ME,ANE,EN,Combined TRACON& Tower with Radar,11,18,4,16,49,0,0,4,9,13,11,18,8,25,62,0,0,0,62
03/13/2021,BGR,ME,ANE,EN,Combined TRACON& Tower with Radar,15,14,3,4,36,0,1,2,0,3,15,15,5,4,39,0,0,0,39
03/14/2021,BGR,ME,ANE,EN,Combined TRACON& Tower with Radar,8,14,4,9,35,0,0,0,0,0,8,14,4,9,35,0,0,0,35
03/15/2021,BGR,ME,ANE,EN,Combined TRACON& Tower with Radar,12,20,7,22,61,0,3,0,0,3,12,23,7,22,64,0,0,0,64
03/16/2021,BGR,ME,ANE,EN,Combined TRACON& Tower with Radar,10,19,5,35,69,0,4,21,22,47,10,23,26,57,116,4,18,22,138
03/17/2021,BGR,ME,ANE,EN,Combined TRACON& Tower with Radar,10,12,6,38,66,0,1,20,5,26,10,13,26,43,92,26,4,30,122
03/18/2021,BGR,ME,ANE,EN,Combined TRACON& Tower with Radar,10,24,14,40,88,0,2,10,20,32,10,26,24,60,120,4,10,14,134
03/19/2021,BGR,ME,ANE,EN,Combined TRACON& Tower with Radar,10,20,10,17,57,0,0,5,11,16,10,20,15,28,73,0,0,0,73
03/20/2021,BGR,ME,ANE,EN,Combined TRACON& Tower with Radar,13,14,20,6,53,0,1,22,6,29,13,15,42,12,82,6,12,18,100
03/21/2021,BGR,ME,ANE,EN,Combined TRACON& Tower with Radar,11,14,13,8,46,0,2,27,3,32,11,16,40,11,78,16,0,16,94
03/22/2021,BGR,ME,ANE,EN,Combined TRACON& Tower with Radar,12,15,7,19,53,0,1,14,9,24,12,16,21,28,77,38,0,38,115
03/23/2021,BGR,ME,ANE,EN,Combined TRACON& Tower with Radar,6,20,11,45,82,0,4,17,30,51,6,24,28,75,133,22,6,28,161
03/24/2021,BGR,ME,ANE,EN,Combined TRACON& Tower with Radar,10,21,10,49,90,0,2,13,14,29,10,23,23,63,119,8,22,30,149
03/25/2021,BGR,ME,ANE,EN,Combined TRACON& Tower with Radar,10,23,25,36,94,0,0,1,3,4,10,23,26,39,98,0,10,10,108
03/26/2021,BGR,ME,ANE,EN,Combined TRACON& Tower with Radar,10,24,12,3,49,0,0,0,0,0,10,24,12,3,49,0,0,0,49
03/27/2021,BGR,ME,ANE,EN,Combined TRACON& Tower with Radar,12,16,8,3,39,0,3,7,2,12,12,19,15,5,51,0,0,0,51
03/28/2021,BGR,ME,ANE,EN,Combined TRACON& Tower with Radar,10,18,10,9,47,0,0,0,0,0,10,18,10,9,47,0,0,0,47
03/29/2021,BGR,ME,ANE,EN,Combined TRACON& Tower with Radar,10,19,8,16,53,0,2,2,0,4,10,21,10,16,57,0,0,0,57
03/30/2021,BGR,ME,ANE,EN,Combined TRACON& Tower with Radar,10,26,20,45,101,0,2,33,25,60,10,28,53,70,161,16,20,36,197
03/31/2021,BGR,ME,ANE,EN,Combined TRACON& Tower with Radar,11,24,8,49,92,0,0,3,1,4,11,24,11,50,96,0,4,4,100
04/01/2021,BGR,ME,ANE,EN,Combined TRACON& Tower with Radar,12,27,5,38,82,0,1,0,1,2,12,28,5,39,84,0,0,0,84
04/02/2021,BGR,ME,ANE,EN,Combined TRACON& Tower with Radar,14,18,14,36,82,0,0,19,15,34,14,18,33,51,116,54,8,62,178
04/03/2021,BGR,ME,ANE,EN,Combined TRACON& Tower with Radar,16,15,13,6,50,0,0,42,2,44,16,15,55,8,94,46,0,46,140
04/04/2021,BGR,ME,ANE,EN,Combined TRACON& Tower with Radar,14,15,6,6,41,0,0,5,0,5,14,15,11,6,46,0,0,0,46
04/05/2021,BGR,ME,ANE,EN,Combined TRACON& Tower with Radar,15,23,12,26,76,0,4,2,0,6,15,27,14,26,82,0,0,0,82
04/06/2021,BGR,ME,ANE,EN,Combined TRACON& Tower with Radar,8,17,13,55,93,0,1,7,3,11,8,18,20,58,104,0,10,10,114
04/07/2021,BGR,ME,ANE,EN,Combined TRACON& Tower with Radar,13,18,11,21,63,0,1,7,10,18,13,19,18,31,81,0,10,10,91
04/08/2021,BGR,ME,ANE,EN,Combined TRACON& Tower with Radar,13,19,28,45,105,0,4,19,26,49,13,23,47,71,154,18,0,18,172
04/09/2021,BGR,ME,ANE,EN,Combined TRACON& Tower with Radar,12,18,24,22,76,0,0,49,0,49,12,18,73,22,125,58,0,58,183
04/10/2021,BGR,ME,ANE,EN,Combined TRACON& Tower with Radar,14,17,9,20,60,0,0,29,12,41,14,17,38,32,101,18,0,18,119
04/11/2021,BGR,ME,ANE,EN,Combined TRACON& Tower with Radar,14,12,20,18,64,0,0,11,2,13,14,12,31,20,77,22,0,22,99
04/12/2021,BGR,ME,ANE,EN,Combined TRACON& Tower with Radar,16,17,16,21,70,0,5,1,1,7,16,22,17,22,77,0,2,2,79
04/13/2021,BGR,ME,ANE,EN,Combined TRACON& Tower with Radar,10,19,8,48,85,0,3,19,15,37,10,22,27,63,122,12,32,44,166
04/14/2021,BGR,ME,ANE,EN,Combined TRACON& Tower with Radar,13,17,19,36,85,0,7,37,6,50,13,24,56,42,135,18,12,30,165
04/15/2021,BGR,ME,ANE,EN,Combined TRACON& Tower with Radar,15,34,17,47,113,0,7,31,26,64,15,41,48,73,177,14,32,46,223
04/16/2021,BGR,ME,ANE,EN,Combined TRACON& Tower with Radar,13,27,12,11,63,0,1,1,1,3,13,28,13,12,66,2,0,2,68
04/17/2021,BGR,ME,ANE,EN,Combined TRACON& Tower with Radar,15,19,12,5,51,0,2,0,0,2,15,21,12,5,53,0,0,0,53
04/18/2021,BGR,ME,ANE,EN,Combined TRACON& Tower with Radar,21,13,13,7,54,0,1,6,6,13,21,14,19,13,67,40,0,40,107
04/19/2021,BGR,ME,ANE,EN,Combined TRACON& Tower with Radar,12,18,10,35,75,0,4,12,9,25,12,22,22,44,100,10,26,36,136
04/20/2021,BGR,ME,ANE,EN,Combined TRACON& Tower with Radar,14,20,15,43,92,0,3,15,20,38,14,23,30,63,130,30,30,60,190
04/21/2021,BGR,ME,ANE,EN,Combined TRACON& Tower with Radar,12,17,16,32,77,0,0,6,8,14,12,17,22,40,91,0,12,12,103
04/22/2021,BGR,ME,ANE,EN,Combined TRACON& Tower with Radar,12,25,11,24,72,0,3,2,5,10,12,28,13,29,82,0,2,2,84
04/23/2021,BGR,ME,ANE,EN,Combined TRACON& Tower with Radar,14,20,6,29,69,0,2,2,9,13,14,22,8,38,82,2,0,2,84
04/24/2021,BGR,ME,ANE,EN,Combined TRACON& Tower with Radar,17,20,7,17,61,0,0,31,5,36,17,20,38,22,97,18,0,18,115
04/25/2021,BGR,ME,ANE,EN,Combined TRACON& Tower with Radar,15,18,15,19,67,0,2,9,1,12,15,20,24,20,79,10,0,10,89
04/26/2021,BGR,ME,ANE,EN,Combined TRACON& Tower with Radar,16,16,6,21,59,0,0,2,2,4,16,16,8,23,63,2,8,10,73
04/27/2021,BGR,ME,ANE,EN,Combined TRACON& Tower with Radar,11,22,8,48,89,0,1,25,20,46,11,23,33,68,135,14,24,38,173
04/28/2021,BGR,ME,ANE,EN,Combined TRACON& Tower with Radar,9,22,23,26,80,0,1,23,11,35,9,23,46,37,115,14,10,24,139
04/29/2021,BGR,ME,ANE,EN,Combined TRACON& Tower with Radar,11,19,14,64,108,0,0,15,11,26,11,19,29,75,134,0,20,20,154
04/30/2021,BGR,ME,ANE,EN,Combined TRACON& Tower with Radar,12,21,14,10,57,0,0,0,0,0,12,21,14,10,57,0,0,0,57
05/01/2021,BGR,ME,ANE,EN,Combined TRACON& Tower with Radar,8,13,8,22,51,0,3,8,0,11,8,16,16,22,62,4,0,4,66
05/02/2021,BGR,ME,ANE,EN,Combined TRACON& Tower with Radar,10,12,11,12,45,0,1,9,1,11,10,13,20,13,56,0,0,0,56
05/03/2021,BGR,ME,ANE,EN,Combined TRACON& Tower with Radar,12,13,14,38,77,0,0,20,8,28,12,13,34,46,105,36,18,54,159
05/04/2021,BGR,ME,ANE,EN,Combined TRACON& Tower with Radar,8,24,11,53,96,0,2,24,3,29,8,26,35,56,125,10,14,24,149
05/05/2021,BGR,ME,ANE,EN,Combined TRACON& Tower with Radar,10,22,13,47,92,0,1,0,0,1,10,23,13,47,93,0,0,0,93
05/06/2021,BGR,ME,ANE,EN,Combined TRACON& Tower with Radar,17,18,34,32,101,0,1,11,1,13,17,19,45,33,114,0,0,0,114
05/07/2021,BGR,ME,ANE,EN,Combined TRACON& Tower with Radar,20,21,16,24,81,0,0,26,0,26,20,21,42,24,107,0,0,0,107
05/08/2021,BGR,ME,ANE,EN,Combined TRACON& Tower with Radar,21,18,8,12,59,0,2,9,1,12,21,20,17,13,71,28,0,28,99
05/09/2021,BGR,ME,ANE,EN,Combined TRACON& Tower with Radar,19,16,21,9,65,0,0,17,0,17,19,16,38,9,82,0,0,0,82
05/10/2021,BGR,ME,ANE,EN,Combined TRACON& Tower with Radar,20,19,9,43,91,0,0,19,2,21,20,19,28,45,112,4,8,12,124
05/11/2021,BGR,ME,ANE,EN,Combined TRACON& Tower with Radar,16,17,15,38,86,0,0,7,6,13,16,17,22,44,99,22,2,24,123
05/12/2021,BGR,ME,ANE,EN,Combined TRACON& Tower with Radar,14,15,17,30,76,0,1,9,12,22,14,16,26,42,98,28,12,40,138
05/13/2021,BGR,ME,ANE,EN,Combined TRACON& Tower with Radar,19,22,10,53,104,0,4,24,26,54,19,26,34,79,158,12,12,24,182
05/14/2021,BGR,ME,ANE,EN,Combined TRACON& Tower with Radar,20,20,9,20,69,0,2,23,3,28,20,22,32,23,97,4,0,4,101
05/15/2021,BGR,ME,ANE,EN,Combined TRACON& Tower with Radar,25,18,11,11,65,0,0,27,5,32,25,18,38,16,97,0,0,0,97
05/16/2021,BGR,ME,ANE,EN,Combined TRACON& Tower with Radar,21,10,9,8,48,0,1,12,3,16,21,11,21,11,64,18,2,20,84
05/17/2021,BGR,ME,ANE,EN,Combined TRACON& Tower with Radar,26,19,12,33,90,0,2,18,13,33,26,21,30,46,123,14,26,40,163
05/18/2021,BGR,ME,ANE,EN,Combined TRACON& Tower with Radar,16,18,14,31,79,0,0,19,20,39,16,18,33,51,118,10,18,28,146
05/19/2021,BGR,ME,ANE,EN,Combined TRACON& Tower with Radar,15,20,22,26,83,0,0,24,15,39,15,20,46,41,122,0,6,6,128
05/20/2021,BGR,ME,ANE,EN,Combined TRACON& Tower with Radar,18,21,7,48,94,0,2,36,15,53,18,23,43,63,147,10,12,22,169
05/21/2021,BGR,ME,ANE,EN,Combined TRACON& Tower with Radar,19,20,12,24,75,0,1,10,1,12,19,21,22,25,87,8,8,16,103
05/22/2021,BGR,ME,ANE,EN,Combined TRACON& Tower with Radar,23,19,5,2,49,0,0,5,2,7,23,19,10,4,56,20,0,20,76
05/23/2021,BGR,ME,ANE,EN,Combined TRACON& Tower with Radar,19,16,9,3,47,0,0,0,0,0,19,16,9,3,47,12,0,12,59
05/24/2021,BGR,ME,ANE,EN,Combined TRACON& Tower with Radar,22,19,15,40,96,0,1,29,3,33,22,20,44,43,129,8,32,40,169
05/25/2021,BGR,ME,ANE,EN,Combined TRACON& Tower with Radar,16,17,22,20,75,0,6,25,7,38,16,23,47,27,113,4,10,14,127
05/26/2021,BGR,ME,ANE,EN,Combined TRACON& Tower with Radar,15,21,19,28,83,0,1,11,12,24,15,22,30,40,107,6,4,10,117
05/27/2021,BGR,ME,ANE,EN,Combined TRACON& Tower with Radar,22,25,21,18,86,0,3,28,5,36,22,28,49,23,122,10,6,16,138
05/28/2021,BGR,ME,ANE,EN,Combined TRACON& Tower with Radar,22,16,27,16,81,0,0,24,1,25,22,16,51,17,106,30,2,32,138
05/29/2021,BGR,ME,ANE,EN,Combined TRACON& Tower with Radar,24,19,9,6,58,0,3,12,0,15,24,22,21,6,73,14,0,14,87
05/30/2021,BGR,ME,ANE,EN,Combined TRACON& Tower with Radar,17,16,3,6,42,0,1,8,0,9,17,17,11,6,51,0,0,0,51
05/31/2021,BGR,ME,ANE,EN,Combined TRACON& Tower with Radar,19,16,10,5,50,0,0,0,0,0,19,16,10,5,50,0,0,0,50
06/01/2021,BGR,ME,ANE,EN,Combined TRACON& Tower with Radar,18,25,20,45,108,0,0,15,13,28,18,25,35,58,136,18,8,26,162
06/02/2021,BGR,ME,ANE,EN,Combined TRACON& Tower with Radar,14,26,14,37,91,0,1,25,16,42,14,27,39,53,133,6,20,26,159
06/03/2021,BGR,ME,ANE,EN,Combined TRACON& Tower with Radar,29,26,10,22,87,0,0,3,6,9,29,26,13,28,96,0,8,8,104
06/04/2021,BGR,ME,ANE,EN,Combined TRACON& Tower with Radar,34,29,19,8,90,0,3,9,12,24,34,32,28,20,114,10,0,10,124
06/05/2021,BGR,ME,ANE,EN,Combined TRACON& Tower with Radar,44,16,10,10,80,0,3,24,12,39,44,19,34,22,119,24,0,24,143
06/06/2021,BGR,ME,ANE,EN,Combined TRACON& Tower with Radar,36,9,10,25,80,0,0,21,4,25,36,9,31,29,105,18,0,18,123
06/07/2021,BGR,ME,ANE,EN,Combined TRACON& Tower with Radar,40,24,8,24,96,0,2,20,11,33,40,26,28,35,129,0,10,10,139
06/08/2021,BGR,ME,ANE,EN,Combined TRACON& Tower with Radar,37,19,12,37,105,0,2,23,24,49,37,21,35,61,154,0,10,10,164
06/09/2021,BGR,ME,ANE,EN,Combined TRACON& Tower with Radar,32,24,18,26,100,0,5,31,6,42,32,29,49,32,142,10,6,16,158
06/10/2021,BGR,ME,ANE,EN,Combined TRACON& Tower with Radar,35,19,21,46,121,0,3,28,14,45,35,22,49,60,166,0,2,2,168
06/11/2021,BGR,ME,ANE,EN,Combined TRACON& Tower with Radar,42,21,17,20,100,0,0,14,9,23,42,21,31,29,123,12,12,24,147
06/12/2021,BGR,ME,ANE,EN,Combined TRACON& Tower with Radar,43,20,13,5,81,0,4,12,1,17,43,24,25,6,98,0,0,0,98
06/13/2021,BGR,ME,ANE,EN,Combined TRACON& Tower with Radar,34,14,19,10,77,0,0,24,4,28,34,14,43,14,105,26,8,34,139
06/14/2021,BGR,ME,ANE,EN,Combined TRACON& Tower with Radar,37,23,9,43,112,0,1,5,4,10,37,24,14,47,122,8,0,8,130
06/15/2021,BGR,ME,ANE,EN,Combined TRACON& Tower with Radar,39,21,8,41,109,0,0,0,1,1,39,21,8,42,110,0,2,2,112
06/16/2021,BGR,ME,ANE,EN,Combined TRACON& Tower with Radar,32,25,28,33,118,0,3,25,14,42,32,28,53,47,160,2,0,2,162
06/17/2021,BGR,ME,ANE,EN,Combined TRACON& Tower with Radar,38,16,22,45,121,0,1,27,19,47,38,17,49,64,168,0,0,0,168
06/18/2021,BGR,ME,ANE,EN,Combined TRACON& Tower with Radar,42,20,19,25,106,0,0,27,2,29,42,20,46,27,135,18,4,22,157
06/19/2021,BGR,ME,ANE,EN,Combined TRACON& Tower with Radar,46,20,26,1,93,0,1,5,0,6,46,21,31,1,99,0,0,0,99
06/20/2021,BGR,ME,ANE,EN,Combined TRACON& Tower with Radar,36,18,22,10,86,0,1,24,2,27,36,19,46,12,113,16,6,22,135
06/21/2021,BGR,ME,ANE,EN,Combined TRACON& Tower with Radar,40,17,18,16,91,0,0,9,4,13,40,17,27,20,104,2,0,2,106
06/22/2021,BGR,ME,ANE,EN,Combined TRACON& Tower with Radar,36,28,22,24,110,0,1,5,1,7,36,29,27,25,117,10,6,16,133
06/23/2021,BGR,ME,ANE,EN,Combined TRACON& Tower with Radar,35,21,23,40,119,0,2,20,10,32,35,23,43,50,151,20,14,34,185
06/24/2021,BGR,ME,ANE,EN,Combined TRACON& Tower with Radar,35,23,16,39,113,0,2,26,24,52,35,25,42,63,165,0,14,14,179
06/25/2021,BGR,ME,ANE,EN,Combined TRACON& Tower with Radar,42,27,27,30,126,0,0,7,2,9,42,27,34,32,135,26,0,26,161
06/26/2021,BGR,ME,ANE,EN,Combined TRACON& Tower with Radar,44,21,14,6,85,0,1,3,0,4,44,22,17,6,89,4,0,4,93
06/27/2021,BGR,ME,ANE,EN,Combined TRACON& Tower with Radar,35,10,21,2,68,0,4,4,0,8,35,14,25,2,76,0,0,0,76
06/28/2021,BGR,ME,ANE,EN,Combined TRACON& Tower with Radar,42,16,20,17,95,0,1,11,7,19,42,17,31,24,114,0,28,28,142
06/29/2021,BGR,ME,ANE,EN,Combined TRACON& Tower with Radar,36,15,25,32,108,0,6,21,13,40,36,21,46,45,148,8,6,14,162
06/30/2021,BGR,ME,ANE,EN,Combined TRACON& Tower with Radar,37,20,29,16,102,0,3,9,8,20,37,23,38,24,122,20,10,30,152
07/01/2021,BGR,ME,ANE,EN,Combined TRACON& Tower with Radar,37,27,29,46,139,0,0,14,8,22,37,27,43,54,161,38,14,52,213
07/02/2021,BGR,ME,ANE,EN,Combined TRACON& Tower with Radar,43,24,33,10,110,0,1,1,0,2,43,25,34,10,112,0,0,0,112
07/03/2021,BGR,ME,ANE,EN,Combined TRACON& Tower with Radar,49,15,24,5,93,0,3,2,0,5,49,18,26,5,98,2,0,2,100
07/04/2021,BGR,ME,ANE,EN,Combined TRACON& Tower with Radar,34,15,8,3,60,0,2,0,0,2,34,17,8,3,62,0,0,0,62
07/05/2021,BGR,ME,ANE,EN,Combined TRACON& Tower with Radar,41,19,29,8,97,0,1,25,0,26,41,20,54,8,123,6,0,6,129
07/06/2021,BGR,ME,ANE,EN,Combined TRACON& Tower with Radar,32,22,27,28,109,0,0,0,1,1,32,22,27,29,110,6,2,8,118
07/07/2021,BGR,ME,ANE,EN,Combined TRACON& Tower with Radar,37,27,18,51,133,0,5,39,9,53,37,32,57,60,186,44,14,58,244
07/08/2021,BGR,ME,ANE,EN,Combined TRACON& Tower with Radar,36,32,23,50,141,0,7,15,6,28,36,39,38,56,169,0,4,4,173
07/09/2021,BGR,ME,ANE,EN,Combined TRACON& Tower with Radar,36,32,15,17,100,0,0,0,0,0,36,32,15,17,100,0,0,0,100
07/10/2021,BGR,ME,ANE,EN,Combined TRACON& Tower with Radar,51,26,19,7,103,0,4,28,0,32,51,30,47,7,135,2,0,2,137
07/11/2021,BGR,ME,ANE,EN,Combined TRACON& Tower with Radar,36,29,13,2,80,0,1,19,0,20,36,30,32,2,100,0,0,0,100
07/12/2021,BGR,ME,ANE,EN,Combined TRACON& Tower with Radar,38,16,17,52,123,0,0,20,5,25,38,16,37,57,148,0,18,18,166
07/13/2021,BGR,ME,ANE,EN,Combined TRACON& Tower with Radar,43,19,18,49,129,0,0,24,22,46,43,19,42,71,175,16,0,16,191
07/14/2021,BGR,ME,ANE,EN,Combined TRACON& Tower with Radar,38,28,29,29,124,0,0,0,0,0,38,28,29,29,124,0,0,0,124
07/15/2021,BGR,ME,ANE,EN,Combined TRACON& Tower with Radar,34,26,33,46,139,0,0,19,9,28,34,26,52,55,167,4,4,8,175
07/16/2021,BGR,ME,ANE,EN,Combined TRACON& Tower with Radar,38,22,23,23,106,0,0,19,2,21,38,22,42,25,127,0,0,0,127
07/17/2021,BGR,ME,ANE,EN,Combined TRACON& Tower with Radar,48,21,29,6,104,0,0,19,0,19,48,21,48,6,123,14,0,14,137
07/18/2021,BGR,ME,ANE,EN,Combined TRACON& Tower with Radar,38,23,26,10,97,0,0,3,0,3,38,23,29,10,100,0,0,0,100
07/19/2021,BGR,ME,ANE,EN,Combined TRACON& Tower with Radar,42,28,34,41,145,0,1,3,0,4,42,29,37,41,149,0,0,0,149
07/20/2021,BGR,ME,ANE,EN,Combined TRACON& Tower with Radar,34,39,14,39,126,0,1,18,4,23,34,40,32,43,149,0,0,0,149
07/21/2021,BGR,ME,ANE,EN,Combined TRACON& Tower with Radar,36,17,34,31,118,0,1,2,1,4,36,18,36,32,122,0,0,0,122
07/22/2021,BGR,ME,ANE,EN,Combined TRACON& Tower with Radar,38,15,37,65,155,0,5,31,25,61,38,20,68,90,216,0,6,6,222
07/23/2021,BGR,ME,ANE,EN,Combined TRACON& Tower with Radar,37,16,26,32,111,0,1,28,8,37,37,17,54,40,148,4,0,4,152
07/24/2021,BGR,ME,ANE,EN,Combined TRACON& Tower with Radar,49,24,25,5,103,0,1,40,0,41,49,25,65,5,144,26,0,26,170
07/25/2021,BGR,ME,ANE,EN,Combined TRACON& Tower with Radar,36,12,18,4,70,0,0,0,0,0,36,12,18,4,70,0,0,0,70
07/26/2021,BGR,ME,ANE,EN,Combined TRACON& Tower with Radar,35,18,29,48,130,0,0,8,4,12,35,18,37,52,142,12,2,14,156
07/27/2021,BGR,ME,ANE,EN,Combined TRACON& Tower with Radar,37,23,19,28,107,0,0,20,4,24,37,23,39,32,131,4,0,4,135
07/28/2021,BGR,ME,ANE,EN,Combined TRACON& Tower with Radar,34,27,24,32,117,0,0,31,8,39,34,27,55,40,156,18,0,18,174
07/29/2021,BGR,ME,ANE,EN,Combined TRACON& Tower with Radar,37,19,18,44,118,0,2,14,8,24,37,21,32,52,142,0,8,8,150
07/30/2021,BGR,ME,ANE,EN,Combined TRACON& Tower with Radar,39,44,19,22,124,0,2,4,2,8,39,46,23,24,132,0,10,10,142
07/31/2021,BGR,ME,ANE,EN,Combined TRACON& Tower with Radar,54,20,23,6,103,0,1,27,8,36,54,21,50,14,139,2,4,6,145
08/01/2021,BGR,ME,ANE,EN,Combined TRACON& Tower with Radar,35,13,25,17,90,0,1,37,16,54,35,14,62,33,144,8,14,22,166
08/02/2021,BGR,ME,ANE,EN,Combined TRACON& Tower with Radar,40,17,21,42,120,0,1,14,12,27,40,18,35,54,147,12,16,28,175
08/03/2021,BGR,ME,ANE,EN,Combined TRACON& Tower with Radar,36,27,31,55,149,0,0,31,29,60,36,27,62,84,209,2,10,12,221
08/04/2021,BGR,ME,ANE,EN,Combined TRACON& Tower with Radar,35,25,22,53,135,0,0,23,28,51,35,25,45,81,186,12,18,30,216
08/05/2021,BGR,ME,ANE,EN,Combined TRACON& Tower with Radar,40,26,15,39,120,0,0,0,0,0,40,26,15,39,120,0,0,0,120
08/06/2021,BGR,ME,ANE,EN,Combined TRACON& Tower with Radar,41,42,28,9,120,0,2,34,27,63,41,44,62,36,183,0,0,0,183
08/07/2021,BGR,ME,ANE,EN,Combined TRACON& Tower with Radar,53,18,16,5,92,0,1,21,27,49,53,19,37,32,141,10,6,16,157
08/08/2021,BGR,ME,ANE,EN,Combined TRACON& Tower with Radar,38,10,14,10,72,0,1,21,29,51,38,11,35,39,123,32,6,38,161
08/09/2021,BGR,ME,ANE,EN,Combined TRACON& Tower with Radar,36,20,26,40,122,0,2,7,16,25,36,22,33,56,147,0,6,6,153
08/10/2021,BGR,ME,ANE,EN,Combined TRACON& Tower with Radar,37,15,26,46,124,0,0,8,11,19,37,15,34,57,143,0,0,0,143
08/11/2021,BGR,ME,ANE,EN,Combined TRACON& Tower with Radar,31,19,18,44,112,0,1,0,0,1,31,20,18,44,113,0,0,0,113
08/12/2021,BGR,ME,ANE,EN,Combined TRACON& Tower with Radar,38,22,14,52,126,0,2,10,16,28,38,24,24,68,154,0,0,0,154
08/13/2021,BGR,ME,ANE,EN,Combined TRACON& Tower with Radar,34,29,21,34,118,0,2,20,17,39,34,31,41,51,157,6,18,24,181
08/14/2021,BGR,ME,ANE,EN,Combined TRACON& Tower with Radar,57,23,23,11,114,0,4,18,7,29,57,27,41,18,143,0,26,26,169
08/15/2021,BGR,ME,ANE,EN,Combined TRACON& Tower with Radar,37,11,18,18,84,0,2,33,11,46,37,13,51,29,130,10,0,10,140
08/16/2021,BGR,ME,ANE,EN,Combined TRACON& Tower with Radar,35,22,15,27,99,0,1,37,9,47,35,23,52,36,146,10,0,10,156
08/17/2021,BGR,ME,ANE,EN,Combined TRACON& Tower with Radar,39,25,15,41,120,0,2,39,15,56,39,27,54,56,176,6,0,6,182
08/18/2021,BGR,ME,ANE,EN,Combined TRACON& Tower with Radar,34,27,17,62,140,0,2,19,12,33,34,29,36,74,173,0,0,0,173
08/19/2021,BGR,ME,ANE,EN,Combined TRACON& Tower with Radar,41,24,24,50,139,0,0,11,11,22,41,24,35,61,161,0,6,6,167
08/20/2021,BGR,ME,ANE,EN,Combined TRACON& Tower with Radar,41,30,31,28,130,0,1,21,6,28,41,31,52,34,158,0,4,4,162
08/21/2021,BGR,ME,ANE,EN,Combined TRACON& Tower with Radar,42,20,27,15,104,0,1,5,0,6,42,21,32,15,110,0,0,0,110
08/22/2021,BGR,ME,ANE,EN,Combined TRACON& Tower with Radar,41,12,20,10,83,0,0,3,0,3,41,12,23,10,86,4,0,4,90
08/23/2021,BGR,ME,ANE,EN,Combined TRACON& Tower with Radar,36,19,24,32,111,0,0,5,0,5,36,19,29,32,116,28,0,28,144
08/24/2021,BGR,ME,ANE,EN,Combined TRACON& Tower with Radar,32,26,27,40,125,0,5,19,25,49,32,31,46,65,174,0,0,0,174
08/25/2021,BGR,ME,ANE,EN,Combined TRACON& Tower with Radar,34,18,34,37,123,0,3,35,9,47,34,21,69,46,170,0,0,0,170
08/26/2021,BGR,ME,ANE,EN,Combined TRACON& Tower with Radar,39,20,33,39,131,0,3,28,5,36,39,23,61,44,167,16,0,16,183
08/27/2021,BGR,ME,ANE,EN,Combined TRACON& Tower with Radar,40,20,22,10,92,0,2,36,2,40,40,22,58,12,132,0,0,0,132
08/28/2021,BGR,ME,ANE,EN,Combined TRACON& Tower with Radar,44,20,32,7,103,0,1,37,2,40,44,21,69,9,143,6,0,6,149
08/29/2021,BGR,ME,ANE,EN,Combined TRACON& Tower with Radar,43,15,19,4,81,0,0,10,0,10,43,15,29,4,91,0,0,0,91
08/30/2021,BGR,ME,ANE,EN,Combined TRACON& Tower with Radar,40,14,11,39,104,0,1,3,1,5,40,15,14,40,109,4,6,10,119
08/31/2021,BGR,ME,ANE,EN,Combined TRACON& Tower with Radar,39,20,21,38,118,0,2,24,20,46,39,22,45,58,164,0,18,18,182
09/01/2021,BGR,ME,ANE,EN,Combined TRACON& Tower with Radar,34,24,31,41,130,0,3,22,7,32,34,27,53,48,162,2,4,6,168
09/02/2021,BGR,ME,ANE,EN,Combined TRACON& Tower with Radar,37,27,22,69,155,0,3,2,1,6,37,30,24,70,161,2,0,2,163
09/03/2021,BGR,ME,ANE,EN,Combined TRACON& Tower with Radar,39,18,25,45,127,0,3,12,4,19,39,21,37,49,146,0,4,4,150
09/04/2021,BGR,ME,ANE,EN,Combined TRACON& Tower with Radar,47,19,12,9,87,0,4,31,0,35,47,23,43,9,122,10,0,10,132
09/05/2021,BGR,ME,ANE,EN,Combined TRACON& Tower with Radar,40,16,23,3,82,0,2,24,1,27,40,18,47,4,109,6,0,6,115
09/06/2021,BGR,ME,ANE,EN,Combined TRACON& Tower with Radar,35,24,16,2,77,0,1,4,0,5,35,25,20,2,82,0,0,0,82
09/07/2021,BGR,ME,ANE,EN,Combined TRACON& Tower with Radar,39,27,29,36,131,0,3,28,15,46,39,30,57,51,177,16,12,28,205
09/08/2021,BGR,ME,ANE,EN,Combined TRACON& Tower with Radar,35,30,26,56,147,0,3,35,15,53,35,33,61,71,200,16,4,20,220
09/09/2021,BGR,ME,ANE,EN,Combined TRACON& Tower with Radar,40,22,26,33,121,0,2,0,0,2,40,24,26,33,123,0,0,0,123
09/10/2021,BGR,ME,ANE,EN,Combined TRACON& Tower with Radar,45,27,19,8,99,0,7,14,20,41,45,34,33,28,140,0,0,0,140
09/11/2021,BGR,ME,ANE,EN,Combined TRACON& Tower with Radar,31,21,24,24,100,0,2,28,24,54,31,23,52,48,154,0,0,0,154
09/12/2021,BGR,ME,ANE,EN,Combined TRACON& Tower with Radar,40,20,15,15,90,0,2,11,16,29,40,22,26,31,119,6,0,6,125
09/13/2021,BGR,ME,ANE,EN,Combined TRACON& Tower with Radar,38,15,23,37,113,0,5,27,2,34,38,20,50,39,147,30,4,34,181
09/14/2021,BGR,ME,ANE,EN,Combined TRACON& Tower with Radar,33,28,15,33,109,0,3,31,15,49,33,31,46,48,158,0,4,4,162
09/15/2021,BGR,ME,ANE,EN,Combined TRACON& Tower with Radar,29,16,21,29,95,0,0,0,0,0,29,16,21,29,95,0,0,0,95
09/16/2021,BGR,ME,ANE,EN,Combined TRACON& Tower with Radar,44,12,28,48,132,0,5,20,17,42,44,17,48,65,174,0,0,0,174
09/17/2021,BGR,ME,ANE,EN,Combined TRACON& Tower with Radar,35,12,34,30,111,0,0,16,8,24,35,12,50,38,135,12,0,12,147
09/18/2021,BGR,ME,ANE,EN,Combined TRACON& Tower with Radar,31,25,20,3,79,0,0,3,0,3,31,25,23,3,82,0,0,0,82
09/19/2021,BGR,ME,ANE,EN,Combined TRACON& Tower with Radar,40,6,19,11,76,0,2,36,0,38,40,8,55,11,114,14,0,14,128
09/20/2021,BGR,ME,ANE,EN,Combined TRACON& Tower with Radar,36,17,16,35,104,0,0,31,4,35,36,17,47,39,139,32,4,36,175
09/21/2021,BGR,ME,ANE,EN,Combined TRACON& Tower with Radar,28,27,21,44,120,0,1,31,12,44,28,28,52,56,164,12,4,16,180
09/22/2021,BGR,ME,ANE,EN,Combined TRACON& Tower with Radar,33,20,36,24,113,0,1,10,3,14,33,21,46,27,127,20,0,20,147
09/23/2021,BGR,ME,ANE,EN,Combined TRACON& Tower with Radar,37,20,27,10,94,0,2,9,13,24,37,22,36,23,118,12,0,12,130
09/24/2021,BGR,ME,ANE,EN,Combined TRACON& Tower with Radar,38,19,17,17,91,0,2,0,2,4,38,21,17,19,95,0,0,0,95
09/25/2021,BGR,ME,ANE,EN,Combined TRACON& Tower with Radar,34,25,11,10,80,0,1,2,0,3,34,26,13,10,83,0,0,0,83
09/26/2021,BGR,ME,ANE,EN,Combined TRACON& Tower with Radar,38,19,16,2,75,0,1,3,2,6,38,20,19,4,81,0,0,0,81
09/27/2021,BGR,ME,ANE,EN,Combined TRACON& Tower with Radar,36,14,21,6,77,0,1,28,1,30,36,15,49,7,107,16,0,16,123
09/28/2021,BGR,ME,ANE,EN,Combined TRACON& Tower with Radar,28,19,19,7,73,0,1,30,18,49,28,20,49,25,122,0,20,20,142
09/29/2021,BGR,ME,ANE,EN,Combined TRACON& Tower with Radar,29,26,18,3,76,0,1,26,7,34,29,27,44,10,110,14,0,14,124
09/30/2021,BGR,ME,ANE,EN,Combined TRACON& Tower with Radar,34,21,22,4,81,0,1,10,0,11,34,22,32,4,92,0,0,0,92
10/01/2021,BGR,ME,ANE,EN,Combined TRACON& Tower with Radar,40,18,21,20,99,0,3,17,5,25,40,21,38,25,124,0,2,2,126
10/02/2021,BGR,ME,ANE,EN,Combined TRACON& Tower with Radar,30,10,25,13,78,0,3,29,20,52,30,13,54,33,130,0,0,0,130
10/03/2021,BGR,ME,ANE,EN,Combined TRACON& Tower with Radar,37,20,20,9,86,0,0,21,9,30,37,20,41,18,116,0,0,0,116
10/04/2021,BGR,ME,ANE,EN,Combined TRACON& Tower with Radar,3,0,0,0,3,0,0,5,3,8,3,0,5,3,11,0,0,0,11
10/05/2021,BGR,ME,ANE,EN,Combined TRACON& Tower with Radar,0,0,0,0,0,0,3,1,13,17,0,3,1,13,17,0,0,0,17
10/06/2021,BGR,ME,ANE,EN,Combined TRACON& Tower with Radar,27,17,17,46,107,0,0,34,22,56,27,17,51,68,163,0,0,0,163
10/07/2021,BGR,ME,ANE,EN,Combined TRACON& Tower with Radar,31,19,34,33,117,0,5,34,10,49,31,24,68,43,166,6,10,16,182
10/08/2021,BGR,ME,ANE,EN,Combined TRACON& Tower with Radar,34,31,24,16,105,0,3,30,1,34,34,34,54,17,139,4,0,4,143
10/09/2021,BGR,ME,ANE,EN,Combined TRACON& Tower with Radar,39,14,17,7,77,0,2,29,0,31,39,16,46,7,108,20,0,20,128
10/10/2021,BGR,ME,ANE,EN,Combined TRACON& Tower with Radar,32,18,10,6,66,0,5,4,0,9,32,23,14,6,75,0,0,0,75
10/11/2021,BGR,ME,ANE,EN,Combined TRACON& Tower with Radar,32,12,24,9,77,0,0,18,0,18,32,12,42,9,95,0,0,0,95
10/12/2021,BGR,ME,ANE,EN,Combined TRACON& Tower with Radar,31,23,20,32,106,0,3,23,17,43,31,26,43,49,149,0,16,16,165
10/13/2021,BGR,ME,ANE,EN,Combined TRACON& Tower with Radar,32,17,14,61,124,0,0,24,5,29,32,17,38,66,153,0,12,12,165
10/14/2021,BGR,ME,ANE,EN,Combined TRACON& Tower with Radar,31,18,22,38,109,0,4,18,21,43,31,22,40,59,152,8,8,16,168
10/15/2021,BGR,ME,ANE,EN,Combined TRACON& Tower with Radar,34,25,26,18,103,0,0,5,0,5,34,25,31,18,108,0,0,0,108
10/16/2021,BGR,ME,ANE,EN,Combined TRACON& Tower with Radar,37,25,27,3,92,0,0,0,0,0,37,25,27,3,92,0,0,0,92
10/17/2021,BGR,ME,ANE,EN,Combined TRACON& Tower with Radar,33,17,21,14,85,0,0,16,1,17,33,17,37,15,102,0,0,0,102
10/18/2021,BGR,ME,ANE,EN,Combined TRACON& Tower with Radar,35,26,20,50,131,0,1,26,20,47,35,27,46,70,178,4,0,4,182
10/19/2021,BGR,ME,ANE,EN,Combined TRACON& Tower with Radar,31,22,10,29,92,0,4,16,17,37,31,26,26,46,129,0,2,2,131
10/20/2021,BGR,ME,ANE,EN,Combined TRACON& Tower with Radar,31,26,23,27,107,0,1,34,20,55,31,27,57,47,162,12,2,14,176
10/21/2021,BGR,ME,ANE,EN,Combined TRACON& Tower with Radar,36,36,29,28,129,0,5,18,12,35,36,41,47,40,164,4,2,6,170
10/22/2021,BGR,ME,ANE,EN,Combined TRACON& Tower with Radar,30,17,21,33,101,0,1,9,12,22,30,18,30,45,123,6,0,6,129
10/23/2021,BGR,ME,ANE,EN,Combined TRACON& Tower with Radar,35,18,24,20,97,0,2,20,0,22,35,20,44,20,119,0,0,0,119
10/24/2021,BGR,ME,ANE,EN,Combined TRACON& Tower with Radar,29,13,18,4,64,0,7,9,0,16,29,20,27,4,80,0,0,0,80
10/25/2021,BGR,ME,ANE,EN,Combined TRACON& Tower with Radar,29,17,12,37,95,0,0,2,2,4,29,17,14,39,99,0,6,6,105
10/26/2021,BGR,ME,ANE,EN,Combined TRACON& Tower with Radar,31,25,11,18,85,0,0,0,2,2,31,25,11,20,87,0,0,0,87
10/27/2021,BGR,ME,ANE,EN,Combined TRACON& Tower with Radar,31,23,16,13,83,0,4,5,0,9,31,27,21,13,92,0,0,0,92
10/28/2021,BGR,ME,ANE,EN,Combined TRACON& Tower with Radar,35,24,24,50,133,0,6,15,18,39,35,30,39,68,172,0,6,6,178
10/29/2021,BGR,ME,ANE,EN,Combined TRACON& Tower with Radar,26,17,21,21,85,0,1,32,13,46,26,18,53,34,131,10,8,18,149
10/30/2021,BGR,ME,ANE,EN,Combined TRACON& Tower with Radar,34,20,22,4,80,0,1,3,1,5,34,21,25,5,85,0,2,2,87
10/31/2021,BGR,ME,ANE,EN,Combined TRACON& Tower with Radar,28,8,12,8,56,0,1,0,0,1,28,9,12,8,57,0,0,0,57
11/01/2021,BGR,ME,ANE,EN,Combined TRACON& Tower with Radar,26,20,19,30,95,0,4,15,25,44,26,24,34,55,139,4,2,6,145
11/02/2021,BGR,ME,ANE,EN,Combined TRACON& Tower with Radar,15,19,15,19,68,0,7,35,21,63,15,26,50,40,131,28,0,28,159
11/03/2021,BGR,ME,ANE,EN,Combined TRACON& Tower with Radar,18,18,8,39,83,0,1,18,19,38,18,19,26,58,121,0,2,2,123
11/04/2021,BGR,ME,ANE,EN,Combined TRACON& Tower with Radar,21,17,13,11,62,0,2,27,18,47,21,19,40,29,109,2,14,16,125
11/05/2021,BGR,ME,ANE,EN,Combined TRACON& Tower with Radar,22,21,24,12,79,0,6,28,15,49,22,27,52,27,128,12,0,12,140
11/06/2021,BGR,ME,ANE,EN,Combined TRACON& Tower with Radar,26,22,18,12,78,0,2,27,19,48,26,24,45,31,126,30,0,30,156
11/07/2021,BGR,ME,ANE,EN,Combined TRACON& Tower with Radar,17,16,17,6,56,0,5,26,17,48,17,21,43,23,104,12,0,12,116
11/08/2021,BGR,ME,ANE,EN,Combined TRACON& Tower with Radar,19,18,19,24,80,0,6,12,4,22,19,24,31,28,102,4,4,8,110
11/09/2021,BGR,ME,ANE,EN,Combined TRACON& Tower with Radar,16,16,15,16,63,0,4,20,14,38,16,20,35,30,101,10,14,24,125
11/10/2021,BGR,ME,ANE,EN,Combined TRACON& Tower with Radar,14,26,16,48,104,0,3,8,6,17,14,29,24,54,121,0,8,8,129
11/11/2021,BGR,ME,ANE,EN,Combined TRACON& Tower with Radar,20,25,20,4,69,0,8,23,0,31,20,33,43,4,100,4,0,4,104
11/12/2021,BGR,ME,ANE,EN,Combined TRACON& Tower with Radar,19,21,13,14,67,0,2,0,0,2,19,23,13,14,69,0,0,0,69
11/13/2021,BGR,ME,ANE,EN,Combined TRACON& Tower with Radar,21,28,10,3,62,0,2,21,0,23,21,30,31,3,85,0,0,0,85
11/14/2021,BGR,ME,ANE,EN,Combined TRACON& Tower with Radar,21,19,19,10,69,0,6,6,0,12,21,25,25,10,81,0,0,0,81
11/15/2021,BGR,ME,ANE,EN,Combined TRACON& Tower with Radar,18,25,6,23,72,0,0,0,3,3,18,25,6,26,75,0,6,6,81
11/16/2021,BGR,ME,ANE,EN,Combined TRACON& Tower with Radar,16,25,19,29,89,0,1,6,22,29,16,26,25,51,118,4,40,44,162
11/17/2021,BGR,ME,ANE,EN,Combined TRACON& Tower with Radar,18,26,24,23,91,0,3,19,5,27,18,29,43,28,118,20,0,20,138
11/18/2021,BGR,ME,ANE,EN,Combined TRACON& Tower with Radar,17,26,17,20,80,0,0,0,0,0,17,26,17,20,80,0,0,0,80
11/19/2021,BGR,ME,ANE,EN,Combined TRACON& Tower with Radar,17,20,16,22,75,0,1,9,6,16,17,21,25,28,91,0,0,0,91
11/20/2021,BGR,ME,ANE,EN,Combined TRACON& Tower with Radar,17,21,11,29,78,0,13,27,10,50,17,34,38,39,128,0,6,6,134
11/21/2021,BGR,ME,ANE,EN,Combined TRACON& Tower with Radar,16,10,9,12,47,0,9,23,1,33,16,19,32,13,80,12,0,12,92
11/22/2021,BGR,ME,ANE,EN,Combined TRACON& Tower with Radar,14,16,14,23,67,0,3,0,1,4,14,19,14,24,71,0,2,2,73
11/23/2021,BGR,ME,ANE,EN,Combined TRACON& Tower with Radar,23,23,15,23,84,0,4,28,7,39,23,27,43,30,123,6,0,6,129
11/24/2021,BGR,ME,ANE,EN,Combined TRACON& Tower with Radar,16,24,11,23,74,0,4,2,8,14,16,28,13,31,88,6,8,14,102
11/25/2021,BGR,ME,ANE,EN,Combined TRACON& Tower with Radar,10,10,3,8,31,0,6,5,0,11,10,16,8,8,42,0,0,0,42
11/26/2021,BGR,ME,ANE,EN,Combined TRACON& Tower with Radar,6,23,0,4,33,0,0,2,0,2,6,23,2,4,35,0,0,0,35
11/27/2021,BGR,ME,ANE,EN,Combined TRACON& Tower with Radar,17,19,9,2,47,0,2,0,0,2,17,21,9,2,49,0,0,0,49
11/28/2021,BGR,ME,ANE,EN,Combined TRACON& Tower with Radar,16,20,21,4,61,0,6,29,0,35,16,26,50,4,96,40,0,40,136
11/29/2021,BGR,ME,ANE,EN,Combined TRACON& Tower with Radar,18,16,8,14,56,0,6,2,7,15,18,22,10,21,71,0,0,0,71
11/30/2021,BGR,ME,ANE,EN,Combined TRACON& Tower with Radar,17,27,15,27,86,0,3,22,21,46,17,30,37,48,132,6,0,6,138
12/01/2021,BGR,ME,ANE,EN,Combined TRACON& Tower with Radar,20,21,22,35,98,0,5,12,12,29,20,26,34,47,127,0,0,0,127
12/02/2021,BGR,ME,ANE,EN,Combined TRACON& Tower with Radar,24,17,21,13,75,0,1,1,0,2,24,18,22,13,77,4,0,4,81
12/03/2021,BGR,ME,ANE,EN,Combined TRACON& Tower with Radar,23,25,13,21,82,0,3,3,8,14,23,28,16,29,96,0,0,0,96
12/04/2021,BGR,ME,ANE,EN,Combined TRACON& Tower with Radar,15,20,17,9,61,0,1,20,22,43,15,21,37,31,104,0,0,0,104
12/05/2021,BGR,ME,ANE,EN,Combined TRACON& Tower with Radar,23,21,16,5,65,0,0,11,3,14,23,21,27,8,79,18,0,18,97
12/06/2021,BGR,ME,ANE,EN,Combined TRACON& Tower with Radar,20,15,14,11,60,0,0,0,0,0,20,15,14,11,60,0,0,0,60
12/07/2021,BGR,ME,ANE,EN,Combined TRACON& Tower with Radar,21,28,16,25,90,0,6,12,21,39,21,34,28,46,129,0,6,6,135
12/08/2021,BGR,ME,ANE,EN,Combined TRACON& Tower with Radar,20,17,20,19,76,0,0,0,0,0,20,17,20,19,76,0,0,0,76
12/09/2021,BGR,ME,ANE,EN,Combined TRACON& Tower with Radar,22,23,26,17,88,0,2,12,16,30,22,25,38,33,118,6,0,6,124
12/10/2021,BGR,ME,ANE,EN,Combined TRACON& Tower with Radar,20,20,5,28,73,0,2,1,1,4,20,22,6,29,77,0,0,0,77
12/11/2021,BGR,ME,ANE,EN,Combined TRACON& Tower with Radar,17,19,13,4,53,0,0,0,0,0,17,19,13,4,53,0,0,0,53
12/12/2021,BGR,ME,ANE,EN,Combined TRACON& Tower with Radar,22,11,16,5,54,0,7,2,0,9,22,18,18,5,63,0,0,0,63
12/13/2021,BGR,ME,ANE,EN,Combined TRACON& Tower with Radar,20,18,25,37,100,0,9,16,15,40,20,27,41,52,140,20,12,32,172
12/14/2021,BGR,ME,ANE,EN,Combined TRACON& Tower with Radar,21,20,12,34,87,0,9,10,18,37,21,29,22,52,124,0,4,4,128
12/15/2021,BGR,ME,ANE,EN,Combined TRACON& Tower with Radar,22,32,19,38,111,0,6,24,26,56,22,38,43,64,167,20,2,22,189
12/16/2021,BGR,ME,ANE,EN,Combined TRACON& Tower with Radar,17,16,13,3,49,0,0,0,0,0,17,16,13,3,49,0,0,0,49
12/17/2021,BGR,ME,ANE,EN,Combined TRACON& Tower with Radar,16,24,16,11,67,0,4,5,6,15,16,28,21,17,82,26,0,26,108
12/18/2021,BGR,ME,ANE,EN,Combined TRACON& Tower with Radar,12,20,19,2,53,0,6,11,0,17,12,26,30,2,70,0,0,0,70
12/19/2021,BGR,ME,ANE,EN,Combined TRACON& Tower with Radar,17,14,11,4,46,0,1,0,0,1,17,15,11,4,47,0,0,0,47
12/20/2021,BGR,ME,ANE,EN,Combined TRACON& Tower with Radar,21,22,30,24,97,0,1,36,0,37,21,23,66,24,134,46,2,48,182
12/21/2021,BGR,ME,ANE,EN,Combined TRACON& Tower with Radar,20,24,16,20,80,0,1,21,1,23,20,25,37,21,103,14,0,14,117
12/22/2021,BGR,ME,ANE,EN,Combined TRACON& Tower with Radar,19,20,7,3,49,0,0,0,0,0,19,20,7,3,49,0,0,0,49
12/23/2021,BGR,ME,ANE,EN,Combined TRACON& Tower with Radar,19,20,7,15,61,0,5,4,2,11,19,25,11,17,72,4,2,6,78
12/24/2021,BGR,ME,ANE,EN,Combined TRACON& Tower with Radar,16,36,5,13,70,0,4,13,0,17,16,40,18,13,87,4,0,4,91
12/25/2021,BGR,ME,ANE,EN,Combined TRACON& Tower with Radar,7,12,8,0,27,0,4,0,0,4,7,16,8,0,31,0,0,0,31
12/26/2021,BGR,ME,ANE,EN,Combined TRACON& Tower with Radar,18,17,13,1,49,0,3,7,0,10,18,20,20,1,59,2,0,2,61
12/27/2021,BGR,ME,ANE,EN,Combined TRACON& Tower with Radar,15,25,22,13,75,0,5,12,5,22,15,30,34,18,97,0,10,10,107
12/28/2021,BGR,ME,ANE,EN,Combined TRACON& Tower with Radar,13,21,6,9,49,0,0,0,1,1,13,21,6,10,50,2,4,6,56
12/29/2021,BGR,ME,ANE,EN,Combined TRACON& Tower with Radar,13,23,7,11,54,0,4,12,1,17,13,27,19,12,71,22,0,22,93
12/30/2021,BGR,ME,ANE,EN,Combined TRACON& Tower with Radar,15,26,9,7,57,0,0,0,0,0,15,26,9,7,57,0,0,0,57
12/31/2021,BGR,ME,ANE,EN,Combined TRACON& Tower with Radar,9,18,6,0,33,0,0,0,0,0,9,18,6,0,33,0,0,0,33
01/01/2022,BGR,ME,ANE,EN,Combined TRACON& Tower with Radar,7,9,8,0,24,0,0,0,0,0,7,9,8,0,24,0,0,0,24
01/02/2022,BGR,ME,ANE,EN,Combined TRACON& Tower with Radar,15,13,7,0,35,0,0,0,0,0,15,13,7,0,35,0,0,0,35
01/03/2022,BGR,ME,ANE,EN,Combined TRACON& Tower with Radar,14,29,25,25,93,0,1,12,2,15,14,30,37,27,108,0,0,0,108
01/04/2022,BGR,ME,ANE,EN,Combined TRACON& Tower with Radar,13,27,24,23,87,0,0,15,17,32,13,27,39,40,119,26,10,36,155
01/05/2022,BGR,ME,ANE,EN,Combined TRACON& Tower with Radar,20,24,5,10,59,0,0,1,1,2,20,24,6,11,61,0,0,0,61
01/06/2022,BGR,ME,ANE,EN,Combined TRACON& Tower with Radar,21,26,20,13,80,0,0,11,22,33,21,26,31,35,113,12,8,20,133
01/07/2022,BGR,ME,ANE,EN,Combined TRACON& Tower with Radar,15,10,9,2,36,0,0,0,0,0,15,10,9,2,36,0,0,0,36
01/08/2022,BGR,ME,ANE,EN,Combined TRACON& Tower with Radar,14,18,17,13,62,0,1,11,22,34,14,19,28,35,96,4,6,10,106
01/09/2022,BGR,ME,ANE,EN,Combined TRACON& Tower with Radar,20,8,4,0,32,0,0,0,0,0,20,8,4,0,32,0,0,0,32
01/10/2022,BGR,ME,ANE,EN,Combined TRACON& Tower with Radar,20,9,5,26,60,0,1,1,3,5,20,10,6,29,65,4,0,4,69
01/11/2022,BGR,ME,ANE,EN,Combined TRACON& Tower with Radar,17,23,17,26,83,0,10,4,4,18,17,33,21,30,101,4,14,18,119
01/12/2022,BGR,ME,ANE,EN,Combined TRACON& Tower with Radar,17,22,12,24,75,0,0,0,5,5,17,22,12,29,80,6,10,16,96
01/13/2022,BGR,ME,ANE,EN,Combined TRACON& Tower with Radar,20,22,7,16,65,0,1,16,19,36,20,23,23,35,101,0,18,18,119
01/14/2022,BGR,ME,ANE,EN,Combined TRACON& Tower with Radar,17,19,7,11,54,0,0,2,3,5,17,19,9,14,59,8,0,8,67
01/15/2022,BGR,ME,ANE,EN,Combined TRACON& Tower with Radar,13,12,9,4,38,0,0,0,0,0,13,12,9,4,38,0,0,0,38
01/16/2022,BGR,ME,ANE,EN,Combined TRACON& Tower with Radar,13,10,14,4,41,0,0,7,2,9,13,10,21,6,50,18,0,18,68
01/17/2022,BGR,ME,ANE,EN,Combined TRACON& Tower with Radar,19,7,5,3,34,0,0,0,0,0,19,7,5,3,34,0,0,0,34
01/18/2022,BGR,ME,ANE,EN,Combined TRACON& Tower with Radar,18,20,5,9,52,0,0,7,2,9,18,20,12,11,61,0,0,0,61
01/19/2022,BGR,ME,ANE,EN,Combined TRACON& Tower with Radar,19,14,17,6,56,0,1,5,0,6,19,15,22,6,62,10,0,10,72
01/20/2022,BGR,ME,ANE,EN,Combined TRACON& Tower with Radar,25,22,11,21,79,0,0,10,1,11,25,22,21,22,90,0,0,0,90
01/21/2022,BGR,ME,ANE,EN,Combined TRACON& Tower with Radar,25,20,23,7,75,0,0,26,6,32,25,20,49,13,107,22,2,24,131
01/22/2022,BGR,ME,ANE,EN,Combined TRACON& Tower with Radar,15,18,10,7,50,0,0,10,0,10,15,18,20,7,60,8,0,8,68
01/23/2022,BGR,ME,ANE,EN,Combined TRACON& Tower with Radar,24,15,7,7,53,0,0,21,0,21,24,15,28,7,74,8,0,8,82
01/24/2022,BGR,ME,ANE,EN,Combined TRACON& Tower with Radar,23,16,12,34,85,0,0,19,4,23,23,16,31,38,108,22,6,28,136
01/25/2022,BGR,ME,ANE,EN,Combined TRACON& Tower with Radar,20,23,14,15,72,0,3,4,1,8,20,26,18,16,80,4,6,10,90
01/26/2022,BGR,ME,ANE,EN,Combined TRACON& Tower with Radar,19,23,10,27,79,0,2,13,10,25,19,25,23,37,104,0,12,12,116
01/27/2022,BGR,ME,ANE,EN,Combined TRACON& Tower with Radar,21,20,12,26,79,0,1,7,10,18,21,21,19,36,97,10,2,12,109
01/28/2022,BGR,ME,ANE,EN,Combined TRACON& Tower with Radar,16,17,22,7,62,0,4,10,4,18,16,21,32,11,80,12,4,16,96
01/29/2022,BGR,ME,ANE,EN,Combined TRACON& Tower with Radar,0,4,0,0,4,0,2,0,0,2,0,6,0,0,6,0,0,0,6
01/30/2022,BGR,ME,ANE,EN,Combined TRACON& Tower with Radar,15,9,7,2,33,0,3,3,0,6,15,12,10,2,39,0,0,0,39
01/31/2022,BGR,ME,ANE,EN,Combined TRACON& Tower with Radar,19,18,16,13,66,0,2,7,0,9,19,20,23,13,75,8,0,8,83
02/01/2022,BGR,ME,ANE,EN,Combined TRACON& Tower with Radar,20,15,13,18,66,0,3,13,12,28,20,18,26,30,94,12,14,26,120
02/02/2022,BGR,ME,ANE,EN,Combined TRACON& Tower with Radar,17,25,11,22,75,0,0,2,2,4,17,25,13,24,79,0,18,18,97
02/03/2022,BGR,ME,ANE,EN,Combined TRACON& Tower with Radar,16,19,7,21,63,0,0,0,0,0,16,19,7,21,63,0,0,0,63
02/04/2022,BGR,ME,ANE,EN,Combined TRACON& Tower with Radar,5,1,5,5,16,0,0,0,0,0,5,1,5,5,16,0,0,0,16
02/05/2022,BGR,ME,ANE,EN,Combined TRACON& Tower with Radar,15,17,11,15,58,0,4,2,6,12,15,21,13,21,70,0,0,0,70
02/06/2022,BGR,ME,ANE,EN,Combined TRACON& Tower with Radar,24,15,7,3,49,0,5,10,0,15,24,20,17,3,64,16,0,16,80
02/07/2022,BGR,ME,ANE,EN,Combined TRACON& Tower with Radar,16,14,14,18,62,0,1,3,3,7,16,15,17,21,69,0,0,0,69
02/08/2022,BGR,ME,ANE,EN,Combined TRACON& Tower with Radar,16,22,3,5,46,0,0,0,0,0,16,22,3,5,46,0,0,0,46
02/09/2022,BGR,ME,ANE,EN,Combined TRACON& Tower with Radar,17,24,14,26,81,0,8,17,11,36,17,32,31,37,117,4,6,10,127
02/10/2022,BGR,ME,ANE,EN,Combined TRACON& Tower with Radar,22,19,12,15,68,0,1,9,1,11,22,20,21,16,79,0,0,0,79
02/11/2022,BGR,ME,ANE,EN,Combined TRACON& Tower with Radar,18,19,18,28,83,0,7,39,6,52,18,26,57,34,135,22,0,22,157
02/12/2022,BGR,ME,ANE,EN,Combined TRACON& Tower with Radar,15,16,13,8,52,0,2,7,2,11,15,18,20,10,63,12,0,12,75
02/13/2022,BGR,ME,ANE,EN,Combined TRACON& Tower with Radar,21,13,13,8,55,0,6,1,0,7,21,19,14,8,62,16,0,16,78
02/14/2022,BGR,ME,ANE,EN,Combined TRACON& Tower with Radar,18,17,7,21,63,0,2,0,0,2,18,19,7,21,65,0,0,0,65
02/15/2022,BGR,ME,ANE,EN,Combined TRACON& Tower with Radar,13,18,16,20,67,0,3,11,5,19,13,21,27,25,86,6,4,10,96
02/16/2022,BGR,ME,ANE,EN,Combined TRACON& Tower with Radar,19,21,18,13,71,0,3,6,2,11,19,24,24,15,82,0,2,2,84
02/17/2022,BGR,ME,ANE,EN,Combined TRACON& Tower with Radar,18,24,21,9,72,0,2,13,0,15,18,26,34,9,87,0,0,0,87
02/18/2022,BGR,ME,ANE,EN,Combined TRACON& Tower with Radar,15,23,12,9,59,0,1,0,0,1,15,24,12,9,60,0,0,0,60
02/19/2022,BGR,ME,ANE,EN,Combined TRACON& Tower with Radar,17,12,12,0,41,0,0,6,0,6,17,12,18,0,47,0,0,0,47
02/20/2022,BGR,ME,ANE,EN,Combined TRACON& Tower with Radar,18,11,19,4,52,0,2,20,0,22,18,13,39,4,74,10,0,10,84
02/21/2022,BGR,ME,ANE,EN,Combined TRACON& Tower with Radar,19,22,4,1,46,0,0,25,4,29,19,22,29,5,75,10,4,14,89
02/22/2022,BGR,ME,ANE,EN,Combined TRACON& Tower with Radar,18,16,10,19,63,0,1,0,2,3,18,17,10,21,66,0,0,0,66
02/23/2022,BGR,ME,ANE,EN,Combined TRACON& Tower with Radar,23,20,8,13,64,0,2,4,1,7,23,22,12,14,71,0,0,0,71
02/24/2022,BGR,ME,ANE,EN,Combined TRACON& Tower with Radar,24,16,25,35,100,0,0,17,15,32,24,16,42,50,132,24,4,28,160
02/25/2022,BGR,ME,ANE,EN,Combined TRACON& Tower with Radar,15,15,11,3,44,0,1,0,0,1,15,16,11,3,45,0,0,0,45
02/26/2022,BGR,ME,ANE,EN,Combined TRACON& Tower with Radar,17,14,22,10,63,0,6,15,0,21,17,20,37,10,84,10,0,10,94
02/27/2022,BGR,ME,ANE,EN,Combined TRACON& Tower with Radar,18,13,9,5,45,0,0,9,0,9,18,13,18,5,54,12,0,12,66
02/28/2022,BGR,ME,ANE,EN,Combined TRACON& Tower with Radar,17,17,12,15,61,0,2,19,2,23,17,19,31,17,84,0,0,0,84
03/01/2022,BGR,ME,ANE,EN,Combined TRACON& Tower with Radar,25,22,12,27,86,0,2,1,8,11,25,24,13,35,97,0,0,0,97
03/02/2022,BGR,ME,ANE,EN,Combined TRACON& Tower with Radar,20,19,32,25,96,0,5,16,3,24,20,24,48,28,120,0,0,0,120
03/03/2022,BGR,ME,ANE,EN,Combined TRACON& Tower with Radar,18,22,22,20,82,0,1,5,20,26,18,23,27,40,108,0,0,0,108
03/04/2022,BGR,ME,ANE,EN,Combined TRACON& Tower with Radar,19,19,22,29,89,0,9,23,19,51,19,28,45,48,140,18,16,34,174
03/05/2022,BGR,ME,ANE,EN,Combined TRACON& Tower with Radar,18,13,10,30,71,0,3,18,18,39,18,16,28,48,110,8,22,30,140
03/06/2022,BGR,ME,ANE,EN,Combined TRACON& Tower with Radar,22,11,5,13,51,0,0,1,0,1,22,11,6,13,52,0,0,0,52
03/07/2022,BGR,ME,ANE,EN,Combined TRACON& Tower with Radar,24,15,6,9,54,0,0,4,1,5,24,15,10,10,59,0,0,0,59
03/08/2022,BGR,ME,ANE,EN,Combined TRACON& Tower with Radar,20,18,12,21,71,0,4,7,12,23,20,22,19,33,94,0,4,4,98
03/09/2022,BGR,ME,ANE,EN,Combined TRACON& Tower with Radar,20,28,10,14,72,0,2,16,9,27,20,30,26,23,99,4,38,42,141
03/10/2022,BGR,ME,ANE,EN,Combined TRACON& Tower with Radar,24,33,15,13,85,0,5,30,19,54,24,38,45,32,139,0,0,0,139
03/11/2022,BGR,ME,ANE,EN,Combined TRACON& Tower with Radar,18,20,15,15,68,0,3,35,6,44,18,23,50,21,112,16,0,16,128
03/12/2022,BGR,ME,ANE,EN,Combined TRACON& Tower with Radar,20,14,3,3,40,0,0,0,0,0,20,14,3,3,40,0,0,0,40
03/13/2022,BGR,ME,ANE,EN,Combined TRACON& Tower with Radar,25,11,18,5,59,0,7,2,0,9,25,18,20,5,68,0,0,0,68
03/14/2022,BGR,ME,ANE,EN,Combined TRACON& Tower with Radar,21,16,16,7,60,0,4,5,0,9,21,20,21,7,69,0,0,0,69
03/15/2022,BGR,ME,ANE,EN,Combined TRACON& Tower with Radar,18,17,16,28,79,0,1,26,21,48,18,18,42,49,127,2,2,4,131
03/16/2022,BGR,ME,ANE,EN,Combined TRACON& Tower with Radar,23,18,27,33,101,0,1,6,5,12,23,19,33,38,113,4,2,6,119
03/17/2022,BGR,ME,ANE,EN,Combined TRACON& Tower with Radar,19,19,30,8,76,0,2,0,0,2,19,21,30,8,78,0,0,0,78
03/18/2022,BGR,ME,ANE,EN,Combined TRACON& Tower with Radar,20,19,17,17,73,0,2,20,2,24,20,21,37,19,97,2,0,2,99
03/19/2022,BGR,ME,ANE,EN,Combined TRACON& Tower with Radar,20,18,12,5,55,0,0,0,0,0,20,18,12,5,55,0,0,0,55
03/20/2022,BGR,ME,ANE,EN,Combined TRACON& Tower with Radar,22,16,10,11,59,0,0,8,0,8,22,16,18,11,67,6,0,6,73
03/21/2022,BGR,ME,ANE,EN,Combined TRACON& Tower with Radar,23,21,6,21,71,0,1,13,6,20,23,22,19,27,91,0,0,0,91
03/22/2022,BGR,ME,ANE,EN,Combined TRACON& Tower with Radar,22,20,17,18,77,0,4,7,19,30,22,24,24,37,107,2,2,4,111
03/23/2022,BGR,ME,ANE,EN,Combined TRACON& Tower with Radar,21,19,17,21,78,0,9,22,9,40,21,28,39,30,118,14,12,26,144
03/24/2022,BGR,ME,ANE,EN,Combined TRACON& Tower with Radar,19,23,5,4,51,0,1,0,0,1,19,24,5,4,52,0,0,0,52
03/25/2022,BGR,ME,ANE,EN,Combined TRACON& Tower with Radar,19,20,12,23,74,0,1,5,0,6,19,21,17,23,80,0,0,0,80
03/26/2022,BGR,ME,ANE,EN,Combined TRACON& Tower with Radar,16,12,20,10,58,0,0,37,0,37,16,12,57,10,95,30,0,30,125
03/27/2022,BGR,ME,ANE,EN,Combined TRACON& Tower with Radar,22,14,21,13,70,0,0,13,0,13,22,14,34,13,83,0,0,0,83
03/28/2022,BGR,ME,ANE,EN,Combined TRACON& Tower with Radar,20,18,13,29,80,0,4,4,1,9,20,22,17,30,89,0,0,0,89
03/29/2022,BGR,ME,ANE,EN,Combined TRACON& Tower with Radar,17,22,12,18,69,0,5,11,17,33,17,27,23,35,102,0,2,2,104
03/30/2022,BGR,ME,ANE,EN,Combined TRACON& Tower with Radar,22,18,19,19,78,0,1,31,14,46,22,19,50,33,124,0,10,10,134
03/31/2022,BGR,ME,ANE,EN,Combined TRACON& Tower with Radar,21,20,4,28,73,0,0,0,0,0,21,20,4,28,73,0,0,0,73
04/01/2022,BGR,ME,ANE,EN,Combined TRACON& Tower with Radar,20,20,16,29,85,0,2,1,0,3,20,22,17,29,88,0,0,0,88
04/02/2022,BGR,ME,ANE,EN,Combined TRACON& Tower with Radar,17,14,13,7,51,0,2,10,34,46,17,16,23,41,97,0,2,2,99
04/03/2022,BGR,ME,ANE,EN,Combined TRACON& Tower with Radar,20,10,22,20,72,0,3,25,5,33,20,13,47,25,105,0,2,2,107
04/04/2022,BGR,ME,ANE,EN,Combined TRACON& Tower with Radar,22,14,12,23,71,0,2,15,1,18,22,16,27,24,89,30,0,30,119
04/05/2022,BGR,ME,ANE,EN,Combined TRACON& Tower with Radar,23,11,10,30,74,0,5,33,25,63,23,16,43,55,137,16,8,24,161
04/06/2022,BGR,ME,ANE,EN,Combined TRACON& Tower with Radar,30,25,30,18,103,0,1,26,5,32,30,26,56,23,135,14,2,16,151
04/07/2022,BGR,ME,ANE,EN,Combined TRACON& Tower with Radar,24,15,27,24,90,0,4,15,24,43,24,19,42,48,133,26,6,32,165
04/08/2022,BGR,ME,ANE,EN,Combined TRACON& Tower with Radar,32,19,11,8,70,0,0,0,0,0,32,19,11,8,70,0,0,0,70
04/09/2022,BGR,ME,ANE,EN,Combined TRACON& Tower with Radar,27,11,24,11,73,0,1,7,2,10,27,12,31,13,83,18,0,18,101
04/10/2022,BGR,ME,ANE,EN,Combined TRACON& Tower with Radar,25,8,27,21,81,0,6,16,6,28,25,14,43,27,109,16,0,16,125
04/11/2022,BGR,ME,ANE,EN,Combined TRACON& Tower with Radar,32,22,14,17,85,0,4,24,4,32,32,26,38,21,117,32,0,32,149
04/12/2022,BGR,ME,ANE,EN,Combined TRACON& Tower with Radar,37,16,31,23,107,0,1,21,1,23,37,17,52,24,130,0,0,0,130
04/13/2022,BGR,ME,ANE,EN,Combined TRACON& Tower with Radar,40,26,21,23,110,0,7,24,8,39,40,33,45,31,149,0,0,0,149
04/14/2022,BGR,ME,ANE,EN,Combined TRACON& Tower with Radar,37,13,10,10,70,0,0,0,0,0,37,13,10,10,70,0,0,0,70
04/15/2022,BGR,ME,ANE,EN,Combined TRACON& Tower with Radar,32,15,31,17,95,0,2,32,0,34,32,17,63,17,129,0,0,0,129
04/16/2022,BGR,ME,ANE,EN,Combined TRACON& Tower with Radar,37,17,19,7,80,0,0,9,0,9,37,17,28,7,89,0,0,0,89
04/17/2022,BGR,ME,ANE,EN,Combined TRACON& Tower with Radar,33,7,10,5,55,0,2,1,0,3,33,9,11,5,58,8,0,8,66
04/18/2022,BGR,ME,ANE,EN,Combined TRACON& Tower with Radar,35,5,19,26,85,0,0,33,4,37,35,5,52,30,122,0,0,0,122
04/19/2022,BGR,ME,ANE,EN,Combined TRACON& Tower with Radar,33,17,13,14,77,0,1,1,0,2,33,18,14,14,79,0,0,0,79
04/20/2022,BGR,ME,ANE,EN,Combined TRACON& Tower with Radar,32,14,13,13,72,0,0,6,3,9,32,14,19,16,81,14,8,22,103
04/21/2022,BGR,ME,ANE,EN,Combined TRACON& Tower with Radar,36,12,14,30,92,0,1,28,17,46,36,13,42,47,138,10,2,12,150
04/22/2022,BGR,ME,ANE,EN,Combined TRACON& Tower with Radar,34,26,8,16,84,0,1,5,3,9,34,27,13,19,93,0,2,2,95
04/23/2022,BGR,ME,ANE,EN,Combined TRACON& Tower with Radar,28,13,15,20,76,0,0,26,0,26,28,13,41,20,102,6,0,6,108
04/24/2022,BGR,ME,ANE,EN,Combined TRACON& Tower with Radar,34,10,28,12,84,0,2,37,1,40,34,12,65,13,124,8,6,14,138
04/25/2022,BGR,ME,ANE,EN,Combined TRACON& Tower with Radar,32,10,23,24,89,0,1,36,4,41,32,11,59,28,130,12,6,18,148
04/26/2022,BGR,ME,ANE,EN,Combined TRACON& Tower with Radar,32,12,23,29,96,0,2,3,0,5,32,14,26,29,101,6,0,6,107
04/27/2022,BGR,ME,ANE,EN,Combined TRACON& Tower with Radar,38,17,21,18,94,0,0,0,0,0,38,17,21,18,94,0,0,0,94
04/28/2022,BGR,ME,ANE,EN,Combined TRACON& Tower with Radar,40,8,14,26,88,0,0,0,2,2,40,8,14,28,90,0,0,0,90
04/29/2022,BGR,ME,ANE,EN,Combined TRACON& Tower with Radar,38,21,17,25,101,0,1,2,0,3,38,22,19,25,104,0,0,0,104
04/30/2022,BGR,ME,ANE,EN,Combined TRACON& Tower with Radar,36,16,24,12,88,0,1,14,4,19,36,17,38,16,107,0,0,0,107
05/01/2022,BGR,ME,ANE,EN,Combined TRACON& Tower with Radar,33,9,17,15,74,0,2,12,0,14,33,11,29,15,88,0,0,0,88
05/02/2022,BGR,ME,ANE,EN,Combined TRACON& Tower with Radar,34,10,15,16,75,0,0,25,3,28,34,10,40,19,103,16,12,28,131
05/03/2022,BGR,ME,ANE,EN,Combined TRACON& Tower with Radar,32,12,17,41,102,0,2,20,24,46,32,14,37,65,148,22,10,32,180
05/04/2022,BGR,ME,ANE,EN,Combined TRACON& Tower with Radar,35,14,13,9,71,0,0,0,0,0,35,14,13,9,71,0,0,0,71
05/05/2022,BGR,ME,ANE,EN,Combined TRACON& Tower with Radar,31,19,11,19,80,0,3,23,15,41,31,22,34,34,121,0,0,0,121
05/06/2022,BGR,ME,ANE,EN,Combined TRACON& Tower with Radar,31,15,31,17,94,0,0,27,11,38,31,15,58,28,132,0,0,0,132
05/07/2022,BGR,ME,ANE,EN,Combined TRACON& Tower with Radar,25,15,15,8,63,0,0,28,0,28,25,15,43,8,91,8,0,8,99
05/08/2022,BGR,ME,ANE,EN,Combined TRACON& Tower with Radar,37,18,18,7,80,0,0,18,8,26,37,18,36,15,106,0,0,0,106
05/09/2022,BGR,ME,ANE,EN,Combined TRACON& Tower with Radar,32,10,10,28,80,0,1,30,0,31,32,11,40,28,111,18,0,18,129
05/10/2022,BGR,ME,ANE,EN,Combined TRACON& Tower with Radar,34,13,18,28,93,0,0,28,20,48,34,13,46,48,141,12,0,12,153
05/11/2022,BGR,ME,ANE,EN,Combined TRACON& Tower with Radar,35,27,15,27,104,0,1,29,8,38,35,28,44,35,142,26,8,34,176
05/12/2022,BGR,ME,ANE,EN,Combined TRACON& Tower with Radar,32,18,29,34,113,0,4,35,12,51,32,22,64,46,164,8,0,8,172
05/13/2022,BGR,ME,ANE,EN,Combined TRACON& Tower with Radar,31,21,12,14,78,0,3,6,6,15,31,24,18,20,93,0,10,10,103
05/14/2022,BGR,ME,ANE,EN,Combined TRACON& Tower with Radar,28,17,16,18,79,0,1,13,0,14,28,18,29,18,93,4,6,10,103
05/15/2022,BGR,ME,ANE,EN,Combined TRACON& Tower with Radar,30,15,8,4,57,0,0,0,0,0,30,15,8,4,57,0,0,0,57
05/16/2022,BGR,ME,ANE,EN,Combined TRACON& Tower with Radar,30,26,20,36,112,0,1,3,0,4,30,27,23,36,116,0,0,0,116
05/17/2022,BGR,ME,ANE,EN,Combined TRACON& Tower with Radar,34,14,28,43,119,0,6,7,15,28,34,20,35,58,147,0,2,2,149
05/18/2022,BGR,ME,ANE,EN,Combined TRACON& Tower with Radar,33,16,22,33,104,0,1,7,3,11,33,17,29,36,115,6,6,12,127
05/19/2022,BGR,ME,ANE,EN,Combined TRACON& Tower with Radar,38,20,28,18,104,0,0,8,7,15,38,20,36,25,119,0,0,0,119
05/20/2022,BGR,ME,ANE,EN,Combined TRACON& Tower with Radar,30,22,30,25,107,0,1,7,1,9,30,23,37,26,116,0,0,0,116
05/21/2022,BGR,ME,ANE,EN,Combined TRACON& Tower with Radar,31,25,15,9,80,0,0,0,0,0,31,25,15,9,80,0,0,0,80
05/22/2022,BGR,ME,ANE,EN,Combined TRACON& Tower with Radar,25,21,27,8,81,0,3,6,2,11,25,24,33,10,92,22,0,22,114
05/23/2022,BGR,ME,ANE,EN,Combined TRACON& Tower with Radar,24,19,23,8,74,0,3,12,14,29,24,22,35,22,103,22,8,30,133
05/24/2022,BGR,ME,ANE,EN,Combined TRACON& Tower with Radar,24,13,31,46,114,0,3,42,14,59,24,16,73,60,173,38,14,52,225
05/25/2022,BGR,ME,ANE,EN,Combined TRACON& Tower with Radar,34,16,24,20,94,0,2,34,0,36,34,18,58,20,130,14,24,38,168
05/26/2022,BGR,ME,ANE,EN,Combined TRACON& Tower with Radar,29,14,20,25,88,0,1,16,4,21,29,15,36,29,109,0,16,16,125
05/27/2022,BGR,ME,ANE,EN,Combined TRACON& Tower with Radar,26,28,27,15,96,0,0,5,1,6,26,28,32,16,102,0,12,12,114
05/28/2022,BGR,ME,ANE,EN,Combined TRACON& Tower with Radar,31,19,20,9,79,0,0,0,0,0,31,19,20,9,79,0,0,0,79
05/29/2022,BGR,ME,ANE,EN,Combined TRACON& Tower with Radar,33,9,15,7,64,0,1,24,0,25,33,10,39,7,89,14,0,14,103
05/30/2022,BGR,ME,ANE,EN,Combined TRACON& Tower with Radar,33,11,31,10,85,0,0,21,2,23,33,11,52,12,108,22,0,22,130
05/31/2022,BGR,ME,ANE,EN,Combined TRACON& Tower with Radar,31,16,22,33,102,0,3,6,12,21,31,19,28,45,123,8,8,16,139
06/01/2022,BGR,ME,ANE,EN,Combined TRACON& Tower with Radar,37,21,31,31,120,0,2,22,4,28,37,23,53,35,148,16,26,42,190
06/02/2022,BGR,ME,ANE,EN,Combined TRACON& Tower with Radar,27,28,19,49,123,0,4,17,21,42,27,32,36,70,165,14,68,82,247
06/03/2022,BGR,ME,ANE,EN,Combined TRACON& Tower with Radar,33,25,34,21,113,0,0,6,4,10,33,25,40,25,123,18,2,20,143
06/04/2022,BGR,ME,ANE,EN,Combined TRACON& Tower with Radar,36,16,31,14,97,0,0,5,0,5,36,16,36,14,102,0,0,0,102
06/05/2022,BGR,ME,ANE,EN,Combined TRACON& Tower with Radar,37,14,30,3,84,0,3,19,4,26,37,17,49,7,110,44,0,44,154
06/06/2022,BGR,ME,ANE,EN,Combined TRACON& Tower with Radar,42,23,35,42,142,0,1,20,6,27,42,24,55,48,169,10,6,16,185
06/07/2022,BGR,ME,ANE,EN,Combined TRACON& Tower with Radar,38,18,34,45,135,0,3,16,20,39,38,21,50,65,174,10,0,10,184
06/08/2022,BGR,ME,ANE,EN,Combined TRACON& Tower with Radar,35,21,32,43,131,0,0,0,0,0,35,21,32,43,131,0,0,0,131
06/09/2022,BGR,ME,ANE,EN,Combined TRACON& Tower with Radar,40,17,17,30,104,0,0,0,0,0,40,17,17,30,104,0,4,4,108
06/10/2022,BGR,ME,ANE,EN,Combined TRACON& Tower with Radar,41,19,22,23,105,0,4,11,20,35,41,23,33,43,140,0,0,0,140
06/11/2022,BGR,ME,ANE,EN,Combined TRACON& Tower with Radar,47,22,17,6,92,0,6,22,22,50,47,28,39,28,142,24,0,24,166
06/12/2022,BGR,ME,ANE,EN,Combined TRACON& Tower with Radar,30,29,29,6,94,0,1,20,14,35,30,30,49,20,129,10,0,10,139
06/13/2022,BGR,ME,ANE,EN,Combined TRACON& Tower with Radar,33,17,36,33,119,0,0,0,0,0,33,17,36,33,119,0,0,0,119
06/14/2022,BGR,ME,ANE,EN,Combined TRACON& Tower with Radar,35,24,31,61,151,0,2,18,20,40,35,26,49,81,191,12,46,58,249
06/15/2022,BGR,ME,ANE,EN,Combined TRACON& Tower with Radar,37,18,36,42,133,0,5,40,20,65,37,23,76,62,198,6,10,16,214
06/16/2022,BGR,ME,ANE,EN,Combined TRACON& Tower with Radar,22,22,25,27,96,0,0,14,17,31,22,22,39,44,127,0,22,22,149
06/17/2022,BGR,ME,ANE,EN,Combined TRACON& Tower with Radar,29,29,33,13,104,0,1,7,0,8,29,30,40,13,112,0,0,0,112
06/18/2022,BGR,ME,ANE,EN,Combined TRACON& Tower with Radar,41,21,32,14,108,0,0,4,9,13,41,21,36,23,121,4,6,10,131
06/19/2022,BGR,ME,ANE,EN,Combined TRACON& Tower with Radar,31,14,21,15,81,0,0,0,0,0,31,14,21,15,81,0,0,0,81
06/20/2022,BGR,ME,ANE,EN,Combined TRACON& Tower with Radar,39,23,26,15,103,0,2,19,8,29,39,25,45,23,132,26,0,26,158
06/21/2022,BGR,ME,ANE,EN,Combined TRACON& Tower with Radar,35,15,18,53,121,0,3,23,10,36,35,18,41,63,157,22,36,58,215
06/22/2022,BGR,ME,ANE,EN,Combined TRACON& Tower with Radar,29,18,34,52,133,0,1,11,8,20,29,19,45,60,153,6,12,18,171
06/23/2022,BGR,ME,ANE,EN,Combined TRACON& Tower with Radar,36,34,30,38,138,0,1,15,10,26,36,35,45,48,164,2,26,28,192
06/24/2022,BGR,ME,ANE,EN,Combined TRACON& Tower with Radar,38,33,37,22,130,0,3,19,2,24,38,36,56,24,154,34,4,38,192
06/25/2022,BGR,ME,ANE,EN,Combined TRACON& Tower with Radar,44,25,27,8,104,0,3,26,0,29,44,28,53,8,133,0,0,0,133
06/26/2022,BGR,ME,ANE,EN,Combined TRACON& Tower with Radar,34,14,45,7,100,0,4,12,0,16,34,18,57,7,116,14,0,14,130
06/27/2022,BGR,ME,ANE,EN,Combined TRACON& Tower with Radar,42,16,24,31,113,0,0,3,7,10,42,16,27,38,123,0,12,12,135
06/28/2022,BGR,ME,ANE,EN,Combined TRACON& Tower with Radar,39,27,42,43,151,0,6,24,21,51,39,33,66,64,202,4,12,16,218
06/29/2022,BGR,ME,ANE,EN,Combined TRACON& Tower with Radar,40,30,30,31,131,0,7,32,11,50,40,37,62,42,181,12,0,12,193
06/30/2022,BGR,ME,ANE,EN,Combined TRACON& Tower with Radar,42,23,28,43,136,0,2,24,7,33,42,25,52,50,169,16,18,34,203
07/01/2022,BGR,ME,ANE,EN,Combined TRACON& Tower with Radar,37,19,33,15,104,0,1,7,0,8,37,20,40,15,112,12,4,16,128
07/02/2022,BGR,ME,ANE,EN,Combined TRACON& Tower with Radar,39,23,33,10,105,0,2,6,0,8,39,25,39,10,113,6,0,6,119
07/03/2022,BGR,ME,ANE,EN,Combined TRACON& Tower with Radar,32,18,22,2,74,0,6,21,0,27,32,24,43,2,101,16,0,16,117
07/04/2022,BGR,ME,ANE,EN,Combined TRACON& Tower with Radar,40,15,26,2,83,0,3,12,0,15,40,18,38,2,98,0,0,0,98
07/05/2022,BGR,ME,ANE,EN,Combined TRACON& Tower with Radar,36,18,25,43,122,0,3,13,7,23,36,21,38,50,145,2,34,36,181
07/06/2022,BGR,ME,ANE,EN,Combined TRACON& Tower with Radar,41,18,11,24,94,0,7,12,4,23,41,25,23,28,117,0,4,4,121
07/07/2022,BGR,ME,ANE,EN,Combined TRACON& Tower with Radar,39,22,35,32,128,0,10,34,22,66,39,32,69,54,194,12,0,12,206
07/08/2022,BGR,ME,ANE,EN,Combined TRACON& Tower with Radar,47,27,36,16,126,0,4,15,7,26,47,31,51,23,152,6,4,10,162
07/09/2022,BGR,ME,ANE,EN,Combined TRACON& Tower with Radar,46,14,18,1,79,0,0,16,2,18,46,14,34,3,97,10,0,10,107
07/10/2022,BGR,ME,ANE,EN,Combined TRACON& Tower with Radar,35,22,27,4,88,0,0,27,0,27,35,22,54,4,115,36,0,36,151
07/11/2022,BGR,ME,ANE,EN,Combined TRACON& Tower with Radar,35,19,25,22,101,0,0,17,3,20,35,19,42,25,121,0,0,0,121
07/12/2022,BGR,ME,ANE,EN,Combined TRACON& Tower with Radar,32,25,28,44,129,0,0,8,2,10,32,25,36,46,139,0,10,10,149
07/13/2022,BGR,ME,ANE,EN,Combined TRACON& Tower with Radar,40,21,30,20,111,0,1,25,6,32,40,22,55,26,143,8,20,28,171
07/14/2022,BGR,ME,ANE,EN,Combined TRACON& Tower with Radar,41,19,23,5,88,0,1,16,0,17,41,20,39,5,105,4,0,4,109
07/15/2022,BGR,ME,ANE,EN,Combined TRACON& Tower with Radar,42,25,33,9,109,0,2,26,12,40,42,27,59,21,149,0,0,0,149
07/16/2022,BGR,ME,ANE,EN,Combined TRACON& Tower with Radar,44,25,32,9,110,0,0,23,0,23,44,25,55,9,133,4,0,4,137
07/17/2022,BGR,ME,ANE,EN,Combined TRACON& Tower with Radar,39,19,45,5,108,0,1,18,0,19,39,20,63,5,127,12,0,12,139
07/18/2022,BGR,ME,ANE,EN,Combined TRACON& Tower with Radar,32,17,37,18,104,0,0,14,0,14,32,17,51,18,118,0,0,0,118
07/19/2022,BGR,ME,ANE,EN,Combined TRACON& Tower with Radar,37,23,40,29,129,0,1,9,12,22,37,24,49,41,151,0,2,2,153
07/20/2022,BGR,ME,ANE,EN,Combined TRACON& Tower with Radar,39,14,24,36,113,0,6,29,8,43,39,20,53,44,156,8,2,10,166
07/21/2022,BGR,ME,ANE,EN,Combined TRACON& Tower with Radar,34,17,28,26,105,0,2,3,7,12,34,19,31,33,117,12,2,14,131
07/22/2022,BGR,ME,ANE,EN,Combined TRACON& Tower with Radar,40,25,37,30,132,0,2,23,6,31,40,27,60,36,163,4,8,12,175
07/23/2022,BGR,ME,ANE,EN,Combined TRACON& Tower with Radar,43,25,42,7,117,0,3,19,0,22,43,28,61,7,139,0,0,0,139
07/24/2022,BGR,ME,ANE,EN,Combined TRACON& Tower with Radar,31,17,31,6,85,0,6,25,0,31,31,23,56,6,116,36,0,36,152
07/25/2022,BGR,ME,ANE,EN,Combined TRACON& Tower with Radar,35,16,7,19,77,0,5,11,0,16,35,21,18,19,93,22,6,28,121
07/26/2022,BGR,ME,ANE,EN,Combined TRACON& Tower with Radar,29,24,31,29,113,0,10,38,20,68,29,34,69,49,181,18,6,24,205
07/27/2022,BGR,ME,ANE,EN,Combined TRACON& Tower with Radar,37,19,14,27,97,0,3,35,5,43,37,22,49,32,140,14,18,32,172
07/28/2022,BGR,ME,ANE,EN,Combined TRACON& Tower with Radar,34,12,38,29,113,0,2,15,7,24,34,14,53,36,137,0,0,0,137
07/29/2022,BGR,ME,ANE,EN,Combined TRACON& Tower with Radar,38,30,25,19,112,0,0,10,7,17,38,30,35,26,129,4,0,4,133
07/30/2022,BGR,ME,ANE,EN,Combined TRACON& Tower with Radar,42,20,36,1,99,0,1,17,1,19,42,21,53,2,118,0,0,0,118
07/31/2022,BGR,ME,ANE,EN,Combined TRACON& Tower with Radar,40,27,54,2,123,0,2,27,0,29,40,29,81,2,152,0,0,0,152
08/01/2022,BGR,ME,ANE,EN,Combined TRACON& Tower with Radar,39,14,25,30,108,0,0,21,0,21,39,14,46,30,129,0,6,6,135
08/02/2022,BGR,ME,ANE,EN,Combined TRACON& Tower with Radar,39,24,20,26,109,0,1,7,9,17,39,25,27,35,126,0,14,14,140
08/03/2022,BGR,ME,ANE,EN,Combined TRACON& Tower with Radar,40,9,8,13,70,0,1,39,6,46,40,10,47,19,116,32,0,32,148
08/04/2022,BGR,ME,ANE,EN,Combined TRACON& Tower with Radar,35,21,24,33,113,0,2,23,16,41,35,23,47,49,154,16,0,16,170
08/05/2022,BGR,ME,ANE,EN,Combined TRACON& Tower with Radar,35,18,35,11,99,0,1,14,5,20,35,19,49,16,119,8,0,8,127
08/06/2022,BGR,ME,ANE,EN,Combined TRACON& Tower with Radar,39,12,27,11,89,0,1,25,10,36,39,13,52,21,125,18,0,18,143
08/07/2022,BGR,ME,ANE,EN,Combined TRACON& Tower with Radar,36,23,31,15,105,0,1,9,10,20,36,24,40,25,125,4,4,8,133
08/08/2022,BGR,ME,ANE,EN,Combined TRACON& Tower with Radar,37,17,19,35,108,0,1,2,0,3,37,18,21,35,111,0,0,0,111
08/09/2022,BGR,ME,ANE,EN,Combined TRACON& Tower with Radar,36,25,19,15,95,0,0,0,0,0,36,25,19,15,95,0,0,0,95
08/10/2022,BGR,ME,ANE,EN,Combined TRACON& Tower with Radar,37,16,24,35,112,0,1,8,5,14,37,17,32,40,126,0,20,20,146
08/11/2022,BGR,ME,ANE,EN,Combined TRACON& Tower with Radar,43,16,26,47,132,0,4,16,12,32,43,20,42,59,164,4,2,6,170
08/12/2022,BGR,ME,ANE,EN,Combined TRACON& Tower with Radar,41,19,22,11,93,0,2,14,3,19,41,21,36,14,112,6,4,10,122
08/13/2022,BGR,ME,ANE,EN,Combined TRACON& Tower with Radar,43,16,23,2,84,0,2,21,2,25,43,18,44,4,109,18,0,18,127
08/14/2022,BGR,ME,ANE,EN,Combined TRACON& Tower with Radar,35,12,32,5,84,0,1,17,0,18,35,13,49,5,102,12,0,12,114
08/15/2022,BGR,ME,ANE,EN,Combined TRACON& Tower with Radar,37,24,20,24,105,0,0,17,0,17,37,24,37,24,122,0,12,12,134
08/16/2022,BGR,ME,ANE,EN,Combined TRACON& Tower with Radar,37,19,28,29,113,0,0,16,17,33,37,19,44,46,146,0,4,4,150
08/17/2022,BGR,ME,ANE,EN,Combined TRACON& Tower with Radar,37,20,15,11,83,0,1,2,0,3,37,21,17,11,86,0,0,0,86
08/18/2022,BGR,ME,ANE,EN,Combined TRACON& Tower with Radar,40,19,25,39,123,0,0,2,0,2,40,19,27,39,125,0,0,0,125
08/19/2022,BGR,ME,ANE,EN,Combined TRACON& Tower with Radar,44,15,28,16,103,0,2,30,14,46,44,17,58,30,149,24,14,38,187
08/20/2022,BGR,ME,ANE,EN,Combined TRACON& Tower with Radar,39,17,38,6,100,0,3,12,2,17,39,20,50,8,117,10,0,10,127
08/21/2022,BGR,ME,ANE,EN,Combined TRACON& Tower with Radar,37,13,24,7,81,0,0,29,7,36,37,13,53,14,117,4,6,10,127
08/22/2022,BGR,ME,ANE,EN,Combined TRACON& Tower with Radar,30,7,29,41,107,0,0,13,4,17,30,7,42,45,124,26,26,52,176
08/23/2022,BGR,ME,ANE,EN,Combined TRACON& Tower with Radar,37,27,21,45,130,0,1,0,0,1,37,28,21,45,131,0,0,0,131
08/24/2022,BGR,ME,ANE,EN,Combined TRACON& Tower with Radar,36,23,29,53,141,0,2,6,17,25,36,25,35,70,166,0,20,20,186
08/25/2022,BGR,ME,ANE,EN,Combined TRACON& Tower with Radar,37,12,24,31,104,0,5,23,19,47,37,17,47,50,151,4,24,28,179
08/26/2022,BGR,ME,ANE,EN,Combined TRACON& Tower with Radar,39,27,41,22,129,0,1,3,0,4,39,28,44,22,133,12,0,12,145
08/27/2022,BGR,ME,ANE,EN,Combined TRACON& Tower with Radar,39,15,18,11,83,0,1,19,0,20,39,16,37,11,103,0,0,0,103
08/28/2022,BGR,ME,ANE,EN,Combined TRACON& Tower with Radar,32,7,21,8,68,0,0,22,0,22,32,7,43,8,90,0,0,0,90
08/29/2022,BGR,ME,ANE,EN,Combined TRACON& Tower with Radar,37,9,26,23,95,0,0,12,1,13,37,9,38,24,108,0,0,0,108
08/30/2022,BGR,ME,ANE,EN,Combined TRACON& Tower with Radar,33,13,21,30,97,0,3,18,8,29,33,16,39,38,126,2,10,12,138
08/31/2022,BGR,ME,ANE,EN,Combined TRACON& Tower with Radar,40,24,20,31,115,0,1,0,8,9,40,25,20,39,124,16,4,20,144
09/01/2022,BGR,ME,ANE,EN,Combined TRACON& Tower with Radar,38,31,43,41,153,0,5,18,20,43,38,36,61,61,196,0,4,4,200
09/02/2022,BGR,ME,ANE,EN,Combined TRACON& Tower with Radar,41,27,26,5,99,0,1,35,0,36,41,28,61,5,135,10,0,10,145
09/03/2022,BGR,ME,ANE,EN,Combined TRACON& Tower with Radar,36,20,16,8,80,0,0,12,0,12,36,20,28,8,92,0,0,0,92
09/04/2022,BGR,ME,ANE,EN,Combined TRACON& Tower with Radar,41,10,24,3,78,0,3,18,0,21,41,13,42,3,99,8,0,8,107
09/05/2022,BGR,ME,ANE,EN,Combined TRACON& Tower with Radar,39,18,21,0,78,0,2,2,0,4,39,20,23,0,82,0,0,0,82
09/06/2022,BGR,ME,ANE,EN,Combined TRACON& Tower with Radar,35,13,24,41,113,0,1,15,10,26,35,14,39,51,139,0,0,0,139
09/07/2022,BGR,ME,ANE,EN,Combined TRACON& Tower with Radar,40,21,29,37,127,0,1,33,8,42,40,22,62,45,169,26,2,28,197
09/08/2022,BGR,ME,ANE,EN,Combined TRACON& Tower with Radar,34,18,26,36,114,0,3,34,13,50,34,21,60,49,164,10,0,10,174
09/09/2022,BGR,ME,ANE,EN,Combined TRACON& Tower with Radar,41,28,16,15,100,0,0,42,13,55,41,28,58,28,155,0,0,0,155
09/10/2022,BGR,ME,ANE,EN,Combined TRACON& Tower with Radar,28,21,20,20,89,0,4,15,17,36,28,25,35,37,125,4,12,16,141
09/11/2022,BGR,ME,ANE,EN,Combined TRACON& Tower with Radar,33,20,38,15,106,0,7,25,5,37,33,27,63,20,143,18,0,18,161
09/12/2022,BGR,ME,ANE,EN,Combined TRACON& Tower with Radar,36,14,17,36,103,0,2,22,0,24,36,16,39,36,127,16,26,42,169
09/13/2022,BGR,ME,ANE,EN,Combined TRACON& Tower with Radar,42,19,29,36,126,0,1,3,6,10,42,20,32,42,136,0,0,0,136
09/14/2022,BGR,ME,ANE,EN,Combined TRACON& Tower with Radar,37,23,24,31,115,0,0,16,8,24,37,23,40,39,139,12,6,18,157
09/15/2022,BGR,ME,ANE,EN,Combined TRACON& Tower with Radar,44,20,33,37,134,0,5,10,16,31,44,25,43,53,165,0,0,0,165
09/16/2022,BGR,ME,ANE,EN,Combined TRACON& Tower with Radar,42,16,38,6,102,0,0,9,6,15,42,16,47,12,117,0,0,0,117
09/17/2022,BGR,ME,ANE,EN,Combined TRACON& Tower with Radar,33,13,35,6,87,0,2,38,4,44,33,15,73,10,131,4,0,4,135
09/18/2022,BGR,ME,ANE,EN,Combined TRACON& Tower with Radar,36,14,49,4,103,0,0,0,0,0,36,14,49,4,103,0,0,0,103
09/19/2022,BGR,ME,ANE,EN,Combined TRACON& Tower with Radar,35,14,32,26,107,0,2,7,2,11,35,16,39,28,118,0,4,4,122
09/20/2022,BGR,ME,ANE,EN,Combined TRACON& Tower with Radar,37,22,36,21,116,0,0,0,0,0,37,22,36,21,116,0,0,0,116
09/21/2022,BGR,ME,ANE,EN,Combined TRACON& Tower with Radar,39,16,38,28,121,0,2,20,3,25,39,18,58,31,146,24,0,24,170
09/22/2022,BGR,ME,ANE,EN,Combined TRACON& Tower with Radar,41,10,15,15,81,0,0,0,0,0,41,10,15,15,81,0,0,0,81
09/23/2022,BGR,ME,ANE,EN,Combined TRACON& Tower with Radar,40,17,15,12,84,0,3,7,13,23,40,20,22,25,107,0,0,0,107
09/24/2022,BGR,ME,ANE,EN,Combined TRACON& Tower with Radar,31,16,10,4,61,0,3,1,0,4,31,19,11,4,65,0,0,0,65
09/25/2022,BGR,ME,ANE,EN,Combined TRACON& Tower with Radar,38,17,29,8,92,0,0,26,0,26,38,17,55,8,118,22,0,22,140
09/26/2022,BGR,ME,ANE,EN,Combined TRACON& Tower with Radar,37,24,21,39,121,0,0,4,0,4,37,24,25,39,125,0,12,12,137
09/27/2022,BGR,ME,ANE,EN,Combined TRACON& Tower with Radar,39,23,38,22,122,0,1,13,12,26,39,24,51,34,148,0,4,4,152
09/28/2022,BGR,ME,ANE,EN,Combined TRACON& Tower with Radar,39,20,27,13,99,0,0,11,6,17,39,20,38,19,116,0,0,0,116
09/29/2022,BGR,ME,ANE,EN,Combined TRACON& Tower with Radar,39,18,21,12,90,0,0,23,16,39,39,18,44,28,129,26,0,26,155
09/30/2022,BGR,ME,ANE,EN,Combined TRACON& Tower with Radar,40,21,44,11,116,0,1,24,2,27,40,22,68,13,143,0,0,0,143
10/01/2022,BGR,ME,ANE,EN,Combined TRACON& Tower with Radar,32,18,22,9,81,0,2,31,0,33,32,20,53,9,114,36,0,36,150
10/02/2022,BGR,ME,ANE,EN,Combined TRACON& Tower with Radar,36,20,30,2,88,0,0,10,0,10,36,20,40,2,98,2,0,2,100
10/03/2022,BGR,ME,ANE,EN,Combined TRACON& Tower with Radar,39,16,18,25,98,0,0,15,1,16,39,16,33,26,114,4,6,10,124
10/04/2022,BGR,ME,ANE,EN,Combined TRACON& Tower with Radar,34,18,16,39,107,0,0,19,12,31,34,18,35,51,138,0,0,0,138
10/05/2022,BGR,ME,ANE,EN,Combined TRACON& Tower with Radar,40,17,30,15,102,0,4,18,9,31,40,21,48,24,133,0,0,0,133
10/06/2022,BGR,ME,ANE,EN,Combined TRACON& Tower with Radar,35,17,20,38,110,0,8,16,16,40,35,25,36,54,150,14,4,18,168
10/07/2022,BGR,ME,ANE,EN,Combined TRACON& Tower with Radar,36,17,30,9,92,0,5,10,2,17,36,22,40,11,109,0,0,0,109
10/08/2022,BGR,ME,ANE,EN,Combined TRACON& Tower with Radar,29,23,19,10,81,0,3,17,0,20,29,26,36,10,101,6,0,6,107
10/09/2022,BGR,ME,ANE,EN,Combined TRACON& Tower with Radar,26,19,24,6,75,0,1,11,0,12,26,20,35,6,87,14,0,14,101
10/10/2022,BGR,ME,ANE,EN,Combined TRACON& Tower with Radar,29,29,28,5,91,0,2,13,0,15,29,31,41,5,106,22,0,22,128
10/11/2022,BGR,ME,ANE,EN,Combined TRACON& Tower with Radar,28,22,38,21,109,0,1,6,2,9,28,23,44,23,118,44,8,52,170
10/12/2022,BGR,ME,ANE,EN,Combined TRACON& Tower with Radar,29,29,26,35,119,0,2,27,9,38,29,31,53,44,157,42,4,46,203
10/13/2022,BGR,ME,ANE,EN,Combined TRACON& Tower with Radar,30,19,14,19,82,0,1,6,5,12,30,20,20,24,94,8,24,32,126
10/14/2022,BGR,ME,ANE,EN,Combined TRACON& Tower with Radar,33,20,8,2,63,0,0,0,0,0,33,20,8,2,63,0,0,0,63
10/15/2022,BGR,ME,ANE,EN,Combined TRACON& Tower with Radar,30,26,14,3,73,0,1,10,0,11,30,27,24,3,84,18,0,18,102
10/16/2022,BGR,ME,ANE,EN,Combined TRACON& Tower with Radar,23,19,10,13,65,0,0,25,9,34,23,19,35,22,99,6,0,6,105
10/17/2022,BGR,ME,ANE,EN,Combined TRACON& Tower with Radar,32,19,15,41,107,0,2,0,4,6,32,21,15,45,113,0,4,4,117
10/18/2022,BGR,ME,ANE,EN,Combined TRACON& Tower with Radar,33,18,11,11,73,0,0,0,0,0,33,18,11,11,73,0,0,0,73
10/19/2022,BGR,ME,ANE,EN,Combined TRACON& Tower with Radar,31,19,32,31,113,0,0,26,3,29,31,19,58,34,142,26,20,46,188
10/20/2022,BGR,ME,ANE,EN,Combined TRACON& Tower with Radar,31,21,21,47,120,0,2,15,22,39,31,23,36,69,159,10,18,28,187
10/21/2022,BGR,ME,ANE,EN,Combined TRACON& Tower with Radar,33,15,17,22,87,0,0,28,6,34,33,15,45,28,121,8,4,12,133
10/22/2022,BGR,ME,ANE,EN,Combined TRACON& Tower with Radar,28,20,21,6,75,0,5,30,0,35,28,25,51,6,110,4,0,4,114
10/23/2022,BGR,ME,ANE,EN,Combined TRACON& Tower with Radar,25,8,22,10,65,0,2,21,0,23,25,10,43,10,88,4,0,4,92
10/24/2022,BGR,ME,ANE,EN,Combined TRACON& Tower with Radar,30,24,28,10,92,1,2,0,0,3,31,26,28,10,95,0,0,0,95
10/25/2022,BGR,ME,ANE,EN,Combined TRACON& Tower with Radar,24,26,16,10,76,0,0,0,0,0,24,26,16,10,76,0,0,0,76
10/26/2022,BGR,ME,ANE,EN,Combined TRACON& Tower with Radar,29,19,14,9,71,0,0,0,0,0,29,19,14,9,71,0,0,0,71
10/27/2022,BGR,ME,ANE,EN,Combined TRACON& Tower with Radar,30,16,14,41,101,0,0,26,17,43,30,16,40,58,144,8,22,30,174
10/28/2022,BGR,ME,ANE,EN,Combined TRACON& Tower with Radar,33,22,23,16,94,0,3,26,4,33,33,25,49,20,127,0,4,4,131
10/29/2022,BGR,ME,ANE,EN,Combined TRACON& Tower with Radar,27,18,17,3,65,0,3,29,0,32,27,21,46,3,97,32,0,32,129
10/30/2022,BGR,ME,ANE,EN,Combined TRACON& Tower with Radar,27,23,17,3,70,0,0,24,1,25,27,23,41,4,95,6,0,6,101
10/31/2022,BGR,ME,ANE,EN,Combined TRACON& Tower with Radar,28,16,19,30,93,0,1,16,0,17,28,17,35,30,110,10,0,10,120
11/01/2022,BGR,ME,ANE,EN,Combined TRACON& Tower with Radar,26,19,11,31,87,0,2,11,10,23,26,21,22,41,110,8,0,8,118
11/02/2022,BGR,ME,ANE,EN,Combined TRACON& Tower with Radar,26,16,17,16,75,0,2,31,3,36,26,18,48,19,111,14,0,14,125
11/03/2022,BGR,ME,ANE,EN,Combined TRACON& Tower with Radar,26,23,27,28,104,0,2,31,3,36,26,25,58,31,140,4,6,10,150
11/04/2022,BGR,ME,ANE,EN,Combined TRACON& Tower with Radar,19,19,13,5,56,0,2,18,14,34,19,21,31,19,90,0,0,0,90
11/05/2022,BGR,ME,ANE,EN,Combined TRACON& Tower with Radar,17,25,6,0,48,0,1,14,16,31,17,26,20,16,79,8,0,8,87
11/06/2022,BGR,ME,ANE,EN,Combined TRACON& Tower with Radar,22,18,19,7,66,0,2,2,3,7,22,20,21,10,73,0,16,16,89
11/07/2022,BGR,ME,ANE,EN,Combined TRACON& Tower with Radar,24,25,11,8,68,0,1,3,0,4,24,26,14,8,72,0,0,0,72
11/08/2022,BGR,ME,ANE,EN,Combined TRACON& Tower with Radar,23,19,13,20,75,0,1,5,11,17,23,20,18,31,92,0,6,6,98
11/09/2022,BGR,ME,ANE,EN,Combined TRACON& Tower with Radar,24,17,19,23,83,0,0,24,7,31,24,17,43,30,114,6,10,16,130
11/10/2022,BGR,ME,ANE,EN,Combined TRACON& Tower with Radar,24,22,26,19,91,0,0,17,0,17,24,22,43,19,108,18,6,24,132
11/11/2022,BGR,ME,ANE,EN,Combined TRACON& Tower with Radar,23,22,11,14,70,0,1,9,0,10,23,23,20,14,80,0,0,0,80
11/12/2022,BGR,ME,ANE,EN,Combined TRACON& Tower with Radar,19,14,11,2,46,0,2,0,0,2,19,16,11,2,48,0,0,0,48
11/13/2022,BGR,ME,ANE,EN,Combined TRACON& Tower with Radar,18,14,11,2,45,0,0,0,0,0,18,14,11,2,45,0,0,0,45
11/14/2022,BGR,ME,ANE,EN,Combined TRACON& Tower with Radar,24,17,13,21,75,0,2,12,0,14,24,19,25,21,89,0,18,18,107
11/15/2022,BGR,ME,ANE,EN,Combined TRACON& Tower with Radar,24,22,20,43,109,0,0,18,14,32,24,22,38,57,141,0,8,8,149
11/16/2022,BGR,ME,ANE,EN,Combined TRACON& Tower with Radar,24,14,12,9,59,0,0,0,0,0,24,14,12,9,59,0,0,0,59
11/17/2022,BGR,ME,ANE,EN,Combined TRACON& Tower with Radar,26,24,22,25,97,0,3,16,13,32,26,27,38,38,129,0,4,4,133
11/18/2022,BGR,ME,ANE,EN,Combined TRACON& Tower with Radar,22,26,23,1,72,0,3,17,9,29,22,29,40,10,101,6,4,10,111
11/19/2022,BGR,ME,ANE,EN,Combined TRACON& Tower with Radar,16,20,34,5,75,0,0,33,2,35,16,20,67,7,110,14,0,14,124
11/20/2022,BGR,ME,ANE,EN,Combined TRACON& Tower with Radar,23,18,17,8,66,0,2,11,2,15,23,20,28,10,81,6,4,10,91
11/21/2022,BGR,ME,ANE,EN,Combined TRACON& Tower with Radar,20,23,17,22,82,0,0,14,0,14,20,23,31,22,96,0,0,0,96
11/22/2022,BGR,ME,ANE,EN,Combined TRACON& Tower with Radar,27,14,12,24,77,0,0,12,0,12,27,14,24,24,89,0,16,16,105
11/23/2022,BGR,ME,ANE,EN,Combined TRACON& Tower with Radar,22,21,24,37,104,0,0,17,2,19,22,21,41,39,123,4,12,16,139
11/24/2022,BGR,ME,ANE,EN,Combined TRACON& Tower with Radar,13,5,12,3,33,0,2,15,0,17,13,7,27,3,50,0,0,0,50
11/25/2022,BGR,ME,ANE,EN,Combined TRACON& Tower with Radar,14,12,11,3,40,0,1,0,0,1,14,13,11,3,41,4,0,4,45
11/26/2022,BGR,ME,ANE,EN,Combined TRACON& Tower with Radar,20,26,11,3,60,0,3,6,0,9,20,29,17,3,69,6,0,6,75
11/27/2022,BGR,ME,ANE,EN,Combined TRACON& Tower with Radar,16,5,9,2,32,0,5,11,0,16,16,10,20,2,48,12,0,12,60
11/28/2022,BGR,ME,ANE,EN,Combined TRACON& Tower with Radar,25,25,5,16,71,0,0,0,6,6,25,25,5,22,77,0,0,0,77
11/29/2022,BGR,ME,ANE,EN,Combined TRACON& Tower with Radar,23,17,7,37,84,0,3,18,12,33,23,20,25,49,117,2,14,16,133
11/30/2022,BGR,ME,ANE,EN,Combined TRACON& Tower with Radar,20,8,15,20,63,0,0,2,0,2,20,8,17,20,65,0,0,0,65
12/01/2022,BGR,ME,ANE,EN,Combined TRACON& Tower with Radar,28,22,14,10,74,0,8,9,11,28,28,30,23,21,102,0,0,0,102
12/02/2022,BGR,ME,ANE,EN,Combined TRACON& Tower with Radar,29,15,12,26,82,0,1,28,12,41,29,16,40,38,123,24,0,24,147
12/03/2022,BGR,ME,ANE,EN,Combined TRACON& Tower with Radar,18,18,7,15,58,0,3,0,4,7,18,21,7,19,65,0,0,0,65
12/04/2022,BGR,ME,ANE,EN,Combined TRACON& Tower with Radar,23,12,19,14,68,0,5,16,2,23,23,17,35,16,91,4,0,4,95
12/05/2022,BGR,ME,ANE,EN,Combined TRACON& Tower with Radar,27,9,14,23,73,0,6,21,0,27,27,15,35,23,100,0,0,0,100
12/06/2022,BGR,ME,ANE,EN,Combined TRACON& Tower with Radar,27,12,23,32,94,0,3,5,13,21,27,15,28,45,115,0,2,2,117
12/07/2022,BGR,ME,ANE,EN,Combined TRACON& Tower with Radar,27,9,15,8,59,0,0,0,0,0,27,9,15,8,59,0,0,0,59
12/08/2022,BGR,ME,ANE,EN,Combined TRACON& Tower with Radar,32,8,15,22,77,0,6,9,15,30,32,14,24,37,107,12,4,16,123
12/09/2022,BGR,ME,ANE,EN,Combined TRACON& Tower with Radar,30,10,28,12,80,0,1,0,8,9,30,11,28,20,89,0,0,0,89
12/10/2022,BGR,ME,ANE,EN,Combined TRACON& Tower with Radar,24,16,17,3,60,0,1,11,0,12,24,17,28,3,72,10,0,10,82
12/11/2022,BGR,ME,ANE,EN,Combined TRACON& Tower with Radar,25,10,23,9,67,0,1,8,0,9,25,11,31,9,76,22,0,22,98
12/12/2022,BGR,ME,ANE,EN,Combined TRACON& Tower with Radar,26,16,16,31,89,0,3,11,6,20,26,19,27,37,109,14,0,14,123
12/13/2022,BGR,ME,ANE,EN,Combined TRACON& Tower with Radar,28,9,16,31,84,0,0,13,0,13,28,9,29,31,97,6,12,18,115
12/14/2022,BGR,ME,ANE,EN,Combined TRACON& Tower with Radar,26,6,15,32,79,0,2,0,0,2,26,8,15,32,81,0,2,2,83
12/15/2022,BGR,ME,ANE,EN,Combined TRACON& Tower with Radar,28,15,12,37,92,0,0,0,1,1,28,15,12,38,93,4,0,4,97
12/16/2022,BGR,ME,ANE,EN,Combined TRACON& Tower with Radar,25,16,8,4,53,0,0,0,0,0,25,16,8,4,53,0,0,0,53
12/17/2022,BGR,ME,ANE,EN,Combined TRACON& Tower with Radar,18,18,9,2,47,0,0,0,0,0,18,18,9,2,47,0,0,0,47
12/18/2022,BGR,ME,ANE,EN,Combined TRACON& Tower with Radar,25,13,6,2,46,0,0,0,0,0,25,13,6,2,46,0,0,0,46
12/19/2022,BGR,ME,ANE,EN,Combined TRACON& Tower with Radar,24,10,11,12,57,0,4,6,0,10,24,14,17,12,67,0,0,0,67
12/20/2022,BGR,ME,ANE,EN,Combined TRACON& Tower with Radar,25,21,26,6,78,0,4,13,12,29,25,25,39,18,107,0,0,0,107
12/21/2022,BGR,ME,ANE,EN,Combined TRACON& Tower with Radar,29,22,27,21,99,0,0,21,8,29,29,22,48,29,128,6,0,6,134
12/22/2022,BGR,ME,ANE,EN,Combined TRACON& Tower with Radar,21,22,17,31,91,0,2,20,10,32,21,24,37,41,123,0,8,8,131
12/23/2022,BGR,ME,ANE,EN,Combined TRACON& Tower with Radar,11,3,2,0,16,0,0,0,0,0,11,3,2,0,16,0,0,0,16
12/24/2022,BGR,ME,ANE,EN,Combined TRACON& Tower with Radar,14,24,13,0,51,0,3,1,0,4,14,27,14,0,55,0,0,0,55
12/25/2022,BGR,ME,ANE,EN,Combined TRACON& Tower with Radar,14,9,4,0,27,0,6,0,0,6,14,15,4,0,33,0,0,0,33
12/26/2022,BGR,ME,ANE,EN,Combined TRACON& Tower with Radar,14,9,4,0,27,0,3,6,0,9,14,12,10,0,36,0,0,0,36
12/27/2022,BGR,ME,ANE,EN,Combined TRACON& Tower with Radar,21,12,16,35,84,0,6,7,1,14,21,18,23,36,98,6,24,30,128
12/28/2022,BGR,ME,ANE,EN,Combined TRACON& Tower with Radar,21,20,15,23,79,0,3,8,1,12,21,23,23,24,91,4,0,4,95
12/29/2022,BGR,ME,ANE,EN,Combined TRACON& Tower with Radar,18,25,12,35,90,0,2,23,0,25,18,27,35,35,115,24,0,24,139
12/30/2022,BGR,ME,ANE,EN,Combined TRACON& Tower with Radar,24,26,16,25,91,0,0,20,0,20,24,26,36,25,111,0,6,6,117
12/31/2022,BGR,ME,ANE,EN,Combined TRACON& Tower with Radar,16,13,5,8,42,0,1,15,0,16,16,14,20,8,58,6,0,6,64
01/01/2023,BGR,ME,ANE,EN,Combined TRACON& Tower with Radar,16,13,8,6,43,0,0,0,0,0,16,13,8,6,43,4,0,4,47
01/02/2023,BGR,ME,ANE,EN,Combined TRACON& Tower with Radar,19,15,12,1,47,0,0,20,0,20,19,15,32,1,67,32,0,32,99
01/03/2023,BGR,ME,ANE,EN,Combined TRACON& Tower with Radar,26,9,11,25,71,0,0,5,0,5,26,9,16,25,76,0,0,0,76
01/04/2023,BGR,ME,ANE,EN,Combined TRACON& Tower with Radar,16,11,7,39,73,0,1,0,5,6,16,12,7,44,79,0,0,0,79
01/05/2023,BGR,ME,ANE,EN,Combined TRACON& Tower with Radar,20,13,7,0,40,0,0,0,0,0,20,13,7,0,40,0,0,0,40
01/06/2023,BGR,ME,ANE,EN,Combined TRACON& Tower with Radar,18,13,8,0,39,0,0,0,0,0,18,13,8,0,39,0,0,0,39
01/07/2023,BGR,ME,ANE,EN,Combined TRACON& Tower with Radar,14,21,12,16,63,0,0,6,20,26,14,21,18,36,89,18,0,18,107
01/08/2023,BGR,ME,ANE,EN,Combined TRACON& Tower with Radar,21,14,17,9,61,0,0,19,2,21,21,14,36,11,82,12,0,12,94
01/09/2023,BGR,ME,ANE,EN,Combined TRACON& Tower with Radar,24,11,11,17,63,0,0,11,8,19,24,11,22,25,82,6,16,22,104
01/10/2023,BGR,ME,ANE,EN,Combined TRACON& Tower with Radar,22,19,12,20,73,0,2,12,16,30,22,21,24,36,103,20,14,34,137
01/11/2023,BGR,ME,ANE,EN,Combined TRACON& Tower with Radar,20,22,13,24,79,0,9,24,18,51,20,31,37,42,130,16,0,16,146
01/12/2023,BGR,ME,ANE,EN,Combined TRACON& Tower with Radar,24,13,9,20,66,0,0,2,5,7,24,13,11,25,73,6,4,10,83
01/13/2023,BGR,ME,ANE,EN,Combined TRACON& Tower with Radar,25,18,11,2,56,0,0,0,0,0,25,18,11,2,56,0,0,0,56
01/14/2023,BGR,ME,ANE,EN,Combined TRACON& Tower with Radar,16,22,3,10,51,0,0,1,0,1,16,22,4,10,52,0,0,0,52
01/15/2023,BGR,ME,ANE,EN,Combined TRACON& Tower with Radar,17,6,5,4,32,0,2,2,0,4,17,8,7,4,36,0,0,0,36
01/16/2023,BGR,ME,ANE,EN,Combined TRACON& Tower with Radar,0,3,18,0,21,0,0,16,0,16,0,3,34,0,37,0,0,0,37
01/17/2023,BGR,ME,ANE,EN,Combined TRACON& Tower with Radar,24,26,8,6,64,0,2,8,0,10,24,28,16,6,74,2,0,2,76
01/18/2023,BGR,ME,ANE,EN,Combined TRACON& Tower with Radar,22,15,24,27,88,0,4,13,9,26,22,19,37,36,114,28,6,34,148
01/19/2023,BGR,ME,ANE,EN,Combined TRACON& Tower with Radar,26,16,20,34,96,0,0,12,11,23,26,16,32,45,119,0,0,0,119
01/20/2023,BGR,ME,ANE,EN,Combined TRACON& Tower with Radar,28,24,9,2,63,0,0,0,0,0,28,24,9,2,63,0,0,0,63
01/21/2023,BGR,ME,ANE,EN,Combined TRACON& Tower with Radar,14,21,9,3,47,0,5,11,9,25,14,26,20,12,72,38,0,38,110
01/22/2023,BGR,ME,ANE,EN,Combined TRACON& Tower with Radar,17,13,19,9,58,0,2,4,0,6,17,15,23,9,64,0,0,0,64
01/23/2023,BGR,ME,ANE,EN,Combined TRACON& Tower with Radar,9,4,2,0,15,0,0,0,0,0,9,4,2,0,15,0,0,0,15
01/24/2023,BGR,ME,ANE,EN,Combined TRACON& Tower with Radar,23,18,11,21,73,0,0,5,0,5,23,18,16,21,78,0,8,8,86
01/25/2023,BGR,ME,ANE,EN,Combined TRACON& Tower with Radar,19,17,13,31,80,0,1,2,4,7,19,18,15,35,87,34,0,34,121
01/26/2023,BGR,ME,ANE,EN,Combined TRACON& Tower with Radar,20,19,2,9,50,0,0,0,0,0,20,19,2,9,50,0,0,0,50
01/27/2023,BGR,ME,ANE,EN,Combined TRACON& Tower with Radar,26,15,36,4,81,0,5,17,0,22,26,20,53,4,103,18,0,18,121
01/28/2023,BGR,ME,ANE,EN,Combined TRACON& Tower with Radar,15,11,19,9,54,0,3,4,0,7,15,14,23,9,61,0,0,0,61
01/29/2023,BGR,ME,ANE,EN,Combined TRACON& Tower with Radar,20,13,16,3,52,0,2,9,0,11,20,15,25,3,63,2,0,2,65
01/30/2023,BGR,ME,ANE,EN,Combined TRACON& Tower with Radar,22,22,8,35,87,0,0,14,0,14,22,22,22,35,101,2,0,2,103
01/31/2023,BGR,ME,ANE,EN,Combined TRACON& Tower with Radar,21,12,13,41,87,0,5,13,1,19,21,17,26,42,106,46,22,68,174
02/01/2023,BGR,ME,ANE,EN,Combined TRACON& Tower with Radar,25,28,22,26,101,0,3,23,0,26,25,31,45,26,127,6,6,12,139
02/02/2023,BGR,ME,ANE,EN,Combined TRACON& Tower with Radar,28,12,14,18,72,0,3,13,8,24,28,15,27,26,96,0,0,0,96
02/03/2023,BGR,ME,ANE,EN,Combined TRACON& Tower with Radar,14,8,14,12,48,0,2,0,0,2,14,10,14,12,50,0,0,0,50
02/04/2023,BGR,ME,ANE,EN,Combined TRACON& Tower with Radar,6,13,11,6,36,0,1,0,0,1,6,14,11,6,37,0,0,0,37
02/05/2023,BGR,ME,ANE,EN,Combined TRACON& Tower with Radar,23,14,11,11,59,0,2,6,5,13,23,16,17,16,72,0,0,0,72
02/06/2023,BGR,ME,ANE,EN,Combined TRACON& Tower with Radar,22,20,11,24,77,0,0,14,0,14,22,20,25,24,91,16,0,16,107
02/07/2023,BGR,ME,ANE,EN,Combined TRACON& Tower with Radar,27,18,5,32,82,0,2,11,4,17,27,20,16,36,99,0,0,0,99
02/08/2023,BGR,ME,ANE,EN,Combined TRACON& Tower with Radar,23,22,18,26,89,0,5,8,4,17,23,27,26,30,106,2,10,12,118
02/09/2023,BGR,ME,ANE,EN,Combined TRACON& Tower with Radar,25,21,11,29,86,0,1,9,8,18,25,22,20,37,104,6,0,6,110
02/10/2023,BGR,ME,ANE,EN,Combined TRACON& Tower with Radar,24,17,12,1,54,0,0,0,2,2,24,17,12,3,56,0,10,10,66
02/11/2023,BGR,ME,ANE,EN,Combined TRACON& Tower with Radar,16,13,9,8,46,0,7,5,7,19,16,20,14,15,65,0,0,0,65
02/12/2023,BGR,ME,ANE,EN,Combined TRACON& Tower with Radar,21,6,6,6,39,0,5,19,0,24,21,11,25,6,63,0,0,0,63
02/13/2023,BGR,ME,ANE,EN,Combined TRACON& Tower with Radar,23,15,19,11,68,0,2,7,2,11,23,17,26,13,79,42,0,42,121
02/14/2023,BGR,ME,ANE,EN,Combined TRACON& Tower with Radar,28,15,11,5,59,0,2,12,3,17,28,17,23,8,76,0,0,0,76
02/15/2023,BGR,ME,ANE,EN,Combined TRACON& Tower with Radar,30,15,9,27,81,0,3,14,3,20,30,18,23,30,101,0,0,0,101
02/16/2023,BGR,ME,ANE,EN,Combined TRACON& Tower with Radar,29,26,9,32,96,0,2,12,13,27,29,28,21,45,123,16,6,22,145
02/17/2023,BGR,ME,ANE,EN,Combined TRACON& Tower with Radar,27,29,8,4,68,0,0,0,0,0,27,29,8,4,68,0,0,0,68
02/18/2023,BGR,ME,ANE,EN,Combined TRACON& Tower with Radar,22,27,18,5,72,0,5,16,0,21,22,32,34,5,93,10,0,10,103
02/19/2023,BGR,ME,ANE,EN,Combined TRACON& Tower with Radar,24,15,14,9,62,0,1,21,0,22,24,16,35,9,84,2,0,2,86
02/20/2023,BGR,ME,ANE,EN,Combined TRACON& Tower with Radar,25,21,26,6,78,0,4,2,1,7,25,25,28,7,85,0,0,0,85
02/21/2023,BGR,ME,ANE,EN,Combined TRACON& Tower with Radar,27,18,17,42,104,0,6,12,5,23,27,24,29,47,127,0,0,0,127
02/22/2023,BGR,ME,ANE,EN,Combined TRACON& Tower with Radar,26,19,4,31,80,0,1,1,6,8,26,20,5,37,88,6,10,16,104
02/23/2023,BGR,ME,ANE,EN,Combined TRACON& Tower with Radar,28,14,6,11,59,0,0,0,0,0,28,14,6,11,59,0,0,0,59
02/24/2023,BGR,ME,ANE,EN,Combined TRACON& Tower with Radar,24,28,16,8,76,0,2,2,0,4,24,30,18,8,80,0,0,0,80
02/25/2023,BGR,ME,ANE,EN,Combined TRACON& Tower with Radar,18,16,4,6,44,0,5,10,0,15,18,21,14,6,59,22,0,22,81
02/26/2023,BGR,ME,ANE,EN,Combined TRACON& Tower with Radar,24,16,6,2,48,0,0,0,0,0,24,16,6,2,48,0,0,0,48
02/27/2023,BGR,ME,ANE,EN,Combined TRACON& Tower with Radar,18,26,10,20,74,0,0,7,0,7,18,26,17,20,81,10,0,10,91
02/28/2023,BGR,ME,ANE,EN,Combined TRACON& Tower with Radar,22,10,7,10,49,0,0,0,2,2,22,10,7,12,51,0,0,0,51
03/01/2023,BGR,ME,ANE,EN,Combined TRACON& Tower with Radar,26,18,9,32,85,0,5,16,9,30,26,23,25,41,115,14,0,14,129
03/02/2023,BGR,ME,ANE,EN,Combined TRACON& Tower with Radar,26,15,4,0,45,0,0,0,0,0,26,15,4,0,45,0,0,0,45
03/03/2023,BGR,ME,ANE,EN,Combined TRACON& Tower with Radar,24,16,17,14,71,0,2,10,24,36,24,18,27,38,107,6,0,6,113
03/04/2023,BGR,ME,ANE,EN,Combined TRACON& Tower with Radar,13,9,10,7,39,0,0,1,0,1,13,9,11,7,40,0,0,0,40
03/05/2023,BGR,ME,ANE,EN,Combined TRACON& Tower with Radar,20,15,11,14,60,0,2,8,2,12,20,17,19,16,72,10,14,24,96
03/06/2023,BGR,ME,ANE,EN,Combined TRACON& Tower with Radar,21,23,8,10,62,0,0,0,1,1,21,23,8,11,63,0,0,0,63
03/07/2023,BGR,ME,ANE,EN,Combined TRACON& Tower with Radar,20,12,17,48,97,0,3,4,2,9,20,15,21,50,106,0,0,0,106
03/08/2023,BGR,ME,ANE,EN,Combined TRACON& Tower with Radar,24,11,12,27,74,0,2,2,4,8,24,13,14,31,82,0,10,10,92
03/09/2023,BGR,ME,ANE,EN,Combined TRACON& Tower with Radar,26,14,19,34,93,1,6,18,6,31,27,20,37,40,124,12,6,18,142
03/10/2023,BGR,ME,ANE,EN,Combined TRACON& Tower with Radar,27,23,29,6,85,0,1,17,5,23,27,24,46,11,108,18,0,18,126
03/11/2023,BGR,ME,ANE,EN,Combined TRACON& Tower with Radar,21,14,13,7,55,0,2,10,0,12,21,16,23,7,67,18,0,18,85
03/12/2023,BGR,ME,ANE,EN,Combined TRACON& Tower with Radar,19,14,22,3,58,0,3,22,0,25,19,17,44,3,83,30,0,30,113
03/13/2023,BGR,ME,ANE,EN,Combined TRACON& Tower with Radar,21,11,12,14,58,0,0,9,1,10,21,11,21,15,68,14,0,14,82
03/14/2023,BGR,ME,ANE,EN,Combined TRACON& Tower with Radar,11,9,1,1,22,0,1,2,0,3,11,10,3,1,25,0,0,0,25
03/15/2023,BGR,ME,ANE,EN,Combined TRACON& Tower with Radar,21,16,18,4,59,0,0,0,0,0,21,16,18,4,59,0,0,0,59
03/16/2023,BGR,ME,ANE,EN,Combined TRACON& Tower with Radar,27,19,16,5,67,0,4,15,12,31,27,23,31,17,98,6,0,6,104
03/17/2023,BGR,ME,ANE,EN,Combined TRACON& Tower with Radar,19,22,15,7,63,0,2,4,7,13,19,24,19,14,76,12,18,30,106
03/18/2023,BGR,ME,ANE,EN,Combined TRACON& Tower with Radar,19,18,22,2,61,0,1,7,0,8,19,19,29,2,69,0,4,4,73
03/19/2023,BGR,ME,ANE,EN,Combined TRACON& Tower with Radar,23,19,17,6,65,0,1,0,0,1,23,20,17,6,66,0,0,0,66
03/20/2023,BGR,ME,ANE,EN,Combined TRACON& Tower with Radar,19,22,19,21,81,0,3,8,2,13,19,25,27,23,94,0,0,0,94
03/21/2023,BGR,ME,ANE,EN,Combined TRACON& Tower with Radar,20,19,20,36,95,0,6,15,7,28,20,25,35,43,123,0,26,26,149
03/22/2023,BGR,ME,ANE,EN,Combined TRACON& Tower with Radar,23,14,17,29,83,0,3,25,4,32,23,17,42,33,115,64,36,100,215
03/23/2023,BGR,ME,ANE,EN,Combined TRACON& Tower with Radar,23,14,18,17,72,0,0,0,0,0,23,14,18,17,72,0,0,0,72
03/24/2023,BGR,ME,ANE,EN,Combined TRACON& Tower with Radar,26,16,27,12,81,0,0,4,2,6,26,16,31,14,87,0,0,0,87
03/25/2023,BGR,ME,ANE,EN,Combined TRACON& Tower with Radar,19,19,11,5,54,0,2,10,0,12,19,21,21,5,66,14,0,14,80
03/26/2023,BGR,ME,ANE,EN,Combined TRACON& Tower with Radar,25,6,15,1,47,0,1,0,0,1,25,7,15,1,48,0,0,0,48
03/27/2023,BGR,ME,ANE,EN,Combined TRACON& Tower with Radar,23,11,7,19,60,0,6,8,4,18,23,17,15,23,78,8,4,12,90
03/28/2023,BGR,ME,ANE,EN,Combined TRACON& Tower with Radar,24,24,12,20,80,0,3,8,14,25,24,27,20,34,105,0,8,8,113
03/29/2023,BGR,ME,ANE,EN,Combined TRACON& Tower with Radar,27,11,19,26,83,0,3,49,7,59,27,14,68,33,142,14,2,16,158
03/30/2023,BGR,ME,ANE,EN,Combined TRACON& Tower with Radar,30,17,15,34,96,0,8,4,13,25,30,25,19,47,121,6,6,12,133
03/31/2023,BGR,ME,ANE,EN,Combined TRACON& Tower with Radar,30,18,8,22,78,0,6,12,3,21,30,24,20,25,99,6,4,10,109
04/01/2023,BGR,ME,ANE,EN,Combined TRACON& Tower with Radar,22,17,20,0,59,0,0,0,0,0,22,17,20,0,59,0,0,0,59
04/02/2023,BGR,ME,ANE,EN,Combined TRACON& Tower with Radar,26,14,8,14,62,0,2,2,16,20,26,16,10,30,82,6,0,6,88
04/03/2023,BGR,ME,ANE,EN,Combined TRACON& Tower with Radar,23,10,15,30,78,0,4,4,1,9,23,14,19,31,87,0,4,4,91
04/04/2023,BGR,ME,ANE,EN,Combined TRACON& Tower with Radar,33,24,19,39,115,0,2,14,9,25,33,26,33,48,140,12,4,16,156
04/05/2023,BGR,ME,ANE,EN,Combined TRACON& Tower with Radar,31,15,22,20,88,0,3,11,2,16,31,18,33,22,104,0,0,0,104
04/06/2023,BGR,ME,ANE,EN,Combined TRACON& Tower with Radar,32,32,10,16,90,0,0,1,0,1,32,32,11,16,91,0,0,0,91
04/07/2023,BGR,ME,ANE,EN,Combined TRACON& Tower with Radar,32,25,16,17,90,0,3,6,4,13,32,28,22,21,103,0,0,0,103
04/08/2023,BGR,ME,ANE,EN,Combined TRACON& Tower with Radar,30,17,9,14,70,0,0,14,0,14,30,17,23,14,84,22,2,24,108
04/09/2023,BGR,ME,ANE,EN,Combined TRACON& Tower with Radar,33,10,11,10,64,0,0,18,0,18,33,10,29,10,82,12,0,12,94
04/10/2023,BGR,ME,ANE,EN,Combined TRACON& Tower with Radar,32,9,9,31,81,0,0,19,4,23,32,9,28,35,104,16,2,18,122
04/11/2023,BGR,ME,ANE,EN,Combined TRACON& Tower with Radar,32,12,10,15,69,0,1,9,9,19,32,13,19,24,88,4,2,6,94
04/12/2023,BGR,ME,ANE,EN,Combined TRACON& Tower with Radar,33,15,13,26,87,0,0,3,2,5,33,15,16,28,92,2,2,4,96
04/13/2023,BGR,ME,ANE,EN,Combined TRACON& Tower with Radar,31,18,21,62,132,0,1,19,0,20,31,19,40,62,152,2,10,12,164
04/14/2023,BGR,ME,ANE,EN,Combined TRACON& Tower with Radar,33,19,9,19,80,0,3,14,5,22,33,22,23,24,102,10,0,10,112
04/15/2023,BGR,ME,ANE,EN,Combined TRACON& Tower with Radar,30,18,23,11,82,0,4,15,1,20,30,22,38,12,102,0,40,40,142
04/16/2023,BGR,ME,ANE,EN,Combined TRACON& Tower with Radar,29,15,15,6,65,0,0,4,0,4,29,15,19,6,69,0,0,0,69
04/17/2023,BGR,ME,ANE,EN,Combined TRACON& Tower with Radar,30,19,12,19,80,0,0,0,0,0,30,19,12,19,80,0,0,0,80
04/18/2023,BGR,ME,ANE,EN,Combined TRACON& Tower with Radar,35,13,19,29,96,0,2,3,0,5,35,15,22,29,101,0,0,0,101
04/19/2023,BGR,ME,ANE,EN,Combined TRACON& Tower with Radar,31,21,8,29,89,0,1,3,9,13,31,22,11,38,102,20,0,20,122
04/20/2023,BGR,ME,ANE,EN,Combined TRACON& Tower with Radar,34,19,16,29,98,0,3,13,6,22,34,22,29,35,120,0,10,10,130
04/21/2023,BGR,ME,ANE,EN,Combined TRACON& Tower with Radar,32,20,26,6,84,0,2,19,4,25,32,22,45,10,109,10,0,10,119
04/22/2023,BGR,ME,ANE,EN,Combined TRACON& Tower with Radar,27,16,28,12,83,0,1,16,0,17,27,17,44,12,100,4,0,4,104
04/23/2023,BGR,ME,ANE,EN,Combined TRACON& Tower with Radar,33,12,14,11,70,0,0,7,0,7,33,12,21,11,77,2,0,2,79
04/24/2023,BGR,ME,ANE,EN,Combined TRACON& Tower with Radar,35,21,14,20,90,0,0,0,0,0,35,21,14,20,90,0,0,0,90
04/25/2023,BGR,ME,ANE,EN,Combined TRACON& Tower with Radar,38,13,14,25,90,0,0,1,0,1,38,13,15,25,91,0,0,0,91
04/26/2023,BGR,ME,ANE,EN,Combined TRACON& Tower with Radar,30,16,24,20,90,0,2,6,0,8,30,18,30,20,98,0,0,0,98
04/27/2023,BGR,ME,ANE,EN,Combined TRACON& Tower with Radar,32,20,22,46,120,0,3,22,3,28,32,23,44,49,148,12,12,24,172
04/28/2023,BGR,ME,ANE,EN,Combined TRACON& Tower with Radar,34,12,29,10,85,0,2,35,2,39,34,14,64,12,124,18,0,18,142
04/29/2023,BGR,ME,ANE,EN,Combined TRACON& Tower with Radar,23,16,22,12,73,0,3,14,0,17,23,19,36,12,90,0,0,0,90
04/30/2023,BGR,ME,ANE,EN,Combined TRACON& Tower with Radar,27,6,8,7,48,0,1,0,0,1,27,7,8,7,49,0,0,0,49
05/01/2023,BGR,ME,ANE,EN,Combined TRACON& Tower with Radar,30,13,15,28,86,0,1,6,0,7,30,14,21,28,93,10,14,24,117
05/02/2023,BGR,ME,ANE,EN,Combined TRACON& Tower with Radar,30,20,13,56,119,0,1,17,0,18,30,21,30,56,137,8,14,22,159
05/03/2023,BGR,ME,ANE,EN,Combined TRACON& Tower with Radar,30,22,27,23,102,0,2,0,0,2,30,24,27,23,104,0,2,2,106
05/04/2023,BGR,ME,ANE,EN,Combined TRACON& Tower with Radar,30,20,17,10,77,0,2,0,0,2,30,22,17,10,79,0,0,0,79
05/05/2023,BGR,ME,ANE,EN,Combined TRACON& Tower with Radar,33,14,19,14,80,0,2,20,4,26,33,16,39,18,106,6,0,6,112
05/06/2023,BGR,ME,ANE,EN,Combined TRACON& Tower with Radar,24,15,10,7,56,0,2,25,11,38,24,17,35,18,94,0,0,0,94
05/07/2023,BGR,ME,ANE,EN,Combined TRACON& Tower with Radar,29,6,19,18,72,0,0,29,3,32,29,6,48,21,104,14,0,14,118
05/08/2023,BGR,ME,ANE,EN,Combined TRACON& Tower with Radar,29,14,4,34,81,0,0,12,0,12,29,14,16,34,93,4,8,12,105
05/09/2023,BGR,ME,ANE,EN,Combined TRACON& Tower with Radar,29,17,18,39,103,0,1,36,8,45,29,18,54,47,148,12,4,16,164
05/10/2023,BGR,ME,ANE,EN,Combined TRACON& Tower with Radar,34,24,19,15,92,0,4,34,0,38,34,28,53,15,130,10,0,10,140
05/11/2023,BGR,ME,ANE,EN,Combined TRACON& Tower with Radar,29,20,16,18,83,0,2,24,12,38,29,22,40,30,121,26,0,26,147
05/12/2023,BGR,ME,ANE,EN,Combined TRACON& Tower with Radar,39,17,20,20,96,0,0,24,4,28,39,17,44,24,124,28,0,28,152
05/13/2023,BGR,ME,ANE,EN,Combined TRACON& Tower with Radar,20,19,25,9,73,0,2,15,0,17,20,21,40,9,90,0,0,0,90
05/14/2023,BGR,ME,ANE,EN,Combined TRACON& Tower with Radar,27,13,9,2,51,0,1,11,0,12,27,14,20,2,63,0,0,0,63
05/15/2023,BGR,ME,ANE,EN,Combined TRACON& Tower with Radar,31,19,7,22,79,0,2,14,2,18,31,21,21,24,97,0,0,0,97
05/16/2023,BGR,ME,ANE,EN,Combined TRACON& Tower with Radar,30,22,14,27,93,0,2,14,10,26,30,24,28,37,119,46,0,46,165
05/17/2023,BGR,ME,ANE,EN,Combined TRACON& Tower with Radar,32,23,15,18,88,0,1,10,8,19,32,24,25,26,107,10,8,18,125
05/18/2023,BGR,ME,ANE,EN,Combined TRACON& Tower with Radar,30,26,33,29,118,0,4,26,6,36,30,30,59,35,154,14,8,22,176
05/19/2023,BGR,ME,ANE,EN,Combined TRACON& Tower with Radar,33,28,15,5,81,0,0,13,2,15,33,28,28,7,96,8,0,8,104
05/20/2023,BGR,ME,ANE,EN,Combined TRACON& Tower with Radar,21,20,14,8,63,0,1,4,0,5,21,21,18,8,68,4,0,4,72
05/21/2023,BGR,ME,ANE,EN,Combined TRACON& Tower with Radar,26,11,34,5,76,0,0,7,4,11,26,11,41,9,87,10,10,20,107
05/22/2023,BGR,ME,ANE,EN,Combined TRACON& Tower with Radar,28,13,18,32,91,0,1,35,0,36,28,14,53,32,127,4,6,10,137
05/23/2023,BGR,ME,ANE,EN,Combined TRACON& Tower with Radar,30,21,19,27,97,0,8,26,7,41,30,29,45,34,138,8,8,16,154
05/24/2023,BGR,ME,ANE,EN,Combined TRACON& Tower with Radar,31,21,22,27,101,0,4,8,4,16,31,25,30,31,117,6,14,20,137
05/25/2023,BGR,ME,ANE,EN,Combined TRACON& Tower with Radar,33,20,19,6,78,0,7,12,8,27,33,27,31,14,105,0,0,0,105
05/26/2023,BGR,ME,ANE,EN,Combined TRACON& Tower with Radar,32,16,39,6,93,0,1,18,2,21,32,17,57,8,114,8,0,8,122
05/27/2023,BGR,ME,ANE,EN,Combined TRACON& Tower with Radar,24,20,25,3,72,0,1,15,0,16,24,21,40,3,88,0,0,0,88
05/28/2023,BGR,ME,ANE,EN,Combined TRACON& Tower with Radar,31,11,9,5,56,0,1,13,0,14,31,12,22,5,70,24,0,24,94
05/29/2023,BGR,ME,ANE,EN,Combined TRACON& Tower with Radar,31,15,18,4,68,0,1,16,4,21,31,16,34,8,89,8,0,8,97
05/30/2023,BGR,ME,ANE,EN,Combined TRACON& Tower with Radar,27,17,22,17,83,0,2,24,14,40,27,19,46,31,123,0,4,4,127
05/31/2023,BGR,ME,ANE,EN,Combined TRACON& Tower with Radar,34,24,37,22,117,0,0,14,4,18,34,24,51,26,135,0,4,4,139
06/01/2023,BGR,ME,ANE,EN,Combined TRACON& Tower with Radar,39,18,16,27,100,0,4,8,6,18,39,22,24,33,118,0,2,2,120
06/02/2023,BGR,ME,ANE,EN,Combined TRACON& Tower with Radar,35,15,29,15,94,0,0,13,9,22,35,15,42,24,116,0,0,0,116
06/03/2023,BGR,ME,ANE,EN,Combined TRACON& Tower with Radar,35,16,24,15,90,0,1,1,6,8,35,17,25,21,98,10,10,20,118
06/04/2023,BGR,ME,ANE,EN,Combined TRACON& Tower with Radar,36,22,28,10,96,0,1,2,0,3,36,23,30,10,99,0,0,0,99
06/05/2023,BGR,ME,ANE,EN,Combined TRACON& Tower with Radar,34,13,31,16,94,0,0,0,0,0,34,13,31,16,94,0,0,0,94
06/06/2023,BGR,ME,ANE,EN,Combined TRACON& Tower with Radar,32,16,17,29,94,0,3,3,1,7,32,19,20,30,101,0,0,0,101
06/07/2023,BGR,ME,ANE,EN,Combined TRACON& Tower with Radar,37,18,27,37,119,0,5,0,2,7,37,23,27,39,126,0,6,6,132
06/08/2023,BGR,ME,ANE,EN,Combined TRACON& Tower with Radar,38,33,29,17,117,0,4,1,4,9,38,37,30,21,126,10,0,10,136
06/09/2023,BGR,ME,ANE,EN,Combined TRACON& Tower with Radar,38,20,35,8,101,0,3,5,4,12,38,23,40,12,113,2,12,14,127
06/10/2023,BGR,ME,ANE,EN,Combined TRACON& Tower with Radar,42,19,34,11,106,0,4,1,12,17,42,23,35,23,123,2,6,8,131
06/11/2023,BGR,ME,ANE,EN,Combined TRACON& Tower with Radar,38,11,27,13,89,0,1,30,28,59,38,12,57,41,148,18,0,18,166
06/12/2023,BGR,ME,ANE,EN,Combined TRACON& Tower with Radar,31,29,27,35,122,0,0,41,20,61,31,29,68,55,183,34,4,38,221
06/13/2023,BGR,ME,ANE,EN,Combined TRACON& Tower with Radar,39,19,16,31,105,0,0,3,6,9,39,19,19,37,114,2,8,10,124
06/14/2023,BGR,ME,ANE,EN,Combined TRACON& Tower with Radar,40,21,23,18,102,0,1,0,0,1,40,22,23,18,103,0,0,0,103
06/15/2023,BGR,ME,ANE,EN,Combined TRACON& Tower with Radar,38,27,35,47,147,0,4,6,0,10,38,31,41,47,157,12,4,16,173
06/16/2023,BGR,ME,ANE,EN,Combined TRACON& Tower with Radar,41,33,34,3,111,0,1,10,0,11,41,34,44,3,122,10,0,10,132
06/17/2023,BGR,ME,ANE,EN,Combined TRACON& Tower with Radar,38,25,19,2,84,0,1,0,0,1,38,26,19,2,85,0,0,0,85
06/18/2023,BGR,ME,ANE,EN,Combined TRACON& Tower with Radar,35,16,36,6,93,0,1,0,0,1,35,17,36,6,94,10,0,10,104
06/19/2023,BGR,ME,ANE,EN,Combined TRACON& Tower with Radar,34,23,36,4,97,0,1,17,0,18,34,24,53,4,115,0,0,0,115
06/20/2023,BGR,ME,ANE,EN,Combined TRACON& Tower with Radar,37,19,29,25,110,0,2,10,1,13,37,21,39,26,123,4,0,4,127
06/21/2023,BGR,ME,ANE,EN,Combined TRACON& Tower with Radar,39,21,22,30,112,0,1,41,1,43,39,22,63,31,155,4,0,4,159
06/22/2023,BGR,ME,ANE,EN,Combined TRACON& Tower with Radar,38,17,30,32,117,0,0,27,8,35,38,17,57,40,152,8,6,14,166
06/23/2023,BGR,ME,ANE,EN,Combined TRACON& Tower with Radar,36,26,34,14,110,0,2,17,8,27,36,28,51,22,137,0,20,20,157
06/24/2023,BGR,ME,ANE,EN,Combined TRACON& Tower with Radar,39,19,26,5,89,0,0,6,0,6,39,19,32,5,95,2,0,2,97
06/25/2023,BGR,ME,ANE,EN,Combined TRACON& Tower with Radar,27,21,57,4,109,0,1,7,0,8,27,22,64,4,117,0,0,0,117
06/26/2023,BGR,ME,ANE,EN,Combined TRACON& Tower with Radar,28,24,22,37,111,0,0,0,0,0,28,24,22,37,111,0,0,0,111
06/27/2023,BGR,ME,ANE,EN,Combined TRACON& Tower with Radar,28,31,22,48,129,0,0,0,0,0,28,31,22,48,129,0,0,0,129
06/28/2023,BGR,ME,ANE,EN,Combined TRACON& Tower with Radar,34,27,25,8,94,0,0,0,0,0,34,27,25,8,94,0,0,0,94
06/29/2023,BGR,ME,ANE,EN,Combined TRACON& Tower with Radar,41,23,53,13,130,0,0,2,0,2,41,23,55,13,132,14,0,14,146
06/30/2023,BGR,ME,ANE,EN,Combined TRACON& Tower with Radar,37,22,42,9,110,0,1,25,0,26,37,23,67,9,136,28,0,28,164
07/01/2023,BGR,ME,ANE,EN,Combined TRACON& Tower with Radar,42,26,36,4,108,0,3,3,0,6,42,29,39,4,114,8,0,8,122
07/02/2023,BGR,ME,ANE,EN,Combined TRACON& Tower with Radar,33,19,31,4,87,0,0,1,0,1,33,19,32,4,88,0,0,0,88
07/03/2023,BGR,ME,ANE,EN,Combined TRACON& Tower with Radar,31,13,25,4,73,0,3,5,0,8,31,16,30,4,81,18,0,18,99
07/04/2023,BGR,ME,ANE,EN,Combined TRACON& Tower with Radar,30,13,19,0,62,0,2,9,0,11,30,15,28,0,73,34,0,34,107
07/05/2023,BGR,ME,ANE,EN,Combined TRACON& Tower with Radar,42,18,24,24,108,0,0,21,5,26,42,18,45,29,134,28,16,44,178
07/06/2023,BGR,ME,ANE,EN,Combined TRACON& Tower with Radar,35,13,28,45,121,0,3,37,15,55,35,16,65,60,176,4,2,6,182
07/07/2023,BGR,ME,ANE,EN,Combined TRACON& Tower with Radar,26,12,9,10,57,0,2,5,3,10,26,14,14,13,67,0,0,0,67
07/08/2023,BGR,ME,ANE,EN,Combined TRACON& Tower with Radar,35,26,34,19,114,0,0,6,10,16,35,26,40,29,130,0,0,0,130
07/09/2023,BGR,ME,ANE,EN,Combined TRACON& Tower with Radar,24,19,46,5,94,0,0,3,0,3,24,19,49,5,97,0,0,0,97
07/10/2023,BGR,ME,ANE,EN,Combined TRACON& Tower with Radar,34,23,27,13,97,0,0,0,0,0,34,23,27,13,97,0,0,0,97
07/11/2023,BGR,ME,ANE,EN,Combined TRACON& Tower with Radar,35,28,19,37,119,0,0,6,0,6,35,28,25,37,125,0,4,4,129
07/12/2023,BGR,ME,ANE,EN,Combined TRACON& Tower with Radar,34,18,30,17,99,0,0,37,3,40,34,18,67,20,139,18,0,18,157
07/13/2023,BGR,ME,ANE,EN,Combined TRACON& Tower with Radar,37,13,15,29,94,0,0,23,10,33,37,13,38,39,127,6,22,28,155
07/14/2023,BGR,ME,ANE,EN,Combined TRACON& Tower with Radar,34,18,22,12,86,0,2,11,2,15,34,20,33,14,101,0,0,0,101
07/15/2023,BGR,ME,ANE,EN,Combined TRACON& Tower with Radar,36,18,51,8,113,0,0,3,0,3,36,18,54,8,116,0,0,0,116
07/16/2023,BGR,ME,ANE,EN,Combined TRACON& Tower with Radar,31,20,26,2,79,0,0,0,0,0,31,20,26,2,79,0,4,4,83
07/17/2023,BGR,ME,ANE,EN,Combined TRACON& Tower with Radar,35,34,30,18,117,0,2,11,0,13,35,36,41,18,130,0,6,6,136
07/18/2023,BGR,ME,ANE,EN,Combined TRACON& Tower with Radar,36,17,30,33,116,0,4,6,2,12,36,21,36,35,128,10,0,10,138
07/19/2023,BGR,ME,ANE,EN,Combined TRACON& Tower with Radar,37,14,21,33,105,0,1,11,6,18,37,15,32,39,123,0,0,0,123
07/20/2023,BGR,ME,ANE,EN,Combined TRACON& Tower with Radar,37,12,21,35,105,0,6,27,20,53,37,18,48,55,158,6,22,28,186
07/21/2023,BGR,ME,ANE,EN,Combined TRACON& Tower with Radar,37,17,33,9,96,0,1,10,0,11,37,18,43,9,107,8,0,8,115
07/22/2023,BGR,ME,ANE,EN,Combined TRACON& Tower with Radar,37,21,39,3,100,0,1,12,2,15,37,22,51,5,115,0,0,0,115
07/23/2023,BGR,ME,ANE,EN,Combined TRACON& Tower with Radar,38,28,24,4,94,0,1,14,2,17,38,29,38,6,111,0,0,0,111
07/24/2023,BGR,ME,ANE,EN,Combined TRACON& Tower with Radar,14,12,18,16,60,23,2,20,6,51,37,14,38,22,111,0,8,8,119
07/25/2023,BGR,ME,ANE,EN,Combined TRACON& Tower with Radar,10,15,26,26,77,19,3,23,12,57,29,18,49,38,134,0,6,6,140
07/26/2023,BGR,ME,ANE,EN,Combined TRACON& Tower with Radar,17,19,16,30,82,22,4,17,9,52,39,23,33,39,134,8,2,10,144
07/27/2023,BGR,ME,ANE,EN,Combined TRACON& Tower with Radar,22,16,19,19,76,22,0,9,4,35,44,16,28,23,111,0,0,0,111
07/28/2023,BGR,ME,ANE,EN,Combined TRACON& Tower with Radar,16,28,40,9,93,22,2,23,0,47,38,30,63,9,140,0,0,0,140
07/29/2023,BGR,ME,ANE,EN,Combined TRACON& Tower with Radar,19,13,19,5,56,19,8,19,0,46,38,21,38,5,102,0,0,0,102
07/30/2023,BGR,ME,ANE,EN,Combined TRACON& Tower with Radar,12,14,26,1,53,22,10,22,0,54,34,24,48,1,107,6,0,6,113
07/31/2023,BGR,ME,ANE,EN,Combined TRACON& Tower with Radar,11,21,30,14,76,23,7,19,0,49,34,28,49,14,125,4,10,14,139
08/01/2023,BGR,ME,ANE,EN,Combined TRACON& Tower with Radar,10,22,25,16,73,24,7,23,16,70,34,29,48,32,143,20,12,32,175
08/02/2023,BGR,ME,ANE,EN,Combined TRACON& Tower with Radar,12,11,35,7,65,24,2,48,4,78,36,13,83,11,143,20,0,20,163
08/03/2023,BGR,ME,ANE,EN,Combined TRACON& Tower with Radar,12,10,34,9,65,24,6,33,8,71,36,16,67,17,136,14,0,14,150
08/04/2023,BGR,ME,ANE,EN,Combined TRACON& Tower with Radar,14,16,13,11,54,19,5,9,0,33,33,21,22,11,87,0,0,0,87
08/05/2023,BGR,ME,ANE,EN,Combined TRACON& Tower with Radar,23,19,28,5,75,21,7,32,0,60,44,26,60,5,135,0,0,0,135
08/06/2023,BGR,ME,ANE,EN,Combined TRACON& Tower with Radar,10,17,36,0,63,21,4,33,0,58,31,21,69,0,121,20,0,20,141
08/07/2023,BGR,ME,ANE,EN,Combined TRACON& Tower with Radar,9,24,28,18,79,19,3,25,4,51,28,27,53,22,130,6,8,14,144
08/08/2023,BGR,ME,ANE,EN,Combined TRACON& Tower with Radar,11,18,14,29,72,23,1,0,0,24,34,19,14,29,96,10,0,10,106
08/09/2023,BGR,ME,ANE,EN,Combined TRACON& Tower with Radar,16,11,29,27,83,25,1,23,1,50,41,12,52,28,133,24,4,28,161
08/10/2023,BGR,ME,ANE,EN,Combined TRACON& Tower with Radar,16,18,10,20,64,22,2,28,0,52,38,20,38,20,116,0,8,8,124
08/11/2023,BGR,ME,ANE,EN,Combined TRACON& Tower with Radar,14,20,23,10,67,27,6,20,0,53,41,26,43,10,120,0,0,0,120
08/12/2023,BGR,ME,ANE,EN,Combined TRACON& Tower with Radar,21,19,18,1,59,20,4,40,0,64,41,23,58,1,123,12,0,12,135
08/13/2023,BGR,ME,ANE,EN,Combined TRACON& Tower with Radar,11,13,28,2,54,24,2,4,0,30,35,15,32,2,84,6,0,6,90
08/14/2023,BGR,ME,ANE,EN,Combined TRACON& Tower with Radar,12,16,24,26,78,23,5,35,0,63,35,21,59,26,141,8,2,10,151
08/15/2023,BGR,ME,ANE,EN,Combined TRACON& Tower with Radar,14,23,17,27,81,27,0,10,13,50,41,23,27,40,131,0,0,0,131
08/16/2023,BGR,ME,ANE,EN,Combined TRACON& Tower with Radar,11,27,30,36,104,25,9,12,7,53,36,36,42,43,157,20,0,20,177
08/17/2023,BGR,ME,ANE,EN,Combined TRACON& Tower with Radar,14,22,27,26,89,25,4,16,2,47,39,26,43,28,136,0,0,0,136
08/18/2023,BGR,ME,ANE,EN,Combined TRACON& Tower with Radar,15,23,19,11,68,27,1,6,0,34,42,24,25,11,102,18,8,26,128
08/19/2023,BGR,ME,ANE,EN,Combined TRACON& Tower with Radar,19,19,27,11,76,22,6,19,2,49,41,25,46,13,125,0,0,0,125
08/20/2023,BGR,ME,ANE,EN,Combined TRACON& Tower with Radar,13,16,25,4,58,25,7,25,0,57,38,23,50,4,115,0,0,0,115
08/21/2023,BGR,ME,ANE,EN,Combined TRACON& Tower with Radar,17,17,15,30,79,24,1,19,5,49,41,18,34,35,128,4,4,8,136
08/22/2023,BGR,ME,ANE,EN,Combined TRACON& Tower with Radar,11,21,29,29,90,26,3,20,16,65,37,24,49,45,155,8,2,10,165
08/23/2023,BGR,ME,ANE,EN,Combined TRACON& Tower with Radar,9,20,24,31,84,24,1,47,3,75,33,21,71,34,159,54,4,58,217
08/24/2023,BGR,ME,ANE,EN,Combined TRACON& Tower with Radar,14,17,28,34,93,27,2,38,20,87,41,19,66,54,180,6,18,24,204
08/25/2023,BGR,ME,ANE,EN,Combined TRACON& Tower with Radar,12,22,23,5,62,25,0,3,0,28,37,22,26,5,90,0,0,0,90
08/26/2023,BGR,ME,ANE,EN,Combined TRACON& Tower with Radar,15,17,22,2,56,24,1,7,0,32,39,18,29,2,88,0,0,0,88
08/27/2023,BGR,ME,ANE,EN,Combined TRACON& Tower with Radar,12,15,14,0,41,24,13,20,1,58,36,28,34,1,99,0,0,0,99
08/28/2023,BGR,ME,ANE,EN,Combined TRACON& Tower with Radar,11,15,18,27,71,25,4,15,1,45,36,19,33,28,116,0,0,0,116
08/29/2023,BGR,ME,ANE,EN,Combined TRACON& Tower with Radar,13,18,21,28,80,26,4,15,5,50,39,22,36,33,130,0,0,0,130
08/30/2023,BGR,ME,ANE,EN,Combined TRACON& Tower with Radar,10,21,20,17,68,26,3,7,0,36,36,24,27,17,104,12,18,30,134
08/31/2023,BGR,ME,ANE,EN,Combined TRACON& Tower with Radar,12,13,39,38,102,25,3,33,9,70,37,16,72,47,172,10,18,28,200
01/01/2020,BGR,ME,ANE,EN,Combined TRACON& Tower with Radar,0,24,6,3,33,0,0,3,0,3,0,24,9,3,36,0,0,0,36
01/02/2020,BGR,ME,ANE,EN,Combined TRACON& Tower with Radar,2,27,11,15,55,0,4,29,11,44,2,31,40,26,99,10,0,10,109
01/03/2020,BGR,ME,ANE,EN,Combined TRACON& Tower with Radar,4,35,11,20,70,0,6,25,10,41,4,41,36,30,111,54,4,58,169
01/04/2020,BGR,ME,ANE,EN,Combined TRACON& Tower with Radar,8,31,5,11,55,0,1,12,9,22,8,32,17,20,77,20,6,26,103
01/05/2020,BGR,ME,ANE,EN,Combined TRACON& Tower with Radar,3,22,11,5,41,0,3,2,1,6,3,25,13,6,47,0,24,24,71
01/06/2020,BGR,ME,ANE,EN,Combined TRACON& Tower with Radar,3,35,6,7,51,0,1,6,0,7,3,36,12,7,58,0,0,0,58
01/07/2020,BGR,ME,ANE,EN,Combined TRACON& Tower with Radar,6,31,9,17,63,0,11,7,27,45,6,42,16,44,108,8,4,12,120
01/08/2020,BGR,ME,ANE,EN,Combined TRACON& Tower with Radar,4,37,13,30,84,0,0,4,2,6,4,37,17,32,90,0,10,10,100
01/09/2020,BGR,ME,ANE,EN,Combined TRACON& Tower with Radar,4,37,15,45,101,0,6,21,18,45,4,43,36,63,146,18,6,24,170
01/10/2020,BGR,ME,ANE,EN,Combined TRACON& Tower with Radar,2,31,4,36,73,3,5,14,4,26,5,36,18,40,99,60,8,68,167
01/11/2020,BGR,ME,ANE,EN,Combined TRACON& Tower with Radar,8,25,3,7,43,0,0,1,0,1,8,25,4,7,44,0,0,0,44
01/12/2020,BGR,ME,ANE,EN,Combined TRACON& Tower with Radar,0,25,6,0,31,0,2,0,0,2,0,27,6,0,33,0,0,0,33
01/13/2020,BGR,ME,ANE,EN,Combined TRACON& Tower with Radar,6,28,6,10,50,0,0,0,0,0,6,28,6,10,50,0,0,0,50
01/14/2020,BGR,ME,ANE,EN,Combined TRACON& Tower with Radar,1,30,13,28,72,0,0,14,23,37,1,30,27,51,109,14,10,24,133
01/15/2020,BGR,ME,ANE,EN,Combined TRACON& Tower with Radar,5,33,13,49,100,0,0,18,13,31,5,33,31,62,131,22,2,24,155
01/16/2020,BGR,ME,ANE,EN,Combined TRACON& Tower with Radar,0,32,8,7,47,0,0,0,0,0,0,32,8,7,47,0,0,0,47
01/17/2020,BGR,ME,ANE,EN,Combined TRACON& Tower with Radar,4,42,14,0,60,0,0,3,0,3,4,42,17,0,63,0,0,0,63
01/18/2020,BGR,ME,ANE,EN,Combined TRACON& Tower with Radar,6,24,2,0,32,0,3,9,0,12,6,27,11,0,44,16,0,16,60
01/19/2020,BGR,ME,ANE,EN,Combined TRACON& Tower with Radar,0,21,1,4,26,0,1,0,0,1,0,22,1,4,27,0,0,0,27
01/20/2020,BGR,ME,ANE,EN,Combined TRACON& Tower with Radar,2,30,12,5,49,0,5,28,0,33,2,35,40,5,82,0,0,0,82
01/21/2020,BGR,ME,ANE,EN,Combined TRACON& Tower with Radar,2,30,8,27,67,0,7,18,19,44,2,37,26,46,111,6,10,16,127
01/22/2020,BGR,ME,ANE,EN,Combined TRACON& Tower with Radar,2,36,6,14,58,0,4,12,16,32,2,40,18,30,90,28,4,32,122
01/23/2020,BGR,ME,ANE,EN,Combined TRACON& Tower with Radar,7,36,20,22,85,0,6,14,21,41,7,42,34,43,126,0,8,8,134
01/24/2020,BGR,ME,ANE,EN,Combined TRACON& Tower with Radar,5,34,23,21,83,0,4,10,2,16,5,38,33,23,99,2,0,2,101
01/25/2020,BGR,ME,ANE,EN,Combined TRACON& Tower with Radar,6,36,7,13,62,0,0,4,0,4,6,36,11,13,66,0,0,0,66
01/26/2020,BGR,ME,ANE,EN,Combined TRACON& Tower with Radar,0,29,3,4,36,0,0,2,0,2,0,29,5,4,38,24,0,24,62
01/27/2020,BGR,ME,ANE,EN,Combined TRACON& Tower with Radar,4,36,14,27,81,0,5,9,3,17,4,41,23,30,98,12,22,34,132
01/28/2020,BGR,ME,ANE,EN,Combined TRACON& Tower with Radar,5,35,14,37,91,0,4,8,33,45,5,39,22,70,136,10,22,32,168
01/29/2020,BGR,ME,ANE,EN,Combined TRACON& Tower with Radar,4,28,12,29,73,0,3,16,14,33,4,31,28,43,106,8,18,26,132
01/30/2020,BGR,ME,ANE,EN,Combined TRACON& Tower with Radar,1,28,10,29,68,0,0,27,29,56,1,28,37,58,124,56,4,60,184
01/31/2020,BGR,ME,ANE,EN,Combined TRACON& Tower with Radar,4,38,22,22,86,0,0,34,30,64,4,38,56,52,150,32,22,54,204
02/01/2020,BGR,ME,ANE,EN,Combined TRACON& Tower with Radar,7,30,8,14,59,0,1,10,15,26,7,31,18,29,85,4,6,10,95
02/02/2020,BGR,ME,ANE,EN,Combined TRACON& Tower with Radar,2,21,8,4,35,0,3,10,0,13,2,24,18,4,48,22,0,22,70
02/03/2020,BGR,ME,ANE,EN,Combined TRACON& Tower with Radar,2,32,9,8,51,0,3,5,5,13,2,35,14,13,64,0,0,0,64
02/04/2020,BGR,ME,ANE,EN,Combined TRACON& Tower with Radar,0,42,23,34,99,0,6,17,30,53,0,48,40,64,152,2,24,26,178
02/05/2020,BGR,ME,ANE,EN,Combined TRACON& Tower with Radar,7,32,10,49,98,0,1,13,9,23,7,33,23,58,121,26,4,30,151
02/06/2020,BGR,ME,ANE,EN,Combined TRACON& Tower with Radar,0,33,8,0,41,0,0,0,0,0,0,33,8,0,41,0,0,0,41
02/07/2020,BGR,ME,ANE,EN,Combined TRACON& Tower with Radar,3,13,4,3,23,0,0,0,0,0,3,13,4,3,23,0,0,0,23
02/08/2020,BGR,ME,ANE,EN,Combined TRACON& Tower with Radar,7,23,15,5,50,0,2,6,0,8,7,25,21,5,58,28,0,28,86
02/09/2020,BGR,ME,ANE,EN,Combined TRACON& Tower with Radar,4,28,18,4,54,0,0,24,0,24,4,28,42,4,78,8,0,8,86
02/10/2020,BGR,ME,ANE,EN,Combined TRACON& Tower with Radar,2,31,17,20,70,0,0,0,0,0,2,31,17,20,70,0,0,0,70
02/11/2020,BGR,ME,ANE,EN,Combined TRACON& Tower with Radar,2,33,11,7,53,0,0,0,0,0,2,33,11,7,53,0,0,0,53
02/12/2020,BGR,ME,ANE,EN,Combined TRACON& Tower with Radar,6,31,28,36,101,0,2,15,18,35,6,33,43,54,136,16,16,32,168
02/13/2020,BGR,ME,ANE,EN,Combined TRACON& Tower with Radar,6,33,10,4,53,0,0,0,0,0,6,33,10,4,53,0,0,0,53
02/14/2020,BGR,ME,ANE,EN,Combined TRACON& Tower with Radar,6,37,6,9,58,0,3,19,2,24,6,40,25,11,82,10,8,18,100
02/15/2020,BGR,ME,ANE,EN,Combined TRACON& Tower with Radar,9,40,13,4,66,0,4,17,0,21,9,44,30,4,87,12,0,12,99
02/16/2020,BGR,ME,ANE,EN,Combined TRACON& Tower with Radar,7,31,15,4,57,0,2,14,0,16,7,33,29,4,73,10,0,10,83
02/17/2020,BGR,ME,ANE,EN,Combined TRACON& Tower with Radar,6,33,16,5,60,0,4,15,0,19,6,37,31,5,79,0,0,0,79
02/18/2020,BGR,ME,ANE,EN,Combined TRACON& Tower with Radar,4,30,12,27,73,0,0,3,6,9,4,30,15,33,82,0,30,30,112
02/19/2020,BGR,ME,ANE,EN,Combined TRACON& Tower with Radar,7,36,12,11,66,0,4,7,2,13,7,40,19,13,79,10,6,16,95
02/20/2020,BGR,ME,ANE,EN,Combined TRACON& Tower with Radar,4,30,12,33,79,0,8,19,10,37,4,38,31,43,116,8,16,24,140
02/21/2020,BGR,ME,ANE,EN,Combined TRACON& Tower with Radar,4,32,16,32,84,0,5,32,10,47,4,37,48,42,131,0,12,12,143
02/22/2020,BGR,ME,ANE,EN,Combined TRACON& Tower with Radar,7,34,16,9,66,0,0,33,4,37,7,34,49,13,103,28,0,28,131
02/23/2020,BGR,ME,ANE,EN,Combined TRACON& Tower with Radar,8,25,17,8,58,0,0,36,0,36,8,25,53,8,94,28,0,28,122
02/24/2020,BGR,ME,ANE,EN,Combined TRACON& Tower with Radar,12,40,22,10,84,2,1,9,7,19,14,41,31,17,103,18,10,28,131
02/25/2020,BGR,ME,ANE,EN,Combined TRACON& Tower with Radar,6,37,12,39,94,0,2,25,24,51,6,39,37,63,145,24,0,24,169
02/26/2020,BGR,ME,ANE,EN,Combined TRACON& Tower with Radar,6,41,13,41,101,0,2,4,21,27,6,43,17,62,128,12,48,60,188
02/27/2020,BGR,ME,ANE,EN,Combined TRACON& Tower with Radar,8,30,8,6,52,0,0,0,0,0,8,30,8,6,52,0,0,0,52
02/28/2020,BGR,ME,ANE,EN,Combined TRACON& Tower with Radar,9,40,17,4,70,0,3,8,1,12,9,43,25,5,82,16,0,16,98
02/29/2020,BGR,ME,ANE,EN,Combined TRACON& Tower with Radar,8,34,15,4,61,0,3,31,0,34,8,37,46,4,95,34,0,34,129
03/01/2020,BGR,ME,ANE,EN,Combined TRACON& Tower with Radar,8,27,5,8,48,0,5,19,0,24,8,32,24,8,72,20,0,20,92
03/02/2020,BGR,ME,ANE,EN,Combined TRACON& Tower with Radar,4,31,13,41,89,0,3,11,3,17,4,34,24,44,106,18,14,32,138
03/03/2020,BGR,ME,ANE,EN,Combined TRACON& Tower with Radar,8,36,11,43,98,0,6,25,20,51,8,42,36,63,149,10,4,14,163
03/04/2020,BGR,ME,ANE,EN,Combined TRACON& Tower with Radar,12,33,4,6,55,0,1,1,0,2,12,34,5,6,57,0,0,0,57
03/05/2020,BGR,ME,ANE,EN,Combined TRACON& Tower with Radar,6,43,8,31,88,0,5,9,20,34,6,48,17,51,122,6,12,18,140
03/06/2020,BGR,ME,ANE,EN,Combined TRACON& Tower with Radar,6,32,13,24,75,0,4,17,12,33,6,36,30,36,108,28,2,30,138
03/07/2020,BGR,ME,ANE,EN,Combined TRACON& Tower with Radar,14,30,10,7,61,0,2,1,19,22,14,32,11,26,83,0,0,0,83
03/08/2020,BGR,ME,ANE,EN,Combined TRACON& Tower with Radar,10,32,5,7,54,0,0,25,2,27,10,32,30,9,81,44,8,52,133
03/09/2020,BGR,ME,ANE,EN,Combined TRACON& Tower with Radar,6,32,9,18,65,0,0,14,8,22,6,32,23,26,87,24,10,34,121
03/10/2020,BGR,ME,ANE,EN,Combined TRACON& Tower with Radar,6,32,9,29,76,0,0,0,3,3,6,32,9,32,79,0,10,10,89
03/11/2020,BGR,ME,ANE,EN,Combined TRACON& Tower with Radar,7,39,12,42,100,0,2,27,30,59,7,41,39,72,159,0,28,28,187
03/12/2020,BGR,ME,ANE,EN,Combined TRACON& Tower with Radar,9,35,16,29,89,0,1,24,26,51,9,36,40,55,140,10,26,36,176
03/13/2020,BGR,ME,ANE,EN,Combined TRACON& Tower with Radar,6,37,3,3,49,0,0,1,0,1,6,37,4,3,50,0,0,0,50
03/14/2020,BGR,ME,ANE,EN,Combined TRACON& Tower with Radar,11,33,9,2,55,0,1,1,0,2,11,34,10,2,57,2,0,2,59
03/15/2020,BGR,ME,ANE,EN,Combined TRACON& Tower with Radar,5,28,9,2,44,0,1,21,0,22,5,29,30,2,66,32,0,32,98
03/16/2020,BGR,ME,ANE,EN,Combined TRACON& Tower with Radar,5,26,10,32,73,0,4,21,3,28,5,30,31,35,101,10,8,18,119
03/17/2020,BGR,ME,ANE,EN,Combined TRACON& Tower with Radar,6,38,8,20,72,0,1,0,4,5,6,39,8,24,77,0,0,0,77
03/18/2020,BGR,ME,ANE,EN,Combined TRACON& Tower with Radar,6,37,18,4,65,1,1,23,4,29,7,38,41,8,94,28,0,28,122
03/19/2020,BGR,ME,ANE,EN,Combined TRACON& Tower with Radar,5,40,3,22,70,0,0,0,1,1,5,40,3,23,71,10,4,14,85
03/20/2020,BGR,ME,ANE,EN,Combined TRACON& Tower with Radar,4,36,6,12,58,0,0,0,0,0,4,36,6,12,58,4,0,4,62
03/21/2020,BGR,ME,ANE,EN,Combined TRACON& Tower with Radar,6,29,6,5,46,0,1,3,0,4,6,30,9,5,50,0,0,0,50
03/22/2020,BGR,ME,ANE,EN,Combined TRACON& Tower with Radar,7,30,14,5,56,0,2,29,0,31,7,32,43,5,87,14,0,14,101
03/23/2020,BGR,ME,ANE,EN,Combined TRACON& Tower with Radar,0,0,0,0,0,0,0,0,0,0,0,0,0,0,0,14,2,16,16
03/24/2020,BGR,ME,ANE,EN,Combined TRACON& Tower with Radar,3,23,1,10,37,0,1,5,1,7,3,24,6,11,44,2,2,4,48
03/25/2020,BGR,ME,ANE,EN,Combined TRACON& Tower with Radar,0,20,4,19,43,0,0,8,2,10,0,20,12,21,53,34,6,40,93
03/26/2020,BGR,ME,ANE,EN,Combined TRACON& Tower with Radar,6,17,2,13,38,0,0,23,4,27,6,17,25,17,65,36,12,48,113
03/27/2020,BGR,ME,ANE,EN,Combined TRACON& Tower with Radar,0,13,5,6,24,0,0,4,0,4,0,13,9,6,28,0,0,0,28
03/28/2020,BGR,ME,ANE,EN,Combined TRACON& Tower with Radar,2,17,1,4,24,0,0,31,0,31,2,17,32,4,55,16,0,16,71
03/29/2020,BGR,ME,ANE,EN,Combined TRACON& Tower with Radar,4,13,0,3,20,0,0,8,0,8,4,13,8,3,28,16,0,16,44
03/30/2020,BGR,ME,ANE,EN,Combined TRACON& Tower with Radar,2,12,4,8,26,0,0,0,0,0,2,12,4,8,26,0,0,0,26
03/31/2020,BGR,ME,ANE,EN,Combined TRACON& Tower with Radar,6,17,12,8,43,0,0,7,0,7,6,17,19,8,50,4,4,8,58
04/01/2020,BGR,ME,ANE,EN,Combined TRACON& Tower with Radar,5,16,6,13,40,0,0,0,0,0,5,16,6,13,40,0,0,0,40
04/02/2020,BGR,ME,ANE,EN,Combined TRACON& Tower with Radar,7,18,0,13,38,0,0,0,0,0,7,18,0,13,38,0,0,0,38
04/03/2020,BGR,ME,ANE,EN,Combined TRACON& Tower with Radar,4,21,3,1,29,0,0,0,0,0,4,21,3,1,29,0,0,0,29
04/04/2020,BGR,ME,ANE,EN,Combined TRACON& Tower with Radar,5,14,2,5,26,0,0,8,0,8,5,14,10,5,34,0,0,0,34
04/05/2020,BGR,ME,ANE,EN,Combined TRACON& Tower with Radar,4,10,4,3,21,0,0,16,0,16,4,10,20,3,37,4,0,4,41
04/06/2020,BGR,ME,ANE,EN,Combined TRACON& Tower with Radar,8,10,2,23,43,0,1,5,11,17,8,11,7,34,60,0,2,2,62
04/07/2020,BGR,ME,ANE,EN,Combined TRACON& Tower with Radar,5,14,4,23,46,0,2,9,10,21,5,16,13,33,67,14,14,28,95
04/08/2020,BGR,ME,ANE,EN,Combined TRACON& Tower with Radar,9,20,8,23,60,0,0,8,3,11,9,20,16,26,71,20,14,34,105
04/09/2020,BGR,ME,ANE,EN,Combined TRACON& Tower with Radar,7,18,2,17,44,0,0,3,2,5,7,18,5,19,49,2,14,16,65
04/10/2020,BGR,ME,ANE,EN,Combined TRACON& Tower with Radar,5,18,2,0,25,0,0,0,0,0,5,18,2,0,25,0,0,0,25
04/11/2020,BGR,ME,ANE,EN,Combined TRACON& Tower with Radar,10,11,3,2,26,0,0,1,0,1,10,11,4,2,27,2,0,2,29
04/12/2020,BGR,ME,ANE,EN,Combined TRACON& Tower with Radar,4,4,3,0,11,0,0,9,0,9,4,4,12,0,20,0,0,0,20
04/13/2020,BGR,ME,ANE,EN,Combined TRACON& Tower with Radar,8,7,1,0,16,0,0,0,0,0,8,7,1,0,16,0,0,0,16
04/14/2020,BGR,ME,ANE,EN,Combined TRACON& Tower with Radar,4,15,13,6,38,0,0,5,5,10,4,15,18,11,48,8,24,32,80
04/15/2020,BGR,ME,ANE,EN,Combined TRACON& Tower with Radar,11,13,3,39,66,0,2,15,2,19,11,15,18,41,85,12,8,20,105
04/16/2020,BGR,ME,ANE,EN,Combined TRACON& Tower with Radar,12,15,13,13,53,0,1,5,3,9,12,16,18,16,62,0,0,0,62
04/17/2020,BGR,ME,ANE,EN,Combined TRACON& Tower with Radar,7,14,6,19,46,0,0,9,5,14,7,14,15,24,60,4,12,16,76
04/18/2020,BGR,ME,ANE,EN,Combined TRACON& Tower with Radar,7,12,5,2,26,0,0,19,0,19,7,12,24,2,45,0,0,0,45
04/19/2020,BGR,ME,ANE,EN,Combined TRACON& Tower with Radar,5,4,2,10,21,0,0,16,0,16,5,4,18,10,37,0,0,0,37
04/20/2020,BGR,ME,ANE,EN,Combined TRACON& Tower with Radar,5,11,1,11,28,0,2,5,11,18,5,13,6,22,46,20,22,42,88
04/21/2020,BGR,ME,ANE,EN,Combined TRACON& Tower with Radar,5,19,2,9,35,0,0,5,0,5,5,19,7,9,40,10,0,10,50
04/22/2020,BGR,ME,ANE,EN,Combined TRACON& Tower with Radar,4,17,6,22,49,0,1,0,6,7,4,18,6,28,56,0,6,6,62
04/23/2020,BGR,ME,ANE,EN,Combined TRACON& Tower with Radar,8,12,5,20,45,0,0,12,3,15,8,12,17,23,60,0,8,8,68
04/24/2020,BGR,ME,ANE,EN,Combined TRACON& Tower with Radar,4,17,4,17,42,0,0,21,3,24,4,17,25,20,66,18,14,32,98
04/25/2020,BGR,ME,ANE,EN,Combined TRACON& Tower with Radar,4,15,7,1,27,0,0,22,0,22,4,15,29,1,49,0,0,0,49
04/26/2020,BGR,ME,ANE,EN,Combined TRACON& Tower with Radar,12,6,2,4,24,0,0,2,0,2,12,6,4,4,26,4,0,4,30
04/27/2020,BGR,ME,ANE,EN,Combined TRACON& Tower with Radar,10,13,2,5,30,0,0,0,0,0,10,13,2,5,30,2,2,4,34
04/28/2020,BGR,ME,ANE,EN,Combined TRACON& Tower with Radar,2,15,2,10,29,0,0,2,12,14,2,15,4,22,43,0,24,24,67
04/29/2020,BGR,ME,ANE,EN,Combined TRACON& Tower with Radar,6,15,11,12,44,0,0,23,2,25,6,15,34,14,69,46,8,54,123
04/30/2020,BGR,ME,ANE,EN,Combined TRACON& Tower with Radar,8,11,7,22,48,0,0,5,4,9,8,11,12,26,57,6,0,6,63
05/01/2020,BGR,ME,ANE,EN,Combined TRACON& Tower with Radar,11,15,6,0,32,0,0,0,0,0,11,15,6,0,32,0,0,0,32
05/02/2020,BGR,ME,ANE,EN,Combined TRACON& Tower with Radar,7,13,12,2,34,0,0,7,0,7,7,13,19,2,41,0,0,0,41
05/03/2020,BGR,ME,ANE,EN,Combined TRACON& Tower with Radar,8,8,3,2,21,0,0,12,0,12,8,8,15,2,33,8,0,8,41
05/04/2020,BGR,ME,ANE,EN,Combined TRACON& Tower with Radar,15,11,4,18,48,0,2,0,2,4,15,13,4,20,52,0,0,0,52
05/05/2020,BGR,ME,ANE,EN,Combined TRACON& Tower with Radar,4,12,4,30,50,0,1,2,9,12,4,13,6,39,62,0,0,0,62
05/06/2020,BGR,ME,ANE,EN,Combined TRACON& Tower with Radar,1,9,2,21,33,0,1,21,5,27,1,10,23,26,60,20,12,32,92
05/07/2020,BGR,ME,ANE,EN,Combined TRACON& Tower with Radar,12,8,2,27,49,0,0,6,6,12,12,8,8,33,61,0,2,2,63
05/08/2020,BGR,ME,ANE,EN,Combined TRACON& Tower with Radar,11,9,1,16,37,0,0,7,0,7,11,9,8,16,44,8,0,8,52
05/09/2020,BGR,ME,ANE,EN,Combined TRACON& Tower with Radar,10,16,6,4,36,0,0,0,0,0,10,16,6,4,36,0,0,0,36
05/10/2020,BGR,ME,ANE,EN,Combined TRACON& Tower with Radar,11,6,4,10,31,0,0,0,0,0,11,6,4,10,31,4,0,4,35
05/11/2020,BGR,ME,ANE,EN,Combined TRACON& Tower with Radar,13,9,3,29,54,0,1,6,4,11,13,10,9,33,65,14,6,20,85
05/12/2020,BGR,ME,ANE,EN,Combined TRACON& Tower with Radar,8,8,3,23,42,0,1,3,15,19,8,9,6,38,61,0,4,4,65
05/13/2020,BGR,ME,ANE,EN,Combined TRACON& Tower with Radar,9,10,12,14,45,0,1,6,4,11,9,11,18,18,56,8,14,22,78
05/14/2020,BGR,ME,ANE,EN,Combined TRACON& Tower with Radar,13,15,5,14,47,1,1,18,18,38,14,16,23,32,85,20,0,20,105
05/15/2020,BGR,ME,ANE,EN,Combined TRACON& Tower with Radar,14,14,5,9,42,0,0,13,4,17,14,14,18,13,59,0,24,24,83
05/16/2020,BGR,ME,ANE,EN,Combined TRACON& Tower with Radar,9,13,3,14,39,0,1,3,0,4,9,14,6,14,43,2,0,2,45
05/17/2020,BGR,ME,ANE,EN,Combined TRACON& Tower with Radar,12,10,6,25,53,0,0,23,1,24,12,10,29,26,77,10,6,16,93
05/18/2020,BGR,ME,ANE,EN,Combined TRACON& Tower with Radar,12,7,5,20,44,0,0,27,3,30,12,7,32,23,74,12,32,44,118
05/19/2020,BGR,ME,ANE,EN,Combined TRACON& Tower with Radar,7,19,4,33,63,0,0,16,19,35,7,19,20,52,98,16,10,26,124
05/20/2020,BGR,ME,ANE,EN,Combined TRACON& Tower with Radar,7,10,4,24,45,0,0,23,10,33,7,10,27,34,78,14,40,54,132
05/21/2020,BGR,ME,ANE,EN,Combined TRACON& Tower with Radar,13,13,6,21,53,0,0,8,0,8,13,13,14,21,61,6,0,6,67
05/22/2020,BGR,ME,ANE,EN,Combined TRACON& Tower with Radar,9,15,6,20,50,0,1,11,1,13,9,16,17,21,63,0,0,0,63
05/23/2020,BGR,ME,ANE,EN,Combined TRACON& Tower with Radar,7,8,7,2,24,0,1,16,0,17,7,9,23,2,41,24,0,24,65
05/24/2020,BGR,ME,ANE,EN,Combined TRACON& Tower with Radar,12,4,4,3,23,0,0,24,0,24,12,4,28,3,47,22,0,22,69
05/25/2020,BGR,ME,ANE,EN,Combined TRACON& Tower with Radar,16,5,14,8,43,0,0,4,0,4,16,5,18,8,47,14,0,14,61
05/26/2020,BGR,ME,ANE,EN,Combined TRACON& Tower with Radar,3,12,12,23,50,0,1,19,13,33,3,13,31,36,83,2,22,24,107
05/27/2020,BGR,ME,ANE,EN,Combined TRACON& Tower with Radar,9,10,4,26,49,0,0,4,0,4,9,10,8,26,53,0,14,14,67
05/28/2020,BGR,ME,ANE,EN,Combined TRACON& Tower with Radar,11,11,3,68,93,0,0,18,23,41,11,11,21,91,134,26,36,62,196
05/29/2020,BGR,ME,ANE,EN,Combined TRACON& Tower with Radar,9,12,9,35,65,0,0,10,2,12,9,12,19,37,77,0,0,0,77
05/30/2020,BGR,ME,ANE,EN,Combined TRACON& Tower with Radar,8,10,7,12,37,0,0,10,0,10,8,10,17,12,47,10,0,10,57
05/31/2020,BGR,ME,ANE,EN,Combined TRACON& Tower with Radar,14,7,11,9,41,0,1,11,0,12,14,8,22,9,53,0,0,0,53
06/01/2020,BGR,ME,ANE,EN,Combined TRACON& Tower with Radar,14,10,10,15,49,0,2,16,2,20,14,12,26,17,69,0,0,0,69
06/02/2020,BGR,ME,ANE,EN,Combined TRACON& Tower with Radar,4,16,10,34,64,0,2,42,1,45,4,18,52,35,109,16,2,18,127
06/03/2020,BGR,ME,ANE,EN,Combined TRACON& Tower with Radar,8,11,8,24,51,0,0,13,1,14,8,11,21,25,65,12,6,18,83
06/04/2020,BGR,ME,ANE,EN,Combined TRACON& Tower with Radar,15,12,7,37,71,0,0,30,2,32,15,12,37,39,103,28,6,34,137
06/05/2020,BGR,ME,ANE,EN,Combined TRACON& Tower with Radar,12,22,14,29,77,0,2,10,5,17,12,24,24,34,94,16,10,26,120
06/06/2020,BGR,ME,ANE,EN,Combined TRACON& Tower with Radar,13,16,1,14,44,0,0,4,1,5,13,16,5,15,49,0,4,4,53
06/07/2020,BGR,ME,ANE,EN,Combined TRACON& Tower with Radar,11,12,7,26,56,0,1,4,3,8,11,13,11,29,64,0,8,8,72
06/08/2020,BGR,ME,ANE,EN,Combined TRACON& Tower with Radar,11,13,4,25,53,0,5,27,3,35,11,18,31,28,88,0,10,10,98
06/09/2020,BGR,ME,ANE,EN,Combined TRACON& Tower with Radar,6,12,7,29,54,0,3,17,14,34,6,15,24,43,88,20,12,32,120
06/10/2020,BGR,ME,ANE,EN,Combined TRACON& Tower with Radar,6,12,5,34,57,0,2,18,19,39,6,14,23,53,96,4,22,26,122
06/11/2020,BGR,ME,ANE,EN,Combined TRACON& Tower with Radar,14,20,3,5,42,0,0,0,0,0,14,20,3,5,42,0,0,0,42
06/12/2020,BGR,ME,ANE,EN,Combined TRACON& Tower with Radar,8,16,8,12,44,0,4,27,1,32,8,20,35,13,76,10,0,10,86
06/13/2020,BGR,ME,ANE,EN,Combined TRACON& Tower with Radar,18,9,9,10,46,0,0,25,0,25,18,9,34,10,71,0,0,0,71
06/14/2020,BGR,ME,ANE,EN,Combined TRACON& Tower with Radar,12,6,9,14,41,0,0,19,3,22,12,6,28,17,63,0,0,0,63
06/15/2020,BGR,ME,ANE,EN,Combined TRACON& Tower with Radar,12,12,5,24,53,0,0,19,1,20,12,12,24,25,73,8,2,10,83
06/16/2020,BGR,ME,ANE,EN,Combined TRACON& Tower with Radar,6,15,8,26,55,0,0,24,9,33,6,15,32,35,88,16,16,32,120
06/17/2020,BGR,ME,ANE,EN,Combined TRACON& Tower with Radar,9,15,10,16,50,0,3,27,14,44,9,18,37,30,94,18,10,28,122
06/18/2020,BGR,ME,ANE,EN,Combined TRACON& Tower with Radar,12,16,17,41,86,0,1,25,22,48,12,17,42,63,134,26,14,40,174
06/19/2020,BGR,ME,ANE,EN,Combined TRACON& Tower with Radar,13,14,11,14,52,0,1,15,13,29,13,15,26,27,81,4,8,12,93
06/20/2020,BGR,ME,ANE,EN,Combined TRACON& Tower with Radar,12,10,15,18,55,0,0,11,8,19,12,10,26,26,74,52,0,52,126
06/21/2020,BGR,ME,ANE,EN,Combined TRACON& Tower with Radar,11,6,12,5,34,0,0,13,0,13,11,6,25,5,47,0,0,0,47
06/22/2020,BGR,ME,ANE,EN,Combined TRACON& Tower with Radar,10,13,4,24,51,0,2,11,15,28,10,15,15,39,79,0,0,0,79
06/23/2020,BGR,ME,ANE,EN,Combined TRACON& Tower with Radar,5,16,7,21,49,0,0,12,14,26,5,16,19,35,75,0,10,10,85
06/24/2020,BGR,ME,ANE,EN,Combined TRACON& Tower with Radar,7,19,13,41,80,0,0,0,0,0,7,19,13,41,80,0,4,4,84
06/25/2020,BGR,ME,ANE,EN,Combined TRACON& Tower with Radar,13,14,24,17,68,0,0,37,21,58,13,14,61,38,126,6,6,12,138
06/26/2020,BGR,ME,ANE,EN,Combined TRACON& Tower with Radar,16,21,14,14,65,0,1,12,15,28,16,22,26,29,93,14,4,18,111
06/27/2020,BGR,ME,ANE,EN,Combined TRACON& Tower with Radar,15,9,5,8,37,0,1,9,0,10,15,10,14,8,47,2,0,2,49
06/28/2020,BGR,ME,ANE,EN,Combined TRACON& Tower with Radar,8,7,5,11,31,0,0,13,0,13,8,7,18,11,44,16,0,16,60
06/29/2020,BGR,ME,ANE,EN,Combined TRACON& Tower with Radar,10,13,20,20,63,0,0,0,0,0,10,13,20,20,63,0,0,0,63
06/30/2020,BGR,ME,ANE,EN,Combined TRACON& Tower with Radar,8,17,19,15,59,0,0,0,0,0,8,17,19,15,59,0,0,0,59
07/01/2020,BGR,ME,ANE,EN,Combined TRACON& Tower with Radar,12,17,15,41,85,0,1,2,0,3,12,18,17,41,88,0,0,0,88
07/02/2020,BGR,ME,ANE,EN,Combined TRACON& Tower with Radar,10,22,15,22,69,0,0,11,1,12,10,22,26,23,81,8,8,16,97
07/03/2020,BGR,ME,ANE,EN,Combined TRACON& Tower with Radar,8,20,25,9,62,0,0,12,0,12,8,20,37,9,74,8,0,8,82
07/04/2020,BGR,ME,ANE,EN,Combined TRACON& Tower with Radar,12,3,4,6,25,0,0,7,0,7,12,3,11,6,32,0,0,0,32
07/05/2020,BGR,ME,ANE,EN,Combined TRACON& Tower with Radar,8,12,14,10,44,0,1,3,0,4,8,13,17,10,48,0,0,0,48
07/06/2020,BGR,ME,ANE,EN,Combined TRACON& Tower with Radar,12,16,7,28,63,0,1,34,2,37,12,17,41,30,100,16,6,22,122
07/07/2020,BGR,ME,ANE,EN,Combined TRACON& Tower with Radar,7,18,12,39,76,0,0,11,19,30,7,18,23,58,106,0,34,34,140
07/08/2020,BGR,ME,ANE,EN,Combined TRACON& Tower with Radar,8,22,9,23,62,0,0,0,2,2,8,22,9,25,64,0,0,0,64
07/09/2020,BGR,ME,ANE,EN,Combined TRACON& Tower with Radar,21,13,12,40,86,7,4,21,25,57,28,17,33,65,143,16,58,74,217
07/10/2020,BGR,ME,ANE,EN,Combined TRACON& Tower with Radar,16,13,9,34,72,0,0,7,2,9,16,13,16,36,81,0,0,0,81
07/11/2020,BGR,ME,ANE,EN,Combined TRACON& Tower with Radar,16,29,14,11,70,0,3,1,0,4,16,32,15,11,74,0,0,0,74
07/12/2020,BGR,ME,ANE,EN,Combined TRACON& Tower with Radar,16,18,8,9,51,0,2,6,0,8,16,20,14,9,59,0,0,0,59
07/13/2020,BGR,ME,ANE,EN,Combined TRACON& Tower with Radar,16,14,12,13,55,0,5,21,1,27,16,19,33,14,82,8,4,12,94
07/14/2020,BGR,ME,ANE,EN,Combined TRACON& Tower with Radar,7,20,16,26,69,0,0,0,2,2,7,20,16,28,71,0,4,4,75
07/15/2020,BGR,ME,ANE,EN,Combined TRACON& Tower with Radar,11,20,16,39,86,0,2,39,16,57,11,22,55,55,143,38,22,60,203
07/16/2020,BGR,ME,ANE,EN,Combined TRACON& Tower with Radar,16,14,9,43,82,0,3,37,22,62,16,17,46,65,144,8,8,16,160
07/17/2020,BGR,ME,ANE,EN,Combined TRACON& Tower with Radar,23,14,10,32,79,0,0,2,4,6,23,14,12,36,85,0,0,0,85
07/18/2020,BGR,ME,ANE,EN,Combined TRACON& Tower with Radar,15,20,18,21,74,0,0,13,2,15,15,20,31,23,89,32,0,32,121
07/19/2020,BGR,ME,ANE,EN,Combined TRACON& Tower with Radar,19,7,10,11,47,0,1,38,1,40,19,8,48,12,87,46,0,46,133
07/20/2020,BGR,ME,ANE,EN,Combined TRACON& Tower with Radar,21,16,13,34,84,0,8,13,3,24,21,24,26,37,108,14,4,18,126
07/21/2020,BGR,ME,ANE,EN,Combined TRACON& Tower with Radar,9,18,4,47,78,0,2,28,14,44,9,20,32,61,122,16,4,20,142
07/22/2020,BGR,ME,ANE,EN,Combined TRACON& Tower with Radar,12,18,12,43,85,0,1,25,13,39,12,19,37,56,124,10,8,18,142
07/23/2020,BGR,ME,ANE,EN,Combined TRACON& Tower with Radar,19,23,10,10,62,0,4,10,0,14,19,27,20,10,76,0,0,0,76
07/24/2020,BGR,ME,ANE,EN,Combined TRACON& Tower with Radar,17,22,10,13,62,0,6,32,19,57,17,28,42,32,119,22,6,28,147
07/25/2020,BGR,ME,ANE,EN,Combined TRACON& Tower with Radar,15,15,10,18,58,0,1,23,5,29,15,16,33,23,87,0,0,0,87
07/26/2020,BGR,ME,ANE,EN,Combined TRACON& Tower with Radar,20,13,14,9,56,0,0,22,3,25,20,13,36,12,81,6,0,6,87
07/27/2020,BGR,ME,ANE,EN,Combined TRACON& Tower with Radar,20,10,11,19,60,0,0,24,1,25,20,10,35,20,85,14,4,18,103
07/28/2020,BGR,ME,ANE,EN,Combined TRACON& Tower with Radar,6,20,5,52,83,0,6,19,9,34,6,26,24,61,117,20,2,22,139
07/29/2020,BGR,ME,ANE,EN,Combined TRACON& Tower with Radar,12,21,5,41,79,0,4,43,22,69,12,25,48,63,148,0,22,22,170
07/30/2020,BGR,ME,ANE,EN,Combined TRACON& Tower with Radar,14,14,12,18,58,0,0,13,2,15,14,14,25,20,73,10,6,16,89
07/31/2020,BGR,ME,ANE,EN,Combined TRACON& Tower with Radar,16,18,15,11,60,0,0,34,11,45,16,18,49,22,105,22,14,36,141
08/01/2020,BGR,ME,ANE,EN,Combined TRACON& Tower with Radar,18,15,18,15,66,0,0,23,7,30,18,15,41,22,96,30,0,30,126
08/02/2020,BGR,ME,ANE,EN,Combined TRACON& Tower with Radar,20,15,26,11,72,0,12,17,8,37,20,27,43,19,109,14,0,14,123
08/03/2020,BGR,ME,ANE,EN,Combined TRACON& Tower with Radar,19,19,17,15,70,0,9,7,12,28,19,28,24,27,98,0,0,0,98
08/04/2020,BGR,ME,ANE,EN,Combined TRACON& Tower with Radar,14,11,13,10,48,0,1,9,8,18,14,12,22,18,66,0,0,0,66
08/05/2020,BGR,ME,ANE,EN,Combined TRACON& Tower with Radar,16,12,8,18,54,0,2,22,7,31,16,14,30,25,85,26,18,44,129
08/06/2020,BGR,ME,ANE,EN,Combined TRACON& Tower with Radar,22,15,15,23,75,0,2,24,15,41,22,17,39,38,116,18,28,46,162
08/07/2020,BGR,ME,ANE,EN,Combined TRACON& Tower with Radar,22,14,17,22,75,0,2,33,16,51,22,16,50,38,126,6,28,34,160
08/08/2020,BGR,ME,ANE,EN,Combined TRACON& Tower with Radar,22,12,5,11,50,0,1,23,18,42,22,13,28,29,92,0,12,12,104
08/09/2020,BGR,ME,ANE,EN,Combined TRACON& Tower with Radar,26,10,8,9,53,0,0,21,0,21,26,10,29,9,74,8,0,8,82
08/10/2020,BGR,ME,ANE,EN,Combined TRACON& Tower with Radar,21,19,7,35,82,0,0,14,9,23,21,19,21,44,105,4,36,40,145
08/11/2020,BGR,ME,ANE,EN,Combined TRACON& Tower with Radar,15,12,9,22,58,0,0,7,16,23,15,12,16,38,81,2,18,20,101
08/12/2020,BGR,ME,ANE,EN,Combined TRACON& Tower with Radar,18,20,11,33,82,0,2,14,14,30,18,22,25,47,112,8,16,24,136
08/13/2020,BGR,ME,ANE,EN,Combined TRACON& Tower with Radar,20,15,13,45,93,0,2,21,21,44,20,17,34,66,137,6,8,14,151
08/14/2020,BGR,ME,ANE,EN,Combined TRACON& Tower with Radar,23,12,5,25,65,0,0,18,9,27,23,12,23,34,92,8,16,24,116
08/15/2020,BGR,ME,ANE,EN,Combined TRACON& Tower with Radar,25,19,10,18,72,0,0,20,10,30,25,19,30,28,102,40,0,40,142
08/16/2020,BGR,ME,ANE,EN,Combined TRACON& Tower with Radar,22,10,18,28,78,0,2,14,2,18,22,12,32,30,96,6,0,6,102
08/17/2020,BGR,ME,ANE,EN,Combined TRACON& Tower with Radar,23,17,9,46,95,0,3,21,4,28,23,20,30,50,123,4,10,14,137
08/18/2020,BGR,ME,ANE,EN,Combined TRACON& Tower with Radar,15,16,17,29,77,0,1,5,4,10,15,17,22,33,87,0,14,14,101
08/19/2020,BGR,ME,ANE,EN,Combined TRACON& Tower with Radar,14,17,9,24,64,0,0,19,1,20,14,17,28,25,84,0,2,2,86
08/20/2020,BGR,ME,ANE,EN,Combined TRACON& Tower with Radar,20,13,14,66,113,0,3,22,26,51,20,16,36,92,164,22,12,34,198
08/21/2020,BGR,ME,ANE,EN,Combined TRACON& Tower with Radar,20,15,12,21,68,0,0,9,1,10,20,15,21,22,78,0,0,0,78
08/22/2020,BGR,ME,ANE,EN,Combined TRACON& Tower with Radar,16,9,12,18,55,0,2,13,1,16,16,11,25,19,71,0,0,0,71
08/23/2020,BGR,ME,ANE,EN,Combined TRACON& Tower with Radar,22,13,14,5,54,0,0,13,1,14,22,13,27,6,68,10,0,10,78
08/24/2020,BGR,ME,ANE,EN,Combined TRACON& Tower with Radar,20,9,5,33,67,0,1,14,1,16,20,10,19,34,83,0,8,8,91
08/25/2020,BGR,ME,ANE,EN,Combined TRACON& Tower with Radar,16,9,10,23,58,0,0,5,4,9,16,9,15,27,67,0,12,12,79
08/26/2020,BGR,ME,ANE,EN,Combined TRACON& Tower with Radar,18,18,20,32,88,0,6,11,5,22,18,24,31,37,110,14,20,34,144
08/27/2020,BGR,ME,ANE,EN,Combined TRACON& Tower with Radar,20,23,13,49,105,0,4,10,16,30,20,27,23,65,135,10,16,26,161
08/28/2020,BGR,ME,ANE,EN,Combined TRACON& Tower with Radar,24,14,20,32,90,0,1,26,7,34,24,15,46,39,124,36,4,40,164
08/29/2020,BGR,ME,ANE,EN,Combined TRACON& Tower with Radar,18,16,2,18,54,0,0,5,1,6,18,16,7,19,60,0,6,6,66
08/30/2020,BGR,ME,ANE,EN,Combined TRACON& Tower with Radar,22,14,9,8,53,0,0,15,5,20,22,14,24,13,73,8,0,8,81
08/31/2020,BGR,ME,ANE,EN,Combined TRACON& Tower with Radar,20,15,7,20,62,0,1,30,2,33,20,16,37,22,95,0,0,0,95
09/01/2020,BGR,ME,ANE,EN,Combined TRACON& Tower with Radar,14,15,4,39,72,0,0,15,11,26,14,15,19,50,98,4,4,8,106
09/02/2020,BGR,ME,ANE,EN,Combined TRACON& Tower with Radar,10,14,11,36,71,0,0,6,4,10,10,14,17,40,81,0,8,8,89
09/03/2020,BGR,ME,ANE,EN,Combined TRACON& Tower with Radar,17,20,16,45,98,0,2,14,22,38,17,22,30,67,136,6,12,18,154
09/04/2020,BGR,ME,ANE,EN,Combined TRACON& Tower with Radar,18,17,12,31,78,0,2,24,6,32,18,19,36,37,110,8,8,16,126
09/05/2020,BGR,ME,ANE,EN,Combined TRACON& Tower with Radar,15,14,10,4,43,0,0,22,0,22,15,14,32,4,65,4,0,4,69
09/06/2020,BGR,ME,ANE,EN,Combined TRACON& Tower with Radar,17,9,7,6,39,0,1,25,0,26,17,10,32,6,65,20,0,20,85
09/07/2020,BGR,ME,ANE,EN,Combined TRACON& Tower with Radar,18,17,7,8,50,0,1,1,0,2,18,18,8,8,52,0,0,0,52
09/08/2020,BGR,ME,ANE,EN,Combined TRACON& Tower with Radar,10,18,18,49,95,2,2,10,11,25,12,20,28,60,120,0,18,18,138
09/09/2020,BGR,ME,ANE,EN,Combined TRACON& Tower with Radar,16,21,27,35,99,0,0,9,4,13,16,21,36,39,112,0,0,0,112
09/10/2020,BGR,ME,ANE,EN,Combined TRACON& Tower with Radar,12,15,22,42,91,0,0,22,7,29,12,15,44,49,120,0,0,0,120
09/11/2020,BGR,ME,ANE,EN,Combined TRACON& Tower with Radar,16,20,10,26,72,0,1,14,6,21,16,21,24,32,93,16,20,36,129
09/12/2020,BGR,ME,ANE,EN,Combined TRACON& Tower with Radar,8,16,7,24,55,0,0,32,19,51,8,16,39,43,106,26,4,30,136
09/13/2020,BGR,ME,ANE,EN,Combined TRACON& Tower with Radar,18,11,13,18,60,0,0,11,5,16,18,11,24,23,76,4,0,4,80
09/14/2020,BGR,ME,ANE,EN,Combined TRACON& Tower with Radar,12,13,20,28,73,0,1,12,3,16,12,14,32,31,89,2,10,12,101
09/15/2020,BGR,ME,ANE,EN,Combined TRACON& Tower with Radar,8,16,9,37,70,0,0,28,19,47,8,16,37,56,117,16,8,24,141
09/16/2020,BGR,ME,ANE,EN,Combined TRACON& Tower with Radar,15,16,8,23,62,0,5,22,11,38,15,21,30,34,100,22,6,28,128
09/17/2020,BGR,ME,ANE,EN,Combined TRACON& Tower with Radar,13,18,13,42,86,0,4,27,19,50,13,22,40,61,136,2,4,6,142
09/18/2020,BGR,ME,ANE,EN,Combined TRACON& Tower with Radar,14,29,23,31,97,0,1,16,9,26,14,30,39,40,123,0,18,18,141
09/19/2020,BGR,ME,ANE,EN,Combined TRACON& Tower with Radar,10,15,8,12,45,0,2,25,3,30,10,17,33,15,75,0,0,0,75
09/20/2020,BGR,ME,ANE,EN,Combined TRACON& Tower with Radar,14,11,5,7,37,0,2,12,2,16,14,13,17,9,53,6,0,6,59
09/21/2020,BGR,ME,ANE,EN,Combined TRACON& Tower with Radar,14,22,16,44,96,0,1,18,3,22,14,23,34,47,118,10,12,22,140
09/22/2020,BGR,ME,ANE,EN,Combined TRACON& Tower with Radar,8,20,16,36,80,0,1,4,15,20,8,21,20,51,100,0,0,0,100
09/23/2020,BGR,ME,ANE,EN,Combined TRACON& Tower with Radar,12,17,14,39,82,0,1,4,8,13,12,18,18,47,95,0,10,10,105
09/24/2020,BGR,ME,ANE,EN,Combined TRACON& Tower with Radar,12,15,11,39,77,0,2,33,14,49,12,17,44,53,126,6,8,14,140
09/25/2020,BGR,ME,ANE,EN,Combined TRACON& Tower with Radar,13,29,20,43,105,0,1,43,8,52,13,30,63,51,157,36,0,36,193
09/26/2020,BGR,ME,ANE,EN,Combined TRACON& Tower with Radar,9,21,23,22,75,0,0,26,3,29,9,21,49,25,104,12,0,12,116
09/27/2020,BGR,ME,ANE,EN,Combined TRACON& Tower with Radar,12,19,19,11,61,0,0,9,1,10,12,19,28,12,71,18,0,18,89
09/28/2020,BGR,ME,ANE,EN,Combined TRACON& Tower with Radar,14,28,9,12,63,0,0,0,0,0,14,28,9,12,63,0,0,0,63
09/29/2020,BGR,ME,ANE,EN,Combined TRACON& Tower with Radar,8,29,27,45,109,0,2,2,0,4,8,31,29,45,113,0,0,0,113
09/30/2020,BGR,ME,ANE,EN,Combined TRACON& Tower with Radar,12,16,9,17,54,0,0,4,3,7,12,16,13,20,61,0,10,10,71
10/01/2020,BGR,ME,ANE,EN,Combined TRACON& Tower with Radar,16,24,17,41,98,0,4,23,25,52,16,28,40,66,150,6,8,14,164
10/02/2020,BGR,ME,ANE,EN,Combined TRACON& Tower with Radar,13,26,12,23,74,0,0,1,0,1,13,26,13,23,75,0,0,0,75
10/03/2020,BGR,ME,ANE,EN,Combined TRACON& Tower with Radar,8,17,12,25,62,0,0,28,2,30,8,17,40,27,92,16,6,22,114
10/04/2020,BGR,ME,ANE,EN,Combined TRACON& Tower with Radar,17,14,14,9,54,0,0,8,27,35,17,14,22,36,89,8,10,18,107
10/05/2020,BGR,ME,ANE,EN,Combined TRACON& Tower with Radar,14,21,10,43,88,0,5,14,5,24,14,26,24,48,112,4,16,20,132
10/06/2020,BGR,ME,ANE,EN,Combined TRACON& Tower with Radar,4,17,24,51,96,0,0,5,2,7,4,17,29,53,103,0,0,0,103
10/07/2020,BGR,ME,ANE,EN,Combined TRACON& Tower with Radar,13,16,9,52,90,0,4,6,3,13,13,20,15,55,103,0,0,0,103
10/08/2020,BGR,ME,ANE,EN,Combined TRACON& Tower with Radar,14,19,16,20,69,0,0,4,3,7,14,19,20,23,76,0,0,0,76
10/09/2020,BGR,ME,ANE,EN,Combined TRACON& Tower with Radar,18,16,23,20,77,0,2,16,0,18,18,18,39,20,95,12,0,12,107
10/10/2020,BGR,ME,ANE,EN,Combined TRACON& Tower with Radar,17,11,12,4,44,0,0,15,0,15,17,11,27,4,59,20,0,20,79
10/11/2020,BGR,ME,ANE,EN,Combined TRACON& Tower with Radar,15,10,10,5,40,0,3,27,0,30,15,13,37,5,70,16,0,16,86
10/12/2020,BGR,ME,ANE,EN,Combined TRACON& Tower with Radar,23,10,15,9,57,0,0,39,0,39,23,10,54,9,96,14,0,14,110
10/13/2020,BGR,ME,ANE,EN,Combined TRACON& Tower with Radar,9,10,6,22,47,0,1,4,0,5,9,11,10,22,52,6,0,6,58
10/14/2020,BGR,ME,ANE,EN,Combined TRACON& Tower with Radar,16,12,11,50,89,0,3,27,14,44,16,15,38,64,133,8,14,22,155
10/15/2020,BGR,ME,ANE,EN,Combined TRACON& Tower with Radar,18,19,9,47,93,0,0,21,15,36,18,19,30,62,129,2,14,16,145
10/16/2020,BGR,ME,ANE,EN,Combined TRACON& Tower with Radar,15,15,14,41,85,0,0,0,3,3,15,15,14,44,88,0,0,0,88
10/17/2020,BGR,ME,ANE,EN,Combined TRACON& Tower with Radar,9,15,6,4,34,0,1,0,0,1,9,16,6,4,35,0,0,0,35
10/18/2020,BGR,ME,ANE,EN,Combined TRACON& Tower with Radar,16,9,23,17,65,0,0,36,1,37,16,9,59,18,102,62,0,62,164
10/19/2020,BGR,ME,ANE,EN,Combined TRACON& Tower with Radar,16,13,16,24,69,0,5,25,9,39,16,18,41,33,108,0,0,0,108
10/20/2020,BGR,ME,ANE,EN,Combined TRACON& Tower with Radar,8,19,14,54,95,0,0,1,7,8,8,19,15,61,103,24,0,24,127
10/21/2020,BGR,ME,ANE,EN,Combined TRACON& Tower with Radar,11,21,14,41,87,0,0,0,0,0,11,21,14,41,87,0,8,8,95
10/22/2020,BGR,ME,ANE,EN,Combined TRACON& Tower with Radar,14,19,16,22,71,0,1,33,23,57,14,20,49,45,128,10,8,18,146
10/23/2020,BGR,ME,ANE,EN,Combined TRACON& Tower with Radar,14,12,17,22,65,0,1,25,3,29,14,13,42,25,94,6,4,10,104
10/24/2020,BGR,ME,ANE,EN,Combined TRACON& Tower with Radar,12,15,17,15,59,0,1,3,0,4,12,16,20,15,63,0,0,0,63
10/25/2020,BGR,ME,ANE,EN,Combined TRACON& Tower with Radar,16,10,5,13,44,0,0,14,1,15,16,10,19,14,59,6,0,6,65
10/26/2020,BGR,ME,ANE,EN,Combined TRACON& Tower with Radar,15,13,11,23,62,0,1,3,4,8,15,14,14,27,70,0,18,18,88
10/27/2020,BGR,ME,ANE,EN,Combined TRACON& Tower with Radar,11,14,18,33,76,0,2,23,18,43,11,16,41,51,119,12,34,46,165
10/28/2020,BGR,ME,ANE,EN,Combined TRACON& Tower with Radar,10,17,11,59,97,0,1,10,6,17,10,18,21,65,114,0,64,64,178
10/29/2020,BGR,ME,ANE,EN,Combined TRACON& Tower with Radar,17,21,9,37,84,0,0,4,1,5,17,21,13,38,89,0,8,8,97
10/30/2020,BGR,ME,ANE,EN,Combined TRACON& Tower with Radar,15,25,11,13,64,0,2,5,11,18,15,27,16,24,82,18,4,22,104
10/31/2020,BGR,ME,ANE,EN,Combined TRACON& Tower with Radar,6,16,9,3,34,0,2,25,0,27,6,18,34,3,61,18,0,18,79
11/01/2020,BGR,ME,ANE,EN,Combined TRACON& Tower with Radar,10,13,2,15,40,0,0,0,0,0,10,13,2,15,40,0,0,0,40
11/02/2020,BGR,ME,ANE,EN,Combined TRACON& Tower with Radar,12,11,9,28,60,0,2,4,1,7,12,13,13,29,67,6,0,6,73
11/03/2020,BGR,ME,ANE,EN,Combined TRACON& Tower with Radar,4,18,17,27,66,0,0,2,6,8,4,18,19,33,74,0,0,0,74
11/04/2020,BGR,ME,ANE,EN,Combined TRACON& Tower with Radar,7,21,18,41,87,0,4,15,7,26,7,25,33,48,113,0,0,0,113
11/05/2020,BGR,ME,ANE,EN,Combined TRACON& Tower with Radar,16,20,10,44,90,0,1,17,14,32,16,21,27,58,122,12,24,36,158
11/06/2020,BGR,ME,ANE,EN,Combined TRACON& Tower with Radar,15,18,10,12,55,0,4,18,0,22,15,22,28,12,77,0,0,0,77
11/07/2020,BGR,ME,ANE,EN,Combined TRACON& Tower with Radar,15,11,6,2,34,0,0,28,0,28,15,11,34,2,62,8,0,8,70
11/08/2020,BGR,ME,ANE,EN,Combined TRACON& Tower with Radar,15,6,17,13,51,0,0,27,1,28,15,6,44,14,79,0,2,2,81
11/09/2020,BGR,ME,ANE,EN,Combined TRACON& Tower with Radar,15,10,11,42,78,0,3,18,3,24,15,13,29,45,102,8,18,26,128
11/10/2020,BGR,ME,ANE,EN,Combined TRACON& Tower with Radar,12,14,9,28,63,0,3,20,9,32,12,17,29,37,95,6,4,10,105
11/11/2020,BGR,ME,ANE,EN,Combined TRACON& Tower with Radar,7,15,12,13,47,0,0,12,0,12,7,15,24,13,59,0,0,0,59
11/12/2020,BGR,ME,ANE,EN,Combined TRACON& Tower with Radar,15,18,9,44,86,0,0,10,13,23,15,18,19,57,109,14,32,46,155
11/13/2020,BGR,ME,ANE,EN,Combined TRACON& Tower with Radar,15,23,21,23,82,0,1,15,7,23,15,24,36,30,105,6,8,14,119
11/14/2020,BGR,ME,ANE,EN,Combined TRACON& Tower with Radar,15,12,5,14,46,0,3,21,17,41,15,15,26,31,87,28,12,40,127
11/15/2020,BGR,ME,ANE,EN,Combined TRACON& Tower with Radar,14,8,10,9,41,0,0,26,9,35,14,8,36,18,76,14,34,48,124
11/16/2020,BGR,ME,ANE,EN,Combined TRACON& Tower with Radar,16,8,4,10,38,0,2,14,1,17,16,10,18,11,55,0,0,0,55
11/17/2020,BGR,ME,ANE,EN,Combined TRACON& Tower with Radar,12,8,9,43,72,0,2,17,23,42,12,10,26,66,114,12,14,26,140
11/18/2020,BGR,ME,ANE,EN,Combined TRACON& Tower with Radar,6,10,4,21,41,0,0,20,8,28,6,10,24,29,69,24,8,32,101
11/19/2020,BGR,ME,ANE,EN,Combined TRACON& Tower with Radar,14,13,24,16,67,0,3,14,13,30,14,16,38,29,97,52,24,76,173
11/20/2020,BGR,ME,ANE,EN,Combined TRACON& Tower with Radar,12,14,20,12,58,0,0,23,3,26,12,14,43,15,84,22,2,24,108
11/21/2020,BGR,ME,ANE,EN,Combined TRACON& Tower with Radar,13,17,10,1,41,0,1,21,3,25,13,18,31,4,66,14,0,14,80
11/22/2020,BGR,ME,ANE,EN,Combined TRACON& Tower with Radar,17,9,11,2,39,0,0,30,3,33,17,9,41,5,72,6,0,6,78
11/23/2020,BGR,ME,ANE,EN,Combined TRACON& Tower with Radar,4,15,4,5,28,0,0,0,0,0,4,15,4,5,28,0,0,0,28
11/24/2020,BGR,ME,ANE,EN,Combined TRACON& Tower with Radar,22,20,12,22,76,0,3,11,2,16,22,23,23,24,92,8,14,22,114
11/25/2020,BGR,ME,ANE,EN,Combined TRACON& Tower with Radar,14,14,9,4,41,0,2,1,0,3,14,16,10,4,44,2,0,2,46
11/26/2020,BGR,ME,ANE,EN,Combined TRACON& Tower with Radar,2,4,0,0,6,0,0,0,0,0,2,4,0,0,6,0,0,0,6
11/27/2020,BGR,ME,ANE,EN,Combined TRACON& Tower with Radar,8,14,6,0,28,0,0,4,0,4,8,14,10,0,32,2,0,2,34
11/28/2020,BGR,ME,ANE,EN,Combined TRACON& Tower with Radar,16,14,7,2,39,0,1,5,0,6,16,15,12,2,45,12,0,12,57
11/29/2020,BGR,ME,ANE,EN,Combined TRACON& Tower with Radar,12,11,19,3,45,0,0,40,0,40,12,11,59,3,85,18,0,18,103
11/30/2020,BGR,ME,ANE,EN,Combined TRACON& Tower with Radar,17,13,6,22,58,0,0,0,0,0,17,13,6,22,58,0,0,0,58
12/01/2020,BGR,ME,ANE,EN,Combined TRACON& Tower with Radar,13,13,2,3,31,0,1,0,0,1,13,14,2,3,32,0,0,0,32
12/02/2020,BGR,ME,ANE,EN,Combined TRACON& Tower with Radar,5,14,13,35,67,0,1,9,8,18,5,15,22,43,85,26,4,30,115
12/03/2020,BGR,ME,ANE,EN,Combined TRACON& Tower with Radar,14,21,18,34,87,0,3,26,26,55,14,24,44,60,142,42,26,68,210
12/04/2020,BGR,ME,ANE,EN,Combined TRACON& Tower with Radar,14,13,16,16,59,0,0,22,4,26,14,13,38,20,85,30,0,30,115
12/05/2020,BGR,ME,ANE,EN,Combined TRACON& Tower with Radar,2,16,5,2,25,0,0,0,0,0,2,16,5,2,25,0,0,0,25
12/06/2020,BGR,ME,ANE,EN,Combined TRACON& Tower with Radar,12,7,6,2,27,0,0,0,0,0,12,7,6,2,27,0,0,0,27
12/07/2020,BGR,ME,ANE,EN,Combined TRACON& Tower with Radar,14,10,8,36,68,0,3,12,3,18,14,13,20,39,86,18,30,48,134
12/08/2020,BGR,ME,ANE,EN,Combined TRACON& Tower with Radar,9,18,4,17,48,0,5,2,5,12,9,23,6,22,60,0,38,38,98
12/09/2020,BGR,ME,ANE,EN,Combined TRACON& Tower with Radar,5,17,27,20,69,0,2,13,2,17,5,19,40,22,86,18,0,18,104
12/10/2020,BGR,ME,ANE,EN,Combined TRACON& Tower with Radar,14,21,19,22,76,0,1,16,24,41,14,22,35,46,117,30,30,60,177
12/11/2020,BGR,ME,ANE,EN,Combined TRACON& Tower with Radar,14,24,14,31,83,0,1,30,9,40,14,25,44,40,123,20,0,20,143
12/12/2020,BGR,ME,ANE,EN,Combined TRACON& Tower with Radar,2,16,11,2,31,0,0,10,0,10,2,16,21,2,41,0,0,0,41
12/13/2020,BGR,ME,ANE,EN,Combined TRACON& Tower with Radar,12,9,8,4,33,0,0,0,0,0,12,9,8,4,33,0,0,0,33
12/14/2020,BGR,ME,ANE,EN,Combined TRACON& Tower with Radar,13,13,14,33,73,0,1,6,5,12,13,14,20,38,85,0,0,0,85
12/15/2020,BGR,ME,ANE,EN,Combined TRACON& Tower with Radar,9,22,7,31,69,0,2,7,17,26,9,24,14,48,95,0,20,20,115
12/16/2020,BGR,ME,ANE,EN,Combined TRACON& Tower with Radar,12,22,14,56,104,0,3,13,11,27,12,25,27,67,131,20,2,22,153
12/17/2020,BGR,ME,ANE,EN,Combined TRACON& Tower with Radar,12,28,8,14,62,0,0,0,1,1,12,28,8,15,63,0,8,8,71
12/18/2020,BGR,ME,ANE,EN,Combined TRACON& Tower with Radar,12,20,16,20,68,0,5,16,7,28,12,25,32,27,96,30,22,52,148
12/19/2020,BGR,ME,ANE,EN,Combined TRACON& Tower with Radar,11,20,16,10,57,0,3,20,0,23,11,23,36,10,80,10,0,10,90
12/20/2020,BGR,ME,ANE,EN,Combined TRACON& Tower with Radar,11,11,5,0,27,0,1,10,0,11,11,12,15,0,38,10,0,10,48
12/21/2020,BGR,ME,ANE,EN,Combined TRACON& Tower with Radar,18,21,12,12,63,0,0,0,0,0,18,21,12,12,63,0,0,0,63
12/22/2020,BGR,ME,ANE,EN,Combined TRACON& Tower with Radar,18,21,9,34,82,0,3,4,3,10,18,24,13,37,92,10,8,18,110
12/23/2020,BGR,ME,ANE,EN,Combined TRACON& Tower with Radar,12,25,16,40,93,0,5,18,2,25,12,30,34,42,118,8,18,26,144
12/24/2020,BGR,ME,ANE,EN,Combined TRACON& Tower with Radar,11,16,1,2,30,0,4,0,0,4,11,20,1,2,34,2,0,2,36
12/25/2020,BGR,ME,ANE,EN,Combined TRACON& Tower with Radar,5,4,0,1,10,0,0,0,0,0,5,4,0,1,10,0,0,0,10
12/26/2020,BGR,ME,ANE,EN,Combined TRACON& Tower with Radar,12,13,11,2,38,0,4,4,0,8,12,17,15,2,46,0,0,0,46
12/27/2020,BGR,ME,ANE,EN,Combined TRACON& Tower with Radar,10,14,14,3,41,0,1,16,0,17,10,15,30,3,58,6,0,6,64
12/28/2020,BGR,ME,ANE,EN,Combined TRACON& Tower with Radar,12,12,4,22,50,0,5,3,1,9,12,17,7,23,59,0,0,0,59
12/29/2020,BGR,ME,ANE,EN,Combined TRACON& Tower with Radar,14,16,14,26,70,0,3,4,16,23,14,19,18,42,93,0,4,4,97
12/30/2020,BGR,ME,ANE,EN,Combined TRACON& Tower with Radar,12,18,13,28,71,0,2,23,11,36,12,20,36,39,107,14,4,18,125
12/31/2020,BGR,ME,ANE,EN,Combined TRACON& Tower with Radar,10,14,4,0,28,0,2,1,0,3,10,16,5,0,31,0,0,0,31
01/01/2021,BGR,ME,ANE,EN,Combined TRACON& Tower with Radar,7,7,6,2,22,0,4,16,0,20,7,11,22,2,42,16,0,16,58
01/02/2021,BGR,ME,ANE,EN,Combined TRACON& Tower with Radar,13,16,5,1,35,0,1,0,0,1,13,17,5,1,36,0,0,0,36
01/03/2021,BGR,ME,ANE,EN,Combined TRACON& Tower with Radar,11,10,16,2,39,0,2,2,0,4,11,12,18,2,43,38,0,38,81
01/04/2021,BGR,ME,ANE,EN,Combined TRACON& Tower with Radar,14,13,13,19,59,0,2,0,0,2,14,15,13,19,61,0,0,0,61
01/05/2021,BGR,ME,ANE,EN,Combined TRACON& Tower with Radar,4,16,1,20,41,0,0,0,0,0,4,16,1,20,41,0,0,0,41
01/06/2021,BGR,ME,ANE,EN,Combined TRACON& Tower with Radar,7,15,8,36,66,0,2,1,10,13,7,17,9,46,79,0,4,4,83
01/07/2021,BGR,ME,ANE,EN,Combined TRACON& Tower with Radar,3,18,5,34,60,0,0,20,11,31,3,18,25,45,91,24,10,34,125
01/08/2021,BGR,ME,ANE,EN,Combined TRACON& Tower with Radar,4,20,9,27,60,0,2,12,14,28,4,22,21,41,88,12,18,30,118
01/09/2021,BGR,ME,ANE,EN,Combined TRACON& Tower with Radar,4,17,11,16,48,0,4,5,27,36,4,21,16,43,84,0,0,0,84
01/10/2021,BGR,ME,ANE,EN,Combined TRACON& Tower with Radar,4,16,13,1,34,0,4,13,0,17,4,20,26,1,51,0,0,0,51
01/11/2021,BGR,ME,ANE,EN,Combined TRACON& Tower with Radar,4,15,20,27,66,0,4,18,16,38,4,19,38,43,104,34,4,38,142
01/12/2021,BGR,ME,ANE,EN,Combined TRACON& Tower with Radar,2,17,4,39,62,0,2,5,19,26,2,19,9,58,88,2,24,26,114
01/13/2021,BGR,ME,ANE,EN,Combined TRACON& Tower with Radar,5,16,8,22,51,0,0,25,17,42,5,16,33,39,93,16,8,24,117
01/14/2021,BGR,ME,ANE,EN,Combined TRACON& Tower with Radar,9,26,15,42,92,1,3,17,22,43,10,29,32,64,135,6,22,28,163
01/15/2021,BGR,ME,ANE,EN,Combined TRACON& Tower with Radar,4,24,11,18,57,0,0,25,2,27,4,24,36,20,84,24,4,28,112
01/16/2021,BGR,ME,ANE,EN,Combined TRACON& Tower with Radar,4,19,5,10,38,0,0,0,0,0,4,19,5,10,38,0,0,0,38
01/17/2021,BGR,ME,ANE,EN,Combined TRACON& Tower with Radar,2,12,4,10,28,0,2,0,0,2,2,14,4,10,30,0,0,0,30
01/18/2021,BGR,ME,ANE,EN,Combined TRACON& Tower with Radar,4,22,7,11,44,0,6,7,0,13,4,28,14,11,57,4,0,4,61
01/19/2021,BGR,ME,ANE,EN,Combined TRACON& Tower with Radar,3,20,3,46,72,0,6,14,18,38,3,26,17,64,110,6,22,28,138
01/20/2021,BGR,ME,ANE,EN,Combined TRACON& Tower with Radar,4,11,8,46,69,0,5,15,14,34,4,16,23,60,103,8,28,36,139
01/21/2021,BGR,ME,ANE,EN,Combined TRACON& Tower with Radar,5,19,22,39,85,0,6,16,18,40,5,25,38,57,125,26,2,28,153
01/22/2021,BGR,ME,ANE,EN,Combined TRACON& Tower with Radar,4,26,8,41,79,0,2,10,5,17,4,28,18,46,96,6,8,14,110
01/23/2021,BGR,ME,ANE,EN,Combined TRACON& Tower with Radar,6,20,13,15,54,0,0,5,1,6,6,20,18,16,60,0,0,0,60
01/24/2021,BGR,ME,ANE,EN,Combined TRACON& Tower with Radar,2,16,6,21,45,0,2,5,4,11,2,18,11,25,56,26,0,26,82
01/25/2021,BGR,ME,ANE,EN,Combined TRACON& Tower with Radar,4,21,13,20,58,0,3,17,16,36,4,24,30,36,94,0,0,0,94
01/26/2021,BGR,ME,ANE,EN,Combined TRACON& Tower with Radar,3,16,14,41,74,0,0,29,20,49,3,16,43,61,123,34,16,50,173
01/27/2021,BGR,ME,ANE,EN,Combined TRACON& Tower with Radar,5,15,17,26,63,0,2,3,5,10,5,17,20,31,73,2,6,8,81
01/28/2021,BGR,ME,ANE,EN,Combined TRACON& Tower with Radar,2,23,15,23,63,0,2,14,5,21,2,25,29,28,84,30,4,34,118
01/29/2021,BGR,ME,ANE,EN,Combined TRACON& Tower with Radar,5,23,9,19,56,0,2,0,0,2,5,25,9,19,58,0,0,0,58
01/30/2021,BGR,ME,ANE,EN,Combined TRACON& Tower with Radar,5,21,7,16,49,0,4,9,0,13,5,25,16,16,62,12,0,12,74
01/31/2021,BGR,ME,ANE,EN,Combined TRACON& Tower with Radar,6,15,13,12,46,0,7,41,1,49,6,22,54,13,95,22,0,22,117
02/01/2021,BGR,ME,ANE,EN,Combined TRACON& Tower with Radar,8,16,6,20,50,0,3,4,0,7,8,19,10,20,57,0,0,0,57
02/02/2021,BGR,ME,ANE,EN,Combined TRACON& Tower with Radar,3,8,2,0,13,0,0,0,0,0,3,8,2,0,13,0,0,0,13
02/03/2021,BGR,ME,ANE,EN,Combined TRACON& Tower with Radar,8,18,3,8,37,0,0,0,0,0,8,18,3,8,37,0,0,0,37
02/04/2021,BGR,ME,ANE,EN,Combined TRACON& Tower with Radar,2,24,12,49,87,0,3,15,18,36,2,27,27,67,123,32,2,34,157
02/05/2021,BGR,ME,ANE,EN,Combined TRACON& Tower with Radar,4,23,8,24,59,0,3,10,0,13,4,26,18,24,72,22,0,22,94
02/06/2021,BGR,ME,ANE,EN,Combined TRACON& Tower with Radar,4,22,14,7,47,0,2,13,0,15,4,24,27,7,62,0,0,0,62
02/07/2021,BGR,ME,ANE,EN,Combined TRACON& Tower with Radar,4,15,5,2,26,0,2,11,0,13,4,17,16,2,39,38,0,38,77
02/08/2021,BGR,ME,ANE,EN,Combined TRACON& Tower with Radar,4,27,11,15,57,0,3,6,11,20,4,30,17,26,77,10,10,20,97
02/09/2021,BGR,ME,ANE,EN,Combined TRACON& Tower with Radar,2,17,6,27,52,0,1,5,3,9,2,18,11,30,61,22,6,28,89
02/10/2021,BGR,ME,ANE,EN,Combined TRACON& Tower with Radar,5,18,6,26,55,0,5,11,17,33,5,23,17,43,88,0,0,0,88
02/11/2021,BGR,ME,ANE,EN,Combined TRACON& Tower with Radar,11,25,22,24,82,0,3,9,14,26,11,28,31,38,108,14,4,18,126
02/12/2021,BGR,ME,ANE,EN,Combined TRACON& Tower with Radar,6,32,20,8,66,0,4,25,0,29,6,36,45,8,95,22,0,22,117
02/13/2021,BGR,ME,ANE,EN,Combined TRACON& Tower with Radar,6,19,8,14,47,0,3,29,0,32,6,22,37,14,79,40,0,40,119
02/14/2021,BGR,ME,ANE,EN,Combined TRACON& Tower with Radar,10,15,5,13,43,0,4,2,0,6,10,19,7,13,49,18,0,18,67
02/15/2021,BGR,ME,ANE,EN,Combined TRACON& Tower with Radar,8,14,8,11,41,0,4,15,5,24,8,18,23,16,65,0,12,12,77
02/16/2021,BGR,ME,ANE,EN,Combined TRACON& Tower with Radar,2,7,1,2,12,0,0,0,0,0,2,7,1,2,12,0,0,0,12
02/17/2021,BGR,ME,ANE,EN,Combined TRACON& Tower with Radar,6,13,11,18,48,0,5,8,7,20,6,18,19,25,68,0,0,0,68
02/18/2021,BGR,ME,ANE,EN,Combined TRACON& Tower with Radar,6,16,4,27,53,0,4,22,16,42,6,20,26,43,95,32,4,36,131
02/19/2021,BGR,ME,ANE,EN,Combined TRACON& Tower with Radar,8,24,4,18,54,0,1,4,6,11,8,25,8,24,65,16,22,38,103
02/20/2021,BGR,ME,ANE,EN,Combined TRACON& Tower with Radar,8,22,9,9,48,0,2,23,4,29,8,24,32,13,77,54,0,54,131
02/21/2021,BGR,ME,ANE,EN,Combined TRACON& Tower with Radar,4,15,14,13,46,0,3,34,2,39,4,18,48,15,85,60,0,60,145
02/22/2021,BGR,ME,ANE,EN,Combined TRACON& Tower with Radar,8,19,9,35,71,0,0,4,5,9,8,19,13,40,80,0,0,0,80
02/23/2021,BGR,ME,ANE,EN,Combined TRACON& Tower with Radar,4,19,14,25,62,0,2,17,16,35,4,21,31,41,97,16,44,60,157
02/24/2021,BGR,ME,ANE,EN,Combined TRACON& Tower with Radar,10,16,10,34,70,0,1,29,13,43,10,17,39,47,113,22,12,34,147
02/25/2021,BGR,ME,ANE,EN,Combined TRACON& Tower with Radar,4,25,12,21,62,0,3,10,9,22,4,28,22,30,84,8,34,42,126
02/26/2021,BGR,ME,ANE,EN,Combined TRACON& Tower with Radar,7,24,9,32,72,0,7,13,15,35,7,31,22,47,107,10,14,24,131
02/27/2021,BGR,ME,ANE,EN,Combined TRACON& Tower with Radar,8,17,14,4,43,0,2,5,0,7,8,19,19,4,50,4,0,4,54
02/28/2021,BGR,ME,ANE,EN,Combined TRACON& Tower with Radar,9,19,4,6,38,0,1,21,0,22,9,20,25,6,60,12,0,12,72
03/01/2021,BGR,ME,ANE,EN,Combined TRACON& Tower with Radar,5,19,4,5,33,0,0,0,0,0,5,19,4,5,33,0,0,0,33
03/02/2021,BGR,ME,ANE,EN,Combined TRACON& Tower with Radar,8,16,6,8,38,0,1,0,0,1,8,17,6,8,39,0,0,0,39
03/03/2021,BGR,ME,ANE,EN,Combined TRACON& Tower with Radar,10,14,13,45,82,0,3,14,16,33,10,17,27,61,115,2,46,48,163
03/04/2021,BGR,ME,ANE,EN,Combined TRACON& Tower with Radar,12,21,7,30,70,1,0,12,5,18,13,21,19,35,88,0,0,0,88
03/05/2021,BGR,ME,ANE,EN,Combined TRACON& Tower with Radar,13,20,3,22,58,0,0,7,7,14,13,20,10,29,72,4,18,22,94
03/06/2021,BGR,ME,ANE,EN,Combined TRACON& Tower with Radar,13,16,11,11,51,0,4,9,15,28,13,20,20,26,79,6,6,12,91
03/07/2021,BGR,ME,ANE,EN,Combined TRACON& Tower with Radar,11,17,19,4,51,0,3,26,0,29,11,20,45,4,80,14,0,14,94
03/08/2021,BGR,ME,ANE,EN,Combined TRACON& Tower with Radar,13,19,9,44,85,0,5,16,8,29,13,24,25,52,114,0,28,28,142
03/09/2021,BGR,ME,ANE,EN,Combined TRACON& Tower with Radar,6,22,11,42,81,0,3,6,15,24,6,25,17,57,105,8,10,18,123
03/10/2021,BGR,ME,ANE,EN,Combined TRACON& Tower with Radar,12,18,17,37,84,0,1,19,14,34,12,19,36,51,118,0,2,2,120
03/11/2021,BGR,ME,ANE,EN,Combined TRACON& Tower with Radar,8,22,7,27,64,0,0,23,14,37,8,22,30,41,101,2,10,12,113
03/12/2021,BGR,ME,ANE,EN,Combined TRACON& Tower with Radar,11,18,4,16,49,0,0,4,9,13,11,18,8,25,62,0,0,0,62
03/13/2021,BGR,ME,ANE,EN,Combined TRACON& Tower with Radar,15,14,3,4,36,0,1,2,0,3,15,15,5,4,39,0,0,0,39
03/14/2021,BGR,ME,ANE,EN,Combined TRACON& Tower with Radar,8,14,4,9,35,0,0,0,0,0,8,14,4,9,35,0,0,0,35
03/15/2021,BGR,ME,ANE,EN,Combined TRACON& Tower with Radar,12,20,7,22,61,0,3,0,0,3,12,23,7,22,64,0,0,0,64
03/16/2021,BGR,ME,ANE,EN,Combined TRACON& Tower with Radar,10,19,5,35,69,0,4,21,22,47,10,23,26,57,116,4,18,22,138
03/17/2021,BGR,ME,ANE,EN,Combined TRACON& Tower with Radar,10,12,6,38,66,0,1,20,5,26,10,13,26,43,92,26,4,30,122
03/18/2021,BGR,ME,ANE,EN,Combined TRACON& Tower with Radar,10,24,14,40,88,0,2,10,20,32,10,26,24,60,120,4,10,14,134
03/19/2021,BGR,ME,ANE,EN,Combined TRACON& Tower with Radar,10,20,10,17,57,0,0,5,11,16,10,20,15,28,73,0,0,0,73
03/20/2021,BGR,ME,ANE,EN,Combined TRACON& Tower with Radar,13,14,20,6,53,0,1,22,6,29,13,15,42,12,82,6,12,18,100
03/21/2021,BGR,ME,ANE,EN,Combined TRACON& Tower with Radar,11,14,13,8,46,0,2,27,3,32,11,16,40,11,78,16,0,16,94
03/22/2021,BGR,ME,ANE,EN,Combined TRACON& Tower with Radar,12,15,7,19,53,0,1,14,9,24,12,16,21,28,77,38,0,38,115
03/23/2021,BGR,ME,ANE,EN,Combined TRACON& Tower with Radar,6,20,11,45,82,0,4,17,30,51,6,24,28,75,133,22,6,28,161
03/24/2021,BGR,ME,ANE,EN,Combined TRACON& Tower with Radar,10,21,10,49,90,0,2,13,14,29,10,23,23,63,119,8,22,30,149
03/25/2021,BGR,ME,ANE,EN,Combined TRACON& Tower with Radar,10,23,25,36,94,0,0,1,3,4,10,23,26,39,98,0,10,10,108
03/26/2021,BGR,ME,ANE,EN,Combined TRACON& Tower with Radar,10,24,12,3,49,0,0,0,0,0,10,24,12,3,49,0,0,0,49
03/27/2021,BGR,ME,ANE,EN,Combined TRACON& Tower with Radar,12,16,8,3,39,0,3,7,2,12,12,19,15,5,51,0,0,0,51
03/28/2021,BGR,ME,ANE,EN,Combined TRACON& Tower with Radar,10,18,10,9,47,0,0,0,0,0,10,18,10,9,47,0,0,0,47
03/29/2021,BGR,ME,ANE,EN,Combined TRACON& Tower with Radar,10,19,8,16,53,0,2,2,0,4,10,21,10,16,57,0,0,0,57
03/30/2021,BGR,ME,ANE,EN,Combined TRACON& Tower with Radar,10,26,20,45,101,0,2,33,25,60,10,28,53,70,161,16,20,36,197
03/31/2021,BGR,ME,ANE,EN,Combined TRACON& Tower with Radar,11,24,8,49,92,0,0,3,1,4,11,24,11,50,96,0,4,4,100
04/01/2021,BGR,ME,ANE,EN,Combined TRACON& Tower with Radar,12,27,5,38,82,0,1,0,1,2,12,28,5,39,84,0,0,0,84
04/02/2021,BGR,ME,ANE,EN,Combined TRACON& Tower with Radar,14,18,14,36,82,0,0,19,15,34,14,18,33,51,116,54,8,62,178
04/03/2021,BGR,ME,ANE,EN,Combined TRACON& Tower with Radar,16,15,13,6,50,0,0,42,2,44,16,15,55,8,94,46,0,46,140
04/04/2021,BGR,ME,ANE,EN,Combined TRACON& Tower with Radar,14,15,6,6,41,0,0,5,0,5,14,15,11,6,46,0,0,0,46
04/05/2021,BGR,ME,ANE,EN,Combined TRACON& Tower with Radar,15,23,12,26,76,0,4,2,0,6,15,27,14,26,82,0,0,0,82
04/06/2021,BGR,ME,ANE,EN,Combined TRACON& Tower with Radar,8,17,13,55,93,0,1,7,3,11,8,18,20,58,104,0,10,10,114
04/07/2021,BGR,ME,ANE,EN,Combined TRACON& Tower with Radar,13,18,11,21,63,0,1,7,10,18,13,19,18,31,81,0,10,10,91
04/08/2021,BGR,ME,ANE,EN,Combined TRACON& Tower with Radar,13,19,28,45,105,0,4,19,26,49,13,23,47,71,154,18,0,18,172
04/09/2021,BGR,ME,ANE,EN,Combined TRACON& Tower with Radar,12,18,24,22,76,0,0,49,0,49,12,18,73,22,125,58,0,58,183
04/10/2021,BGR,ME,ANE,EN,Combined TRACON& Tower with Radar,14,17,9,20,60,0,0,29,12,41,14,17,38,32,101,18,0,18,119
04/11/2021,BGR,ME,ANE,EN,Combined TRACON& Tower with Radar,14,12,20,18,64,0,0,11,2,13,14,12,31,20,77,22,0,22,99
04/12/2021,BGR,ME,ANE,EN,Combined TRACON& Tower with Radar,16,17,16,21,70,0,5,1,1,7,16,22,17,22,77,0,2,2,79
04/13/2021,BGR,ME,ANE,EN,Combined TRACON& Tower with Radar,10,19,8,48,85,0,3,19,15,37,10,22,27,63,122,12,32,44,166
04/14/2021,BGR,ME,ANE,EN,Combined TRACON& Tower with Radar,13,17,19,36,85,0,7,37,6,50,13,24,56,42,135,18,12,30,165
04/15/2021,BGR,ME,ANE,EN,Combined TRACON& Tower with Radar,15,34,17,47,113,0,7,31,26,64,15,41,48,73,177,14,32,46,223
04/16/2021,BGR,ME,ANE,EN,Combined TRACON& Tower with Radar,13,27,12,11,63,0,1,1,1,3,13,28,13,12,66,2,0,2,68
04/17/2021,BGR,ME,ANE,EN,Combined TRACON& Tower with Radar,15,19,12,5,51,0,2,0,0,2,15,21,12,5,53,0,0,0,53
04/18/2021,BGR,ME,ANE,EN,Combined TRACON& Tower with Radar,21,13,13,7,54,0,1,6,6,13,21,14,19,13,67,40,0,40,107
04/19/2021,BGR,ME,ANE,EN,Combined TRACON& Tower with Radar,12,18,10,35,75,0,4,12,9,25,12,22,22,44,100,10,26,36,136
04/20/2021,BGR,ME,ANE,EN,Combined TRACON& Tower with Radar,14,20,15,43,92,0,3,15,20,38,14,23,30,63,130,30,30,60,190
04/21/2021,BGR,ME,ANE,EN,Combined TRACON& Tower with Radar,12,17,16,32,77,0,0,6,8,14,12,17,22,40,91,0,12,12,103
04/22/2021,BGR,ME,ANE,EN,Combined TRACON& Tower with Radar,12,25,11,24,72,0,3,2,5,10,12,28,13,29,82,0,2,2,84
04/23/2021,BGR,ME,ANE,EN,Combined TRACON& Tower with Radar,14,20,6,29,69,0,2,2,9,13,14,22,8,38,82,2,0,2,84
04/24/2021,BGR,ME,ANE,EN,Combined TRACON& Tower with Radar,17,20,7,17,61,0,0,31,5,36,17,20,38,22,97,18,0,18,115
04/25/2021,BGR,ME,ANE,EN,Combined TRACON& Tower with Radar,15,18,15,19,67,0,2,9,1,12,15,20,24,20,79,10,0,10,89
04/26/2021,BGR,ME,ANE,EN,Combined TRACON& Tower with Radar,16,16,6,21,59,0,0,2,2,4,16,16,8,23,63,2,8,10,73
04/27/2021,BGR,ME,ANE,EN,Combined TRACON& Tower with Radar,11,22,8,48,89,0,1,25,20,46,11,23,33,68,135,14,24,38,173
04/28/2021,BGR,ME,ANE,EN,Combined TRACON& Tower with Radar,9,22,23,26,80,0,1,23,11,35,9,23,46,37,115,14,10,24,139
04/29/2021,BGR,ME,ANE,EN,Combined TRACON& Tower with Radar,11,19,14,64,108,0,0,15,11,26,11,19,29,75,134,0,20,20,154
04/30/2021,BGR,ME,ANE,EN,Combined TRACON& Tower with Radar,12,21,14,10,57,0,0,0,0,0,12,21,14,10,57,0,0,0,57
05/01/2021,BGR,ME,ANE,EN,Combined TRACON& Tower with Radar,8,13,8,22,51,0,3,8,0,11,8,16,16,22,62,4,0,4,66
05/02/2021,BGR,ME,ANE,EN,Combined TRACON& Tower with Radar,10,12,11,12,45,0,1,9,1,11,10,13,20,13,56,0,0,0,56
05/03/2021,BGR,ME,ANE,EN,Combined TRACON& Tower with Radar,12,13,14,38,77,0,0,20,8,28,12,13,34,46,105,36,18,54,159
05/04/2021,BGR,ME,ANE,EN,Combined TRACON& Tower with Radar,8,24,11,53,96,0,2,24,3,29,8,26,35,56,125,10,14,24,149
05/05/2021,BGR,ME,ANE,EN,Combined TRACON& Tower with Radar,10,22,13,47,92,0,1,0,0,1,10,23,13,47,93,0,0,0,93
05/06/2021,BGR,ME,ANE,EN,Combined TRACON& Tower with Radar,17,18,34,32,101,0,1,11,1,13,17,19,45,33,114,0,0,0,114
05/07/2021,BGR,ME,ANE,EN,Combined TRACON& Tower with Radar,20,21,16,24,81,0,0,26,0,26,20,21,42,24,107,0,0,0,107
05/08/2021,BGR,ME,ANE,EN,Combined TRACON& Tower with Radar,21,18,8,12,59,0,2,9,1,12,21,20,17,13,71,28,0,28,99
05/09/2021,BGR,ME,ANE,EN,Combined TRACON& Tower with Radar,19,16,21,9,65,0,0,17,0,17,19,16,38,9,82,0,0,0,82
05/10/2021,BGR,ME,ANE,EN,Combined TRACON& Tower with Radar,20,19,9,43,91,0,0,19,2,21,20,19,28,45,112,4,8,12,124
05/11/2021,BGR,ME,ANE,EN,Combined TRACON& Tower with Radar,16,17,15,38,86,0,0,7,6,13,16,17,22,44,99,22,2,24,123
05/12/2021,BGR,ME,ANE,EN,Combined TRACON& Tower with Radar,14,15,17,30,76,0,1,9,12,22,14,16,26,42,98,28,12,40,138
05/13/2021,BGR,ME,ANE,EN,Combined TRACON& Tower with Radar,19,22,10,53,104,0,4,24,26,54,19,26,34,79,158,12,12,24,182
05/14/2021,BGR,ME,ANE,EN,Combined TRACON& Tower with Radar,20,20,9,20,69,0,2,23,3,28,20,22,32,23,97,4,0,4,101
05/15/2021,BGR,ME,ANE,EN,Combined TRACON& Tower with Radar,25,18,11,11,65,0,0,27,5,32,25,18,38,16,97,0,0,0,97
05/16/2021,BGR,ME,ANE,EN,Combined TRACON& Tower with Radar,21,10,9,8,48,0,1,12,3,16,21,11,21,11,64,18,2,20,84
05/17/2021,BGR,ME,ANE,EN,Combined TRACON& Tower with Radar,26,19,12,33,90,0,2,18,13,33,26,21,30,46,123,14,26,40,163
05/18/2021,BGR,ME,ANE,EN,Combined TRACON& Tower with Radar,16,18,14,31,79,0,0,19,20,39,16,18,33,51,118,10,18,28,146
05/19/2021,BGR,ME,ANE,EN,Combined TRACON& Tower with Radar,15,20,22,26,83,0,0,24,15,39,15,20,46,41,122,0,6,6,128
05/20/2021,BGR,ME,ANE,EN,Combined TRACON& Tower with Radar,18,21,7,48,94,0,2,36,15,53,18,23,43,63,147,10,12,22,169
05/21/2021,BGR,ME,ANE,EN,Combined TRACON& Tower with Radar,19,20,12,24,75,0,1,10,1,12,19,21,22,25,87,8,8,16,103
05/22/2021,BGR,ME,ANE,EN,Combined TRACON& Tower with Radar,23,19,5,2,49,0,0,5,2,7,23,19,10,4,56,20,0,20,76
05/23/2021,BGR,ME,ANE,EN,Combined TRACON& Tower with Radar,19,16,9,3,47,0,0,0,0,0,19,16,9,3,47,12,0,12,59
05/24/2021,BGR,ME,ANE,EN,Combined TRACON& Tower with Radar,22,19,15,40,96,0,1,29,3,33,22,20,44,43,129,8,32,40,169
05/25/2021,BGR,ME,ANE,EN,Combined TRACON& Tower with Radar,16,17,22,20,75,0,6,25,7,38,16,23,47,27,113,4,10,14,127
05/26/2021,BGR,ME,ANE,EN,Combined TRACON& Tower with Radar,15,21,19,28,83,0,1,11,12,24,15,22,30,40,107,6,4,10,117
05/27/2021,BGR,ME,ANE,EN,Combined TRACON& Tower with Radar,22,25,21,18,86,0,3,28,5,36,22,28,49,23,122,10,6,16,138
05/28/2021,BGR,ME,ANE,EN,Combined TRACON& Tower with Radar,22,16,27,16,81,0,0,24,1,25,22,16,51,17,106,30,2,32,138
05/29/2021,BGR,ME,ANE,EN,Combined TRACON& Tower with Radar,24,19,9,6,58,0,3,12,0,15,24,22,21,6,73,14,0,14,87
05/30/2021,BGR,ME,ANE,EN,Combined TRACON& Tower with Radar,17,16,3,6,42,0,1,8,0,9,17,17,11,6,51,0,0,0,51
05/31/2021,BGR,ME,ANE,EN,Combined TRACON& Tower with Radar,19,16,10,5,50,0,0,0,0,0,19,16,10,5,50,0,0,0,50
06/01/2021,BGR,ME,ANE,EN,Combined TRACON& Tower with Radar,18,25,20,45,108,0,0,15,13,28,18,25,35,58,136,18,8,26,162
06/02/2021,BGR,ME,ANE,EN,Combined TRACON& Tower with Radar,14,26,14,37,91,0,1,25,16,42,14,27,39,53,133,6,20,26,159
06/03/2021,BGR,ME,ANE,EN,Combined TRACON& Tower with Radar,29,26,10,22,87,0,0,3,6,9,29,26,13,28,96,0,8,8,104
06/04/2021,BGR,ME,ANE,EN,Combined TRACON& Tower with Radar,34,29,19,8,90,0,3,9,12,24,34,32,28,20,114,10,0,10,124
06/05/2021,BGR,ME,ANE,EN,Combined TRACON& Tower with Radar,44,16,10,10,80,0,3,24,12,39,44,19,34,22,119,24,0,24,143
06/06/2021,BGR,ME,ANE,EN,Combined TRACON& Tower with Radar,36,9,10,25,80,0,0,21,4,25,36,9,31,29,105,18,0,18,123
06/07/2021,BGR,ME,ANE,EN,Combined TRACON& Tower with Radar,40,24,8,24,96,0,2,20,11,33,40,26,28,35,129,0,10,10,139
06/08/2021,BGR,ME,ANE,EN,Combined TRACON& Tower with Radar,37,19,12,37,105,0,2,23,24,49,37,21,35,61,154,0,10,10,164
06/09/2021,BGR,ME,ANE,EN,Combined TRACON& Tower with Radar,32,24,18,26,100,0,5,31,6,42,32,29,49,32,142,10,6,16,158
06/10/2021,BGR,ME,ANE,EN,Combined TRACON& Tower with Radar,35,19,21,46,121,0,3,28,14,45,35,22,49,60,166,0,2,2,168
06/11/2021,BGR,ME,ANE,EN,Combined TRACON& Tower with Radar,42,21,17,20,100,0,0,14,9,23,42,21,31,29,123,12,12,24,147
06/12/2021,BGR,ME,ANE,EN,Combined TRACON& Tower with Radar,43,20,13,5,81,0,4,12,1,17,43,24,25,6,98,0,0,0,98
06/13/2021,BGR,ME,ANE,EN,Combined TRACON& Tower with Radar,34,14,19,10,77,0,0,24,4,28,34,14,43,14,105,26,8,34,139
06/14/2021,BGR,ME,ANE,EN,Combined TRACON& Tower with Radar,37,23,9,43,112,0,1,5,4,10,37,24,14,47,122,8,0,8,130
06/15/2021,BGR,ME,ANE,EN,Combined TRACON& Tower with Radar,39,21,8,41,109,0,0,0,1,1,39,21,8,42,110,0,2,2,112
06/16/2021,BGR,ME,ANE,EN,Combined TRACON& Tower with Radar,32,25,28,33,118,0,3,25,14,42,32,28,53,47,160,2,0,2,162
06/17/2021,BGR,ME,ANE,EN,Combined TRACON& Tower with Radar,38,16,22,45,121,0,1,27,19,47,38,17,49,64,168,0,0,0,168
06/18/2021,BGR,ME,ANE,EN,Combined TRACON& Tower with Radar,42,20,19,25,106,0,0,27,2,29,42,20,46,27,135,18,4,22,157
06/19/2021,BGR,ME,ANE,EN,Combined TRACON& Tower with Radar,46,20,26,1,93,0,1,5,0,6,46,21,31,1,99,0,0,0,99
06/20/2021,BGR,ME,ANE,EN,Combined TRACON& Tower with Radar,36,18,22,10,86,0,1,24,2,27,36,19,46,12,113,16,6,22,135
06/21/2021,BGR,ME,ANE,EN,Combined TRACON& Tower with Radar,40,17,18,16,91,0,0,9,4,13,40,17,27,20,104,2,0,2,106
06/22/2021,BGR,ME,ANE,EN,Combined TRACON& Tower with Radar,36,28,22,24,110,0,1,5,1,7,36,29,27,25,117,10,6,16,133
06/23/2021,BGR,ME,ANE,EN,Combined TRACON& Tower with Radar,35,21,23,40,119,0,2,20,10,32,35,23,43,50,151,20,14,34,185
06/24/2021,BGR,ME,ANE,EN,Combined TRACON& Tower with Radar,35,23,16,39,113,0,2,26,24,52,35,25,42,63,165,0,14,14,179
06/25/2021,BGR,ME,ANE,EN,Combined TRACON& Tower with Radar,42,27,27,30,126,0,0,7,2,9,42,27,34,32,135,26,0,26,161
06/26/2021,BGR,ME,ANE,EN,Combined TRACON& Tower with Radar,44,21,14,6,85,0,1,3,0,4,44,22,17,6,89,4,0,4,93
06/27/2021,BGR,ME,ANE,EN,Combined TRACON& Tower with Radar,35,10,21,2,68,0,4,4,0,8,35,14,25,2,76,0,0,0,76
06/28/2021,BGR,ME,ANE,EN,Combined TRACON& Tower with Radar,42,16,20,17,95,0,1,11,7,19,42,17,31,24,114,0,28,28,142
06/29/2021,BGR,ME,ANE,EN,Combined TRACON& Tower with Radar,36,15,25,32,108,0,6,21,13,40,36,21,46,45,148,8,6,14,162
06/30/2021,BGR,ME,ANE,EN,Combined TRACON& Tower with Radar,37,20,29,16,102,0,3,9,8,20,37,23,38,24,122,20,10,30,152
07/01/2021,BGR,ME,ANE,EN,Combined TRACON& Tower with Radar,37,27,29,46,139,0,0,14,8,22,37,27,43,54,161,38,14,52,213
07/02/2021,BGR,ME,ANE,EN,Combined TRACON& Tower with Radar,43,24,33,10,110,0,1,1,0,2,43,25,34,10,112,0,0,0,112
07/03/2021,BGR,ME,ANE,EN,Combined TRACON& Tower with Radar,49,15,24,5,93,0,3,2,0,5,49,18,26,5,98,2,0,2,100
07/04/2021,BGR,ME,ANE,EN,Combined TRACON& Tower with Radar,34,15,8,3,60,0,2,0,0,2,34,17,8,3,62,0,0,0,62
07/05/2021,BGR,ME,ANE,EN,Combined TRACON& Tower with Radar,41,19,29,8,97,0,1,25,0,26,41,20,54,8,123,6,0,6,129
07/06/2021,BGR,ME,ANE,EN,Combined TRACON& Tower with Radar,32,22,27,28,109,0,0,0,1,1,32,22,27,29,110,6,2,8,118
07/07/2021,BGR,ME,ANE,EN,Combined TRACON& Tower with Radar,37,27,18,51,133,0,5,39,9,53,37,32,57,60,186,44,14,58,244
07/08/2021,BGR,ME,ANE,EN,Combined TRACON& Tower with Radar,36,32,23,50,141,0,7,15,6,28,36,39,38,56,169,0,4,4,173
07/09/2021,BGR,ME,ANE,EN,Combined TRACON& Tower with Radar,36,32,15,17,100,0,0,0,0,0,36,32,15,17,100,0,0,0,100
07/10/2021,BGR,ME,ANE,EN,Combined TRACON& Tower with Radar,51,26,19,7,103,0,4,28,0,32,51,30,47,7,135,2,0,2,137
07/11/2021,BGR,ME,ANE,EN,Combined TRACON& Tower with Radar,36,29,13,2,80,0,1,19,0,20,36,30,32,2,100,0,0,0,100
07/12/2021,BGR,ME,ANE,EN,Combined TRACON& Tower with Radar,38,16,17,52,123,0,0,20,5,25,38,16,37,57,148,0,18,18,166
07/13/2021,BGR,ME,ANE,EN,Combined TRACON& Tower with Radar,43,19,18,49,129,0,0,24,22,46,43,19,42,71,175,16,0,16,191
07/14/2021,BGR,ME,ANE,EN,Combined TRACON& Tower with Radar,38,28,29,29,124,0,0,0,0,0,38,28,29,29,124,0,0,0,124
07/15/2021,BGR,ME,ANE,EN,Combined TRACON& Tower with Radar,34,26,33,46,139,0,0,19,9,28,34,26,52,55,167,4,4,8,175
07/16/2021,BGR,ME,ANE,EN,Combined TRACON& Tower with Radar,38,22,23,23,106,0,0,19,2,21,38,22,42,25,127,0,0,0,127
07/17/2021,BGR,ME,ANE,EN,Combined TRACON& Tower with Radar,48,21,29,6,104,0,0,19,0,19,48,21,48,6,123,14,0,14,137
07/18/2021,BGR,ME,ANE,EN,Combined TRACON& Tower with Radar,38,23,26,10,97,0,0,3,0,3,38,23,29,10,100,0,0,0,100
07/19/2021,BGR,ME,ANE,EN,Combined TRACON& Tower with Radar,42,28,34,41,145,0,1,3,0,4,42,29,37,41,149,0,0,0,149
07/20/2021,BGR,ME,ANE,EN,Combined TRACON& Tower with Radar,34,39,14,39,126,0,1,18,4,23,34,40,32,43,149,0,0,0,149
07/21/2021,BGR,ME,ANE,EN,Combined TRACON& Tower with Radar,36,17,34,31,118,0,1,2,1,4,36,18,36,32,122,0,0,0,122
07/22/2021,BGR,ME,ANE,EN,Combined TRACON& Tower with Radar,38,15,37,65,155,0,5,31,25,61,38,20,68,90,216,0,6,6,222
07/23/2021,BGR,ME,ANE,EN,Combined TRACON& Tower with Radar,37,16,26,32,111,0,1,28,8,37,37,17,54,40,148,4,0,4,152
07/24/2021,BGR,ME,ANE,EN,Combined TRACON& Tower with Radar,49,24,25,5,103,0,1,40,0,41,49,25,65,5,144,26,0,26,170
07/25/2021,BGR,ME,ANE,EN,Combined TRACON& Tower with Radar,36,12,18,4,70,0,0,0,0,0,36,12,18,4,70,0,0,0,70
07/26/2021,BGR,ME,ANE,EN,Combined TRACON& Tower with Radar,35,18,29,48,130,0,0,8,4,12,35,18,37,52,142,12,2,14,156
07/27/2021,BGR,ME,ANE,EN,Combined TRACON& Tower with Radar,37,23,19,28,107,0,0,20,4,24,37,23,39,32,131,4,0,4,135
07/28/2021,BGR,ME,ANE,EN,Combined TRACON& Tower with Radar,34,27,24,32,117,0,0,31,8,39,34,27,55,40,156,18,0,18,174
07/29/2021,BGR,ME,ANE,EN,Combined TRACON& Tower with Radar,37,19,18,44,118,0,2,14,8,24,37,21,32,52,142,0,8,8,150
07/30/2021,BGR,ME,ANE,EN,Combined TRACON& Tower with Radar,39,44,19,22,124,0,2,4,2,8,39,46,23,24,132,0,10,10,142
07/31/2021,BGR,ME,ANE,EN,Combined TRACON& Tower with Radar,54,20,23,6,103,0,1,27,8,36,54,21,50,14,139,2,4,6,145
08/01/2021,BGR,ME,ANE,EN,Combined TRACON& Tower with Radar,35,13,25,17,90,0,1,37,16,54,35,14,62,33,144,8,14,22,166
08/02/2021,BGR,ME,ANE,EN,Combined TRACON& Tower with Radar,40,17,21,42,120,0,1,14,12,27,40,18,35,54,147,12,16,28,175
08/03/2021,BGR,ME,ANE,EN,Combined TRACON& Tower with Radar,36,27,31,55,149,0,0,31,29,60,36,27,62,84,209,2,10,12,221
08/04/2021,BGR,ME,ANE,EN,Combined TRACON& Tower with Radar,35,25,22,53,135,0,0,23,28,51,35,25,45,81,186,12,18,30,216
08/05/2021,BGR,ME,ANE,EN,Combined TRACON& Tower with Radar,40,26,15,39,120,0,0,0,0,0,40,26,15,39,120,0,0,0,120
08/06/2021,BGR,ME,ANE,EN,Combined TRACON& Tower with Radar,41,42,28,9,120,0,2,34,27,63,41,44,62,36,183,0,0,0,183
08/07/2021,BGR,ME,ANE,EN,Combined TRACON& Tower with Radar,53,18,16,5,92,0,1,21,27,49,53,19,37,32,141,10,6,16,157
08/08/2021,BGR,ME,ANE,EN,Combined TRACON& Tower with Radar,38,10,14,10,72,0,1,21,29,51,38,11,35,39,123,32,6,38,161
08/09/2021,BGR,ME,ANE,EN,Combined TRACON& Tower with Radar,36,20,26,40,122,0,2,7,16,25,36,22,33,56,147,0,6,6,153
08/10/2021,BGR,ME,ANE,EN,Combined TRACON& Tower with Radar,37,15,26,46,124,0,0,8,11,19,37,15,34,57,143,0,0,0,143
08/11/2021,BGR,ME,ANE,EN,Combined TRACON& Tower with Radar,31,19,18,44,112,0,1,0,0,1,31,20,18,44,113,0,0,0,113
08/12/2021,BGR,ME,ANE,EN,Combined TRACON& Tower with Radar,38,22,14,52,126,0,2,10,16,28,38,24,24,68,154,0,0,0,154
08/13/2021,BGR,ME,ANE,EN,Combined TRACON& Tower with Radar,34,29,21,34,118,0,2,20,17,39,34,31,41,51,157,6,18,24,181
08/14/2021,BGR,ME,ANE,EN,Combined TRACON& Tower with Radar,57,23,23,11,114,0,4,18,7,29,57,27,41,18,143,0,26,26,169
08/15/2021,BGR,ME,ANE,EN,Combined TRACON& Tower with Radar,37,11,18,18,84,0,2,33,11,46,37,13,51,29,130,10,0,10,140
08/16/2021,BGR,ME,ANE,EN,Combined TRACON& Tower with Radar,35,22,15,27,99,0,1,37,9,47,35,23,52,36,146,10,0,10,156
08/17/2021,BGR,ME,ANE,EN,Combined TRACON& Tower with Radar,39,25,15,41,120,0,2,39,15,56,39,27,54,56,176,6,0,6,182
08/18/2021,BGR,ME,ANE,EN,Combined TRACON& Tower with Radar,34,27,17,62,140,0,2,19,12,33,34,29,36,74,173,0,0,0,173
08/19/2021,BGR,ME,ANE,EN,Combined TRACON& Tower with Radar,41,24,24,50,139,0,0,11,11,22,41,24,35,61,161,0,6,6,167
08/20/2021,BGR,ME,ANE,EN,Combined TRACON& Tower with Radar,41,30,31,28,130,0,1,21,6,28,41,31,52,34,158,0,4,4,162
08/21/2021,BGR,ME,ANE,EN,Combined TRACON& Tower with Radar,42,20,27,15,104,0,1,5,0,6,42,21,32,15,110,0,0,0,110
08/22/2021,BGR,ME,ANE,EN,Combined TRACON& Tower with Radar,41,12,20,10,83,0,0,3,0,3,41,12,23,10,86,4,0,4,90
08/23/2021,BGR,ME,ANE,EN,Combined TRACON& Tower with Radar,36,19,24,32,111,0,0,5,0,5,36,19,29,32,116,28,0,28,144
08/24/2021,BGR,ME,ANE,EN,Combined TRACON& Tower with Radar,32,26,27,40,125,0,5,19,25,49,32,31,46,65,174,0,0,0,174
08/25/2021,BGR,ME,ANE,EN,Combined TRACON& Tower with Radar,34,18,34,37,123,0,3,35,9,47,34,21,69,46,170,0,0,0,170
08/26/2021,BGR,ME,ANE,EN,Combined TRACON& Tower with Radar,39,20,33,39,131,0,3,28,5,36,39,23,61,44,167,16,0,16,183
08/27/2021,BGR,ME,ANE,EN,Combined TRACON& Tower with Radar,40,20,22,10,92,0,2,36,2,40,40,22,58,12,132,0,0,0,132
08/28/2021,BGR,ME,ANE,EN,Combined TRACON& Tower with Radar,44,20,32,7,103,0,1,37,2,40,44,21,69,9,143,6,0,6,149
08/29/2021,BGR,ME,ANE,EN,Combined TRACON& Tower with Radar,43,15,19,4,81,0,0,10,0,10,43,15,29,4,91,0,0,0,91
08/30/2021,BGR,ME,ANE,EN,Combined TRACON& Tower with Radar,40,14,11,39,104,0,1,3,1,5,40,15,14,40,109,4,6,10,119
08/31/2021,BGR,ME,ANE,EN,Combined TRACON& Tower with Radar,39,20,21,38,118,0,2,24,20,46,39,22,45,58,164,0,18,18,182
09/01/2021,BGR,ME,ANE,EN,Combined TRACON& Tower with Radar,34,24,31,41,130,0,3,22,7,32,34,27,53,48,162,2,4,6,168
09/02/2021,BGR,ME,ANE,EN,Combined TRACON& Tower with Radar,37,27,22,69,155,0,3,2,1,6,37,30,24,70,161,2,0,2,163
09/03/2021,BGR,ME,ANE,EN,Combined TRACON& Tower with Radar,39,18,25,45,127,0,3,12,4,19,39,21,37,49,146,0,4,4,150
09/04/2021,BGR,ME,ANE,EN,Combined TRACON& Tower with Radar,47,19,12,9,87,0,4,31,0,35,47,23,43,9,122,10,0,10,132
09/05/2021,BGR,ME,ANE,EN,Combined TRACON& Tower with Radar,40,16,23,3,82,0,2,24,1,27,40,18,47,4,109,6,0,6,115
09/06/2021,BGR,ME,ANE,EN,Combined TRACON& Tower with Radar,35,24,16,2,77,0,1,4,0,5,35,25,20,2,82,0,0,0,82
09/07/2021,BGR,ME,ANE,EN,Combined TRACON& Tower with Radar,39,27,29,36,131,0,3,28,15,46,39,30,57,51,177,16,12,28,205
09/08/2021,BGR,ME,ANE,EN,Combined TRACON& Tower with Radar,35,30,26,56,147,0,3,35,15,53,35,33,61,71,200,16,4,20,220
09/09/2021,BGR,ME,ANE,EN,Combined TRACON& Tower with Radar,40,22,26,33,121,0,2,0,0,2,40,24,26,33,123,0,0,0,123
09/10/2021,BGR,ME,ANE,EN,Combined TRACON& Tower with Radar,45,27,19,8,99,0,7,14,20,41,45,34,33,28,140,0,0,0,140
09/11/2021,BGR,ME,ANE,EN,Combined TRACON& Tower with Radar,31,21,24,24,100,0,2,28,24,54,31,23,52,48,154,0,0,0,154
09/12/2021,BGR,ME,ANE,EN,Combined TRACON& Tower with Radar,40,20,15,15,90,0,2,11,16,29,40,22,26,31,119,6,0,6,125
09/13/2021,BGR,ME,ANE,EN,Combined TRACON& Tower with Radar,38,15,23,37,113,0,5,27,2,34,38,20,50,39,147,30,4,34,181
09/14/2021,BGR,ME,ANE,EN,Combined TRACON& Tower with Radar,33,28,15,33,109,0,3,31,15,49,33,31,46,48,158,0,4,4,162
09/15/2021,BGR,ME,ANE,EN,Combined TRACON& Tower with Radar,29,16,21,29,95,0,0,0,0,0,29,16,21,29,95,0,0,0,95
09/16/2021,BGR,ME,ANE,EN,Combined TRACON& Tower with Radar,44,12,28,48,132,0,5,20,17,42,44,17,48,65,174,0,0,0,174
09/17/2021,BGR,ME,ANE,EN,Combined TRACON& Tower with Radar,35,12,34,30,111,0,0,16,8,24,35,12,50,38,135,12,0,12,147
09/18/2021,BGR,ME,ANE,EN,Combined TRACON& Tower with Radar,31,25,20,3,79,0,0,3,0,3,31,25,23,3,82,0,0,0,82
09/19/2021,BGR,ME,ANE,EN,Combined TRACON& Tower with Radar,40,6,19,11,76,0,2,36,0,38,40,8,55,11,114,14,0,14,128
09/20/2021,BGR,ME,ANE,EN,Combined TRACON& Tower with Radar,36,17,16,35,104,0,0,31,4,35,36,17,47,39,139,32,4,36,175
09/21/2021,BGR,ME,ANE,EN,Combined TRACON& Tower with Radar,28,27,21,44,120,0,1,31,12,44,28,28,52,56,164,12,4,16,180
09/22/2021,BGR,ME,ANE,EN,Combined TRACON& Tower with Radar,33,20,36,24,113,0,1,10,3,14,33,21,46,27,127,20,0,20,147
09/23/2021,BGR,ME,ANE,EN,Combined TRACON& Tower with Radar,37,20,27,10,94,0,2,9,13,24,37,22,36,23,118,12,0,12,130
09/24/2021,BGR,ME,ANE,EN,Combined TRACON& Tower with Radar,38,19,17,17,91,0,2,0,2,4,38,21,17,19,95,0,0,0,95
09/25/2021,BGR,ME,ANE,EN,Combined TRACON& Tower with Radar,34,25,11,10,80,0,1,2,0,3,34,26,13,10,83,0,0,0,83
09/26/2021,BGR,ME,ANE,EN,Combined TRACON& Tower with Radar,38,19,16,2,75,0,1,3,2,6,38,20,19,4,81,0,0,0,81
09/27/2021,BGR,ME,ANE,EN,Combined TRACON& Tower with Radar,36,14,21,6,77,0,1,28,1,30,36,15,49,7,107,16,0,16,123
09/28/2021,BGR,ME,ANE,EN,Combined TRACON& Tower with Radar,28,19,19,7,73,0,1,30,18,49,28,20,49,25,122,0,20,20,142
09/29/2021,BGR,ME,ANE,EN,Combined TRACON& Tower with Radar,29,26,18,3,76,0,1,26,7,34,29,27,44,10,110,14,0,14,124
09/30/2021,BGR,ME,ANE,EN,Combined TRACON& Tower with Radar,34,21,22,4,81,0,1,10,0,11,34,22,32,4,92,0,0,0,92
10/01/2021,BGR,ME,ANE,EN,Combined TRACON& Tower with Radar,40,18,21,20,99,0,3,17,5,25,40,21,38,25,124,0,2,2,126
10/02/2021,BGR,ME,ANE,EN,Combined TRACON& Tower with Radar,30,10,25,13,78,0,3,29,20,52,30,13,54,33,130,0,0,0,130
10/03/2021,BGR,ME,ANE,EN,Combined TRACON& Tower with Radar,37,20,20,9,86,0,0,21,9,30,37,20,41,18,116,0,0,0,116
10/04/2021,BGR,ME,ANE,EN,Combined TRACON& Tower with Radar,3,0,0,0,3,0,0,5,3,8,3,0,5,3,11,0,0,0,11
10/05/2021,BGR,ME,ANE,EN,Combined TRACON& Tower with Radar,0,0,0,0,0,0,3,1,13,17,0,3,1,13,17,0,0,0,17
10/06/2021,BGR,ME,ANE,EN,Combined TRACON& Tower with Radar,27,17,17,46,107,0,0,34,22,56,27,17,51,68,163,0,0,0,163
10/07/2021,BGR,ME,ANE,EN,Combined TRACON& Tower with Radar,31,19,34,33,117,0,5,34,10,49,31,24,68,43,166,6,10,16,182
10/08/2021,BGR,ME,ANE,EN,Combined TRACON& Tower with Radar,34,31,24,16,105,0,3,30,1,34,34,34,54,17,139,4,0,4,143
10/09/2021,BGR,ME,ANE,EN,Combined TRACON& Tower with Radar,39,14,17,7,77,0,2,29,0,31,39,16,46,7,108,20,0,20,128
10/10/2021,BGR,ME,ANE,EN,Combined TRACON& Tower with Radar,32,18,10,6,66,0,5,4,0,9,32,23,14,6,75,0,0,0,75
10/11/2021,BGR,ME,ANE,EN,Combined TRACON& Tower with Radar,32,12,24,9,77,0,0,18,0,18,32,12,42,9,95,0,0,0,95
10/12/2021,BGR,ME,ANE,EN,Combined TRACON& Tower with Radar,31,23,20,32,106,0,3,23,17,43,31,26,43,49,149,0,16,16,165
10/13/2021,BGR,ME,ANE,EN,Combined TRACON& Tower with Radar,32,17,14,61,124,0,0,24,5,29,32,17,38,66,153,0,12,12,165
10/14/2021,BGR,ME,ANE,EN,Combined TRACON& Tower with Radar,31,18,22,38,109,0,4,18,21,43,31,22,40,59,152,8,8,16,168
10/15/2021,BGR,ME,ANE,EN,Combined TRACON& Tower with Radar,34,25,26,18,103,0,0,5,0,5,34,25,31,18,108,0,0,0,108
10/16/2021,BGR,ME,ANE,EN,Combined TRACON& Tower with Radar,37,25,27,3,92,0,0,0,0,0,37,25,27,3,92,0,0,0,92
10/17/2021,BGR,ME,ANE,EN,Combined TRACON& Tower with Radar,33,17,21,14,85,0,0,16,1,17,33,17,37,15,102,0,0,0,102
10/18/2021,BGR,ME,ANE,EN,Combined TRACON& Tower with Radar,35,26,20,50,131,0,1,26,20,47,35,27,46,70,178,4,0,4,182
10/19/2021,BGR,ME,ANE,EN,Combined TRACON& Tower with Radar,31,22,10,29,92,0,4,16,17,37,31,26,26,46,129,0,2,2,131
10/20/2021,BGR,ME,ANE,EN,Combined TRACON& Tower with Radar,31,26,23,27,107,0,1,34,20,55,31,27,57,47,162,12,2,14,176
10/21/2021,BGR,ME,ANE,EN,Combined TRACON& Tower with Radar,36,36,29,28,129,0,5,18,12,35,36,41,47,40,164,4,2,6,170
10/22/2021,BGR,ME,ANE,EN,Combined TRACON& Tower with Radar,30,17,21,33,101,0,1,9,12,22,30,18,30,45,123,6,0,6,129
10/23/2021,BGR,ME,ANE,EN,Combined TRACON& Tower with Radar,35,18,24,20,97,0,2,20,0,22,35,20,44,20,119,0,0,0,119
10/24/2021,BGR,ME,ANE,EN,Combined TRACON& Tower with Radar,29,13,18,4,64,0,7,9,0,16,29,20,27,4,80,0,0,0,80
10/25/2021,BGR,ME,ANE,EN,Combined TRACON& Tower with Radar,29,17,12,37,95,0,0,2,2,4,29,17,14,39,99,0,6,6,105
10/26/2021,BGR,ME,ANE,EN,Combined TRACON& Tower with Radar,31,25,11,18,85,0,0,0,2,2,31,25,11,20,87,0,0,0,87
10/27/2021,BGR,ME,ANE,EN,Combined TRACON& Tower with Radar,31,23,16,13,83,0,4,5,0,9,31,27,21,13,92,0,0,0,92
10/28/2021,BGR,ME,ANE,EN,Combined TRACON& Tower with Radar,35,24,24,50,133,0,6,15,18,39,35,30,39,68,172,0,6,6,178
10/29/2021,BGR,ME,ANE,EN,Combined TRACON& Tower with Radar,26,17,21,21,85,0,1,32,13,46,26,18,53,34,131,10,8,18,149
10/30/2021,BGR,ME,ANE,EN,Combined TRACON& Tower with Radar,34,20,22,4,80,0,1,3,1,5,34,21,25,5,85,0,2,2,87
10/31/2021,BGR,ME,ANE,EN,Combined TRACON& Tower with Radar,28,8,12,8,56,0,1,0,0,1,28,9,12,8,57,0,0,0,57
11/01/2021,BGR,ME,ANE,EN,Combined TRACON& Tower with Radar,26,20,19,30,95,0,4,15,25,44,26,24,34,55,139,4,2,6,145
11/02/2021,BGR,ME,ANE,EN,Combined TRACON& Tower with Radar,15,19,15,19,68,0,7,35,21,63,15,26,50,40,131,28,0,28,159
11/03/2021,BGR,ME,ANE,EN,Combined TRACON& Tower with Radar,18,18,8,39,83,0,1,18,19,38,18,19,26,58,121,0,2,2,123
11/04/2021,BGR,ME,ANE,EN,Combined TRACON& Tower with Radar,21,17,13,11,62,0,2,27,18,47,21,19,40,29,109,2,14,16,125
11/05/2021,BGR,ME,ANE,EN,Combined TRACON& Tower with Radar,22,21,24,12,79,0,6,28,15,49,22,27,52,27,128,12,0,12,140
11/06/2021,BGR,ME,ANE,EN,Combined TRACON& Tower with Radar,26,22,18,12,78,0,2,27,19,48,26,24,45,31,126,30,0,30,156
11/07/2021,BGR,ME,ANE,EN,Combined TRACON& Tower with Radar,17,16,17,6,56,0,5,26,17,48,17,21,43,23,104,12,0,12,116
11/08/2021,BGR,ME,ANE,EN,Combined TRACON& Tower with Radar,19,18,19,24,80,0,6,12,4,22,19,24,31,28,102,4,4,8,110
11/09/2021,BGR,ME,ANE,EN,Combined TRACON& Tower with Radar,16,16,15,16,63,0,4,20,14,38,16,20,35,30,101,10,14,24,125
11/10/2021,BGR,ME,ANE,EN,Combined TRACON& Tower with Radar,14,26,16,48,104,0,3,8,6,17,14,29,24,54,121,0,8,8,129
11/11/2021,BGR,ME,ANE,EN,Combined TRACON& Tower with Radar,20,25,20,4,69,0,8,23,0,31,20,33,43,4,100,4,0,4,104
11/12/2021,BGR,ME,ANE,EN,Combined TRACON& Tower with Radar,19,21,13,14,67,0,2,0,0,2,19,23,13,14,69,0,0,0,69
11/13/2021,BGR,ME,ANE,EN,Combined TRACON& Tower with Radar,21,28,10,3,62,0,2,21,0,23,21,30,31,3,85,0,0,0,85
11/14/2021,BGR,ME,ANE,EN,Combined TRACON& Tower with Radar,21,19,19,10,69,0,6,6,0,12,21,25,25,10,81,0,0,0,81
11/15/2021,BGR,ME,ANE,EN,Combined TRACON& Tower with Radar,18,25,6,23,72,0,0,0,3,3,18,25,6,26,75,0,6,6,81
11/16/2021,BGR,ME,ANE,EN,Combined TRACON& Tower with Radar,16,25,19,29,89,0,1,6,22,29,16,26,25,51,118,4,40,44,162
11/17/2021,BGR,ME,ANE,EN,Combined TRACON& Tower with Radar,18,26,24,23,91,0,3,19,5,27,18,29,43,28,118,20,0,20,138
11/18/2021,BGR,ME,ANE,EN,Combined TRACON& Tower with Radar,17,26,17,20,80,0,0,0,0,0,17,26,17,20,80,0,0,0,80
11/19/2021,BGR,ME,ANE,EN,Combined TRACON& Tower with Radar,17,20,16,22,75,0,1,9,6,16,17,21,25,28,91,0,0,0,91
11/20/2021,BGR,ME,ANE,EN,Combined TRACON& Tower with Radar,17,21,11,29,78,0,13,27,10,50,17,34,38,39,128,0,6,6,134
11/21/2021,BGR,ME,ANE,EN,Combined TRACON& Tower with Radar,16,10,9,12,47,0,9,23,1,33,16,19,32,13,80,12,0,12,92
11/22/2021,BGR,ME,ANE,EN,Combined TRACON& Tower with Radar,14,16,14,23,67,0,3,0,1,4,14,19,14,24,71,0,2,2,73
11/23/2021,BGR,ME,ANE,EN,Combined TRACON& Tower with Radar,23,23,15,23,84,0,4,28,7,39,23,27,43,30,123,6,0,6,129
11/24/2021,BGR,ME,ANE,EN,Combined TRACON& Tower with Radar,16,24,11,23,74,0,4,2,8,14,16,28,13,31,88,6,8,14,102
11/25/2021,BGR,ME,ANE,EN,Combined TRACON& Tower with Radar,10,10,3,8,31,0,6,5,0,11,10,16,8,8,42,0,0,0,42
11/26/2021,BGR,ME,ANE,EN,Combined TRACON& Tower with Radar,6,23,0,4,33,0,0,2,0,2,6,23,2,4,35,0,0,0,35
11/27/2021,BGR,ME,ANE,EN,Combined TRACON& Tower with Radar,17,19,9,2,47,0,2,0,0,2,17,21,9,2,49,0,0,0,49
11/28/2021,BGR,ME,ANE,EN,Combined TRACON& Tower with Radar,16,20,21,4,61,0,6,29,0,35,16,26,50,4,96,40,0,40,136
11/29/2021,BGR,ME,ANE,EN,Combined TRACON& Tower with Radar,18,16,8,14,56,0,6,2,7,15,18,22,10,21,71,0,0,0,71
11/30/2021,BGR,ME,ANE,EN,Combined TRACON& Tower with Radar,17,27,15,27,86,0,3,22,21,46,17,30,37,48,132,6,0,6,138
12/01/2021,BGR,ME,ANE,EN,Combined TRACON& Tower with Radar,20,21,22,35,98,0,5,12,12,29,20,26,34,47,127,0,0,0,127
12/02/2021,BGR,ME,ANE,EN,Combined TRACON& Tower with Radar,24,17,21,13,75,0,1,1,0,2,24,18,22,13,77,4,0,4,81
12/03/2021,BGR,ME,ANE,EN,Combined TRACON& Tower with Radar,23,25,13,21,82,0,3,3,8,14,23,28,16,29,96,0,0,0,96
12/04/2021,BGR,ME,ANE,EN,Combined TRACON& Tower with Radar,15,20,17,9,61,0,1,20,22,43,15,21,37,31,104,0,0,0,104
12/05/2021,BGR,ME,ANE,EN,Combined TRACON& Tower with Radar,23,21,16,5,65,0,0,11,3,14,23,21,27,8,79,18,0,18,97
12/06/2021,BGR,ME,ANE,EN,Combined TRACON& Tower with Radar,20,15,14,11,60,0,0,0,0,0,20,15,14,11,60,0,0,0,60
12/07/2021,BGR,ME,ANE,EN,Combined TRACON& Tower with Radar,21,28,16,25,90,0,6,12,21,39,21,34,28,46,129,0,6,6,135
12/08/2021,BGR,ME,ANE,EN,Combined TRACON& Tower with Radar,20,17,20,19,76,0,0,0,0,0,20,17,20,19,76,0,0,0,76
12/09/2021,BGR,ME,ANE,EN,Combined TRACON& Tower with Radar,22,23,26,17,88,0,2,12,16,30,22,25,38,33,118,6,0,6,124
12/10/2021,BGR,ME,ANE,EN,Combined TRACON& Tower with Radar,20,20,5,28,73,0,2,1,1,4,20,22,6,29,77,0,0,0,77
12/11/2021,BGR,ME,ANE,EN,Combined TRACON& Tower with Radar,17,19,13,4,53,0,0,0,0,0,17,19,13,4,53,0,0,0,53
12/12/2021,BGR,ME,ANE,EN,Combined TRACON& Tower with Radar,22,11,16,5,54,0,7,2,0,9,22,18,18,5,63,0,0,0,63
12/13/2021,BGR,ME,ANE,EN,Combined TRACON& Tower with Radar,20,18,25,37,100,0,9,16,15,40,20,27,41,52,140,20,12,32,172
12/14/2021,BGR,ME,ANE,EN,Combined TRACON& Tower with Radar,21,20,12,34,87,0,9,10,18,37,21,29,22,52,124,0,4,4,128
12/15/2021,BGR,ME,ANE,EN,Combined TRACON& Tower with Radar,22,32,19,38,111,0,6,24,26,56,22,38,43,64,167,20,2,22,189
12/16/2021,BGR,ME,ANE,EN,Combined TRACON& Tower with Radar,17,16,13,3,49,0,0,0,0,0,17,16,13,3,49,0,0,0,49
12/17/2021,BGR,ME,ANE,EN,Combined TRACON& Tower with Radar,16,24,16,11,67,0,4,5,6,15,16,28,21,17,82,26,0,26,108
12/18/2021,BGR,ME,ANE,EN,Combined TRACON& Tower with Radar,12,20,19,2,53,0,6,11,0,17,12,26,30,2,70,0,0,0,70
12/19/2021,BGR,ME,ANE,EN,Combined TRACON& Tower with Radar,17,14,11,4,46,0,1,0,0,1,17,15,11,4,47,0,0,0,47
12/20/2021,BGR,ME,ANE,EN,Combined TRACON& Tower with Radar,21,22,30,24,97,0,1,36,0,37,21,23,66,24,134,46,2,48,182
12/21/2021,BGR,ME,ANE,EN,Combined TRACON& Tower with Radar,20,24,16,20,80,0,1,21,1,23,20,25,37,21,103,14,0,14,117
12/22/2021,BGR,ME,ANE,EN,Combined TRACON& Tower with Radar,19,20,7,3,49,0,0,0,0,0,19,20,7,3,49,0,0,0,49
12/23/2021,BGR,ME,ANE,EN,Combined TRACON& Tower with Radar,19,20,7,15,61,0,5,4,2,11,19,25,11,17,72,4,2,6,78
12/24/2021,BGR,ME,ANE,EN,Combined TRACON& Tower with Radar,16,36,5,13,70,0,4,13,0,17,16,40,18,13,87,4,0,4,91
12/25/2021,BGR,ME,ANE,EN,Combined TRACON& Tower with Radar,7,12,8,0,27,0,4,0,0,4,7,16,8,0,31,0,0,0,31
12/26/2021,BGR,ME,ANE,EN,Combined TRACON& Tower with Radar,18,17,13,1,49,0,3,7,0,10,18,20,20,1,59,2,0,2,61
12/27/2021,BGR,ME,ANE,EN,Combined TRACON& Tower with Radar,15,25,22,13,75,0,5,12,5,22,15,30,34,18,97,0,10,10,107
12/28/2021,BGR,ME,ANE,EN,Combined TRACON& Tower with Radar,13,21,6,9,49,0,0,0,1,1,13,21,6,10,50,2,4,6,56
12/29/2021,BGR,ME,ANE,EN,Combined TRACON& Tower with Radar,13,23,7,11,54,0,4,12,1,17,13,27,19,12,71,22,0,22,93
12/30/2021,BGR,ME,ANE,EN,Combined TRACON& Tower with Radar,15,26,9,7,57,0,0,0,0,0,15,26,9,7,57,0,0,0,57
12/31/2021,BGR,ME,ANE,EN,Combined TRACON& Tower with Radar,9,18,6,0,33,0,0,0,0,0,9,18,6,0,33,0,0,0,33
01/01/2022,BGR,ME,ANE,EN,Combined TRACON& Tower with Radar,7,9,8,0,24,0,0,0,0,0,7,9,8,0,24,0,0,0,24
01/02/2022,BGR,ME,ANE,EN,Combined TRACON& Tower with Radar,15,13,7,0,35,0,0,0,0,0,15,13,7,0,35,0,0,0,35
01/03/2022,BGR,ME,ANE,EN,Combined TRACON& Tower with Radar,14,29,25,25,93,0,1,12,2,15,14,30,37,27,108,0,0,0,108
01/04/2022,BGR,ME,ANE,EN,Combined TRACON& Tower with Radar,13,27,24,23,87,0,0,15,17,32,13,27,39,40,119,26,10,36,155
01/05/2022,BGR,ME,ANE,EN,Combined TRACON& Tower with Radar,20,24,5,10,59,0,0,1,1,2,20,24,6,11,61,0,0,0,61
01/06/2022,BGR,ME,ANE,EN,Combined TRACON& Tower with Radar,21,26,20,13,80,0,0,11,22,33,21,26,31,35,113,12,8,20,133
01/07/2022,BGR,ME,ANE,EN,Combined TRACON& Tower with Radar,15,10,9,2,36,0,0,0,0,0,15,10,9,2,36,0,0,0,36
01/08/2022,BGR,ME,ANE,EN,Combined TRACON& Tower with Radar,14,18,17,13,62,0,1,11,22,34,14,19,28,35,96,4,6,10,106
01/09/2022,BGR,ME,ANE,EN,Combined TRACON& Tower with Radar,20,8,4,0,32,0,0,0,0,0,20,8,4,0,32,0,0,0,32
01/10/2022,BGR,ME,ANE,EN,Combined TRACON& Tower with Radar,20,9,5,26,60,0,1,1,3,5,20,10,6,29,65,4,0,4,69
01/11/2022,BGR,ME,ANE,EN,Combined TRACON& Tower with Radar,17,23,17,26,83,0,10,4,4,18,17,33,21,30,101,4,14,18,119
01/12/2022,BGR,ME,ANE,EN,Combined TRACON& Tower with Radar,17,22,12,24,75,0,0,0,5,5,17,22,12,29,80,6,10,16,96
01/13/2022,BGR,ME,ANE,EN,Combined TRACON& Tower with Radar,20,22,7,16,65,0,1,16,19,36,20,23,23,35,101,0,18,18,119
01/14/2022,BGR,ME,ANE,EN,Combined TRACON& Tower with Radar,17,19,7,11,54,0,0,2,3,5,17,19,9,14,59,8,0,8,67
01/15/2022,BGR,ME,ANE,EN,Combined TRACON& Tower with Radar,13,12,9,4,38,0,0,0,0,0,13,12,9,4,38,0,0,0,38
01/16/2022,BGR,ME,ANE,EN,Combined TRACON& Tower with Radar,13,10,14,4,41,0,0,7,2,9,13,10,21,6,50,18,0,18,68
01/17/2022,BGR,ME,ANE,EN,Combined TRACON& Tower with Radar,19,7,5,3,34,0,0,0,0,0,19,7,5,3,34,0,0,0,34
01/18/2022,BGR,ME,ANE,EN,Combined TRACON& Tower with Radar,18,20,5,9,52,0,0,7,2,9,18,20,12,11,61,0,0,0,61
01/19/2022,BGR,ME,ANE,EN,Combined TRACON& Tower with Radar,19,14,17,6,56,0,1,5,0,6,19,15,22,6,62,10,0,10,72
01/20/2022,BGR,ME,ANE,EN,Combined TRACON& Tower with Radar,25,22,11,21,79,0,0,10,1,11,25,22,21,22,90,0,0,0,90
01/21/2022,BGR,ME,ANE,EN,Combined TRACON& Tower with Radar,25,20,23,7,75,0,0,26,6,32,25,20,49,13,107,22,2,24,131
01/22/2022,BGR,ME,ANE,EN,Combined TRACON& Tower with Radar,15,18,10,7,50,0,0,10,0,10,15,18,20,7,60,8,0,8,68
01/23/2022,BGR,ME,ANE,EN,Combined TRACON& Tower with Radar,24,15,7,7,53,0,0,21,0,21,24,15,28,7,74,8,0,8,82
01/24/2022,BGR,ME,ANE,EN,Combined TRACON& Tower with Radar,23,16,12,34,85,0,0,19,4,23,23,16,31,38,108,22,6,28,136
01/25/2022,BGR,ME,ANE,EN,Combined TRACON& Tower with Radar,20,23,14,15,72,0,3,4,1,8,20,26,18,16,80,4,6,10,90
01/26/2022,BGR,ME,ANE,EN,Combined TRACON& Tower with Radar,19,23,10,27,79,0,2,13,10,25,19,25,23,37,104,0,12,12,116
01/27/2022,BGR,ME,ANE,EN,Combined TRACON& Tower with Radar,21,20,12,26,79,0,1,7,10,18,21,21,19,36,97,10,2,12,109
01/28/2022,BGR,ME,ANE,EN,Combined TRACON& Tower with Radar,16,17,22,7,62,0,4,10,4,18,16,21,32,11,80,12,4,16,96
01/29/2022,BGR,ME,ANE,EN,Combined TRACON& Tower with Radar,0,4,0,0,4,0,2,0,0,2,0,6,0,0,6,0,0,0,6
01/30/2022,BGR,ME,ANE,EN,Combined TRACON& Tower with Radar,15,9,7,2,33,0,3,3,0,6,15,12,10,2,39,0,0,0,39
01/31/2022,BGR,ME,ANE,EN,Combined TRACON& Tower with Radar,19,18,16,13,66,0,2,7,0,9,19,20,23,13,75,8,0,8,83
02/01/2022,BGR,ME,ANE,EN,Combined TRACON& Tower with Radar,20,15,13,18,66,0,3,13,12,28,20,18,26,30,94,12,14,26,120
02/02/2022,BGR,ME,ANE,EN,Combined TRACON& Tower with Radar,17,25,11,22,75,0,0,2,2,4,17,25,13,24,79,0,18,18,97
02/03/2022,BGR,ME,ANE,EN,Combined TRACON& Tower with Radar,16,19,7,21,63,0,0,0,0,0,16,19,7,21,63,0,0,0,63
02/04/2022,BGR,ME,ANE,EN,Combined TRACON& Tower with Radar,5,1,5,5,16,0,0,0,0,0,5,1,5,5,16,0,0,0,16
02/05/2022,BGR,ME,ANE,EN,Combined TRACON& Tower with Radar,15,17,11,15,58,0,4,2,6,12,15,21,13,21,70,0,0,0,70
02/06/2022,BGR,ME,ANE,EN,Combined TRACON& Tower with Radar,24,15,7,3,49,0,5,10,0,15,24,20,17,3,64,16,0,16,80
02/07/2022,BGR,ME,ANE,EN,Combined TRACON& Tower with Radar,16,14,14,18,62,0,1,3,3,7,16,15,17,21,69,0,0,0,69
02/08/2022,BGR,ME,ANE,EN,Combined TRACON& Tower with Radar,16,22,3,5,46,0,0,0,0,0,16,22,3,5,46,0,0,0,46
02/09/2022,BGR,ME,ANE,EN,Combined TRACON& Tower with Radar,17,24,14,26,81,0,8,17,11,36,17,32,31,37,117,4,6,10,127
02/10/2022,BGR,ME,ANE,EN,Combined TRACON& Tower with Radar,22,19,12,15,68,0,1,9,1,11,22,20,21,16,79,0,0,0,79
02/11/2022,BGR,ME,ANE,EN,Combined TRACON& Tower with Radar,18,19,18,28,83,0,7,39,6,52,18,26,57,34,135,22,0,22,157
02/12/2022,BGR,ME,ANE,EN,Combined TRACON& Tower with Radar,15,16,13,8,52,0,2,7,2,11,15,18,20,10,63,12,0,12,75
02/13/2022,BGR,ME,ANE,EN,Combined TRACON& Tower with Radar,21,13,13,8,55,0,6,1,0,7,21,19,14,8,62,16,0,16,78
02/14/2022,BGR,ME,ANE,EN,Combined TRACON& Tower with Radar,18,17,7,21,63,0,2,0,0,2,18,19,7,21,65,0,0,0,65
02/15/2022,BGR,ME,ANE,EN,Combined TRACON& Tower with Radar,13,18,16,20,67,0,3,11,5,19,13,21,27,25,86,6,4,10,96
02/16/2022,BGR,ME,ANE,EN,Combined TRACON& Tower with Radar,19,21,18,13,71,0,3,6,2,11,19,24,24,15,82,0,2,2,84
02/17/2022,BGR,ME,ANE,EN,Combined TRACON& Tower with Radar,18,24,21,9,72,0,2,13,0,15,18,26,34,9,87,0,0,0,87
02/18/2022,BGR,ME,ANE,EN,Combined TRACON& Tower with Radar,15,23,12,9,59,0,1,0,0,1,15,24,12,9,60,0,0,0,60
02/19/2022,BGR,ME,ANE,EN,Combined TRACON& Tower with Radar,17,12,12,0,41,0,0,6,0,6,17,12,18,0,47,0,0,0,47
02/20/2022,BGR,ME,ANE,EN,Combined TRACON& Tower with Radar,18,11,19,4,52,0,2,20,0,22,18,13,39,4,74,10,0,10,84
02/21/2022,BGR,ME,ANE,EN,Combined TRACON& Tower with Radar,19,22,4,1,46,0,0,25,4,29,19,22,29,5,75,10,4,14,89
02/22/2022,BGR,ME,ANE,EN,Combined TRACON& Tower with Radar,18,16,10,19,63,0,1,0,2,3,18,17,10,21,66,0,0,0,66
02/23/2022,BGR,ME,ANE,EN,Combined TRACON& Tower with Radar,23,20,8,13,64,0,2,4,1,7,23,22,12,14,71,0,0,0,71
02/24/2022,BGR,ME,ANE,EN,Combined TRACON& Tower with Radar,24,16,25,35,100,0,0,17,15,32,24,16,42,50,132,24,4,28,160
02/25/2022,BGR,ME,ANE,EN,Combined TRACON& Tower with Radar,15,15,11,3,44,0,1,0,0,1,15,16,11,3,45,0,0,0,45
02/26/2022,BGR,ME,ANE,EN,Combined TRACON& Tower with Radar,17,14,22,10,63,0,6,15,0,21,17,20,37,10,84,10,0,10,94
02/27/2022,BGR,ME,ANE,EN,Combined TRACON& Tower with Radar,18,13,9,5,45,0,0,9,0,9,18,13,18,5,54,12,0,12,66
02/28/2022,BGR,ME,ANE,EN,Combined TRACON& Tower with Radar,17,17,12,15,61,0,2,19,2,23,17,19,31,17,84,0,0,0,84
03/01/2022,BGR,ME,ANE,EN,Combined TRACON& Tower with Radar,25,22,12,27,86,0,2,1,8,11,25,24,13,35,97,0,0,0,97
03/02/2022,BGR,ME,ANE,EN,Combined TRACON& Tower with Radar,20,19,32,25,96,0,5,16,3,24,20,24,48,28,120,0,0,0,120
03/03/2022,BGR,ME,ANE,EN,Combined TRACON& Tower with Radar,18,22,22,20,82,0,1,5,20,26,18,23,27,40,108,0,0,0,108
03/04/2022,BGR,ME,ANE,EN,Combined TRACON& Tower with Radar,19,19,22,29,89,0,9,23,19,51,19,28,45,48,140,18,16,34,174
03/05/2022,BGR,ME,ANE,EN,Combined TRACON& Tower with Radar,18,13,10,30,71,0,3,18,18,39,18,16,28,48,110,8,22,30,140
03/06/2022,BGR,ME,ANE,EN,Combined TRACON& Tower with Radar,22,11,5,13,51,0,0,1,0,1,22,11,6,13,52,0,0,0,52
03/07/2022,BGR,ME,ANE,EN,Combined TRACON& Tower with Radar,24,15,6,9,54,0,0,4,1,5,24,15,10,10,59,0,0,0,59
03/08/2022,BGR,ME,ANE,EN,Combined TRACON& Tower with Radar,20,18,12,21,71,0,4,7,12,23,20,22,19,33,94,0,4,4,98
03/09/2022,BGR,ME,ANE,EN,Combined TRACON& Tower with Radar,20,28,10,14,72,0,2,16,9,27,20,30,26,23,99,4,38,42,141
03/10/2022,BGR,ME,ANE,EN,Combined TRACON& Tower with Radar,24,33,15,13,85,0,5,30,19,54,24,38,45,32,139,0,0,0,139
03/11/2022,BGR,ME,ANE,EN,Combined TRACON& Tower with Radar,18,20,15,15,68,0,3,35,6,44,18,23,50,21,112,16,0,16,128
03/12/2022,BGR,ME,ANE,EN,Combined TRACON& Tower with Radar,20,14,3,3,40,0,0,0,0,0,20,14,3,3,40,0,0,0,40
03/13/2022,BGR,ME,ANE,EN,Combined TRACON& Tower with Radar,25,11,18,5,59,0,7,2,0,9,25,18,20,5,68,0,0,0,68
03/14/2022,BGR,ME,ANE,EN,Combined TRACON& Tower with Radar,21,16,16,7,60,0,4,5,0,9,21,20,21,7,69,0,0,0,69
03/15/2022,BGR,ME,ANE,EN,Combined TRACON& Tower with Radar,18,17,16,28,79,0,1,26,21,48,18,18,42,49,127,2,2,4,131
03/16/2022,BGR,ME,ANE,EN,Combined TRACON& Tower with Radar,23,18,27,33,101,0,1,6,5,12,23,19,33,38,113,4,2,6,119
03/17/2022,BGR,ME,ANE,EN,Combined TRACON& Tower with Radar,19,19,30,8,76,0,2,0,0,2,19,21,30,8,78,0,0,0,78
03/18/2022,BGR,ME,ANE,EN,Combined TRACON& Tower with Radar,20,19,17,17,73,0,2,20,2,24,20,21,37,19,97,2,0,2,99
03/19/2022,BGR,ME,ANE,EN,Combined TRACON& Tower with Radar,20,18,12,5,55,0,0,0,0,0,20,18,12,5,55,0,0,0,55
03/20/2022,BGR,ME,ANE,EN,Combined TRACON& Tower with Radar,22,16,10,11,59,0,0,8,0,8,22,16,18,11,67,6,0,6,73
03/21/2022,BGR,ME,ANE,EN,Combined TRACON& Tower with Radar,23,21,6,21,71,0,1,13,6,20,23,22,19,27,91,0,0,0,91
03/22/2022,BGR,ME,ANE,EN,Combined TRACON& Tower with Radar,22,20,17,18,77,0,4,7,19,30,22,24,24,37,107,2,2,4,111
03/23/2022,BGR,ME,ANE,EN,Combined TRACON& Tower with Radar,21,19,17,21,78,0,9,22,9,40,21,28,39,30,118,14,12,26,144
03/24/2022,BGR,ME,ANE,EN,Combined TRACON& Tower with Radar,19,23,5,4,51,0,1,0,0,1,19,24,5,4,52,0,0,0,52
03/25/2022,BGR,ME,ANE,EN,Combined TRACON& Tower with Radar,19,20,12,23,74,0,1,5,0,6,19,21,17,23,80,0,0,0,80
03/26/2022,BGR,ME,ANE,EN,Combined TRACON& Tower with Radar,16,12,20,10,58,0,0,37,0,37,16,12,57,10,95,30,0,30,125
03/27/2022,BGR,ME,ANE,EN,Combined TRACON& Tower with Radar,22,14,21,13,70,0,0,13,0,13,22,14,34,13,83,0,0,0,83
03/28/2022,BGR,ME,ANE,EN,Combined TRACON& Tower with Radar,20,18,13,29,80,0,4,4,1,9,20,22,17,30,89,0,0,0,89
03/29/2022,BGR,ME,ANE,EN,Combined TRACON& Tower with Radar,17,22,12,18,69,0,5,11,17,33,17,27,23,35,102,0,2,2,104
03/30/2022,BGR,ME,ANE,EN,Combined TRACON& Tower with Radar,22,18,19,19,78,0,1,31,14,46,22,19,50,33,124,0,10,10,134
03/31/2022,BGR,ME,ANE,EN,Combined TRACON& Tower with Radar,21,20,4,28,73,0,0,0,0,0,21,20,4,28,73,0,0,0,73
04/01/2022,BGR,ME,ANE,EN,Combined TRACON& Tower with Radar,20,20,16,29,85,0,2,1,0,3,20,22,17,29,88,0,0,0,88
04/02/2022,BGR,ME,ANE,EN,Combined TRACON& Tower with Radar,17,14,13,7,51,0,2,10,34,46,17,16,23,41,97,0,2,2,99
04/03/2022,BGR,ME,ANE,EN,Combined TRACON& Tower with Radar,20,10,22,20,72,0,3,25,5,33,20,13,47,25,105,0,2,2,107
04/04/2022,BGR,ME,ANE,EN,Combined TRACON& Tower with Radar,22,14,12,23,71,0,2,15,1,18,22,16,27,24,89,30,0,30,119
04/05/2022,BGR,ME,ANE,EN,Combined TRACON& Tower with Radar,23,11,10,30,74,0,5,33,25,63,23,16,43,55,137,16,8,24,161
04/06/2022,BGR,ME,ANE,EN,Combined TRACON& Tower with Radar,30,25,30,18,103,0,1,26,5,32,30,26,56,23,135,14,2,16,151
04/07/2022,BGR,ME,ANE,EN,Combined TRACON& Tower with Radar,24,15,27,24,90,0,4,15,24,43,24,19,42,48,133,26,6,32,165
04/08/2022,BGR,ME,ANE,EN,Combined TRACON& Tower with Radar,32,19,11,8,70,0,0,0,0,0,32,19,11,8,70,0,0,0,70
04/09/2022,BGR,ME,ANE,EN,Combined TRACON& Tower with Radar,27,11,24,11,73,0,1,7,2,10,27,12,31,13,83,18,0,18,101
04/10/2022,BGR,ME,ANE,EN,Combined TRACON& Tower with Radar,25,8,27,21,81,0,6,16,6,28,25,14,43,27,109,16,0,16,125
04/11/2022,BGR,ME,ANE,EN,Combined TRACON& Tower with Radar,32,22,14,17,85,0,4,24,4,32,32,26,38,21,117,32,0,32,149
04/12/2022,BGR,ME,ANE,EN,Combined TRACON& Tower with Radar,37,16,31,23,107,0,1,21,1,23,37,17,52,24,130,0,0,0,130
04/13/2022,BGR,ME,ANE,EN,Combined TRACON& Tower with Radar,40,26,21,23,110,0,7,24,8,39,40,33,45,31,149,0,0,0,149
04/14/2022,BGR,ME,ANE,EN,Combined TRACON& Tower with Radar,37,13,10,10,70,0,0,0,0,0,37,13,10,10,70,0,0,0,70
04/15/2022,BGR,ME,ANE,EN,Combined TRACON& Tower with Radar,32,15,31,17,95,0,2,32,0,34,32,17,63,17,129,0,0,0,129
04/16/2022,BGR,ME,ANE,EN,Combined TRACON& Tower with Radar,37,17,19,7,80,0,0,9,0,9,37,17,28,7,89,0,0,0,89
04/17/2022,BGR,ME,ANE,EN,Combined TRACON& Tower with Radar,33,7,10,5,55,0,2,1,0,3,33,9,11,5,58,8,0,8,66
04/18/2022,BGR,ME,ANE,EN,Combined TRACON& Tower with Radar,35,5,19,26,85,0,0,33,4,37,35,5,52,30,122,0,0,0,122
04/19/2022,BGR,ME,ANE,EN,Combined TRACON& Tower with Radar,33,17,13,14,77,0,1,1,0,2,33,18,14,14,79,0,0,0,79
04/20/2022,BGR,ME,ANE,EN,Combined TRACON& Tower with Radar,32,14,13,13,72,0,0,6,3,9,32,14,19,16,81,14,8,22,103
04/21/2022,BGR,ME,ANE,EN,Combined TRACON& Tower with Radar,36,12,14,30,92,0,1,28,17,46,36,13,42,47,138,10,2,12,150
04/22/2022,BGR,ME,ANE,EN,Combined TRACON& Tower with Radar,34,26,8,16,84,0,1,5,3,9,34,27,13,19,93,0,2,2,95
04/23/2022,BGR,ME,ANE,EN,Combined TRACON& Tower with Radar,28,13,15,20,76,0,0,26,0,26,28,13,41,20,102,6,0,6,108
04/24/2022,BGR,ME,ANE,EN,Combined TRACON& Tower with Radar,34,10,28,12,84,0,2,37,1,40,34,12,65,13,124,8,6,14,138
04/25/2022,BGR,ME,ANE,EN,Combined TRACON& Tower with Radar,32,10,23,24,89,0,1,36,4,41,32,11,59,28,130,12,6,18,148
04/26/2022,BGR,ME,ANE,EN,Combined TRACON& Tower with Radar,32,12,23,29,96,0,2,3,0,5,32,14,26,29,101,6,0,6,107
04/27/2022,BGR,ME,ANE,EN,Combined TRACON& Tower with Radar,38,17,21,18,94,0,0,0,0,0,38,17,21,18,94,0,0,0,94
04/28/2022,BGR,ME,ANE,EN,Combined TRACON& Tower with Radar,40,8,14,26,88,0,0,0,2,2,40,8,14,28,90,0,0,0,90
04/29/2022,BGR,ME,ANE,EN,Combined TRACON& Tower with Radar,38,21,17,25,101,0,1,2,0,3,38,22,19,25,104,0,0,0,104
04/30/2022,BGR,ME,ANE,EN,Combined TRACON& Tower with Radar,36,16,24,12,88,0,1,14,4,19,36,17,38,16,107,0,0,0,107
05/01/2022,BGR,ME,ANE,EN,Combined TRACON& Tower with Radar,33,9,17,15,74,0,2,12,0,14,33,11,29,15,88,0,0,0,88
05/02/2022,BGR,ME,ANE,EN,Combined TRACON& Tower with Radar,34,10,15,16,75,0,0,25,3,28,34,10,40,19,103,16,12,28,131
05/03/2022,BGR,ME,ANE,EN,Combined TRACON& Tower with Radar,32,12,17,41,102,0,2,20,24,46,32,14,37,65,148,22,10,32,180
05/04/2022,BGR,ME,ANE,EN,Combined TRACON& Tower with Radar,35,14,13,9,71,0,0,0,0,0,35,14,13,9,71,0,0,0,71
05/05/2022,BGR,ME,ANE,EN,Combined TRACON& Tower with Radar,31,19,11,19,80,0,3,23,15,41,31,22,34,34,121,0,0,0,121
05/06/2022,BGR,ME,ANE,EN,Combined TRACON& Tower with Radar,31,15,31,17,94,0,0,27,11,38,31,15,58,28,132,0,0,0,132
05/07/2022,BGR,ME,ANE,EN,Combined TRACON& Tower with Radar,25,15,15,8,63,0,0,28,0,28,25,15,43,8,91,8,0,8,99
05/08/2022,BGR,ME,ANE,EN,Combined TRACON& Tower with Radar,37,18,18,7,80,0,0,18,8,26,37,18,36,15,106,0,0,0,106
05/09/2022,BGR,ME,ANE,EN,Combined TRACON& Tower with Radar,32,10,10,28,80,0,1,30,0,31,32,11,40,28,111,18,0,18,129
05/10/2022,BGR,ME,ANE,EN,Combined TRACON& Tower with Radar,34,13,18,28,93,0,0,28,20,48,34,13,46,48,141,12,0,12,153
05/11/2022,BGR,ME,ANE,EN,Combined TRACON& Tower with Radar,35,27,15,27,104,0,1,29,8,38,35,28,44,35,142,26,8,34,176
05/12/2022,BGR,ME,ANE,EN,Combined TRACON& Tower with Radar,32,18,29,34,113,0,4,35,12,51,32,22,64,46,164,8,0,8,172
05/13/2022,BGR,ME,ANE,EN,Combined TRACON& Tower with Radar,31,21,12,14,78,0,3,6,6,15,31,24,18,20,93,0,10,10,103
05/14/2022,BGR,ME,ANE,EN,Combined TRACON& Tower with Radar,28,17,16,18,79,0,1,13,0,14,28,18,29,18,93,4,6,10,103
05/15/2022,BGR,ME,ANE,EN,Combined TRACON& Tower with Radar,30,15,8,4,57,0,0,0,0,0,30,15,8,4,57,0,0,0,57
05/16/2022,BGR,ME,ANE,EN,Combined TRACON& Tower with Radar,30,26,20,36,112,0,1,3,0,4,30,27,23,36,116,0,0,0,116
05/17/2022,BGR,ME,ANE,EN,Combined TRACON& Tower with Radar,34,14,28,43,119,0,6,7,15,28,34,20,35,58,147,0,2,2,149
05/18/2022,BGR,ME,ANE,EN,Combined TRACON& Tower with Radar,33,16,22,33,104,0,1,7,3,11,33,17,29,36,115,6,6,12,127
05/19/2022,BGR,ME,ANE,EN,Combined TRACON& Tower with Radar,38,20,28,18,104,0,0,8,7,15,38,20,36,25,119,0,0,0,119
05/20/2022,BGR,ME,ANE,EN,Combined TRACON& Tower with Radar,30,22,30,25,107,0,1,7,1,9,30,23,37,26,116,0,0,0,116
05/21/2022,BGR,ME,ANE,EN,Combined TRACON& Tower with Radar,31,25,15,9,80,0,0,0,0,0,31,25,15,9,80,0,0,0,80
05/22/2022,BGR,ME,ANE,EN,Combined TRACON& Tower with Radar,25,21,27,8,81,0,3,6,2,11,25,24,33,10,92,22,0,22,114
05/23/2022,BGR,ME,ANE,EN,Combined TRACON& Tower with Radar,24,19,23,8,74,0,3,12,14,29,24,22,35,22,103,22,8,30,133
05/24/2022,BGR,ME,ANE,EN,Combined TRACON& Tower with Radar,24,13,31,46,114,0,3,42,14,59,24,16,73,60,173,38,14,52,225
05/25/2022,BGR,ME,ANE,EN,Combined TRACON& Tower with Radar,34,16,24,20,94,0,2,34,0,36,34,18,58,20,130,14,24,38,168
05/26/2022,BGR,ME,ANE,EN,Combined TRACON& Tower with Radar,29,14,20,25,88,0,1,16,4,21,29,15,36,29,109,0,16,16,125
05/27/2022,BGR,ME,ANE,EN,Combined TRACON& Tower with Radar,26,28,27,15,96,0,0,5,1,6,26,28,32,16,102,0,12,12,114
05/28/2022,BGR,ME,ANE,EN,Combined TRACON& Tower with Radar,31,19,20,9,79,0,0,0,0,0,31,19,20,9,79,0,0,0,79
05/29/2022,BGR,ME,ANE,EN,Combined TRACON& Tower with Radar,33,9,15,7,64,0,1,24,0,25,33,10,39,7,89,14,0,14,103
05/30/2022,BGR,ME,ANE,EN,Combined TRACON& Tower with Radar,33,11,31,10,85,0,0,21,2,23,33,11,52,12,108,22,0,22,130
05/31/2022,BGR,ME,ANE,EN,Combined TRACON& Tower with Radar,31,16,22,33,102,0,3,6,12,21,31,19,28,45,123,8,8,16,139
06/01/2022,BGR,ME,ANE,EN,Combined TRACON& Tower with Radar,37,21,31,31,120,0,2,22,4,28,37,23,53,35,148,16,26,42,190
06/02/2022,BGR,ME,ANE,EN,Combined TRACON& Tower with Radar,27,28,19,49,123,0,4,17,21,42,27,32,36,70,165,14,68,82,247
06/03/2022,BGR,ME,ANE,EN,Combined TRACON& Tower with Radar,33,25,34,21,113,0,0,6,4,10,33,25,40,25,123,18,2,20,143
06/04/2022,BGR,ME,ANE,EN,Combined TRACON& Tower with Radar,36,16,31,14,97,0,0,5,0,5,36,16,36,14,102,0,0,0,102
06/05/2022,BGR,ME,ANE,EN,Combined TRACON& Tower with Radar,37,14,30,3,84,0,3,19,4,26,37,17,49,7,110,44,0,44,154
06/06/2022,BGR,ME,ANE,EN,Combined TRACON& Tower with Radar,42,23,35,42,142,0,1,20,6,27,42,24,55,48,169,10,6,16,185
06/07/2022,BGR,ME,ANE,EN,Combined TRACON& Tower with Radar,38,18,34,45,135,0,3,16,20,39,38,21,50,65,174,10,0,10,184
06/08/2022,BGR,ME,ANE,EN,Combined TRACON& Tower with Radar,35,21,32,43,131,0,0,0,0,0,35,21,32,43,131,0,0,0,131
06/09/2022,BGR,ME,ANE,EN,Combined TRACON& Tower with Radar,40,17,17,30,104,0,0,0,0,0,40,17,17,30,104,0,4,4,108
06/10/2022,BGR,ME,ANE,EN,Combined TRACON& Tower with Radar,41,19,22,23,105,0,4,11,20,35,41,23,33,43,140,0,0,0,140
06/11/2022,BGR,ME,ANE,EN,Combined TRACON& Tower with Radar,47,22,17,6,92,0,6,22,22,50,47,28,39,28,142,24,0,24,166
06/12/2022,BGR,ME,ANE,EN,Combined TRACON& Tower with Radar,30,29,29,6,94,0,1,20,14,35,30,30,49,20,129,10,0,10,139
06/13/2022,BGR,ME,ANE,EN,Combined TRACON& Tower with Radar,33,17,36,33,119,0,0,0,0,0,33,17,36,33,119,0,0,0,119
06/14/2022,BGR,ME,ANE,EN,Combined TRACON& Tower with Radar,35,24,31,61,151,0,2,18,20,40,35,26,49,81,191,12,46,58,249
06/15/2022,BGR,ME,ANE,EN,Combined TRACON& Tower with Radar,37,18,36,42,133,0,5,40,20,65,37,23,76,62,198,6,10,16,214
06/16/2022,BGR,ME,ANE,EN,Combined TRACON& Tower with Radar,22,22,25,27,96,0,0,14,17,31,22,22,39,44,127,0,22,22,149
06/17/2022,BGR,ME,ANE,EN,Combined TRACON& Tower with Radar,29,29,33,13,104,0,1,7,0,8,29,30,40,13,112,0,0,0,112
06/18/2022,BGR,ME,ANE,EN,Combined TRACON& Tower with Radar,41,21,32,14,108,0,0,4,9,13,41,21,36,23,121,4,6,10,131
06/19/2022,BGR,ME,ANE,EN,Combined TRACON& Tower with Radar,31,14,21,15,81,0,0,0,0,0,31,14,21,15,81,0,0,0,81
06/20/2022,BGR,ME,ANE,EN,Combined TRACON& Tower with Radar,39,23,26,15,103,0,2,19,8,29,39,25,45,23,132,26,0,26,158
06/21/2022,BGR,ME,ANE,EN,Combined TRACON& Tower with Radar,35,15,18,53,121,0,3,23,10,36,35,18,41,63,157,22,36,58,215
06/22/2022,BGR,ME,ANE,EN,Combined TRACON& Tower with Radar,29,18,34,52,133,0,1,11,8,20,29,19,45,60,153,6,12,18,171
06/23/2022,BGR,ME,ANE,EN,Combined TRACON& Tower with Radar,36,34,30,38,138,0,1,15,10,26,36,35,45,48,164,2,26,28,192
06/24/2022,BGR,ME,ANE,EN,Combined TRACON& Tower with Radar,38,33,37,22,130,0,3,19,2,24,38,36,56,24,154,34,4,38,192
06/25/2022,BGR,ME,ANE,EN,Combined TRACON& Tower with Radar,44,25,27,8,104,0,3,26,0,29,44,28,53,8,133,0,0,0,133
06/26/2022,BGR,ME,ANE,EN,Combined TRACON& Tower with Radar,34,14,45,7,100,0,4,12,0,16,34,18,57,7,116,14,0,14,130
06/27/2022,BGR,ME,ANE,EN,Combined TRACON& Tower with Radar,42,16,24,31,113,0,0,3,7,10,42,16,27,38,123,0,12,12,135
06/28/2022,BGR,ME,ANE,EN,Combined TRACON& Tower with Radar,39,27,42,43,151,0,6,24,21,51,39,33,66,64,202,4,12,16,218
06/29/2022,BGR,ME,ANE,EN,Combined TRACON& Tower with Radar,40,30,30,31,131,0,7,32,11,50,40,37,62,42,181,12,0,12,193
06/30/2022,BGR,ME,ANE,EN,Combined TRACON& Tower with Radar,42,23,28,43,136,0,2,24,7,33,42,25,52,50,169,16,18,34,203
07/01/2022,BGR,ME,ANE,EN,Combined TRACON& Tower with Radar,37,19,33,15,104,0,1,7,0,8,37,20,40,15,112,12,4,16,128
07/02/2022,BGR,ME,ANE,EN,Combined TRACON& Tower with Radar,39,23,33,10,105,0,2,6,0,8,39,25,39,10,113,6,0,6,119
07/03/2022,BGR,ME,ANE,EN,Combined TRACON& Tower with Radar,32,18,22,2,74,0,6,21,0,27,32,24,43,2,101,16,0,16,117
07/04/2022,BGR,ME,ANE,EN,Combined TRACON& Tower with Radar,40,15,26,2,83,0,3,12,0,15,40,18,38,2,98,0,0,0,98
07/05/2022,BGR,ME,ANE,EN,Combined TRACON& Tower with Radar,36,18,25,43,122,0,3,13,7,23,36,21,38,50,145,2,34,36,181
07/06/2022,BGR,ME,ANE,EN,Combined TRACON& Tower with Radar,41,18,11,24,94,0,7,12,4,23,41,25,23,28,117,0,4,4,121
07/07/2022,BGR,ME,ANE,EN,Combined TRACON& Tower with Radar,39,22,35,32,128,0,10,34,22,66,39,32,69,54,194,12,0,12,206
07/08/2022,BGR,ME,ANE,EN,Combined TRACON& Tower with Radar,47,27,36,16,126,0,4,15,7,26,47,31,51,23,152,6,4,10,162
07/09/2022,BGR,ME,ANE,EN,Combined TRACON& Tower with Radar,46,14,18,1,79,0,0,16,2,18,46,14,34,3,97,10,0,10,107
07/10/2022,BGR,ME,ANE,EN,Combined TRACON& Tower with Radar,35,22,27,4,88,0,0,27,0,27,35,22,54,4,115,36,0,36,151
07/11/2022,BGR,ME,ANE,EN,Combined TRACON& Tower with Radar,35,19,25,22,101,0,0,17,3,20,35,19,42,25,121,0,0,0,121
07/12/2022,BGR,ME,ANE,EN,Combined TRACON& Tower with Radar,32,25,28,44,129,0,0,8,2,10,32,25,36,46,139,0,10,10,149
07/13/2022,BGR,ME,ANE,EN,Combined TRACON& Tower with Radar,40,21,30,20,111,0,1,25,6,32,40,22,55,26,143,8,20,28,171
07/14/2022,BGR,ME,ANE,EN,Combined TRACON& Tower with Radar,41,19,23,5,88,0,1,16,0,17,41,20,39,5,105,4,0,4,109
07/15/2022,BGR,ME,ANE,EN,Combined TRACON& Tower with Radar,42,25,33,9,109,0,2,26,12,40,42,27,59,21,149,0,0,0,149
07/16/2022,BGR,ME,ANE,EN,Combined TRACON& Tower with Radar,44,25,32,9,110,0,0,23,0,23,44,25,55,9,133,4,0,4,137
07/17/2022,BGR,ME,ANE,EN,Combined TRACON& Tower with Radar,39,19,45,5,108,0,1,18,0,19,39,20,63,5,127,12,0,12,139
07/18/2022,BGR,ME,ANE,EN,Combined TRACON& Tower with Radar,32,17,37,18,104,0,0,14,0,14,32,17,51,18,118,0,0,0,118
07/19/2022,BGR,ME,ANE,EN,Combined TRACON& Tower with Radar,37,23,40,29,129,0,1,9,12,22,37,24,49,41,151,0,2,2,153
07/20/2022,BGR,ME,ANE,EN,Combined TRACON& Tower with Radar,39,14,24,36,113,0,6,29,8,43,39,20,53,44,156,8,2,10,166
07/21/2022,BGR,ME,ANE,EN,Combined TRACON& Tower with Radar,34,17,28,26,105,0,2,3,7,12,34,19,31,33,117,12,2,14,131
07/22/2022,BGR,ME,ANE,EN,Combined TRACON& Tower with Radar,40,25,37,30,132,0,2,23,6,31,40,27,60,36,163,4,8,12,175
07/23/2022,BGR,ME,ANE,EN,Combined TRACON& Tower with Radar,43,25,42,7,117,0,3,19,0,22,43,28,61,7,139,0,0,0,139
07/24/2022,BGR,ME,ANE,EN,Combined TRACON& Tower with Radar,31,17,31,6,85,0,6,25,0,31,31,23,56,6,116,36,0,36,152
07/25/2022,BGR,ME,ANE,EN,Combined TRACON& Tower with Radar,35,16,7,19,77,0,5,11,0,16,35,21,18,19,93,22,6,28,121
07/26/2022,BGR,ME,ANE,EN,Combined TRACON& Tower with Radar,29,24,31,29,113,0,10,38,20,68,29,34,69,49,181,18,6,24,205
07/27/2022,BGR,ME,ANE,EN,Combined TRACON& Tower with Radar,37,19,14,27,97,0,3,35,5,43,37,22,49,32,140,14,18,32,172
07/28/2022,BGR,ME,ANE,EN,Combined TRACON& Tower with Radar,34,12,38,29,113,0,2,15,7,24,34,14,53,36,137,0,0,0,137
07/29/2022,BGR,ME,ANE,EN,Combined TRACON& Tower with Radar,38,30,25,19,112,0,0,10,7,17,38,30,35,26,129,4,0,4,133
07/30/2022,BGR,ME,ANE,EN,Combined TRACON& Tower with Radar,42,20,36,1,99,0,1,17,1,19,42,21,53,2,118,0,0,0,118
07/31/2022,BGR,ME,ANE,EN,Combined TRACON& Tower with Radar,40,27,54,2,123,0,2,27,0,29,40,29,81,2,152,0,0,0,152
08/01/2022,BGR,ME,ANE,EN,Combined TRACON& Tower with Radar,39,14,25,30,108,0,0,21,0,21,39,14,46,30,129,0,6,6,135
08/02/2022,BGR,ME,ANE,EN,Combined TRACON& Tower with Radar,39,24,20,26,109,0,1,7,9,17,39,25,27,35,126,0,14,14,140
08/03/2022,BGR,ME,ANE,EN,Combined TRACON& Tower with Radar,40,9,8,13,70,0,1,39,6,46,40,10,47,19,116,32,0,32,148
08/04/2022,BGR,ME,ANE,EN,Combined TRACON& Tower with Radar,35,21,24,33,113,0,2,23,16,41,35,23,47,49,154,16,0,16,170
08/05/2022,BGR,ME,ANE,EN,Combined TRACON& Tower with Radar,35,18,35,11,99,0,1,14,5,20,35,19,49,16,119,8,0,8,127
08/06/2022,BGR,ME,ANE,EN,Combined TRACON& Tower with Radar,39,12,27,11,89,0,1,25,10,36,39,13,52,21,125,18,0,18,143
08/07/2022,BGR,ME,ANE,EN,Combined TRACON& Tower with Radar,36,23,31,15,105,0,1,9,10,20,36,24,40,25,125,4,4,8,133
08/08/2022,BGR,ME,ANE,EN,Combined TRACON& Tower with Radar,37,17,19,35,108,0,1,2,0,3,37,18,21,35,111,0,0,0,111
08/09/2022,BGR,ME,ANE,EN,Combined TRACON& Tower with Radar,36,25,19,15,95,0,0,0,0,0,36,25,19,15,95,0,0,0,95
08/10/2022,BGR,ME,ANE,EN,Combined TRACON& Tower with Radar,37,16,24,35,112,0,1,8,5,14,37,17,32,40,126,0,20,20,146
08/11/2022,BGR,ME,ANE,EN,Combined TRACON& Tower with Radar,43,16,26,47,132,0,4,16,12,32,43,20,42,59,164,4,2,6,170
08/12/2022,BGR,ME,ANE,EN,Combined TRACON& Tower with Radar,41,19,22,11,93,0,2,14,3,19,41,21,36,14,112,6,4,10,122
08/13/2022,BGR,ME,ANE,EN,Combined TRACON& Tower with Radar,43,16,23,2,84,0,2,21,2,25,43,18,44,4,109,18,0,18,127
08/14/2022,BGR,ME,ANE,EN,Combined TRACON& Tower with Radar,35,12,32,5,84,0,1,17,0,18,35,13,49,5,102,12,0,12,114
08/15/2022,BGR,ME,ANE,EN,Combined TRACON& Tower with Radar,37,24,20,24,105,0,0,17,0,17,37,24,37,24,122,0,12,12,134
08/16/2022,BGR,ME,ANE,EN,Combined TRACON& Tower with Radar,37,19,28,29,113,0,0,16,17,33,37,19,44,46,146,0,4,4,150
08/17/2022,BGR,ME,ANE,EN,Combined TRACON& Tower with Radar,37,20,15,11,83,0,1,2,0,3,37,21,17,11,86,0,0,0,86
08/18/2022,BGR,ME,ANE,EN,Combined TRACON& Tower with Radar,40,19,25,39,123,0,0,2,0,2,40,19,27,39,125,0,0,0,125
08/19/2022,BGR,ME,ANE,EN,Combined TRACON& Tower with Radar,44,15,28,16,103,0,2,30,14,46,44,17,58,30,149,24,14,38,187
08/20/2022,BGR,ME,ANE,EN,Combined TRACON& Tower with Radar,39,17,38,6,100,0,3,12,2,17,39,20,50,8,117,10,0,10,127
08/21/2022,BGR,ME,ANE,EN,Combined TRACON& Tower with Radar,37,13,24,7,81,0,0,29,7,36,37,13,53,14,117,4,6,10,127
08/22/2022,BGR,ME,ANE,EN,Combined TRACON& Tower with Radar,30,7,29,41,107,0,0,13,4,17,30,7,42,45,124,26,26,52,176
08/23/2022,BGR,ME,ANE,EN,Combined TRACON& Tower with Radar,37,27,21,45,130,0,1,0,0,1,37,28,21,45,131,0,0,0,131
08/24/2022,BGR,ME,ANE,EN,Combined TRACON& Tower with Radar,36,23,29,53,141,0,2,6,17,25,36,25,35,70,166,0,20,20,186
08/25/2022,BGR,ME,ANE,EN,Combined TRACON& Tower with Radar,37,12,24,31,104,0,5,23,19,47,37,17,47,50,151,4,24,28,179
08/26/2022,BGR,ME,ANE,EN,Combined TRACON& Tower with Radar,39,27,41,22,129,0,1,3,0,4,39,28,44,22,133,12,0,12,145
08/27/2022,BGR,ME,ANE,EN,Combined TRACON& Tower with Radar,39,15,18,11,83,0,1,19,0,20,39,16,37,11,103,0,0,0,103
08/28/2022,BGR,ME,ANE,EN,Combined TRACON& Tower with Radar,32,7,21,8,68,0,0,22,0,22,32,7,43,8,90,0,0,0,90
08/29/2022,BGR,ME,ANE,EN,Combined TRACON& Tower with Radar,37,9,26,23,95,0,0,12,1,13,37,9,38,24,108,0,0,0,108
08/30/2022,BGR,ME,ANE,EN,Combined TRACON& Tower with Radar,33,13,21,30,97,0,3,18,8,29,33,16,39,38,126,2,10,12,138
08/31/2022,BGR,ME,ANE,EN,Combined TRACON& Tower with Radar,40,24,20,31,115,0,1,0,8,9,40,25,20,39,124,16,4,20,144
09/01/2022,BGR,ME,ANE,EN,Combined TRACON& Tower with Radar,38,31,43,41,153,0,5,18,20,43,38,36,61,61,196,0,4,4,200
09/02/2022,BGR,ME,ANE,EN,Combined TRACON& Tower with Radar,41,27,26,5,99,0,1,35,0,36,41,28,61,5,135,10,0,10,145
09/03/2022,BGR,ME,ANE,EN,Combined TRACON& Tower with Radar,36,20,16,8,80,0,0,12,0,12,36,20,28,8,92,0,0,0,92
09/04/2022,BGR,ME,ANE,EN,Combined TRACON& Tower with Radar,41,10,24,3,78,0,3,18,0,21,41,13,42,3,99,8,0,8,107
09/05/2022,BGR,ME,ANE,EN,Combined TRACON& Tower with Radar,39,18,21,0,78,0,2,2,0,4,39,20,23,0,82,0,0,0,82
09/06/2022,BGR,ME,ANE,EN,Combined TRACON& Tower with Radar,35,13,24,41,113,0,1,15,10,26,35,14,39,51,139,0,0,0,139
09/07/2022,BGR,ME,ANE,EN,Combined TRACON& Tower with Radar,40,21,29,37,127,0,1,33,8,42,40,22,62,45,169,26,2,28,197
09/08/2022,BGR,ME,ANE,EN,Combined TRACON& Tower with Radar,34,18,26,36,114,0,3,34,13,50,34,21,60,49,164,10,0,10,174
09/09/2022,BGR,ME,ANE,EN,Combined TRACON& Tower with Radar,41,28,16,15,100,0,0,42,13,55,41,28,58,28,155,0,0,0,155
09/10/2022,BGR,ME,ANE,EN,Combined TRACON& Tower with Radar,28,21,20,20,89,0,4,15,17,36,28,25,35,37,125,4,12,16,141
09/11/2022,BGR,ME,ANE,EN,Combined TRACON& Tower with Radar,33,20,38,15,106,0,7,25,5,37,33,27,63,20,143,18,0,18,161
09/12/2022,BGR,ME,ANE,EN,Combined TRACON& Tower with Radar,36,14,17,36,103,0,2,22,0,24,36,16,39,36,127,16,26,42,169
09/13/2022,BGR,ME,ANE,EN,Combined TRACON& Tower with Radar,42,19,29,36,126,0,1,3,6,10,42,20,32,42,136,0,0,0,136
09/14/2022,BGR,ME,ANE,EN,Combined TRACON& Tower with Radar,37,23,24,31,115,0,0,16,8,24,37,23,40,39,139,12,6,18,157
09/15/2022,BGR,ME,ANE,EN,Combined TRACON& Tower with Radar,44,20,33,37,134,0,5,10,16,31,44,25,43,53,165,0,0,0,165
09/16/2022,BGR,ME,ANE,EN,Combined TRACON& Tower with Radar,42,16,38,6,102,0,0,9,6,15,42,16,47,12,117,0,0,0,117
09/17/2022,BGR,ME,ANE,EN,Combined TRACON& Tower with Radar,33,13,35,6,87,0,2,38,4,44,33,15,73,10,131,4,0,4,135
09/18/2022,BGR,ME,ANE,EN,Combined TRACON& Tower with Radar,36,14,49,4,103,0,0,0,0,0,36,14,49,4,103,0,0,0,103
09/19/2022,BGR,ME,ANE,EN,Combined TRACON& Tower with Radar,35,14,32,26,107,0,2,7,2,11,35,16,39,28,118,0,4,4,122
09/20/2022,BGR,ME,ANE,EN,Combined TRACON& Tower with Radar,37,22,36,21,116,0,0,0,0,0,37,22,36,21,116,0,0,0,116
09/21/2022,BGR,ME,ANE,EN,Combined TRACON& Tower with Radar,39,16,38,28,121,0,2,20,3,25,39,18,58,31,146,24,0,24,170
09/22/2022,BGR,ME,ANE,EN,Combined TRACON& Tower with Radar,41,10,15,15,81,0,0,0,0,0,41,10,15,15,81,0,0,0,81
09/23/2022,BGR,ME,ANE,EN,Combined TRACON& Tower with Radar,40,17,15,12,84,0,3,7,13,23,40,20,22,25,107,0,0,0,107
09/24/2022,BGR,ME,ANE,EN,Combined TRACON& Tower with Radar,31,16,10,4,61,0,3,1,0,4,31,19,11,4,65,0,0,0,65
09/25/2022,BGR,ME,ANE,EN,Combined TRACON& Tower with Radar,38,17,29,8,92,0,0,26,0,26,38,17,55,8,118,22,0,22,140
09/26/2022,BGR,ME,ANE,EN,Combined TRACON& Tower with Radar,37,24,21,39,121,0,0,4,0,4,37,24,25,39,125,0,12,12,137
09/27/2022,BGR,ME,ANE,EN,Combined TRACON& Tower with Radar,39,23,38,22,122,0,1,13,12,26,39,24,51,34,148,0,4,4,152
09/28/2022,BGR,ME,ANE,EN,Combined TRACON& Tower with Radar,39,20,27,13,99,0,0,11,6,17,39,20,38,19,116,0,0,0,116
09/29/2022,BGR,ME,ANE,EN,Combined TRACON& Tower with Radar,39,18,21,12,90,0,0,23,16,39,39,18,44,28,129,26,0,26,155
09/30/2022,BGR,ME,ANE,EN,Combined TRACON& Tower with Radar,40,21,44,11,116,0,1,24,2,27,40,22,68,13,143,0,0,0,143
10/01/2022,BGR,ME,ANE,EN,Combined TRACON& Tower with Radar,32,18,22,9,81,0,2,31,0,33,32,20,53,9,114,36,0,36,150
10/02/2022,BGR,ME,ANE,EN,Combined TRACON& Tower with Radar,36,20,30,2,88,0,0,10,0,10,36,20,40,2,98,2,0,2,100
10/03/2022,BGR,ME,ANE,EN,Combined TRACON& Tower with Radar,39,16,18,25,98,0,0,15,1,16,39,16,33,26,114,4,6,10,124
10/04/2022,BGR,ME,ANE,EN,Combined TRACON& Tower with Radar,34,18,16,39,107,0,0,19,12,31,34,18,35,51,138,0,0,0,138
10/05/2022,BGR,ME,ANE,EN,Combined TRACON& Tower with Radar,40,17,30,15,102,0,4,18,9,31,40,21,48,24,133,0,0,0,133
10/06/2022,BGR,ME,ANE,EN,Combined TRACON& Tower with Radar,35,17,20,38,110,0,8,16,16,40,35,25,36,54,150,14,4,18,168
10/07/2022,BGR,ME,ANE,EN,Combined TRACON& Tower with Radar,36,17,30,9,92,0,5,10,2,17,36,22,40,11,109,0,0,0,109
10/08/2022,BGR,ME,ANE,EN,Combined TRACON& Tower with Radar,29,23,19,10,81,0,3,17,0,20,29,26,36,10,101,6,0,6,107
10/09/2022,BGR,ME,ANE,EN,Combined TRACON& Tower with Radar,26,19,24,6,75,0,1,11,0,12,26,20,35,6,87,14,0,14,101
10/10/2022,BGR,ME,ANE,EN,Combined TRACON& Tower with Radar,29,29,28,5,91,0,2,13,0,15,29,31,41,5,106,22,0,22,128
10/11/2022,BGR,ME,ANE,EN,Combined TRACON& Tower with Radar,28,22,38,21,109,0,1,6,2,9,28,23,44,23,118,44,8,52,170
10/12/2022,BGR,ME,ANE,EN,Combined TRACON& Tower with Radar,29,29,26,35,119,0,2,27,9,38,29,31,53,44,157,42,4,46,203
10/13/2022,BGR,ME,ANE,EN,Combined TRACON& Tower with Radar,30,19,14,19,82,0,1,6,5,12,30,20,20,24,94,8,24,32,126
10/14/2022,BGR,ME,ANE,EN,Combined TRACON& Tower with Radar,33,20,8,2,63,0,0,0,0,0,33,20,8,2,63,0,0,0,63
10/15/2022,BGR,ME,ANE,EN,Combined TRACON& Tower with Radar,30,26,14,3,73,0,1,10,0,11,30,27,24,3,84,18,0,18,102
10/16/2022,BGR,ME,ANE,EN,Combined TRACON& Tower with Radar,23,19,10,13,65,0,0,25,9,34,23,19,35,22,99,6,0,6,105
10/17/2022,BGR,ME,ANE,EN,Combined TRACON& Tower with Radar,32,19,15,41,107,0,2,0,4,6,32,21,15,45,113,0,4,4,117
10/18/2022,BGR,ME,ANE,EN,Combined TRACON& Tower with Radar,33,18,11,11,73,0,0,0,0,0,33,18,11,11,73,0,0,0,73
10/19/2022,BGR,ME,ANE,EN,Combined TRACON& Tower with Radar,31,19,32,31,113,0,0,26,3,29,31,19,58,34,142,26,20,46,188
10/20/2022,BGR,ME,ANE,EN,Combined TRACON& Tower with Radar,31,21,21,47,120,0,2,15,22,39,31,23,36,69,159,10,18,28,187
10/21/2022,BGR,ME,ANE,EN,Combined TRACON& Tower with Radar,33,15,17,22,87,0,0,28,6,34,33,15,45,28,121,8,4,12,133
10/22/2022,BGR,ME,ANE,EN,Combined TRACON& Tower with Radar,28,20,21,6,75,0,5,30,0,35,28,25,51,6,110,4,0,4,114
10/23/2022,BGR,ME,ANE,EN,Combined TRACON& Tower with Radar,25,8,22,10,65,0,2,21,0,23,25,10,43,10,88,4,0,4,92
10/24/2022,BGR,ME,ANE,EN,Combined TRACON& Tower with Radar,30,24,28,10,92,1,2,0,0,3,31,26,28,10,95,0,0,0,95
10/25/2022,BGR,ME,ANE,EN,Combined TRACON& Tower with Radar,24,26,16,10,76,0,0,0,0,0,24,26,16,10,76,0,0,0,76
10/26/2022,BGR,ME,ANE,EN,Combined TRACON& Tower with Radar,29,19,14,9,71,0,0,0,0,0,29,19,14,9,71,0,0,0,71
10/27/2022,BGR,ME,ANE,EN,Combined TRACON& Tower with Radar,30,16,14,41,101,0,0,26,17,43,30,16,40,58,144,8,22,30,174
10/28/2022,BGR,ME,ANE,EN,Combined TRACON& Tower with Radar,33,22,23,16,94,0,3,26,4,33,33,25,49,20,127,0,4,4,131
10/29/2022,BGR,ME,ANE,EN,Combined TRACON& Tower with Radar,27,18,17,3,65,0,3,29,0,32,27,21,46,3,97,32,0,32,129
10/30/2022,BGR,ME,ANE,EN,Combined TRACON& Tower with Radar,27,23,17,3,70,0,0,24,1,25,27,23,41,4,95,6,0,6,101
10/31/2022,BGR,ME,ANE,EN,Combined TRACON& Tower with Radar,28,16,19,30,93,0,1,16,0,17,28,17,35,30,110,10,0,10,120
11/01/2022,BGR,ME,ANE,EN,Combined TRACON& Tower with Radar,26,19,11,31,87,0,2,11,10,23,26,21,22,41,110,8,0,8,118
11/02/2022,BGR,ME,ANE,EN,Combined TRACON& Tower with Radar,26,16,17,16,75,0,2,31,3,36,26,18,48,19,111,14,0,14,125
11/03/2022,BGR,ME,ANE,EN,Combined TRACON& Tower with Radar,26,23,27,28,104,0,2,31,3,36,26,25,58,31,140,4,6,10,150
11/04/2022,BGR,ME,ANE,EN,Combined TRACON& Tower with Radar,19,19,13,5,56,0,2,18,14,34,19,21,31,19,90,0,0,0,90
11/05/2022,BGR,ME,ANE,EN,Combined TRACON& Tower with Radar,17,25,6,0,48,0,1,14,16,31,17,26,20,16,79,8,0,8,87
11/06/2022,BGR,ME,ANE,EN,Combined TRACON& Tower with Radar,22,18,19,7,66,0,2,2,3,7,22,20,21,10,73,0,16,16,89
11/07/2022,BGR,ME,ANE,EN,Combined TRACON& Tower with Radar,24,25,11,8,68,0,1,3,0,4,24,26,14,8,72,0,0,0,72
11/08/2022,BGR,ME,ANE,EN,Combined TRACON& Tower with Radar,23,19,13,20,75,0,1,5,11,17,23,20,18,31,92,0,6,6,98
11/09/2022,BGR,ME,ANE,EN,Combined TRACON& Tower with Radar,24,17,19,23,83,0,0,24,7,31,24,17,43,30,114,6,10,16,130
11/10/2022,BGR,ME,ANE,EN,Combined TRACON& Tower with Radar,24,22,26,19,91,0,0,17,0,17,24,22,43,19,108,18,6,24,132
11/11/2022,BGR,ME,ANE,EN,Combined TRACON& Tower with Radar,23,22,11,14,70,0,1,9,0,10,23,23,20,14,80,0,0,0,80
11/12/2022,BGR,ME,ANE,EN,Combined TRACON& Tower with Radar,19,14,11,2,46,0,2,0,0,2,19,16,11,2,48,0,0,0,48
11/13/2022,BGR,ME,ANE,EN,Combined TRACON& Tower with Radar,18,14,11,2,45,0,0,0,0,0,18,14,11,2,45,0,0,0,45
11/14/2022,BGR,ME,ANE,EN,Combined TRACON& Tower with Radar,24,17,13,21,75,0,2,12,0,14,24,19,25,21,89,0,18,18,107
11/15/2022,BGR,ME,ANE,EN,Combined TRACON& Tower with Radar,24,22,20,43,109,0,0,18,14,32,24,22,38,57,141,0,8,8,149
11/16/2022,BGR,ME,ANE,EN,Combined TRACON& Tower with Radar,24,14,12,9,59,0,0,0,0,0,24,14,12,9,59,0,0,0,59
11/17/2022,BGR,ME,ANE,EN,Combined TRACON& Tower with Radar,26,24,22,25,97,0,3,16,13,32,26,27,38,38,129,0,4,4,133
11/18/2022,BGR,ME,ANE,EN,Combined TRACON& Tower with Radar,22,26,23,1,72,0,3,17,9,29,22,29,40,10,101,6,4,10,111
11/19/2022,BGR,ME,ANE,EN,Combined TRACON& Tower with Radar,16,20,34,5,75,0,0,33,2,35,16,20,67,7,110,14,0,14,124
11/20/2022,BGR,ME,ANE,EN,Combined TRACON& Tower with Radar,23,18,17,8,66,0,2,11,2,15,23,20,28,10,81,6,4,10,91
11/21/2022,BGR,ME,ANE,EN,Combined TRACON& Tower with Radar,20,23,17,22,82,0,0,14,0,14,20,23,31,22,96,0,0,0,96
11/22/2022,BGR,ME,ANE,EN,Combined TRACON& Tower with Radar,27,14,12,24,77,0,0,12,0,12,27,14,24,24,89,0,16,16,105
11/23/2022,BGR,ME,ANE,EN,Combined TRACON& Tower with Radar,22,21,24,37,104,0,0,17,2,19,22,21,41,39,123,4,12,16,139
11/24/2022,BGR,ME,ANE,EN,Combined TRACON& Tower with Radar,13,5,12,3,33,0,2,15,0,17,13,7,27,3,50,0,0,0,50
11/25/2022,BGR,ME,ANE,EN,Combined TRACON& Tower with Radar,14,12,11,3,40,0,1,0,0,1,14,13,11,3,41,4,0,4,45
11/26/2022,BGR,ME,ANE,EN,Combined TRACON& Tower with Radar,20,26,11,3,60,0,3,6,0,9,20,29,17,3,69,6,0,6,75
11/27/2022,BGR,ME,ANE,EN,Combined TRACON& Tower with Radar,16,5,9,2,32,0,5,11,0,16,16,10,20,2,48,12,0,12,60
11/28/2022,BGR,ME,ANE,EN,Combined TRACON& Tower with Radar,25,25,5,16,71,0,0,0,6,6,25,25,5,22,77,0,0,0,77
11/29/2022,BGR,ME,ANE,EN,Combined TRACON& Tower with Radar,23,17,7,37,84,0,3,18,12,33,23,20,25,49,117,2,14,16,133
11/30/2022,BGR,ME,ANE,EN,Combined TRACON& Tower with Radar,20,8,15,20,63,0,0,2,0,2,20,8,17,20,65,0,0,0,65
12/01/2022,BGR,ME,ANE,EN,Combined TRACON& Tower with Radar,28,22,14,10,74,0,8,9,11,28,28,30,23,21,102,0,0,0,102
12/02/2022,BGR,ME,ANE,EN,Combined TRACON& Tower with Radar,29,15,12,26,82,0,1,28,12,41,29,16,40,38,123,24,0,24,147
12/03/2022,BGR,ME,ANE,EN,Combined TRACON& Tower with Radar,18,18,7,15,58,0,3,0,4,7,18,21,7,19,65,0,0,0,65
12/04/2022,BGR,ME,ANE,EN,Combined TRACON& Tower with Radar,23,12,19,14,68,0,5,16,2,23,23,17,35,16,91,4,0,4,95
12/05/2022,BGR,ME,ANE,EN,Combined TRACON& Tower with Radar,27,9,14,23,73,0,6,21,0,27,27,15,35,23,100,0,0,0,100
12/06/2022,BGR,ME,ANE,EN,Combined TRACON& Tower with Radar,27,12,23,32,94,0,3,5,13,21,27,15,28,45,115,0,2,2,117
12/07/2022,BGR,ME,ANE,EN,Combined TRACON& Tower with Radar,27,9,15,8,59,0,0,0,0,0,27,9,15,8,59,0,0,0,59
12/08/2022,BGR,ME,ANE,EN,Combined TRACON& Tower with Radar,32,8,15,22,77,0,6,9,15,30,32,14,24,37,107,12,4,16,123
12/09/2022,BGR,ME,ANE,EN,Combined TRACON& Tower with Radar,30,10,28,12,80,0,1,0,8,9,30,11,28,20,89,0,0,0,89
12/10/2022,BGR,ME,ANE,EN,Combined TRACON& Tower with Radar,24,16,17,3,60,0,1,11,0,12,24,17,28,3,72,10,0,10,82
12/11/2022,BGR,ME,ANE,EN,Combined TRACON& Tower with Radar,25,10,23,9,67,0,1,8,0,9,25,11,31,9,76,22,0,22,98
12/12/2022,BGR,ME,ANE,EN,Combined TRACON& Tower with Radar,26,16,16,31,89,0,3,11,6,20,26,19,27,37,109,14,0,14,123
12/13/2022,BGR,ME,ANE,EN,Combined TRACON& Tower with Radar,28,9,16,31,84,0,0,13,0,13,28,9,29,31,97,6,12,18,115
12/14/2022,BGR,ME,ANE,EN,Combined TRACON& Tower with Radar,26,6,15,32,79,0,2,0,0,2,26,8,15,32,81,0,2,2,83
12/15/2022,BGR,ME,ANE,EN,Combined TRACON& Tower with Radar,28,15,12,37,92,0,0,0,1,1,28,15,12,38,93,4,0,4,97
12/16/2022,BGR,ME,ANE,EN,Combined TRACON& Tower with Radar,25,16,8,4,53,0,0,0,0,0,25,16,8,4,53,0,0,0,53
12/17/2022,BGR,ME,ANE,EN,Combined TRACON& Tower with Radar,18,18,9,2,47,0,0,0,0,0,18,18,9,2,47,0,0,0,47
12/18/2022,BGR,ME,ANE,EN,Combined TRACON& Tower with Radar,25,13,6,2,46,0,0,0,0,0,25,13,6,2,46,0,0,0,46
12/19/2022,BGR,ME,ANE,EN,Combined TRACON& Tower with Radar,24,10,11,12,57,0,4,6,0,10,24,14,17,12,67,0,0,0,67
12/20/2022,BGR,ME,ANE,EN,Combined TRACON& Tower with Radar,25,21,26,6,78,0,4,13,12,29,25,25,39,18,107,0,0,0,107
12/21/2022,BGR,ME,ANE,EN,Combined TRACON& Tower with Radar,29,22,27,21,99,0,0,21,8,29,29,22,48,29,128,6,0,6,134
12/22/2022,BGR,ME,ANE,EN,Combined TRACON& Tower with Radar,21,22,17,31,91,0,2,20,10,32,21,24,37,41,123,0,8,8,131
12/23/2022,BGR,ME,ANE,EN,Combined TRACON& Tower with Radar,11,3,2,0,16,0,0,0,0,0,11,3,2,0,16,0,0,0,16
12/24/2022,BGR,ME,ANE,EN,Combined TRACON& Tower with Radar,14,24,13,0,51,0,3,1,0,4,14,27,14,0,55,0,0,0,55
12/25/2022,BGR,ME,ANE,EN,Combined TRACON& Tower with Radar,14,9,4,0,27,0,6,0,0,6,14,15,4,0,33,0,0,0,33
12/26/2022,BGR,ME,ANE,EN,Combined TRACON& Tower with Radar,14,9,4,0,27,0,3,6,0,9,14,12,10,0,36,0,0,0,36
12/27/2022,BGR,ME,ANE,EN,Combined TRACON& Tower with Radar,21,12,16,35,84,0,6,7,1,14,21,18,23,36,98,6,24,30,128
12/28/2022,BGR,ME,ANE,EN,Combined TRACON& Tower with Radar,21,20,15,23,79,0,3,8,1,12,21,23,23,24,91,4,0,4,95
12/29/2022,BGR,ME,ANE,EN,Combined TRACON& Tower with Radar,18,25,12,35,90,0,2,23,0,25,18,27,35,35,115,24,0,24,139
12/30/2022,BGR,ME,ANE,EN,Combined TRACON& Tower with Radar,24,26,16,25,91,0,0,20,0,20,24,26,36,25,111,0,6,6,117
12/31/2022,BGR,ME,ANE,EN,Combined TRACON& Tower with Radar,16,13,5,8,42,0,1,15,0,16,16,14,20,8,58,6,0,6,64
01/01/2023,BGR,ME,ANE,EN,Combined TRACON& Tower with Radar,16,13,8,6,43,0,0,0,0,0,16,13,8,6,43,4,0,4,47
01/02/2023,BGR,ME,ANE,EN,Combined TRACON& Tower with Radar,19,15,12,1,47,0,0,20,0,20,19,15,32,1,67,32,0,32,99
01/03/2023,BGR,ME,ANE,EN,Combined TRACON& Tower with Radar,26,9,11,25,71,0,0,5,0,5,26,9,16,25,76,0,0,0,76
01/04/2023,BGR,ME,ANE,EN,Combined TRACON& Tower with Radar,16,11,7,39,73,0,1,0,5,6,16,12,7,44,79,0,0,0,79
01/05/2023,BGR,ME,ANE,EN,Combined TRACON& Tower with Radar,20,13,7,0,40,0,0,0,0,0,20,13,7,0,40,0,0,0,40
01/06/2023,BGR,ME,ANE,EN,Combined TRACON& Tower with Radar,18,13,8,0,39,0,0,0,0,0,18,13,8,0,39,0,0,0,39
01/07/2023,BGR,ME,ANE,EN,Combined TRACON& Tower with Radar,14,21,12,16,63,0,0,6,20,26,14,21,18,36,89,18,0,18,107
01/08/2023,BGR,ME,ANE,EN,Combined TRACON& Tower with Radar,21,14,17,9,61,0,0,19,2,21,21,14,36,11,82,12,0,12,94
01/09/2023,BGR,ME,ANE,EN,Combined TRACON& Tower with Radar,24,11,11,17,63,0,0,11,8,19,24,11,22,25,82,6,16,22,104
01/10/2023,BGR,ME,ANE,EN,Combined TRACON& Tower with Radar,22,19,12,20,73,0,2,12,16,30,22,21,24,36,103,20,14,34,137
01/11/2023,BGR,ME,ANE,EN,Combined TRACON& Tower with Radar,20,22,13,24,79,0,9,24,18,51,20,31,37,42,130,16,0,16,146
01/12/2023,BGR,ME,ANE,EN,Combined TRACON& Tower with Radar,24,13,9,20,66,0,0,2,5,7,24,13,11,25,73,6,4,10,83
01/13/2023,BGR,ME,ANE,EN,Combined TRACON& Tower with Radar,25,18,11,2,56,0,0,0,0,0,25,18,11,2,56,0,0,0,56
01/14/2023,BGR,ME,ANE,EN,Combined TRACON& Tower with Radar,16,22,3,10,51,0,0,1,0,1,16,22,4,10,52,0,0,0,52
01/15/2023,BGR,ME,ANE,EN,Combined TRACON& Tower with Radar,17,6,5,4,32,0,2,2,0,4,17,8,7,4,36,0,0,0,36
01/16/2023,BGR,ME,ANE,EN,Combined TRACON& Tower with Radar,0,3,18,0,21,0,0,16,0,16,0,3,34,0,37,0,0,0,37
01/17/2023,BGR,ME,ANE,EN,Combined TRACON& Tower with Radar,24,26,8,6,64,0,2,8,0,10,24,28,16,6,74,2,0,2,76
01/18/2023,BGR,ME,ANE,EN,Combined TRACON& Tower with Radar,22,15,24,27,88,0,4,13,9,26,22,19,37,36,114,28,6,34,148
01/19/2023,BGR,ME,ANE,EN,Combined TRACON& Tower with Radar,26,16,20,34,96,0,0,12,11,23,26,16,32,45,119,0,0,0,119
01/20/2023,BGR,ME,ANE,EN,Combined TRACON& Tower with Radar,28,24,9,2,63,0,0,0,0,0,28,24,9,2,63,0,0,0,63
01/21/2023,BGR,ME,ANE,EN,Combined TRACON& Tower with Radar,14,21,9,3,47,0,5,11,9,25,14,26,20,12,72,38,0,38,110
01/22/2023,BGR,ME,ANE,EN,Combined TRACON& Tower with Radar,17,13,19,9,58,0,2,4,0,6,17,15,23,9,64,0,0,0,64
01/23/2023,BGR,ME,ANE,EN,Combined TRACON& Tower with Radar,9,4,2,0,15,0,0,0,0,0,9,4,2,0,15,0,0,0,15
01/24/2023,BGR,ME,ANE,EN,Combined TRACON& Tower with Radar,23,18,11,21,73,0,0,5,0,5,23,18,16,21,78,0,8,8,86
01/25/2023,BGR,ME,ANE,EN,Combined TRACON& Tower with Radar,19,17,13,31,80,0,1,2,4,7,19,18,15,35,87,34,0,34,121
01/26/2023,BGR,ME,ANE,EN,Combined TRACON& Tower with Radar,20,19,2,9,50,0,0,0,0,0,20,19,2,9,50,0,0,0,50
01/27/2023,BGR,ME,ANE,EN,Combined TRACON& Tower with Radar,26,15,36,4,81,0,5,17,0,22,26,20,53,4,103,18,0,18,121
01/28/2023,BGR,ME,ANE,EN,Combined TRACON& Tower with Radar,15,11,19,9,54,0,3,4,0,7,15,14,23,9,61,0,0,0,61
01/29/2023,BGR,ME,ANE,EN,Combined TRACON& Tower with Radar,20,13,16,3,52,0,2,9,0,11,20,15,25,3,63,2,0,2,65
01/30/2023,BGR,ME,ANE,EN,Combined TRACON& Tower with Radar,22,22,8,35,87,0,0,14,0,14,22,22,22,35,101,2,0,2,103
01/31/2023,BGR,ME,ANE,EN,Combined TRACON& Tower with Radar,21,12,13,41,87,0,5,13,1,19,21,17,26,42,106,46,22,68,174
02/01/2023,BGR,ME,ANE,EN,Combined TRACON& Tower with Radar,25,28,22,26,101,0,3,23,0,26,25,31,45,26,127,6,6,12,139
02/02/2023,BGR,ME,ANE,EN,Combined TRACON& Tower with Radar,28,12,14,18,72,0,3,13,8,24,28,15,27,26,96,0,0,0,96
02/03/2023,BGR,ME,ANE,EN,Combined TRACON& Tower with Radar,14,8,14,12,48,0,2,0,0,2,14,10,14,12,50,0,0,0,50
02/04/2023,BGR,ME,ANE,EN,Combined TRACON& Tower with Radar,6,13,11,6,36,0,1,0,0,1,6,14,11,6,37,0,0,0,37
02/05/2023,BGR,ME,ANE,EN,Combined TRACON& Tower with Radar,23,14,11,11,59,0,2,6,5,13,23,16,17,16,72,0,0,0,72
02/06/2023,BGR,ME,ANE,EN,Combined TRACON& Tower with Radar,22,20,11,24,77,0,0,14,0,14,22,20,25,24,91,16,0,16,107
02/07/2023,BGR,ME,ANE,EN,Combined TRACON& Tower with Radar,27,18,5,32,82,0,2,11,4,17,27,20,16,36,99,0,0,0,99
02/08/2023,BGR,ME,ANE,EN,Combined TRACON& Tower with Radar,23,22,18,26,89,0,5,8,4,17,23,27,26,30,106,2,10,12,118
02/09/2023,BGR,ME,ANE,EN,Combined TRACON& Tower with Radar,25,21,11,29,86,0,1,9,8,18,25,22,20,37,104,6,0,6,110
02/10/2023,BGR,ME,ANE,EN,Combined TRACON& Tower with Radar,24,17,12,1,54,0,0,0,2,2,24,17,12,3,56,0,10,10,66
02/11/2023,BGR,ME,ANE,EN,Combined TRACON& Tower with Radar,16,13,9,8,46,0,7,5,7,19,16,20,14,15,65,0,0,0,65
02/12/2023,BGR,ME,ANE,EN,Combined TRACON& Tower with Radar,21,6,6,6,39,0,5,19,0,24,21,11,25,6,63,0,0,0,63
02/13/2023,BGR,ME,ANE,EN,Combined TRACON& Tower with Radar,23,15,19,11,68,0,2,7,2,11,23,17,26,13,79,42,0,42,121
02/14/2023,BGR,ME,ANE,EN,Combined TRACON& Tower with Radar,28,15,11,5,59,0,2,12,3,17,28,17,23,8,76,0,0,0,76
02/15/2023,BGR,ME,ANE,EN,Combined TRACON& Tower with Radar,30,15,9,27,81,0,3,14,3,20,30,18,23,30,101,0,0,0,101
02/16/2023,BGR,ME,ANE,EN,Combined TRACON& Tower with Radar,29,26,9,32,96,0,2,12,13,27,29,28,21,45,123,16,6,22,145
02/17/2023,BGR,ME,ANE,EN,Combined TRACON& Tower with Radar,27,29,8,4,68,0,0,0,0,0,27,29,8,4,68,0,0,0,68
02/18/2023,BGR,ME,ANE,EN,Combined TRACON& Tower with Radar,22,27,18,5,72,0,5,16,0,21,22,32,34,5,93,10,0,10,103
02/19/2023,BGR,ME,ANE,EN,Combined TRACON& Tower with Radar,24,15,14,9,62,0,1,21,0,22,24,16,35,9,84,2,0,2,86
02/20/2023,BGR,ME,ANE,EN,Combined TRACON& Tower with Radar,25,21,26,6,78,0,4,2,1,7,25,25,28,7,85,0,0,0,85
02/21/2023,BGR,ME,ANE,EN,Combined TRACON& Tower with Radar,27,18,17,42,104,0,6,12,5,23,27,24,29,47,127,0,0,0,127
02/22/2023,BGR,ME,ANE,EN,Combined TRACON& Tower with Radar,26,19,4,31,80,0,1,1,6,8,26,20,5,37,88,6,10,16,104
02/23/2023,BGR,ME,ANE,EN,Combined TRACON& Tower with Radar,28,14,6,11,59,0,0,0,0,0,28,14,6,11,59,0,0,0,59
02/24/2023,BGR,ME,ANE,EN,Combined TRACON& Tower with Radar,24,28,16,8,76,0,2,2,0,4,24,30,18,8,80,0,0,0,80
02/25/2023,BGR,ME,ANE,EN,Combined TRACON& Tower with Radar,18,16,4,6,44,0,5,10,0,15,18,21,14,6,59,22,0,22,81
02/26/2023,BGR,ME,ANE,EN,Combined TRACON& Tower with Radar,24,16,6,2,48,0,0,0,0,0,24,16,6,2,48,0,0,0,48
02/27/2023,BGR,ME,ANE,EN,Combined TRACON& Tower with Radar,18,26,10,20,74,0,0,7,0,7,18,26,17,20,81,10,0,10,91
02/28/2023,BGR,ME,ANE,EN,Combined TRACON& Tower with Radar,22,10,7,10,49,0,0,0,2,2,22,10,7,12,51,0,0,0,51
03/01/2023,BGR,ME,ANE,EN,Combined TRACON& Tower with Radar,26,18,9,32,85,0,5,16,9,30,26,23,25,41,115,14,0,14,129
03/02/2023,BGR,ME,ANE,EN,Combined TRACON& Tower with Radar,26,15,4,0,45,0,0,0,0,0,26,15,4,0,45,0,0,0,45
03/03/2023,BGR,ME,ANE,EN,Combined TRACON& Tower with Radar,24,16,17,14,71,0,2,10,24,36,24,18,27,38,107,6,0,6,113
03/04/2023,BGR,ME,ANE,EN,Combined TRACON& Tower with Radar,13,9,10,7,39,0,0,1,0,1,13,9,11,7,40,0,0,0,40
03/05/2023,BGR,ME,ANE,EN,Combined TRACON& Tower with Radar,20,15,11,14,60,0,2,8,2,12,20,17,19,16,72,10,14,24,96
03/06/2023,BGR,ME,ANE,EN,Combined TRACON& Tower with Radar,21,23,8,10,62,0,0,0,1,1,21,23,8,11,63,0,0,0,63
03/07/2023,BGR,ME,ANE,EN,Combined TRACON& Tower with Radar,20,12,17,48,97,0,3,4,2,9,20,15,21,50,106,0,0,0,106
03/08/2023,BGR,ME,ANE,EN,Combined TRACON& Tower with Radar,24,11,12,27,74,0,2,2,4,8,24,13,14,31,82,0,10,10,92
03/09/2023,BGR,ME,ANE,EN,Combined TRACON& Tower with Radar,26,14,19,34,93,1,6,18,6,31,27,20,37,40,124,12,6,18,142
03/10/2023,BGR,ME,ANE,EN,Combined TRACON& Tower with Radar,27,23,29,6,85,0,1,17,5,23,27,24,46,11,108,18,0,18,126
03/11/2023,BGR,ME,ANE,EN,Combined TRACON& Tower with Radar,21,14,13,7,55,0,2,10,0,12,21,16,23,7,67,18,0,18,85
03/12/2023,BGR,ME,ANE,EN,Combined TRACON& Tower with Radar,19,14,22,3,58,0,3,22,0,25,19,17,44,3,83,30,0,30,113
03/13/2023,BGR,ME,ANE,EN,Combined TRACON& Tower with Radar,21,11,12,14,58,0,0,9,1,10,21,11,21,15,68,14,0,14,82
03/14/2023,BGR,ME,ANE,EN,Combined TRACON& Tower with Radar,11,9,1,1,22,0,1,2,0,3,11,10,3,1,25,0,0,0,25
03/15/2023,BGR,ME,ANE,EN,Combined TRACON& Tower with Radar,21,16,18,4,59,0,0,0,0,0,21,16,18,4,59,0,0,0,59
03/16/2023,BGR,ME,ANE,EN,Combined TRACON& Tower with Radar,27,19,16,5,67,0,4,15,12,31,27,23,31,17,98,6,0,6,104
03/17/2023,BGR,ME,ANE,EN,Combined TRACON& Tower with Radar,19,22,15,7,63,0,2,4,7,13,19,24,19,14,76,12,18,30,106
03/18/2023,BGR,ME,ANE,EN,Combined TRACON& Tower with Radar,19,18,22,2,61,0,1,7,0,8,19,19,29,2,69,0,4,4,73
03/19/2023,BGR,ME,ANE,EN,Combined TRACON& Tower with Radar,23,19,17,6,65,0,1,0,0,1,23,20,17,6,66,0,0,0,66
03/20/2023,BGR,ME,ANE,EN,Combined TRACON& Tower with Radar,19,22,19,21,81,0,3,8,2,13,19,25,27,23,94,0,0,0,94
03/21/2023,BGR,ME,ANE,EN,Combined TRACON& Tower with Radar,20,19,20,36,95,0,6,15,7,28,20,25,35,43,123,0,26,26,149
03/22/2023,BGR,ME,ANE,EN,Combined TRACON& Tower with Radar,23,14,17,29,83,0,3,25,4,32,23,17,42,33,115,64,36,100,215
03/23/2023,BGR,ME,ANE,EN,Combined TRACON& Tower with Radar,23,14,18,17,72,0,0,0,0,0,23,14,18,17,72,0,0,0,72
03/24/2023,BGR,ME,ANE,EN,Combined TRACON& Tower with Radar,26,16,27,12,81,0,0,4,2,6,26,16,31,14,87,0,0,0,87
03/25/2023,BGR,ME,ANE,EN,Combined TRACON& Tower with Radar,19,19,11,5,54,0,2,10,0,12,19,21,21,5,66,14,0,14,80
03/26/2023,BGR,ME,ANE,EN,Combined TRACON& Tower with Radar,25,6,15,1,47,0,1,0,0,1,25,7,15,1,48,0,0,0,48
03/27/2023,BGR,ME,ANE,EN,Combined TRACON& Tower with Radar,23,11,7,19,60,0,6,8,4,18,23,17,15,23,78,8,4,12,90
03/28/2023,BGR,ME,ANE,EN,Combined TRACON& Tower with Radar,24,24,12,20,80,0,3,8,14,25,24,27,20,34,105,0,8,8,113
03/29/2023,BGR,ME,ANE,EN,Combined TRACON& Tower with Radar,27,11,19,26,83,0,3,49,7,59,27,14,68,33,142,14,2,16,158
03/30/2023,BGR,ME,ANE,EN,Combined TRACON& Tower with Radar,30,17,15,34,96,0,8,4,13,25,30,25,19,47,121,6,6,12,133
03/31/2023,BGR,ME,ANE,EN,Combined TRACON& Tower with Radar,30,18,8,22,78,0,6,12,3,21,30,24,20,25,99,6,4,10,109
04/01/2023,BGR,ME,ANE,EN,Combined TRACON& Tower with Radar,22,17,20,0,59,0,0,0,0,0,22,17,20,0,59,0,0,0,59
04/02/2023,BGR,ME,ANE,EN,Combined TRACON& Tower with Radar,26,14,8,14,62,0,2,2,16,20,26,16,10,30,82,6,0,6,88
04/03/2023,BGR,ME,ANE,EN,Combined TRACON& Tower with Radar,23,10,15,30,78,0,4,4,1,9,23,14,19,31,87,0,4,4,91
04/04/2023,BGR,ME,ANE,EN,Combined TRACON& Tower with Radar,33,24,19,39,115,0,2,14,9,25,33,26,33,48,140,12,4,16,156
04/05/2023,BGR,ME,ANE,EN,Combined TRACON& Tower with Radar,31,15,22,20,88,0,3,11,2,16,31,18,33,22,104,0,0,0,104
04/06/2023,BGR,ME,ANE,EN,Combined TRACON& Tower with Radar,32,32,10,16,90,0,0,1,0,1,32,32,11,16,91,0,0,0,91
04/07/2023,BGR,ME,ANE,EN,Combined TRACON& Tower with Radar,32,25,16,17,90,0,3,6,4,13,32,28,22,21,103,0,0,0,103
04/08/2023,BGR,ME,ANE,EN,Combined TRACON& Tower with Radar,30,17,9,14,70,0,0,14,0,14,30,17,23,14,84,22,2,24,108
04/09/2023,BGR,ME,ANE,EN,Combined TRACON& Tower with Radar,33,10,11,10,64,0,0,18,0,18,33,10,29,10,82,12,0,12,94
04/10/2023,BGR,ME,ANE,EN,Combined TRACON& Tower with Radar,32,9,9,31,81,0,0,19,4,23,32,9,28,35,104,16,2,18,122
04/11/2023,BGR,ME,ANE,EN,Combined TRACON& Tower with Radar,32,12,10,15,69,0,1,9,9,19,32,13,19,24,88,4,2,6,94
04/12/2023,BGR,ME,ANE,EN,Combined TRACON& Tower with Radar,33,15,13,26,87,0,0,3,2,5,33,15,16,28,92,2,2,4,96
04/13/2023,BGR,ME,ANE,EN,Combined TRACON& Tower with Radar,31,18,21,62,132,0,1,19,0,20,31,19,40,62,152,2,10,12,164
04/14/2023,BGR,ME,ANE,EN,Combined TRACON& Tower with Radar,33,19,9,19,80,0,3,14,5,22,33,22,23,24,102,10,0,10,112
04/15/2023,BGR,ME,ANE,EN,Combined TRACON& Tower with Radar,30,18,23,11,82,0,4,15,1,20,30,22,38,12,102,0,40,40,142
04/16/2023,BGR,ME,ANE,EN,Combined TRACON& Tower with Radar,29,15,15,6,65,0,0,4,0,4,29,15,19,6,69,0,0,0,69
04/17/2023,BGR,ME,ANE,EN,Combined TRACON& Tower with Radar,30,19,12,19,80,0,0,0,0,0,30,19,12,19,80,0,0,0,80
04/18/2023,BGR,ME,ANE,EN,Combined TRACON& Tower with Radar,35,13,19,29,96,0,2,3,0,5,35,15,22,29,101,0,0,0,101
04/19/2023,BGR,ME,ANE,EN,Combined TRACON& Tower with Radar,31,21,8,29,89,0,1,3,9,13,31,22,11,38,102,20,0,20,122
04/20/2023,BGR,ME,ANE,EN,Combined TRACON& Tower with Radar,34,19,16,29,98,0,3,13,6,22,34,22,29,35,120,0,10,10,130
04/21/2023,BGR,ME,ANE,EN,Combined TRACON& Tower with Radar,32,20,26,6,84,0,2,19,4,25,32,22,45,10,109,10,0,10,119
04/22/2023,BGR,ME,ANE,EN,Combined TRACON& Tower with Radar,27,16,28,12,83,0,1,16,0,17,27,17,44,12,100,4,0,4,104
04/23/2023,BGR,ME,ANE,EN,Combined TRACON& Tower with Radar,33,12,14,11,70,0,0,7,0,7,33,12,21,11,77,2,0,2,79
04/24/2023,BGR,ME,ANE,EN,Combined TRACON& Tower with Radar,35,21,14,20,90,0,0,0,0,0,35,21,14,20,90,0,0,0,90
04/25/2023,BGR,ME,ANE,EN,Combined TRACON& Tower with Radar,38,13,14,25,90,0,0,1,0,1,38,13,15,25,91,0,0,0,91
04/26/2023,BGR,ME,ANE,EN,Combined TRACON& Tower with Radar,30,16,24,20,90,0,2,6,0,8,30,18,30,20,98,0,0,0,98
04/27/2023,BGR,ME,ANE,EN,Combined TRACON& Tower with Radar,32,20,22,46,120,0,3,22,3,28,32,23,44,49,148,12,12,24,172
04/28/2023,BGR,ME,ANE,EN,Combined TRACON& Tower with Radar,34,12,29,10,85,0,2,35,2,39,34,14,64,12,124,18,0,18,142
04/29/2023,BGR,ME,ANE,EN,Combined TRACON& Tower with Radar,23,16,22,12,73,0,3,14,0,17,23,19,36,12,90,0,0,0,90
04/30/2023,BGR,ME,ANE,EN,Combined TRACON& Tower with Radar,27,6,8,7,48,0,1,0,0,1,27,7,8,7,49,0,0,0,49
05/01/2023,BGR,ME,ANE,EN,Combined TRACON& Tower with Radar,30,13,15,28,86,0,1,6,0,7,30,14,21,28,93,10,14,24,117
05/02/2023,BGR,ME,ANE,EN,Combined TRACON& Tower with Radar,30,20,13,56,119,0,1,17,0,18,30,21,30,56,137,8,14,22,159
05/03/2023,BGR,ME,ANE,EN,Combined TRACON& Tower with Radar,30,22,27,23,102,0,2,0,0,2,30,24,27,23,104,0,2,2,106
05/04/2023,BGR,ME,ANE,EN,Combined TRACON& Tower with Radar,30,20,17,10,77,0,2,0,0,2,30,22,17,10,79,0,0,0,79
05/05/2023,BGR,ME,ANE,EN,Combined TRACON& Tower with Radar,33,14,19,14,80,0,2,20,4,26,33,16,39,18,106,6,0,6,112
05/06/2023,BGR,ME,ANE,EN,Combined TRACON& Tower with Radar,24,15,10,7,56,0,2,25,11,38,24,17,35,18,94,0,0,0,94
05/07/2023,BGR,ME,ANE,EN,Combined TRACON& Tower with Radar,29,6,19,18,72,0,0,29,3,32,29,6,48,21,104,14,0,14,118
05/08/2023,BGR,ME,ANE,EN,Combined TRACON& Tower with Radar,29,14,4,34,81,0,0,12,0,12,29,14,16,34,93,4,8,12,105
05/09/2023,BGR,ME,ANE,EN,Combined TRACON& Tower with Radar,29,17,18,39,103,0,1,36,8,45,29,18,54,47,148,12,4,16,164
05/10/2023,BGR,ME,ANE,EN,Combined TRACON& Tower with Radar,34,24,19,15,92,0,4,34,0,38,34,28,53,15,130,10,0,10,140
05/11/2023,BGR,ME,ANE,EN,Combined TRACON& Tower with Radar,29,20,16,18,83,0,2,24,12,38,29,22,40,30,121,26,0,26,147
05/12/2023,BGR,ME,ANE,EN,Combined TRACON& Tower with Radar,39,17,20,20,96,0,0,24,4,28,39,17,44,24,124,28,0,28,152
05/13/2023,BGR,ME,ANE,EN,Combined TRACON& Tower with Radar,20,19,25,9,73,0,2,15,0,17,20,21,40,9,90,0,0,0,90
05/14/2023,BGR,ME,ANE,EN,Combined TRACON& Tower with Radar,27,13,9,2,51,0,1,11,0,12,27,14,20,2,63,0,0,0,63
05/15/2023,BGR,ME,ANE,EN,Combined TRACON& Tower with Radar,31,19,7,22,79,0,2,14,2,18,31,21,21,24,97,0,0,0,97
05/16/2023,BGR,ME,ANE,EN,Combined TRACON& Tower with Radar,30,22,14,27,93,0,2,14,10,26,30,24,28,37,119,46,0,46,165
05/17/2023,BGR,ME,ANE,EN,Combined TRACON& Tower with Radar,32,23,15,18,88,0,1,10,8,19,32,24,25,26,107,10,8,18,125
05/18/2023,BGR,ME,ANE,EN,Combined TRACON& Tower with Radar,30,26,33,29,118,0,4,26,6,36,30,30,59,35,154,14,8,22,176
05/19/2023,BGR,ME,ANE,EN,Combined TRACON& Tower with Radar,33,28,15,5,81,0,0,13,2,15,33,28,28,7,96,8,0,8,104
05/20/2023,BGR,ME,ANE,EN,Combined TRACON& Tower with Radar,21,20,14,8,63,0,1,4,0,5,21,21,18,8,68,4,0,4,72
05/21/2023,BGR,ME,ANE,EN,Combined TRACON& Tower with Radar,26,11,34,5,76,0,0,7,4,11,26,11,41,9,87,10,10,20,107
05/22/2023,BGR,ME,ANE,EN,Combined TRACON& Tower with Radar,28,13,18,32,91,0,1,35,0,36,28,14,53,32,127,4,6,10,137
05/23/2023,BGR,ME,ANE,EN,Combined TRACON& Tower with Radar,30,21,19,27,97,0,8,26,7,41,30,29,45,34,138,8,8,16,154
05/24/2023,BGR,ME,ANE,EN,Combined TRACON& Tower with Radar,31,21,22,27,101,0,4,8,4,16,31,25,30,31,117,6,14,20,137
05/25/2023,BGR,ME,ANE,EN,Combined TRACON& Tower with Radar,33,20,19,6,78,0,7,12,8,27,33,27,31,14,105,0,0,0,105
05/26/2023,BGR,ME,ANE,EN,Combined TRACON& Tower with Radar,32,16,39,6,93,0,1,18,2,21,32,17,57,8,114,8,0,8,122
05/27/2023,BGR,ME,ANE,EN,Combined TRACON& Tower with Radar,24,20,25,3,72,0,1,15,0,16,24,21,40,3,88,0,0,0,88
05/28/2023,BGR,ME,ANE,EN,Combined TRACON& Tower with Radar,31,11,9,5,56,0,1,13,0,14,31,12,22,5,70,24,0,24,94
05/29/2023,BGR,ME,ANE,EN,Combined TRACON& Tower with Radar,31,15,18,4,68,0,1,16,4,21,31,16,34,8,89,8,0,8,97
05/30/2023,BGR,ME,ANE,EN,Combined TRACON& Tower with Radar,27,17,22,17,83,0,2,24,14,40,27,19,46,31,123,0,4,4,127
05/31/2023,BGR,ME,ANE,EN,Combined TRACON& Tower with Radar,34,24,37,22,117,0,0,14,4,18,34,24,51,26,135,0,4,4,139
06/01/2023,BGR,ME,ANE,EN,Combined TRACON& Tower with Radar,39,18,16,27,100,0,4,8,6,18,39,22,24,33,118,0,2,2,120
06/02/2023,BGR,ME,ANE,EN,Combined TRACON& Tower with Radar,35,15,29,15,94,0,0,13,9,22,35,15,42,24,116,0,0,0,116
06/03/2023,BGR,ME,ANE,EN,Combined TRACON& Tower with Radar,35,16,24,15,90,0,1,1,6,8,35,17,25,21,98,10,10,20,118
06/04/2023,BGR,ME,ANE,EN,Combined TRACON& Tower with Radar,36,22,28,10,96,0,1,2,0,3,36,23,30,10,99,0,0,0,99
06/05/2023,BGR,ME,ANE,EN,Combined TRACON& Tower with Radar,34,13,31,16,94,0,0,0,0,0,34,13,31,16,94,0,0,0,94
06/06/2023,BGR,ME,ANE,EN,Combined TRACON& Tower with Radar,32,16,17,29,94,0,3,3,1,7,32,19,20,30,101,0,0,0,101
06/07/2023,BGR,ME,ANE,EN,Combined TRACON& Tower with Radar,37,18,27,37,119,0,5,0,2,7,37,23,27,39,126,0,6,6,132
06/08/2023,BGR,ME,ANE,EN,Combined TRACON& Tower with Radar,38,33,29,17,117,0,4,1,4,9,38,37,30,21,126,10,0,10,136
06/09/2023,BGR,ME,ANE,EN,Combined TRACON& Tower with Radar,38,20,35,8,101,0,3,5,4,12,38,23,40,12,113,2,12,14,127
06/10/2023,BGR,ME,ANE,EN,Combined TRACON& Tower with Radar,42,19,34,11,106,0,4,1,12,17,42,23,35,23,123,2,6,8,131
06/11/2023,BGR,ME,ANE,EN,Combined TRACON& Tower with Radar,38,11,27,13,89,0,1,30,28,59,38,12,57,41,148,18,0,18,166
06/12/2023,BGR,ME,ANE,EN,Combined TRACON& Tower with Radar,31,29,27,35,122,0,0,41,20,61,31,29,68,55,183,34,4,38,221
06/13/2023,BGR,ME,ANE,EN,Combined TRACON& Tower with Radar,39,19,16,31,105,0,0,3,6,9,39,19,19,37,114,2,8,10,124
06/14/2023,BGR,ME,ANE,EN,Combined TRACON& Tower with Radar,40,21,23,18,102,0,1,0,0,1,40,22,23,18,103,0,0,0,103
06/15/2023,BGR,ME,ANE,EN,Combined TRACON& Tower with Radar,38,27,35,47,147,0,4,6,0,10,38,31,41,47,157,12,4,16,173
06/16/2023,BGR,ME,ANE,EN,Combined TRACON& Tower with Radar,41,33,34,3,111,0,1,10,0,11,41,34,44,3,122,10,0,10,132
06/17/2023,BGR,ME,ANE,EN,Combined TRACON& Tower with Radar,38,25,19,2,84,0,1,0,0,1,38,26,19,2,85,0,0,0,85
06/18/2023,BGR,ME,ANE,EN,Combined TRACON& Tower with Radar,35,16,36,6,93,0,1,0,0,1,35,17,36,6,94,10,0,10,104
06/19/2023,BGR,ME,ANE,EN,Combined TRACON& Tower with Radar,34,23,36,4,97,0,1,17,0,18,34,24,53,4,115,0,0,0,115
06/20/2023,BGR,ME,ANE,EN,Combined TRACON& Tower with Radar,37,19,29,25,110,0,2,10,1,13,37,21,39,26,123,4,0,4,127
06/21/2023,BGR,ME,ANE,EN,Combined TRACON& Tower with Radar,39,21,22,30,112,0,1,41,1,43,39,22,63,31,155,4,0,4,159
06/22/2023,BGR,ME,ANE,EN,Combined TRACON& Tower with Radar,38,17,30,32,117,0,0,27,8,35,38,17,57,40,152,8,6,14,166
06/23/2023,BGR,ME,ANE,EN,Combined TRACON& Tower with Radar,36,26,34,14,110,0,2,17,8,27,36,28,51,22,137,0,20,20,157
06/24/2023,BGR,ME,ANE,EN,Combined TRACON& Tower with Radar,39,19,26,5,89,0,0,6,0,6,39,19,32,5,95,2,0,2,97
06/25/2023,BGR,ME,ANE,EN,Combined TRACON& Tower with Radar,27,21,57,4,109,0,1,7,0,8,27,22,64,4,117,0,0,0,117
06/26/2023,BGR,ME,ANE,EN,Combined TRACON& Tower with Radar,28,24,22,37,111,0,0,0,0,0,28,24,22,37,111,0,0,0,111
06/27/2023,BGR,ME,ANE,EN,Combined TRACON& Tower with Radar,28,31,22,48,129,0,0,0,0,0,28,31,22,48,129,0,0,0,129
06/28/2023,BGR,ME,ANE,EN,Combined TRACON& Tower with Radar,34,27,25,8,94,0,0,0,0,0,34,27,25,8,94,0,0,0,94
06/29/2023,BGR,ME,ANE,EN,Combined TRACON& Tower with Radar,41,23,53,13,130,0,0,2,0,2,41,23,55,13,132,14,0,14,146
06/30/2023,BGR,ME,ANE,EN,Combined TRACON& Tower with Radar,37,22,42,9,110,0,1,25,0,26,37,23,67,9,136,28,0,28,164
07/01/2023,BGR,ME,ANE,EN,Combined TRACON& Tower with Radar,42,26,36,4,108,0,3,3,0,6,42,29,39,4,114,8,0,8,122
07/02/2023,BGR,ME,ANE,EN,Combined TRACON& Tower with Radar,33,19,31,4,87,0,0,1,0,1,33,19,32,4,88,0,0,0,88
07/03/2023,BGR,ME,ANE,EN,Combined TRACON& Tower with Radar,31,13,25,4,73,0,3,5,0,8,31,16,30,4,81,18,0,18,99
07/04/2023,BGR,ME,ANE,EN,Combined TRACON& Tower with Radar,30,13,19,0,62,0,2,9,0,11,30,15,28,0,73,34,0,34,107
07/05/2023,BGR,ME,ANE,EN,Combined TRACON& Tower with Radar,42,18,24,24,108,0,0,21,5,26,42,18,45,29,134,28,16,44,178
07/06/2023,BGR,ME,ANE,EN,Combined TRACON& Tower with Radar,35,13,28,45,121,0,3,37,15,55,35,16,65,60,176,4,2,6,182
07/07/2023,BGR,ME,ANE,EN,Combined TRACON& Tower with Radar,26,12,9,10,57,0,2,5,3,10,26,14,14,13,67,0,0,0,67
07/08/2023,BGR,ME,ANE,EN,Combined TRACON& Tower with Radar,35,26,34,19,114,0,0,6,10,16,35,26,40,29,130,0,0,0,130
07/09/2023,BGR,ME,ANE,EN,Combined TRACON& Tower with Radar,24,19,46,5,94,0,0,3,0,3,24,19,49,5,97,0,0,0,97
07/10/2023,BGR,ME,ANE,EN,Combined TRACON& Tower with Radar,34,23,27,13,97,0,0,0,0,0,34,23,27,13,97,0,0,0,97
07/11/2023,BGR,ME,ANE,EN,Combined TRACON& Tower with Radar,35,28,19,37,119,0,0,6,0,6,35,28,25,37,125,0,4,4,129
07/12/2023,BGR,ME,ANE,EN,Combined TRACON& Tower with Radar,34,18,30,17,99,0,0,37,3,40,34,18,67,20,139,18,0,18,157
07/13/2023,BGR,ME,ANE,EN,Combined TRACON& Tower with Radar,37,13,15,29,94,0,0,23,10,33,37,13,38,39,127,6,22,28,155
07/14/2023,BGR,ME,ANE,EN,Combined TRACON& Tower with Radar,34,18,22,12,86,0,2,11,2,15,34,20,33,14,101,0,0,0,101
07/15/2023,BGR,ME,ANE,EN,Combined TRACON& Tower with Radar,36,18,51,8,113,0,0,3,0,3,36,18,54,8,116,0,0,0,116
07/16/2023,BGR,ME,ANE,EN,Combined TRACON& Tower with Radar,31,20,26,2,79,0,0,0,0,0,31,20,26,2,79,0,4,4,83
07/17/2023,BGR,ME,ANE,EN,Combined TRACON& Tower with Radar,35,34,30,18,117,0,2,11,0,13,35,36,41,18,130,0,6,6,136
07/18/2023,BGR,ME,ANE,EN,Combined TRACON& Tower with Radar,36,17,30,33,116,0,4,6,2,12,36,21,36,35,128,10,0,10,138
07/19/2023,BGR,ME,ANE,EN,Combined TRACON& Tower with Radar,37,14,21,33,105,0,1,11,6,18,37,15,32,39,123,0,0,0,123
07/20/2023,BGR,ME,ANE,EN,Combined TRACON& Tower with Radar,37,12,21,35,105,0,6,27,20,53,37,18,48,55,158,6,22,28,186
07/21/2023,BGR,ME,ANE,EN,Combined TRACON& Tower with Radar,37,17,33,9,96,0,1,10,0,11,37,18,43,9,107,8,0,8,115
07/22/2023,BGR,ME,ANE,EN,Combined TRACON& Tower with Radar,37,21,39,3,100,0,1,12,2,15,37,22,51,5,115,0,0,0,115
07/23/2023,BGR,ME,ANE,EN,Combined TRACON& Tower with Radar,38,28,24,4,94,0,1,14,2,17,38,29,38,6,111,0,0,0,111
07/24/2023,BGR,ME,ANE,EN,Combined TRACON& Tower with Radar,14,12,18,16,60,23,2,20,6,51,37,14,38,22,111,0,8,8,119
07/25/2023,BGR,ME,ANE,EN,Combined TRACON& Tower with Radar,10,15,26,26,77,19,3,23,12,57,29,18,49,38,134,0,6,6,140
07/26/2023,BGR,ME,ANE,EN,Combined TRACON& Tower with Radar,17,19,16,30,82,22,4,17,9,52,39,23,33,39,134,8,2,10,144
07/27/2023,BGR,ME,ANE,EN,Combined TRACON& Tower with Radar,22,16,19,19,76,22,0,9,4,35,44,16,28,23,111,0,0,0,111
07/28/2023,BGR,ME,ANE,EN,Combined TRACON& Tower with Radar,16,28,40,9,93,22,2,23,0,47,38,30,63,9,140,0,0,0,140
07/29/2023,BGR,ME,ANE,EN,Combined TRACON& Tower with Radar,19,13,19,5,56,19,8,19,0,46,38,21,38,5,102,0,0,0,102
07/30/2023,BGR,ME,ANE,EN,Combined TRACON& Tower with Radar,12,14,26,1,53,22,10,22,0,54,34,24,48,1,107,6,0,6,113
07/31/2023,BGR,ME,ANE,EN,Combined TRACON& Tower with Radar,11,21,30,14,76,23,7,19,0,49,34,28,49,14,125,4,10,14,139
08/01/2023,BGR,ME,ANE,EN,Combined TRACON& Tower with Radar,10,22,25,16,73,24,7,23,16,70,34,29,48,32,143,20,12,32,175
08/02/2023,BGR,ME,ANE,EN,Combined TRACON& Tower with Radar,12,11,35,7,65,24,2,48,4,78,36,13,83,11,143,20,0,20,163
08/03/2023,BGR,ME,ANE,EN,Combined TRACON& Tower with Radar,12,10,34,9,65,24,6,33,8,71,36,16,67,17,136,14,0,14,150
08/04/2023,BGR,ME,ANE,EN,Combined TRACON& Tower with Radar,14,16,13,11,54,19,5,9,0,33,33,21,22,11,87,0,0,0,87
08/05/2023,BGR,ME,ANE,EN,Combined TRACON& Tower with Radar,23,19,28,5,75,21,7,32,0,60,44,26,60,5,135,0,0,0,135
08/06/2023,BGR,ME,ANE,EN,Combined TRACON& Tower with Radar,10,17,36,0,63,21,4,33,0,58,31,21,69,0,121,20,0,20,141
08/07/2023,BGR,ME,ANE,EN,Combined TRACON& Tower with Radar,9,24,28,18,79,19,3,25,4,51,28,27,53,22,130,6,8,14,144
08/08/2023,BGR,ME,ANE,EN,Combined TRACON& Tower with Radar,11,18,14,29,72,23,1,0,0,24,34,19,14,29,96,10,0,10,106
08/09/2023,BGR,ME,ANE,EN,Combined TRACON& Tower with Radar,16,11,29,27,83,25,1,23,1,50,41,12,52,28,133,24,4,28,161
08/10/2023,BGR,ME,ANE,EN,Combined TRACON& Tower with Radar,16,18,10,20,64,22,2,28,0,52,38,20,38,20,116,0,8,8,124
08/11/2023,BGR,ME,ANE,EN,Combined TRACON& Tower with Radar,14,20,23,10,67,27,6,20,0,53,41,26,43,10,120,0,0,0,120
08/12/2023,BGR,ME,ANE,EN,Combined TRACON& Tower with Radar,21,19,18,1,59,20,4,40,0,64,41,23,58,1,123,12,0,12,135
08/13/2023,BGR,ME,ANE,EN,Combined TRACON& Tower with Radar,11,13,28,2,54,24,2,4,0,30,35,15,32,2,84,6,0,6,90
08/14/2023,BGR,ME,ANE,EN,Combined TRACON& Tower with Radar,12,16,24,26,78,23,5,35,0,63,35,21,59,26,141,8,2,10,151
08/15/2023,BGR,ME,ANE,EN,Combined TRACON& Tower with Radar,14,23,17,27,81,27,0,10,13,50,41,23,27,40,131,0,0,0,131
08/16/2023,BGR,ME,ANE,EN,Combined TRACON& Tower with Radar,11,27,30,36,104,25,9,12,7,53,36,36,42,43,157,20,0,20,177
08/17/2023,BGR,ME,ANE,EN,Combined TRACON& Tower with Radar,14,22,27,26,89,25,4,16,2,47,39,26,43,28,136,0,0,0,136
08/18/2023,BGR,ME,ANE,EN,Combined TRACON& Tower with Radar,15,23,19,11,68,27,1,6,0,34,42,24,25,11,102,18,8,26,128
08/19/2023,BGR,ME,ANE,EN,Combined TRACON& Tower with Radar,19,19,27,11,76,22,6,19,2,49,41,25,46,13,125,0,0,0,125
08/20/2023,BGR,ME,ANE,EN,Combined TRACON& Tower with Radar,13,16,25,4,58,25,7,25,0,57,38,23,50,4,115,0,0,0,115
08/21/2023,BGR,ME,ANE,EN,Combined TRACON& Tower with Radar,17,17,15,30,79,24,1,19,5,49,41,18,34,35,128,4,4,8,136
08/22/2023,BGR,ME,ANE,EN,Combined TRACON& Tower with Radar,11,21,29,29,90,26,3,20,16,65,37,24,49,45,155,8,2,10,165
08/23/2023,BGR,ME,ANE,EN,Combined TRACON& Tower with Radar,9,20,24,31,84,24,1,47,3,75,33,21,71,34,159,54,4,58,217
08/24/2023,BGR,ME,ANE,EN,Combined TRACON& Tower with Radar,14,17,28,34,93,27,2,38,20,87,41,19,66,54,180,6,18,24,204
08/25/2023,BGR,ME,ANE,EN,Combined TRACON& Tower with Radar,12,22,23,5,62,25,0,3,0,28,37,22,26,5,90,0,0,0,90
08/26/2023,BGR,ME,ANE,EN,Combined TRACON& Tower with Radar,15,17,22,2,56,24,1,7,0,32,39,18,29,2,88,0,0,0,88
08/27/2023,BGR,ME,ANE,EN,Combined TRACON& Tower with Radar,12,15,14,0,41,24,13,20,1,58,36,28,34,1,99,0,0,0,99
08/28/2023,BGR,ME,ANE,EN,Combined TRACON& Tower with Radar,11,15,18,27,71,25,4,15,1,45,36,19,33,28,116,0,0,0,116
08/29/2023,BGR,ME,ANE,EN,Combined TRACON& Tower with Radar,13,18,21,28,80,26,4,15,5,50,39,22,36,33,130,0,0,0,130
08/30/2023,BGR,ME,ANE,EN,Combined TRACON& Tower with Radar,10,21,20,17,68,26,3,7,0,36,36,24,27,17,104,12,18,30,134
08/31/2023,BGR,ME,ANE,EN,Combined TRACON& Tower with Radar,12,13,39,38,102,25,3,33,9,70,37,16,72,47,172,10,18,28,200
